[name]
unknown

[dist]
# distance from previous block
# <min> <max>
4	243

[block]
# block no. 0 follows, 31 sequences, length 13
# corresponding to MSA columns:
# 273-285
name=unknown_A
#
# <colnr> <probs for GDERKNQSTAVLIFYWHMCP>
#	G	D	E	R	K	N	Q	S	T	A	V	L	I	F	Y	W	H	M	C	P
0	0.04419	0.04231	0.03851	0.08258	0.10774	0.02894	0.03042	0.03494	0.03314	0.02222	0.08347	0.11461	0.05572	0.03064	0.00770	0.00214	0.02291	0.00847	0.11205	0.09729
1	0.01577	0.11534	0.06070	0.16954	0.20315	0.06243	0.01546	0.01985	0.03455	0.02014	0.01338	0.03652	0.01131	0.00687	0.00651	0.00187	0.02641	0.00569	0.03551	0.13899
2	0.05310	0.01119	0.01502	0.14898	0.12331	0.01173	0.01136	0.06923	0.04416	0.02384	0.09658	0.06422	0.02088	0.06637	0.00860	0.00234	0.00603	0.00763	0.13219	0.08324
3	0.01587	0.13833	0.05297	0.12466	0.32924	0.06773	0.01672	0.01930	0.01484	0.01946	0.01509	0.10165	0.01423	0.00948	0.02994	0.00233	0.00836	0.00712	0.00361	0.00906
4	0.09890	0.03769	0.05908	0.05213	0.02265	0.06696	0.11504	0.13662	0.23631	0.05618	0.01851	0.01915	0.01376	0.00769	0.00662	0.00215	0.00760	0.00648	0.02664	0.00983
5	0.01306	0.00885	0.01082	0.00948	0.01210	0.00817	0.00718	0.04481	0.05475	0.07756	0.32182	0.03935	0.11750	0.04209	0.01053	0.08909	0.00443	0.00977	0.00632	0.11232
6	0.01570	0.01290	0.01883	0.15416	0.09630	0.01388	0.07770	0.11107	0.12462	0.02245	0.01613	0.02141	0.01343	0.06873	0.01297	0.15951	0.00746	0.00673	0.00437	0.04166
7	0.01624	0.42404	0.04994	0.11139	0.08718	0.02055	0.01299	0.01992	0.04386	0.01867	0.01359	0.04480	0.01196	0.00703	0.00534	0.00175	0.00706	0.00536	0.08974	0.00856
8	0.00876	0.00686	0.00814	0.00820	0.00993	0.00624	0.00607	0.01092	0.01584	0.02062	0.24308	0.14892	0.36437	0.02062	0.08697	0.00327	0.00508	0.01374	0.00640	0.00598
9	0.01419	0.01216	0.01419	0.01013	0.01621	0.00912	0.00811	0.01723	0.01419	0.02229	0.01216	0.01419	0.01013	0.00507	0.00507	0.00101	0.00507	0.00405	0.00405	0.80139
10	0.72176	0.01380	0.01335	0.01115	0.01568	0.01556	0.08189	0.02031	0.01213	0.02974	0.01000	0.01191	0.00773	0.00629	0.00465	0.00214	0.00597	0.00418	0.00415	0.00761
11	0.01419	0.01216	0.01419	0.01013	0.01621	0.00912	0.00811	0.01723	0.01419	0.02229	0.01216	0.01419	0.01013	0.00507	0.00507	0.00101	0.00507	0.00405	0.00405	0.80139
12	0.01177	0.01004	0.01604	0.06525	0.10612	0.00979	0.08606	0.01448	0.01421	0.01976	0.11244	0.19843	0.02832	0.08208	0.08254	0.02201	0.00747	0.02861	0.00483	0.07976

[dist]
# distance from previous block
# <min> <max>
0	3

[block]
# block no. 1 follows, 31 sequences, length 9
# corresponding to MSA columns:
# 289-297
name=unknown_B
#
# <colnr> <probs for GDERKNQSTAVLIFYWHMCP>
#	G	D	E	R	K	N	Q	S	T	A	V	L	I	F	Y	W	H	M	C	P
0	0.01318	0.01101	0.01307	0.00979	0.01488	0.00853	0.00774	0.01627	0.01534	0.02344	0.16811	0.02240	0.02224	0.00705	0.00573	0.00127	0.00466	0.00590	0.00483	0.62457
1	0.05066	0.00701	0.00805	0.00818	0.00952	0.00659	0.00571	0.01120	0.01480	0.02041	0.23380	0.20221	0.20981	0.16593	0.01339	0.00322	0.00424	0.01346	0.00613	0.00568
2	0.00846	0.00626	0.00780	0.00884	0.00968	0.00572	0.00602	0.00984	0.01388	0.01815	0.09016	0.53273	0.17942	0.05702	0.00986	0.00283	0.00395	0.01748	0.00632	0.00559
3	0.63398	0.01455	0.01239	0.01050	0.01501	0.01665	0.00865	0.17002	0.01621	0.03346	0.01106	0.01230	0.00835	0.00676	0.00481	0.00210	0.00579	0.00425	0.00481	0.00835
4	0.01942	0.01589	0.01682	0.01441	0.01870	0.01814	0.01141	0.21182	0.52516	0.03249	0.02480	0.02310	0.01842	0.00900	0.00693	0.00225	0.00598	0.00731	0.00693	0.01104
5	0.01660	0.01610	0.02641	0.27525	0.20375	0.04073	0.16796	0.09013	0.05279	0.02285	0.01391	0.01796	0.01068	0.00669	0.00708	0.00219	0.00917	0.00657	0.00383	0.00935
6	0.01607	0.00721	0.01046	0.00964	0.01081	0.00686	0.00686	0.01435	0.01129	0.16975	0.01524	0.02135	0.01301	0.02036	0.02232	0.62327	0.00592	0.00615	0.00419	0.00490
7	0.00943	0.00812	0.01059	0.03707	0.01328	0.00744	0.05511	0.01220	0.03700	0.01944	0.08681	0.15067	0.45043	0.01635	0.00818	0.00242	0.00456	0.05852	0.00610	0.00629
8	0.01101	0.00865	0.00924	0.00911	0.00968	0.05848	0.00595	0.01178	0.01089	0.01420	0.01993	0.03776	0.02169	0.51970	0.21661	0.00744	0.01012	0.00887	0.00397	0.00493

[dist]
# distance from previous block
# <min> <max>
2	8

[block]
# block no. 2 follows, 31 sequences, length 9
# corresponding to MSA columns:
# 314-322
name=unknown_C
#
# <colnr> <probs for GDERKNQSTAVLIFYWHMCP>
#	G	D	E	R	K	N	Q	S	T	A	V	L	I	F	Y	W	H	M	C	P
0	0.00958	0.00707	0.00942	0.01008	0.01130	0.00715	0.00775	0.01165	0.01344	0.01785	0.05820	0.18071	0.13583	0.10142	0.21665	0.00549	0.00878	0.17641	0.00540	0.00582
1	0.02039	0.10996	0.11847	0.01445	0.01909	0.20456	0.01275	0.10419	0.08386	0.09623	0.01650	0.02042	0.01364	0.12389	0.01068	0.00266	0.00861	0.00606	0.00471	0.00887
2	0.01663	0.01665	0.02432	0.08360	0.45890	0.08050	0.01839	0.01996	0.01485	0.02032	0.01342	0.05826	0.01220	0.00802	0.00926	0.00222	0.12279	0.00669	0.00348	0.00953
3	0.01233	0.00871	0.01215	0.01457	0.12053	0.00821	0.00936	0.01468	0.01550	0.08300	0.12124	0.21086	0.15691	0.06400	0.00988	0.00275	0.00514	0.11703	0.00608	0.00710
4	0.01522	0.01571	0.02510	0.02028	0.02176	0.02018	0.15943	0.01763	0.01169	0.01763	0.01002	0.01571	0.00928	0.01065	0.01938	0.00285	0.59012	0.00643	0.00309	0.00786
5	0.01377	0.15358	0.38208	0.01642	0.02326	0.01579	0.07812	0.01881	0.01371	0.01913	0.01517	0.07104	0.01393	0.12402	0.01082	0.00279	0.00878	0.00686	0.00338	0.00856
6	0.01896	0.00944	0.01241	0.01073	0.01378	0.00891	0.00840	0.02252	0.06090	0.31165	0.20373	0.03652	0.03173	0.10221	0.07609	0.00353	0.00637	0.04649	0.00707	0.00857
7	0.01094	0.00728	0.01026	0.01026	0.01142	0.00787	0.00758	0.01280	0.01171	0.06175	0.02243	0.14239	0.02273	0.16077	0.45787	0.00842	0.01336	0.00961	0.00447	0.00606
8	0.01634	0.01802	0.19892	0.08391	0.12825	0.01250	0.03453	0.02096	0.01594	0.13101	0.08737	0.02431	0.01822	0.00808	0.00680	0.00203	0.00737	0.04853	0.00473	0.13216

[dist]
# distance from previous block
# <min> <max>
0	17

[block]
# block no. 3 follows, 31 sequences, length 14
# corresponding to MSA columns:
# 340-353
name=unknown_D
#
# <colnr> <probs for GDERKNQSTAVLIFYWHMCP>
#	G	D	E	R	K	N	Q	S	T	A	V	L	I	F	Y	W	H	M	C	P
0	0.05830	0.55174	0.09051	0.01315	0.01857	0.05737	0.01305	0.02046	0.01373	0.01738	0.00974	0.01176	0.00872	0.00663	0.00653	0.00173	0.08491	0.00406	0.00302	0.00865
1	0.00975	0.00686	0.00930	0.01069	0.01164	0.00665	0.00828	0.01158	0.01403	0.01839	0.03624	0.36867	0.06316	0.04697	0.01089	0.04372	0.00518	0.30623	0.00608	0.00571
2	0.01616	0.01717	0.01650	0.05145	0.04779	0.23195	0.03434	0.01784	0.01385	0.01628	0.01559	0.06934	0.01588	0.19593	0.07476	0.00403	0.14311	0.00751	0.00374	0.00678
3	0.01574	0.01405	0.04920	0.40577	0.14250	0.03372	0.01718	0.05269	0.01582	0.08027	0.03682	0.04778	0.01442	0.00818	0.00702	0.00225	0.00825	0.03559	0.00415	0.00860
4	0.01374	0.01504	0.07755	0.48220	0.13052	0.01553	0.08161	0.01843	0.01416	0.01885	0.01392	0.01902	0.02930	0.00709	0.00751	0.00227	0.03534	0.00642	0.00320	0.00831
5	0.00978	0.00729	0.01077	0.01077	0.01192	0.00843	0.00827	0.01207	0.01093	0.01572	0.01853	0.02800	0.01759	0.09589	0.68855	0.01072	0.01759	0.00749	0.00370	0.00598
6	0.80789	0.01323	0.01006	0.00900	0.01323	0.01535	0.00741	0.02011	0.01164	0.03070	0.00953	0.01111	0.00741	0.00635	0.00423	0.00212	0.00529	0.00370	0.00423	0.00741
7	0.03488	0.14883	0.05689	0.03796	0.04877	0.07940	0.04503	0.03849	0.03896	0.04698	0.01280	0.01463	0.01030	0.00597	0.00556	0.00150	0.00706	0.00469	0.00400	0.35730
8	0.00875	0.00683	0.00793	0.00792	0.00971	0.00601	0.00584	0.01100	0.01676	0.02187	0.31859	0.14862	0.37262	0.01654	0.00816	0.00231	0.00344	0.01427	0.00682	0.00601
9	0.01278	0.00741	0.00928	0.00887	0.01071	0.00701	0.00683	0.01565	0.01690	0.09629	0.32823	0.04504	0.04166	0.07708	0.00966	0.00253	0.00419	0.09738	0.19573	0.00675
10	0.01484	0.01199	0.01935	0.09130	0.35609	0.01199	0.01489	0.01785	0.01491	0.08070	0.02247	0.26844	0.02290	0.01158	0.00745	0.00232	0.00660	0.01070	0.00480	0.00882
11	0.01419	0.07183	0.62473	0.01996	0.02955	0.01660	0.08645	0.02163	0.01457	0.02140	0.01228	0.01464	0.00883	0.00640	0.00654	0.00214	0.01010	0.00526	0.00294	0.00996
12	0.01253	0.02379	0.41978	0.01535	0.02192	0.01260	0.01768	0.01934	0.05827	0.02336	0.21052	0.02961	0.02715	0.03516	0.00809	0.00238	0.00759	0.04150	0.00465	0.00874
13	0.02233	0.09684	0.01776	0.01287	0.01723	0.01448	0.01071	0.14339	0.12696	0.27949	0.02437	0.06376	0.01935	0.01191	0.04039	0.00261	0.00675	0.07190	0.00679	0.01011

[dist]
# distance from previous block
# <min> <max>
0	2

[block]
# block no. 4 follows, 31 sequences, length 51
# corresponding to MSA columns:
# 356-374,376-407
name=unknown_E
#
# <colnr> <probs for GDERKNQSTAVLIFYWHMCP>
#	G	D	E	R	K	N	Q	S	T	A	V	L	I	F	Y	W	H	M	C	P
0	0.17141	0.02632	0.01812	0.03711	0.02055	0.49002	0.03255	0.02567	0.05675	0.02022	0.01146	0.01331	0.00930	0.00717	0.00647	0.00193	0.03512	0.00468	0.00382	0.00801
1	0.01253	0.00821	0.01069	0.04159	0.01272	0.00833	0.00761	0.01444	0.01508	0.09917	0.21784	0.05936	0.16265	0.10641	0.06228	0.05528	0.06250	0.01035	0.02645	0.00649
2	0.01432	0.01158	0.01364	0.01029	0.01566	0.00908	0.00810	0.01777	0.04045	0.04953	0.01604	0.09330	0.01452	0.00709	0.00560	0.00129	0.00499	0.00593	0.00458	0.65623
3	0.00898	0.00693	0.00820	0.00795	0.00981	0.00615	0.00594	0.01152	0.01760	0.02342	0.42576	0.08238	0.32943	0.01562	0.00810	0.00224	0.00335	0.01347	0.00701	0.00615
4	0.00894	0.00693	0.00815	0.00792	0.00979	0.00613	0.00591	0.01145	0.01750	0.02320	0.41018	0.08535	0.34249	0.01571	0.00810	0.00224	0.00336	0.01354	0.00698	0.00613
5	0.02376	0.02154	0.02034	0.01662	0.02057	0.18992	0.01344	0.40428	0.02492	0.03168	0.01359	0.01517	0.01045	0.00867	0.00971	0.00217	0.15221	0.00571	0.00531	0.00995
6	0.00864	0.00651	0.00799	0.00856	0.00982	0.00586	0.00606	0.01053	0.01550	0.02048	0.23147	0.37254	0.23463	0.01826	0.00837	0.00248	0.00363	0.01613	0.00667	0.00586
7	0.01238	0.00750	0.00945	0.02853	0.01079	0.00749	0.00630	0.01342	0.01207	0.09487	0.04586	0.06370	0.02575	0.48283	0.09728	0.00593	0.00756	0.05787	0.00489	0.00556
8	0.01977	0.27322	0.17227	0.01652	0.05895	0.13046	0.01527	0.16223	0.01878	0.02371	0.01239	0.01395	0.00982	0.00676	0.00576	0.00182	0.00860	0.00483	0.03537	0.00954
9	0.04039	0.01348	0.02245	0.49918	0.25591	0.01554	0.01924	0.01867	0.01421	0.01944	0.01230	0.01760	0.00960	0.00659	0.00673	0.00220	0.00868	0.00601	0.00319	0.00861
10	0.02006	0.03558	0.12424	0.11128	0.08051	0.08767	0.05550	0.10390	0.08847	0.15061	0.04030	0.01929	0.01399	0.00776	0.00726	0.00214	0.03009	0.00636	0.00510	0.00988
11	0.04812	0.57003	0.05953	0.01216	0.01803	0.02353	0.01192	0.04935	0.01539	0.11886	0.01240	0.01310	0.01001	0.00637	0.00492	0.00163	0.00715	0.00428	0.00392	0.00931
12	0.00842	0.00677	0.00756	0.00810	0.00986	0.00591	0.00602	0.01014	0.01498	0.01841	0.05834	0.24047	0.48426	0.01850	0.00837	0.00250	0.00385	0.07543	0.00635	0.00577
13	0.01373	0.06183	0.66888	0.01876	0.02836	0.01593	0.02400	0.02126	0.01462	0.02169	0.04076	0.01581	0.01095	0.00678	0.00648	0.00214	0.00972	0.00530	0.00308	0.00991
14	0.01987	0.01530	0.04977	0.02737	0.36088	0.01459	0.01608	0.02672	0.15416	0.19117	0.01996	0.04192	0.01524	0.00777	0.00688	0.00214	0.00699	0.00697	0.00539	0.01084
15	0.00933	0.00698	0.00865	0.00823	0.01000	0.00630	0.00618	0.01222	0.01853	0.02545	0.57037	0.05437	0.20870	0.01473	0.00807	0.00219	0.00328	0.01283	0.00727	0.00630
16	0.00833	0.00599	0.00790	0.00944	0.00990	0.00556	0.00631	0.00954	0.01318	0.01750	0.03880	0.73126	0.06838	0.02129	0.00871	0.00276	0.00395	0.01928	0.00635	0.00556
17	0.01510	0.01432	0.02409	0.30654	0.40865	0.01569	0.01962	0.01922	0.01468	0.02021	0.01339	0.01977	0.01126	0.00711	0.00748	0.00221	0.03530	0.03272	0.00336	0.00930
18	0.01570	0.01272	0.01795	0.20740	0.04559	0.04187	0.05333	0.08072	0.04001	0.07564	0.01638	0.02167	0.01341	0.04639	0.19668	0.00466	0.06481	0.00673	0.03029	0.00805
19	0.15377	0.01560	0.01629	0.03176	0.01844	0.07587	0.03235	0.14237	0.04233	0.04414	0.03631	0.01603	0.01210	0.00690	0.00639	0.00172	0.03619	0.00514	0.00478	0.30152
20	0.10372	0.01784	0.01839	0.01451	0.01954	0.04699	0.01187	0.48941	0.06612	0.08949	0.04246	0.01802	0.01395	0.00827	0.00661	0.00207	0.00709	0.00621	0.00660	0.01083
21	0.01560	0.01483	0.02490	0.27483	0.46807	0.01593	0.01996	0.02038	0.03999	0.02095	0.01318	0.01768	0.01063	0.00646	0.00680	0.00213	0.00836	0.00615	0.00340	0.00976
22	0.01051	0.00829	0.01250	0.06624	0.04240	0.00970	0.00976	0.01296	0.01128	0.01609	0.01751	0.02663	0.01649	0.09449	0.57318	0.00938	0.04532	0.00732	0.00362	0.00632
23	0.01419	0.01216	0.01419	0.01013	0.01621	0.00912	0.00811	0.01723	0.01419	0.02229	0.01216	0.01419	0.01013	0.00507	0.00507	0.00101	0.00507	0.00405	0.00405	0.80139
24	0.00934	0.00672	0.00864	0.00937	0.01015	0.00669	0.00664	0.01074	0.01249	0.01657	0.03305	0.28103	0.10224	0.22178	0.14271	0.00524	0.00745	0.09847	0.00529	0.00540
25	0.01292	0.01216	0.02052	0.74312	0.04712	0.01520	0.01900	0.01748	0.01368	0.01748	0.01216	0.01824	0.00912	0.00684	0.00684	0.00228	0.00912	0.00608	0.00304	0.00760
26	0.01419	0.01216	0.01419	0.01013	0.01621	0.00912	0.00811	0.01723	0.01419	0.02229	0.01216	0.01419	0.01013	0.00507	0.00507	0.00101	0.00507	0.00405	0.00405	0.80139
27	0.01538	0.01212	0.01431	0.01028	0.01630	0.00919	0.00825	0.01839	0.01458	0.07266	0.01323	0.01484	0.01062	0.00531	0.00520	0.00109	0.00512	0.00426	0.00437	0.74451
28	0.01685	0.01551	0.02174	0.01757	0.02218	0.01682	0.18374	0.05782	0.47511	0.02744	0.05178	0.02441	0.01963	0.00854	0.00728	0.00230	0.00696	0.00795	0.00609	0.01028
29	0.01372	0.03539	0.72412	0.01950	0.02961	0.01589	0.02528	0.02167	0.01444	0.02167	0.01228	0.01444	0.00867	0.00650	0.00650	0.00217	0.01011	0.00506	0.00289	0.01011
30	0.01095	0.00744	0.00859	0.00803	0.01042	0.00644	0.00612	0.01328	0.01727	0.09386	0.28103	0.05652	0.42440	0.01529	0.00796	0.00224	0.00363	0.01297	0.00697	0.00661
31	0.00966	0.00775	0.00872	0.00834	0.01052	0.00721	0.00629	0.01382	0.08794	0.02321	0.33023	0.05563	0.37540	0.01512	0.00796	0.00225	0.00357	0.01290	0.00690	0.00657
32	0.02113	0.01635	0.10328	0.01507	0.02035	0.01396	0.08898	0.21532	0.02191	0.20976	0.14324	0.02479	0.02223	0.00882	0.00708	0.00211	0.00689	0.00755	0.04116	0.01003
33	0.01215	0.01029	0.01417	0.03812	0.01494	0.01263	0.01056	0.01508	0.04837	0.01914	0.15397	0.03276	0.02598	0.07251	0.15542	0.03309	0.25347	0.06606	0.00459	0.00669
34	0.00977	0.00733	0.01100	0.01100	0.01222	0.00855	0.00855	0.01222	0.01100	0.01588	0.01833	0.02688	0.01710	0.05131	0.73245	0.01100	0.01833	0.00733	0.00367	0.00611
35	0.01292	0.01216	0.02052	0.74312	0.04712	0.01520	0.01900	0.01748	0.01368	0.01748	0.01216	0.01824	0.00912	0.00684	0.00684	0.00228	0.00912	0.00608	0.00304	0.00760
36	0.01694	0.01501	0.02402	0.33188	0.12703	0.04705	0.12870	0.05923	0.01601	0.08537	0.01452	0.03571	0.01127	0.00744	0.00792	0.00225	0.05007	0.00673	0.00397	0.00887
37	0.02399	0.01802	0.01925	0.01511	0.02022	0.01997	0.01236	0.57433	0.12322	0.04006	0.02030	0.01983	0.04367	0.00876	0.00691	0.00210	0.00706	0.00674	0.00684	0.01127
38	0.01317	0.01241	0.02097	0.69993	0.08838	0.01526	0.01912	0.01770	0.01380	0.01778	0.01220	0.01816	0.00923	0.00679	0.00684	0.00226	0.00906	0.00608	0.00306	0.00780
39	0.01413	0.01248	0.01634	0.14432	0.02261	0.01081	0.03525	0.01812	0.03858	0.02163	0.01278	0.01548	0.01034	0.00556	0.00557	0.00134	0.00605	0.00470	0.00395	0.59997
40	0.01785	0.69271	0.10292	0.01247	0.01873	0.02598	0.01303	0.02060	0.01395	0.01664	0.00978	0.01131	0.00877	0.00592	0.00460	0.00153	0.00759	0.00379	0.00292	0.00891
41	0.01292	0.01216	0.02052	0.74312	0.04712	0.01520	0.01900	0.01748	0.01368	0.01748	0.01216	0.01824	0.00912	0.00684	0.00684	0.00228	0.00912	0.00608	0.00304	0.00760
42	0.00979	0.00725	0.01057	0.01057	0.01165	0.00832	0.00802	0.01194	0.01087	0.01557	0.01871	0.02902	0.01804	0.13624	0.64880	0.01047	0.01692	0.00764	0.00372	0.00587
43	0.06964	0.01362	0.01582	0.01300	0.01770	0.01409	0.01048	0.09532	0.28521	0.35065	0.02533	0.02281	0.01742	0.00864	0.00676	0.00219	0.00579	0.00696	0.00749	0.01108
44	0.02421	0.02332	0.01905	0.01592	0.02030	0.29499	0.01255	0.34707	0.07757	0.03091	0.05509	0.01753	0.01429	0.00818	0.00666	0.00197	0.00898	0.00596	0.00561	0.00984
45	0.01100	0.00861	0.01033	0.01064	0.01229	0.00898	0.00777	0.01750	0.19989	0.02194	0.13082	0.37740	0.06727	0.01817	0.03986	0.00292	0.00494	0.03595	0.00656	0.00716
46	0.76292	0.01434	0.01059	0.00949	0.01369	0.05655	0.00774	0.02052	0.01209	0.02989	0.00959	0.01118	0.00749	0.00639	0.00435	0.00210	0.00570	0.00374	0.00419	0.00744
47	0.00835	0.00643	0.00767	0.00862	0.00983	0.00575	0.00609	0.00985	0.01422	0.01801	0.05036	0.44803	0.31416	0.01967	0.00850	0.00261	0.00387	0.04596	0.00635	0.00568
48	0.00990	0.00782	0.00906	0.00858	0.01039	0.03007	0.00644	0.01279	0.01865	0.02538	0.56784	0.05264	0.18623	0.01439	0.00801	0.00217	0.00357	0.01250	0.00718	0.00637
49	0.02556	0.03261	0.01939	0.01763	0.02115	0.73210	0.01322	0.02732	0.01939	0.01674	0.01058	0.01234	0.00881	0.00705	0.00617	0.00176	0.01234	0.00441	0.00353	0.00793
50	0.01490	0.03273	0.63917	0.01873	0.02817	0.01562	0.02350	0.02325	0.05782	0.06234	0.01410	0.01564	0.00990	0.00679	0.00655	0.00217	0.00957	0.00533	0.00346	0.01024

[dist]
# distance from previous block
# <min> <max>
0	2

[block]
# block no. 5 follows, 31 sequences, length 15
# corresponding to MSA columns:
# 410-424
name=unknown_F
#
# <colnr> <probs for GDERKNQSTAVLIFYWHMCP>
#	G	D	E	R	K	N	Q	S	T	A	V	L	I	F	Y	W	H	M	C	P
0	0.01615	0.01845	0.04037	0.02884	0.03576	0.01730	0.69204	0.02191	0.01615	0.02191	0.01384	0.01845	0.01038	0.00577	0.00807	0.00231	0.01153	0.00807	0.00346	0.00923
1	0.80789	0.01323	0.01006	0.00900	0.01323	0.01535	0.00741	0.02011	0.01164	0.03070	0.00953	0.01111	0.00741	0.00635	0.00423	0.00212	0.00529	0.00370	0.00423	0.00741
2	0.01533	0.09577	0.32988	0.01558	0.02297	0.01417	0.06121	0.02054	0.01520	0.07896	0.05468	0.01953	0.04671	0.00718	0.00629	0.00187	0.00782	0.00591	0.00406	0.17636
3	0.01669	0.01556	0.04999	0.02021	0.16075	0.04809	0.05709	0.04671	0.26700	0.05828	0.02664	0.03103	0.08101	0.00987	0.00730	0.00230	0.00690	0.07929	0.00561	0.00968
4	0.01188	0.00594	0.00891	0.00891	0.00891	0.00594	0.00594	0.00891	0.00891	0.01188	0.01188	0.02080	0.01188	0.02377	0.02674	0.80095	0.00594	0.00594	0.00297	0.00297
5	0.01518	0.01466	0.02482	0.01974	0.02220	0.01732	0.21557	0.01811	0.01315	0.04977	0.04611	0.05644	0.01460	0.01245	0.05050	0.00309	0.38685	0.00770	0.00379	0.00797
6	0.01562	0.10403	0.12697	0.14503	0.21180	0.04425	0.03841	0.01992	0.03358	0.01931	0.01240	0.01713	0.01051	0.04066	0.01030	0.00240	0.12960	0.00586	0.00328	0.00895
7	0.00834	0.00595	0.00794	0.00953	0.00992	0.00556	0.00635	0.00953	0.01310	0.01746	0.03771	0.75510	0.04525	0.02143	0.00873	0.00278	0.00397	0.01945	0.00635	0.00556
8	0.01292	0.01216	0.02052	0.74312	0.04712	0.01520	0.01900	0.01748	0.01368	0.01748	0.01216	0.01824	0.00912	0.00684	0.00684	0.00228	0.00912	0.00608	0.00304	0.00760
9	0.02257	0.01543	0.01770	0.10454	0.02211	0.04415	0.01221	0.29502	0.10775	0.17856	0.06497	0.04761	0.01807	0.00902	0.00699	0.00215	0.00689	0.00730	0.00662	0.01034
10	0.02081	0.01622	0.01867	0.01837	0.11734	0.09469	0.01290	0.15001	0.09053	0.15136	0.06557	0.06127	0.01816	0.00964	0.00935	0.00225	0.12006	0.00738	0.00572	0.00971
11	0.00834	0.00595	0.00794	0.00953	0.00992	0.00556	0.00635	0.00953	0.01310	0.01746	0.03771	0.75510	0.04525	0.02143	0.00873	0.00278	0.00397	0.01945	0.00635	0.00556
12	0.01702	0.01470	0.01547	0.01392	0.01779	0.01702	0.01083	0.03635	0.70453	0.02862	0.02785	0.02553	0.02088	0.00928	0.00696	0.00232	0.00541	0.00773	0.00696	0.01083
13	0.01991	0.01491	0.01720	0.01415	0.05163	0.01460	0.01084	0.27678	0.07553	0.07799	0.05184	0.01855	0.01481	0.00732	0.00625	0.00169	0.00613	0.00585	0.00578	0.30823
14	0.09423	0.05828	0.37928	0.01861	0.08768	0.01621	0.01879	0.09426	0.04342	0.05844	0.01416	0.01653	0.01067	0.03009	0.02875	0.00250	0.00880	0.00548	0.00398	0.00983

[dist]
# distance from previous block
# <min> <max>
0	1

[block]
# block no. 6 follows, 31 sequences, length 30
# corresponding to MSA columns:
# 426-455
name=unknown_G
#
# <colnr> <probs for GDERKNQSTAVLIFYWHMCP>
#	G	D	E	R	K	N	Q	S	T	A	V	L	I	F	Y	W	H	M	C	P
0	0.00828	0.00619	0.00770	0.00891	0.00976	0.00561	0.00608	0.00960	0.01369	0.01771	0.04522	0.59132	0.20418	0.02046	0.00858	0.00267	0.00385	0.01826	0.00635	0.00561
1	0.01606	0.01548	0.06933	0.01420	0.01827	0.01586	0.01196	0.03262	0.57064	0.02713	0.02764	0.03074	0.02212	0.01020	0.00722	0.00241	0.00588	0.08545	0.00657	0.01024
2	0.18896	0.01793	0.01835	0.01434	0.01955	0.01999	0.01184	0.55362	0.02789	0.04053	0.01499	0.01532	0.01075	0.00782	0.00630	0.00207	0.00706	0.00565	0.00630	0.01075
3	0.01969	0.01258	0.01622	0.13687	0.02221	0.01169	0.01101	0.08070	0.04186	0.22294	0.03414	0.01896	0.01372	0.00697	0.00618	0.00171	0.00616	0.00572	0.00557	0.32512
4	0.03885	0.01730	0.02296	0.27190	0.24573	0.12706	0.03852	0.03735	0.01528	0.01992	0.01187	0.01632	0.00964	0.00720	0.00842	0.00219	0.09151	0.00581	0.00336	0.00879
5	0.01471	0.01245	0.01339	0.01227	0.01552	0.01389	0.00945	0.02921	0.50807	0.02698	0.13190	0.06297	0.09748	0.01126	0.00731	0.00231	0.00484	0.00955	0.00696	0.00947
6	0.00917	0.00685	0.00863	0.00922	0.01064	0.00630	0.00698	0.01145	0.01601	0.02118	0.24227	0.26064	0.20742	0.01782	0.00852	0.00255	0.00407	0.13757	0.00669	0.00601
7	0.01726	0.01451	0.02066	0.01672	0.02035	0.03959	0.16359	0.19570	0.04116	0.05414	0.02150	0.18149	0.02067	0.05216	0.02537	0.00281	0.06498	0.03335	0.00540	0.00859
8	0.28532	0.01738	0.07441	0.09848	0.05365	0.09683	0.01265	0.08651	0.01664	0.14557	0.01503	0.01782	0.01133	0.00752	0.00597	0.00213	0.00741	0.03146	0.00492	0.00896
9	0.00993	0.00669	0.00775	0.00775	0.00786	0.00679	0.00451	0.01014	0.01004	0.01348	0.02129	0.04329	0.02423	0.70082	0.09269	0.00699	0.00760	0.00973	0.00411	0.00431
10	0.00923	0.00636	0.00772	0.00852	0.00916	0.00605	0.00565	0.01042	0.01282	0.01739	0.05570	0.39007	0.10103	0.22847	0.01575	0.00373	0.00467	0.03551	0.06648	0.00529
11	0.01607	0.01328	0.01520	0.01103	0.01701	0.01105	0.00889	0.12531	0.01706	0.02562	0.01284	0.01454	0.01037	0.00557	0.00535	0.00118	0.00546	0.00439	0.00450	0.67528
12	0.02096	0.07960	0.28850	0.01695	0.02423	0.01523	0.08863	0.06244	0.04539	0.26322	0.01814	0.01820	0.01236	0.00725	0.00667	0.00211	0.00824	0.00606	0.00525	0.01055
13	0.00997	0.00678	0.00931	0.00978	0.01077	0.00637	0.03057	0.01166	0.01396	0.04165	0.10714	0.51416	0.04133	0.07518	0.01025	0.00287	0.00436	0.01606	0.07190	0.00594
14	0.02287	0.02685	0.02196	0.02036	0.08004	0.47773	0.08823	0.07727	0.05142	0.02050	0.01339	0.01688	0.01114	0.00749	0.00665	0.00195	0.01097	0.03161	0.00403	0.00867
15	0.05873	0.04756	0.22578	0.01551	0.03948	0.03633	0.05029	0.11129	0.04900	0.08548	0.08630	0.04131	0.08912	0.00913	0.00680	0.00213	0.00731	0.00752	0.02169	0.00923
16	0.00974	0.00717	0.00858	0.00835	0.01035	0.00640	0.00642	0.01233	0.01752	0.04305	0.37250	0.05853	0.32837	0.01561	0.00816	0.00230	0.00365	0.06769	0.00697	0.00631
17	0.02087	0.01010	0.01210	0.01025	0.01380	0.00984	0.00814	0.02677	0.14196	0.31605	0.05355	0.02563	0.01982	0.00866	0.00619	0.00197	0.00469	0.00708	0.29316	0.00938
18	0.01778	0.56002	0.13789	0.01447	0.02103	0.02433	0.07022	0.05112	0.01499	0.01862	0.01059	0.01236	0.00902	0.00605	0.00512	0.00166	0.00809	0.00434	0.00314	0.00914
19	0.06032	0.63747	0.08037	0.01229	0.01833	0.02540	0.01246	0.05399	0.01472	0.01859	0.01004	0.01149	0.00884	0.00604	0.00465	0.00157	0.00741	0.00388	0.00319	0.00894
20	0.01016	0.00659	0.00780	0.00791	0.00799	0.00658	0.00472	0.01001	0.01019	0.01356	0.02162	0.06420	0.02469	0.62396	0.03203	0.09363	0.00646	0.03955	0.00418	0.00415
21	0.01117	0.00860	0.00878	0.00840	0.01059	0.03256	0.00633	0.04525	0.04793	0.02317	0.18471	0.08509	0.32272	0.01391	0.00730	0.00213	0.00398	0.01168	0.15910	0.00660
22	0.01815	0.17802	0.18618	0.07885	0.02417	0.16722	0.03943	0.06086	0.07531	0.02080	0.01316	0.01525	0.01038	0.00717	0.00694	0.00198	0.04901	0.00522	0.03291	0.00900
23	0.00844	0.00603	0.00803	0.00946	0.00995	0.00563	0.00636	0.00979	0.01358	0.01823	0.08955	0.70108	0.04673	0.02086	0.00868	0.00273	0.00391	0.01891	0.00644	0.00563
24	0.00832	0.00652	0.00753	0.00817	0.00961	0.00573	0.00579	0.00993	0.01481	0.01873	0.10534	0.36051	0.37703	0.01883	0.00836	0.00250	0.00366	0.01643	0.00644	0.00573
25	0.01551	0.01372	0.02298	0.34948	0.25959	0.01501	0.05852	0.04687	0.01555	0.05224	0.01534	0.04641	0.01288	0.00773	0.00708	0.00224	0.00842	0.03763	0.00385	0.00897
26	0.01843	0.01650	0.06514	0.09245	0.05815	0.07339	0.08265	0.13525	0.04232	0.10572	0.01858	0.10014	0.01628	0.07164	0.01069	0.00264	0.06813	0.00802	0.00501	0.00888
27	0.03842	0.01553	0.02214	0.18539	0.12528	0.01712	0.09136	0.22555	0.09033	0.02813	0.01644	0.04537	0.01299	0.00795	0.00728	0.00219	0.02439	0.00694	0.02752	0.00968
28	0.01341	0.01266	0.02141	0.65722	0.12918	0.01533	0.01924	0.01791	0.01391	0.01808	0.01225	0.01808	0.00933	0.00675	0.00683	0.00225	0.00900	0.00608	0.00308	0.00800
29	0.01997	0.30233	0.08263	0.05770	0.02150	0.14129	0.03452	0.02571	0.12988	0.09967	0.01524	0.01597	0.01178	0.00703	0.00583	0.00186	0.00815	0.00522	0.00435	0.00935

[dist]
# distance from previous block
# <min> <max>
1	3

[block]
# block no. 7 follows, 31 sequences, length 16
# corresponding to MSA columns:
# 459-474
name=unknown_H
#
# <colnr> <probs for GDERKNQSTAVLIFYWHMCP>
#	G	D	E	R	K	N	Q	S	T	A	V	L	I	F	Y	W	H	M	C	P
0	0.34235	0.09877	0.01555	0.01174	0.01528	0.15807	0.02389	0.02046	0.02889	0.03821	0.01344	0.04561	0.01211	0.07452	0.03937	0.00279	0.02378	0.00553	0.02220	0.00744
1	0.03782	0.01838	0.14272	0.06239	0.05169	0.11207	0.01332	0.04386	0.11892	0.07977	0.13188	0.06561	0.02310	0.00936	0.00681	0.00212	0.00710	0.00772	0.05657	0.00879
2	0.00927	0.00698	0.00857	0.00817	0.00997	0.00628	0.00613	0.01210	0.01838	0.02510	0.54541	0.05495	0.23388	0.01486	0.00807	0.00219	0.00329	0.01291	0.00722	0.00628
3	0.01581	0.01337	0.01756	0.09394	0.14780	0.03127	0.01305	0.09932	0.10051	0.03978	0.03952	0.05113	0.04872	0.06057	0.02761	0.00276	0.07125	0.06294	0.00496	0.05815
4	0.26740	0.07107	0.09207	0.03529	0.01992	0.25419	0.01258	0.09624	0.01733	0.05922	0.01185	0.01324	0.00907	0.00689	0.00561	0.00196	0.00865	0.00457	0.00423	0.00863
5	0.00966	0.00654	0.00765	0.00789	0.00806	0.00644	0.00467	0.01007	0.01111	0.01492	0.07011	0.16588	0.03096	0.58478	0.02862	0.00568	0.00595	0.01172	0.00474	0.00454
6	0.01565	0.17950	0.47201	0.01875	0.02726	0.06492	0.08832	0.02182	0.01483	0.02025	0.01177	0.01401	0.00887	0.00633	0.00621	0.00201	0.00984	0.00503	0.00299	0.00961
7	0.01499	0.18701	0.39279	0.01812	0.02590	0.01808	0.10762	0.02180	0.06003	0.02058	0.01331	0.01576	0.01027	0.00937	0.05356	0.00262	0.00992	0.00548	0.00329	0.00949
8	0.00832	0.00632	0.00757	0.00855	0.00959	0.00568	0.00586	0.00964	0.01382	0.01764	0.04788	0.48860	0.27402	0.05106	0.00961	0.00278	0.00391	0.01733	0.00626	0.00557
9	0.02438	0.01171	0.01491	0.01228	0.01666	0.01120	0.00999	0.05302	0.14721	0.44652	0.09935	0.03024	0.02408	0.00993	0.00720	0.00223	0.00557	0.05507	0.00788	0.01057
10	0.05901	0.06900	0.05540	0.01766	0.11350	0.28282	0.01265	0.02094	0.01554	0.01920	0.01374	0.01740	0.01168	0.01621	0.15913	0.00375	0.01124	0.00541	0.08779	0.00793
11	0.01335	0.01210	0.01895	0.36472	0.07994	0.01377	0.05087	0.04131	0.05903	0.01987	0.01837	0.16414	0.01736	0.00999	0.00796	0.00233	0.04406	0.00884	0.00418	0.04887
12	0.00977	0.00701	0.00938	0.01039	0.01156	0.00674	0.00812	0.01214	0.01539	0.02058	0.17773	0.27829	0.06676	0.05515	0.01015	0.00297	0.00487	0.28053	0.00647	0.00598
13	0.75231	0.01312	0.01047	0.00922	0.01353	0.01497	0.00760	0.02106	0.01221	0.08011	0.01078	0.01198	0.00809	0.00650	0.00442	0.00212	0.00533	0.00393	0.00454	0.00771
14	0.00834	0.00595	0.00794	0.00953	0.00992	0.00556	0.00635	0.00953	0.01310	0.01746	0.03771	0.75510	0.04525	0.02143	0.00873	0.00278	0.00397	0.01945	0.00635	0.00556
15	0.01372	0.03539	0.72412	0.01950	0.02961	0.01589	0.02528	0.02167	0.01444	0.02167	0.01228	0.01444	0.00867	0.00650	0.00650	0.00217	0.01011	0.00506	0.00289	0.01011

[dist]
# distance from previous block
# <min> <max>
0	10

[block]
# block no. 8 follows, 31 sequences, length 18
# corresponding to MSA columns:
# 485-502
name=unknown_I
#
# <colnr> <probs for GDERKNQSTAVLIFYWHMCP>
#	G	D	E	R	K	N	Q	S	T	A	V	L	I	F	Y	W	H	M	C	P
0	0.04658	0.01426	0.01582	0.01270	0.01721	0.01482	0.01030	0.34191	0.05436	0.18096	0.03041	0.05256	0.15677	0.01054	0.00709	0.00216	0.00606	0.00843	0.00700	0.01008
1	0.01494	0.01130	0.01271	0.01148	0.01460	0.01198	0.00900	0.07324	0.29399	0.06939	0.20849	0.04042	0.13505	0.01214	0.00755	0.00230	0.00480	0.05076	0.00706	0.00879
2	0.01275	0.00638	0.00638	0.00638	0.00797	0.00638	0.00478	0.01594	0.01435	0.02551	0.02232	0.02551	0.01754	0.00797	0.00478	0.00159	0.00319	0.00638	0.79755	0.00638
3	0.19336	0.01204	0.01255	0.01122	0.01486	0.01312	0.00892	0.02736	0.27966	0.14461	0.02352	0.04629	0.01835	0.00912	0.00619	0.00219	0.00512	0.03854	0.12380	0.00917
4	0.00847	0.00601	0.00790	0.00936	0.00972	0.00564	0.00617	0.00956	0.01284	0.01713	0.03640	0.69770	0.04360	0.08108	0.01084	0.00309	0.00418	0.01868	0.00617	0.00544
5	0.00958	0.00724	0.00901	0.00928	0.01111	0.00667	0.00744	0.01230	0.01706	0.02246	0.30228	0.06371	0.26461	0.01654	0.00849	0.00250	0.00423	0.21250	0.00678	0.00619
6	0.00834	0.00595	0.00794	0.00953	0.00992	0.00556	0.00635	0.00953	0.01310	0.01746	0.03771	0.75510	0.04525	0.02143	0.00873	0.00278	0.00397	0.01945	0.00635	0.00556
7	0.75981	0.01313	0.01042	0.00919	0.01349	0.01502	0.00757	0.02093	0.01213	0.07344	0.01061	0.01187	0.00800	0.00648	0.00440	0.00212	0.00533	0.00390	0.00450	0.00767
8	0.01392	0.01282	0.02060	0.63084	0.08020	0.01561	0.01836	0.04647	0.05711	0.01947	0.01334	0.01854	0.01004	0.00701	0.00684	0.00226	0.00877	0.00619	0.00346	0.00814
9	0.01353	0.01291	0.02104	0.57169	0.08255	0.01629	0.01840	0.01751	0.01323	0.01759	0.01164	0.01758	0.00920	0.00771	0.00961	0.00239	0.14025	0.00606	0.00305	0.00778
10	0.00989	0.00706	0.00972	0.01130	0.01237	0.00689	0.00905	0.01221	0.01463	0.01920	0.03685	0.36414	0.04186	0.01997	0.00915	0.00299	0.00531	0.39510	0.00632	0.00599
11	0.80789	0.01323	0.01006	0.00900	0.01323	0.01535	0.00741	0.02011	0.01164	0.03070	0.00953	0.01111	0.00741	0.00635	0.00423	0.00212	0.00529	0.00370	0.00423	0.00741
12	0.00990	0.00678	0.00820	0.00817	0.00848	0.00697	0.00508	0.01053	0.01069	0.01457	0.06140	0.04190	0.02579	0.58790	0.15943	0.00716	0.00855	0.00962	0.00426	0.00464
13	0.00865	0.00615	0.00816	0.00965	0.01012	0.00581	0.00660	0.00993	0.01313	0.01746	0.03664	0.65880	0.04358	0.06437	0.01031	0.00303	0.00431	0.07153	0.00622	0.00553
14	0.01791	0.09483	0.17482	0.03649	0.12774	0.01619	0.01552	0.17014	0.04621	0.07628	0.06075	0.09727	0.01811	0.00907	0.00679	0.00212	0.00735	0.00757	0.00507	0.00979
15	0.15054	0.03383	0.07365	0.08902	0.06013	0.01361	0.04176	0.04112	0.07822	0.07475	0.01588	0.01745	0.02907	0.00673	0.00587	0.00181	0.00655	0.00543	0.00452	0.25004
16	0.06765	0.23904	0.13851	0.04823	0.12827	0.09634	0.01526	0.08113	0.03620	0.02152	0.01200	0.01442	0.00981	0.00761	0.00705	0.05112	0.00826	0.00493	0.00361	0.00904
17	0.04109	0.04578	0.01722	0.06430	0.07490	0.01436	0.01186	0.16098	0.06873	0.12778	0.13250	0.02988	0.02403	0.01016	0.00802	0.00224	0.05110	0.07530	0.03059	0.00919

[dist]
# distance from previous block
# <min> <max>
2	5

[block]
# block no. 9 follows, 31 sequences, length 31
# corresponding to MSA columns:
# 621-651
name=unknown_J
#
# <colnr> <probs for GDERKNQSTAVLIFYWHMCP>
#	G	D	E	R	K	N	Q	S	T	A	V	L	I	F	Y	W	H	M	C	P
0	0.01358	0.01203	0.01723	0.09852	0.19876	0.01277	0.03077	0.02094	0.20095	0.02192	0.02719	0.22678	0.06579	0.01196	0.00749	0.00237	0.00616	0.01080	0.00532	0.00867
1	0.04764	0.01161	0.01327	0.01125	0.01489	0.01175	0.00874	0.08708	0.18490	0.24441	0.03178	0.03300	0.13337	0.12206	0.01117	0.00287	0.00559	0.00861	0.00681	0.00921
2	0.07582	0.01501	0.05900	0.06500	0.06885	0.03565	0.05005	0.06899	0.17783	0.15833	0.05752	0.04890	0.01984	0.00939	0.00703	0.00227	0.00679	0.05816	0.00596	0.00962
3	0.01611	0.01712	0.09450	0.22205	0.29633	0.01583	0.13779	0.02136	0.03555	0.05647	0.01395	0.01788	0.01069	0.00649	0.00700	0.00217	0.00899	0.00643	0.00362	0.00966
4	0.00850	0.00607	0.00813	0.00971	0.01018	0.00570	0.00664	0.00981	0.01326	0.01765	0.03762	0.71373	0.04489	0.02128	0.00878	0.00280	0.00411	0.05920	0.00635	0.00560
5	0.02897	0.01169	0.01633	0.08294	0.02034	0.01055	0.01092	0.03181	0.01901	0.65345	0.02555	0.02280	0.01618	0.00831	0.00688	0.00213	0.00614	0.00680	0.00794	0.01125
6	0.03957	0.06463	0.38747	0.01648	0.02411	0.01446	0.05924	0.03921	0.01608	0.17171	0.02092	0.02133	0.07889	0.00793	0.00666	0.00214	0.00829	0.00645	0.00459	0.00986
7	0.02994	0.01181	0.01585	0.01227	0.01748	0.01044	0.01010	0.03351	0.05743	0.68333	0.02704	0.02341	0.01715	0.00851	0.00688	0.00213	0.00580	0.00693	0.00838	0.01160
8	0.01026	0.00770	0.00960	0.00906	0.01089	0.00741	0.00681	0.01491	0.08530	0.02675	0.59059	0.07106	0.09563	0.01394	0.00798	0.00220	0.00348	0.01225	0.00737	0.00681
9	0.01560	0.01544	0.02727	0.21560	0.37326	0.01660	0.12584	0.01982	0.01470	0.02049	0.01247	0.01732	0.01015	0.00679	0.00848	0.00223	0.07882	0.00639	0.00327	0.00944
10	0.01702	0.05385	0.10437	0.01933	0.06546	0.08415	0.19388	0.08452	0.03852	0.05930	0.12254	0.02671	0.06207	0.00879	0.00729	0.00215	0.00831	0.02786	0.00491	0.00897
11	0.01375	0.01267	0.01737	0.01520	0.01657	0.01563	0.04984	0.05355	0.07864	0.01979	0.02342	0.17920	0.08634	0.01370	0.01500	0.00273	0.36443	0.00997	0.00465	0.00755
12	0.00995	0.00663	0.00746	0.00746	0.00746	0.00663	0.00415	0.00995	0.00995	0.01327	0.02156	0.04477	0.02487	0.75957	0.03482	0.00663	0.00663	0.00995	0.00415	0.00415
13	0.01109	0.00898	0.01166	0.15769	0.03578	0.00940	0.00952	0.01573	0.09076	0.02132	0.12497	0.11119	0.22906	0.01319	0.00749	0.00230	0.00507	0.04500	0.08283	0.00697
14	0.05210	0.01192	0.01489	0.01200	0.01639	0.01156	0.00978	0.14340	0.01984	0.40473	0.02732	0.02631	0.08319	0.01560	0.11512	0.00345	0.00774	0.00744	0.00711	0.01010
15	0.01721	0.01426	0.01971	0.01555	0.01977	0.01479	0.15693	0.23269	0.10992	0.02831	0.02670	0.03058	0.11984	0.08224	0.00997	0.00263	0.00712	0.02880	0.05402	0.00893
16	0.05759	0.01288	0.01995	0.63426	0.04282	0.01578	0.01780	0.08158	0.01532	0.02063	0.01242	0.01768	0.00926	0.00694	0.00670	0.00225	0.00876	0.00596	0.00346	0.00797
17	0.01770	0.65318	0.07303	0.04453	0.02043	0.02545	0.04775	0.02049	0.01404	0.01676	0.01000	0.01186	0.00887	0.00593	0.00480	0.00158	0.00776	0.00407	0.00296	0.00882
18	0.02461	0.01537	0.01745	0.01404	0.01894	0.01636	0.01138	0.27569	0.24299	0.25236	0.02340	0.02149	0.01626	0.00863	0.00689	0.00216	0.00631	0.00689	0.00739	0.01138
19	0.00985	0.00704	0.00954	0.00954	0.01026	0.00776	0.00673	0.01128	0.01056	0.01480	0.01966	0.03426	0.02031	0.34349	0.44465	0.00920	0.01350	0.00841	0.00386	0.00530
20	0.00980	0.00721	0.01037	0.01037	0.01138	0.00821	0.00777	0.01182	0.01081	0.01542	0.01890	0.03004	0.01848	0.17654	0.60910	0.01022	0.01626	0.00779	0.00375	0.00576
21	0.80789	0.01323	0.01006	0.00900	0.01323	0.01535	0.00741	0.02011	0.01164	0.03070	0.00953	0.01111	0.00741	0.00635	0.00423	0.00212	0.00529	0.00370	0.00423	0.00741
22	0.01226	0.00925	0.00982	0.01029	0.01144	0.07660	0.00719	0.01363	0.01417	0.07373	0.06628	0.43992	0.03686	0.13770	0.01255	0.00324	0.00544	0.04754	0.00595	0.00613
23	0.19950	0.01302	0.01525	0.01462	0.12003	0.01164	0.00987	0.01846	0.01380	0.02426	0.01165	0.01388	0.00960	0.00552	0.00513	0.00142	0.00558	0.00428	0.00400	0.49850
24	0.00967	0.00695	0.00857	0.00941	0.01011	0.00686	0.00645	0.01182	0.05349	0.01722	0.03317	0.38225	0.06308	0.24967	0.01680	0.00398	0.00514	0.09415	0.00570	0.00553
25	0.01188	0.00594	0.00891	0.00891	0.00891	0.00594	0.00594	0.00891	0.00891	0.01188	0.01188	0.02080	0.01188	0.02377	0.02674	0.80095	0.00594	0.00594	0.00297	0.00297
26	0.01693	0.01626	0.02777	0.04199	0.71689	0.01626	0.02100	0.02100	0.01558	0.02235	0.01287	0.01693	0.01084	0.00610	0.00677	0.00203	0.00813	0.00610	0.00339	0.01084
27	0.00968	0.00694	0.00929	0.00964	0.01083	0.00706	0.00709	0.01157	0.01308	0.03399	0.08142	0.23188	0.13014	0.09042	0.28721	0.00611	0.00966	0.03278	0.00528	0.00592
28	0.01119	0.00700	0.00890	0.00908	0.00993	0.00683	0.00616	0.01236	0.01272	0.07284	0.08192	0.23827	0.03302	0.33594	0.08500	0.00507	0.00661	0.04612	0.00543	0.00560
29	0.01592	0.01420	0.05415	0.05584	0.01914	0.03839	0.01008	0.01924	0.01483	0.08047	0.01335	0.01514	0.01051	0.00562	0.00545	0.00128	0.00594	0.00448	0.00428	0.61169
30	0.01784	0.01643	0.01585	0.01428	0.01812	0.08625	0.01106	0.03548	0.63819	0.02747	0.02617	0.02425	0.01972	0.00907	0.00688	0.00227	0.00608	0.00741	0.00663	0.01055

[dist]
# distance from previous block
# <min> <max>
0	2

[block]
# block no. 10 follows, 31 sequences, length 15
# corresponding to MSA columns:
# 654-668
name=unknown_K
#
# <colnr> <probs for GDERKNQSTAVLIFYWHMCP>
#	G	D	E	R	K	N	Q	S	T	A	V	L	I	F	Y	W	H	M	C	P
0	0.01842	0.01773	0.05814	0.05487	0.25558	0.04660	0.06652	0.16804	0.06612	0.02678	0.01446	0.01679	0.01128	0.00667	0.00657	0.00191	0.00786	0.00590	0.00447	0.14530
1	0.02082	0.01035	0.01314	0.01146	0.01490	0.00986	0.00890	0.04665	0.11519	0.35143	0.05905	0.23264	0.02743	0.01248	0.00741	0.00232	0.00510	0.01077	0.03068	0.00942
2	0.00977	0.00733	0.01100	0.01100	0.01222	0.00855	0.00855	0.01222	0.01100	0.01588	0.01833	0.02688	0.01710	0.05131	0.73245	0.01100	0.01833	0.00733	0.00367	0.00611
3	0.01798	0.01485	0.02439	0.23773	0.36143	0.01563	0.05033	0.06918	0.01670	0.10365	0.01460	0.01808	0.01109	0.00672	0.00687	0.00213	0.00826	0.00628	0.00413	0.00998
4	0.01658	0.09983	0.20367	0.02243	0.14690	0.08838	0.11748	0.02388	0.13069	0.02171	0.01603	0.05378	0.01320	0.00752	0.00672	0.00211	0.00881	0.00665	0.00398	0.00965
5	0.00926	0.00647	0.00823	0.00888	0.00924	0.00651	0.00576	0.01015	0.01140	0.01540	0.02760	0.33110	0.03190	0.34311	0.13833	0.00578	0.00746	0.01339	0.00496	0.00504
6	0.01378	0.00973	0.04608	0.00999	0.01297	0.00813	0.00832	0.01774	0.05793	0.14827	0.32497	0.04793	0.19541	0.01344	0.00781	0.00226	0.00442	0.05608	0.00708	0.00765
7	0.01543	0.04625	0.27343	0.23261	0.12791	0.03952	0.04183	0.06604	0.01557	0.02141	0.01235	0.01600	0.00938	0.00692	0.00746	0.00219	0.04743	0.00565	0.00332	0.00931
8	0.02515	0.01751	0.01796	0.01418	0.01899	0.07758	0.01154	0.44641	0.02685	0.15127	0.01839	0.01831	0.01299	0.00813	0.00654	0.00198	0.00713	0.00616	0.10225	0.01069
9	0.01372	0.03539	0.72412	0.01950	0.02961	0.01589	0.02528	0.02167	0.01444	0.02167	0.01228	0.01444	0.00867	0.00650	0.00650	0.00217	0.01011	0.00506	0.00289	0.01011
10	0.01689	0.33799	0.37529	0.01584	0.02368	0.05040	0.01842	0.02194	0.01466	0.05086	0.01172	0.01331	0.00909	0.00634	0.00562	0.00185	0.00884	0.00453	0.00318	0.00953
11	0.01604	0.05070	0.05296	0.01445	0.07493	0.01329	0.01089	0.05471	0.25192	0.09846	0.08640	0.08258	0.14165	0.01115	0.00718	0.00223	0.00552	0.00942	0.00629	0.00923
12	0.00822	0.00694	0.00712	0.00707	0.00932	0.00583	0.00530	0.01008	0.01591	0.01924	0.12366	0.06460	0.65928	0.01704	0.00808	0.00230	0.00345	0.01426	0.00645	0.00583
13	0.01041	0.00826	0.01221	0.01184	0.01292	0.01006	0.00933	0.01273	0.01093	0.01595	0.01719	0.02542	0.01611	0.04651	0.64588	0.01002	0.10718	0.00717	0.00358	0.00628
14	0.01886	0.35497	0.10997	0.01479	0.02014	0.18414	0.03232	0.04153	0.06158	0.01902	0.01388	0.01866	0.01231	0.00761	0.00582	0.00186	0.00871	0.06135	0.00374	0.00876

[dist]
# distance from previous block
# <min> <max>
0	11

[block]
# block no. 11 follows, 31 sequences, length 11
# corresponding to MSA columns:
# 680-690
name=unknown_L
#
# <colnr> <probs for GDERKNQSTAVLIFYWHMCP>
#	G	D	E	R	K	N	Q	S	T	A	V	L	I	F	Y	W	H	M	C	P
0	0.00966	0.00773	0.00876	0.00876	0.01070	0.00732	0.00646	0.01387	0.10310	0.02176	0.21587	0.19854	0.32959	0.01633	0.00807	0.00237	0.00376	0.01411	0.00672	0.00654
1	0.01169	0.00764	0.00863	0.00799	0.01062	0.00652	0.00613	0.01381	0.01683	0.12364	0.17311	0.05705	0.50036	0.01545	0.00791	0.00225	0.00377	0.01297	0.00687	0.00676
2	0.02226	0.01552	0.01730	0.01417	0.01853	0.01677	0.01147	0.44264	0.07738	0.09924	0.02257	0.13025	0.01943	0.01091	0.00729	0.00225	0.00662	0.04815	0.00690	0.01036
3	0.08175	0.09579	0.51420	0.01901	0.06354	0.07028	0.02147	0.02182	0.01459	0.02161	0.01171	0.01384	0.00870	0.00645	0.00612	0.00206	0.00952	0.00483	0.00308	0.00964
4	0.00878	0.00657	0.00817	0.00926	0.01036	0.00605	0.00674	0.01040	0.01409	0.01808	0.04537	0.42591	0.22459	0.04936	0.00972	0.00287	0.00433	0.12740	0.00625	0.00568
5	0.00913	0.00701	0.00843	0.00853	0.01032	0.00631	0.00654	0.01161	0.01697	0.02231	0.32494	0.11158	0.31427	0.01647	0.00830	0.00239	0.00377	0.09819	0.00683	0.00610
