[name]
unknown

[dist]
# distance from previous block
# <min> <max>
0	81

[block]
# block no. 0 follows, 30 sequences, length 41
# corresponding to MSA columns:
# 90-130
name=unknown_A
#
# <colnr> <probs for GDERKNQSTAVLIFYWHMCP>
#	G	D	E	R	K	N	Q	S	T	A	V	L	I	F	Y	W	H	M	C	P
0	0.07912	0.05178	0.15536	0.06393	0.05579	0.06385	0.07896	0.04186	0.01615	0.11083	0.01877	0.10265	0.01655	0.00930	0.00693	0.00220	0.00799	0.05023	0.00475	0.06299
1	0.01636	0.00961	0.01273	0.04680	0.06396	0.00978	0.00926	0.04110	0.05150	0.15295	0.12624	0.02855	0.02410	0.01676	0.13226	0.00360	0.00735	0.00773	0.23110	0.00825
2	0.02048	0.01927	0.02308	0.02250	0.15098	0.11302	0.07647	0.19594	0.15293	0.02786	0.01627	0.01809	0.01268	0.00832	0.00919	0.00226	0.10886	0.00650	0.00504	0.01025
3	0.00852	0.00693	0.00754	0.00770	0.00967	0.00596	0.00566	0.01042	0.01608	0.02000	0.15694	0.16472	0.51996	0.01780	0.00834	0.00240	0.00358	0.01517	0.00665	0.00596
4	0.02159	0.25258	0.13034	0.01695	0.02242	0.37737	0.04481	0.02465	0.01718	0.01786	0.01087	0.01276	0.00903	0.00668	0.00588	0.00179	0.01066	0.00453	0.00331	0.00874
5	0.01839	0.51597	0.05102	0.01271	0.01779	0.02316	0.01216	0.04906	0.01535	0.06110	0.05060	0.01739	0.01392	0.00899	0.02840	0.00208	0.06433	0.02477	0.00389	0.00891
6	0.00850	0.00607	0.00810	0.00972	0.01012	0.00567	0.00648	0.00972	0.01336	0.01781	0.03846	0.75020	0.04615	0.02186	0.00891	0.00283	0.00405	0.01984	0.00648	0.00567
7	0.01447	0.01240	0.01447	0.01034	0.01654	0.00930	0.00827	0.01757	0.01447	0.02274	0.01240	0.01447	0.01034	0.00517	0.00517	0.00103	0.00517	0.00413	0.00413	0.79742
8	0.02008	0.61963	0.03334	0.01310	0.01861	0.16184	0.01224	0.02223	0.01525	0.01654	0.00991	0.01146	0.00896	0.00620	0.00483	0.00155	0.00845	0.00388	0.00310	0.00879
9	0.01373	0.03426	0.67359	0.01918	0.02895	0.01560	0.02456	0.02153	0.01505	0.02247	0.05663	0.01711	0.01246	0.00711	0.00673	0.00221	0.00987	0.00563	0.00325	0.01008
10	0.00918	0.00703	0.00845	0.00852	0.01026	0.00630	0.00638	0.01164	0.01729	0.02288	0.34615	0.14905	0.29835	0.01680	0.00841	0.00240	0.00367	0.05402	0.00701	0.00620
11	0.00850	0.00607	0.00810	0.00972	0.01012	0.00567	0.00648	0.00972	0.01336	0.01781	0.03846	0.75020	0.04615	0.02186	0.00891	0.00283	0.00405	0.01984	0.00648	0.00567
12	0.01400	0.03610	0.71860	0.01989	0.03020	0.01621	0.02578	0.02210	0.01473	0.02210	0.01252	0.01473	0.00884	0.00663	0.00663	0.00221	0.01031	0.00516	0.00295	0.01031
13	0.01025	0.00742	0.00985	0.00973	0.01033	0.00824	0.00679	0.01150	0.01068	0.01493	0.01994	0.03581	0.02098	0.39154	0.36544	0.00875	0.03984	0.00872	0.00395	0.00531
14	0.00825	0.00707	0.00707	0.00707	0.00943	0.00589	0.00530	0.01001	0.01591	0.01885	0.07069	0.06716	0.70839	0.01767	0.00825	0.00236	0.00353	0.01473	0.00648	0.00589
15	0.00884	0.00639	0.00782	0.00880	0.00943	0.00596	0.00577	0.00986	0.01303	0.01700	0.03989	0.47741	0.14868	0.18982	0.01492	0.00366	0.00459	0.01678	0.00596	0.00537
16	0.08086	0.01861	0.01921	0.04227	0.02142	0.04983	0.01270	0.47211	0.14730	0.03835	0.01788	0.01789	0.01300	0.00833	0.00678	0.00214	0.00740	0.00631	0.00652	0.01110
17	0.00884	0.00636	0.00862	0.00987	0.01040	0.00626	0.00676	0.01022	0.01282	0.01731	0.03414	0.58679	0.04003	0.06480	0.13676	0.00451	0.00677	0.01716	0.00588	0.00569
18	0.00913	0.00711	0.00834	0.00871	0.01030	0.00651	0.00627	0.01190	0.04830	0.02101	0.19905	0.29911	0.30291	0.01798	0.00842	0.00249	0.00375	0.01571	0.00678	0.00621
19	0.01664	0.01325	0.01528	0.01127	0.01712	0.01111	0.00904	0.12241	0.01746	0.04771	0.01460	0.04453	0.01223	0.00645	0.00566	0.00131	0.00554	0.00519	0.00481	0.61841
20	0.01504	0.01274	0.01478	0.01061	0.01678	0.00989	0.00851	0.04941	0.01534	0.02375	0.01261	0.01458	0.01041	0.00532	0.00525	0.00108	0.00529	0.00424	0.00427	0.76011
21	0.00997	0.00748	0.01121	0.01121	0.01246	0.00872	0.00872	0.01246	0.01121	0.01620	0.01869	0.02741	0.01745	0.05234	0.72710	0.01121	0.01869	0.00748	0.00374	0.00623
22	0.08343	0.01681	0.05698	0.08574	0.44543	0.01624	0.11898	0.02088	0.01525	0.02280	0.01313	0.01740	0.01073	0.00816	0.03648	0.00252	0.00915	0.00632	0.00350	0.01004
23	0.01849	0.67107	0.03380	0.01185	0.01756	0.04941	0.01154	0.02079	0.01440	0.01711	0.01040	0.01200	0.00939	0.00607	0.00458	0.00149	0.00736	0.00389	0.03625	0.04254
24	0.00923	0.00667	0.00858	0.00986	0.01056	0.00633	0.00670	0.03761	0.01427	0.01894	0.03901	0.68963	0.07425	0.02112	0.00880	0.00278	0.00417	0.01905	0.00650	0.00593
25	0.01556	0.08220	0.29637	0.04343	0.10046	0.01810	0.22377	0.02134	0.01489	0.02113	0.01249	0.01612	0.00965	0.00691	0.00871	0.00228	0.08752	0.00622	0.00319	0.00966
26	0.01866	0.08177	0.23525	0.04643	0.04471	0.15079	0.11096	0.07004	0.01683	0.04571	0.01261	0.01537	0.00975	0.00749	0.00877	0.00220	0.10390	0.00569	0.00367	0.00942
27	0.01301	0.00650	0.00650	0.00650	0.00813	0.00650	0.00488	0.01626	0.01463	0.02602	0.02276	0.02602	0.01789	0.00813	0.00488	0.00163	0.00325	0.00650	0.79350	0.00650
28	0.01755	0.01330	0.01924	0.09765	0.16949	0.01390	0.04132	0.14323	0.03560	0.08001	0.02313	0.03781	0.02117	0.01114	0.00778	0.00247	0.00740	0.21414	0.03444	0.00922
29	0.01122	0.00755	0.01038	0.01069	0.01200	0.00725	0.02816	0.01383	0.04939	0.07368	0.08742	0.51968	0.04097	0.04612	0.04374	0.00323	0.00524	0.01637	0.00647	0.00659
30	0.00988	0.00713	0.00933	0.00878	0.01043	0.00658	0.00658	0.01317	0.01975	0.02798	0.70754	0.05213	0.06584	0.01427	0.00823	0.00219	0.00329	0.01262	0.00768	0.00658
31	0.01698	0.01034	0.01075	0.00931	0.01210	0.01095	0.00734	0.21372	0.01998	0.03130	0.02100	0.02329	0.01612	0.00820	0.00550	0.00176	0.00455	0.00644	0.56228	0.00808
32	0.01706	0.01637	0.02795	0.07847	0.67723	0.01653	0.02131	0.02123	0.01579	0.02254	0.01309	0.01734	0.01096	0.00626	0.00691	0.00209	0.00834	0.00622	0.00344	0.01088
33	0.01318	0.01240	0.02093	0.73798	0.04806	0.01550	0.01938	0.01783	0.01395	0.01783	0.01240	0.01860	0.00930	0.00698	0.00698	0.00233	0.00930	0.00620	0.00310	0.00775
34	0.01212	0.00606	0.00909	0.00909	0.00909	0.00606	0.00606	0.00909	0.00909	0.01212	0.01212	0.02121	0.01212	0.02424	0.02727	0.79697	0.00606	0.00606	0.00303	0.00303
35	0.01641	0.01555	0.04379	0.11661	0.02206	0.10860	0.07770	0.04691	0.01497	0.04486	0.01527	0.02077	0.01282	0.05841	0.04520	0.03559	0.14179	0.00651	0.14854	0.00763
36	0.10436	0.01423	0.03917	0.27278	0.04920	0.04601	0.04604	0.08680	0.01635	0.06299	0.01958	0.12851	0.04336	0.00989	0.00751	0.00234	0.02965	0.00835	0.00464	0.00827
37	0.01749	0.01079	0.01190	0.01061	0.01369	0.03637	0.00819	0.07388	0.09538	0.18082	0.08216	0.13608	0.14639	0.01244	0.00723	0.00221	0.00498	0.01045	0.13045	0.00849
38	0.01495	0.00963	0.01172	0.01044	0.01327	0.00950	0.00808	0.02163	0.16781	0.14184	0.40067	0.04279	0.09407	0.01253	0.00778	0.00224	0.00424	0.01081	0.00763	0.00839
39	0.01820	0.01853	0.05004	0.03093	0.37133	0.08901	0.10186	0.08348	0.04696	0.02423	0.01590	0.04244	0.01354	0.00763	0.00712	0.00215	0.00871	0.03005	0.02776	0.01012
40	0.02430	0.02821	0.01935	0.04788	0.04047	0.53255	0.01335	0.11347	0.02095	0.02153	0.03646	0.01540	0.01175	0.00759	0.00644	0.00187	0.01101	0.00521	0.03366	0.00854

[dist]
# distance from previous block
# <min> <max>
0	28

[block]
# block no. 1 follows, 30 sequences, length 24
# corresponding to MSA columns:
# 159-170,179-190
name=unknown_B
#
# <colnr> <probs for GDERKNQSTAVLIFYWHMCP>
#	G	D	E	R	K	N	Q	S	T	A	V	L	I	F	Y	W	H	M	C	P
0	0.00966	0.00696	0.00913	0.00893	0.01038	0.00644	0.00657	0.01262	0.01874	0.02637	0.60121	0.16307	0.06271	0.01547	0.00834	0.00230	0.00341	0.01377	0.00749	0.00644
1	0.01158	0.00983	0.01230	0.11655	0.01775	0.03476	0.03847	0.01500	0.04559	0.04626	0.14627	0.08232	0.34503	0.01427	0.00797	0.00235	0.00533	0.03539	0.00603	0.00695
2	0.01523	0.03473	0.13333	0.30403	0.17296	0.01560	0.05154	0.01992	0.01491	0.05590	0.01614	0.02184	0.03360	0.00791	0.00784	0.00230	0.04417	0.03532	0.00370	0.00903
3	0.01373	0.01289	0.01857	0.22331	0.05715	0.01631	0.01458	0.01765	0.06710	0.01842	0.01874	0.07236	0.06292	0.04570	0.01494	0.00285	0.30315	0.00801	0.00394	0.00768
4	0.02081	0.01803	0.02110	0.05517	0.25804	0.13299	0.01515	0.14721	0.05140	0.09944	0.01970	0.06956	0.04277	0.00876	0.00703	0.00213	0.00807	0.00738	0.00517	0.01008
5	0.01581	0.01799	0.11767	0.14505	0.30414	0.01590	0.09217	0.05197	0.06273	0.02291	0.01764	0.04698	0.04227	0.00775	0.00717	0.00222	0.00853	0.00728	0.00399	0.00986
6	0.01764	0.01137	0.01404	0.09174	0.03889	0.03982	0.01030	0.06139	0.04948	0.19453	0.03136	0.16977	0.12124	0.01433	0.04127	0.00274	0.02699	0.01038	0.04422	0.00849
7	0.02098	0.05718	0.05456	0.01965	0.09903	0.31367	0.01453	0.04507	0.04683	0.05284	0.01318	0.01644	0.01107	0.03215	0.03611	0.00260	0.14583	0.00559	0.00395	0.00874
8	0.00915	0.00634	0.00791	0.00889	0.00914	0.00610	0.00560	0.00989	0.01210	0.01614	0.03201	0.47446	0.03802	0.30870	0.01932	0.00437	0.00511	0.01605	0.00560	0.00510
9	0.01565	0.01789	0.08106	0.01995	0.02370	0.07076	0.21634	0.02049	0.06061	0.02010	0.01431	0.01901	0.01193	0.01469	0.11206	0.00370	0.22292	0.00688	0.03955	0.00841
10	0.01656	0.01638	0.02537	0.26420	0.45141	0.06466	0.02022	0.02071	0.01553	0.02081	0.01273	0.01738	0.01035	0.00653	0.00689	0.00213	0.00891	0.00609	0.00335	0.00979
11	0.20672	0.01417	0.01603	0.01259	0.01779	0.01435	0.01040	0.19534	0.02135	0.39058	0.02075	0.01915	0.01369	0.00808	0.00639	0.00214	0.00625	0.00609	0.00723	0.01089
12	0.00881	0.00683	0.00803	0.00828	0.00991	0.00604	0.00600	0.01090	0.01642	0.02137	0.25657	0.24038	0.34000	0.01772	0.00841	0.00243	0.00359	0.01542	0.00685	0.00604
13	0.02083	0.01299	0.03608	0.01369	0.04801	0.01227	0.01059	0.17213	0.06023	0.24341	0.09626	0.12549	0.09399	0.01168	0.00749	0.00227	0.00579	0.00984	0.00717	0.00980
14	0.01783	0.34660	0.08924	0.01333	0.01796	0.16853	0.01222	0.02083	0.03262	0.01754	0.01367	0.03580	0.01262	0.07178	0.07124	0.00297	0.00944	0.00549	0.03212	0.00816
15	0.21564	0.01046	0.00995	0.00946	0.01118	0.04336	0.00668	0.04673	0.01259	0.02038	0.01890	0.03515	0.01995	0.40247	0.06170	0.00513	0.00737	0.05251	0.00448	0.00589
16	0.02223	0.16703	0.02274	0.13005	0.02430	0.26046	0.01354	0.17018	0.02039	0.04876	0.01333	0.01524	0.01040	0.00728	0.00616	0.00189	0.00929	0.00520	0.04246	0.00910
17	0.00913	0.00693	0.00846	0.00911	0.01039	0.00644	0.00643	0.01173	0.04642	0.02064	0.18175	0.41546	0.20386	0.01877	0.00853	0.00257	0.00384	0.01663	0.00675	0.00615
18	0.01489	0.01301	0.07304	0.18488	0.05574	0.01209	0.04514	0.08635	0.01614	0.06932	0.02158	0.17724	0.02057	0.08757	0.01015	0.00277	0.00707	0.00961	0.08487	0.00797
19	0.01212	0.00606	0.00909	0.00909	0.00909	0.00606	0.00606	0.00909	0.00909	0.01212	0.01212	0.02121	0.01212	0.02424	0.02727	0.79697	0.00606	0.00606	0.00303	0.00303
20	0.01775	0.02442	0.19495	0.05462	0.11558	0.16724	0.14740	0.05435	0.01704	0.02179	0.04649	0.01863	0.01304	0.03477	0.00877	0.00233	0.04146	0.00643	0.00375	0.00921
21	0.01972	0.05481	0.08757	0.01522	0.01994	0.10277	0.04228	0.16167	0.15393	0.08326	0.07941	0.02495	0.07054	0.00944	0.00776	0.00218	0.04152	0.00745	0.00582	0.00976
22	0.01046	0.01066	0.09665	0.01013	0.01233	0.00808	0.00860	0.01241	0.01374	0.01877	0.09698	0.16677	0.18837	0.11208	0.03635	0.09038	0.03571	0.01163	0.05385	0.00606
23	0.05266	0.01609	0.04986	0.01367	0.01814	0.03605	0.01133	0.19303	0.22457	0.02983	0.05511	0.06431	0.04342	0.00959	0.00747	0.00212	0.03623	0.00762	0.00603	0.12287

[dist]
# distance from previous block
# <min> <max>
3	23

[block]
# block no. 2 follows, 30 sequences, length 15
# corresponding to MSA columns:
# 216-230
name=unknown_C
#
# <colnr> <probs for GDERKNQSTAVLIFYWHMCP>
#	G	D	E	R	K	N	Q	S	T	A	V	L	I	F	Y	W	H	M	C	P
0	0.06984	0.04618	0.01557	0.01278	0.01654	0.05082	0.01031	0.06912	0.16750	0.15105	0.04410	0.09175	0.04062	0.01100	0.00780	0.00228	0.04048	0.07440	0.00628	0.07158
1	0.01723	0.01513	0.01618	0.01228	0.01780	0.06003	0.00984	0.11916	0.05392	0.02559	0.01365	0.01534	0.01100	0.00634	0.00645	0.00141	0.04054	0.00477	0.00463	0.54870
2	0.01580	0.01196	0.01366	0.04866	0.01669	0.01277	0.00972	0.13618	0.21221	0.06083	0.13913	0.06503	0.14147	0.04291	0.00880	0.00252	0.00547	0.04062	0.00677	0.00881
3	0.00825	0.00707	0.00707	0.00707	0.00943	0.00589	0.00530	0.01001	0.01591	0.01885	0.07069	0.06716	0.70839	0.01767	0.00825	0.00236	0.00353	0.01473	0.00648	0.00589
4	0.11712	0.01446	0.01629	0.01326	0.01814	0.01517	0.01075	0.15888	0.22150	0.30409	0.02362	0.02162	0.01628	0.00858	0.00672	0.00221	0.00609	0.00675	0.00736	0.01112
5	0.17342	0.01630	0.05981	0.03040	0.43299	0.01542	0.01724	0.02318	0.01566	0.12953	0.01461	0.01695	0.01119	0.00666	0.00640	0.00211	0.00747	0.00580	0.00438	0.01045
6	0.01318	0.01240	0.02093	0.73798	0.04806	0.01550	0.01938	0.01783	0.01395	0.01783	0.01240	0.01860	0.00930	0.00698	0.00698	0.00233	0.00930	0.00620	0.00310	0.00775
7	0.01144	0.00921	0.01233	0.01153	0.01191	0.01120	0.00851	0.01260	0.01062	0.01521	0.01761	0.03207	0.01868	0.34351	0.24533	0.00716	0.20330	0.00826	0.00377	0.00574
8	0.02692	0.01687	0.01900	0.01466	0.01991	0.01789	0.01200	0.48154	0.02827	0.21804	0.01984	0.02010	0.01399	0.04754	0.00849	0.00236	0.00718	0.00668	0.00727	0.01147
9	0.01527	0.01527	0.02137	0.01832	0.01832	0.02137	0.01527	0.01679	0.01069	0.01679	0.00916	0.01527	0.00916	0.01221	0.02290	0.00305	0.74198	0.00611	0.00305	0.00763
10	0.02677	0.01647	0.01875	0.01454	0.01981	0.01734	0.01195	0.43332	0.05630	0.24285	0.05368	0.02093	0.01647	0.00878	0.00706	0.00213	0.00686	0.00687	0.00751	0.01158
11	0.02983	0.01231	0.01611	0.01243	0.01764	0.01114	0.01024	0.09556	0.02090	0.61316	0.02623	0.02321	0.01679	0.00858	0.00689	0.00212	0.00595	0.00692	0.05240	0.01157
12	0.01659	0.00923	0.01038	0.00909	0.01176	0.00925	0.00711	0.11957	0.01902	0.10997	0.15661	0.02946	0.02630	0.00943	0.00610	0.00187	0.00425	0.00773	0.42830	0.00796
13	0.01294	0.00977	0.01291	0.16775	0.02025	0.01047	0.01036	0.05192	0.08181	0.05491	0.10351	0.14585	0.14157	0.01585	0.05571	0.00298	0.00649	0.04249	0.04495	0.00750
14	0.01286	0.01168	0.01764	0.01548	0.01659	0.01474	0.06385	0.01515	0.01167	0.01747	0.01549	0.06518	0.01501	0.02717	0.28405	0.00598	0.33699	0.00764	0.03830	0.00708

[dist]
# distance from previous block
# <min> <max>
1	8

[block]
# block no. 3 follows, 30 sequences, length 63
# corresponding to MSA columns:
# 239-266,276-310
name=unknown_D
#
# <colnr> <probs for GDERKNQSTAVLIFYWHMCP>
#	G	D	E	R	K	N	Q	S	T	A	V	L	I	F	Y	W	H	M	C	P
0	0.02579	0.06047	0.02040	0.01775	0.02144	0.70053	0.01343	0.02760	0.01957	0.01705	0.01075	0.01253	0.00899	0.00715	0.00622	0.00179	0.01239	0.00447	0.00357	0.00812
1	0.02436	0.01819	0.01884	0.01490	0.01959	0.06214	0.01198	0.51808	0.02815	0.07065	0.01755	0.02039	0.01363	0.09202	0.03472	0.00291	0.00817	0.00668	0.00644	0.01060
2	0.01124	0.00803	0.01124	0.01285	0.01446	0.00803	0.01124	0.01446	0.01606	0.02088	0.03695	0.07871	0.04016	0.01928	0.00964	0.00321	0.00643	0.66426	0.00643	0.00643
3	0.00998	0.00745	0.01107	0.01107	0.01226	0.00864	0.00854	0.01237	0.01117	0.01609	0.01883	0.02816	0.01777	0.08118	0.69870	0.01103	0.01820	0.00759	0.00376	0.00615
4	0.00978	0.00713	0.00919	0.00867	0.01036	0.00654	0.00651	0.01298	0.01952	0.02742	0.66859	0.05305	0.10515	0.01447	0.00823	0.00220	0.00331	0.01275	0.00761	0.00654
5	0.01015	0.00677	0.00761	0.00761	0.00761	0.00677	0.00423	0.01015	0.01015	0.01353	0.02199	0.04567	0.02537	0.75476	0.03552	0.00677	0.00677	0.01015	0.00423	0.00423
6	0.80405	0.01350	0.01026	0.00918	0.01350	0.01565	0.00756	0.02051	0.01188	0.03131	0.00972	0.01134	0.00756	0.00648	0.00432	0.00216	0.00540	0.00378	0.00432	0.00756
7	0.80405	0.01350	0.01026	0.00918	0.01350	0.01565	0.00756	0.02051	0.01188	0.03131	0.00972	0.01134	0.00756	0.00648	0.00432	0.00216	0.00540	0.00378	0.00432	0.00756
8	0.16291	0.00843	0.00833	0.00769	0.01025	0.00865	0.00600	0.01911	0.01474	0.10694	0.02088	0.02301	0.01589	0.00788	0.00502	0.00179	0.00396	0.00605	0.55515	0.00732
9	0.02105	0.01634	0.01750	0.01472	0.01928	0.01842	0.01174	0.25105	0.44665	0.06739	0.02453	0.02287	0.01800	0.00907	0.00706	0.00227	0.00625	0.00732	0.00714	0.01136
10	0.02326	0.04510	0.01810	0.01439	0.04421	0.01646	0.01130	0.33152	0.08384	0.15342	0.01988	0.01983	0.01429	0.00814	0.00649	0.00198	0.00642	0.00637	0.12339	0.05164
11	0.02079	0.01599	0.01688	0.05166	0.01980	0.05998	0.01155	0.21076	0.29466	0.09640	0.02239	0.02292	0.01685	0.04087	0.03326	0.00270	0.00720	0.00709	0.03786	0.01037
12	0.01786	0.23777	0.02007	0.01156	0.01540	0.01696	0.00998	0.19304	0.01905	0.02621	0.01869	0.05317	0.01664	0.01010	0.00719	0.04609	0.00619	0.07166	0.19396	0.00842
13	0.01764	0.01513	0.01594	0.01426	0.01825	0.01749	0.01111	0.05736	0.67787	0.02965	0.02804	0.02575	0.02101	0.00943	0.00710	0.00236	0.00559	0.00784	0.00710	0.01107
14	0.01848	0.01514	0.01611	0.01424	0.01835	0.01733	0.01115	0.07677	0.63064	0.05768	0.02765	0.02538	0.02056	0.00937	0.00709	0.00234	0.00567	0.00776	0.00715	0.01113
15	0.01015	0.00677	0.00761	0.00761	0.00761	0.00677	0.00423	0.01015	0.01015	0.01353	0.02199	0.04567	0.02537	0.75476	0.03552	0.00677	0.00677	0.01015	0.00423	0.00423
16	0.02607	0.03326	0.01978	0.01798	0.02157	0.72674	0.01348	0.02787	0.01978	0.01708	0.01079	0.01258	0.00899	0.00719	0.00629	0.00180	0.01258	0.00449	0.00360	0.00809
17	0.01866	0.75896	0.03657	0.01194	0.01791	0.02761	0.01194	0.02090	0.01418	0.01642	0.00970	0.01119	0.00896	0.00597	0.00448	0.00149	0.00746	0.00373	0.00299	0.00896
18	0.00849	0.00612	0.00804	0.00958	0.01009	0.00568	0.00642	0.00973	0.01349	0.01787	0.04013	0.71474	0.08053	0.02164	0.00887	0.00281	0.00402	0.01957	0.00648	0.00568
19	0.01212	0.00606	0.00909	0.00909	0.00909	0.00606	0.00606	0.00909	0.00909	0.01212	0.01212	0.02121	0.01212	0.02424	0.02727	0.79697	0.00606	0.00606	0.00303	0.00303
20	0.01457	0.01269	0.02130	0.51563	0.13091	0.01470	0.03786	0.01894	0.01481	0.05517	0.01576	0.02464	0.01304	0.00815	0.00727	0.00237	0.00878	0.07132	0.00378	0.00832
21	0.00910	0.00632	0.00792	0.00895	0.00921	0.00607	0.00566	0.00987	0.01219	0.01626	0.03247	0.49387	0.03859	0.28851	0.01859	0.00426	0.00504	0.01631	0.00566	0.00514
22	0.01866	0.75896	0.03657	0.01194	0.01791	0.02761	0.01194	0.02090	0.01418	0.01642	0.00970	0.01119	0.00896	0.00597	0.00448	0.00149	0.00746	0.00373	0.00299	0.00896
23	0.00850	0.00607	0.00810	0.00972	0.01012	0.00567	0.00648	0.00972	0.01336	0.01781	0.03846	0.75020	0.04615	0.02186	0.00891	0.00283	0.00405	0.01984	0.00648	0.00567
24	0.04619	0.17401	0.02296	0.01494	0.02009	0.10437	0.01251	0.35466	0.12710	0.03251	0.01614	0.01635	0.01222	0.00785	0.00632	0.00198	0.00782	0.00571	0.00570	0.01057
25	0.01650	0.01641	0.06439	0.09945	0.25949	0.01689	0.01666	0.05196	0.23411	0.02439	0.01873	0.04995	0.01532	0.00864	0.00850	0.00232	0.07412	0.00724	0.00478	0.01016
26	0.01319	0.01197	0.01980	0.53851	0.10284	0.01421	0.01805	0.01753	0.01453	0.01886	0.01706	0.02971	0.01523	0.00920	0.00747	0.00247	0.00867	0.12914	0.00375	0.00781
27	0.01696	0.01730	0.09273	0.20047	0.14933	0.01646	0.12701	0.07746	0.09855	0.05960	0.01758	0.02043	0.03361	0.00764	0.00774	0.00228	0.03376	0.00695	0.00441	0.00973
28	0.01212	0.00606	0.00909	0.00909	0.00909	0.00606	0.00606	0.00909	0.00909	0.01212	0.01212	0.02121	0.01212	0.02424	0.02727	0.79697	0.00606	0.00606	0.00303	0.00303
29	0.01336	0.04008	0.08061	0.01143	0.01492	0.01031	0.03256	0.06956	0.04278	0.06743	0.33327	0.07912	0.15096	0.01291	0.00776	0.00223	0.00508	0.01113	0.00663	0.00786
30	0.01318	0.01240	0.02093	0.73798	0.04806	0.01550	0.01938	0.01783	0.01395	0.01783	0.01240	0.01860	0.00930	0.00698	0.00698	0.00233	0.00930	0.00620	0.00310	0.00775
31	0.01345	0.01132	0.01338	0.01023	0.01544	0.00868	0.00796	0.01623	0.01428	0.02190	0.01685	0.14006	0.01645	0.00802	0.00581	0.00134	0.00498	0.00682	0.00453	0.66226
32	0.01007	0.00864	0.00892	0.00958	0.01089	0.06232	0.00677	0.01169	0.01513	0.01898	0.11127	0.40129	0.21920	0.04386	0.00939	0.00271	0.00466	0.03235	0.00630	0.00598
33	0.02339	0.01523	0.01713	0.01416	0.01889	0.01644	0.01136	0.19268	0.35226	0.22133	0.02536	0.02318	0.01793	0.00898	0.00705	0.00224	0.00615	0.00726	0.00749	0.01147
34	0.01256	0.00962	0.01253	0.04041	0.01647	0.01022	0.01151	0.01920	0.15521	0.02246	0.03428	0.06571	0.03515	0.01681	0.00902	0.00301	0.00635	0.50561	0.00644	0.00742
35	0.80405	0.01350	0.01026	0.00918	0.01350	0.01565	0.00756	0.02051	0.01188	0.03131	0.00972	0.01134	0.00756	0.00648	0.00432	0.00216	0.00540	0.00378	0.00432	0.00756
36	0.02115	0.01794	0.01810	0.03992	0.02068	0.07400	0.01231	0.26716	0.38562	0.03312	0.02234	0.02143	0.01658	0.00882	0.00699	0.00222	0.00697	0.00700	0.00665	0.01100
37	0.00997	0.00748	0.01121	0.01121	0.01246	0.00872	0.00872	0.01246	0.01121	0.01620	0.01869	0.02741	0.01745	0.05234	0.72710	0.01121	0.01869	0.00748	0.00374	0.00623
38	0.01447	0.01240	0.01447	0.01034	0.01654	0.00930	0.00827	0.01757	0.01447	0.02274	0.01240	0.01447	0.01034	0.00517	0.00517	0.00103	0.00517	0.00413	0.00413	0.79742
39	0.02485	0.01815	0.01953	0.01515	0.02030	0.01998	0.01245	0.61408	0.03113	0.04213	0.05930	0.01937	0.01546	0.00873	0.00696	0.00208	0.00720	0.00668	0.04519	0.01128
40	0.01447	0.01240	0.01447	0.01034	0.01654	0.00930	0.00827	0.01757	0.01447	0.02274	0.01240	0.01447	0.01034	0.00517	0.00517	0.00103	0.00517	0.00413	0.00413	0.79742
41	0.01727	0.01658	0.02832	0.04283	0.71123	0.01658	0.02142	0.02142	0.01589	0.02280	0.01313	0.01727	0.01105	0.00622	0.00691	0.00207	0.00829	0.00622	0.00345	0.01105
42	0.17549	0.01247	0.01527	0.01195	0.01715	0.01170	0.00987	0.05663	0.01895	0.56229	0.02379	0.02116	0.01525	0.00822	0.00651	0.00216	0.00590	0.00638	0.00777	0.01107
43	0.10688	0.00984	0.01009	0.00905	0.01169	0.01060	0.00712	0.14188	0.01738	0.02905	0.01974	0.02272	0.01552	0.01220	0.07410	0.00269	0.00580	0.00624	0.47981	0.00760
44	0.05219	0.01216	0.01579	0.01233	0.01747	0.01108	0.01012	0.05468	0.06147	0.60602	0.02653	0.02338	0.01708	0.00860	0.00686	0.00215	0.00585	0.00693	0.03779	0.01150
45	0.02279	0.01769	0.01884	0.01530	0.02022	0.01989	0.01236	0.42255	0.30431	0.03795	0.02150	0.02054	0.01571	0.00882	0.00703	0.00221	0.00680	0.00694	0.00703	0.01153
46	0.01012	0.00730	0.00991	0.01143	0.01267	0.00709	0.00925	0.01256	0.01513	0.01971	0.03949	0.30847	0.08223	0.02007	0.00930	0.00303	0.00544	0.40420	0.00645	0.00613
47	0.01028	0.00698	0.00901	0.00894	0.01042	0.00645	0.00654	0.01301	0.01783	0.04524	0.47079	0.21774	0.07838	0.01572	0.00818	0.00232	0.00356	0.01394	0.04818	0.00649
48	0.01404	0.00986	0.03883	0.04847	0.01479	0.01001	0.00939	0.04173	0.01423	0.08422	0.02099	0.02571	0.03585	0.02588	0.28906	0.00561	0.05549	0.00707	0.24143	0.00735
49	0.01073	0.00774	0.01151	0.01130	0.01223	0.00909	0.00867	0.01213	0.01078	0.01548	0.01681	0.02542	0.01588	0.04434	0.54820	0.15745	0.06580	0.00712	0.00356	0.00573
50	0.04433	0.01905	0.02694	0.16206	0.33421	0.14285	0.12732	0.02203	0.01619	0.02109	0.01262	0.01673	0.01017	0.00648	0.00694	0.00212	0.00971	0.00615	0.00346	0.00954
51	0.04627	0.26456	0.10929	0.04709	0.20281	0.15257	0.01656	0.02220	0.01552	0.01946	0.01121	0.01387	0.00947	0.00663	0.00648	0.00190	0.03660	0.00487	0.00327	0.00936
52	0.02118	0.01869	0.04716	0.01763	0.04280	0.12460	0.11724	0.20188	0.07998	0.10113	0.01988	0.09327	0.01634	0.00916	0.00714	0.00217	0.00817	0.00788	0.05391	0.00979
53	0.00891	0.00624	0.00798	0.00919	0.00950	0.00594	0.00592	0.00982	0.01256	0.01675	0.03437	0.57544	0.04100	0.20366	0.01551	0.00381	0.00472	0.01743	0.00592	0.00531
54	0.00887	0.00709	0.00794	0.00773	0.00981	0.00616	0.00579	0.01123	0.01738	0.02236	0.31512	0.06139	0.46178	0.01637	0.00824	0.00229	0.00344	0.01392	0.00694	0.00616
55	0.00864	0.00618	0.00822	0.00962	0.01015	0.00576	0.00649	0.01006	0.01400	0.01883	0.10512	0.68066	0.04812	0.02111	0.00884	0.00277	0.00397	0.01912	0.00660	0.00576
56	0.01014	0.00680	0.00779	0.00779	0.00785	0.00686	0.00445	0.01026	0.01020	0.01366	0.02183	0.04478	0.02499	0.72067	0.06908	0.00698	0.00734	0.01002	0.00420	0.00433
57	0.80405	0.01350	0.01026	0.00918	0.01350	0.01565	0.00756	0.02051	0.01188	0.03131	0.00972	0.01134	0.00756	0.00648	0.00432	0.00216	0.00540	0.00378	0.00432	0.00756
58	0.80405	0.01350	0.01026	0.00918	0.01350	0.01565	0.00756	0.02051	0.01188	0.03131	0.00972	0.01134	0.00756	0.00648	0.00432	0.00216	0.00540	0.00378	0.00432	0.00756
59	0.01212	0.00606	0.00909	0.00909	0.00909	0.00606	0.00606	0.00909	0.00909	0.01212	0.01212	0.02121	0.01212	0.02424	0.02727	0.79697	0.00606	0.00606	0.00303	0.00303
60	0.01975	0.01589	0.01989	0.20561	0.02790	0.01808	0.04082	0.24926	0.24622	0.05351	0.01970	0.02061	0.01443	0.00828	0.00707	0.00226	0.00750	0.00689	0.00592	0.01042
61	0.01256	0.01131	0.01616	0.01470	0.01529	0.01492	0.01190	0.01452	0.01103	0.01656	0.01470	0.04915	0.01442	0.03115	0.34816	0.00682	0.37898	0.00727	0.00350	0.00691
62	0.01606	0.01293	0.01503	0.01085	0.01698	0.01028	0.00873	0.06920	0.01608	0.05195	0.01334	0.01501	0.01073	0.00555	0.00538	0.00116	0.00539	0.00441	0.00453	0.70642

[dist]
# distance from previous block
# <min> <max>
5	12

[block]
# block no. 4 follows, 30 sequences, length 19
# corresponding to MSA columns:
# 323-341
name=unknown_E
#
# <colnr> <probs for GDERKNQSTAVLIFYWHMCP>
#	G	D	E	R	K	N	Q	S	T	A	V	L	I	F	Y	W	H	M	C	P
0	0.02364	0.27290	0.02539	0.01589	0.02036	0.46099	0.01296	0.05761	0.01856	0.01817	0.01072	0.01233	0.00912	0.00684	0.00572	0.00171	0.01065	0.00433	0.00356	0.00856
1	0.01445	0.09155	0.64157	0.01961	0.02947	0.01714	0.04822	0.02202	0.01475	0.02167	0.01236	0.01460	0.00891	0.00655	0.00652	0.00216	0.01014	0.00516	0.00297	0.01018
2	0.00848	0.00615	0.00802	0.00951	0.01007	0.00569	0.00639	0.00974	0.01356	0.01789	0.04096	0.69722	0.09752	0.02154	0.00886	0.00280	0.00401	0.01944	0.00648	0.00569
3	0.01527	0.01527	0.02137	0.01832	0.01832	0.02137	0.01527	0.01679	0.01069	0.01679	0.00916	0.01527	0.00916	0.01221	0.02290	0.00305	0.74198	0.00611	0.00305	0.00763
4	0.01039	0.00920	0.03978	0.01048	0.01267	0.00823	0.03313	0.01431	0.06375	0.02229	0.27605	0.13227	0.15812	0.06299	0.11080	0.00385	0.00656	0.01221	0.00618	0.00674
5	0.00997	0.00748	0.01121	0.01121	0.01246	0.00872	0.00872	0.01246	0.01121	0.01620	0.01869	0.02741	0.01745	0.05234	0.72710	0.01121	0.01869	0.00748	0.00374	0.00623
6	0.05980	0.29978	0.02463	0.01343	0.01839	0.12666	0.01163	0.23367	0.02087	0.02703	0.01350	0.01475	0.01077	0.00717	0.00558	0.00178	0.00774	0.00495	0.08845	0.00942
7	0.00903	0.00725	0.00814	0.00845	0.01032	0.00653	0.00624	0.01171	0.04610	0.02022	0.13327	0.21926	0.42300	0.01794	0.00841	0.00249	0.00384	0.04498	0.00664	0.00617
8	0.06277	0.05760	0.17935	0.01496	0.05220	0.03360	0.01367	0.02387	0.09963	0.14625	0.10463	0.05072	0.02065	0.00866	0.00663	0.00204	0.00676	0.00708	0.00545	0.10348
9	0.05327	0.04617	0.10447	0.01949	0.12917	0.01803	0.01495	0.26127	0.14535	0.09131	0.01868	0.03581	0.01408	0.00820	0.00680	0.00216	0.00736	0.00662	0.00584	0.01098
10	0.02571	0.06853	0.02059	0.01768	0.02140	0.69276	0.01341	0.02753	0.01950	0.01705	0.01073	0.01252	0.00899	0.00713	0.00620	0.00178	0.01234	0.00446	0.00357	0.00813
11	0.01401	0.01296	0.02155	0.48652	0.19654	0.01521	0.01856	0.01828	0.01418	0.01919	0.01322	0.01896	0.01048	0.00942	0.04551	0.00273	0.03262	0.00628	0.03540	0.00838
12	0.01212	0.00606	0.00909	0.00909	0.00909	0.00606	0.00606	0.00909	0.00909	0.01212	0.01212	0.02121	0.01212	0.02424	0.02727	0.79697	0.00606	0.00606	0.00303	0.00303
13	0.01748	0.01408	0.01418	0.01273	0.01615	0.07089	0.00987	0.13164	0.24833	0.07657	0.03406	0.14143	0.14101	0.01259	0.00755	0.00235	0.00593	0.02728	0.00669	0.00918
14	0.01705	0.00927	0.01162	0.04842	0.01459	0.00890	0.00824	0.06907	0.01807	0.20397	0.13851	0.15091	0.10082	0.01242	0.00724	0.00220	0.00477	0.01060	0.15516	0.00818
15	0.01174	0.00919	0.01175	0.10736	0.01667	0.00941	0.00906	0.01405	0.01514	0.06372	0.07897	0.07703	0.33916	0.04734	0.01069	0.00260	0.08165	0.04599	0.00566	0.04280
16	0.02141	0.06659	0.01812	0.01523	0.01852	0.44179	0.01171	0.06154	0.03616	0.01988	0.04433	0.04921	0.07962	0.00934	0.00728	0.00197	0.04227	0.00667	0.04040	0.00798
17	0.03747	0.04633	0.01784	0.01432	0.01870	0.05408	0.03109	0.14655	0.32770	0.11816	0.02408	0.07577	0.01894	0.00955	0.00698	0.00222	0.00647	0.00786	0.00664	0.02924
18	0.01509	0.04140	0.03386	0.01169	0.01481	0.01098	0.00923	0.02181	0.19096	0.11241	0.05708	0.27402	0.03002	0.03432	0.00834	0.00248	0.00524	0.03711	0.00644	0.08273

[dist]
# distance from previous block
# <min> <max>
1	2

[block]
# block no. 5 follows, 30 sequences, length 27
# corresponding to MSA columns:
# 344-370
name=unknown_F
#
# <colnr> <probs for GDERKNQSTAVLIFYWHMCP>
#	G	D	E	R	K	N	Q	S	T	A	V	L	I	F	Y	W	H	M	C	P
0	0.14692	0.01534	0.01584	0.01324	0.01769	0.01708	0.01063	0.24536	0.26281	0.03331	0.01987	0.01995	0.01496	0.01003	0.03560	0.00248	0.00661	0.00638	0.04720	0.05870
1	0.01447	0.01240	0.01447	0.01034	0.01654	0.00930	0.00827	0.01757	0.01447	0.02274	0.01240	0.01447	0.01034	0.00517	0.00517	0.00103	0.00517	0.00413	0.00413	0.79742
2	0.01447	0.01240	0.01447	0.01034	0.01654	0.00930	0.00827	0.01757	0.01447	0.02274	0.01240	0.01447	0.01034	0.00517	0.00517	0.00103	0.00517	0.00413	0.00413	0.79742
3	0.05084	0.01306	0.01505	0.01101	0.01700	0.01081	0.00888	0.08143	0.01656	0.08844	0.01407	0.01540	0.01099	0.00584	0.00547	0.00128	0.00548	0.00458	0.00482	0.61898
4	0.01346	0.01063	0.01280	0.01306	0.01553	0.01151	0.01076	0.02305	0.28235	0.02438	0.06853	0.08042	0.03435	0.01528	0.00855	0.00282	0.00583	0.35173	0.00676	0.00821
5	0.02853	0.01426	0.01742	0.01358	0.01887	0.01407	0.01115	0.20912	0.09665	0.46230	0.02474	0.02213	0.01626	0.00866	0.00702	0.00216	0.00636	0.00692	0.00803	0.01178
6	0.59752	0.01306	0.01184	0.01004	0.01465	0.01421	0.00828	0.02412	0.01404	0.21432	0.01448	0.01465	0.01015	0.00705	0.00504	0.00216	0.00554	0.00464	0.00547	0.00871
7	0.01527	0.01527	0.02137	0.01832	0.01832	0.02137	0.01527	0.01679	0.01069	0.01679	0.00916	0.01527	0.00916	0.01221	0.02290	0.00305	0.74198	0.00611	0.00305	0.00763
8	0.02605	0.01931	0.02067	0.01596	0.02146	0.02142	0.01315	0.65395	0.06759	0.04321	0.01736	0.01724	0.01236	0.00843	0.00699	0.00211	0.00757	0.00637	0.00699	0.01182
9	0.02993	0.01157	0.01575	0.01218	0.01734	0.01002	0.01002	0.03267	0.01996	0.67181	0.07126	0.02558	0.02040	0.00900	0.00710	0.00216	0.00577	0.00738	0.00858	0.01154
10	0.02226	0.01704	0.01812	0.01477	0.01950	0.01910	0.01192	0.40270	0.28123	0.03733	0.02149	0.02080	0.01577	0.00877	0.00690	0.00217	0.00660	0.00690	0.05541	0.01123
11	0.00910	0.00710	0.00825	0.00796	0.00995	0.00625	0.00597	0.01166	0.01791	0.02361	0.40280	0.05932	0.37331	0.01590	0.00824	0.00227	0.00341	0.01363	0.00711	0.00625
12	0.01484	0.01471	0.02135	0.06242	0.02036	0.01992	0.04139	0.01684	0.01170	0.01780	0.05446	0.01798	0.01287	0.01177	0.02040	0.00293	0.62063	0.00662	0.00337	0.00764
13	0.51118	0.05240	0.01576	0.15050	0.08765	0.01653	0.01162	0.01999	0.01273	0.02667	0.01053	0.01341	0.00835	0.00672	0.00571	0.00218	0.03163	0.00455	0.00389	0.00801
14	0.02258	0.25450	0.09744	0.01623	0.02135	0.40286	0.01428	0.05945	0.01822	0.01880	0.01095	0.01260	0.00911	0.00682	0.00581	0.00176	0.01053	0.00442	0.00352	0.00878
15	0.01522	0.01525	0.05831	0.06787	0.09290	0.09930	0.01197	0.05782	0.13178	0.02200	0.04220	0.15113	0.08000	0.03769	0.00957	0.05354	0.00690	0.00959	0.02887	0.00809
16	0.01124	0.00803	0.01124	0.01285	0.01446	0.00803	0.01124	0.01446	0.01606	0.02088	0.03695	0.07871	0.04016	0.01928	0.00964	0.00321	0.00643	0.66426	0.00643	0.00643
17	0.00940	0.00711	0.00867	0.00828	0.01013	0.00638	0.00621	0.01225	0.01864	0.02533	0.52263	0.05649	0.25241	0.01526	0.00824	0.00224	0.00336	0.01323	0.00733	0.00638
18	0.00944	0.00707	0.00875	0.00842	0.01018	0.00638	0.00628	0.01228	0.01858	0.02541	0.52972	0.08491	0.21615	0.01539	0.00826	0.00226	0.00338	0.01342	0.00735	0.00638
19	0.01015	0.00677	0.00761	0.00761	0.00761	0.00677	0.00423	0.01015	0.01015	0.01353	0.02199	0.04567	0.02537	0.75476	0.03552	0.00677	0.00677	0.01015	0.00423	0.00423
20	0.80405	0.01350	0.01026	0.00918	0.01350	0.01565	0.00756	0.02051	0.01188	0.03131	0.00972	0.01134	0.00756	0.00648	0.00432	0.00216	0.00540	0.00378	0.00432	0.00756
21	0.80405	0.01350	0.01026	0.00918	0.01350	0.01565	0.00756	0.02051	0.01188	0.03131	0.00972	0.01134	0.00756	0.00648	0.00432	0.00216	0.00540	0.00378	0.00432	0.00756
22	0.00903	0.00676	0.00875	0.00933	0.01047	0.00658	0.00669	0.01087	0.01409	0.01881	0.12631	0.32874	0.17525	0.05381	0.17594	0.00474	0.00734	0.01466	0.00592	0.00591
23	0.01755	0.05504	0.03009	0.02241	0.05604	0.01681	0.35665	0.10866	0.01822	0.04659	0.05785	0.02081	0.01497	0.00747	0.00837	0.00222	0.05622	0.00757	0.08721	0.00926
24	0.08158	0.08401	0.02006	0.08009	0.20194	0.12600	0.01393	0.04068	0.01657	0.05110	0.02334	0.02977	0.10710	0.00967	0.00689	0.00218	0.00776	0.08409	0.00456	0.00867
25	0.20306	0.03671	0.04759	0.01697	0.10553	0.06596	0.03217	0.06392	0.08805	0.08226	0.03535	0.01954	0.03765	0.00975	0.03629	0.00248	0.04582	0.00609	0.00491	0.05989
26	0.04028	0.12736	0.06202	0.04432	0.04288	0.09785	0.03224	0.09745	0.05856	0.02214	0.01693	0.02423	0.01514	0.05762	0.14270	0.00402	0.01018	0.05761	0.00438	0.04210

[dist]
# distance from previous block
# <min> <max>
0	7

[block]
# block no. 6 follows, 30 sequences, length 19
# corresponding to MSA columns:
# 378-396
name=unknown_G
#
# <colnr> <probs for GDERKNQSTAVLIFYWHMCP>
#	G	D	E	R	K	N	Q	S	T	A	V	L	I	F	Y	W	H	M	C	P
0	0.05418	0.01818	0.01777	0.11445	0.09733	0.17925	0.01298	0.14923	0.07833	0.02588	0.04591	0.02314	0.07539	0.00871	0.00670	0.00207	0.00793	0.00688	0.06674	0.00895
1	0.02554	0.01905	0.02038	0.01586	0.02126	0.02118	0.01302	0.61761	0.10478	0.04238	0.01801	0.01776	0.01289	0.00849	0.00699	0.00212	0.00745	0.00646	0.00699	0.01178
2	0.02607	0.03326	0.01978	0.01798	0.02157	0.72674	0.01348	0.02787	0.01978	0.01708	0.01079	0.01258	0.00899	0.00719	0.00629	0.00180	0.01258	0.00449	0.00360	0.00809
3	0.01810	0.57229	0.10568	0.01423	0.02031	0.02531	0.04907	0.04303	0.01475	0.01826	0.01042	0.01241	0.00914	0.00652	0.00618	0.00173	0.05593	0.00436	0.00315	0.00913
4	0.01156	0.00849	0.00990	0.00921	0.01161	0.00811	0.00701	0.01670	0.11618	0.06144	0.37209	0.05165	0.26072	0.01436	0.00801	0.00227	0.00383	0.01231	0.00727	0.00728
5	0.01212	0.00606	0.00909	0.00909	0.00909	0.00606	0.00606	0.00909	0.00909	0.01212	0.01212	0.02121	0.01212	0.02424	0.02727	0.79697	0.00606	0.00606	0.00303	0.00303
6	0.01328	0.00830	0.00985	0.01056	0.06376	0.00833	0.00716	0.04648	0.03895	0.02717	0.19670	0.03159	0.02944	0.00960	0.00606	0.00185	0.00392	0.00808	0.47167	0.00726
7	0.00888	0.00628	0.00822	0.00945	0.00984	0.00606	0.00624	0.00997	0.01267	0.01697	0.03433	0.58156	0.04070	0.15020	0.06037	0.00406	0.00547	0.01736	0.00591	0.00546
8	0.02256	0.37701	0.02773	0.01512	0.01984	0.39558	0.01275	0.02456	0.01712	0.01677	0.01027	0.01193	0.00897	0.00661	0.00543	0.00165	0.01016	0.00413	0.00331	0.00850
9	0.00876	0.00626	0.00804	0.00927	0.00978	0.00586	0.00614	0.00994	0.01336	0.01776	0.06702	0.59532	0.07847	0.11438	0.01222	0.00328	0.00433	0.01803	0.00624	0.00554
10	0.04536	0.29024	0.16809	0.01720	0.09006	0.08326	0.01531	0.02189	0.01523	0.07061	0.01523	0.01678	0.04578	0.00736	0.00669	0.00191	0.04675	0.00529	0.00376	0.03320
11	0.06721	0.02057	0.11931	0.04015	0.09670	0.09561	0.01503	0.10454	0.28225	0.02710	0.01872	0.01932	0.01422	0.00819	0.00742	0.00223	0.03956	0.00638	0.00524	0.01025
12	0.01311	0.01252	0.06360	0.01542	0.01849	0.01165	0.13844	0.05645	0.01409	0.01959	0.01901	0.09041	0.01844	0.06241	0.21613	0.09200	0.04768	0.05209	0.00419	0.03427
13	0.06459	0.01341	0.03345	0.11068	0.04161	0.04973	0.01143	0.09526	0.12535	0.04628	0.08303	0.02817	0.04392	0.01363	0.07588	0.00305	0.00761	0.03909	0.10532	0.00850
14	0.01212	0.00606	0.00909	0.00909	0.00909	0.00606	0.00606	0.00909	0.00909	0.01212	0.01212	0.02121	0.01212	0.02424	0.02727	0.79697	0.00606	0.00606	0.00303	0.00303
15	0.01514	0.01412	0.05198	0.12479	0.11137	0.03424	0.01423	0.06107	0.04432	0.01982	0.01367	0.01911	0.01178	0.01577	0.08600	0.13704	0.17866	0.00628	0.03291	0.00771
16	0.01572	0.01572	0.02869	0.17268	0.37528	0.01597	0.18108	0.02024	0.01565	0.02148	0.01678	0.02099	0.05363	0.00699	0.00733	0.00221	0.00904	0.00723	0.00359	0.00969
17	0.01579	0.01602	0.02906	0.02370	0.11638	0.01425	0.33457	0.02036	0.01561	0.02256	0.01332	0.01692	0.01055	0.00565	0.00686	0.00180	0.00873	0.00637	0.00376	0.31773
18	0.01725	0.08062	0.13814	0.07530	0.02221	0.03853	0.04807	0.02404	0.13613	0.12903	0.05198	0.06573	0.05053	0.01057	0.03086	0.00244	0.00759	0.00767	0.00530	0.05802

[dist]
# distance from previous block
# <min> <max>
1	3

[block]
# block no. 7 follows, 30 sequences, length 32
# corresponding to MSA columns:
# 400-431
name=unknown_H
#
# <colnr> <probs for GDERKNQSTAVLIFYWHMCP>
#	G	D	E	R	K	N	Q	S	T	A	V	L	I	F	Y	W	H	M	C	P
0	0.24509	0.01650	0.01579	0.01326	0.01776	0.05037	0.01064	0.26267	0.17850	0.03375	0.01819	0.05577	0.01445	0.00866	0.00627	0.00217	0.00650	0.00651	0.00599	0.03117
1	0.04005	0.20779	0.13940	0.01823	0.09717	0.17333	0.01517	0.06800	0.03198	0.02079	0.01402	0.01682	0.02893	0.03110	0.03816	0.00247	0.03841	0.00541	0.00373	0.00905
2	0.01258	0.01034	0.01341	0.01266	0.04850	0.00980	0.02705	0.01685	0.07945	0.02261	0.13048	0.17244	0.04960	0.02932	0.00866	0.00219	0.04384	0.04133	0.04200	0.22687
3	0.05320	0.01495	0.02573	0.24033	0.37125	0.01581	0.09386	0.01992	0.01513	0.02151	0.01420	0.04057	0.01208	0.00720	0.00708	0.00223	0.00866	0.02326	0.00356	0.00947
4	0.01447	0.01240	0.01447	0.01034	0.01654	0.00930	0.00827	0.01757	0.01447	0.02274	0.01240	0.01447	0.01034	0.00517	0.00517	0.00103	0.00517	0.00413	0.00413	0.79742
5	0.01786	0.01621	0.04118	0.01730	0.05334	0.05495	0.10965	0.12798	0.04491	0.05893	0.04873	0.03921	0.01551	0.03665	0.02919	0.00245	0.09396	0.00688	0.00484	0.18027
6	0.06237	0.01481	0.07614	0.01183	0.01785	0.01147	0.01039	0.06401	0.04882	0.13110	0.01599	0.01685	0.01200	0.00642	0.00573	0.00152	0.00585	0.00505	0.03384	0.44797
7	0.01317	0.01209	0.02017	0.69941	0.04596	0.01503	0.01862	0.01775	0.01399	0.01826	0.01295	0.01900	0.00975	0.00704	0.00687	0.00229	0.00898	0.00622	0.04478	0.00769
8	0.01017	0.00781	0.01157	0.01151	0.01264	0.00922	0.00894	0.01253	0.01131	0.01632	0.01930	0.06753	0.01863	0.04850	0.64947	0.01031	0.05601	0.00810	0.00386	0.00627
9	0.67936	0.01347	0.01181	0.01120	0.04842	0.01510	0.00854	0.02206	0.01297	0.10696	0.01186	0.01301	0.00881	0.00670	0.00475	0.00215	0.00560	0.00426	0.00476	0.00821
10	0.01621	0.01804	0.03682	0.02697	0.03248	0.01847	0.53843	0.02113	0.01520	0.02113	0.01303	0.01804	0.01027	0.00727	0.01146	0.00251	0.17232	0.00777	0.00342	0.00902
11	0.02211	0.01642	0.01758	0.01398	0.01845	0.01794	0.01120	0.49771	0.06579	0.03678	0.02343	0.02596	0.08331	0.10429	0.01074	0.00273	0.00703	0.00770	0.00659	0.01026
12	0.01559	0.01741	0.03750	0.02722	0.03354	0.01632	0.61041	0.02095	0.01613	0.02185	0.01682	0.10007	0.01454	0.00766	0.00831	0.00241	0.01091	0.00952	0.00386	0.00900
13	0.00952	0.00778	0.00854	0.00857	0.01079	0.00715	0.00655	0.01313	0.07582	0.02100	0.14180	0.10884	0.46649	0.01695	0.00831	0.00244	0.00396	0.06923	0.00668	0.00646
14	0.01898	0.01685	0.15378	0.01511	0.04397	0.01317	0.01360	0.04857	0.09276	0.20922	0.10463	0.02397	0.02035	0.01143	0.04299	0.01978	0.07315	0.00711	0.00582	0.06477
15	0.00850	0.00630	0.00794	0.00917	0.01000	0.00574	0.00625	0.00989	0.01407	0.01835	0.06658	0.59414	0.17602	0.02080	0.00876	0.00272	0.00392	0.01861	0.00652	0.00574
16	0.24986	0.45177	0.02679	0.01155	0.01693	0.02323	0.01073	0.07623	0.04034	0.02353	0.01098	0.01224	0.00924	0.00645	0.00473	0.00177	0.00680	0.00411	0.00386	0.00886
17	0.01837	0.33549	0.20271	0.03554	0.07089	0.05504	0.01630	0.10639	0.01709	0.02223	0.01182	0.01366	0.00953	0.00650	0.00570	0.00180	0.00842	0.00471	0.00361	0.05420
18	0.01724	0.15773	0.16954	0.07612	0.19636	0.10470	0.05403	0.02141	0.01510	0.01970	0.01181	0.01525	0.00975	0.00788	0.02171	0.00227	0.08130	0.00546	0.00323	0.00941
19	0.01613	0.01683	0.02048	0.09778	0.02169	0.11284	0.01508	0.01810	0.01228	0.01691	0.01033	0.01604	0.00967	0.01347	0.06287	0.00332	0.51940	0.00599	0.00317	0.00762
20	0.00857	0.00638	0.00788	0.00896	0.00985	0.00581	0.00610	0.00993	0.01404	0.01823	0.06966	0.53056	0.20175	0.05537	0.00999	0.00288	0.00403	0.01791	0.00642	0.00569
21	0.00885	0.00644	0.00830	0.00965	0.01040	0.00601	0.00676	0.01030	0.01381	0.01807	0.04138	0.55990	0.12402	0.05611	0.01018	0.00301	0.00438	0.09035	0.00636	0.00571
22	0.00863	0.00697	0.00768	0.00774	0.00972	0.00602	0.00571	0.01067	0.01647	0.02074	0.20685	0.13974	0.49383	0.01739	0.00832	0.00237	0.00354	0.01483	0.00674	0.00602
23	0.00882	0.00651	0.00818	0.00913	0.01011	0.00597	0.00638	0.01047	0.01473	0.01941	0.13875	0.46995	0.17271	0.04699	0.00970	0.00281	0.00404	0.04294	0.00656	0.00582
24	0.80405	0.01350	0.01026	0.00918	0.01350	0.01565	0.00756	0.02051	0.01188	0.03131	0.00972	0.01134	0.00756	0.00648	0.00432	0.00216	0.00540	0.00378	0.00432	0.00756
