[name]
unknown

[dist]
# distance from previous block
# <min> <max>
0	36

[block]
# block no. 0 follows, 32 sequences, length 45
# corresponding to MSA columns:
# 36-80
name=unknown_A
#
# <colnr> <probs for GDERKNQSTAVLIFYWHMCP>
#	G	D	E	R	K	N	Q	S	T	A	V	L	I	F	Y	W	H	M	C	P
0	0.01064	0.00761	0.01057	0.01184	0.01338	0.00754	0.01022	0.01374	0.01592	0.02099	0.12659	0.07228	0.04191	0.01789	0.00909	0.00296	0.00578	0.58854	0.00634	0.00620
1	0.00963	0.00645	0.00736	0.00748	0.00751	0.00642	0.00424	0.00972	0.01001	0.01334	0.02242	0.10189	0.02601	0.70400	0.03208	0.00620	0.00629	0.01051	0.00424	0.00418
2	0.02832	0.01182	0.01552	0.01217	0.01717	0.01077	0.00996	0.03309	0.11130	0.63383	0.02658	0.02313	0.01713	0.00841	0.00676	0.00210	0.00566	0.00686	0.00811	0.01131
3	0.01267	0.01193	0.02013	0.74806	0.04621	0.01491	0.01863	0.01714	0.01342	0.01714	0.01193	0.01789	0.00894	0.00671	0.00671	0.00224	0.00894	0.00596	0.00298	0.00745
4	0.00957	0.00665	0.00857	0.00872	0.01007	0.00608	0.00630	0.01188	0.01651	0.04568	0.39765	0.29801	0.11637	0.01639	0.00810	0.00234	0.00352	0.01457	0.00691	0.00613
5	0.01802	0.01450	0.01558	0.01358	0.01736	0.01635	0.01063	0.21825	0.42714	0.03059	0.02546	0.12046	0.02113	0.01040	0.00703	0.00226	0.00570	0.00868	0.00672	0.01015
6	0.00976	0.00651	0.00732	0.00732	0.00732	0.00651	0.00407	0.00976	0.00976	0.01301	0.02114	0.04391	0.02439	0.76419	0.03415	0.00651	0.00651	0.00976	0.00407	0.00407
7	0.00961	0.00710	0.01032	0.01032	0.01136	0.00814	0.00781	0.01169	0.01065	0.01523	0.01840	0.02870	0.01779	0.14546	0.64385	0.01021	0.01644	0.00753	0.00366	0.00573
8	0.01391	0.01193	0.01391	0.00994	0.01590	0.00894	0.00795	0.01690	0.01391	0.02186	0.01193	0.01391	0.00994	0.00497	0.00497	0.00099	0.00497	0.00398	0.00398	0.80521
9	0.01951	0.01582	0.01676	0.01423	0.01852	0.01801	0.01130	0.24830	0.49297	0.03262	0.02372	0.02218	0.01758	0.00877	0.00679	0.00219	0.00597	0.00709	0.00679	0.01087
10	0.00818	0.00584	0.00779	0.00934	0.00973	0.00545	0.00623	0.00934	0.01285	0.01713	0.03698	0.75981	0.04438	0.02102	0.00856	0.00273	0.00389	0.01908	0.00623	0.00545
11	0.00899	0.00623	0.00770	0.00838	0.00872	0.00599	0.00530	0.00984	0.01211	0.01629	0.09601	0.38205	0.03758	0.34129	0.01955	0.00430	0.00495	0.01438	0.00541	0.00494
12	0.01026	0.00819	0.01209	0.01169	0.01273	0.01001	0.00923	0.01254	0.01072	0.01565	0.01675	0.02480	0.01571	0.04518	0.64223	0.00974	0.11579	0.00701	0.00351	0.00617
13	0.02368	0.02967	0.01922	0.01733	0.02033	0.64174	0.01319	0.02537	0.01785	0.01639	0.01016	0.01244	0.00867	0.00756	0.00818	0.00189	0.11070	0.00453	0.00339	0.00772
14	0.00940	0.00688	0.00884	0.00843	0.01008	0.00632	0.00638	0.01243	0.01854	0.02588	0.63609	0.05233	0.12120	0.01418	0.00796	0.00216	0.00329	0.03608	0.00724	0.00627
15	0.00900	0.00651	0.00800	0.00846	0.00941	0.00609	0.00588	0.01057	0.01411	0.01879	0.19668	0.26955	0.14991	0.19376	0.01440	0.00343	0.00442	0.05963	0.00598	0.00541
16	0.01081	0.00772	0.01081	0.01236	0.01390	0.00772	0.01081	0.01390	0.01545	0.02008	0.03553	0.07569	0.03862	0.01854	0.00927	0.00309	0.00618	0.67717	0.00618	0.00618
17	0.11983	0.03181	0.63353	0.01775	0.02690	0.01551	0.02246	0.02105	0.01380	0.02243	0.01168	0.01373	0.00834	0.00636	0.00608	0.00212	0.00929	0.00478	0.00301	0.00956
18	0.01582	0.01514	0.02582	0.18198	0.58766	0.01574	0.02020	0.01991	0.01491	0.02097	0.01248	0.01686	0.01029	0.00612	0.00666	0.00204	0.00817	0.00598	0.00325	0.01000
19	0.01184	0.00735	0.00901	0.00841	0.01024	0.00669	0.00615	0.01389	0.01602	0.11084	0.30668	0.06725	0.19107	0.17248	0.01336	0.00311	0.00434	0.02848	0.00649	0.00633
20	0.01853	0.01473	0.01568	0.01337	0.01715	0.01662	0.01042	0.24057	0.40399	0.03052	0.02297	0.02475	0.01816	0.10941	0.01043	0.00276	0.00612	0.00739	0.00642	0.00999
21	0.02382	0.04117	0.01941	0.03471	0.06020	0.11373	0.01251	0.36024	0.08757	0.13129	0.01746	0.01798	0.01276	0.02759	0.00728	0.00211	0.00763	0.00607	0.00604	0.01043
22	0.01294	0.01229	0.02018	0.65071	0.04240	0.01566	0.01811	0.01701	0.01300	0.01701	0.01151	0.01746	0.00893	0.00738	0.00875	0.00233	0.10796	0.00595	0.00298	0.00744
23	0.01952	0.02300	0.01953	0.32233	0.03126	0.41038	0.01539	0.02239	0.01637	0.01671	0.01097	0.01461	0.00877	0.00700	0.00689	0.00198	0.03697	0.00506	0.00324	0.00763
24	0.01166	0.00583	0.00874	0.00874	0.00874	0.00583	0.00583	0.00874	0.00874	0.01166	0.01166	0.02040	0.01166	0.02331	0.02622	0.80478	0.00583	0.00583	0.00291	0.00291
25	0.00959	0.00716	0.01064	0.01064	0.01179	0.00831	0.00821	0.01189	0.01074	0.01547	0.01810	0.02708	0.01709	0.07981	0.70854	0.01061	0.01750	0.00730	0.00361	0.00591
26	0.01794	0.76823	0.03516	0.01148	0.01722	0.02655	0.01148	0.02009	0.01363	0.01579	0.00933	0.01076	0.00861	0.00574	0.00431	0.00144	0.00718	0.00359	0.00287	0.00861
27	0.01267	0.01193	0.02013	0.74806	0.04621	0.01491	0.01863	0.01714	0.01342	0.01714	0.01193	0.01789	0.00894	0.00671	0.00671	0.00224	0.00894	0.00596	0.00298	0.00745
28	0.00808	0.00685	0.00701	0.00710	0.00932	0.00577	0.00540	0.00986	0.01530	0.01823	0.06623	0.06517	0.68308	0.01708	0.00800	0.00231	0.00355	0.04973	0.00623	0.00569
29	0.01794	0.76823	0.03516	0.01148	0.01722	0.02655	0.01148	0.02009	0.01363	0.01579	0.00933	0.01076	0.00861	0.00574	0.00431	0.00144	0.00718	0.00359	0.00287	0.00861
30	0.01460	0.22107	0.55304	0.01718	0.02604	0.01837	0.02141	0.02096	0.01403	0.01986	0.01135	0.01330	0.00853	0.00621	0.00585	0.00195	0.00922	0.00461	0.00284	0.00958
31	0.01895	0.01938	0.01653	0.01488	0.01839	0.21998	0.01149	0.03217	0.47997	0.02418	0.02160	0.02086	0.01655	0.00862	0.00738	0.00216	0.04501	0.00658	0.00568	0.00965
32	0.00952	0.00687	0.00903	0.00870	0.01023	0.00638	0.00658	0.01261	0.01856	0.02614	0.65375	0.07868	0.06118	0.01427	0.00802	0.00219	0.00337	0.05036	0.00727	0.00629
33	0.00819	0.00664	0.00727	0.00747	0.00931	0.00572	0.00546	0.00999	0.01537	0.01915	0.15151	0.18398	0.51203	0.01725	0.00804	0.00232	0.00345	0.01474	0.00639	0.00572
34	0.00818	0.00584	0.00779	0.00934	0.00973	0.00545	0.00623	0.00934	0.01285	0.01713	0.03698	0.75981	0.04438	0.02102	0.00856	0.00273	0.00389	0.01908	0.00623	0.00545
35	0.81159	0.01298	0.00986	0.00882	0.01298	0.01505	0.00727	0.01972	0.01142	0.03010	0.00934	0.01090	0.00727	0.00623	0.00415	0.00208	0.00519	0.00363	0.00415	0.00727
36	0.03010	0.01142	0.01557	0.01194	0.01713	0.00986	0.00986	0.03270	0.01920	0.72698	0.02647	0.02284	0.01661	0.00830	0.00675	0.00208	0.00571	0.00675	0.00830	0.01142
37	0.00818	0.00584	0.00779	0.00934	0.00973	0.00545	0.00623	0.00934	0.01285	0.01713	0.03698	0.75981	0.04438	0.02102	0.00856	0.00273	0.00389	0.01908	0.00623	0.00545
38	0.01391	0.01193	0.01391	0.00994	0.01590	0.00894	0.00795	0.01690	0.01391	0.02186	0.01193	0.01391	0.00994	0.00497	0.00497	0.00099	0.00497	0.00398	0.00398	0.80521
39	0.00955	0.00642	0.00738	0.00759	0.00764	0.00636	0.00435	0.00970	0.01017	0.01356	0.02325	0.13932	0.02706	0.66515	0.03074	0.00600	0.00616	0.01100	0.00435	0.00425
40	0.01448	0.01317	0.02332	0.53523	0.06595	0.01506	0.13482	0.01945	0.03433	0.05943	0.01352	0.01837	0.00999	0.00666	0.00692	0.00222	0.00903	0.00639	0.00348	0.00816
41	0.18320	0.01670	0.01746	0.03933	0.06162	0.04762	0.01183	0.38359	0.06699	0.03396	0.01481	0.01604	0.01111	0.00954	0.03459	0.02328	0.00745	0.00561	0.00552	0.00976
42	0.01149	0.03319	0.05264	0.01350	0.01609	0.00969	0.07841	0.01558	0.05441	0.02020	0.05572	0.15089	0.05281	0.03720	0.00922	0.00285	0.00639	0.36725	0.00565	0.00682
43	0.02226	0.01231	0.01476	0.01244	0.01668	0.01253	0.00997	0.03201	0.32041	0.35369	0.05464	0.02766	0.03886	0.00942	0.00694	0.00220	0.00539	0.02976	0.00750	0.01055
44	0.01767	0.15596	0.07679	0.04717	0.19968	0.14783	0.10376	0.02217	0.05472	0.01990	0.01244	0.01502	0.01013	0.00620	0.00611	0.00182	0.00874	0.00532	0.00349	0.08508

[dist]
# distance from previous block
# <min> <max>
0	9

[block]
# block no. 1 follows, 32 sequences, length 45
# corresponding to MSA columns:
# 90-134
name=unknown_B
#
# <colnr> <probs for GDERKNQSTAVLIFYWHMCP>
#	G	D	E	R	K	N	Q	S	T	A	V	L	I	F	Y	W	H	M	C	P
0	0.01617	0.11135	0.16170	0.02523	0.15784	0.01768	0.28251	0.06513	0.01604	0.02198	0.01426	0.01737	0.03075	0.00649	0.00721	0.00209	0.02673	0.00650	0.00350	0.00947
1	0.00841	0.00601	0.00806	0.00961	0.01011	0.00565	0.00664	0.00975	0.01308	0.01739	0.03685	0.69861	0.04386	0.02080	0.00863	0.00276	0.00410	0.07795	0.00622	0.00552
2	0.00879	0.00728	0.00855	0.00940	0.05183	0.00640	0.00637	0.01089	0.01586	0.02009	0.19724	0.11561	0.48586	0.01599	0.00790	0.00225	0.00366	0.01365	0.00630	0.00608
3	0.01825	0.08007	0.13770	0.02253	0.19000	0.11412	0.07959	0.07815	0.04299	0.06969	0.01644	0.01845	0.04291	0.00876	0.03275	0.00232	0.02558	0.00611	0.00411	0.00948
4	0.01561	0.14776	0.34033	0.02335	0.17799	0.03937	0.09050	0.02171	0.04379	0.02067	0.01247	0.01494	0.00966	0.00624	0.00626	0.00199	0.00906	0.00535	0.00319	0.00973
5	0.01346	0.03471	0.72942	0.01912	0.02904	0.01558	0.02479	0.02125	0.01417	0.02125	0.01204	0.01417	0.00850	0.00637	0.00637	0.00212	0.00992	0.00496	0.00283	0.00992
6	0.02480	0.05914	0.01961	0.01707	0.02061	0.71103	0.01291	0.02655	0.01882	0.01640	0.01033	0.01205	0.00864	0.00687	0.00599	0.00172	0.01192	0.00429	0.00344	0.00781
7	0.00902	0.00694	0.00832	0.00824	0.01010	0.00623	0.00637	0.01159	0.01709	0.02258	0.37754	0.05892	0.32333	0.01560	0.00808	0.00229	0.00361	0.09131	0.00678	0.00605
8	0.01648	0.01513	0.02566	0.15351	0.58733	0.01555	0.01987	0.02049	0.01513	0.04766	0.01303	0.01705	0.01058	0.00618	0.00666	0.00204	0.00804	0.00600	0.00345	0.01015
9	0.43876	0.01223	0.01259	0.01031	0.01496	0.01258	0.00850	0.02591	0.01513	0.36256	0.01751	0.01660	0.01172	0.00722	0.00539	0.00208	0.00544	0.00512	0.00613	0.00925
10	0.00950	0.00686	0.00897	0.00844	0.01002	0.00633	0.00633	0.01266	0.01899	0.02691	0.71879	0.05012	0.06331	0.01372	0.00791	0.00211	0.00317	0.01213	0.00739	0.00633
11	0.00927	0.00685	0.00866	0.00821	0.00989	0.00624	0.00616	0.01223	0.01847	0.02566	0.62656	0.05217	0.15632	0.01418	0.00792	0.00213	0.00320	0.01242	0.00722	0.00624
12	0.02551	0.01879	0.02014	0.01544	0.02081	0.02081	0.01275	0.69996	0.03155	0.04229	0.01611	0.01611	0.01141	0.00805	0.00671	0.00201	0.00738	0.00604	0.00671	0.01141
13	0.01081	0.00772	0.01081	0.01236	0.01390	0.00772	0.01081	0.01390	0.01545	0.02008	0.03553	0.07569	0.03862	0.01854	0.00927	0.00309	0.00618	0.67717	0.00618	0.00618
14	0.02506	0.03198	0.01901	0.01729	0.02074	0.73725	0.01296	0.02679	0.01901	0.01642	0.01037	0.01210	0.00864	0.00691	0.00605	0.00173	0.01210	0.00432	0.00346	0.00778
15	0.01346	0.03471	0.72942	0.01912	0.02904	0.01558	0.02479	0.02125	0.01417	0.02125	0.01204	0.01417	0.00850	0.00637	0.00637	0.00212	0.00992	0.00496	0.00283	0.00992
16	0.01807	0.66057	0.03243	0.01193	0.01737	0.05149	0.01144	0.02200	0.08843	0.01712	0.01129	0.01234	0.00988	0.00614	0.00464	0.00154	0.00716	0.00404	0.00332	0.00880
17	0.00959	0.00719	0.01078	0.01078	0.01198	0.00839	0.00839	0.01198	0.01078	0.01558	0.01797	0.02636	0.01677	0.05032	0.73760	0.01078	0.01797	0.00719	0.00359	0.00599
18	0.01346	0.03471	0.72942	0.01912	0.02904	0.01558	0.02479	0.02125	0.01417	0.02125	0.01204	0.01417	0.00850	0.00637	0.00637	0.00212	0.00992	0.00496	0.00283	0.00992
19	0.00818	0.00584	0.00779	0.00934	0.00973	0.00545	0.00623	0.00934	0.01285	0.01713	0.03698	0.75981	0.04438	0.02102	0.00856	0.00273	0.00389	0.01908	0.00623	0.00545
20	0.01459	0.01148	0.01738	0.06846	0.09829	0.01221	0.08659	0.09740	0.09636	0.02055	0.01609	0.04738	0.01404	0.01807	0.10518	0.24914	0.00848	0.00697	0.00414	0.00718
21	0.01264	0.00724	0.00939	0.00955	0.01108	0.00666	0.00692	0.01425	0.01439	0.14573	0.07857	0.37417	0.08877	0.11641	0.01161	0.00307	0.00468	0.07202	0.00639	0.00648
22	0.00954	0.00643	0.00746	0.00764	0.00776	0.00636	0.00446	0.00983	0.01059	0.01419	0.05481	0.13922	0.02881	0.63159	0.02957	0.00580	0.00601	0.01110	0.00450	0.00435
23	0.02496	0.01750	0.01894	0.01461	0.01973	0.01915	0.01204	0.61218	0.02961	0.08562	0.01716	0.01712	0.01212	0.00806	0.00658	0.00199	0.00700	0.00610	0.05844	0.01108
24	0.02328	0.02921	0.01781	0.01624	0.01952	0.65667	0.01218	0.02510	0.01884	0.01718	0.05900	0.01694	0.04436	0.00781	0.00626	0.00178	0.01113	0.00527	0.00384	0.00759
25	0.07222	0.19390	0.02192	0.01558	0.05057	0.26947	0.01214	0.11143	0.14812	0.02286	0.01407	0.01485	0.01120	0.00711	0.00578	0.00183	0.00847	0.00501	0.00440	0.00906
26	0.13656	0.01618	0.08933	0.01952	0.18353	0.01462	0.01379	0.15228	0.03735	0.19448	0.01754	0.04230	0.01310	0.00765	0.00630	0.00206	0.00675	0.00622	0.03035	0.01009
27	0.01681	0.06427	0.37611	0.02001	0.13566	0.01464	0.01894	0.02280	0.03858	0.13259	0.04084	0.01742	0.01263	0.00686	0.00636	0.00200	0.00811	0.00563	0.00414	0.05560
28	0.01539	0.08191	0.35623	0.09154	0.20939	0.01630	0.06328	0.02111	0.01466	0.05020	0.01267	0.01549	0.00955	0.00629	0.00643	0.00205	0.00902	0.00547	0.00324	0.00978
29	0.01166	0.00583	0.00874	0.00874	0.00874	0.00583	0.00583	0.00874	0.00874	0.01166	0.01166	0.02040	0.01166	0.02331	0.02622	0.80478	0.00583	0.00583	0.00291	0.00291
30	0.01688	0.01788	0.09588	0.19982	0.31852	0.05955	0.08775	0.04046	0.01572	0.06387	0.01330	0.01690	0.01024	0.00642	0.00673	0.00208	0.00883	0.00602	0.00361	0.00955
31	0.01747	0.04130	0.09844	0.09088	0.25438	0.06648	0.06475	0.08646	0.03745	0.07352	0.01770	0.06578	0.03961	0.00795	0.00679	0.00209	0.00804	0.00706	0.00432	0.00950
32	0.01219	0.01128	0.01582	0.08523	0.03889	0.03778	0.03116	0.01431	0.01218	0.01704	0.04025	0.20038	0.02085	0.02058	0.15456	0.00423	0.26288	0.00957	0.00405	0.00676
33	0.47204	0.08774	0.01553	0.01268	0.03777	0.23886	0.00982	0.02196	0.01408	0.02433	0.00976	0.01143	0.00792	0.00639	0.00483	0.00191	0.00759	0.00391	0.00380	0.00765
34	0.00927	0.00685	0.00866	0.00821	0.00989	0.00624	0.00615	0.01223	0.01846	0.02565	0.62581	0.05219	0.15708	0.01419	0.00792	0.00213	0.00320	0.01242	0.00722	0.00624
35	0.01490	0.06145	0.52064	0.02136	0.07938	0.03894	0.10553	0.04229	0.01512	0.02160	0.01223	0.01468	0.00896	0.00630	0.00650	0.00209	0.00982	0.00535	0.00308	0.00979
36	0.00976	0.00651	0.00732	0.00732	0.00732	0.00651	0.00407	0.00976	0.00976	0.01301	0.02114	0.04391	0.02439	0.76419	0.03415	0.00651	0.00651	0.00976	0.00407	0.00407
37	0.00818	0.00584	0.00779	0.00934	0.00973	0.00545	0.00623	0.00934	0.01285	0.01713	0.03698	0.75981	0.04438	0.02102	0.00856	0.00273	0.00389	0.01908	0.00623	0.00545
38	0.01584	0.01810	0.03959	0.02828	0.03507	0.01697	0.69796	0.02149	0.01584	0.02149	0.01357	0.01810	0.01018	0.00566	0.00792	0.00226	0.01131	0.00792	0.00339	0.00905
39	0.00818	0.00584	0.00779	0.00934	0.00973	0.00545	0.00623	0.00934	0.01285	0.01713	0.03698	0.75981	0.04438	0.02102	0.00856	0.00273	0.00389	0.01908	0.00623	0.00545
40	0.02487	0.01582	0.04058	0.04013	0.02064	0.01541	0.03177	0.33928	0.02396	0.27413	0.01893	0.01828	0.01285	0.00767	0.00658	0.00196	0.00682	0.00610	0.00665	0.08758
41	0.01702	0.01444	0.01528	0.01359	0.01741	0.01660	0.01061	0.07802	0.64249	0.02895	0.05023	0.02531	0.02136	0.00919	0.00686	0.00225	0.00537	0.00764	0.00684	0.01053
42	0.01588	0.01388	0.01632	0.10757	0.06654	0.01598	0.01210	0.03139	0.54850	0.02625	0.05338	0.02464	0.02019	0.00879	0.00685	0.00225	0.00585	0.00747	0.00614	0.01004
43	0.01794	0.76823	0.03516	0.01148	0.01722	0.02655	0.01148	0.02009	0.01363	0.01579	0.00933	0.01076	0.00861	0.00574	0.00431	0.00144	0.00718	0.00359	0.00287	0.00861
44	0.00795	0.00674	0.00686	0.00696	0.00911	0.00565	0.00517	0.00961	0.01513	0.01806	0.06596	0.10974	0.67575	0.01725	0.00797	0.00230	0.00343	0.01448	0.00623	0.00565

[dist]
# distance from previous block
# <min> <max>
0	1

[block]
# block no. 2 follows, 32 sequences, length 21
# corresponding to MSA columns:
# 136-156
name=unknown_C
#
# <colnr> <probs for GDERKNQSTAVLIFYWHMCP>
#	G	D	E	R	K	N	Q	S	T	A	V	L	I	F	Y	W	H	M	C	P
0	0.00976	0.00651	0.00732	0.00732	0.00732	0.00651	0.00407	0.00976	0.00976	0.01301	0.02114	0.04391	0.02439	0.76419	0.03415	0.00651	0.00651	0.00976	0.00407	0.00407
1	0.01377	0.03253	0.63906	0.02032	0.02983	0.01576	0.11297	0.02128	0.01439	0.02128	0.01224	0.01468	0.00872	0.00628	0.00658	0.00214	0.01010	0.00535	0.00291	0.00980
2	0.02566	0.01431	0.01685	0.01338	0.01830	0.01470	0.01090	0.23333	0.18103	0.36187	0.02356	0.02132	0.01594	0.00841	0.00676	0.00210	0.00612	0.00673	0.00749	0.01123
3	0.01391	0.01193	0.01391	0.00994	0.01590	0.00894	0.00795	0.01690	0.01391	0.02186	0.01193	0.01391	0.00994	0.00497	0.00497	0.00099	0.00497	0.00398	0.00398	0.80521
4	0.01675	0.09906	0.01338	0.00965	0.01256	0.09206	0.00777	0.13459	0.01756	0.02596	0.01818	0.02042	0.01427	0.00752	0.00514	0.00164	0.00532	0.00570	0.48489	0.00758
5	0.01584	0.01810	0.03959	0.02828	0.03507	0.01697	0.69796	0.02149	0.01584	0.02149	0.01357	0.01810	0.01018	0.00566	0.00792	0.00226	0.01131	0.00792	0.00339	0.00905
6	0.01623	0.24929	0.43769	0.01656	0.02455	0.07147	0.01941	0.05586	0.01525	0.02036	0.01133	0.01312	0.00869	0.00631	0.00576	0.00189	0.00914	0.00456	0.00309	0.00945
7	0.01661	0.01594	0.02724	0.04119	0.72233	0.01594	0.02059	0.02059	0.01528	0.02192	0.01262	0.01661	0.01063	0.00598	0.00664	0.00199	0.00797	0.00598	0.00332	0.01063
8	0.00818	0.00584	0.00779	0.00934	0.00973	0.00545	0.00623	0.00934	0.01285	0.01713	0.03698	0.75981	0.04438	0.02102	0.00856	0.00273	0.00389	0.01908	0.00623	0.00545
9	0.01231	0.01115	0.01740	0.04018	0.12616	0.03313	0.11478	0.01448	0.01334	0.01781	0.04206	0.14195	0.10244	0.08874	0.07402	0.07402	0.05515	0.00982	0.00426	0.00679
10	0.01621	0.06489	0.13246	0.10563	0.23110	0.06220	0.11071	0.05736	0.03803	0.02160	0.01394	0.04141	0.01148	0.00706	0.00704	0.00207	0.02930	0.00634	0.03189	0.00927
11	0.81159	0.01298	0.00986	0.00882	0.01298	0.01505	0.00727	0.01972	0.01142	0.03010	0.00934	0.01090	0.00727	0.00623	0.00415	0.00208	0.00519	0.00363	0.00415	0.00727
12	0.00950	0.00686	0.00897	0.00844	0.01002	0.00633	0.00633	0.01266	0.01899	0.02691	0.71879	0.05012	0.06331	0.01372	0.00791	0.00211	0.00317	0.01213	0.00739	0.00633
13	0.01805	0.02095	0.11730	0.09817	0.09180	0.17829	0.08082	0.08170	0.10593	0.04492	0.03687	0.03875	0.04072	0.00797	0.00677	0.00208	0.00872	0.00671	0.00445	0.00904
14	0.00976	0.00651	0.00732	0.00732	0.00732	0.00651	0.00407	0.00976	0.00976	0.01301	0.02114	0.04391	0.02439	0.76419	0.03415	0.00651	0.00651	0.00976	0.00407	0.00407
15	0.00814	0.00687	0.00710	0.00721	0.00942	0.00582	0.00552	0.00995	0.01531	0.01827	0.06557	0.06540	0.66910	0.01711	0.00803	0.00233	0.00360	0.06333	0.00623	0.00570
16	0.02427	0.02980	0.02036	0.01885	0.05706	0.62792	0.04211	0.06607	0.01943	0.01844	0.01096	0.01282	0.00897	0.00688	0.00620	0.00178	0.01158	0.00466	0.00364	0.00819
17	0.04151	0.01683	0.06719	0.19623	0.40184	0.03877	0.07828	0.04114	0.01534	0.02148	0.01244	0.01654	0.00994	0.00624	0.00666	0.00207	0.00862	0.00596	0.00336	0.00956
18	0.00987	0.00694	0.00812	0.00810	0.00840	0.00712	0.00510	0.01032	0.01056	0.01402	0.02482	0.04554	0.07508	0.61074	0.05588	0.00601	0.03529	0.04931	0.00429	0.00450
19	0.06747	0.01057	0.01421	0.18111	0.04646	0.01179	0.01118	0.09709	0.01545	0.06337	0.02298	0.30545	0.02366	0.01284	0.00822	0.00240	0.05617	0.01096	0.03119	0.00744
20	0.01726	0.07237	0.06102	0.01678	0.10722	0.14493	0.01251	0.06095	0.03813	0.02148	0.01286	0.01613	0.01086	0.00667	0.00657	0.00162	0.04530	0.02532	0.00392	0.31809

[dist]
# distance from previous block
# <min> <max>
0	20

[block]
# block no. 3 follows, 32 sequences, length 59
# corresponding to MSA columns:
# 177-235
name=unknown_D
#
# <colnr> <probs for GDERKNQSTAVLIFYWHMCP>
#	G	D	E	R	K	N	Q	S	T	A	V	L	I	F	Y	W	H	M	C	P
0	0.03532	0.04796	0.05983	0.05515	0.06601	0.24752	0.06842	0.09217	0.07905	0.02164	0.01674	0.07311	0.02954	0.01054	0.04581	0.00247	0.00940	0.00674	0.00430	0.02829
1	0.12790	0.01411	0.01474	0.03253	0.08235	0.08012	0.01027	0.07861	0.13579	0.04921	0.11555	0.02380	0.04916	0.00931	0.02173	0.00211	0.00623	0.00678	0.02936	0.11035
2	0.61081	0.01414	0.01222	0.01113	0.03682	0.06343	0.02725	0.02057	0.01265	0.06833	0.01116	0.01340	0.00882	0.03507	0.00578	0.00219	0.00599	0.00430	0.00429	0.03167
3	0.02063	0.01637	0.01739	0.01445	0.01895	0.01853	0.01157	0.33218	0.40728	0.03442	0.02231	0.02105	0.01643	0.00864	0.00678	0.00216	0.00624	0.00690	0.00678	0.01097
4	0.00945	0.00686	0.00890	0.00839	0.01000	0.00631	0.00629	0.01257	0.01888	0.02665	0.69954	0.05055	0.08273	0.01381	0.00791	0.00211	0.00317	0.01219	0.00735	0.00631
5	0.00959	0.00719	0.01078	0.01078	0.01198	0.00839	0.00839	0.01198	0.01078	0.01558	0.01797	0.02636	0.01677	0.05032	0.73760	0.01078	0.01797	0.00719	0.00359	0.00599
6	0.01090	0.00717	0.00942	0.00868	0.01051	0.00657	0.00657	0.01402	0.01901	0.07451	0.67172	0.04827	0.06014	0.01335	0.00783	0.00211	0.00334	0.01177	0.00745	0.00668
7	0.01468	0.01468	0.02055	0.01762	0.01762	0.02055	0.01468	0.01615	0.01028	0.01615	0.00881	0.01468	0.00881	0.01174	0.02202	0.00294	0.75191	0.00587	0.00294	0.00734
8	0.01251	0.00625	0.00625	0.00625	0.00782	0.00625	0.00469	0.01563	0.01407	0.02502	0.02189	0.02502	0.01720	0.00782	0.00469	0.00156	0.00313	0.00625	0.80144	0.00625
9	0.01661	0.01594	0.02724	0.04119	0.72233	0.01594	0.02059	0.02059	0.01528	0.02192	0.01262	0.01661	0.01063	0.00598	0.00664	0.00199	0.00797	0.00598	0.00332	0.01063
10	0.03010	0.01142	0.01557	0.01194	0.01713	0.00986	0.00986	0.03270	0.01920	0.72698	0.02647	0.02284	0.01661	0.00830	0.00675	0.00208	0.00571	0.00675	0.00830	0.01142
11	0.81159	0.01298	0.00986	0.00882	0.01298	0.01505	0.00727	0.01972	0.01142	0.03010	0.00934	0.01090	0.00727	0.00623	0.00415	0.00208	0.00519	0.00363	0.00415	0.00727
12	0.01267	0.01193	0.02013	0.74806	0.04621	0.01491	0.01863	0.01714	0.01342	0.01714	0.01193	0.01789	0.00894	0.00671	0.00671	0.00224	0.00894	0.00596	0.00298	0.00745
13	0.01669	0.01441	0.01517	0.01365	0.01745	0.01669	0.01062	0.03565	0.71021	0.02807	0.02731	0.02503	0.02048	0.00910	0.00683	0.00228	0.00531	0.00759	0.00683	0.01062
14	0.01267	0.01193	0.02013	0.74806	0.04621	0.01491	0.01863	0.01714	0.01342	0.01714	0.01193	0.01789	0.00894	0.00671	0.00671	0.00224	0.00894	0.00596	0.00298	0.00745
15	0.02551	0.01879	0.02014	0.01544	0.02081	0.02081	0.01275	0.69996	0.03155	0.04229	0.01611	0.01611	0.01141	0.00805	0.00671	0.00201	0.00738	0.00604	0.00671	0.01141
16	0.02900	0.01145	0.01546	0.01180	0.01705	0.00980	0.00973	0.03163	0.01885	0.67904	0.02548	0.02223	0.01616	0.00808	0.00663	0.00200	0.00566	0.00656	0.00801	0.06539
17	0.01669	0.01441	0.01517	0.01365	0.01745	0.01669	0.01062	0.03565	0.71021	0.02807	0.02731	0.02503	0.02048	0.00910	0.00683	0.00228	0.00531	0.00759	0.00683	0.01062
18	0.00818	0.00584	0.00779	0.00934	0.00973	0.00545	0.00623	0.00934	0.01285	0.01713	0.03698	0.75981	0.04438	0.02102	0.00856	0.00273	0.00389	0.01908	0.00623	0.00545
19	0.00950	0.00686	0.00897	0.00844	0.01002	0.00633	0.00633	0.01266	0.01899	0.02691	0.71879	0.05012	0.06331	0.01372	0.00791	0.00211	0.00317	0.01213	0.00739	0.00633
20	0.78077	0.01291	0.01009	0.00895	0.01314	0.01485	0.00737	0.02024	0.01173	0.05758	0.01002	0.01137	0.00764	0.00631	0.00425	0.00208	0.00521	0.00376	0.00432	0.00743
21	0.01251	0.00625	0.00625	0.00625	0.00782	0.00625	0.00469	0.01563	0.01407	0.02502	0.02189	0.02502	0.01720	0.00782	0.00469	0.00156	0.00313	0.00625	0.80144	0.00625
22	0.00959	0.00719	0.01078	0.01078	0.01198	0.00839	0.00839	0.01198	0.01078	0.01558	0.01797	0.02636	0.01677	0.05032	0.73760	0.01078	0.01797	0.00719	0.00359	0.00599
23	0.00818	0.00584	0.00779	0.00934	0.00973	0.00545	0.00623	0.00934	0.01285	0.01713	0.03698	0.75981	0.04438	0.02102	0.00856	0.00273	0.00389	0.01908	0.00623	0.00545
24	0.01053	0.00763	0.01042	0.01181	0.01342	0.00752	0.01025	0.01348	0.01543	0.01989	0.03873	0.07459	0.10591	0.01838	0.00914	0.00301	0.00590	0.61166	0.00618	0.00613
25	0.01329	0.01137	0.03528	0.01566	0.05875	0.01100	0.07803	0.08870	0.06111	0.02289	0.03088	0.10259	0.07101	0.01458	0.00835	0.00268	0.00663	0.35388	0.00575	0.00758
26	0.01492	0.01478	0.04290	0.08944	0.54506	0.01432	0.01824	0.01871	0.01511	0.02097	0.02082	0.02381	0.11640	0.00769	0.00683	0.00206	0.00742	0.00717	0.00372	0.00962
27	0.02134	0.02506	0.01683	0.01528	0.01791	0.51354	0.01158	0.02318	0.01687	0.01754	0.01233	0.01559	0.01056	0.03749	0.00886	0.00204	0.09895	0.00501	0.12268	0.00735
28	0.46666	0.01692	0.01417	0.04816	0.05031	0.16640	0.03166	0.03945	0.01435	0.02599	0.03632	0.01404	0.01038	0.00674	0.00514	0.00199	0.00706	0.00460	0.03201	0.00764
29	0.01181	0.00674	0.01044	0.11924	0.01434	0.00718	0.00774	0.01000	0.00944	0.01248	0.01170	0.02002	0.01125	0.02083	0.02331	0.68483	0.00629	0.00585	0.00292	0.00359
30	0.16118	0.01640	0.01727	0.01621	0.08710	0.04487	0.01181	0.25859	0.24162	0.05030	0.01818	0.01810	0.01352	0.00782	0.00626	0.00210	0.00653	0.00605	0.00588	0.01021
31	0.01433	0.01230	0.01410	0.01049	0.01613	0.01010	0.00835	0.01970	0.11798	0.02279	0.01423	0.01558	0.01151	0.00559	0.00525	0.00119	0.00502	0.00452	0.00440	0.68645
32	0.01643	0.09132	0.42576	0.02104	0.11121	0.03539	0.05591	0.12266	0.01706	0.02390	0.01253	0.01462	0.00929	0.00650	0.00635	0.00203	0.00920	0.00527	0.00352	0.01002
33	0.01415	0.02324	0.33544	0.05831	0.04377	0.01463	0.24994	0.02027	0.01470	0.02170	0.01404	0.01737	0.01044	0.00636	0.00667	0.00209	0.00928	0.00623	0.12240	0.00896
34	0.02810	0.01187	0.01551	0.01219	0.01718	0.01088	0.00998	0.03314	0.12248	0.62252	0.02660	0.02317	0.01719	0.00842	0.00676	0.00211	0.00565	0.00687	0.00808	0.01130
35	0.01010	0.01101	0.11659	0.01000	0.01277	0.00772	0.00901	0.01384	0.01794	0.02556	0.58787	0.04452	0.05371	0.03983	0.00864	0.00227	0.00430	0.01098	0.00659	0.00678
36	0.03650	0.22324	0.24632	0.01675	0.02339	0.08375	0.08926	0.08793	0.01649	0.07176	0.01258	0.01425	0.00957	0.00666	0.00652	0.00193	0.03488	0.00509	0.00376	0.00939
37	0.01134	0.00893	0.01287	0.01178	0.01241	0.01063	0.03332	0.01222	0.01028	0.01466	0.01558	0.02708	0.01593	0.22303	0.25502	0.12621	0.18242	0.00738	0.00346	0.00545
38	0.01159	0.00869	0.01132	0.01236	0.01426	0.00899	0.01058	0.01700	0.11928	0.02121	0.03544	0.06773	0.05977	0.01707	0.00886	0.00294	0.00595	0.55387	0.00628	0.00682
39	0.01440	0.12763	0.07368	0.41905	0.15535	0.01701	0.06376	0.01875	0.01398	0.01833	0.01177	0.01636	0.00923	0.00635	0.00640	0.00207	0.00874	0.00567	0.00304	0.00844
40	0.01865	0.01718	0.05717	0.06467	0.08331	0.09482	0.10712	0.14067	0.11028	0.06826	0.01562	0.01821	0.01206	0.00979	0.01017	0.12208	0.03029	0.00626	0.00460	0.00879
41	0.01463	0.01226	0.01876	0.11130	0.34420	0.01217	0.01420	0.01830	0.01453	0.02218	0.01493	0.01862	0.01209	0.00641	0.00588	0.00176	0.00634	0.00575	0.21790	0.12783
42	0.01528	0.01185	0.01944	0.63804	0.04187	0.01415	0.01732	0.01947	0.01428	0.12323	0.01410	0.01863	0.01009	0.00695	0.00671	0.00221	0.00846	0.00608	0.00378	0.00805
43	0.01813	0.01720	0.07672	0.01281	0.01864	0.11910	0.03137	0.04275	0.01602	0.11583	0.01383	0.01505	0.01057	0.00594	0.00563	0.00142	0.00682	0.00467	0.00445	0.46304
44	0.01398	0.01374	0.02012	0.01697	0.01767	0.01818	0.05989	0.01599	0.01196	0.01812	0.11524	0.02021	0.01705	0.01162	0.01895	0.00277	0.58965	0.00695	0.00363	0.00731
45	0.00816	0.00666	0.00721	0.00738	0.00928	0.00572	0.00542	0.00996	0.01539	0.01907	0.14422	0.16669	0.53713	0.01719	0.00802	0.00232	0.00344	0.01464	0.00637	0.00572
46	0.01214	0.00726	0.00948	0.01001	0.01133	0.00688	0.00706	0.01460	0.06109	0.12380	0.03400	0.57767	0.03763	0.01838	0.00870	0.02649	0.00432	0.01606	0.00648	0.00662
47	0.00820	0.00602	0.00761	0.00886	0.00953	0.00552	0.00597	0.00940	0.01312	0.01713	0.04129	0.62255	0.15058	0.04855	0.00943	0.00280	0.00391	0.01794	0.00615	0.00543
48	0.05659	0.01406	0.01917	0.18416	0.04722	0.01791	0.01439	0.11847	0.01436	0.02098	0.01161	0.01749	0.01027	0.06073	0.01562	0.00280	0.35659	0.00607	0.00366	0.00786
49	0.04223	0.01693	0.06573	0.03326	0.04113	0.03514	0.01255	0.22886	0.25862	0.16205	0.02108	0.02011	0.01503	0.00817	0.00665	0.00212	0.00665	0.00652	0.00644	0.01072
50	0.01701	0.01335	0.04258	0.02440	0.31888	0.01213	0.05192	0.02013	0.01519	0.14960	0.03945	0.02561	0.05958	0.12056	0.01085	0.00266	0.00699	0.00732	0.00467	0.05710
51	0.01720	0.01797	0.03539	0.02564	0.03175	0.01779	0.54909	0.12253	0.01781	0.02424	0.01363	0.01757	0.01027	0.00643	0.00870	0.00227	0.06108	0.00750	0.00386	0.00929
52	0.01135	0.00603	0.00905	0.00905	0.00923	0.00621	0.00621	0.00923	0.00905	0.01224	0.01260	0.02129	0.01242	0.02735	0.13254	0.68611	0.00764	0.00603	0.00302	0.00337
53	0.01864	0.18870	0.22706	0.01721	0.02347	0.14930	0.09198	0.09505	0.01695	0.04673	0.01233	0.01435	0.00958	0.00786	0.02624	0.00216	0.03442	0.00514	0.00366	0.00917
54	0.02810	0.01187	0.01551	0.01219	0.01718	0.01088	0.00998	0.03314	0.12248	0.62252	0.02660	0.02317	0.01719	0.00842	0.00676	0.00211	0.00565	0.00687	0.00808	0.01130
55	0.00902	0.00687	0.00983	0.11995	0.01546	0.00701	0.00838	0.01080	0.01310	0.01732	0.03314	0.60448	0.03871	0.01872	0.00833	0.00268	0.00480	0.05987	0.00574	0.00580
56	0.01650	0.06776	0.07100	0.29537	0.18018	0.15039	0.03517	0.02084	0.03812	0.01866	0.01207	0.01595	0.00961	0.00673	0.00696	0.00206	0.03525	0.00554	0.00326	0.00858
57	0.01070	0.00976	0.03337	0.01333	0.08640	0.00891	0.03578	0.01523	0.10241	0.02106	0.14294	0.21998	0.24480	0.01459	0.00776	0.00232	0.00471	0.01287	0.00596	0.00711
58	0.00990	0.00676	0.00821	0.00844	0.00880	0.00689	0.00553	0.01061	0.01072	0.01434	0.02296	0.04680	0.02571	0.57715	0.10493	0.00645	0.00767	0.10923	0.00433	0.00459

[dist]
# distance from previous block
# <min> <max>
0	42

# created by:
# /home/cegg/simao/soft/augustus-3.2.1/scripts/msa2prfl.pl ./align_prep/EOG090W0FZE.fa
