[name]
unknown

[dist]
# distance from previous block
# <min> <max>
0	25

[block]
# block no. 0 follows, 36 sequences, length 22
# corresponding to MSA columns:
# 28-48,50
name=unknown_A
#
# <colnr> <probs for GDERKNQSTAVLIFYWHMCP>
#	G	D	E	R	K	N	Q	S	T	A	V	L	I	F	Y	W	H	M	C	P
0	0.01634	0.01233	0.01417	0.01263	0.01588	0.01366	0.01029	0.13601	0.33433	0.08253	0.02391	0.03157	0.02028	0.01024	0.00757	0.00223	0.04881	0.16434	0.00600	0.03685
1	0.07582	0.01557	0.01448	0.01184	0.01622	0.18456	0.00937	0.02548	0.09538	0.29432	0.01726	0.01661	0.01220	0.00671	0.00561	0.00166	0.00647	0.00509	0.00540	0.17993
2	0.01618	0.01159	0.01386	0.01031	0.01536	0.00989	0.00834	0.06124	0.03933	0.14129	0.01389	0.01480	0.01062	0.00574	0.00582	0.00128	0.04236	0.00443	0.00455	0.56914
3	0.00901	0.00650	0.00860	0.00964	0.01086	0.00622	0.00775	0.01099	0.01363	0.01768	0.07524	0.23000	0.14894	0.01750	0.00896	0.04259	0.00466	0.36019	0.00567	0.00536
4	0.05221	0.24527	0.51005	0.01529	0.02314	0.01734	0.01873	0.01936	0.01289	0.01868	0.01035	0.01211	0.00787	0.00575	0.00528	0.00179	0.00828	0.00418	0.00270	0.00875
5	0.01303	0.01236	0.02096	0.51521	0.28392	0.01417	0.01793	0.01702	0.01305	0.01745	0.01130	0.01620	0.00884	0.00600	0.00621	0.00200	0.00799	0.00554	0.00288	0.00794
6	0.00737	0.00627	0.00635	0.00641	0.00844	0.00525	0.00478	0.00893	0.01411	0.01679	0.06191	0.08995	0.71043	0.01594	0.00739	0.00212	0.00318	0.01334	0.00579	0.00525
7	0.01451	0.01624	0.03360	0.02449	0.02966	0.01635	0.59322	0.01907	0.01378	0.01907	0.01181	0.01624	0.00923	0.00626	0.00970	0.00221	0.14634	0.00701	0.00308	0.00812
8	0.03692	0.00993	0.04592	0.00984	0.01314	0.00859	0.00815	0.02062	0.09663	0.27216	0.24454	0.06891	0.11707	0.01071	0.00674	0.00201	0.00438	0.00909	0.00664	0.00802
9	0.00759	0.00542	0.00723	0.00868	0.00904	0.00506	0.00578	0.00868	0.01193	0.01591	0.03434	0.77697	0.04121	0.01952	0.00795	0.00253	0.00361	0.01771	0.00578	0.00506
10	0.01552	0.57891	0.22855	0.01260	0.01899	0.02187	0.01404	0.01895	0.01280	0.01605	0.00935	0.01086	0.00797	0.00549	0.00452	0.00151	0.00736	0.00368	0.00266	0.00833
11	0.01959	0.06580	0.15434	0.01306	0.01819	0.01417	0.01229	0.21235	0.09689	0.21193	0.05413	0.06635	0.01636	0.00823	0.00621	0.00194	0.00628	0.00664	0.00572	0.00951
12	0.00736	0.00631	0.00631	0.00631	0.00842	0.00526	0.00473	0.00894	0.01420	0.01683	0.06312	0.05996	0.73964	0.01578	0.00736	0.00210	0.00316	0.01315	0.00579	0.00526
13	0.01250	0.03223	0.74875	0.01776	0.02697	0.01447	0.02302	0.01973	0.01315	0.01973	0.01118	0.01315	0.00789	0.00592	0.00592	0.00197	0.00921	0.00460	0.00263	0.00921
14	0.01538	0.01492	0.02594	0.03756	0.70192	0.01486	0.05885	0.01917	0.01422	0.02033	0.01177	0.01550	0.00985	0.00553	0.00624	0.00186	0.00758	0.00565	0.00309	0.00979
15	0.01524	0.52799	0.27700	0.01308	0.01974	0.02118	0.01488	0.01902	0.01283	0.01639	0.00952	0.01107	0.00796	0.00553	0.00465	0.00155	0.00753	0.00377	0.00265	0.00841
16	0.00763	0.00622	0.00675	0.00683	0.00863	0.00534	0.00504	0.00938	0.01452	0.01808	0.17165	0.13729	0.54958	0.01569	0.00743	0.00213	0.00317	0.01334	0.00596	0.00534
17	0.00748	0.00628	0.00650	0.00653	0.00851	0.00529	0.00486	0.00913	0.01434	0.01736	0.10938	0.09160	0.65997	0.01574	0.00739	0.00211	0.00316	0.01322	0.00586	0.00529
18	0.01258	0.01101	0.01126	0.01099	0.01321	0.07113	0.00837	0.03712	0.28166	0.02135	0.09038	0.22276	0.07964	0.01293	0.00710	0.00224	0.00496	0.08812	0.00588	0.00732
19	0.01161	0.00581	0.00581	0.00581	0.00726	0.00581	0.00436	0.01452	0.01307	0.02323	0.02033	0.02323	0.01597	0.00726	0.00436	0.00145	0.00290	0.00581	0.81562	0.00581
20	0.00779	0.00568	0.00739	0.00868	0.00933	0.00528	0.00606	0.00910	0.01240	0.01626	0.03736	0.63314	0.11705	0.01890	0.00795	0.00252	0.00376	0.08043	0.00578	0.00515
21	0.01430	0.01585	0.03290	0.02411	0.02929	0.01573	0.58522	0.01890	0.01399	0.01922	0.01314	0.01934	0.01075	0.00668	0.00918	0.00223	0.11241	0.04549	0.00324	0.00804

[dist]
# distance from previous block
# <min> <max>
0	2

[block]
# block no. 1 follows, 36 sequences, length 47
# corresponding to MSA columns:
# 53-99
name=unknown_B
#
# <colnr> <probs for GDERKNQSTAVLIFYWHMCP>
#	G	D	E	R	K	N	Q	S	T	A	V	L	I	F	Y	W	H	M	C	P
0	0.71711	0.01208	0.01001	0.00869	0.01268	0.01366	0.00716	0.04241	0.01195	0.10213	0.01051	0.01142	0.00776	0.00604	0.00418	0.00193	0.00494	0.00374	0.00433	0.00727
1	0.01761	0.01680	0.03037	0.02221	0.02789	0.06579	0.50035	0.07090	0.04948	0.11208	0.01465	0.01715	0.01062	0.00594	0.00697	0.00203	0.00939	0.00685	0.00409	0.00882
2	0.02646	0.01027	0.01398	0.01083	0.01539	0.00890	0.00890	0.02892	0.01782	0.69029	0.08021	0.02318	0.01880	0.00810	0.00635	0.00193	0.00512	0.00666	0.00765	0.01024
3	0.00818	0.00569	0.00710	0.00803	0.00842	0.00543	0.00524	0.00908	0.01131	0.01515	0.03097	0.49555	0.06571	0.23550	0.01460	0.00349	0.00432	0.03248	0.02902	0.00474
4	0.01151	0.00989	0.01606	0.01383	0.01653	0.00966	0.17558	0.07106	0.03869	0.02080	0.10980	0.22902	0.06742	0.01332	0.00767	0.00235	0.00593	0.16883	0.00533	0.00671
5	0.01250	0.03223	0.74875	0.01776	0.02697	0.01447	0.02302	0.01973	0.01315	0.01973	0.01118	0.01315	0.00789	0.00592	0.00592	0.00197	0.00921	0.00460	0.00263	0.00921
6	0.00759	0.00542	0.00723	0.00868	0.00904	0.00506	0.00578	0.00868	0.01193	0.01591	0.03434	0.77697	0.04121	0.01952	0.00795	0.00253	0.00361	0.01771	0.00578	0.00506
7	0.17032	0.01646	0.01695	0.01321	0.01799	0.01834	0.01091	0.59274	0.02587	0.03720	0.01381	0.01407	0.00989	0.00717	0.00580	0.00188	0.00648	0.00520	0.00580	0.00989
8	0.01542	0.01480	0.02529	0.03824	0.74217	0.01480	0.01912	0.01912	0.01419	0.02036	0.01172	0.01542	0.00987	0.00555	0.00617	0.00185	0.00740	0.00555	0.00308	0.00987
9	0.01322	0.16331	0.62402	0.01652	0.02505	0.01624	0.02087	0.01954	0.01307	0.01885	0.01074	0.01260	0.00791	0.00582	0.00558	0.00186	0.00876	0.00438	0.00264	0.00900
10	0.01542	0.01480	0.02529	0.03824	0.74217	0.01480	0.01912	0.01912	0.01419	0.02036	0.01172	0.01542	0.00987	0.00555	0.00617	0.00185	0.00740	0.00555	0.00308	0.00987
11	0.02188	0.01645	0.01771	0.01368	0.01859	0.01788	0.01122	0.58938	0.09001	0.03619	0.01549	0.01549	0.01121	0.00728	0.00608	0.00180	0.00646	0.00554	0.00599	0.09169
12	0.06648	0.01859	0.01807	0.01421	0.01893	0.10484	0.01159	0.60268	0.02694	0.03586	0.01400	0.01427	0.01009	0.00727	0.00603	0.00184	0.00726	0.00530	0.00575	0.01000
13	0.01160	0.01117	0.02129	0.01696	0.02033	0.01058	0.33046	0.03714	0.01439	0.01944	0.08327	0.29953	0.02694	0.01193	0.00762	0.00229	0.00693	0.05659	0.00469	0.00687
14	0.01542	0.01480	0.02529	0.03824	0.74217	0.01480	0.01912	0.01912	0.01419	0.02036	0.01172	0.01542	0.00987	0.00555	0.00617	0.00185	0.00740	0.00555	0.00308	0.00987
15	0.01729	0.01725	0.02941	0.02178	0.02701	0.09889	0.46409	0.07653	0.01614	0.08517	0.01400	0.04037	0.01086	0.00650	0.00761	0.00205	0.04573	0.00698	0.00387	0.00846
16	0.02587	0.01088	0.01429	0.01119	0.01575	0.00990	0.00916	0.05170	0.08156	0.62836	0.05570	0.02230	0.01749	0.00799	0.00632	0.00194	0.00521	0.00653	0.00751	0.01033
17	0.01250	0.03223	0.74875	0.01776	0.02697	0.01447	0.02302	0.01973	0.01315	0.01973	0.01118	0.01315	0.00789	0.00592	0.00592	0.00197	0.00921	0.00460	0.00263	0.00921
18	0.15080	0.01738	0.01606	0.01348	0.01754	0.17106	0.04134	0.17682	0.21920	0.08985	0.01649	0.01635	0.01217	0.00718	0.00580	0.00191	0.00693	0.00545	0.00524	0.00896
19	0.01597	0.01826	0.02810	0.02150	0.02540	0.15321	0.38385	0.01942	0.01375	0.01765	0.01077	0.01486	0.00882	0.00711	0.01084	0.00219	0.23136	0.00618	0.00304	0.00772
20	0.01636	0.01367	0.01450	0.01272	0.01636	0.01565	0.00998	0.12560	0.60889	0.02781	0.05088	0.02300	0.01938	0.00848	0.00636	0.00207	0.00512	0.00701	0.00634	0.00981
21	0.01752	0.05369	0.02233	0.01709	0.02036	0.13044	0.15955	0.13972	0.04764	0.04359	0.04180	0.01599	0.01160	0.00806	0.01064	0.00213	0.23988	0.00589	0.00397	0.00812
22	0.01430	0.01483	0.02943	0.02186	0.02679	0.01460	0.50100	0.02001	0.08269	0.03824	0.04240	0.06186	0.01474	0.00740	0.00818	0.00218	0.06031	0.02715	0.00389	0.00814
23	0.00906	0.00604	0.00680	0.00680	0.00680	0.00604	0.00378	0.00906	0.00906	0.01208	0.01963	0.04077	0.02265	0.78103	0.03171	0.00604	0.00604	0.00906	0.00378	0.00378
24	0.00762	0.00555	0.00718	0.00840	0.00898	0.00511	0.00568	0.00883	0.01240	0.01637	0.06625	0.67350	0.11347	0.01886	0.00787	0.00246	0.00354	0.01698	0.00583	0.00511
25	0.01490	0.01427	0.02434	0.14292	0.64159	0.01467	0.01886	0.01866	0.01394	0.01972	0.01163	0.01559	0.00964	0.00565	0.00618	0.00188	0.00753	0.00555	0.00304	0.00945
26	0.01816	0.01471	0.01559	0.01322	0.01722	0.01674	0.01051	0.25688	0.50280	0.03036	0.02198	0.02055	0.01628	0.00814	0.00631	0.00203	0.00556	0.00658	0.00631	0.01010
27	0.00759	0.00542	0.00723	0.00868	0.00904	0.00506	0.00578	0.00868	0.01193	0.01591	0.03434	0.77697	0.04121	0.01952	0.00795	0.00253	0.00361	0.01771	0.00578	0.00506
28	0.28385	0.01670	0.01516	0.01242	0.01671	0.15477	0.03148	0.20969	0.01842	0.16419	0.01366	0.01393	0.00974	0.00671	0.00539	0.00186	0.00684	0.00476	0.00508	0.00865
29	0.01699	0.01557	0.02094	0.01659	0.02014	0.10403	0.19238	0.13725	0.04781	0.07597	0.04915	0.06780	0.05163	0.00887	0.00920	0.00212	0.14355	0.00735	0.00454	0.00809
30	0.00868	0.00634	0.00816	0.00776	0.00924	0.00581	0.00580	0.01147	0.01723	0.02416	0.67196	0.06894	0.10483	0.01315	0.00737	0.00199	0.00297	0.01159	0.00675	0.00581
31	0.01250	0.03223	0.74875	0.01776	0.02697	0.01447	0.02302	0.01973	0.01315	0.01973	0.01118	0.01315	0.00789	0.00592	0.00592	0.00197	0.00921	0.00460	0.00263	0.00921
32	0.02307	0.01859	0.01792	0.01432	0.01886	0.13235	0.01163	0.53748	0.05305	0.06349	0.01548	0.01665	0.01149	0.00766	0.00622	0.00187	0.00736	0.02680	0.00581	0.00990
33	0.01526	0.01464	0.02500	0.06981	0.71184	0.01476	0.01904	0.01898	0.01411	0.02016	0.01169	0.01547	0.00980	0.00558	0.00617	0.00186	0.00744	0.00555	0.00307	0.00974
34	0.00759	0.00542	0.00723	0.00868	0.00904	0.00506	0.00578	0.00868	0.01193	0.01591	0.03434	0.77697	0.04121	0.01952	0.00795	0.00253	0.00361	0.01771	0.00578	0.00506
35	0.02026	0.01547	0.01672	0.01358	0.01786	0.01731	0.01105	0.47267	0.22339	0.03375	0.01860	0.01972	0.01409	0.00981	0.03888	0.00233	0.00670	0.03170	0.00612	0.00999
36	0.01371	0.25135	0.54024	0.01569	0.02377	0.01744	0.01942	0.01942	0.01301	0.01825	0.01045	0.01223	0.00792	0.00575	0.00536	0.00179	0.00847	0.00423	0.00264	0.00886
37	0.01471	0.01681	0.03676	0.02626	0.03256	0.01576	0.71954	0.01996	0.01471	0.01996	0.01261	0.01681	0.00945	0.00525	0.00735	0.00210	0.01050	0.00735	0.00315	0.00840
38	0.00736	0.00631	0.00631	0.00631	0.00842	0.00526	0.00473	0.00894	0.01420	0.01683	0.06312	0.05996	0.73964	0.01578	0.00736	0.00210	0.00316	0.01315	0.00579	0.00526
39	0.02299	0.02922	0.01770	0.01606	0.01918	0.73420	0.01209	0.02459	0.01742	0.01524	0.00959	0.01131	0.00803	0.00655	0.00606	0.00164	0.03369	0.00406	0.00320	0.00721
40	0.00890	0.00668	0.01001	0.01001	0.01113	0.00779	0.00779	0.01113	0.01001	0.01446	0.01669	0.02448	0.01558	0.04673	0.75634	0.01001	0.01669	0.00668	0.00334	0.00556
41	0.00759	0.00542	0.00723	0.00868	0.00904	0.00506	0.00578	0.00868	0.01193	0.01591	0.03434	0.77697	0.04121	0.01952	0.00795	0.00253	0.00361	0.01771	0.00578	0.00506
42	0.01526	0.01299	0.01379	0.01247	0.01583	0.01492	0.00966	0.05685	0.65585	0.02586	0.02559	0.07448	0.02023	0.00917	0.00645	0.00213	0.00491	0.00772	0.00630	0.00956
43	0.01471	0.01681	0.03676	0.02626	0.03256	0.01576	0.71954	0.01996	0.01471	0.01996	0.01261	0.01681	0.00945	0.00525	0.00735	0.00210	0.01050	0.00735	0.00315	0.00840
44	0.00882	0.00637	0.00833	0.00784	0.00931	0.00588	0.00588	0.01176	0.01764	0.02499	0.73888	0.04654	0.05879	0.01274	0.00735	0.00196	0.00294	0.01127	0.00686	0.00588
45	0.02368	0.01745	0.01870	0.01434	0.01932	0.01932	0.01184	0.72139	0.02929	0.03927	0.01496	0.01496	0.01060	0.00748	0.00623	0.00187	0.00686	0.00561	0.00623	0.01060
46	0.01550	0.01338	0.01409	0.01268	0.01620	0.01550	0.00986	0.03311	0.73091	0.02606	0.02536	0.02325	0.01902	0.00845	0.00634	0.00211	0.00493	0.00704	0.00634	0.00986

[dist]
# distance from previous block
# <min> <max>
0	6

[block]
# block no. 2 follows, 36 sequences, length 40
# corresponding to MSA columns:
# 106-122,125-147
name=unknown_C
#
# <colnr> <probs for GDERKNQSTAVLIFYWHMCP>
#	G	D	E	R	K	N	Q	S	T	A	V	L	I	F	Y	W	H	M	C	P
0	0.67885	0.01229	0.01005	0.00900	0.01280	0.01425	0.00731	0.02099	0.14068	0.02761	0.01169	0.01249	0.00896	0.00627	0.00430	0.00196	0.00484	0.00404	0.00430	0.00731
1	0.01451	0.01623	0.03357	0.02447	0.02964	0.01636	0.59206	0.01906	0.01377	0.01906	0.01181	0.01623	0.00922	0.00627	0.00972	0.00221	0.14759	0.00701	0.00307	0.00812
2	0.01563	0.01099	0.01320	0.00956	0.01497	0.00846	0.00770	0.01834	0.01381	0.15144	0.01351	0.01442	0.01035	0.00517	0.00491	0.00110	0.00474	0.00416	0.00442	0.67311
3	0.01363	0.01363	0.01908	0.01636	0.01636	0.01908	0.01363	0.01499	0.00954	0.01499	0.00818	0.01363	0.00818	0.01091	0.02045	0.00273	0.76963	0.00545	0.00273	0.00682
4	0.01250	0.03223	0.74875	0.01776	0.02697	0.01447	0.02302	0.01973	0.01315	0.01973	0.01118	0.01315	0.00789	0.00592	0.00592	0.00197	0.00921	0.00460	0.00263	0.00921
5	0.78704	0.01231	0.00961	0.00848	0.01239	0.01423	0.00699	0.05166	0.01149	0.02849	0.00897	0.01035	0.00693	0.00586	0.00397	0.00193	0.00492	0.00348	0.00397	0.00693
6	0.02368	0.01745	0.01870	0.01434	0.01932	0.01932	0.01184	0.72139	0.02929	0.03927	0.01496	0.01496	0.01060	0.00748	0.00623	0.00187	0.00686	0.00561	0.00623	0.01060
7	0.78352	0.01176	0.00901	0.00810	0.01186	0.01353	0.00665	0.01784	0.01079	0.02739	0.01144	0.01265	0.04396	0.00629	0.00403	0.00194	0.00474	0.00387	0.00395	0.00667
8	0.00890	0.00668	0.01001	0.01001	0.01113	0.00779	0.00779	0.01113	0.01001	0.01446	0.01669	0.02448	0.01558	0.04673	0.75634	0.01001	0.01669	0.00668	0.00334	0.00556
9	0.02664	0.01255	0.05212	0.01183	0.01689	0.01069	0.01019	0.11597	0.01903	0.62157	0.02270	0.02002	0.01444	0.00759	0.00624	0.00192	0.00569	0.00610	0.00727	0.01053
10	0.02397	0.01700	0.01842	0.01412	0.01909	0.01864	0.01166	0.67529	0.02853	0.08645	0.01560	0.01538	0.01092	0.00749	0.00624	0.00187	0.00675	0.00565	0.00633	0.01060
11	0.01990	0.01437	0.02801	0.02031	0.02603	0.01317	0.44084	0.02404	0.01593	0.30499	0.01730	0.01853	0.01180	0.00622	0.00693	0.00203	0.00846	0.00693	0.00494	0.00927
12	0.01542	0.01480	0.02529	0.03824	0.74217	0.01480	0.01912	0.01912	0.01419	0.02036	0.01172	0.01542	0.00987	0.00555	0.00617	0.00185	0.00740	0.00555	0.00308	0.00987
13	0.01136	0.01058	0.00992	0.00925	0.01106	0.14132	0.00694	0.01399	0.01748	0.02284	0.57514	0.04080	0.08191	0.01174	0.00704	0.00190	0.00445	0.01005	0.00615	0.00609
14	0.00759	0.00542	0.00723	0.00868	0.00904	0.00506	0.00578	0.00868	0.01193	0.01591	0.03434	0.77697	0.04121	0.01952	0.00795	0.00253	0.00361	0.01771	0.00578	0.00506
15	0.01471	0.01681	0.03676	0.02626	0.03256	0.01576	0.71954	0.01996	0.01471	0.01996	0.01261	0.01681	0.00945	0.00525	0.00735	0.00210	0.01050	0.00735	0.00315	0.00840
16	0.01004	0.00717	0.01004	0.01147	0.01291	0.00717	0.01004	0.01291	0.01434	0.01865	0.03299	0.07028	0.03586	0.01721	0.00861	0.00287	0.00574	0.70023	0.00574	0.00574
17	0.02795	0.01060	0.01446	0.01109	0.01591	0.00916	0.00916	0.03036	0.01783	0.74648	0.02458	0.02121	0.01542	0.00771	0.00627	0.00193	0.00530	0.00627	0.00771	0.01060
18	0.01082	0.00541	0.00812	0.00812	0.00812	0.00541	0.00541	0.00812	0.00812	0.01082	0.01082	0.01894	0.01082	0.02165	0.02435	0.81872	0.00541	0.00541	0.00271	0.00271
19	0.01383	0.01420	0.02228	0.01815	0.01928	0.01848	0.14111	0.01589	0.01047	0.01589	0.00898	0.01420	0.00841	0.00988	0.01808	0.00261	0.63254	0.00580	0.00280	0.00710
20	0.01177	0.01107	0.01869	0.76606	0.04291	0.01384	0.01730	0.01592	0.01246	0.01592	0.01107	0.01661	0.00831	0.00623	0.00623	0.00208	0.00831	0.00554	0.00277	0.00692
21	0.00760	0.00563	0.00702	0.00810	0.00882	0.00514	0.00549	0.00875	0.01230	0.01596	0.03988	0.59746	0.18839	0.04737	0.00872	0.00257	0.00361	0.01642	0.00571	0.00505
22	0.01530	0.02704	0.40204	0.01931	0.02629	0.14899	0.18469	0.03907	0.01462	0.01931	0.01122	0.01374	0.00837	0.00608	0.00676	0.00196	0.03842	0.00520	0.00296	0.00861
23	0.01537	0.01653	0.01883	0.01630	0.01688	0.15217	0.01334	0.01678	0.01101	0.01504	0.00844	0.01320	0.00815	0.01010	0.01777	0.00252	0.63267	0.00519	0.00281	0.00689
24	0.01655	0.00809	0.01076	0.00911	0.01196	0.00719	0.00718	0.01923	0.01761	0.31809	0.42718	0.03666	0.06258	0.01079	0.00691	0.00195	0.00391	0.00929	0.00717	0.00778
25	0.01259	0.01192	0.02018	0.60182	0.20071	0.01406	0.01771	0.01664	0.01285	0.01692	0.01122	0.01634	0.00866	0.00608	0.00622	0.00203	0.00810	0.00554	0.00284	0.00759
26	0.02308	0.01625	0.01796	0.04946	0.01979	0.01784	0.01165	0.61140	0.02708	0.09322	0.01570	0.01579	0.01104	0.00743	0.00618	0.00187	0.00668	0.00566	0.03165	0.01027
27	0.01169	0.01060	0.01780	0.70209	0.03998	0.01313	0.01630	0.01526	0.01209	0.01549	0.01105	0.01681	0.00852	0.00753	0.00776	0.07100	0.00806	0.00553	0.00276	0.00657
28	0.00846	0.00631	0.00787	0.00757	0.00911	0.00571	0.00564	0.01103	0.01665	0.02288	0.56682	0.08634	0.19520	0.01370	0.00738	0.00202	0.00302	0.01197	0.00659	0.00571
29	0.02019	0.04304	0.03794	0.10380	0.15087	0.42833	0.01411	0.09361	0.01740	0.01878	0.01072	0.01298	0.00864	0.00631	0.00581	0.00173	0.00961	0.00462	0.00342	0.00807
30	0.01291	0.08342	0.62379	0.01711	0.02511	0.01566	0.02119	0.01917	0.01275	0.01889	0.01070	0.01298	0.00793	0.00639	0.00727	0.00200	0.08660	0.00460	0.00264	0.00888
31	0.00759	0.00542	0.00723	0.00868	0.00904	0.00506	0.00578	0.00868	0.01193	0.01591	0.03434	0.77697	0.04121	0.01952	0.00795	0.00253	0.00361	0.01771	0.00578	0.00506
32	0.01452	0.18982	0.52288	0.01591	0.02387	0.01712	0.01927	0.09108	0.01470	0.02065	0.01103	0.01267	0.00819	0.00595	0.00555	0.00183	0.00843	0.00444	0.00301	0.00909
33	0.01330	0.07786	0.17676	0.38452	0.09742	0.03879	0.08962	0.01792	0.01317	0.01741	0.01107	0.01510	0.00844	0.00594	0.00608	0.00196	0.00861	0.00530	0.00281	0.00791
34	0.01110	0.00883	0.00922	0.00917	0.01093	0.04571	0.00671	0.08458	0.07895	0.02027	0.05015	0.34854	0.18260	0.01447	0.00702	0.00217	0.00426	0.01253	0.08648	0.00629
35	0.01457	0.01400	0.02435	0.03429	0.61162	0.01388	0.07280	0.01812	0.01400	0.01987	0.01410	0.09322	0.01303	0.00695	0.00644	0.00194	0.00726	0.00693	0.00336	0.00926
36	0.01843	0.01885	0.08856	0.01293	0.01647	0.29810	0.01091	0.02090	0.01614	0.16040	0.06250	0.09486	0.07706	0.00985	0.00648	0.00196	0.00757	0.06559	0.00490	0.00753
37	0.01609	0.01450	0.02263	0.16870	0.47110	0.01539	0.01730	0.13364	0.03921	0.02280	0.01256	0.01582	0.00999	0.00608	0.00620	0.00190	0.00740	0.00561	0.00364	0.00944
38	0.01219	0.01145	0.01677	0.01626	0.08896	0.01413	0.03429	0.01419	0.01081	0.01601	0.01455	0.04718	0.04851	0.01853	0.18385	0.00413	0.38497	0.00655	0.00324	0.05343
39	0.01218	0.00894	0.01228	0.08220	0.01588	0.00875	0.04444	0.05901	0.04985	0.07684	0.07498	0.28664	0.07417	0.01289	0.00708	0.00216	0.00502	0.07166	0.00543	0.08960

[dist]
# distance from previous block
# <min> <max>
0	78

# created by:
# /home/cegg/simao/soft/augustus-3.2.1/scripts/msa2prfl.pl ./align_prep/EOG090W0LOM.fa
