[name]
unknown

[dist]
# distance from previous block
# <min> <max>
0	21

[block]
# block no. 0 follows, 28 sequences, length 17
# corresponding to MSA columns:
# 50-60,84-89
name=unknown_A
#
# <colnr> <probs for GDERKNQSTAVLIFYWHMCP>
#	G	D	E	R	K	N	Q	S	T	A	V	L	I	F	Y	W	H	M	C	P
0	0.01072	0.00772	0.01051	0.01191	0.01330	0.00751	0.00974	0.01348	0.01636	0.02151	0.09947	0.24535	0.07562	0.02022	0.00965	0.00311	0.00564	0.40488	0.00683	0.00648
1	0.02067	0.07318	0.09137	0.02602	0.25632	0.11093	0.01731	0.17110	0.04093	0.02786	0.04495	0.01827	0.01389	0.00757	0.00690	0.00206	0.00874	0.00620	0.00471	0.05104
2	0.04405	0.01249	0.04335	0.01254	0.01611	0.01172	0.03226	0.13047	0.06061	0.10823	0.15014	0.14509	0.12487	0.01626	0.05527	0.00303	0.00659	0.01133	0.00684	0.00876
3	0.07175	0.08768	0.30789	0.02345	0.14436	0.08736	0.07355	0.04660	0.01660	0.02347	0.01395	0.04564	0.01143	0.00749	0.00682	0.00220	0.00976	0.00621	0.00369	0.01011
4	0.01410	0.03908	0.20021	0.04864	0.04347	0.01270	0.05864	0.01921	0.04469	0.06420	0.14762	0.19628	0.03078	0.01253	0.00847	0.00248	0.03175	0.01098	0.00547	0.00871
5	0.01042	0.00766	0.01104	0.01104	0.01211	0.00873	0.00828	0.01256	0.01149	0.01640	0.02006	0.03183	0.01960	0.17346	0.59874	0.01088	0.01733	0.00827	0.00398	0.00613
6	0.02146	0.09646	0.07536	0.11205	0.05643	0.26689	0.04226	0.06983	0.09698	0.04559	0.01528	0.01789	0.01211	0.03147	0.00776	0.00225	0.01008	0.00595	0.00442	0.00947
7	0.05100	0.14169	0.18015	0.07480	0.10791	0.06444	0.05280	0.08465	0.04814	0.06894	0.04701	0.01850	0.01386	0.00757	0.00673	0.00214	0.00882	0.00615	0.00449	0.01019
8	0.00869	0.00737	0.00750	0.00747	0.00988	0.00618	0.00560	0.01062	0.01680	0.02020	0.11014	0.06904	0.65939	0.01820	0.00859	0.00244	0.00367	0.01521	0.00682	0.00618
9	0.01318	0.00917	0.01313	0.01153	0.01411	0.00882	0.08171	0.01720	0.04537	0.06011	0.19925	0.10164	0.10017	0.01508	0.04764	0.00279	0.00575	0.02912	0.21678	0.00747
10	0.01956	0.16138	0.11410	0.04733	0.13527	0.09774	0.08325	0.06639	0.08280	0.04987	0.01563	0.01897	0.01258	0.00780	0.00754	0.00218	0.03874	0.02439	0.00434	0.01016
11	0.01484	0.11367	0.06014	0.01073	0.01367	0.01280	0.00875	0.07160	0.06277	0.04724	0.04996	0.03676	0.08283	0.31833	0.01942	0.00417	0.00670	0.00899	0.04928	0.00735
12	0.00903	0.00737	0.00772	0.00775	0.00985	0.00636	0.00569	0.01080	0.01610	0.01961	0.10162	0.06689	0.55869	0.10305	0.01196	0.00301	0.00417	0.03777	0.00655	0.00600
13	0.02036	0.08938	0.02391	0.19584	0.07355	0.24489	0.04336	0.06135	0.07152	0.02111	0.01353	0.01675	0.01087	0.00793	0.00837	0.00221	0.07608	0.00587	0.00399	0.00911
14	0.04823	0.04167	0.04999	0.06238	0.26777	0.24477	0.08582	0.04337	0.01789	0.02203	0.01266	0.01607	0.01036	0.00715	0.00766	0.00215	0.04054	0.00592	0.00373	0.00984
15	0.01058	0.00774	0.00990	0.00981	0.01042	0.00840	0.00673	0.01169	0.01152	0.01577	0.02527	0.07696	0.06756	0.39749	0.25295	0.00783	0.04921	0.01028	0.00445	0.00546
16	0.05915	0.01785	0.05358	0.17243	0.20418	0.05796	0.01778	0.09162	0.03891	0.06269	0.01418	0.01781	0.01116	0.00835	0.01005	0.00241	0.13940	0.00628	0.00430	0.00989

[dist]
# distance from previous block
# <min> <max>
0	1

[block]
# block no. 1 follows, 28 sequences, length 12
# corresponding to MSA columns:
# 91-102
name=unknown_B
#
# <colnr> <probs for GDERKNQSTAVLIFYWHMCP>
#	G	D	E	R	K	N	Q	S	T	A	V	L	I	F	Y	W	H	M	C	P
0	0.59583	0.01380	0.01161	0.01018	0.01440	0.01558	0.00813	0.05875	0.05229	0.03108	0.01299	0.01652	0.01083	0.07620	0.00792	0.00265	0.00589	0.00497	0.00481	0.04557
1	0.01160	0.07752	0.01274	0.01081	0.01230	0.00987	0.00783	0.04555	0.01459	0.01951	0.03149	0.48828	0.03664	0.10214	0.01230	0.00316	0.03407	0.01578	0.00589	0.04792
2	0.10860	0.01603	0.01764	0.01394	0.01911	0.01682	0.01130	0.30503	0.09130	0.19547	0.02053	0.02108	0.01488	0.05012	0.00854	0.00243	0.00685	0.00668	0.00702	0.06662
3	0.01301	0.01204	0.01931	0.34595	0.13594	0.01314	0.04489	0.01696	0.01589	0.02057	0.06759	0.03603	0.18188	0.01076	0.00782	0.00242	0.00770	0.03544	0.00458	0.00808
4	0.02053	0.37907	0.11007	0.01981	0.12890	0.12420	0.01603	0.08433	0.01778	0.02163	0.01186	0.01384	0.00995	0.00676	0.00584	0.00184	0.00905	0.00483	0.00366	0.00999
5	0.01666	0.00769	0.00842	0.00778	0.01011	0.00741	0.00599	0.01995	0.01615	0.13747	0.02452	0.02672	0.01853	0.00855	0.00544	0.00178	0.00384	0.00686	0.65842	0.00769
6	0.05912	0.04533	0.28698	0.11943	0.02782	0.10237	0.01865	0.04875	0.01697	0.08395	0.01756	0.06342	0.01477	0.00914	0.00714	0.00235	0.00934	0.05297	0.00443	0.00952
7	0.01663	0.10030	0.01948	0.09779	0.11030	0.12848	0.01306	0.06420	0.01726	0.02119	0.04180	0.11721	0.05486	0.06405	0.02994	0.00293	0.00840	0.07909	0.00484	0.00819
8	0.01411	0.10430	0.25987	0.01603	0.03948	0.01466	0.01631	0.01860	0.01489	0.03954	0.04233	0.06322	0.05381	0.05567	0.08337	0.00367	0.05654	0.09063	0.00439	0.00859
9	0.00919	0.00664	0.00876	0.01034	0.01104	0.00622	0.00727	0.01074	0.01443	0.01901	0.04206	0.61618	0.08961	0.02216	0.00933	0.00297	0.00448	0.09680	0.00674	0.00602
10	0.01496	0.01381	0.05939	0.18227	0.15612	0.01292	0.08564	0.01919	0.01689	0.06746	0.14258	0.06485	0.07386	0.01008	0.00770	0.00232	0.00745	0.00924	0.04446	0.00882
11	0.01933	0.02240	0.17907	0.07404	0.19375	0.07967	0.11510	0.02423	0.01674	0.11671	0.01544	0.01843	0.01160	0.00884	0.02987	0.00259	0.05111	0.00652	0.00422	0.01034

[dist]
# distance from previous block
# <min> <max>
0	1

[block]
# block no. 2 follows, 28 sequences, length 24
# corresponding to MSA columns:
# 104-127
name=unknown_C
#
# <colnr> <probs for GDERKNQSTAVLIFYWHMCP>
#	G	D	E	R	K	N	Q	S	T	A	V	L	I	F	Y	W	H	M	C	P
0	0.01637	0.01702	0.05759	0.07097	0.40313	0.03915	0.08240	0.02109	0.03866	0.02284	0.04919	0.02549	0.07069	0.04348	0.00891	0.00247	0.00849	0.00784	0.00418	0.01004
1	0.01050	0.00732	0.00930	0.00930	0.00977	0.00779	0.00612	0.01145	0.01098	0.01511	0.02165	0.04062	0.02341	0.49232	0.28509	0.00874	0.01159	0.00955	0.00422	0.00517
2	0.01671	0.03577	0.01915	0.05026	0.07748	0.03247	0.04595	0.06175	0.11301	0.02514	0.01694	0.05267	0.01426	0.00738	0.00640	0.00170	0.00665	0.00631	0.00486	0.40514
3	0.01926	0.30581	0.17241	0.01858	0.02525	0.09397	0.12672	0.07344	0.01717	0.02168	0.01213	0.01461	0.00984	0.00707	0.00735	0.00204	0.05390	0.00542	0.00359	0.00976
4	0.01002	0.02893	0.01000	0.00903	0.01089	0.00810	0.00679	0.01211	0.01632	0.02117	0.21634	0.09192	0.35354	0.08257	0.04641	0.00331	0.04635	0.01344	0.00641	0.00637
5	0.01764	0.05187	0.18628	0.01546	0.02261	0.03888	0.04007	0.12445	0.01832	0.02638	0.01347	0.01551	0.01051	0.00662	0.00668	0.00171	0.02730	0.00514	0.00435	0.36674
6	0.01848	0.08124	0.04663	0.04434	0.05322	0.05145	0.01203	0.12393	0.01869	0.06658	0.02029	0.02173	0.07815	0.00943	0.02720	0.00207	0.03187	0.00631	0.00499	0.28137
7	0.01578	0.09754	0.07305	0.01422	0.03939	0.09799	0.01161	0.06224	0.05599	0.02233	0.02572	0.21360	0.05513	0.01384	0.02505	0.00253	0.02329	0.04103	0.05547	0.05420
8	0.02181	0.01448	0.01643	0.01428	0.01869	0.01570	0.01137	0.05415	0.45470	0.20762	0.02952	0.02936	0.02193	0.01019	0.00752	0.00245	0.00598	0.04457	0.00777	0.01148
9	0.00883	0.00642	0.00834	0.00987	0.01048	0.00593	0.00664	0.01015	0.01416	0.01865	0.04309	0.67936	0.10655	0.02238	0.00922	0.00291	0.00417	0.02018	0.00675	0.00593
10	0.28321	0.01313	0.01588	0.04280	0.14615	0.01483	0.01192	0.02040	0.07826	0.02504	0.01777	0.02192	0.04272	0.03865	0.15191	0.00437	0.05157	0.00653	0.00446	0.00847
11	0.14152	0.01708	0.01777	0.01405	0.01908	0.01876	0.01153	0.45040	0.02753	0.07617	0.01782	0.01834	0.01286	0.00841	0.00655	0.00213	0.00690	0.00623	0.11596	0.01090
12	0.00859	0.00736	0.00736	0.00736	0.00982	0.00614	0.00552	0.01043	0.01657	0.01964	0.07364	0.06996	0.69624	0.01841	0.00859	0.00245	0.00368	0.01534	0.00675	0.00614
13	0.01077	0.00748	0.00955	0.01036	0.01168	0.00714	0.00746	0.01346	0.04787	0.05330	0.08053	0.46343	0.12894	0.02193	0.04597	0.00327	0.00523	0.05815	0.00681	0.00666
14	0.02419	0.02065	0.05954	0.01969	0.02585	0.04685	0.16884	0.40726	0.02732	0.06972	0.01715	0.01843	0.01230	0.00798	0.00745	0.00222	0.00906	0.00694	0.03726	0.01131
15	0.01442	0.01168	0.01527	0.05741	0.10839	0.01239	0.01155	0.08922	0.15108	0.02524	0.06520	0.31429	0.03279	0.01508	0.00829	0.00262	0.00591	0.04412	0.00637	0.00868
16	0.01424	0.04882	0.45780	0.02044	0.05445	0.01594	0.07951	0.02073	0.01518	0.02193	0.01839	0.07927	0.04675	0.01036	0.02883	0.00267	0.04373	0.00754	0.00366	0.00977
17	0.04697	0.00812	0.01041	0.01036	0.01185	0.00847	0.00787	0.01310	0.01545	0.02195	0.22695	0.13887	0.12413	0.06173	0.18341	0.00503	0.04328	0.04951	0.00602	0.00652
18	0.01552	0.01611	0.03148	0.04690	0.02972	0.01561	0.42948	0.02191	0.08468	0.02270	0.05302	0.02808	0.04569	0.11100	0.01240	0.00309	0.00999	0.00926	0.00448	0.00887
19	0.01727	0.01824	0.02368	0.16421	0.11456	0.14823	0.12499	0.02242	0.07971	0.02091	0.01822	0.12215	0.01678	0.00992	0.00893	0.00243	0.06548	0.00868	0.00435	0.00887
20	0.01670	0.01480	0.02460	0.35184	0.13597	0.01650	0.10712	0.07149	0.01686	0.05746	0.01716	0.02206	0.04110	0.02650	0.00912	0.00252	0.04756	0.00729	0.00414	0.00919
21	0.01541	0.00958	0.01254	0.01270	0.01520	0.00942	0.01059	0.05016	0.04935	0.12603	0.06968	0.13070	0.07259	0.01731	0.00915	0.00295	0.00607	0.36545	0.00717	0.00795
22	0.01625	0.01525	0.02573	0.22112	0.46101	0.01610	0.02071	0.02061	0.01604	0.02219	0.01592	0.02466	0.01402	0.00802	0.00750	0.00235	0.00872	0.06988	0.00381	0.01013
23	0.09022	0.01451	0.02045	0.10963	0.02448	0.04823	0.13924	0.08401	0.01802	0.13446	0.02403	0.02979	0.07563	0.05693	0.03421	0.00299	0.00853	0.04803	0.02766	0.00893

[dist]
# distance from previous block
# <min> <max>
0	1

[block]
# block no. 3 follows, 28 sequences, length 13
# corresponding to MSA columns:
# 129-141
name=unknown_D
#
# <colnr> <probs for GDERKNQSTAVLIFYWHMCP>
#	G	D	E	R	K	N	Q	S	T	A	V	L	I	F	Y	W	H	M	C	P
0	0.01369	0.01275	0.01848	0.10880	0.02093	0.01691	0.01404	0.01592	0.01194	0.01757	0.01494	0.07992	0.01487	0.02298	0.18822	0.00512	0.40388	0.00792	0.00366	0.00744
1	0.12585	0.01381	0.01424	0.08233	0.01825	0.08517	0.01002	0.09489	0.03984	0.06976	0.08160	0.02402	0.01851	0.06272	0.01289	0.15336	0.00704	0.00687	0.03509	0.04375
2	0.01609	0.01638	0.05627	0.26722	0.43010	0.01647	0.02119	0.02067	0.01583	0.02186	0.01560	0.02024	0.03599	0.00720	0.00726	0.00226	0.00889	0.00675	0.00357	0.01015
3	0.01651	0.01509	0.01680	0.01644	0.07356	0.10702	0.03474	0.13116	0.01977	0.02563	0.14608	0.16799	0.08368	0.01487	0.03493	0.00276	0.06769	0.01102	0.00589	0.00836
4	0.01620	0.06924	0.10298	0.04366	0.06419	0.01591	0.05659	0.11187	0.01674	0.02329	0.01716	0.05569	0.01616	0.12241	0.04638	0.00344	0.09480	0.03316	0.00443	0.08571
5	0.08941	0.01558	0.02133	0.01866	0.07844	0.01629	0.09385	0.19599	0.03875	0.17511	0.05783	0.05434	0.01871	0.00976	0.00860	0.00239	0.05748	0.03063	0.00636	0.01048
6	0.01786	0.01722	0.02205	0.20480	0.24643	0.11624	0.01703	0.05371	0.01761	0.04249	0.05617	0.02341	0.06335	0.00853	0.00786	0.00222	0.03550	0.00718	0.00435	0.03599
7	0.13179	0.01664	0.01818	0.01702	0.08619	0.08952	0.04467	0.16489	0.04355	0.13272	0.02692	0.05917	0.11767	0.01016	0.00716	0.00227	0.00730	0.00823	0.00612	0.00982
8	0.02149	0.02086	0.08483	0.07507	0.24464	0.12037	0.05980	0.11105	0.01982	0.10980	0.01688	0.02120	0.01327	0.00799	0.00733	0.00224	0.00930	0.03856	0.00487	0.01062
9	0.01904	0.09381	0.08438	0.05287	0.26265	0.10152	0.09164	0.08658	0.04267	0.02421	0.01784	0.02039	0.05495	0.00770	0.00710	0.00215	0.00922	0.00678	0.00422	0.01029
10	0.00981	0.00731	0.01032	0.01077	0.01192	0.00782	0.00802	0.01202	0.01324	0.01834	0.07238	0.23953	0.07697	0.04027	0.41657	0.00791	0.01293	0.01239	0.00518	0.00632
11	0.01064	0.00769	0.01134	0.01118	0.01246	0.00799	0.03610	0.01275	0.01366	0.01944	0.10805	0.21474	0.03174	0.05622	0.30051	0.05752	0.01088	0.01173	0.05910	0.00626
12	0.01987	0.20470	0.10259	0.02473	0.20035	0.01985	0.11078	0.05037	0.07611	0.09836	0.01605	0.01786	0.01233	0.00707	0.00675	0.00210	0.00861	0.00625	0.00450	0.01076

[dist]
# distance from previous block
# <min> <max>
0	21

[block]
# block no. 4 follows, 28 sequences, length 7
# corresponding to MSA columns:
# 169-173,179,180
name=unknown_E
#
# <colnr> <probs for GDERKNQSTAVLIFYWHMCP>
#	G	D	E	R	K	N	Q	S	T	A	V	L	I	F	Y	W	H	M	C	P
0	0.01629	0.06643	0.14179	0.13812	0.02447	0.05738	0.01471	0.04008	0.08845	0.07577	0.04455	0.08948	0.06272	0.05206	0.00915	0.00266	0.00784	0.05400	0.00521	0.00885
1	0.01041	0.00767	0.01107	0.01107	0.01215	0.00875	0.00832	0.01258	0.01150	0.01642	0.02003	0.03168	0.01953	0.16795	0.60415	0.01092	0.01743	0.00825	0.00398	0.00615
2	0.04618	0.02201	0.21622	0.05235	0.08737	0.09290	0.09877	0.02039	0.01624	0.02237	0.05514	0.07035	0.04919	0.01193	0.04383	0.00282	0.00960	0.03881	0.03461	0.00891
3	0.06096	0.08981	0.29672	0.12514	0.12821	0.05212	0.02045	0.02397	0.05699	0.05832	0.01444	0.01690	0.01082	0.00715	0.00670	0.00222	0.00930	0.00572	0.00386	0.01020
4	0.07261	0.01448	0.05048	0.07156	0.06731	0.01359	0.08424	0.07665	0.05988	0.21783	0.06026	0.07166	0.02045	0.00970	0.00738	0.00233	0.00712	0.02742	0.05503	0.01003
5	0.01327	0.00880	0.01103	0.01126	0.03880	0.00843	0.00824	0.05646	0.01879	0.06789	0.25900	0.13155	0.12934	0.01488	0.00812	0.00241	0.00457	0.08355	0.11613	0.00748
6	0.04646	0.02079	0.08972	0.14796	0.19586	0.10487	0.09621	0.08977	0.01812	0.05031	0.01386	0.01741	0.01073	0.00750	0.00833	0.00230	0.05934	0.00634	0.00410	0.01001

[dist]
# distance from previous block
# <min> <max>
0	5

[block]
# block no. 5 follows, 28 sequences, length 30
# corresponding to MSA columns:
# 188-217
name=unknown_F
#
# <colnr> <probs for GDERKNQSTAVLIFYWHMCP>
#	G	D	E	R	K	N	Q	S	T	A	V	L	I	F	Y	W	H	M	C	P
0	0.04550	0.22776	0.14092	0.05413	0.07297	0.04735	0.01501	0.04545	0.01646	0.08623	0.01367	0.01539	0.01067	0.00665	0.00594	0.00179	0.00794	0.00501	0.00417	0.17699
1	0.04695	0.04682	0.05657	0.04829	0.01912	0.08781	0.01140	0.04701	0.04504	0.04837	0.12981	0.06984	0.02315	0.00951	0.00779	0.00197	0.05170	0.00752	0.00520	0.23610
2	0.38421	0.17195	0.01933	0.01361	0.05625	0.06959	0.01067	0.05554	0.06130	0.04879	0.01515	0.01622	0.03677	0.00751	0.00542	0.00209	0.00687	0.00510	0.00466	0.00898
3	0.01022	0.00795	0.00904	0.00889	0.01098	0.00725	0.00659	0.04997	0.01823	0.02360	0.23615	0.18145	0.36803	0.01764	0.00863	0.00248	0.00396	0.01517	0.00713	0.00666
4	0.00917	0.00696	0.00853	0.00959	0.01087	0.00632	0.00696	0.01096	0.01537	0.01969	0.07479	0.41547	0.25963	0.02073	0.00912	0.00281	0.00432	0.09581	0.00679	0.00611
5	0.00946	0.00745	0.01052	0.01093	0.01226	0.00683	0.04806	0.01129	0.01497	0.01959	0.07200	0.52213	0.16779	0.02051	0.00910	0.00281	0.00466	0.03677	0.00661	0.00625
6	0.01557	0.01671	0.06428	0.46416	0.19701	0.05108	0.04813	0.02041	0.01546	0.02019	0.01309	0.01852	0.01012	0.00703	0.00725	0.00233	0.00978	0.00640	0.00335	0.00911
7	0.01029	0.00759	0.00977	0.01099	0.01244	0.00722	0.00877	0.01262	0.01567	0.02009	0.04561	0.23280	0.18497	0.06252	0.01111	0.00327	0.00547	0.32596	0.00659	0.00625
8	0.03150	0.01415	0.01797	0.01378	0.01944	0.01332	0.01138	0.17778	0.02378	0.55767	0.02618	0.02312	0.01674	0.00894	0.00730	0.00223	0.00659	0.00714	0.00861	0.01237
9	0.01502	0.04409	0.11365	0.08280	0.12373	0.01327	0.06218	0.03836	0.04261	0.05193	0.09672	0.05558	0.10266	0.03865	0.00851	0.00244	0.00713	0.00894	0.08288	0.00886
10	0.02009	0.06196	0.26030	0.04333	0.05416	0.03559	0.07063	0.14222	0.01947	0.12189	0.01715	0.04172	0.01320	0.03676	0.00875	0.00246	0.02805	0.00682	0.00494	0.01052
11	0.01290	0.01496	0.11193	0.03911	0.01949	0.03810	0.10557	0.01699	0.04290	0.02075	0.06095	0.18232	0.09302	0.09816	0.03949	0.00338	0.03744	0.01138	0.04357	0.00758
12	0.15438	0.21015	0.06163	0.09351	0.08910	0.09893	0.05511	0.06169	0.01652	0.04452	0.01288	0.01624	0.01060	0.03783	0.00733	0.00225	0.00866	0.00543	0.00401	0.00923
13	0.01165	0.00816	0.00965	0.00967	0.01184	0.00753	0.00737	0.01489	0.05576	0.07202	0.13853	0.17419	0.31137	0.04237	0.00969	0.00277	0.00453	0.09401	0.00703	0.00698
14	0.11807	0.01520	0.01543	0.01235	0.01726	0.06269	0.00990	0.17494	0.02040	0.12834	0.01828	0.04815	0.01427	0.00812	0.00620	0.00186	0.00638	0.00624	0.10373	0.21218
15	0.01585	0.01338	0.01549	0.01114	0.01756	0.01049	0.00894	0.05912	0.01626	0.02506	0.01320	0.01522	0.01087	0.00559	0.00550	0.00115	0.00555	0.00445	0.00449	0.74071
16	0.05265	0.01019	0.01276	0.01110	0.01456	0.00956	0.00889	0.05740	0.01950	0.28265	0.17709	0.08434	0.05897	0.01239	0.00764	0.00234	0.00515	0.06744	0.09622	0.00916
17	0.01508	0.00945	0.01183	0.01162	0.01372	0.00930	0.00861	0.09750	0.04548	0.11827	0.07591	0.44702	0.03939	0.01797	0.00867	0.00272	0.00509	0.04719	0.00723	0.00793
18	0.00935	0.00671	0.00864	0.00991	0.01059	0.00631	0.00682	0.01078	0.01423	0.01882	0.06754	0.52236	0.09250	0.10804	0.01258	0.00341	0.00470	0.07432	0.00652	0.00585
19	0.05209	0.00975	0.01191	0.00997	0.01363	0.00899	0.00797	0.02561	0.01816	0.34752	0.07553	0.02743	0.02164	0.00913	0.00637	0.00202	0.00480	0.00739	0.33063	0.00947
20	0.01449	0.01370	0.02318	0.60511	0.16607	0.01635	0.02057	0.01924	0.01490	0.01950	0.01305	0.01913	0.01002	0.00713	0.00725	0.00238	0.00950	0.00646	0.00330	0.00869
21	0.03690	0.01338	0.01381	0.01344	0.04146	0.08170	0.01011	0.14626	0.02022	0.04441	0.08337	0.11902	0.16301	0.01591	0.03705	0.00284	0.00690	0.10327	0.03875	0.00816
22	0.00888	0.00699	0.00802	0.00858	0.01020	0.00613	0.00613	0.01069	0.01604	0.02031	0.13102	0.31574	0.38625	0.01962	0.00884	0.00262	0.00385	0.01706	0.00689	0.00613
23	0.00886	0.00633	0.00843	0.01012	0.01054	0.00590	0.00675	0.01012	0.01392	0.01856	0.04006	0.73979	0.04808	0.02277	0.00928	0.00295	0.00422	0.02066	0.00675	0.00590
24	0.01764	0.02571	0.26997	0.02394	0.08956	0.08627	0.18844	0.02317	0.01640	0.06429	0.01585	0.06452	0.01302	0.00830	0.00869	0.00238	0.06053	0.00742	0.00396	0.00993
25	0.05018	0.05054	0.16468	0.05095	0.31301	0.09769	0.05358	0.02220	0.01646	0.02271	0.04706	0.01951	0.01391	0.03735	0.00822	0.00237	0.00932	0.00644	0.00377	0.01005
26	0.01531	0.01324	0.02019	0.02453	0.25620	0.01487	0.01496	0.01832	0.01475	0.04773	0.07118	0.02604	0.05973	0.01829	0.13969	0.00415	0.18949	0.00780	0.03465	0.00887
27	0.01075	0.00739	0.00999	0.01009	0.01116	0.00807	0.00741	0.01292	0.01249	0.01841	0.04821	0.08462	0.02386	0.16985	0.41268	0.00842	0.01320	0.00930	0.11505	0.00612
28	0.03898	0.05327	0.27335	0.02261	0.14992	0.01846	0.01957	0.20872	0.04694	0.02977	0.01646	0.04305	0.01319	0.00832	0.00710	0.00227	0.00880	0.02344	0.00479	0.01098
29	0.01649	0.22278	0.07156	0.05330	0.16648	0.03642	0.02912	0.02047	0.04348	0.03847	0.02334	0.05302	0.10097	0.03308	0.00839	0.00233	0.03287	0.03392	0.00437	0.00915

[dist]
# distance from previous block
# <min> <max>
1	14

[block]
# block no. 6 follows, 28 sequences, length 50
# corresponding to MSA columns:
# 232-262,268-286
name=unknown_G
#
# <colnr> <probs for GDERKNQSTAVLIFYWHMCP>
#	G	D	E	R	K	N	Q	S	T	A	V	L	I	F	Y	W	H	M	C	P
0	0.01724	0.10019	0.24736	0.01753	0.02366	0.07910	0.08530	0.04980	0.01667	0.06910	0.04060	0.08923	0.01708	0.03136	0.06060	0.00309	0.03059	0.00776	0.00441	0.00931
1	0.01096	0.00764	0.00894	0.00867	0.01089	0.00668	0.00648	0.01330	0.01782	0.07407	0.25989	0.14259	0.37128	0.01712	0.00857	0.00245	0.00386	0.01470	0.00731	0.00680
2	0.04663	0.02181	0.02195	0.02186	0.14969	0.16776	0.01494	0.30531	0.08858	0.06482	0.01689	0.01773	0.01264	0.00810	0.00704	0.00214	0.00884	0.00626	0.00584	0.01116
3	0.07360	0.04424	0.13360	0.13718	0.21714	0.01649	0.09957	0.02101	0.01553	0.04626	0.01749	0.05101	0.04449	0.00828	0.00799	0.00234	0.04282	0.00733	0.00397	0.00966
4	0.01071	0.00799	0.01129	0.01290	0.04521	0.00837	0.00920	0.01288	0.01384	0.01907	0.03101	0.32160	0.03440	0.05980	0.18620	0.00530	0.03420	0.13725	0.03227	0.00651
5	0.00966	0.00709	0.00897	0.01017	0.01125	0.00665	0.00749	0.01141	0.01479	0.01911	0.04451	0.38712	0.16907	0.08950	0.01195	0.00334	0.00498	0.17044	0.00651	0.00600
6	0.01679	0.01605	0.02734	0.23610	0.51706	0.01696	0.02171	0.02126	0.01599	0.02230	0.01346	0.01838	0.01100	0.00670	0.00722	0.00223	0.00893	0.00647	0.00349	0.01055
7	0.01875	0.47954	0.03039	0.01359	0.01825	0.07835	0.01242	0.04965	0.01547	0.01857	0.01284	0.01791	0.01212	0.03262	0.06478	0.00281	0.07625	0.03331	0.00361	0.00878
8	0.01753	0.01449	0.01595	0.01323	0.01827	0.01470	0.01041	0.03100	0.41272	0.05377	0.02340	0.02258	0.01781	0.00817	0.00665	0.00194	0.00563	0.00674	0.00632	0.29870
9	0.01891	0.13537	0.02197	0.01556	0.01940	0.07118	0.04326	0.07895	0.27700	0.02583	0.01968	0.02067	0.01552	0.00917	0.00937	0.00230	0.12344	0.00671	0.07578	0.00992
10	0.00930	0.00697	0.00941	0.01164	0.04540	0.00650	0.00744	0.01077	0.01427	0.01891	0.04150	0.64784	0.09979	0.02159	0.00912	0.00287	0.00440	0.01951	0.00659	0.00621
11	0.00859	0.00736	0.00736	0.00736	0.00982	0.00614	0.00552	0.01043	0.01657	0.01964	0.07364	0.06996	0.69624	0.01841	0.00859	0.00245	0.00368	0.01534	0.00675	0.00614
12	0.01702	0.13880	0.23496	0.01992	0.09716	0.03502	0.08118	0.02206	0.01580	0.04471	0.01324	0.01564	0.01037	0.00635	0.00634	0.00184	0.00865	0.00532	0.00374	0.22189
13	0.02119	0.58639	0.03411	0.01387	0.01952	0.18498	0.01280	0.02342	0.01610	0.01726	0.01036	0.01199	0.00934	0.00651	0.00509	0.00163	0.00899	0.00407	0.00325	0.00912
14	0.01763	0.01554	0.02211	0.08765	0.19784	0.01571	0.04600	0.11439	0.04695	0.02613	0.01552	0.02051	0.01297	0.00778	0.00811	0.00202	0.06085	0.03640	0.00458	0.24130
15	0.01647	0.32837	0.02797	0.09120	0.06386	0.05004	0.06728	0.01953	0.01584	0.01990	0.09136	0.08604	0.02113	0.00966	0.00725	0.00211	0.03307	0.03608	0.00426	0.00859
16	0.00893	0.00638	0.00850	0.01007	0.01056	0.00595	0.00675	0.01029	0.01424	0.01906	0.07153	0.70687	0.04906	0.02239	0.00924	0.00292	0.00418	0.02030	0.00681	0.00595
17	0.08727	0.01440	0.01760	0.01359	0.01918	0.01393	0.01123	0.18719	0.02338	0.49778	0.02464	0.02205	0.01591	0.00877	0.00710	0.00223	0.00658	0.00688	0.00826	0.01204
18	0.01789	0.00967	0.01382	0.01235	0.01501	0.01018	0.00985	0.02054	0.01501	0.24101	0.05177	0.02781	0.01990	0.03584	0.41905	0.00777	0.05053	0.00780	0.00570	0.00849
19	0.01951	0.03448	0.37852	0.02110	0.02888	0.27504	0.09497	0.02527	0.01749	0.02112	0.01256	0.01500	0.00947	0.00703	0.00696	0.00216	0.01179	0.00548	0.00339	0.00978
20	0.00997	0.00745	0.00927	0.00892	0.01080	0.00676	0.00676	0.01304	0.01952	0.02672	0.52911	0.05894	0.20803	0.01587	0.00864	0.00237	0.00362	0.03986	0.00767	0.00669
21	0.04325	0.00997	0.01391	0.01227	0.01448	0.01048	0.06316	0.06661	0.01444	0.05032	0.02423	0.03459	0.07323	0.22729	0.30152	0.00739	0.01221	0.00895	0.00476	0.00695
22	0.01149	0.00990	0.01670	0.01514	0.01741	0.00969	0.14613	0.01501	0.04448	0.02023	0.03174	0.40105	0.03502	0.02216	0.09198	0.00389	0.00802	0.08703	0.00580	0.00712
23	0.10290	0.00868	0.00842	0.00788	0.01022	0.00911	0.00609	0.07004	0.01643	0.02922	0.02168	0.02460	0.01692	0.00830	0.00519	0.00180	0.00401	0.00644	0.63472	0.00735
24	0.01103	0.00888	0.01008	0.01011	0.01233	0.00873	0.00764	0.01681	0.14796	0.02327	0.15783	0.18571	0.28715	0.01711	0.00860	0.00259	0.00439	0.06540	0.00708	0.00731
25	0.01028	0.00718	0.00922	0.00999	0.01122	0.00708	0.00747	0.01251	0.01471	0.02040	0.07714	0.27323	0.11681	0.05706	0.13145	0.00444	0.00714	0.11331	0.10309	0.00626
26	0.01884	0.01678	0.01797	0.01549	0.01844	0.11977	0.02844	0.21217	0.01970	0.02573	0.01641	0.02179	0.01416	0.04961	0.27565	0.00598	0.10265	0.00689	0.00479	0.00871
27	0.01886	0.66550	0.11652	0.01341	0.02016	0.02737	0.01413	0.02191	0.01484	0.01780	0.01045	0.01209	0.00931	0.00630	0.00493	0.00164	0.00812	0.00406	0.00310	0.00949
28	0.02390	0.21508	0.07552	0.01694	0.02201	0.40439	0.01445	0.07718	0.04913	0.02073	0.01237	0.01386	0.01014	0.00732	0.00619	0.00187	0.01085	0.00483	0.00397	0.00927
29	0.01425	0.01589	0.07715	0.08370	0.02875	0.01409	0.30539	0.01977	0.04612	0.02233	0.04375	0.12319	0.05451	0.01146	0.00859	0.00263	0.00913	0.10584	0.00486	0.00858
30	0.01396	0.19200	0.10734	0.01338	0.01719	0.05065	0.01242	0.01720	0.01335	0.01776	0.01597	0.02200	0.01444	0.03438	0.41742	0.00754	0.01521	0.00638	0.00359	0.00782
31	0.69966	0.01485	0.01208	0.01046	0.01512	0.01709	0.00862	0.10323	0.01510	0.03427	0.01104	0.01252	0.00843	0.00700	0.00485	0.00224	0.00592	0.00426	0.00485	0.00843
32	0.01551	0.01283	0.01505	0.01142	0.01710	0.01054	0.00915	0.07403	0.01661	0.02498	0.01608	0.05140	0.01444	0.00921	0.03519	0.00181	0.00620	0.03812	0.00477	0.61556
33	0.00909	0.00738	0.00860	0.00903	0.01064	0.00689	0.00658	0.01079	0.01513	0.01900	0.05620	0.28343	0.40792	0.02234	0.06268	0.00334	0.03226	0.01617	0.00640	0.00616
34	0.02153	0.01396	0.01652	0.01466	0.04710	0.01453	0.01110	0.17824	0.18800	0.18601	0.13976	0.05705	0.05720	0.01096	0.00766	0.00232	0.00596	0.00916	0.00762	0.01067
35	0.01973	0.57624	0.11981	0.01421	0.02071	0.10762	0.01443	0.02277	0.01552	0.01792	0.01061	0.01229	0.00932	0.00645	0.00517	0.00169	0.00877	0.00417	0.00318	0.00940
36	0.01666	0.01031	0.01249	0.01158	0.01445	0.01027	0.00888	0.04556	0.15594	0.16204	0.14433	0.21572	0.08419	0.01475	0.00819	0.00252	0.00498	0.04089	0.02744	0.00882
37	0.04911	0.01038	0.03003	0.09649	0.07958	0.01001	0.01082	0.01526	0.03716	0.02149	0.08455	0.08188	0.24668	0.05323	0.03471	0.00313	0.00640	0.11610	0.00573	0.00728
38	0.09065	0.01608	0.02245	0.31386	0.25619	0.06784	0.01823	0.04922	0.01633	0.02317	0.01352	0.01805	0.01067	0.00710	0.00682	0.00223	0.00882	0.00612	0.04332	0.00934
39	0.01592	0.04651	0.02271	0.27099	0.03131	0.05210	0.08972	0.01989	0.02981	0.05181	0.03660	0.02479	0.04428	0.01173	0.04237	0.00296	0.15910	0.03494	0.00412	0.00835
40	0.02094	0.01528	0.01631	0.01323	0.01750	0.01645	0.01062	0.40286	0.05639	0.03654	0.05827	0.03054	0.12829	0.04305	0.00861	0.00240	0.00641	0.00855	0.09771	0.01006
41	0.00899	0.00708	0.00812	0.00849	0.01022	0.00621	0.00613	0.01097	0.01657	0.02114	0.18220	0.25895	0.39118	0.01899	0.00878	0.00257	0.00379	0.01645	0.00699	0.00621
42	0.79588	0.01406	0.01068	0.00956	0.01406	0.01631	0.00787	0.02137	0.01237	0.03261	0.01012	0.01181	0.00787	0.00675	0.00450	0.00225	0.00562	0.00394	0.00450	0.00787
43	0.01383	0.02234	0.27763	0.02042	0.02713	0.01420	0.22621	0.01961	0.01618	0.02279	0.09161	0.10555	0.05068	0.01220	0.04390	0.00290	0.00985	0.00949	0.00440	0.00907
44	0.01470	0.03675	0.67553	0.02119	0.03177	0.01695	0.05735	0.02303	0.01543	0.02303	0.01312	0.01555	0.00929	0.00687	0.00699	0.00231	0.01081	0.00552	0.00310	0.01070
45	0.01039	0.00775	0.01150	0.01150	0.01274	0.00899	0.00886	0.01286	0.01163	0.01674	0.01964	0.02947	0.01857	0.08766	0.68314	0.01146	0.01887	0.00792	0.00392	0.00639
46	0.01458	0.03760	0.70688	0.02072	0.03146	0.01688	0.02686	0.02302	0.01535	0.02302	0.01304	0.01535	0.00921	0.00691	0.00691	0.00230	0.01074	0.00537	0.00307	0.01074
47	0.01010	0.00743	0.01002	0.01039	0.01153	0.00703	0.02602	0.01210	0.01548	0.02082	0.18708	0.31229	0.08441	0.14632	0.01402	0.00353	0.00508	0.10374	0.00653	0.00609
48	0.01663	0.01581	0.02685	0.19796	0.52224	0.01653	0.02116	0.02094	0.01598	0.02235	0.01464	0.04941	0.01268	0.00736	0.00730	0.00225	0.00868	0.00708	0.00365	0.01049
49	0.00997	0.00661	0.00883	0.01025	0.01092	0.00613	0.00693	0.01131	0.01424	0.05081	0.03953	0.70616	0.04666	0.02213	0.00919	0.00292	0.00431	0.02004	0.00685	0.00621

[dist]
# distance from previous block
# <min> <max>
0	5

[block]
# block no. 7 follows, 28 sequences, length 70
# corresponding to MSA columns:
# 292-361
name=unknown_H
#
# <colnr> <probs for GDERKNQSTAVLIFYWHMCP>
#	G	D	E	R	K	N	Q	S	T	A	V	L	I	F	Y	W	H	M	C	P
0	0.01626	0.02081	0.15726	0.03150	0.26927	0.01693	0.23246	0.02167	0.01585	0.02256	0.01431	0.01899	0.01151	0.01140	0.07795	0.00325	0.03720	0.00708	0.00354	0.01019
1	0.01753	0.02083	0.10241	0.27088	0.12306	0.13050	0.08633	0.05022	0.01670	0.02118	0.01318	0.01778	0.01038	0.00915	0.03399	0.00266	0.05413	0.00631	0.00359	0.00919
2	0.01284	0.01331	0.11923	0.01386	0.03793	0.01055	0.01197	0.01674	0.04057	0.04206	0.02801	0.16425	0.04755	0.09079	0.07933	0.00398	0.05129	0.13203	0.07620	0.00752
3	0.01922	0.00913	0.01223	0.01106	0.01399	0.00812	0.00841	0.02155	0.01815	0.31212	0.15696	0.28954	0.05829	0.01533	0.00829	0.00252	0.00489	0.01344	0.00794	0.00884
4	0.01551	0.01489	0.02216	0.24654	0.21936	0.04581	0.05620	0.02180	0.10598	0.02237	0.04824	0.05170	0.07989	0.00923	0.00756	0.00235	0.00817	0.00835	0.00458	0.00931
5	0.01697	0.21330	0.24275	0.06202	0.07487	0.01844	0.08749	0.02184	0.01566	0.06997	0.01667	0.09779	0.01465	0.00858	0.00684	0.00219	0.00885	0.00734	0.00404	0.00974
6	0.01723	0.01038	0.01486	0.18265	0.02317	0.01068	0.01198	0.04845	0.01747	0.19052	0.06893	0.22116	0.03022	0.01418	0.00829	0.00264	0.00649	0.10568	0.00655	0.00848
7	0.37943	0.05489	0.01769	0.01659	0.08155	0.27749	0.01190	0.04394	0.01659	0.02597	0.01109	0.01303	0.00897	0.00703	0.00561	0.00207	0.00886	0.00453	0.00416	0.00862
8	0.00936	0.00723	0.00859	0.00946	0.01104	0.00654	0.00712	0.01127	0.01559	0.01956	0.05448	0.28335	0.34034	0.04150	0.00994	0.00293	0.00455	0.14437	0.00667	0.00612
9	0.02146	0.01324	0.01682	0.01364	0.01758	0.01373	0.01108	0.08745	0.07042	0.24485	0.11662	0.02554	0.02240	0.01156	0.03433	0.00258	0.13656	0.00754	0.00665	0.12596
10	0.01054	0.00718	0.00860	0.00860	0.00884	0.00741	0.00525	0.01100	0.01077	0.01459	0.02229	0.04415	0.02494	0.62043	0.15907	0.00788	0.00928	0.01007	0.00431	0.00478
11	0.01414	0.01204	0.01779	0.22406	0.06658	0.01440	0.01426	0.08291	0.01525	0.02097	0.01772	0.09148	0.01649	0.02470	0.23631	0.00549	0.10496	0.00826	0.00421	0.00798
12	0.04507	0.50466	0.03172	0.01396	0.01951	0.16155	0.01265	0.06331	0.05227	0.02013	0.01179	0.01311	0.01015	0.00683	0.00533	0.00172	0.00866	0.00443	0.00375	0.00940
13	0.01458	0.03760	0.70688	0.02072	0.03146	0.01688	0.02686	0.02302	0.01535	0.02302	0.01304	0.01535	0.00921	0.00691	0.00691	0.00230	0.01074	0.00537	0.00307	0.01074
14	0.15356	0.08991	0.24010	0.01974	0.07009	0.15810	0.06874	0.07621	0.01757	0.02502	0.01245	0.01465	0.00957	0.00699	0.00641	0.00214	0.00984	0.00528	0.00387	0.00977
15	0.01663	0.25092	0.05194	0.01765	0.05525	0.04406	0.05369	0.01928	0.01402	0.01873	0.03860	0.01942	0.04290	0.01274	0.06115	0.00301	0.26145	0.00636	0.00360	0.00859
16	0.00886	0.00633	0.00843	0.01012	0.01054	0.00590	0.00675	0.01012	0.01392	0.01856	0.04006	0.73979	0.04808	0.02277	0.00928	0.00295	0.00422	0.02066	0.00675	0.00590
17	0.01395	0.01315	0.02221	0.69121	0.08417	0.01621	0.02030	0.01877	0.01464	0.01884	0.01296	0.01931	0.00979	0.00723	0.00726	0.00241	0.00963	0.00646	0.00325	0.00826
18	0.01817	0.01377	0.02077	0.31689	0.08279	0.01517	0.05025	0.13291	0.01888	0.10812	0.02006	0.13300	0.01742	0.01005	0.00765	0.00242	0.00816	0.00893	0.00524	0.00935
19	0.01586	0.04857	0.01905	0.24826	0.07116	0.07858	0.01473	0.06122	0.08083	0.02170	0.02073	0.10251	0.01958	0.03899	0.03661	0.00301	0.02717	0.07828	0.00476	0.00841
20	0.79588	0.01406	0.01068	0.00956	0.01406	0.01631	0.00787	0.02137	0.01237	0.03261	0.01012	0.01181	0.00787	0.00675	0.00450	0.00225	0.00562	0.00394	0.00450	0.00787
21	0.01052	0.00766	0.01105	0.01105	0.01221	0.00876	0.00838	0.01283	0.01168	0.01690	0.02004	0.03080	0.01919	0.13621	0.60834	0.01077	0.01739	0.00809	0.03188	0.00625
22	0.01943	0.74891	0.03809	0.01244	0.01866	0.02876	0.01244	0.02177	0.01477	0.01710	0.01011	0.01166	0.00933	0.00622	0.00466	0.00155	0.00777	0.00389	0.00311	0.00933
23	0.01799	0.01727	0.02950	0.04462	0.69919	0.01727	0.02231	0.02231	0.01655	0.02375	0.01367	0.01799	0.01151	0.00648	0.00720	0.00216	0.00864	0.00648	0.00360	0.01151
24	0.01808	0.01561	0.01644	0.01479	0.01890	0.01808	0.01151	0.03863	0.68606	0.03041	0.02959	0.02712	0.02219	0.00986	0.00740	0.00247	0.00575	0.00822	0.00740	0.01151
25	0.01507	0.01292	0.01507	0.01077	0.01723	0.00969	0.00861	0.01830	0.01507	0.02369	0.01292	0.01507	0.01077	0.00538	0.00538	0.00108	0.00538	0.00431	0.00431	0.78898
26	0.01943	0.74891	0.03809	0.01244	0.01866	0.02876	0.01244	0.02177	0.01477	0.01710	0.01011	0.01166	0.00933	0.00622	0.00466	0.00155	0.00777	0.00389	0.00311	0.00933
27	0.00967	0.00705	0.00802	0.00829	0.00964	0.00643	0.00572	0.01136	0.01528	0.02023	0.14645	0.20016	0.27756	0.16924	0.01439	0.00343	0.00444	0.01452	0.06226	0.00588
28	0.01731	0.01650	0.02806	0.08403	0.62818	0.01668	0.02146	0.02152	0.01631	0.02320	0.01485	0.05161	0.01310	0.00728	0.00730	0.00221	0.00849	0.00713	0.00372	0.01105
29	0.00943	0.00679	0.00906	0.01067	0.01144	0.00642	0.00772	0.01115	0.01461	0.01926	0.04121	0.57515	0.07517	0.02203	0.00940	0.00301	0.00470	0.14995	0.00674	0.00608
30	0.01704	0.19786	0.29882	0.01487	0.02195	0.01654	0.01658	0.02179	0.01616	0.11796	0.02637	0.05057	0.13502	0.00965	0.00681	0.00217	0.00789	0.00761	0.00471	0.00964
31	0.00958	0.00716	0.00889	0.00898	0.01055	0.00648	0.00654	0.01215	0.01814	0.02457	0.40450	0.21715	0.20365	0.01749	0.00874	0.00248	0.00367	0.01538	0.00743	0.00648
32	0.01507	0.01292	0.01507	0.01077	0.01723	0.00969	0.00861	0.01830	0.01507	0.02369	0.01292	0.01507	0.01077	0.00538	0.00538	0.00108	0.00538	0.00431	0.00431	0.78898
33	0.00990	0.00722	0.00771	0.00764	0.00931	0.00653	0.00536	0.01168	0.01542	0.02036	0.13002	0.05722	0.37168	0.19446	0.01510	0.00346	0.00444	0.01284	0.10378	0.00588
34	0.02350	0.01022	0.01383	0.01206	0.01582	0.00905	0.00959	0.02593	0.01846	0.43361	0.03416	0.21835	0.05135	0.01402	0.00814	0.00255	0.00564	0.07571	0.00810	0.00990
35	0.01026	0.00759	0.01033	0.01009	0.01170	0.00766	0.00774	0.01328	0.01698	0.02382	0.38559	0.04729	0.09373	0.02944	0.26063	0.00569	0.00929	0.03583	0.00640	0.00667
36	0.02003	0.35504	0.03188	0.07036	0.18747	0.15245	0.04634	0.02310	0.01638	0.01923	0.01158	0.01435	0.00997	0.00658	0.00599	0.00186	0.00931	0.00505	0.00338	0.00963
37	0.69198	0.04860	0.01280	0.01051	0.01502	0.07995	0.00863	0.02208	0.01322	0.03059	0.01022	0.01192	0.00807	0.00679	0.00469	0.00218	0.00639	0.00400	0.00437	0.00799
38	0.01362	0.01230	0.08474	0.05795	0.01601	0.01039	0.02979	0.06567	0.01435	0.04910	0.04740	0.06148	0.02374	0.43486	0.04431	0.00532	0.00791	0.00961	0.00479	0.00665
39	0.01043	0.00753	0.00912	0.00873	0.01077	0.00671	0.00654	0.01321	0.01895	0.04873	0.43628	0.09031	0.27356	0.01620	0.00857	0.00237	0.00364	0.01402	0.00756	0.00676
40	0.00956	0.00740	0.00871	0.00838	0.01041	0.00655	0.00628	0.01231	0.01885	0.02506	0.42830	0.06102	0.33819	0.01638	0.00858	0.00236	0.00354	0.01409	0.00746	0.00655
41	0.02715	0.03464	0.02060	0.01873	0.02247	0.71536	0.01404	0.02903	0.02060	0.01779	0.01124	0.01311	0.00936	0.00749	0.00655	0.00187	0.01311	0.00468	0.00375	0.00843
42	0.01263	0.00631	0.00947	0.00947	0.00947	0.00631	0.00631	0.00947	0.00947	0.01263	0.01263	0.02210	0.01263	0.02525	0.02841	0.78851	0.00631	0.00631	0.00316	0.00316
43	0.00867	0.00737	0.00747	0.00744	0.00986	0.00617	0.00558	0.01058	0.01675	0.02006	0.10129	0.06926	0.66833	0.01825	0.00859	0.00245	0.00367	0.01524	0.00681	0.00617
44	0.01458	0.03760	0.70688	0.02072	0.03146	0.01688	0.02686	0.02302	0.01535	0.02302	0.01304	0.01535	0.00921	0.00691	0.00691	0.00230	0.01074	0.00537	0.00307	0.01074
45	0.02763	0.02036	0.02182	0.01672	0.02254	0.02254	0.01382	0.67496	0.03418	0.04581	0.01745	0.01745	0.01236	0.00873	0.00727	0.00218	0.00800	0.00654	0.00727	0.01236
46	0.01799	0.01727	0.02950	0.04462	0.69919	0.01727	0.02231	0.02231	0.01655	0.02375	0.01367	0.01799	0.01151	0.00648	0.00720	0.00216	0.00864	0.00648	0.00360	0.01151
47	0.03261	0.01237	0.01687	0.01293	0.01856	0.01068	0.01068	0.03543	0.02081	0.70423	0.02868	0.02474	0.01799	0.00900	0.00731	0.00225	0.00619	0.00731	0.00900	0.01237
48	0.04557	0.01560	0.01696	0.13951	0.02315	0.11433	0.03420	0.15300	0.04244	0.02586	0.06356	0.22336	0.02590	0.01283	0.00784	0.00246	0.00764	0.03161	0.00572	0.00845
49	0.01057	0.00705	0.00793	0.00793	0.00793	0.00705	0.00440	0.01057	0.01057	0.01409	0.02290	0.04757	0.02643	0.74454	0.03700	0.00705	0.00705	0.01057	0.00440	0.00440
50	0.74038	0.01376	0.01087	0.00967	0.01410	0.01577	0.00794	0.02160	0.01297	0.05661	0.03529	0.01379	0.01041	0.00712	0.00475	0.00225	0.00556	0.00439	0.00479	0.00800
51	0.02092	0.52355	0.03199	0.01370	0.01918	0.15501	0.01249	0.04920	0.05189	0.01939	0.01209	0.01350	0.01045	0.00682	0.00528	0.00169	0.00852	0.00447	0.03057	0.00930
52	0.01556	0.07346	0.20529	0.01584	0.04329	0.07668	0.01522	0.04020	0.06180	0.02302	0.04804	0.03377	0.09810	0.01060	0.00731	0.00223	0.00786	0.10609	0.00488	0.11076
53	0.01571	0.14890	0.37176	0.02336	0.16997	0.01790	0.02147	0.02168	0.01590	0.02249	0.05503	0.02114	0.01500	0.00787	0.00686	0.00220	0.00914	0.03971	0.00368	0.01022
54	0.08771	0.01647	0.01562	0.01343	0.01745	0.09436	0.01058	0.20378	0.15958	0.05710	0.09157	0.05799	0.12155	0.01121	0.00737	0.00229	0.00663	0.00894	0.00669	0.00966
55	0.01590	0.01590	0.02226	0.01908	0.01908	0.02226	0.01590	0.01749	0.01113	0.01749	0.00954	0.01590	0.00954	0.01272	0.02385	0.00318	0.73123	0.00636	0.00318	0.00795
56	0.01786	0.06166	0.02632	0.16096	0.23647	0.09085	0.10088	0.07131	0.01759	0.02270	0.01727	0.06744	0.03777	0.00855	0.00786	0.00228	0.03089	0.00766	0.00412	0.00958
57	0.15287	0.04455	0.07279	0.06810	0.18125	0.01630	0.07389	0.04302	0.11169	0.02501	0.01745	0.02044	0.03520	0.01073	0.03422	0.06384	0.00824	0.00662	0.00442	0.00937
58	0.01239	0.01112	0.01294	0.01257	0.01414	0.08665	0.00976	0.01481	0.01293	0.01718	0.02145	0.02880	0.05930	0.04492	0.55764	0.00959	0.05518	0.00785	0.00402	0.00676
59	0.01183	0.00827	0.00964	0.00958	0.01160	0.00787	0.00706	0.01578	0.08465	0.06325	0.14917	0.20464	0.24201	0.06366	0.01024	0.00282	0.00444	0.03856	0.04788	0.00706
60	0.01729	0.01720	0.03060	0.10325	0.42396	0.01774	0.16029	0.02263	0.04727	0.02309	0.01431	0.01877	0.01162	0.00701	0.00851	0.00232	0.05280	0.00700	0.00373	0.01061
61	0.01818	0.23936	0.24999	0.02170	0.07000	0.09967	0.15902	0.02335	0.01624	0.02081	0.01238	0.01510	0.00979	0.00658	0.00659	0.00206	0.01034	0.00562	0.00332	0.00992
62	0.01716	0.01961	0.04289	0.03064	0.03799	0.01838	0.67279	0.02328	0.01716	0.02328	0.01471	0.01961	0.01103	0.00613	0.00858	0.00245	0.01225	0.00858	0.00368	0.00980
63	0.00966	0.00693	0.00937	0.01021	0.01083	0.00713	0.00706	0.01111	0.01258	0.01719	0.03032	0.38467	0.03453	0.16722	0.23919	0.00649	0.00960	0.01469	0.00540	0.00581
64	0.01213	0.00979	0.01425	0.01339	0.01545	0.00986	0.08218	0.05797	0.06867	0.02172	0.03338	0.39539	0.05780	0.04966	0.07639	0.00380	0.00717	0.05760	0.00613	0.00726
65	0.02520	0.01801	0.01921	0.01500	0.02011	0.01981	0.01230	0.56107	0.03090	0.04257	0.01854	0.01912	0.01345	0.00868	0.00689	0.00210	0.00720	0.00658	0.14185	0.01139
66	0.01038	0.00779	0.01168	0.01168	0.01298	0.00909	0.00909	0.01298	0.01168	0.01687	0.01947	0.02856	0.01817	0.05452	0.71573	0.01168	0.01947	0.00779	0.00389	0.00649
67	0.08912	0.00834	0.01011	0.00956	0.01087	0.00869	0.00688	0.06567	0.01347	0.02085	0.05760	0.02366	0.01674	0.01847	0.01897	0.45889	0.00567	0.00662	0.14459	0.00523
68	0.02715	0.03464	0.02060	0.01873	0.02247	0.71536	0.01404	0.02903	0.02060	0.01779	0.01124	0.01311	0.00936	0.00749	0.00655	0.00187	0.01311	0.00468	0.00375	0.00843
69	0.01373	0.01292	0.02180	0.72707	0.05006	0.01615	0.02019	0.01857	0.01453	0.01857	0.01292	0.01938	0.00969	0.00727	0.00727	0.00242	0.00969	0.00646	0.00323	0.00807

[dist]
# distance from previous block
# <min> <max>
0	24

[block]
# block no. 8 follows, 28 sequences, length 21
# corresponding to MSA columns:
# 386-406
name=unknown_I
#
# <colnr> <probs for GDERKNQSTAVLIFYWHMCP>
#	G	D	E	R	K	N	Q	S	T	A	V	L	I	F	Y	W	H	M	C	P
0	0.01057	0.00705	0.00793	0.00793	0.00793	0.00705	0.00440	0.01057	0.01057	0.01409	0.02290	0.04757	0.02643	0.74454	0.03700	0.00705	0.00705	0.01057	0.00440	0.00440
1	0.79588	0.01406	0.01068	0.00956	0.01406	0.01631	0.00787	0.02137	0.01237	0.03261	0.01012	0.01181	0.00787	0.00675	0.00450	0.00225	0.00562	0.00394	0.00450	0.00787
2	0.01809	0.01414	0.01646	0.01236	0.01818	0.01259	0.00996	0.10012	0.07292	0.07401	0.01578	0.01707	0.01235	0.00675	0.00678	0.00150	0.03986	0.00520	0.00519	0.54069
3	0.79588	0.01406	0.01068	0.00956	0.01406	0.01631	0.00787	0.02137	0.01237	0.03261	0.01012	0.01181	0.00787	0.00675	0.00450	0.00225	0.00562	0.00394	0.00450	0.00787
4	0.00922	0.00701	0.00858	0.00967	0.01101	0.00638	0.00711	0.01101	0.01529	0.01944	0.05160	0.40026	0.27454	0.02081	0.00916	0.00284	0.00442	0.11880	0.00674	0.00611
5	0.01013	0.00742	0.00950	0.00898	0.01076	0.00679	0.00674	0.01342	0.02021	0.02828	0.63882	0.05572	0.12567	0.01518	0.00857	0.00230	0.00345	0.01335	0.00789	0.00679
6	0.00859	0.00736	0.00736	0.00736	0.00982	0.00614	0.00552	0.01043	0.01657	0.01964	0.07364	0.06996	0.69624	0.01841	0.00859	0.00245	0.00368	0.01534	0.00675	0.00614
7	0.01038	0.00779	0.01168	0.01168	0.01298	0.00909	0.00909	0.01298	0.01168	0.01687	0.01947	0.02856	0.01817	0.05452	0.71573	0.01168	0.01947	0.00779	0.00389	0.00649
