[name]
unknown

[dist]
# distance from previous block
# <min> <max>
2	247

[block]
# block no. 0 follows, 30 sequences, length 8
# corresponding to MSA columns:
# 306-313
name=unknown_A
#
# <colnr> <probs for GDERKNQSTAVLIFYWHMCP>
#	G	D	E	R	K	N	Q	S	T	A	V	L	I	F	Y	W	H	M	C	P
0	0.02253	0.01663	0.01860	0.01489	0.01943	0.01852	0.01217	0.52500	0.02760	0.03728	0.01722	0.01933	0.01321	0.01898	0.18071	0.00429	0.01034	0.00657	0.00620	0.01051
1	0.01857	0.01553	0.02240	0.06122	0.36050	0.01637	0.01650	0.07645	0.21216	0.07539	0.04025	0.02133	0.01610	0.00776	0.00702	0.00218	0.00718	0.00695	0.00524	0.01088
2	0.04336	0.03489	0.02825	0.11190	0.19435	0.01594	0.25893	0.02021	0.04298	0.02153	0.01689	0.11217	0.01534	0.00861	0.00824	0.00235	0.04243	0.00861	0.00398	0.00904
3	0.01165	0.00623	0.00873	0.00873	0.00873	0.00623	0.00562	0.00935	0.00935	0.01246	0.01450	0.02711	0.01532	0.20048	0.02926	0.60634	0.00623	0.00705	0.00332	0.00332
4	0.01557	0.01307	0.01623	0.01237	0.01704	0.01227	0.01006	0.01827	0.01385	0.05859	0.01243	0.01516	0.01043	0.00705	0.00955	0.00158	0.18296	0.00477	0.00412	0.56464
5	0.01426	0.11524	0.45687	0.10282	0.02869	0.01636	0.02087	0.02048	0.01449	0.02080	0.01328	0.04628	0.01065	0.00711	0.00637	0.00205	0.00909	0.00564	0.00324	0.08541
6	0.01927	0.01813	0.01720	0.01579	0.03733	0.18644	0.03284	0.05264	0.27734	0.06653	0.06906	0.02884	0.02168	0.02895	0.00848	0.00240	0.03142	0.07042	0.00590	0.00933
7	0.01668	0.01784	0.02136	0.49738	0.10550	0.18719	0.01815	0.02060	0.01554	0.01813	0.01208	0.01702	0.00940	0.00696	0.00681	0.00217	0.01000	0.00579	0.00325	0.00815

[dist]
# distance from previous block
# <min> <max>
1	17

[block]
# block no. 1 follows, 30 sequences, length 15
# corresponding to MSA columns:
# 331-345
name=unknown_B
#
# <colnr> <probs for GDERKNQSTAVLIFYWHMCP>
#	G	D	E	R	K	N	Q	S	T	A	V	L	I	F	Y	W	H	M	C	P
0	0.01540	0.00838	0.01098	0.00962	0.01230	0.00750	0.00746	0.01844	0.01955	0.20839	0.48553	0.04568	0.09657	0.01302	0.00791	0.00220	0.00400	0.01129	0.00785	0.00793
1	0.48229	0.01184	0.01075	0.00953	0.01351	0.01238	0.00750	0.01782	0.01272	0.02689	0.01578	0.15310	0.01553	0.00913	0.00538	0.00205	0.00509	0.00692	0.00469	0.17710
2	0.63782	0.01315	0.01153	0.00987	0.01442	0.01449	0.00814	0.02342	0.01362	0.17861	0.01355	0.01401	0.00965	0.00694	0.00490	0.00216	0.00551	0.00448	0.00525	0.00849
3	0.00872	0.00665	0.00809	0.00913	0.01036	0.00601	0.00660	0.01036	0.01456	0.01853	0.04967	0.43332	0.27937	0.02009	0.00876	0.00271	0.00413	0.09063	0.00647	0.00583
4	0.00850	0.00607	0.00810	0.00972	0.01012	0.00567	0.00648	0.00972	0.01336	0.01781	0.03846	0.75020	0.04615	0.02186	0.00891	0.00283	0.00405	0.01984	0.00648	0.00567
5	0.02309	0.01697	0.01849	0.01485	0.01944	0.01859	0.01197	0.55845	0.02910	0.03898	0.02090	0.15681	0.01841	0.01095	0.00735	0.00224	0.00699	0.00887	0.00688	0.01068
6	0.08321	0.01761	0.01682	0.01348	0.01850	0.14939	0.02533	0.14121	0.04276	0.10389	0.01619	0.05110	0.01301	0.00758	0.00616	0.00175	0.00724	0.00585	0.00526	0.27366
7	0.01741	0.15639	0.06225	0.03177	0.01867	0.21872	0.01261	0.04498	0.01656	0.01913	0.02037	0.14553	0.02110	0.01193	0.00796	0.00230	0.04694	0.13307	0.00454	0.00779
8	0.01481	0.01195	0.03200	0.05587	0.01798	0.00999	0.04235	0.03345	0.01480	0.07037	0.03837	0.02638	0.01704	0.14988	0.01178	0.00256	0.00630	0.04316	0.00466	0.39628
9	0.01753	0.21659	0.29844	0.01745	0.04526	0.01895	0.05941	0.07888	0.05865	0.06418	0.04971	0.01746	0.01348	0.00723	0.00634	0.00202	0.00847	0.00577	0.00418	0.01000
10	0.01585	0.02534	0.43181	0.01644	0.02372	0.01333	0.01880	0.02248	0.05564	0.13003	0.02076	0.15725	0.01802	0.01002	0.00715	0.00233	0.00815	0.00841	0.00475	0.00971
11	0.02298	0.02827	0.01778	0.01622	0.01944	0.58923	0.01217	0.02506	0.01977	0.01916	0.14383	0.02013	0.01985	0.00854	0.00666	0.00187	0.01081	0.00605	0.00438	0.00780
12	0.16571	0.01314	0.01515	0.01121	0.01707	0.01129	0.04079	0.03894	0.01463	0.02501	0.01211	0.01415	0.00986	0.00555	0.00521	0.00134	0.00561	0.00433	0.00423	0.58467
13	0.01305	0.00955	0.01172	0.01103	0.01253	0.01041	0.00805	0.14035	0.01548	0.02111	0.02319	0.18565	0.02453	0.23660	0.21329	0.00612	0.03500	0.01062	0.00506	0.00666
14	0.01162	0.00636	0.00943	0.00943	0.00967	0.00660	0.00649	0.00978	0.00954	0.01296	0.01381	0.02348	0.01373	0.06203	0.16127	0.61185	0.00850	0.00651	0.00322	0.00369

[dist]
# distance from previous block
# <min> <max>
0	11

[block]
# block no. 2 follows, 30 sequences, length 6
# corresponding to MSA columns:
# 357-362
name=unknown_C
#
# <colnr> <probs for GDERKNQSTAVLIFYWHMCP>
#	G	D	E	R	K	N	Q	S	T	A	V	L	I	F	Y	W	H	M	C	P
0	0.01222	0.00882	0.01251	0.01235	0.01296	0.01024	0.00978	0.01277	0.01185	0.01629	0.02032	0.03967	0.02139	0.06331	0.08512	0.26501	0.16545	0.21028	0.00422	0.00543
1	0.07141	0.02027	0.01520	0.01409	0.01707	0.33273	0.01054	0.06159	0.01807	0.10085	0.02158	0.24250	0.02154	0.01193	0.00710	0.00220	0.00842	0.00960	0.00532	0.00797
2	0.02404	0.01424	0.01657	0.01358	0.01827	0.01488	0.01093	0.15806	0.27633	0.29479	0.06218	0.02480	0.02035	0.00920	0.00711	0.00223	0.00597	0.00750	0.00770	0.01128
3	0.02148	0.02545	0.01713	0.01639	0.01937	0.50414	0.01279	0.02371	0.01863	0.01826	0.01889	0.03307	0.01864	0.01093	0.00733	0.00224	0.01068	0.20884	0.00447	0.00757
4	0.01457	0.01255	0.01677	0.01466	0.01516	0.01677	0.01205	0.01663	0.01191	0.01965	0.01337	0.01860	0.01186	0.01095	0.01732	0.00261	0.51318	0.00623	0.24787	0.00728
5	0.01078	0.00876	0.01275	0.23450	0.02201	0.00930	0.01045	0.01438	0.01767	0.02417	0.44530	0.04285	0.09570	0.01226	0.00784	0.00225	0.00517	0.01079	0.00617	0.00689

[dist]
# distance from previous block
# <min> <max>
0	7

[block]
# block no. 3 follows, 30 sequences, length 10
# corresponding to MSA columns:
# 370-379
name=unknown_D
#
# <colnr> <probs for GDERKNQSTAVLIFYWHMCP>
#	G	D	E	R	K	N	Q	S	T	A	V	L	I	F	Y	W	H	M	C	P
0	0.01866	0.75896	0.03657	0.01194	0.01791	0.02761	0.01194	0.02090	0.01418	0.01642	0.00970	0.01119	0.00896	0.00597	0.00448	0.00149	0.00746	0.00373	0.00299	0.00896
1	0.02278	0.01654	0.01819	0.01484	0.01942	0.01810	0.01234	0.51785	0.02849	0.03847	0.02094	0.02902	0.01758	0.01041	0.00735	0.00227	0.00716	0.13017	0.05759	0.01050
2	0.01212	0.00606	0.00909	0.00909	0.00909	0.00606	0.00606	0.00909	0.00909	0.01212	0.01212	0.02121	0.01212	0.02424	0.02727	0.79697	0.00606	0.00606	0.00303	0.00303
3	0.02554	0.01784	0.01953	0.01518	0.02043	0.01943	0.01247	0.54907	0.06830	0.10810	0.05752	0.01996	0.01598	0.00880	0.00706	0.00212	0.00714	0.00680	0.00719	0.01152
4	0.80405	0.01350	0.01026	0.00918	0.01350	0.01565	0.00756	0.02051	0.01188	0.03131	0.00972	0.01134	0.00756	0.00648	0.00432	0.00216	0.00540	0.00378	0.00432	0.00756
5	0.01885	0.01625	0.01760	0.11316	0.02301	0.04795	0.01269	0.15429	0.45375	0.02986	0.02333	0.02274	0.01741	0.00883	0.00703	0.00229	0.00673	0.00722	0.00639	0.01062
6	0.01486	0.01473	0.02395	0.51019	0.17682	0.04952	0.07264	0.01937	0.01481	0.01914	0.01261	0.01807	0.00974	0.00675	0.00703	0.00225	0.00945	0.00629	0.00323	0.00855
7	0.02030	0.03720	0.01704	0.04250	0.07329	0.05355	0.01120	0.14187	0.07100	0.18017	0.08809	0.06448	0.07593	0.00985	0.00702	0.00207	0.00635	0.00816	0.00634	0.08359
8	0.01691	0.01536	0.07463	0.08267	0.11043	0.01483	0.03186	0.04530	0.20499	0.09657	0.05024	0.04356	0.07259	0.00960	0.00848	0.00230	0.06854	0.00791	0.00551	0.03773
9	0.01623	0.01300	0.01681	0.01361	0.04024	0.01156	0.06318	0.08177	0.07590	0.06926	0.02181	0.07818	0.06800	0.00841	0.00645	0.00170	0.00590	0.00727	0.00524	0.39550

[dist]
# distance from previous block
# <min> <max>
1	10

[block]
# block no. 4 follows, 30 sequences, length 24
# corresponding to MSA columns:
# 390-413
name=unknown_E
#
# <colnr> <probs for GDERKNQSTAVLIFYWHMCP>
#	G	D	E	R	K	N	Q	S	T	A	V	L	I	F	Y	W	H	M	C	P
0	0.18836	0.19792	0.07573	0.01337	0.01850	0.07495	0.03279	0.13424	0.01797	0.07765	0.05036	0.03555	0.01427	0.03235	0.00682	0.00214	0.00738	0.00581	0.00481	0.00905
1	0.19722	0.04336	0.04494	0.06598	0.08157	0.05060	0.01273	0.14519	0.05203	0.02763	0.01863	0.04793	0.01696	0.00981	0.00672	0.00230	0.00714	0.12934	0.00510	0.03482
2	0.01017	0.00669	0.00795	0.00808	0.00817	0.00673	0.00478	0.01015	0.01036	0.01388	0.02227	0.09581	0.02546	0.60452	0.06909	0.06972	0.00713	0.01041	0.00428	0.00435
3	0.02323	0.01572	0.01972	0.22186	0.02825	0.01736	0.01429	0.33120	0.05761	0.17233	0.01827	0.01916	0.01270	0.00808	0.00699	0.00219	0.00768	0.00649	0.00621	0.01065
4	0.01015	0.00677	0.00761	0.00761	0.00761	0.00677	0.00423	0.01015	0.01015	0.01353	0.02199	0.04567	0.02537	0.75476	0.03552	0.00677	0.00677	0.01015	0.00423	0.00423
5	0.01239	0.00988	0.01186	0.01288	0.01475	0.04807	0.01088	0.01688	0.07566	0.02168	0.07373	0.09739	0.03856	0.01758	0.00912	0.00299	0.00640	0.50600	0.00640	0.00690
6	0.80405	0.01350	0.01026	0.00918	0.01350	0.01565	0.00756	0.02051	0.01188	0.03131	0.00972	0.01134	0.00756	0.00648	0.00432	0.00216	0.00540	0.00378	0.00432	0.00756
7	0.02607	0.01494	0.01890	0.11689	0.02352	0.01580	0.01294	0.26921	0.02326	0.33146	0.02039	0.01998	0.01370	0.00851	0.00792	0.00221	0.04974	0.00658	0.00692	0.01104
8	0.01013	0.01145	0.11967	0.01122	0.01363	0.00810	0.00966	0.03338	0.01469	0.01995	0.08500	0.44109	0.09811	0.04042	0.04676	0.00317	0.00588	0.01520	0.00582	0.00667
9	0.00846	0.00703	0.00739	0.00741	0.00958	0.00596	0.00552	0.01038	0.01624	0.01990	0.14602	0.09938	0.59778	0.01747	0.00828	0.00236	0.00353	0.01473	0.00663	0.00596
10	0.00946	0.00692	0.00888	0.00881	0.01028	0.00634	0.00645	0.01220	0.01813	0.02513	0.51687	0.19310	0.11926	0.01609	0.00837	0.00234	0.00347	0.01425	0.00733	0.00634
11	0.01411	0.01696	0.14760	0.35056	0.08363	0.01462	0.08664	0.03453	0.01542	0.03677	0.06237	0.07362	0.01626	0.00840	0.00727	0.00231	0.00876	0.00768	0.00392	0.00858
12	0.05698	0.01969	0.07105	0.02528	0.03202	0.04383	0.49153	0.08697	0.01804	0.06269	0.01468	0.01808	0.01078	0.00639	0.00770	0.00228	0.01070	0.00746	0.00415	0.00969
13	0.00981	0.00713	0.00923	0.00871	0.01038	0.00655	0.00653	0.01303	0.01959	0.02759	0.68010	0.05277	0.09354	0.01441	0.00823	0.00220	0.00330	0.01271	0.00763	0.00655
14	0.00903	0.00694	0.00829	0.00851	0.01019	0.00620	0.00631	0.01130	0.01675	0.02194	0.28430	0.19895	0.31600	0.01741	0.00845	0.00244	0.00371	0.05028	0.00690	0.00612
15	0.02049	0.01642	0.05558	0.20354	0.09055	0.05640	0.07708	0.09392	0.08160	0.18473	0.01869	0.03942	0.01376	0.00797	0.00710	0.00222	0.00824	0.00696	0.00534	0.00998
16	0.01766	0.60438	0.18241	0.01364	0.02054	0.02517	0.01490	0.02115	0.01430	0.01763	0.01030	0.01195	0.00893	0.00611	0.00494	0.00165	0.00807	0.00404	0.00298	0.00925
17	0.00850	0.00607	0.00810	0.00972	0.01012	0.00567	0.00648	0.00972	0.01336	0.01781	0.03846	0.75020	0.04615	0.02186	0.00891	0.00283	0.00405	0.01984	0.00648	0.00567
18	0.00857	0.00664	0.00782	0.00847	0.00987	0.00588	0.00599	0.01030	0.01528	0.01959	0.14005	0.36847	0.32993	0.01909	0.00854	0.00255	0.00373	0.01672	0.00664	0.00588
19	0.01489	0.04999	0.01884	0.08807	0.02166	0.01262	0.06456	0.01907	0.04843	0.02186	0.01302	0.01571	0.01066	0.00608	0.00669	0.00148	0.04899	0.00496	0.00401	0.52840
20	0.01120	0.00692	0.00929	0.01013	0.01127	0.00641	0.00723	0.01292	0.01487	0.09145	0.10264	0.55761	0.04465	0.01956	0.00870	0.00273	0.00434	0.06482	0.00682	0.00646
21	0.80405	0.01350	0.01026	0.00918	0.01350	0.01565	0.00756	0.02051	0.01188	0.03131	0.00972	0.01134	0.00756	0.00648	0.00432	0.00216	0.00540	0.00378	0.00432	0.00756
22	0.00850	0.00607	0.00810	0.00972	0.01012	0.00567	0.00648	0.00972	0.01336	0.01781	0.03846	0.75020	0.04615	0.02186	0.00891	0.00283	0.00405	0.01984	0.00648	0.00567
23	0.24479	0.02048	0.22136	0.04272	0.05968	0.01516	0.01519	0.08886	0.01670	0.15750	0.01499	0.01593	0.01056	0.00706	0.00604	0.00212	0.00746	0.00528	0.00489	0.04323

[dist]
# distance from previous block
# <min> <max>
0	4

[block]
# block no. 5 follows, 30 sequences, length 27
# corresponding to MSA columns:
# 418-444
name=unknown_F
#
# <colnr> <probs for GDERKNQSTAVLIFYWHMCP>
#	G	D	E	R	K	N	Q	S	T	A	V	L	I	F	Y	W	H	M	C	P
0	0.21421	0.01632	0.01632	0.03615	0.01907	0.05412	0.01109	0.21524	0.18564	0.13466	0.01900	0.01856	0.01367	0.00811	0.00633	0.00218	0.00665	0.00607	0.00631	0.01029
1	0.01961	0.18203	0.13315	0.09553	0.02374	0.01915	0.01477	0.23470	0.05088	0.06751	0.01710	0.08074	0.01421	0.00866	0.00655	0.00209	0.00771	0.00684	0.00509	0.00994
2	0.00860	0.00611	0.00807	0.00959	0.00998	0.00573	0.00635	0.00974	0.01317	0.01757	0.03751	0.70939	0.04495	0.06432	0.01045	0.00306	0.00421	0.01928	0.00635	0.00558
3	0.00871	0.00637	0.00824	0.00965	0.01041	0.00590	0.00675	0.01017	0.01393	0.01822	0.04247	0.60334	0.13080	0.02110	0.00889	0.00281	0.00419	0.07581	0.00647	0.00576
4	0.00907	0.00641	0.00844	0.00985	0.01035	0.00611	0.00680	0.01038	0.01329	0.01765	0.03613	0.57283	0.04269	0.11650	0.01245	0.00339	0.00471	0.10119	0.00618	0.00558
5	0.02245	0.01077	0.01392	0.01149	0.01547	0.01005	0.00918	0.02770	0.11383	0.39873	0.24731	0.03323	0.03352	0.01057	0.00742	0.00220	0.00503	0.00895	0.00812	0.01005
6	0.80405	0.01350	0.01026	0.00918	0.01350	0.01565	0.00756	0.02051	0.01188	0.03131	0.00972	0.01134	0.00756	0.00648	0.00432	0.00216	0.00540	0.00378	0.00432	0.00756
7	0.02653	0.01955	0.02094	0.01606	0.02164	0.02164	0.01326	0.68796	0.03281	0.04398	0.01675	0.01675	0.01187	0.00838	0.00698	0.00209	0.00768	0.00628	0.00698	0.01187
8	0.02653	0.01955	0.02094	0.01606	0.02164	0.02164	0.01326	0.68796	0.03281	0.04398	0.01675	0.01675	0.01187	0.00838	0.00698	0.00209	0.00768	0.00628	0.00698	0.01187
9	0.03131	0.01188	0.01619	0.01242	0.01781	0.01026	0.01026	0.03401	0.01997	0.71606	0.02753	0.02375	0.01727	0.00864	0.00702	0.00216	0.00594	0.00702	0.00864	0.01188
10	0.80405	0.01350	0.01026	0.00918	0.01350	0.01565	0.00756	0.02051	0.01188	0.03131	0.00972	0.01134	0.00756	0.00648	0.00432	0.00216	0.00540	0.00378	0.00432	0.00756
11	0.76985	0.01342	0.01052	0.00932	0.01369	0.01542	0.00768	0.02111	0.01223	0.06162	0.01051	0.01189	0.00799	0.00657	0.00444	0.00216	0.00542	0.00392	0.00451	0.00775
12	0.01679	0.01136	0.01313	0.01218	0.01530	0.01196	0.00934	0.02688	0.32908	0.15039	0.03415	0.21269	0.07755	0.01337	0.00771	0.00248	0.00511	0.03406	0.00715	0.00931
13	0.80405	0.01350	0.01026	0.00918	0.01350	0.01565	0.00756	0.02051	0.01188	0.03131	0.00972	0.01134	0.00756	0.00648	0.00432	0.00216	0.00540	0.00378	0.00432	0.00756
14	0.00988	0.00713	0.00933	0.00878	0.01043	0.00658	0.00658	0.01317	0.01975	0.02798	0.70754	0.05213	0.06584	0.01427	0.00823	0.00219	0.00329	0.01262	0.00768	0.00658
15	0.01096	0.00789	0.01088	0.01240	0.01399	0.00781	0.01071	0.01400	0.01593	0.02063	0.03878	0.10955	0.07537	0.01931	0.00953	0.00315	0.00616	0.60013	0.00643	0.00636
16	0.00861	0.00620	0.00816	0.00953	0.01012	0.00576	0.00644	0.01003	0.01402	0.01874	0.09801	0.66278	0.07366	0.02104	0.00882	0.00276	0.00396	0.01901	0.00658	0.00576
17	0.02460	0.03081	0.01999	0.01802	0.02113	0.63068	0.01373	0.02636	0.01854	0.01704	0.01057	0.01295	0.00901	0.00788	0.00855	0.00197	0.11192	0.00471	0.00352	0.00803
18	0.01128	0.00689	0.00925	0.01015	0.01125	0.00637	0.00719	0.01289	0.01460	0.09651	0.07268	0.59230	0.04362	0.01983	0.00870	0.00275	0.00436	0.05613	0.00678	0.00645
19	0.01933	0.55895	0.11161	0.01382	0.01991	0.13959	0.01377	0.02216	0.01515	0.01717	0.01020	0.01182	0.00895	0.00624	0.00502	0.00162	0.00862	0.00402	0.00308	0.00897
20	0.01685	0.01463	0.05082	0.25820	0.11688	0.01545	0.01580	0.10451	0.01663	0.07902	0.01676	0.02103	0.03902	0.03854	0.03048	0.00268	0.09630	0.00663	0.00434	0.05542
21	0.01177	0.00790	0.00967	0.00892	0.01119	0.00722	0.00679	0.01533	0.04837	0.08943	0.45230	0.05220	0.22354	0.01441	0.00807	0.00224	0.00370	0.01243	0.00744	0.00709
22	0.01677	0.01463	0.02526	0.30686	0.08631	0.01639	0.16630	0.02182	0.05194	0.09798	0.01495	0.01907	0.01124	0.00772	0.00948	0.00240	0.11099	0.00683	0.00405	0.00900
23	0.02015	0.14517	0.11309	0.13583	0.04537	0.14960	0.01583	0.15250	0.05482	0.04514	0.01368	0.01575	0.01054	0.00750	0.00721	0.00206	0.04648	0.00547	0.00429	0.00953
24	0.01350	0.00950	0.01157	0.01108	0.01279	0.04558	0.03273	0.01586	0.04367	0.10204	0.02958	0.26436	0.05933	0.19127	0.09939	0.00455	0.00749	0.03337	0.00566	0.00669
25	0.00870	0.00629	0.00822	0.00942	0.01013	0.00582	0.00643	0.01026	0.01448	0.01941	0.14157	0.60500	0.08750	0.02047	0.00877	0.00271	0.00390	0.01845	0.00666	0.00582
26	0.01635	0.01540	0.02439	0.17940	0.05902	0.04193	0.15439	0.04445	0.01518	0.05691	0.06764	0.02015	0.01458	0.00914	0.01247	0.00251	0.24650	0.00709	0.00400	0.00849

[dist]
# distance from previous block
# <min> <max>
2	6

[block]
# block no. 6 follows, 30 sequences, length 22
# corresponding to MSA columns:
# 451-472
name=unknown_G
#
# <colnr> <probs for GDERKNQSTAVLIFYWHMCP>
#	G	D	E	R	K	N	Q	S	T	A	V	L	I	F	Y	W	H	M	C	P
0	0.10752	0.01917	0.02320	0.05626	0.06980	0.16365	0.13319	0.05174	0.01585	0.05840	0.01289	0.01735	0.01068	0.00857	0.01103	0.00238	0.20289	0.02280	0.00398	0.00865
1	0.00893	0.00705	0.00804	0.00789	0.00987	0.00617	0.00588	0.01130	0.01737	0.02256	0.33121	0.09150	0.41450	0.01646	0.00827	0.00231	0.00346	0.01409	0.00697	0.00617
2	0.01882	0.03756	0.01936	0.13706	0.10309	0.03616	0.03160	0.05437	0.10720	0.16426	0.07732	0.02646	0.04535	0.00950	0.00864	0.00231	0.07452	0.03133	0.00562	0.00947
3	0.00958	0.00712	0.00891	0.00846	0.01024	0.00646	0.00635	0.01259	0.01904	0.02630	0.59007	0.05490	0.18436	0.01489	0.00823	0.00222	0.00334	0.01301	0.00746	0.00646
4	0.01648	0.01257	0.01999	0.50123	0.08831	0.01445	0.01706	0.04757	0.01615	0.12320	0.06183	0.02146	0.01453	0.00772	0.00706	0.00226	0.00826	0.00676	0.00441	0.00869
5	0.63757	0.01315	0.01154	0.00987	0.01443	0.01449	0.00814	0.02342	0.01362	0.17883	0.01355	0.01401	0.00965	0.00694	0.00490	0.00216	0.00551	0.00448	0.00525	0.00849
6	0.00928	0.00704	0.00854	0.00831	0.01009	0.00631	0.00618	0.01196	0.01813	0.02447	0.46510	0.10289	0.26459	0.01583	0.00828	0.00229	0.00342	0.01375	0.00723	0.00631
7	0.02707	0.01719	0.01930	0.01496	0.02037	0.01833	0.01230	0.46624	0.08123	0.21867	0.02048	0.01931	0.01402	0.00853	0.00700	0.00213	0.00706	0.00660	0.00742	0.01181
8	0.01866	0.75896	0.03657	0.01194	0.01791	0.02761	0.01194	0.02090	0.01418	0.01642	0.00970	0.01119	0.00896	0.00597	0.00448	0.00149	0.00746	0.00373	0.00299	0.00896
9	0.02653	0.01955	0.02094	0.01606	0.02164	0.02164	0.01326	0.68796	0.03281	0.04398	0.01675	0.01675	0.01187	0.00838	0.00698	0.00209	0.00768	0.00628	0.00698	0.01187
10	0.80405	0.01350	0.01026	0.00918	0.01350	0.01565	0.00756	0.02051	0.01188	0.03131	0.00972	0.01134	0.00756	0.00648	0.00432	0.00216	0.00540	0.00378	0.00432	0.00756
11	0.01212	0.00606	0.00909	0.00909	0.00909	0.00606	0.00606	0.00909	0.00909	0.01212	0.01212	0.02121	0.01212	0.02424	0.02727	0.79697	0.00606	0.00606	0.00303	0.00303
12	0.01015	0.00677	0.00761	0.00761	0.00761	0.00677	0.00423	0.01015	0.01015	0.01353	0.02199	0.04567	0.02537	0.75476	0.03552	0.00677	0.00677	0.01015	0.00423	0.00423
13	0.00863	0.00616	0.00824	0.00986	0.01032	0.00578	0.00670	0.00994	0.01349	0.01796	0.03839	0.71884	0.04587	0.02174	0.00894	0.00285	0.00416	0.04994	0.00648	0.00570
14	0.01866	0.75896	0.03657	0.01194	0.01791	0.02761	0.01194	0.02090	0.01418	0.01642	0.00970	0.01119	0.00896	0.00597	0.00448	0.00149	0.00746	0.00373	0.00299	0.00896
15	0.01403	0.01378	0.02085	0.69045	0.04631	0.06246	0.01899	0.01849	0.01434	0.01778	0.01230	0.01821	0.00928	0.00699	0.00693	0.00229	0.00952	0.00609	0.00313	0.00777
16	0.02053	0.01911	0.21663	0.01418	0.02089	0.01240	0.01424	0.02672	0.09053	0.27193	0.04179	0.02032	0.01535	0.00758	0.00656	0.00195	0.00690	0.00614	0.00584	0.18041
17	0.01734	0.01231	0.01476	0.01069	0.01676	0.00947	0.00861	0.02038	0.01541	0.14107	0.01498	0.01605	0.01152	0.00576	0.00548	0.00123	0.00530	0.00463	0.00490	0.66335
18	0.01095	0.00876	0.01349	0.12051	0.06450	0.01008	0.01075	0.01365	0.01184	0.01665	0.01768	0.02706	0.01652	0.10524	0.51020	0.00889	0.01554	0.00744	0.00367	0.00660
19	0.07403	0.09116	0.01793	0.01319	0.01754	0.01683	0.01069	0.19756	0.21797	0.13511	0.02291	0.09421	0.01868	0.03138	0.00761	0.00234	0.00622	0.00790	0.00655	0.01019
20	0.01705	0.01438	0.01877	0.17024	0.05021	0.01395	0.03692	0.16715	0.01856	0.02640	0.01346	0.01613	0.01049	0.00634	0.00614	0.00163	0.00697	0.00528	0.00450	0.39542
21	0.11264	0.04554	0.01950	0.17178	0.05192	0.18711	0.04340	0.06664	0.09120	0.07076	0.06063	0.01923	0.01487	0.00781	0.00656	0.00211	0.00850	0.00617	0.00475	0.00888

[dist]
# distance from previous block
# <min> <max>
1	16

[block]
# block no. 7 follows, 30 sequences, length 23
# corresponding to MSA columns:
# 489-511
name=unknown_H
#
# <colnr> <probs for GDERKNQSTAVLIFYWHMCP>
#	G	D	E	R	K	N	Q	S	T	A	V	L	I	F	Y	W	H	M	C	P
0	0.04609	0.01408	0.01650	0.01286	0.01810	0.01363	0.01044	0.20322	0.07988	0.27363	0.02140	0.05317	0.01570	0.00842	0.00662	0.00194	0.00609	0.00676	0.00685	0.18461
1	0.06396	0.01460	0.01687	0.01294	0.01845	0.01416	0.01058	0.22693	0.06355	0.26287	0.01964	0.01883	0.01366	0.00763	0.00641	0.00187	0.00622	0.00596	0.00670	0.20817
2	0.01829	0.05816	0.01500	0.01164	0.01513	0.05936	0.00928	0.14525	0.04316	0.14480	0.26916	0.06801	0.09041	0.01170	0.00743	0.00215	0.00556	0.00975	0.00698	0.00876
3	0.04844	0.28662	0.29595	0.01571	0.02318	0.01946	0.04165	0.02392	0.04108	0.12186	0.01426	0.01524	0.01060	0.00676	0.00591	0.00196	0.00835	0.00509	0.00402	0.00995
4	0.06144	0.01110	0.01434	0.01145	0.01592	0.01004	0.00930	0.05480	0.01990	0.48893	0.16410	0.03047	0.05670	0.01005	0.00719	0.00217	0.00535	0.00830	0.00808	0.01036
5	0.01338	0.00799	0.00999	0.00899	0.01151	0.00707	0.00692	0.01615	0.01877	0.15182	0.41315	0.05092	0.22806	0.01414	0.00801	0.00223	0.00384	0.01215	0.00754	0.00737
6	0.01402	0.01346	0.02270	0.55334	0.12610	0.01630	0.04601	0.01835	0.01397	0.01852	0.01224	0.01812	0.00956	0.00735	0.00859	0.00237	0.08136	0.00628	0.00316	0.00821
7	0.01496	0.01475	0.02713	0.11621	0.32509	0.01473	0.19401	0.01909	0.01535	0.02117	0.01795	0.15234	0.01716	0.00909	0.00763	0.00232	0.00855	0.00925	0.00399	0.00924
8	0.80405	0.01350	0.01026	0.00918	0.01350	0.01565	0.00756	0.02051	0.01188	0.03131	0.00972	0.01134	0.00756	0.00648	0.00432	0.00216	0.00540	0.00378	0.00432	0.00756
9	0.01146	0.00845	0.01157	0.01162	0.01246	0.00936	0.00913	0.01230	0.01302	0.01745	0.05425	0.13195	0.11004	0.01923	0.01642	0.21274	0.14055	0.18744	0.00497	0.00560
10	0.05445	0.10933	0.17816	0.05724	0.13863	0.01773	0.01649	0.14725	0.07237	0.05396	0.01716	0.01853	0.03964	0.00751	0.00645	0.00205	0.00781	0.00600	0.00461	0.04463
11	0.00914	0.00650	0.00870	0.01007	0.01066	0.00629	0.00710	0.01061	0.01333	0.01777	0.03556	0.54592	0.04167	0.08916	0.05530	0.00375	0.00553	0.11115	0.00610	0.00568
12	0.01212	0.00606	0.00909	0.00909	0.00909	0.00606	0.00606	0.00909	0.00909	0.01212	0.01212	0.02121	0.01212	0.02424	0.02727	0.79697	0.00606	0.00606	0.00303	0.00303
13	0.04517	0.07166	0.02877	0.18748	0.15385	0.10878	0.22975	0.02119	0.01577	0.02044	0.01364	0.04661	0.01139	0.00704	0.00708	0.00218	0.00984	0.00692	0.00354	0.00891
14	0.64073	0.01405	0.01206	0.01028	0.01485	0.01584	0.00848	0.09961	0.01508	0.09717	0.01221	0.01314	0.00897	0.00690	0.00488	0.00215	0.00571	0.00438	0.00503	0.00847
15	0.01816	0.01455	0.02317	0.16718	0.15526	0.01516	0.12578	0.12269	0.04861	0.10337	0.05343	0.08533	0.01778	0.00885	0.00742	0.00227	0.00796	0.00825	0.00516	0.00963
16	0.01023	0.00793	0.00978	0.00953	0.01181	0.00690	0.00724	0.01264	0.01588	0.02168	0.19449	0.23603	0.16779	0.01591	0.00804	0.00232	0.00430	0.09987	0.00632	0.15132
17	0.01447	0.01240	0.01447	0.01034	0.01654	0.00930	0.00827	0.01757	0.01447	0.02274	0.01240	0.01447	0.01034	0.00517	0.00517	0.00103	0.00517	0.00413	0.00413	0.79742
18	0.01681	0.02244	0.21012	0.07044	0.02423	0.10442	0.03610	0.02308	0.10930	0.05083	0.01547	0.05077	0.01284	0.00942	0.01131	0.00245	0.21022	0.00664	0.00407	0.00905
19	0.02270	0.09048	0.07102	0.12096	0.02482	0.18922	0.01435	0.21482	0.02155	0.10973	0.01589	0.04545	0.01233	0.00811	0.00664	0.00205	0.00891	0.00615	0.00512	0.00973
20	0.01301	0.00650	0.00650	0.00650	0.00813	0.00650	0.00488	0.01626	0.01463	0.02602	0.02276	0.02602	0.01789	0.00813	0.00488	0.00163	0.00325	0.00650	0.79350	0.00650
21	0.01322	0.01030	0.01525	0.15453	0.07194	0.01058	0.04188	0.01808	0.06978	0.06914	0.35457	0.03860	0.08101	0.01135	0.00773	0.00224	0.00558	0.01010	0.00623	0.00791
22	0.02079	0.01799	0.13939	0.15064	0.07438	0.03876	0.07601	0.07165	0.01827	0.24256	0.06443	0.02142	0.01595	0.00789	0.00710	0.00220	0.00816	0.00684	0.00549	0.01009

[dist]
# distance from previous block
# <min> <max>
0	1

[block]
# block no. 8 follows, 30 sequences, length 99
# corresponding to MSA columns:
# 514-612
name=unknown_I
#
# <colnr> <probs for GDERKNQSTAVLIFYWHMCP>
#	G	D	E	R	K	N	Q	S	T	A	V	L	I	F	Y	W	H	M	C	P
0	0.01177	0.01136	0.05402	0.01361	0.01492	0.01278	0.01137	0.01416	0.01120	0.01656	0.01571	0.02413	0.01495	0.07753	0.43889	0.00804	0.23163	0.00709	0.00352	0.00676
1	0.01409	0.01231	0.01701	0.03700	0.05447	0.01100	0.06490	0.03656	0.01590	0.02348	0.12795	0.04625	0.02153	0.00831	0.00739	0.00170	0.04737	0.02884	0.00477	0.41918
2	0.05596	0.09848	0.10050	0.04373	0.15686	0.10169	0.01576	0.11940	0.12951	0.04267	0.01537	0.01696	0.01196	0.00766	0.00746	0.00212	0.05343	0.00582	0.00460	0.01006
3	0.01445	0.03328	0.61639	0.02279	0.10565	0.01630	0.05061	0.02203	0.01493	0.02219	0.01265	0.01517	0.00915	0.00656	0.00672	0.00220	0.01015	0.00539	0.00303	0.01036
4	0.01600	0.01270	0.01487	0.01072	0.01685	0.00993	0.00862	0.04958	0.01564	0.06385	0.01348	0.01511	0.01081	0.00552	0.00536	0.00115	0.00533	0.00440	0.00453	0.71556
5	0.01212	0.00606	0.00909	0.00909	0.00909	0.00606	0.00606	0.00909	0.00909	0.01212	0.01212	0.02121	0.01212	0.02424	0.02727	0.79697	0.00606	0.00606	0.00303	0.00303
6	0.01242	0.01121	0.01808	0.51826	0.06277	0.01337	0.01619	0.01685	0.04015	0.01845	0.01899	0.18586	0.01824	0.01044	0.00742	0.00243	0.00792	0.00938	0.00404	0.00752
7	0.01301	0.00650	0.00650	0.00650	0.00813	0.00650	0.00488	0.01626	0.01463	0.02602	0.02276	0.02602	0.01789	0.00813	0.00488	0.00163	0.00325	0.00650	0.79350	0.00650
8	0.01000	0.00737	0.01069	0.01069	0.01175	0.00844	0.00806	0.01212	0.01106	0.01581	0.01917	0.03009	0.01861	0.15520	0.62583	0.01056	0.01695	0.00787	0.00381	0.00594
9	0.01014	0.00679	0.00772	0.00772	0.00776	0.00682	0.00436	0.01022	0.01018	0.01361	0.02189	0.04511	0.02513	0.73349	0.05645	0.00690	0.00713	0.01007	0.00421	0.00429
10	0.80405	0.01350	0.01026	0.00918	0.01350	0.01565	0.00756	0.02051	0.01188	0.03131	0.00972	0.01134	0.00756	0.00648	0.00432	0.00216	0.00540	0.00378	0.00432	0.00756
11	0.01068	0.00852	0.01258	0.01217	0.01325	0.01042	0.00960	0.01304	0.01114	0.01628	0.01741	0.02578	0.01633	0.04694	0.63247	0.01012	0.11589	0.00729	0.00365	0.00642
12	0.01334	0.01256	0.02121	0.71133	0.07349	0.01555	0.01946	0.01797	0.01403	0.01802	0.01243	0.01855	0.00937	0.00695	0.00697	0.00232	0.00926	0.00620	0.00311	0.00788
13	0.00915	0.00632	0.00834	0.00963	0.01031	0.00585	0.00654	0.01055	0.01399	0.03622	0.07810	0.66599	0.07110	0.02093	0.00880	0.00276	0.00403	0.01890	0.00660	0.00589
14	0.00997	0.00748	0.01121	0.01121	0.01246	0.00872	0.00872	0.01246	0.01121	0.01620	0.01869	0.02741	0.01745	0.05234	0.72710	0.01121	0.01869	0.00748	0.00374	0.00623
15	0.01642	0.01503	0.01542	0.01149	0.01738	0.08561	0.00912	0.05929	0.01614	0.02343	0.01250	0.01441	0.01029	0.00558	0.00540	0.00118	0.00610	0.00430	0.00425	0.66667
16	0.01662	0.01465	0.01665	0.01474	0.01764	0.01766	0.01165	0.05115	0.47397	0.02593	0.02471	0.02528	0.03960	0.03793	0.01179	0.00268	0.17371	0.00773	0.00605	0.00988
17	0.00853	0.00634	0.00795	0.00911	0.00999	0.00577	0.00624	0.00997	0.01426	0.01861	0.08295	0.56722	0.18653	0.02055	0.00873	0.00270	0.00390	0.01836	0.00655	0.00577
18	0.01720	0.01601	0.02342	0.19342	0.35804	0.03873	0.01814	0.06498	0.15257	0.02406	0.01615	0.01914	0.01268	0.00720	0.00695	0.00218	0.00807	0.00650	0.00432	0.01026
19	0.02345	0.01372	0.01611	0.01326	0.01780	0.01421	0.01064	0.13751	0.26164	0.29650	0.09489	0.02631	0.02274	0.00946	0.00716	0.00223	0.00580	0.00777	0.00773	0.01105
20	0.01443	0.01449	0.07647	0.01118	0.01774	0.00991	0.00981	0.01797	0.01449	0.02268	0.01241	0.01449	0.01020	0.00530	0.00530	0.00114	0.00562	0.00422	0.00403	0.72811
21	0.00850	0.00607	0.00810	0.00972	0.01012	0.00567	0.00648	0.00972	0.01336	0.01781	0.03846	0.75020	0.04615	0.02186	0.00891	0.00283	0.00405	0.01984	0.00648	0.00567
22	0.01015	0.00677	0.00761	0.00761	0.00761	0.00677	0.00423	0.01015	0.01015	0.01353	0.02199	0.04567	0.02537	0.75476	0.03552	0.00677	0.00677	0.01015	0.00423	0.00423
23	0.00972	0.00713	0.00911	0.00862	0.01033	0.00652	0.00646	0.01287	0.01939	0.02712	0.64711	0.05355	0.12682	0.01459	0.00823	0.00221	0.00332	0.01282	0.00757	0.00652
24	0.01015	0.00677	0.00761	0.00761	0.00761	0.00677	0.00423	0.01015	0.01015	0.01353	0.02199	0.04567	0.02537	0.75476	0.03552	0.00677	0.00677	0.01015	0.00423	0.00423
25	0.01647	0.01882	0.04118	0.02941	0.03647	0.01765	0.68588	0.02235	0.01647	0.02235	0.01412	0.01882	0.01059	0.00588	0.00824	0.00235	0.01176	0.00824	0.00353	0.00941
26	0.01163	0.00638	0.00958	0.00958	0.00986	0.00667	0.00667	0.00986	0.00958	0.01305	0.01362	0.02263	0.01334	0.03066	0.18704	0.61758	0.00894	0.00638	0.00319	0.00376
27	0.00849	0.00613	0.00803	0.00955	0.01008	0.00568	0.00640	0.00974	0.01352	0.01788	0.04046	0.70781	0.08726	0.02160	0.00887	0.00280	0.00402	0.01952	0.00648	0.00568
28	0.01015	0.00677	0.00761	0.00761	0.00761	0.00677	0.00423	0.01015	0.01015	0.01353	0.02199	0.04567	0.02537	0.75476	0.03552	0.00677	0.00677	0.01015	0.00423	0.00423
29	0.01866	0.75896	0.03657	0.01194	0.01791	0.02761	0.01194	0.02090	0.01418	0.01642	0.00970	0.01119	0.00896	0.00597	0.00448	0.00149	0.00746	0.00373	0.00299	0.00896
30	0.01686	0.03232	0.55933	0.01901	0.02825	0.01745	0.02292	0.17411	0.01886	0.02709	0.01349	0.01519	0.00953	0.00703	0.00671	0.00218	0.00971	0.00541	0.00387	0.01067
31	0.03131	0.01188	0.01619	0.01242	0.01781	0.01026	0.01026	0.03401	0.01997	0.71606	0.02753	0.02375	0.01727	0.00864	0.00702	0.00216	0.00594	0.00702	0.00864	0.01188
32	0.01647	0.01882	0.04118	0.02941	0.03647	0.01765	0.68588	0.02235	0.01647	0.02235	0.01412	0.01882	0.01059	0.00588	0.00824	0.00235	0.01176	0.00824	0.00353	0.00941
33	0.01062	0.00758	0.01053	0.01214	0.01347	0.00749	0.01016	0.01338	0.01545	0.02018	0.03729	0.23201	0.04153	0.01987	0.00947	0.00313	0.00588	0.51714	0.00644	0.00625
34	0.01882	0.07933	0.01963	0.22239	0.05213	0.01636	0.01367	0.09236	0.20552	0.13185	0.02275	0.02337	0.05459	0.00856	0.00687	0.00221	0.00705	0.00708	0.00565	0.00983
35	0.02873	0.01130	0.01537	0.01198	0.01692	0.00981	0.00981	0.03150	0.01995	0.63314	0.10947	0.02717	0.02313	0.00932	0.00716	0.00216	0.00562	0.00769	0.00852	0.01124
36	0.01727	0.56614	0.19134	0.01373	0.02052	0.02431	0.01498	0.02086	0.01420	0.01771	0.01068	0.01260	0.00924	0.00784	0.03169	0.00202	0.00853	0.00420	0.00300	0.00916
37	0.20284	0.02685	0.01803	0.01685	0.04513	0.48319	0.01250	0.04461	0.01776	0.02131	0.01072	0.01273	0.00883	0.00727	0.00669	0.00196	0.04620	0.00453	0.00383	0.00817
38	0.00988	0.00713	0.00933	0.00878	0.01043	0.00658	0.00658	0.01317	0.01975	0.02798	0.70754	0.05213	0.06584	0.01427	0.00823	0.00219	0.00329	0.01262	0.00768	0.00658
39	0.55451	0.01310	0.01322	0.17585	0.02177	0.01514	0.01050	0.02110	0.01307	0.08936	0.01192	0.01410	0.00882	0.00678	0.00517	0.00220	0.00634	0.00462	0.00443	0.00799
40	0.02927	0.01253	0.01635	0.01261	0.01798	0.01126	0.01036	0.07123	0.05865	0.59817	0.02608	0.02294	0.01679	0.00847	0.00691	0.00210	0.00597	0.00686	0.00819	0.05729
41	0.01447	0.01240	0.01447	0.01034	0.01654	0.00930	0.00827	0.01757	0.01447	0.02274	0.01240	0.01447	0.01034	0.00517	0.00517	0.00103	0.00517	0.00413	0.00413	0.79742
42	0.01063	0.00834	0.01198	0.17526	0.01902	0.00862	0.00951	0.01423	0.01843	0.02567	0.54885	0.04447	0.05294	0.01260	0.00794	0.00222	0.00466	0.01115	0.00664	0.00685
43	0.01736	0.01499	0.01578	0.01420	0.01815	0.01736	0.01105	0.03708	0.69862	0.02919	0.02840	0.02604	0.02130	0.00947	0.00710	0.00237	0.00552	0.00789	0.00710	0.01105
44	0.01538	0.01427	0.02238	0.21790	0.33583	0.01420	0.01710	0.01936	0.01497	0.02146	0.01273	0.01682	0.01038	0.00612	0.00643	0.00184	0.00766	0.00562	0.00356	0.23598
45	0.01745	0.01784	0.07237	0.02380	0.02977	0.01640	0.43328	0.02334	0.05817	0.09867	0.01913	0.02198	0.05108	0.00768	0.00925	0.00239	0.07544	0.00808	0.00440	0.00948
46	0.01647	0.01882	0.04118	0.02941	0.03647	0.01765	0.68588	0.02235	0.01647	0.02235	0.01412	0.01882	0.01059	0.00588	0.00824	0.00235	0.01176	0.00824	0.00353	0.00941
47	0.01212	0.00606	0.00909	0.00909	0.00909	0.00606	0.00606	0.00909	0.00909	0.01212	0.01212	0.02121	0.01212	0.02424	0.02727	0.79697	0.00606	0.00606	0.00303	0.00303
48	0.01993	0.56163	0.07498	0.01370	0.01944	0.17418	0.01312	0.02244	0.01539	0.01691	0.01010	0.01170	0.00896	0.00627	0.00499	0.00160	0.00872	0.00398	0.00311	0.00886
49	0.01293	0.04855	0.01303	0.01137	0.01332	0.00981	0.00907	0.01539	0.01263	0.09536	0.02044	0.02989	0.01863	0.06644	0.53953	0.00903	0.01549	0.04771	0.00443	0.00696
50	0.00867	0.00709	0.00766	0.00751	0.00969	0.00607	0.00564	0.01083	0.01691	0.02122	0.23618	0.06325	0.54143	0.01679	0.00824	0.00231	0.00347	0.01418	0.00679	0.00607
51	0.01527	0.01527	0.02137	0.01832	0.01832	0.02137	0.01527	0.01679	0.01069	0.01679	0.00916	0.01527	0.00916	0.01221	0.02290	0.00305	0.74198	0.00611	0.00305	0.00763
52	0.01801	0.09420	0.16027	0.07121	0.34428	0.01695	0.07276	0.02273	0.01587	0.09703	0.01427	0.01708	0.01096	0.00655	0.00673	0.00209	0.00867	0.00601	0.00386	0.01047
53	0.01299	0.01002	0.01254	0.01324	0.01551	0.01070	0.01119	0.02093	0.21139	0.02326	0.03450	0.06364	0.03476	0.01647	0.00891	0.00297	0.00617	0.47642	0.00662	0.00775
54	0.80405	0.01350	0.01026	0.00918	0.01350	0.01565	0.00756	0.02051	0.01188	0.03131	0.00972	0.01134	0.00756	0.00648	0.00432	0.00216	0.00540	0.00378	0.00432	0.00756
55	0.24600	0.34970	0.02338	0.01123	0.01629	0.04345	0.01012	0.02273	0.01501	0.13812	0.05564	0.01589	0.01344	0.00711	0.00515	0.00185	0.00653	0.00487	0.00462	0.00887
56	0.02941	0.01492	0.01808	0.01386	0.01933	0.01477	0.01145	0.29330	0.02506	0.44958	0.02326	0.02098	0.01513	0.00853	0.00700	0.00213	0.00663	0.00673	0.00798	0.01187
57	0.00857	0.00619	0.00814	0.00967	0.01022	0.00576	0.00656	0.00988	0.01359	0.01797	0.04023	0.69044	0.08335	0.02154	0.00889	0.00282	0.00409	0.03990	0.00648	0.00570
58	0.01318	0.01240	0.02093	0.73798	0.04806	0.01550	0.01938	0.01783	0.01395	0.01783	0.01240	0.01860	0.00930	0.00698	0.00698	0.00233	0.00930	0.00620	0.00310	0.00775
59	0.01960	0.01844	0.07807	0.07810	0.12963	0.03987	0.11349	0.20276	0.06251	0.06724	0.05468	0.01984	0.01477	0.00809	0.00831	0.00224	0.06022	0.00689	0.00508	0.01018
60	0.02312	0.01786	0.01903	0.01537	0.02034	0.02005	0.01244	0.44646	0.27985	0.03849	0.02108	0.02020	0.01537	0.00878	0.00703	0.00220	0.00688	0.00688	0.00703	0.01156
61	0.00915	0.00635	0.00791	0.00888	0.00913	0.00610	0.00559	0.00989	0.01209	0.01612	0.03195	0.47184	0.03794	0.31143	0.01942	0.00439	0.00512	0.01601	0.00559	0.00510
62	0.06224	0.18164	0.21563	0.05454	0.14843	0.07384	0.04258	0.02292	0.03688	0.06120	0.01307	0.01530	0.01018	0.00679	0.00659	0.00203	0.02747	0.00529	0.00367	0.00972
63	0.02448	0.02922	0.01911	0.01701	0.02091	0.56460	0.01291	0.06890	0.09525	0.02039	0.01319	0.01443	0.01060	0.00740	0.00636	0.00184	0.01108	0.00496	0.00422	0.05313
64	0.00988	0.00713	0.00933	0.00878	0.01043	0.00658	0.00658	0.01317	0.01975	0.02798	0.70754	0.05213	0.06584	0.01427	0.00823	0.00219	0.00329	0.01262	0.00768	0.00658
65	0.01940	0.01589	0.01864	0.18004	0.02612	0.01833	0.01367	0.24523	0.32489	0.03143	0.02095	0.02131	0.01548	0.00854	0.00703	0.00227	0.00709	0.00698	0.00615	0.01056
66	0.09372	0.01351	0.01648	0.01288	0.01813	0.01308	0.01059	0.14439	0.06323	0.50263	0.02427	0.02167	0.01580	0.00846	0.00679	0.00216	0.00616	0.00668	0.00790	0.01147
67	0.01138	0.00777	0.00999	0.00934	0.01124	0.00734	0.00703	0.01544	0.05772	0.06461	0.59377	0.08952	0.05957	0.01413	0.00814	0.00224	0.00360	0.01247	0.00763	0.00707
68	0.01014	0.00681	0.00783	0.00783	0.00791	0.00689	0.00450	0.01029	0.01021	0.01369	0.02178	0.04454	0.02488	0.71155	0.07806	0.00704	0.00750	0.00998	0.00420	0.00435
69	0.03131	0.01188	0.01619	0.01242	0.01781	0.01026	0.01026	0.03401	0.01997	0.71606	0.02753	0.02375	0.01727	0.00864	0.00702	0.00216	0.00594	0.00702	0.00864	0.01188
70	0.01544	0.01237	0.01457	0.01046	0.01661	0.00936	0.00838	0.01852	0.01479	0.06286	0.01328	0.01501	0.01074	0.00537	0.00528	0.00110	0.00521	0.00430	0.00439	0.75195
71	0.02762	0.01780	0.01986	0.01522	0.02077	0.01904	0.01258	0.53866	0.02988	0.19741	0.01921	0.01835	0.01310	0.00844	0.00699	0.00211	0.00728	0.00645	0.00736	0.01187
72	0.01301	0.00650	0.00650	0.00650	0.00813	0.00650	0.00488	0.01626	0.01463	0.02602	0.02276	0.02602	0.01789	0.00813	0.00488	0.00163	0.00325	0.00650	0.79350	0.00650
73	0.00828	0.00695	0.00719	0.00738	0.00951	0.00586	0.00544	0.00998	0.01561	0.01873	0.06689	0.14766	0.63034	0.01817	0.00833	0.00241	0.00360	0.01533	0.00648	0.00586
74	0.25088	0.01606	0.01679	0.01325	0.01843	0.01732	0.01094	0.34701	0.02387	0.19378	0.01719	0.01680	0.01186	0.00789	0.00622	0.00213	0.00663	0.00573	0.00659	0.01063
75	0.01527	0.01527	0.02137	0.01832	0.01832	0.02137	0.01527	0.01679	0.01069	0.01679	0.00916	0.01527	0.00916	0.01221	0.02290	0.00305	0.74198	0.00611	0.00305	0.00763
76	0.24586	0.01638	0.01689	0.01344	0.01855	0.01793	0.01106	0.36014	0.06344	0.14443	0.01713	0.01686	0.01204	0.00795	0.00624	0.00214	0.00664	0.00578	0.00650	0.01061
77	0.01445	0.00865	0.01109	0.00976	0.01230	0.00804	0.00755	0.05468	0.02041	0.14691	0.53203	0.04572	0.07429	0.01307	0.00795	0.00219	0.00400	0.01136	0.00777	0.00777
78	0.00850	0.00607	0.00810	0.00972	0.01012	0.00567	0.00648	0.00972	0.01336	0.01781	0.03846	0.75020	0.04615	0.02186	0.00891	0.00283	0.00405	0.01984	0.00648	0.00567
79	0.02145	0.01459	0.01626	0.01382	0.01818	0.01594	0.01093	0.11530	0.44129	0.18734	0.02658	0.02497	0.01935	0.03170	0.00793	0.00242	0.00592	0.00756	0.00735	0.01113
80	0.01666	0.01624	0.02632	0.20061	0.53427	0.04265	0.02066	0.02084	0.01559	0.02145	0.01287	0.01740	0.01058	0.00643	0.00690	0.00212	0.00868	0.00615	0.00338	0.01019
81	0.01437	0.01332	0.02108	0.41884	0.18685	0.01433	0.01729	0.01856	0.01450	0.02004	0.01256	0.01737	0.00992	0.00640	0.00655	0.00197	0.00814	0.00573	0.00341	0.18876
82	0.01719	0.53187	0.25083	0.01444	0.02177	0.02403	0.01629	0.02127	0.01435	0.01820	0.01059	0.01231	0.00892	0.00618	0.00515	0.00172	0.00836	0.00418	0.00297	0.00938
83	0.01212	0.00606	0.00909	0.00909	0.00909	0.00606	0.00606	0.00909	0.00909	0.01212	0.01212	0.02121	0.01212	0.02424	0.02727	0.79697	0.00606	0.00606	0.00303	0.00303
84	0.01327	0.01417	0.05015	0.02021	0.04885	0.03463	0.30407	0.01713	0.01561	0.02084	0.06110	0.26418	0.04412	0.01265	0.00836	0.00252	0.00814	0.04724	0.00492	0.00784
85	0.02116	0.01659	0.01572	0.01461	0.03738	0.18019	0.01106	0.09682	0.07695	0.18172	0.05098	0.15017	0.02405	0.01184	0.00749	0.00231	0.00736	0.07819	0.00635	0.00906
86	0.00873	0.00699	0.00781	0.00781	0.00977	0.00607	0.00578	0.01088	0.01675	0.02133	0.24768	0.12826	0.46335	0.01711	0.00831	0.00236	0.00352	0.01462	0.00682	0.00607
87	0.01864	0.01973	0.02521	0.14620	0.44975	0.17854	0.01929	0.02233	0.01647	0.02071	0.01248	0.01641	0.01031	0.00656	0.00678	0.00205	0.00943	0.00582	0.00343	0.00986
88	0.00863	0.00703	0.00764	0.00761	0.00969	0.00604	0.00566	0.01072	0.01664	0.02088	0.21422	0.10326	0.52337	0.01714	0.00828	0.00235	0.00351	0.01454	0.00675	0.00604
89	0.06616	0.52266	0.03091	0.01292	0.01863	0.04902	0.01204	0.17340	0.01849	0.02359	0.01135	0.01252	0.00954	0.00659	0.00510	0.00168	0.00756	0.00434	0.00399	0.00951
90	0.19705	0.33963	0.22503	0.01394	0.02064	0.06208	0.01500	0.02156	0.01414	0.02148	0.01058	0.01232	0.00860	0.00635	0.00516	0.00187	0.00810	0.00419	0.00331	0.00898
91	0.00928	0.00748	0.00872	0.00834	0.01027	0.00691	0.00632	0.01170	0.01734	0.02273	0.34514	0.05821	0.39622	0.01594	0.00892	0.00232	0.03764	0.01341	0.00684	0.00627
92	0.02444	0.01842	0.02013	0.04903	0.02228	0.02031	0.01308	0.56233	0.09067	0.04029	0.01736	0.01755	0.01251	0.00824	0.00689	0.00207	0.00743	0.00631	0.00666	0.05401
93	0.04546	0.00656	0.00807	0.00930	0.01003	0.00623	0.00626	0.01028	0.01328	0.01821	0.03875	0.60367	0.10114	0.07503	0.01061	0.00305	0.00427	0.01793	0.00621	0.00567
94	0.01889	0.01272	0.01621	0.01195	0.01787	0.01038	0.04031	0.02296	0.05461	0.19455	0.01713	0.01762	0.01268	0.00630	0.00588	0.00145	0.00568	0.00525	0.00539	0.52218
95	0.01787	0.14143	0.07040	0.14550	0.06292	0.05895	0.25055	0.07440	0.05274	0.03808	0.01402	0.01720	0.01074	0.00666	0.00695	0.00213	0.00966	0.00646	0.00390	0.00944
