[name]
unknown

[dist]
# distance from previous block
# <min> <max>
0	348

[block]
# block no. 0 follows, 29 sequences, length 10
# corresponding to MSA columns:
# 368-377
name=unknown_A
#
# <colnr> <probs for GDERKNQSTAVLIFYWHMCP>
#	G	D	E	R	K	N	Q	S	T	A	V	L	I	F	Y	W	H	M	C	P
0	0.01112	0.00804	0.01147	0.01266	0.01420	0.00839	0.01078	0.01420	0.01506	0.02002	0.03269	0.06624	0.03475	0.02874	0.20123	0.00547	0.00992	0.48266	0.00582	0.00650
1	0.01906	0.25770	0.31781	0.01726	0.02457	0.20963	0.01857	0.02375	0.01624	0.01938	0.01141	0.01333	0.00910	0.00671	0.00599	0.00192	0.01025	0.00463	0.00320	0.00949
2	0.01904	0.75404	0.03731	0.01218	0.01828	0.02818	0.01218	0.02132	0.01447	0.01675	0.00990	0.01142	0.00914	0.00609	0.00457	0.00152	0.00761	0.00381	0.00305	0.00914
3	0.01929	0.06846	0.48955	0.01781	0.02675	0.01553	0.02129	0.02575	0.01644	0.20718	0.01674	0.01732	0.01134	0.00728	0.00675	0.00220	0.00917	0.00569	0.00457	0.01088
4	0.01123	0.00870	0.01033	0.01099	0.01234	0.00907	0.00769	0.01746	0.19595	0.02098	0.03524	0.50011	0.03870	0.07282	0.01061	0.00306	0.00474	0.01623	0.00661	0.00715
5	0.01812	0.09288	0.46983	0.01856	0.02741	0.01901	0.02168	0.19968	0.01995	0.02806	0.01370	0.01528	0.00986	0.00719	0.00668	0.00216	0.00955	0.00545	0.00412	0.01083
6	0.02251	0.55452	0.03172	0.01231	0.01825	0.02341	0.01172	0.02492	0.01606	0.20326	0.01479	0.01487	0.01142	0.00682	0.00527	0.00171	0.00720	0.00471	0.00460	0.00994
7	0.01501	0.01425	0.02418	0.47528	0.29421	0.01623	0.02055	0.01956	0.01498	0.02009	0.01293	0.01848	0.01016	0.00683	0.00709	0.00228	0.00911	0.00633	0.00330	0.00917
8	0.00903	0.00724	0.00807	0.00786	0.01000	0.00627	0.00590	0.01142	0.01769	0.02270	0.30626	0.06282	0.46616	0.01674	0.00841	0.00234	0.00351	0.01423	0.00707	0.00627
9	0.00934	0.00678	0.00895	0.00975	0.01049	0.00683	0.00675	0.01077	0.01271	0.01709	0.03367	0.38185	0.08830	0.15122	0.20514	0.00582	0.00857	0.01479	0.00548	0.00571

[dist]
# distance from previous block
# <min> <max>
8	14

[block]
# block no. 1 follows, 29 sequences, length 8
# corresponding to MSA columns:
# 393-400
name=unknown_B
#
# <colnr> <probs for GDERKNQSTAVLIFYWHMCP>
#	G	D	E	R	K	N	Q	S	T	A	V	L	I	F	Y	W	H	M	C	P
0	0.02077	0.01586	0.02618	0.03688	0.55430	0.01550	0.01935	0.02468	0.01713	0.17426	0.01662	0.01908	0.01267	0.00689	0.00707	0.00213	0.00793	0.00652	0.00469	0.01146
1	0.01277	0.01264	0.01090	0.01135	0.01299	0.16323	0.00819	0.01446	0.01604	0.01890	0.07338	0.38530	0.16671	0.01766	0.00837	0.00255	0.00602	0.04605	0.00602	0.00646
2	0.01377	0.00995	0.01191	0.01169	0.01394	0.01014	0.00923	0.15945	0.01954	0.02619	0.08750	0.25496	0.10155	0.01689	0.00854	0.00267	0.00544	0.18427	0.04485	0.00751
3	0.02297	0.01715	0.01826	0.01437	0.01934	0.01855	0.01175	0.53403	0.02969	0.03924	0.02919	0.02840	0.16384	0.01063	0.00741	0.00220	0.00691	0.00830	0.00701	0.01077
4	0.01619	0.01546	0.02632	0.27952	0.48069	0.01654	0.02114	0.02060	0.01554	0.02153	0.01314	0.01809	0.01067	0.00661	0.00707	0.00220	0.00881	0.00634	0.00340	0.01013
5	0.01094	0.01351	0.16302	0.01093	0.01354	0.00903	0.00976	0.01318	0.01215	0.01667	0.02497	0.09219	0.07288	0.42425	0.07871	0.00560	0.00819	0.01011	0.00433	0.00607
6	0.08628	0.01443	0.01666	0.01339	0.01835	0.01476	0.01088	0.20604	0.12265	0.32841	0.02580	0.05004	0.04078	0.00952	0.00707	0.00225	0.00627	0.00759	0.00763	0.01120
7	0.07349	0.00921	0.01096	0.01031	0.01236	0.00922	0.00765	0.09927	0.01798	0.02597	0.27097	0.22576	0.04119	0.01612	0.01035	0.09849	0.00473	0.01217	0.00643	0.03739

[dist]
# distance from previous block
# <min> <max>
4	18

[block]
# block no. 2 follows, 29 sequences, length 55
# corresponding to MSA columns:
# 421-475
name=unknown_C
#
# <colnr> <probs for GDERKNQSTAVLIFYWHMCP>
#	G	D	E	R	K	N	Q	S	T	A	V	L	I	F	Y	W	H	M	C	P
0	0.12114	0.11131	0.01904	0.01455	0.01858	0.33450	0.01144	0.06598	0.06323	0.02219	0.01720	0.07387	0.04226	0.00885	0.00628	0.00197	0.00902	0.00640	0.00453	0.04765
1	0.06873	0.01528	0.01689	0.01404	0.01866	0.01652	0.01124	0.22582	0.26453	0.18045	0.02485	0.07208	0.01892	0.00984	0.00715	0.00231	0.00627	0.00797	0.00734	0.01112
2	0.01615	0.01237	0.01498	0.01177	0.01599	0.01161	0.00925	0.07707	0.01552	0.07015	0.01567	0.02133	0.01382	0.11724	0.06845	0.00311	0.08622	0.00599	0.00466	0.40865
3	0.01236	0.00795	0.00998	0.01015	0.01179	0.00758	0.00726	0.01576	0.07478	0.09767	0.15397	0.39721	0.09237	0.05437	0.00990	0.00282	0.00444	0.01557	0.00701	0.00707
4	0.31956	0.01707	0.01616	0.01317	0.01815	0.06516	0.01075	0.25447	0.04661	0.15006	0.01627	0.01627	0.01154	0.00782	0.00606	0.00216	0.00691	0.00551	0.00615	0.01016
5	0.01191	0.01047	0.01747	0.01524	0.01723	0.01205	0.11079	0.01484	0.01218	0.01756	0.01703	0.02495	0.01559	0.04064	0.51812	0.00894	0.11672	0.00755	0.00369	0.00704
6	0.01262	0.00799	0.00978	0.00959	0.01128	0.00757	0.00679	0.01554	0.06071	0.10269	0.16644	0.25140	0.12870	0.15959	0.01381	0.00337	0.00478	0.01383	0.00671	0.00683
7	0.01240	0.00620	0.00919	0.00919	0.00924	0.00620	0.00614	0.00952	0.00946	0.01284	0.01273	0.02181	0.01256	0.02419	0.02707	0.76648	0.00609	0.00620	0.02927	0.00321
8	0.01489	0.01413	0.02396	0.49483	0.27558	0.01620	0.02049	0.01946	0.01492	0.01994	0.01291	0.01851	0.01011	0.00685	0.00710	0.00228	0.00914	0.00633	0.00329	0.00907
9	0.01014	0.00750	0.00942	0.01015	0.01158	0.00710	0.00763	0.03861	0.01648	0.02169	0.14786	0.35114	0.17026	0.01923	0.00892	0.00274	0.00454	0.14183	0.00681	0.00638
10	0.01112	0.00733	0.00935	0.01001	0.01156	0.00693	0.00779	0.01371	0.01627	0.04615	0.15806	0.23881	0.11425	0.01736	0.00848	0.00264	0.00458	0.19624	0.11284	0.00653
11	0.01423	0.01346	0.02277	0.60333	0.17223	0.01603	0.02017	0.01888	0.01461	0.01914	0.01279	0.01873	0.00983	0.00697	0.00711	0.00232	0.00930	0.00633	0.00323	0.00854
12	0.01055	0.00708	0.00883	0.00918	0.01061	0.00641	0.00650	0.01241	0.01590	0.06557	0.19403	0.35810	0.18693	0.06135	0.01025	0.00283	0.00413	0.01605	0.00690	0.00637
13	0.01018	0.00758	0.01120	0.01120	0.01239	0.00877	0.00859	0.01256	0.01137	0.01635	0.01930	0.02922	0.01834	0.09988	0.67579	0.01114	0.01826	0.00781	0.00385	0.00622
14	0.01323	0.00783	0.01014	0.00982	0.01188	0.00706	0.00737	0.01568	0.01767	0.13946	0.28903	0.24646	0.13470	0.01645	0.00845	0.00249	0.00421	0.04336	0.00744	0.00727
15	0.01066	0.00703	0.00909	0.00976	0.01079	0.00645	0.00663	0.01206	0.01408	0.05904	0.07923	0.52729	0.04206	0.11697	0.01235	0.00325	0.00462	0.01687	0.00640	0.04535
16	0.01599	0.01525	0.02595	0.31332	0.44849	0.01649	0.02104	0.02042	0.01544	0.02128	0.01311	0.01816	0.01058	0.00665	0.00708	0.00222	0.00886	0.00634	0.00338	0.00996
17	0.01624	0.01353	0.01556	0.01125	0.01750	0.01100	0.00905	0.09761	0.01701	0.02581	0.01319	0.01505	0.01073	0.00567	0.00550	0.00118	0.00558	0.00448	0.00457	0.69950
18	0.01428	0.03683	0.71286	0.02030	0.03082	0.01654	0.02631	0.02255	0.01503	0.02255	0.01278	0.01503	0.00902	0.00677	0.00677	0.00226	0.01052	0.00526	0.00301	0.01052
19	0.01052	0.00780	0.00978	0.00920	0.01100	0.00743	0.00686	0.01479	0.06444	0.02760	0.59967	0.05183	0.09109	0.04535	0.00949	0.00246	0.00367	0.01255	0.00760	0.00689
20	0.00973	0.00676	0.00849	0.00933	0.01044	0.00614	0.00646	0.01130	0.01493	0.04631	0.10939	0.49298	0.17584	0.04469	0.00973	0.00284	0.00412	0.01766	0.00674	0.00612
21	0.01023	0.00731	0.00852	0.00848	0.01020	0.00657	0.00614	0.01216	0.01612	0.04848	0.20742	0.13345	0.31586	0.13475	0.01296	0.00317	0.00436	0.04107	0.00662	0.00615
22	0.01286	0.00724	0.00819	0.00804	0.00964	0.00683	0.00569	0.01492	0.01467	0.08308	0.06114	0.13519	0.12524	0.17041	0.01306	0.00313	0.00448	0.01080	0.29897	0.00643
23	0.55965	0.01485	0.01289	0.01119	0.01570	0.01708	0.00911	0.11001	0.13640	0.03325	0.01426	0.01497	0.01079	0.00741	0.00527	0.00223	0.00583	0.00494	0.00527	0.00892
24	0.01791	0.00994	0.01246	0.01131	0.01430	0.00950	0.00870	0.05461	0.08843	0.23368	0.13015	0.24039	0.08803	0.01466	0.00808	0.00248	0.00499	0.03405	0.00755	0.00878
25	0.10516	0.00861	0.00941	0.00921	0.01145	0.00838	0.00697	0.05179	0.01734	0.02468	0.22566	0.18161	0.25829	0.01602	0.00803	0.00244	0.00422	0.03728	0.00671	0.00674
26	0.00898	0.00686	0.00825	0.00908	0.01044	0.00619	0.00657	0.01075	0.01527	0.01952	0.09872	0.36110	0.29574	0.03594	0.00945	0.00279	0.00417	0.07756	0.00664	0.00598
27	0.01234	0.00750	0.00878	0.00856	0.01003	0.00699	0.00594	0.01383	0.01438	0.09031	0.08730	0.11523	0.17300	0.29147	0.01853	0.00407	0.00522	0.03793	0.08246	0.00612
28	0.00936	0.00699	0.00823	0.00836	0.00985	0.00632	0.00594	0.01141	0.01634	0.02171	0.26759	0.18998	0.27239	0.09910	0.01155	0.00293	0.00399	0.01458	0.02736	0.00603
29	0.00966	0.00717	0.00852	0.00880	0.01016	0.00663	0.00637	0.01151	0.01546	0.02017	0.19033	0.13833	0.24555	0.18759	0.01512	0.00358	0.00476	0.09811	0.00634	0.00582
30	0.00935	0.00661	0.00813	0.00890	0.00943	0.00627	0.00575	0.01040	0.01330	0.01770	0.09543	0.39499	0.09062	0.26863	0.01821	0.00416	0.00497	0.01583	0.00594	0.00539
31	0.01137	0.00748	0.00957	0.01013	0.01156	0.00703	0.00763	0.01336	0.01537	0.06745	0.11009	0.25114	0.13392	0.12904	0.01308	0.00341	0.00515	0.18036	0.00653	0.00633
32	0.01017	0.00763	0.01144	0.01144	0.01272	0.00890	0.00890	0.01272	0.01144	0.01653	0.01907	0.02797	0.01780	0.05340	0.72153	0.01144	0.01907	0.00763	0.00381	0.00636
33	0.00896	0.00666	0.00843	0.00973	0.01072	0.00613	0.00695	0.01057	0.01452	0.01878	0.04604	0.52045	0.18544	0.02108	0.00904	0.00284	0.00432	0.09682	0.00660	0.00593
34	0.01657	0.01862	0.03982	0.05743	0.03668	0.01749	0.61930	0.02238	0.01660	0.02264	0.01425	0.01898	0.01074	0.00601	0.00820	0.00233	0.01157	0.00811	0.00361	0.04867
35	0.02897	0.01278	0.01644	0.01305	0.01825	0.01198	0.01063	0.03536	0.16107	0.56782	0.02828	0.02472	0.01849	0.00899	0.00718	0.00225	0.00597	0.00735	0.00849	0.01194
36	0.01341	0.00907	0.01093	0.00997	0.01226	0.00874	0.00750	0.09941	0.01982	0.07558	0.34554	0.13735	0.14184	0.06394	0.01010	0.00264	0.00450	0.01273	0.00725	0.00741
37	0.05038	0.52480	0.22296	0.01431	0.02156	0.02445	0.01590	0.02165	0.01453	0.01899	0.01070	0.01243	0.00905	0.00630	0.00517	0.00175	0.00833	0.00421	0.00309	0.00946
38	0.01369	0.00831	0.01063	0.00984	0.01214	0.00769	0.00744	0.01737	0.05299	0.13732	0.41198	0.14750	0.10543	0.01477	0.00824	0.00235	0.00404	0.01293	0.00769	0.00764
39	0.01237	0.00618	0.00928	0.00928	0.00928	0.00618	0.00618	0.00928	0.00928	0.01237	0.01237	0.02165	0.01237	0.02474	0.02783	0.79283	0.00618	0.00618	0.00309	0.00309
40	0.02707	0.01995	0.02137	0.01638	0.02208	0.02208	0.01353	0.68159	0.03348	0.04488	0.01710	0.01710	0.01211	0.00855	0.00712	0.00214	0.00784	0.00641	0.00712	0.01211
41	0.01362	0.01276	0.02092	0.65634	0.04570	0.01560	0.01884	0.01814	0.01415	0.01850	0.01253	0.01857	0.00956	0.00719	0.00759	0.00231	0.03603	0.00618	0.00324	0.06224
42	0.14880	0.01716	0.01660	0.01405	0.01841	0.07878	0.01115	0.21567	0.24308	0.07774	0.01972	0.01974	0.01469	0.00963	0.00810	0.05692	0.00694	0.00641	0.00626	0.01016
43	0.06370	0.00698	0.00843	0.00954	0.01045	0.00673	0.00657	0.01102	0.01373	0.01921	0.05495	0.52829	0.10107	0.08584	0.01115	0.00316	0.00450	0.04252	0.00628	0.00586
44	0.00922	0.00692	0.00934	0.05965	0.01303	0.00680	0.00749	0.01092	0.01403	0.01862	0.07719	0.52157	0.10180	0.04771	0.05734	0.00348	0.00550	0.01720	0.00618	0.00599
45	0.56384	0.05927	0.05438	0.01135	0.01634	0.01757	0.00999	0.10149	0.06040	0.03192	0.01221	0.01342	0.00933	0.00702	0.00507	0.00217	0.00621	0.00452	0.00476	0.00872
46	0.06908	0.01397	0.02280	0.48204	0.23766	0.01615	0.01955	0.01945	0.01467	0.02062	0.01268	0.01808	0.00989	0.00686	0.00691	0.00229	0.00892	0.00616	0.00336	0.00888
47	0.00982	0.00767	0.00863	0.00899	0.01078	0.00703	0.00648	0.05654	0.01633	0.02056	0.05447	0.34995	0.37865	0.01918	0.00861	0.00259	0.00412	0.01663	0.00665	0.00634
48	0.01817	0.01726	0.02975	0.09996	0.03105	0.01777	0.33462	0.16166	0.10947	0.02756	0.01837	0.06817	0.01481	0.00823	0.00789	0.00238	0.00949	0.00850	0.00498	0.00991
49	0.01823	0.01214	0.01763	0.04365	0.01923	0.03366	0.09054	0.05983	0.03116	0.19239	0.02232	0.10247	0.01922	0.04837	0.22453	0.00528	0.03629	0.00881	0.00557	0.00867
50	0.14950	0.01545	0.01612	0.01375	0.01830	0.01730	0.01097	0.14407	0.38807	0.11440	0.02372	0.02221	0.01730	0.00887	0.00675	0.00231	0.00604	0.00698	0.00695	0.01093
51	0.00940	0.00707	0.00883	0.00959	0.01094	0.00636	0.00683	0.01112	0.01469	0.01944	0.08160	0.45590	0.16550	0.04193	0.00955	0.00279	0.00434	0.06730	0.00644	0.06038
52	0.41586	0.06588	0.04399	0.03032	0.01771	0.04950	0.01079	0.15565	0.01768	0.03134	0.05944	0.01612	0.01305	0.00782	0.00630	0.00217	0.03740	0.00525	0.00493	0.00878
53	0.05377	0.01336	0.01848	0.44377	0.05271	0.05527	0.01573	0.01795	0.01453	0.01958	0.01681	0.08452	0.03695	0.00873	0.00731	0.00223	0.02504	0.00740	0.00382	0.10203
54	0.07183	0.01592	0.01902	0.05200	0.03710	0.01721	0.05310	0.28897	0.15278	0.09288	0.02472	0.05205	0.07117	0.00969	0.00723	0.00228	0.00698	0.00798	0.00656	0.01054

[dist]
# distance from previous block
# <min> <max>
9	23

[block]
# block no. 3 follows, 29 sequences, length 36
# corresponding to MSA columns:
# 500-535
name=unknown_D
#
# <colnr> <probs for GDERKNQSTAVLIFYWHMCP>
#	G	D	E	R	K	N	Q	S	T	A	V	L	I	F	Y	W	H	M	C	P
0	0.39310	0.01236	0.01227	0.01073	0.01470	0.01332	0.00860	0.04730	0.06260	0.13904	0.06849	0.06590	0.01827	0.01247	0.06218	0.00295	0.00651	0.00680	0.00576	0.03665
1	0.10554	0.30583	0.29102	0.01461	0.02169	0.01979	0.01647	0.02083	0.01508	0.02211	0.09198	0.01772	0.01572	0.00740	0.00584	0.00197	0.00800	0.00543	0.00375	0.00922
2	0.07902	0.01663	0.02427	0.05161	0.41452	0.04495	0.01812	0.04153	0.03962	0.02315	0.01323	0.01740	0.01122	0.00965	0.03999	0.00270	0.13242	0.00618	0.00378	0.01001
3	0.01458	0.01303	0.02392	0.03887	0.02345	0.01290	0.27627	0.01860	0.03792	0.06826	0.04830	0.25379	0.02576	0.04466	0.01076	0.00279	0.06074	0.01212	0.00518	0.00810
4	0.05557	0.01955	0.02064	0.01687	0.04787	0.04453	0.01331	0.58315	0.03083	0.04191	0.01671	0.01713	0.01205	0.00834	0.00691	0.00211	0.00777	0.00626	0.03691	0.01157
5	0.01237	0.00618	0.00928	0.00928	0.00928	0.00618	0.00618	0.00928	0.00928	0.01237	0.01237	0.02165	0.01237	0.02474	0.02783	0.79283	0.00618	0.00618	0.00309	0.00309
6	0.01480	0.08754	0.61728	0.02038	0.03036	0.01748	0.07071	0.02248	0.01512	0.02215	0.01268	0.01506	0.00915	0.00666	0.00672	0.00221	0.01042	0.00537	0.00305	0.01036
7	0.01153	0.06022	0.16100	0.01241	0.01555	0.00979	0.01140	0.01441	0.01420	0.04380	0.03065	0.46637	0.03448	0.04507	0.00930	0.00281	0.00598	0.03822	0.00561	0.00721
8	0.01552	0.01543	0.05134	0.07976	0.46674	0.01469	0.04072	0.01968	0.01638	0.02305	0.09000	0.05331	0.04411	0.00873	0.00745	0.00224	0.00778	0.02887	0.00427	0.00994
9	0.09894	0.02133	0.24492	0.16730	0.05246	0.01574	0.12113	0.02071	0.04006	0.02276	0.04095	0.04415	0.03593	0.00817	0.00766	0.00235	0.03543	0.00709	0.00387	0.00905
10	0.35958	0.09601	0.04973	0.01585	0.04150	0.01822	0.12535	0.09437	0.06095	0.02903	0.01306	0.01491	0.01008	0.00681	0.00580	0.00213	0.00740	0.00533	0.00452	0.03940
11	0.04577	0.01668	0.04092	0.01763	0.02175	0.09834	0.17521	0.04778	0.05898	0.04727	0.04512	0.09945	0.03300	0.01429	0.08130	0.00323	0.07158	0.00855	0.00476	0.06838
12	0.01722	0.01301	0.01417	0.01181	0.01555	0.01352	0.00943	0.31545	0.02457	0.03237	0.15275	0.04125	0.25847	0.01430	0.03121	0.00255	0.00599	0.01051	0.00696	0.00891
13	0.09154	0.01356	0.01686	0.01303	0.01848	0.01284	0.01076	0.14191	0.02192	0.54553	0.02482	0.02204	0.01592	0.00860	0.00694	0.00219	0.00631	0.00678	0.00818	0.01177
14	0.02565	0.01073	0.01451	0.01160	0.01601	0.00939	0.00939	0.02858	0.02032	0.51404	0.22195	0.03257	0.03189	0.01047	0.00752	0.00221	0.00528	0.00881	0.00853	0.01056
15	0.01020	0.00753	0.01095	0.01095	0.01205	0.00863	0.00829	0.01240	0.01130	0.01617	0.01952	0.03047	0.01888	0.14666	0.62975	0.01084	0.01744	0.00799	0.00388	0.00608
16	0.03156	0.01273	0.01691	0.01296	0.01848	0.01138	0.01071	0.08558	0.02141	0.65793	0.02723	0.02367	0.01719	0.00879	0.00716	0.00220	0.00620	0.00710	0.00868	0.01212
17	0.00951	0.00721	0.00875	0.00846	0.01031	0.00646	0.00631	0.01229	0.01867	0.02524	0.47923	0.08736	0.26229	0.01596	0.00843	0.00232	0.00347	0.01385	0.00741	0.00646
18	0.01517	0.01620	0.03344	0.02722	0.10351	0.01529	0.46571	0.01997	0.01607	0.02187	0.01957	0.17318	0.01856	0.00950	0.00840	0.00247	0.00995	0.01070	0.00423	0.00897
19	0.80005	0.01377	0.01047	0.00936	0.01377	0.01597	0.00771	0.02093	0.01212	0.03195	0.00991	0.01157	0.00771	0.00661	0.00441	0.00220	0.00551	0.00386	0.00441	0.00771
20	0.01386	0.01322	0.02145	0.59405	0.04315	0.01698	0.01896	0.01799	0.01359	0.01799	0.01201	0.01832	0.00946	0.00816	0.01027	0.00252	0.15066	0.00631	0.00315	0.00789
21	0.01345	0.01266	0.02136	0.73264	0.04904	0.01582	0.01978	0.01819	0.01424	0.01819	0.01266	0.01898	0.00949	0.00712	0.00712	0.00237	0.00949	0.00633	0.00316	0.00791
22	0.01786	0.01163	0.01439	0.01117	0.01645	0.00935	0.00908	0.02096	0.01661	0.17615	0.07297	0.02696	0.01986	0.00834	0.00643	0.00164	0.00544	0.07595	0.00578	0.47298
23	0.07653	0.01405	0.02196	0.36336	0.19295	0.01685	0.01816	0.01887	0.01385	0.02021	0.01229	0.01785	0.01007	0.00963	0.03755	0.00278	0.13491	0.00617	0.00336	0.00860
24	0.01147	0.00820	0.01147	0.01311	0.01475	0.00820	0.01147	0.01475	0.01639	0.02131	0.03770	0.08032	0.04098	0.01967	0.00984	0.00328	0.00656	0.65741	0.00656	0.00656
25	0.01428	0.03683	0.71286	0.02030	0.03082	0.01654	0.02631	0.02255	0.01503	0.02255	0.01278	0.01503	0.00902	0.00677	0.00677	0.00226	0.01052	0.00526	0.00301	0.01052
26	0.01904	0.75404	0.03731	0.01218	0.01828	0.02818	0.01218	0.02132	0.01447	0.01675	0.00990	0.01142	0.00914	0.00609	0.00457	0.00152	0.00761	0.00381	0.00305	0.00914
27	0.01378	0.01299	0.02195	0.67847	0.10065	0.01591	0.01994	0.01848	0.01439	0.01859	0.01271	0.01888	0.00963	0.00706	0.00711	0.00235	0.00941	0.00633	0.00319	0.00818
28	0.01034	0.00696	0.00806	0.00806	0.00816	0.00706	0.00468	0.01054	0.01044	0.01402	0.02217	0.04513	0.02525	0.69484	0.09028	0.00726	0.00786	0.01014	0.00428	0.00448
29	0.01127	0.00764	0.00933	0.00869	0.01090	0.00679	0.00659	0.01408	0.01892	0.07919	0.44711	0.05582	0.26665	0.01522	0.00831	0.00229	0.00365	0.01312	0.00752	0.00692
30	0.00907	0.00717	0.00817	0.00808	0.01006	0.00627	0.00600	0.01143	0.01755	0.02274	0.31171	0.11077	0.41167	0.01700	0.00846	0.00238	0.00355	0.01457	0.00708	0.00627
31	0.02252	0.09245	0.16893	0.01812	0.02331	0.40387	0.01642	0.07663	0.01891	0.02058	0.01163	0.01373	0.00938	0.00761	0.00773	0.00202	0.06845	0.00494	0.00370	0.00907
32	0.01623	0.12936	0.55148	0.01895	0.02825	0.06234	0.02313	0.05140	0.01608	0.02245	0.01248	0.01452	0.00918	0.00679	0.00647	0.00213	0.01017	0.00508	0.00323	0.01027
33	0.02343	0.33562	0.02736	0.01576	0.02045	0.43084	0.01310	0.02545	0.01779	0.01714	0.01054	0.01225	0.00916	0.00682	0.00564	0.00170	0.01065	0.00426	0.00341	0.00862
34	0.00868	0.00726	0.00761	0.00780	0.01008	0.00619	0.00596	0.01060	0.01616	0.01938	0.06815	0.09114	0.62520	0.01831	0.00856	0.00249	0.00387	0.06988	0.00661	0.00605
35	0.02606	0.03406	0.05029	0.01843	0.02240	0.69054	0.01430	0.02818	0.01996	0.01765	0.01108	0.01294	0.00917	0.00731	0.00644	0.00185	0.01274	0.00462	0.00364	0.00835

[dist]
# distance from previous block
# <min> <max>
0	1

[block]
# block no. 4 follows, 29 sequences, length 16
# corresponding to MSA columns:
# 537-552
name=unknown_E
#
# <colnr> <probs for GDERKNQSTAVLIFYWHMCP>
#	G	D	E	R	K	N	Q	S	T	A	V	L	I	F	Y	W	H	M	C	P
0	0.15941	0.09273	0.02100	0.01819	0.08082	0.37339	0.01325	0.11900	0.01980	0.02432	0.01180	0.01352	0.00952	0.00718	0.00606	0.00194	0.00999	0.00480	0.00422	0.00906
1	0.01826	0.01557	0.01641	0.01460	0.01873	0.01797	0.01140	0.07581	0.65360	0.03068	0.02828	0.02601	0.02117	0.00960	0.00724	0.00240	0.00577	0.00795	0.00724	0.01132
2	0.75556	0.05594	0.01200	0.00952	0.01403	0.01667	0.00797	0.02095	0.01225	0.03108	0.00991	0.01156	0.00779	0.00658	0.00442	0.00216	0.00563	0.00385	0.00433	0.00779
3	0.00942	0.00725	0.00860	0.00827	0.01023	0.00644	0.00620	0.01216	0.01860	0.02485	0.45161	0.05928	0.31947	0.01594	0.00841	0.00231	0.00346	0.01373	0.00735	0.00644
4	0.02647	0.01880	0.02095	0.01625	0.02140	0.02096	0.01343	0.55907	0.03016	0.10527	0.01742	0.01763	0.01238	0.00893	0.00863	0.00223	0.07493	0.00647	0.00691	0.01171
5	0.00922	0.00654	0.00836	0.00945	0.01001	0.00618	0.00633	0.01049	0.01373	0.01832	0.08936	0.50025	0.07020	0.16294	0.01432	0.00362	0.00469	0.04412	0.00626	0.00561
6	0.01033	0.00700	0.00827	0.00827	0.00845	0.00718	0.00495	0.01068	0.01051	0.01418	0.02197	0.04403	0.02477	0.65383	0.13064	0.00753	0.00858	0.00998	0.00425	0.00460
7	0.10283	0.01227	0.01597	0.01236	0.01777	0.01097	0.01021	0.03343	0.01962	0.64767	0.02641	0.02307	0.01671	0.00861	0.00691	0.00220	0.00601	0.00686	0.00841	0.01171
8	0.00946	0.00725	0.00867	0.00831	0.01026	0.00646	0.00623	0.01225	0.01870	0.02511	0.46872	0.05886	0.30220	0.01584	0.00840	0.00230	0.00345	0.01367	0.00738	0.00646
9	0.01036	0.00690	0.00777	0.00777	0.00777	0.00690	0.00431	0.01036	0.01036	0.01381	0.02244	0.04660	0.02589	0.74975	0.03624	0.00690	0.00690	0.01036	0.00431	0.00431
10	0.01904	0.75404	0.03731	0.01218	0.01828	0.02818	0.01218	0.02132	0.01447	0.01675	0.00990	0.01142	0.00914	0.00609	0.00457	0.00152	0.00761	0.00381	0.00305	0.00914
11	0.80005	0.01377	0.01047	0.00936	0.01377	0.01597	0.00771	0.02093	0.01212	0.03195	0.00991	0.01157	0.00771	0.00661	0.00441	0.00220	0.00551	0.00386	0.00441	0.00771
12	0.01558	0.01558	0.02181	0.01869	0.01869	0.02181	0.01558	0.01714	0.01091	0.01714	0.00935	0.01558	0.00935	0.01246	0.02337	0.00312	0.73672	0.00623	0.00312	0.00779
13	0.80005	0.01377	0.01047	0.00936	0.01377	0.01597	0.00771	0.02093	0.01212	0.03195	0.00991	0.01157	0.00771	0.00661	0.00441	0.00220	0.00551	0.00386	0.00441	0.00771
14	0.80005	0.01377	0.01047	0.00936	0.01377	0.01597	0.00771	0.02093	0.01212	0.03195	0.00991	0.01157	0.00771	0.00661	0.00441	0.00220	0.00551	0.00386	0.00441	0.00771
15	0.01424	0.03549	0.67445	0.05986	0.03183	0.01650	0.02595	0.02231	0.01499	0.02231	0.01277	0.01525	0.00905	0.00678	0.00678	0.00226	0.01047	0.00532	0.00302	0.01038

[dist]
# distance from previous block
# <min> <max>
0	4

[block]
# block no. 5 follows, 29 sequences, length 29
# corresponding to MSA columns:
# 557-585
name=unknown_F
#
# <colnr> <probs for GDERKNQSTAVLIFYWHMCP>
#	G	D	E	R	K	N	Q	S	T	A	V	L	I	F	Y	W	H	M	C	P
0	0.01033	0.00699	0.00821	0.00821	0.00837	0.00715	0.00487	0.01064	0.01049	0.01414	0.02203	0.04433	0.02490	0.66484	0.11981	0.00746	0.00839	0.01002	0.00425	0.00456
1	0.03195	0.01212	0.01652	0.01267	0.01818	0.01047	0.01047	0.03470	0.02038	0.71026	0.02809	0.02424	0.01763	0.00881	0.00716	0.00220	0.00606	0.00716	0.00881	0.01212
2	0.03062	0.01182	0.01610	0.01244	0.01772	0.01024	0.01024	0.03341	0.02037	0.66888	0.06898	0.02599	0.02064	0.00916	0.00724	0.00221	0.00590	0.00751	0.00875	0.01179
3	0.02335	0.26615	0.07141	0.01649	0.02139	0.45138	0.01408	0.02575	0.01800	0.01755	0.01077	0.01253	0.00915	0.00690	0.00585	0.00176	0.01100	0.00438	0.00342	0.00869
4	0.01023	0.00740	0.01030	0.01030	0.01118	0.00828	0.00747	0.01198	0.01111	0.01568	0.02012	0.03377	0.02032	0.26994	0.50844	0.01003	0.01529	0.00848	0.00397	0.00572
5	0.03195	0.01212	0.01652	0.01267	0.01818	0.01047	0.01047	0.03470	0.02038	0.71026	0.02809	0.02424	0.01763	0.00881	0.00716	0.00220	0.00606	0.00716	0.00881	0.01212
6	0.01597	0.01518	0.02579	0.27609	0.46107	0.01629	0.02074	0.02032	0.01539	0.02133	0.01332	0.01841	0.01088	0.00810	0.02968	0.00250	0.00915	0.00638	0.00341	0.00998
7	0.01866	0.50604	0.14983	0.01388	0.02046	0.02407	0.01442	0.02417	0.09752	0.05175	0.01357	0.01449	0.01105	0.00677	0.00539	0.00179	0.00780	0.00473	0.00382	0.00978
8	0.01428	0.01362	0.01832	0.02290	0.25902	0.06050	0.01350	0.01728	0.01669	0.02245	0.18654	0.03589	0.16670	0.01159	0.00982	0.00232	0.10548	0.00954	0.00513	0.00844
9	0.00868	0.00620	0.00826	0.00991	0.01033	0.00578	0.00661	0.00991	0.01363	0.01818	0.03925	0.74510	0.04710	0.02231	0.00909	0.00289	0.00413	0.02024	0.00661	0.00578
10	0.00966	0.00768	0.00877	0.00864	0.01080	0.00697	0.00663	0.01296	0.04810	0.02311	0.28542	0.06230	0.39677	0.01659	0.00847	0.00242	0.00386	0.06726	0.00706	0.00654
11	0.01763	0.01687	0.02591	0.09074	0.29829	0.04584	0.11732	0.07590	0.01740	0.02428	0.01351	0.01706	0.01086	0.00633	0.00682	0.00192	0.00847	0.00609	0.00397	0.19478
12	0.02667	0.03183	0.02036	0.01805	0.02202	0.61600	0.01372	0.12669	0.02218	0.02156	0.01192	0.01348	0.00961	0.00752	0.00653	0.00188	0.01209	0.00486	0.00419	0.00883
13	0.00854	0.00671	0.00773	0.00854	0.00997	0.00590	0.00600	0.01007	0.01496	0.01872	0.05599	0.40073	0.38067	0.02013	0.00875	0.00264	0.00386	0.01759	0.00661	0.00590
14	0.01944	0.02163	0.01675	0.01539	0.01792	0.35916	0.01175	0.05467	0.01676	0.01833	0.01453	0.02003	0.01309	0.05726	0.25795	0.00551	0.06225	0.00611	0.00389	0.00758
15	0.04535	0.02433	0.07374	0.06489	0.13012	0.30029	0.10446	0.05175	0.01819	0.02135	0.01509	0.05309	0.01335	0.00837	0.00713	0.00217	0.01048	0.04283	0.00403	0.00898
16	0.01704	0.01648	0.02858	0.13310	0.58548	0.01683	0.05507	0.02142	0.01599	0.02258	0.01335	0.01788	0.01102	0.00643	0.00713	0.00216	0.00877	0.00645	0.00348	0.01075
17	0.00934	0.00702	0.00865	0.00873	0.01031	0.00633	0.00636	0.01184	0.01771	0.02388	0.39424	0.21092	0.22428	0.01716	0.00856	0.00243	0.00359	0.01506	0.00725	0.00633
18	0.01115	0.00834	0.00960	0.00918	0.01159	0.00779	0.00708	0.01551	0.08721	0.05325	0.27998	0.05783	0.34113	0.01569	0.00833	0.00240	0.00403	0.05562	0.00719	0.00709
19	0.01595	0.03134	0.52259	0.02266	0.06548	0.01644	0.13530	0.02330	0.01572	0.06438	0.01401	0.01643	0.00996	0.00674	0.00708	0.00227	0.01040	0.00596	0.00349	0.01050
20	0.01357	0.01035	0.01183	0.01137	0.01373	0.01066	0.00854	0.14665	0.10241	0.02575	0.07470	0.33438	0.15012	0.01678	0.00835	0.00258	0.00501	0.03854	0.00685	0.00783
21	0.02079	0.01919	0.02464	0.03104	0.38888	0.09121	0.01775	0.17969	0.10432	0.02855	0.01595	0.01811	0.01255	0.00738	0.00703	0.00213	0.00842	0.00639	0.00485	0.01116
22	0.05666	0.18606	0.02698	0.06205	0.22171	0.12917	0.05259	0.04373	0.01727	0.11825	0.01426	0.01627	0.01110	0.00689	0.00637	0.00198	0.00872	0.00561	0.00431	0.01003
23	0.00933	0.00692	0.00863	0.00959	0.01068	0.00652	0.00694	0.01096	0.01420	0.01833	0.04398	0.35403	0.20214	0.10801	0.05046	0.00376	0.00551	0.11800	0.00618	0.00582
24	0.01385	0.00903	0.01216	0.01395	0.10083	0.00822	0.00905	0.01608	0.01633	0.13649	0.07286	0.25562	0.24774	0.01617	0.00829	0.00251	0.00492	0.04157	0.00664	0.00770
25	0.07101	0.15909	0.02163	0.01609	0.08379	0.06139	0.01212	0.07986	0.11529	0.24663	0.04909	0.02064	0.01651	0.00817	0.00649	0.00207	0.00695	0.00638	0.00620	0.01060
26	0.48861	0.01772	0.04409	0.01308	0.03728	0.08961	0.01061	0.11061	0.04194	0.06948	0.01294	0.01403	0.00969	0.00718	0.00541	0.00216	0.00691	0.00475	0.00496	0.00896
27	0.16504	0.01724	0.07109	0.05029	0.39229	0.01622	0.09992	0.02111	0.01524	0.02440	0.01419	0.05557	0.01227	0.00726	0.00681	0.00222	0.00827	0.00680	0.00382	0.00996
28	0.10179	0.03750	0.09383	0.01535	0.06122	0.04533	0.05219	0.05634	0.09005	0.05428	0.13985	0.06447	0.08013	0.02971	0.00787	0.00232	0.00663	0.00867	0.00558	0.04689

[dist]
# distance from previous block
# <min> <max>
18	51

[block]
# block no. 6 follows, 29 sequences, length 12
# corresponding to MSA columns:
# 643-654
name=unknown_G
#
# <colnr> <probs for GDERKNQSTAVLIFYWHMCP>
#	G	D	E	R	K	N	Q	S	T	A	V	L	I	F	Y	W	H	M	C	P
0	0.04687	0.01224	0.01341	0.01176	0.01522	0.04599	0.00907	0.07282	0.09591	0.13135	0.07710	0.19216	0.09255	0.01270	0.00782	0.00224	0.02396	0.01066	0.00650	0.11966
1	0.01149	0.00875	0.01182	0.01080	0.01321	0.00807	0.04089	0.01534	0.05526	0.04266	0.33943	0.18029	0.10347	0.01493	0.00824	0.00234	0.00449	0.04618	0.00690	0.07544
2	0.01674	0.17061	0.34981	0.07383	0.06337	0.01870	0.07332	0.05918	0.01634	0.04558	0.01407	0.01800	0.01102	0.00724	0.00666	0.00216	0.00943	0.03028	0.00366	0.01001
3	0.01554	0.01556	0.02271	0.52879	0.17432	0.08474	0.01959	0.01990	0.01520	0.01911	0.01264	0.01812	0.00981	0.00699	0.00704	0.00227	0.00962	0.00616	0.00328	0.00860
4	0.01619	0.01576	0.02773	0.26595	0.42727	0.01667	0.08523	0.02076	0.01563	0.02157	0.01325	0.01822	0.01065	0.00656	0.00720	0.00223	0.00914	0.00654	0.00342	0.01002
5	0.04236	0.14602	0.02621	0.05888	0.20687	0.06943	0.06824	0.10726	0.06353	0.02488	0.01398	0.01638	0.01124	0.00676	0.00640	0.00192	0.00819	0.00571	0.00427	0.11148
6	0.02707	0.01995	0.02137	0.01638	0.02208	0.02208	0.01353	0.68159	0.03348	0.04488	0.01710	0.01710	0.01211	0.00855	0.00712	0.00214	0.00784	0.00641	0.00712	0.01211
7	0.00989	0.00671	0.00806	0.00847	0.00880	0.00651	0.00523	0.01036	0.01207	0.01607	0.06965	0.23639	0.06716	0.43453	0.02538	0.04569	0.00574	0.01321	0.00520	0.00488
8	0.01467	0.01391	0.02358	0.53013	0.24196	0.01614	0.02039	0.01927	0.01482	0.01968	0.01287	0.01858	0.01002	0.00689	0.00710	0.00230	0.00919	0.00633	0.00327	0.00890
9	0.01805	0.01790	0.02794	0.07489	0.62655	0.06572	0.02119	0.02213	0.01639	0.02262	0.01319	0.01736	0.01105	0.00645	0.00701	0.00211	0.00881	0.00622	0.00352	0.01091
10	0.06742	0.01530	0.01811	0.06674	0.08753	0.01684	0.01280	0.14727	0.31118	0.11602	0.04931	0.02334	0.01858	0.00887	0.00706	0.00229	0.00653	0.00730	0.00663	0.01090
11	0.01993	0.01567	0.01775	0.01662	0.07298	0.05901	0.01230	0.19209	0.15092	0.09060	0.12164	0.02951	0.04927	0.01067	0.00895	0.00235	0.07305	0.04023	0.00649	0.00997

[dist]
# distance from previous block
# <min> <max>
11	28

[block]
# block no. 7 follows, 29 sequences, length 11
# corresponding to MSA columns:
# 685-695
name=unknown_H
#
# <colnr> <probs for GDERKNQSTAVLIFYWHMCP>
#	G	D	E	R	K	N	Q	S	T	A	V	L	I	F	Y	W	H	M	C	P
0	0.01893	0.34697	0.19081	0.01524	0.02190	0.02067	0.05061	0.05463	0.04260	0.10033	0.01595	0.06367	0.01333	0.00789	0.00612	0.00198	0.00806	0.00616	0.00433	0.00984
1	0.01765	0.20393	0.02208	0.01427	0.06044	0.05553	0.01112	0.06565	0.09413	0.02328	0.01490	0.03801	0.01267	0.00691	0.00573	0.00157	0.00666	0.00535	0.00446	0.33565
2	0.01588	0.13327	0.31820	0.01579	0.02249	0.07741	0.03914	0.02078	0.01612	0.05773	0.07999	0.02584	0.09531	0.04249	0.00816	0.00234	0.00853	0.00721	0.00429	0.00904
3	0.00921	0.00659	0.00845	0.00943	0.00998	0.00641	0.00628	0.01036	0.01279	0.01706	0.03512	0.46140	0.07943	0.19141	0.09736	0.00476	0.00645	0.01621	0.00576	0.00553
4	0.01207	0.01169	0.05994	0.01354	0.01614	0.01062	0.06824	0.01901	0.18729	0.02184	0.03269	0.44948	0.03491	0.01662	0.00840	0.00268	0.00563	0.01510	0.00627	0.00783
5	0.02250	0.04871	0.06431	0.06638	0.09346	0.05902	0.05009	0.24777	0.02289	0.14365	0.04663	0.03717	0.01655	0.00891	0.00724	0.00221	0.00807	0.03796	0.00595	0.01055
6	0.01640	0.01661	0.03074	0.06303	0.41287	0.01625	0.22292	0.02098	0.01632	0.02257	0.01884	0.02264	0.07181	0.00730	0.00759	0.00224	0.00917	0.00774	0.00381	0.01017
7	0.00890	0.00641	0.00873	0.01014	0.01068	0.00624	0.00695	0.01033	0.01331	0.01793	0.03627	0.63918	0.04277	0.02690	0.11432	0.00416	0.00634	0.01838	0.00620	0.00587
8	0.02038	0.33551	0.07189	0.01490	0.01994	0.21047	0.01356	0.08286	0.01807	0.02057	0.01515	0.02274	0.01412	0.00870	0.00622	0.00197	0.00908	0.10089	0.00410	0.00888
9	0.13770	0.08286	0.02117	0.01868	0.12450	0.05694	0.01328	0.30914	0.07641	0.03370	0.01573	0.01681	0.01195	0.00772	0.00636	0.00207	0.00746	0.00584	0.04113	0.01055
10	0.01643	0.01277	0.01381	0.01264	0.01536	0.11362	0.04999	0.04131	0.01709	0.13841	0.03645	0.32740	0.14456	0.01556	0.00814	0.00248	0.00628	0.01358	0.00639	0.00773

[dist]
# distance from previous block
# <min> <max>
14	35

[block]
# block no. 8 follows, 29 sequences, length 12
# corresponding to MSA columns:
# 731-742
name=unknown_I
#
# <colnr> <probs for GDERKNQSTAVLIFYWHMCP>
#	G	D	E	R	K	N	Q	S	T	A	V	L	I	F	Y	W	H	M	C	P
0	0.01387	0.01265	0.01506	0.04436	0.01733	0.06659	0.05942	0.01648	0.01504	0.02077	0.08013	0.08492	0.05226	0.13503	0.01168	0.00259	0.00653	0.00825	0.00472	0.33232
1	0.01502	0.01393	0.02168	0.04627	0.18499	0.01269	0.11490	0.01962	0.04737	0.02343	0.07534	0.04751	0.04186	0.00774	0.00684	0.00184	0.00697	0.00730	0.00454	0.30016
2	0.02232	0.01833	0.05200	0.02513	0.23134	0.08096	0.07582	0.07462	0.12852	0.18826	0.01952	0.02020	0.01421	0.00770	0.00717	0.00219	0.00820	0.00680	0.00564	0.01107
3	0.04695	0.00834	0.01062	0.00973	0.01197	0.00790	0.02974	0.01316	0.01590	0.02239	0.25836	0.06851	0.19761	0.08317	0.12590	0.00411	0.00682	0.01138	0.00600	0.06145
4	0.01691	0.28896	0.16006	0.01350	0.02041	0.05837	0.01361	0.02067	0.01502	0.02039	0.01158	0.01349	0.00966	0.00598	0.00537	0.00151	0.00759	0.00429	0.00352	0.30911
5	0.01932	0.01043	0.01313	0.01187	0.01519	0.01000	0.00941	0.04760	0.10576	0.27071	0.07347	0.17521	0.09211	0.01413	0.00809	0.00253	0.00539	0.09893	0.00757	0.00918
6	0.05204	0.01686	0.05144	0.04889	0.16765	0.01709	0.01489	0.19180	0.18534	0.10669	0.02095	0.02368	0.01612	0.00880	0.00717	0.00229	0.00726	0.04394	0.00609	0.01100
7	0.02119	0.01662	0.01598	0.01347	0.01742	0.09263	0.01076	0.30415	0.12466	0.03365	0.02068	0.02303	0.01601	0.00892	0.00657	0.00205	0.00674	0.03064	0.22497	0.00983
8	0.01017	0.00763	0.01144	0.01144	0.01272	0.00890	0.00890	0.01272	0.01144	0.01653	0.01907	0.02797	0.01780	0.05340	0.72153	0.01144	0.01907	0.00763	0.00381	0.00636
9	0.00912	0.00692	0.00819	0.00868	0.01006	0.00625	0.00617	0.01091	0.01553	0.02009	0.16548	0.27362	0.29090	0.09213	0.01147	0.00302	0.00419	0.04475	0.00659	0.00592
10	0.01647	0.32649	0.36980	0.01799	0.02638	0.02142	0.08730	0.02208	0.01499	0.02022	0.01177	0.01399	0.00925	0.00641	0.00604	0.00197	0.00949	0.00499	0.00308	0.00987
11	0.28653	0.02074	0.01875	0.02038	0.16630	0.22077	0.01336	0.07341	0.01727	0.05685	0.01232	0.01437	0.00974	0.00722	0.00657	0.00211	0.03476	0.00503	0.00436	0.00917

[dist]
# distance from previous block
# <min> <max>
0	3

[block]
# block no. 9 follows, 29 sequences, length 31
# corresponding to MSA columns:
# 746-776
name=unknown_J
#
# <colnr> <probs for GDERKNQSTAVLIFYWHMCP>
#	G	D	E	R	K	N	Q	S	T	A	V	L	I	F	Y	W	H	M	C	P
0	0.54777	0.07769	0.01600	0.04787	0.01808	0.09015	0.03558	0.05416	0.01448	0.02878	0.01069	0.01263	0.00841	0.00674	0.00505	0.00212	0.00701	0.00435	0.00426	0.00819
1	0.08936	0.01709	0.05640	0.18395	0.24147	0.04466	0.01718	0.09118	0.07865	0.08808	0.01592	0.01842	0.01197	0.00735	0.00682	0.00221	0.00817	0.00623	0.00469	0.01021
2	0.00870	0.00722	0.00761	0.00751	0.00979	0.00613	0.00564	0.01077	0.01691	0.02084	0.18033	0.06589	0.59325	0.01744	0.00841	0.00238	0.00356	0.01466	0.00682	0.00613
3	0.02563	0.12582	0.02237	0.01756	0.02154	0.63274	0.01356	0.02753	0.01945	0.01734	0.01087	0.01266	0.00917	0.00718	0.00618	0.00179	0.01217	0.00449	0.00359	0.00837
4	0.01024	0.00738	0.01018	0.01018	0.01101	0.00821	0.00732	0.01190	0.01107	0.01559	0.02023	0.03439	0.02059	0.29333	0.48542	0.00988	0.01488	0.00857	0.00399	0.00565
5	0.68806	0.01390	0.01185	0.05559	0.01652	0.01601	0.00883	0.04905	0.01347	0.05786	0.01109	0.01276	0.00839	0.00681	0.00480	0.00221	0.00588	0.00425	0.00461	0.00808
6	0.01658	0.01598	0.02760	0.20966	0.52008	0.01670	0.04757	0.02101	0.01576	0.02202	0.01326	0.01802	0.01083	0.00652	0.00712	0.00219	0.00885	0.00642	0.00344	0.01040
7	0.00877	0.00640	0.00827	0.00955	0.01028	0.00589	0.00650	0.01026	0.01448	0.01922	0.10203	0.61399	0.11576	0.02118	0.00896	0.00278	0.00401	0.01905	0.00672	0.00589
8	0.00863	0.00669	0.00787	0.00870	0.01004	0.00593	0.00610	0.01022	0.01508	0.01915	0.08604	0.41830	0.33169	0.02008	0.00876	0.00265	0.00387	0.01762	0.00667	0.00593
9	0.01771	0.01530	0.01610	0.01449	0.01852	0.01771	0.01127	0.03784	0.69247	0.02979	0.02898	0.02657	0.02174	0.00966	0.00725	0.00242	0.00564	0.00805	0.00725	0.01127
10	0.01904	0.75404	0.03731	0.01218	0.01828	0.02818	0.01218	0.02132	0.01447	0.01675	0.00990	0.01142	0.00914	0.00609	0.00457	0.00152	0.00761	0.00381	0.00305	0.00914
11	0.01441	0.03595	0.67928	0.02078	0.03114	0.01661	0.05901	0.02256	0.01512	0.02256	0.01286	0.01524	0.00911	0.00673	0.00685	0.00226	0.01060	0.00542	0.00304	0.01048
12	0.00971	0.00726	0.00901	0.00857	0.01041	0.00656	0.00643	0.01272	0.01928	0.02648	0.56170	0.05660	0.20836	0.01533	0.00840	0.00228	0.00341	0.01336	0.00757	0.00656
13	0.00894	0.00639	0.00857	0.01022	0.01075	0.00602	0.00708	0.01038	0.01390	0.01848	0.03910	0.68114	0.04651	0.02205	0.00916	0.00293	0.00436	0.08155	0.00660	0.00586
14	0.03130	0.01316	0.01717	0.01316	0.01869	0.01200	0.01087	0.12041	0.02212	0.62210	0.02664	0.02329	0.01690	0.00878	0.00716	0.00219	0.00629	0.00706	0.00859	0.01212
15	0.02640	0.01090	0.01469	0.01168	0.01625	0.00950	0.00948	0.02925	0.02020	0.53862	0.17720	0.03201	0.05044	0.01037	0.00747	0.00222	0.00539	0.00867	0.00853	0.01074
16	0.01904	0.75404	0.03731	0.01218	0.01828	0.02818	0.01218	0.02132	0.01447	0.01675	0.00990	0.01142	0.00914	0.00609	0.00457	0.00152	0.00761	0.00381	0.00305	0.00914
17	0.01484	0.01503	0.04154	0.27606	0.04687	0.07823	0.05511	0.04354	0.01454	0.01900	0.01434	0.02109	0.01230	0.04978	0.17793	0.00471	0.09695	0.00673	0.00359	0.00784
18	0.01238	0.08587	0.01814	0.08266	0.16140	0.01181	0.03982	0.01486	0.01445	0.01929	0.02741	0.42238	0.03083	0.01527	0.00800	0.00252	0.00620	0.01391	0.00517	0.00763
19	0.00868	0.00620	0.00826	0.00991	0.01033	0.00578	0.00661	0.00991	0.01363	0.01818	0.03925	0.74510	0.04710	0.02231	0.00909	0.00289	0.00413	0.02024	0.00661	0.00578
20	0.00979	0.00705	0.00926	0.00916	0.01057	0.00652	0.00670	0.01270	0.01879	0.02639	0.56329	0.19765	0.06299	0.01618	0.00854	0.00238	0.00352	0.01442	0.00758	0.00652
21	0.01628	0.11675	0.47074	0.02187	0.08559	0.05346	0.07462	0.04061	0.01597	0.02231	0.01265	0.01510	0.00945	0.00667	0.00665	0.00215	0.01017	0.00543	0.00325	0.01028
22	0.02401	0.01219	0.01805	0.01423	0.01912	0.01100	0.09842	0.02804	0.05630	0.42430	0.03399	0.03459	0.12743	0.01070	0.00771	0.00235	0.00647	0.05319	0.00753	0.01039
23	0.03067	0.01240	0.01649	0.01283	0.01821	0.01112	0.01054	0.03498	0.08069	0.64921	0.02817	0.02445	0.01800	0.00889	0.00717	0.00222	0.00602	0.00724	0.00867	0.01204
24	0.01725	0.01654	0.02823	0.10552	0.64645	0.01682	0.02167	0.02152	0.01604	0.02281	0.01333	0.01775	0.01112	0.00641	0.00706	0.00214	0.00855	0.00634	0.00349	0.01098
25	0.01662	0.01581	0.02686	0.12992	0.58503	0.01619	0.02079	0.02076	0.01583	0.02235	0.01466	0.05598	0.01293	0.00728	0.00717	0.00219	0.00836	0.00707	0.00364	0.01056
26	0.02469	0.02299	0.01921	0.01630	0.02062	0.30778	0.03153	0.18038	0.08392	0.11777	0.06463	0.02179	0.01720	0.00889	0.00706	0.00210	0.00924	0.02821	0.00586	0.00981
27	0.01465	0.01154	0.01484	0.03598	0.07841	0.01237	0.01194	0.08766	0.15904	0.02475	0.02950	0.10506	0.02927	0.05490	0.03698	0.00332	0.00704	0.26819	0.00617	0.00838
28	0.02165	0.50480	0.03138	0.01432	0.01957	0.26803	0.01273	0.02378	0.01644	0.01699	0.01028	0.01191	0.00915	0.00652	0.00521	0.00163	0.00942	0.00408	0.00326	0.00883
29	0.00969	0.00717	0.00879	0.00852	0.01012	0.00654	0.00619	0.01228	0.01801	0.02459	0.46779	0.08975	0.19514	0.09068	0.01128	0.00278	0.00381	0.01343	0.00716	0.00628
30	0.03195	0.01212	0.01652	0.01267	0.01818	0.01047	0.01047	0.03470	0.02038	0.71026	0.02809	0.02424	0.01763	0.00881	0.00716	0.00220	0.00606	0.00716	0.00881	0.01212

[dist]
# distance from previous block
# <min> <max>
0	9

[block]
# block no. 10 follows, 29 sequences, length 155
# corresponding to MSA columns:
# 791-801,828-845,850-858,860-976
name=unknown_K
#
# <colnr> <probs for GDERKNQSTAVLIFYWHMCP>
#	G	D	E	R	K	N	Q	S	T	A	V	L	I	F	Y	W	H	M	C	P
0	0.01465	0.03004	0.49201	0.02145	0.05376	0.01697	0.09277	0.02141	0.01494	0.02215	0.04398	0.01739	0.01199	0.00779	0.00925	0.00238	0.10773	0.00611	0.00332	0.00991
1	0.45348	0.21003	0.01943	0.03639	0.01716	0.07646	0.01031	0.02129	0.01338	0.02533	0.01006	0.01215	0.00837	0.00694	0.00596	0.00206	0.05505	0.00414	0.00386	0.00814
2	0.02541	0.02332	0.02011	0.01669	0.02133	0.24148	0.01325	0.34410	0.12103	0.05458	0.01697	0.01727	0.01263	0.00845	0.00741	0.00211	0.03114	0.00609	0.00598	0.01065
3	0.01742	0.01746	0.02697	0.17302	0.47842	0.07191	0.04339	0.02153	0.01598	0.02160	0.01296	0.01750	0.01069	0.00677	0.00763	0.00219	0.03462	0.00627	0.00345	0.01021
4	0.00868	0.00620	0.00826	0.00991	0.01033	0.00578	0.00661	0.00991	0.01363	0.01818	0.03925	0.74510	0.04710	0.02231	0.00909	0.00289	0.00413	0.02024	0.00661	0.00578
5	0.00944	0.00784	0.00841	0.00829	0.01061	0.00714	0.00623	0.01289	0.07060	0.02100	0.13801	0.09265	0.51660	0.01858	0.03717	0.00277	0.00439	0.01416	0.00669	0.00652
6	0.01008	0.00728	0.00952	0.00896	0.01064	0.00672	0.00672	0.01344	0.02016	0.02855	0.70158	0.05319	0.06719	0.01456	0.00840	0.00224	0.00336	0.01288	0.00784	0.00672
7	0.03195	0.01212	0.01652	0.01267	0.01818	0.01047	0.01047	0.03470	0.02038	0.71026	0.02809	0.02424	0.01763	0.00881	0.00716	0.00220	0.00606	0.00716	0.00881	0.01212
