[name]
unknown

[dist]
# distance from previous block
# <min> <max>
0	29

[block]
# block no. 0 follows, 33 sequences, length 68
# corresponding to MSA columns:
# 32-99
name=unknown_A
#
# <colnr> <probs for GDERKNQSTAVLIFYWHMCP>
#	G	D	E	R	K	N	Q	S	T	A	V	L	I	F	Y	W	H	M	C	P
0	0.06417	0.04434	0.36991	0.04171	0.02404	0.06141	0.04401	0.06202	0.01589	0.11284	0.03550	0.01865	0.01246	0.00729	0.00632	0.00205	0.00839	0.03525	0.00414	0.02959
1	0.05320	0.16365	0.24298	0.09019	0.04127	0.03984	0.06719	0.12986	0.01666	0.02301	0.03412	0.01562	0.01095	0.00825	0.03416	0.00227	0.00873	0.00534	0.00371	0.00900
2	0.01510	0.03467	0.01449	0.01275	0.01471	0.12299	0.00986	0.02008	0.15440	0.05218	0.04429	0.15384	0.06677	0.05229	0.01154	0.00253	0.17035	0.00905	0.03064	0.00746
3	0.00911	0.00721	0.00820	0.00813	0.00997	0.00669	0.00604	0.01248	0.07145	0.02087	0.25244	0.12573	0.35249	0.04720	0.00888	0.00242	0.00368	0.03454	0.00640	0.00607
4	0.00930	0.00732	0.01056	0.11105	0.06395	0.00740	0.00856	0.01108	0.01290	0.01717	0.04891	0.52631	0.05947	0.06239	0.00950	0.00275	0.00488	0.01521	0.00539	0.00591
5	0.09335	0.01100	0.06464	0.01094	0.01335	0.03752	0.00908	0.01513	0.03859	0.04237	0.01691	0.04081	0.01554	0.09505	0.39441	0.04408	0.01238	0.00675	0.00389	0.03422
6	0.08190	0.01856	0.19231	0.01382	0.01933	0.01454	0.01339	0.22172	0.07574	0.14204	0.02027	0.07918	0.03736	0.00878	0.00645	0.00209	0.00674	0.00701	0.02910	0.00965
7	0.00811	0.00657	0.00723	0.00745	0.00928	0.00568	0.00553	0.00993	0.01510	0.01878	0.14258	0.16761	0.51437	0.01693	0.00792	0.00230	0.00348	0.03928	0.00625	0.00563
8	0.00922	0.00627	0.00811	0.00900	0.00999	0.00575	0.00632	0.01077	0.01391	0.05106	0.11216	0.54505	0.12539	0.01873	0.00820	0.00254	0.00385	0.04159	0.00632	0.00576
9	0.16315	0.00954	0.01024	0.00929	0.01196	0.00976	0.00715	0.05429	0.06232	0.12683	0.07834	0.05333	0.11366	0.14321	0.01115	0.00288	0.00503	0.05546	0.06526	0.00715
10	0.01067	0.00677	0.00836	0.00852	0.00954	0.00638	0.00586	0.01193	0.01313	0.07457	0.11525	0.23049	0.09960	0.29703	0.01754	0.00392	0.00496	0.06437	0.00562	0.00549
11	0.01186	0.00900	0.01030	0.00994	0.01209	0.00907	0.00756	0.12433	0.07848	0.02340	0.11480	0.25907	0.20584	0.01532	0.00770	0.00235	0.00444	0.06311	0.02440	0.00695
12	0.01073	0.00639	0.00830	0.00825	0.00893	0.00628	0.00563	0.01051	0.04313	0.01471	0.05493	0.05311	0.13013	0.09636	0.02058	0.46692	0.00510	0.00817	0.03773	0.00411
13	0.01193	0.00756	0.00910	0.00902	0.01085	0.00706	0.00664	0.05677	0.01542	0.09964	0.07780	0.32273	0.20355	0.04904	0.00881	0.00252	0.00423	0.03860	0.05225	0.00649
14	0.01139	0.02368	0.46560	0.01501	0.02139	0.01169	0.01747	0.01670	0.01369	0.01969	0.05325	0.20655	0.04775	0.03703	0.00787	0.00239	0.00758	0.00917	0.00399	0.00811
15	0.01511	0.01504	0.01394	0.01276	0.01485	0.21362	0.03818	0.04911	0.05866	0.01723	0.01689	0.05250	0.01609	0.15242	0.24795	0.03644	0.01156	0.00711	0.00398	0.00657
16	0.01053	0.00713	0.00854	0.00883	0.01011	0.00679	0.00617	0.05768	0.01438	0.05089	0.05783	0.41142	0.15404	0.11395	0.01113	0.00293	0.00432	0.01452	0.04288	0.00593
17	0.01069	0.00583	0.00831	0.00850	0.00861	0.00576	0.00561	0.00892	0.00965	0.01293	0.04600	0.12320	0.01919	0.10009	0.02346	0.58266	0.00542	0.00812	0.00360	0.00345
18	0.01428	0.05412	0.60025	0.01894	0.05404	0.07684	0.02223	0.02093	0.01421	0.02012	0.01182	0.01414	0.00872	0.00778	0.03204	0.00233	0.01003	0.00489	0.00288	0.00941
19	0.00980	0.00740	0.00956	0.00972	0.01096	0.00736	0.02406	0.04326	0.04032	0.01823	0.05407	0.35972	0.12164	0.12675	0.09691	0.00399	0.00618	0.03870	0.00552	0.00585
20	0.00940	0.00705	0.01058	0.01058	0.01176	0.00823	0.00823	0.01176	0.01058	0.01528	0.01763	0.02586	0.01646	0.04937	0.74255	0.01058	0.01763	0.00705	0.00353	0.00588
21	0.00797	0.00591	0.00745	0.00868	0.00942	0.00539	0.00589	0.00922	0.01308	0.01700	0.04225	0.62683	0.17720	0.01985	0.00828	0.00259	0.00372	0.01777	0.00611	0.00539
22	0.02226	0.07247	0.01867	0.01396	0.01856	0.06611	0.01139	0.35628	0.18195	0.10797	0.01939	0.04936	0.01474	0.00846	0.00647	0.00201	0.00676	0.00659	0.00627	0.01034
23	0.00962	0.00710	0.00956	0.11372	0.01450	0.00716	0.00757	0.01119	0.01285	0.03536	0.05359	0.31230	0.17235	0.10729	0.05893	0.03734	0.00572	0.01303	0.00519	0.00562
24	0.01243	0.01170	0.01975	0.75282	0.04534	0.01463	0.01828	0.01682	0.01316	0.01682	0.01170	0.01755	0.00878	0.00658	0.00658	0.00219	0.00878	0.00585	0.00293	0.00731
25	0.01554	0.01776	0.03885	0.02775	0.03441	0.01665	0.70366	0.02109	0.01554	0.02109	0.01332	0.01776	0.00999	0.00555	0.00777	0.00222	0.01110	0.00777	0.00333	0.00888
26	0.01115	0.00976	0.01421	0.27932	0.02379	0.01154	0.01169	0.01448	0.04016	0.01804	0.11179	0.09938	0.09915	0.06682	0.05591	0.00313	0.10963	0.00910	0.00438	0.00658
27	0.01729	0.04602	0.02113	0.18254	0.25314	0.13638	0.01556	0.06413	0.04529	0.04510	0.01402	0.04117	0.01190	0.03959	0.00816	0.00221	0.03766	0.00616	0.00383	0.00872
28	0.00933	0.00722	0.00983	0.01146	0.07817	0.00672	0.00736	0.01163	0.01568	0.02142	0.32786	0.30233	0.13474	0.01569	0.00787	0.00229	0.00384	0.01400	0.00632	0.00622
29	0.03578	0.00740	0.01012	0.01025	0.01180	0.00780	0.00806	0.01344	0.01278	0.06776	0.05253	0.11726	0.05478	0.05364	0.35619	0.00645	0.01093	0.13077	0.02604	0.00622
30	0.01501	0.01632	0.07179	0.08788	0.32056	0.03815	0.15001	0.02013	0.06097	0.02068	0.01725	0.04104	0.04551	0.00766	0.00741	0.00215	0.03136	0.03325	0.00375	0.00911
31	0.01657	0.01624	0.04867	0.16260	0.17206	0.07516	0.08532	0.06421	0.17045	0.04429	0.01686	0.02043	0.01329	0.00884	0.03223	0.00241	0.00835	0.02841	0.00440	0.00918
32	0.01728	0.01382	0.04679	0.01243	0.01560	0.07121	0.00997	0.11578	0.17034	0.12544	0.04031	0.21025	0.02337	0.03247	0.00820	0.00234	0.03037	0.00966	0.03582	0.00855
33	0.01533	0.04057	0.09078	0.01669	0.12569	0.11425	0.01212	0.02053	0.10849	0.06986	0.17808	0.13137	0.02791	0.01041	0.00691	0.00209	0.00644	0.00891	0.00530	0.00827
34	0.01660	0.15462	0.18549	0.02204	0.20506	0.08276	0.04050	0.02231	0.09263	0.04091	0.01415	0.03984	0.01167	0.00709	0.00671	0.00197	0.03686	0.00576	0.00369	0.00935
35	0.00907	0.00699	0.00863	0.03388	0.01101	0.00638	0.00640	0.01146	0.01607	0.02159	0.35739	0.12694	0.24349	0.04652	0.00881	0.00236	0.00375	0.03616	0.00635	0.03675
36	0.01365	0.01170	0.01365	0.00975	0.01560	0.00878	0.00780	0.01658	0.01365	0.02145	0.01170	0.01365	0.00975	0.00488	0.00488	0.00098	0.00488	0.00390	0.00390	0.80888
37	0.04090	0.09224	0.15868	0.09175	0.13202	0.04693	0.04154	0.06404	0.01576	0.08742	0.03126	0.03484	0.03157	0.00707	0.00613	0.00188	0.00754	0.00588	0.00410	0.09845
38	0.01699	0.12076	0.39404	0.01581	0.02315	0.03661	0.01785	0.14731	0.01766	0.07071	0.04241	0.01741	0.03633	0.00726	0.00619	0.00197	0.00824	0.00557	0.00414	0.00960
39	0.00814	0.00591	0.00769	0.00889	0.00953	0.00546	0.00604	0.00954	0.01344	0.01792	0.11320	0.63515	0.09566	0.01956	0.00829	0.00257	0.00371	0.01762	0.00623	0.00546
40	0.01509	0.12452	0.12647	0.07943	0.30248	0.01649	0.06162	0.02028	0.06267	0.02081	0.07023	0.01849	0.01448	0.00693	0.00685	0.00199	0.03215	0.00611	0.00365	0.00927
41	0.19200	0.21755	0.09643	0.01429	0.05091	0.08641	0.01250	0.12947	0.03794	0.06034	0.01210	0.01333	0.00944	0.00673	0.00589	0.00187	0.03518	0.00459	0.00415	0.00890
42	0.01203	0.00884	0.01122	0.01062	0.01222	0.00948	0.00829	0.03806	0.03672	0.07139	0.15620	0.19692	0.16350	0.01476	0.01016	0.00243	0.13452	0.06622	0.02969	0.00672
43	0.00952	0.00703	0.00921	0.01035	0.01180	0.00672	0.00850	0.01194	0.01480	0.01905	0.06799	0.19616	0.17716	0.01814	0.00865	0.00277	0.00500	0.40323	0.00613	0.00584
44	0.03931	0.08087	0.04705	0.01619	0.06543	0.15823	0.01260	0.24420	0.18823	0.02798	0.01612	0.01647	0.01227	0.00739	0.00615	0.00190	0.00762	0.00559	0.00516	0.04122
45	0.01640	0.09255	0.20977	0.02612	0.28836	0.03773	0.08664	0.04687	0.04216	0.04235	0.01301	0.01552	0.01014	0.00616	0.00629	0.00193	0.00839	0.00554	0.00353	0.04054
46	0.01563	0.25516	0.42082	0.01695	0.04823	0.07586	0.01891	0.02134	0.03543	0.01909	0.01136	0.01314	0.00881	0.00618	0.00564	0.00185	0.00888	0.00452	0.00297	0.00922
47	0.01435	0.01399	0.06708	0.01422	0.04950	0.01381	0.03205	0.02730	0.44524	0.02573	0.14681	0.04754	0.05401	0.00987	0.00696	0.00219	0.00537	0.00850	0.00621	0.00928
48	0.00952	0.00661	0.00836	0.00836	0.00877	0.00702	0.00546	0.01033	0.00992	0.01364	0.01967	0.03712	0.02134	0.51951	0.27910	0.00784	0.01028	0.00870	0.00383	0.00464
49	0.01590	0.15159	0.22802	0.03802	0.09556	0.05332	0.08730	0.06768	0.04251	0.02056	0.01289	0.03586	0.01077	0.02445	0.00840	0.00215	0.08681	0.00578	0.00347	0.00894
50	0.01664	0.01575	0.02645	0.03942	0.69980	0.01583	0.01990	0.04712	0.01562	0.02229	0.01252	0.01627	0.01046	0.00595	0.00652	0.00196	0.00780	0.00587	0.00339	0.01046
51	0.02837	0.01235	0.01590	0.01227	0.01733	0.01147	0.01011	0.12850	0.04794	0.60571	0.02455	0.02155	0.01572	0.00814	0.00662	0.00204	0.00582	0.00655	0.00787	0.01117
52	0.01278	0.01208	0.02025	0.67417	0.09219	0.01491	0.01827	0.01702	0.01317	0.01711	0.01163	0.01734	0.00889	0.00672	0.00716	0.00220	0.03777	0.00585	0.00295	0.00753
53	0.01299	0.03849	0.01395	0.01395	0.08773	0.00972	0.04085	0.06816	0.04009	0.07605	0.10527	0.36709	0.07001	0.01447	0.00758	0.00232	0.00504	0.01298	0.00590	0.00735
54	0.00940	0.00705	0.01058	0.01058	0.01176	0.00823	0.00823	0.01176	0.01058	0.01528	0.01763	0.02586	0.01646	0.04937	0.74255	0.01058	0.01763	0.00705	0.00353	0.00588
55	0.37469	0.01240	0.01298	0.01081	0.01501	0.01314	0.00888	0.09391	0.01607	0.27737	0.01761	0.04672	0.01320	0.00812	0.00612	0.00211	0.02955	0.02654	0.00587	0.00889
56	0.00831	0.00639	0.00869	0.02626	0.01100	0.00594	0.02734	0.00975	0.01312	0.01711	0.04030	0.60322	0.15978	0.01916	0.00823	0.00257	0.00407	0.01725	0.00595	0.00554
57	0.01831	0.69335	0.03267	0.01151	0.01690	0.02471	0.01126	0.02043	0.01364	0.06503	0.01030	0.01151	0.00900	0.00601	0.00500	0.00150	0.03327	0.00381	0.00319	0.00859
58	0.01535	0.01490	0.02604	0.20216	0.51962	0.01549	0.07118	0.01950	0.01461	0.02041	0.01230	0.01669	0.01002	0.00601	0.00663	0.00203	0.00829	0.00601	0.00319	0.00960
59	0.02090	0.01965	0.10738	0.01430	0.01886	0.16845	0.01250	0.20497	0.06422	0.13754	0.03405	0.07749	0.01651	0.00908	0.00662	0.00204	0.00761	0.03527	0.03330	0.00926
60	0.04236	0.02046	0.05321	0.02340	0.22058	0.20548	0.06799	0.09806	0.11403	0.02297	0.01452	0.03287	0.01180	0.00729	0.00702	0.00201	0.03648	0.00599	0.00419	0.00930
61	0.00958	0.00646	0.00768	0.00773	0.00796	0.00662	0.00472	0.01006	0.00994	0.01362	0.02077	0.06198	0.02319	0.61398	0.13982	0.00677	0.00792	0.00937	0.02745	0.00438
62	0.31057	0.02087	0.13865	0.03384	0.05900	0.13805	0.01318	0.16831	0.01742	0.02760	0.01146	0.01303	0.00866	0.00663	0.00550	0.00197	0.00773	0.00459	0.00420	0.00872
63	0.00978	0.03754	0.00972	0.03725	0.01185	0.02895	0.00710	0.01207	0.03086	0.01818	0.09459	0.13443	0.33586	0.08583	0.01018	0.00273	0.00473	0.11683	0.00567	0.00587
64	0.01037	0.00682	0.00807	0.00778	0.00915	0.00629	0.00540	0.01201	0.01443	0.06549	0.24186	0.09206	0.19602	0.25403	0.01582	0.00349	0.00440	0.01152	0.02937	0.00563
65	0.01667	0.01776	0.09408	0.05933	0.41766	0.03974	0.08820	0.04086	0.01513	0.05097	0.01262	0.01617	0.01014	0.00666	0.00815	0.00209	0.08466	0.00593	0.00348	0.00972
66	0.03825	0.26980	0.09647	0.01322	0.01830	0.09747	0.01227	0.14454	0.04470	0.09726	0.01565	0.04857	0.01301	0.00779	0.00576	0.00184	0.00733	0.03066	0.02810	0.00903
67	0.00918	0.00706	0.00825	0.00858	0.00992	0.00677	0.00603	0.01240	0.08494	0.01918	0.14846	0.31276	0.22001	0.10256	0.01083	0.00284	0.00401	0.01421	0.00611	0.00589

[dist]
# distance from previous block
# <min> <max>
0	1

[block]
# block no. 1 follows, 33 sequences, length 27
# corresponding to MSA columns:
# 101-127
name=unknown_B
#
# <colnr> <probs for GDERKNQSTAVLIFYWHMCP>
#	G	D	E	R	K	N	Q	S	T	A	V	L	I	F	Y	W	H	M	C	P
0	0.01029	0.00735	0.00966	0.01010	0.02956	0.00792	0.00720	0.01193	0.01163	0.01661	0.02408	0.07759	0.06755	0.21958	0.21912	0.02737	0.05297	0.07710	0.10688	0.00551
1	0.05446	0.25517	0.02362	0.01346	0.01872	0.02137	0.01171	0.40890	0.05035	0.06037	0.01428	0.01455	0.01071	0.00716	0.00575	0.00181	0.00695	0.00516	0.00537	0.01014
2	0.01196	0.03492	0.04632	0.01181	0.03513	0.07412	0.02745	0.01654	0.10020	0.02108	0.18871	0.11411	0.19993	0.01324	0.00745	0.00223	0.00534	0.07666	0.00577	0.00702
3	0.03466	0.00782	0.00873	0.00833	0.01060	0.00732	0.00628	0.03478	0.05286	0.08575	0.13081	0.15661	0.32713	0.01428	0.00727	0.00218	0.00383	0.01211	0.08203	0.00665
4	0.00895	0.00758	0.03102	0.00835	0.01010	0.00650	0.00634	0.01157	0.04271	0.01928	0.14746	0.23906	0.30229	0.05744	0.03120	0.00276	0.00429	0.01352	0.04371	0.00588
5	0.07393	0.01515	0.01383	0.01244	0.01567	0.13553	0.00966	0.12201	0.21449	0.04538	0.05886	0.09455	0.08559	0.01232	0.04058	0.00252	0.00682	0.02653	0.00574	0.00841
6	0.01669	0.01315	0.01476	0.01271	0.01636	0.01435	0.02657	0.18304	0.32601	0.02876	0.04485	0.08030	0.02076	0.00971	0.00667	0.00210	0.00547	0.03964	0.08232	0.05578
7	0.03376	0.00751	0.00886	0.00854	0.01072	0.00684	0.00651	0.01399	0.03595	0.10239	0.22028	0.14909	0.30546	0.01498	0.00766	0.00226	0.00385	0.04821	0.00659	0.00655
8	0.01061	0.01487	0.21278	0.01152	0.01531	0.00950	0.01137	0.01514	0.06569	0.01917	0.08522	0.10592	0.17365	0.13091	0.04604	0.00330	0.00661	0.05061	0.00485	0.00693
9	0.00845	0.00650	0.00840	0.01009	0.04258	0.00597	0.00667	0.00994	0.01344	0.01740	0.04290	0.52137	0.21593	0.01883	0.00819	0.00254	0.00398	0.04520	0.00598	0.00567
10	0.01028	0.00758	0.01009	0.01010	0.01141	0.00817	0.00753	0.05205	0.04288	0.01827	0.06950	0.20758	0.05841	0.05829	0.35662	0.03918	0.01070	0.01048	0.00481	0.00607
11	0.01442	0.01112	0.01173	0.01177	0.05022	0.06405	0.00819	0.07371	0.13060	0.04907	0.04134	0.10719	0.05282	0.15196	0.03255	0.00310	0.00596	0.02717	0.14578	0.00727
12	0.32813	0.01222	0.01153	0.05074	0.05664	0.08596	0.00836	0.01617	0.01178	0.02066	0.01385	0.05513	0.01350	0.15960	0.05746	0.07484	0.00716	0.00618	0.00383	0.00624
13	0.21747	0.00844	0.00905	0.00857	0.01064	0.00859	0.00628	0.01506	0.01274	0.10603	0.07303	0.14665	0.07731	0.13037	0.01267	0.09416	0.00485	0.00905	0.04292	0.00613
14	0.00916	0.00697	0.00844	0.00846	0.00971	0.00673	0.00608	0.01073	0.01339	0.01772	0.14076	0.15341	0.22163	0.19514	0.07114	0.00392	0.03064	0.05076	0.00541	0.02980
15	0.01755	0.00973	0.01297	0.01115	0.01373	0.01002	0.00874	0.05405	0.01497	0.25828	0.07250	0.04967	0.02038	0.12058	0.19312	0.00479	0.08095	0.00768	0.00560	0.03355
16	0.01084	0.00916	0.01301	0.04780	0.05828	0.01008	0.02938	0.01415	0.05225	0.01875	0.12236	0.07144	0.13207	0.05466	0.20341	0.00469	0.09233	0.04400	0.00476	0.00661
17	0.01155	0.00739	0.00964	0.00920	0.01093	0.00694	0.02531	0.01350	0.01434	0.09586	0.14344	0.13362	0.16112	0.16198	0.06038	0.00362	0.00558	0.07684	0.04261	0.00613
18	0.01144	0.00572	0.00858	0.00858	0.00858	0.00572	0.00572	0.00858	0.00858	0.01144	0.01144	0.02001	0.01144	0.02287	0.02573	0.80846	0.00572	0.00572	0.00286	0.00286
19	0.01812	0.08114	0.08444	0.03836	0.05043	0.15605	0.18864	0.06584	0.04015	0.07758	0.01761	0.05473	0.04310	0.00805	0.00714	0.00206	0.02839	0.02524	0.00426	0.00865
20	0.01219	0.01023	0.04791	0.09264	0.05455	0.00995	0.03838	0.01525	0.07269	0.04082	0.02221	0.06199	0.08991	0.02088	0.15021	0.19757	0.02401	0.02809	0.00413	0.00640
21	0.17539	0.01545	0.01667	0.01301	0.01801	0.01650	0.01075	0.39766	0.02402	0.22216	0.01724	0.01659	0.01178	0.00763	0.00612	0.00200	0.00640	0.00566	0.00653	0.01043
22	0.04460	0.01457	0.16192	0.03820	0.09796	0.01054	0.03454	0.01676	0.04835	0.05379	0.12282	0.12979	0.15824	0.01157	0.00715	0.00221	0.00595	0.02818	0.00510	0.00776
23	0.08327	0.16713	0.09880	0.01480	0.03366	0.05787	0.08570	0.08086	0.01591	0.05092	0.10003	0.02187	0.01759	0.03311	0.03926	0.00250	0.05217	0.03208	0.00431	0.00819
24	0.00818	0.00637	0.00735	0.00776	0.00926	0.00564	0.00557	0.00971	0.01432	0.01810	0.12225	0.27008	0.40802	0.01865	0.02911	0.02949	0.00394	0.01467	0.00605	0.00548
25	0.03886	0.01195	0.01262	0.01097	0.01408	0.07604	0.00854	0.11061	0.05764	0.18041	0.22956	0.10753	0.09067	0.01152	0.00710	0.00210	0.00525	0.00966	0.00668	0.00821
26	0.05615	0.09735	0.18540	0.01818	0.13863	0.07388	0.01488	0.07266	0.01631	0.10990	0.03511	0.01733	0.03379	0.00689	0.00597	0.00183	0.00746	0.00545	0.00428	0.09854

[dist]
# distance from previous block
# <min> <max>
3	9

[block]
# block no. 2 follows, 33 sequences, length 18
# corresponding to MSA columns:
# 137-154
name=unknown_C
#
# <colnr> <probs for GDERKNQSTAVLIFYWHMCP>
#	G	D	E	R	K	N	Q	S	T	A	V	L	I	F	Y	W	H	M	C	P
0	0.01320	0.03405	0.73453	0.01876	0.02849	0.01529	0.02432	0.02085	0.01390	0.02085	0.01181	0.01390	0.00834	0.00625	0.00625	0.00208	0.00973	0.00486	0.00278	0.00973
1	0.00867	0.00711	0.00774	0.00781	0.00989	0.00637	0.00598	0.01149	0.05194	0.01939	0.13357	0.08918	0.52310	0.01621	0.00787	0.00230	0.00368	0.07551	0.00627	0.00592
2	0.01227	0.01029	0.01296	0.01272	0.04556	0.05501	0.05006	0.04222	0.03335	0.04659	0.11011	0.27266	0.10942	0.05239	0.05814	0.00308	0.04900	0.01202	0.00543	0.00673
3	0.01059	0.00903	0.01207	0.04186	0.01405	0.00926	0.05127	0.01522	0.10382	0.02213	0.29019	0.08543	0.22910	0.01326	0.00860	0.00224	0.05768	0.01133	0.00606	0.00679
4	0.05788	0.01764	0.01870	0.01464	0.01966	0.01965	0.01201	0.58981	0.11822	0.03918	0.01693	0.01671	0.01217	0.00796	0.00649	0.00201	0.00689	0.00602	0.00649	0.01092
5	0.04628	0.00913	0.01086	0.00935	0.01254	0.00874	0.00744	0.04073	0.04890	0.25208	0.02449	0.04115	0.04784	0.01127	0.05207	0.00239	0.00530	0.02624	0.29316	0.05004
6	0.06349	0.00745	0.00862	0.00829	0.01018	0.00702	0.00610	0.01339	0.03455	0.07082	0.28355	0.14380	0.21795	0.08372	0.00987	0.00259	0.00392	0.01208	0.00634	0.00624
7	0.01097	0.00678	0.00797	0.00784	0.00850	0.00694	0.00514	0.04022	0.01145	0.01667	0.01985	0.06402	0.02045	0.38581	0.08191	0.11253	0.00644	0.00836	0.17335	0.00481
8	0.04911	0.00752	0.00904	0.00950	0.01121	0.00731	0.00749	0.04171	0.01549	0.02125	0.13832	0.21407	0.17980	0.01626	0.00794	0.00249	0.00446	0.21102	0.03993	0.00610
9	0.01028	0.00748	0.00894	0.00904	0.01033	0.00747	0.00638	0.03861	0.08768	0.02111	0.20664	0.30317	0.07117	0.12589	0.01145	0.00291	0.00422	0.01314	0.04792	0.00616
10	0.00860	0.00667	0.00774	0.00818	0.00958	0.00613	0.00583	0.01089	0.04386	0.01857	0.12703	0.30040	0.31820	0.06799	0.00971	0.00266	0.00383	0.03231	0.00612	0.00567
11	0.01183	0.01007	0.01083	0.01123	0.03843	0.05465	0.00823	0.05111	0.09866	0.02076	0.09262	0.14351	0.22603	0.06314	0.00939	0.00262	0.00518	0.12908	0.00587	0.00675
12	0.04114	0.02142	0.01645	0.04160	0.01895	0.33909	0.01132	0.13463	0.16474	0.02288	0.01818	0.04913	0.03971	0.04278	0.00759	0.00215	0.00856	0.00640	0.00483	0.00843
13	0.01126	0.00833	0.00962	0.00925	0.01139	0.00816	0.00691	0.04172	0.12804	0.05591	0.20784	0.20671	0.23986	0.01481	0.00764	0.00227	0.00394	0.01282	0.00659	0.00693
14	0.00963	0.00735	0.00865	0.00863	0.01000	0.00725	0.00623	0.04652	0.01393	0.01806	0.07797	0.17766	0.27022	0.17641	0.08089	0.00396	0.02765	0.03792	0.00542	0.00562
15	0.16265	0.01904	0.06093	0.01372	0.01809	0.15787	0.01147	0.26950	0.05374	0.05879	0.01587	0.07275	0.01308	0.00976	0.03211	0.00231	0.00786	0.00624	0.00520	0.00901
16	0.01380	0.04095	0.07715	0.01193	0.01533	0.05850	0.00999	0.02342	0.32377	0.02193	0.06045	0.05192	0.12511	0.08406	0.04997	0.00301	0.00648	0.00853	0.00550	0.00820
17	0.00922	0.00697	0.00810	0.00805	0.00944	0.00659	0.00566	0.01199	0.05869	0.01997	0.26094	0.14488	0.23129	0.17345	0.01319	0.00311	0.00408	0.01258	0.00607	0.00572

[dist]
# distance from previous block
# <min> <max>
0	1

[block]
# block no. 3 follows, 33 sequences, length 23
# corresponding to MSA columns:
# 156-178
name=unknown_D
#
# <colnr> <probs for GDERKNQSTAVLIFYWHMCP>
#	G	D	E	R	K	N	Q	S	T	A	V	L	I	F	Y	W	H	M	C	P
0	0.01099	0.00910	0.01255	0.01580	0.18076	0.00878	0.00931	0.01446	0.05644	0.02126	0.19787	0.13596	0.20629	0.04282	0.00836	0.00232	0.00463	0.01123	0.04397	0.00709
1	0.08889	0.33102	0.05158	0.01252	0.01744	0.09626	0.01131	0.17325	0.01780	0.04224	0.01491	0.01600	0.04938	0.00909	0.04046	0.00215	0.00779	0.00502	0.00419	0.00870
2	0.00929	0.00694	0.00901	0.01051	0.03254	0.00682	0.00711	0.01195	0.06599	0.01773	0.03414	0.53669	0.05618	0.08317	0.01042	0.00296	0.00448	0.08234	0.00588	0.00585
3	0.01365	0.01170	0.01365	0.00975	0.01560	0.00878	0.00780	0.01658	0.01365	0.02145	0.01170	0.01365	0.00975	0.00488	0.00488	0.00098	0.00488	0.00390	0.00390	0.80888
4	0.00995	0.00670	0.00761	0.00770	0.00812	0.00666	0.00471	0.03426	0.01128	0.01532	0.02494	0.15820	0.05406	0.54664	0.02579	0.00518	0.00568	0.01089	0.05167	0.00465
5	0.04930	0.01754	0.05423	0.02312	0.25780	0.06984	0.01481	0.16031	0.20545	0.05514	0.01713	0.01800	0.01303	0.00727	0.00644	0.00203	0.00721	0.00607	0.00505	0.01024
6	0.00817	0.00660	0.00727	0.00728	0.00918	0.00570	0.00539	0.01014	0.01567	0.01978	0.22312	0.12191	0.50423	0.01624	0.00783	0.00223	0.00332	0.01384	0.00639	0.00570
7	0.00941	0.00703	0.01044	0.01044	0.01157	0.00815	0.00806	0.01167	0.01054	0.01518	0.01776	0.02657	0.01676	0.07886	0.71348	0.01041	0.01717	0.00716	0.00355	0.00580
8	0.14234	0.10829	0.03552	0.01533	0.07439	0.14061	0.01169	0.14932	0.01664	0.02326	0.01254	0.01590	0.01062	0.03257	0.12715	0.00344	0.06295	0.00521	0.00401	0.00820
9	0.01484	0.01266	0.01349	0.01224	0.01559	0.01429	0.00948	0.03023	0.57611	0.02660	0.11158	0.03066	0.08348	0.01010	0.00691	0.00221	0.00481	0.00850	0.00671	0.00953
10	0.00957	0.00638	0.00718	0.00718	0.00718	0.00638	0.00399	0.00957	0.00957	0.01276	0.02074	0.04308	0.02393	0.76864	0.03351	0.00638	0.00638	0.00957	0.00399	0.00399
11	0.00933	0.00669	0.00871	0.00823	0.00975	0.00617	0.00615	0.01217	0.01813	0.02553	0.67325	0.04867	0.08571	0.01392	0.00841	0.03109	0.00321	0.01176	0.00705	0.00607
12	0.00839	0.00618	0.00791	0.00909	0.00980	0.00583	0.00620	0.01035	0.03998	0.01782	0.07644	0.64384	0.09468	0.01948	0.00826	0.00259	0.00380	0.01755	0.00620	0.00560
13	0.01320	0.03405	0.73453	0.01876	0.02849	0.01529	0.02432	0.02085	0.01390	0.02085	0.01181	0.01390	0.00834	0.00625	0.00625	0.00208	0.00973	0.00486	0.00278	0.00973
14	0.01378	0.03000	0.56145	0.02100	0.02996	0.01563	0.19333	0.02091	0.01431	0.02091	0.01219	0.01486	0.00875	0.00608	0.00663	0.00212	0.01007	0.00559	0.00292	0.00952
15	0.01639	0.01610	0.02481	0.11508	0.57038	0.06022	0.01899	0.02103	0.05388	0.02100	0.01297	0.01662	0.01066	0.00617	0.00650	0.00198	0.00803	0.00585	0.00342	0.00992
16	0.01356	0.01313	0.01840	0.01601	0.01617	0.01806	0.01319	0.01506	0.01013	0.01565	0.01029	0.01700	0.01025	0.04510	0.11765	0.00403	0.63031	0.00608	0.00301	0.00690
17	0.73003	0.01488	0.05277	0.00965	0.01402	0.04968	0.00841	0.01977	0.01172	0.02838	0.00937	0.01094	0.00727	0.00615	0.00429	0.00202	0.00569	0.00367	0.00397	0.00731
18	0.00957	0.00638	0.00718	0.00718	0.00718	0.00638	0.00399	0.00957	0.00957	0.01276	0.02074	0.04308	0.02393	0.76864	0.03351	0.00638	0.00638	0.00957	0.00399	0.00399
19	0.02459	0.03138	0.01866	0.01696	0.02035	0.74221	0.01272	0.02629	0.01866	0.01611	0.01018	0.01187	0.00848	0.00678	0.00594	0.00170	0.01187	0.00424	0.00339	0.00763
20	0.01698	0.01715	0.02673	0.03761	0.62473	0.07944	0.05978	0.02079	0.01534	0.02101	0.01224	0.01599	0.01023	0.00593	0.00654	0.00195	0.00837	0.00584	0.00327	0.01009
21	0.01541	0.01866	0.07753	0.02725	0.03408	0.01657	0.66589	0.02107	0.01545	0.02107	0.01323	0.01754	0.00990	0.00559	0.00768	0.00221	0.01102	0.00761	0.00330	0.00893
22	0.01677	0.01376	0.01471	0.01315	0.01687	0.01572	0.01025	0.03410	0.65961	0.06109	0.04961	0.02527	0.02129	0.00904	0.00673	0.00222	0.00516	0.00755	0.00679	0.01032

[dist]
# distance from previous block
# <min> <max>
1	8

[block]
# block no. 4 follows, 33 sequences, length 123
# corresponding to MSA columns:
# 187-309
name=unknown_E
#
# <colnr> <probs for GDERKNQSTAVLIFYWHMCP>
#	G	D	E	R	K	N	Q	S	T	A	V	L	I	F	Y	W	H	M	C	P
0	0.01224	0.00777	0.00916	0.00839	0.01090	0.00696	0.00644	0.01531	0.05148	0.13799	0.25283	0.07363	0.35369	0.01406	0.00755	0.00216	0.00375	0.01195	0.00681	0.00691
1	0.01425	0.01238	0.02057	0.07629	0.45768	0.01255	0.01560	0.01659	0.01349	0.01889	0.03811	0.02025	0.03787	0.01159	0.03472	0.17383	0.00744	0.00636	0.00340	0.00815
2	0.01783	0.74840	0.03398	0.01145	0.01701	0.04943	0.01131	0.01993	0.01355	0.01551	0.00919	0.01060	0.00845	0.00567	0.00428	0.00142	0.00720	0.00354	0.00283	0.00842
3	0.01550	0.01787	0.07620	0.05509	0.18780	0.01626	0.45182	0.02142	0.05005	0.02134	0.01363	0.01753	0.01045	0.00587	0.00730	0.00215	0.00991	0.00709	0.00343	0.00930
4	0.00927	0.00670	0.00754	0.00771	0.00960	0.00578	0.00563	0.01089	0.01469	0.06337	0.07271	0.25076	0.47758	0.01712	0.00788	0.00233	0.00361	0.01469	0.00627	0.00588
5	0.01509	0.01418	0.02355	0.03495	0.60098	0.01418	0.01782	0.01907	0.03673	0.02104	0.01724	0.10368	0.03642	0.00798	0.00678	0.00205	0.00714	0.00763	0.00378	0.00970
6	0.13531	0.01353	0.01829	0.05474	0.17113	0.01391	0.04666	0.15457	0.01823	0.17818	0.04336	0.02144	0.03965	0.00838	0.00707	0.02910	0.00660	0.02514	0.00537	0.00934
7	0.00933	0.00635	0.00752	0.00773	0.00791	0.00635	0.00465	0.00975	0.01037	0.01395	0.04571	0.14477	0.02747	0.58969	0.07627	0.00599	0.00666	0.01078	0.00437	0.00438
8	0.01019	0.00667	0.00827	0.00848	0.00994	0.00601	0.00604	0.01190	0.01476	0.08098	0.17893	0.34315	0.21028	0.06149	0.00946	0.00261	0.00387	0.01459	0.00639	0.00600
9	0.00899	0.00649	0.00842	0.00840	0.00966	0.00600	0.00608	0.01150	0.01686	0.02352	0.52594	0.21238	0.07453	0.04050	0.00877	0.00236	0.00338	0.01343	0.00685	0.00592
10	0.21841	0.01478	0.01476	0.01237	0.01640	0.06164	0.03273	0.21472	0.12408	0.07427	0.02002	0.06327	0.04931	0.00865	0.00605	0.00206	0.00612	0.00673	0.04475	0.00888
11	0.01478	0.05539	0.08902	0.02249	0.02816	0.05109	0.45659	0.01981	0.03298	0.02006	0.01665	0.12974	0.01503	0.00804	0.00745	0.00221	0.00957	0.00879	0.00377	0.00837
12	0.01206	0.00760	0.00926	0.00876	0.01091	0.00695	0.00660	0.01503	0.05041	0.12598	0.25462	0.14994	0.24196	0.04138	0.00859	0.00238	0.00394	0.03017	0.00671	0.00676
13	0.00801	0.00635	0.00706	0.00754	0.00901	0.00556	0.00532	0.00943	0.01396	0.01734	0.06916	0.28691	0.44483	0.06701	0.00966	0.00264	0.00368	0.01511	0.00600	0.00540
14	0.01668	0.01180	0.01363	0.01236	0.01559	0.01262	0.00995	0.13973	0.25442	0.10352	0.07113	0.09302	0.05170	0.01208	0.00741	0.00236	0.00548	0.15097	0.00667	0.00890
15	0.03228	0.00687	0.00840	0.00849	0.00996	0.00635	0.00614	0.01180	0.01496	0.03995	0.26368	0.26244	0.13543	0.07759	0.00982	0.00261	0.00392	0.03998	0.02699	0.03234
16	0.01317	0.01113	0.01315	0.00988	0.01517	0.00853	0.00791	0.01601	0.01370	0.02110	0.01449	0.05482	0.01333	0.00656	0.00534	0.00120	0.00490	0.05085	0.00416	0.71461
17	0.00822	0.00626	0.00745	0.00803	0.00924	0.00561	0.00562	0.00980	0.01428	0.01848	0.15553	0.36324	0.29091	0.05463	0.00930	0.00260	0.00366	0.01545	0.00619	0.00549
18	0.05367	0.01033	0.01139	0.01020	0.01306	0.01059	0.00796	0.16240	0.08963	0.05140	0.17120	0.11965	0.21446	0.01305	0.00730	0.00220	0.00462	0.03276	0.00646	0.00765
19	0.02223	0.01269	0.01463	0.01175	0.01580	0.01311	0.00954	0.30396	0.02212	0.23424	0.02064	0.04014	0.01506	0.01032	0.04280	0.00234	0.00626	0.00657	0.18616	0.00964
20	0.30660	0.01117	0.01217	0.01029	0.01423	0.01132	0.00835	0.05689	0.01614	0.30365	0.08966	0.07348	0.01988	0.00912	0.00602	0.00211	0.00515	0.02878	0.00631	0.00868
21	0.01220	0.00808	0.00941	0.00870	0.01110	0.00749	0.00669	0.03529	0.05797	0.11077	0.21397	0.05028	0.32236	0.06571	0.00937	0.00249	0.00416	0.05063	0.00655	0.00680
22	0.00883	0.00701	0.00797	0.00777	0.00970	0.00634	0.00581	0.01187	0.05059	0.02166	0.32611	0.09065	0.39153	0.01521	0.00775	0.00218	0.00336	0.01302	0.00660	0.00605
23	0.01038	0.00661	0.00940	0.00985	0.03249	0.00684	0.00657	0.01037	0.01065	0.01471	0.08808	0.05515	0.02133	0.16804	0.20829	0.31639	0.00864	0.00788	0.00382	0.00452
24	0.00812	0.00697	0.00700	0.00694	0.00922	0.00599	0.00522	0.01047	0.04293	0.01817	0.06510	0.06181	0.69682	0.01636	0.00774	0.00222	0.00341	0.01364	0.00614	0.00575
25	0.00883	0.00671	0.00812	0.00777	0.00953	0.00600	0.00582	0.01147	0.01747	0.02364	0.51384	0.05371	0.27409	0.01449	0.00777	0.00212	0.00318	0.01254	0.00688	0.00600
26	0.01498	0.01511	0.02887	0.05387	0.31449	0.01475	0.29425	0.01943	0.01518	0.02090	0.01625	0.02598	0.01449	0.00769	0.00743	0.00224	0.00890	0.11247	0.00371	0.00902
27	0.01644	0.01561	0.01340	0.06352	0.01661	0.23454	0.00965	0.04520	0.01600	0.08217	0.02919	0.09778	0.19445	0.01459	0.05907	0.04245	0.02880	0.00873	0.00483	0.00697
28	0.77585	0.01302	0.01018	0.00898	0.01311	0.01505	0.00740	0.05348	0.01219	0.03013	0.00950	0.01095	0.00733	0.00620	0.00420	0.00203	0.00520	0.00368	0.00420	0.00733
29	0.81514	0.01273	0.00968	0.00866	0.01273	0.01477	0.00713	0.01935	0.01120	0.02954	0.00917	0.01069	0.00713	0.00611	0.00407	0.00204	0.00509	0.00356	0.00407	0.00713
30	0.05715	0.46923	0.08211	0.01379	0.04152	0.10148	0.03680	0.02087	0.01426	0.04597	0.01055	0.01207	0.00889	0.00589	0.00489	0.00157	0.00766	0.00408	0.00325	0.05799
31	0.01096	0.00911	0.01150	0.01117	0.01241	0.05945	0.02601	0.01283	0.01145	0.01538	0.01865	0.03142	0.01854	0.15533	0.44686	0.03654	0.03283	0.07005	0.00378	0.00572
32	0.00971	0.00637	0.00713	0.00713	0.00720	0.00637	0.00402	0.00986	0.00978	0.01334	0.02078	0.04217	0.02359	0.73144	0.03209	0.00615	0.00622	0.00941	0.04316	0.00409
33	0.01004	0.00686	0.00802	0.00782	0.00823	0.00697	0.00482	0.03269	0.01119	0.01517	0.08571	0.04136	0.02646	0.61530	0.08777	0.00618	0.00702	0.00947	0.00434	0.00458
34	0.00862	0.00651	0.00781	0.00812	0.00952	0.00593	0.00592	0.01037	0.01462	0.01901	0.19730	0.20827	0.29934	0.06697	0.03442	0.02521	0.00430	0.05618	0.00605	0.00552
35	0.01035	0.00641	0.00954	0.00954	0.01014	0.00701	0.00693	0.01022	0.00962	0.01342	0.01488	0.02373	0.01439	0.06089	0.38826	0.37873	0.01176	0.00652	0.00323	0.00442
36	0.00881	0.00597	0.00796	0.00919	0.00980	0.00554	0.00623	0.01012	0.01320	0.04072	0.08027	0.69410	0.04385	0.01976	0.00830	0.00261	0.00383	0.01788	0.00625	0.00559
37	0.01144	0.00572	0.00858	0.00858	0.00858	0.00572	0.00572	0.00858	0.00858	0.01144	0.01144	0.02001	0.01144	0.02287	0.02573	0.80846	0.00572	0.00572	0.00286	0.00286
38	0.03989	0.00761	0.00952	0.00921	0.01132	0.00688	0.00678	0.01559	0.01480	0.20092	0.07164	0.35617	0.16446	0.04283	0.00856	0.00251	0.00428	0.01355	0.00655	0.00694
39	0.00950	0.00640	0.00736	0.00735	0.00752	0.00634	0.00427	0.00985	0.01058	0.01426	0.09262	0.06367	0.02836	0.67122	0.03020	0.00584	0.00598	0.01006	0.00438	0.00425
40	0.01503	0.01081	0.01242	0.01108	0.01395	0.01145	0.00856	0.10319	0.25152	0.08138	0.26493	0.10474	0.03535	0.01141	0.00715	0.00215	0.00456	0.00980	0.03201	0.00850
41	0.28667	0.01020	0.01033	0.00985	0.01275	0.01105	0.00799	0.01924	0.12179	0.05083	0.13230	0.03528	0.05981	0.01076	0.00635	0.00224	0.00479	0.14037	0.06011	0.00728
42	0.03497	0.00714	0.00878	0.00842	0.01026	0.00658	0.00637	0.01303	0.01681	0.06780	0.42379	0.10399	0.18010	0.03888	0.00854	0.00233	0.00368	0.04552	0.00674	0.00628
43	0.01178	0.00783	0.00948	0.00899	0.01115	0.00736	0.00690	0.01549	0.07503	0.09973	0.28742	0.08464	0.22212	0.05166	0.00898	0.00245	0.00408	0.07143	0.00668	0.00677
44	0.01945	0.01392	0.01528	0.01276	0.01673	0.01508	0.01024	0.31524	0.19993	0.08977	0.04476	0.06501	0.07686	0.01008	0.00685	0.00213	0.00577	0.03195	0.03850	0.00971
45	0.00838	0.00594	0.00783	0.00921	0.00964	0.00563	0.00626	0.00956	0.01251	0.01664	0.03463	0.63793	0.04115	0.09451	0.01094	0.00307	0.00425	0.07076	0.00590	0.00527
46	0.00878	0.00638	0.00758	0.00780	0.00873	0.00593	0.00523	0.01015	0.01362	0.01807	0.20612	0.21390	0.18387	0.25575	0.01609	0.00361	0.00436	0.01314	0.00572	0.00517
47	0.00874	0.00625	0.00845	0.00987	0.01060	0.00596	0.00726	0.01047	0.01355	0.01802	0.07013	0.55338	0.04303	0.01965	0.00855	0.00273	0.00435	0.18728	0.00616	0.00557
48	0.00952	0.00697	0.00899	0.00997	0.01118	0.00677	0.00767	0.03381	0.01421	0.01852	0.03818	0.35440	0.13637	0.04695	0.03864	0.00315	0.00525	0.23773	0.00593	0.00578
49	0.01392	0.01117	0.01224	0.01141	0.01446	0.01209	0.00898	0.02541	0.40980	0.05249	0.07879	0.04033	0.17733	0.01196	0.00728	0.00231	0.00479	0.09003	0.00659	0.00862
50	0.00817	0.00653	0.00731	0.00745	0.00921	0.00567	0.00546	0.01007	0.01543	0.01957	0.21009	0.17629	0.46237	0.01660	0.00788	0.00226	0.00336	0.01424	0.00637	0.00567
51	0.00940	0.00705	0.01058	0.01058	0.01176	0.00823	0.00823	0.01176	0.01058	0.01528	0.01763	0.02586	0.01646	0.04937	0.74255	0.01058	0.01763	0.00705	0.00353	0.00588
52	0.01365	0.01170	0.01365	0.00975	0.01560	0.00878	0.00780	0.01658	0.01365	0.02145	0.01170	0.01365	0.00975	0.00488	0.00488	0.00098	0.00488	0.00390	0.00390	0.80888
53	0.01502	0.11021	0.23795	0.01313	0.01859	0.03347	0.01355	0.08907	0.06374	0.06702	0.14185	0.02798	0.12267	0.00938	0.00656	0.00201	0.00661	0.00757	0.00502	0.00861
54	0.00940	0.00662	0.00867	0.00864	0.00951	0.00680	0.00607	0.01116	0.01282	0.01805	0.22228	0.09656	0.03400	0.25808	0.23486	0.00598	0.00851	0.01012	0.02653	0.00535
55	0.00778	0.00667	0.00667	0.00667	0.00889	0.00556	0.00500	0.00945	0.01501	0.01778	0.06669	0.06336	0.72490	0.01667	0.00778	0.00222	0.00333	0.01389	0.00611	0.00556
56	0.02954	0.01120	0.01528	0.01171	0.01681	0.00968	0.00968	0.03208	0.01884	0.73213	0.02597	0.02241	0.01630	0.00815	0.00662	0.00204	0.00560	0.00662	0.00815	0.01120
57	0.01365	0.01170	0.01365	0.00975	0.01560	0.00878	0.00780	0.01658	0.01365	0.02145	0.01170	0.01365	0.00975	0.00488	0.00488	0.00098	0.00488	0.00390	0.00390	0.80888
58	0.00801	0.00576	0.00760	0.00908	0.00953	0.00535	0.00607	0.00918	0.01269	0.01684	0.03736	0.73945	0.06773	0.02048	0.00838	0.00266	0.00380	0.01854	0.00611	0.00535
59	0.00957	0.00638	0.00718	0.00718	0.00718	0.00638	0.00399	0.00957	0.00957	0.01276	0.02074	0.04308	0.02393	0.76864	0.03351	0.00638	0.00638	0.00957	0.00399	0.00399
60	0.01760	0.77260	0.03450	0.01126	0.01690	0.02605	0.01126	0.01971	0.01338	0.01549	0.00915	0.01056	0.00845	0.00563	0.00422	0.00141	0.00704	0.00352	0.00282	0.00845
61	0.01629	0.01564	0.02672	0.04041	0.72757	0.01564	0.02020	0.02020	0.01499	0.02151	0.01238	0.01629	0.01043	0.00587	0.00652	0.00196	0.00782	0.00587	0.00326	0.01043
62	0.00945	0.00688	0.00968	0.00968	0.01054	0.00774	0.00711	0.01118	0.01031	0.01462	0.01846	0.03042	0.01844	0.23974	0.55489	0.00947	0.01466	0.00772	0.00365	0.00538
63	0.01618	0.01362	0.01554	0.11380	0.02067	0.01566	0.01134	0.10792	0.47609	0.02759	0.08829	0.02488	0.02143	0.00891	0.00677	0.00218	0.00574	0.00747	0.00622	0.00970
64	0.01387	0.01147	0.01348	0.00978	0.01542	0.00868	0.00779	0.01672	0.01375	0.04012	0.01297	0.04095	0.01114	0.00553	0.00505	0.00106	0.00486	0.00451	0.00409	0.75876
65	0.00802	0.00573	0.00764	0.00917	0.00955	0.00535	0.00611	0.00917	0.01260	0.01681	0.03628	0.76434	0.04354	0.02062	0.00840	0.00267	0.00382	0.01872	0.00611	0.00535
66	0.01389	0.01820	0.21631	0.01246	0.01938	0.01098	0.01259	0.04011	0.01428	0.02193	0.01187	0.01379	0.00940	0.00536	0.00532	0.00132	0.00632	0.00424	0.00367	0.55859
67	0.01544	0.21863	0.45365	0.01760	0.04172	0.05349	0.05511	0.02108	0.01422	0.03556	0.01148	0.01341	0.00869	0.00612	0.00582	0.00190	0.00909	0.00471	0.00298	0.00931
68	0.81514	0.01273	0.00968	0.00866	0.01273	0.01477	0.00713	0.01935	0.01120	0.02954	0.00917	0.01069	0.00713	0.00611	0.00407	0.00204	0.00509	0.00356	0.00407	0.00713
69	0.01598	0.15349	0.42287	0.01741	0.06033	0.03983	0.01892	0.08441	0.01570	0.03860	0.01204	0.01376	0.00902	0.00625	0.00586	0.00186	0.00857	0.00474	0.00339	0.06697
70	0.00802	0.00573	0.00764	0.00917	0.00955	0.00535	0.00611	0.00917	0.01260	0.01681	0.03628	0.76434	0.04354	0.02062	0.00840	0.00267	0.00382	0.01872	0.00611	0.00535
71	0.01371	0.01301	0.02206	0.51649	0.27166	0.01496	0.01892	0.01794	0.01377	0.01838	0.01193	0.01713	0.00932	0.00634	0.00656	0.00211	0.00846	0.00586	0.00304	0.00835
72	0.01761	0.04325	0.02161	0.05671	0.16022	0.06223	0.09883	0.08661	0.28222	0.04870	0.04078	0.02038	0.01565	0.00757	0.00667	0.00208	0.00724	0.00673	0.00513	0.00979
73	0.04277	0.04403	0.11982	0.04562	0.21845	0.03664	0.08123	0.19766	0.01919	0.08820	0.01442	0.01629	0.01072	0.00671	0.00641	0.00198	0.00796	0.00581	0.02608	0.01000
74	0.00778	0.00667	0.00667	0.00667	0.00889	0.00556	0.00500	0.00945	0.01501	0.01778	0.06669	0.06336	0.72490	0.01667	0.00778	0.00222	0.00333	0.01389	0.00611	0.00556
75	0.01325	0.03335	0.70917	0.01871	0.02810	0.01546	0.02397	0.02067	0.01376	0.02067	0.01170	0.01392	0.00835	0.00644	0.00680	0.00211	0.03625	0.00490	0.00278	0.00964
76	0.03940	0.14183	0.24876	0.01734	0.07656	0.10990	0.03429	0.05055	0.03952	0.13213	0.01490	0.01723	0.01135	0.00705	0.00608	0.00195	0.00832	0.02922	0.00419	0.00940
77	0.00802	0.00573	0.00764	0.00917	0.00955	0.00535	0.00611	0.00917	0.01260	0.01681	0.03628	0.76434	0.04354	0.02062	0.00840	0.00267	0.00382	0.01872	0.00611	0.00535
78	0.02906	0.01131	0.01526	0.01177	0.01682	0.00992	0.00970	0.03219	0.04397	0.70672	0.02600	0.02248	0.01643	0.00818	0.00662	0.00204	0.00559	0.00665	0.00810	0.01118
79	0.02436	0.01449	0.05163	0.04140	0.06117	0.01361	0.01197	0.22565	0.04613	0.36333	0.02161	0.06116	0.01547	0.00852	0.00669	0.00206	0.00641	0.00697	0.00679	0.01059
80	0.02226	0.04277	0.02188	0.04238	0.13331	0.01919	0.04136	0.50775	0.02627	0.03532	0.01530	0.01734	0.01154	0.00763	0.00661	0.00200	0.00750	0.02329	0.00568	0.01064
81	0.00813	0.00590	0.00768	0.00889	0.00953	0.00545	0.00604	0.00950	0.01337	0.01781	0.10547	0.64166	0.09700	0.01963	0.00829	0.00258	0.00371	0.01769	0.00622	0.00545
82	0.09115	0.08551	0.04291	0.02731	0.35755	0.18099	0.03835	0.02125	0.01503	0.02013	0.01110	0.01415	0.00934	0.00641	0.00688	0.00192	0.05254	0.00511	0.00329	0.00906
83	0.00955	0.00646	0.00756	0.00756	0.00769	0.00659	0.00446	0.00982	0.00969	0.01305	0.02039	0.04115	0.02310	0.68800	0.11300	0.00685	0.00764	0.00929	0.00394	0.00420
84	0.01365	0.01170	0.01365	0.00975	0.01560	0.00878	0.00780	0.01658	0.01365	0.02145	0.01170	0.01365	0.00975	0.00488	0.00488	0.00098	0.00488	0.00390	0.00390	0.80888
85	0.00802	0.00573	0.00764	0.00917	0.00955	0.00535	0.00611	0.00917	0.01260	0.01681	0.03628	0.76434	0.04354	0.02062	0.00840	0.00267	0.00382	0.01872	0.00611	0.00535
86	0.15118	0.01146	0.01373	0.01226	0.01524	0.01304	0.04357	0.06276	0.23162	0.02342	0.01871	0.02184	0.01535	0.02467	0.30562	0.00558	0.01066	0.00654	0.00478	0.00798
87	0.01595	0.01691	0.05340	0.03570	0.48524	0.01595	0.23704	0.02050	0.01513	0.02135	0.01266	0.01668	0.01022	0.00578	0.00691	0.00204	0.00892	0.00644	0.00327	0.00991
88	0.00816	0.00593	0.00773	0.00901	0.00964	0.00549	0.00617	0.00953	0.01325	0.01756	0.08035	0.64179	0.09988	0.01979	0.00834	0.00261	0.00381	0.03935	0.00618	0.00544
89	0.00947	0.00680	0.00929	0.00929	0.01002	0.00753	0.00662	0.01093	0.01020	0.01433	0.01881	0.03239	0.01929	0.32213	0.47367	0.00899	0.01337	0.00801	0.00370	0.00516
90	0.00864	0.00662	0.00792	0.00776	0.00946	0.00590	0.00576	0.01105	0.01679	0.02242	0.42412	0.11517	0.30403	0.01525	0.00782	0.00218	0.00325	0.01321	0.00673	0.00590
91	0.00932	0.00673	0.00880	0.00828	0.00984	0.00621	0.00621	0.01242	0.01863	0.02640	0.72410	0.04918	0.06212	0.01346	0.00776	0.00207	0.00311	0.01191	0.00725	0.00621
92	0.01320	0.03405	0.73453	0.01876	0.02849	0.01529	0.02432	0.02085	0.01390	0.02085	0.01181	0.01390	0.00834	0.00625	0.00625	0.00208	0.00973	0.00486	0.00278	0.00973
93	0.77649	0.01364	0.01011	0.00906	0.01310	0.05033	0.00740	0.01969	0.01157	0.02888	0.00922	0.01075	0.00720	0.00614	0.00417	0.00202	0.00542	0.00360	0.00404	0.00715
94	0.02503	0.01844	0.01976	0.01515	0.02042	0.02042	0.01251	0.70562	0.03095	0.04149	0.01581	0.01581	0.01120	0.00790	0.00659	0.00198	0.00724	0.00593	0.00659	0.01120
95	0.01551	0.01471	0.02490	0.08213	0.62958	0.01485	0.01900	0.01939	0.01516	0.02160	0.06753	0.01892	0.01433	0.00650	0.00662	0.00198	0.00751	0.00633	0.00355	0.00991
96	0.01243	0.01170	0.01975	0.75282	0.04534	0.01463	0.01828	0.01682	0.01316	0.01682	0.01170	0.01755	0.00878	0.00658	0.00658	0.00219	0.00878	0.00585	0.00293	0.00731
97	0.02503	0.01844	0.01976	0.01515	0.02042	0.02042	0.01251	0.70562	0.03095	0.04149	0.01581	0.01581	0.01120	0.00790	0.00659	0.00198	0.00724	0.00593	0.00659	0.01120
98	0.02349	0.01474	0.01706	0.01352	0.01799	0.01574	0.01105	0.34916	0.09942	0.23202	0.07942	0.02136	0.01777	0.00874	0.00748	0.00208	0.04479	0.00678	0.00690	0.01049
99	0.01440	0.01440	0.02016	0.01728	0.01728	0.02016	0.01440	0.01584	0.01008	0.01584	0.00864	0.01440	0.00864	0.01152	0.02160	0.00288	0.75659	0.00576	0.00288	0.00720
100	0.02503	0.01844	0.01976	0.01515	0.02042	0.02042	0.01251	0.70562	0.03095	0.04149	0.01581	0.01581	0.01120	0.00790	0.00659	0.00198	0.00724	0.00593	0.00659	0.01120
