[name]
unknown

[dist]
# distance from previous block
# <min> <max>
0	104

[block]
# block no. 0 follows, 35 sequences, length 8
# corresponding to MSA columns:
# 104-111
name=unknown_A
#
# <colnr> <probs for GDERKNQSTAVLIFYWHMCP>
#	G	D	E	R	K	N	Q	S	T	A	V	L	I	F	Y	W	H	M	C	P
0	0.04193	0.09409	0.01615	0.01162	0.01531	0.03868	0.03109	0.11869	0.04209	0.12497	0.04676	0.02523	0.03461	0.07514	0.05450	0.00272	0.03522	0.06320	0.00498	0.12305
1	0.14526	0.06297	0.03001	0.01081	0.01407	0.01083	0.06227	0.04178	0.03386	0.02112	0.01903	0.16294	0.01885	0.04197	0.04368	0.00249	0.00592	0.05764	0.08375	0.13075
2	0.20343	0.15648	0.01536	0.00996	0.01364	0.01367	0.00828	0.09881	0.03250	0.10252	0.10200	0.12174	0.04883	0.00935	0.00571	0.00190	0.00510	0.00742	0.00516	0.03814
3	0.01384	0.01244	0.01261	0.01061	0.01389	0.10034	0.00831	0.06148	0.01426	0.01959	0.01882	0.02466	0.07541	0.07340	0.06645	0.00261	0.06036	0.04712	0.05793	0.30588
4	0.07901	0.39424	0.07467	0.01130	0.01605	0.06771	0.01057	0.05233	0.01399	0.06241	0.01290	0.06375	0.01182	0.05300	0.00655	0.00188	0.00670	0.00516	0.00367	0.05229
5	0.01316	0.00948	0.00982	0.00917	0.01044	0.09989	0.00643	0.01262	0.01147	0.05832	0.05326	0.02602	0.07095	0.12905	0.01907	0.39528	0.00600	0.00674	0.00380	0.04902
6	0.01157	0.00926	0.01248	0.07503	0.06279	0.01008	0.00994	0.01663	0.13638	0.03788	0.10962	0.21898	0.05393	0.01354	0.00852	0.00240	0.06370	0.13481	0.00548	0.00698
7	0.05682	0.24940	0.11586	0.01537	0.04170	0.14079	0.05124	0.11897	0.05875	0.02105	0.01151	0.01314	0.00927	0.00663	0.00654	0.00180	0.06424	0.00468	0.00364	0.00859

[dist]
# distance from previous block
# <min> <max>
0	1

[block]
# block no. 1 follows, 35 sequences, length 28
# corresponding to MSA columns:
# 113-140
name=unknown_B
#
# <colnr> <probs for GDERKNQSTAVLIFYWHMCP>
#	G	D	E	R	K	N	Q	S	T	A	V	L	I	F	Y	W	H	M	C	P
0	0.01398	0.02129	0.35772	0.01464	0.03930	0.01209	0.01567	0.01877	0.01362	0.08205	0.01609	0.01748	0.06040	0.00680	0.00667	0.00175	0.05230	0.00526	0.00368	0.24044
1	0.01243	0.01222	0.05363	0.01421	0.01657	0.01268	0.10321	0.01516	0.01353	0.04172	0.19485	0.07913	0.05574	0.01084	0.01192	0.00226	0.27306	0.00837	0.00446	0.06399
2	0.02143	0.01601	0.01743	0.03501	0.01906	0.01764	0.01150	0.57405	0.06256	0.03588	0.02010	0.02199	0.06360	0.00876	0.00656	0.00199	0.00660	0.04364	0.00619	0.00999
3	0.01559	0.01346	0.01426	0.01266	0.01639	0.01526	0.00986	0.03246	0.67576	0.02612	0.02479	0.02293	0.01866	0.00833	0.00633	0.00207	0.00500	0.00693	0.00626	0.06685
4	0.76482	0.01372	0.06113	0.00903	0.01334	0.01427	0.00804	0.01875	0.01098	0.02787	0.00901	0.01052	0.00695	0.00590	0.00407	0.00197	0.00522	0.00352	0.00384	0.00705
5	0.01578	0.01363	0.01434	0.01291	0.01650	0.01578	0.01004	0.03371	0.72602	0.02654	0.02582	0.02367	0.01937	0.00861	0.00646	0.00215	0.00502	0.00717	0.00646	0.01004
6	0.02130	0.01637	0.01745	0.01403	0.01860	0.01836	0.01138	0.48573	0.26500	0.03544	0.01881	0.01808	0.01369	0.00795	0.00638	0.00199	0.00632	0.00621	0.00638	0.01054
7	0.00750	0.00643	0.00643	0.00643	0.00857	0.00536	0.00482	0.00910	0.01446	0.01714	0.06427	0.06105	0.73490	0.01607	0.00750	0.00214	0.00321	0.01339	0.00589	0.00536
8	0.00981	0.00711	0.00969	0.01101	0.01247	0.00699	0.00945	0.01250	0.01444	0.01864	0.03658	0.11334	0.10305	0.01753	0.00860	0.00283	0.00546	0.58891	0.00585	0.00575
9	0.02846	0.01080	0.01472	0.01129	0.01619	0.00932	0.00932	0.03092	0.01816	0.74187	0.02503	0.02159	0.01570	0.00785	0.00638	0.00196	0.00540	0.00638	0.00785	0.01080
10	0.01192	0.00659	0.00774	0.00733	0.00903	0.00627	0.00553	0.01463	0.01513	0.08351	0.26781	0.03517	0.05066	0.05683	0.00756	0.00204	0.00346	0.02958	0.37300	0.00620
11	0.01283	0.02959	0.63517	0.01706	0.02547	0.01439	0.02124	0.02101	0.08333	0.02099	0.04976	0.01614	0.01179	0.00663	0.00614	0.00202	0.00862	0.00528	0.00327	0.00927
12	0.00920	0.00625	0.00742	0.00742	0.00760	0.00642	0.00447	0.00955	0.00937	0.01267	0.01953	0.03897	0.02196	0.66508	0.14275	0.00677	0.00781	0.00885	0.00378	0.00412
13	0.01873	0.51753	0.06267	0.01321	0.03634	0.16538	0.01198	0.05837	0.01500	0.03576	0.00998	0.01129	0.00853	0.00586	0.00473	0.00150	0.00781	0.00385	0.00316	0.00831
14	0.68828	0.05498	0.01206	0.01075	0.05709	0.05258	0.00813	0.01906	0.01150	0.02660	0.00907	0.01069	0.00720	0.00588	0.00417	0.00191	0.00550	0.00360	0.00378	0.00716
15	0.82186	0.01227	0.00932	0.00834	0.01227	0.01423	0.00687	0.01865	0.01080	0.02846	0.00883	0.01031	0.00687	0.00589	0.00393	0.00196	0.00491	0.00344	0.00393	0.00687
16	0.00892	0.00648	0.00840	0.00792	0.00944	0.00596	0.00594	0.01186	0.01783	0.02513	0.70906	0.04790	0.08513	0.01309	0.00748	0.00200	0.00300	0.01154	0.00694	0.00596
17	0.00869	0.00645	0.00812	0.00791	0.00946	0.00588	0.00595	0.01131	0.01682	0.02309	0.53974	0.09517	0.17985	0.01415	0.00758	0.00210	0.00320	0.04205	0.00667	0.00581
18	0.00755	0.00640	0.00652	0.00655	0.00862	0.00537	0.00489	0.00919	0.01450	0.01737	0.08486	0.08330	0.69112	0.01609	0.00752	0.00215	0.00322	0.01348	0.00593	0.00537
19	0.82186	0.01227	0.00932	0.00834	0.01227	0.01423	0.00687	0.01865	0.01080	0.02846	0.00883	0.01031	0.00687	0.00589	0.00393	0.00196	0.00491	0.00344	0.00393	0.00687
20	0.06850	0.01087	0.01445	0.01114	0.01600	0.00957	0.00920	0.03030	0.01779	0.70587	0.02421	0.02102	0.01526	0.00775	0.00626	0.00196	0.00537	0.00623	0.00765	0.01060
21	0.01696	0.78087	0.03324	0.01085	0.01628	0.02510	0.01085	0.01900	0.01289	0.01493	0.00882	0.01018	0.00814	0.00543	0.00407	0.00136	0.00678	0.00339	0.00271	0.00814
22	0.02412	0.01777	0.01904	0.01460	0.01967	0.01967	0.01206	0.71633	0.02983	0.03998	0.01523	0.01523	0.01079	0.00762	0.00635	0.00190	0.00698	0.00571	0.00635	0.01079
23	0.01198	0.01128	0.01903	0.76180	0.04369	0.01409	0.01762	0.01621	0.01268	0.01621	0.01128	0.01691	0.00846	0.00634	0.00634	0.00211	0.00846	0.00564	0.00282	0.00705
24	0.04060	0.01391	0.01498	0.01286	0.01684	0.01561	0.01019	0.13956	0.51696	0.11031	0.02361	0.02175	0.01727	0.00829	0.00636	0.00209	0.00537	0.00675	0.00653	0.01016
25	0.02006	0.01575	0.01676	0.01378	0.01813	0.01778	0.01108	0.38433	0.36843	0.03344	0.02038	0.01933	0.01496	0.00810	0.00640	0.00202	0.00603	0.00642	0.00640	0.01043
26	0.01716	0.01355	0.01460	0.01274	0.01647	0.01531	0.01001	0.11222	0.56306	0.07168	0.06289	0.02384	0.02033	0.00868	0.00649	0.00210	0.00516	0.00719	0.00656	0.00996
27	0.82186	0.01227	0.00932	0.00834	0.01227	0.01423	0.00687	0.01865	0.01080	0.02846	0.00883	0.01031	0.00687	0.00589	0.00393	0.00196	0.00491	0.00344	0.00393	0.00687

[dist]
# distance from previous block
# <min> <max>
0	18

[block]
# block no. 2 follows, 35 sequences, length 165
# corresponding to MSA columns:
# 159-267,271-281,300-312,315-346
name=unknown_C
#
# <colnr> <probs for GDERKNQSTAVLIFYWHMCP>
#	G	D	E	R	K	N	Q	S	T	A	V	L	I	F	Y	W	H	M	C	P
0	0.05162	0.01211	0.01444	0.01159	0.01597	0.01197	0.00939	0.15258	0.13067	0.38199	0.04042	0.04315	0.05285	0.00862	0.00637	0.00198	0.00538	0.00698	0.00692	0.03499
1	0.00908	0.00674	0.00993	0.00993	0.01097	0.00778	0.00759	0.01116	0.01012	0.01453	0.01724	0.02629	0.01645	0.10755	0.69275	0.00986	0.01610	0.00700	0.00344	0.00551
2	0.00832	0.00646	0.00756	0.00729	0.00907	0.00570	0.00546	0.01069	0.01639	0.02173	0.43469	0.05350	0.36161	0.01435	0.00749	0.00206	0.00309	0.01233	0.00650	0.00570
3	0.02688	0.01237	0.01558	0.01205	0.01692	0.01178	0.00992	0.17034	0.05943	0.55994	0.02308	0.02041	0.01491	0.00785	0.00638	0.00196	0.00570	0.00629	0.00747	0.01075
4	0.02370	0.03023	0.01798	0.01634	0.01961	0.75158	0.01226	0.02533	0.01798	0.01553	0.00981	0.01144	0.00817	0.00654	0.00572	0.00163	0.01144	0.00409	0.00327	0.00735
5	0.01198	0.01128	0.01903	0.76180	0.04369	0.01409	0.01762	0.01621	0.01268	0.01621	0.01128	0.01691	0.00846	0.00634	0.00634	0.00211	0.00846	0.00564	0.00282	0.00705
6	0.00919	0.00662	0.00846	0.00805	0.00933	0.00636	0.00584	0.01202	0.03340	0.02270	0.55885	0.04457	0.05033	0.14027	0.05379	0.00315	0.00436	0.01073	0.00625	0.00572
7	0.02051	0.01345	0.01514	0.01271	0.01688	0.01457	0.01014	0.13321	0.42818	0.22615	0.02405	0.02186	0.01709	0.00825	0.00642	0.00206	0.00541	0.00674	0.00682	0.01036
8	0.01696	0.78087	0.03324	0.01085	0.01628	0.02510	0.01085	0.01900	0.01289	0.01493	0.00882	0.01018	0.00814	0.00543	0.00407	0.00136	0.00678	0.00339	0.00271	0.00814
9	0.01570	0.01507	0.02575	0.03894	0.73748	0.01507	0.01947	0.01947	0.01444	0.02073	0.01193	0.01570	0.01005	0.00565	0.00628	0.00188	0.00754	0.00565	0.00314	0.01005
10	0.00773	0.00552	0.00736	0.00883	0.00920	0.00515	0.00589	0.00883	0.01215	0.01619	0.03497	0.77291	0.04196	0.01987	0.00810	0.00258	0.00368	0.01803	0.00589	0.00515
11	0.01578	0.01363	0.01434	0.01291	0.01650	0.01578	0.01004	0.03371	0.72602	0.02654	0.02582	0.02367	0.01937	0.00861	0.00646	0.00215	0.00502	0.00717	0.00646	0.01004
12	0.01414	0.01381	0.02446	0.32439	0.37930	0.01480	0.10046	0.01828	0.01381	0.01889	0.01178	0.01635	0.00937	0.00589	0.00645	0.00201	0.00827	0.00586	0.00302	0.00868
13	0.00813	0.00638	0.00735	0.00725	0.00899	0.00560	0.00538	0.01028	0.01574	0.02052	0.34082	0.10852	0.40227	0.01506	0.00754	0.00211	0.00316	0.01294	0.00635	0.00560
14	0.01628	0.01388	0.01463	0.01301	0.01669	0.01601	0.01016	0.07484	0.68407	0.02735	0.02518	0.02316	0.01885	0.00855	0.00645	0.00214	0.00514	0.00708	0.00645	0.01009
15	0.01681	0.67125	0.07695	0.01300	0.05671	0.04391	0.01216	0.01927	0.01315	0.01558	0.00918	0.01072	0.00824	0.00551	0.00436	0.00143	0.00712	0.00362	0.00275	0.00830
16	0.01523	0.01518	0.01981	0.07079	0.21292	0.10703	0.03054	0.05293	0.01344	0.01812	0.01155	0.01622	0.01017	0.01441	0.13270	0.00351	0.23872	0.00566	0.00323	0.00786
17	0.00754	0.00643	0.00649	0.00647	0.00860	0.00537	0.00486	0.00919	0.01457	0.01739	0.08453	0.06064	0.71449	0.01597	0.00750	0.00214	0.00321	0.01333	0.00592	0.00537
18	0.00906	0.00680	0.01020	0.01020	0.01133	0.00793	0.00793	0.01133	0.01020	0.01473	0.01699	0.02492	0.01586	0.04758	0.75191	0.01020	0.01699	0.00680	0.00340	0.00566
19	0.01168	0.00594	0.00604	0.00602	0.00750	0.00592	0.00451	0.01464	0.01354	0.02374	0.05706	0.02486	0.01848	0.00768	0.00459	0.00150	0.00296	0.00620	0.77122	0.00592
20	0.01183	0.00591	0.00591	0.00591	0.00739	0.00591	0.00443	0.01478	0.01330	0.02365	0.02069	0.02365	0.01626	0.00739	0.00443	0.00148	0.00296	0.00591	0.81227	0.00591
21	0.01198	0.01128	0.01903	0.76180	0.04369	0.01409	0.01762	0.01621	0.01268	0.01621	0.01128	0.01691	0.00846	0.00634	0.00634	0.00211	0.00846	0.00564	0.00282	0.00705
22	0.02412	0.01777	0.01904	0.01460	0.01967	0.01967	0.01206	0.71633	0.02983	0.03998	0.01523	0.01523	0.01079	0.00762	0.00635	0.00190	0.00698	0.00571	0.00635	0.01079
23	0.82186	0.01227	0.00932	0.00834	0.01227	0.01423	0.00687	0.01865	0.01080	0.02846	0.00883	0.01031	0.00687	0.00589	0.00393	0.00196	0.00491	0.00344	0.00393	0.00687
24	0.02439	0.01733	0.01877	0.01439	0.01945	0.01902	0.01188	0.67297	0.02909	0.08438	0.01585	0.01563	0.01110	0.00763	0.00635	0.00191	0.00688	0.00575	0.00644	0.01079
25	0.02775	0.01194	0.01543	0.01183	0.01676	0.01102	0.00977	0.14303	0.02007	0.62706	0.02343	0.02055	0.01490	0.00781	0.00637	0.00195	0.00566	0.00627	0.00761	0.01079
26	0.02846	0.01080	0.01472	0.01129	0.01619	0.00932	0.00932	0.03092	0.01816	0.74187	0.02503	0.02159	0.01570	0.00785	0.00638	0.00196	0.00540	0.00638	0.00785	0.01080
27	0.01696	0.78087	0.03324	0.01085	0.01628	0.02510	0.01085	0.01900	0.01289	0.01493	0.00882	0.01018	0.00814	0.00543	0.00407	0.00136	0.00678	0.00339	0.00271	0.00814
28	0.01599	0.01373	0.01446	0.01295	0.01658	0.01588	0.01009	0.05071	0.70868	0.02687	0.02556	0.02346	0.01915	0.00858	0.00645	0.00215	0.00507	0.00714	0.00645	0.01006
29	0.01497	0.01711	0.03743	0.02674	0.03316	0.01604	0.71444	0.02032	0.01497	0.02032	0.01283	0.01711	0.00963	0.00535	0.00749	0.00214	0.01070	0.00749	0.00321	0.00856
30	0.02846	0.01080	0.01472	0.01129	0.01619	0.00932	0.00932	0.03092	0.01816	0.74187	0.02503	0.02159	0.01570	0.00785	0.00638	0.00196	0.00540	0.00638	0.00785	0.01080
31	0.00756	0.00643	0.00651	0.00649	0.00861	0.00538	0.00487	0.00922	0.01460	0.01748	0.09170	0.06049	0.70726	0.01594	0.00750	0.00214	0.00320	0.01331	0.00594	0.00538
32	0.02674	0.01145	0.01490	0.01157	0.01631	0.01051	0.00950	0.09492	0.05533	0.61480	0.04844	0.02198	0.01694	0.00804	0.00642	0.00197	0.00545	0.00653	0.00761	0.01059
33	0.01719	0.75578	0.03273	0.01104	0.01639	0.04938	0.01090	0.01921	0.01306	0.01495	0.00885	0.01022	0.00814	0.00546	0.00413	0.00137	0.00694	0.00342	0.00273	0.00811
34	0.00758	0.00643	0.00655	0.00652	0.00862	0.00539	0.00489	0.00927	0.01467	0.01763	0.10361	0.06025	0.69526	0.01588	0.00750	0.00213	0.00320	0.01328	0.00596	0.00539
35	0.00956	0.00661	0.00867	0.00808	0.00968	0.00609	0.00609	0.01254	0.01796	0.04693	0.71286	0.04661	0.05853	0.01282	0.00745	0.00199	0.00307	0.01132	0.00701	0.00613
36	0.02132	0.01499	0.06039	0.04180	0.12979	0.04988	0.01246	0.14528	0.09660	0.28081	0.04484	0.02073	0.03639	0.00775	0.00638	0.00196	0.00645	0.00638	0.00592	0.00989
37	0.00915	0.00677	0.01007	0.01007	0.01121	0.00787	0.00782	0.01143	0.01029	0.01499	0.01710	0.02488	0.01587	0.04637	0.72949	0.00993	0.01657	0.00677	0.02766	0.00567
38	0.01728	0.01560	0.01926	0.01603	0.01766	0.04459	0.01328	0.22522	0.01601	0.02267	0.01044	0.01420	0.00906	0.00990	0.01597	0.00248	0.51284	0.00555	0.00386	0.00810
39	0.00829	0.00606	0.00787	0.00917	0.00977	0.00585	0.00629	0.01044	0.05391	0.01690	0.03438	0.70400	0.04044	0.01913	0.00803	0.00256	0.00384	0.04168	0.00592	0.00546
40	0.11506	0.10779	0.09406	0.01394	0.01831	0.34244	0.01203	0.05380	0.01618	0.10518	0.01222	0.01354	0.00947	0.00889	0.04903	0.00223	0.00934	0.00450	0.00391	0.00806
41	0.00903	0.00624	0.00775	0.00791	0.00822	0.00647	0.00504	0.00969	0.00977	0.01330	0.02085	0.11493	0.02333	0.52140	0.20287	0.00675	0.00850	0.00957	0.00395	0.00442
42	0.01284	0.01246	0.01861	0.01582	0.01655	0.01632	0.07308	0.01462	0.01027	0.01548	0.01133	0.03629	0.01124	0.06088	0.12701	0.00400	0.52704	0.00643	0.00304	0.00667
43	0.03306	0.02104	0.26924	0.09911	0.20909	0.04106	0.06816	0.04462	0.05392	0.08015	0.01355	0.01577	0.01003	0.00627	0.00624	0.00198	0.00824	0.00549	0.00365	0.00933
44	0.01587	0.01392	0.01264	0.01221	0.01484	0.18845	0.00990	0.04745	0.06284	0.09255	0.03016	0.04498	0.12674	0.01268	0.00735	0.00231	0.00676	0.28574	0.00549	0.00712
45	0.01330	0.02794	0.53231	0.04349	0.02949	0.01506	0.20841	0.02003	0.01379	0.02003	0.01177	0.01450	0.00848	0.00585	0.00643	0.00205	0.00970	0.00547	0.00283	0.00908
46	0.01188	0.01017	0.01081	0.01099	0.01282	0.05292	0.00809	0.01956	0.28601	0.02027	0.02992	0.40297	0.03103	0.01465	0.00737	0.00238	0.00477	0.05025	0.00595	0.00719
47	0.70715	0.01485	0.01057	0.00949	0.01332	0.12021	0.00764	0.01961	0.01183	0.02660	0.00897	0.01047	0.00706	0.00598	0.00418	0.00192	0.00585	0.00353	0.00383	0.00694
48	0.01385	0.04212	0.43809	0.08049	0.06783	0.01494	0.01911	0.06451	0.08244	0.02146	0.01410	0.01769	0.01092	0.00704	0.00657	0.00205	0.02886	0.03564	0.02326	0.00904
49	0.01441	0.11092	0.39141	0.01572	0.02327	0.01432	0.08176	0.01968	0.01370	0.06063	0.01198	0.01378	0.00894	0.00570	0.00566	0.00170	0.00792	0.00469	0.00327	0.19053
50	0.01563	0.01165	0.01372	0.00996	0.01547	0.00929	0.00802	0.06382	0.01483	0.10453	0.01311	0.01426	0.01021	0.00525	0.00500	0.00112	0.00493	0.00419	0.00440	0.67062
51	0.00932	0.00785	0.02867	0.04848	0.04890	0.00747	0.00805	0.01266	0.08795	0.01762	0.03105	0.59808	0.03541	0.01693	0.00769	0.00246	0.00440	0.01530	0.00557	0.00612
52	0.00898	0.00648	0.00848	0.00798	0.00948	0.00599	0.00599	0.01197	0.01796	0.02544	0.73413	0.04739	0.05986	0.01297	0.00748	0.00200	0.00299	0.01147	0.00698	0.00599
53	0.01819	0.02062	0.32232	0.01450	0.02072	0.01288	0.02973	0.13314	0.01696	0.20823	0.01736	0.05892	0.01312	0.03127	0.00755	0.02317	0.00730	0.00627	0.02848	0.00928
54	0.01562	0.07482	0.17924	0.01347	0.01851	0.01542	0.01282	0.08550	0.36457	0.04876	0.05179	0.02244	0.05291	0.00824	0.00626	0.00203	0.00613	0.00667	0.00536	0.00943
55	0.08742	0.01081	0.01404	0.01094	0.01558	0.00973	0.00900	0.04417	0.01785	0.63027	0.06498	0.02210	0.01750	0.00800	0.00626	0.00196	0.00526	0.00644	0.00747	0.01022
56	0.02846	0.01080	0.01472	0.01129	0.01619	0.00932	0.00932	0.03092	0.01816	0.74187	0.02503	0.02159	0.01570	0.00785	0.00638	0.00196	0.00540	0.00638	0.00785	0.01080
57	0.02445	0.01890	0.01662	0.01378	0.01790	0.25914	0.01093	0.17800	0.05921	0.27135	0.01734	0.01680	0.01215	0.00747	0.00647	0.00186	0.02680	0.00548	0.02595	0.00939
58	0.00961	0.01425	0.22782	0.01069	0.01460	0.00836	0.01090	0.01338	0.01516	0.02087	0.28296	0.11024	0.21198	0.01233	0.00711	0.00209	0.00502	0.01055	0.00532	0.00676
59	0.00931	0.00614	0.00688	0.00688	0.00694	0.00614	0.00386	0.00942	0.00937	0.01269	0.02001	0.04090	0.02283	0.75068	0.03133	0.00599	0.00604	0.00911	0.03154	0.00391
60	0.01275	0.01234	0.02174	0.59682	0.12942	0.01441	0.08852	0.01703	0.01314	0.01719	0.01152	0.01678	0.00877	0.00616	0.00645	0.00209	0.00857	0.00583	0.00290	0.00758
61	0.01489	0.03018	0.52897	0.01966	0.06804	0.13711	0.07295	0.02094	0.01433	0.01939	0.01126	0.01348	0.00829	0.00604	0.00610	0.00195	0.00971	0.00485	0.00284	0.00902
62	0.00825	0.00599	0.00801	0.00896	0.00962	0.00595	0.00630	0.00963	0.01174	0.01574	0.03155	0.47398	0.07632	0.08928	0.16984	0.00450	0.00682	0.04714	0.00518	0.00520
63	0.01183	0.00591	0.00591	0.00591	0.00739	0.00591	0.00443	0.01478	0.01330	0.02365	0.02069	0.02365	0.01626	0.00739	0.00443	0.00148	0.00296	0.00591	0.81227	0.00591
64	0.00906	0.00680	0.01020	0.01020	0.01133	0.00793	0.00793	0.01133	0.01020	0.01473	0.01699	0.02492	0.01586	0.04758	0.75191	0.01020	0.01699	0.00680	0.00340	0.00566
65	0.02293	0.02753	0.01828	0.01716	0.05567	0.61291	0.01249	0.08589	0.05493	0.01849	0.01120	0.01261	0.00907	0.00669	0.00584	0.00170	0.01053	0.00446	0.00369	0.00793
66	0.00931	0.00716	0.01067	0.01052	0.01160	0.00852	0.00823	0.01153	0.01017	0.01475	0.01655	0.02436	0.01548	0.04572	0.71464	0.00982	0.05515	0.00673	0.00337	0.00573
67	0.01217	0.01147	0.01937	0.72534	0.07869	0.01414	0.01771	0.01637	0.01277	0.01644	0.01131	0.01685	0.00854	0.00631	0.00634	0.00210	0.00841	0.00564	0.00284	0.00720
68	0.01689	0.68977	0.08998	0.01166	0.01732	0.05402	0.01193	0.01934	0.01314	0.01537	0.00907	0.01049	0.00813	0.00552	0.00430	0.00142	0.00718	0.00353	0.00273	0.00821
69	0.02117	0.01698	0.02153	0.01726	0.05073	0.01837	0.12192	0.48321	0.12451	0.03423	0.01621	0.01673	0.01178	0.00732	0.00654	0.00197	0.00731	0.00619	0.00574	0.01030
70	0.00772	0.00557	0.00731	0.00869	0.00916	0.00516	0.00583	0.00885	0.01228	0.01625	0.03668	0.73135	0.08242	0.01965	0.00806	0.00255	0.00365	0.01776	0.00589	0.00516
71	0.01119	0.00858	0.01054	0.01081	0.01265	0.00898	0.00857	0.03631	0.18497	0.02191	0.15465	0.20207	0.03696	0.01482	0.00778	0.00247	0.00472	0.24894	0.00621	0.00686
72	0.02846	0.01080	0.01472	0.01129	0.01619	0.00932	0.00932	0.03092	0.01816	0.74187	0.02503	0.02159	0.01570	0.00785	0.00638	0.00196	0.00540	0.00638	0.00785	0.01080
73	0.78184	0.01219	0.00960	0.00849	0.01247	0.01398	0.00699	0.01927	0.01117	0.06445	0.00965	0.01087	0.00732	0.00599	0.00405	0.00196	0.00493	0.00358	0.00412	0.00707
74	0.00761	0.00640	0.00661	0.00662	0.00866	0.00539	0.00494	0.00930	0.01464	0.01771	0.11213	0.08445	0.66191	0.01597	0.00752	0.00215	0.00321	0.01341	0.00597	0.00539
75	0.00757	0.00616	0.00670	0.00714	0.00876	0.00530	0.00514	0.00902	0.01378	0.01686	0.05562	0.27118	0.53036	0.01719	0.00767	0.00227	0.00335	0.01476	0.00589	0.00530
76	0.00890	0.00648	0.00838	0.00790	0.00943	0.00595	0.00593	0.01183	0.01778	0.02502	0.69998	0.04808	0.09427	0.01313	0.00748	0.00200	0.00300	0.01157	0.00693	0.00595
77	0.02846	0.01080	0.01472	0.01129	0.01619	0.00932	0.00932	0.03092	0.01816	0.74187	0.02503	0.02159	0.01570	0.00785	0.00638	0.00196	0.00540	0.00638	0.00785	0.01080
78	0.82186	0.01227	0.00932	0.00834	0.01227	0.01423	0.00687	0.01865	0.01080	0.02846	0.00883	0.01031	0.00687	0.00589	0.00393	0.00196	0.00491	0.00344	0.00393	0.00687
79	0.01069	0.00570	0.00842	0.00840	0.00858	0.00578	0.00572	0.00877	0.00896	0.01214	0.04867	0.02180	0.01427	0.04290	0.09264	0.67777	0.00648	0.00603	0.00306	0.00322
80	0.01683	0.75765	0.05531	0.01108	0.01663	0.02478	0.01125	0.01903	0.01291	0.01509	0.00890	0.01028	0.00814	0.00545	0.00413	0.00138	0.00686	0.00343	0.00271	0.00818
81	0.01756	0.06119	0.06552	0.11512	0.34959	0.05170	0.01643	0.14718	0.01734	0.05947	0.03046	0.01616	0.01117	0.00644	0.00616	0.00189	0.00758	0.00557	0.00397	0.00948
82	0.01210	0.01187	0.04047	0.22243	0.18937	0.01187	0.10395	0.01586	0.01439	0.01969	0.15973	0.05246	0.05786	0.01062	0.04779	0.00250	0.00750	0.00792	0.00407	0.00756
83	0.01647	0.01667	0.02264	0.11669	0.40005	0.13149	0.05172	0.05764	0.01524	0.01979	0.01209	0.01630	0.01015	0.03155	0.03418	0.00234	0.02721	0.00565	0.00332	0.00880
84	0.82186	0.01227	0.00932	0.00834	0.01227	0.01423	0.00687	0.01865	0.01080	0.02846	0.00883	0.01031	0.00687	0.00589	0.00393	0.00196	0.00491	0.00344	0.00393	0.00687
85	0.70097	0.01278	0.01060	0.00914	0.01323	0.01458	0.00753	0.09275	0.01314	0.06278	0.01026	0.01135	0.00769	0.00616	0.00429	0.00196	0.00515	0.00381	0.00436	0.00747
86	0.01497	0.01711	0.03743	0.02674	0.03316	0.01604	0.71444	0.02032	0.01497	0.02032	0.01283	0.01711	0.00963	0.00535	0.00749	0.00214	0.01070	0.00749	0.00321	0.00856
87	0.00893	0.00645	0.00805	0.00765	0.00924	0.00589	0.00574	0.01173	0.01721	0.02418	0.60152	0.04799	0.15158	0.01309	0.00732	0.00199	0.00302	0.01143	0.05109	0.00589
88	0.00907	0.00676	0.01003	0.01003	0.01110	0.00784	0.00772	0.01122	0.01015	0.01460	0.01715	0.02577	0.01623	0.08477	0.71523	0.00999	0.01644	0.00692	0.00342	0.00557
89	0.02183	0.01587	0.01712	0.01357	0.01803	0.01748	0.01119	0.58627	0.04639	0.03670	0.01727	0.02008	0.01328	0.00830	0.00634	0.00194	0.00649	0.05297	0.07888	0.00999
90	0.00821	0.00645	0.00742	0.00718	0.00901	0.00566	0.00538	0.01049	0.01615	0.02115	0.38837	0.05444	0.40830	0.01457	0.00749	0.00207	0.00311	0.01246	0.00642	0.00566
91	0.01315	0.01128	0.01315	0.00940	0.01503	0.00846	0.00752	0.01597	0.01315	0.02067	0.01128	0.01315	0.00940	0.00470	0.00470	0.00094	0.00470	0.00376	0.00376	0.81583
92	0.00782	0.00594	0.00720	0.00793	0.00903	0.00533	0.00555	0.00933	0.01366	0.01770	0.13520	0.44550	0.27144	0.01773	0.00782	0.00236	0.00344	0.01566	0.00603	0.00533
93	0.82186	0.01227	0.00932	0.00834	0.01227	0.01423	0.00687	0.01865	0.01080	0.02846	0.00883	0.01031	0.00687	0.00589	0.00393	0.00196	0.00491	0.00344	0.00393	0.00687
94	0.82186	0.01227	0.00932	0.00834	0.01227	0.01423	0.00687	0.01865	0.01080	0.02846	0.00883	0.01031	0.00687	0.00589	0.00393	0.00196	0.00491	0.00344	0.00393	0.00687
95	0.01022	0.00730	0.01022	0.01168	0.01314	0.00730	0.01022	0.01314	0.01460	0.01899	0.03359	0.07156	0.03651	0.01752	0.00876	0.00292	0.00584	0.69478	0.00584	0.00584
96	0.01057	0.00671	0.00884	0.00839	0.00999	0.00645	0.05795	0.01315	0.01350	0.02122	0.07411	0.22177	0.06487	0.01134	0.00599	0.00188	0.00374	0.00997	0.44367	0.00589
97	0.01148	0.01037	0.01364	0.01328	0.07180	0.04977	0.08073	0.01594	0.09584	0.02141	0.27376	0.05663	0.16413	0.05023	0.00850	0.00229	0.00520	0.04255	0.00558	0.00686
98	0.01244	0.01366	0.08640	0.61724	0.11533	0.01426	0.01835	0.01691	0.01294	0.01704	0.01135	0.01646	0.00859	0.00624	0.00631	0.00208	0.00844	0.00555	0.00284	0.00758
99	0.01425	0.01881	0.15186	0.02468	0.06647	0.01506	0.50634	0.01965	0.01465	0.02019	0.01426	0.02091	0.01160	0.00648	0.00729	0.00217	0.00992	0.06355	0.00333	0.00854
100	0.04180	0.01384	0.01597	0.01380	0.08278	0.03870	0.01007	0.18722	0.01797	0.10852	0.01375	0.01472	0.01040	0.00595	0.00545	0.00143	0.00584	0.00471	0.00478	0.40228
101	0.00898	0.00624	0.00721	0.00723	0.00878	0.00575	0.00535	0.01128	0.01485	0.02090	0.25598	0.12904	0.26183	0.01496	0.03738	0.00233	0.00371	0.01144	0.18110	0.00566
102	0.02151	0.01373	0.01549	0.01263	0.01697	0.01461	0.01018	0.24557	0.26934	0.23166	0.02439	0.02249	0.05497	0.00849	0.00646	0.00202	0.00564	0.00683	0.00678	0.01023
103	0.00827	0.00682	0.00737	0.00751	0.00957	0.00605	0.00586	0.01073	0.04019	0.01816	0.09217	0.06056	0.57259	0.01586	0.00765	0.00225	0.00365	0.11316	0.00596	0.00563
104	0.82186	0.01227	0.00932	0.00834	0.01227	0.01423	0.00687	0.01865	0.01080	0.02846	0.00883	0.01031	0.00687	0.00589	0.00393	0.00196	0.00491	0.00344	0.00393	0.00687
105	0.82186	0.01227	0.00932	0.00834	0.01227	0.01423	0.00687	0.01865	0.01080	0.02846	0.00883	0.01031	0.00687	0.00589	0.00393	0.00196	0.00491	0.00344	0.00393	0.00687
106	0.02412	0.01777	0.01904	0.01460	0.01967	0.01967	0.01206	0.71633	0.02983	0.03998	0.01523	0.01523	0.01079	0.00762	0.00635	0.00190	0.00698	0.00571	0.00635	0.01079
107	0.82186	0.01227	0.00932	0.00834	0.01227	0.01423	0.00687	0.01865	0.01080	0.02846	0.00883	0.01031	0.00687	0.00589	0.00393	0.00196	0.00491	0.00344	0.00393	0.00687
108	0.02412	0.01777	0.01904	0.01460	0.01967	0.01967	0.01206	0.71633	0.02983	0.03998	0.01523	0.01523	0.01079	0.00762	0.00635	0.00190	0.00698	0.00571	0.00635	0.01079
109	0.01968	0.01556	0.01654	0.01370	0.01798	0.01760	0.01098	0.35278	0.40060	0.03282	0.02087	0.01972	0.01536	0.00814	0.00640	0.00204	0.00594	0.00649	0.00640	0.01039
110	0.00909	0.00669	0.00965	0.00965	0.01060	0.00764	0.00726	0.01098	0.01004	0.01433	0.01749	0.02766	0.01705	0.16791	0.63321	0.00953	0.01520	0.00720	0.00347	0.00536
111	0.00836	0.00646	0.00763	0.00734	0.00910	0.00572	0.00550	0.01078	0.01651	0.02200	0.45624	0.05306	0.33989	0.01425	0.00749	0.00206	0.00308	0.01227	0.00653	0.00572
112	0.00907	0.00678	0.01011	0.01011	0.01121	0.00788	0.00782	0.01127	0.01017	0.01466	0.01707	0.02538	0.01606	0.06758	0.73218	0.01008	0.01670	0.00686	0.00341	0.00561
113	0.82186	0.01227	0.00932	0.00834	0.01227	0.01423	0.00687	0.01865	0.01080	0.02846	0.00883	0.01031	0.00687	0.00589	0.00393	0.00196	0.00491	0.00344	0.00393	0.00687
114	0.00926	0.00681	0.00945	0.00936	0.01011	0.00772	0.00683	0.01079	0.00988	0.01398	0.01767	0.02978	0.01789	0.27457	0.50498	0.00871	0.03605	0.00752	0.00352	0.00513
115	0.00918	0.00671	0.00868	0.00845	0.00991	0.00636	0.00634	0.01258	0.04618	0.02420	0.59830	0.12441	0.05521	0.01374	0.00757	0.00211	0.00328	0.04395	0.00679	0.00606
116	0.01586	0.55117	0.02969	0.16028	0.09655	0.02191	0.01307	0.01850	0.01301	0.01578	0.00962	0.01206	0.00840	0.00563	0.00474	0.00156	0.00719	0.00407	0.00278	0.00813
117	0.02325	0.01819	0.23332	0.01370	0.01996	0.01214	0.01386	0.10702	0.01808	0.44483	0.01981	0.01840	0.01284	0.00728	0.00627	0.00197	0.00677	0.00580	0.00613	0.01037
118	0.01901	0.02179	0.01919	0.01655	0.01878	0.38401	0.06231	0.02076	0.01442	0.03541	0.01046	0.01457	0.00933	0.04917	0.01254	0.00232	0.27374	0.00518	0.00325	0.00720
119	0.00912	0.00658	0.00911	0.00911	0.00986	0.00734	0.00657	0.01063	0.00987	0.01392	0.01799	0.03044	0.01826	0.29035	0.51242	0.00885	0.01338	0.00761	0.00355	0.00506
120	0.01455	0.01390	0.02367	0.26281	0.52261	0.01477	0.01890	0.01846	0.01390	0.01933	0.01173	0.01608	0.00956	0.00587	0.00630	0.00196	0.00782	0.00565	0.00304	0.00912
121	0.01337	0.01695	0.19731	0.01357	0.06217	0.01079	0.01236	0.03458	0.03111	0.02101	0.01251	0.03647	0.01035	0.00571	0.00531	0.00137	0.00608	0.00467	0.00364	0.50067
122	0.29100	0.06340	0.01718	0.01448	0.03447	0.40567	0.05047	0.02232	0.01504	0.02024	0.00965	0.01141	0.00786	0.00617	0.00514	0.00176	0.00886	0.00406	0.00345	0.00737
123	0.01022	0.00730	0.01022	0.01168	0.01314	0.00730	0.01022	0.01314	0.01460	0.01899	0.03359	0.07156	0.03651	0.01752	0.00876	0.00292	0.00584	0.69478	0.00584	0.00584
124	0.01912	0.01695	0.05975	0.01533	0.05705	0.06611	0.03007	0.23469	0.27535	0.06816	0.01844	0.01816	0.01363	0.00743	0.00622	0.00191	0.00658	0.00599	0.00559	0.07347
125	0.01478	0.01629	0.11113	0.06525	0.48242	0.01425	0.04219	0.04711	0.01483	0.02093	0.01452	0.04311	0.01294	0.00723	0.00656	0.00203	0.00763	0.06398	0.00351	0.00930
126	0.01702	0.37867	0.18811	0.01711	0.10949	0.06257	0.05047	0.02063	0.01400	0.07179	0.01126	0.01286	0.00900	0.00583	0.00522	0.00167	0.00782	0.00443	0.00320	0.00883
127	0.01338	0.12996	0.61965	0.01752	0.02625	0.01615	0.05263	0.01996	0.01340	0.01943	0.01111	0.01314	0.00812	0.00592	0.00584	0.00193	0.00910	0.00464	0.00271	0.00918
128	0.01614	0.00842	0.00927	0.00815	0.01071	0.00849	0.00639	0.08526	0.06526	0.14969	0.02128	0.02250	0.01586	0.00758	0.00509	0.00165	0.00390	0.00606	0.54078	0.00751
129	0.01020	0.00798	0.01140	0.09124	0.09705	0.00785	0.00896	0.01295	0.01549	0.03637	0.32528	0.14705	0.13093	0.01302	0.00738	0.00216	0.00446	0.05804	0.00575	0.00646
130	0.01666	0.08739	0.27505	0.02105	0.13829	0.09771	0.12084	0.04116	0.05343	0.06941	0.01311	0.01499	0.00983	0.00618	0.00614	0.00191	0.00872	0.00536	0.00356	0.00920
131	0.00891	0.00602	0.00701	0.00733	0.00741	0.00594	0.00428	0.00914	0.00985	0.01313	0.02319	0.19795	0.02710	0.61511	0.02711	0.00539	0.00562	0.01111	0.00428	0.00412
132	0.00995	0.00676	0.00868	0.00818	0.00993	0.00617	0.00625	0.01275	0.01741	0.06356	0.58528	0.04871	0.13138	0.01326	0.00749	0.00206	0.00329	0.04587	0.00685	0.00617
133	0.01575	0.01507	0.07042	0.02199	0.26716	0.01443	0.03047	0.10797	0.21640	0.03979	0.04173	0.02355	0.09087	0.00809	0.00651	0.00201	0.00634	0.00706	0.00493	0.00946
134	0.02023	0.05923	0.02220	0.02441	0.27085	0.43040	0.04347	0.02278	0.01638	0.01751	0.01063	0.01310	0.00889	0.00613	0.00591	0.00173	0.00983	0.00474	0.00320	0.00838
135	0.02033	0.01307	0.01477	0.01235	0.01648	0.01395	0.00987	0.14030	0.37049	0.23584	0.02602	0.02378	0.05626	0.00864	0.00647	0.00206	0.00534	0.00705	0.00681	0.01012
136	0.00802	0.00588	0.00753	0.00832	0.00919	0.00539	0.00578	0.00966	0.01390	0.01866	0.21627	0.50191	0.13077	0.01766	0.00787	0.00238	0.00345	0.01580	0.00617	0.00539
137	0.02221	0.01180	0.01659	0.05326	0.03793	0.01143	0.06983	0.09953	0.06507	0.40177	0.02123	0.02291	0.01534	0.10987	0.00992	0.00255	0.00632	0.00678	0.00627	0.00941
138	0.00957	0.00802	0.01097	0.01117	0.01143	0.00942	0.00828	0.01076	0.01142	0.01592	0.02700	0.54597	0.03190	0.01725	0.01190	0.00264	0.23143	0.01430	0.00496	0.00569
139	0.02846	0.01080	0.01472	0.01129	0.01619	0.00932	0.00932	0.03092	0.01816	0.74187	0.02503	0.02159	0.01570	0.00785	0.00638	0.00196	0.00540	0.00638	0.00785	0.01080
140	0.00959	0.00710	0.00935	0.01047	0.01209	0.00685	0.00897	0.01221	0.01457	0.01856	0.04067	0.06913	0.19783	0.01719	0.00847	0.00274	0.00523	0.53739	0.00585	0.00573
141	0.03327	0.01266	0.01439	0.04288	0.01620	0.05063	0.00997	0.25546	0.01831	0.08833	0.01793	0.07276	0.01596	0.08605	0.16583	0.00415	0.05053	0.03173	0.00504	0.00792
142	0.01255	0.01205	0.01915	0.53902	0.03561	0.01569	0.01650	0.01593	0.01180	0.01593	0.01039	0.01601	0.00842	0.00777	0.01067	0.00231	0.23478	0.00561	0.00281	0.00702
143	0.01696	0.78087	0.03324	0.01085	0.01628	0.02510	0.01085	0.01900	0.01289	0.01493	0.00882	0.01018	0.00814	0.00543	0.00407	0.00136	0.00678	0.00339	0.00271	0.00814
144	0.79324	0.01247	0.00967	0.00857	0.01253	0.01443	0.00706	0.04368	0.01148	0.02888	0.00906	0.01048	0.00701	0.00595	0.00401	0.00196	0.00498	0.00352	0.00401	0.00701
145	0.02412	0.01777	0.01904	0.01460	0.01967	0.01967	0.01206	0.71633	0.02983	0.03998	0.01523	0.01523	0.01079	0.00762	0.00635	0.00190	0.00698	0.00571	0.00635	0.01079
146	0.02412	0.01777	0.01904	0.01460	0.01967	0.01967	0.01206	0.71633	0.02983	0.03998	0.01523	0.01523	0.01079	0.00762	0.00635	0.00190	0.00698	0.00571	0.00635	0.01079
147	0.82186	0.01227	0.00932	0.00834	0.01227	0.01423	0.00687	0.01865	0.01080	0.02846	0.00883	0.01031	0.00687	0.00589	0.00393	0.00196	0.00491	0.00344	0.00393	0.00687
148	0.82186	0.01227	0.00932	0.00834	0.01227	0.01423	0.00687	0.01865	0.01080	0.02846	0.00883	0.01031	0.00687	0.00589	0.00393	0.00196	0.00491	0.00344	0.00393	0.00687
149	0.00887	0.00648	0.00833	0.00787	0.00941	0.00594	0.00590	0.01176	0.01770	0.02482	0.68416	0.04841	0.11022	0.01320	0.00748	0.00201	0.00301	0.01162	0.00690	0.00594
150	0.00860	0.00638	0.00709	0.00691	0.00874	0.00566	0.00519	0.01089	0.01556	0.02098	0.29823	0.05118	0.39767	0.01380	0.00708	0.00200	0.00310	0.01171	0.11357	0.00566
151	0.01198	0.01128	0.01903	0.76180	0.04369	0.01409	0.01762	0.01621	0.01268	0.01621	0.01128	0.01691	0.00846	0.00634	0.00634	0.00211	0.00846	0.00564	0.00282	0.00705
152	0.00805	0.00618	0.00742	0.00815	0.00935	0.00564	0.00581	0.00997	0.03099	0.01764	0.10190	0.42232	0.28036	0.01763	0.00783	0.00238	0.00359	0.04335	0.00599	0.00544
153	0.75174	0.01214	0.00980	0.00860	0.01262	0.01380	0.00709	0.01973	0.01145	0.09152	0.01026	0.01130	0.00765	0.00606	0.00414	0.00196	0.00495	0.00370	0.00427	0.00722
154	0.00893	0.03342	0.02881	0.00780	0.01008	0.00703	0.00623	0.01205	0.05157	0.02071	0.30814	0.05107	0.40345	0.01391	0.00728	0.00206	0.00351	0.01179	0.00613	0.00603
155	0.00751	0.00640	0.00646	0.00651	0.00859	0.00535	0.00486	0.00910	0.01438	0.01711	0.06329	0.08485	0.71174	0.01619	0.00752	0.00216	0.00323	0.01354	0.00589	0.00535
156	0.01595	0.08174	0.05655	0.05093	0.01862	0.03507	0.01134	0.04939	0.55193	0.02475	0.02212	0.02105	0.01670	0.00800	0.00620	0.00205	0.00580	0.00651	0.00566	0.00964
157	0.01570	0.05905	0.37143	0.02254	0.22602	0.05209	0.01915	0.02085	0.01430	0.08190	0.01251	0.01449	0.00935	0.00601	0.00596	0.00187	0.00826	0.00497	0.00334	0.05021
158	0.05891	0.33183	0.07693	0.01788	0.16539	0.08725	0.01341	0.07355	0.03488	0.06823	0.01177	0.01318	0.00948	0.00606	0.00520	0.00167	0.00733	0.00449	0.00363	0.00891
159	0.73689	0.01256	0.01106	0.01157	0.08871	0.01432	0.00820	0.01873	0.01118	0.02765	0.00916	0.01087	0.00721	0.00586	0.00417	0.00195	0.00518	0.00367	0.00384	0.00721
160	0.00966	0.00765	0.00917	0.00944	0.04994	0.00692	0.00665	0.01277	0.05184	0.03648	0.26419	0.04941	0.37506	0.01344	0.00724	0.00204	0.00367	0.03132	0.00604	0.04707
161	0.01222	0.02762	0.58070	0.01702	0.02499	0.01342	0.06790	0.01869	0.01404	0.02052	0.09072	0.01965	0.05030	0.00722	0.00636	0.00202	0.00848	0.00604	0.00333	0.00876
162	0.01218	0.01268	0.05662	0.68389	0.04229	0.01423	0.05621	0.01663	0.01285	0.01663	0.01137	0.01675	0.00850	0.00627	0.00639	0.00211	0.00863	0.00569	0.00283	0.00725
163	0.01330	0.01347	0.06690	0.31722	0.16545	0.01381	0.05233	0.06328	0.01418	0.01934	0.05264	0.04205	0.01376	0.04957	0.02927	0.00254	0.05302	0.00659	0.00352	0.00777
164	0.00968	0.01087	0.12357	0.00985	0.01259	0.00775	0.00885	0.01384	0.05582	0.02286	0.44198	0.14155	0.09057	0.01279	0.00728	0.00210	0.00421	0.01120	0.00606	0.00659

[dist]
# distance from previous block
# <min> <max>
0	1

[block]
# block no. 3 follows, 35 sequences, length 9
# corresponding to MSA columns:
# 348-356
name=unknown_D
#
# <colnr> <probs for GDERKNQSTAVLIFYWHMCP>
#	G	D	E	R	K	N	Q	S	T	A	V	L	I	F	Y	W	H	M	C	P
0	0.00880	0.00645	0.00760	0.00765	0.00857	0.00629	0.00515	0.01035	0.03027	0.01603	0.11846	0.12157	0.18762	0.33422	0.09936	0.00471	0.00601	0.01104	0.00492	0.00494
1	0.01977	0.01660	0.03333	0.02841	0.03567	0.23639	0.01042	0.04747	0.06637	0.21126	0.02156	0.18715	0.01941	0.01030	0.00662	0.00204	0.00712	0.02650	0.00545	0.00817
2	0.36474	0.01239	0.01197	0.01015	0.01437	0.01325	0.00814	0.02360	0.23034	0.07639	0.01563	0.01573	0.01179	0.00663	0.00502	0.00182	0.00494	0.00485	0.00494	0.16332
3	0.01605	0.25453	0.17557	0.09041	0.04575	0.06489	0.01419	0.13003	0.01631	0.02108	0.05409	0.06297	0.01375	0.00742	0.00571	0.00181	0.00744	0.00578	0.00379	0.00842
4	0.01657	0.14028	0.08105	0.01855	0.10541	0.01676	0.15050	0.13230	0.13995	0.04107	0.07986	0.01920	0.01584	0.00712	0.00629	0.00192	0.00720	0.00638	0.00459	0.00916
5	0.25761	0.07777	0.01061	0.00881	0.01108	0.01014	0.00689	0.01329	0.01213	0.02014	0.04371	0.26170	0.11007	0.01639	0.08209	0.00300	0.00570	0.03801	0.00478	0.00607
6	0.01482	0.06582	0.18769	0.01217	0.01824	0.04242	0.01194	0.05412	0.01447	0.05835	0.01324	0.05308	0.01104	0.00624	0.00537	0.00144	0.00632	0.00495	0.00387	0.41441
7	0.01744	0.01601	0.02161	0.09237	0.31876	0.08938	0.05291	0.11964	0.01682	0.05067	0.01259	0.01522	0.00991	0.00601	0.00606	0.00175	0.00758	0.00533	0.00387	0.13606
8	0.01269	0.00962	0.04802	0.00911	0.01144	0.00839	0.00700	0.05877	0.05463	0.08256	0.12660	0.03437	0.07421	0.31063	0.01735	0.03675	0.00541	0.00838	0.00500	0.07907

[dist]
# distance from previous block
# <min> <max>
0	14

# created by:
# /home/cegg/simao/soft/augustus-3.2.1/scripts/msa2prfl.pl ./align_prep/EOG090W0BVJ.fa
