[name]
unknown

[dist]
# distance from previous block
# <min> <max>
0	301

[block]
# block no. 0 follows, 30 sequences, length 8
# corresponding to MSA columns:
# 321-328
name=unknown_A
#
# <colnr> <probs for GDERKNQSTAVLIFYWHMCP>
#	G	D	E	R	K	N	Q	S	T	A	V	L	I	F	Y	W	H	M	C	P
0	0.08488	0.03247	0.14331	0.01530	0.02058	0.01324	0.10676	0.06434	0.05179	0.06616	0.04946	0.04569	0.06896	0.01011	0.00718	0.00227	0.00723	0.10694	0.03020	0.07314
1	0.04226	0.07769	0.11574	0.01580	0.06201	0.09526	0.01343	0.20081	0.02072	0.06278	0.02683	0.02938	0.14895	0.01011	0.00698	0.00215	0.00757	0.04681	0.00538	0.00933
2	0.01907	0.01735	0.02232	0.06424	0.13839	0.06805	0.09634	0.17907	0.14601	0.02800	0.01863	0.02010	0.03718	0.00767	0.00691	0.00204	0.00788	0.00670	0.00514	0.10889
3	0.01407	0.01207	0.01372	0.01042	0.01586	0.00989	0.00825	0.01909	0.10030	0.02307	0.02157	0.02239	0.09749	0.00724	0.00579	0.00136	0.00501	0.00591	0.00479	0.60170
4	0.54069	0.10955	0.07717	0.01131	0.01652	0.01794	0.01041	0.10272	0.01499	0.03019	0.01083	0.01228	0.00837	0.00666	0.00487	0.00207	0.00637	0.00420	0.00436	0.00850
5	0.11826	0.16463	0.11483	0.04517	0.09683	0.04210	0.06660	0.17201	0.04477	0.05162	0.01383	0.01548	0.01054	0.00698	0.00619	0.00203	0.00814	0.00550	0.00451	0.00998
6	0.04112	0.01376	0.02398	0.18839	0.23328	0.01421	0.13927	0.01966	0.01554	0.06306	0.05265	0.07228	0.01753	0.01022	0.03387	0.00263	0.00868	0.03661	0.00429	0.00897
7	0.08173	0.01226	0.01495	0.01239	0.01691	0.01200	0.00992	0.03166	0.18716	0.43472	0.02742	0.08732	0.02011	0.00985	0.00701	0.00227	0.00563	0.00813	0.00775	0.01081

[dist]
# distance from previous block
# <min> <max>
6	8

[block]
# block no. 1 follows, 30 sequences, length 12
# corresponding to MSA columns:
# 337-348
name=unknown_B
#
# <colnr> <probs for GDERKNQSTAVLIFYWHMCP>
#	G	D	E	R	K	N	Q	S	T	A	V	L	I	F	Y	W	H	M	C	P
0	0.01883	0.01764	0.05221	0.02736	0.29593	0.05901	0.08468	0.08427	0.09543	0.07330	0.05556	0.02027	0.01549	0.00765	0.00767	0.00214	0.03628	0.00682	0.00479	0.03465
1	0.01940	0.22532	0.11641	0.01679	0.09861	0.01764	0.01397	0.08639	0.05158	0.14300	0.08261	0.02066	0.01746	0.01043	0.04812	0.00250	0.00785	0.00629	0.00509	0.00988
2	0.05792	0.01178	0.07413	0.01211	0.01488	0.01022	0.03647	0.06032	0.09417	0.02425	0.16780	0.33977	0.03814	0.01514	0.00794	0.00249	0.00524	0.01342	0.00627	0.00754
3	0.04770	0.05733	0.08714	0.01422	0.01920	0.01335	0.08495	0.09534	0.05726	0.20378	0.12220	0.05655	0.09035	0.01011	0.00723	0.00220	0.00656	0.00867	0.00635	0.00951
4	0.01230	0.04891	0.11675	0.01146	0.01483	0.01036	0.01051	0.01635	0.04413	0.05924	0.27569	0.09704	0.15979	0.01352	0.00865	0.00234	0.04712	0.03730	0.00616	0.00757
5	0.01015	0.00677	0.00761	0.00761	0.00761	0.00677	0.00423	0.01015	0.01015	0.01353	0.02199	0.04567	0.02537	0.75476	0.03552	0.00677	0.00677	0.01015	0.00423	0.00423
6	0.01727	0.01658	0.02832	0.04283	0.71123	0.01658	0.02142	0.02142	0.01589	0.02280	0.01313	0.01727	0.01105	0.00622	0.00691	0.00207	0.00829	0.00622	0.00345	0.01105
7	0.01460	0.01402	0.04727	0.06471	0.34791	0.01374	0.01607	0.01981	0.07627	0.02338	0.14465	0.07085	0.02569	0.01003	0.00807	0.00230	0.03516	0.05131	0.00487	0.00929
8	0.01447	0.01240	0.01447	0.01034	0.01654	0.00930	0.00827	0.01757	0.01447	0.02274	0.01240	0.01447	0.01034	0.00517	0.00517	0.00103	0.00517	0.00413	0.00413	0.79742
9	0.04749	0.01461	0.05133	0.03429	0.09952	0.05425	0.04442	0.09195	0.09394	0.05243	0.08569	0.13864	0.11965	0.01180	0.00787	0.00232	0.02538	0.01008	0.00569	0.00866
10	0.20556	0.04232	0.05060	0.01132	0.01576	0.01304	0.00964	0.07995	0.07583	0.14506	0.11440	0.05499	0.07443	0.00967	0.00645	0.00211	0.00554	0.00767	0.00609	0.06956
11	0.05194	0.01134	0.01337	0.01213	0.05423	0.01012	0.00882	0.05607	0.05442	0.02429	0.09349	0.09307	0.11065	0.01018	0.00662	0.00180	0.00507	0.02977	0.00538	0.34723

[dist]
# distance from previous block
# <min> <max>
3	12

[block]
# block no. 2 follows, 30 sequences, length 59
# corresponding to MSA columns:
# 361-375,378-392,400-416,421-432
name=unknown_C
#
# <colnr> <probs for GDERKNQSTAVLIFYWHMCP>
#	G	D	E	R	K	N	Q	S	T	A	V	L	I	F	Y	W	H	M	C	P
0	0.01730	0.03927	0.02722	0.13351	0.49431	0.06384	0.05472	0.02195	0.04024	0.02176	0.01337	0.01736	0.01096	0.00648	0.00688	0.00210	0.00877	0.00619	0.00354	0.01026
1	0.04743	0.01523	0.02334	0.02097	0.13729	0.01433	0.16216	0.09909	0.04499	0.09773	0.01641	0.04249	0.01296	0.00702	0.00672	0.00190	0.00751	0.00661	0.00489	0.23093
2	0.01499	0.01495	0.05039	0.06352	0.47222	0.01414	0.01756	0.01936	0.03766	0.02239	0.06407	0.02805	0.13326	0.00879	0.00721	0.00215	0.00722	0.00805	0.00430	0.00974
3	0.00880	0.00709	0.00784	0.00765	0.00976	0.00613	0.00574	0.01109	0.01721	0.02195	0.28681	0.06206	0.49035	0.01652	0.00824	0.00230	0.00345	0.01401	0.00689	0.00613
4	0.00850	0.00607	0.00810	0.00972	0.01012	0.00567	0.00648	0.00972	0.01336	0.01781	0.03846	0.75020	0.04615	0.02186	0.00891	0.00283	0.00405	0.01984	0.00648	0.00567
5	0.01839	0.33684	0.13958	0.01452	0.02041	0.07455	0.01410	0.05397	0.21767	0.02231	0.01606	0.01649	0.01271	0.00730	0.00584	0.00192	0.00774	0.00535	0.00441	0.00985
6	0.01400	0.03610	0.71860	0.01989	0.03020	0.01621	0.02578	0.02210	0.01473	0.02210	0.01252	0.01473	0.00884	0.00663	0.00663	0.00221	0.01031	0.00516	0.00295	0.01031
7	0.01572	0.30391	0.46591	0.01694	0.02565	0.02043	0.02065	0.02165	0.01453	0.01999	0.01148	0.01342	0.00888	0.00639	0.00583	0.00194	0.00926	0.00463	0.00296	0.00981
8	0.01809	0.04420	0.03947	0.07016	0.13298	0.01548	0.01348	0.07992	0.26354	0.09978	0.04851	0.06839	0.02083	0.00979	0.00721	0.00230	0.00656	0.04314	0.00603	0.01013
9	0.00997	0.00748	0.01121	0.01121	0.01246	0.00872	0.00872	0.01246	0.01121	0.01620	0.01869	0.02741	0.01745	0.05234	0.72710	0.01121	0.01869	0.00748	0.00374	0.00623
10	0.00867	0.00679	0.00785	0.00822	0.00984	0.00597	0.00592	0.01060	0.01597	0.02048	0.19647	0.26691	0.37506	0.01819	0.00844	0.00246	0.00364	0.01580	0.00673	0.00597
11	0.01552	0.07397	0.52595	0.06449	0.04819	0.01690	0.06461	0.04458	0.01559	0.04775	0.01316	0.01549	0.00945	0.00669	0.00666	0.00217	0.00987	0.00546	0.00335	0.01015
12	0.07431	0.02700	0.40556	0.04812	0.24095	0.01631	0.04711	0.02165	0.01492	0.02289	0.01255	0.01553	0.00951	0.00647	0.00661	0.00217	0.00934	0.00553	0.00323	0.01023
13	0.01019	0.00754	0.00985	0.01101	0.01264	0.00721	0.00915	0.01284	0.01586	0.02037	0.07411	0.15679	0.18976	0.01902	0.00918	0.00293	0.00536	0.41347	0.00650	0.00622
14	0.43686	0.01473	0.01431	0.01166	0.01654	0.01607	0.00962	0.19756	0.01906	0.18020	0.01534	0.01539	0.01075	0.00743	0.00559	0.00214	0.00611	0.00512	0.00593	0.00960
15	0.01698	0.04375	0.18457	0.05996	0.46863	0.06191	0.02155	0.02184	0.01575	0.02191	0.01271	0.01627	0.01030	0.00639	0.00674	0.00208	0.00903	0.00579	0.00332	0.01052
16	0.00825	0.00707	0.00707	0.00707	0.00943	0.00589	0.00530	0.01001	0.01591	0.01885	0.07069	0.06716	0.70839	0.01767	0.00825	0.00236	0.00353	0.01473	0.00648	0.00589
17	0.00825	0.00707	0.00707	0.00707	0.00943	0.00589	0.00530	0.01001	0.01591	0.01885	0.07069	0.06716	0.70839	0.01767	0.00825	0.00236	0.00353	0.01473	0.00648	0.00589
18	0.01597	0.02231	0.17809	0.02749	0.03520	0.01736	0.55247	0.02230	0.01612	0.02230	0.01380	0.01800	0.01023	0.00603	0.00791	0.00232	0.01147	0.00761	0.00341	0.00959
19	0.01347	0.01270	0.02145	0.68881	0.09497	0.01558	0.01952	0.01808	0.01409	0.01818	0.01245	0.01851	0.00943	0.00692	0.00697	0.00231	0.00923	0.00620	0.00313	0.00799
20	0.01866	0.75896	0.03657	0.01194	0.01791	0.02761	0.01194	0.02090	0.01418	0.01642	0.00970	0.01119	0.00896	0.00597	0.00448	0.00149	0.00746	0.00373	0.00299	0.00896
21	0.01015	0.00677	0.00761	0.00761	0.00761	0.00677	0.00423	0.01015	0.01015	0.01353	0.02199	0.04567	0.02537	0.75476	0.03552	0.00677	0.00677	0.01015	0.00423	0.00423
22	0.01015	0.00677	0.00761	0.00761	0.00761	0.00677	0.00423	0.01015	0.01015	0.01353	0.02199	0.04567	0.02537	0.75476	0.03552	0.00677	0.00677	0.01015	0.00423	0.00423
23	0.01447	0.01240	0.01447	0.01034	0.01654	0.00930	0.00827	0.01757	0.01447	0.02274	0.01240	0.01447	0.01034	0.00517	0.00517	0.00103	0.00517	0.00413	0.00413	0.79742
24	0.01776	0.61094	0.03313	0.01291	0.01775	0.02585	0.01233	0.01990	0.01351	0.01647	0.00999	0.01251	0.00934	0.00887	0.03725	0.00214	0.12343	0.00426	0.00303	0.00863
25	0.00850	0.00607	0.00810	0.00972	0.01012	0.00567	0.00648	0.00972	0.01336	0.01781	0.03846	0.75020	0.04615	0.02186	0.00891	0.00283	0.00405	0.01984	0.00648	0.00567
26	0.03600	0.07450	0.52626	0.02016	0.05010	0.03531	0.07105	0.04253	0.01552	0.02256	0.01330	0.01689	0.01012	0.00700	0.00667	0.00219	0.00991	0.02666	0.00330	0.00998
27	0.01671	0.01619	0.02815	0.12920	0.58853	0.01651	0.06011	0.02102	0.01568	0.02215	0.01309	0.01753	0.01081	0.00629	0.00699	0.00212	0.00862	0.00633	0.00341	0.01054
28	0.00858	0.00617	0.00817	0.00973	0.01024	0.00575	0.00659	0.00988	0.01353	0.01795	0.03950	0.70538	0.06822	0.02164	0.00891	0.00283	0.00411	0.04065	0.00648	0.00570
29	0.01618	0.01615	0.02717	0.24788	0.37747	0.04150	0.10419	0.02052	0.01533	0.02083	0.01281	0.01763	0.01033	0.00666	0.00766	0.00221	0.03612	0.00640	0.00335	0.00963
30	0.03039	0.01167	0.01590	0.01226	0.01750	0.01010	0.01010	0.03312	0.01996	0.68664	0.05661	0.02496	0.01935	0.00888	0.00707	0.00216	0.00582	0.00726	0.00860	0.01165
31	0.01647	0.01882	0.04118	0.02941	0.03647	0.01765	0.68588	0.02235	0.01647	0.02235	0.01412	0.01882	0.01059	0.00588	0.00824	0.00235	0.01176	0.00824	0.00353	0.00941
32	0.02568	0.03245	0.01960	0.01781	0.02142	0.69552	0.01338	0.02827	0.04965	0.01761	0.01156	0.01318	0.00953	0.00729	0.00633	0.00182	0.01227	0.00464	0.00375	0.00822
33	0.01640	0.22929	0.37327	0.01978	0.05057	0.01936	0.12888	0.02221	0.01509	0.04539	0.01257	0.01484	0.00953	0.00639	0.00633	0.00203	0.00955	0.00537	0.00327	0.00988
34	0.00998	0.00745	0.01107	0.01107	0.01226	0.00864	0.00854	0.01237	0.01117	0.01609	0.01883	0.02817	0.01777	0.08138	0.69851	0.01103	0.01820	0.00759	0.00376	0.00615
35	0.00848	0.00615	0.00802	0.00952	0.01007	0.00568	0.00639	0.00974	0.01355	0.01789	0.04085	0.69958	0.09524	0.02155	0.00886	0.00280	0.00401	0.01946	0.00648	0.00568
36	0.01783	0.54941	0.21249	0.01401	0.02109	0.02414	0.01547	0.02160	0.01450	0.03890	0.01097	0.01249	0.00918	0.00622	0.00511	0.00170	0.00815	0.00420	0.00314	0.00939
37	0.03131	0.01188	0.01619	0.01242	0.01781	0.01026	0.01026	0.03401	0.01997	0.71606	0.02753	0.02375	0.01727	0.00864	0.00702	0.00216	0.00594	0.00702	0.00864	0.01188
38	0.01149	0.01226	0.08760	0.01406	0.01719	0.00998	0.10130	0.01635	0.08314	0.02097	0.05864	0.29669	0.10688	0.01575	0.00842	0.00264	0.00618	0.11728	0.00581	0.00737
39	0.01824	0.07348	0.40299	0.01780	0.02576	0.01598	0.06364	0.09059	0.01742	0.13761	0.01686	0.05957	0.01284	0.00794	0.00683	0.00219	0.00888	0.00655	0.00454	0.01031
40	0.06474	0.01928	0.02639	0.18808	0.05330	0.14186	0.21479	0.10502	0.01776	0.02318	0.01278	0.01665	0.00989	0.00723	0.00836	0.00225	0.06929	0.00637	0.00388	0.00890
41	0.02353	0.02881	0.02106	0.09620	0.11851	0.55584	0.01518	0.02594	0.01864	0.01794	0.01127	0.01385	0.00930	0.00704	0.00645	0.00189	0.01166	0.00491	0.00352	0.00846
42	0.01893	0.73231	0.03595	0.01216	0.01804	0.05328	0.01200	0.02115	0.01438	0.01644	0.00974	0.01125	0.00896	0.00601	0.00454	0.00150	0.00765	0.00376	0.00301	0.00892
43	0.01053	0.00797	0.00962	0.00938	0.01111	0.00789	0.00700	0.03505	0.05492	0.02193	0.23721	0.08027	0.19938	0.12256	0.11018	0.00419	0.00642	0.05175	0.00620	0.00642
44	0.01587	0.01358	0.06614	0.06967	0.23254	0.01203	0.03778	0.02001	0.03800	0.11611	0.08673	0.09883	0.09448	0.01065	0.00745	0.00227	0.00665	0.03330	0.02882	0.00908
45	0.01521	0.01482	0.02633	0.31807	0.33088	0.01589	0.10814	0.01968	0.01510	0.02057	0.01389	0.04465	0.01157	0.00705	0.00718	0.00224	0.00900	0.00697	0.00343	0.00932
46	0.01142	0.00754	0.01039	0.01168	0.01307	0.00730	0.00945	0.01388	0.01531	0.06051	0.03695	0.32013	0.04100	0.01960	0.00922	0.00301	0.00553	0.39096	0.00657	0.00647
47	0.01545	0.01497	0.08805	0.50147	0.08053	0.01493	0.04547	0.02020	0.01494	0.09137	0.01489	0.02065	0.01124	0.00743	0.00708	0.00231	0.00899	0.02758	0.00381	0.00864
48	0.01620	0.02917	0.46153	0.02196	0.03089	0.01639	0.20961	0.04332	0.01611	0.06794	0.01408	0.01653	0.00997	0.00660	0.00712	0.00224	0.01036	0.00618	0.00360	0.01021
49	0.00838	0.00657	0.00759	0.00840	0.00978	0.00578	0.00589	0.00986	0.01462	0.01833	0.05444	0.41155	0.37450	0.01979	0.00858	0.00260	0.00379	0.01730	0.00648	0.00578
50	0.01179	0.00961	0.01360	0.15635	0.01986	0.01137	0.01076	0.01665	0.10343	0.01792	0.01887	0.02754	0.01714	0.13066	0.37199	0.00740	0.03641	0.00759	0.00410	0.00695
51	0.02150	0.02138	0.24545	0.04518	0.02419	0.01508	0.04007	0.17702	0.02034	0.22175	0.01939	0.02219	0.01410	0.00980	0.03040	0.00253	0.00853	0.04476	0.00573	0.01061
52	0.01685	0.01615	0.02756	0.11508	0.64231	0.01647	0.02120	0.02104	0.01569	0.02228	0.01305	0.01741	0.01087	0.00630	0.00692	0.00210	0.00840	0.00622	0.00342	0.01071
53	0.00997	0.00748	0.01121	0.01121	0.01246	0.00872	0.00872	0.01246	0.01121	0.01620	0.01869	0.02741	0.01745	0.05234	0.72710	0.01121	0.01869	0.00748	0.00374	0.00623
54	0.02649	0.02057	0.02086	0.01620	0.02164	0.07415	0.01328	0.63880	0.03184	0.04198	0.01631	0.01644	0.01165	0.00829	0.00693	0.00207	0.00804	0.00615	0.00673	0.01159
55	0.22006	0.01538	0.01639	0.01329	0.01761	0.01690	0.03397	0.35875	0.02314	0.03501	0.05724	0.07006	0.01725	0.06440	0.00867	0.00252	0.00667	0.00731	0.00599	0.00939
56	0.37391	0.01768	0.03826	0.06468	0.18147	0.11903	0.01314	0.04788	0.01492	0.02595	0.01129	0.01403	0.00907	0.00726	0.00636	0.03008	0.00763	0.00483	0.00395	0.00856
57	0.01527	0.01346	0.02220	0.48601	0.12131	0.01546	0.06112	0.06858	0.01594	0.04630	0.01501	0.06139	0.01224	0.00785	0.00716	0.00230	0.00879	0.00717	0.00386	0.00859
58	0.01479	0.01276	0.01788	0.11101	0.04758	0.01126	0.06680	0.01820	0.01471	0.04676	0.01583	0.04347	0.03432	0.00684	0.00657	0.00156	0.02886	0.00589	0.00421	0.49069

[dist]
# distance from previous block
# <min> <max>
1	13

[block]
# block no. 3 follows, 30 sequences, length 21
# corresponding to MSA columns:
# 446,447,449-467
name=unknown_D
#
# <colnr> <probs for GDERKNQSTAVLIFYWHMCP>
#	G	D	E	R	K	N	Q	S	T	A	V	L	I	F	Y	W	H	M	C	P
0	0.01463	0.04261	0.15845	0.01333	0.01839	0.01199	0.03851	0.06979	0.03345	0.05903	0.09178	0.08096	0.05619	0.01459	0.09175	0.00306	0.00796	0.00801	0.03246	0.15307
1	0.01936	0.01399	0.01502	0.01278	0.01698	0.07202	0.01030	0.09679	0.12776	0.15727	0.08224	0.03269	0.04251	0.01032	0.00715	0.00211	0.00626	0.10779	0.00644	0.16023
2	0.02350	0.01786	0.01929	0.01492	0.02040	0.01916	0.01220	0.50247	0.11031	0.03881	0.01747	0.01751	0.01276	0.00800	0.00671	0.00196	0.00702	0.00613	0.00654	0.13700
3	0.01568	0.01319	0.01510	0.01110	0.01708	0.01094	0.00889	0.07386	0.06913	0.02498	0.01400	0.01556	0.01131	0.00576	0.00547	0.00122	0.00540	0.00460	0.00460	0.67212
4	0.03055	0.01310	0.01695	0.01300	0.01842	0.01207	0.01074	0.13826	0.02202	0.60892	0.02581	0.02264	0.01641	0.00860	0.00701	0.00215	0.00622	0.00690	0.00837	0.01187
5	0.01882	0.01572	0.01660	0.01450	0.01870	0.01804	0.01140	0.14084	0.59248	0.03155	0.02655	0.02456	0.01980	0.00929	0.00708	0.00232	0.00587	0.00763	0.00708	0.01118
6	0.01015	0.00677	0.00761	0.00761	0.00761	0.00677	0.00423	0.01015	0.01015	0.01353	0.02199	0.04567	0.02537	0.75476	0.03552	0.00677	0.00677	0.01015	0.00423	0.00423
7	0.01513	0.21221	0.55243	0.01795	0.02721	0.01899	0.02241	0.02181	0.01460	0.02072	0.01184	0.01387	0.00887	0.00647	0.00611	0.00204	0.00962	0.00481	0.00296	0.00998
8	0.01736	0.01499	0.01578	0.01420	0.01815	0.01736	0.01105	0.03708	0.69862	0.02919	0.02840	0.02604	0.02130	0.00947	0.00710	0.00237	0.00552	0.00789	0.00710	0.01105
9	0.01447	0.01240	0.01447	0.01034	0.01654	0.00930	0.00827	0.01757	0.01447	0.02274	0.01240	0.01447	0.01034	0.00517	0.00517	0.00103	0.00517	0.00413	0.00413	0.79742
10	0.04450	0.00971	0.01201	0.01135	0.01376	0.04110	0.03136	0.01700	0.01653	0.13810	0.16383	0.27182	0.06251	0.01537	0.00810	0.00248	0.00525	0.09734	0.00668	0.03119
11	0.01959	0.04286	0.01961	0.13794	0.02450	0.13367	0.04141	0.16714	0.12871	0.05036	0.04522	0.02148	0.04651	0.00846	0.00722	0.00208	0.02586	0.00673	0.00527	0.06539
12	0.01605	0.09771	0.06275	0.06254	0.10141	0.03872	0.06842	0.06373	0.03581	0.07370	0.02346	0.18827	0.05560	0.03741	0.00820	0.00237	0.00712	0.00970	0.00499	0.04203
13	0.10096	0.05281	0.05922	0.15085	0.05286	0.04448	0.01329	0.04776	0.04982	0.10764	0.03981	0.01934	0.03122	0.00788	0.00762	0.00205	0.06700	0.00598	0.00468	0.13471
14	0.05152	0.05028	0.15317	0.04188	0.05731	0.22236	0.04114	0.06941	0.05240	0.02236	0.01499	0.07173	0.01294	0.00800	0.00650	0.00197	0.00906	0.00630	0.00416	0.10255
15	0.06434	0.04067	0.03993	0.03870	0.01826	0.04439	0.03687	0.21009	0.05452	0.04812	0.04118	0.10801	0.10040	0.01055	0.00689	0.00212	0.00642	0.00869	0.06003	0.05981
16	0.01931	0.11742	0.15174	0.01610	0.02192	0.04786	0.06902	0.15030	0.15751	0.07629	0.04722	0.02147	0.01619	0.00826	0.00675	0.00213	0.00778	0.02467	0.02792	0.01015
17	0.01798	0.12905	0.11214	0.01375	0.01969	0.13389	0.01251	0.07979	0.06160	0.02292	0.01518	0.01647	0.03455	0.00681	0.00584	0.00161	0.00761	0.00507	0.00424	0.29932
18	0.08176	0.13199	0.11135	0.04000	0.04034	0.01687	0.01295	0.10505	0.13103	0.05806	0.07094	0.04522	0.01784	0.00860	0.00688	0.00208	0.03146	0.00670	0.03858	0.04230
19	0.01634	0.04198	0.12015	0.04429	0.02096	0.01343	0.04487	0.07130	0.08921	0.06929	0.06246	0.02448	0.01778	0.00834	0.00701	0.00193	0.02347	0.05983	0.00506	0.25783
20	0.01630	0.09113	0.06729	0.03699	0.04200	0.07266	0.11919	0.06558	0.03388	0.03989	0.04256	0.13702	0.01873	0.02905	0.00822	0.00219	0.03280	0.00836	0.00461	0.13156

[dist]
# distance from previous block
# <min> <max>
8	27

[block]
# block no. 4 follows, 30 sequences, length 55
# corresponding to MSA columns:
# 499-553
name=unknown_E
#
# <colnr> <probs for GDERKNQSTAVLIFYWHMCP>
#	G	D	E	R	K	N	Q	S	T	A	V	L	I	F	Y	W	H	M	C	P
0	0.05826	0.09444	0.12186	0.04354	0.17784	0.03793	0.04026	0.21980	0.04153	0.05131	0.01532	0.03982	0.01212	0.00762	0.00663	0.00209	0.00814	0.00626	0.00480	0.01043
1	0.03500	0.10920	0.09765	0.04531	0.16852	0.03402	0.01440	0.08983	0.10941	0.02484	0.05225	0.03927	0.01642	0.03376	0.00743	0.00216	0.00715	0.00664	0.05162	0.05513
2	0.01849	0.14378	0.13581	0.06486	0.21698	0.01746	0.01677	0.10233	0.03773	0.08910	0.05509	0.04067	0.01540	0.00780	0.00662	0.00206	0.00775	0.00653	0.00462	0.01015
3	0.04523	0.14063	0.04284	0.03928	0.15643	0.04972	0.03435	0.17116	0.16207	0.04552	0.01669	0.01770	0.01285	0.00744	0.00644	0.00203	0.00758	0.00602	0.00508	0.03095
4	0.04039	0.01478	0.10539	0.05803	0.04145	0.01226	0.08985	0.07383	0.06980	0.06081	0.07572	0.06759	0.21803	0.01139	0.00748	0.00228	0.00653	0.00988	0.02606	0.00844
5	0.10288	0.13172	0.20257	0.01652	0.06373	0.05993	0.01528	0.06903	0.11443	0.11022	0.01644	0.01767	0.01239	0.02966	0.00706	0.00221	0.00787	0.00567	0.00477	0.00995
6	0.01848	0.25280	0.06578	0.08617	0.09504	0.09118	0.01363	0.03983	0.05683	0.06087	0.01422	0.01614	0.01133	0.00678	0.00576	0.00178	0.00768	0.00516	0.06541	0.08515
7	0.01713	0.01726	0.02359	0.12248	0.39707	0.10159	0.01798	0.02194	0.06913	0.02130	0.01711	0.02041	0.05302	0.00781	0.00810	0.00218	0.06169	0.00664	0.00386	0.00972
8	0.01280	0.01118	0.01475	0.05087	0.01633	0.01353	0.01107	0.03399	0.08970	0.02060	0.08942	0.21341	0.07033	0.01493	0.01331	0.00275	0.25871	0.04964	0.00532	0.00735
9	0.24567	0.01687	0.01723	0.05112	0.02024	0.01907	0.01167	0.37919	0.11227	0.03711	0.01604	0.01651	0.01173	0.00791	0.00624	0.00216	0.00683	0.00578	0.00604	0.01032
10	0.00850	0.00607	0.00810	0.00972	0.01012	0.00567	0.00648	0.00972	0.01336	0.01781	0.03846	0.75020	0.04615	0.02186	0.00891	0.00283	0.00405	0.01984	0.00648	0.00567
11	0.01895	0.73157	0.03599	0.01209	0.01805	0.02739	0.01199	0.04560	0.01487	0.01744	0.00996	0.01140	0.00906	0.00606	0.00457	0.00151	0.00747	0.00383	0.00313	0.00906
12	0.02365	0.05503	0.07376	0.01781	0.02387	0.01779	0.14991	0.30963	0.02410	0.17961	0.04180	0.01948	0.01427	0.00789	0.00714	0.00214	0.00816	0.00685	0.00617	0.01093
13	0.01009	0.00700	0.00879	0.00879	0.00920	0.00741	0.00570	0.01091	0.01050	0.01440	0.02091	0.03969	0.02277	0.52474	0.26199	0.00822	0.01067	0.00927	0.00407	0.00488
14	0.00862	0.00612	0.00806	0.00956	0.00994	0.00575	0.00631	0.00975	0.01313	0.01750	0.03727	0.69906	0.04465	0.07506	0.01084	0.00312	0.00425	0.01913	0.00631	0.00556
15	0.07011	0.07235	0.02334	0.01695	0.02206	0.11330	0.13681	0.22763	0.02159	0.14089	0.01659	0.01868	0.01246	0.04432	0.02961	0.00257	0.00895	0.00641	0.00547	0.00990
16	0.02000	0.01662	0.01965	0.02120	0.18349	0.08047	0.01384	0.11647	0.19265	0.10298	0.04896	0.02338	0.05031	0.00906	0.00835	0.00223	0.06708	0.00725	0.00573	0.01028
17	0.01466	0.01453	0.01800	0.01600	0.01667	0.08298	0.01295	0.01642	0.01166	0.01655	0.01234	0.01934	0.01194	0.04716	0.21407	0.00529	0.45248	0.00646	0.00333	0.00718
18	0.01736	0.01499	0.01578	0.01420	0.01815	0.01736	0.01105	0.03708	0.69862	0.02919	0.02840	0.02604	0.02130	0.00947	0.00710	0.00237	0.00552	0.00789	0.00710	0.01105
19	0.02653	0.01955	0.02094	0.01606	0.02164	0.02164	0.01326	0.68796	0.03281	0.04398	0.01675	0.01675	0.01187	0.00838	0.00698	0.00209	0.00768	0.00628	0.00698	0.01187
20	0.01424	0.03436	0.65053	0.02085	0.03083	0.01635	0.09211	0.02212	0.01491	0.02212	0.01268	0.01514	0.00902	0.00655	0.00679	0.00222	0.01046	0.00547	0.00301	0.01022
21	0.01866	0.75896	0.03657	0.01194	0.01791	0.02761	0.01194	0.02090	0.01418	0.01642	0.00970	0.01119	0.00896	0.00597	0.00448	0.00149	0.00746	0.00373	0.00299	0.00896
22	0.02607	0.03326	0.01978	0.01798	0.02157	0.72674	0.01348	0.02787	0.01978	0.01708	0.01079	0.01258	0.00899	0.00719	0.00629	0.00180	0.01258	0.00449	0.00360	0.00809
23	0.02082	0.09315	0.20229	0.01889	0.06518	0.01531	0.12067	0.02539	0.01650	0.25973	0.01790	0.01896	0.01262	0.00971	0.04532	0.00264	0.03318	0.00635	0.00507	0.01032
24	0.02653	0.01955	0.02094	0.01606	0.02164	0.02164	0.01326	0.68796	0.03281	0.04398	0.01675	0.01675	0.01187	0.00838	0.00698	0.00209	0.00768	0.00628	0.00698	0.01187
25	0.01013	0.00685	0.00804	0.00804	0.00819	0.00700	0.00477	0.01043	0.01028	0.01385	0.02159	0.04347	0.02442	0.67031	0.11866	0.00730	0.00820	0.00983	0.00417	0.00447
26	0.01569	0.11535	0.34271	0.02416	0.08715	0.01811	0.25459	0.02199	0.01537	0.02156	0.01279	0.01595	0.00965	0.00626	0.00696	0.00216	0.01031	0.00615	0.00320	0.00990
27	0.01442	0.10185	0.54982	0.10574	0.03136	0.01725	0.04289	0.02148	0.01464	0.02105	0.01229	0.01498	0.00896	0.00659	0.00651	0.00216	0.00996	0.00524	0.00299	0.00985
28	0.00923	0.00725	0.00848	0.00894	0.01088	0.00651	0.00706	0.01151	0.01623	0.02040	0.13636	0.11591	0.41368	0.01797	0.00865	0.00259	0.00428	0.18135	0.00661	0.00610
29	0.00980	0.00768	0.00949	0.01009	0.01182	0.00737	0.00815	0.01213	0.01572	0.02000	0.09299	0.13899	0.31962	0.01825	0.00946	0.00274	0.03629	0.25683	0.00639	0.00619
30	0.01503	0.05795	0.23905	0.04343	0.12748	0.01364	0.01608	0.05960	0.01718	0.06493	0.15267	0.02903	0.08874	0.03552	0.00809	0.00232	0.00728	0.00799	0.00491	0.00910
31	0.01650	0.04429	0.37497	0.01602	0.02303	0.01420	0.01777	0.02440	0.12206	0.12986	0.02210	0.10778	0.03749	0.00953	0.00703	0.00229	0.00786	0.00788	0.00501	0.00994
32	0.02838	0.01661	0.10143	0.01402	0.01997	0.03767	0.01266	0.12345	0.02112	0.51451	0.02364	0.02130	0.01522	0.00831	0.00694	0.00214	0.00694	0.00660	0.00755	0.01155
33	0.01644	0.29836	0.33398	0.01705	0.02484	0.02042	0.07879	0.06105	0.01582	0.02120	0.01437	0.01617	0.03920	0.00690	0.00607	0.00196	0.00895	0.00539	0.00341	0.00964
34	0.01653	0.01812	0.13079	0.11494	0.28108	0.04935	0.05846	0.02088	0.01606	0.08049	0.04837	0.06588	0.05136	0.00849	0.00718	0.00220	0.00824	0.00769	0.00430	0.00957
35	0.01642	0.01589	0.02764	0.17865	0.54047	0.01643	0.06082	0.02077	0.01554	0.02179	0.01304	0.01763	0.01068	0.00635	0.00700	0.00214	0.00870	0.00634	0.00339	0.01031
36	0.01248	0.01153	0.01716	0.15362	0.02167	0.01449	0.03441	0.01463	0.01246	0.01754	0.02045	0.27972	0.02251	0.01447	0.01436	0.00281	0.31326	0.01112	0.00431	0.00701
37	0.01676	0.01389	0.02345	0.40740	0.24927	0.01529	0.04539	0.02106	0.01538	0.10349	0.01451	0.01882	0.01085	0.00690	0.00701	0.00223	0.00868	0.00639	0.00389	0.00934
38	0.01405	0.01533	0.05172	0.01936	0.02323	0.05665	0.27819	0.01857	0.05570	0.02036	0.02400	0.25766	0.04488	0.01232	0.00947	0.00253	0.07160	0.01166	0.00473	0.00798
39	0.01706	0.01636	0.02794	0.07871	0.67700	0.01652	0.02131	0.02123	0.01579	0.02254	0.01309	0.01734	0.01096	0.00626	0.00691	0.00209	0.00834	0.00622	0.00344	0.01088
40	0.01027	0.00781	0.01060	0.01044	0.01124	0.00887	0.00765	0.01185	0.01128	0.01575	0.02317	0.07706	0.06264	0.24524	0.38498	0.00823	0.07375	0.00930	0.00415	0.00572
41	0.09634	0.01462	0.01730	0.01337	0.01874	0.01459	0.01105	0.25530	0.02364	0.42837	0.02233	0.02030	0.01460	0.00836	0.00677	0.00214	0.00648	0.00649	0.00770	0.01150
42	0.01301	0.00838	0.01077	0.01004	0.01148	0.00862	0.00736	0.09270	0.03534	0.02036	0.14373	0.03145	0.09040	0.02229	0.08929	0.37927	0.00677	0.00830	0.00487	0.00557
43	0.00946	0.00761	0.01207	0.01208	0.01329	0.00711	0.08816	0.01124	0.01373	0.01836	0.03553	0.66227	0.04188	0.01994	0.00883	0.00278	0.00498	0.01844	0.00612	0.00612
44	0.00989	0.00735	0.01081	0.01091	0.01203	0.00842	0.00832	0.01216	0.01128	0.01614	0.02009	0.07235	0.01966	0.09232	0.64234	0.01044	0.01709	0.00839	0.00393	0.00608
45	0.01821	0.08931	0.24265	0.02518	0.16797	0.17697	0.13800	0.02320	0.01636	0.02068	0.01230	0.01520	0.00965	0.00648	0.00671	0.00205	0.01043	0.00565	0.00330	0.00969
46	0.02241	0.05798	0.18755	0.01486	0.02066	0.06556	0.01449	0.02688	0.04121	0.31418	0.06010	0.02085	0.01631	0.00844	0.00805	0.00215	0.06764	0.00640	0.00587	0.03842
47	0.01472	0.03593	0.67674	0.01977	0.02969	0.05877	0.02505	0.02244	0.01504	0.02180	0.01242	0.01460	0.00885	0.00666	0.00661	0.00219	0.01045	0.00512	0.00299	0.01018
48	0.11684	0.04859	0.25351	0.01943	0.11283	0.04370	0.05618	0.06082	0.04051	0.06623	0.05879	0.02113	0.05604	0.00796	0.00663	0.00216	0.00809	0.00652	0.00447	0.00959
49	0.01729	0.04308	0.10042	0.02499	0.28238	0.03426	0.01613	0.07820	0.11703	0.06037	0.04330	0.09477	0.03875	0.00925	0.00710	0.00220	0.00729	0.00809	0.00501	0.01008
50	0.02442	0.01745	0.01903	0.01482	0.02004	0.01881	0.01212	0.52527	0.05926	0.08048	0.01870	0.04910	0.01413	0.00879	0.00689	0.00205	0.00703	0.00683	0.02778	0.06699
51	0.02466	0.01894	0.06297	0.03882	0.15920	0.15565	0.03843	0.05133	0.01881	0.31144	0.01944	0.03816	0.01399	0.00794	0.00692	0.00210	0.00831	0.00657	0.00581	0.01051
52	0.01791	0.08476	0.20223	0.01567	0.04974	0.05023	0.03815	0.02286	0.05768	0.17277	0.02672	0.10823	0.10280	0.01029	0.00707	0.00221	0.00733	0.00860	0.00537	0.00938
53	0.01567	0.10501	0.08774	0.01810	0.11066	0.04052	0.06779	0.07866	0.04056	0.04648	0.02208	0.25104	0.02240	0.01252	0.00834	0.04155	0.00713	0.01035	0.00494	0.00847
54	0.01561	0.00966	0.01379	0.01250	0.01503	0.00942	0.05636	0.01882	0.05192	0.18487	0.06881	0.29964	0.08582	0.01544	0.00913	0.00259	0.04944	0.06657	0.00667	0.00793

[dist]
# distance from previous block
# <min> <max>
12	19

[block]
# block no. 5 follows, 30 sequences, length 26
# corresponding to MSA columns:
# 579-604
name=unknown_F
#
# <colnr> <probs for GDERKNQSTAVLIFYWHMCP>
#	G	D	E	R	K	N	Q	S	T	A	V	L	I	F	Y	W	H	M	C	P
0	0.01446	0.01341	0.02150	0.37427	0.23804	0.01435	0.01752	0.01855	0.01460	0.02019	0.01356	0.04400	0.01134	0.00697	0.00670	0.00204	0.00807	0.00633	0.00351	0.15059
1	0.01373	0.01183	0.01569	0.01445	0.08782	0.00973	0.03363	0.01677	0.01464	0.02188	0.01806	0.12654	0.01773	0.00873	0.00632	0.00160	0.00565	0.05327	0.00455	0.51737
2	0.01486	0.01388	0.01752	0.17417	0.13682	0.08483	0.01334	0.05331	0.01484	0.01934	0.01807	0.13792	0.01834	0.13878	0.01360	0.00309	0.07866	0.00880	0.00418	0.03564
3	0.01740	0.02184	0.17640	0.02509	0.19850	0.09399	0.13789	0.07097	0.01762	0.03911	0.04178	0.02210	0.04547	0.00780	0.00714	0.00216	0.00911	0.02483	0.03111	0.00967
4	0.00867	0.00658	0.00800	0.00872	0.00996	0.00590	0.00613	0.01044	0.01531	0.01998	0.16990	0.41118	0.25560	0.01918	0.00858	0.00257	0.00375	0.01694	0.00670	0.00590
5	0.01795	0.58725	0.10159	0.01428	0.02065	0.02513	0.06937	0.02201	0.05154	0.01815	0.01136	0.01298	0.00975	0.00622	0.00514	0.00168	0.00799	0.00447	0.00325	0.00924
6	0.04067	0.01521	0.01621	0.01430	0.01836	0.01731	0.01139	0.15819	0.49384	0.03134	0.02641	0.02842	0.02076	0.01003	0.00722	0.00238	0.00601	0.06432	0.00694	0.01070
7	0.01212	0.00606	0.00909	0.00909	0.00909	0.00606	0.00606	0.00909	0.00909	0.01212	0.01212	0.02121	0.01212	0.02424	0.02727	0.79697	0.00606	0.00606	0.00303	0.00303
8	0.08233	0.01811	0.01997	0.07414	0.16766	0.11290	0.01428	0.15753	0.16852	0.08833	0.01779	0.01865	0.01331	0.00777	0.00669	0.00214	0.00779	0.00624	0.00545	0.01037
9	0.00998	0.00744	0.01102	0.01102	0.01220	0.00862	0.00848	0.01234	0.01116	0.01606	0.01887	0.02839	0.01787	0.08979	0.69023	0.01098	0.01806	0.00762	0.00376	0.00612
10	0.01675	0.01560	0.02375	0.12235	0.38421	0.01672	0.03779	0.02600	0.23413	0.02419	0.01795	0.02029	0.01409	0.00734	0.00702	0.00221	0.00764	0.00681	0.00458	0.01058
11	0.02634	0.05413	0.01996	0.01725	0.02109	0.63550	0.01312	0.02824	0.01962	0.08451	0.01237	0.01362	0.00979	0.00729	0.00630	0.00182	0.01178	0.00471	0.00406	0.00848
12	0.01631	0.01548	0.02663	0.07266	0.55946	0.01557	0.05614	0.02047	0.01585	0.02230	0.01597	0.02471	0.01439	0.00779	0.00731	0.00224	0.00831	0.08437	0.00379	0.01025
13	0.02607	0.03326	0.01978	0.01798	0.02157	0.72674	0.01348	0.02787	0.01978	0.01708	0.01079	0.01258	0.00899	0.00719	0.00629	0.00180	0.01258	0.00449	0.00360	0.00809
14	0.01397	0.01039	0.01356	0.01238	0.01468	0.01184	0.00982	0.17557	0.01643	0.02291	0.01822	0.02484	0.01610	0.04172	0.55321	0.00901	0.01603	0.00719	0.00452	0.00759
15	0.00860	0.00697	0.00721	0.00730	0.00945	0.00594	0.00542	0.01048	0.01583	0.01959	0.09503	0.11243	0.59476	0.01729	0.00811	0.00234	0.00354	0.01455	0.04921	0.00594
16	0.01124	0.00803	0.01124	0.01285	0.01446	0.00803	0.01124	0.01446	0.01606	0.02088	0.03695	0.07871	0.04016	0.01928	0.00964	0.00321	0.00643	0.66426	0.00643	0.00643
17	0.00998	0.00744	0.01105	0.01105	0.01224	0.00863	0.00852	0.01235	0.01117	0.01608	0.01884	0.02825	0.01781	0.08461	0.69533	0.01101	0.01814	0.00760	0.00376	0.00614
18	0.01062	0.00838	0.00972	0.00916	0.01138	0.00812	0.00694	0.01612	0.12820	0.02556	0.41528	0.05223	0.24295	0.01447	0.00805	0.00227	0.00372	0.01246	0.00724	0.00711
19	0.01447	0.01240	0.01447	0.01034	0.01654	0.00930	0.00827	0.01757	0.01447	0.02274	0.01240	0.01447	0.01034	0.00517	0.00517	0.00103	0.00517	0.00413	0.00413	0.79742
20	0.01904	0.61842	0.10831	0.01305	0.01937	0.05192	0.01341	0.02191	0.01472	0.05024	0.01089	0.01222	0.00934	0.00621	0.00490	0.00161	0.00789	0.00407	0.00327	0.00921
21	0.80405	0.01350	0.01026	0.00918	0.01350	0.01565	0.00756	0.02051	0.01188	0.03131	0.00972	0.01134	0.00756	0.00648	0.00432	0.00216	0.00540	0.00378	0.00432	0.00756
22	0.01303	0.00784	0.01028	0.00927	0.01150	0.00711	0.00709	0.01618	0.01966	0.13076	0.58406	0.04838	0.08036	0.01354	0.00805	0.00219	0.00370	0.01185	0.00778	0.00735
23	0.01602	0.16651	0.44728	0.01830	0.04736	0.01782	0.04246	0.04299	0.01544	0.04322	0.01266	0.01461	0.00946	0.00647	0.00620	0.00198	0.00913	0.00504	0.00339	0.07367
24	0.01094	0.00911	0.04231	0.01083	0.01241	0.00807	0.00817	0.07627	0.01513	0.02043	0.03250	0.52400	0.03739	0.07207	0.03576	0.00327	0.00552	0.04040	0.00604	0.02938
25	0.01833	0.01588	0.01882	0.01588	0.02032	0.01788	0.07642	0.11051	0.55623	0.03023	0.02568	0.02427	0.01918	0.00900	0.00720	0.00233	0.00637	0.00774	0.00674	0.01098

[dist]
# distance from previous block
# <min> <max>
0	6

[block]
# block no. 6 follows, 30 sequences, length 27
# corresponding to MSA columns:
# 611-637
name=unknown_G
#
# <colnr> <probs for GDERKNQSTAVLIFYWHMCP>
#	G	D	E	R	K	N	Q	S	T	A	V	L	I	F	Y	W	H	M	C	P
0	0.01352	0.00945	0.01463	0.05189	0.05368	0.00912	0.06993	0.01632	0.01569	0.10390	0.05894	0.25504	0.06730	0.02890	0.00903	0.00277	0.00613	0.20023	0.00613	0.00738
1	0.02778	0.01261	0.01580	0.01240	0.01752	0.03890	0.01012	0.04393	0.01928	0.55459	0.02575	0.05176	0.01788	0.00903	0.00694	0.00208	0.00610	0.02617	0.00778	0.09357
2	0.01697	0.02126	0.16706	0.07054	0.33342	0.08471	0.01909	0.05022	0.01640	0.02252	0.01383	0.04547	0.01166	0.00705	0.00670	0.00201	0.00866	0.00616	0.00369	0.09256
3	0.03604	0.01453	0.02189	0.41135	0.21789	0.04270	0.01805	0.03715	0.01520	0.02069	0.01258	0.01735	0.00989	0.00662	0.00667	0.00209	0.00858	0.00586	0.00346	0.09142
4	0.01573	0.01501	0.02554	0.30431	0.46178	0.01618	0.02065	0.02007	0.01516	0.02093	0.01285	0.01777	0.01039	0.00650	0.00693	0.00217	0.00867	0.00621	0.00332	0.00981
5	0.01606	0.01876	0.07058	0.02618	0.03282	0.01696	0.53585	0.02146	0.01578	0.02200	0.01352	0.01792	0.01038	0.00628	0.00885	0.00226	0.06150	0.00751	0.00353	0.09183
6	0.01579	0.02369	0.35788	0.01600	0.02281	0.01405	0.02976	0.11678	0.03068	0.06900	0.13194	0.04902	0.05598	0.00964	0.00723	0.00225	0.00783	0.02501	0.00511	0.00956
7	0.00865	0.00698	0.00769	0.00774	0.00973	0.00603	0.00572	0.01070	0.01652	0.02082	0.21234	0.13525	0.49274	0.01734	0.00831	0.00237	0.00353	0.01478	0.00675	0.00603
8	0.01422	0.06191	0.04944	0.10049	0.05781	0.06833	0.16570	0.01863	0.03502	0.02256	0.21980	0.03321	0.07967	0.01005	0.00759	0.00222	0.00761	0.03263	0.00505	0.00806
9	0.01471	0.01445	0.02030	0.01757	0.01770	0.02004	0.01458	0.01634	0.01074	0.01673	0.01017	0.01655	0.01003	0.01644	0.09714	0.00391	0.66573	0.00625	0.00313	0.00749
10	0.04574	0.06910	0.10746	0.01753	0.02279	0.29537	0.07827	0.17687	0.02091	0.02487	0.01592	0.01746	0.04697	0.00859	0.02022	0.00217	0.01022	0.00588	0.00443	0.00924
11	0.02787	0.02546	0.01860	0.01601	0.02030	0.45592	0.01238	0.05558	0.02035	0.25562	0.01671	0.01654	0.01192	0.00773	0.00657	0.00193	0.01014	0.00542	0.00544	0.00952
12	0.01736	0.01499	0.01578	0.01420	0.01815	0.01736	0.01105	0.03708	0.69862	0.02919	0.02840	0.02604	0.02130	0.00947	0.00710	0.00237	0.00552	0.00789	0.00710	0.01105
13	0.01348	0.01240	0.02045	0.68060	0.04561	0.01531	0.01879	0.03752	0.01462	0.01876	0.01375	0.02153	0.01091	0.00763	0.00711	0.00236	0.00911	0.03887	0.00338	0.00781
14	0.00858	0.00611	0.00807	0.00961	0.01000	0.00572	0.00637	0.00974	0.01320	0.01760	0.03764	0.71523	0.04512	0.05825	0.01023	0.00303	0.00418	0.01936	0.00637	0.00560
15	0.01695	0.01661	0.02253	0.13544	0.22285	0.08202	0.06330	0.04869	0.08895	0.02239	0.01613	0.01917	0.03444	0.00754	0.00805	0.00208	0.06602	0.00637	0.00411	0.11634
16	0.01873	0.07152	0.11286	0.01599	0.06998	0.01564	0.01333	0.10384	0.18456	0.13136	0.08105	0.02648	0.07649	0.00952	0.00760	0.00221	0.03508	0.00766	0.00602	0.01009
17	0.02265	0.08128	0.07285	0.01749	0.02210	0.47781	0.04851	0.02705	0.08773	0.01921	0.01289	0.01444	0.01038	0.00712	0.00631	0.00185	0.01090	0.00501	0.00389	0.05052
18	0.01666	0.01310	0.01598	0.01315	0.06627	0.01065	0.00966	0.06056	0.01611	0.07512	0.01384	0.01549	0.01099	0.00570	0.00554	0.00126	0.00560	0.00463	0.00459	0.63510
19	0.01257	0.00860	0.01182	0.01190	0.06194	0.00841	0.04813	0.01343	0.01166	0.06464	0.02124	0.04036	0.02283	0.60029	0.02970	0.00582	0.00713	0.00952	0.00444	0.00559
20	0.02025	0.19258	0.02264	0.04753	0.04774	0.27761	0.01290	0.04438	0.01725	0.04045	0.04777	0.02016	0.01455	0.00840	0.00746	0.00195	0.06308	0.05194	0.00409	0.05728
21	0.01589	0.16417	0.41728	0.07024	0.02681	0.01774	0.02020	0.02163	0.01455	0.06941	0.01320	0.01569	0.00996	0.00933	0.04439	0.00259	0.04861	0.00527	0.00342	0.00963
22	0.01716	0.04685	0.07464	0.03129	0.03540	0.06420	0.19270	0.09019	0.09472	0.06124	0.14565	0.07109	0.02439	0.00941	0.00751	0.00223	0.00797	0.00874	0.00543	0.00917
23	0.01658	0.07696	0.09278	0.02561	0.14329	0.01716	0.30175	0.05136	0.06505	0.02328	0.01619	0.02221	0.01336	0.00733	0.00739	0.00221	0.00937	0.05527	0.00407	0.04878
24	0.02566	0.08021	0.02137	0.01827	0.07114	0.40314	0.01348	0.14478	0.02142	0.11512	0.01416	0.01505	0.01075	0.00743	0.00642	0.00190	0.01014	0.00522	0.00481	0.00954
25	0.01680	0.04785	0.02504	0.05939	0.42736	0.01629	0.05059	0.06308	0.08959	0.02415	0.04441	0.07147	0.01670	0.00813	0.00709	0.00216	0.00763	0.00761	0.00441	0.01024
26	0.05032	0.07311	0.36680	0.02364	0.13964	0.06087	0.12059	0.02197	0.01549	0.02217	0.03357	0.01639	0.01115	0.00667	0.00671	0.00214	0.00974	0.00583	0.00336	0.00984

[dist]
# distance from previous block
# <min> <max>
18	33

[block]
# block no. 7 follows, 30 sequences, length 17
# corresponding to MSA columns:
# 671-687
name=unknown_H
#
# <colnr> <probs for GDERKNQSTAVLIFYWHMCP>
#	G	D	E	R	K	N	Q	S	T	A	V	L	I	F	Y	W	H	M	C	P
0	0.01782	0.01753	0.06457	0.18635	0.26876	0.05517	0.13572	0.02323	0.05507	0.08482	0.01516	0.01853	0.01150	0.00681	0.00713	0.00219	0.00910	0.00658	0.00405	0.00991
1	0.00991	0.00998	0.07123	0.00928	0.01221	0.00733	0.00792	0.01298	0.01731	0.02340	0.34202	0.07834	0.28932	0.01449	0.00791	0.00220	0.00416	0.01242	0.00654	0.06104
2	0.13222	0.02401	0.08030	0.20542	0.05216	0.33403	0.01542	0.02308	0.01633	0.01993	0.01149	0.01470	0.00914	0.00807	0.02421	0.00227	0.01050	0.00503	0.00351	0.00818
3	0.65577	0.06466	0.01334	0.09621	0.01792	0.01646	0.00927	0.02022	0.01228	0.02868	0.01004	0.01219	0.00786	0.00650	0.00465	0.00213	0.00601	0.00406	0.00408	0.00768
4	0.01008	0.00703	0.00895	0.00895	0.00941	0.00749	0.00589	0.01101	0.01054	0.01452	0.02077	0.03890	0.02243	0.49443	0.29183	0.00841	0.01119	0.00916	0.00405	0.00497
5	0.06764	0.12363	0.02149	0.05495	0.04436	0.05091	0.01263	0.32006	0.11348	0.03214	0.01587	0.01661	0.01202	0.00758	0.00629	0.00195	0.00733	0.00571	0.00554	0.07980
6	0.00948	0.00678	0.00813	0.00845	0.00910	0.00668	0.00549	0.01037	0.01189	0.01564	0.03284	0.18593	0.14140	0.38830	0.12377	0.00589	0.00738	0.01244	0.00498	0.00507
7	0.00945	0.00680	0.00894	0.00907	0.01033	0.00630	0.00655	0.01209	0.01776	0.02482	0.49933	0.26937	0.05972	0.01663	0.00844	0.00239	0.00353	0.01487	0.00731	0.00630
8	0.02108	0.01408	0.02296	0.19789	0.17395	0.01430	0.09816	0.02619	0.06671	0.26389	0.01921	0.02069	0.01349	0.00744	0.00714	0.00222	0.00794	0.00686	0.00545	0.01033
9	0.02010	0.01607	0.01724	0.01475	0.01909	0.01817	0.01183	0.26157	0.41751	0.03372	0.02498	0.02665	0.01940	0.00980	0.00724	0.00233	0.00634	0.05521	0.00701	0.01099
10	0.01584	0.06748	0.01665	0.01096	0.01709	0.01172	0.00898	0.07681	0.01606	0.02415	0.01259	0.01443	0.01037	0.00551	0.00528	0.00116	0.00556	0.00429	0.00430	0.67077
11	0.02582	0.01919	0.02054	0.01591	0.02137	0.02131	0.01309	0.63751	0.08441	0.04283	0.01766	0.01747	0.01260	0.00846	0.00699	0.00212	0.00751	0.00641	0.00699	0.01180
12	0.01357	0.01145	0.01351	0.01024	0.01557	0.00875	0.00800	0.01639	0.01430	0.02200	0.01634	0.12551	0.01574	0.00769	0.00573	0.00131	0.00500	0.00650	0.00449	0.67792
13	0.01677	0.01190	0.01696	0.33676	0.03014	0.01349	0.01416	0.08188	0.06975	0.11449	0.02011	0.02754	0.01618	0.01055	0.03130	0.00261	0.00777	0.08067	0.08836	0.00860
14	0.01447	0.01240	0.01447	0.01034	0.01654	0.00930	0.00827	0.01757	0.01447	0.02274	0.01240	0.01447	0.01034	0.00517	0.00517	0.00103	0.00517	0.00413	0.00413	0.79742
15	0.59752	0.01466	0.01259	0.01082	0.01532	0.01683	0.00885	0.13473	0.08116	0.03324	0.01269	0.01366	0.00960	0.00708	0.00503	0.00217	0.00579	0.00459	0.00503	0.00862
16	0.01301	0.01868	0.27216	0.01374	0.01922	0.01071	0.03481	0.01773	0.01648	0.07068	0.20839	0.10182	0.10781	0.01142	0.00745	0.00222	0.00653	0.00981	0.00543	0.05189

[dist]
# distance from previous block
# <min> <max>
2	11

[block]
# block no. 8 follows, 30 sequences, length 19
# corresponding to MSA columns:
# 700-718
name=unknown_I
#
# <colnr> <probs for GDERKNQSTAVLIFYWHMCP>
#	G	D	E	R	K	N	Q	S	T	A	V	L	I	F	Y	W	H	M	C	P
0	0.02653	0.01955	0.02094	0.01606	0.02164	0.02164	0.01326	0.68796	0.03281	0.04398	0.01675	0.01675	0.01187	0.00838	0.00698	0.00209	0.00768	0.00628	0.00698	0.01187
1	0.01447	0.01240	0.01447	0.01034	0.01654	0.00930	0.00827	0.01757	0.01447	0.02274	0.01240	0.01447	0.01034	0.00517	0.00517	0.00103	0.00517	0.00413	0.00413	0.79742
2	0.00876	0.00644	0.00827	0.00964	0.01048	0.00595	0.00680	0.01027	0.01404	0.01830	0.04328	0.57304	0.14790	0.02094	0.00888	0.00280	0.00422	0.08773	0.00647	0.00578
3	0.01101	0.00787	0.01072	0.01211	0.01361	0.00782	0.01034	0.01386	0.01553	0.02013	0.03718	0.07521	0.07002	0.08526	0.01190	0.00349	0.00632	0.57519	0.00623	0.00620
4	0.01656	0.01415	0.01509	0.01362	0.01732	0.01621	0.01057	0.03453	0.62626	0.02906	0.10079	0.02882	0.02605	0.00998	0.00722	0.00235	0.00528	0.00839	0.00716	0.01057
5	0.01212	0.00606	0.00909	0.00909	0.00909	0.00606	0.00606	0.00909	0.00909	0.01212	0.01212	0.02121	0.01212	0.02424	0.02727	0.79697	0.00606	0.00606	0.00303	0.00303
