[name]
unknown

[dist]
# distance from previous block
# <min> <max>
22	193

[block]
# block no. 0 follows, 26 sequences, length 20
# corresponding to MSA columns:
# 218-237
name=unknown_A
#
# <colnr> <probs for GDERKNQSTAVLIFYWHMCP>
#	G	D	E	R	K	N	Q	S	T	A	V	L	I	F	Y	W	H	M	C	P
0	0.01708	0.08372	0.25193	0.05172	0.05289	0.07990	0.05740	0.06241	0.03734	0.02385	0.04515	0.02547	0.09608	0.01099	0.02955	0.00267	0.05002	0.00758	0.00444	0.00981
1	0.01903	0.29524	0.19725	0.01827	0.05888	0.02287	0.03380	0.09256	0.07805	0.02503	0.04649	0.01815	0.01441	0.00805	0.00737	0.00215	0.04139	0.00601	0.00440	0.01060
2	0.09143	0.56273	0.08401	0.01331	0.01973	0.02659	0.01340	0.02315	0.04113	0.02083	0.03635	0.01474	0.01239	0.00708	0.00529	0.00181	0.00788	0.00471	0.00374	0.00970
3	0.01903	0.28456	0.17397	0.01564	0.02193	0.08465	0.01582	0.02493	0.08512	0.05754	0.02110	0.02700	0.04781	0.00961	0.00686	0.00222	0.00867	0.07892	0.00471	0.00990
4	0.08453	0.09773	0.08084	0.01480	0.02027	0.01863	0.01311	0.26221	0.06964	0.06956	0.07587	0.08776	0.02128	0.01035	0.00726	0.00228	0.00723	0.00822	0.00647	0.04196
5	0.06593	0.02757	0.08431	0.01995	0.06968	0.29998	0.01567	0.16584	0.10324	0.05167	0.01640	0.01738	0.01246	0.00828	0.00710	0.00220	0.01036	0.00601	0.00532	0.01064
6	0.01990	0.01337	0.01597	0.01223	0.01795	0.01151	0.00979	0.05833	0.08030	0.16408	0.09657	0.02387	0.02101	0.00817	0.00672	0.00172	0.00573	0.00672	0.00641	0.41964
7	0.01056	0.00724	0.00877	0.00922	0.00946	0.00725	0.00567	0.01115	0.01202	0.01616	0.02810	0.21982	0.03249	0.49010	0.09365	0.00672	0.00782	0.01343	0.00517	0.00520
8	0.01489	0.00887	0.01129	0.01133	0.01338	0.00841	0.00842	0.01822	0.06254	0.14067	0.07463	0.32984	0.09599	0.07795	0.01157	0.00323	0.00533	0.08826	0.00737	0.00781
9	0.01754	0.36038	0.39338	0.01765	0.02669	0.02331	0.02111	0.02342	0.01574	0.02118	0.01220	0.01425	0.00967	0.00688	0.00613	0.00204	0.00979	0.00489	0.00322	0.01053
10	0.02097	0.01230	0.06159	0.01342	0.01746	0.00993	0.01179	0.02439	0.01926	0.29966	0.09568	0.10176	0.05595	0.01485	0.00881	0.00278	0.00644	0.20544	0.00785	0.00966
11	0.03274	0.01334	0.01871	0.01628	0.07561	0.01173	0.01217	0.03581	0.02134	0.63513	0.02860	0.02522	0.01821	0.00917	0.00762	0.00234	0.00667	0.00755	0.00891	0.01283
12	0.02399	0.01861	0.02577	0.13440	0.11005	0.02003	0.09502	0.32563	0.05168	0.09123	0.01811	0.01991	0.01307	0.00831	0.00775	0.00237	0.00900	0.00720	0.00614	0.01171
13	0.02287	0.08740	0.13360	0.01830	0.06882	0.01780	0.01598	0.17797	0.08371	0.16338	0.02302	0.02909	0.01838	0.01018	0.00768	0.00244	0.00806	0.09347	0.00647	0.01136
14	0.01005	0.00704	0.00846	0.00926	0.00967	0.00673	0.00580	0.01081	0.01314	0.01730	0.03645	0.35813	0.09307	0.35273	0.02304	0.00502	0.00572	0.01621	0.00591	0.00546
15	0.00970	0.00695	0.00851	0.00955	0.01014	0.00653	0.00619	0.01073	0.01391	0.01821	0.04134	0.45416	0.12579	0.22125	0.01766	0.00421	0.00515	0.01790	0.00636	0.00576
16	0.02028	0.04963	0.14248	0.02669	0.08755	0.05670	0.29426	0.14455	0.05108	0.02851	0.01586	0.01887	0.01188	0.00732	0.00797	0.00239	0.01095	0.00741	0.00459	0.01103
17	0.02217	0.23248	0.21208	0.01788	0.02479	0.22079	0.01775	0.10073	0.04255	0.02375	0.01334	0.01494	0.01055	0.00751	0.00650	0.00204	0.01054	0.00521	0.00409	0.01032
18	0.01928	0.04928	0.02373	0.07149	0.15882	0.01500	0.09501	0.07967	0.01893	0.11728	0.02280	0.11272	0.02076	0.01085	0.00800	0.00243	0.00800	0.07788	0.00566	0.08241
19	0.12518	0.07889	0.10051	0.01458	0.01931	0.15393	0.01280	0.07717	0.01848	0.04548	0.05460	0.13552	0.02144	0.02838	0.00788	0.00240	0.00821	0.02709	0.00526	0.06289

[dist]
# distance from previous block
# <min> <max>
28	85

[block]
# block no. 1 follows, 26 sequences, length 20
# corresponding to MSA columns:
# 391-410
name=unknown_B
#
# <colnr> <probs for GDERKNQSTAVLIFYWHMCP>
#	G	D	E	R	K	N	Q	S	T	A	V	L	I	F	Y	W	H	M	C	P
0	0.42383	0.01640	0.01740	0.08249	0.06313	0.07866	0.07549	0.02160	0.01510	0.02796	0.01830	0.04942	0.06518	0.00876	0.00632	0.00239	0.00765	0.00677	0.00464	0.00849
1	0.40921	0.08528	0.01886	0.01644	0.08612	0.13365	0.01197	0.08530	0.01754	0.05638	0.01263	0.01429	0.00987	0.00738	0.00575	0.00220	0.00796	0.00490	0.00480	0.00947
2	0.08467	0.00862	0.00936	0.00927	0.01118	0.00810	0.00649	0.01293	0.01431	0.02031	0.04016	0.18551	0.20501	0.23252	0.01738	0.00400	0.00551	0.04214	0.00585	0.07670
3	0.02118	0.55067	0.09907	0.01493	0.02143	0.14450	0.01470	0.02414	0.01652	0.01856	0.01104	0.01279	0.00973	0.00679	0.00543	0.00175	0.00936	0.00435	0.00335	0.00971
4	0.01806	0.08066	0.01743	0.01252	0.01744	0.07795	0.00997	0.04565	0.01722	0.07676	0.02021	0.11680	0.01928	0.04544	0.00832	0.00208	0.00678	0.03914	0.00531	0.36299
5	0.02516	0.01915	0.07473	0.01619	0.02244	0.01775	0.04061	0.34802	0.02720	0.15802	0.02477	0.02429	0.07474	0.00948	0.00756	0.00223	0.00774	0.00758	0.00706	0.08526
6	0.01188	0.00876	0.01062	0.01102	0.01273	0.00852	0.00830	0.07146	0.01783	0.02331	0.09580	0.28346	0.16983	0.08802	0.01221	0.00334	0.00540	0.14362	0.00695	0.00692
7	0.00981	0.00733	0.00872	0.00917	0.01076	0.00654	0.00661	0.01140	0.01652	0.02117	0.15733	0.24753	0.32956	0.02058	0.01110	0.07370	0.00430	0.03479	0.00691	0.00619
8	0.59073	0.01614	0.01390	0.01182	0.01678	0.01849	0.00971	0.15928	0.04746	0.03686	0.01311	0.01430	0.00989	0.00763	0.00545	0.00234	0.00640	0.00489	0.00545	0.00938
9	0.08595	0.04758	0.02143	0.01737	0.02228	0.25609	0.04038	0.22426	0.07673	0.03070	0.01716	0.02099	0.01396	0.00897	0.00717	0.00221	0.00977	0.04536	0.00562	0.04602
10	0.01062	0.00768	0.01021	0.01109	0.01249	0.00728	0.00857	0.01337	0.01785	0.02408	0.25449	0.27685	0.09014	0.01994	0.00964	0.00295	0.00488	0.20365	0.00746	0.00675
11	0.01146	0.00782	0.00918	0.00921	0.01122	0.00690	0.00667	0.01344	0.01719	0.07536	0.15399	0.23307	0.33225	0.06379	0.01090	0.00295	0.00437	0.01609	0.00728	0.00687
12	0.02203	0.19358	0.15286	0.02059	0.02757	0.16191	0.14916	0.13742	0.02085	0.02573	0.01368	0.01595	0.01064	0.00733	0.00702	0.00214	0.01082	0.00600	0.00426	0.01047
13	0.19392	0.01161	0.01296	0.01314	0.01603	0.01254	0.01097	0.07094	0.07746	0.02787	0.03082	0.11725	0.03167	0.01605	0.00857	0.00301	0.00651	0.32399	0.00657	0.00813
14	0.01064	0.00724	0.00856	0.00885	0.00911	0.00710	0.00533	0.01125	0.01273	0.01715	0.09048	0.18664	0.03632	0.52221	0.02996	0.00602	0.00640	0.01340	0.00545	0.00516
15	0.02357	0.01491	0.01881	0.01557	0.02017	0.01534	0.05210	0.20031	0.13536	0.21063	0.02859	0.15041	0.02423	0.01238	0.00822	0.00257	0.00695	0.04105	0.00773	0.01110
16	0.07020	0.01977	0.02742	0.02101	0.02696	0.06668	0.21745	0.22956	0.08174	0.09636	0.01973	0.02326	0.01497	0.00876	0.00795	0.00244	0.00952	0.03901	0.00612	0.01111
17	0.15726	0.01739	0.01864	0.01580	0.02026	0.11948	0.07391	0.10764	0.02002	0.13254	0.02280	0.09682	0.02051	0.01137	0.00766	0.00249	0.00816	0.10103	0.00617	0.04004
18	0.14961	0.11651	0.01973	0.01543	0.04846	0.13511	0.01199	0.08998	0.11221	0.05515	0.03845	0.02867	0.08042	0.01028	0.00700	0.00231	0.00779	0.05558	0.00572	0.00961
19	0.31546	0.09871	0.04627	0.01659	0.07986	0.05377	0.01287	0.13959	0.06013	0.05812	0.01574	0.01878	0.01255	0.00825	0.00625	0.00229	0.00753	0.03181	0.00534	0.01010

[dist]
# distance from previous block
# <min> <max>
0	29

[block]
# block no. 2 follows, 26 sequences, length 23
# corresponding to MSA columns:
# 441-463
name=unknown_C
#
# <colnr> <probs for GDERKNQSTAVLIFYWHMCP>
#	G	D	E	R	K	N	Q	S	T	A	V	L	I	F	Y	W	H	M	C	P
0	0.05912	0.04019	0.12455	0.09264	0.09675	0.09945	0.10217	0.12075	0.05684	0.10889	0.01708	0.01897	0.01247	0.00786	0.00742	0.00233	0.00975	0.00668	0.00517	0.01092
1	0.05647	0.07363	0.19552	0.02216	0.04831	0.06938	0.18683	0.12016	0.04559	0.05196	0.01555	0.01781	0.01156	0.00738	0.00739	0.00228	0.01022	0.00661	0.00463	0.04656
2	0.10624	0.19487	0.20777	0.01990	0.10063	0.05333	0.01787	0.11183	0.03881	0.06109	0.01452	0.01608	0.01110	0.00746	0.00648	0.00216	0.00895	0.00553	0.00453	0.01085
3	0.16590	0.06422	0.04969	0.01988	0.09361	0.08753	0.07348	0.12855	0.05633	0.09715	0.01610	0.01761	0.01212	0.00793	0.00751	0.00225	0.03730	0.00614	0.00533	0.05136
4	0.39152	0.06934	0.05843	0.01385	0.01913	0.10484	0.03419	0.08842	0.01792	0.07731	0.05055	0.01700	0.01346	0.00793	0.00601	0.00225	0.00774	0.00552	0.00520	0.00939
5	0.01172	0.05006	0.01139	0.00947	0.01217	0.03589	0.00705	0.01352	0.01581	0.01976	0.04883	0.11222	0.34049	0.14399	0.01362	0.00323	0.00548	0.03479	0.00595	0.10458
6	0.12269	0.33106	0.02610	0.01374	0.01870	0.16327	0.01184	0.05006	0.05693	0.02250	0.01896	0.05495	0.06364	0.00902	0.00609	0.00202	0.00833	0.00642	0.00451	0.00917
7	0.01103	0.00717	0.00946	0.01028	0.01078	0.00699	0.00709	0.01150	0.01346	0.01795	0.06377	0.27860	0.03685	0.20604	0.02133	0.16449	0.00595	0.10623	0.00570	0.00534
8	0.09056	0.32967	0.23389	0.01601	0.02324	0.08534	0.01708	0.04818	0.01667	0.02255	0.01337	0.04748	0.01159	0.00780	0.00608	0.00205	0.00920	0.00554	0.00378	0.00991
9	0.14053	0.02240	0.01885	0.01610	0.02089	0.20251	0.01270	0.19067	0.19863	0.07321	0.01944	0.01929	0.01447	0.00879	0.00699	0.00228	0.00866	0.00642	0.00631	0.01085
10	0.01006	0.00777	0.00929	0.00969	0.01165	0.00700	0.00750	0.01261	0.01800	0.02319	0.21294	0.15137	0.33415	0.01920	0.00934	0.00276	0.00445	0.13500	0.00735	0.00667
11	0.01095	0.00740	0.00936	0.01029	0.01165	0.00672	0.00734	0.01272	0.01602	0.06163	0.07438	0.47880	0.18429	0.02140	0.00942	0.00292	0.00453	0.05624	0.00724	0.00672
12	0.11010	0.02449	0.02400	0.01933	0.02468	0.22854	0.11369	0.24338	0.08335	0.03228	0.01608	0.01744	0.01213	0.00817	0.00726	0.00226	0.01017	0.00642	0.00558	0.01064
13	0.01095	0.00829	0.01110	0.01300	0.05906	0.00787	0.00888	0.01332	0.01665	0.02217	0.15931	0.26272	0.13664	0.08856	0.01226	0.00332	0.00533	0.14697	0.00680	0.00681
14	0.09175	0.01311	0.01646	0.01326	0.01838	0.01231	0.01073	0.07683	0.05138	0.48890	0.02886	0.10066	0.02112	0.01078	0.00761	0.00243	0.00630	0.00884	0.00855	0.01175
15	0.20868	0.01858	0.02066	0.01627	0.02174	0.02041	0.06129	0.41357	0.02737	0.04072	0.01781	0.06681	0.01428	0.00943	0.00714	0.00237	0.00781	0.00737	0.00657	0.01110
16	0.07579	0.01695	0.01841	0.01647	0.05114	0.07730	0.01278	0.18812	0.07316	0.22763	0.04298	0.03145	0.02094	0.01084	0.00781	0.00248	0.00763	0.09968	0.00736	0.01109
17	0.01099	0.00713	0.00857	0.00887	0.00895	0.00705	0.00527	0.01080	0.01149	0.01532	0.02563	0.16332	0.02964	0.52126	0.03248	0.10465	0.00675	0.01228	0.00485	0.00470
18	0.01111	0.00820	0.01051	0.01168	0.01307	0.00805	0.00902	0.01452	0.05565	0.02159	0.06752	0.30610	0.10530	0.07093	0.01180	0.00343	0.00560	0.25221	0.00694	0.00678
19	0.29217	0.01914	0.01979	0.01600	0.02129	0.13937	0.09544	0.05374	0.04400	0.20352	0.01759	0.01804	0.01247	0.00792	0.00664	0.00231	0.00843	0.00609	0.00591	0.01015
20	0.02267	0.02543	0.05505	0.02392	0.02990	0.24527	0.28477	0.05077	0.09931	0.06218	0.01690	0.01923	0.01274	0.00763	0.00792	0.00233	0.01169	0.00729	0.00475	0.01025
21	0.05698	0.04933	0.02829	0.05256	0.11053	0.14666	0.18337	0.11190	0.03944	0.02590	0.01514	0.01888	0.01212	0.01213	0.07127	0.00322	0.04085	0.00693	0.00447	0.01003
22	0.26642	0.06762	0.05956	0.01556	0.02029	0.25718	0.04239	0.02493	0.01767	0.04961	0.06085	0.02107	0.01589	0.00871	0.00653	0.00224	0.00931	0.04060	0.00475	0.00881

[dist]
# distance from previous block
# <min> <max>
1	41

[block]
# block no. 3 follows, 26 sequences, length 14
# corresponding to MSA columns:
# 505-518
name=unknown_D
#
# <colnr> <probs for GDERKNQSTAVLIFYWHMCP>
#	G	D	E	R	K	N	Q	S	T	A	V	L	I	F	Y	W	H	M	C	P
0	0.05403	0.00838	0.01100	0.01175	0.01341	0.00813	0.00912	0.01549	0.01640	0.08092	0.09903	0.31255	0.04288	0.02007	0.01066	0.05106	0.00555	0.21555	0.00700	0.00705
1	0.26303	0.02615	0.04283	0.01746	0.05193	0.32875	0.01335	0.08494	0.05997	0.02733	0.01332	0.01489	0.01050	0.00777	0.00634	0.00217	0.00998	0.00516	0.00469	0.00942
2	0.01008	0.00722	0.00976	0.01098	0.01173	0.00716	0.00783	0.01184	0.01441	0.01942	0.05908	0.44851	0.04291	0.09699	0.12481	0.00499	0.00754	0.09213	0.00636	0.00624
3	0.00962	0.00714	0.00904	0.01023	0.01135	0.00656	0.00731	0.01149	0.01602	0.02096	0.10859	0.46921	0.17910	0.02179	0.00955	0.00295	0.00447	0.08105	0.00716	0.00639
4	0.01606	0.01378	0.01588	0.01167	0.01816	0.01103	0.00930	0.02132	0.08438	0.02545	0.01530	0.01704	0.01248	0.00611	0.00584	0.00127	0.00566	0.00492	0.00483	0.69953
5	0.01465	0.00948	0.01225	0.01251	0.01457	0.00932	0.00980	0.08292	0.01892	0.08710	0.09411	0.33220	0.04323	0.01930	0.00945	0.00299	0.00573	0.20625	0.00742	0.00784
6	0.01405	0.00840	0.01043	0.00992	0.01237	0.00742	0.00742	0.01649	0.01866	0.14379	0.23466	0.20928	0.24317	0.01742	0.00888	0.00259	0.00436	0.01511	0.00784	0.00774
7	0.01182	0.00816	0.01093	0.01201	0.01368	0.00780	0.00973	0.01465	0.01742	0.04684	0.12534	0.22845	0.10755	0.02033	0.00985	0.00313	0.00564	0.33243	0.00726	0.00697
8	0.09369	0.11140	0.07036	0.02208	0.02871	0.09966	0.25381	0.17718	0.02169	0.02937	0.01448	0.01711	0.01101	0.00733	0.00738	0.00228	0.01051	0.00673	0.00471	0.01051
9	0.09694	0.01672	0.01716	0.01450	0.01918	0.08119	0.01149	0.13058	0.17109	0.24369	0.02600	0.09623	0.02029	0.01068	0.00751	0.00243	0.00707	0.00858	0.00752	0.01116
10	0.08510	0.00908	0.01040	0.01035	0.01229	0.00893	0.00760	0.04490	0.01643	0.06413	0.09165	0.21730	0.14214	0.16326	0.01478	0.00370	0.00556	0.07882	0.00660	0.00698
11	0.15677	0.09067	0.02379	0.01885	0.05776	0.20898	0.06218	0.20369	0.05672	0.03076	0.01462	0.01611	0.01132	0.00788	0.00673	0.00217	0.00961	0.00581	0.00519	0.01037
12	0.26236	0.05057	0.01736	0.01343	0.01812	0.04839	0.01105	0.20941	0.02169	0.10568	0.04383	0.02361	0.08359	0.00982	0.00771	0.00235	0.04782	0.00702	0.00623	0.00997
13	0.07998	0.01600	0.10929	0.01342	0.01734	0.01339	0.04120	0.11164	0.05429	0.04373	0.02024	0.03249	0.01934	0.33761	0.02138	0.00459	0.00799	0.00846	0.00512	0.04250

[dist]
# distance from previous block
# <min> <max>
4	19

[block]
# block no. 4 follows, 26 sequences, length 22
# corresponding to MSA columns:
# 546-567
name=unknown_E
#
# <colnr> <probs for GDERKNQSTAVLIFYWHMCP>
#	G	D	E	R	K	N	Q	S	T	A	V	L	I	F	Y	W	H	M	C	P
0	0.01180	0.00901	0.01235	0.01452	0.10452	0.00897	0.00862	0.01375	0.01486	0.02048	0.16790	0.08382	0.07198	0.30515	0.11473	0.00572	0.00816	0.01150	0.00549	0.00667
1	0.01303	0.00786	0.01029	0.01090	0.01253	0.00718	0.00795	0.01497	0.01650	0.11421	0.08008	0.46047	0.11712	0.02052	0.00935	0.00292	0.00481	0.07460	0.00744	0.00726
2	0.01644	0.11488	0.01976	0.01226	0.01836	0.01407	0.01023	0.01953	0.01531	0.02318	0.01275	0.01531	0.01091	0.00643	0.00725	0.00139	0.07013	0.00463	0.00421	0.60298
3	0.01953	0.01658	0.01674	0.01265	0.01889	0.10693	0.01002	0.02266	0.01720	0.09836	0.01507	0.01657	0.01187	0.00635	0.00601	0.00138	0.00684	0.00490	0.00496	0.58649
4	0.01042	0.00737	0.00880	0.00898	0.00975	0.00708	0.00582	0.01166	0.01440	0.01929	0.15924	0.16717	0.11620	0.36702	0.04984	0.00530	0.00621	0.01379	0.00599	0.00564
5	0.00960	0.00686	0.00921	0.01097	0.01157	0.00647	0.00767	0.01118	0.01488	0.01976	0.04161	0.65101	0.04938	0.02342	0.00978	0.00313	0.00471	0.09549	0.00703	0.00626
6	0.01704	0.03880	0.60025	0.02133	0.03152	0.11327	0.02616	0.02490	0.01678	0.02326	0.01335	0.01569	0.00963	0.00729	0.00716	0.00234	0.01155	0.00550	0.00330	0.01087
7	0.02167	0.02176	0.02455	0.02798	0.24806	0.16884	0.01756	0.11414	0.07846	0.02587	0.01509	0.01830	0.01243	0.01008	0.02759	0.00266	0.14323	0.00653	0.00461	0.01061
8	0.01318	0.00816	0.01027	0.01007	0.01224	0.00730	0.00751	0.01562	0.01840	0.11662	0.24170	0.24530	0.20737	0.01806	0.00903	0.00266	0.00439	0.03687	0.00776	0.00749
9	0.01441	0.01349	0.01899	0.01705	0.01739	0.01808	0.01383	0.01623	0.01214	0.01828	0.01649	0.11862	0.01738	0.02353	0.15957	0.00507	0.47875	0.00902	0.00399	0.00769
10	0.01631	0.08009	0.04654	0.01305	0.01642	0.09012	0.01063	0.10796	0.05762	0.02714	0.20946	0.18670	0.07928	0.01431	0.00817	0.00243	0.00646	0.01210	0.00665	0.00856
11	0.01206	0.00801	0.01102	0.01174	0.01305	0.00810	0.00897	0.01429	0.01489	0.05747	0.04932	0.25299	0.03687	0.10963	0.18709	0.00589	0.00950	0.17619	0.00617	0.00676
12	0.01258	0.00675	0.00954	0.00954	0.00983	0.00661	0.00638	0.01006	0.01077	0.01408	0.02090	0.03014	0.08885	0.06550	0.02784	0.64890	0.00632	0.00789	0.00379	0.00371
13	0.01869	0.47325	0.11256	0.11229	0.02566	0.02546	0.01579	0.02437	0.08887	0.02034	0.01359	0.01555	0.01127	0.00715	0.00584	0.00195	0.00852	0.00512	0.00376	0.00998
14	0.01460	0.01368	0.01961	0.01684	0.01861	0.01659	0.07158	0.01921	0.08820	0.02228	0.11586	0.08554	0.08713	0.01596	0.04710	0.00334	0.32013	0.01017	0.00524	0.00832
15	0.01103	0.00735	0.00827	0.00827	0.00827	0.00735	0.00460	0.01103	0.01103	0.01471	0.02390	0.04964	0.02758	0.73343	0.03861	0.00735	0.00735	0.01103	0.00460	0.00460
16	0.01783	0.01398	0.01658	0.06790	0.07942	0.01472	0.01191	0.14775	0.17252	0.06658	0.04177	0.04050	0.25169	0.01264	0.00810	0.00247	0.00630	0.01050	0.00687	0.00999
17	0.02597	0.03118	0.02699	0.02223	0.02720	0.48373	0.16359	0.08557	0.02194	0.02252	0.01315	0.01565	0.01045	0.00760	0.00740	0.00212	0.01299	0.00600	0.00422	0.00949
18	0.02883	0.02125	0.02276	0.01745	0.02352	0.02352	0.01442	0.66082	0.03566	0.04780	0.01821	0.01821	0.01290	0.00911	0.00759	0.00228	0.00835	0.00683	0.00759	0.01290
19	0.01613	0.14800	0.56813	0.02115	0.05383	0.01957	0.02550	0.02379	0.01596	0.02308	0.01315	0.01551	0.00971	0.00708	0.00685	0.00227	0.01065	0.00540	0.00323	0.01101
20	0.01104	0.00818	0.01043	0.01163	0.01279	0.00818	0.00851	0.01506	0.08872	0.02161	0.06378	0.46813	0.04567	0.05331	0.01089	0.00327	0.00519	0.13963	0.00705	0.00694
21	0.47136	0.01422	0.01382	0.01149	0.01649	0.01513	0.00940	0.06275	0.01701	0.24944	0.01779	0.01834	0.01259	0.03251	0.00697	0.00251	0.00625	0.00565	0.00639	0.00989

[dist]
# distance from previous block
# <min> <max>
0	4

[block]
# block no. 5 follows, 26 sequences, length 34
# corresponding to MSA columns:
# 572-586,588-606
name=unknown_F
#
# <colnr> <probs for GDERKNQSTAVLIFYWHMCP>
#	G	D	E	R	K	N	Q	S	T	A	V	L	I	F	Y	W	H	M	C	P
0	0.01772	0.02520	0.23021	0.06925	0.28842	0.06030	0.09914	0.02421	0.04134	0.02400	0.01553	0.02061	0.01251	0.00759	0.00766	0.00239	0.01029	0.02879	0.00385	0.01099
1	0.02089	0.02144	0.02446	0.12939	0.28446	0.19110	0.01857	0.07607	0.06029	0.02456	0.01672	0.02303	0.01421	0.00857	0.00758	0.00233	0.00997	0.05146	0.00452	0.01039
2	0.02467	0.01849	0.01992	0.01588	0.02106	0.02030	0.01289	0.48877	0.10222	0.04223	0.06545	0.05024	0.06157	0.01079	0.00785	0.00236	0.00737	0.00855	0.00760	0.01179
3	0.73123	0.01409	0.01098	0.01002	0.01441	0.01624	0.00813	0.02145	0.01302	0.03298	0.01280	0.06368	0.01122	0.00824	0.00505	0.00240	0.00576	0.00536	0.00486	0.00807
4	0.06770	0.00867	0.01060	0.01064	0.01272	0.00799	0.00771	0.01476	0.01593	0.06425	0.11682	0.40125	0.05585	0.04302	0.00964	0.00281	0.00486	0.03874	0.00679	0.09925
5	0.02252	0.06712	0.10172	0.10354	0.08803	0.10224	0.03927	0.10762	0.01984	0.13691	0.01630	0.01835	0.01209	0.00821	0.00862	0.00226	0.06808	0.00628	0.00509	0.06591
6	0.01974	0.02005	0.05037	0.15845	0.28959	0.10827	0.07063	0.02530	0.06472	0.05890	0.01567	0.01936	0.01231	0.00777	0.00845	0.00238	0.04636	0.00681	0.00426	0.01062
7	0.01141	0.00836	0.00972	0.00977	0.01165	0.00789	0.00707	0.01496	0.07127	0.04564	0.15905	0.20227	0.25875	0.10904	0.01278	0.00328	0.00475	0.03829	0.00709	0.00697
8	0.01512	0.09594	0.01465	0.01117	0.01374	0.01099	0.00878	0.01844	0.04860	0.10683	0.20446	0.14410	0.06888	0.11306	0.01256	0.00322	0.00566	0.08900	0.00692	0.00787
9	0.14909	0.01702	0.02424	0.02975	0.32826	0.01780	0.05138	0.05775	0.14304	0.08051	0.01828	0.02012	0.01405	0.00778	0.00717	0.00235	0.00788	0.00685	0.00529	0.01139
10	0.19081	0.01468	0.01837	0.04783	0.02090	0.01540	0.07997	0.14228	0.06292	0.12426	0.14218	0.02887	0.05972	0.01011	0.00743	0.00240	0.00684	0.00842	0.00671	0.00991
11	0.01132	0.00769	0.00924	0.00967	0.01010	0.00769	0.00647	0.01218	0.01261	0.01667	0.02789	0.05844	0.03152	0.55874	0.03171	0.00641	0.00726	0.16403	0.00518	0.00518
12	0.02052	0.01427	0.01906	0.01881	0.10097	0.01466	0.04573	0.11566	0.16484	0.15008	0.07535	0.13276	0.02775	0.01237	0.00828	0.00257	0.00679	0.05164	0.00722	0.01067
13	0.23008	0.41691	0.02830	0.01235	0.01825	0.02353	0.01145	0.04015	0.01616	0.12323	0.01362	0.01439	0.01075	0.00713	0.00530	0.00194	0.00726	0.00467	0.00466	0.00987
14	0.05953	0.02259	0.22308	0.12698	0.09716	0.01631	0.01895	0.09997	0.01898	0.12427	0.01641	0.01841	0.01180	0.00755	0.00707	0.00222	0.00880	0.00612	0.00495	0.10885
15	0.02002	0.31632	0.07539	0.01577	0.04342	0.16249	0.01368	0.04518	0.07983	0.02168	0.04222	0.02336	0.09354	0.00907	0.00651	0.00202	0.00867	0.00668	0.00457	0.00957
16	0.69410	0.01371	0.01087	0.01004	0.01423	0.01572	0.00807	0.02089	0.01310	0.03228	0.01429	0.09787	0.01323	0.00904	0.00529	0.00243	0.00569	0.00619	0.00497	0.00797
17	0.02062	0.02018	0.02904	0.13869	0.25660	0.09386	0.12559	0.13456	0.02041	0.02685	0.01450	0.01851	0.01143	0.00770	0.00864	0.00238	0.04839	0.00692	0.00437	0.01076
18	0.00973	0.00748	0.00850	0.00892	0.01049	0.00673	0.00634	0.01143	0.01600	0.02022	0.10845	0.20266	0.34952	0.14346	0.01433	0.00354	0.00474	0.05461	0.00672	0.00614
19	0.02107	0.19860	0.12605	0.04828	0.02663	0.05669	0.10325	0.18951	0.02146	0.02836	0.01418	0.01628	0.01098	0.00727	0.00678	0.00203	0.00933	0.00588	0.00464	0.10272
20	0.05156	0.00876	0.01119	0.01107	0.01239	0.00963	0.00813	0.01515	0.05984	0.01928	0.05357	0.03801	0.02450	0.22855	0.32413	0.05775	0.01265	0.04260	0.00481	0.00644
21	0.05286	0.16809	0.28283	0.06264	0.06127	0.03733	0.01982	0.10024	0.01846	0.07328	0.01440	0.01644	0.01080	0.00774	0.00758	0.00226	0.04319	0.00569	0.00430	0.01078
22	0.01593	0.04556	0.02417	0.21155	0.32566	0.01610	0.01856	0.02097	0.05726	0.02251	0.02001	0.14990	0.01913	0.01031	0.00783	0.00247	0.00822	0.00947	0.00448	0.00990
23	0.01347	0.00873	0.01073	0.01080	0.01292	0.00822	0.00812	0.01698	0.06403	0.10201	0.10952	0.25526	0.18794	0.06303	0.01096	0.00309	0.00507	0.09426	0.00734	0.00755
24	0.01149	0.00829	0.01001	0.00994	0.01134	0.00774	0.00696	0.01298	0.01408	0.01910	0.07115	0.12658	0.06733	0.36188	0.02318	0.00491	0.00635	0.12302	0.00563	0.09804
25	0.08712	0.19253	0.30171	0.02169	0.11024	0.07087	0.04285	0.02442	0.01644	0.04787	0.01325	0.01550	0.01024	0.00707	0.00654	0.00217	0.00981	0.00540	0.00372	0.01056
26	0.02423	0.02020	0.02074	0.10028	0.02542	0.10675	0.01449	0.39434	0.05230	0.03650	0.02035	0.07338	0.01713	0.01059	0.00783	0.00241	0.00878	0.04678	0.00654	0.01096
27	0.00991	0.00688	0.00860	0.00971	0.00999	0.00660	0.00613	0.01074	0.01322	0.01763	0.03514	0.47575	0.04176	0.28797	0.02045	0.00467	0.00550	0.01764	0.00613	0.00558
28	0.01898	0.03439	0.38954	0.02337	0.03204	0.18406	0.16225	0.02560	0.01775	0.02276	0.01353	0.01642	0.01006	0.00718	0.00750	0.00233	0.01215	0.00616	0.00351	0.01041
29	0.02683	0.03344	0.02081	0.01855	0.02280	0.62021	0.01398	0.02895	0.02081	0.01930	0.01193	0.01392	0.00995	0.00755	0.00669	0.00185	0.01272	0.00484	0.00398	0.10089
30	0.05810	0.01647	0.02341	0.01835	0.02231	0.05165	0.15492	0.02059	0.03911	0.02212	0.01458	0.02124	0.01311	0.09517	0.01562	0.00294	0.20156	0.00700	0.00414	0.19760
31	0.07283	0.01843	0.02116	0.01665	0.02221	0.01990	0.04370	0.41606	0.08555	0.11973	0.04176	0.02381	0.01728	0.00969	0.00766	0.00238	0.00777	0.03400	0.00746	0.01198
32	0.01064	0.00726	0.00841	0.00867	0.00892	0.00711	0.00515	0.01109	0.01230	0.01637	0.05708	0.15928	0.06122	0.55889	0.03145	0.00625	0.00657	0.01304	0.00525	0.00503
33	0.01487	0.01382	0.02208	0.63161	0.04836	0.01709	0.01998	0.02188	0.09368	0.02086	0.01556	0.02119	0.01167	0.00791	0.00760	0.00253	0.00962	0.00696	0.00389	0.00885

[dist]
# distance from previous block
# <min> <max>
0	7

[block]
# block no. 6 follows, 26 sequences, length 8
# corresponding to MSA columns:
# 614-621
name=unknown_G
#
# <colnr> <probs for GDERKNQSTAVLIFYWHMCP>
#	G	D	E	R	K	N	Q	S	T	A	V	L	I	F	Y	W	H	M	C	P
0	0.02136	0.01502	0.01668	0.01439	0.01862	0.01644	0.01122	0.10196	0.40264	0.14294	0.06394	0.03018	0.02432	0.07282	0.01043	0.00291	0.00631	0.00872	0.00775	0.01135
1	0.01987	0.02017	0.01978	0.02306	0.19486	0.22234	0.01423	0.05354	0.05021	0.04716	0.06237	0.11236	0.10516	0.01155	0.00785	0.00233	0.00866	0.00964	0.00543	0.00943
2	0.01150	0.00872	0.01241	0.12881	0.01796	0.00988	0.00950	0.01353	0.01223	0.01676	0.02059	0.03604	0.02088	0.31634	0.32334	0.00865	0.01347	0.00904	0.00416	0.00619
3	0.00944	0.00715	0.00872	0.00949	0.01083	0.00642	0.00667	0.01137	0.01669	0.02181	0.17442	0.40120	0.24669	0.02081	0.00932	0.00279	0.00407	0.01838	0.00729	0.00642
4	0.07057	0.01460	0.01782	0.01412	0.01969	0.01428	0.01154	0.11374	0.13250	0.46622	0.02762	0.02458	0.01823	0.00938	0.00748	0.00238	0.00658	0.00750	0.00864	0.01251
5	0.06002	0.29685	0.25930	0.01748	0.02533	0.02295	0.05592	0.07798	0.07292	0.02488	0.01424	0.01585	0.01111	0.00730	0.00637	0.00212	0.00917	0.00549	0.00408	0.01064
6	0.01281	0.00803	0.01181	0.01361	0.06945	0.00789	0.00895	0.01216	0.01281	0.01692	0.02555	0.09708	0.07724	0.02293	0.02109	0.45102	0.00645	0.11445	0.00458	0.00517
7	0.01485	0.00888	0.01105	0.01046	0.01309	0.00805	0.00801	0.01808	0.04187	0.15255	0.21784	0.17736	0.21734	0.01695	0.00888	0.00262	0.00464	0.05157	0.00786	0.00804

[dist]
# distance from previous block
# <min> <max>
0	6

[block]
# block no. 7 follows, 26 sequences, length 7
# corresponding to MSA columns:
# 628-634
name=unknown_H
#
# <colnr> <probs for GDERKNQSTAVLIFYWHMCP>
#	G	D	E	R	K	N	Q	S	T	A	V	L	I	F	Y	W	H	M	C	P
0	0.02365	0.01851	0.02225	0.02396	0.20437	0.07612	0.01534	0.25572	0.02550	0.10812	0.12566	0.02507	0.02257	0.00942	0.00773	0.00227	0.00800	0.00785	0.00654	0.01137
1	0.01462	0.01246	0.01802	0.01573	0.01697	0.01570	0.05279	0.01728	0.01315	0.02077	0.01638	0.02294	0.01457	0.02313	0.19538	0.00522	0.32922	0.00727	0.18067	0.00774
2	0.01435	0.01062	0.01203	0.01089	0.01337	0.01064	0.00811	0.16084	0.02127	0.02833	0.21061	0.14047	0.18099	0.12726	0.01334	0.00326	0.00542	0.01327	0.00713	0.00778
3	0.02673	0.01755	0.02245	0.02276	0.17385	0.01820	0.01523	0.26161	0.10753	0.22106	0.02218	0.02174	0.01563	0.00880	0.00760	0.00233	0.00767	0.00726	0.00723	0.01259
4	0.02066	0.23861	0.02638	0.02067	0.12805	0.22956	0.01499	0.02352	0.01805	0.02030	0.01830	0.03054	0.01790	0.01026	0.00719	0.00226	0.00971	0.14948	0.00439	0.00919
5	0.01873	0.01526	0.01734	0.01266	0.01925	0.01319	0.01023	0.16629	0.02030	0.03001	0.01457	0.01630	0.01162	0.00642	0.00607	0.00139	0.00624	0.00503	0.00520	0.60390
6	0.02027	0.09566	0.27330	0.01922	0.05039	0.01933	0.04047	0.18773	0.07202	0.06464	0.04558	0.04398	0.01610	0.00884	0.00736	0.00233	0.00895	0.00714	0.00538	0.01130

[dist]
# distance from previous block
# <min> <max>
0	2

[block]
# block no. 8 follows, 26 sequences, length 23
# corresponding to MSA columns:
# 637-659
name=unknown_I
#
# <colnr> <probs for GDERKNQSTAVLIFYWHMCP>
#	G	D	E	R	K	N	Q	S	T	A	V	L	I	F	Y	W	H	M	C	P
0	0.01610	0.01329	0.01409	0.01265	0.01583	0.04559	0.00974	0.10991	0.20724	0.03110	0.28617	0.07887	0.10111	0.01357	0.00835	0.00246	0.00546	0.01153	0.00767	0.00927
1	0.01529	0.01497	0.02884	0.05483	0.02840	0.01506	0.32553	0.05357	0.01652	0.02268	0.01894	0.07217	0.01674	0.02521	0.24844	0.00590	0.01445	0.00932	0.00431	0.00882
2	0.01926	0.01617	0.02762	0.07481	0.10100	0.01660	0.22229	0.04362	0.11101	0.11548	0.02214	0.10590	0.01864	0.01010	0.00948	0.00260	0.05776	0.00959	0.00555	0.01037
3	0.01586	0.01453	0.02361	0.59292	0.11777	0.01746	0.02082	0.06663	0.01689	0.02203	0.01391	0.01992	0.01052	0.00761	0.00758	0.00248	0.00987	0.00675	0.00372	0.00914
4	0.01086	0.00805	0.01180	0.01180	0.01302	0.00927	0.00900	0.01330	0.01208	0.01732	0.02067	0.03177	0.01982	0.12399	0.63744	0.01171	0.01903	0.00841	0.00412	0.00656
5	0.01315	0.00791	0.01008	0.01014	0.01172	0.00724	0.00713	0.01500	0.01662	0.11242	0.16806	0.33453	0.10781	0.12602	0.01352	0.00343	0.00491	0.01600	0.00725	0.00707
6	0.02162	0.01803	0.05133	0.02063	0.08904	0.03627	0.10848	0.12009	0.21911	0.12935	0.02785	0.02747	0.07628	0.00966	0.00791	0.00244	0.00794	0.00850	0.00663	0.01138
7	0.01840	0.01519	0.01664	0.01532	0.01924	0.01721	0.01227	0.09074	0.48139	0.03132	0.03164	0.03912	0.02643	0.01237	0.00827	0.00273	0.00641	0.13669	0.00756	0.01106
8	0.16062	0.01168	0.01388	0.01149	0.01593	0.01093	0.00917	0.02717	0.01867	0.38486	0.07172	0.06282	0.10402	0.05212	0.00919	0.00269	0.00582	0.00920	0.00783	0.01016
9	0.01696	0.02266	0.15076	0.12321	0.04021	0.01860	0.46598	0.02358	0.01721	0.02358	0.01480	0.01968	0.01100	0.00669	0.00847	0.00253	0.01216	0.00809	0.00367	0.01015
10	0.11688	0.00919	0.01066	0.01072	0.01202	0.00993	0.00790	0.01405	0.01320	0.01993	0.02829	0.08594	0.07194	0.29892	0.10667	0.00581	0.04856	0.11802	0.00519	0.00619
11	0.01062	0.00798	0.00985	0.01012	0.01204	0.00737	0.00798	0.01345	0.01847	0.02431	0.27946	0.06933	0.25088	0.05876	0.01105	0.00303	0.00482	0.18639	0.00735	0.00673
12	0.16724	0.00976	0.01045	0.01014	0.01248	0.00980	0.00735	0.04316	0.01565	0.08966	0.03611	0.25603	0.13914	0.14364	0.01341	0.00350	0.00549	0.01329	0.00640	0.00729
13	0.02724	0.13166	0.02398	0.01865	0.02291	0.61140	0.01443	0.02926	0.02067	0.01847	0.01156	0.01347	0.00977	0.00764	0.00657	0.00191	0.01292	0.00477	0.00382	0.00892
14	0.41612	0.01999	0.01665	0.01393	0.01899	0.11632	0.01128	0.24539	0.02203	0.03663	0.01339	0.01456	0.01006	0.00787	0.00600	0.00227	0.00783	0.00516	0.00559	0.00992
15	0.01180	0.00844	0.00957	0.00963	0.01029	0.00872	0.00601	0.01494	0.10162	0.01780	0.02785	0.16047	0.03076	0.51613	0.02956	0.00599	0.00668	0.01246	0.00543	0.00587
16	0.00942	0.00686	0.00892	0.01050	0.01125	0.00636	0.00726	0.01095	0.01501	0.01971	0.04532	0.61639	0.11532	0.02310	0.00966	0.00305	0.00452	0.06311	0.00704	0.00624
17	0.01805	0.05409	0.10528	0.13036	0.39045	0.01871	0.10541	0.04351	0.01743	0.02431	0.01418	0.01855	0.01134	0.00694	0.00755	0.00232	0.00983	0.00679	0.00375	0.01113
18	0.02962	0.02138	0.02181	0.01702	0.02285	0.08892	0.01392	0.49807	0.03202	0.14828	0.01945	0.01898	0.01353	0.00902	0.00752	0.00226	0.00857	0.00676	0.00751	0.01249
19	0.01913	0.02222	0.04041	0.06694	0.03811	0.11211	0.53674	0.02485	0.01824	0.02325	0.01475	0.01952	0.01120	0.00665	0.00859	0.00247	0.01277	0.00828	0.00382	0.00994
20	0.71073	0.01524	0.01448	0.01216	0.01715	0.01723	0.07272	0.02249	0.01340	0.03307	0.01104	0.01313	0.00854	0.00698	0.00512	0.00237	0.00655	0.00459	0.00461	0.00841
21	0.01048	0.00751	0.01018	0.01064	0.01137	0.00801	0.00744	0.01205	0.01246	0.01722	0.02689	0.21561	0.02949	0.24383	0.33250	0.00844	0.01247	0.01243	0.00498	0.00599
22	0.01755	0.01467	0.01701	0.01246	0.01881	0.01250	0.01006	0.10639	0.01826	0.02758	0.01397	0.01610	0.01141	0.00642	0.00672	0.00138	0.03684	0.00490	0.00486	0.64210

[dist]
# distance from previous block
# <min> <max>
0	3

[block]
# block no. 9 follows, 26 sequences, length 42
# corresponding to MSA columns:
# 663-668,671-689,691-707
name=unknown_J
#
# <colnr> <probs for GDERKNQSTAVLIFYWHMCP>
#	G	D	E	R	K	N	Q	S	T	A	V	L	I	F	Y	W	H	M	C	P
0	0.01289	0.01094	0.01576	0.01472	0.01607	0.01233	0.04846	0.01505	0.01407	0.01965	0.02681	0.21234	0.02962	0.10918	0.05729	0.00415	0.18829	0.13766	0.00528	0.04943
1	0.01072	0.00731	0.00828	0.00844	0.00867	0.00718	0.00490	0.01098	0.01180	0.01555	0.02935	0.11379	0.07672	0.61683	0.03382	0.00662	0.00683	0.01236	0.00500	0.00487
2	0.02149	0.55174	0.08272	0.01487	0.02119	0.16009	0.01437	0.02428	0.01664	0.01842	0.01099	0.01273	0.00973	0.00680	0.00542	0.00174	0.00942	0.00433	0.00337	0.00966
3	0.01671	0.01167	0.01409	0.01129	0.01618	0.00962	0.00901	0.03805	0.01726	0.10542	0.05758	0.03345	0.10858	0.01134	0.00869	0.05765	0.00566	0.06372	0.00584	0.39820
4	0.05293	0.04191	0.06235	0.02272	0.15149	0.13013	0.03840	0.14196	0.10365	0.10154	0.04364	0.02265	0.01671	0.00884	0.00744	0.00231	0.00885	0.02554	0.00584	0.01109
5	0.01669	0.01649	0.07263	0.44240	0.20304	0.01703	0.02141	0.02166	0.01603	0.06021	0.01455	0.01980	0.01104	0.00761	0.00800	0.00246	0.02867	0.00671	0.00380	0.00976
6	0.01600	0.01306	0.01539	0.01128	0.01761	0.00992	0.00895	0.01923	0.01587	0.04806	0.01573	0.05799	0.01379	0.00682	0.00593	0.00128	0.00558	0.00561	0.00482	0.70710
7	0.13701	0.01992	0.12320	0.01550	0.02164	0.01756	0.01422	0.20003	0.13906	0.17461	0.04685	0.02190	0.01704	0.00902	0.00719	0.00238	0.00743	0.00698	0.00691	0.01157
8	0.01551	0.03370	0.53937	0.02541	0.14698	0.01706	0.02603	0.02315	0.01615	0.02390	0.01528	0.05563	0.01226	0.00804	0.00740	0.00241	0.01045	0.00668	0.00351	0.01107
9	0.02522	0.01945	0.02073	0.01672	0.02215	0.02184	0.01354	0.43604	0.26633	0.04198	0.02280	0.02187	0.01661	0.00953	0.00763	0.00238	0.00750	0.00746	0.00763	0.01258
10	0.00906	0.00730	0.00808	0.00871	0.01052	0.00632	0.00622	0.01077	0.01630	0.02009	0.06434	0.30690	0.45721	0.02083	0.00922	0.00275	0.00404	0.01799	0.00704	0.00632
11	0.02512	0.01940	0.02067	0.01670	0.02211	0.02179	0.01352	0.42991	0.27262	0.04182	0.02292	0.02197	0.01672	0.00955	0.00764	0.00239	0.00747	0.00748	0.00764	0.01257
12	0.02277	0.01971	0.01989	0.18544	0.02809	0.18530	0.01473	0.09976	0.08234	0.13218	0.08268	0.02341	0.01893	0.00939	0.00834	0.00236	0.04161	0.00728	0.00584	0.00995
13	0.00920	0.00677	0.00863	0.01012	0.01088	0.00620	0.00684	0.01061	0.01495	0.01954	0.04721	0.62738	0.14778	0.02306	0.00957	0.00300	0.00431	0.02071	0.00704	0.00620
14	0.01448	0.00909	0.01098	0.01011	0.01278	0.00830	0.00771	0.04900	0.01977	0.12500	0.25821	0.11831	0.25117	0.04184	0.00985	0.00270	0.00464	0.03043	0.00776	0.00788
15	0.02531	0.29968	0.02835	0.01708	0.02195	0.45029	0.01403	0.02744	0.01921	0.01829	0.01128	0.01311	0.00976	0.00732	0.00610	0.00183	0.01159	0.00457	0.00366	0.00915
16	0.01860	0.01405	0.06565	0.01545	0.01821	0.01441	0.01332	0.02150	0.01517	0.18516	0.03929	0.04915	0.01891	0.02496	0.21100	0.00551	0.22513	0.03005	0.00541	0.00906
17	0.07760	0.00905	0.01097	0.01059	0.01290	0.00876	0.00818	0.01720	0.03948	0.08491	0.32891	0.11701	0.10050	0.04670	0.00998	0.00282	0.00480	0.09447	0.00755	0.00762
18	0.07398	0.01142	0.01446	0.01222	0.01621	0.01064	0.00958	0.06367	0.02001	0.37067	0.10475	0.16876	0.03043	0.04587	0.00941	0.00272	0.00583	0.01097	0.00817	0.01022
19	0.01777	0.01675	0.02720	0.14204	0.47223	0.01777	0.02113	0.02389	0.08184	0.02432	0.01664	0.02244	0.01398	0.00804	0.00834	0.00242	0.03656	0.03131	0.00420	0.01113
20	0.01681	0.01737	0.05633	0.26841	0.27539	0.01827	0.08243	0.02258	0.05423	0.02262	0.01462	0.01966	0.01166	0.00787	0.00937	0.00251	0.07886	0.00701	0.00380	0.01022
21	0.01381	0.01245	0.01859	0.06647	0.02005	0.01576	0.04263	0.01728	0.04081	0.01888	0.01635	0.02391	0.01495	0.03347	0.34965	0.00748	0.26818	0.00755	0.00389	0.00782
22	0.00987	0.00699	0.00922	0.01078	0.01135	0.00667	0.00749	0.01135	0.01453	0.01929	0.03947	0.55750	0.04659	0.10676	0.01319	0.00364	0.00511	0.10736	0.00675	0.00609
23	0.12414	0.21739	0.02640	0.01706	0.02194	0.32319	0.05216	0.04394	0.01851	0.04288	0.01216	0.01414	0.01004	0.00760	0.00698	0.00203	0.04105	0.00502	0.00408	0.00928
24	0.01190	0.00918	0.01271	0.01234	0.01437	0.00893	0.04690	0.01588	0.05366	0.02419	0.23019	0.09359	0.10412	0.11059	0.01327	0.00346	0.00591	0.21477	0.00694	0.00710
25	0.02010	0.15496	0.03125	0.09648	0.35173	0.12906	0.06540	0.02400	0.01745	0.02197	0.01317	0.01699	0.01102	0.00693	0.00702	0.00213	0.00996	0.00611	0.00365	0.01062
26	0.01338	0.00941	0.01044	0.00974	0.01273	0.00872	0.00744	0.01825	0.10745	0.09916	0.13691	0.08619	0.41839	0.01662	0.00867	0.00254	0.00442	0.01400	0.00756	0.00798
27	0.02139	0.48399	0.03342	0.06568	0.05074	0.07656	0.01403	0.08816	0.01838	0.04313	0.03370	0.01560	0.01243	0.00732	0.00582	0.00185	0.00853	0.00513	0.00412	0.01001
28	0.02620	0.01719	0.01942	0.01523	0.02044	0.01821	0.01244	0.42788	0.03050	0.15494	0.14942	0.02700	0.02533	0.01040	0.00786	0.00231	0.00709	0.00831	0.00805	0.01178
29	0.02085	0.01713	0.06953	0.12727	0.09386	0.01670	0.03974	0.17032	0.05983	0.12332	0.06161	0.02741	0.03972	0.01142	0.03101	0.00279	0.03614	0.03459	0.00608	0.01067
30	0.01826	0.02055	0.09697	0.02570	0.08076	0.01821	0.31161	0.05950	0.16129	0.02716	0.01845	0.02103	0.01395	0.00741	0.00801	0.00237	0.00994	0.00783	0.00487	0.08612
31	0.01084	0.00813	0.01219	0.01219	0.01354	0.00948	0.00948	0.01354	0.01219	0.01761	0.02032	0.02980	0.01896	0.05689	0.70337	0.01219	0.02032	0.00813	0.00406	0.00677
32	0.01028	0.00774	0.00950	0.00906	0.01105	0.00696	0.00680	0.01342	0.02039	0.02784	0.52509	0.06090	0.23020	0.01647	0.00895	0.00243	0.00365	0.01431	0.00801	0.00696
33	0.01746	0.01609	0.02641	0.15024	0.46341	0.01667	0.02041	0.05106	0.01833	0.02570	0.10124	0.02392	0.01949	0.00814	0.00771	0.00232	0.00845	0.00766	0.00447	0.01083
34	0.01639	0.01388	0.01609	0.01155	0.01826	0.01079	0.00926	0.05168	0.01674	0.02589	0.01372	0.01585	0.01132	0.00579	0.00572	0.00118	0.00576	0.00461	0.00465	0.74086
35	0.03019	0.01199	0.01615	0.01281	0.01790	0.01042	0.01034	0.03284	0.02055	0.58541	0.03252	0.07931	0.04978	0.04192	0.00916	0.00262	0.00623	0.00913	0.00891	0.01179
36	0.01039	0.00778	0.00965	0.00929	0.01126	0.00705	0.00704	0.01358	0.02034	0.02780	0.51584	0.06162	0.21210	0.01659	0.00901	0.00247	0.00378	0.03946	0.00799	0.00698
37	0.19751	0.09805	0.14716	0.01609	0.02270	0.08072	0.05245	0.07354	0.01876	0.19914	0.01707	0.01751	0.01204	0.00780	0.00660	0.00225	0.00856	0.00584	0.00556	0.01066
38	0.01084	0.00813	0.01219	0.01219	0.01354	0.00948	0.00948	0.01354	0.01219	0.01761	0.02032	0.02980	0.01896	0.05689	0.70337	0.01219	0.02032	0.00813	0.00406	0.00677
39	0.01511	0.00891	0.01106	0.01009	0.01256	0.00814	0.00752	0.03494	0.01923	0.14850	0.29157	0.11624	0.16625	0.10092	0.01226	0.00306	0.00482	0.01325	0.00771	0.00784
40	0.01772	0.01788	0.03409	0.10215	0.34816	0.01772	0.25904	0.02255	0.01690	0.02345	0.01454	0.01977	0.01171	0.00778	0.00927	0.04507	0.01039	0.00757	0.00372	0.01053
41	0.01648	0.14324	0.42605	0.06306	0.03321	0.01981	0.14797	0.02360	0.01624	0.02284	0.01346	0.01653	0.01003	0.00696	0.00720	0.00232	0.01097	0.00608	0.00334	0.01062

[dist]
# distance from previous block
# <min> <max>
5	15

[block]
# block no. 10 follows, 26 sequences, length 35
# corresponding to MSA columns:
# 736-770
name=unknown_K
#
# <colnr> <probs for GDERKNQSTAVLIFYWHMCP>
#	G	D	E	R	K	N	Q	S	T	A	V	L	I	F	Y	W	H	M	C	P
0	0.06845	0.01665	0.02741	0.29932	0.15197	0.01870	0.13517	0.08445	0.01760	0.02489	0.01393	0.01898	0.01083	0.00783	0.00913	0.00252	0.07139	0.00697	0.00402	0.00979
1	0.06025	0.01070	0.03672	0.04728	0.01538	0.01006	0.00934	0.06363	0.01755	0.02413	0.13034	0.08411	0.20691	0.10757	0.07037	0.00402	0.00706	0.08110	0.00623	0.00726
2	0.02632	0.21799	0.02662	0.01731	0.02241	0.36456	0.01416	0.17740	0.02324	0.02529	0.01295	0.01435	0.01050	0.00777	0.00650	0.00194	0.01095	0.00513	0.00460	0.01001
3	0.02525	0.01365	0.01699	0.01375	0.01862	0.01344	0.01112	0.13153	0.09499	0.32319	0.06347	0.02651	0.02086	0.01669	0.11258	0.00376	0.00857	0.00780	0.00768	0.06957
4	0.02099	0.01841	0.02123	0.18929	0.07241	0.11381	0.01601	0.06129	0.17657	0.10048	0.01911	0.02118	0.01446	0.00931	0.00998	0.00252	0.11020	0.00702	0.00542	0.01030
5	0.06069	0.13608	0.42800	0.01898	0.02816	0.01851	0.05186	0.02570	0.01671	0.12440	0.01554	0.01694	0.01102	0.00738	0.00687	0.00228	0.00982	0.00576	0.00425	0.01104
6	0.00959	0.00729	0.00870	0.00945	0.01085	0.00658	0.00673	0.01140	0.01619	0.02081	0.11955	0.33669	0.28221	0.06799	0.01130	0.00313	0.00446	0.05378	0.00701	0.00630
7	0.02587	0.02348	0.15609	0.01767	0.02459	0.02054	0.01657	0.41050	0.08339	0.11491	0.01968	0.01948	0.01377	0.00886	0.00753	0.00233	0.00851	0.00682	0.00693	0.01249
8	0.02493	0.31138	0.06336	0.01643	0.02205	0.29647	0.01440	0.07585	0.01991	0.07171	0.01323	0.01447	0.01067	0.00748	0.00619	0.00190	0.01039	0.00495	0.00431	0.00992
9	0.01750	0.01672	0.02849	0.23771	0.50490	0.01769	0.02265	0.02216	0.01667	0.02324	0.01404	0.01919	0.01147	0.00699	0.00753	0.00233	0.00933	0.00675	0.00364	0.01099
10	0.00947	0.00676	0.00906	0.01082	0.01136	0.00636	0.00743	0.01095	0.01474	0.01962	0.04168	0.67984	0.04967	0.02355	0.00974	0.00311	0.00460	0.06798	0.00704	0.00622
11	0.02615	0.01733	0.01934	0.01572	0.02105	0.01876	0.01270	0.26937	0.28260	0.19375	0.02596	0.02398	0.01832	0.00964	0.00765	0.00241	0.00698	0.00770	0.00806	0.01255
12	0.01925	0.50880	0.22212	0.01571	0.02340	0.05869	0.01727	0.02344	0.01587	0.01961	0.01146	0.01332	0.00970	0.00675	0.00562	0.00186	0.00925	0.00453	0.00326	0.01010
13	0.02099	0.01589	0.01737	0.01529	0.01976	0.01781	0.01211	0.08690	0.51397	0.10693	0.03028	0.03033	0.02297	0.01067	0.00785	0.00257	0.00629	0.04224	0.00786	0.01191
14	0.00927	0.00708	0.00833	0.00926	0.01050	0.00635	0.00636	0.01072	0.01533	0.01945	0.05409	0.42086	0.29515	0.07644	0.01162	0.00321	0.00441	0.01859	0.00685	0.00614
