[name]
unknown

[dist]
# distance from previous block
# <min> <max>
0	93

[block]
# block no. 0 follows, 27 sequences, length 16
# corresponding to MSA columns:
# 106-121
name=unknown_A
#
# <colnr> <probs for GDERKNQSTAVLIFYWHMCP>
#	G	D	E	R	K	N	Q	S	T	A	V	L	I	F	Y	W	H	M	C	P
0	0.01579	0.04879	0.06661	0.03129	0.04623	0.07632	0.01185	0.07079	0.03310	0.04486	0.07302	0.17736	0.07715	0.01566	0.04479	0.00288	0.00760	0.06429	0.00575	0.08585
1	0.02293	0.18672	0.07265	0.01760	0.05006	0.05336	0.06521	0.21085	0.04754	0.09898	0.01629	0.01720	0.01222	0.00755	0.00666	0.00199	0.00836	0.00596	0.00542	0.09244
2	0.01993	0.07903	0.06438	0.01320	0.01851	0.01368	0.01146	0.08396	0.01843	0.17153	0.05120	0.10556	0.01974	0.00978	0.00778	0.00200	0.04460	0.00785	0.00595	0.25143
3	0.04491	0.06834	0.26181	0.04716	0.06391	0.01547	0.01701	0.07741	0.06226	0.02478	0.02672	0.13329	0.10386	0.01133	0.00750	0.00242	0.00787	0.00944	0.00497	0.00954
4	0.01583	0.12729	0.16807	0.01716	0.05201	0.07171	0.05494	0.02215	0.09512	0.02361	0.13580	0.11239	0.02770	0.01113	0.00757	0.00234	0.00787	0.03285	0.00524	0.00920
5	0.01807	0.01628	0.06598	0.17113	0.17670	0.01569	0.09368	0.02331	0.05187	0.11182	0.04516	0.05536	0.01659	0.00884	0.00883	0.00240	0.05979	0.00786	0.00484	0.04580
6	0.00934	0.00686	0.00861	0.00981	0.01069	0.00633	0.00676	0.01084	0.01487	0.01942	0.07194	0.50429	0.16118	0.07528	0.01147	0.00323	0.00453	0.05175	0.00676	0.00604
7	0.01872	0.01804	0.02287	0.13107	0.16855	0.10794	0.07213	0.09693	0.12451	0.02597	0.05133	0.09043	0.01935	0.00967	0.00771	0.00237	0.00868	0.00857	0.00521	0.00997
8	0.01544	0.01395	0.02449	0.60432	0.04801	0.01646	0.09465	0.02043	0.01549	0.05522	0.01425	0.02011	0.01050	0.00738	0.00758	0.00247	0.01001	0.00689	0.00366	0.00868
9	0.01062	0.00742	0.00948	0.00958	0.01008	0.00786	0.00633	0.01163	0.01141	0.01567	0.02324	0.08404	0.02539	0.45470	0.27224	0.00860	0.01148	0.01043	0.00446	0.00534
10	0.00990	0.00673	0.00810	0.00920	0.01024	0.00624	0.00635	0.01171	0.01494	0.02079	0.04373	0.48530	0.15501	0.01972	0.00854	0.00268	0.00405	0.01748	0.15303	0.00624
11	0.01157	0.00914	0.01284	0.01230	0.01311	0.01102	0.00934	0.01346	0.01158	0.01669	0.01901	0.03144	0.01902	0.20346	0.44503	0.00943	0.13282	0.00836	0.00398	0.00639
12	0.01061	0.00808	0.00987	0.01022	0.01180	0.00791	0.00747	0.01452	0.07964	0.02254	0.18794	0.26754	0.16536	0.06530	0.05287	0.00354	0.00545	0.05558	0.00691	0.00683
13	0.61546	0.01490	0.01266	0.05624	0.01712	0.04578	0.00952	0.02146	0.01320	0.03040	0.01127	0.01373	0.00892	0.00747	0.00624	0.00233	0.05509	0.00454	0.04567	0.00802
14	0.04962	0.02133	0.06712	0.12736	0.19473	0.12296	0.04066	0.14570	0.10677	0.02792	0.01618	0.01859	0.01243	0.00779	0.00723	0.00227	0.00931	0.00649	0.00485	0.01068
15	0.01414	0.13622	0.33959	0.01562	0.02211	0.01571	0.01736	0.01962	0.03730	0.02053	0.02001	0.09811	0.03689	0.12364	0.04911	0.00356	0.00932	0.00822	0.00405	0.00890

[dist]
# distance from previous block
# <min> <max>
0	1

[block]
# block no. 1 follows, 27 sequences, length 11
# corresponding to MSA columns:
# 123-133
name=unknown_B
#
# <colnr> <probs for GDERKNQSTAVLIFYWHMCP>
#	G	D	E	R	K	N	Q	S	T	A	V	L	I	F	Y	W	H	M	C	P
0	0.01662	0.01638	0.11770	0.03472	0.12991	0.01353	0.06282	0.06824	0.03844	0.08754	0.06646	0.08544	0.04084	0.01934	0.14788	0.00429	0.01027	0.00896	0.02112	0.00951
1	0.05639	0.01520	0.01591	0.01218	0.01808	0.06291	0.00967	0.04957	0.06241	0.06210	0.01585	0.03438	0.01296	0.00683	0.00597	0.00148	0.00625	0.00536	0.00503	0.54148
2	0.01448	0.05591	0.03865	0.03965	0.05881	0.05330	0.00993	0.01816	0.06190	0.05554	0.19607	0.12243	0.03577	0.18959	0.01520	0.00354	0.00651	0.01101	0.00592	0.00762
3	0.01080	0.00770	0.01067	0.01063	0.01170	0.00853	0.00783	0.01295	0.01246	0.01794	0.06534	0.03528	0.02393	0.20717	0.47395	0.00970	0.01507	0.00892	0.04325	0.00618
4	0.01301	0.01112	0.01779	0.01487	0.01799	0.01080	0.14906	0.01698	0.04760	0.05239	0.16138	0.16443	0.19080	0.01672	0.04062	0.00301	0.04416	0.01320	0.00627	0.00781
5	0.01907	0.06521	0.02033	0.04223	0.02123	0.06727	0.03444	0.13658	0.08251	0.02709	0.01540	0.01748	0.01234	0.00905	0.03146	0.00214	0.05391	0.00568	0.00496	0.33163
6	0.36356	0.01560	0.04121	0.01406	0.06606	0.04383	0.01058	0.06845	0.04497	0.02916	0.01997	0.08927	0.06061	0.00947	0.00619	0.00223	0.00638	0.00721	0.00514	0.09605
7	0.02114	0.22593	0.02381	0.06296	0.02142	0.21021	0.01255	0.04404	0.07441	0.05253	0.01521	0.01709	0.01232	0.00947	0.03615	0.00227	0.00931	0.00539	0.05269	0.09110
8	0.09078	0.11527	0.01966	0.11620	0.02123	0.01381	0.07922	0.01643	0.01330	0.01921	0.01587	0.08198	0.01548	0.07555	0.01491	0.19797	0.00753	0.00757	0.00394	0.07407
9	0.01608	0.11607	0.04518	0.01405	0.01797	0.03582	0.05880	0.08192	0.04582	0.02260	0.03987	0.06231	0.04520	0.14158	0.06522	0.00372	0.05770	0.00819	0.00480	0.11708
10	0.01535	0.04181	0.01476	0.01416	0.06735	0.01159	0.00983	0.04728	0.06615	0.09180	0.16106	0.19578	0.05837	0.07580	0.01175	0.00291	0.05488	0.01208	0.03902	0.00826

[dist]
# distance from previous block
# <min> <max>
17	79

[block]
# block no. 2 follows, 27 sequences, length 10
# corresponding to MSA columns:
# 213-220,222,223
name=unknown_C
#
# <colnr> <probs for GDERKNQSTAVLIFYWHMCP>
#	G	D	E	R	K	N	Q	S	T	A	V	L	I	F	Y	W	H	M	C	P
0	0.01492	0.04481	0.12315	0.01671	0.04421	0.03217	0.06689	0.03178	0.04665	0.04307	0.06113	0.14369	0.06666	0.01319	0.00927	0.00256	0.05657	0.10736	0.00543	0.06978
1	0.09188	0.06262	0.08850	0.01175	0.01503	0.01156	0.01025	0.01791	0.04164	0.06510	0.12431	0.24456	0.06270	0.01424	0.00823	0.00248	0.03194	0.01200	0.07536	0.00795
2	0.01566	0.11492	0.14095	0.01642	0.02253	0.01543	0.11462	0.04198	0.06207	0.02399	0.06416	0.11742	0.02063	0.00951	0.00715	0.00208	0.00768	0.00845	0.00483	0.18954
3	0.01354	0.01028	0.01272	0.01263	0.07370	0.00882	0.00846	0.01623	0.01589	0.04520	0.07327	0.10234	0.14624	0.07157	0.00956	0.00234	0.00516	0.00979	0.09671	0.26553
4	0.01102	0.00742	0.00930	0.00956	0.01108	0.00673	0.00681	0.01312	0.01704	0.06368	0.24294	0.32256	0.17307	0.05768	0.01053	0.00289	0.00424	0.01635	0.00729	0.00669
5	0.01922	0.04821	0.15338	0.08905	0.13212	0.12223	0.01693	0.06692	0.01803	0.07402	0.01809	0.05121	0.03391	0.04589	0.00865	0.00240	0.00906	0.00700	0.00455	0.07913
6	0.04072	0.05306	0.04738	0.01446	0.03707	0.04237	0.04669	0.08969	0.01838	0.04697	0.09021	0.16370	0.12433	0.01381	0.00912	0.00250	0.05810	0.03986	0.05328	0.00832
7	0.01043	0.00772	0.00854	0.00838	0.01076	0.00662	0.00626	0.01257	0.01758	0.05875	0.16962	0.12556	0.49465	0.01808	0.00876	0.00251	0.00391	0.01534	0.00723	0.00672
8	0.01232	0.01135	0.04497	0.01677	0.11337	0.01062	0.01135	0.01681	0.07961	0.02283	0.12406	0.29604	0.09696	0.01661	0.00953	0.00272	0.04248	0.05736	0.00630	0.00796
9	0.05111	0.05082	0.10846	0.12094	0.24582	0.05507	0.11264	0.04287	0.06074	0.02454	0.04504	0.01993	0.01415	0.00746	0.00734	0.00229	0.00938	0.00689	0.00417	0.01034

[dist]
# distance from previous block
# <min> <max>
0	4

[block]
# block no. 3 follows, 27 sequences, length 21
# corresponding to MSA columns:
# 228-248
name=unknown_D
#
# <colnr> <probs for GDERKNQSTAVLIFYWHMCP>
#	G	D	E	R	K	N	Q	S	T	A	V	L	I	F	Y	W	H	M	C	P
0	0.02145	0.26449	0.11939	0.04155	0.08859	0.02298	0.01621	0.25507	0.02246	0.02963	0.01508	0.04362	0.01240	0.00809	0.00656	0.00207	0.00844	0.00617	0.00490	0.01088
1	0.29697	0.04602	0.08931	0.05252	0.16310	0.07173	0.03365	0.02423	0.04170	0.06880	0.01383	0.01600	0.01064	0.00711	0.00617	0.00221	0.00802	0.00543	0.00445	0.03811
2	0.01689	0.01508	0.01618	0.01470	0.01745	0.11584	0.04877	0.11765	0.09429	0.02410	0.02508	0.22454	0.02512	0.02116	0.11322	0.06156	0.00942	0.02504	0.00571	0.00820
3	0.04570	0.00924	0.01102	0.01071	0.01285	0.00906	0.00792	0.08528	0.01802	0.02516	0.16938	0.31996	0.11202	0.02018	0.06022	0.00325	0.00579	0.01467	0.00675	0.05282
4	0.04098	0.01239	0.01722	0.03492	0.01906	0.01139	0.08792	0.02084	0.07951	0.07779	0.15376	0.03051	0.05598	0.04366	0.04226	0.00267	0.00687	0.00835	0.00581	0.24809
5	0.01728	0.01694	0.02163	0.35967	0.03556	0.11267	0.04231	0.07961	0.01694	0.02148	0.01394	0.01942	0.01121	0.01314	0.08056	0.00341	0.09898	0.00657	0.02011	0.00856
6	0.01614	0.01450	0.01869	0.17113	0.07144	0.03911	0.02601	0.04864	0.05756	0.02301	0.01534	0.02074	0.01307	0.07838	0.01033	0.00236	0.03851	0.00620	0.00436	0.32445
7	0.01885	0.30543	0.32039	0.01783	0.02604	0.05572	0.04560	0.08800	0.01771	0.02329	0.01261	0.01452	0.00986	0.00697	0.00627	0.00203	0.00971	0.00512	0.00364	0.01043
8	0.01876	0.02641	0.31890	0.01762	0.02482	0.05986	0.01865	0.05524	0.21477	0.08535	0.02115	0.02300	0.01585	0.00881	0.00729	0.00238	0.00868	0.03071	0.03075	0.01098
9	0.01482	0.00875	0.01087	0.01006	0.01261	0.00772	0.00736	0.01702	0.01633	0.13791	0.10813	0.25626	0.08336	0.08853	0.01095	0.00283	0.00490	0.01291	0.07651	0.11217
10	0.01129	0.00749	0.00918	0.00939	0.01091	0.00679	0.00660	0.01310	0.01627	0.07082	0.17338	0.30041	0.20095	0.11342	0.01273	0.00326	0.00455	0.01594	0.00700	0.00656
11	0.01072	0.00713	0.00885	0.00909	0.00934	0.00726	0.00568	0.01097	0.01133	0.01529	0.02436	0.13838	0.02757	0.47820	0.12760	0.07877	0.00851	0.01142	0.00464	0.00489
12	0.02308	0.01017	0.01338	0.01124	0.01509	0.00899	0.00889	0.02589	0.01967	0.39477	0.15975	0.11029	0.07111	0.01237	0.00780	0.00234	0.00515	0.01051	0.07957	0.00994
13	0.00923	0.00664	0.00902	0.01053	0.01107	0.00642	0.00718	0.01069	0.01394	0.01874	0.03837	0.64878	0.04540	0.02719	0.09436	0.00410	0.00620	0.01951	0.00654	0.00610
14	0.03065	0.01253	0.01669	0.01308	0.01844	0.01120	0.01070	0.03490	0.06976	0.60290	0.07462	0.02752	0.02224	0.00966	0.00756	0.00232	0.00609	0.00794	0.00900	0.01218
15	0.01574	0.01262	0.05703	0.01460	0.06525	0.01140	0.01105	0.11485	0.02006	0.08014	0.23859	0.08249	0.06086	0.06164	0.09583	0.00386	0.00768	0.03113	0.00659	0.00860
16	0.06201	0.00855	0.00935	0.00907	0.01095	0.00897	0.00675	0.06192	0.01563	0.02531	0.02553	0.09476	0.04598	0.09210	0.12032	0.00411	0.00700	0.00890	0.37577	0.00700
17	0.01794	0.00874	0.01130	0.01066	0.01316	0.00788	0.00787	0.01996	0.01675	0.25277	0.03658	0.33435	0.07821	0.05869	0.00997	0.00285	0.00504	0.01402	0.08496	0.00831
18	0.01757	0.01296	0.01899	0.29066	0.07186	0.01435	0.03352	0.07372	0.07815	0.10587	0.02196	0.11899	0.01864	0.01018	0.00755	0.00243	0.00761	0.00894	0.07676	0.00929
19	0.01950	0.06483	0.09056	0.02071	0.02690	0.03867	0.24410	0.09573	0.12662	0.08237	0.07029	0.02485	0.04272	0.00864	0.00785	0.00236	0.00908	0.00825	0.00556	0.01045
20	0.07326	0.11817	0.06321	0.11440	0.08008	0.04217	0.06528	0.04776	0.03006	0.02336	0.03494	0.09003	0.01896	0.04873	0.00868	0.00256	0.00788	0.04328	0.07854	0.00865

[dist]
# distance from previous block
# <min> <max>
1	3

[block]
# block no. 4 follows, 27 sequences, length 32
# corresponding to MSA columns:
# 254-285
name=unknown_E
#
# <colnr> <probs for GDERKNQSTAVLIFYWHMCP>
#	G	D	E	R	K	N	Q	S	T	A	V	L	I	F	Y	W	H	M	C	P
0	0.01645	0.02598	0.35484	0.01999	0.08233	0.01509	0.04509	0.05269	0.04284	0.06285	0.02125	0.04613	0.06860	0.00864	0.00724	0.00222	0.00875	0.00723	0.00452	0.10728
1	0.01822	0.05731	0.17206	0.02515	0.19880	0.06968	0.07803	0.06452	0.05554	0.04449	0.06247	0.02306	0.01710	0.06981	0.00994	0.00267	0.00915	0.00725	0.00455	0.01021
2	0.01300	0.01448	0.08624	0.01646	0.05176	0.06899	0.09149	0.01578	0.01567	0.02056	0.06654	0.40517	0.03471	0.01700	0.00963	0.03763	0.00705	0.01478	0.00561	0.00746
3	0.01574	0.01459	0.02399	0.38363	0.28349	0.01598	0.01981	0.02029	0.01568	0.02170	0.01391	0.01921	0.01104	0.00701	0.00714	0.00223	0.00887	0.00643	0.03401	0.07526
4	0.01844	0.01924	0.09815	0.07651	0.07932	0.05400	0.01699	0.02535	0.14795	0.07458	0.01649	0.01949	0.01314	0.01020	0.01407	0.00271	0.29212	0.00677	0.00463	0.00986
5	0.08097	0.07944	0.11606	0.01993	0.12307	0.01568	0.05473	0.05147	0.04541	0.24542	0.05373	0.04614	0.01776	0.00872	0.00716	0.00228	0.00765	0.00736	0.00607	0.01096
6	0.01884	0.00977	0.01253	0.01111	0.01438	0.00890	0.00868	0.02259	0.05684	0.26855	0.21905	0.13413	0.13048	0.01447	0.00837	0.00249	0.00492	0.03672	0.00811	0.00908
7	0.01215	0.01023	0.01637	0.26003	0.05805	0.01218	0.01385	0.01568	0.01317	0.01816	0.01728	0.02540	0.01523	0.03662	0.43291	0.00819	0.01590	0.00742	0.00373	0.00743
8	0.05692	0.08495	0.12563	0.02200	0.17549	0.07339	0.01608	0.08457	0.08970	0.04025	0.02310	0.08472	0.07241	0.00988	0.00722	0.00229	0.00804	0.00817	0.00505	0.01014
9	0.02485	0.01445	0.01699	0.04963	0.01966	0.07620	0.01164	0.06160	0.04160	0.35080	0.05978	0.10520	0.02243	0.01292	0.03496	0.00279	0.06792	0.00896	0.00725	0.01037
10	0.01038	0.00735	0.00906	0.00906	0.01009	0.00697	0.00621	0.01231	0.01629	0.02233	0.32335	0.13445	0.08838	0.26813	0.01898	0.00415	0.00501	0.03489	0.00662	0.00597
11	0.12246	0.01522	0.01768	0.01902	0.14880	0.04583	0.01230	0.07560	0.13702	0.06019	0.04736	0.08241	0.01964	0.04332	0.00838	0.00241	0.00675	0.00793	0.00567	0.12200
12	0.01830	0.09389	0.17299	0.02379	0.18600	0.07606	0.04168	0.02577	0.12377	0.04966	0.04727	0.02093	0.01594	0.00954	0.03086	0.00253	0.00909	0.00671	0.03471	0.01049
13	0.01005	0.00843	0.01184	0.01140	0.01323	0.00788	0.06264	0.01215	0.01586	0.02056	0.10073	0.36450	0.26752	0.01926	0.00966	0.00275	0.03129	0.01703	0.00659	0.00660
14	0.01138	0.00721	0.00778	0.00776	0.00950	0.00674	0.00565	0.01401	0.01642	0.02440	0.15429	0.07806	0.21686	0.07515	0.00976	0.00257	0.00391	0.01145	0.33060	0.00651
15	0.01889	0.07840	0.04560	0.11776	0.18915	0.05613	0.03261	0.05662	0.12448	0.07496	0.04339	0.04967	0.03277	0.00891	0.00725	0.00227	0.00795	0.00766	0.03529	0.01026
16	0.02149	0.01766	0.03706	0.03862	0.02064	0.06895	0.01251	0.18400	0.29705	0.08019	0.02475	0.04374	0.01909	0.00988	0.00735	0.00235	0.00707	0.02410	0.07253	0.01096
17	0.02045	0.20243	0.05853	0.01455	0.02088	0.07774	0.02832	0.16204	0.03896	0.02703	0.01386	0.01535	0.01111	0.00686	0.00605	0.00167	0.00782	0.00509	0.00471	0.27655
18	0.01789	0.10573	0.29251	0.02450	0.13000	0.07356	0.12468	0.05572	0.01752	0.02367	0.01537	0.01803	0.03144	0.00724	0.00712	0.00220	0.01023	0.00631	0.00374	0.03252
19	0.01927	0.42695	0.07202	0.01683	0.02202	0.08389	0.07421	0.02217	0.01508	0.01853	0.01090	0.01389	0.00973	0.00787	0.00948	0.00209	0.15742	0.00509	0.00330	0.00928
20	0.00982	0.00683	0.00862	0.00975	0.01010	0.00658	0.00635	0.01078	0.01319	0.01756	0.03475	0.45955	0.04107	0.27139	0.01934	0.00449	0.00545	0.05279	0.00606	0.00554
21	0.00994	0.00715	0.00845	0.00911	0.00990	0.00676	0.00607	0.01100	0.01362	0.01759	0.04079	0.26432	0.17298	0.31370	0.02092	0.00465	0.00558	0.06607	0.00591	0.00552
22	0.01276	0.04329	0.01370	0.01221	0.01434	0.00967	0.04886	0.06873	0.01695	0.04937	0.03971	0.45871	0.12101	0.01896	0.00890	0.00277	0.00542	0.04064	0.00666	0.00733
23	0.01078	0.00722	0.00819	0.00816	0.00825	0.00719	0.00462	0.01096	0.01131	0.01516	0.05656	0.04892	0.02914	0.70302	0.03634	0.00695	0.00701	0.01093	0.00468	0.00462
24	0.01374	0.01187	0.01125	0.01067	0.01312	0.09252	0.00813	0.04591	0.05460	0.02562	0.24749	0.07875	0.20951	0.01451	0.00808	0.00235	0.00528	0.04249	0.09666	0.00745
25	0.01820	0.01652	0.02732	0.03659	0.47721	0.01726	0.05230	0.02288	0.04222	0.05097	0.01544	0.01967	0.01277	0.00973	0.03949	0.00275	0.08829	0.00688	0.03260	0.01091
26	0.01271	0.00813	0.00993	0.00966	0.01067	0.00839	0.00653	0.04139	0.01328	0.05106	0.02422	0.09821	0.02531	0.40022	0.17682	0.00696	0.00941	0.01038	0.07067	0.00604
27	0.02021	0.01078	0.01416	0.01228	0.01574	0.01080	0.00977	0.04971	0.07809	0.26664	0.11179	0.03165	0.04313	0.02540	0.23617	0.00544	0.01025	0.00865	0.02982	0.00954
28	0.01879	0.01646	0.02471	0.12324	0.15860	0.01753	0.11572	0.19493	0.05211	0.02897	0.02271	0.05775	0.06879	0.00989	0.00845	0.00245	0.03083	0.03252	0.00533	0.01023
29	0.01630	0.03743	0.05375	0.10702	0.12373	0.01503	0.10935	0.02124	0.06563	0.07894	0.02286	0.20171	0.02198	0.01199	0.00964	0.00260	0.07575	0.01067	0.00514	0.00924
30	0.00986	0.00793	0.01151	0.01146	0.01303	0.00725	0.06249	0.01191	0.01571	0.02066	0.11037	0.47590	0.17348	0.02013	0.00921	0.00280	0.00481	0.01822	0.00675	0.00651
31	0.02451	0.01683	0.02440	0.08160	0.02682	0.03687	0.16242	0.18570	0.05469	0.22490	0.02094	0.02168	0.01457	0.00825	0.00758	0.00230	0.00851	0.00742	0.05892	0.01109

[dist]
# distance from previous block
# <min> <max>
0	13

[block]
# block no. 5 follows, 27 sequences, length 31
# corresponding to MSA columns:
# 299-314,316-330
name=unknown_F
#
# <colnr> <probs for GDERKNQSTAVLIFYWHMCP>
#	G	D	E	R	K	N	Q	S	T	A	V	L	I	F	Y	W	H	M	C	P
0	0.04928	0.01690	0.02192	0.02384	0.20116	0.04392	0.03515	0.11618	0.14254	0.05726	0.01952	0.07327	0.01650	0.00964	0.00928	0.00238	0.08870	0.00783	0.00545	0.05929
1	0.45698	0.01664	0.01398	0.01342	0.05831	0.10893	0.00985	0.02157	0.01464	0.02806	0.01501	0.01699	0.04631	0.00930	0.03244	0.00245	0.00737	0.00512	0.00451	0.11814
2	0.01213	0.00871	0.00951	0.00933	0.01027	0.03914	0.00623	0.01286	0.03830	0.01700	0.06071	0.04235	0.13620	0.29135	0.04892	0.20703	0.00680	0.01004	0.02792	0.00520
3	0.47973	0.01701	0.01482	0.01238	0.01739	0.05126	0.01010	0.18740	0.04779	0.03536	0.01333	0.01447	0.01009	0.00750	0.00560	0.00220	0.00672	0.00495	0.00540	0.05651
4	0.01804	0.01702	0.02250	0.24162	0.06040	0.06561	0.03815	0.11075	0.05876	0.02342	0.01424	0.01957	0.01179	0.03745	0.01366	0.00281	0.22403	0.00680	0.00424	0.00913
5	0.52390	0.01491	0.01295	0.01161	0.01607	0.01728	0.00932	0.02792	0.24347	0.03253	0.01722	0.01747	0.01310	0.00799	0.00562	0.00237	0.00579	0.00553	0.00562	0.00932
6	0.01278	0.00823	0.01071	0.01106	0.01246	0.00814	0.00822	0.01555	0.07519	0.05677	0.09377	0.22978	0.06638	0.05923	0.01491	0.16827	0.00554	0.13024	0.00628	0.00648
7	0.01480	0.01372	0.02300	0.56593	0.16598	0.01627	0.02031	0.01959	0.01525	0.02032	0.01383	0.01989	0.01065	0.00733	0.00731	0.00239	0.00941	0.00662	0.03856	0.00883
8	0.01870	0.01700	0.02662	0.12197	0.46547	0.01783	0.02020	0.09621	0.06872	0.02684	0.03731	0.02038	0.01433	0.00751	0.00743	0.00227	0.00848	0.00697	0.00449	0.01127
9	0.02724	0.01191	0.01566	0.01265	0.01744	0.01072	0.01036	0.05938	0.03469	0.49210	0.11041	0.03503	0.06660	0.01120	0.00787	0.00239	0.00594	0.04856	0.00867	0.01120
10	0.01028	0.00748	0.00873	0.00868	0.01065	0.00664	0.00641	0.01276	0.01799	0.03989	0.28258	0.16054	0.32398	0.01740	0.00865	0.00247	0.00379	0.01501	0.04938	0.00668
11	0.01977	0.01697	0.01808	0.01971	0.14489	0.12560	0.01283	0.06993	0.15705	0.09394	0.05944	0.09454	0.08374	0.01110	0.00762	0.00233	0.00729	0.00932	0.03591	0.00994
12	0.02173	0.11992	0.12485	0.05357	0.16148	0.12272	0.03260	0.09865	0.04170	0.09510	0.01603	0.01784	0.01217	0.00756	0.00683	0.00212	0.00917	0.00604	0.03928	0.01065
13	0.01262	0.00659	0.00971	0.00971	0.00979	0.00667	0.00650	0.00996	0.00988	0.01325	0.01398	0.02460	0.01412	0.07240	0.07086	0.68838	0.00731	0.00681	0.00335	0.00351
14	0.01061	0.00795	0.01193	0.01193	0.01326	0.00928	0.00928	0.01326	0.01193	0.01723	0.01988	0.02916	0.01856	0.05568	0.70968	0.01193	0.01988	0.00795	0.00398	0.00663
15	0.05189	0.14567	0.11740	0.01607	0.05106	0.01453	0.08328	0.01803	0.01519	0.04811	0.02598	0.25621	0.05495	0.05717	0.00948	0.00274	0.00731	0.01154	0.00504	0.00834
16	0.02041	0.04969	0.02441	0.12057	0.24190	0.06257	0.01750	0.18116	0.08235	0.02860	0.01717	0.02212	0.01407	0.00870	0.00818	0.00234	0.04161	0.04084	0.00504	0.01077
17	0.01717	0.01690	0.02997	0.12957	0.42016	0.01756	0.13150	0.02159	0.01610	0.02261	0.01417	0.02003	0.01196	0.03925	0.01008	0.00258	0.05757	0.00716	0.00365	0.01043
18	0.04781	0.11282	0.18269	0.01738	0.04414	0.03288	0.01637	0.24806	0.10217	0.03206	0.01642	0.01729	0.01230	0.00782	0.00674	0.00211	0.00831	0.00594	0.00535	0.08136
19	0.01849	0.01295	0.01529	0.01216	0.01722	0.01154	0.00958	0.09454	0.07509	0.12305	0.05807	0.12208	0.02183	0.00984	0.00691	0.00186	0.00567	0.00829	0.00625	0.36930
20	0.01557	0.08640	0.13943	0.04411	0.12370	0.03897	0.04706	0.04639	0.04627	0.02335	0.04675	0.12706	0.02505	0.01241	0.00806	0.00257	0.00812	0.14446	0.00511	0.00917
21	0.01659	0.09414	0.44161	0.05510	0.08938	0.01767	0.02276	0.02417	0.05184	0.05927	0.01520	0.01759	0.01129	0.00956	0.04034	0.00274	0.01035	0.00589	0.00380	0.01071
22	0.00919	0.00659	0.00851	0.00998	0.01048	0.00615	0.00660	0.01040	0.01404	0.01858	0.04112	0.63428	0.08155	0.09010	0.01209	0.00338	0.00455	0.01985	0.00667	0.00590
23	0.02288	0.01110	0.01595	0.08148	0.01993	0.01033	0.03942	0.02569	0.01836	0.37296	0.06958	0.12997	0.04614	0.06631	0.01013	0.00278	0.00639	0.01022	0.03053	0.00984
24	0.01748	0.08582	0.22316	0.02766	0.23504	0.04330	0.04892	0.02407	0.07687	0.02295	0.01433	0.01750	0.01151	0.00796	0.00951	0.00237	0.11089	0.00624	0.00378	0.01064
25	0.01301	0.01046	0.04201	0.01146	0.01391	0.00971	0.00952	0.04028	0.09855	0.02453	0.06472	0.12481	0.10426	0.05118	0.02627	0.00308	0.00587	0.18174	0.15703	0.00759
26	0.01206	0.00739	0.00975	0.00949	0.01085	0.00687	0.00680	0.01306	0.01622	0.05837	0.29335	0.12130	0.12124	0.04436	0.01552	0.22413	0.00474	0.01215	0.00640	0.00596
27	0.06192	0.01378	0.01529	0.01339	0.01716	0.01487	0.01049	0.14768	0.24174	0.11774	0.05634	0.09262	0.02512	0.06619	0.00992	0.00283	0.00618	0.04337	0.03322	0.01014
28	0.01733	0.01615	0.06351	0.23734	0.16014	0.01600	0.05594	0.09284	0.06842	0.06121	0.02333	0.05773	0.07886	0.00945	0.00770	0.00241	0.00838	0.00839	0.00499	0.00989
29	0.08152	0.06435	0.01937	0.01515	0.01839	0.08108	0.05247	0.11010	0.03164	0.05211	0.04685	0.02267	0.01640	0.04183	0.17406	0.00473	0.11261	0.00701	0.03897	0.00870
30	0.01655	0.08696	0.09977	0.32013	0.19328	0.05983	0.01991	0.02194	0.04498	0.02106	0.01469	0.04220	0.01210	0.00775	0.00714	0.00230	0.00942	0.00669	0.00370	0.00960

[dist]
# distance from previous block
# <min> <max>
2	5

[block]
# block no. 6 follows, 27 sequences, length 18
# corresponding to MSA columns:
# 336-353
name=unknown_G
#
# <colnr> <probs for GDERKNQSTAVLIFYWHMCP>
#	G	D	E	R	K	N	Q	S	T	A	V	L	I	F	Y	W	H	M	C	P
0	0.49532	0.01462	0.04060	0.06278	0.08643	0.01556	0.01113	0.02107	0.04373	0.02834	0.01226	0.01542	0.00989	0.00944	0.00838	0.10093	0.00664	0.00503	0.00432	0.00811
1	0.01483	0.00878	0.01167	0.05085	0.01386	0.00866	0.00788	0.05401	0.01352	0.06382	0.02150	0.02962	0.07831	0.10797	0.02263	0.41842	0.00652	0.00781	0.00447	0.05487
2	0.05206	0.01758	0.02244	0.02327	0.17851	0.05071	0.05921	0.13112	0.21962	0.11473	0.02192	0.04046	0.01671	0.00882	0.00745	0.00235	0.00775	0.00761	0.00626	0.01144
3	0.01624	0.01624	0.02274	0.01949	0.01949	0.02274	0.01624	0.01787	0.01137	0.01787	0.00975	0.01624	0.00975	0.01299	0.02436	0.00325	0.72552	0.00650	0.00325	0.00812
4	0.01726	0.01650	0.02812	0.21814	0.52892	0.01735	0.02223	0.02181	0.01638	0.02290	0.01377	0.01874	0.01128	0.00682	0.00737	0.00227	0.00909	0.00661	0.00358	0.01086
5	0.02037	0.47696	0.12147	0.01593	0.05227	0.02533	0.01512	0.08972	0.05555	0.04595	0.01345	0.01467	0.01099	0.00703	0.00571	0.00186	0.00823	0.00494	0.00409	0.01037
6	0.00892	0.00695	0.00811	0.00903	0.01042	0.00614	0.00631	0.01048	0.01547	0.01946	0.05684	0.42642	0.34666	0.02119	0.00915	0.00278	0.00405	0.01858	0.00689	0.00614
7	0.01040	0.00739	0.00859	0.00899	0.01072	0.00652	0.00638	0.01207	0.01595	0.05645	0.08271	0.31422	0.34838	0.06303	0.01071	0.00296	0.00430	0.01686	0.00693	0.00645
8	0.01720	0.01537	0.02461	0.11594	0.34920	0.01720	0.01873	0.02081	0.01553	0.05612	0.05065	0.02111	0.01501	0.01186	0.05593	0.00310	0.17048	0.00708	0.00408	0.00997
9	0.01194	0.00961	0.01492	0.10940	0.09175	0.00979	0.04276	0.01481	0.01535	0.02089	0.03177	0.36625	0.03505	0.01714	0.00881	0.00282	0.00633	0.12896	0.05430	0.00733
10	0.01881	0.01145	0.01290	0.01121	0.01459	0.01155	0.00877	0.16405	0.05765	0.13338	0.06699	0.11617	0.12222	0.01241	0.00738	0.00227	0.00523	0.01032	0.20351	0.00914
11	0.01624	0.01624	0.02274	0.01949	0.01949	0.02274	0.01624	0.01787	0.01137	0.01787	0.00975	0.01624	0.00975	0.01299	0.02436	0.00325	0.72552	0.00650	0.00325	0.00812
12	0.01151	0.00903	0.01121	0.01047	0.01318	0.00811	0.00797	0.01389	0.01483	0.02059	0.06068	0.14349	0.13496	0.09014	0.13875	0.00446	0.00789	0.08145	0.00552	0.21183
13	0.01940	0.01745	0.02360	0.11711	0.31211	0.07269	0.01756	0.12170	0.01978	0.04723	0.04697	0.05135	0.03371	0.00874	0.00783	0.00225	0.02513	0.00756	0.00483	0.04299
14	0.04939	0.12393	0.01788	0.01272	0.01633	0.06215	0.01016	0.03881	0.10294	0.05173	0.06098	0.19027	0.02503	0.01203	0.00816	0.00223	0.05191	0.00975	0.02892	0.12470
15	0.04785	0.09826	0.08768	0.01717	0.07313	0.09750	0.04626	0.02580	0.05866	0.16179	0.06467	0.03846	0.01815	0.00849	0.00682	0.00207	0.00776	0.00693	0.05402	0.07851
16	0.08758	0.23470	0.11034	0.01704	0.05998	0.13438	0.01476	0.06946	0.09110	0.02417	0.01451	0.01616	0.01168	0.00770	0.00684	0.00206	0.03877	0.00539	0.04354	0.00983
17	0.01558	0.03805	0.08825	0.11830	0.04432	0.05215	0.01245	0.05124	0.01663	0.05590	0.06304	0.03287	0.10896	0.15159	0.01316	0.00310	0.00753	0.00847	0.00497	0.11344

[dist]
# distance from previous block
# <min> <max>
4	6

[block]
# block no. 7 follows, 27 sequences, length 7
# corresponding to MSA columns:
# 360-366
name=unknown_H
#
# <colnr> <probs for GDERKNQSTAVLIFYWHMCP>
#	G	D	E	R	K	N	Q	S	T	A	V	L	I	F	Y	W	H	M	C	P
0	0.01447	0.00916	0.01116	0.01018	0.01292	0.00857	0.00779	0.01915	0.08667	0.13372	0.33760	0.09109	0.19833	0.01501	0.00847	0.00243	0.00430	0.01293	0.00790	0.00816
1	0.00987	0.00764	0.00913	0.00951	0.01131	0.00670	0.00680	0.01168	0.01545	0.02023	0.07675	0.36222	0.24691	0.05342	0.01020	0.00285	0.00447	0.04458	0.00658	0.08369
2	0.01641	0.12280	0.02443	0.20307	0.17723	0.05270	0.03585	0.01962	0.01483	0.01963	0.01451	0.02215	0.01314	0.11407	0.01306	0.00299	0.08178	0.00680	0.03627	0.00868
3	0.01577	0.00970	0.01279	0.01178	0.01400	0.01017	0.00895	0.08283	0.01632	0.12586	0.06462	0.10130	0.02531	0.13745	0.32026	0.00730	0.01222	0.00979	0.00575	0.00782
4	0.01494	0.00976	0.01332	0.01520	0.11148	0.00893	0.00987	0.01758	0.01777	0.14011	0.13704	0.17453	0.22928	0.01575	0.00856	0.00255	0.00520	0.05286	0.00700	0.00827
5	0.01546	0.01140	0.01319	0.01228	0.01512	0.01207	0.00951	0.12338	0.15415	0.04929	0.08754	0.17406	0.11032	0.01911	0.07966	0.00352	0.00689	0.05221	0.04211	0.00872
6	0.09009	0.01309	0.01841	0.06383	0.15472	0.01445	0.04382	0.05132	0.04822	0.02447	0.01919	0.04760	0.01738	0.06980	0.06525	0.00353	0.08247	0.04635	0.11738	0.00864

[dist]
# distance from previous block
# <min> <max>
4	54

[block]
# block no. 8 follows, 27 sequences, length 23
# corresponding to MSA columns:
# 456-478
name=unknown_I
#
# <colnr> <probs for GDERKNQSTAVLIFYWHMCP>
#	G	D	E	R	K	N	Q	S	T	A	V	L	I	F	Y	W	H	M	C	P
0	0.01763	0.10839	0.07043	0.01658	0.08542	0.08967	0.01249	0.04501	0.05543	0.06870	0.04508	0.17595	0.02310	0.05317	0.00900	0.00247	0.00736	0.00953	0.00532	0.09928
1	0.01979	0.02475	0.24373	0.02241	0.12958	0.05268	0.04995	0.13393	0.04532	0.07395	0.01666	0.03739	0.01281	0.00782	0.00716	0.00217	0.00904	0.00654	0.00485	0.09948
2	0.01770	0.05871	0.11067	0.04036	0.08345	0.14045	0.02774	0.02402	0.10959	0.02368	0.07610	0.02373	0.05622	0.00854	0.00693	0.00200	0.00816	0.00693	0.00485	0.17016
3	0.04512	0.01621	0.08924	0.01519	0.05028	0.05283	0.02592	0.04939	0.14424	0.07090	0.13056	0.12007	0.05873	0.03492	0.00866	0.00250	0.00661	0.01004	0.00626	0.06234
4	0.04999	0.01906	0.06249	0.02126	0.08801	0.03881	0.12453	0.18131	0.14524	0.08952	0.05169	0.02202	0.01688	0.00878	0.00845	0.00239	0.04500	0.00751	0.00600	0.01106
5	0.01917	0.02403	0.23573	0.02382	0.12778	0.01769	0.11155	0.15983	0.05853	0.05338	0.01772	0.05879	0.01409	0.00838	0.00755	0.00233	0.00925	0.00746	0.00494	0.03801
6	0.01705	0.01011	0.01237	0.01115	0.01394	0.00990	0.00854	0.05639	0.05653	0.17908	0.12336	0.17505	0.16252	0.04280	0.01014	0.00270	0.03989	0.01253	0.04745	0.00851
7	0.01449	0.06778	0.01557	0.04164	0.08299	0.01144	0.01023	0.06040	0.01692	0.06104	0.06206	0.22541	0.10981	0.08989	0.01120	0.00296	0.00606	0.05239	0.00597	0.05174
8	0.01854	0.11065	0.22422	0.04756	0.15791	0.06797	0.11333	0.08157	0.03523	0.02497	0.03893	0.01832	0.01303	0.00737	0.00718	0.00222	0.00990	0.00646	0.00407	0.01058
9	0.01244	0.00988	0.01370	0.06255	0.04941	0.01093	0.01088	0.01805	0.11275	0.02166	0.09232	0.08619	0.02885	0.05345	0.29570	0.00662	0.01183	0.08966	0.00545	0.00770
10	0.01069	0.00825	0.00937	0.00937	0.01129	0.00778	0.00685	0.05610	0.01686	0.02148	0.08889	0.19199	0.34774	0.09785	0.06015	0.00375	0.00572	0.03277	0.00655	0.00655
11	0.01447	0.01880	0.16255	0.02412	0.12383	0.01404	0.20478	0.01951	0.01654	0.02297	0.05509	0.16582	0.02488	0.01189	0.00852	0.00263	0.00896	0.08663	0.00481	0.00917
12	0.12677	0.09110	0.04110	0.12409	0.14243	0.05395	0.01499	0.09703	0.05025	0.07279	0.06233	0.04401	0.01685	0.00869	0.00721	0.00226	0.02222	0.00696	0.00509	0.00987
13	0.01106	0.00875	0.01062	0.01011	0.01206	0.00865	0.00779	0.03959	0.01878	0.02512	0.32423	0.10432	0.27064	0.01679	0.01005	0.00256	0.06065	0.04408	0.00717	0.00700
14	0.01802	0.02369	0.29059	0.07512	0.08836	0.01580	0.01934	0.10297	0.01892	0.09769	0.07834	0.07057	0.01923	0.00959	0.00822	0.00241	0.03778	0.00787	0.00509	0.01040
15	0.02021	0.21897	0.09113	0.02491	0.17280	0.15888	0.11266	0.02545	0.06636	0.02158	0.01379	0.01633	0.01125	0.00699	0.00672	0.00206	0.01001	0.00588	0.00382	0.01020
16	0.00999	0.00697	0.00855	0.00930	0.00977	0.00670	0.00599	0.01098	0.01343	0.01790	0.08028	0.33996	0.06769	0.33160	0.02165	0.00477	0.00556	0.03749	0.00595	0.00547
17	0.01651	0.01574	0.02677	0.33434	0.41856	0.01715	0.02186	0.02115	0.01602	0.02199	0.01364	0.01898	0.01096	0.00696	0.00738	0.00232	0.00928	0.00661	0.00351	0.01026
18	0.01665	0.01428	0.01931	0.07115	0.02094	0.01757	0.03351	0.06570	0.11834	0.05347	0.06558	0.12119	0.02197	0.01303	0.01492	0.00284	0.30590	0.00942	0.00533	0.00890
19	0.01564	0.04880	0.01391	0.01124	0.01429	0.01225	0.03025	0.09818	0.12875	0.02924	0.13461	0.07557	0.06682	0.01125	0.00699	0.00216	0.00504	0.00946	0.27700	0.00856
20	0.01715	0.06328	0.19158	0.02313	0.14052	0.06920	0.08052	0.02571	0.15512	0.02442	0.04127	0.05479	0.01867	0.00940	0.00759	0.00240	0.00889	0.05121	0.00484	0.01030
21	0.02131	0.45880	0.03203	0.01650	0.06603	0.13754	0.01362	0.05888	0.09253	0.02110	0.01340	0.01469	0.01134	0.00713	0.00571	0.00182	0.00866	0.00492	0.00403	0.00994
22	0.01790	0.02056	0.18837	0.01813	0.09769	0.06039	0.01546	0.02315	0.04188	0.10950	0.11987	0.02497	0.03954	0.00863	0.00709	0.00202	0.00756	0.00716	0.00532	0.18484

[dist]
# distance from previous block
# <min> <max>
1	3

[block]
# block no. 9 follows, 27 sequences, length 9
# corresponding to MSA columns:
# 490-498
name=unknown_J
#
# <colnr> <probs for GDERKNQSTAVLIFYWHMCP>
#	G	D	E	R	K	N	Q	S	T	A	V	L	I	F	Y	W	H	M	C	P
0	0.01729	0.04007	0.08126	0.15267	0.13835	0.03231	0.11764	0.02145	0.01637	0.09297	0.05628	0.07511	0.01856	0.05262	0.01052	0.00272	0.05127	0.00850	0.00466	0.00938
1	0.02812	0.01136	0.01500	0.01190	0.01675	0.00992	0.00969	0.03102	0.02031	0.53823	0.07043	0.03065	0.07048	0.01018	0.00739	0.00225	0.00566	0.00835	0.09108	0.01123
2	0.06372	0.00986	0.01185	0.01057	0.01396	0.00908	0.00818	0.02259	0.04289	0.27494	0.04008	0.17880	0.17101	0.01399	0.00775	0.00243	0.00499	0.01180	0.09252	0.00898
3	0.06349	0.11576	0.12281	0.14869	0.07826	0.04679	0.04949	0.06770	0.07427	0.09448	0.01618	0.01821	0.01208	0.00748	0.00679	0.00218	0.00867	0.00610	0.00472	0.05587
4	0.05653	0.00814	0.00914	0.00952	0.01144	0.00781	0.00706	0.03788	0.01609	0.02191	0.04942	0.27834	0.29644	0.02106	0.05429	0.00326	0.00542	0.04710	0.05252	0.00664
5	0.01090	0.00756	0.00886	0.00896	0.01077	0.00672	0.00640	0.01276	0.01653	0.06445	0.15506	0.23398	0.31732	0.09125	0.01179	0.00307	0.00437	0.01569	0.00700	0.00656
6	0.01858	0.07225	0.23414	0.12227	0.20584	0.08213	0.06866	0.02403	0.01684	0.06571	0.01426	0.01742	0.01083	0.00708	0.00715	0.00225	0.01010	0.00614	0.00380	0.01053
7	0.02036	0.02020	0.14410	0.02128	0.12147	0.05615	0.07090	0.09379	0.06516	0.14228	0.03965	0.04813	0.06419	0.01001	0.00779	0.00240	0.00837	0.04739	0.00582	0.01057
8	0.01456	0.01395	0.01716	0.01857	0.10419	0.08716	0.01263	0.01659	0.01398	0.01878	0.02142	0.21889	0.02313	0.05253	0.13268	0.00454	0.20621	0.01081	0.00455	0.00766

[dist]
# distance from previous block
# <min> <max>
3	5

[block]
# block no. 10 follows, 27 sequences, length 11
# corresponding to MSA columns:
# 505-515
name=unknown_K
#
# <colnr> <probs for GDERKNQSTAVLIFYWHMCP>
#	G	D	E	R	K	N	Q	S	T	A	V	L	I	F	Y	W	H	M	C	P
0	0.01046	0.00777	0.01080	0.01233	0.05331	0.00772	0.00816	0.01227	0.01457	0.01985	0.12188	0.30320	0.09592	0.06818	0.16974	0.04897	0.00822	0.01433	0.00587	0.00643
1	0.01691	0.21816	0.31156	0.02134	0.06670	0.02143	0.09769	0.02236	0.01520	0.02119	0.01226	0.01544	0.00985	0.00759	0.00913	0.00229	0.11185	0.00569	0.00327	0.01012
2	0.01479	0.01452	0.02340	0.07234	0.02360	0.01777	0.13251	0.01756	0.01359	0.01948	0.01821	0.14625	0.01892	0.01360	0.01680	0.00302	0.37256	0.04885	0.00420	0.00803
3	0.01020	0.00753	0.00959	0.00952	0.01123	0.00691	0.00717	0.01322	0.01937	0.02658	0.47814	0.13488	0.15593	0.01701	0.00895	0.00252	0.00388	0.06286	0.00774	0.00678
4	0.01700	0.01608	0.01613	0.01205	0.01829	0.10099	0.00952	0.02012	0.01613	0.02341	0.01297	0.01513	0.01081	0.00578	0.00565	0.00121	0.00653	0.00445	0.00432	0.68343
5	0.25031	0.01618	0.01684	0.06892	0.05492	0.04799	0.01176	0.14906	0.09720	0.08916	0.01717	0.01944	0.01324	0.04896	0.00813	0.00248	0.00716	0.00612	0.00569	0.06925
6	0.05896	0.01545	0.02200	0.02119	0.10937	0.01890	0.05105	0.01979	0.05409	0.02081	0.01343	0.02024	0.01253	0.07979	0.01909	0.00320	0.38892	0.00689	0.00387	0.06042
7	0.01179	0.00731	0.00962	0.01043	0.01147	0.00681	0.00724	0.01335	0.01515	0.08398	0.08746	0.50974	0.04503	0.10120	0.01243	0.00338	0.00487	0.04522	0.00694	0.00660
8	0.01368	0.01313	0.01641	0.05139	0.01890	0.10388	0.08222	0.01624	0.01549	0.01955	0.02839	0.31631	0.03115	0.02141	0.09225	0.00390	0.04660	0.09649	0.00541	0.00721
9	0.05902	0.01607	0.02503	0.20430	0.37404	0.01770	0.01967	0.02366	0.10096	0.02396	0.01543	0.01946	0.01239	0.00763	0.00820	0.00237	0.04882	0.00669	0.00411	0.01049
10	0.02366	0.11339	0.02143	0.01474	0.01974	0.01975	0.01222	0.35090	0.09318	0.09749	0.06431	0.02325	0.01857	0.04477	0.04654	0.00294	0.00801	0.00727	0.00677	0.01106

[dist]
# distance from previous block
# <min> <max>
0	1

[block]
# block no. 11 follows, 27 sequences, length 31
# corresponding to MSA columns:
# 517-540,551-557
name=unknown_L
#
# <colnr> <probs for GDERKNQSTAVLIFYWHMCP>
#	G	D	E	R	K	N	Q	S	T	A	V	L	I	F	Y	W	H	M	C	P
0	0.06933	0.01777	0.08913	0.02099	0.13062	0.01644	0.04549	0.07555	0.06956	0.15885	0.01785	0.01963	0.01338	0.01020	0.03489	0.00268	0.11156	0.00657	0.00538	0.08412
1	0.01674	0.08060	0.36547	0.06029	0.09319	0.01684	0.04209	0.04603	0.01671	0.05239	0.01627	0.01850	0.03499	0.00735	0.00689	0.00214	0.00931	0.00602	0.00392	0.10426
2	0.00985	0.00745	0.00909	0.00892	0.01075	0.00669	0.00660	0.01265	0.01910	0.02581	0.44266	0.13326	0.24587	0.01709	0.00884	0.00246	0.00366	0.01490	0.00767	0.00669
3	0.01444	0.00761	0.01067	0.01048	0.01170	0.00728	0.00777	0.01376	0.01336	0.08980	0.05933	0.03889	0.08368	0.02196	0.02077	0.46194	0.00610	0.11013	0.00504	0.00529
4	0.04909	0.09455	0.22851	0.01730	0.02319	0.22247	0.01695	0.02493	0.05137	0.05499	0.01754	0.05413	0.03620	0.01019	0.02536	0.00248	0.05043	0.00659	0.00428	0.00947
5	0.02376	0.01295	0.01695	0.01386	0.01809	0.01262	0.04299	0.14470	0.04799	0.30342	0.06977	0.09661	0.02546	0.09001	0.01121	0.00296	0.00671	0.04200	0.00762	0.01032
6	0.01023	0.00692	0.00890	0.01009	0.01108	0.00631	0.00692	0.01168	0.01494	0.05334	0.04508	0.60662	0.13637	0.02193	0.00928	0.00291	0.00433	0.01966	0.00701	0.00640
7	0.01014	0.00779	0.00904	0.00912	0.01090	0.00720	0.00659	0.03623	0.01712	0.02218	0.17965	0.21221	0.31827	0.07328	0.04317	0.00335	0.00499	0.01540	0.00686	0.00649
8	0.04833	0.04286	0.01712	0.01236	0.01836	0.03712	0.01010	0.09670	0.01839	0.08935	0.01637	0.01996	0.01337	0.00721	0.00614	0.00156	0.00634	0.03947	0.00527	0.49360
9	0.02173	0.02192	0.05666	0.09798	0.09513	0.16296	0.04613	0.13747	0.16664	0.05107	0.01792	0.01952	0.01363	0.00853	0.00829	0.00233	0.04951	0.00670	0.00531	0.01057
10	0.01146	0.00816	0.01127	0.01291	0.01434	0.00810	0.01084	0.01440	0.01636	0.02136	0.03881	0.18125	0.04297	0.05423	0.01141	0.00353	0.00647	0.51878	0.00674	0.00660
11	0.02436	0.11775	0.02267	0.01539	0.02113	0.05105	0.01282	0.35911	0.11793	0.06432	0.01817	0.01821	0.01351	0.00826	0.00682	0.00203	0.00764	0.00622	0.00641	0.10620
12	0.01037	0.00778	0.01045	0.01104	0.01227	0.00818	0.00815	0.01336	0.04722	0.01921	0.05090	0.28547	0.08620	0.06271	0.29392	0.00672	0.01086	0.04292	0.00568	0.00658
13	0.06210	0.10787	0.09452	0.16030	0.05035	0.06650	0.04509	0.04475	0.06421	0.02318	0.04531	0.10938	0.01832	0.00957	0.00707	0.00224	0.00820	0.00805	0.00461	0.06837
14	0.01628	0.14653	0.21254	0.02029	0.02712	0.03625	0.20239	0.02282	0.06369	0.02305	0.06484	0.06838	0.01907	0.00909	0.00758	0.00235	0.00948	0.03419	0.00440	0.00968
15	0.00930	0.00679	0.00875	0.00984	0.01075	0.00624	0.00678	0.01108	0.01582	0.02116	0.16948	0.53123	0.12299	0.02122	0.00926	0.00283	0.00409	0.01903	0.00714	0.00624
16	0.00927	0.00676	0.00861	0.00974	0.01065	0.00619	0.00669	0.01078	0.01530	0.02018	0.11843	0.52974	0.15602	0.02169	0.00981	0.02396	0.00418	0.01895	0.00694	0.00610
17	0.01812	0.04530	0.05939	0.06524	0.16116	0.11501	0.19178	0.02299	0.04525	0.02166	0.01519	0.04618	0.01301	0.01061	0.04237	0.00287	0.10289	0.00748	0.00391	0.00962
18	0.02556	0.02377	0.02004	0.01915	0.08844	0.30659	0.01364	0.17145	0.02289	0.10723	0.01685	0.01830	0.01279	0.00981	0.03165	0.00239	0.01014	0.00604	0.08319	0.01007
19	0.01196	0.00710	0.00947	0.00995	0.01098	0.00658	0.00690	0.01225	0.01409	0.06770	0.06618	0.36298	0.11948	0.02201	0.01478	0.22590	0.00496	0.01487	0.00607	0.00579
20	0.01421	0.01464	0.04964	0.10825	0.04905	0.01311	0.21560	0.01850	0.01612	0.02234	0.05429	0.11029	0.07254	0.01224	0.04327	0.00274	0.00891	0.00964	0.00464	0.16000
21	0.01428	0.01313	0.01905	0.44496	0.06101	0.04209	0.01625	0.01920	0.04967	0.02092	0.09954	0.02681	0.01976	0.07594	0.01028	0.00280	0.00854	0.00776	0.00432	0.04368
22	0.00959	0.00714	0.00837	0.00910	0.01020	0.00657	0.00626	0.01091	0.01447	0.01843	0.04773	0.30198	0.25323	0.19752	0.01626	0.00390	0.00502	0.06124	0.00630	0.00579
23	0.07392	0.01478	0.02071	0.01696	0.02012	0.01703	0.09033	0.11307	0.01752	0.11084	0.01776	0.02340	0.01462	0.01438	0.07336	0.00345	0.23227	0.03954	0.07671	0.00925
24	0.02163	0.10904	0.02511	0.11324	0.15164	0.23460	0.03966	0.08525	0.07869	0.02366	0.01486	0.01740	0.01186	0.00759	0.00685	0.00210	0.00990	0.00598	0.03103	0.00991
25	0.01396	0.01067	0.01435	0.01351	0.01562	0.04412	0.06931	0.03940	0.01598	0.06981	0.03185	0.30769	0.04809	0.09151	0.09136	0.00429	0.00817	0.09696	0.00607	0.00728
26	0.28133	0.03705	0.05184	0.05512	0.22498	0.05533	0.01493	0.02108	0.01450	0.02519	0.01283	0.01686	0.01076	0.01275	0.08005	0.02875	0.03798	0.00563	0.00394	0.00910
27	0.01224	0.00949	0.01312	0.01356	0.04784	0.00970	0.04233	0.04956	0.01473	0.01979	0.03013	0.28148	0.04762	0.25807	0.01943	0.00433	0.04238	0.07201	0.00561	0.00657
28	0.01116	0.03725	0.01116	0.05025	0.01361	0.00859	0.00794	0.04543	0.01507	0.02031	0.03433	0.52307	0.03967	0.09204	0.01169	0.00324	0.00521	0.01709	0.04637	0.00653
29	0.01903	0.05900	0.08493	0.03247	0.37011	0.11840	0.05751	0.02480	0.07390	0.02381	0.05265	0.02005	0.01529	0.00754	0.00727	0.00219	0.00929	0.00677	0.00421	0.01075
30	0.04471	0.07379	0.07201	0.12648	0.02487	0.04899	0.03677	0.03763	0.04027	0.15073	0.04994	0.02259	0.04699	0.00816	0.00680	0.00200	0.00752	0.00667	0.00535	0.18773

[dist]
# distance from previous block
# <min> <max>
0	7

[block]
# block no. 12 follows, 27 sequences, length 6
# corresponding to MSA columns:
# 568-573
name=unknown_M
#
# <colnr> <probs for GDERKNQSTAVLIFYWHMCP>
#	G	D	E	R	K	N	Q	S	T	A	V	L	I	F	Y	W	H	M	C	P
0	0.01737	0.01660	0.06713	0.02830	0.31037	0.01503	0.05793	0.05513	0.06932	0.05576	0.07380	0.04772	0.06280	0.00944	0.00769	0.00229	0.00768	0.03029	0.00518	0.06017
1	0.01478	0.00850	0.01084	0.01020	0.01261	0.00786	0.00767	0.01696	0.01665	0.16782	0.11514	0.16763	0.21262	0.06916	0.12245	0.00434	0.00718	0.01304	0.00692	0.00764
2	0.01369	0.00861	0.01009	0.00961	0.01206	0.00837	0.00734	0.01770	0.06862	0.09629	0.08451	0.09331	0.23244	0.02070	0.11617	0.00380	0.00666	0.01140	0.17104	0.00762
3	0.13821	0.21326	0.22899	0.01898	0.06769	0.05106	0.06749	0.06508	0.04180	0.02507	0.01310	0.01514	0.01023	0.00702	0.00626	0.00213	0.00909	0.00535	0.00393	0.01015
4	0.02141	0.01742	0.04195	0.13731	0.07938	0.06934	0.10239	0.15227	0.02129	0.14302	0.05320	0.06882	0.03934	0.00956	0.00778	0.00236	0.00864	0.00843	0.00584	0.01022
