[name]
unknown

[dist]
# distance from previous block
# <min> <max>
0	35

[block]
# block no. 0 follows, 35 sequences, length 57
# corresponding to MSA columns:
# 42-65,67-99
name=unknown_A
#
# <colnr> <probs for GDERKNQSTAVLIFYWHMCP>
#	G	D	E	R	K	N	Q	S	T	A	V	L	I	F	Y	W	H	M	C	P
0	0.01022	0.00730	0.01022	0.01168	0.01314	0.00730	0.01022	0.01314	0.01460	0.01899	0.03359	0.07156	0.03651	0.01752	0.00876	0.00292	0.00584	0.69478	0.00584	0.00584
1	0.02410	0.01838	0.01899	0.01468	0.01967	0.05525	0.01207	0.68274	0.02925	0.03879	0.01497	0.01505	0.01066	0.00756	0.00632	0.00189	0.00720	0.00563	0.00620	0.01062
2	0.01198	0.01128	0.01903	0.76180	0.04369	0.01409	0.01762	0.01621	0.01268	0.01621	0.01128	0.01691	0.00846	0.00634	0.00634	0.00211	0.00846	0.00564	0.00282	0.00705
3	0.02412	0.01777	0.01904	0.01460	0.01967	0.01967	0.01206	0.71633	0.02983	0.03998	0.01523	0.01523	0.01079	0.00762	0.00635	0.00190	0.00698	0.00571	0.00635	0.01079
4	0.00868	0.00647	0.00807	0.00767	0.00930	0.00586	0.00575	0.01140	0.01726	0.02378	0.60028	0.05012	0.19475	0.01359	0.00749	0.00202	0.00304	0.01186	0.00677	0.00586
5	0.01198	0.01128	0.01903	0.76180	0.04369	0.01409	0.01762	0.01621	0.01268	0.01621	0.01128	0.01691	0.00846	0.00634	0.00634	0.00211	0.00846	0.00564	0.00282	0.00705
6	0.02846	0.01080	0.01472	0.01129	0.01619	0.00932	0.00932	0.03092	0.01816	0.74187	0.02503	0.02159	0.01570	0.00785	0.00638	0.00196	0.00540	0.00638	0.00785	0.01080
7	0.01272	0.03281	0.74418	0.01808	0.02746	0.01473	0.02344	0.02009	0.01339	0.02009	0.01138	0.01339	0.00804	0.00603	0.00603	0.00201	0.00938	0.00469	0.00268	0.00938
8	0.01578	0.01363	0.01434	0.01291	0.01650	0.01578	0.01004	0.03371	0.72602	0.02654	0.02582	0.02367	0.01937	0.00861	0.00646	0.00215	0.00502	0.00717	0.00646	0.01004
9	0.01198	0.01128	0.01903	0.76180	0.04369	0.01409	0.01762	0.01621	0.01268	0.01621	0.01128	0.01691	0.00846	0.00634	0.00634	0.00211	0.00846	0.00564	0.00282	0.00705
10	0.02445	0.01844	0.01856	0.01449	0.01937	0.09345	0.01184	0.58685	0.02761	0.09788	0.01552	0.01539	0.01094	0.00753	0.00629	0.00188	0.00730	0.00560	0.00616	0.01044
11	0.01302	0.01183	0.01903	0.69751	0.04163	0.01457	0.01714	0.07645	0.01416	0.01825	0.01162	0.01677	0.00866	0.00645	0.00634	0.00210	0.00833	0.00564	0.00312	0.00737
12	0.02538	0.01072	0.01503	0.01333	0.07758	0.00948	0.00986	0.02800	0.01782	0.60673	0.09624	0.02372	0.01972	0.00818	0.00648	0.00196	0.00534	0.00684	0.00736	0.01024
13	0.01570	0.01507	0.02575	0.03894	0.73748	0.01507	0.01947	0.01947	0.01444	0.02073	0.01193	0.01570	0.01005	0.00565	0.00628	0.00188	0.00754	0.00565	0.00314	0.01005
14	0.01696	0.78087	0.03324	0.01085	0.01628	0.02510	0.01085	0.01900	0.01289	0.01493	0.00882	0.01018	0.00814	0.00543	0.00407	0.00136	0.00678	0.00339	0.00271	0.00814
15	0.01696	0.78087	0.03324	0.01085	0.01628	0.02510	0.01085	0.01900	0.01289	0.01493	0.00882	0.01018	0.00814	0.00543	0.00407	0.00136	0.00678	0.00339	0.00271	0.00814
16	0.00769	0.00643	0.00669	0.00663	0.00869	0.00544	0.00497	0.00947	0.01491	0.01821	0.15074	0.05929	0.64776	0.01567	0.00750	0.00212	0.00318	0.01314	0.00603	0.00544
17	0.01570	0.01507	0.02575	0.03894	0.73748	0.01507	0.01947	0.01947	0.01444	0.02073	0.01193	0.01570	0.01005	0.00565	0.00628	0.00188	0.00754	0.00565	0.00314	0.01005
18	0.01286	0.01218	0.02062	0.59029	0.20831	0.01433	0.01806	0.01698	0.01310	0.01728	0.01143	0.01663	0.00883	0.00618	0.00633	0.00206	0.00824	0.00564	0.00290	0.00776
19	0.00889	0.00645	0.00820	0.00778	0.00919	0.00595	0.00572	0.01153	0.01695	0.02370	0.62373	0.04788	0.10602	0.07895	0.00962	0.00236	0.00328	0.01142	0.00663	0.00576
20	0.01022	0.00730	0.01022	0.01168	0.01314	0.00730	0.01022	0.01314	0.01460	0.01899	0.03359	0.07156	0.03651	0.01752	0.00876	0.00292	0.00584	0.69478	0.00584	0.00584
21	0.01580	0.01723	0.03190	0.02349	0.02900	0.09160	0.55193	0.02028	0.01517	0.04838	0.01491	0.08174	0.01250	0.00682	0.00731	0.00212	0.00996	0.00800	0.00363	0.00823
22	0.01566	0.00865	0.01111	0.00946	0.01221	0.00809	0.00743	0.07781	0.01903	0.22451	0.47648	0.03750	0.04344	0.01110	0.00708	0.00198	0.00400	0.00957	0.00717	0.00773
23	0.00897	0.00655	0.00847	0.00818	0.00972	0.00605	0.00626	0.01185	0.01740	0.02424	0.62150	0.05054	0.11060	0.01360	0.00759	0.00209	0.00326	0.07042	0.00680	0.00592
24	0.01642	0.68494	0.12441	0.01178	0.01772	0.02377	0.01247	0.01914	0.01295	0.01559	0.00915	0.01059	0.00813	0.00550	0.00432	0.00144	0.00712	0.00356	0.00271	0.00830
25	0.01482	0.01417	0.02415	0.21045	0.57286	0.01484	0.01903	0.01870	0.01403	0.01965	0.01178	0.01599	0.00967	0.00582	0.00630	0.00194	0.00775	0.00565	0.00306	0.00934
26	0.00927	0.00682	0.00881	0.00808	0.00987	0.00616	0.00609	0.01225	0.01762	0.02510	0.68307	0.04497	0.05629	0.01238	0.00729	0.00192	0.00311	0.01093	0.00676	0.06319
27	0.01198	0.01128	0.01903	0.76180	0.04369	0.01409	0.01762	0.01621	0.01268	0.01621	0.01128	0.01691	0.00846	0.00634	0.00634	0.00211	0.00846	0.00564	0.00282	0.00705
28	0.01347	0.01331	0.01934	0.17864	0.02253	0.01827	0.01469	0.01547	0.01036	0.01547	0.00897	0.01454	0.00836	0.01007	0.01767	0.00263	0.60088	0.00557	0.00279	0.00696
29	0.01102	0.00551	0.00826	0.00826	0.00826	0.00551	0.00551	0.00826	0.00826	0.01102	0.01102	0.01928	0.01102	0.02204	0.02479	0.81543	0.00551	0.00551	0.00275	0.00275
30	0.01272	0.03281	0.74418	0.01808	0.02746	0.01473	0.02344	0.02009	0.01339	0.02009	0.01138	0.01339	0.00804	0.00603	0.00603	0.00201	0.00938	0.00469	0.00268	0.00938
31	0.01570	0.01507	0.02575	0.03894	0.73748	0.01507	0.01947	0.01947	0.01444	0.02073	0.01193	0.01570	0.01005	0.00565	0.00628	0.00188	0.00754	0.00565	0.00314	0.01005
32	0.01570	0.01507	0.02575	0.03894	0.73748	0.01507	0.01947	0.01947	0.01444	0.02073	0.01193	0.01570	0.01005	0.00565	0.00628	0.00188	0.00754	0.00565	0.00314	0.01005
33	0.01102	0.00551	0.00826	0.00826	0.00826	0.00551	0.00551	0.00826	0.00826	0.01102	0.01102	0.01928	0.01102	0.02204	0.02479	0.81543	0.00551	0.00551	0.00275	0.00275
34	0.00898	0.00648	0.00848	0.00798	0.00948	0.00599	0.00599	0.01197	0.01796	0.02544	0.73413	0.04739	0.05986	0.01297	0.00748	0.00200	0.00299	0.01147	0.00698	0.00599
35	0.01578	0.01363	0.01434	0.01291	0.01650	0.01578	0.01004	0.03371	0.72602	0.02654	0.02582	0.02367	0.01937	0.00861	0.00646	0.00215	0.00502	0.00717	0.00646	0.01004
36	0.00757	0.00643	0.00653	0.00650	0.00861	0.00539	0.00488	0.00924	0.01463	0.01754	0.09682	0.06039	0.70210	0.01592	0.00750	0.00214	0.00320	0.01330	0.00594	0.00539
37	0.70388	0.01358	0.01072	0.00934	0.01336	0.04437	0.00765	0.09413	0.01314	0.02919	0.00956	0.01088	0.00734	0.00610	0.00426	0.00194	0.00539	0.00371	0.00416	0.00731
38	0.01444	0.33514	0.45685	0.01516	0.02294	0.01892	0.01835	0.01965	0.01319	0.01800	0.01035	0.01209	0.00808	0.00578	0.00524	0.00175	0.00833	0.00416	0.00269	0.00888
39	0.01578	0.01363	0.01434	0.01291	0.01650	0.01578	0.01004	0.03371	0.72602	0.02654	0.02582	0.02367	0.01937	0.00861	0.00646	0.00215	0.00502	0.00717	0.00646	0.01004
40	0.01650	0.01398	0.01475	0.01306	0.01677	0.01611	0.01021	0.09245	0.66611	0.02769	0.02491	0.02294	0.01863	0.00852	0.00645	0.00213	0.00519	0.00705	0.00645	0.01011
41	0.01022	0.00730	0.01022	0.01168	0.01314	0.00730	0.01022	0.01314	0.01460	0.01899	0.03359	0.07156	0.03651	0.01752	0.00876	0.00292	0.00584	0.69478	0.00584	0.00584
42	0.01555	0.01492	0.02548	0.06754	0.71002	0.01503	0.01940	0.01934	0.01438	0.02055	0.01191	0.01575	0.00999	0.00568	0.00628	0.00189	0.00757	0.00565	0.00313	0.00993
43	0.00750	0.00643	0.00643	0.00643	0.00857	0.00536	0.00482	0.00910	0.01446	0.01714	0.06427	0.06105	0.73490	0.01607	0.00750	0.00214	0.00321	0.01339	0.00589	0.00536
44	0.00909	0.00668	0.00962	0.00962	0.01056	0.00762	0.00722	0.01096	0.01003	0.01430	0.01752	0.02782	0.01712	0.17504	0.62617	0.00949	0.01510	0.00722	0.00348	0.00535
45	0.01570	0.01507	0.02575	0.03894	0.73748	0.01507	0.01947	0.01947	0.01444	0.02073	0.01193	0.01570	0.01005	0.00565	0.00628	0.00188	0.00754	0.00565	0.00314	0.01005
46	0.01102	0.00551	0.00826	0.00826	0.00826	0.00551	0.00551	0.00826	0.00826	0.01102	0.01102	0.01928	0.01102	0.02204	0.02479	0.81543	0.00551	0.00551	0.00275	0.00275
47	0.00898	0.00648	0.00848	0.00798	0.00948	0.00599	0.00599	0.01197	0.01796	0.02544	0.73413	0.04739	0.05986	0.01297	0.00748	0.00200	0.00299	0.01147	0.00698	0.00599
48	0.01315	0.01128	0.01315	0.00940	0.01503	0.00846	0.00752	0.01597	0.01315	0.02067	0.01128	0.01315	0.00940	0.00470	0.00470	0.00094	0.00470	0.00376	0.00376	0.81583
49	0.00794	0.00644	0.00704	0.00689	0.00884	0.00555	0.00517	0.00997	0.01551	0.01964	0.26584	0.05694	0.53177	0.01513	0.00749	0.00210	0.00315	0.01281	0.00622	0.00555
50	0.02241	0.01522	0.01681	0.01328	0.01781	0.01638	0.01082	0.49577	0.07424	0.13731	0.02087	0.06319	0.04865	0.00884	0.00652	0.00198	0.00625	0.00700	0.00652	0.01015
51	0.02065	0.01770	0.01698	0.01413	0.01837	0.11349	0.01126	0.34710	0.31299	0.03130	0.01885	0.01819	0.01395	0.00788	0.00631	0.00197	0.00676	0.00610	0.00599	0.01004
52	0.04599	0.01784	0.04656	0.01523	0.07830	0.22567	0.01112	0.16208	0.03976	0.04213	0.02060	0.19468	0.05263	0.01034	0.00653	0.00201	0.00728	0.00845	0.00485	0.00792
53	0.01597	0.36196	0.34242	0.01446	0.02158	0.01991	0.01650	0.10335	0.01515	0.02020	0.01071	0.01219	0.00841	0.00595	0.00520	0.00171	0.00794	0.00424	0.00314	0.00900
54	0.04250	0.01841	0.08509	0.02448	0.12722	0.07864	0.39287	0.01999	0.01450	0.02000	0.01187	0.01546	0.00926	0.00579	0.00737	0.00199	0.04626	0.00621	0.00321	0.06887
55	0.04325	0.01505	0.02558	0.03748	0.68898	0.01508	0.04241	0.01947	0.01434	0.02098	0.01186	0.01556	0.00993	0.00565	0.00624	0.00190	0.00755	0.00564	0.00317	0.00989
56	0.04990	0.01434	0.02383	0.03555	0.65687	0.01439	0.01801	0.01882	0.01433	0.02106	0.03688	0.04244	0.01268	0.00640	0.00628	0.00191	0.00714	0.00618	0.00340	0.00961

[dist]
# distance from previous block
# <min> <max>
4	41

[block]
# block no. 1 follows, 35 sequences, length 9
# corresponding to MSA columns:
# 166-174
name=unknown_B
#
# <colnr> <probs for GDERKNQSTAVLIFYWHMCP>
#	G	D	E	R	K	N	Q	S	T	A	V	L	I	F	Y	W	H	M	C	P
0	0.03577	0.08760	0.04637	0.11011	0.06976	0.03335	0.03527	0.04499	0.01441	0.04929	0.13186	0.04367	0.07649	0.00925	0.00892	0.00205	0.14327	0.00716	0.00426	0.04617
1	0.12263	0.01649	0.13762	0.01273	0.01769	0.01418	0.01188	0.25770	0.05384	0.13500	0.06774	0.02061	0.01576	0.00796	0.00606	0.00197	0.00623	0.03297	0.05174	0.00920
2	0.02039	0.24676	0.11289	0.01498	0.01963	0.45050	0.01325	0.02285	0.01594	0.01592	0.00972	0.01132	0.00815	0.00615	0.00528	0.00160	0.00984	0.00396	0.00304	0.00783
3	0.01570	0.01507	0.02575	0.03894	0.73748	0.01507	0.01947	0.01947	0.01444	0.02073	0.01193	0.01570	0.01005	0.00565	0.00628	0.00188	0.00754	0.00565	0.00314	0.01005
4	0.01272	0.03281	0.74418	0.01808	0.02746	0.01473	0.02344	0.02009	0.01339	0.02009	0.01138	0.01339	0.00804	0.00603	0.00603	0.00201	0.00938	0.00469	0.00268	0.00938
5	0.02370	0.03023	0.01798	0.01634	0.01961	0.75158	0.01226	0.02533	0.01798	0.01553	0.00981	0.01144	0.00817	0.00654	0.00572	0.00163	0.01144	0.00409	0.00327	0.00735
6	0.23219	0.01274	0.01242	0.01102	0.01438	0.03802	0.00874	0.14614	0.19819	0.05056	0.01935	0.07075	0.01649	0.03819	0.00684	0.00222	0.00544	0.04977	0.05837	0.00817
7	0.01269	0.00954	0.01390	0.04241	0.01582	0.00884	0.09742	0.06541	0.01481	0.08697	0.02915	0.32508	0.11364	0.01285	0.00711	0.00211	0.00525	0.01162	0.00534	0.12003
8	0.07226	0.01285	0.01728	0.11301	0.16029	0.01297	0.01233	0.09582	0.08568	0.22671	0.01695	0.01757	0.01213	0.00675	0.00598	0.00185	0.00621	0.00562	0.00522	0.11252

[dist]
# distance from previous block
# <min> <max>
12	18

[block]
# block no. 2 follows, 35 sequences, length 16
# corresponding to MSA columns:
# 197-210,219,220
name=unknown_C
#
# <colnr> <probs for GDERKNQSTAVLIFYWHMCP>
#	G	D	E	R	K	N	Q	S	T	A	V	L	I	F	Y	W	H	M	C	P
0	0.01311	0.10015	0.68019	0.01743	0.02645	0.01567	0.02231	0.01999	0.01335	0.01963	0.01115	0.01310	0.00805	0.00597	0.00585	0.00195	0.00914	0.00457	0.00268	0.00926
1	0.01696	0.78087	0.03324	0.01085	0.01628	0.02510	0.01085	0.01900	0.01289	0.01493	0.00882	0.01018	0.00814	0.00543	0.00407	0.00136	0.00678	0.00339	0.00271	0.00814
2	0.02412	0.01777	0.01904	0.01460	0.01967	0.01967	0.01206	0.71633	0.02983	0.03998	0.01523	0.01523	0.01079	0.00762	0.00635	0.00190	0.00698	0.00571	0.00635	0.01079
3	0.02370	0.03023	0.01798	0.01634	0.01961	0.75158	0.01226	0.02533	0.01798	0.01553	0.00981	0.01144	0.00817	0.00654	0.00572	0.00163	0.01144	0.00409	0.00327	0.00735
4	0.01578	0.01363	0.01434	0.01291	0.01650	0.01578	0.01004	0.03371	0.72602	0.02654	0.02582	0.02367	0.01937	0.00861	0.00646	0.00215	0.00502	0.00717	0.00646	0.01004
5	0.01250	0.00656	0.00663	0.00639	0.00806	0.00667	0.00485	0.05318	0.01421	0.02454	0.02040	0.02319	0.01596	0.00740	0.00454	0.00150	0.00318	0.00590	0.76816	0.00618
6	0.00923	0.00615	0.00692	0.00692	0.00692	0.00615	0.00384	0.00923	0.00923	0.01230	0.01999	0.04151	0.02306	0.77705	0.03229	0.00615	0.00615	0.00923	0.00384	0.00384
7	0.02412	0.01777	0.01904	0.01460	0.01967	0.01967	0.01206	0.71633	0.02983	0.03998	0.01523	0.01523	0.01079	0.00762	0.00635	0.00190	0.00698	0.00571	0.00635	0.01079
8	0.01223	0.00997	0.01134	0.01101	0.01343	0.01082	0.00860	0.02212	0.35965	0.02306	0.12974	0.12786	0.08758	0.01273	0.00729	0.00232	0.00458	0.13161	0.00631	0.00778
9	0.00909	0.00656	0.00864	0.00831	0.00981	0.00610	0.00637	0.01208	0.01766	0.02486	0.67108	0.04956	0.05776	0.01338	0.00760	0.00208	0.00325	0.07298	0.00688	0.00597
10	0.02412	0.01777	0.01904	0.01460	0.01967	0.01967	0.01206	0.71633	0.02983	0.03998	0.01523	0.01523	0.01079	0.00762	0.00635	0.00190	0.00698	0.00571	0.00635	0.01079
11	0.01696	0.78087	0.03324	0.01085	0.01628	0.02510	0.01085	0.01900	0.01289	0.01493	0.00882	0.01018	0.00814	0.00543	0.00407	0.00136	0.00678	0.00339	0.00271	0.00814
12	0.02324	0.01712	0.01842	0.01429	0.01911	0.01890	0.01173	0.67861	0.02888	0.03871	0.01628	0.05562	0.01245	0.00827	0.00644	0.00194	0.00680	0.00637	0.00632	0.01049
13	0.01497	0.01711	0.03743	0.02674	0.03316	0.01604	0.71444	0.02032	0.01497	0.02032	0.01283	0.01711	0.00963	0.00535	0.00749	0.00214	0.01070	0.00749	0.00321	0.00856
14	0.82186	0.01227	0.00932	0.00834	0.01227	0.01423	0.00687	0.01865	0.01080	0.02846	0.00883	0.01031	0.00687	0.00589	0.00393	0.00196	0.00491	0.00344	0.00393	0.00687
15	0.04550	0.00979	0.01198	0.00965	0.01378	0.00809	0.00754	0.01836	0.01425	0.21509	0.02177	0.17823	0.04309	0.00921	0.00594	0.00164	0.00463	0.00782	0.00540	0.36822

[dist]
# distance from previous block
# <min> <max>
3	5

[block]
# block no. 3 follows, 35 sequences, length 17
# corresponding to MSA columns:
# 226-242
name=unknown_D
#
# <colnr> <probs for GDERKNQSTAVLIFYWHMCP>
#	G	D	E	R	K	N	Q	S	T	A	V	L	I	F	Y	W	H	M	C	P
0	0.02335	0.01455	0.01650	0.01314	0.01778	0.01546	0.01069	0.32964	0.20305	0.25498	0.02097	0.01935	0.01450	0.00794	0.00638	0.00199	0.00599	0.00629	0.00684	0.01060
1	0.04730	0.01577	0.02331	0.01844	0.02120	0.04409	0.19066	0.11905	0.04026	0.02105	0.01117	0.01502	0.00935	0.00869	0.01364	0.00239	0.38098	0.00599	0.00360	0.00803
2	0.00884	0.00642	0.00854	0.00966	0.01076	0.00612	0.00754	0.01091	0.01394	0.01834	0.10777	0.34893	0.10815	0.01787	0.00825	0.00261	0.00444	0.28940	0.00598	0.00553
3	0.28390	0.01458	0.01279	0.01053	0.01500	0.11863	0.00835	0.02090	0.09219	0.05809	0.01253	0.01353	0.00979	0.00594	0.00487	0.00156	0.00581	0.00420	0.00424	0.30255
4	0.00923	0.00615	0.00692	0.00692	0.00692	0.00615	0.00384	0.00923	0.00923	0.01230	0.01999	0.04151	0.02306	0.77705	0.03229	0.00615	0.00615	0.00923	0.00384	0.00384
5	0.02412	0.01777	0.01904	0.01460	0.01967	0.01967	0.01206	0.71633	0.02983	0.03998	0.01523	0.01523	0.01079	0.00762	0.00635	0.00190	0.00698	0.00571	0.00635	0.01079
6	0.01315	0.10829	0.67245	0.01735	0.02633	0.01578	0.02217	0.01998	0.01334	0.01957	0.01113	0.01307	0.00805	0.00597	0.00583	0.00194	0.00911	0.00456	0.00268	0.00925
7	0.01696	0.78087	0.03324	0.01085	0.01628	0.02510	0.01085	0.01900	0.01289	0.01493	0.00882	0.01018	0.00814	0.00543	0.00407	0.00136	0.00678	0.00339	0.00271	0.00814
8	0.02412	0.01777	0.01904	0.01460	0.01967	0.01967	0.01206	0.71633	0.02983	0.03998	0.01523	0.01523	0.01079	0.00762	0.00635	0.00190	0.00698	0.00571	0.00635	0.01079
9	0.02373	0.02932	0.01806	0.01621	0.01962	0.69784	0.01224	0.07607	0.01885	0.01732	0.01020	0.01172	0.00836	0.00662	0.00577	0.00165	0.01111	0.00421	0.00349	0.00761
10	0.02412	0.01777	0.01904	0.01460	0.01967	0.01967	0.01206	0.71633	0.02983	0.03998	0.01523	0.01523	0.01079	0.00762	0.00635	0.00190	0.00698	0.00571	0.00635	0.01079
11	0.01480	0.01678	0.03638	0.06893	0.03376	0.01593	0.67444	0.02008	0.01484	0.02008	0.01274	0.01710	0.00956	0.00540	0.00742	0.00214	0.01057	0.00738	0.00319	0.00847
12	0.35152	0.01913	0.06808	0.01263	0.01718	0.16484	0.01080	0.23856	0.01840	0.02884	0.01122	0.01230	0.00845	0.00657	0.00520	0.00188	0.00720	0.00437	0.00446	0.00838
13	0.02288	0.01657	0.01771	0.01372	0.01843	0.01828	0.01129	0.64554	0.02816	0.03833	0.01578	0.01608	0.01134	0.00759	0.00615	0.00186	0.00657	0.00573	0.08767	0.01030
14	0.11427	0.21556	0.47680	0.01508	0.02280	0.01724	0.01826	0.01964	0.01295	0.01985	0.01043	0.01221	0.00792	0.00586	0.00528	0.00184	0.00818	0.00421	0.00284	0.00876
15	0.13947	0.01162	0.01258	0.01027	0.01450	0.01122	0.00822	0.09431	0.11788	0.02509	0.08821	0.04227	0.01804	0.00771	0.00560	0.00164	0.00489	0.04238	0.00495	0.33915
16	0.03706	0.01102	0.01283	0.01050	0.01459	0.01036	0.00828	0.05273	0.17656	0.16390	0.08504	0.07761	0.04357	0.00858	0.00607	0.00174	0.00474	0.00717	0.00580	0.26185

[dist]
# distance from previous block
# <min> <max>
0	2

[block]
# block no. 4 follows, 35 sequences, length 7
# corresponding to MSA columns:
# 245-251
name=unknown_E
#
# <colnr> <probs for GDERKNQSTAVLIFYWHMCP>
#	G	D	E	R	K	N	Q	S	T	A	V	L	I	F	Y	W	H	M	C	P
0	0.01843	0.01178	0.01383	0.01094	0.01511	0.01134	0.00880	0.20828	0.05210	0.18478	0.17555	0.02561	0.05488	0.00866	0.00632	0.00176	0.00505	0.00712	0.00627	0.17341
1	0.01570	0.01507	0.02575	0.03894	0.73748	0.01507	0.01947	0.01947	0.01444	0.02073	0.01193	0.01570	0.01005	0.00565	0.00628	0.00188	0.00754	0.00565	0.00314	0.01005
2	0.01172	0.01086	0.01812	0.69689	0.04075	0.01340	0.01662	0.01584	0.01314	0.01700	0.07353	0.01954	0.01288	0.00691	0.00644	0.00210	0.00799	0.00614	0.00318	0.00696
3	0.00955	0.00699	0.00877	0.00957	0.01073	0.00680	0.00707	0.07004	0.01436	0.01883	0.03633	0.50257	0.11620	0.01798	0.00800	0.00253	0.00430	0.13771	0.00592	0.00578
4	0.01570	0.01507	0.02575	0.03894	0.73748	0.01507	0.01947	0.01947	0.01444	0.02073	0.01193	0.01570	0.01005	0.00565	0.00628	0.00188	0.00754	0.00565	0.00314	0.01005
5	0.01641	0.01419	0.01673	0.01399	0.01815	0.01563	0.07019	0.10591	0.53048	0.02700	0.02236	0.02132	0.01678	0.00790	0.00639	0.00202	0.00569	0.00676	0.00594	0.07617
6	0.04954	0.47097	0.10838	0.01261	0.01812	0.08206	0.01236	0.11456	0.04409	0.01994	0.01074	0.01187	0.00889	0.00603	0.00482	0.00158	0.00734	0.00406	0.00344	0.00860

[dist]
# distance from previous block
# <min> <max>
0	3

# created by:
# /home/cegg/simao/soft/augustus-3.2.1/scripts/msa2prfl.pl ./align_prep/EOG090W0I0Q.fa
