[name]
unknown

[dist]
# distance from previous block
# <min> <max>
0	206

[block]
# block no. 0 follows, 32 sequences, length 62
# corresponding to MSA columns:
# 207-268
name=unknown_A
#
# <colnr> <probs for GDERKNQSTAVLIFYWHMCP>
#	G	D	E	R	K	N	Q	S	T	A	V	L	I	F	Y	W	H	M	C	P
0	0.01982	0.01678	0.01834	0.11786	0.07138	0.08987	0.01314	0.25265	0.19352	0.05009	0.05392	0.02169	0.01648	0.00844	0.00680	0.00211	0.00731	0.02422	0.00573	0.00985
1	0.01322	0.01248	0.02111	0.65039	0.13963	0.01505	0.01891	0.01762	0.01367	0.01780	0.01202	0.01771	0.00918	0.00661	0.00670	0.00220	0.00881	0.00597	0.00303	0.00789
2	0.01479	0.05111	0.49424	0.01961	0.04428	0.06689	0.05943	0.02081	0.01401	0.02000	0.01145	0.01429	0.00871	0.00717	0.00880	0.00221	0.12476	0.00521	0.00294	0.00930
3	0.01189	0.00926	0.01085	0.01010	0.01239	0.00951	0.00772	0.05268	0.18675	0.02647	0.40110	0.08649	0.10230	0.01316	0.00767	0.00222	0.00405	0.03086	0.00702	0.00752
4	0.01033	0.00653	0.00846	0.00910	0.01014	0.00602	0.00631	0.01191	0.01419	0.07556	0.13152	0.50521	0.07433	0.06170	0.00967	0.00275	0.00404	0.01596	0.03027	0.00601
5	0.01509	0.01178	0.01288	0.01165	0.01479	0.01281	0.00895	0.06190	0.39662	0.06350	0.10684	0.08415	0.11981	0.03831	0.00818	0.00241	0.00490	0.00970	0.00674	0.00899
6	0.00934	0.00720	0.00858	0.00824	0.01011	0.00664	0.00617	0.01282	0.05415	0.02389	0.45537	0.07860	0.26464	0.01475	0.00788	0.00219	0.00338	0.01277	0.00696	0.00632
7	0.12159	0.00701	0.00823	0.00907	0.01015	0.00696	0.00631	0.01128	0.01339	0.02017	0.12710	0.53120	0.04109	0.04355	0.00873	0.00268	0.00406	0.01562	0.00602	0.00578
8	0.04024	0.00818	0.00914	0.00871	0.01003	0.00830	0.00585	0.03288	0.08886	0.05349	0.07780	0.09868	0.08941	0.41514	0.02167	0.00454	0.00558	0.01037	0.00526	0.00588
9	0.00848	0.00603	0.00800	0.00947	0.00993	0.00569	0.00647	0.00973	0.01288	0.01713	0.03594	0.66314	0.04275	0.06413	0.01011	0.00297	0.00423	0.07139	0.00610	0.00543
10	0.01251	0.00625	0.00625	0.00625	0.00782	0.00625	0.00469	0.01563	0.01407	0.02502	0.02189	0.02502	0.01720	0.00782	0.00469	0.00156	0.00313	0.00625	0.80144	0.00625
11	0.01078	0.00696	0.00846	0.00855	0.01028	0.00618	0.00618	0.01253	0.01516	0.09782	0.14158	0.31106	0.27788	0.04368	0.00896	0.00254	0.00391	0.01469	0.00655	0.00626
12	0.01104	0.00668	0.00875	0.00947	0.01053	0.00620	0.00665	0.01250	0.01371	0.09658	0.05326	0.52655	0.05541	0.07851	0.01032	0.00292	0.00438	0.05269	0.02777	0.00610
13	0.01166	0.00583	0.00874	0.00874	0.00874	0.00583	0.00583	0.00874	0.00874	0.01166	0.01166	0.02040	0.01166	0.02331	0.02622	0.80478	0.00583	0.00583	0.00291	0.00291
14	0.00959	0.00719	0.01078	0.01078	0.01198	0.00839	0.00839	0.01198	0.01078	0.01558	0.01797	0.02636	0.01677	0.05032	0.73760	0.01078	0.01797	0.00719	0.00359	0.00599
15	0.02878	0.00740	0.00913	0.00883	0.01086	0.00676	0.00683	0.01368	0.01713	0.08267	0.36175	0.09816	0.21901	0.01491	0.00793	0.00229	0.00387	0.08656	0.00689	0.00654
16	0.01004	0.00705	0.00843	0.00819	0.01002	0.00645	0.00610	0.01297	0.03584	0.04817	0.36422	0.12996	0.24328	0.01474	0.00770	0.00219	0.00346	0.01276	0.06211	0.00634
17	0.06536	0.01850	0.01962	0.01510	0.02041	0.02052	0.01248	0.66548	0.03053	0.04167	0.01577	0.01585	0.01120	0.00796	0.00658	0.00202	0.00727	0.00592	0.00658	0.01120
18	0.02551	0.01879	0.02014	0.01544	0.02081	0.02081	0.01275	0.69996	0.03155	0.04229	0.01611	0.01611	0.01141	0.00805	0.00671	0.00201	0.00738	0.00604	0.00671	0.01141
19	0.02514	0.01754	0.01913	0.01487	0.02006	0.01918	0.01222	0.55952	0.09767	0.11719	0.01838	0.01775	0.01289	0.00819	0.00673	0.00205	0.00699	0.00627	0.00690	0.01133
20	0.02522	0.02742	0.01940	0.01665	0.02077	0.48943	0.01289	0.25964	0.02335	0.02537	0.01236	0.01349	0.00960	0.00731	0.00628	0.00183	0.01047	0.00492	0.00458	0.00904
21	0.02506	0.03198	0.01901	0.01729	0.02074	0.73725	0.01296	0.02679	0.01901	0.01642	0.01037	0.01210	0.00864	0.00691	0.00605	0.00173	0.01210	0.00432	0.00346	0.00778
22	0.00950	0.00686	0.00897	0.00844	0.01002	0.00633	0.00633	0.01266	0.01899	0.02691	0.71879	0.05012	0.06331	0.01372	0.00791	0.00211	0.00317	0.01213	0.00739	0.00633
23	0.00979	0.00707	0.00821	0.00779	0.00991	0.00618	0.00589	0.01217	0.01712	0.05942	0.35015	0.05605	0.39569	0.01510	0.00786	0.00219	0.00342	0.01288	0.00685	0.00626
24	0.74484	0.01284	0.01035	0.00909	0.01333	0.01461	0.00749	0.02083	0.01208	0.08962	0.01081	0.01192	0.00806	0.00641	0.00437	0.00208	0.00523	0.00390	0.00451	0.00762
25	0.01661	0.01594	0.02724	0.04119	0.72233	0.01594	0.02059	0.02059	0.01528	0.02192	0.01262	0.01661	0.01063	0.00598	0.00664	0.00199	0.00797	0.00598	0.00332	0.01063
26	0.01241	0.00814	0.01088	0.01169	0.01344	0.00811	0.00961	0.01618	0.07208	0.08024	0.03368	0.20909	0.03566	0.01755	0.00920	0.02644	0.00558	0.40694	0.00633	0.00674
27	0.01100	0.00682	0.00896	0.00922	0.01061	0.00622	0.00660	0.01296	0.01555	0.09925	0.24317	0.42489	0.08462	0.01718	0.00813	0.00244	0.00385	0.01533	0.00681	0.00639
28	0.00818	0.00584	0.00779	0.00934	0.00973	0.00545	0.00623	0.00934	0.01285	0.01713	0.03698	0.75981	0.04438	0.02102	0.00856	0.00273	0.00389	0.01908	0.00623	0.00545
29	0.02432	0.02430	0.01907	0.01608	0.02040	0.34580	0.01261	0.32012	0.10150	0.02895	0.01475	0.01528	0.01116	0.00765	0.00642	0.00191	0.00930	0.00543	0.00525	0.00967
30	0.01492	0.29231	0.46423	0.01613	0.02433	0.01918	0.01957	0.02060	0.01412	0.01949	0.03131	0.01400	0.01011	0.00636	0.00569	0.00188	0.00876	0.00468	0.00298	0.00935
31	0.00958	0.00643	0.00737	0.00754	0.00759	0.00639	0.00431	0.00971	0.01010	0.01347	0.02291	0.12370	0.02662	0.68136	0.03130	0.00608	0.00621	0.01080	0.00431	0.00422
32	0.01391	0.01193	0.01391	0.00994	0.01590	0.00894	0.00795	0.01690	0.01391	0.02186	0.01193	0.01391	0.00994	0.00497	0.00497	0.00099	0.00497	0.00398	0.00398	0.80521
33	0.00964	0.00699	0.00975	0.00975	0.01059	0.00783	0.00710	0.01132	0.01048	0.01481	0.01892	0.03159	0.01905	0.26307	0.52796	0.00951	0.01456	0.00795	0.00373	0.00542
34	0.01391	0.01193	0.01391	0.00994	0.01590	0.00894	0.00795	0.01690	0.01391	0.02186	0.01193	0.01391	0.00994	0.00497	0.00497	0.00099	0.00497	0.00398	0.00398	0.80521
35	0.00995	0.00721	0.00975	0.01107	0.01243	0.00700	0.00915	0.01253	0.01506	0.01964	0.07258	0.21836	0.09655	0.01870	0.00894	0.00290	0.00532	0.45062	0.00625	0.00599
36	0.01669	0.01441	0.01517	0.01365	0.01745	0.01669	0.01062	0.03565	0.71021	0.02807	0.02731	0.02503	0.02048	0.00910	0.00683	0.00228	0.00531	0.00759	0.00683	0.01062
37	0.00975	0.00703	0.00933	0.00920	0.01077	0.00660	0.00720	0.01290	0.01831	0.02559	0.58652	0.05507	0.05853	0.01465	0.00818	0.00230	0.00375	0.14088	0.00715	0.00630
38	0.01669	0.01441	0.01517	0.01365	0.01745	0.01669	0.01062	0.03565	0.71021	0.02807	0.02731	0.02503	0.02048	0.00910	0.00683	0.00228	0.00531	0.00759	0.00683	0.01062
39	0.01265	0.00795	0.01096	0.01187	0.01376	0.00771	0.01014	0.01548	0.01565	0.09857	0.03577	0.12436	0.06046	0.01754	0.00888	0.00292	0.00585	0.52638	0.00642	0.00669
40	0.01042	0.00709	0.00914	0.00849	0.01031	0.00646	0.00642	0.01345	0.01872	0.06172	0.63393	0.04984	0.11113	0.01369	0.00786	0.00212	0.00331	0.01202	0.00734	0.00654
41	0.01584	0.01810	0.03959	0.02828	0.03507	0.01697	0.69796	0.02149	0.01584	0.02149	0.01357	0.01810	0.01018	0.00566	0.00792	0.00226	0.01131	0.00792	0.00339	0.00905
42	0.00818	0.00584	0.00779	0.00934	0.00973	0.00545	0.00623	0.00934	0.01285	0.01713	0.03698	0.75981	0.04438	0.02102	0.00856	0.00273	0.00389	0.01908	0.00623	0.00545
43	0.01373	0.01023	0.01118	0.01074	0.01311	0.01118	0.00805	0.06028	0.30490	0.02499	0.02816	0.23546	0.02605	0.01216	0.00681	0.00222	0.00449	0.01048	0.19766	0.00813
44	0.02527	0.01760	0.01920	0.01490	0.02011	0.01924	0.01225	0.56885	0.08813	0.11739	0.01822	0.01762	0.01277	0.00817	0.00673	0.00204	0.00702	0.00625	0.00690	0.01134
45	0.01040	0.00731	0.00778	0.00737	0.00996	0.00613	0.00563	0.01220	0.01573	0.09714	0.06335	0.05992	0.64125	0.01602	0.00780	0.00224	0.00366	0.01333	0.00646	0.00631
46	0.01898	0.01424	0.01549	0.01352	0.01758	0.01598	0.01063	0.07036	0.58019	0.12406	0.02660	0.02426	0.01948	0.00894	0.00681	0.00223	0.00547	0.00739	0.00702	0.01077
47	0.01054	0.00788	0.00941	0.00954	0.01112	0.00768	0.00690	0.08771	0.03674	0.02212	0.15768	0.40985	0.16276	0.01725	0.00808	0.00245	0.00411	0.01522	0.00650	0.00646
48	0.00936	0.00688	0.00989	0.01016	0.01108	0.00767	0.00754	0.01128	0.01103	0.01557	0.02161	0.15526	0.02238	0.12300	0.53476	0.00892	0.01429	0.00953	0.00410	0.00569
49	0.02551	0.01879	0.02014	0.01544	0.02081	0.02081	0.01275	0.69996	0.03155	0.04229	0.01611	0.01611	0.01141	0.00805	0.00671	0.00201	0.00738	0.00604	0.00671	0.01141
50	0.72218	0.01229	0.00976	0.00878	0.01265	0.01408	0.00716	0.01894	0.01226	0.02975	0.08842	0.01527	0.01351	0.00706	0.00457	0.00208	0.00496	0.00458	0.00451	0.00716
51	0.01391	0.01193	0.01391	0.00994	0.01590	0.00894	0.00795	0.01690	0.01391	0.02186	0.01193	0.01391	0.00994	0.00497	0.00497	0.00099	0.00497	0.00398	0.00398	0.80521
52	0.01184	0.00700	0.00837	0.00812	0.00882	0.00675	0.00507	0.01242	0.01162	0.09375	0.05887	0.12168	0.02773	0.55905	0.02691	0.00537	0.00596	0.01058	0.00495	0.00515
53	0.00950	0.00640	0.00739	0.00765	0.00771	0.00633	0.00442	0.00969	0.01026	0.01368	0.02371	0.16000	0.02763	0.64368	0.03000	0.00589	0.00608	0.01127	0.00442	0.00429
54	0.02483	0.04813	0.01919	0.05348	0.02154	0.56224	0.01285	0.06235	0.01927	0.09701	0.01252	0.01377	0.00969	0.00709	0.00615	0.00180	0.01084	0.00475	0.00413	0.00838
55	0.00853	0.00609	0.00819	0.00975	0.01029	0.00575	0.00684	0.00995	0.01319	0.01752	0.03679	0.66839	0.04361	0.02069	0.00866	0.00277	0.00420	0.10702	0.00622	0.00555
56	0.01156	0.00596	0.00842	0.00842	0.00862	0.00599	0.00565	0.00966	0.00946	0.01334	0.01362	0.02270	0.01329	0.07376	0.04292	0.63910	0.00589	0.00618	0.09202	0.00345
57	0.65143	0.01427	0.01205	0.08800	0.03622	0.06523	0.00922	0.01997	0.01226	0.02757	0.00977	0.01187	0.00763	0.00632	0.00462	0.00207	0.00614	0.00399	0.00396	0.00741
58	0.00897	0.00684	0.00824	0.00789	0.00970	0.00611	0.00592	0.01164	0.01775	0.02396	0.50027	0.05497	0.28367	0.01482	0.00792	0.00216	0.00324	0.01282	0.00700	0.00611
59	0.01267	0.01193	0.02013	0.74806	0.04621	0.01491	0.01863	0.01714	0.01342	0.01714	0.01193	0.01789	0.00894	0.00671	0.00671	0.00224	0.00894	0.00596	0.00298	0.00745
60	0.01665	0.01529	0.02473	0.20845	0.48141	0.01624	0.01925	0.09549	0.01664	0.02304	0.01284	0.01686	0.01031	0.00639	0.00667	0.00205	0.00814	0.00598	0.00362	0.00995
61	0.01404	0.01009	0.01360	0.01214	0.01456	0.01102	0.04359	0.05619	0.15049	0.08350	0.02066	0.02709	0.01786	0.12689	0.35946	0.00686	0.01197	0.00754	0.00488	0.00759

[dist]
# distance from previous block
# <min> <max>
0	3

[block]
# block no. 1 follows, 32 sequences, length 149
# corresponding to MSA columns:
# 272-420
name=unknown_B
#
# <colnr> <probs for GDERKNQSTAVLIFYWHMCP>
#	G	D	E	R	K	N	Q	S	T	A	V	L	I	F	Y	W	H	M	C	P
0	0.01769	0.45765	0.06607	0.10920	0.02182	0.09360	0.01306	0.06858	0.01541	0.01830	0.01204	0.05660	0.01096	0.00709	0.00533	0.00172	0.00787	0.00514	0.00342	0.00846
1	0.00874	0.00668	0.00737	0.00752	0.00922	0.00587	0.00551	0.00978	0.01397	0.01700	0.05422	0.07956	0.51307	0.07165	0.01231	0.10786	0.00413	0.05467	0.00564	0.00521
2	0.04254	0.01577	0.04189	0.01293	0.01839	0.01513	0.01079	0.27774	0.13670	0.03082	0.01600	0.01652	0.01212	0.00691	0.00596	0.00166	0.00612	0.00538	0.00545	0.32117
3	0.01250	0.00806	0.01165	0.14373	0.01669	0.00890	0.00878	0.01380	0.10156	0.01480	0.01376	0.02055	0.01232	0.01843	0.02013	0.55373	0.00633	0.00608	0.00344	0.00475
4	0.20535	0.04073	0.01912	0.13741	0.15482	0.15436	0.01375	0.13253	0.01737	0.02517	0.01176	0.01428	0.00924	0.00664	0.00585	0.00196	0.00806	0.00499	0.00405	0.03258
5	0.00960	0.00714	0.01053	0.01053	0.01165	0.00825	0.00808	0.01182	0.01071	0.01539	0.01820	0.02762	0.01732	0.10154	0.68713	0.01048	0.01715	0.00737	0.00363	0.00585
6	0.00986	0.00701	0.01052	0.01052	0.01156	0.00805	0.00805	0.01156	0.01052	0.01506	0.01714	0.02558	0.01610	0.04678	0.64433	0.11489	0.01638	0.00701	0.00351	0.00559
7	0.01022	0.00740	0.00904	0.00952	0.01040	0.00759	0.00658	0.01337	0.10327	0.01719	0.02917	0.30222	0.04794	0.23856	0.05823	0.05086	0.00591	0.06153	0.00533	0.00566
8	0.01483	0.01383	0.02241	0.39916	0.30017	0.01560	0.01856	0.03696	0.07342	0.02051	0.01359	0.01796	0.01062	0.00667	0.00669	0.00214	0.00823	0.00611	0.00353	0.00903
9	0.00879	0.00630	0.00799	0.00878	0.00952	0.00592	0.00601	0.01025	0.01371	0.01837	0.15755	0.42294	0.09545	0.14869	0.01289	0.00326	0.00429	0.04782	0.00606	0.00542
10	0.00810	0.00659	0.00708	0.00738	0.00916	0.00567	0.00532	0.00967	0.01468	0.01798	0.07922	0.20434	0.53487	0.04800	0.00912	0.00253	0.00362	0.01492	0.00618	0.00558
11	0.00932	0.00685	0.00872	0.00826	0.00992	0.00626	0.00619	0.01232	0.01857	0.02591	0.64518	0.05176	0.13755	0.01409	0.00792	0.00213	0.00319	0.01236	0.00726	0.00626
12	0.01391	0.01193	0.01391	0.00994	0.01590	0.00894	0.00795	0.01690	0.01391	0.02186	0.01193	0.01391	0.00994	0.00497	0.00497	0.00099	0.00497	0.00398	0.00398	0.80521
13	0.00818	0.00584	0.00779	0.00934	0.00973	0.00545	0.00623	0.00934	0.01285	0.01713	0.03698	0.75981	0.04438	0.02102	0.00856	0.00273	0.00389	0.01908	0.00623	0.00545
14	0.02992	0.01172	0.01576	0.01208	0.01728	0.01031	0.00998	0.05974	0.01971	0.69923	0.02605	0.02257	0.01640	0.00829	0.00675	0.00207	0.00578	0.00672	0.00824	0.01142
15	0.00844	0.00624	0.00749	0.00830	0.00913	0.00572	0.00555	0.00959	0.01310	0.01694	0.06331	0.43020	0.21402	0.15438	0.01302	0.00327	0.00422	0.01591	0.00587	0.00528
16	0.70912	0.01277	0.01061	0.00923	0.01352	0.01437	0.00761	0.02143	0.01244	0.12147	0.01159	0.01247	0.00849	0.00650	0.00449	0.00208	0.00526	0.00404	0.00470	0.00781
17	0.01661	0.01594	0.02724	0.04119	0.72233	0.01594	0.02059	0.02059	0.01528	0.02192	0.01262	0.01661	0.01063	0.00598	0.00664	0.00199	0.00797	0.00598	0.00332	0.01063
18	0.00934	0.00637	0.00740	0.00774	0.00792	0.00624	0.00458	0.00966	0.01066	0.01412	0.02650	0.20096	0.05693	0.57175	0.02751	0.00551	0.00581	0.01197	0.00463	0.00443
19	0.00870	0.00624	0.00812	0.00936	0.01002	0.00589	0.00656	0.01012	0.01328	0.01757	0.06406	0.53767	0.08122	0.08866	0.01095	0.00307	0.00437	0.10261	0.00607	0.00546
20	0.10560	0.01283	0.01548	0.01226	0.01719	0.01255	0.01004	0.10960	0.11047	0.48613	0.02367	0.02115	0.01558	0.00817	0.00650	0.00210	0.00580	0.00647	0.00751	0.01090
21	0.02426	0.02099	0.01925	0.01559	0.02035	0.17080	0.01252	0.47142	0.11790	0.03499	0.01637	0.01644	0.01202	0.00795	0.00659	0.00199	0.00810	0.00588	0.00604	0.01054
22	0.00924	0.00669	0.00871	0.00854	0.00995	0.00617	0.00628	0.01203	0.01789	0.02506	0.58894	0.16574	0.07959	0.01500	0.00802	0.00221	0.00329	0.01332	0.00716	0.00617
23	0.01320	0.00914	0.01005	0.00941	0.01102	0.00972	0.00651	0.04978	0.18583	0.04542	0.02366	0.07695	0.02278	0.37154	0.01974	0.00422	0.00562	0.00903	0.10970	0.00667
24	0.04516	0.01802	0.01916	0.01501	0.02012	0.02007	0.01231	0.58771	0.12722	0.03995	0.01752	0.01724	0.01259	0.00815	0.00666	0.00205	0.00703	0.00620	0.00666	0.01119
25	0.01483	0.01513	0.02305	0.01901	0.01990	0.02008	0.10427	0.01685	0.01101	0.01685	0.00943	0.01513	0.00899	0.01095	0.02017	0.00285	0.65481	0.00614	0.00300	0.00756
26	0.00921	0.00683	0.00846	0.00806	0.00969	0.00621	0.00597	0.01192	0.01778	0.02445	0.55461	0.05259	0.18874	0.05492	0.00934	0.00238	0.00339	0.01240	0.00698	0.00608
27	0.02551	0.01879	0.02014	0.01544	0.02081	0.02081	0.01275	0.69996	0.03155	0.04229	0.01611	0.01611	0.01141	0.00805	0.00671	0.00201	0.00738	0.00604	0.00671	0.01141
28	0.00797	0.00662	0.00698	0.00726	0.00918	0.00563	0.00530	0.00958	0.01485	0.01794	0.06234	0.19091	0.59691	0.01773	0.00805	0.00235	0.00349	0.01505	0.00623	0.00563
29	0.01166	0.00583	0.00874	0.00874	0.00874	0.00583	0.00583	0.00874	0.00874	0.01166	0.01166	0.02040	0.01166	0.02331	0.02622	0.80478	0.00583	0.00583	0.00291	0.00291
30	0.01661	0.01594	0.02724	0.04119	0.72233	0.01594	0.02059	0.02059	0.01528	0.02192	0.01262	0.01661	0.01063	0.00598	0.00664	0.00199	0.00797	0.00598	0.00332	0.01063
31	0.00950	0.00686	0.00897	0.00844	0.01002	0.00633	0.00633	0.01266	0.01899	0.02691	0.71879	0.05012	0.06331	0.01372	0.00791	0.00211	0.00317	0.01213	0.00739	0.00633
32	0.01391	0.01193	0.01391	0.00994	0.01590	0.00894	0.00795	0.01690	0.01391	0.02186	0.01193	0.01391	0.00994	0.00497	0.00497	0.00099	0.00497	0.00398	0.00398	0.80521
33	0.00950	0.00686	0.00897	0.00844	0.01002	0.00633	0.00633	0.01266	0.01899	0.02691	0.71879	0.05012	0.06331	0.01372	0.00791	0.00211	0.00317	0.01213	0.00739	0.00633
34	0.02551	0.01879	0.02014	0.01544	0.02081	0.02081	0.01275	0.69996	0.03155	0.04229	0.01611	0.01611	0.01141	0.00805	0.00671	0.00201	0.00738	0.00604	0.00671	0.01141
35	0.00959	0.00719	0.01078	0.01078	0.01198	0.00839	0.00839	0.01198	0.01078	0.01558	0.01797	0.02636	0.01677	0.05032	0.73760	0.01078	0.01797	0.00719	0.00359	0.00599
36	0.02956	0.01154	0.01556	0.01201	0.01714	0.01014	0.00989	0.03282	0.04721	0.69865	0.02651	0.02293	0.01677	0.00834	0.00675	0.00208	0.00569	0.00678	0.00824	0.01139
37	0.01468	0.01468	0.02055	0.01762	0.01762	0.02055	0.01468	0.01615	0.01028	0.01615	0.00881	0.01468	0.00881	0.01174	0.02202	0.00294	0.75191	0.00587	0.00294	0.00734
38	0.01669	0.01441	0.01517	0.01365	0.01745	0.01669	0.01062	0.03565	0.71021	0.02807	0.02731	0.02503	0.02048	0.00910	0.00683	0.00228	0.00531	0.00759	0.00683	0.01062
39	0.00950	0.00686	0.00897	0.00844	0.01002	0.00633	0.00633	0.01266	0.01899	0.02691	0.71879	0.05012	0.06331	0.01372	0.00791	0.00211	0.00317	0.01213	0.00739	0.00633
40	0.01661	0.01594	0.02724	0.04119	0.72233	0.01594	0.02059	0.02059	0.01528	0.02192	0.01262	0.01661	0.01063	0.00598	0.00664	0.00199	0.00797	0.00598	0.00332	0.01063
41	0.03010	0.01142	0.01557	0.01194	0.01713	0.00986	0.00986	0.03270	0.01920	0.72698	0.02647	0.02284	0.01661	0.00830	0.00675	0.00208	0.00571	0.00675	0.00830	0.01142
42	0.01669	0.01441	0.01517	0.01365	0.01745	0.01669	0.01062	0.03565	0.71021	0.02807	0.02731	0.02503	0.02048	0.00910	0.00683	0.00228	0.00531	0.00759	0.00683	0.01062
43	0.01158	0.00860	0.01138	0.01253	0.01437	0.00890	0.01079	0.01675	0.10654	0.02113	0.03445	0.06905	0.03624	0.01730	0.00895	0.00298	0.00606	0.58938	0.00626	0.00676
44	0.01391	0.01193	0.01391	0.00994	0.01590	0.00894	0.00795	0.01690	0.01391	0.02186	0.01193	0.01391	0.00994	0.00497	0.00497	0.00099	0.00497	0.00398	0.00398	0.80521
45	0.00830	0.00589	0.00775	0.00919	0.00954	0.00553	0.00606	0.00938	0.01261	0.01681	0.03575	0.70402	0.04282	0.07894	0.01056	0.00302	0.00410	0.01835	0.00606	0.00534
46	0.01001	0.00642	0.00750	0.00750	0.00750	0.00642	0.00430	0.00962	0.00962	0.01283	0.01990	0.04083	0.02272	0.66705	0.03311	0.11117	0.00642	0.00924	0.00391	0.00391
47	0.01669	0.01441	0.01517	0.01365	0.01745	0.01669	0.01062	0.03565	0.71021	0.02807	0.02731	0.02503	0.02048	0.00910	0.00683	0.00228	0.00531	0.00759	0.00683	0.01062
48	0.01220	0.00746	0.00983	0.00890	0.01096	0.00679	0.00679	0.01529	0.01902	0.11870	0.62802	0.04654	0.05719	0.01301	0.00776	0.00211	0.00350	0.01143	0.00751	0.00700
49	0.11467	0.00770	0.00842	0.00802	0.01008	0.00734	0.00599	0.01283	0.01598	0.04049	0.33618	0.07037	0.25068	0.07141	0.00943	0.00251	0.00384	0.01154	0.00634	0.00617
50	0.00818	0.00584	0.00779	0.00934	0.00973	0.00545	0.00623	0.00934	0.01285	0.01713	0.03698	0.75981	0.04438	0.02102	0.00856	0.00273	0.00389	0.01908	0.00623	0.00545
51	0.02454	0.01705	0.01866	0.01466	0.01973	0.01864	0.01200	0.49458	0.15037	0.12954	0.01946	0.01858	0.01370	0.00827	0.00674	0.00207	0.00680	0.00641	0.00694	0.01127
52	0.01267	0.01193	0.02013	0.74806	0.04621	0.01491	0.01863	0.01714	0.01342	0.01714	0.01193	0.01789	0.00894	0.00671	0.00671	0.00224	0.00894	0.00596	0.00298	0.00745
53	0.00854	0.00660	0.00766	0.00784	0.00937	0.00586	0.00563	0.01045	0.01550	0.02012	0.24552	0.20481	0.34673	0.06300	0.00968	0.00258	0.00363	0.01434	0.00643	0.00571
54	0.00814	0.00656	0.00706	0.00740	0.00906	0.00569	0.00526	0.00958	0.01427	0.01746	0.05706	0.21603	0.51022	0.08295	0.01035	0.00274	0.00378	0.01486	0.00604	0.00548
55	0.00916	0.00643	0.00818	0.00921	0.00975	0.00622	0.00639	0.01034	0.01245	0.01643	0.03266	0.38572	0.05694	0.25292	0.01668	0.00396	0.00513	0.14072	0.00554	0.00516
56	0.33393	0.01393	0.01751	0.27355	0.17773	0.04098	0.01430	0.01926	0.01322	0.02334	0.01099	0.01461	0.00862	0.00637	0.00565	0.00210	0.00734	0.00497	0.00354	0.00807
57	0.01346	0.03471	0.72942	0.01912	0.02904	0.01558	0.02479	0.02125	0.01417	0.02125	0.01204	0.01417	0.00850	0.00637	0.00637	0.00212	0.00992	0.00496	0.00283	0.00992
58	0.01557	0.01505	0.02594	0.21013	0.50637	0.01587	0.05301	0.01968	0.01472	0.02059	0.01239	0.01693	0.01015	0.00630	0.00715	0.00209	0.02906	0.00607	0.00323	0.00970
59	0.01496	0.01649	0.03483	0.02526	0.03109	0.01572	0.58028	0.02012	0.01603	0.02199	0.10585	0.02216	0.01709	0.00695	0.00848	0.00227	0.03951	0.00839	0.00390	0.00863
60	0.01792	0.01486	0.01591	0.01343	0.01784	0.01629	0.01062	0.15699	0.47844	0.02979	0.02290	0.02169	0.01720	0.00828	0.00653	0.00203	0.00565	0.00675	0.00638	0.13051
61	0.03535	0.00997	0.01282	0.10862	0.05097	0.01096	0.00967	0.01927	0.19860	0.03875	0.04422	0.11257	0.02167	0.10689	0.03284	0.12170	0.00622	0.02661	0.02522	0.00709
62	0.11957	0.01292	0.01888	0.11302	0.31287	0.01365	0.01462	0.02025	0.08419	0.05631	0.01863	0.13100	0.01722	0.00918	0.00672	0.00221	0.00668	0.02866	0.00451	0.00892
63	0.00945	0.00686	0.00890	0.00839	0.00999	0.00631	0.00629	0.01257	0.01888	0.02663	0.69861	0.05057	0.08367	0.01382	0.00791	0.00212	0.00317	0.01220	0.00735	0.00631
64	0.01228	0.00774	0.01141	0.01093	0.01266	0.00858	0.00858	0.01470	0.01189	0.10885	0.01909	0.02590	0.01675	0.04481	0.64177	0.00964	0.01636	0.00713	0.00421	0.00670
65	0.11446	0.00714	0.00845	0.00937	0.01051	0.00707	0.00663	0.01177	0.01293	0.04097	0.03294	0.53124	0.05703	0.06075	0.00942	0.00285	0.00441	0.06033	0.00589	0.00585
66	0.02611	0.01783	0.01954	0.01498	0.02033	0.01937	0.01237	0.61247	0.02993	0.13206	0.01747	0.01699	0.01209	0.00809	0.00672	0.00202	0.00716	0.00613	0.00692	0.01141
67	0.00818	0.00584	0.00779	0.00934	0.00973	0.00545	0.00623	0.00934	0.01285	0.01713	0.03698	0.75981	0.04438	0.02102	0.00856	0.00273	0.00389	0.01908	0.00623	0.00545
68	0.00974	0.00676	0.00843	0.00851	0.01006	0.00608	0.00619	0.01193	0.01629	0.05594	0.32873	0.26748	0.20607	0.01642	0.00806	0.00233	0.00356	0.01444	0.00681	0.00616
69	0.01333	0.01126	0.01327	0.00974	0.01513	0.00860	0.00774	0.01634	0.01458	0.02253	0.10461	0.01866	0.01694	0.00612	0.00536	0.00114	0.00473	0.00505	0.00442	0.70046
70	0.00793	0.00680	0.00680	0.00680	0.00906	0.00566	0.00510	0.00963	0.01529	0.01813	0.06797	0.06457	0.71961	0.01699	0.00793	0.00227	0.00340	0.01416	0.00623	0.00566
71	0.01122	0.00742	0.00848	0.00788	0.01036	0.00638	0.00603	0.01340	0.01672	0.11324	0.22329	0.05553	0.46533	0.01504	0.00777	0.00220	0.00364	0.01269	0.00679	0.00658
72	0.24423	0.01131	0.01156	0.01065	0.01384	0.01236	0.00840	0.03898	0.21557	0.06521	0.13135	0.08834	0.05982	0.01083	0.00656	0.00226	0.00487	0.04962	0.00610	0.00813
73	0.81159	0.01298	0.00986	0.00882	0.01298	0.01505	0.00727	0.01972	0.01142	0.03010	0.00934	0.01090	0.00727	0.00623	0.00415	0.00208	0.00519	0.00363	0.00415	0.00727
74	0.00950	0.00686	0.00897	0.00844	0.01002	0.00633	0.00633	0.01266	0.01899	0.02691	0.71879	0.05012	0.06331	0.01372	0.00791	0.00211	0.00317	0.01213	0.00739	0.00633
75	0.18253	0.01106	0.01334	0.01077	0.01525	0.01036	0.00878	0.02734	0.01698	0.49721	0.02512	0.06203	0.04406	0.00891	0.00630	0.00210	0.00532	0.00707	0.03560	0.00986
76	0.00819	0.00668	0.00724	0.00737	0.00929	0.00573	0.00542	0.01003	0.01550	0.01925	0.15719	0.15366	0.53701	0.01705	0.00801	0.00230	0.00343	0.01451	0.00640	0.00573
77	0.03010	0.01142	0.01557	0.01194	0.01713	0.00986	0.00986	0.03270	0.01920	0.72698	0.02647	0.02284	0.01661	0.00830	0.00675	0.00208	0.00571	0.00675	0.00830	0.01142
78	0.01785	0.01499	0.01582	0.01389	0.01789	0.01723	0.01090	0.12275	0.62123	0.02993	0.02584	0.02386	0.01929	0.00897	0.00681	0.00224	0.00558	0.00738	0.00681	0.01072
79	0.00880	0.00633	0.00842	0.00957	0.01040	0.00596	0.00691	0.01062	0.01439	0.01932	0.15682	0.51075	0.06734	0.01925	0.00854	0.00266	0.00410	0.11770	0.00642	0.00572
80	0.01669	0.01441	0.01517	0.01365	0.01745	0.01669	0.01062	0.03565	0.71021	0.02807	0.02731	0.02503	0.02048	0.00910	0.00683	0.00228	0.00531	0.00759	0.00683	0.01062
81	0.01346	0.03471	0.72942	0.01912	0.02904	0.01558	0.02479	0.02125	0.01417	0.02125	0.01204	0.01417	0.00850	0.00637	0.00637	0.00212	0.00992	0.00496	0.00283	0.00992
82	0.00807	0.00624	0.00738	0.00829	0.00945	0.00554	0.00576	0.00946	0.01386	0.01754	0.04985	0.47116	0.32472	0.01935	0.00830	0.00253	0.00369	0.01703	0.00623	0.00554
83	0.02424	0.01870	0.02269	0.01712	0.02268	0.02030	0.10259	0.61100	0.02949	0.03956	0.01578	0.01637	0.01125	0.00774	0.00687	0.00205	0.00790	0.00629	0.00628	0.01110
84	0.00976	0.00651	0.00732	0.00732	0.00732	0.00651	0.00407	0.00976	0.00976	0.01301	0.02114	0.04391	0.02439	0.76419	0.03415	0.00651	0.00651	0.00976	0.00407	0.00407
85	0.01961	0.59570	0.03138	0.01284	0.01805	0.19309	0.01183	0.02166	0.01489	0.01594	0.00957	0.01108	0.00862	0.00602	0.00471	0.00150	0.00833	0.00376	0.00301	0.00842
86	0.01260	0.00769	0.01039	0.01086	0.01262	0.00733	0.00881	0.01511	0.01564	0.11271	0.12425	0.17533	0.05595	0.06094	0.01008	0.00295	0.00530	0.33832	0.00650	0.00663
87	0.01026	0.00833	0.00935	0.00945	0.01154	0.00824	0.00716	0.01581	0.16430	0.02094	0.10141	0.19620	0.31619	0.01600	0.00795	0.00243	0.00416	0.07707	0.00644	0.00679
88	0.81159	0.01298	0.00986	0.00882	0.01298	0.01505	0.00727	0.01972	0.01142	0.03010	0.00934	0.01090	0.00727	0.00623	0.00415	0.00208	0.00519	0.00363	0.00415	0.00727
89	0.00818	0.00584	0.00779	0.00934	0.00973	0.00545	0.00623	0.00934	0.01285	0.01713	0.03698	0.75981	0.04438	0.02102	0.00856	0.00273	0.00389	0.01908	0.00623	0.00545
90	0.11358	0.00737	0.00769	0.00788	0.00980	0.00694	0.00577	0.01122	0.01444	0.02027	0.12252	0.22607	0.36935	0.03700	0.00832	0.00245	0.00382	0.01364	0.00602	0.00585
91	0.02611	0.01783	0.01954	0.01498	0.02033	0.01937	0.01237	0.61247	0.02993	0.13206	0.01747	0.01699	0.01209	0.00809	0.00672	0.00202	0.00716	0.00613	0.00692	0.01141
92	0.03010	0.01142	0.01557	0.01194	0.01713	0.00986	0.00986	0.03270	0.01920	0.72698	0.02647	0.02284	0.01661	0.00830	0.00675	0.00208	0.00571	0.00675	0.00830	0.01142
93	0.00818	0.00584	0.00779	0.00934	0.00973	0.00545	0.00623	0.00934	0.01285	0.01713	0.03698	0.75981	0.04438	0.02102	0.00856	0.00273	0.00389	0.01908	0.00623	0.00545
94	0.01656	0.00929	0.01116	0.00984	0.01307	0.00860	0.00774	0.02100	0.10799	0.25084	0.12165	0.07767	0.27134	0.01300	0.00747	0.00223	0.00448	0.03068	0.00711	0.00827
95	0.02722	0.01605	0.01844	0.01414	0.01944	0.01673	0.01168	0.45161	0.02695	0.29712	0.01997	0.01861	0.01335	0.00815	0.00673	0.00204	0.00676	0.00630	0.00731	0.01141
96	0.01845	0.01402	0.01522	0.01343	0.01741	0.01579	0.01052	0.03527	0.61961	0.11970	0.02720	0.02475	0.01997	0.00900	0.00682	0.00225	0.00536	0.00748	0.00702	0.01073
97	0.03467	0.00806	0.01083	0.01155	0.01351	0.00787	0.00976	0.01612	0.01547	0.11298	0.03306	0.13921	0.03436	0.01656	0.00848	0.00281	0.00568	0.46281	0.04940	0.00682
98	0.43130	0.01244	0.01499	0.01230	0.01654	0.01299	0.10558	0.02131	0.01385	0.17178	0.01712	0.11259	0.01448	0.00852	0.00580	0.00219	0.00600	0.00691	0.00518	0.00814
99	0.01005	0.00728	0.00887	0.00877	0.00887	0.00788	0.00561	0.01044	0.01026	0.01397	0.02183	0.13409	0.02512	0.56161	0.05736	0.00581	0.08282	0.01048	0.00422	0.00466
100	0.02611	0.01783	0.01954	0.01498	0.02033	0.01937	0.01237	0.61247	0.02993	0.13206	0.01747	0.01699	0.01209	0.00809	0.00672	0.00202	0.00716	0.00613	0.00692	0.01141
101	0.00833	0.00595	0.00797	0.00952	0.00998	0.00559	0.00650	0.00962	0.01300	0.01731	0.03689	0.71872	0.04403	0.02087	0.00861	0.00275	0.00403	0.05860	0.00623	0.00549
102	0.01568	0.01778	0.03872	0.02780	0.03442	0.01669	0.67708	0.02126	0.01583	0.02145	0.01424	0.01985	0.01105	0.00605	0.00796	0.00229	0.01116	0.02826	0.00348	0.00896
103	0.02284	0.02827	0.01934	0.01736	0.02007	0.58338	0.01333	0.02451	0.01714	0.01636	0.01004	0.01265	0.00868	0.00795	0.00948	0.00199	0.17094	0.00465	0.00335	0.00768
104	0.00796	0.00667	0.00693	0.00713	0.00915	0.00564	0.00525	0.00959	0.01497	0.01800	0.06391	0.15573	0.63108	0.01752	0.00801	0.00233	0.00346	0.01481	0.00623	0.00564
105	0.00969	0.00676	0.00858	0.00858	0.00902	0.00719	0.00565	0.01057	0.01013	0.01395	0.01998	0.03750	0.02161	0.50331	0.29123	0.00807	0.01070	0.00882	0.00389	0.00477
106	0.02551	0.01879	0.02014	0.01544	0.02081	0.02081	0.01275	0.69996	0.03155	0.04229	0.01611	0.01611	0.01141	0.00805	0.00671	0.00201	0.00738	0.00604	0.00671	0.01141
107	0.01661	0.01594	0.02724	0.04119	0.72233	0.01594	0.02059	0.02059	0.01528	0.02192	0.01262	0.01661	0.01063	0.00598	0.00664	0.00199	0.00797	0.00598	0.00332	0.01063
108	0.01609	0.01542	0.02630	0.13387	0.63368	0.01581	0.02034	0.02014	0.01503	0.02129	0.01253	0.01677	0.01041	0.00607	0.00665	0.00202	0.00810	0.00598	0.00328	0.01021
109	0.01275	0.00758	0.01001	0.00899	0.01115	0.00689	0.00689	0.01582	0.01903	0.13740	0.60953	0.04582	0.05594	0.01286	0.00773	0.00210	0.00357	0.01128	0.00753	0.00713
110	0.00818	0.00584	0.00779	0.00934	0.00973	0.00545	0.00623	0.00934	0.01285	0.01713	0.03698	0.75981	0.04438	0.02102	0.00856	0.00273	0.00389	0.01908	0.00623	0.00545
111	0.01510	0.01500	0.02477	0.06099	0.22153	0.01766	0.12394	0.01816	0.01284	0.01889	0.01141	0.01655	0.01001	0.01000	0.03657	0.00274	0.34567	0.00628	0.02341	0.00848
112	0.01736	0.67345	0.12487	0.01247	0.01875	0.02513	0.01320	0.02024	0.01370	0.01649	0.00968	0.01120	0.00860	0.00582	0.00457	0.00152	0.00753	0.00376	0.00287	0.00878
113	0.01785	0.01499	0.01582	0.01389	0.01789	0.01723	0.01090	0.12275	0.62123	0.02993	0.02584	0.02386	0.01929	0.00897	0.00681	0.00224	0.00558	0.00738	0.00681	0.01072
114	0.68289	0.01494	0.01124	0.01000	0.01411	0.08064	0.00809	0.04293	0.04108	0.02918	0.01038	0.01175	0.00806	0.00647	0.00451	0.00205	0.00589	0.00393	0.00428	0.00758
115	0.00881	0.00685	0.00802	0.00780	0.00969	0.00606	0.00589	0.01130	0.01719	0.02268	0.40073	0.05747	0.36413	0.01536	0.00796	0.00221	0.00336	0.03163	0.00682	0.00602
116	0.01468	0.01468	0.02055	0.01762	0.01762	0.02055	0.01468	0.01615	0.01028	0.01615	0.00881	0.01468	0.00881	0.01174	0.02202	0.00294	0.75191	0.00587	0.00294	0.00734
117	0.01468	0.01468	0.02055	0.01762	0.01762	0.02055	0.01468	0.01615	0.01028	0.01615	0.00881	0.01468	0.00881	0.01174	0.02202	0.00294	0.75191	0.00587	0.00294	0.00734
118	0.00818	0.00584	0.00779	0.00934	0.00973	0.00545	0.00623	0.00934	0.01285	0.01713	0.03698	0.75981	0.04438	0.02102	0.00856	0.00273	0.00389	0.01908	0.00623	0.00545
119	0.01267	0.01193	0.02013	0.74806	0.04621	0.01491	0.01863	0.01714	0.01342	0.01714	0.01193	0.01789	0.00894	0.00671	0.00671	0.00224	0.00894	0.00596	0.00298	0.00745
120	0.00818	0.00584	0.00779	0.00934	0.00973	0.00545	0.00623	0.00934	0.01285	0.01713	0.03698	0.75981	0.04438	0.02102	0.00856	0.00273	0.00389	0.01908	0.00623	0.00545
121	0.00818	0.00584	0.00779	0.00934	0.00973	0.00545	0.00623	0.00934	0.01285	0.01713	0.03698	0.75981	0.04438	0.02102	0.00856	0.00273	0.00389	0.01908	0.00623	0.00545
122	0.01545	0.01257	0.01839	0.01567	0.01691	0.01567	0.05819	0.01727	0.01216	0.10965	0.01622	0.11731	0.01580	0.05299	0.04691	0.00325	0.43574	0.00814	0.00420	0.00751
123	0.00918	0.00758	0.00818	0.00831	0.01034	0.00708	0.00611	0.01307	0.10597	0.01947	0.07518	0.21347	0.45829	0.01676	0.00793	0.00236	0.00375	0.01433	0.00634	0.00629
124	0.00818	0.00584	0.00779	0.00934	0.00973	0.00545	0.00623	0.00934	0.01285	0.01713	0.03698	0.75981	0.04438	0.02102	0.00856	0.00273	0.00389	0.01908	0.00623	0.00545
125	0.70852	0.01374	0.01121	0.00969	0.01400	0.01581	0.00799	0.10891	0.01406	0.03170	0.01023	0.01158	0.00781	0.00647	0.00449	0.00207	0.00548	0.00395	0.00449	0.00781
126	0.11802	0.01267	0.01986	0.54404	0.14429	0.01508	0.01744	0.01800	0.01344	0.01957	0.01169	0.01678	0.00898	0.00653	0.00636	0.00218	0.00830	0.00566	0.00319	0.00791
127	0.00818	0.00584	0.00779	0.00934	0.00973	0.00545	0.00623	0.00934	0.01285	0.01713	0.03698	0.75981	0.04438	0.02102	0.00856	0.00273	0.00389	0.01908	0.00623	0.00545
128	0.02934	0.01265	0.01633	0.01252	0.01774	0.01169	0.01035	0.14422	0.02127	0.61254	0.02474	0.02171	0.01574	0.00826	0.00674	0.00207	0.00599	0.00663	0.00804	0.01142
129	0.00824	0.00587	0.00777	0.00926	0.00964	0.00549	0.00614	0.00936	0.01272	0.01697	0.03636	0.73152	0.04359	0.05039	0.00958	0.00287	0.00400	0.01871	0.00614	0.00540
130	0.00913	0.00671	0.00770	0.00757	0.00870	0.00627	0.00510	0.01053	0.01380	0.01815	0.21073	0.05112	0.24515	0.32292	0.04470	0.00426	0.00513	0.01160	0.00554	0.00519
131	0.01011	0.00758	0.00988	0.01057	0.01238	0.00696	0.00844	0.01243	0.01438	0.01918	0.03573	0.29044	0.09605	0.01744	0.00836	0.00262	0.00503	0.31586	0.00591	0.11066
132	0.00990	0.00666	0.00778	0.00798	0.00818	0.00666	0.00495	0.01030	0.01050	0.01394	0.02303	0.04808	0.02626	0.66642	0.03089	0.00606	0.00646	0.09726	0.00434	0.00434
133	0.01196	0.00735	0.00933	0.00969	0.01114	0.00687	0.00687	0.04790	0.01480	0.11148	0.03715	0.53697	0.10501	0.03858	0.00887	0.00266	0.00433	0.01605	0.00647	0.00652
134	0.01391	0.01193	0.01391	0.00994	0.01590	0.00894	0.00795	0.01690	0.01391	0.02186	0.01193	0.01391	0.00994	0.00497	0.00497	0.00099	0.00497	0.00398	0.00398	0.80521
135	0.00867	0.00655	0.00786	0.00809	0.00947	0.00590	0.00577	0.01064	0.01560	0.02065	0.28788	0.24274	0.26292	0.06453	0.00976	0.00260	0.00365	0.01447	0.00650	0.00574
136	0.01166	0.00583	0.00874	0.00874	0.00874	0.00583	0.00583	0.00874	0.00874	0.01166	0.01166	0.02040	0.01166	0.02331	0.02622	0.80478	0.00583	0.00583	0.00291	0.00291
137	0.00876	0.00632	0.00782	0.00881	0.00988	0.00583	0.00633	0.01048	0.01407	0.01873	0.07998	0.44705	0.19298	0.01855	0.00818	0.00254	0.00392	0.08183	0.06225	0.00567
138	0.01067	0.00741	0.00961	0.00948	0.01080	0.00760	0.00701	0.03924	0.01413	0.03736	0.16853	0.11448	0.06922	0.16509	0.23325	0.00566	0.00875	0.04900	0.02672	0.00600
139	0.01010	0.00775	0.01112	0.10666	0.01553	0.00852	0.00889	0.01255	0.01333	0.01840	0.17008	0.09875	0.03084	0.12746	0.24643	0.00567	0.02665	0.07043	0.00483	0.00600
140	0.01794	0.76823	0.03516	0.01148	0.01722	0.02655	0.01148	0.02009	0.01363	0.01579	0.00933	0.01076	0.00861	0.00574	0.00431	0.00144	0.00718	0.00359	0.00287	0.00861
141	0.01540	0.00948	0.01174	0.01103	0.01331	0.00941	0.00845	0.13949	0.01792	0.13479	0.09227	0.29279	0.03334	0.07541	0.01003	0.00279	0.00527	0.10298	0.00657	0.00754
142	0.17499	0.01116	0.01545	0.17282	0.02157	0.01216	0.09150	0.03701	0.04119	0.03931	0.01782	0.06715	0.03187	0.20308	0.01402	0.02309	0.00706	0.00772	0.00422	0.00682
143	0.02351	0.01843	0.01995	0.07698	0.06360	0.14788	0.03765	0.24576	0.03927	0.18074	0.01645	0.01722	0.01179	0.00787	0.00774	0.00207	0.06154	0.00597	0.00558	0.00999
144	0.00882	0.00638	0.00834	0.00880	0.00985	0.00589	0.00624	0.01100	0.01598	0.02201	0.37620	0.38305	0.07787	0.01726	0.00822	0.00240	0.00351	0.01546	0.00680	0.00589
145	0.00894	0.00657	0.00808	0.00885	0.00997	0.00609	0.00645	0.01044	0.01385	0.01785	0.08351	0.29983	0.22775	0.10602	0.01202	0.02809	0.00447	0.12984	0.00593	0.00545
146	0.01659	0.01701	0.02470	0.18199	0.12757	0.10945	0.16879	0.07358	0.01577	0.02045	0.01257	0.01709	0.01019	0.01048	0.06439	0.00287	0.10823	0.00628	0.00352	0.00849
147	0.01758	0.21979	0.17654	0.01555	0.01999	0.03873	0.01533	0.02075	0.01341	0.11036	0.01200	0.01453	0.00971	0.00841	0.01150	0.00222	0.27606	0.00514	0.00361	0.00878
148	0.01682	0.05809	0.02203	0.01625	0.04370	0.01484	0.15289	0.12505	0.12401	0.02550	0.01514	0.01673	0.01178	0.00629	0.00615	0.00167	0.00693	0.00571	0.00463	0.32580

[dist]
# distance from previous block
# <min> <max>
6	12

[block]
# block no. 2 follows, 32 sequences, length 82
# corresponding to MSA columns:
# 433-514
name=unknown_C
#
# <colnr> <probs for GDERKNQSTAVLIFYWHMCP>
#	G	D	E	R	K	N	Q	S	T	A	V	L	I	F	Y	W	H	M	C	P
0	0.09052	0.00710	0.00783	0.00810	0.00977	0.00667	0.00587	0.01094	0.01427	0.01985	0.14027	0.25343	0.31330	0.01702	0.00897	0.05699	0.00386	0.01364	0.00595	0.00567
1	0.13744	0.01117	0.01284	0.01070	0.01472	0.01074	0.00854	0.08993	0.03612	0.24879	0.04130	0.11715	0.03619	0.00975	0.00634	0.00201	0.00518	0.02479	0.05696	0.11934
2	0.00818	0.00584	0.00779	0.00934	0.00973	0.00545	0.00623	0.00934	0.01285	0.01713	0.03698	0.75981	0.04438	0.02102	0.00856	0.00273	0.00389	0.01908	0.00623	0.00545
3	0.00818	0.00584	0.00779	0.00934	0.00973	0.00545	0.00623	0.00934	0.01285	0.01713	0.03698	0.75981	0.04438	0.02102	0.00856	0.00273	0.00389	0.01908	0.00623	0.00545
4	0.00932	0.00650	0.00777	0.00816	0.00868	0.00628	0.00529	0.01021	0.01212	0.01609	0.09486	0.20259	0.08814	0.42374	0.02241	0.00471	0.00536	0.05777	0.00516	0.00485
5	0.01660	0.01013	0.01224	0.01134	0.01418	0.01027	0.00865	0.02399	0.23768	0.20174	0.06998	0.26178	0.04907	0.01340	0.00751	0.00238	0.00481	0.02853	0.00701	0.00869
6	0.01794	0.76823	0.03516	0.01148	0.01722	0.02655	0.01148	0.02009	0.01363	0.01579	0.00933	0.01076	0.00861	0.00574	0.00431	0.00144	0.00718	0.00359	0.00287	0.00861
7	0.81159	0.01298	0.00986	0.00882	0.01298	0.01505	0.00727	0.01972	0.01142	0.03010	0.00934	0.01090	0.00727	0.00623	0.00415	0.00208	0.00519	0.00363	0.00415	0.00727
8	0.01057	0.00707	0.00893	0.00846	0.01024	0.00641	0.00629	0.01319	0.01761	0.07194	0.49257	0.10717	0.15691	0.04187	0.00885	0.00234	0.00355	0.01255	0.00706	0.00642
9	0.00818	0.00584	0.00779	0.00934	0.00973	0.00545	0.00623	0.00934	0.01285	0.01713	0.03698	0.75981	0.04438	0.02102	0.00856	0.00273	0.00389	0.01908	0.00623	0.00545
10	0.02562	0.02862	0.01877	0.01656	0.02038	0.59443	0.01263	0.09182	0.02023	0.09144	0.01256	0.01358	0.00972	0.00717	0.00618	0.00179	0.01100	0.00473	0.00426	0.00850
11	0.01166	0.00583	0.00874	0.00874	0.00874	0.00583	0.00583	0.00874	0.00874	0.01166	0.01166	0.02040	0.01166	0.02331	0.02622	0.80478	0.00583	0.00583	0.00291	0.00291
12	0.00843	0.00606	0.00784	0.00916	0.00970	0.00567	0.00621	0.00964	0.01289	0.01700	0.03768	0.61680	0.08826	0.08300	0.01071	0.00303	0.00420	0.05231	0.00604	0.00539
13	0.01584	0.01810	0.03959	0.02828	0.03507	0.01697	0.69796	0.02149	0.01584	0.02149	0.01357	0.01810	0.01018	0.00566	0.00792	0.00226	0.01131	0.00792	0.00339	0.00905
14	0.02558	0.02988	0.01866	0.01674	0.02037	0.66299	0.01265	0.02740	0.01903	0.08897	0.01202	0.01320	0.00946	0.00706	0.00612	0.00176	0.01145	0.00457	0.00395	0.00815
15	0.00815	0.00674	0.00715	0.00719	0.00924	0.00574	0.00534	0.01001	0.01561	0.01921	0.15149	0.11000	0.58730	0.01684	0.00797	0.00228	0.00340	0.01423	0.00638	0.00574
16	0.01056	0.00700	0.00839	0.00837	0.01026	0.00616	0.00614	0.01247	0.01568	0.09186	0.17720	0.25868	0.32908	0.01666	0.00799	0.00235	0.00373	0.01444	0.00666	0.00632
17	0.03010	0.01142	0.01557	0.01194	0.01713	0.00986	0.00986	0.03270	0.01920	0.72698	0.02647	0.02284	0.01661	0.00830	0.00675	0.00208	0.00571	0.00675	0.00830	0.01142
18	0.00976	0.00651	0.00732	0.00732	0.00732	0.00651	0.00407	0.00976	0.00976	0.01301	0.02114	0.04391	0.02439	0.76419	0.03415	0.00651	0.00651	0.00976	0.00407	0.00407
19	0.02515	0.01901	0.01991	0.01542	0.02068	0.04176	0.01268	0.65454	0.05731	0.04098	0.01637	0.01634	0.01168	0.00806	0.00670	0.00202	0.00744	0.00605	0.00662	0.01127
20	0.00950	0.00686	0.00897	0.00844	0.01002	0.00633	0.00633	0.01266	0.01899	0.02691	0.71879	0.05012	0.06331	0.01372	0.00791	0.00211	0.00317	0.01213	0.00739	0.00633
21	0.00879	0.00632	0.00846	0.00995	0.01069	0.00599	0.00726	0.01043	0.01356	0.01787	0.03793	0.56959	0.07119	0.02027	0.00870	0.00279	0.00441	0.17395	0.00622	0.00563
22	0.02551	0.01879	0.02014	0.01544	0.02081	0.02081	0.01275	0.69996	0.03155	0.04229	0.01611	0.01611	0.01141	0.00805	0.00671	0.00201	0.00738	0.00604	0.00671	0.01141
23	0.00892	0.00692	0.00922	0.08459	0.01385	0.00676	0.00784	0.01080	0.01379	0.01774	0.04117	0.43903	0.19108	0.01833	0.00832	0.00262	0.00460	0.10272	0.00589	0.00580
24	0.00950	0.00686	0.00897	0.00844	0.01002	0.00633	0.00633	0.01266	0.01899	0.02691	0.71879	0.05012	0.06331	0.01372	0.00791	0.00211	0.00317	0.01213	0.00739	0.00633
25	0.01883	0.01573	0.01791	0.01500	0.01937	0.01773	0.05361	0.19983	0.49870	0.03120	0.02368	0.02239	0.01759	0.00863	0.00687	0.00221	0.00620	0.00722	0.00659	0.01072
26	0.01472	0.01240	0.01435	0.01032	0.01624	0.00977	0.00828	0.06426	0.01514	0.02328	0.01222	0.01407	0.01004	0.00518	0.00509	0.00106	0.00514	0.00412	0.00417	0.75016
27	0.00818	0.00584	0.00779	0.00934	0.00973	0.00545	0.00623	0.00934	0.01285	0.01713	0.03698	0.75981	0.04438	0.02102	0.00856	0.00273	0.00389	0.01908	0.00623	0.00545
28	0.01723	0.01468	0.01548	0.01377	0.01766	0.01694	0.01075	0.07669	0.66829	0.02895	0.02662	0.02448	0.01992	0.00904	0.00682	0.00226	0.00544	0.00749	0.00682	0.01067
