[name]
unknown

[dist]
# distance from previous block
# <min> <max>
18	112

[block]
# block no. 0 follows, 33 sequences, length 22
# corresponding to MSA columns:
# 143-164
name=unknown_A
#
# <colnr> <probs for GDERKNQSTAVLIFYWHMCP>
#	G	D	E	R	K	N	Q	S	T	A	V	L	I	F	Y	W	H	M	C	P
0	0.04626	0.05381	0.07776	0.01826	0.12676	0.01454	0.07716	0.13490	0.03997	0.14708	0.04777	0.04062	0.03382	0.00781	0.00691	0.00196	0.03033	0.00661	0.00511	0.08255
1	0.01873	0.05764	0.01857	0.04099	0.15051	0.09336	0.01216	0.08858	0.08262	0.12743	0.09614	0.02046	0.01761	0.00767	0.00668	0.00184	0.02681	0.00623	0.00513	0.12085
2	0.10331	0.04936	0.06989	0.06529	0.16648	0.08589	0.01348	0.09386	0.09399	0.05756	0.06272	0.01932	0.03290	0.00743	0.00614	0.00194	0.00704	0.00600	0.00462	0.05276
3	0.05565	0.08411	0.23255	0.01644	0.04458	0.07584	0.06703	0.13678	0.08506	0.02488	0.01427	0.01577	0.01079	0.00675	0.00599	0.00191	0.00794	0.00537	0.06148	0.04681
4	0.01965	0.24573	0.08018	0.01537	0.05872	0.04311	0.05560	0.10737	0.09770	0.13432	0.01551	0.01597	0.01165	0.00673	0.00579	0.00178	0.00715	0.00531	0.00471	0.06764
5	0.02334	0.01354	0.01699	0.06798	0.08392	0.04085	0.01159	0.12698	0.08007	0.35698	0.05637	0.02126	0.01652	0.00792	0.00656	0.00199	0.00632	0.00651	0.00654	0.04777
6	0.05272	0.01525	0.06856	0.01939	0.19585	0.06932	0.01297	0.05412	0.08500	0.17423	0.06859	0.08686	0.05024	0.00912	0.00669	0.00208	0.00654	0.00776	0.00544	0.00928
7	0.07390	0.07733	0.13703	0.03687	0.12500	0.08444	0.07914	0.05239	0.11962	0.04118	0.01516	0.01839	0.01215	0.00923	0.04133	0.00246	0.03434	0.02690	0.00409	0.00904
8	0.01493	0.05182	0.06797	0.23209	0.28924	0.09470	0.01684	0.01860	0.01466	0.01877	0.01748	0.04426	0.07572	0.00765	0.00652	0.00202	0.00809	0.00665	0.00348	0.00849
9	0.00814	0.00593	0.00769	0.00897	0.00963	0.00548	0.00615	0.00950	0.01322	0.01746	0.07242	0.63741	0.11248	0.01981	0.00833	0.00261	0.00381	0.03936	0.00616	0.00543
10	0.05204	0.10876	0.02334	0.01809	0.04393	0.38270	0.10754	0.08539	0.01761	0.01971	0.01090	0.01321	0.00896	0.00694	0.00736	0.00189	0.07484	0.00495	0.00359	0.00825
11	0.01890	0.12172	0.13023	0.11235	0.02245	0.06100	0.01380	0.12645	0.01790	0.16133	0.04807	0.04024	0.01635	0.00864	0.00650	0.00206	0.00741	0.07052	0.00506	0.00901
12	0.00840	0.00578	0.00767	0.00895	0.00928	0.00546	0.00590	0.00916	0.01206	0.01608	0.03318	0.64932	0.03956	0.08480	0.01179	0.06069	0.00417	0.01700	0.00570	0.00505
13	0.00811	0.00579	0.00771	0.00911	0.00957	0.00540	0.00612	0.00938	0.01300	0.01743	0.08117	0.71767	0.04475	0.02016	0.00836	0.00263	0.00377	0.01827	0.00619	0.00540
14	0.07057	0.09698	0.02130	0.02010	0.18821	0.09373	0.08876	0.04962	0.01531	0.10273	0.01646	0.08288	0.01490	0.09890	0.00959	0.00250	0.00756	0.00713	0.00433	0.00843
15	0.01951	0.04075	0.04154	0.01766	0.10312	0.12558	0.03151	0.27045	0.06595	0.02772	0.01736	0.06419	0.01508	0.00876	0.00663	0.00200	0.00759	0.06282	0.00513	0.06668
16	0.00979	0.00699	0.00935	0.01053	0.01185	0.00675	0.00863	0.01187	0.01423	0.01832	0.03829	0.18642	0.14203	0.01871	0.00997	0.06052	0.00524	0.41901	0.00585	0.00563
17	0.03496	0.01297	0.01417	0.01229	0.01561	0.07307	0.05308	0.09467	0.15923	0.05702	0.05679	0.05873	0.22558	0.01166	0.00754	0.00219	0.02597	0.05350	0.00582	0.02514
18	0.10161	0.03682	0.06151	0.02227	0.20288	0.03719	0.12060	0.06882	0.12029	0.11992	0.01674	0.01891	0.01272	0.00707	0.00647	0.00207	0.00748	0.02212	0.00477	0.00972
19	0.03547	0.12501	0.25331	0.01461	0.03899	0.03497	0.03073	0.02142	0.07960	0.10691	0.02109	0.06894	0.07818	0.00844	0.00624	0.00197	0.00711	0.00685	0.00446	0.05571
20	0.04242	0.15005	0.08242	0.05620	0.19799	0.07432	0.07462	0.08300	0.08288	0.02230	0.01373	0.01676	0.01115	0.00667	0.00610	0.00190	0.00793	0.02145	0.00389	0.04423
21	0.01617	0.10555	0.06355	0.04373	0.13364	0.01640	0.04576	0.10451	0.18537	0.02427	0.05852	0.02129	0.01637	0.00881	0.02286	0.00219	0.03839	0.02820	0.00475	0.05963

[dist]
# distance from previous block
# <min> <max>
19	145

[block]
# block no. 1 follows, 33 sequences, length 13
# corresponding to MSA columns:
# 310-322
name=unknown_B
#
# <colnr> <probs for GDERKNQSTAVLIFYWHMCP>
#	G	D	E	R	K	N	Q	S	T	A	V	L	I	F	Y	W	H	M	C	P
0	0.01657	0.01494	0.04889	0.04938	0.36209	0.01449	0.04379	0.14193	0.01799	0.04534	0.05058	0.04877	0.05208	0.00855	0.00694	0.00210	0.00719	0.05429	0.00459	0.00950
1	0.04983	0.10164	0.17351	0.01825	0.09885	0.05593	0.10376	0.08511	0.04122	0.02275	0.06217	0.02038	0.05981	0.00843	0.02401	0.00214	0.00800	0.00635	0.00409	0.05379
2	0.01400	0.09558	0.18346	0.01726	0.10624	0.04651	0.06784	0.01866	0.03664	0.02125	0.13088	0.02342	0.04619	0.00782	0.00634	0.00184	0.00706	0.02259	0.00415	0.14227
3	0.04476	0.04127	0.09528	0.05025	0.08500	0.04724	0.01285	0.16807	0.07885	0.10780	0.01771	0.04951	0.02952	0.00767	0.00620	0.00187	0.00679	0.00619	0.00507	0.13810
4	0.01139	0.01021	0.05998	0.04983	0.03298	0.00881	0.03693	0.01456	0.04343	0.07011	0.09581	0.14806	0.26312	0.05420	0.04379	0.00287	0.03029	0.01136	0.00547	0.00681
5	0.15038	0.09558	0.23804	0.01357	0.01947	0.07851	0.01391	0.07905	0.03345	0.04213	0.01619	0.01756	0.05944	0.00928	0.04293	0.00232	0.00801	0.00533	0.00399	0.07086
6	0.01634	0.04740	0.11783	0.05920	0.32811	0.04581	0.09623	0.07894	0.01570	0.02165	0.01260	0.01688	0.01045	0.04220	0.00884	0.00225	0.06074	0.00597	0.00347	0.00938
7	0.01764	0.16206	0.05191	0.05936	0.27058	0.09452	0.15665	0.07205	0.01626	0.02097	0.01194	0.01498	0.00967	0.00605	0.00628	0.00189	0.00883	0.00561	0.00342	0.00934
8	0.00835	0.00626	0.00779	0.00861	0.00973	0.00570	0.00617	0.01007	0.01433	0.01873	0.14819	0.42313	0.22227	0.01833	0.00820	0.00249	0.00375	0.06604	0.00628	0.00559
9	0.01494	0.01109	0.03036	0.01476	0.09308	0.01051	0.05786	0.04222	0.12003	0.13102	0.14164	0.12062	0.10854	0.06219	0.00903	0.00246	0.00549	0.01002	0.00599	0.00816
10	0.03574	0.08445	0.10790	0.01979	0.14207	0.05387	0.09164	0.14842	0.08247	0.04297	0.10810	0.02046	0.01776	0.00762	0.00654	0.00199	0.00748	0.00659	0.00477	0.00938
11	0.02671	0.01305	0.05325	0.01332	0.01865	0.01097	0.05889	0.03097	0.07276	0.59156	0.02444	0.02182	0.01575	0.00793	0.00669	0.00207	0.00616	0.00668	0.00743	0.01091
12	0.02304	0.01182	0.01716	0.01343	0.01801	0.01106	0.09281	0.02849	0.12524	0.44095	0.12114	0.02588	0.02246	0.00869	0.00693	0.00209	0.00586	0.00762	0.00722	0.01011

[dist]
# distance from previous block
# <min> <max>
0	3

[block]
# block no. 2 follows, 33 sequences, length 11
# corresponding to MSA columns:
# 326-336
name=unknown_C
#
# <colnr> <probs for GDERKNQSTAVLIFYWHMCP>
#	G	D	E	R	K	N	Q	S	T	A	V	L	I	F	Y	W	H	M	C	P
0	0.01488	0.01677	0.11264	0.10146	0.44412	0.01517	0.01875	0.01953	0.03717	0.02110	0.06481	0.01866	0.01399	0.00707	0.00774	0.00208	0.06481	0.00623	0.00354	0.00948
1	0.01877	0.20748	0.16159	0.07758	0.10889	0.18962	0.01593	0.10822	0.01713	0.02080	0.01135	0.01343	0.00905	0.00642	0.00578	0.00181	0.00896	0.00473	0.00348	0.00900
2	0.00998	0.00694	0.00864	0.00809	0.00997	0.00624	0.00611	0.01273	0.01782	0.05979	0.53902	0.05107	0.21115	0.01393	0.00771	0.00210	0.00328	0.01209	0.00703	0.00631
3	0.06885	0.01223	0.01516	0.01194	0.01667	0.01173	0.00977	0.12366	0.07323	0.50090	0.06737	0.02270	0.01825	0.00840	0.00656	0.00205	0.00562	0.00675	0.00755	0.01061
4	0.01892	0.13929	0.10452	0.02340	0.23410	0.03676	0.07500	0.17455	0.04991	0.06063	0.01392	0.01569	0.01069	0.00657	0.00624	0.00192	0.00794	0.00562	0.00429	0.01004
5	0.01680	0.03316	0.01799	0.02057	0.22977	0.01345	0.01276	0.15670	0.07316	0.08140	0.05021	0.16876	0.02244	0.01084	0.00711	0.00220	0.00620	0.06190	0.00551	0.00909
6	0.01035	0.00655	0.00849	0.00928	0.01037	0.00604	0.00659	0.01178	0.01348	0.08423	0.03740	0.51224	0.11133	0.06735	0.00986	0.00284	0.00430	0.07547	0.00616	0.00590
7	0.49114	0.04708	0.12283	0.01175	0.03530	0.01487	0.01065	0.07110	0.01350	0.02711	0.01225	0.06729	0.01054	0.00727	0.00502	0.00202	0.00602	0.00513	0.00414	0.03501
8	0.39080	0.04662	0.07416	0.06247	0.07300	0.06057	0.06216	0.02064	0.06820	0.02458	0.01463	0.01633	0.04752	0.00690	0.00540	0.00204	0.00677	0.00520	0.00400	0.00799
9	0.07128	0.31698	0.05330	0.07001	0.09006	0.14373	0.01297	0.05701	0.04400	0.01966	0.01117	0.01305	0.00928	0.00619	0.00525	0.00167	0.00785	0.00441	0.00347	0.05865
10	0.01491	0.01861	0.20503	0.01940	0.13467	0.04195	0.08873	0.06123	0.03480	0.06252	0.13111	0.02507	0.06479	0.01103	0.05461	0.00262	0.00820	0.00739	0.00455	0.00878

[dist]
# distance from previous block
# <min> <max>
1	33

[block]
# block no. 3 follows, 33 sequences, length 13
# corresponding to MSA columns:
# 371-383
name=unknown_D
#
# <colnr> <probs for GDERKNQSTAVLIFYWHMCP>
#	G	D	E	R	K	N	Q	S	T	A	V	L	I	F	Y	W	H	M	C	P
0	0.01478	0.01233	0.01335	0.05313	0.01688	0.03917	0.00969	0.02511	0.35468	0.05827	0.03143	0.03373	0.14348	0.01044	0.00687	0.00214	0.00538	0.06872	0.00598	0.09442
1	0.01321	0.02533	0.46156	0.01848	0.08507	0.01388	0.01952	0.02086	0.08969	0.02204	0.08237	0.02408	0.01753	0.00827	0.00673	0.00217	0.00812	0.06793	0.00396	0.00920
2	0.02023	0.01616	0.05633	0.01408	0.04564	0.08150	0.01137	0.20266	0.05348	0.15587	0.01993	0.04741	0.03894	0.00839	0.00641	0.00187	0.00666	0.04024	0.00565	0.16719
3	0.01680	0.17723	0.33959	0.01800	0.02552	0.01869	0.12971	0.15555	0.01742	0.02387	0.01231	0.01423	0.00919	0.00634	0.00616	0.00195	0.00892	0.00527	0.00363	0.00962
4	0.00811	0.00592	0.00764	0.00882	0.00950	0.00545	0.00600	0.00949	0.01340	0.01777	0.10139	0.62498	0.11816	0.01956	0.00828	0.00257	0.00370	0.01759	0.00621	0.00545
5	0.00822	0.00609	0.00773	0.00895	0.00980	0.00560	0.00631	0.00964	0.01332	0.01727	0.04214	0.56154	0.17723	0.01962	0.00834	0.00262	0.00393	0.08008	0.00611	0.00546
6	0.12125	0.09579	0.05992	0.01766	0.09497	0.07355	0.07160	0.13131	0.01652	0.08340	0.01307	0.01611	0.01052	0.04500	0.00961	0.00228	0.11884	0.00555	0.00424	0.00881
7	0.01539	0.01522	0.02731	0.12312	0.49716	0.01534	0.14019	0.01957	0.01487	0.02073	0.01439	0.01837	0.03545	0.00628	0.00679	0.00204	0.00836	0.00648	0.00333	0.00961
8	0.00827	0.00611	0.00776	0.00876	0.00967	0.00560	0.00615	0.00985	0.01392	0.01834	0.12857	0.51537	0.16657	0.01890	0.00825	0.00254	0.00375	0.04985	0.00625	0.00553
9	0.01053	0.07959	0.01368	0.01121	0.01303	0.00940	0.06959	0.01380	0.07458	0.01865	0.09288	0.45630	0.03579	0.05805	0.00915	0.00263	0.00498	0.01419	0.00559	0.00640
10	0.15562	0.04655	0.08450	0.04205	0.09468	0.06590	0.01269	0.18835	0.01805	0.06666	0.02964	0.01649	0.01170	0.01147	0.08533	0.00284	0.00835	0.00539	0.00458	0.04916
11	0.04433	0.01623	0.09516	0.02910	0.11210	0.05033	0.07519	0.10112	0.09591	0.06397	0.08429	0.07476	0.01982	0.00914	0.00735	0.00213	0.03277	0.03989	0.00502	0.04140
12	0.10740	0.06179	0.04576	0.05026	0.17578	0.06233	0.08392	0.12361	0.02731	0.04349	0.03237	0.02097	0.04826	0.07861	0.00882	0.00240	0.00752	0.00646	0.00431	0.00864

[dist]
# distance from previous block
# <min> <max>
2	95

[block]
# block no. 4 follows, 33 sequences, length 7
# corresponding to MSA columns:
# 488-494
name=unknown_E
#
# <colnr> <probs for GDERKNQSTAVLIFYWHMCP>
#	G	D	E	R	K	N	Q	S	T	A	V	L	I	F	Y	W	H	M	C	P
0	0.00920	0.00787	0.01104	0.01019	0.01230	0.00718	0.08202	0.01192	0.04022	0.01924	0.12956	0.27393	0.32833	0.01602	0.00793	0.00235	0.00437	0.01425	0.00597	0.00611
1	0.00980	0.07394	0.01071	0.00861	0.01100	0.00793	0.00673	0.01187	0.01480	0.01925	0.14552	0.19125	0.29121	0.01485	0.00739	0.00215	0.00412	0.06947	0.00575	0.09367
2	0.04707	0.08948	0.01945	0.06793	0.12273	0.01421	0.05099	0.08647	0.09523	0.10658	0.07566	0.07422	0.01840	0.00828	0.00637	0.00193	0.00628	0.00714	0.00511	0.09648
3	0.28417	0.12513	0.06563	0.01577	0.10532	0.09443	0.01206	0.11006	0.06462	0.04836	0.01246	0.01370	0.00966	0.00658	0.00533	0.00191	0.00703	0.00467	0.00427	0.00883
4	0.01216	0.00822	0.01120	0.06490	0.01518	0.00792	0.00944	0.01465	0.01424	0.07917	0.02889	0.17304	0.03059	0.08092	0.01025	0.00289	0.00574	0.33099	0.00560	0.09400
5	0.01619	0.04095	0.02149	0.05385	0.37360	0.01333	0.04698	0.02032	0.05545	0.10793	0.03937	0.14484	0.01864	0.00904	0.00687	0.00211	0.00674	0.00840	0.00463	0.00928
6	0.01278	0.06722	0.12703	0.01579	0.07983	0.01216	0.10974	0.06599	0.01688	0.02280	0.20528	0.03453	0.18210	0.01035	0.00710	0.00206	0.00628	0.00915	0.00506	0.00787

[dist]
# distance from previous block
# <min> <max>
12	107

[block]
# block no. 5 follows, 33 sequences, length 11
# corresponding to MSA columns:
# 613-623
name=unknown_F
#
# <colnr> <probs for GDERKNQSTAVLIFYWHMCP>
#	G	D	E	R	K	N	Q	S	T	A	V	L	I	F	Y	W	H	M	C	P
0	0.03985	0.01425	0.13012	0.11352	0.02108	0.01150	0.07084	0.04040	0.06967	0.05710	0.05856	0.05075	0.11749	0.09916	0.01010	0.00268	0.00679	0.04945	0.00474	0.03195
1	0.08673	0.01436	0.08317	0.07032	0.08372	0.03056	0.01194	0.06851	0.04625	0.18717	0.04516	0.04766	0.03691	0.04009	0.00746	0.00215	0.00639	0.02381	0.00527	0.10236
2	0.05677	0.04329	0.10167	0.07631	0.11633	0.06632	0.01324	0.07897	0.03867	0.07897	0.01530	0.05291	0.01299	0.05893	0.02682	0.00241	0.02961	0.00615	0.00427	0.12006
3	0.08119	0.01262	0.04160	0.16007	0.06696	0.01239	0.01155	0.07102	0.09281	0.08038	0.08639	0.02334	0.04090	0.05425	0.00790	0.00219	0.00618	0.00664	0.00489	0.13672
4	0.03297	0.01417	0.05540	0.09683	0.05402	0.04368	0.08240	0.10920	0.09384	0.05368	0.08768	0.02373	0.01833	0.07181	0.10062	0.00344	0.00854	0.00707	0.00477	0.03780
5	0.05395	0.01356	0.07213	0.09075	0.01996	0.01243	0.04348	0.05267	0.14946	0.05969	0.04259	0.06895	0.07817	0.00933	0.00709	0.00204	0.03266	0.03579	0.00504	0.15025
6	0.08859	0.04025	0.07677	0.01470	0.05109	0.03588	0.07847	0.11237	0.06668	0.09852	0.04442	0.06240	0.12851	0.00944	0.00702	0.00207	0.02754	0.00784	0.00522	0.04220
7	0.04560	0.04110	0.07423	0.09311	0.12691	0.01398	0.01295	0.12473	0.07164	0.02443	0.11175	0.07755	0.06346	0.00949	0.00742	0.00209	0.04393	0.00787	0.00490	0.04287
8	0.04597	0.00902	0.03263	0.01110	0.06305	0.00803	0.00793	0.01488	0.04869	0.07378	0.29270	0.08677	0.21290	0.01350	0.00828	0.04263	0.00425	0.01091	0.00615	0.00684
9	0.01867	0.16997	0.07669	0.07288	0.15047	0.25327	0.01468	0.02152	0.01549	0.04357	0.01393	0.01611	0.04511	0.00717	0.00685	0.00186	0.05463	0.00522	0.00345	0.00844
10	0.00878	0.00724	0.01020	0.01020	0.01152	0.00688	0.05671	0.01040	0.01335	0.01734	0.04157	0.48831	0.22290	0.01806	0.00878	0.00253	0.03767	0.01605	0.00577	0.00574

[dist]
# distance from previous block
# <min> <max>
1	16

[block]
# block no. 6 follows, 33 sequences, length 13
# corresponding to MSA columns:
# 641-653
name=unknown_G
#
# <colnr> <probs for GDERKNQSTAVLIFYWHMCP>
#	G	D	E	R	K	N	Q	S	T	A	V	L	I	F	Y	W	H	M	C	P
0	0.38826	0.06531	0.03540	0.01157	0.01584	0.10813	0.00977	0.13027	0.01590	0.02700	0.01246	0.01633	0.01044	0.00884	0.03454	0.00229	0.00711	0.04503	0.00436	0.05115
1	0.34317	0.01499	0.08418	0.01250	0.01708	0.01421	0.06321	0.11419	0.01569	0.09346	0.01708	0.01969	0.05039	0.00788	0.00626	0.00210	0.03504	0.03262	0.04799	0.00828
2	0.01660	0.05234	0.17067	0.03659	0.12672	0.04221	0.03633	0.06884	0.12818	0.08973	0.08866	0.05030	0.01842	0.00814	0.00656	0.00202	0.00707	0.00692	0.00491	0.03880
3	0.05829	0.04162	0.01582	0.07197	0.04647	0.01221	0.01000	0.12107	0.01579	0.02362	0.01280	0.01553	0.01050	0.01074	0.09035	0.00245	0.00723	0.00477	0.00413	0.42463
4	0.01096	0.00935	0.05011	0.04724	0.01380	0.00847	0.00867	0.09493	0.01485	0.01987	0.02961	0.46628	0.03357	0.09002	0.01047	0.00292	0.00525	0.07168	0.00562	0.00632
5	0.41736	0.04579	0.01674	0.09167	0.06216	0.10229	0.06072	0.02068	0.04732	0.02412	0.01088	0.01327	0.00864	0.00660	0.00605	0.00205	0.04751	0.00463	0.00378	0.00775
6	0.00904	0.00677	0.00742	0.00739	0.00944	0.00587	0.00550	0.01053	0.01447	0.04995	0.05738	0.11743	0.56810	0.01849	0.04451	0.03851	0.00428	0.01327	0.00593	0.00569
7	0.00957	0.00638	0.00718	0.00718	0.00718	0.00638	0.00399	0.00957	0.00957	0.01276	0.02074	0.04308	0.02393	0.76864	0.03351	0.00638	0.00638	0.00957	0.00399	0.00399
8	0.06529	0.08007	0.06330	0.03987	0.23127	0.06411	0.05782	0.06517	0.13019	0.05178	0.04124	0.01783	0.01349	0.00689	0.00622	0.00194	0.00734	0.00591	0.00439	0.04588
9	0.04831	0.16562	0.06619	0.01835	0.11333	0.15725	0.07237	0.05865	0.05522	0.06571	0.04458	0.01620	0.01253	0.00693	0.00652	0.00185	0.03561	0.00543	0.00408	0.04528
10	0.01447	0.10619	0.09765	0.01372	0.05956	0.01251	0.02461	0.04963	0.07206	0.07046	0.06493	0.09454	0.05662	0.05228	0.00820	0.00229	0.00613	0.09298	0.00502	0.09617
11	0.03839	0.01994	0.10913	0.04376	0.05997	0.15263	0.05633	0.17115	0.03198	0.07788	0.03693	0.01894	0.05199	0.00749	0.00635	0.00188	0.00796	0.00600	0.00473	0.09659
12	0.01570	0.10430	0.15259	0.04316	0.07184	0.04291	0.07552	0.04120	0.03416	0.07385	0.04360	0.06166	0.01496	0.03762	0.00723	0.00201	0.00724	0.00645	0.02676	0.13725

[dist]
# distance from previous block
# <min> <max>
0	6

[block]
# block no. 7 follows, 33 sequences, length 18
# corresponding to MSA columns:
# 661-678
name=unknown_H
#
# <colnr> <probs for GDERKNQSTAVLIFYWHMCP>
#	G	D	E	R	K	N	Q	S	T	A	V	L	I	F	Y	W	H	M	C	P
0	0.01607	0.11265	0.13591	0.01714	0.07792	0.07645	0.06372	0.06244	0.09476	0.02154	0.03975	0.01792	0.03478	0.00747	0.00765	0.00191	0.08377	0.00578	0.00401	0.11836
1	0.01793	0.10300	0.11941	0.03618	0.05998	0.08316	0.04315	0.17258	0.03789	0.06646	0.03529	0.04726	0.04307	0.03450	0.04374	0.00256	0.03370	0.00663	0.00463	0.00888
2	0.16442	0.01294	0.01376	0.01245	0.05724	0.03522	0.00922	0.09555	0.11259	0.05435	0.07230	0.02320	0.07463	0.00811	0.00590	0.00180	0.00541	0.01919	0.00520	0.21652
3	0.01467	0.18561	0.04493	0.01130	0.01579	0.01428	0.02745	0.07253	0.10290	0.02298	0.13048	0.05446	0.04051	0.00833	0.00590	0.00168	0.00550	0.00682	0.03197	0.20190
4	0.01488	0.01787	0.18922	0.05304	0.18585	0.01340	0.07296	0.08853	0.01652	0.04957	0.06423	0.07347	0.05759	0.00896	0.00694	0.00212	0.00745	0.04325	0.00443	0.02972
5	0.00940	0.00753	0.00876	0.00985	0.01073	0.04530	0.00694	0.01087	0.01339	0.01751	0.05577	0.61071	0.04047	0.01884	0.00818	0.00257	0.00447	0.07701	0.00591	0.03578
6	0.01727	0.12381	0.04834	0.03741	0.25526	0.01742	0.05629	0.15274	0.07136	0.02432	0.01498	0.06099	0.01281	0.00755	0.00695	0.00197	0.03813	0.00644	0.00427	0.04168
7	0.01467	0.01214	0.01327	0.01223	0.01536	0.01352	0.00959	0.06758	0.45863	0.02634	0.09838	0.06819	0.07352	0.01128	0.00718	0.00230	0.00502	0.07511	0.00662	0.00907
8	0.01144	0.00572	0.00858	0.00858	0.00858	0.00572	0.00572	0.00858	0.00858	0.01144	0.01144	0.02001	0.01144	0.02287	0.02573	0.80846	0.00572	0.00572	0.00286	0.00286
9	0.01726	0.11694	0.27484	0.04319	0.06538	0.07289	0.08688	0.08338	0.05777	0.07026	0.01406	0.01639	0.01071	0.03324	0.00719	0.00213	0.00867	0.00557	0.00390	0.00935
10	0.01761	0.01507	0.07358	0.07228	0.13398	0.03365	0.03521	0.10435	0.08658	0.13035	0.01835	0.07674	0.01538	0.05145	0.03898	0.00275	0.07242	0.00731	0.00493	0.00903
11	0.00937	0.00646	0.00889	0.00945	0.01031	0.00617	0.03193	0.01089	0.01298	0.01815	0.07194	0.46336	0.03664	0.07361	0.01061	0.04156	0.00439	0.06118	0.10665	0.00546
12	0.01619	0.04107	0.27808	0.06420	0.06774	0.07037	0.17176	0.06039	0.01553	0.05767	0.01313	0.01610	0.00989	0.00885	0.04680	0.00255	0.04117	0.00586	0.00353	0.00910
13	0.01703	0.05367	0.25821	0.07518	0.11761	0.05893	0.17831	0.05578	0.01593	0.08667	0.01352	0.01598	0.00991	0.00633	0.00661	0.00205	0.00925	0.00586	0.00370	0.00948
14	0.01469	0.01453	0.05633	0.45837	0.12159	0.03362	0.07358	0.03396	0.01422	0.05153	0.01245	0.01709	0.00944	0.00681	0.00756	0.00218	0.05459	0.00595	0.00332	0.00820
15	0.01475	0.11797	0.53990	0.01764	0.02610	0.01639	0.05394	0.04826	0.01466	0.04575	0.01243	0.01448	0.00910	0.00776	0.03136	0.00230	0.00951	0.00503	0.00318	0.00952
16	0.00891	0.00677	0.00939	0.05367	0.04148	0.00657	0.00769	0.01070	0.01359	0.01809	0.09341	0.53225	0.08443	0.01816	0.00818	0.00256	0.00436	0.06807	0.00590	0.00581
17	0.01560	0.06920	0.02486	0.19041	0.34430	0.01597	0.07988	0.07669	0.01558	0.02124	0.01343	0.04218	0.01135	0.00867	0.04064	0.00242	0.00854	0.00636	0.00355	0.00913

[dist]
# distance from previous block
# <min> <max>
0	10

[block]
# block no. 8 follows, 33 sequences, length 26
# corresponding to MSA columns:
# 689-714
name=unknown_I
#
# <colnr> <probs for GDERKNQSTAVLIFYWHMCP>
#	G	D	E	R	K	N	Q	S	T	A	V	L	I	F	Y	W	H	M	C	P
0	0.00949	0.00642	0.00759	0.00764	0.00789	0.00648	0.00463	0.00975	0.01000	0.01335	0.02272	0.06502	0.05631	0.60175	0.10749	0.03813	0.00734	0.00965	0.00406	0.00427
1	0.01509	0.07737	0.35292	0.02200	0.02993	0.01646	0.32496	0.02125	0.01475	0.04400	0.01276	0.01566	0.00934	0.00596	0.00680	0.00210	0.01002	0.00612	0.00320	0.00931
2	0.01486	0.02317	0.28739	0.02730	0.18563	0.01593	0.30712	0.02081	0.01483	0.02109	0.01257	0.01604	0.00949	0.00587	0.00695	0.00211	0.00988	0.00630	0.00312	0.00953
3	0.01018	0.00721	0.00984	0.01125	0.01262	0.00711	0.00949	0.01287	0.01470	0.01937	0.03564	0.17898	0.06106	0.01811	0.00877	0.00289	0.00551	0.53184	0.03662	0.00594
4	0.01215	0.00781	0.00877	0.00812	0.01085	0.00683	0.00632	0.01477	0.04367	0.14484	0.08804	0.05434	0.51305	0.01477	0.00758	0.00222	0.00391	0.03864	0.00655	0.00680
5	0.01139	0.04310	0.02050	0.06510	0.02092	0.01086	0.25167	0.01445	0.01412	0.01870	0.05412	0.33840	0.08207	0.01318	0.00781	0.00237	0.00677	0.01273	0.00483	0.00690
6	0.01144	0.00572	0.00858	0.00858	0.00858	0.00572	0.00572	0.00858	0.00858	0.01144	0.01144	0.02001	0.01144	0.02287	0.02573	0.80846	0.00572	0.00572	0.00286	0.00286
7	0.01678	0.01434	0.01511	0.01348	0.01727	0.01656	0.01052	0.06639	0.68361	0.02819	0.02628	0.02415	0.01968	0.00888	0.00669	0.00222	0.00531	0.00737	0.00669	0.01046
8	0.01474	0.11209	0.56662	0.01912	0.07307	0.04076	0.02182	0.02119	0.01422	0.04089	0.01192	0.01388	0.00873	0.00623	0.00605	0.00199	0.00926	0.00482	0.00299	0.00961
9	0.01531	0.01911	0.12251	0.10000	0.06378	0.01637	0.49562	0.04527	0.01563	0.02138	0.01302	0.01712	0.00972	0.00584	0.00736	0.00218	0.01041	0.00707	0.00333	0.00898
10	0.73919	0.01282	0.01096	0.04524	0.04838	0.01480	0.00828	0.01927	0.01148	0.02855	0.00944	0.01128	0.00736	0.00612	0.00431	0.00204	0.00540	0.00378	0.00398	0.00730
11	0.01491	0.01404	0.02329	0.03451	0.59612	0.01390	0.01769	0.01853	0.01515	0.02127	0.04906	0.02474	0.08594	0.00777	0.00680	0.00203	0.00710	0.03374	0.00383	0.00958
12	0.00847	0.00614	0.00802	0.00888	0.00975	0.00569	0.00625	0.01026	0.01452	0.01962	0.22735	0.49614	0.09127	0.01831	0.00822	0.00249	0.00368	0.04292	0.00642	0.00563
13	0.01144	0.00572	0.00858	0.00858	0.00858	0.00572	0.00572	0.00858	0.00858	0.01144	0.01144	0.02001	0.01144	0.02287	0.02573	0.80846	0.00572	0.00572	0.00286	0.00286
14	0.01547	0.01533	0.02345	0.23539	0.40326	0.05957	0.01847	0.01906	0.01407	0.01915	0.01158	0.01614	0.00962	0.00685	0.00843	0.00212	0.10419	0.00575	0.00312	0.00898
15	0.00947	0.00634	0.00721	0.00731	0.00734	0.00631	0.00413	0.00955	0.00978	0.01303	0.02178	0.09115	0.02524	0.71879	0.03183	0.00614	0.00621	0.01018	0.00413	0.00408
16	0.01365	0.01170	0.01365	0.00975	0.01560	0.00878	0.00780	0.01658	0.01365	0.02145	0.01170	0.01365	0.00975	0.00488	0.00488	0.00098	0.00488	0.00390	0.00390	0.80888
17	0.00792	0.00667	0.00687	0.00682	0.00898	0.00562	0.00511	0.00972	0.01534	0.01858	0.12777	0.06204	0.66332	0.01637	0.00778	0.00221	0.00331	0.01371	0.00622	0.00562
18	0.01941	0.58108	0.03040	0.01274	0.01779	0.21109	0.01164	0.02141	0.01474	0.01565	0.00942	0.01090	0.00846	0.00593	0.00467	0.00148	0.00829	0.00371	0.00296	0.00824
19	0.02459	0.03138	0.01866	0.01696	0.02035	0.74221	0.01272	0.02629	0.01866	0.01611	0.01018	0.01187	0.00848	0.00678	0.00594	0.00170	0.01187	0.00424	0.00339	0.00763
20	0.01320	0.03405	0.73453	0.01876	0.02849	0.01529	0.02432	0.02085	0.01390	0.02085	0.01181	0.01390	0.00834	0.00625	0.00625	0.00208	0.00973	0.00486	0.00278	0.00973
21	0.01502	0.01694	0.03658	0.02632	0.03260	0.01592	0.65138	0.02030	0.01533	0.02074	0.01541	0.01972	0.03601	0.00766	0.03639	0.00255	0.01107	0.00796	0.00344	0.00864
22	0.61148	0.20677	0.01601	0.00932	0.01380	0.01765	0.00819	0.01944	0.01176	0.02595	0.00916	0.01066	0.00747	0.00599	0.00411	0.00188	0.00559	0.00355	0.00375	0.00747
23	0.01008	0.00745	0.01136	0.03064	0.01371	0.00730	0.05473	0.01195	0.01344	0.01771	0.03085	0.32887	0.03460	0.01849	0.01047	0.08988	0.00557	0.29177	0.00547	0.00566
24	0.03802	0.21058	0.37718	0.01528	0.02209	0.01773	0.01744	0.05904	0.01474	0.02089	0.05999	0.01679	0.03108	0.00735	0.00702	0.00197	0.06514	0.00533	0.00344	0.00889
25	0.01596	0.08355	0.49883	0.01772	0.05775	0.01520	0.02005	0.04881	0.01541	0.10846	0.04710	0.01654	0.01206	0.00683	0.00624	0.00202	0.00852	0.00540	0.00382	0.00974

[dist]
# distance from previous block
# <min> <max>
0	1

[block]
# block no. 9 follows, 33 sequences, length 72
# corresponding to MSA columns:
# 716-787
name=unknown_J
#
# <colnr> <probs for GDERKNQSTAVLIFYWHMCP>
#	G	D	E	R	K	N	Q	S	T	A	V	L	I	F	Y	W	H	M	C	P
0	0.04385	0.01622	0.06148	0.06760	0.21948	0.03416	0.10129	0.07897	0.01603	0.14513	0.01428	0.01683	0.01079	0.00745	0.00916	0.00218	0.13525	0.00605	0.00431	0.00949
1	0.01904	0.11207	0.07994	0.02439	0.26516	0.26842	0.03480	0.03962	0.03696	0.01943	0.01327	0.01550	0.02991	0.00663	0.00610	0.00183	0.00915	0.00527	0.00348	0.00901
2	0.00949	0.00786	0.03156	0.00858	0.01056	0.00679	0.00677	0.01312	0.04426	0.02505	0.58228	0.04915	0.15271	0.01352	0.00768	0.00210	0.00343	0.01180	0.00693	0.00639
3	0.01628	0.19265	0.02149	0.01386	0.01657	0.01908	0.01179	0.13880	0.01479	0.02041	0.01172	0.01642	0.01071	0.05805	0.07646	0.00313	0.29429	0.00550	0.00371	0.05429
4	0.00957	0.00638	0.00718	0.00718	0.00718	0.00638	0.00399	0.00957	0.00957	0.01276	0.02074	0.04308	0.02393	0.76864	0.03351	0.00638	0.00638	0.00957	0.00399	0.00399
5	0.02125	0.01713	0.06785	0.01442	0.01936	0.01737	0.01233	0.35074	0.26000	0.09606	0.02069	0.02089	0.01522	0.00845	0.00668	0.00211	0.00655	0.02575	0.00648	0.01068
6	0.01422	0.06407	0.63239	0.01916	0.05740	0.01607	0.02290	0.06084	0.01492	0.02185	0.01196	0.01397	0.00860	0.00631	0.00620	0.00204	0.00939	0.00491	0.00302	0.00979
7	0.01440	0.01440	0.02016	0.01728	0.01728	0.02016	0.01440	0.01584	0.01008	0.01584	0.00864	0.01440	0.00864	0.01152	0.02160	0.00288	0.75659	0.00576	0.00288	0.00720
8	0.00863	0.00670	0.00785	0.00756	0.00941	0.00592	0.00567	0.01110	0.01702	0.02255	0.43068	0.05550	0.35793	0.01489	0.00777	0.00214	0.00321	0.01279	0.00674	0.00592
9	0.00948	0.00634	0.00721	0.00730	0.00732	0.00632	0.00411	0.00955	0.00975	0.01300	0.02165	0.08528	0.02508	0.72487	0.03204	0.00617	0.00623	0.01011	0.00411	0.00407
10	0.00849	0.00614	0.00810	0.00947	0.01007	0.00585	0.00656	0.01034	0.03278	0.01767	0.06098	0.66710	0.04315	0.01986	0.00838	0.00267	0.00400	0.06666	0.00617	0.00557
11	0.01406	0.17862	0.59750	0.01730	0.02622	0.01740	0.02177	0.02063	0.01380	0.01980	0.01129	0.01325	0.00836	0.00613	0.00586	0.00195	0.00920	0.00460	0.00279	0.00948
12	0.01582	0.03533	0.07912	0.21842	0.07123	0.04697	0.16392	0.07862	0.03245	0.04387	0.03105	0.01760	0.01136	0.00809	0.02632	0.00233	0.07116	0.00624	0.00377	0.03633
13	0.01412	0.01501	0.05135	0.01763	0.01857	0.01898	0.06066	0.01616	0.01064	0.01637	0.00965	0.01532	0.00920	0.01325	0.06479	0.00328	0.62879	0.00594	0.00295	0.00734
14	0.00809	0.00588	0.00766	0.00905	0.00964	0.00545	0.00618	0.00935	0.01291	0.01700	0.03895	0.67643	0.10434	0.02018	0.00837	0.00265	0.00386	0.04250	0.00611	0.00539
15	0.01503	0.12051	0.46070	0.02025	0.13453	0.01592	0.02031	0.02082	0.01436	0.06481	0.01481	0.01651	0.03981	0.00668	0.00613	0.00198	0.00856	0.00535	0.00334	0.00959
16	0.31144	0.18786	0.01751	0.01025	0.01508	0.01593	0.00884	0.03978	0.01304	0.02340	0.01015	0.01195	0.00847	0.00595	0.00535	0.00160	0.04449	0.00385	0.00375	0.26133
17	0.01144	0.00572	0.00858	0.00858	0.00858	0.00572	0.00572	0.00858	0.00858	0.01144	0.01144	0.02001	0.01144	0.02287	0.02573	0.80846	0.00572	0.00572	0.00286	0.00286
18	0.01227	0.00614	0.00614	0.00614	0.00767	0.00614	0.00460	0.01534	0.01381	0.02454	0.02148	0.02454	0.01687	0.00767	0.00460	0.00153	0.00307	0.00614	0.80518	0.00614
19	0.01365	0.01170	0.01365	0.00975	0.01560	0.00878	0.00780	0.01658	0.01365	0.02145	0.01170	0.01365	0.00975	0.00488	0.00488	0.00098	0.00488	0.00390	0.00390	0.80888
20	0.01679	0.04925	0.08302	0.07009	0.21328	0.03155	0.03652	0.07628	0.23176	0.04131	0.01711	0.01834	0.01312	0.00703	0.00637	0.00198	0.00709	0.00607	0.00466	0.06840
21	0.01644	0.01561	0.06069	0.18994	0.39767	0.01553	0.03983	0.05685	0.03230	0.06301	0.01342	0.01695	0.01049	0.00656	0.00714	0.00207	0.03624	0.00595	0.00369	0.00963
22	0.81514	0.01273	0.00968	0.00866	0.01273	0.01477	0.00713	0.01935	0.01120	0.02954	0.00917	0.01069	0.00713	0.00611	0.00407	0.00204	0.00509	0.00356	0.00407	0.00713
23	0.01365	0.01170	0.01365	0.00975	0.01560	0.00878	0.00780	0.01658	0.01365	0.02145	0.01170	0.01365	0.00975	0.00488	0.00488	0.00098	0.00488	0.00390	0.00390	0.80888
24	0.00791	0.00667	0.00685	0.00681	0.00897	0.00561	0.00511	0.00970	0.01532	0.01853	0.12342	0.06213	0.66771	0.01640	0.00778	0.00221	0.00331	0.01372	0.00621	0.00561
25	0.01282	0.01191	0.01975	0.73009	0.04457	0.01480	0.01811	0.03804	0.01371	0.01758	0.01183	0.01750	0.00885	0.00662	0.00658	0.00219	0.00873	0.00585	0.00304	0.00743
26	0.01461	0.01482	0.01964	0.01697	0.01713	0.05064	0.01403	0.01605	0.01054	0.01589	0.00972	0.04162	0.00991	0.01165	0.02045	0.00282	0.69717	0.00617	0.00302	0.00715
27	0.00956	0.00643	0.00744	0.00744	0.00753	0.00653	0.00432	0.00974	0.00965	0.01296	0.02050	0.04175	0.02336	0.71296	0.08840	0.00671	0.00725	0.00938	0.00395	0.00414
28	0.01046	0.00747	0.01043	0.01195	0.01340	0.00745	0.01035	0.01338	0.01501	0.01953	0.03494	0.11464	0.03822	0.01833	0.00905	0.00301	0.00593	0.64438	0.00606	0.00602
29	0.01339	0.06577	0.70446	0.01844	0.02799	0.01575	0.02376	0.02080	0.01388	0.02062	0.01170	0.01376	0.00834	0.00623	0.00617	0.00206	0.00961	0.00481	0.00278	0.00967
30	0.00802	0.00573	0.00764	0.00917	0.00955	0.00535	0.00611	0.00917	0.01260	0.01681	0.03628	0.76434	0.04354	0.02062	0.00840	0.00267	0.00382	0.01872	0.00611	0.00535
31	0.00932	0.00673	0.00880	0.00828	0.00984	0.00621	0.00621	0.01242	0.01863	0.02640	0.72410	0.04918	0.06212	0.01346	0.00776	0.00207	0.00311	0.01191	0.00725	0.00621
32	0.01205	0.00611	0.00621	0.00629	0.00777	0.00610	0.00468	0.01502	0.01374	0.02414	0.02224	0.06289	0.01826	0.00834	0.00480	0.00159	0.00311	0.00679	0.76377	0.00610
33	0.00998	0.00748	0.00934	0.00875	0.01054	0.00722	0.00660	0.01461	0.08927	0.02622	0.63050	0.04717	0.08084	0.01311	0.00766	0.00209	0.00333	0.01152	0.00715	0.00662
34	0.81514	0.01273	0.00968	0.00866	0.01273	0.01477	0.00713	0.01935	0.01120	0.02954	0.00917	0.01069	0.00713	0.00611	0.00407	0.00204	0.00509	0.00356	0.00407	0.00713
35	0.00802	0.00573	0.00764	0.00917	0.00955	0.00535	0.00611	0.00917	0.01260	0.01681	0.03628	0.76434	0.04354	0.02062	0.00840	0.00267	0.00382	0.01872	0.00611	0.00535
36	0.02503	0.01844	0.01976	0.01515	0.02042	0.02042	0.01251	0.70562	0.03095	0.04149	0.01581	0.01581	0.01120	0.00790	0.00659	0.00198	0.00724	0.00593	0.00659	0.01120
37	0.01576	0.01509	0.02575	0.13955	0.63263	0.01550	0.01994	0.01973	0.01474	0.02086	0.01229	0.01647	0.01020	0.00597	0.00653	0.00199	0.00795	0.00586	0.00321	0.00999
38	0.02459	0.03138	0.01866	0.01696	0.02035	0.74221	0.01272	0.02629	0.01866	0.01611	0.01018	0.01187	0.00848	0.00678	0.00594	0.00170	0.01187	0.00424	0.00339	0.00763
39	0.01391	0.01171	0.01447	0.01108	0.01557	0.01056	0.00894	0.01654	0.01299	0.04282	0.01219	0.01511	0.01037	0.00989	0.07147	0.00214	0.12505	0.00456	0.00384	0.58679
40	0.01014	0.00710	0.01013	0.00996	0.01062	0.00811	0.00733	0.01097	0.00997	0.01410	0.01644	0.02715	0.01636	0.17279	0.42848	0.16749	0.05723	0.00717	0.00344	0.00501
41	0.00909	0.00679	0.00879	0.00972	0.01108	0.00649	0.00767	0.01124	0.01425	0.01845	0.07581	0.24792	0.20372	0.02076	0.06815	0.00331	0.00561	0.25945	0.00594	0.00575
42	0.01845	0.01517	0.01605	0.01382	0.01791	0.01734	0.01092	0.19578	0.55150	0.03088	0.02416	0.02246	0.01796	0.00868	0.00667	0.00217	0.00570	0.00708	0.00667	0.01061
43	0.01824	0.00872	0.01159	0.00974	0.01289	0.00772	0.00770	0.02103	0.01857	0.33966	0.38576	0.03789	0.07008	0.01124	0.00726	0.00206	0.00422	0.00964	0.00760	0.00840
44	0.01639	0.02151	0.24684	0.04798	0.13711	0.01524	0.29285	0.02196	0.01524	0.09940	0.01406	0.01686	0.01021	0.00613	0.00695	0.00212	0.00950	0.00640	0.00367	0.00958
45	0.01389	0.09602	0.56869	0.01775	0.02611	0.01581	0.04520	0.02036	0.01392	0.03731	0.01321	0.03459	0.01041	0.00711	0.00674	0.00210	0.03184	0.02649	0.00312	0.00932
46	0.01629	0.01564	0.02672	0.04041	0.72757	0.01564	0.02020	0.02020	0.01499	0.02151	0.01238	0.01629	0.01043	0.00587	0.00652	0.00196	0.00782	0.00587	0.00326	0.01043
47	0.01419	0.01451	0.06303	0.06890	0.44132	0.01378	0.01670	0.01856	0.04888	0.02060	0.03624	0.04634	0.09225	0.00996	0.03872	0.00244	0.03320	0.00736	0.00388	0.00912
48	0.11306	0.25559	0.25021	0.03247	0.02113	0.06943	0.01503	0.03919	0.01482	0.11465	0.01254	0.01361	0.00938	0.00638	0.00541	0.00184	0.00787	0.00453	0.00380	0.00905
49	0.01464	0.01437	0.01953	0.01681	0.01726	0.01971	0.01392	0.01815	0.09530	0.01726	0.01083	0.01563	0.01003	0.01121	0.01980	0.00280	0.66584	0.00596	0.00334	0.00759
50	0.00782	0.00653	0.00681	0.00704	0.00899	0.00553	0.00517	0.00941	0.01465	0.01764	0.06219	0.16713	0.62403	0.01726	0.00787	0.00229	0.00341	0.01461	0.00611	0.00553
51	0.01157	0.03637	0.05537	0.01371	0.07081	0.00943	0.01047	0.01550	0.07356	0.03627	0.02917	0.25875	0.03130	0.05310	0.02809	0.00299	0.00602	0.24511	0.00548	0.00689
52	0.01144	0.00572	0.00858	0.00858	0.00858	0.00572	0.00572	0.00858	0.00858	0.01144	0.01144	0.02001	0.01144	0.02287	0.02573	0.80846	0.00572	0.00572	0.00286	0.00286
53	0.00945	0.00689	0.00976	0.00976	0.01066	0.00778	0.00721	0.01123	0.01034	0.01468	0.01838	0.03000	0.01826	0.22236	0.57202	0.00957	0.01493	0.00766	0.00364	0.00542
54	0.01486	0.01468	0.05989	0.35722	0.36127	0.01496	0.01919	0.01913	0.01425	0.04403	0.01252	0.01694	0.00978	0.00629	0.00654	0.00207	0.00827	0.00583	0.00325	0.00902
55	0.01691	0.46909	0.25195	0.01417	0.02086	0.09269	0.01549	0.02071	0.01406	0.01723	0.01009	0.01173	0.00842	0.00594	0.00503	0.00165	0.00835	0.00401	0.00286	0.00877
56	0.00943	0.00697	0.01014	0.01014	0.01116	0.00799	0.00768	0.01147	0.01045	0.01495	0.01804	0.02811	0.01743	0.14322	0.65004	0.01003	0.01617	0.00738	0.00359	0.00563
57	0.00957	0.00638	0.00718	0.00718	0.00718	0.00638	0.00399	0.00957	0.00957	0.01276	0.02074	0.04308	0.02393	0.76864	0.03351	0.00638	0.00638	0.00957	0.00399	0.00399
58	0.04605	0.04624	0.30393	0.01698	0.05910	0.04578	0.05238	0.08381	0.07877	0.10387	0.03589	0.02033	0.06252	0.00770	0.00644	0.00205	0.00784	0.00628	0.00455	0.00948
59	0.01992	0.20118	0.12399	0.01861	0.11975	0.01827	0.06847	0.16147	0.05074	0.13306	0.01504	0.01591	0.01113	0.00674	0.00606	0.00189	0.00758	0.00551	0.00467	0.01001
60	0.01597	0.01535	0.02597	0.08089	0.65084	0.01582	0.01979	0.01978	0.01463	0.02094	0.01215	0.01627	0.01024	0.00620	0.00730	0.00202	0.04668	0.00586	0.00322	0.01008
61	0.01568	0.01816	0.10566	0.09806	0.41717	0.04077	0.13578	0.02014	0.01471	0.02052	0.01218	0.01616	0.00983	0.00619	0.00733	0.00207	0.04081	0.00602	0.00318	0.00958
62	0.01770	0.37807	0.14950	0.03815	0.10108	0.01967	0.06133	0.02131	0.01440	0.10557	0.01258	0.01426	0.00991	0.00707	0.02192	0.00194	0.00797	0.00483	0.00357	0.00917
63	0.00804	0.00606	0.00746	0.00855	0.00949	0.00548	0.00594	0.00939	0.01337	0.01718	0.04487	0.54318	0.23682	0.01942	0.00825	0.00256	0.00375	0.03866	0.00611	0.00543
64	0.00798	0.00589	0.00748	0.00875	0.00944	0.00538	0.00593	0.00921	0.01300	0.01697	0.04135	0.64747	0.15715	0.01997	0.00830	0.00260	0.00374	0.01791	0.00611	0.00538
65	0.01602	0.01574	0.05591	0.08899	0.38460	0.01512	0.13432	0.05511	0.05015	0.04359	0.01536	0.06723	0.01304	0.00720	0.00687	0.00209	0.00804	0.00711	0.00390	0.00961
66	0.01494	0.26426	0.42570	0.01851	0.07896	0.01877	0.05312	0.02045	0.01390	0.01922	0.01109	0.01322	0.00862	0.00599	0.00571	0.00187	0.00880	0.00466	0.00285	0.00934
67	0.00889	0.00670	0.00830	0.00890	0.01011	0.00634	0.00636	0.01173	0.05817	0.01999	0.20319	0.41100	0.15934	0.01747	0.00807	0.00244	0.00373	0.03692	0.00641	0.00592
68	0.57032	0.01228	0.00978	0.02965	0.01320	0.05039	0.00729	0.01741	0.01242	0.02581	0.02126	0.04463	0.14717	0.00865	0.00509	0.00208	0.00517	0.00613	0.00446	0.00680
69	0.02344	0.01205	0.03445	0.01149	0.01583	0.03279	0.00953	0.09094	0.01933	0.45195	0.12055	0.05323	0.07496	0.00980	0.00688	0.00206	0.00551	0.00809	0.00736	0.00976
70	0.14537	0.01000	0.02844	0.01258	0.06568	0.00954	0.05714	0.03751	0.01393	0.04152	0.05082	0.19907	0.18587	0.01489	0.03168	0.06806	0.00560	0.01062	0.00505	0.00663
71	0.15772	0.16154	0.21174	0.01646	0.10089	0.01626	0.03107	0.04337	0.03333	0.02224	0.01269	0.05035	0.01074	0.00673	0.00552	0.00184	0.00715	0.00524	0.00362	0.10150

[dist]
# distance from previous block
# <min> <max>
0	15

# created by:
# /home/cegg/simao/soft/augustus-3.2.1/scripts/msa2prfl.pl ./align_prep/EOG090W04XS.fa
