[name]
unknown

[dist]
# distance from previous block
# <min> <max>
16	126

[block]
# block no. 0 follows, 30 sequences, length 36
# corresponding to MSA columns:
# 169-204
name=unknown_A
#
# <colnr> <probs for GDERKNQSTAVLIFYWHMCP>
#	G	D	E	R	K	N	Q	S	T	A	V	L	I	F	Y	W	H	M	C	P
0	0.01716	0.12323	0.12373	0.04407	0.10354	0.03351	0.05117	0.10938	0.03589	0.04356	0.01688	0.03898	0.03469	0.07353	0.00956	0.00240	0.03218	0.00659	0.00434	0.09562
1	0.02072	0.01637	0.04843	0.08915	0.28625	0.04081	0.03374	0.11240	0.03853	0.16668	0.03885	0.02071	0.01459	0.03229	0.00794	0.00229	0.00785	0.00672	0.00520	0.01050
2	0.01181	0.00899	0.01083	0.01001	0.01241	0.00862	0.02822	0.07312	0.06031	0.04449	0.17564	0.18164	0.29088	0.03967	0.00903	0.00253	0.00451	0.01352	0.00670	0.00707
3	0.01766	0.04204	0.02707	0.06858	0.15730	0.06815	0.22275	0.13064	0.01868	0.02454	0.01785	0.10845	0.01628	0.00906	0.00757	0.00228	0.00902	0.03821	0.00453	0.00933
4	0.01447	0.01240	0.01447	0.01034	0.01654	0.00930	0.00827	0.01757	0.01447	0.02274	0.01240	0.01447	0.01034	0.00517	0.00517	0.00103	0.00517	0.00413	0.00413	0.79742
5	0.00997	0.00748	0.01121	0.01121	0.01246	0.00872	0.00872	0.01246	0.01121	0.01620	0.01869	0.02741	0.01745	0.05234	0.72710	0.01121	0.01869	0.00748	0.00374	0.00623
6	0.01292	0.00772	0.01007	0.01013	0.01208	0.00710	0.00785	0.01538	0.01673	0.12620	0.19632	0.24033	0.12021	0.01665	0.00841	0.00257	0.00455	0.14524	0.03254	0.00702
7	0.01546	0.01502	0.02639	0.33603	0.36755	0.01622	0.08238	0.01998	0.01512	0.02065	0.01291	0.01798	0.01027	0.00651	0.00706	0.00221	0.00904	0.00640	0.00331	0.00950
8	0.00848	0.00616	0.00801	0.00948	0.01006	0.00569	0.00637	0.00974	0.01358	0.01791	0.04130	0.69002	0.10451	0.02149	0.00885	0.00279	0.00400	0.01939	0.00648	0.00569
9	0.01602	0.00891	0.01226	0.01242	0.01498	0.00846	0.01065	0.01907	0.01716	0.19152	0.06073	0.06390	0.05533	0.01643	0.00890	0.00289	0.00610	0.45948	0.00702	0.00775
10	0.01318	0.01240	0.02093	0.73798	0.04806	0.01550	0.01938	0.01783	0.01395	0.01783	0.01240	0.01860	0.00930	0.00698	0.00698	0.00233	0.00930	0.00620	0.00310	0.00775
11	0.00950	0.00669	0.00845	0.00907	0.01024	0.00622	0.00658	0.01041	0.01376	0.01764	0.06688	0.26225	0.25451	0.02190	0.04687	0.15608	0.00518	0.07670	0.00572	0.00537
12	0.01843	0.70861	0.03554	0.01237	0.01794	0.02719	0.01217	0.02062	0.01394	0.01644	0.00966	0.01147	0.00897	0.00639	0.00572	0.00160	0.05719	0.00389	0.00299	0.00887
13	0.01487	0.01434	0.02496	0.43987	0.28591	0.01604	0.06523	0.01943	0.01482	0.01992	0.01278	0.01814	0.01002	0.00663	0.00704	0.00224	0.00910	0.00635	0.00326	0.00905
14	0.01447	0.01240	0.01447	0.01034	0.01654	0.00930	0.00827	0.01757	0.01447	0.02274	0.01240	0.01447	0.01034	0.00517	0.00517	0.00103	0.00517	0.00413	0.00413	0.79742
15	0.00989	0.00740	0.00779	0.00751	0.01004	0.00622	0.00570	0.01179	0.01636	0.06648	0.09799	0.06351	0.63112	0.01690	0.00816	0.00234	0.00369	0.01411	0.00668	0.00633
16	0.80405	0.01350	0.01026	0.00918	0.01350	0.01565	0.00756	0.02051	0.01188	0.03131	0.00972	0.01134	0.00756	0.00648	0.00432	0.00216	0.00540	0.00378	0.00432	0.00756
17	0.02082	0.01603	0.01736	0.01426	0.01867	0.01778	0.01145	0.36627	0.24666	0.03656	0.13370	0.02556	0.02377	0.00970	0.00722	0.00220	0.00626	0.00784	0.00713	0.01074
18	0.01112	0.00656	0.00960	0.00968	0.01009	0.00694	0.00678	0.01027	0.01004	0.01379	0.01619	0.05893	0.01642	0.08976	0.24880	0.44977	0.01002	0.00747	0.00351	0.00426
19	0.00850	0.00607	0.00810	0.00972	0.01012	0.00567	0.00648	0.00972	0.01336	0.01781	0.03846	0.75020	0.04615	0.02186	0.00891	0.00283	0.00405	0.01984	0.00648	0.00567
20	0.00850	0.00607	0.00810	0.00972	0.01012	0.00567	0.00648	0.00972	0.01336	0.01781	0.03846	0.75020	0.04615	0.02186	0.00891	0.00283	0.00405	0.01984	0.00648	0.00567
21	0.01010	0.00695	0.00854	0.00854	0.00886	0.00727	0.00539	0.01075	0.01042	0.01422	0.02114	0.04095	0.02332	0.57324	0.21424	0.00792	0.00985	0.00946	0.00410	0.00475
22	0.01212	0.00606	0.00909	0.00909	0.00909	0.00606	0.00606	0.00909	0.00909	0.01212	0.01212	0.02121	0.01212	0.02424	0.02727	0.79697	0.00606	0.00606	0.00303	0.00303
23	0.01447	0.01240	0.01447	0.01034	0.01654	0.00930	0.00827	0.01757	0.01447	0.02274	0.01240	0.01447	0.01034	0.00517	0.00517	0.00103	0.00517	0.00413	0.00413	0.79742
24	0.01301	0.00650	0.00650	0.00650	0.00813	0.00650	0.00488	0.01626	0.01463	0.02602	0.02276	0.02602	0.01789	0.00813	0.00488	0.00163	0.00325	0.00650	0.79350	0.00650
25	0.40770	0.01512	0.01471	0.01200	0.01687	0.01662	0.00988	0.22630	0.04520	0.15089	0.01556	0.01563	0.01102	0.00753	0.00569	0.00215	0.00619	0.00524	0.00596	0.00973
26	0.01212	0.00606	0.00909	0.00909	0.00909	0.00606	0.00606	0.00909	0.00909	0.01212	0.01212	0.02121	0.01212	0.02424	0.02727	0.79697	0.00606	0.00606	0.00303	0.00303
27	0.06398	0.01925	0.02043	0.01572	0.02125	0.02135	0.01299	0.65581	0.03180	0.04337	0.01641	0.01649	0.01166	0.00829	0.00685	0.00210	0.00757	0.00616	0.00685	0.01166
28	0.00825	0.00707	0.00707	0.00707	0.00943	0.00589	0.00530	0.01001	0.01591	0.01885	0.07069	0.06716	0.70839	0.01767	0.00825	0.00236	0.00353	0.01473	0.00648	0.00589
29	0.10886	0.01264	0.01597	0.01238	0.01768	0.01170	0.01022	0.08408	0.02017	0.59414	0.02489	0.02195	0.01587	0.00840	0.00674	0.00215	0.00602	0.00663	0.00807	0.01144
30	0.01071	0.00776	0.00992	0.01081	0.01206	0.00762	0.00808	0.06900	0.01603	0.02126	0.06868	0.47632	0.07040	0.01960	0.00885	0.00281	0.00483	0.16230	0.00657	0.00642
31	0.02962	0.01458	0.01787	0.01370	0.01916	0.01427	0.01132	0.26438	0.02450	0.47930	0.02373	0.02129	0.01537	0.00855	0.00700	0.00214	0.00655	0.00676	0.00805	0.01187
32	0.02972	0.01351	0.01709	0.01320	0.01857	0.01279	0.01088	0.16060	0.05466	0.55351	0.02549	0.02251	0.01642	0.00863	0.00701	0.00216	0.00625	0.00692	0.00824	0.01183
33	0.01781	0.10391	0.06887	0.01534	0.02046	0.10565	0.12394	0.03789	0.01700	0.10208	0.07306	0.07473	0.06706	0.00900	0.00682	0.00195	0.00766	0.00780	0.00495	0.13401
34	0.02169	0.01396	0.01573	0.01184	0.01756	0.05876	0.00954	0.05450	0.01759	0.26555	0.01778	0.01769	0.01274	0.00666	0.00597	0.00153	0.00605	0.00526	0.00580	0.43381
35	0.71683	0.01438	0.01128	0.00990	0.01429	0.03800	0.00812	0.05550	0.01344	0.05182	0.01064	0.01202	0.00811	0.00666	0.00460	0.00214	0.00576	0.00403	0.00456	0.00792

[dist]
# distance from previous block
# <min> <max>
5	8

[block]
# block no. 1 follows, 30 sequences, length 72
# corresponding to MSA columns:
# 213-284
name=unknown_B
#
# <colnr> <probs for GDERKNQSTAVLIFYWHMCP>
#	G	D	E	R	K	N	Q	S	T	A	V	L	I	F	Y	W	H	M	C	P
0	0.03567	0.01515	0.02490	0.02313	0.14129	0.03554	0.21819	0.05551	0.08749	0.04686	0.01712	0.02219	0.01407	0.01673	0.14920	0.02670	0.03291	0.02395	0.00435	0.00906
1	0.01291	0.01012	0.01230	0.01280	0.01508	0.01083	0.01049	0.02138	0.24393	0.02327	0.03523	0.13319	0.05375	0.01623	0.00867	0.00286	0.00578	0.35665	0.00666	0.00787
2	0.01390	0.00745	0.01001	0.01036	0.01194	0.00675	0.00737	0.01546	0.01492	0.18299	0.03588	0.57835	0.03932	0.01873	0.00846	0.00267	0.00450	0.01681	0.00699	0.00714
3	0.12510	0.01186	0.01422	0.01194	0.01613	0.01163	0.00957	0.07795	0.08046	0.37081	0.05006	0.12765	0.02241	0.01079	0.00706	0.00230	0.00562	0.02702	0.00741	0.01002
4	0.00850	0.00607	0.00810	0.00972	0.01012	0.00567	0.00648	0.00972	0.01336	0.01781	0.03846	0.75020	0.04615	0.02186	0.00891	0.00283	0.00405	0.01984	0.00648	0.00567
5	0.01015	0.00677	0.00761	0.00761	0.00761	0.00677	0.00423	0.01015	0.01015	0.01353	0.02199	0.04567	0.02537	0.75476	0.03552	0.00677	0.00677	0.01015	0.00423	0.00423
6	0.43978	0.01137	0.01110	0.01004	0.01368	0.01206	0.00792	0.02103	0.01407	0.18414	0.02058	0.18895	0.01890	0.01061	0.00602	0.00232	0.00520	0.00832	0.00581	0.00809
7	0.01559	0.01025	0.01230	0.01124	0.01405	0.01036	0.00868	0.06433	0.16903	0.13123	0.23100	0.15950	0.07656	0.01367	0.00790	0.00238	0.00475	0.04134	0.00733	0.00851
8	0.80405	0.01350	0.01026	0.00918	0.01350	0.01565	0.00756	0.02051	0.01188	0.03131	0.00972	0.01134	0.00756	0.00648	0.00432	0.00216	0.00540	0.00378	0.00432	0.00756
9	0.03131	0.01188	0.01619	0.01242	0.01781	0.01026	0.01026	0.03401	0.01997	0.71606	0.02753	0.02375	0.01727	0.00864	0.00702	0.00216	0.00594	0.00702	0.00864	0.01188
10	0.19763	0.00844	0.00871	0.00885	0.01034	0.00881	0.00610	0.01342	0.03448	0.02034	0.05300	0.23868	0.07631	0.24178	0.01642	0.02878	0.00525	0.01162	0.00524	0.00582
11	0.00862	0.00681	0.00777	0.00812	0.00980	0.00596	0.00586	0.01052	0.01593	0.02027	0.18093	0.25171	0.40658	0.01819	0.00843	0.00246	0.00363	0.01574	0.00670	0.00596
12	0.01124	0.00803	0.01124	0.01285	0.01446	0.00803	0.01124	0.01446	0.01606	0.02088	0.03695	0.07871	0.04016	0.01928	0.00964	0.00321	0.00643	0.66426	0.00643	0.00643
13	0.01318	0.01240	0.02093	0.73798	0.04806	0.01550	0.01938	0.01783	0.01395	0.01783	0.01240	0.01860	0.00930	0.00698	0.00698	0.00233	0.00930	0.00620	0.00310	0.00775
14	0.80405	0.01350	0.01026	0.00918	0.01350	0.01565	0.00756	0.02051	0.01188	0.03131	0.00972	0.01134	0.00756	0.00648	0.00432	0.00216	0.00540	0.00378	0.00432	0.00756
15	0.03131	0.01188	0.01619	0.01242	0.01781	0.01026	0.01026	0.03401	0.01997	0.71606	0.02753	0.02375	0.01727	0.00864	0.00702	0.00216	0.00594	0.00702	0.00864	0.01188
16	0.80405	0.01350	0.01026	0.00918	0.01350	0.01565	0.00756	0.02051	0.01188	0.03131	0.00972	0.01134	0.00756	0.00648	0.00432	0.00216	0.00540	0.00378	0.00432	0.00756
17	0.01301	0.00650	0.00650	0.00650	0.00813	0.00650	0.00488	0.01626	0.01463	0.02602	0.02276	0.02602	0.01789	0.00813	0.00488	0.00163	0.00325	0.00650	0.79350	0.00650
18	0.01694	0.01463	0.01538	0.01388	0.01775	0.01683	0.01078	0.03585	0.66751	0.02872	0.03033	0.02791	0.05261	0.00984	0.00715	0.00237	0.00543	0.00820	0.00707	0.01081
19	0.00825	0.00707	0.00707	0.00707	0.00943	0.00589	0.00530	0.01001	0.01591	0.01885	0.07069	0.06716	0.70839	0.01767	0.00825	0.00236	0.00353	0.01473	0.00648	0.00589
20	0.02607	0.03326	0.01978	0.01798	0.02157	0.72674	0.01348	0.02787	0.01978	0.01708	0.01079	0.01258	0.00899	0.00719	0.00629	0.00180	0.01258	0.00449	0.00360	0.00809
21	0.01866	0.75896	0.03657	0.01194	0.01791	0.02761	0.01194	0.02090	0.01418	0.01642	0.00970	0.01119	0.00896	0.00597	0.00448	0.00149	0.00746	0.00373	0.00299	0.00896
22	0.01016	0.00725	0.00999	0.01161	0.01274	0.00709	0.00935	0.01257	0.01499	0.01966	0.03755	0.34540	0.04254	0.02030	0.00935	0.00306	0.00548	0.40832	0.00645	0.00612
23	0.01212	0.00606	0.00909	0.00909	0.00909	0.00606	0.00606	0.00909	0.00909	0.01212	0.01212	0.02121	0.01212	0.02424	0.02727	0.79697	0.00606	0.00606	0.00303	0.00303
24	0.01866	0.75896	0.03657	0.01194	0.01791	0.02761	0.01194	0.02090	0.01418	0.01642	0.00970	0.01119	0.00896	0.00597	0.00448	0.00149	0.00746	0.00373	0.00299	0.00896
25	0.01535	0.01493	0.02630	0.35414	0.34463	0.01620	0.08778	0.01990	0.01508	0.02052	0.01290	0.01803	0.01022	0.00653	0.00707	0.00221	0.00910	0.00641	0.00330	0.00940
26	0.01915	0.71049	0.03545	0.01234	0.01816	0.07431	0.01204	0.02136	0.01455	0.01646	0.00977	0.01129	0.00896	0.00605	0.00460	0.00151	0.00780	0.00378	0.00303	0.00890
27	0.00859	0.00704	0.00757	0.00753	0.00966	0.00602	0.00561	0.01065	0.01659	0.02069	0.20019	0.09125	0.55009	0.01714	0.00827	0.00234	0.00351	0.01450	0.00673	0.00602
28	0.01866	0.75896	0.03657	0.01194	0.01791	0.02761	0.01194	0.02090	0.01418	0.01642	0.00970	0.01119	0.00896	0.00597	0.00448	0.00149	0.00746	0.00373	0.00299	0.00896
29	0.20753	0.03176	0.03486	0.03954	0.17974	0.01478	0.01317	0.09051	0.01795	0.27723	0.01778	0.01801	0.01241	0.00739	0.00629	0.00212	0.00676	0.00586	0.00584	0.01045
30	0.01646	0.01634	0.03012	0.03621	0.45886	0.01602	0.20081	0.02098	0.01606	0.02249	0.01576	0.02379	0.01382	0.00742	0.00754	0.00226	0.00905	0.07209	0.00377	0.01015
31	0.01224	0.00890	0.01098	0.00981	0.01202	0.00873	0.00753	0.10913	0.02161	0.03026	0.60931	0.04710	0.05817	0.01343	0.00805	0.00218	0.00392	0.01172	0.00758	0.00734
32	0.01890	0.02111	0.25517	0.01636	0.02255	0.01471	0.04031	0.12074	0.07683	0.15435	0.04498	0.02823	0.01842	0.00972	0.00786	0.00237	0.03164	0.10002	0.00563	0.01009
33	0.01318	0.01240	0.02093	0.73798	0.04806	0.01550	0.01938	0.01783	0.01395	0.01783	0.01240	0.01860	0.00930	0.00698	0.00698	0.00233	0.00930	0.00620	0.00310	0.00775
34	0.01642	0.01388	0.01487	0.01363	0.01713	0.01584	0.01047	0.05594	0.57790	0.02809	0.02943	0.12869	0.02451	0.01119	0.00735	0.00242	0.00539	0.00953	0.00701	0.01031
35	0.01724	0.01625	0.02770	0.22427	0.31890	0.01715	0.14073	0.10833	0.01770	0.02416	0.01359	0.01785	0.01060	0.00665	0.00718	0.00219	0.00911	0.00659	0.00384	0.00997
36	0.02018	0.24230	0.08477	0.01507	0.02009	0.21560	0.01329	0.06697	0.19177	0.02206	0.01617	0.03445	0.01321	0.00780	0.00610	0.00193	0.00855	0.00568	0.00453	0.00946
37	0.01318	0.01240	0.02093	0.73798	0.04806	0.01550	0.01938	0.01783	0.01395	0.01783	0.01240	0.01860	0.00930	0.00698	0.00698	0.00233	0.00930	0.00620	0.00310	0.00775
38	0.01401	0.01178	0.01401	0.01069	0.01624	0.00912	0.00869	0.01713	0.01470	0.02248	0.01589	0.02361	0.01458	0.00717	0.00580	0.00134	0.00535	0.09801	0.00446	0.68494
39	0.00871	0.00627	0.00854	0.00993	0.01045	0.00610	0.00680	0.01011	0.01306	0.01758	0.03565	0.64742	0.04207	0.02620	0.11104	0.00403	0.00613	0.01808	0.00609	0.00575
40	0.01370	0.00799	0.01048	0.00937	0.01173	0.00722	0.00720	0.01683	0.01964	0.15258	0.55870	0.04757	0.08260	0.01338	0.00801	0.00219	0.00378	0.01169	0.00781	0.00752
41	0.02118	0.01543	0.01610	0.01336	0.01760	0.03760	0.01069	0.29529	0.22163	0.07941	0.02361	0.02316	0.04027	0.00896	0.00668	0.00210	0.00617	0.00708	0.14331	0.01038
42	0.62615	0.01320	0.01057	0.04234	0.01461	0.04119	0.00794	0.02006	0.01266	0.02940	0.01173	0.01380	0.00916	0.00676	0.00459	0.00208	0.00554	0.00430	0.11646	0.00744
43	0.01853	0.11336	0.28699	0.02244	0.14063	0.01686	0.10296	0.02451	0.04319	0.14100	0.01569	0.01724	0.01139	0.00684	0.00670	0.00212	0.00887	0.00598	0.00425	0.01046
44	0.01134	0.01072	0.00976	0.00975	0.01180	0.10864	0.00730	0.01342	0.01683	0.02036	0.17915	0.16224	0.33634	0.01627	0.00816	0.00238	0.00505	0.05784	0.00630	0.00634
45	0.02098	0.04314	0.01980	0.01651	0.04708	0.01972	0.01292	0.28284	0.27639	0.04992	0.01990	0.02001	0.01500	0.00916	0.00920	0.00231	0.11127	0.00678	0.00623	0.01082
46	0.01447	0.03800	0.05016	0.01966	0.06354	0.01393	0.22347	0.05469	0.01576	0.02174	0.02106	0.12928	0.03834	0.01343	0.05672	0.00295	0.05879	0.07254	0.00450	0.08699
47	0.01463	0.01147	0.01451	0.01639	0.12622	0.01212	0.01030	0.06501	0.20141	0.04246	0.02606	0.18698	0.02569	0.18256	0.01403	0.00343	0.00611	0.02662	0.00574	0.00828
48	0.06551	0.27097	0.12614	0.01850	0.06641	0.04571	0.15779	0.02006	0.01481	0.02005	0.01539	0.11886	0.01463	0.00840	0.00643	0.00206	0.00841	0.00738	0.00373	0.00879
49	0.02871	0.01330	0.01674	0.01314	0.01835	0.01272	0.01075	0.11820	0.11812	0.53231	0.02627	0.02318	0.01715	0.00872	0.00702	0.00218	0.00610	0.00705	0.00821	0.01176
50	0.01227	0.01057	0.01036	0.01053	0.01189	0.10890	0.00755	0.01376	0.03638	0.01874	0.13726	0.26254	0.11809	0.01808	0.01198	0.16117	0.00560	0.03288	0.00559	0.00585
51	0.03685	0.00900	0.01023	0.00968	0.01192	0.00903	0.00725	0.01781	0.15460	0.04507	0.28490	0.07570	0.18142	0.08552	0.01054	0.00276	0.00439	0.02922	0.00682	0.00726
52	0.01058	0.00757	0.00951	0.11147	0.01336	0.00801	0.00638	0.01124	0.01069	0.01414	0.02062	0.04182	0.02309	0.64842	0.03146	0.00613	0.00713	0.00959	0.00407	0.00473
53	0.01100	0.00994	0.00976	0.01089	0.01175	0.10821	0.00747	0.01230	0.01427	0.01771	0.03453	0.64531	0.04087	0.01978	0.00854	0.00269	0.00526	0.01766	0.00607	0.00601
54	0.24451	0.01383	0.01458	0.01178	0.01649	0.01440	0.00965	0.21310	0.02077	0.23240	0.02558	0.02443	0.11127	0.00924	0.00642	0.00217	0.00594	0.00699	0.00664	0.00980
55	0.30293	0.01175	0.01238	0.01031	0.01462	0.01181	0.00839	0.05416	0.01687	0.29076	0.05073	0.02625	0.11357	0.00932	0.00619	0.00217	0.00529	0.00710	0.03631	0.00909
56	0.01555	0.01721	0.03692	0.02682	0.03306	0.01638	0.58959	0.02095	0.01572	0.02148	0.01477	0.02005	0.01156	0.01249	0.11046	0.00361	0.01275	0.00813	0.00356	0.00896
57	0.00850	0.00607	0.00810	0.00972	0.01012	0.00567	0.00648	0.00972	0.01336	0.01781	0.03846	0.75020	0.04615	0.02186	0.00891	0.00283	0.00405	0.01984	0.00648	0.00567
58	0.22369	0.01607	0.01658	0.01351	0.01808	0.01807	0.01105	0.39061	0.05470	0.03610	0.01575	0.01730	0.01198	0.01419	0.10870	0.00342	0.00856	0.00588	0.00584	0.00992
59	0.00972	0.00674	0.00838	0.00893	0.01009	0.00616	0.00619	0.01136	0.01494	0.04579	0.16346	0.39582	0.17444	0.09100	0.01119	0.00299	0.00415	0.01611	0.00656	0.00597
60	0.51607	0.11935	0.01548	0.01041	0.01522	0.01644	0.00888	0.04201	0.01441	0.16641	0.01347	0.01395	0.00982	0.00689	0.00496	0.00206	0.00586	0.00449	0.00507	0.00874
61	0.00847	0.00621	0.00795	0.00934	0.01002	0.00570	0.00631	0.00976	0.01372	0.01796	0.04304	0.65307	0.14033	0.02127	0.00881	0.00277	0.00398	0.01911	0.00648	0.00570
62	0.03888	0.00939	0.01121	0.01088	0.01295	0.00937	0.00802	0.13045	0.01743	0.09130	0.03392	0.41830	0.07964	0.05899	0.00974	0.00282	0.00511	0.03767	0.00658	0.00737
63	0.01158	0.00887	0.01006	0.00912	0.01161	0.00844	0.00701	0.10784	0.02004	0.02653	0.34919	0.05324	0.32062	0.01482	0.00806	0.00225	0.00402	0.01258	0.00709	0.00705
64	0.00871	0.00627	0.00854	0.00993	0.01045	0.00610	0.00680	0.01011	0.01306	0.01758	0.03565	0.64742	0.04207	0.02620	0.11104	0.00403	0.00613	0.01808	0.00609	0.00575
65	0.00900	0.00656	0.00853	0.00983	0.01055	0.00623	0.00677	0.01110	0.03829	0.01909	0.08764	0.63088	0.06710	0.02066	0.00880	0.00277	0.00411	0.03958	0.00659	0.00596
66	0.01766	0.02059	0.10371	0.02659	0.03376	0.01808	0.52650	0.11698	0.01863	0.02540	0.01434	0.01813	0.01060	0.00631	0.00790	0.00230	0.01104	0.00766	0.00396	0.00985
67	0.00985	0.00740	0.00929	0.01045	0.01140	0.00740	0.00728	0.01376	0.11089	0.01953	0.03698	0.62611	0.04243	0.02002	0.00867	0.00278	0.00433	0.03840	0.00656	0.00646
68	0.02607	0.03326	0.01978	0.01798	0.02157	0.72674	0.01348	0.02787	0.01978	0.01708	0.01079	0.01258	0.00899	0.00719	0.00629	0.00180	0.01258	0.00449	0.00360	0.00809
69	0.01206	0.00617	0.00841	0.00853	0.00894	0.00614	0.00581	0.01083	0.01072	0.01583	0.01659	0.07645	0.01601	0.02025	0.02061	0.54989	0.00525	0.00719	0.19028	0.00405
70	0.01180	0.01236	0.07317	0.01325	0.01579	0.05832	0.05748	0.01466	0.01281	0.01747	0.02011	0.12811	0.01996	0.07448	0.40538	0.00745	0.01395	0.00893	0.00407	0.03045
71	0.02460	0.01788	0.01944	0.01484	0.02039	0.01905	0.01221	0.55005	0.02922	0.06443	0.01669	0.01694	0.01201	0.00792	0.00666	0.00193	0.00713	0.00601	0.02916	0.12342

[dist]
# distance from previous block
# <min> <max>
0	8

[block]
# block no. 2 follows, 30 sequences, length 120
# corresponding to MSA columns:
# 293-307,310-378,381-416
name=unknown_C
#
# <colnr> <probs for GDERKNQSTAVLIFYWHMCP>
#	G	D	E	R	K	N	Q	S	T	A	V	L	I	F	Y	W	H	M	C	P
0	0.49840	0.01133	0.01008	0.00952	0.01278	0.01251	0.00742	0.03993	0.01361	0.04736	0.04215	0.19640	0.05292	0.01114	0.00592	0.00233	0.00501	0.00868	0.00527	0.00725
1	0.00850	0.00607	0.00810	0.00972	0.01012	0.00567	0.00648	0.00972	0.01336	0.01781	0.03846	0.75020	0.04615	0.02186	0.00891	0.00283	0.00405	0.01984	0.00648	0.00567
2	0.00988	0.00713	0.00933	0.00878	0.01043	0.00658	0.00658	0.01317	0.01975	0.02798	0.70754	0.05213	0.06584	0.01427	0.00823	0.00219	0.00329	0.01262	0.00768	0.00658
3	0.00876	0.00709	0.00779	0.00761	0.00974	0.00611	0.00571	0.01101	0.01713	0.02175	0.27263	0.06239	0.50465	0.01659	0.00824	0.00231	0.00346	0.01406	0.00686	0.00611
4	0.01471	0.01129	0.01227	0.01106	0.01435	0.01180	0.00858	0.05075	0.30787	0.07532	0.12727	0.04265	0.25815	0.01274	0.00762	0.00232	0.00469	0.01066	0.00707	0.00884
5	0.00997	0.00748	0.01121	0.01121	0.01246	0.00872	0.00872	0.01246	0.01121	0.01620	0.01869	0.02741	0.01745	0.05234	0.72710	0.01121	0.01869	0.00748	0.00374	0.00623
6	0.01447	0.01240	0.01447	0.01034	0.01654	0.00930	0.00827	0.01757	0.01447	0.02274	0.01240	0.01447	0.01034	0.00517	0.00517	0.00103	0.00517	0.00413	0.00413	0.79742
7	0.00854	0.00611	0.00814	0.00969	0.01013	0.00570	0.00648	0.00982	0.01356	0.01813	0.05930	0.72846	0.04677	0.02163	0.00889	0.00281	0.00403	0.01961	0.00652	0.00570
8	0.01453	0.00866	0.01206	0.01278	0.01501	0.00840	0.01108	0.01766	0.01670	0.13467	0.03541	0.06972	0.03641	0.01754	0.00921	0.00304	0.00635	0.55668	0.00679	0.00732
9	0.01727	0.01658	0.02832	0.04283	0.71123	0.01658	0.02142	0.02142	0.01589	0.02280	0.01313	0.01727	0.01105	0.00622	0.00691	0.00207	0.00829	0.00622	0.00345	0.01105
10	0.01318	0.01240	0.02093	0.73798	0.04806	0.01550	0.01938	0.01783	0.01395	0.01783	0.01240	0.01860	0.00930	0.00698	0.00698	0.00233	0.00930	0.00620	0.00310	0.00775
11	0.00930	0.00703	0.00810	0.00788	0.00946	0.00635	0.00561	0.01133	0.01631	0.02150	0.32121	0.05663	0.30652	0.16640	0.01379	0.00319	0.00409	0.01293	0.00651	0.00584
12	0.01780	0.01521	0.01603	0.01429	0.01832	0.01757	0.01115	0.06870	0.66627	0.02991	0.02784	0.02558	0.02084	0.00941	0.00709	0.00235	0.00563	0.00781	0.00709	0.01109
13	0.01553	0.01458	0.01484	0.01380	0.01563	0.17073	0.01080	0.01774	0.01355	0.05646	0.01609	0.02218	0.01438	0.03411	0.42578	0.00745	0.11873	0.00659	0.00389	0.00717
14	0.01159	0.00641	0.00961	0.00961	0.00992	0.00672	0.00672	0.00992	0.00961	0.01312	0.01374	0.02274	0.01343	0.03115	0.19931	0.60381	0.00917	0.00641	0.00320	0.00382
15	0.01447	0.01240	0.01447	0.01034	0.01654	0.00930	0.00827	0.01757	0.01447	0.02274	0.01240	0.01447	0.01034	0.00517	0.00517	0.00103	0.00517	0.00413	0.00413	0.79742
16	0.01647	0.01882	0.04118	0.02941	0.03647	0.01765	0.68588	0.02235	0.01647	0.02235	0.01412	0.01882	0.01059	0.00588	0.00824	0.00235	0.01176	0.00824	0.00353	0.00941
17	0.00871	0.00631	0.00801	0.00918	0.00983	0.00585	0.00615	0.00999	0.01370	0.01810	0.07858	0.57091	0.11624	0.08992	0.01130	0.00312	0.00421	0.01797	0.00634	0.00561
18	0.00942	0.00708	0.00841	0.00846	0.01002	0.00646	0.00622	0.01156	0.01625	0.02140	0.28351	0.09958	0.27390	0.13021	0.01261	0.00309	0.00425	0.07513	0.00655	0.00592
19	0.00850	0.00607	0.00810	0.00972	0.01012	0.00567	0.00648	0.00972	0.01336	0.01781	0.03846	0.75020	0.04615	0.02186	0.00891	0.00283	0.00405	0.01984	0.00648	0.00567
20	0.80405	0.01350	0.01026	0.00918	0.01350	0.01565	0.00756	0.02051	0.01188	0.03131	0.00972	0.01134	0.00756	0.00648	0.00432	0.00216	0.00540	0.00378	0.00432	0.00756
21	0.01592	0.00872	0.01185	0.01200	0.01435	0.00833	0.01008	0.01872	0.01642	0.18561	0.03309	0.08358	0.03292	0.06811	0.01061	0.00313	0.00612	0.41190	0.04101	0.00754
22	0.01942	0.01427	0.01559	0.01371	0.01782	0.01594	0.01075	0.03602	0.57337	0.13671	0.02811	0.02568	0.02058	0.00930	0.00703	0.00231	0.00552	0.00771	0.02910	0.01105
23	0.01015	0.00677	0.00761	0.00761	0.00761	0.00677	0.00423	0.01015	0.01015	0.01353	0.02199	0.04567	0.02537	0.75476	0.03552	0.00677	0.00677	0.01015	0.00423	0.00423
24	0.02607	0.03326	0.01978	0.01798	0.02157	0.72674	0.01348	0.02787	0.01978	0.01708	0.01079	0.01258	0.00899	0.00719	0.00629	0.00180	0.01258	0.00449	0.00360	0.00809
25	0.01212	0.00606	0.00909	0.00909	0.00909	0.00606	0.00606	0.00909	0.00909	0.01212	0.01212	0.02121	0.01212	0.02424	0.02727	0.79697	0.00606	0.00606	0.00303	0.00303
26	0.80405	0.01350	0.01026	0.00918	0.01350	0.01565	0.00756	0.02051	0.01188	0.03131	0.00972	0.01134	0.00756	0.00648	0.00432	0.00216	0.00540	0.00378	0.00432	0.00756
27	0.03066	0.01173	0.01599	0.01231	0.01759	0.01014	0.01014	0.03337	0.01997	0.69513	0.04822	0.02461	0.01875	0.00881	0.00705	0.00216	0.00586	0.00719	0.00861	0.01171
28	0.00850	0.00607	0.00810	0.00972	0.01012	0.00567	0.00648	0.00972	0.01336	0.01781	0.03846	0.75020	0.04615	0.02186	0.00891	0.00283	0.00405	0.01984	0.00648	0.00567
29	0.00850	0.00607	0.00810	0.00972	0.01012	0.00567	0.00648	0.00972	0.01336	0.01781	0.03846	0.75020	0.04615	0.02186	0.00891	0.00283	0.00405	0.01984	0.00648	0.00567
30	0.80405	0.01350	0.01026	0.00918	0.01350	0.01565	0.00756	0.02051	0.01188	0.03131	0.00972	0.01134	0.00756	0.00648	0.00432	0.00216	0.00540	0.00378	0.00432	0.00756
31	0.01137	0.00653	0.00972	0.00972	0.01011	0.00693	0.00685	0.01020	0.00980	0.01346	0.01453	0.02399	0.01425	0.05726	0.24975	0.52141	0.01009	0.00665	0.00329	0.00409
32	0.02370	0.01638	0.01757	0.01381	0.01851	0.01787	0.01130	0.51548	0.02832	0.06416	0.01847	0.01906	0.01340	0.00833	0.00652	0.00199	0.00663	0.00636	0.18148	0.01068
33	0.03131	0.01188	0.01619	0.01242	0.01781	0.01026	0.01026	0.03401	0.01997	0.71606	0.02753	0.02375	0.01727	0.00864	0.00702	0.00216	0.00594	0.00702	0.00864	0.01188
34	0.01074	0.00847	0.00986	0.00934	0.01153	0.00829	0.00705	0.01649	0.13919	0.02551	0.40118	0.07651	0.22018	0.01455	0.00806	0.00229	0.00378	0.01257	0.00723	0.00717
35	0.01648	0.01785	0.03160	0.07341	0.05766	0.06540	0.38089	0.02080	0.01507	0.02060	0.01300	0.01785	0.01043	0.00763	0.01121	0.00243	0.18041	0.00719	0.04136	0.00872
36	0.74858	0.03971	0.01156	0.00952	0.01394	0.01629	0.00792	0.04463	0.01271	0.03125	0.00997	0.01153	0.00776	0.00653	0.00442	0.00213	0.00555	0.00387	0.00437	0.00776
37	0.06114	0.06830	0.02252	0.01630	0.02149	0.02034	0.07445	0.46569	0.04516	0.03673	0.03456	0.01789	0.01320	0.00995	0.03611	0.00248	0.03051	0.00643	0.00604	0.01071
38	0.01077	0.00682	0.00795	0.00801	0.00960	0.00644	0.00600	0.01363	0.01650	0.02469	0.26816	0.11928	0.12486	0.01343	0.00711	0.00212	0.00354	0.04268	0.30205	0.00636
39	0.02051	0.45251	0.08087	0.01450	0.01991	0.25154	0.01344	0.02307	0.01607	0.01716	0.01096	0.01363	0.00976	0.00675	0.00535	0.00169	0.00930	0.02100	0.00327	0.00871
40	0.01301	0.00722	0.00992	0.00959	0.01060	0.00689	0.00669	0.03179	0.01176	0.05517	0.02006	0.14878	0.04603	0.02108	0.02027	0.51170	0.00560	0.00874	0.00427	0.05084
41	0.02606	0.03929	0.07969	0.01519	0.02116	0.01812	0.01340	0.42882	0.02698	0.20855	0.01876	0.01811	0.01283	0.00813	0.00684	0.00207	0.00739	0.00623	0.00685	0.03553
42	0.01648	0.00888	0.01137	0.00987	0.01285	0.00804	0.00771	0.02005	0.04645	0.23620	0.38862	0.04445	0.13488	0.01282	0.00782	0.00221	0.00422	0.01101	0.00779	0.00828
43	0.01301	0.00650	0.00650	0.00650	0.00813	0.00650	0.00488	0.01626	0.01463	0.02602	0.02276	0.02602	0.01789	0.00813	0.00488	0.00163	0.00325	0.00650	0.79350	0.00650
44	0.00883	0.00640	0.00838	0.00988	0.01042	0.00610	0.00665	0.01072	0.03853	0.01823	0.03809	0.72361	0.04524	0.02141	0.00884	0.00282	0.00410	0.01940	0.00650	0.00587
45	0.01447	0.01240	0.01447	0.01034	0.01654	0.00930	0.00827	0.01757	0.01447	0.02274	0.01240	0.01447	0.01034	0.00517	0.00517	0.00103	0.00517	0.00413	0.00413	0.79742
46	0.00850	0.00607	0.00810	0.00972	0.01012	0.00567	0.00648	0.00972	0.01336	0.01781	0.03846	0.75020	0.04615	0.02186	0.00891	0.00283	0.00405	0.01984	0.00648	0.00567
47	0.00997	0.00748	0.01121	0.01121	0.01246	0.00872	0.00872	0.01246	0.01121	0.01620	0.01869	0.02741	0.01745	0.05234	0.72710	0.01121	0.01869	0.00748	0.00374	0.00623
48	0.01349	0.00914	0.01094	0.01046	0.01269	0.00909	0.00775	0.03888	0.14366	0.09778	0.19082	0.25665	0.11202	0.04246	0.00906	0.00260	0.00451	0.01328	0.00703	0.00770
49	0.11229	0.01488	0.01731	0.01341	0.01876	0.01503	0.01108	0.27351	0.02384	0.39511	0.02165	0.01984	0.01424	0.00831	0.00671	0.00214	0.00652	0.00640	0.00756	0.01141
50	0.63974	0.01360	0.01179	0.01008	0.01464	0.01517	0.00831	0.06163	0.01435	0.13735	0.01287	0.01356	0.00930	0.00692	0.00489	0.00216	0.00561	0.00442	0.00514	0.00847
51	0.00909	0.00698	0.00834	0.00847	0.01018	0.00623	0.00629	0.01144	0.01704	0.02243	0.31867	0.17385	0.31036	0.01707	0.00842	0.00241	0.00366	0.04594	0.00696	0.00616
52	0.06191	0.00869	0.00930	0.00830	0.01090	0.00871	0.00645	0.06750	0.01647	0.13425	0.02230	0.02482	0.01702	0.03319	0.00636	0.00195	0.00423	0.00653	0.54343	0.00771
53	0.01212	0.00606	0.00909	0.00909	0.00909	0.00606	0.00606	0.00909	0.00909	0.01212	0.01212	0.02121	0.01212	0.02424	0.02727	0.79697	0.00606	0.00606	0.00303	0.00303
54	0.01736	0.01499	0.01578	0.01420	0.01815	0.01736	0.01105	0.03708	0.69862	0.02919	0.02840	0.02604	0.02130	0.00947	0.00710	0.00237	0.00552	0.00789	0.00710	0.01105
55	0.00862	0.00698	0.00766	0.00772	0.00971	0.00601	0.00570	0.01065	0.01645	0.02068	0.20239	0.13785	0.50037	0.01740	0.00832	0.00237	0.00354	0.01483	0.00673	0.00601
56	0.00942	0.00729	0.00904	0.00907	0.01042	0.00702	0.00662	0.01155	0.01619	0.02175	0.30205	0.23157	0.22257	0.04916	0.01043	0.00265	0.04589	0.01453	0.00665	0.00613
57	0.00997	0.00748	0.01121	0.01121	0.01246	0.00872	0.00872	0.01246	0.01121	0.01620	0.01869	0.02741	0.01745	0.05234	0.72710	0.01121	0.01869	0.00748	0.00374	0.00623
58	0.01866	0.75896	0.03657	0.01194	0.01791	0.02761	0.01194	0.02090	0.01418	0.01642	0.00970	0.01119	0.00896	0.00597	0.00448	0.00149	0.00746	0.00373	0.00299	0.00896
59	0.01736	0.01499	0.01578	0.01420	0.01815	0.01736	0.01105	0.03708	0.69862	0.02919	0.02840	0.02604	0.02130	0.00947	0.00710	0.00237	0.00552	0.00789	0.00710	0.01105
60	0.00825	0.00707	0.00707	0.00707	0.00943	0.00589	0.00530	0.01001	0.01591	0.01885	0.07069	0.06716	0.70839	0.01767	0.00825	0.00236	0.00353	0.01473	0.00648	0.00589
61	0.00997	0.00748	0.01121	0.01121	0.01246	0.00872	0.00872	0.01246	0.01121	0.01620	0.01869	0.02741	0.01745	0.05234	0.72710	0.01121	0.01869	0.00748	0.00374	0.00623
62	0.03131	0.01188	0.01619	0.01242	0.01781	0.01026	0.01026	0.03401	0.01997	0.71606	0.02753	0.02375	0.01727	0.00864	0.00702	0.00216	0.00594	0.00702	0.00864	0.01188
63	0.01504	0.01493	0.02093	0.01801	0.01807	0.02082	0.01498	0.01661	0.01071	0.01677	0.00957	0.01580	0.00952	0.01396	0.05351	0.00341	0.71055	0.00617	0.00308	0.00757
64	0.01647	0.01882	0.04118	0.02941	0.03647	0.01765	0.68588	0.02235	0.01647	0.02235	0.01412	0.01882	0.01059	0.00588	0.00824	0.00235	0.01176	0.00824	0.00353	0.00941
65	0.01866	0.75896	0.03657	0.01194	0.01791	0.02761	0.01194	0.02090	0.01418	0.01642	0.00970	0.01119	0.00896	0.00597	0.00448	0.00149	0.00746	0.00373	0.00299	0.00896
66	0.01615	0.01529	0.02585	0.12951	0.56973	0.01564	0.01996	0.02029	0.01595	0.02257	0.06872	0.02024	0.01522	0.00696	0.00702	0.00211	0.00802	0.00673	0.00375	0.01027
67	0.01484	0.01189	0.05013	0.04609	0.13733	0.01059	0.04384	0.04250	0.01810	0.10732	0.29816	0.09015	0.05591	0.03163	0.00847	0.00236	0.00579	0.01032	0.00620	0.00840
68	0.01839	0.71803	0.07518	0.01239	0.01861	0.02697	0.01272	0.02096	0.01421	0.01674	0.00986	0.01139	0.00895	0.00601	0.00460	0.00153	0.00762	0.00381	0.00298	0.00903
69	0.01866	0.75896	0.03657	0.01194	0.01791	0.02761	0.01194	0.02090	0.01418	0.01642	0.00970	0.01119	0.00896	0.00597	0.00448	0.00149	0.00746	0.00373	0.00299	0.00896
70	0.01456	0.00819	0.01050	0.01017	0.01243	0.00748	0.00765	0.01728	0.04111	0.18607	0.13309	0.31205	0.14141	0.01643	0.00824	0.00252	0.00450	0.05161	0.00718	0.00754
71	0.01176	0.01049	0.01688	0.19390	0.02413	0.01080	0.11447	0.04349	0.01564	0.02031	0.05756	0.24520	0.15944	0.01394	0.00811	0.00250	0.00665	0.03234	0.00525	0.00713
72	0.00888	0.00689	0.00844	0.00904	0.01024	0.00645	0.00644	0.01061	0.01508	0.01971	0.15306	0.39633	0.25881	0.01899	0.00909	0.00259	0.03029	0.01658	0.00655	0.00595
73	0.77942	0.01412	0.01056	0.00946	0.01375	0.03816	0.00774	0.02075	0.01213	0.03086	0.00975	0.01138	0.00760	0.00650	0.00438	0.00215	0.00563	0.00380	0.00430	0.00757
74	0.00904	0.00715	0.00820	0.00829	0.01028	0.00631	0.00636	0.01137	0.01690	0.02159	0.24421	0.09152	0.42876	0.01706	0.00842	0.00242	0.00380	0.08536	0.00681	0.00613
75	0.01727	0.01658	0.02832	0.04283	0.71123	0.01658	0.02142	0.02142	0.01589	0.02280	0.01313	0.01727	0.01105	0.00622	0.00691	0.00207	0.00829	0.00622	0.00345	0.01105
76	0.02653	0.01955	0.02094	0.01606	0.02164	0.02164	0.01326	0.68796	0.03281	0.04398	0.01675	0.01675	0.01187	0.00838	0.00698	0.00209	0.00768	0.00628	0.00698	0.01187
77	0.01736	0.01499	0.01578	0.01420	0.01815	0.01736	0.01105	0.03708	0.69862	0.02919	0.02840	0.02604	0.02130	0.00947	0.00710	0.00237	0.00552	0.00789	0.00710	0.01105
78	0.03131	0.01188	0.01619	0.01242	0.01781	0.01026	0.01026	0.03401	0.01997	0.71606	0.02753	0.02375	0.01727	0.00864	0.00702	0.00216	0.00594	0.00702	0.00864	0.01188
79	0.00842	0.00640	0.00776	0.00884	0.00989	0.00574	0.00609	0.00981	0.01420	0.01816	0.04908	0.52520	0.26430	0.02048	0.00869	0.00268	0.00388	0.01815	0.00648	0.00574
80	0.01605	0.01498	0.02342	0.24742	0.36313	0.01642	0.01860	0.02365	0.16022	0.02265	0.01615	0.01954	0.01270	0.00714	0.00697	0.00221	0.00801	0.00657	0.00412	0.01005
81	0.01015	0.00677	0.00761	0.00761	0.00761	0.00677	0.00423	0.01015	0.01015	0.01353	0.02199	0.04567	0.02537	0.75476	0.03552	0.00677	0.00677	0.01015	0.00423	0.00423
82	0.74456	0.04401	0.01165	0.00961	0.01396	0.04181	0.00795	0.02079	0.01225	0.03020	0.00975	0.01138	0.00766	0.00648	0.00440	0.00212	0.00574	0.00380	0.00424	0.00763
83	0.04554	0.27252	0.21446	0.10699	0.04704	0.04260	0.04376	0.07017	0.05592	0.02185	0.01272	0.01488	0.00998	0.00671	0.00598	0.00197	0.00864	0.00513	0.00362	0.00951
84	0.02015	0.19064	0.02573	0.06387	0.16517	0.24440	0.01539	0.04638	0.01642	0.01908	0.01108	0.01416	0.00956	0.00751	0.00863	0.00202	0.12232	0.00509	0.00344	0.00895
85	0.01796	0.01485	0.01580	0.01412	0.01813	0.01705	0.01101	0.03695	0.66912	0.05905	0.02836	0.02594	0.02113	0.00943	0.00710	0.00236	0.00554	0.00785	0.00717	0.01108
86	0.01700	0.01660	0.02766	0.12214	0.59538	0.03484	0.04201	0.02120	0.01578	0.02206	0.01301	0.01735	0.01078	0.00632	0.00694	0.00210	0.00863	0.00624	0.00342	0.01054
87	0.01347	0.00885	0.01169	0.01223	0.05974	0.00816	0.00833	0.01618	0.03812	0.11972	0.08489	0.29526	0.11203	0.03799	0.06166	0.00312	0.00580	0.01283	0.00620	0.08373
88	0.01579	0.00756	0.01100	0.01019	0.01157	0.00745	0.00745	0.01501	0.01180	0.16231	0.01662	0.02291	0.01421	0.02618	0.15369	0.48149	0.00839	0.00653	0.00435	0.00551
89	0.00850	0.00607	0.00810	0.00972	0.01012	0.00567	0.00648	0.00972	0.01336	0.01781	0.03846	0.75020	0.04615	0.02186	0.00891	0.00283	0.00405	0.01984	0.00648	0.00567
90	0.06842	0.01767	0.01871	0.01503	0.02006	0.01975	0.01221	0.44352	0.22392	0.05745	0.02002	0.01932	0.01450	0.00859	0.00686	0.00218	0.00688	0.00662	0.00691	0.01138
91	0.39415	0.01239	0.01252	0.01056	0.01487	0.01298	0.00857	0.06630	0.01616	0.25759	0.01889	0.06862	0.01440	0.00850	0.00574	0.00217	0.00549	0.00631	0.05472	0.00906
92	0.01237	0.00813	0.00924	0.00870	0.00956	0.00826	0.00549	0.04564	0.05254	0.05087	0.06154	0.04243	0.02640	0.59674	0.02954	0.00580	0.00650	0.00982	0.00494	0.00550
93	0.23066	0.01297	0.01351	0.01188	0.01559	0.01409	0.00934	0.15089	0.14044	0.11013	0.04374	0.17453	0.02194	0.01113	0.00674	0.00233	0.00557	0.00905	0.00639	0.00908
94	0.13752	0.01289	0.01447	0.01207	0.01642	0.01333	0.00970	0.09103	0.19306	0.26949	0.09195	0.02713	0.06170	0.00958	0.00683	0.00222	0.00552	0.00769	0.00723	0.01017
95	0.10232	0.01140	0.01290	0.01120	0.01480	0.01160	0.00877	0.06549	0.16347	0.20752	0.12199	0.08163	0.11062	0.03495	0.00809	0.00242	0.00515	0.00948	0.00707	0.00913
96	0.01449	0.01048	0.01330	0.01353	0.01598	0.01092	0.01167	0.15742	0.01962	0.02579	0.03266	0.06556	0.03415	0.01696	0.00907	0.00298	0.00669	0.52459	0.00654	0.00758
97	0.05675	0.00921	0.00977	0.00947	0.01171	0.03184	0.00712	0.01499	0.06195	0.06179	0.12689	0.19121	0.32388	0.01586	0.00845	0.00242	0.03005	0.01333	0.00645	0.00686
98	0.22046	0.01433	0.01504	0.01238	0.01682	0.01547	0.01010	0.24884	0.07604	0.14545	0.07988	0.02272	0.01835	0.00887	0.00641	0.00216	0.00601	0.02641	0.04444	0.00982
99	0.37588	0.01652	0.01505	0.01237	0.01704	0.05567	0.01011	0.28912	0.02116	0.05994	0.01400	0.01488	0.01032	0.00745	0.00562	0.00208	0.00660	0.00510	0.05167	0.00941
100	0.00869	0.00615	0.00804	0.00947	0.00983	0.00579	0.00622	0.00977	0.01299	0.01732	0.03656	0.66875	0.04375	0.10660	0.01198	0.00329	0.00436	0.01872	0.00622	0.00550
101	0.05289	0.00999	0.01122	0.01030	0.01315	0.01001	0.00789	0.07006	0.12786	0.10505	0.13618	0.16150	0.20021	0.01393	0.00762	0.00234	0.00458	0.01182	0.03535	0.00804
102	0.02036	0.01080	0.01333	0.01172	0.01520	0.01063	0.00909	0.02717	0.19260	0.30460	0.06926	0.18710	0.02756	0.01208	0.00740	0.00233	0.00510	0.01038	0.05362	0.00967
103	0.02514	0.01373	0.01626	0.01301	0.01772	0.01392	0.01056	0.20712	0.13027	0.33379	0.06729	0.02419	0.01957	0.00902	0.00694	0.00214	0.00598	0.00727	0.06505	0.01102
104	0.80405	0.01350	0.01026	0.00918	0.01350	0.01565	0.00756	0.02051	0.01188	0.03131	0.00972	0.01134	0.00756	0.00648	0.00432	0.00216	0.00540	0.00378	0.00432	0.00756
105	0.01109	0.00758	0.00926	0.00901	0.01102	0.00690	0.00678	0.01325	0.01567	0.06145	0.17917	0.13371	0.23032	0.05959	0.06114	0.02287	0.00530	0.05985	0.04455	0.05150
106	0.01844	0.01229	0.01607	0.01369	0.01708	0.07497	0.09216	0.02131	0.01759	0.22358	0.13050	0.12849	0.05517	0.03255	0.00861	0.00249	0.00654	0.09184	0.02823	0.00838
107	0.02224	0.01295	0.01415	0.01173	0.01566	0.04091	0.00938	0.16446	0.10478	0.23503	0.04277	0.02363	0.01789	0.00864	0.00638	0.00200	0.00563	0.00688	0.24506	0.00985
108	0.18668	0.33960	0.10970	0.01306	0.01900	0.04283	0.01276	0.09837	0.03502	0.06771	0.01251	0.01352	0.00984	0.00673	0.00528	0.00186	0.00740	0.00455	0.00420	0.00937
109	0.01433	0.01532	0.03202	0.02400	0.02924	0.01437	0.49572	0.01898	0.01569	0.02119	0.02088	0.20029	0.02034	0.01027	0.00845	0.00250	0.00969	0.03396	0.00435	0.00839
110	0.06363	0.05235	0.01715	0.01416	0.01836	0.05226	0.01121	0.09568	0.53134	0.02949	0.02449	0.02296	0.01844	0.00892	0.00676	0.00226	0.00615	0.00714	0.00656	0.01068
111	0.05063	0.00773	0.01024	0.00977	0.01074	0.00786	0.00689	0.01219	0.01139	0.04985	0.05319	0.12087	0.02059	0.09867	0.02114	0.39683	0.04869	0.00849	0.00426	0.04999
112	0.01517	0.01124	0.01338	0.01013	0.01530	0.00878	0.00798	0.01779	0.01468	0.08128	0.01773	0.06002	0.03860	0.00792	0.00670	0.03956	0.00507	0.00586	0.03900	0.58383
113	0.00997	0.00748	0.01121	0.01121	0.01246	0.00872	0.00872	0.01246	0.01121	0.01620	0.01869	0.02741	0.01745	0.05234	0.72710	0.01121	0.01869	0.00748	0.00374	0.00623
114	0.01126	0.00855	0.01197	0.01151	0.01281	0.00999	0.00887	0.05197	0.01233	0.01757	0.01839	0.02808	0.01751	0.12388	0.56952	0.00973	0.05807	0.00762	0.00394	0.00642
115	0.09461	0.01171	0.01334	0.01141	0.01536	0.01178	0.00906	0.04388	0.19084	0.26780	0.05396	0.03383	0.14062	0.04310	0.00834	0.00247	0.00537	0.02579	0.00714	0.00957
116	0.06535	0.01516	0.01768	0.01381	0.01909	0.01550	0.01134	0.28236	0.08687	0.36437	0.02266	0.02070	0.01512	0.00851	0.00688	0.00215	0.00654	0.00666	0.00766	0.01159
117	0.00939	0.00686	0.00882	0.00886	0.01026	0.00629	0.00644	0.01202	0.01781	0.02463	0.48344	0.22843	0.11781	0.01647	0.00840	0.00237	0.00350	0.01462	0.00727	0.00629
118	0.43869	0.01382	0.01331	0.01123	0.01571	0.01511	0.00913	0.12950	0.05979	0.16288	0.01704	0.05769	0.01316	0.00826	0.00569	0.00220	0.00579	0.00597	0.00586	0.00917
119	0.01275	0.00783	0.00974	0.00945	0.01155	0.00711	0.00700	0.01554	0.04181	0.13216	0.21512	0.26866	0.20157	0.01637	0.00821	0.00243	0.00409	0.01431	0.00715	0.00714

[dist]
# distance from previous block
# <min> <max>
0	8

[block]
# block no. 3 follows, 30 sequences, length 44
# corresponding to MSA columns:
# 425-468
name=unknown_D
#
# <colnr> <probs for GDERKNQSTAVLIFYWHMCP>
#	G	D	E	R	K	N	Q	S	T	A	V	L	I	F	Y	W	H	M	C	P
0	0.00837	0.00690	0.00736	0.00762	0.00960	0.00589	0.00557	0.01012	0.01565	0.01913	0.09723	0.18590	0.56007	0.01823	0.00836	0.00243	0.00361	0.01552	0.00654	0.00589
1	0.01195	0.00920	0.01288	0.01316	0.04843	0.01040	0.00961	0.07753	0.01375	0.01931	0.02085	0.07372	0.03888	0.06370	0.51126	0.00869	0.03709	0.00835	0.00429	0.00695
2	0.01973	0.01617	0.01712	0.01468	0.01905	0.01847	0.01162	0.20560	0.52623	0.03302	0.02539	0.02363	0.01886	0.00919	0.00707	0.00230	0.00608	0.00747	0.00707	0.01126
3	0.00850	0.00607	0.00810	0.00972	0.01012	0.00567	0.00648	0.00972	0.01336	0.01781	0.03846	0.75020	0.04615	0.02186	0.00891	0.00283	0.00405	0.01984	0.00648	0.00567
4	0.02258	0.26298	0.02666	0.01867	0.08240	0.41512	0.03748	0.02487	0.01753	0.01756	0.01077	0.01278	0.00922	0.00667	0.00584	0.00174	0.01054	0.00454	0.00339	0.00868
5	0.00982	0.00838	0.00871	0.00820	0.01100	0.00750	0.00624	0.01383	0.09519	0.02071	0.08739	0.05794	0.55173	0.01567	0.00789	0.00225	0.00387	0.01308	0.00643	0.06417
6	0.01986	0.41976	0.06948	0.01490	0.01965	0.21037	0.01362	0.02222	0.01519	0.01697	0.01007	0.01235	0.00899	0.00722	0.00771	0.00184	0.11368	0.00435	0.00315	0.00862
7	0.02402	0.18863	0.02463	0.01704	0.02154	0.46363	0.04710	0.09674	0.01979	0.02008	0.01136	0.01304	0.00937	0.00699	0.00607	0.00179	0.01091	0.00471	0.00382	0.00875
8	0.01867	0.01227	0.01521	0.04521	0.01835	0.00984	0.00930	0.02174	0.01584	0.19779	0.01623	0.01701	0.01204	0.00613	0.00572	0.00138	0.00556	0.00496	0.00522	0.56154
9	0.01964	0.04357	0.04325	0.01869	0.11320	0.08231	0.05187	0.13336	0.19936	0.08912	0.04719	0.02544	0.08379	0.00910	0.00708	0.00217	0.00726	0.00761	0.00587	0.01014
10	0.01896	0.66100	0.07477	0.01287	0.01891	0.08099	0.01286	0.02150	0.01464	0.01680	0.00995	0.01151	0.00895	0.00610	0.00474	0.00156	0.00802	0.00387	0.00303	0.00897
