[name]
unknown

[dist]
# distance from previous block
# <min> <max>
10	288

[block]
# block no. 0 follows, 29 sequences, length 8
# corresponding to MSA columns:
# 413-420
name=unknown_A
#
# <colnr> <probs for GDERKNQSTAVLIFYWHMCP>
#	G	D	E	R	K	N	Q	S	T	A	V	L	I	F	Y	W	H	M	C	P
0	0.01768	0.05312	0.16911	0.04016	0.02561	0.05859	0.13418	0.11071	0.05044	0.02544	0.01416	0.01637	0.01084	0.00659	0.00659	0.00187	0.00864	0.00574	0.00427	0.23990
1	0.01047	0.00719	0.00920	0.01007	0.01146	0.00653	0.00733	0.01222	0.01482	0.05547	0.04281	0.48038	0.15035	0.01990	0.00883	0.00276	0.00451	0.10275	0.00663	0.03631
2	0.01193	0.00762	0.01020	0.01043	0.01195	0.00754	0.00780	0.01391	0.01417	0.08924	0.05323	0.24473	0.10726	0.09408	0.21159	0.00555	0.00894	0.07737	0.00587	0.00659
3	0.02030	0.02173	0.23561	0.05094	0.05892	0.06842	0.01612	0.07036	0.05014	0.18782	0.01894	0.02105	0.01392	0.05259	0.00853	0.00243	0.00818	0.00642	0.07755	0.01006
4	0.01636	0.01850	0.09889	0.09222	0.17093	0.01689	0.22708	0.02528	0.17399	0.02401	0.01838	0.02306	0.01459	0.00776	0.00763	0.00237	0.00914	0.03830	0.00448	0.01013
5	0.00878	0.00628	0.00836	0.00984	0.01035	0.00586	0.00662	0.01019	0.01414	0.01899	0.09092	0.69112	0.04866	0.02170	0.00903	0.00284	0.00407	0.01967	0.00671	0.00586
6	0.01880	0.02457	0.16987	0.04697	0.12075	0.13904	0.20433	0.07955	0.03826	0.02349	0.01365	0.01685	0.01053	0.00719	0.00828	0.00226	0.05541	0.00645	0.00385	0.00989
7	0.01486	0.03316	0.58064	0.02360	0.10080	0.01671	0.08608	0.02250	0.01532	0.02265	0.01299	0.01568	0.00942	0.00665	0.00695	0.00225	0.01045	0.00566	0.00311	0.01052

[dist]
# distance from previous block
# <min> <max>
0	4

[block]
# block no. 1 follows, 29 sequences, length 12
# corresponding to MSA columns:
# 425-436
name=unknown_B
#
# <colnr> <probs for GDERKNQSTAVLIFYWHMCP>
#	G	D	E	R	K	N	Q	S	T	A	V	L	I	F	Y	W	H	M	C	P
0	0.02277	0.03319	0.01542	0.01244	0.01611	0.01085	0.01009	0.02531	0.01660	0.40317	0.02439	0.06277	0.01856	0.02338	0.22823	0.00511	0.04735	0.00785	0.00669	0.00969
1	0.01072	0.09770	0.01222	0.01036	0.01176	0.04082	0.00751	0.01215	0.01423	0.01805	0.03693	0.57212	0.09062	0.01935	0.00837	0.00264	0.00490	0.01716	0.00605	0.00632
2	0.07979	0.01290	0.05903	0.01208	0.01598	0.01152	0.01015	0.12158	0.03997	0.19704	0.21383	0.13815	0.03385	0.01213	0.00755	0.00232	0.00552	0.01026	0.00718	0.00918
3	0.01183	0.01083	0.01197	0.01246	0.01380	0.10277	0.04254	0.01364	0.01501	0.01869	0.03400	0.52969	0.03941	0.01915	0.00879	0.00277	0.00600	0.09419	0.00605	0.00640
4	0.01470	0.03391	0.60166	0.02191	0.03188	0.01678	0.13458	0.02259	0.01533	0.02259	0.01305	0.01573	0.00932	0.00664	0.00704	0.00228	0.01077	0.00578	0.00311	0.01037
5	0.03476	0.19744	0.09789	0.01476	0.01997	0.09638	0.04257	0.10957	0.03077	0.03679	0.08755	0.05643	0.01825	0.00869	0.00716	0.00197	0.04006	0.00671	0.00471	0.08757
6	0.01814	0.01730	0.02920	0.03786	0.51881	0.01746	0.10882	0.06626	0.06882	0.02511	0.01496	0.01848	0.01206	0.00669	0.00725	0.00218	0.00868	0.00676	0.00405	0.01111
7	0.01142	0.00848	0.01111	0.01065	0.01147	0.00963	0.00766	0.04185	0.01192	0.01667	0.01967	0.03452	0.02036	0.34723	0.34112	0.00843	0.06919	0.00864	0.00412	0.00585
8	0.01569	0.01548	0.02664	0.02083	0.04315	0.01589	0.28477	0.07105	0.04709	0.02389	0.07427	0.02764	0.10831	0.00966	0.01049	0.00239	0.12921	0.00877	0.00472	0.06006
9	0.01478	0.01206	0.01341	0.01072	0.01556	0.01083	0.00842	0.02196	0.17875	0.02494	0.02265	0.02338	0.06812	0.00773	0.00595	0.00157	0.00497	0.00631	0.11056	0.43732
10	0.02023	0.12845	0.02092	0.03637	0.07997	0.32346	0.01275	0.03879	0.01837	0.02097	0.12644	0.02105	0.01965	0.00860	0.00730	0.00195	0.04449	0.00631	0.05558	0.00835
11	0.00888	0.00639	0.00869	0.01012	0.01065	0.00620	0.00692	0.01029	0.01334	0.01796	0.03654	0.64880	0.04316	0.02648	0.10476	0.00404	0.00614	0.01855	0.00623	0.00586

[dist]
# distance from previous block
# <min> <max>
2	19

[block]
# block no. 2 follows, 29 sequences, length 68
# corresponding to MSA columns:
# 457-524
name=unknown_C
#
# <colnr> <probs for GDERKNQSTAVLIFYWHMCP>
#	G	D	E	R	K	N	Q	S	T	A	V	L	I	F	Y	W	H	M	C	P
0	0.05820	0.07634	0.01925	0.08799	0.06685	0.25675	0.01270	0.04866	0.06531	0.02136	0.01649	0.10758	0.01525	0.00896	0.00657	0.00199	0.00867	0.00703	0.00443	0.10963
1	0.24128	0.31449	0.05256	0.10192	0.02091	0.04920	0.01208	0.03636	0.01409	0.02189	0.01078	0.01355	0.00909	0.00795	0.00687	0.06323	0.00748	0.00448	0.00358	0.00820
2	0.11392	0.11128	0.52112	0.01760	0.02645	0.01730	0.02160	0.02169	0.01455	0.02292	0.01319	0.04412	0.01043	0.00731	0.00632	0.00219	0.00931	0.00554	0.00334	0.00982
3	0.10930	0.00807	0.00873	0.00832	0.01063	0.00761	0.00633	0.01312	0.01759	0.02531	0.36602	0.05397	0.31006	0.01492	0.00790	0.00230	0.00373	0.01258	0.00692	0.00657
4	0.01990	0.01509	0.01637	0.01434	0.01862	0.01698	0.01126	0.06430	0.58000	0.11645	0.02837	0.02588	0.02082	0.00951	0.00723	0.00238	0.00578	0.00787	0.00744	0.01141
5	0.01413	0.03969	0.01172	0.01007	0.01305	0.00944	0.00795	0.01886	0.11076	0.12650	0.11141	0.10124	0.31769	0.01509	0.00806	0.00243	0.00467	0.06238	0.00700	0.00789
6	0.59206	0.01554	0.05762	0.01103	0.01608	0.01579	0.00972	0.07400	0.01501	0.11811	0.01296	0.01382	0.00939	0.00705	0.00512	0.00220	0.00608	0.00456	0.00508	0.00879
7	0.12105	0.01195	0.01436	0.01201	0.01630	0.01175	0.00983	0.04054	0.08211	0.37157	0.03184	0.03265	0.11524	0.01085	0.00787	0.00237	0.03615	0.05416	0.00737	0.01004
8	0.01345	0.01266	0.02136	0.73264	0.04904	0.01582	0.01978	0.01819	0.01424	0.01819	0.01266	0.01898	0.00949	0.00712	0.00712	0.00237	0.00949	0.00633	0.00316	0.00791
9	0.01897	0.61213	0.12151	0.01365	0.02013	0.07600	0.01408	0.02198	0.01495	0.01753	0.01034	0.01198	0.00913	0.00627	0.00498	0.00164	0.00835	0.00405	0.00309	0.00925
10	0.63270	0.01282	0.01079	0.04161	0.01501	0.01448	0.00808	0.02003	0.01308	0.05802	0.01866	0.01963	0.09604	0.00817	0.00515	0.00224	0.00547	0.00552	0.00481	0.00769
11	0.02764	0.01553	0.01806	0.01406	0.01931	0.01597	0.01155	0.33503	0.05954	0.31768	0.02267	0.02119	0.01530	0.00869	0.00699	0.00214	0.00667	0.00682	0.06347	0.01168
12	0.02918	0.01151	0.01564	0.01220	0.01722	0.00999	0.00999	0.03201	0.02035	0.62407	0.11325	0.02790	0.02389	0.00954	0.00732	0.00221	0.00572	0.00788	0.00869	0.01144
13	0.01450	0.01414	0.02146	0.10856	0.02285	0.01863	0.06223	0.01694	0.01184	0.01757	0.01175	0.01833	0.01088	0.01815	0.13666	0.00436	0.47356	0.00663	0.00327	0.00770
14	0.01217	0.01065	0.01087	0.01015	0.01208	0.09705	0.00761	0.01533	0.02016	0.02715	0.61426	0.04809	0.05985	0.01364	0.00815	0.00219	0.00456	0.01183	0.00731	0.00691
15	0.00868	0.00620	0.00826	0.00991	0.01033	0.00578	0.00661	0.00991	0.01363	0.01818	0.03925	0.74510	0.04710	0.02231	0.00909	0.00289	0.00413	0.02024	0.00661	0.00578
16	0.01345	0.01266	0.02136	0.73264	0.04904	0.01582	0.01978	0.01819	0.01424	0.01819	0.01266	0.01898	0.00949	0.00712	0.00712	0.00237	0.00949	0.00633	0.00316	0.00791
17	0.01268	0.00669	0.00687	0.00687	0.00819	0.00669	0.00484	0.01532	0.01400	0.02395	0.02307	0.03064	0.01981	0.15953	0.01135	0.00273	0.00405	0.00740	0.62917	0.00616
18	0.00868	0.00620	0.00826	0.00991	0.01033	0.00578	0.00661	0.00991	0.01363	0.01818	0.03925	0.74510	0.04710	0.02231	0.00909	0.00289	0.00413	0.02024	0.00661	0.00578
19	0.01762	0.01692	0.02890	0.04371	0.70533	0.01692	0.02185	0.02185	0.01621	0.02326	0.01339	0.01762	0.01128	0.00634	0.00705	0.00211	0.00846	0.00634	0.00352	0.01128
20	0.01018	0.00735	0.00939	0.00924	0.01076	0.00689	0.00696	0.01298	0.01811	0.02500	0.47765	0.05721	0.10638	0.10847	0.01212	0.00298	0.00426	0.10059	0.00713	0.00634
21	0.01199	0.00642	0.00956	0.00954	0.00977	0.00655	0.00655	0.00990	0.01004	0.01362	0.04407	0.02386	0.01551	0.02791	0.11467	0.65864	0.00769	0.00667	0.00340	0.00367
22	0.01003	0.00728	0.01018	0.01039	0.01126	0.00804	0.00754	0.01181	0.01147	0.01610	0.02241	0.12299	0.02339	0.21205	0.47145	0.00930	0.01434	0.00986	0.00428	0.00581
23	0.11669	0.49526	0.18950	0.01370	0.02060	0.02395	0.01487	0.02156	0.01430	0.02001	0.01056	0.01227	0.00893	0.00631	0.00505	0.00178	0.00802	0.00415	0.00321	0.00928
24	0.01062	0.00676	0.00906	0.01029	0.01116	0.00627	0.00715	0.01208	0.01429	0.07199	0.03830	0.65613	0.04451	0.02113	0.00898	0.00286	0.00440	0.05094	0.00678	0.00631
25	0.01584	0.01329	0.01534	0.01105	0.01733	0.01059	0.00888	0.07564	0.01639	0.02509	0.01304	0.01497	0.01068	0.00556	0.00543	0.00115	0.00550	0.00441	0.00447	0.72536
26	0.05509	0.02175	0.07409	0.01633	0.02214	0.08686	0.01409	0.49411	0.02898	0.09138	0.01677	0.01688	0.01185	0.00824	0.00693	0.00213	0.00830	0.00611	0.00651	0.01146
27	0.07806	0.46545	0.25299	0.01458	0.02197	0.02348	0.01639	0.02169	0.01447	0.01980	0.01083	0.01260	0.00899	0.00635	0.00526	0.00181	0.00839	0.00428	0.00314	0.00947
28	0.01284	0.00789	0.01040	0.00943	0.01159	0.00719	0.00719	0.01613	0.02018	0.11475	0.61642	0.04953	0.06092	0.01383	0.00824	0.00223	0.00370	0.01215	0.00796	0.00740
29	0.00933	0.00647	0.00807	0.00907	0.00933	0.00622	0.00571	0.01009	0.01235	0.01647	0.03267	0.47186	0.03880	0.30687	0.01971	0.00446	0.00522	0.01637	0.00571	0.00521
30	0.01013	0.00691	0.00781	0.00786	0.00812	0.00678	0.00459	0.01044	0.01131	0.01496	0.05267	0.07766	0.07997	0.63569	0.03193	0.00622	0.00640	0.01122	0.00472	0.00460
31	0.04869	0.04199	0.01505	0.01251	0.01602	0.09172	0.00985	0.15471	0.10610	0.07138	0.14054	0.10098	0.12240	0.01226	0.00750	0.00227	0.00620	0.02440	0.00659	0.00884
32	0.03195	0.01212	0.01652	0.01267	0.01818	0.01047	0.01047	0.03470	0.02038	0.71026	0.02809	0.02424	0.01763	0.00881	0.00716	0.00220	0.00606	0.00716	0.00881	0.01212
33	0.00997	0.00793	0.00909	0.00901	0.01121	0.00734	0.00699	0.01375	0.06557	0.02313	0.25956	0.06227	0.37472	0.01657	0.00850	0.00246	0.00404	0.09418	0.00703	0.00667
34	0.02464	0.02624	0.01887	0.01667	0.02059	0.43904	0.01280	0.11051	0.10618	0.07164	0.01588	0.01709	0.01240	0.01146	0.06211	0.00272	0.01130	0.00567	0.00493	0.00925
35	0.01007	0.00722	0.00986	0.01081	0.01145	0.00744	0.00764	0.01154	0.01339	0.03958	0.03438	0.58565	0.04002	0.02487	0.09448	0.00390	0.05808	0.01734	0.00610	0.00619
36	0.01020	0.00725	0.00964	0.01050	0.01163	0.00699	0.00804	0.01256	0.01596	0.02154	0.21541	0.25204	0.04801	0.10241	0.01226	0.00331	0.00507	0.23440	0.00666	0.00613
37	0.01904	0.75404	0.03731	0.01218	0.01828	0.02818	0.01218	0.02132	0.01447	0.01675	0.00990	0.01142	0.00914	0.00609	0.00457	0.00152	0.00761	0.00381	0.00305	0.00914
38	0.01476	0.01461	0.02180	0.62825	0.09364	0.07058	0.01946	0.01925	0.01484	0.01849	0.01258	0.01841	0.00959	0.00708	0.00706	0.00231	0.00968	0.00619	0.00323	0.00818
39	0.01036	0.00690	0.00777	0.00777	0.00777	0.00690	0.00431	0.01036	0.01036	0.01381	0.02244	0.04660	0.02589	0.74975	0.03624	0.00690	0.00690	0.01036	0.00431	0.00431
40	0.00868	0.00620	0.00826	0.00991	0.01033	0.00578	0.00661	0.00991	0.01363	0.01818	0.03925	0.74510	0.04710	0.02231	0.00909	0.00289	0.00413	0.02024	0.00661	0.00578
41	0.02224	0.10903	0.02062	0.01472	0.01970	0.01998	0.01211	0.25995	0.32587	0.08618	0.02238	0.02119	0.01649	0.00876	0.00686	0.00219	0.00668	0.00688	0.00680	0.01136
42	0.01648	0.01575	0.02684	0.23226	0.52571	0.01662	0.02128	0.02085	0.01567	0.02188	0.01319	0.01800	0.01079	0.00656	0.00707	0.00219	0.00874	0.00634	0.00343	0.01036
43	0.01147	0.00820	0.01147	0.01311	0.01475	0.00820	0.01147	0.01475	0.01639	0.02131	0.03770	0.08032	0.04098	0.01967	0.00984	0.00328	0.00656	0.65741	0.00656	0.00656
44	0.02038	0.01824	0.02578	0.03580	0.51450	0.10492	0.01913	0.02410	0.01724	0.10836	0.01558	0.01953	0.01260	0.00714	0.00706	0.00212	0.00866	0.02370	0.00429	0.01087
45	0.01773	0.00897	0.01197	0.01026	0.01328	0.00803	0.00803	0.02088	0.02023	0.26700	0.46601	0.04306	0.04985	0.01255	0.00797	0.00223	0.00430	0.01088	0.00818	0.00861
46	0.01509	0.01513	0.02773	0.40753	0.15654	0.01684	0.18151	0.01990	0.01504	0.02014	0.01305	0.01864	0.01011	0.00698	0.00823	0.00237	0.04612	0.00683	0.00333	0.00889
47	0.01544	0.01789	0.15889	0.01486	0.04925	0.01157	0.04272	0.01976	0.01518	0.05109	0.01404	0.03241	0.01141	0.00619	0.00596	0.00149	0.00678	0.00520	0.00416	0.51570
48	0.01696	0.01557	0.02605	0.06770	0.59882	0.01570	0.01984	0.02110	0.01599	0.02343	0.01449	0.01870	0.01200	0.00660	0.00682	0.00207	0.00791	0.00638	0.09327	0.01061
49	0.01413	0.01337	0.01872	0.01645	0.01669	0.01816	0.01342	0.01576	0.01097	0.01676	0.01224	0.02038	0.01226	0.07753	0.15922	0.00502	0.54152	0.00682	0.00334	0.00724
50	0.01054	0.00754	0.01037	0.01176	0.01307	0.00736	0.00959	0.01327	0.01606	0.02128	0.11396	0.26011	0.04566	0.01981	0.00947	0.00305	0.00552	0.40849	0.00672	0.00636
51	0.02769	0.01377	0.01714	0.01300	0.01870	0.01257	0.01068	0.15930	0.02189	0.44705	0.02296	0.02101	0.01518	0.00808	0.00679	0.00197	0.00626	0.00645	0.00760	0.16191
52	0.01305	0.00668	0.00684	0.00680	0.00846	0.00664	0.00510	0.01637	0.01530	0.02669	0.07149	0.02844	0.02173	0.00874	0.00522	0.00170	0.00332	0.00708	0.73369	0.00664
53	0.00910	0.00727	0.00821	0.00845	0.01049	0.00639	0.00648	0.01130	0.01671	0.02097	0.17066	0.11989	0.46259	0.01799	0.00864	0.00252	0.00397	0.09538	0.00681	0.00618
54	0.02586	0.01811	0.01977	0.01557	0.02093	0.01984	0.01273	0.47993	0.15826	0.12243	0.02070	0.01978	0.01462	0.00879	0.00715	0.00220	0.00720	0.00682	0.00735	0.01195
55	0.00969	0.00719	0.00902	0.00872	0.01044	0.00653	0.00648	0.01262	0.01900	0.02617	0.54355	0.10512	0.17769	0.01572	0.00845	0.00232	0.00346	0.01378	0.00754	0.00653
56	0.05225	0.01817	0.02005	0.01541	0.02103	0.01955	0.01273	0.53048	0.03017	0.17863	0.01909	0.01836	0.01308	0.00854	0.00705	0.00215	0.00740	0.00648	0.00738	0.01197
57	0.02276	0.01306	0.01458	0.01178	0.01587	0.01355	0.00954	0.28219	0.02341	0.18225	0.02187	0.02233	0.01570	0.00851	0.00630	0.00197	0.00569	0.00666	0.31201	0.00998
58	0.01022	0.00694	0.00827	0.00872	0.00897	0.00687	0.00549	0.01079	0.01156	0.01535	0.02683	0.16064	0.03096	0.55160	0.02894	0.00586	0.00643	0.08583	0.00493	0.00480
59	0.01718	0.01798	0.02105	0.03419	0.02044	0.15305	0.06483	0.04615	0.01424	0.01867	0.01229	0.01782	0.01115	0.01848	0.15050	0.00434	0.35980	0.00636	0.00356	0.00793
60	0.00869	0.00674	0.00794	0.00886	0.01021	0.00599	0.00629	0.01027	0.01491	0.01879	0.05380	0.41451	0.33821	0.02029	0.00882	0.00269	0.00401	0.04645	0.00661	0.00592
61	0.03114	0.01341	0.01733	0.01328	0.01882	0.01239	0.01097	0.14187	0.02255	0.60004	0.02627	0.02305	0.01671	0.00877	0.00715	0.00219	0.00635	0.00704	0.00853	0.01212
62	0.02027	0.00974	0.01200	0.01013	0.01384	0.00872	0.00805	0.02371	0.04972	0.33402	0.10985	0.03965	0.20836	0.01188	0.00736	0.00220	0.00475	0.00986	0.10672	0.00917
63	0.01529	0.10321	0.14731	0.12696	0.11718	0.04762	0.13752	0.02013	0.01660	0.02238	0.15322	0.02399	0.02160	0.00816	0.00722	0.00218	0.00868	0.00749	0.00423	0.00903
64	0.01585	0.02103	0.13902	0.02387	0.03043	0.07029	0.40753	0.02121	0.01670	0.02183	0.02235	0.02734	0.09935	0.00843	0.00807	0.00238	0.01051	0.04075	0.00404	0.00904
65	0.01143	0.00942	0.01316	0.04483	0.01506	0.01094	0.01036	0.01379	0.01468	0.02053	0.17021	0.22498	0.03733	0.01954	0.06681	0.00350	0.18294	0.11812	0.00565	0.00673
66	0.12916	0.06919	0.01846	0.01637	0.10415	0.06242	0.01177	0.05817	0.01825	0.32011	0.02072	0.02235	0.01510	0.00944	0.02400	0.00236	0.00716	0.03525	0.04531	0.01027
67	0.01530	0.01453	0.05161	0.05548	0.02563	0.01349	0.29737	0.03659	0.01576	0.07349	0.02227	0.21071	0.02180	0.06856	0.01111	0.00288	0.03904	0.01118	0.00487	0.00833

[dist]
# distance from previous block
# <min> <max>
0	16

[block]
# block no. 3 follows, 29 sequences, length 35
# corresponding to MSA columns:
# 543-577
name=unknown_D
#
# <colnr> <probs for GDERKNQSTAVLIFYWHMCP>
#	G	D	E	R	K	N	Q	S	T	A	V	L	I	F	Y	W	H	M	C	P
0	0.04260	0.01658	0.05117	0.01588	0.06878	0.08151	0.05014	0.13340	0.04687	0.04830	0.06735	0.04731	0.12530	0.00963	0.00700	0.00200	0.00696	0.00801	0.00546	0.16577
1	0.01249	0.00889	0.01046	0.00949	0.01250	0.00770	0.00715	0.01563	0.04914	0.08419	0.13434	0.18755	0.25492	0.01475	0.00778	0.00221	0.00432	0.01268	0.00655	0.15726
2	0.01959	0.47404	0.03143	0.01404	0.01990	0.07514	0.05333	0.07818	0.05242	0.02094	0.01217	0.01365	0.01031	0.00648	0.00538	0.00165	0.00793	0.00464	0.00382	0.09496
3	0.02102	0.01210	0.01446	0.01191	0.01642	0.01143	0.00947	0.05306	0.16833	0.28223	0.05336	0.06504	0.11420	0.01057	0.00720	0.00214	0.00540	0.00879	0.00728	0.12558
4	0.01741	0.21366	0.26025	0.08298	0.08565	0.08310	0.01834	0.06977	0.01681	0.02170	0.01592	0.01796	0.05252	0.00747	0.00636	0.00203	0.00909	0.00571	0.00366	0.00963
5	0.01579	0.29967	0.17900	0.01519	0.02005	0.02116	0.01539	0.01908	0.01364	0.01828	0.01642	0.01965	0.07253	0.03248	0.01160	0.00237	0.20960	0.00602	0.00342	0.00864
6	0.00891	0.00633	0.00830	0.00966	0.01012	0.00594	0.00641	0.01017	0.01374	0.01842	0.07879	0.63891	0.04642	0.08775	0.01151	0.00321	0.00433	0.01889	0.00648	0.00571
7	0.01307	0.00793	0.01022	0.00936	0.01163	0.00714	0.00712	0.01604	0.01935	0.12891	0.48784	0.08982	0.13477	0.01455	0.00825	0.00229	0.00384	0.01270	0.00777	0.00739
8	0.02298	0.01437	0.01659	0.01378	0.01803	0.01503	0.01094	0.29958	0.09757	0.19825	0.02617	0.18799	0.02258	0.01191	0.00760	0.00236	0.00631	0.00997	0.00743	0.01056
9	0.00867	0.00715	0.00762	0.00766	0.00982	0.00610	0.00569	0.01066	0.01660	0.02049	0.15996	0.11583	0.56343	0.01785	0.00846	0.00242	0.00361	0.01510	0.00679	0.00610
10	0.02707	0.01995	0.02137	0.01638	0.02208	0.02208	0.01353	0.68159	0.03348	0.04488	0.01710	0.01710	0.01211	0.00855	0.00712	0.00214	0.00784	0.00641	0.00712	0.01211
11	0.01681	0.01921	0.04202	0.03001	0.03721	0.01801	0.67947	0.02281	0.01681	0.02281	0.01441	0.01921	0.01080	0.00600	0.00840	0.00240	0.01200	0.00840	0.00360	0.00960
12	0.01725	0.01087	0.01131	0.00987	0.01279	0.01164	0.00776	0.19064	0.08113	0.03158	0.02216	0.02410	0.01698	0.00848	0.00574	0.00185	0.00470	0.00671	0.51597	0.00847
13	0.10404	0.01505	0.02366	0.17617	0.40188	0.01571	0.01833	0.02277	0.01594	0.11741	0.01488	0.01815	0.01140	0.00687	0.00679	0.00219	0.00802	0.00618	0.00427	0.01032
14	0.01327	0.00664	0.00664	0.00664	0.00830	0.00664	0.00498	0.01659	0.01493	0.02655	0.02323	0.02655	0.01825	0.00830	0.00498	0.00166	0.00332	0.00664	0.78928	0.00664
15	0.01977	0.01632	0.01726	0.01491	0.01930	0.01867	0.01177	0.17968	0.54727	0.03311	0.02636	0.02448	0.01962	0.00942	0.00722	0.00235	0.00612	0.00769	0.00722	0.01146
16	0.15596	0.01347	0.01408	0.01194	0.01596	0.05609	0.00947	0.13077	0.01983	0.24023	0.07681	0.11934	0.08399	0.01130	0.00709	0.00228	0.00601	0.00913	0.00691	0.00935
17	0.55700	0.03926	0.01481	0.09632	0.06933	0.08032	0.01083	0.02137	0.01347	0.02792	0.01058	0.01298	0.00836	0.00670	0.00510	0.00216	0.00692	0.00439	0.00409	0.00809
18	0.01904	0.75404	0.03731	0.01218	0.01828	0.02818	0.01218	0.02132	0.01447	0.01675	0.00990	0.01142	0.00914	0.00609	0.00457	0.00152	0.00761	0.00381	0.00305	0.00914
19	0.00933	0.00667	0.00896	0.01031	0.01110	0.00631	0.00742	0.01119	0.01498	0.02011	0.12984	0.54132	0.04885	0.02081	0.00912	0.00287	0.00442	0.12359	0.00677	0.00604
20	0.01759	0.02277	0.23453	0.04668	0.16487	0.01709	0.09217	0.15031	0.06855	0.02794	0.07265	0.02057	0.01607	0.00781	0.00726	0.00223	0.00876	0.00692	0.00469	0.01054
21	0.01345	0.01266	0.02136	0.73264	0.04904	0.01582	0.01978	0.01819	0.01424	0.01819	0.01266	0.01898	0.00949	0.00712	0.00712	0.00237	0.00949	0.00633	0.00316	0.00791
22	0.01147	0.00820	0.01147	0.01311	0.01475	0.00820	0.01147	0.01475	0.01639	0.02131	0.03770	0.08032	0.04098	0.01967	0.00984	0.00328	0.00656	0.65741	0.00656	0.00656
23	0.02355	0.02004	0.14298	0.01626	0.02246	0.01707	0.05565	0.31833	0.04601	0.16555	0.01922	0.01939	0.01341	0.00814	0.00696	0.00215	0.00775	0.00655	0.07739	0.01115
24	0.23434	0.18326	0.14907	0.04258	0.02038	0.01810	0.01358	0.05430	0.01541	0.11348	0.01478	0.05325	0.01199	0.00801	0.00656	0.00214	0.03925	0.00573	0.00455	0.00925
25	0.00907	0.00718	0.00815	0.00803	0.01005	0.00627	0.00598	0.01143	0.01759	0.02274	0.31103	0.09982	0.42353	0.01694	0.00845	0.00237	0.00354	0.01449	0.00708	0.00627
26	0.00872	0.00723	0.00764	0.00753	0.00981	0.00614	0.00565	0.01081	0.01695	0.02095	0.18793	0.06571	0.58557	0.01739	0.00841	0.00237	0.00356	0.01463	0.00684	0.00614
27	0.02129	0.01403	0.01978	0.20945	0.02793	0.01516	0.05727	0.09484	0.14579	0.22983	0.05099	0.02318	0.01709	0.00867	0.00781	0.00233	0.03069	0.00733	0.00625	0.01028
28	0.02211	0.08975	0.13459	0.02013	0.08497	0.33482	0.04202	0.08758	0.01933	0.04237	0.01401	0.05003	0.01177	0.00788	0.00667	0.00201	0.01049	0.00595	0.00412	0.00939
29	0.01762	0.01692	0.02890	0.04371	0.70533	0.01692	0.02185	0.02185	0.01621	0.02326	0.01339	0.01762	0.01128	0.00634	0.00705	0.00211	0.00846	0.00634	0.00352	0.01128
30	0.00868	0.00620	0.00826	0.00991	0.01033	0.00578	0.00661	0.00991	0.01363	0.01818	0.03925	0.74510	0.04710	0.02231	0.00909	0.00289	0.00413	0.02024	0.00661	0.00578
31	0.35499	0.16963	0.14822	0.01320	0.01916	0.07019	0.01299	0.05995	0.01537	0.06256	0.01189	0.01326	0.00912	0.00681	0.00532	0.00204	0.00756	0.00448	0.00420	0.00904
32	0.01235	0.00801	0.01012	0.00980	0.01127	0.00781	0.00704	0.05432	0.03852	0.04867	0.21365	0.18806	0.09844	0.05971	0.01452	0.18843	0.00487	0.01212	0.00613	0.00617
33	0.07846	0.02000	0.13720	0.01925	0.02532	0.07131	0.20490	0.02573	0.01732	0.22224	0.05215	0.02044	0.01492	0.00789	0.00817	0.00229	0.05017	0.00700	0.00527	0.00999
34	0.05712	0.05862	0.01693	0.10791	0.02127	0.01318	0.01148	0.10370	0.01733	0.02498	0.01854	0.02997	0.01721	0.00930	0.00669	0.00196	0.00661	0.15140	0.00492	0.32087

[dist]
# distance from previous block
# <min> <max>
1	80

[block]
# block no. 4 follows, 29 sequences, length 21
# corresponding to MSA columns:
# 661-681
name=unknown_E
#
# <colnr> <probs for GDERKNQSTAVLIFYWHMCP>
#	G	D	E	R	K	N	Q	S	T	A	V	L	I	F	Y	W	H	M	C	P
0	0.07288	0.01454	0.04176	0.06315	0.02350	0.01411	0.16811	0.06483	0.12195	0.15815	0.05431	0.12862	0.02146	0.01019	0.00760	0.00239	0.00741	0.00939	0.00603	0.00959
1	0.01840	0.01550	0.01601	0.01215	0.01790	0.08626	0.00965	0.09341	0.01777	0.07237	0.01478	0.03576	0.01208	0.00657	0.00584	0.00139	0.00638	0.00515	0.00487	0.54776
2	0.01083	0.00826	0.00925	0.00881	0.01107	0.00792	0.00666	0.01586	0.10828	0.02509	0.30849	0.05243	0.28909	0.01451	0.00789	0.00226	0.00375	0.01236	0.09011	0.00706
3	0.01865	0.01727	0.01653	0.01490	0.01889	0.09225	0.01153	0.03684	0.62123	0.02848	0.02708	0.02511	0.02041	0.00941	0.00716	0.00235	0.00640	0.00768	0.00687	0.01095
4	0.05332	0.01330	0.01635	0.01289	0.01749	0.01313	0.01054	0.13371	0.02010	0.30918	0.06749	0.02487	0.06057	0.00948	0.00864	0.00213	0.08331	0.00723	0.00686	0.12942
5	0.01041	0.00682	0.00917	0.01002	0.01101	0.00642	0.00701	0.01217	0.01496	0.06194	0.14399	0.54469	0.04670	0.02219	0.05358	0.00328	0.00506	0.01747	0.00677	0.00636
6	0.02046	0.12574	0.02182	0.01536	0.01950	0.02118	0.01280	0.24927	0.22917	0.03044	0.01970	0.02021	0.03171	0.00947	0.00974	0.00231	0.13808	0.00672	0.00583	0.01048
7	0.01132	0.00820	0.01221	0.01094	0.01197	0.00823	0.07693	0.01184	0.01119	0.01508	0.02074	0.03702	0.04073	0.41262	0.13547	0.14831	0.00907	0.00912	0.00401	0.00502
8	0.00870	0.00635	0.00820	0.00960	0.01027	0.00584	0.00649	0.01009	0.01416	0.01870	0.06911	0.64729	0.11588	0.02156	0.00899	0.00282	0.00405	0.01941	0.00666	0.00584
9	0.01528	0.01546	0.02475	0.48136	0.11366	0.06085	0.10365	0.01975	0.01495	0.01921	0.01265	0.01828	0.00982	0.00723	0.00822	0.00236	0.05425	0.00648	0.00329	0.00850
10	0.00892	0.00657	0.00836	0.00931	0.01028	0.00601	0.00645	0.01068	0.01535	0.02045	0.17918	0.50212	0.14996	0.02008	0.00885	0.00269	0.00389	0.01796	0.00686	0.00601
11	0.01013	0.00698	0.00858	0.00876	0.00906	0.00719	0.00551	0.01079	0.01094	0.01484	0.02358	0.11898	0.02654	0.52710	0.17429	0.00740	0.00910	0.01087	0.00446	0.00490
12	0.01507	0.01518	0.01689	0.14405	0.02235	0.14782	0.01332	0.01766	0.01415	0.01774	0.01757	0.07142	0.01717	0.02213	0.18923	0.00482	0.16599	0.07617	0.00399	0.00729
13	0.02023	0.15599	0.02158	0.06147	0.09543	0.03750	0.01262	0.11824	0.06028	0.15150	0.06216	0.04176	0.03298	0.01342	0.08088	0.00305	0.00835	0.00717	0.00559	0.00979
14	0.00920	0.00702	0.00858	0.00961	0.01104	0.00640	0.00723	0.01110	0.01521	0.01926	0.05119	0.34589	0.29043	0.02013	0.00900	0.00280	0.00447	0.15881	0.00660	0.00604
15	0.01019	0.00692	0.00820	0.00850	0.00878	0.00683	0.00527	0.01080	0.01184	0.01586	0.06958	0.14265	0.03243	0.55463	0.02899	0.00582	0.00628	0.05659	0.00500	0.00482
16	0.01651	0.01545	0.09520	0.16593	0.13993	0.01445	0.04325	0.02027	0.01509	0.12077	0.02033	0.09807	0.04539	0.01201	0.04075	0.00285	0.11180	0.00832	0.00459	0.00905
17	0.02351	0.01563	0.01617	0.01433	0.03474	0.12552	0.01106	0.09588	0.08606	0.27117	0.02354	0.05246	0.01821	0.01428	0.08280	0.00318	0.00850	0.03722	0.05580	0.00994
18	0.01903	0.01240	0.05652	0.01246	0.01599	0.01121	0.01050	0.05075	0.04391	0.25614	0.13891	0.11870	0.11254	0.01280	0.00959	0.00243	0.08964	0.01039	0.00698	0.00911
19	0.02872	0.04416	0.04737	0.01303	0.01844	0.01189	0.01116	0.07367	0.02028	0.56072	0.02673	0.07270	0.01858	0.00953	0.00717	0.00222	0.00630	0.00780	0.00806	0.01149
20	0.01671	0.09767	0.06424	0.01905	0.14554	0.06092	0.03286	0.08058	0.06030	0.04321	0.09355	0.13151	0.04935	0.01051	0.00716	0.00214	0.00699	0.00903	0.00524	0.06343

[dist]
# distance from previous block
# <min> <max>
3	22

[block]
# block no. 5 follows, 29 sequences, length 40
# corresponding to MSA columns:
# 771-810
name=unknown_F
#
# <colnr> <probs for GDERKNQSTAVLIFYWHMCP>
#	G	D	E	R	K	N	Q	S	T	A	V	L	I	F	Y	W	H	M	C	P
0	0.01895	0.08963	0.07685	0.02255	0.14330	0.01786	0.14173	0.15296	0.08153	0.04801	0.03984	0.02155	0.01514	0.00783	0.00711	0.00213	0.00827	0.03277	0.00498	0.06699
1	0.08367	0.02024	0.26255	0.01835	0.08781	0.01284	0.06428	0.01864	0.01448	0.04244	0.01942	0.18958	0.01886	0.01141	0.00845	0.05022	0.00775	0.00908	0.00433	0.05556
2	0.02180	0.05567	0.11830	0.01834	0.08807	0.01679	0.05477	0.24627	0.02214	0.13084	0.01743	0.01881	0.01276	0.02140	0.00727	0.00212	0.00771	0.00627	0.06264	0.07060
3	0.01624	0.19734	0.33353	0.05992	0.02641	0.01885	0.05885	0.08849	0.01697	0.02292	0.01840	0.02008	0.07676	0.00786	0.00657	0.00210	0.00892	0.00624	0.00383	0.00971
4	0.00864	0.00632	0.00814	0.00959	0.01024	0.00581	0.00647	0.00995	0.01394	0.01830	0.04316	0.66450	0.12517	0.02180	0.00901	0.00283	0.00407	0.01962	0.00661	0.00581
5	0.01295	0.01503	0.17708	0.01224	0.01584	0.01019	0.01157	0.07892	0.01583	0.02235	0.06803	0.20061	0.07270	0.04458	0.01171	0.12038	0.00626	0.01062	0.08587	0.00723
6	0.01591	0.01663	0.01746	0.08501	0.02085	0.19065	0.06504	0.01960	0.05743	0.02045	0.10644	0.18481	0.02771	0.01285	0.00948	0.00247	0.08250	0.05195	0.00513	0.00762
7	0.01329	0.01250	0.02122	0.49101	0.06796	0.01490	0.06555	0.01741	0.01410	0.01859	0.01593	0.10066	0.01431	0.01144	0.04560	0.00294	0.05302	0.00810	0.00363	0.00785
8	0.00892	0.00637	0.00854	0.01019	0.01071	0.00599	0.00703	0.01033	0.01387	0.01845	0.03911	0.68816	0.04657	0.02208	0.00915	0.00292	0.00434	0.07482	0.00661	0.00585
9	0.01428	0.03683	0.71286	0.02030	0.03082	0.01654	0.02631	0.02255	0.01503	0.02255	0.01278	0.01503	0.00902	0.00677	0.00677	0.00226	0.01052	0.00526	0.00301	0.01052
10	0.01223	0.01014	0.00999	0.00984	0.01233	0.07220	0.00775	0.01452	0.01725	0.06169	0.11845	0.06153	0.41137	0.01648	0.00842	0.00249	0.00513	0.13485	0.00658	0.00675
11	0.01111	0.00731	0.00928	0.00927	0.01097	0.00659	0.00676	0.01346	0.01735	0.07905	0.32059	0.28068	0.16622	0.01723	0.00853	0.00248	0.00388	0.01520	0.00730	0.00673
12	0.02020	0.00994	0.01300	0.01149	0.01485	0.00909	0.00915	0.05656	0.01905	0.32019	0.13251	0.16535	0.08243	0.01401	0.00810	0.00247	0.00530	0.08945	0.00776	0.00909
13	0.01280	0.00669	0.00669	0.00669	0.00842	0.00658	0.00502	0.01597	0.01506	0.02584	0.02797	0.03062	0.08462	0.00924	0.00531	0.00173	0.00335	0.00745	0.71336	0.00658
14	0.02024	0.63926	0.03458	0.01317	0.01887	0.13863	0.01243	0.02246	0.01538	0.01686	0.01008	0.01165	0.00914	0.00629	0.00486	0.00157	0.00845	0.00393	0.00315	0.00900
15	0.25634	0.01276	0.01424	0.01187	0.01572	0.01367	0.00966	0.09354	0.01833	0.22281	0.16279	0.02497	0.02378	0.00970	0.00816	0.00229	0.07638	0.00721	0.00655	0.00922
16	0.02194	0.02044	0.02023	0.05650	0.14877	0.20995	0.01427	0.14766	0.11239	0.07649	0.08331	0.02142	0.01806	0.00849	0.00706	0.00211	0.00855	0.00680	0.00551	0.01005
17	0.01348	0.00785	0.00818	0.00803	0.00995	0.00814	0.00603	0.01903	0.10982	0.02658	0.05375	0.07065	0.02254	0.00959	0.00569	0.00186	0.00369	0.00791	0.59999	0.00724
18	0.02725	0.01451	0.01743	0.01379	0.01892	0.01460	0.01124	0.21016	0.13136	0.38645	0.05884	0.02411	0.01925	0.00916	0.00723	0.00222	0.00634	0.00738	0.00805	0.01171
19	0.02443	0.02108	0.01887	0.01554	0.02006	0.19886	0.01235	0.35108	0.05798	0.07514	0.11246	0.02192	0.01984	0.00914	0.00713	0.00209	0.00829	0.00697	0.00644	0.01033
20	0.01180	0.00799	0.00960	0.00942	0.01106	0.00767	0.00679	0.04600	0.01561	0.06305	0.11531	0.17018	0.19416	0.19495	0.06698	0.00422	0.00610	0.04655	0.00616	0.00639
21	0.01496	0.01326	0.02128	0.57364	0.10049	0.01589	0.01873	0.02113	0.08274	0.04708	0.01497	0.01984	0.01119	0.00738	0.00713	0.00235	0.00888	0.00654	0.00383	0.00870
22	0.01623	0.01317	0.01693	0.01291	0.01842	0.01159	0.05903	0.03777	0.11110	0.06568	0.01676	0.01868	0.01332	0.01091	0.07542	0.00245	0.00727	0.00563	0.00491	0.48181
23	0.02419	0.01754	0.01911	0.01476	0.02005	0.01877	0.01210	0.52266	0.02955	0.05907	0.06701	0.02009	0.01638	0.00866	0.00695	0.00202	0.00702	0.00670	0.04011	0.08726
24	0.01352	0.02747	0.47161	0.01707	0.02472	0.01430	0.02004	0.02176	0.09232	0.02350	0.09244	0.09265	0.03868	0.00973	0.00726	0.00234	0.00840	0.00810	0.00445	0.00962
25	0.00904	0.00682	0.00837	0.00887	0.01023	0.00614	0.00631	0.01110	0.01639	0.02172	0.25595	0.34152	0.23422	0.01870	0.00869	0.00255	0.00374	0.01650	0.00700	0.00614
26	0.03195	0.01212	0.01652	0.01267	0.01818	0.01047	0.01047	0.03470	0.02038	0.71026	0.02809	0.02424	0.01763	0.00881	0.00716	0.00220	0.00606	0.00716	0.00881	0.01212
27	0.00868	0.00620	0.00826	0.00991	0.01033	0.00578	0.00661	0.00991	0.01363	0.01818	0.03925	0.74510	0.04710	0.02231	0.00909	0.00289	0.00413	0.02024	0.00661	0.00578
28	0.01477	0.00833	0.01095	0.00970	0.01224	0.00751	0.00748	0.01793	0.02005	0.17638	0.53035	0.04750	0.08147	0.01345	0.00813	0.00224	0.00396	0.01172	0.00800	0.00786
29	0.00993	0.00668	0.00877	0.00990	0.01059	0.00629	0.00678	0.01133	0.01405	0.04175	0.07808	0.55080	0.04441	0.10877	0.01230	0.00334	0.00464	0.05919	0.00648	0.00593
30	0.00905	0.00698	0.00826	0.00912	0.01058	0.00629	0.00672	0.01080	0.01507	0.01894	0.05290	0.31689	0.33555	0.04918	0.00999	0.00290	0.00438	0.11394	0.00651	0.00594
31	0.01309	0.00846	0.01125	0.00989	0.01161	0.00872	0.07089	0.01580	0.01382	0.02270	0.02135	0.02976	0.01874	0.17786	0.01357	0.00302	0.04941	0.00763	0.48596	0.00646
32	0.01504	0.01217	0.01440	0.01321	0.01560	0.01390	0.01027	0.10050	0.23129	0.02572	0.09464	0.13155	0.02826	0.06171	0.08059	0.00370	0.08889	0.04376	0.00619	0.00860
33	0.01438	0.01806	0.15318	0.02091	0.07896	0.01527	0.15960	0.01994	0.06337	0.02077	0.01706	0.02506	0.01501	0.05585	0.14636	0.00445	0.11306	0.04608	0.00393	0.00871
34	0.00932	0.00680	0.00871	0.01000	0.01092	0.00638	0.00724	0.01096	0.01433	0.01864	0.04262	0.46057	0.14202	0.07405	0.01111	0.00319	0.00474	0.14611	0.00643	0.00587
35	0.01802	0.44917	0.17648	0.01677	0.04955	0.06044	0.04681	0.02174	0.01480	0.01857	0.01087	0.01316	0.00929	0.00677	0.00677	0.00187	0.06176	0.00464	0.00312	0.00939
36	0.03920	0.05197	0.02221	0.06104	0.06481	0.01385	0.14906	0.07780	0.01770	0.21166	0.03676	0.07712	0.01863	0.11248	0.01144	0.00292	0.00778	0.00853	0.00570	0.00935
37	0.10963	0.01207	0.01669	0.01385	0.01664	0.01318	0.08443	0.04536	0.01493	0.12436	0.05634	0.02843	0.05884	0.13076	0.08310	0.00401	0.14000	0.00801	0.03146	0.00792
38	0.00990	0.00753	0.00907	0.00920	0.01076	0.00711	0.00662	0.01339	0.06590	0.02302	0.29914	0.24771	0.19184	0.05379	0.00990	0.00270	0.00397	0.01492	0.00701	0.00652
39	0.06920	0.02050	0.05162	0.02008	0.14005	0.18349	0.01404	0.15715	0.04809	0.11425	0.05998	0.05560	0.01712	0.00881	0.00695	0.00213	0.00834	0.00701	0.00555	0.01003

[dist]
# distance from previous block
# <min> <max>
2	31

[block]
# block no. 6 follows, 29 sequences, length 46
# corresponding to MSA columns:
# 843-860,867-894
name=unknown_G
#
# <colnr> <probs for GDERKNQSTAVLIFYWHMCP>
#	G	D	E	R	K	N	Q	S	T	A	V	L	I	F	Y	W	H	M	C	P
0	0.01565	0.01843	0.16976	0.01586	0.02153	0.01395	0.08793	0.02215	0.10685	0.06939	0.02408	0.02519	0.10639	0.00908	0.00871	0.00215	0.08566	0.00736	0.02021	0.16968
1	0.01659	0.02608	0.29639	0.02402	0.06754	0.06123	0.24828	0.05817	0.01678	0.02312	0.01463	0.05222	0.01181	0.00763	0.00823	0.00234	0.04421	0.00720	0.00369	0.00984
2	0.01188	0.00868	0.01095	0.01178	0.04600	0.00823	0.00858	0.05516	0.01760	0.04986	0.14885	0.19514	0.23649	0.01714	0.00864	0.00261	0.00486	0.14372	0.00676	0.00707
3	0.01332	0.04660	0.01514	0.02748	0.09108	0.01203	0.01024	0.07839	0.01531	0.02095	0.06860	0.21313	0.02801	0.15792	0.08190	0.00421	0.07689	0.02641	0.00513	0.00726
4	0.03269	0.06671	0.05397	0.21284	0.07638	0.01472	0.04402	0.01806	0.01361	0.05066	0.01437	0.01989	0.01203	0.01870	0.16778	0.05380	0.07139	0.00633	0.00367	0.04838
5	0.00935	0.00674	0.00872	0.00976	0.01062	0.00633	0.00691	0.01110	0.01489	0.01988	0.14488	0.44725	0.09527	0.08395	0.01139	0.00315	0.00450	0.09280	0.00660	0.00591
6	0.01041	0.00814	0.00969	0.00999	0.01117	0.03669	0.00721	0.01253	0.01554	0.02091	0.24537	0.24671	0.07389	0.10507	0.11799	0.00436	0.00688	0.04510	0.00620	0.00615
7	0.06029	0.17785	0.22078	0.01623	0.02294	0.10673	0.03109	0.09615	0.07716	0.10285	0.01548	0.01621	0.01146	0.00735	0.00631	0.00205	0.00876	0.00546	0.00466	0.01021
8	0.01037	0.00706	0.00876	0.00876	0.00941	0.00721	0.00581	0.01171	0.01260	0.01775	0.13119	0.07786	0.03141	0.40468	0.17049	0.00657	0.00849	0.01046	0.05406	0.00534
9	0.02451	0.01086	0.01410	0.01154	0.01596	0.00959	0.00944	0.04751	0.01966	0.46724	0.07129	0.03838	0.15818	0.01172	0.00767	0.00232	0.00553	0.05618	0.00811	0.01022
10	0.01403	0.04025	0.01292	0.08952	0.01685	0.00979	0.00927	0.01804	0.06930	0.11976	0.16871	0.15896	0.17541	0.01450	0.00804	0.00244	0.00515	0.05262	0.00668	0.00776
11	0.01481	0.11792	0.28519	0.01903	0.02562	0.01660	0.17912	0.01996	0.01461	0.02060	0.01548	0.05527	0.01364	0.09086	0.01099	0.00276	0.04308	0.00725	0.03831	0.00889
12	0.00872	0.00633	0.00813	0.00954	0.01015	0.00585	0.00639	0.00996	0.01377	0.01810	0.04196	0.64567	0.11425	0.05226	0.01015	0.00301	0.00419	0.01929	0.00651	0.00575
13	0.01645	0.01827	0.03867	0.11586	0.08162	0.01767	0.55740	0.02219	0.01646	0.02228	0.01413	0.01908	0.01068	0.00616	0.00816	0.00238	0.01147	0.00802	0.00354	0.00951
14	0.01716	0.01732	0.06028	0.03198	0.38547	0.01638	0.11833	0.07949	0.06683	0.02508	0.02142	0.02393	0.08778	0.00803	0.00741	0.00222	0.00830	0.00769	0.00443	0.01048
15	0.01099	0.00917	0.01225	0.01278	0.04598	0.01012	0.00915	0.01286	0.01398	0.01897	0.09310	0.20051	0.16711	0.08835	0.07926	0.00392	0.14902	0.05054	0.00541	0.00653
16	0.01385	0.00758	0.00800	0.00787	0.00975	0.00770	0.00610	0.05743	0.01617	0.02700	0.02452	0.05120	0.02060	0.00966	0.00563	0.00186	0.00389	0.06115	0.65311	0.00694
17	0.01693	0.01736	0.02495	0.17572	0.26041	0.10222	0.08099	0.02066	0.01557	0.02038	0.01457	0.02264	0.01291	0.00867	0.00979	0.00241	0.11792	0.06313	0.00368	0.00912
18	0.00902	0.00737	0.00805	0.00825	0.01047	0.00640	0.00643	0.01118	0.01660	0.02036	0.12194	0.06895	0.54842	0.01797	0.00863	0.00252	0.00402	0.11058	0.00671	0.00615
19	0.02222	0.05365	0.01953	0.01470	0.02008	0.13019	0.01187	0.29338	0.10000	0.03159	0.01593	0.01659	0.01217	0.00748	0.00640	0.00180	0.00768	0.00559	0.00561	0.22356
20	0.02066	0.49607	0.09695	0.03651	0.03537	0.02367	0.01384	0.07103	0.01671	0.11077	0.01325	0.01423	0.01052	0.00673	0.00544	0.00177	0.00778	0.00471	0.00411	0.00988
21	0.09059	0.05629	0.14270	0.09508	0.02388	0.03101	0.01459	0.15137	0.04126	0.21917	0.01841	0.01974	0.01316	0.04216	0.00804	0.00240	0.00778	0.00625	0.00577	0.01035
22	0.02237	0.07401	0.08132	0.06060	0.02289	0.08440	0.01415	0.38549	0.04078	0.03453	0.09234	0.02048	0.01757	0.00871	0.00699	0.00211	0.00807	0.00671	0.00598	0.01051
23	0.00990	0.00680	0.00828	0.00870	0.00894	0.00682	0.00538	0.01049	0.01131	0.01522	0.02642	0.22465	0.03051	0.49002	0.10039	0.00634	0.00745	0.01262	0.00485	0.00491
24	0.01470	0.01139	0.01410	0.04888	0.06557	0.01243	0.00999	0.10416	0.15232	0.02473	0.09816	0.04987	0.02497	0.16975	0.12392	0.00464	0.00824	0.00882	0.04523	0.00813
25	0.06179	0.01320	0.04675	0.07283	0.01889	0.01312	0.01101	0.09923	0.12564	0.15934	0.02461	0.06205	0.04814	0.04904	0.06031	0.00315	0.02389	0.00800	0.08977	0.00924
26	0.10411	0.01140	0.01171	0.01051	0.01352	0.01252	0.00818	0.10271	0.19976	0.02958	0.05927	0.02493	0.01964	0.00975	0.00722	0.04531	0.00490	0.00700	0.30951	0.00848
27	0.05676	0.01243	0.01683	0.05405	0.01704	0.01628	0.01216	0.01535	0.01123	0.01737	0.01437	0.05495	0.01492	0.15293	0.09985	0.00463	0.41067	0.00764	0.00364	0.00690
28	0.06261	0.02765	0.34421	0.01797	0.02553	0.07862	0.04488	0.18597	0.02049	0.06607	0.04803	0.01769	0.01310	0.00771	0.00686	0.00219	0.00925	0.00601	0.00473	0.01043
29	0.02202	0.01543	0.01556	0.05235	0.01875	0.12515	0.01070	0.09528	0.08713	0.24102	0.06624	0.07105	0.12637	0.01104	0.00741	0.00224	0.00684	0.00898	0.00683	0.00959
30	0.00987	0.00727	0.00923	0.00874	0.01051	0.00663	0.00656	0.01304	0.01967	0.02741	0.62406	0.05508	0.14542	0.01499	0.00840	0.00226	0.00339	0.01314	0.00769	0.00663
31	0.16180	0.01428	0.01648	0.12245	0.08116	0.04595	0.01226	0.12483	0.08450	0.07966	0.06977	0.11678	0.02075	0.01013	0.00696	0.00231	0.00676	0.00837	0.00569	0.00912
32	0.12872	0.07696	0.03869	0.06836	0.06944	0.06634	0.01268	0.02473	0.05874	0.19929	0.05616	0.04000	0.01765	0.00932	0.00814	0.00229	0.07073	0.03675	0.00558	0.00943
33	0.00919	0.00724	0.00828	0.00802	0.01009	0.00634	0.00602	0.01171	0.01805	0.02356	0.36438	0.06141	0.40750	0.01642	0.00841	0.00233	0.00349	0.01403	0.00718	0.00634
34	0.00995	0.00675	0.00892	0.01002	0.01096	0.00626	0.00707	0.01167	0.01499	0.04687	0.11815	0.55556	0.07818	0.02048	0.00896	0.00279	0.00427	0.06510	0.00684	0.00621
35	0.14786	0.01744	0.02113	0.04985	0.13131	0.04008	0.05038	0.28182	0.05283	0.11373	0.01665	0.01762	0.01208	0.00773	0.00674	0.00218	0.00771	0.00620	0.00585	0.01081
36	0.01551	0.01695	0.07502	0.18009	0.23402	0.03310	0.08594	0.01955	0.01443	0.02017	0.01344	0.03644	0.01157	0.01110	0.05523	0.00301	0.15504	0.00684	0.00344	0.00912
37	0.01017	0.00763	0.01144	0.01144	0.01272	0.00890	0.00890	0.01272	0.01144	0.01653	0.01907	0.02797	0.01780	0.05340	0.72153	0.01144	0.01907	0.00763	0.00381	0.00636
38	0.02227	0.14886	0.16920	0.01753	0.02295	0.44074	0.01596	0.02552	0.01799	0.01843	0.01201	0.03406	0.01022	0.00745	0.00627	0.00190	0.01127	0.00505	0.00351	0.00881
39	0.19780	0.07918	0.01825	0.06492	0.02020	0.03588	0.01128	0.13517	0.01974	0.32109	0.01909	0.01845	0.01296	0.00788	0.00630	0.00213	0.00681	0.00588	0.00650	0.01047
40	0.01542	0.01656	0.03375	0.18353	0.03676	0.01692	0.44118	0.02062	0.01547	0.02095	0.01417	0.01974	0.01105	0.01071	0.07111	0.00322	0.04872	0.00777	0.00350	0.00885
41	0.01781	0.02238	0.17122	0.06013	0.08505	0.09643	0.09081	0.08890	0.10051	0.02413	0.01606	0.04635	0.01309	0.00868	0.00934	0.00235	0.10737	0.00690	0.02280	0.00969
42	0.01889	0.06338	0.03275	0.03208	0.30468	0.01753	0.26926	0.02340	0.01656	0.09782	0.01500	0.01848	0.01158	0.00673	0.00810	0.00224	0.03992	0.00705	0.00409	0.01046
43	0.01867	0.01333	0.01768	0.01525	0.01924	0.01390	0.08116	0.08463	0.25109	0.13922	0.02984	0.07677	0.04192	0.01214	0.00804	0.00257	0.00663	0.15118	0.00691	0.00984
44	0.01571	0.01541	0.07620	0.01205	0.01854	0.01149	0.01052	0.06135	0.06514	0.02498	0.01413	0.01579	0.01132	0.00593	0.00566	0.00133	0.00592	0.00473	0.00451	0.61928
45	0.01395	0.01313	0.01796	0.06065	0.01920	0.04786	0.04889	0.01791	0.07169	0.01848	0.01666	0.06128	0.01553	0.02610	0.26178	0.00580	0.26388	0.00770	0.00397	0.00761

[dist]
# distance from previous block
# <min> <max>
0	50

[block]
# block no. 7 follows, 29 sequences, length 22
# corresponding to MSA columns:
# 945-966
name=unknown_H
#
# <colnr> <probs for GDERKNQSTAVLIFYWHMCP>
#	G	D	E	R	K	N	Q	S	T	A	V	L	I	F	Y	W	H	M	C	P
0	0.01494	0.01259	0.02044	0.25883	0.29463	0.01362	0.01655	0.01843	0.01463	0.02109	0.01482	0.02008	0.01206	0.00882	0.00881	0.08237	0.00764	0.00638	0.14476	0.00851
1	0.09631	0.01866	0.03881	0.02792	0.03484	0.01780	0.61129	0.02262	0.01633	0.02374	0.01395	0.01843	0.01049	0.00606	0.00800	0.00238	0.01135	0.00794	0.00368	0.00941
2	0.01509	0.01420	0.02342	0.40985	0.28346	0.01558	0.01938	0.01949	0.01501	0.02054	0.01292	0.01806	0.01025	0.00665	0.00691	0.00215	0.00869	0.00612	0.00340	0.08884
