[name]
unknown

[dist]
# distance from previous block
# <min> <max>
6	75

[block]
# block no. 0 follows, 33 sequences, length 124
# corresponding to MSA columns:
# 87-210
name=unknown_A
#
# <colnr> <probs for GDERKNQSTAVLIFYWHMCP>
#	G	D	E	R	K	N	Q	S	T	A	V	L	I	F	Y	W	H	M	C	P
0	0.02456	0.01788	0.01931	0.01477	0.02006	0.01949	0.01218	0.64999	0.02970	0.06061	0.01589	0.01589	0.01127	0.00775	0.00650	0.00193	0.00707	0.00584	0.00649	0.05283
1	0.01905	0.15829	0.17996	0.01670	0.05477	0.12483	0.03922	0.15535	0.07280	0.05600	0.01496	0.01798	0.01191	0.00741	0.00617	0.00194	0.00831	0.04058	0.00438	0.00941
2	0.06121	0.07172	0.10596	0.06047	0.25286	0.01468	0.01526	0.05796	0.01602	0.15559	0.05870	0.01870	0.01425	0.00722	0.00678	0.00199	0.03435	0.00597	0.03081	0.00953
3	0.01184	0.02875	0.03391	0.01190	0.07597	0.00929	0.00855	0.08646	0.01700	0.03854	0.16810	0.07705	0.31575	0.01492	0.04567	0.00253	0.00527	0.01082	0.00578	0.03191
4	0.04072	0.01225	0.04262	0.01382	0.06892	0.01080	0.03542	0.08040	0.03679	0.26390	0.20547	0.02673	0.02612	0.00879	0.00668	0.00193	0.00550	0.00751	0.00641	0.09923
5	0.01563	0.01763	0.11883	0.10571	0.48789	0.01542	0.03667	0.03930	0.03133	0.02164	0.01267	0.01622	0.01020	0.00607	0.00647	0.00197	0.00807	0.00575	0.00336	0.03917
6	0.00928	0.00754	0.00912	0.01105	0.04412	0.04430	0.00712	0.01058	0.01303	0.01699	0.03379	0.68963	0.04014	0.01920	0.00818	0.00259	0.00443	0.01735	0.00583	0.00571
7	0.01646	0.44639	0.18849	0.01364	0.01944	0.04212	0.01430	0.05194	0.01448	0.01854	0.04737	0.01393	0.01137	0.00681	0.00647	0.00175	0.07004	0.00458	0.00324	0.00862
8	0.05804	0.04818	0.01472	0.01297	0.04883	0.01462	0.00973	0.08166	0.38345	0.04381	0.04392	0.02283	0.01828	0.00934	0.02484	0.00224	0.00547	0.00675	0.14106	0.00927
9	0.02218	0.01787	0.07400	0.01901	0.13758	0.01752	0.01411	0.44567	0.02501	0.09474	0.01688	0.05538	0.01298	0.00812	0.00665	0.00202	0.00721	0.00656	0.00585	0.01065
10	0.05742	0.27845	0.08403	0.02126	0.15448	0.01878	0.18852	0.01954	0.01391	0.01915	0.01174	0.01503	0.00982	0.00949	0.06922	0.00259	0.00923	0.00544	0.00315	0.00873
11	0.01125	0.00578	0.00844	0.00844	0.00844	0.00578	0.00555	0.00868	0.00868	0.01157	0.01236	0.02231	0.01268	0.09712	0.02650	0.72860	0.00578	0.00610	0.00297	0.00297
12	0.01391	0.01209	0.01495	0.01280	0.08649	0.00946	0.00904	0.01694	0.01378	0.02146	0.01177	0.01391	0.00982	0.00497	0.00504	0.00107	0.00517	0.00410	0.00384	0.72939
13	0.00885	0.00657	0.00836	0.00959	0.01030	0.00645	0.00654	0.01174	0.08260	0.01787	0.03534	0.69069	0.04121	0.01946	0.00823	0.00263	0.00396	0.01759	0.00617	0.00585
14	0.00831	0.00604	0.00795	0.00920	0.00986	0.00553	0.00620	0.00955	0.01266	0.01705	0.03500	0.72516	0.04178	0.01980	0.00822	0.00258	0.00387	0.01794	0.00600	0.04729
15	0.04705	0.00667	0.00851	0.04776	0.01137	0.00670	0.00669	0.01051	0.01210	0.01674	0.03010	0.46964	0.03511	0.18755	0.01382	0.00348	0.00490	0.07063	0.00537	0.00529
16	0.01599	0.01747	0.09719	0.03825	0.65797	0.01561	0.02061	0.02027	0.01488	0.02144	0.01233	0.01606	0.01022	0.00590	0.00649	0.00197	0.00801	0.00577	0.00321	0.01036
17	0.02328	0.02922	0.01853	0.01679	0.01983	0.65976	0.01272	0.02497	0.01770	0.01606	0.01028	0.01252	0.00874	0.00850	0.03013	0.00207	0.07356	0.00445	0.00335	0.00754
18	0.00951	0.00644	0.00758	0.00762	0.00776	0.00656	0.00453	0.00981	0.00978	0.01317	0.02085	0.06213	0.02366	0.66593	0.11256	0.00675	0.00757	0.00956	0.00400	0.00424
19	0.01822	0.70976	0.03327	0.01159	0.01719	0.02558	0.01137	0.07686	0.01484	0.01765	0.00971	0.01100	0.00868	0.00582	0.00442	0.00146	0.00706	0.00372	0.00313	0.00868
20	0.01470	0.01415	0.02422	0.31562	0.41201	0.01545	0.04418	0.01877	0.01413	0.01947	0.01202	0.01677	0.00971	0.00634	0.00713	0.00209	0.03518	0.00593	0.00312	0.00905
21	0.00871	0.00622	0.00843	0.00995	0.01063	0.00594	0.00730	0.01035	0.01328	0.01757	0.03591	0.58164	0.04204	0.01998	0.00859	0.00277	0.00441	0.19465	0.00610	0.00554
22	0.01874	0.02204	0.01595	0.01481	0.01726	0.45054	0.03587	0.02046	0.01628	0.01678	0.01788	0.22150	0.01858	0.01083	0.00737	0.00204	0.04417	0.00853	0.03340	0.00697
23	0.01190	0.00935	0.01054	0.00977	0.01219	0.00979	0.00746	0.02042	0.26936	0.02562	0.33967	0.04020	0.12472	0.01179	0.00715	0.00211	0.00389	0.01011	0.06634	0.00764
24	0.01275	0.01203	0.02033	0.69346	0.10218	0.01471	0.01844	0.01710	0.01332	0.01721	0.01176	0.01745	0.00891	0.00652	0.00658	0.00217	0.00870	0.00585	0.00295	0.00757
25	0.01773	0.01481	0.01565	0.01367	0.01763	0.01701	0.01075	0.13970	0.60876	0.02972	0.02508	0.02319	0.01871	0.00877	0.00668	0.00219	0.00553	0.00721	0.00668	0.01054
26	0.02203	0.02408	0.02052	0.02289	0.21621	0.41827	0.01456	0.08059	0.01853	0.05376	0.01294	0.01629	0.01073	0.00712	0.00630	0.00186	0.00985	0.03072	0.00395	0.00881
27	0.01446	0.01439	0.02000	0.01716	0.01728	0.02005	0.01428	0.01644	0.03192	0.01621	0.00920	0.01472	0.00900	0.01144	0.02114	0.00286	0.73333	0.00581	0.00300	0.00730
28	0.00948	0.00676	0.00907	0.00907	0.00973	0.00741	0.00635	0.01079	0.01013	0.01417	0.01901	0.03350	0.01977	0.36830	0.42816	0.00872	0.01264	0.00817	0.00373	0.00504
29	0.01570	0.01343	0.01430	0.01291	0.01642	0.01540	0.01002	0.03283	0.64910	0.02743	0.09340	0.02691	0.02411	0.00936	0.00680	0.00222	0.00501	0.00787	0.00675	0.01002
30	0.01365	0.01170	0.01365	0.00975	0.01560	0.00878	0.00780	0.01658	0.01365	0.02145	0.01170	0.01365	0.00975	0.00488	0.00488	0.00098	0.00488	0.00390	0.00390	0.80888
31	0.00801	0.00579	0.00758	0.00901	0.00951	0.00536	0.00604	0.00918	0.01276	0.01687	0.03824	0.71918	0.08744	0.02037	0.00836	0.00264	0.00379	0.01840	0.00611	0.00536
32	0.01575	0.01226	0.01407	0.01096	0.01597	0.01096	0.00868	0.05991	0.16669	0.07596	0.01753	0.05596	0.01431	0.00698	0.00568	0.00147	0.00508	0.00575	0.00508	0.49095
33	0.01313	0.00955	0.01130	0.01017	0.01147	0.01079	0.00744	0.12295	0.03433	0.01995	0.01835	0.03012	0.01807	0.34248	0.11907	0.00510	0.09780	0.00770	0.10401	0.00623
34	0.81514	0.01273	0.00968	0.00866	0.01273	0.01477	0.00713	0.01935	0.01120	0.02954	0.00917	0.01069	0.00713	0.00611	0.00407	0.00204	0.00509	0.00356	0.00407	0.00713
35	0.02487	0.01717	0.01861	0.01445	0.01934	0.03777	0.01189	0.54238	0.02757	0.13992	0.01710	0.01692	0.01198	0.00802	0.00700	0.00199	0.03154	0.00598	0.03470	0.01079
36	0.02262	0.01725	0.01841	0.01466	0.01950	0.01929	0.01193	0.51950	0.22098	0.03762	0.01886	0.01824	0.01367	0.00819	0.00662	0.00205	0.00668	0.00635	0.00662	0.01098
37	0.01365	0.01170	0.01365	0.00975	0.01560	0.00878	0.00780	0.01658	0.01365	0.02145	0.01170	0.01365	0.00975	0.00488	0.00488	0.00098	0.00488	0.00390	0.00390	0.80888
38	0.00802	0.00573	0.00764	0.00917	0.00955	0.00535	0.00611	0.00917	0.01260	0.01681	0.03628	0.76434	0.04354	0.02062	0.00840	0.00267	0.00382	0.01872	0.00611	0.00535
39	0.01854	0.02018	0.02308	0.04779	0.23743	0.23285	0.06701	0.05391	0.01563	0.01931	0.01103	0.01464	0.00937	0.00761	0.01012	0.00213	0.19186	0.00550	0.00336	0.00864
40	0.01243	0.01170	0.01975	0.75282	0.04534	0.01463	0.01828	0.01682	0.01316	0.01682	0.01170	0.01755	0.00878	0.00658	0.00658	0.00219	0.00878	0.00585	0.00293	0.00731
41	0.01821	0.30178	0.07162	0.01495	0.06978	0.10594	0.01247	0.10479	0.07357	0.02148	0.01235	0.01364	0.01009	0.00625	0.00533	0.00159	0.00737	0.00454	0.00387	0.14039
42	0.00784	0.00643	0.00692	0.00730	0.00906	0.00550	0.00528	0.00938	0.01439	0.01754	0.05895	0.24170	0.55155	0.01768	0.00794	0.00234	0.00346	0.01512	0.00611	0.00550
43	0.02129	0.01602	0.02128	0.06705	0.22335	0.03655	0.03959	0.29884	0.02216	0.12720	0.04891	0.01848	0.01380	0.00742	0.00665	0.00200	0.00735	0.00630	0.00545	0.01032
44	0.01506	0.25287	0.49295	0.01636	0.02467	0.01873	0.01989	0.05259	0.01454	0.02022	0.01121	0.01300	0.00851	0.00615	0.00567	0.00188	0.00881	0.00451	0.00297	0.00942
45	0.00940	0.00705	0.01058	0.01058	0.01176	0.00823	0.00823	0.01176	0.01058	0.01528	0.01763	0.02586	0.01646	0.04937	0.74255	0.01058	0.01763	0.00705	0.00353	0.00588
46	0.00888	0.00679	0.00819	0.00806	0.00985	0.00610	0.00619	0.01145	0.01696	0.02259	0.41589	0.05681	0.30356	0.01510	0.00790	0.00222	0.00347	0.07732	0.00672	0.00596
47	0.01652	0.01535	0.02505	0.14988	0.47654	0.01605	0.05698	0.08962	0.04755	0.02302	0.01331	0.01690	0.01065	0.00630	0.00661	0.00202	0.00798	0.00605	0.00370	0.00992
48	0.11215	0.01651	0.01751	0.01371	0.01862	0.01812	0.01128	0.51185	0.06042	0.10065	0.01672	0.01657	0.01184	0.00777	0.00624	0.00198	0.00661	0.00581	0.03511	0.01053
49	0.81514	0.01273	0.00968	0.00866	0.01273	0.01477	0.00713	0.01935	0.01120	0.02954	0.00917	0.01069	0.00713	0.00611	0.00407	0.00204	0.00509	0.00356	0.00407	0.00713
50	0.01028	0.00651	0.00788	0.00784	0.00869	0.00678	0.00542	0.01198	0.01165	0.01769	0.06676	0.03369	0.02249	0.31315	0.20891	0.00581	0.00816	0.00809	0.23297	0.00524
51	0.00780	0.00660	0.00674	0.00686	0.00894	0.00554	0.00508	0.00943	0.01483	0.01771	0.06443	0.11556	0.67415	0.01697	0.00783	0.00226	0.00337	0.01425	0.00611	0.00554
52	0.02459	0.03138	0.01866	0.01696	0.02035	0.74221	0.01272	0.02629	0.01866	0.01611	0.01018	0.01187	0.00848	0.00678	0.00594	0.00170	0.01187	0.00424	0.00339	0.00763
53	0.00820	0.00586	0.00780	0.00905	0.00959	0.00546	0.00612	0.00961	0.01342	0.01810	0.12904	0.66790	0.04605	0.01966	0.00832	0.00259	0.00372	0.01780	0.00626	0.00546
54	0.01760	0.77260	0.03450	0.01126	0.01690	0.02605	0.01126	0.01971	0.01338	0.01549	0.00915	0.01056	0.00845	0.00563	0.00422	0.00141	0.00704	0.00352	0.00282	0.00845
55	0.01629	0.01564	0.02672	0.04041	0.72757	0.01564	0.02020	0.02020	0.01499	0.02151	0.01238	0.01629	0.01043	0.00587	0.00652	0.00196	0.00782	0.00587	0.00326	0.01043
56	0.01365	0.01170	0.01365	0.00975	0.01560	0.00878	0.00780	0.01658	0.01365	0.02145	0.01170	0.01365	0.00975	0.00488	0.00488	0.00098	0.00488	0.00390	0.00390	0.80888
57	0.02360	0.01625	0.01758	0.01367	0.01842	0.01771	0.01123	0.56388	0.02776	0.08780	0.01730	0.01746	0.01233	0.00789	0.00632	0.00192	0.00656	0.00600	0.11581	0.01050
58	0.02459	0.03138	0.01866	0.01696	0.02035	0.74221	0.01272	0.02629	0.01866	0.01611	0.01018	0.01187	0.00848	0.00678	0.00594	0.00170	0.01187	0.00424	0.00339	0.00763
59	0.01365	0.01170	0.01365	0.00975	0.01560	0.00878	0.00780	0.01658	0.01365	0.02145	0.01170	0.01365	0.00975	0.00488	0.00488	0.00098	0.00488	0.00390	0.00390	0.80888
60	0.02503	0.01844	0.01976	0.01515	0.02042	0.02042	0.01251	0.70562	0.03095	0.04149	0.01581	0.01581	0.01120	0.00790	0.00659	0.00198	0.00724	0.00593	0.00659	0.01120
61	0.02503	0.01844	0.01976	0.01515	0.02042	0.02042	0.01251	0.70562	0.03095	0.04149	0.01581	0.01581	0.01120	0.00790	0.00659	0.00198	0.00724	0.00593	0.00659	0.01120
62	0.01440	0.01440	0.02016	0.01728	0.01728	0.02016	0.01440	0.01584	0.01008	0.01584	0.00864	0.01440	0.00864	0.01152	0.02160	0.00288	0.75659	0.00576	0.00288	0.00720
63	0.01320	0.03405	0.73453	0.01876	0.02849	0.01529	0.02432	0.02085	0.01390	0.02085	0.01181	0.01390	0.00834	0.00625	0.00625	0.00208	0.00973	0.00486	0.00278	0.00973
64	0.00926	0.00673	0.00872	0.00823	0.00980	0.00619	0.00617	0.01232	0.01851	0.02610	0.70097	0.04967	0.08544	0.01357	0.00777	0.00208	0.00311	0.01198	0.00721	0.00619
65	0.00932	0.00673	0.00880	0.00828	0.00984	0.00621	0.00621	0.01242	0.01863	0.02640	0.72410	0.04918	0.06212	0.01346	0.00776	0.00207	0.00311	0.01191	0.00725	0.00621
66	0.02894	0.01217	0.01587	0.01217	0.01729	0.01110	0.01005	0.12158	0.02045	0.64036	0.02462	0.02153	0.01562	0.00812	0.00662	0.00203	0.00582	0.00653	0.00794	0.01120
67	0.01144	0.00572	0.00858	0.00858	0.00858	0.00572	0.00572	0.00858	0.00858	0.01144	0.01144	0.02001	0.01144	0.02287	0.02573	0.80846	0.00572	0.00572	0.00286	0.00286
68	0.00784	0.00667	0.00675	0.00673	0.00893	0.00558	0.00505	0.00956	0.01514	0.01810	0.09070	0.06284	0.70070	0.01656	0.00778	0.00222	0.00333	0.01382	0.00615	0.00558
69	0.01629	0.01564	0.02672	0.04041	0.72757	0.01564	0.02020	0.02020	0.01499	0.02151	0.01238	0.01629	0.01043	0.00587	0.00652	0.00196	0.00782	0.00587	0.00326	0.01043
70	0.01349	0.01278	0.02165	0.55855	0.23138	0.01490	0.01881	0.01774	0.01366	0.01810	0.01189	0.01721	0.00923	0.00639	0.00656	0.00213	0.00852	0.00585	0.00302	0.00816
71	0.00778	0.00667	0.00667	0.00667	0.00889	0.00556	0.00500	0.00945	0.01501	0.01778	0.06669	0.06336	0.72490	0.01667	0.00778	0.00222	0.00333	0.01389	0.00611	0.00556
72	0.00802	0.00573	0.00764	0.00917	0.00955	0.00535	0.00611	0.00917	0.01260	0.01681	0.03628	0.76434	0.04354	0.02062	0.00840	0.00267	0.00382	0.01872	0.00611	0.00535
73	0.01538	0.01471	0.02507	0.20878	0.56633	0.01540	0.01975	0.01940	0.01456	0.02040	0.01222	0.01659	0.01004	0.00603	0.00653	0.00201	0.00805	0.00586	0.00318	0.00969
74	0.00946	0.00670	0.00867	0.00818	0.00973	0.00621	0.00613	0.01257	0.01840	0.02631	0.68980	0.04797	0.05991	0.01318	0.00761	0.00204	0.00310	0.01162	0.04620	0.00621
75	0.01420	0.12446	0.58896	0.01829	0.02716	0.03697	0.06044	0.02087	0.01406	0.02007	0.01152	0.01365	0.00845	0.00615	0.00608	0.00200	0.00953	0.00484	0.00283	0.00946
76	0.01629	0.01564	0.02672	0.04041	0.72757	0.01564	0.02020	0.02020	0.01499	0.02151	0.01238	0.01629	0.01043	0.00587	0.00652	0.00196	0.00782	0.00587	0.00326	0.01043
77	0.01637	0.01414	0.01489	0.01340	0.01712	0.01637	0.01042	0.03498	0.71568	0.02754	0.02679	0.02456	0.02010	0.00893	0.00670	0.00223	0.00521	0.00744	0.00670	0.01042
78	0.81514	0.01273	0.00968	0.00866	0.01273	0.01477	0.00713	0.01935	0.01120	0.02954	0.00917	0.01069	0.00713	0.00611	0.00407	0.00204	0.00509	0.00356	0.00407	0.00713
79	0.01440	0.01440	0.02016	0.01728	0.01728	0.02016	0.01440	0.01584	0.01008	0.01584	0.00864	0.01440	0.00864	0.01152	0.02160	0.00288	0.75659	0.00576	0.00288	0.00720
80	0.02520	0.01817	0.01959	0.01502	0.02028	0.02001	0.01241	0.68005	0.03049	0.06771	0.01619	0.01606	0.01139	0.00791	0.00659	0.00198	0.00718	0.00595	0.00664	0.01120
81	0.81514	0.01273	0.00968	0.00866	0.01273	0.01477	0.00713	0.01935	0.01120	0.02954	0.00917	0.01069	0.00713	0.00611	0.00407	0.00204	0.00509	0.00356	0.00407	0.00713
82	0.01637	0.01414	0.01489	0.01340	0.01712	0.01637	0.01042	0.03498	0.71568	0.02754	0.02679	0.02456	0.02010	0.00893	0.00670	0.00223	0.00521	0.00744	0.00670	0.01042
83	0.00802	0.00573	0.00764	0.00917	0.00955	0.00535	0.00611	0.00917	0.01260	0.01681	0.03628	0.76434	0.04354	0.02062	0.00840	0.00267	0.00382	0.01872	0.00611	0.00535
84	0.01760	0.77260	0.03450	0.01126	0.01690	0.02605	0.01126	0.01971	0.01338	0.01549	0.00915	0.01056	0.00845	0.00563	0.00422	0.00141	0.00704	0.00352	0.00282	0.00845
85	0.01365	0.01170	0.01365	0.00975	0.01560	0.00878	0.00780	0.01658	0.01365	0.02145	0.01170	0.01365	0.00975	0.00488	0.00488	0.00098	0.00488	0.00390	0.00390	0.80888
86	0.01629	0.01564	0.02672	0.04041	0.72757	0.01564	0.02020	0.02020	0.01499	0.02151	0.01238	0.01629	0.01043	0.00587	0.00652	0.00196	0.00782	0.00587	0.00326	0.01043
87	0.01060	0.00807	0.00990	0.00921	0.01116	0.00805	0.00697	0.01651	0.14505	0.02661	0.59763	0.04471	0.05450	0.01264	0.00757	0.00210	0.00349	0.01110	0.00715	0.00697
88	0.01956	0.01572	0.01668	0.01404	0.01833	0.01786	0.01119	0.28168	0.46380	0.03267	0.02275	0.02134	0.01682	0.00855	0.00666	0.00214	0.00596	0.00689	0.00666	0.01071
89	0.81514	0.01273	0.00968	0.00866	0.01273	0.01477	0.00713	0.01935	0.01120	0.02954	0.00917	0.01069	0.00713	0.00611	0.00407	0.00204	0.00509	0.00356	0.00407	0.00713
90	0.01218	0.00615	0.00622	0.00620	0.00774	0.00614	0.00465	0.01525	0.01395	0.02460	0.04301	0.02530	0.01826	0.00785	0.00470	0.00155	0.00307	0.00631	0.78072	0.00614
91	0.00802	0.00573	0.00764	0.00917	0.00955	0.00535	0.00611	0.00917	0.01260	0.01681	0.03628	0.76434	0.04354	0.02062	0.00840	0.00267	0.00382	0.01872	0.00611	0.00535
92	0.00818	0.00702	0.00705	0.00698	0.00928	0.00606	0.00526	0.01064	0.04783	0.01824	0.06482	0.06154	0.69189	0.01631	0.00773	0.00222	0.00342	0.01359	0.00614	0.00579
93	0.00926	0.00673	0.00872	0.00822	0.00980	0.00619	0.00617	0.01231	0.01850	0.02607	0.69914	0.04971	0.08728	0.01358	0.00777	0.00208	0.00311	0.01198	0.00720	0.00619
94	0.01227	0.00614	0.00614	0.00614	0.00767	0.00614	0.00460	0.01534	0.01381	0.02454	0.02148	0.02454	0.01687	0.00767	0.00460	0.00153	0.00307	0.00614	0.80518	0.00614
95	0.00783	0.00667	0.00674	0.00672	0.00892	0.00558	0.00504	0.00955	0.01512	0.01807	0.08824	0.06289	0.70318	0.01657	0.00778	0.00222	0.00333	0.01383	0.00615	0.00558
96	0.01705	0.53117	0.20874	0.01349	0.02007	0.04306	0.01464	0.05267	0.01449	0.01808	0.01016	0.01168	0.00855	0.00593	0.00489	0.00161	0.00786	0.00399	0.00300	0.00888
97	0.01269	0.01196	0.02020	0.70600	0.09018	0.01469	0.01841	0.01704	0.01328	0.01713	0.01175	0.01747	0.00888	0.00653	0.00658	0.00218	0.00871	0.00585	0.00295	0.00752
98	0.02907	0.01131	0.01526	0.01177	0.01682	0.00991	0.00970	0.03219	0.04339	0.70731	0.02600	0.02248	0.01643	0.00818	0.00662	0.00204	0.00559	0.00665	0.00810	0.01118
99	0.01637	0.01414	0.01489	0.01340	0.01712	0.01637	0.01042	0.03498	0.71568	0.02754	0.02679	0.02456	0.02010	0.00893	0.00670	0.00223	0.00521	0.00744	0.00670	0.01042
100	0.01243	0.01170	0.01975	0.75282	0.04534	0.01463	0.01828	0.01682	0.01316	0.01682	0.01170	0.01755	0.00878	0.00658	0.00658	0.00219	0.00878	0.00585	0.00293	0.00731
101	0.00802	0.00573	0.00764	0.00917	0.00955	0.00535	0.00611	0.00917	0.01260	0.01681	0.03628	0.76434	0.04354	0.02062	0.00840	0.00267	0.00382	0.01872	0.00611	0.00535
102	0.01573	0.00815	0.01085	0.00937	0.01204	0.00731	0.00731	0.01866	0.01870	0.25011	0.50280	0.04069	0.04759	0.01178	0.00740	0.00206	0.00390	0.01023	0.00753	0.00779
103	0.01629	0.01564	0.02672	0.04041	0.72757	0.01564	0.02020	0.02020	0.01499	0.02151	0.01238	0.01629	0.01043	0.00587	0.00652	0.00196	0.00782	0.00587	0.00326	0.01043
104	0.02503	0.01844	0.01976	0.01515	0.02042	0.02042	0.01251	0.70562	0.03095	0.04149	0.01581	0.01581	0.01120	0.00790	0.00659	0.00198	0.00724	0.00593	0.00659	0.01120
105	0.01554	0.01776	0.03885	0.02775	0.03441	0.01665	0.70366	0.02109	0.01554	0.02109	0.01332	0.01776	0.00999	0.00555	0.00777	0.00222	0.01110	0.00777	0.00333	0.00888
106	0.01554	0.01776	0.03885	0.02775	0.03441	0.01665	0.70366	0.02109	0.01554	0.02109	0.01332	0.01776	0.00999	0.00555	0.00777	0.00222	0.01110	0.00777	0.00333	0.00888
107	0.02510	0.01918	0.01902	0.01498	0.01995	0.10771	0.01219	0.53443	0.05238	0.10386	0.01647	0.01626	0.01166	0.00783	0.00651	0.00196	0.00758	0.00584	0.00635	0.01073
108	0.02954	0.01120	0.01528	0.01171	0.01681	0.00968	0.00968	0.03208	0.01884	0.73213	0.02597	0.02241	0.01630	0.00815	0.00662	0.00204	0.00560	0.00662	0.00815	0.01120
109	0.81514	0.01273	0.00968	0.00866	0.01273	0.01477	0.00713	0.01935	0.01120	0.02954	0.00917	0.01069	0.00713	0.00611	0.00407	0.00204	0.00509	0.00356	0.00407	0.00713
110	0.01629	0.01564	0.02672	0.04041	0.72757	0.01564	0.02020	0.02020	0.01499	0.02151	0.01238	0.01629	0.01043	0.00587	0.00652	0.00196	0.00782	0.00587	0.00326	0.01043
111	0.01334	0.03307	0.69268	0.01930	0.02885	0.01537	0.06519	0.02086	0.01400	0.02086	0.01190	0.01413	0.00844	0.00621	0.00635	0.00209	0.00981	0.00504	0.00281	0.00968
112	0.00940	0.00705	0.01058	0.01058	0.01176	0.00823	0.00823	0.01176	0.01058	0.01528	0.01763	0.02586	0.01646	0.04937	0.74255	0.01058	0.01763	0.00705	0.00353	0.00588
113	0.00891	0.00671	0.00823	0.00785	0.00958	0.00604	0.00589	0.01163	0.01766	0.02409	0.54783	0.05298	0.23983	0.01432	0.00777	0.00211	0.00317	0.01244	0.00694	0.00604
114	0.07678	0.01110	0.01371	0.01090	0.01530	0.01045	0.00890	0.07832	0.04295	0.49339	0.02342	0.02159	0.01556	0.00795	0.00612	0.00196	0.00526	0.00632	0.13996	0.01007
115	0.00891	0.00671	0.00824	0.00786	0.00959	0.00604	0.00589	0.01164	0.01768	0.02414	0.55189	0.05289	0.23573	0.01430	0.00777	0.00211	0.00317	0.01243	0.00695	0.00604
116	0.00952	0.00636	0.00720	0.00725	0.00727	0.00635	0.00407	0.00956	0.00968	0.01291	0.02130	0.06896	0.02464	0.74180	0.03261	0.00625	0.00629	0.00990	0.00407	0.00404
117	0.01702	0.01657	0.02606	0.03833	0.66673	0.05450	0.01955	0.04299	0.01571	0.02188	0.01238	0.01604	0.01035	0.00598	0.00649	0.00194	0.00802	0.00578	0.00337	0.01030
118	0.00802	0.00573	0.00764	0.00917	0.00955	0.00535	0.00611	0.00917	0.01260	0.01681	0.03628	0.76434	0.04354	0.02062	0.00840	0.00267	0.00382	0.01872	0.00611	0.00535
119	0.01423	0.01412	0.01970	0.01692	0.01692	0.01967	0.01403	0.01562	0.01006	0.01573	0.00908	0.01543	0.00919	0.03869	0.02203	0.00301	0.72967	0.00590	0.00292	0.00709
120	0.11076	0.01945	0.09380	0.01481	0.02042	0.01925	0.01316	0.55808	0.02699	0.03800	0.01466	0.01504	0.01045	0.00753	0.00627	0.00199	0.00727	0.00556	0.00591	0.01059
121	0.02509	0.01233	0.01549	0.01178	0.01702	0.01107	0.00966	0.11543	0.04093	0.46662	0.02158	0.01972	0.01433	0.00743	0.00624	0.00180	0.00564	0.00596	0.00698	0.18490
122	0.01072	0.00780	0.00977	0.00856	0.01099	0.00679	0.00647	0.01358	0.01713	0.04614	0.50988	0.04178	0.07269	0.04714	0.00838	0.00207	0.00368	0.01017	0.00644	0.15979
123	0.05230	0.19602	0.48927	0.01683	0.02482	0.01793	0.04125	0.02030	0.01353	0.01984	0.01099	0.01315	0.00837	0.00633	0.00647	0.00197	0.04394	0.00464	0.00287	0.00918

[dist]
# distance from previous block
# <min> <max>
1	12

[block]
# block no. 1 follows, 33 sequences, length 181
# corresponding to MSA columns:
# 223-403
name=unknown_B
#
# <colnr> <probs for GDERKNQSTAVLIFYWHMCP>
#	G	D	E	R	K	N	Q	S	T	A	V	L	I	F	Y	W	H	M	C	P
0	0.01012	0.01238	0.14524	0.01033	0.01367	0.00851	0.00964	0.01481	0.07308	0.02243	0.30647	0.10479	0.21683	0.01317	0.00745	0.00218	0.00464	0.01130	0.00597	0.00698
1	0.05304	0.04801	0.10739	0.02177	0.18044	0.01398	0.14586	0.04078	0.01601	0.20901	0.01669	0.04363	0.01257	0.00697	0.00652	0.00199	0.00761	0.00645	0.00474	0.05654
2	0.01552	0.01447	0.02384	0.07291	0.56314	0.01486	0.01811	0.04733	0.01515	0.02141	0.01487	0.09472	0.01379	0.00772	0.00722	0.00207	0.03232	0.00721	0.00367	0.00966
3	0.00897	0.00666	0.00836	0.00806	0.00966	0.00605	0.00600	0.01171	0.01763	0.02432	0.56821	0.09623	0.17485	0.01446	0.00781	0.00213	0.00319	0.01267	0.00698	0.00605
4	0.03731	0.01579	0.01892	0.15625	0.09267	0.12523	0.06547	0.07962	0.11599	0.04696	0.06246	0.08094	0.01733	0.00881	0.00752	0.00214	0.04609	0.00740	0.00466	0.00845
5	0.01505	0.01670	0.03546	0.08885	0.07286	0.01602	0.58330	0.02026	0.01520	0.02060	0.01395	0.04417	0.01110	0.00619	0.00762	0.00222	0.01046	0.00789	0.00339	0.00871
6	0.39419	0.01300	0.03892	0.01233	0.05967	0.01262	0.00967	0.02501	0.01487	0.33516	0.01679	0.01627	0.01138	0.00699	0.00541	0.00203	0.00565	0.00509	0.00575	0.00920
7	0.00816	0.00583	0.00780	0.00933	0.00978	0.00547	0.00636	0.00941	0.01275	0.01697	0.03621	0.72609	0.04323	0.02049	0.00844	0.00269	0.00394	0.05555	0.00611	0.00539
8	0.01423	0.07333	0.62621	0.01807	0.02696	0.01638	0.02252	0.06333	0.01480	0.02166	0.01180	0.01385	0.00853	0.00651	0.00670	0.00207	0.03548	0.00489	0.00302	0.00966
9	0.01485	0.01400	0.02363	0.12268	0.56067	0.01431	0.01831	0.01850	0.01449	0.02039	0.01512	0.10458	0.01413	0.00769	0.00675	0.00207	0.00746	0.00738	0.00355	0.00945
10	0.00844	0.00628	0.00894	0.00983	0.01046	0.00589	0.03561	0.00970	0.01254	0.01674	0.03434	0.68763	0.04089	0.06665	0.00994	0.00289	0.00429	0.01768	0.00586	0.00541
11	0.01311	0.01367	0.06497	0.59011	0.12497	0.01486	0.01856	0.01825	0.04327	0.01809	0.01243	0.01747	0.00943	0.00658	0.00656	0.00216	0.00857	0.00586	0.00312	0.00797
12	0.72151	0.01224	0.00977	0.00867	0.01264	0.01395	0.00711	0.01981	0.01179	0.06817	0.01087	0.01221	0.00825	0.00632	0.00425	0.00201	0.00499	0.00389	0.05428	0.00729
13	0.02887	0.01122	0.01521	0.01163	0.01676	0.00964	0.00960	0.03144	0.01863	0.70247	0.02538	0.02204	0.01602	0.00801	0.00655	0.00199	0.00557	0.00651	0.00797	0.04450
14	0.00891	0.00715	0.01132	0.01136	0.01248	0.00668	0.08829	0.01057	0.01295	0.01731	0.03358	0.67638	0.03959	0.01885	0.00833	0.00262	0.00468	0.01743	0.00578	0.00576
15	0.00957	0.00638	0.00718	0.00718	0.00718	0.00638	0.00399	0.00957	0.00957	0.01276	0.02074	0.04308	0.02393	0.76864	0.03351	0.00638	0.00638	0.00957	0.00399	0.00399
16	0.01554	0.01776	0.03885	0.02775	0.03441	0.01665	0.70366	0.02109	0.01554	0.02109	0.01332	0.01776	0.00999	0.00555	0.00777	0.00222	0.01110	0.00777	0.00333	0.00888
17	0.01243	0.01170	0.01975	0.75282	0.04534	0.01463	0.01828	0.01682	0.01316	0.01682	0.01170	0.01755	0.00878	0.00658	0.00658	0.00219	0.00878	0.00585	0.00293	0.00731
18	0.01365	0.01170	0.01365	0.00975	0.01560	0.00878	0.00780	0.01658	0.01365	0.02145	0.01170	0.01365	0.00975	0.00488	0.00488	0.00098	0.00488	0.00390	0.00390	0.80888
19	0.01365	0.01170	0.01365	0.00975	0.01560	0.00878	0.00780	0.01658	0.01365	0.02145	0.01170	0.01365	0.00975	0.00488	0.00488	0.00098	0.00488	0.00390	0.00390	0.80888
20	0.00801	0.00576	0.00760	0.00907	0.00952	0.00535	0.00607	0.00918	0.01269	0.01684	0.03741	0.73838	0.06877	0.02048	0.00838	0.00266	0.00380	0.01854	0.00611	0.00535
21	0.00778	0.00667	0.00667	0.00667	0.00889	0.00556	0.00500	0.00945	0.01501	0.01778	0.06669	0.06336	0.72490	0.01667	0.00778	0.00222	0.00333	0.01389	0.00611	0.00556
22	0.02519	0.01818	0.01960	0.01503	0.02029	0.02003	0.01241	0.68171	0.03052	0.06601	0.01617	0.01604	0.01138	0.00791	0.00659	0.00198	0.00719	0.00595	0.00664	0.01120
23	0.02954	0.01120	0.01528	0.01171	0.01681	0.00968	0.00968	0.03208	0.01884	0.73213	0.02597	0.02241	0.01630	0.00815	0.00662	0.00204	0.00560	0.00662	0.00815	0.01120
24	0.00932	0.00673	0.00880	0.00828	0.00984	0.00621	0.00621	0.01242	0.01863	0.02640	0.72410	0.04918	0.06212	0.01346	0.00776	0.00207	0.00311	0.01191	0.00725	0.00621
25	0.01629	0.01564	0.02672	0.04041	0.72757	0.01564	0.02020	0.02020	0.01499	0.02151	0.01238	0.01629	0.01043	0.00587	0.00652	0.00196	0.00782	0.00587	0.00326	0.01043
26	0.01243	0.01170	0.01975	0.75282	0.04534	0.01463	0.01828	0.01682	0.01316	0.01682	0.01170	0.01755	0.00878	0.00658	0.00658	0.00219	0.00878	0.00585	0.00293	0.00731
27	0.01554	0.01776	0.03885	0.02775	0.03441	0.01665	0.70366	0.02109	0.01554	0.02109	0.01332	0.01776	0.00999	0.00555	0.00777	0.00222	0.01110	0.00777	0.00333	0.00888
28	0.00802	0.00573	0.00764	0.00917	0.00955	0.00535	0.00611	0.00917	0.01260	0.01681	0.03628	0.76434	0.04354	0.02062	0.00840	0.00267	0.00382	0.01872	0.00611	0.00535
29	0.01243	0.01170	0.01975	0.75282	0.04534	0.01463	0.01828	0.01682	0.01316	0.01682	0.01170	0.01755	0.00878	0.00658	0.00658	0.00219	0.00878	0.00585	0.00293	0.00731
30	0.00932	0.00673	0.00880	0.00828	0.00984	0.00621	0.00621	0.01242	0.01863	0.02640	0.72410	0.04918	0.06212	0.01346	0.00776	0.00207	0.00311	0.01191	0.00725	0.00621
31	0.01243	0.01170	0.01975	0.75282	0.04534	0.01463	0.01828	0.01682	0.01316	0.01682	0.01170	0.01755	0.00878	0.00658	0.00658	0.00219	0.00878	0.00585	0.00293	0.00731
32	0.01760	0.01603	0.01549	0.01383	0.01760	0.08710	0.01075	0.06738	0.61402	0.02712	0.02464	0.02289	0.01853	0.00867	0.00662	0.00217	0.00596	0.00706	0.00637	0.01019
33	0.00926	0.00698	0.00860	0.00815	0.00991	0.00644	0.00612	0.01263	0.04224	0.02476	0.57154	0.05108	0.18993	0.01393	0.00773	0.00211	0.00322	0.01214	0.00701	0.00623
34	0.00940	0.00705	0.01058	0.01058	0.01176	0.00823	0.00823	0.01176	0.01058	0.01528	0.01763	0.02586	0.01646	0.04937	0.74255	0.01058	0.01763	0.00705	0.00353	0.00588
35	0.01772	0.66795	0.08817	0.01209	0.01802	0.02486	0.01236	0.06259	0.01451	0.01753	0.00978	0.01115	0.00861	0.00582	0.00453	0.00150	0.00726	0.00378	0.00305	0.00872
36	0.02333	0.01804	0.01831	0.01447	0.01914	0.07469	0.01180	0.57154	0.02780	0.03702	0.01583	0.01660	0.01163	0.01010	0.04720	0.00240	0.00792	0.00587	0.05599	0.01031
37	0.01486	0.01322	0.02184	0.03171	0.52707	0.01326	0.01637	0.01810	0.03995	0.02010	0.03912	0.05782	0.01451	0.00965	0.00963	0.12651	0.00702	0.00679	0.00362	0.00884
38	0.00828	0.00584	0.00756	0.00883	0.00915	0.00552	0.00576	0.00923	0.01210	0.01613	0.03368	0.64352	0.04026	0.14593	0.01261	0.00329	0.00425	0.01718	0.00576	0.00512
39	0.00820	0.00604	0.00749	0.00848	0.00922	0.00561	0.00572	0.00936	0.01268	0.01649	0.04007	0.51266	0.17966	0.10602	0.03720	0.00328	0.00450	0.01627	0.00578	0.00525
40	0.01621	0.52779	0.24726	0.01399	0.02089	0.02253	0.03400	0.02010	0.01359	0.01727	0.01007	0.01177	0.00846	0.00582	0.00494	0.00164	0.00797	0.00404	0.00282	0.00885
41	0.00943	0.00696	0.01011	0.01011	0.01113	0.00798	0.00765	0.01146	0.01044	0.01494	0.01806	0.02823	0.01749	0.14820	0.64513	0.01000	0.01609	0.00740	0.00359	0.00562
42	0.01777	0.75465	0.03411	0.01140	0.01698	0.04339	0.01130	0.01987	0.01350	0.01550	0.00918	0.01059	0.00845	0.00566	0.00427	0.00142	0.00716	0.00354	0.00283	0.00843
43	0.01549	0.10339	0.36591	0.02024	0.12569	0.03607	0.05372	0.04593	0.01515	0.05117	0.01417	0.01912	0.01151	0.00713	0.00635	0.00202	0.00858	0.05748	0.00356	0.03731
44	0.01743	0.06391	0.36649	0.01782	0.03975	0.05490	0.06589	0.13195	0.09064	0.06641	0.01475	0.01586	0.01067	0.00685	0.00637	0.00203	0.00865	0.00553	0.00419	0.00990
45	0.01313	0.01254	0.02159	0.61672	0.14571	0.01486	0.04768	0.01750	0.01353	0.01769	0.01187	0.01737	0.00907	0.00643	0.00662	0.00216	0.00873	0.00593	0.00299	0.00784
46	0.02424	0.02994	0.01878	0.01686	0.02024	0.67044	0.01277	0.06828	0.01911	0.01769	0.01047	0.01221	0.00866	0.00703	0.00656	0.00176	0.03916	0.00440	0.00357	0.00784
47	0.01036	0.00786	0.01115	0.01189	0.01374	0.00763	0.03863	0.01327	0.01515	0.01945	0.03911	0.07013	0.14802	0.01741	0.00883	0.00287	0.00583	0.54663	0.00596	0.00610
48	0.79052	0.01268	0.00985	0.00875	0.01286	0.01461	0.00721	0.01975	0.01144	0.05156	0.00969	0.01106	0.00742	0.00617	0.00415	0.00204	0.00511	0.00366	0.00420	0.00726
49	0.00902	0.00672	0.00838	0.00797	0.00965	0.00608	0.00597	0.01184	0.01792	0.02471	0.59549	0.05195	0.19177	0.01409	0.00777	0.00210	0.00315	0.01229	0.00703	0.00608
50	0.00957	0.00638	0.00718	0.00718	0.00718	0.00638	0.00399	0.00957	0.00957	0.01276	0.02074	0.04308	0.02393	0.76864	0.03351	0.00638	0.00638	0.00957	0.00399	0.00399
51	0.01220	0.00795	0.01282	0.09419	0.07100	0.00845	0.03444	0.01115	0.00991	0.01336	0.01150	0.01914	0.01090	0.01864	0.02127	0.59438	0.03561	0.00582	0.00292	0.00434
52	0.00936	0.00669	0.00843	0.00800	0.00961	0.00615	0.00600	0.01232	0.01799	0.02547	0.61827	0.04898	0.12180	0.01340	0.00757	0.00205	0.00313	0.01173	0.05692	0.00615
53	0.02188	0.04410	0.02258	0.02335	0.25375	0.01904	0.01501	0.45516	0.02506	0.03398	0.01444	0.01578	0.01085	0.00715	0.00648	0.00195	0.00743	0.00582	0.00535	0.01085
54	0.01227	0.00614	0.00614	0.00614	0.00767	0.00614	0.00460	0.01534	0.01381	0.02454	0.02148	0.02454	0.01687	0.00767	0.00460	0.00153	0.00307	0.00614	0.80518	0.00614
55	0.01320	0.03405	0.73453	0.01876	0.02849	0.01529	0.02432	0.02085	0.01390	0.02085	0.01181	0.01390	0.00834	0.00625	0.00625	0.00208	0.00973	0.00486	0.00278	0.00973
56	0.02954	0.01120	0.01528	0.01171	0.01681	0.00968	0.00968	0.03208	0.01884	0.73213	0.02597	0.02241	0.01630	0.00815	0.00662	0.00204	0.00560	0.00662	0.00815	0.01120
57	0.81514	0.01273	0.00968	0.00866	0.01273	0.01477	0.00713	0.01935	0.01120	0.02954	0.00917	0.01069	0.00713	0.00611	0.00407	0.00204	0.00509	0.00356	0.00407	0.00713
58	0.02233	0.01710	0.01824	0.01460	0.01939	0.01916	0.01186	0.49685	0.24411	0.03715	0.01923	0.01853	0.01397	0.00822	0.00662	0.00206	0.00661	0.00640	0.00662	0.01095
59	0.00940	0.00705	0.01058	0.01058	0.01176	0.00823	0.00823	0.01176	0.01058	0.01528	0.01763	0.02586	0.01646	0.04937	0.74255	0.01058	0.01763	0.00705	0.00353	0.00588
60	0.00833	0.00669	0.00744	0.00725	0.00923	0.00579	0.00544	0.01052	0.01631	0.02088	0.30301	0.05826	0.48665	0.01552	0.00777	0.00217	0.00325	0.01318	0.00652	0.00579
61	0.01243	0.01170	0.01975	0.75282	0.04534	0.01463	0.01828	0.01682	0.01316	0.01682	0.01170	0.01755	0.00878	0.00658	0.00658	0.00219	0.00878	0.00585	0.00293	0.00731
62	0.01691	0.01441	0.01519	0.01351	0.01732	0.01663	0.01055	0.07682	0.67296	0.02841	0.02611	0.02402	0.01954	0.00887	0.00669	0.00222	0.00534	0.00735	0.00669	0.01047
63	0.00959	0.00714	0.00932	0.01026	0.01185	0.00688	0.00852	0.01212	0.01490	0.01920	0.08478	0.11584	0.20647	0.01942	0.04929	0.00317	0.00569	0.39365	0.00601	0.00589
64	0.01227	0.00614	0.00614	0.00614	0.00767	0.00614	0.00460	0.01534	0.01381	0.02454	0.02148	0.02454	0.01687	0.00767	0.00460	0.00153	0.00307	0.00614	0.80518	0.00614
65	0.00932	0.00673	0.00880	0.00828	0.00984	0.00621	0.00621	0.01242	0.01863	0.02640	0.72410	0.04918	0.06212	0.01346	0.00776	0.00207	0.00311	0.01191	0.00725	0.00621
66	0.01440	0.01440	0.02016	0.01728	0.01728	0.02016	0.01440	0.01584	0.01008	0.01584	0.00864	0.01440	0.00864	0.01152	0.02160	0.00288	0.75659	0.00576	0.00288	0.00720
67	0.00801	0.00578	0.00759	0.00903	0.00951	0.00536	0.00605	0.00918	0.01274	0.01686	0.03797	0.72549	0.08131	0.02041	0.00837	0.00265	0.00379	0.01845	0.00611	0.00536
68	0.81514	0.01273	0.00968	0.00866	0.01273	0.01477	0.00713	0.01935	0.01120	0.02954	0.00917	0.01069	0.00713	0.00611	0.00407	0.00204	0.00509	0.00356	0.00407	0.00713
69	0.00810	0.00579	0.00773	0.00926	0.00968	0.00542	0.00625	0.00931	0.01268	0.01690	0.03624	0.74271	0.04336	0.02055	0.00842	0.00268	0.00389	0.03954	0.00611	0.00537
70	0.00963	0.00735	0.00846	0.00871	0.00975	0.03064	0.00618	0.01133	0.01431	0.01897	0.23777	0.19000	0.11009	0.21600	0.01481	0.00344	0.00476	0.08660	0.00579	0.00542
71	0.00844	0.00614	0.00800	0.00933	0.00990	0.00587	0.00631	0.01044	0.04456	0.01761	0.05872	0.70716	0.04310	0.01986	0.00830	0.00263	0.00386	0.01798	0.00618	0.00561
72	0.78698	0.01278	0.00986	0.00882	0.01289	0.01483	0.00725	0.01990	0.03604	0.02947	0.00979	0.01118	0.00759	0.00621	0.00417	0.00204	0.00510	0.00370	0.00417	0.00725
73	0.01163	0.00916	0.01080	0.00996	0.01222	0.00954	0.00759	0.01982	0.24721	0.02677	0.49544	0.04110	0.04834	0.01197	0.00742	0.00212	0.00380	0.01044	0.00707	0.00759
74	0.81514	0.01273	0.00968	0.00866	0.01273	0.01477	0.00713	0.01935	0.01120	0.02954	0.00917	0.01069	0.00713	0.00611	0.00407	0.00204	0.00509	0.00356	0.00407	0.00713
75	0.60195	0.01098	0.00874	0.00799	0.01139	0.01248	0.00646	0.01829	0.01189	0.02821	0.01244	0.01437	0.00972	0.00652	0.00421	0.00190	0.00455	0.00425	0.21679	0.00687
76	0.01544	0.01746	0.03717	0.02681	0.03287	0.01696	0.64178	0.02062	0.01505	0.02062	0.01290	0.01746	0.00987	0.00609	0.00901	0.00228	0.07803	0.00759	0.00329	0.00873
77	0.01061	0.00758	0.01061	0.01212	0.01364	0.00758	0.01061	0.01364	0.01515	0.01970	0.03486	0.07426	0.03789	0.01819	0.00909	0.00303	0.00606	0.68326	0.00606	0.00606
78	0.01017	0.01084	0.07125	0.01387	0.01668	0.00877	0.16803	0.01295	0.01385	0.01852	0.05421	0.42956	0.11348	0.01535	0.00800	0.00245	0.00588	0.01434	0.00525	0.00655
79	0.01337	0.06276	0.70731	0.01847	0.02804	0.01571	0.02382	0.02080	0.01388	0.02064	0.01171	0.01377	0.00834	0.00623	0.00618	0.00206	0.00962	0.00481	0.00278	0.00968
80	0.00802	0.00573	0.00764	0.00917	0.00955	0.00535	0.00611	0.00917	0.01260	0.01681	0.03628	0.76434	0.04354	0.02062	0.00840	0.00267	0.00382	0.01872	0.00611	0.00535
81	0.01243	0.01170	0.01975	0.75282	0.04534	0.01463	0.01828	0.01682	0.01316	0.01682	0.01170	0.01755	0.00878	0.00658	0.00658	0.00219	0.00878	0.00585	0.00293	0.00731
82	0.01243	0.01170	0.01975	0.75282	0.04534	0.01463	0.01828	0.01682	0.01316	0.01682	0.01170	0.01755	0.00878	0.00658	0.00658	0.00219	0.00878	0.00585	0.00293	0.00731
83	0.01570	0.01627	0.01292	0.01175	0.01422	0.27058	0.00888	0.05993	0.01927	0.02333	0.40056	0.03429	0.06432	0.01085	0.00704	0.00194	0.00651	0.00887	0.00578	0.00700
84	0.01275	0.01212	0.02077	0.68923	0.08279	0.01475	0.04117	0.01715	0.01334	0.01722	0.01179	0.01749	0.00891	0.00651	0.00662	0.00218	0.00880	0.00592	0.00296	0.00754
85	0.02503	0.01844	0.01976	0.01515	0.02042	0.02042	0.01251	0.70562	0.03095	0.04149	0.01581	0.01581	0.01120	0.00790	0.00659	0.00198	0.00724	0.00593	0.00659	0.01120
86	0.81514	0.01273	0.00968	0.00866	0.01273	0.01477	0.00713	0.01935	0.01120	0.02954	0.00917	0.01069	0.00713	0.00611	0.00407	0.00204	0.00509	0.00356	0.00407	0.00713
87	0.00988	0.00922	0.00830	0.00810	0.01016	0.08294	0.00597	0.01164	0.01553	0.01855	0.15302	0.07922	0.49051	0.05698	0.00903	0.00239	0.00438	0.01252	0.00588	0.00578
88	0.01521	0.01681	0.03491	0.02552	0.03122	0.01649	0.58281	0.02069	0.03830	0.02076	0.01445	0.02058	0.01163	0.00685	0.00905	0.00232	0.07797	0.04224	0.00354	0.00863
89	0.10971	0.03857	0.01881	0.01432	0.01916	0.01972	0.01185	0.54402	0.06672	0.03757	0.01522	0.01555	0.01108	0.00786	0.00689	0.00202	0.03872	0.00568	0.00606	0.01046
90	0.01320	0.03405	0.73453	0.01876	0.02849	0.01529	0.02432	0.02085	0.01390	0.02085	0.01181	0.01390	0.00834	0.00625	0.00625	0.00208	0.00973	0.00486	0.00278	0.00973
91	0.01730	0.01969	0.11954	0.13239	0.24453	0.13466	0.07823	0.04962	0.01604	0.05983	0.01416	0.04085	0.01166	0.00715	0.00664	0.00204	0.00886	0.02398	0.00375	0.00908
92	0.01727	0.52980	0.11408	0.01316	0.01894	0.06216	0.04906	0.02027	0.01437	0.04258	0.05494	0.01424	0.01215	0.00634	0.00505	0.00161	0.00754	0.00458	0.00334	0.00854
93	0.61830	0.06122	0.01340	0.01067	0.01480	0.13288	0.02716	0.02054	0.01265	0.02630	0.00944	0.01107	0.00750	0.00618	0.00448	0.00195	0.00647	0.00379	0.00387	0.00734
94	0.00976	0.00710	0.00953	0.01088	0.01213	0.00697	0.00882	0.01251	0.03283	0.01886	0.03699	0.29570	0.07998	0.01864	0.00873	0.00285	0.00515	0.41058	0.00610	0.00592
95	0.01311	0.00875	0.01084	0.00960	0.01198	0.00858	0.00741	0.07754	0.07367	0.09254	0.54323	0.04185	0.05014	0.01213	0.00747	0.00207	0.00387	0.01054	0.00723	0.00744
96	0.01637	0.01414	0.01489	0.01340	0.01712	0.01637	0.01042	0.03498	0.71568	0.02754	0.02679	0.02456	0.02010	0.00893	0.00670	0.00223	0.00521	0.00744	0.00670	0.01042
97	0.01036	0.00740	0.01032	0.01184	0.01324	0.00736	0.01017	0.01321	0.01491	0.01942	0.03499	0.14107	0.03843	0.01842	0.00903	0.00300	0.00584	0.61892	0.00607	0.00599
98	0.01440	0.01440	0.02016	0.01728	0.01728	0.02016	0.01440	0.01584	0.01008	0.01584	0.00864	0.01440	0.00864	0.01152	0.02160	0.00288	0.75659	0.00576	0.00288	0.00720
99	0.01760	0.77260	0.03450	0.01126	0.01690	0.02605	0.01126	0.01971	0.01338	0.01549	0.00915	0.01056	0.00845	0.00563	0.00422	0.00141	0.00704	0.00352	0.00282	0.00845
100	0.00847	0.00667	0.00764	0.00745	0.00933	0.00584	0.00557	0.01076	0.01655	0.02157	0.35656	0.07564	0.41381	0.01536	0.00779	0.00217	0.00325	0.01314	0.00661	0.00584
101	0.00876	0.00663	0.00974	0.01057	0.01144	0.00625	0.04534	0.01039	0.01309	0.01741	0.03483	0.63646	0.04097	0.01948	0.00845	0.00269	0.00450	0.10141	0.00595	0.00563
102	0.01760	0.77260	0.03450	0.01126	0.01690	0.02605	0.01126	0.01971	0.01338	0.01549	0.00915	0.01056	0.00845	0.00563	0.00422	0.00141	0.00704	0.00352	0.00282	0.00845
103	0.02954	0.01120	0.01528	0.01171	0.01681	0.00968	0.00968	0.03208	0.01884	0.73213	0.02597	0.02241	0.01630	0.00815	0.00662	0.00204	0.00560	0.00662	0.00815	0.01120
104	0.01482	0.01627	0.03471	0.02546	0.03137	0.01532	0.60222	0.02000	0.01548	0.02088	0.01647	0.02603	0.01407	0.00740	0.00796	0.00234	0.01036	0.10664	0.00373	0.00847
105	0.01115	0.02896	0.00982	0.00912	0.00956	0.00691	0.00647	0.00965	0.00918	0.01245	0.01280	0.02108	0.01251	0.02849	0.19113	0.59951	0.00852	0.00596	0.00301	0.00373
106	0.01077	0.00670	0.00885	0.00961	0.01067	0.00627	0.00675	0.02974	0.01402	0.09112	0.06338	0.62395	0.04057	0.01867	0.00816	0.00257	0.00411	0.03156	0.00638	0.00615
107	0.00940	0.00705	0.01058	0.01058	0.01176	0.00823	0.00823	0.01176	0.01058	0.01528	0.01763	0.02586	0.01646	0.04937	0.74255	0.01058	0.01763	0.00705	0.00353	0.00588
108	0.01473	0.29030	0.49165	0.01616	0.02447	0.01902	0.01979	0.02045	0.01372	0.01899	0.01089	0.01274	0.00838	0.00604	0.00555	0.00185	0.00880	0.00440	0.00279	0.00928
109	0.02409	0.03064	0.01830	0.01665	0.02001	0.72018	0.01249	0.02578	0.01855	0.01616	0.01187	0.01341	0.02990	0.00708	0.00599	0.00171	0.01162	0.00453	0.00347	0.00757
110	0.01453	0.01350	0.01896	0.01635	0.01669	0.01848	0.01356	0.01611	0.01051	0.04621	0.01031	0.01594	0.00978	0.01532	0.09604	0.00365	0.64775	0.00593	0.00317	0.00723
111	0.22852	0.01522	0.02163	0.06146	0.48527	0.03952	0.01640	0.02004	0.01403	0.02326	0.01143	0.01471	0.00942	0.00599	0.00585	0.00198	0.00727	0.00520	0.00347	0.00933
112	0.01760	0.77260	0.03450	0.01126	0.01690	0.02605	0.01126	0.01971	0.01338	0.01549	0.00915	0.01056	0.00845	0.00563	0.00422	0.00141	0.00704	0.00352	0.00282	0.00845
113	0.01332	0.05306	0.71652	0.01857	0.02819	0.01557	0.02399	0.02082	0.01389	0.02071	0.01175	0.01381	0.00834	0.00624	0.00620	0.00207	0.00966	0.00483	0.00278	0.00970
114	0.02258	0.01711	0.01794	0.01436	0.01906	0.03820	0.01165	0.48127	0.19629	0.05552	0.01880	0.01832	0.01363	0.00812	0.00653	0.00202	0.00668	0.00628	0.03492	0.01073
115	0.00955	0.00706	0.01035	0.01080	0.01199	0.00786	0.00857	0.01196	0.01173	0.01636	0.02283	0.09480	0.02323	0.04037	0.52616	0.00833	0.01404	0.15386	0.00428	0.00588
116	0.00802	0.00573	0.00764	0.00917	0.00955	0.00535	0.00611	0.00917	0.01260	0.01681	0.03628	0.76434	0.04354	0.02062	0.00840	0.00267	0.00382	0.01872	0.00611	0.00535
117	0.01243	0.01170	0.01975	0.75282	0.04534	0.01463	0.01828	0.01682	0.01316	0.01682	0.01170	0.01755	0.00878	0.00658	0.00658	0.00219	0.00878	0.00585	0.00293	0.00731
