[name]
unknown

[dist]
# distance from previous block
# <min> <max>
21	226

[block]
# block no. 0 follows, 31 sequences, length 12
# corresponding to MSA columns:
# 252-263
name=unknown_A
#
# <colnr> <probs for GDERKNQSTAVLIFYWHMCP>
#	G	D	E	R	K	N	Q	S	T	A	V	L	I	F	Y	W	H	M	C	P
0	0.09959	0.08012	0.03766	0.03337	0.01735	0.08391	0.01076	0.09460	0.07824	0.14959	0.08640	0.07837	0.02020	0.01036	0.02111	0.00230	0.04787	0.00741	0.03190	0.00888
1	0.07570	0.11375	0.01783	0.01256	0.01677	0.09710	0.03249	0.09383	0.08055	0.07356	0.01908	0.06283	0.03950	0.01186	0.06585	0.00260	0.00765	0.00660	0.04752	0.12236
2	0.01001	0.00932	0.05822	0.00889	0.01172	0.00697	0.00737	0.01252	0.01593	0.04383	0.17952	0.14955	0.37295	0.01531	0.00780	0.00223	0.00415	0.01307	0.00624	0.06439
3	0.01578	0.11736	0.06546	0.01144	0.01726	0.01326	0.01005	0.09545	0.01594	0.02316	0.01296	0.01618	0.01106	0.05882	0.00737	0.00167	0.00611	0.00473	0.00415	0.49180
4	0.01680	0.06371	0.10273	0.03043	0.07544	0.01397	0.01221	0.16313	0.03910	0.05742	0.01805	0.08339	0.01608	0.09257	0.03332	0.00273	0.00716	0.00724	0.04184	0.12267
5	0.07159	0.06727	0.01816	0.01353	0.01820	0.06362	0.01109	0.33877	0.10362	0.10689	0.02043	0.02014	0.04511	0.00841	0.00640	0.00202	0.00677	0.00638	0.06138	0.01022
6	0.01116	0.00921	0.00995	0.01029	0.01173	0.05771	0.00739	0.06799	0.01576	0.02029	0.08626	0.44574	0.13035	0.02034	0.05928	0.00312	0.00574	0.01525	0.00609	0.00636
7	0.01403	0.01030	0.01506	0.03625	0.21936	0.00979	0.01107	0.01682	0.01637	0.10697	0.18261	0.09102	0.17698	0.05211	0.00900	0.00244	0.00541	0.01053	0.00580	0.00807
8	0.02250	0.07241	0.02116	0.10058	0.07918	0.16236	0.01388	0.27441	0.09332	0.07004	0.01579	0.01681	0.01178	0.00761	0.00654	0.00201	0.00839	0.00582	0.00530	0.01008
9	0.01565	0.01510	0.16523	0.01464	0.07428	0.01058	0.01255	0.02074	0.06148	0.15577	0.24932	0.07982	0.03255	0.01057	0.00720	0.00216	0.00578	0.00911	0.04868	0.00879
10	0.01587	0.09175	0.30063	0.02143	0.13203	0.06619	0.10022	0.02075	0.01472	0.04489	0.01394	0.01918	0.01167	0.10586	0.01027	0.00266	0.00927	0.00612	0.00345	0.00911
11	0.01692	0.03825	0.01565	0.06417	0.06255	0.19846	0.01092	0.02114	0.13622	0.04151	0.01938	0.14728	0.01833	0.01315	0.01081	0.15750	0.00756	0.00820	0.00462	0.00737

[dist]
# distance from previous block
# <min> <max>
4	11

[block]
# block no. 1 follows, 31 sequences, length 20
# corresponding to MSA columns:
# 276-295
name=unknown_B
#
# <colnr> <probs for GDERKNQSTAVLIFYWHMCP>
#	G	D	E	R	K	N	Q	S	T	A	V	L	I	F	Y	W	H	M	C	P
0	0.02260	0.01098	0.01393	0.01172	0.01548	0.01040	0.00937	0.09798	0.04329	0.38348	0.02859	0.07854	0.04916	0.10354	0.01079	0.00284	0.00594	0.08468	0.00724	0.00946
1	0.04932	0.01736	0.01697	0.01438	0.01869	0.07915	0.01141	0.25705	0.36587	0.03247	0.02162	0.02079	0.01610	0.00857	0.00667	0.00215	0.00663	0.00672	0.03753	0.01056
2	0.01400	0.01557	0.15066	0.05705	0.05450	0.01174	0.08092	0.04117	0.07242	0.07627	0.14109	0.09190	0.14155	0.01112	0.00747	0.00226	0.00656	0.00981	0.00549	0.00844
3	0.01437	0.08269	0.35548	0.01690	0.02397	0.01450	0.10088	0.03859	0.01576	0.04786	0.08772	0.06456	0.05262	0.00858	0.00685	0.00211	0.00821	0.00742	0.00418	0.04673
4	0.01549	0.36058	0.37933	0.01537	0.02318	0.02039	0.01818	0.02054	0.01426	0.01901	0.01391	0.01548	0.04424	0.00675	0.00563	0.00186	0.00852	0.00490	0.00308	0.00930
5	0.00850	0.00621	0.00803	0.00933	0.01006	0.00574	0.00645	0.00995	0.01383	0.01823	0.07563	0.60876	0.12192	0.02047	0.00866	0.00271	0.00398	0.04946	0.00641	0.00566
6	0.01765	0.02085	0.18979	0.05751	0.07378	0.01682	0.17709	0.15005	0.12401	0.04949	0.01724	0.04479	0.01326	0.00767	0.00714	0.00222	0.00870	0.00709	0.00474	0.01011
7	0.01710	0.08707	0.30798	0.02139	0.14237	0.05772	0.05981	0.05581	0.01629	0.08170	0.01679	0.05536	0.03507	0.00774	0.00666	0.00210	0.00872	0.00652	0.00402	0.00977
8	0.02513	0.01117	0.01523	0.01357	0.05166	0.01018	0.01054	0.05579	0.01885	0.49258	0.02752	0.05795	0.02105	0.01046	0.00727	0.00228	0.00591	0.11363	0.03890	0.01032
9	0.00955	0.00709	0.00818	0.00789	0.00996	0.00619	0.00592	0.01189	0.01716	0.04722	0.32588	0.08536	0.40139	0.01582	0.00806	0.00226	0.00347	0.01353	0.00690	0.00625
10	0.08436	0.07086	0.30063	0.03390	0.04297	0.11740	0.04373	0.05823	0.04493	0.09514	0.01579	0.01698	0.03126	0.00722	0.00634	0.00207	0.00886	0.00557	0.00419	0.00956
11	0.01596	0.01537	0.02597	0.14044	0.31133	0.01670	0.12335	0.05869	0.01576	0.02211	0.05522	0.01911	0.01353	0.00771	0.00959	0.00228	0.12704	0.00677	0.00374	0.00933
12	0.01275	0.00638	0.00638	0.00638	0.00797	0.00638	0.00478	0.01594	0.01435	0.02551	0.02232	0.02551	0.01754	0.00797	0.00478	0.00159	0.00319	0.00638	0.79755	0.00638
13	0.01618	0.01664	0.06255	0.14360	0.58335	0.01608	0.02092	0.02052	0.01524	0.02160	0.01273	0.01700	0.01047	0.00623	0.00677	0.00208	0.00838	0.00604	0.00331	0.01033
14	0.01741	0.18666	0.15538	0.01889	0.08123	0.09024	0.10446	0.06120	0.12050	0.02268	0.06370	0.01857	0.01506	0.00732	0.00643	0.00199	0.00840	0.00615	0.00424	0.00948
15	0.00929	0.00679	0.00941	0.04747	0.01295	0.00667	0.00825	0.01118	0.01384	0.01828	0.03601	0.53514	0.04184	0.02001	0.00883	0.00285	0.00486	0.19429	0.00617	0.00586
16	0.00938	0.00698	0.00872	0.00828	0.01003	0.00632	0.00621	0.01232	0.01864	0.02571	0.58941	0.05394	0.18950	0.01463	0.00807	0.00218	0.00327	0.01277	0.00730	0.00632
17	0.01081	0.00707	0.00971	0.05478	0.01322	0.00686	0.00792	0.01252	0.01383	0.07312	0.03429	0.52721	0.03901	0.05654	0.00989	0.00294	0.00487	0.10302	0.00620	0.00619
18	0.01651	0.05720	0.33173	0.05183	0.02521	0.11198	0.05272	0.10156	0.04415	0.02292	0.01689	0.09285	0.02752	0.00860	0.00679	0.00215	0.00906	0.00703	0.00407	0.00925
19	0.02328	0.01782	0.01815	0.01435	0.01908	0.06197	0.01168	0.53520	0.02856	0.03812	0.04713	0.02112	0.05503	0.00888	0.00677	0.00202	0.00709	0.00680	0.06649	0.01046

[dist]
# distance from previous block
# <min> <max>
0	2

[block]
# block no. 2 follows, 31 sequences, length 29
# corresponding to MSA columns:
# 298-326
name=unknown_C
#
# <colnr> <probs for GDERKNQSTAVLIFYWHMCP>
#	G	D	E	R	K	N	Q	S	T	A	V	L	I	F	Y	W	H	M	C	P
0	0.07487	0.12346	0.28502	0.01546	0.02250	0.03703	0.04004	0.04135	0.08861	0.10927	0.01528	0.01611	0.01119	0.00683	0.00606	0.00196	0.00791	0.00530	0.00437	0.08738
1	0.04274	0.11365	0.43314	0.01940	0.02789	0.01695	0.15364	0.02120	0.01460	0.02144	0.01216	0.01470	0.00908	0.00617	0.00638	0.00203	0.00954	0.00537	0.00314	0.06678
2	0.01423	0.10349	0.01201	0.00912	0.01139	0.07615	0.00742	0.01710	0.01493	0.02252	0.02221	0.05215	0.01979	0.00969	0.00569	0.00187	0.00504	0.10738	0.48104	0.00678
3	0.02512	0.01872	0.02003	0.01556	0.02088	0.02080	0.01279	0.62922	0.09846	0.04169	0.01755	0.01732	0.01255	0.00832	0.00686	0.00208	0.00732	0.00631	0.00686	0.01156
4	0.01435	0.23503	0.33940	0.01462	0.02135	0.04204	0.01658	0.01920	0.01515	0.02032	0.10786	0.04327	0.06691	0.00851	0.00627	0.00198	0.00785	0.00667	0.00387	0.00874
5	0.01422	0.03189	0.58305	0.02143	0.03088	0.01618	0.16284	0.02172	0.01480	0.02172	0.01260	0.01527	0.00902	0.00635	0.00682	0.00220	0.01040	0.00568	0.00301	0.00993
6	0.01421	0.01302	0.02115	0.63001	0.10317	0.01573	0.01874	0.06660	0.01518	0.01975	0.01253	0.01800	0.00945	0.00687	0.00683	0.00224	0.00892	0.00609	0.00334	0.00817
7	0.01616	0.01546	0.02637	0.17766	0.58729	0.01605	0.02061	0.02032	0.01521	0.02141	0.01273	0.01719	0.01050	0.00624	0.00679	0.00208	0.00832	0.00609	0.00332	0.01021
8	0.01188	0.00594	0.00891	0.00891	0.00891	0.00594	0.00594	0.00891	0.00891	0.01188	0.01188	0.02080	0.01188	0.02377	0.02674	0.80095	0.00594	0.00594	0.00297	0.00297
9	0.00834	0.00595	0.00794	0.00953	0.00992	0.00556	0.00635	0.00953	0.01310	0.01746	0.03771	0.75510	0.04525	0.02143	0.00873	0.00278	0.00397	0.01945	0.00635	0.00556
10	0.00944	0.00698	0.00881	0.00835	0.01007	0.00635	0.00626	0.01244	0.01879	0.02607	0.61527	0.05335	0.16342	0.01449	0.00807	0.00218	0.00326	0.01269	0.00735	0.00635
11	0.01292	0.01216	0.02052	0.74312	0.04712	0.01520	0.01900	0.01748	0.01368	0.01748	0.01216	0.01824	0.00912	0.00684	0.00684	0.00228	0.00912	0.00608	0.00304	0.00760
12	0.01462	0.01439	0.02083	0.27580	0.13422	0.05435	0.01661	0.01769	0.01289	0.01768	0.01164	0.01739	0.01006	0.01268	0.07978	0.00328	0.26893	0.00608	0.00316	0.00793
13	0.00834	0.00595	0.00794	0.00953	0.00992	0.00556	0.00635	0.00953	0.01310	0.01746	0.03771	0.75510	0.04525	0.02143	0.00873	0.00278	0.00397	0.01945	0.00635	0.00556
14	0.00896	0.00696	0.00814	0.00784	0.00977	0.00615	0.00588	0.01150	0.01765	0.02336	0.42023	0.05781	0.36014	0.01551	0.00808	0.00222	0.00334	0.01331	0.00700	0.00615
15	0.01448	0.15679	0.60939	0.01820	0.02760	0.01775	0.02301	0.02147	0.01435	0.02074	0.01182	0.01387	0.00869	0.00639	0.00615	0.00205	0.00965	0.00482	0.00290	0.00989
16	0.00855	0.00611	0.00819	0.00978	0.01027	0.00575	0.00673	0.00991	0.01331	0.01771	0.03759	0.69981	0.04477	0.02123	0.00879	0.00281	0.00416	0.07257	0.00635	0.00562
17	0.01309	0.01249	0.02156	0.70567	0.04652	0.01531	0.05429	0.01771	0.01381	0.01771	0.01225	0.01825	0.00919	0.00678	0.00690	0.00228	0.00925	0.00618	0.00306	0.00769
18	0.00973	0.00759	0.01012	0.01033	0.01105	0.00837	0.00751	0.01117	0.01200	0.01638	0.02991	0.28911	0.10047	0.14038	0.21162	0.00558	0.09546	0.01259	0.00489	0.00574
19	0.01471	0.01284	0.01898	0.45598	0.05123	0.01535	0.01601	0.12922	0.01663	0.02185	0.01774	0.08027	0.04948	0.00915	0.00816	0.00233	0.06024	0.00762	0.00412	0.00808
20	0.01171	0.00774	0.01158	0.01139	0.01299	0.00729	0.05561	0.01372	0.01446	0.09659	0.08104	0.48403	0.03867	0.02039	0.06069	0.00324	0.00581	0.05015	0.00627	0.00663
21	0.01506	0.01955	0.18666	0.09962	0.09001	0.01497	0.26462	0.04406	0.01659	0.04095	0.12010	0.02241	0.01835	0.00748	0.00740	0.00221	0.00910	0.00756	0.00415	0.00912
22	0.01542	0.09843	0.43869	0.02119	0.02970	0.05499	0.20312	0.02192	0.01511	0.02096	0.01235	0.01509	0.00915	0.00627	0.00671	0.00212	0.01035	0.00570	0.00308	0.00963
23	0.01329	0.00895	0.01305	0.01644	0.15567	0.00854	0.01003	0.01557	0.01475	0.10203	0.03077	0.38728	0.04767	0.01541	0.00785	0.00248	0.00516	0.06974	0.06784	0.00748
24	0.01453	0.01547	0.07802	0.19610	0.22232	0.01478	0.09166	0.02130	0.12014	0.02211	0.06831	0.04876	0.03991	0.00823	0.00715	0.00222	0.00783	0.00768	0.00432	0.00916
25	0.04195	0.14415	0.46711	0.01703	0.02544	0.01778	0.02018	0.09662	0.01659	0.07291	0.01326	0.01465	0.00956	0.00672	0.00617	0.00204	0.00894	0.00505	0.00377	0.01010
26	0.04856	0.01526	0.02979	0.01445	0.06587	0.11240	0.01062	0.04680	0.12886	0.20890	0.08006	0.02413	0.01949	0.06248	0.00858	0.00231	0.00663	0.00689	0.03391	0.07399
27	0.01816	0.09516	0.17948	0.01609	0.02212	0.01636	0.09056	0.17137	0.07277	0.08314	0.02144	0.04327	0.06360	0.00887	0.00688	0.00213	0.00771	0.04108	0.00516	0.03464
28	0.09193	0.09354	0.08543	0.06849	0.07998	0.09163	0.02685	0.06251	0.06719	0.09697	0.03521	0.06252	0.01487	0.00802	0.00624	0.00198	0.00733	0.00644	0.02777	0.06507

[dist]
# distance from previous block
# <min> <max>
1	10

[block]
# block no. 3 follows, 31 sequences, length 18
# corresponding to MSA columns:
# 356-373
name=unknown_D
#
# <colnr> <probs for GDERKNQSTAVLIFYWHMCP>
#	G	D	E	R	K	N	Q	S	T	A	V	L	I	F	Y	W	H	M	C	P
0	0.10545	0.01139	0.01600	0.01433	0.04494	0.01130	0.10197	0.03619	0.08293	0.11353	0.05804	0.13353	0.10164	0.01376	0.04366	0.00277	0.00664	0.06275	0.00578	0.03339
1	0.05346	0.01896	0.19942	0.10315	0.05262	0.09082	0.01438	0.01796	0.01516	0.02116	0.11932	0.11126	0.02231	0.04025	0.00792	0.00226	0.00748	0.00802	0.00435	0.08973
2	0.01843	0.02265	0.27466	0.01825	0.06150	0.01626	0.05096	0.19776	0.06516	0.08392	0.05720	0.04343	0.01559	0.00835	0.00747	0.00219	0.03412	0.00681	0.00508	0.01022
3	0.01488	0.01696	0.13566	0.09921	0.08085	0.04160	0.01419	0.07794	0.17297	0.02472	0.11022	0.03100	0.09794	0.01003	0.00720	0.00224	0.00687	0.04119	0.00535	0.00897
4	0.01334	0.01264	0.04267	0.14806	0.17958	0.01239	0.11982	0.01713	0.01500	0.02134	0.10194	0.10796	0.02214	0.03963	0.00860	0.00238	0.02308	0.00884	0.09546	0.00801
5	0.01631	0.01134	0.01318	0.01127	0.01447	0.01170	0.00887	0.17167	0.12774	0.09351	0.35627	0.03757	0.07410	0.01163	0.00752	0.00216	0.00478	0.00986	0.00731	0.00873
6	0.00940	0.00755	0.00950	0.04769	0.04023	0.00697	0.00717	0.01200	0.01699	0.02242	0.34187	0.09280	0.33021	0.01510	0.00800	0.00225	0.00387	0.01304	0.00657	0.00636
7	0.01245	0.01091	0.01375	0.07179	0.10044	0.06058	0.01058	0.04406	0.01583	0.02102	0.15070	0.32618	0.03548	0.01487	0.00875	0.00246	0.04636	0.04113	0.00558	0.00709
8	0.75281	0.01365	0.01079	0.00947	0.01379	0.01576	0.00780	0.06759	0.01309	0.03157	0.01001	0.01149	0.00771	0.00648	0.00442	0.00211	0.00545	0.00388	0.00442	0.00771
9	0.01497	0.01497	0.02095	0.01796	0.01796	0.02095	0.01497	0.01646	0.01048	0.01646	0.00898	0.01497	0.00898	0.01197	0.02245	0.00299	0.74704	0.00599	0.00299	0.00748
10	0.01590	0.10153	0.02258	0.01723	0.01808	0.05882	0.01450	0.01749	0.01133	0.01644	0.00912	0.01437	0.00895	0.01102	0.01953	0.00275	0.62403	0.00564	0.00301	0.00766
11	0.00969	0.00652	0.00754	0.00780	0.00786	0.00646	0.00450	0.00988	0.01046	0.01395	0.02418	0.16016	0.02818	0.63965	0.03058	0.00601	0.00620	0.01149	0.00450	0.00437
12	0.01534	0.01788	0.11557	0.13828	0.05271	0.12987	0.01375	0.05957	0.08242	0.02400	0.24628	0.02817	0.02872	0.00947	0.00710	0.00212	0.00735	0.00791	0.00519	0.00830
13	0.01293	0.01022	0.01474	0.03511	0.01657	0.00885	0.09043	0.01565	0.01498	0.06814	0.08735	0.19362	0.10350	0.04054	0.00820	0.00215	0.00550	0.01042	0.00534	0.25577
14	0.01647	0.01936	0.06381	0.09709	0.07132	0.07736	0.44947	0.02144	0.01562	0.02062	0.01289	0.01738	0.00996	0.00653	0.00881	0.00229	0.07011	0.00717	0.00336	0.00895
15	0.01446	0.01290	0.01998	0.07245	0.26946	0.01360	0.03895	0.04454	0.05584	0.02141	0.03669	0.04388	0.01606	0.01758	0.16567	0.00406	0.04896	0.02897	0.00411	0.07044
16	0.07102	0.01633	0.05876	0.06438	0.02244	0.10167	0.16169	0.04297	0.04918	0.02099	0.01713	0.10583	0.01580	0.04291	0.09509	0.00338	0.02682	0.00789	0.00419	0.07153
17	0.09594	0.01214	0.01415	0.01165	0.01545	0.03411	0.02551	0.03709	0.03510	0.10187	0.01969	0.07782	0.04997	0.03604	0.06469	0.00272	0.07646	0.00700	0.02039	0.26222

[dist]
# distance from previous block
# <min> <max>
0	10

[block]
# block no. 4 follows, 31 sequences, length 15
# corresponding to MSA columns:
# 384-398
name=unknown_E
#
# <colnr> <probs for GDERKNQSTAVLIFYWHMCP>
#	G	D	E	R	K	N	Q	S	T	A	V	L	I	F	Y	W	H	M	C	P
0	0.05289	0.01791	0.01818	0.01658	0.07282	0.12151	0.01227	0.23612	0.17305	0.13558	0.01925	0.01928	0.01414	0.01045	0.04654	0.00257	0.00806	0.00632	0.00609	0.01039
1	0.16918	0.01524	0.01902	0.09654	0.14937	0.06216	0.05114	0.09823	0.06330	0.11885	0.01652	0.04420	0.01297	0.00982	0.04223	0.00257	0.00796	0.00640	0.00495	0.00933
2	0.01645	0.01452	0.02056	0.22125	0.19041	0.01570	0.01553	0.11314	0.08730	0.02412	0.01432	0.01747	0.01125	0.00710	0.00751	0.00201	0.05471	0.00588	0.00423	0.15654
3	0.01402	0.01368	0.01773	0.03755	0.10068	0.09306	0.09034	0.01862	0.08406	0.02170	0.17584	0.10418	0.07806	0.01381	0.05332	0.00281	0.05781	0.00972	0.00518	0.00784
4	0.01005	0.00764	0.01114	0.01099	0.01203	0.00897	0.00843	0.01220	0.01087	0.01565	0.01818	0.02806	0.01747	0.11936	0.62850	0.01017	0.05311	0.00752	0.00368	0.00598
5	0.01275	0.00638	0.00638	0.00638	0.00797	0.00638	0.00478	0.01594	0.01435	0.02551	0.02232	0.02551	0.01754	0.00797	0.00478	0.00159	0.00319	0.00638	0.79755	0.00638
6	0.01798	0.71414	0.08267	0.01224	0.01838	0.02631	0.01263	0.02057	0.01394	0.01647	0.00970	0.01121	0.00877	0.00590	0.00453	0.00151	0.00751	0.00375	0.00292	0.00887
7	0.01490	0.01472	0.01873	0.12733	0.02141	0.06945	0.01389	0.01800	0.05981	0.01715	0.01245	0.01935	0.01166	0.08582	0.04251	0.00337	0.43216	0.00644	0.00345	0.00739
8	0.01275	0.00638	0.00638	0.00638	0.00797	0.00638	0.00478	0.01594	0.01435	0.02551	0.02232	0.02551	0.01754	0.00797	0.00478	0.00159	0.00319	0.00638	0.79755	0.00638
9	0.02153	0.01603	0.01703	0.01386	0.01831	0.01786	0.01119	0.40905	0.21937	0.03644	0.02051	0.02032	0.01511	0.00848	0.00658	0.00206	0.00630	0.00664	0.12272	0.01064
10	0.53726	0.01491	0.01228	0.03167	0.01563	0.08550	0.00879	0.04880	0.03508	0.09979	0.01290	0.01399	0.00961	0.00689	0.00498	0.00207	0.00615	0.00451	0.04108	0.00812
11	0.03637	0.00986	0.01124	0.01004	0.01306	0.00983	0.00780	0.04311	0.16274	0.14503	0.17972	0.06617	0.17556	0.01205	0.00719	0.00218	0.00440	0.01013	0.08523	0.00828
12	0.00820	0.00694	0.00709	0.00705	0.00931	0.00582	0.00529	0.01004	0.01587	0.01913	0.11592	0.06477	0.66709	0.01708	0.00808	0.00230	0.00345	0.01429	0.00644	0.00582
13	0.01188	0.00594	0.00891	0.00891	0.00891	0.00594	0.00594	0.00891	0.00891	0.01188	0.01188	0.02080	0.01188	0.02377	0.02674	0.80095	0.00594	0.00594	0.00297	0.00297
14	0.07353	0.01833	0.01688	0.06101	0.02006	0.16952	0.01199	0.20195	0.15240	0.02737	0.02102	0.04585	0.05119	0.00974	0.00756	0.00222	0.04157	0.05323	0.00548	0.00910

[dist]
# distance from previous block
# <min> <max>
0	1

[block]
# block no. 5 follows, 31 sequences, length 37
# corresponding to MSA columns:
# 400-405,407-437
name=unknown_F
#
# <colnr> <probs for GDERKNQSTAVLIFYWHMCP>
#	G	D	E	R	K	N	Q	S	T	A	V	L	I	F	Y	W	H	M	C	P
0	0.00926	0.00670	0.00839	0.00847	0.00962	0.00621	0.00594	0.01138	0.01611	0.02209	0.38928	0.20913	0.11869	0.13312	0.01242	0.00301	0.00395	0.01378	0.00662	0.00582
1	0.01670	0.01821	0.03741	0.02705	0.03329	0.01787	0.58978	0.06605	0.01673	0.02286	0.01360	0.01803	0.01035	0.00645	0.00921	0.00235	0.07341	0.00777	0.00365	0.00924
2	0.02427	0.01723	0.02034	0.01590	0.02085	0.08757	0.09030	0.29851	0.04299	0.20649	0.01884	0.01921	0.01335	0.01076	0.05501	0.00266	0.00857	0.00652	0.03021	0.01044
3	0.01612	0.00999	0.01223	0.01081	0.01288	0.01069	0.00821	0.19813	0.01669	0.04453	0.01608	0.02128	0.01358	0.02085	0.12284	0.32324	0.00781	0.00630	0.12117	0.00657
4	0.00978	0.00729	0.01078	0.01078	0.01192	0.00843	0.00828	0.01208	0.01093	0.01572	0.01852	0.02798	0.01758	0.09511	0.68931	0.01073	0.01760	0.00749	0.00369	0.00599
5	0.01160	0.01312	0.11342	0.06145	0.01859	0.01043	0.06378	0.01703	0.09513	0.02138	0.11181	0.12245	0.15579	0.03603	0.00875	0.00259	0.00621	0.11746	0.00555	0.00745
6	0.01275	0.00638	0.00638	0.00638	0.00797	0.00638	0.00478	0.01594	0.01435	0.02551	0.02232	0.02551	0.01754	0.00797	0.00478	0.00159	0.00319	0.00638	0.79755	0.00638
7	0.01840	0.01779	0.06777	0.04136	0.05293	0.10305	0.01238	0.23415	0.12757	0.02856	0.07236	0.06582	0.10785	0.01024	0.00710	0.00215	0.00706	0.00830	0.00582	0.00933
8	0.01768	0.64157	0.06760	0.01281	0.01819	0.02582	0.01274	0.02008	0.01353	0.01641	0.00958	0.01161	0.00880	0.00659	0.00658	0.00167	0.09310	0.00400	0.00293	0.00869
9	0.01275	0.00638	0.00638	0.00638	0.00797	0.00638	0.00478	0.01594	0.01435	0.02551	0.02232	0.02551	0.01754	0.00797	0.00478	0.00159	0.00319	0.00638	0.79755	0.00638
10	0.26691	0.05225	0.01984	0.03815	0.06118	0.05930	0.11358	0.14989	0.01693	0.02693	0.01323	0.01788	0.01115	0.09400	0.00971	0.00263	0.02774	0.00588	0.00439	0.00843
11	0.00982	0.00713	0.00996	0.00996	0.01083	0.00799	0.00726	0.01155	0.01069	0.01512	0.01927	0.03211	0.01937	0.25832	0.52855	0.00972	0.01491	0.00810	0.00381	0.00553
12	0.01685	0.01362	0.01580	0.06586	0.15659	0.09478	0.01172	0.08011	0.03587	0.08091	0.02475	0.12336	0.07587	0.01042	0.00684	0.00212	0.00652	0.02862	0.14099	0.00840
13	0.01538	0.00802	0.00920	0.00834	0.01080	0.00773	0.00645	0.01949	0.06337	0.14900	0.14681	0.03224	0.07205	0.00982	0.00609	0.00188	0.00383	0.00814	0.41377	0.00759
14	0.01497	0.01497	0.02095	0.01796	0.01796	0.02095	0.01497	0.01646	0.01048	0.01646	0.00898	0.01497	0.00898	0.01197	0.02245	0.00299	0.74704	0.00599	0.00299	0.00748
15	0.01460	0.01042	0.01667	0.01385	0.01656	0.01052	0.12758	0.01667	0.01432	0.12874	0.06145	0.09218	0.14167	0.01843	0.09962	0.10463	0.09021	0.00958	0.00511	0.00719
16	0.01722	0.01705	0.05570	0.07337	0.60841	0.01653	0.02053	0.06682	0.01657	0.02350	0.01305	0.01686	0.01072	0.00629	0.00677	0.00205	0.00822	0.00606	0.00359	0.01070
17	0.01275	0.00638	0.00638	0.00638	0.00797	0.00638	0.00478	0.01594	0.01435	0.02551	0.02232	0.02551	0.01754	0.00797	0.00478	0.00159	0.00319	0.00638	0.79755	0.00638
18	0.00871	0.00664	0.00803	0.00856	0.00997	0.00596	0.00621	0.01067	0.01561	0.02038	0.21255	0.31370	0.28025	0.01809	0.00838	0.00248	0.00373	0.04757	0.00664	0.00589
19	0.05193	0.22285	0.05288	0.09950	0.06539	0.11183	0.01375	0.10755	0.05217	0.03938	0.01267	0.01473	0.01018	0.00708	0.00688	0.00189	0.05707	0.00503	0.00402	0.06324
20	0.04241	0.08037	0.02152	0.01829	0.08803	0.19264	0.04424	0.17787	0.01910	0.05298	0.01366	0.01764	0.01152	0.07615	0.01115	0.00249	0.11066	0.00589	0.00444	0.00894
21	0.00943	0.00741	0.00858	0.00837	0.01032	0.00683	0.00624	0.01298	0.06411	0.02307	0.34984	0.11372	0.32282	0.01563	0.00806	0.00228	0.00353	0.01348	0.00692	0.00640
22	0.01382	0.01154	0.01205	0.03252	0.05254	0.08386	0.02889	0.01901	0.11911	0.02267	0.06625	0.05568	0.14204	0.04154	0.00765	0.00219	0.00538	0.00870	0.26722	0.00736
23	0.01292	0.01216	0.02052	0.74312	0.04712	0.01520	0.01900	0.01748	0.01368	0.01748	0.01216	0.01824	0.00912	0.00684	0.00684	0.00228	0.00912	0.00608	0.00304	0.00760
24	0.01009	0.02834	0.04293	0.00929	0.01161	0.00784	0.00756	0.01393	0.05463	0.02413	0.42094	0.09455	0.19967	0.01452	0.00793	0.00225	0.00396	0.03234	0.00679	0.00671
25	0.01275	0.00638	0.00638	0.00638	0.00797	0.00638	0.00478	0.01594	0.01435	0.02551	0.02232	0.02551	0.01754	0.00797	0.00478	0.00159	0.00319	0.00638	0.79755	0.00638
26	0.02496	0.01156	0.01491	0.01177	0.01642	0.01052	0.00955	0.07407	0.05700	0.47308	0.14241	0.02708	0.02446	0.00921	0.00696	0.00206	0.00542	0.00763	0.00782	0.06311
27	0.01436	0.01432	0.01909	0.01664	0.01692	0.03900	0.01368	0.01586	0.01125	0.01667	0.01499	0.06881	0.05824	0.01284	0.02010	0.00290	0.62619	0.00742	0.00346	0.00725
28	0.00920	0.00683	0.00857	0.00845	0.01000	0.00620	0.00622	0.01185	0.01776	0.02435	0.49751	0.15884	0.17757	0.01569	0.00817	0.00227	0.00338	0.01380	0.00714	0.00620
29	0.01120	0.00799	0.00976	0.00986	0.03606	0.00741	0.00698	0.01462	0.05945	0.07035	0.30084	0.11144	0.26644	0.04581	0.00905	0.00245	0.00400	0.01267	0.00678	0.00684
30	0.01787	0.00921	0.01193	0.01074	0.01381	0.00847	0.00856	0.02146	0.05954	0.28497	0.17059	0.12184	0.11305	0.01352	0.00782	0.00238	0.00487	0.10348	0.00741	0.00847
31	0.02260	0.01675	0.01784	0.01428	0.01897	0.01862	0.01160	0.47837	0.17035	0.03805	0.01949	0.01937	0.01425	0.00841	0.00663	0.00206	0.00658	0.00651	0.09842	0.01086
32	0.01372	0.03539	0.72412	0.01950	0.02961	0.01589	0.02528	0.02167	0.01444	0.02167	0.01228	0.01444	0.00867	0.00650	0.00650	0.00217	0.01011	0.00506	0.00289	0.01011
33	0.01865	0.04364	0.02314	0.22390	0.21155	0.12380	0.06127	0.02258	0.03057	0.10981	0.03222	0.01830	0.01227	0.00718	0.00725	0.00211	0.03225	0.00617	0.00412	0.00921
34	0.43462	0.01429	0.01618	0.03676	0.06015	0.03501	0.08756	0.01982	0.01329	0.02638	0.01096	0.01329	0.00869	0.00600	0.00516	0.00187	0.00645	0.00453	0.00399	0.19501
35	0.19316	0.01445	0.05108	0.01518	0.01924	0.01451	0.13611	0.12581	0.01655	0.06352	0.04192	0.09973	0.01689	0.03580	0.07295	0.00320	0.05886	0.00784	0.00488	0.00832
36	0.01135	0.00891	0.01152	0.01010	0.01282	0.00843	0.00766	0.01360	0.01194	0.01770	0.01670	0.02541	0.01596	0.15360	0.36025	0.00676	0.01171	0.00662	0.00388	0.28508

[dist]
# distance from previous block
# <min> <max>
0	2

[block]
# block no. 6 follows, 31 sequences, length 8
# corresponding to MSA columns:
# 440-447
name=unknown_G
#
# <colnr> <probs for GDERKNQSTAVLIFYWHMCP>
#	G	D	E	R	K	N	Q	S	T	A	V	L	I	F	Y	W	H	M	C	P
0	0.01278	0.05717	0.30878	0.01387	0.01987	0.01329	0.01506	0.02070	0.15190	0.02217	0.06812	0.03300	0.21451	0.01049	0.00702	0.00220	0.00679	0.00857	0.00493	0.00877
1	0.01674	0.03709	0.06334	0.01866	0.13782	0.03516	0.04573	0.14360	0.04499	0.06131	0.02367	0.11744	0.04238	0.04427	0.00862	0.00251	0.00705	0.11104	0.02974	0.00883
2	0.01717	0.20374	0.19132	0.12826	0.11410	0.11014	0.01703	0.05352	0.01583	0.02042	0.01229	0.01502	0.00977	0.00659	0.00594	0.00190	0.00875	0.00506	0.05411	0.00906
3	0.00823	0.00694	0.00713	0.00708	0.00933	0.00584	0.00531	0.01009	0.01593	0.01928	0.12651	0.06453	0.65641	0.01703	0.00808	0.00230	0.00344	0.01426	0.00646	0.00584
4	0.01275	0.00638	0.00638	0.00638	0.00797	0.00638	0.00478	0.01594	0.01435	0.02551	0.02232	0.02551	0.01754	0.00797	0.00478	0.00159	0.00319	0.00638	0.79755	0.00638
5	0.01419	0.01216	0.01419	0.01013	0.01621	0.00912	0.00811	0.01723	0.01419	0.02229	0.01216	0.01419	0.01013	0.00507	0.00507	0.00101	0.00507	0.00405	0.00405	0.80139
6	0.01372	0.03539	0.72412	0.01950	0.02961	0.01589	0.02528	0.02167	0.01444	0.02167	0.01228	0.01444	0.00867	0.00650	0.00650	0.00217	0.01011	0.00506	0.00289	0.01011
7	0.01189	0.01144	0.04111	0.11955	0.09244	0.01070	0.06416	0.04513	0.04266	0.02184	0.13396	0.04254	0.31110	0.01217	0.00761	0.00224	0.00586	0.01062	0.00542	0.00754

[dist]
# distance from previous block
# <min> <max>
0	2

[block]
# block no. 7 follows, 31 sequences, length 17
# corresponding to MSA columns:
# 450-466
name=unknown_H
#
# <colnr> <probs for GDERKNQSTAVLIFYWHMCP>
#	G	D	E	R	K	N	Q	S	T	A	V	L	I	F	Y	W	H	M	C	P
0	0.80789	0.01323	0.01006	0.00900	0.01323	0.01535	0.00741	0.02011	0.01164	0.03070	0.00953	0.01111	0.00741	0.00635	0.00423	0.00212	0.00529	0.00370	0.00423	0.00741
1	0.00849	0.00606	0.00811	0.00970	0.01017	0.00569	0.00662	0.00979	0.01325	0.01764	0.03762	0.71632	0.04491	0.02129	0.00877	0.00280	0.00410	0.05671	0.00635	0.00560
2	0.02698	0.09985	0.02042	0.01389	0.01933	0.01749	0.01170	0.35899	0.02517	0.30648	0.01980	0.01851	0.01340	0.00805	0.00658	0.00201	0.00683	0.00616	0.00704	0.01132
3	0.05071	0.05537	0.06612	0.06227	0.05371	0.01279	0.01203	0.09132	0.01811	0.33951	0.02228	0.05458	0.01732	0.06143	0.00879	0.00249	0.00670	0.04834	0.00633	0.00982
4	0.01615	0.01845	0.04037	0.02884	0.03576	0.01730	0.69204	0.02191	0.01615	0.02191	0.01384	0.01845	0.01038	0.00577	0.00807	0.00231	0.01153	0.00807	0.00346	0.00923
5	0.16802	0.11171	0.04015	0.07000	0.15739	0.12388	0.05370	0.08565	0.01661	0.04263	0.01378	0.06177	0.01187	0.00755	0.00611	0.00203	0.00805	0.00606	0.00414	0.00892
6	0.00977	0.00733	0.01100	0.01100	0.01222	0.00855	0.00855	0.01222	0.01100	0.01588	0.01833	0.02688	0.01710	0.05131	0.73245	0.01100	0.01833	0.00733	0.00367	0.00611
7	0.01389	0.01281	0.02077	0.34168	0.26923	0.01424	0.01722	0.01881	0.06244	0.01993	0.01733	0.12886	0.01595	0.00894	0.00711	0.00227	0.00775	0.00821	0.00393	0.00863
8	0.01275	0.00638	0.00638	0.00638	0.00797	0.00638	0.00478	0.01594	0.01435	0.02551	0.02232	0.02551	0.01754	0.00797	0.00478	0.00159	0.00319	0.00638	0.79755	0.00638
9	0.02656	0.01126	0.01571	0.01226	0.01700	0.00984	0.03513	0.02918	0.01838	0.56713	0.04889	0.02713	0.01938	0.06487	0.00907	0.00245	0.00600	0.02995	0.00767	0.04214
10	0.01372	0.03539	0.72412	0.01950	0.02961	0.01589	0.02528	0.02167	0.01444	0.02167	0.01228	0.01444	0.00867	0.00650	0.00650	0.00217	0.01011	0.00506	0.00289	0.01011
11	0.01275	0.00638	0.00638	0.00638	0.00797	0.00638	0.00478	0.01594	0.01435	0.02551	0.02232	0.02551	0.01754	0.00797	0.00478	0.00159	0.00319	0.00638	0.79755	0.00638
12	0.12547	0.01913	0.09500	0.12163	0.18439	0.11320	0.08441	0.04009	0.01521	0.02187	0.01324	0.05648	0.01139	0.00771	0.00770	0.00219	0.06207	0.00636	0.00367	0.00878
13	0.01686	0.01390	0.01434	0.01282	0.01625	0.04411	0.00990	0.08854	0.44079	0.04634	0.07817	0.05773	0.05134	0.03791	0.00806	0.00241	0.00556	0.00855	0.03677	0.00965
14	0.04201	0.01309	0.01941	0.05699	0.11447	0.01299	0.09175	0.04287	0.03351	0.06203	0.01771	0.12183	0.01646	0.00925	0.00840	0.00206	0.08444	0.02610	0.00455	0.22008
15	0.00891	0.00703	0.00889	0.01059	0.04930	0.00640	0.00707	0.01060	0.01435	0.01833	0.04790	0.41079	0.29009	0.01888	0.00844	0.00259	0.00418	0.06350	0.00618	0.00598
16	0.02002	0.01825	0.01660	0.01519	0.04147	0.18206	0.01137	0.12372	0.27173	0.06556	0.02147	0.05048	0.01770	0.05089	0.00840	0.00238	0.00748	0.03379	0.00581	0.03562

[dist]
# distance from previous block
# <min> <max>
1	32

[block]
# block no. 8 follows, 31 sequences, length 60
# corresponding to MSA columns:
# 500-559
name=unknown_I
#
# <colnr> <probs for GDERKNQSTAVLIFYWHMCP>
#	G	D	E	R	K	N	Q	S	T	A	V	L	I	F	Y	W	H	M	C	P
0	0.10261	0.01786	0.04221	0.04159	0.01906	0.14402	0.01151	0.18391	0.08398	0.14275	0.01862	0.02200	0.01454	0.05377	0.00819	0.00236	0.00756	0.03664	0.03747	0.00934
1	0.05026	0.04592	0.01155	0.01000	0.01122	0.03619	0.00721	0.03694	0.04005	0.03922	0.01557	0.07843	0.01526	0.05005	0.04479	0.48497	0.00655	0.00705	0.00387	0.00493
2	0.01291	0.01182	0.01105	0.01060	0.01287	0.11690	0.00809	0.06156	0.03605	0.02267	0.22385	0.13576	0.22293	0.01468	0.00788	0.00230	0.00538	0.06958	0.00629	0.00684
3	0.01414	0.10915	0.60509	0.01866	0.02793	0.01678	0.04668	0.02126	0.01461	0.02129	0.03541	0.01545	0.01060	0.00666	0.00639	0.00210	0.00964	0.00526	0.00307	0.00982
4	0.01728	0.01191	0.01423	0.01053	0.01620	0.00944	0.00846	0.02078	0.04083	0.16079	0.01831	0.01878	0.04427	0.00646	0.00563	0.00134	0.00516	0.00523	0.00514	0.57923
5	0.01292	0.01216	0.02052	0.74312	0.04712	0.01520	0.01900	0.01748	0.01368	0.01748	0.01216	0.01824	0.00912	0.00684	0.00684	0.00228	0.00912	0.00608	0.00304	0.00760
6	0.01087	0.00915	0.01422	0.17029	0.14695	0.00955	0.01170	0.01330	0.01367	0.01836	0.02778	0.46471	0.03134	0.01555	0.00797	0.00254	0.00582	0.01419	0.00511	0.00695
7	0.01275	0.00638	0.00638	0.00638	0.00797	0.00638	0.00478	0.01594	0.01435	0.02551	0.02232	0.02551	0.01754	0.00797	0.00478	0.00159	0.00319	0.00638	0.79755	0.00638
8	0.01782	0.67186	0.06884	0.01256	0.01819	0.02606	0.01262	0.02024	0.01367	0.01640	0.00961	0.01144	0.00879	0.00634	0.00584	0.00161	0.06252	0.00390	0.00293	0.00875
9	0.00977	0.00733	0.01100	0.01100	0.01222	0.00855	0.00855	0.01222	0.01100	0.01588	0.01833	0.02688	0.01710	0.05131	0.73245	0.01100	0.01833	0.00733	0.00367	0.00611
10	0.02219	0.04911	0.01917	0.03929	0.02077	0.18261	0.01248	0.27440	0.25174	0.03037	0.01848	0.01837	0.01388	0.00817	0.00663	0.00206	0.00797	0.00618	0.00585	0.01028
11	0.80789	0.01323	0.01006	0.00900	0.01323	0.01535	0.00741	0.02011	0.01164	0.03070	0.00953	0.01111	0.00741	0.00635	0.00423	0.00212	0.00529	0.00370	0.00423	0.00741
12	0.00990	0.00784	0.01135	0.06867	0.06985	0.00808	0.00926	0.01174	0.01341	0.01803	0.03225	0.55308	0.03752	0.01844	0.00916	0.00272	0.04168	0.06506	0.00569	0.00628
13	0.01004	0.00768	0.01135	0.01120	0.01232	0.00909	0.00870	0.01234	0.01093	0.01581	0.01799	0.02697	0.01700	0.07647	0.67058	0.01043	0.05398	0.00736	0.00365	0.00610
14	0.00982	0.00716	0.01012	0.01012	0.01104	0.00808	0.00746	0.01166	0.01074	0.01524	0.01912	0.03130	0.01902	0.22634	0.56004	0.00992	0.01544	0.00798	0.00378	0.00562
15	0.01275	0.00638	0.00638	0.00638	0.00797	0.00638	0.00478	0.01594	0.01435	0.02551	0.02232	0.02551	0.01754	0.00797	0.00478	0.00159	0.00319	0.00638	0.79755	0.00638
16	0.05989	0.01502	0.02200	0.01892	0.09963	0.01454	0.15437	0.07799	0.11022	0.04521	0.01525	0.01725	0.01186	0.00660	0.00697	0.00183	0.03555	0.00594	0.00458	0.27639
17	0.02158	0.01592	0.01844	0.19293	0.02608	0.06276	0.01345	0.21366	0.17814	0.15633	0.01955	0.01994	0.01392	0.00809	0.00683	0.00216	0.00743	0.00652	0.00602	0.01022
18	0.01275	0.00638	0.00638	0.00638	0.00797	0.00638	0.00478	0.01594	0.01435	0.02551	0.02232	0.02551	0.01754	0.00797	0.00478	0.00159	0.00319	0.00638	0.79755	0.00638
19	0.01534	0.01558	0.02090	0.01795	0.01807	0.04565	0.01491	0.01684	0.01079	0.01647	0.00904	0.01488	0.00897	0.01180	0.02189	0.00295	0.72153	0.00593	0.00301	0.00750
20	0.01188	0.00594	0.00891	0.00891	0.00891	0.00594	0.00594	0.00891	0.00891	0.01188	0.01188	0.02080	0.01188	0.02377	0.02674	0.80095	0.00594	0.00594	0.00297	0.00297
21	0.14057	0.02976	0.01802	0.01636	0.01999	0.62673	0.01236	0.02626	0.01825	0.01879	0.01042	0.01216	0.00861	0.00695	0.00588	0.00181	0.01130	0.00430	0.00363	0.00785
22	0.02117	0.28284	0.02444	0.01386	0.01891	0.07473	0.01190	0.21571	0.19235	0.05400	0.01680	0.01673	0.01293	0.00757	0.00595	0.00189	0.00722	0.00556	0.00530	0.01015
23	0.01589	0.01172	0.01524	0.01320	0.01639	0.01204	0.06298	0.13868	0.13342	0.08075	0.04260	0.23788	0.02612	0.04499	0.05142	0.00302	0.00665	0.02924	0.00614	0.05165
24	0.02371	0.01521	0.01681	0.01354	0.01795	0.04010	0.01098	0.36247	0.02456	0.20310	0.02300	0.02747	0.04450	0.08037	0.00973	0.00259	0.00693	0.06001	0.00681	0.01014
25	0.01102	0.00815	0.00971	0.00884	0.01124	0.00740	0.00674	0.03540	0.03589	0.04505	0.38340	0.04979	0.22337	0.03967	0.00869	0.00228	0.00392	0.02996	0.00677	0.07272
26	0.00889	0.00730	0.00787	0.00767	0.00988	0.00646	0.00577	0.01181	0.04823	0.02117	0.22737	0.06032	0.52086	0.01613	0.00803	0.00227	0.00350	0.01362	0.00667	0.00618
27	0.01419	0.01216	0.01419	0.01013	0.01621	0.00912	0.00811	0.01723	0.01419	0.02229	0.01216	0.01419	0.01013	0.00507	0.00507	0.00101	0.00507	0.00405	0.00405	0.80139
28	0.03070	0.01164	0.01588	0.01217	0.01746	0.01006	0.01006	0.03334	0.01958	0.72163	0.02699	0.02329	0.01694	0.00847	0.00688	0.00212	0.00582	0.00688	0.00847	0.01164
29	0.01386	0.01368	0.02044	0.68911	0.04519	0.06857	0.01857	0.01821	0.01410	0.01743	0.01204	0.01780	0.00910	0.00686	0.00679	0.00224	0.00936	0.00596	0.00308	0.00762
30	0.00913	0.00697	0.00838	0.00803	0.00988	0.00622	0.00602	0.01184	0.01807	0.02435	0.49137	0.05618	0.28839	0.01514	0.00807	0.00221	0.00331	0.01308	0.00713	0.00622
31	0.01126	0.00764	0.00926	0.00875	0.01094	0.00694	0.00669	0.01444	0.04186	0.08487	0.36718	0.08179	0.26785	0.01491	0.00801	0.00227	0.00376	0.03766	0.00712	0.00680
32	0.01479	0.01489	0.01986	0.15322	0.05094	0.06699	0.01506	0.01695	0.01213	0.01700	0.01245	0.08274	0.01237	0.01130	0.01655	0.00272	0.46208	0.00712	0.00336	0.00750
33	0.02560	0.03140	0.01949	0.01746	0.02116	0.66834	0.01320	0.08712	0.02053	0.01911	0.01110	0.01270	0.00907	0.00715	0.00623	0.00179	0.01191	0.00456	0.00382	0.00826
34	0.01188	0.00594	0.00891	0.00891	0.00891	0.00594	0.00594	0.00891	0.00891	0.01188	0.01188	0.02080	0.01188	0.02377	0.02674	0.80095	0.00594	0.00594	0.00297	0.00297
35	0.01829	0.76368	0.03585	0.01171	0.01756	0.02707	0.01171	0.02049	0.01390	0.01610	0.00951	0.01097	0.00878	0.00585	0.00439	0.00146	0.00732	0.00366	0.00293	0.00878
36	0.01025	0.00677	0.00848	0.00900	0.00939	0.00673	0.00613	0.01075	0.01146	0.01516	0.02538	0.11863	0.02870	0.43600	0.02559	0.09500	0.00622	0.16099	0.00472	0.00464
37	0.01602	0.06697	0.39844	0.01658	0.02381	0.05143	0.01849	0.06483	0.13516	0.04637	0.06404	0.03618	0.01591	0.00800	0.00664	0.00214	0.00835	0.00637	0.00444	0.00984
38	0.01512	0.01576	0.07734	0.01821	0.10002	0.01235	0.13896	0.04045	0.01535	0.02280	0.01333	0.01703	0.01095	0.00589	0.00611	0.00155	0.00713	0.02261	0.00392	0.45512
39	0.01335	0.01274	0.02212	0.55213	0.06727	0.01518	0.09023	0.01774	0.01375	0.01821	0.01278	0.01867	0.00992	0.00916	0.04359	0.00272	0.04361	0.00636	0.02267	0.00779
40	0.01355	0.01196	0.01759	0.13081	0.20003	0.01143	0.01294	0.01688	0.01423	0.02067	0.04406	0.07760	0.01600	0.01249	0.08819	0.00278	0.00781	0.00683	0.00401	0.29014
41	0.00950	0.00699	0.00889	0.00841	0.01011	0.00638	0.00631	0.01255	0.01893	0.02639	0.63812	0.05282	0.14036	0.01438	0.00807	0.00217	0.00326	0.01261	0.00739	0.00638
42	0.04787	0.01491	0.01570	0.01255	0.01675	0.01632	0.01021	0.45678	0.02584	0.03712	0.01806	0.01913	0.01336	0.00807	0.00610	0.00191	0.00608	0.00615	0.25726	0.00983
43	0.01366	0.01361	0.02508	0.57909	0.04451	0.01568	0.17356	0.01850	0.01425	0.01850	0.01255	0.01829	0.00941	0.00659	0.00712	0.00229	0.00967	0.00654	0.00314	0.00797
44	0.02487	0.01192	0.01581	0.01256	0.01719	0.01108	0.03696	0.08852	0.06611	0.46301	0.04895	0.06950	0.08165	0.01008	0.00718	0.00219	0.00579	0.00847	0.00768	0.01047
45	0.05417	0.01497	0.01771	0.01362	0.01896	0.01508	0.01125	0.32030	0.02479	0.40382	0.02182	0.01990	0.01432	0.00829	0.00678	0.00209	0.00655	0.00646	0.00762	0.01150
46	0.01277	0.00866	0.01237	0.03896	0.06969	0.00897	0.00939	0.03430	0.03299	0.09311	0.02648	0.31366	0.02741	0.02737	0.24459	0.00528	0.00951	0.01192	0.00538	0.00719
47	0.01615	0.01845	0.04037	0.02884	0.03576	0.01730	0.69204	0.02191	0.01615	0.02191	0.01384	0.01845	0.01038	0.00577	0.00807	0.00231	0.01153	0.00807	0.00346	0.00923
48	0.01146	0.01583	0.19175	0.01570	0.01990	0.01059	0.13727	0.01536	0.01427	0.01954	0.02754	0.30409	0.05599	0.04275	0.00911	0.00271	0.00722	0.08665	0.00487	0.00740
49	0.00823	0.00638	0.00750	0.00840	0.00963	0.00565	0.00585	0.00965	0.01418	0.01790	0.05138	0.45680	0.33472	0.01966	0.00845	0.00258	0.00375	0.01728	0.00635	0.00565
50	0.03985	0.01735	0.03884	0.21219	0.11473	0.13036	0.05337	0.05877	0.10937	0.04139	0.01685	0.02310	0.01397	0.00840	0.00746	0.00225	0.03223	0.06627	0.00439	0.00885
51	0.00856	0.00626	0.00808	0.00923	0.01004	0.00577	0.00640	0.01013	0.01421	0.01885	0.11909	0.56710	0.12614	0.02000	0.00861	0.00267	0.00391	0.04275	0.00648	0.00571
52	0.01486	0.01027	0.01192	0.01118	0.01331	0.01075	0.00826	0.13280	0.12200	0.07185	0.02769	0.23601	0.02828	0.19922	0.01454	0.00352	0.00577	0.06410	0.00613	0.00754
53	0.01515	0.01385	0.11038	0.04604	0.10583	0.03099	0.04514	0.01795	0.01436	0.12307	0.04335	0.16601	0.02080	0.01781	0.10554	0.09347	0.00850	0.00911	0.00478	0.00787
54	0.02014	0.16292	0.18326	0.04539	0.07901	0.17549	0.03407	0.13246	0.03849	0.04775	0.01311	0.01474	0.01008	0.00689	0.00619	0.00193	0.00922	0.00517	0.00405	0.00965
55	0.01376	0.01295	0.02186	0.53285	0.21748	0.01507	0.01899	0.01805	0.01414	0.01873	0.01340	0.04837	0.01105	0.00725	0.00690	0.00224	0.00865	0.00664	0.00327	0.00835
56	0.01480	0.01253	0.01452	0.01043	0.01647	0.00975	0.00836	0.05252	0.01512	0.02338	0.01238	0.01430	0.01021	0.00523	0.00516	0.00107	0.00519	0.00416	0.00420	0.76021
57	0.00942	0.00701	0.00915	0.00955	0.01080	0.00688	0.00700	0.01231	0.04278	0.02103	0.25165	0.30421	0.10022	0.02289	0.12331	0.00384	0.00612	0.03933	0.00632	0.00619
58	0.00817	0.00662	0.00726	0.00777	0.00946	0.00571	0.00557	0.00972	0.01479	0.01815	0.05913	0.28778	0.49874	0.01865	0.00829	0.00246	0.00363	0.01605	0.00635	0.00571
59	0.01640	0.11289	0.02145	0.16263	0.13877	0.12872	0.03277	0.02106	0.07733	0.02012	0.04333	0.03847	0.04097	0.00793	0.00646	0.00195	0.00790	0.02238	0.00409	0.09436

[dist]
# distance from previous block
# <min> <max>
0	3

[block]
# block no. 9 follows, 31 sequences, length 37
# corresponding to MSA columns:
# 563-578,586-606
name=unknown_J
#
# <colnr> <probs for GDERKNQSTAVLIFYWHMCP>
#	G	D	E	R	K	N	Q	S	T	A	V	L	I	F	Y	W	H	M	C	P
0	0.01133	0.02717	0.06759	0.04258	0.04223	0.00813	0.00926	0.01359	0.01437	0.07463	0.05697	0.45078	0.12121	0.01686	0.00804	0.00252	0.00498	0.01498	0.00594	0.00684
1	0.02453	0.13745	0.02181	0.01669	0.02064	0.59983	0.01299	0.05504	0.01915	0.01779	0.01067	0.01232	0.00893	0.00693	0.00594	0.00173	0.01141	0.00437	0.00358	0.00821
2	0.01644	0.01627	0.05418	0.01273	0.01877	0.07911	0.04177	0.08238	0.01647	0.02368	0.01250	0.01444	0.01008	0.00566	0.00555	0.00130	0.00655	0.00453	0.00418	0.57340
3	0.01592	0.01484	0.02416	0.13310	0.49109	0.01555	0.01860	0.05367	0.01582	0.02207	0.01661	0.05610	0.04450	0.00784	0.00762	0.00216	0.03963	0.00714	0.00378	0.00979
4	0.00834	0.00595	0.00794	0.00953	0.00992	0.00556	0.00635	0.00953	0.01310	0.01746	0.03771	0.75510	0.04525	0.02143	0.00873	0.00278	0.00397	0.01945	0.00635	0.00556
5	0.00992	0.00676	0.00812	0.00812	0.00835	0.00699	0.00497	0.01037	0.01014	0.01376	0.02095	0.04142	0.02342	0.62694	0.16545	0.00745	0.00882	0.00946	0.00406	0.00451
6	0.01791	0.01399	0.01599	0.01337	0.01707	0.04968	0.03729	0.14035	0.21143	0.09069	0.21255	0.02887	0.02895	0.00997	0.00780	0.00214	0.03716	0.00826	0.00660	0.04993
7	0.00946	0.00640	0.00778	0.00837	0.00866	0.00632	0.00523	0.01019	0.01138	0.01554	0.02746	0.30862	0.03175	0.41145	0.06073	0.00519	0.00610	0.01320	0.04130	0.00488
8	0.00922	0.00714	0.00843	0.00828	0.01010	0.00649	0.00614	0.01226	0.04185	0.02313	0.38064	0.12978	0.29994	0.01583	0.00811	0.00228	0.00347	0.01371	0.00695	0.00627
9	0.01872	0.02060	0.25429	0.01560	0.02236	0.01343	0.05137	0.04612	0.01604	0.19659	0.01587	0.01691	0.01131	0.00710	0.00763	0.00194	0.06767	0.00554	0.00474	0.20618
10	0.04909	0.18047	0.36787	0.02285	0.18046	0.01832	0.04759	0.02122	0.01454	0.02106	0.01178	0.01430	0.00919	0.00624	0.00609	0.00199	0.00894	0.00506	0.00309	0.00985
11	0.00834	0.00595	0.00794	0.00953	0.00992	0.00556	0.00635	0.00953	0.01310	0.01746	0.03771	0.75510	0.04525	0.02143	0.00873	0.00278	0.00397	0.01945	0.00635	0.00556
12	0.23569	0.01825	0.10100	0.01301	0.01787	0.09019	0.01159	0.17554	0.03817	0.10431	0.03714	0.04083	0.01378	0.00801	0.00597	0.00206	0.00693	0.00593	0.06458	0.00914
13	0.01446	0.04797	0.04175	0.01260	0.04956	0.01042	0.00934	0.01934	0.14285	0.10912	0.07928	0.25234	0.05616	0.01493	0.00988	0.09985	0.00527	0.01125	0.00595	0.00768
