[name]
unknown

[dist]
# distance from previous block
# <min> <max>
10	83

[block]
# block no. 0 follows, 33 sequences, length 8
# corresponding to MSA columns:
# 109-116
name=unknown_A
#
# <colnr> <probs for GDERKNQSTAVLIFYWHMCP>
#	G	D	E	R	K	N	Q	S	T	A	V	L	I	F	Y	W	H	M	C	P
0	0.06018	0.04221	0.03349	0.04433	0.06334	0.05025	0.01045	0.11331	0.12256	0.11882	0.02430	0.10196	0.08169	0.05327	0.00809	0.00230	0.00611	0.00809	0.00552	0.04973
1	0.04578	0.01285	0.04279	0.02716	0.05011	0.05558	0.03743	0.09775	0.05828	0.10358	0.12087	0.11254	0.07102	0.09470	0.00987	0.00256	0.00605	0.00907	0.00559	0.03643
2	0.07098	0.01710	0.06949	0.06175	0.15185	0.07383	0.05086	0.15032	0.05074	0.05364	0.07004	0.01839	0.01457	0.00747	0.00719	0.00198	0.04866	0.00605	0.00460	0.07050
3	0.01656	0.04657	0.11170	0.01643	0.07676	0.01370	0.09268	0.11673	0.05909	0.06821	0.03888	0.01865	0.01342	0.05024	0.00770	0.00199	0.00697	0.00588	0.00453	0.23331
4	0.03793	0.04415	0.03811	0.01337	0.03907	0.07830	0.06934	0.08670	0.09127	0.02233	0.06821	0.14466	0.17417	0.01147	0.00697	0.00209	0.00607	0.00983	0.00529	0.05067
5	0.01317	0.01255	0.04126	0.06587	0.01866	0.03532	0.10723	0.10442	0.04466	0.02178	0.03462	0.06513	0.26120	0.04507	0.00842	0.00233	0.00632	0.04575	0.00512	0.06113
6	0.01171	0.03043	0.01270	0.04362	0.01442	0.01005	0.04052	0.10327	0.03564	0.02178	0.11787	0.20391	0.22486	0.01623	0.05031	0.00276	0.03550	0.01189	0.00568	0.00686
7	0.01620	0.01363	0.05503	0.01532	0.07956	0.01218	0.07062	0.11025	0.09707	0.09677	0.09663	0.05509	0.08634	0.00893	0.00667	0.00191	0.00598	0.00778	0.00549	0.15855

[dist]
# distance from previous block
# <min> <max>
0	3

[block]
# block no. 1 follows, 33 sequences, length 8
# corresponding to MSA columns:
# 120-127
name=unknown_B
#
# <colnr> <probs for GDERKNQSTAVLIFYWHMCP>
#	G	D	E	R	K	N	Q	S	T	A	V	L	I	F	Y	W	H	M	C	P
0	0.01457	0.10568	0.03389	0.04047	0.03416	0.03502	0.00951	0.10814	0.09721	0.04616	0.05328	0.21085	0.05272	0.07291	0.01004	0.04699	0.00585	0.00983	0.00524	0.00749
1	0.01678	0.19627	0.17170	0.01674	0.08377	0.04515	0.06896	0.02208	0.08137	0.09694	0.01899	0.01975	0.07267	0.00732	0.00604	0.00187	0.00741	0.00600	0.00421	0.05600
2	0.01351	0.06720	0.15359	0.01166	0.01500	0.03121	0.01081	0.04503	0.01316	0.06413	0.01895	0.02694	0.04691	0.21460	0.14683	0.00469	0.04672	0.00707	0.05502	0.00700
3	0.01551	0.07006	0.10191	0.01440	0.04544	0.10148	0.05624	0.06426	0.01585	0.04583	0.05267	0.15351	0.01854	0.00905	0.00634	0.00181	0.00688	0.00771	0.00447	0.20804
4	0.01567	0.01302	0.01448	0.08865	0.01845	0.06972	0.00981	0.08289	0.05907	0.06753	0.01828	0.05782	0.04537	0.05401	0.04981	0.00245	0.02892	0.00647	0.00462	0.29296
5	0.01529	0.01601	0.11409	0.03795	0.07712	0.08880	0.05829	0.06607	0.01602	0.07257	0.09359	0.11973	0.02234	0.09392	0.00986	0.00255	0.00716	0.02851	0.00478	0.05535
6	0.01236	0.04230	0.01340	0.01156	0.01334	0.08903	0.03984	0.03722	0.01257	0.01642	0.04591	0.02586	0.01736	0.13088	0.40259	0.05945	0.01305	0.00704	0.00375	0.00606
7	0.04775	0.01404	0.07282	0.20373	0.04854	0.01338	0.17392	0.01926	0.05310	0.08001	0.05080	0.10488	0.03864	0.00896	0.00767	0.00225	0.03951	0.00826	0.00437	0.00810

[dist]
# distance from previous block
# <min> <max>
0	1

[block]
# block no. 2 follows, 33 sequences, length 73
# corresponding to MSA columns:
# 129-182,191-209
name=unknown_C
#
# <colnr> <probs for GDERKNQSTAVLIFYWHMCP>
#	G	D	E	R	K	N	Q	S	T	A	V	L	I	F	Y	W	H	M	C	P
0	0.03633	0.03419	0.06723	0.10740	0.31988	0.01446	0.06511	0.03941	0.04739	0.06239	0.04780	0.01811	0.01316	0.00653	0.00638	0.00192	0.00739	0.00602	0.00399	0.09492
1	0.01697	0.01325	0.01500	0.01231	0.04575	0.04886	0.00936	0.10399	0.01673	0.09051	0.05108	0.01719	0.01356	0.00655	0.00618	0.00144	0.03551	0.00511	0.04503	0.44563
2	0.01272	0.01217	0.02109	0.69052	0.06166	0.01478	0.06044	0.01717	0.01336	0.01720	0.01182	0.01753	0.00889	0.00650	0.00665	0.00219	0.00889	0.00597	0.00296	0.00749
3	0.01591	0.02078	0.20723	0.02312	0.03008	0.01544	0.42549	0.04447	0.01585	0.06827	0.01514	0.02039	0.01169	0.00672	0.00736	0.00221	0.00997	0.04693	0.00378	0.00915
4	0.01620	0.00825	0.01100	0.00945	0.01221	0.00739	0.00739	0.01911	0.01871	0.26657	0.48652	0.04007	0.04652	0.01165	0.00738	0.00206	0.00396	0.01011	0.00755	0.00791
5	0.01144	0.00572	0.00858	0.00858	0.00858	0.00572	0.00572	0.00858	0.00858	0.01144	0.01144	0.02001	0.01144	0.02287	0.02573	0.80846	0.00572	0.00572	0.00286	0.00286
6	0.00845	0.00645	0.00779	0.00812	0.00958	0.00579	0.00594	0.01048	0.01547	0.02031	0.26507	0.26134	0.29014	0.01685	0.00801	0.00234	0.00351	0.04216	0.00647	0.00573
7	0.01320	0.03405	0.73453	0.01876	0.02849	0.01529	0.02432	0.02085	0.01390	0.02085	0.01181	0.01390	0.00834	0.00625	0.00625	0.00208	0.00973	0.00486	0.00278	0.00973
8	0.02465	0.02975	0.01879	0.01673	0.02036	0.65147	0.01269	0.11169	0.02020	0.01930	0.01088	0.01237	0.00882	0.00692	0.00602	0.00173	0.01129	0.00445	0.00379	0.00808
9	0.00889	0.00655	0.00839	0.00950	0.01041	0.00629	0.00685	0.01123	0.04558	0.01817	0.07071	0.50872	0.10014	0.04097	0.00908	0.00275	0.00423	0.11971	0.00612	0.00571
10	0.01888	0.60703	0.04977	0.01252	0.01788	0.14162	0.01189	0.04454	0.01485	0.01663	0.00962	0.01104	0.00855	0.00591	0.00464	0.00149	0.00790	0.00376	0.00304	0.00844
11	0.01789	0.03329	0.01596	0.01416	0.04175	0.01606	0.01076	0.05113	0.58891	0.09511	0.02548	0.02349	0.01887	0.00864	0.00662	0.00218	0.00544	0.00717	0.00662	0.01047
12	0.00934	0.00883	0.05410	0.00884	0.01118	0.00719	0.00734	0.01215	0.01636	0.02220	0.38513	0.04864	0.27725	0.01522	0.03737	0.00246	0.03030	0.01151	0.00619	0.02839
13	0.01524	0.11328	0.48181	0.01938	0.07243	0.01610	0.07865	0.02136	0.01438	0.06922	0.01265	0.01458	0.00921	0.00619	0.00616	0.00198	0.00901	0.00512	0.00326	0.02999
14	0.01375	0.07560	0.58046	0.03671	0.02656	0.01554	0.02140	0.03895	0.03506	0.02137	0.03586	0.01532	0.01062	0.00653	0.00616	0.00200	0.00893	0.00511	0.00320	0.04088
15	0.01631	0.01697	0.07549	0.15743	0.37931	0.06050	0.07709	0.03770	0.01558	0.04886	0.04211	0.01777	0.01221	0.00650	0.00664	0.00202	0.00836	0.00613	0.00362	0.00940
16	0.01574	0.01510	0.02559	0.12874	0.61424	0.01569	0.01974	0.01961	0.01457	0.02070	0.01215	0.01638	0.01015	0.00618	0.00712	0.00202	0.03732	0.00586	0.00320	0.00991
17	0.00935	0.00698	0.00949	0.03823	0.04092	0.00681	0.00741	0.03762	0.01417	0.01912	0.11648	0.59019	0.04185	0.01813	0.00811	0.00253	0.00422	0.01638	0.00603	0.00596
18	0.75955	0.01292	0.01026	0.00901	0.01317	0.01485	0.00743	0.04800	0.01224	0.05064	0.00993	0.01125	0.00757	0.00624	0.00425	0.00203	0.00520	0.00375	0.00430	0.00742
19	0.00820	0.00617	0.00749	0.00844	0.00944	0.00561	0.00590	0.00954	0.01331	0.01703	0.04462	0.46129	0.25266	0.06635	0.00983	0.00279	0.00396	0.05602	0.00598	0.00537
20	0.00970	0.00781	0.01013	0.00943	0.01152	0.00720	0.04820	0.04036	0.01605	0.02083	0.20952	0.12926	0.32702	0.05440	0.00924	0.00251	0.00435	0.07028	0.00612	0.00609
21	0.01523	0.21739	0.32019	0.01752	0.06122	0.04783	0.06339	0.02131	0.07450	0.01941	0.01280	0.01537	0.01025	0.02769	0.02671	0.00227	0.02946	0.00517	0.00327	0.00903
22	0.00802	0.00573	0.00764	0.00917	0.00955	0.00535	0.00611	0.00917	0.01260	0.01681	0.03628	0.76434	0.04354	0.02062	0.00840	0.00267	0.00382	0.01872	0.00611	0.00535
23	0.01517	0.04439	0.02070	0.01692	0.01746	0.02041	0.01417	0.05751	0.01147	0.01737	0.00909	0.01434	0.00879	0.01107	0.02002	0.00277	0.68208	0.00568	0.00310	0.00749
24	0.01475	0.01322	0.01419	0.01041	0.01608	0.05728	0.00828	0.04053	0.01456	0.02178	0.01174	0.01361	0.00972	0.00510	0.00500	0.00106	0.00541	0.00399	0.00396	0.72934
25	0.01674	0.32759	0.23686	0.01570	0.06610	0.01865	0.01552	0.02065	0.01414	0.09503	0.01398	0.03650	0.01184	0.00742	0.00640	0.00190	0.04252	0.03981	0.00367	0.00899
26	0.00869	0.00670	0.00792	0.00762	0.00945	0.00594	0.00571	0.01120	0.01714	0.02286	0.45377	0.05501	0.33466	0.01478	0.00777	0.00213	0.00320	0.01272	0.00678	0.00594
27	0.00955	0.00648	0.00770	0.00770	0.00787	0.00666	0.00463	0.00990	0.00973	0.01315	0.02027	0.04047	0.02280	0.65959	0.14101	0.00702	0.00809	0.00919	0.00392	0.00428
28	0.30665	0.01174	0.01330	0.01064	0.01537	0.01147	0.00878	0.02759	0.01615	0.48430	0.02004	0.01828	0.01306	0.00743	0.00572	0.00204	0.00542	0.00554	0.00671	0.00977
29	0.02211	0.09013	0.01551	0.01091	0.01513	0.01151	0.00901	0.02687	0.11400	0.40372	0.09470	0.02665	0.06250	0.00899	0.00643	0.00198	0.00516	0.00733	0.05772	0.00966
30	0.01799	0.01584	0.02194	0.04819	0.02290	0.09200	0.19941	0.09286	0.09753	0.09936	0.01873	0.05283	0.01564	0.00858	0.00754	0.00213	0.03392	0.07070	0.00496	0.07695
31	0.01365	0.01170	0.01365	0.00975	0.01560	0.00878	0.00780	0.01658	0.01365	0.02145	0.01170	0.01365	0.00975	0.00488	0.00488	0.00098	0.00488	0.00390	0.00390	0.80888
32	0.01243	0.01170	0.01975	0.75282	0.04534	0.01463	0.01828	0.01682	0.01316	0.01682	0.01170	0.01755	0.00878	0.00658	0.00658	0.00219	0.00878	0.00585	0.00293	0.00731
33	0.00809	0.00668	0.00710	0.00699	0.00908	0.00569	0.00524	0.01004	0.01573	0.01951	0.19854	0.06051	0.59197	0.01603	0.00778	0.00219	0.00329	0.01350	0.00634	0.00569
34	0.01760	0.77260	0.03450	0.01126	0.01690	0.02605	0.01126	0.01971	0.01338	0.01549	0.00915	0.01056	0.00845	0.00563	0.00422	0.00141	0.00704	0.00352	0.00282	0.00845
35	0.00837	0.00665	0.00747	0.00756	0.00938	0.00583	0.00566	0.01034	0.01546	0.01958	0.20795	0.11416	0.46020	0.04133	0.00876	0.00241	0.00358	0.05334	0.00629	0.00567
36	0.00807	0.00652	0.00717	0.00734	0.00915	0.00563	0.00538	0.00988	0.01520	0.01902	0.16817	0.17685	0.50498	0.01680	0.00788	0.00227	0.00338	0.01437	0.00630	0.00563
37	0.01430	0.01465	0.02398	0.01926	0.02098	0.01829	0.18641	0.01676	0.01145	0.01702	0.01062	0.01675	0.00986	0.03882	0.04877	0.00316	0.51194	0.00646	0.00306	0.00745
38	0.01526	0.06096	0.24669	0.13933	0.05050	0.01669	0.27328	0.07848	0.01584	0.02179	0.01257	0.01596	0.00932	0.00614	0.00680	0.00210	0.00968	0.00615	0.00335	0.00910
39	0.02459	0.03138	0.01866	0.01696	0.02035	0.74221	0.01272	0.02629	0.01866	0.01611	0.01018	0.01187	0.00848	0.00678	0.00594	0.00170	0.01187	0.00424	0.00339	0.00763
40	0.00933	0.00683	0.00814	0.00775	0.00961	0.00607	0.00580	0.01180	0.01704	0.04324	0.43853	0.05358	0.30926	0.03377	0.00839	0.00224	0.00335	0.01244	0.00676	0.00605
41	0.01277	0.01803	0.21332	0.35151	0.08203	0.01409	0.08614	0.01788	0.01411	0.01920	0.05219	0.02091	0.05494	0.00731	0.00674	0.00215	0.00857	0.00658	0.00337	0.00817
42	0.01144	0.00572	0.00858	0.00858	0.00858	0.00572	0.00572	0.00858	0.00858	0.01144	0.01144	0.02001	0.01144	0.02287	0.02573	0.80846	0.00572	0.00572	0.00286	0.00286
43	0.01554	0.01776	0.03885	0.02775	0.03441	0.01665	0.70366	0.02109	0.01554	0.02109	0.01332	0.01776	0.00999	0.00555	0.00777	0.00222	0.01110	0.00777	0.00333	0.00888
44	0.01473	0.01369	0.02021	0.40385	0.10579	0.04206	0.05663	0.07286	0.10659	0.02111	0.03990	0.01943	0.01285	0.00859	0.03215	0.00243	0.00845	0.00638	0.00395	0.00835
45	0.01274	0.01134	0.01673	0.02320	0.31079	0.04051	0.01328	0.01549	0.01442	0.01939	0.02491	0.26578	0.02700	0.01334	0.00767	0.00241	0.00633	0.16215	0.00480	0.00772
46	0.00940	0.00705	0.01058	0.01058	0.01176	0.00823	0.00823	0.01176	0.01058	0.01528	0.01763	0.02586	0.01646	0.04937	0.74255	0.01058	0.01763	0.00705	0.00353	0.00588
47	0.01373	0.01333	0.02115	0.57483	0.18580	0.04474	0.01845	0.01791	0.01377	0.01776	0.01178	0.01706	0.00911	0.00644	0.00654	0.00212	0.00870	0.00579	0.00301	0.00797
48	0.01099	0.00836	0.01211	0.04378	0.09793	0.00922	0.00873	0.01211	0.01059	0.01479	0.01647	0.02878	0.01684	0.28259	0.24512	0.10641	0.05863	0.00747	0.00350	0.00555
49	0.00932	0.00673	0.00880	0.00828	0.00984	0.00621	0.00621	0.01242	0.01863	0.02640	0.72410	0.04918	0.06212	0.01346	0.00776	0.00207	0.00311	0.01191	0.00725	0.00621
50	0.02233	0.01752	0.01763	0.05932	0.02006	0.09095	0.01172	0.49272	0.02609	0.03491	0.01582	0.01680	0.01161	0.00767	0.00623	0.00190	0.00719	0.00578	0.12390	0.00985
51	0.00955	0.00669	0.00906	0.00926	0.01001	0.00715	0.00666	0.01073	0.01074	0.01472	0.02240	0.07924	0.05059	0.25950	0.34839	0.06996	0.01110	0.05517	0.00405	0.00504
52	0.02685	0.05881	0.04297	0.01186	0.01695	0.01105	0.01021	0.05253	0.01872	0.59647	0.06543	0.02273	0.01806	0.00823	0.00653	0.00200	0.00575	0.00665	0.00751	0.01068
53	0.01548	0.01629	0.02112	0.01787	0.01860	0.09167	0.05507	0.01719	0.01126	0.01618	0.00907	0.01435	0.00871	0.01070	0.01923	0.00272	0.63845	0.00573	0.00296	0.00734
54	0.05168	0.01395	0.01497	0.01298	0.01690	0.01565	0.01024	0.11972	0.49577	0.09032	0.06587	0.02412	0.02056	0.00888	0.00663	0.00216	0.00538	0.00728	0.00673	0.01020
55	0.01664	0.01643	0.02598	0.06551	0.66030	0.05865	0.01969	0.02044	0.01514	0.02101	0.01223	0.01608	0.01025	0.00595	0.00649	0.00195	0.00810	0.00577	0.00325	0.01015
56	0.01648	0.01474	0.01482	0.01371	0.03698	0.07605	0.01032	0.07782	0.47542	0.02686	0.10956	0.02718	0.05229	0.00945	0.00679	0.00214	0.00566	0.00782	0.00635	0.00954
57	0.01259	0.01186	0.02003	0.72354	0.07338	0.01467	0.01836	0.01696	0.01324	0.01701	0.01173	0.01750	0.00884	0.00655	0.00658	0.00218	0.00874	0.00585	0.00294	0.00744
58	0.02667	0.01552	0.01585	0.01281	0.01726	0.15041	0.01021	0.09201	0.03735	0.47158	0.02173	0.02105	0.01488	0.05221	0.00806	0.00222	0.00699	0.00630	0.00682	0.01008
59	0.01320	0.03405	0.73453	0.01876	0.02849	0.01529	0.02432	0.02085	0.01390	0.02085	0.01181	0.01390	0.00834	0.00625	0.00625	0.00208	0.00973	0.00486	0.00278	0.00973
60	0.00993	0.00740	0.01017	0.01082	0.05528	0.00699	0.00770	0.01308	0.01793	0.02517	0.58422	0.05059	0.05553	0.01364	0.00787	0.00220	0.00381	0.10439	0.00683	0.00645
61	0.01248	0.01170	0.01949	0.72169	0.04410	0.01438	0.01784	0.01681	0.01318	0.01701	0.01170	0.01739	0.00882	0.00651	0.00651	0.00214	0.00861	0.00577	0.00297	0.04089
62	0.81514	0.01273	0.00968	0.00866	0.01273	0.01477	0.00713	0.01935	0.01120	0.02954	0.00917	0.01069	0.00713	0.00611	0.00407	0.00204	0.00509	0.00356	0.00407	0.00713
63	0.78364	0.01296	0.01008	0.00892	0.01304	0.01499	0.00734	0.04671	0.01199	0.03001	0.00943	0.01090	0.00729	0.00618	0.00417	0.00203	0.00518	0.00366	0.00417	0.00729
64	0.81514	0.01273	0.00968	0.00866	0.01273	0.01477	0.00713	0.01935	0.01120	0.02954	0.00917	0.01069	0.00713	0.00611	0.00407	0.00204	0.00509	0.00356	0.00407	0.00713
65	0.01303	0.01231	0.02083	0.64197	0.15149	0.01478	0.01858	0.01735	0.01345	0.01755	0.01181	0.01736	0.00903	0.00647	0.00657	0.00216	0.00863	0.00585	0.00298	0.00780
66	0.01629	0.01564	0.02672	0.04041	0.72757	0.01564	0.02020	0.02020	0.01499	0.02151	0.01238	0.01629	0.01043	0.00587	0.00652	0.00196	0.00782	0.00587	0.00326	0.01043
67	0.01365	0.01170	0.01365	0.00975	0.01560	0.00878	0.00780	0.01658	0.01365	0.02145	0.01170	0.01365	0.00975	0.00488	0.00488	0.00098	0.00488	0.00390	0.00390	0.80888
68	0.01147	0.00596	0.00902	0.03825	0.01004	0.00607	0.00622	0.00890	0.00876	0.01165	0.01145	0.01991	0.01133	0.02222	0.02497	0.77632	0.00584	0.00572	0.00286	0.00304
69	0.01371	0.01206	0.01539	0.04135	0.01794	0.00948	0.04946	0.01685	0.01374	0.02124	0.01180	0.01405	0.00972	0.00499	0.00512	0.00110	0.00540	0.00421	0.00383	0.72854
70	0.01554	0.01776	0.03885	0.02775	0.03441	0.01665	0.70366	0.02109	0.01554	0.02109	0.01332	0.01776	0.00999	0.00555	0.00777	0.00222	0.01110	0.00777	0.00333	0.00888
71	0.01629	0.01564	0.02672	0.04041	0.72757	0.01564	0.02020	0.02020	0.01499	0.02151	0.01238	0.01629	0.01043	0.00587	0.00652	0.00196	0.00782	0.00587	0.00326	0.01043
72	0.81514	0.01273	0.00968	0.00866	0.01273	0.01477	0.00713	0.01935	0.01120	0.02954	0.00917	0.01069	0.00713	0.00611	0.00407	0.00204	0.00509	0.00356	0.00407	0.00713

[dist]
# distance from previous block
# <min> <max>
0	3

[block]
# block no. 3 follows, 33 sequences, length 145
# corresponding to MSA columns:
# 213-261,282-343,353-386
name=unknown_D
#
# <colnr> <probs for GDERKNQSTAVLIFYWHMCP>
#	G	D	E	R	K	N	Q	S	T	A	V	L	I	F	Y	W	H	M	C	P
0	0.02926	0.01164	0.01555	0.01192	0.01702	0.01033	0.00985	0.07294	0.01958	0.69024	0.02536	0.02201	0.01599	0.00813	0.00662	0.00203	0.00570	0.00658	0.00805	0.01120
1	0.01243	0.01170	0.01975	0.75282	0.04534	0.01463	0.01828	0.01682	0.01316	0.01682	0.01170	0.01755	0.00878	0.00658	0.00658	0.00219	0.00878	0.00585	0.00293	0.00731
2	0.01432	0.01443	0.02147	0.01792	0.01859	0.01933	0.07749	0.01620	0.01090	0.01671	0.03528	0.01599	0.01072	0.01104	0.01983	0.00279	0.66044	0.00617	0.00308	0.00732
3	0.79004	0.01291	0.01000	0.00886	0.01298	0.01495	0.00730	0.04115	0.01183	0.02992	0.00938	0.01086	0.00726	0.00617	0.00415	0.00204	0.00516	0.00364	0.00415	0.00726
4	0.02503	0.01844	0.01976	0.01515	0.02042	0.02042	0.01251	0.70562	0.03095	0.04149	0.01581	0.01581	0.01120	0.00790	0.00659	0.00198	0.00724	0.00593	0.00659	0.01120
5	0.00822	0.00728	0.00701	0.00702	0.00921	0.02458	0.00524	0.00987	0.01502	0.01771	0.06419	0.08593	0.68316	0.01655	0.00775	0.00222	0.00357	0.01381	0.00604	0.00560
6	0.01243	0.01170	0.01975	0.75282	0.04534	0.01463	0.01828	0.01682	0.01316	0.01682	0.01170	0.01755	0.00878	0.00658	0.00658	0.00219	0.00878	0.00585	0.00293	0.00731
7	0.02544	0.01777	0.01935	0.01483	0.02008	0.01943	0.01225	0.64368	0.02984	0.10500	0.01674	0.01641	0.01166	0.00793	0.00659	0.00198	0.00709	0.00599	0.00673	0.01120
8	0.01365	0.01170	0.01365	0.00975	0.01560	0.00878	0.00780	0.01658	0.01365	0.02145	0.01170	0.01365	0.00975	0.00488	0.00488	0.00098	0.00488	0.00390	0.00390	0.80888
9	0.00874	0.00683	0.00986	0.01044	0.01130	0.00660	0.04506	0.01024	0.01291	0.01717	0.03586	0.62806	0.08295	0.01913	0.00884	0.00264	0.03187	0.04000	0.00584	0.00565
10	0.01042	0.00600	0.00792	0.00802	0.00805	0.00598	0.00501	0.00904	0.00927	0.01235	0.01703	0.07895	0.01887	0.33958	0.02789	0.41448	0.00587	0.00821	0.00355	0.00350
11	0.01310	0.01228	0.02049	0.49713	0.22127	0.01410	0.01763	0.01720	0.01401	0.01862	0.05328	0.02065	0.03842	0.00714	0.00667	0.00213	0.00801	0.00648	0.00337	0.00801
12	0.64172	0.01438	0.01247	0.01268	0.08052	0.06507	0.00914	0.01971	0.01201	0.02711	0.00951	0.01151	0.00762	0.00643	0.00540	0.00205	0.04736	0.00395	0.00388	0.00748
13	0.81514	0.01273	0.00968	0.00866	0.01273	0.01477	0.00713	0.01935	0.01120	0.02954	0.00917	0.01069	0.00713	0.00611	0.00407	0.00204	0.00509	0.00356	0.00407	0.00713
14	0.81514	0.01273	0.00968	0.00866	0.01273	0.01477	0.00713	0.01935	0.01120	0.02954	0.00917	0.01069	0.00713	0.00611	0.00407	0.00204	0.00509	0.00356	0.00407	0.00713
15	0.01001	0.00852	0.01222	0.14674	0.05663	0.00845	0.03439	0.01303	0.01616	0.02143	0.31846	0.04493	0.25891	0.01251	0.00748	0.00214	0.00477	0.01094	0.00573	0.00654
16	0.01833	0.00898	0.01121	0.00941	0.01279	0.00798	0.00748	0.04242	0.01783	0.32951	0.17775	0.03883	0.21718	0.01149	0.00704	0.00206	0.00438	0.00961	0.05736	0.00835
17	0.01440	0.01440	0.02016	0.01728	0.01728	0.02016	0.01440	0.01584	0.01008	0.01584	0.00864	0.01440	0.00864	0.01152	0.02160	0.00288	0.75659	0.00576	0.00288	0.00720
18	0.81514	0.01273	0.00968	0.00866	0.01273	0.01477	0.00713	0.01935	0.01120	0.02954	0.00917	0.01069	0.00713	0.00611	0.00407	0.00204	0.00509	0.00356	0.00407	0.00713
19	0.01365	0.01170	0.01365	0.00975	0.01560	0.00878	0.00780	0.01658	0.01365	0.02145	0.01170	0.01365	0.00975	0.00488	0.00488	0.00098	0.00488	0.00390	0.00390	0.80888
20	0.01256	0.01183	0.01998	0.72926	0.06790	0.01466	0.01835	0.01693	0.01322	0.01698	0.01172	0.01751	0.00883	0.00656	0.00658	0.00219	0.00874	0.00585	0.00294	0.00742
21	0.02527	0.01804	0.01951	0.01496	0.02022	0.01982	0.01236	0.66838	0.03028	0.07967	0.01637	0.01617	0.01148	0.00792	0.00659	0.00198	0.00715	0.00597	0.00667	0.01120
22	0.08502	0.01188	0.01350	0.00989	0.01540	0.00967	0.00795	0.01680	0.01332	0.02200	0.01138	0.01341	0.00948	0.00519	0.00533	0.00113	0.02842	0.00393	0.00388	0.71243
23	0.01659	0.01507	0.01763	0.01737	0.09970	0.04030	0.04812	0.03227	0.57533	0.02613	0.02388	0.02283	0.01807	0.00833	0.00671	0.00218	0.00604	0.00717	0.00602	0.01025
24	0.01631	0.01380	0.01494	0.01249	0.01696	0.01452	0.00984	0.08538	0.45672	0.02695	0.02154	0.02069	0.01638	0.00768	0.00616	0.00185	0.00528	0.00630	0.00588	0.24034
25	0.01353	0.01287	0.01816	0.01585	0.01601	0.01766	0.01304	0.01486	0.01007	0.01552	0.01008	0.01635	0.00991	0.01755	0.12476	0.04852	0.60958	0.00594	0.00297	0.00677
26	0.00957	0.00638	0.00718	0.00718	0.00718	0.00638	0.00399	0.00957	0.00957	0.01276	0.02074	0.04308	0.02393	0.76864	0.03351	0.00638	0.00638	0.00957	0.00399	0.00399
27	0.00991	0.00728	0.01025	0.01011	0.01120	0.00827	0.00760	0.03250	0.01102	0.01563	0.01813	0.02863	0.01763	0.17637	0.59371	0.00957	0.01531	0.00747	0.00370	0.00570
28	0.01061	0.00758	0.01061	0.01212	0.01364	0.00758	0.01061	0.01364	0.01515	0.01970	0.03486	0.07426	0.03789	0.01819	0.00909	0.00303	0.00606	0.68326	0.00606	0.00606
29	0.00823	0.00595	0.00786	0.00919	0.00977	0.00547	0.00617	0.00944	0.01264	0.01698	0.03538	0.73685	0.04230	0.02005	0.00827	0.00261	0.00386	0.01817	0.00603	0.03478
30	0.01380	0.03576	0.01455	0.01007	0.01570	0.00974	0.00815	0.01665	0.01351	0.02106	0.01151	0.01358	0.00967	0.00514	0.00547	0.00106	0.03248	0.00396	0.00383	0.75432
31	0.00942	0.00640	0.00740	0.00748	0.00765	0.00641	0.00440	0.00968	0.00997	0.01330	0.02286	0.08254	0.04663	0.65957	0.07472	0.00630	0.00683	0.01006	0.00414	0.00423
32	0.01014	0.00761	0.01056	0.01023	0.01086	0.00889	0.00755	0.01139	0.01011	0.01438	0.01713	0.02916	0.01742	0.25068	0.41196	0.05855	0.09701	0.00755	0.00355	0.00529
33	0.01608	0.01495	0.03560	0.01932	0.18097	0.05967	0.01258	0.08525	0.30109	0.02514	0.06903	0.11053	0.02166	0.00962	0.00686	0.00215	0.00622	0.00832	0.00555	0.00941
34	0.01243	0.01170	0.01975	0.75282	0.04534	0.01463	0.01828	0.01682	0.01316	0.01682	0.01170	0.01755	0.00878	0.00658	0.00658	0.00219	0.00878	0.00585	0.00293	0.00731
35	0.00877	0.00649	0.00819	0.00823	0.00962	0.00591	0.00599	0.01120	0.01667	0.02282	0.46124	0.21494	0.16436	0.01561	0.00791	0.00223	0.00331	0.01378	0.00681	0.00591
36	0.01334	0.00916	0.01324	0.03648	0.03641	0.00985	0.02974	0.01531	0.01348	0.12745	0.02740	0.33439	0.04565	0.01708	0.05088	0.00302	0.13412	0.07055	0.00546	0.00699
37	0.81514	0.01273	0.00968	0.00866	0.01273	0.01477	0.00713	0.01935	0.01120	0.02954	0.00917	0.01069	0.00713	0.00611	0.00407	0.00204	0.00509	0.00356	0.00407	0.00713
38	0.00802	0.00573	0.00764	0.00917	0.00955	0.00535	0.00611	0.00917	0.01260	0.01681	0.03628	0.76434	0.04354	0.02062	0.00840	0.00267	0.00382	0.01872	0.00611	0.00535
39	0.01445	0.01228	0.01371	0.05319	0.01709	0.01394	0.01001	0.02847	0.51027	0.02563	0.11044	0.03098	0.06208	0.01133	0.02959	0.00250	0.00547	0.03296	0.00640	0.00920
40	0.02455	0.01711	0.01868	0.01455	0.01962	0.01871	0.01194	0.55072	0.10859	0.11935	0.01824	0.01758	0.01281	0.00805	0.00660	0.00201	0.00682	0.00618	0.00678	0.01111
41	0.01779	0.01317	0.01438	0.01276	0.01650	0.01472	0.01002	0.03305	0.56828	0.12203	0.02660	0.02545	0.01984	0.00898	0.00663	0.00219	0.00517	0.02333	0.04892	0.01020
42	0.00802	0.00573	0.00764	0.00917	0.00955	0.00535	0.00611	0.00917	0.01260	0.01681	0.03628	0.76434	0.04354	0.02062	0.00840	0.00267	0.00382	0.01872	0.00611	0.00535
43	0.02473	0.01829	0.01959	0.01509	0.02030	0.02028	0.01244	0.68290	0.05415	0.04102	0.01618	0.01610	0.01150	0.00794	0.00659	0.00198	0.00718	0.00598	0.00659	0.01117
44	0.01053	0.00710	0.00857	0.00798	0.01010	0.00627	0.00606	0.01304	0.01728	0.08595	0.41238	0.05218	0.30966	0.01421	0.00767	0.00213	0.00341	0.01219	0.00690	0.00641
45	0.01629	0.01564	0.02672	0.04041	0.72757	0.01564	0.02020	0.02020	0.01499	0.02151	0.01238	0.01629	0.01043	0.00587	0.00652	0.00196	0.00782	0.00587	0.00326	0.01043
46	0.00852	0.00614	0.00807	0.00929	0.00968	0.00598	0.00631	0.00964	0.01230	0.01644	0.03355	0.61688	0.03988	0.11355	0.01191	0.00316	0.02368	0.05398	0.00576	0.00527
47	0.02954	0.01120	0.01528	0.01171	0.01681	0.00968	0.00968	0.03208	0.01884	0.73213	0.02597	0.02241	0.01630	0.00815	0.00662	0.00204	0.00560	0.00662	0.00815	0.01120
48	0.01554	0.01776	0.03885	0.02775	0.03441	0.01665	0.70366	0.02109	0.01554	0.02109	0.01332	0.01776	0.00999	0.00555	0.00777	0.00222	0.01110	0.00777	0.00333	0.00888
49	0.01760	0.77260	0.03450	0.01126	0.01690	0.02605	0.01126	0.01971	0.01338	0.01549	0.00915	0.01056	0.00845	0.00563	0.00422	0.00141	0.00704	0.00352	0.00282	0.00845
50	0.01760	0.77260	0.03450	0.01126	0.01690	0.02605	0.01126	0.01971	0.01338	0.01549	0.00915	0.01056	0.00845	0.00563	0.00422	0.00141	0.00704	0.00352	0.00282	0.00845
51	0.00802	0.00573	0.00764	0.00917	0.00955	0.00535	0.00611	0.00917	0.01260	0.01681	0.03628	0.76434	0.04354	0.02062	0.00840	0.00267	0.00382	0.01872	0.00611	0.00535
52	0.01410	0.01392	0.01946	0.01676	0.01680	0.01936	0.01389	0.01552	0.01008	0.01573	0.00930	0.01565	0.00936	0.03600	0.04487	0.00323	0.71005	0.00592	0.00294	0.00706
53	0.00835	0.00659	0.00753	0.00750	0.00930	0.00577	0.00555	0.01048	0.01605	0.02075	0.29748	0.13163	0.41775	0.01594	0.00784	0.00222	0.00330	0.01369	0.00652	0.00577
54	0.00886	0.00671	0.00816	0.00780	0.00955	0.00602	0.00585	0.01153	0.01755	0.02382	0.52742	0.05342	0.26041	0.01442	0.00777	0.00212	0.00317	0.01250	0.00691	0.00602
55	0.01798	0.23934	0.12249	0.06324	0.20105	0.16435	0.01601	0.04354	0.03868	0.01917	0.01148	0.01376	0.00943	0.00624	0.00572	0.00179	0.00862	0.00478	0.00329	0.00905
56	0.04242	0.28014	0.02420	0.01497	0.04470	0.25294	0.01214	0.17306	0.01923	0.06160	0.01199	0.01300	0.00953	0.00666	0.00550	0.00170	0.00853	0.00454	0.00417	0.00898
57	0.00844	0.00614	0.00799	0.00908	0.00979	0.00579	0.00621	0.01039	0.03356	0.01855	0.13790	0.61698	0.06635	0.01912	0.00824	0.00256	0.00374	0.01725	0.00629	0.00562
58	0.01499	0.28689	0.42627	0.01587	0.02342	0.03900	0.01873	0.02021	0.01376	0.01867	0.01148	0.01464	0.00934	0.00661	0.00616	0.00190	0.03404	0.02609	0.00292	0.00903
59	0.00824	0.00679	0.00728	0.00752	0.00944	0.00596	0.00557	0.01047	0.03843	0.01825	0.07822	0.18262	0.54560	0.01704	0.00789	0.00232	0.00355	0.03294	0.00616	0.00572
60	0.01365	0.01170	0.01365	0.00975	0.01560	0.00878	0.00780	0.01658	0.01365	0.02145	0.01170	0.01365	0.00975	0.00488	0.00488	0.00098	0.00488	0.00390	0.00390	0.80888
61	0.01823	0.01506	0.01593	0.01377	0.01783	0.01724	0.01087	0.17894	0.56870	0.03053	0.02444	0.02268	0.01819	0.00871	0.00667	0.00218	0.00565	0.00712	0.00667	0.01059
62	0.06879	0.26313	0.12722	0.05394	0.02254	0.19868	0.08237	0.05569	0.03566	0.01954	0.01116	0.01310	0.00899	0.00628	0.00559	0.00179	0.00895	0.00467	0.00339	0.00852
63	0.01620	0.44760	0.29276	0.01511	0.04389	0.02153	0.01643	0.04530	0.01427	0.01862	0.01048	0.01217	0.00857	0.00595	0.00513	0.00170	0.00807	0.00418	0.00295	0.00909
64	0.01540	0.01234	0.01528	0.03390	0.06138	0.01068	0.00956	0.05887	0.01487	0.06377	0.01289	0.01487	0.01034	0.00579	0.00614	0.00131	0.04642	0.00451	0.02324	0.57844
65	0.04081	0.07518	0.18708	0.02255	0.12059	0.06273	0.21050	0.15688	0.01807	0.02468	0.01274	0.01523	0.00963	0.00632	0.00656	0.00201	0.00918	0.00586	0.00383	0.00958
66	0.00948	0.00676	0.00907	0.00907	0.00972	0.00741	0.00635	0.01079	0.01013	0.01416	0.01901	0.03351	0.01978	0.36874	0.42772	0.00872	0.01264	0.00817	0.00373	0.00504
67	0.00820	0.00638	0.00751	0.00826	0.00965	0.00569	0.00603	0.00984	0.01417	0.01786	0.07301	0.34846	0.36016	0.01832	0.00816	0.00248	0.00379	0.08035	0.00614	0.00554
68	0.01423	0.02306	0.35180	0.06193	0.23116	0.01436	0.06848	0.01977	0.01456	0.04153	0.03530	0.04535	0.03469	0.00722	0.00663	0.00209	0.00850	0.00645	0.00348	0.00940
69	0.01692	0.39513	0.21295	0.01557	0.02221	0.04437	0.09274	0.06719	0.04083	0.01971	0.01143	0.01314	0.00921	0.00609	0.00545	0.00175	0.00829	0.00467	0.00328	0.00906
70	0.00810	0.00579	0.00773	0.00926	0.00967	0.00542	0.00625	0.00930	0.01268	0.01689	0.03624	0.74312	0.04337	0.02055	0.00842	0.00268	0.00389	0.03915	0.00611	0.00537
71	0.00976	0.00697	0.00816	0.00781	0.00983	0.00615	0.00592	0.01205	0.01651	0.06064	0.32458	0.05521	0.37431	0.03789	0.00854	0.00231	0.00356	0.03711	0.00661	0.00610
72	0.01507	0.04549	0.36944	0.04491	0.14867	0.01492	0.12864	0.02079	0.01472	0.07085	0.01608	0.01825	0.04875	0.00677	0.00660	0.00207	0.00887	0.00611	0.00352	0.00948
73	0.01624	0.02711	0.43718	0.01977	0.09161	0.05418	0.03913	0.10181	0.05712	0.04945	0.01437	0.01711	0.01079	0.00701	0.00647	0.00208	0.00889	0.02602	0.00384	0.00981
74	0.01243	0.01170	0.01975	0.75282	0.04534	0.01463	0.01828	0.01682	0.01316	0.01682	0.01170	0.01755	0.00878	0.00658	0.00658	0.00219	0.00878	0.00585	0.00293	0.00731
75	0.04683	0.02600	0.01943	0.01810	0.06180	0.52880	0.05746	0.02440	0.01741	0.05374	0.01268	0.05470	0.01099	0.00761	0.00670	0.00186	0.03427	0.00551	0.00378	0.00790
76	0.01144	0.00572	0.00858	0.00858	0.00858	0.00572	0.00572	0.00858	0.00858	0.01144	0.01144	0.02001	0.01144	0.02287	0.02573	0.80846	0.00572	0.00572	0.00286	0.00286
77	0.81514	0.01273	0.00968	0.00866	0.01273	0.01477	0.00713	0.01935	0.01120	0.02954	0.00917	0.01069	0.00713	0.00611	0.00407	0.00204	0.00509	0.00356	0.00407	0.00713
78	0.01315	0.01114	0.01312	0.00974	0.01507	0.00849	0.00774	0.01600	0.01379	0.02132	0.03525	0.05466	0.01380	0.00629	0.00525	0.00115	0.00480	0.02243	0.00417	0.72267
79	0.02515	0.01824	0.01963	0.01505	0.02031	0.02012	0.01243	0.68684	0.03061	0.06075	0.01609	0.01599	0.01134	0.00791	0.00659	0.00198	0.00720	0.00595	0.00663	0.01120
80	0.00927	0.00669	0.00876	0.00831	0.00982	0.00618	0.00621	0.01230	0.01841	0.02605	0.69888	0.07540	0.06144	0.01372	0.00779	0.00209	0.00313	0.01216	0.00721	0.00618
81	0.00802	0.00573	0.00764	0.00917	0.00955	0.00535	0.00611	0.00917	0.01260	0.01681	0.03628	0.76434	0.04354	0.02062	0.00840	0.00267	0.00382	0.01872	0.00611	0.00535
82	0.00877	0.00641	0.00705	0.00723	0.00805	0.00597	0.00459	0.00948	0.01183	0.01499	0.03863	0.13286	0.27191	0.41930	0.02161	0.00450	0.00502	0.01214	0.00498	0.00469
83	0.00907	0.00672	0.00846	0.00802	0.00968	0.00611	0.00602	0.01195	0.01805	0.02502	0.61860	0.05145	0.16848	0.01397	0.00777	0.00210	0.00314	0.01222	0.00707	0.00611
84	0.01760	0.77260	0.03450	0.01126	0.01690	0.02605	0.01126	0.01971	0.01338	0.01549	0.00915	0.01056	0.00845	0.00563	0.00422	0.00141	0.00704	0.00352	0.00282	0.00845
85	0.01679	0.23661	0.14980	0.03676	0.10001	0.01787	0.01419	0.11122	0.08644	0.04937	0.10246	0.01933	0.01716	0.00749	0.00600	0.00187	0.00696	0.00595	0.00449	0.00925
86	0.01716	0.16571	0.13310	0.01426	0.01917	0.06182	0.02978	0.11692	0.18282	0.04351	0.01855	0.03912	0.03170	0.01032	0.04298	0.00244	0.03168	0.02507	0.00474	0.00915
87	0.01787	0.72245	0.03340	0.01148	0.01691	0.02533	0.01132	0.01998	0.01344	0.03837	0.00967	0.01107	0.00871	0.00591	0.00489	0.00148	0.03256	0.00370	0.00299	0.00849
88	0.00882	0.00802	0.03126	0.00835	0.01052	0.00695	0.00667	0.01144	0.03644	0.01909	0.14074	0.09469	0.46934	0.01776	0.05215	0.00277	0.02748	0.03559	0.00592	0.00600
89	0.01306	0.00782	0.01057	0.01109	0.01281	0.00759	0.00915	0.01542	0.01462	0.12118	0.03115	0.08657	0.03253	0.14833	0.01299	0.00346	0.00597	0.44325	0.00600	0.00641
90	0.01465	0.01193	0.01393	0.01002	0.01582	0.00923	0.00804	0.04236	0.01447	0.04822	0.01237	0.01405	0.01004	0.00511	0.00500	0.00105	0.00499	0.00407	0.00415	0.75047
91	0.01413	0.01871	0.23508	0.31549	0.13178	0.01419	0.01884	0.01966	0.03793	0.06199	0.03625	0.04075	0.01245	0.00720	0.00657	0.00213	0.00829	0.00624	0.00360	0.00872
92	0.02459	0.03138	0.01866	0.01696	0.02035	0.74221	0.01272	0.02629	0.01866	0.01611	0.01018	0.01187	0.00848	0.00678	0.00594	0.00170	0.01187	0.00424	0.00339	0.00763
93	0.00779	0.00664	0.00670	0.00675	0.00891	0.00555	0.00504	0.00944	0.01493	0.01775	0.06574	0.08530	0.70358	0.01680	0.00780	0.00224	0.00335	0.01404	0.00611	0.00555
94	0.01720	0.01298	0.01383	0.01220	0.01576	0.01459	0.00956	0.09431	0.48991	0.06728	0.02479	0.02362	0.01849	0.00857	0.00632	0.00208	0.00505	0.00703	0.14669	0.00979
95	0.01520	0.01021	0.05622	0.01130	0.01453	0.00842	0.05002	0.01805	0.01596	0.21736	0.16912	0.12710	0.12497	0.01659	0.08995	0.00315	0.00652	0.03136	0.00624	0.00773
96	0.06947	0.01155	0.01516	0.01168	0.01673	0.01033	0.00965	0.05609	0.01890	0.67099	0.02474	0.02157	0.01564	0.00804	0.00649	0.00203	0.00564	0.00644	0.00788	0.01100
97	0.01855	0.01387	0.01511	0.01322	0.01719	0.01555	0.01038	0.05744	0.59257	0.12888	0.02630	0.02395	0.01925	0.00878	0.00668	0.00220	0.00534	0.00727	0.00690	0.01056
98	0.01740	0.68130	0.09996	0.01208	0.01809	0.02487	0.01253	0.03963	0.01393	0.01674	0.00960	0.01103	0.00852	0.00576	0.00448	0.00149	0.00730	0.00372	0.00292	0.00865
99	0.01900	0.09806	0.11964	0.01796	0.06364	0.12622	0.10075	0.14351	0.09457	0.06557	0.01585	0.05441	0.01277	0.00775	0.00691	0.00201	0.03112	0.00637	0.00456	0.00934
100	0.00795	0.00639	0.00710	0.00752	0.00915	0.00554	0.00541	0.00955	0.01451	0.01804	0.09931	0.27339	0.47776	0.01766	0.00797	0.00235	0.00347	0.01522	0.00618	0.00554
101	0.18078	0.08169	0.02237	0.04543	0.33731	0.05482	0.05637	0.04066	0.01457	0.02255	0.01271	0.05415	0.01116	0.00676	0.00591	0.00194	0.00731	0.00584	0.00366	0.03399
102	0.01306	0.01240	0.01749	0.01538	0.01566	0.01690	0.01262	0.01468	0.01019	0.01562	0.01115	0.01798	0.01096	0.04218	0.19569	0.00484	0.55717	0.00618	0.00307	0.00679
103	0.00913	0.00681	0.00841	0.00837	0.00993	0.00631	0.00637	0.01155	0.01615	0.02167	0.37374	0.05508	0.22426	0.08562	0.03155	0.00289	0.00430	0.10568	0.00638	0.00581
104	0.02459	0.03138	0.01866	0.01696	0.02035	0.74221	0.01272	0.02629	0.01866	0.01611	0.01018	0.01187	0.00848	0.00678	0.00594	0.00170	0.01187	0.00424	0.00339	0.00763
105	0.00798	0.00589	0.00747	0.00873	0.00943	0.00538	0.00592	0.00922	0.01302	0.01698	0.04160	0.64184	0.16261	0.01993	0.00829	0.00259	0.00373	0.01787	0.00611	0.00538
106	0.01045	0.00753	0.01039	0.01182	0.01338	0.00747	0.01030	0.01341	0.01515	0.01960	0.03662	0.07366	0.07587	0.01810	0.00902	0.00299	0.00591	0.64625	0.00606	0.00603
107	0.01365	0.01170	0.01365	0.00975	0.01560	0.00878	0.00780	0.01658	0.01365	0.02145	0.01170	0.01365	0.00975	0.00488	0.00488	0.00098	0.00488	0.00390	0.00390	0.80888
108	0.01398	0.00857	0.01084	0.00958	0.01207	0.00822	0.00741	0.03724	0.08812	0.15003	0.51362	0.04114	0.04855	0.01193	0.00743	0.00208	0.00386	0.01038	0.00733	0.00764
109	0.00942	0.00697	0.01018	0.01018	0.01121	0.00801	0.00773	0.01150	0.01046	0.01498	0.01800	0.02791	0.01735	0.13476	0.65837	0.01008	0.01630	0.00735	0.00358	0.00565
110	0.76710	0.01308	0.01029	0.00905	0.01320	0.01511	0.00746	0.06107	0.01240	0.03026	0.00957	0.01101	0.00738	0.00622	0.00423	0.00203	0.00522	0.00371	0.00423	0.00738
111	0.00802	0.00573	0.00764	0.00917	0.00955	0.00535	0.00611	0.00917	0.01260	0.01681	0.03628	0.76434	0.04354	0.02062	0.00840	0.00267	0.00382	0.01872	0.00611	0.00535
112	0.02459	0.03138	0.01866	0.01696	0.02035	0.74221	0.01272	0.02629	0.01866	0.01611	0.01018	0.01187	0.00848	0.00678	0.00594	0.00170	0.01187	0.00424	0.00339	0.00763
113	0.00981	0.00713	0.00906	0.00850	0.01018	0.00678	0.00640	0.01379	0.05787	0.02640	0.66227	0.04700	0.05830	0.01302	0.00760	0.00206	0.00322	0.01147	0.03268	0.00645
114	0.00959	0.00725	0.01063	0.01054	0.01158	0.00849	0.00810	0.01172	0.01048	0.01510	0.01758	0.02685	0.01679	0.10567	0.66137	0.00998	0.04176	0.00721	0.00354	0.00577
115	0.02503	0.01844	0.01976	0.01515	0.02042	0.02042	0.01251	0.70562	0.03095	0.04149	0.01581	0.01581	0.01120	0.00790	0.00659	0.00198	0.00724	0.00593	0.00659	0.01120
116	0.01061	0.00758	0.01061	0.01212	0.01364	0.00758	0.01061	0.01364	0.01515	0.01970	0.03486	0.07426	0.03789	0.01819	0.00909	0.00303	0.00606	0.68326	0.00606	0.00606
117	0.00802	0.00573	0.00764	0.00917	0.00955	0.00535	0.00611	0.00917	0.01260	0.01681	0.03628	0.76434	0.04354	0.02062	0.00840	0.00267	0.00382	0.01872	0.00611	0.00535
118	0.01629	0.01564	0.02672	0.04041	0.72757	0.01564	0.02020	0.02020	0.01499	0.02151	0.01238	0.01629	0.01043	0.00587	0.00652	0.00196	0.00782	0.00587	0.00326	0.01043
119	0.01412	0.01399	0.01963	0.01691	0.01697	0.01950	0.01406	0.01561	0.01011	0.01581	0.00915	0.01505	0.00908	0.01364	0.06201	0.00331	0.71517	0.00583	0.00292	0.00713
120	0.01880	0.50973	0.10945	0.01349	0.01904	0.19850	0.01309	0.02143	0.01472	0.01624	0.00970	0.01125	0.00844	0.00598	0.00487	0.00155	0.00851	0.00385	0.00295	0.00839
121	0.01661	0.01426	0.01502	0.01345	0.01721	0.01649	0.01048	0.05337	0.69690	0.02792	0.02649	0.02432	0.01985	0.00890	0.00670	0.00223	0.00527	0.00740	0.00670	0.01044
122	0.00807	0.00577	0.00768	0.00913	0.00956	0.00538	0.00611	0.00929	0.01282	0.01716	0.06146	0.73817	0.04422	0.02036	0.00838	0.00265	0.00379	0.01847	0.00615	0.00538
123	0.00918	0.00672	0.00861	0.00814	0.00975	0.00615	0.00610	0.01215	0.01831	0.02562	0.66461	0.05046	0.12209	0.01375	0.00777	0.00208	0.00313	0.01209	0.00714	0.00615
124	0.00802	0.00573	0.00764	0.00917	0.00955	0.00535	0.00611	0.00917	0.01260	0.01681	0.03628	0.76434	0.04354	0.02062	0.00840	0.00267	0.00382	0.01872	0.00611	0.00535
125	0.01637	0.01414	0.01489	0.01340	0.01712	0.01637	0.01042	0.03498	0.71568	0.02754	0.02679	0.02456	0.02010	0.00893	0.00670	0.00223	0.00521	0.00744	0.00670	0.01042
126	0.01174	0.01550	0.17625	0.10178	0.07988	0.01153	0.10070	0.01584	0.01445	0.02010	0.12383	0.19189	0.04599	0.01122	0.00780	0.00229	0.03044	0.02666	0.00449	0.00761
127	0.07121	0.14927	0.03872	0.13657	0.02266	0.05678	0.02862	0.09960	0.03533	0.27276	0.01691	0.01718	0.01182	0.00712	0.00601	0.00194	0.00712	0.00555	0.00535	0.00950
128	0.02954	0.01120	0.01528	0.01171	0.01681	0.00968	0.00968	0.03208	0.01884	0.73213	0.02597	0.02241	0.01630	0.00815	0.00662	0.00204	0.00560	0.00662	0.00815	0.01120
129	0.01771	0.00852	0.01142	0.00981	0.01274	0.00759	0.00766	0.02041	0.01817	0.32269	0.36757	0.10296	0.04113	0.01187	0.00734	0.00211	0.00422	0.01030	0.00752	0.00824
130	0.01506	0.08920	0.24353	0.23346	0.19164	0.07844	0.01949	0.01991	0.01430	0.01896	0.01153	0.01502	0.00896	0.00625	0.00620	0.00199	0.00896	0.00520	0.00299	0.00890
131	0.01379	0.01446	0.07996	0.16370	0.12655	0.01499	0.04046	0.06251	0.01424	0.01999	0.05269	0.10907	0.01704	0.01022	0.01094	0.00240	0.20666	0.02851	0.00392	0.00793
132	0.00793	0.00661	0.00693	0.00708	0.00910	0.00561	0.00529	0.00964	0.01493	0.01806	0.08730	0.12397	0.62398	0.01694	0.00787	0.00228	0.00344	0.03130	0.00615	0.00558
133	0.01335	0.03303	0.69089	0.01933	0.02886	0.01537	0.06693	0.02086	0.01400	0.02086	0.01191	0.01414	0.00844	0.00621	0.00635	0.00209	0.00982	0.00505	0.00281	0.00968
134	0.01675	0.12362	0.38973	0.01837	0.06358	0.03781	0.06173	0.10516	0.01650	0.06677	0.01354	0.03351	0.01031	0.00681	0.00621	0.00199	0.00871	0.00550	0.00375	0.00965
135	0.01498	0.01446	0.02510	0.27413	0.46476	0.01536	0.05736	0.01914	0.01442	0.01994	0.01221	0.01679	0.00986	0.00608	0.00661	0.00205	0.00832	0.00597	0.00315	0.00932
136	0.00796	0.00598	0.00738	0.00849	0.00937	0.00540	0.00581	0.00924	0.01325	0.01707	0.04453	0.57434	0.22822	0.01955	0.00823	0.00255	0.00369	0.01741	0.00611	0.00540
137	0.00889	0.00638	0.00826	0.00947	0.01010	0.00612	0.00644	0.04471	0.01354	0.01807	0.03524	0.72614	0.04189	0.01998	0.00831	0.00264	0.00399	0.01806	0.00614	0.00565
138	0.01142	0.01174	0.09584	0.01184	0.01383	0.01097	0.01008	0.03529	0.05240	0.01687	0.01707	0.02700	0.01646	0.21943	0.31732	0.00678	0.10821	0.00726	0.00375	0.00644
139	0.01501	0.01560	0.02594	0.02029	0.02303	0.03990	0.26865	0.03859	0.01305	0.01843	0.01211	0.03886	0.01107	0.05118	0.01582	0.00276	0.37162	0.00705	0.00333	0.00773
140	0.00830	0.00591	0.00788	0.00936	0.00983	0.00558	0.00643	0.00957	0.01272	0.01692	0.03563	0.67971	0.04238	0.04575	0.00931	0.00283	0.00410	0.07638	0.00603	0.00536
141	0.01745	0.01951	0.01967	0.06332	0.02000	0.24428	0.01412	0.01915	0.01294	0.01599	0.00931	0.01381	0.00860	0.00974	0.01579	0.00247	0.47817	0.00529	0.00304	0.00734
142	0.01378	0.01253	0.02015	0.64559	0.08292	0.01520	0.01788	0.07833	0.01485	0.01929	0.01211	0.01732	0.00909	0.00666	0.00658	0.00216	0.00858	0.00586	0.00327	0.00784
143	0.02019	0.04006	0.01690	0.01346	0.01801	0.20628	0.01064	0.16164	0.14460	0.06707	0.01721	0.01745	0.03279	0.00727	0.00600	0.00170	0.00732	0.00547	0.00509	0.20085
144	0.01810	0.63515	0.03201	0.01374	0.06366	0.08869	0.01195	0.02077	0.03445	0.01629	0.00997	0.01146	0.00892	0.00585	0.00460	0.00149	0.00747	0.00385	0.00301	0.00856

[dist]
# distance from previous block
# <min> <max>
0	3

[block]
# block no. 4 follows, 33 sequences, length 9
# corresponding to MSA columns:
# 390-398
name=unknown_E
#
# <colnr> <probs for GDERKNQSTAVLIFYWHMCP>
#	G	D	E	R	K	N	Q	S	T	A	V	L	I	F	Y	W	H	M	C	P
0	0.03518	0.01062	0.01539	0.03437	0.11614	0.04031	0.08779	0.03520	0.01520	0.02085	0.16400	0.26846	0.03309	0.05523	0.00903	0.00253	0.00590	0.03849	0.00526	0.00697
1	0.06084	0.01358	0.04068	0.01327	0.01655	0.07479	0.05771	0.06222	0.17262	0.05471	0.07499	0.09664	0.04077	0.01159	0.00722	0.00232	0.00629	0.15383	0.03132	0.00803
2	0.06013	0.07490	0.06302	0.11130	0.13976	0.04510	0.05356	0.10074	0.06402	0.11663	0.03731	0.01839	0.01322	0.00710	0.00618	0.00196	0.00718	0.00596	0.06436	0.00920
