[name]
unknown

[dist]
# distance from previous block
# <min> <max>
0	385

[block]
# block no. 0 follows, 40 sequences, length 24
# corresponding to MSA columns:
# 611-634
name=unknown_A
#
# <colnr> <probs for GDERKNQSTAVLIFYWHMCP>
#	G	D	E	R	K	N	Q	S	T	A	V	L	I	F	Y	W	H	M	C	P
0	0.01660	0.01839	0.01444	0.01430	0.06567	0.37127	0.01026	0.02187	0.18901	0.01715	0.03185	0.01972	0.01389	0.04195	0.08421	0.00266	0.00870	0.04704	0.00393	0.00710
1	0.00868	0.01003	0.13589	0.00874	0.01140	0.00679	0.00809	0.01198	0.01544	0.02174	0.56168	0.03939	0.11561	0.01109	0.00663	0.00184	0.00375	0.00964	0.00564	0.00596
2	0.01087	0.01012	0.01693	0.74599	0.03850	0.01258	0.01557	0.01456	0.01148	0.01469	0.01070	0.01654	0.00837	0.04214	0.00691	0.00211	0.00765	0.00532	0.00263	0.00632
3	0.01179	0.01111	0.01481	0.01283	0.01398	0.01406	0.03151	0.01600	0.13826	0.01730	0.11145	0.02335	0.10372	0.01038	0.01346	0.00227	0.43621	0.00693	0.00396	0.00661
4	0.00687	0.00589	0.00589	0.00589	0.00785	0.00491	0.00442	0.00835	0.01325	0.01571	0.05891	0.05596	0.75700	0.01473	0.00687	0.00196	0.00295	0.01227	0.00540	0.00491
5	0.01206	0.01034	0.01206	0.00861	0.01378	0.00775	0.00689	0.01464	0.01206	0.01895	0.01034	0.01206	0.00861	0.00431	0.00431	0.00086	0.00431	0.00345	0.00345	0.83118
6	0.00687	0.00589	0.00589	0.00589	0.00785	0.00491	0.00442	0.00835	0.01325	0.01571	0.05891	0.05596	0.75700	0.01473	0.00687	0.00196	0.00295	0.01227	0.00540	0.00491
7	0.00944	0.00745	0.01044	0.00927	0.00986	0.00809	0.06811	0.01018	0.00904	0.01243	0.01619	0.03173	0.01785	0.56952	0.08376	0.00521	0.10601	0.00772	0.00332	0.00439
8	0.00811	0.00594	0.00761	0.00719	0.00862	0.00544	0.00539	0.01075	0.01618	0.02266	0.69595	0.04452	0.11562	0.01213	0.00686	0.00184	0.00276	0.01067	0.00631	0.00544
9	0.01166	0.03008	0.76550	0.01657	0.02517	0.01351	0.02149	0.01842	0.01228	0.01842	0.01044	0.01228	0.00737	0.00552	0.00552	0.00184	0.00859	0.00430	0.00246	0.00859
10	0.83671	0.01125	0.00855	0.00765	0.01125	0.01305	0.00630	0.01709	0.00990	0.02609	0.00810	0.00945	0.00630	0.00540	0.00360	0.00180	0.00450	0.00315	0.00360	0.00630
11	0.01098	0.01034	0.01744	0.78165	0.04005	0.01292	0.01615	0.01486	0.01163	0.01486	0.01034	0.01550	0.00775	0.00581	0.00581	0.00194	0.00775	0.00517	0.00258	0.00646
12	0.01681	0.61838	0.02733	0.01069	0.01555	0.02175	0.01015	0.16130	0.03862	0.01858	0.00975	0.01065	0.00828	0.00547	0.00422	0.00137	0.00620	0.00364	0.00326	0.00800
13	0.01250	0.02618	0.60305	0.01727	0.06504	0.01319	0.05297	0.01915	0.04720	0.04798	0.03377	0.01421	0.00971	0.00584	0.00567	0.00184	0.00805	0.00482	0.00297	0.00858
14	0.01206	0.01034	0.01206	0.00861	0.01378	0.00775	0.00689	0.01464	0.01206	0.01895	0.01034	0.01206	0.00861	0.00431	0.00431	0.00086	0.00431	0.00345	0.00345	0.83118
15	0.00756	0.00572	0.00690	0.00701	0.00829	0.00514	0.00506	0.00942	0.01398	0.01861	0.34956	0.21520	0.26884	0.04257	0.00781	0.00213	0.00305	0.01234	0.00576	0.00506
16	0.00736	0.00566	0.00677	0.00726	0.00850	0.00507	0.00530	0.00898	0.01308	0.01686	0.17006	0.31471	0.32923	0.01556	0.00715	0.00213	0.00323	0.06257	0.00557	0.00498
17	0.01714	0.01750	0.01417	0.01154	0.01573	0.30918	0.00896	0.05418	0.03758	0.05655	0.01104	0.01223	0.00881	0.00536	0.00488	0.00124	0.00688	0.00387	0.00365	0.39950
18	0.01569	0.01396	0.02093	0.12030	0.51560	0.06821	0.01589	0.01944	0.04236	0.09289	0.01242	0.01507	0.00976	0.00562	0.00574	0.00175	0.00698	0.00520	0.00340	0.00877
19	0.01553	0.12717	0.07909	0.03920	0.04613	0.20702	0.01151	0.07186	0.08354	0.01772	0.03279	0.01732	0.07685	0.00754	0.00745	0.00177	0.12437	0.00530	0.00358	0.02427
20	0.03217	0.05969	0.04369	0.03336	0.11126	0.01040	0.02560	0.01590	0.04577	0.09628	0.16164	0.02586	0.09976	0.05310	0.00812	0.00196	0.06230	0.00691	0.00446	0.10176
21	0.04946	0.22068	0.17953	0.01119	0.01599	0.05126	0.01112	0.05760	0.07260	0.05481	0.05418	0.01850	0.06624	0.04367	0.00623	0.00178	0.00610	0.00525	0.00378	0.07003
22	0.05182	0.15466	0.09010	0.03427	0.01528	0.01305	0.00966	0.08154	0.05686	0.03521	0.01706	0.04636	0.08544	0.04367	0.00718	0.00178	0.06035	0.00561	0.00381	0.18631
23	0.06242	0.05475	0.06985	0.03686	0.01848	0.10087	0.08012	0.15918	0.09851	0.11407	0.01383	0.01447	0.01019	0.00605	0.00538	0.00162	0.00657	0.00488	0.00440	0.13750

[dist]
# distance from previous block
# <min> <max>
40	205

[block]
# block no. 1 follows, 40 sequences, length 33
# corresponding to MSA columns:
# 905-937
name=unknown_B
#
# <colnr> <probs for GDERKNQSTAVLIFYWHMCP>
#	G	D	E	R	K	N	Q	S	T	A	V	L	I	F	Y	W	H	M	C	P
0	0.01538	0.01188	0.01639	0.03582	0.07735	0.01070	0.08888	0.10726	0.03900	0.11278	0.02621	0.01480	0.01065	0.00542	0.00522	0.00136	0.00554	0.00475	0.00421	0.40639
1	0.01395	0.01178	0.04054	0.02981	0.08830	0.00967	0.04704	0.05287	0.03093	0.07800	0.01224	0.01380	0.00956	0.00502	0.00488	0.00122	0.00518	0.00428	0.03080	0.51013
2	0.01318	0.01557	0.11796	0.02146	0.19047	0.01271	0.25914	0.01757	0.03043	0.01875	0.01120	0.01410	0.00885	0.00514	0.00618	0.00164	0.03289	0.00523	0.00305	0.21448
3	0.01431	0.01367	0.06861	0.01657	0.06132	0.01154	0.25743	0.01936	0.08709	0.09482	0.01407	0.01674	0.01086	0.00563	0.00576	0.00160	0.00672	0.02607	0.00386	0.26397
4	0.01328	0.01169	0.02932	0.01472	0.12930	0.01033	0.07252	0.06290	0.05115	0.04490	0.06736	0.01794	0.04839	0.00612	0.00561	0.00141	0.02156	0.00533	0.00398	0.38219
5	0.01415	0.01102	0.01496	0.01426	0.10439	0.03415	0.06010	0.07151	0.03439	0.10969	0.08055	0.13654	0.01862	0.03651	0.00811	0.00193	0.08350	0.00737	0.00450	0.15379
6	0.01385	0.01000	0.01240	0.05392	0.06090	0.00930	0.00841	0.06863	0.08821	0.11496	0.08285	0.02396	0.09972	0.00760	0.00555	0.00154	0.00461	0.02691	0.03180	0.27487
7	0.01389	0.01569	0.07147	0.05961	0.24798	0.18500	0.01260	0.03535	0.01393	0.01736	0.04166	0.14407	0.05717	0.00855	0.00600	0.00181	0.00683	0.02263	0.00368	0.03472
8	0.05664	0.65779	0.02726	0.01021	0.01489	0.05328	0.00976	0.01884	0.07714	0.01527	0.00950	0.01048	0.00832	0.00530	0.00398	0.00135	0.00617	0.00344	0.00287	0.00753
9	0.01440	0.01136	0.01369	0.00995	0.01503	0.00953	0.03273	0.12102	0.01461	0.06524	0.01165	0.01291	0.00915	0.00489	0.00470	0.00108	0.00484	0.00396	0.00399	0.63526
10	0.00719	0.00573	0.00681	0.00781	0.03000	0.00508	0.00527	0.00850	0.01225	0.01539	0.04476	0.40426	0.39396	0.01611	0.00710	0.00215	0.00326	0.01409	0.00533	0.00495
11	0.01672	0.12563	0.24774	0.01370	0.03190	0.06746	0.01356	0.14801	0.12639	0.10587	0.01421	0.01469	0.01045	0.00746	0.02933	0.00197	0.00719	0.00486	0.00417	0.00868
12	0.01302	0.01311	0.02436	0.21329	0.33907	0.01343	0.22350	0.01689	0.01294	0.01771	0.01266	0.03428	0.02719	0.00579	0.00615	0.00187	0.00777	0.00610	0.00294	0.00794
13	0.00764	0.00592	0.00696	0.00670	0.00833	0.00524	0.00502	0.00984	0.01507	0.02003	0.45452	0.04886	0.35869	0.01312	0.00686	0.00189	0.00283	0.01128	0.00597	0.00524
14	0.04320	0.01316	0.02278	0.01764	0.04563	0.04940	0.34581	0.02094	0.01443	0.26189	0.01711	0.09205	0.01340	0.00703	0.00637	0.00191	0.00736	0.00715	0.00459	0.00815
15	0.01640	0.09175	0.08213	0.01420	0.10649	0.03790	0.03505	0.09791	0.03453	0.18745	0.07050	0.08369	0.01726	0.05191	0.00712	0.00200	0.00583	0.01950	0.03044	0.00793
16	0.00747	0.00591	0.00672	0.00652	0.00822	0.00516	0.00489	0.00950	0.01466	0.01904	0.36438	0.05048	0.44945	0.01348	0.00687	0.00190	0.00286	0.01150	0.00584	0.00516
17	0.01369	0.01481	0.03181	0.02292	0.02841	0.01386	0.66541	0.01830	0.01381	0.04158	0.03766	0.04418	0.01158	0.00568	0.00685	0.00197	0.00919	0.00730	0.00327	0.00772
18	0.01394	0.01404	0.07230	0.15526	0.37701	0.01344	0.08288	0.03925	0.08496	0.04362	0.01328	0.04068	0.01077	0.00609	0.00593	0.00184	0.00702	0.00580	0.00341	0.00847
19	0.01415	0.37138	0.38365	0.01344	0.02009	0.03948	0.01559	0.05064	0.01287	0.01701	0.00951	0.01099	0.00753	0.00536	0.00473	0.00156	0.00749	0.00380	0.00264	0.00810
20	0.00816	0.00594	0.00768	0.00724	0.00865	0.00546	0.00543	0.01084	0.01630	0.02294	0.72153	0.04406	0.08987	0.01203	0.00686	0.00184	0.00275	0.01060	0.00635	0.00546
21	0.05446	0.19791	0.14049	0.01106	0.01487	0.05242	0.01035	0.09680	0.03977	0.04153	0.01787	0.26192	0.01817	0.00978	0.00566	0.00184	0.00576	0.00809	0.00414	0.00709
22	0.01844	0.11229	0.21587	0.01376	0.01898	0.18089	0.03322	0.13592	0.01632	0.15127	0.01342	0.04080	0.01019	0.00652	0.00546	0.00170	0.00759	0.00496	0.00407	0.00833
23	0.00707	0.00513	0.00668	0.00793	0.00839	0.00474	0.00532	0.00812	0.01130	0.01491	0.03414	0.73458	0.09437	0.01795	0.00738	0.00233	0.00334	0.01620	0.00540	0.00474
24	0.01338	0.01029	0.01455	0.01593	0.14374	0.02699	0.05213	0.06411	0.06776	0.08134	0.02196	0.03879	0.02140	0.07189	0.00897	0.00249	0.02452	0.30798	0.00475	0.00704
25	0.04877	0.08144	0.32321	0.01463	0.05685	0.05393	0.01467	0.08982	0.07604	0.13929	0.01421	0.03810	0.01062	0.00648	0.00548	0.00178	0.00698	0.00508	0.00401	0.00861
26	0.01314	0.03423	0.10520	0.12428	0.23597	0.01403	0.30726	0.01742	0.01293	0.01788	0.01170	0.04028	0.00956	0.00572	0.00648	0.00189	0.02508	0.00609	0.00289	0.00799
27	0.00811	0.00594	0.00761	0.00719	0.00861	0.00544	0.00539	0.01074	0.01618	0.02264	0.69436	0.04455	0.11722	0.01214	0.00686	0.00184	0.00276	0.01067	0.00631	0.00544
28	0.01349	0.16402	0.35535	0.05136	0.09340	0.06036	0.08005	0.03836	0.01290	0.01747	0.01047	0.01292	0.00819	0.00755	0.04820	0.00213	0.00851	0.00453	0.00271	0.00802
29	0.01579	0.01561	0.06351	0.08952	0.18837	0.08721	0.19972	0.10783	0.01538	0.07505	0.01379	0.05339	0.01136	0.00661	0.00615	0.00186	0.00774	0.02924	0.00374	0.00814
30	0.00843	0.00576	0.00708	0.00708	0.00743	0.00594	0.00453	0.00885	0.00888	0.01197	0.01949	0.03438	0.06010	0.53415	0.19941	0.05342	0.00775	0.00796	0.00348	0.00393
31	0.01741	0.03548	0.03885	0.01839	0.18170	0.15675	0.04247	0.15375	0.19223	0.05460	0.03974	0.01641	0.01270	0.00661	0.00574	0.00175	0.00686	0.00546	0.00445	0.00866
32	0.79119	0.01153	0.00904	0.00797	0.01163	0.01332	0.00656	0.05749	0.01087	0.02668	0.00842	0.00970	0.00650	0.00549	0.00372	0.00180	0.00460	0.00327	0.00372	0.00650

[dist]
# distance from previous block
# <min> <max>
0	4

[block]
# block no. 2 follows, 40 sequences, length 64
# corresponding to MSA columns:
# 942-1005
name=unknown_C
#
# <colnr> <probs for GDERKNQSTAVLIFYWHMCP>
#	G	D	E	R	K	N	Q	S	T	A	V	L	I	F	Y	W	H	M	C	P
0	0.01257	0.01159	0.01854	0.47381	0.22415	0.01308	0.01550	0.04952	0.03647	0.01753	0.01109	0.01511	0.00861	0.00567	0.00570	0.00180	0.00713	0.00510	0.00298	0.06406
1	0.03228	0.06433	0.05278	0.10214	0.24896	0.08080	0.10833	0.09071	0.09532	0.04910	0.01271	0.01480	0.00982	0.00584	0.00571	0.00177	0.00729	0.00525	0.00363	0.00843
2	0.01538	0.68234	0.05980	0.05846	0.01706	0.05648	0.01088	0.01756	0.01204	0.01398	0.00836	0.00989	0.00748	0.00510	0.00401	0.00132	0.00661	0.00332	0.00252	0.00741
3	0.01426	0.01369	0.02337	0.06372	0.73233	0.01378	0.01778	0.01773	0.01318	0.01884	0.01092	0.01443	0.00916	0.00521	0.00576	0.00174	0.00694	0.00518	0.00287	0.00911
4	0.01309	0.04694	0.38076	0.05850	0.06974	0.01407	0.25124	0.01889	0.03405	0.04037	0.01156	0.01406	0.00847	0.00542	0.00595	0.00186	0.00854	0.00529	0.00288	0.00830
5	0.00831	0.00620	0.00921	0.00921	0.01020	0.00719	0.00710	0.01030	0.00930	0.01340	0.01570	0.02355	0.01484	0.07824	0.73838	0.00918	0.01512	0.00633	0.00313	0.00512
6	0.00876	0.00603	0.00757	0.00799	0.00938	0.00549	0.00608	0.01056	0.01330	0.06114	0.14966	0.28756	0.23922	0.01521	0.00721	0.00220	0.00363	0.14805	0.00565	0.00532
7	0.00825	0.00604	0.00860	0.00868	0.00950	0.00677	0.00644	0.00991	0.00950	0.01346	0.03705	0.07648	0.01836	0.17382	0.57072	0.00803	0.01268	0.00741	0.00343	0.00487
8	0.00709	0.00506	0.00675	0.00810	0.00843	0.00472	0.00540	0.00810	0.01113	0.01484	0.03205	0.79184	0.03846	0.01822	0.00742	0.00236	0.00337	0.01653	0.00540	0.00472
9	0.01555	0.79913	0.03047	0.00995	0.01493	0.02301	0.00995	0.01741	0.01182	0.01368	0.00808	0.00933	0.00746	0.00498	0.00373	0.00124	0.00622	0.00311	0.00249	0.00746
10	0.01166	0.03008	0.76550	0.01657	0.02517	0.01351	0.02149	0.01842	0.01228	0.01842	0.01044	0.01228	0.00737	0.00552	0.00552	0.00184	0.00859	0.00430	0.00246	0.00859
11	0.00922	0.00659	0.00920	0.01054	0.01181	0.00656	0.00911	0.01179	0.01324	0.01724	0.03087	0.11319	0.03379	0.01621	0.00799	0.00266	0.00522	0.67410	0.00536	0.00531
12	0.00709	0.00506	0.00675	0.00810	0.00843	0.00472	0.00540	0.00810	0.01113	0.01484	0.03205	0.79184	0.03846	0.01822	0.00742	0.00236	0.00337	0.01653	0.00540	0.00472
13	0.01446	0.01249	0.01315	0.01183	0.01512	0.01446	0.00920	0.03090	0.74885	0.02433	0.02367	0.02170	0.01775	0.00789	0.00592	0.00197	0.00460	0.00657	0.00592	0.00920
14	0.01139	0.01113	0.01996	0.66861	0.03861	0.01319	0.12396	0.01542	0.01194	0.01542	0.01055	0.01553	0.00791	0.00568	0.00597	0.00194	0.00806	0.00542	0.00264	0.00667
15	0.01929	0.02775	0.17529	0.01569	0.01998	0.58269	0.04163	0.02203	0.01549	0.01529	0.00940	0.01107	0.00752	0.00585	0.00537	0.00159	0.01006	0.00398	0.00288	0.00718
16	0.00709	0.00506	0.00675	0.00810	0.00843	0.00472	0.00540	0.00810	0.01113	0.01484	0.03205	0.79184	0.03846	0.01822	0.00742	0.00236	0.00337	0.01653	0.00540	0.00472
17	0.00699	0.00544	0.00636	0.00710	0.00817	0.00481	0.00496	0.00821	0.01209	0.01524	0.04417	0.45969	0.36278	0.01664	0.00717	0.00218	0.00318	0.01461	0.00540	0.00481
18	0.01409	0.01353	0.02326	0.03430	0.70931	0.01349	0.03801	0.01749	0.01317	0.01883	0.01178	0.04462	0.01034	0.00568	0.00585	0.00176	0.00685	0.00567	0.00298	0.00900
19	0.00709	0.00506	0.00675	0.00810	0.00843	0.00472	0.00540	0.00810	0.01113	0.01484	0.03205	0.79184	0.03846	0.01822	0.00742	0.00236	0.00337	0.01653	0.00540	0.00472
20	0.01555	0.79913	0.03047	0.00995	0.01493	0.02301	0.00995	0.01741	0.01182	0.01368	0.00808	0.00933	0.00746	0.00498	0.00373	0.00124	0.00622	0.00311	0.00249	0.00746
21	0.01846	0.30211	0.02103	0.01251	0.01634	0.34338	0.01040	0.08392	0.08445	0.01720	0.03252	0.01240	0.01005	0.00606	0.00486	0.00148	0.00782	0.00411	0.00343	0.00747
22	0.00687	0.00589	0.00589	0.00589	0.00785	0.00491	0.00442	0.00835	0.01325	0.01571	0.05891	0.05596	0.75700	0.01473	0.00687	0.00196	0.00295	0.01227	0.00540	0.00491
23	0.01349	0.41256	0.37626	0.01299	0.01956	0.01800	0.01525	0.01769	0.01217	0.01621	0.03188	0.01175	0.00885	0.00544	0.00467	0.00154	0.00723	0.00389	0.00259	0.00794
24	0.01563	0.01155	0.01268	0.01118	0.01451	0.01281	0.00876	0.02875	0.57817	0.13430	0.05861	0.02370	0.04673	0.00823	0.00599	0.00194	0.00451	0.00686	0.00611	0.00898
25	0.01343	0.07399	0.53604	0.01665	0.02380	0.11382	0.08372	0.01888	0.01283	0.01748	0.01014	0.01219	0.00753	0.00563	0.00589	0.00179	0.03106	0.00441	0.00257	0.00815
26	0.76518	0.07987	0.01046	0.00785	0.01157	0.01391	0.00662	0.01712	0.01006	0.02501	0.00810	0.00944	0.00640	0.00536	0.00361	0.00175	0.00465	0.00315	0.00350	0.00640
27	0.01341	0.01327	0.02395	0.22199	0.44869	0.01375	0.14501	0.01723	0.01292	0.01789	0.01093	0.01490	0.00877	0.00529	0.00597	0.00182	0.00763	0.00548	0.00282	0.00827
28	0.01282	0.24364	0.47094	0.01398	0.02100	0.01580	0.01671	0.01767	0.01203	0.01700	0.00968	0.01144	0.00751	0.00541	0.00533	0.00161	0.03110	0.00391	0.00255	0.07986
29	0.01910	0.11288	0.11072	0.01492	0.01945	0.34089	0.07550	0.16439	0.03473	0.03820	0.01098	0.01221	0.00848	0.00599	0.00539	0.00162	0.00862	0.00443	0.00360	0.00791
30	0.00750	0.00592	0.00676	0.00655	0.00824	0.00518	0.00491	0.00956	0.01473	0.01921	0.38013	0.05019	0.43359	0.01342	0.00687	0.00190	0.00285	0.01146	0.00586	0.00518
31	0.01149	0.01086	0.01836	0.67028	0.14745	0.01305	0.01640	0.01530	0.01187	0.01548	0.01043	0.01534	0.00797	0.00572	0.00581	0.00191	0.00763	0.00517	0.00263	0.00687
32	0.01596	0.01387	0.02222	0.01699	0.02126	0.05993	0.32656	0.13218	0.05805	0.11073	0.01736	0.14577	0.01505	0.00797	0.00652	0.00195	0.00735	0.00789	0.00449	0.00790
33	0.02581	0.01035	0.01377	0.01056	0.01507	0.00922	0.00872	0.07862	0.01740	0.71203	0.02231	0.01938	0.01408	0.00718	0.00585	0.00180	0.00505	0.00580	0.00710	0.00990
34	0.01098	0.01034	0.01744	0.78165	0.04005	0.01292	0.01615	0.01486	0.01163	0.01486	0.01034	0.01550	0.00775	0.00581	0.00581	0.00194	0.00775	0.00517	0.00258	0.00646
35	0.01401	0.01342	0.02291	0.11973	0.67832	0.01372	0.01766	0.01751	0.01306	0.01853	0.01087	0.01452	0.00905	0.00525	0.00576	0.00175	0.00700	0.00518	0.00285	0.00890
36	0.01361	0.09671	0.56078	0.01603	0.02335	0.13035	0.04412	0.01907	0.01293	0.01737	0.01006	0.01186	0.00745	0.00553	0.00537	0.00174	0.00872	0.00420	0.00256	0.00819
37	0.02296	0.01008	0.01307	0.01040	0.01450	0.00936	0.00846	0.02766	0.14136	0.58985	0.07027	0.02164	0.01757	0.00762	0.00592	0.00183	0.00475	0.00627	0.00693	0.00949
38	0.00687	0.00589	0.00589	0.00589	0.00785	0.00491	0.00442	0.00835	0.01325	0.01571	0.05891	0.05596	0.75700	0.01473	0.00687	0.00196	0.00295	0.01227	0.00540	0.00491
39	0.01347	0.01287	0.02194	0.23765	0.56461	0.01357	0.01739	0.01704	0.01280	0.01788	0.01078	0.01469	0.00882	0.00535	0.00577	0.00178	0.00714	0.00518	0.00280	0.00847
40	0.01583	0.01158	0.01290	0.08341	0.01589	0.03642	0.02826	0.28840	0.08360	0.02657	0.01618	0.01768	0.01220	0.00679	0.00517	0.00163	0.00518	0.00541	0.31927	0.00764
41	0.00687	0.00589	0.00589	0.00589	0.00785	0.00491	0.00442	0.00835	0.01325	0.01571	0.05891	0.05596	0.75700	0.01473	0.00687	0.00196	0.00295	0.01227	0.00540	0.00491
42	0.01466	0.01934	0.13067	0.02160	0.02734	0.12765	0.50867	0.01968	0.03742	0.01812	0.01155	0.01464	0.00871	0.00525	0.00641	0.00188	0.00957	0.00604	0.00298	0.00782
43	0.06127	0.06549	0.12803	0.15014	0.14447	0.06503	0.03543	0.07881	0.03587	0.11688	0.01233	0.01425	0.00919	0.00617	0.00627	0.00181	0.05187	0.00489	0.00367	0.00815
44	0.01510	0.00859	0.00948	0.00829	0.01079	0.00886	0.00649	0.13799	0.09009	0.13370	0.02002	0.06803	0.01575	0.00770	0.00502	0.00161	0.00389	0.00626	0.43518	0.00717
45	0.00692	0.00589	0.00595	0.00594	0.00788	0.00493	0.00445	0.00843	0.01336	0.01597	0.08238	0.05554	0.73336	0.01463	0.00687	0.00196	0.00294	0.01221	0.00543	0.00493
46	0.13190	0.01581	0.01519	0.01222	0.01640	0.11451	0.00990	0.38447	0.07235	0.14833	0.01464	0.01438	0.01037	0.00674	0.00546	0.00174	0.00632	0.00495	0.00538	0.00895
47	0.00866	0.00681	0.00922	0.03208	0.03494	0.00663	0.02614	0.01189	0.07001	0.01932	0.32111	0.28355	0.10605	0.01339	0.00693	0.00205	0.00363	0.02629	0.00561	0.00568
48	0.00709	0.00506	0.00675	0.00810	0.00843	0.00472	0.00540	0.00810	0.01113	0.01484	0.03205	0.79184	0.03846	0.01822	0.00742	0.00236	0.00337	0.01653	0.00540	0.00472
49	0.01179	0.05596	0.74076	0.01635	0.02482	0.01383	0.02110	0.01838	0.01226	0.01826	0.01036	0.01218	0.00737	0.00551	0.00546	0.00182	0.00851	0.00426	0.00246	0.00856
50	0.07432	0.01297	0.01440	0.01141	0.01567	0.06172	0.00936	0.23491	0.03537	0.41540	0.01875	0.01836	0.01281	0.00725	0.00573	0.00180	0.00571	0.02854	0.00621	0.00930
51	0.01421	0.01303	0.02201	0.07143	0.65371	0.01310	0.01680	0.01754	0.01319	0.04273	0.01253	0.04496	0.01094	0.00601	0.00588	0.00179	0.00672	0.02143	0.00315	0.00884
52	0.02219	0.01034	0.01324	0.01093	0.03814	0.03166	0.00853	0.04260	0.03165	0.54549	0.10622	0.02144	0.01827	0.00745	0.00584	0.00173	0.00491	0.00614	0.00652	0.06674
53	0.01459	0.16870	0.19264	0.01136	0.01713	0.04544	0.01141	0.05087	0.01331	0.07529	0.01100	0.01219	0.00855	0.00514	0.00471	0.00130	0.00609	0.00386	0.00340	0.34302
54	0.03374	0.01374	0.15756	0.01194	0.02886	0.03187	0.02852	0.07942	0.08957	0.14737	0.07980	0.21549	0.03709	0.01007	0.00624	0.00196	0.00543	0.00867	0.00509	0.00757
55	0.11296	0.04039	0.03987	0.01266	0.01685	0.25563	0.07105	0.03605	0.03402	0.13445	0.01223	0.01326	0.00925	0.00666	0.02416	0.00172	0.00740	0.00438	0.00391	0.16311
56	0.11580	0.05810	0.09181	0.03337	0.03227	0.05855	0.07487	0.10177	0.09733	0.15731	0.06281	0.03626	0.01420	0.00695	0.00553	0.00179	0.00608	0.00571	0.03140	0.00808
57	0.01694	0.03217	0.13290	0.07463	0.06345	0.05651	0.17468	0.12635	0.03421	0.16023	0.03541	0.01736	0.03500	0.00646	0.00600	0.00182	0.00732	0.00584	0.00430	0.00842
58	0.09142	0.05057	0.08158	0.05658	0.06194	0.03619	0.14415	0.08253	0.09742	0.16543	0.01543	0.03227	0.01164	0.00656	0.00573	0.00183	0.00664	0.02113	0.00444	0.02652
59	0.07328	0.01479	0.09497	0.03216	0.13522	0.04756	0.03781	0.11795	0.06705	0.19031	0.02823	0.01566	0.01132	0.00618	0.00550	0.00168	0.00616	0.00510	0.00460	0.10447
60	0.04955	0.04539	0.12541	0.01596	0.10424	0.03123	0.09878	0.08703	0.09009	0.10289	0.04902	0.06202	0.01494	0.00736	0.00586	0.00182	0.00634	0.03896	0.00435	0.05876
61	0.12053	0.07468	0.12264	0.01370	0.03625	0.06038	0.09670	0.14618	0.03322	0.12262	0.03180	0.01581	0.01114	0.00633	0.00539	0.00172	0.00656	0.02071	0.03059	0.04307
62	0.04992	0.04067	0.16597	0.01546	0.05833	0.05804	0.12454	0.13869	0.05679	0.14361	0.03270	0.01596	0.01141	0.00629	0.00566	0.00177	0.00690	0.00538	0.05345	0.00847
63	0.03160	0.08655	0.13629	0.01312	0.03186	0.06874	0.07273	0.10994	0.05263	0.09406	0.13449	0.06868	0.01945	0.00802	0.00589	0.00179	0.00621	0.02820	0.00456	0.02517

[dist]
# distance from previous block
# <min> <max>
9	264

# created by:
# /home/cegg/simao/soft/augustus-3.2.1/scripts/msa2prfl.pl ./align_prep/EOG090W095F.fa
