[name]
unknown

[dist]
# distance from previous block
# <min> <max>
0	622

[block]
# block no. 0 follows, 31 sequences, length 50
# corresponding to MSA columns:
# 628-677
name=unknown_A
#
# <colnr> <probs for GDERKNQSTAVLIFYWHMCP>
#	G	D	E	R	K	N	Q	S	T	A	V	L	I	F	Y	W	H	M	C	P
0	0.04916	0.05578	0.01544	0.01166	0.01602	0.01052	0.00975	0.02718	0.01848	0.48218	0.11186	0.03248	0.02492	0.01026	0.00712	0.00221	0.00563	0.09173	0.00761	0.01001
1	0.01110	0.01087	0.10000	0.00983	0.01290	0.00772	0.00878	0.01456	0.01791	0.06637	0.43851	0.04807	0.20023	0.01345	0.00780	0.00219	0.00431	0.01158	0.00673	0.00708
2	0.06646	0.16357	0.11128	0.01670	0.03992	0.24716	0.05799	0.02214	0.01552	0.01925	0.01086	0.01326	0.00904	0.00678	0.00718	0.00183	0.07360	0.00468	0.00339	0.10939
3	0.00838	0.00676	0.00747	0.00768	0.00952	0.00584	0.00561	0.01025	0.01572	0.01969	0.16395	0.19260	0.48744	0.01757	0.00820	0.00237	0.00352	0.01505	0.00654	0.00584
4	0.00970	0.00783	0.00839	0.00921	0.00995	0.04944	0.00612	0.01073	0.01308	0.01660	0.03644	0.46202	0.12353	0.18715	0.01440	0.00353	0.00501	0.01576	0.00568	0.00541
5	0.06394	0.67586	0.03318	0.01158	0.01731	0.02538	0.01136	0.02124	0.01411	0.05928	0.01056	0.01172	0.00919	0.00604	0.00453	0.00154	0.00711	0.00385	0.00333	0.00887
6	0.01344	0.10038	0.23743	0.10897	0.04796	0.01488	0.05588	0.01941	0.07006	0.02009	0.04594	0.06172	0.01591	0.01596	0.13867	0.00376	0.01016	0.00701	0.00383	0.00853
7	0.02114	0.39918	0.02762	0.01423	0.01906	0.24233	0.01233	0.09169	0.05933	0.01980	0.01164	0.01293	0.00982	0.00682	0.00580	0.00171	0.02746	0.00445	0.00375	0.00890
8	0.01695	0.01827	0.02066	0.01790	0.01856	0.15411	0.01464	0.01850	0.01215	0.01652	0.00928	0.01448	0.00895	0.01105	0.01940	0.00276	0.60948	0.00569	0.00309	0.00757
9	0.00934	0.00643	0.00786	0.00845	0.00868	0.00636	0.00524	0.00994	0.01118	0.01499	0.02733	0.30667	0.03192	0.44112	0.06959	0.00548	0.00639	0.01330	0.00493	0.00479
10	0.03070	0.01164	0.01588	0.01217	0.01746	0.01006	0.01006	0.03334	0.01958	0.72163	0.02699	0.02329	0.01694	0.00847	0.00688	0.00212	0.00582	0.00688	0.00847	0.01164
11	0.00842	0.00694	0.00739	0.00728	0.00944	0.00592	0.00546	0.01046	0.01638	0.02034	0.20327	0.06278	0.57899	0.01663	0.00808	0.00228	0.00342	0.01401	0.00660	0.00592
12	0.02514	0.01833	0.01961	0.01513	0.02035	0.02025	0.01247	0.64994	0.03101	0.04197	0.01681	0.01702	0.01202	0.00820	0.00671	0.00202	0.00725	0.00617	0.05830	0.01129
13	0.09093	0.01177	0.01543	0.01193	0.01714	0.01047	0.00985	0.03232	0.01897	0.66808	0.02564	0.02234	0.01620	0.00830	0.00667	0.00212	0.00578	0.00663	0.00814	0.01131
14	0.00846	0.00705	0.00745	0.00765	0.00987	0.00604	0.00594	0.01037	0.01561	0.01874	0.06510	0.06728	0.62828	0.01753	0.00826	0.00242	0.00383	0.09794	0.00635	0.00584
15	0.01019	0.00759	0.00955	0.00896	0.01077	0.00725	0.00675	0.01461	0.07233	0.02719	0.63584	0.04968	0.08569	0.01375	0.00798	0.00217	0.00341	0.01209	0.00744	0.00677
16	0.01517	0.01303	0.01374	0.01250	0.01600	0.01463	0.00968	0.03080	0.55671	0.02686	0.06655	0.03350	0.13974	0.01086	0.00720	0.00231	0.00498	0.00908	0.00689	0.00977
17	0.04838	0.00762	0.00964	0.00897	0.01097	0.00710	0.00678	0.01475	0.01843	0.08973	0.54623	0.10173	0.07590	0.01381	0.00784	0.00220	0.00362	0.01208	0.00734	0.00688
18	0.19031	0.01456	0.01554	0.01260	0.01725	0.01561	0.01026	0.25515	0.11453	0.18960	0.06121	0.02144	0.03529	0.00860	0.00642	0.00213	0.00602	0.00660	0.00670	0.01017
19	0.01058	0.00764	0.01045	0.01191	0.01344	0.00752	0.01019	0.01346	0.01552	0.02007	0.03891	0.13195	0.09215	0.01899	0.00928	0.00305	0.00589	0.56649	0.00631	0.00620
20	0.01615	0.01845	0.04037	0.02884	0.03576	0.01730	0.69204	0.02191	0.01615	0.02191	0.01384	0.01845	0.01038	0.00577	0.00807	0.00231	0.01153	0.00807	0.00346	0.00923
21	0.00839	0.00639	0.00757	0.00840	0.00952	0.00573	0.00578	0.00976	0.01401	0.01787	0.06875	0.43235	0.29252	0.06744	0.01016	0.00284	0.00393	0.01676	0.00624	0.00557
22	0.00830	0.00662	0.00736	0.00783	0.00944	0.00577	0.00558	0.00988	0.01481	0.01841	0.08775	0.27675	0.45463	0.04363	0.00919	0.00259	0.00372	0.01573	0.00633	0.00568
23	0.00995	0.00663	0.00746	0.00746	0.00746	0.00663	0.00415	0.00995	0.00995	0.01327	0.02156	0.04477	0.02487	0.75957	0.03482	0.00663	0.00663	0.00995	0.00415	0.00415
24	0.00995	0.00663	0.00746	0.00746	0.00746	0.00663	0.00415	0.00995	0.00995	0.01327	0.02156	0.04477	0.02487	0.75957	0.03482	0.00663	0.00663	0.00995	0.00415	0.00415
25	0.01399	0.01111	0.01218	0.01145	0.01416	0.01205	0.00866	0.08218	0.31607	0.02575	0.07256	0.20986	0.10688	0.01327	0.00744	0.00235	0.00476	0.01141	0.05534	0.00851
26	0.00822	0.00688	0.00715	0.00720	0.00935	0.00581	0.00536	0.01003	0.01573	0.01909	0.11508	0.10395	0.62809	0.01731	0.00812	0.00233	0.00348	0.01457	0.00644	0.00581
27	0.02966	0.01586	0.01658	0.01327	0.01821	0.15519	0.01069	0.03213	0.01954	0.57994	0.02369	0.02109	0.01530	0.00818	0.00674	0.00205	0.00713	0.00638	0.00747	0.01090
28	0.02900	0.01436	0.01756	0.01346	0.01882	0.01408	0.01112	0.27178	0.02412	0.47677	0.02318	0.02081	0.01502	0.00838	0.00687	0.00209	0.00644	0.00662	0.00788	0.01164
29	0.01209	0.00988	0.01131	0.01103	0.01331	0.01066	0.00827	0.02101	0.29246	0.02277	0.09396	0.21173	0.12882	0.01902	0.09786	0.00349	0.00620	0.01190	0.00636	0.00786
30	0.01052	0.00722	0.00836	0.00846	0.00889	0.00725	0.00522	0.05092	0.01205	0.01608	0.02519	0.21664	0.02906	0.53409	0.02677	0.00542	0.00604	0.01204	0.00485	0.00494
31	0.01611	0.04324	0.03845	0.02727	0.03352	0.01796	0.60749	0.02137	0.01556	0.02122	0.01325	0.01789	0.01020	0.00633	0.00926	0.00234	0.07835	0.00774	0.00340	0.00905
32	0.01215	0.00914	0.01041	0.01075	0.01208	0.03959	0.00805	0.07913	0.01524	0.02013	0.02909	0.25091	0.03205	0.18692	0.03573	0.00383	0.00630	0.19034	0.04196	0.00619
33	0.01829	0.76368	0.03585	0.01171	0.01756	0.02707	0.01171	0.02049	0.01390	0.01610	0.00951	0.01097	0.00878	0.00585	0.00439	0.00146	0.00732	0.00366	0.00293	0.00878
34	0.01693	0.01626	0.02777	0.04199	0.71689	0.01626	0.02100	0.02100	0.01558	0.02235	0.01287	0.01693	0.01084	0.00610	0.00677	0.00203	0.00813	0.00610	0.00339	0.01084
35	0.00879	0.00631	0.00835	0.00921	0.01002	0.00586	0.00639	0.01067	0.01522	0.02085	0.26682	0.51635	0.05180	0.01891	0.00851	0.00257	0.00372	0.01705	0.00675	0.00586
36	0.01753	0.01495	0.01576	0.01403	0.01798	0.01726	0.01095	0.07375	0.66630	0.02944	0.02720	0.02501	0.02036	0.00922	0.00695	0.00231	0.00553	0.00765	0.00695	0.01087
37	0.01829	0.76368	0.03585	0.01171	0.01756	0.02707	0.01171	0.02049	0.01390	0.01610	0.00951	0.01097	0.00878	0.00585	0.00439	0.00146	0.00732	0.00366	0.00293	0.00878
38	0.00994	0.00665	0.00752	0.00750	0.00756	0.00663	0.00423	0.01006	0.01029	0.01377	0.04633	0.04500	0.02629	0.73286	0.03386	0.00647	0.00651	0.01004	0.00427	0.00423
39	0.02813	0.01221	0.01580	0.01250	0.01753	0.01136	0.01020	0.03391	0.14783	0.59187	0.02715	0.02371	0.01767	0.00862	0.00690	0.00216	0.00575	0.00704	0.00819	0.01149
40	0.80789	0.01323	0.01006	0.00900	0.01323	0.01535	0.00741	0.02011	0.01164	0.03070	0.00953	0.01111	0.00741	0.00635	0.00423	0.00212	0.00529	0.00370	0.00423	0.00741
41	0.80789	0.01323	0.01006	0.00900	0.01323	0.01535	0.00741	0.02011	0.01164	0.03070	0.00953	0.01111	0.00741	0.00635	0.00423	0.00212	0.00529	0.00370	0.00423	0.00741
42	0.01537	0.00986	0.01185	0.01059	0.01354	0.00981	0.00827	0.02245	0.19420	0.15655	0.31945	0.04176	0.11153	0.01226	0.00761	0.00224	0.00440	0.03237	0.00740	0.00847
43	0.02556	0.03261	0.01939	0.01763	0.02115	0.73210	0.01322	0.02732	0.01939	0.01674	0.01058	0.01234	0.00881	0.00705	0.00617	0.00176	0.01234	0.00441	0.00353	0.00793
44	0.00995	0.00663	0.00746	0.00746	0.00746	0.00663	0.00415	0.00995	0.00995	0.01327	0.02156	0.04477	0.02487	0.75957	0.03482	0.00663	0.00663	0.00995	0.00415	0.00415
45	0.00833	0.00699	0.00727	0.00734	0.00957	0.00593	0.00559	0.01021	0.01578	0.01901	0.09692	0.06582	0.64522	0.01726	0.00816	0.00235	0.00362	0.05239	0.00640	0.00584
46	0.00809	0.00693	0.00693	0.00693	0.00924	0.00578	0.00520	0.00982	0.01559	0.01848	0.06931	0.06584	0.71411	0.01733	0.00809	0.00231	0.00347	0.01444	0.00635	0.00578
47	0.00835	0.00659	0.00753	0.00804	0.00959	0.00577	0.00575	0.01005	0.01511	0.01908	0.12756	0.31084	0.40466	0.01844	0.00832	0.00246	0.00362	0.01601	0.00648	0.00577
48	0.03002	0.01273	0.01655	0.01269	0.01801	0.01166	0.01048	0.12858	0.02140	0.62383	0.02547	0.02230	0.01617	0.00843	0.00687	0.00211	0.00607	0.00678	0.00823	0.01164
49	0.00847	0.00606	0.00806	0.00943	0.00995	0.00565	0.00636	0.00987	0.01373	0.01847	0.10571	0.68424	0.04719	0.02068	0.00867	0.00272	0.00389	0.01874	0.00647	0.00565

[dist]
# distance from previous block
# <min> <max>
0	13

[block]
# block no. 1 follows, 31 sequences, length 71
# corresponding to MSA columns:
# 691-744,826-842
name=unknown_B
#
# <colnr> <probs for GDERKNQSTAVLIFYWHMCP>
#	G	D	E	R	K	N	Q	S	T	A	V	L	I	F	Y	W	H	M	C	P
0	0.02194	0.01647	0.01731	0.01414	0.01880	0.06479	0.01133	0.22516	0.25699	0.13728	0.02085	0.02002	0.01517	0.00830	0.00713	0.00205	0.02954	0.00645	0.00648	0.09980
1	0.00991	0.00762	0.01122	0.01110	0.01232	0.00893	0.00867	0.01229	0.01117	0.01602	0.02014	0.02807	0.04676	0.04826	0.67254	0.01030	0.04719	0.00758	0.00375	0.00615
2	0.01811	0.73422	0.06369	0.01202	0.01805	0.02662	0.01226	0.02053	0.01392	0.01632	0.00962	0.01111	0.00878	0.00588	0.00448	0.00149	0.00743	0.00371	0.00293	0.00883
3	0.02590	0.02247	0.02025	0.01620	0.02120	0.19617	0.01306	0.52999	0.02902	0.03663	0.01499	0.01542	0.01094	0.00793	0.00668	0.00198	0.00871	0.00573	0.00603	0.01072
4	0.01292	0.01216	0.02052	0.74312	0.04712	0.01520	0.01900	0.01748	0.01368	0.01748	0.01216	0.01824	0.00912	0.00684	0.00684	0.00228	0.00912	0.00608	0.00304	0.00760
5	0.01615	0.01845	0.04037	0.02884	0.03576	0.01730	0.69204	0.02191	0.01615	0.02191	0.01384	0.01845	0.01038	0.00577	0.00807	0.00231	0.01153	0.00807	0.00346	0.00923
6	0.00853	0.00608	0.00803	0.00935	0.00984	0.00569	0.00626	0.00985	0.01353	0.01819	0.09858	0.66005	0.04612	0.05285	0.00981	0.00289	0.00402	0.01839	0.00636	0.00558
7	0.01102	0.00787	0.01102	0.01260	0.01417	0.00787	0.01102	0.01417	0.01575	0.02047	0.03622	0.07717	0.03937	0.01890	0.00945	0.00315	0.00630	0.67084	0.00630	0.00630
8	0.00994	0.00726	0.00937	0.00879	0.01049	0.00682	0.00661	0.01373	0.04331	0.02748	0.68933	0.05021	0.06303	0.01382	0.00803	0.00216	0.00330	0.01221	0.00751	0.00661
9	0.01702	0.01470	0.01547	0.01392	0.01779	0.01702	0.01083	0.03635	0.70453	0.02862	0.02785	0.02553	0.02088	0.00928	0.00696	0.00232	0.00541	0.00773	0.00696	0.01083
10	0.04285	0.00884	0.01090	0.00964	0.01243	0.00812	0.00738	0.04247	0.01766	0.22536	0.23389	0.12078	0.15491	0.06215	0.00938	0.00253	0.00455	0.01125	0.00711	0.00781
11	0.00992	0.00668	0.00775	0.00788	0.00800	0.00671	0.00467	0.01019	0.01035	0.01382	0.02267	0.07336	0.02598	0.67455	0.05838	0.00650	0.00694	0.03699	0.00430	0.00436
12	0.00938	0.00698	0.00873	0.00829	0.01004	0.00633	0.00622	0.01233	0.01866	0.02576	0.59265	0.05386	0.18623	0.01461	0.00807	0.00218	0.00327	0.01276	0.00731	0.00633
13	0.01275	0.00638	0.00638	0.00638	0.00797	0.00638	0.00478	0.01594	0.01435	0.02551	0.02232	0.02551	0.01754	0.00797	0.00478	0.00159	0.00319	0.00638	0.79755	0.00638
14	0.00852	0.00618	0.00807	0.00934	0.01003	0.00573	0.00642	0.01000	0.01394	0.01854	0.10161	0.61702	0.09797	0.02036	0.00864	0.00270	0.00394	0.03885	0.00646	0.00568
15	0.01188	0.00594	0.00891	0.00891	0.00891	0.00594	0.00594	0.00891	0.00891	0.01188	0.01188	0.02080	0.01188	0.02377	0.02674	0.80095	0.00594	0.00594	0.00297	0.00297
16	0.80789	0.01323	0.01006	0.00900	0.01323	0.01535	0.00741	0.02011	0.01164	0.03070	0.00953	0.01111	0.00741	0.00635	0.00423	0.00212	0.00529	0.00370	0.00423	0.00741
17	0.01905	0.00942	0.01211	0.01035	0.01364	0.00857	0.00809	0.02265	0.06187	0.32758	0.23593	0.08782	0.10392	0.03685	0.00842	0.00236	0.00468	0.01031	0.00759	0.00878
18	0.01292	0.01216	0.02052	0.74312	0.04712	0.01520	0.01900	0.01748	0.01368	0.01748	0.01216	0.01824	0.00912	0.00684	0.00684	0.00228	0.00912	0.00608	0.00304	0.00760
19	0.00834	0.00595	0.00794	0.00953	0.00992	0.00556	0.00635	0.00953	0.01310	0.01746	0.03771	0.75510	0.04525	0.02143	0.00873	0.00278	0.00397	0.01945	0.00635	0.00556
20	0.02601	0.01916	0.02053	0.01574	0.02122	0.02122	0.01300	0.69408	0.03217	0.04312	0.01643	0.01643	0.01163	0.00821	0.00684	0.00205	0.00753	0.00616	0.00684	0.01163
21	0.57726	0.01224	0.01070	0.00942	0.01337	0.01358	0.00764	0.04280	0.01383	0.10459	0.05501	0.04584	0.01401	0.00779	0.00504	0.00212	0.00514	0.00542	0.04637	0.00782
22	0.00977	0.00733	0.01100	0.01100	0.01222	0.00855	0.00855	0.01222	0.01100	0.01588	0.01833	0.02688	0.01710	0.05131	0.73245	0.01100	0.01833	0.00733	0.00367	0.00611
23	0.00834	0.00595	0.00794	0.00953	0.00992	0.00556	0.00635	0.00953	0.01310	0.01746	0.03771	0.75510	0.04525	0.02143	0.00873	0.00278	0.00397	0.01945	0.00635	0.00556
24	0.00847	0.00620	0.00771	0.00884	0.00952	0.00572	0.00590	0.00963	0.01318	0.01717	0.04141	0.55368	0.16008	0.10457	0.01158	0.00313	0.00418	0.01749	0.00610	0.00543
25	0.00977	0.00733	0.01100	0.01100	0.01222	0.00855	0.00855	0.01222	0.01100	0.01588	0.01833	0.02688	0.01710	0.05131	0.73245	0.01100	0.01833	0.00733	0.00367	0.00611
26	0.01292	0.01216	0.02052	0.74312	0.04712	0.01520	0.01900	0.01748	0.01368	0.01748	0.01216	0.01824	0.00912	0.00684	0.00684	0.00228	0.00912	0.00608	0.00304	0.00760
27	0.00809	0.00693	0.00693	0.00693	0.00924	0.00578	0.00520	0.00982	0.01559	0.01848	0.06931	0.06584	0.71411	0.01733	0.00809	0.00231	0.00347	0.01444	0.00635	0.00578
28	0.00917	0.00691	0.00886	0.00921	0.01067	0.00661	0.00696	0.01146	0.01532	0.02046	0.22501	0.19858	0.20978	0.02329	0.13318	0.00395	0.00636	0.08199	0.00620	0.00603
29	0.01617	0.01591	0.02710	0.03492	0.49093	0.01684	0.09057	0.01986	0.01471	0.02109	0.01433	0.01853	0.03626	0.00755	0.00982	0.00225	0.14328	0.00659	0.00343	0.00987
30	0.00819	0.00678	0.00717	0.00739	0.00938	0.00577	0.00542	0.00990	0.01536	0.01868	0.08978	0.17099	0.58597	0.01783	0.00818	0.00238	0.00353	0.01513	0.00640	0.00577
31	0.80789	0.01323	0.01006	0.00900	0.01323	0.01535	0.00741	0.02011	0.01164	0.03070	0.00953	0.01111	0.00741	0.00635	0.00423	0.00212	0.00529	0.00370	0.00423	0.00741
32	0.01292	0.01216	0.02052	0.74312	0.04712	0.01520	0.01900	0.01748	0.01368	0.01748	0.01216	0.01824	0.00912	0.00684	0.00684	0.00228	0.00912	0.00608	0.00304	0.00760
33	0.01829	0.76368	0.03585	0.01171	0.01756	0.02707	0.01171	0.02049	0.01390	0.01610	0.00951	0.01097	0.00878	0.00585	0.00439	0.00146	0.00732	0.00366	0.00293	0.00878
34	0.02030	0.01582	0.02483	0.03450	0.53665	0.04063	0.01829	0.02396	0.01660	0.17733	0.01592	0.01818	0.01212	0.00666	0.00677	0.00204	0.00777	0.00621	0.00452	0.01091
35	0.01434	0.01494	0.02927	0.42815	0.04211	0.01613	0.31578	0.01944	0.01477	0.01944	0.01290	0.01833	0.00968	0.00637	0.00738	0.00229	0.01018	0.00696	0.00323	0.00832
36	0.00995	0.00663	0.00746	0.00746	0.00746	0.00663	0.00415	0.00995	0.00995	0.01327	0.02156	0.04477	0.02487	0.75957	0.03482	0.00663	0.00663	0.00995	0.00415	0.00415
37	0.01630	0.36161	0.39315	0.01577	0.02382	0.02073	0.01871	0.02150	0.01436	0.04089	0.01149	0.01316	0.00897	0.00627	0.00556	0.00185	0.00872	0.00448	0.00308	0.00956
38	0.01880	0.67680	0.03438	0.01332	0.04823	0.02617	0.01220	0.06971	0.01531	0.01834	0.01016	0.01163	0.00908	0.00604	0.00467	0.00153	0.00737	0.00395	0.00323	0.00908
39	0.01586	0.01581	0.02104	0.40601	0.17139	0.10185	0.01744	0.02225	0.12071	0.02006	0.01452	0.01839	0.01123	0.00709	0.00676	0.00218	0.00874	0.00614	0.00377	0.00877
40	0.01461	0.01360	0.02254	0.51643	0.23234	0.01576	0.01929	0.04788	0.01501	0.01995	0.01254	0.01780	0.00971	0.00669	0.00682	0.00220	0.00877	0.00609	0.00330	0.00868
41	0.02241	0.01783	0.02048	0.21482	0.02830	0.05016	0.01465	0.48028	0.02656	0.03497	0.01501	0.01675	0.01083	0.00779	0.00681	0.00210	0.00817	0.00606	0.00566	0.01037
42	0.02556	0.03261	0.01939	0.01763	0.02115	0.73210	0.01322	0.02732	0.01939	0.01674	0.01058	0.01234	0.00881	0.00705	0.00617	0.00176	0.01234	0.00441	0.00353	0.00793
43	0.01061	0.00838	0.00973	0.00914	0.01135	0.00820	0.00693	0.01639	0.14323	0.02535	0.42269	0.05024	0.22374	0.01399	0.00787	0.00222	0.00369	0.01206	0.00712	0.00708
44	0.00812	0.00679	0.00707	0.00729	0.00934	0.00575	0.00536	0.00978	0.01525	0.01834	0.06491	0.16176	0.62103	0.01790	0.00818	0.00238	0.00354	0.01514	0.00635	0.00575
45	0.01292	0.01216	0.02052	0.74312	0.04712	0.01520	0.01900	0.01748	0.01368	0.01748	0.01216	0.01824	0.00912	0.00684	0.00684	0.00228	0.00912	0.00608	0.00304	0.00760
46	0.00992	0.00674	0.00800	0.00800	0.00819	0.00693	0.00482	0.01030	0.01011	0.01367	0.02106	0.04203	0.02368	0.65092	0.14184	0.00730	0.00843	0.00955	0.00407	0.00445
47	0.03070	0.01164	0.01588	0.01217	0.01746	0.01006	0.01006	0.03334	0.01958	0.72163	0.02699	0.02329	0.01694	0.00847	0.00688	0.00212	0.00582	0.00688	0.00847	0.01164
48	0.00942	0.00698	0.00878	0.00833	0.01006	0.00634	0.00625	0.01241	0.01875	0.02598	0.60838	0.05350	0.17036	0.01453	0.00807	0.00218	0.00327	0.01271	0.00734	0.00634
49	0.00995	0.00663	0.00746	0.00746	0.00746	0.00663	0.00415	0.00995	0.00995	0.01327	0.02156	0.04477	0.02487	0.75957	0.03482	0.00663	0.00663	0.00995	0.00415	0.00415
50	0.01159	0.00613	0.00920	0.00920	0.00937	0.00630	0.00630	0.00937	0.00920	0.01244	0.01278	0.02164	0.01261	0.02760	0.12495	0.69101	0.00767	0.00613	0.00307	0.00341
51	0.01770	0.01504	0.01586	0.01406	0.01805	0.01734	0.01099	0.08645	0.65331	0.02972	0.02698	0.02483	0.02018	0.00920	0.00695	0.00230	0.00558	0.00761	0.00695	0.01089
52	0.00995	0.00663	0.00746	0.00746	0.00746	0.00663	0.00415	0.00995	0.00995	0.01327	0.02156	0.04477	0.02487	0.75957	0.03482	0.00663	0.00663	0.00995	0.00415	0.00415
53	0.01615	0.01845	0.04037	0.02884	0.03576	0.01730	0.69204	0.02191	0.01615	0.02191	0.01384	0.01845	0.01038	0.00577	0.00807	0.00231	0.01153	0.00807	0.00346	0.00923
54	0.03070	0.01164	0.01588	0.01217	0.01746	0.01006	0.01006	0.03334	0.01958	0.72163	0.02699	0.02329	0.01694	0.00847	0.00688	0.00212	0.00582	0.00688	0.00847	0.01164
55	0.00935	0.00694	0.00871	0.00836	0.01004	0.00630	0.00624	0.01223	0.01845	0.02547	0.57385	0.08423	0.17473	0.01488	0.00810	0.00221	0.00330	0.01303	0.00728	0.00630
56	0.01188	0.00594	0.00891	0.00891	0.00891	0.00594	0.00594	0.00891	0.00891	0.01188	0.01188	0.02080	0.01188	0.02377	0.02674	0.80095	0.00594	0.00594	0.00297	0.00297
57	0.00968	0.00699	0.00914	0.00861	0.01022	0.00646	0.00646	0.01291	0.01937	0.02743	0.71328	0.05110	0.06455	0.01399	0.00807	0.00215	0.00323	0.01237	0.00753	0.00646
58	0.00984	0.00707	0.00966	0.00966	0.01042	0.00782	0.00688	0.01136	0.01060	0.01489	0.01955	0.03365	0.02005	0.31960	0.46819	0.00934	0.01390	0.00832	0.00385	0.00536
59	0.00928	0.00698	0.00859	0.00819	0.00998	0.00629	0.00614	0.01214	0.01842	0.02520	0.55218	0.05479	0.22705	0.01482	0.00807	0.00219	0.00329	0.01289	0.00724	0.00629
60	0.00968	0.00699	0.00914	0.00861	0.01022	0.00646	0.00646	0.01291	0.01937	0.02743	0.71328	0.05110	0.06455	0.01399	0.00807	0.00215	0.00323	0.01237	0.00753	0.00646
61	0.02601	0.01916	0.02053	0.01574	0.02122	0.02122	0.01300	0.69408	0.03217	0.04312	0.01643	0.01643	0.01163	0.00821	0.00684	0.00205	0.00753	0.00616	0.00684	0.01163
62	0.00834	0.00595	0.00794	0.00953	0.00992	0.00556	0.00635	0.00953	0.01310	0.01746	0.03771	0.75510	0.04525	0.02143	0.00873	0.00278	0.00397	0.01945	0.00635	0.00556
63	0.01419	0.01216	0.01419	0.01013	0.01621	0.00912	0.00811	0.01723	0.01419	0.02229	0.01216	0.01419	0.01013	0.00507	0.00507	0.00101	0.00507	0.00405	0.00405	0.80139
64	0.00968	0.00699	0.00914	0.00861	0.01022	0.00646	0.00646	0.01291	0.01937	0.02743	0.71328	0.05110	0.06455	0.01399	0.00807	0.00215	0.00323	0.01237	0.00753	0.00646
65	0.00809	0.00693	0.00693	0.00693	0.00924	0.00578	0.00520	0.00982	0.01559	0.01848	0.06931	0.06584	0.71411	0.01733	0.00809	0.00231	0.00347	0.01444	0.00635	0.00578
66	0.00874	0.00686	0.00730	0.00728	0.00886	0.00614	0.00505	0.01006	0.01396	0.01725	0.07991	0.05791	0.46567	0.23419	0.03832	0.00383	0.00484	0.01283	0.00568	0.00534
67	0.00853	0.00727	0.00737	0.00729	0.00964	0.00629	0.00548	0.01107	0.04567	0.01921	0.08837	0.06361	0.66293	0.01687	0.00804	0.00231	0.00354	0.01408	0.00642	0.00602
68	0.02556	0.03261	0.01939	0.01763	0.02115	0.73210	0.01322	0.02732	0.01939	0.01674	0.01058	0.01234	0.00881	0.00705	0.00617	0.00176	0.01234	0.00441	0.00353	0.00793
69	0.02693	0.01769	0.01962	0.01504	0.02048	0.01903	0.01242	0.56440	0.02970	0.17628	0.01850	0.01777	0.01267	0.00826	0.00685	0.00207	0.00719	0.00630	0.00716	0.01164
70	0.01485	0.01214	0.01452	0.03987	0.01752	0.00941	0.00863	0.01794	0.01440	0.05250	0.01280	0.01475	0.01039	0.00529	0.00522	0.00111	0.00526	0.00426	0.00420	0.73495

[dist]
# distance from previous block
# <min> <max>
4	6

[block]
# block no. 2 follows, 31 sequences, length 163
# corresponding to MSA columns:
# 849-948,960-1022
name=unknown_C
#
# <colnr> <probs for GDERKNQSTAVLIFYWHMCP>
#	G	D	E	R	K	N	Q	S	T	A	V	L	I	F	Y	W	H	M	C	P
0	0.15347	0.01475	0.01884	0.03998	0.21097	0.05050	0.03833	0.01921	0.01422	0.02288	0.01244	0.03593	0.01071	0.00660	0.00666	0.00177	0.04701	0.00533	0.00383	0.28655
1	0.02977	0.01226	0.01615	0.01248	0.01772	0.01109	0.01028	0.07552	0.05196	0.64650	0.02636	0.02295	0.01678	0.00849	0.00688	0.00212	0.00591	0.00687	0.00829	0.01160
2	0.01569	0.01336	0.01554	0.01152	0.01731	0.03751	0.03385	0.02014	0.07286	0.05484	0.01417	0.01565	0.01131	0.00568	0.00546	0.00125	0.00564	0.00466	0.00446	0.63910
3	0.01636	0.01567	0.02673	0.14221	0.62116	0.01610	0.02071	0.02049	0.01531	0.02165	0.01277	0.01712	0.01059	0.00620	0.00678	0.00207	0.00827	0.00609	0.00334	0.01037
4	0.04697	0.01464	0.01526	0.01374	0.01762	0.01695	0.01070	0.03574	0.67829	0.02870	0.02715	0.02498	0.02037	0.00917	0.00686	0.00231	0.00541	0.00758	0.00686	0.01070
5	0.01102	0.00787	0.01102	0.01260	0.01417	0.00787	0.01102	0.01417	0.01575	0.02047	0.03622	0.07717	0.03937	0.01890	0.00945	0.00315	0.00630	0.67084	0.00630	0.00630
6	0.01800	0.01472	0.01568	0.01391	0.01790	0.01685	0.01087	0.06112	0.64666	0.06195	0.02737	0.02507	0.02035	0.00920	0.00695	0.00230	0.00551	0.00763	0.00703	0.01090
7	0.01708	0.01560	0.01704	0.01436	0.01862	0.05958	0.04213	0.04815	0.43918	0.02608	0.02173	0.02134	0.01665	0.00827	0.00742	0.00206	0.04608	0.00668	0.00580	0.16616
8	0.00850	0.00601	0.00792	0.00935	0.00979	0.00561	0.00623	0.00953	0.01295	0.01718	0.03750	0.68348	0.06816	0.04204	0.01008	0.03145	0.00410	0.01851	0.00617	0.00543
9	0.01829	0.76368	0.03585	0.01171	0.01756	0.02707	0.01171	0.02049	0.01390	0.01610	0.00951	0.01097	0.00878	0.00585	0.00439	0.00146	0.00732	0.00366	0.00293	0.00878
10	0.02552	0.01892	0.02026	0.01564	0.02103	0.02099	0.01289	0.65863	0.06840	0.04234	0.01704	0.01692	0.01213	0.00827	0.00685	0.00207	0.00741	0.00624	0.00685	0.01159
11	0.02667	0.01254	0.01576	0.01269	0.01756	0.01210	0.01028	0.03423	0.22119	0.51764	0.02724	0.02395	0.01810	0.00871	0.00690	0.00218	0.00570	0.00713	0.00802	0.01140
12	0.80789	0.01323	0.01006	0.00900	0.01323	0.01535	0.00741	0.02011	0.01164	0.03070	0.00953	0.01111	0.00741	0.00635	0.00423	0.00212	0.00529	0.00370	0.00423	0.00741
13	0.01986	0.01486	0.01614	0.01392	0.01817	0.01665	0.01100	0.11694	0.53483	0.11836	0.02633	0.02412	0.01924	0.00905	0.00694	0.00226	0.00573	0.00743	0.00714	0.01103
14	0.65096	0.01278	0.01050	0.00926	0.01334	0.01446	0.00757	0.05604	0.01351	0.05346	0.03287	0.01601	0.04331	0.00731	0.00477	0.00210	0.00521	0.00478	0.03412	0.00764
15	0.00953	0.00681	0.00905	0.01035	0.01142	0.00651	0.00797	0.01167	0.01468	0.01952	0.08229	0.39424	0.08524	0.01937	0.00880	0.00281	0.00473	0.25991	0.02916	0.00593
16	0.00995	0.00663	0.00746	0.00746	0.00746	0.00663	0.00415	0.00995	0.00995	0.01327	0.02156	0.04477	0.02487	0.75957	0.03482	0.00663	0.00663	0.00995	0.00415	0.00415
17	0.00911	0.00688	0.00802	0.00782	0.00939	0.00621	0.00560	0.01119	0.01625	0.02153	0.34408	0.07313	0.29612	0.14002	0.01256	0.00297	0.00390	0.01290	0.00650	0.00580
18	0.01164	0.00871	0.00957	0.00887	0.01148	0.00834	0.00680	0.04105	0.11598	0.05644	0.20623	0.05133	0.38016	0.01430	0.00770	0.00223	0.00394	0.01204	0.03602	0.00717
19	0.80789	0.01323	0.01006	0.00900	0.01323	0.01535	0.00741	0.02011	0.01164	0.03070	0.00953	0.01111	0.00741	0.00635	0.00423	0.00212	0.00529	0.00370	0.00423	0.00741
20	0.00838	0.00597	0.00793	0.00947	0.00986	0.00558	0.00629	0.00954	0.01302	0.01736	0.03730	0.73709	0.04473	0.04015	0.00939	0.00288	0.00404	0.01921	0.00629	0.00552
21	0.00895	0.00618	0.00810	0.00943	0.01009	0.00570	0.00638	0.01021	0.01344	0.03725	0.03946	0.68990	0.08783	0.02080	0.00864	0.00273	0.00399	0.01877	0.00641	0.00574
22	0.02095	0.00988	0.01230	0.01018	0.01418	0.00866	0.00816	0.02404	0.04965	0.40517	0.06165	0.04022	0.28182	0.01200	0.00737	0.00220	0.00484	0.00992	0.00757	0.00925
23	0.01372	0.03539	0.72412	0.01950	0.02961	0.01589	0.02528	0.02167	0.01444	0.02167	0.01228	0.01444	0.00867	0.00650	0.00650	0.00217	0.01011	0.00506	0.00289	0.01011
24	0.01702	0.01470	0.01547	0.01392	0.01779	0.01702	0.01083	0.03635	0.70453	0.02862	0.02785	0.02553	0.02088	0.00928	0.00696	0.00232	0.00541	0.00773	0.00696	0.01083
25	0.00978	0.00730	0.01083	0.01083	0.01200	0.00846	0.00835	0.01211	0.01095	0.01576	0.01847	0.02770	0.01746	0.08396	0.70029	0.01079	0.01779	0.00745	0.00369	0.00602
26	0.03048	0.01199	0.01609	0.01234	0.01764	0.01057	0.01019	0.06380	0.02016	0.69035	0.02650	0.02297	0.01669	0.00846	0.00688	0.00211	0.00590	0.00685	0.00839	0.01164
27	0.01829	0.76368	0.03585	0.01171	0.01756	0.02707	0.01171	0.02049	0.01390	0.01610	0.00951	0.01097	0.00878	0.00585	0.00439	0.00146	0.00732	0.00366	0.00293	0.00878
28	0.01037	0.00647	0.00866	0.00977	0.01061	0.00597	0.00669	0.01169	0.01369	0.08153	0.03673	0.68852	0.04267	0.02025	0.00856	0.00272	0.00414	0.01831	0.00654	0.00611
29	0.01615	0.01845	0.04037	0.02884	0.03576	0.01730	0.69204	0.02191	0.01615	0.02191	0.01384	0.01845	0.01038	0.00577	0.00807	0.00231	0.01153	0.00807	0.00346	0.00923
30	0.01693	0.01626	0.02777	0.04199	0.71689	0.01626	0.02100	0.02100	0.01558	0.02235	0.01287	0.01693	0.01084	0.00610	0.00677	0.00203	0.00813	0.00610	0.00339	0.01084
31	0.00995	0.00663	0.00746	0.00746	0.00746	0.00663	0.00415	0.00995	0.00995	0.01327	0.02156	0.04477	0.02487	0.75957	0.03482	0.00663	0.00663	0.00995	0.00415	0.00415
32	0.02653	0.01658	0.02043	0.01555	0.02104	0.01723	0.06392	0.41386	0.04378	0.25916	0.01991	0.01901	0.01347	0.00813	0.00695	0.00210	0.00723	0.00658	0.00711	0.01143
33	0.00995	0.00663	0.00746	0.00746	0.00746	0.00663	0.00415	0.00995	0.00995	0.01327	0.02156	0.04477	0.02487	0.75957	0.03482	0.00663	0.00663	0.00995	0.00415	0.00415
34	0.01383	0.01318	0.02177	0.53988	0.15464	0.01607	0.01885	0.01794	0.01361	0.01817	0.01190	0.01763	0.00939	0.00733	0.00870	0.00232	0.09751	0.00607	0.00309	0.00812
35	0.01791	0.01807	0.03713	0.02666	0.03336	0.01716	0.59124	0.07852	0.01770	0.06919	0.01491	0.01860	0.01091	0.00615	0.00789	0.00227	0.01083	0.00784	0.00407	0.00958
36	0.01771	0.67125	0.12321	0.01270	0.01909	0.02565	0.01343	0.02064	0.01397	0.01680	0.00986	0.01141	0.00877	0.00594	0.00466	0.00155	0.00767	0.00384	0.00292	0.00895
37	0.01419	0.01216	0.01419	0.01013	0.01621	0.00912	0.00811	0.01723	0.01419	0.02229	0.01216	0.01419	0.01013	0.00507	0.00507	0.00101	0.00507	0.00405	0.00405	0.80139
38	0.02292	0.01059	0.01385	0.03150	0.01610	0.00965	0.00919	0.05144	0.04026	0.43877	0.17121	0.03314	0.09991	0.01050	0.00725	0.00215	0.00519	0.00878	0.00779	0.00982
39	0.02556	0.03261	0.01939	0.01763	0.02115	0.73210	0.01322	0.02732	0.01939	0.01674	0.01058	0.01234	0.00881	0.00705	0.00617	0.00176	0.01234	0.00441	0.00353	0.00793
40	0.01805	0.06331	0.03157	0.02870	0.22380	0.13264	0.31241	0.04160	0.01683	0.02138	0.01454	0.01798	0.03156	0.00649	0.00715	0.00208	0.01009	0.00680	0.00360	0.00941
41	0.80789	0.01323	0.01006	0.00900	0.01323	0.01535	0.00741	0.02011	0.01164	0.03070	0.00953	0.01111	0.00741	0.00635	0.00423	0.00212	0.00529	0.00370	0.00423	0.00741
42	0.01666	0.01597	0.02727	0.09006	0.67097	0.01618	0.02086	0.02076	0.01545	0.02202	0.01282	0.01702	0.01072	0.00615	0.00678	0.00205	0.00820	0.00609	0.00336	0.01061
43	0.01135	0.00613	0.00852	0.00852	0.00852	0.00613	0.00545	0.00920	0.00920	0.01226	0.01453	0.02737	0.01544	0.22538	0.02895	0.58330	0.00613	0.00704	0.00329	0.00329
44	0.01275	0.00638	0.00638	0.00638	0.00797	0.00638	0.00478	0.01594	0.01435	0.02551	0.02232	0.02551	0.01754	0.00797	0.00478	0.00159	0.00319	0.00638	0.79755	0.00638
45	0.02485	0.05592	0.01972	0.01723	0.02085	0.67014	0.01304	0.02758	0.05613	0.01736	0.01147	0.01300	0.00946	0.00713	0.00615	0.00178	0.01180	0.00456	0.00369	0.00812
46	0.01804	0.72443	0.07294	0.01213	0.01821	0.02647	0.01244	0.02055	0.01393	0.01640	0.00966	0.01116	0.00877	0.00589	0.00450	0.00150	0.00747	0.00373	0.00292	0.00885
47	0.80789	0.01323	0.01006	0.00900	0.01323	0.01535	0.00741	0.02011	0.01164	0.03070	0.00953	0.01111	0.00741	0.00635	0.00423	0.00212	0.00529	0.00370	0.00423	0.00741
48	0.00834	0.00595	0.00794	0.00953	0.00992	0.00556	0.00635	0.00953	0.01310	0.01746	0.03771	0.75510	0.04525	0.02143	0.00873	0.00278	0.00397	0.01945	0.00635	0.00556
49	0.01188	0.00594	0.00891	0.00891	0.00891	0.00594	0.00594	0.00891	0.00891	0.01188	0.01188	0.02080	0.01188	0.02377	0.02674	0.80095	0.00594	0.00594	0.00297	0.00297
50	0.12052	0.01429	0.02016	0.35852	0.14894	0.01630	0.01628	0.14699	0.01750	0.05733	0.01343	0.01698	0.01002	0.00699	0.00649	0.00217	0.00800	0.00582	0.00422	0.00907
51	0.00908	0.00625	0.00835	0.00951	0.01006	0.00593	0.00657	0.01019	0.01335	0.01791	0.09728	0.52916	0.04250	0.06647	0.01186	0.07012	0.00442	0.06958	0.00604	0.00540
52	0.02601	0.01916	0.02053	0.01574	0.02122	0.02122	0.01300	0.69408	0.03217	0.04312	0.01643	0.01643	0.01163	0.00821	0.00684	0.00205	0.00753	0.00616	0.00684	0.01163
53	0.01292	0.01216	0.02052	0.74312	0.04712	0.01520	0.01900	0.01748	0.01368	0.01748	0.01216	0.01824	0.00912	0.00684	0.00684	0.00228	0.00912	0.00608	0.00304	0.00760
54	0.01497	0.01497	0.02095	0.01796	0.01796	0.02095	0.01497	0.01646	0.01048	0.01646	0.00898	0.01497	0.00898	0.01197	0.02245	0.00299	0.74704	0.00599	0.00299	0.00748
55	0.01419	0.01216	0.01419	0.01013	0.01621	0.00912	0.00811	0.01723	0.01419	0.02229	0.01216	0.01419	0.01013	0.00507	0.00507	0.00101	0.00507	0.00405	0.00405	0.80139
56	0.02556	0.03261	0.01939	0.01763	0.02115	0.73210	0.01322	0.02732	0.01939	0.01674	0.01058	0.01234	0.00881	0.00705	0.00617	0.00176	0.01234	0.00441	0.00353	0.00793
57	0.00977	0.00733	0.01100	0.01100	0.01222	0.00855	0.00855	0.01222	0.01100	0.01588	0.01833	0.02688	0.01710	0.05131	0.73245	0.01100	0.01833	0.00733	0.00367	0.00611
58	0.00995	0.00663	0.00746	0.00746	0.00746	0.00663	0.00415	0.00995	0.00995	0.01327	0.02156	0.04477	0.02487	0.75957	0.03482	0.00663	0.00663	0.00995	0.00415	0.00415
59	0.80789	0.01323	0.01006	0.00900	0.01323	0.01535	0.00741	0.02011	0.01164	0.03070	0.00953	0.01111	0.00741	0.00635	0.00423	0.00212	0.00529	0.00370	0.00423	0.00741
60	0.01372	0.03539	0.72412	0.01950	0.02961	0.01589	0.02528	0.02167	0.01444	0.02167	0.01228	0.01444	0.00867	0.00650	0.00650	0.00217	0.01011	0.00506	0.00289	0.01011
61	0.00862	0.00695	0.00767	0.00749	0.00957	0.00600	0.00562	0.01085	0.01685	0.02147	0.28398	0.06093	0.49757	0.01621	0.00808	0.00226	0.00339	0.01375	0.00675	0.00600
62	0.00912	0.00668	0.00856	0.00871	0.01003	0.00612	0.00630	0.01160	0.01713	0.02358	0.44809	0.26046	0.12516	0.01653	0.00827	0.00235	0.00347	0.01467	0.00706	0.00612
63	0.00869	0.00650	0.00807	0.00864	0.00985	0.00588	0.00611	0.01063	0.01560	0.02074	0.25110	0.37835	0.20846	0.01820	0.00838	0.00248	0.00362	0.01611	0.00671	0.00588
64	0.01188	0.00594	0.00891	0.00891	0.00891	0.00594	0.00594	0.00891	0.00891	0.01188	0.01188	0.02080	0.01188	0.02377	0.02674	0.80095	0.00594	0.00594	0.00297	0.00297
65	0.01174	0.00601	0.00872	0.00872	0.00889	0.00595	0.00586	0.00923	0.00944	0.01273	0.01501	0.02311	0.04532	0.02285	0.02500	0.73200	0.00572	0.00636	0.03411	0.00324
66	0.80789	0.01323	0.01006	0.00900	0.01323	0.01535	0.00741	0.02011	0.01164	0.03070	0.00953	0.01111	0.00741	0.00635	0.00423	0.00212	0.00529	0.00370	0.00423	0.00741
67	0.00814	0.00693	0.00701	0.00699	0.00927	0.00580	0.00524	0.00992	0.01572	0.01879	0.09148	0.06533	0.69175	0.01721	0.00809	0.00230	0.00346	0.01437	0.00639	0.00580
68	0.00995	0.00663	0.00746	0.00746	0.00746	0.00663	0.00415	0.00995	0.00995	0.01327	0.02156	0.04477	0.02487	0.75957	0.03482	0.00663	0.00663	0.00995	0.00415	0.00415
69	0.01153	0.00767	0.00923	0.00853	0.01084	0.00688	0.00650	0.01460	0.03649	0.09763	0.39208	0.05274	0.29056	0.01447	0.00792	0.00221	0.00365	0.01241	0.00719	0.00688
70	0.00814	0.00693	0.00701	0.00699	0.00928	0.00580	0.00524	0.00993	0.01573	0.01881	0.09307	0.06530	0.69015	0.01720	0.00809	0.00230	0.00346	0.01436	0.00640	0.00580
71	0.02601	0.01916	0.02053	0.01574	0.02122	0.02122	0.01300	0.69408	0.03217	0.04312	0.01643	0.01643	0.01163	0.00821	0.00684	0.00205	0.00753	0.00616	0.00684	0.01163
72	0.01023	0.00687	0.00881	0.00964	0.01074	0.00646	0.00672	0.01256	0.04686	0.06308	0.08818	0.57145	0.09398	0.01919	0.00844	0.00263	0.00406	0.01721	0.00660	0.00627
73	0.02556	0.03261	0.01939	0.01763	0.02115	0.73210	0.01322	0.02732	0.01939	0.01674	0.01058	0.01234	0.00881	0.00705	0.00617	0.00176	0.01234	0.00441	0.00353	0.00793
74	0.00977	0.00696	0.00894	0.00845	0.01008	0.00643	0.00634	0.01294	0.01901	0.02704	0.65945	0.05043	0.08455	0.01382	0.00792	0.00213	0.00323	0.01217	0.04391	0.00643
75	0.00812	0.00680	0.00706	0.00727	0.00933	0.00575	0.00535	0.00978	0.01527	0.01835	0.06519	0.15567	0.62694	0.01786	0.00817	0.00237	0.00353	0.01509	0.00635	0.00575
76	0.01632	0.11006	0.39700	0.02247	0.15494	0.01785	0.04030	0.09303	0.04265	0.02371	0.01315	0.01526	0.00991	0.00662	0.00641	0.00206	0.00902	0.00540	0.00357	0.01026
77	0.76505	0.01317	0.01062	0.04856	0.01506	0.01534	0.00803	0.01997	0.01175	0.02998	0.00967	0.01150	0.00750	0.00638	0.00437	0.00213	0.00550	0.00383	0.00417	0.00742
78	0.01360	0.00894	0.01121	0.01017	0.01189	0.00928	0.00764	0.01579	0.03927	0.12542	0.14719	0.08481	0.17204	0.16250	0.01590	0.02977	0.11133	0.01062	0.00586	0.00677
79	0.01387	0.03432	0.68111	0.02009	0.03000	0.01598	0.06721	0.02168	0.01455	0.02168	0.01238	0.01470	0.00877	0.00645	0.00660	0.00218	0.01020	0.00525	0.00292	0.01006
80	0.01167	0.00608	0.00912	0.00912	0.00924	0.00620	0.00620	0.00924	0.00912	0.01228	0.01252	0.02140	0.01240	0.02649	0.09654	0.72282	0.00717	0.00608	0.00304	0.00328
81	0.00915	0.00690	0.00819	0.00795	0.00957	0.00623	0.00577	0.01145	0.01684	0.02255	0.40105	0.07706	0.27213	0.10186	0.01120	0.00274	0.00372	0.01299	0.00672	0.00594
82	0.02853	0.01181	0.01565	0.01213	0.01712	0.01058	0.00997	0.08130	0.02051	0.61059	0.08550	0.02517	0.02065	0.00893	0.00698	0.00212	0.00573	0.00730	0.00826	0.01119
83	0.00844	0.00694	0.00743	0.00731	0.00946	0.00593	0.00548	0.01051	0.01644	0.02049	0.21411	0.06253	0.56805	0.01658	0.00808	0.00227	0.00341	0.01397	0.00662	0.00593
84	0.01887	0.00877	0.01190	0.01101	0.01379	0.00786	0.00849	0.02096	0.01648	0.34056	0.04967	0.33790	0.03221	0.01507	0.00794	0.00249	0.00502	0.07524	0.00735	0.00844
85	0.02601	0.01916	0.02053	0.01574	0.02122	0.02122	0.01300	0.69408	0.03217	0.04312	0.01643	0.01643	0.01163	0.00821	0.00684	0.00205	0.00753	0.00616	0.00684	0.01163
86	0.01419	0.01216	0.01419	0.01013	0.01621	0.00912	0.00811	0.01723	0.01419	0.02229	0.01216	0.01419	0.01013	0.00507	0.00507	0.00101	0.00507	0.00405	0.00405	0.80139
87	0.00816	0.00664	0.00723	0.00769	0.00944	0.00571	0.00554	0.00973	0.01486	0.01818	0.06006	0.26745	0.51847	0.01853	0.00827	0.00245	0.00361	0.01590	0.00635	0.00571
88	0.00995	0.00663	0.00746	0.00746	0.00746	0.00663	0.00415	0.00995	0.00995	0.01327	0.02156	0.04477	0.02487	0.75957	0.03482	0.00663	0.00663	0.00995	0.00415	0.00415
89	0.01702	0.01470	0.01547	0.01392	0.01779	0.01702	0.01083	0.03635	0.70453	0.02862	0.02785	0.02553	0.02088	0.00928	0.00696	0.00232	0.00541	0.00773	0.00696	0.01083
90	0.01884	0.01513	0.01615	0.01408	0.01822	0.01724	0.01108	0.12199	0.58444	0.06329	0.02632	0.02423	0.01949	0.00910	0.00694	0.00228	0.00571	0.00749	0.00702	0.01097
91	0.01066	0.00701	0.00852	0.00894	0.00989	0.00669	0.00600	0.01229	0.03662	0.06209	0.03479	0.34783	0.11138	0.26753	0.01726	0.00397	0.00504	0.03202	0.00577	0.00570
92	0.00809	0.00693	0.00693	0.00693	0.00924	0.00578	0.00520	0.00982	0.01559	0.01848	0.06931	0.06584	0.71411	0.01733	0.00809	0.00231	0.00347	0.01444	0.00635	0.00578
93	0.00812	0.00680	0.00706	0.00726	0.00933	0.00575	0.00535	0.00978	0.01527	0.01835	0.06524	0.15458	0.62800	0.01786	0.00817	0.00237	0.00353	0.01508	0.00635	0.00575
94	0.00834	0.00595	0.00794	0.00953	0.00992	0.00556	0.00635	0.00953	0.01310	0.01746	0.03771	0.75510	0.04525	0.02143	0.00873	0.00278	0.00397	0.01945	0.00635	0.00556
95	0.00995	0.00663	0.00746	0.00746	0.00746	0.00663	0.00415	0.00995	0.00995	0.01327	0.02156	0.04477	0.02487	0.75957	0.03482	0.00663	0.00663	0.00995	0.00415	0.00415
96	0.00857	0.00613	0.00815	0.00937	0.00997	0.00571	0.00637	0.01011	0.01419	0.01920	0.15519	0.63267	0.04861	0.02014	0.00862	0.00267	0.00384	0.01822	0.00656	0.00571
97	0.02601	0.01916	0.02053	0.01574	0.02122	0.02122	0.01300	0.69408	0.03217	0.04312	0.01643	0.01643	0.01163	0.00821	0.00684	0.00205	0.00753	0.00616	0.00684	0.01163
98	0.80789	0.01323	0.01006	0.00900	0.01323	0.01535	0.00741	0.02011	0.01164	0.03070	0.00953	0.01111	0.00741	0.00635	0.00423	0.00212	0.00529	0.00370	0.00423	0.00741
99	0.00903	0.00715	0.00830	0.00892	0.01085	0.00642	0.00713	0.01117	0.01545	0.01903	0.05641	0.12249	0.44928	0.01814	0.00857	0.00261	0.00440	0.22236	0.00634	0.00592
100	0.01419	0.01216	0.01419	0.01013	0.01621	0.00912	0.00811	0.01723	0.01419	0.02229	0.01216	0.01419	0.01013	0.00507	0.00507	0.00101	0.00507	0.00405	0.00405	0.80139
101	0.00851	0.00609	0.00810	0.00941	0.00996	0.00567	0.00636	0.00997	0.01392	0.01877	0.12584	0.66326	0.04777	0.02046	0.00865	0.00270	0.00387	0.01853	0.00650	0.00567
102	0.00970	0.00774	0.01149	0.21046	0.02014	0.00827	0.00983	0.01199	0.01378	0.01830	0.08686	0.49468	0.03695	0.01682	0.00816	0.00259	0.00532	0.01520	0.00554	0.00619
103	0.01372	0.03539	0.72412	0.01950	0.02961	0.01589	0.02528	0.02167	0.01444	0.02167	0.01228	0.01444	0.00867	0.00650	0.00650	0.00217	0.01011	0.00506	0.00289	0.01011
104	0.01408	0.01334	0.02261	0.54126	0.23996	0.01550	0.01957	0.01849	0.01423	0.01888	0.01236	0.01786	0.00961	0.00663	0.00682	0.00221	0.00883	0.00608	0.00314	0.00853
105	0.02504	0.01681	0.01795	0.01419	0.01902	0.06436	0.01154	0.39793	0.04737	0.20086	0.09474	0.02184	0.01875	0.00886	0.00694	0.00207	0.00691	0.00694	0.00709	0.01080
106	0.02864	0.01495	0.01792	0.01374	0.01911	0.01496	0.01135	0.32355	0.02511	0.42361	0.02235	0.02027	0.01461	0.00836	0.00686	0.00209	0.00657	0.00656	0.00775	0.01164
107	0.01829	0.76368	0.03585	0.01171	0.01756	0.02707	0.01171	0.02049	0.01390	0.01610	0.00951	0.01097	0.00878	0.00585	0.00439	0.00146	0.00732	0.00366	0.00293	0.00878
108	0.01346	0.05317	0.58054	0.01862	0.02739	0.01518	0.05871	0.02042	0.01457	0.02119	0.01639	0.04669	0.03682	0.00797	0.00680	0.00223	0.00946	0.03754	0.00333	0.00952
109	0.01583	0.01513	0.02579	0.23382	0.53364	0.01597	0.02045	0.02003	0.01506	0.02102	0.01267	0.01729	0.01037	0.00630	0.00679	0.00210	0.00840	0.00609	0.00329	0.00995
110	0.00979	0.00727	0.01070	0.01070	0.01182	0.00839	0.00819	0.01203	0.01091	0.01566	0.01859	0.02837	0.01775	0.11022	0.67442	0.01063	0.01735	0.00755	0.00370	0.00595
111	0.04339	0.01322	0.02193	0.54172	0.21225	0.01547	0.01907	0.01845	0.01408	0.01918	0.01224	0.01765	0.00948	0.00664	0.00673	0.00221	0.00873	0.00600	0.00317	0.00840
112	0.01860	0.55473	0.05817	0.01349	0.01851	0.11196	0.01281	0.02087	0.01417	0.01643	0.00968	0.01176	0.00880	0.00678	0.00691	0.00171	0.09896	0.00409	0.00301	0.00857
113	0.02149	0.10020	0.02273	0.01733	0.02153	0.41934	0.10959	0.07515	0.01884	0.01962	0.01729	0.03963	0.07175	0.00815	0.00656	0.00191	0.01033	0.00630	0.00404	0.00823
114	0.01719	0.01155	0.01389	0.01254	0.05274	0.03526	0.00910	0.04488	0.03654	0.17595	0.07108	0.16796	0.04941	0.01050	0.00676	0.00189	0.00536	0.00899	0.00594	0.26247
115	0.01494	0.19550	0.51388	0.01856	0.02745	0.01849	0.07841	0.02143	0.01447	0.02045	0.01180	0.01401	0.00884	0.00629	0.00616	0.00202	0.00961	0.00500	0.00295	0.00974
116	0.00977	0.00733	0.01100	0.01100	0.01222	0.00855	0.00855	0.01222	0.01100	0.01588	0.01833	0.02688	0.01710	0.05131	0.73245	0.01100	0.01833	0.00733	0.00367	0.00611
117	0.01223	0.01121	0.01856	0.62663	0.04122	0.01370	0.01700	0.01632	0.01379	0.01779	0.03772	0.11281	0.01547	0.00892	0.00712	0.00234	0.00828	0.00798	0.00360	0.00730
118	0.01203	0.01052	0.01707	0.07463	0.15519	0.01159	0.05419	0.01499	0.01258	0.01771	0.01852	0.02557	0.04765	0.05779	0.39122	0.00702	0.05334	0.00739	0.00366	0.00734
