[name]
unknown

[dist]
# distance from previous block
# <min> <max>
0	85

[block]
# block no. 0 follows, 32 sequences, length 67
# corresponding to MSA columns:
# 119-185
name=unknown_A
#
# <colnr> <probs for GDERKNQSTAVLIFYWHMCP>
#	G	D	E	R	K	N	Q	S	T	A	V	L	I	F	Y	W	H	M	C	P
0	0.01053	0.00763	0.01042	0.01181	0.01343	0.00752	0.01025	0.01348	0.01543	0.01989	0.03871	0.07460	0.10547	0.01838	0.00914	0.00301	0.00591	0.61208	0.00618	0.00613
1	0.00976	0.00651	0.00732	0.00732	0.00732	0.00651	0.00407	0.00976	0.00976	0.01301	0.02114	0.04391	0.02439	0.76419	0.03415	0.00651	0.00651	0.00976	0.00407	0.00407
2	0.00803	0.00680	0.00694	0.00691	0.00913	0.00571	0.00518	0.00983	0.01554	0.01870	0.11081	0.06362	0.67642	0.01678	0.00793	0.00226	0.00338	0.01403	0.00631	0.00571
3	0.01584	0.01810	0.03959	0.02828	0.03507	0.01697	0.69796	0.02149	0.01584	0.02149	0.01357	0.01810	0.01018	0.00566	0.00792	0.00226	0.01131	0.00792	0.00339	0.00905
4	0.01801	0.01412	0.01521	0.01349	0.01742	0.01602	0.01055	0.03536	0.64238	0.09668	0.02723	0.02482	0.02010	0.00902	0.00682	0.00226	0.00535	0.00750	0.00697	0.01070
5	0.01553	0.01749	0.03768	0.09894	0.03616	0.01677	0.63127	0.02107	0.01560	0.02107	0.01341	0.01808	0.01006	0.00576	0.00780	0.00226	0.01108	0.00773	0.00335	0.00889
6	0.01673	0.57005	0.22274	0.01355	0.02041	0.02359	0.01508	0.02040	0.01378	0.01726	0.01006	0.01168	0.00858	0.00591	0.00486	0.00162	0.00792	0.00396	0.00286	0.00896
7	0.01669	0.01441	0.01517	0.01365	0.01745	0.01669	0.01062	0.03565	0.71021	0.02807	0.02731	0.02503	0.02048	0.00910	0.00683	0.00228	0.00531	0.00759	0.00683	0.01062
8	0.01391	0.01193	0.01391	0.00994	0.01590	0.00894	0.00795	0.01690	0.01391	0.02186	0.01193	0.01391	0.00994	0.00497	0.00497	0.00099	0.00497	0.00398	0.00398	0.80521
9	0.02506	0.03198	0.01901	0.01729	0.02074	0.73725	0.01296	0.02679	0.01901	0.01642	0.01037	0.01210	0.00864	0.00691	0.00605	0.00173	0.01210	0.00432	0.00346	0.00778
10	0.01391	0.01193	0.01391	0.00994	0.01590	0.00894	0.00795	0.01690	0.01391	0.02186	0.01193	0.01391	0.00994	0.00497	0.00497	0.00099	0.00497	0.00398	0.00398	0.80521
11	0.02255	0.16026	0.09984	0.01648	0.02104	0.53446	0.01401	0.02502	0.01755	0.01684	0.01037	0.01209	0.00862	0.00665	0.00578	0.00172	0.01100	0.00426	0.00329	0.00816
12	0.02499	0.01830	0.01959	0.01507	0.02029	0.02023	0.01243	0.67276	0.03085	0.04160	0.01634	0.01646	0.01164	0.00805	0.00663	0.00200	0.00721	0.00605	0.03830	0.01121
13	0.00900	0.00683	0.00970	0.01247	0.07969	0.00648	0.00764	0.01045	0.01309	0.01760	0.03459	0.68685	0.04107	0.01954	0.00838	0.00265	0.00429	0.01779	0.00594	0.00596
14	0.01661	0.01594	0.02724	0.04119	0.72233	0.01594	0.02059	0.02059	0.01528	0.02192	0.01262	0.01661	0.01063	0.00598	0.00664	0.00199	0.00797	0.00598	0.00332	0.01063
15	0.00976	0.00651	0.00732	0.00732	0.00732	0.00651	0.00407	0.00976	0.00976	0.01301	0.02114	0.04391	0.02439	0.76419	0.03415	0.00651	0.00651	0.00976	0.00407	0.00407
16	0.00834	0.00615	0.00783	0.00893	0.00977	0.00564	0.00619	0.00985	0.01392	0.01833	0.10891	0.55761	0.15586	0.01958	0.00842	0.00260	0.00381	0.03634	0.00634	0.00559
17	0.01391	0.01193	0.01391	0.00994	0.01590	0.00894	0.00795	0.01690	0.01391	0.02186	0.01193	0.01391	0.00994	0.00497	0.00497	0.00099	0.00497	0.00398	0.00398	0.80521
18	0.70646	0.08778	0.01266	0.00938	0.01366	0.04117	0.00788	0.02000	0.01190	0.02823	0.00938	0.01093	0.00745	0.00620	0.00423	0.00200	0.00562	0.00365	0.00400	0.00742
19	0.01205	0.00926	0.01273	0.01279	0.07553	0.00900	0.03482	0.03979	0.07464	0.04817	0.48616	0.04276	0.09101	0.01219	0.00764	0.00212	0.00432	0.01080	0.00676	0.00746
20	0.01635	0.11999	0.21066	0.02350	0.23256	0.01628	0.06434	0.05405	0.01552	0.04429	0.01260	0.01505	0.00989	0.00605	0.00610	0.00182	0.00804	0.00524	0.00357	0.13409
21	0.00950	0.00686	0.00897	0.00844	0.01002	0.00633	0.00633	0.01266	0.01899	0.02691	0.71879	0.05012	0.06331	0.01372	0.00791	0.00211	0.00317	0.01213	0.00739	0.00633
22	0.00818	0.00584	0.00779	0.00934	0.00973	0.00545	0.00623	0.00934	0.01285	0.01713	0.03698	0.75981	0.04438	0.02102	0.00856	0.00273	0.00389	0.01908	0.00623	0.00545
23	0.43193	0.04463	0.33209	0.01350	0.02028	0.01562	0.01522	0.02042	0.01271	0.02573	0.01055	0.01236	0.00786	0.00628	0.00515	0.00208	0.00736	0.00422	0.00353	0.00849
24	0.03793	0.01792	0.14295	0.02174	0.23491	0.01384	0.01530	0.09076	0.03322	0.02429	0.01290	0.01520	0.01024	0.00598	0.00593	0.00166	0.00702	0.00505	0.00394	0.29920
25	0.68908	0.01311	0.01154	0.05476	0.04015	0.01503	0.00864	0.03674	0.01244	0.05365	0.01038	0.01207	0.00791	0.00637	0.00455	0.00208	0.00559	0.00402	0.00426	0.00764
26	0.03933	0.02032	0.05679	0.09543	0.08771	0.17860	0.33676	0.02181	0.01599	0.02038	0.01289	0.01662	0.00998	0.00623	0.00693	0.00207	0.01031	0.00643	0.04684	0.00857
27	0.01669	0.01441	0.01517	0.01365	0.01745	0.01669	0.01062	0.03565	0.71021	0.02807	0.02731	0.02503	0.02048	0.00910	0.00683	0.00228	0.00531	0.00759	0.00683	0.01062
28	0.01214	0.01017	0.01578	0.02113	0.25014	0.01025	0.01293	0.01516	0.01442	0.01960	0.02738	0.10349	0.07300	0.01954	0.12541	0.00387	0.00830	0.24494	0.00481	0.00754
29	0.01750	0.69622	0.10332	0.01223	0.01838	0.02547	0.01279	0.02021	0.01369	0.01632	0.00959	0.01110	0.00860	0.00580	0.00451	0.00150	0.00744	0.00372	0.00287	0.00874
30	0.00976	0.00651	0.00732	0.00732	0.00732	0.00651	0.00407	0.00976	0.00976	0.01301	0.02114	0.04391	0.02439	0.76419	0.03415	0.00651	0.00651	0.00976	0.00407	0.00407
31	0.01562	0.01258	0.01458	0.01055	0.01643	0.01014	0.00849	0.08450	0.01583	0.04850	0.01284	0.01444	0.01032	0.00539	0.00520	0.00113	0.00523	0.00427	0.00440	0.69956
32	0.02487	0.02590	0.01908	0.01630	0.02047	0.43113	0.01267	0.25692	0.06337	0.04560	0.01376	0.01451	0.01049	0.00747	0.00634	0.00187	0.00992	0.00516	0.00490	0.00928
33	0.19677	0.01152	0.01483	0.01197	0.01604	0.01131	0.07488	0.06535	0.01745	0.25486	0.16208	0.05259	0.06328	0.00958	0.00664	0.00213	0.00554	0.00804	0.00643	0.00871
34	0.06357	0.01678	0.04346	0.07165	0.15094	0.04193	0.08711	0.16094	0.20079	0.06759	0.01773	0.01877	0.01322	0.00742	0.00668	0.00212	0.00750	0.00644	0.00522	0.01013
35	0.02224	0.35175	0.08422	0.01293	0.01869	0.03928	0.01226	0.10281	0.03824	0.23265	0.01603	0.01574	0.01167	0.00696	0.00561	0.00178	0.00707	0.00507	0.00507	0.00992
36	0.05720	0.01174	0.01554	0.01196	0.01712	0.01045	0.00988	0.05680	0.01939	0.67747	0.02549	0.02217	0.01609	0.00822	0.00666	0.00207	0.00575	0.00661	0.00810	0.01127
37	0.01390	0.01281	0.01602	0.01402	0.01611	0.08345	0.07322	0.06217	0.06223	0.01908	0.03887	0.04762	0.01727	0.10032	0.28473	0.00590	0.11348	0.00753	0.00415	0.00712
38	0.03829	0.00921	0.00879	0.03732	0.01137	0.05487	0.00657	0.06173	0.01548	0.02530	0.02040	0.02440	0.01628	0.00800	0.00511	0.00169	0.00437	0.02613	0.61791	0.00677
39	0.02551	0.01879	0.02014	0.01544	0.02081	0.02081	0.01275	0.69996	0.03155	0.04229	0.01611	0.01611	0.01141	0.00805	0.00671	0.00201	0.00738	0.00604	0.00671	0.01141
40	0.01391	0.01193	0.01391	0.00994	0.01590	0.00894	0.00795	0.01690	0.01391	0.02186	0.01193	0.01391	0.00994	0.00497	0.00497	0.00099	0.00497	0.00398	0.00398	0.80521
41	0.00818	0.00584	0.00779	0.00934	0.00973	0.00545	0.00623	0.00934	0.01285	0.01713	0.03698	0.75981	0.04438	0.02102	0.00856	0.00273	0.00389	0.01908	0.00623	0.00545
42	0.10085	0.01136	0.01468	0.01143	0.01638	0.01019	0.00942	0.03084	0.01829	0.63537	0.02472	0.02183	0.01578	0.00810	0.00643	0.00206	0.00556	0.00644	0.03945	0.01083
43	0.01646	0.01579	0.02696	0.06839	0.69631	0.01590	0.02052	0.02046	0.01521	0.02174	0.01259	0.01666	0.01056	0.00601	0.00665	0.00200	0.00801	0.00598	0.00331	0.01051
44	0.00910	0.00661	0.00878	0.01018	0.01117	0.00629	0.00778	0.01102	0.01403	0.01829	0.03950	0.44418	0.10858	0.01973	0.00876	0.00281	0.00467	0.25656	0.00621	0.00573
45	0.00814	0.00596	0.00766	0.00902	0.00965	0.00548	0.00608	0.00938	0.01316	0.01726	0.04094	0.67112	0.13052	0.02051	0.00848	0.00267	0.00383	0.01845	0.00623	0.00548
46	0.00976	0.00651	0.00732	0.00732	0.00732	0.00651	0.00407	0.00976	0.00976	0.01301	0.02114	0.04391	0.02439	0.76419	0.03415	0.00651	0.00651	0.00976	0.00407	0.00407
47	0.01319	0.08617	0.02160	0.67575	0.04337	0.01605	0.01793	0.01743	0.01344	0.01701	0.01167	0.01719	0.00891	0.00661	0.00647	0.00216	0.00877	0.00573	0.00297	0.00757
48	0.00828	0.00681	0.00728	0.00716	0.00928	0.00581	0.00537	0.01031	0.01612	0.02009	0.21344	0.06134	0.57292	0.01626	0.00793	0.00223	0.00335	0.01371	0.00649	0.00581
49	0.01475	0.11149	0.53396	0.02075	0.09576	0.04212	0.04843	0.02126	0.01445	0.02056	0.01181	0.01412	0.00879	0.00626	0.00623	0.00203	0.00956	0.00500	0.00293	0.00974
50	0.81159	0.01298	0.00986	0.00882	0.01298	0.01505	0.00727	0.01972	0.01142	0.03010	0.00934	0.01090	0.00727	0.00623	0.00415	0.00208	0.00519	0.00363	0.00415	0.00727
51	0.00950	0.00686	0.00897	0.00844	0.01002	0.00633	0.00633	0.01266	0.01899	0.02691	0.71879	0.05012	0.06331	0.01372	0.00791	0.00211	0.00317	0.01213	0.00739	0.00633
52	0.01559	0.01490	0.02540	0.22398	0.54749	0.01567	0.02009	0.01970	0.01480	0.02069	0.01244	0.01694	0.01019	0.00617	0.00666	0.00206	0.00822	0.00597	0.00323	0.00981
53	0.14876	0.01501	0.01653	0.01312	0.01785	0.01612	0.01078	0.36919	0.02345	0.19797	0.01765	0.01787	0.01250	0.01198	0.07807	0.00290	0.00769	0.00594	0.00638	0.01023
54	0.00931	0.00685	0.00871	0.00825	0.00991	0.00625	0.00619	0.01231	0.01856	0.02588	0.64232	0.05182	0.14043	0.01410	0.00792	0.00213	0.00319	0.01237	0.00725	0.00625
55	0.00976	0.00651	0.00732	0.00732	0.00732	0.00651	0.00407	0.00976	0.00976	0.01301	0.02114	0.04391	0.02439	0.76419	0.03415	0.00651	0.00651	0.00976	0.00407	0.00407
56	0.00958	0.00646	0.00749	0.00765	0.00774	0.00646	0.00444	0.00979	0.01012	0.01353	0.02270	0.11883	0.02624	0.66087	0.05600	0.00626	0.00663	0.01065	0.00428	0.00428
57	0.81159	0.01298	0.00986	0.00882	0.01298	0.01505	0.00727	0.01972	0.01142	0.03010	0.00934	0.01090	0.00727	0.00623	0.00415	0.00208	0.00519	0.00363	0.00415	0.00727
58	0.10987	0.01290	0.01446	0.01077	0.01635	0.01133	0.00873	0.10971	0.01657	0.10645	0.01385	0.01488	0.01059	0.00591	0.00531	0.00138	0.00540	0.00453	0.00486	0.51615
59	0.01766	0.72174	0.07916	0.01197	0.01797	0.02585	0.01232	0.02017	0.01367	0.01613	0.00950	0.01098	0.00860	0.00578	0.00444	0.00148	0.00735	0.00367	0.00287	0.00869
60	0.00976	0.00651	0.00732	0.00732	0.00732	0.00651	0.00407	0.00976	0.00976	0.01301	0.02114	0.04391	0.02439	0.76419	0.03415	0.00651	0.00651	0.00976	0.00407	0.00407
61	0.00811	0.00680	0.00705	0.00699	0.00917	0.00574	0.00524	0.00998	0.01572	0.01914	0.14298	0.06291	0.64397	0.01662	0.00793	0.00225	0.00337	0.01393	0.00636	0.00574
62	0.01669	0.01441	0.01517	0.01365	0.01745	0.01669	0.01062	0.03565	0.71021	0.02807	0.02731	0.02503	0.02048	0.00910	0.00683	0.00228	0.00531	0.00759	0.00683	0.01062
63	0.00874	0.00683	0.00791	0.00764	0.00956	0.00601	0.00573	0.01119	0.01720	0.02265	0.40291	0.05714	0.38186	0.01531	0.00792	0.00219	0.00328	0.01312	0.00683	0.00601
64	0.01889	0.01518	0.01607	0.01360	0.01779	0.01703	0.01082	0.26335	0.40677	0.03202	0.02742	0.02582	0.08597	0.00951	0.00690	0.00218	0.00584	0.00770	0.00673	0.01041
65	0.01661	0.01594	0.02724	0.04119	0.72233	0.01594	0.02059	0.02059	0.01528	0.02192	0.01262	0.01661	0.01063	0.00598	0.00664	0.00199	0.00797	0.00598	0.00332	0.01063
66	0.01426	0.01442	0.11404	0.01438	0.01838	0.03173	0.11167	0.01931	0.08373	0.10118	0.10647	0.14595	0.10897	0.01296	0.02986	0.00256	0.03048	0.02608	0.00551	0.00806

[dist]
# distance from previous block
# <min> <max>
0	1

[block]
# block no. 1 follows, 32 sequences, length 30
# corresponding to MSA columns:
# 187-216
name=unknown_B
#
# <colnr> <probs for GDERKNQSTAVLIFYWHMCP>
#	G	D	E	R	K	N	Q	S	T	A	V	L	I	F	Y	W	H	M	C	P
0	0.01521	0.32221	0.45731	0.01613	0.02441	0.01988	0.01957	0.02080	0.01396	0.01911	0.01098	0.01283	0.00854	0.00613	0.00556	0.00185	0.00884	0.00442	0.00285	0.00940
1	0.04103	0.60827	0.12359	0.01253	0.01875	0.02420	0.01309	0.04243	0.01435	0.03524	0.01032	0.01168	0.00884	0.00597	0.00471	0.00158	0.00744	0.00392	0.00316	0.00890
2	0.04325	0.01018	0.01242	0.01061	0.01389	0.00986	0.00850	0.11331	0.03750	0.21821	0.29204	0.03906	0.09622	0.01171	0.00737	0.00217	0.00477	0.05319	0.00725	0.00848
3	0.01541	0.28135	0.39692	0.01956	0.12043	0.01936	0.01969	0.02077	0.01414	0.01949	0.01120	0.01335	0.00883	0.00610	0.00571	0.00187	0.00872	0.00463	0.00291	0.00957
4	0.01166	0.00583	0.00874	0.00874	0.00874	0.00583	0.00583	0.00874	0.00874	0.01166	0.01166	0.02040	0.01166	0.02331	0.02622	0.80478	0.00583	0.00583	0.00291	0.00291
5	0.17658	0.01564	0.02361	0.11022	0.33055	0.04175	0.10991	0.04073	0.01516	0.05579	0.01267	0.01592	0.00993	0.00627	0.00631	0.00207	0.00801	0.00575	0.00379	0.00933
6	0.00858	0.00633	0.00773	0.00835	0.00931	0.00580	0.00570	0.01008	0.01409	0.01859	0.16771	0.37923	0.19151	0.12106	0.01183	0.00303	0.00401	0.01544	0.00615	0.00547
7	0.00814	0.00625	0.00746	0.00833	0.00949	0.00557	0.00580	0.00961	0.01407	0.01797	0.08104	0.46053	0.30338	0.01914	0.00829	0.00252	0.00367	0.01687	0.00628	0.00557
8	0.01631	0.01564	0.02671	0.09378	0.67203	0.01587	0.02045	0.02034	0.01514	0.02157	0.01257	0.01670	0.01050	0.00603	0.00665	0.00201	0.00804	0.00598	0.00330	0.01039
9	0.01557	0.01187	0.01408	0.01014	0.01603	0.00904	0.00815	0.01851	0.01446	0.09411	0.01342	0.01483	0.01062	0.00531	0.00515	0.00110	0.00505	0.00426	0.00442	0.72388
10	0.01361	0.05965	0.70582	0.01886	0.02864	0.01596	0.02434	0.02121	0.01415	0.02106	0.01195	0.01405	0.00850	0.00635	0.00630	0.00210	0.00982	0.00491	0.00283	0.00987
11	0.01002	0.00716	0.00805	0.00764	0.00993	0.00616	0.00579	0.01219	0.01661	0.07331	0.24563	0.05746	0.48503	0.01544	0.00784	0.00221	0.00351	0.01305	0.00671	0.00628
12	0.00951	0.00655	0.00725	0.00725	0.00756	0.00639	0.00421	0.00974	0.01052	0.01371	0.02759	0.04675	0.12006	0.66137	0.03054	0.00592	0.00608	0.01036	0.00436	0.00429
13	0.05265	0.01248	0.01603	0.01233	0.01751	0.01152	0.01018	0.12413	0.02067	0.61210	0.02454	0.02156	0.01562	0.00821	0.00667	0.00207	0.00592	0.00656	0.00796	0.01129
14	0.01473	0.01181	0.01305	0.01155	0.01469	0.01281	0.00899	0.11708	0.32372	0.02880	0.26435	0.03564	0.09216	0.01119	0.00727	0.00218	0.00471	0.00947	0.00695	0.00886
15	0.00838	0.00693	0.00742	0.00762	0.00976	0.00597	0.00592	0.01032	0.01544	0.01868	0.08496	0.06563	0.60427	0.01710	0.00811	0.00237	0.00377	0.10533	0.00626	0.00576
16	0.01162	0.00864	0.01141	0.01254	0.01439	0.00896	0.01079	0.01690	0.11105	0.02118	0.03440	0.06872	0.03612	0.01724	0.00893	0.00298	0.00606	0.58503	0.00627	0.00679
17	0.01794	0.76823	0.03516	0.01148	0.01722	0.02655	0.01148	0.02009	0.01363	0.01579	0.00933	0.01076	0.00861	0.00574	0.00431	0.00144	0.00718	0.00359	0.00287	0.00861
18	0.00976	0.00651	0.00732	0.00732	0.00732	0.00651	0.00407	0.00976	0.00976	0.01301	0.02114	0.04391	0.02439	0.76419	0.03415	0.00651	0.00651	0.00976	0.00407	0.00407
19	0.00974	0.00658	0.00769	0.00769	0.00782	0.00671	0.00453	0.01000	0.00987	0.01328	0.02080	0.04203	0.02358	0.68784	0.10938	0.00696	0.00773	0.00948	0.00402	0.00427
20	0.02888	0.01193	0.01574	0.01213	0.01720	0.01074	0.01000	0.09402	0.02035	0.63631	0.05216	0.02326	0.01792	0.00849	0.00679	0.00207	0.00577	0.00689	0.00812	0.01122
21	0.02496	0.01852	0.01983	0.01533	0.02060	0.02055	0.01262	0.65878	0.07362	0.04141	0.01680	0.01666	0.01197	0.00812	0.00672	0.00203	0.00726	0.00614	0.00672	0.01136
22	0.77443	0.01387	0.01029	0.00922	0.01334	0.04917	0.00754	0.02006	0.01178	0.02946	0.00939	0.01096	0.00733	0.00626	0.00424	0.00206	0.00552	0.00367	0.00412	0.00729
23	0.00828	0.00591	0.00790	0.00946	0.00989	0.00554	0.00641	0.00952	0.01295	0.01724	0.03693	0.73343	0.04416	0.02093	0.00859	0.00274	0.00398	0.04445	0.00623	0.00548
24	0.01551	0.01287	0.01477	0.01070	0.01658	0.01058	0.00861	0.11089	0.01634	0.02467	0.01250	0.01422	0.01014	0.00539	0.00521	0.00113	0.00530	0.00426	0.00435	0.69598
25	0.00842	0.00674	0.00752	0.00748	0.00940	0.00585	0.00555	0.01052	0.01622	0.02069	0.26089	0.11197	0.47250	0.01631	0.00797	0.00225	0.00337	0.01392	0.00658	0.00585
26	0.00887	0.00641	0.00841	0.00929	0.01023	0.00600	0.00671	0.01081	0.01487	0.02006	0.22017	0.43242	0.08514	0.03537	0.00902	0.00267	0.00401	0.09731	0.00648	0.00575
27	0.01808	0.05837	0.01852	0.01586	0.05673	0.16649	0.01199	0.07477	0.19532	0.02239	0.01740	0.01863	0.03963	0.00841	0.00895	0.00202	0.13731	0.00595	0.00462	0.11856
28	0.01536	0.19900	0.44741	0.02035	0.12143	0.04591	0.02073	0.02111	0.01438	0.01991	0.01144	0.01365	0.00882	0.00620	0.00593	0.00193	0.00911	0.00476	0.00293	0.00963
29	0.03998	0.03061	0.08436	0.01532	0.08625	0.01266	0.01216	0.12544	0.01915	0.30374	0.07750	0.02095	0.01711	0.00775	0.00644	0.00190	0.00628	0.00633	0.00619	0.11985

[dist]
# distance from previous block
# <min> <max>
1	2

[block]
# block no. 2 follows, 32 sequences, length 6
# corresponding to MSA columns:
# 219-224
name=unknown_C
#
# <colnr> <probs for GDERKNQSTAVLIFYWHMCP>
#	G	D	E	R	K	N	Q	S	T	A	V	L	I	F	Y	W	H	M	C	P
0	0.01550	0.12301	0.01901	0.01297	0.04996	0.04175	0.03971	0.05239	0.01507	0.02159	0.01283	0.04436	0.01122	0.00605	0.00536	0.00131	0.00607	0.00492	0.00397	0.51294
1	0.02332	0.09138	0.01933	0.01440	0.01901	0.26458	0.01163	0.19377	0.02092	0.13019	0.01547	0.01776	0.01207	0.00762	0.00618	0.00180	0.00841	0.03632	0.00513	0.10070
2	0.09554	0.01448	0.01629	0.01274	0.01775	0.01472	0.01039	0.29158	0.05991	0.22815	0.01923	0.04690	0.01407	0.00809	0.00632	0.00193	0.00612	0.00632	0.00653	0.12293
3	0.01782	0.62804	0.03120	0.01174	0.01688	0.09148	0.01114	0.02003	0.01464	0.01688	0.07556	0.01456	0.01371	0.00659	0.00481	0.00153	0.00726	0.00445	0.00335	0.00832
4	0.01669	0.01441	0.01517	0.01365	0.01745	0.01669	0.01062	0.03565	0.71021	0.02807	0.02731	0.02503	0.02048	0.00910	0.00683	0.00228	0.00531	0.00759	0.00683	0.01062
5	0.01429	0.01880	0.15178	0.02371	0.05809	0.01477	0.43158	0.01955	0.01534	0.02128	0.07226	0.05378	0.01648	0.04647	0.00899	0.00246	0.00969	0.00826	0.00378	0.00863

[dist]
# distance from previous block
# <min> <max>
1	8

[block]
# block no. 3 follows, 32 sequences, length 29
# corresponding to MSA columns:
# 233-255,257-262
name=unknown_D
#
# <colnr> <probs for GDERKNQSTAVLIFYWHMCP>
#	G	D	E	R	K	N	Q	S	T	A	V	L	I	F	Y	W	H	M	C	P
0	0.13665	0.09450	0.51273	0.01647	0.02479	0.01631	0.02001	0.02174	0.03528	0.04561	0.01234	0.01399	0.00896	0.00644	0.00588	0.00206	0.00867	0.00477	0.00334	0.00947
1	0.01670	0.56479	0.22771	0.01360	0.02050	0.02351	0.01517	0.02041	0.01378	0.01730	0.01008	0.01171	0.00858	0.00592	0.00488	0.00163	0.00794	0.00397	0.00286	0.00897
2	0.01794	0.76823	0.03516	0.01148	0.01722	0.02655	0.01148	0.02009	0.01363	0.01579	0.00933	0.01076	0.00861	0.00574	0.00431	0.00144	0.00718	0.00359	0.00287	0.00861
3	0.01859	0.70372	0.03387	0.01182	0.01753	0.02606	0.01159	0.07861	0.01518	0.01807	0.00991	0.01122	0.00885	0.00594	0.00451	0.00148	0.00719	0.00380	0.00320	0.00885
4	0.01377	0.08563	0.68122	0.01859	0.02822	0.01634	0.02387	0.02117	0.01413	0.02087	0.01185	0.01393	0.00851	0.00633	0.00623	0.00208	0.00973	0.00486	0.00284	0.00983
5	0.01160	0.00954	0.01054	0.00981	0.01239	0.00984	0.00750	0.01998	0.26522	0.02469	0.27635	0.04548	0.24464	0.01305	0.00753	0.00222	0.00400	0.01111	0.00684	0.00767
6	0.00950	0.00686	0.00897	0.00844	0.01002	0.00633	0.00633	0.01266	0.01899	0.02691	0.71879	0.05012	0.06331	0.01372	0.00791	0.00211	0.00317	0.01213	0.00739	0.00633
7	0.01506	0.01450	0.02879	0.15562	0.03170	0.01428	0.39672	0.01977	0.01552	0.06391	0.01943	0.02925	0.03833	0.00848	0.00784	0.00238	0.00944	0.11649	0.00417	0.00833
8	0.01170	0.00898	0.01333	0.01677	0.12232	0.00898	0.01231	0.01493	0.01542	0.02036	0.03202	0.06665	0.03433	0.01661	0.00887	0.00292	0.00645	0.57445	0.00574	0.00686
9	0.00793	0.00680	0.00680	0.00680	0.00906	0.00566	0.00510	0.00963	0.01529	0.01813	0.06797	0.06457	0.71961	0.01699	0.00793	0.00227	0.00340	0.01416	0.00623	0.00566
10	0.01661	0.01594	0.02724	0.04119	0.72233	0.01594	0.02059	0.02059	0.01528	0.02192	0.01262	0.01661	0.01063	0.00598	0.00664	0.00199	0.00797	0.00598	0.00332	0.01063
11	0.01346	0.03471	0.72942	0.01912	0.02904	0.01558	0.02479	0.02125	0.01417	0.02125	0.01204	0.01417	0.00850	0.00637	0.00637	0.00212	0.00992	0.00496	0.00283	0.00992
12	0.00838	0.00600	0.00797	0.00920	0.00978	0.00558	0.00624	0.00985	0.01379	0.01863	0.14133	0.65120	0.04728	0.01990	0.00846	0.00263	0.00378	0.01801	0.00641	0.00558
13	0.00814	0.00599	0.00763	0.00895	0.00963	0.00548	0.00606	0.00939	0.01322	0.01728	0.04173	0.65341	0.14772	0.02041	0.00847	0.00265	0.00382	0.01832	0.00623	0.00548
14	0.01794	0.76823	0.03516	0.01148	0.01722	0.02655	0.01148	0.02009	0.01363	0.01579	0.00933	0.01076	0.00861	0.00574	0.00431	0.00144	0.00718	0.00359	0.00287	0.00861
15	0.01830	0.01521	0.01608	0.01398	0.01806	0.01744	0.01101	0.15694	0.58630	0.03066	0.02527	0.02340	0.01883	0.00891	0.00681	0.00223	0.00569	0.00730	0.00681	0.01076
16	0.01351	0.01278	0.02163	0.59807	0.18968	0.01513	0.01905	0.01788	0.01381	0.01816	0.01207	0.01762	0.00930	0.00655	0.00669	0.00218	0.00874	0.00597	0.00305	0.00813
17	0.00817	0.00681	0.00713	0.00705	0.00921	0.00577	0.00529	0.01009	0.01586	0.01947	0.16758	0.06236	0.61917	0.01649	0.00793	0.00224	0.00336	0.01385	0.00641	0.00577
18	0.01267	0.01193	0.02013	0.74806	0.04621	0.01491	0.01863	0.01714	0.01342	0.01714	0.01193	0.01789	0.00894	0.00671	0.00671	0.00224	0.00894	0.00596	0.00298	0.00745
19	0.01391	0.01193	0.01391	0.00994	0.01590	0.00894	0.00795	0.01690	0.01391	0.02186	0.01193	0.01391	0.00994	0.00497	0.00497	0.00099	0.00497	0.00398	0.00398	0.80521
20	0.01607	0.01403	0.01593	0.12605	0.02185	0.01642	0.01185	0.03282	0.60357	0.02640	0.02496	0.02394	0.01872	0.00874	0.00681	0.00227	0.00587	0.00734	0.00624	0.01014
21	0.01265	0.00756	0.00998	0.00898	0.01111	0.00687	0.00687	0.01573	0.01903	0.13405	0.61284	0.04595	0.05616	0.01289	0.00774	0.00211	0.00355	0.01131	0.00753	0.00711
22	0.01584	0.01810	0.03959	0.02828	0.03507	0.01697	0.69796	0.02149	0.01584	0.02149	0.01357	0.01810	0.01018	0.00566	0.00792	0.00226	0.01131	0.00792	0.00339	0.00905
23	0.01346	0.03471	0.72942	0.01912	0.02904	0.01558	0.02479	0.02125	0.01417	0.02125	0.01204	0.01417	0.00850	0.00637	0.00637	0.00212	0.00992	0.00496	0.00283	0.00992
24	0.01794	0.76823	0.03516	0.01148	0.01722	0.02655	0.01148	0.02009	0.01363	0.01579	0.00933	0.01076	0.00861	0.00574	0.00431	0.00144	0.00718	0.00359	0.00287	0.00861
25	0.81159	0.01298	0.00986	0.00882	0.01298	0.01505	0.00727	0.01972	0.01142	0.03010	0.00934	0.01090	0.00727	0.00623	0.00415	0.00208	0.00519	0.00363	0.00415	0.00727
26	0.81159	0.01298	0.00986	0.00882	0.01298	0.01505	0.00727	0.01972	0.01142	0.03010	0.00934	0.01090	0.00727	0.00623	0.00415	0.00208	0.00519	0.00363	0.00415	0.00727
27	0.01794	0.76823	0.03516	0.01148	0.01722	0.02655	0.01148	0.02009	0.01363	0.01579	0.00933	0.01076	0.00861	0.00574	0.00431	0.00144	0.00718	0.00359	0.00287	0.00861
28	0.00810	0.00666	0.00713	0.00733	0.00925	0.00569	0.00538	0.00984	0.01523	0.01871	0.11814	0.16976	0.56090	0.01733	0.00803	0.00232	0.00345	0.01474	0.00633	0.00569

[dist]
# distance from previous block
# <min> <max>
0	3

[block]
# block no. 4 follows, 32 sequences, length 69
# corresponding to MSA columns:
# 266-287,289-318,324-340
name=unknown_E
#
# <colnr> <probs for GDERKNQSTAVLIFYWHMCP>
#	G	D	E	R	K	N	Q	S	T	A	V	L	I	F	Y	W	H	M	C	P
0	0.68675	0.07101	0.01252	0.00947	0.01384	0.01611	0.00796	0.05761	0.01291	0.04822	0.01017	0.01149	0.00785	0.00635	0.00437	0.00202	0.00548	0.00385	0.00431	0.00771
1	0.00972	0.00665	0.00804	0.00804	0.00829	0.00690	0.00496	0.01022	0.00997	0.01354	0.02048	0.04027	0.02281	0.61605	0.18013	0.00739	0.00888	0.00922	0.00397	0.00447
2	0.01473	0.11079	0.51028	0.02049	0.10134	0.01682	0.04194	0.04810	0.01510	0.02173	0.03088	0.01521	0.01037	0.00651	0.00628	0.00203	0.00917	0.00524	0.00318	0.00979
3	0.06820	0.42605	0.14033	0.01394	0.01970	0.19630	0.01370	0.02188	0.01489	0.01770	0.01001	0.01164	0.00852	0.00616	0.00505	0.00166	0.00868	0.00399	0.00309	0.00853
4	0.81159	0.01298	0.00986	0.00882	0.01298	0.01505	0.00727	0.01972	0.01142	0.03010	0.00934	0.01090	0.00727	0.00623	0.00415	0.00208	0.00519	0.00363	0.00415	0.00727
5	0.00844	0.00682	0.00750	0.00733	0.00938	0.00588	0.00550	0.01061	0.01650	0.02098	0.27929	0.05988	0.50651	0.01593	0.00792	0.00222	0.00332	0.01350	0.00661	0.00588
6	0.00940	0.00678	0.00888	0.00851	0.01000	0.00626	0.00632	0.01241	0.01852	0.02616	0.66665	0.10439	0.06186	0.01428	0.00796	0.00216	0.00322	0.01267	0.00730	0.00626
7	0.01628	0.01570	0.02707	0.09485	0.64958	0.01589	0.04118	0.02036	0.01515	0.02154	0.01260	0.01675	0.01049	0.00602	0.00669	0.00202	0.00815	0.00604	0.00330	0.01034
8	0.00818	0.00584	0.00779	0.00934	0.00973	0.00545	0.00623	0.00934	0.01285	0.01713	0.03698	0.75981	0.04438	0.02102	0.00856	0.00273	0.00389	0.01908	0.00623	0.00545
9	0.01661	0.01594	0.02724	0.04119	0.72233	0.01594	0.02059	0.02059	0.01528	0.02192	0.01262	0.01661	0.01063	0.00598	0.00664	0.00199	0.00797	0.00598	0.00332	0.01063
10	0.01054	0.00753	0.01050	0.01204	0.01347	0.00749	0.01034	0.01343	0.01518	0.01977	0.03568	0.14693	0.03922	0.01879	0.00919	0.00305	0.00594	0.60864	0.00618	0.00610
11	0.01557	0.01758	0.03794	0.08941	0.03601	0.01679	0.64027	0.02112	0.01563	0.02112	0.01343	0.01808	0.01008	0.00575	0.00782	0.00226	0.01111	0.00775	0.00336	0.00891
12	0.81159	0.01298	0.00986	0.00882	0.01298	0.01505	0.00727	0.01972	0.01142	0.03010	0.00934	0.01090	0.00727	0.00623	0.00415	0.00208	0.00519	0.00363	0.00415	0.00727
13	0.02496	0.01810	0.01952	0.01513	0.02036	0.01998	0.01245	0.61459	0.08865	0.07079	0.01751	0.01716	0.01241	0.00815	0.00672	0.00204	0.00713	0.00620	0.00679	0.01134
14	0.01251	0.00625	0.00625	0.00625	0.00782	0.00625	0.00469	0.01563	0.01407	0.02502	0.02189	0.02502	0.01720	0.00782	0.00469	0.00156	0.00313	0.00625	0.80144	0.00625
15	0.02152	0.01681	0.01789	0.01463	0.01929	0.01894	0.01179	0.39923	0.33878	0.03585	0.02118	0.02015	0.01552	0.00853	0.00676	0.00213	0.00644	0.00674	0.00676	0.01105
16	0.05238	0.02077	0.01926	0.01544	0.02032	0.15336	0.01247	0.51044	0.07016	0.03619	0.01549	0.01573	0.01131	0.00784	0.00651	0.00198	0.00806	0.00573	0.00603	0.01054
17	0.01251	0.00625	0.00625	0.00625	0.00782	0.00625	0.00469	0.01563	0.01407	0.02502	0.02189	0.02502	0.01720	0.00782	0.00469	0.00156	0.00313	0.00625	0.80144	0.00625
18	0.01491	0.01189	0.01402	0.01006	0.01598	0.00900	0.00807	0.01786	0.01424	0.06513	0.01282	0.01446	0.01035	0.00517	0.00508	0.00106	0.00501	0.00415	0.00424	0.75650
19	0.02547	0.01991	0.02004	0.01560	0.02080	0.08165	0.01277	0.64279	0.03048	0.04009	0.01562	0.01577	0.01118	0.00796	0.00666	0.00199	0.00778	0.00590	0.00644	0.01110
20	0.02551	0.01879	0.02014	0.01544	0.02081	0.02081	0.01275	0.69996	0.03155	0.04229	0.01611	0.01611	0.01141	0.00805	0.00671	0.00201	0.00738	0.00604	0.00671	0.01141
21	0.00898	0.00706	0.00814	0.00783	0.00980	0.00633	0.00588	0.01194	0.03838	0.02281	0.39140	0.05616	0.37085	0.01512	0.00789	0.00219	0.00334	0.01295	0.00683	0.00615
22	0.00975	0.00922	0.07003	0.00926	0.01159	0.00708	0.00783	0.01322	0.01838	0.02594	0.62239	0.04788	0.09535	0.01328	0.00778	0.00212	0.00375	0.01164	0.00694	0.00660
23	0.01669	0.01441	0.01517	0.01365	0.01745	0.01669	0.01062	0.03565	0.71021	0.02807	0.02731	0.02503	0.02048	0.00910	0.00683	0.00228	0.00531	0.00759	0.00683	0.01062
24	0.00818	0.00584	0.00779	0.00934	0.00973	0.00545	0.00623	0.00934	0.01285	0.01713	0.03698	0.75981	0.04438	0.02102	0.00856	0.00273	0.00389	0.01908	0.00623	0.00545
25	0.01620	0.01553	0.02650	0.11384	0.65284	0.01584	0.02039	0.02024	0.01509	0.02143	0.01255	0.01674	0.01046	0.00605	0.00665	0.00202	0.00807	0.00598	0.00329	0.01030
26	0.02475	0.03045	0.01942	0.01812	0.04894	0.66029	0.01326	0.07162	0.01970	0.01837	0.01085	0.01255	0.00891	0.00695	0.00612	0.00176	0.01162	0.00450	0.00367	0.00814
27	0.81159	0.01298	0.00986	0.00882	0.01298	0.01505	0.00727	0.01972	0.01142	0.03010	0.00934	0.01090	0.00727	0.00623	0.00415	0.00208	0.00519	0.00363	0.00415	0.00727
28	0.00927	0.00685	0.00866	0.00821	0.00989	0.00624	0.00616	0.01223	0.01847	0.02566	0.62630	0.05218	0.15658	0.01418	0.00792	0.00213	0.00320	0.01242	0.00722	0.00624
29	0.01569	0.01911	0.08158	0.02772	0.03470	0.01688	0.65699	0.02148	0.01574	0.02148	0.01348	0.01786	0.01008	0.00570	0.00782	0.00225	0.01123	0.00774	0.00336	0.00910
30	0.02506	0.03198	0.01901	0.01729	0.02074	0.73725	0.01296	0.02679	0.01901	0.01642	0.01037	0.01210	0.00864	0.00691	0.00605	0.00173	0.01210	0.00432	0.00346	0.00778
31	0.01081	0.00772	0.01081	0.01236	0.01390	0.00772	0.01081	0.01390	0.01545	0.02008	0.03553	0.07569	0.03862	0.01854	0.00927	0.00309	0.00618	0.67717	0.00618	0.00618
32	0.00908	0.00649	0.00883	0.01038	0.01117	0.00623	0.00781	0.01091	0.01374	0.01814	0.03648	0.52444	0.04240	0.02017	0.00881	0.00285	0.00468	0.24549	0.00621	0.00570
33	0.01584	0.01810	0.03959	0.02828	0.03507	0.01697	0.69796	0.02149	0.01584	0.02149	0.01357	0.01810	0.01018	0.00566	0.00792	0.00226	0.01131	0.00792	0.00339	0.00905
34	0.00976	0.00651	0.00732	0.00732	0.00732	0.00651	0.00407	0.00976	0.00976	0.01301	0.02114	0.04391	0.02439	0.76419	0.03415	0.00651	0.00651	0.00976	0.00407	0.00407
35	0.00959	0.00719	0.01078	0.01078	0.01198	0.00839	0.00839	0.01198	0.01078	0.01558	0.01797	0.02636	0.01677	0.05032	0.73760	0.01078	0.01797	0.00719	0.00359	0.00599
36	0.00806	0.00680	0.00698	0.00694	0.00914	0.00572	0.00520	0.00989	0.01561	0.01887	0.12325	0.06335	0.66387	0.01672	0.00793	0.00225	0.00338	0.01399	0.00633	0.00572
37	0.01391	0.01193	0.01391	0.00994	0.01590	0.00894	0.00795	0.01690	0.01391	0.02186	0.01193	0.01391	0.00994	0.00497	0.00497	0.00099	0.00497	0.00398	0.00398	0.80521
38	0.01384	0.09700	0.67046	0.01848	0.02804	0.01651	0.02366	0.02115	0.01412	0.02079	0.01181	0.01388	0.00851	0.00632	0.00620	0.00207	0.00968	0.00484	0.00284	0.00981
39	0.00950	0.00686	0.00897	0.00844	0.01002	0.00633	0.00633	0.01266	0.01899	0.02691	0.71879	0.05012	0.06331	0.01372	0.00791	0.00211	0.00317	0.01213	0.00739	0.00633
40	0.00975	0.00956	0.06812	0.01202	0.03864	0.00759	0.04535	0.01242	0.01506	0.02061	0.21335	0.37777	0.08450	0.01623	0.00810	0.00245	0.00479	0.04120	0.00600	0.00646
41	0.38210	0.01352	0.01386	0.01120	0.01595	0.01429	0.00924	0.15361	0.01803	0.28224	0.01677	0.01617	0.01140	0.00732	0.00557	0.00206	0.00579	0.00521	0.00613	0.00954
42	0.00945	0.00686	0.00890	0.00839	0.01000	0.00631	0.00629	0.01257	0.01888	0.02665	0.69937	0.05055	0.08290	0.01382	0.00791	0.00212	0.00317	0.01220	0.00735	0.00631
43	0.01288	0.03040	0.60742	0.01793	0.02670	0.01436	0.04930	0.01983	0.01448	0.02110	0.03748	0.02050	0.08318	0.00764	0.00664	0.00214	0.00912	0.00622	0.00333	0.00935
44	0.01575	0.01876	0.08548	0.08830	0.03508	0.01684	0.56837	0.04568	0.01608	0.02186	0.01342	0.01773	0.01000	0.00588	0.00766	0.00224	0.01087	0.00748	0.00344	0.00906
45	0.00921	0.00685	0.00857	0.00814	0.00985	0.00621	0.00611	0.01211	0.01832	0.02531	0.60065	0.05274	0.18245	0.01431	0.00792	0.00214	0.00321	0.01250	0.00718	0.00621
46	0.01439	0.14467	0.34781	0.01647	0.06436	0.03976	0.01688	0.03620	0.05204	0.01975	0.01630	0.02077	0.04255	0.10746	0.03086	0.00283	0.00862	0.00604	0.00353	0.00869
47	0.08501	0.64933	0.08483	0.01183	0.01774	0.02475	0.01212	0.02015	0.01349	0.01741	0.00953	0.01103	0.00849	0.00583	0.00445	0.00154	0.00721	0.00369	0.00298	0.00859
48	0.01480	0.15489	0.53583	0.01848	0.06161	0.01707	0.02142	0.02117	0.01425	0.03829	0.01198	0.01393	0.00888	0.00625	0.00601	0.00196	0.00909	0.00479	0.00304	0.03625
49	0.07930	0.01211	0.03722	0.01185	0.01553	0.01187	0.00984	0.06216	0.15914	0.22320	0.11976	0.05364	0.07446	0.01082	0.00769	0.00226	0.03767	0.05570	0.00670	0.00907
50	0.01691	0.41951	0.17749	0.01422	0.02049	0.02183	0.03817	0.04419	0.14816	0.02031	0.01371	0.01464	0.01101	0.00659	0.00543	0.00179	0.00755	0.00487	0.00376	0.00937
51	0.01378	0.01430	0.06352	0.06849	0.39606	0.01338	0.03520	0.01727	0.01463	0.02019	0.02420	0.09538	0.13536	0.00967	0.00790	0.00219	0.04699	0.00862	0.00403	0.00884
52	0.00983	0.00746	0.00925	0.00962	0.01126	0.00720	0.00742	0.01363	0.07495	0.02185	0.24849	0.20686	0.17006	0.01652	0.00826	0.00250	0.00420	0.15768	0.00662	0.00635
53	0.02329	0.01345	0.01583	0.01266	0.01742	0.01348	0.01024	0.16851	0.18928	0.31525	0.04445	0.02321	0.03747	0.00857	0.00668	0.00203	0.00576	0.00694	0.00716	0.07833
54	0.01514	0.11857	0.18622	0.02675	0.34761	0.03428	0.01802	0.01947	0.01515	0.02098	0.07451	0.04103	0.03888	0.00752	0.00646	0.00198	0.00774	0.00656	0.00368	0.00945
55	0.01738	0.01472	0.04321	0.02620	0.33070	0.01445	0.05047	0.11178	0.05317	0.08364	0.01746	0.04721	0.01479	0.03484	0.08601	0.00317	0.00862	0.02788	0.00461	0.00968
56	0.01339	0.03065	0.62067	0.01760	0.02640	0.01433	0.02211	0.02032	0.01426	0.04282	0.01703	0.01882	0.06349	0.00915	0.03823	0.00251	0.00964	0.00581	0.00330	0.00947
57	0.00957	0.00643	0.00737	0.00756	0.00760	0.00638	0.00432	0.00971	0.01012	0.01350	0.02301	0.12849	0.02676	0.67639	0.03113	0.00606	0.00620	0.01086	0.00432	0.00423
58	0.01525	0.12876	0.44221	0.07004	0.05542	0.01713	0.09551	0.03799	0.01487	0.04430	0.01244	0.01483	0.00915	0.00632	0.00632	0.00204	0.00935	0.00529	0.00321	0.00959
59	0.01534	0.01691	0.10073	0.10980	0.49322	0.01513	0.04370	0.01977	0.01500	0.02118	0.01447	0.02155	0.01259	0.00715	0.00689	0.00213	0.00825	0.06294	0.00348	0.00979
60	0.00917	0.00638	0.00802	0.00881	0.00926	0.00617	0.00589	0.01024	0.01239	0.01658	0.08158	0.35599	0.03743	0.30834	0.01851	0.00418	0.00510	0.08545	0.00547	0.00506
61	0.01396	0.03459	0.69860	0.01904	0.02868	0.04689	0.02428	0.02149	0.01438	0.02104	0.01197	0.01408	0.00851	0.00640	0.00636	0.00211	0.01001	0.00493	0.00286	0.00982
62	0.01641	0.01932	0.11951	0.14779	0.31379	0.06223	0.14550	0.05531	0.01600	0.02167	0.01264	0.01646	0.00991	0.00625	0.00682	0.00208	0.00924	0.00610	0.00340	0.00959
63	0.01714	0.01653	0.02559	0.05893	0.53107	0.05495	0.05352	0.06409	0.03953	0.02276	0.01418	0.04539	0.01212	0.00685	0.00676	0.00204	0.00812	0.00655	0.00377	0.01014
64	0.00976	0.00809	0.01086	0.01356	0.12479	0.00748	0.00841	0.01195	0.01508	0.01961	0.12305	0.23782	0.30934	0.01600	0.00797	0.00238	0.00442	0.05702	0.00589	0.00652
65	0.01581	0.01776	0.11448	0.08680	0.23260	0.06912	0.09422	0.03801	0.05875	0.04817	0.03713	0.04936	0.07424	0.00843	0.00701	0.00214	0.00805	0.02456	0.00426	0.00909
66	0.07997	0.08298	0.15069	0.02050	0.13183	0.05277	0.12614	0.03883	0.12441	0.02304	0.05088	0.05768	0.01561	0.00777	0.00657	0.00210	0.00790	0.00689	0.00427	0.00918
67	0.01723	0.06584	0.09839	0.05175	0.40003	0.03597	0.03277	0.11369	0.03490	0.02388	0.01512	0.03856	0.02788	0.00710	0.00658	0.00201	0.00796	0.00633	0.00394	0.01006
68	0.03993	0.11099	0.31252	0.01980	0.13247	0.01613	0.03530	0.03746	0.07208	0.04834	0.01417	0.01645	0.01096	0.01024	0.06826	0.00273	0.00911	0.00546	0.00370	0.03389

[dist]
# distance from previous block
# <min> <max>
0	17

# created by:
# /home/cegg/simao/soft/augustus-3.2.1/scripts/msa2prfl.pl ./align_prep/EOG090W0A4U.fa
