[name]
unknown

[dist]
# distance from previous block
# <min> <max>
2	34

[block]
# block no. 0 follows, 22 sequences, length 6
# corresponding to MSA columns:
# 128-133
name=unknown_A
#
# <colnr> <probs for GDERKNQSTAVLIFYWHMCP>
#	G	D	E	R	K	N	Q	S	T	A	V	L	I	F	Y	W	H	M	C	P
0	0.02014	0.01680	0.02435	0.08763	0.02708	0.05194	0.15332	0.12824	0.02090	0.06386	0.02218	0.06549	0.01987	0.15175	0.06753	0.00454	0.01097	0.00983	0.04390	0.00967
1	0.01538	0.01404	0.02185	0.39146	0.08284	0.01684	0.01878	0.02100	0.05738	0.02232	0.02340	0.07688	0.05916	0.01615	0.07292	0.00386	0.06232	0.00952	0.00466	0.00924
2	0.11781	0.01705	0.02367	0.04634	0.07612	0.01981	0.07902	0.07896	0.05887	0.05599	0.01908	0.06889	0.01700	0.04727	0.01544	0.00323	0.20955	0.00877	0.02695	0.01019
3	0.01670	0.01651	0.06452	0.01708	0.07754	0.06121	0.01241	0.08594	0.06126	0.02581	0.03898	0.11037	0.16660	0.15997	0.01603	0.00388	0.00788	0.04199	0.00636	0.00897
4	0.16598	0.01934	0.01971	0.01656	0.02071	0.06991	0.01330	0.18617	0.09139	0.08481	0.01943	0.02259	0.01540	0.05675	0.01322	0.00308	0.13051	0.00731	0.03286	0.01098
5	0.06144	0.05141	0.01750	0.01388	0.01833	0.01613	0.01108	0.09897	0.19583	0.16275	0.02824	0.06378	0.02185	0.01172	0.00864	0.03325	0.00646	0.00881	0.15862	0.01129

[dist]
# distance from previous block
# <min> <max>
2	7

[block]
# block no. 1 follows, 22 sequences, length 17
# corresponding to MSA columns:
# 141-157
name=unknown_B
#
# <colnr> <probs for GDERKNQSTAVLIFYWHMCP>
#	G	D	E	R	K	N	Q	S	T	A	V	L	I	F	Y	W	H	M	C	P
0	0.04875	0.08343	0.02260	0.02159	0.12415	0.17370	0.01459	0.07153	0.04208	0.07889	0.02199	0.10957	0.01990	0.01615	0.07336	0.00351	0.01073	0.00897	0.04407	0.01043
1	0.13439	0.05426	0.02035	0.01787	0.04759	0.25567	0.01342	0.09877	0.02187	0.06025	0.04835	0.02170	0.01671	0.01621	0.09617	0.00377	0.01199	0.00675	0.04386	0.01002
2	0.02013	0.01182	0.01449	0.01283	0.01642	0.01112	0.00990	0.10081	0.02237	0.17864	0.13306	0.18944	0.11839	0.04692	0.01075	0.00300	0.00603	0.03848	0.00835	0.04705
3	0.07843	0.04609	0.02275	0.10179	0.16919	0.05037	0.01668	0.05543	0.06215	0.08842	0.02314	0.05849	0.02065	0.03434	0.03629	0.00334	0.03447	0.08145	0.00584	0.01068
4	0.01803	0.01741	0.03076	0.25749	0.30935	0.01844	0.10957	0.02302	0.01763	0.02409	0.01646	0.02441	0.01392	0.07096	0.01156	0.00312	0.01070	0.00817	0.00407	0.01083
5	0.01886	0.02561	0.21003	0.02773	0.03610	0.01825	0.34335	0.02573	0.01899	0.06688	0.02103	0.07959	0.01775	0.00980	0.00934	0.00284	0.01203	0.04009	0.00486	0.01115
6	0.48387	0.01673	0.01581	0.01308	0.01875	0.01824	0.01079	0.12115	0.02022	0.18492	0.01779	0.01793	0.01248	0.00866	0.00638	0.00256	0.00699	0.00585	0.00682	0.01098
7	0.01863	0.01843	0.02564	0.26697	0.25989	0.08841	0.02085	0.02383	0.04152	0.02399	0.02160	0.05837	0.04437	0.01028	0.00854	0.00268	0.01013	0.04068	0.00465	0.01052
8	0.01383	0.00999	0.01292	0.01434	0.07673	0.00922	0.00949	0.01666	0.01958	0.06642	0.22066	0.06338	0.24711	0.11386	0.01424	0.00353	0.00572	0.06670	0.00754	0.00810
9	0.01182	0.00859	0.01146	0.01298	0.01452	0.00824	0.01035	0.01469	0.01839	0.02408	0.09729	0.29159	0.11325	0.02330	0.01089	0.00348	0.00607	0.30392	0.00780	0.00730
10	0.12786	0.02524	0.02215	0.08121	0.12164	0.26220	0.01626	0.08436	0.05401	0.02834	0.01736	0.02238	0.01440	0.00930	0.00758	0.00245	0.01072	0.03621	0.04588	0.01045
11	0.02056	0.01974	0.03372	0.05099	0.65622	0.01974	0.02550	0.02550	0.01892	0.02714	0.01563	0.02056	0.01316	0.00740	0.00822	0.00247	0.00987	0.00740	0.00411	0.01316
12	0.01067	0.00794	0.00976	0.01081	0.01212	0.00730	0.00769	0.01260	0.01730	0.02243	0.10252	0.37235	0.21052	0.08183	0.01312	0.00361	0.00515	0.07784	0.00759	0.00685
13	0.01150	0.00830	0.01090	0.01214	0.01338	0.00800	0.00915	0.01389	0.01741	0.02306	0.10761	0.31368	0.09989	0.09278	0.04014	0.00424	0.00653	0.19295	0.00745	0.00701
14	0.30439	0.02101	0.02155	0.07277	0.08905	0.11405	0.04539	0.12652	0.02054	0.03312	0.01453	0.01765	0.01146	0.01083	0.03694	0.00302	0.03532	0.00621	0.00520	0.01044
15	0.18325	0.02503	0.11241	0.02122	0.07594	0.13693	0.07666	0.07481	0.04479	0.03064	0.05616	0.02048	0.01606	0.00856	0.00745	0.00239	0.00985	0.00679	0.00520	0.08537
16	0.05857	0.10830	0.06101	0.14815	0.12067	0.11772	0.01884	0.21081	0.02480	0.03228	0.01567	0.01850	0.01208	0.00853	0.00765	0.00241	0.01046	0.00657	0.00529	0.01167

[dist]
# distance from previous block
# <min> <max>
1	4

[block]
# block no. 2 follows, 22 sequences, length 9
# corresponding to MSA columns:
# 162-170
name=unknown_C
#
# <colnr> <probs for GDERKNQSTAVLIFYWHMCP>
#	G	D	E	R	K	N	Q	S	T	A	V	L	I	F	Y	W	H	M	C	P
0	0.01962	0.02143	0.09426	0.12151	0.52694	0.01955	0.02572	0.02508	0.01852	0.02638	0.01546	0.02045	0.01266	0.00755	0.00820	0.00252	0.01024	0.00728	0.00400	0.01262
1	0.01794	0.01707	0.02899	0.39314	0.33452	0.01905	0.02419	0.02320	0.01768	0.02396	0.01516	0.02141	0.01204	0.00789	0.00827	0.00263	0.01052	0.00739	0.00389	0.01105
2	0.06297	0.02084	0.07226	0.12205	0.31532	0.02066	0.04776	0.10670	0.06445	0.03044	0.01693	0.02079	0.01333	0.00849	0.00900	0.00262	0.04086	0.00740	0.00492	0.01221
3	0.01553	0.01066	0.01598	0.05995	0.05318	0.01096	0.04470	0.05563	0.01512	0.02009	0.02313	0.03199	0.07772	0.06918	0.07020	0.39729	0.00895	0.00884	0.00455	0.00635
4	0.01231	0.00980	0.01353	0.07788	0.01768	0.01091	0.01035	0.01500	0.01559	0.02127	0.10752	0.04521	0.13161	0.13560	0.28787	0.00791	0.05583	0.01127	0.00551	0.00734
5	0.04506	0.11673	0.10487	0.04873	0.06614	0.06277	0.01576	0.02563	0.05649	0.06781	0.01696	0.02065	0.01392	0.04742	0.01023	0.00247	0.05288	0.00637	0.00491	0.21421
6	0.13632	0.09187	0.07309	0.01690	0.02276	0.07283	0.04029	0.18932	0.06277	0.05999	0.06296	0.02490	0.04393	0.01332	0.05069	0.00317	0.00968	0.00770	0.00634	0.01117
7	0.09356	0.08357	0.11643	0.08452	0.09012	0.13647	0.01746	0.02563	0.03733	0.05063	0.02189	0.02411	0.07532	0.00969	0.00865	0.00245	0.04984	0.00724	0.00483	0.06027
8	0.06942	0.09267	0.09327	0.01699	0.04313	0.04094	0.01455	0.10249	0.16774	0.07363	0.06223	0.05547	0.06446	0.01104	0.00790	0.00249	0.00778	0.00885	0.00673	0.05822

[dist]
# distance from previous block
# <min> <max>
2	29

[block]
# block no. 3 follows, 22 sequences, length 30
# corresponding to MSA columns:
# 203-232
name=unknown_D
#
# <colnr> <probs for GDERKNQSTAVLIFYWHMCP>
#	G	D	E	R	K	N	Q	S	T	A	V	L	I	F	Y	W	H	M	C	P
0	0.25661	0.01887	0.06974	0.05639	0.10846	0.01782	0.04033	0.10274	0.02021	0.12364	0.01892	0.05674	0.01496	0.00926	0.00735	0.00254	0.00823	0.00739	0.00603	0.05376
1	0.14608	0.01599	0.02051	0.09813	0.11552	0.03380	0.05026	0.05803	0.01901	0.02903	0.05929	0.05429	0.09306	0.01033	0.00772	0.00236	0.00781	0.00872	0.00551	0.16454
2	0.23372	0.01891	0.02039	0.01930	0.09601	0.02061	0.01378	0.28270	0.05255	0.04038	0.02041	0.02268	0.04005	0.04251	0.00900	0.00275	0.00798	0.00724	0.00661	0.04242
3	0.02018	0.01878	0.08033	0.02895	0.27242	0.01626	0.01811	0.07801	0.04778	0.08251	0.05834	0.03226	0.11755	0.01055	0.00835	0.00245	0.00812	0.00917	0.00601	0.08389
4	0.05244	0.01876	0.09656	0.12741	0.02650	0.05392	0.01634	0.07061	0.01828	0.02542	0.05087	0.14861	0.06429	0.01611	0.03806	0.00337	0.14684	0.01094	0.00539	0.00927
5	0.08223	0.12812	0.02457	0.01910	0.04988	0.27131	0.01460	0.09226	0.14488	0.02859	0.05277	0.02112	0.01764	0.00937	0.00743	0.00233	0.01036	0.00679	0.00573	0.01093
6	0.02312	0.02081	0.02186	0.01822	0.02295	0.12460	0.06463	0.15345	0.17737	0.06269	0.07864	0.03306	0.10064	0.01199	0.00966	0.00266	0.04554	0.00966	0.00718	0.01128
7	0.01627	0.01536	0.02596	0.61251	0.12827	0.01861	0.02336	0.02173	0.01688	0.02193	0.01487	0.02196	0.01132	0.00820	0.00830	0.00273	0.01093	0.00739	0.00374	0.00969
8	0.01569	0.01477	0.02492	0.68808	0.05722	0.01846	0.02307	0.02123	0.01661	0.02123	0.01477	0.02215	0.01107	0.00831	0.00831	0.00277	0.01107	0.00738	0.00369	0.00923
9	0.01395	0.01117	0.01415	0.01363	0.01649	0.03659	0.04815	0.01724	0.02001	0.05128	0.14258	0.09275	0.25058	0.01943	0.01025	0.00311	0.00654	0.21648	0.00765	0.00801
10	0.11549	0.02141	0.01889	0.01641	0.02129	0.17850	0.01305	0.09766	0.11187	0.17773	0.04446	0.03116	0.04495	0.01133	0.00813	0.00261	0.00895	0.05749	0.00736	0.01128
11	0.01494	0.00933	0.01230	0.01163	0.01416	0.00859	0.00916	0.01866	0.02260	0.10595	0.45051	0.06408	0.09755	0.01736	0.00990	0.00281	0.00491	0.10810	0.00896	0.00851
12	0.01059	0.00786	0.01092	0.06841	0.01584	0.00773	0.00900	0.01238	0.01596	0.02121	0.04318	0.64544	0.05126	0.02454	0.01041	0.00332	0.00535	0.02225	0.00737	0.00696
13	0.03029	0.09618	0.02522	0.02080	0.02532	0.62076	0.01590	0.03248	0.02298	0.02027	0.01273	0.01484	0.01070	0.00844	0.00731	0.00211	0.01447	0.00527	0.00422	0.00972
14	0.02157	0.01940	0.03284	0.04880	0.61772	0.01928	0.02469	0.02640	0.01921	0.06564	0.01667	0.02103	0.01361	0.00758	0.00823	0.00247	0.00970	0.00746	0.00449	0.01322
15	0.01082	0.00782	0.01034	0.01183	0.01286	0.00734	0.00854	0.01299	0.01755	0.02339	0.12503	0.49131	0.08981	0.02412	0.01059	0.00332	0.00511	0.11229	0.00789	0.00704
16	0.01196	0.00812	0.00960	0.00969	0.00988	0.00827	0.00579	0.01238	0.01241	0.01672	0.02662	0.08184	0.03023	0.59983	0.11588	0.00847	0.00959	0.01224	0.00509	0.00540
17	0.01339	0.00956	0.01339	0.01530	0.01721	0.00956	0.01339	0.01721	0.01912	0.02486	0.04399	0.09371	0.04781	0.02295	0.01147	0.00382	0.00765	0.60031	0.00765	0.00765
18	0.01792	0.02289	0.16238	0.12506	0.25055	0.05342	0.02184	0.02451	0.05425	0.02654	0.09357	0.06771	0.02319	0.01021	0.00847	0.00262	0.00963	0.00904	0.00500	0.01119
19	0.01874	0.01974	0.02565	0.02158	0.02398	0.12273	0.11183	0.02174	0.01568	0.02090	0.01516	0.02219	0.01377	0.02513	0.19386	0.00585	0.30055	0.00780	0.00404	0.00906
20	0.01000	0.00842	0.00867	0.00861	0.01133	0.00709	0.00646	0.01228	0.01937	0.02347	0.13805	0.07825	0.59832	0.02065	0.00982	0.00279	0.00418	0.01729	0.00785	0.00709
21	0.02359	0.01930	0.02043	0.01750	0.02272	0.02203	0.01386	0.20060	0.48000	0.03946	0.03010	0.02804	0.02235	0.01092	0.00841	0.00273	0.00726	0.00888	0.00841	0.01341
22	0.02121	0.59194	0.15585	0.01592	0.02397	0.03042	0.01719	0.02513	0.01700	0.02077	0.01216	0.01409	0.01064	0.00725	0.00579	0.00193	0.00950	0.00475	0.00355	0.01095
23	0.01154	0.00888	0.01278	0.01314	0.01474	0.00835	0.04688	0.01404	0.01771	0.02350	0.11819	0.38920	0.10788	0.05438	0.01201	0.00349	0.00588	0.12261	0.00753	0.00726
24	0.01202	0.00866	0.01178	0.01361	0.01504	0.00841	0.01098	0.01490	0.01794	0.02341	0.04655	0.31562	0.07913	0.02398	0.01108	0.00361	0.00645	0.36187	0.00768	0.00729
25	0.03253	0.01686	0.02043	0.01600	0.02207	0.01675	0.01310	0.21497	0.08379	0.38541	0.06657	0.02808	0.02258	0.01068	0.00844	0.00257	0.00745	0.00859	0.00946	0.01366
26	0.02027	0.01662	0.01808	0.01644	0.02066	0.01877	0.01288	0.11688	0.43350	0.03469	0.03422	0.11444	0.02924	0.01383	0.00894	0.00292	0.00680	0.06047	0.00828	0.01206
27	0.72048	0.05935	0.01416	0.01113	0.01639	0.01952	0.00932	0.02445	0.01431	0.03617	0.01157	0.01348	0.00910	0.00767	0.00515	0.00252	0.00658	0.00449	0.00504	0.00910
28	0.01883	0.11799	0.43304	0.02319	0.03335	0.06095	0.09433	0.02795	0.06553	0.02582	0.01604	0.01846	0.01192	0.00800	0.00782	0.00253	0.01180	0.00655	0.00402	0.01187
29	0.01303	0.00903	0.01155	0.01122	0.01310	0.00879	0.00839	0.01576	0.01902	0.06058	0.27159	0.11115	0.15378	0.10566	0.09351	0.00473	0.02720	0.04676	0.00756	0.00760

[dist]
# distance from previous block
# <min> <max>
12	21

[block]
# block no. 4 follows, 22 sequences, length 9
# corresponding to MSA columns:
# 254-262
name=unknown_E
#
# <colnr> <probs for GDERKNQSTAVLIFYWHMCP>
#	G	D	E	R	K	N	Q	S	T	A	V	L	I	F	Y	W	H	M	C	P
0	0.08677	0.01396	0.02021	0.04123	0.02136	0.01518	0.11652	0.04372	0.07200	0.02821	0.08938	0.05754	0.02550	0.07600	0.05950	0.00390	0.07716	0.00973	0.13308	0.00906
1	0.01065	0.00818	0.00974	0.00992	0.01187	0.00728	0.00722	0.01331	0.02005	0.02642	0.29767	0.21262	0.29396	0.02057	0.00999	0.00286	0.00423	0.01792	0.00827	0.00728
2	0.02804	0.03568	0.05794	0.05883	0.06018	0.53360	0.01718	0.03101	0.02227	0.02163	0.01396	0.01665	0.01140	0.00851	0.00751	0.00221	0.01376	0.00574	0.04406	0.00984
3	0.01153	0.00848	0.01079	0.01021	0.01227	0.00774	0.00766	0.01524	0.02298	0.03205	0.58589	0.06413	0.14513	0.01745	0.00980	0.00264	0.00395	0.01532	0.00898	0.00774
4	0.01196	0.00853	0.01147	0.01147	0.01230	0.00936	0.00803	0.01362	0.01279	0.01789	0.02398	0.04218	0.02491	0.34597	0.39712	0.01102	0.01601	0.01030	0.00471	0.00637
5	0.01417	0.00738	0.01108	0.01108	0.01122	0.00753	0.00753	0.01122	0.01108	0.01492	0.01521	0.02599	0.01506	0.03221	0.09675	0.68378	0.00872	0.00738	0.00369	0.00399
6	0.05075	0.00889	0.01025	0.01014	0.01219	0.00823	0.00724	0.01516	0.01831	0.06523	0.18525	0.19206	0.23342	0.12812	0.01476	0.00368	0.00517	0.01611	0.00764	0.00738
7	0.07794	0.07884	0.01881	0.01345	0.01885	0.01557	0.01105	0.05711	0.12571	0.24144	0.02970	0.02849	0.05906	0.01016	0.00741	0.00234	0.00651	0.00802	0.10301	0.08650
8	0.05038	0.09122	0.02904	0.08644	0.14725	0.18382	0.07247	0.07104	0.09419	0.02672	0.01658	0.01957	0.01329	0.00881	0.00905	0.00250	0.05462	0.00695	0.00488	0.01117

[dist]
# distance from previous block
# <min> <max>
0	7

[block]
# block no. 5 follows, 22 sequences, length 65
# corresponding to MSA columns:
# 270-329,333-337
name=unknown_F
#
# <colnr> <probs for GDERKNQSTAVLIFYWHMCP>
#	G	D	E	R	K	N	Q	S	T	A	V	L	I	F	Y	W	H	M	C	P
0	0.06616	0.36832	0.03432	0.01856	0.05798	0.07486	0.08119	0.02535	0.05355	0.02326	0.01923	0.05327	0.04668	0.00910	0.00684	0.00217	0.00915	0.00718	0.00456	0.03828
1	0.02468	0.01899	0.11416	0.01809	0.05379	0.01506	0.03373	0.11762	0.04609	0.24089	0.05871	0.03857	0.11915	0.01243	0.00881	0.00270	0.00795	0.04883	0.00783	0.01193
2	0.06389	0.14693	0.24948	0.02017	0.04982	0.01975	0.07038	0.04904	0.04755	0.04668	0.07544	0.08371	0.02190	0.01040	0.00792	0.00255	0.00942	0.00873	0.00520	0.01102
3	0.01395	0.01101	0.01257	0.01225	0.01484	0.01119	0.00909	0.05510	0.15727	0.02878	0.17669	0.24530	0.18186	0.01887	0.00966	0.00292	0.00513	0.01643	0.00821	0.00887
4	0.06950	0.10951	0.31740	0.02215	0.03117	0.05251	0.12358	0.02787	0.05307	0.06529	0.03976	0.02049	0.01469	0.00834	0.00785	0.00254	0.01099	0.00705	0.00467	0.01157
5	0.02218	0.07381	0.12323	0.12932	0.13517	0.09208	0.06401	0.06490	0.07425	0.08032	0.01945	0.02423	0.01528	0.00914	0.00820	0.00258	0.01054	0.03446	0.00525	0.01159
6	0.01422	0.01639	0.12873	0.01356	0.01763	0.04132	0.01227	0.01841	0.04128	0.06037	0.08016	0.25938	0.22718	0.01850	0.00948	0.00290	0.00660	0.01591	0.00704	0.00867
7	0.01012	0.00723	0.00964	0.01157	0.01205	0.00675	0.00771	0.01157	0.01591	0.02121	0.04579	0.70262	0.05495	0.02603	0.01060	0.00337	0.00482	0.02362	0.00771	0.00675
8	0.02151	0.02364	0.10042	0.05801	0.11812	0.08098	0.17147	0.07843	0.08932	0.05205	0.01959	0.04990	0.01573	0.00924	0.00926	0.00262	0.03624	0.00848	0.00530	0.04970
9	0.02114	0.05990	0.06065	0.21653	0.18253	0.06111	0.10452	0.11367	0.02118	0.02796	0.01556	0.02019	0.01214	0.00836	0.00905	0.00260	0.03960	0.00739	0.00456	0.01137
10	0.01722	0.01205	0.01205	0.01152	0.01408	0.07367	0.00882	0.02129	0.04305	0.07665	0.12177	0.07453	0.07556	0.01813	0.07280	0.00347	0.00736	0.03938	0.28811	0.00850
11	0.07212	0.01693	0.02047	0.01588	0.02223	0.01666	0.01308	0.20328	0.05336	0.43449	0.02817	0.02532	0.01839	0.01011	0.00818	0.00256	0.00759	0.00796	0.00940	0.01383
12	0.53384	0.01514	0.01405	0.05081	0.01814	0.01797	0.01033	0.02204	0.01384	0.03146	0.01366	0.02011	0.01223	0.10398	0.01295	0.00345	0.08662	0.00602	0.00487	0.00848
13	0.06919	0.01755	0.02433	0.11676	0.11979	0.04950	0.08895	0.07314	0.05760	0.05254	0.05184	0.05570	0.05535	0.03255	0.01029	0.00277	0.04111	0.00913	0.00564	0.06627
14	0.01028	0.00744	0.00973	0.01126	0.01204	0.00688	0.00765	0.01204	0.01692	0.02261	0.11483	0.59623	0.09186	0.02474	0.01047	0.00326	0.00469	0.02232	0.00787	0.00688
15	0.01823	0.01500	0.02526	0.58766	0.05269	0.01787	0.04603	0.02357	0.01752	0.09210	0.01683	0.02283	0.01218	0.00847	0.00837	0.00275	0.01075	0.00759	0.00444	0.00985
16	0.02006	0.02033	0.02453	0.02113	0.02209	0.09623	0.01736	0.05806	0.01555	0.02195	0.01230	0.01873	0.01163	0.01625	0.05987	0.00394	0.53942	0.00716	0.00403	0.00936
17	0.01810	0.03926	0.52816	0.02707	0.10408	0.05917	0.05660	0.02665	0.01815	0.02605	0.01495	0.01794	0.01092	0.00784	0.00799	0.00259	0.01226	0.00640	0.00365	0.01216
18	0.01012	0.00723	0.00964	0.01157	0.01205	0.00675	0.00771	0.01157	0.01591	0.02121	0.04579	0.70262	0.05495	0.02603	0.01060	0.00337	0.00482	0.02362	0.00771	0.00675
19	0.02739	0.02026	0.02198	0.01780	0.02344	0.02237	0.01466	0.45840	0.10667	0.04606	0.02463	0.02999	0.01956	0.01154	0.00854	0.00265	0.00838	0.07310	0.04963	0.01294
20	0.01898	0.02014	0.04057	0.07036	0.03889	0.01981	0.45587	0.04538	0.06639	0.02691	0.01867	0.02409	0.01443	0.01360	0.08294	0.00395	0.01402	0.00945	0.00465	0.01091
21	0.01312	0.00799	0.01070	0.01192	0.01306	0.00735	0.00821	0.01476	0.01677	0.09187	0.04435	0.62825	0.05115	0.02429	0.01036	0.00329	0.00507	0.02193	0.00800	0.00756
22	0.04921	0.04971	0.02555	0.42092	0.07481	0.09082	0.05094	0.02278	0.01749	0.02235	0.01624	0.02455	0.01341	0.01184	0.04516	0.00327	0.01176	0.03565	0.00409	0.00945
23	0.01122	0.00814	0.01065	0.01127	0.01274	0.00758	0.00831	0.01411	0.01996	0.02727	0.32763	0.30206	0.10124	0.02121	0.01028	0.00304	0.00468	0.08288	0.00837	0.00737
24	0.01166	0.00887	0.01108	0.01226	0.01436	0.00828	0.01006	0.01457	0.01870	0.02353	0.05952	0.15561	0.27957	0.02256	0.01075	0.00339	0.00602	0.31423	0.00768	0.00731
25	0.73134	0.01641	0.01282	0.01132	0.01653	0.01898	0.00932	0.05349	0.01534	0.03800	0.01197	0.01381	0.00924	0.00782	0.00529	0.00257	0.00656	0.00464	0.00529	0.00924
26	0.01925	0.02322	0.13649	0.01994	0.02531	0.11936	0.11666	0.02396	0.02023	0.06977	0.16887	0.03469	0.08570	0.01204	0.01093	0.00270	0.08502	0.00998	0.00591	0.00996
27	0.01167	0.00842	0.01102	0.01051	0.01239	0.00778	0.00783	0.01545	0.02309	0.03264	0.61822	0.09759	0.07708	0.01749	0.00984	0.00266	0.00397	0.01550	0.00907	0.00778
28	0.01723	0.01477	0.01723	0.01230	0.01969	0.01107	0.00984	0.02092	0.01723	0.02707	0.01477	0.01723	0.01230	0.00615	0.00615	0.00123	0.00615	0.00492	0.00492	0.75883
29	0.01701	0.01456	0.02164	0.24525	0.07490	0.01532	0.04613	0.02364	0.08641	0.04763	0.04600	0.03116	0.04279	0.01396	0.05875	0.00332	0.00969	0.04480	0.00539	0.15167
30	0.00991	0.00834	0.00859	0.00870	0.01132	0.00702	0.00646	0.01203	0.01890	0.02274	0.10163	0.12059	0.59297	0.02123	0.00987	0.00284	0.00424	0.01785	0.00776	0.00702
31	0.02084	0.02046	0.03166	0.09882	0.26632	0.06707	0.14702	0.08193	0.04194	0.02826	0.04923	0.02429	0.01705	0.03470	0.01048	0.00281	0.03231	0.00839	0.00492	0.01150
32	0.01208	0.00805	0.00906	0.00906	0.00906	0.00805	0.00503	0.01208	0.01208	0.01611	0.02618	0.05436	0.03020	0.70804	0.04228	0.00805	0.00805	0.01208	0.00503	0.00503
33	0.01287	0.00879	0.01124	0.01063	0.01282	0.00805	0.00806	0.01640	0.02238	0.06131	0.50554	0.06373	0.13563	0.04277	0.01101	0.00289	0.00444	0.04466	0.00881	0.00794
34	0.01885	0.01950	0.06647	0.20033	0.40886	0.01913	0.02394	0.02399	0.01790	0.02534	0.01512	0.02047	0.01235	0.00789	0.00894	0.00253	0.04005	0.00717	0.00400	0.05720
35	0.02199	0.55050	0.06852	0.01509	0.02167	0.09262	0.01467	0.02500	0.01738	0.02035	0.01299	0.01540	0.01160	0.01044	0.04284	0.00250	0.01020	0.00498	0.03090	0.01035
36	0.01894	0.01791	0.03007	0.09480	0.51449	0.01843	0.02307	0.02342	0.01817	0.02575	0.01870	0.09581	0.01752	0.00980	0.00922	0.00264	0.03563	0.00918	0.00446	0.01199
37	0.04785	0.01693	0.02411	0.04107	0.05525	0.01822	0.11792	0.13589	0.11945	0.06287	0.02600	0.12606	0.02315	0.01269	0.01036	0.00286	0.06493	0.03527	0.04815	0.01097
38	0.13051	0.01422	0.06360	0.01417	0.01747	0.01360	0.01210	0.02166	0.03950	0.09650	0.09040	0.09129	0.02882	0.05687	0.11689	0.00481	0.08161	0.05623	0.04069	0.00905
39	0.11489	0.05710	0.02081	0.01563	0.02122	0.04941	0.01282	0.25716	0.05495	0.17139	0.09355	0.02771	0.04587	0.01079	0.00797	0.00250	0.00777	0.00834	0.00798	0.01213
40	0.02318	0.02270	0.02136	0.09055	0.06802	0.23704	0.03773	0.05782	0.05944	0.08184	0.05108	0.07660	0.07942	0.01223	0.00862	0.00261	0.01018	0.04334	0.00611	0.01012
41	0.01814	0.01376	0.01706	0.01483	0.01827	0.04467	0.06784	0.07829	0.06371	0.09387	0.06571	0.14867	0.15506	0.11790	0.01428	0.00362	0.00741	0.04053	0.00725	0.00913
42	0.02038	0.04880	0.09283	0.08344	0.10891	0.04592	0.04695	0.02542	0.04190	0.14201	0.12102	0.03587	0.09484	0.04335	0.01012	0.00283	0.00844	0.00985	0.00646	0.01066
43	0.01955	0.13111	0.37525	0.02545	0.06597	0.02167	0.14263	0.05483	0.01912	0.04591	0.01561	0.01848	0.01156	0.00775	0.00795	0.00253	0.01170	0.00681	0.00411	0.01203
44	0.01214	0.00920	0.01132	0.01125	0.01322	0.00890	0.00825	0.01742	0.08927	0.02936	0.37580	0.22327	0.12093	0.01904	0.00986	0.00285	0.00447	0.01683	0.00857	0.00807
45	0.01926	0.30247	0.35233	0.02299	0.09864	0.02465	0.02368	0.02566	0.01743	0.02376	0.01367	0.01622	0.01087	0.00753	0.00693	0.00228	0.01068	0.00561	0.00359	0.01174
46	0.10749	0.01848	0.05642	0.15251	0.18859	0.01831	0.06335	0.09544	0.02058	0.10983	0.02023	0.02344	0.03383	0.01149	0.04200	0.00315	0.01013	0.00771	0.00553	0.01150
47	0.01384	0.01106	0.01632	0.20600	0.08404	0.01160	0.01354	0.01720	0.01775	0.04490	0.08155	0.24741	0.14074	0.01666	0.00928	0.00289	0.00693	0.01477	0.03509	0.00845
48	0.01011	0.00729	0.00958	0.01141	0.01201	0.00676	0.00764	0.01158	0.01605	0.02127	0.04767	0.67204	0.08431	0.02578	0.01056	0.00335	0.00479	0.02332	0.00771	0.00676
49	0.07262	0.09389	0.02512	0.15779	0.10765	0.04291	0.01657	0.08236	0.02167	0.26657	0.02148	0.02230	0.01498	0.00892	0.00776	0.00249	0.00887	0.00718	0.00672	0.01215
50	0.01814	0.04999	0.02099	0.04287	0.13298	0.04356	0.03640	0.02727	0.19388	0.05171	0.06351	0.04386	0.18037	0.01329	0.00882	0.00271	0.00743	0.04470	0.00682	0.01068
51	0.02490	0.01148	0.01501	0.01302	0.01738	0.01009	0.01051	0.02782	0.02143	0.36150	0.07115	0.11019	0.16454	0.01588	0.00932	0.00285	0.00620	0.08669	0.00912	0.01087
52	0.02469	0.53519	0.03837	0.01673	0.05156	0.09500	0.01471	0.02747	0.01841	0.09083	0.01421	0.01548	0.01187	0.00762	0.00602	0.00193	0.00935	0.00510	0.00440	0.01106
53	0.01163	0.00812	0.01036	0.01075	0.01126	0.00844	0.00705	0.01274	0.01320	0.01801	0.02903	0.17873	0.03257	0.39212	0.21109	0.00858	0.01133	0.01352	0.00541	0.00604
54	0.57385	0.01859	0.05457	0.01476	0.02084	0.01894	0.07865	0.05298	0.01624	0.03573	0.01287	0.01518	0.00987	0.00768	0.00601	0.00254	0.00771	0.00534	0.00508	0.04258
55	0.02056	0.15740	0.36876	0.02257	0.05840	0.09341	0.05211	0.02725	0.01853	0.05512	0.01506	0.01737	0.01134	0.00781	0.00745	0.00236	0.01144	0.00603	0.00405	0.04300
56	0.08445	0.38106	0.08137	0.04450	0.02345	0.02550	0.01491	0.09151	0.01995	0.06331	0.05308	0.01878	0.01567	0.00832	0.00645	0.00210	0.00853	0.00593	0.00500	0.04612
57	0.01784	0.07571	0.05766	0.01497	0.01781	0.01606	0.01240	0.05529	0.04645	0.08039	0.02380	0.10506	0.02327	0.17401	0.12358	0.00568	0.12518	0.01028	0.00561	0.00895
58	0.04919	0.08632	0.19417	0.09256	0.05193	0.01729	0.05171	0.02400	0.08005	0.02813	0.18236	0.03292	0.05350	0.01094	0.00831	0.00259	0.00857	0.00932	0.00575	0.01037
59	0.01935	0.05403	0.19041	0.01623	0.02411	0.04295	0.01613	0.07375	0.01981	0.05272	0.05267	0.02153	0.01656	0.03164	0.00833	0.00213	0.00849	0.00641	0.00519	0.33755
60	0.02383	0.08381	0.06512	0.02299	0.12058	0.02149	0.04459	0.20539	0.15562	0.06741	0.02455	0.02497	0.04735	0.00971	0.00807	0.00247	0.00861	0.00803	0.00670	0.04871
61	0.02074	0.16834	0.09448	0.01614	0.02171	0.14208	0.01435	0.02733	0.11605	0.05020	0.05541	0.10107	0.05133	0.01142	0.00772	0.00235	0.00882	0.00906	0.00577	0.07564
62	0.01657	0.05479	0.16780	0.09821	0.03153	0.01689	0.15012	0.04311	0.01811	0.02501	0.02247	0.06350	0.04148	0.01729	0.09653	0.00408	0.01210	0.05027	0.00474	0.06541
63	0.11409	0.02021	0.14708	0.01618	0.02271	0.01526	0.04332	0.06841	0.06081	0.09964	0.05651	0.05604	0.06849	0.01373	0.04831	0.00311	0.00879	0.00869	0.00621	0.12242
64	0.02144	0.04465	0.07639	0.04944	0.04865	0.08860	0.04353	0.08360	0.02026	0.11346	0.04281	0.11405	0.02370	0.08113	0.03775	0.00365	0.06147	0.02919	0.00610	0.01011

[dist]
# distance from previous block
# <min> <max>
12	42

[block]
# block no. 6 follows, 22 sequences, length 7
# corresponding to MSA columns:
# 391-397
name=unknown_G
#
# <colnr> <probs for GDERKNQSTAVLIFYWHMCP>
#	G	D	E	R	K	N	Q	S	T	A	V	L	I	F	Y	W	H	M	C	P
0	0.01898	0.16404	0.08135	0.01559	0.02094	0.05019	0.04544	0.05424	0.07265	0.06627	0.07589	0.13511	0.09879	0.01314	0.00822	0.00250	0.00779	0.01101	0.00631	0.05156
1	0.01814	0.12538	0.10415	0.01411	0.01881	0.04433	0.01272	0.06980	0.01851	0.05926	0.02739	0.09484	0.07251	0.12420	0.07331	0.00424	0.00939	0.00985	0.05305	0.04602
2	0.08908	0.08945	0.23732	0.02009	0.02732	0.05593	0.08129	0.05619	0.08449	0.02761	0.01953	0.07875	0.01674	0.01273	0.04187	0.00319	0.03428	0.00826	0.00496	0.01092
3	0.01796	0.14970	0.12812	0.07485	0.02392	0.01664	0.01482	0.02316	0.04954	0.08529	0.06668	0.06774	0.13999	0.01188	0.00792	0.00239	0.00768	0.00969	0.00591	0.09611
4	0.02041	0.05626	0.05075	0.05794	0.14514	0.01691	0.07471	0.02774	0.10846	0.08873	0.05182	0.02373	0.01830	0.00839	0.00776	0.00221	0.00829	0.00750	0.00574	0.21922
5	0.01144	0.00838	0.01057	0.01137	0.01278	0.00776	0.00820	0.01352	0.01711	0.02284	0.11335	0.33764	0.11467	0.12236	0.01496	0.00387	0.00564	0.11080	0.00733	0.04544
6	0.01723	0.01477	0.01723	0.01230	0.01969	0.01107	0.00984	0.02092	0.01723	0.02707	0.01477	0.01723	0.01230	0.00615	0.00615	0.00123	0.00615	0.00492	0.00492	0.75883

[dist]
# distance from previous block
# <min> <max>
0	1

[block]
# block no. 7 follows, 22 sequences, length 38
# corresponding to MSA columns:
# 399-436
name=unknown_H
#
# <colnr> <probs for GDERKNQSTAVLIFYWHMCP>
#	G	D	E	R	K	N	Q	S	T	A	V	L	I	F	Y	W	H	M	C	P
0	0.01310	0.00947	0.01299	0.01475	0.01673	0.00936	0.01282	0.01679	0.01911	0.02467	0.04721	0.09260	0.09639	0.02280	0.01134	0.00374	0.00737	0.55351	0.00765	0.00760
1	0.01916	0.01696	0.02698	0.28528	0.15130	0.01822	0.08513	0.02739	0.12103	0.06111	0.01928	0.02318	0.01463	0.00838	0.00826	0.00256	0.00970	0.00778	0.00510	0.08857
2	0.02005	0.02004	0.02795	0.02296	0.02538	0.05459	0.10721	0.05832	0.09715	0.02469	0.01534	0.02041	0.01320	0.01247	0.02027	0.00327	0.43399	0.00784	0.00463	0.01023
3	0.02457	0.53317	0.03819	0.01613	0.02249	0.20430	0.01471	0.02709	0.01866	0.01976	0.01189	0.01377	0.01067	0.00750	0.00591	0.00187	0.01051	0.00468	0.00375	0.01039
4	0.01272	0.00879	0.01094	0.01023	0.01263	0.00789	0.00773	0.01619	0.02249	0.06555	0.48818	0.06427	0.20621	0.01754	0.00972	0.00265	0.00416	0.01523	0.00888	0.00800
5	0.01099	0.00776	0.01016	0.01148	0.01206	0.00760	0.00783	0.01245	0.01509	0.02020	0.03912	0.44642	0.04572	0.18146	0.07817	0.00536	0.00736	0.06748	0.00681	0.00650
6	0.63325	0.02057	0.06575	0.01299	0.01862	0.08400	0.01144	0.02544	0.01535	0.03471	0.01196	0.01397	0.00929	0.00781	0.00560	0.00253	0.00775	0.00471	0.00492	0.00932
7	0.01043	0.00748	0.00963	0.01105	0.01173	0.00698	0.00738	0.01197	0.01630	0.02174	0.09461	0.55212	0.08737	0.09307	0.01366	0.00375	0.00504	0.02144	0.00756	0.00668
8	0.02349	0.53482	0.03783	0.01542	0.02202	0.15163	0.01423	0.02614	0.01816	0.02025	0.01203	0.01393	0.01079	0.00731	0.00580	0.00180	0.00982	0.00465	0.00379	0.06609
9	0.01810	0.01818	0.02652	0.05969	0.02480	0.02485	0.04691	0.02037	0.01326	0.02037	0.01140	0.01860	0.01099	0.01384	0.02539	0.00355	0.62292	0.00740	0.00366	0.00919
10	0.04943	0.14688	0.12069	0.07298	0.06384	0.01963	0.01690	0.08796	0.02029	0.18973	0.01962	0.02224	0.01473	0.04048	0.01113	0.04380	0.03530	0.00702	0.00592	0.01143
11	0.04223	0.01770	0.07460	0.19338	0.11365	0.03641	0.05227	0.02529	0.01889	0.14782	0.02621	0.06712	0.05358	0.01155	0.00927	0.00281	0.02925	0.06143	0.00588	0.01066
12	0.00993	0.00842	0.00856	0.00853	0.01129	0.00706	0.00640	0.01213	0.01919	0.02304	0.11552	0.07896	0.62111	0.02082	0.00982	0.00279	0.00419	0.01739	0.00779	0.00706
13	0.01278	0.00916	0.01281	0.01459	0.01625	0.00919	0.01230	0.01618	0.01821	0.02389	0.04264	0.18181	0.04689	0.02634	0.06068	0.00446	0.00830	0.46859	0.00742	0.00750
14	0.02559	0.05797	0.02615	0.07071	0.05574	0.11953	0.08284	0.20564	0.07897	0.08420	0.02156	0.04348	0.01704	0.01004	0.00826	0.00253	0.00992	0.02657	0.04152	0.01174
15	0.01815	0.01744	0.03011	0.36013	0.33820	0.01917	0.05049	0.02347	0.01783	0.02424	0.01526	0.02141	0.01212	0.00782	0.00833	0.00263	0.01064	0.00750	0.00391	0.01116
16	0.01015	0.00832	0.00895	0.00902	0.01148	0.00712	0.00668	0.01248	0.01938	0.02403	0.16934	0.13376	0.50876	0.02086	0.00989	0.00283	0.00422	0.01769	0.00794	0.00712
17	0.01563	0.01375	0.02262	0.06120	0.28143	0.01365	0.05011	0.01931	0.01788	0.02496	0.05282	0.27305	0.03259	0.01535	0.00930	0.00288	0.00776	0.04133	0.03450	0.00987
18	0.05618	0.01789	0.07046	0.20271	0.09185	0.01751	0.05072	0.07592	0.10820	0.08393	0.05762	0.06476	0.04499	0.01075	0.00848	0.00272	0.00885	0.00935	0.00610	0.01101
19	0.02962	0.02171	0.02802	0.02490	0.11629	0.05784	0.09442	0.31318	0.02974	0.16792	0.02115	0.02177	0.01492	0.00921	0.00845	0.00252	0.00977	0.00782	0.00737	0.01337
20	0.01486	0.01032	0.01502	0.07745	0.06660	0.01028	0.01277	0.01811	0.01859	0.07541	0.09115	0.27002	0.04463	0.01992	0.01027	0.00328	0.00685	0.21863	0.00739	0.00845
21	0.02394	0.02675	0.05276	0.15763	0.22220	0.23830	0.04918	0.08247	0.02184	0.02600	0.01496	0.01892	0.01191	0.00820	0.00806	0.00244	0.01202	0.00679	0.00445	0.01120
22	0.01992	0.01928	0.03346	0.12734	0.55118	0.01965	0.05701	0.02504	0.01867	0.02640	0.01558	0.02085	0.01288	0.00749	0.00832	0.00252	0.01023	0.00753	0.00407	0.01258
23	0.02743	0.01945	0.02071	0.01691	0.02226	0.05055	0.01379	0.35308	0.08875	0.11214	0.05915	0.03070	0.02246	0.01146	0.00844	0.00259	0.00815	0.05569	0.06380	0.01249
24	0.01938	0.01779	0.05694	0.24458	0.24685	0.01799	0.03883	0.07189	0.01944	0.06180	0.01881	0.05994	0.01571	0.01318	0.05801	0.00345	0.01092	0.00847	0.00486	0.01115
25	0.02566	0.08068	0.02899	0.02233	0.07798	0.01812	0.14810	0.09277	0.05583	0.21853	0.02356	0.05362	0.01782	0.01109	0.02926	0.00282	0.00948	0.00865	0.00683	0.06787
26	0.02530	0.01349	0.01807	0.01681	0.07000	0.01210	0.01218	0.06169	0.02157	0.30315	0.05772	0.14920	0.02833	0.01312	0.00862	0.00256	0.00676	0.04202	0.00819	0.12909
27	0.01680	0.01423	0.04767	0.01654	0.01889	0.01466	0.05776	0.01883	0.04176	0.04559	0.05205	0.06157	0.01997	0.04450	0.02223	0.23930	0.18613	0.00881	0.00480	0.06790
28	0.01728	0.05460	0.12038	0.20006	0.12084	0.01899	0.14818	0.02393	0.05179	0.02462	0.02426	0.02807	0.08803	0.00967	0.00923	0.00270	0.03332	0.00888	0.00455	0.01062
29	0.01927	0.01832	0.02597	0.14326	0.06449	0.06986	0.13151	0.08501	0.01976	0.02625	0.01913	0.04892	0.01728	0.08126	0.01282	0.00310	0.04259	0.04053	0.00501	0.12568
30	0.01828	0.07338	0.06114	0.10973	0.10956	0.01900	0.07217	0.02346	0.05211	0.05441	0.04931	0.05441	0.04916	0.01283	0.03415	0.00309	0.13821	0.00887	0.00504	0.05168
31	0.05192	0.02155	0.10984	0.05763	0.08678	0.06943	0.06794	0.04895	0.05435	0.07933	0.02462	0.02823	0.07108	0.00992	0.00859	0.00244	0.02839	0.03061	0.00556	0.14283
32	0.02354	0.02450	0.12478	0.04033	0.02851	0.09860	0.11227	0.13971	0.05628	0.09681	0.04845	0.05490	0.01866	0.00998	0.00894	0.00254	0.02936	0.00847	0.00613	0.06724
33	0.01986	0.08182	0.11326	0.04564	0.04388	0.07274	0.07659	0.05762	0.09457	0.04431	0.02320	0.05639	0.05153	0.01194	0.01157	0.04375	0.08573	0.00862	0.04664	0.01035
34	0.04728	0.13782	0.07067	0.01567	0.02149	0.03933	0.01396	0.19369	0.10353	0.06385	0.03358	0.03498	0.14047	0.01211	0.00809	0.00254	0.00796	0.03478	0.00689	0.01131
35	0.04326	0.05924	0.10396	0.01926	0.04566	0.01851	0.07785	0.13803	0.05060	0.03103	0.04710	0.02484	0.04614	0.01369	0.06246	0.00323	0.04764	0.00777	0.00558	0.15415
36	0.02043	0.07753	0.07016	0.07632	0.02538	0.04272	0.05617	0.11444	0.10099	0.07813	0.06425	0.10412	0.08829	0.01251	0.00854	0.00262	0.00825	0.01063	0.00670	0.03182
37	0.01928	0.12789	0.15778	0.01658	0.02249	0.12439	0.01571	0.05039	0.08220	0.02545	0.02729	0.12405	0.07524	0.01210	0.00789	0.00245	0.00899	0.00970	0.04037	0.04976

[dist]
# distance from previous block
# <min> <max>
6	32

[block]
# block no. 8 follows, 22 sequences, length 25
# corresponding to MSA columns:
# 472-496
name=unknown_I
#
# <colnr> <probs for GDERKNQSTAVLIFYWHMCP>
#	G	D	E	R	K	N	Q	S	T	A	V	L	I	F	Y	W	H	M	C	P
0	0.02215	0.11237	0.14707	0.11261	0.05706	0.08363	0.20103	0.06577	0.02043	0.07511	0.01656	0.01991	0.01234	0.00795	0.00823	0.00253	0.01178	0.00741	0.00467	0.01140
1	0.01938	0.01928	0.05485	0.15551	0.19671	0.04959	0.07955	0.09235	0.02106	0.02820	0.04387	0.03016	0.06593	0.01001	0.00855	0.00256	0.00975	0.03966	0.00520	0.06782
2	0.04723	0.05157	0.14174	0.02477	0.14193	0.04815	0.08656	0.04911	0.02029	0.15333	0.02811	0.05956	0.08981	0.01061	0.00841	0.00260	0.00938	0.00924	0.00600	0.01159
3	0.02363	0.04826	0.12682	0.02251	0.06238	0.01703	0.15204	0.04840	0.02024	0.20687	0.02433	0.05953	0.03932	0.00998	0.00940	0.00259	0.04279	0.00890	0.00626	0.06870
4	0.01127	0.00787	0.00915	0.00968	0.01014	0.00757	0.00592	0.01192	0.01394	0.01826	0.03836	0.23670	0.10967	0.43922	0.02973	0.00615	0.00671	0.01591	0.00609	0.00574
5	0.02472	0.06213	0.15667	0.08410	0.20369	0.09509	0.02136	0.07419	0.02132	0.15014	0.01852	0.02050	0.01354	0.00845	0.00796	0.00247	0.01040	0.00694	0.00545	0.01237
6	0.02071	0.13768	0.14896	0.06289	0.26617	0.04765	0.05076	0.02596	0.01891	0.06447	0.03822	0.02371	0.01614	0.00867	0.00793	0.00247	0.01015	0.03215	0.00460	0.01181
7	0.01331	0.00909	0.01040	0.01003	0.01057	0.00936	0.00613	0.05169	0.01390	0.01867	0.02548	0.05051	0.02846	0.61437	0.08819	0.00810	0.00920	0.01155	0.00520	0.00580
8	0.01084	0.00811	0.01068	0.06310	0.01509	0.00790	0.00841	0.01261	0.01618	0.02127	0.07347	0.46960	0.11663	0.10868	0.01425	0.00381	0.00560	0.01984	0.00713	0.00681
9	0.02089	0.01803	0.08926	0.02062	0.08327	0.04212	0.07833	0.05270	0.02078	0.15858	0.11643	0.11447	0.06267	0.01539	0.04137	0.00324	0.03300	0.01129	0.00688	0.01069
10	0.01902	0.05063	0.06418	0.19366	0.31977	0.02049	0.13030	0.02444	0.01805	0.02494	0.01519	0.02069	0.01223	0.00789	0.00929	0.00263	0.04347	0.00762	0.00395	0.01154
11	0.01743	0.01633	0.02793	0.47312	0.07652	0.01891	0.10614	0.06866	0.01865	0.02452	0.01598	0.02263	0.01225	0.01172	0.05184	0.00343	0.01201	0.00783	0.00419	0.00994
12	0.01869	0.02040	0.05846	0.16864	0.18825	0.06796	0.19553	0.02408	0.01896	0.02476	0.02168	0.03096	0.04682	0.00978	0.00902	0.00276	0.01130	0.06675	0.00456	0.01064
13	0.04459	0.03559	0.05611	0.07140	0.09264	0.01415	0.03389	0.02207	0.06560	0.08554	0.07215	0.07064	0.19863	0.05822	0.01170	0.00308	0.03630	0.01164	0.00644	0.00965
14	0.01649	0.02232	0.21819	0.12551	0.03018	0.01611	0.04354	0.06031	0.01843	0.04435	0.02529	0.18832	0.02495	0.01422	0.01052	0.00300	0.06220	0.06066	0.00544	0.00998
15	0.02169	0.05870	0.11699	0.10980	0.22654	0.01949	0.17737	0.02747	0.01923	0.11529	0.01794	0.02153	0.01335	0.00786	0.00846	0.00259	0.01093	0.00783	0.00485	0.01210
16	0.02130	0.02434	0.10368	0.16735	0.09823	0.15298	0.04153	0.11367	0.02158	0.02691	0.01909	0.06841	0.01702	0.05480	0.01057	0.00297	0.01100	0.02912	0.00502	0.01042
17	0.07585	0.01656	0.02453	0.16078	0.26526	0.01843	0.01917	0.02555	0.11572	0.02664	0.02036	0.07428	0.01779	0.01299	0.04467	0.00331	0.05324	0.00879	0.00506	0.01101
18	0.01759	0.07066	0.07069	0.14402	0.08511	0.05784	0.01583	0.06028	0.01980	0.02649	0.10148	0.10387	0.05218	0.01152	0.00816	0.00240	0.00834	0.00978	0.00555	0.12843
19	0.11499	0.05533	0.12145	0.10479	0.04828	0.01635	0.01619	0.06694	0.01844	0.07638	0.02141	0.09281	0.01914	0.01708	0.08720	0.00388	0.01022	0.03660	0.00548	0.06704
20	0.07726	0.01839	0.02988	0.23853	0.24120	0.01991	0.11064	0.06485	0.06652	0.02823	0.01688	0.02153	0.01310	0.00811	0.00827	0.00265	0.01029	0.00768	0.00468	0.01139
21	0.01922	0.01805	0.02743	0.22813	0.25711	0.04910	0.05823	0.05531	0.04920	0.02580	0.01757	0.04970	0.01479	0.00987	0.00961	0.04249	0.01000	0.00810	0.00459	0.04570
22	0.07685	0.04917	0.08278	0.04394	0.13134	0.01753	0.01618	0.13098	0.02138	0.03095	0.06378	0.07070	0.05420	0.01381	0.04053	0.00305	0.03286	0.03216	0.00581	0.08200
23	0.01651	0.01482	0.02392	0.21036	0.16183	0.01658	0.05731	0.05129	0.01734	0.02377	0.02046	0.10412	0.01937	0.05251	0.12097	0.00481	0.05980	0.00991	0.00470	0.00963
24	0.07872	0.07888	0.09301	0.16513	0.05393	0.13316	0.04058	0.09091	0.02045	0.02706	0.04632	0.05572	0.01670	0.01001	0.00911	0.00259	0.05483	0.00774	0.00488	0.01027

[dist]
# distance from previous block
# <min> <max>
24	66

# created by:
# /home/cegg/simao/soft/augustus-3.2.1/scripts/msa2prfl.pl ./align_prep/EOG090W0DLD.fa
