[name]
unknown

[dist]
# distance from previous block
# <min> <max>
15	402

[block]
# block no. 0 follows, 27 sequences, length 15
# corresponding to MSA columns:
# 416-430
name=unknown_A
#
# <colnr> <probs for GDERKNQSTAVLIFYWHMCP>
#	G	D	E	R	K	N	Q	S	T	A	V	L	I	F	Y	W	H	M	C	P
0	0.04327	0.01927	0.04652	0.01644	0.04887	0.17802	0.03108	0.07241	0.04958	0.12805	0.05699	0.02777	0.01949	0.07066	0.01049	0.00265	0.03677	0.05248	0.03527	0.05392
1	0.01267	0.01163	0.07242	0.05350	0.04605	0.00938	0.02576	0.01575	0.01698	0.05004	0.27364	0.10031	0.08029	0.11296	0.01305	0.03288	0.00589	0.01137	0.00611	0.04933
2	0.01500	0.01172	0.01511	0.01497	0.06062	0.02657	0.04217	0.02231	0.17620	0.07381	0.19354	0.13883	0.09358	0.01559	0.03520	0.00289	0.00619	0.03991	0.00698	0.00882
3	0.01553	0.01628	0.03277	0.02447	0.03008	0.01534	0.45042	0.04705	0.01754	0.02347	0.02550	0.16602	0.07778	0.01083	0.00885	0.00259	0.00994	0.01172	0.00480	0.00901
4	0.01872	0.01324	0.01644	0.03289	0.06234	0.05589	0.04042	0.08940	0.02100	0.14896	0.25240	0.03705	0.09194	0.01166	0.00836	0.00230	0.02642	0.00987	0.05154	0.00916
5	0.02336	0.01225	0.01817	0.30071	0.03094	0.01275	0.01425	0.02714	0.01803	0.34939	0.02219	0.02330	0.01500	0.00841	0.00720	0.00231	0.00747	0.00705	0.08986	0.01023
6	0.09946	0.01366	0.01277	0.01165	0.01413	0.08242	0.00841	0.10759	0.08572	0.02456	0.02266	0.11815	0.02263	0.26009	0.01752	0.00397	0.00705	0.00953	0.04739	0.03062
7	0.00939	0.00768	0.00838	0.00860	0.01093	0.00667	0.00672	0.01163	0.01724	0.02108	0.11356	0.07220	0.54530	0.01881	0.00900	0.00264	0.00422	0.11256	0.00698	0.00641
8	0.02115	0.01649	0.01884	0.01730	0.06941	0.01808	0.01298	0.32723	0.17248	0.03533	0.02705	0.03049	0.07633	0.01408	0.05803	0.00310	0.00806	0.05580	0.00684	0.01095
9	0.41392	0.01561	0.01625	0.09704	0.02166	0.01778	0.03696	0.16071	0.06737	0.03369	0.01455	0.01637	0.01093	0.00767	0.00595	0.00230	0.00693	0.00553	0.03944	0.00935
10	0.01708	0.01566	0.02559	0.11557	0.47788	0.01608	0.01962	0.05560	0.01777	0.02492	0.07053	0.07453	0.01906	0.00875	0.00763	0.00231	0.00814	0.00824	0.00444	0.01060
11	0.02492	0.01425	0.01730	0.01465	0.03803	0.01417	0.01137	0.12137	0.18516	0.30801	0.06242	0.05532	0.02198	0.00994	0.00749	0.00228	0.00624	0.00823	0.00787	0.06898
12	0.01642	0.01418	0.06990	0.01616	0.06940	0.05134	0.01241	0.02204	0.11145	0.11076	0.03008	0.23115	0.02971	0.01791	0.05865	0.00337	0.00772	0.11213	0.00634	0.00888
13	0.01456	0.01386	0.02409	0.56618	0.10384	0.01632	0.07236	0.01948	0.01537	0.02000	0.01491	0.02337	0.01206	0.00801	0.00769	0.00251	0.00984	0.04337	0.00357	0.00861
14	0.23055	0.13014	0.10100	0.01527	0.07237	0.01746	0.01280	0.11270	0.01845	0.02923	0.11148	0.02496	0.07720	0.00927	0.00648	0.00220	0.00683	0.00709	0.00522	0.00928

[dist]
# distance from previous block
# <min> <max>
1	5

[block]
# block no. 1 follows, 27 sequences, length 21
# corresponding to MSA columns:
# 436-454,459,460
name=unknown_B
#
# <colnr> <probs for GDERKNQSTAVLIFYWHMCP>
#	G	D	E	R	K	N	Q	S	T	A	V	L	I	F	Y	W	H	M	C	P
0	0.01580	0.06452	0.01756	0.12881	0.04017	0.04002	0.01163	0.02132	0.09385	0.04753	0.13202	0.02588	0.02320	0.01196	0.05648	0.00263	0.00747	0.00725	0.03067	0.22124
1	0.01767	0.01578	0.04485	0.04936	0.13858	0.05228	0.01332	0.02198	0.04248	0.07911	0.06316	0.02295	0.01739	0.00796	0.00725	0.00185	0.02771	0.03271	0.00499	0.33864
2	0.01691	0.01601	0.02653	0.25097	0.43832	0.01700	0.02106	0.02214	0.04435	0.02291	0.01439	0.01908	0.01162	0.00696	0.00730	0.00225	0.00889	0.00659	0.00375	0.04295
3	0.01586	0.01393	0.04210	0.01460	0.06531	0.01154	0.01108	0.01915	0.01544	0.05666	0.03757	0.05385	0.01541	0.00983	0.03825	0.00207	0.06714	0.00621	0.00467	0.49933
4	0.02461	0.06688	0.04475	0.01953	0.12061	0.01437	0.07081	0.05206	0.01907	0.31833	0.02046	0.02040	0.01426	0.00758	0.00699	0.00203	0.00741	0.00654	0.00631	0.15700
5	0.01506	0.01282	0.01515	0.01106	0.01729	0.00985	0.00883	0.01831	0.01515	0.02370	0.01367	0.01637	0.01153	0.00904	0.05523	0.00186	0.00651	0.00465	0.00437	0.72955
6	0.01103	0.00736	0.00968	0.00968	0.01016	0.00783	0.00648	0.01151	0.01104	0.01519	0.02066	0.03798	0.02199	0.39479	0.27566	0.11896	0.01161	0.00917	0.00413	0.00508
7	0.01724	0.22882	0.02255	0.01185	0.01825	0.04588	0.01018	0.02021	0.01555	0.02195	0.01228	0.01428	0.01050	0.00584	0.00533	0.00128	0.00656	0.00429	0.00401	0.52315
8	0.01061	0.00795	0.01193	0.01193	0.01326	0.00928	0.00928	0.01326	0.01193	0.01723	0.01988	0.02916	0.01856	0.05568	0.70968	0.01193	0.01988	0.00795	0.00398	0.00663
9	0.01582	0.01600	0.07401	0.06041	0.37264	0.01443	0.05936	0.01953	0.01618	0.02278	0.07605	0.05644	0.01994	0.01106	0.01031	0.09347	0.00822	0.03954	0.00427	0.00953
10	0.01964	0.05677	0.26553	0.02047	0.06498	0.21171	0.01915	0.02766	0.14067	0.02280	0.01560	0.01734	0.01209	0.00820	0.00833	0.00229	0.06643	0.00592	0.00419	0.01023
11	0.01774	0.01682	0.02849	0.04263	0.63749	0.01678	0.02150	0.02207	0.01724	0.02470	0.06872	0.02138	0.01649	0.00731	0.00746	0.00222	0.00839	0.00717	0.00404	0.01137
12	0.04646	0.08696	0.12295	0.09771	0.17913	0.10391	0.08933	0.09174	0.06544	0.02535	0.01471	0.01752	0.01144	0.00732	0.00709	0.00222	0.00974	0.00627	0.00424	0.01047
13	0.01095	0.00772	0.01108	0.01108	0.01221	0.00875	0.00835	0.01302	0.01189	0.01729	0.02013	0.03085	0.01920	0.12675	0.55464	0.05488	0.01674	0.00812	0.05015	0.00622
14	0.11477	0.04337	0.01786	0.03464	0.02014	0.18501	0.01189	0.07539	0.26869	0.02799	0.05766	0.02162	0.01810	0.00879	0.00681	0.00218	0.00786	0.00668	0.00583	0.06473
15	0.05594	0.05227	0.01363	0.06768	0.01602	0.00980	0.03595	0.01406	0.01590	0.02223	0.19330	0.27147	0.06908	0.01725	0.01028	0.07185	0.00548	0.04494	0.00611	0.00674
16	0.01073	0.00683	0.00899	0.00953	0.00992	0.00672	0.00627	0.01051	0.01199	0.01594	0.02856	0.25650	0.06758	0.20911	0.07815	0.23310	0.00688	0.01282	0.00498	0.00488
17	0.01953	0.08826	0.02365	0.14864	0.02711	0.14759	0.07415	0.08222	0.04580	0.05129	0.01524	0.01927	0.01237	0.01545	0.11458	0.00377	0.09114	0.00652	0.00434	0.00908
18	0.02304	0.01443	0.02173	0.05720	0.02367	0.01444	0.12495	0.15188	0.02135	0.25025	0.05030	0.02787	0.01915	0.01604	0.10741	0.00376	0.00979	0.04558	0.00665	0.01050
19	0.01117	0.00777	0.00972	0.01026	0.01121	0.00770	0.00730	0.01336	0.05352	0.01922	0.08560	0.20126	0.07804	0.22658	0.01970	0.09149	0.00583	0.12849	0.00593	0.00586
20	0.01206	0.00890	0.01024	0.01016	0.01140	0.00919	0.00690	0.03942	0.10831	0.02028	0.06434	0.18099	0.07537	0.34374	0.04610	0.00505	0.00650	0.02865	0.00589	0.00650

[dist]
# distance from previous block
# <min> <max>
0	1

[block]
# block no. 2 follows, 27 sequences, length 65
# corresponding to MSA columns:
# 462-526
name=unknown_C
#
# <colnr> <probs for GDERKNQSTAVLIFYWHMCP>
#	G	D	E	R	K	N	Q	S	T	A	V	L	I	F	Y	W	H	M	C	P
0	0.01965	0.71612	0.06466	0.01303	0.01956	0.02890	0.01328	0.02228	0.01511	0.01770	0.01044	0.01206	0.00952	0.00638	0.00485	0.00162	0.00806	0.00403	0.00317	0.00958
1	0.01728	0.01609	0.02297	0.19250	0.27326	0.04231	0.01724	0.04943	0.03403	0.02390	0.01405	0.01787	0.01133	0.00671	0.00681	0.00195	0.00819	0.00595	0.00406	0.23408
2	0.01674	0.01417	0.01536	0.01434	0.01802	0.01601	0.01135	0.03356	0.52651	0.02886	0.03484	0.03977	0.07285	0.01236	0.00807	0.00266	0.00588	0.11067	0.00739	0.01058
3	0.01705	0.01540	0.05408	0.01403	0.01810	0.01562	0.01150	0.11244	0.37135	0.03080	0.12149	0.08600	0.07604	0.01206	0.00790	0.00248	0.00587	0.01017	0.00727	0.01035
4	0.01934	0.11897	0.02423	0.02221	0.17521	0.01878	0.01510	0.08678	0.01699	0.09060	0.01624	0.05967	0.01426	0.01269	0.05644	0.00299	0.18385	0.00710	0.00468	0.05385
5	0.01402	0.01319	0.02227	0.72126	0.05113	0.01649	0.02062	0.01897	0.01484	0.01897	0.01319	0.01979	0.00990	0.00742	0.00742	0.00247	0.00990	0.00660	0.00330	0.00825
6	0.01046	0.00711	0.00848	0.00893	0.00930	0.00704	0.00560	0.01121	0.01222	0.01654	0.02947	0.20692	0.05415	0.46095	0.06724	0.00603	0.00699	0.03056	0.03560	0.00520
7	0.02056	0.67991	0.03730	0.01328	0.01940	0.09049	0.01285	0.02290	0.01562	0.01753	0.01042	0.01204	0.00953	0.00647	0.00494	0.00162	0.00843	0.00404	0.00323	0.00944
8	0.01690	0.32504	0.43166	0.01772	0.02681	0.02217	0.02144	0.02299	0.01543	0.02105	0.01210	0.01414	0.00945	0.00677	0.00612	0.00204	0.00974	0.00487	0.00315	0.01038
9	0.02773	0.03538	0.02104	0.01913	0.02295	0.70930	0.01434	0.02964	0.02104	0.01817	0.01148	0.01339	0.00956	0.00765	0.00669	0.00191	0.01339	0.00478	0.00383	0.00861
10	0.02590	0.01964	0.02098	0.01661	0.02214	0.02194	0.01355	0.51885	0.18787	0.04305	0.02076	0.02017	0.01501	0.00919	0.00746	0.00230	0.00762	0.00709	0.00746	0.01242
11	0.01809	0.01735	0.02963	0.08911	0.65144	0.01756	0.02264	0.02254	0.01677	0.02391	0.01391	0.01846	0.01164	0.00667	0.00735	0.00222	0.00889	0.00661	0.00365	0.01153
12	0.00964	0.00739	0.00886	0.00907	0.01085	0.00661	0.00673	0.01208	0.01791	0.02355	0.29359	0.19635	0.30039	0.01843	0.00898	0.00259	0.00394	0.04916	0.00736	0.00652
13	0.00917	0.00739	0.00816	0.00827	0.01034	0.00639	0.00609	0.01130	0.01740	0.02191	0.19690	0.15667	0.47671	0.01865	0.00886	0.00254	0.00378	0.01593	0.00716	0.00639
14	0.01113	0.00745	0.00921	0.00877	0.01055	0.00696	0.00658	0.01456	0.01974	0.02897	0.52888	0.05033	0.08275	0.01397	0.00802	0.00222	0.00350	0.01217	0.16728	0.00696
15	0.01038	0.00758	0.00975	0.00921	0.01102	0.00695	0.00691	0.01377	0.02073	0.02909	0.64567	0.05658	0.11368	0.01543	0.00876	0.00235	0.00352	0.01358	0.00808	0.00695
16	0.01658	0.27857	0.47526	0.01828	0.02768	0.02137	0.02241	0.02307	0.01547	0.02145	0.01230	0.01439	0.00945	0.00681	0.00627	0.00209	0.00994	0.00497	0.00315	0.01048
17	0.79154	0.01436	0.01091	0.00976	0.01436	0.01665	0.00804	0.02182	0.01263	0.03331	0.01034	0.01206	0.00804	0.00689	0.00459	0.00230	0.00574	0.00402	0.00459	0.00804
18	0.01612	0.01375	0.01704	0.01249	0.01874	0.01114	0.04393	0.06756	0.01691	0.02558	0.01521	0.05659	0.01329	0.00680	0.00604	0.00137	0.00600	0.00575	0.00473	0.64094
19	0.01063	0.00859	0.00989	0.00913	0.01205	0.00726	0.00704	0.01326	0.01760	0.02335	0.21468	0.08066	0.34509	0.01578	0.00831	0.00229	0.00424	0.05743	0.00676	0.14598
20	0.05329	0.01291	0.01702	0.01325	0.01885	0.01160	0.01089	0.03601	0.06735	0.63255	0.02883	0.02507	0.01839	0.00919	0.00739	0.00231	0.00627	0.00744	0.00895	0.01244
21	0.02901	0.01464	0.01805	0.01423	0.01954	0.01434	0.01176	0.23206	0.02526	0.41101	0.06464	0.02845	0.02114	0.01018	0.00771	0.00235	0.00677	0.04851	0.00842	0.01193
22	0.70923	0.01596	0.01233	0.01174	0.04000	0.06546	0.00903	0.02241	0.01338	0.03191	0.01055	0.01239	0.00828	0.00693	0.00484	0.00227	0.00639	0.00417	0.00451	0.00822
23	0.01837	0.01764	0.03013	0.04557	0.69279	0.01764	0.02278	0.02278	0.01690	0.02425	0.01396	0.01837	0.01176	0.00661	0.00735	0.00220	0.00882	0.00661	0.00367	0.01176
24	0.02257	0.07189	0.01991	0.01508	0.01992	0.01970	0.01217	0.25494	0.32074	0.08151	0.02395	0.02408	0.01812	0.05067	0.00901	0.00260	0.00694	0.00754	0.00712	0.01154
25	0.01853	0.02176	0.16927	0.03639	0.44250	0.01724	0.07008	0.02440	0.03867	0.06692	0.01541	0.01868	0.01201	0.00696	0.00741	0.00227	0.00928	0.00665	0.00404	0.01152
26	0.01036	0.00706	0.00841	0.00875	0.00903	0.00690	0.00532	0.01102	0.01266	0.01706	0.09650	0.21007	0.03664	0.49619	0.02814	0.00571	0.00614	0.01349	0.00544	0.00512
27	0.08321	0.01173	0.01494	0.01184	0.01678	0.01060	0.00968	0.03178	0.01962	0.53099	0.02704	0.02477	0.01777	0.00893	0.00686	0.00220	0.00576	0.00712	0.14709	0.01129
28	0.02007	0.01944	0.11081	0.08657	0.38005	0.01680	0.08132	0.04647	0.01790	0.12390	0.01632	0.01930	0.01229	0.00715	0.00747	0.00229	0.00912	0.00680	0.00453	0.01139
29	0.01920	0.02195	0.19984	0.02687	0.20968	0.01647	0.11600	0.08675	0.01849	0.09976	0.01684	0.01979	0.01267	0.01096	0.06050	0.00302	0.01022	0.00686	0.03320	0.01091
30	0.00901	0.00659	0.00848	0.00999	0.01068	0.00606	0.00674	0.01038	0.01454	0.01909	0.04512	0.65304	0.12760	0.02271	0.00939	0.00295	0.00424	0.02044	0.00689	0.00606
31	0.03331	0.01263	0.01723	0.01321	0.01895	0.01091	0.01091	0.03618	0.02125	0.69794	0.02929	0.02527	0.01838	0.00919	0.00747	0.00230	0.00632	0.00747	0.00919	0.01263
32	0.01853	0.20689	0.35908	0.01885	0.06436	0.01952	0.02009	0.04066	0.04939	0.08712	0.01544	0.01686	0.01148	0.00730	0.00651	0.00213	0.00908	0.00558	0.03035	0.01076
33	0.01632	0.21276	0.48608	0.01982	0.02938	0.02038	0.07200	0.02321	0.01567	0.02202	0.01270	0.01506	0.00958	0.00682	0.00661	0.00217	0.01033	0.00536	0.00319	0.01054
34	0.00933	0.00658	0.00853	0.00997	0.01034	0.00622	0.00650	0.01041	0.01366	0.01821	0.03808	0.62334	0.04552	0.13905	0.01405	0.00369	0.00477	0.01944	0.00650	0.00578
35	0.22471	0.29440	0.26967	0.01496	0.02250	0.02160	0.01676	0.02258	0.01464	0.02388	0.01141	0.01330	0.00908	0.00675	0.00554	0.00205	0.00844	0.00453	0.00354	0.00965
36	0.01161	0.00829	0.01155	0.01326	0.01482	0.00824	0.01134	0.01476	0.01674	0.02182	0.03950	0.16345	0.04351	0.02084	0.01016	0.00337	0.00653	0.56665	0.00684	0.00674
37	0.01213	0.01050	0.03031	0.01707	0.11239	0.01022	0.04049	0.01477	0.01520	0.02130	0.05826	0.32907	0.07981	0.01832	0.04023	0.00311	0.06066	0.04749	0.07116	0.00751
38	0.01233	0.01049	0.01523	0.01424	0.01516	0.01339	0.01141	0.01467	0.01176	0.01743	0.01678	0.02521	0.01586	0.04263	0.50018	0.00928	0.23560	0.00751	0.00375	0.00708
39	0.01057	0.00747	0.00961	0.01042	0.01128	0.00739	0.00757	0.01225	0.01417	0.01884	0.07160	0.21736	0.06682	0.25841	0.07451	0.00513	0.00708	0.17773	0.00594	0.00585
40	0.01537	0.01429	0.04516	0.01144	0.01822	0.01022	0.00961	0.01890	0.01541	0.02416	0.01320	0.01541	0.01093	0.00557	0.00557	0.00115	0.00574	0.00445	0.00434	0.75088
41	0.02086	0.05620	0.31333	0.01645	0.02467	0.01510	0.01793	0.07113	0.01837	0.19777	0.01757	0.01806	0.01225	0.00739	0.00678	0.00205	0.00837	0.00580	0.00524	0.16469
42	0.02171	0.01202	0.01515	0.01170	0.01689	0.01011	0.00941	0.04683	0.01956	0.28714	0.16651	0.02801	0.02675	0.00915	0.00703	0.00187	0.00547	0.00763	0.00718	0.28987
43	0.02164	0.09653	0.02129	0.06993	0.02306	0.27847	0.01368	0.03155	0.28635	0.02337	0.01901	0.01965	0.01490	0.00872	0.00767	0.00223	0.04047	0.00637	0.00521	0.00993
44	0.01150	0.00819	0.01099	0.01187	0.01271	0.00853	0.00920	0.01313	0.01421	0.01886	0.03213	0.18879	0.03601	0.18222	0.01861	0.06317	0.05273	0.29535	0.00582	0.00597
45	0.02086	0.68833	0.03726	0.01274	0.01905	0.02798	0.01257	0.02328	0.01555	0.06889	0.01175	0.01292	0.01020	0.00657	0.00497	0.00164	0.00782	0.00423	0.00363	0.00976
46	0.01564	0.16863	0.10807	0.01479	0.01909	0.06710	0.05481	0.01901	0.01636	0.04680	0.04928	0.16061	0.05102	0.04025	0.00899	0.00268	0.00778	0.13560	0.00523	0.00825
47	0.01092	0.01099	0.06094	0.04259	0.01531	0.01019	0.01015	0.01332	0.01470	0.01966	0.07179	0.23860	0.21633	0.04066	0.08250	0.00381	0.11124	0.01373	0.00564	0.00692
48	0.01081	0.00829	0.01218	0.01213	0.01327	0.00974	0.00936	0.01323	0.01204	0.01732	0.02100	0.08228	0.02061	0.07046	0.59857	0.01063	0.05836	0.00895	0.00417	0.00661
49	0.00899	0.00753	0.00781	0.00774	0.01016	0.00636	0.00581	0.01106	0.01742	0.02124	0.15029	0.06949	0.61395	0.01836	0.00877	0.00249	0.00373	0.01539	0.00705	0.00636
50	0.02350	0.14371	0.02364	0.11966	0.02604	0.42715	0.01472	0.02793	0.08824	0.01952	0.01351	0.01558	0.01098	0.00766	0.00658	0.00201	0.01122	0.00529	0.00404	0.00903
51	0.02020	0.03723	0.09812	0.01576	0.02212	0.06426	0.05520	0.16393	0.04642	0.06975	0.01619	0.01792	0.01240	0.00996	0.04748	0.00241	0.00868	0.00587	0.00520	0.28089
52	0.01461	0.01440	0.01663	0.01515	0.01733	0.13990	0.06023	0.01734	0.01400	0.01794	0.01739	0.02483	0.01585	0.04066	0.48815	0.00888	0.05815	0.00735	0.00389	0.00733
53	0.72144	0.05644	0.01285	0.01025	0.01492	0.04125	0.00852	0.02211	0.01306	0.03189	0.01038	0.01210	0.00818	0.00689	0.00468	0.00224	0.00613	0.00404	0.00449	0.00814
54	0.01108	0.00763	0.01033	0.01029	0.01144	0.00837	0.00760	0.01337	0.01287	0.01901	0.07055	0.03480	0.02411	0.18338	0.42744	0.00889	0.01390	0.00879	0.10989	0.00627
55	0.01985	0.74357	0.03890	0.01270	0.01905	0.02937	0.01270	0.02223	0.01508	0.01747	0.01032	0.01191	0.00953	0.00635	0.00476	0.00159	0.00794	0.00397	0.00318	0.00953
56	0.01037	0.00762	0.01059	0.06454	0.01481	0.00774	0.00898	0.01269	0.01501	0.02030	0.07417	0.39456	0.06349	0.02433	0.09406	0.00402	0.00695	0.12282	0.03644	0.00651
57	0.01428	0.01346	0.02274	0.68067	0.08968	0.01656	0.02075	0.01920	0.01497	0.01929	0.01324	0.01971	0.01001	0.00737	0.00742	0.00246	0.00983	0.00660	0.00332	0.00846
58	0.01907	0.01781	0.02426	0.02480	0.18112	0.05779	0.11623	0.10080	0.24180	0.02827	0.02380	0.04737	0.04216	0.00947	0.00783	0.00242	0.00821	0.03019	0.00575	0.01086
59	0.00930	0.00657	0.00854	0.01001	0.01038	0.00620	0.00654	0.01040	0.01372	0.01829	0.03837	0.63466	0.04589	0.12724	0.01359	0.00362	0.00473	0.01961	0.00654	0.00581
60	0.02101	0.63907	0.03627	0.01365	0.01963	0.12970	0.01294	0.02332	0.01596	0.01757	0.01049	0.01213	0.00953	0.00654	0.00505	0.00164	0.00874	0.00409	0.00327	0.00939
61	0.01980	0.09464	0.03685	0.01472	0.04358	0.03976	0.01192	0.11431	0.01853	0.08389	0.01497	0.01680	0.01182	0.00741	0.00788	0.00175	0.07855	0.00537	0.03356	0.34388
62	0.01517	0.04284	0.06671	0.12615	0.16022	0.01561	0.23789	0.01975	0.01617	0.02188	0.02157	0.15732	0.04462	0.01027	0.00819	0.00250	0.00926	0.01030	0.00434	0.00923
63	0.00943	0.00684	0.00877	0.01009	0.01086	0.00638	0.00698	0.01094	0.01473	0.01939	0.06744	0.53418	0.11676	0.07636	0.01157	0.00328	0.00464	0.06856	0.00675	0.00604
64	0.01721	0.01449	0.01711	0.01398	0.05754	0.01243	0.01041	0.09170	0.06780	0.02719	0.01503	0.01676	0.01210	0.00628	0.00597	0.00139	0.00601	0.00508	0.00493	0.59657

[dist]
# distance from previous block
# <min> <max>
0	2

[block]
# block no. 3 follows, 27 sequences, length 175
# corresponding to MSA columns:
# 529-565,567-704
name=unknown_D
#
# <colnr> <probs for GDERKNQSTAVLIFYWHMCP>
#	G	D	E	R	K	N	Q	S	T	A	V	L	I	F	Y	W	H	M	C	P
0	0.01533	0.10911	0.32569	0.06401	0.02553	0.01582	0.01820	0.02173	0.04871	0.04471	0.05591	0.02472	0.09050	0.00877	0.00694	0.00214	0.00829	0.00702	0.00440	0.10248
1	0.09525	0.14681	0.10068	0.01595	0.05470	0.01901	0.01384	0.22710	0.02233	0.09996	0.05377	0.03953	0.06171	0.00929	0.00685	0.00219	0.00744	0.00718	0.00589	0.01054
2	0.01856	0.00967	0.01157	0.01031	0.01312	0.00956	0.00795	0.05389	0.07301	0.17728	0.08928	0.06374	0.02472	0.01318	0.03017	0.07073	0.00534	0.00847	0.30092	0.00852
3	0.01554	0.01560	0.02900	0.44728	0.13606	0.01725	0.19030	0.02076	0.01583	0.02096	0.01378	0.01966	0.01051	0.00701	0.00776	0.00244	0.01044	0.00717	0.00347	0.00919
4	0.02191	0.01677	0.01837	0.01541	0.01986	0.01871	0.01243	0.35209	0.21667	0.03646	0.02370	0.02877	0.01929	0.05081	0.05616	0.00332	0.00812	0.06306	0.00703	0.01105
5	0.01202	0.00859	0.01098	0.07183	0.01414	0.00945	0.00790	0.01486	0.04705	0.01929	0.06625	0.03740	0.02471	0.31965	0.16580	0.00629	0.03156	0.00920	0.11675	0.00627
6	0.01985	0.74357	0.03890	0.01270	0.01905	0.02937	0.01270	0.02223	0.01508	0.01747	0.01032	0.01191	0.00953	0.00635	0.00476	0.00159	0.00794	0.00397	0.00318	0.00953
7	0.01194	0.04077	0.08964	0.01213	0.01481	0.03118	0.01052	0.01504	0.01716	0.02334	0.27202	0.18304	0.13912	0.01563	0.01021	0.00256	0.08415	0.01304	0.00630	0.00741
8	0.01735	0.01737	0.05583	0.07720	0.24134	0.06147	0.04831	0.06150	0.07638	0.02596	0.10640	0.02749	0.02188	0.00906	0.00758	0.00224	0.00805	0.04610	0.00506	0.08343
9	0.02212	0.21247	0.02690	0.10343	0.12193	0.28281	0.01569	0.04679	0.06257	0.02075	0.01319	0.01558	0.01088	0.00734	0.00645	0.00199	0.01023	0.00535	0.00394	0.00960
10	0.01077	0.00719	0.00812	0.00812	0.00825	0.00712	0.00463	0.01075	0.01107	0.01463	0.02567	0.04881	0.06045	0.67624	0.03598	0.03520	0.00699	0.01089	0.00457	0.00454
11	0.01396	0.01055	0.01001	0.01030	0.01190	0.08434	0.00741	0.04890	0.01655	0.02372	0.02994	0.34077	0.03108	0.01507	0.00738	0.00235	0.00517	0.01300	0.31060	0.00700
12	0.01476	0.01766	0.13503	0.32199	0.11361	0.01565	0.05080	0.02147	0.07876	0.02210	0.01961	0.06194	0.03668	0.00911	0.00761	0.00247	0.00893	0.02721	0.02533	0.00927
13	0.02315	0.27359	0.08086	0.01687	0.02204	0.36215	0.01472	0.02694	0.05961	0.01915	0.01236	0.01404	0.01036	0.00746	0.00660	0.00191	0.03028	0.00484	0.00377	0.00929
14	0.01539	0.01319	0.01539	0.01100	0.01759	0.00990	0.00880	0.01869	0.01539	0.02419	0.01319	0.01539	0.01100	0.00550	0.00550	0.00110	0.00550	0.00440	0.00440	0.78449
15	0.02070	0.10827	0.02572	0.06064	0.23352	0.22080	0.01691	0.03828	0.03678	0.02087	0.01312	0.01735	0.01141	0.03600	0.01034	0.00240	0.10745	0.00596	0.00381	0.00965
16	0.06826	0.06573	0.02305	0.01838	0.01912	0.02278	0.01545	0.01843	0.01171	0.01887	0.00982	0.01567	0.00962	0.01213	0.02171	0.00307	0.62851	0.00616	0.00333	0.00821
17	0.01474	0.04968	0.08876	0.19694	0.06999	0.01456	0.11649	0.01914	0.01548	0.02146	0.04888	0.02546	0.01647	0.07762	0.03568	0.00299	0.00918	0.03148	0.00407	0.14093
18	0.08779	0.02198	0.01749	0.06471	0.04504	0.31558	0.01261	0.05939	0.01811	0.02147	0.01893	0.17929	0.01927	0.03513	0.00925	0.00251	0.04955	0.00902	0.00475	0.00813
19	0.02504	0.01361	0.01636	0.01343	0.01811	0.01371	0.01079	0.10682	0.20072	0.33055	0.11097	0.02896	0.02539	0.01013	0.00755	0.00233	0.00594	0.00835	0.03979	0.01145
20	0.15316	0.01457	0.01630	0.01292	0.01839	0.04700	0.01052	0.05098	0.06351	0.41220	0.02313	0.02130	0.01550	0.00835	0.00673	0.00215	0.00650	0.00645	0.00745	0.10290
21	0.01998	0.01659	0.01842	0.12021	0.02411	0.11868	0.04319	0.10565	0.11810	0.10622	0.02514	0.14476	0.02278	0.01206	0.00801	0.00252	0.00808	0.06980	0.00619	0.00948
22	0.01056	0.00737	0.00875	0.00868	0.00928	0.00736	0.00551	0.01148	0.01268	0.01707	0.10602	0.04890	0.08890	0.50307	0.11800	0.00682	0.00809	0.01117	0.00507	0.00522
23	0.01752	0.02003	0.04380	0.03129	0.03880	0.01877	0.66583	0.02378	0.01752	0.02378	0.01502	0.02003	0.01126	0.00626	0.00876	0.00250	0.01252	0.00876	0.00375	0.01001
24	0.01021	0.01000	0.05649	0.01023	0.01254	0.00831	0.00842	0.01256	0.01556	0.02008	0.09363	0.13417	0.34587	0.08426	0.07336	0.00386	0.04172	0.04604	0.00608	0.00661
25	0.08259	0.01467	0.04093	0.12531	0.04235	0.04055	0.08737	0.01826	0.01462	0.02114	0.01993	0.09884	0.02000	0.01322	0.01275	0.03278	0.17345	0.12885	0.00449	0.00791
26	0.01288	0.01114	0.01893	0.01821	0.06166	0.01107	0.13917	0.01662	0.01605	0.02140	0.03198	0.05451	0.08603	0.02418	0.15842	0.00489	0.01058	0.28917	0.00543	0.00767
27	0.01066	0.00794	0.01123	0.01132	0.01224	0.00900	0.00837	0.01263	0.01198	0.01694	0.02267	0.11648	0.02343	0.17505	0.47841	0.00969	0.04137	0.00999	0.00439	0.00622
28	0.04268	0.01347	0.02057	0.04526	0.04926	0.03464	0.16318	0.02087	0.11298	0.02408	0.07887	0.13585	0.06993	0.01359	0.00867	0.00271	0.00760	0.14138	0.00589	0.00851
29	0.01295	0.00842	0.01106	0.01155	0.01319	0.00823	0.00880	0.01567	0.03690	0.09514	0.08013	0.37262	0.09941	0.01944	0.00985	0.00293	0.03434	0.14503	0.00708	0.00726
30	0.01451	0.01370	0.02316	0.64441	0.12410	0.01662	0.02086	0.01940	0.01508	0.01957	0.01328	0.01963	0.01011	0.00733	0.00741	0.00244	0.00977	0.00660	0.00334	0.00865
31	0.01073	0.00754	0.01023	0.01064	0.01162	0.00806	0.00782	0.01276	0.01296	0.01834	0.04186	0.14849	0.02845	0.18606	0.33535	0.00790	0.01218	0.06613	0.05673	0.00614
32	0.04388	0.14122	0.13327	0.01661	0.02286	0.05997	0.01567	0.34143	0.02544	0.03387	0.01740	0.02252	0.01423	0.00920	0.00709	0.00224	0.00868	0.06778	0.00570	0.01094
33	0.01788	0.02005	0.03889	0.02916	0.05667	0.05831	0.53828	0.02462	0.06177	0.02377	0.01679	0.04746	0.01339	0.00726	0.00854	0.00248	0.01169	0.00891	0.00413	0.00995
34	0.01061	0.00795	0.01193	0.01193	0.01326	0.00928	0.00928	0.01326	0.01193	0.01723	0.01988	0.02916	0.01856	0.05568	0.70968	0.01193	0.01988	0.00795	0.00398	0.00663
35	0.00956	0.00769	0.00861	0.00878	0.01104	0.00674	0.00685	0.01195	0.01763	0.02200	0.17131	0.07071	0.48642	0.01847	0.00900	0.00262	0.00420	0.11287	0.00710	0.00648
36	0.02094	0.56409	0.03402	0.01393	0.01968	0.13412	0.01287	0.02502	0.07927	0.01887	0.01239	0.01364	0.01078	0.00691	0.00533	0.00173	0.00859	0.00452	0.00369	0.00960
37	0.03331	0.01263	0.01723	0.01321	0.01895	0.01091	0.01091	0.03618	0.02125	0.69794	0.02929	0.02527	0.01838	0.00919	0.00747	0.00230	0.00632	0.00747	0.00919	0.01263
38	0.00914	0.00654	0.00870	0.01027	0.01079	0.00610	0.00690	0.01059	0.01468	0.01969	0.08511	0.68796	0.05053	0.02271	0.00943	0.00297	0.00425	0.02058	0.00698	0.00610
39	0.02428	0.01179	0.01732	0.01417	0.01854	0.01068	0.07164	0.02799	0.05154	0.41013	0.05164	0.20367	0.02725	0.01267	0.00814	0.00251	0.00629	0.01124	0.00799	0.01051
40	0.01624	0.01624	0.02274	0.01949	0.01949	0.02274	0.01624	0.01787	0.01137	0.01787	0.00975	0.01624	0.00975	0.01299	0.02436	0.00325	0.72552	0.00650	0.00325	0.00812
41	0.00959	0.00715	0.00897	0.00966	0.01101	0.00653	0.00699	0.01178	0.01691	0.02245	0.23025	0.35358	0.19543	0.01982	0.00917	0.00274	0.00413	0.06016	0.00725	0.00641
42	0.01002	0.00719	0.00906	0.01009	0.01065	0.00710	0.00666	0.01203	0.04592	0.01832	0.03495	0.49255	0.04073	0.20265	0.05233	0.00449	0.00590	0.01724	0.00618	0.00596
43	0.02786	0.02368	0.02077	0.01687	0.02198	0.22063	0.01349	0.39732	0.02879	0.09449	0.01728	0.01764	0.01253	0.00856	0.00711	0.00212	0.00931	0.00621	0.04217	0.01119
44	0.01932	0.01637	0.01727	0.01528	0.01963	0.01886	0.01196	0.09437	0.62307	0.03243	0.02913	0.02683	0.02178	0.00997	0.00754	0.00249	0.00608	0.00824	0.00754	0.01183
45	0.79154	0.01436	0.01091	0.00976	0.01436	0.01665	0.00804	0.02182	0.01263	0.03331	0.01034	0.01206	0.00804	0.00689	0.00459	0.00230	0.00574	0.00402	0.00459	0.00804
46	0.01726	0.02182	0.10810	0.03030	0.03815	0.01862	0.60334	0.02375	0.01734	0.02375	0.01485	0.01960	0.01108	0.00634	0.00859	0.00249	0.01236	0.00844	0.00369	0.01011
47	0.79154	0.01436	0.01091	0.00976	0.01436	0.01665	0.00804	0.02182	0.01263	0.03331	0.01034	0.01206	0.00804	0.00689	0.00459	0.00230	0.00574	0.00402	0.00459	0.00804
48	0.01039	0.00758	0.00977	0.00922	0.01102	0.00696	0.00692	0.01379	0.02075	0.02913	0.64872	0.05650	0.11060	0.01541	0.00876	0.00235	0.00352	0.01357	0.00809	0.00696
49	0.01018	0.00758	0.00948	0.00900	0.01089	0.00687	0.00675	0.01339	0.02025	0.02796	0.57477	0.05843	0.18528	0.01585	0.00876	0.00237	0.00355	0.01384	0.00793	0.00687
50	0.00984	0.00701	0.00905	0.01046	0.01121	0.00665	0.00721	0.02951	0.01506	0.02018	0.04101	0.64110	0.07145	0.02213	0.00930	0.00295	0.00447	0.04536	0.02975	0.00629
51	0.02027	0.21442	0.29086	0.01879	0.02632	0.20043	0.05109	0.05645	0.01795	0.02175	0.01239	0.01445	0.00973	0.00708	0.00648	0.00205	0.01077	0.00514	0.00357	0.01003
52	0.01402	0.01319	0.02227	0.72126	0.05113	0.01649	0.02062	0.01897	0.01484	0.01897	0.01319	0.01979	0.00990	0.00742	0.00742	0.00247	0.00990	0.00660	0.00330	0.00825
53	0.02265	0.01565	0.01657	0.01339	0.01775	0.01710	0.01084	0.40683	0.05981	0.03925	0.02070	0.02180	0.01538	0.00888	0.00664	0.00207	0.00639	0.00685	0.28089	0.01056
54	0.01280	0.00985	0.01154	0.00951	0.01321	0.00817	0.00721	0.01574	0.01674	0.02488	0.21650	0.03635	0.08978	0.07966	0.00977	0.00223	0.00472	0.00887	0.08702	0.33548
55	0.01111	0.00786	0.01151	0.01143	0.01240	0.00899	0.00859	0.01260	0.01147	0.01633	0.01887	0.02953	0.01821	0.10975	0.52938	0.13047	0.03374	0.00793	0.00389	0.00595
56	0.02689	0.02013	0.02153	0.01681	0.02251	0.02240	0.01379	0.58224	0.12288	0.04464	0.01951	0.01917	0.01399	0.00907	0.00744	0.00227	0.00786	0.00692	0.00744	0.01251
57	0.01980	0.64863	0.09596	0.01364	0.02038	0.02802	0.01405	0.05212	0.01605	0.01935	0.01093	0.01251	0.00966	0.00653	0.00509	0.00168	0.00821	0.00423	0.00337	0.00980
58	0.01308	0.00863	0.01115	0.05740	0.01361	0.00909	0.00773	0.01440	0.01284	0.07570	0.02626	0.04315	0.06888	0.41267	0.13532	0.00657	0.03828	0.03414	0.00495	0.00615
59	0.07858	0.00817	0.00977	0.00920	0.01127	0.00777	0.00696	0.01436	0.01988	0.02912	0.56899	0.05324	0.12582	0.01481	0.00839	0.00235	0.00372	0.01283	0.00773	0.00702
60	0.01078	0.00726	0.00843	0.00843	0.00855	0.00738	0.00492	0.01101	0.01089	0.01464	0.02308	0.04688	0.02625	0.67939	0.09649	0.00761	0.00831	0.01055	0.00445	0.00468
61	0.01752	0.00929	0.01250	0.01218	0.01480	0.00867	0.00969	0.02069	0.03757	0.22344	0.10089	0.24975	0.03943	0.01709	0.00897	0.00283	0.00559	0.19289	0.00771	0.00849
62	0.01532	0.03299	0.53302	0.05750	0.07638	0.01778	0.05524	0.02276	0.01542	0.02286	0.01312	0.01631	0.00970	0.00752	0.00868	0.00243	0.07328	0.00586	0.00322	0.01060
63	0.03113	0.01312	0.01716	0.01349	0.01900	0.01202	0.01103	0.03666	0.11777	0.60013	0.02942	0.02562	0.01900	0.00932	0.00748	0.00233	0.00625	0.00760	0.00895	0.01250
64	0.01196	0.00854	0.01196	0.01367	0.01538	0.00854	0.01196	0.01538	0.01709	0.02222	0.03931	0.08374	0.04272	0.02051	0.01025	0.00342	0.00684	0.64283	0.00684	0.00684
65	0.01237	0.01149	0.05839	0.01255	0.01421	0.01146	0.01012	0.01610	0.06906	0.01922	0.06724	0.05816	0.02524	0.23841	0.21182	0.00661	0.10539	0.04043	0.00480	0.00694
66	0.02291	0.05931	0.02416	0.11492	0.20117	0.21224	0.01685	0.12337	0.06492	0.06658	0.01559	0.01779	0.01205	0.00773	0.00707	0.00216	0.00974	0.00614	0.00480	0.01049
67	0.06309	0.01766	0.02501	0.01912	0.02436	0.06009	0.19291	0.16327	0.02133	0.17541	0.01874	0.02032	0.01347	0.00836	0.00875	0.00234	0.06610	0.00718	0.08200	0.01050
68	0.63435	0.01609	0.01429	0.01548	0.11262	0.05832	0.01054	0.02243	0.01375	0.03110	0.01093	0.01305	0.00867	0.00690	0.00512	0.00226	0.00664	0.00444	0.00442	0.00861
69	0.01063	0.00786	0.01147	0.01147	0.01264	0.00903	0.00871	0.01296	0.01180	0.01690	0.02030	0.03148	0.01956	0.13712	0.62961	0.01137	0.01837	0.00829	0.00404	0.00637
70	0.00945	0.00735	0.00868	0.00935	0.01107	0.00657	0.00699	0.01153	0.01655	0.02098	0.12138	0.26684	0.35288	0.01998	0.00918	0.00276	0.00431	0.10080	0.00701	0.00635
71	0.02601	0.01956	0.02182	0.08374	0.02534	0.02152	0.01438	0.56287	0.03169	0.04263	0.01707	0.01785	0.01226	0.00854	0.00730	0.00218	0.00816	0.00652	0.00683	0.06375
72	0.01748	0.01688	0.02543	0.20543	0.39141	0.05075	0.01975	0.02293	0.06164	0.02311	0.01469	0.01883	0.01186	0.00699	0.00717	0.00217	0.00879	0.00643	0.00392	0.08433
73	0.28910	0.01878	0.15480	0.06449	0.08146	0.01521	0.04507	0.02353	0.01564	0.12820	0.01741	0.04257	0.01406	0.00867	0.00668	0.00242	0.00777	0.04953	0.00501	0.00961
74	0.02435	0.01102	0.01437	0.01168	0.01590	0.00996	0.00939	0.05880	0.02135	0.40528	0.22446	0.03524	0.05169	0.01117	0.00773	0.00227	0.00532	0.00937	0.06023	0.01042
75	0.01399	0.01283	0.02110	0.25453	0.13210	0.01462	0.06046	0.01780	0.01533	0.02100	0.07700	0.09546	0.02214	0.01481	0.06643	0.00339	0.09294	0.05131	0.00444	0.00835
76	0.02266	0.06892	0.02599	0.05642	0.16644	0.10557	0.07429	0.27002	0.04424	0.03132	0.01677	0.05288	0.01371	0.00853	0.00737	0.00222	0.00915	0.00720	0.00536	0.01095
77	0.03992	0.01448	0.07487	0.01600	0.08167	0.04769	0.01204	0.02024	0.06031	0.08376	0.21945	0.03399	0.03218	0.08562	0.09320	0.00395	0.05715	0.00912	0.00584	0.00853
78	0.01062	0.00789	0.01160	0.01160	0.01281	0.00910	0.00886	0.01304	0.01183	0.01699	0.02019	0.03086	0.01930	0.11539	0.65098	0.01152	0.01878	0.00820	0.00402	0.00644
79	0.01652	0.05561	0.07827	0.01611	0.01968	0.15543	0.05652	0.05109	0.01612	0.02023	0.01774	0.02610	0.01610	0.02998	0.32162	0.00660	0.03387	0.05014	0.00416	0.00813
80	0.01694	0.17308	0.29744	0.01905	0.05577	0.01939	0.04276	0.06598	0.06234	0.02423	0.04222	0.02365	0.01598	0.00898	0.00795	0.00234	0.04576	0.06167	0.00430	0.01018
81	0.01059	0.00789	0.00977	0.01004	0.01152	0.00771	0.00762	0.01297	0.01667	0.02257	0.20204	0.18301	0.19858	0.06562	0.01160	0.00300	0.04148	0.11232	0.05849	0.00651
82	0.01416	0.01333	0.01919	0.42425	0.08203	0.06014	0.01652	0.01831	0.01652	0.02141	0.15163	0.06342	0.02448	0.01133	0.03048	0.00272	0.00880	0.00865	0.00455	0.00809
83	0.13618	0.10005	0.07546	0.04447	0.06972	0.12521	0.11282	0.02498	0.04413	0.10604	0.02060	0.02190	0.07079	0.00832	0.00689	0.00222	0.00887	0.00686	0.00485	0.00964
84	0.06171	0.02399	0.01724	0.01562	0.01897	0.37858	0.01202	0.04924	0.03700	0.04950	0.06803	0.02778	0.09508	0.01052	0.00819	0.00222	0.05126	0.03645	0.02815	0.00844
85	0.07360	0.01583	0.01679	0.01447	0.01902	0.01769	0.01146	0.13225	0.43905	0.09655	0.02919	0.02714	0.05392	0.01004	0.00739	0.00244	0.00615	0.00812	0.00745	0.01143
86	0.01063	0.01013	0.04359	0.01380	0.08080	0.00844	0.03549	0.01292	0.01557	0.01997	0.04930	0.25131	0.31938	0.08075	0.01129	0.00303	0.00542	0.01516	0.00606	0.00696
87	0.12489	0.11792	0.09520	0.01513	0.01956	0.03843	0.06943	0.03863	0.05082	0.02336	0.05271	0.05806	0.04312	0.04990	0.07552	0.00346	0.08014	0.00765	0.00456	0.03151
88	0.01491	0.02620	0.38884	0.06512	0.02760	0.01492	0.04513	0.02099	0.01537	0.05313	0.01896	0.05732	0.04630	0.01299	0.06951	0.00320	0.04565	0.00727	0.00399	0.06258
89	0.01066	0.00701	0.00928	0.01042	0.01125	0.00655	0.00719	0.01221	0.01498	0.05439	0.08606	0.56994	0.04722	0.07064	0.01129	0.00323	0.00467	0.04969	0.00694	0.00637
90	0.01093	0.00819	0.01130	0.01330	0.04773	0.00773	0.00953	0.01323	0.01539	0.02067	0.03711	0.43144	0.04246	0.02028	0.00935	0.00298	0.00546	0.22670	0.00654	0.05969
91	0.01453	0.01347	0.02252	0.46913	0.19910	0.01552	0.01957	0.01896	0.01536	0.02035	0.01687	0.08617	0.01512	0.00916	0.00770	0.00249	0.00902	0.03228	0.00385	0.00883
92	0.01539	0.01319	0.01539	0.01100	0.01759	0.00990	0.00880	0.01869	0.01539	0.02419	0.01319	0.01539	0.01100	0.00550	0.00550	0.00110	0.00550	0.00440	0.00440	0.78449
93	0.01624	0.01624	0.02274	0.01949	0.01949	0.02274	0.01624	0.01787	0.01137	0.01787	0.00975	0.01624	0.00975	0.01299	0.02436	0.00325	0.72552	0.00650	0.00325	0.00812
94	0.00924	0.00661	0.00879	0.01020	0.01081	0.00616	0.00691	0.01083	0.01513	0.02041	0.12838	0.64263	0.05193	0.02217	0.00938	0.00292	0.00420	0.02007	0.00706	0.00616
95	0.01038	0.00746	0.00895	0.00865	0.01055	0.00678	0.00646	0.01340	0.01918	0.02674	0.44135	0.07774	0.22130	0.01565	0.00840	0.00233	0.00359	0.01354	0.09078	0.00678
96	0.00891	0.00753	0.00771	0.00767	0.01011	0.00633	0.00575	0.01092	0.01725	0.02084	0.12464	0.07016	0.63985	0.01851	0.00877	0.00249	0.00374	0.01549	0.00700	0.00633
97	0.01061	0.00795	0.01193	0.01193	0.01326	0.00928	0.00928	0.01326	0.01193	0.01723	0.01988	0.02916	0.01856	0.05568	0.70968	0.01193	0.01988	0.00795	0.00398	0.00663
98	0.00904	0.00646	0.00861	0.01034	0.01077	0.00603	0.00689	0.01034	0.01421	0.01895	0.04092	0.73426	0.04910	0.02326	0.00948	0.00301	0.00431	0.02110	0.00689	0.00603
99	0.01985	0.74357	0.03890	0.01270	0.01905	0.02937	0.01270	0.02223	0.01508	0.01747	0.01032	0.01191	0.00953	0.00635	0.00476	0.00159	0.00794	0.00397	0.00318	0.00953
100	0.01389	0.00821	0.01077	0.01015	0.01233	0.00749	0.00770	0.01688	0.01952	0.13130	0.41911	0.16315	0.07635	0.01574	0.00865	0.00247	0.00421	0.03778	0.02661	0.00769
101	0.01566	0.01344	0.01552	0.01135	0.01774	0.01064	0.00905	0.02051	0.07341	0.02479	0.01468	0.01647	0.01201	0.00590	0.00568	0.00122	0.00553	0.00475	0.00467	0.71697
102	0.01298	0.00853	0.01106	0.00983	0.01237	0.00761	0.00751	0.01641	0.02054	0.08938	0.57051	0.04924	0.06024	0.01379	0.00836	0.00222	0.00393	0.01210	0.00793	0.07545
103	0.02010	0.21972	0.18974	0.01972	0.10363	0.04165	0.03434	0.10295	0.01860	0.07142	0.01422	0.01591	0.01098	0.00700	0.00639	0.00195	0.00869	0.00543	0.00435	0.10323
104	0.04130	0.01596	0.02030	0.02412	0.24318	0.07488	0.01455	0.02725	0.12939	0.16533	0.11819	0.04930	0.02432	0.00960	0.00755	0.00230	0.00721	0.00832	0.00626	0.01069
105	0.01097	0.00837	0.01017	0.00958	0.01169	0.00796	0.00723	0.01585	0.08249	0.02827	0.52460	0.05549	0.16867	0.01530	0.00865	0.00238	0.00377	0.01332	0.00790	0.00733
106	0.01612	0.01559	0.02833	0.03172	0.31158	0.01521	0.20012	0.03767	0.01703	0.02353	0.02134	0.16913	0.02106	0.01078	0.00835	0.00252	0.00881	0.04664	0.00464	0.00983
107	0.01875	0.18775	0.34241	0.02209	0.10724	0.01937	0.07242	0.02463	0.01648	0.10044	0.01472	0.01662	0.01090	0.00703	0.00676	0.00217	0.00963	0.00577	0.00396	0.01086
108	0.02078	0.02077	0.02450	0.27818	0.15750	0.20651	0.06371	0.04469	0.01824	0.07401	0.01440	0.01816	0.01099	0.00744	0.00731	0.00225	0.01050	0.00633	0.00413	0.00960
109	0.00883	0.00752	0.00760	0.00758	0.01006	0.00629	0.00568	0.01076	0.01705	0.02036	0.09450	0.07094	0.67030	0.01869	0.00877	0.00250	0.00375	0.01560	0.00693	0.00629
110	0.01749	0.01829	0.07379	0.04040	0.56259	0.01680	0.04812	0.02217	0.01701	0.02430	0.04106	0.02290	0.01534	0.00764	0.00758	0.00229	0.00881	0.03823	0.00397	0.01121
111	0.01959	0.04173	0.08597	0.05428	0.37326	0.01676	0.06358	0.04039	0.05160	0.10532	0.01784	0.02212	0.01414	0.00777	0.00742	0.00229	0.00858	0.03115	0.02501	0.01120
112	0.01402	0.01319	0.02227	0.72126	0.05113	0.01649	0.02062	0.01897	0.01484	0.01897	0.01319	0.01979	0.00990	0.00742	0.00742	0.00247	0.00990	0.00660	0.00330	0.00825
113	0.33783	0.02181	0.01557	0.01374	0.01803	0.27777	0.01076	0.04539	0.01769	0.10640	0.01416	0.01534	0.01071	0.00763	0.00585	0.00211	0.00863	0.00499	0.05673	0.00886
114	0.01234	0.01170	0.01283	0.16982	0.02091	0.08631	0.01034	0.01489	0.01638	0.01981	0.08829	0.15939	0.26816	0.04281	0.03083	0.00296	0.00689	0.01275	0.00566	0.00693
115	0.01848	0.18686	0.03857	0.01435	0.05811	0.01682	0.01157	0.11805	0.01867	0.04486	0.01914	0.02030	0.07042	0.00759	0.00611	0.00164	0.00668	0.00587	0.00485	0.33106
116	0.06521	0.07640	0.06324	0.01390	0.01617	0.01467	0.01200	0.01610	0.01243	0.01876	0.01628	0.02512	0.01544	0.05434	0.32727	0.04702	0.16450	0.02997	0.00382	0.00735
117	0.01489	0.03840	0.70064	0.02116	0.03213	0.01724	0.02743	0.02351	0.01567	0.02351	0.01332	0.01567	0.00940	0.00705	0.00705	0.00235	0.01097	0.00549	0.00313	0.01097
118	0.01206	0.00931	0.01301	0.01282	0.05419	0.00910	0.02904	0.01538	0.01955	0.04709	0.49208	0.05040	0.12965	0.01447	0.00968	0.00241	0.05243	0.01248	0.00732	0.00754
119	0.02375	0.14089	0.05932	0.02164	0.10054	0.39842	0.04999	0.04306	0.05652	0.02073	0.01307	0.01511	0.01070	0.00739	0.00666	0.00199	0.01130	0.00536	0.00397	0.00958
120	0.13029	0.01978	0.02058	0.01604	0.02174	0.02203	0.01322	0.56172	0.05206	0.04449	0.01721	0.01736	0.01232	0.00868	0.00705	0.00225	0.00777	0.00638	0.00705	0.01198
121	0.01820	0.01652	0.02620	0.03488	0.46560	0.01592	0.03886	0.02352	0.06193	0.04565	0.01542	0.01866	0.01253	0.00669	0.00703	0.00201	0.00797	0.00637	0.00426	0.17179
122	0.01788	0.00912	0.01218	0.01074	0.01365	0.00818	0.00828	0.02091	0.02028	0.24955	0.39323	0.12656	0.05045	0.01416	0.00841	0.00240	0.00453	0.01237	0.00836	0.00875
123	0.00987	0.00687	0.00844	0.00936	0.00971	0.00661	0.00595	0.01068	0.01292	0.01711	0.03458	0.39791	0.06271	0.33123	0.02166	0.00481	0.00560	0.03274	0.00586	0.00540
124	0.02039	0.01832	0.01778	0.01570	0.02005	0.08501	0.01225	0.10539	0.54786	0.03150	0.02710	0.02528	0.02034	0.00972	0.00746	0.00243	0.00684	0.00787	0.00718	0.01154
125	0.01713	0.17885	0.09072	0.05065	0.10448	0.01776	0.01492	0.06259	0.09505	0.02444	0.03673	0.02857	0.01854	0.00942	0.00700	0.00216	0.00757	0.10569	0.00490	0.12284
126	0.02053	0.09502	0.14886	0.02695	0.18691	0.04584	0.18015	0.02554	0.01752	0.13720	0.01622	0.01855	0.01201	0.00702	0.00733	0.00222	0.00970	0.00670	0.00451	0.03121
127	0.01067	0.00772	0.01073	0.01073	0.01163	0.00862	0.00778	0.01248	0.01157	0.01634	0.02099	0.03527	0.02121	0.27059	0.49840	0.01044	0.01589	0.00885	0.00414	0.00596
128	0.00904	0.00646	0.00861	0.01034	0.01077	0.00603	0.00689	0.01034	0.01421	0.01895	0.04092	0.73426	0.04910	0.02326	0.00948	0.00301	0.00431	0.02110	0.00689	0.00603
129	0.04410	0.01709	0.02123	0.07215	0.09995	0.01885	0.04619	0.22372	0.26117	0.05413	0.02239	0.04921	0.01732	0.00933	0.00752	0.00240	0.00748	0.00789	0.00651	0.01137
130	0.01877	0.38294	0.17037	0.01666	0.05620	0.05711	0.01598	0.05027	0.07878	0.02231	0.05472	0.01746	0.01466	0.00756	0.00608	0.00195	0.00843	0.00556	0.00411	0.01008
131	0.00982	0.00745	0.00921	0.01016	0.01173	0.00684	0.00779	0.01204	0.01642	0.02105	0.10500	0.28755	0.26534	0.02039	0.00938	0.00289	0.00471	0.17884	0.00698	0.00640
132	0.01639	0.08395	0.59718	0.02024	0.03046	0.01856	0.02528	0.07974	0.01731	0.02514	0.01352	0.01561	0.00969	0.00717	0.00693	0.00229	0.01052	0.00549	0.00351	0.01102
133	0.01831	0.01847	0.05714	0.16699	0.10762	0.08531	0.10019	0.02629	0.16118	0.05944	0.03717	0.02192	0.01545	0.01002	0.03145	0.00274	0.05819	0.00731	0.00485	0.00996
134	0.06288	0.01456	0.04527	0.01692	0.05282	0.03456	0.12217	0.05194	0.06677	0.12889	0.04937	0.08366	0.09924	0.09814	0.01154	0.00304	0.00752	0.03566	0.00601	0.00904
135	0.01129	0.00865	0.01236	0.01221	0.01378	0.01008	0.00950	0.01554	0.07025	0.01844	0.02079	0.02904	0.01892	0.05169	0.64833	0.01111	0.01866	0.00799	0.00429	0.00708
136	0.01837	0.01764	0.03013	0.04557	0.69279	0.01764	0.02278	0.02278	0.01690	0.02425	0.01396	0.01837	0.01176	0.00661	0.00735	0.00220	0.00882	0.00661	0.00367	0.01176
