[name]
unknown

[dist]
# distance from previous block
# <min> <max>
11	205

[block]
# block no. 0 follows, 34 sequences, length 36
# corresponding to MSA columns:
# 294-329
name=unknown_A
#
# <colnr> <probs for GDERKNQSTAVLIFYWHMCP>
#	G	D	E	R	K	N	Q	S	T	A	V	L	I	F	Y	W	H	M	C	P
0	0.03471	0.01813	0.04275	0.08031	0.09881	0.15936	0.10953	0.10165	0.10791	0.08404	0.01572	0.04225	0.01237	0.00744	0.00700	0.00201	0.03547	0.00627	0.00452	0.02975
1	0.01804	0.03435	0.05338	0.01467	0.07386	0.09108	0.01124	0.21579	0.05773	0.06848	0.08836	0.06730	0.01960	0.00897	0.00640	0.00192	0.00644	0.03766	0.07121	0.05349
2	0.01725	0.12222	0.05780	0.01582	0.08549	0.06023	0.07115	0.12853	0.03430	0.09724	0.09900	0.08072	0.03999	0.02811	0.00710	0.00203	0.00673	0.00749	0.00500	0.03378
3	0.03665	0.09414	0.07205	0.04007	0.08849	0.08874	0.03099	0.12430	0.07728	0.09163	0.03497	0.01640	0.01236	0.00667	0.00584	0.00172	0.00700	0.00531	0.00460	0.16077
4	0.03792	0.09909	0.11647	0.05286	0.08174	0.08210	0.06508	0.13417	0.07515	0.07457	0.01683	0.04183	0.03779	0.00742	0.00616	0.00190	0.00753	0.00610	0.00449	0.05079
5	0.03246	0.03831	0.10495	0.01984	0.20497	0.05064	0.01391	0.09458	0.07402	0.04498	0.04037	0.01862	0.01347	0.00782	0.02354	0.00197	0.00709	0.02654	0.00429	0.17763
6	0.04410	0.09845	0.13090	0.01643	0.02205	0.08701	0.15047	0.11823	0.04280	0.07450	0.03422	0.01600	0.01156	0.00669	0.00666	0.00187	0.03532	0.00560	0.00423	0.09291
7	0.03491	0.11241	0.11527	0.03789	0.12459	0.05975	0.07027	0.07633	0.03681	0.08006	0.01544	0.07018	0.01315	0.00747	0.00611	0.00186	0.00733	0.02227	0.00420	0.10370
8	0.09893	0.08315	0.10992	0.03856	0.13103	0.06968	0.01316	0.13543	0.03899	0.02427	0.05260	0.04327	0.03363	0.00742	0.00589	0.00183	0.00691	0.00590	0.00429	0.09512
9	0.03631	0.07947	0.11015	0.05348	0.13111	0.19243	0.01408	0.13291	0.01764	0.02235	0.03180	0.03238	0.03379	0.00712	0.00598	0.00179	0.00811	0.00552	0.00397	0.07961
10	0.03609	0.17561	0.12071	0.01606	0.10106	0.03800	0.01313	0.18249	0.05191	0.06265	0.01578	0.01829	0.03289	0.06193	0.02849	0.00237	0.00744	0.00566	0.00441	0.02501
11	0.27710	0.10437	0.04005	0.08053	0.12122	0.11937	0.03600	0.05517	0.01409	0.02238	0.01030	0.01287	0.00838	0.00654	0.00650	0.00195	0.06708	0.00457	0.00352	0.00803
12	0.13826	0.04231	0.04599	0.09714	0.35395	0.05705	0.06666	0.03660	0.01443	0.02179	0.01146	0.01468	0.00929	0.00588	0.00591	0.00188	0.00766	0.00522	0.00339	0.06044
13	0.01436	0.01195	0.01543	0.05718	0.10729	0.00984	0.00987	0.01742	0.01377	0.05305	0.01220	0.01434	0.00989	0.00515	0.00516	0.00119	0.00540	0.00430	0.00388	0.62834
14	0.05550	0.03853	0.04312	0.04261	0.06162	0.05469	0.03628	0.30415	0.19508	0.03014	0.01828	0.01854	0.03464	0.00769	0.00630	0.00197	0.00687	0.00613	0.00547	0.03238
15	0.01655	0.02017	0.20453	0.01607	0.02247	0.08284	0.13918	0.05955	0.01576	0.08926	0.01517	0.01672	0.03591	0.00632	0.00610	0.00172	0.00791	0.00551	0.00402	0.23425
16	0.04131	0.08447	0.50258	0.01769	0.04902	0.01544	0.05341	0.04189	0.03592	0.03916	0.05019	0.01596	0.01172	0.00659	0.00611	0.00200	0.00855	0.00532	0.00341	0.00927
17	0.01687	0.18019	0.03344	0.02385	0.10567	0.10914	0.39791	0.02095	0.01512	0.01897	0.01172	0.01505	0.00935	0.00565	0.00653	0.00192	0.00979	0.00610	0.00316	0.00864
18	0.00793	0.00567	0.00755	0.00896	0.00938	0.00529	0.00600	0.00914	0.01264	0.01692	0.06685	0.73626	0.04356	0.01993	0.00822	0.00260	0.00372	0.01807	0.00605	0.00529
19	0.01556	0.17675	0.16539	0.03976	0.06134	0.03953	0.18300	0.03977	0.05624	0.03765	0.01433	0.05082	0.01216	0.00739	0.00718	0.00203	0.05125	0.02757	0.00363	0.00866
20	0.01541	0.01551	0.01952	0.23861	0.13612	0.11721	0.01520	0.03733	0.04812	0.01849	0.03351	0.01680	0.01118	0.00812	0.01049	0.00222	0.21955	0.00577	0.02299	0.00785
21	0.01167	0.00725	0.00893	0.00813	0.01039	0.00641	0.00623	0.01418	0.01719	0.13079	0.41164	0.04872	0.26698	0.01342	0.00746	0.00207	0.00349	0.01152	0.00689	0.00663
22	0.01012	0.00804	0.00981	0.00964	0.01050	0.04354	0.00697	0.01164	0.01096	0.01496	0.06117	0.04929	0.02126	0.27563	0.39649	0.00771	0.03499	0.00811	0.00386	0.00530
23	0.04197	0.20387	0.12210	0.06166	0.04346	0.23603	0.06101	0.03784	0.01508	0.01789	0.01186	0.05670	0.01051	0.00723	0.00654	0.00185	0.04768	0.00538	0.00330	0.00803
24	0.01334	0.01026	0.01123	0.01017	0.01274	0.03538	0.00782	0.04239	0.23799	0.06034	0.35448	0.03669	0.07785	0.01106	0.00698	0.00205	0.00425	0.00944	0.04775	0.00779
25	0.00787	0.00562	0.00750	0.00900	0.00937	0.00525	0.00600	0.00900	0.01237	0.01649	0.03561	0.76871	0.04274	0.02024	0.00825	0.00262	0.00375	0.01837	0.00600	0.00525
26	0.03994	0.01612	0.05498	0.18650	0.10323	0.01669	0.03981	0.33879	0.02166	0.07526	0.01496	0.01783	0.01114	0.00734	0.00649	0.00203	0.00758	0.02498	0.00502	0.00965
27	0.03657	0.09584	0.19961	0.07937	0.08842	0.13889	0.06479	0.02089	0.07761	0.01985	0.05954	0.03637	0.04003	0.00748	0.00623	0.00195	0.00821	0.00618	0.00377	0.00841
28	0.03991	0.26897	0.02131	0.01265	0.01694	0.07405	0.01071	0.06760	0.35101	0.02289	0.01843	0.01916	0.01471	0.00766	0.00570	0.00189	0.00634	0.02591	0.00497	0.00920
29	0.00823	0.00587	0.00780	0.00908	0.00963	0.00553	0.00628	0.00962	0.01294	0.01734	0.09174	0.62825	0.04309	0.04699	0.00915	0.00274	0.00396	0.07043	0.00601	0.00532
30	0.01333	0.01120	0.01301	0.00938	0.01490	0.00848	0.00749	0.01621	0.01341	0.02121	0.01199	0.01396	0.00994	0.00493	0.00477	0.00099	0.00469	0.00394	0.04632	0.76986
31	0.04358	0.01633	0.04382	0.06595	0.40439	0.09120	0.05748	0.02025	0.03921	0.04643	0.01623	0.04155	0.04924	0.00724	0.00687	0.00200	0.02893	0.00648	0.00373	0.00910
32	0.00809	0.00580	0.00756	0.00875	0.00921	0.00551	0.00584	0.00919	0.01207	0.01605	0.03450	0.61939	0.07269	0.10006	0.04980	0.00339	0.00470	0.01660	0.00565	0.00515
33	0.00940	0.00626	0.00705	0.00705	0.00705	0.00626	0.00392	0.00940	0.00940	0.01253	0.02036	0.04228	0.02349	0.77292	0.03289	0.00626	0.00626	0.00940	0.00392	0.00392
34	0.01026	0.00830	0.00932	0.00877	0.01102	0.00822	0.00666	0.01640	0.18257	0.02326	0.33478	0.04737	0.28192	0.01325	0.00738	0.00212	0.00361	0.01133	0.00660	0.00685
35	0.01608	0.03536	0.11445	0.05121	0.22297	0.05486	0.24634	0.05507	0.07615	0.02163	0.01346	0.01649	0.01045	0.00628	0.00714	0.00205	0.03087	0.00625	0.00359	0.00930

[dist]
# distance from previous block
# <min> <max>
0	1

[block]
# block no. 1 follows, 34 sequences, length 75
# corresponding to MSA columns:
# 331-405
name=unknown_B
#
# <colnr> <probs for GDERKNQSTAVLIFYWHMCP>
#	G	D	E	R	K	N	Q	S	T	A	V	L	I	F	Y	W	H	M	C	P
0	0.01624	0.01296	0.01548	0.01273	0.04480	0.01229	0.03155	0.15242	0.12673	0.04824	0.01594	0.01873	0.01299	0.07914	0.00827	0.00195	0.00576	0.00557	0.00486	0.37336
1	0.00943	0.00747	0.01107	0.01109	0.01237	0.00729	0.06697	0.01130	0.01305	0.01720	0.03365	0.38520	0.09578	0.08932	0.01106	0.00298	0.02928	0.17437	0.00545	0.00566
2	0.01925	0.56190	0.02938	0.01267	0.01756	0.23339	0.01147	0.02121	0.01462	0.01538	0.00927	0.01074	0.00830	0.00585	0.00463	0.00146	0.00828	0.00366	0.00293	0.00806
3	0.00909	0.00686	0.00988	0.00988	0.01108	0.00775	0.00760	0.01123	0.01075	0.01513	0.02201	0.02960	0.08430	0.07621	0.64665	0.00943	0.01550	0.00767	0.00372	0.00566
4	0.05237	0.04064	0.01997	0.05669	0.15223	0.03292	0.01341	0.38108	0.13061	0.03199	0.01576	0.01656	0.01177	0.00731	0.00628	0.00196	0.00699	0.00583	0.00542	0.01022
5	0.00764	0.00655	0.00655	0.00655	0.00873	0.00545	0.00491	0.00927	0.01473	0.01745	0.06546	0.06218	0.73000	0.01636	0.00764	0.00218	0.00327	0.01364	0.00600	0.00545
6	0.00923	0.00692	0.01038	0.01038	0.01154	0.00808	0.00808	0.01154	0.01038	0.01500	0.01731	0.02538	0.01615	0.04846	0.74732	0.01038	0.01731	0.00692	0.00346	0.00577
7	0.01795	0.03189	0.01921	0.04228	0.01898	0.07576	0.01310	0.20627	0.10294	0.02378	0.01278	0.01556	0.01052	0.00939	0.01338	0.00237	0.36522	0.00574	0.00430	0.00857
8	0.01394	0.01412	0.06443	0.05432	0.09648	0.01167	0.11137	0.03848	0.01425	0.02109	0.02542	0.04219	0.01165	0.00615	0.00628	0.00153	0.03039	0.00551	0.00375	0.42697
9	0.04125	0.27181	0.12528	0.01488	0.01981	0.39081	0.01349	0.02278	0.01578	0.01662	0.00986	0.01149	0.00826	0.00620	0.00528	0.00164	0.00965	0.00400	0.00308	0.00803
10	0.00807	0.00611	0.00750	0.00847	0.00956	0.00554	0.00607	0.00957	0.01349	0.01727	0.05956	0.46157	0.26191	0.01863	0.00810	0.00250	0.00379	0.08087	0.00602	0.00540
11	0.00910	0.01199	0.15521	0.00935	0.01286	0.00755	0.00905	0.01229	0.01543	0.02025	0.22651	0.04877	0.41081	0.01348	0.00733	0.00212	0.00448	0.01134	0.00563	0.00645
12	0.00924	0.00621	0.00714	0.00727	0.00735	0.00616	0.00418	0.00945	0.00997	0.01334	0.04488	0.11151	0.02654	0.67667	0.02972	0.00578	0.00592	0.01032	0.00422	0.00411
13	0.01137	0.02031	0.35396	0.01461	0.02039	0.01143	0.07552	0.01646	0.01509	0.02137	0.21245	0.03053	0.13018	0.00964	0.00729	0.00209	0.02677	0.00822	0.00444	0.00787
14	0.02319	0.13358	0.02045	0.01588	0.01951	0.64758	0.01229	0.02491	0.01760	0.01573	0.00985	0.01147	0.00832	0.00650	0.00559	0.00163	0.01100	0.00406	0.00325	0.00760
15	0.02371	0.03008	0.01837	0.01666	0.01985	0.71589	0.01256	0.02536	0.01795	0.01580	0.00992	0.01176	0.00833	0.00686	0.00648	0.00171	0.04369	0.00423	0.00331	0.00747
16	0.00772	0.00647	0.00663	0.00674	0.00871	0.00547	0.00495	0.00926	0.01435	0.01719	0.06154	0.11165	0.65309	0.04664	0.00868	0.00238	0.00343	0.01381	0.00592	0.00538
17	0.01352	0.01260	0.01998	0.50543	0.17341	0.01481	0.01714	0.01986	0.12088	0.01900	0.01387	0.01803	0.01062	0.00667	0.00647	0.00211	0.00790	0.00598	0.00350	0.00823
18	0.78460	0.01328	0.00987	0.00885	0.01282	0.04581	0.00723	0.01928	0.01131	0.02843	0.00904	0.01055	0.00705	0.00603	0.00408	0.00198	0.00528	0.00353	0.00397	0.00702
19	0.01379	0.01216	0.04113	0.10090	0.11249	0.01235	0.01154	0.02265	0.27367	0.05382	0.15724	0.03111	0.09768	0.00975	0.00687	0.00212	0.00547	0.02108	0.00565	0.00854
20	0.01411	0.01259	0.01776	0.26823	0.09354	0.01475	0.02675	0.05659	0.21067	0.02205	0.09186	0.02211	0.01769	0.00912	0.02351	0.00235	0.07650	0.00686	0.00458	0.00838
21	0.01651	0.01369	0.01450	0.01279	0.01628	0.01564	0.00989	0.11755	0.56598	0.02738	0.02437	0.02475	0.01898	0.08126	0.00906	0.00255	0.00548	0.00732	0.00631	0.00972
22	0.01271	0.01221	0.07067	0.06442	0.10988	0.01101	0.03534	0.08251	0.07572	0.02516	0.35127	0.03380	0.06802	0.01024	0.00707	0.00204	0.00536	0.00902	0.00569	0.00784
23	0.81856	0.01250	0.00950	0.00850	0.01250	0.01449	0.00700	0.01899	0.01100	0.02899	0.00900	0.01050	0.00700	0.00600	0.00400	0.00200	0.00500	0.00350	0.00400	0.00700
24	0.00834	0.00642	0.00854	0.07962	0.01262	0.00621	0.00695	0.01000	0.01329	0.01737	0.09027	0.51708	0.16401	0.01771	0.00792	0.00246	0.00407	0.01582	0.00578	0.00553
25	0.03946	0.08223	0.01386	0.01109	0.01272	0.04818	0.03591	0.01337	0.01133	0.01555	0.01759	0.07410	0.01805	0.19099	0.29830	0.00623	0.06487	0.03654	0.00372	0.00592
26	0.01829	0.04709	0.02077	0.03147	0.01990	0.27436	0.07894	0.02038	0.01405	0.04717	0.01064	0.01417	0.00915	0.00962	0.03558	0.00243	0.30050	0.00525	0.00332	0.03692
27	0.00930	0.00688	0.01032	0.01032	0.01144	0.00800	0.00800	0.01144	0.01032	0.01488	0.01711	0.02520	0.01599	0.04761	0.72382	0.03647	0.01693	0.00688	0.00344	0.00567
28	0.01148	0.00940	0.00967	0.00894	0.01093	0.07695	0.00672	0.03562	0.01768	0.04806	0.46512	0.04513	0.17283	0.04300	0.00838	0.00219	0.00425	0.01087	0.00643	0.00635
29	0.01498	0.01418	0.02401	0.08280	0.61973	0.01433	0.01839	0.01859	0.01437	0.02038	0.01434	0.08760	0.01322	0.00718	0.00658	0.00200	0.00736	0.00695	0.00344	0.00956
30	0.01525	0.01743	0.03813	0.02723	0.03377	0.01634	0.70915	0.02070	0.01525	0.02070	0.01307	0.01743	0.00980	0.00545	0.00763	0.00218	0.01089	0.00763	0.00327	0.00871
31	0.01029	0.00697	0.00827	0.00802	0.01009	0.00613	0.00614	0.01245	0.01588	0.08824	0.24140	0.11547	0.37119	0.01512	0.00766	0.00221	0.00364	0.05815	0.00650	0.00618
32	0.02476	0.01124	0.01548	0.01419	0.08401	0.01028	0.01039	0.07268	0.01821	0.52702	0.02485	0.09081	0.01844	0.00930	0.00675	0.00209	0.00567	0.03648	0.00717	0.01019
33	0.00826	0.00578	0.00763	0.00876	0.00925	0.00549	0.00590	0.00912	0.01197	0.01587	0.03396	0.59009	0.08257	0.06083	0.04844	0.06480	0.00468	0.01604	0.00552	0.00503
34	0.00797	0.00569	0.00761	0.00911	0.00953	0.00533	0.00617	0.00917	0.01247	0.01661	0.03556	0.74111	0.04251	0.02015	0.00827	0.00264	0.00384	0.04497	0.00600	0.00528
35	0.01235	0.01149	0.01931	0.60425	0.12013	0.01387	0.01722	0.01642	0.01288	0.01689	0.01211	0.01786	0.00952	0.01037	0.07686	0.00291	0.00933	0.00586	0.00296	0.00739
36	0.01393	0.01116	0.01238	0.01176	0.01448	0.01237	0.00904	0.02589	0.45249	0.04597	0.02991	0.15523	0.05356	0.04435	0.00824	0.00251	0.00496	0.07690	0.00633	0.00854
37	0.00949	0.00709	0.00838	0.00795	0.00961	0.00662	0.00583	0.04654	0.01664	0.02239	0.39906	0.08049	0.23578	0.10309	0.01055	0.00259	0.00372	0.01194	0.00635	0.00588
38	0.75947	0.01238	0.00991	0.00872	0.01279	0.01412	0.00718	0.01993	0.01156	0.08198	0.01023	0.01136	0.00767	0.00615	0.00419	0.00200	0.00504	0.00372	0.00430	0.00730
39	0.01414	0.01414	0.01979	0.01696	0.01696	0.01979	0.01414	0.01555	0.00990	0.01555	0.00848	0.01414	0.00848	0.01131	0.02120	0.00283	0.76110	0.00565	0.00283	0.00707
40	0.00797	0.00590	0.00733	0.00834	0.00913	0.00539	0.00567	0.00924	0.01300	0.01696	0.07634	0.54635	0.18552	0.05925	0.00940	0.00270	0.00375	0.01657	0.00594	0.00526
41	0.01512	0.01435	0.02436	0.14954	0.58927	0.01479	0.01906	0.01899	0.01444	0.02031	0.01317	0.01908	0.01136	0.00648	0.00654	0.00201	0.00773	0.04057	0.00329	0.00954
42	0.00934	0.00648	0.00816	0.00816	0.00855	0.00687	0.00531	0.01011	0.00973	0.01335	0.01934	0.03664	0.02104	0.53081	0.27165	0.00764	0.00995	0.00857	0.00376	0.00453
43	0.02698	0.01049	0.01428	0.01126	0.01582	0.00909	0.00916	0.02935	0.01791	0.66861	0.02645	0.09296	0.01854	0.00916	0.00666	0.00206	0.00533	0.00763	0.00781	0.01045
44	0.00937	0.00680	0.00975	0.00975	0.01076	0.00774	0.00736	0.01140	0.01039	0.01506	0.01788	0.02761	0.01716	0.14435	0.61926	0.00945	0.01521	0.00722	0.03796	0.00553
45	0.00889	0.00659	0.00828	0.00786	0.00950	0.00599	0.00590	0.01170	0.01769	0.02448	0.61654	0.05063	0.17453	0.01374	0.00762	0.00206	0.00309	0.01202	0.00692	0.00599
46	0.01572	0.01516	0.02455	0.12588	0.59095	0.03275	0.01889	0.02038	0.05408	0.02075	0.01281	0.01649	0.01052	0.00603	0.00640	0.00196	0.00774	0.00580	0.00335	0.00979
47	0.00903	0.00618	0.00748	0.00806	0.00831	0.00606	0.00511	0.00963	0.01077	0.01432	0.02616	0.26294	0.03048	0.48029	0.02337	0.00488	0.00548	0.07223	0.00472	0.00450
48	0.01448	0.29465	0.49150	0.01583	0.02397	0.01872	0.01937	0.02007	0.01346	0.01861	0.01068	0.01249	0.00822	0.00592	0.00544	0.00181	0.00862	0.00431	0.00274	0.00911
49	0.00847	0.00655	0.00773	0.00750	0.00926	0.00580	0.00560	0.01087	0.01660	0.02207	0.42934	0.07907	0.33830	0.01476	0.00765	0.00211	0.00317	0.01273	0.00661	0.00580
50	0.00814	0.00582	0.00779	0.00920	0.00972	0.00547	0.00637	0.00950	0.01283	0.01713	0.06515	0.67986	0.04305	0.01974	0.00828	0.00263	0.00390	0.07403	0.00604	0.00534
51	0.01586	0.01532	0.02647	0.05925	0.68791	0.01536	0.04492	0.01977	0.01468	0.02097	0.01217	0.01608	0.01017	0.00577	0.00644	0.00194	0.00782	0.00582	0.00319	0.01009
52	0.00775	0.00658	0.00670	0.00676	0.00891	0.00553	0.00513	0.00944	0.01473	0.01753	0.06421	0.06261	0.70246	0.01642	0.00769	0.00221	0.00338	0.04049	0.00600	0.00547
53	0.01607	0.01388	0.01461	0.01315	0.01680	0.01607	0.01023	0.03433	0.72094	0.02703	0.02630	0.02411	0.01972	0.00877	0.00657	0.00219	0.00511	0.00731	0.00657	0.01023
54	0.01565	0.01129	0.01782	0.06664	0.16469	0.01105	0.08727	0.04568	0.01594	0.14350	0.02701	0.03855	0.10013	0.01085	0.00736	0.00229	0.00661	0.19837	0.02107	0.00821
55	0.01437	0.01452	0.01976	0.01696	0.01703	0.03670	0.01410	0.01579	0.01009	0.01556	0.00852	0.01408	0.00848	0.01120	0.02085	0.00280	0.74368	0.00562	0.00284	0.00708
56	0.01398	0.01221	0.01492	0.01179	0.03147	0.01090	0.02725	0.03308	0.10445	0.02169	0.01398	0.03613	0.01177	0.00632	0.00649	0.00138	0.06184	0.00500	0.00419	0.57116
57	0.01370	0.08947	0.62237	0.01836	0.02730	0.01602	0.06862	0.03524	0.01407	0.02051	0.01158	0.01368	0.00836	0.00608	0.00609	0.00200	0.00938	0.00489	0.00285	0.00943
58	0.01731	0.64630	0.10676	0.01222	0.01802	0.07528	0.01250	0.01992	0.01355	0.01580	0.00933	0.01080	0.00828	0.00567	0.00447	0.00147	0.00752	0.00364	0.00280	0.00837
59	0.21923	0.10294	0.01637	0.01210	0.01588	0.17386	0.00979	0.16300	0.01707	0.05497	0.01289	0.01548	0.01052	0.04240	0.08904	0.00294	0.00850	0.00492	0.02016	0.00797
60	0.01824	0.01496	0.01583	0.01359	0.01763	0.01709	0.01075	0.20743	0.54431	0.03053	0.02354	0.02191	0.01749	0.00851	0.00655	0.00213	0.00562	0.00692	0.00655	0.01042
61	0.00865	0.00659	0.00794	0.00760	0.00935	0.00588	0.00570	0.01123	0.01711	0.02311	0.50949	0.05287	0.28243	0.01425	0.00763	0.00208	0.00312	0.01233	0.00674	0.00588
62	0.01515	0.01462	0.02528	0.19176	0.55657	0.01518	0.04874	0.01916	0.01435	0.02011	0.01205	0.01632	0.00987	0.00589	0.00646	0.00198	0.00801	0.00583	0.00313	0.00952
63	0.00958	0.00680	0.00850	0.00813	0.00992	0.00616	0.00623	0.01228	0.01727	0.04829	0.51046	0.05208	0.20850	0.01404	0.00767	0.00213	0.00337	0.05567	0.00682	0.00611
64	0.01220	0.01148	0.01938	0.75739	0.04450	0.01436	0.01794	0.01651	0.01292	0.01651	0.01148	0.01723	0.00861	0.00646	0.00646	0.00215	0.00861	0.00574	0.00287	0.00718
65	0.01122	0.00561	0.00842	0.00842	0.00842	0.00561	0.00561	0.00842	0.00842	0.01122	0.01122	0.01964	0.01122	0.02245	0.02525	0.81201	0.00561	0.00561	0.00281	0.00281
66	0.01256	0.01185	0.02003	0.68918	0.10990	0.01445	0.01812	0.01682	0.01309	0.01695	0.01155	0.01711	0.00877	0.00639	0.00645	0.00213	0.00852	0.00574	0.00290	0.00747
67	0.00787	0.00655	0.00687	0.00679	0.00887	0.00555	0.00509	0.00972	0.01527	0.01875	0.16711	0.06005	0.62753	0.01588	0.00763	0.00216	0.00324	0.01334	0.00617	0.00555
68	0.01407	0.01432	0.01856	0.44179	0.07853	0.13195	0.04459	0.01770	0.01453	0.01793	0.07099	0.02088	0.04400	0.00740	0.00648	0.00203	0.00827	0.00639	0.03229	0.00729
69	0.74164	0.01194	0.00941	0.00846	0.01223	0.01370	0.00691	0.01835	0.01169	0.02870	0.07744	0.01409	0.01213	0.00668	0.00434	0.00200	0.00481	0.00428	0.00429	0.00691
70	0.00777	0.00647	0.00678	0.00687	0.00885	0.00549	0.00509	0.00947	0.01480	0.01801	0.11256	0.12014	0.62262	0.01645	0.00769	0.00221	0.00330	0.01389	0.00608	0.00549
71	0.02166	0.01693	0.01841	0.08493	0.02167	0.04054	0.01228	0.50028	0.10575	0.03477	0.01592	0.01639	0.01158	0.00751	0.00634	0.00191	0.00701	0.00579	0.00586	0.06445
72	0.51069	0.01324	0.01138	0.00998	0.01381	0.06756	0.00800	0.05635	0.01391	0.14468	0.01467	0.08480	0.01219	0.00782	0.00508	0.00203	0.00557	0.00558	0.00493	0.00774
73	0.01058	0.00771	0.00937	0.00966	0.01098	0.00779	0.00696	0.07799	0.07020	0.01922	0.03298	0.41724	0.10894	0.04562	0.03362	0.07188	0.00490	0.04270	0.00566	0.00600
74	0.01476	0.01404	0.02358	0.27206	0.48329	0.01505	0.01887	0.01927	0.03940	0.01983	0.01244	0.01668	0.01005	0.00609	0.00642	0.00200	0.00789	0.00581	0.00321	0.00924

[dist]
# distance from previous block
# <min> <max>
0	4

[block]
# block no. 2 follows, 34 sequences, length 6
# corresponding to MSA columns:
# 410-415
name=unknown_C
#
# <colnr> <probs for GDERKNQSTAVLIFYWHMCP>
#	G	D	E	R	K	N	Q	S	T	A	V	L	I	F	Y	W	H	M	C	P
0	0.00887	0.00617	0.00708	0.00738	0.00772	0.00596	0.00446	0.00930	0.01064	0.01393	0.02891	0.19213	0.11285	0.52864	0.02483	0.00503	0.00539	0.01173	0.00459	0.00437
1	0.01252	0.00969	0.00968	0.00965	0.01024	0.12332	0.00656	0.01139	0.01073	0.01294	0.01598	0.13942	0.01722	0.11037	0.02041	0.45808	0.00636	0.00785	0.00353	0.00407
2	0.01524	0.01324	0.02038	0.15608	0.33673	0.01424	0.01582	0.12668	0.01619	0.02231	0.01483	0.02137	0.01278	0.01377	0.12420	0.00338	0.00917	0.05089	0.00388	0.00882
3	0.00881	0.00656	0.00821	0.00819	0.00934	0.00654	0.00586	0.01044	0.01255	0.01679	0.14370	0.07673	0.20094	0.21356	0.23727	0.00567	0.00824	0.01047	0.00489	0.00526
4	0.01441	0.01369	0.02264	0.08433	0.57044	0.01372	0.01734	0.01793	0.01459	0.02021	0.02053	0.02337	0.12380	0.00748	0.00660	0.00198	0.00705	0.00700	0.00362	0.00927
5	0.01298	0.00833	0.00972	0.00929	0.01110	0.00833	0.00688	0.12280	0.01587	0.06884	0.04927	0.24738	0.08335	0.13039	0.01102	0.00283	0.00475	0.05696	0.13334	0.00654

[dist]
# distance from previous block
# <min> <max>
4	11

[block]
# block no. 3 follows, 34 sequences, length 25
# corresponding to MSA columns:
# 427-451
name=unknown_D
#
# <colnr> <probs for GDERKNQSTAVLIFYWHMCP>
#	G	D	E	R	K	N	Q	S	T	A	V	L	I	F	Y	W	H	M	C	P
0	0.01358	0.07526	0.58993	0.01761	0.02614	0.01498	0.05736	0.02012	0.01377	0.03980	0.01291	0.04563	0.00998	0.00667	0.00616	0.00201	0.00898	0.00544	0.00307	0.03061
1	0.09132	0.01211	0.01378	0.01175	0.01549	0.02877	0.00953	0.16594	0.08069	0.25563	0.05306	0.08792	0.02099	0.01022	0.00669	0.00215	0.00564	0.09075	0.02850	0.00907
2	0.01122	0.00561	0.00842	0.00842	0.00842	0.00561	0.00561	0.00842	0.00842	0.01122	0.01122	0.01964	0.01122	0.02245	0.02525	0.81201	0.00561	0.00561	0.00281	0.00281
3	0.00943	0.00730	0.01062	0.01046	0.01156	0.00855	0.00813	0.01158	0.01055	0.01508	0.01941	0.02718	0.05328	0.06676	0.64529	0.00940	0.05879	0.00728	0.00357	0.00577
4	0.01727	0.77681	0.03386	0.01106	0.01658	0.02557	0.01106	0.01935	0.01313	0.01520	0.00898	0.01036	0.00829	0.00553	0.00415	0.00138	0.00691	0.00345	0.00276	0.00829
5	0.81856	0.01250	0.00950	0.00850	0.01250	0.01449	0.00700	0.01899	0.01100	0.02899	0.00900	0.01050	0.00700	0.00600	0.00400	0.00200	0.00500	0.00350	0.00400	0.00700
6	0.00933	0.00629	0.00728	0.00734	0.00743	0.00635	0.00426	0.00952	0.00957	0.01283	0.02069	0.06668	0.02368	0.69842	0.07942	0.00641	0.00691	0.00955	0.00396	0.00408
7	0.02456	0.01810	0.01939	0.01487	0.02004	0.02004	0.01228	0.71107	0.03038	0.04072	0.01551	0.01551	0.01099	0.00776	0.00646	0.00194	0.00711	0.00582	0.00646	0.01099
8	0.01373	0.01149	0.01239	0.01124	0.01430	0.01265	0.00869	0.04765	0.45535	0.02587	0.17452	0.03419	0.12925	0.01072	0.00694	0.00215	0.00449	0.00905	0.00660	0.00873
9	0.00972	0.00622	0.00709	0.00718	0.00750	0.00626	0.00435	0.01038	0.01029	0.01473	0.02124	0.08244	0.02317	0.56807	0.06426	0.00550	0.00617	0.00927	0.13173	0.00443
10	0.00963	0.00743	0.01085	0.01063	0.01160	0.00885	0.00822	0.01168	0.01027	0.01485	0.01686	0.02585	0.01614	0.10331	0.63360	0.00947	0.07457	0.00702	0.00345	0.00572
11	0.00878	0.00643	0.00824	0.00814	0.00952	0.00589	0.00597	0.01136	0.01692	0.02347	0.54580	0.17659	0.11934	0.01474	0.00773	0.00215	0.00319	0.01304	0.00681	0.00589
12	0.54276	0.08739	0.01433	0.01186	0.05195	0.14247	0.00907	0.02058	0.01286	0.04382	0.00977	0.01128	0.00776	0.00611	0.00452	0.00188	0.00648	0.00381	0.00383	0.00748
13	0.21622	0.14559	0.07784	0.01216	0.01734	0.07379	0.01094	0.16163	0.03347	0.08454	0.01266	0.01344	0.00956	0.00643	0.00520	0.00174	0.00667	0.00449	0.00450	0.10176
14	0.01772	0.62143	0.09446	0.01238	0.01800	0.11125	0.01236	0.02022	0.01380	0.01574	0.00933	0.01081	0.00829	0.00572	0.00452	0.00147	0.00771	0.00366	0.00283	0.00831
15	0.81856	0.01250	0.00950	0.00850	0.01250	0.01449	0.00700	0.01899	0.01100	0.02899	0.00900	0.01050	0.00700	0.00600	0.00400	0.00200	0.00500	0.00350	0.00400	0.00700
16	0.01115	0.00954	0.03090	0.03673	0.16960	0.00904	0.01024	0.06192	0.01453	0.01984	0.06555	0.47234	0.03258	0.01508	0.00758	0.00236	0.00508	0.01368	0.00531	0.00695
17	0.00846	0.00658	0.00769	0.00741	0.00923	0.00581	0.00556	0.01087	0.01668	0.02209	0.42925	0.05455	0.36331	0.01463	0.00763	0.00210	0.00315	0.01257	0.00661	0.00581
18	0.01171	0.00988	0.01416	0.01239	0.01387	0.01145	0.05891	0.05993	0.01288	0.01813	0.08883	0.02874	0.06341	0.13814	0.25590	0.00559	0.17778	0.00788	0.00410	0.00636
19	0.01554	0.01489	0.02540	0.12579	0.65004	0.01523	0.01960	0.01943	0.01450	0.02056	0.01207	0.01614	0.01004	0.00584	0.00640	0.00195	0.00779	0.00576	0.00316	0.00987
20	0.01382	0.01371	0.01918	0.01657	0.01659	0.01907	0.01373	0.01522	0.01002	0.01560	0.00983	0.05167	0.01019	0.01175	0.02056	0.00282	0.72343	0.00629	0.00298	0.00698
21	0.00920	0.00686	0.00858	0.00810	0.00979	0.00638	0.00609	0.01262	0.04360	0.02484	0.61584	0.04922	0.14773	0.01346	0.00758	0.00206	0.00315	0.01178	0.00695	0.00616
22	0.01971	0.00893	0.01191	0.00989	0.01328	0.00786	0.00786	0.02232	0.01801	0.40795	0.29299	0.06020	0.06940	0.01081	0.00704	0.00204	0.00440	0.00923	0.00749	0.00867
23	0.01727	0.77681	0.03386	0.01106	0.01658	0.02557	0.01106	0.01935	0.01313	0.01520	0.00898	0.01036	0.00829	0.00553	0.00415	0.00138	0.00691	0.00345	0.00276	0.00829
24	0.01573	0.01508	0.02575	0.08981	0.68454	0.01528	0.01970	0.01960	0.01459	0.02079	0.01211	0.01608	0.01012	0.00581	0.00640	0.00194	0.00774	0.00576	0.00318	0.01002

[dist]
# distance from previous block
# <min> <max>
0	4

[block]
# block no. 4 follows, 34 sequences, length 10
# corresponding to MSA columns:
# 456-465
name=unknown_E
#
# <colnr> <probs for GDERKNQSTAVLIFYWHMCP>
#	G	D	E	R	K	N	Q	S	T	A	V	L	I	F	Y	W	H	M	C	P
0	0.00991	0.00735	0.00956	0.01024	0.01189	0.00718	0.00848	0.01337	0.04876	0.02088	0.20148	0.09098	0.13508	0.01623	0.00831	0.00260	0.00478	0.38060	0.00626	0.00609
1	0.01033	0.00792	0.01156	0.01209	0.01398	0.00770	0.05176	0.01327	0.01488	0.01916	0.03719	0.06809	0.12979	0.01690	0.00867	0.00282	0.00588	0.55617	0.00579	0.00605
2	0.01340	0.01148	0.01340	0.00957	0.01531	0.00861	0.00766	0.01627	0.01340	0.02105	0.01148	0.01340	0.00957	0.00479	0.00479	0.00096	0.00479	0.00383	0.00383	0.81242
3	0.01748	0.69788	0.03238	0.01156	0.01678	0.02498	0.01128	0.05444	0.01384	0.01652	0.00929	0.01083	0.00844	0.00595	0.00516	0.00149	0.04669	0.00369	0.00296	0.00836
4	0.01706	0.15097	0.17155	0.01783	0.02440	0.01763	0.21152	0.17795	0.01781	0.02433	0.01245	0.01455	0.00946	0.00605	0.00614	0.00182	0.00838	0.00549	0.00387	0.10076
5	0.05346	0.26372	0.20725	0.01484	0.02046	0.19666	0.01477	0.08277	0.01579	0.01960	0.01045	0.01218	0.00847	0.00649	0.00618	0.00177	0.04902	0.00429	0.00328	0.00854
6	0.01491	0.01702	0.12741	0.10174	0.09924	0.06586	0.08786	0.03952	0.16019	0.04025	0.11014	0.04776	0.01944	0.00810	0.00667	0.00204	0.00727	0.00719	0.00463	0.03277
7	0.01356	0.06183	0.22303	0.04798	0.10424	0.04428	0.01414	0.01831	0.04828	0.06351	0.13060	0.05951	0.12518	0.00951	0.00663	0.00203	0.00662	0.00799	0.00460	0.00817
8	0.01280	0.01253	0.11098	0.01172	0.03455	0.00990	0.01006	0.01918	0.16429	0.08363	0.15758	0.09842	0.17223	0.01183	0.00709	0.00215	0.00500	0.03893	0.00590	0.03122
9	0.01605	0.13620	0.08338	0.01581	0.11603	0.05480	0.01203	0.04722	0.06837	0.10024	0.20162	0.04570	0.02508	0.00895	0.00702	0.00195	0.03871	0.00731	0.00508	0.00846

[dist]
# distance from previous block
# <min> <max>
10	85

# created by:
# /home/cegg/simao/soft/augustus-3.2.1/scripts/msa2prfl.pl ./align_prep/EOG090W09UU.fa
