[name]
unknown

[dist]
# distance from previous block
# <min> <max>
0	21

[block]
# block no. 0 follows, 33 sequences, length 30
# corresponding to MSA columns:
# 21-23,32-58
name=unknown_A
#
# <colnr> <probs for GDERKNQSTAVLIFYWHMCP>
#	G	D	E	R	K	N	Q	S	T	A	V	L	I	F	Y	W	H	M	C	P
0	0.02310	0.01285	0.01636	0.01594	0.10902	0.04457	0.01133	0.08211	0.07185	0.38496	0.04447	0.05199	0.01937	0.00936	0.00691	0.00214	0.00619	0.07067	0.00677	0.01005
1	0.00997	0.00965	0.00950	0.10473	0.01471	0.07606	0.00746	0.01199	0.01511	0.01750	0.05422	0.05255	0.56430	0.01443	0.00745	0.00217	0.00485	0.01194	0.00544	0.00598
2	0.01913	0.48884	0.13945	0.01303	0.01901	0.08964	0.01323	0.02212	0.01467	0.10963	0.01185	0.01274	0.00946	0.00616	0.00501	0.00162	0.00773	0.00420	0.00356	0.00893
3	0.01493	0.01409	0.02317	0.22510	0.45424	0.01448	0.01808	0.01884	0.01433	0.02026	0.01211	0.01628	0.00990	0.00593	0.00632	0.00189	0.00769	0.00561	0.00325	0.11350
4	0.01006	0.00680	0.00894	0.00855	0.01011	0.00626	0.00636	0.01289	0.01786	0.05712	0.60298	0.14102	0.05762	0.01415	0.00780	0.00215	0.00331	0.01255	0.00714	0.00633
5	0.01343	0.01253	0.02101	0.36587	0.31857	0.01383	0.01748	0.01720	0.01383	0.01873	0.01518	0.11421	0.01397	0.00812	0.00679	0.00216	0.00774	0.00753	0.00348	0.00833
6	0.00892	0.00662	0.00736	0.00718	0.00907	0.00587	0.00538	0.01128	0.01615	0.02175	0.29607	0.05323	0.39558	0.01435	0.00736	0.00208	0.00322	0.01217	0.11050	0.00587
7	0.00843	0.00641	0.00781	0.00841	0.00975	0.00579	0.00616	0.01031	0.01484	0.01931	0.18363	0.32491	0.27571	0.01765	0.00813	0.00243	0.00371	0.07464	0.00633	0.00565
8	0.00910	0.00663	0.00848	0.00819	0.00965	0.00610	0.00603	0.01183	0.01756	0.02448	0.59239	0.10731	0.11288	0.03964	0.00868	0.00228	0.00329	0.01253	0.00696	0.00602
9	0.00936	0.00710	0.00990	0.10541	0.01437	0.00706	0.00775	0.01208	0.01623	0.02246	0.43808	0.24607	0.04995	0.01458	0.00779	0.00226	0.00404	0.01303	0.00637	0.00611
10	0.71029	0.01195	0.00956	0.00861	0.01235	0.01365	0.00701	0.01845	0.01217	0.02913	0.10219	0.01570	0.01428	0.00707	0.00455	0.00204	0.00483	0.00465	0.00449	0.00701
11	0.01760	0.77260	0.03450	0.01126	0.01690	0.02605	0.01126	0.01971	0.01338	0.01549	0.00915	0.01056	0.00845	0.00563	0.00422	0.00141	0.00704	0.00352	0.00282	0.00845
12	0.02281	0.01679	0.01818	0.01437	0.01900	0.01845	0.01168	0.61500	0.02857	0.03828	0.01847	0.11321	0.01540	0.00956	0.00682	0.00207	0.00680	0.00759	0.00652	0.01043
13	0.81514	0.01273	0.00968	0.00866	0.01273	0.01477	0.00713	0.01935	0.01120	0.02954	0.00917	0.01069	0.00713	0.00611	0.00407	0.00204	0.00509	0.00356	0.00407	0.00713
14	0.00932	0.00673	0.00880	0.00828	0.00984	0.00621	0.00621	0.01242	0.01863	0.02640	0.72410	0.04918	0.06212	0.01346	0.00776	0.00207	0.00311	0.01191	0.00725	0.00621
15	0.81514	0.01273	0.00968	0.00866	0.01273	0.01477	0.00713	0.01935	0.01120	0.02954	0.00917	0.01069	0.00713	0.00611	0.00407	0.00204	0.00509	0.00356	0.00407	0.00713
16	0.01629	0.01564	0.02672	0.04041	0.72757	0.01564	0.02020	0.02020	0.01499	0.02151	0.01238	0.01629	0.01043	0.00587	0.00652	0.00196	0.00782	0.00587	0.00326	0.01043
17	0.01922	0.01556	0.01649	0.01397	0.01820	0.01771	0.01111	0.25579	0.49023	0.03213	0.02318	0.02168	0.01717	0.00859	0.00666	0.00215	0.00588	0.00694	0.00666	0.01068
18	0.02294	0.01643	0.01753	0.01367	0.01833	0.01808	0.01122	0.59275	0.02815	0.03872	0.01673	0.01723	0.01212	0.00786	0.00626	0.00190	0.00656	0.00596	0.13717	0.01037
19	0.00833	0.00586	0.00755	0.00877	0.00908	0.00555	0.00569	0.00925	0.01200	0.01600	0.03318	0.62038	0.03963	0.16993	0.01341	0.00341	0.00433	0.01689	0.00569	0.00508
20	0.01460	0.01227	0.01335	0.01211	0.01528	0.01381	0.00936	0.02930	0.54004	0.02725	0.20250	0.03076	0.03068	0.01007	0.00697	0.00219	0.00468	0.00857	0.00684	0.00936
21	0.01332	0.01281	0.01808	0.01583	0.01608	0.01757	0.01306	0.01496	0.01019	0.01572	0.01059	0.01689	0.01034	0.01974	0.17819	0.00455	0.59609	0.00604	0.00302	0.00691
22	0.00837	0.00622	0.00885	0.00992	0.01056	0.00582	0.03139	0.00973	0.01278	0.01704	0.03541	0.71722	0.04217	0.02001	0.00840	0.00267	0.00415	0.03778	0.00601	0.00550
23	0.01008	0.00704	0.00778	0.00752	0.00981	0.00600	0.00566	0.01191	0.01546	0.08936	0.11165	0.12084	0.54142	0.01593	0.00772	0.00223	0.00359	0.01345	0.00640	0.00615
24	0.02079	0.00954	0.01146	0.00956	0.01301	0.00913	0.00765	0.05544	0.07053	0.33834	0.02361	0.02321	0.01661	0.00799	0.00574	0.00183	0.00454	0.00644	0.35563	0.00893
25	0.01506	0.01622	0.04259	0.01997	0.05245	0.04940	0.12126	0.01742	0.01161	0.01706	0.00968	0.01489	0.00892	0.01000	0.01772	0.00267	0.55643	0.00599	0.00299	0.00769
26	0.09895	0.02375	0.02475	0.02018	0.04179	0.36246	0.24178	0.07029	0.01764	0.02095	0.01156	0.01409	0.00908	0.00636	0.00642	0.00193	0.01053	0.00550	0.00365	0.00831
27	0.01450	0.05132	0.34592	0.05704	0.09201	0.01620	0.28674	0.02066	0.01458	0.02063	0.01235	0.01565	0.00918	0.00594	0.00681	0.00211	0.00996	0.00608	0.00304	0.00931
28	0.01626	0.01230	0.01409	0.01065	0.01588	0.01074	0.00853	0.09086	0.09428	0.07878	0.01549	0.01642	0.01199	0.00606	0.00537	0.00133	0.00510	0.00485	0.05313	0.52788
29	0.00794	0.00631	0.00714	0.00771	0.00919	0.00550	0.00549	0.00947	0.01423	0.01778	0.08392	0.33579	0.43017	0.01807	0.00802	0.00239	0.00351	0.01568	0.00616	0.00550

[dist]
# distance from previous block
# <min> <max>
0	1

[block]
# block no. 1 follows, 33 sequences, length 54
# corresponding to MSA columns:
# 60-113
name=unknown_B
#
# <colnr> <probs for GDERKNQSTAVLIFYWHMCP>
#	G	D	E	R	K	N	Q	S	T	A	V	L	I	F	Y	W	H	M	C	P
0	0.06436	0.01454	0.01630	0.10138	0.10395	0.07530	0.01186	0.18231	0.08036	0.02515	0.02461	0.07640	0.13236	0.00980	0.00717	0.00210	0.03177	0.00793	0.00506	0.02730
1	0.02203	0.02183	0.01915	0.19047	0.02616	0.31132	0.01386	0.24266	0.02132	0.05035	0.01292	0.01486	0.00971	0.00715	0.00632	0.00192	0.00942	0.00525	0.00448	0.00883
2	0.01365	0.01170	0.01365	0.00975	0.01560	0.00878	0.00780	0.01658	0.01365	0.02145	0.01170	0.01365	0.00975	0.00488	0.00488	0.00098	0.00488	0.00390	0.00390	0.80888
3	0.39325	0.01552	0.01490	0.01200	0.01670	0.01739	0.00990	0.36143	0.02131	0.06105	0.01308	0.01366	0.00949	0.00708	0.00542	0.00201	0.00618	0.00485	0.00547	0.00930
4	0.01144	0.00572	0.00858	0.00858	0.00858	0.00572	0.00572	0.00858	0.00858	0.01144	0.01144	0.02001	0.01144	0.02287	0.02573	0.80846	0.00572	0.00572	0.00286	0.00286
5	0.01637	0.01414	0.01489	0.01340	0.01712	0.01637	0.01042	0.03498	0.71568	0.02754	0.02679	0.02456	0.02010	0.00893	0.00670	0.00223	0.00521	0.00744	0.00670	0.01042
6	0.00887	0.00671	0.00817	0.00781	0.00956	0.00602	0.00586	0.01155	0.01757	0.02387	0.53078	0.05335	0.25702	0.01440	0.00777	0.00212	0.00317	0.01249	0.00691	0.00602
7	0.81514	0.01273	0.00968	0.00866	0.01273	0.01477	0.00713	0.01935	0.01120	0.02954	0.00917	0.01069	0.00713	0.00611	0.00407	0.00204	0.00509	0.00356	0.00407	0.00713
8	0.01227	0.00614	0.00614	0.00614	0.00767	0.00614	0.00460	0.01534	0.01381	0.02454	0.02148	0.02454	0.01687	0.00767	0.00460	0.00153	0.00307	0.00614	0.80518	0.00614
9	0.02458	0.02050	0.01903	0.01519	0.01994	0.16924	0.01226	0.51984	0.02760	0.05900	0.03773	0.01628	0.01244	0.00786	0.00649	0.00192	0.00802	0.00579	0.00600	0.01030
10	0.00886	0.00667	0.00819	0.00789	0.00957	0.00600	0.00589	0.01151	0.01743	0.02373	0.52249	0.08168	0.23674	0.01460	0.00779	0.00214	0.00320	0.01271	0.00690	0.00600
11	0.01366	0.05572	0.61789	0.01974	0.02892	0.01582	0.11571	0.02084	0.01410	0.02071	0.01193	0.01431	0.00857	0.00614	0.00639	0.00208	0.00983	0.00521	0.00286	0.00957
12	0.00936	0.00676	0.00886	0.00841	0.00996	0.00626	0.00635	0.01246	0.01852	0.02618	0.70195	0.04998	0.06134	0.01361	0.00781	0.00210	0.00320	0.03348	0.00721	0.00621
13	0.01585	0.01507	0.02562	0.06484	0.66511	0.01518	0.01963	0.01973	0.01493	0.02124	0.01354	0.01940	0.01182	0.00654	0.00666	0.00202	0.00776	0.04158	0.00339	0.01008
14	0.00815	0.00594	0.00771	0.00907	0.00972	0.00550	0.00625	0.00946	0.01301	0.01708	0.03951	0.64772	0.11737	0.02005	0.00838	0.00265	0.00390	0.05703	0.00611	0.00541
15	0.01440	0.01440	0.02016	0.01728	0.01728	0.02016	0.01440	0.01584	0.01008	0.01584	0.00864	0.01440	0.00864	0.01152	0.02160	0.00288	0.75659	0.00576	0.00288	0.00720
16	0.01327	0.03059	0.61996	0.07129	0.05010	0.01487	0.02280	0.02029	0.01387	0.02062	0.01182	0.01422	0.00852	0.00619	0.00621	0.00202	0.00932	0.00491	0.00287	0.05628
17	0.00943	0.00697	0.01015	0.01015	0.01118	0.00799	0.00769	0.01148	0.01045	0.01496	0.01803	0.02805	0.01741	0.14062	0.65260	0.01005	0.01621	0.00737	0.00359	0.00564
18	0.01525	0.01544	0.05352	0.20965	0.53656	0.01539	0.01991	0.01942	0.01451	0.02036	0.01220	0.01650	0.00995	0.00605	0.00652	0.00202	0.00813	0.00582	0.00316	0.00966
19	0.01320	0.03405	0.73453	0.01876	0.02849	0.01529	0.02432	0.02085	0.01390	0.02085	0.01181	0.01390	0.00834	0.00625	0.00625	0.00208	0.00973	0.00486	0.00278	0.00973
20	0.81514	0.01273	0.00968	0.00866	0.01273	0.01477	0.00713	0.01935	0.01120	0.02954	0.00917	0.01069	0.00713	0.00611	0.00407	0.00204	0.00509	0.00356	0.00407	0.00713
21	0.01637	0.01414	0.01489	0.01340	0.01712	0.01637	0.01042	0.03498	0.71568	0.02754	0.02679	0.02456	0.02010	0.00893	0.00670	0.00223	0.00521	0.00744	0.00670	0.01042
22	0.01629	0.01281	0.01845	0.01526	0.08401	0.01059	0.10242	0.01961	0.01473	0.11745	0.01391	0.01563	0.01073	0.00550	0.00565	0.00138	0.00608	0.00497	0.00434	0.52020
23	0.04772	0.05656	0.11640	0.11658	0.05255	0.20339	0.05804	0.07184	0.01631	0.08215	0.01317	0.01585	0.01019	0.01050	0.06942	0.00271	0.03885	0.00540	0.00388	0.00849
24	0.01540	0.01871	0.07950	0.02722	0.03406	0.01657	0.66396	0.02107	0.01544	0.02107	0.01323	0.01753	0.00989	0.00559	0.00768	0.00221	0.01102	0.00760	0.00330	0.00893
25	0.01630	0.01598	0.02041	0.17579	0.32866	0.13095	0.01583	0.02084	0.06290	0.02050	0.01410	0.01752	0.01131	0.00661	0.00619	0.00192	0.00785	0.00575	0.11182	0.00876
26	0.01502	0.01299	0.01553	0.16352	0.02241	0.01423	0.01142	0.05089	0.38118	0.02423	0.02069	0.04923	0.01632	0.00806	0.00638	0.00198	0.00589	0.00680	0.00535	0.16788
27	0.00944	0.00690	0.00981	0.00981	0.01072	0.00781	0.00727	0.01126	0.01035	0.01471	0.01834	0.02977	0.01816	0.21270	0.58154	0.00963	0.01508	0.00763	0.00363	0.00545
28	0.00957	0.00638	0.00718	0.00718	0.00718	0.00638	0.00399	0.00957	0.00957	0.01276	0.02074	0.04308	0.02393	0.76864	0.03351	0.00638	0.00638	0.00957	0.00399	0.00399
29	0.00852	0.00670	0.00769	0.00744	0.00934	0.00587	0.00558	0.01087	0.01674	0.02191	0.38174	0.05656	0.40728	0.01513	0.00777	0.00215	0.00322	0.01294	0.00666	0.00587
30	0.01320	0.03405	0.73453	0.01876	0.02849	0.01529	0.02432	0.02085	0.01390	0.02085	0.01181	0.01390	0.00834	0.00625	0.00625	0.00208	0.00973	0.00486	0.00278	0.00973
31	0.00843	0.00593	0.00767	0.00889	0.00925	0.00564	0.00587	0.00943	0.01211	0.01613	0.03317	0.59467	0.03945	0.16788	0.01338	0.00342	0.00441	0.04348	0.00569	0.00511
32	0.01099	0.00588	0.00825	0.00825	0.00825	0.00588	0.00531	0.00881	0.00881	0.01175	0.01364	0.02548	0.01440	0.19950	0.02757	0.61850	0.00588	0.00663	0.00313	0.00313
33	0.01760	0.77260	0.03450	0.01126	0.01690	0.02605	0.01126	0.01971	0.01338	0.01549	0.00915	0.01056	0.00845	0.00563	0.00422	0.00141	0.00704	0.00352	0.00282	0.00845
34	0.00860	0.00670	0.00781	0.00753	0.00940	0.00591	0.00565	0.01104	0.01695	0.02239	0.41816	0.05577	0.37056	0.01495	0.00777	0.00214	0.00321	0.01283	0.00672	0.00591
35	0.81514	0.01273	0.00968	0.00866	0.01273	0.01477	0.00713	0.01935	0.01120	0.02954	0.00917	0.01069	0.00713	0.00611	0.00407	0.00204	0.00509	0.00356	0.00407	0.00713
36	0.81514	0.01273	0.00968	0.00866	0.01273	0.01477	0.00713	0.01935	0.01120	0.02954	0.00917	0.01069	0.00713	0.00611	0.00407	0.00204	0.00509	0.00356	0.00407	0.00713
37	0.02503	0.01844	0.01976	0.01515	0.02042	0.02042	0.01251	0.70562	0.03095	0.04149	0.01581	0.01581	0.01120	0.00790	0.00659	0.00198	0.00724	0.00593	0.00659	0.01120
38	0.01660	0.01613	0.02029	0.04321	0.02102	0.13015	0.16759	0.16520	0.01818	0.02297	0.02157	0.19568	0.06003	0.01091	0.00825	0.00223	0.05762	0.00956	0.00482	0.00798
39	0.08044	0.02114	0.01812	0.01485	0.01935	0.22328	0.01186	0.41932	0.04744	0.03221	0.01584	0.01624	0.03495	0.00779	0.00627	0.00192	0.00820	0.00560	0.00549	0.00968
40	0.01440	0.01440	0.02016	0.01728	0.01728	0.02016	0.01440	0.01584	0.01008	0.01584	0.00864	0.01440	0.00864	0.01152	0.02160	0.00288	0.75659	0.00576	0.00288	0.00720
41	0.01423	0.01371	0.02397	0.37088	0.32531	0.01498	0.07794	0.01848	0.01419	0.01922	0.01290	0.01896	0.01054	0.00659	0.00674	0.00213	0.00849	0.02883	0.00320	0.00869
42	0.02392	0.03040	0.01818	0.01655	0.01990	0.71297	0.01241	0.02562	0.01851	0.01618	0.01242	0.01392	0.03691	0.00718	0.00601	0.00172	0.01153	0.00462	0.00350	0.00755
43	0.01882	0.01404	0.01529	0.01329	0.01731	0.01574	0.01047	0.08299	0.56959	0.12628	0.02589	0.02363	0.01893	0.00875	0.00668	0.00219	0.00541	0.00722	0.00689	0.01058
44	0.01243	0.01170	0.01975	0.75282	0.04534	0.01463	0.01828	0.01682	0.01316	0.01682	0.01170	0.01755	0.00878	0.00658	0.00658	0.00219	0.00878	0.00585	0.00293	0.00731
45	0.12464	0.01829	0.01786	0.03210	0.01927	0.11977	0.01184	0.36676	0.02251	0.05085	0.01328	0.01453	0.01000	0.00772	0.00778	0.00199	0.09265	0.00526	0.00519	0.05773
46	0.00932	0.00673	0.00880	0.00828	0.00984	0.00621	0.00621	0.01242	0.01863	0.02640	0.72410	0.04918	0.06212	0.01346	0.00776	0.00207	0.00311	0.01191	0.00725	0.00621
47	0.00957	0.00638	0.00718	0.00718	0.00718	0.00638	0.00399	0.00957	0.00957	0.01276	0.02074	0.04308	0.02393	0.76864	0.03351	0.00638	0.00638	0.00957	0.00399	0.00399
48	0.00940	0.00705	0.01058	0.01058	0.01176	0.00823	0.00823	0.01176	0.01058	0.01528	0.01763	0.02586	0.01646	0.04937	0.74255	0.01058	0.01763	0.00705	0.00353	0.00588
49	0.02144	0.02226	0.02066	0.01719	0.02117	0.35024	0.11860	0.08354	0.09149	0.08605	0.01479	0.01646	0.01143	0.01011	0.05719	0.00253	0.03607	0.00573	0.00443	0.00862
50	0.12340	0.01231	0.01362	0.01007	0.01561	0.01046	0.00812	0.06753	0.01478	0.05145	0.01221	0.01375	0.00975	0.00539	0.00496	0.00123	0.00510	0.00411	0.00428	0.61186
51	0.01318	0.01048	0.01116	0.01036	0.01313	0.01138	0.00794	0.02410	0.38222	0.02492	0.11140	0.05590	0.14746	0.01093	0.00672	0.00211	0.00426	0.00919	0.13489	0.00827
52	0.01701	0.08800	0.02114	0.01666	0.01794	0.18437	0.01373	0.01857	0.01233	0.01587	0.00904	0.01348	0.00859	0.00991	0.01645	0.00248	0.51883	0.00521	0.00299	0.00741
53	0.81514	0.01273	0.00968	0.00866	0.01273	0.01477	0.00713	0.01935	0.01120	0.02954	0.00917	0.01069	0.00713	0.00611	0.00407	0.00204	0.00509	0.00356	0.00407	0.00713

[dist]
# distance from previous block
# <min> <max>
0	19

[block]
# block no. 2 follows, 33 sequences, length 30
# corresponding to MSA columns:
# 133-162
name=unknown_C
#
# <colnr> <probs for GDERKNQSTAVLIFYWHMCP>
#	G	D	E	R	K	N	Q	S	T	A	V	L	I	F	Y	W	H	M	C	P
0	0.01072	0.00720	0.00805	0.00761	0.01003	0.00614	0.00579	0.01264	0.01580	0.10893	0.13656	0.09052	0.52529	0.01541	0.00766	0.00220	0.00362	0.01298	0.00650	0.00634
1	0.00778	0.00667	0.00667	0.00667	0.00889	0.00556	0.00500	0.00945	0.01501	0.01778	0.06669	0.06336	0.72490	0.01667	0.00778	0.00222	0.00333	0.01389	0.00611	0.00556
2	0.00802	0.00573	0.00764	0.00917	0.00955	0.00535	0.00611	0.00917	0.01260	0.01681	0.03628	0.76434	0.04354	0.02062	0.00840	0.00267	0.00382	0.01872	0.00611	0.00535
3	0.00932	0.00673	0.00880	0.00828	0.00984	0.00621	0.00621	0.01242	0.01863	0.02640	0.72410	0.04918	0.06212	0.01346	0.00776	0.00207	0.00311	0.01191	0.00725	0.00621
4	0.01440	0.01440	0.02016	0.01728	0.01728	0.02016	0.01440	0.01584	0.01008	0.01584	0.00864	0.01440	0.00864	0.01152	0.02160	0.00288	0.75659	0.00576	0.00288	0.00720
5	0.01760	0.77260	0.03450	0.01126	0.01690	0.02605	0.01126	0.01971	0.01338	0.01549	0.00915	0.01056	0.00845	0.00563	0.00422	0.00141	0.00704	0.00352	0.00282	0.00845
6	0.00802	0.00573	0.00764	0.00917	0.00955	0.00535	0.00611	0.00917	0.01260	0.01681	0.03628	0.76434	0.04354	0.02062	0.00840	0.00267	0.00382	0.01872	0.00611	0.00535
7	0.01669	0.01430	0.01507	0.01346	0.01724	0.01652	0.01050	0.05976	0.69039	0.02805	0.02639	0.02424	0.01977	0.00889	0.00669	0.00222	0.00529	0.00739	0.00669	0.01045
8	0.02459	0.03138	0.01866	0.01696	0.02035	0.74221	0.01272	0.02629	0.01866	0.01611	0.01018	0.01187	0.00848	0.00678	0.00594	0.00170	0.01187	0.00424	0.00339	0.00763
9	0.07103	0.01190	0.01909	0.64034	0.06716	0.01446	0.01718	0.01780	0.01334	0.04922	0.01217	0.01722	0.00905	0.00659	0.00640	0.00217	0.00834	0.00572	0.00325	0.00759
10	0.01629	0.01564	0.02672	0.04041	0.72757	0.01564	0.02020	0.02020	0.01499	0.02151	0.01238	0.01629	0.01043	0.00587	0.00652	0.00196	0.00782	0.00587	0.00326	0.01043
11	0.02503	0.01844	0.01976	0.01515	0.02042	0.02042	0.01251	0.70562	0.03095	0.04149	0.01581	0.01581	0.01120	0.00790	0.00659	0.00198	0.00724	0.00593	0.00659	0.01120
12	0.01479	0.02165	0.21992	0.02413	0.03081	0.01671	0.44258	0.02040	0.01446	0.02040	0.01237	0.01634	0.00939	0.00645	0.00902	0.00226	0.09952	0.00676	0.00313	0.00890
13	0.03656	0.04751	0.17991	0.05309	0.02803	0.03604	0.35351	0.01913	0.01474	0.02035	0.03621	0.09510	0.03325	0.00787	0.00717	0.00218	0.00923	0.00809	0.00367	0.00836
14	0.02354	0.02980	0.02099	0.01821	0.02198	0.65829	0.09263	0.02569	0.01830	0.01669	0.01054	0.01255	0.00865	0.00664	0.00615	0.00176	0.01178	0.00465	0.00338	0.00778
15	0.00802	0.00573	0.00764	0.00917	0.00955	0.00535	0.00611	0.00917	0.01260	0.01681	0.03628	0.76434	0.04354	0.02062	0.00840	0.00267	0.00382	0.01872	0.00611	0.00535
16	0.01418	0.01491	0.02692	0.14610	0.05432	0.03286	0.31827	0.01841	0.03010	0.01896	0.01634	0.07271	0.04344	0.00855	0.01014	0.00235	0.15194	0.00796	0.00357	0.00796
17	0.01590	0.14590	0.02668	0.07594	0.50935	0.01715	0.01780	0.01939	0.01425	0.01973	0.01193	0.01579	0.01023	0.00813	0.04223	0.00232	0.02901	0.00551	0.00316	0.00959
18	0.01144	0.00572	0.00858	0.00858	0.00858	0.00572	0.00572	0.00858	0.00858	0.01144	0.01144	0.02001	0.01144	0.02287	0.02573	0.80846	0.00572	0.00572	0.00286	0.00286
19	0.00818	0.00586	0.00779	0.00905	0.00958	0.00546	0.00612	0.00958	0.01337	0.01802	0.12312	0.67405	0.04589	0.01972	0.00832	0.00260	0.00373	0.01786	0.00625	0.00546
20	0.01630	0.01646	0.13996	0.01830	0.06085	0.01331	0.18971	0.05470	0.03493	0.13377	0.02005	0.02333	0.06416	0.05567	0.08923	0.00332	0.04549	0.00727	0.00450	0.00871
21	0.01320	0.03405	0.73453	0.01876	0.02849	0.01529	0.02432	0.02085	0.01390	0.02085	0.01181	0.01390	0.00834	0.00625	0.00625	0.00208	0.00973	0.00486	0.00278	0.00973
22	0.00897	0.00674	0.00776	0.00759	0.00951	0.00589	0.00566	0.01114	0.01624	0.04101	0.30102	0.11253	0.41114	0.01558	0.00779	0.00220	0.00335	0.01335	0.00658	0.00594
23	0.00943	0.00691	0.00859	0.00916	0.01030	0.00659	0.00646	0.05940	0.01521	0.02031	0.15563	0.50932	0.12181	0.01805	0.00809	0.00247	0.00389	0.01609	0.00634	0.00594
24	0.02362	0.02649	0.01835	0.01606	0.01975	0.51379	0.01235	0.19099	0.02108	0.02224	0.01208	0.01383	0.00971	0.01009	0.05860	0.00240	0.01115	0.00485	0.00418	0.00838
25	0.01573	0.01503	0.02523	0.17216	0.45270	0.01593	0.07222	0.04462	0.04901	0.02134	0.01298	0.01695	0.01050	0.00644	0.00729	0.00208	0.04062	0.00609	0.00347	0.00960
26	0.01594	0.48388	0.21545	0.05441	0.02152	0.02219	0.01528	0.01957	0.01327	0.01699	0.00995	0.01209	0.00845	0.00627	0.00612	0.00173	0.06127	0.00416	0.00282	0.00863
27	0.45925	0.01608	0.05297	0.06506	0.04328	0.08157	0.01054	0.09846	0.04003	0.02779	0.04213	0.01442	0.01087	0.00683	0.00517	0.00202	0.00649	0.00471	0.00435	0.00799
28	0.07730	0.02004	0.07115	0.06300	0.23088	0.16967	0.01525	0.13763	0.08034	0.02454	0.01344	0.01541	0.01050	0.00672	0.00617	0.00192	0.00823	0.00536	0.00418	0.03827
29	0.01879	0.19364	0.02345	0.06978	0.09390	0.13632	0.04297	0.17745	0.01804	0.02247	0.01256	0.01568	0.01047	0.02818	0.07370	0.00274	0.04186	0.00534	0.00395	0.00870

[dist]
# distance from previous block
# <min> <max>
2	30

[block]
# block no. 3 follows, 33 sequences, length 12
# corresponding to MSA columns:
# 193-204
name=unknown_D
#
# <colnr> <probs for GDERKNQSTAVLIFYWHMCP>
#	G	D	E	R	K	N	Q	S	T	A	V	L	I	F	Y	W	H	M	C	P
0	0.01543	0.38085	0.13298	0.01222	0.01719	0.10392	0.01203	0.01828	0.01456	0.01747	0.06674	0.07311	0.09373	0.00868	0.00567	0.00177	0.00712	0.00661	0.00378	0.00786
1	0.05028	0.47781	0.09091	0.06903	0.01980	0.02123	0.01250	0.05042	0.03448	0.06862	0.01267	0.04359	0.01085	0.00676	0.00509	0.00170	0.00706	0.00488	0.00366	0.00866
2	0.00968	0.00639	0.00796	0.00806	0.00843	0.00642	0.00519	0.00996	0.01068	0.01438	0.06993	0.08100	0.04866	0.44604	0.10272	0.11861	0.00700	0.03025	0.00426	0.00437
3	0.01760	0.77260	0.03450	0.01126	0.01690	0.02605	0.01126	0.01971	0.01338	0.01549	0.00915	0.01056	0.00845	0.00563	0.00422	0.00141	0.00704	0.00352	0.00282	0.00845
4	0.01544	0.01240	0.01768	0.01325	0.01858	0.01046	0.12054	0.05157	0.01533	0.08419	0.01619	0.04925	0.01396	0.00708	0.00605	0.00155	0.00611	0.05886	0.00457	0.47696
5	0.01320	0.03405	0.73453	0.01876	0.02849	0.01529	0.02432	0.02085	0.01390	0.02085	0.01181	0.01390	0.00834	0.00625	0.00625	0.00208	0.00973	0.00486	0.00278	0.00973
6	0.01780	0.02252	0.17474	0.02387	0.13048	0.10972	0.23152	0.13170	0.01776	0.02352	0.01266	0.01552	0.00965	0.00655	0.00747	0.00208	0.04326	0.00605	0.00372	0.00942
7	0.00940	0.00631	0.00723	0.00740	0.00744	0.00627	0.00422	0.00953	0.00991	0.01321	0.02245	0.12213	0.02608	0.68665	0.03076	0.00598	0.00610	0.01058	0.00422	0.00414
8	0.00976	0.00655	0.00828	0.00843	0.00959	0.00605	0.00590	0.01158	0.01492	0.05456	0.29204	0.28929	0.10932	0.12917	0.01179	0.00293	0.00398	0.01378	0.00631	0.00577
9	0.81514	0.01273	0.00968	0.00866	0.01273	0.01477	0.00713	0.01935	0.01120	0.02954	0.00917	0.01069	0.00713	0.00611	0.00407	0.00204	0.00509	0.00356	0.00407	0.00713
10	0.02381	0.01740	0.01840	0.01470	0.01897	0.08430	0.01197	0.42284	0.02467	0.15141	0.01714	0.05013	0.01298	0.00881	0.00826	0.00209	0.08937	0.00645	0.00613	0.01017
11	0.01609	0.01318	0.01424	0.01235	0.01639	0.01421	0.00965	0.03042	0.52890	0.06021	0.02659	0.02490	0.05825	0.00868	0.00646	0.00202	0.00507	0.00720	0.00628	0.13891

[dist]
# distance from previous block
# <min> <max>
0	5

[block]
# block no. 4 follows, 33 sequences, length 16
# corresponding to MSA columns:
# 210-225
name=unknown_E
#
# <colnr> <probs for GDERKNQSTAVLIFYWHMCP>
#	G	D	E	R	K	N	Q	S	T	A	V	L	I	F	Y	W	H	M	C	P
0	0.01499	0.01595	0.03094	0.02295	0.02823	0.01582	0.47753	0.02156	0.10912	0.02127	0.01616	0.06647	0.01340	0.00744	0.00867	0.00225	0.07065	0.00809	0.00395	0.04457
1	0.00841	0.00678	0.00741	0.00765	0.00941	0.00604	0.00560	0.01055	0.03643	0.01814	0.09058	0.17480	0.48091	0.06558	0.00957	0.00259	0.00378	0.04409	0.00605	0.00563
2	0.01365	0.01170	0.01365	0.00975	0.01560	0.00878	0.00780	0.01658	0.01365	0.02145	0.01170	0.01365	0.00975	0.00488	0.00488	0.00098	0.00488	0.00390	0.00390	0.80888
3	0.00836	0.00674	0.00755	0.00782	0.00965	0.00605	0.00595	0.01014	0.01424	0.01749	0.05469	0.09969	0.50862	0.05921	0.06975	0.00325	0.00503	0.09442	0.00578	0.00555
4	0.00800	0.00581	0.00756	0.00896	0.00949	0.00536	0.00602	0.00919	0.01280	0.01689	0.03879	0.70669	0.09957	0.02030	0.00835	0.00264	0.00378	0.01832	0.00611	0.00536
5	0.01005	0.00691	0.00894	0.00833	0.01007	0.00632	0.00628	0.01306	0.01844	0.05457	0.65903	0.04888	0.09728	0.01342	0.00772	0.00208	0.00322	0.01180	0.00722	0.00638
6	0.00831	0.00677	0.00740	0.00747	0.00952	0.00586	0.00576	0.01033	0.01558	0.01931	0.16499	0.06228	0.55251	0.01633	0.00791	0.00228	0.00358	0.08181	0.00628	0.00571
7	0.81514	0.01273	0.00968	0.00866	0.01273	0.01477	0.00713	0.01935	0.01120	0.02954	0.00917	0.01069	0.00713	0.00611	0.00407	0.00204	0.00509	0.00356	0.00407	0.00713
8	0.01712	0.01398	0.01491	0.01330	0.01710	0.01600	0.01038	0.03482	0.67634	0.06731	0.02675	0.02444	0.01988	0.00889	0.00669	0.00222	0.00523	0.00740	0.00678	0.01046
9	0.01629	0.01564	0.02672	0.04041	0.72757	0.01564	0.02020	0.02020	0.01499	0.02151	0.01238	0.01629	0.01043	0.00587	0.00652	0.00196	0.00782	0.00587	0.00326	0.01043
10	0.00914	0.00655	0.00842	0.00937	0.01006	0.00639	0.00639	0.04594	0.01347	0.01809	0.05918	0.60861	0.03978	0.07707	0.04540	0.00327	0.00483	0.01654	0.00590	0.00561
11	0.01760	0.77260	0.03450	0.01126	0.01690	0.02605	0.01126	0.01971	0.01338	0.01549	0.00915	0.01056	0.00845	0.00563	0.00422	0.00141	0.00704	0.00352	0.00282	0.00845
12	0.00979	0.00819	0.01373	0.01299	0.01468	0.00774	0.13206	0.01204	0.01355	0.01805	0.03193	0.51736	0.03659	0.01752	0.00840	0.00265	0.00549	0.12553	0.00560	0.00610
13	0.01368	0.00822	0.01016	0.00931	0.01173	0.00765	0.00708	0.03444	0.06235	0.16371	0.28172	0.16307	0.17313	0.01378	0.00755	0.00220	0.00401	0.01193	0.00697	0.00733
14	0.06983	0.29732	0.21164	0.01349	0.01995	0.01872	0.01415	0.08944	0.03972	0.10380	0.01320	0.01399	0.00998	0.00641	0.00538	0.00176	0.00729	0.00463	0.00407	0.05522
15	0.01501	0.14132	0.46096	0.07875	0.04840	0.01690	0.05820	0.04213	0.01460	0.04730	0.01216	0.01436	0.00893	0.00626	0.00609	0.00199	0.00903	0.00503	0.00316	0.00941

[dist]
# distance from previous block
# <min> <max>
3	11

[block]
# block no. 5 follows, 33 sequences, length 50
# corresponding to MSA columns:
# 237-286
name=unknown_F
#
# <colnr> <probs for GDERKNQSTAVLIFYWHMCP>
#	G	D	E	R	K	N	Q	S	T	A	V	L	I	F	Y	W	H	M	C	P
0	0.07772	0.01273	0.01456	0.04587	0.01706	0.01328	0.00978	0.24904	0.06245	0.17163	0.09883	0.05142	0.04266	0.00907	0.00645	0.00199	0.00561	0.00732	0.06239	0.04012
1	0.22746	0.05464	0.01605	0.01213	0.01660	0.01677	0.01000	0.36777	0.02210	0.06780	0.01910	0.06144	0.06376	0.00870	0.00600	0.00202	0.00611	0.00654	0.00575	0.00925
2	0.16220	0.05898	0.01716	0.01409	0.04983	0.04220	0.03653	0.19261	0.20129	0.02877	0.05394	0.01977	0.01567	0.04301	0.00730	0.00219	0.00631	0.00618	0.00537	0.03660
3	0.00868	0.00727	0.00849	0.00963	0.06111	0.00641	0.00644	0.01054	0.01483	0.01837	0.09562	0.11617	0.52819	0.04271	0.00870	0.00241	0.00390	0.03875	0.00590	0.00589
4	0.02858	0.01142	0.01525	0.01183	0.01683	0.01016	0.00973	0.03229	0.06925	0.68116	0.02603	0.02256	0.01657	0.00820	0.00663	0.00205	0.00557	0.00668	0.00804	0.01115
5	0.01627	0.10970	0.47009	0.01772	0.02591	0.01760	0.05991	0.16287	0.01748	0.02457	0.01244	0.01416	0.00904	0.00649	0.00619	0.00200	0.00900	0.00511	0.00361	0.00985
6	0.01442	0.02455	0.35276	0.02373	0.10454	0.01635	0.23511	0.02024	0.01406	0.02038	0.01196	0.01543	0.00912	0.00664	0.00864	0.00221	0.10163	0.00599	0.00302	0.00923
7	0.01152	0.00610	0.00654	0.00667	0.00783	0.00607	0.00473	0.01371	0.01290	0.02170	0.02214	0.09330	0.01979	0.09892	0.00956	0.04907	0.00368	0.00765	0.59248	0.00562
8	0.66502	0.01366	0.01120	0.04855	0.01525	0.04838	0.00829	0.03424	0.03893	0.05117	0.01069	0.01211	0.00815	0.00638	0.00452	0.00204	0.00566	0.00401	0.00426	0.00750
9	0.02863	0.01094	0.01480	0.01142	0.01633	0.00949	0.00941	0.03120	0.01858	0.69495	0.02574	0.02252	0.01633	0.00812	0.00651	0.00201	0.00547	0.00659	0.05002	0.01094
10	0.01635	0.56236	0.23377	0.01340	0.02020	0.02299	0.01498	0.02004	0.01353	0.01701	0.00991	0.01151	0.00842	0.00581	0.00480	0.00160	0.00781	0.00390	0.00281	0.00881
11	0.01338	0.03298	0.69342	0.02002	0.06909	0.01531	0.02408	0.02081	0.01396	0.02089	0.01185	0.01404	0.00846	0.00623	0.00627	0.00208	0.00962	0.00492	0.00281	0.00977
12	0.00792	0.00672	0.00687	0.00695	0.00913	0.00566	0.00529	0.00966	0.01501	0.01788	0.06507	0.06391	0.68988	0.01675	0.00785	0.00226	0.00347	0.04802	0.00611	0.00558
13	0.01045	0.00643	0.00819	0.00814	0.00883	0.00628	0.00544	0.01091	0.01196	0.03895	0.14306	0.10985	0.05364	0.27759	0.06300	0.17572	0.00579	0.00983	0.04118	0.00476
14	0.00839	0.00601	0.00801	0.00916	0.00982	0.00562	0.00637	0.00999	0.01383	0.01870	0.16103	0.59830	0.04662	0.01920	0.00832	0.00258	0.00381	0.05240	0.00631	0.00554
15	0.02011	0.47998	0.02814	0.01340	0.01816	0.28695	0.01177	0.02256	0.03595	0.01607	0.01004	0.01145	0.00880	0.00615	0.00492	0.00154	0.00875	0.00390	0.00314	0.00821
16	0.01400	0.00838	0.00812	0.00758	0.00960	0.03122	0.00581	0.08112	0.04042	0.02597	0.02077	0.02332	0.01619	0.00771	0.00490	0.00161	0.00382	0.00610	0.67655	0.00681
17	0.01311	0.01216	0.01882	0.49163	0.03484	0.01551	0.01610	0.03053	0.03503	0.01751	0.01251	0.03356	0.01043	0.02560	0.01071	0.00244	0.18355	0.00625	0.02238	0.00732
18	0.01621	0.19487	0.09046	0.02319	0.05042	0.04667	0.44284	0.02092	0.01501	0.01959	0.01208	0.01552	0.00946	0.00568	0.00672	0.00199	0.00998	0.00636	0.00317	0.00884
19	0.01850	0.01292	0.01457	0.04619	0.01702	0.04125	0.00979	0.19460	0.10951	0.14463	0.20441	0.02825	0.05309	0.00953	0.00681	0.00198	0.00557	0.00787	0.00652	0.06697
20	0.01276	0.01212	0.02074	0.68809	0.08588	0.01475	0.03924	0.01715	0.01335	0.01723	0.01179	0.01748	0.00891	0.00651	0.00661	0.00218	0.00879	0.00591	0.00296	0.00755
21	0.02211	0.01554	0.01738	0.01380	0.01815	0.01705	0.01123	0.51412	0.02583	0.08452	0.01704	0.01915	0.01299	0.04976	0.12659	0.00357	0.00877	0.00633	0.00608	0.01001
22	0.00812	0.00588	0.00750	0.00875	0.00929	0.00545	0.00583	0.00923	0.01261	0.01659	0.03818	0.63546	0.11200	0.07919	0.01032	0.00292	0.00397	0.01750	0.00594	0.00526
23	0.02954	0.01120	0.01528	0.01171	0.01681	0.00968	0.00968	0.03208	0.01884	0.73213	0.02597	0.02241	0.01630	0.00815	0.00662	0.00204	0.00560	0.00662	0.00815	0.01120
24	0.02684	0.01129	0.01500	0.01138	0.01660	0.00952	0.00936	0.02945	0.01796	0.61131	0.02355	0.02092	0.01518	0.00759	0.00632	0.00186	0.00548	0.00616	0.00743	0.14682
25	0.81514	0.01273	0.00968	0.00866	0.01273	0.01477	0.00713	0.01935	0.01120	0.02954	0.00917	0.01069	0.00713	0.00611	0.00407	0.00204	0.00509	0.00356	0.00407	0.00713
26	0.01992	0.01590	0.01688	0.01411	0.01847	0.01803	0.01128	0.30954	0.43535	0.03325	0.02230	0.02098	0.01645	0.00851	0.00665	0.00213	0.00604	0.00682	0.00665	0.01074
27	0.07699	0.01638	0.01717	0.01402	0.01861	0.01846	0.01133	0.39892	0.29367	0.03527	0.01958	0.01883	0.01434	0.00817	0.00645	0.00208	0.00631	0.00635	0.00645	0.01061
28	0.02267	0.21744	0.02303	0.01469	0.01937	0.26112	0.01219	0.28010	0.04581	0.02588	0.01260	0.01345	0.00989	0.00698	0.00576	0.00175	0.00866	0.00480	0.00456	0.00928
29	0.02764	0.01425	0.01716	0.01316	0.01832	0.01420	0.01087	0.31553	0.02394	0.44149	0.02169	0.01963	0.01415	0.00804	0.00661	0.00201	0.00629	0.00633	0.00749	0.01120
30	0.00932	0.00673	0.00880	0.00828	0.00984	0.00621	0.00621	0.01242	0.01863	0.02640	0.72410	0.04918	0.06212	0.01346	0.00776	0.00207	0.00311	0.01191	0.00725	0.00621
31	0.01611	0.01546	0.02640	0.07349	0.69589	0.01559	0.02011	0.02005	0.01491	0.02129	0.01235	0.01635	0.01035	0.00590	0.00652	0.00197	0.00787	0.00586	0.00324	0.01028
32	0.00802	0.00573	0.00764	0.00917	0.00955	0.00535	0.00611	0.00917	0.01260	0.01681	0.03628	0.76434	0.04354	0.02062	0.00840	0.00267	0.00382	0.01872	0.00611	0.00535
33	0.02372	0.01720	0.01858	0.01461	0.01958	0.01900	0.01195	0.54047	0.15566	0.08227	0.01846	0.01782	0.01315	0.00811	0.00661	0.00203	0.00677	0.00625	0.00670	0.01105
34	0.01243	0.01170	0.01975	0.75282	0.04534	0.01463	0.01828	0.01682	0.01316	0.01682	0.01170	0.01755	0.00878	0.00658	0.00658	0.00219	0.00878	0.00585	0.00293	0.00731
35	0.00957	0.00638	0.00718	0.00718	0.00718	0.00638	0.00399	0.00957	0.00957	0.01276	0.02074	0.04308	0.02393	0.76864	0.03351	0.00638	0.00638	0.00957	0.00399	0.00399
36	0.00954	0.00652	0.00789	0.00789	0.00813	0.00677	0.00487	0.01003	0.00978	0.01329	0.02010	0.03951	0.02238	0.61934	0.18068	0.00725	0.00872	0.00905	0.00389	0.00438
37	0.01744	0.74623	0.05949	0.01153	0.01731	0.02566	0.01173	0.01975	0.01340	0.01568	0.00925	0.01068	0.00844	0.00565	0.00430	0.00143	0.00714	0.00357	0.00281	0.00849
38	0.01528	0.01423	0.02397	0.17303	0.54822	0.01479	0.01875	0.01922	0.01456	0.02083	0.01289	0.01711	0.01056	0.00613	0.00640	0.00197	0.00767	0.00588	0.05897	0.00954
39	0.00932	0.00673	0.00880	0.00828	0.00984	0.00621	0.00621	0.01242	0.01863	0.02640	0.72410	0.04918	0.06212	0.01346	0.00776	0.00207	0.00311	0.01191	0.00725	0.00621
40	0.00782	0.00667	0.00672	0.00671	0.00892	0.00557	0.00503	0.00952	0.01510	0.01800	0.08344	0.06299	0.70801	0.01659	0.00778	0.00222	0.00333	0.01384	0.00614	0.00557
41	0.01352	0.06234	0.67404	0.01947	0.06050	0.01573	0.02362	0.02077	0.01393	0.02067	0.01174	0.01388	0.00844	0.00621	0.00619	0.00205	0.00953	0.00486	0.00280	0.00971
42	0.01392	0.01318	0.02009	0.35518	0.17929	0.04209	0.04798	0.01947	0.09238	0.01944	0.01685	0.05784	0.01477	0.00839	0.00693	0.00223	0.00792	0.06998	0.00389	0.00819
43	0.01359	0.01260	0.02079	0.61168	0.14671	0.01505	0.01830	0.04916	0.01426	0.01866	0.01199	0.01728	0.00914	0.00654	0.00657	0.00215	0.00856	0.00586	0.00314	0.00796
44	0.01274	0.03930	0.06567	0.01423	0.04335	0.03541	0.06074	0.07686	0.01348	0.01862	0.01588	0.02267	0.01430	0.06984	0.43458	0.00720	0.03764	0.00667	0.00370	0.00711
45	0.01492	0.01365	0.01966	0.01804	0.08222	0.05675	0.10609	0.06471	0.01388	0.04639	0.01562	0.02045	0.03728	0.02101	0.23022	0.00481	0.21615	0.00667	0.00377	0.00773
46	0.09975	0.01459	0.01582	0.06458	0.01903	0.05459	0.01081	0.23740	0.11028	0.19575	0.03689	0.07708	0.01656	0.00889	0.00650	0.00209	0.00638	0.00710	0.00627	0.00966
47	0.07630	0.01498	0.04613	0.26957	0.10267	0.04191	0.08779	0.07138	0.07040	0.02185	0.04145	0.03090	0.01269	0.00760	0.00792	0.00219	0.07565	0.00637	0.00390	0.00834
48	0.07286	0.22777	0.07991	0.11716	0.11634	0.07705	0.03414	0.04763	0.04012	0.04798	0.04675	0.01631	0.01237	0.00671	0.00570	0.00184	0.00755	0.00528	0.02789	0.00862
49	0.04937	0.12492	0.15965	0.11980	0.02263	0.01612	0.01400	0.15478	0.07315	0.05151	0.01671	0.06237	0.01405	0.03055	0.00700	0.00216	0.00719	0.03039	0.03485	0.00880

[dist]
# distance from previous block
# <min> <max>
14	65

# created by:
# /home/cegg/simao/soft/augustus-3.2.1/scripts/msa2prfl.pl ./align_prep/EOG090W0AVB.fa
