[name]
unknown

[dist]
# distance from previous block
# <min> <max>
1	23

[block]
# block no. 0 follows, 32 sequences, length 61
# corresponding to MSA columns:
# 433-477,479-494
name=unknown_A
#
# <colnr> <probs for GDERKNQSTAVLIFYWHMCP>
#	G	D	E	R	K	N	Q	S	T	A	V	L	I	F	Y	W	H	M	C	P
0	0.01361	0.00874	0.01028	0.00955	0.01172	0.00864	0.00707	0.06466	0.08577	0.10701	0.13455	0.16632	0.13415	0.11953	0.03144	0.00307	0.00502	0.01126	0.06047	0.00715
1	0.01157	0.00879	0.01129	0.01187	0.06173	0.00893	0.00801	0.03174	0.05576	0.04546	0.14327	0.17391	0.13725	0.12983	0.06205	0.00352	0.04921	0.01140	0.00557	0.02885
2	0.05811	0.00834	0.00992	0.00957	0.01155	0.00824	0.02850	0.03586	0.07170	0.03628	0.07530	0.25271	0.21814	0.07841	0.03813	0.00303	0.00504	0.01281	0.03192	0.00646
3	0.00974	0.00707	0.00841	0.00871	0.00992	0.00675	0.00602	0.03353	0.02928	0.01873	0.07712	0.34475	0.14348	0.15530	0.03700	0.00342	0.00486	0.01387	0.04911	0.03293
4	0.03198	0.00776	0.00947	0.00965	0.01116	0.00756	0.00695	0.05250	0.03917	0.06860	0.11663	0.40190	0.08964	0.07833	0.01016	0.00282	0.00447	0.03847	0.00632	0.00646
5	0.01069	0.00742	0.00881	0.00908	0.01026	0.00729	0.00624	0.03602	0.06569	0.04202	0.07168	0.35816	0.10142	0.18656	0.01387	0.00338	0.00465	0.01390	0.03682	0.00602
6	0.06322	0.03012	0.01222	0.01052	0.01331	0.03990	0.00809	0.09804	0.06032	0.13353	0.10240	0.15112	0.10663	0.08473	0.00972	0.00263	0.00535	0.03290	0.02752	0.00772
7	0.01263	0.00929	0.01075	0.01007	0.01210	0.00949	0.00746	0.15596	0.04357	0.02442	0.15404	0.25010	0.12363	0.08688	0.03527	0.00300	0.00520	0.01244	0.02671	0.00698
8	0.03399	0.00949	0.01053	0.01019	0.01206	0.03847	0.00768	0.03701	0.08115	0.06642	0.10326	0.18038	0.09759	0.09289	0.03078	0.00300	0.03227	0.06889	0.07710	0.00684
9	0.01395	0.00886	0.01087	0.01008	0.01245	0.00873	0.00776	0.05941	0.08274	0.12349	0.21940	0.13398	0.11134	0.04621	0.04901	0.00292	0.00526	0.05524	0.03084	0.00746
10	0.01665	0.06769	0.03661	0.04169	0.04784	0.14846	0.11497	0.06250	0.07594	0.02132	0.05302	0.02114	0.03292	0.03814	0.06310	0.00276	0.03777	0.00654	0.04423	0.06670
11	0.06303	0.01232	0.01615	0.04419	0.08086	0.03537	0.06681	0.09587	0.05590	0.02293	0.07027	0.16838	0.09060	0.03708	0.02786	0.00262	0.05764	0.00985	0.00511	0.03716
12	0.01356	0.01009	0.01081	0.00969	0.01244	0.03384	0.00749	0.08580	0.10299	0.07251	0.25243	0.04383	0.25321	0.01273	0.00736	0.00213	0.00440	0.01069	0.04645	0.00754
13	0.04096	0.01252	0.01442	0.01397	0.05760	0.07668	0.03044	0.09650	0.04351	0.08250	0.09332	0.21130	0.02658	0.08232	0.03548	0.00297	0.05549	0.01027	0.00552	0.00765
14	0.14636	0.01310	0.01515	0.01205	0.01685	0.01317	0.00987	0.15432	0.08329	0.40229	0.02183	0.02006	0.01460	0.00800	0.00627	0.00206	0.00580	0.00620	0.03824	0.01051
15	0.01366	0.03344	0.67968	0.02025	0.05483	0.01564	0.04789	0.02123	0.01427	0.02128	0.01212	0.01439	0.00864	0.00634	0.00644	0.00212	0.00989	0.00510	0.00287	0.00991
16	0.00965	0.00646	0.00735	0.00746	0.00749	0.00643	0.00422	0.00973	0.00997	0.01330	0.02224	0.09363	0.02578	0.71257	0.03237	0.00624	0.00632	0.01040	0.00422	0.00416
17	0.02047	0.01627	0.01760	0.04439	0.02013	0.01846	0.01190	0.33237	0.37791	0.03399	0.02167	0.02075	0.01595	0.00854	0.00677	0.00216	0.00639	0.00683	0.00662	0.01085
18	0.02792	0.01266	0.01606	0.01256	0.01760	0.01199	0.01030	0.11183	0.10532	0.56052	0.02535	0.02231	0.01647	0.00837	0.00675	0.00209	0.00586	0.00677	0.00794	0.01132
19	0.01725	0.24759	0.30804	0.01764	0.04791	0.01883	0.08655	0.04835	0.01524	0.08806	0.01284	0.01456	0.00968	0.00653	0.00651	0.00195	0.03415	0.00513	0.00360	0.00958
20	0.01786	0.73881	0.03533	0.01214	0.01792	0.02617	0.03840	0.02015	0.01372	0.01601	0.00949	0.01105	0.00867	0.00574	0.00445	0.00147	0.00734	0.00376	0.00289	0.00863
21	0.01251	0.00625	0.00625	0.00625	0.00782	0.00625	0.00469	0.01563	0.01407	0.02502	0.02189	0.02502	0.01720	0.00782	0.00469	0.00156	0.00313	0.00625	0.80144	0.00625
22	0.01492	0.01103	0.01775	0.23751	0.20721	0.01186	0.01396	0.03500	0.01319	0.06658	0.01314	0.01871	0.01092	0.01238	0.01341	0.27846	0.00735	0.00598	0.00352	0.00710
23	0.02067	0.07073	0.18782	0.01573	0.04406	0.01594	0.01475	0.19136	0.06777	0.18887	0.01890	0.04539	0.01441	0.00856	0.00727	0.00214	0.03764	0.03217	0.00560	0.01021
24	0.00818	0.00584	0.00779	0.00934	0.00973	0.00545	0.00623	0.00934	0.01285	0.01713	0.03698	0.75981	0.04438	0.02102	0.00856	0.00273	0.00389	0.01908	0.00623	0.00545
25	0.81159	0.01298	0.00986	0.00882	0.01298	0.01505	0.00727	0.01972	0.01142	0.03010	0.00934	0.01090	0.00727	0.00623	0.00415	0.00208	0.00519	0.00363	0.00415	0.00727
26	0.00960	0.00655	0.00788	0.00821	0.00846	0.00658	0.00515	0.01015	0.01066	0.01427	0.02414	0.14511	0.02763	0.55615	0.07987	0.00605	0.00695	0.05757	0.00448	0.00455
27	0.01950	0.04948	0.01610	0.01414	0.01714	0.47645	0.01072	0.02121	0.01737	0.01685	0.02587	0.05443	0.18958	0.01012	0.00708	0.00193	0.03323	0.00740	0.00423	0.00717
28	0.01661	0.01594	0.02724	0.04119	0.72233	0.01594	0.02059	0.02059	0.01528	0.02192	0.01262	0.01661	0.01063	0.00598	0.00664	0.00199	0.00797	0.00598	0.00332	0.01063
29	0.05901	0.01244	0.01578	0.01229	0.01736	0.01166	0.01011	0.09929	0.07111	0.57973	0.02483	0.02186	0.01601	0.00826	0.00665	0.00208	0.00583	0.00662	0.00787	0.01120
30	0.02125	0.02498	0.02457	0.01985	0.02442	0.40264	0.21628	0.07232	0.06342	0.02055	0.01469	0.01670	0.03316	0.00709	0.00676	0.00196	0.01082	0.00604	0.00397	0.00853
31	0.00827	0.00591	0.00787	0.00928	0.00975	0.00551	0.00624	0.00958	0.01328	0.01782	0.08540	0.70942	0.04572	0.02050	0.00852	0.00268	0.00384	0.01858	0.00631	0.00551
32	0.00858	0.00614	0.00812	0.00948	0.01004	0.00585	0.00657	0.00991	0.01289	0.01712	0.03596	0.60258	0.05938	0.07097	0.03518	0.00327	0.00476	0.08178	0.00599	0.00545
33	0.01251	0.00625	0.00625	0.00625	0.00782	0.00625	0.00469	0.01563	0.01407	0.02502	0.02189	0.02502	0.01720	0.00782	0.00469	0.00156	0.00313	0.00625	0.80144	0.00625
34	0.02551	0.01879	0.02014	0.01544	0.02081	0.02081	0.01275	0.69996	0.03155	0.04229	0.01611	0.01611	0.01141	0.00805	0.00671	0.00201	0.00738	0.00604	0.00671	0.01141
35	0.02253	0.01784	0.01843	0.01491	0.01968	0.04752	0.01205	0.45044	0.25900	0.03650	0.01965	0.01895	0.01435	0.00836	0.00673	0.00209	0.00687	0.00649	0.00662	0.01100
36	0.01251	0.00625	0.00625	0.00625	0.00782	0.00625	0.00469	0.01563	0.01407	0.02502	0.02189	0.02502	0.01720	0.00782	0.00469	0.00156	0.00313	0.00625	0.80144	0.00625
37	0.01677	0.44765	0.29093	0.01463	0.02183	0.04686	0.01650	0.04236	0.01459	0.01867	0.01058	0.01224	0.00866	0.00609	0.00521	0.00172	0.00837	0.00420	0.00300	0.00915
38	0.01711	0.01844	0.06776	0.02931	0.26157	0.04188	0.27669	0.08327	0.04039	0.02319	0.01342	0.01699	0.01055	0.00662	0.00820	0.00217	0.06233	0.00666	0.00373	0.00973
39	0.00853	0.00599	0.00768	0.00888	0.00918	0.00569	0.00574	0.00944	0.01215	0.01620	0.03339	0.59753	0.03985	0.18948	0.01436	0.00358	0.00449	0.01696	0.00574	0.00514
40	0.12382	0.11849	0.02119	0.01857	0.15126	0.09979	0.03015	0.14977	0.04641	0.05270	0.01402	0.01685	0.01135	0.00702	0.00591	0.00186	0.00738	0.02829	0.00453	0.09065
41	0.01653	0.23332	0.12732	0.04722	0.25590	0.05393	0.04188	0.02133	0.05598	0.01993	0.01318	0.01703	0.01116	0.00664	0.00602	0.00189	0.00808	0.02940	0.00345	0.02982
42	0.01100	0.00824	0.01044	0.03008	0.01126	0.00911	0.00693	0.03682	0.01111	0.01543	0.01846	0.03424	0.01972	0.45211	0.19070	0.00665	0.07940	0.00834	0.00392	0.03603
43	0.32686	0.11752	0.04071	0.01475	0.06882	0.21575	0.01137	0.06648	0.01578	0.05146	0.01105	0.01254	0.00874	0.00654	0.00522	0.00189	0.00787	0.00431	0.00402	0.00834
44	0.00822	0.00587	0.00783	0.00931	0.00974	0.00548	0.00623	0.00945	0.01305	0.01745	0.05973	0.73614	0.04501	0.02078	0.00854	0.00270	0.00387	0.01884	0.00627	0.00548
45	0.03793	0.25793	0.27056	0.01468	0.02124	0.08350	0.01568	0.06530	0.05604	0.02122	0.03831	0.01642	0.03394	0.00703	0.00574	0.00184	0.00810	0.00517	0.00372	0.03565
46	0.01543	0.11732	0.27399	0.01591	0.04813	0.01471	0.05385	0.02184	0.09838	0.09565	0.03860	0.06850	0.09132	0.00898	0.00664	0.00210	0.00734	0.00752	0.00463	0.00915
47	0.00824	0.00639	0.00755	0.00842	0.00971	0.00570	0.00603	0.00977	0.01410	0.01777	0.05059	0.40684	0.34256	0.01907	0.00833	0.00255	0.00383	0.06073	0.00623	0.00559
48	0.01427	0.01394	0.04919	0.10102	0.40309	0.01398	0.01696	0.01777	0.01420	0.02016	0.05394	0.04061	0.01567	0.01289	0.08623	0.02541	0.05983	0.02834	0.00366	0.00883
49	0.01748	0.29787	0.21478	0.01359	0.02043	0.01830	0.01433	0.07833	0.01577	0.07436	0.01245	0.01368	0.00969	0.00614	0.00538	0.00163	0.00737	0.00448	0.00382	0.17010
50	0.01625	0.01686	0.02152	0.02061	0.11024	0.10715	0.05872	0.01968	0.06783	0.01810	0.01175	0.01680	0.01065	0.03920	0.01641	0.00271	0.42791	0.00612	0.00343	0.00806
51	0.01251	0.00625	0.00625	0.00625	0.00782	0.00625	0.00469	0.01563	0.01407	0.02502	0.02189	0.02502	0.01720	0.00782	0.00469	0.00156	0.00313	0.00625	0.80144	0.00625
52	0.01445	0.01360	0.02199	0.12462	0.42659	0.03141	0.03824	0.01780	0.01428	0.01968	0.01643	0.11445	0.01586	0.06067	0.03857	0.00278	0.00809	0.00798	0.00372	0.00880
53	0.01529	0.05986	0.49523	0.02042	0.02890	0.09037	0.15394	0.02182	0.01497	0.02059	0.01206	0.01459	0.00885	0.00627	0.00656	0.00208	0.01030	0.00541	0.00301	0.00948
54	0.01251	0.00625	0.00625	0.00625	0.00782	0.00625	0.00469	0.01563	0.01407	0.02502	0.02189	0.02502	0.01720	0.00782	0.00469	0.00156	0.00313	0.00625	0.80144	0.00625
55	0.01251	0.00625	0.00625	0.00625	0.00782	0.00625	0.00469	0.01563	0.01407	0.02502	0.02189	0.02502	0.01720	0.00782	0.00469	0.00156	0.00313	0.00625	0.80144	0.00625
56	0.01458	0.01458	0.01850	0.03950	0.01911	0.09212	0.10366	0.02015	0.15191	0.01959	0.02176	0.18908	0.04253	0.01201	0.01136	0.00249	0.20498	0.00961	0.00469	0.00779
57	0.01573	0.01526	0.02508	0.10895	0.37141	0.03463	0.12240	0.03942	0.03477	0.02161	0.01477	0.06828	0.01289	0.00713	0.00682	0.00202	0.00807	0.00701	0.00375	0.07999
58	0.01762	0.71657	0.08405	0.01202	0.01805	0.02578	0.01242	0.02017	0.01367	0.01617	0.00952	0.01100	0.00860	0.00579	0.00445	0.00148	0.00737	0.00368	0.00287	0.00870
59	0.01637	0.25886	0.27526	0.01753	0.04328	0.04657	0.10873	0.02217	0.06081	0.04442	0.03696	0.01586	0.01177	0.00659	0.00602	0.00192	0.00859	0.00541	0.00357	0.00930
60	0.07085	0.21855	0.08920	0.01500	0.02003	0.09789	0.07918	0.14657	0.04513	0.02413	0.06488	0.04559	0.01504	0.00788	0.00658	0.00194	0.03214	0.00613	0.00440	0.00886

[dist]
# distance from previous block
# <min> <max>
1	4

[block]
# block no. 1 follows, 32 sequences, length 82
# corresponding to MSA columns:
# 499-539,559-599
name=unknown_B
#
# <colnr> <probs for GDERKNQSTAVLIFYWHMCP>
#	G	D	E	R	K	N	Q	S	T	A	V	L	I	F	Y	W	H	M	C	P
0	0.14137	0.01425	0.01606	0.01554	0.10135	0.05530	0.01098	0.14218	0.08415	0.20421	0.12529	0.02286	0.02060	0.00849	0.00648	0.00206	0.00614	0.00682	0.00624	0.00963
1	0.05566	0.06172	0.11545	0.01411	0.01833	0.01241	0.11963	0.07295	0.03594	0.04485	0.13377	0.16268	0.07565	0.03674	0.00812	0.00236	0.00650	0.01004	0.00522	0.00786
2	0.01570	0.01494	0.02540	0.16843	0.57624	0.01548	0.01991	0.01975	0.01495	0.02099	0.01325	0.01880	0.01125	0.00653	0.00674	0.00207	0.00809	0.02821	0.00335	0.00991
3	0.01394	0.01293	0.02079	0.35194	0.19097	0.01448	0.05485	0.02028	0.11432	0.02122	0.09990	0.02253	0.01763	0.00767	0.00692	0.00217	0.00764	0.00706	0.00417	0.00858
4	0.00967	0.00713	0.01070	0.01070	0.01185	0.00828	0.00828	0.01185	0.01070	0.01541	0.01771	0.02611	0.01656	0.04920	0.70791	0.04393	0.01747	0.00713	0.00357	0.00586
5	0.01970	0.01205	0.01522	0.01148	0.01652	0.01053	0.00936	0.02238	0.01538	0.26972	0.01671	0.01714	0.01217	0.00688	0.00745	0.00159	0.08649	0.00516	0.00539	0.43868
6	0.01624	0.01508	0.02589	0.17941	0.54202	0.01558	0.04352	0.02033	0.01506	0.04372	0.01296	0.01711	0.01047	0.00619	0.00670	0.00205	0.00821	0.00607	0.00342	0.00997
7	0.03010	0.01142	0.01557	0.01194	0.01713	0.00986	0.00986	0.03270	0.01920	0.72698	0.02647	0.02284	0.01661	0.00830	0.00675	0.00208	0.00571	0.00675	0.00830	0.01142
8	0.01088	0.00874	0.01099	0.12142	0.01627	0.00883	0.00842	0.06280	0.04206	0.02370	0.32333	0.04659	0.26421	0.01315	0.00761	0.00218	0.00450	0.01126	0.00627	0.00680
9	0.00818	0.00584	0.00779	0.00934	0.00973	0.00545	0.00623	0.00934	0.01285	0.01713	0.03698	0.75981	0.04438	0.02102	0.00856	0.00273	0.00389	0.01908	0.00623	0.00545
10	0.01356	0.03407	0.70566	0.01987	0.05250	0.01560	0.02465	0.02123	0.01420	0.02127	0.01206	0.01425	0.00857	0.00636	0.00638	0.00212	0.00985	0.00499	0.00285	0.00994
11	0.00941	0.00686	0.00885	0.00835	0.00997	0.00630	0.00627	0.01250	0.01880	0.02644	0.68449	0.05088	0.09790	0.01389	0.00791	0.00212	0.00318	0.01224	0.00733	0.00630
12	0.01251	0.00625	0.00625	0.00625	0.00782	0.00625	0.00469	0.01563	0.01407	0.02502	0.02189	0.02502	0.01720	0.00782	0.00469	0.00156	0.00313	0.00625	0.80144	0.00625
13	0.01669	0.01441	0.01517	0.01365	0.01745	0.01669	0.01062	0.03565	0.71021	0.02807	0.02731	0.02503	0.02048	0.00910	0.00683	0.00228	0.00531	0.00759	0.00683	0.01062
14	0.01251	0.00625	0.00625	0.00625	0.00782	0.00625	0.00469	0.01563	0.01407	0.02502	0.02189	0.02502	0.01720	0.00782	0.00469	0.00156	0.00313	0.00625	0.80144	0.00625
15	0.01640	0.01573	0.02686	0.07844	0.68670	0.01589	0.02049	0.02041	0.01518	0.02167	0.01258	0.01667	0.01054	0.00602	0.00665	0.00201	0.00802	0.00598	0.00330	0.01046
16	0.00976	0.00651	0.00732	0.00732	0.00732	0.00651	0.00407	0.00976	0.00976	0.01301	0.02114	0.04391	0.02439	0.76419	0.03415	0.00651	0.00651	0.00976	0.00407	0.00407
17	0.60652	0.01303	0.01319	0.12090	0.01929	0.01480	0.04541	0.01928	0.01209	0.02726	0.01009	0.01249	0.00782	0.00620	0.00478	0.00205	0.00606	0.00423	0.00393	0.05058
18	0.02791	0.01139	0.01576	0.01218	0.01716	0.01000	0.02972	0.03104	0.03785	0.64085	0.05159	0.02501	0.03995	0.00871	0.00686	0.00209	0.00570	0.00722	0.00802	0.01097
19	0.00959	0.00719	0.01078	0.01078	0.01198	0.00839	0.00839	0.01198	0.01078	0.01558	0.01797	0.02636	0.01677	0.05032	0.73760	0.01078	0.01797	0.00719	0.00359	0.00599
20	0.01391	0.01193	0.01391	0.00994	0.01590	0.00894	0.00795	0.01690	0.01391	0.02186	0.01193	0.01391	0.00994	0.00497	0.00497	0.00099	0.00497	0.00398	0.00398	0.80521
21	0.01584	0.01810	0.03959	0.02828	0.03507	0.01697	0.69796	0.02149	0.01584	0.02149	0.01357	0.01810	0.01018	0.00566	0.00792	0.00226	0.01131	0.00792	0.00339	0.00905
22	0.00793	0.00680	0.00680	0.00680	0.00906	0.00566	0.00510	0.00963	0.01529	0.01813	0.06797	0.06457	0.71961	0.01699	0.00793	0.00227	0.00340	0.01416	0.00623	0.00566
23	0.01558	0.01989	0.11405	0.02729	0.03442	0.01682	0.62531	0.02147	0.01566	0.02147	0.01341	0.01768	0.01000	0.00573	0.00775	0.00225	0.01116	0.00760	0.00333	0.00914
24	0.03010	0.01142	0.01557	0.01194	0.01713	0.00986	0.00986	0.03270	0.01920	0.72698	0.02647	0.02284	0.01661	0.00830	0.00675	0.00208	0.00571	0.00675	0.00830	0.01142
25	0.00976	0.00651	0.00732	0.00732	0.00732	0.00651	0.00407	0.00976	0.00976	0.01301	0.02114	0.04391	0.02439	0.76419	0.03415	0.00651	0.00651	0.00976	0.00407	0.00407
26	0.00833	0.00681	0.00736	0.00722	0.00931	0.00584	0.00542	0.01041	0.01625	0.02038	0.23531	0.06086	0.55087	0.01615	0.00793	0.00223	0.00334	0.01364	0.00653	0.00584
27	0.01654	0.01612	0.02825	0.04012	0.66576	0.01603	0.07636	0.02067	0.01532	0.02189	0.01270	0.01673	0.01059	0.00595	0.00675	0.00202	0.00825	0.00614	0.00333	0.01050
28	0.08547	0.01835	0.01935	0.01493	0.02021	0.02037	0.01233	0.64807	0.03001	0.04136	0.01559	0.01571	0.01109	0.00792	0.00652	0.00202	0.00722	0.00586	0.00652	0.01109
29	0.13743	0.49754	0.06549	0.01238	0.01759	0.07773	0.01188	0.03893	0.01404	0.01902	0.00971	0.01143	0.00849	0.00634	0.00558	0.00169	0.04918	0.00392	0.00321	0.00842
30	0.01336	0.01263	0.02137	0.62398	0.16490	0.01509	0.01898	0.01775	0.01374	0.01798	0.01205	0.01766	0.00924	0.00658	0.00670	0.00219	0.00877	0.00597	0.00304	0.00801
31	0.01391	0.01193	0.01391	0.00994	0.01590	0.00894	0.00795	0.01690	0.01391	0.02186	0.01193	0.01391	0.00994	0.00497	0.00497	0.00099	0.00497	0.00398	0.00398	0.80521
32	0.02379	0.03861	0.01929	0.04204	0.08913	0.03416	0.03486	0.22788	0.06185	0.28308	0.02076	0.06098	0.01532	0.00850	0.00678	0.00208	0.00682	0.00705	0.00649	0.01055
33	0.01626	0.01591	0.02821	0.03861	0.61463	0.01576	0.10544	0.02037	0.01528	0.02172	0.01347	0.03888	0.01158	0.00638	0.00686	0.00205	0.00827	0.00661	0.00342	0.01028
34	0.00971	0.00671	0.00837	0.00837	0.00874	0.00708	0.00538	0.01044	0.01007	0.01379	0.02018	0.03856	0.02207	0.54675	0.24842	0.00781	0.01000	0.00898	0.00392	0.00465
35	0.01547	0.01314	0.01787	0.01928	0.22095	0.01137	0.01182	0.04669	0.01517	0.04442	0.01367	0.04243	0.01167	0.00608	0.00571	0.00142	0.00592	0.00528	0.00412	0.48751
36	0.02506	0.03198	0.01901	0.01729	0.02074	0.73725	0.01296	0.02679	0.01901	0.01642	0.01037	0.01210	0.00864	0.00691	0.00605	0.00173	0.01210	0.00432	0.00346	0.00778
37	0.00818	0.00584	0.00779	0.00934	0.00973	0.00545	0.00623	0.00934	0.01285	0.01713	0.03698	0.75981	0.04438	0.02102	0.00856	0.00273	0.00389	0.01908	0.00623	0.00545
38	0.05026	0.01810	0.03009	0.02251	0.02820	0.06632	0.41797	0.08042	0.16730	0.02463	0.01636	0.01873	0.01228	0.00671	0.00730	0.00220	0.00949	0.00727	0.00444	0.00942
39	0.00793	0.00680	0.00680	0.00680	0.00906	0.00566	0.00510	0.00963	0.01529	0.01813	0.06797	0.06457	0.71961	0.01699	0.00793	0.00227	0.00340	0.01416	0.00623	0.00566
40	0.01556	0.01488	0.02535	0.22884	0.54284	0.01567	0.02007	0.01968	0.01478	0.02065	0.01244	0.01695	0.01018	0.00617	0.00666	0.00206	0.00823	0.00597	0.00323	0.00979
41	0.00959	0.00719	0.01078	0.01078	0.01198	0.00839	0.00839	0.01198	0.01078	0.01558	0.01797	0.02636	0.01677	0.05032	0.73760	0.01078	0.01797	0.00719	0.00359	0.00599
42	0.00940	0.00684	0.00886	0.00856	0.01012	0.00631	0.00645	0.01237	0.01832	0.02563	0.61878	0.08938	0.09715	0.01448	0.00801	0.00219	0.00334	0.04037	0.00721	0.00624
43	0.01267	0.01193	0.02013	0.74806	0.04621	0.01491	0.01863	0.01714	0.01342	0.01714	0.01193	0.01789	0.00894	0.00671	0.00671	0.00224	0.00894	0.00596	0.00298	0.00745
44	0.81159	0.01298	0.00986	0.00882	0.01298	0.01505	0.00727	0.01972	0.01142	0.03010	0.00934	0.01090	0.00727	0.00623	0.00415	0.00208	0.00519	0.00363	0.00415	0.00727
45	0.00818	0.00584	0.00779	0.00934	0.00973	0.00545	0.00623	0.00934	0.01285	0.01713	0.03698	0.75981	0.04438	0.02102	0.00856	0.00273	0.00389	0.01908	0.00623	0.00545
46	0.01794	0.76823	0.03516	0.01148	0.01722	0.02655	0.01148	0.02009	0.01363	0.01579	0.00933	0.01076	0.00861	0.00574	0.00431	0.00144	0.00718	0.00359	0.00287	0.00861
47	0.01391	0.01193	0.01391	0.00994	0.01590	0.00894	0.00795	0.01690	0.01391	0.02186	0.01193	0.01391	0.00994	0.00497	0.00497	0.00099	0.00497	0.00398	0.00398	0.80521
48	0.00886	0.00769	0.00909	0.00843	0.01089	0.00677	0.04198	0.01160	0.04458	0.01945	0.11906	0.07925	0.57656	0.01590	0.00790	0.00227	0.00389	0.01352	0.00621	0.00610
49	0.00831	0.00681	0.00733	0.00720	0.00930	0.00583	0.00540	0.01037	0.01620	0.02028	0.22727	0.06104	0.55897	0.01619	0.00793	0.00223	0.00334	0.01367	0.00651	0.00583
50	0.01661	0.01589	0.02681	0.04022	0.69771	0.01597	0.02024	0.02112	0.03955	0.02214	0.01313	0.01690	0.01097	0.00609	0.00665	0.00200	0.00788	0.00603	0.00344	0.01063
51	0.00818	0.00584	0.00779	0.00934	0.00973	0.00545	0.00623	0.00934	0.01285	0.01713	0.03698	0.75981	0.04438	0.02102	0.00856	0.00273	0.00389	0.01908	0.00623	0.00545
52	0.00931	0.00673	0.00939	0.01033	0.01121	0.00698	0.00778	0.01122	0.01252	0.01698	0.02937	0.32371	0.03273	0.07920	0.25030	0.00570	0.00919	0.15642	0.00521	0.00569
53	0.04549	0.74201	0.03428	0.01139	0.01707	0.02615	0.01133	0.02008	0.01356	0.01628	0.00933	0.01077	0.00856	0.00576	0.00430	0.00146	0.00711	0.00359	0.00291	0.00856
54	0.02031	0.01911	0.18044	0.02234	0.22115	0.05874	0.01658	0.02442	0.01649	0.25003	0.04194	0.02073	0.01460	0.00774	0.00724	0.00210	0.03378	0.02705	0.00505	0.01014
55	0.01878	0.36137	0.12829	0.06800	0.05945	0.09836	0.03676	0.09496	0.01656	0.04367	0.01162	0.01342	0.00935	0.00637	0.00554	0.00176	0.00837	0.00467	0.00357	0.00914
56	0.61471	0.01773	0.01215	0.01094	0.01492	0.19582	0.00869	0.02149	0.01332	0.02668	0.00960	0.01120	0.00761	0.00640	0.00463	0.00199	0.00692	0.00381	0.00398	0.00739
57	0.01918	0.02037	0.02102	0.04858	0.22059	0.25096	0.03466	0.08580	0.05442	0.02118	0.01591	0.01889	0.04914	0.03130	0.00886	0.00218	0.07799	0.00614	0.00401	0.00884
58	0.00914	0.00662	0.00863	0.00860	0.00993	0.00611	0.00627	0.01180	0.01746	0.02438	0.54117	0.21407	0.07967	0.01550	0.00806	0.00226	0.00334	0.01380	0.00708	0.00611
59	0.01461	0.01964	0.17564	0.04673	0.15341	0.01519	0.34116	0.01998	0.01536	0.02150	0.05709	0.05805	0.01491	0.00719	0.00737	0.00220	0.00948	0.00775	0.00365	0.00911
60	0.01492	0.27427	0.50268	0.01663	0.02518	0.01916	0.02044	0.02087	0.01399	0.01947	0.01116	0.01305	0.00854	0.00617	0.00570	0.00190	0.00902	0.00451	0.00285	0.00949
61	0.01368	0.01166	0.01241	0.01136	0.01423	0.03460	0.00872	0.02509	0.38653	0.02648	0.27537	0.03677	0.09260	0.01132	0.00728	0.00220	0.00460	0.00964	0.00687	0.00860
62	0.00845	0.00605	0.00803	0.00916	0.00979	0.00563	0.00625	0.01002	0.01411	0.01914	0.17689	0.61419	0.04826	0.01952	0.00843	0.00260	0.00374	0.01765	0.00647	0.00563
63	0.02585	0.19338	0.02158	0.01287	0.01825	0.01708	0.01111	0.22819	0.02155	0.35438	0.01932	0.01797	0.01316	0.00762	0.00616	0.00191	0.00656	0.00579	0.00654	0.01075
64	0.00793	0.00680	0.00680	0.00680	0.00906	0.00566	0.00510	0.00963	0.01529	0.01813	0.06797	0.06457	0.71961	0.01699	0.00793	0.00227	0.00340	0.01416	0.00623	0.00566
65	0.01552	0.11321	0.26472	0.01633	0.02156	0.04168	0.01664	0.02390	0.19791	0.02103	0.01494	0.01669	0.01177	0.00831	0.00995	0.00226	0.18468	0.00569	0.00394	0.00926
66	0.01618	0.01551	0.02647	0.11701	0.64981	0.01583	0.02038	0.02022	0.01508	0.02141	0.01255	0.01674	0.01045	0.00606	0.00665	0.00202	0.00808	0.00598	0.00328	0.01029
67	0.01166	0.00583	0.00874	0.00874	0.00874	0.00583	0.00583	0.00874	0.00874	0.01166	0.01166	0.02040	0.01166	0.02331	0.02622	0.80478	0.00583	0.00583	0.00291	0.00291
68	0.02258	0.28830	0.02464	0.01527	0.01952	0.48983	0.01245	0.02446	0.01714	0.01620	0.01001	0.01163	0.00863	0.00651	0.00544	0.00163	0.01039	0.00407	0.00325	0.00807
69	0.01669	0.01441	0.01517	0.01365	0.01745	0.01669	0.01062	0.03565	0.71021	0.02807	0.02731	0.02503	0.02048	0.00910	0.00683	0.00228	0.00531	0.00759	0.00683	0.01062
70	0.01769	0.72675	0.07441	0.01191	0.01789	0.02593	0.01223	0.02016	0.01366	0.01610	0.00948	0.01096	0.00860	0.00578	0.00442	0.00147	0.00733	0.00367	0.00287	0.00868
71	0.02222	0.01681	0.03987	0.01449	0.01937	0.01788	0.01200	0.35106	0.29136	0.10959	0.02141	0.02021	0.01538	0.00843	0.00675	0.00212	0.00648	0.00668	0.00681	0.01106
72	0.00938	0.00685	0.00881	0.00832	0.00995	0.00628	0.00624	0.01243	0.01872	0.02625	0.66993	0.05121	0.11258	0.01396	0.00792	0.00212	0.00318	0.01229	0.00730	0.00628
73	0.01547	0.30429	0.37033	0.01764	0.02555	0.01985	0.11902	0.02086	0.01421	0.01926	0.01126	0.01348	0.00879	0.00603	0.00583	0.00189	0.00911	0.00489	0.00293	0.00930
74	0.01346	0.03471	0.72942	0.01912	0.02904	0.01558	0.02479	0.02125	0.01417	0.02125	0.01204	0.01417	0.00850	0.00637	0.00637	0.00212	0.00992	0.00496	0.00283	0.00992
75	0.00975	0.00653	0.00745	0.00745	0.00749	0.00657	0.00422	0.00984	0.00980	0.01310	0.02103	0.04327	0.02411	0.73799	0.05996	0.00666	0.00693	0.00966	0.00405	0.00414
76	0.00865	0.00604	0.00765	0.00874	0.00901	0.00576	0.00559	0.00947	0.01193	0.01590	0.03227	0.54686	0.03843	0.24209	0.01618	0.00385	0.00467	0.01630	0.00559	0.00504
77	0.01946	0.05355	0.20330	0.08659	0.18282	0.12459	0.03692	0.04343	0.01653	0.14779	0.01456	0.01632	0.01064	0.00675	0.00645	0.00201	0.00882	0.00556	0.00417	0.00977
78	0.01669	0.01441	0.01517	0.01365	0.01745	0.01669	0.01062	0.03565	0.71021	0.02807	0.02731	0.02503	0.02048	0.00910	0.00683	0.00228	0.00531	0.00759	0.00683	0.01062
79	0.01413	0.01389	0.01982	0.08624	0.01992	0.01916	0.01461	0.01595	0.01061	0.01620	0.00975	0.01581	0.00938	0.01400	0.07119	0.00342	0.62970	0.00597	0.00299	0.00726
80	0.00818	0.00584	0.00779	0.00934	0.00973	0.00545	0.00623	0.00934	0.01285	0.01713	0.03698	0.75981	0.04438	0.02102	0.00856	0.00273	0.00389	0.01908	0.00623	0.00545
81	0.01765	0.08235	0.22760	0.01477	0.02065	0.01459	0.05121	0.09793	0.06086	0.15000	0.08397	0.02455	0.08371	0.00882	0.00719	0.00210	0.03021	0.00715	0.00526	0.00944

[dist]
# distance from previous block
# <min> <max>
0	39

# created by:
# /home/cegg/simao/soft/augustus-3.2.1/scripts/msa2prfl.pl ./align_prep/EOG090W0G22.fa
