[name]
unknown

[dist]
# distance from previous block
# <min> <max>
0	407

[block]
# block no. 0 follows, 37 sequences, length 14
# corresponding to MSA columns:
# 504-517
name=unknown_A
#
# <colnr> <probs for GDERKNQSTAVLIFYWHMCP>
#	G	D	E	R	K	N	Q	S	T	A	V	L	I	F	Y	W	H	M	C	P
0	0.01499	0.09016	0.16098	0.05769	0.21121	0.05840	0.02985	0.07836	0.04103	0.04713	0.06110	0.04090	0.04662	0.00752	0.00606	0.00187	0.00706	0.02664	0.00394	0.00846
1	0.03849	0.03360	0.06893	0.08603	0.14555	0.11310	0.05886	0.13453	0.03638	0.03801	0.03978	0.07249	0.04998	0.00790	0.00652	0.00190	0.02786	0.00662	0.00415	0.02932
2	0.01307	0.00739	0.00892	0.00830	0.01041	0.00720	0.00638	0.05755	0.01413	0.14440	0.02956	0.13653	0.15480	0.01716	0.13578	0.00325	0.00596	0.00892	0.22374	0.00655
3	0.01290	0.01261	0.02064	0.16154	0.31492	0.04301	0.11097	0.01619	0.01354	0.01815	0.03466	0.14894	0.04819	0.00853	0.00659	0.00201	0.00708	0.00813	0.00365	0.00777
4	0.01607	0.07362	0.11688	0.06226	0.24639	0.05128	0.10801	0.06316	0.01487	0.08793	0.01408	0.05218	0.01172	0.00693	0.00655	0.00192	0.02901	0.02469	0.00374	0.00871
5	0.01615	0.15066	0.27194	0.01501	0.02041	0.17560	0.03281	0.03957	0.08703	0.03624	0.01265	0.03852	0.01028	0.00692	0.00658	0.00184	0.06107	0.00505	0.00341	0.00825
6	0.00746	0.00533	0.00710	0.00852	0.00888	0.00497	0.00568	0.00852	0.01172	0.01563	0.03374	0.78088	0.04049	0.01918	0.00781	0.00249	0.00355	0.01740	0.00568	0.00497
7	0.06300	0.03415	0.07202	0.15246	0.22843	0.03077	0.06597	0.04323	0.03191	0.03934	0.01464	0.08640	0.01314	0.00885	0.02873	0.00225	0.04265	0.03047	0.00363	0.00797
8	0.01651	0.05392	0.07322	0.15775	0.24870	0.05366	0.06374	0.09815	0.01591	0.09522	0.05361	0.01705	0.01238	0.00643	0.00608	0.00186	0.00741	0.00571	0.00395	0.00874
9	0.01279	0.01257	0.01493	0.01332	0.01386	0.09431	0.01055	0.01410	0.01024	0.01419	0.01162	0.01952	0.01173	0.14303	0.16213	0.00446	0.42160	0.00601	0.00301	0.00602
10	0.54857	0.09071	0.01358	0.01100	0.04026	0.17398	0.00855	0.01943	0.01222	0.02327	0.00883	0.01035	0.00713	0.00576	0.00425	0.00177	0.00635	0.00352	0.00351	0.00696
11	0.00767	0.00592	0.00696	0.00764	0.00886	0.00530	0.00552	0.00911	0.01298	0.01640	0.06835	0.34725	0.35032	0.04745	0.00852	0.00245	0.00361	0.07496	0.00564	0.00509
12	0.04294	0.16570	0.05391	0.01556	0.15065	0.11564	0.01076	0.01617	0.01316	0.01731	0.04086	0.14822	0.01741	0.04354	0.00743	0.02883	0.00636	0.02578	0.05204	0.02773
13	0.03773	0.09580	0.04236	0.01329	0.06881	0.02996	0.05334	0.08031	0.12167	0.05520	0.14771	0.07902	0.09273	0.01120	0.04188	0.00229	0.00597	0.00803	0.00505	0.00768

[dist]
# distance from previous block
# <min> <max>
2	4

[block]
# block no. 1 follows, 37 sequences, length 6
# corresponding to MSA columns:
# 522-527
name=unknown_B
#
# <colnr> <probs for GDERKNQSTAVLIFYWHMCP>
#	G	D	E	R	K	N	Q	S	T	A	V	L	I	F	Y	W	H	M	C	P
0	0.03696	0.09061	0.19701	0.01480	0.06682	0.09414	0.01331	0.07241	0.13720	0.06365	0.08954	0.01972	0.01629	0.00738	0.00586	0.00184	0.00682	0.02564	0.00441	0.03559
1	0.01485	0.01254	0.06870	0.09476	0.03693	0.05774	0.02763	0.04664	0.03767	0.13207	0.01930	0.10484	0.04318	0.06965	0.02499	0.00228	0.00623	0.00710	0.05007	0.14285
2	0.00977	0.00887	0.05467	0.03868	0.01272	0.00777	0.03705	0.04490	0.04411	0.01881	0.16589	0.26201	0.09637	0.13255	0.01091	0.00277	0.00481	0.03624	0.00522	0.00587
3	0.01453	0.01609	0.15048	0.01312	0.06402	0.04152	0.01137	0.06440	0.01428	0.05253	0.01171	0.01331	0.00917	0.00522	0.00508	0.00129	0.00598	0.00416	0.00371	0.49801
4	0.01534	0.50697	0.13833	0.01158	0.01683	0.09374	0.01180	0.01800	0.01317	0.01547	0.01513	0.01605	0.09240	0.00661	0.00476	0.00152	0.00698	0.00464	0.00302	0.00765
5	0.00912	0.00704	0.00842	0.00794	0.00974	0.00674	0.00599	0.01339	0.09911	0.02302	0.52051	0.04581	0.19474	0.01265	0.00711	0.00197	0.00316	0.01097	0.00646	0.00610

[dist]
# distance from previous block
# <min> <max>
0	1

[block]
# block no. 2 follows, 37 sequences, length 9
# corresponding to MSA columns:
# 529-537
name=unknown_C
#
# <colnr> <probs for GDERKNQSTAVLIFYWHMCP>
#	G	D	E	R	K	N	Q	S	T	A	V	L	I	F	Y	W	H	M	C	P
0	0.01925	0.26062	0.07822	0.01529	0.05233	0.29473	0.03740	0.11706	0.03748	0.01903	0.01063	0.01202	0.00865	0.00606	0.00524	0.00160	0.00854	0.00426	0.00343	0.00816
1	0.00777	0.00573	0.00702	0.00781	0.00860	0.00528	0.00535	0.00899	0.01229	0.01602	0.08589	0.44640	0.19300	0.12197	0.01084	0.00284	0.00381	0.03998	0.00548	0.00492
2	0.01639	0.08380	0.04169	0.06558	0.40119	0.03377	0.01527	0.12099	0.04310	0.04531	0.03970	0.01634	0.01192	0.00626	0.00586	0.00179	0.00686	0.00550	0.02953	0.00915
3	0.00742	0.00547	0.00696	0.00816	0.00878	0.00500	0.00552	0.00856	0.01207	0.01577	0.03820	0.66683	0.15166	0.01860	0.00772	0.00242	0.00348	0.01669	0.00568	0.00500
4	0.01269	0.01088	0.01269	0.00907	0.01451	0.00816	0.00725	0.01541	0.01269	0.01995	0.01088	0.01269	0.00907	0.00453	0.00453	0.00091	0.00453	0.00363	0.00363	0.82229
5	0.01504	0.03198	0.03797	0.04286	0.17000	0.01174	0.04235	0.10536	0.01560	0.06115	0.05962	0.01730	0.03022	0.00614	0.00556	0.00149	0.00583	0.00531	0.00416	0.33032
6	0.00758	0.00538	0.00707	0.00837	0.00870	0.00505	0.00552	0.00855	0.01149	0.01532	0.03255	0.71976	0.03898	0.08235	0.00974	0.00277	0.00375	0.01670	0.00552	0.00487
7	0.01485	0.05416	0.27856	0.10828	0.15167	0.03342	0.04712	0.09037	0.01465	0.04757	0.01231	0.03748	0.00977	0.00675	0.00706	0.00196	0.06657	0.00545	0.00336	0.00865
8	0.82811	0.01184	0.00900	0.00805	0.01184	0.01373	0.00663	0.01799	0.01042	0.02746	0.00852	0.00994	0.00663	0.00568	0.00379	0.00189	0.00474	0.00331	0.00379	0.00663

[dist]
# distance from previous block
# <min> <max>
0	1

[block]
# block no. 3 follows, 37 sequences, length 24
# corresponding to MSA columns:
# 539-562
name=unknown_D
#
# <colnr> <probs for GDERKNQSTAVLIFYWHMCP>
#	G	D	E	R	K	N	Q	S	T	A	V	L	I	F	Y	W	H	M	C	P
0	0.04514	0.13596	0.01857	0.01404	0.01763	0.45582	0.01103	0.04784	0.16126	0.01819	0.01257	0.01332	0.01010	0.00657	0.00540	0.00166	0.00880	0.00448	0.00381	0.00782
1	0.00748	0.00603	0.00666	0.00688	0.00851	0.00521	0.00502	0.00912	0.01398	0.01748	0.15190	0.20217	0.50649	0.01582	0.00735	0.00213	0.00316	0.01356	0.00583	0.00521
2	0.01223	0.02858	0.63683	0.01741	0.02555	0.01398	0.07070	0.01874	0.01305	0.01930	0.03157	0.01535	0.03006	0.00639	0.00648	0.00198	0.03511	0.00515	0.00282	0.00871
3	0.01394	0.11216	0.55296	0.01618	0.02388	0.04144	0.01946	0.06542	0.04204	0.02004	0.01136	0.01303	0.00837	0.00610	0.00602	0.00188	0.02929	0.00455	0.00298	0.00890
4	0.01339	0.01339	0.01875	0.01607	0.01607	0.01875	0.01339	0.01473	0.00937	0.01473	0.00804	0.01339	0.00804	0.01071	0.02009	0.00268	0.77367	0.00536	0.00268	0.00670
5	0.00890	0.00593	0.00668	0.00668	0.00668	0.00593	0.00371	0.00890	0.00890	0.01187	0.01929	0.04006	0.02225	0.78487	0.03116	0.00593	0.00593	0.00890	0.00371	0.00371
6	0.01034	0.00940	0.04764	0.03838	0.03230	0.00981	0.05556	0.01234	0.01039	0.01479	0.01505	0.03975	0.01438	0.05287	0.38857	0.09672	0.10668	0.03605	0.00323	0.00575
7	0.01856	0.02204	0.07909	0.01664	0.07562	0.39092	0.06467	0.03943	0.03244	0.06159	0.01774	0.05605	0.08316	0.00781	0.00607	0.00179	0.00876	0.00615	0.00388	0.00760
8	0.00724	0.00617	0.00624	0.00629	0.00829	0.00516	0.00469	0.00877	0.01386	0.01650	0.06089	0.08765	0.71619	0.01565	0.00726	0.00208	0.00312	0.01310	0.00568	0.00516
9	0.52773	0.01161	0.01114	0.00926	0.01341	0.01241	0.00764	0.05421	0.01359	0.26622	0.01395	0.01375	0.00961	0.00638	0.00467	0.00189	0.00498	0.00435	0.00514	0.00805
10	0.01438	0.03891	0.30762	0.06063	0.18523	0.10783	0.04168	0.03774	0.03623	0.01909	0.01350	0.06481	0.01158	0.00707	0.00608	0.00192	0.00820	0.02575	0.00327	0.00847
11	0.01588	0.10336	0.28290	0.03130	0.09406	0.05954	0.06956	0.04201	0.03329	0.11007	0.03307	0.04025	0.01179	0.00685	0.00649	0.00189	0.03968	0.00559	0.00375	0.00868
12	0.01412	0.01599	0.03476	0.02499	0.03091	0.01499	0.69089	0.01909	0.01432	0.01942	0.01338	0.05221	0.01074	0.00581	0.00725	0.00208	0.01000	0.00770	0.00322	0.00810
13	0.01640	0.01029	0.01188	0.00990	0.01299	0.01045	0.00788	0.22388	0.04781	0.14318	0.24822	0.03000	0.08210	0.00962	0.00633	0.00185	0.00447	0.00798	0.10683	0.00796
14	0.05481	0.09097	0.10004	0.09400	0.27135	0.03456	0.08325	0.02001	0.03439	0.10219	0.01328	0.03385	0.01053	0.00632	0.00619	0.00187	0.02445	0.00558	0.00362	0.00872
15	0.01291	0.01162	0.03570	0.01028	0.03798	0.00877	0.00808	0.03561	0.01305	0.02015	0.01134	0.01390	0.00960	0.03501	0.00570	0.00119	0.00488	0.00397	0.00365	0.71663
16	0.00874	0.00656	0.00984	0.00984	0.01093	0.00765	0.00765	0.01093	0.00984	0.01421	0.01640	0.02405	0.01530	0.04591	0.76062	0.00984	0.01640	0.00656	0.00328	0.00547
17	0.01185	0.01317	0.09111	0.33469	0.17452	0.01242	0.08409	0.01569	0.01283	0.01729	0.01627	0.13876	0.03475	0.00821	0.00649	0.00206	0.00740	0.00764	0.00336	0.00740
18	0.04852	0.11300	0.09507	0.05797	0.21660	0.06442	0.02883	0.01800	0.04642	0.04637	0.09108	0.06085	0.07190	0.00796	0.00597	0.00185	0.00649	0.00678	0.00399	0.00794
19	0.00868	0.00581	0.00743	0.00826	0.00920	0.00528	0.00572	0.00998	0.01268	0.06020	0.07005	0.58685	0.15184	0.01759	0.00759	0.00236	0.00355	0.01573	0.00584	0.00537
20	0.00761	0.00580	0.00700	0.00758	0.00872	0.00519	0.00535	0.00919	0.01354	0.01763	0.17838	0.39629	0.28228	0.01666	0.00750	0.00224	0.00327	0.01468	0.00588	0.00519
21	0.01529	0.10077	0.11598	0.01668	0.09773	0.19356	0.07214	0.05920	0.01490	0.01807	0.01713	0.14931	0.03537	0.00927	0.00655	0.01661	0.00769	0.04252	0.00380	0.00744
22	0.01705	0.18217	0.06113	0.01771	0.11551	0.14334	0.09283	0.06993	0.03779	0.04138	0.01127	0.01334	0.00915	0.00618	0.00669	0.00170	0.07331	0.00476	0.00344	0.09131
23	0.00764	0.00562	0.00701	0.00804	0.00873	0.00518	0.00549	0.00878	0.01199	0.01558	0.03774	0.55113	0.17090	0.08498	0.00976	0.00272	0.00376	0.04451	0.00551	0.00493

[dist]
# distance from previous block
# <min> <max>
2	4

[block]
# block no. 4 follows, 37 sequences, length 21
# corresponding to MSA columns:
# 567-587
name=unknown_E
#
# <colnr> <probs for GDERKNQSTAVLIFYWHMCP>
#	G	D	E	R	K	N	Q	S	T	A	V	L	I	F	Y	W	H	M	C	P
0	0.04949	0.18822	0.13364	0.07067	0.11521	0.05384	0.09086	0.04828	0.07792	0.04048	0.01236	0.01437	0.00971	0.00685	0.02362	0.00193	0.00765	0.00495	0.00347	0.04651
1	0.00796	0.00615	0.00767	0.03267	0.01018	0.00556	0.00590	0.00949	0.01281	0.01684	0.09556	0.46795	0.21588	0.01639	0.00736	0.00222	0.00360	0.01452	0.00554	0.05576
2	0.01269	0.01088	0.01269	0.00907	0.01451	0.00816	0.00725	0.01541	0.01269	0.01995	0.01088	0.01269	0.00907	0.00453	0.00453	0.00091	0.00453	0.00363	0.00363	0.82229
3	0.01613	0.03833	0.17900	0.03662	0.20535	0.08714	0.01454	0.04839	0.01490	0.11177	0.03285	0.04244	0.04089	0.00689	0.00587	0.00175	0.00706	0.00575	0.00397	0.10035
4	0.01279	0.00909	0.01295	0.06660	0.12802	0.00880	0.01031	0.03563	0.01423	0.10211	0.02730	0.16581	0.08746	0.01230	0.00706	0.00220	0.00538	0.21327	0.00512	0.07358
5	0.01269	0.01088	0.01269	0.00907	0.01451	0.00816	0.00725	0.01541	0.01269	0.01995	0.01088	0.01269	0.00907	0.00453	0.00453	0.00091	0.00453	0.00363	0.00363	0.82229
6	0.03612	0.07150	0.16048	0.05466	0.34895	0.06832	0.01642	0.04823	0.03034	0.03493	0.01274	0.04523	0.01084	0.02756	0.00653	0.00195	0.00750	0.00558	0.00335	0.00876
7	0.01455	0.03645	0.09324	0.11037	0.34912	0.06598	0.07271	0.04149	0.03231	0.02015	0.09075	0.01822	0.01456	0.00649	0.00617	0.00186	0.00748	0.00598	0.00353	0.00856
8	0.01055	0.00535	0.00791	0.00791	0.00791	0.00535	0.00524	0.00802	0.00802	0.01069	0.01104	0.01962	0.01118	0.05720	0.02426	0.78351	0.00535	0.00549	0.00271	0.00271
9	0.01438	0.01202	0.06194	0.01073	0.01357	0.05862	0.00879	0.17712	0.01763	0.08360	0.14331	0.25775	0.06585	0.01209	0.00677	0.00204	0.00513	0.01035	0.03106	0.00725
10	0.00944	0.00805	0.04029	0.12031	0.04743	0.00766	0.00867	0.01135	0.01150	0.01553	0.02366	0.27327	0.02618	0.21396	0.03686	0.00350	0.00588	0.10307	0.02797	0.00541
11	0.01478	0.01633	0.05649	0.06240	0.21001	0.06053	0.30397	0.02034	0.08951	0.01943	0.01303	0.01637	0.01026	0.00711	0.02755	0.00221	0.05160	0.00622	0.00335	0.00850
12	0.01659	0.01800	0.23079	0.01591	0.10691	0.02930	0.01396	0.08338	0.03657	0.15110	0.01518	0.01726	0.01138	0.00649	0.00571	0.00171	0.00662	0.02822	0.04084	0.16408
13	0.82811	0.01184	0.00900	0.00805	0.01184	0.01373	0.00663	0.01799	0.01042	0.02746	0.00852	0.00994	0.00663	0.00568	0.00379	0.00189	0.00474	0.00331	0.00379	0.00663
14	0.01063	0.00532	0.00797	0.00797	0.00797	0.00532	0.00532	0.00797	0.00797	0.01063	0.01063	0.01861	0.01063	0.02127	0.02392	0.82190	0.00532	0.00532	0.00266	0.00266
15	0.01515	0.01282	0.01349	0.01207	0.01548	0.01470	0.00941	0.06210	0.65259	0.02574	0.02578	0.02391	0.04713	0.00851	0.00620	0.00204	0.00480	0.00706	0.03161	0.00942
16	0.01340	0.01084	0.01742	0.39855	0.19793	0.01203	0.01469	0.01694	0.01329	0.07821	0.01649	0.02134	0.04980	0.00710	0.00610	0.00195	0.00687	0.03363	0.07587	0.00754
17	0.00874	0.00656	0.00984	0.00984	0.01093	0.00765	0.00765	0.01093	0.00984	0.01421	0.01640	0.02405	0.01530	0.04591	0.76062	0.00984	0.01640	0.00656	0.00328	0.00547
18	0.06563	0.21287	0.05810	0.01198	0.01621	0.05844	0.02647	0.08487	0.22768	0.06272	0.04668	0.01758	0.01428	0.00856	0.03548	0.00208	0.00647	0.00544	0.02999	0.00847
19	0.01584	0.05175	0.13677	0.03314	0.09029	0.07104	0.01251	0.11995	0.05354	0.04990	0.04267	0.01530	0.01166	0.00621	0.00578	0.00157	0.02187	0.00488	0.00405	0.25128
20	0.16521	0.23213	0.10052	0.01172	0.03165	0.10411	0.01054	0.05161	0.03583	0.03639	0.08367	0.04860	0.05016	0.00752	0.00520	0.00173	0.00633	0.00561	0.00395	0.00750

[dist]
# distance from previous block
# <min> <max>
2	4

[block]
# block no. 5 follows, 37 sequences, length 22
# corresponding to MSA columns:
# 592-613
name=unknown_F
#
# <colnr> <probs for GDERKNQSTAVLIFYWHMCP>
#	G	D	E	R	K	N	Q	S	T	A	V	L	I	F	Y	W	H	M	C	P
0	0.01239	0.02025	0.35638	0.03619	0.04212	0.01253	0.08246	0.04030	0.06018	0.02020	0.05480	0.05164	0.01441	0.03043	0.03853	0.00239	0.03189	0.00628	0.07866	0.00798
1	0.01850	0.01446	0.01905	0.09190	0.09528	0.03637	0.09119	0.29275	0.03804	0.08229	0.01460	0.01611	0.01076	0.00652	0.00594	0.00177	0.00679	0.00557	0.06728	0.08484
2	0.00845	0.00625	0.00788	0.00747	0.00901	0.00568	0.00560	0.01113	0.01681	0.02333	0.63993	0.04773	0.16205	0.01297	0.00722	0.00195	0.00292	0.01135	0.00658	0.00568
3	0.01499	0.21348	0.07464	0.01157	0.01665	0.09965	0.03362	0.04862	0.02871	0.01858	0.01292	0.04138	0.03100	0.00608	0.00498	0.00136	0.00635	0.00467	0.00351	0.32724
4	0.01002	0.00716	0.01022	0.00955	0.01054	0.00785	0.03433	0.01147	0.01020	0.03784	0.03775	0.02859	0.01797	0.27351	0.36407	0.03270	0.05163	0.00731	0.03212	0.00517
5	0.01269	0.01088	0.01269	0.00907	0.01451	0.00816	0.00725	0.01541	0.01269	0.01995	0.01088	0.01269	0.00907	0.00453	0.00453	0.00091	0.00453	0.00363	0.00363	0.82229
6	0.01229	0.11402	0.10698	0.01164	0.01520	0.01144	0.04884	0.10787	0.01449	0.01968	0.02137	0.35554	0.02295	0.01173	0.00644	0.00198	0.00553	0.01029	0.00458	0.09715
7	0.01314	0.19119	0.60118	0.01598	0.02422	0.01632	0.02006	0.01916	0.01282	0.01834	0.01046	0.01227	0.00778	0.00569	0.00542	0.00181	0.00852	0.00426	0.00259	0.00880
8	0.01619	0.51051	0.11523	0.01357	0.05874	0.09363	0.01252	0.01916	0.02824	0.01580	0.00947	0.01111	0.00822	0.00566	0.00508	0.00149	0.03503	0.00378	0.00280	0.03375
9	0.30128	0.01066	0.01180	0.00958	0.01368	0.01058	0.00786	0.04440	0.01516	0.40694	0.05248	0.01899	0.03083	0.00731	0.00535	0.00188	0.00486	0.00553	0.03219	0.00863
10	0.00776	0.00569	0.00721	0.00805	0.00885	0.00524	0.00558	0.00919	0.01289	0.01710	0.15128	0.50023	0.14609	0.05290	0.00873	0.00250	0.00355	0.03631	0.00576	0.00509
11	0.00811	0.00619	0.00738	0.00716	0.00874	0.00553	0.00530	0.01035	0.01562	0.02090	0.44672	0.07924	0.30347	0.03847	0.00801	0.00213	0.00309	0.01192	0.00622	0.00546
12	0.00873	0.00592	0.00673	0.00680	0.00696	0.00584	0.00394	0.00896	0.00958	0.01273	0.04603	0.08698	0.05613	0.67821	0.02787	0.00542	0.00556	0.00968	0.00402	0.00392
13	0.01637	0.78856	0.03208	0.01047	0.01571	0.02422	0.01047	0.01833	0.01244	0.01440	0.00851	0.00982	0.00786	0.00524	0.00393	0.00131	0.00655	0.00327	0.00262	0.00786
14	0.00838	0.00625	0.00778	0.00740	0.00897	0.00565	0.00555	0.01100	0.01665	0.02294	0.60669	0.04837	0.19553	0.01311	0.00722	0.00195	0.00293	0.01144	0.00653	0.00565
15	0.01228	0.03166	0.75316	0.01745	0.02649	0.01422	0.02262	0.01939	0.01292	0.01939	0.01099	0.01292	0.00775	0.00582	0.00582	0.00194	0.00905	0.00452	0.00258	0.00905
16	0.00893	0.00814	0.06352	0.00842	0.01043	0.00640	0.00703	0.01213	0.01700	0.02416	0.68905	0.04329	0.05404	0.01202	0.00712	0.00193	0.00335	0.01058	0.00643	0.00602
17	0.01176	0.00586	0.00614	0.00611	0.00759	0.00578	0.00456	0.01446	0.01294	0.05074	0.02111	0.07674	0.01743	0.00801	0.00460	0.00152	0.00299	0.00656	0.72926	0.00584
18	0.01021	0.00829	0.01134	0.07489	0.04309	0.03153	0.03985	0.01306	0.01488	0.02012	0.25974	0.08563	0.08900	0.01271	0.00724	0.00219	0.00493	0.21102	0.05423	0.00603
19	0.01834	0.01481	0.01984	0.06745	0.17952	0.03516	0.06588	0.27907	0.04750	0.07485	0.01493	0.04110	0.01185	0.00728	0.00681	0.00190	0.04045	0.01877	0.00473	0.04977
20	0.01658	0.03785	0.30593	0.01325	0.01884	0.01117	0.02787	0.02081	0.01484	0.25579	0.12634	0.04375	0.01908	0.02948	0.00729	0.00206	0.02892	0.00658	0.00496	0.00861
21	0.76830	0.01313	0.00962	0.00862	0.01236	0.06919	0.00702	0.01847	0.01093	0.02654	0.00859	0.01003	0.00672	0.00573	0.00392	0.00187	0.00520	0.00336	0.00374	0.00666

[dist]
# distance from previous block
# <min> <max>
0	1

[block]
# block no. 6 follows, 37 sequences, length 10
# corresponding to MSA columns:
# 615-624
name=unknown_G
#
# <colnr> <probs for GDERKNQSTAVLIFYWHMCP>
#	G	D	E	R	K	N	Q	S	T	A	V	L	I	F	Y	W	H	M	C	P
0	0.01616	0.03944	0.09635	0.01654	0.12262	0.06132	0.05525	0.04754	0.01428	0.11469	0.01314	0.03383	0.01048	0.00636	0.00672	0.00162	0.06902	0.00511	0.00393	0.26561
1	0.07765	0.00861	0.01226	0.06789	0.01518	0.00850	0.06607	0.01633	0.03059	0.16897	0.05443	0.27770	0.02563	0.04907	0.00795	0.00237	0.00513	0.06247	0.03639	0.00679
2	0.01269	0.01088	0.01269	0.00907	0.01451	0.00816	0.00725	0.01541	0.01269	0.01995	0.01088	0.01269	0.00907	0.00453	0.00453	0.00091	0.00453	0.00363	0.00363	0.82229
3	0.01311	0.01105	0.01196	0.01089	0.01378	0.01230	0.00841	0.02592	0.51670	0.02463	0.18816	0.03088	0.08646	0.00983	0.00653	0.00204	0.00427	0.00833	0.00630	0.00845
4	0.00786	0.00580	0.00745	0.00861	0.00947	0.00539	0.00627	0.00934	0.01256	0.01629	0.03858	0.51910	0.16627	0.01810	0.00783	0.00247	0.00386	0.14394	0.00567	0.00513
5	0.02746	0.01042	0.01421	0.01089	0.01563	0.00900	0.00900	0.02983	0.01752	0.75093	0.02415	0.02083	0.01515	0.00758	0.00616	0.00189	0.00521	0.00616	0.00758	0.01042
6	0.01479	0.01230	0.01292	0.01169	0.01492	0.01415	0.00908	0.03045	0.65361	0.02529	0.02435	0.02284	0.01835	0.00817	0.00601	0.00200	0.00462	0.00678	0.09844	0.00924
7	0.06311	0.01020	0.01357	0.01063	0.01508	0.00899	0.00870	0.02811	0.01687	0.67696	0.02396	0.06247	0.01617	0.00813	0.00614	0.00193	0.00510	0.00665	0.00730	0.00994
8	0.01061	0.00695	0.00895	0.00832	0.01008	0.00654	0.00628	0.01413	0.05771	0.08846	0.58310	0.09983	0.05040	0.01236	0.00712	0.00198	0.00326	0.01089	0.00670	0.00635
9	0.17201	0.01566	0.01606	0.01276	0.01727	0.01754	0.01046	0.50791	0.11359	0.03489	0.01482	0.01483	0.01074	0.00716	0.00570	0.00188	0.00613	0.00528	0.00570	0.00962

[dist]
# distance from previous block
# <min> <max>
0	1

[block]
# block no. 7 follows, 37 sequences, length 16
# corresponding to MSA columns:
# 626-641
name=unknown_H
#
# <colnr> <probs for GDERKNQSTAVLIFYWHMCP>
#	G	D	E	R	K	N	Q	S	T	A	V	L	I	F	Y	W	H	M	C	P
0	0.04191	0.05881	0.09093	0.02886	0.04053	0.11978	0.01145	0.14405	0.09505	0.13291	0.01469	0.01507	0.01082	0.00640	0.00553	0.00164	0.00670	0.00489	0.00467	0.16531
1	0.05169	0.05800	0.10889	0.02347	0.32063	0.10480	0.01509	0.02113	0.13006	0.02001	0.03250	0.01643	0.01196	0.02427	0.00688	0.00195	0.03449	0.00541	0.00362	0.00872
2	0.02237	0.01200	0.01476	0.09354	0.01821	0.07656	0.01025	0.02477	0.01558	0.46833	0.01933	0.01903	0.01312	0.00948	0.04475	0.00233	0.07866	0.00581	0.04217	0.00893
3	0.01063	0.00532	0.00797	0.00797	0.00797	0.00532	0.00532	0.00797	0.00797	0.01063	0.01063	0.01861	0.01063	0.02127	0.02392	0.82190	0.00532	0.00532	0.00266	0.00266
4	0.00874	0.00656	0.00984	0.00984	0.01093	0.00765	0.00765	0.01093	0.00984	0.01421	0.01640	0.02405	0.01530	0.04591	0.76062	0.00984	0.01640	0.00656	0.00328	0.00547
5	0.26948	0.01387	0.01414	0.01136	0.01560	0.01518	0.00931	0.37332	0.02060	0.12037	0.01487	0.04412	0.01117	0.00732	0.00542	0.00187	0.00569	0.00539	0.03205	0.00889
6	0.01063	0.00532	0.00797	0.00797	0.00797	0.00532	0.00532	0.00797	0.00797	0.01063	0.01063	0.01861	0.01063	0.02127	0.02392	0.82190	0.00532	0.00532	0.00266	0.00266
7	0.00930	0.00700	0.00869	0.00814	0.00983	0.00676	0.00614	0.01367	0.09439	0.02426	0.63239	0.04392	0.08762	0.01221	0.00711	0.00195	0.00311	0.01072	0.00663	0.00617
8	0.02251	0.01682	0.01724	0.01347	0.01800	0.06255	0.01102	0.60909	0.02655	0.05877	0.01507	0.01527	0.01080	0.00728	0.00595	0.00179	0.00666	0.00545	0.06585	0.00986
9	0.01542	0.09041	0.06637	0.01912	0.20792	0.08487	0.05021	0.07878	0.01465	0.01995	0.01129	0.01392	0.00933	0.00751	0.03383	0.03208	0.00731	0.00468	0.00340	0.22894
10	0.01600	0.09363	0.03370	0.11938	0.09727	0.01375	0.01167	0.14069	0.03554	0.09885	0.04161	0.05284	0.02869	0.00896	0.00820	0.06228	0.05577	0.02265	0.00439	0.05413
11	0.00764	0.00546	0.00726	0.00840	0.00892	0.00509	0.00570	0.00897	0.01255	0.01694	0.13833	0.67254	0.04303	0.01820	0.00773	0.00240	0.00345	0.01647	0.00584	0.00509
12	0.01547	0.01108	0.06316	0.03128	0.01444	0.00979	0.00889	0.10240	0.09696	0.19054	0.09677	0.09801	0.15677	0.05255	0.00798	0.00224	0.00499	0.02296	0.00593	0.00779
13	0.04305	0.15164	0.20444	0.03427	0.09120	0.16221	0.05022	0.11094	0.01608	0.03994	0.03360	0.01385	0.01011	0.00620	0.00557	0.00174	0.00816	0.00478	0.00353	0.00847
14	0.34554	0.08947	0.10866	0.01071	0.01475	0.07537	0.00990	0.03749	0.01265	0.02212	0.04245	0.01663	0.06911	0.00721	0.00596	0.00185	0.06438	0.00490	0.02881	0.03204
15	0.08823	0.03655	0.06834	0.08369	0.01859	0.03968	0.05121	0.19116	0.07333	0.02448	0.07607	0.07658	0.10360	0.00894	0.00616	0.00193	0.00604	0.00741	0.00485	0.03316

[dist]
# distance from previous block
# <min> <max>
1	18

[block]
# block no. 8 follows, 37 sequences, length 15
# corresponding to MSA columns:
# 660-674
name=unknown_I
#
# <colnr> <probs for GDERKNQSTAVLIFYWHMCP>
#	G	D	E	R	K	N	Q	S	T	A	V	L	I	F	Y	W	H	M	C	P
0	0.06377	0.07834	0.15794	0.07648	0.11749	0.01338	0.01338	0.04265	0.12077	0.04999	0.03620	0.06043	0.01505	0.00977	0.04545	0.00234	0.00697	0.04381	0.00411	0.04168
1	0.12008	0.01417	0.01590	0.05592	0.15033	0.08047	0.01133	0.14644	0.11544	0.05525	0.01663	0.03907	0.03790	0.06498	0.00844	0.00224	0.04660	0.00612	0.00451	0.00820
2	0.01521	0.01623	0.07966	0.09586	0.07884	0.08294	0.14421	0.03952	0.07921	0.05105	0.01311	0.01671	0.01052	0.00705	0.00848	0.00197	0.13612	0.02332	0.00363	0.09635
3	0.01392	0.04798	0.05750	0.07682	0.07114	0.05823	0.11489	0.08744	0.03271	0.01878	0.01468	0.09492	0.01385	0.08362	0.04770	0.00279	0.11760	0.00703	0.00369	0.03471
4	0.00871	0.00650	0.00887	0.00888	0.00972	0.00711	0.00651	0.01032	0.01066	0.01484	0.07787	0.10867	0.06730	0.18897	0.40275	0.00694	0.03742	0.00886	0.00401	0.00510
5	0.01557	0.01417	0.01612	0.04799	0.06814	0.06532	0.03608	0.09432	0.37102	0.02339	0.02021	0.04785	0.03512	0.00825	0.00723	0.00200	0.06403	0.00668	0.00508	0.05144
6	0.01221	0.03867	0.03118	0.01022	0.01311	0.02432	0.00808	0.03586	0.15359	0.04942	0.02427	0.27066	0.04305	0.01337	0.04593	0.00236	0.00531	0.04050	0.00509	0.17279
7	0.01827	0.31888	0.13647	0.03439	0.03561	0.11275	0.03299	0.17899	0.01706	0.04516	0.01115	0.01238	0.00875	0.00604	0.00518	0.00163	0.00766	0.00436	0.00366	0.00862
8	0.01487	0.21976	0.17707	0.04801	0.05023	0.03600	0.08050	0.06729	0.01442	0.05703	0.01526	0.05652	0.01374	0.00893	0.02698	0.00212	0.00762	0.09192	0.00373	0.00799
9	0.00758	0.00538	0.00707	0.00836	0.00869	0.00506	0.00551	0.00856	0.01147	0.01530	0.03247	0.71592	0.03889	0.08631	0.00986	0.00279	0.00376	0.01666	0.00551	0.00486
10	0.00731	0.00620	0.00631	0.00628	0.00832	0.00520	0.00471	0.00894	0.01414	0.01698	0.09946	0.05819	0.70648	0.01534	0.00723	0.00206	0.00309	0.01282	0.00574	0.00520
11	0.01322	0.01184	0.01294	0.00942	0.01474	0.04745	0.00749	0.01588	0.01294	0.01969	0.01081	0.01261	0.00900	0.00463	0.00458	0.00094	0.00487	0.00364	0.00360	0.77971
12	0.00796	0.00579	0.00762	0.00890	0.00965	0.00544	0.00649	0.00945	0.01245	0.01630	0.03618	0.55609	0.10737	0.01833	0.00790	0.00252	0.00396	0.16679	0.00567	0.00514
13	0.18342	0.02750	0.59706	0.01548	0.02342	0.01411	0.01926	0.01909	0.01240	0.02108	0.01047	0.01230	0.00752	0.00579	0.00539	0.00193	0.00814	0.00427	0.00284	0.00854
14	0.02042	0.04699	0.01794	0.06164	0.06160	0.01704	0.01161	0.46419	0.10598	0.06393	0.01588	0.01625	0.01156	0.00718	0.00595	0.00184	0.00636	0.00561	0.04833	0.00971

[dist]
# distance from previous block
# <min> <max>
0	15

[block]
# block no. 9 follows, 37 sequences, length 55
# corresponding to MSA columns:
# 691-745
name=unknown_J
#
# <colnr> <probs for GDERKNQSTAVLIFYWHMCP>
#	G	D	E	R	K	N	Q	S	T	A	V	L	I	F	Y	W	H	M	C	P
0	0.09042	0.01551	0.03469	0.16424	0.27061	0.10660	0.03768	0.06689	0.08039	0.02080	0.01394	0.03116	0.02763	0.00660	0.00591	0.00189	0.00738	0.00565	0.00366	0.00833
1	0.01351	0.01153	0.01367	0.01156	0.07304	0.03193	0.00831	0.01627	0.01329	0.04385	0.04286	0.01453	0.01138	0.00510	0.00485	0.00108	0.00491	0.00419	0.00383	0.67033
2	0.07365	0.01254	0.02026	0.33611	0.35012	0.01370	0.01647	0.01822	0.01324	0.07088	0.01194	0.01566	0.00923	0.00590	0.00593	0.00192	0.00731	0.00534	0.00328	0.00833
3	0.00753	0.00607	0.00670	0.00684	0.00852	0.00525	0.00502	0.00925	0.01421	0.01785	0.18132	0.17027	0.50865	0.01554	0.00732	0.00211	0.00313	0.01329	0.00588	0.00525
4	0.03941	0.00658	0.00780	0.00739	0.00920	0.00598	0.00558	0.01153	0.01593	0.04773	0.46776	0.06329	0.26313	0.01314	0.00707	0.00198	0.00312	0.01131	0.00631	0.00577
5	0.00820	0.00624	0.00754	0.00721	0.00886	0.00558	0.00541	0.01065	0.01623	0.02194	0.52180	0.05001	0.28104	0.01349	0.00722	0.00197	0.00296	0.01167	0.00640	0.00558
6	0.75942	0.01172	0.00944	0.00829	0.01216	0.01333	0.00683	0.01901	0.01103	0.08954	0.00986	0.01088	0.00736	0.00584	0.00399	0.00189	0.00478	0.00356	0.00411	0.00695
7	0.01339	0.01339	0.01875	0.01607	0.01607	0.01875	0.01339	0.01473	0.00937	0.01473	0.00804	0.01339	0.00804	0.01071	0.02009	0.00268	0.77367	0.00536	0.00268	0.00670
8	0.02207	0.02737	0.01751	0.01573	0.01868	0.66904	0.01195	0.04977	0.01709	0.01584	0.00953	0.01138	0.00799	0.00672	0.00679	0.00168	0.07631	0.00412	0.00322	0.00719
9	0.01072	0.00671	0.00884	0.00805	0.00985	0.00613	0.00613	0.01355	0.01735	0.10409	0.66469	0.04300	0.05309	0.01197	0.00710	0.00192	0.00314	0.01053	0.00683	0.00628
10	0.02221	0.01622	0.01744	0.01357	0.01817	0.01790	0.01121	0.66564	0.02747	0.03708	0.01559	0.01702	0.01155	0.00768	0.00611	0.00185	0.00650	0.03029	0.04649	0.01001
11	0.00878	0.00640	0.00905	0.00905	0.00987	0.00722	0.00667	0.01043	0.00960	0.01363	0.01712	0.02803	0.01703	0.22970	0.57919	0.00887	0.01379	0.00714	0.00339	0.00503
12	0.01637	0.78856	0.03208	0.01047	0.01571	0.02422	0.01047	0.01833	0.01244	0.01440	0.00851	0.00982	0.00786	0.00524	0.00393	0.00131	0.00655	0.00327	0.00262	0.00786
13	0.01156	0.01088	0.01836	0.77016	0.04216	0.01360	0.01700	0.01564	0.01224	0.01564	0.01088	0.01632	0.00816	0.00612	0.00612	0.00204	0.00816	0.00544	0.00272	0.00680
14	0.02467	0.01190	0.01469	0.01141	0.01597	0.01143	0.00938	0.20546	0.03842	0.49994	0.02442	0.02199	0.06511	0.00809	0.00622	0.00190	0.00544	0.00649	0.00704	0.01003
15	0.01248	0.01182	0.02003	0.58175	0.22335	0.01384	0.01746	0.01645	0.01268	0.01676	0.01104	0.01602	0.00856	0.00595	0.00610	0.00198	0.00793	0.00544	0.00280	0.00754
16	0.00771	0.00605	0.00690	0.00702	0.00855	0.00532	0.00510	0.00948	0.01429	0.01835	0.23757	0.18081	0.41241	0.04258	0.00818	0.00224	0.00322	0.01307	0.00590	0.00524
17	0.01440	0.01378	0.02349	0.19062	0.59951	0.01435	0.01841	0.01813	0.01358	0.01909	0.01138	0.01539	0.00938	0.00559	0.00607	0.00186	0.00746	0.00545	0.00297	0.00909
18	0.01240	0.05492	0.73100	0.01723	0.02616	0.01452	0.02224	0.01935	0.01291	0.01923	0.01091	0.01283	0.00776	0.00580	0.00576	0.00192	0.00897	0.00448	0.00259	0.00901
19	0.01445	0.01651	0.03612	0.02580	0.03199	0.01548	0.72446	0.01961	0.01445	0.01961	0.01238	0.01651	0.00929	0.00516	0.00722	0.00206	0.01032	0.00722	0.00310	0.00826
20	0.00884	0.00653	0.00969	0.00969	0.01080	0.00758	0.00753	0.01105	0.00994	0.01451	0.01652	0.02401	0.01532	0.04456	0.73433	0.00955	0.01593	0.00653	0.03163	0.00547
21	0.01105	0.00664	0.00961	0.03263	0.01064	0.00681	0.02322	0.05992	0.01044	0.01396	0.01508	0.14773	0.01573	0.01987	0.04302	0.55311	0.00569	0.00747	0.00345	0.00396
22	0.00835	0.00635	0.00777	0.00820	0.00948	0.00570	0.00573	0.01002	0.02734	0.01646	0.05132	0.47826	0.14838	0.07115	0.00899	0.00248	0.00381	0.02929	0.00535	0.09555
23	0.01543	0.02615	0.37252	0.02028	0.11759	0.18160	0.09570	0.02124	0.05676	0.01887	0.01169	0.01376	0.00884	0.00595	0.00596	0.00186	0.00916	0.00495	0.00304	0.00864
24	0.11930	0.11833	0.01999	0.08810	0.08055	0.06279	0.09471	0.15624	0.01601	0.02319	0.01199	0.01428	0.00941	0.00615	0.00568	0.00173	0.02535	0.00493	0.08516	0.05614
25	0.01691	0.01486	0.01473	0.01292	0.01657	0.06891	0.01012	0.13014	0.58435	0.02668	0.02237	0.02084	0.01674	0.00803	0.00616	0.00201	0.00555	0.00651	0.00599	0.00961
26	0.49154	0.03709	0.01227	0.03323	0.03002	0.01298	0.00820	0.05593	0.01339	0.20976	0.01299	0.01332	0.00920	0.00620	0.00465	0.00184	0.00517	0.00426	0.00477	0.03319
27	0.01110	0.00889	0.01061	0.03355	0.01318	0.00958	0.00818	0.01902	0.28837	0.02141	0.15676	0.23344	0.03354	0.01312	0.00715	0.00226	0.00437	0.11242	0.00598	0.00706
28	0.01156	0.01088	0.01836	0.77016	0.04216	0.01360	0.01700	0.01564	0.01224	0.01564	0.01088	0.01632	0.00816	0.00612	0.00612	0.00204	0.00816	0.00544	0.00272	0.00680
29	0.00890	0.00593	0.00668	0.00668	0.00668	0.00593	0.00371	0.00890	0.00890	0.01187	0.01929	0.04006	0.02225	0.78487	0.03116	0.00593	0.00593	0.00890	0.00371	0.00371
30	0.00802	0.00582	0.00740	0.00800	0.00887	0.00540	0.00562	0.00965	0.01345	0.01809	0.23955	0.39268	0.12194	0.08245	0.00961	0.00259	0.00361	0.04628	0.00581	0.00515
31	0.01637	0.78856	0.03208	0.01047	0.01571	0.02422	0.01047	0.01833	0.01244	0.01440	0.00851	0.00982	0.00786	0.00524	0.00393	0.00131	0.00655	0.00327	0.00262	0.00786
32	0.01547	0.01327	0.01398	0.01251	0.01601	0.01534	0.00975	0.05373	0.71403	0.02600	0.02460	0.02259	0.01843	0.00828	0.00623	0.00207	0.00490	0.00688	0.00623	0.00971
33	0.00960	0.00685	0.00956	0.01097	0.01226	0.00681	0.00940	0.01222	0.01383	0.01802	0.03256	0.14859	0.03582	0.01716	0.00838	0.00278	0.00540	0.62860	0.00564	0.00556
34	0.02396	0.01604	0.01769	0.01356	0.01843	0.01735	0.01120	0.61215	0.02694	0.15532	0.01625	0.01570	0.01119	0.00739	0.00613	0.00185	0.00649	0.00562	0.00636	0.01041
35	0.00939	0.00599	0.00791	0.00883	0.00978	0.00553	0.00630	0.01077	0.01261	0.07904	0.03480	0.59537	0.08800	0.01770	0.00769	0.00244	0.00386	0.08262	0.00584	0.00552
36	0.01339	0.01339	0.01875	0.01607	0.01607	0.01875	0.01339	0.01473	0.00937	0.01473	0.00804	0.01339	0.00804	0.01071	0.02009	0.00268	0.77367	0.00536	0.00268	0.00670
37	0.00888	0.00712	0.00808	0.00789	0.00986	0.00672	0.00609	0.01283	0.10001	0.02032	0.27192	0.05142	0.37358	0.01384	0.00723	0.00209	0.00348	0.07664	0.00608	0.00594
38	0.01447	0.00822	0.00862	0.00762	0.00988	0.00854	0.00596	0.15955	0.01627	0.05540	0.01907	0.02109	0.01460	0.00719	0.00473	0.00153	0.00374	0.00568	0.62100	0.00685
39	0.00835	0.00621	0.00776	0.00745	0.00897	0.00563	0.00556	0.01091	0.01647	0.02268	0.58684	0.07565	0.18824	0.01333	0.00724	0.00197	0.00295	0.01166	0.00650	0.00563
40	0.21593	0.01588	0.01613	0.01264	0.01727	0.01773	0.01044	0.55673	0.02438	0.03592	0.01322	0.01356	0.00950	0.00695	0.00556	0.00185	0.00626	0.00499	0.00556	0.00950
41	0.82811	0.01184	0.00900	0.00805	0.01184	0.01373	0.00663	0.01799	0.01042	0.02746	0.00852	0.00994	0.00663	0.00568	0.00379	0.00189	0.00474	0.00331	0.00379	0.00663
42	0.00826	0.00637	0.00758	0.00751	0.00911	0.00581	0.00560	0.01093	0.03873	0.02053	0.37634	0.13528	0.29865	0.01433	0.00729	0.00207	0.00318	0.03065	0.00619	0.00559
43	0.01804	0.01708	0.01526	0.01339	0.01701	0.16993	0.01043	0.13703	0.47886	0.02539	0.02015	0.01915	0.01518	0.00775	0.00607	0.00194	0.00642	0.00609	0.00558	0.00926
44	0.02269	0.01696	0.01883	0.01576	0.07089	0.01867	0.01214	0.67581	0.02772	0.03725	0.01447	0.01473	0.01036	0.00721	0.00612	0.00184	0.00677	0.00551	0.00590	0.01036
45	0.03565	0.00866	0.01050	0.01022	0.01162	0.06183	0.00789	0.03538	0.01097	0.01538	0.01572	0.02302	0.01463	0.07040	0.62922	0.00858	0.01491	0.00633	0.00340	0.00571
46	0.01445	0.01651	0.03612	0.02580	0.03199	0.01548	0.72446	0.01961	0.01445	0.01961	0.01238	0.01651	0.00929	0.00516	0.00722	0.00206	0.01032	0.00722	0.00310	0.00826
47	0.01262	0.01185	0.01947	0.55408	0.19612	0.01392	0.01687	0.01754	0.06422	0.01731	0.01202	0.01653	0.00925	0.00613	0.00611	0.00199	0.00773	0.00555	0.00304	0.00765
48	0.05163	0.01152	0.01458	0.01288	0.06747	0.02598	0.00964	0.07891	0.07107	0.49794	0.02360	0.04577	0.04447	0.00807	0.00615	0.00192	0.00541	0.00661	0.00668	0.00972
49	0.00901	0.06222	0.01064	0.00936	0.01089	0.00730	0.03559	0.01104	0.01378	0.01829	0.19934	0.34217	0.10993	0.01535	0.00742	0.00226	0.00416	0.12005	0.00560	0.00562
50	0.00761	0.00543	0.00728	0.00870	0.00912	0.00510	0.00594	0.00878	0.01187	0.01580	0.03365	0.73620	0.04016	0.01904	0.00785	0.00251	0.00368	0.06060	0.00568	0.00501
51	0.01656	0.01529	0.02121	0.02874	0.48464	0.08535	0.01567	0.07531	0.07186	0.05067	0.01458	0.05119	0.01245	0.00686	0.00616	0.00187	0.00711	0.02136	0.00389	0.00923
52	0.05039	0.01574	0.06884	0.03990	0.01884	0.03386	0.01161	0.37327	0.04011	0.22563	0.01750	0.01854	0.01249	0.00760	0.00612	0.00191	0.00649	0.03545	0.00597	0.00975
53	0.14802	0.11102	0.06334	0.06586	0.26907	0.01575	0.03049	0.06438	0.06546	0.06157	0.01232	0.01437	0.00967	0.00617	0.00602	0.00185	0.03724	0.00496	0.00372	0.00869
54	0.01564	0.03048	0.08366	0.05065	0.40853	0.04868	0.01576	0.10759	0.02997	0.03762	0.05593	0.03407	0.04047	0.00694	0.00613	0.00185	0.00698	0.00615	0.00389	0.00901

[dist]
# distance from previous block
# <min> <max>
0	24

[block]
# block no. 10 follows, 37 sequences, length 24
# corresponding to MSA columns:
# 770-793
name=unknown_K
#
# <colnr> <probs for GDERKNQSTAVLIFYWHMCP>
#	G	D	E	R	K	N	Q	S	T	A	V	L	I	F	Y	W	H	M	C	P
0	0.05164	0.15100	0.31346	0.01451	0.03271	0.06358	0.02993	0.10293	0.04059	0.02073	0.01606	0.03665	0.06989	0.00725	0.00595	0.00184	0.02385	0.00554	0.00359	0.00832
1	0.01513	0.42694	0.07506	0.01464	0.10155	0.01878	0.04166	0.06079	0.04410	0.01742	0.01255	0.05697	0.01173	0.07041	0.00713	0.00195	0.00668	0.00531	0.00331	0.00790
2	0.01558	0.10116	0.26947	0.01571	0.04938	0.14083	0.06090	0.03380	0.03955	0.07546	0.03135	0.11061	0.01419	0.00786	0.00600	0.00188	0.00782	0.00650	0.00380	0.00814
3	0.09150	0.17976	0.19071	0.01361	0.01900	0.12346	0.05488	0.07063	0.01507	0.11338	0.02837	0.01548	0.02864	0.02313	0.00595	0.00184	0.00750	0.00495	0.00389	0.00825
4	0.01104	0.00631	0.00863	0.00853	0.00899	0.00640	0.00584	0.06714	0.01039	0.01387	0.01541	0.15544	0.01637	0.04686	0.01983	0.57892	0.00514	0.00762	0.00352	0.00375
5	0.06744	0.01262	0.01893	0.12160	0.06606	0.01339	0.15833	0.17127	0.04716	0.02354	0.06580	0.11428	0.05626	0.00886	0.00688	0.00204	0.02520	0.00799	0.00456	0.00779
6	0.04661	0.06672	0.19955	0.03404	0.09902	0.12238	0.03217	0.13625	0.01640	0.07166	0.01496	0.01796	0.03857	0.02511	0.00683	0.00197	0.02773	0.02964	0.00396	0.00847
7	0.01250	0.01173	0.01794	0.03100	0.03349	0.05968	0.21132	0.05458	0.02936	0.02005	0.14557	0.11529	0.04689	0.04495	0.06354	0.00275	0.02645	0.00878	0.05733	0.00680
8	0.01983	0.01409	0.01539	0.01255	0.01654	0.01548	0.01002	0.35054	0.26704	0.11384	0.01965	0.02026	0.01475	0.07161	0.00822	0.00226	0.00585	0.00634	0.00613	0.00961
9	0.02215	0.01576	0.01693	0.01312	0.01765	0.01731	0.01079	0.63220	0.02680	0.05707	0.01551	0.01572	0.01110	0.00733	0.00593	0.00180	0.00629	0.00555	0.09108	0.00992
10	0.00779	0.00566	0.00739	0.00869	0.00918	0.00541	0.00585	0.00954	0.04245	0.01605	0.03336	0.74870	0.03956	0.01872	0.00775	0.00247	0.00361	0.01696	0.00571	0.00517
11	0.02158	0.02729	0.01643	0.01498	0.01805	0.69823	0.01124	0.02316	0.01707	0.01511	0.01378	0.01497	0.06840	0.00706	0.00566	0.00162	0.01039	0.00468	0.00336	0.00694
12	0.06776	0.01917	0.01765	0.01407	0.01858	0.16149	0.01139	0.55187	0.02556	0.03342	0.01335	0.01373	0.00971	0.00706	0.00588	0.00179	0.00745	0.00509	0.00542	0.00956
13	0.00746	0.00533	0.00710	0.00852	0.00888	0.00497	0.00568	0.00852	0.01172	0.01563	0.03374	0.78088	0.04049	0.01918	0.00781	0.00249	0.00355	0.01740	0.00568	0.00497
14	0.05172	0.01202	0.01487	0.09017	0.06549	0.03052	0.01038	0.14547	0.08033	0.25180	0.10244	0.04861	0.01863	0.00807	0.00615	0.00189	0.00565	0.00669	0.00582	0.04328
15	0.01445	0.26389	0.43207	0.01653	0.07104	0.06769	0.01788	0.01936	0.01314	0.01759	0.01015	0.01199	0.00792	0.00565	0.00523	0.00171	0.00829	0.00416	0.00266	0.00859
16	0.01007	0.00662	0.00868	0.00817	0.00987	0.00609	0.00630	0.01287	0.01695	0.07652	0.60652	0.04634	0.07921	0.01263	0.00724	0.00200	0.00329	0.06786	0.00667	0.00608
17	0.01164	0.01086	0.01538	0.01375	0.01410	0.01459	0.01121	0.01323	0.00965	0.01462	0.01202	0.05915	0.01205	0.02195	0.24587	0.00486	0.49944	0.00639	0.00303	0.00622
18	0.01566	0.01631	0.07146	0.17743	0.43719	0.07955	0.01746	0.05913	0.01475	0.03624	0.01164	0.01498	0.00927	0.00584	0.00601	0.00185	0.00782	0.00528	0.00323	0.00891
19	0.00756	0.00537	0.00707	0.00839	0.00872	0.00504	0.00554	0.00855	0.01151	0.01535	0.03268	0.72659	0.03915	0.07529	0.00952	0.00274	0.00373	0.01678	0.00554	0.00488
20	0.00908	0.00706	0.01049	0.01029	0.01130	0.00846	0.00807	0.01121	0.00980	0.01425	0.01579	0.02327	0.01477	0.04335	0.70679	0.00932	0.07144	0.00647	0.00324	0.00555
21	0.01192	0.00620	0.00625	0.00606	0.00764	0.00628	0.00459	0.04481	0.01352	0.02350	0.01974	0.02247	0.01546	0.00714	0.00436	0.00144	0.00302	0.00570	0.78398	0.00591
22	0.64928	0.10503	0.01308	0.01054	0.06046	0.04219	0.00807	0.01832	0.01114	0.02497	0.00875	0.01031	0.00702	0.00564	0.00402	0.00181	0.00535	0.00347	0.00358	0.00699
23	0.26483	0.01431	0.06587	0.10666	0.17949	0.01455	0.03868	0.10455	0.05036	0.02374	0.01155	0.01415	0.00906	0.00747	0.02379	0.02079	0.03349	0.00490	0.00372	0.00804

[dist]
# distance from previous block
# <min> <max>
0	2

[block]
# block no. 11 follows, 37 sequences, length 11
# corresponding to MSA columns:
# 796-806
name=unknown_L
#
# <colnr> <probs for GDERKNQSTAVLIFYWHMCP>
#	G	D	E	R	K	N	Q	S	T	A	V	L	I	F	Y	W	H	M	C	P
0	0.08435	0.04133	0.19808	0.01714	0.11173	0.03274	0.09491	0.07077	0.04517	0.02169	0.03585	0.03512	0.03011	0.00646	0.00571	0.00174	0.00696	0.00555	0.00370	0.15090
1	0.00776	0.00611	0.00740	0.00792	0.00900	0.00575	0.00566	0.00919	0.01298	0.01678	0.11091	0.40655	0.30307	0.01679	0.00810	0.00228	0.03833	0.01458	0.00565	0.00520
2	0.01867	0.28814	0.08370	0.01363	0.05058	0.07521	0.01187	0.23284	0.03750	0.06177	0.01318	0.03528	0.01058	0.00668	0.00527	0.00165	0.00686	0.00494	0.03288	0.00878
3	0.01515	0.01454	0.02485	0.03757	0.74669	0.01454	0.01879	0.01879	0.01394	0.02000	0.01151	0.01515	0.00970	0.00545	0.00606	0.00182	0.00727	0.00545	0.00303	0.00970
4	0.01528	0.04064	0.35583	0.01900	0.13146	0.01459	0.04666	0.11172	0.08216	0.06325	0.03172	0.01714	0.01178	0.00669	0.00606	0.00193	0.00764	0.02330	0.00392	0.00923
5	0.04180	0.01468	0.10512	0.01586	0.10989	0.01255	0.05047	0.11407	0.11837	0.15443	0.01996	0.02191	0.05736	0.03081	0.00684	0.00199	0.00619	0.03054	0.00501	0.08215
6	0.08000	0.01096	0.01758	0.70628	0.03962	0.01361	0.01613	0.01584	0.01209	0.01663	0.01068	0.01579	0.00803	0.00608	0.00592	0.00203	0.00787	0.00526	0.00281	0.00679
7	0.01789	0.42000	0.09462	0.01279	0.01773	0.19064	0.01196	0.07410	0.07545	0.01776	0.01080	0.01185	0.00895	0.00595	0.00483	0.00153	0.00768	0.00402	0.00330	0.00814
8	0.00993	0.00679	0.00808	0.00801	0.00976	0.00625	0.00593	0.01260	0.05614	0.08169	0.18042	0.22271	0.28721	0.04180	0.00810	0.00229	0.00364	0.03673	0.00601	0.00592
9	0.00890	0.00593	0.00668	0.00668	0.00668	0.00593	0.00371	0.00890	0.00890	0.01187	0.01929	0.04006	0.02225	0.78487	0.03116	0.00593	0.00593	0.00890	0.00371	0.00371
10	0.00953	0.04141	0.00917	0.00807	0.00970	0.00664	0.00615	0.01186	0.01551	0.05129	0.43792	0.14302	0.13356	0.03707	0.00791	0.00216	0.00352	0.05354	0.00616	0.00581

[dist]
