[name]
unknown

[dist]
# distance from previous block
# <min> <max>
0	29

[block]
# block no. 0 follows, 35 sequences, length 61
# corresponding to MSA columns:
# 29-41,44-91
name=unknown_A
#
# <colnr> <probs for GDERKNQSTAVLIFYWHMCP>
#	G	D	E	R	K	N	Q	S	T	A	V	L	I	F	Y	W	H	M	C	P
0	0.01022	0.00730	0.01022	0.01168	0.01314	0.00730	0.01022	0.01314	0.01460	0.01899	0.03359	0.07156	0.03651	0.01752	0.00876	0.00292	0.00584	0.69478	0.00584	0.00584
1	0.01696	0.78087	0.03324	0.01085	0.01628	0.02510	0.01085	0.01900	0.01289	0.01493	0.00882	0.01018	0.00814	0.00543	0.00407	0.00136	0.00678	0.00339	0.00271	0.00814
2	0.00772	0.00555	0.00733	0.00875	0.00918	0.00516	0.00585	0.00884	0.01223	0.01623	0.03600	0.74781	0.06639	0.01974	0.00808	0.00256	0.00366	0.01787	0.00589	0.00516
3	0.00773	0.00552	0.00736	0.00883	0.00920	0.00515	0.00589	0.00883	0.01215	0.01619	0.03497	0.77291	0.04196	0.01987	0.00810	0.00258	0.00368	0.01803	0.00589	0.00515
4	0.65333	0.11033	0.01313	0.00923	0.01339	0.03530	0.00781	0.05882	0.01234	0.02707	0.00922	0.01060	0.00729	0.00595	0.00413	0.00187	0.00544	0.00358	0.00389	0.00727
5	0.02412	0.01777	0.01904	0.01460	0.01967	0.01967	0.01206	0.71633	0.02983	0.03998	0.01523	0.01523	0.01079	0.00762	0.00635	0.00190	0.00698	0.00571	0.00635	0.01079
6	0.00750	0.00643	0.00643	0.00643	0.00857	0.00536	0.00482	0.00910	0.01446	0.01714	0.06427	0.06105	0.73490	0.01607	0.00750	0.00214	0.00321	0.01339	0.00589	0.00536
7	0.00815	0.00582	0.00784	0.00931	0.00987	0.00552	0.00662	0.00956	0.01256	0.01667	0.03473	0.65438	0.04104	0.01948	0.00821	0.00263	0.00405	0.13240	0.00588	0.00527
8	0.12494	0.05764	0.01847	0.01592	0.03516	0.54993	0.03864	0.05461	0.01718	0.01854	0.01005	0.01172	0.00822	0.00639	0.00553	0.00170	0.01010	0.00421	0.00346	0.00758
9	0.02479	0.01668	0.01836	0.01408	0.01913	0.01806	0.01163	0.60924	0.02800	0.14964	0.01676	0.01622	0.01156	0.00765	0.00635	0.00191	0.00673	0.00582	0.00658	0.01079
10	0.01022	0.00730	0.01022	0.01168	0.01314	0.00730	0.01022	0.01314	0.01460	0.01899	0.03359	0.07156	0.03651	0.01752	0.00876	0.00292	0.00584	0.69478	0.00584	0.00584
11	0.01598	0.55744	0.15773	0.01405	0.02028	0.02219	0.09870	0.01935	0.01323	0.01648	0.00976	0.01158	0.00830	0.00552	0.00483	0.00157	0.00771	0.00412	0.00277	0.00841
12	0.01640	0.01455	0.02457	0.07835	0.64595	0.01460	0.01863	0.02010	0.01461	0.07225	0.01284	0.01619	0.01036	0.00585	0.00629	0.00190	0.00744	0.00570	0.00346	0.00993
13	0.01315	0.01128	0.01315	0.00940	0.01503	0.00846	0.00752	0.01597	0.01315	0.02067	0.01128	0.01315	0.00940	0.00470	0.00470	0.00094	0.00470	0.00376	0.00376	0.81583
14	0.01315	0.01128	0.01315	0.00940	0.01503	0.00846	0.00752	0.01597	0.01315	0.02067	0.01128	0.01315	0.00940	0.00470	0.00470	0.00094	0.00470	0.00376	0.00376	0.81583
15	0.02154	0.01489	0.01633	0.01321	0.01763	0.01629	0.01069	0.35770	0.26099	0.14164	0.02047	0.01933	0.01461	0.00798	0.00632	0.00198	0.00594	0.00631	0.03577	0.01036
16	0.01327	0.00934	0.01157	0.06407	0.05545	0.02953	0.00849	0.01738	0.09381	0.11695	0.17770	0.12651	0.12272	0.04372	0.00798	0.00224	0.00479	0.02826	0.03683	0.02940
17	0.02170	0.07341	0.02015	0.01511	0.01970	0.16571	0.05192	0.38247	0.13405	0.03010	0.01521	0.01554	0.01135	0.00727	0.00614	0.00186	0.00777	0.00555	0.00531	0.00967
18	0.01456	0.18761	0.43338	0.01803	0.07445	0.03705	0.05880	0.04517	0.01432	0.01982	0.03346	0.01416	0.01000	0.00612	0.00576	0.00186	0.00854	0.00487	0.00303	0.00901
19	0.01737	0.01570	0.05900	0.05137	0.46404	0.01471	0.11155	0.05847	0.01570	0.10935	0.01378	0.01651	0.01058	0.00602	0.00645	0.00194	0.00778	0.00595	0.00387	0.00987
20	0.06049	0.02063	0.21559	0.05034	0.03089	0.01553	0.47204	0.02002	0.01425	0.02058	0.01218	0.01577	0.00902	0.00559	0.00687	0.00209	0.00995	0.00647	0.00310	0.00861
21	0.01548	0.01501	0.02387	0.13817	0.57249	0.04190	0.01841	0.02004	0.05507	0.02023	0.01256	0.01617	0.01029	0.00595	0.00628	0.00192	0.00766	0.00568	0.00329	0.00953
22	0.01974	0.01786	0.11853	0.01664	0.09525	0.12706	0.03206	0.08306	0.08623	0.21118	0.02032	0.04308	0.03635	0.00839	0.00650	0.00202	0.00728	0.05399	0.00528	0.00919
23	0.01072	0.00763	0.03899	0.00951	0.01119	0.00634	0.00740	0.01253	0.01354	0.10516	0.03673	0.46731	0.13402	0.01703	0.00780	0.00246	0.00431	0.09521	0.00599	0.00612
24	0.00909	0.00718	0.00924	0.03879	0.03371	0.00687	0.00806	0.01140	0.01418	0.01795	0.06299	0.09635	0.32617	0.01785	0.05055	0.00291	0.00534	0.27005	0.00556	0.00577
25	0.01506	0.01708	0.11711	0.08599	0.59901	0.01496	0.01985	0.01932	0.01419	0.02033	0.01182	0.01549	0.00968	0.00575	0.00625	0.00192	0.00783	0.00553	0.00306	0.00976
26	0.01525	0.01470	0.02536	0.12233	0.63344	0.01499	0.04255	0.01912	0.01426	0.02019	0.01189	0.01589	0.00985	0.00572	0.00633	0.00192	0.00775	0.00571	0.00311	0.00965
27	0.01464	0.01706	0.06020	0.13673	0.03320	0.03868	0.52184	0.01956	0.01437	0.01926	0.01220	0.01658	0.00927	0.00588	0.00794	0.00215	0.05221	0.00689	0.00311	0.00823
28	0.01426	0.01374	0.02379	0.31181	0.43998	0.01475	0.05333	0.01828	0.01381	0.01900	0.01173	0.01623	0.00943	0.00590	0.00636	0.00198	0.00804	0.00574	0.00302	0.00884
29	0.01299	0.02835	0.58214	0.02054	0.11737	0.01430	0.04101	0.01954	0.01366	0.02010	0.01303	0.01782	0.01031	0.00676	0.00629	0.00206	0.00893	0.05265	0.00297	0.00919
30	0.01526	0.02409	0.47641	0.01549	0.02261	0.01232	0.01820	0.02086	0.01455	0.16047	0.03638	0.04275	0.01516	0.00829	0.00651	0.00212	0.00786	0.08735	0.00426	0.00903
31	0.01039	0.00714	0.00996	0.00990	0.01140	0.00689	0.03716	0.01225	0.01297	0.06950	0.04800	0.23838	0.13167	0.11574	0.11975	0.00406	0.00667	0.13706	0.00531	0.00580
32	0.01351	0.05263	0.44546	0.01905	0.05505	0.03704	0.14415	0.01922	0.01380	0.03365	0.01435	0.09646	0.01224	0.00742	0.00645	0.00205	0.00881	0.00664	0.00326	0.00872
33	0.01410	0.01316	0.02239	0.26267	0.42742	0.01401	0.04286	0.01799	0.01385	0.01940	0.01300	0.01851	0.01080	0.00637	0.00632	0.00198	0.00762	0.02941	0.04947	0.00867
34	0.01239	0.01128	0.01825	0.26462	0.22224	0.01249	0.03348	0.01575	0.01358	0.01853	0.05935	0.06987	0.05443	0.00936	0.00790	0.00219	0.06454	0.08031	0.02197	0.00749
35	0.01484	0.01681	0.05852	0.08093	0.18616	0.01565	0.49048	0.01984	0.01464	0.02011	0.01248	0.01666	0.00958	0.00551	0.00709	0.00208	0.00981	0.00686	0.00315	0.00880
36	0.01778	0.02078	0.09187	0.11495	0.24206	0.25595	0.01576	0.02223	0.06998	0.04458	0.01335	0.03843	0.01094	0.00681	0.00615	0.00189	0.00872	0.00557	0.00361	0.00860
37	0.01690	0.06392	0.29100	0.06243	0.17686	0.01352	0.01707	0.02150	0.01473	0.18757	0.01784	0.01881	0.05589	0.00698	0.00616	0.00195	0.00747	0.00582	0.00419	0.00939
38	0.01336	0.04489	0.51731	0.02044	0.05528	0.01503	0.17741	0.01986	0.01382	0.02001	0.01242	0.01619	0.00943	0.00623	0.00641	0.00205	0.00942	0.02846	0.00292	0.00907
39	0.01732	0.01349	0.02202	0.20445	0.42556	0.01395	0.01703	0.03975	0.01511	0.14829	0.01419	0.01702	0.01070	0.00626	0.00631	0.00195	0.00736	0.00578	0.00399	0.00949
40	0.01530	0.14708	0.51909	0.01644	0.02436	0.08135	0.01961	0.04408	0.01444	0.04594	0.01148	0.01308	0.00844	0.00610	0.00572	0.00187	0.00893	0.00453	0.00305	0.00911
41	0.01407	0.01800	0.21640	0.17458	0.20572	0.03939	0.01735	0.01857	0.01429	0.06210	0.04407	0.02399	0.03833	0.00791	0.00655	0.00208	0.00775	0.07665	0.00375	0.00845
42	0.00779	0.00559	0.00741	0.00884	0.00929	0.00522	0.00597	0.00896	0.01228	0.01630	0.03576	0.73390	0.06145	0.01970	0.00810	0.00257	0.00373	0.03608	0.00589	0.00518
43	0.01656	0.01761	0.02103	0.14559	0.27689	0.20937	0.06172	0.04270	0.01543	0.01875	0.01413	0.08959	0.01295	0.00768	0.00645	0.00196	0.00850	0.02131	0.00356	0.00820
44	0.01441	0.01229	0.02004	0.32406	0.23252	0.01332	0.05105	0.05827	0.01505	0.06471	0.06754	0.05005	0.03413	0.00754	0.00657	0.00204	0.00731	0.00691	0.00395	0.00823
45	0.00923	0.00615	0.00692	0.00692	0.00692	0.00615	0.00384	0.00923	0.00923	0.01230	0.01999	0.04151	0.02306	0.77705	0.03229	0.00615	0.00615	0.00923	0.00384	0.00384
46	0.01254	0.01167	0.01961	0.62715	0.14744	0.01397	0.01746	0.01665	0.01297	0.01714	0.01169	0.01696	0.00896	0.00627	0.00627	0.00206	0.00813	0.00565	0.02996	0.00746
47	0.01478	0.04456	0.26937	0.02630	0.29161	0.04214	0.11451	0.02064	0.05499	0.02038	0.01310	0.01680	0.01045	0.00626	0.00635	0.00198	0.00852	0.02468	0.00325	0.00934
48	0.01374	0.04366	0.04569	0.17213	0.20166	0.09902	0.04691	0.01697	0.01309	0.01702	0.01309	0.01848	0.01131	0.03729	0.21801	0.00436	0.01101	0.00584	0.00315	0.00756
49	0.01060	0.00726	0.00904	0.00840	0.01036	0.00679	0.00642	0.01430	0.06244	0.07468	0.52381	0.04666	0.15178	0.01290	0.00737	0.00205	0.00340	0.02844	0.00682	0.00649
50	0.01294	0.05323	0.69487	0.01824	0.02738	0.01508	0.05172	0.02007	0.01344	0.01995	0.01137	0.01346	0.00810	0.00598	0.00603	0.00200	0.00936	0.00477	0.00270	0.00931
51	0.02907	0.10879	0.38923	0.07034	0.02507	0.04415	0.05731	0.04088	0.09421	0.06195	0.01358	0.01505	0.00994	0.00640	0.00595	0.00195	0.00832	0.00513	0.00359	0.00910
52	0.01464	0.01484	0.04557	0.23333	0.46063	0.03131	0.01854	0.01844	0.01368	0.01898	0.01144	0.01574	0.00939	0.00625	0.00728	0.00201	0.06038	0.00558	0.00302	0.00894
53	0.00797	0.00628	0.00725	0.00778	0.00931	0.00556	0.00579	0.00968	0.01410	0.01771	0.10395	0.25770	0.41689	0.01704	0.00780	0.00233	0.00361	0.08791	0.00597	0.00540
54	0.25975	0.01757	0.01430	0.01370	0.06133	0.22677	0.01000	0.07258	0.10605	0.06702	0.01695	0.04022	0.05338	0.00767	0.00557	0.00191	0.00702	0.00561	0.00459	0.00799
55	0.01594	0.09466	0.06874	0.22402	0.20051	0.06281	0.03167	0.12085	0.03252	0.02176	0.05630	0.01713	0.01253	0.00669	0.00613	0.00191	0.00773	0.00570	0.00377	0.00864
56	0.00942	0.00674	0.00813	0.00809	0.00817	0.00720	0.00508	0.00975	0.00967	0.01313	0.02083	0.13258	0.02402	0.59256	0.05043	0.00553	0.07035	0.00997	0.00400	0.00433
57	0.01122	0.00678	0.00851	0.00864	0.01013	0.00620	0.00627	0.01273	0.01361	0.12171	0.07936	0.30506	0.17158	0.13130	0.01142	0.00294	0.00437	0.07632	0.00593	0.00593
58	0.01622	0.01655	0.05249	0.06244	0.46729	0.05418	0.15113	0.02022	0.01468	0.04994	0.01242	0.01592	0.00993	0.00588	0.00677	0.00195	0.02332	0.00591	0.00332	0.00944
59	0.01737	0.73491	0.03231	0.01119	0.01649	0.06959	0.01094	0.01938	0.01320	0.01496	0.00888	0.01025	0.00814	0.00550	0.00417	0.00137	0.00707	0.00343	0.00275	0.00809
60	0.10281	0.35303	0.09497	0.01176	0.01709	0.04230	0.03994	0.01916	0.03325	0.04507	0.04026	0.01506	0.03325	0.00626	0.00492	0.00156	0.00650	0.00460	0.00358	0.12461

[dist]
# distance from previous block
# <min> <max>
0	1

[block]
# block no. 1 follows, 35 sequences, length 35
# corresponding to MSA columns:
# 93-115,118-129
name=unknown_B
#
# <colnr> <probs for GDERKNQSTAVLIFYWHMCP>
#	G	D	E	R	K	N	Q	S	T	A	V	L	I	F	Y	W	H	M	C	P
0	0.01560	0.01361	0.01693	0.23385	0.12271	0.13189	0.03570	0.01835	0.01437	0.11000	0.01847	0.18699	0.01746	0.02699	0.00726	0.00218	0.00737	0.00841	0.00431	0.00754
1	0.01366	0.01279	0.01808	0.04805	0.18653	0.03736	0.07322	0.01868	0.11160	0.02035	0.06381	0.06974	0.04584	0.03238	0.00813	0.00201	0.05783	0.00718	0.00425	0.16849
2	0.01412	0.01708	0.14581	0.07446	0.18646	0.09391	0.01514	0.03947	0.01390	0.01887	0.01458	0.02167	0.01289	0.01465	0.13533	0.00346	0.06430	0.06677	0.03924	0.00790
3	0.00892	0.00689	0.00963	0.00988	0.01098	0.00715	0.02540	0.01072	0.01196	0.01603	0.03077	0.26307	0.12524	0.07776	0.23967	0.00515	0.03484	0.09567	0.00480	0.00549
4	0.01453	0.02182	0.29542	0.02915	0.38921	0.01505	0.07268	0.02035	0.04306	0.02069	0.01236	0.01527	0.00964	0.00589	0.00628	0.00196	0.00836	0.00549	0.00311	0.00968
5	0.00916	0.00615	0.00707	0.00713	0.00719	0.00619	0.00409	0.00930	0.00938	0.01255	0.02043	0.06849	0.02348	0.71804	0.06134	0.00618	0.00651	0.00946	0.00390	0.00397
6	0.01431	0.09539	0.25349	0.01669	0.02310	0.01422	0.17918	0.02007	0.06680	0.05275	0.01491	0.07166	0.01235	0.00691	0.00618	0.00186	0.00778	0.00633	0.00373	0.13230
7	0.01489	0.01146	0.01350	0.00975	0.01530	0.00893	0.00784	0.04206	0.01419	0.08486	0.01263	0.01397	0.01000	0.00508	0.00490	0.00106	0.00484	0.00406	0.00421	0.71647
8	0.01035	0.00705	0.00977	0.01106	0.01241	0.00692	0.00926	0.01286	0.01421	0.04446	0.03357	0.21954	0.03692	0.01768	0.00853	0.00281	0.00536	0.52543	0.00592	0.00587
9	0.01622	0.49012	0.25042	0.01345	0.01999	0.05101	0.01482	0.04764	0.01393	0.01754	0.00991	0.01142	0.00822	0.00574	0.00483	0.00159	0.00778	0.00391	0.00287	0.00860
10	0.01526	0.01607	0.03148	0.03186	0.35044	0.01573	0.37425	0.01975	0.01454	0.02031	0.01226	0.01635	0.00977	0.00570	0.00745	0.00205	0.03782	0.00659	0.00316	0.00917
11	0.00888	0.00680	0.00823	0.00805	0.00982	0.00626	0.00620	0.01196	0.04098	0.02225	0.43087	0.05327	0.26430	0.01424	0.00758	0.00214	0.00342	0.08230	0.00651	0.00592
12	0.01153	0.00960	0.01306	0.01189	0.01257	0.01212	0.00935	0.03563	0.01070	0.01592	0.01448	0.02324	0.01415	0.15278	0.28919	0.00595	0.28974	0.00665	0.05543	0.00601
13	0.01198	0.01128	0.01903	0.76180	0.04369	0.01409	0.01762	0.01621	0.01268	0.01621	0.01128	0.01691	0.00846	0.00634	0.00634	0.00211	0.00846	0.00564	0.00282	0.00705
14	0.07072	0.01622	0.01751	0.01367	0.01852	0.01775	0.01124	0.52884	0.09307	0.12203	0.01703	0.01650	0.01196	0.00764	0.00622	0.00194	0.00648	0.00580	0.00639	0.01049
15	0.00804	0.00645	0.00718	0.00700	0.00890	0.00559	0.00525	0.01016	0.01575	0.02019	0.31085	0.05602	0.48641	0.01493	0.00749	0.00209	0.00313	0.01268	0.00629	0.00559
16	0.00820	0.00645	0.00739	0.00716	0.00900	0.00565	0.00537	0.01046	0.01611	0.02105	0.38000	0.05461	0.41673	0.01461	0.00749	0.00207	0.00311	0.01249	0.00641	0.00565
17	0.01342	0.01324	0.01900	0.11887	0.02016	0.01823	0.01415	0.01524	0.01014	0.01537	0.00908	0.01474	0.00865	0.01192	0.04824	0.00298	0.63122	0.00561	0.00281	0.00690
18	0.01524	0.47793	0.32115	0.01378	0.02081	0.02090	0.01595	0.01944	0.01309	0.01702	0.00986	0.01148	0.00810	0.00567	0.00486	0.00162	0.00783	0.00392	0.00270	0.00864
19	0.01089	0.00689	0.00891	0.00826	0.01011	0.00624	0.00624	0.01358	0.01729	0.10229	0.55212	0.09285	0.11361	0.01313	0.00740	0.00204	0.00332	0.01151	0.00691	0.00640
20	0.02685	0.01100	0.01450	0.01122	0.01590	0.00988	0.00923	0.08246	0.01885	0.63632	0.04612	0.02199	0.01672	0.00797	0.00633	0.00194	0.00535	0.00647	0.04046	0.01045
21	0.01315	0.08606	0.66332	0.01735	0.02621	0.01552	0.02199	0.02056	0.04218	0.01998	0.01178	0.01358	0.00850	0.00609	0.00590	0.00197	0.00901	0.00469	0.00283	0.00931
22	0.04063	0.01261	0.06488	0.01066	0.01368	0.05876	0.00888	0.10730	0.11803	0.02470	0.28780	0.03450	0.11336	0.04728	0.02710	0.00240	0.00541	0.00886	0.00580	0.00737
23	0.15144	0.01108	0.01313	0.01062	0.01487	0.03272	0.00861	0.02663	0.01638	0.52880	0.02259	0.07544	0.01605	0.00838	0.00603	0.00198	0.00530	0.00669	0.03378	0.00949
24	0.61580	0.04687	0.01220	0.01014	0.01403	0.15633	0.00820	0.03779	0.01275	0.02573	0.00918	0.01064	0.00727	0.00604	0.00434	0.00187	0.00629	0.00362	0.00381	0.00711
25	0.00928	0.00628	0.00795	0.00819	0.00923	0.00584	0.00572	0.01096	0.01407	0.04809	0.26648	0.29977	0.10138	0.14660	0.01194	0.00294	0.00396	0.02988	0.00598	0.00547
26	0.01228	0.00900	0.01324	0.01147	0.01399	0.00854	0.10398	0.03966	0.06644	0.08346	0.08985	0.23756	0.15317	0.01413	0.00913	0.08470	0.00508	0.01131	0.00547	0.02754
27	0.08142	0.01160	0.01410	0.01115	0.01555	0.01120	0.00912	0.14473	0.04344	0.45164	0.07449	0.02304	0.04238	0.00834	0.00627	0.00196	0.00531	0.00668	0.02777	0.00983
28	0.00945	0.00691	0.00952	0.00982	0.01066	0.00758	0.00747	0.01120	0.01097	0.01510	0.02185	0.07016	0.02307	0.22785	0.34976	0.00701	0.03479	0.15744	0.00413	0.00525
29	0.02401	0.01660	0.01815	0.01406	0.01900	0.01810	0.01157	0.58000	0.08151	0.12522	0.01724	0.01666	0.01205	0.00772	0.00636	0.00193	0.00664	0.00591	0.00654	0.01073
30	0.00897	0.00620	0.00690	0.00689	0.00725	0.00603	0.00406	0.00930	0.01028	0.01345	0.05119	0.04453	0.12662	0.64114	0.02786	0.00543	0.00562	0.00990	0.00425	0.00414
31	0.82186	0.01227	0.00932	0.00834	0.01227	0.01423	0.00687	0.01865	0.01080	0.02846	0.00883	0.01031	0.00687	0.00589	0.00393	0.00196	0.00491	0.00344	0.00393	0.00687
32	0.01260	0.01863	0.25950	0.08063	0.02342	0.03037	0.14057	0.01846	0.06231	0.02064	0.08562	0.02616	0.06337	0.00833	0.00663	0.00207	0.00753	0.05513	0.07011	0.00792
33	0.01405	0.26742	0.52121	0.01581	0.02395	0.01798	0.01949	0.01975	0.01324	0.01847	0.01058	0.01238	0.00807	0.00584	0.00541	0.00180	0.00856	0.00428	0.00269	0.00899
34	0.55797	0.20912	0.06928	0.00970	0.01440	0.01703	0.00910	0.01884	0.01152	0.02441	0.00902	0.01050	0.00728	0.00578	0.00412	0.00181	0.00571	0.00352	0.00353	0.00738

[dist]
# distance from previous block
# <min> <max>
0	1

[block]
# block no. 2 follows, 35 sequences, length 43
# corresponding to MSA columns:
# 131-155,159-176
name=unknown_C
#
# <colnr> <probs for GDERKNQSTAVLIFYWHMCP>
#	G	D	E	R	K	N	Q	S	T	A	V	L	I	F	Y	W	H	M	C	P
0	0.01680	0.75283	0.05989	0.01113	0.01670	0.02471	0.01133	0.01904	0.01291	0.01512	0.00892	0.01030	0.00814	0.00545	0.00414	0.00138	0.00688	0.00344	0.00271	0.00819
1	0.01213	0.01143	0.01931	0.73194	0.07236	0.01413	0.01769	0.01634	0.01276	0.01640	0.01130	0.01686	0.00852	0.00631	0.00634	0.00210	0.00842	0.00564	0.00283	0.00717
2	0.01141	0.00928	0.01371	0.09060	0.01630	0.01163	0.01055	0.01366	0.01065	0.04432	0.01446	0.02107	0.01311	0.03214	0.45299	0.00708	0.21100	0.00633	0.00335	0.00635
3	0.01163	0.00872	0.00974	0.00865	0.01111	0.00852	0.00671	0.15380	0.01885	0.02522	0.30712	0.04485	0.29842	0.01278	0.00712	0.00201	0.00388	0.01076	0.04338	0.00672
4	0.00984	0.00767	0.01053	0.12345	0.01579	0.00786	0.00887	0.01341	0.04432	0.02136	0.33238	0.07242	0.10811	0.01346	0.00761	0.00229	0.00467	0.18386	0.00590	0.00619
5	0.00831	0.00634	0.00763	0.00755	0.00913	0.00566	0.00557	0.01058	0.01602	0.02140	0.41418	0.14278	0.29202	0.01491	0.00756	0.00212	0.00316	0.01296	0.00647	0.00566
6	0.00912	0.00656	0.00897	0.00897	0.00968	0.00726	0.00640	0.01054	0.00983	0.01382	0.01811	0.03113	0.01855	0.32038	0.48279	0.00868	0.01294	0.00771	0.00357	0.00498
7	0.01552	0.01468	0.02271	0.09843	0.52470	0.03650	0.01728	0.04290	0.08639	0.02117	0.01437	0.05120	0.01228	0.00675	0.00637	0.00196	0.00729	0.00633	0.00368	0.00950
8	0.01453	0.01382	0.02347	0.22410	0.53554	0.01453	0.01856	0.01839	0.01410	0.01971	0.03485	0.01703	0.01123	0.00606	0.00633	0.00195	0.00763	0.00583	0.00318	0.00915
9	0.01390	0.06578	0.66033	0.01737	0.02625	0.01513	0.02195	0.04105	0.01405	0.04996	0.01194	0.01364	0.00844	0.00612	0.00596	0.00197	0.00902	0.00473	0.00300	0.00942
10	0.03800	0.01382	0.01486	0.03999	0.04842	0.13080	0.01061	0.06683	0.01346	0.04093	0.01431	0.02197	0.01334	0.12618	0.11728	0.00388	0.20145	0.02944	0.04761	0.00683
11	0.13841	0.01121	0.01459	0.01150	0.01600	0.01028	0.05778	0.04695	0.01570	0.34471	0.02008	0.08688	0.01561	0.00816	0.00601	0.00187	0.00548	0.02609	0.00592	0.15678
12	0.01315	0.01128	0.01315	0.00940	0.01503	0.00846	0.00752	0.01597	0.01315	0.02067	0.01128	0.01315	0.00940	0.00470	0.00470	0.00094	0.00470	0.00376	0.00376	0.81583
13	0.05421	0.01292	0.01350	0.01108	0.01469	0.01418	0.00893	0.36959	0.09224	0.03236	0.01793	0.01883	0.01340	0.00756	0.00557	0.00178	0.00527	0.00583	0.29130	0.00882
14	0.01320	0.11760	0.66360	0.01726	0.02619	0.01591	0.02201	0.01997	0.01334	0.01951	0.01109	0.01303	0.00805	0.00596	0.00581	0.00194	0.00908	0.00454	0.00268	0.00924
15	0.01664	0.72399	0.08730	0.01140	0.01713	0.02431	0.01181	0.01908	0.01293	0.01532	0.00901	0.01042	0.00813	0.00547	0.00422	0.00141	0.00698	0.00349	0.00271	0.00823
16	0.01320	0.02903	0.57977	0.01963	0.02803	0.01519	0.15171	0.01992	0.01352	0.01992	0.01152	0.01411	0.00835	0.00613	0.00697	0.00207	0.04381	0.00525	0.00278	0.00911
17	0.00778	0.00570	0.00732	0.00847	0.00914	0.00524	0.00576	0.00908	0.01284	0.01695	0.08661	0.63167	0.13231	0.01891	0.00798	0.00248	0.00357	0.01699	0.00596	0.00524
18	0.02382	0.01592	0.04875	0.01287	0.01730	0.14136	0.01067	0.10229	0.08781	0.38603	0.02094	0.04977	0.01493	0.00917	0.02681	0.00217	0.00702	0.00639	0.00631	0.00968
19	0.02189	0.00962	0.01275	0.01032	0.01414	0.00861	0.00831	0.02522	0.05222	0.48955	0.22194	0.02990	0.04783	0.00953	0.00672	0.00199	0.00466	0.00802	0.00749	0.00928
20	0.01004	0.00859	0.01355	0.40150	0.02733	0.00990	0.01217	0.01284	0.01252	0.01631	0.02256	0.35213	0.02429	0.01273	0.00721	0.00235	0.00625	0.03728	0.00429	0.00617
21	0.01236	0.01166	0.01971	0.68828	0.11426	0.01419	0.01781	0.01654	0.01286	0.01667	0.01134	0.01679	0.00862	0.00627	0.00634	0.00209	0.00836	0.00564	0.00285	0.00735
22	0.01796	0.01697	0.01953	0.33065	0.13910	0.17977	0.01538	0.11703	0.01689	0.06843	0.01251	0.01558	0.00944	0.00656	0.00620	0.00193	0.00857	0.00535	0.00379	0.00834
23	0.79827	0.01232	0.00962	0.00859	0.01240	0.01438	0.00707	0.01855	0.01076	0.02808	0.00882	0.01041	0.00691	0.00604	0.00442	0.00199	0.02711	0.00350	0.00389	0.00687
24	0.16552	0.17682	0.46564	0.01482	0.02240	0.01669	0.01784	0.01960	0.01281	0.02064	0.01040	0.01218	0.00784	0.00588	0.00525	0.00187	0.00802	0.00420	0.00292	0.00866
25	0.12017	0.01983	0.33358	0.01264	0.01883	0.01140	0.01401	0.01703	0.01373	0.02185	0.11798	0.02157	0.07354	0.00753	0.00580	0.00179	0.00643	0.00599	0.00393	0.17237
26	0.01102	0.00551	0.00826	0.00826	0.00826	0.00551	0.00551	0.00826	0.00826	0.01102	0.01102	0.01928	0.01102	0.02204	0.02479	0.81543	0.00551	0.00551	0.00275	0.00275
27	0.02125	0.25244	0.02242	0.01434	0.01844	0.42466	0.01169	0.08598	0.05998	0.01820	0.01096	0.01214	0.00907	0.00643	0.00533	0.00161	0.00926	0.00421	0.00357	0.00806
28	0.01341	0.05661	0.46191	0.01803	0.09855	0.03223	0.01871	0.01900	0.01352	0.01982	0.01200	0.03669	0.00955	0.00615	0.00578	0.00178	0.00808	0.00496	0.00304	0.16020
29	0.01380	0.12127	0.49317	0.01831	0.04238	0.01598	0.11066	0.04316	0.01407	0.02001	0.01235	0.04420	0.00976	0.00647	0.00608	0.00196	0.00887	0.00549	0.00302	0.00901
30	0.01199	0.01078	0.01532	0.02027	0.29667	0.01062	0.01141	0.01675	0.10774	0.02081	0.12206	0.03662	0.27212	0.01061	0.00688	0.00202	0.00512	0.00929	0.00502	0.00789
31	0.02535	0.01189	0.03742	0.07948	0.08784	0.01045	0.01143	0.02823	0.01719	0.58873	0.02218	0.02038	0.01431	0.00746	0.00636	0.00197	0.00598	0.00620	0.00681	0.01036
32	0.01660	0.01511	0.06197	0.07189	0.41533	0.01392	0.12876	0.02056	0.01489	0.11980	0.01622	0.01877	0.04381	0.00644	0.00653	0.00197	0.00770	0.00635	0.00389	0.00949
33	0.01405	0.02256	0.35171	0.10486	0.15769	0.01441	0.14555	0.01964	0.01394	0.04877	0.01310	0.04157	0.01022	0.00643	0.00646	0.00204	0.00882	0.00600	0.00319	0.00900
34	0.00947	0.00749	0.03844	0.00996	0.01135	0.00673	0.00790	0.01153	0.01268	0.04434	0.04617	0.36749	0.07093	0.02426	0.17391	0.00425	0.00729	0.13469	0.00529	0.00580
35	0.02147	0.01098	0.01647	0.01399	0.05443	0.01001	0.09275	0.04126	0.03265	0.42779	0.02630	0.09449	0.06433	0.00940	0.00676	0.00207	0.00581	0.03033	0.02943	0.00930
36	0.01284	0.02404	0.45003	0.07483	0.05050	0.01331	0.09984	0.01858	0.01359	0.04158	0.01548	0.10684	0.01348	0.00802	0.00657	0.00212	0.00849	0.02791	0.00341	0.00856
37	0.01414	0.04085	0.14149	0.21848	0.26356	0.01529	0.17681	0.01891	0.01390	0.01919	0.01178	0.01580	0.00916	0.00581	0.00646	0.00200	0.00876	0.00584	0.00299	0.00877
38	0.01266	0.01278	0.04765	0.59328	0.15182	0.01446	0.01800	0.01684	0.01289	0.01704	0.01128	0.01648	0.00869	0.00639	0.00683	0.00210	0.03475	0.00560	0.00286	0.00761
39	0.01254	0.01982	0.29120	0.06569	0.17697	0.01309	0.09300	0.01734	0.01386	0.01940	0.03707	0.04688	0.12433	0.00822	0.00707	0.00207	0.03231	0.00722	0.00355	0.00837
40	0.01331	0.01796	0.21277	0.14526	0.12706	0.01333	0.18455	0.01806	0.01381	0.04198	0.01597	0.12045	0.01432	0.00809	0.00682	0.00214	0.00830	0.02398	0.00357	0.00827
41	0.01435	0.05195	0.26032	0.11780	0.09750	0.03969	0.19936	0.01951	0.01420	0.04267	0.01388	0.01980	0.01125	0.00684	0.00661	0.00208	0.00897	0.06133	0.00332	0.00857
42	0.01431	0.01426	0.12146	0.10795	0.15671	0.01177	0.08628	0.01792	0.01414	0.11677	0.02258	0.13143	0.08504	0.00971	0.00740	0.00216	0.03532	0.03224	0.00442	0.00813

[dist]
# distance from previous block
# <min> <max>
1	39

[block]
# block no. 3 follows, 35 sequences, length 74
# corresponding to MSA columns:
# 217-290
name=unknown_D
#
# <colnr> <probs for GDERKNQSTAVLIFYWHMCP>
#	G	D	E	R	K	N	Q	S	T	A	V	L	I	F	Y	W	H	M	C	P
0	0.03566	0.01751	0.09848	0.01750	0.12886	0.08168	0.01327	0.17330	0.05066	0.10279	0.01432	0.01564	0.01078	0.00698	0.00713	0.00184	0.07034	0.00527	0.03302	0.11498
1	0.01401	0.03125	0.01887	0.26859	0.19718	0.01300	0.03886	0.06300	0.03115	0.05161	0.01949	0.08208	0.07368	0.00841	0.00654	0.00203	0.00691	0.02406	0.00406	0.04523
2	0.01548	0.05483	0.04337	0.06433	0.47524	0.01532	0.03449	0.05119	0.09229	0.02152	0.01539	0.01954	0.02707	0.00679	0.00634	0.00196	0.00721	0.03436	0.00376	0.00951
3	0.04264	0.03334	0.06110	0.25250	0.17409	0.01464	0.05222	0.03401	0.10103	0.03658	0.01576	0.01865	0.04336	0.00710	0.00713	0.00203	0.05438	0.00603	0.00374	0.03965
4	0.10636	0.04187	0.06705	0.02013	0.23708	0.05981	0.01320	0.07184	0.07556	0.10427	0.03888	0.01797	0.03453	0.00686	0.00586	0.00183	0.00657	0.00564	0.00449	0.08019
5	0.08054	0.07284	0.22592	0.06853	0.22536	0.03823	0.05386	0.03926	0.04532	0.05277	0.01274	0.01504	0.00974	0.00614	0.00588	0.00191	0.00780	0.00520	0.02383	0.00907
6	0.01589	0.20988	0.21660	0.02175	0.23553	0.11365	0.01669	0.01986	0.01445	0.01871	0.05172	0.01497	0.01162	0.00623	0.00566	0.00176	0.00809	0.00496	0.00315	0.00882
7	0.01040	0.00891	0.05347	0.00942	0.01116	0.00756	0.05014	0.03214	0.01283	0.03707	0.13346	0.10119	0.10809	0.37490	0.01914	0.00404	0.00561	0.01021	0.00480	0.00546
8	0.01154	0.00939	0.01281	0.01386	0.11245	0.00930	0.03774	0.01692	0.14239	0.04313	0.25959	0.12730	0.15380	0.01208	0.00718	0.00211	0.00449	0.01071	0.00591	0.00731
9	0.01449	0.01207	0.01387	0.01003	0.01560	0.00982	0.00807	0.10115	0.01518	0.02302	0.01176	0.01341	0.00957	0.00505	0.00490	0.00106	0.00498	0.00400	0.00407	0.71793
10	0.11667	0.01995	0.01483	0.01333	0.01651	0.33774	0.01024	0.05577	0.18123	0.02214	0.11520	0.01940	0.01797	0.00799	0.00628	0.00188	0.02439	0.00586	0.00474	0.00787
11	0.01957	0.01495	0.01595	0.01306	0.01705	0.01670	0.01039	0.40199	0.25903	0.03241	0.01936	0.02079	0.01497	0.08150	0.00881	0.00238	0.00614	0.00654	0.02867	0.00974
12	0.02007	0.05782	0.01656	0.01413	0.01702	0.48544	0.01068	0.07927	0.01682	0.01706	0.01224	0.01683	0.01104	0.10477	0.09054	0.00313	0.01082	0.00511	0.00358	0.00707
13	0.00929	0.00672	0.00984	0.00984	0.01100	0.00776	0.00764	0.01162	0.01046	0.01547	0.01730	0.02482	0.01589	0.04422	0.68948	0.00947	0.01582	0.00672	0.07096	0.00568
14	0.01507	0.01504	0.05141	0.08760	0.52609	0.01477	0.03664	0.02066	0.09653	0.02095	0.01439	0.01897	0.01201	0.00654	0.00643	0.00199	0.00740	0.03432	0.00359	0.00958
15	0.01668	0.47020	0.10240	0.01682	0.10280	0.02083	0.09858	0.02023	0.03003	0.05205	0.01109	0.01284	0.00915	0.00569	0.00510	0.00163	0.00750	0.00451	0.00315	0.00871
16	0.01570	0.01507	0.02575	0.03894	0.73748	0.01507	0.01947	0.01947	0.01444	0.02073	0.01193	0.01570	0.01005	0.00565	0.00628	0.00188	0.00754	0.00565	0.00314	0.01005
17	0.00906	0.00680	0.01020	0.01020	0.01133	0.00793	0.00793	0.01133	0.01020	0.01473	0.01699	0.02492	0.01586	0.04758	0.75191	0.01020	0.01699	0.00680	0.00340	0.00566
18	0.01777	0.01646	0.19205	0.01560	0.03810	0.01167	0.11055	0.02255	0.04519	0.25705	0.10361	0.02595	0.01978	0.00854	0.00717	0.00211	0.02725	0.06422	0.00539	0.00901
19	0.01384	0.01397	0.02091	0.06952	0.01992	0.01878	0.07265	0.01575	0.01036	0.01575	0.00891	0.01436	0.00844	0.01029	0.01869	0.00268	0.64955	0.00572	0.00281	0.00708
20	0.00772	0.00557	0.00731	0.00870	0.00917	0.00516	0.00583	0.00885	0.01227	0.01625	0.03657	0.73392	0.07991	0.01967	0.00806	0.00255	0.00365	0.01778	0.00589	0.00516
21	0.00764	0.00640	0.00647	0.00647	0.00843	0.00542	0.00474	0.00911	0.01402	0.01673	0.06057	0.05942	0.67545	0.07962	0.00957	0.00248	0.00346	0.01304	0.00572	0.00523
22	0.75523	0.01273	0.01014	0.00886	0.01289	0.01469	0.00730	0.07692	0.01239	0.02942	0.00937	0.01072	0.00720	0.00603	0.00413	0.00196	0.00508	0.00363	0.00413	0.00720
23	0.01495	0.02038	0.24743	0.05789	0.24116	0.01474	0.17473	0.03593	0.03740	0.05053	0.01367	0.03801	0.01075	0.00638	0.00654	0.00202	0.00855	0.00621	0.00345	0.00928
24	0.03296	0.19106	0.46261	0.01517	0.02266	0.01659	0.01808	0.06861	0.01462	0.02069	0.04296	0.01601	0.03851	0.00668	0.00569	0.00186	0.00804	0.00507	0.00328	0.00885
25	0.02571	0.01110	0.01450	0.01129	0.01582	0.01013	0.00925	0.10778	0.01948	0.57812	0.10585	0.02384	0.02024	0.00842	0.00650	0.00196	0.00530	0.00689	0.00758	0.01024
26	0.02723	0.01142	0.01581	0.01372	0.07657	0.01020	0.01028	0.05649	0.01830	0.65447	0.02355	0.02085	0.01504	0.00766	0.00637	0.00195	0.00564	0.00629	0.00740	0.01073
27	0.00963	0.00785	0.01145	0.01526	0.16678	0.00750	0.00904	0.01153	0.01315	0.01753	0.03376	0.45643	0.12642	0.01610	0.00768	0.00240	0.00463	0.07127	0.00529	0.00629
28	0.01431	0.19475	0.47647	0.01750	0.02544	0.04243	0.10535	0.02006	0.01363	0.01883	0.01095	0.01308	0.00826	0.00583	0.00577	0.00187	0.00904	0.00473	0.00277	0.00893
29	0.02736	0.01228	0.01482	0.01172	0.01636	0.07124	0.00960	0.02976	0.01800	0.65322	0.02409	0.02268	0.01588	0.00812	0.00642	0.00197	0.00592	0.03284	0.00739	0.01032
30	0.02684	0.01044	0.01420	0.01101	0.01563	0.00905	0.00905	0.02933	0.01814	0.68204	0.08425	0.02375	0.01939	0.00828	0.00647	0.00197	0.00520	0.00680	0.00778	0.01039
31	0.01318	0.01282	0.02234	0.49072	0.18562	0.01482	0.08937	0.01725	0.01311	0.01752	0.01140	0.01650	0.00890	0.00638	0.00732	0.00211	0.05406	0.00583	0.00292	0.00782
32	0.01441	0.01359	0.02266	0.05733	0.59998	0.01356	0.01720	0.01797	0.01469	0.02072	0.07757	0.02173	0.06665	0.00705	0.00647	0.00192	0.00686	0.00671	0.00366	0.00926
33	0.01578	0.01363	0.01434	0.01291	0.01650	0.01578	0.01004	0.03371	0.72602	0.02654	0.02582	0.02367	0.01937	0.00861	0.00646	0.00215	0.00502	0.00717	0.00646	0.01004
34	0.01444	0.02823	0.47778	0.01946	0.02719	0.10436	0.17323	0.02053	0.01444	0.01975	0.03404	0.01503	0.01002	0.00616	0.00636	0.00199	0.00972	0.00544	0.00300	0.00884
35	0.01671	0.01164	0.01318	0.01182	0.01519	0.01251	0.00937	0.06769	0.38747	0.14857	0.02962	0.07547	0.08111	0.01063	0.00686	0.00221	0.00506	0.07924	0.00655	0.00910
36	0.02372	0.02950	0.01804	0.01624	0.01962	0.70831	0.01225	0.06619	0.01868	0.01697	0.01013	0.01166	0.00833	0.00660	0.00576	0.00165	0.01118	0.00418	0.00345	0.00756
37	0.01831	0.01494	0.02352	0.06331	0.39986	0.01520	0.08043	0.16228	0.01787	0.09979	0.01461	0.03547	0.01148	0.00665	0.00646	0.00195	0.00744	0.00622	0.00435	0.00988
38	0.02072	0.01786	0.02279	0.01743	0.02251	0.06637	0.18236	0.40779	0.12140	0.03175	0.01575	0.01660	0.01152	0.00713	0.00660	0.00198	0.00791	0.00624	0.00540	0.00992
39	0.00906	0.00680	0.01020	0.01020	0.01133	0.00793	0.00793	0.01133	0.01020	0.01473	0.01699	0.02492	0.01586	0.04758	0.75191	0.01020	0.01699	0.00680	0.00340	0.00566
40	0.82186	0.01227	0.00932	0.00834	0.01227	0.01423	0.00687	0.01865	0.01080	0.02846	0.00883	0.01031	0.00687	0.00589	0.00393	0.00196	0.00491	0.00344	0.00393	0.00687
41	0.01007	0.00945	0.09691	0.00860	0.01020	0.00740	0.00697	0.01189	0.01084	0.01596	0.04091	0.03287	0.02020	0.42435	0.12445	0.00528	0.00741	0.00783	0.14322	0.00520
42	0.00898	0.00648	0.00848	0.00798	0.00948	0.00599	0.00599	0.01197	0.01796	0.02544	0.73413	0.04739	0.05986	0.01297	0.00748	0.00200	0.00299	0.01147	0.00698	0.00599
43	0.01315	0.01128	0.01315	0.00940	0.01503	0.00846	0.00752	0.01597	0.01315	0.02067	0.01128	0.01315	0.00940	0.00470	0.00470	0.00094	0.00470	0.00376	0.00376	0.81583
44	0.02371	0.01708	0.01842	0.01417	0.01914	0.01874	0.01169	0.66310	0.02880	0.06818	0.01736	0.01711	0.03649	0.00792	0.00639	0.00191	0.00678	0.00601	0.00639	0.01060
45	0.01656	0.02513	0.46487	0.01983	0.12351	0.01368	0.04422	0.02231	0.01461	0.17357	0.01441	0.01559	0.01000	0.00634	0.00619	0.00199	0.00832	0.00528	0.00386	0.00974
46	0.02370	0.03023	0.01798	0.01634	0.01961	0.75158	0.01226	0.02533	0.01798	0.01553	0.00981	0.01144	0.00817	0.00654	0.00572	0.00163	0.01144	0.00409	0.00327	0.00735
47	0.01570	0.01507	0.02575	0.03894	0.73748	0.01507	0.01947	0.01947	0.01444	0.02073	0.01193	0.01570	0.01005	0.00565	0.00628	0.00188	0.00754	0.00565	0.00314	0.01005
48	0.01534	0.01470	0.02509	0.10983	0.66944	0.01498	0.01929	0.01915	0.01427	0.02028	0.01187	0.01582	0.00989	0.00572	0.00629	0.00191	0.00763	0.00565	0.00311	0.00975
49	0.01696	0.78087	0.03324	0.01085	0.01628	0.02510	0.01085	0.01900	0.01289	0.01493	0.00882	0.01018	0.00814	0.00543	0.00407	0.00136	0.00678	0.00339	0.00271	0.00814
50	0.01111	0.01042	0.01854	0.01496	0.01794	0.01011	0.24006	0.01445	0.01526	0.02082	0.25260	0.10362	0.10735	0.01172	0.00848	0.00225	0.05264	0.07578	0.00516	0.00674
51	0.01198	0.01128	0.01903	0.76180	0.04369	0.01409	0.01762	0.01621	0.01268	0.01621	0.01128	0.01691	0.00846	0.00634	0.00634	0.00211	0.00846	0.00564	0.00282	0.00705
52	0.02412	0.01777	0.01904	0.01460	0.01967	0.01967	0.01206	0.71633	0.02983	0.03998	0.01523	0.01523	0.01079	0.00762	0.00635	0.00190	0.00698	0.00571	0.00635	0.01079
53	0.00750	0.00643	0.00643	0.00643	0.00857	0.00536	0.00482	0.00910	0.01446	0.01714	0.06427	0.06105	0.73490	0.01607	0.00750	0.00214	0.00321	0.01339	0.00589	0.00536
54	0.01272	0.03281	0.74418	0.01808	0.02746	0.01473	0.02344	0.02009	0.01339	0.02009	0.01138	0.01339	0.00804	0.00603	0.00603	0.00201	0.00938	0.00469	0.00268	0.00938
55	0.01478	0.01846	0.09829	0.02599	0.03266	0.01593	0.65494	0.02030	0.01484	0.02030	0.01271	0.01679	0.00949	0.00541	0.00736	0.00213	0.01058	0.00725	0.00316	0.00863
56	0.01578	0.01363	0.01434	0.01291	0.01650	0.01578	0.01004	0.03371	0.72602	0.02654	0.02582	0.02367	0.01937	0.00861	0.00646	0.00215	0.00502	0.00717	0.00646	0.01004
57	0.00870	0.00622	0.00848	0.00995	0.01074	0.00599	0.00758	0.01052	0.01311	0.01728	0.03443	0.49918	0.03983	0.01896	0.00836	0.00271	0.00452	0.28216	0.00587	0.00542
58	0.02846	0.01080	0.01472	0.01129	0.01619	0.00932	0.00932	0.03092	0.01816	0.74187	0.02503	0.02159	0.01570	0.00785	0.00638	0.00196	0.00540	0.00638	0.00785	0.01080
59	0.01696	0.78087	0.03324	0.01085	0.01628	0.02510	0.01085	0.01900	0.01289	0.01493	0.00882	0.01018	0.00814	0.00543	0.00407	0.00136	0.00678	0.00339	0.00271	0.00814
60	0.00751	0.00639	0.00647	0.00654	0.00860	0.00535	0.00487	0.00909	0.01435	0.01709	0.06293	0.09341	0.70341	0.01624	0.00752	0.00216	0.00323	0.01360	0.00589	0.00535
61	0.01347	0.01380	0.02665	0.27905	0.15314	0.01430	0.29980	0.01781	0.01386	0.01864	0.01400	0.07993	0.01200	0.00695	0.00694	0.00212	0.00881	0.00743	0.00329	0.00801
62	0.02503	0.01362	0.04138	0.05835	0.01893	0.04247	0.01089	0.12573	0.07840	0.48380	0.02177	0.01988	0.01429	0.00767	0.00634	0.00197	0.00617	0.00615	0.00684	0.01031
63	0.01553	0.01490	0.02544	0.07180	0.70594	0.01503	0.01939	0.01932	0.01436	0.02052	0.01190	0.01576	0.00998	0.00568	0.00628	0.00189	0.00758	0.00565	0.00313	0.00991
64	0.01541	0.01477	0.02522	0.09613	0.68259	0.01500	0.01932	0.01921	0.01431	0.02037	0.01188	0.01580	0.00992	0.00571	0.00629	0.00190	0.00761	0.00565	0.00311	0.00981
65	0.01271	0.01177	0.01968	0.47848	0.22410	0.01348	0.01707	0.01666	0.01350	0.01797	0.03818	0.02241	0.01309	0.00736	0.00658	0.00212	0.00780	0.06603	0.00331	0.00770
66	0.01200	0.01077	0.01798	0.04241	0.33114	0.01062	0.06103	0.01477	0.01353	0.01866	0.02266	0.32125	0.02453	0.01214	0.00726	0.00226	0.00612	0.05882	0.00442	0.00763
67	0.01318	0.01214	0.01997	0.07622	0.48208	0.01217	0.01536	0.01629	0.01397	0.01946	0.04155	0.17324	0.05852	0.00939	0.00676	0.00206	0.00643	0.00878	0.00395	0.00847
68	0.01373	0.01533	0.15474	0.01329	0.01720	0.05611	0.06315	0.01998	0.15454	0.08474	0.07849	0.23315	0.04570	0.01138	0.00697	0.00218	0.00613	0.01001	0.00528	0.00789
69	0.01820	0.02119	0.23688	0.01792	0.02432	0.03718	0.17532	0.19428	0.07195	0.10111	0.01557	0.01740	0.01129	0.00689	0.00655	0.00203	0.00833	0.01936	0.00461	0.00961
70	0.01785	0.01665	0.02113	0.01749	0.03746	0.14542	0.14811	0.02166	0.07237	0.12011	0.01523	0.01751	0.03409	0.00836	0.01110	0.00219	0.25121	0.00612	0.00410	0.03182
71	0.03360	0.09821	0.09191	0.01873	0.10425	0.10490	0.15103	0.04726	0.06936	0.12756	0.02872	0.01647	0.01179	0.00641	0.00609	0.00183	0.00787	0.00566	0.00427	0.06406
72	0.01718	0.04097	0.17977	0.01944	0.10437	0.11766	0.14350	0.06346	0.06115	0.08662	0.03648	0.01792	0.03392	0.00679	0.00634	0.00190	0.00827	0.00599	0.00411	0.04416
73	0.04131	0.03938	0.18723	0.01585	0.04785	0.05458	0.09913	0.04994	0.11423	0.08578	0.03599	0.12459	0.01684	0.00859	0.00644	0.00201	0.00709	0.00751	0.00460	0.05106

[dist]
# distance from previous block
# <min> <max>
0	47

# created by:
# /home/cegg/simao/soft/augustus-3.2.1/scripts/msa2prfl.pl ./align_prep/EOG090W0GKN.fa
