[name]
unknown

[dist]
# distance from previous block
# <min> <max>
0	763

[block]
# block no. 0 follows, 36 sequences, length 13
# corresponding to MSA columns:
# 919-931
name=unknown_A
#
# <colnr> <probs for GDERKNQSTAVLIFYWHMCP>
#	G	D	E	R	K	N	Q	S	T	A	V	L	I	F	Y	W	H	M	C	P
0	0.00924	0.00672	0.00941	0.03941	0.01251	0.00680	0.00859	0.01150	0.01313	0.01736	0.04934	0.26706	0.03484	0.04405	0.07132	0.00341	0.00607	0.37831	0.00540	0.00551
1	0.01084	0.00981	0.06163	0.02854	0.06290	0.00855	0.06105	0.01454	0.03948	0.02034	0.12969	0.14357	0.03042	0.01251	0.00716	0.00226	0.00534	0.22339	0.12143	0.00655
2	0.01750	0.04217	0.14550	0.01688	0.05120	0.11387	0.15211	0.08517	0.03477	0.13238	0.01648	0.08078	0.01377	0.05945	0.00811	0.00223	0.00797	0.00687	0.00438	0.00842
3	0.01357	0.01419	0.07491	0.20669	0.19301	0.01348	0.15517	0.06237	0.01468	0.01991	0.01600	0.05878	0.01448	0.00813	0.00684	0.00214	0.00792	0.10601	0.00369	0.00804
4	0.00854	0.00650	0.00899	0.01102	0.07033	0.00612	0.00708	0.01024	0.01322	0.01779	0.13534	0.52125	0.08768	0.01700	0.00771	0.00238	0.00392	0.05354	0.00571	0.00563
5	0.01366	0.02864	0.08921	0.03800	0.30328	0.04662	0.07784	0.01720	0.01350	0.01890	0.01443	0.08597	0.01330	0.01043	0.06868	0.00250	0.00802	0.02172	0.00345	0.12462
6	0.29702	0.01174	0.01200	0.00991	0.01390	0.01219	0.00804	0.16640	0.01677	0.18467	0.02237	0.05042	0.11598	0.00847	0.00558	0.00192	0.00506	0.00644	0.00554	0.04558
7	0.13468	0.01346	0.01559	0.01252	0.01645	0.01474	0.01030	0.22781	0.07838	0.27564	0.01728	0.01693	0.01207	0.00790	0.00796	0.00204	0.11526	0.00562	0.00591	0.00946
8	0.01273	0.12231	0.02149	0.48415	0.10051	0.01493	0.05629	0.01650	0.01321	0.01714	0.07151	0.01806	0.01268	0.00652	0.00606	0.00194	0.00767	0.00580	0.00315	0.00735
9	0.00874	0.00604	0.00675	0.00683	0.00715	0.00587	0.00402	0.00902	0.00996	0.01298	0.02669	0.08459	0.12650	0.62882	0.02690	0.00528	0.00549	0.01013	0.00418	0.00406
10	0.01317	0.01208	0.01964	0.60647	0.14145	0.01438	0.01716	0.06820	0.01394	0.01827	0.01145	0.01632	0.00870	0.00622	0.00622	0.00203	0.00807	0.00554	0.00307	0.00761
11	0.01000	0.00797	0.00862	0.00850	0.00923	0.06161	0.00577	0.01083	0.01030	0.01334	0.02058	0.03398	0.06703	0.41456	0.25629	0.03537	0.00956	0.00808	0.00369	0.00465
12	0.00843	0.00656	0.00781	0.00854	0.00989	0.00619	0.00631	0.01115	0.06587	0.01735	0.04344	0.37562	0.28026	0.01709	0.00772	0.00240	0.00385	0.11013	0.00582	0.00558

[dist]
# distance from previous block
# <min> <max>
0	2

[block]
# block no. 1 follows, 36 sequences, length 9
# corresponding to MSA columns:
# 934-942
name=unknown_B
#
# <colnr> <probs for GDERKNQSTAVLIFYWHMCP>
#	G	D	E	R	K	N	Q	S	T	A	V	L	I	F	Y	W	H	M	C	P
0	0.02410	0.02634	0.01710	0.01518	0.01867	0.62487	0.01153	0.02584	0.01769	0.14365	0.01226	0.01299	0.00932	0.00665	0.00573	0.00166	0.01019	0.00441	0.00400	0.00782
1	0.01371	0.21297	0.51047	0.01682	0.02482	0.01705	0.08357	0.01949	0.01318	0.01852	0.01070	0.01272	0.00806	0.00572	0.00559	0.00183	0.00871	0.00455	0.00269	0.00884
2	0.01398	0.01644	0.10576	0.05777	0.20236	0.01428	0.32410	0.01949	0.05606	0.02042	0.05415	0.02095	0.01404	0.00668	0.00687	0.00206	0.00851	0.04391	0.00359	0.00859
3	0.00927	0.00709	0.00872	0.00958	0.01074	0.00717	0.00696	0.01351	0.13862	0.01809	0.03443	0.51108	0.08127	0.01705	0.00771	0.00247	0.00408	0.10027	0.00588	0.00600
4	0.01165	0.00970	0.01162	0.01105	0.01291	0.05112	0.00860	0.05385	0.13806	0.01787	0.01773	0.02302	0.01550	0.03567	0.54291	0.00772	0.01380	0.00654	0.00401	0.00668
5	0.01766	0.01911	0.08519	0.04099	0.19557	0.16716	0.01414	0.12216	0.20758	0.02342	0.03475	0.01724	0.01311	0.00702	0.00612	0.00189	0.00752	0.00571	0.00447	0.00918
6	0.01898	0.20200	0.01995	0.01275	0.01694	0.10959	0.02707	0.20005	0.09704	0.08966	0.01911	0.02276	0.05238	0.00832	0.00595	0.00186	0.00678	0.07519	0.00499	0.00864
7	0.01894	0.08797	0.18080	0.01647	0.09440	0.09638	0.01410	0.11421	0.11690	0.14989	0.01566	0.01595	0.01139	0.00671	0.00586	0.00183	0.00728	0.00526	0.00465	0.03535
8	0.17119	0.04700	0.01537	0.01200	0.01536	0.01582	0.00973	0.32252	0.06614	0.02797	0.01284	0.01496	0.01013	0.00993	0.01017	0.14539	0.07567	0.00513	0.00470	0.00798

[dist]
# distance from previous block
# <min> <max>
4	9

[block]
# block no. 2 follows, 36 sequences, length 33
# corresponding to MSA columns:
# 952-970,972-985
name=unknown_C
#
# <colnr> <probs for GDERKNQSTAVLIFYWHMCP>
#	G	D	E	R	K	N	Q	S	T	A	V	L	I	F	Y	W	H	M	C	P
0	0.05387	0.60365	0.04908	0.01147	0.01666	0.07319	0.01104	0.08708	0.01453	0.01782	0.00941	0.01065	0.00819	0.00565	0.00437	0.00145	0.00698	0.00364	0.00310	0.00817
1	0.07135	0.01232	0.03279	0.04382	0.05562	0.01032	0.00917	0.06121	0.02946	0.03971	0.01183	0.01358	0.00946	0.00519	0.00493	0.00123	0.00522	0.00413	0.00392	0.57475
2	0.04134	0.14590	0.30563	0.01717	0.08192	0.01606	0.06395	0.10556	0.03385	0.08507	0.01359	0.03920	0.01051	0.00660	0.00581	0.00187	0.00768	0.00538	0.00383	0.00911
3	0.02565	0.01353	0.06231	0.01226	0.01735	0.01187	0.01064	0.17684	0.04324	0.52598	0.02170	0.01943	0.01403	0.00757	0.00624	0.00192	0.00587	0.00605	0.00703	0.01049
4	0.00906	0.00604	0.00680	0.00680	0.00680	0.00604	0.00378	0.00906	0.00906	0.01208	0.01963	0.04077	0.02265	0.78103	0.03171	0.00604	0.00604	0.00906	0.00378	0.00378
5	0.01408	0.06855	0.12713	0.02218	0.20559	0.03070	0.15841	0.02011	0.11762	0.01974	0.01697	0.04879	0.04643	0.00902	0.04041	0.00235	0.03290	0.00670	0.00371	0.00859
6	0.02461	0.07957	0.01597	0.01138	0.01590	0.04632	0.00941	0.02884	0.10536	0.53671	0.04469	0.02079	0.01621	0.00769	0.00608	0.00188	0.00558	0.00615	0.00686	0.00998
7	0.00890	0.00668	0.01001	0.01001	0.01113	0.00779	0.00779	0.01113	0.01001	0.01446	0.01669	0.02448	0.01558	0.04673	0.75634	0.01001	0.01669	0.00668	0.00334	0.00556
8	0.01370	0.01385	0.02028	0.01703	0.01746	0.01886	0.06143	0.01533	0.00989	0.01533	0.00848	0.01385	0.00827	0.01052	0.01956	0.00268	0.71822	0.00558	0.00276	0.00692
9	0.01596	0.12058	0.43363	0.01636	0.04304	0.03216	0.04093	0.03925	0.06290	0.11696	0.01373	0.01470	0.00984	0.00627	0.00581	0.00189	0.00806	0.00496	0.00370	0.00927
10	0.72556	0.01253	0.01012	0.00888	0.01280	0.01446	0.00728	0.07289	0.04591	0.02873	0.00994	0.01111	0.00762	0.00604	0.00415	0.00193	0.00498	0.00372	0.00415	0.00719
11	0.00893	0.00654	0.00935	0.00935	0.01024	0.00743	0.00696	0.01070	0.00982	0.01397	0.01729	0.02783	0.01703	0.19770	0.60736	0.00920	0.01450	0.00717	0.00343	0.00520
12	0.01386	0.01395	0.02346	0.39576	0.25239	0.04843	0.12688	0.01793	0.01357	0.01786	0.01144	0.01603	0.00895	0.00588	0.00636	0.00199	0.00851	0.00575	0.00294	0.00806
13	0.06982	0.01583	0.02652	0.02234	0.10534	0.06760	0.34497	0.03659	0.01381	0.01952	0.01272	0.06596	0.01113	0.00747	0.00931	0.00217	0.15069	0.00694	0.00337	0.00791
14	0.01422	0.01604	0.03476	0.02507	0.03097	0.01503	0.67121	0.01919	0.01452	0.01968	0.01408	0.06828	0.01160	0.00622	0.00739	0.00213	0.01004	0.00805	0.00333	0.00818
15	0.01020	0.00762	0.01024	0.00934	0.01133	0.00725	0.04467	0.01417	0.08246	0.05273	0.41857	0.14693	0.13393	0.01307	0.00730	0.00208	0.00375	0.01161	0.00636	0.00639
16	0.01615	0.06723	0.16385	0.02193	0.23724	0.03807	0.07292	0.06087	0.07632	0.08916	0.08094	0.01865	0.01511	0.00683	0.00620	0.00189	0.00724	0.00604	0.00421	0.00916
17	0.01516	0.01542	0.02976	0.11226	0.21222	0.01549	0.38449	0.05139	0.01481	0.03384	0.01234	0.01629	0.00954	0.00584	0.00744	0.00205	0.04320	0.00650	0.00330	0.00868
18	0.01082	0.00541	0.00812	0.00812	0.00812	0.00541	0.00541	0.00812	0.00812	0.01082	0.01082	0.01894	0.01082	0.02165	0.02435	0.81872	0.00541	0.00541	0.00271	0.00271
19	0.01531	0.05387	0.04525	0.01011	0.01568	0.01004	0.00862	0.04951	0.01422	0.10415	0.01267	0.01381	0.00988	0.00519	0.00490	0.00115	0.00510	0.00409	0.00417	0.61227
20	0.00983	0.00743	0.00937	0.01009	0.04400	0.00710	0.00736	0.01333	0.07108	0.03891	0.23005	0.14576	0.22342	0.01446	0.00751	0.00225	0.00403	0.14181	0.00604	0.00620
21	0.02234	0.07990	0.01915	0.01707	0.06397	0.66042	0.01239	0.02410	0.01710	0.01553	0.00970	0.01141	0.00814	0.00629	0.00554	0.00160	0.01069	0.00406	0.00317	0.00744
22	0.01292	0.01107	0.01292	0.00923	0.01477	0.00831	0.00738	0.01569	0.01292	0.02030	0.01107	0.01292	0.00923	0.00461	0.00461	0.00092	0.00461	0.00369	0.00369	0.81912
23	0.00774	0.00559	0.00733	0.00846	0.00904	0.00518	0.00575	0.00909	0.01278	0.01713	0.12783	0.64926	0.07479	0.01846	0.00785	0.00244	0.00351	0.01666	0.00592	0.00518
24	0.01735	0.62829	0.02951	0.01213	0.03995	0.08098	0.01095	0.02044	0.06159	0.03448	0.01037	0.01145	0.00899	0.00570	0.00441	0.00144	0.00690	0.00378	0.00310	0.00819
25	0.00993	0.00818	0.01066	0.18607	0.01754	0.02289	0.00872	0.01337	0.04495	0.02024	0.28191	0.07154	0.18188	0.01174	0.00693	0.00206	0.00465	0.04153	0.04905	0.00614
26	0.00751	0.00634	0.00651	0.00652	0.00858	0.00534	0.00493	0.00919	0.01438	0.01729	0.09665	0.05955	0.68696	0.01566	0.00739	0.00212	0.00321	0.03073	0.00584	0.00530
27	0.00762	0.00631	0.00659	0.00652	0.00846	0.00537	0.00484	0.00930	0.01441	0.01765	0.14590	0.05746	0.62361	0.04821	0.00841	0.00225	0.00325	0.01274	0.00583	0.00527
28	0.01720	0.07136	0.03810	0.06103	0.39642	0.01590	0.08103	0.12219	0.04909	0.06733	0.01342	0.01581	0.01045	0.00609	0.00614	0.00187	0.00739	0.00566	0.00393	0.00960
29	0.02010	0.05693	0.01915	0.07026	0.04421	0.04756	0.05201	0.35239	0.10255	0.09089	0.01715	0.02020	0.01326	0.00786	0.00633	0.00196	0.00693	0.05532	0.00548	0.00947
30	0.00756	0.00620	0.00661	0.00674	0.00853	0.00531	0.00494	0.00915	0.01408	0.01729	0.11588	0.14652	0.57715	0.03595	0.00807	0.00225	0.00327	0.01344	0.00582	0.00525
31	0.01554	0.01637	0.05592	0.12641	0.39075	0.09238	0.06841	0.05470	0.03351	0.02002	0.01330	0.05987	0.01146	0.00672	0.00631	0.00193	0.00792	0.00623	0.00344	0.00882
32	0.01537	0.01484	0.04643	0.15511	0.48373	0.01505	0.01759	0.07485	0.07578	0.02156	0.01300	0.01617	0.01038	0.00607	0.00619	0.00192	0.00736	0.00565	0.00354	0.00941

[dist]
# distance from previous block
# <min> <max>
0	7

[block]
# block no. 3 follows, 36 sequences, length 23
# corresponding to MSA columns:
# 993-1015
name=unknown_D
#
# <colnr> <probs for GDERKNQSTAVLIFYWHMCP>
#	G	D	E	R	K	N	Q	S	T	A	V	L	I	F	Y	W	H	M	C	P
0	0.01216	0.05029	0.01421	0.01633	0.15452	0.08652	0.01093	0.01458	0.01402	0.01775	0.02632	0.21127	0.04673	0.01371	0.00740	0.00236	0.00612	0.28332	0.00481	0.00664
1	0.04589	0.03829	0.01584	0.01231	0.04882	0.04577	0.04889	0.08694	0.01479	0.02183	0.01253	0.05221	0.01085	0.00589	0.00517	0.00129	0.00563	0.00488	0.00394	0.51824
2	0.07492	0.05446	0.03941	0.02718	0.43158	0.01578	0.01555	0.12230	0.09075	0.04804	0.01365	0.01565	0.01074	0.00622	0.00592	0.00187	0.00682	0.00545	0.00405	0.00966
3	0.01763	0.21680	0.11341	0.01780	0.14181	0.10489	0.01385	0.13469	0.13910	0.02222	0.01347	0.01452	0.01061	0.00645	0.00555	0.00175	0.00738	0.00495	0.00400	0.00911
4	0.01216	0.00921	0.01193	0.01189	0.03635	0.02824	0.00880	0.03098	0.07179	0.06875	0.02126	0.19288	0.02142	0.06616	0.21916	0.02316	0.11046	0.04439	0.00455	0.00648
5	0.00895	0.00900	0.07090	0.00944	0.03252	0.00685	0.02835	0.01167	0.01512	0.02028	0.28243	0.08867	0.33006	0.01313	0.00710	0.00203	0.00395	0.01133	0.04217	0.00604
6	0.00780	0.00633	0.00691	0.00676	0.00868	0.00544	0.00507	0.00978	0.01522	0.01925	0.26361	0.05598	0.53763	0.01488	0.00736	0.00206	0.00309	0.01259	0.00610	0.00544
7	0.15961	0.01056	0.01317	0.01039	0.01483	0.00974	0.00854	0.02712	0.01661	0.57886	0.06925	0.02104	0.01685	0.00772	0.00594	0.00193	0.00506	0.00611	0.00701	0.00965
8	0.01666	0.78478	0.03265	0.01066	0.01599	0.02465	0.01066	0.01866	0.01266	0.01466	0.00866	0.00999	0.00800	0.00533	0.00400	0.00133	0.00666	0.00333	0.00267	0.00800
9	0.00907	0.00615	0.00731	0.00765	0.00789	0.00612	0.00487	0.00959	0.01009	0.01339	0.02290	0.11040	0.02624	0.60115	0.02621	0.00526	0.00578	0.11150	0.00424	0.00418
10	0.82504	0.01205	0.00916	0.00819	0.01205	0.01398	0.00675	0.01832	0.01060	0.02795	0.00868	0.01012	0.00675	0.00578	0.00386	0.00193	0.00482	0.00337	0.00386	0.00675
11	0.01161	0.00581	0.00581	0.00581	0.00726	0.00581	0.00436	0.01452	0.01307	0.02323	0.02033	0.02323	0.01597	0.00726	0.00436	0.00145	0.00290	0.00581	0.81562	0.00581
12	0.82504	0.01205	0.00916	0.00819	0.01205	0.01398	0.00675	0.01832	0.01060	0.02795	0.00868	0.01012	0.00675	0.00578	0.00386	0.00193	0.00482	0.00337	0.00386	0.00675
13	0.01379	0.26699	0.52536	0.01554	0.02354	0.01765	0.01916	0.01940	0.01300	0.01815	0.01040	0.01217	0.00792	0.00574	0.00532	0.00177	0.00841	0.00421	0.00264	0.00883
14	0.21984	0.01095	0.01318	0.01039	0.01498	0.01032	0.00858	0.02746	0.01609	0.57351	0.02075	0.01854	0.01333	0.00725	0.00569	0.00193	0.00519	0.00557	0.00678	0.00968
15	0.01475	0.01438	0.07782	0.25474	0.27550	0.01389	0.07407	0.01913	0.03305	0.07934	0.01387	0.01894	0.01108	0.00675	0.00687	0.00204	0.03329	0.03839	0.00354	0.00856
16	0.00756	0.00554	0.00710	0.00835	0.00895	0.00509	0.00564	0.00871	0.01224	0.01603	0.03827	0.67895	0.13669	0.01901	0.00787	0.00247	0.00355	0.01709	0.00578	0.00509
17	0.02669	0.01263	0.01571	0.01205	0.01691	0.01216	0.00995	0.23440	0.02122	0.53767	0.02174	0.01936	0.01400	0.00764	0.00626	0.00191	0.00576	0.00607	0.00727	0.01060
18	0.01671	0.05582	0.09720	0.02342	0.23648	0.01513	0.15674	0.05739	0.07992	0.10868	0.03240	0.01723	0.01213	0.00665	0.00723	0.00198	0.05547	0.00606	0.00411	0.00925
19	0.01903	0.01673	0.09661	0.10129	0.02231	0.01621	0.04037	0.36355	0.12051	0.06908	0.03320	0.01919	0.01342	0.00769	0.00637	0.00199	0.00694	0.03053	0.00542	0.00956
20	0.00838	0.00611	0.00769	0.00776	0.00891	0.00563	0.00553	0.01044	0.01509	0.02068	0.42541	0.22077	0.13226	0.08530	0.00973	0.00249	0.00341	0.01282	0.00619	0.00542
21	0.01372	0.01227	0.03630	0.01190	0.03386	0.01002	0.06777	0.05023	0.05847	0.03638	0.03735	0.01722	0.02853	0.02960	0.00612	0.00143	0.00540	0.00504	0.00412	0.53426
22	0.01631	0.01969	0.09859	0.01859	0.02248	0.17136	0.21604	0.05168	0.05098	0.01894	0.01171	0.01491	0.00945	0.00741	0.01010	0.00212	0.21139	0.00571	0.03465	0.00789

[dist]
# distance from previous block
# <min> <max>
0	3

[block]
# block no. 4 follows, 36 sequences, length 57
# corresponding to MSA columns:
# 1019-1075
name=unknown_E
#
# <colnr> <probs for GDERKNQSTAVLIFYWHMCP>
#	G	D	E	R	K	N	Q	S	T	A	V	L	I	F	Y	W	H	M	C	P
0	0.01478	0.01391	0.02252	0.04977	0.53461	0.01411	0.04021	0.02024	0.11094	0.02075	0.01486	0.06035	0.01284	0.00672	0.00628	0.00191	0.00688	0.00645	0.00370	0.03820
1	0.00901	0.00657	0.00850	0.00798	0.00951	0.00616	0.00600	0.01238	0.03847	0.02502	0.71803	0.04586	0.05763	0.01261	0.00732	0.00196	0.00300	0.01114	0.00684	0.00600
2	0.01130	0.01017	0.01474	0.09591	0.01665	0.01329	0.01115	0.01322	0.01002	0.01471	0.01253	0.01986	0.01197	0.07127	0.30756	0.00571	0.34460	0.00616	0.00303	0.00615
3	0.02368	0.01745	0.01870	0.01434	0.01932	0.01932	0.01184	0.72139	0.02929	0.03927	0.01496	0.01496	0.01060	0.00748	0.00623	0.00187	0.00686	0.00561	0.00623	0.01060
4	0.00867	0.00608	0.00727	0.00778	0.00829	0.00588	0.00516	0.00947	0.01098	0.01434	0.02954	0.21246	0.10832	0.42357	0.02060	0.00439	0.00513	0.10286	0.00471	0.00449
5	0.01666	0.78478	0.03265	0.01066	0.01599	0.02465	0.01066	0.01866	0.01266	0.01466	0.00866	0.00999	0.00800	0.00533	0.00400	0.00133	0.00666	0.00333	0.00267	0.00800
6	0.00811	0.00583	0.00753	0.00853	0.00880	0.00575	0.00561	0.00897	0.01123	0.01504	0.03027	0.59149	0.03607	0.18451	0.01353	0.00330	0.02992	0.01542	0.00524	0.00484
7	0.00887	0.00674	0.00917	0.00840	0.01010	0.00623	0.03090	0.01171	0.01685	0.02349	0.60999	0.04612	0.13086	0.01415	0.03683	0.00230	0.00377	0.01116	0.00647	0.00589
8	0.02650	0.01294	0.01591	0.01220	0.01707	0.01263	0.01007	0.26645	0.02175	0.50486	0.02129	0.01907	0.01377	0.00763	0.00625	0.00191	0.00583	0.00604	0.00721	0.01060
9	0.01391	0.01065	0.01129	0.01053	0.01302	0.04733	0.00797	0.05573	0.27088	0.07869	0.10006	0.20768	0.07609	0.01176	0.00674	0.00211	0.00461	0.01009	0.05315	0.00772
10	0.01952	0.06348	0.01861	0.14202	0.05841	0.41439	0.01290	0.05652	0.04187	0.03576	0.03585	0.01445	0.01060	0.00686	0.00648	0.00178	0.04442	0.00486	0.00357	0.00763
11	0.01711	0.32968	0.14867	0.01410	0.05465	0.12202	0.01300	0.07186	0.01492	0.03693	0.01058	0.01203	0.00862	0.00572	0.00497	0.00151	0.00748	0.00405	0.00329	0.11882
12	0.06072	0.16236	0.05529	0.14972	0.10632	0.05150	0.01253	0.07453	0.03356	0.03693	0.01409	0.04176	0.02819	0.00907	0.03322	0.03355	0.03717	0.00557	0.04623	0.00769
13	0.00849	0.00636	0.00787	0.00749	0.00911	0.00574	0.00562	0.01112	0.01686	0.02315	0.58678	0.04956	0.21203	0.01342	0.00735	0.00199	0.00299	0.01169	0.00662	0.00574
14	0.01222	0.01333	0.09311	0.01311	0.07861	0.03967	0.01018	0.02037	0.26899	0.02110	0.07212	0.03526	0.27528	0.01067	0.00667	0.00204	0.00513	0.00892	0.00535	0.00784
15	0.02128	0.01152	0.06388	0.01167	0.03986	0.00930	0.00965	0.04020	0.03539	0.45840	0.12138	0.02709	0.08643	0.00886	0.00645	0.00193	0.00514	0.00737	0.00676	0.02744
16	0.09105	0.00658	0.00643	0.00622	0.00802	0.00671	0.00475	0.01543	0.01299	0.04828	0.01934	0.02189	0.01506	0.00713	0.00437	0.00151	0.00317	0.00559	0.70942	0.00606
17	0.01747	0.64869	0.05563	0.01169	0.01685	0.13050	0.01130	0.01960	0.01340	0.01492	0.00889	0.01029	0.00800	0.00551	0.00430	0.00139	0.00742	0.00348	0.00274	0.00793
18	0.00942	0.00696	0.00918	0.01025	0.01184	0.00672	0.00878	0.01201	0.01439	0.01840	0.05655	0.06745	0.19094	0.01679	0.00830	0.00268	0.00510	0.53282	0.00577	0.00564
19	0.02519	0.01148	0.01457	0.01142	0.01597	0.01081	0.00935	0.11927	0.07963	0.55100	0.04960	0.02237	0.03347	0.00811	0.00633	0.00194	0.00534	0.00658	0.00733	0.01025
20	0.01571	0.04114	0.04056	0.08751	0.13425	0.11689	0.03945	0.06034	0.01330	0.01793	0.01016	0.01416	0.00881	0.00822	0.01226	0.00221	0.34079	0.00528	0.02332	0.00773
21	0.01470	0.01254	0.01340	0.01210	0.01537	0.01434	0.00938	0.03055	0.64529	0.02593	0.11101	0.02604	0.02379	0.00897	0.00646	0.00209	0.00469	0.00755	0.00640	0.00938
22	0.01382	0.01245	0.01432	0.01254	0.08546	0.05225	0.00884	0.03385	0.01369	0.02032	0.01205	0.04250	0.01049	0.00545	0.00499	0.00114	0.00528	0.00448	0.00375	0.64233
23	0.00758	0.00547	0.00718	0.00854	0.00900	0.00507	0.00572	0.00869	0.01206	0.01596	0.03600	0.73565	0.08145	0.01930	0.00792	0.00251	0.00359	0.01745	0.00578	0.00507
24	0.03178	0.01628	0.15388	0.04446	0.08105	0.08933	0.05283	0.07637	0.01470	0.03545	0.01931	0.25894	0.01954	0.01177	0.03190	0.00233	0.00720	0.00915	0.00429	0.03944
25	0.01735	0.13588	0.07744	0.03536	0.04319	0.03535	0.01160	0.13161	0.18969	0.10791	0.02058	0.02349	0.04788	0.00829	0.00608	0.00193	0.00623	0.06558	0.00516	0.02939
26	0.13437	0.04133	0.08475	0.03881	0.02024	0.16817	0.08278	0.15119	0.01753	0.15482	0.01359	0.01452	0.00980	0.00672	0.00630	0.00189	0.03484	0.00509	0.00457	0.00869
27	0.07095	0.01630	0.03375	0.06851	0.02012	0.01770	0.01177	0.55374	0.04829	0.03501	0.03416	0.01644	0.01197	0.02472	0.00668	0.00199	0.00670	0.00572	0.00572	0.00976
28	0.00915	0.00656	0.00829	0.00827	0.00978	0.00609	0.00623	0.01193	0.03452	0.03979	0.42055	0.17332	0.15460	0.01449	0.00751	0.00216	0.00344	0.07107	0.00643	0.00586
29	0.01770	0.53639	0.02792	0.01246	0.01672	0.17808	0.01130	0.01954	0.01335	0.01482	0.00881	0.01068	0.00802	0.00621	0.00624	0.00155	0.09600	0.00372	0.00279	0.00770
30	0.00851	0.00636	0.00791	0.00752	0.00912	0.00575	0.00564	0.01117	0.01692	0.02328	0.59718	0.04936	0.20156	0.01338	0.00735	0.00199	0.00298	0.01166	0.00663	0.00575
31	0.01793	0.00838	0.01125	0.00938	0.01245	0.00744	0.00744	0.02061	0.01773	0.36840	0.39889	0.03448	0.03815	0.01035	0.00683	0.00194	0.00406	0.00889	0.00726	0.00813
32	0.00882	0.00637	0.00833	0.00784	0.00931	0.00588	0.00588	0.01176	0.01764	0.02499	0.73888	0.04654	0.05879	0.01274	0.00735	0.00196	0.00294	0.01127	0.00686	0.00588
33	0.00901	0.00626	0.00791	0.00791	0.00829	0.00664	0.00516	0.00977	0.00939	0.01290	0.01861	0.03514	0.02021	0.52726	0.28214	0.00741	0.00972	0.00824	0.00362	0.00439
34	0.01161	0.00581	0.00581	0.00581	0.00726	0.00581	0.00436	0.01452	0.01307	0.02323	0.02033	0.02323	0.01597	0.00726	0.00436	0.00145	0.00290	0.00581	0.81562	0.00581
35	0.00759	0.00542	0.00723	0.00868	0.00904	0.00506	0.00578	0.00868	0.01193	0.01591	0.03434	0.77697	0.04121	0.01952	0.00795	0.00253	0.00361	0.01771	0.00578	0.00506
36	0.02416	0.01670	0.01823	0.01398	0.01895	0.01820	0.01155	0.64524	0.02803	0.11721	0.01602	0.01565	0.01113	0.00751	0.00624	0.00188	0.00668	0.00568	0.00640	0.01060
37	0.00759	0.00542	0.00723	0.00868	0.00904	0.00506	0.00578	0.00868	0.01193	0.01591	0.03434	0.77697	0.04121	0.01952	0.00795	0.00253	0.00361	0.01771	0.00578	0.00506
38	0.01025	0.00741	0.01020	0.01152	0.01304	0.00749	0.01003	0.01369	0.04191	0.01893	0.03270	0.06847	0.03521	0.01687	0.00852	0.00284	0.00571	0.67357	0.00576	0.00590
39	0.77887	0.01236	0.00971	0.00855	0.01247	0.01429	0.00704	0.05883	0.01168	0.02861	0.00904	0.01040	0.00697	0.00588	0.00399	0.00192	0.00494	0.00350	0.00399	0.00697
40	0.01693	0.01395	0.01507	0.01363	0.04098	0.01588	0.01037	0.16333	0.54872	0.02829	0.02275	0.02140	0.01700	0.00813	0.00625	0.00204	0.00531	0.00668	0.03344	0.00987
41	0.02167	0.12890	0.07028	0.01539	0.01937	0.57931	0.01261	0.05112	0.01714	0.01643	0.00982	0.01135	0.00811	0.00628	0.00545	0.00161	0.01032	0.00403	0.00322	0.00760
42	0.00846	0.00649	0.00747	0.00856	0.00923	0.03470	0.00581	0.00968	0.01233	0.01627	0.03448	0.62573	0.09426	0.03853	0.00825	0.00249	0.00390	0.01589	0.05229	0.00517
43	0.08863	0.01706	0.01715	0.05199	0.15474	0.18038	0.01220	0.14234	0.11426	0.05798	0.03092	0.03280	0.01268	0.00727	0.00623	0.00188	0.02533	0.00566	0.03184	0.00863
44	0.01574	0.47153	0.13411	0.04468	0.06226	0.02027	0.09116	0.01907	0.01317	0.03485	0.01021	0.01215	0.00849	0.00549	0.00493	0.00157	0.00746	0.00426	0.00290	0.03570
45	0.00903	0.00650	0.00915	0.00915	0.01003	0.00733	0.00678	0.01079	0.00991	0.01425	0.01747	0.02803	0.01715	0.20743	0.56973	0.00883	0.01385	0.00717	0.03221	0.00518
46	0.00765	0.00589	0.00686	0.00750	0.00863	0.00525	0.00521	0.00897	0.01298	0.01649	0.08023	0.38657	0.33770	0.06900	0.00928	0.00256	0.00355	0.01487	0.00570	0.00510
47	0.00961	0.00794	0.01203	0.04440	0.09740	0.00778	0.05205	0.01210	0.03109	0.01791	0.10805	0.38142	0.08540	0.04275	0.03353	0.00269	0.00520	0.03735	0.00516	0.00612
48	0.01250	0.03223	0.74875	0.01776	0.02697	0.01447	0.02302	0.01973	0.01315	0.01973	0.01118	0.01315	0.00789	0.00592	0.00592	0.00197	0.00921	0.00460	0.00263	0.00921
49	0.02795	0.01060	0.01446	0.01109	0.01591	0.00916	0.00916	0.03036	0.01783	0.74648	0.02458	0.02121	0.01542	0.00771	0.00627	0.00193	0.00530	0.00627	0.00771	0.01060
50	0.02263	0.02819	0.01775	0.05921	0.02063	0.68710	0.01233	0.04909	0.01777	0.01614	0.00990	0.01168	0.00813	0.00645	0.00568	0.00164	0.01091	0.00416	0.00329	0.00733
51	0.01177	0.01107	0.01869	0.76606	0.04291	0.01384	0.01730	0.01592	0.01246	0.01592	0.01107	0.01661	0.00831	0.00623	0.00623	0.00208	0.00831	0.00554	0.00277	0.00692
52	0.00844	0.00630	0.00785	0.00758	0.00911	0.00570	0.00564	0.01099	0.01658	0.02275	0.55638	0.09418	0.19797	0.01378	0.00739	0.00202	0.00303	0.01205	0.00657	0.00570
53	0.00766	0.00547	0.00731	0.00875	0.00914	0.00512	0.00590	0.00879	0.01199	0.01598	0.03430	0.75767	0.04106	0.01946	0.00797	0.00254	0.00367	0.03635	0.00578	0.00508
54	0.01544	0.01498	0.04363	0.07335	0.67270	0.01462	0.01891	0.01923	0.01415	0.03607	0.01196	0.01555	0.00986	0.00564	0.00617	0.00187	0.00745	0.00554	0.00316	0.00972
55	0.01114	0.01082	0.04763	0.01655	0.19091	0.02754	0.01050	0.01456	0.05318	0.01955	0.14856	0.17486	0.16016	0.01195	0.00748	0.00209	0.03440	0.02590	0.00495	0.02728
56	0.46296	0.16871	0.01607	0.01068	0.01439	0.13931	0.00898	0.01919	0.01209	0.02211	0.00879	0.01058	0.00733	0.00623	0.00558	0.00182	0.07103	0.00365	0.00342	0.00708

[dist]
# distance from previous block
# <min> <max>
0	15

[block]
# block no. 5 follows, 36 sequences, length 32
# corresponding to MSA columns:
# 1091-1122
name=unknown_F
#
# <colnr> <probs for GDERKNQSTAVLIFYWHMCP>
#	G	D	E	R	K	N	Q	S	T	A	V	L	I	F	Y	W	H	M	C	P
0	0.79208	0.01199	0.00938	0.00831	0.01221	0.01378	0.00685	0.01881	0.01090	0.05767	0.00933	0.01058	0.00711	0.00586	0.00396	0.00193	0.00484	0.00349	0.00402	0.00691
1	0.01050	0.00960	0.01209	0.01211	0.05511	0.04311	0.05096	0.01360	0.06812	0.01764	0.05917	0.19017	0.26499	0.03582	0.02945	0.00256	0.07673	0.03699	0.00502	0.00627
2	0.00809	0.00579	0.00778	0.00906	0.00969	0.00547	0.00648	0.00962	0.01281	0.01713	0.09447	0.60010	0.04185	0.01857	0.00801	0.00254	0.00390	0.12755	0.00587	0.00524
3	0.01246	0.01121	0.01833	0.02632	0.44219	0.01126	0.01403	0.01531	0.01314	0.01844	0.01940	0.18044	0.04060	0.01485	0.11018	0.00316	0.00770	0.02912	0.00385	0.00799
4	0.00747	0.00632	0.00646	0.00642	0.00848	0.00530	0.00482	0.00914	0.01445	0.01742	0.11185	0.05899	0.69054	0.01556	0.00736	0.00209	0.00314	0.01301	0.00586	0.00530
5	0.02795	0.01060	0.01446	0.01109	0.01591	0.00916	0.00916	0.03036	0.01783	0.74648	0.02458	0.02121	0.01542	0.00771	0.00627	0.00193	0.00530	0.00627	0.00771	0.01060
6	0.01250	0.03223	0.74875	0.01776	0.02697	0.01447	0.02302	0.01973	0.01315	0.01973	0.01118	0.01315	0.00789	0.00592	0.00592	0.00197	0.00921	0.00460	0.00263	0.00921
7	0.00849	0.00636	0.00788	0.00750	0.00911	0.00574	0.00562	0.01112	0.01686	0.02315	0.58698	0.04956	0.21184	0.01342	0.00735	0.00199	0.00299	0.01169	0.00662	0.00574
8	0.03330	0.02459	0.43362	0.01839	0.02585	0.01448	0.17933	0.04996	0.05661	0.06367	0.03205	0.01592	0.01074	0.00626	0.00629	0.00200	0.00866	0.00566	0.00355	0.00906
9	0.02368	0.01745	0.01870	0.01434	0.01932	0.01932	0.01184	0.72139	0.02929	0.03927	0.01496	0.01496	0.01060	0.00748	0.00623	0.00187	0.00686	0.00561	0.00623	0.01060
10	0.01177	0.01107	0.01869	0.76606	0.04291	0.01384	0.01730	0.01592	0.01246	0.01592	0.01107	0.01661	0.00831	0.00623	0.00623	0.00208	0.00831	0.00554	0.00277	0.00692
11	0.00896	0.00606	0.00677	0.00677	0.00689	0.00599	0.00383	0.00905	0.00936	0.01236	0.02218	0.04190	0.06471	0.73615	0.03028	0.00581	0.00587	0.00930	0.00389	0.00386
12	0.04383	0.32996	0.32869	0.01424	0.02095	0.03839	0.03667	0.01901	0.01290	0.01777	0.00998	0.01184	0.00803	0.00575	0.00550	0.00167	0.03195	0.00409	0.00279	0.05599
13	0.04471	0.32159	0.02507	0.03487	0.13857	0.24443	0.02912	0.06180	0.01539	0.01781	0.00998	0.01188	0.00847	0.00586	0.00511	0.00159	0.00826	0.00419	0.00316	0.00817
14	0.00950	0.00663	0.00827	0.00782	0.00961	0.00597	0.00590	0.01207	0.01628	0.05007	0.48256	0.09276	0.16742	0.01310	0.00717	0.00198	0.00324	0.02777	0.03561	0.03626
15	0.03201	0.19277	0.17671	0.09919	0.14779	0.15547	0.05357	0.02030	0.03388	0.01781	0.01083	0.01326	0.00869	0.00588	0.00556	0.00176	0.00848	0.00466	0.00299	0.00836
16	0.03227	0.18434	0.20517	0.04514	0.08493	0.08193	0.07916	0.04547	0.05265	0.04683	0.03242	0.01556	0.01106	0.02865	0.00683	0.00195	0.02852	0.00519	0.00348	0.00845
17	0.00906	0.00604	0.00680	0.00680	0.00680	0.00604	0.00378	0.00906	0.00906	0.01208	0.01963	0.04077	0.02265	0.78103	0.03171	0.00604	0.00604	0.00906	0.00378	0.00378
18	0.00990	0.00751	0.00856	0.00810	0.01026	0.00712	0.00620	0.01428	0.11547	0.04891	0.30300	0.04878	0.33987	0.01338	0.00721	0.00207	0.00349	0.03320	0.00633	0.00635
19	0.01494	0.11854	0.08953	0.21788	0.28828	0.03784	0.03203	0.06165	0.02920	0.01942	0.01198	0.02988	0.00982	0.00620	0.00592	0.00187	0.00772	0.00543	0.00322	0.00863
20	0.11708	0.05653	0.10828	0.01243	0.05553	0.06354	0.02954	0.01745	0.04379	0.07611	0.10079	0.11206	0.04346	0.05095	0.00769	0.01761	0.00581	0.00763	0.06654	0.00716
21	0.00840	0.00615	0.00797	0.00859	0.00972	0.00572	0.00642	0.01047	0.01453	0.01953	0.27364	0.32526	0.12948	0.01640	0.00779	0.00235	0.00370	0.13227	0.00614	0.00547
22	0.03222	0.04538	0.15251	0.03776	0.16722	0.08624	0.10502	0.07055	0.08964	0.03643	0.03666	0.01796	0.03505	0.00689	0.00651	0.00192	0.02741	0.00593	0.02998	0.00870
23	0.01719	0.01476	0.06263	0.11360	0.27120	0.03403	0.03449	0.11867	0.01621	0.11792	0.01506	0.01746	0.02422	0.00823	0.03384	0.00222	0.04456	0.00579	0.03893	0.00900
24	0.00959	0.00644	0.00820	0.00832	0.00915	0.00693	0.00603	0.01128	0.01095	0.01633	0.02168	0.12071	0.03810	0.20350	0.25181	0.00550	0.03685	0.03113	0.19232	0.00518
25	0.82504	0.01205	0.00916	0.00819	0.01205	0.01398	0.00675	0.01832	0.01060	0.02795	0.00868	0.01012	0.00675	0.00578	0.00386	0.00193	0.00482	0.00337	0.00386	0.00675
26	0.00906	0.00604	0.00680	0.00680	0.00680	0.00604	0.00378	0.00906	0.00906	0.01208	0.01963	0.04077	0.02265	0.78103	0.03171	0.00604	0.00604	0.00906	0.00378	0.00378
27	0.01444	0.10614	0.10878	0.06791	0.24612	0.05789	0.05635	0.05331	0.03967	0.01990	0.05848	0.09340	0.03529	0.00793	0.00621	0.00191	0.00713	0.00700	0.00381	0.00834
28	0.01239	0.03242	0.01174	0.01159	0.03851	0.16027	0.02753	0.01407	0.01401	0.04075	0.07394	0.41476	0.06951	0.01413	0.00704	0.00216	0.00555	0.01236	0.03117	0.00612
29	0.01268	0.03208	0.04496	0.04360	0.11771	0.03374	0.03139	0.03877	0.20643	0.02103	0.09191	0.07882	0.15385	0.01230	0.05062	0.00250	0.00613	0.00865	0.00504	0.00780
30	0.01720	0.01479	0.04422	0.01791	0.17450	0.10833	0.01181	0.15656	0.03710	0.06329	0.01340	0.03383	0.01124	0.01118	0.01157	0.22692	0.02897	0.00565	0.00402	0.00752
31	0.01422	0.01393	0.02479	0.05519	0.48191	0.01380	0.14910	0.01823	0.02954	0.01975	0.01580	0.08504	0.03585	0.00715	0.00659	0.00198	0.00749	0.00724	0.00348	0.00892

[dist]
# distance from previous block
# <min> <max>
0	1

[block]
# block no. 6 follows, 36 sequences, length 19
# corresponding to MSA columns:
# 1124-1142
name=unknown_G
#
# <colnr> <probs for GDERKNQSTAVLIFYWHMCP>
#	G	D	E	R	K	N	Q	S	T	A	V	L	I	F	Y	W	H	M	C	P
0	0.01707	0.65736	0.03025	0.01158	0.01633	0.09368	0.01101	0.01898	0.01291	0.01474	0.00872	0.01038	0.00801	0.00584	0.00534	0.00146	0.06225	0.00355	0.00272	0.00784
1	0.00912	0.00709	0.01006	0.01249	0.11382	0.00674	0.00758	0.01106	0.01379	0.01892	0.22855	0.39980	0.06669	0.05399	0.00871	0.00244	0.00407	0.01356	0.00560	0.00592
2	0.05888	0.01707	0.01842	0.01518	0.04778	0.07556	0.03985	0.46113	0.07504	0.10474	0.01573	0.01575	0.01122	0.00725	0.00613	0.00188	0.00699	0.00562	0.00579	0.00999
3	0.01472	0.01496	0.04709	0.01943	0.13260	0.06924	0.07481	0.01725	0.01245	0.04246	0.05987	0.01697	0.01259	0.00889	0.01325	0.00228	0.38324	0.00594	0.04440	0.00757
4	0.01849	0.11220	0.08681	0.04864	0.16212	0.27135	0.09053	0.08027	0.03675	0.01941	0.01133	0.01352	0.00906	0.00609	0.00584	0.00176	0.00904	0.00492	0.00339	0.00847
5	0.00827	0.00605	0.00824	0.00882	0.00973	0.00602	0.00641	0.01014	0.01290	0.01770	0.18806	0.36620	0.07036	0.02465	0.19746	0.00429	0.00683	0.03705	0.00540	0.00540
6	0.00906	0.00604	0.00680	0.00680	0.00680	0.00604	0.00378	0.00906	0.00906	0.01208	0.01963	0.04077	0.02265	0.78103	0.03171	0.00604	0.00604	0.00906	0.00378	0.00378
7	0.00935	0.00697	0.00943	0.00924	0.01059	0.00764	0.00706	0.03911	0.01169	0.01627	0.05351	0.03111	0.11838	0.09194	0.51894	0.00774	0.01271	0.00788	0.02482	0.00561
8	0.00893	0.00604	0.00706	0.00717	0.00728	0.00609	0.00422	0.00918	0.00935	0.01255	0.02057	0.09703	0.02359	0.66854	0.08224	0.00605	0.00662	0.00956	0.00390	0.00400
9	0.00905	0.00641	0.00790	0.00852	0.00932	0.00624	0.00625	0.01034	0.01180	0.01530	0.03110	0.11972	0.11985	0.35103	0.01849	0.00413	0.00535	0.24955	0.00489	0.00476
10	0.01531	0.34042	0.10137	0.01608	0.07144	0.07136	0.10225	0.01883	0.03755	0.01680	0.01282	0.01514	0.03826	0.00855	0.04450	0.00216	0.07106	0.00504	0.00308	0.00799
11	0.00922	0.00603	0.00673	0.00673	0.00682	0.00603	0.00381	0.00940	0.00931	0.01278	0.01968	0.03967	0.02223	0.73228	0.02999	0.00575	0.00584	0.00886	0.05493	0.00390
12	0.01583	0.01694	0.07557	0.08247	0.44783	0.06861	0.05442	0.05011	0.08751	0.02097	0.01305	0.01589	0.01042	0.00605	0.00620	0.00190	0.00776	0.00562	0.00350	0.00937
13	0.01542	0.01480	0.02529	0.03824	0.74217	0.01480	0.01912	0.01912	0.01419	0.02036	0.01172	0.01542	0.00987	0.00555	0.00617	0.00185	0.00740	0.00555	0.00308	0.00987
14	0.01231	0.06306	0.17795	0.01245	0.04335	0.01093	0.01157	0.04106	0.08492	0.05206	0.22655	0.03518	0.10976	0.01048	0.00672	0.00204	0.00550	0.08130	0.00522	0.00757
15	0.01477	0.01550	0.08600	0.33708	0.11772	0.03238	0.12073	0.09303	0.04241	0.03533	0.01249	0.01614	0.00941	0.00639	0.00684	0.00203	0.03424	0.00577	0.00347	0.00827
16	0.01786	0.27064	0.07573	0.01680	0.09613	0.23263	0.04129	0.03682	0.05710	0.01742	0.01092	0.01281	0.00913	0.00635	0.00628	0.00170	0.05977	0.00448	0.01804	0.00812
17	0.01025	0.00705	0.00858	0.00784	0.00992	0.00619	0.00584	0.01255	0.01530	0.06697	0.35470	0.09935	0.17392	0.06080	0.00844	0.00215	0.00357	0.01059	0.03695	0.09904
18	0.16071	0.06564	0.01560	0.05814	0.07236	0.12467	0.01012	0.08051	0.08975	0.02218	0.01585	0.04473	0.05056	0.00712	0.00540	0.00170	0.00632	0.00547	0.00417	0.15900

[dist]
# distance from previous block
# <min> <max>
1	6

[block]
# block no. 7 follows, 36 sequences, length 15
# corresponding to MSA columns:
# 1149-1163
name=unknown_H
#
# <colnr> <probs for GDERKNQSTAVLIFYWHMCP>
#	G	D	E	R	K	N	Q	S	T	A	V	L	I	F	Y	W	H	M	C	P
0	0.01825	0.01592	0.02112	0.02786	0.44562	0.11642	0.01540	0.06008	0.03276	0.12012	0.01567	0.03867	0.03038	0.00681	0.00619	0.00186	0.00734	0.00602	0.00413	0.00939
1	0.05039	0.00649	0.00799	0.00842	0.00973	0.00600	0.00602	0.01048	0.01338	0.01892	0.18349	0.45398	0.09154	0.01596	0.00735	0.00224	0.00363	0.03427	0.00576	0.06394
2	0.01428	0.01217	0.01494	0.01323	0.10099	0.01031	0.00925	0.08109	0.03755	0.02223	0.01196	0.01373	0.00974	0.00511	0.00500	0.00116	0.00516	0.00419	0.00394	0.62397
3	0.01726	0.11082	0.05093	0.01365	0.03438	0.04647	0.07702	0.08590	0.05368	0.12618	0.03317	0.01615	0.01201	0.00662	0.00666	0.00166	0.06353	0.00522	0.03322	0.20547
4	0.00803	0.00608	0.00714	0.00748	0.00865	0.00556	0.00525	0.00948	0.01315	0.01697	0.14399	0.23809	0.30277	0.14262	0.03439	0.00310	0.00420	0.03244	0.00553	0.00508
5	0.03840	0.01521	0.05678	0.01356	0.01798	0.01554	0.05229	0.25688	0.30900	0.05455	0.02331	0.02244	0.07909	0.00836	0.00637	0.00201	0.00598	0.00688	0.00585	0.00952
6	0.00759	0.00542	0.00723	0.00868	0.00904	0.00506	0.00578	0.00868	0.01193	0.01591	0.03434	0.77697	0.04121	0.01952	0.00795	0.00253	0.00361	0.01771	0.00578	0.00506
7	0.01474	0.01425	0.04761	0.08452	0.52579	0.03532	0.01687	0.01815	0.01397	0.04507	0.01493	0.11248	0.01382	0.00749	0.00638	0.00195	0.00709	0.00704	0.00356	0.00897
8	0.01600	0.01217	0.01407	0.01028	0.01567	0.01033	0.00831	0.14258	0.01622	0.07983	0.01281	0.01392	0.00995	0.00536	0.00503	0.00117	0.00507	0.00423	0.00446	0.61253
9	0.01124	0.00593	0.00638	0.00638	0.00779	0.00608	0.00483	0.01405	0.01265	0.02203	0.01983	0.02340	0.01592	0.01267	0.10741	0.00263	0.00479	0.00593	0.70430	0.00577
10	0.00931	0.00699	0.00946	0.01122	0.06267	0.00681	0.00738	0.04939	0.01358	0.01826	0.07660	0.55300	0.05383	0.01782	0.02526	0.00260	0.00446	0.05991	0.00562	0.00583
11	0.00955	0.00763	0.01126	0.01088	0.01184	0.00934	0.00859	0.01166	0.00995	0.01454	0.01552	0.02299	0.01456	0.04182	0.65549	0.00901	0.11988	0.00651	0.00325	0.00573
12	0.01454	0.01670	0.12357	0.13128	0.55207	0.01463	0.01942	0.01878	0.01382	0.01969	0.01156	0.01527	0.00939	0.00569	0.00614	0.00190	0.00777	0.00542	0.00298	0.00939
13	0.01517	0.01454	0.02483	0.08897	0.69343	0.01474	0.01899	0.01890	0.01407	0.02005	0.01167	0.01550	0.00976	0.00560	0.00617	0.00187	0.00746	0.00555	0.00306	0.00966
14	0.01312	0.01204	0.01959	0.61222	0.13704	0.01437	0.01716	0.06713	0.01391	0.01821	0.01144	0.01633	0.00868	0.00623	0.00622	0.00203	0.00808	0.00554	0.00306	0.00759

[dist]
# distance from previous block
# <min> <max>
0	7

# created by:
# /home/cegg/simao/soft/augustus-3.2.1/scripts/msa2prfl.pl ./align_prep/EOG090W0DVL.fa
