[name]
unknown

[dist]
# distance from previous block
# <min> <max>
0	80

[block]
# block no. 0 follows, 40 sequences, length 56
# corresponding to MSA columns:
# 80-135
name=unknown_A
#
# <colnr> <probs for GDERKNQSTAVLIFYWHMCP>
#	G	D	E	R	K	N	Q	S	T	A	V	L	I	F	Y	W	H	M	C	P
0	0.00947	0.00692	0.00988	0.05970	0.01383	0.00709	0.00980	0.01223	0.01328	0.01724	0.02949	0.06241	0.03183	0.01541	0.00789	0.00263	0.00551	0.67478	0.00518	0.00542
1	0.04656	0.00656	0.00856	0.05661	0.01095	0.00638	0.00628	0.01193	0.01586	0.04125	0.65665	0.03953	0.04866	0.01109	0.00662	0.00183	0.00320	0.00973	0.00605	0.00570
2	0.02291	0.01156	0.06117	0.01087	0.01549	0.00965	0.00939	0.02744	0.11855	0.57881	0.02168	0.01923	0.01415	0.00706	0.00577	0.00178	0.00510	0.00574	0.00655	0.04710
3	0.01512	0.01373	0.02469	0.01884	0.04519	0.06015	0.41925	0.01890	0.01463	0.13113	0.12296	0.03739	0.01701	0.00664	0.00653	0.00186	0.00772	0.00714	0.00416	0.02696
4	0.01402	0.01314	0.02219	0.06499	0.68143	0.01325	0.01690	0.01745	0.01311	0.01900	0.01142	0.01490	0.00951	0.00531	0.00565	0.00171	0.00668	0.00520	0.05529	0.00886
5	0.01393	0.01326	0.02253	0.03394	0.71164	0.01324	0.01706	0.01723	0.01311	0.01873	0.01228	0.06380	0.01107	0.00601	0.00586	0.00177	0.00668	0.00590	0.00304	0.00893
6	0.01381	0.01540	0.03249	0.02454	0.07589	0.01464	0.65315	0.01924	0.05333	0.01896	0.01235	0.01593	0.00933	0.00508	0.00674	0.00195	0.00934	0.00674	0.00310	0.00800
7	0.01439	0.01382	0.02360	0.03569	0.75936	0.01382	0.01785	0.01785	0.01324	0.01900	0.01094	0.01439	0.00921	0.00518	0.00576	0.00173	0.00691	0.00518	0.00288	0.00921
8	0.01439	0.01382	0.02360	0.03569	0.75936	0.01382	0.01785	0.01785	0.01324	0.01900	0.01094	0.01439	0.00921	0.00518	0.00576	0.00173	0.00691	0.00518	0.00288	0.00921
9	0.02399	0.04364	0.01441	0.01070	0.01508	0.01046	0.00884	0.07262	0.10578	0.59714	0.02185	0.01922	0.01423	0.00717	0.00577	0.00179	0.00505	0.00578	0.00676	0.00971
10	0.00894	0.00742	0.01107	0.01134	0.04321	0.00710	0.08241	0.01165	0.04602	0.01664	0.03345	0.32575	0.16750	0.01464	0.00727	0.00228	0.00465	0.18798	0.00505	0.00563
11	0.01206	0.10927	0.68981	0.01589	0.02411	0.01448	0.02030	0.01831	0.01223	0.01793	0.01019	0.01197	0.00738	0.00547	0.00534	0.00178	0.00835	0.00417	0.00246	0.00848
12	0.09127	0.01638	0.01665	0.01297	0.01745	0.05194	0.01066	0.64595	0.02537	0.03473	0.01324	0.01342	0.00948	0.00680	0.00560	0.00174	0.00642	0.00499	0.00550	0.00944
13	0.00775	0.00666	0.00673	0.00658	0.00870	0.00602	0.00497	0.01096	0.09847	0.01671	0.05483	0.05199	0.67135	0.01394	0.00676	0.00196	0.00314	0.01161	0.00546	0.00541
14	0.02172	0.02772	0.01648	0.01498	0.01798	0.77228	0.01124	0.02322	0.01648	0.01423	0.00899	0.01049	0.00749	0.00599	0.00524	0.00150	0.01049	0.00375	0.00300	0.00674
15	0.02244	0.01556	0.01658	0.01288	0.01739	0.04789	0.01057	0.56388	0.05443	0.15499	0.01563	0.01509	0.01085	0.00701	0.00580	0.00175	0.00626	0.00533	0.00593	0.00973
16	0.01115	0.01039	0.01714	0.66956	0.08064	0.01267	0.01547	0.01540	0.04256	0.01550	0.01192	0.05103	0.00966	0.00643	0.00589	0.00195	0.00737	0.00574	0.00287	0.00666
17	0.00709	0.00506	0.00675	0.00810	0.00843	0.00472	0.00540	0.00810	0.01113	0.01484	0.03205	0.79184	0.03846	0.01822	0.00742	0.00236	0.00337	0.01653	0.00540	0.00472
18	0.02609	0.00990	0.01350	0.01035	0.01484	0.00855	0.00855	0.02834	0.01664	0.76338	0.02294	0.01979	0.01439	0.00720	0.00585	0.00180	0.00495	0.00585	0.00720	0.00990
19	0.00709	0.00506	0.00675	0.00810	0.00843	0.00472	0.00540	0.00810	0.01113	0.01484	0.03205	0.79184	0.03846	0.01822	0.00742	0.00236	0.00337	0.01653	0.00540	0.00472
20	0.00823	0.00594	0.00777	0.00732	0.00869	0.00549	0.00549	0.01097	0.01646	0.02332	0.75629	0.04344	0.05487	0.01189	0.00686	0.00183	0.00274	0.01052	0.00640	0.00549
21	0.00937	0.00669	0.00937	0.01071	0.01205	0.00669	0.00937	0.01205	0.01339	0.01740	0.03079	0.06560	0.03347	0.01606	0.00803	0.00268	0.00535	0.72021	0.00535	0.00535
22	0.01439	0.01382	0.02360	0.03569	0.75936	0.01382	0.01785	0.01785	0.01324	0.01900	0.01094	0.01439	0.00921	0.00518	0.00576	0.00173	0.00691	0.00518	0.00288	0.00921
23	0.02211	0.01629	0.01745	0.01338	0.01803	0.01803	0.01105	0.73997	0.02734	0.03665	0.01396	0.01396	0.00989	0.00698	0.00582	0.00175	0.00640	0.00524	0.00582	0.00989
24	0.83671	0.01125	0.00855	0.00765	0.01125	0.01305	0.00630	0.01709	0.00990	0.02609	0.00810	0.00945	0.00630	0.00540	0.00360	0.00180	0.00450	0.00315	0.00360	0.00630
25	0.01439	0.01382	0.02360	0.03569	0.75936	0.01382	0.01785	0.01785	0.01324	0.01900	0.01094	0.01439	0.00921	0.00518	0.00576	0.00173	0.00691	0.00518	0.00288	0.00921
26	0.00890	0.00639	0.00882	0.00869	0.00965	0.00720	0.00649	0.03345	0.00989	0.01421	0.01623	0.02549	0.01570	0.18814	0.56359	0.00797	0.01268	0.00659	0.04486	0.00503
27	0.00935	0.00571	0.00672	0.00648	0.00779	0.00546	0.00481	0.01198	0.01437	0.02221	0.41720	0.03399	0.03670	0.03645	0.00645	0.00176	0.00283	0.00828	0.35606	0.00539
28	0.00709	0.00506	0.00675	0.00810	0.00843	0.00472	0.00540	0.00810	0.01113	0.01484	0.03205	0.79184	0.03846	0.01822	0.00742	0.00236	0.00337	0.01653	0.00540	0.00472
29	0.83671	0.01125	0.00855	0.00765	0.01125	0.01305	0.00630	0.01709	0.00990	0.02609	0.00810	0.00945	0.00630	0.00540	0.00360	0.00180	0.00450	0.00315	0.00360	0.00630
30	0.00817	0.00599	0.00857	0.00875	0.00955	0.00670	0.00648	0.00981	0.00945	0.01336	0.01815	0.12682	0.01865	0.14806	0.56478	0.00789	0.01254	0.00791	0.00348	0.00489
31	0.01459	0.01419	0.02341	0.03513	0.73928	0.03435	0.01767	0.01799	0.01333	0.01887	0.01089	0.01429	0.00916	0.00520	0.00574	0.00172	0.00701	0.00514	0.00288	0.00914
32	0.01373	0.01569	0.03431	0.02451	0.03039	0.01471	0.73824	0.01863	0.01373	0.01863	0.01176	0.01569	0.00882	0.00490	0.00686	0.00196	0.00980	0.00686	0.00294	0.00784
33	0.01482	0.01241	0.01316	0.01179	0.01511	0.01429	0.00918	0.03082	0.72672	0.04667	0.02365	0.02164	0.01765	0.00787	0.00592	0.00197	0.00461	0.00655	0.00596	0.00923
34	0.00709	0.00506	0.00675	0.00810	0.00843	0.00472	0.00540	0.00810	0.01113	0.01484	0.03205	0.79184	0.03846	0.01822	0.00742	0.00236	0.00337	0.01653	0.00540	0.00472
35	0.01428	0.01371	0.02341	0.05950	0.73640	0.01379	0.01779	0.01775	0.01319	0.01887	0.01092	0.01443	0.00916	0.00520	0.00576	0.00173	0.00694	0.00518	0.00287	0.00912
36	0.01732	0.01391	0.01475	0.01241	0.01621	0.01580	0.00989	0.29543	0.47967	0.02892	0.02005	0.01881	0.01482	0.00755	0.00588	0.00189	0.00527	0.00608	0.00588	0.00946
37	0.00709	0.00506	0.00675	0.00810	0.00843	0.00472	0.00540	0.00810	0.01113	0.01484	0.03205	0.79184	0.03846	0.01822	0.00742	0.00236	0.00337	0.01653	0.00540	0.00472
38	0.01098	0.01034	0.01744	0.78165	0.04005	0.01292	0.01615	0.01486	0.01163	0.01486	0.01034	0.01550	0.00775	0.00581	0.00581	0.00194	0.00775	0.00517	0.00258	0.00646
39	0.01412	0.01628	0.03343	0.02404	0.02978	0.05217	0.70228	0.01885	0.01386	0.01841	0.01163	0.01543	0.00876	0.00496	0.00678	0.00194	0.00984	0.00671	0.00294	0.00779
40	0.83671	0.01125	0.00855	0.00765	0.01125	0.01305	0.00630	0.01709	0.00990	0.02609	0.00810	0.00945	0.00630	0.00540	0.00360	0.00180	0.00450	0.00315	0.00360	0.00630
41	0.01429	0.01372	0.02343	0.05728	0.73854	0.01379	0.01780	0.01776	0.01319	0.01888	0.01092	0.01442	0.00917	0.00520	0.00576	0.00173	0.00693	0.00518	0.00287	0.00913
42	0.02609	0.00990	0.01350	0.01035	0.01484	0.00855	0.00855	0.02834	0.01664	0.76338	0.02294	0.01979	0.01439	0.00720	0.00585	0.00180	0.00495	0.00585	0.00720	0.00990
43	0.01402	0.01344	0.02293	0.11719	0.68077	0.01372	0.01766	0.01752	0.01306	0.01855	0.01087	0.01451	0.00905	0.00525	0.00576	0.00175	0.00700	0.00518	0.00285	0.00891
44	0.00709	0.00506	0.00675	0.00810	0.00843	0.00472	0.00540	0.00810	0.01113	0.01484	0.03205	0.79184	0.03846	0.01822	0.00742	0.00236	0.00337	0.01653	0.00540	0.00472
45	0.00789	0.00593	0.00730	0.00696	0.00848	0.00534	0.00522	0.01032	0.01566	0.02142	0.58230	0.04656	0.23004	0.01260	0.00686	0.00186	0.00279	0.01095	0.00615	0.00534
46	0.00690	0.00577	0.00602	0.00621	0.00794	0.00488	0.00456	0.00831	0.01294	0.01558	0.05497	0.16399	0.65152	0.01524	0.00695	0.00202	0.00301	0.01290	0.00540	0.00488
47	0.00687	0.00589	0.00589	0.00589	0.00785	0.00491	0.00442	0.00835	0.01325	0.01571	0.05891	0.05596	0.75700	0.01473	0.00687	0.00196	0.00295	0.01227	0.00540	0.00491
48	0.06479	0.01053	0.01361	0.01048	0.01495	0.00960	0.00866	0.09073	0.01727	0.66360	0.02143	0.01878	0.01361	0.00709	0.00574	0.00179	0.00505	0.00566	0.00690	0.00972
49	0.01948	0.02186	0.05226	0.01926	0.18406	0.38722	0.01308	0.17163	0.04049	0.02048	0.01098	0.01251	0.00869	0.00605	0.00551	0.00163	0.00857	0.00449	0.00362	0.00811
50	0.02172	0.02772	0.01648	0.01498	0.01798	0.77228	0.01124	0.02322	0.01648	0.01423	0.00899	0.01049	0.00749	0.00599	0.00524	0.00150	0.01049	0.00375	0.00300	0.00674
51	0.01577	0.01220	0.01319	0.01167	0.01509	0.01380	0.00913	0.03061	0.66642	0.10752	0.02359	0.02148	0.01737	0.00781	0.00591	0.00195	0.00464	0.00649	0.00606	0.00928
52	0.01251	0.01032	0.01210	0.00867	0.01382	0.00778	0.00694	0.01508	0.01221	0.04296	0.01074	0.01231	0.00880	0.00440	0.00436	0.00089	0.00433	0.00352	0.00357	0.80469
53	0.01616	0.01188	0.01491	0.01116	0.01570	0.01106	0.04461	0.15379	0.01542	0.13111	0.01270	0.01379	0.00962	0.00580	0.00628	0.00137	0.07563	0.00445	0.00434	0.44023
54	0.00709	0.00506	0.00675	0.00810	0.00843	0.00472	0.00540	0.00810	0.01113	0.01484	0.03205	0.79184	0.03846	0.01822	0.00742	0.00236	0.00337	0.01653	0.00540	0.00472
55	0.01136	0.01054	0.01744	0.75544	0.03930	0.01309	0.01598	0.03960	0.01216	0.01560	0.01046	0.01545	0.00782	0.00585	0.00581	0.00193	0.00771	0.00517	0.00269	0.00658

[dist]
# distance from previous block
# <min> <max>
1	15

[block]
# block no. 1 follows, 40 sequences, length 54
# corresponding to MSA columns:
# 151-204
name=unknown_B
#
# <colnr> <probs for GDERKNQSTAVLIFYWHMCP>
#	G	D	E	R	K	N	Q	S	T	A	V	L	I	F	Y	W	H	M	C	P
0	0.02175	0.01595	0.01707	0.01313	0.01768	0.01764	0.01083	0.71714	0.02687	0.03618	0.01412	0.01420	0.01005	0.00697	0.00576	0.00173	0.00628	0.00524	0.03164	0.00975
1	0.01166	0.03008	0.76550	0.01657	0.02517	0.01351	0.02149	0.01842	0.01228	0.01842	0.01044	0.01228	0.00737	0.00552	0.00552	0.00184	0.00859	0.00430	0.00246	0.00859
2	0.00687	0.00589	0.00589	0.00589	0.00785	0.00491	0.00442	0.00835	0.01325	0.01571	0.05891	0.05596	0.75700	0.01473	0.00687	0.00196	0.00295	0.01227	0.00540	0.00491
3	0.01166	0.03008	0.76550	0.01657	0.02517	0.01351	0.02149	0.01842	0.01228	0.01842	0.01044	0.01228	0.00737	0.00552	0.00552	0.00184	0.00859	0.00430	0.00246	0.00859
4	0.00831	0.00623	0.00935	0.00935	0.01038	0.00727	0.00727	0.01038	0.00935	0.01350	0.01558	0.02285	0.01454	0.04361	0.77259	0.00935	0.01558	0.00623	0.00312	0.00519
5	0.00831	0.00623	0.00935	0.00935	0.01038	0.00727	0.00727	0.01038	0.00935	0.01350	0.01558	0.02285	0.01454	0.04361	0.77259	0.00935	0.01558	0.00623	0.00312	0.00519
6	0.02609	0.00990	0.01350	0.01035	0.01484	0.00855	0.00855	0.02834	0.01664	0.76338	0.02294	0.01979	0.01439	0.00720	0.00585	0.00180	0.00495	0.00585	0.00720	0.00990
7	0.00912	0.00652	0.00908	0.01042	0.01165	0.00648	0.00894	0.01162	0.01314	0.01712	0.03093	0.14485	0.03401	0.01630	0.00797	0.00264	0.00514	0.64342	0.00536	0.00529
8	0.00709	0.00506	0.00675	0.00810	0.00843	0.00472	0.00540	0.00810	0.01113	0.01484	0.03205	0.79184	0.03846	0.01822	0.00742	0.00236	0.00337	0.01653	0.00540	0.00472
9	0.02587	0.01024	0.01371	0.01051	0.01502	0.00906	0.00868	0.06695	0.01722	0.72396	0.02245	0.01948	0.01415	0.00719	0.00585	0.00180	0.00503	0.00581	0.00712	0.00990
10	0.01439	0.01382	0.02360	0.03569	0.75936	0.01382	0.01785	0.01785	0.01324	0.01900	0.01094	0.01439	0.00921	0.00518	0.00576	0.00173	0.00691	0.00518	0.00288	0.00921
11	0.01446	0.01249	0.01315	0.01183	0.01512	0.01446	0.00920	0.03090	0.74885	0.02433	0.02367	0.02170	0.01775	0.00789	0.00592	0.00197	0.00460	0.00657	0.00592	0.00920
12	0.68367	0.01474	0.14896	0.00930	0.01383	0.01313	0.00912	0.01734	0.01034	0.02467	0.00853	0.00997	0.00650	0.00542	0.00396	0.00181	0.00526	0.00336	0.00339	0.00672
13	0.00823	0.00594	0.00777	0.00732	0.00869	0.00549	0.00549	0.01097	0.01646	0.02332	0.75629	0.04344	0.05487	0.01189	0.00686	0.00183	0.00274	0.01052	0.00640	0.00549
14	0.01291	0.01327	0.02087	0.01698	0.01807	0.01724	0.14730	0.01485	0.00980	0.01485	0.00840	0.01327	0.00785	0.00920	0.01682	0.00244	0.64120	0.00542	0.00262	0.00664
15	0.01246	0.01237	0.01730	0.01494	0.01495	0.01721	0.01239	0.01372	0.00901	0.01403	0.00876	0.04856	0.00905	0.01055	0.01855	0.00254	0.74903	0.00562	0.00268	0.00629
16	0.00831	0.00623	0.00935	0.00935	0.01038	0.00727	0.00727	0.01038	0.00935	0.01350	0.01558	0.02285	0.01454	0.04361	0.77259	0.00935	0.01558	0.00623	0.00312	0.00519
17	0.01808	0.01511	0.01539	0.01353	0.05043	0.08188	0.01035	0.36197	0.24453	0.02827	0.01966	0.02005	0.06053	0.00782	0.00592	0.00183	0.00599	0.02429	0.00543	0.00894
18	0.83671	0.01125	0.00855	0.00765	0.01125	0.01305	0.00630	0.01709	0.00990	0.02609	0.00810	0.00945	0.00630	0.00540	0.00360	0.00180	0.00450	0.00315	0.00360	0.00630
19	0.02038	0.02489	0.01586	0.01440	0.01745	0.63171	0.01086	0.02465	0.15233	0.01610	0.01171	0.01257	0.00939	0.00634	0.00537	0.00159	0.00940	0.00427	0.00354	0.00720
20	0.02172	0.02772	0.01648	0.01498	0.01798	0.77228	0.01124	0.02322	0.01648	0.01423	0.00899	0.01049	0.00749	0.00599	0.00524	0.00150	0.01049	0.00375	0.00300	0.00674
21	0.00788	0.00654	0.00698	0.00680	0.00875	0.00596	0.00512	0.01107	0.08714	0.01793	0.18165	0.07066	0.53550	0.01363	0.00679	0.00195	0.00309	0.01150	0.00563	0.00544
22	0.01182	0.06158	0.73539	0.01630	0.02475	0.01389	0.02101	0.01838	0.01226	0.01822	0.01034	0.01216	0.00737	0.00550	0.00545	0.00182	0.00850	0.00425	0.00246	0.00855
23	0.00709	0.00506	0.00675	0.00810	0.00843	0.00472	0.00540	0.00810	0.01113	0.01484	0.03205	0.79184	0.03846	0.01822	0.00742	0.00236	0.00337	0.01653	0.00540	0.00472
24	0.83671	0.01125	0.00855	0.00765	0.01125	0.01305	0.00630	0.01709	0.00990	0.02609	0.00810	0.00945	0.00630	0.00540	0.00360	0.00180	0.00450	0.00315	0.00360	0.00630
25	0.01446	0.01249	0.01315	0.01183	0.01512	0.01446	0.00920	0.03090	0.74885	0.02433	0.02367	0.02170	0.01775	0.00789	0.00592	0.00197	0.00460	0.00657	0.00592	0.00920
26	0.02609	0.00990	0.01350	0.01035	0.01484	0.00855	0.00855	0.02834	0.01664	0.76338	0.02294	0.01979	0.01439	0.00720	0.00585	0.00180	0.00495	0.00585	0.00720	0.00990
27	0.01084	0.00542	0.00542	0.00542	0.00678	0.00542	0.00407	0.01355	0.01220	0.02168	0.01897	0.02168	0.01491	0.00678	0.00407	0.00136	0.00271	0.00542	0.82791	0.00542
28	0.83671	0.01125	0.00855	0.00765	0.01125	0.01305	0.00630	0.01709	0.00990	0.02609	0.00810	0.00945	0.00630	0.00540	0.00360	0.00180	0.00450	0.00315	0.00360	0.00630
29	0.01439	0.01382	0.02360	0.03569	0.75936	0.01382	0.01785	0.01785	0.01324	0.01900	0.01094	0.01439	0.00921	0.00518	0.00576	0.00173	0.00691	0.00518	0.00288	0.00921
30	0.00831	0.00623	0.00935	0.00935	0.01038	0.00727	0.00727	0.01038	0.00935	0.01350	0.01558	0.02285	0.01454	0.04361	0.77259	0.00935	0.01558	0.00623	0.00312	0.00519
31	0.00844	0.00570	0.00667	0.00667	0.00678	0.00582	0.00393	0.00867	0.00855	0.01152	0.01802	0.03640	0.02042	0.71356	0.11068	0.00604	0.00672	0.00821	0.00348	0.00371
32	0.01098	0.01034	0.01744	0.78165	0.04005	0.01292	0.01615	0.01486	0.01163	0.01486	0.01034	0.01550	0.00775	0.00581	0.00581	0.00194	0.00775	0.00517	0.00258	0.00646
33	0.00823	0.00594	0.00777	0.00732	0.00869	0.00549	0.00549	0.01097	0.01646	0.02332	0.75629	0.04344	0.05487	0.01189	0.00686	0.00183	0.00274	0.01052	0.00640	0.00549
34	0.04883	0.00569	0.00556	0.00552	0.00698	0.00577	0.00417	0.01371	0.01209	0.02188	0.01847	0.02112	0.01451	0.00671	0.00404	0.00138	0.00279	0.00532	0.79000	0.00546
35	0.01487	0.01211	0.01298	0.01156	0.01483	0.01379	0.00902	0.04802	0.65628	0.05908	0.06315	0.02259	0.01941	0.00805	0.00596	0.00195	0.00456	0.00672	0.00600	0.00905
36	0.00774	0.00553	0.00749	0.00884	0.00946	0.00528	0.00653	0.00922	0.01177	0.01557	0.03169	0.58525	0.03704	0.01761	0.00760	0.00245	0.00394	0.21670	0.00539	0.00490
37	0.02254	0.01559	0.01702	0.01305	0.01769	0.01700	0.01078	0.66231	0.02617	0.11596	0.01494	0.01460	0.01038	0.00700	0.00582	0.00175	0.00624	0.00530	0.00597	0.00989
38	0.00687	0.00589	0.00589	0.00589	0.00785	0.00491	0.00442	0.00835	0.01325	0.01571	0.05891	0.05596	0.75700	0.01473	0.00687	0.00196	0.00295	0.01227	0.00540	0.00491
39	0.01446	0.01249	0.01315	0.01183	0.01512	0.01446	0.00920	0.03090	0.74885	0.02433	0.02367	0.02170	0.01775	0.00789	0.00592	0.00197	0.00460	0.00657	0.00592	0.00920
40	0.01543	0.76574	0.02994	0.01018	0.01494	0.02279	0.01007	0.01727	0.01169	0.01369	0.00807	0.00947	0.00747	0.00520	0.00438	0.00130	0.03929	0.00319	0.00249	0.00742
41	0.01387	0.01028	0.01224	0.00884	0.01392	0.00785	0.00710	0.01641	0.01265	0.11484	0.01196	0.01305	0.00936	0.00468	0.00451	0.00098	0.00439	0.00375	0.00393	0.72539
42	0.83671	0.01125	0.00855	0.00765	0.01125	0.01305	0.00630	0.01709	0.00990	0.02609	0.00810	0.00945	0.00630	0.00540	0.00360	0.00180	0.00450	0.00315	0.00360	0.00630
43	0.01695	0.62360	0.02729	0.01110	0.01562	0.19350	0.01024	0.01873	0.01288	0.01381	0.00829	0.00959	0.00747	0.00521	0.00408	0.00130	0.00719	0.00325	0.00260	0.00730
44	0.02211	0.01629	0.01745	0.01338	0.01803	0.01803	0.01105	0.73997	0.02734	0.03665	0.01396	0.01396	0.00989	0.00698	0.00582	0.00175	0.00640	0.00524	0.00582	0.00989
45	0.01555	0.79913	0.03047	0.00995	0.01493	0.02301	0.00995	0.01741	0.01182	0.01368	0.00808	0.00933	0.00746	0.00498	0.00373	0.00124	0.00622	0.00311	0.00249	0.00746
46	0.00687	0.00589	0.00589	0.00589	0.00785	0.00491	0.00442	0.00835	0.01325	0.01571	0.05891	0.05596	0.75700	0.01473	0.00687	0.00196	0.00295	0.01227	0.00540	0.00491
47	0.00687	0.00589	0.00589	0.00589	0.00785	0.00491	0.00442	0.00835	0.01325	0.01571	0.05891	0.05596	0.75700	0.01473	0.00687	0.00196	0.00295	0.01227	0.00540	0.00491
48	0.01240	0.01163	0.01885	0.47059	0.25628	0.01336	0.01591	0.01752	0.09257	0.01715	0.01197	0.01584	0.00929	0.00585	0.00581	0.00188	0.00715	0.00533	0.00304	0.00760
49	0.01959	0.01494	0.01570	0.01262	0.01666	0.03544	0.01017	0.48666	0.21263	0.05009	0.01677	0.01713	0.01249	0.04347	0.00692	0.00198	0.00597	0.00571	0.00570	0.00934
50	0.00910	0.00634	0.00825	0.00902	0.01034	0.00606	0.00716	0.01147	0.03342	0.04865	0.08279	0.27674	0.14057	0.01563	0.00745	0.00237	0.00420	0.30950	0.00554	0.00541
51	0.04593	0.01101	0.03292	0.00893	0.01405	0.00841	0.00737	0.01554	0.04326	0.01946	0.01081	0.01237	0.00887	0.00454	0.00438	0.00097	0.00445	0.00359	0.00353	0.73961
52	0.01560	0.10891	0.20924	0.01274	0.01779	0.01488	0.01249	0.14211	0.26314	0.07673	0.01789	0.03703	0.03162	0.00718	0.00560	0.00181	0.00607	0.00571	0.00468	0.00878
53	0.39465	0.03758	0.07866	0.01045	0.01468	0.13210	0.00918	0.03821	0.01326	0.20356	0.01221	0.01249	0.00868	0.00597	0.00463	0.00174	0.00601	0.00405	0.00430	0.00757

[dist]
# distance from previous block
# <min> <max>
0	77

# created by:
# /home/cegg/simao/soft/augustus-3.2.1/scripts/msa2prfl.pl ./align_prep/EOG090W0JSO.fa
