[name]
unknown

[dist]
# distance from previous block
# <min> <max>
5	49

[block]
# block no. 0 follows, 31 sequences, length 87
# corresponding to MSA columns:
# 62-107,112-152
name=unknown_A
#
# <colnr> <probs for GDERKNQSTAVLIFYWHMCP>
#	G	D	E	R	K	N	Q	S	T	A	V	L	I	F	Y	W	H	M	C	P
0	0.00871	0.00730	0.00879	0.00849	0.01055	0.00650	0.03269	0.01057	0.01482	0.01834	0.07881	0.13490	0.50098	0.05585	0.06854	0.00327	0.00520	0.01387	0.00595	0.00586
1	0.01352	0.01263	0.02085	0.55000	0.15501	0.01462	0.01813	0.01778	0.01401	0.01863	0.01314	0.04248	0.01069	0.00708	0.00677	0.00217	0.00849	0.00639	0.00328	0.06433
2	0.01683	0.01679	0.02167	0.26937	0.24556	0.12182	0.01710	0.07236	0.01653	0.02091	0.01636	0.02001	0.05976	0.00777	0.00765	0.00215	0.04834	0.00643	0.00375	0.00884
3	0.46582	0.01250	0.01127	0.01033	0.01390	0.01425	0.00817	0.05189	0.15192	0.02859	0.01760	0.10431	0.01549	0.01039	0.02991	0.00252	0.00563	0.00672	0.03081	0.00799
4	0.01672	0.01604	0.02739	0.07852	0.68199	0.01620	0.02089	0.02081	0.01548	0.02210	0.01283	0.01700	0.01075	0.00613	0.00678	0.00204	0.00818	0.00609	0.00337	0.01067
5	0.03980	0.01683	0.01850	0.07393	0.01971	0.14137	0.01335	0.04155	0.04458	0.01885	0.04820	0.01886	0.01345	0.04771	0.03780	0.00301	0.38484	0.00630	0.00375	0.00760
6	0.00928	0.00695	0.00843	0.00815	0.00971	0.00644	0.00594	0.01160	0.01644	0.02220	0.39097	0.05261	0.23607	0.11922	0.06306	0.00343	0.00483	0.01226	0.00647	0.00593
7	0.00832	0.00600	0.00789	0.00939	0.00989	0.00557	0.00629	0.00954	0.01323	0.01752	0.03935	0.71919	0.08010	0.02122	0.00870	0.00275	0.00394	0.01919	0.00635	0.00557
8	0.01419	0.01216	0.01419	0.01013	0.01621	0.00912	0.00811	0.01723	0.01419	0.02229	0.01216	0.01419	0.01013	0.00507	0.00507	0.00101	0.00507	0.00405	0.00405	0.80139
9	0.01670	0.01474	0.01632	0.01455	0.01782	0.01763	0.01147	0.03328	0.59726	0.02674	0.02493	0.02389	0.01904	0.00970	0.00936	0.00242	0.12003	0.00746	0.00635	0.01031
10	0.00882	0.00665	0.00818	0.00857	0.00996	0.00600	0.00620	0.01095	0.01611	0.02141	0.28890	0.29465	0.23558	0.01756	0.00834	0.00244	0.00363	0.03334	0.00677	0.00596
11	0.03015	0.01177	0.01586	0.01224	0.01748	0.01034	0.01009	0.03346	0.04711	0.69378	0.02702	0.02338	0.01709	0.00850	0.00688	0.00213	0.00581	0.00691	0.00841	0.01161
12	0.01292	0.01216	0.02052	0.74312	0.04712	0.01520	0.01900	0.01748	0.01368	0.01748	0.01216	0.01824	0.00912	0.00684	0.00684	0.00228	0.00912	0.00608	0.00304	0.00760
13	0.00877	0.00627	0.00841	0.00987	0.01049	0.00591	0.00696	0.01033	0.01382	0.01846	0.07816	0.62468	0.04565	0.02066	0.00879	0.00279	0.00423	0.10364	0.00642	0.00571
14	0.01275	0.00638	0.00638	0.00638	0.00797	0.00638	0.00478	0.01594	0.01435	0.02551	0.02232	0.02551	0.01754	0.00797	0.00478	0.00159	0.00319	0.00638	0.79755	0.00638
15	0.00834	0.00595	0.00794	0.00953	0.00992	0.00556	0.00635	0.00953	0.01310	0.01746	0.03771	0.75510	0.04525	0.02143	0.00873	0.00278	0.00397	0.01945	0.00635	0.00556
16	0.00809	0.00693	0.00693	0.00693	0.00924	0.00578	0.00520	0.00982	0.01559	0.01848	0.06931	0.06584	0.71411	0.01733	0.00809	0.00231	0.00347	0.01444	0.00635	0.00578
17	0.02810	0.01581	0.01845	0.01415	0.01954	0.01624	0.01169	0.39923	0.02655	0.34590	0.02114	0.01949	0.01400	0.00833	0.00686	0.00208	0.00677	0.00648	0.00757	0.01164
18	0.01702	0.01470	0.01547	0.01392	0.01779	0.01702	0.01083	0.03635	0.70453	0.02862	0.02785	0.02553	0.02088	0.00928	0.00696	0.00232	0.00541	0.00773	0.00696	0.01083
19	0.00995	0.00663	0.00746	0.00746	0.00746	0.00663	0.00415	0.00995	0.00995	0.01327	0.02156	0.04477	0.02487	0.75957	0.03482	0.00663	0.00663	0.00995	0.00415	0.00415
20	0.00882	0.00618	0.00787	0.00895	0.00929	0.00588	0.00578	0.00979	0.01256	0.01681	0.06375	0.53784	0.04079	0.21409	0.01552	0.00376	0.00463	0.01665	0.00583	0.00523
21	0.01372	0.03539	0.72412	0.01950	0.02961	0.01589	0.02528	0.02167	0.01444	0.02167	0.01228	0.01444	0.00867	0.00650	0.00650	0.00217	0.01011	0.00506	0.00289	0.01011
22	0.01829	0.76368	0.03585	0.01171	0.01756	0.02707	0.01171	0.02049	0.01390	0.01610	0.00951	0.01097	0.00878	0.00585	0.00439	0.00146	0.00732	0.00366	0.00293	0.00878
23	0.80789	0.01323	0.01006	0.00900	0.01323	0.01535	0.00741	0.02011	0.01164	0.03070	0.00953	0.01111	0.00741	0.00635	0.00423	0.00212	0.00529	0.00370	0.00423	0.00741
24	0.00833	0.00629	0.00771	0.00873	0.00974	0.00567	0.00602	0.00979	0.01414	0.01828	0.08200	0.52005	0.23875	0.01986	0.00851	0.00261	0.00379	0.01764	0.00641	0.00567
25	0.01292	0.01216	0.02052	0.74312	0.04712	0.01520	0.01900	0.01748	0.01368	0.01748	0.01216	0.01824	0.00912	0.00684	0.00684	0.00228	0.00912	0.00608	0.00304	0.00760
26	0.01102	0.00787	0.01102	0.01260	0.01417	0.00787	0.01102	0.01417	0.01575	0.02047	0.03622	0.07717	0.03937	0.01890	0.00945	0.00315	0.00630	0.67084	0.00630	0.00630
27	0.01150	0.00619	0.00929	0.00929	0.00952	0.00642	0.00642	0.00952	0.00929	0.01261	0.01306	0.02191	0.01284	0.02879	0.15546	0.65686	0.00820	0.00619	0.00310	0.00354
28	0.00980	0.00681	0.00807	0.00800	0.00868	0.00658	0.00520	0.01098	0.01327	0.01796	0.22033	0.04955	0.08367	0.46326	0.02424	0.00491	0.00544	0.04287	0.00535	0.00501
29	0.01615	0.01845	0.04037	0.02884	0.03576	0.01730	0.69204	0.02191	0.01615	0.02191	0.01384	0.01845	0.01038	0.00577	0.00807	0.00231	0.01153	0.00807	0.00346	0.00923
30	0.01188	0.00594	0.00891	0.00891	0.00891	0.00594	0.00594	0.00891	0.00891	0.01188	0.01188	0.02080	0.01188	0.02377	0.02674	0.80095	0.00594	0.00594	0.00297	0.00297
31	0.02401	0.05202	0.01989	0.01581	0.02035	0.24831	0.01263	0.36060	0.09426	0.03106	0.01550	0.01623	0.01177	0.00955	0.03517	0.00232	0.00927	0.00570	0.00551	0.01004
32	0.01435	0.05773	0.67455	0.01910	0.02890	0.01645	0.02436	0.04824	0.01513	0.02234	0.01235	0.01441	0.00879	0.00655	0.00645	0.00214	0.00992	0.00506	0.00305	0.01013
33	0.01615	0.01845	0.04037	0.02884	0.03576	0.01730	0.69204	0.02191	0.01615	0.02191	0.01384	0.01845	0.01038	0.00577	0.00807	0.00231	0.01153	0.00807	0.00346	0.00923
34	0.01389	0.01297	0.02160	0.61805	0.14576	0.01553	0.01912	0.03756	0.01450	0.01894	0.01239	0.01799	0.00945	0.00677	0.00683	0.00224	0.00893	0.00608	0.00320	0.00820
35	0.01524	0.27801	0.49483	0.01690	0.02560	0.01961	0.02076	0.02127	0.01426	0.01981	0.01136	0.01329	0.00870	0.00628	0.00580	0.00193	0.00918	0.00459	0.00290	0.00967
36	0.00978	0.00730	0.01087	0.01087	0.01204	0.00848	0.00839	0.01213	0.01096	0.01579	0.01844	0.02753	0.01739	0.07722	0.70693	0.01084	0.01790	0.00743	0.00368	0.00604
37	0.01102	0.00787	0.01102	0.01260	0.01417	0.00787	0.01102	0.01417	0.01575	0.02047	0.03622	0.07717	0.03937	0.01890	0.00945	0.00315	0.00630	0.67084	0.00630	0.00630
38	0.01940	0.65228	0.03334	0.01261	0.01811	0.13451	0.01194	0.02153	0.01474	0.01619	0.00967	0.01118	0.00878	0.00604	0.00466	0.00151	0.00808	0.00377	0.00302	0.00865
39	0.01249	0.00933	0.01249	0.01263	0.01482	0.03460	0.04545	0.01549	0.01628	0.06189	0.08505	0.08748	0.10753	0.01674	0.00884	0.00282	0.00618	0.43685	0.00627	0.00676
40	0.02475	0.01894	0.01963	0.01533	0.02051	0.04870	0.01256	0.60503	0.06340	0.04026	0.01911	0.01892	0.04344	0.00863	0.00688	0.00207	0.00744	0.00654	0.00670	0.01119
41	0.01188	0.00594	0.00891	0.00891	0.00891	0.00594	0.00594	0.00891	0.00891	0.01188	0.01188	0.02080	0.01188	0.02377	0.02674	0.80095	0.00594	0.00594	0.00297	0.00297
42	0.70008	0.01423	0.01287	0.01098	0.01523	0.03648	0.05637	0.02031	0.01214	0.02915	0.00984	0.01181	0.00772	0.00654	0.00523	0.00215	0.03308	0.00412	0.00411	0.00756
43	0.01275	0.00638	0.00638	0.00638	0.00797	0.00638	0.00478	0.01594	0.01435	0.02551	0.02232	0.02551	0.01754	0.00797	0.00478	0.00159	0.00319	0.00638	0.79755	0.00638
44	0.80789	0.01323	0.01006	0.00900	0.01323	0.01535	0.00741	0.02011	0.01164	0.03070	0.00953	0.01111	0.00741	0.00635	0.00423	0.00212	0.00529	0.00370	0.00423	0.00741
45	0.01686	0.01520	0.02557	0.03602	0.56038	0.01521	0.04598	0.02137	0.04081	0.05351	0.01578	0.02179	0.01351	0.00890	0.03573	0.00248	0.00835	0.04826	0.00394	0.01033
46	0.00982	0.00665	0.00743	0.00743	0.00758	0.00657	0.00422	0.00994	0.01034	0.01362	0.02484	0.04622	0.07229	0.70850	0.03298	0.00634	0.00641	0.01026	0.00430	0.00426
47	0.00834	0.00595	0.00794	0.00953	0.00992	0.00556	0.00635	0.00953	0.01310	0.01746	0.03771	0.75510	0.04525	0.02143	0.00873	0.00278	0.00397	0.01945	0.00635	0.00556
48	0.03070	0.01164	0.01588	0.01217	0.01746	0.01006	0.01006	0.03334	0.01958	0.72163	0.02699	0.02329	0.01694	0.00847	0.00688	0.00212	0.00582	0.00688	0.00847	0.01164
49	0.01836	0.01542	0.01589	0.01413	0.01795	0.05391	0.01104	0.03500	0.59709	0.07671	0.02625	0.02433	0.01958	0.00920	0.00743	0.00230	0.03060	0.00744	0.00676	0.01062
50	0.00971	0.00716	0.00924	0.00983	0.01121	0.00685	0.00748	0.01281	0.04366	0.02211	0.27374	0.27545	0.10705	0.01746	0.00853	0.00258	0.00423	0.15785	0.00677	0.00626
51	0.00995	0.00663	0.00746	0.00746	0.00746	0.00663	0.00415	0.00995	0.00995	0.01327	0.02156	0.04477	0.02487	0.75957	0.03482	0.00663	0.00663	0.00995	0.00415	0.00415
52	0.00968	0.00699	0.00914	0.00861	0.01022	0.00646	0.00646	0.01291	0.01937	0.02743	0.71328	0.05110	0.06455	0.01399	0.00807	0.00215	0.00323	0.01237	0.00753	0.00646
53	0.00964	0.00647	0.00810	0.00896	0.00980	0.00598	0.00602	0.01079	0.01326	0.05096	0.03907	0.50934	0.13489	0.13794	0.01271	0.00330	0.00441	0.01662	0.00610	0.00566
54	0.00934	0.00749	0.00840	0.00808	0.01022	0.00683	0.00609	0.01289	0.06496	0.02274	0.32202	0.05719	0.40813	0.01544	0.00800	0.00225	0.00351	0.01315	0.00686	0.00640
55	0.02556	0.03261	0.01939	0.01763	0.02115	0.73210	0.01322	0.02732	0.01939	0.01674	0.01058	0.01234	0.00881	0.00705	0.00617	0.00176	0.01234	0.00441	0.00353	0.00793
56	0.00846	0.00601	0.00790	0.00937	0.00973	0.00564	0.00618	0.00956	0.01286	0.01714	0.03647	0.70070	0.04369	0.07796	0.01073	0.00307	0.00417	0.01872	0.00618	0.00545
57	0.00922	0.00699	0.00819	0.00840	0.00976	0.00652	0.00588	0.01169	0.04583	0.02000	0.20586	0.23573	0.24641	0.13354	0.01239	0.00307	0.00412	0.01424	0.00632	0.00585
58	0.80789	0.01323	0.01006	0.00900	0.01323	0.01535	0.00741	0.02011	0.01164	0.03070	0.00953	0.01111	0.00741	0.00635	0.00423	0.00212	0.00529	0.00370	0.00423	0.00741
59	0.01615	0.01845	0.04037	0.02884	0.03576	0.01730	0.69204	0.02191	0.01615	0.02191	0.01384	0.01845	0.01038	0.00577	0.00807	0.00231	0.01153	0.00807	0.00346	0.00923
60	0.00831	0.00605	0.00784	0.00928	0.00986	0.00558	0.00624	0.00955	0.01333	0.01756	0.04069	0.68998	0.10845	0.02105	0.00867	0.00273	0.00392	0.01898	0.00635	0.00558
61	0.80789	0.01323	0.01006	0.00900	0.01323	0.01535	0.00741	0.02011	0.01164	0.03070	0.00953	0.01111	0.00741	0.00635	0.00423	0.00212	0.00529	0.00370	0.00423	0.00741
62	0.80789	0.01323	0.01006	0.00900	0.01323	0.01535	0.00741	0.02011	0.01164	0.03070	0.00953	0.01111	0.00741	0.00635	0.00423	0.00212	0.00529	0.00370	0.00423	0.00741
63	0.01248	0.00643	0.00662	0.00657	0.00817	0.00638	0.00493	0.01568	0.01479	0.02568	0.08297	0.02775	0.02166	0.00850	0.00507	0.00164	0.00319	0.00690	0.72820	0.00638
64	0.07946	0.00806	0.00964	0.00877	0.01117	0.00752	0.00675	0.01542	0.01808	0.10892	0.45921	0.04698	0.16769	0.01327	0.00761	0.00217	0.00375	0.01135	0.00716	0.00704
65	0.01161	0.00799	0.01117	0.01259	0.01427	0.00794	0.01100	0.01474	0.01586	0.04126	0.03595	0.07557	0.03871	0.01859	0.00937	0.00312	0.00629	0.65116	0.00636	0.00646
66	0.00968	0.00699	0.00914	0.00861	0.01022	0.00646	0.00646	0.01291	0.01937	0.02743	0.71328	0.05110	0.06455	0.01399	0.00807	0.00215	0.00323	0.01237	0.00753	0.00646
67	0.00851	0.00661	0.00780	0.00865	0.01006	0.00591	0.00631	0.01016	0.01454	0.01826	0.05224	0.36221	0.35560	0.01925	0.00851	0.00260	0.00398	0.08672	0.00635	0.00574
68	0.35804	0.01088	0.01105	0.00965	0.01340	0.01112	0.00771	0.02106	0.01510	0.22177	0.07989	0.08981	0.10475	0.01022	0.00615	0.00220	0.00494	0.00798	0.00613	0.00816
69	0.01360	0.01348	0.02468	0.59355	0.04474	0.01564	0.15994	0.01841	0.01420	0.01841	0.01251	0.01828	0.00938	0.00662	0.00710	0.00229	0.00963	0.00650	0.00313	0.00794
70	0.01109	0.00810	0.01166	0.01440	0.12949	0.00812	0.00832	0.01180	0.01166	0.01586	0.02281	0.17386	0.04825	0.24080	0.10177	0.15441	0.00745	0.01027	0.00426	0.00562
71	0.01595	0.01563	0.02778	0.19475	0.48265	0.01616	0.10598	0.02034	0.01523	0.02122	0.01284	0.01741	0.01040	0.00622	0.00695	0.00212	0.00878	0.00634	0.00332	0.00992
72	0.01036	0.00714	0.00936	0.00872	0.01046	0.00657	0.00657	0.01357	0.01937	0.04990	0.69107	0.05020	0.06301	0.01381	0.00803	0.00215	0.00331	0.01219	0.00756	0.00662
73	0.02080	0.15979	0.02179	0.01398	0.01931	0.08174	0.03471	0.21873	0.10901	0.06813	0.01569	0.01619	0.01198	0.00707	0.00600	0.00174	0.00717	0.00540	0.00521	0.17555
74	0.00990	0.00730	0.00801	0.00773	0.01012	0.00635	0.00589	0.01183	0.01565	0.06849	0.09078	0.05883	0.57588	0.01946	0.07007	0.00303	0.00489	0.01320	0.00633	0.00625
75	0.03070	0.01164	0.01588	0.01217	0.01746	0.01006	0.01006	0.03334	0.01958	0.72163	0.02699	0.02329	0.01694	0.00847	0.00688	0.00212	0.00582	0.00688	0.00847	0.01164
76	0.01234	0.00646	0.00675	0.00668	0.00827	0.00639	0.00501	0.01553	0.01502	0.02576	0.11497	0.02894	0.02384	0.00878	0.00522	0.00167	0.00319	0.00718	0.69162	0.00639
77	0.74535	0.01288	0.01024	0.00912	0.01323	0.01476	0.00746	0.02019	0.01185	0.05729	0.01031	0.01198	0.00796	0.00713	0.00524	0.03401	0.00534	0.00392	0.00435	0.00740
78	0.00941	0.00692	0.00823	0.00818	0.00998	0.00613	0.00603	0.01166	0.01675	0.04220	0.31407	0.17768	0.32495	0.01647	0.00816	0.00232	0.00353	0.01428	0.00687	0.00617
79	0.00834	0.00595	0.00794	0.00953	0.00992	0.00556	0.00635	0.00953	0.01310	0.01746	0.03771	0.75510	0.04525	0.02143	0.00873	0.00278	0.00397	0.01945	0.00635	0.00556
80	0.00995	0.00663	0.00746	0.00746	0.00746	0.00663	0.00415	0.00995	0.00995	0.01327	0.02156	0.04477	0.02487	0.75957	0.03482	0.00663	0.00663	0.00995	0.00415	0.00415
81	0.01078	0.00683	0.00780	0.00765	0.00786	0.00677	0.00438	0.01088	0.01033	0.04154	0.02177	0.04391	0.02456	0.72958	0.03371	0.00645	0.00660	0.00983	0.00432	0.00444
82	0.00809	0.00693	0.00693	0.00693	0.00924	0.00578	0.00520	0.00982	0.01559	0.01848	0.06931	0.06584	0.71411	0.01733	0.00809	0.00231	0.00347	0.01444	0.00635	0.00578
83	0.00964	0.00696	0.00910	0.00864	0.01021	0.00643	0.00645	0.01280	0.01916	0.02710	0.69069	0.07464	0.06391	0.01424	0.00809	0.00217	0.00325	0.01261	0.00749	0.00643
84	0.01043	0.00721	0.00910	0.00850	0.01041	0.00652	0.00642	0.01338	0.01874	0.05947	0.57199	0.05223	0.17132	0.01428	0.00801	0.00218	0.00339	0.01245	0.00738	0.00659
85	0.00834	0.00595	0.00794	0.00953	0.00992	0.00556	0.00635	0.00953	0.01310	0.01746	0.03771	0.75510	0.04525	0.02143	0.00873	0.00278	0.00397	0.01945	0.00635	0.00556
86	0.01615	0.01845	0.04037	0.02884	0.03576	0.01730	0.69204	0.02191	0.01615	0.02191	0.01384	0.01845	0.01038	0.00577	0.00807	0.00231	0.01153	0.00807	0.00346	0.00923

[dist]
# distance from previous block
# <min> <max>
0	17

[block]
# block no. 1 follows, 31 sequences, length 32
# corresponding to MSA columns:
# 170-201
name=unknown_B
#
# <colnr> <probs for GDERKNQSTAVLIFYWHMCP>
#	G	D	E	R	K	N	Q	S	T	A	V	L	I	F	Y	W	H	M	C	P
0	0.01702	0.01470	0.01547	0.01392	0.01779	0.01702	0.01083	0.03635	0.70453	0.02862	0.02785	0.02553	0.02088	0.00928	0.00696	0.00232	0.00541	0.00773	0.00696	0.01083
1	0.00896	0.00666	0.00761	0.00783	0.00894	0.00611	0.00526	0.01025	0.01385	0.01790	0.14054	0.18624	0.27340	0.25658	0.01681	0.00377	0.00455	0.01364	0.00581	0.00531
2	0.03070	0.01164	0.01588	0.01217	0.01746	0.01006	0.01006	0.03334	0.01958	0.72163	0.02699	0.02329	0.01694	0.00847	0.00688	0.00212	0.00582	0.00688	0.00847	0.01164
3	0.00977	0.00733	0.01100	0.01100	0.01222	0.00855	0.00855	0.01222	0.01100	0.01588	0.01833	0.02688	0.01710	0.05131	0.73245	0.01100	0.01833	0.00733	0.00367	0.00611
4	0.02597	0.02017	0.02045	0.01588	0.02121	0.07426	0.01302	0.64433	0.03121	0.04115	0.01599	0.01612	0.01142	0.00813	0.00679	0.00203	0.00789	0.00603	0.00660	0.01136
5	0.00815	0.00693	0.00702	0.00700	0.00928	0.00580	0.00525	0.00995	0.01575	0.01885	0.09572	0.06524	0.68747	0.01719	0.00809	0.00230	0.00346	0.01435	0.00640	0.00580
6	0.00834	0.00595	0.00794	0.00953	0.00992	0.00556	0.00635	0.00953	0.01310	0.01746	0.03771	0.75510	0.04525	0.02143	0.00873	0.00278	0.00397	0.01945	0.00635	0.00556
7	0.01180	0.00597	0.00885	0.00885	0.00885	0.00597	0.00587	0.00896	0.00896	0.01194	0.01228	0.02178	0.01242	0.05388	0.02707	0.76845	0.00597	0.00611	0.00302	0.00302
8	0.01829	0.76368	0.03585	0.01171	0.01756	0.02707	0.01171	0.02049	0.01390	0.01610	0.00951	0.01097	0.00878	0.00585	0.00439	0.00146	0.00732	0.00366	0.00293	0.00878
9	0.00943	0.00687	0.00857	0.00926	0.01038	0.00649	0.00685	0.01124	0.01444	0.01893	0.13278	0.23062	0.16572	0.16245	0.01376	0.00344	0.00485	0.17221	0.00607	0.00562
10	0.01652	0.01868	0.03701	0.02694	0.03308	0.04942	0.58487	0.02236	0.04436	0.02157	0.01392	0.01822	0.01064	0.00642	0.00898	0.00233	0.06424	0.00775	0.00357	0.00911
11	0.00995	0.00663	0.00746	0.00746	0.00746	0.00663	0.00415	0.00995	0.00995	0.01327	0.02156	0.04477	0.02487	0.75957	0.03482	0.00663	0.00663	0.00995	0.00415	0.00415
12	0.00834	0.00595	0.00794	0.00953	0.00992	0.00556	0.00635	0.00953	0.01310	0.01746	0.03771	0.75510	0.04525	0.02143	0.00873	0.00278	0.00397	0.01945	0.00635	0.00556
13	0.00916	0.00630	0.00769	0.00847	0.00866	0.00611	0.00522	0.00974	0.01148	0.01531	0.02942	0.39058	0.03479	0.40022	0.02212	0.00476	0.00534	0.01457	0.00522	0.00483
14	0.01292	0.01216	0.02052	0.74312	0.04712	0.01520	0.01900	0.01748	0.01368	0.01748	0.01216	0.01824	0.00912	0.00684	0.00684	0.00228	0.00912	0.00608	0.00304	0.00760
15	0.02556	0.03261	0.01939	0.01763	0.02115	0.73210	0.01322	0.02732	0.01939	0.01674	0.01058	0.01234	0.00881	0.00705	0.00617	0.00176	0.01234	0.00441	0.00353	0.00793
16	0.00850	0.00602	0.00789	0.00932	0.00968	0.00566	0.00613	0.00957	0.01279	0.01705	0.03610	0.68447	0.04322	0.09483	0.01133	0.00316	0.00423	0.01850	0.00613	0.00542
17	0.03070	0.01164	0.01588	0.01217	0.01746	0.01006	0.01006	0.03334	0.01958	0.72163	0.02699	0.02329	0.01694	0.00847	0.00688	0.00212	0.00582	0.00688	0.00847	0.01164
18	0.00834	0.00595	0.00794	0.00953	0.00992	0.00556	0.00635	0.00953	0.01310	0.01746	0.03771	0.75510	0.04525	0.02143	0.00873	0.00278	0.00397	0.01945	0.00635	0.00556
19	0.00815	0.00693	0.00702	0.00700	0.00928	0.00580	0.00525	0.00995	0.01575	0.01886	0.09617	0.06523	0.68701	0.01719	0.00809	0.00230	0.00346	0.01435	0.00640	0.00580
20	0.80789	0.01323	0.01006	0.00900	0.01323	0.01535	0.00741	0.02011	0.01164	0.03070	0.00953	0.01111	0.00741	0.00635	0.00423	0.00212	0.00529	0.00370	0.00423	0.00741
21	0.03070	0.01164	0.01588	0.01217	0.01746	0.01006	0.01006	0.03334	0.01958	0.72163	0.02699	0.02329	0.01694	0.00847	0.00688	0.00212	0.00582	0.00688	0.00847	0.01164
22	0.00834	0.00595	0.00794	0.00953	0.00992	0.00556	0.00635	0.00953	0.01310	0.01746	0.03771	0.75510	0.04525	0.02143	0.00873	0.00278	0.00397	0.01945	0.00635	0.00556
23	0.00834	0.00595	0.00794	0.00953	0.00992	0.00556	0.00635	0.00953	0.01310	0.01746	0.03771	0.75510	0.04525	0.02143	0.00873	0.00278	0.00397	0.01945	0.00635	0.00556
24	0.00844	0.00600	0.00791	0.00939	0.00976	0.00563	0.00620	0.00955	0.01289	0.01718	0.03662	0.70711	0.04387	0.07130	0.01049	0.00304	0.00415	0.01881	0.00620	0.00546
25	0.00968	0.00699	0.00914	0.00861	0.01022	0.00646	0.00646	0.01291	0.01937	0.02743	0.71328	0.05110	0.06455	0.01399	0.00807	0.00215	0.00323	0.01237	0.00753	0.00646
26	0.00844	0.00604	0.00804	0.00945	0.00995	0.00563	0.00636	0.00980	0.01360	0.01826	0.09190	0.69863	0.04680	0.02084	0.00868	0.00273	0.00391	0.01888	0.00645	0.00563
27	0.03070	0.01164	0.01588	0.01217	0.01746	0.01006	0.01006	0.03334	0.01958	0.72163	0.02699	0.02329	0.01694	0.00847	0.00688	0.00212	0.00582	0.00688	0.00847	0.01164
28	0.01403	0.08459	0.67762	0.01897	0.02880	0.01664	0.02436	0.02159	0.01441	0.02129	0.01209	0.01421	0.00867	0.00646	0.00636	0.00212	0.00992	0.00496	0.00289	0.01002
29	0.02670	0.01890	0.01973	0.01531	0.02063	0.06751	0.01256	0.54650	0.02935	0.14663	0.01767	0.01721	0.01227	0.00817	0.00680	0.00204	0.00759	0.00615	0.00687	0.01139
30	0.01332	0.01262	0.02100	0.64743	0.08659	0.01568	0.01883	0.01763	0.01357	0.01771	0.01198	0.01792	0.00922	0.00716	0.00796	0.00232	0.06216	0.00607	0.00306	0.00779
31	0.15364	0.03964	0.06350	0.01426	0.08793	0.03274	0.04053	0.01807	0.01643	0.08539	0.24087	0.03359	0.12601	0.01043	0.00686	0.00212	0.00562	0.00876	0.00565	0.00794

[dist]
# distance from previous block
# <min> <max>
0	1

[block]
# block no. 2 follows, 31 sequences, length 56
# corresponding to MSA columns:
# 203-258
name=unknown_C
#
# <colnr> <probs for GDERKNQSTAVLIFYWHMCP>
#	G	D	E	R	K	N	Q	S	T	A	V	L	I	F	Y	W	H	M	C	P
0	0.01386	0.03456	0.69397	0.02047	0.05937	0.01590	0.02509	0.02164	0.01449	0.02170	0.01230	0.01455	0.00876	0.00648	0.00651	0.00216	0.01002	0.00510	0.00291	0.01014
1	0.46223	0.01310	0.01363	0.01264	0.06494	0.01381	0.00946	0.04662	0.01529	0.26518	0.01592	0.01583	0.01103	0.00711	0.00540	0.00211	0.00575	0.00503	0.00570	0.00923
2	0.01347	0.01272	0.02151	0.64694	0.13900	0.01534	0.01927	0.01796	0.01394	0.01815	0.01226	0.01806	0.00936	0.00674	0.00683	0.00225	0.00898	0.00608	0.00309	0.00804
3	0.02561	0.01897	0.02031	0.01566	0.02107	0.02103	0.01291	0.66517	0.06172	0.04248	0.01693	0.01683	0.01204	0.00826	0.00685	0.00206	0.00744	0.00623	0.00685	0.01160
4	0.00843	0.00599	0.00791	0.00941	0.00978	0.00562	0.00622	0.00955	0.01292	0.01722	0.03677	0.71382	0.04406	0.06433	0.01025	0.00300	0.00412	0.01890	0.00622	0.00547
5	0.00995	0.00663	0.00746	0.00746	0.00746	0.00663	0.00415	0.00995	0.00995	0.01327	0.02156	0.04477	0.02487	0.75957	0.03482	0.00663	0.00663	0.00995	0.00415	0.00415
6	0.03070	0.01164	0.01588	0.01217	0.01746	0.01006	0.01006	0.03334	0.01958	0.72163	0.02699	0.02329	0.01694	0.00847	0.00688	0.00212	0.00582	0.00688	0.00847	0.01164
7	0.80789	0.01323	0.01006	0.00900	0.01323	0.01535	0.00741	0.02011	0.01164	0.03070	0.00953	0.01111	0.00741	0.00635	0.00423	0.00212	0.00529	0.00370	0.00423	0.00741
8	0.00951	0.00690	0.00897	0.00864	0.01016	0.00635	0.00641	0.01252	0.01869	0.02628	0.63376	0.11421	0.08239	0.01475	0.00813	0.00221	0.00330	0.01306	0.00739	0.00635
9	0.01419	0.01216	0.01419	0.01013	0.01621	0.00912	0.00811	0.01723	0.01419	0.02229	0.01216	0.01419	0.01013	0.00507	0.00507	0.00101	0.00507	0.00405	0.00405	0.80139
10	0.02329	0.01781	0.01900	0.01519	0.02018	0.01995	0.01235	0.49540	0.23526	0.03874	0.01987	0.01917	0.01443	0.00854	0.00688	0.00213	0.00689	0.00664	0.00688	0.01139
11	0.00870	0.00622	0.00832	0.00972	0.01033	0.00584	0.00678	0.01024	0.01389	0.01862	0.09770	0.63159	0.04644	0.02054	0.00874	0.00276	0.00411	0.07729	0.00645	0.00570
12	0.68358	0.05746	0.01246	0.01003	0.01428	0.08917	0.00824	0.02087	0.01256	0.02845	0.00963	0.01123	0.00763	0.00639	0.00444	0.00204	0.00613	0.00377	0.00409	0.00754
13	0.01702	0.56074	0.22764	0.01388	0.02092	0.02395	0.01549	0.02081	0.01405	0.01765	0.01028	0.01194	0.00875	0.00603	0.00498	0.00166	0.00810	0.00405	0.00292	0.00915
14	0.02556	0.03261	0.01939	0.01763	0.02115	0.73210	0.01322	0.02732	0.01939	0.01674	0.01058	0.01234	0.00881	0.00705	0.00617	0.00176	0.01234	0.00441	0.00353	0.00793
15	0.01792	0.01813	0.02681	0.03920	0.63728	0.09816	0.02011	0.02172	0.01601	0.02171	0.01261	0.01641	0.01061	0.00620	0.00670	0.00200	0.00861	0.00590	0.00340	0.01050
16	0.01419	0.01216	0.01419	0.01013	0.01621	0.00912	0.00811	0.01723	0.01419	0.02229	0.01216	0.01419	0.01013	0.00507	0.00507	0.00101	0.00507	0.00405	0.00405	0.80139
17	0.01693	0.01626	0.02777	0.04199	0.71689	0.01626	0.02100	0.02100	0.01558	0.02235	0.01287	0.01693	0.01084	0.00610	0.00677	0.00203	0.00813	0.00610	0.00339	0.01084
18	0.02482	0.02918	0.01917	0.01703	0.02085	0.57268	0.01297	0.11515	0.08494	0.02129	0.01295	0.01410	0.01031	0.00741	0.00633	0.00185	0.01106	0.00495	0.00428	0.00868
19	0.00952	0.00693	0.00970	0.00998	0.01085	0.00753	0.00726	0.01134	0.01165	0.01633	0.05839	0.17242	0.02634	0.16551	0.43475	0.00820	0.01275	0.01039	0.00447	0.00568
20	0.00913	0.00652	0.00885	0.01043	0.01118	0.00624	0.00773	0.01090	0.01388	0.01835	0.03727	0.55535	0.04352	0.02069	0.00894	0.00289	0.00466	0.21138	0.00634	0.00578
21	0.01615	0.01845	0.04037	0.02884	0.03576	0.01730	0.69204	0.02191	0.01615	0.02191	0.01384	0.01845	0.01038	0.00577	0.00807	0.00231	0.01153	0.00807	0.00346	0.00923
22	0.00834	0.00595	0.00794	0.00953	0.00992	0.00556	0.00635	0.00953	0.01310	0.01746	0.03771	0.75510	0.04525	0.02143	0.00873	0.00278	0.00397	0.01945	0.00635	0.00556
23	0.02649	0.01258	0.01575	0.01271	0.01756	0.01219	0.01029	0.03427	0.23009	0.50864	0.02725	0.02397	0.01815	0.00872	0.00690	0.00218	0.00570	0.00714	0.00800	0.01139
24	0.80789	0.01323	0.01006	0.00900	0.01323	0.01535	0.00741	0.02011	0.01164	0.03070	0.00953	0.01111	0.00741	0.00635	0.00423	0.00212	0.00529	0.00370	0.00423	0.00741
25	0.01292	0.01216	0.02052	0.74312	0.04712	0.01520	0.01900	0.01748	0.01368	0.01748	0.01216	0.01824	0.00912	0.00684	0.00684	0.00228	0.00912	0.00608	0.00304	0.00760
26	0.00882	0.00688	0.00724	0.00715	0.00927	0.00595	0.00536	0.01095	0.01609	0.02067	0.17017	0.05931	0.53643	0.01582	0.00775	0.00221	0.00340	0.01328	0.08731	0.00595
27	0.00834	0.00595	0.00794	0.00953	0.00992	0.00556	0.00635	0.00953	0.01310	0.01746	0.03771	0.75510	0.04525	0.02143	0.00873	0.00278	0.00397	0.01945	0.00635	0.00556
28	0.00845	0.00608	0.00801	0.00936	0.00993	0.00564	0.00632	0.00984	0.01374	0.01838	0.09886	0.66999	0.06875	0.02064	0.00865	0.00271	0.00389	0.01866	0.00646	0.00564
29	0.02733	0.01090	0.01480	0.01160	0.01630	0.00948	0.00948	0.03007	0.01955	0.61050	0.13685	0.02774	0.02456	0.00935	0.00707	0.00212	0.00541	0.00776	0.00832	0.01081
30	0.01007	0.00662	0.00741	0.00741	0.00748	0.00662	0.00417	0.01021	0.01014	0.01380	0.02159	0.04394	0.02455	0.72703	0.03352	0.00641	0.00648	0.00979	0.03849	0.00424
31	0.01102	0.00787	0.01102	0.01260	0.01417	0.00787	0.01102	0.01417	0.01575	0.02047	0.03622	0.07717	0.03937	0.01890	0.00945	0.00315	0.00630	0.67084	0.00630	0.00630
32	0.00995	0.00663	0.00746	0.00746	0.00746	0.00663	0.00415	0.00995	0.00995	0.01327	0.02156	0.04477	0.02487	0.75957	0.03482	0.00663	0.00663	0.00995	0.00415	0.00415
33	0.01101	0.00782	0.00879	0.00834	0.01084	0.00698	0.00643	0.01412	0.05365	0.08343	0.18672	0.05752	0.45974	0.01553	0.00797	0.00230	0.00386	0.04142	0.00680	0.00672
34	0.01702	0.01470	0.01547	0.01392	0.01779	0.01702	0.01083	0.03635	0.70453	0.02862	0.02785	0.02553	0.02088	0.00928	0.00696	0.00232	0.00541	0.00773	0.00696	0.01083
35	0.00834	0.00595	0.00794	0.00953	0.00992	0.00556	0.00635	0.00953	0.01310	0.01746	0.03771	0.75510	0.04525	0.02143	0.00873	0.00278	0.00397	0.01945	0.00635	0.00556
36	0.00824	0.00667	0.00733	0.00774	0.00948	0.00575	0.00559	0.00991	0.01512	0.01871	0.09688	0.25425	0.49390	0.01827	0.00826	0.00243	0.00359	0.01570	0.00642	0.00575
37	0.01292	0.01216	0.02052	0.74312	0.04712	0.01520	0.01900	0.01748	0.01368	0.01748	0.01216	0.01824	0.00912	0.00684	0.00684	0.00228	0.00912	0.00608	0.00304	0.00760
38	0.00959	0.00654	0.00751	0.00776	0.00796	0.00641	0.00456	0.00987	0.01077	0.01423	0.02683	0.15966	0.06694	0.59962	0.02914	0.00577	0.00603	0.01172	0.00462	0.00446
39	0.01372	0.03539	0.72412	0.01950	0.02961	0.01589	0.02528	0.02167	0.01444	0.02167	0.01228	0.01444	0.00867	0.00650	0.00650	0.00217	0.01011	0.00506	0.00289	0.01011
40	0.00894	0.00654	0.00782	0.00834	0.00936	0.00601	0.00571	0.01019	0.01383	0.01797	0.12106	0.29421	0.23027	0.16671	0.01430	0.03017	0.00440	0.03284	0.00593	0.00537
41	0.02548	0.01890	0.02024	0.01564	0.02102	0.02097	0.01288	0.65585	0.07124	0.04227	0.01709	0.01695	0.01217	0.00827	0.00685	0.00207	0.00741	0.00625	0.00685	0.01159
42	0.00992	0.00667	0.00762	0.00757	0.00772	0.00662	0.00437	0.01023	0.01085	0.01462	0.08755	0.04537	0.02866	0.68844	0.03227	0.00621	0.00631	0.01018	0.00447	0.00437
43	0.00940	0.00643	0.00865	0.00994	0.01052	0.00619	0.00712	0.01050	0.01299	0.01720	0.03347	0.47549	0.03897	0.08747	0.01295	0.07935	0.00490	0.15731	0.00582	0.00534
44	0.01677	0.01939	0.03898	0.02809	0.03479	0.06460	0.64712	0.02227	0.01636	0.02157	0.01362	0.01805	0.01028	0.00585	0.00795	0.00227	0.01159	0.00783	0.00346	0.00914
45	0.00925	0.00713	0.00781	0.00764	0.00989	0.00613	0.00582	0.01136	0.01647	0.04326	0.19345	0.06198	0.53810	0.01644	0.00809	0.00230	0.00360	0.03849	0.00665	0.00612
46	0.01027	0.00756	0.01014	0.01191	0.07310	0.00704	0.00770	0.01227	0.01510	0.04283	0.16632	0.33629	0.16099	0.06030	0.00981	0.00273	0.00445	0.04854	0.00625	0.00639
47	0.01442	0.01569	0.03320	0.02456	0.03004	0.01470	0.54040	0.01917	0.01547	0.02093	0.01912	0.18136	0.01809	0.00923	0.00822	0.00241	0.00986	0.01059	0.00410	0.00842
48	0.01824	0.64428	0.03228	0.01188	0.01704	0.07530	0.01130	0.01994	0.01385	0.01577	0.00980	0.01195	0.00906	0.00753	0.00651	0.07264	0.00755	0.00391	0.00297	0.00820
49	0.00993	0.00782	0.00863	0.00847	0.01057	0.00719	0.00629	0.07104	0.01700	0.02156	0.13680	0.20573	0.43024	0.01698	0.00811	0.00237	0.00390	0.01451	0.00654	0.00633
50	0.00900	0.00690	0.00916	0.07418	0.01319	0.00665	0.00731	0.01103	0.01494	0.01983	0.18936	0.41985	0.15763	0.01781	0.00831	0.00252	0.00418	0.01587	0.00632	0.00597
51	0.73749	0.01350	0.01163	0.01193	0.07586	0.01543	0.00862	0.02019	0.01199	0.02995	0.00982	0.01163	0.00771	0.00633	0.00446	0.00211	0.00554	0.00392	0.00416	0.00771
52	0.04957	0.01685	0.01791	0.01413	0.01876	0.01862	0.01143	0.53410	0.06632	0.03820	0.01764	0.01981	0.01353	0.07507	0.00913	0.00245	0.00700	0.00652	0.05248	0.01048
53	0.01308	0.00831	0.00952	0.00868	0.01146	0.00740	0.00668	0.03348	0.04009	0.14423	0.15199	0.08385	0.42541	0.01495	0.00783	0.00227	0.00404	0.01259	0.00693	0.00722
54	0.00875	0.00621	0.00821	0.00966	0.01014	0.00589	0.00663	0.01004	0.01309	0.01740	0.03612	0.62268	0.04284	0.08687	0.01113	0.00316	0.00444	0.08510	0.00615	0.00551
55	0.01074	0.00774	0.01063	0.01192	0.01354	0.00763	0.01029	0.01382	0.01606	0.02098	0.09835	0.07421	0.07960	0.01837	0.00925	0.00301	0.00587	0.57528	0.00641	0.00628

[dist]
# distance from previous block
# <min> <max>
0	4

[block]
# block no. 3 follows, 31 sequences, length 11
# corresponding to MSA columns:
# 263-273
name=unknown_D
#
# <colnr> <probs for GDERKNQSTAVLIFYWHMCP>
#	G	D	E	R	K	N	Q	S	T	A	V	L	I	F	Y	W	H	M	C	P
0	0.00857	0.00666	0.00780	0.00812	0.00969	0.00589	0.00586	0.01054	0.01584	0.02051	0.22720	0.26349	0.35001	0.01766	0.00827	0.00241	0.00355	0.01537	0.00666	0.00589
1	0.61658	0.01182	0.01028	0.00948	0.01299	0.01372	0.00768	0.01822	0.01149	0.02714	0.01164	0.01489	0.00973	0.01713	0.17879	0.00425	0.00842	0.00457	0.00410	0.00710
2	0.00977	0.00733	0.01100	0.01100	0.01222	0.00855	0.00855	0.01222	0.01100	0.01588	0.01833	0.02688	0.01710	0.05131	0.73245	0.01100	0.01833	0.00733	0.00367	0.00611
3	0.01878	0.01662	0.02545	0.09266	0.49572	0.01736	0.01892	0.18205	0.01940	0.02693	0.01366	0.01692	0.01089	0.00666	0.00680	0.00206	0.00806	0.00611	0.00419	0.01077
4	0.01700	0.01507	0.01842	0.02065	0.18537	0.01683	0.01327	0.03267	0.53938	0.02712	0.02426	0.02347	0.01848	0.00852	0.00692	0.00225	0.00606	0.00734	0.00610	0.01083
5	0.01693	0.01626	0.02777	0.04199	0.71689	0.01626	0.02100	0.02100	0.01558	0.02235	0.01287	0.01693	0.01084	0.00610	0.00677	0.00203	0.00813	0.00610	0.00339	0.01084
6	0.01072	0.18758	0.01463	0.01005	0.01175	0.01071	0.00763	0.01215	0.01329	0.01714	0.03095	0.57673	0.03651	0.01770	0.00769	0.00246	0.00477	0.01566	0.00553	0.00633
7	0.02500	0.01819	0.01946	0.01503	0.02021	0.02009	0.01238	0.64267	0.03082	0.04178	0.01687	0.01711	0.01208	0.00819	0.00669	0.00202	0.00720	0.00618	0.06679	0.01124
8	0.02536	0.01101	0.01456	0.01155	0.01597	0.00991	0.00938	0.07096	0.02034	0.51157	0.19082	0.02951	0.02801	0.00977	0.00716	0.00212	0.00531	0.00815	0.00814	0.01040
9	0.00846	0.00632	0.00758	0.00851	0.00942	0.00575	0.00574	0.00966	0.01345	0.01725	0.04505	0.46540	0.23988	0.11019	0.01172	0.00311	0.00415	0.01681	0.00608	0.00545
10	0.00896	0.00666	0.00757	0.00800	0.00921	0.00608	0.00554	0.01034	0.01379	0.01773	0.07696	0.22128	0.30643	0.19582	0.01460	0.00346	0.00446	0.04536	0.03233	0.00541

[dist]
# distance from previous block
# <min> <max>
0	1

[block]
# block no. 4 follows, 31 sequences, length 29
# corresponding to MSA columns:
# 275-303
name=unknown_E
#
# <colnr> <probs for GDERKNQSTAVLIFYWHMCP>
#	G	D	E	R	K	N	Q	S	T	A	V	L	I	F	Y	W	H	M	C	P
0	0.22890	0.00796	0.00852	0.00938	0.01084	0.00826	0.00664	0.01245	0.01270	0.02111	0.02993	0.54986	0.03481	0.01727	0.00749	0.00260	0.00433	0.01511	0.00577	0.00607
1	0.00976	0.00689	0.00868	0.00829	0.00946	0.00650	0.00582	0.01209	0.01677	0.02353	0.52246	0.04936	0.05361	0.21966	0.01545	0.00339	0.00417	0.01170	0.00660	0.00582
2	0.01725	0.01070	0.01274	0.01152	0.01434	0.01078	0.00887	0.20286	0.01974	0.14193	0.03083	0.32875	0.06362	0.01464	0.00771	0.00240	0.00530	0.04130	0.04640	0.00833
3	0.01120	0.00901	0.01351	0.01803	0.20472	0.00870	0.01016	0.01303	0.01412	0.01924	0.09905	0.32823	0.08779	0.05365	0.01087	0.06825	0.00530	0.01305	0.00526	0.00684
4	0.00878	0.00614	0.00781	0.00896	0.00924	0.00585	0.00574	0.00964	0.01223	0.01631	0.03325	0.55915	0.03963	0.22506	0.01593	0.00384	0.00470	0.01683	0.00574	0.00517
5	0.03988	0.01308	0.01368	0.01194	0.01547	0.01463	0.00940	0.16310	0.34172	0.03073	0.03992	0.02388	0.01875	0.00873	0.00629	0.00206	0.00517	0.00704	0.22497	0.00956
6	0.05446	0.00866	0.01005	0.00901	0.01180	0.00826	0.00699	0.02006	0.05885	0.19670	0.13506	0.07935	0.11317	0.01103	0.00657	0.00204	0.00417	0.00920	0.24670	0.00789
7	0.01108	0.21498	0.01564	0.01013	0.01203	0.01149	0.00783	0.01255	0.01332	0.01709	0.02993	0.54982	0.03519	0.01714	0.00753	0.00242	0.00489	0.01509	0.00541	0.00645
8	0.02118	0.02554	0.01656	0.01514	0.01814	0.53192	0.01135	0.02334	0.01938	0.01969	0.20442	0.02303	0.02419	0.00896	0.00669	0.00187	0.00982	0.00660	0.00463	0.00752
9	0.00894	0.00656	0.00766	0.00809	0.00898	0.00612	0.00535	0.01004	0.01306	0.01692	0.08338	0.26062	0.22335	0.26988	0.03695	0.00413	0.00507	0.01408	0.00561	0.00521
10	0.01554	0.00852	0.01234	0.01132	0.01366	0.00897	0.00897	0.01804	0.01336	0.21057	0.02072	0.02589	0.01706	0.03949	0.53229	0.00855	0.01488	0.00721	0.00499	0.00764
11	0.01456	0.01428	0.01985	0.01710	0.01710	0.01978	0.01408	0.01593	0.01043	0.01620	0.01001	0.01742	0.01029	0.07340	0.02347	0.00329	0.68621	0.00631	0.00309	0.00721
12	0.02556	0.03261	0.01939	0.01763	0.02115	0.73210	0.01322	0.02732	0.01939	0.01674	0.01058	0.01234	0.00881	0.00705	0.00617	0.00176	0.01234	0.00441	0.00353	0.00793
13	0.02453	0.01007	0.01369	0.01144	0.01538	0.00881	0.00903	0.02677	0.01779	0.52737	0.02995	0.22517	0.02475	0.01204	0.00739	0.00230	0.00531	0.01035	0.00788	0.00996
14	0.01165	0.00647	0.00950	0.00993	0.01036	0.00647	0.00734	0.01036	0.01080	0.01425	0.01860	0.03635	0.01947	0.02242	0.02197	0.58087	0.00604	0.18936	0.00389	0.00389
15	0.01188	0.00594	0.00891	0.00891	0.00891	0.00594	0.00594	0.00891	0.00891	0.01188	0.01188	0.02080	0.01188	0.02377	0.02674	0.80095	0.00594	0.00594	0.00297	0.00297
16	0.01975	0.03890	0.02178	0.02312	0.21237	0.15631	0.04713	0.09341	0.22974	0.04407	0.01784	0.01893	0.01383	0.00848	0.02224	0.00226	0.00835	0.00636	0.00499	0.01014
17	0.00821	0.00694	0.00710	0.00706	0.00932	0.00583	0.00529	0.01006	0.01588	0.01917	0.11890	0.06471	0.66409	0.01707	0.00808	0.00230	0.00345	0.01428	0.00644	0.00583
18	0.01551	0.01327	0.01799	0.01899	0.20955	0.01112	0.01173	0.01882	0.01475	0.04622	0.01286	0.01526	0.01056	0.00547	0.00560	0.00133	0.00594	0.00471	0.00402	0.55630
19	0.02467	0.16459	0.07813	0.01429	0.01980	0.07661	0.01283	0.20996	0.02118	0.25958	0.01753	0.01711	0.01229	0.00773	0.00683	0.00198	0.03281	0.00567	0.00590	0.01051
20	0.01019	0.00788	0.01133	0.01093	0.01215	0.00902	0.00852	0.01277	0.01326	0.01912	0.20925	0.03255	0.02950	0.03768	0.47249	0.00788	0.07588	0.00861	0.00467	0.00632
21	0.01680	0.01567	0.02410	0.06114	0.49835	0.01642	0.01811	0.02510	0.20556	0.02389	0.01697	0.01935	0.01354	0.00700	0.00683	0.00212	0.00742	0.00655	0.00436	0.01071
22	0.01310	0.01043	0.01252	0.01003	0.01452	0.00817	0.00768	0.01561	0.01406	0.04312	0.01968	0.21887	0.02004	0.00969	0.00614	0.00154	0.00479	0.00839	0.00483	0.55682
23	0.00856	0.00611	0.00819	0.00978	0.01027	0.00575	0.00673	0.00991	0.01332	0.01771	0.03759	0.69940	0.04477	0.02123	0.00879	0.00281	0.00416	0.07297	0.00635	0.00562
24	0.01314	0.01857	0.21462	0.54350	0.04229	0.01539	0.02073	0.01863	0.01389	0.01863	0.01219	0.01719	0.00899	0.00675	0.00675	0.00225	0.00939	0.00580	0.00300	0.00829
25	0.02042	0.55830	0.03162	0.01282	0.01857	0.02546	0.01206	0.20630	0.01894	0.02355	0.01142	0.01248	0.00957	0.00650	0.00507	0.00163	0.00737	0.00435	0.00401	0.00957
26	0.01072	0.00656	0.00716	0.00716	0.00760	0.00656	0.00432	0.01160	0.01116	0.01664	0.02177	0.03946	0.02285	0.55223	0.02653	0.00524	0.00568	0.00896	0.22301	0.00476
27	0.00834	0.00595	0.00794	0.00953	0.00992	0.00556	0.00635	0.00953	0.01310	0.01746	0.03771	0.75510	0.04525	0.02143	0.00873	0.00278	0.00397	0.01945	0.00635	0.00556
28	0.01693	0.01626	0.02777	0.04199	0.71689	0.01626	0.02100	0.02100	0.01558	0.02235	0.01287	0.01693	0.01084	0.00610	0.00677	0.00203	0.00813	0.00610	0.00339	0.01084

[dist]
# distance from previous block
# <min> <max>
0	3

[block]
# block no. 5 follows, 31 sequences, length 32
# corresponding to MSA columns:
# 307-338
name=unknown_F
#
# <colnr> <probs for GDERKNQSTAVLIFYWHMCP>
#	G	D	E	R	K	N	Q	S	T	A	V	L	I	F	Y	W	H	M	C	P
0	0.01110	0.00830	0.01178	0.01138	0.01295	0.00959	0.00892	0.06813	0.01273	0.01811	0.01817	0.02602	0.01665	0.04778	0.67296	0.01026	0.01744	0.00723	0.00393	0.00656
1	0.01819	0.70227	0.03418	0.01189	0.01758	0.02625	0.01163	0.02179	0.07053	0.01712	0.01101	0.01217	0.00977	0.00613	0.00460	0.00153	0.00716	0.00399	0.00326	0.00895
2	0.00993	0.00669	0.00775	0.00775	0.00785	0.00679	0.00451	0.01013	0.01003	0.01348	0.02129	0.04330	0.02424	0.70149	0.09202	0.00699	0.00759	0.00973	0.00411	0.00431
3	0.00995	0.00663	0.00746	0.00746	0.00746	0.00663	0.00415	0.00995	0.00995	0.01327	0.02156	0.04477	0.02487	0.75957	0.03482	0.00663	0.00663	0.00995	0.00415	0.00415
4	0.01615	0.01845	0.04037	0.02884	0.03576	0.01730	0.69204	0.02191	0.01615	0.02191	0.01384	0.01845	0.01038	0.00577	0.00807	0.00231	0.01153	0.00807	0.00346	0.00923
5	0.01702	0.01470	0.01547	0.01392	0.01779	0.01702	0.01083	0.03635	0.70453	0.02862	0.02785	0.02553	0.02088	0.00928	0.00696	0.00232	0.00541	0.00773	0.00696	0.01083
6	0.00834	0.00595	0.00794	0.00953	0.00992	0.00556	0.00635	0.00953	0.01310	0.01746	0.03771	0.75510	0.04525	0.02143	0.00873	0.00278	0.00397	0.01945	0.00635	0.00556
7	0.02601	0.01916	0.02053	0.01574	0.02122	0.02122	0.01300	0.69408	0.03217	0.04312	0.01643	0.01643	0.01163	0.00821	0.00684	0.00205	0.00753	0.00616	0.00684	0.01163
8	0.00968	0.00699	0.00914	0.00861	0.01022	0.00646	0.00646	0.01291	0.01937	0.02743	0.71328	0.05110	0.06455	0.01399	0.00807	0.00215	0.00323	0.01237	0.00753	0.00646
9	0.00835	0.00694	0.00729	0.00720	0.00940	0.00589	0.00540	0.01032	0.01621	0.01994	0.17390	0.06345	0.60861	0.01678	0.00808	0.00228	0.00343	0.01410	0.00654	0.00589
10	0.80789	0.01323	0.01006	0.00900	0.01323	0.01535	0.00741	0.02011	0.01164	0.03070	0.00953	0.01111	0.00741	0.00635	0.00423	0.00212	0.00529	0.00370	0.00423	0.00741
11	0.80789	0.01323	0.01006	0.00900	0.01323	0.01535	0.00741	0.02011	0.01164	0.03070	0.00953	0.01111	0.00741	0.00635	0.00423	0.00212	0.00529	0.00370	0.00423	0.00741
12	0.00834	0.00595	0.00794	0.00953	0.00992	0.00556	0.00635	0.00953	0.01310	0.01746	0.03771	0.75510	0.04525	0.02143	0.00873	0.00278	0.00397	0.01945	0.00635	0.00556
13	0.00834	0.00595	0.00794	0.00953	0.00992	0.00556	0.00635	0.00953	0.01310	0.01746	0.03771	0.75510	0.04525	0.02143	0.00873	0.00278	0.00397	0.01945	0.00635	0.00556
14	0.01090	0.00778	0.01088	0.01245	0.01397	0.00777	0.01080	0.01396	0.01562	0.02033	0.03629	0.10915	0.03965	0.01902	0.00942	0.00313	0.00619	0.64011	0.00630	0.00626
15	0.00823	0.00690	0.00715	0.00717	0.00935	0.00582	0.00534	0.01006	0.01581	0.01918	0.12092	0.09057	0.63569	0.01721	0.00811	0.00231	0.00346	0.01446	0.00645	0.00582
16	0.00968	0.00699	0.00914	0.00861	0.01022	0.00646	0.00646	0.01291	0.01937	0.02743	0.71328	0.05110	0.06455	0.01399	0.00807	0.00215	0.00323	0.01237	0.00753	0.00646
17	0.01911	0.01482	0.01688	0.01396	0.01778	0.03807	0.03511	0.38652	0.02365	0.03145	0.02303	0.10836	0.07008	0.01856	0.14587	0.00387	0.00916	0.00858	0.00592	0.00922
18	0.00891	0.00674	0.00907	0.01026	0.01062	0.00690	0.00710	0.01013	0.01287	0.01738	0.03520	0.69062	0.04209	0.02061	0.00993	0.00280	0.06871	0.01828	0.00606	0.00572
19	0.80789	0.01323	0.01006	0.00900	0.01323	0.01535	0.00741	0.02011	0.01164	0.03070	0.00953	0.01111	0.00741	0.00635	0.00423	0.00212	0.00529	0.00370	0.00423	0.00741
20	0.01419	0.01216	0.01419	0.01013	0.01621	0.00912	0.00811	0.01723	0.01419	0.02229	0.01216	0.01419	0.01013	0.00507	0.00507	0.00101	0.00507	0.00405	0.00405	0.80139
