[name]
unknown

[dist]
# distance from previous block
# <min> <max>
0	21

[block]
# block no. 0 follows, 34 sequences, length 40
# corresponding to MSA columns:
# 21-60
name=unknown_A
#
# <colnr> <probs for GDERKNQSTAVLIFYWHMCP>
#	G	D	E	R	K	N	Q	S	T	A	V	L	I	F	Y	W	H	M	C	P
0	0.01453	0.11023	0.03195	0.01297	0.05760	0.14500	0.00975	0.01811	0.07183	0.04690	0.17034	0.12494	0.10104	0.01121	0.00704	0.00203	0.02272	0.02937	0.00514	0.00731
1	0.01537	0.16480	0.05145	0.01557	0.07041	0.11591	0.06870	0.08042	0.01574	0.01968	0.04654	0.17409	0.04962	0.01045	0.00732	0.00205	0.04643	0.03343	0.00434	0.00768
2	0.01547	0.01482	0.02528	0.13931	0.63708	0.01521	0.01957	0.01937	0.01446	0.02047	0.01206	0.01616	0.01001	0.00585	0.00641	0.00195	0.00781	0.00575	0.00315	0.00981
3	0.01333	0.03383	0.01252	0.12403	0.03942	0.06342	0.00928	0.05459	0.01502	0.07240	0.02978	0.20665	0.14423	0.03242	0.00757	0.00225	0.00561	0.03788	0.08897	0.00682
4	0.01172	0.00757	0.00887	0.00878	0.00969	0.03052	0.00592	0.01263	0.01155	0.09185	0.02361	0.17352	0.02547	0.41151	0.10683	0.00533	0.00716	0.03739	0.00475	0.00534
5	0.00923	0.00692	0.01038	0.01038	0.01154	0.00808	0.00808	0.01154	0.01038	0.01500	0.01731	0.02538	0.01615	0.04846	0.74732	0.01038	0.01731	0.00692	0.00346	0.00577
6	0.02299	0.02839	0.01778	0.01615	0.01952	0.64300	0.01216	0.02702	0.11827	0.01741	0.01231	0.01342	0.00994	0.00696	0.00593	0.00174	0.01072	0.00461	0.00379	0.00788
7	0.01654	0.01533	0.01413	0.01281	0.01612	0.12243	0.00987	0.03026	0.52056	0.02508	0.06429	0.02367	0.02019	0.00862	0.00636	0.00205	0.00579	0.00699	0.06966	0.00925
8	0.00865	0.00659	0.00795	0.00761	0.00935	0.00589	0.00571	0.01124	0.01713	0.02315	0.51241	0.05281	0.27949	0.01424	0.00763	0.00208	0.00312	0.01232	0.00675	0.00589
9	0.00907	0.00692	0.00928	0.00995	0.01080	0.00696	0.02521	0.01146	0.05366	0.01759	0.03370	0.59418	0.06503	0.01801	0.00860	0.00254	0.04082	0.03055	0.03991	0.00577
10	0.02302	0.05914	0.01749	0.01275	0.01737	0.01648	0.01058	0.45171	0.02485	0.15477	0.01766	0.01759	0.01251	0.00763	0.00604	0.00185	0.00621	0.00583	0.12644	0.01009
11	0.01493	0.01691	0.03679	0.02644	0.03271	0.01586	0.67852	0.02019	0.01513	0.02051	0.01405	0.05015	0.01124	0.00609	0.00765	0.00220	0.01058	0.00809	0.00339	0.00856
12	0.01681	0.01280	0.01397	0.01239	0.01600	0.01427	0.00968	0.03164	0.56773	0.10912	0.07245	0.02685	0.04890	0.00925	0.00667	0.00216	0.00496	0.00773	0.00675	0.00987
13	0.00875	0.00632	0.00709	0.00722	0.00793	0.00602	0.00457	0.00942	0.01124	0.01441	0.03464	0.10929	0.23029	0.45665	0.05502	0.00495	0.00567	0.01129	0.00468	0.00456
14	0.02378	0.01745	0.01867	0.01443	0.01940	0.01931	0.01188	0.66157	0.04922	0.03961	0.01606	0.01613	0.01148	0.00778	0.00638	0.00193	0.00687	0.00587	0.04141	0.01075
15	0.06818	0.01331	0.04273	0.01098	0.01619	0.01163	0.00914	0.08062	0.14865	0.05073	0.01520	0.01598	0.01178	0.00611	0.00533	0.00144	0.00524	0.00482	0.02246	0.45949
16	0.01738	0.23567	0.01875	0.04302	0.01560	0.05857	0.00939	0.18914	0.01784	0.02480	0.01511	0.01694	0.01194	0.00690	0.00505	0.00161	0.00591	0.00510	0.29321	0.00805
17	0.73210	0.01274	0.01148	0.03604	0.04189	0.01459	0.03241	0.01900	0.01135	0.02797	0.00935	0.01118	0.00727	0.00599	0.00430	0.00201	0.00543	0.00381	0.00390	0.00719
18	0.01868	0.02119	0.02183	0.18862	0.20167	0.32537	0.06061	0.03578	0.01609	0.01809	0.01114	0.01447	0.00901	0.00644	0.00657	0.00190	0.02585	0.00520	0.00324	0.00824
19	0.00962	0.00701	0.00952	0.00937	0.00998	0.00791	0.00670	0.01082	0.00991	0.01395	0.01784	0.03119	0.01845	0.32791	0.40770	0.03362	0.05212	0.00778	0.00358	0.00502
20	0.00787	0.00562	0.00750	0.00900	0.00937	0.00525	0.00600	0.00900	0.01237	0.01649	0.03561	0.76871	0.04274	0.02024	0.00825	0.00262	0.00375	0.01837	0.00600	0.00525
21	0.01042	0.00672	0.00826	0.00814	0.00935	0.00634	0.00566	0.01185	0.01334	0.07526	0.16684	0.15823	0.14526	0.26791	0.05896	0.00405	0.00535	0.02702	0.00554	0.00551
22	0.02283	0.00978	0.01269	0.01027	0.01416	0.00887	0.00829	0.02642	0.05916	0.48529	0.12212	0.02608	0.02252	0.00869	0.00635	0.00194	0.00475	0.00719	0.13311	0.00950
23	0.72972	0.01242	0.00982	0.00869	0.01261	0.01430	0.00713	0.05539	0.01217	0.02933	0.01004	0.01155	0.00776	0.00618	0.00416	0.00197	0.00499	0.00377	0.05085	0.00715
24	0.02221	0.16907	0.02091	0.01483	0.01883	0.44079	0.01184	0.13580	0.04583	0.02043	0.01166	0.01290	0.00944	0.00673	0.00560	0.00167	0.00949	0.00447	0.02922	0.00827
25	0.01220	0.01195	0.01155	0.09959	0.03799	0.12827	0.00883	0.01592	0.08604	0.01846	0.05310	0.13086	0.30501	0.01260	0.00702	0.00211	0.00564	0.01054	0.03569	0.00663
26	0.01012	0.00691	0.00962	0.00947	0.01045	0.00761	0.00694	0.01177	0.01044	0.04497	0.01853	0.03011	0.01826	0.25567	0.50981	0.00884	0.01362	0.00762	0.00378	0.00546
27	0.78952	0.04020	0.01038	0.00859	0.01264	0.01490	0.00714	0.01901	0.01107	0.02849	0.00900	0.01049	0.00704	0.00598	0.00400	0.00198	0.00507	0.00350	0.00395	0.00704
28	0.01669	0.43767	0.15228	0.01462	0.02074	0.02062	0.10864	0.04176	0.03454	0.05147	0.03754	0.01435	0.01115	0.00617	0.00534	0.00170	0.00766	0.00487	0.00345	0.00875
29	0.00793	0.00648	0.00700	0.00703	0.00895	0.00555	0.00521	0.00978	0.01518	0.01890	0.18261	0.11795	0.55274	0.01612	0.00768	0.00219	0.00327	0.01368	0.00620	0.00555
30	0.04219	0.01148	0.01318	0.01094	0.01400	0.01181	0.00831	0.25059	0.01890	0.19430	0.02092	0.08971	0.01869	0.24847	0.01483	0.00337	0.00612	0.00811	0.00592	0.00817
31	0.00970	0.00692	0.00859	0.00814	0.00992	0.00635	0.00611	0.01283	0.03832	0.04877	0.52600	0.08423	0.18217	0.01383	0.00758	0.00209	0.00327	0.01206	0.00687	0.00623
32	0.00989	0.00770	0.01167	0.01054	0.01166	0.00783	0.08920	0.01126	0.01067	0.01458	0.02033	0.11301	0.02201	0.41060	0.21460	0.00647	0.00944	0.00950	0.00394	0.00512
33	0.01843	0.29961	0.08270	0.04247	0.01958	0.12067	0.01306	0.16171	0.01690	0.02105	0.01107	0.01326	0.00922	0.00882	0.03961	0.00219	0.10281	0.00466	0.00364	0.00853
34	0.00786	0.00597	0.00725	0.00817	0.00918	0.00536	0.00565	0.00924	0.01341	0.01726	0.07886	0.50777	0.26339	0.01866	0.00802	0.00245	0.00356	0.01653	0.00605	0.00536
35	0.03437	0.09378	0.09712	0.01692	0.09347	0.06101	0.04100	0.21339	0.06455	0.07437	0.04109	0.02984	0.01343	0.02394	0.00732	0.00201	0.03729	0.00594	0.00480	0.04434
36	0.01666	0.04959	0.11435	0.16342	0.30273	0.11424	0.03765	0.07171	0.03087	0.02079	0.01212	0.01529	0.00958	0.00625	0.00625	0.00194	0.00859	0.00541	0.00339	0.00915
37	0.01098	0.00720	0.00834	0.00810	0.01018	0.00642	0.00599	0.01329	0.04075	0.11179	0.11034	0.19788	0.38051	0.04765	0.00865	0.00241	0.00383	0.01309	0.00629	0.00630
38	0.01091	0.06570	0.04239	0.01151	0.01384	0.01002	0.06348	0.01578	0.13167	0.01944	0.09548	0.36702	0.05328	0.03301	0.03338	0.00268	0.00545	0.01266	0.00548	0.00682
39	0.15613	0.03555	0.01915	0.01910	0.14305	0.28362	0.03423	0.11399	0.05281	0.02296	0.01174	0.01365	0.00941	0.00685	0.00664	0.00191	0.05184	0.00488	0.00396	0.00852

[dist]
# distance from previous block
# <min> <max>
3	15

[block]
# block no. 1 follows, 34 sequences, length 7
# corresponding to MSA columns:
# 76-82
name=unknown_B
#
# <colnr> <probs for GDERKNQSTAVLIFYWHMCP>
#	G	D	E	R	K	N	Q	S	T	A	V	L	I	F	Y	W	H	M	C	P
0	0.01499	0.01488	0.02238	0.18052	0.05456	0.06506	0.19657	0.05178	0.10534	0.02074	0.01535	0.06595	0.01284	0.00742	0.00725	0.00202	0.03929	0.00691	0.00398	0.11217
1	0.19963	0.04882	0.04173	0.01724	0.16898	0.04296	0.01164	0.05333	0.06022	0.09956	0.08198	0.04476	0.01635	0.00774	0.00638	0.00195	0.03388	0.00612	0.00472	0.05201
2	0.01537	0.01263	0.01652	0.01425	0.09667	0.01056	0.04329	0.06505	0.01506	0.06070	0.01266	0.01449	0.01010	0.00530	0.00531	0.00125	0.00560	0.00451	0.00413	0.58656
3	0.01351	0.01328	0.05529	0.01919	0.19877	0.05029	0.06202	0.06080	0.06010	0.02143	0.05864	0.18342	0.10000	0.01085	0.00692	0.00211	0.00616	0.00971	0.05961	0.00792
4	0.01396	0.01303	0.01747	0.01778	0.11753	0.09289	0.07813	0.01633	0.01301	0.04390	0.01745	0.10473	0.01728	0.06780	0.15608	0.00417	0.14324	0.05418	0.00392	0.00713
5	0.01257	0.01074	0.01565	0.07964	0.09470	0.01145	0.06412	0.03194	0.08498	0.04631	0.17170	0.08780	0.14974	0.01133	0.00886	0.00222	0.09398	0.00960	0.00521	0.00747
6	0.00957	0.00706	0.00857	0.00839	0.00873	0.00758	0.00552	0.01016	0.01020	0.01375	0.02392	0.08030	0.08729	0.51279	0.10486	0.00581	0.07711	0.00967	0.00407	0.00462

[dist]
# distance from previous block
# <min> <max>
0	1

[block]
# block no. 2 follows, 34 sequences, length 23
# corresponding to MSA columns:
# 84-106
name=unknown_C
#
# <colnr> <probs for GDERKNQSTAVLIFYWHMCP>
#	G	D	E	R	K	N	Q	S	T	A	V	L	I	F	Y	W	H	M	C	P
0	0.01705	0.01373	0.01531	0.05524	0.05098	0.04877	0.01056	0.12750	0.25584	0.07617	0.04897	0.04337	0.04558	0.00850	0.00638	0.00192	0.00584	0.02055	0.00565	0.14208
1	0.01657	0.01033	0.01660	0.01313	0.01687	0.00927	0.15329	0.01952	0.01613	0.24082	0.15812	0.11887	0.07606	0.03049	0.00779	0.00217	0.00571	0.00955	0.02554	0.05316
2	0.11187	0.03705	0.09629	0.01754	0.12819	0.01460	0.03137	0.01720	0.03438	0.01953	0.01306	0.05845	0.01211	0.04743	0.05288	0.00281	0.20424	0.00613	0.00352	0.09135
3	0.01655	0.14212	0.17732	0.01632	0.08460	0.07941	0.03688	0.11208	0.01642	0.02228	0.02968	0.01434	0.01051	0.00608	0.00560	0.00161	0.00749	0.00477	0.00374	0.21221
4	0.15105	0.35148	0.09375	0.03933	0.09790	0.10838	0.03923	0.02019	0.01370	0.01898	0.00994	0.01196	0.00835	0.00585	0.00497	0.00170	0.00770	0.00416	0.00311	0.00829
5	0.08147	0.01245	0.03718	0.01583	0.03771	0.02573	0.23638	0.01788	0.07270	0.02248	0.15922	0.08230	0.04382	0.03854	0.00784	0.00224	0.00657	0.00874	0.08349	0.00742
6	0.01544	0.07583	0.11287	0.02292	0.07706	0.05770	0.36204	0.01989	0.01428	0.01942	0.01171	0.01539	0.00928	0.00628	0.00845	0.00206	0.09983	0.00618	0.00315	0.06022
7	0.00846	0.00677	0.00766	0.00736	0.00940	0.00583	0.00551	0.01065	0.01585	0.02062	0.29953	0.08285	0.42831	0.01483	0.00752	0.00209	0.00328	0.01265	0.00629	0.04454
8	0.01743	0.01807	0.07112	0.01353	0.01681	0.25184	0.05870	0.03685	0.01562	0.07037	0.01668	0.05531	0.01408	0.01103	0.06053	0.00248	0.03372	0.02437	0.20405	0.00741
9	0.02148	0.01524	0.01634	0.01289	0.01718	0.01676	0.01054	0.54478	0.02626	0.03646	0.01672	0.01760	0.01231	0.00901	0.02967	0.00212	0.00659	0.00589	0.17236	0.00979
10	0.00858	0.00620	0.00826	0.00966	0.01047	0.00588	0.00718	0.01026	0.01323	0.01736	0.03710	0.52678	0.08459	0.01932	0.00840	0.00270	0.00434	0.20825	0.00598	0.00546
11	0.01699	0.01003	0.01184	0.01053	0.01331	0.03068	0.00809	0.10402	0.05730	0.21844	0.15110	0.23815	0.04711	0.01253	0.00712	0.00216	0.00478	0.01081	0.03696	0.00805
12	0.01803	0.01327	0.01432	0.01201	0.01533	0.01463	0.00925	0.29044	0.22927	0.05249	0.02044	0.02512	0.01700	0.19427	0.01285	0.00305	0.00610	0.00716	0.03612	0.00885
13	0.01486	0.01320	0.01585	0.01451	0.03257	0.01609	0.01132	0.04249	0.39177	0.02289	0.04193	0.05237	0.01851	0.01121	0.02881	0.00260	0.22888	0.02610	0.00529	0.00877
14	0.01461	0.19202	0.23058	0.13838	0.11456	0.03445	0.06631	0.01953	0.03317	0.01877	0.01274	0.01537	0.02537	0.00620	0.00584	0.00184	0.00818	0.00516	0.00311	0.05381
15	0.01886	0.26375	0.04385	0.02085	0.20642	0.18217	0.04336	0.07030	0.01622	0.03902	0.01271	0.01458	0.02857	0.00637	0.00563	0.00171	0.00828	0.00495	0.00352	0.00886
16	0.00973	0.00685	0.00810	0.00789	0.00794	0.00730	0.00482	0.00992	0.00947	0.01285	0.01938	0.03957	0.02211	0.68812	0.06222	0.00619	0.06046	0.00903	0.00382	0.00422
17	0.00793	0.00565	0.00748	0.00892	0.00928	0.00529	0.00591	0.00901	0.01225	0.01633	0.03499	0.73903	0.04195	0.05099	0.00925	0.00277	0.00385	0.01800	0.00591	0.00519
18	0.00792	0.00643	0.00702	0.00713	0.00897	0.00554	0.00525	0.00973	0.01502	0.01875	0.17334	0.15251	0.52716	0.01634	0.00771	0.00221	0.00330	0.01393	0.00619	0.00554
19	0.01207	0.00887	0.01050	0.00960	0.01196	0.00901	0.00735	0.01922	0.21329	0.06550	0.44630	0.04109	0.09549	0.01191	0.00727	0.00209	0.00378	0.01032	0.00693	0.00747
20	0.81856	0.01250	0.00950	0.00850	0.01250	0.01449	0.00700	0.01899	0.01100	0.02899	0.00900	0.01050	0.00700	0.00600	0.00400	0.00200	0.00500	0.00350	0.00400	0.00700
21	0.09004	0.01448	0.01483	0.01281	0.01665	0.05038	0.01016	0.18784	0.32343	0.09400	0.02232	0.07603	0.01792	0.00925	0.00648	0.00213	0.00585	0.02961	0.00623	0.00955
22	0.01326	0.01024	0.01107	0.05248	0.01380	0.06253	0.00793	0.07943	0.05173	0.06322	0.30880	0.03765	0.14702	0.01238	0.02855	0.00223	0.00505	0.00944	0.07612	0.00706

[dist]
# distance from previous block
# <min> <max>
0	1

[block]
# block no. 3 follows, 34 sequences, length 13
# corresponding to MSA columns:
# 108-120
name=unknown_D
#
# <colnr> <probs for GDERKNQSTAVLIFYWHMCP>
#	G	D	E	R	K	N	Q	S	T	A	V	L	I	F	Y	W	H	M	C	P
0	0.64556	0.01422	0.01108	0.00972	0.01366	0.07323	0.00788	0.08324	0.01370	0.02888	0.04174	0.01273	0.00987	0.00653	0.00453	0.00197	0.00564	0.00413	0.00431	0.00737
1	0.04933	0.03792	0.39509	0.01562	0.04768	0.01325	0.01679	0.08192	0.01534	0.03963	0.07096	0.08979	0.04455	0.01055	0.04134	0.00247	0.00798	0.00711	0.00408	0.00860
2	0.00804	0.00652	0.00714	0.00708	0.00900	0.00561	0.00527	0.01002	0.01555	0.01962	0.23790	0.09182	0.52239	0.01572	0.00766	0.00216	0.00324	0.01335	0.00629	0.00561
3	0.01199	0.00852	0.01051	0.01050	0.03919	0.00897	0.00741	0.09123	0.04636	0.03421	0.04644	0.09154	0.09322	0.16078	0.21404	0.00509	0.00839	0.00887	0.09628	0.00646
4	0.76633	0.01240	0.00986	0.00870	0.01276	0.01416	0.00716	0.01982	0.01149	0.07583	0.01009	0.01126	0.00759	0.00613	0.00416	0.00200	0.00503	0.00370	0.00426	0.00726
5	0.00980	0.00661	0.00991	0.00977	0.01053	0.00686	0.03382	0.01028	0.01057	0.01454	0.04472	0.17234	0.02205	0.10732	0.26037	0.24329	0.00930	0.00925	0.00394	0.00473
6	0.01686	0.25843	0.14293	0.01754	0.07153	0.05384	0.11725	0.07718	0.04297	0.04300	0.01420	0.01601	0.03785	0.00687	0.00683	0.00188	0.05689	0.00547	0.00364	0.00885
7	0.01103	0.00570	0.00844	0.00839	0.00853	0.00566	0.00566	0.00877	0.00933	0.01258	0.07762	0.02229	0.01582	0.02159	0.02362	0.73710	0.00537	0.00617	0.00320	0.00311
8	0.01757	0.11783	0.04765	0.02656	0.36943	0.18302	0.01575	0.04291	0.01587	0.01978	0.04412	0.04511	0.01303	0.00691	0.00609	0.00183	0.00817	0.00582	0.00355	0.00898
9	0.04386	0.01997	0.16634	0.01420	0.01916	0.12740	0.01323	0.18194	0.08573	0.09985	0.07311	0.02207	0.02938	0.00985	0.03410	0.00232	0.00784	0.03539	0.00520	0.00906
10	0.01249	0.04723	0.13208	0.01339	0.08314	0.01056	0.01098	0.07916	0.01724	0.04512	0.27606	0.05148	0.17311	0.01111	0.00698	0.00203	0.00524	0.00945	0.00555	0.00761
11	0.01620	0.01459	0.04057	0.02072	0.24101	0.05968	0.01294	0.02455	0.25718	0.08173	0.05997	0.02587	0.09946	0.00864	0.00663	0.00204	0.00619	0.00742	0.00526	0.00934
12	0.24505	0.01672	0.05830	0.03673	0.01899	0.07564	0.05444	0.17432	0.11451	0.08215	0.01480	0.01570	0.01096	0.00805	0.02250	0.00221	0.02973	0.00535	0.00494	0.00890

[dist]
# distance from previous block
# <min> <max>
3	6

[block]
# block no. 4 follows, 34 sequences, length 9
# corresponding to MSA columns:
# 127-135
name=unknown_E
#
# <colnr> <probs for GDERKNQSTAVLIFYWHMCP>
#	G	D	E	R	K	N	Q	S	T	A	V	L	I	F	Y	W	H	M	C	P
0	0.04086	0.01588	0.02477	0.03316	0.53281	0.04828	0.05728	0.05269	0.01559	0.06929	0.01292	0.01603	0.01038	0.00623	0.00693	0.00196	0.03558	0.00577	0.00369	0.00990
1	0.01121	0.00927	0.01227	0.14144	0.03902	0.00854	0.00895	0.01405	0.01418	0.02030	0.14406	0.12740	0.08653	0.00981	0.00633	0.00174	0.00489	0.00852	0.04190	0.28960
2	0.02254	0.01369	0.01653	0.06343	0.04541	0.01431	0.01109	0.32083	0.04387	0.24182	0.06735	0.02065	0.01634	0.00805	0.00642	0.00195	0.00613	0.00647	0.06312	0.01000
3	0.01102	0.00568	0.00827	0.00827	0.00827	0.00568	0.00543	0.00853	0.00853	0.01137	0.01223	0.02213	0.01257	0.10488	0.02609	0.72350	0.00568	0.00603	0.00293	0.00293
4	0.01676	0.01791	0.11295	0.02022	0.17454	0.06045	0.04640	0.11445	0.25471	0.02554	0.05073	0.01991	0.01568	0.00752	0.00645	0.00202	0.00701	0.00643	0.03064	0.00968
5	0.00815	0.00658	0.00735	0.00720	0.00914	0.00578	0.00542	0.01023	0.01552	0.01974	0.25274	0.05626	0.50096	0.01716	0.04669	0.00257	0.00395	0.01272	0.00618	0.00565
6	0.01581	0.10922	0.07712	0.06146	0.20461	0.05425	0.21413	0.05220	0.05427	0.02065	0.01436	0.06628	0.01229	0.00698	0.00657	0.00200	0.00846	0.00680	0.00365	0.00892
7	0.00785	0.00628	0.00704	0.00761	0.00916	0.00548	0.00553	0.00938	0.01395	0.01723	0.05409	0.29662	0.46954	0.01772	0.00790	0.00237	0.00356	0.04728	0.00600	0.00541
8	0.01505	0.01202	0.01500	0.01081	0.01652	0.00954	0.04330	0.04636	0.01455	0.07221	0.01272	0.01429	0.01009	0.00517	0.00512	0.00113	0.00524	0.00429	0.00420	0.68237

[dist]
# distance from previous block
# <min> <max>
2	7

[block]
# block no. 5 follows, 34 sequences, length 13
# corresponding to MSA columns:
# 152-164
name=unknown_F
#
# <colnr> <probs for GDERKNQSTAVLIFYWHMCP>
#	G	D	E	R	K	N	Q	S	T	A	V	L	I	F	Y	W	H	M	C	P
0	0.01360	0.25075	0.44031	0.01493	0.02227	0.01696	0.01782	0.01874	0.01347	0.01847	0.01551	0.06369	0.05276	0.00746	0.00577	0.00189	0.00803	0.00577	0.00314	0.00866
1	0.01379	0.01325	0.04827	0.08283	0.33999	0.01263	0.05142	0.05758	0.01620	0.02246	0.16052	0.02865	0.07345	0.00878	0.00692	0.00205	0.00663	0.04155	0.00447	0.00855
2	0.01588	0.01423	0.05606	0.01142	0.01602	0.06421	0.00953	0.05648	0.18058	0.07239	0.06067	0.02075	0.03833	0.00733	0.00580	0.00162	0.00554	0.00591	0.05661	0.30065
3	0.01632	0.61293	0.18941	0.01268	0.01909	0.02324	0.01388	0.01959	0.01324	0.01636	0.00956	0.01109	0.00827	0.00566	0.00459	0.00153	0.00749	0.00375	0.00276	0.00857
4	0.00895	0.00660	0.00837	0.00793	0.00954	0.00602	0.00595	0.01182	0.01784	0.02484	0.64512	0.05003	0.14573	0.01361	0.00762	0.00205	0.00308	0.01193	0.00697	0.00602
5	0.02414	0.03079	0.01831	0.01665	0.01998	0.74698	0.01248	0.02580	0.01831	0.01581	0.00999	0.01165	0.00832	0.00666	0.00583	0.00166	0.01165	0.00416	0.00333	0.00749
6	0.01715	0.07206	0.01458	0.01100	0.01416	0.01290	0.00893	0.23399	0.01821	0.09582	0.01772	0.02128	0.01430	0.05345	0.21420	0.00438	0.00900	0.00620	0.15259	0.00808
7	0.00889	0.00637	0.00852	0.00988	0.01072	0.00613	0.00749	0.01067	0.01323	0.01737	0.03537	0.44286	0.06545	0.06065	0.00983	0.00294	0.00469	0.26764	0.00587	0.00544
8	0.01206	0.00763	0.01114	0.00994	0.01147	0.00738	0.05615	0.02714	0.03510	0.06065	0.21013	0.06105	0.05333	0.06435	0.01579	0.31152	0.00512	0.00856	0.02615	0.00534
9	0.00854	0.00637	0.00836	0.00889	0.00993	0.00636	0.00647	0.01024	0.01248	0.01666	0.07868	0.28559	0.16114	0.08130	0.23370	0.00513	0.00800	0.04157	0.00515	0.00543
10	0.06612	0.15820	0.04301	0.08835	0.06535	0.12170	0.01210	0.21154	0.01869	0.02511	0.01316	0.01505	0.01028	0.00674	0.00551	0.00176	0.00729	0.00499	0.11645	0.00859
11	0.01700	0.04732	0.18892	0.04005	0.23964	0.04428	0.05892	0.07423	0.09008	0.07502	0.01455	0.01631	0.01099	0.00645	0.00626	0.00193	0.00784	0.00562	0.00406	0.05054
12	0.01618	0.10915	0.31864	0.01726	0.05803	0.08454	0.05772	0.07579	0.08413	0.04438	0.03660	0.01763	0.03771	0.00708	0.00616	0.00195	0.00827	0.00569	0.00392	0.00917

[dist]
# distance from previous block
# <min> <max>
0	1

[block]
# block no. 6 follows, 34 sequences, length 8
# corresponding to MSA columns:
# 170-177
name=unknown_G
#
# <colnr> <probs for GDERKNQSTAVLIFYWHMCP>
#	G	D	E	R	K	N	Q	S	T	A	V	L	I	F	Y	W	H	M	C	P
0	0.20642	0.10141	0.13554	0.01481	0.03766	0.18748	0.01322	0.05833	0.01462	0.04772	0.01062	0.01264	0.00849	0.00706	0.00759	0.00198	0.11822	0.00447	0.00359	0.00813
1	0.01121	0.01024	0.03991	0.06374	0.11303	0.01015	0.01053	0.03073	0.07029	0.01992	0.11781	0.26990	0.08599	0.01435	0.02621	0.00252	0.06317	0.02807	0.00518	0.00704
2	0.00801	0.00594	0.00748	0.00840	0.00929	0.00541	0.00580	0.00952	0.01369	0.01806	0.14314	0.52679	0.17790	0.01846	0.00804	0.00245	0.00355	0.01648	0.00616	0.00541
3	0.00959	0.00713	0.01027	0.01015	0.01116	0.00831	0.00778	0.01168	0.01043	0.01524	0.01739	0.02639	0.01652	0.11151	0.61432	0.00925	0.04764	0.00705	0.04252	0.00567
4	0.02495	0.01055	0.01402	0.01104	0.01538	0.00943	0.00900	0.06517	0.01911	0.56282	0.15949	0.02666	0.02432	0.00898	0.00671	0.00200	0.00512	0.00745	0.00774	0.01006
5	0.73769	0.01234	0.01006	0.00880	0.01291	0.01398	0.00725	0.02027	0.01176	0.10152	0.01069	0.01167	0.00792	0.00620	0.00425	0.00200	0.00505	0.00381	0.00441	0.00741
6	0.01167	0.00599	0.00616	0.00629	0.00769	0.00595	0.00465	0.01451	0.01344	0.02340	0.02239	0.09149	0.01893	0.00868	0.00485	0.00161	0.00308	0.00714	0.73613	0.00595
7	0.75044	0.07748	0.01157	0.00871	0.01284	0.01544	0.00734	0.01902	0.01118	0.02782	0.00900	0.01049	0.00711	0.00596	0.00401	0.00195	0.00516	0.00350	0.00389	0.00711

[dist]
# distance from previous block
# <min> <max>
0	1

[block]
# block no. 7 follows, 34 sequences, length 31
# corresponding to MSA columns:
# 179-209
name=unknown_H
#
# <colnr> <probs for GDERKNQSTAVLIFYWHMCP>
#	G	D	E	R	K	N	Q	S	T	A	V	L	I	F	Y	W	H	M	C	P
0	0.07394	0.02772	0.01710	0.01546	0.01880	0.62946	0.01168	0.05219	0.01806	0.01812	0.01077	0.01244	0.00881	0.00671	0.00566	0.00169	0.01056	0.00429	0.04903	0.00752
1	0.01856	0.04885	0.01847	0.04206	0.13602	0.33342	0.03273	0.02201	0.05690	0.04809	0.14210	0.02152	0.03596	0.00800	0.00636	0.00185	0.00835	0.00639	0.00438	0.00800
2	0.00887	0.00672	0.00746	0.00741	0.00945	0.00580	0.00561	0.01080	0.01529	0.04753	0.16466	0.10363	0.51943	0.01585	0.00769	0.00222	0.00349	0.04605	0.00625	0.00579
3	0.00972	0.00760	0.01117	0.01090	0.01190	0.00915	0.00851	0.01185	0.01030	0.01496	0.01656	0.02493	0.01568	0.07227	0.64947	0.00949	0.08941	0.00689	0.00342	0.00583
4	0.04232	0.01130	0.06587	0.01208	0.01569	0.00952	0.11335	0.01798	0.05847	0.11642	0.25804	0.03486	0.12938	0.01030	0.00692	0.00204	0.00523	0.00915	0.07353	0.00756
5	0.00856	0.00652	0.00764	0.00760	0.00894	0.00615	0.00540	0.01013	0.01332	0.01730	0.15766	0.07161	0.31833	0.19995	0.12839	0.00441	0.00614	0.01141	0.00530	0.00524
6	0.02191	0.17157	0.04771	0.01500	0.01941	0.33185	0.01251	0.21156	0.04972	0.02313	0.01201	0.01312	0.00952	0.00693	0.00611	0.00175	0.02857	0.00467	0.00418	0.00878
7	0.00783	0.00580	0.00732	0.00853	0.00925	0.00529	0.00579	0.00905	0.01281	0.01668	0.04124	0.63554	0.17227	0.01951	0.00813	0.00254	0.00366	0.01748	0.00600	0.00529
8	0.01373	0.08949	0.65735	0.01779	0.02679	0.04501	0.02245	0.02059	0.01379	0.01988	0.01133	0.01331	0.00820	0.00611	0.00598	0.00198	0.00943	0.00465	0.00275	0.00937
9	0.04945	0.47523	0.04411	0.01203	0.01692	0.02196	0.01120	0.09776	0.12036	0.02047	0.01267	0.01379	0.01056	0.00819	0.03503	0.00201	0.03118	0.00453	0.00382	0.00872
10	0.67777	0.01261	0.01123	0.10698	0.01703	0.01472	0.00867	0.04922	0.01210	0.02787	0.00961	0.01160	0.00739	0.00614	0.00443	0.00202	0.00557	0.00390	0.00396	0.00720
11	0.01576	0.01360	0.02281	0.29350	0.42525	0.01449	0.01827	0.01965	0.01440	0.08114	0.01306	0.01695	0.01015	0.00620	0.00643	0.00201	0.00782	0.00582	0.00349	0.00921
12	0.00874	0.00800	0.03935	0.00870	0.01057	0.00681	0.00684	0.01138	0.04393	0.01869	0.12741	0.25948	0.35049	0.01626	0.00814	0.00233	0.02610	0.03496	0.00592	0.00591
13	0.00932	0.00764	0.01059	0.00988	0.01181	0.00711	0.07077	0.01236	0.05235	0.01987	0.17908	0.27532	0.25017	0.01524	0.00766	0.00227	0.00417	0.01358	0.03471	0.00609
14	0.01486	0.01448	0.02037	0.50458	0.08283	0.08366	0.04435	0.07467	0.03330	0.01912	0.01205	0.01656	0.00922	0.00674	0.00700	0.00210	0.03721	0.00571	0.00334	0.00785
15	0.01807	0.09954	0.09130	0.01681	0.08990	0.08763	0.03149	0.15547	0.25823	0.02573	0.01741	0.01780	0.01327	0.00733	0.00610	0.00194	0.00707	0.00586	0.03945	0.00961
16	0.00885	0.00621	0.00801	0.00868	0.00911	0.00626	0.00584	0.00987	0.01105	0.01490	0.02654	0.31846	0.03045	0.31267	0.14494	0.00537	0.00719	0.05596	0.00476	0.00487
17	0.01716	0.06192	0.14736	0.11483	0.13253	0.01688	0.11942	0.16643	0.06286	0.04977	0.01389	0.01620	0.01041	0.00675	0.00697	0.00204	0.03513	0.00587	0.00412	0.00946
18	0.73261	0.01280	0.01129	0.01183	0.08962	0.01459	0.00837	0.01908	0.01139	0.02815	0.00933	0.01108	0.00734	0.00597	0.00426	0.00199	0.00529	0.00374	0.00391	0.00734
19	0.01414	0.01414	0.01979	0.01696	0.01696	0.01979	0.01414	0.01555	0.00990	0.01555	0.00848	0.01414	0.00848	0.01131	0.02120	0.00283	0.76110	0.00565	0.00283	0.00707
20	0.01674	0.05110	0.15551	0.01947	0.15890	0.01671	0.01501	0.12591	0.31955	0.02610	0.01846	0.01872	0.01394	0.00740	0.00634	0.00204	0.00682	0.00615	0.00501	0.01013
21	0.04238	0.66057	0.03118	0.01168	0.01688	0.11528	0.01111	0.02014	0.01371	0.01570	0.00911	0.01053	0.00826	0.00568	0.00435	0.00144	0.00744	0.00354	0.00287	0.00815
22	0.00926	0.00679	0.00972	0.00972	0.01064	0.00771	0.00724	0.01111	0.01019	0.01450	0.01792	0.02877	0.01762	0.19357	0.60422	0.00956	0.01510	0.00742	0.00355	0.00540
23	0.00783	0.00655	0.00681	0.00674	0.00884	0.00554	0.00506	0.00964	0.01517	0.01852	0.14869	0.06044	0.64610	0.01597	0.00763	0.00216	0.00324	0.01339	0.00614	0.00554
24	0.01414	0.01414	0.01979	0.01696	0.01696	0.01979	0.01414	0.01555	0.00990	0.01555	0.00848	0.01414	0.00848	0.01131	0.02120	0.00283	0.76110	0.00565	0.00283	0.00707
25	0.06183	0.07630	0.01382	0.01013	0.01353	0.03678	0.00828	0.25856	0.01950	0.04652	0.01722	0.01876	0.01313	0.00734	0.00522	0.00169	0.00521	0.00555	0.37247	0.00816
26	0.00826	0.00628	0.00760	0.00788	0.00926	0.00562	0.00568	0.01025	0.01529	0.02023	0.29698	0.27520	0.27523	0.01642	0.00782	0.00226	0.00334	0.01439	0.00640	0.00562
27	0.01957	0.01514	0.01612	0.01351	0.01670	0.09618	0.01086	0.22298	0.08736	0.12364	0.07995	0.02061	0.01688	0.01231	0.07259	0.00280	0.12671	0.00647	0.03075	0.00887
28	0.31953	0.01159	0.01140	0.01201	0.07421	0.04944	0.00830	0.05768	0.03578	0.02360	0.04698	0.14816	0.09176	0.04453	0.03667	0.00262	0.00579	0.00822	0.00475	0.00697
29	0.01657	0.01447	0.01442	0.03506	0.03585	0.14549	0.03369	0.16182	0.04624	0.04043	0.02314	0.10360	0.06375	0.06654	0.00867	0.00239	0.00682	0.08743	0.08602	0.00758
30	0.37764	0.08419	0.11998	0.01184	0.01677	0.11937	0.01099	0.05605	0.01436	0.06440	0.03661	0.01346	0.01020	0.00649	0.00501	0.00187	0.00683	0.00437	0.00407	0.03552

[dist]
# distance from previous block
# <min> <max>
0	2

[block]
# block no. 8 follows, 34 sequences, length 40
# corresponding to MSA columns:
# 212-251
name=unknown_I
#
# <colnr> <probs for GDERKNQSTAVLIFYWHMCP>
#	G	D	E	R	K	N	Q	S	T	A	V	L	I	F	Y	W	H	M	C	P
0	0.21897	0.07045	0.01850	0.03979	0.09273	0.29310	0.03774	0.04017	0.07252	0.02133	0.01148	0.01330	0.00925	0.00661	0.00592	0.00187	0.02985	0.00463	0.00376	0.00804
1	0.01595	0.06627	0.07932	0.07351	0.15862	0.07259	0.30409	0.02030	0.01502	0.04710	0.01496	0.01810	0.03681	0.00631	0.00667	0.00199	0.00902	0.00652	0.03816	0.00868
2	0.00798	0.00598	0.00732	0.00834	0.00923	0.00544	0.00576	0.00926	0.01296	0.01666	0.04296	0.51289	0.22964	0.05698	0.00935	0.00270	0.00383	0.04159	0.00589	0.00526
3	0.01677	0.00830	0.01105	0.00960	0.01233	0.00764	0.00746	0.01909	0.01610	0.30053	0.22144	0.06246	0.08860	0.06963	0.11558	0.00355	0.00633	0.00922	0.00658	0.00773
4	0.02263	0.01714	0.01830	0.01448	0.01930	0.01914	0.01181	0.55728	0.18731	0.03761	0.01796	0.01747	0.01297	0.00799	0.00649	0.00200	0.00666	0.00616	0.00649	0.01082
5	0.28564	0.01181	0.01304	0.01051	0.01498	0.01187	0.00864	0.07544	0.03365	0.40131	0.01917	0.01793	0.01281	0.00732	0.00558	0.00197	0.00531	0.00546	0.04814	0.00941
6	0.29828	0.01572	0.01570	0.01246	0.01722	0.01746	0.01028	0.42955	0.02295	0.08093	0.01390	0.01420	0.00993	0.00717	0.00562	0.00196	0.00628	0.00506	0.00571	0.00961
7	0.01296	0.03342	0.73944	0.01842	0.02797	0.01501	0.02387	0.02046	0.01364	0.02046	0.01160	0.01364	0.00818	0.00614	0.00614	0.00205	0.00955	0.00477	0.00273	0.00955
8	0.01727	0.77681	0.03386	0.01106	0.01658	0.02557	0.01106	0.01935	0.01313	0.01520	0.00898	0.01036	0.00829	0.00553	0.00415	0.00138	0.00691	0.00345	0.00276	0.00829
9	0.81856	0.01250	0.00950	0.00850	0.01250	0.01449	0.00700	0.01899	0.01100	0.02899	0.00900	0.01050	0.00700	0.00600	0.00400	0.00200	0.00500	0.00350	0.00400	0.00700
10	0.01727	0.01348	0.01498	0.01348	0.03659	0.01483	0.01028	0.28824	0.25019	0.02951	0.02525	0.16803	0.04773	0.01107	0.00696	0.00219	0.00565	0.02876	0.00628	0.00925
11	0.00993	0.00679	0.00882	0.00821	0.00991	0.00622	0.00619	0.01290	0.01815	0.05607	0.67064	0.04773	0.08763	0.01312	0.00757	0.00204	0.00316	0.01155	0.00710	0.00628
12	0.01281	0.01243	0.01674	0.43058	0.08409	0.09124	0.01441	0.01608	0.01353	0.01696	0.01750	0.14241	0.03729	0.01050	0.03247	0.00243	0.00805	0.00795	0.02555	0.00699
13	0.00819	0.00606	0.00755	0.00848	0.00938	0.00557	0.00594	0.00963	0.01331	0.01736	0.09433	0.46933	0.18828	0.06714	0.00970	0.00274	0.00391	0.06184	0.00595	0.00532
14	0.01122	0.00561	0.00842	0.00842	0.00842	0.00561	0.00561	0.00842	0.00842	0.01122	0.01122	0.01964	0.01122	0.02245	0.02525	0.81201	0.00561	0.00561	0.00281	0.00281
15	0.01817	0.61417	0.03031	0.01158	0.01688	0.02379	0.01105	0.13731	0.01630	0.02002	0.04088	0.01286	0.01100	0.00624	0.00469	0.00151	0.00678	0.00421	0.00358	0.00866
16	0.01253	0.03379	0.03933	0.01163	0.01391	0.01096	0.02906	0.05284	0.13681	0.03877	0.06374	0.29824	0.02779	0.04154	0.00943	0.00245	0.07560	0.02639	0.03343	0.04176
17	0.01348	0.01391	0.04059	0.54011	0.13143	0.06318	0.04274	0.01757	0.01360	0.01733	0.01237	0.04277	0.01003	0.00681	0.00650	0.00210	0.00863	0.00612	0.00306	0.00766
18	0.04029	0.01718	0.06057	0.04485	0.12764	0.04553	0.38238	0.04732	0.07918	0.02193	0.01513	0.02044	0.01219	0.00674	0.00711	0.00215	0.00921	0.04747	0.00383	0.00888
19	0.04098	0.01637	0.06806	0.04125	0.36903	0.03291	0.06893	0.10335	0.07044	0.02339	0.01394	0.01741	0.01135	0.03616	0.02692	0.00232	0.00790	0.00595	0.00390	0.03944
20	0.04536	0.05485	0.29804	0.02306	0.24001	0.01471	0.04122	0.02127	0.05109	0.07496	0.04078	0.01671	0.01206	0.00647	0.00616	0.00195	0.00781	0.00556	0.00373	0.03420
21	0.01851	0.01571	0.04641	0.01309	0.01672	0.14507	0.04034	0.10662	0.03327	0.14757	0.08832	0.02501	0.04503	0.04939	0.03007	0.00242	0.05116	0.03209	0.03591	0.05727
22	0.01627	0.01335	0.01443	0.03581	0.01666	0.04577	0.01013	0.08967	0.39698	0.05722	0.09919	0.04118	0.02206	0.01032	0.02624	0.00235	0.04903	0.00752	0.03672	0.00910
23	0.09891	0.02296	0.01701	0.01549	0.04888	0.41481	0.01152	0.12456	0.01903	0.11285	0.01324	0.01415	0.01000	0.00692	0.00580	0.00178	0.00903	0.00479	0.03980	0.00845
24	0.01403	0.01211	0.01750	0.02171	0.27819	0.03686	0.04258	0.05187	0.03384	0.04891	0.10716	0.06665	0.13297	0.01071	0.00718	0.00215	0.00618	0.09624	0.00499	0.00816
25	0.00802	0.00623	0.00729	0.00772	0.00914	0.00551	0.00552	0.00975	0.01460	0.01878	0.18536	0.30709	0.35770	0.01710	0.00785	0.00231	0.00340	0.01491	0.00622	0.00551
26	0.01399	0.02777	0.50232	0.03832	0.10675	0.03132	0.09357	0.02143	0.06455	0.02084	0.01282	0.01509	0.00942	0.00623	0.00635	0.00205	0.00919	0.00537	0.00313	0.00949
27	0.01340	0.01148	0.01340	0.00957	0.01531	0.00861	0.00766	0.01627	0.01340	0.02105	0.01148	0.01340	0.00957	0.00479	0.00479	0.00096	0.00479	0.00383	0.00383	0.81242
28	0.01364	0.01177	0.01479	0.01311	0.01420	0.04134	0.01037	0.09986	0.01276	0.01792	0.01364	0.02146	0.01312	0.12487	0.22648	0.04082	0.29316	0.00648	0.00362	0.00659
29	0.01406	0.01242	0.03354	0.05438	0.29356	0.03258	0.01343	0.05586	0.05160	0.04665	0.02215	0.25620	0.02263	0.01145	0.00713	0.00223	0.00629	0.05084	0.00475	0.00826
30	0.01758	0.04903	0.09182	0.07396	0.14171	0.27192	0.01399	0.03779	0.01629	0.03532	0.08619	0.01955	0.04324	0.00771	0.00676	0.00188	0.03717	0.00594	0.03408	0.00805
31	0.03605	0.34251	0.08308	0.01215	0.01768	0.06096	0.02959	0.06926	0.01515	0.06827	0.01197	0.01325	0.00962	0.00592	0.00497	0.00149	0.00680	0.00428	0.03841	0.16861
32	0.01823	0.05040	0.02402	0.07192	0.33963	0.13188	0.08164	0.06397	0.07679	0.05849	0.01382	0.01625	0.01087	0.00640	0.00635	0.00192	0.00827	0.00576	0.00392	0.00947
33	0.00827	0.00601	0.00780	0.00853	0.00942	0.00554	0.00595	0.01006	0.01448	0.01965	0.26468	0.48006	0.10029	0.01765	0.00800	0.00240	0.00348	0.01583	0.00636	0.00554
34	0.04143	0.01315	0.01503	0.01258	0.01621	0.08680	0.05139	0.11442	0.06597	0.22903	0.13297	0.07455	0.02432	0.00988	0.00680	0.00207	0.00607	0.05167	0.03697	0.00869
35	0.01236	0.01178	0.02032	0.72064	0.04396	0.01446	0.05274	0.01672	0.01304	0.01672	0.01156	0.01724	0.00867	0.00641	0.00652	0.00215	0.00873	0.00584	0.00289	0.00726
36	0.01578	0.01329	0.01495	0.01221	0.05213	0.04306	0.00917	0.10424	0.04657	0.04260	0.03496	0.01547	0.01191	0.00580	0.00533	0.00127	0.00550	0.00465	0.00443	0.55667
37	0.01512	0.20281	0.27742	0.09034	0.08479	0.01766	0.01714	0.02015	0.04883	0.04924	0.01199	0.01447	0.00944	0.00709	0.00779	0.01777	0.09100	0.00495	0.00322	0.00877
38	0.00916	0.04489	0.00894	0.00849	0.00953	0.00677	0.00608	0.01032	0.01246	0.01645	0.05419	0.34350	0.14689	0.12011	0.03910	0.05465	0.00487	0.05848	0.03989	0.00522
39	0.81856	0.01250	0.00950	0.00850	0.01250	0.01449	0.00700	0.01899	0.01100	0.02899	0.00900	0.01050	0.00700	0.00600	0.00400	0.00200	0.00500	0.00350	0.00400	0.00700

[dist]
# distance from previous block
# <min> <max>
0	4

[block]
# block no. 9 follows, 34 sequences, length 13
# corresponding to MSA columns:
# 256-268
name=unknown_J
#
# <colnr> <probs for GDERKNQSTAVLIFYWHMCP>
#	G	D	E	R	K	N	Q	S	T	A	V	L	I	F	Y	W	H	M	C	P
0	0.01617	0.01510	0.02445	0.06631	0.57805	0.01552	0.01829	0.06615	0.01537	0.02193	0.01212	0.01578	0.01009	0.00617	0.00713	0.00193	0.04855	0.00565	0.00342	0.05183
1	0.01122	0.00561	0.00842	0.00842	0.00842	0.00561	0.00561	0.00842	0.00842	0.01122	0.01122	0.01964	0.01122	0.02245	0.02525	0.81201	0.00561	0.00561	0.00281	0.00281
2	0.00895	0.00795	0.01104	0.00979	0.01233	0.00702	0.09389	0.01129	0.01506	0.01878	0.11959	0.08252	0.49723	0.01495	0.00775	0.00224	0.00443	0.06345	0.00576	0.00596
3	0.81856	0.01250	0.00950	0.00850	0.01250	0.01449	0.00700	0.01899	0.01100	0.02899	0.00900	0.01050	0.00700	0.00600	0.00400	0.00200	0.00500	0.00350	0.00400	0.00700
4	0.06659	0.04630	0.01579	0.01178	0.01645	0.01283	0.00973	0.15101	0.09175	0.43101	0.02195	0.02005	0.01470	0.00779	0.00615	0.00195	0.00564	0.00614	0.05206	0.01031
5	0.01313	0.00750	0.00966	0.00867	0.01098	0.00670	0.00666	0.01579	0.01761	0.17624	0.46081	0.07308	0.14204	0.01281	0.00741	0.00207	0.00363	0.01111	0.00711	0.00702
6	0.06294	0.18777	0.01865	0.01134	0.01577	0.01539	0.00969	0.15519	0.05754	0.24297	0.01801	0.01803	0.01308	0.00976	0.05119	0.00232	0.00655	0.00553	0.08899	0.00928
7	0.01068	0.00782	0.00897	0.00883	0.01042	0.00775	0.00640	0.07937	0.05582	0.02072	0.11996	0.22891	0.17305	0.13936	0.01162	0.00292	0.00443	0.04162	0.05525	0.00609
8	0.07512	0.06404	0.04096	0.01439	0.01843	0.28950	0.01159	0.10980	0.26477	0.02374	0.01629	0.01639	0.01254	0.00740	0.00595	0.00190	0.00803	0.00540	0.00483	0.00895
9	0.04952	0.39285	0.24441	0.01742	0.10933	0.02025	0.04677	0.01979	0.01348	0.01834	0.01034	0.01237	0.00851	0.00576	0.00517	0.00171	0.00789	0.00432	0.00288	0.00888
10	0.01684	0.70152	0.10532	0.01180	0.01774	0.02450	0.01235	0.01946	0.01318	0.01573	0.00925	0.01070	0.00828	0.00559	0.00435	0.00145	0.00718	0.00359	0.00276	0.00842
11	0.01083	0.00574	0.00855	0.00864	0.00877	0.00582	0.00587	0.00875	0.00885	0.01190	0.01330	0.06625	0.01362	0.02476	0.09207	0.68688	0.00660	0.00652	0.00306	0.00323
12	0.00840	0.00614	0.00799	0.00912	0.01001	0.00573	0.00664	0.01009	0.01364	0.01799	0.10418	0.49548	0.12678	0.01870	0.00823	0.00258	0.00400	0.13273	0.00609	0.00547

[dist]
# distance from previous block
# <min> <max>
4	5

[block]
# block no. 10 follows, 34 sequences, length 19
# corresponding to MSA columns:
# 275-293
name=unknown_K
#
# <colnr> <probs for GDERKNQSTAVLIFYWHMCP>
#	G	D	E	R	K	N	Q	S	T	A	V	L	I	F	Y	W	H	M	C	P
0	0.81856	0.01250	0.00950	0.00850	0.01250	0.01449	0.00700	0.01899	0.01100	0.02899	0.00900	0.01050	0.00700	0.00600	0.00400	0.00200	0.00500	0.00350	0.00400	0.00700
1	0.01365	0.01171	0.01351	0.00990	0.01545	0.00931	0.00790	0.01796	0.07957	0.02161	0.01287	0.01440	0.01052	0.00516	0.00495	0.00107	0.00482	0.00415	0.00408	0.73740
2	0.04462	0.01327	0.02040	0.34034	0.26517	0.03095	0.01665	0.06100	0.01435	0.01984	0.01232	0.01704	0.00995	0.01041	0.07731	0.00285	0.02619	0.00574	0.00331	0.00829
3	0.01030	0.00692	0.00885	0.00907	0.01053	0.00614	0.00629	0.01167	0.01267	0.06695	0.02992	0.53733	0.03418	0.08750	0.00992	0.00267	0.00426	0.01456	0.00562	0.12465
4	0.09927	0.01590	0.01743	0.01348	0.01850	0.01703	0.01113	0.48585	0.02577	0.20463	0.01727	0.01658	0.01180	0.00765	0.00624	0.00196	0.00653	0.00576	0.00660	0.01062
5	0.00802	0.00589	0.00755	0.00878	0.00952	0.00543	0.00610	0.00937	0.01302	0.01704	0.05766	0.60554	0.14448	0.01935	0.00818	0.00256	0.00379	0.05636	0.00602	0.00534
6	0.01091	0.00575	0.00830	0.00830	0.00834	0.00579	0.00547	0.00866	0.00862	0.01153	0.01268	0.02293	0.01307	0.12561	0.05133	0.67442	0.00611	0.00617	0.00298	0.00306
7	0.01385	0.01372	0.01925	0.01658	0.01665	0.01911	0.01379	0.01532	0.00992	0.01552	0.00899	0.01479	0.00893	0.01346	0.06327	0.00327	0.71800	0.00573	0.00286	0.00699
8	0.00874	0.00644	0.00811	0.00911	0.01013	0.00619	0.00659	0.01111	0.04620	0.01787	0.05245	0.47998	0.14175	0.01920	0.03248	0.00279	0.00442	0.09773	0.03306	0.00566
9	0.08330	0.01192	0.01829	0.59948	0.06090	0.01456	0.01632	0.01850	0.07902	0.01873	0.01267	0.01724	0.00956	0.00661	0.00625	0.00214	0.00794	0.00569	0.00333	0.00754
10	0.02042	0.01541	0.01852	0.01471	0.01919	0.01674	0.07605	0.34001	0.23800	0.08653	0.01968	0.02061	0.01477	0.05902	0.00838	0.00233	0.00667	0.00673	0.00615	0.01007
11	0.00901	0.00643	0.00880	0.01030	0.01117	0.00623	0.00797	0.01096	0.01349	0.01777	0.03499	0.45739	0.04025	0.01917	0.00855	0.00278	0.00473	0.31847	0.00598	0.00556
12	0.01730	0.15011	0.32304	0.05053	0.02437	0.16426	0.05543	0.04551	0.03877	0.05493	0.01223	0.01390	0.00920	0.00635	0.00589	0.00187	0.00914	0.00484	0.00341	0.00892
13	0.01575	0.01120	0.01185	0.01075	0.01343	0.08173	0.00841	0.07963	0.05735	0.12412	0.10015	0.10689	0.03748	0.01519	0.09226	0.00298	0.00677	0.06563	0.11451	0.04392
14	0.01826	0.01267	0.01507	0.08204	0.01899	0.01356	0.01069	0.13381	0.27598	0.15317	0.07341	0.02621	0.02020	0.00896	0.00666	0.00208	0.00571	0.05467	0.00628	0.06160
15	0.01586	0.01415	0.05149	0.05786	0.01928	0.01479	0.04326	0.07959	0.44393	0.04269	0.02381	0.02696	0.01887	0.00909	0.00673	0.00221	0.00596	0.07376	0.04026	0.00942
16	0.01343	0.13260	0.01417	0.00920	0.01259	0.01055	0.00756	0.05367	0.01683	0.08690	0.29360	0.03552	0.15541	0.01057	0.00650	0.00179	0.00440	0.00881	0.00580	0.12010
17	0.00938	0.00633	0.00737	0.00737	0.00748	0.00644	0.00432	0.00960	0.00949	0.01277	0.02006	0.04066	0.02278	0.70318	0.10166	0.00666	0.00733	0.00916	0.00387	0.00409
18	0.05315	0.21863	0.09592	0.01277	0.01796	0.05800	0.02609	0.04937	0.04923	0.04694	0.01182	0.01348	0.00961	0.00635	0.00660	0.00161	0.07724	0.00444	0.00371	0.23708

[dist]
# distance from previous block
# <min> <max>
3	7

[block]
# block no. 11 follows, 34 sequences, length 13
# corresponding to MSA columns:
# 301-309,311-314
name=unknown_L
#
# <colnr> <probs for GDERKNQSTAVLIFYWHMCP>
#	G	D	E	R	K	N	Q	S	T	A	V	L	I	F	Y	W	H	M	C	P
0	0.44843	0.01302	0.04997	0.15105	0.08545	0.01350	0.01089	0.01764	0.01228	0.02412	0.01555	0.01762	0.07934	0.00706	0.00517	0.00201	0.00597	0.00520	0.00384	0.03187
1	0.00811	0.00646	0.00707	0.00709	0.00879	0.00564	0.00512	0.00981	0.01469	0.01849	0.18403	0.11380	0.47892	0.09100	0.01018	0.00259	0.00356	0.01322	0.00600	0.00541
2	0.01414	0.01414	0.01979	0.01696	0.01696	0.01979	0.01414	0.01555	0.00990	0.01555	0.00848	0.01414	0.00848	0.01131	0.02120	0.00283	0.76110	0.00565	0.00283	0.00707
3	0.01047	0.00724	0.00901	0.00835	0.01016	0.00674	0.00626	0.04231	0.01779	0.05636	0.52995	0.07077	0.13911	0.04638	0.00864	0.00225	0.00352	0.01157	0.00681	0.00632
4	0.05379	0.01110	0.01269	0.01069	0.01425	0.01141	0.00851	0.12695	0.15465	0.23796	0.06361	0.05536	0.01947	0.00876	0.00611	0.00195	0.00488	0.00714	0.18165	0.00906
5	0.14051	0.12721	0.15876	0.01773	0.13788	0.10619	0.01417	0.04245	0.04443	0.02089	0.01342	0.01893	0.01177	0.05054	0.00756	0.00220	0.02282	0.05060	0.00365	0.00830
6	0.00866	0.00625	0.00724	0.00763	0.00836	0.00589	0.00500	0.00957	0.01195	0.01545	0.06344	0.21267	0.20045	0.35652	0.01916	0.00414	0.00483	0.04291	0.00511	0.00477
7	0.01082	0.00919	0.01381	0.01206	0.01364	0.01030	0.07753	0.01327	0.01305	0.01874	0.18265	0.03155	0.08158	0.06970	0.21452	0.00474	0.15717	0.00847	0.05093	0.00626
8	0.09497	0.32493	0.31778	0.01541	0.04183	0.04109	0.04387	0.02003	0.01341	0.01911	0.01033	0.01219	0.00824	0.00586	0.00519	0.00177	0.00812	0.00425	0.00292	0.00872
9	0.09572	0.43179	0.24525	0.01337	0.01984	0.06295	0.01464	0.02002	0.01337	0.01820	0.00984	0.01145	0.00813	0.00583	0.00483	0.00166	0.00780	0.00390	0.00291	0.00850
10	0.01639	0.01437	0.01757	0.27714	0.11695	0.10873	0.01407	0.11593	0.01676	0.05232	0.01615	0.04582	0.01373	0.00817	0.00647	0.00205	0.00766	0.06557	0.07612	0.00804
