[name]
unknown

[dist]
# distance from previous block
# <min> <max>
0	152

[block]
# block no. 0 follows, 24 sequences, length 10
# corresponding to MSA columns:
# 205-214
name=unknown_A
#
# <colnr> <probs for GDERKNQSTAVLIFYWHMCP>
#	G	D	E	R	K	N	Q	S	T	A	V	L	I	F	Y	W	H	M	C	P
0	0.02495	0.01830	0.02050	0.01716	0.02215	0.01996	0.01439	0.45718	0.03159	0.04212	0.02591	0.04011	0.02311	0.01323	0.00884	0.00276	0.00830	0.19008	0.00774	0.01164
1	0.02560	0.01978	0.02379	0.22294	0.03358	0.02250	0.01715	0.45833	0.03087	0.04108	0.01756	0.01967	0.01261	0.00904	0.00793	0.00246	0.00928	0.00711	0.00661	0.01209
2	0.01074	0.00836	0.01133	0.01133	0.01313	0.00895	0.00875	0.01333	0.01434	0.01931	0.03892	0.04467	0.21398	0.04769	0.48624	0.00973	0.01609	0.01096	0.00518	0.00696
3	0.02073	0.51444	0.03875	0.02407	0.21532	0.02763	0.01679	0.02392	0.01669	0.02083	0.01219	0.01479	0.01089	0.00687	0.00591	0.00189	0.00876	0.00509	0.00355	0.01089
4	0.02495	0.01830	0.02050	0.01716	0.02215	0.01996	0.01439	0.45718	0.03159	0.04212	0.02591	0.04011	0.02311	0.01323	0.00884	0.00276	0.00830	0.19008	0.00774	0.01164
5	0.02077	0.67063	0.09325	0.01430	0.02148	0.03033	0.01484	0.02386	0.01616	0.01918	0.01128	0.01305	0.01017	0.00684	0.00529	0.00176	0.00874	0.00437	0.00339	0.01030
6	0.13141	0.01012	0.01184	0.01088	0.01356	0.01084	0.03306	0.02012	0.04628	0.05115	0.02259	0.02770	0.01852	0.04400	0.16949	0.00481	0.00899	0.00749	0.34912	0.00802
7	0.01673	0.15525	0.52324	0.01997	0.03014	0.01983	0.02492	0.02440	0.01663	0.02433	0.01452	0.01698	0.01080	0.00753	0.00697	0.00232	0.01059	0.00569	0.05799	0.01115
8	0.16473	0.01501	0.04611	0.01261	0.01656	0.07590	0.01038	0.02354	0.01965	0.17228	0.26095	0.03442	0.03633	0.01274	0.00945	0.05741	0.00648	0.00919	0.00716	0.00910
9	0.09974	0.10178	0.28335	0.01972	0.02841	0.01877	0.11274	0.05463	0.01786	0.05852	0.01486	0.01716	0.01109	0.00727	0.00706	0.00223	0.00977	0.00603	0.00435	0.12467

[dist]
# distance from previous block
# <min> <max>
1	32

[block]
# block no. 1 follows, 24 sequences, length 16
# corresponding to MSA columns:
# 248-263
name=unknown_B
#
# <colnr> <probs for GDERKNQSTAVLIFYWHMCP>
#	G	D	E	R	K	N	Q	S	T	A	V	L	I	F	Y	W	H	M	C	P
0	0.11310	0.01948	0.06385	0.05209	0.02733	0.02022	0.14945	0.11005	0.12884	0.08068	0.01860	0.02088	0.01401	0.00948	0.01111	0.00273	0.13397	0.00753	0.00563	0.01096
1	0.01785	0.01884	0.03259	0.02547	0.02843	0.02273	0.24816	0.02141	0.01457	0.02141	0.01249	0.01884	0.01101	0.01123	0.01988	0.00318	0.45101	0.00783	0.00367	0.00942
2	0.02084	0.07454	0.06763	0.02540	0.03305	0.01958	0.36435	0.10106	0.02061	0.06616	0.01656	0.01986	0.01238	0.00715	0.00821	0.00233	0.01092	0.00780	0.00485	0.11670
3	0.08272	0.24992	0.09576	0.02301	0.03033	0.08566	0.27665	0.02526	0.01763	0.02349	0.01351	0.01684	0.01081	0.00699	0.00726	0.00227	0.01115	0.00660	0.00383	0.01031
4	0.01416	0.01252	0.02118	0.02152	0.14254	0.01189	0.12438	0.01861	0.02095	0.02954	0.42708	0.04494	0.05176	0.01277	0.00907	0.00250	0.00654	0.01207	0.00697	0.00902
5	0.02520	0.02060	0.02872	0.02594	0.14269	0.02171	0.13549	0.38026	0.02912	0.03982	0.01813	0.02020	0.01344	0.00853	0.00805	0.00240	0.00944	0.00756	0.05026	0.01244
6	0.01611	0.01606	0.02825	0.45328	0.04607	0.01927	0.13918	0.02103	0.01574	0.02103	0.01381	0.02051	0.01082	0.00876	0.01144	0.00280	0.13565	0.00747	0.00361	0.00914
7	0.15598	0.01949	0.02271	0.01880	0.02399	0.08178	0.13189	0.03461	0.36183	0.03084	0.02353	0.02362	0.01780	0.00914	0.00766	0.00258	0.00835	0.00785	0.00636	0.01118
8	0.02537	0.01726	0.01935	0.01581	0.02082	0.01868	0.01268	0.29129	0.20405	0.13616	0.08462	0.02720	0.02311	0.01157	0.00944	0.04682	0.00718	0.00843	0.00807	0.01209
9	0.03118	0.02056	0.02277	0.01746	0.02377	0.02213	0.01442	0.53013	0.03451	0.16917	0.02137	0.02055	0.01465	0.00958	0.00794	0.00239	0.00835	0.00730	0.00829	0.01349
10	0.02366	0.38813	0.11288	0.01721	0.02360	0.27255	0.01615	0.02683	0.01854	0.01973	0.01187	0.01380	0.01017	0.00739	0.00615	0.00192	0.01102	0.00476	0.00364	0.01000
11	0.01969	0.01770	0.02319	0.02814	0.26085	0.01940	0.01690	0.03557	0.42164	0.03049	0.02587	0.02591	0.01991	0.00940	0.00799	0.00257	0.00744	0.00826	0.00654	0.01255
12	0.00966	0.00690	0.00920	0.01104	0.01150	0.00644	0.00736	0.01104	0.01518	0.02024	0.04371	0.71614	0.05245	0.02484	0.01012	0.00322	0.00460	0.02254	0.00736	0.00644
13	0.17276	0.01351	0.01693	0.01592	0.07851	0.01301	0.01149	0.02629	0.01744	0.24805	0.02077	0.02242	0.01541	0.01780	0.13654	0.00417	0.00947	0.00667	0.00632	0.14651
14	0.02909	0.07923	0.02050	0.01423	0.01975	0.01314	0.04092	0.03240	0.02185	0.46975	0.14252	0.03117	0.02826	0.01053	0.00802	0.00240	0.00668	0.00883	0.00875	0.01198
15	0.01556	0.03109	0.43808	0.27331	0.04181	0.01812	0.02661	0.02332	0.01642	0.02332	0.01418	0.01836	0.01024	0.00768	0.00768	0.00256	0.01130	0.00630	0.00341	0.01065

[dist]
# distance from previous block
# <min> <max>
3	46

[block]
# block no. 2 follows, 24 sequences, length 22
# corresponding to MSA columns:
# 310-327,330-333
name=unknown_C
#
# <colnr> <probs for GDERKNQSTAVLIFYWHMCP>
#	G	D	E	R	K	N	Q	S	T	A	V	L	I	F	Y	W	H	M	C	P
0	0.01048	0.00753	0.00993	0.01049	0.01168	0.00698	0.00742	0.01309	0.01897	0.02628	0.36944	0.37321	0.06413	0.02034	0.00972	0.00284	0.00415	0.01826	0.00808	0.00698
1	0.01590	0.04102	0.68023	0.02260	0.03432	0.01842	0.02930	0.02511	0.01674	0.02511	0.01423	0.01674	0.01005	0.00753	0.00753	0.00251	0.01172	0.00586	0.00335	0.01172
2	0.01153	0.00769	0.00865	0.00865	0.00865	0.00769	0.00480	0.01153	0.01153	0.01538	0.02499	0.05189	0.02883	0.72131	0.04036	0.00769	0.00769	0.01153	0.00480	0.00480
3	0.17736	0.01453	0.01753	0.01372	0.01964	0.01384	0.01133	0.08283	0.02207	0.50558	0.02645	0.02367	0.01704	0.00932	0.00738	0.00245	0.00678	0.00720	0.00873	0.01255
4	0.01117	0.00900	0.01400	0.01582	0.06671	0.00851	0.05879	0.01324	0.01569	0.02110	0.03922	0.60568	0.04607	0.02199	0.00988	0.00311	0.00568	0.02027	0.00682	0.00727
5	0.01926	0.01847	0.03153	0.10012	0.62326	0.01874	0.02415	0.02402	0.01788	0.02546	0.01485	0.01975	0.01240	0.00713	0.00786	0.00238	0.00951	0.00706	0.00389	0.01227
6	0.00966	0.00690	0.00920	0.01104	0.01150	0.00644	0.00736	0.01104	0.01518	0.02024	0.04371	0.71614	0.05245	0.02484	0.01012	0.00322	0.00460	0.02254	0.00736	0.00644
7	0.77733	0.01534	0.01166	0.01043	0.01534	0.01779	0.00859	0.02331	0.01350	0.03558	0.01104	0.01288	0.00859	0.00736	0.00491	0.00245	0.00613	0.00429	0.00491	0.00859
8	0.01133	0.00850	0.01274	0.01274	0.01416	0.00991	0.00991	0.01416	0.01274	0.01841	0.02124	0.03115	0.01982	0.05947	0.68989	0.01274	0.02124	0.00850	0.00425	0.00708
9	0.02264	0.01849	0.01957	0.01673	0.02173	0.02109	0.01326	0.21119	0.48372	0.03788	0.02857	0.02663	0.02120	0.01041	0.00803	0.00260	0.00696	0.00845	0.00803	0.01281
10	0.01590	0.04102	0.68023	0.02260	0.03432	0.01842	0.02930	0.02511	0.01674	0.02511	0.01423	0.01674	0.01005	0.00753	0.00753	0.00251	0.01172	0.00586	0.00335	0.01172
11	0.01781	0.01639	0.02799	0.36318	0.14205	0.01793	0.11918	0.04488	0.01758	0.04767	0.01520	0.02057	0.01164	0.00780	0.00869	0.00250	0.03760	0.00727	0.00415	0.06993
12	0.01534	0.01275	0.01744	0.01591	0.01763	0.01451	0.04848	0.11459	0.01815	0.02498	0.02998	0.39287	0.03355	0.01865	0.01364	0.00312	0.17827	0.01549	0.00630	0.00836
13	0.01093	0.00809	0.01019	0.00967	0.01167	0.00736	0.00725	0.01440	0.02175	0.03015	0.57440	0.06195	0.16911	0.01683	0.00936	0.00252	0.00378	0.01472	0.00851	0.00736
14	0.01747	0.01900	0.03835	0.08225	0.03677	0.01943	0.44311	0.02283	0.01716	0.02357	0.01724	0.07723	0.01495	0.00940	0.01195	0.00284	0.12255	0.00986	0.00416	0.00988
15	0.02862	0.01496	0.02017	0.01582	0.02144	0.01438	0.06067	0.10276	0.11308	0.39323	0.07888	0.03030	0.04720	0.01054	0.00825	0.00251	0.00709	0.00893	0.00874	0.01244
16	0.03558	0.01350	0.01840	0.01411	0.02024	0.01166	0.01166	0.03865	0.02270	0.67734	0.03128	0.02699	0.01963	0.00981	0.00797	0.00245	0.00675	0.00797	0.00981	0.01350
17	0.00966	0.00690	0.00920	0.01104	0.01150	0.00644	0.00736	0.01104	0.01518	0.02024	0.04371	0.71614	0.05245	0.02484	0.01012	0.00322	0.00460	0.02254	0.00736	0.00644
18	0.01916	0.01998	0.07628	0.07973	0.08212	0.01960	0.24036	0.06313	0.11998	0.04837	0.01930	0.04902	0.01547	0.00943	0.01084	0.00274	0.09982	0.00873	0.00505	0.01089
19	0.01801	0.01719	0.02927	0.27559	0.45755	0.01842	0.02353	0.02292	0.01729	0.02395	0.01463	0.02015	0.01187	0.00736	0.00788	0.00245	0.00982	0.00706	0.00379	0.01126
20	0.00966	0.00690	0.00920	0.01104	0.01150	0.00644	0.00736	0.01104	0.01518	0.02024	0.04371	0.71614	0.05245	0.02484	0.01012	0.00322	0.00460	0.02254	0.00736	0.00644
21	0.67302	0.01470	0.01186	0.01047	0.01527	0.01656	0.00855	0.02247	0.01436	0.03471	0.06222	0.01669	0.01392	0.00796	0.00531	0.00238	0.00593	0.00510	0.00519	0.05333

[dist]
# distance from previous block
# <min> <max>
0	1

[block]
# block no. 3 follows, 24 sequences, length 20
# corresponding to MSA columns:
# 335-354
name=unknown_D
#
# <colnr> <probs for GDERKNQSTAVLIFYWHMCP>
#	G	D	E	R	K	N	Q	S	T	A	V	L	I	F	Y	W	H	M	C	P
0	0.02557	0.19880	0.13009	0.01875	0.02507	0.30909	0.01705	0.13891	0.02273	0.02561	0.01349	0.01516	0.01077	0.00798	0.00686	0.00209	0.01152	0.00538	0.00450	0.01059
1	0.01851	0.01403	0.01666	0.01200	0.01895	0.01069	0.00964	0.02199	0.01712	0.09629	0.01595	0.01758	0.01260	0.00630	0.00610	0.00131	0.00597	0.00505	0.00525	0.68800
2	0.21586	0.06045	0.08413	0.01786	0.09088	0.01637	0.01416	0.03128	0.06252	0.29846	0.02162	0.02098	0.01491	0.00856	0.00698	0.00242	0.00744	0.00659	0.00681	0.01173
3	0.01988	0.02315	0.04419	0.03203	0.03963	0.09171	0.57586	0.02607	0.01912	0.02476	0.01564	0.02063	0.01184	0.00684	0.00912	0.00261	0.01347	0.00890	0.00402	0.01053
4	0.02962	0.03779	0.02247	0.02043	0.02451	0.68948	0.01532	0.03166	0.02247	0.01941	0.01226	0.01430	0.01021	0.00817	0.00715	0.00204	0.01430	0.00511	0.00409	0.00919
5	0.01630	0.06918	0.61466	0.02287	0.03415	0.01907	0.06565	0.02507	0.01683	0.02485	0.01420	0.01685	0.01017	0.00745	0.00754	0.00249	0.01168	0.00600	0.00339	0.01159
6	0.00966	0.00690	0.00920	0.01104	0.01150	0.00644	0.00736	0.01104	0.01518	0.02024	0.04371	0.71614	0.05245	0.02484	0.01012	0.00322	0.00460	0.02254	0.00736	0.00644
7	0.00966	0.00690	0.00920	0.01104	0.01150	0.00644	0.00736	0.01104	0.01518	0.02024	0.04371	0.71614	0.05245	0.02484	0.01012	0.00322	0.00460	0.02254	0.00736	0.00644
8	0.07465	0.01359	0.01805	0.01391	0.01998	0.01198	0.01149	0.03784	0.02221	0.64354	0.03022	0.02625	0.01905	0.00969	0.00781	0.00245	0.00672	0.00778	0.00956	0.01324
9	0.01590	0.04102	0.68023	0.02260	0.03432	0.01842	0.02930	0.02511	0.01674	0.02511	0.01423	0.01674	0.01005	0.00753	0.00753	0.00251	0.01172	0.00586	0.00335	0.01172
10	0.00966	0.00690	0.00920	0.01104	0.01150	0.00644	0.00736	0.01104	0.01518	0.02024	0.04371	0.71614	0.05245	0.02484	0.01012	0.00322	0.00460	0.02254	0.00736	0.00644
11	0.00937	0.00803	0.00803	0.00803	0.01071	0.00669	0.00602	0.01138	0.01807	0.02142	0.08033	0.07632	0.66863	0.02008	0.00937	0.00268	0.00402	0.01674	0.00736	0.00669
12	0.01839	0.01758	0.02996	0.22220	0.50797	0.01852	0.02372	0.02325	0.01747	0.02441	0.01470	0.02003	0.01203	0.00729	0.00787	0.00243	0.00973	0.00706	0.00382	0.01156
13	0.01023	0.00801	0.01155	0.01215	0.01339	0.00738	0.04948	0.01204	0.01578	0.02074	0.04651	0.58885	0.12783	0.02303	0.00998	0.00312	0.00511	0.02093	0.00714	0.00676
14	0.64605	0.01540	0.01278	0.01129	0.01623	0.01759	0.00922	0.02637	0.08375	0.07801	0.01468	0.01563	0.01101	0.00789	0.00545	0.00248	0.00619	0.00504	0.00558	0.00934
15	0.03377	0.01489	0.01908	0.01479	0.02084	0.01392	0.01217	0.11905	0.06823	0.55021	0.02973	0.02612	0.01913	0.00984	0.00798	0.00246	0.00698	0.00793	0.00945	0.01343
16	0.05862	0.09598	0.03200	0.02394	0.07113	0.02177	0.21769	0.14374	0.11966	0.06109	0.01858	0.02074	0.01409	0.00853	0.00916	0.00253	0.05599	0.00771	0.00557	0.01147
17	0.06922	0.01452	0.01814	0.03918	0.04487	0.01445	0.03384	0.08906	0.11613	0.21100	0.02391	0.02419	0.01727	0.01051	0.02939	0.00257	0.00722	0.00730	0.11564	0.11159
18	0.13924	0.01659	0.02272	0.01713	0.02336	0.01584	0.14567	0.13163	0.02044	0.05505	0.02112	0.04632	0.05845	0.00871	0.00730	0.00213	0.00788	0.00763	0.00562	0.24718
19	0.04671	0.01531	0.02130	0.15870	0.06756	0.01497	0.05592	0.06616	0.01799	0.05077	0.01555	0.01906	0.01222	0.00742	0.00777	0.00197	0.04052	0.00616	0.04142	0.33254

[dist]
# distance from previous block
# <min> <max>
7	78

[block]
# block no. 4 follows, 24 sequences, length 59
# corresponding to MSA columns:
# 435-453,485-524
name=unknown_E
#
# <colnr> <probs for GDERKNQSTAVLIFYWHMCP>
#	G	D	E	R	K	N	Q	S	T	A	V	L	I	F	Y	W	H	M	C	P
0	0.15688	0.04187	0.04359	0.01629	0.02154	0.01694	0.09652	0.11768	0.11321	0.11274	0.04966	0.07876	0.04431	0.01062	0.00766	0.00252	0.00746	0.00899	0.04215	0.01061
1	0.08187	0.08048	0.07359	0.04008	0.02159	0.01643	0.03582	0.10469	0.08461	0.10440	0.05117	0.05348	0.07274	0.03559	0.00862	0.00249	0.00734	0.00840	0.00626	0.11034
2	0.05076	0.10519	0.09780	0.01613	0.02128	0.08297	0.03800	0.16172	0.06515	0.03003	0.05132	0.11029	0.02150	0.01330	0.03943	0.00287	0.00893	0.00893	0.06422	0.01016
3	0.08590	0.07362	0.09875	0.04810	0.02450	0.02008	0.01513	0.24726	0.09766	0.09423	0.01903	0.01951	0.01388	0.00856	0.00720	0.00226	0.00813	0.00653	0.00640	0.10328
4	0.08261	0.01761	0.04649	0.01659	0.02208	0.01750	0.06802	0.18271	0.16178	0.05536	0.02267	0.04996	0.01826	0.01195	0.03689	0.00283	0.00819	0.02930	0.03810	0.11110
5	0.16966	0.04127	0.02109	0.18752	0.02889	0.01897	0.04365	0.19107	0.02178	0.05911	0.04146	0.02089	0.01464	0.00890	0.00792	0.00246	0.03722	0.00688	0.06642	0.01019
6	0.00966	0.00690	0.00920	0.01104	0.01150	0.00644	0.00736	0.01104	0.01518	0.02024	0.04371	0.71614	0.05245	0.02484	0.01012	0.00322	0.00460	0.02254	0.00736	0.00644
7	0.01498	0.01409	0.02378	0.70226	0.05462	0.01762	0.02202	0.02026	0.01586	0.02026	0.01409	0.02114	0.01057	0.00793	0.00793	0.00264	0.01057	0.00705	0.00352	0.00881
8	0.01787	0.01497	0.01819	0.01369	0.01943	0.01358	0.01110	0.04543	0.01676	0.05025	0.01429	0.01710	0.01188	0.00757	0.00957	0.00167	0.12904	0.00531	0.00480	0.57749
9	0.01020	0.00807	0.00917	0.00890	0.01122	0.00704	0.00667	0.01297	0.02002	0.02604	0.34161	0.06872	0.40447	0.01836	0.00936	0.00260	0.00389	0.01567	0.00797	0.00704
10	0.01122	0.00811	0.01060	0.00998	0.01185	0.00748	0.00748	0.01496	0.02245	0.03180	0.66766	0.05923	0.07482	0.01621	0.00935	0.00249	0.00374	0.01434	0.00873	0.00748
11	0.00954	0.00804	0.00826	0.00820	0.01081	0.00676	0.00615	0.01170	0.01846	0.02234	0.13218	0.07481	0.61621	0.01974	0.00937	0.00266	0.00399	0.01652	0.00748	0.00676
12	0.02120	0.72609	0.04155	0.01357	0.02035	0.03138	0.01357	0.02374	0.01611	0.01866	0.01102	0.01272	0.01018	0.00678	0.00509	0.00170	0.00848	0.00424	0.00339	0.01018
13	0.77733	0.01534	0.01166	0.01043	0.01534	0.01779	0.00859	0.02331	0.01350	0.03558	0.01104	0.01288	0.00859	0.00736	0.00491	0.00245	0.00613	0.00429	0.00491	0.00859
14	0.03014	0.02221	0.02380	0.01825	0.02459	0.02459	0.01507	0.64541	0.03728	0.04998	0.01904	0.01904	0.01349	0.00952	0.00793	0.00238	0.00873	0.00714	0.00793	0.01349
15	0.02962	0.03779	0.02247	0.02043	0.02451	0.68948	0.01532	0.03166	0.02247	0.01941	0.01226	0.01430	0.01021	0.00817	0.00715	0.00204	0.01430	0.00511	0.00409	0.00919
16	0.01122	0.00811	0.01060	0.00998	0.01185	0.00748	0.00748	0.01496	0.02245	0.03180	0.66766	0.05923	0.07482	0.01621	0.00935	0.00249	0.00374	0.01434	0.00873	0.00748
17	0.03558	0.01350	0.01840	0.01411	0.02024	0.01166	0.01166	0.03865	0.02270	0.67734	0.03128	0.02699	0.01963	0.00981	0.00797	0.00245	0.00675	0.00797	0.00981	0.01350
18	0.01238	0.00884	0.01232	0.01414	0.01579	0.00878	0.01208	0.01573	0.01786	0.02328	0.04221	0.17024	0.04652	0.02228	0.01085	0.00360	0.00695	0.54165	0.00731	0.00719
19	0.09271	0.02164	0.02278	0.01759	0.02382	0.02402	0.01453	0.59332	0.03529	0.04877	0.01837	0.01852	0.01308	0.00934	0.00768	0.00239	0.00851	0.00690	0.00768	0.01308
20	0.01735	0.01735	0.02429	0.02082	0.02082	0.02429	0.01735	0.01908	0.01214	0.01908	0.01041	0.01735	0.01041	0.01388	0.02602	0.00347	0.70680	0.00694	0.00347	0.00867
21	0.77733	0.01534	0.01166	0.01043	0.01534	0.01779	0.00859	0.02331	0.01350	0.03558	0.01104	0.01288	0.00859	0.00736	0.00491	0.00245	0.00613	0.00429	0.00491	0.00859
22	0.02962	0.03779	0.02247	0.02043	0.02451	0.68948	0.01532	0.03166	0.02247	0.01941	0.01226	0.01430	0.01021	0.00817	0.00715	0.00204	0.01430	0.00511	0.00409	0.00919
23	0.02126	0.02194	0.03060	0.04406	0.56609	0.12840	0.02286	0.02553	0.01878	0.02484	0.01448	0.01876	0.01218	0.00725	0.00774	0.00230	0.01022	0.00675	0.00395	0.01201
24	0.01563	0.03594	0.56564	0.02094	0.03107	0.01736	0.02591	0.02511	0.06318	0.02571	0.04523	0.05913	0.01625	0.00912	0.00780	0.00256	0.01058	0.00739	0.00415	0.01130
25	0.01068	0.00836	0.01022	0.04148	0.01340	0.00765	0.00759	0.01382	0.02044	0.02724	0.40955	0.06408	0.30200	0.01733	0.00929	0.00257	0.00417	0.01493	0.00796	0.00724
26	0.01152	0.00773	0.00884	0.00884	0.00891	0.00779	0.00504	0.01165	0.01159	0.01552	0.02481	0.05092	0.02841	0.69039	0.07071	0.00792	0.00832	0.01139	0.00478	0.00491
27	0.03014	0.02221	0.02380	0.01825	0.02459	0.02459	0.01507	0.64541	0.03728	0.04998	0.01904	0.01904	0.01349	0.00952	0.00793	0.00238	0.00873	0.00714	0.00793	0.01349
28	0.01478	0.00739	0.00739	0.00739	0.00924	0.00739	0.00554	0.01848	0.01663	0.02956	0.02587	0.02956	0.02033	0.00924	0.00554	0.00185	0.00370	0.00739	0.76534	0.00739
29	0.01498	0.01409	0.02378	0.70226	0.05462	0.01762	0.02202	0.02026	0.01586	0.02026	0.01409	0.02114	0.01057	0.00793	0.00793	0.00264	0.01057	0.00705	0.00352	0.00881
30	0.77733	0.01534	0.01166	0.01043	0.01534	0.01779	0.00859	0.02331	0.01350	0.03558	0.01104	0.01288	0.00859	0.00736	0.00491	0.00245	0.00613	0.00429	0.00491	0.00859
31	0.00939	0.00798	0.00809	0.00817	0.01075	0.00668	0.00609	0.01136	0.01794	0.02137	0.07863	0.10599	0.64005	0.02030	0.00941	0.00270	0.00404	0.01701	0.00736	0.00668
32	0.05386	0.01749	0.02913	0.21015	0.48699	0.01849	0.02302	0.02327	0.01729	0.02495	0.01453	0.01969	0.01188	0.00729	0.00773	0.00243	0.00955	0.00693	0.00387	0.01144
33	0.00945	0.00775	0.00833	0.00879	0.01091	0.00663	0.00636	0.01129	0.01734	0.02112	0.07108	0.23791	0.51301	0.02129	0.00956	0.00281	0.00416	0.01820	0.00736	0.00663
34	0.01542	0.00800	0.00807	0.00784	0.00987	0.00810	0.00594	0.04433	0.01748	0.03041	0.02559	0.02913	0.02004	0.00925	0.00564	0.00187	0.00390	0.00738	0.73410	0.00764
35	0.01122	0.00811	0.01060	0.00998	0.01185	0.00748	0.00748	0.01496	0.02245	0.03180	0.66766	0.05923	0.07482	0.01621	0.00935	0.00249	0.00374	0.01434	0.00873	0.00748
36	0.02082	0.67660	0.08768	0.01422	0.02136	0.03044	0.01470	0.02384	0.01616	0.01912	0.01126	0.01301	0.01017	0.00684	0.00526	0.00175	0.00871	0.00436	0.00339	0.01029
37	0.01377	0.00689	0.01033	0.01033	0.01033	0.00689	0.00689	0.01033	0.01033	0.01377	0.01377	0.02410	0.01377	0.02755	0.03099	0.76928	0.00689	0.00689	0.00344	0.00344
38	0.01153	0.00769	0.00865	0.00865	0.00865	0.00769	0.00480	0.01153	0.01153	0.01538	0.02499	0.05189	0.02883	0.72131	0.04036	0.00769	0.00769	0.01153	0.00480	0.00480
39	0.01725	0.01641	0.02789	0.38302	0.35609	0.01822	0.02315	0.02225	0.01693	0.02302	0.01450	0.02040	0.01154	0.00751	0.00789	0.00250	0.01001	0.00706	0.00372	0.01064
40	0.03152	0.01780	0.02434	0.01848	0.02481	0.06775	0.12323	0.10649	0.02368	0.43817	0.02569	0.02409	0.01684	0.00910	0.00815	0.00245	0.00873	0.00790	0.00813	0.01267
41	0.01498	0.01409	0.02378	0.70226	0.05462	0.01762	0.02202	0.02026	0.01586	0.02026	0.01409	0.02114	0.01057	0.00793	0.00793	0.00264	0.01057	0.00705	0.00352	0.00881
42	0.77733	0.01534	0.01166	0.01043	0.01534	0.01779	0.00859	0.02331	0.01350	0.03558	0.01104	0.01288	0.00859	0.00736	0.00491	0.00245	0.00613	0.00429	0.00491	0.00859
43	0.01735	0.01735	0.02429	0.02082	0.02082	0.02429	0.01735	0.01908	0.01214	0.01908	0.01041	0.01735	0.01041	0.01388	0.02602	0.00347	0.70680	0.00694	0.00347	0.00867
44	0.01876	0.01714	0.02712	0.22613	0.36660	0.01852	0.02150	0.06913	0.07133	0.02655	0.01770	0.02416	0.01460	0.00850	0.00804	0.00253	0.00933	0.03643	0.00460	0.01132
45	0.01748	0.22969	0.45536	0.01996	0.02946	0.02244	0.02406	0.02430	0.01624	0.02288	0.01306	0.01567	0.01011	0.00778	0.00819	0.00235	0.06102	0.00549	0.00337	0.01107
46	0.00946	0.00804	0.00816	0.00813	0.01077	0.00673	0.00609	0.01155	0.01828	0.02192	0.10839	0.07550	0.64026	0.01990	0.00937	0.00267	0.00400	0.01662	0.00743	0.00673
47	0.01972	0.01703	0.01793	0.01614	0.02062	0.01972	0.01255	0.04214	0.65752	0.03317	0.03228	0.02959	0.02421	0.01076	0.00807	0.00269	0.00628	0.00897	0.00807	0.01255
48	0.01436	0.00880	0.01161	0.01051	0.01293	0.00802	0.00802	0.01802	0.02248	0.11502	0.58563	0.05508	0.06771	0.01539	0.00918	0.00249	0.00413	0.01352	0.00887	0.00826
49	0.01153	0.00769	0.00865	0.00865	0.00865	0.00769	0.00480	0.01153	0.01153	0.01538	0.02499	0.05189	0.02883	0.72131	0.04036	0.00769	0.00769	0.01153	0.00480	0.00480
50	0.01122	0.00811	0.01060	0.00998	0.01185	0.00748	0.00748	0.01496	0.02245	0.03180	0.66766	0.05923	0.07482	0.01621	0.00935	0.00249	0.00374	0.01434	0.00873	0.00748
51	0.01644	0.01409	0.01644	0.01175	0.01879	0.01057	0.00940	0.01997	0.01644	0.02584	0.01409	0.01644	0.01175	0.00587	0.00587	0.00117	0.00587	0.00470	0.00470	0.76979
52	0.02027	0.02055	0.02956	0.07387	0.53132	0.10470	0.02234	0.02452	0.01840	0.02456	0.01577	0.04888	0.01388	0.00801	0.00786	0.00237	0.00990	0.00748	0.00407	0.01169
53	0.01377	0.00689	0.01033	0.01033	0.01033	0.00689	0.00689	0.01033	0.01033	0.01377	0.01377	0.02410	0.01377	0.02755	0.03099	0.76928	0.00689	0.00689	0.00344	0.00344
54	0.01498	0.01409	0.02378	0.70226	0.05462	0.01762	0.02202	0.02026	0.01586	0.02026	0.01409	0.02114	0.01057	0.00793	0.00793	0.00264	0.01057	0.00705	0.00352	0.00881
55	0.01963	0.01884	0.03219	0.04867	0.67185	0.01884	0.02434	0.02434	0.01806	0.02591	0.01492	0.01963	0.01256	0.00707	0.00785	0.00236	0.00942	0.00707	0.00393	0.01256
56	0.01590	0.04102	0.68023	0.02260	0.03432	0.01842	0.02930	0.02511	0.01674	0.02511	0.01423	0.01674	0.01005	0.00753	0.00753	0.00251	0.01172	0.00586	0.00335	0.01172
57	0.03089	0.01434	0.01829	0.01468	0.02012	0.01358	0.01201	0.13514	0.04958	0.46418	0.03082	0.07911	0.02265	0.01157	0.00830	0.00257	0.00693	0.04353	0.00912	0.01260
58	0.03014	0.01956	0.02195	0.01675	0.02312	0.02048	0.01381	0.45562	0.03221	0.18713	0.02132	0.02058	0.01470	0.00926	0.00776	0.00229	0.00804	0.00711	0.00807	0.08008

[dist]
# distance from previous block
# <min> <max>
0	2

[block]
# block no. 5 follows, 24 sequences, length 25
# corresponding to MSA columns:
# 527-551
name=unknown_F
#
# <colnr> <probs for GDERKNQSTAVLIFYWHMCP>
#	G	D	E	R	K	N	Q	S	T	A	V	L	I	F	Y	W	H	M	C	P
0	0.02173	0.49411	0.06805	0.01531	0.02135	0.15811	0.01440	0.02455	0.01710	0.01911	0.01231	0.01482	0.01101	0.01163	0.06451	0.00276	0.01089	0.00486	0.00360	0.00980
1	0.02782	0.03482	0.02270	0.05539	0.02574	0.59785	0.01584	0.03000	0.02124	0.01942	0.01219	0.01491	0.01025	0.00865	0.00881	0.00220	0.07367	0.00536	0.00400	0.00913
2	0.01750	0.01656	0.01847	0.01410	0.02013	0.08086	0.04213	0.02080	0.01689	0.02447	0.01581	0.06325	0.01426	0.00779	0.00740	0.00158	0.03967	0.00627	0.00472	0.56736
3	0.00989	0.00805	0.00875	0.00857	0.01103	0.00691	0.00643	0.01238	0.01929	0.02430	0.24350	0.07157	0.50366	0.01901	0.00937	0.00263	0.00394	0.01607	0.00774	0.00691
4	0.02279	0.01550	0.02025	0.08914	0.11875	0.01649	0.01467	0.03464	0.29309	0.19772	0.06918	0.02854	0.02325	0.01004	0.00808	0.00256	0.00713	0.00859	0.00750	0.01209
5	0.06868	0.53435	0.17578	0.01529	0.02301	0.02774	0.01660	0.02401	0.01608	0.02112	0.01171	0.01359	0.01005	0.00698	0.00560	0.00192	0.00902	0.00459	0.00348	0.01040
6	0.06866	0.02099	0.04448	0.03191	0.03973	0.01990	0.60128	0.02526	0.01837	0.02607	0.01571	0.02083	0.01181	0.00673	0.00907	0.00266	0.01289	0.00902	0.00407	0.01056
7	0.01712	0.07435	0.60414	0.02185	0.03297	0.01948	0.02755	0.06647	0.01808	0.02645	0.01439	0.01669	0.01028	0.00763	0.00744	0.00246	0.01136	0.00586	0.00366	0.01176
8	0.00960	0.00793	0.00843	0.00855	0.01091	0.00675	0.00632	0.01173	0.01825	0.02241	0.13953	0.13993	0.54197	0.02016	0.00945	0.00271	0.00405	0.01707	0.00751	0.00675
9	0.00966	0.00690	0.00920	0.01104	0.01150	0.00644	0.00736	0.01104	0.01518	0.02024	0.04371	0.71614	0.05245	0.02484	0.01012	0.00322	0.00460	0.02254	0.00736	0.00644
10	0.32960	0.01824	0.01544	0.01376	0.01790	0.14309	0.01092	0.06522	0.01751	0.09408	0.01626	0.01932	0.01300	0.02029	0.16859	0.00482	0.01150	0.00600	0.00529	0.00916
11	0.01653	0.12125	0.60543	0.02154	0.03269	0.01993	0.02746	0.02495	0.01667	0.02436	0.01386	0.01627	0.01006	0.00745	0.00725	0.00242	0.01134	0.00567	0.00335	0.01154
12	0.00966	0.00690	0.00920	0.01104	0.01150	0.00644	0.00736	0.01104	0.01518	0.02024	0.04371	0.71614	0.05245	0.02484	0.01012	0.00322	0.00460	0.02254	0.00736	0.00644
13	0.01590	0.04102	0.68023	0.02260	0.03432	0.01842	0.02930	0.02511	0.01674	0.02511	0.01423	0.01674	0.01005	0.00753	0.00753	0.00251	0.01172	0.00586	0.00335	0.01172
14	0.01630	0.01553	0.02579	0.48087	0.19441	0.01858	0.02208	0.02109	0.01599	0.02145	0.01391	0.02040	0.01102	0.00834	0.00976	0.00266	0.08152	0.00704	0.00361	0.00967
15	0.01767	0.26870	0.46796	0.01960	0.02968	0.02272	0.02407	0.02466	0.01653	0.02297	0.01317	0.01541	0.01009	0.00728	0.00672	0.00224	0.01064	0.00532	0.00336	0.01121
16	0.01521	0.01433	0.02421	0.66917	0.08586	0.01768	0.02214	0.02047	0.01597	0.02055	0.01414	0.02106	0.01067	0.00788	0.00792	0.00263	0.01051	0.00705	0.00354	0.00900
17	0.01049	0.00799	0.01129	0.01193	0.01321	0.00752	0.03500	0.01265	0.01651	0.02203	0.11616	0.47548	0.10770	0.02424	0.04527	0.00359	0.00587	0.05901	0.00721	0.00686
18	0.00966	0.00690	0.00920	0.01104	0.01150	0.00644	0.00736	0.01104	0.01518	0.02024	0.04371	0.71614	0.05245	0.02484	0.01012	0.00322	0.00460	0.02254	0.00736	0.00644
19	0.01122	0.00811	0.01060	0.00998	0.01185	0.00748	0.00748	0.01496	0.02245	0.03180	0.66766	0.05923	0.07482	0.01621	0.00935	0.00249	0.00374	0.01434	0.00873	0.00748
20	0.01165	0.00772	0.00920	0.00920	0.00935	0.00788	0.00549	0.01174	0.01159	0.01560	0.02386	0.04787	0.02689	0.60525	0.10989	0.05720	0.00910	0.01091	0.00466	0.00496
21	0.01972	0.01703	0.01793	0.01614	0.02062	0.01972	0.01255	0.04214	0.65752	0.03317	0.03228	0.02959	0.02421	0.01076	0.00807	0.00269	0.00628	0.00897	0.00807	0.01255
22	0.01644	0.01409	0.01644	0.01175	0.01879	0.01057	0.00940	0.01997	0.01644	0.02584	0.01409	0.01644	0.01175	0.00587	0.00587	0.00117	0.00587	0.00470	0.00470	0.76979
23	0.03014	0.02221	0.02380	0.01825	0.02459	0.02459	0.01507	0.64541	0.03728	0.04998	0.01904	0.01904	0.01349	0.00952	0.00793	0.00238	0.00873	0.00714	0.00793	0.01349
24	0.01498	0.01409	0.02378	0.70226	0.05462	0.01762	0.02202	0.02026	0.01586	0.02026	0.01409	0.02114	0.01057	0.00793	0.00793	0.00264	0.01057	0.00705	0.00352	0.00881

[dist]
# distance from previous block
# <min> <max>
0	1

[block]
# block no. 6 follows, 24 sequences, length 54
# corresponding to MSA columns:
# 553-606
name=unknown_G
#
# <colnr> <probs for GDERKNQSTAVLIFYWHMCP>
#	G	D	E	R	K	N	Q	S	T	A	V	L	I	F	Y	W	H	M	C	P
0	0.01135	0.00912	0.01233	0.01298	0.01332	0.01022	0.00933	0.01274	0.01439	0.01979	0.03594	0.54128	0.04264	0.05294	0.01476	0.00347	0.15133	0.01881	0.00644	0.00684
1	0.01168	0.00836	0.01060	0.01023	0.01207	0.00795	0.00759	0.01606	0.05177	0.03045	0.52785	0.12863	0.06650	0.01647	0.00914	0.00254	0.00396	0.01455	0.05602	0.00760
2	0.52980	0.09670	0.01717	0.01249	0.01766	0.09366	0.01039	0.05629	0.01651	0.07043	0.01277	0.01416	0.00984	0.00764	0.00551	0.00232	0.00746	0.00474	0.00509	0.00936
3	0.77733	0.01534	0.01166	0.01043	0.01534	0.01779	0.00859	0.02331	0.01350	0.03558	0.01104	0.01288	0.00859	0.00736	0.00491	0.00245	0.00613	0.00429	0.00491	0.00859
4	0.01963	0.01884	0.03219	0.04867	0.67185	0.01884	0.02434	0.02434	0.01806	0.02591	0.01492	0.01963	0.01256	0.00707	0.00785	0.00236	0.00942	0.00707	0.00393	0.01256
5	0.01498	0.01409	0.02378	0.70226	0.05462	0.01762	0.02202	0.02026	0.01586	0.02026	0.01409	0.02114	0.01057	0.00793	0.00793	0.00264	0.01057	0.00705	0.00352	0.00881
6	0.01165	0.00842	0.01137	0.01265	0.01426	0.00814	0.01032	0.01475	0.01835	0.02428	0.15426	0.21194	0.09123	0.02140	0.01040	0.00330	0.00592	0.35268	0.00757	0.00712
7	0.01528	0.01084	0.01474	0.01255	0.01561	0.01040	0.04841	0.08676	0.02370	0.07458	0.49159	0.05099	0.08323	0.01461	0.00911	0.00250	0.00510	0.01291	0.00836	0.00871
8	0.01478	0.00739	0.00739	0.00739	0.00924	0.00739	0.00554	0.01848	0.01663	0.02956	0.02587	0.02956	0.02033	0.00924	0.00554	0.00185	0.00370	0.00739	0.76534	0.00739
9	0.01133	0.00850	0.01274	0.01274	0.01416	0.00991	0.00991	0.01416	0.01274	0.01841	0.02124	0.03115	0.01982	0.05947	0.68989	0.01274	0.02124	0.00850	0.00425	0.00708
10	0.02120	0.72609	0.04155	0.01357	0.02035	0.03138	0.01357	0.02374	0.01611	0.01866	0.01102	0.01272	0.01018	0.00678	0.00509	0.00170	0.00848	0.00424	0.00339	0.01018
11	0.02120	0.72609	0.04155	0.01357	0.02035	0.03138	0.01357	0.02374	0.01611	0.01866	0.01102	0.01272	0.01018	0.00678	0.00509	0.00170	0.00848	0.00424	0.00339	0.01018
12	0.01498	0.01409	0.02378	0.70226	0.05462	0.01762	0.02202	0.02026	0.01586	0.02026	0.01409	0.02114	0.01057	0.00793	0.00793	0.00264	0.01057	0.00705	0.00352	0.00881
13	0.01135	0.00841	0.01229	0.01229	0.01355	0.00967	0.00935	0.01387	0.01261	0.01807	0.02165	0.03345	0.02082	0.13270	0.61802	0.01218	0.01974	0.00883	0.00431	0.00683
14	0.00973	0.00805	0.00853	0.00841	0.01093	0.00685	0.00631	0.01208	0.01893	0.02344	0.19478	0.07299	0.55292	0.01933	0.00937	0.00264	0.00396	0.01627	0.00763	0.00685
15	0.00966	0.00690	0.00920	0.01104	0.01150	0.00644	0.00736	0.01104	0.01518	0.02024	0.04371	0.71614	0.05245	0.02484	0.01012	0.00322	0.00460	0.02254	0.00736	0.00644
16	0.01745	0.01663	0.02826	0.35381	0.38368	0.01827	0.02326	0.02243	0.01703	0.02327	0.01453	0.02033	0.01163	0.00747	0.00789	0.00249	0.00996	0.00706	0.00374	0.01081
17	0.00966	0.00690	0.00920	0.01104	0.01150	0.00644	0.00736	0.01104	0.01518	0.02024	0.04371	0.71614	0.05245	0.02484	0.01012	0.00322	0.00460	0.02254	0.00736	0.00644
18	0.03558	0.01350	0.01840	0.01411	0.02024	0.01166	0.01166	0.03865	0.02270	0.67734	0.03128	0.02699	0.01963	0.00981	0.00797	0.00245	0.00675	0.00797	0.00981	0.01350
19	0.03262	0.01332	0.01780	0.01385	0.01952	0.01181	0.01136	0.06516	0.02337	0.57579	0.10111	0.03018	0.02544	0.01051	0.00812	0.00245	0.00651	0.00864	0.00960	0.01283
20	0.01676	0.15118	0.57753	0.02115	0.03207	0.02050	0.02677	0.02489	0.01664	0.02407	0.01372	0.01610	0.01007	0.00741	0.00714	0.00238	0.01120	0.00560	0.00336	0.01147
21	0.01763	0.01804	0.03779	0.01473	0.01818	0.14793	0.01164	0.02700	0.23131	0.02689	0.14543	0.10697	0.09796	0.01409	0.00860	0.00263	0.00729	0.04938	0.00704	0.00946
22	0.17602	0.53612	0.07654	0.01351	0.02022	0.02775	0.01356	0.02374	0.01562	0.02254	0.01123	0.01301	0.00984	0.00695	0.00521	0.00190	0.00821	0.00436	0.00370	0.00995
23	0.77733	0.01534	0.01166	0.01043	0.01534	0.01779	0.00859	0.02331	0.01350	0.03558	0.01104	0.01288	0.00859	0.00736	0.00491	0.00245	0.00613	0.00429	0.00491	0.00859
24	0.00952	0.00804	0.00824	0.00819	0.01080	0.00676	0.00614	0.01168	0.01843	0.02228	0.12863	0.07491	0.61980	0.01976	0.00937	0.00266	0.00399	0.01654	0.00748	0.00676
25	0.01122	0.00811	0.01060	0.00998	0.01185	0.00748	0.00748	0.01496	0.02245	0.03180	0.66766	0.05923	0.07482	0.01621	0.00935	0.00249	0.00374	0.01434	0.00873	0.00748
26	0.01122	0.00811	0.01060	0.00998	0.01185	0.00748	0.00748	0.01496	0.02245	0.03180	0.66766	0.05923	0.07482	0.01621	0.00935	0.00249	0.00374	0.01434	0.00873	0.00748
27	0.03014	0.02221	0.02380	0.01825	0.02459	0.02459	0.01507	0.64541	0.03728	0.04998	0.01904	0.01904	0.01349	0.00952	0.00793	0.00238	0.00873	0.00714	0.00793	0.01349
28	0.02962	0.03779	0.02247	0.02043	0.02451	0.68948	0.01532	0.03166	0.02247	0.01941	0.01226	0.01430	0.01021	0.00817	0.00715	0.00204	0.01430	0.00511	0.00409	0.00919
29	0.02120	0.72609	0.04155	0.01357	0.02035	0.03138	0.01357	0.02374	0.01611	0.01866	0.01102	0.01272	0.01018	0.00678	0.00509	0.00170	0.00848	0.00424	0.00339	0.01018
30	0.02962	0.03779	0.02247	0.02043	0.02451	0.68948	0.01532	0.03166	0.02247	0.01941	0.01226	0.01430	0.01021	0.00817	0.00715	0.00204	0.01430	0.00511	0.00409	0.00919
31	0.01133	0.00850	0.01274	0.01274	0.01416	0.00991	0.00991	0.01416	0.01274	0.01841	0.02124	0.03115	0.01982	0.05947	0.68989	0.01274	0.02124	0.00850	0.00425	0.00708
32	0.01498	0.01409	0.02378	0.70226	0.05462	0.01762	0.02202	0.02026	0.01586	0.02026	0.01409	0.02114	0.01057	0.00793	0.00793	0.00264	0.01057	0.00705	0.00352	0.00881
33	0.02120	0.72609	0.04155	0.01357	0.02035	0.03138	0.01357	0.02374	0.01611	0.01866	0.01102	0.01272	0.01018	0.00678	0.00509	0.00170	0.00848	0.00424	0.00339	0.01018
34	0.00966	0.00690	0.00920	0.01104	0.01150	0.00644	0.00736	0.01104	0.01518	0.02024	0.04371	0.71614	0.05245	0.02484	0.01012	0.00322	0.00460	0.02254	0.00736	0.00644
35	0.02557	0.01112	0.01453	0.01211	0.01646	0.00975	0.00962	0.02846	0.02088	0.41223	0.10681	0.10747	0.10591	0.01323	0.00832	0.00252	0.00564	0.01116	0.06738	0.01084
36	0.01786	0.01866	0.03737	0.02749	0.03413	0.01756	0.46073	0.06267	0.01920	0.02618	0.02056	0.13254	0.01860	0.00973	0.00917	0.00265	0.01119	0.01104	0.00484	0.05782
37	0.01609	0.03975	0.63944	0.02330	0.03478	0.01852	0.06882	0.02513	0.01687	0.02513	0.01435	0.01704	0.01017	0.00748	0.00765	0.00252	0.01183	0.00608	0.00339	0.01165
38	0.02897	0.02664	0.02228	0.01830	0.02358	0.25308	0.01454	0.39311	0.03084	0.03811	0.01714	0.01808	0.01280	0.00904	0.00751	0.00223	0.01033	0.00645	0.05537	0.01161
39	0.02154	0.01739	0.01803	0.01360	0.02014	0.08711	0.01085	0.08102	0.01980	0.10848	0.01649	0.01776	0.01272	0.00695	0.00646	0.00154	0.00718	0.00538	0.00556	0.52200
40	0.01651	0.11950	0.60706	0.02157	0.03272	0.01990	0.02750	0.02496	0.01667	0.02437	0.01386	0.01628	0.01006	0.00745	0.00725	0.00242	0.01135	0.00567	0.00335	0.01154
41	0.01151	0.00777	0.00908	0.00908	0.00924	0.00792	0.00535	0.01181	0.01166	0.01570	0.02459	0.04969	0.02787	0.65092	0.10945	0.00823	0.00913	0.01121	0.00475	0.00505
42	0.01586	0.01520	0.02633	0.57017	0.14138	0.01793	0.05893	0.02114	0.01634	0.02136	0.01433	0.02094	0.01094	0.00773	0.00800	0.00260	0.01057	0.00719	0.00361	0.00945
43	0.01816	0.01735	0.02954	0.25433	0.47763	0.01846	0.02361	0.02305	0.01736	0.02413	0.01466	0.02010	0.01193	0.00734	0.00787	0.00245	0.00978	0.00706	0.00380	0.01138
44	0.01122	0.00811	0.01060	0.00998	0.01185	0.00748	0.00748	0.01496	0.02245	0.03180	0.66766	0.05923	0.07482	0.01621	0.00935	0.00249	0.00374	0.01434	0.00873	0.00748
45	0.01095	0.00809	0.01022	0.00969	0.01168	0.00737	0.00727	0.01443	0.02180	0.03026	0.58049	0.06177	0.16296	0.01679	0.00936	0.00252	0.00378	0.01470	0.00853	0.00737
46	0.01644	0.03754	0.57197	0.02533	0.07266	0.01862	0.09692	0.02510	0.01704	0.02519	0.01447	0.01743	0.01041	0.00741	0.00775	0.00252	0.01177	0.00632	0.00346	0.01166
47	0.01605	0.04004	0.64855	0.02314	0.03468	0.01850	0.05999	0.02513	0.01684	0.02513	0.01432	0.01697	0.01014	0.00749	0.00763	0.00252	0.01180	0.00603	0.00338	0.01167
48	0.01525	0.01437	0.02428	0.66376	0.09097	0.01769	0.02216	0.02050	0.01599	0.02059	0.01414	0.02105	0.01069	0.00788	0.00792	0.00263	0.01050	0.00705	0.00355	0.00903
49	0.00950	0.00784	0.00835	0.00864	0.01090	0.00668	0.00632	0.01148	0.01776	0.02167	0.09971	0.18651	0.53578	0.02074	0.00950	0.00276	0.00411	0.01764	0.00742	0.00668
50	0.00966	0.00690	0.00920	0.01104	0.01150	0.00644	0.00736	0.01104	0.01518	0.02024	0.04371	0.71614	0.05245	0.02484	0.01012	0.00322	0.00460	0.02254	0.00736	0.00644
51	0.01278	0.00913	0.01278	0.01460	0.01643	0.00913	0.01278	0.01643	0.01825	0.02373	0.04199	0.08945	0.04564	0.02191	0.01095	0.00365	0.00730	0.61847	0.00730	0.00730
52	0.01133	0.00850	0.01274	0.01274	0.01416	0.00991	0.00991	0.01416	0.01274	0.01841	0.02124	0.03115	0.01982	0.05947	0.68989	0.01274	0.02124	0.00850	0.00425	0.00708
53	0.02916	0.02172	0.02324	0.01805	0.02422	0.02413	0.01483	0.58847	0.09582	0.04839	0.02029	0.02003	0.01450	0.00964	0.00795	0.00241	0.00849	0.00731	0.00795	0.01340

[dist]
# distance from previous block
# <min> <max>
0	5

[block]
# block no. 7 follows, 24 sequences, length 22
# corresponding to MSA columns:
# 612-633
name=unknown_H
#
# <colnr> <probs for GDERKNQSTAVLIFYWHMCP>
#	G	D	E	R	K	N	Q	S	T	A	V	L	I	F	Y	W	H	M	C	P
0	0.01153	0.00769	0.00865	0.00865	0.00865	0.00769	0.00480	0.01153	0.01153	0.01538	0.02499	0.05189	0.02883	0.72131	0.04036	0.00769	0.00769	0.01153	0.00480	0.00480
1	0.01278	0.00913	0.01278	0.01460	0.01643	0.00913	0.01278	0.01643	0.01825	0.02373	0.04199	0.08945	0.04564	0.02191	0.01095	0.00365	0.00730	0.61847	0.00730	0.00730
2	0.01644	0.01409	0.01644	0.01175	0.01879	0.01057	0.00940	0.01997	0.01644	0.02584	0.01409	0.01644	0.01175	0.00587	0.00587	0.00117	0.00587	0.00470	0.00470	0.76979
3	0.01644	0.01409	0.01644	0.01175	0.01879	0.01057	0.00940	0.01997	0.01644	0.02584	0.01409	0.01644	0.01175	0.00587	0.00587	0.00117	0.00587	0.00470	0.00470	0.76979
4	0.02075	0.66799	0.09572	0.01433	0.02154	0.03028	0.01490	0.02386	0.01617	0.01920	0.01130	0.01306	0.01017	0.00685	0.00530	0.00177	0.00876	0.00438	0.00339	0.01031
5	0.02120	0.72609	0.04155	0.01357	0.02035	0.03138	0.01357	0.02374	0.01611	0.01866	0.01102	0.01272	0.01018	0.00678	0.00509	0.00170	0.00848	0.00424	0.00339	0.01018
6	0.01644	0.01409	0.01644	0.01175	0.01879	0.01057	0.00940	0.01997	0.01644	0.02584	0.01409	0.01644	0.01175	0.00587	0.00587	0.00117	0.00587	0.00470	0.00470	0.76979
7	0.00994	0.00710	0.00953	0.01136	0.01195	0.00668	0.00785	0.01153	0.01546	0.02056	0.04355	0.65930	0.05183	0.02458	0.01020	0.00326	0.00485	0.07659	0.00736	0.00652
8	0.77733	0.01534	0.01166	0.01043	0.01534	0.01779	0.00859	0.02331	0.01350	0.03558	0.01104	0.01288	0.00859	0.00736	0.00491	0.00245	0.00613	0.00429	0.00491	0.00859
9	0.01540	0.01452	0.02455	0.64298	0.11059	0.01773	0.02223	0.02063	0.01606	0.02077	0.01417	0.02100	0.01075	0.00785	0.00792	0.00262	0.01047	0.00705	0.00356	0.00915
10	0.02922	0.02075	0.02206	0.01751	0.02331	0.05602	0.01445	0.48100	0.03297	0.12414	0.02229	0.02617	0.01700	0.01061	0.00817	0.00249	0.00864	0.06258	0.00791	0.01270
11	0.77733	0.01534	0.01166	0.01043	0.01534	0.01779	0.00859	0.02331	0.01350	0.03558	0.01104	0.01288	0.00859	0.00736	0.00491	0.00245	0.00613	0.00429	0.00491	0.00859
12	0.01644	0.01409	0.01644	0.01175	0.01879	0.01057	0.00940	0.01997	0.01644	0.02584	0.01409	0.01644	0.01175	0.00587	0.00587	0.00117	0.00587	0.00470	0.00470	0.76979
13	0.02195	0.02028	0.01904	0.01690	0.02148	0.11071	0.01314	0.09188	0.51904	0.03274	0.02845	0.02662	0.02141	0.01030	0.00793	0.00258	0.00757	0.00829	0.00752	0.01218
14	0.00966	0.00690	0.00920	0.01104	0.01150	0.00644	0.00736	0.01104	0.01518	0.02024	0.04371	0.71614	0.05245	0.02484	0.01012	0.00322	0.00460	0.02254	0.00736	0.00644
15	0.02035	0.61635	0.14386	0.01502	0.02259	0.02930	0.01609	0.02396	0.01621	0.01969	0.01154	0.01336	0.01016	0.00690	0.00548	0.00183	0.00900	0.00450	0.00339	0.01042
16	0.02494	0.03008	0.02430	0.02290	0.07224	0.45103	0.06888	0.02757	0.02022	0.02059	0.01554	0.05724	0.01434	0.01002	0.00960	0.00239	0.08250	0.03202	0.00432	0.00929
17	0.01153	0.00769	0.00865	0.00865	0.00865	0.00769	0.00480	0.01153	0.01153	0.01538	0.02499	0.05189	0.02883	0.72131	0.04036	0.00769	0.00769	0.01153	0.00480	0.00480
18	0.00966	0.00690	0.00920	0.01104	0.01150	0.00644	0.00736	0.01104	0.01518	0.02024	0.04371	0.71614	0.05245	0.02484	0.01012	0.00322	0.00460	0.02254	0.00736	0.00644
19	0.01638	0.01440	0.02272	0.46452	0.12499	0.01685	0.01959	0.07224	0.01792	0.02398	0.01777	0.08017	0.01516	0.00946	0.00797	0.00259	0.00939	0.00839	0.04610	0.00940
20	0.01361	0.01069	0.01252	0.01191	0.01411	0.01123	0.00893	0.05297	0.12935	0.02623	0.17765	0.13250	0.15100	0.11025	0.04053	0.00381	0.03742	0.04000	0.00718	0.00811
21	0.12847	0.01648	0.02842	0.09838	0.03073	0.01658	0.25542	0.02601	0.01782	0.17386	0.02010	0.05837	0.01575	0.03510	0.01018	0.00284	0.04089	0.00872	0.00558	0.01030

[dist]
# distance from previous block
# <min> <max>
4	9

[block]
# block no. 8 follows, 24 sequences, length 7
# corresponding to MSA columns:
# 649-655
name=unknown_I
#
# <colnr> <probs for GDERKNQSTAVLIFYWHMCP>
#	G	D	E	R	K	N	Q	S	T	A	V	L	I	F	Y	W	H	M	C	P
0	0.02178	0.01713	0.07785	0.01627	0.02309	0.01341	0.08886	0.02789	0.08052	0.19891	0.05366	0.02329	0.01811	0.00815	0.00738	0.00202	0.00745	0.00713	0.00638	0.30071
1	0.01642	0.01523	0.02308	0.06129	0.02560	0.01283	0.14813	0.02061	0.01682	0.02503	0.01638	0.06186	0.01429	0.00738	0.00703	0.00173	0.00773	0.00699	0.00464	0.50693
2	0.01631	0.01229	0.01462	0.01148	0.01695	0.00962	0.00894	0.01930	0.01694	0.08080	0.02678	0.13689	0.08239	0.01067	0.00708	0.00176	0.00556	0.00904	0.00583	0.50674
