[name]
unknown

[dist]
# distance from previous block
# <min> <max>
29	614

[block]
# block no. 0 follows, 25 sequences, length 8
# corresponding to MSA columns:
# 867-874
name=unknown_A
#
# <colnr> <probs for GDERKNQSTAVLIFYWHMCP>
#	G	D	E	R	K	N	Q	S	T	A	V	L	I	F	Y	W	H	M	C	P
0	0.01713	0.09666	0.02871	0.18371	0.35311	0.01821	0.05480	0.02142	0.01701	0.02277	0.02157	0.02538	0.08969	0.00854	0.00765	0.00235	0.00895	0.00783	0.00409	0.01044
1	0.01645	0.08828	0.54666	0.02505	0.12388	0.01900	0.02682	0.02435	0.01651	0.02420	0.01378	0.01648	0.01018	0.00725	0.00723	0.00237	0.01091	0.00578	0.00336	0.01146
2	0.01722	0.03225	0.49814	0.02059	0.03001	0.01609	0.06318	0.02456	0.01698	0.09836	0.01904	0.09463	0.01551	0.00941	0.00780	0.00253	0.01025	0.00795	0.00445	0.01103
3	0.01834	0.02140	0.10096	0.10369	0.39067	0.09672	0.02106	0.02290	0.01780	0.02344	0.02132	0.02465	0.08627	0.00861	0.00774	0.00235	0.00955	0.00761	0.00413	0.01079
4	0.01588	0.03458	0.53511	0.10269	0.11179	0.01797	0.02727	0.02393	0.01642	0.02411	0.01398	0.01719	0.01017	0.00736	0.00745	0.00245	0.01107	0.00600	0.00336	0.01123
5	0.01341	0.01287	0.05716	0.12726	0.08884	0.01183	0.06033	0.01683	0.01633	0.04099	0.03541	0.26471	0.12446	0.01598	0.00951	0.00283	0.02936	0.05790	0.00574	0.00824
6	0.01632	0.01530	0.02611	0.12154	0.40869	0.01555	0.05681	0.02036	0.01677	0.02333	0.02103	0.18144	0.02099	0.01100	0.00828	0.00255	0.00850	0.01052	0.00457	0.01033
7	0.01729	0.01648	0.02803	0.32456	0.41706	0.01792	0.02285	0.02213	0.01675	0.02302	0.01425	0.01981	0.01147	0.00726	0.00771	0.00242	0.00968	0.00690	0.00367	0.01075

[dist]
# distance from previous block
# <min> <max>
4	8

[block]
# block no. 1 follows, 25 sequences, length 7
# corresponding to MSA columns:
# 883-889
name=unknown_B
#
# <colnr> <probs for GDERKNQSTAVLIFYWHMCP>
#	G	D	E	R	K	N	Q	S	T	A	V	L	I	F	Y	W	H	M	C	P
0	0.01698	0.03115	0.41848	0.02590	0.13529	0.01841	0.07231	0.02731	0.12811	0.02605	0.01719	0.01932	0.01274	0.00777	0.00764	0.00247	0.01031	0.00670	0.00421	0.01165
1	0.01664	0.02676	0.29845	0.02922	0.18519	0.01751	0.16941	0.02388	0.04168	0.02473	0.01918	0.05355	0.04110	0.00848	0.00807	0.00250	0.01047	0.00811	0.00408	0.01101
2	0.02132	0.13948	0.02973	0.12894	0.37257	0.01923	0.01968	0.02538	0.01775	0.12902	0.01638	0.01939	0.01272	0.00741	0.00724	0.00225	0.00879	0.00657	0.00462	0.01151
3	0.01947	0.02106	0.10085	0.24422	0.19283	0.05023	0.09666	0.13116	0.02034	0.02720	0.01496	0.01921	0.01139	0.00764	0.00782	0.00244	0.01038	0.00697	0.00434	0.01083
4	0.01582	0.01851	0.12570	0.02854	0.31226	0.01424	0.01804	0.02026	0.01699	0.02412	0.02652	0.07516	0.12083	0.01001	0.00769	0.00224	0.00780	0.00888	0.00465	0.14176
5	0.01589	0.02602	0.32231	0.10506	0.20425	0.01647	0.02378	0.02236	0.01687	0.02399	0.01874	0.02981	0.01651	0.00970	0.00807	0.00262	0.00999	0.11283	0.00411	0.01061
6	0.01854	0.02546	0.20844	0.14241	0.21655	0.09479	0.02192	0.02694	0.12123	0.02462	0.01669	0.01963	0.01284	0.00788	0.00756	0.00241	0.01007	0.00666	0.00428	0.01107

[dist]
# distance from previous block
# <min> <max>
17	40

[block]
# block no. 2 follows, 25 sequences, length 16
# corresponding to MSA columns:
# 930-945
name=unknown_C
#
# <colnr> <probs for GDERKNQSTAVLIFYWHMCP>
#	G	D	E	R	K	N	Q	S	T	A	V	L	I	F	Y	W	H	M	C	P
0	0.01513	0.02300	0.27565	0.07546	0.02801	0.01450	0.10493	0.04586	0.01811	0.04354	0.11495	0.13926	0.04466	0.01170	0.00838	0.00260	0.00890	0.01050	0.00522	0.00965
1	0.06769	0.02984	0.27943	0.02836	0.20753	0.14140	0.06360	0.02588	0.01787	0.04713	0.01424	0.01711	0.01089	0.00737	0.00735	0.00234	0.01090	0.00612	0.00391	0.01104
2	0.02103	0.14980	0.17480	0.01987	0.11832	0.01660	0.01659	0.02523	0.01769	0.19383	0.03943	0.09582	0.01967	0.04676	0.00905	0.00261	0.00814	0.00838	0.00563	0.01075
3	0.01673	0.18053	0.52608	0.02078	0.03109	0.02067	0.05385	0.02429	0.01633	0.02328	0.01336	0.01577	0.00994	0.00718	0.00696	0.00230	0.01089	0.00556	0.00331	0.01111
4	0.01770	0.07953	0.17119	0.16646	0.20329	0.01767	0.07383	0.02297	0.01689	0.06597	0.01757	0.08055	0.01499	0.00882	0.00773	0.00245	0.00959	0.00799	0.00427	0.01055
5	0.01708	0.01715	0.06896	0.13939	0.37725	0.01592	0.04240	0.02159	0.01735	0.04843	0.02501	0.04955	0.10737	0.00951	0.00800	0.00244	0.00867	0.00876	0.00454	0.01063
6	0.02118	0.02034	0.02861	0.09576	0.49384	0.11398	0.02159	0.02536	0.01837	0.06512	0.01515	0.01902	0.01223	0.00730	0.00759	0.00229	0.00982	0.00669	0.00419	0.01157
7	0.01835	0.01904	0.06431	0.07939	0.27161	0.01764	0.27384	0.02373	0.01780	0.05143	0.01781	0.04960	0.01500	0.00823	0.00848	0.00254	0.01056	0.03543	0.00433	0.01086
8	0.02145	0.02021	0.02829	0.09970	0.47661	0.11383	0.02133	0.02560	0.01845	0.07796	0.01546	0.01917	0.01235	0.00736	0.00760	0.00229	0.00977	0.00671	0.00430	0.01156
9	0.02609	0.02203	0.13254	0.01648	0.02259	0.11164	0.01498	0.07400	0.13964	0.27833	0.06253	0.02474	0.01990	0.00951	0.00770	0.00239	0.00834	0.00754	0.00723	0.01179
10	0.03068	0.01408	0.01779	0.01387	0.01945	0.01313	0.01138	0.14704	0.02442	0.48547	0.06046	0.03030	0.07428	0.01064	0.00796	0.00241	0.00660	0.00862	0.00902	0.01239
11	0.02486	0.02457	0.23864	0.02042	0.02853	0.01700	0.12957	0.13068	0.02194	0.25432	0.02069	0.02096	0.01391	0.00830	0.00789	0.00244	0.00961	0.00724	0.00627	0.01216
12	0.03006	0.01928	0.01874	0.01548	0.02055	0.17170	0.01228	0.08932	0.06887	0.37889	0.04650	0.05252	0.01989	0.01007	0.00774	0.00235	0.00827	0.00793	0.00788	0.01168
13	0.01102	0.00741	0.00853	0.00879	0.00885	0.00734	0.00505	0.01121	0.01178	0.01571	0.02702	0.14595	0.03146	0.62783	0.03527	0.00690	0.00709	0.01280	0.00505	0.00492
14	0.02246	0.01761	0.01987	0.01651	0.02107	0.11131	0.07709	0.05420	0.21527	0.16737	0.16048	0.03111	0.02949	0.01062	0.00813	0.00244	0.00763	0.00910	0.00742	0.01082
15	0.02687	0.02452	0.02495	0.02554	0.18249	0.18153	0.01699	0.35399	0.02849	0.03611	0.01607	0.01766	0.01221	0.00842	0.00756	0.00224	0.00998	0.00649	0.00592	0.01198

[dist]
# distance from previous block
# <min> <max>
0	7

[block]
# block no. 3 follows, 25 sequences, length 10
# corresponding to MSA columns:
# 953-962
name=unknown_D
#
# <colnr> <probs for GDERKNQSTAVLIFYWHMCP>
#	G	D	E	R	K	N	Q	S	T	A	V	L	I	F	Y	W	H	M	C	P
0	0.01474	0.00835	0.00986	0.00924	0.01012	0.00809	0.00568	0.01518	0.01288	0.11354	0.02534	0.04716	0.02687	0.62187	0.03480	0.00676	0.00738	0.01076	0.00542	0.00595
1	0.01190	0.01231	0.10835	0.01046	0.01215	0.00906	0.00822	0.01323	0.01203	0.01643	0.02288	0.04568	0.02549	0.62154	0.03474	0.00677	0.00810	0.01046	0.00449	0.00569
2	0.01223	0.00941	0.01246	0.01315	0.06063	0.00917	0.00897	0.01749	0.08194	0.02986	0.51384	0.10758	0.06225	0.01540	0.00898	0.00251	0.00436	0.01368	0.00802	0.00806
3	0.01963	0.01566	0.02175	0.02169	0.17723	0.01366	0.04268	0.06294	0.01846	0.09229	0.01604	0.01823	0.01256	0.00667	0.00669	0.00169	0.00717	0.00582	0.00508	0.43406
4	0.02092	0.02095	0.02876	0.10165	0.48057	0.11846	0.02167	0.06794	0.01939	0.02552	0.01441	0.01852	0.01183	0.00731	0.00759	0.00229	0.00997	0.00663	0.00410	0.01153
5	0.02063	0.01936	0.07282	0.07900	0.26307	0.01770	0.08204	0.13561	0.02079	0.06310	0.01600	0.01902	0.01230	0.00733	0.00750	0.00218	0.00899	0.00672	0.00490	0.14093
6	0.01962	0.01645	0.08126	0.01621	0.04194	0.01411	0.04789	0.13388	0.08362	0.12287	0.03102	0.16183	0.08867	0.01260	0.00815	0.00246	0.00703	0.01087	0.00676	0.09275
7	0.02049	0.06100	0.12432	0.02118	0.12407	0.07636	0.04117	0.10073	0.04252	0.07498	0.04451	0.02252	0.04905	0.00843	0.00726	0.00210	0.00855	0.00695	0.00527	0.15855
8	0.04872	0.02444	0.11302	0.04510	0.02426	0.21448	0.05442	0.09307	0.05426	0.07820	0.06477	0.07212	0.02025	0.01024	0.00772	0.00238	0.00972	0.02415	0.02875	0.00993
9	0.07349	0.07789	0.04339	0.02006	0.10413	0.09012	0.03246	0.17604	0.10386	0.10656	0.02156	0.04096	0.03681	0.00922	0.00735	0.00230	0.00836	0.00736	0.00618	0.03191

[dist]
# distance from previous block
# <min> <max>
3	27

[block]
# block no. 4 follows, 25 sequences, length 24
# corresponding to MSA columns:
# 999-1022
name=unknown_E
#
# <colnr> <probs for GDERKNQSTAVLIFYWHMCP>
#	G	D	E	R	K	N	Q	S	T	A	V	L	I	F	Y	W	H	M	C	P
0	0.01691	0.04743	0.16150	0.01763	0.06010	0.01544	0.03734	0.11381	0.07160	0.02940	0.15669	0.03173	0.04714	0.01342	0.04991	0.00295	0.00844	0.03136	0.00588	0.08132
1	0.04354	0.04371	0.13063	0.02137	0.08115	0.01786	0.10897	0.06050	0.16535	0.06832	0.06931	0.02650	0.02030	0.00964	0.00898	0.00253	0.05148	0.03200	0.00572	0.03215
2	0.04099	0.01543	0.06197	0.05992	0.02165	0.01441	0.05570	0.16312	0.06124	0.05404	0.16066	0.14267	0.05628	0.01290	0.00834	0.00251	0.00691	0.01121	0.00681	0.04324
3	0.05799	0.01465	0.05524	0.08104	0.03835	0.01390	0.08032	0.13190	0.01995	0.06875	0.02649	0.18809	0.04407	0.01242	0.00790	0.00252	0.00723	0.01092	0.12898	0.00930
4	0.02620	0.02002	0.01981	0.04430	0.07931	0.18136	0.01373	0.05741	0.14599	0.23984	0.02461	0.07321	0.01897	0.01013	0.00776	0.00240	0.00861	0.00819	0.00692	0.01124
5	0.01098	0.00739	0.00854	0.00883	0.00890	0.00732	0.00510	0.01120	0.01185	0.01580	0.02737	0.15868	0.03190	0.61450	0.03471	0.00682	0.00703	0.01301	0.00510	0.00496
6	0.01350	0.01086	0.01722	0.10367	0.05168	0.01119	0.06304	0.01754	0.01758	0.02300	0.03455	0.07105	0.03642	0.01794	0.01009	0.00332	0.00808	0.47517	0.00629	0.00780
7	0.01770	0.01570	0.04956	0.01792	0.12534	0.01205	0.01257	0.02156	0.01672	0.06547	0.01494	0.01722	0.01201	0.00624	0.00625	0.00147	0.00661	0.00521	0.00472	0.57075
8	0.01128	0.00752	0.00846	0.00846	0.00846	0.00752	0.00470	0.01128	0.01128	0.01503	0.02443	0.05074	0.02819	0.72751	0.03946	0.00752	0.00752	0.01128	0.00470	0.00470
9	0.01595	0.03190	0.45922	0.04310	0.03347	0.01732	0.16346	0.02376	0.01681	0.02471	0.01598	0.02078	0.01213	0.00779	0.00776	0.00249	0.01112	0.02825	0.05323	0.01073
10	0.00996	0.00771	0.00908	0.00911	0.01106	0.00682	0.00669	0.01252	0.01899	0.02495	0.31930	0.17182	0.32648	0.01882	0.00927	0.00263	0.00391	0.01631	0.00775	0.00682
11	0.01902	0.13270	0.03219	0.10265	0.51589	0.02028	0.02190	0.02334	0.01715	0.02369	0.01390	0.01824	0.01173	0.00694	0.00725	0.00223	0.00917	0.00646	0.00372	0.01157
12	0.20661	0.08644	0.01794	0.01430	0.04309	0.04309	0.01096	0.10920	0.04075	0.14178	0.04565	0.16339	0.02278	0.01176	0.00722	0.00246	0.00673	0.00946	0.00652	0.00986
13	0.04706	0.55149	0.03398	0.01456	0.05299	0.02562	0.01266	0.02124	0.01561	0.01948	0.01612	0.12690	0.01666	0.00951	0.00590	0.00196	0.00765	0.00717	0.00402	0.00943
14	0.01343	0.01085	0.01784	0.01724	0.01999	0.01064	0.11510	0.01747	0.01792	0.02347	0.03698	0.07677	0.03934	0.01903	0.01046	0.00342	0.00809	0.52767	0.00662	0.00767
15	0.01600	0.01473	0.02289	0.36905	0.19383	0.01680	0.01911	0.02345	0.12069	0.02359	0.04287	0.04701	0.03877	0.00920	0.00792	0.00254	0.00876	0.00824	0.00468	0.00989
16	0.01083	0.00785	0.01044	0.01175	0.01290	0.00760	0.00882	0.01383	0.03921	0.02281	0.13493	0.42965	0.05175	0.02180	0.00994	0.00314	0.00514	0.18331	0.00740	0.00688
17	0.03185	0.01708	0.01843	0.01454	0.02031	0.12136	0.01174	0.03474	0.02150	0.50700	0.02580	0.02329	0.01689	0.00893	0.00745	0.00220	0.00769	0.00700	0.00816	0.09404
18	0.01905	0.01554	0.01767	0.01289	0.01963	0.01338	0.01042	0.16004	0.02060	0.03050	0.01485	0.01664	0.01186	0.00653	0.00619	0.00141	0.00636	0.00512	0.00529	0.60603
19	0.01648	0.01218	0.01472	0.04379	0.04149	0.01235	0.01033	0.13625	0.04553	0.05990	0.17304	0.10974	0.15695	0.01398	0.00883	0.00245	0.02722	0.01175	0.04729	0.05572
20	0.01324	0.01021	0.01268	0.10267	0.01830	0.01088	0.00976	0.02024	0.15206	0.02642	0.20217	0.15122	0.08952	0.04071	0.00948	0.00273	0.00534	0.01252	0.10166	0.00818
21	0.01464	0.01378	0.02326	0.70887	0.05340	0.01723	0.02153	0.01981	0.01550	0.01981	0.01378	0.02067	0.01034	0.00775	0.00775	0.00258	0.01034	0.00689	0.00345	0.00861
22	0.07049	0.01642	0.01817	0.16524	0.06570	0.10909	0.01390	0.04329	0.06364	0.08725	0.05439	0.06697	0.12376	0.01160	0.00901	0.00253	0.05439	0.00926	0.00568	0.00921
23	0.01856	0.01961	0.07207	0.02051	0.09149	0.10566	0.08840	0.10586	0.08414	0.02737	0.06860	0.13843	0.06689	0.01188	0.00823	0.00246	0.00845	0.01043	0.00585	0.04511

[dist]
# distance from previous block
# <min> <max>
0	31

[block]
# block no. 5 follows, 25 sequences, length 15
# corresponding to MSA columns:
# 1054-1068
name=unknown_F
#
# <colnr> <probs for GDERKNQSTAVLIFYWHMCP>
#	G	D	E	R	K	N	Q	S	T	A	V	L	I	F	Y	W	H	M	C	P
0	0.00955	0.00713	0.00892	0.01029	0.01133	0.00650	0.00718	0.01117	0.01568	0.02026	0.05111	0.53398	0.19861	0.02303	0.00977	0.00305	0.00451	0.05433	0.00719	0.00640
1	0.11378	0.18986	0.05246	0.01607	0.02188	0.11610	0.01393	0.23950	0.10886	0.03276	0.01646	0.01709	0.01267	0.00833	0.00665	0.00218	0.00873	0.00590	0.00568	0.01110
2	0.01932	0.12475	0.10706	0.02138	0.13332	0.04313	0.05333	0.08791	0.01965	0.07831	0.06904	0.11265	0.02310	0.01091	0.00774	0.00239	0.00820	0.03370	0.03387	0.01026
3	0.04866	0.08471	0.27174	0.01922	0.05542	0.04607	0.01905	0.09623	0.09663	0.05242	0.04768	0.02003	0.01537	0.00859	0.00805	0.00234	0.04268	0.00652	0.00500	0.05362
4	0.04594	0.14779	0.19414	0.08012	0.09826	0.04934	0.11945	0.04904	0.04397	0.04847	0.01612	0.04470	0.01302	0.00804	0.00734	0.00234	0.00998	0.00700	0.00428	0.01064
5	0.01721	0.01632	0.02765	0.26049	0.44163	0.01741	0.02221	0.02183	0.01681	0.02325	0.01577	0.05575	0.01365	0.00807	0.00781	0.00244	0.00933	0.00768	0.00388	0.01078
6	0.02042	0.09278	0.10597	0.02611	0.16738	0.08701	0.11738	0.11095	0.08620	0.02734	0.01844	0.07161	0.01566	0.00898	0.00774	0.00238	0.00970	0.00800	0.00495	0.01102
7	0.01927	0.04964	0.14367	0.07727	0.07392	0.05673	0.15190	0.06482	0.01907	0.08802	0.02215	0.06075	0.03815	0.00999	0.00814	0.00252	0.00969	0.06060	0.03347	0.01022
8	0.00965	0.00696	0.00892	0.01030	0.01097	0.00647	0.00689	0.01105	0.01514	0.02005	0.07493	0.58034	0.10376	0.08070	0.01220	0.00342	0.00465	0.02029	0.00706	0.00624
9	0.01925	0.55435	0.16913	0.01510	0.02244	0.02697	0.01632	0.02310	0.01599	0.01978	0.01303	0.01724	0.01178	0.00757	0.00576	0.00192	0.00887	0.03779	0.00351	0.01010
10	0.08439	0.02536	0.18448	0.07643	0.10375	0.11613	0.04274	0.12954	0.04754	0.02884	0.04663	0.04705	0.01581	0.00890	0.00750	0.00240	0.00973	0.00721	0.00495	0.01061
11	0.01289	0.01011	0.01393	0.01610	0.10125	0.01054	0.01037	0.03728	0.01663	0.02344	0.11601	0.25004	0.08747	0.04722	0.08714	0.00396	0.06194	0.01362	0.07230	0.00775
12	0.01085	0.00821	0.01111	0.04398	0.01395	0.00787	0.03230	0.01296	0.01607	0.02154	0.13793	0.29806	0.13894	0.14080	0.01448	0.00363	0.00548	0.03952	0.03578	0.00655
13	0.02000	0.05156	0.14459	0.13810	0.08803	0.09381	0.01782	0.10429	0.04015	0.07623	0.06812	0.05080	0.01870	0.01167	0.04010	0.00286	0.00987	0.00771	0.00523	0.01034
14	0.02099	0.11389	0.07546	0.05911	0.10009	0.14810	0.04511	0.06883	0.06794	0.05619	0.04579	0.02274	0.04635	0.00919	0.00847	0.00231	0.05540	0.00712	0.03672	0.01018

[dist]
# distance from previous block
# <min> <max>
2	23

[block]
# block no. 6 follows, 25 sequences, length 10
# corresponding to MSA columns:
# 1092-1101
name=unknown_G
#
# <colnr> <probs for GDERKNQSTAVLIFYWHMCP>
#	G	D	E	R	K	N	Q	S	T	A	V	L	I	F	Y	W	H	M	C	P
0	0.12225	0.06286	0.11619	0.11499	0.11463	0.01717	0.01612	0.08638	0.06494	0.02831	0.04324	0.04348	0.04208	0.00906	0.00706	0.00233	0.00785	0.00736	0.05590	0.03779
1	0.06895	0.12492	0.07061	0.02289	0.14674	0.07401	0.07571	0.09077	0.07350	0.08895	0.02103	0.04355	0.04720	0.00895	0.00735	0.00231	0.00880	0.00750	0.00536	0.01091
2	0.05558	0.05003	0.17969	0.08314	0.07045	0.12149	0.07788	0.05142	0.01903	0.06592	0.06447	0.02754	0.01892	0.00960	0.00783	0.00247	0.00996	0.06963	0.00492	0.01003
3	0.01419	0.01046	0.01248	0.01257	0.01445	0.01079	0.00908	0.14408	0.06249	0.02657	0.03706	0.53254	0.04166	0.02031	0.00933	0.00295	0.00543	0.01808	0.00736	0.00810
4	0.01108	0.00831	0.01246	0.01246	0.01385	0.00969	0.00969	0.01385	0.01246	0.01800	0.02077	0.03046	0.01938	0.05815	0.69678	0.01246	0.02077	0.00831	0.00415	0.00692
5	0.01039	0.00812	0.01108	0.01403	0.07870	0.00757	0.00866	0.01217	0.01560	0.02055	0.04591	0.54232	0.15241	0.02175	0.00955	0.00297	0.00488	0.01956	0.00686	0.00695
6	0.02406	0.06919	0.13949	0.02412	0.12075	0.17726	0.08761	0.10613	0.04433	0.10811	0.01684	0.01845	0.01251	0.00794	0.00750	0.00228	0.01056	0.00653	0.00510	0.01126
7	0.01784	0.12724	0.42697	0.02410	0.11496	0.01961	0.05388	0.02558	0.04465	0.05271	0.01514	0.01740	0.01125	0.00740	0.00721	0.00234	0.01038	0.00605	0.00386	0.01143
8	0.01062	0.00809	0.00991	0.01094	0.01228	0.00783	0.00777	0.01437	0.08160	0.02196	0.07727	0.48355	0.15115	0.02160	0.00958	0.00300	0.00466	0.04946	0.00733	0.00703
9	0.01901	0.01756	0.02862	0.21229	0.45896	0.01865	0.02237	0.08206	0.01888	0.02615	0.01476	0.01951	0.01187	0.00735	0.00770	0.00238	0.00943	0.00691	0.00411	0.01144

[dist]
# distance from previous block
# <min> <max>
23	63

[block]
# block no. 7 follows, 25 sequences, length 41
# corresponding to MSA columns:
# 1182-1189,1191-1223
name=unknown_H
#
# <colnr> <probs for GDERKNQSTAVLIFYWHMCP>
#	G	D	E	R	K	N	Q	S	T	A	V	L	I	F	Y	W	H	M	C	P
0	0.04601	0.01754	0.02599	0.02819	0.23914	0.01890	0.07452	0.11639	0.07868	0.10593	0.01901	0.04858	0.01532	0.00961	0.01062	0.00258	0.11814	0.00790	0.00555	0.01140
1	0.05033	0.01736	0.04950	0.04694	0.15172	0.04265	0.13214	0.02442	0.06708	0.08444	0.06342	0.06110	0.02050	0.00995	0.00927	0.00250	0.05831	0.03546	0.00534	0.06757
2	0.01704	0.10604	0.01924	0.04607	0.12234	0.01383	0.01196	0.06227	0.01863	0.09737	0.09009	0.19202	0.11844	0.03861	0.00928	0.00267	0.00645	0.01218	0.00634	0.00913
3	0.01706	0.07626	0.20834	0.09864	0.14384	0.04003	0.04714	0.04938	0.03991	0.02430	0.01822	0.10636	0.01638	0.00944	0.00757	0.00236	0.00921	0.00819	0.00440	0.07299
4	0.01708	0.01619	0.02539	0.18993	0.36145	0.04007	0.01992	0.02096	0.01666	0.02289	0.05291	0.06104	0.01728	0.00991	0.01013	0.03213	0.06375	0.00808	0.00416	0.01008
5	0.01287	0.01065	0.01394	0.01345	0.01483	0.01201	0.01056	0.01572	0.03971	0.02084	0.05551	0.16467	0.09105	0.09980	0.06359	0.00420	0.17119	0.12938	0.00574	0.05029
6	0.01548	0.01468	0.02456	0.56734	0.14887	0.01778	0.02163	0.02037	0.01563	0.02060	0.01370	0.02023	0.01063	0.00795	0.00873	0.00259	0.04965	0.00689	0.00350	0.00918
7	0.03092	0.01345	0.01765	0.01349	0.01957	0.01156	0.01106	0.03483	0.04924	0.54376	0.02777	0.02475	0.01808	0.00898	0.00745	0.00220	0.00643	0.00729	0.00867	0.14287
8	0.01919	0.01842	0.03147	0.04759	0.67914	0.01842	0.02380	0.02380	0.01765	0.02533	0.01458	0.01919	0.01228	0.00691	0.00768	0.00230	0.00921	0.00691	0.00384	0.01228
9	0.01039	0.00730	0.00941	0.01024	0.01069	0.00733	0.00673	0.01150	0.01314	0.01777	0.03231	0.35967	0.03740	0.28364	0.14035	0.00635	0.00842	0.01577	0.00577	0.00583
10	0.00996	0.00703	0.00916	0.01045	0.01088	0.00682	0.00688	0.01114	0.01391	0.01866	0.03718	0.52761	0.04393	0.17277	0.07122	0.00480	0.00643	0.01871	0.00643	0.00602
11	0.01556	0.01527	0.02753	0.02623	0.14382	0.01560	0.22622	0.02019	0.04231	0.02300	0.02430	0.22399	0.02486	0.01330	0.01101	0.00284	0.09102	0.03858	0.00508	0.00930
12	0.01128	0.00752	0.00846	0.00846	0.00846	0.00752	0.00470	0.01128	0.01128	0.01503	0.02443	0.05074	0.02819	0.72751	0.03946	0.00752	0.00752	0.01128	0.00470	0.00470
13	0.04480	0.01981	0.07348	0.04455	0.06887	0.11419	0.01572	0.02403	0.04183	0.09886	0.01575	0.01949	0.01273	0.01122	0.01482	0.04602	0.25588	0.00660	0.06195	0.00939
14	0.01712	0.25000	0.49119	0.01942	0.02942	0.02185	0.02398	0.02415	0.01618	0.02264	0.01296	0.01518	0.00986	0.00714	0.00664	0.00221	0.01050	0.00525	0.00329	0.01100
15	0.02896	0.03695	0.02197	0.01998	0.02397	0.69638	0.01498	0.03096	0.02197	0.01898	0.01199	0.01398	0.00999	0.00799	0.00699	0.00200	0.01398	0.00499	0.00400	0.00899
16	0.01513	0.01465	0.02546	0.60455	0.05029	0.01783	0.08208	0.02023	0.01557	0.02023	0.01376	0.02049	0.01047	0.00796	0.00889	0.00263	0.05041	0.00710	0.00349	0.00878
17	0.01464	0.01378	0.02326	0.70887	0.05340	0.01723	0.02153	0.01981	0.01550	0.01981	0.01378	0.02067	0.01034	0.00775	0.00775	0.00258	0.01034	0.00689	0.00345	0.00861
18	0.01608	0.01378	0.01608	0.01148	0.01837	0.01034	0.00919	0.01952	0.01608	0.02527	0.01378	0.01608	0.01148	0.00574	0.00574	0.00115	0.00574	0.00459	0.00459	0.77491
19	0.02186	0.01360	0.01667	0.01220	0.01881	0.01066	0.00987	0.02517	0.01797	0.22893	0.01897	0.01926	0.01387	0.00693	0.00638	0.00153	0.00601	0.00558	0.00614	0.53959
20	0.01109	0.00827	0.01226	0.01226	0.01357	0.00958	0.00944	0.01372	0.01240	0.01785	0.02095	0.03149	0.01983	0.09200	0.66354	0.01221	0.02010	0.00846	0.00418	0.00681
21	0.01257	0.00834	0.01263	0.10598	0.01725	0.00932	0.00968	0.01290	0.01180	0.01613	0.01708	0.02788	0.01640	0.09139	0.27455	0.32664	0.01248	0.00770	0.00377	0.00550
22	0.78228	0.01499	0.01140	0.01020	0.01499	0.01739	0.00840	0.02279	0.01320	0.03479	0.01080	0.01260	0.00840	0.00720	0.00480	0.00240	0.00600	0.00420	0.00480	0.00840
23	0.01929	0.01666	0.01753	0.01578	0.02016	0.01929	0.01227	0.04120	0.66513	0.03243	0.03156	0.02893	0.02367	0.01052	0.00789	0.00263	0.00614	0.00877	0.00789	0.01227
24	0.01334	0.00678	0.01001	0.01001	0.01001	0.00678	0.00662	0.01017	0.01017	0.01356	0.01410	0.02514	0.01432	0.06746	0.03083	0.73005	0.00678	0.00700	0.00344	0.00344
25	0.01464	0.01378	0.02326	0.70887	0.05340	0.01723	0.02153	0.01981	0.01550	0.01981	0.01378	0.02067	0.01034	0.00775	0.00775	0.00258	0.01034	0.00689	0.00345	0.00861
26	0.01919	0.01842	0.03147	0.04759	0.67914	0.01842	0.02380	0.02380	0.01765	0.02533	0.01458	0.01919	0.01228	0.00691	0.00768	0.00230	0.00921	0.00691	0.00384	0.01228
27	0.01913	0.01830	0.02783	0.21035	0.42122	0.05276	0.02175	0.06032	0.04655	0.02528	0.01522	0.01969	0.01222	0.00747	0.00767	0.00237	0.00956	0.00689	0.00415	0.01124
28	0.02863	0.02130	0.02280	0.01767	0.02372	0.02365	0.01453	0.60279	0.08832	0.04751	0.01968	0.01947	0.01405	0.00941	0.00777	0.00235	0.00833	0.00713	0.00777	0.01311
29	0.05005	0.04522	0.02650	0.02889	0.26545	0.11081	0.07691	0.13983	0.04810	0.02949	0.01662	0.01948	0.01313	0.00783	0.00731	0.00224	0.00924	0.00679	0.08505	0.01107
30	0.01748	0.01365	0.01757	0.04411	0.06799	0.01457	0.03446	0.18641	0.05040	0.03101	0.16917	0.08802	0.05312	0.07953	0.04126	0.00338	0.03310	0.01062	0.03485	0.00931
31	0.00961	0.00783	0.00850	0.00842	0.01077	0.00672	0.00628	0.01195	0.01858	0.02331	0.21893	0.09614	0.50812	0.01892	0.00919	0.00260	0.00389	0.01603	0.00752	0.00672
32	0.09190	0.01963	0.02369	0.14155	0.22526	0.08973	0.01769	0.14673	0.11383	0.03014	0.01704	0.01958	0.01317	0.00817	0.00740	0.00238	0.00903	0.00674	0.00521	0.01114
33	0.10344	0.01467	0.01675	0.01251	0.01892	0.01282	0.01016	0.09349	0.01924	0.16092	0.01736	0.01805	0.01289	0.00706	0.00627	0.00166	0.00625	0.00546	0.00597	0.45610
34	0.01516	0.01431	0.02419	0.63348	0.12474	0.01736	0.02179	0.02026	0.01575	0.02044	0.01387	0.02050	0.01056	0.00766	0.00774	0.00255	0.01021	0.00689	0.00349	0.00903
35	0.01740	0.01600	0.02386	0.42643	0.17617	0.05534	0.02009	0.02270	0.04329	0.04629	0.01552	0.02073	0.01196	0.00803	0.00825	0.00249	0.03517	0.00691	0.03370	0.00966
36	0.01608	0.01378	0.01608	0.01148	0.01837	0.01034	0.00919	0.01952	0.01608	0.02527	0.01378	0.01608	0.01148	0.00574	0.00574	0.00115	0.00574	0.00459	0.00459	0.77491
37	0.01092	0.00737	0.00856	0.00892	0.00900	0.00728	0.00519	0.01118	0.01198	0.01597	0.02802	0.18259	0.03272	0.58947	0.03366	0.00666	0.00692	0.01339	0.00519	0.00501
38	0.17105	0.01718	0.01639	0.01417	0.01838	0.10782	0.01122	0.08502	0.11580	0.16367	0.07120	0.05528	0.04445	0.01238	0.03297	0.00282	0.03510	0.00813	0.00678	0.01018
39	0.01714	0.02006	0.10272	0.12241	0.21025	0.01774	0.25502	0.02331	0.04075	0.02393	0.01808	0.02354	0.03511	0.04393	0.00987	0.00276	0.01066	0.00822	0.00406	0.01045
40	0.02044	0.69298	0.07726	0.01377	0.02067	0.02996	0.01414	0.02329	0.01579	0.01860	0.01096	0.01266	0.00994	0.00668	0.00511	0.00170	0.00847	0.00424	0.00331	0.01004

[dist]
# distance from previous block
# <min> <max>
0	50

[block]
# block no. 8 follows, 25 sequences, length 15
# corresponding to MSA columns:
# 1276-1290
name=unknown_I
#
# <colnr> <probs for GDERKNQSTAVLIFYWHMCP>
#	G	D	E	R	K	N	Q	S	T	A	V	L	I	F	Y	W	H	M	C	P
0	0.01769	0.02264	0.17092	0.06053	0.34736	0.04469	0.04457	0.02441	0.06854	0.02520	0.04515	0.02396	0.05313	0.00844	0.00780	0.00240	0.00932	0.00762	0.00440	0.01123
1	0.01267	0.01065	0.01158	0.01143	0.01279	0.05882	0.00845	0.01369	0.01486	0.01857	0.04017	0.11976	0.22450	0.12520	0.05695	0.11105	0.07645	0.06064	0.00552	0.00625
2	0.01101	0.00741	0.00853	0.00879	0.00886	0.00734	0.00506	0.01121	0.01179	0.01572	0.02705	0.14704	0.03150	0.62669	0.03523	0.00689	0.00708	0.01282	0.00506	0.00493
3	0.02152	0.57675	0.08874	0.01494	0.02157	0.12643	0.01472	0.02445	0.01671	0.01884	0.01120	0.01297	0.00995	0.00689	0.00546	0.00177	0.00937	0.00439	0.00341	0.00993
4	0.01108	0.00831	0.01246	0.01246	0.01385	0.00969	0.00969	0.01385	0.01246	0.01800	0.02077	0.03046	0.01938	0.05815	0.69678	0.01246	0.02077	0.00831	0.00415	0.00692
5	0.01664	0.18577	0.55122	0.02024	0.03068	0.02067	0.02541	0.02427	0.01624	0.02323	0.01325	0.01554	0.00985	0.00721	0.00686	0.00229	0.01079	0.00540	0.00328	0.01114
6	0.01215	0.01140	0.08148	0.01101	0.01384	0.00849	0.00938	0.01577	0.01974	0.05221	0.44375	0.09142	0.10684	0.07466	0.01147	0.00292	0.00498	0.01333	0.00752	0.00764
7	0.02073	0.73217	0.04063	0.01327	0.01990	0.03068	0.01327	0.02322	0.01575	0.01824	0.01078	0.01244	0.00995	0.00663	0.00498	0.00166	0.00829	0.00415	0.00332	0.00995
8	0.02947	0.02172	0.02327	0.01784	0.02404	0.02404	0.01474	0.65329	0.03646	0.04887	0.01862	0.01862	0.01319	0.00931	0.00776	0.00233	0.00853	0.00698	0.00776	0.01319
9	0.02190	0.67241	0.03875	0.01331	0.01989	0.02908	0.01311	0.02443	0.01629	0.07362	0.01243	0.01360	0.01072	0.00688	0.00521	0.00172	0.00815	0.00445	0.00384	0.01022
10	0.01841	0.47042	0.15843	0.01403	0.02066	0.02403	0.01488	0.02225	0.01590	0.02098	0.01469	0.04475	0.01299	0.00783	0.00570	0.00189	0.00810	0.00561	0.10872	0.00971
11	0.01668	0.19086	0.54647	0.02018	0.03058	0.02077	0.02530	0.02426	0.01624	0.02318	0.01323	0.01551	0.00985	0.00721	0.00685	0.00228	0.01077	0.00538	0.00328	0.01113
12	0.01347	0.00673	0.01010	0.01010	0.01010	0.00673	0.00673	0.01010	0.01010	0.01347	0.01347	0.02357	0.01347	0.02694	0.03030	0.77441	0.00673	0.00673	0.00337	0.00337
13	0.01555	0.04011	0.68733	0.02210	0.03356	0.01801	0.02865	0.02455	0.01637	0.02455	0.01391	0.01637	0.00982	0.00737	0.00737	0.00246	0.01146	0.00573	0.00327	0.01146
14	0.01593	0.09035	0.64039	0.02146	0.03257	0.01893	0.02753	0.02446	0.01633	0.02410	0.01369	0.01608	0.00983	0.00731	0.00719	0.00240	0.01123	0.00561	0.00328	0.01135

[dist]
# distance from previous block
# <min> <max>
2	3

[block]
# block no. 9 follows, 25 sequences, length 10
# corresponding to MSA columns:
# 1294-1299,1301,1302,1304,1305
name=unknown_J
#
# <colnr> <probs for GDERKNQSTAVLIFYWHMCP>
#	G	D	E	R	K	N	Q	S	T	A	V	L	I	F	Y	W	H	M	C	P
0	0.02062	0.04723	0.07195	0.01483	0.02195	0.01288	0.06986	0.02463	0.01765	0.17204	0.01759	0.01869	0.01304	0.00684	0.00660	0.00168	0.00715	0.00579	0.00549	0.44349
1	0.78228	0.01499	0.01140	0.01020	0.01499	0.01739	0.00840	0.02279	0.01320	0.03479	0.01080	0.01260	0.00840	0.00720	0.00480	0.00240	0.00600	0.00420	0.00480	0.00840
2	0.01555	0.04011	0.68733	0.02210	0.03356	0.01801	0.02865	0.02455	0.01637	0.02455	0.01391	0.01637	0.00982	0.00737	0.00737	0.00246	0.01146	0.00573	0.00327	0.01146
3	0.02534	0.01864	0.02039	0.01603	0.02126	0.02031	0.01308	0.51071	0.03322	0.04490	0.16516	0.02739	0.02657	0.01077	0.00807	0.00235	0.00744	0.00855	0.00793	0.01188
4	0.01079	0.01425	0.16037	0.01316	0.01619	0.00893	0.01192	0.01389	0.01534	0.02092	0.03823	0.52986	0.07575	0.02026	0.00929	0.00297	0.00602	0.01809	0.00632	0.00746
5	0.02153	0.05767	0.02377	0.09739	0.09264	0.08271	0.01622	0.22098	0.02205	0.02915	0.01679	0.08031	0.01499	0.01096	0.01188	0.00261	0.17489	0.00792	0.00522	0.01031
6	0.47220	0.07673	0.01408	0.01094	0.01504	0.01554	0.00884	0.02155	0.01463	0.09070	0.01977	0.17234	0.01912	0.01119	0.00623	0.00250	0.00592	0.00851	0.00565	0.00851
7	0.02639	0.02059	0.02466	0.02432	0.16999	0.02242	0.01657	0.46563	0.08066	0.04235	0.01871	0.01954	0.01379	0.00887	0.00775	0.00234	0.00850	0.00710	0.00689	0.01291
8	0.18917	0.36309	0.22939	0.01525	0.02293	0.02389	0.01682	0.02353	0.01537	0.02384	0.01173	0.01366	0.00956	0.00698	0.00566	0.00206	0.00874	0.00464	0.00363	0.01006
9	0.09068	0.48443	0.03354	0.01418	0.02054	0.02778	0.01321	0.18637	0.02089	0.02764	0.01281	0.01405	0.01065	0.00738	0.00568	0.00190	0.00815	0.00488	0.00460	0.01065

[dist]
# distance from previous block
# <min> <max>
5	13

[block]
# block no. 10 follows, 25 sequences, length 25
# corresponding to MSA columns:
# 1323-1347
name=unknown_K
#
# <colnr> <probs for GDERKNQSTAVLIFYWHMCP>
#	G	D	E	R	K	N	Q	S	T	A	V	L	I	F	Y	W	H	M	C	P
0	0.02034	0.35774	0.27055	0.01766	0.02556	0.14562	0.01912	0.02509	0.01709	0.02065	0.01213	0.01413	0.00991	0.00714	0.00620	0.00201	0.01046	0.00487	0.00342	0.01032
1	0.01986	0.29923	0.30071	0.01868	0.02727	0.02386	0.05627	0.12254	0.01939	0.02598	0.01356	0.01549	0.01051	0.00734	0.00662	0.00214	0.00989	0.00552	0.00403	0.01110
2	0.01178	0.01329	0.11817	0.01397	0.01693	0.01099	0.01266	0.01552	0.01307	0.01903	0.01969	0.02825	0.01789	0.05020	0.58879	0.01089	0.01931	0.00790	0.00402	0.00763
3	0.01631	0.17827	0.52524	0.01979	0.02976	0.02002	0.02455	0.02365	0.01617	0.02306	0.01462	0.04840	0.01178	0.00801	0.00700	0.00233	0.01050	0.00617	0.00347	0.01091
4	0.01187	0.01475	0.15511	0.01245	0.01627	0.00955	0.01187	0.01655	0.02038	0.02909	0.49991	0.08445	0.05844	0.01449	0.00880	0.00248	0.00537	0.01268	0.00734	0.00815
5	0.01922	0.61879	0.03622	0.01314	0.01895	0.02739	0.01271	0.02175	0.01524	0.01820	0.01234	0.01526	0.01143	0.01470	0.11334	0.00335	0.01025	0.00480	0.00345	0.00948
6	0.02896	0.03695	0.02197	0.01998	0.02397	0.69638	0.01498	0.03096	0.02197	0.01898	0.01199	0.01398	0.00999	0.00799	0.00699	0.00200	0.01398	0.00499	0.00400	0.00899
7	0.01793	0.24276	0.43546	0.02034	0.05608	0.02207	0.02320	0.05568	0.01725	0.02394	0.01325	0.01544	0.01013	0.00723	0.00669	0.00221	0.01028	0.00537	0.00354	0.01113
8	0.01174	0.00744	0.00903	0.00914	0.00937	0.00737	0.00567	0.01127	0.01170	0.01544	0.02559	0.04783	0.05828	0.49137	0.03420	0.18237	0.00714	0.04576	0.00466	0.00463
9	0.01150	0.00789	0.00971	0.01007	0.01058	0.00804	0.00681	0.01252	0.01273	0.01700	0.02739	0.05596	0.03055	0.51244	0.10488	0.00726	0.00888	0.13525	0.00513	0.00543
10	0.01097	0.00793	0.01036	0.00975	0.01158	0.00732	0.00732	0.01463	0.02195	0.03109	0.67505	0.05792	0.07316	0.01585	0.00914	0.00244	0.00366	0.01402	0.00854	0.00732
11	0.01608	0.01378	0.01608	0.01148	0.01837	0.01034	0.00919	0.01952	0.01608	0.02527	0.01378	0.01608	0.01148	0.00574	0.00574	0.00115	0.00574	0.00459	0.00459	0.77491
12	0.01696	0.01696	0.02375	0.02036	0.02036	0.02375	0.01696	0.01866	0.01187	0.01866	0.01018	0.01696	0.01018	0.01357	0.02545	0.00339	0.71332	0.00679	0.00339	0.00848
13	0.78228	0.01499	0.01140	0.01020	0.01499	0.01739	0.00840	0.02279	0.01320	0.03479	0.01080	0.01260	0.00840	0.00720	0.00480	0.00240	0.00600	0.00420	0.00480	0.00840
14	0.01417	0.01286	0.01840	0.01661	0.01727	0.01708	0.01352	0.01638	0.01215	0.01835	0.01520	0.02336	0.01454	0.03471	0.34377	0.00769	0.38493	0.00751	0.00375	0.00774
15	0.00945	0.00675	0.00900	0.01080	0.01125	0.00630	0.00720	0.01080	0.01484	0.01979	0.04274	0.72245	0.05128	0.02429	0.00990	0.00315	0.00450	0.02204	0.00720	0.00630
16	0.02947	0.02172	0.02327	0.01784	0.02404	0.02404	0.01474	0.65329	0.03646	0.04887	0.01862	0.01862	0.01319	0.00931	0.00776	0.00233	0.00853	0.00698	0.00776	0.01319
17	0.02101	0.51469	0.20183	0.01664	0.02436	0.05548	0.01766	0.02466	0.01697	0.02114	0.01304	0.01547	0.01125	0.00781	0.00628	0.00214	0.00973	0.00506	0.00382	0.01095
18	0.01834	0.23301	0.49281	0.02032	0.03032	0.02214	0.02449	0.02494	0.01699	0.02394	0.01440	0.01717	0.01120	0.00808	0.00727	0.00248	0.01092	0.00573	0.00378	0.01167
19	0.01690	0.04042	0.67278	0.02278	0.03412	0.01862	0.02877	0.02531	0.01716	0.02570	0.01527	0.01827	0.01116	0.00829	0.00794	0.00270	0.01180	0.00617	0.00377	0.01209
20	0.12595	0.01313	0.01305	0.01270	0.01561	0.07233	0.00962	0.02000	0.01824	0.11848	0.06462	0.23106	0.15316	0.01735	0.00905	0.00298	0.00652	0.08006	0.00735	0.00874
21	0.05034	0.22081	0.03755	0.02415	0.05265	0.04636	0.29208	0.02487	0.01804	0.04565	0.01647	0.02209	0.01382	0.00846	0.00859	0.00253	0.03327	0.03120	0.00459	0.04649
22	0.15583	0.19416	0.09096	0.01617	0.02221	0.17504	0.01440	0.02933	0.01915	0.18313	0.01756	0.01855	0.01324	0.00876	0.00695	0.00238	0.00953	0.00586	0.00572	0.01106
23	0.01902	0.30384	0.32860	0.02061	0.05837	0.02311	0.04905	0.02432	0.01715	0.02324	0.01562	0.02087	0.01326	0.00869	0.00728	0.00245	0.01031	0.03888	0.00404	0.01127
24	0.13940	0.16183	0.32108	0.01902	0.05452	0.01970	0.01981	0.02507	0.01701	0.08136	0.01728	0.05835	0.01423	0.00926	0.00728	0.00257	0.00944	0.00679	0.00479	0.01121

[dist]
# distance from previous block
# <min> <max>
1	12

[block]
# block no. 11 follows, 25 sequences, length 35
# corresponding to MSA columns:
# 1360-1367,1407-1418,1456,1458-1471
name=unknown_L
#
# <colnr> <probs for GDERKNQSTAVLIFYWHMCP>
#	G	D	E	R	K	N	Q	S	T	A	V	L	I	F	Y	W	H	M	C	P
0	0.01528	0.03519	0.56543	0.02161	0.03176	0.01700	0.07482	0.02352	0.01711	0.02527	0.08434	0.02114	0.01671	0.00820	0.00769	0.00247	0.01076	0.00688	0.00388	0.01094
1	0.02193	0.01509	0.01714	0.04161	0.02038	0.03466	0.01183	0.11090	0.21070	0.16722	0.05330	0.05548	0.06064	0.01139	0.00797	0.00244	0.00669	0.05077	0.00750	0.09237
2	0.01599	0.01683	0.03349	0.02556	0.03053	0.01683	0.40055	0.02068	0.01674	0.02291	0.02193	0.16625	0.02148	0.01192	0.01152	0.00288	0.10237	0.04767	0.00470	0.00916
3	0.01919	0.01842	0.03147	0.04759	0.67914	0.01842	0.02380	0.02380	0.01765	0.02533	0.01458	0.01919	0.01228	0.00691	0.00768	0.00230	0.00921	0.00691	0.00384	0.01228
4	0.02608	0.03772	0.02021	0.01536	0.02048	0.01391	0.07285	0.09651	0.06598	0.34594	0.06898	0.03281	0.04452	0.06212	0.01038	0.00283	0.00727	0.03682	0.00792	0.01129
5	0.01884	0.01809	0.03068	0.08528	0.61626	0.01856	0.02339	0.02336	0.01730	0.02474	0.01436	0.01919	0.01208	0.00722	0.00839	0.00236	0.03727	0.00690	0.00380	0.01192
6	0.00945	0.00675	0.00900	0.01080	0.01125	0.00630	0.00720	0.01080	0.01484	0.01979	0.04274	0.72245	0.05128	0.02429	0.00990	0.00315	0.00450	0.02204	0.00720	0.00630
7	0.01968	0.02039	0.03239	0.03974	0.44086	0.09022	0.15227	0.02435	0.01826	0.02444	0.01598	0.02272	0.01370	0.00774	0.00807	0.00240	0.01041	0.04105	0.00405	0.01127
8	0.00973	0.00720	0.00894	0.00990	0.01098	0.00657	0.00680	0.01147	0.01628	0.02145	0.14404	0.45114	0.18051	0.06330	0.01137	0.00319	0.00443	0.01905	0.00725	0.00641
9	0.00965	0.00689	0.00923	0.01103	0.01157	0.00648	0.00755	0.01115	0.01505	0.02002	0.04262	0.67961	0.05083	0.02410	0.00995	0.00318	0.00468	0.06285	0.00719	0.00635
10	0.24257	0.02250	0.14169	0.02626	0.15427	0.04519	0.18874	0.02403	0.01629	0.02738	0.01341	0.01696	0.01042	0.00722	0.00771	0.00246	0.03214	0.00644	0.00404	0.01026
11	0.01689	0.07620	0.29893	0.02159	0.02908	0.08322	0.15803	0.02281	0.01718	0.02287	0.02027	0.08489	0.04015	0.01010	0.00849	0.00255	0.02805	0.04456	0.00420	0.00994
12	0.01610	0.03480	0.51972	0.05556	0.03595	0.01831	0.16166	0.02440	0.01674	0.02440	0.01429	0.01754	0.01026	0.00721	0.00777	0.00250	0.01175	0.00652	0.00342	0.01112
13	0.01108	0.00744	0.00851	0.00871	0.00875	0.00739	0.00496	0.01122	0.01165	0.01554	0.02638	0.12215	0.03064	0.65275	0.03632	0.00705	0.00720	0.01242	0.00496	0.00487
14	0.02103	0.14391	0.36647	0.01840	0.02719	0.01951	0.02089	0.11319	0.02013	0.12597	0.04026	0.01904	0.01398	0.00816	0.00716	0.00230	0.00953	0.00625	0.00504	0.01157
15	0.02591	0.02195	0.17320	0.02072	0.02840	0.01623	0.17336	0.09710	0.02146	0.30846	0.02196	0.02200	0.01465	0.00832	0.00803	0.00246	0.00947	0.00759	0.00660	0.01214
16	0.01631	0.10521	0.56416	0.02225	0.03290	0.01938	0.08598	0.02445	0.01649	0.02397	0.01378	0.01642	0.01002	0.00722	0.00730	0.00239	0.01131	0.00590	0.00334	0.01122
17	0.01289	0.01032	0.01573	0.24686	0.02807	0.01143	0.01496	0.01676	0.01674	0.02170	0.03209	0.13256	0.03383	0.01714	0.00963	0.00319	0.00793	0.35469	0.00591	0.00754
18	0.02043	0.02121	0.02991	0.07880	0.46932	0.12662	0.06446	0.02547	0.04383	0.02425	0.01487	0.01895	0.01222	0.00725	0.00768	0.00230	0.01018	0.00683	0.00401	0.01142
19	0.02087	0.01958	0.08545	0.02818	0.18640	0.01758	0.18827	0.10787	0.06347	0.10334	0.02089	0.08541	0.01718	0.00930	0.00829	0.00251	0.00942	0.00904	0.00556	0.01139
20	0.01908	0.01874	0.03332	0.04566	0.59662	0.01858	0.10484	0.02393	0.01774	0.02527	0.01473	0.01941	0.01221	0.00686	0.00787	0.00234	0.00971	0.00720	0.00385	0.01205
21	0.01896	0.01660	0.01899	0.01671	0.02119	0.01890	0.04973	0.03925	0.60165	0.03162	0.03100	0.03077	0.02380	0.01072	0.00807	0.00267	0.00658	0.03320	0.00763	0.01196
22	0.01897	0.02299	0.18307	0.09791	0.16708	0.05963	0.01990	0.10810	0.04490	0.04401	0.01860	0.06228	0.01586	0.01184	0.03975	0.00297	0.03440	0.03219	0.00483	0.01071
23	0.01934	0.01757	0.03060	0.15183	0.47820	0.01790	0.07972	0.02411	0.01765	0.06531	0.01555	0.02004	0.01235	0.00718	0.00783	0.00238	0.00958	0.00716	0.00414	0.01158
24	0.00962	0.00756	0.00877	0.00963	0.01135	0.00671	0.00708	0.01153	0.01665	0.02076	0.06131	0.31575	0.37767	0.02155	0.00960	0.00292	0.00448	0.08338	0.00719	0.00652
25	0.02035	0.02086	0.02962	0.08146	0.54788	0.11708	0.02238	0.02461	0.01816	0.02409	0.01416	0.01852	0.01184	0.00711	0.00758	0.00227	0.00997	0.00663	0.00384	0.01159
26	0.01683	0.01376	0.01615	0.01158	0.01843	0.01038	0.00928	0.02026	0.01632	0.05169	0.01446	0.01649	0.01179	0.00590	0.00582	0.00120	0.00578	0.00472	0.00479	0.74437
27	0.01466	0.01384	0.02347	0.37487	0.15105	0.01527	0.07583	0.01920	0.01672	0.02204	0.06370	0.06869	0.08781	0.01021	0.00823	0.00257	0.00896	0.00942	0.00449	0.00898
28	0.01178	0.00875	0.01056	0.01062	0.01244	0.00836	0.00772	0.07410	0.01953	0.02611	0.23136	0.33975	0.17064	0.01951	0.00933	0.00276	0.00454	0.01719	0.00764	0.00731
29	0.00965	0.00763	0.00833	0.00858	0.01041	0.00670	0.00606	0.01137	0.01664	0.02072	0.11176	0.17946	0.43305	0.11858	0.01350	0.00338	0.00450	0.01643	0.00696	0.00631
30	0.69224	0.01417	0.01128	0.01014	0.01460	0.01622	0.00827	0.02184	0.01422	0.03436	0.08834	0.01789	0.01596	0.00821	0.00531	0.00240	0.00572	0.00535	0.00523	0.00827
31	0.01649	0.01043	0.01105	0.00994	0.01290	0.01062	0.00765	0.09131	0.08740	0.03061	0.02523	0.06963	0.02070	0.00986	0.00625	0.00197	0.00468	0.00804	0.48555	0.07967
32	0.01163	0.00879	0.01020	0.00975	0.01157	0.00873	0.00717	0.01523	0.05783	0.02474	0.25240	0.07173	0.23120	0.11757	0.01395	0.00324	0.04324	0.01314	0.08086	0.00705
33	0.01506	0.00791	0.01254	0.01156	0.01237	0.00773	0.04223	0.01263	0.01130	0.05575	0.01465	0.02360	0.01373	0.02474	0.02775	0.68430	0.00707	0.00693	0.00378	0.00436
34	0.01577	0.05338	0.03603	0.01571	0.01912	0.01256	0.10309	0.04228	0.04057	0.08052	0.07049	0.15816	0.03113	0.06330	0.11488	0.00454	0.00954	0.11430	0.00613	0.00851

[dist]
# distance from previous block
# <min> <max>
10	103

[block]
# block no. 12 follows, 25 sequences, length 12
# corresponding to MSA columns:
# 1577-1588
name=unknown_M
#
# <colnr> <probs for GDERKNQSTAVLIFYWHMCP>
#	G	D	E	R	K	N	Q	S	T	A	V	L	I	F	Y	W	H	M	C	P
0	0.01726	0.01536	0.02102	0.01800	0.09764	0.01278	0.07231	0.04934	0.01740	0.02631	0.01428	0.01702	0.01168	0.00612	0.00638	0.00148	0.00697	0.00541	0.00459	0.57867
1	0.01081	0.00888	0.00975	0.00956	0.01214	0.00806	0.00709	0.01491	0.08174	0.02321	0.12738	0.17768	0.40046	0.01834	0.00897	0.00261	0.00432	0.01568	0.00726	0.05114
2	0.01879	0.01752	0.09669	0.01789	0.06768	0.01537	0.04785	0.19367	0.06211	0.05709	0.23930	0.07282	0.03568	0.01189	0.00838	0.00246	0.00710	0.01029	0.00705	0.01037
3	0.01103	0.05585	0.01111	0.00980	0.01143	0.00889	0.00693	0.01339	0.04542	0.02006	0.07308	0.28559	0.22155	0.17216	0.01560	0.00378	0.00528	0.01596	0.00649	0.00659
4	0.01816	0.02109	0.17087	0.05163	0.10263	0.01659	0.04891	0.07941	0.17192	0.05572	0.02544	0.07129	0.06018	0.01010	0.00786	0.00245	0.00817	0.00870	0.00572	0.06317
5	0.02163	0.09581	0.10344	0.05546	0.10966	0.04536	0.01562	0.06903	0.05419	0.15062	0.06732	0.02221	0.01792	0.00837	0.00716	0.00212	0.00797	0.00682	0.00574	0.13355
6	0.01696	0.01626	0.07071	0.15241	0.02793	0.01402	0.06253	0.05364	0.01759	0.05452	0.05236	0.04683	0.01643	0.00828	0.00793	0.00200	0.03877	0.00702	0.00487	0.32895
7	0.02062	0.05253	0.10295	0.01899	0.09346	0.04637	0.01504	0.14227	0.04364	0.09376	0.04546	0.08410	0.04654	0.01042	0.00849	0.00230	0.04462	0.00838	0.00589	0.11416
8	0.05342	0.07226	0.16575	0.01603	0.02189	0.12410	0.01522	0.05683	0.05100	0.06456	0.05864	0.05591	0.06118	0.01003	0.00824	0.00226	0.04747	0.00764	0.00521	0.10237
