[name]
unknown

[dist]
# distance from previous block
# <min> <max>
13	418

[block]
# block no. 0 follows, 30 sequences, length 53
# corresponding to MSA columns:
# 423-453,455-476
name=unknown_A
#
# <colnr> <probs for GDERKNQSTAVLIFYWHMCP>
#	G	D	E	R	K	N	Q	S	T	A	V	L	I	F	Y	W	H	M	C	P
0	0.01428	0.05055	0.42956	0.04352	0.09343	0.01559	0.07261	0.02049	0.01487	0.02151	0.01674	0.01913	0.06043	0.00740	0.00726	0.00214	0.03281	0.00614	0.00340	0.06814
1	0.01507	0.03987	0.13579	0.04144	0.01811	0.01190	0.01181	0.04227	0.11835	0.09669	0.23773	0.03334	0.07294	0.03491	0.00815	0.00228	0.00588	0.00880	0.00610	0.05857
2	0.01524	0.03505	0.04365	0.03296	0.05966	0.03293	0.03707	0.01863	0.04602	0.14454	0.12438	0.29678	0.05608	0.01414	0.00785	0.00241	0.00568	0.01256	0.00631	0.00806
3	0.01682	0.05068	0.28879	0.01733	0.04959	0.08714	0.05627	0.04900	0.01727	0.08758	0.11031	0.05475	0.04584	0.00893	0.00701	0.00213	0.00833	0.00746	0.00472	0.03004
4	0.04652	0.07713	0.04574	0.01814	0.06406	0.17916	0.09949	0.16725	0.04265	0.04781	0.01932	0.06087	0.05918	0.00867	0.00683	0.00206	0.00867	0.00714	0.00492	0.03440
5	0.01049	0.01166	0.09310	0.01066	0.01348	0.03002	0.00921	0.01432	0.06297	0.02035	0.08859	0.24197	0.28716	0.01651	0.00819	0.00250	0.00508	0.06077	0.00609	0.00686
6	0.01893	0.47518	0.08003	0.01358	0.01942	0.10809	0.03508	0.02179	0.01546	0.04523	0.04155	0.01440	0.01192	0.00657	0.00529	0.00163	0.00801	0.00462	0.00359	0.06962
7	0.04623	0.05830	0.51041	0.01824	0.02712	0.01615	0.04594	0.04554	0.03820	0.07897	0.01423	0.01577	0.01011	0.00683	0.00652	0.00214	0.00927	0.00540	0.00380	0.04085
8	0.02365	0.19645	0.02537	0.01700	0.02165	0.36962	0.06928	0.09196	0.01928	0.06563	0.01246	0.01400	0.00995	0.00715	0.00660	0.00186	0.02996	0.00502	0.00410	0.00901
9	0.02591	0.02577	0.02017	0.01687	0.02146	0.35170	0.01327	0.35037	0.05577	0.03073	0.01447	0.01521	0.01093	0.00787	0.00666	0.00197	0.00988	0.00552	0.00540	0.01006
10	0.01391	0.01281	0.04049	0.04403	0.04487	0.00975	0.00974	0.01712	0.01440	0.02201	0.01502	0.08761	0.01381	0.00700	0.00574	0.00135	0.00555	0.00590	0.00425	0.62464
11	0.01104	0.00799	0.00967	0.00910	0.01125	0.00751	0.00694	0.01531	0.07484	0.05422	0.45394	0.05311	0.21011	0.01458	0.00813	0.00228	0.00374	0.03187	0.00735	0.00700
12	0.00877	0.00685	0.00798	0.00839	0.01004	0.00606	0.00614	0.01075	0.01597	0.02047	0.18668	0.25351	0.36864	0.01823	0.00849	0.00249	0.00375	0.04408	0.00672	0.00599
13	0.01812	0.01627	0.03081	0.04998	0.21349	0.01567	0.32790	0.04868	0.01730	0.10350	0.04444	0.04958	0.01516	0.00740	0.00768	0.00226	0.00927	0.00806	0.00451	0.00992
14	0.01697	0.01323	0.02271	0.01814	0.02229	0.01300	0.24004	0.08040	0.01781	0.11237	0.04474	0.09457	0.02328	0.01145	0.00869	0.00251	0.03609	0.15705	0.05605	0.00862
15	0.01015	0.00677	0.00761	0.00761	0.00761	0.00677	0.00423	0.01015	0.01015	0.01353	0.02199	0.04567	0.02537	0.75476	0.03552	0.00677	0.00677	0.01015	0.00423	0.00423
16	0.01409	0.01371	0.02458	0.42734	0.16764	0.01522	0.12924	0.01856	0.01468	0.01951	0.01505	0.08099	0.01300	0.00793	0.00734	0.00233	0.00907	0.00771	0.00353	0.00847
17	0.09442	0.05100	0.18116	0.01801	0.06222	0.12239	0.08371	0.07558	0.01801	0.12759	0.06312	0.02019	0.03651	0.00787	0.00670	0.00211	0.00857	0.00642	0.00486	0.00958
18	0.01155	0.00774	0.01116	0.01087	0.01238	0.00858	0.00836	0.01384	0.01199	0.06983	0.02165	0.03009	0.04494	0.10192	0.59038	0.00983	0.01620	0.00793	0.00426	0.00650
19	0.02849	0.01395	0.01786	0.07546	0.02142	0.01372	0.01183	0.20596	0.02286	0.47817	0.02338	0.02146	0.01516	0.00843	0.00700	0.00216	0.00669	0.00675	0.00772	0.01152
20	0.01871	0.01416	0.01729	0.09060	0.12290	0.05853	0.01257	0.10144	0.13667	0.13398	0.08314	0.10063	0.05815	0.01044	0.00732	0.00225	0.00663	0.00892	0.00611	0.00955
21	0.01447	0.06074	0.56251	0.02219	0.10809	0.01642	0.04980	0.02159	0.01495	0.02186	0.01442	0.01674	0.03171	0.00688	0.00669	0.00218	0.00980	0.00565	0.00314	0.01017
22	0.00850	0.00607	0.00810	0.00972	0.01012	0.00567	0.00648	0.00972	0.01336	0.01781	0.03846	0.75020	0.04615	0.02186	0.00891	0.00283	0.00405	0.01984	0.00648	0.00567
23	0.01880	0.62703	0.03288	0.01241	0.01794	0.07988	0.01179	0.02223	0.06287	0.01745	0.01303	0.01412	0.03197	0.00668	0.00492	0.00160	0.00759	0.00443	0.00343	0.00894
24	0.02260	0.19962	0.08007	0.04225	0.03866	0.06669	0.01291	0.09471	0.03450	0.24349	0.01904	0.03834	0.01470	0.03280	0.00737	0.00218	0.00750	0.02699	0.00559	0.00999
25	0.01680	0.01610	0.02747	0.12326	0.63450	0.01646	0.02118	0.02100	0.01567	0.02222	0.01304	0.01743	0.01085	0.00631	0.00692	0.00210	0.00841	0.00622	0.00341	0.01067
26	0.01549	0.01536	0.02309	0.04685	0.02136	0.02009	0.09258	0.04335	0.01245	0.01858	0.01134	0.04555	0.01093	0.01152	0.01941	0.00290	0.57089	0.00692	0.00340	0.00793
27	0.01866	0.75896	0.03657	0.01194	0.01791	0.02761	0.01194	0.02090	0.01418	0.01642	0.00970	0.01119	0.00896	0.00597	0.00448	0.00149	0.00746	0.00373	0.00299	0.00896
28	0.01383	0.01307	0.02211	0.62667	0.15426	0.01568	0.01971	0.01840	0.01426	0.01863	0.01252	0.01839	0.00958	0.00686	0.00697	0.00229	0.00914	0.00620	0.00316	0.00828
29	0.01181	0.01007	0.01427	0.01322	0.01389	0.01284	0.01043	0.01367	0.01090	0.01608	0.01581	0.02544	0.01555	0.12341	0.40124	0.00787	0.26611	0.00733	0.00356	0.00647
30	0.01400	0.03610	0.71860	0.01989	0.03020	0.01621	0.02578	0.02210	0.01473	0.02210	0.01252	0.01473	0.00884	0.00663	0.00663	0.00221	0.01031	0.00516	0.00295	0.01031
31	0.01406	0.01257	0.02107	0.67937	0.07619	0.01535	0.01912	0.01861	0.01427	0.04491	0.01302	0.01874	0.00969	0.00701	0.00698	0.00231	0.00913	0.00623	0.00333	0.00806
32	0.00832	0.00678	0.00736	0.00783	0.00962	0.00583	0.00564	0.00993	0.01518	0.01856	0.06149	0.26218	0.51931	0.01887	0.00844	0.00249	0.00368	0.01619	0.00648	0.00583
33	0.00949	0.00698	0.00872	0.00853	0.01003	0.00639	0.00620	0.01208	0.01776	0.02440	0.48502	0.13023	0.16156	0.06918	0.01028	0.00262	0.00366	0.01356	0.00711	0.00621
34	0.01727	0.01658	0.02832	0.04283	0.71123	0.01658	0.02142	0.02142	0.01589	0.02280	0.01313	0.01727	0.01105	0.00622	0.00691	0.00207	0.00829	0.00622	0.00345	0.01105
35	0.00905	0.00663	0.00817	0.00917	0.01023	0.00612	0.00654	0.01069	0.01435	0.01879	0.07072	0.41935	0.19997	0.06639	0.01037	0.00295	0.00431	0.08906	0.03138	0.00578
36	0.07650	0.02048	0.02014	0.01580	0.02111	0.08903	0.01292	0.58158	0.03021	0.04058	0.01573	0.01600	0.01131	0.00814	0.00674	0.00207	0.00800	0.00595	0.00648	0.01123
37	0.01318	0.01240	0.02093	0.73798	0.04806	0.01550	0.01938	0.01783	0.01395	0.01783	0.01240	0.01860	0.00930	0.00698	0.00698	0.00233	0.00930	0.00620	0.00310	0.00775
38	0.01866	0.75896	0.03657	0.01194	0.01791	0.02761	0.01194	0.02090	0.01418	0.01642	0.00970	0.01119	0.00896	0.00597	0.00448	0.00149	0.00746	0.00373	0.00299	0.00896
39	0.00889	0.00735	0.00783	0.00767	0.00993	0.00642	0.00576	0.01158	0.03933	0.02112	0.20361	0.06263	0.55011	0.01668	0.00821	0.00232	0.00355	0.01406	0.00675	0.00621
40	0.04378	0.01482	0.01561	0.01397	0.01798	0.01702	0.01090	0.03641	0.64928	0.05635	0.02775	0.02546	0.02069	0.00934	0.00701	0.00235	0.00553	0.00772	0.00707	0.01096
41	0.00825	0.00707	0.00707	0.00707	0.00943	0.00589	0.00530	0.01001	0.01591	0.01885	0.07069	0.06716	0.70839	0.01767	0.00825	0.00236	0.00353	0.01473	0.00648	0.00589
42	0.01400	0.03610	0.71860	0.01989	0.03020	0.01621	0.02578	0.02210	0.01473	0.02210	0.01252	0.01473	0.00884	0.00663	0.00663	0.00221	0.01031	0.00516	0.00295	0.01031
43	0.02735	0.01881	0.02006	0.01550	0.02097	0.05078	0.01275	0.54406	0.02998	0.16071	0.01838	0.01780	0.01269	0.00837	0.00696	0.00209	0.00759	0.00633	0.00712	0.01170
44	0.01727	0.01658	0.02832	0.04283	0.71123	0.01658	0.02142	0.02142	0.01589	0.02280	0.01313	0.01727	0.01105	0.00622	0.00691	0.00207	0.00829	0.00622	0.00345	0.01105
45	0.01318	0.01240	0.02093	0.73798	0.04806	0.01550	0.01938	0.01783	0.01395	0.01783	0.01240	0.01860	0.00930	0.00698	0.00698	0.00233	0.00930	0.00620	0.00310	0.00775
46	0.00831	0.00707	0.00716	0.00714	0.00947	0.00592	0.00535	0.01014	0.01606	0.01922	0.09642	0.06655	0.68244	0.01754	0.00825	0.00235	0.00352	0.01464	0.00653	0.00592
47	0.00825	0.00707	0.00707	0.00707	0.00943	0.00589	0.00530	0.01001	0.01591	0.01885	0.07069	0.06716	0.70839	0.01767	0.00825	0.00236	0.00353	0.01473	0.00648	0.00589
48	0.01015	0.00677	0.00761	0.00761	0.00761	0.00677	0.00423	0.01015	0.01015	0.01353	0.02199	0.04567	0.02537	0.75476	0.03552	0.00677	0.00677	0.01015	0.00423	0.00423
49	0.00857	0.00610	0.00808	0.00963	0.01002	0.00571	0.00639	0.00973	0.01323	0.01764	0.03780	0.72193	0.04532	0.05127	0.00997	0.00299	0.00416	0.01945	0.00639	0.00561
50	0.00850	0.00607	0.00810	0.00972	0.01012	0.00567	0.00648	0.00972	0.01336	0.01781	0.03846	0.75020	0.04615	0.02186	0.00891	0.00283	0.00405	0.01984	0.00648	0.00567
51	0.01527	0.01527	0.02137	0.01832	0.01832	0.02137	0.01527	0.01679	0.01069	0.01679	0.00916	0.01527	0.00916	0.01221	0.02290	0.00305	0.74198	0.00611	0.00305	0.00763
52	0.04268	0.01970	0.01836	0.01542	0.01998	0.13176	0.01224	0.29845	0.30380	0.03330	0.02041	0.01977	0.01518	0.00859	0.00685	0.00216	0.00751	0.00659	0.00642	0.01082

[dist]
# distance from previous block
# <min> <max>
3	5

[block]
# block no. 1 follows, 30 sequences, length 18
# corresponding to MSA columns:
# 483,487-503
name=unknown_B
#
# <colnr> <probs for GDERKNQSTAVLIFYWHMCP>
#	G	D	E	R	K	N	Q	S	T	A	V	L	I	F	Y	W	H	M	C	P
0	0.01583	0.11191	0.36800	0.02646	0.25954	0.01771	0.02192	0.02252	0.05128	0.02206	0.01324	0.01578	0.01027	0.00656	0.00650	0.00209	0.00904	0.00550	0.00334	0.01045
1	0.12865	0.02357	0.15286	0.01771	0.05525	0.12378	0.03420	0.29654	0.04951	0.03190	0.01432	0.01546	0.01057	0.00748	0.00649	0.00210	0.00866	0.00558	0.00509	0.01029
2	0.02108	0.02110	0.02379	0.03029	0.38603	0.22022	0.01721	0.09022	0.01890	0.05640	0.01555	0.01796	0.03562	0.00724	0.00679	0.00201	0.00918	0.00607	0.00420	0.01014
3	0.01546	0.01425	0.02365	0.31046	0.25012	0.01557	0.08083	0.05534	0.04812	0.02214	0.01548	0.05249	0.01279	0.00757	0.00707	0.00223	0.00842	0.00712	0.04173	0.00917
4	0.01844	0.19771	0.33202	0.01826	0.04652	0.06140	0.06458	0.05818	0.03209	0.08766	0.01390	0.01536	0.01031	0.00679	0.00630	0.00202	0.00917	0.00533	0.00389	0.01007
5	0.02055	0.01500	0.02119	0.04426	0.26818	0.03527	0.03985	0.10813	0.06670	0.17931	0.02360	0.05807	0.07038	0.00895	0.00719	0.00218	0.00720	0.00787	0.00569	0.01043
6	0.01230	0.00768	0.00950	0.00871	0.01099	0.00687	0.00665	0.01515	0.01861	0.11115	0.43733	0.05096	0.21176	0.01409	0.00792	0.00220	0.00368	0.01214	0.04524	0.00707
7	0.00922	0.00660	0.00855	0.00958	0.01028	0.00642	0.00664	0.01084	0.01412	0.01947	0.10524	0.56521	0.07587	0.01950	0.00903	0.00266	0.03160	0.01735	0.06591	0.00591
8	0.07123	0.09496	0.15511	0.04023	0.11178	0.09977	0.03937	0.05701	0.10948	0.09059	0.05170	0.01892	0.01474	0.00761	0.00653	0.00209	0.00817	0.00611	0.00476	0.00986
9	0.04667	0.03343	0.63065	0.01962	0.02935	0.01602	0.05586	0.02251	0.01490	0.04928	0.01307	0.01514	0.00920	0.00667	0.00663	0.00221	0.01001	0.00532	0.00325	0.01022
10	0.03131	0.01188	0.01619	0.01242	0.01781	0.01026	0.01026	0.03401	0.01997	0.71606	0.02753	0.02375	0.01727	0.00864	0.00702	0.00216	0.00594	0.00702	0.00864	0.01188
11	0.01828	0.06687	0.15940	0.04740	0.27840	0.12223	0.06674	0.04001	0.01663	0.04908	0.01416	0.03436	0.01150	0.00703	0.00669	0.00206	0.00914	0.00613	0.03402	0.00988
12	0.01692	0.05347	0.14277	0.01792	0.06259	0.07898	0.07834	0.06200	0.17352	0.05044	0.02219	0.12506	0.01987	0.01038	0.00734	0.00233	0.00784	0.05339	0.00523	0.00941
13	0.01318	0.01240	0.02093	0.73798	0.04806	0.01550	0.01938	0.01783	0.01395	0.01783	0.01240	0.01860	0.00930	0.00698	0.00698	0.00233	0.00930	0.00620	0.00310	0.00775
14	0.00871	0.00628	0.00802	0.00923	0.00983	0.00584	0.00616	0.00995	0.01357	0.01797	0.07177	0.58735	0.10290	0.09360	0.01145	0.00315	0.00424	0.01809	0.00631	0.00559
15	0.01848	0.12987	0.17618	0.02055	0.07275	0.14310	0.14299	0.07863	0.06742	0.02261	0.01501	0.05381	0.01246	0.00760	0.00677	0.00209	0.00955	0.00654	0.00403	0.00955
16	0.01967	0.01892	0.02463	0.02780	0.29023	0.15039	0.09837	0.05062	0.05340	0.07610	0.04224	0.02116	0.01480	0.00794	0.00796	0.00218	0.04684	0.03241	0.00448	0.00986
17	0.00891	0.00648	0.00843	0.00946	0.01035	0.00600	0.00665	0.01071	0.01505	0.02019	0.18098	0.51191	0.10585	0.01979	0.00875	0.00268	0.00397	0.05121	0.00673	0.00592

[dist]
# distance from previous block
# <min> <max>
0	1

[block]
# block no. 2 follows, 30 sequences, length 42
# corresponding to MSA columns:
# 505-546
name=unknown_C
#
# <colnr> <probs for GDERKNQSTAVLIFYWHMCP>
#	G	D	E	R	K	N	Q	S	T	A	V	L	I	F	Y	W	H	M	C	P
0	0.01876	0.10028	0.04683	0.08957	0.22926	0.08239	0.07784	0.06568	0.05664	0.07849	0.04128	0.05153	0.01508	0.00785	0.00686	0.00210	0.00831	0.00694	0.00452	0.00978
1	0.15196	0.01851	0.04996	0.01624	0.07112	0.15403	0.03736	0.10449	0.11671	0.02704	0.11943	0.02349	0.04165	0.01002	0.02661	0.00238	0.00779	0.00699	0.00529	0.00892
2	0.04771	0.01957	0.01730	0.01606	0.04908	0.27566	0.04086	0.03776	0.01644	0.01981	0.01907	0.16927	0.04123	0.01069	0.00834	0.00210	0.07655	0.00841	0.00443	0.11967
3	0.00988	0.00681	0.00753	0.00753	0.00787	0.00664	0.00438	0.01013	0.01096	0.01429	0.02889	0.04871	0.12223	0.65023	0.03165	0.00614	0.00631	0.01080	0.00455	0.00446
4	0.01791	0.01517	0.02535	0.13289	0.52273	0.01540	0.01943	0.02194	0.01620	0.09491	0.04004	0.01941	0.01348	0.00687	0.00698	0.00212	0.00800	0.00653	0.00410	0.01053
5	0.04454	0.07883	0.02012	0.04801	0.06590	0.12744	0.01263	0.19570	0.07244	0.20495	0.01915	0.04794	0.01439	0.00844	0.00669	0.00208	0.00772	0.00658	0.00607	0.01038
6	0.00856	0.00708	0.00750	0.00740	0.00962	0.00602	0.00555	0.01062	0.01664	0.02060	0.19297	0.06427	0.58503	0.01702	0.00824	0.00233	0.00349	0.01432	0.00671	0.00602
7	0.14089	0.01211	0.01535	0.01196	0.01720	0.01102	0.00987	0.03209	0.01882	0.61896	0.02500	0.02199	0.01590	0.00833	0.00663	0.00216	0.00586	0.00656	0.00802	0.01126
8	0.01389	0.01304	0.03831	0.02171	0.20325	0.02975	0.08756	0.04826	0.03563	0.02115	0.02361	0.27799	0.02494	0.07629	0.01057	0.00280	0.02628	0.01156	0.02529	0.00813
9	0.01373	0.03473	0.68505	0.01929	0.02922	0.01572	0.02482	0.02153	0.01479	0.02195	0.01527	0.01720	0.04182	0.00715	0.00671	0.00222	0.00999	0.00561	0.00311	0.01010
10	0.00850	0.00607	0.00810	0.00972	0.01012	0.00567	0.00648	0.00972	0.01336	0.01781	0.03846	0.75020	0.04615	0.02186	0.00891	0.00283	0.00405	0.01984	0.00648	0.00567
11	0.01556	0.14611	0.26934	0.08858	0.20170	0.01818	0.05715	0.02069	0.01477	0.02057	0.01392	0.01703	0.03150	0.00706	0.00741	0.00213	0.04955	0.00581	0.00324	0.00971
12	0.35131	0.19322	0.04624	0.01295	0.01749	0.20337	0.01118	0.02239	0.01451	0.02310	0.01007	0.01194	0.00838	0.00683	0.00585	0.00195	0.04326	0.00412	0.00371	0.00813
13	0.01548	0.01928	0.15144	0.02134	0.02692	0.01609	0.30008	0.08134	0.01641	0.02270	0.01824	0.04431	0.04727	0.04557	0.04001	0.00299	0.09006	0.02756	0.00405	0.00886
14	0.01768	0.54663	0.11626	0.01283	0.01931	0.04118	0.01315	0.02075	0.01443	0.01802	0.01046	0.01213	0.00914	0.00597	0.00488	0.00152	0.00761	0.00398	0.00316	0.12091
15	0.01930	0.01338	0.01610	0.01274	0.01716	0.04663	0.03304	0.07350	0.04391	0.19081	0.12505	0.02532	0.04923	0.00901	0.00805	0.00192	0.06682	0.00718	0.00605	0.23481
16	0.00998	0.00742	0.01094	0.01094	0.01209	0.00857	0.00838	0.01228	0.01113	0.01599	0.01895	0.02882	0.01806	0.10652	0.67375	0.01087	0.01777	0.00768	0.00378	0.00608
17	0.01421	0.01516	0.03136	0.02359	0.02858	0.01442	0.47635	0.01866	0.01543	0.02092	0.02076	0.22272	0.02047	0.01053	0.00886	0.00251	0.03142	0.01141	0.00434	0.00831
18	0.01077	0.00839	0.01168	0.01125	0.01198	0.00999	0.00843	0.01245	0.01085	0.01556	0.01823	0.03063	0.01842	0.23679	0.44003	0.00885	0.11803	0.00801	0.00377	0.00589
19	0.01283	0.01061	0.01511	0.14140	0.02060	0.01185	0.04285	0.07688	0.04045	0.02079	0.02768	0.27920	0.06936	0.01535	0.01076	0.04152	0.08800	0.06237	0.00526	0.00715
20	0.08469	0.01337	0.02059	0.48037	0.13811	0.01542	0.01752	0.04603	0.01512	0.05558	0.01320	0.01780	0.00994	0.00689	0.00667	0.00221	0.00842	0.00596	0.00373	0.03839
21	0.03112	0.01218	0.01638	0.01256	0.01797	0.01071	0.01038	0.06001	0.02048	0.68934	0.02710	0.02347	0.01706	0.00863	0.00702	0.00216	0.00601	0.00699	0.00857	0.01188
22	0.00991	0.00733	0.01036	0.01026	0.01149	0.00803	0.00776	0.01227	0.01284	0.01818	0.14661	0.03520	0.05228	0.11462	0.50030	0.00880	0.01413	0.00895	0.00461	0.00608
23	0.02008	0.01530	0.01846	0.16038	0.04330	0.01729	0.01341	0.22540	0.26871	0.08110	0.02064	0.02120	0.01517	0.00905	0.00779	0.03225	0.00705	0.00689	0.00612	0.01039
24	0.06526	0.01439	0.01608	0.01232	0.01784	0.05672	0.00999	0.10433	0.01917	0.32038	0.01911	0.01841	0.01324	0.00722	0.00619	0.00174	0.00627	0.00562	0.00636	0.27936
25	0.76987	0.01376	0.01073	0.00948	0.01385	0.01592	0.00781	0.04986	0.01280	0.03187	0.01003	0.01157	0.00775	0.00656	0.00444	0.00216	0.00550	0.00389	0.00444	0.00775
26	0.00893	0.00647	0.00806	0.00905	0.00978	0.00603	0.00611	0.01022	0.01366	0.01797	0.08103	0.46750	0.13643	0.14516	0.01332	0.00341	0.00448	0.04070	0.00617	0.00554
27	0.01600	0.02208	0.16884	0.02762	0.03529	0.01738	0.56148	0.02231	0.01614	0.02231	0.01382	0.01805	0.01026	0.00602	0.00793	0.00233	0.01149	0.00766	0.00342	0.00958
28	0.01400	0.03610	0.71860	0.01989	0.03020	0.01621	0.02578	0.02210	0.01473	0.02210	0.01252	0.01473	0.00884	0.00663	0.00663	0.00221	0.01031	0.00516	0.00295	0.01031
29	0.01007	0.00708	0.00923	0.00923	0.00979	0.00764	0.00624	0.01118	0.01063	0.01473	0.02051	0.03748	0.02182	0.43989	0.34552	0.00876	0.01211	0.00895	0.00401	0.00513
30	0.00874	0.00704	0.00778	0.00769	0.00975	0.00608	0.00573	0.01093	0.01692	0.02149	0.25616	0.09343	0.49005	0.01686	0.00827	0.00233	0.00349	0.01434	0.00683	0.00608
31	0.01400	0.03610	0.71860	0.01989	0.03020	0.01621	0.02578	0.02210	0.01473	0.02210	0.01252	0.01473	0.00884	0.00663	0.00663	0.00221	0.01031	0.00516	0.00295	0.01031
32	0.03131	0.01188	0.01619	0.01242	0.01781	0.01026	0.01026	0.03401	0.01997	0.71606	0.02753	0.02375	0.01727	0.00864	0.00702	0.00216	0.00594	0.00702	0.00864	0.01188
33	0.01018	0.00797	0.01112	0.11316	0.01637	0.00851	0.00898	0.01324	0.03986	0.01931	0.12853	0.23782	0.08890	0.05735	0.18300	0.00482	0.00842	0.03062	0.00544	0.00641
34	0.01729	0.01416	0.01526	0.01360	0.01740	0.01607	0.01062	0.07284	0.54960	0.04954	0.06087	0.02826	0.04858	0.01184	0.03953	0.00273	0.00608	0.00823	0.00699	0.01050
35	0.00997	0.00679	0.00812	0.00827	0.00846	0.00691	0.00501	0.01040	0.01059	0.01427	0.02311	0.10946	0.02631	0.59661	0.12102	0.00696	0.00803	0.01072	0.00438	0.00462
36	0.01064	0.00744	0.01027	0.03110	0.01250	0.00812	0.00826	0.01300	0.01249	0.01795	0.02342	0.06369	0.02345	0.14272	0.36302	0.00741	0.01207	0.12448	0.10194	0.00603
37	0.01651	0.04587	0.30964	0.01929	0.02595	0.04366	0.13984	0.11485	0.01689	0.02343	0.01357	0.01754	0.01070	0.03566	0.03742	0.04872	0.06125	0.00619	0.00374	0.00927
38	0.00978	0.00718	0.00999	0.01015	0.01112	0.00790	0.00744	0.01162	0.01143	0.01594	0.02371	0.10084	0.05488	0.18981	0.48543	0.00910	0.01418	0.00952	0.00423	0.00576
39	0.01006	0.00760	0.01067	0.01125	0.01251	0.00733	0.03807	0.03620	0.01492	0.01979	0.05590	0.49686	0.07791	0.02073	0.03139	0.00307	0.00534	0.12786	0.00630	0.00625
40	0.01691	0.01731	0.10360	0.10902	0.17266	0.01599	0.12267	0.08124	0.04738	0.05216	0.01601	0.02044	0.01265	0.00785	0.00845	0.00226	0.07521	0.02535	0.08332	0.00952
41	0.06811	0.08383	0.06528	0.04643	0.02004	0.14754	0.01275	0.13619	0.11301	0.04418	0.03754	0.01930	0.01432	0.03304	0.04919	0.00277	0.06569	0.00612	0.02562	0.00907

[dist]
# distance from previous block
# <min> <max>
1	10

[block]
# block no. 3 follows, 30 sequences, length 17
# corresponding to MSA columns:
# 557-573
name=unknown_D
#
# <colnr> <probs for GDERKNQSTAVLIFYWHMCP>
#	G	D	E	R	K	N	Q	S	T	A	V	L	I	F	Y	W	H	M	C	P
0	0.01898	0.05995	0.08524	0.06941	0.13785	0.08410	0.03858	0.17739	0.07746	0.02699	0.03859	0.02005	0.01426	0.00807	0.00742	0.00211	0.03898	0.02331	0.04267	0.02860
1	0.00983	0.00778	0.01010	0.01031	0.01209	0.00723	0.03071	0.01274	0.04793	0.02012	0.09256	0.34063	0.21700	0.01812	0.00855	0.00261	0.00457	0.10656	0.00640	0.03416
2	0.01665	0.04004	0.09526	0.05009	0.03996	0.04227	0.06610	0.17975	0.01893	0.02540	0.02285	0.02605	0.11268	0.06224	0.05348	0.00292	0.02735	0.00745	0.00481	0.10571
3	0.07810	0.25215	0.02339	0.01384	0.01786	0.09461	0.01176	0.11484	0.08828	0.02291	0.01356	0.01664	0.01168	0.05524	0.01018	0.00231	0.12345	0.00540	0.00427	0.03951
4	0.01142	0.00615	0.00880	0.00897	0.00916	0.00604	0.00598	0.00926	0.01001	0.01320	0.01896	0.10101	0.06030	0.05213	0.02448	0.63301	0.00572	0.00820	0.00365	0.00353
5	0.01784	0.07889	0.17645	0.01794	0.06503	0.09020	0.05398	0.10744	0.15467	0.02511	0.01777	0.06838	0.01470	0.00830	0.00672	0.00208	0.00814	0.00685	0.00476	0.07476
6	0.04171	0.11368	0.19143	0.01794	0.07954	0.10564	0.03608	0.04806	0.06096	0.10426	0.01681	0.02094	0.01354	0.02813	0.05623	0.00283	0.00934	0.03888	0.00449	0.00950
7	0.00871	0.00668	0.00803	0.00864	0.00996	0.00609	0.00611	0.01039	0.01473	0.01899	0.11766	0.34372	0.29784	0.04779	0.05838	0.00330	0.00487	0.01596	0.00634	0.00583
8	0.01626	0.07854	0.21234	0.05488	0.03226	0.04389	0.36907	0.02312	0.05909	0.02189	0.01409	0.01742	0.01058	0.00640	0.00734	0.00223	0.01060	0.00686	0.00355	0.00959
9	0.04283	0.07250	0.15574	0.04920	0.25046	0.01733	0.12111	0.09469	0.01768	0.09058	0.01456	0.01703	0.01094	0.00672	0.00683	0.00212	0.00879	0.00616	0.00423	0.01047
10	0.01784	0.04089	0.10146	0.06817	0.20907	0.03206	0.03409	0.11286	0.06158	0.07880	0.06768	0.05240	0.01885	0.03618	0.00819	0.00237	0.00766	0.03502	0.00505	0.00978
11	0.00981	0.00687	0.00865	0.00958	0.01021	0.00669	0.00675	0.01108	0.01290	0.01697	0.03308	0.28192	0.06450	0.30374	0.01933	0.00443	0.00567	0.17691	0.00560	0.00531
12	0.01605	0.01738	0.06977	0.08961	0.07333	0.06438	0.14715	0.02525	0.23035	0.02339	0.05112	0.02560	0.05096	0.00901	0.00839	0.00235	0.05462	0.02698	0.00495	0.00936
13	0.01001	0.00733	0.01048	0.01048	0.01147	0.00832	0.00780	0.01199	0.01100	0.01565	0.01937	0.03116	0.01907	0.19654	0.58513	0.01030	0.01624	0.00803	0.00384	0.00582
14	0.01679	0.04344	0.16074	0.08974	0.13272	0.01626	0.01637	0.14417	0.12232	0.02642	0.03797	0.02315	0.04202	0.01052	0.04154	0.00261	0.00826	0.02720	0.00486	0.03289
15	0.01378	0.06918	0.09693	0.01309	0.03765	0.03442	0.05079	0.05008	0.05017	0.05748	0.14547	0.05901	0.26960	0.01239	0.00751	0.00221	0.00593	0.01049	0.00580	0.00802
16	0.06811	0.11354	0.21137	0.01601	0.06246	0.06611	0.01499	0.06173	0.04919	0.06476	0.01775	0.01880	0.05803	0.00742	0.00613	0.00189	0.00769	0.00569	0.00434	0.14399

[dist]
# distance from previous block
# <min> <max>
0	43

[block]
# block no. 4 follows, 30 sequences, length 29
# corresponding to MSA columns:
# 617-645
name=unknown_E
#
# <colnr> <probs for GDERKNQSTAVLIFYWHMCP>
#	G	D	E	R	K	N	Q	S	T	A	V	L	I	F	Y	W	H	M	C	P
0	0.01688	0.01597	0.03784	0.08482	0.11766	0.05472	0.12059	0.13997	0.09429	0.02646	0.10727	0.02806	0.08692	0.02757	0.00812	0.00232	0.00769	0.00833	0.00530	0.00923
1	0.01245	0.00944	0.01063	0.01054	0.01241	0.01006	0.00771	0.02008	0.24110	0.02245	0.06680	0.19156	0.06421	0.14804	0.01269	0.00324	0.00505	0.05735	0.08680	0.00739
2	0.01093	0.00815	0.01036	0.01074	0.01196	0.00832	0.00789	0.03496	0.04795	0.01910	0.03033	0.33970	0.03396	0.14956	0.06579	0.00406	0.03226	0.12196	0.00569	0.04635
3	0.00976	0.00714	0.00902	0.00945	0.01058	0.00687	0.00669	0.01278	0.05553	0.02192	0.28189	0.34264	0.07139	0.08711	0.01106	0.00294	0.00417	0.03612	0.00674	0.00621
4	0.01554	0.09737	0.04125	0.01175	0.01618	0.01335	0.00987	0.05546	0.11373	0.04649	0.08635	0.07891	0.02073	0.00897	0.00707	0.00181	0.04332	0.00720	0.05371	0.27096
5	0.01503	0.01341	0.01942	0.01416	0.01998	0.01126	0.13562	0.01849	0.01492	0.04324	0.01643	0.01868	0.05125	0.00646	0.00680	0.00149	0.04059	0.00570	0.00424	0.54281
6	0.01528	0.01379	0.01467	0.01320	0.01600	0.11283	0.04428	0.04460	0.15393	0.04598	0.18473	0.08790	0.07895	0.01595	0.07347	0.00313	0.02413	0.04306	0.00608	0.00806
7	0.01604	0.35367	0.41896	0.01640	0.02480	0.02122	0.01970	0.02157	0.01449	0.01960	0.01128	0.01318	0.00889	0.00634	0.00568	0.00189	0.00906	0.00453	0.00296	0.00972
8	0.01011	0.00726	0.00993	0.01002	0.01085	0.00798	0.00727	0.01175	0.01112	0.01552	0.02093	0.03692	0.02160	0.30094	0.43859	0.00916	0.01372	0.04673	0.00407	0.00553
9	0.01014	0.00732	0.00850	0.00860	0.01059	0.00649	0.00653	0.01220	0.01613	0.05546	0.15032	0.13711	0.39514	0.05338	0.00975	0.00269	0.00418	0.09258	0.00665	0.00625
10	0.00871	0.00622	0.00833	0.00995	0.01045	0.00585	0.00684	0.01007	0.01356	0.01804	0.03835	0.69970	0.04570	0.02167	0.00896	0.00286	0.00423	0.06830	0.00647	0.00572
11	0.80405	0.01350	0.01026	0.00918	0.01350	0.01565	0.00756	0.02051	0.01188	0.03131	0.00972	0.01134	0.00756	0.00648	0.00432	0.00216	0.00540	0.00378	0.00432	0.00756
12	0.00886	0.00691	0.00819	0.00851	0.01017	0.00624	0.00627	0.01092	0.01583	0.02041	0.19049	0.21973	0.35508	0.02013	0.05266	0.00301	0.00464	0.03938	0.00656	0.00602
13	0.19127	0.01307	0.01525	0.01214	0.01709	0.01285	0.00995	0.12718	0.01986	0.43786	0.02274	0.05643	0.01588	0.00881	0.00654	0.00218	0.00599	0.00687	0.00738	0.01066
14	0.01866	0.75896	0.03657	0.01194	0.01791	0.02761	0.01194	0.02090	0.01418	0.01642	0.00970	0.01119	0.00896	0.00597	0.00448	0.00149	0.00746	0.00373	0.00299	0.00896
15	0.00989	0.00647	0.00843	0.00953	0.01012	0.00606	0.00632	0.01100	0.01320	0.05207	0.03540	0.60650	0.04154	0.13291	0.01287	0.00340	0.00456	0.01772	0.00624	0.00576
16	0.01886	0.01523	0.01625	0.01427	0.01843	0.01737	0.01120	0.09336	0.60641	0.06537	0.02735	0.02511	0.02028	0.00933	0.00709	0.00233	0.00573	0.00771	0.00717	0.01116
17	0.80405	0.01350	0.01026	0.00918	0.01350	0.01565	0.00756	0.02051	0.01188	0.03131	0.00972	0.01134	0.00756	0.00648	0.00432	0.00216	0.00540	0.00378	0.00432	0.00756
18	0.01400	0.03610	0.71860	0.01989	0.03020	0.01621	0.02578	0.02210	0.01473	0.02210	0.01252	0.01473	0.00884	0.00663	0.00663	0.00221	0.01031	0.00516	0.00295	0.01031
19	0.00880	0.00636	0.00837	0.00966	0.01037	0.00592	0.00671	0.01040	0.01437	0.01919	0.11517	0.59751	0.08207	0.02064	0.00884	0.00276	0.00408	0.05635	0.00661	0.00583
20	0.01124	0.00803	0.01124	0.01285	0.01446	0.00803	0.01124	0.01446	0.01606	0.02088	0.03695	0.07871	0.04016	0.01928	0.00964	0.00321	0.00643	0.66426	0.00643	0.00643
21	0.01318	0.01240	0.02093	0.73798	0.04806	0.01550	0.01938	0.01783	0.01395	0.01783	0.01240	0.01860	0.00930	0.00698	0.00698	0.00233	0.00930	0.00620	0.00310	0.00775
22	0.01506	0.01381	0.02262	0.25828	0.36652	0.01498	0.01821	0.01994	0.04996	0.02115	0.01523	0.04047	0.01277	0.01001	0.05119	0.00273	0.00874	0.00679	0.04223	0.00933
23	0.01521	0.00715	0.00767	0.00722	0.00930	0.00696	0.00553	0.01840	0.01528	0.10912	0.02334	0.02574	0.01781	0.00819	0.00514	0.00169	0.00358	0.00657	0.69898	0.00715
24	0.00825	0.00707	0.00707	0.00707	0.00943	0.00589	0.00530	0.01001	0.01591	0.01885	0.07069	0.06716	0.70839	0.01767	0.00825	0.00236	0.00353	0.01473	0.00648	0.00589
25	0.02505	0.03116	0.02054	0.01828	0.02203	0.64219	0.04624	0.04845	0.01990	0.01835	0.01213	0.01552	0.01034	0.00762	0.00654	0.00189	0.01215	0.02962	0.00381	0.00821
26	0.02600	0.02505	0.02027	0.01678	0.02148	0.31293	0.01327	0.39110	0.05199	0.03231	0.01472	0.01537	0.01103	0.00793	0.00670	0.00198	0.00963	0.00560	0.00559	0.01028
27	0.00847	0.00619	0.00797	0.00940	0.01004	0.00569	0.00634	0.00975	0.01367	0.01794	0.04234	0.66795	0.12590	0.02136	0.00883	0.00278	0.00399	0.01922	0.00648	0.00569
28	0.53048	0.01376	0.01273	0.01073	0.01536	0.01513	0.00881	0.08138	0.05460	0.17593	0.01512	0.01524	0.01075	0.00726	0.00527	0.00217	0.00571	0.00491	0.00561	0.00903

[dist]
# distance from previous block
# <min> <max>
0	1

[block]
# block no. 5 follows, 30 sequences, length 25
# corresponding to MSA columns:
# 647-671
name=unknown_F
#
# <colnr> <probs for GDERKNQSTAVLIFYWHMCP>
#	G	D	E	R	K	N	Q	S	T	A	V	L	I	F	Y	W	H	M	C	P
0	0.73550	0.01363	0.01178	0.01014	0.01462	0.01547	0.03477	0.02123	0.01245	0.06384	0.01075	0.01223	0.00814	0.00656	0.00460	0.00217	0.00568	0.00411	0.00449	0.00784
1	0.01956	0.40318	0.18776	0.01527	0.02168	0.18195	0.01549	0.04779	0.01626	0.01890	0.01085	0.01252	0.00905	0.00649	0.00547	0.00175	0.00927	0.00432	0.00326	0.00918
2	0.01390	0.01132	0.01243	0.03568	0.01522	0.01193	0.00884	0.11070	0.22704	0.02656	0.13258	0.07349	0.26578	0.01327	0.00771	0.00232	0.00489	0.01114	0.00678	0.00842
3	0.01978	0.23664	0.22706	0.01713	0.06780	0.01940	0.01650	0.09198	0.06306	0.13048	0.01546	0.01625	0.01148	0.00726	0.00666	0.00201	0.03073	0.00543	0.00456	0.01033
4	0.04201	0.10106	0.11950	0.01560	0.02115	0.10730	0.01410	0.26768	0.16195	0.03072	0.03951	0.01827	0.01436	0.00809	0.00657	0.00207	0.00799	0.00610	0.00554	0.01041
5	0.01301	0.00650	0.00650	0.00650	0.00813	0.00650	0.00488	0.01626	0.01463	0.02602	0.02276	0.02602	0.01789	0.00813	0.00488	0.00163	0.00325	0.00650	0.79350	0.00650
6	0.04034	0.00753	0.00959	0.00974	0.01040	0.00818	0.00679	0.01160	0.01128	0.01610	0.02314	0.15326	0.02545	0.33759	0.23942	0.00703	0.04104	0.03166	0.00447	0.00542
7	0.01747	0.10994	0.09963	0.02512	0.18844	0.07388	0.16147	0.07003	0.01656	0.02203	0.01443	0.06999	0.01277	0.00812	0.00850	0.00221	0.07902	0.00710	0.00382	0.00947
8	0.01652	0.01239	0.01398	0.01274	0.01584	0.01384	0.00996	0.02840	0.39246	0.09273	0.03086	0.09494	0.07300	0.01157	0.00837	0.00241	0.05669	0.03534	0.06845	0.00949
9	0.01301	0.00650	0.00650	0.00650	0.00813	0.00650	0.00488	0.01626	0.01463	0.02602	0.02276	0.02602	0.01789	0.00813	0.00488	0.00163	0.00325	0.00650	0.79350	0.00650
10	0.02084	0.08334	0.02547	0.07511	0.21452	0.18374	0.07962	0.12073	0.06447	0.04474	0.01431	0.01661	0.01121	0.00705	0.00672	0.00203	0.00928	0.00594	0.00434	0.00994
11	0.01278	0.00830	0.00916	0.00863	0.00965	0.03261	0.00557	0.01369	0.01317	0.08863	0.12658	0.04405	0.05709	0.51120	0.02637	0.00525	0.00624	0.01018	0.00527	0.00557
12	0.00951	0.00685	0.00903	0.00923	0.01049	0.00636	0.00674	0.01217	0.01765	0.02459	0.47602	0.26663	0.05879	0.01679	0.00849	0.00243	0.00365	0.04102	0.00726	0.00630
13	0.01460	0.01491	0.02844	0.44511	0.08960	0.01632	0.25009	0.01964	0.01496	0.01974	0.01305	0.01859	0.00987	0.00655	0.00741	0.00232	0.01008	0.00691	0.00327	0.00855
14	0.01811	0.13859	0.14363	0.02043	0.07350	0.11792	0.13296	0.08641	0.01677	0.02167	0.01271	0.01607	0.01038	0.01097	0.06737	0.00287	0.09091	0.00586	0.00365	0.00921
15	0.00923	0.00698	0.00832	0.00893	0.01034	0.00640	0.00661	0.01103	0.01493	0.01908	0.10578	0.22318	0.29220	0.11363	0.01216	0.00317	0.00457	0.13139	0.00628	0.00578
16	0.01072	0.00867	0.01161	0.01153	0.01288	0.04206	0.00894	0.01318	0.01161	0.01624	0.01832	0.02673	0.01705	0.05024	0.69364	0.01078	0.01841	0.00734	0.00373	0.00632
17	0.01759	0.01384	0.01744	0.07028	0.14268	0.01481	0.01263	0.10912	0.25410	0.08296	0.05875	0.03008	0.12540	0.00998	0.00726	0.00225	0.00619	0.00846	0.00620	0.00999
18	0.67056	0.01342	0.01192	0.01199	0.06995	0.01512	0.00874	0.02119	0.01274	0.06852	0.01143	0.01301	0.00873	0.00663	0.00470	0.00213	0.00559	0.00425	0.03134	0.00804
19	0.01010	0.00697	0.00866	0.00866	0.00902	0.00733	0.00553	0.01082	0.01046	0.01431	0.02103	0.04037	0.02307	0.55089	0.23624	0.00806	0.01023	0.00937	0.00409	0.00481
20	0.00875	0.00644	0.00814	0.00940	0.01024	0.00595	0.00655	0.01017	0.01390	0.01807	0.04350	0.54156	0.16533	0.05231	0.00999	0.00295	0.00426	0.07041	0.00638	0.00571
21	0.45065	0.01511	0.01455	0.04331	0.03829	0.01717	0.01027	0.20162	0.07347	0.03363	0.03358	0.01565	0.01170	0.00747	0.00557	0.00216	0.00621	0.00522	0.00528	0.00909
22	0.01077	0.00810	0.00884	0.00909	0.01061	0.03715	0.00659	0.03028	0.01582	0.02174	0.15249	0.28345	0.16790	0.01809	0.04774	0.00283	0.00495	0.01361	0.14363	0.00631
23	0.07893	0.01854	0.01556	0.01368	0.01725	0.20718	0.01059	0.15188	0.13574	0.04464	0.07645	0.02698	0.07093	0.05530	0.02946	0.00266	0.00800	0.02178	0.00568	0.00877
24	0.19340	0.01636	0.01513	0.01279	0.01658	0.13521	0.03813	0.16844	0.01908	0.02833	0.06852	0.02084	0.03859	0.01061	0.03448	0.03653	0.00746	0.00624	0.09376	0.03952

[dist]
# distance from previous block
# <min> <max>
1	4

[block]
# block no. 6 follows, 30 sequences, length 38
# corresponding to MSA columns:
# 677-714
name=unknown_G
#
# <colnr> <probs for GDERKNQSTAVLIFYWHMCP>
#	G	D	E	R	K	N	Q	S	T	A	V	L	I	F	Y	W	H	M	C	P
0	0.25752	0.01802	0.01500	0.01289	0.01680	0.17874	0.01024	0.13985	0.01858	0.10669	0.01547	0.03754	0.01208	0.00810	0.00654	0.00206	0.03867	0.00562	0.09084	0.00876
1	0.01567	0.01486	0.02307	0.38351	0.26747	0.03738	0.01888	0.04788	0.01549	0.02082	0.01266	0.01754	0.01004	0.00690	0.00746	0.00217	0.03749	0.00605	0.00345	0.05121
2	0.01448	0.18363	0.47760	0.01670	0.02469	0.01721	0.02010	0.02012	0.01406	0.01983	0.01340	0.04640	0.01130	0.03999	0.00861	0.04472	0.00907	0.00573	0.00316	0.00919
3	0.00932	0.00673	0.00847	0.00923	0.01016	0.00633	0.00652	0.01098	0.01452	0.01930	0.15515	0.34406	0.12447	0.14931	0.01350	0.00341	0.00462	0.09195	0.00628	0.00569
4	0.06128	0.05774	0.01797	0.01480	0.03707	0.16520	0.01146	0.23350	0.02154	0.10797	0.01944	0.06356	0.03680	0.01086	0.00863	0.07177	0.00786	0.03786	0.00560	0.00910
5	0.01460	0.01359	0.02286	0.50932	0.12441	0.01630	0.05512	0.01884	0.01411	0.03779	0.01262	0.01820	0.00979	0.00749	0.00892	0.00238	0.09568	0.00633	0.00331	0.00835
6	0.01727	0.01658	0.02832	0.04283	0.71123	0.01658	0.02142	0.02142	0.01589	0.02280	0.01313	0.01727	0.01105	0.00622	0.00691	0.00207	0.00829	0.00622	0.00345	0.01105
7	0.01046	0.00762	0.00953	0.01022	0.01176	0.00739	0.00770	0.01385	0.06948	0.03971	0.08671	0.34253	0.16806	0.02003	0.03931	0.00307	0.00513	0.13435	0.00654	0.00654
8	0.01716	0.01432	0.01492	0.01323	0.01611	0.08886	0.01044	0.16073	0.10841	0.04526	0.02385	0.02844	0.07723	0.05003	0.18794	0.00466	0.06079	0.03087	0.03832	0.00843
9	0.01568	0.01322	0.01433	0.01298	0.01641	0.01493	0.01004	0.03170	0.54599	0.02892	0.18110	0.03190	0.03132	0.01055	0.00735	0.00233	0.00502	0.00895	0.00723	0.01004
10	0.01044	0.00783	0.00997	0.01112	0.01233	0.00792	0.00829	0.01480	0.11265	0.02020	0.03665	0.48325	0.04112	0.01945	0.00882	0.00286	0.00484	0.17428	0.00655	0.00663
11	0.01489	0.01510	0.05312	0.42331	0.31887	0.01597	0.02048	0.01948	0.01478	0.02004	0.01270	0.01790	0.01000	0.00665	0.00693	0.00222	0.00893	0.00616	0.00324	0.00921
12	0.01674	0.01874	0.06269	0.05878	0.03197	0.04856	0.44937	0.05706	0.05349	0.02310	0.01646	0.02347	0.01342	0.00764	0.00845	0.00240	0.03256	0.06179	0.00408	0.00923
13	0.02591	0.02183	0.02043	0.01631	0.02143	0.15236	0.01318	0.52763	0.06898	0.03813	0.01632	0.01652	0.01188	0.00822	0.00686	0.00205	0.00847	0.00604	0.00636	0.01112
14	0.00971	0.00717	0.00918	0.00997	0.01104	0.00697	0.00708	0.01308	0.07170	0.02155	0.21304	0.47951	0.04902	0.01874	0.00861	0.00264	0.00407	0.04369	0.00684	0.00638
15	0.01662	0.01229	0.04629	0.01237	0.01511	0.04247	0.00987	0.09494	0.05309	0.14176	0.02782	0.27935	0.04055	0.04716	0.05696	0.02476	0.03755	0.02683	0.00614	0.00807
16	0.01727	0.01658	0.02832	0.04283	0.71123	0.01658	0.02142	0.02142	0.01589	0.02280	0.01313	0.01727	0.01105	0.00622	0.00691	0.00207	0.00829	0.00622	0.00345	0.01105
17	0.01630	0.00976	0.01247	0.01181	0.01469	0.00943	0.00986	0.08823	0.01911	0.16330	0.13359	0.05597	0.11797	0.01509	0.00846	0.00263	0.00566	0.29050	0.00711	0.00805
18	0.01400	0.03610	0.71860	0.01989	0.03020	0.01621	0.02578	0.02210	0.01473	0.02210	0.01252	0.01473	0.00884	0.00663	0.00663	0.00221	0.01031	0.00516	0.00295	0.01031
19	0.02167	0.04040	0.01792	0.01628	0.04553	0.30645	0.01227	0.05869	0.03698	0.12120	0.03951	0.09385	0.01885	0.01058	0.00841	0.00223	0.06940	0.06599	0.00519	0.00859
20	0.01635	0.00881	0.01156	0.01004	0.01286	0.00807	0.00782	0.02012	0.04643	0.22645	0.48483	0.04292	0.05009	0.01245	0.00784	0.00219	0.00414	0.01082	0.00793	0.00829
21	0.01256	0.00659	0.00691	0.00683	0.00846	0.00652	0.00512	0.01582	0.01537	0.02630	0.12133	0.02977	0.02479	0.00901	0.00536	0.00171	0.00326	0.00738	0.68039	0.00652
22	0.00997	0.00748	0.01121	0.01121	0.01246	0.00872	0.00872	0.01246	0.01121	0.01620	0.01869	0.02741	0.01745	0.05234	0.72710	0.01121	0.01869	0.00748	0.00374	0.00623
23	0.02233	0.02304	0.05685	0.01697	0.02146	0.30323	0.06840	0.02975	0.19870	0.12179	0.01954	0.02171	0.01513	0.00847	0.00696	0.00214	0.00926	0.03935	0.00535	0.00956
24	0.00876	0.00678	0.00799	0.00835	0.00991	0.00600	0.00601	0.01076	0.01613	0.02094	0.22902	0.27586	0.33233	0.01808	0.00845	0.00246	0.00363	0.01576	0.00680	0.00600
25	0.01770	0.01580	0.02703	0.11798	0.40068	0.01650	0.10562	0.02233	0.03986	0.08072	0.01459	0.01832	0.01151	0.00711	0.00850	0.00224	0.07273	0.00660	0.00396	0.01022
26	0.00959	0.00714	0.00894	0.00855	0.01034	0.00649	0.00646	0.01258	0.01890	0.02600	0.56455	0.05579	0.19125	0.01507	0.00827	0.00225	0.00342	0.03055	0.00741	0.00644
27	0.01318	0.01240	0.02093	0.73798	0.04806	0.01550	0.01938	0.01783	0.01395	0.01783	0.01240	0.01860	0.00930	0.00698	0.00698	0.00233	0.00930	0.00620	0.00310	0.00775
28	0.80405	0.01350	0.01026	0.00918	0.01350	0.01565	0.00756	0.02051	0.01188	0.03131	0.00972	0.01134	0.00756	0.00648	0.00432	0.00216	0.00540	0.00378	0.00432	0.00756
29	0.30995	0.01781	0.01607	0.01340	0.01808	0.08183	0.01083	0.27752	0.13318	0.03450	0.01555	0.01592	0.01158	0.00775	0.00596	0.00214	0.00693	0.00547	0.00572	0.00981
30	0.01400	0.03610	0.71860	0.01989	0.03020	0.01621	0.02578	0.02210	0.01473	0.02210	0.01252	0.01473	0.00884	0.00663	0.00663	0.00221	0.01031	0.00516	0.00295	0.01031
31	0.08207	0.00962	0.01125	0.00998	0.01340	0.00893	0.00800	0.02054	0.05286	0.24066	0.10947	0.04632	0.27452	0.01329	0.00760	0.00234	0.00478	0.06896	0.00713	0.00829
32	0.01926	0.01188	0.01463	0.01093	0.01655	0.00938	0.00877	0.02213	0.01608	0.23397	0.01853	0.05995	0.01453	0.00719	0.00595	0.00148	0.00534	0.00592	0.00564	0.51187
33	0.01796	0.01647	0.02502	0.03522	0.53413	0.05629	0.01862	0.02175	0.01621	0.05938	0.01494	0.02029	0.01272	0.00699	0.00686	0.00203	0.00803	0.04030	0.00396	0.08285
34	0.01416	0.01131	0.01563	0.01400	0.01439	0.01444	0.01102	0.01486	0.01123	0.04920	0.01524	0.09103	0.01555	0.07719	0.03814	0.14718	0.39458	0.00785	0.03655	0.00645
35	0.15499	0.00904	0.01041	0.01064	0.01312	0.00888	0.00862	0.01514	0.01478	0.05091	0.03402	0.19003	0.11369	0.01567	0.00788	0.00262	0.00529	0.25638	0.00596	0.07191
36	0.01362	0.00953	0.01101	0.01116	0.01285	0.03817	0.00802	0.08813	0.04069	0.08514	0.03357	0.54671	0.03732	0.01812	0.00835	0.00263	0.00503	0.01611	0.00663	0.00721
37	0.02047	0.04427	0.03493	0.01279	0.01702	0.01219	0.04507	0.08997	0.09337	0.26678	0.11064	0.06259	0.08986	0.04169	0.00855	0.00243	0.00597	0.02483	0.00700	0.00958

[dist]
# distance from previous block
# <min> <max>
3	12

[block]
# block no. 7 follows, 30 sequences, length 7
# corresponding to MSA columns:
# 727-733
name=unknown_H
#
# <colnr> <probs for GDERKNQSTAVLIFYWHMCP>
#	G	D	E	R	K	N	Q	S	T	A	V	L	I	F	Y	W	H	M	C	P
0	0.01677	0.09896	0.04609	0.01413	0.01791	0.14949	0.03350	0.06216	0.05710	0.02184	0.10009	0.02446	0.01986	0.01549	0.11544	0.00337	0.05667	0.03858	0.00461	0.10350
1	0.05757	0.04573	0.06127	0.01452	0.03897	0.16585	0.01159	0.02308	0.09377	0.10768	0.04449	0.02246	0.01642	0.06588	0.14944	0.00415	0.03498	0.00655	0.00482	0.03078
2	0.01746	0.17681	0.15197	0.01429	0.01918	0.04372	0.01372	0.06093	0.09112	0.08999	0.09306	0.05890	0.04014	0.00965	0.00837	0.00217	0.08699	0.00731	0.00503	0.00920
3	0.11422	0.27677	0.28132	0.01493	0.02198	0.02019	0.01645	0.09335	0.01595	0.02333	0.01203	0.01406	0.00955	0.00923	0.04741	0.00247	0.00893	0.00476	0.00361	0.00944
4	0.01779	0.28475	0.12752	0.01487	0.05963	0.01871	0.01342	0.11120	0.04008	0.06799	0.07615	0.04885	0.07364	0.00891	0.00631	0.00196	0.00702	0.00699	0.00484	0.00937
5	0.01937	0.68882	0.03494	0.01252	0.01826	0.09518	0.01209	0.02157	0.01472	0.01648	0.00981	0.01133	0.00896	0.00609	0.00465	0.00152	0.00796	0.00381	0.00304	0.00887
6	0.01400	0.03610	0.71860	0.01989	0.03020	0.01621	0.02578	0.02210	0.01473	0.02210	0.01252	0.01473	0.00884	0.00663	0.00663	0.00221	0.01031	0.00516	0.00295	0.01031

[dist]
# distance from previous block
# <min> <max>
0	5

# created by:
# /home/cegg/simao/soft/augustus-3.2.1/scripts/msa2prfl.pl ./align_prep/EOG090W0DWN.fa
