[name]
unknown

[dist]
# distance from previous block
# <min> <max>
0	22

[block]
# block no. 0 follows, 31 sequences, length 11
# corresponding to MSA columns:
# 22-32
name=unknown_A
#
# <colnr> <probs for GDERKNQSTAVLIFYWHMCP>
#	G	D	E	R	K	N	Q	S	T	A	V	L	I	F	Y	W	H	M	C	P
0	0.04044	0.05810	0.01744	0.01518	0.04077	0.14982	0.01191	0.14887	0.03785	0.05084	0.01945	0.06306	0.01823	0.01559	0.09107	0.00331	0.07885	0.12583	0.00503	0.00834
1	0.01343	0.00915	0.01108	0.01069	0.01236	0.04488	0.03437	0.04038	0.01461	0.09610	0.02863	0.37032	0.03049	0.11270	0.04583	0.00336	0.00598	0.01305	0.09592	0.00666
2	0.00842	0.00643	0.00796	0.00884	0.00996	0.00597	0.00622	0.00993	0.01368	0.01762	0.04586	0.44637	0.26127	0.02349	0.09084	0.00356	0.00544	0.01643	0.00605	0.00569
3	0.01721	0.01703	0.04856	0.02001	0.05457	0.06631	0.26434	0.15395	0.03724	0.02701	0.14195	0.02511	0.04034	0.00837	0.00740	0.00214	0.00833	0.00810	0.04301	0.00902
4	0.05340	0.17309	0.10753	0.01462	0.01993	0.08860	0.06384	0.12630	0.09973	0.05179	0.02088	0.02138	0.08438	0.00821	0.00627	0.00198	0.00758	0.00645	0.03482	0.00922
5	0.00977	0.00733	0.01100	0.01100	0.01222	0.00855	0.00855	0.01222	0.01100	0.01588	0.01833	0.02688	0.01710	0.05131	0.73245	0.01100	0.01833	0.00733	0.00367	0.00611
6	0.22172	0.08319	0.03821	0.01178	0.01573	0.01511	0.00993	0.18872	0.03558	0.06370	0.01955	0.14645	0.01814	0.01160	0.02907	0.00246	0.00637	0.03702	0.03711	0.00854
7	0.08305	0.18632	0.02244	0.01433	0.01932	0.11924	0.01204	0.35845	0.04482	0.03124	0.01458	0.03803	0.01164	0.00784	0.00607	0.00192	0.00779	0.00564	0.00530	0.00995
8	0.06751	0.25690	0.12461	0.01364	0.01910	0.04024	0.01295	0.22368	0.04122	0.02606	0.01399	0.01748	0.01176	0.09256	0.00902	0.00241	0.00766	0.00549	0.00447	0.00927
9	0.02083	0.09252	0.16020	0.01596	0.02157	0.02003	0.01516	0.37508	0.04490	0.03219	0.01467	0.01596	0.01097	0.00810	0.00825	0.00212	0.09191	0.00574	0.03346	0.01038
10	0.01967	0.22341	0.18266	0.09822	0.02506	0.02092	0.01609	0.28392	0.02114	0.02807	0.01314	0.01471	0.00991	0.00703	0.00610	0.00194	0.00823	0.00523	0.00446	0.01006

[dist]
# distance from previous block
# <min> <max>
5	37

[block]
# block no. 1 follows, 31 sequences, length 13
# corresponding to MSA columns:
# 71-83
name=unknown_B
#
# <colnr> <probs for GDERKNQSTAVLIFYWHMCP>
#	G	D	E	R	K	N	Q	S	T	A	V	L	I	F	Y	W	H	M	C	P
0	0.05629	0.01610	0.02089	0.10537	0.13309	0.07364	0.08688	0.17923	0.04511	0.02669	0.07327	0.06198	0.03822	0.00882	0.00741	0.00215	0.02761	0.00759	0.00495	0.02471
1	0.03771	0.06660	0.11506	0.02105	0.19124	0.11987	0.03114	0.05256	0.03540	0.05628	0.01866	0.04877	0.06564	0.00792	0.00645	0.00192	0.00786	0.00655	0.00427	0.10505
2	0.01657	0.01429	0.02011	0.28912	0.20679	0.06215	0.01609	0.05781	0.04490	0.07798	0.01839	0.06675	0.04139	0.00953	0.02687	0.00243	0.00827	0.00732	0.00434	0.00890
3	0.00834	0.00595	0.00794	0.00953	0.00992	0.00556	0.00635	0.00953	0.01310	0.01746	0.03771	0.75510	0.04525	0.02143	0.00873	0.00278	0.00397	0.01945	0.00635	0.00556
4	0.01491	0.01214	0.01411	0.01041	0.01600	0.00974	0.00826	0.03903	0.04849	0.04416	0.03258	0.01721	0.01291	0.03380	0.00646	0.00138	0.00519	0.00482	0.00451	0.66392
5	0.01154	0.00884	0.01229	0.03851	0.05961	0.00837	0.03298	0.01485	0.05389	0.04248	0.12060	0.36621	0.05186	0.01477	0.00768	0.00231	0.00482	0.01330	0.03901	0.09611
6	0.01824	0.01256	0.01492	0.01105	0.01681	0.01040	0.00891	0.05494	0.05970	0.16305	0.01631	0.01682	0.01224	0.00616	0.00563	0.00137	0.00536	0.00495	0.00525	0.55532
7	0.04008	0.04809	0.10662	0.03411	0.13817	0.18365	0.03132	0.12477	0.04638	0.07834	0.03687	0.04784	0.01396	0.00786	0.00658	0.00200	0.00856	0.00630	0.00469	0.03384
8	0.03601	0.03296	0.05023	0.01421	0.06029	0.01380	0.01086	0.22071	0.08203	0.04881	0.04388	0.13396	0.06324	0.08408	0.00983	0.00263	0.00625	0.03300	0.00583	0.04740
9	0.01016	0.00774	0.00887	0.00909	0.01060	0.00746	0.00642	0.05626	0.05347	0.02000	0.07378	0.33592	0.24353	0.11044	0.01154	0.00302	0.00443	0.01490	0.00620	0.00618
10	0.01293	0.01146	0.05989	0.01325	0.05066	0.01029	0.01002	0.09236	0.06284	0.03968	0.03032	0.39654	0.06155	0.01548	0.00836	0.00247	0.03075	0.03356	0.00587	0.05172
11	0.17625	0.01618	0.01835	0.07114	0.05487	0.07376	0.07348	0.21036	0.07267	0.02966	0.07768	0.03926	0.04047	0.00854	0.00658	0.00214	0.00722	0.00697	0.00533	0.00906
12	0.01447	0.02870	0.04062	0.05464	0.07042	0.01103	0.04082	0.09072	0.04055	0.05127	0.09201	0.12376	0.06607	0.01364	0.01107	0.16020	0.00606	0.00901	0.02731	0.04761

[dist]
# distance from previous block
# <min> <max>
1	10

[block]
# block no. 2 follows, 31 sequences, length 35
# corresponding to MSA columns:
# 94-104,106-129
name=unknown_C
#
# <colnr> <probs for GDERKNQSTAVLIFYWHMCP>
#	G	D	E	R	K	N	Q	S	T	A	V	L	I	F	Y	W	H	M	C	P
0	0.01744	0.01652	0.06234	0.04282	0.04431	0.07031	0.06538	0.12538	0.09219	0.05234	0.06094	0.02254	0.05044	0.00912	0.00939	0.00219	0.13193	0.00700	0.07700	0.04043
1	0.01493	0.13717	0.36749	0.01643	0.04348	0.01647	0.01784	0.02277	0.11934	0.02220	0.03912	0.01694	0.01279	0.00688	0.00611	0.00192	0.00797	0.00540	0.00386	0.12090
2	0.01649	0.14001	0.29991	0.01898	0.08678	0.05205	0.07095	0.02227	0.04579	0.06980	0.07386	0.01858	0.01498	0.00719	0.00644	0.00200	0.00846	0.00598	0.00402	0.03547
3	0.03773	0.10856	0.01718	0.01272	0.03137	0.01453	0.01019	0.06597	0.01638	0.02339	0.25618	0.02984	0.06952	0.01097	0.01067	0.00217	0.18980	0.00815	0.00517	0.07951
4	0.03683	0.04233	0.14957	0.01194	0.04198	0.00980	0.01055	0.01471	0.03547	0.02121	0.17688	0.13264	0.20669	0.06811	0.00947	0.00258	0.00546	0.01120	0.00546	0.00713
5	0.01796	0.66635	0.03452	0.04309	0.08226	0.02562	0.01284	0.02041	0.01404	0.01672	0.00992	0.01180	0.00898	0.00591	0.00470	0.00155	0.00746	0.00397	0.00297	0.00892
6	0.01975	0.40831	0.07420	0.01392	0.01887	0.26198	0.01261	0.02214	0.01583	0.01701	0.03759	0.01461	0.01159	0.03793	0.00654	0.00185	0.00901	0.00460	0.00335	0.00830
7	0.01423	0.01196	0.01397	0.01021	0.01586	0.00934	0.00814	0.04282	0.01535	0.02356	0.07603	0.01763	0.01514	0.00600	0.00541	0.00116	0.00499	0.00489	0.00448	0.69884
8	0.04840	0.03926	0.09717	0.01934	0.15045	0.01575	0.01424	0.23004	0.02040	0.10344	0.03906	0.12401	0.01776	0.00974	0.00758	0.00220	0.03775	0.00803	0.00551	0.00988
9	0.01452	0.08015	0.12142	0.02063	0.17457	0.09242	0.06899	0.01793	0.01502	0.01962	0.02232	0.22341	0.05486	0.01109	0.00712	0.00220	0.00755	0.00985	0.02807	0.00826
10	0.01434	0.01424	0.01968	0.01696	0.01717	0.01958	0.01408	0.01586	0.01094	0.01665	0.01446	0.01959	0.07305	0.01246	0.02115	0.00293	0.67948	0.00676	0.00330	0.00733
11	0.14628	0.32768	0.09404	0.01534	0.02093	0.11656	0.09915	0.04512	0.01512	0.02077	0.01069	0.01280	0.00886	0.00645	0.00602	0.00186	0.03559	0.00463	0.00342	0.00868
12	0.74536	0.04221	0.04069	0.00953	0.01407	0.01581	0.00831	0.02019	0.01184	0.02977	0.00964	0.01125	0.00751	0.00634	0.00433	0.00209	0.00557	0.00376	0.00413	0.00757
13	0.01343	0.01268	0.02143	0.65481	0.13148	0.01533	0.01925	0.01792	0.01392	0.01809	0.01225	0.01808	0.00934	0.00675	0.00683	0.00225	0.00899	0.00608	0.00308	0.00801
14	0.00993	0.00798	0.00938	0.00885	0.01111	0.00736	0.02125	0.04159	0.04372	0.02258	0.24811	0.10300	0.39326	0.01571	0.00806	0.00230	0.00392	0.02873	0.00667	0.00649
15	0.01292	0.01216	0.02052	0.74312	0.04712	0.01520	0.01900	0.01748	0.01368	0.01748	0.01216	0.01824	0.00912	0.00684	0.00684	0.00228	0.00912	0.00608	0.00304	0.00760
16	0.05306	0.01984	0.01968	0.01554	0.02067	0.08529	0.01266	0.56032	0.08061	0.03919	0.01650	0.01655	0.01192	0.00812	0.00670	0.00205	0.00773	0.00603	0.00646	0.01109
17	0.00994	0.00668	0.00772	0.00772	0.00781	0.00678	0.00447	0.01012	0.01003	0.01346	0.02132	0.04344	0.02430	0.70696	0.08664	0.00696	0.00750	0.00975	0.00411	0.00429
18	0.04599	0.01401	0.01960	0.02264	0.28414	0.01262	0.01334	0.04685	0.01573	0.07368	0.01357	0.01587	0.01085	0.00588	0.00589	0.00156	0.00640	0.00511	0.00423	0.38205
19	0.01497	0.01497	0.02095	0.01796	0.01796	0.02095	0.01497	0.01646	0.01048	0.01646	0.00898	0.01497	0.00898	0.01197	0.02245	0.00299	0.74704	0.00599	0.00299	0.00748
20	0.01375	0.03141	0.59641	0.02034	0.05606	0.01536	0.07334	0.02106	0.01495	0.02211	0.06068	0.01737	0.01273	0.00694	0.00674	0.00217	0.00966	0.00582	0.00327	0.00982
21	0.01303	0.01216	0.01994	0.67652	0.04431	0.01465	0.01801	0.01746	0.01373	0.01792	0.01216	0.01787	0.00921	0.00668	0.00668	0.00216	0.00875	0.00590	0.00313	0.07973
22	0.76858	0.05059	0.01134	0.00913	0.01345	0.01593	0.00762	0.02013	0.01176	0.02997	0.00953	0.01111	0.00748	0.00633	0.00424	0.00208	0.00539	0.00370	0.00417	0.00748
23	0.02274	0.02776	0.01742	0.01579	0.01922	0.57854	0.01190	0.05767	0.01941	0.01834	0.02042	0.02125	0.12370	0.00878	0.00651	0.00187	0.01065	0.00613	0.00415	0.00776
24	0.01188	0.00594	0.00891	0.00891	0.00891	0.00594	0.00594	0.00891	0.00891	0.01188	0.01188	0.02080	0.01188	0.02377	0.02674	0.80095	0.00594	0.00594	0.00297	0.00297
25	0.02825	0.01417	0.01653	0.01288	0.01808	0.06507	0.01051	0.10662	0.03857	0.52448	0.02354	0.02111	0.01535	0.00811	0.00670	0.00201	0.00643	0.00644	0.00756	0.06760
26	0.01922	0.01579	0.01671	0.01437	0.01863	0.01805	0.01136	0.19752	0.53978	0.03217	0.02505	0.02330	0.01862	0.00902	0.00693	0.00225	0.00593	0.00735	0.00693	0.01103
27	0.00938	0.00674	0.00922	0.00971	0.01038	0.00718	0.00683	0.01085	0.01139	0.01574	0.02502	0.25385	0.02756	0.21064	0.34517	0.00744	0.01115	0.01166	0.00460	0.00547
28	0.00936	0.00694	0.00872	0.00836	0.01004	0.00631	0.00624	0.01226	0.01848	0.02553	0.57800	0.08065	0.17408	0.01484	0.00810	0.00220	0.00330	0.01300	0.00729	0.00631
29	0.00997	0.00741	0.01053	0.01044	0.01136	0.00852	0.00779	0.01186	0.01075	0.01533	0.01874	0.03039	0.01854	0.20358	0.55952	0.00980	0.03813	0.00786	0.00375	0.00573
30	0.00959	0.00714	0.00822	0.00799	0.01009	0.00625	0.00607	0.01192	0.01700	0.04745	0.29102	0.07742	0.41801	0.01600	0.00810	0.00229	0.00359	0.03877	0.00684	0.00624
31	0.01747	0.13316	0.08302	0.01346	0.04455	0.04539	0.01156	0.07129	0.01612	0.07211	0.01303	0.01456	0.01033	0.00605	0.00580	0.00145	0.02062	0.00457	0.00423	0.41122
32	0.01148	0.00794	0.01067	0.01018	0.01179	0.00860	0.00787	0.01448	0.03411	0.05721	0.16291	0.03429	0.07911	0.05261	0.35248	0.00648	0.04657	0.00880	0.07582	0.00662
33	0.01597	0.04227	0.28742	0.04075	0.08673	0.06575	0.04079	0.04528	0.04846	0.05415	0.03146	0.04824	0.02645	0.00799	0.00665	0.00204	0.00827	0.03246	0.00416	0.10470
34	0.06230	0.06763	0.09171	0.06710	0.04063	0.01295	0.01179	0.05451	0.03642	0.09688	0.04198	0.01707	0.01295	0.00651	0.00576	0.00161	0.00630	0.00517	0.00460	0.35613

[dist]
# distance from previous block
# <min> <max>
2	22

[block]
# block no. 3 follows, 31 sequences, length 11
# corresponding to MSA columns:
# 153-163
name=unknown_D
#
# <colnr> <probs for GDERKNQSTAVLIFYWHMCP>
#	G	D	E	R	K	N	Q	S	T	A	V	L	I	F	Y	W	H	M	C	P
0	0.00902	0.00657	0.00839	0.00941	0.01035	0.00616	0.00679	0.01071	0.01420	0.01868	0.10448	0.41616	0.13644	0.08550	0.01103	0.00306	0.00446	0.12666	0.00626	0.00567
1	0.01506	0.08579	0.17547	0.08608	0.02314	0.08506	0.08166	0.05712	0.01555	0.02067	0.04254	0.13066	0.01781	0.03947	0.00886	0.00237	0.05159	0.00811	0.04484	0.00812
2	0.01955	0.21249	0.09964	0.01668	0.06126	0.06179	0.05106	0.16043	0.04314	0.08049	0.01624	0.08034	0.01387	0.00849	0.00714	0.00203	0.04442	0.00666	0.00472	0.00956
3	0.01032	0.00668	0.00852	0.00895	0.00950	0.00659	0.00594	0.01101	0.05191	0.01551	0.02799	0.26827	0.08504	0.16944	0.01978	0.26782	0.00520	0.01196	0.00482	0.00475
4	0.01309	0.01002	0.01615	0.06773	0.01892	0.00955	0.13471	0.01635	0.01615	0.08713	0.10960	0.09752	0.17242	0.01351	0.00810	0.00247	0.00623	0.15812	0.03493	0.00730
5	0.01829	0.16935	0.08706	0.02323	0.20890	0.15447	0.07688	0.04241	0.06716	0.02063	0.01506	0.01777	0.03337	0.02841	0.00714	0.00207	0.00884	0.00588	0.00377	0.00934
6	0.05807	0.01777	0.10993	0.01858	0.10106	0.05416	0.08757	0.17095	0.04719	0.04734	0.13436	0.08135	0.02277	0.00940	0.00712	0.00217	0.00738	0.00819	0.00538	0.00927
7	0.01150	0.00753	0.00901	0.00879	0.01076	0.00698	0.00652	0.01473	0.05435	0.08400	0.24170	0.20161	0.21786	0.01520	0.00777	0.00229	0.00380	0.01318	0.07566	0.00678
8	0.01202	0.04856	0.05100	0.03571	0.01559	0.03626	0.05182	0.05376	0.01613	0.02106	0.09178	0.21476	0.20493	0.01412	0.00761	0.00228	0.00557	0.04219	0.02707	0.04778
9	0.08579	0.09962	0.11916	0.04024	0.09164	0.12920	0.04560	0.08276	0.06003	0.09340	0.03999	0.01714	0.01282	0.00752	0.00712	0.00206	0.04626	0.00573	0.00452	0.00942
10	0.04982	0.04141	0.11067	0.06034	0.08580	0.01346	0.06350	0.03901	0.05796	0.02086	0.01945	0.15713	0.01900	0.08316	0.03191	0.00298	0.07346	0.00890	0.05329	0.00789

[dist]
# distance from previous block
# <min> <max>
7	12

[block]
# block no. 4 follows, 31 sequences, length 29
# corresponding to MSA columns:
# 178-206
name=unknown_E
#
# <colnr> <probs for GDERKNQSTAVLIFYWHMCP>
#	G	D	E	R	K	N	Q	S	T	A	V	L	I	F	Y	W	H	M	C	P
0	0.01821	0.31395	0.20050	0.01607	0.04182	0.07607	0.05192	0.07947	0.01666	0.04776	0.04108	0.01522	0.01181	0.00672	0.00580	0.00181	0.00836	0.00508	0.00378	0.03790
1	0.06781	0.34045	0.15079	0.01640	0.04019	0.08497	0.09073	0.07399	0.01608	0.02115	0.01128	0.01323	0.00918	0.00626	0.00559	0.00180	0.00857	0.00474	0.00347	0.03332
2	0.00963	0.00700	0.00856	0.00887	0.00971	0.00680	0.00594	0.01071	0.01223	0.01665	0.03145	0.33594	0.09333	0.26428	0.04494	0.00418	0.02980	0.01357	0.03304	0.05338
3	0.01497	0.01497	0.02095	0.01796	0.01796	0.02095	0.01497	0.01646	0.01048	0.01646	0.00898	0.01497	0.00898	0.01197	0.02245	0.00299	0.74704	0.00599	0.00299	0.00748
4	0.00848	0.00665	0.00771	0.00825	0.00980	0.00587	0.00599	0.01027	0.01520	0.01927	0.13220	0.29586	0.38440	0.01838	0.00836	0.00249	0.00373	0.04479	0.00649	0.00580
5	0.02601	0.01916	0.02053	0.01574	0.02122	0.02122	0.01300	0.69408	0.03217	0.04312	0.01643	0.01643	0.01163	0.00821	0.00684	0.00205	0.00753	0.00616	0.00684	0.01163
6	0.00845	0.00607	0.00795	0.00931	0.00983	0.00565	0.00624	0.00973	0.01340	0.01787	0.07295	0.66924	0.06958	0.04681	0.00959	0.00286	0.00401	0.01857	0.00633	0.00556
7	0.02133	0.01684	0.01790	0.01480	0.01944	0.01903	0.01187	0.35220	0.38166	0.03558	0.02236	0.02116	0.01644	0.00877	0.00690	0.00219	0.00643	0.00698	0.00690	0.01122
8	0.01497	0.01425	0.02422	0.38541	0.38883	0.01574	0.02002	0.01927	0.01465	0.01997	0.01252	0.01757	0.01000	0.00646	0.00681	0.00215	0.00861	0.00609	0.00322	0.00925
9	0.01734	0.01471	0.01557	0.01385	0.01774	0.01691	0.01081	0.07805	0.63678	0.02951	0.05140	0.02584	0.02183	0.00938	0.00699	0.00230	0.00547	0.00780	0.00697	0.01073
10	0.00918	0.00663	0.00823	0.00844	0.00949	0.00617	0.00583	0.01105	0.01538	0.02091	0.31975	0.24421	0.12529	0.16242	0.01349	0.00322	0.00412	0.01407	0.00641	0.00568
11	0.00997	0.00864	0.03865	0.00903	0.01129	0.00736	0.00724	0.01408	0.06128	0.02536	0.50388	0.05113	0.19815	0.01409	0.00794	0.00220	0.00370	0.01222	0.00705	0.00674
12	0.00837	0.00610	0.00788	0.00921	0.00986	0.00562	0.00623	0.00970	0.01364	0.01800	0.07030	0.65111	0.11745	0.02067	0.00863	0.00270	0.00388	0.01861	0.00640	0.00562
13	0.01567	0.01589	0.02784	0.18591	0.33692	0.04148	0.18567	0.02001	0.01530	0.02070	0.01438	0.06209	0.01237	0.00714	0.00721	0.00219	0.00908	0.00733	0.00351	0.00932
14	0.01179	0.01012	0.01412	0.01298	0.01349	0.01293	0.01015	0.01340	0.01059	0.01560	0.01538	0.02578	0.01550	0.17337	0.32574	0.00709	0.29488	0.00732	0.00350	0.00625
15	0.01497	0.01497	0.02095	0.01796	0.01796	0.02095	0.01497	0.01646	0.01048	0.01646	0.00898	0.01497	0.00898	0.01197	0.02245	0.00299	0.74704	0.00599	0.00299	0.00748
16	0.01325	0.00964	0.01292	0.01185	0.01294	0.06062	0.06476	0.01293	0.03606	0.01461	0.01530	0.05221	0.01523	0.04627	0.02137	0.51639	0.02707	0.04838	0.00358	0.00461
17	0.00809	0.00693	0.00693	0.00693	0.00924	0.00578	0.00520	0.00982	0.01559	0.01848	0.06931	0.06584	0.71411	0.01733	0.00809	0.00231	0.00347	0.01444	0.00635	0.00578
18	0.01744	0.30573	0.26216	0.01743	0.06639	0.04388	0.04272	0.05332	0.07080	0.04103	0.01313	0.01460	0.01027	0.00658	0.00583	0.00189	0.00844	0.00500	0.00364	0.00972
19	0.05189	0.04020	0.07722	0.01400	0.01951	0.03811	0.01221	0.34087	0.02333	0.10910	0.01732	0.06559	0.01364	0.00829	0.00646	0.00192	0.00697	0.00647	0.00588	0.14104
20	0.00971	0.00661	0.00745	0.00755	0.00774	0.00650	0.00436	0.00991	0.01055	0.01390	0.02599	0.09078	0.07552	0.66016	0.03127	0.00608	0.00624	0.01087	0.00444	0.00435
21	0.01370	0.00994	0.01180	0.01061	0.01322	0.01009	0.00842	0.12392	0.06267	0.05878	0.32232	0.04691	0.16566	0.01356	0.00832	0.00230	0.02674	0.07642	0.00696	0.00768
22	0.04962	0.06284	0.32755	0.07969	0.06476	0.04865	0.05769	0.08472	0.04097	0.06418	0.01495	0.04785	0.01166	0.00747	0.00658	0.00214	0.00884	0.00614	0.00404	0.00967
23	0.04342	0.01882	0.06386	0.01468	0.01975	0.08754	0.01247	0.35687	0.07372	0.15136	0.01905	0.04605	0.01412	0.00855	0.00670	0.00207	0.00738	0.00660	0.03642	0.01058
24	0.00906	0.00675	0.00846	0.00891	0.01016	0.00626	0.00634	0.01162	0.03603	0.02168	0.29518	0.36432	0.15454	0.01766	0.00833	0.00246	0.00366	0.01569	0.00681	0.00608
25	0.01578	0.01747	0.08096	0.16359	0.37943	0.01629	0.18439	0.02064	0.01529	0.02132	0.01293	0.01736	0.01026	0.00618	0.00708	0.00215	0.00928	0.00650	0.00331	0.00981
26	0.07194	0.09769	0.18288	0.05010	0.12750	0.11229	0.03669	0.10189	0.04819	0.02349	0.01409	0.05253	0.01178	0.00770	0.00689	0.00208	0.03287	0.00604	0.00400	0.00938
27	0.01694	0.01236	0.03891	0.04300	0.04758	0.05148	0.00998	0.09804	0.03677	0.15533	0.09686	0.19119	0.09261	0.04098	0.00846	0.00242	0.00583	0.01069	0.03229	0.00827
28	0.01218	0.00839	0.00913	0.00923	0.01093	0.03703	0.00675	0.01520	0.05543	0.06717	0.09030	0.25488	0.13860	0.06143	0.00915	0.00257	0.00451	0.04234	0.15820	0.00658

[dist]
# distance from previous block
# <min> <max>
0	1

[block]
# block no. 5 follows, 31 sequences, length 30
# corresponding to MSA columns:
# 208,209,232-259
name=unknown_F
#
# <colnr> <probs for GDERKNQSTAVLIFYWHMCP>
#	G	D	E	R	K	N	Q	S	T	A	V	L	I	F	Y	W	H	M	C	P
0	0.09801	0.08161	0.04460	0.01575	0.05401	0.07342	0.05475	0.21086	0.03838	0.04898	0.04240	0.04360	0.04689	0.01027	0.02648	0.00237	0.03288	0.04239	0.02324	0.00910
1	0.01337	0.01063	0.01194	0.01113	0.01344	0.03485	0.02829	0.07150	0.16167	0.02254	0.03120	0.12090	0.11795	0.11899	0.06066	0.00350	0.00643	0.05843	0.09523	0.00736
2	0.05458	0.05246	0.06801	0.01992	0.17089	0.01392	0.07065	0.09236	0.01737	0.11224	0.05835	0.07184	0.01700	0.00810	0.00657	0.00196	0.00686	0.00712	0.02853	0.12128
3	0.12064	0.01497	0.02151	0.29784	0.15361	0.01670	0.05866	0.16823	0.01800	0.02614	0.01299	0.01658	0.00986	0.00683	0.00652	0.00213	0.00814	0.00586	0.00415	0.03062
4	0.00998	0.00671	0.00777	0.00783	0.00795	0.00677	0.00462	0.01022	0.01023	0.01368	0.02201	0.04529	0.02511	0.69757	0.06512	0.00669	0.00714	0.03677	0.00421	0.00432
5	0.01715	0.06859	0.03563	0.03283	0.04540	0.07974	0.01106	0.14764	0.08610	0.05251	0.13326	0.04847	0.05942	0.03420	0.04187	0.00262	0.02828	0.02297	0.00558	0.04668
6	0.01009	0.00722	0.00871	0.00884	0.01055	0.00659	0.00650	0.03268	0.01642	0.04842	0.21847	0.28070	0.26436	0.01722	0.00825	0.00243	0.00387	0.03562	0.00675	0.00630
7	0.12921	0.01809	0.17738	0.01569	0.02084	0.01429	0.11431	0.08139	0.06381	0.05841	0.04141	0.06789	0.01672	0.05111	0.00892	0.00250	0.03733	0.02604	0.04595	0.00870
8	0.00944	0.00665	0.00811	0.00863	0.00922	0.00631	0.00558	0.01034	0.01215	0.01632	0.05750	0.33531	0.05315	0.35107	0.02026	0.00441	0.00525	0.03802	0.00532	0.03698
9	0.11468	0.17880	0.02243	0.04055	0.04823	0.20285	0.05841	0.08769	0.07039	0.02251	0.01494	0.06281	0.01321	0.00811	0.00612	0.00198	0.00838	0.02497	0.00430	0.00863
10	0.14293	0.15769	0.06402	0.01534	0.02023	0.16333	0.07251	0.11461	0.07003	0.04780	0.01405	0.03751	0.01143	0.00756	0.00654	0.00200	0.03337	0.00562	0.00443	0.00901
11	0.00870	0.00639	0.00819	0.00909	0.01006	0.00587	0.00639	0.01050	0.01493	0.01995	0.19365	0.48121	0.13739	0.01913	0.00852	0.00259	0.00382	0.04119	0.00661	0.00581
12	0.04457	0.01887	0.14482	0.17979	0.24603	0.05423	0.06111	0.02107	0.01518	0.06715	0.01436	0.01966	0.01154	0.00733	0.00737	0.00221	0.03383	0.03779	0.00373	0.00936
13	0.01201	0.00757	0.00951	0.00869	0.01093	0.00676	0.00663	0.01483	0.01855	0.11408	0.48127	0.05086	0.20409	0.01403	0.00792	0.00218	0.00361	0.01213	0.00739	0.00697
14	0.00967	0.00720	0.01065	0.01077	0.01189	0.00827	0.00824	0.01194	0.01112	0.01591	0.01987	0.08139	0.01945	0.07297	0.65537	0.01024	0.01687	0.00832	0.00388	0.00600
15	0.01477	0.01010	0.01054	0.00974	0.01236	0.01105	0.00750	0.04871	0.28296	0.02744	0.05202	0.02621	0.02051	0.00873	0.00584	0.00192	0.00421	0.00714	0.42996	0.00830
16	0.02556	0.03261	0.01939	0.01763	0.02115	0.73210	0.01322	0.02732	0.01939	0.01674	0.01058	0.01234	0.00881	0.00705	0.00617	0.00176	0.01234	0.00441	0.00353	0.00793
17	0.01538	0.09770	0.57529	0.01945	0.05968	0.01698	0.02282	0.05414	0.01546	0.04358	0.01271	0.01462	0.00917	0.00657	0.00635	0.00209	0.00952	0.00509	0.00328	0.01015
18	0.01436	0.12325	0.61626	0.01888	0.02836	0.01730	0.04729	0.02153	0.01444	0.02100	0.01200	0.01416	0.00874	0.00640	0.00630	0.00209	0.00982	0.00499	0.00291	0.00992
19	0.03624	0.01517	0.04904	0.35934	0.29612	0.03404	0.04609	0.01941	0.01464	0.02026	0.01273	0.01752	0.01004	0.00653	0.00669	0.00214	0.00866	0.00603	0.03036	0.00894
20	0.01818	0.01644	0.01605	0.01433	0.01824	0.07848	0.01114	0.06713	0.61358	0.02830	0.02582	0.02396	0.01941	0.00904	0.00689	0.00226	0.00611	0.00737	0.00666	0.01062
21	0.01292	0.01216	0.02052	0.74312	0.04712	0.01520	0.01900	0.01748	0.01368	0.01748	0.01216	0.01824	0.00912	0.00684	0.00684	0.00228	0.00912	0.00608	0.00304	0.00760
22	0.01702	0.01470	0.01547	0.01392	0.01779	0.01702	0.01083	0.03635	0.70453	0.02862	0.02785	0.02553	0.02088	0.00928	0.00696	0.00232	0.00541	0.00773	0.00696	0.01083
23	0.00995	0.00663	0.00746	0.00746	0.00746	0.00663	0.00415	0.00995	0.00995	0.01327	0.02156	0.04477	0.02487	0.75957	0.03482	0.00663	0.00663	0.00995	0.00415	0.00415
24	0.00826	0.00642	0.00753	0.00835	0.00963	0.00568	0.00584	0.00976	0.01439	0.01821	0.07180	0.42873	0.34221	0.01939	0.00843	0.00255	0.00372	0.01702	0.00639	0.00568
25	0.37226	0.01243	0.01318	0.01075	0.01541	0.01267	0.00884	0.05323	0.01658	0.35731	0.05073	0.01893	0.01473	0.00778	0.00577	0.00212	0.00554	0.00571	0.00649	0.00953
26	0.00970	0.00689	0.00829	0.00851	0.01003	0.00621	0.00615	0.01158	0.01548	0.04710	0.20430	0.24012	0.26776	0.08383	0.01066	0.00281	0.00404	0.04405	0.00651	0.00598
27	0.03897	0.01777	0.10609	0.04587	0.22247	0.03580	0.07985	0.11409	0.06386	0.04404	0.05119	0.02176	0.01543	0.00990	0.04359	0.00257	0.00851	0.03332	0.00457	0.04036
28	0.01139	0.00708	0.00842	0.00807	0.00998	0.00644	0.00603	0.01377	0.01654	0.07408	0.28255	0.09572	0.22091	0.01422	0.00816	0.03469	0.00363	0.01159	0.16031	0.00643
29	0.07471	0.27667	0.06060	0.03547	0.08483	0.01879	0.11142	0.06045	0.03130	0.08527	0.01779	0.04360	0.05601	0.00766	0.00611	0.00195	0.00752	0.00641	0.00430	0.00914

[dist]
# distance from previous block
# <min> <max>
1	4

[block]
# block no. 6 follows, 31 sequences, length 29
# corresponding to MSA columns:
# 264-292
name=unknown_G
#
# <colnr> <probs for GDERKNQSTAVLIFYWHMCP>
#	G	D	E	R	K	N	Q	S	T	A	V	L	I	F	Y	W	H	M	C	P
0	0.20153	0.19019	0.13486	0.01693	0.09749	0.06108	0.03723	0.02180	0.06912	0.02273	0.01441	0.01968	0.01244	0.00761	0.00585	0.00206	0.00759	0.06463	0.00396	0.00881
1	0.01758	0.01573	0.05800	0.02190	0.22571	0.01525	0.01430	0.12843	0.19820	0.05554	0.04704	0.02538	0.05871	0.00873	0.00694	0.00212	0.00664	0.03110	0.00551	0.05718
2	0.00871	0.00633	0.00829	0.00965	0.01042	0.00591	0.00685	0.01029	0.01392	0.01836	0.06879	0.57859	0.10400	0.02044	0.00874	0.00276	0.00419	0.10168	0.00639	0.00571
3	0.06778	0.03812	0.04041	0.01802	0.13559	0.04983	0.02811	0.10889	0.11963	0.07719	0.06111	0.10932	0.04212	0.01002	0.00753	0.00220	0.03772	0.00833	0.02889	0.00920
4	0.01786	0.05838	0.09222	0.06537	0.18288	0.05697	0.05980	0.05939	0.04105	0.10455	0.01672	0.04091	0.01352	0.03029	0.04366	0.00264	0.03475	0.00662	0.06313	0.00929
5	0.01024	0.00736	0.00864	0.00884	0.01034	0.00691	0.00625	0.04837	0.01494	0.04142	0.06760	0.32138	0.26328	0.11289	0.03646	0.00331	0.00486	0.01478	0.00612	0.00603
6	0.01174	0.00875	0.01053	0.01021	0.01231	0.00882	0.00777	0.01807	0.16981	0.04698	0.32840	0.15821	0.10200	0.01459	0.00800	0.00238	0.00417	0.06282	0.00706	0.00738
7	0.05754	0.08957	0.19714	0.08799	0.11656	0.09553	0.14588	0.04494	0.01598	0.03960	0.01454	0.01722	0.03380	0.00682	0.00660	0.00208	0.00935	0.00600	0.00362	0.00925
8	0.01760	0.01423	0.03617	0.01933	0.17325	0.06001	0.03693	0.05665	0.03638	0.13675	0.08514	0.08332	0.07627	0.01006	0.00765	0.00212	0.03231	0.03004	0.00547	0.08031
9	0.00893	0.00653	0.00833	0.00906	0.01012	0.00604	0.00647	0.01084	0.01520	0.02036	0.22512	0.39250	0.13956	0.04875	0.00958	0.00273	0.00398	0.06349	0.00658	0.00583
10	0.02049	0.54221	0.03086	0.01350	0.01865	0.24066	0.01216	0.02256	0.01556	0.01629	0.00983	0.01139	0.00879	0.00622	0.00493	0.00155	0.00884	0.00388	0.00311	0.00852
11	0.06336	0.07057	0.02267	0.09442	0.26295	0.11695	0.05211	0.06603	0.03562	0.02271	0.06372	0.06730	0.01641	0.00808	0.00668	0.00206	0.00805	0.00703	0.00421	0.00907
12	0.01139	0.00730	0.00853	0.00854	0.01014	0.00712	0.00638	0.05281	0.01656	0.02459	0.20857	0.19790	0.07831	0.01362	0.00706	0.00215	0.00379	0.04402	0.28475	0.00648
13	0.00908	0.00647	0.00872	0.01025	0.01094	0.00619	0.00749	0.01074	0.01368	0.01810	0.03680	0.55670	0.04306	0.04495	0.00977	0.00300	0.00466	0.18742	0.00627	0.00570
14	0.04359	0.05413	0.08367	0.07979	0.04613	0.04833	0.01282	0.11509	0.07074	0.24548	0.02160	0.11221	0.01734	0.00946	0.00684	0.00217	0.00694	0.00780	0.00604	0.00983
15	0.04778	0.24384	0.47432	0.01677	0.02520	0.04222	0.02026	0.02145	0.01433	0.02027	0.01131	0.01324	0.00865	0.00633	0.00579	0.00195	0.00918	0.00458	0.00298	0.00955
16	0.00984	0.00708	0.00974	0.00974	0.01052	0.00787	0.00698	0.01141	0.01062	0.01495	0.01948	0.03325	0.01987	0.30366	0.48389	0.00944	0.01416	0.00826	0.00384	0.00541
17	0.01680	0.04570	0.07386	0.15987	0.29199	0.09400	0.17721	0.02129	0.01565	0.02050	0.01256	0.01665	0.00999	0.00627	0.00692	0.00210	0.00966	0.00622	0.00331	0.00944
18	0.00834	0.00595	0.00794	0.00953	0.00992	0.00556	0.00635	0.00953	0.01310	0.01746	0.03771	0.75510	0.04525	0.02143	0.00873	0.00278	0.00397	0.01945	0.00635	0.00556
19	0.04456	0.03977	0.03742	0.01250	0.01828	0.01186	0.05876	0.04096	0.01495	0.06644	0.01299	0.01497	0.01038	0.00593	0.00640	0.00141	0.04678	0.00470	0.00425	0.54669
20	0.01732	0.01408	0.02008	0.05025	0.16202	0.01342	0.07344	0.10935	0.06030	0.07615	0.03898	0.06102	0.01539	0.00757	0.00655	0.00183	0.00672	0.00678	0.00494	0.25380
21	0.00993	0.00669	0.00775	0.00775	0.00785	0.00679	0.00451	0.01014	0.01004	0.01348	0.02129	0.04329	0.02423	0.70111	0.09240	0.00699	0.00760	0.00973	0.00411	0.00431
22	0.00977	0.00733	0.01100	0.01100	0.01222	0.00855	0.00855	0.01222	0.01100	0.01588	0.01833	0.02688	0.01710	0.05131	0.73245	0.01100	0.01833	0.00733	0.00367	0.00611
23	0.01649	0.11183	0.36281	0.02451	0.20302	0.05659	0.06000	0.02212	0.01523	0.04709	0.01266	0.01513	0.00965	0.00638	0.00642	0.00204	0.00933	0.00537	0.00330	0.01003
24	0.01788	0.39430	0.19059	0.01509	0.04975	0.08259	0.01484	0.02145	0.01473	0.05176	0.01177	0.01403	0.00984	0.03079	0.00629	0.00185	0.00821	0.00453	0.00336	0.05633
25	0.01942	0.01268	0.01566	0.06986	0.01946	0.01124	0.01002	0.06804	0.06788	0.20768	0.01751	0.01789	0.01274	0.00662	0.00594	0.00157	0.00578	0.00537	0.00553	0.41910
26	0.02389	0.01725	0.01877	0.01485	0.01969	0.01890	0.01207	0.56996	0.05300	0.06508	0.01960	0.09956	0.01591	0.00974	0.00706	0.00215	0.00699	0.00773	0.00685	0.01093
27	0.01085	0.00833	0.00920	0.00902	0.00943	0.04322	0.00583	0.01147	0.01064	0.01406	0.01995	0.03862	0.02201	0.55681	0.17140	0.00714	0.03417	0.00902	0.00398	0.00483
28	0.01473	0.01457	0.02031	0.01746	0.01746	0.02027	0.01445	0.01615	0.01045	0.01631	0.00958	0.01639	0.00974	0.04776	0.02304	0.00317	0.71160	0.00618	0.00305	0.00732

[dist]
# distance from previous block
# <min> <max>
0	3

[block]
# block no. 7 follows, 31 sequences, length 15
# corresponding to MSA columns:
# 296-310
name=unknown_H
#
# <colnr> <probs for GDERKNQSTAVLIFYWHMCP>
#	G	D	E	R	K	N	Q	S	T	A	V	L	I	F	Y	W	H	M	C	P
0	0.01047	0.00910	0.00937	0.00956	0.01153	0.06307	0.00747	0.01282	0.01661	0.02072	0.19934	0.10463	0.32190	0.01639	0.00828	0.00245	0.00476	0.15896	0.00638	0.00620
1	0.02463	0.01813	0.01955	0.01526	0.02033	0.01999	0.01248	0.64064	0.03068	0.04111	0.01809	0.07408	0.01426	0.00924	0.00699	0.00211	0.00725	0.00720	0.00681	0.01116
2	0.00873	0.00652	0.00751	0.00803	0.00906	0.00596	0.00538	0.00989	0.01345	0.01719	0.07575	0.29491	0.27654	0.21177	0.01526	0.00359	0.00445	0.01488	0.00583	0.00531
3	0.01205	0.00747	0.00958	0.00988	0.01120	0.00718	0.00694	0.01479	0.06807	0.10141	0.10513	0.44851	0.03908	0.08332	0.01125	0.03160	0.00453	0.01499	0.00646	0.00656
4	0.01333	0.00730	0.01011	0.00961	0.01018	0.00751	0.00667	0.07933	0.01130	0.01509	0.01235	0.02035	0.01186	0.02217	0.02469	0.71885	0.00610	0.00596	0.00337	0.00386
5	0.01320	0.00709	0.00760	0.00739	0.00912	0.00713	0.00551	0.01700	0.05657	0.04903	0.06784	0.04888	0.02160	0.02982	0.00688	0.02895	0.00363	0.00733	0.59877	0.00664
6	0.01146	0.00901	0.01035	0.01095	0.03604	0.05385	0.00754	0.01349	0.01561	0.05274	0.19459	0.38836	0.08711	0.01630	0.00798	0.00236	0.00460	0.01445	0.00629	0.05692
7	0.72868	0.08852	0.01264	0.00927	0.01366	0.01652	0.00784	0.02015	0.01187	0.02923	0.00952	0.01110	0.00755	0.00630	0.00425	0.00205	0.00550	0.00370	0.00410	0.00755
8	0.02068	0.52306	0.03043	0.01365	0.01874	0.25912	0.01220	0.02273	0.01571	0.01631	0.00986	0.01142	0.00879	0.00625	0.00498	0.00156	0.00897	0.00390	0.00312	0.00850
9	0.01598	0.01765	0.08858	0.06738	0.24388	0.03950	0.19926	0.02024	0.01471	0.04098	0.01356	0.01843	0.01114	0.02881	0.06327	0.00301	0.09423	0.00668	0.00349	0.00919
10	0.01373	0.02022	0.26414	0.14200	0.13691	0.01405	0.04255	0.04102	0.03631	0.02227	0.10856	0.04374	0.01876	0.01090	0.05304	0.00275	0.00887	0.00717	0.00404	0.00896
11	0.01780	0.13780	0.25462	0.02037	0.12202	0.07960	0.06011	0.07841	0.03267	0.06271	0.01587	0.04328	0.03014	0.00749	0.00647	0.00203	0.00872	0.00615	0.00402	0.00972
12	0.01418	0.08851	0.16824	0.03687	0.08140	0.06939	0.06097	0.01913	0.05524	0.02177	0.13772	0.10215	0.04896	0.00989	0.00690	0.00211	0.00717	0.00854	0.05254	0.00830
13	0.00825	0.00629	0.00759	0.00863	0.00969	0.00563	0.00595	0.00963	0.01396	0.01782	0.04868	0.51584	0.27743	0.02001	0.00851	0.00262	0.00379	0.01771	0.00635	0.00563
14	0.01774	0.06566	0.17081	0.06592	0.22613	0.17862	0.04217	0.04192	0.03562	0.02076	0.01417	0.06340	0.01223	0.00756	0.00663	0.00205	0.00927	0.00634	0.00366	0.00935

[dist]
# distance from previous block
# <min> <max>
0	1

[block]
# block no. 8 follows, 31 sequences, length 13
# corresponding to MSA columns:
# 312-324
name=unknown_I
#
# <colnr> <probs for GDERKNQSTAVLIFYWHMCP>
#	G	D	E	R	K	N	Q	S	T	A	V	L	I	F	Y	W	H	M	C	P
0	0.04190	0.12689	0.14019	0.08305	0.10691	0.07864	0.04137	0.14572	0.05811	0.06273	0.01446	0.01640	0.01103	0.00863	0.03303	0.00234	0.00882	0.00563	0.00437	0.00975
1	0.01192	0.01263	0.06631	0.01797	0.15021	0.03573	0.06504	0.01488	0.01502	0.01992	0.08475	0.20584	0.18764	0.01510	0.03907	0.00272	0.03096	0.01175	0.00507	0.00748
2	0.01008	0.00690	0.00897	0.00998	0.01106	0.00655	0.00718	0.01242	0.04135	0.05143	0.07296	0.53582	0.08327	0.01943	0.00859	0.00271	0.00432	0.09427	0.00653	0.00619
3	0.01747	0.04142	0.05382	0.04705	0.02015	0.03551	0.03246	0.14311	0.03824	0.05282	0.01460	0.01766	0.01175	0.00694	0.00667	0.00164	0.03808	0.02802	0.00468	0.38792
4	0.03734	0.08435	0.21879	0.04200	0.03954	0.06626	0.07204	0.13261	0.09523	0.02452	0.01605	0.04550	0.01318	0.04421	0.03656	0.00267	0.00893	0.00651	0.00436	0.00937
5	0.00870	0.00627	0.00821	0.00948	0.01017	0.00587	0.00660	0.01020	0.01384	0.01839	0.09100	0.57951	0.08491	0.04625	0.00962	0.00287	0.00417	0.07193	0.00636	0.00565
6	0.01903	0.04489	0.10929	0.01886	0.06127	0.25207	0.10259	0.04611	0.15533	0.02240	0.06106	0.01898	0.01531	0.00759	0.00671	0.00201	0.00920	0.00627	0.00448	0.03654
7	0.01763	0.04827	0.17698	0.04827	0.08576	0.06712	0.03620	0.15996	0.04274	0.05717	0.06894	0.05127	0.04912	0.03644	0.00821	0.00230	0.02204	0.00732	0.00490	0.00933
8	0.01760	0.01372	0.01724	0.04349	0.10185	0.05942	0.05084	0.15766	0.04417	0.09964	0.13285	0.14753	0.06176	0.01131	0.00744	0.00222	0.00648	0.00988	0.00605	0.00886
9	0.00945	0.00706	0.00865	0.00923	0.00992	0.00707	0.00623	0.01131	0.04409	0.01732	0.06048	0.40465	0.11143	0.21087	0.01590	0.00369	0.03632	0.01507	0.00571	0.00557
10	0.04959	0.06218	0.09323	0.01971	0.11997	0.16288	0.06346	0.11057	0.04200	0.02333	0.01776	0.04841	0.04869	0.00865	0.00738	0.00209	0.04087	0.03667	0.00436	0.03817
11	0.01874	0.18536	0.14599	0.01689	0.02271	0.07081	0.12789	0.08245	0.04906	0.09608	0.05839	0.02023	0.01519	0.00781	0.00704	0.00205	0.03045	0.02888	0.00457	0.00940
12	0.04557	0.01334	0.11944	0.01141	0.01401	0.03931	0.02952	0.01504	0.04399	0.01824	0.04880	0.09738	0.05998	0.30056	0.06222	0.00448	0.03049	0.00933	0.03049	0.00640

[dist]
# distance from previous block
# <min> <max>
2	9

[block]
# block no. 9 follows, 31 sequences, length 13
# corresponding to MSA columns:
# 334-346
name=unknown_J
#
# <colnr> <probs for GDERKNQSTAVLIFYWHMCP>
#	G	D	E	R	K	N	Q	S	T	A	V	L	I	F	Y	W	H	M	C	P
0	0.01605	0.01520	0.06818	0.01566	0.07670	0.07304	0.01179	0.10134	0.10134	0.04565	0.01831	0.03924	0.01622	0.13234	0.15593	0.00462	0.06544	0.00723	0.02750	0.00821
1	0.00992	0.01085	0.10059	0.01032	0.01301	0.00794	0.00903	0.01356	0.05163	0.02062	0.15031	0.21712	0.24301	0.04068	0.00898	0.00260	0.00486	0.07227	0.00605	0.00665
2	0.01682	0.01820	0.10806	0.01545	0.04721	0.13843	0.04600	0.06302	0.03355	0.06402	0.01874	0.06208	0.03393	0.12607	0.04473	0.00317	0.04252	0.02836	0.00448	0.08515
3	0.00930	0.00698	0.00862	0.00821	0.00999	0.00629	0.00615	0.01217	0.01846	0.02529	0.55926	0.05463	0.21991	0.01479	0.00807	0.00219	0.00328	0.01287	0.00725	0.00629
4	0.01946	0.17022	0.11249	0.04439	0.11437	0.15681	0.07045	0.12552	0.05934	0.02342	0.03215	0.01608	0.01185	0.00701	0.00632	0.00194	0.00895	0.00560	0.00411	0.00954
5	0.01585	0.03539	0.10653	0.10703	0.18959	0.08832	0.07029	0.05858	0.03761	0.02101	0.01506	0.02063	0.01269	0.01579	0.14820	0.00385	0.01097	0.02998	0.00377	0.00886
6	0.00917	0.00656	0.00777	0.00821	0.00955	0.00608	0.00586	0.01111	0.01469	0.02001	0.14222	0.27944	0.24479	0.04707	0.05187	0.00303	0.00456	0.01414	0.10803	0.00584
7	0.01490	0.01534	0.03561	0.04051	0.05269	0.12566	0.06131	0.01753	0.01418	0.01911	0.04565	0.04457	0.07983	0.01417	0.07937	0.00313	0.21562	0.00746	0.10596	0.00739
8	0.01191	0.00635	0.00668	0.00689	0.00817	0.00630	0.00492	0.01452	0.01375	0.02326	0.02420	0.12025	0.02180	0.08502	0.00830	0.00225	0.00363	0.00840	0.61737	0.00605
9	0.01642	0.01583	0.02643	0.08409	0.58384	0.01679	0.02009	0.02019	0.01480	0.02128	0.01232	0.01676	0.01049	0.00690	0.00879	0.00217	0.10322	0.00608	0.00331	0.01020
10	0.01414	0.01045	0.01124	0.01000	0.01289	0.01085	0.00778	0.13926	0.14503	0.02779	0.16294	0.03903	0.20518	0.01178	0.00701	0.00210	0.00445	0.00978	0.16031	0.00799
11	0.70506	0.01229	0.00978	0.00906	0.01281	0.01409	0.00727	0.01875	0.01183	0.02899	0.01315	0.10679	0.01228	0.00829	0.00481	0.00220	0.00512	0.00573	0.00451	0.00717
12	0.02207	0.02685	0.01692	0.01555	0.01835	0.57048	0.01143	0.02357	0.01734	0.01611	0.01285	0.01862	0.01198	0.13731	0.04948	0.00308	0.01168	0.00550	0.00364	0.00719

[dist]
# distance from previous block
# <min> <max>
0	2

[block]
# block no. 10 follows, 31 sequences, length 6
# corresponding to MSA columns:
# 349-352,356,357
name=unknown_K
#
# <colnr> <probs for GDERKNQSTAVLIFYWHMCP>
#	G	D	E	R	K	N	Q	S	T	A	V	L	I	F	Y	W	H	M	C	P
0	0.01092	0.00781	0.01007	0.00970	0.01075	0.00846	0.00692	0.05671	0.01266	0.01758	0.07580	0.03530	0.02369	0.32853	0.34664	0.00794	0.01171	0.00871	0.00438	0.00572
1	0.02103	0.04554	0.02104	0.01818	0.08911	0.10388	0.08406	0.19532	0.12525	0.11230	0.04434	0.02310	0.06861	0.00859	0.00695	0.00209	0.00761	0.00721	0.00579	0.01000
2	0.00974	0.00665	0.00792	0.00803	0.00845	0.00662	0.00502	0.01008	0.01084	0.01433	0.02701	0.09418	0.10128	0.49799	0.10485	0.06017	0.00731	0.01057	0.00442	0.00456
3	0.13269	0.07374	0.04781	0.01946	0.13873	0.09834	0.07060	0.05655	0.01558	0.02291	0.05934	0.01744	0.01354	0.00956	0.04228	0.00245	0.09001	0.00579	0.00398	0.07922
4	0.00928	0.00690	0.00876	0.01000	0.01078	0.00680	0.00684	0.01244	0.08818	0.01868	0.03664	0.67587	0.04260	0.02011	0.00854	0.00273	0.00413	0.01818	0.00642	0.00613
5	0.04516	0.01320	0.01920	0.12255	0.20992	0.01379	0.03515	0.11417	0.05056	0.09746	0.08580	0.12231	0.02154	0.00975	0.00716	0.00222	0.00678	0.00867	0.00535	0.00927

[dist]
# distance from previous block
# <min> <max>
0	10

# created by:
# /home/cegg/simao/soft/augustus-3.2.1/scripts/msa2prfl.pl ./align_prep/EOG090W0B8P.fa
