[name]
unknown

[dist]
# distance from previous block
# <min> <max>
15	40

[block]
# block no. 0 follows, 30 sequences, length 22
# corresponding to MSA columns:
# 50-71
name=unknown_A
#
# <colnr> <probs for GDERKNQSTAVLIFYWHMCP>
#	G	D	E	R	K	N	Q	S	T	A	V	L	I	F	Y	W	H	M	C	P
0	0.07575	0.01327	0.03152	0.01253	0.01599	0.06816	0.05451	0.08187	0.05929	0.11007	0.24800	0.06753	0.06404	0.01140	0.00777	0.02034	0.00590	0.00937	0.03441	0.00829
1	0.10008	0.05516	0.09662	0.01755	0.08350	0.10118	0.08202	0.07790	0.06448	0.03988	0.05065	0.07008	0.01748	0.07297	0.00916	0.00253	0.00790	0.00744	0.03470	0.00872
2	0.08894	0.07262	0.01911	0.01373	0.01852	0.05866	0.08343	0.02658	0.05015	0.29973	0.02000	0.01997	0.01410	0.00771	0.00678	0.00200	0.02895	0.00622	0.10004	0.06275
3	0.05424	0.04619	0.30777	0.01753	0.02459	0.04202	0.11091	0.07113	0.01693	0.04858	0.05271	0.02339	0.06077	0.00827	0.00692	0.00215	0.00863	0.03338	0.00432	0.05957
4	0.04129	0.00907	0.01208	0.08541	0.01546	0.00955	0.00865	0.09368	0.01450	0.02023	0.10692	0.06034	0.02063	0.01880	0.04518	0.38187	0.00656	0.00756	0.00443	0.03781
5	0.07550	0.08200	0.07913	0.09201	0.02425	0.40945	0.01459	0.10407	0.01936	0.02169	0.01166	0.01370	0.00925	0.00712	0.00621	0.00192	0.01060	0.00484	0.00390	0.00872
6	0.01818	0.01918	0.13672	0.01532	0.02034	0.05093	0.01387	0.11079	0.36805	0.05525	0.02364	0.02602	0.01847	0.01088	0.03196	0.00264	0.00749	0.05378	0.00610	0.01041
7	0.04910	0.01978	0.02245	0.12704	0.21503	0.19138	0.04367	0.07764	0.01737	0.02237	0.01233	0.01567	0.01001	0.00701	0.00756	0.00201	0.05584	0.00556	0.00382	0.09436
8	0.01780	0.53898	0.11355	0.01316	0.01910	0.02417	0.01341	0.06497	0.01543	0.01912	0.01436	0.01575	0.05367	0.00726	0.00605	0.00175	0.04403	0.00489	0.00347	0.00905
9	0.01000	0.00737	0.01069	0.01069	0.01175	0.00844	0.00807	0.01212	0.01106	0.01581	0.01917	0.03008	0.01860	0.15491	0.62611	0.01057	0.01695	0.00787	0.00381	0.00594
10	0.01245	0.01098	0.01140	0.01233	0.01418	0.10151	0.01014	0.01504	0.01624	0.01975	0.03869	0.14055	0.13579	0.01774	0.00892	0.00286	0.00655	0.41233	0.00607	0.00648
11	0.01600	0.01519	0.02577	0.16871	0.54787	0.01574	0.02016	0.02007	0.01538	0.02159	0.01449	0.06080	0.01280	0.00728	0.00704	0.00216	0.00823	0.00702	0.00357	0.01013
12	0.01318	0.01240	0.02093	0.73798	0.04806	0.01550	0.01938	0.01783	0.01395	0.01783	0.01240	0.01860	0.00930	0.00698	0.00698	0.00233	0.00930	0.00620	0.00310	0.00775
13	0.01414	0.03508	0.67860	0.02045	0.03057	0.01629	0.06476	0.02211	0.01484	0.02211	0.01262	0.01497	0.00894	0.00659	0.00672	0.00222	0.01040	0.00534	0.00298	0.01026
14	0.01527	0.01527	0.02137	0.01832	0.01832	0.02137	0.01527	0.01679	0.01069	0.01679	0.00916	0.01527	0.00916	0.01221	0.02290	0.00305	0.74198	0.00611	0.00305	0.00763
15	0.02599	0.01903	0.02037	0.01568	0.02111	0.02104	0.01293	0.66136	0.03209	0.04327	0.01699	0.01712	0.01211	0.00837	0.00690	0.00208	0.00750	0.00629	0.03812	0.01165
16	0.00850	0.00607	0.00810	0.00972	0.01012	0.00567	0.00648	0.00972	0.01336	0.01781	0.03846	0.75020	0.04615	0.02186	0.00891	0.00283	0.00405	0.01984	0.00648	0.00567
17	0.01091	0.00875	0.00948	0.00892	0.01125	0.00849	0.00665	0.04282	0.11859	0.02282	0.19243	0.05351	0.36941	0.09213	0.01086	0.00277	0.00429	0.01243	0.00661	0.00688
18	0.01510	0.01436	0.02440	0.41166	0.35937	0.01601	0.02034	0.01951	0.01486	0.02016	0.01274	0.01798	0.01012	0.00662	0.00694	0.00221	0.00883	0.00621	0.00327	0.00930
19	0.01447	0.01240	0.01447	0.01034	0.01654	0.00930	0.00827	0.01757	0.01447	0.02274	0.01240	0.01447	0.01034	0.00517	0.00517	0.00103	0.00517	0.00413	0.00413	0.79742
20	0.01004	0.00721	0.00985	0.00985	0.01063	0.00798	0.00703	0.01159	0.01081	0.01519	0.01994	0.03430	0.02044	0.31753	0.46600	0.00954	0.01419	0.00849	0.00392	0.00547
21	0.01501	0.01638	0.03441	0.02539	0.03099	0.01570	0.53387	0.01993	0.01555	0.02120	0.01739	0.11490	0.01558	0.01087	0.05009	0.00295	0.03756	0.00963	0.00391	0.00868

[dist]
# distance from previous block
# <min> <max>
0	13

[block]
# block no. 1 follows, 30 sequences, length 215
# corresponding to MSA columns:
# 85-189,201-275,282-287,299,300,310-336
name=unknown_B
#
# <colnr> <probs for GDERKNQSTAVLIFYWHMCP>
#	G	D	E	R	K	N	Q	S	T	A	V	L	I	F	Y	W	H	M	C	P
0	0.65941	0.01371	0.01148	0.01005	0.01445	0.01561	0.00822	0.04517	0.06929	0.07967	0.01273	0.01359	0.00951	0.00694	0.00482	0.00217	0.00552	0.00443	0.00494	0.00829
1	0.02273	0.01451	0.01663	0.01344	0.01792	0.01519	0.01093	0.32004	0.09309	0.18582	0.13663	0.02906	0.04813	0.01023	0.00735	0.00220	0.00617	0.03199	0.00743	0.01051
2	0.80405	0.01350	0.01026	0.00918	0.01350	0.01565	0.00756	0.02051	0.01188	0.03131	0.00972	0.01134	0.00756	0.00648	0.00432	0.00216	0.00540	0.00378	0.00432	0.00756
3	0.01075	0.00792	0.01044	0.01140	0.01309	0.00778	0.00948	0.01437	0.04518	0.02195	0.15051	0.12585	0.11109	0.01809	0.00910	0.00289	0.00539	0.41151	0.00667	0.00653
4	0.01964	0.04538	0.03738	0.01434	0.01876	0.09389	0.01168	0.20770	0.31968	0.02998	0.02724	0.02609	0.09825	0.00969	0.00701	0.00219	0.00684	0.00767	0.00635	0.01024
5	0.00874	0.00693	0.00788	0.00814	0.00996	0.00607	0.00602	0.01075	0.01618	0.02052	0.18772	0.19536	0.42891	0.01787	0.00843	0.00245	0.00370	0.04165	0.00671	0.00601
6	0.01502	0.01239	0.01453	0.01040	0.01658	0.00933	0.00833	0.01810	0.01465	0.04518	0.01289	0.01477	0.01056	0.00528	0.00523	0.00107	0.00519	0.00423	0.00428	0.77199
7	0.01226	0.01096	0.01296	0.01240	0.01359	0.08210	0.00954	0.01430	0.01189	0.01608	0.01706	0.02635	0.01640	0.11743	0.49339	0.00878	0.10715	0.00729	0.00369	0.00638
8	0.01212	0.00606	0.00909	0.00909	0.00909	0.00606	0.00606	0.00909	0.00909	0.01212	0.01212	0.02121	0.01212	0.02424	0.02727	0.79697	0.00606	0.00606	0.00303	0.00303
9	0.01880	0.67939	0.03559	0.01303	0.01877	0.05690	0.03704	0.02113	0.01440	0.01668	0.00990	0.01165	0.00902	0.00620	0.00522	0.00158	0.02878	0.00400	0.00303	0.00890
10	0.01005	0.00684	0.00788	0.00788	0.00808	0.00689	0.00464	0.01033	0.01048	0.01397	0.02377	0.04508	0.05348	0.66630	0.09091	0.00694	0.00760	0.01012	0.00428	0.00446
11	0.03405	0.00936	0.01214	0.01222	0.01431	0.00958	0.03790	0.03894	0.11609	0.02199	0.03647	0.26546	0.09903	0.01803	0.02727	0.00300	0.00586	0.22485	0.00631	0.00716
12	0.80405	0.01350	0.01026	0.00918	0.01350	0.01565	0.00756	0.02051	0.01188	0.03131	0.00972	0.01134	0.00756	0.00648	0.00432	0.00216	0.00540	0.00378	0.00432	0.00756
13	0.02410	0.02135	0.02037	0.01663	0.02088	0.16406	0.01343	0.40689	0.07839	0.03346	0.01535	0.01641	0.01162	0.00878	0.00915	0.00219	0.11476	0.00602	0.00574	0.01043
14	0.01675	0.01435	0.01525	0.01376	0.01751	0.01648	0.01068	0.03513	0.64312	0.02909	0.08392	0.02817	0.02494	0.00986	0.00719	0.00235	0.00534	0.00828	0.00715	0.01068
15	0.01011	0.00747	0.00951	0.01041	0.01197	0.00711	0.00844	0.01252	0.01554	0.01998	0.09281	0.11956	0.20464	0.08865	0.01160	0.00324	0.00535	0.34873	0.00633	0.00604
16	0.00983	0.00710	0.00910	0.00861	0.01015	0.00657	0.00634	0.01279	0.01881	0.02643	0.62566	0.05221	0.08860	0.07494	0.01046	0.00257	0.00359	0.01250	0.00735	0.00636
17	0.01736	0.01499	0.01578	0.01420	0.01815	0.01736	0.01105	0.03708	0.69862	0.02919	0.02840	0.02604	0.02130	0.00947	0.00710	0.00237	0.00552	0.00789	0.00710	0.01105
18	0.02407	0.05592	0.02103	0.01679	0.02144	0.34839	0.03973	0.23158	0.07639	0.02690	0.01421	0.01525	0.01100	0.00750	0.00650	0.00189	0.00978	0.00541	0.00493	0.06130
19	0.02547	0.05778	0.02086	0.01861	0.05022	0.60450	0.01374	0.09012	0.02065	0.01985	0.01141	0.01313	0.00935	0.00722	0.00632	0.00183	0.01175	0.00471	0.00389	0.00860
20	0.00998	0.00742	0.01091	0.01091	0.01205	0.00856	0.00834	0.01227	0.01112	0.01597	0.01897	0.02895	0.01811	0.11162	0.66873	0.01084	0.01768	0.00770	0.00378	0.00606
21	0.00896	0.00710	0.00806	0.00782	0.00986	0.00620	0.00586	0.01140	0.01759	0.02286	0.35005	0.06056	0.42654	0.01618	0.00824	0.00229	0.00343	0.01380	0.00701	0.00620
22	0.01318	0.01240	0.02093	0.73798	0.04806	0.01550	0.01938	0.01783	0.01395	0.01783	0.01240	0.01860	0.00930	0.00698	0.00698	0.00233	0.00930	0.00620	0.00310	0.00775
23	0.00847	0.00619	0.00798	0.00941	0.01004	0.00569	0.00634	0.00975	0.01365	0.01793	0.04214	0.67214	0.12183	0.02138	0.00883	0.00278	0.00399	0.01925	0.00648	0.00569
24	0.01708	0.01470	0.01554	0.01400	0.01786	0.01696	0.01088	0.03620	0.67349	0.02915	0.05354	0.02700	0.02295	0.00965	0.00714	0.00236	0.00544	0.00806	0.00712	0.01088
25	0.01601	0.04041	0.01572	0.01080	0.01693	0.01071	0.00877	0.05568	0.01571	0.05328	0.01319	0.01487	0.01067	0.00552	0.00532	0.00116	0.00543	0.00436	0.00444	0.69102
26	0.01866	0.75896	0.03657	0.01194	0.01791	0.02761	0.01194	0.02090	0.01418	0.01642	0.00970	0.01119	0.00896	0.00597	0.00448	0.00149	0.00746	0.00373	0.00299	0.00896
27	0.01306	0.01118	0.06966	0.01227	0.01483	0.00940	0.03671	0.08260	0.04148	0.07163	0.03296	0.48678	0.05502	0.01707	0.00828	0.00261	0.00542	0.01528	0.00630	0.00748
28	0.01647	0.01882	0.04118	0.02941	0.03647	0.01765	0.68588	0.02235	0.01647	0.02235	0.01412	0.01882	0.01059	0.00588	0.00824	0.00235	0.01176	0.00824	0.00353	0.00941
29	0.02653	0.01955	0.02094	0.01606	0.02164	0.02164	0.01326	0.68796	0.03281	0.04398	0.01675	0.01675	0.01187	0.00838	0.00698	0.00209	0.00768	0.00628	0.00698	0.01187
30	0.01731	0.01592	0.02778	0.03758	0.55043	0.01572	0.09213	0.02151	0.01615	0.05327	0.01582	0.02275	0.01366	0.00736	0.00728	0.00220	0.00841	0.06027	0.00393	0.01053
31	0.02131	0.01789	0.02647	0.10776	0.02872	0.04170	0.22016	0.29521	0.02313	0.07827	0.03542	0.01892	0.01289	0.00771	0.00787	0.00223	0.03174	0.00704	0.00535	0.01021
32	0.80405	0.01350	0.01026	0.00918	0.01350	0.01565	0.00756	0.02051	0.01188	0.03131	0.00972	0.01134	0.00756	0.00648	0.00432	0.00216	0.00540	0.00378	0.00432	0.00756
33	0.02924	0.01300	0.01665	0.01297	0.01817	0.01217	0.01063	0.13416	0.05070	0.56074	0.02626	0.04608	0.01754	0.00906	0.00708	0.00218	0.00613	0.00735	0.00825	0.01164
34	0.00842	0.00665	0.00760	0.00826	0.00976	0.00583	0.00585	0.01002	0.01499	0.01880	0.08386	0.35580	0.40087	0.01930	0.00853	0.00255	0.00374	0.01680	0.00653	0.00583
35	0.01212	0.00606	0.00909	0.00909	0.00909	0.00606	0.00606	0.00909	0.00909	0.01212	0.01212	0.02121	0.01212	0.02424	0.02727	0.79697	0.00606	0.00606	0.00303	0.00303
36	0.02607	0.03326	0.01978	0.01798	0.02157	0.72674	0.01348	0.02787	0.01978	0.01708	0.01079	0.01258	0.00899	0.00719	0.00629	0.00180	0.01258	0.00449	0.00360	0.00809
37	0.01869	0.01509	0.01994	0.01620	0.02036	0.01656	0.10818	0.20035	0.23697	0.05791	0.02081	0.02312	0.01626	0.04577	0.12326	0.00389	0.03344	0.00745	0.00584	0.00991
38	0.01329	0.00954	0.01150	0.01035	0.01296	0.00926	0.00813	0.12292	0.02064	0.04893	0.38649	0.07406	0.12432	0.01391	0.00803	0.00227	0.00451	0.07221	0.00715	0.03956
39	0.01447	0.01240	0.01447	0.01034	0.01654	0.00930	0.00827	0.01757	0.01447	0.02274	0.01240	0.01447	0.01034	0.00517	0.00517	0.00103	0.00517	0.00413	0.00413	0.79742
40	0.01212	0.00667	0.00719	0.00706	0.00871	0.00650	0.00529	0.01533	0.01588	0.02625	0.18522	0.03348	0.05140	0.00988	0.00577	0.00178	0.00327	0.00821	0.58349	0.00650
41	0.01702	0.01712	0.01814	0.01699	0.04742	0.18000	0.05710	0.04510	0.08071	0.02006	0.02048	0.05313	0.04285	0.01373	0.03153	0.06769	0.14185	0.11678	0.00457	0.00774
42	0.04167	0.01254	0.01336	0.01167	0.01496	0.04086	0.00912	0.13000	0.18363	0.06954	0.27561	0.03720	0.10765	0.01166	0.00749	0.00222	0.00516	0.00975	0.00709	0.00883
43	0.01300	0.01211	0.01990	0.56738	0.11107	0.01434	0.01773	0.01727	0.01457	0.01885	0.04622	0.02445	0.07826	0.00821	0.00714	0.00230	0.00841	0.00727	0.00364	0.00787
44	0.02607	0.03326	0.01978	0.01798	0.02157	0.72674	0.01348	0.02787	0.01978	0.01708	0.01079	0.01258	0.00899	0.00719	0.00629	0.00180	0.01258	0.00449	0.00360	0.00809
45	0.01212	0.00606	0.00909	0.00909	0.00909	0.00606	0.00606	0.00909	0.00909	0.01212	0.01212	0.02121	0.01212	0.02424	0.02727	0.79697	0.00606	0.00606	0.00303	0.00303
46	0.01425	0.06230	0.67162	0.01990	0.02995	0.01667	0.04645	0.02206	0.01477	0.02190	0.01247	0.01473	0.00890	0.00658	0.00660	0.00219	0.01025	0.00520	0.00297	0.01023
47	0.00888	0.00650	0.00837	0.00930	0.01027	0.00599	0.00654	0.01071	0.01521	0.02035	0.19359	0.48667	0.12900	0.01955	0.00870	0.00265	0.00390	0.04115	0.00675	0.00593
48	0.01565	0.01704	0.03398	0.02515	0.03013	0.01761	0.47478	0.02031	0.01540	0.02152	0.06966	0.02072	0.01477	0.00804	0.01164	0.00250	0.18047	0.00810	0.00376	0.00877
49	0.00972	0.00709	0.00914	0.00870	0.01035	0.00651	0.00650	0.01284	0.01928	0.02703	0.64267	0.07859	0.10591	0.01476	0.00826	0.00223	0.00334	0.01302	0.00756	0.00651
50	0.06648	0.07807	0.02435	0.01830	0.02142	0.06464	0.12088	0.09178	0.08895	0.02276	0.01300	0.01641	0.01085	0.00932	0.01349	0.00251	0.31762	0.00622	0.00409	0.00886
51	0.01008	0.00673	0.00763	0.00770	0.00772	0.00672	0.00433	0.01013	0.01029	0.01372	0.02272	0.07684	0.02629	0.72233	0.03434	0.00659	0.00665	0.01058	0.00433	0.00429
52	0.01727	0.01658	0.02832	0.04283	0.71123	0.01658	0.02142	0.02142	0.01589	0.02280	0.01313	0.01727	0.01105	0.00622	0.00691	0.00207	0.00829	0.00622	0.00345	0.01105
53	0.00980	0.00713	0.00923	0.00870	0.01038	0.00655	0.00653	0.01303	0.01958	0.02758	0.67936	0.05279	0.09428	0.01442	0.00823	0.00220	0.00330	0.01271	0.00763	0.00655
54	0.01635	0.01466	0.02052	0.01753	0.01803	0.01993	0.01458	0.01802	0.01147	0.07393	0.01107	0.01648	0.01018	0.01363	0.05166	0.00333	0.65094	0.00624	0.00354	0.00792
55	0.80405	0.01350	0.01026	0.00918	0.01350	0.01565	0.00756	0.02051	0.01188	0.03131	0.00972	0.01134	0.00756	0.00648	0.00432	0.00216	0.00540	0.00378	0.00432	0.00756
56	0.01764	0.01615	0.02692	0.11180	0.59498	0.01651	0.02055	0.04947	0.01652	0.04270	0.01361	0.01757	0.01108	0.00645	0.00692	0.00210	0.00830	0.00624	0.00371	0.01077
57	0.78264	0.01411	0.02945	0.00947	0.01395	0.01567	0.00805	0.02056	0.01195	0.03106	0.00979	0.01143	0.00759	0.00648	0.00438	0.00216	0.00553	0.00382	0.00428	0.00763
58	0.01707	0.01634	0.02505	0.12182	0.49245	0.03946	0.01918	0.02381	0.12992	0.02308	0.01552	0.01875	0.01249	0.00688	0.00693	0.00214	0.00809	0.00644	0.00403	0.01055
59	0.01712	0.52009	0.26194	0.01457	0.02197	0.02384	0.01651	0.02129	0.01436	0.01830	0.01063	0.01236	0.00892	0.00619	0.00519	0.00173	0.00840	0.00420	0.00297	0.00940
60	0.00850	0.00607	0.00810	0.00972	0.01012	0.00567	0.00648	0.00972	0.01336	0.01781	0.03846	0.75020	0.04615	0.02186	0.00891	0.00283	0.00405	0.01984	0.00648	0.00567
61	0.01012	0.00687	0.00812	0.00812	0.00829	0.00704	0.00486	0.01047	0.01030	0.01391	0.02152	0.04310	0.02426	0.65595	0.13280	0.00739	0.00844	0.00977	0.00416	0.00451
62	0.80405	0.01350	0.01026	0.00918	0.01350	0.01565	0.00756	0.02051	0.01188	0.03131	0.00972	0.01134	0.00756	0.00648	0.00432	0.00216	0.00540	0.00378	0.00432	0.00756
63	0.01866	0.75896	0.03657	0.01194	0.01791	0.02761	0.01194	0.02090	0.01418	0.01642	0.00970	0.01119	0.00896	0.00597	0.00448	0.00149	0.00746	0.00373	0.00299	0.00896
64	0.80405	0.01350	0.01026	0.00918	0.01350	0.01565	0.00756	0.02051	0.01188	0.03131	0.00972	0.01134	0.00756	0.00648	0.00432	0.00216	0.00540	0.00378	0.00432	0.00756
65	0.00998	0.00676	0.00796	0.00833	0.00851	0.00670	0.00511	0.01041	0.01109	0.01474	0.02561	0.15416	0.02963	0.58804	0.02953	0.00590	0.00633	0.06185	0.00474	0.00461
66	0.02771	0.01134	0.01523	0.01194	0.01674	0.01000	0.00975	0.05021	0.02032	0.58484	0.13701	0.02812	0.02496	0.00954	0.00721	0.00216	0.00556	0.00790	0.00843	0.01102
67	0.00835	0.00694	0.00730	0.00749	0.00956	0.00589	0.00551	0.01010	0.01572	0.01908	0.09191	0.15712	0.59487	0.01809	0.00833	0.00241	0.00359	0.01532	0.00653	0.00589
68	0.01212	0.00606	0.00909	0.00909	0.00909	0.00606	0.00606	0.00909	0.00909	0.01212	0.01212	0.02121	0.01212	0.02424	0.02727	0.79697	0.00606	0.00606	0.00303	0.00303
69	0.00997	0.00748	0.01121	0.01121	0.01246	0.00872	0.00872	0.01246	0.01121	0.01620	0.01869	0.02741	0.01745	0.05234	0.72710	0.01121	0.01869	0.00748	0.00374	0.00623
70	0.02553	0.01260	0.01569	0.01269	0.01738	0.01227	0.01026	0.07327	0.18119	0.44165	0.09647	0.02675	0.02285	0.00939	0.00716	0.00221	0.00568	0.00775	0.00807	0.01114
71	0.01640	0.01582	0.02735	0.18436	0.54726	0.01641	0.04898	0.02072	0.01552	0.02176	0.01302	0.01761	0.01068	0.00636	0.00698	0.00214	0.00864	0.00630	0.00339	0.01031
72	0.01749	0.48406	0.24710	0.01505	0.02237	0.02356	0.03454	0.04940	0.01520	0.01950	0.01099	0.01273	0.00909	0.00627	0.00535	0.00176	0.00847	0.00440	0.00316	0.00951
73	0.01327	0.01235	0.02043	0.65449	0.06945	0.01496	0.01842	0.01767	0.01391	0.01806	0.01278	0.01938	0.01001	0.03455	0.00795	0.00243	0.00899	0.00626	0.00320	0.04144
74	0.01152	0.00886	0.01120	0.01267	0.01420	0.03840	0.01073	0.01442	0.01587	0.02033	0.03603	0.16224	0.03960	0.01909	0.00940	0.00310	0.00638	0.55323	0.00631	0.00640
75	0.01481	0.01840	0.11743	0.02471	0.12364	0.03559	0.32973	0.01982	0.01656	0.02241	0.09684	0.02754	0.10288	0.00844	0.00779	0.00226	0.00917	0.00873	0.00427	0.00897
76	0.04109	0.01575	0.06202	0.01344	0.01851	0.01481	0.01136	0.11411	0.24168	0.05155	0.01926	0.03957	0.01515	0.00811	0.00723	0.00192	0.04509	0.00636	0.00558	0.26740
77	0.80405	0.01350	0.01026	0.00918	0.01350	0.01565	0.00756	0.02051	0.01188	0.03131	0.00972	0.01134	0.00756	0.00648	0.00432	0.00216	0.00540	0.00378	0.00432	0.00756
78	0.01599	0.04032	0.01562	0.01087	0.01680	0.01079	0.00879	0.06646	0.01597	0.05201	0.01407	0.03850	0.01183	0.00611	0.00547	0.00123	0.00543	0.00490	0.00456	0.65430
79	0.00988	0.00713	0.00933	0.00878	0.01043	0.00658	0.00658	0.01317	0.01975	0.02798	0.70754	0.05213	0.06584	0.01427	0.00823	0.00219	0.00329	0.01262	0.00768	0.00658
80	0.01015	0.00677	0.00761	0.00761	0.00761	0.00677	0.00423	0.01015	0.01015	0.01353	0.02199	0.04567	0.02537	0.75476	0.03552	0.00677	0.00677	0.01015	0.00423	0.00423
81	0.80405	0.01350	0.01026	0.00918	0.01350	0.01565	0.00756	0.02051	0.01188	0.03131	0.00972	0.01134	0.00756	0.00648	0.00432	0.00216	0.00540	0.00378	0.00432	0.00756
82	0.02634	0.02521	0.02046	0.01685	0.02161	0.31270	0.01335	0.41548	0.02743	0.03287	0.01429	0.01503	0.01068	0.00789	0.00670	0.00197	0.00970	0.00554	0.00558	0.01031
83	0.01639	0.01668	0.04417	0.10144	0.42904	0.05934	0.07508	0.02056	0.01599	0.02164	0.01645	0.02611	0.01490	0.00823	0.00738	0.00227	0.00873	0.10203	0.00385	0.00972
84	0.01866	0.75896	0.03657	0.01194	0.01791	0.02761	0.01194	0.02090	0.01418	0.01642	0.00970	0.01119	0.00896	0.00597	0.00448	0.00149	0.00746	0.00373	0.00299	0.00896
85	0.01197	0.01036	0.01278	0.01209	0.01319	0.05527	0.00921	0.01380	0.01166	0.01616	0.01773	0.05401	0.01777	0.16313	0.39499	0.00786	0.13433	0.00788	0.00382	0.03198
86	0.01037	0.00714	0.00822	0.00808	0.00808	0.00741	0.00472	0.01044	0.01017	0.01368	0.02142	0.04432	0.02465	0.72190	0.03496	0.00660	0.03930	0.00997	0.00418	0.00438
87	0.01961	0.01969	0.04808	0.02110	0.02586	0.09270	0.24652	0.20845	0.02023	0.02671	0.01506	0.04043	0.01250	0.00877	0.01028	0.00238	0.13875	0.02881	0.00459	0.00947
88	0.80405	0.01350	0.01026	0.00918	0.01350	0.01565	0.00756	0.02051	0.01188	0.03131	0.00972	0.01134	0.00756	0.00648	0.00432	0.00216	0.00540	0.00378	0.00432	0.00756
89	0.00850	0.00607	0.00810	0.00972	0.01012	0.00567	0.00648	0.00972	0.01336	0.01781	0.03846	0.75020	0.04615	0.02186	0.00891	0.00283	0.00405	0.01984	0.00648	0.00567
90	0.02952	0.01148	0.01562	0.01211	0.01720	0.00995	0.00995	0.03227	0.01995	0.65878	0.08414	0.02611	0.02132	0.00911	0.00712	0.00216	0.00572	0.00748	0.00856	0.01144
91	0.00887	0.00709	0.00793	0.00772	0.00981	0.00615	0.00579	0.01121	0.01737	0.02232	0.31279	0.06144	0.46413	0.01638	0.00824	0.00229	0.00344	0.01393	0.00694	0.00615
92	0.00830	0.00707	0.00714	0.00713	0.00946	0.00591	0.00534	0.01012	0.01603	0.01915	0.09183	0.06666	0.68707	0.01756	0.00825	0.00235	0.00353	0.01466	0.00652	0.00591
93	0.00868	0.00621	0.00825	0.00960	0.01016	0.00578	0.00649	0.01015	0.01417	0.01910	0.12277	0.66224	0.04863	0.02091	0.00882	0.00275	0.00395	0.01893	0.00663	0.00578
94	0.01866	0.75896	0.03657	0.01194	0.01791	0.02761	0.01194	0.02090	0.01418	0.01642	0.00970	0.01119	0.00896	0.00597	0.00448	0.00149	0.00746	0.00373	0.00299	0.00896
95	0.01736	0.01499	0.01578	0.01420	0.01815	0.01736	0.01105	0.03708	0.69862	0.02919	0.02840	0.02604	0.02130	0.00947	0.00710	0.00237	0.00552	0.00789	0.00710	0.01105
96	0.00997	0.00748	0.01121	0.01121	0.01246	0.00872	0.00872	0.01246	0.01121	0.01620	0.01869	0.02741	0.01745	0.05234	0.72710	0.01121	0.01869	0.00748	0.00374	0.00623
97	0.02653	0.01955	0.02094	0.01606	0.02164	0.02164	0.01326	0.68796	0.03281	0.04398	0.01675	0.01675	0.01187	0.00838	0.00698	0.00209	0.00768	0.00628	0.00698	0.01187
98	0.02607	0.03326	0.01978	0.01798	0.02157	0.72674	0.01348	0.02787	0.01978	0.01708	0.01079	0.01258	0.00899	0.00719	0.00629	0.00180	0.01258	0.00449	0.00360	0.00809
99	0.01527	0.01527	0.02137	0.01832	0.01832	0.02137	0.01527	0.01679	0.01069	0.01679	0.00916	0.01527	0.00916	0.01221	0.02290	0.00305	0.74198	0.00611	0.00305	0.00763
100	0.02607	0.03326	0.01978	0.01798	0.02157	0.72674	0.01348	0.02787	0.01978	0.01708	0.01079	0.01258	0.00899	0.00719	0.00629	0.00180	0.01258	0.00449	0.00360	0.00809
101	0.80405	0.01350	0.01026	0.00918	0.01350	0.01565	0.00756	0.02051	0.01188	0.03131	0.00972	0.01134	0.00756	0.00648	0.00432	0.00216	0.00540	0.00378	0.00432	0.00756
102	0.01679	0.01354	0.04558	0.01162	0.01791	0.00998	0.03023	0.02014	0.01529	0.11668	0.01451	0.01587	0.01122	0.00572	0.00558	0.00128	0.00570	0.00470	0.00468	0.63299
103	0.01527	0.01527	0.02137	0.01832	0.01832	0.02137	0.01527	0.01679	0.01069	0.01679	0.00916	0.01527	0.00916	0.01221	0.02290	0.00305	0.74198	0.00611	0.00305	0.00763
104	0.02539	0.03162	0.02058	0.01827	0.02209	0.65134	0.04171	0.04834	0.04277	0.01854	0.01170	0.01343	0.00956	0.00725	0.00642	0.00185	0.01216	0.00482	0.00381	0.00836
105	0.01527	0.01527	0.02137	0.01832	0.01832	0.02137	0.01527	0.01679	0.01069	0.01679	0.00916	0.01527	0.00916	0.01221	0.02290	0.00305	0.74198	0.00611	0.00305	0.00763
106	0.01647	0.01882	0.04118	0.02941	0.03647	0.01765	0.68588	0.02235	0.01647	0.02235	0.01412	0.01882	0.01059	0.00588	0.00824	0.00235	0.01176	0.00824	0.00353	0.00941
107	0.01527	0.01527	0.02137	0.01832	0.01832	0.02137	0.01527	0.01679	0.01069	0.01679	0.00916	0.01527	0.00916	0.01221	0.02290	0.00305	0.74198	0.00611	0.00305	0.00763
108	0.01447	0.01240	0.01447	0.01034	0.01654	0.00930	0.00827	0.01757	0.01447	0.02274	0.01240	0.01447	0.01034	0.00517	0.00517	0.00103	0.00517	0.00413	0.00413	0.79742
109	0.00998	0.00745	0.01108	0.01108	0.01228	0.00865	0.00856	0.01238	0.01118	0.01610	0.01881	0.02808	0.01774	0.07801	0.70183	0.01105	0.01826	0.00757	0.00376	0.00616
110	0.00839	0.00687	0.00741	0.00770	0.00962	0.00589	0.00561	0.01014	0.01562	0.01918	0.10176	0.20247	0.53851	0.01831	0.00838	0.00244	0.00362	0.01562	0.00655	0.00589
111	0.02653	0.01955	0.02094	0.01606	0.02164	0.02164	0.01326	0.68796	0.03281	0.04398	0.01675	0.01675	0.01187	0.00838	0.00698	0.00209	0.00768	0.00628	0.00698	0.01187
112	0.11348	0.01225	0.01569	0.01217	0.01745	0.01113	0.01005	0.04958	0.01944	0.62565	0.02535	0.02225	0.01610	0.00840	0.00673	0.00216	0.00593	0.00665	0.00813	0.01142
113	0.01124	0.00803	0.01124	0.01285	0.01446	0.00803	0.01124	0.01446	0.01606	0.02088	0.03695	0.07871	0.04016	0.01928	0.00964	0.00321	0.00643	0.66426	0.00643	0.00643
114	0.00939	0.00711	0.00866	0.00827	0.01013	0.00638	0.00620	0.01223	0.01861	0.02527	0.51856	0.05659	0.25652	0.01528	0.00824	0.00224	0.00336	0.01325	0.00733	0.00638
115	0.02608	0.03276	0.01982	0.01791	0.02158	0.70107	0.01348	0.05190	0.02025	0.01806	0.01100	0.01274	0.00909	0.00723	0.00632	0.00181	0.01241	0.00456	0.00372	0.00823
116	0.02607	0.03326	0.01978	0.01798	0.02157	0.72674	0.01348	0.02787	0.01978	0.01708	0.01079	0.01258	0.00899	0.00719	0.00629	0.00180	0.01258	0.00449	0.00360	0.00809
117	0.77250	0.01374	0.01069	0.00946	0.01383	0.01590	0.00779	0.04759	0.01273	0.03182	0.01000	0.01156	0.00773	0.00655	0.00443	0.00216	0.00549	0.00388	0.00443	0.00773
118	0.02280	0.01770	0.01885	0.01530	0.02022	0.01990	0.01236	0.42372	0.30311	0.03798	0.02148	0.02052	0.01570	0.00882	0.00703	0.00220	0.00680	0.00694	0.00703	0.01153
119	0.00922	0.00607	0.00830	0.00959	0.00992	0.00575	0.00639	0.00959	0.01251	0.01668	0.03321	0.60484	0.03937	0.02234	0.01257	0.16119	0.00445	0.01709	0.00579	0.00514
120	0.01855	0.01636	0.02043	0.01711	0.01917	0.02085	0.01411	0.19713	0.11909	0.02582	0.01404	0.01727	0.01169	0.01079	0.01634	0.00270	0.43820	0.00642	0.00469	0.00926
121	0.00997	0.00748	0.01121	0.01121	0.01246	0.00872	0.00872	0.01246	0.01121	0.01620	0.01869	0.02741	0.01745	0.05234	0.72710	0.01121	0.01869	0.00748	0.00374	0.00623
122	0.01866	0.75896	0.03657	0.01194	0.01791	0.02761	0.01194	0.02090	0.01418	0.01642	0.00970	0.01119	0.00896	0.00597	0.00448	0.00149	0.00746	0.00373	0.00299	0.00896
123	0.01527	0.01527	0.02137	0.01832	0.01832	0.02137	0.01527	0.01679	0.01069	0.01679	0.00916	0.01527	0.00916	0.01221	0.02290	0.00305	0.74198	0.00611	0.00305	0.00763
124	0.01866	0.75896	0.03657	0.01194	0.01791	0.02761	0.01194	0.02090	0.01418	0.01642	0.00970	0.01119	0.00896	0.00597	0.00448	0.00149	0.00746	0.00373	0.00299	0.00896
125	0.01318	0.01240	0.02093	0.73798	0.04806	0.01550	0.01938	0.01783	0.01395	0.01783	0.01240	0.01860	0.00930	0.00698	0.00698	0.00233	0.00930	0.00620	0.00310	0.00775
126	0.01866	0.75896	0.03657	0.01194	0.01791	0.02761	0.01194	0.02090	0.01418	0.01642	0.00970	0.01119	0.00896	0.00597	0.00448	0.00149	0.00746	0.00373	0.00299	0.00896
127	0.80405	0.01350	0.01026	0.00918	0.01350	0.01565	0.00756	0.02051	0.01188	0.03131	0.00972	0.01134	0.00756	0.00648	0.00432	0.00216	0.00540	0.00378	0.00432	0.00756
128	0.01736	0.01499	0.01578	0.01420	0.01815	0.01736	0.01105	0.03708	0.69862	0.02919	0.02840	0.02604	0.02130	0.00947	0.00710	0.00237	0.00552	0.00789	0.00710	0.01105
129	0.01527	0.01527	0.02137	0.01832	0.01832	0.02137	0.01527	0.01679	0.01069	0.01679	0.00916	0.01527	0.00916	0.01221	0.02290	0.00305	0.74198	0.00611	0.00305	0.00763
130	0.01736	0.01499	0.01578	0.01420	0.01815	0.01736	0.01105	0.03708	0.69862	0.02919	0.02840	0.02604	0.02130	0.00947	0.00710	0.00237	0.00552	0.00789	0.00710	0.01105
131	0.01647	0.01882	0.04118	0.02941	0.03647	0.01765	0.68588	0.02235	0.01647	0.02235	0.01412	0.01882	0.01059	0.00588	0.00824	0.00235	0.01176	0.00824	0.00353	0.00941
132	0.00852	0.00621	0.00803	0.00942	0.01006	0.00572	0.00636	0.00985	0.01382	0.01823	0.06243	0.65894	0.11433	0.02120	0.00882	0.00277	0.00397	0.01909	0.00652	0.00572
133	0.03067	0.01281	0.03612	0.01274	0.01829	0.01079	0.01079	0.05491	0.02024	0.67470	0.02676	0.02327	0.01686	0.00857	0.00701	0.00216	0.00612	0.00694	0.00842	0.01183
134	0.80405	0.01350	0.01026	0.00918	0.01350	0.01565	0.00756	0.02051	0.01188	0.03131	0.00972	0.01134	0.00756	0.00648	0.00432	0.00216	0.00540	0.00378	0.00432	0.00756
135	0.01301	0.00650	0.00650	0.00650	0.00813	0.00650	0.00488	0.01626	0.01463	0.02602	0.02276	0.02602	0.01789	0.00813	0.00488	0.00163	0.00325	0.00650	0.79350	0.00650
136	0.01400	0.03610	0.71860	0.01989	0.03020	0.01621	0.02578	0.02210	0.01473	0.02210	0.01252	0.01473	0.00884	0.00663	0.00663	0.00221	0.01031	0.00516	0.00295	0.01031
137	0.05250	0.01126	0.01480	0.01172	0.01634	0.01012	0.00954	0.05330	0.02013	0.53157	0.16214	0.02874	0.02644	0.00968	0.00717	0.00216	0.00546	0.00800	0.00824	0.01068
138	0.01636	0.01586	0.02602	0.23761	0.50620	0.03540	0.02063	0.02058	0.01545	0.02125	0.01286	0.01752	0.01051	0.00646	0.00691	0.00214	0.00869	0.00617	0.00336	0.01005
139	0.01020	0.00682	0.00777	0.00784	0.00791	0.00682	0.00454	0.01034	0.01041	0.01386	0.02265	0.04713	0.02602	0.72221	0.03437	0.00661	0.00675	0.03909	0.00433	0.00433
140	0.01318	0.01240	0.02093	0.73798	0.04806	0.01550	0.01938	0.01783	0.01395	0.01783	0.01240	0.01860	0.00930	0.00698	0.00698	0.00233	0.00930	0.00620	0.00310	0.00775
141	0.02607	0.03326	0.01978	0.01798	0.02157	0.72674	0.01348	0.02787	0.01978	0.01708	0.01079	0.01258	0.00899	0.00719	0.00629	0.00180	0.01258	0.00449	0.00360	0.00809
142	0.00940	0.00673	0.00885	0.00920	0.01020	0.00643	0.00648	0.01154	0.01580	0.02191	0.34015	0.30922	0.05093	0.09080	0.06643	0.00356	0.00509	0.01467	0.00660	0.00599
143	0.01874	0.32355	0.27964	0.01626	0.02324	0.19065	0.01732	0.02300	0.01572	0.01863	0.01098	0.01281	0.00892	0.00650	0.00569	0.00183	0.00972	0.00443	0.00312	0.00924
144	0.01321	0.01214	0.01701	0.01515	0.01551	0.01620	0.01222	0.01485	0.01078	0.01628	0.01325	0.02196	0.01325	0.10235	0.22585	0.00578	0.45702	0.00693	0.00337	0.00687
145	0.01802	0.65484	0.07526	0.01254	0.01851	0.02571	0.01270	0.02135	0.04168	0.01745	0.01175	0.01482	0.01074	0.00670	0.00493	0.00164	0.00751	0.03154	0.00329	0.00901
146	0.01795	0.01528	0.01611	0.01432	0.01837	0.01763	0.01119	0.07910	0.65563	0.03015	0.02765	0.02544	0.02069	0.00940	0.00709	0.00235	0.00566	0.00779	0.00709	0.01110
147	0.01396	0.01349	0.02059	0.01756	0.01864	0.01722	0.09031	0.01614	0.01189	0.01757	0.01473	0.06575	0.01495	0.04115	0.10294	0.00405	0.45969	0.04834	0.00364	0.00737
148	0.00842	0.00700	0.00737	0.00744	0.00958	0.00594	0.00552	0.01030	0.01608	0.01965	0.12975	0.11791	0.59571	0.01766	0.00830	0.00238	0.00355	0.01491	0.00660	0.00594
149	0.02669	0.01653	0.01932	0.01674	0.07622	0.03987	0.01260	0.34015	0.04548	0.27924	0.04110	0.02047	0.01552	0.00846	0.00701	0.00212	0.00708	0.00672	0.00719	0.01150
150	0.00845	0.00706	0.00738	0.00745	0.00966	0.00599	0.00560	0.01033	0.01606	0.01947	0.11074	0.09562	0.61942	0.01767	0.00831	0.00239	0.00362	0.03230	0.00656	0.00594
151	0.01286	0.01200	0.01984	0.64016	0.06636	0.01458	0.01805	0.01725	0.01434	0.01840	0.03906	0.02303	0.05985	0.00793	0.00710	0.00232	0.00867	0.00700	0.00350	0.00770
152	0.00997	0.00748	0.01121	0.01121	0.01246	0.00872	0.00872	0.01246	0.01121	0.01620	0.01869	0.02741	0.01745	0.05234	0.72710	0.01121	0.01869	0.00748	0.00374	0.00623
153	0.01406	0.03383	0.64766	0.06788	0.05617	0.01617	0.02520	0.02179	0.01472	0.02184	0.01254	0.01508	0.00895	0.00664	0.00666	0.00221	0.01017	0.00526	0.00298	0.01017
154	0.07190	0.09736	0.02323	0.17265	0.14373	0.28443	0.04513	0.02274	0.01638	0.01929	0.01173	0.01516	0.00964	0.00815	0.02859	0.00226	0.01032	0.00528	0.00345	0.00858
155	0.01896	0.72951	0.03589	0.01219	0.01806	0.05598	0.01200	0.02118	0.01441	0.01644	0.00975	0.01125	0.00896	0.00602	0.00455	0.00150	0.00767	0.00376	0.00301	0.00892
156	0.01282	0.01057	0.01169	0.01080	0.01361	0.01118	0.00828	0.02302	0.31749	0.02658	0.27422	0.04383	0.18212	0.01288	0.00774	0.00230	0.00432	0.01099	0.00717	0.00840
157	0.00850	0.00607	0.00810	0.00972	0.01012	0.00567	0.00648	0.00972	0.01336	0.01781	0.03846	0.75020	0.04615	0.02186	0.00891	0.00283	0.00405	0.01984	0.00648	0.00567
158	0.01974	0.01601	0.01734	0.01538	0.04394	0.01797	0.01177	0.24653	0.41228	0.03309	0.02683	0.02540	0.06297	0.00953	0.00713	0.00227	0.00619	0.00775	0.00689	0.01097
159	0.00976	0.00709	0.00920	0.00876	0.01038	0.00652	0.00654	0.01292	0.01935	0.02724	0.65749	0.08178	0.08736	0.01470	0.00826	0.00223	0.00333	0.01299	0.00759	0.00652
160	0.02512	0.01892	0.02136	0.01643	0.02166	0.02097	0.04111	0.61096	0.03050	0.04098	0.01651	0.01773	0.01215	0.03305	0.00861	0.00230	0.03721	0.00648	0.00659	0.01134
161	0.01713	0.01478	0.01595	0.01492	0.03658	0.01700	0.01133	0.03584	0.65548	0.02872	0.02830	0.02772	0.02171	0.00974	0.00719	0.00239	0.00563	0.03174	0.00698	0.01088
162	0.01887	0.73777	0.03608	0.01212	0.01802	0.04802	0.01199	0.02110	0.01434	0.01644	0.00973	0.01123	0.00896	0.00601	0.00453	0.00150	0.00761	0.00375	0.00300	0.00893
163	0.00878	0.00653	0.00788	0.00882	0.00977	0.00599	0.00605	0.01007	0.01375	0.01765	0.04515	0.43211	0.22854	0.12151	0.01242	0.00326	0.00438	0.04559	0.00617	0.00557
164	0.01798	0.08148	0.50451	0.01791	0.02677	0.01668	0.02142	0.08788	0.01718	0.12190	0.01486	0.01596	0.01033	0.00704	0.00657	0.00214	0.00924	0.00543	0.00414	0.01059
165	0.10547	0.03124	0.01880	0.01708	0.02075	0.65416	0.01288	0.02711	0.01897	0.01853	0.01068	0.01246	0.00884	0.00712	0.00609	0.00183	0.01185	0.00442	0.00367	0.00804
166	0.01656	0.01595	0.02750	0.15926	0.57776	0.01643	0.04272	0.02084	0.01558	0.02195	0.01304	0.01755	0.01074	0.00633	0.00696	0.00212	0.00857	0.00628	0.00340	0.01045
167	0.14312	0.02003	0.01665	0.01400	0.01857	0.27616	0.01105	0.02975	0.01871	0.35664	0.01871	0.01779	0.01278	0.00778	0.00635	0.00203	0.00832	0.00561	0.00614	0.00984
168	0.02511	0.01898	0.21364	0.01469	0.02133	0.01260	0.01470	0.03095	0.08304	0.45562	0.02339	0.02143	0.01529	0.00815	0.00692	0.00219	0.00713	0.00658	0.00689	0.01136
169	0.01212	0.00606	0.00909	0.00909	0.00909	0.00606	0.00606	0.00909	0.00909	0.01212	0.01212	0.02121	0.01212	0.02424	0.02727	0.79697	0.00606	0.00606	0.00303	0.00303
170	0.01727	0.01658	0.02832	0.04283	0.71123	0.01658	0.02142	0.02142	0.01589	0.02280	0.01313	0.01727	0.01105	0.00622	0.00691	0.00207	0.00829	0.00622	0.00345	0.01105
171	0.01648	0.03184	0.46064	0.01958	0.02773	0.15737	0.08329	0.02273	0.01610	0.02139	0.04159	0.01625	0.01149	0.00694	0.00673	0.00210	0.01042	0.00559	0.00337	0.03839
172	0.01301	0.00650	0.00650	0.00650	0.00813	0.00650	0.00488	0.01626	0.01463	0.02602	0.02276	0.02602	0.01789	0.00813	0.00488	0.00163	0.00325	0.00650	0.79350	0.00650
173	0.01000	0.00670	0.00766	0.00781	0.00784	0.00666	0.00444	0.01011	0.01045	0.01393	0.02351	0.11099	0.02730	0.68681	0.03305	0.00640	0.00651	0.01105	0.00444	0.00436
174	0.01786	0.01531	0.02220	0.04320	0.09071	0.01599	0.14732	0.21006	0.12776	0.03043	0.15690	0.02729	0.04452	0.00924	0.00753	0.00222	0.00728	0.00843	0.00595	0.00980
175	0.01058	0.00766	0.00982	0.00909	0.01090	0.00722	0.00687	0.04158	0.02030	0.02866	0.67846	0.05064	0.06357	0.01402	0.00818	0.00219	0.00348	0.01235	0.00765	0.00681
176	0.01895	0.08196	0.11852	0.05691	0.23551	0.11719	0.04225	0.06939	0.10293	0.04362	0.01490	0.01709	0.01166	0.00723	0.00718	0.00210	0.03235	0.00594	0.00419	0.01013
177	0.44961	0.06757	0.10272	0.01303	0.01800	0.20612	0.01168	0.02270	0.01448	0.02545	0.01035	0.01208	0.00819	0.00666	0.00514	0.00203	0.00805	0.00414	0.00387	0.00813
178	0.00924	0.00711	0.00844	0.00811	0.01003	0.00631	0.00608	0.01193	0.01824	0.02440	0.45735	0.05803	0.31828	0.01560	0.00824	0.00226	0.00339	0.01345	0.00721	0.00631
179	0.01435	0.01998	0.21873	0.14910	0.27710	0.01477	0.04845	0.01936	0.01500	0.02106	0.01789	0.09376	0.04306	0.00853	0.00716	0.00226	0.00855	0.00775	0.00369	0.00945
180	0.00850	0.00607	0.00810	0.00972	0.01012	0.00567	0.00648	0.00972	0.01336	0.01781	0.03846	0.75020	0.04615	0.02186	0.00891	0.00283	0.00405	0.01984	0.00648	0.00567
181	0.01447	0.01240	0.01447	0.01034	0.01654	0.00930	0.00827	0.01757	0.01447	0.02274	0.01240	0.01447	0.01034	0.00517	0.00517	0.00103	0.00517	0.00413	0.00413	0.79742
182	0.01736	0.01499	0.01578	0.01420	0.01815	0.01736	0.01105	0.03708	0.69862	0.02919	0.02840	0.02604	0.02130	0.00947	0.00710	0.00237	0.00552	0.00789	0.00710	0.01105
183	0.80405	0.01350	0.01026	0.00918	0.01350	0.01565	0.00756	0.02051	0.01188	0.03131	0.00972	0.01134	0.00756	0.00648	0.00432	0.00216	0.00540	0.00378	0.00432	0.00756
184	0.00997	0.00748	0.01121	0.01121	0.01246	0.00872	0.00872	0.01246	0.01121	0.01620	0.01869	0.02741	0.01745	0.05234	0.72710	0.01121	0.01869	0.00748	0.00374	0.00623
185	0.01072	0.00840	0.01191	0.01150	0.01234	0.01007	0.00876	0.01261	0.01094	0.01578	0.01802	0.02920	0.01781	0.17920	0.50135	0.00927	0.11453	0.00779	0.00374	0.00604
186	0.00980	0.00672	0.00761	0.00778	0.00805	0.00657	0.00457	0.01009	0.01103	0.01448	0.02833	0.12167	0.09223	0.60800	0.03014	0.00594	0.00617	0.01160	0.00468	0.00454
187	0.80405	0.01350	0.01026	0.00918	0.01350	0.01565	0.00756	0.02051	0.01188	0.03131	0.00972	0.01134	0.00756	0.00648	0.00432	0.00216	0.00540	0.00378	0.00432	0.00756
188	0.01380	0.00806	0.00990	0.00927	0.01185	0.00709	0.00715	0.01611	0.01728	0.17190	0.18734	0.13946	0.30254	0.01562	0.00814	0.00239	0.00425	0.05332	0.00719	0.00734
189	0.02483	0.01870	0.01999	0.01571	0.02099	0.02085	0.01285	0.56771	0.15582	0.04125	0.01891	0.01847	0.01361	0.00858	0.00700	0.00214	0.00728	0.00658	0.00700	0.01172
190	0.05719	0.01193	0.01600	0.01231	0.01767	0.01044	0.01017	0.03356	0.01970	0.69313	0.02693	0.02334	0.01695	0.00856	0.00693	0.00216	0.00592	0.00691	0.00849	0.01173
191	0.01901	0.01462	0.01583	0.01399	0.01811	0.01652	0.01095	0.03672	0.61824	0.11055	0.02830	0.02576	0.02082	0.00937	0.00709	0.00234	0.00557	0.00779	0.00728	0.01114
192	0.01736	0.01499	0.01578	0.01420	0.01815	0.01736	0.01105	0.03708	0.69862	0.02919	0.02840	0.02604	0.02130	0.00947	0.00710	0.00237	0.00552	0.00789	0.00710	0.01105
193	0.80405	0.01350	0.01026	0.00918	0.01350	0.01565	0.00756	0.02051	0.01188	0.03131	0.00972	0.01134	0.00756	0.00648	0.00432	0.00216	0.00540	0.00378	0.00432	0.00756
194	0.01866	0.75896	0.03657	0.01194	0.01791	0.02761	0.01194	0.02090	0.01418	0.01642	0.00970	0.01119	0.00896	0.00597	0.00448	0.00149	0.00746	0.00373	0.00299	0.00896
195	0.00850	0.00607	0.00810	0.00972	0.01012	0.00567	0.00648	0.00972	0.01336	0.01781	0.03846	0.75020	0.04615	0.02186	0.00891	0.00283	0.00405	0.01984	0.00648	0.00567
196	0.02612	0.01934	0.02071	0.01597	0.02149	0.02145	0.01317	0.65916	0.06227	0.04332	0.01727	0.01716	0.01228	0.00843	0.00699	0.00211	0.00758	0.00635	0.00699	0.01183
197	0.01866	0.75896	0.03657	0.01194	0.01791	0.02761	0.01194	0.02090	0.01418	0.01642	0.00970	0.01119	0.00896	0.00597	0.00448	0.00149	0.00746	0.00373	0.00299	0.00896
198	0.02472	0.03078	0.01885	0.01708	0.02065	0.64721	0.01285	0.04945	0.01993	0.01815	0.01557	0.01690	0.06248	0.00803	0.00647	0.00185	0.01172	0.00534	0.00393	0.00805
199	0.01527	0.01527	0.02137	0.01832	0.01832	0.02137	0.01527	0.01679	0.01069	0.01679	0.00916	0.01527	0.00916	0.01221	0.02290	0.00305	0.74198	0.00611	0.00305	0.00763
200	0.01823	0.64442	0.05328	0.01201	0.01763	0.02474	0.01183	0.02058	0.01438	0.04656	0.01290	0.07225	0.01235	0.00740	0.00501	0.00165	0.00720	0.00523	0.00351	0.00885
201	0.00856	0.00698	0.00758	0.00765	0.00968	0.00599	0.00565	0.01055	0.01633	0.02037	0.18100	0.13567	0.52468	0.01750	0.00831	0.00238	0.00354	0.01488	0.00669	0.00599
202	0.01117	0.00989	0.01072	0.01105	0.01238	0.06678	0.00825	0.01352	0.03720	0.01931	0.09022	0.34829	0.16773	0.01773	0.00981	0.00265	0.07255	0.07830	0.00604	0.00641
203	0.05402	0.01858	0.02010	0.01546	0.02098	0.02031	0.01277	0.60033	0.03082	0.10975	0.01757	0.01726	0.01225	0.00834	0.00689	0.00210	0.00743	0.00627	0.00705	0.01172
204	0.00907	0.00700	0.00789	0.00779	0.00946	0.00624	0.00557	0.01099	0.01602	0.02072	0.25587	0.08818	0.37136	0.13817	0.01276	0.00305	0.00401	0.01355	0.00648	0.00582
205	0.01545	0.01472	0.02503	0.35253	0.41578	0.01610	0.02051	0.01982	0.01503	0.02058	0.01280	0.01787	0.01027	0.00656	0.00694	0.00219	0.00874	0.00621	0.00330	0.00958
206	0.00940	0.00653	0.00824	0.00924	0.00962	0.00632	0.00612	0.01036	0.01243	0.01652	0.03211	0.41658	0.03772	0.29736	0.01899	0.00435	0.00531	0.08197	0.00563	0.00520
207	0.01008	0.00704	0.00901	0.00901	0.00950	0.00753	0.00598	0.01105	0.01056	0.01457	0.02070	0.03856	0.02229	0.48131	0.30475	0.00850	0.01141	0.00911	0.00404	0.00501
208	0.01511	0.17898	0.53342	0.01900	0.02821	0.01859	0.07095	0.02188	0.01475	0.02098	0.01208	0.01432	0.00899	0.00644	0.00632	0.00208	0.00985	0.00510	0.00300	0.00998
209	0.00849	0.00613	0.00803	0.00955	0.01008	0.00568	0.00640	0.00974	0.01352	0.01788	0.04047	0.70769	0.08737	0.02160	0.00887	0.00280	0.00402	0.01952	0.00648	0.00568
210	0.01783	0.63111	0.15719	0.01335	0.02008	0.02559	0.01439	0.02111	0.01428	0.01742	0.01020	0.01182	0.00893	0.00609	0.00486	0.00162	0.00797	0.00398	0.00298	0.00920
211	0.07862	0.04265	0.01221	0.01094	0.01330	0.01044	0.00826	0.07275	0.08078	0.08907	0.06029	0.38617	0.05708	0.01581	0.00779	0.00252	0.00495	0.03223	0.00650	0.00765
212	0.01731	0.03936	0.01556	0.01177	0.01687	0.12944	0.00924	0.01994	0.01568	0.07777	0.01594	0.08990	0.01429	0.00752	0.00587	0.00145	0.00643	0.00602	0.00461	0.49502
213	0.04189	0.27538	0.06972	0.01377	0.01879	0.11795	0.04021	0.06422	0.07315	0.04290	0.11050	0.02141	0.04080	0.00820	0.00613	0.00188	0.00752	0.00631	0.00468	0.03460
214	0.01886	0.36720	0.05150	0.01344	0.01843	0.07390	0.01204	0.11196	0.14780	0.02290	0.01713	0.08528	0.01524	0.00858	0.00594	0.00192	0.00728	0.00650	0.00468	0.00941

[dist]
# distance from previous block
# <min> <max>
0	35

[block]
# block no. 2 follows, 30 sequences, length 25
# corresponding to MSA columns:
# 372-396
name=unknown_C
#
# <colnr> <probs for GDERKNQSTAVLIFYWHMCP>
#	G	D	E	R	K	N	Q	S	T	A	V	L	I	F	Y	W	H	M	C	P
0	0.01531	0.02866	0.52315	0.01742	0.02578	0.01399	0.02111	0.02184	0.01546	0.10326	0.02031	0.04900	0.05638	0.00887	0.00704	0.00230	0.00892	0.04722	0.00417	0.00982
1	0.01958	0.55469	0.08398	0.03602	0.02057	0.02417	0.03693	0.05138	0.01565	0.08301	0.01211	0.01336	0.00991	0.00640	0.00519	0.00169	0.00775	0.00449	0.00370	0.00943
