[name]
unknown

[dist]
# distance from previous block
# <min> <max>
6	328

[block]
# block no. 0 follows, 23 sequences, length 59
# corresponding to MSA columns:
# 441-480,486-496,502-509
name=unknown_A
#
# <colnr> <probs for GDERKNQSTAVLIFYWHMCP>
#	G	D	E	R	K	N	Q	S	T	A	V	L	I	F	Y	W	H	M	C	P
0	0.01896	0.10211	0.11411	0.21466	0.13707	0.06929	0.01963	0.02451	0.04545	0.05220	0.02046	0.02379	0.05486	0.00906	0.00823	0.00247	0.03114	0.00735	0.03423	0.01042
1	0.01980	0.21242	0.05121	0.01730	0.04822	0.02165	0.01455	0.08014	0.01829	0.06915	0.04724	0.02638	0.07941	0.01612	0.07690	0.00357	0.17469	0.00783	0.00512	0.01001
2	0.12809	0.06861	0.06986	0.01711	0.02295	0.17109	0.01463	0.21736	0.06920	0.07570	0.02121	0.02152	0.04939	0.00952	0.00740	0.00238	0.00950	0.00689	0.00627	0.01132
3	0.02477	0.01568	0.10787	0.01400	0.01946	0.01125	0.01275	0.02871	0.02094	0.35296	0.11954	0.09879	0.06569	0.01263	0.00842	0.00257	0.00664	0.01064	0.05544	0.01124
4	0.01509	0.03009	0.39678	0.01817	0.02619	0.06509	0.02090	0.02138	0.01775	0.02385	0.03381	0.09974	0.17272	0.01262	0.00840	0.00265	0.00956	0.01032	0.00489	0.01002
5	0.01803	0.33048	0.07258	0.01378	0.01902	0.02125	0.01283	0.05682	0.06759	0.02642	0.20076	0.07402	0.03337	0.01142	0.00736	0.00224	0.00711	0.00916	0.00591	0.00986
6	0.02068	0.09747	0.04116	0.03018	0.08372	0.10047	0.40726	0.02614	0.01913	0.02459	0.01519	0.01961	0.01191	0.00701	0.00849	0.00243	0.01245	0.00801	0.00409	0.06004
7	0.02619	0.01138	0.01475	0.01219	0.01631	0.01025	0.00946	0.02865	0.01952	0.39878	0.03420	0.03754	0.07888	0.15219	0.05247	0.00413	0.00744	0.00966	0.06542	0.01060
8	0.01148	0.00825	0.01055	0.01186	0.01279	0.00800	0.00813	0.05881	0.01725	0.02302	0.04281	0.65715	0.05064	0.02423	0.01019	0.00323	0.00503	0.02187	0.00758	0.00714
9	0.18555	0.51200	0.03444	0.06491	0.02236	0.02799	0.01342	0.02393	0.01588	0.02301	0.01152	0.01371	0.01009	0.00716	0.00539	0.00198	0.00831	0.00457	0.00382	0.00995
10	0.01784	0.02232	0.12527	0.03040	0.07587	0.01829	0.42707	0.02375	0.01795	0.02474	0.01777	0.06624	0.01491	0.00981	0.01096	0.06051	0.01211	0.00964	0.00419	0.01036
11	0.01644	0.01258	0.01426	0.01228	0.01609	0.05172	0.04920	0.05301	0.02090	0.11125	0.10717	0.05908	0.41145	0.01658	0.00917	0.00264	0.00602	0.01395	0.00758	0.00866
12	0.02968	0.05194	0.02042	0.01626	0.02139	0.17540	0.01291	0.06905	0.11111	0.31113	0.02681	0.07553	0.02019	0.01079	0.00800	0.00246	0.00872	0.00851	0.00779	0.01191
13	0.02038	0.10486	0.08758	0.15026	0.29684	0.06099	0.02189	0.07075	0.01910	0.02556	0.01444	0.01873	0.01176	0.00811	0.00886	0.00245	0.05525	0.00665	0.00412	0.01142
14	0.01454	0.03039	0.43449	0.02058	0.06728	0.01527	0.02266	0.02143	0.01740	0.02453	0.03195	0.08345	0.15859	0.01188	0.00835	0.00265	0.00954	0.00985	0.00469	0.01049
15	0.03641	0.01381	0.01883	0.01444	0.02071	0.01193	0.01193	0.03954	0.02322	0.66984	0.03201	0.02762	0.02009	0.01004	0.00816	0.00251	0.00690	0.00816	0.01004	0.01381
16	0.01627	0.04197	0.67279	0.02313	0.03512	0.01884	0.02998	0.02570	0.01713	0.02570	0.01456	0.01713	0.01028	0.00771	0.00771	0.00257	0.01199	0.00600	0.00343	0.01199
17	0.03520	0.01437	0.02086	0.01582	0.02223	0.01253	0.05551	0.03860	0.02294	0.62478	0.03092	0.02722	0.01954	0.00982	0.00826	0.00253	0.00738	0.00826	0.00963	0.01361
18	0.01532	0.01442	0.02434	0.69533	0.05589	0.01803	0.02253	0.02073	0.01622	0.02073	0.01442	0.02163	0.01082	0.00811	0.00811	0.00270	0.01082	0.00721	0.00361	0.00901
19	0.00989	0.00706	0.00942	0.01130	0.01177	0.00659	0.00753	0.01130	0.01554	0.02071	0.04472	0.70954	0.05367	0.02542	0.01036	0.00330	0.00471	0.02307	0.00753	0.00659
20	0.03316	0.01336	0.01795	0.01422	0.01984	0.01188	0.01154	0.03702	0.05626	0.57325	0.03208	0.06593	0.02199	0.01167	0.00921	0.03237	0.00676	0.00901	0.00955	0.01295
21	0.03641	0.01381	0.01883	0.01444	0.02071	0.01193	0.01193	0.03954	0.02322	0.66984	0.03201	0.02762	0.02009	0.01004	0.00816	0.00251	0.00690	0.00816	0.01004	0.01381
22	0.01655	0.01568	0.02656	0.52833	0.21326	0.01835	0.02315	0.02181	0.01681	0.02223	0.01464	0.02123	0.01134	0.00788	0.00809	0.00263	0.01051	0.00722	0.00371	0.01001
23	0.01532	0.01442	0.02434	0.69533	0.05589	0.01803	0.02253	0.02073	0.01622	0.02073	0.01442	0.02163	0.01082	0.00811	0.00811	0.00270	0.01082	0.00721	0.00361	0.00901
24	0.01999	0.02074	0.04433	0.03191	0.03968	0.01937	0.56645	0.02636	0.01929	0.07084	0.01862	0.04939	0.01449	0.00780	0.00951	0.00274	0.01285	0.01001	0.00465	0.01097
25	0.03641	0.01381	0.01883	0.01444	0.02071	0.01193	0.01193	0.03954	0.02322	0.66984	0.03201	0.02762	0.02009	0.01004	0.00816	0.00251	0.00690	0.00816	0.01004	0.01381
26	0.01532	0.01442	0.02434	0.69533	0.05589	0.01803	0.02253	0.02073	0.01622	0.02073	0.01442	0.02163	0.01082	0.00811	0.00811	0.00270	0.01082	0.00721	0.00361	0.00901
27	0.03505	0.01351	0.01840	0.01421	0.02025	0.01169	0.01169	0.03823	0.02321	0.63528	0.06606	0.02941	0.02315	0.01040	0.00824	0.00251	0.00674	0.00851	0.00998	0.01348
28	0.01627	0.04197	0.67279	0.02313	0.03512	0.01884	0.02998	0.02570	0.01713	0.02570	0.01456	0.01713	0.01028	0.00771	0.00771	0.00257	0.01199	0.00600	0.00343	0.01199
29	0.03641	0.01381	0.01883	0.01444	0.02071	0.01193	0.01193	0.03954	0.02322	0.66984	0.03201	0.02762	0.02009	0.01004	0.00816	0.00251	0.00690	0.00816	0.01004	0.01381
30	0.01532	0.01442	0.02434	0.69533	0.05589	0.01803	0.02253	0.02073	0.01622	0.02073	0.01442	0.02163	0.01082	0.00811	0.00811	0.00270	0.01082	0.00721	0.00361	0.00901
31	0.01627	0.04197	0.67279	0.02313	0.03512	0.01884	0.02998	0.02570	0.01713	0.02570	0.01456	0.01713	0.01028	0.00771	0.00771	0.00257	0.01199	0.00600	0.00343	0.01199
32	0.00959	0.00822	0.00822	0.00822	0.01096	0.00685	0.00617	0.01165	0.01850	0.02192	0.08220	0.07809	0.66092	0.02055	0.00959	0.00274	0.00411	0.01713	0.00754	0.00685
33	0.01532	0.01442	0.02434	0.69533	0.05589	0.01803	0.02253	0.02073	0.01622	0.02073	0.01442	0.02163	0.01082	0.00811	0.00811	0.00270	0.01082	0.00721	0.00361	0.00901
34	0.01290	0.00922	0.01288	0.01475	0.01654	0.00919	0.01277	0.01651	0.01851	0.02409	0.04306	0.12504	0.04708	0.02258	0.01116	0.00371	0.00732	0.57780	0.00748	0.00742
35	0.01532	0.01442	0.02434	0.69533	0.05589	0.01803	0.02253	0.02073	0.01622	0.02073	0.01442	0.02163	0.01082	0.00811	0.00811	0.00270	0.01082	0.00721	0.00361	0.00901
36	0.01627	0.04197	0.67279	0.02313	0.03512	0.01884	0.02998	0.02570	0.01713	0.02570	0.01456	0.01713	0.01028	0.00771	0.00771	0.00257	0.01199	0.00600	0.00343	0.01199
37	0.00989	0.00706	0.00942	0.01130	0.01177	0.00659	0.00753	0.01130	0.01554	0.02071	0.04472	0.70954	0.05367	0.02542	0.01036	0.00330	0.00471	0.02307	0.00753	0.00659
38	0.01676	0.10213	0.61685	0.02231	0.03385	0.02002	0.02855	0.02557	0.01707	0.02511	0.01427	0.01677	0.01029	0.00764	0.00749	0.00250	0.01170	0.00585	0.00343	0.01185
39	0.01549	0.01460	0.02465	0.67219	0.07769	0.01807	0.02262	0.02088	0.01631	0.02094	0.01445	0.02158	0.01089	0.00808	0.00811	0.00269	0.01077	0.00721	0.00362	0.00915
40	0.01881	0.02134	0.04647	0.03336	0.04128	0.02001	0.61169	0.02545	0.01902	0.02580	0.01746	0.04717	0.01383	0.00752	0.00960	0.00276	0.01335	0.01007	0.00423	0.01078
41	0.01915	0.02189	0.04788	0.03420	0.04241	0.02052	0.63475	0.02599	0.01915	0.02599	0.01642	0.02189	0.01231	0.00684	0.00958	0.00274	0.01368	0.00958	0.00410	0.01094
42	0.01969	0.01910	0.03323	0.09404	0.58448	0.01927	0.06119	0.02468	0.01836	0.02607	0.01527	0.02030	0.01268	0.00727	0.00813	0.00245	0.00996	0.00737	0.00399	0.01247
43	0.01645	0.04077	0.63543	0.02379	0.03555	0.01894	0.06613	0.02571	0.01725	0.02571	0.01467	0.01742	0.01040	0.00766	0.00782	0.00258	0.01209	0.00621	0.00347	0.01193
44	0.02083	0.01581	0.02842	0.02183	0.02733	0.01479	0.27097	0.06442	0.02037	0.16518	0.03084	0.19044	0.06448	0.01301	0.00936	0.00280	0.00917	0.01281	0.00668	0.01046
45	0.01663	0.08622	0.63165	0.02252	0.03419	0.01971	0.02893	0.02561	0.01709	0.02527	0.01435	0.01686	0.01029	0.00766	0.00755	0.00252	0.01178	0.00589	0.00343	0.01189
46	0.01701	0.07925	0.35202	0.02502	0.03435	0.01918	0.23300	0.02434	0.01773	0.02490	0.01919	0.06204	0.03687	0.00888	0.00840	0.00262	0.01162	0.00852	0.00405	0.01102
47	0.02872	0.03572	0.02280	0.02062	0.02454	0.58981	0.01562	0.03225	0.06621	0.02082	0.01385	0.01595	0.01147	0.00896	0.00873	0.00224	0.06201	0.00563	0.00442	0.00961
48	0.03641	0.01381	0.01883	0.01444	0.02071	0.01193	0.01193	0.03954	0.02322	0.66984	0.03201	0.02762	0.02009	0.01004	0.00816	0.00251	0.00690	0.00816	0.01004	0.01381
49	0.02169	0.71972	0.04252	0.01388	0.02083	0.03211	0.01388	0.02430	0.01649	0.01909	0.01128	0.01302	0.01041	0.00694	0.00521	0.00174	0.00868	0.00434	0.00347	0.01041
50	0.01663	0.01528	0.02494	0.60787	0.09653	0.01856	0.02226	0.05955	0.01775	0.02304	0.01480	0.02139	0.01115	0.00815	0.00811	0.00267	0.01062	0.00722	0.00392	0.00958
51	0.01703	0.01068	0.01579	0.01320	0.01663	0.00968	0.06815	0.02089	0.02236	0.15749	0.43649	0.05153	0.09740	0.01462	0.00929	0.00257	0.00539	0.01306	0.00860	0.00914
52	0.01206	0.00892	0.01204	0.01181	0.01257	0.01012	0.00844	0.01369	0.01249	0.01759	0.02264	0.03982	0.02352	0.32995	0.37491	0.01030	0.05835	0.00989	0.00453	0.00638
53	0.02169	0.71972	0.04252	0.01388	0.02083	0.03211	0.01388	0.02430	0.01649	0.01909	0.01128	0.01302	0.01041	0.00694	0.00521	0.00174	0.00868	0.00434	0.00347	0.01041
54	0.01253	0.00895	0.01245	0.01432	0.01595	0.00887	0.01213	0.01587	0.01814	0.02368	0.04326	0.19662	0.04788	0.02293	0.01106	0.00366	0.00700	0.50986	0.00748	0.00732
55	0.01624	0.01440	0.02459	0.01963	0.02341	0.01523	0.20549	0.05301	0.01738	0.02527	0.02374	0.05514	0.05361	0.02225	0.16492	0.00504	0.09775	0.00952	0.14441	0.00897
56	0.02366	0.02198	0.06310	0.06337	0.02922	0.08769	0.13885	0.13004	0.14057	0.10054	0.02067	0.02211	0.01523	0.00907	0.00920	0.00253	0.04734	0.00773	0.00614	0.06094
57	0.02641	0.10724	0.09806	0.01920	0.02624	0.02167	0.08411	0.23596	0.11248	0.15395	0.02179	0.02170	0.01551	0.00909	0.00791	0.00246	0.00904	0.00747	0.00697	0.01275
58	0.06456	0.13048	0.08151	0.01619	0.02294	0.02136	0.01453	0.21702	0.13183	0.07313	0.01957	0.01982	0.01465	0.00864	0.00714	0.00220	0.00800	0.00654	0.00641	0.13347

[dist]
# distance from previous block
# <min> <max>
4	29

[block]
# block no. 1 follows, 23 sequences, length 22
# corresponding to MSA columns:
# 543-564
name=unknown_B
#
# <colnr> <probs for GDERKNQSTAVLIFYWHMCP>
#	G	D	E	R	K	N	Q	S	T	A	V	L	I	F	Y	W	H	M	C	P
0	0.02173	0.01694	0.01656	0.03974	0.01955	0.13543	0.01163	0.12626	0.02227	0.13088	0.05294	0.30682	0.03278	0.01620	0.00895	0.00275	0.00780	0.01383	0.00733	0.00962
1	0.04947	0.01472	0.01703	0.07380	0.02160	0.01620	0.01223	0.14955	0.21152	0.05419	0.12966	0.15407	0.03402	0.01382	0.00867	0.00273	0.00660	0.01179	0.00773	0.01062
2	0.14521	0.02193	0.01824	0.03872	0.02126	0.21569	0.01243	0.08994	0.08310	0.12693	0.06214	0.02515	0.01950	0.07308	0.01049	0.00289	0.00929	0.00742	0.00636	0.01022
3	0.07408	0.01738	0.01842	0.12068	0.02495	0.07441	0.01320	0.18172	0.06922	0.03266	0.09855	0.06315	0.08078	0.01146	0.00803	0.00244	0.00783	0.00929	0.00654	0.08521
4	0.21621	0.02505	0.01899	0.01642	0.02132	0.26658	0.01284	0.12587	0.07361	0.05440	0.04737	0.01912	0.01537	0.00893	0.00702	0.00230	0.00972	0.00621	0.00582	0.04686
5	0.09954	0.02537	0.02140	0.15446	0.02941	0.27811	0.01580	0.16161	0.02369	0.02890	0.01864	0.02310	0.04012	0.00968	0.00770	0.00243	0.01100	0.03367	0.00531	0.01004
6	0.01959	0.01202	0.01499	0.01320	0.01625	0.01257	0.01009	0.10096	0.07436	0.14991	0.08865	0.03648	0.02727	0.16807	0.21164	0.00668	0.01133	0.00968	0.00683	0.00940
7	0.01674	0.01526	0.02492	0.02041	0.02443	0.01589	0.18847	0.07254	0.07448	0.02624	0.02656	0.17507	0.02621	0.01847	0.07185	0.00387	0.07877	0.07055	0.00586	0.04342
8	0.09758	0.02111	0.02249	0.01750	0.02375	0.02322	0.01442	0.50443	0.06458	0.09916	0.02042	0.02010	0.01439	0.00963	0.00785	0.00246	0.00840	0.00720	0.00800	0.01330
9	0.02945	0.02190	0.02360	0.01801	0.02457	0.02374	0.01485	0.57582	0.03603	0.04868	0.01898	0.01922	0.01362	0.00937	0.00791	0.00231	0.00864	0.00706	0.00779	0.08846
10	0.01531	0.01391	0.02309	0.64407	0.05243	0.01725	0.02128	0.02060	0.01628	0.02144	0.01532	0.02228	0.01156	0.00821	0.00793	0.00264	0.01029	0.00724	0.05998	0.00891
11	0.01568	0.01478	0.02498	0.64721	0.10123	0.01812	0.02271	0.02104	0.01639	0.02116	0.01448	0.02152	0.01097	0.00805	0.00811	0.00268	0.01073	0.00721	0.00364	0.00930
12	0.03081	0.02372	0.02427	0.01881	0.02516	0.06585	0.01544	0.59971	0.03721	0.04920	0.01905	0.01918	0.01359	0.00966	0.00807	0.00241	0.00928	0.00718	0.00787	0.01353
13	0.03085	0.02273	0.02435	0.01867	0.02516	0.02516	0.01542	0.63716	0.03815	0.05114	0.01948	0.01948	0.01380	0.00974	0.00812	0.00244	0.00893	0.00731	0.00812	0.01380
14	0.01676	0.10304	0.61600	0.02229	0.03383	0.02004	0.02853	0.02557	0.01707	0.02510	0.01427	0.01676	0.01029	0.00764	0.00748	0.00249	0.01169	0.00585	0.00343	0.01185
15	0.02169	0.71972	0.04252	0.01388	0.02083	0.03211	0.01388	0.02430	0.01649	0.01909	0.01128	0.01302	0.01041	0.00694	0.00521	0.00174	0.00868	0.00434	0.00347	0.01041
16	0.03085	0.02273	0.02435	0.01867	0.02516	0.02516	0.01542	0.63716	0.03815	0.05114	0.01948	0.01948	0.01380	0.00974	0.00812	0.00244	0.00893	0.00731	0.00812	0.01380
17	0.01203	0.01014	0.01091	0.01196	0.01304	0.06768	0.00829	0.01396	0.01761	0.02287	0.15820	0.52417	0.05410	0.02221	0.00993	0.00305	0.00544	0.01987	0.00750	0.00705
18	0.01708	0.14220	0.57959	0.02176	0.03301	0.02081	0.02760	0.02549	0.01704	0.02472	0.01408	0.01652	0.01030	0.00760	0.00734	0.00245	0.01150	0.00575	0.00343	0.01176
19	0.01953	0.44888	0.29438	0.01758	0.02654	0.02681	0.02032	0.02486	0.01674	0.02173	0.01259	0.01466	0.01036	0.00725	0.00621	0.00207	0.01000	0.00500	0.00345	0.01104
20	0.28333	0.02653	0.28183	0.01646	0.02427	0.04416	0.01790	0.02605	0.01709	0.11116	0.02061	0.02153	0.05951	0.00893	0.00695	0.00253	0.00886	0.00651	0.00517	0.01061
21	0.49296	0.01548	0.01378	0.01190	0.01659	0.01732	0.00952	0.10363	0.04372	0.07480	0.01881	0.02218	0.03912	0.07899	0.00954	0.00305	0.00674	0.00645	0.00596	0.00945

[dist]
# distance from previous block
# <min> <max>
1	7

[block]
# block no. 2 follows, 23 sequences, length 93
# corresponding to MSA columns:
# 695-787
name=unknown_C
#
# <colnr> <probs for GDERKNQSTAVLIFYWHMCP>
#	G	D	E	R	K	N	Q	S	T	A	V	L	I	F	Y	W	H	M	C	P
0	0.07037	0.01067	0.01162	0.01184	0.01361	0.03326	0.00841	0.07745	0.01845	0.02563	0.09334	0.40809	0.07820	0.08542	0.01241	0.00344	0.00579	0.01730	0.00717	0.00754
1	0.01575	0.01485	0.02510	0.63809	0.10983	0.01814	0.02274	0.02110	0.01642	0.02124	0.01450	0.02150	0.01100	0.00803	0.00811	0.00268	0.01071	0.00721	0.00364	0.00935
2	0.02141	0.68415	0.07559	0.01437	0.02158	0.03141	0.01473	0.02437	0.01652	0.01944	0.01145	0.01323	0.01041	0.00698	0.00534	0.00178	0.00885	0.00443	0.00347	0.01050
3	0.01032	0.00766	0.00953	0.01050	0.01175	0.00701	0.00739	0.01231	0.01739	0.02286	0.15285	0.40393	0.19095	0.05421	0.01151	0.00328	0.00470	0.04742	0.00764	0.00679
4	0.01624	0.01535	0.02599	0.57139	0.17269	0.01827	0.02299	0.02153	0.01666	0.02184	0.01458	0.02134	0.01121	0.00794	0.00810	0.00265	0.01059	0.00721	0.00368	0.00975
5	0.06803	0.01580	0.02058	0.01822	0.01937	0.04901	0.04118	0.01848	0.01419	0.02129	0.02122	0.16590	0.04344	0.01756	0.04498	0.00366	0.39330	0.01072	0.00472	0.00837
6	0.01627	0.04197	0.67279	0.02313	0.03512	0.01884	0.02998	0.02570	0.01713	0.02570	0.01456	0.01713	0.01028	0.00771	0.00771	0.00257	0.01199	0.00600	0.00343	0.01199
7	0.00989	0.00706	0.00942	0.01130	0.01177	0.00659	0.00753	0.01130	0.01554	0.02071	0.04472	0.70954	0.05367	0.02542	0.01036	0.00330	0.00471	0.02307	0.00753	0.00659
8	0.01957	0.01876	0.03201	0.11912	0.59889	0.01915	0.02465	0.02445	0.01823	0.02589	0.01517	0.02025	0.01263	0.00732	0.00804	0.00244	0.00977	0.00723	0.00397	0.01244
9	0.04668	0.16975	0.52733	0.02089	0.03165	0.02134	0.02610	0.02536	0.01688	0.02486	0.01381	0.01620	0.01025	0.00756	0.00713	0.00241	0.01114	0.00562	0.00350	0.01157
10	0.01306	0.00846	0.01090	0.01045	0.01207	0.00799	0.00746	0.01572	0.01936	0.06991	0.38743	0.12559	0.05773	0.16753	0.04689	0.00424	0.00580	0.01426	0.00779	0.00735
11	0.01655	0.07674	0.64046	0.02265	0.03439	0.01952	0.02915	0.02563	0.01710	0.02536	0.01439	0.01692	0.01029	0.00767	0.00758	0.00253	0.01182	0.00591	0.00343	0.01191
12	0.01686	0.11475	0.60511	0.02213	0.03358	0.02027	0.02825	0.02555	0.01706	0.02499	0.01421	0.01669	0.01029	0.00763	0.00744	0.00248	0.01164	0.00582	0.00343	0.01182
13	0.01827	0.01743	0.02966	0.29611	0.43211	0.01880	0.02400	0.02331	0.01762	0.02430	0.01494	0.02067	0.01208	0.00757	0.00806	0.00252	0.01009	0.00722	0.00386	0.01139
14	0.01180	0.00787	0.00885	0.00885	0.00885	0.00787	0.00492	0.01180	0.01180	0.01573	0.02557	0.05310	0.02950	0.71483	0.04130	0.00787	0.00787	0.01180	0.00492	0.00492
15	0.01532	0.01442	0.02434	0.69533	0.05589	0.01803	0.02253	0.02073	0.01622	0.02073	0.01442	0.02163	0.01082	0.00811	0.00811	0.00270	0.01082	0.00721	0.00361	0.00901
16	0.01976	0.01895	0.03234	0.09416	0.62242	0.01919	0.02474	0.02462	0.01832	0.02611	0.01521	0.02019	0.01271	0.00729	0.00804	0.00243	0.00972	0.00723	0.00399	0.01259
17	0.03610	0.01430	0.01914	0.01467	0.02096	0.01266	0.01212	0.07274	0.02405	0.63547	0.03132	0.02717	0.01974	0.01003	0.00816	0.00251	0.00702	0.00811	0.00994	0.01381
18	0.01308	0.00934	0.01308	0.01494	0.01681	0.00934	0.01308	0.01681	0.01868	0.02428	0.04296	0.09153	0.04670	0.02242	0.01121	0.00374	0.00747	0.60960	0.00747	0.00747
19	0.00966	0.00822	0.00832	0.00830	0.01100	0.00688	0.00622	0.01179	0.01867	0.02233	0.10454	0.07741	0.63832	0.02040	0.00959	0.00273	0.00410	0.01703	0.00759	0.00688
20	0.07952	0.01490	0.02031	0.01629	0.02181	0.01445	0.07336	0.03536	0.15173	0.37259	0.03038	0.08708	0.02249	0.01112	0.00830	0.00265	0.00724	0.00957	0.00851	0.01234
21	0.02987	0.03774	0.02279	0.02071	0.02491	0.65328	0.01555	0.03287	0.05041	0.02048	0.01344	0.01532	0.01108	0.00848	0.00736	0.00212	0.01427	0.00540	0.00436	0.00956
22	0.03641	0.01381	0.01883	0.01444	0.02071	0.01193	0.01193	0.03954	0.02322	0.66984	0.03201	0.02762	0.02009	0.01004	0.00816	0.00251	0.00690	0.00816	0.01004	0.01381
23	0.01915	0.02189	0.04788	0.03420	0.04241	0.02052	0.63475	0.02599	0.01915	0.02599	0.01642	0.02189	0.01231	0.00684	0.00958	0.00274	0.01368	0.00958	0.00410	0.01094
24	0.00989	0.00706	0.00942	0.01130	0.01177	0.00659	0.00753	0.01130	0.01554	0.02071	0.04472	0.70954	0.05367	0.02542	0.01036	0.00330	0.00471	0.02307	0.00753	0.00659
25	0.02169	0.71972	0.04252	0.01388	0.02083	0.03211	0.01388	0.02430	0.01649	0.01909	0.01128	0.01302	0.01041	0.00694	0.00521	0.00174	0.00868	0.00434	0.00347	0.01041
26	0.03031	0.03867	0.02299	0.02090	0.02508	0.68226	0.01568	0.03240	0.02299	0.01986	0.01254	0.01463	0.01045	0.00836	0.00732	0.00209	0.01463	0.00523	0.00418	0.00941
27	0.01776	0.22823	0.49958	0.02059	0.03119	0.02249	0.02556	0.02531	0.01695	0.02388	0.01366	0.01600	0.01032	0.00750	0.00702	0.00234	0.01108	0.00554	0.00344	0.01156
28	0.01827	0.01743	0.02966	0.29611	0.43211	0.01880	0.02400	0.02331	0.01762	0.02430	0.01494	0.02067	0.01208	0.00757	0.00806	0.00252	0.01009	0.00722	0.00386	0.01139
29	0.03283	0.01852	0.02163	0.01669	0.02300	0.01906	0.01375	0.34466	0.05930	0.32523	0.02566	0.02359	0.01709	0.00993	0.00814	0.00248	0.00792	0.00777	0.00898	0.01376
30	0.03157	0.02135	0.05615	0.01777	0.02449	0.02133	0.01524	0.44719	0.03311	0.21404	0.02255	0.02152	0.01529	0.00972	0.00811	0.00246	0.00855	0.00747	0.00839	0.01371
31	0.01583	0.01368	0.02522	0.02032	0.02412	0.01345	0.23636	0.01949	0.01651	0.06645	0.02667	0.21401	0.02687	0.08050	0.12968	0.00512	0.03835	0.01309	0.00554	0.00873
32	0.09313	0.01751	0.01830	0.01546	0.02060	0.06372	0.01230	0.08027	0.27108	0.23976	0.06052	0.02759	0.02271	0.01040	0.00793	0.00257	0.00719	0.00829	0.00828	0.01236
33	0.01159	0.00869	0.01304	0.01304	0.01449	0.01014	0.01014	0.01449	0.01304	0.01884	0.02173	0.03188	0.02029	0.06086	0.68268	0.01304	0.02173	0.00869	0.00435	0.00724
34	0.01875	0.02471	0.13581	0.03264	0.04138	0.02028	0.54965	0.02595	0.01887	0.02595	0.01615	0.02122	0.01203	0.00696	0.00931	0.00271	0.01344	0.00907	0.00401	0.01109
35	0.01073	0.00805	0.00995	0.00993	0.01178	0.00726	0.00727	0.01368	0.02050	0.02778	0.40600	0.18590	0.21303	0.01919	0.00972	0.00274	0.00406	0.01683	0.00833	0.00726
36	0.01864	0.20117	0.32000	0.02654	0.12140	0.02244	0.13033	0.02529	0.01751	0.02425	0.01418	0.01737	0.01103	0.00730	0.00747	0.00237	0.01114	0.00639	0.00364	0.01154
37	0.00987	0.00711	0.00937	0.01118	0.01174	0.00660	0.00748	0.01131	0.01565	0.02076	0.04619	0.68480	0.07746	0.02523	0.01033	0.00327	0.00468	0.02283	0.00753	0.00660
38	0.01000	0.00717	0.00966	0.01142	0.01196	0.00683	0.00771	0.01152	0.01536	0.02058	0.04314	0.66298	0.05137	0.02786	0.05655	0.00396	0.00588	0.02208	0.00731	0.00664
39	0.02008	0.01928	0.03294	0.04981	0.66422	0.01928	0.02490	0.02490	0.01848	0.02651	0.01526	0.02008	0.01285	0.00723	0.00803	0.00241	0.00964	0.00723	0.00402	0.01285
40	0.02169	0.71972	0.04252	0.01388	0.02083	0.03211	0.01388	0.02430	0.01649	0.01909	0.01128	0.01302	0.01041	0.00694	0.00521	0.00174	0.00868	0.00434	0.00347	0.01041
41	0.01838	0.01774	0.03079	0.27232	0.41917	0.01892	0.05796	0.02352	0.01773	0.02448	0.01504	0.02072	0.01212	0.00751	0.00815	0.00253	0.01027	0.00735	0.00388	0.01142
42	0.01218	0.00891	0.01076	0.01134	0.01296	0.00870	0.00811	0.07144	0.01816	0.02415	0.04728	0.44217	0.16553	0.02468	0.05597	0.00371	0.00612	0.01871	0.04170	0.00742
43	0.01627	0.04197	0.67279	0.02313	0.03512	0.01884	0.02998	0.02570	0.01713	0.02570	0.01456	0.01713	0.01028	0.00771	0.00771	0.00257	0.01199	0.00600	0.00343	0.01199
44	0.01675	0.08919	0.53274	0.02112	0.03161	0.01942	0.02605	0.02661	0.07727	0.02581	0.01916	0.02085	0.04136	0.00855	0.00766	0.00253	0.01085	0.00668	0.00408	0.01172
45	0.01086	0.00795	0.01039	0.01184	0.01312	0.00748	0.00893	0.01318	0.01733	0.02266	0.08911	0.40311	0.13795	0.02331	0.01044	0.00330	0.00536	0.18913	0.00761	0.00695
46	0.01654	0.03888	0.58597	0.02349	0.03424	0.01946	0.05732	0.02516	0.01681	0.02516	0.01430	0.01741	0.01041	0.00824	0.00947	0.00266	0.07308	0.00626	0.00347	0.01167
47	0.01656	0.07753	0.63972	0.02264	0.03437	0.01954	0.02914	0.02562	0.01710	0.02535	0.01439	0.01692	0.01029	0.00767	0.00758	0.00253	0.01182	0.00591	0.00343	0.01191
48	0.02304	0.02454	0.18689	0.01840	0.02540	0.01992	0.01786	0.27279	0.13324	0.06516	0.02632	0.02974	0.05346	0.01100	0.00835	0.00264	0.00882	0.05316	0.00695	0.01231
49	0.01576	0.01282	0.01730	0.01575	0.01717	0.01577	0.01247	0.04064	0.06081	0.04774	0.06395	0.09676	0.02464	0.06283	0.22176	0.00642	0.24343	0.01010	0.00537	0.00853
50	0.03185	0.01653	0.01905	0.01515	0.02074	0.06003	0.01226	0.13981	0.04619	0.42652	0.03011	0.02783	0.05103	0.01145	0.00948	0.04478	0.00763	0.00824	0.00875	0.01254
51	0.01899	0.02134	0.04561	0.06827	0.04237	0.02038	0.58084	0.02632	0.04108	0.02599	0.01689	0.02217	0.01267	0.00705	0.00945	0.00273	0.01328	0.00944	0.00422	0.01091
52	0.00989	0.00706	0.00942	0.01130	0.01177	0.00659	0.00753	0.01130	0.01554	0.02071	0.04472	0.70954	0.05367	0.02542	0.01036	0.00330	0.00471	0.02307	0.00753	0.00659
53	0.01843	0.02005	0.04141	0.17625	0.10615	0.01987	0.44491	0.02477	0.01846	0.02492	0.01588	0.02166	0.01205	0.00715	0.00911	0.00270	0.01268	0.00884	0.00399	0.01072
54	0.01583	0.01494	0.02526	0.62636	0.12088	0.01816	0.02279	0.02118	0.01647	0.02135	0.01451	0.02147	0.01103	0.00802	0.00810	0.00267	0.01069	0.00721	0.00365	0.00942
55	0.01627	0.04197	0.67279	0.02313	0.03512	0.01884	0.02998	0.02570	0.01713	0.02570	0.01456	0.01713	0.01028	0.00771	0.00771	0.00257	0.01199	0.00600	0.00343	0.01199
56	0.01484	0.01351	0.01678	0.01557	0.01600	0.04953	0.01185	0.01622	0.01353	0.01885	0.02238	0.17407	0.02498	0.18497	0.07734	0.00519	0.30059	0.01163	0.00481	0.00736
57	0.01732	0.01646	0.02795	0.42397	0.31161	0.01855	0.02353	0.02249	0.01717	0.02316	0.01478	0.02098	0.01167	0.00774	0.00808	0.00258	0.01032	0.00722	0.00378	0.01063
58	0.01823	0.20157	0.49298	0.02084	0.03127	0.05387	0.02550	0.02569	0.01726	0.02386	0.01369	0.01604	0.01032	0.00756	0.00710	0.00235	0.01134	0.00557	0.00347	0.01150
59	0.02008	0.01928	0.03294	0.04981	0.66422	0.01928	0.02490	0.02490	0.01848	0.02651	0.01526	0.02008	0.01285	0.00723	0.00803	0.00241	0.00964	0.00723	0.00402	0.01285
60	0.01987	0.01654	0.01390	0.01301	0.01597	0.15375	0.01006	0.08660	0.06307	0.02943	0.02563	0.06416	0.02212	0.01132	0.00719	0.00229	0.00718	0.06366	0.36533	0.00890
61	0.01670	0.01516	0.02434	0.63533	0.05316	0.01866	0.02190	0.07539	0.01817	0.02343	0.01487	0.02144	0.01108	0.00826	0.00811	0.00268	0.01065	0.00722	0.00401	0.00944
62	0.01874	0.27750	0.30359	0.01954	0.02826	0.02252	0.08382	0.02477	0.01783	0.04534	0.07139	0.02036	0.01674	0.00821	0.00719	0.00229	0.01009	0.00661	0.00422	0.01100
63	0.01823	0.01335	0.01719	0.03653	0.01785	0.01601	0.01213	0.08180	0.01743	0.07392	0.04414	0.07456	0.02137	0.08611	0.04923	0.00383	0.24426	0.00921	0.15402	0.00881
64	0.02134	0.24660	0.32330	0.01978	0.02834	0.18462	0.02161	0.02691	0.01837	0.02227	0.01307	0.01527	0.01036	0.00764	0.00685	0.00220	0.01163	0.00531	0.00362	0.01088
65	0.02365	0.01810	0.03437	0.08522	0.03501	0.01725	0.34270	0.02993	0.05055	0.21585	0.04664	0.02546	0.01757	0.00848	0.00897	0.00266	0.01070	0.00913	0.00620	0.01158
66	0.01204	0.00980	0.01089	0.01222	0.01317	0.05368	0.00838	0.03529	0.01686	0.02175	0.04160	0.63694	0.04926	0.02368	0.01007	0.00318	0.00554	0.02127	0.00732	0.00704
67	0.02008	0.01928	0.03294	0.04981	0.66422	0.01928	0.02490	0.02490	0.01848	0.02651	0.01526	0.02008	0.01285	0.00723	0.00803	0.00241	0.00964	0.00723	0.00402	0.01285
68	0.01532	0.01442	0.02434	0.69533	0.05589	0.01803	0.02253	0.02073	0.01622	0.02073	0.01442	0.02163	0.01082	0.00811	0.00811	0.00270	0.01082	0.00721	0.00361	0.00901
69	0.02099	0.06862	0.07814	0.01667	0.02129	0.15098	0.05483	0.04421	0.04494	0.11376	0.10474	0.16896	0.05101	0.01341	0.00851	0.00257	0.00864	0.01138	0.00654	0.00981
70	0.02277	0.01983	0.02078	0.01762	0.02158	0.13212	0.05551	0.19859	0.05158	0.06387	0.02645	0.16375	0.04728	0.01339	0.01013	0.00268	0.07002	0.01083	0.04087	0.01034
71	0.02080	0.20321	0.06030	0.01773	0.02360	0.01816	0.14444	0.02477	0.01932	0.15295	0.10937	0.08739	0.06133	0.01119	0.00811	0.00244	0.00831	0.00997	0.00621	0.01039
72	0.01927	0.01771	0.02849	0.28632	0.35957	0.01937	0.02278	0.07825	0.04042	0.02679	0.01592	0.02095	0.01258	0.00791	0.00808	0.00253	0.00991	0.00729	0.00437	0.01151
73	0.01208	0.00836	0.01069	0.01194	0.01306	0.00813	0.00824	0.01561	0.07617	0.05159	0.04303	0.61384	0.04939	0.02335	0.01006	0.00321	0.00497	0.02107	0.00772	0.00751
74	0.02203	0.02215	0.08584	0.06235	0.29445	0.05026	0.06301	0.11556	0.12292	0.05187	0.01913	0.02157	0.01468	0.00839	0.00813	0.00251	0.00970	0.00754	0.00542	0.01248
75	0.01675	0.18333	0.33824	0.08086	0.07373	0.02002	0.02224	0.02287	0.01678	0.02315	0.01811	0.11425	0.01664	0.01003	0.00758	0.00249	0.00997	0.00822	0.00407	0.01068
76	0.01881	0.35868	0.37827	0.01881	0.02844	0.02504	0.02246	0.02504	0.01683	0.02261	0.01303	0.01521	0.01034	0.00735	0.00654	0.00218	0.01044	0.00522	0.00345	0.01125
77	0.01020	0.00730	0.00975	0.01140	0.01208	0.00684	0.00785	0.01196	0.01637	0.02196	0.09918	0.61766	0.05531	0.02447	0.01033	0.00325	0.00478	0.05490	0.00765	0.00673
78	0.02089	0.14943	0.21907	0.02792	0.21008	0.02045	0.05048	0.05546	0.01940	0.08941	0.04932	0.02084	0.01567	0.00818	0.00760	0.00237	0.00974	0.00694	0.00479	0.01195
79	0.01549	0.00929	0.01166	0.01146	0.01355	0.00867	0.00825	0.04846	0.01887	0.12567	0.12464	0.35035	0.11560	0.08361	0.01254	0.00339	0.00538	0.01711	0.00790	0.00811
80	0.01705	0.00996	0.01247	0.01136	0.01414	0.00991	0.00879	0.02249	0.08159	0.13043	0.26897	0.04167	0.04227	0.02016	0.10977	0.00400	0.00725	0.01070	0.16797	0.00905
81	0.01729	0.01772	0.03362	0.25416	0.13704	0.01883	0.25513	0.02264	0.01738	0.02353	0.01714	0.06850	0.01463	0.00909	0.01004	0.00277	0.05701	0.00920	0.00412	0.01015
82	0.38085	0.01626	0.01644	0.01342	0.01908	0.01731	0.01104	0.12752	0.04572	0.24849	0.02032	0.01964	0.01396	0.00885	0.00668	0.00251	0.00691	0.00629	0.00730	0.01141
83	0.02159	0.02258	0.10449	0.03001	0.03828	0.01900	0.47752	0.02810	0.01959	0.12729	0.01869	0.02232	0.01334	0.00743	0.00917	0.00268	0.01245	0.00900	0.00497	0.01150
84	0.01003	0.00717	0.00954	0.01120	0.01180	0.00669	0.00754	0.01165	0.01619	0.02176	0.09928	0.65199	0.05570	0.02464	0.01029	0.00323	0.00463	0.02232	0.00766	0.00669
85	0.01842	0.02567	0.18277	0.07911	0.02778	0.16823	0.07938	0.02389	0.03901	0.02356	0.02398	0.09990	0.06025	0.01279	0.03241	0.00290	0.01079	0.00924	0.07037	0.00956
86	0.01843	0.08623	0.57132	0.02172	0.03286	0.01915	0.02727	0.02683	0.01763	0.08236	0.01588	0.01778	0.01116	0.00786	0.00758	0.00251	0.01131	0.00607	0.00402	0.01204
87	0.01532	0.01442	0.02434	0.69533	0.05589	0.01803	0.02253	0.02073	0.01622	0.02073	0.01442	0.02163	0.01082	0.00811	0.00811	0.00270	0.01082	0.00721	0.00361	0.00901
88	0.02169	0.71972	0.04252	0.01388	0.02083	0.03211	0.01388	0.02430	0.01649	0.01909	0.01128	0.01302	0.01041	0.00694	0.00521	0.00174	0.00868	0.00434	0.00347	0.01041
89	0.02281	0.01724	0.04539	0.16512	0.05115	0.01785	0.04427	0.08912	0.22245	0.15964	0.02610	0.02909	0.01953	0.01027	0.00839	0.00270	0.00840	0.04156	0.00705	0.01188
90	0.01224	0.00766	0.01025	0.01158	0.01256	0.00706	0.00792	0.01380	0.01622	0.07828	0.04360	0.64907	0.05069	0.02406	0.01016	0.00323	0.00490	0.02175	0.00775	0.00723
91	0.01197	0.00872	0.00916	0.00877	0.01182	0.00730	0.00668	0.01412	0.01891	0.07938	0.07775	0.07361	0.60410	0.01962	0.00946	0.00272	0.00436	0.01633	0.00776	0.00747
92	0.04981	0.02322	0.17105	0.02374	0.05311	0.01804	0.18872	0.05709	0.02000	0.22071	0.02012	0.02173	0.01403	0.00882	0.00998	0.00267	0.07152	0.00778	0.00590	0.01198

[dist]
# distance from previous block
# <min> <max>
0	11

[block]
# block no. 3 follows, 23 sequences, length 13
# corresponding to MSA columns:
# 799-811
name=unknown_D
#
# <colnr> <probs for GDERKNQSTAVLIFYWHMCP>
#	G	D	E	R	K	N	Q	S	T	A	V	L	I	F	Y	W	H	M	C	P
0	0.02109	0.12993	0.39372	0.02143	0.03107	0.05962	0.07863	0.02797	0.01847	0.11936	0.01672	0.01838	0.01194	0.00791	0.00757	0.00243	0.01109	0.00636	0.00451	0.01179
1	0.02260	0.02099	0.02863	0.02566	0.10511	0.14260	0.17461	0.02638	0.01853	0.11771	0.01798	0.02280	0.01445	0.03941	0.08867	0.00400	0.10661	0.00790	0.00496	0.01040
2	0.77215	0.01569	0.01193	0.01067	0.01569	0.01820	0.00879	0.02385	0.01381	0.03641	0.01130	0.01318	0.00879	0.00753	0.00502	0.00251	0.00628	0.00439	0.00502	0.00879
3	0.01017	0.00718	0.00933	0.01094	0.01134	0.00678	0.00715	0.01137	0.01498	0.01998	0.04190	0.61282	0.05011	0.12700	0.01492	0.00397	0.00517	0.02141	0.00715	0.00634
4	0.01519	0.00918	0.01210	0.01130	0.01384	0.00840	0.00881	0.01874	0.02206	0.12461	0.45072	0.08288	0.09120	0.01676	0.00957	0.00271	0.00473	0.07991	0.00882	0.00847
5	0.01000	0.00817	0.00843	0.00840	0.01070	0.00704	0.00605	0.01184	0.01771	0.02149	0.10024	0.07361	0.54121	0.12266	0.01426	0.00349	0.00465	0.01623	0.00721	0.00660
6	0.01130	0.00823	0.01063	0.01016	0.01204	0.00756	0.00757	0.01491	0.02236	0.03138	0.59817	0.09401	0.10677	0.01724	0.00961	0.00260	0.00389	0.01523	0.00879	0.00756
7	0.18188	0.17397	0.09567	0.01406	0.02018	0.01889	0.01323	0.05530	0.05307	0.15945	0.07908	0.02587	0.05829	0.00981	0.00700	0.00237	0.00737	0.00740	0.00633	0.01077
8	0.09348	0.18208	0.10075	0.01328	0.01864	0.01654	0.01259	0.02266	0.01873	0.12076	0.16587	0.03468	0.10064	0.01451	0.04882	0.00301	0.00780	0.00910	0.00630	0.00974
9	0.02038	0.11195	0.42681	0.01988	0.02939	0.05755	0.02330	0.02734	0.01866	0.11993	0.05611	0.02073	0.01580	0.00855	0.00758	0.00244	0.01052	0.00661	0.00479	0.01166
10	0.19294	0.07129	0.13300	0.01879	0.02515	0.24140	0.04762	0.10351	0.04585	0.02923	0.01439	0.01621	0.01112	0.00818	0.00699	0.00235	0.01088	0.00575	0.00484	0.01052
11	0.02551	0.06692	0.21041	0.01738	0.02524	0.01788	0.01760	0.17166	0.02386	0.21907	0.02480	0.02426	0.05450	0.00951	0.00780	0.00240	0.00873	0.00745	0.00680	0.05821
12	0.02093	0.38784	0.16850	0.01643	0.02385	0.06629	0.01688	0.07919	0.01894	0.02395	0.01494	0.05565	0.01333	0.00847	0.00648	0.00205	0.00937	0.00614	0.00424	0.05654

[dist]
# distance from previous block
# <min> <max>
1	20

[block]
# block no. 4 follows, 23 sequences, length 18
# corresponding to MSA columns:
# 836-853
name=unknown_E
#
# <colnr> <probs for GDERKNQSTAVLIFYWHMCP>
#	G	D	E	R	K	N	Q	S	T	A	V	L	I	F	Y	W	H	M	C	P
0	0.02211	0.27605	0.03026	0.01975	0.10345	0.04449	0.03713	0.02732	0.07991	0.10092	0.03904	0.02008	0.01583	0.00834	0.00773	0.00210	0.04111	0.00640	0.00521	0.11276
1	0.02561	0.01503	0.02011	0.13483	0.02689	0.01462	0.01386	0.07356	0.02057	0.28800	0.02166	0.02232	0.01511	0.00889	0.00892	0.00226	0.05824	0.00694	0.00687	0.21570
2	0.01806	0.01903	0.07545	0.21065	0.35066	0.01818	0.02248	0.02308	0.01730	0.02459	0.01467	0.01977	0.01192	0.00769	0.00869	0.00241	0.04327	0.00684	0.00394	0.10131
3	0.01560	0.01449	0.02423	0.48804	0.16902	0.01691	0.02120	0.02042	0.01658	0.02185	0.01820	0.10345	0.01633	0.01001	0.00836	0.00272	0.00986	0.00911	0.00415	0.00947
4	0.02806	0.01196	0.01616	0.01302	0.01783	0.01050	0.01050	0.03142	0.02314	0.45629	0.24242	0.03867	0.03901	0.01224	0.00863	0.00252	0.00587	0.01034	0.00967	0.01175
5	0.00989	0.00706	0.00942	0.01130	0.01177	0.00659	0.00753	0.01130	0.01554	0.02071	0.04472	0.70954	0.05367	0.02542	0.01036	0.00330	0.00471	0.02307	0.00753	0.00659
6	0.01148	0.00829	0.01085	0.01021	0.01212	0.00766	0.00766	0.01531	0.02297	0.03254	0.65994	0.06061	0.07656	0.01659	0.00957	0.00255	0.00383	0.01467	0.00893	0.00766
7	0.02878	0.02170	0.02319	0.01825	0.02438	0.02420	0.01492	0.52217	0.15650	0.04781	0.02210	0.02157	0.01592	0.00999	0.00814	0.00250	0.00844	0.00767	0.00814	0.01361
8	0.02007	0.01573	0.01778	0.01649	0.04880	0.07088	0.01230	0.07074	0.12641	0.10769	0.27126	0.03771	0.04015	0.01296	0.01085	0.00265	0.08929	0.01039	0.00762	0.01024
9	0.01705	0.14954	0.49229	0.10186	0.03526	0.02092	0.02646	0.02488	0.01692	0.02402	0.01401	0.01700	0.01036	0.00763	0.00735	0.00245	0.01131	0.00587	0.00345	0.01138
10	0.03011	0.02576	0.02092	0.01800	0.02295	0.30582	0.01418	0.11455	0.07086	0.21061	0.02275	0.02576	0.01735	0.01025	0.00802	0.00243	0.01054	0.05087	0.00692	0.01136
11	0.03400	0.01717	0.09690	0.01547	0.02243	0.01275	0.01408	0.03789	0.02250	0.59294	0.02993	0.02637	0.01892	0.00976	0.00811	0.00252	0.00751	0.00790	0.00925	0.01359
12	0.01993	0.11212	0.18239	0.02979	0.10484	0.08105	0.30227	0.02618	0.01865	0.02459	0.01491	0.01890	0.01152	0.00723	0.00826	0.00248	0.01234	0.00750	0.00387	0.01118
13	0.01017	0.00734	0.00967	0.01126	0.01203	0.00684	0.00778	0.01193	0.01643	0.02189	0.09457	0.59452	0.08447	0.02433	0.01030	0.00323	0.00476	0.05409	0.00764	0.00673
14	0.00989	0.00706	0.00942	0.01130	0.01177	0.00659	0.00753	0.01130	0.01554	0.02071	0.04472	0.70954	0.05367	0.02542	0.01036	0.00330	0.00471	0.02307	0.00753	0.00659
15	0.07996	0.07757	0.11128	0.02587	0.08298	0.15510	0.21360	0.05753	0.02027	0.07662	0.01591	0.01871	0.01201	0.00774	0.00792	0.00244	0.01165	0.00707	0.00471	0.01108
16	0.02638	0.10870	0.06130	0.02068	0.07155	0.14045	0.01637	0.28451	0.12737	0.03586	0.01885	0.01948	0.01428	0.00907	0.00762	0.00235	0.00973	0.00680	0.00633	0.01230
17	0.02558	0.01214	0.01587	0.01302	0.01750	0.01113	0.01041	0.05476	0.05055	0.36380	0.28107	0.04051	0.04247	0.01267	0.00872	0.00253	0.00574	0.01076	0.00945	0.01132

[dist]
# distance from previous block
# <min> <max>
0	1

[block]
# block no. 5 follows, 23 sequences, length 38
# corresponding to MSA columns:
# 855-858,862-895
name=unknown_F
#
# <colnr> <probs for GDERKNQSTAVLIFYWHMCP>
#	G	D	E	R	K	N	Q	S	T	A	V	L	I	F	Y	W	H	M	C	P
0	0.04283	0.02958	0.31422	0.02868	0.10490	0.01940	0.22343	0.02508	0.01756	0.02594	0.01492	0.01889	0.01127	0.00765	0.00921	0.00260	0.04900	0.00725	0.00383	0.04376
1	0.77215	0.01569	0.01193	0.01067	0.01569	0.01820	0.00879	0.02385	0.01381	0.03641	0.01130	0.01318	0.00879	0.00753	0.00502	0.00251	0.00628	0.00439	0.00502	0.00879
2	0.02998	0.02230	0.02387	0.01850	0.02483	0.02476	0.01521	0.58914	0.08758	0.04975	0.02058	0.02035	0.01469	0.00984	0.00813	0.00246	0.00873	0.00746	0.00813	0.01372
3	0.00986	0.00715	0.00933	0.01107	0.01171	0.00661	0.00743	0.01132	0.01576	0.02080	0.04754	0.66205	0.09934	0.02505	0.01030	0.00325	0.00466	0.02262	0.00753	0.00661
4	0.02316	0.70106	0.04285	0.01494	0.02187	0.03246	0.01445	0.02522	0.01745	0.02063	0.01301	0.01542	0.01203	0.00807	0.00596	0.00206	0.00917	0.00492	0.00406	0.01121
5	0.01311	0.00956	0.01188	0.01123	0.01333	0.00863	0.00829	0.01624	0.02344	0.03297	0.60350	0.06290	0.11677	0.01772	0.01020	0.00286	0.00448	0.01513	0.00928	0.00847
6	0.01532	0.01442	0.02434	0.69533	0.05589	0.01803	0.02253	0.02073	0.01622	0.02073	0.01442	0.02163	0.01082	0.00811	0.00811	0.00270	0.01082	0.00721	0.00361	0.00901
7	0.00989	0.00706	0.00942	0.01130	0.01177	0.00659	0.00753	0.01130	0.01554	0.02071	0.04472	0.70954	0.05367	0.02542	0.01036	0.00330	0.00471	0.02307	0.00753	0.00659
8	0.05071	0.01766	0.03006	0.22914	0.37887	0.01858	0.07216	0.02455	0.01795	0.05990	0.01585	0.02079	0.01245	0.00761	0.00806	0.00253	0.01002	0.00735	0.00427	0.01149
9	0.01977	0.01896	0.03238	0.09175	0.62469	0.01920	0.02475	0.02463	0.01833	0.02613	0.01521	0.02018	0.01272	0.00729	0.00804	0.00243	0.00972	0.00723	0.00399	0.01260
10	0.01135	0.00773	0.00893	0.00929	0.00949	0.00758	0.00546	0.01170	0.01279	0.01693	0.03156	0.17806	0.06053	0.55559	0.03413	0.00679	0.00711	0.01415	0.00552	0.00531
11	0.02844	0.01611	0.01835	0.01507	0.02014	0.06028	0.01218	0.13035	0.07554	0.33481	0.13243	0.03448	0.02949	0.01170	0.00850	0.00256	0.00725	0.04138	0.00886	0.01207
12	0.02342	0.06331	0.34469	0.02174	0.06370	0.02022	0.02256	0.19131	0.02365	0.12139	0.01818	0.01918	0.01272	0.00851	0.00778	0.00248	0.01019	0.00664	0.00563	0.01270
13	0.01769	0.07034	0.59255	0.02236	0.03368	0.01994	0.02809	0.07506	0.01880	0.02746	0.01481	0.01714	0.01057	0.00784	0.00763	0.00252	0.01160	0.00603	0.00381	0.01207
14	0.01989	0.01958	0.03100	0.15208	0.53071	0.05601	0.02401	0.02465	0.01837	0.02521	0.01498	0.02003	0.01239	0.00743	0.00801	0.00244	0.01011	0.00712	0.00396	0.01204
15	0.06211	0.02422	0.03770	0.03392	0.17969	0.14858	0.34148	0.02687	0.01946	0.02548	0.01512	0.01960	0.01188	0.00726	0.00854	0.00252	0.01254	0.00792	0.00415	0.01097
16	0.01788	0.10352	0.36362	0.08975	0.03247	0.01835	0.06961	0.02455	0.01744	0.07601	0.01917	0.09686	0.01621	0.00980	0.00796	0.00258	0.01041	0.00833	0.00450	0.01097
17	0.01029	0.00771	0.01109	0.01230	0.01310	0.00720	0.03488	0.01194	0.01569	0.02094	0.04349	0.67956	0.05186	0.02461	0.01032	0.00327	0.00510	0.02248	0.00738	0.00678
18	0.01612	0.01945	0.10364	0.02570	0.03188	0.01605	0.36577	0.02157	0.01781	0.02427	0.02448	0.17669	0.02404	0.04167	0.01098	0.00312	0.01090	0.05120	0.00503	0.00963
19	0.02704	0.35548	0.03144	0.01583	0.02203	0.13305	0.01393	0.10262	0.04864	0.15233	0.01750	0.01768	0.01335	0.00830	0.00661	0.00207	0.00923	0.00580	0.00565	0.01143
20	0.01729	0.08444	0.49072	0.02494	0.03574	0.02013	0.16285	0.02567	0.01753	0.02531	0.01475	0.01790	0.01074	0.00746	0.00795	0.00255	0.01214	0.00667	0.00358	0.01165
21	0.01058	0.00806	0.00972	0.00972	0.01167	0.00721	0.00713	0.01341	0.02022	0.02698	0.36237	0.17435	0.27034	0.01940	0.00971	0.00274	0.00407	0.01690	0.00823	0.00721
22	0.01848	0.01918	0.03470	0.33827	0.04699	0.04705	0.29285	0.05677	0.01898	0.02466	0.01550	0.02134	0.01162	0.00765	0.00873	0.00268	0.01214	0.00818	0.00409	0.01014
23	0.01870	0.01789	0.02719	0.03054	0.24035	0.02139	0.04301	0.04831	0.03679	0.02406	0.01591	0.06707	0.01504	0.01203	0.01713	0.00304	0.33829	0.00842	0.00436	0.01049
24	0.00997	0.00713	0.00949	0.01124	0.01179	0.00665	0.00754	0.01152	0.01594	0.02135	0.07796	0.67448	0.05490	0.02494	0.01031	0.00326	0.00466	0.02261	0.00761	0.00665
25	0.01893	0.01964	0.03413	0.18850	0.24705	0.04920	0.20381	0.02405	0.01774	0.02403	0.01482	0.02049	0.01190	0.00808	0.01038	0.00268	0.08199	0.00782	0.00391	0.01085
26	0.01315	0.01949	0.20890	0.01820	0.02320	0.01227	0.10858	0.01772	0.01655	0.02296	0.03165	0.40378	0.03477	0.01745	0.00947	0.00300	0.00819	0.01605	0.00582	0.00882
27	0.01815	0.05311	0.32034	0.02760	0.07898	0.02003	0.23011	0.02776	0.09283	0.02661	0.01731	0.02035	0.01286	0.00775	0.00834	0.00261	0.01163	0.00761	0.00427	0.01175
28	0.00989	0.00706	0.00942	0.01130	0.01177	0.00659	0.00753	0.01130	0.01554	0.02071	0.04472	0.70954	0.05367	0.02542	0.01036	0.00330	0.00471	0.02307	0.00753	0.00659
29	0.06189	0.07136	0.45615	0.02149	0.03105	0.17300	0.02474	0.02708	0.01827	0.02463	0.01376	0.01614	0.01024	0.00781	0.00735	0.00242	0.01213	0.00565	0.00369	0.01114
30	0.01916	0.13974	0.44638	0.02045	0.03027	0.04560	0.02416	0.02839	0.08576	0.06126	0.01695	0.01842	0.01241	0.00810	0.00740	0.00244	0.01071	0.00618	0.00435	0.01185
