[name]
unknown

[dist]
# distance from previous block
# <min> <max>
0	170

[block]
# block no. 0 follows, 30 sequences, length 6
# corresponding to MSA columns:
# 172-177
name=unknown_A
#
# <colnr> <probs for GDERKNQSTAVLIFYWHMCP>
#	G	D	E	R	K	N	Q	S	T	A	V	L	I	F	Y	W	H	M	C	P
0	0.01604	0.01153	0.01297	0.01271	0.04474	0.03685	0.00947	0.06294	0.16642	0.07951	0.02752	0.05682	0.05675	0.05393	0.03758	0.00284	0.00619	0.10434	0.16117	0.03968
1	0.37449	0.07557	0.06512	0.01724	0.10394	0.14265	0.04097	0.02190	0.01425	0.02471	0.01066	0.01307	0.00866	0.00688	0.00649	0.00210	0.05441	0.00463	0.00378	0.00846
2	0.01019	0.00760	0.00851	0.00829	0.01053	0.00677	0.00621	0.01312	0.04892	0.05576	0.19868	0.12668	0.44040	0.01652	0.00819	0.00236	0.00375	0.01407	0.00687	0.00656
3	0.01846	0.05006	0.12963	0.02304	0.17013	0.07868	0.08587	0.15924	0.04169	0.02627	0.06383	0.01945	0.01504	0.00988	0.04129	0.00257	0.04385	0.00660	0.00452	0.00989
4	0.01620	0.00970	0.01170	0.01003	0.01281	0.00946	0.03020	0.08687	0.03865	0.11238	0.05461	0.07251	0.02165	0.12776	0.01085	0.00266	0.00516	0.00816	0.29155	0.06708
5	0.06872	0.08039	0.01987	0.03983	0.01991	0.01765	0.05393	0.31470	0.07591	0.05195	0.07905	0.02136	0.01758	0.01037	0.03819	0.00247	0.00738	0.00681	0.06406	0.00987

[dist]
# distance from previous block
# <min> <max>
0	2

[block]
# block no. 1 follows, 30 sequences, length 28
# corresponding to MSA columns:
# 180-207
name=unknown_B
#
# <colnr> <probs for GDERKNQSTAVLIFYWHMCP>
#	G	D	E	R	K	N	Q	S	T	A	V	L	I	F	Y	W	H	M	C	P
0	0.04360	0.14173	0.28080	0.01618	0.04309	0.05453	0.01641	0.06726	0.08802	0.02312	0.05276	0.05876	0.01626	0.02960	0.03644	0.00259	0.00859	0.00667	0.00427	0.00931
1	0.01447	0.01230	0.01450	0.03528	0.01737	0.00972	0.00866	0.03876	0.01524	0.02326	0.03337	0.01755	0.03632	0.00602	0.00548	0.00119	0.00528	0.00487	0.00437	0.69600
2	0.01834	0.01601	0.02036	0.07063	0.02337	0.01792	0.10225	0.13435	0.45324	0.02972	0.02349	0.02308	0.01751	0.00863	0.00722	0.00232	0.00697	0.00756	0.00631	0.01071
3	0.01559	0.05116	0.07337	0.12042	0.31638	0.01570	0.12696	0.02000	0.01515	0.02129	0.01390	0.03829	0.01173	0.00876	0.04044	0.00248	0.00913	0.00659	0.00353	0.08912
4	0.01595	0.01683	0.01556	0.01413	0.01626	0.22921	0.03550	0.01814	0.01487	0.01798	0.02207	0.04460	0.10212	0.02160	0.19846	0.00458	0.12861	0.00755	0.06889	0.00710
5	0.00878	0.00645	0.00811	0.00902	0.00993	0.00592	0.00619	0.01037	0.01467	0.01946	0.15545	0.48594	0.15421	0.05892	0.01010	0.00286	0.00398	0.01729	0.00656	0.00578
6	0.07417	0.00918	0.01163	0.01083	0.01378	0.00867	0.00893	0.01993	0.01761	0.22104	0.18195	0.04900	0.08585	0.01358	0.00787	0.00247	0.00516	0.20645	0.04384	0.00806
7	0.00853	0.00696	0.00754	0.00764	0.00966	0.00597	0.00564	0.01047	0.01621	0.02014	0.16520	0.14359	0.53294	0.01763	0.00832	0.00239	0.00356	0.01499	0.00667	0.00597
8	0.01376	0.00696	0.00795	0.00797	0.00968	0.00668	0.00587	0.01641	0.01486	0.09677	0.02740	0.21630	0.02526	0.01180	0.00616	0.00200	0.00375	0.01007	0.50351	0.00685
9	0.02607	0.03326	0.01978	0.01798	0.02157	0.72674	0.01348	0.02787	0.01978	0.01708	0.01079	0.01258	0.00899	0.00719	0.00629	0.00180	0.01258	0.00449	0.00360	0.00809
10	0.09275	0.01142	0.01383	0.01127	0.01543	0.01101	0.00910	0.08882	0.04689	0.36311	0.16025	0.02796	0.02581	0.00953	0.00682	0.00212	0.00526	0.00777	0.08097	0.00990
11	0.80405	0.01350	0.01026	0.00918	0.01350	0.01565	0.00756	0.02051	0.01188	0.03131	0.00972	0.01134	0.00756	0.00648	0.00432	0.00216	0.00540	0.00378	0.00432	0.00756
12	0.00941	0.00753	0.01188	0.01197	0.01314	0.00704	0.08426	0.01116	0.01372	0.01833	0.03567	0.66647	0.04208	0.02003	0.00883	0.00278	0.00493	0.01851	0.00614	0.00610
13	0.01697	0.01099	0.01365	0.01263	0.04667	0.01091	0.00929	0.17130	0.02163	0.13120	0.30405	0.12917	0.06669	0.01283	0.00779	0.00225	0.00503	0.01106	0.00726	0.00864
14	0.02134	0.02195	0.01759	0.01565	0.01953	0.27933	0.01204	0.11051	0.34298	0.02607	0.02088	0.04679	0.01655	0.00896	0.00685	0.00214	0.00833	0.00689	0.00577	0.00985
15	0.76264	0.01455	0.01076	0.00965	0.01393	0.05350	0.00787	0.02090	0.01230	0.03055	0.00977	0.01140	0.00763	0.00652	0.00442	0.00214	0.00578	0.00382	0.00428	0.00759
16	0.00883	0.00648	0.00788	0.00871	0.00955	0.00597	0.00584	0.01010	0.01380	0.01801	0.08996	0.42982	0.18693	0.14877	0.01338	0.00337	0.00436	0.01653	0.00617	0.00553
17	0.01991	0.07531	0.05181	0.02201	0.12870	0.10948	0.13202	0.16735	0.14268	0.02698	0.01718	0.04502	0.01378	0.00791	0.00699	0.00213	0.00868	0.00694	0.00495	0.01017
18	0.01464	0.02303	0.29849	0.24667	0.11370	0.01626	0.07800	0.02211	0.07849	0.02153	0.01417	0.01763	0.01055	0.00689	0.00695	0.00226	0.00944	0.00612	0.00349	0.00959
19	0.01505	0.03314	0.61593	0.02095	0.05040	0.01606	0.07430	0.02263	0.01513	0.05324	0.01333	0.01552	0.00941	0.00665	0.00678	0.00221	0.01017	0.00550	0.00326	0.01034
20	0.01555	0.14312	0.04204	0.01381	0.06737	0.01390	0.03031	0.05926	0.09620	0.07724	0.10439	0.08152	0.16673	0.01128	0.00700	0.00213	0.00571	0.00946	0.04441	0.00858
21	0.00893	0.00665	0.00824	0.00876	0.00997	0.00604	0.00617	0.01088	0.01582	0.02107	0.25429	0.35445	0.19966	0.04431	0.00948	0.00267	0.00379	0.01610	0.00678	0.00595
22	0.01038	0.03902	0.07314	0.01207	0.01476	0.00899	0.07680	0.01302	0.01461	0.01937	0.09121	0.31244	0.17542	0.04188	0.06095	0.00326	0.00646	0.01396	0.00558	0.00668
23	0.01779	0.12220	0.22694	0.04448	0.09306	0.13901	0.03451	0.05238	0.03431	0.04096	0.01656	0.04135	0.04266	0.00804	0.00713	0.00208	0.03694	0.00623	0.02409	0.00930
24	0.01326	0.01305	0.07117	0.04679	0.01712	0.04673	0.04200	0.01702	0.06059	0.05705	0.08206	0.19906	0.11035	0.06092	0.04355	0.00315	0.09212	0.01128	0.00535	0.00740
25	0.01327	0.00801	0.00951	0.00901	0.01077	0.00753	0.00629	0.01555	0.05056	0.13040	0.08617	0.14952	0.17543	0.27628	0.01771	0.00394	0.00523	0.01210	0.00615	0.00656
26	0.04913	0.09384	0.11299	0.01522	0.02029	0.08227	0.06464	0.15459	0.07014	0.08764	0.02170	0.10749	0.05107	0.02853	0.00764	0.00229	0.00771	0.00809	0.00536	0.00937
27	0.05574	0.04367	0.09094	0.04077	0.12392	0.03730	0.09604	0.10105	0.04843	0.11363	0.01683	0.05149	0.01330	0.00755	0.00668	0.00201	0.00774	0.00660	0.00492	0.13140

[dist]
# distance from previous block
# <min> <max>
2	5

[block]
# block no. 2 follows, 30 sequences, length 37
# corresponding to MSA columns:
# 214-250
name=unknown_C
#
# <colnr> <probs for GDERKNQSTAVLIFYWHMCP>
#	G	D	E	R	K	N	Q	S	T	A	V	L	I	F	Y	W	H	M	C	P
0	0.06415	0.04036	0.04392	0.04627	0.18925	0.01583	0.03465	0.13095	0.06982	0.04987	0.01735	0.01917	0.04343	0.00753	0.00718	0.00196	0.04042	0.00615	0.00475	0.16699
1	0.01122	0.01074	0.03152	0.01228	0.06197	0.07405	0.00851	0.01357	0.01644	0.02110	0.21355	0.26420	0.20253	0.01597	0.00812	0.00239	0.00501	0.01392	0.00620	0.00671
2	0.01489	0.07617	0.29021	0.01662	0.02307	0.01491	0.08553	0.06131	0.03607	0.04040	0.01686	0.02066	0.03288	0.04202	0.14588	0.00399	0.01079	0.00641	0.00391	0.05740
3	0.01885	0.17210	0.09735	0.09792	0.08776	0.11877	0.15254	0.06182	0.03313	0.05446	0.01492	0.01736	0.02858	0.00698	0.00662	0.00203	0.00941	0.00607	0.00392	0.00940
4	0.00909	0.00683	0.00816	0.00834	0.00975	0.00618	0.00591	0.01108	0.01607	0.02128	0.28358	0.21743	0.25484	0.09612	0.01131	0.00288	0.00391	0.01467	0.00666	0.00591
5	0.01048	0.00880	0.03214	0.01076	0.03892	0.00776	0.00791	0.03152	0.04114	0.02356	0.28985	0.20224	0.19440	0.01579	0.00816	0.00239	0.00423	0.03575	0.02740	0.00682
6	0.01175	0.00771	0.01054	0.01169	0.01313	0.00752	0.00954	0.01422	0.01522	0.06221	0.03559	0.22993	0.03904	0.07515	0.01127	0.00333	0.00587	0.42348	0.00641	0.00642
7	0.01143	0.01072	0.05446	0.04322	0.01531	0.00820	0.00872	0.01414	0.01451	0.02074	0.05982	0.26478	0.10772	0.01282	0.00706	0.00198	0.00496	0.01117	0.03004	0.29818
8	0.01720	0.01373	0.03762	0.01352	0.05989	0.01125	0.01038	0.06743	0.01632	0.10108	0.01519	0.04017	0.01236	0.00669	0.00640	0.00147	0.03165	0.00536	0.00480	0.52750
9	0.51429	0.05293	0.01512	0.03433	0.04849	0.13849	0.01029	0.04211	0.01417	0.02710	0.01032	0.01237	0.00829	0.00690	0.00579	0.00210	0.04053	0.00426	0.00408	0.00802
10	0.01693	0.01763	0.07037	0.06583	0.64620	0.01652	0.02161	0.02133	0.01575	0.02258	0.01306	0.01716	0.01086	0.00627	0.00689	0.00209	0.00845	0.00615	0.00341	0.01089
11	0.02609	0.01933	0.02070	0.01597	0.02147	0.02144	0.01316	0.65681	0.06468	0.04327	0.01731	0.01720	0.01232	0.00843	0.00699	0.00211	0.00758	0.00636	0.00699	0.01183
12	0.01038	0.00729	0.01031	0.01031	0.01151	0.00828	0.00786	0.01278	0.01158	0.01728	0.01949	0.02867	0.01813	0.10194	0.57759	0.00960	0.01572	0.00756	0.10761	0.00611
13	0.01771	0.00992	0.01062	0.00918	0.01204	0.01024	0.00725	0.16845	0.01920	0.09298	0.02185	0.02373	0.01648	0.00823	0.00554	0.00178	0.00449	0.00650	0.54561	0.00820
14	0.01013	0.00684	0.00798	0.00798	0.00811	0.00697	0.00469	0.01039	0.01026	0.01381	0.02165	0.04378	0.02455	0.68214	0.10701	0.00723	0.00800	0.00987	0.00418	0.00444
15	0.00918	0.00675	0.00857	0.00917	0.01038	0.00622	0.00663	0.01129	0.01599	0.02145	0.26402	0.33845	0.15599	0.04022	0.00943	0.00269	0.00398	0.06676	0.00681	0.00602
16	0.01919	0.03754	0.09813	0.05071	0.13737	0.01621	0.06009	0.15922	0.12922	0.09999	0.02248	0.02561	0.05502	0.00894	0.00721	0.00225	0.00756	0.04736	0.00558	0.01034
17	0.01086	0.00677	0.00772	0.00772	0.00827	0.00691	0.00488	0.01196	0.01141	0.01702	0.02183	0.03867	0.02260	0.48785	0.10206	0.00593	0.00715	0.00893	0.20645	0.00503
18	0.05051	0.12110	0.10059	0.06122	0.10312	0.05192	0.03318	0.10717	0.03815	0.04442	0.03640	0.04908	0.01538	0.03011	0.03186	0.00255	0.04320	0.02423	0.04676	0.00905
19	0.02294	0.11853	0.07550	0.01725	0.06327	0.13440	0.01411	0.27562	0.08929	0.07753	0.01672	0.01823	0.01277	0.00801	0.00659	0.00203	0.00832	0.02292	0.00550	0.01048
20	0.01453	0.01172	0.05572	0.03144	0.08728	0.00995	0.02846	0.01888	0.06842	0.12100	0.15593	0.12405	0.17037	0.01248	0.00761	0.00224	0.00540	0.01088	0.00622	0.05743
21	0.01750	0.08005	0.31607	0.02038	0.08874	0.05947	0.06809	0.13391	0.05772	0.02533	0.01644	0.03792	0.03195	0.00773	0.00679	0.00214	0.00907	0.00637	0.00419	0.01013
22	0.01981	0.26221	0.09901	0.03382	0.02027	0.13616	0.01339	0.16452	0.01933	0.02424	0.03759	0.01742	0.03363	0.00774	0.00639	0.00187	0.02863	0.00552	0.05927	0.00917
23	0.03038	0.01337	0.01712	0.01312	0.01856	0.01247	0.01084	0.16131	0.02247	0.58523	0.02543	0.02239	0.01622	0.00859	0.00701	0.00215	0.00628	0.00687	0.00831	0.01187
24	0.01719	0.01895	0.13080	0.02071	0.08026	0.01646	0.17912	0.15587	0.11018	0.02731	0.04134	0.05694	0.04753	0.00884	0.00791	0.00228	0.03315	0.00803	0.02730	0.00982
25	0.01534	0.01432	0.06783	0.08132	0.13554	0.03446	0.04540	0.08626	0.04597	0.04762	0.09636	0.15431	0.02439	0.01227	0.03148	0.00257	0.02467	0.00950	0.06176	0.00863
26	0.01572	0.00854	0.01034	0.00917	0.01182	0.00784	0.00695	0.01882	0.04579	0.20000	0.20683	0.04313	0.17666	0.10402	0.01086	0.00273	0.00454	0.01042	0.09814	0.00768
27	0.01013	0.00746	0.01032	0.01028	0.01110	0.00838	0.00749	0.01184	0.01125	0.01589	0.04112	0.06584	0.02221	0.24950	0.45147	0.00902	0.03803	0.00891	0.00410	0.00569
28	0.03950	0.12537	0.26702	0.01973	0.06372	0.16049	0.09080	0.06693	0.04039	0.02249	0.03213	0.01589	0.01138	0.00697	0.00649	0.00204	0.00977	0.00557	0.00375	0.00958
29	0.11759	0.04287	0.02036	0.05350	0.17405	0.10985	0.03583	0.10000	0.01819	0.15135	0.03403	0.01871	0.01338	0.01114	0.06664	0.00283	0.00888	0.00609	0.00504	0.00968
30	0.01024	0.00735	0.00896	0.00932	0.01084	0.00707	0.00710	0.01308	0.03649	0.02133	0.17884	0.13162	0.17627	0.10168	0.03574	0.00330	0.00508	0.15268	0.07685	0.00616
31	0.02014	0.02289	0.01956	0.01737	0.01929	0.34030	0.01366	0.05175	0.01603	0.01824	0.01261	0.07337	0.01219	0.01054	0.01351	0.00242	0.31803	0.00649	0.00375	0.00787
32	0.66563	0.01588	0.03876	0.01028	0.01465	0.08056	0.00870	0.02106	0.01284	0.02940	0.01052	0.01225	0.00821	0.00662	0.00462	0.00210	0.00615	0.00402	0.04008	0.00767
33	0.01608	0.01593	0.02233	0.14302	0.33776	0.08788	0.04018	0.04141	0.01645	0.02139	0.03798	0.04937	0.10613	0.00889	0.00754	0.00218	0.02435	0.00786	0.00413	0.00913
34	0.01576	0.00985	0.01209	0.01183	0.04477	0.00965	0.00849	0.08629	0.05940	0.14411	0.07025	0.19490	0.15366	0.03848	0.04289	0.00288	0.00562	0.01160	0.06940	0.00809
35	0.03716	0.01913	0.04759	0.02161	0.17501	0.18191	0.05502	0.04331	0.08115	0.05100	0.03899	0.04685	0.03372	0.04432	0.04164	0.00273	0.03209	0.00709	0.00454	0.03516
36	0.00958	0.00797	0.03064	0.01004	0.03775	0.00677	0.00703	0.01117	0.01469	0.01916	0.14454	0.23561	0.26836	0.08700	0.01240	0.06692	0.00454	0.01400	0.00594	0.00589

[dist]
# distance from previous block
# <min> <max>
0	2

[block]
# block no. 3 follows, 30 sequences, length 18
# corresponding to MSA columns:
# 253-265,272-276
name=unknown_D
#
# <colnr> <probs for GDERKNQSTAVLIFYWHMCP>
#	G	D	E	R	K	N	Q	S	T	A	V	L	I	F	Y	W	H	M	C	P
0	0.17271	0.04365	0.07433	0.06527	0.02789	0.10407	0.30393	0.02272	0.01574	0.05863	0.01347	0.01654	0.01013	0.00650	0.00674	0.00217	0.00964	0.00630	0.03073	0.00885
1	0.01810	0.21371	0.05078	0.03950	0.06521	0.09604	0.18196	0.08219	0.05226	0.02217	0.03819	0.04823	0.01424	0.00939	0.03621	0.00240	0.00938	0.00678	0.00413	0.00915
2	0.23866	0.08255	0.13892	0.01396	0.01914	0.15933	0.01293	0.10775	0.04179	0.02631	0.01394	0.04456	0.01142	0.00769	0.00579	0.00204	0.00798	0.00545	0.05098	0.00880
3	0.21537	0.01439	0.01565	0.01626	0.11911	0.05817	0.01103	0.02606	0.16158	0.14440	0.07559	0.02159	0.01806	0.00815	0.00625	0.00211	0.00613	0.00646	0.03609	0.03756
4	0.01299	0.01076	0.01331	0.01165	0.04998	0.00896	0.00844	0.01673	0.04268	0.02424	0.22081	0.07202	0.02949	0.00913	0.00647	0.00160	0.00472	0.00788	0.00541	0.44274
5	0.01089	0.00705	0.00902	0.00962	0.01092	0.00651	0.00694	0.01261	0.01489	0.07579	0.10729	0.39635	0.13415	0.08295	0.01099	0.00303	0.00454	0.08364	0.00657	0.00625
6	0.01001	0.00744	0.01041	0.01048	0.01159	0.00828	0.00791	0.01219	0.01232	0.01754	0.06686	0.12655	0.05985	0.08590	0.45130	0.00812	0.03968	0.00987	0.03758	0.00610
7	0.01017	0.00671	0.00899	0.01006	0.01100	0.00626	0.00717	0.01191	0.01475	0.05692	0.11810	0.56074	0.04637	0.01998	0.00880	0.00276	0.00429	0.08210	0.00673	0.00619
8	0.02113	0.01306	0.01576	0.01318	0.01710	0.01348	0.03098	0.22211	0.10889	0.19655	0.02603	0.18173	0.02237	0.01145	0.00730	0.00228	0.00595	0.00973	0.07104	0.00989
9	0.01005	0.00716	0.00959	0.00959	0.01027	0.00784	0.00669	0.01142	0.01073	0.01499	0.02018	0.03566	0.02102	0.36951	0.41482	0.00921	0.01331	0.00868	0.00396	0.00533
10	0.01444	0.00988	0.01129	0.01021	0.01285	0.01010	0.00775	0.04476	0.18963	0.08859	0.24755	0.04028	0.11422	0.07760	0.00987	0.00260	0.00458	0.01011	0.08561	0.00808
11	0.04048	0.13249	0.32487	0.06204	0.16672	0.04122	0.04232	0.02089	0.01489	0.02103	0.01384	0.06310	0.01180	0.00746	0.00651	0.00211	0.00899	0.00622	0.00338	0.00963
12	0.02082	0.01977	0.08494	0.04015	0.07746	0.09577	0.11090	0.15380	0.11893	0.11040	0.01919	0.02021	0.03491	0.00823	0.00805	0.00223	0.05187	0.00684	0.00533	0.01022
13	0.00903	0.00668	0.00845	0.00890	0.01014	0.00609	0.00633	0.01121	0.01644	0.02222	0.32286	0.34924	0.16067	0.01802	0.00852	0.00249	0.00365	0.01601	0.00698	0.00609
14	0.01515	0.01281	0.01484	0.01066	0.01683	0.01000	0.00855	0.05541	0.01551	0.02394	0.01265	0.01460	0.01042	0.00535	0.00527	0.00109	0.00531	0.00426	0.00430	0.75307
15	0.01769	0.15635	0.15420	0.04458	0.16449	0.04688	0.05554	0.02272	0.05416	0.08658	0.01774	0.01957	0.04573	0.00759	0.00701	0.00205	0.03414	0.00621	0.04711	0.00965
16	0.01409	0.05541	0.01308	0.03841	0.01432	0.01093	0.00842	0.09132	0.07897	0.06763	0.15463	0.16401	0.11863	0.08010	0.03433	0.00298	0.00563	0.01133	0.02817	0.00763
17	0.07533	0.15093	0.12006	0.05921	0.10554	0.14273	0.01497	0.07006	0.08061	0.04152	0.01641	0.04704	0.03117	0.00794	0.00630	0.00203	0.00837	0.00613	0.00430	0.00934

[dist]
# distance from previous block
# <min> <max>
1	6

[block]
# block no. 4 follows, 30 sequences, length 27
# corresponding to MSA columns:
# 283-309
name=unknown_E
#
# <colnr> <probs for GDERKNQSTAVLIFYWHMCP>
#	G	D	E	R	K	N	Q	S	T	A	V	L	I	F	Y	W	H	M	C	P
0	0.01358	0.04945	0.08430	0.01352	0.05672	0.05268	0.01044	0.01681	0.09155	0.01837	0.02347	0.11939	0.08087	0.05607	0.01463	0.21484	0.03238	0.00879	0.03542	0.00672
1	0.05868	0.11729	0.04285	0.04161	0.06734	0.11988	0.03162	0.09801	0.01635	0.02126	0.01695	0.06103	0.03917	0.06284	0.06463	0.08164	0.00872	0.00686	0.00419	0.03909
2	0.04102	0.04295	0.04761	0.06502	0.10753	0.06806	0.08711	0.17978	0.05698	0.07872	0.01625	0.01939	0.01273	0.03586	0.07835	0.00319	0.03832	0.00653	0.00490	0.00969
3	0.01893	0.08840	0.11076	0.03613	0.07058	0.05982	0.05169	0.13800	0.01900	0.09594	0.04091	0.04454	0.04819	0.00822	0.00658	0.00195	0.00749	0.00677	0.03873	0.10738
4	0.04329	0.03673	0.01214	0.04258	0.03224	0.03756	0.00859	0.04584	0.01433	0.01968	0.02783	0.40414	0.03140	0.07396	0.01109	0.02601	0.03102	0.03797	0.02930	0.03432
5	0.01447	0.01240	0.01447	0.01034	0.01654	0.00930	0.00827	0.01757	0.01447	0.02274	0.01240	0.01447	0.01034	0.00517	0.00517	0.00103	0.00517	0.00413	0.00413	0.79742
6	0.01730	0.09830	0.04283	0.03596	0.09086	0.09775	0.03528	0.06631	0.01652	0.02259	0.01294	0.03110	0.01094	0.00632	0.00582	0.00151	0.00727	0.00508	0.00404	0.39129
7	0.80405	0.01350	0.01026	0.00918	0.01350	0.01565	0.00756	0.02051	0.01188	0.03131	0.00972	0.01134	0.00756	0.00648	0.00432	0.00216	0.00540	0.00378	0.00432	0.00756
8	0.00950	0.00682	0.00880	0.01007	0.01076	0.00655	0.00685	0.04708	0.01443	0.01926	0.03727	0.70980	0.04426	0.02112	0.00880	0.00279	0.00425	0.01909	0.00651	0.00601
9	0.01093	0.00943	0.01193	0.11411	0.03505	0.00987	0.00925	0.01528	0.08446	0.02171	0.19254	0.04805	0.33378	0.01391	0.00889	0.00236	0.05379	0.01157	0.00602	0.00708
10	0.00858	0.00649	0.00794	0.00883	0.00995	0.00584	0.00614	0.01020	0.01484	0.01928	0.12453	0.46951	0.24306	0.01976	0.00864	0.00262	0.00381	0.01751	0.00662	0.00584
11	0.00896	0.00798	0.03850	0.00931	0.01107	0.00655	0.00721	0.01100	0.01489	0.01925	0.10205	0.33678	0.29188	0.02060	0.04811	0.00306	0.00498	0.04547	0.00627	0.00609
12	0.01648	0.04723	0.27131	0.05284	0.15111	0.05893	0.04186	0.02342	0.09300	0.04113	0.01453	0.01679	0.01115	0.00706	0.00737	0.00209	0.04442	0.00572	0.00386	0.08970
13	0.02042	0.47267	0.09707	0.01451	0.02019	0.23542	0.01373	0.02309	0.01590	0.01716	0.01030	0.01195	0.00895	0.00640	0.00523	0.00165	0.00927	0.00410	0.00316	0.00883
14	0.01007	0.00680	0.00773	0.00773	0.00786	0.00681	0.00444	0.01023	0.01040	0.01383	0.02364	0.04577	0.05003	0.70151	0.06044	0.00677	0.00709	0.01022	0.00429	0.00436
15	0.00883	0.00702	0.00793	0.00785	0.00982	0.00612	0.00583	0.01109	0.01707	0.02197	0.29074	0.11055	0.43690	0.01678	0.00829	0.00233	0.00349	0.01436	0.00690	0.00612
16	0.02071	0.07453	0.01914	0.01482	0.01937	0.06518	0.01192	0.22615	0.40707	0.03177	0.02242	0.02131	0.01679	0.00873	0.00681	0.00218	0.00676	0.00688	0.00652	0.01094
17	0.01566	0.05361	0.45274	0.01765	0.04737	0.01491	0.01993	0.04792	0.01588	0.06134	0.03733	0.01651	0.01174	0.00677	0.00639	0.00196	0.00862	0.00536	0.00382	0.15451
18	0.01789	0.21343	0.28473	0.01901	0.10195	0.04157	0.01801	0.06942	0.06624	0.06100	0.03434	0.01660	0.01237	0.00709	0.00623	0.00200	0.00845	0.00549	0.00407	0.01012
19	0.01392	0.05701	0.49835	0.01966	0.02803	0.01550	0.11322	0.02066	0.01495	0.02153	0.01624	0.07155	0.01399	0.00850	0.00715	0.00232	0.00968	0.05468	0.00353	0.00953
20	0.01479	0.03499	0.68652	0.01955	0.02964	0.01593	0.02507	0.02264	0.01497	0.05379	0.01321	0.01514	0.00922	0.00672	0.00665	0.00221	0.01011	0.00524	0.00321	0.01038
21	0.04539	0.05704	0.13931	0.07094	0.11864	0.05937	0.04412	0.09828	0.03589	0.11633	0.04222	0.08404	0.01730	0.00912	0.00701	0.00221	0.00792	0.03016	0.00506	0.00963
22	0.01821	0.02933	0.03898	0.03341	0.06093	0.01168	0.01067	0.09129	0.08403	0.19260	0.05210	0.15190	0.09631	0.01363	0.03440	0.00264	0.00624	0.02723	0.03532	0.00911
23	0.00871	0.00620	0.00800	0.00934	0.00977	0.00582	0.00614	0.00978	0.01304	0.01730	0.03755	0.63297	0.06859	0.11669	0.01233	0.00333	0.00438	0.01839	0.00619	0.00549
24	0.00941	0.00687	0.00867	0.00973	0.01063	0.00650	0.00670	0.04289	0.01480	0.01959	0.06699	0.62142	0.10872	0.02050	0.00872	0.00273	0.00415	0.01840	0.00655	0.00603
25	0.07388	0.06487	0.16733	0.09242	0.14633	0.11338	0.03730	0.11747	0.01837	0.08383	0.01396	0.01601	0.01041	0.00702	0.00652	0.00208	0.00896	0.00559	0.00431	0.00995
26	0.01761	0.01125	0.01369	0.01338	0.05584	0.01147	0.00958	0.10026	0.15332	0.15636	0.04764	0.22588	0.05994	0.01281	0.00745	0.00234	0.00526	0.01106	0.07581	0.00906

[dist]
# distance from previous block
# <min> <max>
3	15

[block]
# block no. 5 follows, 30 sequences, length 29
# corresponding to MSA columns:
# 325-353
name=unknown_F
#
# <colnr> <probs for GDERKNQSTAVLIFYWHMCP>
#	G	D	E	R	K	N	Q	S	T	A	V	L	I	F	Y	W	H	M	C	P
0	0.10390	0.04107	0.01897	0.03763	0.06056	0.09521	0.05532	0.22012	0.06067	0.04978	0.02279	0.05128	0.07530	0.00994	0.00703	0.00224	0.00755	0.06574	0.00559	0.00930
1	0.01948	0.06446	0.15052	0.01918	0.06667	0.09984	0.10155	0.13092	0.13457	0.06754	0.03857	0.04345	0.01529	0.00815	0.00697	0.00216	0.00856	0.00693	0.00508	0.01010
2	0.00906	0.00647	0.00873	0.01035	0.01100	0.00615	0.00744	0.01068	0.01391	0.01844	0.03816	0.61425	0.04494	0.02134	0.00906	0.00291	0.00453	0.15031	0.00647	0.00582
3	0.01807	0.01684	0.02769	0.04052	0.65171	0.01702	0.02071	0.07895	0.01735	0.02463	0.01344	0.01723	0.01112	0.00640	0.00691	0.00207	0.00824	0.00622	0.00376	0.01112
4	0.01717	0.01832	0.02256	0.02090	0.08126	0.13027	0.04304	0.01915	0.01280	0.01760	0.00997	0.01518	0.00936	0.01064	0.01830	0.00274	0.53351	0.00595	0.00319	0.00808
5	0.01318	0.01240	0.02093	0.73798	0.04806	0.01550	0.01938	0.01783	0.01395	0.01783	0.01240	0.01860	0.00930	0.00698	0.00698	0.00233	0.00930	0.00620	0.00310	0.00775
6	0.01601	0.01599	0.02646	0.15604	0.20679	0.05554	0.19928	0.05755	0.01636	0.02176	0.01689	0.12374	0.01557	0.00889	0.00802	0.00232	0.03109	0.00864	0.00405	0.00901
7	0.01054	0.00783	0.00990	0.00926	0.01111	0.00754	0.00698	0.01530	0.08020	0.02809	0.64708	0.04980	0.06188	0.01384	0.00813	0.00221	0.00349	0.01220	0.00763	0.00698
8	0.01687	0.01649	0.02908	0.09562	0.58948	0.01661	0.09025	0.02123	0.01580	0.02236	0.01317	0.01754	0.01087	0.00624	0.00705	0.00212	0.00873	0.00643	0.00343	0.01063
9	0.01627	0.01565	0.02134	0.01812	0.01862	0.02140	0.01509	0.07655	0.01266	0.01921	0.00984	0.01540	0.00940	0.01187	0.02148	0.00297	0.67660	0.00612	0.00340	0.00801
10	0.01010	0.00697	0.00864	0.00864	0.00899	0.00732	0.00551	0.01081	0.01045	0.01429	0.02105	0.04047	0.02312	0.55498	0.23222	0.00803	0.01016	0.00939	0.00409	0.00480
11	0.80405	0.01350	0.01026	0.00918	0.01350	0.01565	0.00756	0.02051	0.01188	0.03131	0.00972	0.01134	0.00756	0.00648	0.00432	0.00216	0.00540	0.00378	0.00432	0.00756
12	0.00999	0.00739	0.01078	0.01078	0.01188	0.00849	0.00818	0.01218	0.01109	0.01588	0.01909	0.02961	0.01840	0.13689	0.64385	0.01068	0.01726	0.00780	0.00380	0.00599
13	0.01454	0.03264	0.59055	0.02299	0.09759	0.01637	0.08413	0.02205	0.01500	0.02219	0.01272	0.01535	0.00921	0.00652	0.00680	0.00221	0.01024	0.00553	0.00305	0.01031
14	0.01015	0.00677	0.00761	0.00761	0.00761	0.00677	0.00423	0.01015	0.01015	0.01353	0.02199	0.04567	0.02537	0.75476	0.03552	0.00677	0.00677	0.01015	0.00423	0.00423
15	0.01336	0.01394	0.03812	0.25260	0.04484	0.09673	0.07335	0.01678	0.01575	0.01969	0.10384	0.15122	0.10830	0.01155	0.00762	0.00233	0.00763	0.01024	0.00472	0.00739
16	0.00997	0.00748	0.01121	0.01121	0.01246	0.00872	0.00872	0.01246	0.01121	0.01620	0.01869	0.02741	0.01745	0.05234	0.72710	0.01121	0.01869	0.00748	0.00374	0.00623
17	0.44274	0.28777	0.04824	0.01110	0.01622	0.05970	0.01021	0.02113	0.01327	0.02471	0.00988	0.01149	0.00820	0.00634	0.00458	0.00190	0.00675	0.00386	0.00374	0.00821
18	0.01941	0.04942	0.09940	0.01560	0.04069	0.12247	0.01319	0.20895	0.17376	0.02857	0.04724	0.02556	0.10655	0.00950	0.00697	0.00214	0.00755	0.00746	0.00573	0.00984
19	0.02607	0.03326	0.01978	0.01798	0.02157	0.72674	0.01348	0.02787	0.01978	0.01708	0.01079	0.01258	0.00899	0.00719	0.00629	0.00180	0.01258	0.00449	0.00360	0.00809
20	0.02252	0.07602	0.02015	0.03779	0.05912	0.40130	0.01312	0.13839	0.02057	0.02224	0.01665	0.06874	0.03687	0.00898	0.00669	0.00199	0.00997	0.02573	0.00450	0.00867
21	0.01162	0.00754	0.00978	0.00898	0.01100	0.00686	0.00682	0.01476	0.01952	0.08678	0.60794	0.05064	0.10293	0.01400	0.00813	0.00220	0.00354	0.01227	0.00769	0.00700
22	0.01971	0.58261	0.03339	0.01536	0.07832	0.07087	0.01297	0.08078	0.01634	0.01946	0.01069	0.01230	0.00940	0.00628	0.00503	0.00162	0.00788	0.00422	0.00342	0.00934
23	0.01403	0.01260	0.01885	0.11396	0.25601	0.01253	0.01405	0.01735	0.01499	0.02148	0.06273	0.08685	0.06519	0.00917	0.00783	0.00202	0.05267	0.00793	0.02509	0.18467
24	0.02124	0.26341	0.06736	0.01674	0.04348	0.22215	0.04127	0.13683	0.03855	0.02251	0.01305	0.03604	0.01107	0.00754	0.00655	0.00189	0.03150	0.00541	0.00410	0.00929
25	0.01791	0.15066	0.08609	0.06432	0.26604	0.10832	0.05863	0.04206	0.01630	0.02158	0.01335	0.01648	0.01087	0.00663	0.00625	0.00193	0.00858	0.00562	0.08890	0.00949
26	0.08262	0.01250	0.01411	0.01024	0.01627	0.00985	0.00821	0.01782	0.01425	0.02348	0.01217	0.01420	0.01010	0.00528	0.00509	0.00113	0.00519	0.00410	0.00415	0.72924
27	0.00842	0.00640	0.00776	0.00884	0.00989	0.00574	0.00609	0.00981	0.01420	0.01816	0.04908	0.52511	0.26439	0.02048	0.00869	0.00268	0.00388	0.01815	0.00648	0.00574
28	0.04192	0.06738	0.19200	0.07849	0.04703	0.03695	0.03430	0.09450	0.08397	0.09715	0.03576	0.01956	0.03276	0.00761	0.00654	0.00202	0.00775	0.00614	0.00485	0.10333

[dist]
# distance from previous block
# <min> <max>
0	2

[block]
# block no. 6 follows, 30 sequences, length 14
# corresponding to MSA columns:
# 356-369
name=unknown_G
#
# <colnr> <probs for GDERKNQSTAVLIFYWHMCP>
#	G	D	E	R	K	N	Q	S	T	A	V	L	I	F	Y	W	H	M	C	P
0	0.04101	0.11580	0.02255	0.04791	0.23818	0.03515	0.01390	0.09311	0.01700	0.02403	0.01467	0.01703	0.03497	0.00656	0.00600	0.00169	0.00704	0.00542	0.00411	0.25387
1	0.00828	0.00693	0.00721	0.00743	0.00952	0.00586	0.00546	0.00997	0.01555	0.01871	0.06625	0.16129	0.61713	0.01825	0.00834	0.00242	0.00361	0.01543	0.00648	0.00586
2	0.01447	0.01240	0.01447	0.01034	0.01654	0.00930	0.00827	0.01757	0.01447	0.02274	0.01240	0.01447	0.01034	0.00517	0.00517	0.00103	0.00517	0.00413	0.00413	0.79742
3	0.01864	0.04095	0.14259	0.04659	0.22814	0.06002	0.09550	0.16675	0.03830	0.02706	0.05583	0.01884	0.01414	0.00736	0.00702	0.00212	0.00879	0.00655	0.00448	0.01032
4	0.01616	0.08527	0.38849	0.01781	0.04705	0.04715	0.05212	0.04106	0.01646	0.07921	0.06871	0.02247	0.07159	0.00823	0.00682	0.00214	0.00869	0.00672	0.00424	0.00962
5	0.01197	0.00669	0.00763	0.00773	0.00912	0.00692	0.00574	0.01479	0.01364	0.02290	0.02284	0.07145	0.01987	0.05289	0.15606	0.00392	0.00666	0.00769	0.54519	0.00629
6	0.04784	0.33882	0.06877	0.05072	0.11352	0.12710	0.03264	0.07390	0.04854	0.02116	0.01213	0.01408	0.01004	0.00663	0.00572	0.00183	0.00855	0.00488	0.00370	0.00941
7	0.05766	0.02953	0.07446	0.01054	0.03443	0.00903	0.00785	0.01333	0.01215	0.03974	0.02585	0.09883	0.08802	0.41091	0.05494	0.00509	0.00706	0.01005	0.00459	0.00594
8	0.00871	0.00619	0.00813	0.00950	0.00995	0.00581	0.00631	0.00996	0.01350	0.01810	0.07742	0.65417	0.04574	0.07765	0.01091	0.00310	0.00421	0.01866	0.00638	0.00561
9	0.01339	0.01372	0.11517	0.01681	0.04985	0.01069	0.16954	0.01465	0.01213	0.01667	0.01421	0.04672	0.01325	0.06051	0.01888	0.38915	0.00806	0.00719	0.00335	0.00606
10	0.01749	0.12384	0.09085	0.05592	0.07140	0.07702	0.05591	0.07266	0.13428	0.04585	0.06729	0.02284	0.05858	0.00830	0.00665	0.00201	0.00754	0.00686	0.00491	0.06978
11	0.01234	0.01112	0.01822	0.46677	0.10757	0.01294	0.01609	0.01600	0.01400	0.01835	0.01956	0.21739	0.01951	0.01094	0.00749	0.00244	0.00777	0.00991	0.00406	0.00753
12	0.00901	0.00635	0.00788	0.00890	0.00929	0.00603	0.00570	0.00987	0.01250	0.01653	0.03516	0.48864	0.07827	0.25223	0.01724	0.00404	0.00487	0.01649	0.00577	0.00523
13	0.07714	0.08954	0.06990	0.04111	0.25308	0.03497	0.10031	0.04028	0.05555	0.06435	0.01506	0.01915	0.01236	0.06405	0.00877	0.00242	0.00817	0.00632	0.00415	0.03335

[dist]
# distance from previous block
# <min> <max>
0	11

[block]
# block no. 7 follows, 30 sequences, length 49
# corresponding to MSA columns:
# 381-429
name=unknown_H
#
# <colnr> <probs for GDERKNQSTAVLIFYWHMCP>
#	G	D	E	R	K	N	Q	S	T	A	V	L	I	F	Y	W	H	M	C	P
0	0.13237	0.12584	0.03637	0.03212	0.06957	0.03982	0.01038	0.01791	0.01469	0.07894	0.08085	0.11490	0.09687	0.03699	0.00933	0.03271	0.04894	0.00872	0.00497	0.00773
1	0.06723	0.01415	0.03995	0.07192	0.08060	0.08422	0.02805	0.03757	0.01381	0.01938	0.01495	0.08740	0.01436	0.03757	0.03258	0.16753	0.06511	0.00703	0.00388	0.11273
2	0.06695	0.02982	0.03787	0.01085	0.01241	0.01102	0.00833	0.06736	0.01288	0.01879	0.03984	0.04988	0.01946	0.27263	0.14746	0.10076	0.07536	0.00807	0.00422	0.00606
3	0.01286	0.01317	0.07575	0.13456	0.10326	0.01194	0.04756	0.03454	0.07541	0.02299	0.18145	0.03633	0.12630	0.03585	0.03596	0.00277	0.00702	0.02890	0.00528	0.00809
4	0.01346	0.01127	0.01362	0.01042	0.01547	0.00911	0.00823	0.01635	0.01370	0.02118	0.01392	0.01797	0.01219	0.03814	0.14577	0.00319	0.00783	0.00497	0.00406	0.61915
5	0.01811	0.63475	0.05648	0.01227	0.01794	0.04939	0.01206	0.02115	0.03628	0.01783	0.05832	0.01464	0.01325	0.00671	0.00495	0.00160	0.00739	0.00455	0.00346	0.00887
6	0.01647	0.01882	0.04118	0.02941	0.03647	0.01765	0.68588	0.02235	0.01647	0.02235	0.01412	0.01882	0.01059	0.00588	0.00824	0.00235	0.01176	0.00824	0.00353	0.00941
7	0.00859	0.00617	0.00817	0.00974	0.01025	0.00575	0.00660	0.00989	0.01353	0.01795	0.03942	0.70623	0.06662	0.02164	0.00891	0.00283	0.00411	0.04142	0.00648	0.00570
8	0.01736	0.01499	0.01578	0.01420	0.01815	0.01736	0.01105	0.03708	0.69862	0.02919	0.02840	0.02604	0.02130	0.00947	0.00710	0.00237	0.00552	0.00789	0.00710	0.01105
9	0.00938	0.00711	0.00863	0.00825	0.01012	0.00637	0.00619	0.01220	0.01857	0.02518	0.51181	0.05675	0.26333	0.01531	0.00824	0.00224	0.00337	0.01327	0.00731	0.00637
10	0.02607	0.03326	0.01978	0.01798	0.02157	0.72674	0.01348	0.02787	0.01978	0.01708	0.01079	0.01258	0.00899	0.00719	0.00629	0.00180	0.01258	0.00449	0.00360	0.00809
11	0.01560	0.01576	0.08567	0.17984	0.11511	0.01530	0.11411	0.06751	0.01609	0.04205	0.05687	0.02089	0.01469	0.01013	0.04280	0.00270	0.09297	0.00690	0.07621	0.00879
12	0.00997	0.00748	0.01121	0.01121	0.01246	0.00872	0.00872	0.01246	0.01121	0.01620	0.01869	0.02741	0.01745	0.05234	0.72710	0.01121	0.01869	0.00748	0.00374	0.00623
13	0.01390	0.01940	0.22326	0.01915	0.09195	0.03743	0.08118	0.05959	0.01577	0.02172	0.02236	0.26213	0.02303	0.01241	0.00834	0.00247	0.03698	0.03575	0.00464	0.00853
14	0.01528	0.01288	0.01490	0.01072	0.01688	0.01013	0.00860	0.06239	0.01570	0.02416	0.01269	0.01462	0.01044	0.00538	0.00529	0.00110	0.00534	0.00428	0.00432	0.74490
15	0.80405	0.01350	0.01026	0.00918	0.01350	0.01565	0.00756	0.02051	0.01188	0.03131	0.00972	0.01134	0.00756	0.00648	0.00432	0.00216	0.00540	0.00378	0.00432	0.00756
16	0.01648	0.05345	0.03936	0.02769	0.03413	0.01842	0.59996	0.02184	0.01590	0.02162	0.01351	0.01818	0.01040	0.00640	0.00924	0.00237	0.07050	0.00785	0.00347	0.00925
17	0.80405	0.01350	0.01026	0.00918	0.01350	0.01565	0.00756	0.02051	0.01188	0.03131	0.00972	0.01134	0.00756	0.00648	0.00432	0.00216	0.00540	0.00378	0.00432	0.00756
18	0.00825	0.00707	0.00707	0.00707	0.00943	0.00589	0.00530	0.01001	0.01591	0.01885	0.07069	0.06716	0.70839	0.01767	0.00825	0.00236	0.00353	0.01473	0.00648	0.00589
19	0.01526	0.01238	0.01455	0.01043	0.01660	0.00935	0.00836	0.01835	0.01473	0.05544	0.01312	0.01491	0.01066	0.00533	0.00526	0.00109	0.00520	0.00427	0.00435	0.76036
20	0.01757	0.01439	0.01654	0.01228	0.01794	0.01318	0.00997	0.18689	0.01887	0.02773	0.01330	0.01510	0.01065	0.00642	0.00674	0.00143	0.05223	0.00480	0.00479	0.54919
21	0.01527	0.01527	0.02137	0.01832	0.01832	0.02137	0.01527	0.01679	0.01069	0.01679	0.00916	0.01527	0.00916	0.01221	0.02290	0.00305	0.74198	0.00611	0.00305	0.00763
22	0.00960	0.00707	0.00847	0.00812	0.00998	0.00637	0.00609	0.01244	0.01828	0.02516	0.47429	0.05483	0.25227	0.01487	0.00801	0.00220	0.00336	0.01284	0.05935	0.00637
23	0.01866	0.75896	0.03657	0.01194	0.01791	0.02761	0.01194	0.02090	0.01418	0.01642	0.00970	0.01119	0.00896	0.00597	0.00448	0.00149	0.00746	0.00373	0.00299	0.00896
24	0.01735	0.01510	0.01664	0.01617	0.06572	0.01730	0.01176	0.03601	0.65176	0.02875	0.02735	0.02543	0.02060	0.00924	0.00709	0.00235	0.00571	0.00777	0.00685	0.01105
25	0.01527	0.01527	0.02137	0.01832	0.01832	0.02137	0.01527	0.01679	0.01069	0.01679	0.00916	0.01527	0.00916	0.01221	0.02290	0.00305	0.74198	0.00611	0.00305	0.00763
26	0.02653	0.01955	0.02094	0.01606	0.02164	0.02164	0.01326	0.68796	0.03281	0.04398	0.01675	0.01675	0.01187	0.00838	0.00698	0.00209	0.00768	0.00628	0.00698	0.01187
27	0.02271	0.01082	0.01391	0.01115	0.01560	0.00951	0.00897	0.02648	0.05900	0.41359	0.15134	0.03201	0.08991	0.01016	0.00716	0.00208	0.00513	0.00848	0.00769	0.09430
28	0.01015	0.00677	0.00761	0.00761	0.00761	0.00677	0.00423	0.01015	0.01015	0.01353	0.02199	0.04567	0.02537	0.75476	0.03552	0.00677	0.00677	0.01015	0.00423	0.00423
29	0.09474	0.04541	0.44125	0.01848	0.06630	0.01470	0.04053	0.01980	0.01448	0.02247	0.03427	0.12454	0.01592	0.00901	0.00678	0.00227	0.00854	0.00751	0.00378	0.00923
30	0.04952	0.67974	0.08234	0.01238	0.01858	0.02635	0.01272	0.02096	0.01413	0.01740	0.00990	0.01144	0.00889	0.00604	0.00462	0.00157	0.00758	0.00383	0.00304	0.00899
31	0.01599	0.01421	0.01503	0.01157	0.01707	0.05341	0.00916	0.05597	0.12440	0.02438	0.01739	0.01841	0.03980	0.00663	0.00576	0.00140	0.00573	0.00528	0.00482	0.55360
32	0.00825	0.00707	0.00707	0.00707	0.00943	0.00589	0.00530	0.01001	0.01591	0.01885	0.07069	0.06716	0.70839	0.01767	0.00825	0.00236	0.00353	0.01473	0.00648	0.00589
33	0.00958	0.00657	0.00843	0.00950	0.01043	0.00603	0.00659	0.01102	0.01416	0.04597	0.06248	0.56102	0.13205	0.04424	0.00962	0.00287	0.00421	0.04277	0.00653	0.00595
34	0.02518	0.01788	0.01935	0.01498	0.02026	0.01942	0.01233	0.58107	0.03038	0.08781	0.02243	0.02184	0.07593	0.00924	0.00710	0.00212	0.00718	0.00711	0.00705	0.01132
35	0.00849	0.00613	0.00804	0.00956	0.01008	0.00568	0.00641	0.00973	0.01351	0.01787	0.04036	0.70991	0.08522	0.02162	0.00887	0.00281	0.00402	0.01954	0.00648	0.00568
36	0.02653	0.01955	0.02094	0.01606	0.02164	0.02164	0.01326	0.68796	0.03281	0.04398	0.01675	0.01675	0.01187	0.00838	0.00698	0.00209	0.00768	0.00628	0.00698	0.01187
37	0.00861	0.00615	0.00822	0.00984	0.01029	0.00576	0.00666	0.00990	0.01346	0.01793	0.03840	0.72456	0.04593	0.02176	0.00893	0.00285	0.00414	0.04444	0.00648	0.00570
38	0.52951	0.01447	0.03929	0.01346	0.03653	0.01508	0.10260	0.04271	0.01365	0.02872	0.01343	0.06986	0.01160	0.00769	0.00547	0.00222	0.00643	0.00592	0.03337	0.00797
39	0.05536	0.01887	0.02027	0.01559	0.02112	0.02075	0.01288	0.62487	0.03128	0.08316	0.01713	0.01697	0.01203	0.00832	0.00689	0.00210	0.00749	0.00623	0.00698	0.01171
40	0.02243	0.30614	0.05039	0.01328	0.01867	0.06808	0.01191	0.14176	0.01915	0.18086	0.01727	0.06680	0.01399	0.00819	0.00603	0.00188	0.00730	0.00617	0.00530	0.03440
41	0.01220	0.00808	0.00949	0.00878	0.01098	0.00774	0.00669	0.03711	0.05860	0.05914	0.37664	0.04554	0.15520	0.01290	0.00742	0.00212	0.00372	0.01104	0.15947	0.00714
42	0.01009	0.00782	0.01096	0.00981	0.01185	0.00716	0.04651	0.01336	0.01913	0.02664	0.59623	0.05182	0.13363	0.01415	0.00823	0.00222	0.00382	0.01259	0.00730	0.00667
43	0.01115	0.00797	0.01114	0.01274	0.01431	0.00795	0.01108	0.01430	0.01597	0.02078	0.03700	0.10164	0.04037	0.01937	0.00961	0.00320	0.00634	0.64225	0.00643	0.00640
44	0.01719	0.42192	0.31368	0.01553	0.02314	0.06371	0.01767	0.02179	0.01473	0.01877	0.01092	0.01272	0.00891	0.00631	0.00546	0.00180	0.00892	0.00436	0.00300	0.00946
45	0.01028	0.00672	0.00771	0.00771	0.00771	0.00672	0.00435	0.01008	0.01008	0.01343	0.02131	0.04399	0.02446	0.70461	0.03495	0.06101	0.00672	0.00987	0.00415	0.00415
46	0.01594	0.01610	0.05256	0.24636	0.49017	0.01625	0.02098	0.02039	0.01528	0.02131	0.01289	0.01757	0.01045	0.00646	0.00692	0.00215	0.00867	0.00617	0.00333	0.01005
47	0.01709	0.04733	0.04726	0.24922	0.13993	0.17045	0.04945	0.02053	0.01519	0.01863	0.01293	0.05073	0.01127	0.00823	0.00909	0.00226	0.11210	0.00643	0.00343	0.00845
48	0.23840	0.11066	0.09629	0.01495	0.06759	0.01646	0.03331	0.02224	0.08456	0.05125	0.01421	0.01601	0.01116	0.00718	0.00669	0.00202	0.05703	0.00519	0.06343	0.08138

[dist]
# distance from previous block
# <min> <max>
0	3

[block]
# block no. 8 follows, 30 sequences, length 37
# corresponding to MSA columns:
# 433-469
name=unknown_I
#
# <colnr> <probs for GDERKNQSTAVLIFYWHMCP>
#	G	D	E	R	K	N	Q	S	T	A	V	L	I	F	Y	W	H	M	C	P
0	0.01550	0.12854	0.15040	0.11383	0.21796	0.01746	0.10855	0.02013	0.01499	0.02066	0.03537	0.01938	0.01278	0.00914	0.03887	0.00255	0.03766	0.02338	0.00347	0.00938
1	0.01504	0.01420	0.02174	0.11278	0.21791	0.01682	0.03606	0.01954	0.07339	0.02014	0.03167	0.02153	0.01406	0.03138	0.06504	0.00327	0.24879	0.02408	0.00383	0.00872
2	0.01437	0.00963	0.01284	0.02682	0.01435	0.00949	0.03921	0.04558	0.01710	0.13551	0.18579	0.06855	0.22943	0.05746	0.04712	0.00304	0.05869	0.01109	0.00639	0.00753
3	0.04270	0.05635	0.01800	0.01349	0.01814	0.09315	0.03071	0.24778	0.02152	0.05722	0.01849	0.02066	0.04298	0.00817	0.00668	0.00186	0.02559	0.02316	0.09955	0.15379
4	0.01002	0.00773	0.01036	0.01149	0.06815	0.00716	0.00760	0.01282	0.01783	0.02455	0.44710	0.16441	0.15379	0.01534	0.00823	0.00231	0.00386	0.01357	0.00696	0.00670
5	0.01091	0.08527	0.01252	0.03180	0.01268	0.00973	0.00786	0.01291	0.03035	0.01796	0.05238	0.33690	0.08279	0.14269	0.01335	0.00326	0.03743	0.06062	0.00545	0.03314
6	0.00862	0.00625	0.00815	0.00943	0.01010	0.00578	0.00640	0.01009	0.01420	0.01893	0.10949	0.62935	0.09585	0.02078	0.00879	0.00273	0.00393	0.01873	0.00660	0.00578
7	0.01416	0.01382	0.06503	0.01100	0.01723	0.00963	0.00945	0.01754	0.01444	0.02247	0.01361	0.04831	0.01187	0.00604	0.00545	0.00120	0.00549	0.00493	0.00416	0.70418
8	0.01887	0.01403	0.02256	0.33929	0.03443	0.01530	0.11716	0.07356	0.05175	0.16977	0.01691	0.01974	0.01202	0.00753	0.00768	0.00227	0.03379	0.00671	0.00487	0.03176
9	0.01347	0.01270	0.02146	0.68794	0.09580	0.01558	0.01953	0.01809	0.01409	0.01819	0.01246	0.01851	0.00943	0.00692	0.00697	0.00231	0.00923	0.00620	0.00313	0.00799
10	0.02653	0.01955	0.02094	0.01606	0.02164	0.02164	0.01326	0.68796	0.03281	0.04398	0.01675	0.01675	0.01187	0.00838	0.00698	0.00209	0.00768	0.00628	0.00698	0.01187
11	0.00881	0.00629	0.00826	0.00971	0.01023	0.00592	0.00662	0.01010	0.01340	0.01776	0.03816	0.62991	0.06466	0.07430	0.01085	0.00313	0.00440	0.06552	0.00631	0.00563
12	0.01131	0.00744	0.00966	0.01039	0.01167	0.00716	0.00747	0.01436	0.06482	0.07556	0.10772	0.51690	0.04369	0.01891	0.00861	0.00271	0.00440	0.06371	0.00682	0.00671
13	0.00876	0.00705	0.00780	0.00769	0.00976	0.00610	0.00574	0.01098	0.01701	0.02163	0.26600	0.08581	0.48765	0.01677	0.00826	0.00232	0.00348	0.01425	0.00685	0.00610
14	0.01073	0.00771	0.01063	0.01218	0.01364	0.00761	0.01033	0.01360	0.01565	0.02035	0.03834	0.17866	0.06410	0.01961	0.00948	0.00313	0.00597	0.54556	0.00644	0.00629
15	0.04981	0.01861	0.02142	0.01650	0.02200	0.02037	0.06135	0.53612	0.09139	0.06438	0.01779	0.01783	0.01269	0.00825	0.00700	0.00214	0.00764	0.00652	0.00672	0.01148
16	0.63721	0.09055	0.03251	0.06998	0.01725	0.01688	0.00946	0.02037	0.01236	0.02842	0.01001	0.01201	0.00788	0.00647	0.00462	0.00211	0.00606	0.00401	0.00404	0.00779
17	0.01479	0.03498	0.68631	0.01955	0.02963	0.01593	0.02507	0.02265	0.01497	0.05400	0.01321	0.01515	0.00923	0.00672	0.00665	0.00221	0.01011	0.00524	0.00321	0.01038
18	0.02708	0.01653	0.01876	0.01447	0.01983	0.01730	0.01193	0.45043	0.02796	0.25139	0.02284	0.02149	0.04895	0.00893	0.00706	0.00213	0.00693	0.00694	0.00747	0.01157
19	0.01318	0.01240	0.02093	0.73798	0.04806	0.01550	0.01938	0.01783	0.01395	0.01783	0.01240	0.01860	0.00930	0.00698	0.00698	0.00233	0.00930	0.00620	0.00310	0.00775
20	0.00993	0.00738	0.01087	0.01093	0.01206	0.00849	0.00835	0.01221	0.01122	0.01608	0.01961	0.05426	0.01898	0.09738	0.65620	0.01063	0.01739	0.00809	0.00387	0.00608
21	0.10530	0.21336	0.04594	0.01387	0.05260	0.06065	0.01140	0.04635	0.06586	0.22500	0.01790	0.01850	0.01331	0.03017	0.00675	0.00208	0.00687	0.00565	0.04872	0.00972
22	0.01197	0.00616	0.00924	0.00924	0.00933	0.00625	0.00625	0.00933	0.00924	0.01241	0.01259	0.02166	0.01250	0.02626	0.07765	0.74041	0.00697	0.00616	0.00308	0.00326
