[name]
unknown

[dist]
# distance from previous block
# <min> <max>
0	32

[block]
# block no. 0 follows, 39 sequences, length 150
# corresponding to MSA columns:
# 32-70,73-183
name=unknown_A
#
# <colnr> <probs for GDERKNQSTAVLIFYWHMCP>
#	G	D	E	R	K	N	Q	S	T	A	V	L	I	F	Y	W	H	M	C	P
0	0.00843	0.00608	0.00798	0.00761	0.00900	0.00564	0.00577	0.01121	0.01659	0.02342	0.71683	0.04528	0.05473	0.01230	0.00703	0.00190	0.00292	0.04523	0.00646	0.00557
1	0.01117	0.01051	0.01774	0.77795	0.04073	0.01314	0.01642	0.01511	0.01182	0.01511	0.01051	0.01577	0.00788	0.00591	0.00591	0.00197	0.00788	0.00526	0.00263	0.00657
2	0.01510	0.01390	0.02361	0.03530	0.72670	0.01384	0.01778	0.01856	0.01360	0.04789	0.01160	0.01485	0.00957	0.00535	0.00586	0.00176	0.00695	0.00530	0.00310	0.00939
3	0.00721	0.00515	0.00686	0.00823	0.00858	0.00480	0.00549	0.00823	0.01132	0.01510	0.03259	0.78831	0.03911	0.01853	0.00755	0.00240	0.00343	0.01681	0.00549	0.00480
4	0.01464	0.01405	0.02400	0.03630	0.75528	0.01405	0.01815	0.01815	0.01347	0.01932	0.01112	0.01464	0.00937	0.00527	0.00585	0.00176	0.00703	0.00527	0.00293	0.00937
5	0.00861	0.00622	0.00837	0.00831	0.00889	0.00690	0.00586	0.00979	0.00910	0.01276	0.01687	0.02970	0.01754	0.36674	0.43360	0.00773	0.02780	0.00729	0.00334	0.00457
6	0.01294	0.01294	0.01811	0.01553	0.01553	0.01811	0.01294	0.01423	0.00906	0.01423	0.00776	0.01294	0.00776	0.01035	0.01941	0.00259	0.78134	0.00518	0.00259	0.00647
7	0.01186	0.03059	0.76153	0.01686	0.02560	0.01373	0.02185	0.01873	0.01249	0.01873	0.01061	0.01249	0.00749	0.00562	0.00562	0.00187	0.00874	0.00437	0.00250	0.00874
8	0.03126	0.01566	0.04843	0.04971	0.16986	0.01466	0.54252	0.01863	0.01368	0.01905	0.01165	0.01548	0.00893	0.00509	0.00663	0.00194	0.00920	0.00646	0.00297	0.00818
9	0.01464	0.01405	0.02400	0.03630	0.75528	0.01405	0.01815	0.01815	0.01347	0.01932	0.01112	0.01464	0.00937	0.00527	0.00585	0.00176	0.00703	0.00527	0.00293	0.00937
10	0.00721	0.00515	0.00686	0.00823	0.00858	0.00480	0.00549	0.00823	0.01132	0.01510	0.03259	0.78831	0.03911	0.01853	0.00755	0.00240	0.00343	0.01681	0.00549	0.00480
11	0.00721	0.00515	0.00686	0.00823	0.00858	0.00480	0.00549	0.00823	0.01132	0.01510	0.03259	0.78831	0.03911	0.01853	0.00755	0.00240	0.00343	0.01681	0.00549	0.00480
12	0.01464	0.01405	0.02400	0.03630	0.75528	0.01405	0.01815	0.01815	0.01347	0.01932	0.01112	0.01464	0.00937	0.00527	0.00585	0.00176	0.00703	0.00527	0.00293	0.00937
13	0.01464	0.01405	0.02400	0.03630	0.75528	0.01405	0.01815	0.01815	0.01347	0.01932	0.01112	0.01464	0.00937	0.00527	0.00585	0.00176	0.00703	0.00527	0.00293	0.00937
14	0.00835	0.00603	0.00788	0.00746	0.00883	0.00556	0.00558	0.01110	0.01663	0.02354	0.73786	0.05896	0.05547	0.01222	0.00699	0.00187	0.00280	0.01082	0.00649	0.00556
15	0.01581	0.79572	0.03099	0.01012	0.01518	0.02340	0.01012	0.01771	0.01202	0.01391	0.00822	0.00949	0.00759	0.00506	0.00379	0.00126	0.00632	0.00316	0.00253	0.00759
16	0.00860	0.00573	0.00645	0.00645	0.00645	0.00573	0.00358	0.00860	0.00860	0.01147	0.01863	0.03870	0.02150	0.79217	0.03010	0.00573	0.00573	0.00860	0.00358	0.00358
17	0.00724	0.00590	0.00622	0.00641	0.00801	0.00510	0.00464	0.00857	0.01277	0.01548	0.05212	0.13259	0.58488	0.09310	0.00939	0.00243	0.00338	0.03162	0.00530	0.00484
18	0.02028	0.01732	0.01614	0.01330	0.01720	0.15904	0.01063	0.38387	0.18562	0.05285	0.01574	0.01566	0.01162	0.00719	0.00610	0.00179	0.02498	0.00536	0.02623	0.00909
19	0.01027	0.00514	0.00770	0.00770	0.00770	0.00514	0.00514	0.00770	0.00770	0.01027	0.01027	0.01798	0.01027	0.02054	0.02311	0.82794	0.00514	0.00514	0.00257	0.00257
20	0.01372	0.04838	0.32036	0.02603	0.35692	0.01444	0.07856	0.03789	0.01345	0.01935	0.01097	0.01369	0.00854	0.00543	0.00578	0.00181	0.00792	0.00498	0.00283	0.00896
21	0.01308	0.00905	0.06639	0.00904	0.01178	0.00721	0.00766	0.01649	0.04056	0.19584	0.48566	0.05111	0.04088	0.01048	0.00661	0.00187	0.00384	0.00910	0.00636	0.00698
22	0.01573	0.73655	0.02966	0.01026	0.01519	0.02274	0.01006	0.01874	0.06738	0.01473	0.00942	0.01044	0.00838	0.00528	0.00396	0.00132	0.00620	0.00343	0.00279	0.00772
23	0.02209	0.02819	0.01676	0.01524	0.01828	0.76843	0.01143	0.02361	0.01676	0.01447	0.00914	0.01066	0.00762	0.00609	0.00533	0.00152	0.01066	0.00381	0.00305	0.00686
24	0.09915	0.02560	0.03879	0.01442	0.01786	0.60458	0.01125	0.08826	0.01701	0.01785	0.00956	0.01094	0.00772	0.00611	0.00524	0.00159	0.00964	0.00391	0.00335	0.00716
25	0.11232	0.00702	0.00807	0.00852	0.00973	0.00719	0.00611	0.05604	0.01237	0.01801	0.03043	0.53749	0.10791	0.01551	0.00729	0.00225	0.02960	0.01352	0.00519	0.00542
26	0.01490	0.01563	0.04213	0.02048	0.16111	0.08330	0.09590	0.07244	0.01270	0.01769	0.00959	0.01349	0.00837	0.00799	0.01269	0.00218	0.39357	0.00527	0.00300	0.00758
27	0.01235	0.02991	0.73665	0.01664	0.02525	0.01357	0.02141	0.01906	0.01263	0.04336	0.01104	0.01274	0.00773	0.00568	0.00563	0.00187	0.00862	0.00442	0.00266	0.00878
28	0.01111	0.00977	0.00949	0.00884	0.01070	0.12113	0.00670	0.01412	0.04455	0.04218	0.51644	0.03919	0.10393	0.01124	0.00669	0.00185	0.00419	0.02602	0.00588	0.00599
29	0.01482	0.01374	0.02336	0.07431	0.69533	0.01384	0.01777	0.01832	0.01349	0.04167	0.01146	0.01486	0.00945	0.00537	0.00586	0.00177	0.00701	0.00529	0.00305	0.00924
30	0.00766	0.00602	0.00692	0.00669	0.00840	0.00528	0.00502	0.00978	0.01505	0.01971	0.39420	0.05076	0.41625	0.01358	0.00698	0.00193	0.00290	0.01162	0.00598	0.00528
31	0.00820	0.00592	0.00796	0.00924	0.01013	0.00568	0.00717	0.00998	0.01244	0.01627	0.03372	0.43162	0.08094	0.01736	0.00778	0.00252	0.00427	0.31822	0.00547	0.00509
32	0.01318	0.01262	0.02163	0.34468	0.44247	0.01369	0.03270	0.01690	0.01279	0.01756	0.01089	0.01513	0.00874	0.00553	0.00590	0.00185	0.00745	0.00530	0.00280	0.00817
33	0.01328	0.01267	0.02155	0.32639	0.47579	0.01369	0.01747	0.01696	0.01282	0.01767	0.01088	0.01508	0.00879	0.00552	0.00588	0.00184	0.00736	0.00526	0.00281	0.00827
34	0.00848	0.00623	0.00896	0.00896	0.00983	0.00710	0.00672	0.01021	0.00934	0.01333	0.01634	0.02597	0.01597	0.17691	0.63781	0.00884	0.01405	0.00674	0.00324	0.00498
35	0.03508	0.01200	0.01541	0.07706	0.01644	0.07368	0.05892	0.03197	0.01104	0.01601	0.01151	0.01745	0.01055	0.08471	0.06612	0.02837	0.32573	0.00558	0.09626	0.00611
36	0.00715	0.00593	0.00627	0.00633	0.00813	0.00504	0.00469	0.00875	0.01365	0.01672	0.13121	0.11681	0.61900	0.01497	0.00703	0.00202	0.00301	0.01265	0.00560	0.00504
37	0.01368	0.01518	0.03183	0.09741	0.06970	0.01489	0.59072	0.01830	0.01348	0.01836	0.01157	0.01571	0.00883	0.00536	0.00744	0.00201	0.04814	0.00663	0.00293	0.00784
38	0.01450	0.01391	0.02375	0.06602	0.72664	0.01401	0.01808	0.01803	0.01340	0.01915	0.01110	0.01468	0.00931	0.00529	0.00586	0.00176	0.00706	0.00527	0.00292	0.00926
39	0.01121	0.01051	0.01753	0.74820	0.03970	0.01294	0.01606	0.01510	0.01184	0.01527	0.01051	0.01563	0.00792	0.00585	0.00585	0.00193	0.00775	0.00519	0.00266	0.03835
40	0.01359	0.09229	0.62121	0.01575	0.02374	0.01439	0.01958	0.04858	0.01336	0.06782	0.01140	0.01281	0.00807	0.00574	0.00550	0.00182	0.00820	0.00441	0.00296	0.00879
41	0.01563	0.75659	0.05468	0.01044	0.01553	0.02299	0.01055	0.01768	0.01198	0.01408	0.00829	0.00965	0.00759	0.00517	0.00414	0.00131	0.02034	0.00324	0.00253	0.00761
42	0.00845	0.00634	0.00950	0.00950	0.01056	0.00739	0.00739	0.01056	0.00950	0.01373	0.01584	0.02323	0.01478	0.04435	0.76873	0.00950	0.01584	0.00634	0.00317	0.00528
43	0.01473	0.01237	0.01313	0.01179	0.01508	0.01417	0.00917	0.04730	0.67493	0.03889	0.02490	0.04442	0.03568	0.00845	0.00608	0.00201	0.00466	0.00706	0.00601	0.00916
44	0.01434	0.01312	0.02059	0.02947	0.55903	0.02732	0.01551	0.01888	0.08493	0.04029	0.03130	0.04456	0.03341	0.00688	0.00606	0.00185	0.00643	0.03351	0.00368	0.00884
45	0.00853	0.00631	0.00937	0.00937	0.01044	0.00733	0.00729	0.01066	0.00960	0.01400	0.01595	0.02319	0.01480	0.04314	0.74391	0.00924	0.01542	0.00631	0.02985	0.00529
46	0.02128	0.02665	0.01755	0.01753	0.09842	0.68640	0.01216	0.02302	0.01640	0.01500	0.00936	0.01110	0.00781	0.00600	0.00539	0.00155	0.01027	0.00397	0.00303	0.00713
47	0.01526	0.01363	0.02265	0.03310	0.66358	0.01361	0.01695	0.04363	0.01427	0.05709	0.04045	0.01604	0.01145	0.00570	0.00590	0.00176	0.00674	0.00551	0.00339	0.00928
48	0.00726	0.00524	0.00689	0.00818	0.00865	0.00487	0.00555	0.00836	0.01151	0.01522	0.03412	0.72624	0.07982	0.01826	0.00753	0.00239	0.00346	0.03613	0.00549	0.00483
49	0.02374	0.01455	0.01650	0.01265	0.01733	0.01535	0.01045	0.51662	0.02443	0.26096	0.01703	0.01604	0.01148	0.00717	0.00593	0.00179	0.00605	0.00552	0.00635	0.01006
50	0.01116	0.01038	0.01741	0.75700	0.03981	0.01293	0.01609	0.01507	0.01184	0.01530	0.01075	0.01594	0.00808	0.00594	0.00586	0.00195	0.00774	0.00526	0.02493	0.00654
51	0.01496	0.12084	0.40888	0.01661	0.05868	0.13100	0.03326	0.07391	0.01415	0.01870	0.01027	0.01218	0.00786	0.00595	0.00614	0.00177	0.04927	0.00435	0.00288	0.00831
52	0.00733	0.00600	0.00646	0.00634	0.00819	0.00514	0.00476	0.00914	0.01428	0.01787	0.22902	0.05380	0.58259	0.01427	0.00699	0.00196	0.00295	0.01204	0.00574	0.00514
53	0.01117	0.01051	0.01774	0.77795	0.04073	0.01314	0.01642	0.01511	0.01182	0.01511	0.01051	0.01577	0.00788	0.00591	0.00591	0.00197	0.00788	0.00526	0.00263	0.00657
54	0.01323	0.05206	0.62303	0.01606	0.02387	0.06235	0.01966	0.02010	0.05906	0.03973	0.01166	0.01310	0.00837	0.00583	0.00558	0.00184	0.00843	0.00449	0.00289	0.00866
55	0.00731	0.00527	0.00693	0.00807	0.00858	0.00489	0.00546	0.00852	0.01193	0.01596	0.10269	0.68867	0.06827	0.01777	0.00747	0.00233	0.00335	0.01606	0.00559	0.00489
56	0.14724	0.01014	0.01214	0.00983	0.01369	0.00981	0.00799	0.05209	0.07700	0.44837	0.10392	0.02125	0.01820	0.00762	0.00566	0.00183	0.00466	0.00609	0.03370	0.00878
57	0.03299	0.01868	0.22446	0.31694	0.04424	0.12197	0.03243	0.04040	0.01330	0.01722	0.01301	0.05529	0.03062	0.00676	0.00583	0.00189	0.00806	0.00560	0.00303	0.00728
58	0.01515	0.01387	0.02330	0.05683	0.68927	0.01394	0.01759	0.03671	0.01390	0.04567	0.01161	0.01485	0.00953	0.00541	0.00586	0.00177	0.00697	0.00529	0.00315	0.00933
59	0.00709	0.00597	0.00614	0.00614	0.00806	0.00503	0.00459	0.00866	0.01365	0.01648	0.10605	0.07396	0.68827	0.01487	0.00700	0.00200	0.00299	0.01247	0.00556	0.00503
60	0.01855	0.01308	0.02034	0.02711	0.48745	0.02923	0.01480	0.02196	0.03253	0.25255	0.01524	0.01646	0.01120	0.00600	0.00588	0.00178	0.00642	0.00548	0.00439	0.00953
61	0.03101	0.21716	0.32017	0.04276	0.13599	0.05363	0.01618	0.01945	0.03688	0.05853	0.01111	0.01277	0.00855	0.00563	0.00519	0.00169	0.00751	0.00435	0.00301	0.00843
62	0.00732	0.00544	0.00683	0.00766	0.00849	0.00495	0.00530	0.00869	0.01251	0.01646	0.13694	0.53565	0.18834	0.01691	0.00735	0.00224	0.00325	0.01508	0.00563	0.00495
63	0.01545	0.72630	0.09728	0.01073	0.01612	0.02252	0.01118	0.01780	0.01206	0.01435	0.00844	0.00976	0.00758	0.00511	0.00396	0.00132	0.00654	0.00327	0.00253	0.00769
64	0.04632	0.01408	0.03507	0.01456	0.07850	0.09144	0.08649	0.08460	0.01588	0.25341	0.03011	0.01590	0.01153	0.00609	0.00557	0.00159	0.00633	0.00514	0.00481	0.19260
65	0.01647	0.16490	0.07129	0.05680	0.23783	0.17486	0.01394	0.06095	0.08936	0.01846	0.01150	0.01343	0.00935	0.00600	0.00578	0.00169	0.03116	0.00465	0.00331	0.00828
66	0.01535	0.38061	0.04573	0.01271	0.01594	0.08136	0.01146	0.03462	0.06636	0.01555	0.00954	0.01183	0.00848	0.00714	0.00925	0.00180	0.25775	0.00422	0.00293	0.00739
67	0.01294	0.01262	0.05571	0.01027	0.01518	0.03861	0.02045	0.03812	0.05216	0.01958	0.01201	0.04017	0.01022	0.00550	0.00528	0.00117	0.03085	0.00437	0.00367	0.61111
68	0.00854	0.00573	0.00655	0.00660	0.00664	0.00574	0.00376	0.00864	0.00873	0.01167	0.01910	0.06722	0.02200	0.74202	0.04926	0.00571	0.00592	0.00886	0.00365	0.00368
69	0.01169	0.01105	0.01868	0.66602	0.14857	0.01328	0.01668	0.01557	0.01207	0.01575	0.01060	0.01560	0.00811	0.00582	0.00590	0.00194	0.00775	0.00526	0.00267	0.00699
70	0.04124	0.01108	0.01142	0.01017	0.01321	0.03785	0.00793	0.06397	0.36358	0.08006	0.09370	0.03067	0.19094	0.00973	0.00621	0.00194	0.00446	0.00803	0.00585	0.00792
71	0.01198	0.07683	0.67156	0.01592	0.02406	0.01402	0.02019	0.01853	0.02755	0.01845	0.01264	0.01421	0.03649	0.00599	0.00557	0.00184	0.00828	0.00466	0.00269	0.00854
72	0.01840	0.01262	0.03524	0.01420	0.03200	0.02781	0.16060	0.15947	0.03521	0.22875	0.03706	0.02205	0.01482	0.00745	0.00609	0.00186	0.00626	0.05965	0.11201	0.00844
73	0.02215	0.01607	0.01732	0.01339	0.01803	0.01774	0.01102	0.66390	0.07251	0.06441	0.01517	0.01492	0.01074	0.00717	0.00592	0.00179	0.00634	0.00543	0.00598	0.01001
74	0.06685	0.01041	0.01313	0.01042	0.01455	0.00979	0.00844	0.05050	0.10253	0.56696	0.02205	0.02067	0.01485	0.05235	0.00722	0.00207	0.00505	0.00602	0.00671	0.00941
75	0.01251	0.01129	0.02054	0.04688	0.06261	0.01110	0.28496	0.05692	0.01410	0.04693	0.04090	0.19225	0.02106	0.01032	0.00738	0.00218	0.02515	0.12159	0.00433	0.00701
76	0.00736	0.00530	0.00689	0.00805	0.00855	0.00494	0.00545	0.00846	0.01153	0.01526	0.05132	0.66177	0.08676	0.05671	0.00864	0.00254	0.00356	0.03670	0.00542	0.00479
77	0.00728	0.00520	0.00695	0.00832	0.00870	0.00487	0.00562	0.00837	0.01140	0.01518	0.03255	0.76430	0.03894	0.01845	0.00757	0.00241	0.00350	0.04006	0.00549	0.00482
78	0.01252	0.02856	0.63762	0.01606	0.02370	0.08370	0.01970	0.01853	0.01298	0.01836	0.03599	0.04337	0.01033	0.00638	0.00571	0.00186	0.00852	0.00501	0.00280	0.00831
79	0.01464	0.01405	0.02400	0.03630	0.75528	0.01405	0.01815	0.01815	0.01347	0.01932	0.01112	0.01464	0.00937	0.00527	0.00585	0.00176	0.00703	0.00527	0.00293	0.00937
80	0.00733	0.00516	0.00682	0.00815	0.00852	0.00483	0.00545	0.00842	0.01136	0.01532	0.03216	0.76322	0.03833	0.01815	0.00744	0.00237	0.00341	0.01644	0.03233	0.00483
81	0.00887	0.00694	0.01023	0.00999	0.01092	0.00835	0.00782	0.01086	0.00944	0.01372	0.01515	0.02265	0.01429	0.05948	0.68057	0.00877	0.08718	0.00628	0.00312	0.00535
82	0.01220	0.03867	0.01243	0.01043	0.01305	0.00830	0.07662	0.03415	0.03883	0.12564	0.11165	0.11907	0.20345	0.01242	0.00695	0.00212	0.00477	0.15718	0.00553	0.00653
83	0.00901	0.00656	0.00884	0.01004	0.01127	0.00649	0.00832	0.01171	0.03555	0.01722	0.03299	0.22970	0.07515	0.01651	0.00789	0.00259	0.00482	0.49446	0.00548	0.00539
84	0.81522	0.01155	0.00890	0.00791	0.01160	0.01338	0.00652	0.03395	0.01047	0.02678	0.00837	0.00971	0.00649	0.00553	0.00371	0.00183	0.00462	0.00325	0.00371	0.00649
85	0.00737	0.00533	0.00698	0.00800	0.00859	0.00493	0.00545	0.00870	0.01226	0.01647	0.14476	0.63727	0.07725	0.01736	0.00743	0.00230	0.00331	0.01565	0.00565	0.00493
86	0.00940	0.00718	0.00751	0.00706	0.00942	0.00651	0.00541	0.03347	0.08098	0.06486	0.05294	0.05011	0.61651	0.01362	0.00680	0.00198	0.00338	0.01132	0.00567	0.00587
87	0.03756	0.03818	0.03319	0.04022	0.01633	0.11928	0.00894	0.06685	0.03855	0.06873	0.01173	0.01299	0.00922	0.00527	0.00483	0.00124	0.00579	0.00401	0.00385	0.47323
88	0.01634	0.11016	0.03908	0.01254	0.01628	0.13312	0.01026	0.06733	0.48102	0.02235	0.01888	0.01805	0.01440	0.00724	0.00563	0.00182	0.00603	0.00567	0.00502	0.00878
89	0.01378	0.01396	0.04588	0.17812	0.52022	0.01406	0.06668	0.01750	0.01300	0.01829	0.01093	0.01482	0.00894	0.00555	0.00639	0.00185	0.03321	0.00535	0.00285	0.00861
90	0.01118	0.00641	0.00901	0.03130	0.00999	0.00663	0.00633	0.04698	0.01010	0.03799	0.03461	0.06793	0.03885	0.01796	0.01854	0.57648	0.02873	0.03375	0.00339	0.00385
91	0.01586	0.70383	0.02900	0.01042	0.01527	0.04071	0.01008	0.01913	0.08064	0.01494	0.00973	0.01069	0.00857	0.00536	0.00404	0.00134	0.00628	0.00351	0.00287	0.00774
92	0.00721	0.00515	0.00686	0.00823	0.00858	0.00480	0.00549	0.00823	0.01132	0.01510	0.03259	0.78831	0.03911	0.01853	0.00755	0.00240	0.00343	0.01681	0.00549	0.00480
93	0.01961	0.01913	0.25904	0.01371	0.01958	0.01395	0.01387	0.29800	0.01951	0.21663	0.01593	0.03815	0.01126	0.00701	0.00588	0.00184	0.00676	0.00551	0.00515	0.00947
94	0.01164	0.01112	0.01147	0.01105	0.01262	0.13503	0.03859	0.03135	0.10122	0.01733	0.07433	0.39981	0.02814	0.01435	0.03280	0.00238	0.04436	0.01139	0.00490	0.00610
95	0.01926	0.00868	0.01068	0.00888	0.01212	0.00820	0.00711	0.02340	0.09995	0.39781	0.04590	0.02180	0.01656	0.00741	0.00537	0.00170	0.00414	0.00604	0.28670	0.00828
96	0.01754	0.18259	0.11284	0.03863	0.02109	0.07573	0.14019	0.20940	0.06923	0.05793	0.01274	0.01392	0.00956	0.00608	0.00558	0.00172	0.00752	0.00505	0.00402	0.00860
97	0.06688	0.01467	0.02062	0.07162	0.49175	0.10029	0.03184	0.01833	0.01345	0.04460	0.01207	0.04062	0.01043	0.03011	0.00649	0.00190	0.00718	0.00552	0.00323	0.00839
98	0.00839	0.00624	0.00785	0.00752	0.00903	0.00580	0.00568	0.01139	0.03832	0.02231	0.59622	0.06392	0.14649	0.01265	0.00700	0.00192	0.00298	0.03441	0.00630	0.00559
99	0.01873	0.03799	0.01605	0.01289	0.01689	0.08527	0.01034	0.33435	0.33441	0.02881	0.01775	0.01709	0.01318	0.00730	0.00582	0.00182	0.00606	0.00568	0.00556	0.02401
100	0.04947	0.01010	0.01358	0.01044	0.01499	0.00882	0.00863	0.02850	0.01673	0.73855	0.02290	0.01983	0.01441	0.00727	0.00588	0.00183	0.00502	0.00587	0.00722	0.00996
101	0.02215	0.01700	0.04061	0.01371	0.01856	0.01820	0.01157	0.71352	0.02733	0.03670	0.01409	0.01415	0.00998	0.00705	0.00591	0.00178	0.00658	0.00530	0.00581	0.01002
102	0.01895	0.01419	0.01452	0.01175	0.01522	0.06422	0.00952	0.43842	0.03928	0.04324	0.01513	0.01611	0.01129	0.00720	0.00626	0.00172	0.05247	0.00531	0.20671	0.00850
103	0.00860	0.00573	0.00645	0.00645	0.00645	0.00573	0.00358	0.00860	0.00860	0.01147	0.01863	0.03870	0.02150	0.79217	0.03010	0.00573	0.00573	0.00860	0.00358	0.00358
104	0.01102	0.00551	0.00551	0.00551	0.00689	0.00551	0.00413	0.01378	0.01240	0.02205	0.01929	0.02205	0.01516	0.00689	0.00413	0.00138	0.00276	0.00551	0.82500	0.00551
105	0.01129	0.01064	0.01796	0.75188	0.06585	0.01317	0.01648	0.01522	0.01188	0.01526	0.01053	0.01573	0.00794	0.00589	0.00591	0.00196	0.00785	0.00526	0.00264	0.00667
106	0.01117	0.01051	0.01774	0.77795	0.04073	0.01314	0.01642	0.01511	0.01182	0.01511	0.01051	0.01577	0.00788	0.00591	0.00591	0.00197	0.00788	0.00526	0.00263	0.00657
107	0.01117	0.01051	0.01774	0.77795	0.04073	0.01314	0.01642	0.01511	0.01182	0.01511	0.01051	0.01577	0.00788	0.00591	0.00591	0.00197	0.00788	0.00526	0.00263	0.00657
108	0.00721	0.00515	0.00686	0.00823	0.00858	0.00480	0.00549	0.00823	0.01132	0.01510	0.03259	0.78831	0.03911	0.01853	0.00755	0.00240	0.00343	0.01681	0.00549	0.00480
109	0.01280	0.01049	0.01232	0.00883	0.01406	0.00791	0.00707	0.01542	0.01244	0.04724	0.01100	0.01256	0.00898	0.00449	0.00444	0.00091	0.00440	0.00360	0.00365	0.79739
110	0.00876	0.00609	0.00792	0.00747	0.00882	0.00564	0.00552	0.01131	0.01609	0.03915	0.67012	0.06414	0.05228	0.06065	0.00841	0.00212	0.00304	0.01063	0.00632	0.00553
111	0.00817	0.00607	0.00766	0.00759	0.00904	0.00556	0.00581	0.01060	0.01545	0.02104	0.49500	0.09108	0.18836	0.01350	0.00715	0.00201	0.00317	0.09122	0.00613	0.00541
112	0.00928	0.00663	0.00923	0.01048	0.01176	0.00658	0.00898	0.01188	0.01363	0.01788	0.07621	0.11984	0.03577	0.01624	0.00805	0.00264	0.00513	0.61886	0.00552	0.00541
113	0.00846	0.00619	0.00797	0.00757	0.00899	0.00579	0.00566	0.01153	0.03708	0.02316	0.68133	0.07924	0.06996	0.01235	0.00698	0.00189	0.00288	0.01091	0.00642	0.00564
114	0.01222	0.01159	0.01964	0.55271	0.25774	0.01342	0.01695	0.01603	0.01232	0.01639	0.01070	0.01542	0.00833	0.00572	0.00589	0.00191	0.00762	0.00526	0.00272	0.00742
115	0.01951	0.02078	0.01519	0.01345	0.01653	0.41929	0.01027	0.19681	0.06018	0.02098	0.01457	0.11260	0.01310	0.00808	0.00576	0.00172	0.00813	0.00607	0.02950	0.00748
116	0.01404	0.01346	0.02285	0.15176	0.62147	0.01403	0.01772	0.01756	0.01308	0.01851	0.01093	0.01476	0.00909	0.00552	0.00627	0.00181	0.03015	0.00526	0.00287	0.00884
117	0.00931	0.00665	0.00927	0.01064	0.01190	0.00661	0.00914	0.01187	0.01339	0.01745	0.03143	0.13603	0.03452	0.01655	0.00811	0.00269	0.00525	0.64835	0.00545	0.00538
118	0.02131	0.01397	0.01549	0.01206	0.01634	0.01489	0.00990	0.51396	0.02402	0.16059	0.04256	0.01898	0.05434	0.00773	0.00593	0.00178	0.00575	0.00602	0.04497	0.00941
119	0.03160	0.02546	0.50997	0.03737	0.02606	0.03691	0.17530	0.01863	0.01285	0.01876	0.01080	0.01319	0.00786	0.00544	0.00581	0.00184	0.00875	0.00488	0.00270	0.04583
120	0.04639	0.02072	0.01607	0.01395	0.01728	0.36467	0.01086	0.18673	0.17614	0.02227	0.01341	0.01404	0.01040	0.00698	0.00641	0.00176	0.05466	0.00484	0.00434	0.00809
121	0.00733	0.00570	0.00668	0.00718	0.00845	0.00506	0.00517	0.00887	0.01312	0.01675	0.14296	0.33046	0.36835	0.01596	0.00723	0.00215	0.00320	0.03474	0.00563	0.00501
122	0.03945	0.01384	0.02205	0.06807	0.58302	0.01433	0.01663	0.09374	0.01471	0.02107	0.01180	0.01587	0.00991	0.00592	0.00617	0.00182	0.02476	0.02447	0.00331	0.00904
123	0.08096	0.03403	0.08472	0.01230	0.01516	0.12149	0.02806	0.02873	0.03786	0.06444	0.04297	0.06500	0.05360	0.01059	0.00793	0.00215	0.09570	0.20320	0.00438	0.00673
124	0.02653	0.01006	0.01372	0.01052	0.01510	0.00869	0.00869	0.02882	0.01693	0.75937	0.02333	0.02013	0.01464	0.00732	0.00595	0.00183	0.00503	0.00595	0.00732	0.01006
125	0.01494	0.01276	0.01344	0.01199	0.01537	0.01469	0.00935	0.06612	0.69375	0.02518	0.02431	0.02239	0.03277	0.00812	0.00603	0.00199	0.00474	0.00674	0.00600	0.00931
126	0.01510	0.14232	0.05052	0.02636	0.37643	0.03407	0.16732	0.01947	0.05646	0.03845	0.01185	0.01449	0.00954	0.00542	0.00575	0.00174	0.00749	0.00532	0.00316	0.00872
127	0.00776	0.00544	0.00697	0.00799	0.00832	0.00521	0.00532	0.00866	0.01080	0.01436	0.02885	0.53347	0.03410	0.22029	0.01349	0.00330	0.00420	0.07195	0.00499	0.00454
128	0.00731	0.00600	0.00644	0.00633	0.00819	0.00513	0.00475	0.00912	0.01425	0.01780	0.22300	0.05391	0.58864	0.01430	0.00699	0.00196	0.00295	0.01206	0.00573	0.00513
129	0.01205	0.02930	0.69764	0.01756	0.02606	0.01384	0.08444	0.01875	0.01262	0.01875	0.01073	0.01279	0.00762	0.00556	0.00574	0.00188	0.00885	0.00460	0.00254	0.00867
130	0.01415	0.01576	0.05152	0.02299	0.02819	0.01516	0.59462	0.01860	0.01334	0.04088	0.01170	0.01558	0.00894	0.00580	0.00860	0.00207	0.11456	0.00663	0.00305	0.00786
131	0.81590	0.01141	0.00880	0.00784	0.01152	0.01316	0.00646	0.01764	0.01022	0.04291	0.00857	0.00984	0.00659	0.00553	0.00371	0.00183	0.00458	0.00326	0.00374	0.00649
132	0.01294	0.01294	0.01811	0.01553	0.01553	0.01811	0.01294	0.01423	0.00906	0.01423	0.00776	0.01294	0.00776	0.01035	0.01941	0.00259	0.78134	0.00518	0.00259	0.00647
133	0.00827	0.00604	0.00777	0.00734	0.00877	0.00554	0.00550	0.01097	0.01651	0.02316	0.70291	0.04508	0.10539	0.01230	0.00698	0.00187	0.00280	0.01082	0.00644	0.00554
134	0.01117	0.01051	0.01774	0.77795	0.04073	0.01314	0.01642	0.01511	0.01182	0.01511	0.01051	0.01577	0.00788	0.00591	0.00591	0.00197	0.00788	0.00526	0.00263	0.00657
135	0.00817	0.00604	0.00763	0.00723	0.00871	0.00549	0.00542	0.01077	0.01627	0.02259	0.65140	0.04603	0.15726	0.01251	0.00698	0.00188	0.00282	0.01095	0.00636	0.00549
136	0.83394	0.01144	0.00869	0.00778	0.01144	0.01327	0.00640	0.01738	0.01006	0.02653	0.00823	0.00961	0.00640	0.00549	0.00366	0.00183	0.00457	0.00320	0.00366	0.00640
137	0.01335	0.01018	0.01183	0.00927	0.01352	0.00888	0.00734	0.01863	0.15423	0.08813	0.09938	0.02052	0.05114	0.00671	0.00525	0.00134	0.00425	0.00556	0.00476	0.46572
138	0.01268	0.17387	0.59614	0.01590	0.02384	0.01560	0.04713	0.01854	0.01245	0.01783	0.01022	0.01206	0.00757	0.00549	0.00533	0.00176	0.00833	0.00424	0.00252	0.00849
139	0.00825	0.00593	0.00768	0.00811	0.00927	0.00555	0.00615	0.01043	0.01425	0.01950	0.33405	0.24788	0.10942	0.01470	0.00726	0.00216	0.00348	0.14593	0.03472	0.00529
140	0.00793	0.00603	0.00730	0.00698	0.00857	0.00539	0.00523	0.01031	0.01570	0.02126	0.53236	0.04822	0.27713	0.01301	0.00698	0.00190	0.00286	0.01126	0.00619	0.00539
141	0.01464	0.01395	0.02322	0.03451	0.70065	0.01410	0.01750	0.01913	0.06744	0.01972	0.01208	0.01518	0.01001	0.00547	0.00587	0.00177	0.00685	0.00537	0.00316	0.00937
142	0.01577	0.76549	0.03031	0.01019	0.01519	0.02306	0.01009	0.01824	0.04030	0.01433	0.00883	0.00997	0.00799	0.00517	0.00388	0.00129	0.00626	0.00330	0.00266	0.00766
143	0.01226	0.01051	0.01226	0.00876	0.01401	0.00788	0.00701	0.01489	0.01226	0.01927	0.01051	0.01226	0.00876	0.00438	0.00438	0.00088	0.00438	0.00350	0.00350	0.82832
144	0.02638	0.01032	0.01388	0.01064	0.01522	0.00906	0.00879	0.05611	0.01735	0.73149	0.02298	0.01990	0.01446	0.00731	0.00595	0.00183	0.00509	0.00592	0.00727	0.01006
145	0.00848	0.00571	0.00664	0.00675	0.00683	0.00574	0.00393	0.00867	0.00887	0.01188	0.01966	0.10077	0.02264	0.68995	0.06510	0.00564	0.00605	0.00918	0.00372	0.00377
146	0.00721	0.00515	0.00686	0.00823	0.00858	0.00480	0.00549	0.00823	0.01132	0.01510	0.03259	0.78831	0.03911	0.01853	0.00755	0.00240	0.00343	0.01681	0.00549	0.00480
147	0.00827	0.00602	0.00778	0.00739	0.00879	0.00553	0.00552	0.01096	0.01645	0.02313	0.70064	0.06232	0.09023	0.01239	0.00699	0.00188	0.00282	0.01093	0.00644	0.00553
148	0.01724	0.01433	0.01479	0.01240	0.01631	0.04372	0.00985	0.25115	0.43660	0.02788	0.01938	0.01842	0.01444	0.00738	0.00584	0.00183	0.00546	0.00591	0.00568	0.07138
149	0.01127	0.01062	0.01793	0.75529	0.06257	0.01317	0.01648	0.01520	0.01188	0.01524	0.01053	0.01573	0.00793	0.00589	0.00591	0.00196	0.00786	0.00526	0.00264	0.00665

[dist]
# distance from previous block
# <min> <max>
0	8

[block]
# block no. 1 follows, 39 sequences, length 26
# corresponding to MSA columns:
# 192-217
name=unknown_B
#
# <colnr> <probs for GDERKNQSTAVLIFYWHMCP>
#	G	D	E	R	K	N	Q	S	T	A	V	L	I	F	Y	W	H	M	C	P
0	0.05429	0.02065	0.01531	0.01361	0.01680	0.40229	0.01048	0.07914	0.21574	0.04608	0.01421	0.01475	0.01105	0.00786	0.02618	0.00194	0.03269	0.00487	0.00424	0.00782
1	0.00787	0.00584	0.00791	0.00904	0.00950	0.00588	0.00649	0.00914	0.01150	0.01540	0.03092	0.64307	0.03652	0.01773	0.00835	0.00246	0.05080	0.11128	0.00531	0.00499
2	0.01200	0.02964	0.71447	0.01738	0.02594	0.01381	0.06796	0.01874	0.01258	0.01874	0.01070	0.01271	0.00759	0.00558	0.00571	0.00188	0.00882	0.00454	0.00253	0.00869
3	0.01581	0.79572	0.03099	0.01012	0.01518	0.02340	0.01012	0.01771	0.01202	0.01391	0.00822	0.00949	0.00759	0.00506	0.00379	0.00126	0.00632	0.00316	0.00253	0.00759
4	0.00860	0.00573	0.00645	0.00645	0.00645	0.00573	0.00358	0.00860	0.00860	0.01147	0.01863	0.03870	0.02150	0.79217	0.03010	0.00573	0.00573	0.00860	0.00358	0.00358
5	0.00803	0.00598	0.00747	0.00722	0.00866	0.00542	0.00537	0.01046	0.01577	0.02169	0.57412	0.09479	0.18707	0.01306	0.00701	0.00192	0.00287	0.01143	0.00625	0.00542
6	0.01471	0.01270	0.01337	0.01203	0.01538	0.01471	0.00936	0.03142	0.74459	0.02474	0.02407	0.02206	0.01805	0.00802	0.00602	0.00201	0.00468	0.00669	0.00602	0.00936
7	0.01027	0.00514	0.00770	0.00770	0.00770	0.00514	0.00514	0.00770	0.00770	0.01027	0.01027	0.01798	0.01027	0.02054	0.02311	0.82794	0.00514	0.00514	0.00257	0.00257
8	0.00921	0.00653	0.00827	0.00770	0.00934	0.00614	0.00582	0.01266	0.05585	0.04675	0.64960	0.04295	0.09277	0.01189	0.00689	0.00187	0.00298	0.01043	0.00645	0.00589
9	0.01637	0.72780	0.02973	0.01057	0.01545	0.08933	0.01023	0.01823	0.01244	0.01396	0.00830	0.00959	0.00759	0.00515	0.00393	0.00129	0.00671	0.00322	0.00258	0.00752
10	0.19961	0.01436	0.01466	0.01223	0.01614	0.04917	0.04028	0.22956	0.31152	0.02803	0.01653	0.01626	0.01231	0.00698	0.00547	0.00188	0.00568	0.00540	0.00520	0.00873
11	0.02248	0.01656	0.01775	0.01361	0.01834	0.01834	0.01124	0.73556	0.02780	0.03727	0.01420	0.01420	0.01006	0.00710	0.00592	0.00177	0.00651	0.00532	0.00592	0.01006
12	0.02117	0.01190	0.01812	0.04244	0.31519	0.01129	0.01281	0.04657	0.01573	0.41646	0.01775	0.01760	0.01217	0.00644	0.00591	0.00180	0.00596	0.00563	0.00537	0.00968
13	0.00709	0.00598	0.00607	0.00606	0.00797	0.00504	0.00450	0.00859	0.01344	0.01610	0.08326	0.05586	0.70396	0.04041	0.00775	0.00211	0.00308	0.01229	0.00547	0.00497
14	0.01255	0.01204	0.02076	0.47481	0.30167	0.01355	0.04742	0.01638	0.01252	0.01681	0.01080	0.01536	0.00847	0.00564	0.00594	0.00189	0.00766	0.00533	0.00275	0.00765
15	0.01398	0.01542	0.08108	0.09453	0.47704	0.01416	0.18001	0.01812	0.01337	0.01884	0.01122	0.01487	0.00901	0.00529	0.00610	0.00184	0.00789	0.00559	0.00288	0.00877
16	0.01294	0.01294	0.01811	0.01553	0.01553	0.01811	0.01294	0.01423	0.00906	0.01423	0.00776	0.01294	0.00776	0.01035	0.01941	0.00259	0.78134	0.00518	0.00259	0.00647
17	0.00798	0.00599	0.00739	0.00712	0.00862	0.00540	0.00531	0.01038	0.01572	0.02146	0.55288	0.07878	0.22510	0.01307	0.00700	0.00192	0.00287	0.01139	0.00622	0.00540
18	0.00789	0.00564	0.00765	0.00902	0.00967	0.00540	0.00669	0.00943	0.01200	0.01587	0.03221	0.57422	0.03761	0.01788	0.00773	0.00250	0.00403	0.22409	0.00548	0.00499
19	0.01354	0.02657	0.54796	0.05909	0.05584	0.07511	0.01916	0.05538	0.01386	0.03664	0.03536	0.01392	0.00949	0.00599	0.00569	0.00184	0.00838	0.00470	0.00299	0.00849
20	0.00845	0.00634	0.00950	0.00950	0.01056	0.00739	0.00739	0.01056	0.00950	0.01373	0.01584	0.02323	0.01478	0.04435	0.76873	0.00950	0.01584	0.00634	0.00317	0.00528
21	0.02149	0.02790	0.06188	0.01527	0.01873	0.69505	0.01205	0.04960	0.01691	0.01557	0.00942	0.01091	0.00770	0.00610	0.00537	0.00155	0.01039	0.00390	0.00312	0.00709
22	0.13666	0.43735	0.12797	0.01162	0.01664	0.15199	0.01145	0.01885	0.01263	0.01655	0.00872	0.01013	0.00741	0.00538	0.00430	0.00148	0.00717	0.00345	0.00278	0.00745
23	0.01173	0.01075	0.07581	0.01141	0.01402	0.04936	0.04049	0.01537	0.06100	0.07746	0.02963	0.14271	0.10493	0.01324	0.00722	0.00231	0.00560	0.31539	0.00515	0.00641
24	0.01105	0.05003	0.04007	0.46382	0.09280	0.01199	0.01386	0.01463	0.01288	0.01719	0.15955	0.02127	0.01790	0.00869	0.03859	0.00221	0.00708	0.00626	0.00345	0.00668
25	0.01656	0.60067	0.04611	0.02987	0.01650	0.07019	0.01071	0.09782	0.01403	0.01670	0.00926	0.01067	0.00805	0.00638	0.02361	0.00158	0.00697	0.00361	0.00296	0.00776

[dist]
# distance from previous block
# <min> <max>
0	56

# created by:
# /home/cegg/simao/soft/augustus-3.2.1/scripts/msa2prfl.pl ./align_prep/EOG090W0ASF.fa
