[name]
unknown

[dist]
# distance from previous block
# <min> <max>
63	782

[block]
# block no. 0 follows, 28 sequences, length 14
# corresponding to MSA columns:
# 1114-1127
name=unknown_A
#
# <colnr> <probs for GDERKNQSTAVLIFYWHMCP>
#	G	D	E	R	K	N	Q	S	T	A	V	L	I	F	Y	W	H	M	C	P
0	0.07517	0.01949	0.07680	0.05329	0.23821	0.08010	0.04676	0.09806	0.06343	0.02640	0.01526	0.03620	0.01245	0.00740	0.00680	0.00206	0.00835	0.00632	0.00449	0.12293
1	0.01759	0.08341	0.04400	0.12919	0.14241	0.01653	0.03105	0.07274	0.14753	0.05662	0.06998	0.04320	0.01872	0.00852	0.00703	0.00214	0.00730	0.00733	0.00524	0.08948
2	0.07875	0.01894	0.04537	0.02730	0.30960	0.09454	0.01642	0.10040	0.06839	0.05776	0.01775	0.01966	0.03928	0.00765	0.00686	0.00210	0.00813	0.00641	0.00480	0.06990
3	0.01817	0.01648	0.02282	0.04736	0.30593	0.05357	0.04167	0.04219	0.12576	0.05078	0.01955	0.02292	0.03767	0.00792	0.00710	0.00209	0.00771	0.02748	0.00485	0.13798
4	0.01929	0.11227	0.01978	0.01473	0.06180	0.12360	0.01107	0.06486	0.01738	0.06476	0.01452	0.01707	0.01194	0.02806	0.03048	0.00202	0.00777	0.00517	0.03553	0.33790
5	0.04573	0.05214	0.09407	0.01956	0.16528	0.01412	0.01376	0.07190	0.09453	0.02719	0.21224	0.07804	0.05952	0.01102	0.00755	0.00229	0.00636	0.00952	0.00585	0.00933
6	0.01765	0.01693	0.02890	0.09842	0.64802	0.01718	0.02214	0.02201	0.01639	0.02334	0.01361	0.01810	0.01137	0.00654	0.00720	0.00218	0.00872	0.00648	0.00357	0.01124
7	0.00899	0.00659	0.00844	0.00964	0.01048	0.00605	0.00660	0.01058	0.01505	0.01994	0.12142	0.56995	0.13702	0.02126	0.00910	0.00281	0.00405	0.01907	0.00690	0.00605
8	0.03100	0.01188	0.01627	0.01265	0.01782	0.01033	0.01033	0.03333	0.01989	0.64828	0.02738	0.02453	0.01756	0.01031	0.00902	0.06586	0.00620	0.00723	0.00852	0.01163
9	0.01507	0.01292	0.01507	0.01077	0.01723	0.00969	0.00861	0.01830	0.01507	0.02369	0.01292	0.01507	0.01077	0.00538	0.00538	0.00108	0.00538	0.00431	0.00431	0.78898
10	0.00917	0.00676	0.00839	0.00926	0.01024	0.00619	0.00634	0.01079	0.01521	0.02008	0.14865	0.44598	0.17494	0.07907	0.01128	0.00308	0.00422	0.01763	0.00676	0.00598
11	0.01057	0.00705	0.00793	0.00793	0.00793	0.00705	0.00440	0.01057	0.01057	0.01409	0.02290	0.04757	0.02643	0.74454	0.03700	0.00705	0.00705	0.01057	0.00440	0.00440
12	0.01444	0.01221	0.01541	0.01454	0.04294	0.04387	0.06310	0.02205	0.19229	0.04873	0.21782	0.15414	0.07651	0.01368	0.00825	0.00248	0.00576	0.03639	0.00683	0.00855
13	0.01671	0.01487	0.02413	0.19502	0.40290	0.01553	0.01880	0.02145	0.04672	0.04810	0.01629	0.04809	0.01402	0.04785	0.00887	0.00250	0.00828	0.00727	0.00409	0.03854

[dist]
# distance from previous block
# <min> <max>
1	8

[block]
# block no. 1 follows, 28 sequences, length 30
# corresponding to MSA columns:
# 1136-1147,1149-1166
name=unknown_B
#
# <colnr> <probs for GDERKNQSTAVLIFYWHMCP>
#	G	D	E	R	K	N	Q	S	T	A	V	L	I	F	Y	W	H	M	C	P
0	0.01794	0.01408	0.01910	0.17953	0.05741	0.01347	0.03811	0.10413	0.01812	0.08702	0.01724	0.01955	0.03631	0.00713	0.00656	0.00179	0.00714	0.00603	0.00490	0.34445
1	0.02057	0.01665	0.02448	0.11359	0.29190	0.05121	0.05994	0.09948	0.01908	0.12509	0.03204	0.01999	0.01370	0.00898	0.03093	0.00248	0.00887	0.00674	0.00493	0.04932
2	0.01375	0.01316	0.06947	0.01328	0.01775	0.01029	0.07007	0.01836	0.06471	0.04832	0.09238	0.21406	0.05034	0.01201	0.00747	0.00211	0.00593	0.01075	0.00565	0.26014
3	0.02225	0.47524	0.03139	0.01422	0.01987	0.14396	0.01283	0.11770	0.04320	0.04115	0.01258	0.01367	0.01048	0.00701	0.00553	0.00175	0.00860	0.00466	0.00414	0.00977
4	0.01699	0.01336	0.04969	0.03707	0.05266	0.01030	0.01063	0.02042	0.01645	0.12736	0.07925	0.06628	0.01942	0.00809	0.00644	0.00164	0.00583	0.00684	0.00538	0.44588
5	0.04245	0.05330	0.23590	0.01596	0.04123	0.01430	0.01582	0.07582	0.03558	0.25069	0.12250	0.02463	0.02173	0.00897	0.00718	0.00224	0.00746	0.00728	0.00626	0.01071
6	0.01705	0.01272	0.06514	0.01515	0.08456	0.01083	0.01137	0.02270	0.10193	0.17364	0.23755	0.06684	0.09899	0.01238	0.00798	0.00237	0.00557	0.03682	0.00712	0.00928
7	0.01221	0.01165	0.07513	0.01417	0.07574	0.00945	0.01048	0.04047	0.04432	0.04221	0.13889	0.29411	0.15493	0.01637	0.00845	0.00257	0.00532	0.02939	0.00643	0.00772
8	0.02090	0.02009	0.18627	0.11387	0.23237	0.01515	0.01930	0.02650	0.04466	0.22125	0.01845	0.01987	0.01306	0.00755	0.00718	0.00226	0.00844	0.00652	0.00515	0.01115
9	0.03129	0.01267	0.01683	0.01310	0.01859	0.01136	0.01076	0.03572	0.08141	0.64284	0.02876	0.02496	0.01838	0.00908	0.00732	0.00227	0.00615	0.00739	0.00885	0.01229
10	0.01562	0.01442	0.02363	0.52069	0.20187	0.01682	0.02029	0.06099	0.01625	0.02152	0.01338	0.01893	0.01029	0.00717	0.00725	0.00234	0.00933	0.00647	0.00357	0.00916
11	0.01540	0.01486	0.02676	0.27048	0.14563	0.01620	0.18926	0.02001	0.01543	0.02150	0.01547	0.02272	0.01274	0.00805	0.00896	0.00243	0.07146	0.03896	0.07479	0.00890
12	0.01873	0.05607	0.09565	0.01821	0.08430	0.14274	0.04694	0.08051	0.01829	0.08943	0.02326	0.24723	0.02309	0.01233	0.00767	0.00237	0.00813	0.01061	0.00541	0.00904
13	0.01057	0.00705	0.00793	0.00793	0.00793	0.00705	0.00440	0.01057	0.01057	0.01409	0.02290	0.04757	0.02643	0.74454	0.03700	0.00705	0.00705	0.01057	0.00440	0.00440
14	0.00901	0.00639	0.00839	0.00992	0.01030	0.00601	0.00653	0.01016	0.01361	0.01815	0.03850	0.67673	0.04610	0.08853	0.01180	0.00333	0.00448	0.01975	0.00653	0.00577
15	0.01624	0.01759	0.06128	0.02449	0.10667	0.05172	0.23751	0.03885	0.01623	0.02203	0.01900	0.08207	0.01818	0.01096	0.01130	0.00268	0.14340	0.10649	0.00435	0.00895
16	0.02650	0.01969	0.02121	0.01619	0.02206	0.02138	0.01335	0.61560	0.03245	0.04381	0.01704	0.01724	0.01222	0.00842	0.00710	0.00208	0.00776	0.00634	0.00700	0.08256
17	0.44576	0.25953	0.05940	0.01335	0.05990	0.02053	0.01135	0.02165	0.01360	0.02637	0.01050	0.01235	0.00866	0.00656	0.00486	0.00202	0.00681	0.00416	0.00390	0.00874
18	0.01073	0.00855	0.00980	0.00970	0.01187	0.00826	0.00729	0.01591	0.12072	0.02400	0.24093	0.15492	0.28749	0.01676	0.00857	0.00252	0.00414	0.04347	0.00721	0.00717
19	0.01564	0.01469	0.01573	0.01226	0.01759	0.08053	0.03639	0.02026	0.07677	0.02342	0.04975	0.02451	0.09839	0.00802	0.00634	0.00156	0.00618	0.00659	0.00496	0.48043
20	0.01970	0.18491	0.32578	0.01744	0.02514	0.15229	0.01887	0.05745	0.01747	0.05955	0.01315	0.01475	0.00999	0.00700	0.00633	0.00199	0.00990	0.00504	0.00381	0.04946
21	0.04504	0.08630	0.02280	0.04050	0.13544	0.15830	0.03945	0.12658	0.07726	0.02602	0.07814	0.02191	0.03967	0.00894	0.00823	0.00219	0.06163	0.00693	0.00498	0.00969
22	0.01478	0.01596	0.06324	0.01317	0.01593	0.15072	0.01061	0.04733	0.06938	0.02198	0.08185	0.28882	0.09897	0.01572	0.00826	0.00255	0.00683	0.06024	0.00604	0.00764
23	0.01940	0.04563	0.02408	0.21412	0.25496	0.14143	0.01797	0.11125	0.01895	0.02384	0.01476	0.05363	0.01253	0.00799	0.00712	0.00220	0.00937	0.00679	0.00417	0.00981
24	0.01889	0.04737	0.02664	0.08582	0.34978	0.06088	0.08451	0.07480	0.01804	0.06147	0.01718	0.08984	0.01516	0.00850	0.00742	0.00225	0.00871	0.00793	0.00447	0.01034
25	0.03370	0.02258	0.15968	0.01915	0.08938	0.15228	0.03984	0.08658	0.03699	0.02384	0.03950	0.04228	0.07079	0.01324	0.07216	0.00304	0.03084	0.00729	0.00454	0.05231
26	0.01620	0.01452	0.04824	0.06647	0.13012	0.04378	0.09740	0.02104	0.05799	0.09042	0.06470	0.04142	0.13942	0.01191	0.00818	0.00250	0.00757	0.12350	0.00565	0.00896
27	0.01791	0.05043	0.31725	0.05244	0.09384	0.10266	0.03566	0.06865	0.05141	0.04975	0.01764	0.06547	0.02801	0.00856	0.00713	0.00226	0.00952	0.00699	0.00429	0.01014
28	0.01771	0.01750	0.05149	0.16820	0.36520	0.05127	0.06302	0.04050	0.01667	0.04733	0.01527	0.05461	0.01296	0.00791	0.00805	0.00231	0.03863	0.00723	0.00396	0.01018
29	0.01564	0.01757	0.08397	0.04901	0.22202	0.01546	0.27695	0.02055	0.01666	0.02324	0.09563	0.04467	0.01977	0.05454	0.00983	0.00264	0.00943	0.00866	0.00423	0.00952

[dist]
# distance from previous block
# <min> <max>
4	10

[block]
# block no. 2 follows, 28 sequences, length 16
# corresponding to MSA columns:
# 1179-1194
name=unknown_C
#
# <colnr> <probs for GDERKNQSTAVLIFYWHMCP>
#	G	D	E	R	K	N	Q	S	T	A	V	L	I	F	Y	W	H	M	C	P
0	0.04240	0.07761	0.09892	0.01706	0.04465	0.10442	0.05972	0.17194	0.04569	0.08746	0.06821	0.06420	0.01829	0.00903	0.00706	0.00213	0.00820	0.00738	0.00556	0.06008
1	0.01393	0.03499	0.05552	0.01228	0.01542	0.01193	0.01025	0.10668	0.08167	0.02441	0.08418	0.10194	0.10272	0.06161	0.17527	0.00482	0.00919	0.05088	0.00576	0.03655
2	0.01514	0.09553	0.17312	0.01356	0.01843	0.10788	0.01300	0.01875	0.01672	0.04605	0.10269	0.14624	0.12966	0.01216	0.00738	0.00221	0.00726	0.01004	0.00519	0.05899
3	0.01394	0.00975	0.01232	0.01089	0.01409	0.00895	0.00849	0.04692	0.01688	0.08190	0.15103	0.11558	0.08676	0.02119	0.14887	0.00401	0.00782	0.04229	0.00605	0.19228
4	0.01056	0.00709	0.00817	0.00817	0.00825	0.00718	0.00470	0.01072	0.01064	0.01427	0.02268	0.04635	0.02590	0.70039	0.08042	0.00734	0.00784	0.01039	0.00437	0.00454
5	0.01490	0.01337	0.01761	0.01291	0.01880	0.01104	0.07080	0.01821	0.01512	0.02301	0.01678	0.01907	0.05468	0.00673	0.00701	0.00142	0.04997	0.00554	0.00434	0.61870
6	0.01572	0.01350	0.01882	0.12724	0.14251	0.01382	0.03365	0.08844	0.10008	0.02625	0.11658	0.08618	0.04453	0.00998	0.00741	0.00217	0.00672	0.00882	0.00549	0.13209
7	0.00962	0.00780	0.00851	0.00846	0.01060	0.00705	0.00623	0.01284	0.05980	0.02184	0.18425	0.12608	0.44824	0.04422	0.00962	0.00264	0.00394	0.01479	0.00694	0.00653
8	0.02434	0.01585	0.01764	0.01393	0.01875	0.01676	0.01136	0.41147	0.02799	0.14458	0.08643	0.02611	0.06058	0.00990	0.00728	0.00217	0.00660	0.00784	0.07944	0.01096
9	0.01590	0.01590	0.02226	0.01908	0.01908	0.02226	0.01590	0.01749	0.01113	0.01749	0.00954	0.01590	0.00954	0.01272	0.02385	0.00318	0.73123	0.00636	0.00318	0.00795
10	0.00967	0.00741	0.00886	0.00850	0.01048	0.00660	0.00637	0.01252	0.01912	0.02570	0.46967	0.05998	0.29643	0.01615	0.00858	0.00235	0.00352	0.01394	0.00755	0.00660
11	0.11472	0.01747	0.02810	0.08281	0.08909	0.04117	0.27803	0.02676	0.17071	0.05133	0.01774	0.02018	0.01335	0.00735	0.00745	0.00237	0.00920	0.00737	0.00480	0.01001
12	0.05538	0.01804	0.03720	0.02681	0.03356	0.01698	0.55662	0.02247	0.01667	0.02405	0.01506	0.01955	0.01143	0.00630	0.00795	0.00232	0.01092	0.00800	0.06197	0.04872
13	0.01449	0.01542	0.06980	0.08065	0.10780	0.08023	0.05556	0.04004	0.04961	0.02158	0.02800	0.27106	0.05805	0.01406	0.00821	0.00258	0.00751	0.06181	0.00531	0.00824
14	0.02070	0.09514	0.08134	0.05280	0.02469	0.15704	0.11153	0.12542	0.05705	0.05137	0.03385	0.01830	0.01330	0.00753	0.00679	0.00201	0.00915	0.00621	0.04235	0.08342
15	0.09571	0.10333	0.07472	0.01483	0.03928	0.08928	0.02961	0.07422	0.09380	0.08925	0.02161	0.07342	0.04791	0.05900	0.03451	0.00283	0.00800	0.00764	0.00530	0.03575

[dist]
# distance from previous block
# <min> <max>
31	86

[block]
# block no. 3 follows, 28 sequences, length 32
# corresponding to MSA columns:
# 1334-1365
name=unknown_D
#
# <colnr> <probs for GDERKNQSTAVLIFYWHMCP>
#	G	D	E	R	K	N	Q	S	T	A	V	L	I	F	Y	W	H	M	C	P
0	0.05843	0.04739	0.19600	0.04885	0.17708	0.01653	0.01763	0.07049	0.13120	0.05560	0.02088	0.06913	0.04147	0.00902	0.00713	0.00231	0.00789	0.00760	0.00495	0.01043
1	0.01154	0.00848	0.01063	0.01153	0.05809	0.00791	0.00762	0.03718	0.01716	0.04864	0.20704	0.18953	0.23926	0.09829	0.01172	0.00299	0.00470	0.01409	0.00668	0.00691
2	0.00929	0.00686	0.00883	0.00958	0.01069	0.00640	0.00676	0.01129	0.01586	0.02132	0.21202	0.41886	0.14401	0.02229	0.05746	0.00331	0.00498	0.01709	0.00687	0.00622
3	0.02089	0.06751	0.02470	0.12648	0.18852	0.05280	0.05994	0.16783	0.07537	0.08618	0.01779	0.04872	0.01410	0.00827	0.00722	0.00223	0.00842	0.00716	0.00524	0.01063
4	0.01812	0.10144	0.25773	0.07238	0.10728	0.09192	0.01871	0.03812	0.03502	0.07091	0.01695	0.04741	0.02794	0.00829	0.00740	0.00221	0.03359	0.00652	0.02815	0.00990
5	0.00952	0.00725	0.00818	0.00835	0.01026	0.00641	0.00624	0.01068	0.01520	0.01854	0.05860	0.08235	0.49900	0.02101	0.03658	0.12762	0.00488	0.05755	0.00608	0.00571
6	0.01712	0.07673	0.22345	0.03332	0.41029	0.01806	0.02213	0.02361	0.06278	0.02352	0.01434	0.01740	0.01144	0.00682	0.00694	0.00218	0.00898	0.00609	0.00368	0.01113
7	0.01960	0.07275	0.12553	0.01979	0.07886	0.08797	0.10987	0.10025	0.04970	0.08732	0.04283	0.08143	0.01709	0.00886	0.00723	0.00217	0.00863	0.00772	0.00510	0.06731
8	0.01816	0.09859	0.11944	0.10580	0.16955	0.04035	0.04976	0.06391	0.01667	0.07807	0.01585	0.04604	0.01334	0.04030	0.03772	0.00284	0.06273	0.00690	0.00425	0.00974
9	0.01424	0.01344	0.06192	0.03515	0.01434	0.10816	0.00912	0.01691	0.01421	0.02020	0.01976	0.02888	0.01798	0.18235	0.15752	0.00502	0.00961	0.00742	0.25701	0.00675
10	0.01847	0.06502	0.11348	0.01522	0.02198	0.01599	0.05827	0.16844	0.07084	0.02863	0.01517	0.01666	0.01172	0.00679	0.00634	0.00172	0.00734	0.00552	0.00492	0.34747
11	0.05055	0.16413	0.07472	0.09026	0.08619	0.18423	0.01565	0.06780	0.01714	0.02136	0.01379	0.01663	0.03237	0.00818	0.00876	0.00214	0.10977	0.00560	0.00382	0.02692
12	0.01298	0.05976	0.01196	0.00980	0.01154	0.00948	0.00710	0.01546	0.04554	0.07426	0.13446	0.08979	0.08061	0.28308	0.11804	0.00534	0.00770	0.01079	0.00566	0.00664
13	0.01774	0.01550	0.01993	0.12092	0.05231	0.06113	0.06487	0.04680	0.01660	0.07060	0.01412	0.01686	0.01108	0.00659	0.00702	0.00169	0.03631	0.00546	0.00443	0.41005
14	0.01469	0.04246	0.01537	0.01517	0.09631	0.04488	0.01033	0.07171	0.12657	0.02732	0.28370	0.04178	0.15559	0.01250	0.00787	0.00227	0.00546	0.01065	0.00670	0.00864
15	0.01252	0.01224	0.05973	0.01398	0.06135	0.06191	0.01031	0.01481	0.01383	0.01808	0.02622	0.09831	0.05657	0.23552	0.16459	0.00583	0.01002	0.11277	0.00476	0.00664
16	0.01489	0.01266	0.02172	0.16889	0.27376	0.01319	0.06399	0.01709	0.01397	0.01912	0.01514	0.06992	0.01398	0.01313	0.01354	0.22776	0.00814	0.00757	0.00362	0.00791
17	0.01694	0.04558	0.09799	0.06928	0.09976	0.01434	0.04065	0.10233	0.08014	0.04755	0.06700	0.02500	0.03787	0.00868	0.00672	0.00211	0.00675	0.00732	0.21461	0.00939
18	0.01403	0.01032	0.01245	0.01132	0.01377	0.01089	0.00850	0.06404	0.12558	0.04997	0.05294	0.03439	0.06823	0.18316	0.24444	0.00632	0.01041	0.00883	0.00542	0.06499
19	0.07323	0.06782	0.06717	0.10174	0.13987	0.12124	0.01435	0.01941	0.01633	0.02157	0.07862	0.05637	0.13014	0.01043	0.00811	0.00227	0.04998	0.00833	0.00455	0.00847
20	0.07327	0.01777	0.02471	0.02070	0.07118	0.05005	0.18962	0.23259	0.07125	0.03084	0.02205	0.08536	0.05803	0.00961	0.00766	0.00235	0.00849	0.00874	0.00563	0.01010
21	0.07074	0.00924	0.01072	0.01073	0.01276	0.00926	0.00798	0.04685	0.06746	0.07721	0.03666	0.27826	0.11586	0.11907	0.01242	0.00333	0.00541	0.09233	0.00650	0.00722
22	0.01322	0.06563	0.01767	0.15424	0.15097	0.03545	0.01269	0.01619	0.01577	0.02043	0.10400	0.08888	0.16225	0.06434	0.04480	0.00310	0.00742	0.01020	0.00494	0.00781
23	0.04247	0.04486	0.18219	0.01983	0.10257	0.04148	0.08094	0.07216	0.01829	0.12313	0.09585	0.07275	0.02130	0.03953	0.00862	0.00248	0.00817	0.00822	0.00531	0.00984
24	0.07823	0.01567	0.02524	0.03697	0.54886	0.01576	0.01913	0.02096	0.01651	0.02461	0.06392	0.02412	0.04022	0.00798	0.00723	0.00223	0.00779	0.02982	0.00420	0.01054
25	0.05060	0.04461	0.09386	0.06071	0.04909	0.04788	0.01351	0.15560	0.06746	0.07636	0.01938	0.07470	0.01652	0.04240	0.12029	0.00389	0.00967	0.00760	0.00531	0.04058
26	0.07755	0.06813	0.10375	0.13224	0.22230	0.01704	0.09420	0.04572	0.04359	0.02331	0.01534	0.04097	0.01313	0.06153	0.00921	0.00261	0.00877	0.00701	0.00398	0.00961
27	0.11128	0.01858	0.12019	0.01808	0.09946	0.06927	0.03286	0.08858	0.01673	0.02454	0.01913	0.09735	0.04274	0.06106	0.04028	0.00298	0.05164	0.00794	0.00459	0.07273
28	0.01658	0.02030	0.17944	0.04751	0.09067	0.09307	0.01559	0.02020	0.01496	0.07064	0.01820	0.04516	0.03451	0.12699	0.06218	0.00370	0.08902	0.00738	0.00419	0.03972
29	0.01539	0.01416	0.04270	0.07381	0.15599	0.01390	0.08470	0.11350	0.01827	0.02472	0.07787	0.09864	0.10763	0.08726	0.01151	0.00288	0.03303	0.01008	0.00521	0.00874
30	0.03954	0.04333	0.10424	0.02043	0.15652	0.03967	0.03757	0.04712	0.03445	0.10788	0.05157	0.07450	0.04517	0.00915	0.00759	0.00212	0.03186	0.00770	0.00512	0.13447
31	0.01659	0.10470	0.06908	0.01856	0.10753	0.09591	0.06663	0.06355	0.03715	0.02334	0.07783	0.11991	0.07634	0.01091	0.00734	0.00220	0.00762	0.02361	0.03147	0.03973

[dist]
# distance from previous block
# <min> <max>
10	46

[block]
# block no. 4 follows, 28 sequences, length 19
# corresponding to MSA columns:
# 1454-1472
name=unknown_E
#
# <colnr> <probs for GDERKNQSTAVLIFYWHMCP>
#	G	D	E	R	K	N	Q	S	T	A	V	L	I	F	Y	W	H	M	C	P
0	0.09112	0.04135	0.16633	0.01689	0.07815	0.01497	0.01468	0.07853	0.06939	0.06089	0.04433	0.02344	0.03602	0.01477	0.10171	0.00347	0.03430	0.02069	0.03317	0.05579
1	0.06531	0.02196	0.10398	0.01964	0.09493	0.15523	0.05721	0.13730	0.09463	0.04835	0.02029	0.05758	0.04488	0.00902	0.00710	0.00222	0.00869	0.00735	0.03439	0.00995
2	0.01993	0.18742	0.04793	0.04037	0.01969	0.09521	0.04344	0.08333	0.04801	0.11268	0.05914	0.05002	0.01868	0.07740	0.03594	0.00286	0.00831	0.00729	0.03323	0.00911
3	0.02005	0.02140	0.09046	0.04578	0.06610	0.11614	0.14131	0.19019	0.02160	0.02835	0.04925	0.02044	0.03763	0.00788	0.00724	0.00208	0.00919	0.00688	0.00493	0.11310
4	0.01803	0.01609	0.01507	0.04486	0.01781	0.15598	0.01023	0.08878	0.05733	0.06296	0.02327	0.07098	0.06807	0.11325	0.09329	0.00382	0.00917	0.00820	0.00521	0.11760
5	0.17614	0.16408	0.12964	0.01523	0.04498	0.01733	0.04986	0.05893	0.01577	0.02460	0.04973	0.08852	0.03786	0.01094	0.03279	0.00253	0.03165	0.00732	0.00447	0.03764
6	0.01934	0.05171	0.16488	0.02121	0.07018	0.17959	0.08167	0.08431	0.01749	0.02231	0.01290	0.01652	0.01057	0.01155	0.05978	0.00300	0.15372	0.00602	0.00380	0.00942
7	0.01645	0.01397	0.03984	0.04665	0.01741	0.06667	0.01047	0.13632	0.08877	0.04506	0.02729	0.29449	0.02729	0.01382	0.00768	0.00241	0.00626	0.01187	0.08997	0.03733
8	0.01542	0.01275	0.01484	0.01420	0.04094	0.05947	0.03342	0.07499	0.08816	0.04918	0.07004	0.22083	0.06293	0.01430	0.00811	0.00245	0.00625	0.10208	0.00628	0.10337
9	0.01189	0.00658	0.00892	0.00892	0.00892	0.00658	0.00563	0.00986	0.00986	0.01315	0.01629	0.03119	0.01755	0.28192	0.03147	0.50966	0.00658	0.00783	0.00360	0.00360
10	0.01638	0.01366	0.01458	0.01298	0.01679	0.01501	0.01010	0.06489	0.45204	0.02930	0.09402	0.03401	0.11191	0.01110	0.00748	0.00234	0.00530	0.00926	0.03165	0.04721
11	0.01579	0.27614	0.31062	0.01626	0.02350	0.01939	0.04931	0.02095	0.01478	0.02053	0.01364	0.01671	0.01109	0.01255	0.09250	0.00315	0.01034	0.00541	0.05792	0.00941
12	0.01644	0.01553	0.02575	0.03817	0.57803	0.01536	0.01944	0.02042	0.01679	0.02359	0.06139	0.02619	0.09440	0.00836	0.00744	0.00220	0.00775	0.00790	0.00423	0.01061
13	0.01041	0.00770	0.01125	0.01125	0.01239	0.00885	0.00854	0.01270	0.01155	0.01655	0.01987	0.03076	0.01913	0.13460	0.63695	0.01114	0.01803	0.00811	0.00395	0.00625
14	0.01718	0.01644	0.02804	0.17462	0.57553	0.01706	0.02190	0.02160	0.01617	0.02276	0.01353	0.01826	0.01117	0.00663	0.00721	0.00221	0.00884	0.00647	0.00353	0.01086
15	0.01715	0.01285	0.01529	0.01102	0.01738	0.00981	0.00886	0.02033	0.01575	0.10437	0.01479	0.01622	0.01162	0.00581	0.00561	0.00122	0.00548	0.00466	0.00486	0.69690
16	0.01724	0.01528	0.01698	0.01688	0.06520	0.08365	0.03562	0.10873	0.21741	0.02658	0.02817	0.17924	0.02704	0.01344	0.00814	0.00259	0.00704	0.11508	0.00637	0.00931
17	0.02092	0.01580	0.01840	0.01760	0.09691	0.01710	0.01249	0.34965	0.10222	0.03544	0.04738	0.11641	0.02083	0.01066	0.00738	0.00227	0.00669	0.00887	0.08243	0.01056
18	0.02031	0.01324	0.01531	0.01272	0.01628	0.01388	0.00989	0.21024	0.09212	0.14190	0.10520	0.05218	0.02488	0.14022	0.01325	0.00310	0.03358	0.00873	0.03429	0.03869

[dist]
# distance from previous block
# <min> <max>
0	1

[block]
# block no. 5 follows, 28 sequences, length 24
# corresponding to MSA columns:
# 1474-1476,1480-1500
name=unknown_F
#
# <colnr> <probs for GDERKNQSTAVLIFYWHMCP>
#	G	D	E	R	K	N	Q	S	T	A	V	L	I	F	Y	W	H	M	C	P
0	0.04050	0.22387	0.25495	0.02132	0.02906	0.02083	0.23481	0.02248	0.01551	0.02155	0.01255	0.01566	0.00982	0.00671	0.00751	0.00218	0.04149	0.00602	0.00333	0.00984
1	0.00942	0.00744	0.00853	0.00847	0.01045	0.00673	0.00635	0.01164	0.01664	0.02129	0.20652	0.06167	0.41460	0.07178	0.07345	0.00360	0.00540	0.04316	0.00662	0.00624
2	0.00928	0.00683	0.00857	0.00928	0.01038	0.00625	0.00645	0.01115	0.01598	0.02135	0.21962	0.40824	0.16391	0.05509	0.01032	0.00289	0.00405	0.01725	0.00697	0.00613
3	0.44422	0.01212	0.03550	0.00962	0.01322	0.01228	0.00796	0.01758	0.01482	0.02877	0.15873	0.07963	0.11917	0.01114	0.00631	0.00234	0.00500	0.00860	0.00562	0.00739
4	0.14932	0.03137	0.01902	0.01727	0.02113	0.60426	0.01306	0.02781	0.01929	0.02015	0.01106	0.01290	0.00913	0.00737	0.00623	0.00193	0.01192	0.00456	0.00387	0.00834
5	0.01608	0.01833	0.19128	0.01413	0.01860	0.03810	0.01349	0.07299	0.06359	0.08346	0.02571	0.14123	0.05479	0.11783	0.01248	0.00312	0.03527	0.03163	0.03921	0.00867
6	0.09690	0.05310	0.29019	0.01961	0.07548	0.07933	0.04685	0.07300	0.07123	0.08153	0.03499	0.01801	0.01303	0.00762	0.00679	0.00223	0.00906	0.00603	0.00462	0.01042
7	0.04785	0.01370	0.01647	0.01340	0.04259	0.01240	0.01033	0.11039	0.05729	0.20124	0.06985	0.02148	0.01775	0.00780	0.00651	0.00177	0.00593	0.00632	0.00633	0.33059
8	0.01678	0.00895	0.01150	0.01010	0.01315	0.00793	0.00794	0.01971	0.01972	0.23186	0.34754	0.04941	0.17459	0.01397	0.00825	0.00235	0.00444	0.03541	0.00801	0.00838
9	0.01828	0.01727	0.04551	0.09670	0.26791	0.05179	0.08890	0.06880	0.10128	0.05977	0.02178	0.04936	0.06251	0.00872	0.00752	0.00230	0.00839	0.00799	0.00490	0.01033
10	0.01858	0.02282	0.20243	0.02927	0.29045	0.04122	0.07101	0.09423	0.04131	0.05515	0.01646	0.05461	0.01341	0.00790	0.00733	0.00227	0.00912	0.00712	0.00440	0.01092
11	0.00886	0.00633	0.00843	0.01012	0.01054	0.00590	0.00675	0.01012	0.01392	0.01856	0.04006	0.73979	0.04808	0.02277	0.00928	0.00295	0.00422	0.02066	0.00675	0.00590
12	0.01645	0.01795	0.08781	0.22918	0.37890	0.01704	0.06717	0.02224	0.05006	0.02256	0.01429	0.01872	0.01131	0.00688	0.00730	0.00228	0.00922	0.00661	0.00365	0.01037
13	0.01858	0.18989	0.20619	0.04540	0.20242	0.06704	0.05272	0.04333	0.04764	0.04101	0.01382	0.01625	0.01089	0.00690	0.00659	0.00208	0.00929	0.00569	0.00379	0.01047
14	0.01178	0.00661	0.00884	0.00884	0.00884	0.00661	0.00553	0.00992	0.00992	0.01323	0.01685	0.03256	0.01829	0.32059	0.03194	0.46764	0.00661	0.00806	0.00367	0.00367
15	0.00901	0.00639	0.00839	0.00993	0.01031	0.00601	0.00654	0.01016	0.01362	0.01816	0.03854	0.67831	0.04615	0.08688	0.01174	0.00332	0.00447	0.01977	0.00654	0.00577
16	0.02075	0.06223	0.12106	0.01919	0.10642	0.05206	0.01533	0.26475	0.07025	0.05244	0.06289	0.04399	0.05774	0.00943	0.00725	0.00221	0.00785	0.00761	0.00585	0.01069
17	0.14524	0.01642	0.01713	0.03439	0.01942	0.07594	0.04335	0.14660	0.19475	0.02916	0.02401	0.06038	0.06923	0.01274	0.04926	0.00292	0.03574	0.00797	0.00584	0.00950
18	0.01212	0.00631	0.00933	0.00956	0.00961	0.00626	0.00637	0.00956	0.01007	0.01343	0.01633	0.11899	0.01741	0.02492	0.02583	0.68245	0.00603	0.00825	0.00364	0.00353
19	0.04286	0.01818	0.02190	0.08135	0.20535	0.12720	0.04889	0.08068	0.09768	0.04503	0.07482	0.02393	0.01844	0.00879	0.00779	0.00226	0.03059	0.02937	0.02503	0.00985
20	0.06105	0.05255	0.28199	0.01754	0.04678	0.10904	0.01742	0.07747	0.05026	0.07962	0.05010	0.06847	0.01647	0.00884	0.00694	0.00221	0.00880	0.00698	0.00482	0.03265
21	0.07735	0.04765	0.07136	0.09886	0.08150	0.05683	0.01319	0.06525	0.06994	0.06134	0.01858	0.04631	0.01650	0.12042	0.06168	0.00359	0.00869	0.02588	0.00479	0.05028
22	0.12000	0.04427	0.04409	0.09898	0.07461	0.12262	0.01271	0.09716	0.01788	0.04323	0.03799	0.10192	0.04194	0.04775	0.00840	0.00243	0.00783	0.00792	0.00492	0.06335
23	0.07837	0.01722	0.08989	0.06478	0.05381	0.05938	0.03110	0.09813	0.07747	0.06351	0.06073	0.02496	0.03721	0.07430	0.01066	0.00268	0.05551	0.00729	0.05986	0.03314

[dist]
# distance from previous block
# <min> <max>
16	38

[block]
# block no. 6 follows, 28 sequences, length 64
# corresponding to MSA columns:
# 1549-1558,1566-1619
name=unknown_G
#
# <colnr> <probs for GDERKNQSTAVLIFYWHMCP>
#	G	D	E	R	K	N	Q	S	T	A	V	L	I	F	Y	W	H	M	C	P
0	0.06823	0.01686	0.01791	0.01711	0.07120	0.12533	0.05149	0.10354	0.11426	0.05036	0.02525	0.07323	0.06148	0.04692	0.00901	0.00260	0.00777	0.09148	0.00572	0.04026
1	0.08908	0.01684	0.02064	0.12683	0.13487	0.09423	0.05765	0.08627	0.06389	0.10286	0.01892	0.02158	0.03661	0.03322	0.00795	0.00235	0.00820	0.00679	0.03332	0.03791
2	0.09994	0.02050	0.14662	0.01747	0.06887	0.10503	0.03674	0.06306	0.08161	0.06389	0.03889	0.11622	0.01944	0.01018	0.00717	0.00230	0.00797	0.03407	0.00522	0.05481
3	0.01803	0.01726	0.01526	0.04200	0.01791	0.19172	0.01036	0.11574	0.01943	0.02426	0.09211	0.08698	0.07156	0.03621	0.03302	0.02993	0.00800	0.00842	0.03044	0.13134
4	0.14614	0.04703	0.01796	0.01530	0.01881	0.32660	0.01195	0.08720	0.05128	0.02430	0.01450	0.04020	0.01223	0.00866	0.00784	0.00212	0.07631	0.00578	0.07717	0.00861
5	0.02455	0.03054	0.02517	0.02192	0.04977	0.53506	0.13828	0.02730	0.01948	0.01903	0.01192	0.01460	0.00976	0.00738	0.00756	0.00204	0.03762	0.00554	0.00371	0.00878
6	0.04128	0.01078	0.01285	0.01198	0.01443	0.01158	0.00926	0.02215	0.19987	0.07792	0.22715	0.12561	0.05939	0.03947	0.01026	0.00271	0.05584	0.05199	0.00706	0.00843
7	0.01748	0.00896	0.01167	0.01067	0.01357	0.00808	0.00842	0.02026	0.01859	0.24341	0.20844	0.13157	0.11596	0.01462	0.00823	0.00247	0.00485	0.09126	0.05308	0.00841
8	0.00974	0.00735	0.00900	0.00872	0.01056	0.00661	0.00649	0.01262	0.01910	0.02595	0.48866	0.09844	0.23756	0.01628	0.00862	0.00237	0.00354	0.01418	0.00759	0.00661
9	0.00896	0.00646	0.00850	0.00993	0.01054	0.00599	0.00671	0.01043	0.01457	0.01946	0.09477	0.65667	0.07620	0.02195	0.00919	0.00288	0.00413	0.01984	0.00685	0.00599
10	0.06575	0.01202	0.01289	0.03492	0.01567	0.03992	0.00930	0.10262	0.14821	0.02704	0.14190	0.25022	0.08115	0.01471	0.00801	0.00251	0.00545	0.01265	0.00677	0.00829
11	0.79588	0.01406	0.01068	0.00956	0.01406	0.01631	0.00787	0.02137	0.01237	0.03261	0.01012	0.01181	0.00787	0.00675	0.00450	0.00225	0.00562	0.00394	0.00450	0.00787
12	0.01537	0.01362	0.01587	0.03733	0.04593	0.03421	0.00969	0.01866	0.01552	0.02353	0.04016	0.01684	0.01302	0.00594	0.00569	0.00124	0.00585	0.00484	0.00437	0.67232
13	0.01616	0.01393	0.01592	0.01387	0.01594	0.05578	0.01103	0.08256	0.07018	0.02382	0.05729	0.04815	0.04582	0.04846	0.03805	0.00297	0.24417	0.00782	0.12832	0.05978
14	0.65909	0.01518	0.01267	0.01084	0.01557	0.01742	0.00893	0.13774	0.01625	0.03496	0.01143	0.01281	0.00867	0.00710	0.00499	0.00224	0.00605	0.00440	0.00499	0.00867
15	0.02397	0.01683	0.01790	0.01414	0.01888	0.01844	0.01154	0.50384	0.02925	0.04095	0.01908	0.01996	0.01399	0.00866	0.00670	0.00205	0.00680	0.00660	0.20949	0.01091
16	0.79588	0.01406	0.01068	0.00956	0.01406	0.01631	0.00787	0.02137	0.01237	0.03261	0.01012	0.01181	0.00787	0.00675	0.00450	0.00225	0.00562	0.00394	0.00450	0.00787
17	0.01799	0.01727	0.02950	0.04462	0.69919	0.01727	0.02231	0.02231	0.01655	0.02375	0.01367	0.01799	0.01151	0.00648	0.00720	0.00216	0.00864	0.00648	0.00360	0.01151
18	0.01990	0.01652	0.01746	0.01516	0.01959	0.01893	0.01195	0.15970	0.56203	0.03334	0.02728	0.02528	0.02032	0.00965	0.00737	0.00241	0.00618	0.00790	0.00737	0.01167
19	0.02773	0.01903	0.01923	0.01553	0.02067	0.11885	0.01261	0.30535	0.06988	0.24696	0.02190	0.02290	0.01578	0.00926	0.00732	0.00223	0.00796	0.03805	0.00728	0.01146
20	0.02715	0.01659	0.01866	0.01483	0.01995	0.04032	0.01205	0.33927	0.05894	0.26802	0.02308	0.06273	0.01697	0.01131	0.03301	0.00260	0.00763	0.00769	0.00760	0.01160
21	0.01005	0.00738	0.00941	0.00898	0.01073	0.00674	0.00670	0.01322	0.01989	0.02771	0.60230	0.07953	0.13919	0.01553	0.00860	0.00233	0.00349	0.01365	0.00782	0.00674
22	0.01086	0.00813	0.01139	0.01130	0.01257	0.00930	0.00852	0.01411	0.05076	0.01724	0.02058	0.03133	0.01965	0.15562	0.57250	0.01045	0.01680	0.00823	0.00417	0.00647
23	0.03168	0.01258	0.01684	0.01305	0.01858	0.01116	0.01074	0.03563	0.06336	0.66112	0.02874	0.02489	0.01826	0.00905	0.00732	0.00226	0.00616	0.00737	0.00889	0.01232
24	0.00954	0.00717	0.00887	0.00940	0.01075	0.00663	0.00668	0.01220	0.03715	0.02250	0.25441	0.36485	0.18507	0.01898	0.00886	0.00263	0.00391	0.01682	0.00717	0.00643
25	0.02863	0.01148	0.01503	0.01189	0.01674	0.01025	0.00970	0.03220	0.04428	0.55698	0.02781	0.02526	0.01826	0.00893	0.00691	0.00216	0.00566	0.00725	0.14924	0.01133
26	0.02375	0.05315	0.14548	0.01957	0.04845	0.38711	0.03891	0.05387	0.04088	0.07609	0.01393	0.01553	0.01071	0.00769	0.00737	0.00208	0.03615	0.00544	0.00426	0.00959
27	0.01582	0.21947	0.53588	0.01860	0.02819	0.01992	0.02317	0.02270	0.01520	0.02151	0.01229	0.01440	0.00924	0.00673	0.00633	0.00211	0.00998	0.00499	0.00308	0.01038
28	0.00948	0.00674	0.00900	0.01058	0.01121	0.00642	0.00751	0.01105	0.01423	0.01887	0.03872	0.57723	0.04561	0.06650	0.01112	0.00328	0.00484	0.13506	0.00659	0.00596
29	0.29961	0.09393	0.05852	0.04899	0.02065	0.23912	0.01245	0.05141	0.01706	0.07993	0.01258	0.01406	0.00965	0.00723	0.00578	0.00207	0.00885	0.00475	0.00445	0.00891
30	0.01050	0.00741	0.00938	0.00942	0.01043	0.00770	0.00668	0.01216	0.01270	0.01761	0.06100	0.04372	0.10247	0.30077	0.27362	0.00747	0.01071	0.03611	0.05443	0.00572
31	0.02281	0.02706	0.07013	0.02571	0.21885	0.35753	0.01696	0.08607	0.03975	0.02290	0.01517	0.01730	0.03252	0.00769	0.00692	0.00205	0.01066	0.00587	0.00419	0.00986
32	0.01008	0.00742	0.00943	0.00893	0.01073	0.00677	0.00669	0.01331	0.02008	0.02798	0.61862	0.05623	0.14605	0.01530	0.00858	0.00231	0.00346	0.01342	0.00785	0.00677
33	0.00875	0.00673	0.00801	0.00904	0.01026	0.00600	0.00627	0.01024	0.01496	0.01898	0.05328	0.47618	0.30316	0.02106	0.00901	0.00276	0.00401	0.01857	0.00675	0.00600
34	0.01458	0.03760	0.70688	0.02072	0.03146	0.01688	0.02686	0.02302	0.01535	0.02302	0.01304	0.01535	0.00921	0.00691	0.00691	0.00230	0.01074	0.00537	0.00307	0.01074
35	0.00938	0.00721	0.00859	0.00864	0.01041	0.00641	0.00633	0.01182	0.01785	0.02361	0.34030	0.18398	0.30394	0.01764	0.00871	0.00247	0.00367	0.01534	0.00730	0.00641
36	0.02715	0.03464	0.02060	0.01873	0.02247	0.71536	0.01404	0.02903	0.02060	0.01779	0.01124	0.01311	0.00936	0.00749	0.00655	0.00187	0.01311	0.00468	0.00375	0.00843
37	0.03230	0.01288	0.01718	0.01317	0.01881	0.01144	0.01088	0.07612	0.02166	0.66233	0.02796	0.02428	0.01764	0.00898	0.00731	0.00224	0.00630	0.00726	0.00889	0.01237
38	0.21747	0.01880	0.01906	0.01495	0.02045	0.02100	0.01235	0.51346	0.02879	0.04255	0.01564	0.01606	0.01125	0.00824	0.00659	0.00220	0.00741	0.00590	0.00659	0.01125
39	0.02335	0.01706	0.01906	0.04388	0.02141	0.01876	0.01314	0.48936	0.02908	0.03925	0.02141	0.02964	0.01790	0.01067	0.00763	0.00237	0.00754	0.12117	0.05649	0.01083
40	0.01716	0.01694	0.02639	0.26888	0.44125	0.06132	0.02108	0.02150	0.01614	0.02166	0.01327	0.01814	0.01077	0.00680	0.00718	0.00223	0.00927	0.00636	0.00349	0.01018
41	0.01373	0.01292	0.02180	0.72707	0.05006	0.01615	0.02019	0.01857	0.01453	0.01857	0.01292	0.01938	0.00969	0.00727	0.00727	0.00242	0.00969	0.00646	0.00323	0.00807
42	0.01910	0.01716	0.01789	0.01700	0.06698	0.06587	0.01239	0.07591	0.50544	0.02959	0.02528	0.02407	0.01914	0.00908	0.00718	0.00229	0.00658	0.00748	0.00666	0.06492
43	0.79588	0.01406	0.01068	0.00956	0.01406	0.01631	0.00787	0.02137	0.01237	0.03261	0.01012	0.01181	0.00787	0.00675	0.00450	0.00225	0.00562	0.00394	0.00450	0.00787
44	0.01799	0.01727	0.02950	0.04462	0.69919	0.01727	0.02231	0.02231	0.01655	0.02375	0.01367	0.01799	0.01151	0.00648	0.00720	0.00216	0.00864	0.00648	0.00360	0.01151
45	0.01421	0.01320	0.02129	0.24722	0.31133	0.01394	0.01724	0.01806	0.01596	0.02136	0.05334	0.06449	0.13832	0.01001	0.00763	0.00234	0.00764	0.00903	0.00438	0.00901
46	0.00918	0.00705	0.00848	0.00936	0.01082	0.00635	0.00687	0.01105	0.01571	0.01999	0.09145	0.35194	0.30802	0.02024	0.00905	0.00276	0.00426	0.09445	0.00682	0.00615
47	0.00906	0.00665	0.00854	0.00989	0.01074	0.00614	0.00690	0.01062	0.01474	0.01932	0.06907	0.57184	0.14481	0.02166	0.00920	0.00288	0.00427	0.06087	0.00679	0.00603
48	0.01849	0.01798	0.03482	0.03052	0.18137	0.01737	0.40153	0.04789	0.05669	0.06779	0.01717	0.04370	0.01350	0.00725	0.00810	0.00238	0.01027	0.00833	0.00445	0.01041
49	0.01645	0.31206	0.44882	0.01752	0.02652	0.02147	0.02129	0.02254	0.01512	0.02074	0.01191	0.01392	0.00925	0.00664	0.00604	0.00201	0.00960	0.00480	0.00308	0.01020
50	0.00921	0.00661	0.00820	0.00930	0.00987	0.00619	0.00607	0.01026	0.01347	0.01767	0.04007	0.50498	0.11837	0.18606	0.01549	0.00382	0.00480	0.01776	0.00622	0.00559
51	0.01656	0.04844	0.16112	0.02508	0.03219	0.01744	0.41646	0.06326	0.01747	0.02394	0.01707	0.09416	0.01461	0.00819	0.00811	0.00243	0.01069	0.00895	0.00409	0.00971
52	0.01458	0.03760	0.70688	0.02072	0.03146	0.01688	0.02686	0.02302	0.01535	0.02302	0.01304	0.01535	0.00921	0.00691	0.00691	0.00230	0.01074	0.00537	0.00307	0.01074
53	0.03230	0.01288	0.01718	0.01317	0.01881	0.01144	0.01088	0.07612	0.02166	0.66233	0.02796	0.02428	0.01764	0.00898	0.00731	0.00224	0.00630	0.00726	0.00889	0.01237
54	0.01808	0.01561	0.01644	0.01479	0.01890	0.01808	0.01151	0.03863	0.68606	0.03041	0.02959	0.02712	0.02219	0.00986	0.00740	0.00247	0.00575	0.00822	0.00740	0.01151
55	0.01737	0.01900	0.03943	0.03426	0.20912	0.01809	0.50444	0.02303	0.01700	0.02340	0.01444	0.01919	0.01115	0.00622	0.00822	0.00238	0.01132	0.00803	0.00366	0.01025
56	0.02763	0.02036	0.02182	0.01672	0.02254	0.02254	0.01382	0.67496	0.03418	0.04581	0.01745	0.01745	0.01236	0.00873	0.00727	0.00218	0.00800	0.00654	0.00727	0.01236
57	0.01590	0.01590	0.02226	0.01908	0.01908	0.02226	0.01590	0.01749	0.01113	0.01749	0.00954	0.01590	0.00954	0.01272	0.02385	0.00318	0.73123	0.00636	0.00318	0.00795
58	0.01588	0.01652	0.03233	0.26073	0.15963	0.01700	0.31799	0.02109	0.01607	0.02165	0.01485	0.04530	0.01202	0.00717	0.00793	0.00241	0.01047	0.00794	0.00363	0.00940
59	0.00973	0.00741	0.00894	0.00855	0.01051	0.00662	0.00642	0.01263	0.01925	0.02599	0.48909	0.05949	0.27682	0.01604	0.00858	0.00234	0.00351	0.01387	0.00759	0.00662
60	0.01647	0.05016	0.14125	0.30717	0.20814	0.07367	0.05903	0.02152	0.01584	0.02079	0.01299	0.01754	0.01011	0.00691	0.00710	0.00226	0.00995	0.00616	0.00336	0.00958
61	0.01671	0.01708	0.05205	0.21656	0.44829	0.01708	0.08331	0.02147	0.01605	0.02236	0.01356	0.01841	0.01092	0.00666	0.00733	0.00226	0.00932	0.00663	0.00349	0.01045
62	0.08347	0.15467	0.04612	0.02058	0.11335	0.10491	0.10078	0.06660	0.04060	0.09004	0.01745	0.01919	0.04476	0.00807	0.00785	0.00217	0.05859	0.00639	0.00462	0.00982
63	0.07203	0.04234	0.07877	0.05039	0.13290	0.03613	0.12399	0.08408	0.04104	0.09179	0.01901	0.10990	0.01647	0.00910	0.00729	0.00226	0.00817	0.00823	0.00506	0.06104

[dist]
# distance from previous block
# <min> <max>
0	56

[block]
# block no. 7 follows, 28 sequences, length 18
# corresponding to MSA columns:
# 1687-1704
name=unknown_H
#
# <colnr> <probs for GDERKNQSTAVLIFYWHMCP>
#	G	D	E	R	K	N	Q	S	T	A	V	L	I	F	Y	W	H	M	C	P
0	0.04605	0.05393	0.06086	0.04786	0.04205	0.11286	0.01199	0.12246	0.07566	0.02590	0.10355	0.03271	0.15796	0.01411	0.05788	0.00290	0.00814	0.00873	0.00562	0.00878
1	0.01927	0.11088	0.06104	0.01894	0.12551	0.01829	0.01397	0.17926	0.16047	0.02992	0.07307	0.02140	0.01811	0.00825	0.00679	0.00203	0.00704	0.00672	0.00562	0.11344
2	0.01666	0.07369	0.02947	0.18886	0.26181	0.01750	0.16804	0.04881	0.01688	0.02286	0.04017	0.05254	0.01465	0.00771	0.00748	0.00228	0.00921	0.00765	0.00396	0.00978
3	0.01790	0.01866	0.01942	0.12851	0.16112	0.20603	0.01524	0.02287	0.08678	0.02122	0.02244	0.07632	0.04161	0.01099	0.00772	0.00242	0.00895	0.11820	0.00481	0.00879
4	0.02307	0.01653	0.01755	0.01411	0.01873	0.01823	0.01145	0.43734	0.11293	0.03940	0.02049	0.02098	0.01511	0.00881	0.00677	0.00210	0.00662	0.00681	0.19205	0.01093
5	0.00898	0.00658	0.00844	0.00966	0.01049	0.00604	0.00660	0.01056	0.01500	0.01988	0.11789	0.57731	0.13316	0.02133	0.00911	0.00281	0.00406	0.01914	0.00689	0.00604
6	0.00873	0.00721	0.00766	0.00788	0.00999	0.00614	0.00579	0.01058	0.01641	0.02004	0.10562	0.16899	0.56217	0.01885	0.00869	0.00252	0.00375	0.01601	0.00682	0.00614
7	0.00886	0.00633	0.00843	0.01012	0.01054	0.00590	0.00675	0.01012	0.01392	0.01856	0.04006	0.73979	0.04808	0.02277	0.00928	0.00295	0.00422	0.02066	0.00675	0.00590
8	0.00913	0.00729	0.00811	0.00822	0.01021	0.00636	0.00608	0.01121	0.01690	0.02131	0.19149	0.13503	0.46042	0.04273	0.00966	0.00266	0.00390	0.03616	0.00692	0.00622
9	0.01535	0.11883	0.58906	0.02118	0.06971	0.01828	0.02492	0.02283	0.01535	0.02238	0.01274	0.01508	0.00936	0.00680	0.00666	0.00221	0.01027	0.00527	0.00311	0.01062
10	0.01943	0.74891	0.03809	0.01244	0.01866	0.02876	0.01244	0.02177	0.01477	0.01710	0.01011	0.01166	0.00933	0.00622	0.00466	0.00155	0.00777	0.00389	0.00311	0.00933
11	0.02192	0.01004	0.01303	0.01086	0.01478	0.00873	0.00864	0.02460	0.01960	0.39084	0.18021	0.06912	0.17100	0.01275	0.00792	0.00233	0.00500	0.01076	0.00823	0.00964
12	0.01881	0.65807	0.12350	0.01350	0.02029	0.02725	0.01428	0.02193	0.01484	0.01786	0.01048	0.01213	0.00931	0.00631	0.00495	0.00165	0.00815	0.00408	0.00310	0.00951
13	0.00887	0.00691	0.00806	0.00875	0.01024	0.00610	0.00619	0.01061	0.01578	0.02006	0.11763	0.36416	0.35075	0.02000	0.00889	0.00266	0.00389	0.01748	0.00687	0.00610
14	0.01085	0.00841	0.01003	0.00976	0.01183	0.00812	0.00737	0.01591	0.10391	0.02591	0.38339	0.11630	0.19894	0.01596	0.00856	0.00246	0.00401	0.04363	0.00747	0.00720
15	0.01057	0.00705	0.00793	0.00793	0.00793	0.00705	0.00440	0.01057	0.01057	0.01409	0.02290	0.04757	0.02643	0.74454	0.03700	0.00705	0.00705	0.01057	0.00440	0.00440
16	0.01604	0.24571	0.47055	0.01771	0.02688	0.01997	0.02157	0.02238	0.01516	0.02131	0.01217	0.01425	0.00933	0.00662	0.00616	0.00201	0.00956	0.00487	0.00315	0.05458
17	0.05384	0.02787	0.24838	0.02430	0.03193	0.14759	0.31432	0.02418	0.01700	0.02260	0.01332	0.01669	0.01000	0.00666	0.00748	0.00229	0.01163	0.00662	0.00353	0.00976

[dist]
# distance from previous block
# <min> <max>
0	1

[block]
# block no. 8 follows, 28 sequences, length 24
# corresponding to MSA columns:
# 1706-1729
name=unknown_I
#
# <colnr> <probs for GDERKNQSTAVLIFYWHMCP>
#	G	D	E	R	K	N	Q	S	T	A	V	L	I	F	Y	W	H	M	C	P
0	0.01943	0.74891	0.03809	0.01244	0.01866	0.02876	0.01244	0.02177	0.01477	0.01710	0.01011	0.01166	0.00933	0.00622	0.00466	0.00155	0.00777	0.00389	0.00311	0.00933
1	0.01886	0.22616	0.39801	0.01732	0.02590	0.01985	0.02019	0.07376	0.01722	0.09770	0.01430	0.01554	0.01044	0.00709	0.00637	0.00208	0.00923	0.00527	0.00405	0.01066
2	0.79588	0.01406	0.01068	0.00956	0.01406	0.01631	0.00787	0.02137	0.01237	0.03261	0.01012	0.01181	0.00787	0.00675	0.00450	0.00225	0.00562	0.00394	0.00450	0.00787
3	0.01057	0.00705	0.00793	0.00793	0.00793	0.00705	0.00440	0.01057	0.01057	0.01409	0.02290	0.04757	0.02643	0.74454	0.03700	0.00705	0.00705	0.01057	0.00440	0.00440
4	0.01230	0.00941	0.01067	0.01023	0.01256	0.00956	0.00770	0.05194	0.14190	0.02545	0.18644	0.15191	0.20130	0.01728	0.04660	0.00292	0.00515	0.01271	0.07631	0.00766
5	0.04749	0.15486	0.02346	0.01517	0.02082	0.04784	0.01281	0.39464	0.08297	0.07135	0.01706	0.01715	0.01261	0.00812	0.00661	0.00204	0.00768	0.00599	0.00626	0.04506
6	0.03222	0.01301	0.01726	0.01324	0.01887	0.01163	0.01093	0.08640	0.02187	0.65175	0.02778	0.02416	0.01754	0.00898	0.00731	0.00224	0.00633	0.00725	0.00886	0.01237
7	0.01224	0.00873	0.01006	0.00995	0.01223	0.00833	0.00735	0.01699	0.11889	0.07781	0.10870	0.26028	0.28606	0.01733	0.00851	0.00257	0.00434	0.01500	0.00714	0.00746
8	0.01889	0.01475	0.01678	0.01435	0.01760	0.07834	0.03899	0.17628	0.05740	0.07861	0.01943	0.02441	0.01613	0.07162	0.24432	0.00566	0.03860	0.00730	0.05166	0.00889
9	0.01835	0.01894	0.03592	0.02634	0.03294	0.01873	0.48559	0.08983	0.14303	0.02681	0.01774	0.02079	0.01323	0.00707	0.00823	0.00243	0.01063	0.00831	0.00472	0.01037
10	0.00882	0.00649	0.00827	0.00969	0.01043	0.00594	0.00656	0.01017	0.01433	0.01872	0.04527	0.63593	0.14858	0.02210	0.00917	0.00287	0.00413	0.01984	0.00675	0.00594
11	0.02100	0.00984	0.01276	0.01094	0.01466	0.00861	0.00871	0.02359	0.01906	0.36248	0.13681	0.09972	0.18040	0.01364	0.00808	0.00241	0.00510	0.04477	0.00805	0.00936
12	0.04693	0.01762	0.02032	0.01624	0.02101	0.09178	0.06546	0.22049	0.04208	0.24310	0.02156	0.07765	0.01656	0.00983	0.00844	0.00233	0.05321	0.00785	0.00677	0.01079
13	0.02280	0.02248	0.01865	0.01680	0.04340	0.26181	0.01264	0.19680	0.17482	0.02911	0.04984	0.02239	0.04542	0.00914	0.00707	0.00213	0.00872	0.00694	0.03901	0.01002
