[name]
unknown

[dist]
# distance from previous block
# <min> <max>
0	67

[block]
# block no. 0 follows, 30 sequences, length 6
# corresponding to MSA columns:
# 69-74
name=unknown_A
#
# <colnr> <probs for GDERKNQSTAVLIFYWHMCP>
#	G	D	E	R	K	N	Q	S	T	A	V	L	I	F	Y	W	H	M	C	P
0	0.01586	0.01470	0.02465	0.08907	0.53432	0.01494	0.01940	0.01988	0.01578	0.02208	0.01743	0.02862	0.01625	0.00867	0.00741	0.00230	0.00802	0.12669	0.00397	0.00996
1	0.05698	0.01327	0.01741	0.25517	0.08130	0.01497	0.01362	0.20686	0.01941	0.02780	0.01734	0.07198	0.01432	0.00858	0.00659	0.00214	0.00708	0.00715	0.14924	0.00879
2	0.01482	0.12388	0.46313	0.01766	0.02648	0.01649	0.05851	0.02113	0.01471	0.02150	0.01223	0.01446	0.00923	0.00623	0.00618	0.00191	0.00909	0.00496	0.00320	0.15419
3	0.01795	0.01564	0.07895	0.31173	0.26564	0.01496	0.01892	0.02235	0.01577	0.14769	0.01543	0.01878	0.01132	0.00700	0.00693	0.00220	0.00843	0.00627	0.00422	0.00983
4	0.01486	0.20941	0.02424	0.18749	0.14318	0.01808	0.01496	0.01789	0.01349	0.01793	0.01370	0.05462	0.01262	0.01496	0.11902	0.00355	0.10189	0.00643	0.00340	0.00828
5	0.01666	0.16408	0.49433	0.01790	0.02674	0.01905	0.02147	0.11851	0.01726	0.02425	0.01263	0.01439	0.00930	0.00676	0.00629	0.00206	0.00942	0.00506	0.00354	0.01029

[dist]
# distance from previous block
# <min> <max>
2	15

[block]
# block no. 1 follows, 30 sequences, length 14
# corresponding to MSA columns:
# 90-103
name=unknown_B
#
# <colnr> <probs for GDERKNQSTAVLIFYWHMCP>
#	G	D	E	R	K	N	Q	S	T	A	V	L	I	F	Y	W	H	M	C	P
0	0.05197	0.27365	0.20943	0.01709	0.02399	0.08412	0.11521	0.02363	0.01578	0.10442	0.01335	0.01490	0.01012	0.00658	0.00606	0.00194	0.00904	0.00524	0.00385	0.00959
1	0.01379	0.01249	0.01992	0.20844	0.28987	0.01281	0.01573	0.01724	0.01462	0.02033	0.01891	0.19257	0.01891	0.01003	0.00719	0.00219	0.00715	0.00922	0.00417	0.10442
2	0.07577	0.01437	0.02137	0.01578	0.02129	0.01325	0.17113	0.01885	0.01429	0.02258	0.01221	0.01537	0.01004	0.00630	0.00799	0.00168	0.09624	0.00533	0.00387	0.45229
3	0.04674	0.01377	0.01721	0.20362	0.02570	0.01347	0.01210	0.14196	0.01763	0.02571	0.01311	0.01587	0.01024	0.00629	0.00595	0.00161	0.00673	0.00506	0.00440	0.41283
4	0.27768	0.01485	0.01602	0.07849	0.02027	0.01622	0.01112	0.21385	0.06928	0.19068	0.01739	0.01744	0.01216	0.00777	0.00613	0.00217	0.00653	0.00575	0.00615	0.01004
5	0.00850	0.00607	0.00810	0.00972	0.01012	0.00567	0.00648	0.00972	0.01336	0.01781	0.03846	0.75020	0.04615	0.02186	0.00891	0.00283	0.00405	0.01984	0.00648	0.00567
6	0.01653	0.01582	0.02698	0.16899	0.59088	0.01638	0.02105	0.02077	0.01554	0.02190	0.01299	0.01751	0.01074	0.00636	0.00692	0.00212	0.00847	0.00621	0.00339	0.01045
7	0.00847	0.00620	0.00797	0.00938	0.01003	0.00570	0.00633	0.00975	0.01369	0.01795	0.04260	0.66242	0.13126	0.02132	0.00882	0.00277	0.00398	0.01918	0.00648	0.00570
8	0.00825	0.00707	0.00707	0.00707	0.00943	0.00589	0.00530	0.01001	0.01591	0.01885	0.07069	0.06716	0.70839	0.01767	0.00825	0.00236	0.00353	0.01473	0.00648	0.00589
9	0.00850	0.00607	0.00810	0.00972	0.01012	0.00567	0.00648	0.00972	0.01336	0.01781	0.03846	0.75020	0.04615	0.02186	0.00891	0.00283	0.00405	0.01984	0.00648	0.00567
10	0.01727	0.01658	0.02832	0.04283	0.71123	0.01658	0.02142	0.02142	0.01589	0.02280	0.01313	0.01727	0.01105	0.00622	0.00691	0.00207	0.00829	0.00622	0.00345	0.01105
11	0.00987	0.00705	0.00912	0.00897	0.01030	0.00661	0.00657	0.01257	0.01778	0.02488	0.52320	0.11640	0.05760	0.10518	0.01169	0.00287	0.00397	0.05210	0.00708	0.00621
12	0.55870	0.01820	0.09826	0.01191	0.01709	0.05801	0.01088	0.11042	0.01548	0.03106	0.01106	0.01255	0.00837	0.00679	0.00507	0.00214	0.00672	0.00432	0.00447	0.00850
13	0.40489	0.01810	0.01470	0.01231	0.01701	0.14100	0.00989	0.16161	0.01799	0.03039	0.01172	0.01309	0.00906	0.00684	0.00533	0.00194	0.00711	0.00447	0.00473	0.10781

[dist]
# distance from previous block
# <min> <max>
26	73

[block]
# block no. 2 follows, 30 sequences, length 12
# corresponding to MSA columns:
# 185-196
name=unknown_C
#
# <colnr> <probs for GDERKNQSTAVLIFYWHMCP>
#	G	D	E	R	K	N	Q	S	T	A	V	L	I	F	Y	W	H	M	C	P
0	0.12551	0.01380	0.01871	0.12351	0.10393	0.01521	0.03478	0.05143	0.01429	0.02266	0.01345	0.06529	0.01214	0.00858	0.00979	0.00216	0.16527	0.00636	0.00398	0.18915
1	0.01393	0.01279	0.01703	0.01493	0.01576	0.01653	0.01204	0.01786	0.09235	0.02057	0.17229	0.02702	0.02465	0.06272	0.01857	0.00303	0.43762	0.00808	0.00466	0.00756
2	0.19695	0.01511	0.02208	0.07850	0.42597	0.01545	0.01658	0.02052	0.01467	0.02440	0.01221	0.01568	0.01005	0.00621	0.00612	0.00199	0.00733	0.00542	0.00371	0.10104
3	0.01939	0.01726	0.02663	0.03670	0.55321	0.01774	0.01955	0.17415	0.01977	0.02765	0.01396	0.01715	0.01124	0.00671	0.00693	0.00208	0.00815	0.00623	0.00426	0.01124
4	0.01816	0.01286	0.01589	0.01606	0.09620	0.01331	0.01103	0.26764	0.02159	0.08587	0.02759	0.30670	0.04957	0.01375	0.00777	0.00240	0.00604	0.01194	0.00649	0.00914
5	0.01761	0.01680	0.02848	0.04289	0.70734	0.01675	0.02149	0.02163	0.01610	0.02310	0.01348	0.01776	0.01139	0.00646	0.00706	0.00214	0.00840	0.00633	0.00358	0.01122
6	0.01868	0.01714	0.02763	0.03979	0.62753	0.01733	0.02055	0.09878	0.01806	0.02556	0.01390	0.01770	0.01149	0.00671	0.00707	0.00214	0.00833	0.00634	0.00399	0.01131
7	0.01761	0.01680	0.02848	0.04289	0.70734	0.01675	0.02149	0.02163	0.01610	0.02310	0.01348	0.01776	0.01139	0.00646	0.00706	0.00214	0.00840	0.00633	0.00358	0.01122
8	0.01793	0.18691	0.03037	0.03581	0.54847	0.01927	0.01932	0.02151	0.01571	0.02164	0.01270	0.01636	0.01091	0.00641	0.00650	0.00201	0.00821	0.00576	0.00347	0.01074
9	0.01736	0.01655	0.02804	0.08464	0.66751	0.01668	0.02137	0.02141	0.01598	0.02281	0.01344	0.01784	0.01129	0.00651	0.00706	0.00215	0.00846	0.00633	0.00356	0.01102
10	0.01793	0.18691	0.03037	0.03581	0.54847	0.01927	0.01932	0.02151	0.01571	0.02164	0.01270	0.01636	0.01091	0.00641	0.00650	0.00201	0.00821	0.00576	0.00347	0.01074
11	0.01715	0.01650	0.02689	0.03727	0.54857	0.01785	0.02008	0.02057	0.01490	0.02173	0.01257	0.01730	0.01096	0.00784	0.01072	0.00236	0.17652	0.00630	0.00349	0.01043

[dist]
# distance from previous block
# <min> <max>
34	230

[block]
# block no. 3 follows, 30 sequences, length 13
# corresponding to MSA columns:
# 463-475
name=unknown_D
#
# <colnr> <probs for GDERKNQSTAVLIFYWHMCP>
#	G	D	E	R	K	N	Q	S	T	A	V	L	I	F	Y	W	H	M	C	P
0	0.06984	0.04441	0.10374	0.01377	0.01899	0.01575	0.01245	0.29641	0.02255	0.06409	0.05312	0.07279	0.06368	0.00999	0.00692	0.00213	0.00678	0.03915	0.00594	0.07750
1	0.06891	0.09313	0.01687	0.07451	0.01845	0.01536	0.01046	0.17267	0.12927	0.02706	0.07445	0.14830	0.02350	0.06033	0.00882	0.00251	0.00619	0.00911	0.00575	0.03436
2	0.05758	0.03987	0.11961	0.01420	0.02001	0.01585	0.03719	0.25941	0.04740	0.06269	0.01646	0.01759	0.01221	0.00734	0.00620	0.00188	0.00693	0.00575	0.10685	0.14497
3	0.02158	0.01642	0.07716	0.01358	0.01929	0.01426	0.01183	0.26367	0.02212	0.16436	0.01902	0.07646	0.01500	0.00848	0.00661	0.00188	0.00658	0.00683	0.00613	0.22873
4	0.29507	0.01712	0.10269	0.01372	0.01832	0.01650	0.01250	0.10352	0.01580	0.11823	0.01334	0.01507	0.01004	0.00810	0.00915	0.00227	0.15710	0.00518	0.00477	0.06151
5	0.01318	0.01240	0.02093	0.73798	0.04806	0.01550	0.01938	0.01783	0.01395	0.01783	0.01240	0.01860	0.00930	0.00698	0.00698	0.00233	0.00930	0.00620	0.00310	0.00775
6	0.01400	0.03610	0.71860	0.01989	0.03020	0.01621	0.02578	0.02210	0.01473	0.02210	0.01252	0.01473	0.00884	0.00663	0.00663	0.00221	0.01031	0.00516	0.00295	0.01031
7	0.01408	0.01253	0.01714	0.10211	0.02173	0.01055	0.06777	0.01749	0.01450	0.02177	0.01428	0.06432	0.01261	0.00656	0.00590	0.00143	0.00617	0.00579	0.00411	0.57913
8	0.01318	0.01240	0.02093	0.73798	0.04806	0.01550	0.01938	0.01783	0.01395	0.01783	0.01240	0.01860	0.00930	0.00698	0.00698	0.00233	0.00930	0.00620	0.00310	0.00775
9	0.01689	0.01354	0.01485	0.01349	0.01684	0.01511	0.01046	0.16101	0.37549	0.02918	0.02876	0.19219	0.02597	0.01254	0.00761	0.00246	0.00566	0.04128	0.00690	0.00976
10	0.01463	0.00982	0.00815	0.00793	0.00980	0.09576	0.00594	0.01770	0.01527	0.02491	0.02128	0.02435	0.01678	0.00801	0.00505	0.00165	0.00441	0.00626	0.69560	0.00670
11	0.00988	0.00713	0.00933	0.00878	0.01043	0.00658	0.00658	0.01317	0.01975	0.02798	0.70754	0.05213	0.06584	0.01427	0.00823	0.00219	0.00329	0.01262	0.00768	0.00658
12	0.00987	0.00786	0.01112	0.01085	0.01265	0.00701	0.05179	0.01185	0.01442	0.01967	0.09327	0.50495	0.08511	0.01780	0.00830	0.00249	0.00460	0.01616	0.00609	0.10413

[dist]
# distance from previous block
# <min> <max>
0	2

[block]
# block no. 4 follows, 30 sequences, length 110
# corresponding to MSA columns:
# 478-587
name=unknown_E
#
# <colnr> <probs for GDERKNQSTAVLIFYWHMCP>
#	G	D	E	R	K	N	Q	S	T	A	V	L	I	F	Y	W	H	M	C	P
0	0.01479	0.01405	0.02385	0.46380	0.30963	0.01593	0.02018	0.01924	0.01472	0.01979	0.01269	0.01808	0.00999	0.00668	0.00695	0.00223	0.00890	0.00621	0.00324	0.00905
1	0.01446	0.01444	0.02758	0.02788	0.23774	0.01387	0.28077	0.01850	0.01546	0.02125	0.02092	0.21281	0.02100	0.01060	0.00804	0.00242	0.00849	0.03056	0.00437	0.00884
2	0.01371	0.01282	0.02060	0.23529	0.33320	0.01343	0.01661	0.01735	0.01524	0.02027	0.02691	0.05676	0.16978	0.00963	0.00731	0.00224	0.00735	0.00866	0.00415	0.00872
3	0.01999	0.01699	0.06237	0.02285	0.02885	0.01541	0.39938	0.02462	0.01680	0.20927	0.01821	0.04680	0.01353	0.00771	0.00893	0.00236	0.06308	0.00804	0.00496	0.00985
4	0.01775	0.02967	0.41425	0.02065	0.02899	0.06932	0.13688	0.15233	0.01892	0.02604	0.01350	0.01568	0.00974	0.00688	0.00695	0.00218	0.01022	0.00586	0.00388	0.01030
5	0.01450	0.01382	0.02303	0.48081	0.23003	0.01632	0.01958	0.01874	0.01420	0.01912	0.01232	0.01794	0.00978	0.00723	0.00837	0.00232	0.07384	0.00620	0.00319	0.00866
6	0.02147	0.01703	0.01809	0.01503	0.01971	0.01928	0.01204	0.32892	0.40008	0.03582	0.02318	0.02187	0.01707	0.00898	0.00705	0.00224	0.00649	0.00717	0.00705	0.01141
7	0.01651	0.01257	0.01484	0.01072	0.01682	0.00977	0.00862	0.03954	0.01557	0.09231	0.01404	0.01546	0.01107	0.00561	0.00541	0.00118	0.00532	0.00449	0.00467	0.69550
8	0.00856	0.00611	0.00815	0.00968	0.01013	0.00570	0.00648	0.00985	0.01361	0.01821	0.06457	0.72296	0.04692	0.02157	0.00888	0.00281	0.00402	0.01956	0.00652	0.00570
9	0.02063	0.02040	0.03075	0.02310	0.02884	0.16126	0.38212	0.07428	0.01852	0.10609	0.01549	0.01843	0.01152	0.00906	0.04457	0.00265	0.01128	0.00714	0.00443	0.00946
10	0.01527	0.01453	0.02470	0.38346	0.38627	0.01605	0.02042	0.01966	0.01494	0.02036	0.01277	0.01792	0.01020	0.00659	0.00694	0.00220	0.00879	0.00621	0.00328	0.00944
11	0.04021	0.00708	0.00900	0.01014	0.01112	0.00686	0.00708	0.01261	0.04376	0.05050	0.03638	0.63138	0.04206	0.02004	0.00860	0.00277	0.00434	0.04327	0.00652	0.00629
12	0.00935	0.00675	0.00868	0.00988	0.01063	0.00643	0.00675	0.04050	0.01454	0.01938	0.06136	0.66999	0.06786	0.02085	0.00877	0.00276	0.00417	0.01881	0.00654	0.00599
13	0.01642	0.41214	0.36380	0.01575	0.02381	0.02214	0.01858	0.02147	0.01444	0.01914	0.01106	0.01289	0.00890	0.00629	0.00551	0.00184	0.00883	0.00442	0.00297	0.00961
14	0.01432	0.01408	0.01872	0.01641	0.01733	0.06516	0.03917	0.01635	0.01170	0.01684	0.01258	0.01920	0.01191	0.02475	0.25149	0.00561	0.42725	0.00653	0.00333	0.00728
15	0.01023	0.00654	0.00874	0.00987	0.01070	0.00604	0.00676	0.01164	0.01413	0.06918	0.06791	0.66569	0.04494	0.02055	0.00874	0.00276	0.00415	0.01858	0.00669	0.00616
16	0.00910	0.00707	0.01000	0.01073	0.01155	0.00684	0.03654	0.01058	0.01358	0.01805	0.03857	0.63890	0.09139	0.02047	0.00939	0.00279	0.03390	0.01841	0.00621	0.00593
17	0.07564	0.01425	0.02379	0.34352	0.28592	0.01568	0.06725	0.01948	0.01494	0.02146	0.04307	0.01904	0.01238	0.00690	0.00689	0.00222	0.00855	0.00645	0.00356	0.00902
18	0.06598	0.01362	0.01865	0.01483	0.01909	0.01374	0.11551	0.17350	0.06612	0.18875	0.02387	0.10740	0.03885	0.09505	0.01056	0.00280	0.00700	0.00896	0.00629	0.00943
19	0.00905	0.00646	0.00872	0.01034	0.01098	0.00614	0.00743	0.01066	0.01390	0.01842	0.03816	0.61656	0.04496	0.02135	0.00905	0.00291	0.00452	0.14810	0.00647	0.00582
20	0.01400	0.03610	0.71860	0.01989	0.03020	0.01621	0.02578	0.02210	0.01473	0.02210	0.01252	0.01473	0.00884	0.00663	0.00663	0.00221	0.01031	0.00516	0.00295	0.01031
21	0.01737	0.07070	0.02893	0.04058	0.66068	0.01738	0.02073	0.02138	0.01576	0.02233	0.01288	0.01683	0.01090	0.00620	0.00673	0.00203	0.00823	0.00604	0.00342	0.01090
22	0.01472	0.01398	0.02371	0.47630	0.29771	0.01591	0.02015	0.01918	0.01468	0.01970	0.01268	0.01810	0.00996	0.00669	0.00695	0.00223	0.00892	0.00621	0.00323	0.00899
23	0.01866	0.75896	0.03657	0.01194	0.01791	0.02761	0.01194	0.02090	0.01418	0.01642	0.00970	0.01119	0.00896	0.00597	0.00448	0.00149	0.00746	0.00373	0.00299	0.00896
24	0.01580	0.01269	0.01597	0.01147	0.01766	0.00980	0.04327	0.01902	0.01497	0.07327	0.01359	0.01537	0.01085	0.00546	0.00546	0.00118	0.00556	0.00456	0.00443	0.69962
25	0.01574	0.01676	0.03187	0.02533	0.06556	0.01810	0.38313	0.01992	0.01453	0.02047	0.01412	0.02195	0.01231	0.00893	0.01302	0.00263	0.24806	0.05526	0.00358	0.00871
26	0.01681	0.01903	0.03833	0.02780	0.03424	0.04473	0.59886	0.02287	0.04361	0.02214	0.01431	0.01869	0.01088	0.00640	0.00887	0.00237	0.04910	0.00797	0.00365	0.00934
27	0.01004	0.00675	0.00776	0.00781	0.00795	0.00669	0.00452	0.01034	0.01102	0.01482	0.07286	0.08433	0.02945	0.66104	0.03209	0.00622	0.00636	0.01085	0.00460	0.00448
28	0.01015	0.00677	0.00761	0.00761	0.00761	0.00677	0.00423	0.01015	0.01015	0.01353	0.02199	0.04567	0.02537	0.75476	0.03552	0.00677	0.00677	0.01015	0.00423	0.00423
29	0.03131	0.01188	0.01619	0.01242	0.01781	0.01026	0.01026	0.03401	0.01997	0.71606	0.02753	0.02375	0.01727	0.00864	0.00702	0.00216	0.00594	0.00702	0.00864	0.01188
30	0.01212	0.00606	0.00909	0.00909	0.00909	0.00606	0.00606	0.00909	0.00909	0.01212	0.01212	0.02121	0.01212	0.02424	0.02727	0.79697	0.00606	0.00606	0.00303	0.00303
31	0.01447	0.01240	0.01447	0.01034	0.01654	0.00930	0.00827	0.01757	0.01447	0.02274	0.01240	0.01447	0.01034	0.00517	0.00517	0.00103	0.00517	0.00413	0.00413	0.79742
32	0.00988	0.00713	0.00933	0.00878	0.01043	0.00658	0.00658	0.01317	0.01975	0.02798	0.70754	0.05213	0.06584	0.01427	0.00823	0.00219	0.00329	0.01262	0.00768	0.00658
33	0.01736	0.01499	0.01578	0.01420	0.01815	0.01736	0.01105	0.03708	0.69862	0.02919	0.02840	0.02604	0.02130	0.00947	0.00710	0.00237	0.00552	0.00789	0.00710	0.01105
34	0.01866	0.75896	0.03657	0.01194	0.01791	0.02761	0.01194	0.02090	0.01418	0.01642	0.00970	0.01119	0.00896	0.00597	0.00448	0.00149	0.00746	0.00373	0.00299	0.00896
35	0.02133	0.26319	0.02886	0.01760	0.02246	0.24149	0.11853	0.10773	0.01836	0.02109	0.01158	0.01386	0.00961	0.00715	0.00745	0.00193	0.06980	0.00519	0.00377	0.00902
36	0.00846	0.00708	0.00722	0.00727	0.00944	0.00601	0.00539	0.01015	0.01551	0.01854	0.06638	0.06599	0.64254	0.06868	0.01017	0.00269	0.00384	0.03252	0.00632	0.00579
37	0.03131	0.01188	0.01619	0.01242	0.01781	0.01026	0.01026	0.03401	0.01997	0.71606	0.02753	0.02375	0.01727	0.00864	0.00702	0.00216	0.00594	0.00702	0.00864	0.01188
38	0.01447	0.01240	0.01447	0.01034	0.01654	0.00930	0.00827	0.01757	0.01447	0.02274	0.01240	0.01447	0.01034	0.00517	0.00517	0.00103	0.00517	0.00413	0.00413	0.79742
39	0.80405	0.01350	0.01026	0.00918	0.01350	0.01565	0.00756	0.02051	0.01188	0.03131	0.00972	0.01134	0.00756	0.00648	0.00432	0.00216	0.00540	0.00378	0.00432	0.00756
40	0.00997	0.00748	0.01121	0.01121	0.01246	0.00872	0.00872	0.01246	0.01121	0.01620	0.01869	0.02741	0.01745	0.05234	0.72710	0.01121	0.01869	0.00748	0.00374	0.00623
41	0.02653	0.01955	0.02094	0.01606	0.02164	0.02164	0.01326	0.68796	0.03281	0.04398	0.01675	0.01675	0.01187	0.00838	0.00698	0.00209	0.00768	0.00628	0.00698	0.01187
42	0.02166	0.01829	0.02616	0.04278	0.09679	0.04466	0.19380	0.32044	0.04214	0.06309	0.01708	0.04999	0.01326	0.00803	0.00737	0.00220	0.00877	0.00740	0.00551	0.01057
43	0.00913	0.00774	0.00796	0.00779	0.01023	0.00690	0.00588	0.01252	0.07346	0.02038	0.11357	0.06261	0.60391	0.01674	0.00815	0.00235	0.00368	0.01400	0.00662	0.00637
44	0.00837	0.00707	0.00723	0.00719	0.00950	0.00594	0.00540	0.01024	0.01619	0.01952	0.11712	0.06606	0.66155	0.01742	0.00825	0.00234	0.00352	0.01457	0.00657	0.00594
45	0.02070	0.01613	0.01829	0.01676	0.06953	0.01804	0.01244	0.24254	0.35946	0.06971	0.02329	0.04421	0.01775	0.00929	0.00753	0.00228	0.02667	0.00752	0.00675	0.01109
46	0.01881	0.02146	0.02762	0.18513	0.13232	0.23756	0.21401	0.02278	0.01670	0.01963	0.01243	0.01651	0.00984	0.00675	0.00754	0.00215	0.03023	0.00627	0.00343	0.00882
47	0.01447	0.01240	0.01447	0.01034	0.01654	0.00930	0.00827	0.01757	0.01447	0.02274	0.01240	0.01447	0.01034	0.00517	0.00517	0.00103	0.00517	0.00413	0.00413	0.79742
48	0.01124	0.00803	0.01124	0.01285	0.01446	0.00803	0.01124	0.01446	0.01606	0.02088	0.03695	0.07871	0.04016	0.01928	0.00964	0.00321	0.00643	0.66426	0.00643	0.00643
49	0.01866	0.75896	0.03657	0.01194	0.01791	0.02761	0.01194	0.02090	0.01418	0.01642	0.00970	0.01119	0.00896	0.00597	0.00448	0.00149	0.00746	0.00373	0.00299	0.00896
50	0.01015	0.00677	0.00761	0.00761	0.00761	0.00677	0.00423	0.01015	0.01015	0.01353	0.02199	0.04567	0.02537	0.75476	0.03552	0.00677	0.00677	0.01015	0.00423	0.00423
51	0.02651	0.02017	0.02089	0.01614	0.02164	0.05351	0.01327	0.65812	0.03222	0.04276	0.01648	0.01657	0.01174	0.00832	0.00695	0.00208	0.00790	0.00620	0.00683	0.01170
52	0.01736	0.01499	0.01578	0.01420	0.01815	0.01736	0.01105	0.03708	0.69862	0.02919	0.02840	0.02604	0.02130	0.00947	0.00710	0.00237	0.00552	0.00789	0.00710	0.01105
53	0.00992	0.00761	0.00940	0.01030	0.01224	0.00709	0.00862	0.01250	0.01599	0.01999	0.05184	0.07361	0.33510	0.01857	0.00902	0.00283	0.00515	0.37758	0.00645	0.00619
54	0.01522	0.01473	0.02383	0.43888	0.31050	0.03876	0.02000	0.01958	0.01491	0.01978	0.01264	0.01788	0.00999	0.00668	0.00693	0.00221	0.00901	0.00615	0.00326	0.00907
55	0.01650	0.01875	0.04076	0.02984	0.05813	0.01761	0.66456	0.02232	0.01645	0.02237	0.01409	0.01877	0.01060	0.00589	0.00819	0.00234	0.01165	0.00817	0.00353	0.00946
56	0.01705	0.01635	0.02792	0.08052	0.67527	0.01652	0.02131	0.02122	0.01578	0.02253	0.01309	0.01734	0.01096	0.00626	0.00691	0.00209	0.00835	0.00622	0.00344	0.01087
57	0.01039	0.01016	0.00863	0.00848	0.01091	0.09208	0.00633	0.01214	0.01627	0.01860	0.06224	0.08798	0.59824	0.01659	0.00804	0.00231	0.00464	0.01371	0.00614	0.00615
58	0.01799	0.51862	0.21219	0.01444	0.02136	0.07563	0.01564	0.02172	0.01473	0.01794	0.01051	0.01221	0.00893	0.00623	0.00517	0.00170	0.00858	0.00416	0.00302	0.00924
59	0.01791	0.54160	0.20362	0.01423	0.02114	0.06271	0.01543	0.02157	0.01462	0.01785	0.01046	0.01214	0.00893	0.00620	0.00511	0.00169	0.00844	0.00412	0.00301	0.00924
60	0.09775	0.02775	0.01880	0.01680	0.02007	0.51623	0.01292	0.06065	0.01846	0.02004	0.01110	0.01336	0.00925	0.00784	0.00817	0.00200	0.10213	0.00477	0.02375	0.00814
61	0.01715	0.04612	0.20472	0.01876	0.06937	0.11707	0.08574	0.05733	0.01673	0.07081	0.02088	0.13722	0.05393	0.01013	0.00794	0.00227	0.04180	0.00853	0.00453	0.00899
62	0.00997	0.00748	0.01121	0.01121	0.01246	0.00872	0.00872	0.01246	0.01121	0.01620	0.01869	0.02741	0.01745	0.05234	0.72710	0.01121	0.01869	0.00748	0.00374	0.00623
63	0.04413	0.04429	0.02133	0.03599	0.02189	0.01635	0.12388	0.19859	0.15283	0.10682	0.02242	0.05704	0.03443	0.00931	0.00722	0.00224	0.00727	0.04323	0.00608	0.04466
64	0.02364	0.02217	0.01828	0.01573	0.01977	0.28821	0.01229	0.15419	0.18239	0.10573	0.04584	0.01952	0.01568	0.00859	0.00740	0.00209	0.03652	0.00631	0.00578	0.00986
65	0.00869	0.00621	0.00811	0.00944	0.00994	0.00581	0.00629	0.00995	0.01356	0.01811	0.07658	0.64144	0.06246	0.07475	0.01079	0.00307	0.00419	0.01859	0.00638	0.00562
66	0.02144	0.07875	0.02476	0.01824	0.02346	0.16936	0.15017	0.20458	0.14780	0.02787	0.01634	0.01746	0.01244	0.00746	0.00683	0.00203	0.00901	0.00629	0.00512	0.05059
67	0.01587	0.14085	0.52231	0.01891	0.02800	0.01843	0.05847	0.07780	0.01626	0.02311	0.01255	0.01460	0.00921	0.00664	0.00643	0.00210	0.00975	0.00521	0.00332	0.01019
68	0.01013	0.00684	0.00801	0.00801	0.00815	0.00698	0.00473	0.01041	0.01027	0.01383	0.02162	0.04363	0.02449	0.67649	0.11258	0.00726	0.00809	0.00985	0.00417	0.00445
69	0.01420	0.01139	0.01175	0.01056	0.01348	0.03867	0.00815	0.13632	0.11958	0.02697	0.16861	0.07931	0.24986	0.01328	0.00756	0.00223	0.00488	0.01109	0.06415	0.00796
70	0.04931	0.40578	0.11531	0.01336	0.01940	0.05258	0.01320	0.08791	0.01714	0.10625	0.03293	0.01628	0.02938	0.00720	0.00557	0.00180	0.00760	0.00511	0.00435	0.00954
71	0.01866	0.75896	0.03657	0.01194	0.01791	0.02761	0.01194	0.02090	0.01418	0.01642	0.00970	0.01119	0.00896	0.00597	0.00448	0.00149	0.00746	0.00373	0.00299	0.00896
72	0.01008	0.00673	0.00763	0.00770	0.00772	0.00672	0.00433	0.01013	0.01029	0.01372	0.02271	0.07656	0.02628	0.72262	0.03435	0.00659	0.00665	0.01057	0.00433	0.00429
73	0.01654	0.01627	0.02902	0.14571	0.51610	0.01657	0.11484	0.02101	0.01568	0.02199	0.01316	0.01769	0.01072	0.00628	0.00711	0.00215	0.00893	0.00650	0.00341	0.01032
74	0.00865	0.00628	0.00852	0.03345	0.01136	0.00599	0.00690	0.00998	0.01338	0.01781	0.03761	0.72636	0.04495	0.02138	0.00884	0.00282	0.00422	0.01939	0.00637	0.00574
75	0.01103	0.00789	0.01099	0.01250	0.01404	0.00784	0.01078	0.01414	0.01608	0.02104	0.06734	0.11392	0.04165	0.01919	0.00954	0.00315	0.00616	0.59987	0.00649	0.00639
76	0.01301	0.00650	0.00650	0.00650	0.00813	0.00650	0.00488	0.01626	0.01463	0.02602	0.02276	0.02602	0.01789	0.00813	0.00488	0.00163	0.00325	0.00650	0.79350	0.00650
77	0.02057	0.25293	0.14572	0.01676	0.02244	0.30040	0.04952	0.02517	0.06927	0.01894	0.01228	0.01389	0.00998	0.00683	0.00596	0.00185	0.01005	0.00483	0.00356	0.00903
78	0.02607	0.03326	0.01978	0.01798	0.02157	0.72674	0.01348	0.02787	0.01978	0.01708	0.01079	0.01258	0.00899	0.00719	0.00629	0.00180	0.01258	0.00449	0.00360	0.00809
79	0.03131	0.01188	0.01619	0.01242	0.01781	0.01026	0.01026	0.03401	0.01997	0.71606	0.02753	0.02375	0.01727	0.00864	0.00702	0.00216	0.00594	0.00702	0.00864	0.01188
80	0.01087	0.00840	0.01033	0.01111	0.01319	0.00825	0.00930	0.01523	0.08272	0.02104	0.04706	0.06982	0.25508	0.01780	0.00894	0.00285	0.00540	0.38942	0.00651	0.00670
81	0.01475	0.01317	0.01886	0.19002	0.13833	0.01455	0.04429	0.02428	0.25134	0.02489	0.16349	0.02796	0.02560	0.00918	0.00733	0.00227	0.00669	0.00822	0.00551	0.00926
82	0.00997	0.00748	0.01121	0.01121	0.01246	0.00872	0.00872	0.01246	0.01121	0.01620	0.01869	0.02741	0.01745	0.05234	0.72710	0.01121	0.01869	0.00748	0.00374	0.00623
83	0.02607	0.03326	0.01978	0.01798	0.02157	0.72674	0.01348	0.02787	0.01978	0.01708	0.01079	0.01258	0.00899	0.00719	0.00629	0.00180	0.01258	0.00449	0.00360	0.00809
84	0.01529	0.01559	0.02430	0.07245	0.02320	0.02039	0.11583	0.01770	0.01179	0.01770	0.01014	0.01604	0.00938	0.01089	0.01955	0.00290	0.57940	0.00643	0.00313	0.00791
85	0.01445	0.01253	0.01770	0.01357	0.01807	0.01151	0.10362	0.07245	0.01757	0.02559	0.21821	0.02645	0.02682	0.00870	0.00786	0.00179	0.05596	0.00753	0.00526	0.33435
86	0.01757	0.48844	0.25377	0.01481	0.02204	0.06187	0.01645	0.02166	0.01466	0.01827	0.01066	0.01240	0.00892	0.00625	0.00526	0.00174	0.00865	0.00423	0.00301	0.00934
87	0.01736	0.01499	0.01578	0.01420	0.01815	0.01736	0.01105	0.03708	0.69862	0.02919	0.02840	0.02604	0.02130	0.00947	0.00710	0.00237	0.00552	0.00789	0.00710	0.01105
88	0.00878	0.00709	0.00781	0.00763	0.00975	0.00612	0.00572	0.01105	0.01717	0.02185	0.27976	0.06222	0.49746	0.01655	0.00824	0.00230	0.00346	0.01404	0.00687	0.00612
89	0.00997	0.00748	0.01121	0.01121	0.01246	0.00872	0.00872	0.01246	0.01121	0.01620	0.01869	0.02741	0.01745	0.05234	0.72710	0.01121	0.01869	0.00748	0.00374	0.00623
90	0.01273	0.01171	0.01426	0.01339	0.01454	0.08051	0.01055	0.01487	0.01189	0.01635	0.01585	0.02372	0.01496	0.05809	0.47812	0.00832	0.18295	0.00695	0.00358	0.00667
91	0.01706	0.01637	0.02794	0.07859	0.67712	0.01652	0.02131	0.02123	0.01579	0.02254	0.01309	0.01734	0.01096	0.00626	0.00691	0.00209	0.00834	0.00622	0.00344	0.01088
92	0.03131	0.01188	0.01619	0.01242	0.01781	0.01026	0.01026	0.03401	0.01997	0.71606	0.02753	0.02375	0.01727	0.00864	0.00702	0.00216	0.00594	0.00702	0.00864	0.01188
93	0.03094	0.01247	0.01656	0.01270	0.01811	0.01113	0.01049	0.08433	0.02096	0.66434	0.02670	0.02321	0.01686	0.00862	0.00701	0.00215	0.00607	0.00696	0.00851	0.01188
94	0.01684	0.01614	0.02755	0.11596	0.64147	0.01647	0.02120	0.02104	0.01569	0.02228	0.01305	0.01741	0.01087	0.00630	0.00692	0.00210	0.00840	0.00622	0.00342	0.01071
95	0.01532	0.01459	0.02480	0.37461	0.39472	0.01607	0.02044	0.01970	0.01497	0.02043	0.01278	0.01791	0.01022	0.00658	0.00694	0.00219	0.00877	0.00621	0.00329	0.00948
96	0.00850	0.00607	0.00810	0.00972	0.01012	0.00567	0.00648	0.00972	0.01336	0.01781	0.03846	0.75020	0.04615	0.02186	0.00891	0.00283	0.00405	0.01984	0.00648	0.00567
97	0.00891	0.00673	0.00980	0.01073	0.01148	0.00628	0.04142	0.01037	0.01352	0.01805	0.03721	0.71259	0.04432	0.02104	0.00887	0.00281	0.00445	0.01924	0.00633	0.00586
98	0.01621	0.01649	0.02688	0.02130	0.02357	0.02035	0.20256	0.05474	0.01350	0.01982	0.01096	0.01634	0.00971	0.01024	0.01794	0.00281	0.49812	0.00671	0.00340	0.00836
99	0.09142	0.01046	0.01245	0.01093	0.01388	0.01071	0.00856	0.05706	0.09921	0.15569	0.33183	0.07813	0.03984	0.01197	0.00802	0.00227	0.03189	0.01003	0.00719	0.00845
100	0.80405	0.01350	0.01026	0.00918	0.01350	0.01565	0.00756	0.02051	0.01188	0.03131	0.00972	0.01134	0.00756	0.00648	0.00432	0.00216	0.00540	0.00378	0.00432	0.00756
101	0.01208	0.00789	0.01029	0.01094	0.01249	0.00763	0.00832	0.04030	0.03417	0.07835	0.07339	0.41627	0.06293	0.01872	0.00875	0.00278	0.00491	0.17624	0.00675	0.00681
102	0.01665	0.01595	0.02721	0.14782	0.61107	0.01642	0.02111	0.02087	0.01560	0.02205	0.01302	0.01747	0.01079	0.00633	0.00692	0.00211	0.00844	0.00622	0.00340	0.01055
103	0.01057	0.00837	0.01153	0.01187	0.01307	0.00881	0.02715	0.01267	0.01410	0.01865	0.03617	0.25244	0.12017	0.07333	0.03600	0.00348	0.08974	0.23995	0.00574	0.00620
104	0.00955	0.00669	0.00870	0.00965	0.01058	0.00635	0.00699	0.01153	0.01498	0.02048	0.17034	0.40072	0.06440	0.06907	0.01048	0.00296	0.00441	0.11919	0.04703	0.00592
105	0.01968	0.01661	0.02486	0.01917	0.02442	0.01731	0.22903	0.20801	0.19991	0.06766	0.04679	0.04012	0.01782	0.00870	0.00758	0.00230	0.00805	0.02560	0.00599	0.01037
106	0.01444	0.01224	0.01463	0.04782	0.01787	0.00980	0.00887	0.03781	0.01539	0.02352	0.06322	0.01750	0.01438	0.00602	0.00554	0.00122	0.00532	0.00493	0.00443	0.67506
107	0.01576	0.23447	0.50335	0.01763	0.02648	0.04779	0.02149	0.02200	0.01478	0.02034	0.01168	0.01368	0.00888	0.00647	0.00603	0.00200	0.00962	0.00474	0.00298	0.00985
108	0.01996	0.02141	0.02526	0.06520	0.45843	0.22657	0.01875	0.04238	0.01744	0.02150	0.01251	0.01593	0.01039	0.00660	0.00673	0.00200	0.00959	0.00571	0.00358	0.01006
109	0.00861	0.00616	0.00802	0.00947	0.00991	0.00576	0.00627	0.00976	0.01322	0.01754	0.03845	0.67354	0.06917	0.07514	0.01082	0.00310	0.00423	0.01894	0.00631	0.00557

[dist]
# distance from previous block
# <min> <max>
6	10

[block]
# block no. 5 follows, 30 sequences, length 17
# corresponding to MSA columns:
# 598-614
name=unknown_F
#
# <colnr> <probs for GDERKNQSTAVLIFYWHMCP>
#	G	D	E	R	K	N	Q	S	T	A	V	L	I	F	Y	W	H	M	C	P
0	0.00995	0.00751	0.00946	0.01044	0.01202	0.00717	0.00828	0.01293	0.04190	0.02025	0.07875	0.24630	0.20964	0.01892	0.00893	0.00282	0.00490	0.27699	0.00654	0.00628
1	0.08760	0.01413	0.01970	0.23588	0.08895	0.03220	0.05199	0.07634	0.01655	0.07949	0.06122	0.01946	0.01423	0.00765	0.00768	0.00210	0.05605	0.00628	0.00450	0.11798
2	0.01694	0.33963	0.28558	0.01625	0.02355	0.02102	0.05494	0.07473	0.01614	0.02137	0.01342	0.01800	0.01137	0.00731	0.00604	0.00197	0.00870	0.04991	0.00356	0.00954
3	0.00862	0.00658	0.00792	0.00865	0.00992	0.00588	0.00608	0.01034	0.01521	0.01969	0.14947	0.40649	0.28148	0.01926	0.00857	0.00257	0.00376	0.01697	0.00666	0.00588
4	0.06476	0.01492	0.01592	0.01332	0.01802	0.01599	0.01056	0.12297	0.40483	0.05028	0.02237	0.02143	0.01681	0.00823	0.00652	0.00204	0.00576	0.00663	0.00636	0.17230
5	0.01931	0.01320	0.01821	0.10028	0.16043	0.01335	0.01311	0.13936	0.01915	0.16349	0.05482	0.02473	0.06526	0.01207	0.06495	0.00279	0.00769	0.00725	0.02987	0.07070
6	0.01611	0.09573	0.38690	0.07225	0.21521	0.01704	0.02213	0.02209	0.01520	0.05493	0.01314	0.01578	0.00989	0.00658	0.00655	0.00211	0.00922	0.00547	0.00337	0.01029
7	0.01618	0.11863	0.43061	0.02078	0.02949	0.01759	0.18250	0.02271	0.01539	0.06231	0.01345	0.01582	0.00977	0.00649	0.00678	0.00215	0.01006	0.00584	0.00343	0.01002
8	0.00874	0.00625	0.00834	0.00978	0.01034	0.00585	0.00670	0.01023	0.01403	0.01882	0.09584	0.66020	0.04758	0.02109	0.00888	0.00280	0.00409	0.04807	0.00658	0.00578
9	0.80405	0.01350	0.01026	0.00918	0.01350	0.01565	0.00756	0.02051	0.01188	0.03131	0.00972	0.01134	0.00756	0.00648	0.00432	0.00216	0.00540	0.00378	0.00432	0.00756
10	0.01015	0.00677	0.00761	0.00761	0.00761	0.00677	0.00423	0.01015	0.01015	0.01353	0.02199	0.04567	0.02537	0.75476	0.03552	0.00677	0.00677	0.01015	0.00423	0.00423
11	0.01672	0.28582	0.37645	0.01670	0.02441	0.02098	0.01922	0.07497	0.01572	0.02152	0.01165	0.01370	0.00915	0.00692	0.00702	0.00201	0.05917	0.00481	0.00329	0.00978
12	0.00939	0.00690	0.00873	0.00929	0.01062	0.00620	0.00659	0.01095	0.01460	0.01954	0.13346	0.42627	0.14893	0.01899	0.00950	0.04714	0.00414	0.04034	0.00628	0.06215
13	0.35322	0.01527	0.05401	0.01266	0.01723	0.01567	0.03744	0.06505	0.16139	0.05486	0.03844	0.01883	0.03115	0.00803	0.00663	0.00219	0.04150	0.00588	0.00522	0.05534
14	0.05002	0.01446	0.05607	0.01262	0.01681	0.03061	0.01060	0.13855	0.09496	0.12818	0.11525	0.04638	0.08478	0.03311	0.00876	0.00227	0.04737	0.00818	0.00623	0.09477
15	0.17725	0.05349	0.28213	0.01735	0.07147	0.04925	0.01687	0.07479	0.01628	0.09864	0.01362	0.01510	0.00996	0.00702	0.00658	0.00210	0.03090	0.00513	0.00427	0.04780
16	0.01654	0.18654	0.10373	0.06246	0.01966	0.01608	0.01239	0.13230	0.01724	0.04884	0.01902	0.12667	0.01840	0.08375	0.00946	0.00253	0.00711	0.04040	0.00477	0.07211

[dist]
# distance from previous block
# <min> <max>
13	62

[block]
# block no. 6 follows, 30 sequences, length 38
# corresponding to MSA columns:
# 697-710,716-739
name=unknown_G
#
# <colnr> <probs for GDERKNQSTAVLIFYWHMCP>
#	G	D	E	R	K	N	Q	S	T	A	V	L	I	F	Y	W	H	M	C	P
0	0.01720	0.02368	0.23324	0.17392	0.15701	0.12039	0.03482	0.02210	0.01560	0.05476	0.01295	0.01626	0.00989	0.00704	0.00757	0.00216	0.04825	0.00565	0.00351	0.03399
1	0.13370	0.05448	0.07727	0.11656	0.05892	0.24537	0.01357	0.03928	0.01613	0.02085	0.01618	0.14533	0.01563	0.00955	0.00656	0.00215	0.00876	0.00753	0.00415	0.00802
2	0.01977	0.06953	0.04985	0.03840	0.12124	0.06891	0.05059	0.02304	0.01688	0.21132	0.02262	0.08462	0.01989	0.01033	0.00730	0.00226	0.00742	0.11950	0.00560	0.05089
3	0.03678	0.12372	0.01809	0.01141	0.01692	0.05917	0.00943	0.07771	0.01677	0.02398	0.07046	0.01714	0.01476	0.00650	0.00553	0.00137	0.00605	0.00499	0.00448	0.47472
4	0.01689	0.01653	0.05066	0.02381	0.26413	0.11765	0.01448	0.02101	0.06454	0.07031	0.02359	0.18769	0.05652	0.01113	0.00779	0.00228	0.02737	0.00965	0.00492	0.00905
5	0.20327	0.01638	0.01646	0.01374	0.01840	0.01859	0.01108	0.28084	0.28608	0.03531	0.01964	0.01910	0.01453	0.00836	0.00641	0.00222	0.00631	0.00633	0.00641	0.01055
6	0.01788	0.01636	0.02565	0.10588	0.42495	0.01741	0.04008	0.11847	0.01764	0.02481	0.01321	0.01707	0.01077	0.00713	0.00843	0.00216	0.07882	0.00619	0.00393	0.04316
7	0.01119	0.00823	0.01078	0.01291	0.11122	0.00827	0.00690	0.01188	0.01103	0.01498	0.02058	0.04089	0.02300	0.62141	0.05425	0.00622	0.00739	0.00948	0.00410	0.00530
8	0.01448	0.03323	0.61711	0.02326	0.13033	0.01626	0.02514	0.02200	0.01490	0.02220	0.01261	0.01511	0.00917	0.00657	0.00667	0.00219	0.01002	0.00531	0.00302	0.01042
9	0.02364	0.01211	0.01638	0.11847	0.02188	0.01074	0.01101	0.02674	0.01745	0.40730	0.02081	0.02024	0.01404	0.00736	0.00646	0.00185	0.00620	0.00604	0.00648	0.24479
10	0.01230	0.00780	0.00931	0.00873	0.01095	0.00718	0.00651	0.01413	0.01499	0.12050	0.07684	0.04998	0.35469	0.13438	0.13601	0.00452	0.00698	0.01155	0.00604	0.00661
11	0.01644	0.01110	0.01455	0.01115	0.01595	0.00909	0.03889	0.01964	0.01709	0.15497	0.21196	0.02707	0.02736	0.00843	0.00652	0.00163	0.00508	0.00726	0.00596	0.38983
12	0.13413	0.64936	0.03270	0.01153	0.01726	0.02585	0.01130	0.02084	0.01384	0.01861	0.00970	0.01121	0.00875	0.00604	0.00445	0.00159	0.00716	0.00374	0.00318	0.00875
13	0.01676	0.47074	0.15363	0.01438	0.05074	0.02187	0.01411	0.02025	0.01423	0.01856	0.01157	0.01381	0.00995	0.00864	0.04416	0.00214	0.00828	0.00444	0.03474	0.06700
14	0.00907	0.00648	0.00875	0.01037	0.01102	0.00616	0.00747	0.01070	0.01392	0.01845	0.03815	0.61087	0.04491	0.02133	0.00906	0.00291	0.00454	0.15356	0.00647	0.00583
15	0.01862	0.01562	0.01649	0.01446	0.01863	0.01795	0.01135	0.12690	0.60674	0.03123	0.02679	0.02475	0.02000	0.00932	0.00708	0.00233	0.00582	0.00767	0.00708	0.01116
16	0.07172	0.01413	0.04442	0.01158	0.01763	0.01146	0.00978	0.09064	0.01708	0.13366	0.01504	0.01596	0.01133	0.00619	0.00565	0.00145	0.00578	0.00483	0.00510	0.50659
17	0.01575	0.12472	0.56719	0.01862	0.02786	0.04747	0.02288	0.05824	0.01585	0.02237	0.01233	0.01431	0.00902	0.00667	0.00637	0.00210	0.00991	0.00501	0.00320	0.01014
18	0.01501	0.03287	0.60205	0.02083	0.03053	0.01616	0.11136	0.02261	0.01517	0.04989	0.01333	0.01563	0.00941	0.00661	0.00685	0.00223	0.01033	0.00563	0.00325	0.01026
19	0.01192	0.00779	0.00881	0.00815	0.01083	0.00665	0.00625	0.01409	0.01718	0.12295	0.17565	0.05815	0.49449	0.01575	0.00806	0.00230	0.00385	0.01323	0.00701	0.00689
20	0.00974	0.00639	0.00854	0.00986	0.01054	0.00592	0.00668	0.01103	0.01372	0.05562	0.03787	0.71087	0.04459	0.02115	0.00880	0.00280	0.00415	0.01914	0.00659	0.00600
21	0.02037	0.02388	0.28583	0.02312	0.16758	0.04748	0.06319	0.06575	0.01769	0.19247	0.01659	0.01775	0.01166	0.00712	0.00689	0.00215	0.00887	0.00607	0.00475	0.01078
22	0.01536	0.01678	0.03533	0.02754	0.08432	0.01580	0.53506	0.02042	0.01597	0.02172	0.01762	0.12623	0.01585	0.00826	0.00823	0.00240	0.01036	0.00979	0.00396	0.00899
23	0.02149	0.01037	0.01353	0.01109	0.01485	0.00951	0.00887	0.07495	0.02086	0.36103	0.32666	0.03573	0.03828	0.01110	0.00755	0.00217	0.00490	0.00943	0.00809	0.00954
24	0.01591	0.01696	0.03416	0.18799	0.17376	0.01696	0.40656	0.02117	0.01580	0.02145	0.01354	0.01847	0.01040	0.00619	0.00769	0.00229	0.01053	0.00738	0.00342	0.00937
25	0.18358	0.01635	0.02011	0.08045	0.22619	0.07718	0.04842	0.06973	0.08558	0.04371	0.01879	0.02065	0.06469	0.00782	0.00651	0.00216	0.00756	0.00650	0.00461	0.00940
26	0.03061	0.01300	0.01689	0.01295	0.01838	0.01193	0.01070	0.13015	0.02186	0.61725	0.02595	0.02272	0.01648	0.00860	0.00701	0.00215	0.00619	0.00691	0.00839	0.01187
27	0.03106	0.01228	0.01644	0.01261	0.01802	0.01086	0.01041	0.06845	0.02065	0.68066	0.02696	0.02338	0.01699	0.00862	0.00702	0.00216	0.00603	0.00698	0.00855	0.01188
28	0.01440	0.01346	0.02463	0.13237	0.18670	0.01351	0.21838	0.01858	0.01524	0.02164	0.01891	0.12371	0.01733	0.00904	0.00737	0.00227	0.00811	0.02575	0.12008	0.00851
29	0.02329	0.02237	0.14135	0.01786	0.04689	0.15372	0.05583	0.14703	0.03789	0.19922	0.03181	0.01840	0.01327	0.00806	0.00782	0.00215	0.05104	0.00621	0.00550	0.01031
30	0.02781	0.01182	0.01583	0.01252	0.01732	0.01090	0.01026	0.08083	0.01967	0.56179	0.02541	0.02376	0.01689	0.01504	0.11288	0.00349	0.00795	0.00703	0.00779	0.01105
31	0.02156	0.12431	0.02405	0.13435	0.22119	0.01724	0.01556	0.11880	0.03763	0.19229	0.01694	0.01832	0.01238	0.00728	0.00660	0.00206	0.00759	0.00610	0.00519	0.01055
32	0.01833	0.08456	0.27976	0.05833	0.07825	0.01577	0.08231	0.02487	0.07001	0.15934	0.04821	0.01960	0.01444	0.00746	0.00683	0.00216	0.00845	0.00639	0.00472	0.01023
33	0.01578	0.01506	0.02563	0.29634	0.46938	0.01619	0.02067	0.02011	0.01518	0.02099	0.01286	0.01776	0.01041	0.00649	0.00693	0.00216	0.00866	0.00621	0.00333	0.00985
34	0.00971	0.00801	0.01297	0.01251	0.01399	0.00747	0.10634	0.01169	0.01410	0.01884	0.05740	0.60064	0.06046	0.01915	0.00877	0.00273	0.00514	0.01775	0.00608	0.00625
35	0.02058	0.01414	0.01600	0.01415	0.04123	0.03730	0.01071	0.23606	0.09457	0.14538	0.02479	0.06769	0.05059	0.12004	0.01199	0.00296	0.03018	0.04575	0.00643	0.00946
36	0.01655	0.01090	0.01522	0.01771	0.15751	0.01068	0.01098	0.08045	0.03968	0.15049	0.04232	0.34003	0.02945	0.03362	0.00859	0.00256	0.00571	0.01261	0.00629	0.00866
37	0.05924	0.01588	0.02672	0.14205	0.55278	0.01641	0.04384	0.02088	0.01541	0.02252	0.01287	0.01720	0.01059	0.00633	0.00683	0.00212	0.00840	0.00615	0.00345	0.01032

[dist]
# distance from previous block
# <min> <max>
1	4

[block]
# block no. 7 follows, 30 sequences, length 25
# corresponding to MSA columns:
# 745-769
name=unknown_H
#
# <colnr> <probs for GDERKNQSTAVLIFYWHMCP>
#	G	D	E	R	K	N	Q	S	T	A	V	L	I	F	Y	W	H	M	C	P
0	0.13031	0.03184	0.01742	0.01584	0.08671	0.11254	0.01143	0.06231	0.04695	0.35104	0.02026	0.02027	0.01425	0.03884	0.00768	0.00228	0.00716	0.00621	0.00639	0.01028
1	0.05801	0.01617	0.01858	0.05855	0.01999	0.05999	0.01297	0.13542	0.13028	0.02464	0.01477	0.01837	0.01233	0.04070	0.01385	0.00261	0.28291	0.00625	0.00463	0.06898
2	0.04839	0.01690	0.02160	0.06984	0.34923	0.09668	0.01613	0.07841	0.08239	0.02487	0.01606	0.01977	0.01306	0.00739	0.00661	0.00207	0.00781	0.02141	0.09153	0.00984
3	0.01069	0.00764	0.01061	0.01222	0.01358	0.00755	0.01028	0.01350	0.01552	0.02026	0.03725	0.21446	0.04137	0.01980	0.00949	0.00314	0.00595	0.53398	0.00644	0.00627
4	0.80405	0.01350	0.01026	0.00918	0.01350	0.01565	0.00756	0.02051	0.01188	0.03131	0.00972	0.01134	0.00756	0.00648	0.00432	0.00216	0.00540	0.00378	0.00432	0.00756
5	0.01015	0.00677	0.00761	0.00761	0.00761	0.00677	0.00423	0.01015	0.01015	0.01353	0.02199	0.04567	0.02537	0.75476	0.03552	0.00677	0.00677	0.01015	0.00423	0.00423
6	0.00850	0.00607	0.00810	0.00972	0.01012	0.00567	0.00648	0.00972	0.01336	0.01781	0.03846	0.75020	0.04615	0.02186	0.00891	0.00283	0.00405	0.01984	0.00648	0.00567
7	0.01428	0.01315	0.02149	0.64204	0.09701	0.01595	0.01917	0.05800	0.01522	0.01976	0.01272	0.01839	0.00959	0.00700	0.00697	0.00229	0.00913	0.00621	0.00336	0.00825
8	0.01709	0.01744	0.03570	0.02610	0.03246	0.01662	0.54682	0.02386	0.07738	0.06273	0.01752	0.02331	0.01369	0.00716	0.00815	0.00239	0.01056	0.04720	0.00431	0.00952
9	0.01690	0.01672	0.02348	0.14533	0.24147	0.10175	0.06814	0.02021	0.01505	0.04159	0.01486	0.06221	0.01346	0.00910	0.01030	0.00239	0.15258	0.03179	0.00379	0.00889
10	0.01829	0.01653	0.02771	0.05799	0.53883	0.01665	0.07460	0.06084	0.04170	0.05701	0.01463	0.01803	0.01168	0.00657	0.00704	0.00212	0.00836	0.00649	0.00403	0.01091
11	0.01909	0.71635	0.03558	0.01229	0.01813	0.06866	0.01203	0.02130	0.01451	0.01646	0.00977	0.01128	0.00896	0.00604	0.00458	0.00151	0.00776	0.00378	0.00302	0.00890
12	0.76436	0.01450	0.01074	0.00963	0.01391	0.05193	0.00786	0.02089	0.01228	0.03058	0.00977	0.01140	0.00763	0.00651	0.00442	0.00214	0.00576	0.00382	0.00428	0.00758
13	0.01932	0.01596	0.01688	0.01460	0.01889	0.01827	0.01152	0.17633	0.55618	0.03236	0.02591	0.02405	0.01928	0.00923	0.00707	0.00231	0.00598	0.00755	0.00707	0.01122
14	0.01736	0.01499	0.01578	0.01420	0.01815	0.01736	0.01105	0.03708	0.69862	0.02919	0.02840	0.02604	0.02130	0.00947	0.00710	0.00237	0.00552	0.00789	0.00710	0.01105
15	0.02396	0.01893	0.02013	0.01606	0.02076	0.04761	0.01312	0.49472	0.13506	0.03797	0.01762	0.01791	0.01298	0.00888	0.00853	0.00222	0.07942	0.00645	0.00649	0.01118
16	0.00918	0.00656	0.00888	0.01050	0.01120	0.00626	0.00766	0.01089	0.01403	0.01858	0.03809	0.58332	0.04466	0.02122	0.00909	0.00293	0.00464	0.17999	0.00646	0.00586
17	0.02398	0.02359	0.02418	0.02273	0.13257	0.31942	0.12473	0.08672	0.01983	0.13299	0.01492	0.01651	0.01116	0.00716	0.00689	0.00202	0.01026	0.00595	0.00467	0.00972
18	0.00866	0.00691	0.00751	0.00767	0.00943	0.00603	0.00548	0.01032	0.01535	0.01911	0.12883	0.15596	0.47697	0.09687	0.01126	0.00288	0.00392	0.01471	0.00637	0.00576
19	0.00872	0.00650	0.00771	0.00856	0.00971	0.00586	0.00592	0.01024	0.01439	0.01872	0.07332	0.43326	0.26969	0.04919	0.00956	0.00276	0.00392	0.01688	0.03933	0.00576
20	0.00966	0.00694	0.00841	0.00853	0.01015	0.00635	0.00637	0.01223	0.01703	0.02346	0.33176	0.16537	0.21631	0.01601	0.00809	0.00234	0.00366	0.05456	0.08652	0.00625
21	0.15702	0.12090	0.01948	0.03760	0.09871	0.01545	0.01121	0.07677	0.01582	0.05289	0.01253	0.01449	0.01008	0.00626	0.00579	0.00164	0.02231	0.00466	0.00429	0.31209
22	0.43873	0.10026	0.06916	0.01227	0.01733	0.10558	0.01089	0.09237	0.01595	0.06502	0.01175	0.01296	0.00896	0.00684	0.00518	0.00204	0.00716	0.00440	0.00449	0.00867
