[name]
unknown

[dist]
# distance from previous block
# <min> <max>
0	21

[block]
# block no. 0 follows, 37 sequences, length 38
# corresponding to MSA columns:
# 40-77
name=unknown_A
#
# <colnr> <probs for GDERKNQSTAVLIFYWHMCP>
#	G	D	E	R	K	N	Q	S	T	A	V	L	I	F	Y	W	H	M	C	P
0	0.05289	0.00761	0.01010	0.01075	0.01265	0.00751	0.00924	0.01468	0.01415	0.10315	0.03091	0.05930	0.05590	0.03781	0.00858	0.00273	0.00546	0.54471	0.00571	0.00617
1	0.10530	0.16752	0.01850	0.01230	0.01636	0.14579	0.01012	0.25035	0.10295	0.04034	0.01363	0.01533	0.01091	0.05678	0.00697	0.00199	0.00692	0.00497	0.00457	0.00843
2	0.01591	0.58935	0.17303	0.01192	0.01784	0.02145	0.01279	0.01936	0.03398	0.04149	0.01003	0.01120	0.00841	0.00552	0.00445	0.00148	0.00694	0.00373	0.00289	0.00823
3	0.01228	0.03166	0.75316	0.01745	0.02649	0.01422	0.02262	0.01939	0.01292	0.01939	0.01099	0.01292	0.00775	0.00582	0.00582	0.00194	0.00905	0.00452	0.00258	0.00905
4	0.01366	0.24477	0.47569	0.01632	0.02400	0.01718	0.09060	0.01911	0.01294	0.01799	0.01043	0.01241	0.00794	0.00558	0.00542	0.00177	0.00847	0.00444	0.00265	0.00863
5	0.00799	0.00623	0.00725	0.00699	0.00873	0.00549	0.00525	0.01025	0.01574	0.02078	0.42271	0.05193	0.38086	0.01392	0.00723	0.00199	0.00299	0.01194	0.00624	0.00549
6	0.00723	0.00620	0.00620	0.00620	0.00827	0.00517	0.00465	0.00878	0.01395	0.01654	0.06201	0.05891	0.74421	0.01550	0.00723	0.00207	0.00310	0.01292	0.00568	0.00517
7	0.01327	0.01263	0.02145	0.42111	0.37784	0.01405	0.01785	0.01714	0.01305	0.01772	0.01118	0.01576	0.00889	0.00580	0.00609	0.00193	0.00774	0.00545	0.00287	0.00818
8	0.01226	0.01181	0.02062	0.61457	0.13464	0.01387	0.07293	0.01637	0.01264	0.01653	0.01108	0.01618	0.00845	0.00596	0.00620	0.00201	0.00821	0.00558	0.00279	0.00730
9	0.01172	0.01104	0.01864	0.73843	0.07268	0.01364	0.01708	0.01578	0.01231	0.01583	0.01091	0.01627	0.00823	0.00609	0.00612	0.00203	0.00812	0.00544	0.00273	0.00693
10	0.00746	0.00533	0.00710	0.00852	0.00888	0.00497	0.00568	0.00852	0.01172	0.01563	0.03374	0.78088	0.04049	0.01918	0.00781	0.00249	0.00355	0.01740	0.00568	0.00497
11	0.00855	0.00712	0.01162	0.01113	0.01248	0.00663	0.11847	0.01027	0.01225	0.01629	0.03162	0.62935	0.06633	0.01682	0.00770	0.00240	0.00459	0.01561	0.00528	0.00550
12	0.00752	0.00618	0.00640	0.00636	0.00816	0.00530	0.00463	0.00901	0.01366	0.01664	0.10863	0.05589	0.61488	0.09811	0.00981	0.00247	0.00339	0.01235	0.00555	0.00506
13	0.01637	0.78856	0.03208	0.01047	0.01571	0.02422	0.01047	0.01833	0.01244	0.01440	0.00851	0.00982	0.00786	0.00524	0.00393	0.00131	0.00655	0.00327	0.00262	0.00786
14	0.82811	0.01184	0.00900	0.00805	0.01184	0.01373	0.00663	0.01799	0.01042	0.02746	0.00852	0.00994	0.00663	0.00568	0.00379	0.00189	0.00474	0.00331	0.00379	0.00663
15	0.01595	0.71153	0.10546	0.01118	0.01681	0.02320	0.01171	0.01844	0.01249	0.01491	0.00876	0.01014	0.00785	0.00530	0.00412	0.00137	0.00680	0.00340	0.00262	0.00798
16	0.82811	0.01184	0.00900	0.00805	0.01184	0.01373	0.00663	0.01799	0.01042	0.02746	0.00852	0.00994	0.00663	0.00568	0.00379	0.00189	0.00474	0.00331	0.00379	0.00663
17	0.01460	0.01185	0.01277	0.01148	0.01470	0.01330	0.00892	0.02868	0.58041	0.05908	0.10049	0.02749	0.07103	0.00918	0.00639	0.00205	0.00455	0.00771	0.00631	0.00902
18	0.82811	0.01184	0.00900	0.00805	0.01184	0.01373	0.00663	0.01799	0.01042	0.02746	0.00852	0.00994	0.00663	0.00568	0.00379	0.00189	0.00474	0.00331	0.00379	0.00663
19	0.01586	0.69574	0.12050	0.01133	0.01703	0.02299	0.01196	0.01846	0.01250	0.01501	0.00881	0.01020	0.00784	0.00531	0.00416	0.00139	0.00685	0.00343	0.00261	0.00800
20	0.01599	0.71822	0.09908	0.01112	0.01671	0.02329	0.01160	0.01843	0.01248	0.01486	0.00874	0.01011	0.00785	0.00529	0.00410	0.00137	0.00678	0.00339	0.00262	0.00797
21	0.01156	0.01088	0.01836	0.77016	0.04216	0.01360	0.01700	0.01564	0.01224	0.01564	0.01088	0.01632	0.00816	0.00612	0.00612	0.00204	0.00816	0.00544	0.00272	0.00680
22	0.01179	0.01111	0.01877	0.72329	0.08724	0.01366	0.01711	0.01584	0.01235	0.01592	0.01092	0.01625	0.00826	0.00608	0.00612	0.00203	0.00810	0.00544	0.00274	0.00699
23	0.00793	0.00619	0.00717	0.00781	0.00900	0.00574	0.00546	0.01018	0.05877	0.01645	0.04334	0.42422	0.30711	0.05053	0.00851	0.00245	0.00357	0.01465	0.00563	0.00529
24	0.02192	0.02766	0.01679	0.01530	0.01833	0.71011	0.01148	0.02356	0.01711	0.01529	0.03530	0.01266	0.00986	0.00778	0.02951	0.00185	0.01092	0.00427	0.00328	0.00700
25	0.00978	0.04954	0.00960	0.00872	0.01030	0.00690	0.00678	0.01194	0.01459	0.05689	0.27209	0.25075	0.11661	0.01479	0.00737	0.00222	0.00390	0.13545	0.00596	0.00582
26	0.00748	0.00541	0.00702	0.00830	0.00877	0.00501	0.00555	0.00855	0.01181	0.01559	0.03545	0.70573	0.09276	0.04060	0.00843	0.00255	0.00359	0.01682	0.00563	0.00495
27	0.00860	0.00595	0.00840	0.00924	0.01000	0.00553	0.02888	0.00990	0.01211	0.04767	0.03261	0.70690	0.03827	0.01817	0.00774	0.00245	0.00389	0.03267	0.00568	0.00533
28	0.01456	0.01394	0.02377	0.15900	0.62991	0.01439	0.01849	0.01826	0.01366	0.01928	0.01141	0.01534	0.00944	0.00556	0.00607	0.00185	0.00742	0.00545	0.00298	0.00922
29	0.01711	0.01470	0.02054	0.01846	0.10803	0.02971	0.15745	0.19775	0.23394	0.04986	0.01849	0.04454	0.01472	0.00774	0.00652	0.00201	0.00685	0.03723	0.00512	0.00922
30	0.00855	0.00590	0.00673	0.00688	0.00718	0.00574	0.00411	0.00893	0.01003	0.01321	0.04919	0.12935	0.10062	0.58947	0.02514	0.00500	0.00526	0.01039	0.00425	0.00408
31	0.00951	0.00741	0.01004	0.04225	0.01229	0.00727	0.04070	0.01143	0.01335	0.04902	0.09028	0.22028	0.28946	0.03702	0.00891	0.00238	0.05349	0.08386	0.00534	0.00571
32	0.01493	0.01445	0.02504	0.07477	0.67670	0.01454	0.05195	0.01866	0.01387	0.01976	0.01152	0.01527	0.00960	0.00547	0.00612	0.00184	0.00746	0.00554	0.00302	0.00948
33	0.01049	0.00537	0.00787	0.00787	0.00787	0.00537	0.00518	0.00805	0.00805	0.01074	0.01135	0.02039	0.01160	0.08469	0.02452	0.75413	0.00537	0.00561	0.00275	0.00275
34	0.01457	0.00769	0.00907	0.00818	0.01053	0.00751	0.00645	0.04617	0.05195	0.16940	0.12923	0.02959	0.05216	0.01006	0.02682	0.00198	0.00414	0.04701	0.36048	0.00702
35	0.02158	0.02449	0.01656	0.01474	0.01790	0.55410	0.01122	0.09257	0.04065	0.05221	0.01174	0.01365	0.00956	0.02567	0.04970	0.00222	0.02561	0.00458	0.00376	0.00749
36	0.01983	0.08211	0.09300	0.01390	0.01865	0.10635	0.01229	0.37293	0.10525	0.04248	0.01568	0.01822	0.01226	0.00762	0.00600	0.00186	0.00715	0.05000	0.00513	0.00928
37	0.01605	0.17668	0.06433	0.01510	0.10622	0.06849	0.01157	0.09891	0.18411	0.02168	0.01552	0.01620	0.03196	0.00650	0.00539	0.00162	0.00629	0.00509	0.00419	0.14410

[dist]
# distance from previous block
# <min> <max>
3	9

[block]
# block no. 1 follows, 37 sequences, length 135
# corresponding to MSA columns:
# 175-309
name=unknown_B
#
# <colnr> <probs for GDERKNQSTAVLIFYWHMCP>
#	G	D	E	R	K	N	Q	S	T	A	V	L	I	F	Y	W	H	M	C	P
0	0.04177	0.00946	0.01140	0.01049	0.01303	0.00969	0.04120	0.09817	0.14401	0.03954	0.05901	0.17315	0.20469	0.01298	0.00704	0.00220	0.00470	0.10476	0.00572	0.00696
1	0.01059	0.00938	0.01451	0.06412	0.04212	0.01118	0.06214	0.01262	0.01059	0.01510	0.01634	0.13977	0.01678	0.08016	0.26527	0.00517	0.20661	0.00806	0.00347	0.00602
2	0.01679	0.57377	0.12654	0.01220	0.01764	0.13272	0.01230	0.01938	0.01324	0.01516	0.00898	0.01042	0.00785	0.00547	0.00442	0.00143	0.00755	0.00354	0.00269	0.00790
3	0.01249	0.01233	0.02203	0.52937	0.09925	0.01434	0.13977	0.01654	0.01258	0.01664	0.01101	0.01606	0.00848	0.00619	0.00721	0.00207	0.05779	0.00575	0.00281	0.00729
4	0.00856	0.00619	0.00831	0.00949	0.01049	0.00594	0.00742	0.01055	0.01330	0.01748	0.08560	0.37184	0.08829	0.01747	0.00801	0.00256	0.00437	0.31306	0.00574	0.00533
5	0.00937	0.00699	0.00950	0.00988	0.01106	0.00681	0.03298	0.06580	0.01393	0.01860	0.08227	0.52619	0.05034	0.01688	0.00770	0.00242	0.00429	0.11363	0.00569	0.00567
6	0.02350	0.01336	0.01789	0.01357	0.01837	0.01322	0.09024	0.28311	0.02129	0.37038	0.05613	0.01937	0.01493	0.00747	0.00632	0.00189	0.00622	0.00629	0.00650	0.00993
7	0.01391	0.01561	0.03346	0.02424	0.02980	0.01484	0.64893	0.01865	0.01408	0.01916	0.01375	0.07076	0.01146	0.00635	0.00771	0.00212	0.03604	0.00788	0.00327	0.00797
8	0.00784	0.00567	0.00746	0.00858	0.00923	0.00536	0.00604	0.00921	0.01224	0.01625	0.07157	0.56948	0.08754	0.04492	0.03634	0.00285	0.00425	0.08452	0.00558	0.00507
9	0.02588	0.01204	0.01475	0.01143	0.01602	0.03175	0.00939	0.16240	0.01948	0.56440	0.02176	0.01947	0.01406	0.00748	0.00606	0.00186	0.00557	0.00595	0.04014	0.01013
10	0.01341	0.01450	0.03009	0.02257	0.04729	0.01384	0.55479	0.01778	0.01394	0.01912	0.01664	0.07523	0.04941	0.00704	0.00761	0.00208	0.03886	0.00808	0.04000	0.00772
11	0.04461	0.00742	0.00746	0.00688	0.00887	0.00767	0.00532	0.10422	0.01482	0.02468	0.02100	0.02313	0.05191	0.00753	0.00464	0.00153	0.00343	0.00596	0.64260	0.00631
12	0.01306	0.05588	0.62515	0.01842	0.05030	0.04217	0.07237	0.01953	0.01321	0.01909	0.01096	0.01308	0.00794	0.00575	0.00585	0.00191	0.00907	0.00469	0.00266	0.00890
13	0.00925	0.00665	0.00824	0.00815	0.00838	0.00725	0.00538	0.00989	0.00955	0.01332	0.01957	0.12160	0.02190	0.49788	0.11647	0.00552	0.08052	0.00914	0.03691	0.00444
14	0.02453	0.03324	0.01548	0.01171	0.01627	0.01220	0.00966	0.19280	0.07596	0.47945	0.02128	0.01937	0.01412	0.00893	0.03391	0.00217	0.00599	0.00600	0.00684	0.01011
15	0.01277	0.00895	0.01372	0.05039	0.01550	0.00883	0.10375	0.03333	0.04228	0.12032	0.12793	0.12493	0.05456	0.09921	0.08175	0.00331	0.00664	0.07997	0.00518	0.00668
16	0.01438	0.01095	0.01584	0.18335	0.18349	0.01158	0.01226	0.06852	0.08974	0.10593	0.04019	0.14601	0.07274	0.00946	0.00651	0.00203	0.00590	0.00835	0.00477	0.00798
17	0.01447	0.01385	0.02362	0.17596	0.61360	0.01437	0.01845	0.01819	0.01362	0.01917	0.01139	0.01537	0.00941	0.00558	0.00607	0.00186	0.00744	0.00545	0.00297	0.00915
18	0.02268	0.01773	0.01774	0.01400	0.01860	0.08980	0.01140	0.57522	0.08789	0.05964	0.01539	0.01525	0.01104	0.00734	0.00608	0.00183	0.00694	0.00550	0.00590	0.01003
19	0.01233	0.08580	0.15091	0.31117	0.03057	0.01405	0.16809	0.01677	0.01333	0.01790	0.08238	0.04247	0.01412	0.00681	0.00626	0.00196	0.00798	0.00639	0.00325	0.00745
20	0.00953	0.00806	0.01108	0.06826	0.01382	0.04073	0.07586	0.01136	0.01229	0.01627	0.02870	0.43619	0.08494	0.06893	0.02493	0.00266	0.00525	0.01290	0.06273	0.00551
21	0.09099	0.00994	0.01099	0.00989	0.01252	0.01057	0.00766	0.12480	0.17069	0.05166	0.21986	0.13069	0.08116	0.01201	0.02705	0.00224	0.00462	0.00928	0.00597	0.00740
22	0.04079	0.01403	0.07357	0.09462	0.02026	0.01311	0.03430	0.20651	0.08059	0.28201	0.01911	0.06316	0.01400	0.00785	0.00620	0.00195	0.00625	0.00648	0.00582	0.00937
23	0.01569	0.01681	0.05656	0.12585	0.16578	0.14102	0.12972	0.05696	0.07943	0.03285	0.01522	0.04753	0.03352	0.00713	0.00677	0.00194	0.03625	0.00629	0.01655	0.00813
24	0.01198	0.00854	0.01097	0.01140	0.01342	0.00885	0.00969	0.05266	0.11906	0.05048	0.06520	0.05650	0.03187	0.01459	0.00786	0.00258	0.00543	0.50639	0.00588	0.00667
25	0.01678	0.01382	0.01313	0.01162	0.01481	0.12996	0.00925	0.18237	0.12096	0.09115	0.02898	0.06045	0.16657	0.01073	0.00665	0.00204	0.00600	0.10124	0.00563	0.00787
26	0.01842	0.13540	0.15811	0.02839	0.02310	0.08886	0.20724	0.08506	0.01599	0.16043	0.01370	0.01498	0.00987	0.00608	0.00598	0.00183	0.00826	0.00543	0.00406	0.00881
27	0.04484	0.02966	0.25018	0.06647	0.05990	0.01408	0.06441	0.17640	0.01734	0.15848	0.01652	0.01729	0.04295	0.00686	0.00605	0.00191	0.00732	0.00566	0.00453	0.00916
28	0.01253	0.02990	0.66978	0.01842	0.02713	0.01436	0.10423	0.01941	0.01310	0.01941	0.01115	0.01334	0.00793	0.00574	0.00598	0.00195	0.00919	0.00484	0.00264	0.00895
29	0.00840	0.00628	0.00908	0.06252	0.01208	0.00613	0.03650	0.01010	0.01233	0.01692	0.07891	0.59082	0.03633	0.01636	0.00738	0.00232	0.00406	0.01487	0.06327	0.00535
30	0.01416	0.08166	0.22090	0.02335	0.27662	0.07453	0.08347	0.01842	0.01411	0.01909	0.06568	0.01833	0.04981	0.00659	0.00603	0.00183	0.00776	0.00585	0.00329	0.00852
31	0.02238	0.02654	0.01800	0.01706	0.06944	0.60887	0.01228	0.11841	0.01865	0.01850	0.01031	0.01182	0.00835	0.00639	0.00564	0.00163	0.01020	0.00426	0.00354	0.00772
32	0.00874	0.00656	0.00984	0.00984	0.01093	0.00765	0.00765	0.01093	0.00984	0.01421	0.01640	0.02405	0.01530	0.04591	0.76062	0.00984	0.01640	0.00656	0.00328	0.00547
33	0.01544	0.04973	0.32133	0.02167	0.18039	0.01465	0.11853	0.05482	0.05756	0.08716	0.01341	0.01520	0.00985	0.00600	0.00607	0.00191	0.00804	0.00540	0.00359	0.00926
34	0.01767	0.02734	0.04185	0.05101	0.20606	0.13480	0.07305	0.07053	0.12450	0.10812	0.01703	0.01914	0.03547	0.02865	0.00685	0.00199	0.00738	0.01542	0.00440	0.00876
35	0.00908	0.00595	0.00760	0.00821	0.00929	0.00540	0.00578	0.01037	0.01290	0.06866	0.09301	0.49580	0.17170	0.01717	0.00810	0.03045	0.00363	0.02569	0.00580	0.00539
36	0.01985	0.01486	0.01829	0.01559	0.06983	0.01618	0.05570	0.44157	0.04914	0.07474	0.03958	0.01813	0.01313	0.04944	0.03451	0.00240	0.04621	0.00610	0.00543	0.00933
37	0.01601	0.17483	0.14702	0.03223	0.20865	0.03551	0.10550	0.04223	0.01437	0.08617	0.01336	0.01704	0.01077	0.00631	0.00579	0.00181	0.00751	0.03792	0.02829	0.00869
38	0.02764	0.04052	0.15201	0.01889	0.14377	0.07262	0.08794	0.09687	0.09899	0.03320	0.04058	0.02096	0.05996	0.00768	0.00692	0.00196	0.04496	0.03191	0.00411	0.00850
39	0.00824	0.00686	0.00807	0.00807	0.00953	0.00676	0.00616	0.00983	0.01299	0.01642	0.07499	0.14378	0.44332	0.04381	0.04798	0.00276	0.07841	0.06147	0.00524	0.00531
40	0.01432	0.04861	0.48268	0.07257	0.09257	0.04142	0.06427	0.02005	0.01357	0.07602	0.01201	0.01405	0.00864	0.00590	0.00591	0.00191	0.00860	0.00491	0.00308	0.00890
41	0.01366	0.03766	0.22056	0.01837	0.10707	0.07068	0.13249	0.04575	0.05999	0.02057	0.10513	0.03574	0.03996	0.00801	0.00648	0.00198	0.00753	0.05630	0.00400	0.00808
42	0.13691	0.07888	0.14026	0.08449	0.13921	0.04993	0.08873	0.12799	0.03304	0.02279	0.01218	0.03701	0.00978	0.00638	0.00568	0.00187	0.00744	0.00533	0.00366	0.00843
43	0.00735	0.00616	0.00641	0.00659	0.00848	0.00522	0.00493	0.00890	0.01376	0.01652	0.05846	0.12245	0.65674	0.01588	0.00733	0.00213	0.00323	0.03860	0.00568	0.00517
44	0.01403	0.07754	0.41674	0.01612	0.04415	0.01366	0.06609	0.04402	0.04035	0.08224	0.03894	0.07126	0.01329	0.00821	0.02487	0.00213	0.00792	0.00612	0.00370	0.00862
45	0.01392	0.07839	0.16269	0.09550	0.10577	0.01318	0.01328	0.06528	0.12345	0.05895	0.08020	0.08219	0.04450	0.00837	0.00612	0.00193	0.00621	0.00708	0.02478	0.00821
46	0.02078	0.01006	0.04536	0.01010	0.01403	0.00818	0.00854	0.02346	0.01708	0.48870	0.21548	0.02900	0.06335	0.00921	0.00648	0.00191	0.00466	0.00773	0.00703	0.00886
47	0.01548	0.01457	0.02440	0.08089	0.62516	0.01484	0.04394	0.06894	0.01491	0.02104	0.01173	0.01524	0.00964	0.00562	0.00611	0.00184	0.00740	0.00552	0.00323	0.00951
48	0.02836	0.04435	0.20016	0.02985	0.18295	0.02935	0.04028	0.06468	0.07904	0.06549	0.02906	0.01946	0.06362	0.00715	0.00626	0.00188	0.02589	0.00596	0.06764	0.00859
49	0.10217	0.14722	0.30095	0.01506	0.02121	0.10129	0.06450	0.05500	0.03652	0.04396	0.01425	0.01579	0.04218	0.00682	0.00575	0.00193	0.00806	0.00509	0.00364	0.00860
50	0.00911	0.00750	0.00760	0.00726	0.00958	0.00658	0.00547	0.06034	0.01541	0.01874	0.05877	0.05621	0.68459	0.01527	0.00743	0.00217	0.00361	0.01252	0.00592	0.00591
51	0.01358	0.10814	0.41803	0.01589	0.04697	0.01482	0.02850	0.02086	0.13159	0.02111	0.10299	0.01928	0.01640	0.00741	0.00617	0.00201	0.00748	0.00587	0.00395	0.00896
52	0.03810	0.01845	0.18659	0.03350	0.19015	0.01452	0.11589	0.10616	0.02666	0.16065	0.01496	0.01673	0.01094	0.00680	0.00686	0.00206	0.03104	0.00581	0.00445	0.00968
53	0.01937	0.01532	0.01683	0.01372	0.01790	0.04193	0.04691	0.34369	0.24529	0.05690	0.02343	0.02290	0.08930	0.00879	0.00659	0.00206	0.00627	0.00698	0.00611	0.00973
54	0.01505	0.01415	0.02366	0.12610	0.62302	0.01437	0.01820	0.01841	0.01405	0.01988	0.01302	0.04733	0.01140	0.00655	0.00643	0.00200	0.00744	0.00615	0.00334	0.00947
55	0.01613	0.04410	0.18364	0.03468	0.15176	0.03557	0.06367	0.03264	0.08136	0.13450	0.03079	0.08303	0.06312	0.00852	0.00655	0.00208	0.00700	0.00726	0.00466	0.00895
56	0.01648	0.15357	0.38770	0.01555	0.02190	0.11644	0.01699	0.02076	0.01408	0.08541	0.02542	0.01446	0.01007	0.00691	0.00692	0.00196	0.06835	0.00480	0.00345	0.00879
57	0.00841	0.00595	0.00756	0.00872	0.00909	0.00555	0.00570	0.00912	0.01172	0.01570	0.03199	0.66167	0.03804	0.13495	0.01160	0.00312	0.00416	0.01620	0.00559	0.00515
58	0.01390	0.01217	0.07740	0.01508	0.07991	0.01010	0.12346	0.01785	0.05443	0.12048	0.24291	0.04560	0.11784	0.01027	0.00713	0.00212	0.00576	0.03011	0.00560	0.00789
59	0.01378	0.05250	0.18789	0.05450	0.11139	0.03936	0.15820	0.01954	0.10963	0.01976	0.01921	0.11661	0.05226	0.00863	0.00672	0.00213	0.00763	0.00777	0.00405	0.00843
60	0.02798	0.01089	0.01465	0.01134	0.01609	0.00939	0.00927	0.03013	0.01789	0.74349	0.02469	0.02169	0.01573	0.00801	0.00644	0.00202	0.00544	0.00636	0.00776	0.01073
61	0.01557	0.06980	0.02560	0.09482	0.60204	0.01552	0.04576	0.01895	0.01412	0.01983	0.01196	0.01584	0.01007	0.00594	0.00625	0.00193	0.00762	0.00558	0.00322	0.00959
62	0.01355	0.01617	0.12970	0.07333	0.07201	0.06559	0.14498	0.01948	0.13372	0.02061	0.10426	0.05380	0.10708	0.00902	0.00686	0.00212	0.00711	0.00797	0.00457	0.00808
63	0.00865	0.00662	0.00776	0.00776	0.00933	0.00594	0.00568	0.01024	0.01459	0.01910	0.25859	0.14202	0.36464	0.01778	0.06174	0.03128	0.00437	0.01234	0.00593	0.00563
64	0.01278	0.01189	0.01972	0.65364	0.14680	0.01408	0.01745	0.01657	0.01292	0.01693	0.01166	0.01705	0.00905	0.00647	0.00640	0.00213	0.00823	0.00566	0.00301	0.00758
65	0.01529	0.01485	0.02611	0.11835	0.55394	0.01491	0.12339	0.01898	0.01423	0.02005	0.01225	0.01640	0.01010	0.00595	0.00653	0.00200	0.00803	0.00593	0.00324	0.00948
66	0.02309	0.02893	0.01852	0.01657	0.01988	0.72217	0.04103	0.02461	0.01760	0.01582	0.01028	0.01223	0.00860	0.00671	0.00588	0.00172	0.01118	0.00431	0.00339	0.00749
67	0.01422	0.01379	0.02051	0.42281	0.26511	0.06732	0.01704	0.01761	0.01353	0.01769	0.01226	0.01806	0.01015	0.00688	0.00690	0.00211	0.03483	0.02794	0.00318	0.00806
68	0.00919	0.00687	0.00857	0.00946	0.01086	0.00637	0.00747	0.01101	0.01402	0.01803	0.07059	0.23499	0.24192	0.01720	0.00816	0.00260	0.00452	0.30652	0.00591	0.00571
69	0.01297	0.02808	0.60687	0.04827	0.02651	0.01414	0.05715	0.01961	0.03541	0.01996	0.01359	0.01824	0.01068	0.00707	0.00638	0.00214	0.00891	0.05181	0.00317	0.00903
70	0.00958	0.00704	0.01014	0.01011	0.01128	0.00797	0.00779	0.01159	0.01042	0.01526	0.01718	0.02482	0.01590	0.04419	0.71867	0.00950	0.01590	0.00672	0.04011	0.00584
71	0.01656	0.57162	0.14568	0.01212	0.01784	0.05671	0.01257	0.07408	0.01402	0.01711	0.00943	0.01075	0.00804	0.00554	0.00448	0.00146	0.00717	0.00368	0.00291	0.00821
72	0.01341	0.00813	0.01117	0.01010	0.01232	0.00768	0.04015	0.07039	0.01615	0.16397	0.24807	0.27634	0.03682	0.01318	0.00718	0.00214	0.00433	0.04527	0.00629	0.00689
73	0.00755	0.00547	0.00717	0.00849	0.00901	0.00508	0.00580	0.00874	0.01199	0.01582	0.03569	0.69617	0.09029	0.01881	0.00780	0.00247	0.00362	0.04933	0.00568	0.00502
74	0.06329	0.01065	0.01407	0.01084	0.01554	0.00945	0.00896	0.04631	0.01748	0.70107	0.02322	0.02020	0.01465	0.00749	0.00605	0.00189	0.00522	0.00601	0.00737	0.01025
75	0.05375	0.01466	0.02220	0.16602	0.35412	0.04819	0.08470	0.11522	0.01581	0.02198	0.03681	0.01606	0.01089	0.00610	0.00610	0.00188	0.00756	0.00566	0.00357	0.00872
76	0.01223	0.04951	0.01117	0.00944	0.01152	0.08441	0.00721	0.06169	0.03627	0.05472	0.37818	0.16543	0.07006	0.01212	0.00684	0.00196	0.00444	0.01043	0.00592	0.00647
77	0.00723	0.00620	0.00620	0.00620	0.00827	0.00517	0.00465	0.00878	0.01395	0.01654	0.06201	0.05891	0.74421	0.01550	0.00723	0.00207	0.00310	0.01292	0.00568	0.00517
78	0.01963	0.04819	0.03962	0.02064	0.19890	0.26476	0.05982	0.13191	0.01756	0.08357	0.01338	0.04991	0.01097	0.00684	0.00597	0.00178	0.00832	0.00559	0.00405	0.00860
79	0.01445	0.04994	0.43483	0.01979	0.07733	0.01425	0.17988	0.02019	0.01382	0.08652	0.02400	0.01504	0.00971	0.00589	0.00614	0.00193	0.00868	0.00541	0.00326	0.00895
80	0.01416	0.01774	0.10372	0.02431	0.03033	0.01559	0.60652	0.01924	0.01394	0.01924	0.01194	0.01595	0.00905	0.00562	0.00800	0.00210	0.06448	0.00683	0.00302	0.00822
81	0.01274	0.01104	0.01335	0.00953	0.01499	0.00836	0.02728	0.01553	0.01274	0.01994	0.01092	0.01280	0.00907	0.00455	0.00461	0.00094	0.00469	0.00373	0.00361	0.79957
82	0.01726	0.67320	0.02935	0.01044	0.01564	0.02192	0.01017	0.01930	0.01294	0.08624	0.01015	0.01104	0.00863	0.00543	0.00418	0.00135	0.00631	0.00357	0.00315	0.04974
83	0.01156	0.01088	0.01836	0.77016	0.04216	0.01360	0.01700	0.01564	0.01224	0.01564	0.01088	0.01632	0.00816	0.00612	0.00612	0.00204	0.00816	0.00544	0.00272	0.00680
84	0.01413	0.01313	0.02178	0.12684	0.54529	0.01350	0.01685	0.04097	0.01416	0.01985	0.03409	0.07220	0.01356	0.00700	0.00627	0.00192	0.00695	0.01927	0.00344	0.00883
85	0.01458	0.09224	0.48108	0.01826	0.05595	0.09979	0.09539	0.02014	0.01371	0.03765	0.01112	0.01314	0.00822	0.00578	0.00579	0.00185	0.00902	0.00473	0.00286	0.00870
86	0.01510	0.01219	0.01319	0.01191	0.01521	0.01368	0.00943	0.07797	0.53181	0.05185	0.02779	0.02953	0.07626	0.00962	0.00652	0.00212	0.00493	0.07571	0.00617	0.00902
87	0.05259	0.07772	0.06464	0.01431	0.01803	0.24622	0.11780	0.03042	0.03035	0.04765	0.05319	0.09223	0.08791	0.00868	0.00657	0.00188	0.03143	0.00713	0.00404	0.00721
88	0.01338	0.02053	0.29411	0.10135	0.24334	0.05183	0.03735	0.01829	0.02485	0.01897	0.04613	0.03791	0.02301	0.00679	0.00662	0.00194	0.03615	0.00580	0.00316	0.00849
89	0.01366	0.01536	0.09969	0.20157	0.32339	0.01431	0.13112	0.01784	0.01323	0.01869	0.01160	0.01563	0.00922	0.00595	0.00693	0.00195	0.04977	0.00564	0.03605	0.00840
90	0.00788	0.00610	0.00786	0.00873	0.00934	0.00608	0.00612	0.00905	0.01190	0.01571	0.03636	0.60262	0.15327	0.01791	0.00868	0.00243	0.06363	0.01573	0.00545	0.00514
91	0.04838	0.06448	0.33886	0.01468	0.04488	0.02503	0.01528	0.10370	0.01562	0.12499	0.05279	0.07209	0.01491	0.00785	0.00601	0.00194	0.00707	0.02845	0.00432	0.00866
92	0.04872	0.01646	0.06741	0.01944	0.11115	0.06808	0.20485	0.05826	0.26572	0.03059	0.01766	0.01868	0.03076	0.00682	0.00632	0.00198	0.00738	0.00639	0.00444	0.00888
93	0.00742	0.00548	0.00694	0.00811	0.00877	0.00501	0.00550	0.00857	0.01212	0.01579	0.03882	0.65106	0.16702	0.01852	0.00771	0.00241	0.00347	0.01660	0.00568	0.00501
94	0.01427	0.01413	0.02495	0.13129	0.42566	0.01496	0.14272	0.01795	0.01323	0.01874	0.01128	0.01545	0.00930	0.00615	0.00795	0.00199	0.10074	0.00576	0.01484	0.00863
95	0.01768	0.02737	0.07917	0.04717	0.26647	0.04681	0.05713	0.04233	0.10017	0.17946	0.01761	0.01915	0.03432	0.00695	0.00639	0.00192	0.01853	0.01758	0.00456	0.00924
96	0.01319	0.12679	0.60506	0.01694	0.02520	0.03584	0.05666	0.01940	0.01306	0.01865	0.01070	0.01266	0.00785	0.00572	0.00564	0.00186	0.00885	0.00449	0.00263	0.00880
97	0.00747	0.00551	0.00701	0.00820	0.00886	0.00505	0.00560	0.00866	0.01215	0.01584	0.03845	0.64413	0.15827	0.01851	0.00773	0.00242	0.00352	0.03191	0.00568	0.00502
98	0.16330	0.14221	0.06848	0.04562	0.11246	0.01470	0.03737	0.09138	0.03267	0.09492	0.04329	0.01752	0.04041	0.00952	0.05910	0.00237	0.00695	0.00541	0.00418	0.00813
99	0.01730	0.04638	0.20654	0.05797	0.08135	0.10474	0.12234	0.12549	0.05831	0.08766	0.01385	0.02661	0.01037	0.00647	0.00609	0.00189	0.00819	0.00557	0.00400	0.00889
100	0.00810	0.00629	0.00956	0.00997	0.01083	0.00598	0.06197	0.00956	0.01180	0.01584	0.03084	0.66735	0.03626	0.01998	0.06130	0.00298	0.00499	0.01584	0.00531	0.00526
101	0.05614	0.01964	0.20803	0.04611	0.22310	0.08835	0.07072	0.02000	0.07713	0.01982	0.03692	0.01678	0.01162	0.00672	0.00694	0.00196	0.05778	0.02035	0.00340	0.00850
102	0.02768	0.06070	0.49742	0.01731	0.04910	0.04947	0.06109	0.03101	0.02539	0.05618	0.03215	0.01446	0.00990	0.00628	0.00637	0.00192	0.03669	0.00496	0.00316	0.00876
103	0.01485	0.01813	0.16487	0.05341	0.36556	0.05718	0.04307	0.03204	0.11411	0.02061	0.01359	0.01597	0.01067	0.00609	0.00597	0.00186	0.00744	0.00546	0.04004	0.00909
104	0.01404	0.01223	0.01893	0.13348	0.32348	0.01288	0.03831	0.12109	0.01503	0.02063	0.01553	0.11219	0.01464	0.07051	0.04779	0.00269	0.00734	0.00732	0.00384	0.00806
105	0.01416	0.01847	0.25566	0.07973	0.05584	0.03348	0.12653	0.01887	0.03134	0.10236	0.04331	0.08327	0.03017	0.00812	0.00731	0.00206	0.05559	0.02167	0.00392	0.00812
106	0.01411	0.03591	0.08234	0.06201	0.24955	0.01410	0.15871	0.07879	0.01477	0.02044	0.03110	0.07144	0.01459	0.00800	0.00746	0.00206	0.05617	0.06645	0.00371	0.00828
107	0.00766	0.00560	0.00726	0.00850	0.00917	0.00520	0.00596	0.00896	0.01222	0.01600	0.03709	0.62345	0.12652	0.01851	0.00780	0.00247	0.00370	0.08320	0.00568	0.00506
108	0.01348	0.09518	0.54271	0.01764	0.07529	0.07296	0.01958	0.01925	0.01352	0.01891	0.04813	0.01434	0.01047	0.00612	0.00572	0.00185	0.00854	0.00477	0.00288	0.00867
109	0.01526	0.01549	0.07471	0.21709	0.11352	0.03777	0.16055	0.11207	0.01506	0.04691	0.01210	0.01604	0.00944	0.02695	0.00861	0.00214	0.09886	0.00581	0.00349	0.00813
110	0.01489	0.01433	0.02444	0.08331	0.64487	0.01455	0.04589	0.01915	0.04202	0.01992	0.01203	0.01558	0.00993	0.00560	0.00612	0.00185	0.00735	0.00558	0.00314	0.00945
111	0.00768	0.00547	0.00699	0.00812	0.00849	0.00514	0.00531	0.00860	0.01136	0.01505	0.03264	0.62708	0.06907	0.14449	0.01161	0.00303	0.00392	0.01581	0.00536	0.00477
112	0.01458	0.27506	0.33695	0.01537	0.02203	0.03220	0.09951	0.03098	0.02482	0.04131	0.01203	0.04719	0.00989	0.00628	0.00547	0.00176	0.00794	0.00511	0.00308	0.00842
113	0.01308	0.01221	0.01493	0.01885	0.21857	0.10678	0.01197	0.01678	0.06452	0.01882	0.05212	0.12150	0.02490	0.01181	0.00713	0.00225	0.00639	0.26556	0.00468	0.00717
114	0.01181	0.01113	0.01881	0.71921	0.09116	0.01367	0.01712	0.01586	0.01236	0.01594	0.01092	0.01624	0.00827	0.00607	0.00612	0.00202	0.00810	0.00544	0.00274	0.00700
115	0.01236	0.01182	0.02038	0.60028	0.17207	0.01386	0.04994	0.01641	0.01266	0.01663	0.01107	0.01611	0.00850	0.00595	0.00616	0.00200	0.00810	0.00552	0.00279	0.00740
116	0.01603	0.01636	0.02447	0.03448	0.62890	0.10242	0.04963	0.01949	0.01436	0.01939	0.01131	0.01473	0.00946	0.00554	0.00605	0.00180	0.00785	0.00536	0.00305	0.00933
117	0.01491	0.25676	0.03403	0.05591	0.02740	0.01811	0.46887	0.01902	0.01372	0.01780	0.01111	0.01442	0.00879	0.00523	0.00615	0.00183	0.00904	0.00591	0.00293	0.00806
118	0.00882	0.00593	0.00680	0.00684	0.00696	0.00588	0.00395	0.00907	0.00963	0.01295	0.07147	0.07518	0.02563	0.69406	0.02836	0.00549	0.00561	0.00945	0.00402	0.00392
119	0.01572	0.01335	0.01754	0.06850	0.01818	0.01708	0.01252	0.09540	0.12860	0.07661	0.01292	0.01583	0.01056	0.00939	0.01428	0.00238	0.45356	0.00569	0.00400	0.00787
120	0.00942	0.00624	0.00794	0.00772	0.00917	0.00574	0.00571	0.01189	0.01582	0.05497	0.48935	0.16480	0.09853	0.01318	0.00704	0.00199	0.00311	0.01160	0.06996	0.00580
121	0.00781	0.00554	0.00724	0.00833	0.00878	0.00522	0.00561	0.00897	0.01197	0.01606	0.09369	0.60766	0.03972	0.10629	0.01046	0.00284	0.00384	0.03950	0.00555	0.00492
122	0.01075	0.00856	0.00964	0.00971	0.01143	0.04280	0.00774	0.04966	0.05868	0.01973	0.16453	0.05133	0.14080	0.10898	0.01045	0.00277	0.00504	0.27593	0.00555	0.00591
123	0.01662	0.01312	0.01432	0.06478	0.01711	0.06626	0.01014	0.25292	0.12846	0.05700	0.08464	0.02527	0.01888	0.04213	0.10313	0.00312	0.00755	0.06108	0.00532	0.00814
124	0.02096	0.01487	0.01628	0.01306	0.01732	0.01628	0.01057	0.47926	0.15500	0.10064	0.01892	0.07659	0.01471	0.00847	0.00628	0.00194	0.00600	0.00676	0.00624	0.00985
125	0.01142	0.00687	0.00800	0.00755	0.00981	0.00593	0.00571	0.01316	0.01444	0.15980	0.08657	0.16512	0.42853	0.01412	0.00702	0.00207	0.00356	0.01199	0.03212	0.00621
126	0.01534	0.01563	0.01935	0.06703	0.01973	0.13621	0.09496	0.04261	0.04666	0.03700	0.02811	0.01626	0.02514	0.01008	0.03866	0.00252	0.36830	0.00577	0.00340	0.00723
127	0.01507	0.05743	0.25654	0.02132	0.05264	0.01593	0.35224	0.11418	0.01578	0.02185	0.01205	0.01479	0.00891	0.00567	0.00644	0.00195	0.00916	0.00591	0.00332	0.00882
128	0.00753	0.00536	0.00708	0.00844	0.00878	0.00502	0.00559	0.00854	0.01159	0.01545	0.03306	0.74616	0.03963	0.05506	0.00891	0.00265	0.00366	0.01700	0.00559	0.00491
129	0.01415	0.01737	0.13260	0.05556	0.04988	0.01460	0.43093	0.06937	0.04872	0.02073	0.01451	0.07582	0.01199	0.00670	0.00686	0.00205	0.00891	0.00736	0.00357	0.00831
130	0.16077	0.01562	0.09313	0.04460	0.07398	0.06523	0.05433	0.08323	0.03344	0.21708	0.03499	0.01625	0.01171	0.00697	0.00674	0.00194	0.06122	0.00536	0.00476	0.00864
131	0.01232	0.10797	0.04450	0.01455	0.06672	0.01178	0.10085	0.06560	0.04685	0.01932	0.02484	0.17535	0.06130	0.01204	0.00702	0.00223	0.00611	0.20891	0.00472	0.00703
132	0.00986	0.00660	0.00820	0.00872	0.00997	0.00624	0.00616	0.03431	0.04699	0.07440	0.03628	0.55137	0.14385	0.01682	0.00747	0.00234	0.00377	0.01497	0.00587	0.00582
133	0.04683	0.41730	0.20850	0.01253	0.01852	0.04457	0.01330	0.05332	0.01402	0.10361	0.01129	0.01216	0.00876	0.00581	0.00481	0.00159	0.00711	0.00405	0.00342	0.00850
134	0.01392	0.10547	0.37049	0.01512	0.02136	0.01346	0.07709	0.01872	0.01346	0.09002	0.03280	0.02215	0.01369	0.03781	0.00735	0.00212	0.02313	0.08780	0.00366	0.03036

[dist]
# distance from previous block
# <min> <max>
18	110

# created by:
# /home/cegg/simao/soft/augustus-3.2.1/scripts/msa2prfl.pl ./align_prep/EOG090W0F5G.fa
