[name]
unknown

[dist]
# distance from previous block
# <min> <max>
4	164

[block]
# block no. 0 follows, 35 sequences, length 13
# corresponding to MSA columns:
# 165-177
name=unknown_A
#
# <colnr> <probs for GDERKNQSTAVLIFYWHMCP>
#	G	D	E	R	K	N	Q	S	T	A	V	L	I	F	Y	W	H	M	C	P
0	0.01020	0.00705	0.00847	0.00887	0.01006	0.00713	0.00625	0.01403	0.11441	0.03788	0.07016	0.39409	0.05049	0.09075	0.03730	0.00295	0.00451	0.01289	0.10647	0.00604
1	0.13815	0.00827	0.00923	0.00899	0.01101	0.00840	0.00670	0.01568	0.08726	0.08492	0.13925	0.21934	0.09765	0.09087	0.00946	0.00263	0.00437	0.04555	0.00578	0.00648
2	0.01070	0.00716	0.00853	0.00849	0.01013	0.00675	0.00616	0.05180	0.03056	0.07115	0.12954	0.31954	0.20613	0.05209	0.00859	0.00242	0.00390	0.01325	0.04700	0.00612
3	0.56368	0.01184	0.01029	0.00914	0.01279	0.03792	0.00746	0.01951	0.01296	0.12091	0.08824	0.01882	0.01513	0.00750	0.00493	0.00200	0.00504	0.03975	0.00484	0.00726
4	0.00830	0.00599	0.00756	0.00842	0.00940	0.00554	0.00604	0.01002	0.01367	0.01835	0.14467	0.45084	0.15473	0.01741	0.00779	0.00240	0.00366	0.07493	0.04489	0.00541
5	0.00947	0.00701	0.00824	0.00857	0.00957	0.00695	0.00583	0.03760	0.07511	0.01759	0.07165	0.36384	0.11706	0.21516	0.01410	0.00336	0.00447	0.01341	0.00548	0.00552
6	0.06606	0.00704	0.00919	0.01121	0.07304	0.00688	0.00705	0.01082	0.01242	0.01768	0.06847	0.49333	0.05720	0.09460	0.01009	0.00280	0.00438	0.03674	0.00536	0.00564
7	0.00992	0.00772	0.01225	0.01122	0.01282	0.00722	0.11752	0.01172	0.01276	0.04109	0.05830	0.43367	0.07399	0.12640	0.01131	0.00293	0.00513	0.01388	0.02440	0.00575
8	0.02030	0.07829	0.01485	0.01064	0.01463	0.01187	0.00876	0.14800	0.05805	0.30171	0.09766	0.02708	0.10597	0.00912	0.00629	0.00190	0.00511	0.00737	0.06338	0.00903
9	0.53375	0.03613	0.01088	0.00913	0.01268	0.01298	0.00741	0.05656	0.01270	0.08466	0.01505	0.08080	0.03354	0.01060	0.05742	0.00258	0.00582	0.00562	0.00454	0.00717
10	0.01080	0.00768	0.00869	0.00847	0.00980	0.02612	0.00599	0.01394	0.08595	0.04128	0.17341	0.12398	0.08767	0.20106	0.05833	0.03496	0.00529	0.01004	0.08078	0.00576
11	0.07735	0.01492	0.06523	0.01213	0.01583	0.09366	0.01029	0.11558	0.08126	0.17285	0.13676	0.02314	0.03674	0.00872	0.00724	0.00198	0.06048	0.00669	0.05066	0.00849
12	0.01583	0.01668	0.08580	0.18471	0.09256	0.07900	0.15657	0.07221	0.05601	0.06116	0.01638	0.01909	0.05031	0.00811	0.02524	0.00225	0.03941	0.00638	0.00389	0.00839

[dist]
# distance from previous block
# <min> <max>
3	24

[block]
# block no. 1 follows, 35 sequences, length 8
# corresponding to MSA columns:
# 202-209
name=unknown_B
#
# <colnr> <probs for GDERKNQSTAVLIFYWHMCP>
#	G	D	E	R	K	N	Q	S	T	A	V	L	I	F	Y	W	H	M	C	P
0	0.01808	0.25409	0.15837	0.01341	0.01873	0.13967	0.01293	0.07574	0.07136	0.08329	0.04112	0.03533	0.01278	0.00701	0.00554	0.00173	0.00751	0.00520	0.00410	0.03401
1	0.06412	0.01297	0.08967	0.01138	0.01494	0.01171	0.00978	0.06028	0.26550	0.05214	0.17877	0.10691	0.05267	0.01038	0.00663	0.00208	0.00494	0.00878	0.00590	0.03044
2	0.09807	0.11529	0.18932	0.01242	0.01752	0.05920	0.01242	0.04503	0.01485	0.05732	0.09513	0.02450	0.01817	0.00824	0.00592	0.00187	0.00661	0.09665	0.00429	0.11716
3	0.01621	0.11737	0.05540	0.01362	0.03684	0.07996	0.01113	0.06284	0.40180	0.02389	0.07096	0.02300	0.01909	0.00836	0.00620	0.00199	0.00610	0.03073	0.00540	0.00912
4	0.00975	0.00674	0.00855	0.00837	0.01010	0.00616	0.00648	0.01233	0.01650	0.05817	0.43343	0.09220	0.18828	0.01432	0.00763	0.00218	0.00357	0.10260	0.00660	0.00603
5	0.01497	0.28298	0.29641	0.01467	0.05737	0.04036	0.01521	0.01907	0.01386	0.06296	0.01835	0.01919	0.10508	0.00726	0.00558	0.00178	0.00739	0.00554	0.00348	0.00848
6	0.12031	0.04137	0.06041	0.01364	0.06151	0.05529	0.07572	0.01688	0.03922	0.05482	0.13956	0.16123	0.05307	0.01055	0.00657	0.00206	0.00581	0.03613	0.00493	0.04092
7	0.01752	0.58813	0.03194	0.01363	0.01893	0.11238	0.10435	0.01994	0.01379	0.01571	0.00947	0.01125	0.00834	0.00555	0.00472	0.00149	0.00787	0.00402	0.00285	0.00810

[dist]
# distance from previous block
# <min> <max>
0	1

[block]
# block no. 2 follows, 35 sequences, length 147
# corresponding to MSA columns:
# 211-357
name=unknown_C
#
# <colnr> <probs for GDERKNQSTAVLIFYWHMCP>
#	G	D	E	R	K	N	Q	S	T	A	V	L	I	F	Y	W	H	M	C	P
0	0.77630	0.01218	0.00963	0.00851	0.01249	0.01395	0.00701	0.01935	0.01122	0.06943	0.00976	0.01095	0.00738	0.00600	0.00407	0.00196	0.00494	0.00360	0.00415	0.00710
1	0.02309	0.03493	0.04161	0.01234	0.01700	0.01340	0.01043	0.24235	0.08302	0.34021	0.09515	0.02188	0.01862	0.00825	0.00641	0.00195	0.00579	0.00663	0.00684	0.01010
2	0.05245	0.01504	0.01609	0.01282	0.01679	0.01651	0.01022	0.53775	0.02484	0.03384	0.01685	0.06265	0.01434	0.12829	0.01040	0.00261	0.00658	0.00688	0.00583	0.00923
3	0.01293	0.01215	0.02046	0.52628	0.23959	0.01406	0.01760	0.01686	0.01305	0.01734	0.01181	0.01754	0.00949	0.03667	0.00735	0.00221	0.00810	0.00578	0.00295	0.00777
4	0.01306	0.05606	0.60774	0.01727	0.02559	0.01495	0.03832	0.02092	0.07655	0.02027	0.01283	0.01474	0.00939	0.00786	0.03557	0.00233	0.00923	0.00502	0.00306	0.00922
5	0.49407	0.01234	0.01197	0.00988	0.01423	0.01321	0.00815	0.09022	0.01497	0.25472	0.01456	0.01435	0.01004	0.00668	0.00494	0.00196	0.00526	0.00459	0.00540	0.00849
6	0.02276	0.01688	0.01815	0.01419	0.01893	0.01867	0.01161	0.63936	0.06886	0.03794	0.01689	0.05616	0.01295	0.00833	0.00645	0.00195	0.00669	0.00645	0.00633	0.01044
7	0.05863	0.01138	0.01844	0.64050	0.08664	0.01385	0.01658	0.01629	0.01256	0.01706	0.01152	0.01743	0.00905	0.03680	0.00723	0.00225	0.00810	0.00565	0.00294	0.00711
8	0.01546	0.01331	0.01407	0.01275	0.01621	0.01536	0.00988	0.03272	0.69774	0.02613	0.02618	0.05334	0.02026	0.00905	0.00652	0.00217	0.00497	0.00760	0.00643	0.00985
9	0.01696	0.78087	0.03324	0.01085	0.01628	0.02510	0.01085	0.01900	0.01289	0.01493	0.00882	0.01018	0.00814	0.00543	0.00407	0.00136	0.00678	0.00339	0.00271	0.00814
10	0.02128	0.39011	0.02448	0.01179	0.01666	0.03877	0.01062	0.08266	0.03638	0.25123	0.01507	0.01487	0.01113	0.00678	0.00590	0.00169	0.04182	0.00478	0.00480	0.00920
11	0.01332	0.05161	0.60801	0.01832	0.02679	0.03637	0.08930	0.01982	0.01349	0.01951	0.01139	0.01381	0.00830	0.00652	0.00677	0.03066	0.00935	0.00493	0.00275	0.00897
12	0.01844	0.00949	0.01210	0.01019	0.01349	0.00899	0.00807	0.02360	0.13192	0.33332	0.31565	0.03249	0.03438	0.01007	0.00684	0.00201	0.00435	0.00859	0.00727	0.00870
13	0.00869	0.00638	0.00814	0.00789	0.00935	0.00583	0.00584	0.01134	0.01698	0.02358	0.58881	0.12125	0.13428	0.01401	0.00755	0.00207	0.00309	0.01234	0.00675	0.00583
14	0.01518	0.01612	0.05762	0.02835	0.27583	0.01502	0.33804	0.06732	0.01553	0.02148	0.01443	0.07802	0.01243	0.00682	0.00698	0.00206	0.00871	0.00747	0.00360	0.00899
15	0.01198	0.01128	0.01903	0.76180	0.04369	0.01409	0.01762	0.01621	0.01268	0.01621	0.01128	0.01691	0.00846	0.00634	0.00634	0.00211	0.00846	0.00564	0.00282	0.00705
16	0.01285	0.05576	0.72237	0.01786	0.02711	0.01505	0.02305	0.02006	0.01338	0.01993	0.01131	0.01329	0.00804	0.00601	0.00597	0.00199	0.00930	0.00465	0.00268	0.00934
17	0.03842	0.03173	0.69987	0.01767	0.02675	0.01486	0.02259	0.04047	0.01379	0.02094	0.01142	0.01335	0.00808	0.00607	0.00597	0.00200	0.00917	0.00468	0.00283	0.00934
18	0.01316	0.03271	0.71542	0.01801	0.02715	0.04392	0.02300	0.02030	0.01358	0.01991	0.01132	0.01332	0.00804	0.00605	0.00601	0.00199	0.00946	0.00466	0.00270	0.00930
19	0.02758	0.01142	0.01523	0.03460	0.01734	0.01037	0.00982	0.09007	0.01900	0.65857	0.02375	0.02090	0.01505	0.00778	0.00638	0.00196	0.00563	0.00630	0.00757	0.01068
20	0.00750	0.00643	0.00643	0.00643	0.00857	0.00536	0.00482	0.00910	0.01446	0.01714	0.06427	0.06105	0.73490	0.01607	0.00750	0.00214	0.00321	0.01339	0.00589	0.00536
21	0.01735	0.01687	0.02516	0.03314	0.53610	0.07960	0.07052	0.10336	0.01663	0.02255	0.01221	0.01538	0.00994	0.00594	0.00633	0.00188	0.00805	0.00566	0.00354	0.00979
22	0.00838	0.00641	0.00792	0.00843	0.00979	0.00561	0.00589	0.00985	0.01289	0.01723	0.06212	0.52673	0.16502	0.01712	0.00756	0.00228	0.00369	0.01525	0.00567	0.10214
23	0.04751	0.75169	0.03233	0.01076	0.01613	0.02469	0.01070	0.01898	0.01281	0.01544	0.00882	0.01018	0.00809	0.00544	0.00407	0.00138	0.00671	0.00339	0.00276	0.00809
24	0.65753	0.01353	0.03847	0.00956	0.01381	0.01461	0.00818	0.07956	0.04583	0.05429	0.01084	0.01186	0.00814	0.00624	0.00442	0.00197	0.00528	0.00395	0.00434	0.00759
25	0.00773	0.00552	0.00736	0.00883	0.00920	0.00515	0.00589	0.00883	0.01215	0.01619	0.03497	0.77291	0.04196	0.01987	0.00810	0.00258	0.00368	0.01803	0.00589	0.00515
26	0.02378	0.02773	0.01819	0.01599	0.01962	0.60444	0.01222	0.16424	0.02036	0.02044	0.01090	0.01220	0.00870	0.00675	0.00585	0.00169	0.01054	0.00441	0.00389	0.00804
27	0.01032	0.00770	0.01068	0.00938	0.01151	0.00718	0.04697	0.01408	0.05057	0.04724	0.59382	0.04319	0.07481	0.01203	0.00732	0.00198	0.00366	0.01072	0.00664	0.03021
28	0.02738	0.01160	0.01570	0.01314	0.05789	0.01049	0.01013	0.08544	0.01888	0.64395	0.02349	0.02074	0.01498	0.00771	0.00637	0.00195	0.00565	0.00628	0.00746	0.01075
29	0.01484	0.01801	0.07802	0.02624	0.03283	0.01597	0.67476	0.02031	0.01488	0.02031	0.01275	0.01690	0.00953	0.00539	0.00740	0.00213	0.01062	0.00733	0.00318	0.00860
30	0.00868	0.00694	0.00917	0.00937	0.01109	0.00634	0.03933	0.01075	0.01415	0.01795	0.07910	0.22650	0.32543	0.01669	0.00797	0.00244	0.00434	0.19233	0.00581	0.00561
31	0.01551	0.01496	0.02578	0.07198	0.68476	0.01506	0.03977	0.01934	0.01438	0.02050	0.01193	0.01580	0.00996	0.00568	0.00632	0.00190	0.00767	0.00571	0.00313	0.00987
32	0.01297	0.07577	0.70336	0.01767	0.02682	0.01533	0.02272	0.02003	0.01336	0.01979	0.01124	0.01321	0.00804	0.00599	0.00591	0.00197	0.00923	0.00461	0.00268	0.00930
33	0.00813	0.00598	0.00770	0.00888	0.00975	0.00556	0.00642	0.00966	0.01307	0.01703	0.05638	0.52344	0.15565	0.01870	0.00809	0.00255	0.00394	0.12785	0.00591	0.00532
34	0.01207	0.01140	0.01905	0.72737	0.04244	0.01434	0.01745	0.01617	0.01255	0.01617	0.01114	0.01677	0.00845	0.00656	0.00701	0.00214	0.04343	0.00563	0.00282	0.00704
35	0.01524	0.30908	0.40325	0.01610	0.05554	0.04005	0.01782	0.02014	0.01354	0.04021	0.01083	0.01250	0.00841	0.00586	0.00531	0.00175	0.00827	0.00429	0.00289	0.00893
36	0.01576	0.01568	0.02414	0.14600	0.57737	0.07205	0.01863	0.01943	0.01445	0.01964	0.01167	0.01555	0.00966	0.00582	0.00625	0.00190	0.00798	0.00553	0.00310	0.00939
37	0.02803	0.01148	0.01515	0.01161	0.01654	0.01034	0.00959	0.09847	0.01931	0.67270	0.02406	0.02097	0.01522	0.00783	0.00638	0.00196	0.00555	0.00631	0.00770	0.01080
38	0.01310	0.03036	0.63914	0.02016	0.07473	0.01486	0.07956	0.02007	0.01359	0.02015	0.01154	0.01385	0.00830	0.00595	0.00616	0.00201	0.00936	0.00498	0.00275	0.00935
39	0.01666	0.01689	0.02482	0.03624	0.65165	0.10313	0.01861	0.02017	0.01487	0.02010	0.01168	0.01519	0.00982	0.00576	0.00621	0.00185	0.00800	0.00547	0.00316	0.00973
40	0.00958	0.00685	0.00832	0.00810	0.00823	0.00743	0.00514	0.00996	0.00938	0.01283	0.01869	0.03730	0.02101	0.62808	0.11740	0.00636	0.06867	0.00864	0.00370	0.00431
41	0.01876	0.01379	0.03243	0.01258	0.01638	0.05236	0.01014	0.03020	0.42481	0.20393	0.07258	0.02360	0.02004	0.00862	0.00688	0.00208	0.02765	0.00700	0.00647	0.00970
42	0.00923	0.00615	0.00692	0.00692	0.00692	0.00615	0.00384	0.00923	0.00923	0.01230	0.01999	0.04151	0.02306	0.77705	0.03229	0.00615	0.00615	0.00923	0.00384	0.00384
43	0.01497	0.01711	0.03743	0.02674	0.03316	0.01604	0.71444	0.02032	0.01497	0.02032	0.01283	0.01711	0.00963	0.00535	0.00749	0.00214	0.01070	0.00749	0.00321	0.00856
44	0.02106	0.01245	0.01450	0.01223	0.01637	0.01309	0.00974	0.03255	0.43137	0.32429	0.02549	0.02280	0.01784	0.00829	0.00642	0.00207	0.00518	0.00684	0.00704	0.01036
45	0.01272	0.03281	0.74418	0.01808	0.02746	0.01473	0.02344	0.02009	0.01339	0.02009	0.01138	0.01339	0.00804	0.00603	0.00603	0.00201	0.00938	0.00469	0.00268	0.00938
46	0.00898	0.00648	0.00848	0.00798	0.00948	0.00599	0.00599	0.01197	0.01796	0.02544	0.73413	0.04739	0.05986	0.01297	0.00748	0.00200	0.00299	0.01147	0.00698	0.00599
47	0.02370	0.03023	0.01798	0.01634	0.01961	0.75158	0.01226	0.02533	0.01798	0.01553	0.00981	0.01144	0.00817	0.00654	0.00572	0.00163	0.01144	0.00409	0.00327	0.00735
48	0.01198	0.01128	0.01903	0.76180	0.04369	0.01409	0.01762	0.01621	0.01268	0.01621	0.01128	0.01691	0.00846	0.00634	0.00634	0.00211	0.00846	0.00564	0.00282	0.00705
49	0.01013	0.00727	0.01010	0.01151	0.01299	0.00724	0.01004	0.01301	0.01460	0.01892	0.03462	0.07121	0.05988	0.01748	0.00872	0.00289	0.00575	0.67198	0.00584	0.00583
50	0.01022	0.00730	0.01022	0.01168	0.01314	0.00730	0.01022	0.01314	0.01460	0.01899	0.03359	0.07156	0.03651	0.01752	0.00876	0.00292	0.00584	0.69478	0.00584	0.00584
51	0.01560	0.01497	0.02557	0.05857	0.71863	0.01505	0.01942	0.01938	0.01440	0.02060	0.01191	0.01573	0.01001	0.00567	0.00628	0.00189	0.00756	0.00565	0.00313	0.00997
52	0.00773	0.00552	0.00736	0.00883	0.00920	0.00515	0.00589	0.00883	0.01215	0.01619	0.03497	0.77291	0.04196	0.01987	0.00810	0.00258	0.00368	0.01803	0.00589	0.00515
53	0.00750	0.00643	0.00643	0.00643	0.00857	0.00536	0.00482	0.00910	0.01446	0.01714	0.06427	0.06105	0.73490	0.01607	0.00750	0.00214	0.00321	0.01339	0.00589	0.00536
54	0.00750	0.00643	0.00643	0.00643	0.00857	0.00536	0.00482	0.00910	0.01446	0.01714	0.06427	0.06105	0.73490	0.01607	0.00750	0.00214	0.00321	0.01339	0.00589	0.00536
55	0.02370	0.03023	0.01798	0.01634	0.01961	0.75158	0.01226	0.02533	0.01798	0.01553	0.00981	0.01144	0.00817	0.00654	0.00572	0.00163	0.01144	0.00409	0.00327	0.00735
56	0.02412	0.01777	0.01904	0.01460	0.01967	0.01967	0.01206	0.71633	0.02983	0.03998	0.01523	0.01523	0.01079	0.00762	0.00635	0.00190	0.00698	0.00571	0.00635	0.01079
57	0.00773	0.00552	0.00736	0.00883	0.00920	0.00515	0.00589	0.00883	0.01215	0.01619	0.03497	0.77291	0.04196	0.01987	0.00810	0.00258	0.00368	0.01803	0.00589	0.00515
58	0.00906	0.00680	0.01020	0.01020	0.01133	0.00793	0.00793	0.01133	0.01020	0.01473	0.01699	0.02492	0.01586	0.04758	0.75191	0.01020	0.01699	0.00680	0.00340	0.00566
59	0.01219	0.01149	0.01941	0.72029	0.08353	0.01415	0.01772	0.01640	0.01279	0.01647	0.01131	0.01684	0.00855	0.00630	0.00634	0.00210	0.00840	0.00564	0.00284	0.00722
60	0.02370	0.03023	0.01798	0.01634	0.01961	0.75158	0.01226	0.02533	0.01798	0.01553	0.00981	0.01144	0.00817	0.00654	0.00572	0.00163	0.01144	0.00409	0.00327	0.00735
61	0.01570	0.01507	0.02575	0.03894	0.73748	0.01507	0.01947	0.01947	0.01444	0.02073	0.01193	0.01570	0.01005	0.00565	0.00628	0.00188	0.00754	0.00565	0.00314	0.01005
62	0.01298	0.07816	0.70108	0.01764	0.02678	0.01536	0.02268	0.02002	0.01336	0.01978	0.01123	0.01320	0.00804	0.00599	0.00591	0.00197	0.00922	0.00461	0.00268	0.00930
63	0.00750	0.00643	0.00643	0.00643	0.00857	0.00536	0.00482	0.00910	0.01446	0.01714	0.06427	0.06105	0.73490	0.01607	0.00750	0.00214	0.00321	0.01339	0.00589	0.00536
64	0.00920	0.00624	0.00740	0.00740	0.00756	0.00641	0.00444	0.00953	0.00937	0.01266	0.01955	0.03909	0.02201	0.67035	0.13755	0.00674	0.00774	0.00887	0.00378	0.00411
65	0.00773	0.00552	0.00736	0.00883	0.00920	0.00515	0.00589	0.00883	0.01215	0.01619	0.03497	0.77291	0.04196	0.01987	0.00810	0.00258	0.00368	0.01803	0.00589	0.00515
66	0.01198	0.01128	0.01903	0.76180	0.04369	0.01409	0.01762	0.01621	0.01268	0.01621	0.01128	0.01691	0.00846	0.00634	0.00634	0.00211	0.00846	0.00564	0.00282	0.00705
67	0.01272	0.03281	0.74418	0.01808	0.02746	0.01473	0.02344	0.02009	0.01339	0.02009	0.01138	0.01339	0.00804	0.00603	0.00603	0.00201	0.00938	0.00469	0.00268	0.00938
68	0.00773	0.00552	0.00736	0.00883	0.00920	0.00515	0.00589	0.00883	0.01215	0.01619	0.03497	0.77291	0.04196	0.01987	0.00810	0.00258	0.00368	0.01803	0.00589	0.00515
69	0.00750	0.00643	0.00643	0.00643	0.00857	0.00536	0.00482	0.00910	0.01446	0.01714	0.06427	0.06105	0.73490	0.01607	0.00750	0.00214	0.00321	0.01339	0.00589	0.00536
70	0.02412	0.01777	0.01904	0.01460	0.01967	0.01967	0.01206	0.71633	0.02983	0.03998	0.01523	0.01523	0.01079	0.00762	0.00635	0.00190	0.00698	0.00571	0.00635	0.01079
71	0.02370	0.03023	0.01798	0.01634	0.01961	0.75158	0.01226	0.02533	0.01798	0.01553	0.00981	0.01144	0.00817	0.00654	0.00572	0.00163	0.01144	0.00409	0.00327	0.00735
72	0.12332	0.01097	0.01408	0.01093	0.01572	0.00991	0.00903	0.02945	0.01728	0.65658	0.02309	0.02024	0.01465	0.00762	0.00609	0.00196	0.00534	0.00603	0.00738	0.01033
73	0.02424	0.01757	0.01891	0.01450	0.01957	0.01937	0.01198	0.69629	0.02949	0.06050	0.01552	0.01542	0.01093	0.00762	0.00635	0.00191	0.00693	0.00573	0.00639	0.01079
74	0.01696	0.78087	0.03324	0.01085	0.01628	0.02510	0.01085	0.01900	0.01289	0.01493	0.00882	0.01018	0.00814	0.00543	0.00407	0.00136	0.00678	0.00339	0.00271	0.00814
75	0.02846	0.01080	0.01472	0.01129	0.01619	0.00932	0.00932	0.03092	0.01816	0.74187	0.02503	0.02159	0.01570	0.00785	0.00638	0.00196	0.00540	0.00638	0.00785	0.01080
76	0.00769	0.00568	0.00719	0.00840	0.00909	0.00519	0.00570	0.00888	0.01256	0.01636	0.04024	0.64466	0.16680	0.01919	0.00799	0.00250	0.00360	0.01720	0.00589	0.00519
77	0.01696	0.78087	0.03324	0.01085	0.01628	0.02510	0.01085	0.01900	0.01289	0.01493	0.00882	0.01018	0.00814	0.00543	0.00407	0.00136	0.00678	0.00339	0.00271	0.00814
78	0.01570	0.01507	0.02575	0.03894	0.73748	0.01507	0.01947	0.01947	0.01444	0.02073	0.01193	0.01570	0.01005	0.00565	0.00628	0.00188	0.00754	0.00565	0.00314	0.01005
79	0.00750	0.00643	0.00643	0.00643	0.00857	0.00536	0.00482	0.00910	0.01446	0.01714	0.06427	0.06105	0.73490	0.01607	0.00750	0.00214	0.00321	0.01339	0.00589	0.00536
80	0.01198	0.01128	0.01903	0.76180	0.04369	0.01409	0.01762	0.01621	0.01268	0.01621	0.01128	0.01691	0.00846	0.00634	0.00634	0.00211	0.00846	0.00564	0.00282	0.00705
81	0.00783	0.00562	0.00745	0.00883	0.00930	0.00524	0.00599	0.00905	0.01244	0.01657	0.05628	0.71524	0.05882	0.01952	0.00808	0.00256	0.00371	0.03636	0.00592	0.00520
82	0.00782	0.00558	0.00746	0.00893	0.00934	0.00523	0.00604	0.00899	0.01223	0.01629	0.03492	0.74809	0.04177	0.01979	0.00812	0.00259	0.00376	0.04199	0.00589	0.00518
83	0.02479	0.01668	0.01837	0.01408	0.01913	0.01806	0.01163	0.60940	0.02801	0.14948	0.01676	0.01622	0.01156	0.00765	0.00635	0.00191	0.00673	0.00582	0.00658	0.01079
84	0.00773	0.00552	0.00736	0.00883	0.00920	0.00515	0.00589	0.00883	0.01215	0.01619	0.03497	0.77291	0.04196	0.01987	0.00810	0.00258	0.00368	0.01803	0.00589	0.00515
85	0.01601	0.01374	0.01448	0.01296	0.01659	0.01589	0.01010	0.05280	0.70654	0.02691	0.02552	0.02343	0.01913	0.00858	0.00645	0.00214	0.00508	0.00713	0.00645	0.01006
86	0.01744	0.53170	0.11818	0.01337	0.01897	0.14159	0.04514	0.02022	0.01388	0.01591	0.00948	0.01110	0.00820	0.00568	0.00474	0.00152	0.00804	0.00385	0.00282	0.00818
87	0.01518	0.01367	0.02063	0.20131	0.31981	0.01420	0.01559	0.09603	0.01531	0.02159	0.01188	0.01536	0.00956	0.00605	0.00654	0.00179	0.03589	0.00527	0.00353	0.17081
88	0.10699	0.06602	0.09407	0.01655	0.07377	0.28326	0.01325	0.22771	0.01969	0.02498	0.01158	0.01289	0.00893	0.00660	0.00569	0.00179	0.00865	0.00464	0.00415	0.00878
89	0.01119	0.01333	0.16690	0.01108	0.01460	0.03166	0.03097	0.01512	0.01690	0.05221	0.50778	0.03709	0.04394	0.01086	0.00707	0.00199	0.00494	0.00947	0.00587	0.00702
90	0.00772	0.00555	0.00734	0.00877	0.00918	0.00516	0.00586	0.00884	0.01221	0.01622	0.03578	0.75314	0.06120	0.01977	0.00808	0.00256	0.00367	0.01791	0.00589	0.00516
91	0.01639	0.40403	0.28952	0.01418	0.02103	0.01973	0.04015	0.04215	0.01405	0.06936	0.01124	0.01256	0.00877	0.00588	0.00514	0.00168	0.00777	0.00429	0.00320	0.00887
92	0.02012	0.01459	0.01565	0.01288	0.01708	0.03983	0.01031	0.26448	0.28514	0.13308	0.07326	0.02145	0.01816	0.00827	0.00640	0.00197	0.00580	0.00665	0.00646	0.03842
93	0.02180	0.02640	0.01775	0.01591	0.01933	0.57763	0.03112	0.02694	0.16580	0.01796	0.01323	0.01415	0.01055	0.00694	0.00592	0.00176	0.01008	0.00482	0.00393	0.00795
94	0.03417	0.05170	0.14286	0.02999	0.01882	0.05542	0.01168	0.10915	0.05649	0.02293	0.01239	0.01386	0.00970	0.00574	0.00530	0.00143	0.00641	0.00441	0.00397	0.40359
95	0.01410	0.13855	0.59194	0.01693	0.02532	0.06854	0.02086	0.02031	0.01365	0.01903	0.01091	0.01280	0.00806	0.00598	0.00573	0.00189	0.00916	0.00446	0.00273	0.00906
96	0.00789	0.00562	0.00748	0.00891	0.00932	0.00528	0.00603	0.00905	0.01217	0.01621	0.03446	0.71865	0.04115	0.04213	0.00884	0.00270	0.00385	0.04928	0.00583	0.00515
97	0.04461	0.01801	0.06860	0.01403	0.01838	0.10544	0.01198	0.35264	0.04467	0.10500	0.08029	0.01825	0.01522	0.00813	0.00738	0.00197	0.06441	0.00600	0.00559	0.00941
98	0.00764	0.00643	0.00662	0.00657	0.00865	0.00542	0.00493	0.00938	0.01479	0.01792	0.12764	0.05976	0.67104	0.01577	0.00750	0.00213	0.00319	0.01321	0.00599	0.00542
99	0.01326	0.01260	0.02125	0.50228	0.27159	0.01457	0.01812	0.01726	0.01318	0.01767	0.01141	0.01643	0.00898	0.00625	0.00674	0.00206	0.02976	0.00564	0.00292	0.00803
100	0.00759	0.00638	0.00659	0.00664	0.00865	0.00538	0.00494	0.00925	0.01454	0.01756	0.10119	0.09783	0.65957	0.01609	0.00753	0.00216	0.00323	0.01352	0.00595	0.00538
101	0.01533	0.01462	0.02488	0.07218	0.67912	0.01475	0.01906	0.01909	0.01437	0.02045	0.01266	0.01773	0.01091	0.00610	0.00637	0.00193	0.00752	0.02994	0.00322	0.00976
102	0.02646	0.01134	0.01475	0.01153	0.01622	0.01042	0.00945	0.07212	0.08170	0.61336	0.04674	0.02220	0.01711	0.00806	0.00642	0.00198	0.00539	0.00657	0.00761	0.01058
103	0.01645	0.69143	0.11824	0.01172	0.01762	0.02386	0.01236	0.01913	0.01295	0.01554	0.00913	0.01056	0.00813	0.00550	0.00430	0.00143	0.00709	0.00355	0.00271	0.00829
104	0.01609	0.01439	0.02365	0.03391	0.61210	0.01397	0.01749	0.01967	0.01449	0.05971	0.01256	0.01572	0.01028	0.00566	0.00610	0.00178	0.00708	0.00547	0.00347	0.10643
105	0.01463	0.30240	0.46985	0.01531	0.02315	0.01835	0.01855	0.01996	0.01333	0.03566	0.01079	0.01243	0.00826	0.00585	0.00533	0.00177	0.00834	0.00426	0.00282	0.00896
106	0.15953	0.02436	0.03287	0.01752	0.10428	0.46894	0.01236	0.05854	0.01683	0.03467	0.01052	0.01220	0.00846	0.00639	0.00553	0.00175	0.00946	0.00430	0.00360	0.00788
107	0.07058	0.01382	0.02243	0.21942	0.45685	0.01509	0.01771	0.01827	0.01339	0.01971	0.01128	0.01550	0.00929	0.00625	0.00721	0.00201	0.06378	0.00549	0.00309	0.00883
108	0.01038	0.00724	0.00955	0.00905	0.01110	0.00653	0.03334	0.01277	0.01569	0.07992	0.26728	0.12639	0.26608	0.01457	0.00763	0.00223	0.00401	0.10378	0.00630	0.00617
109	0.00777	0.00555	0.00740	0.00881	0.00921	0.00518	0.00589	0.00893	0.01233	0.01648	0.05688	0.75017	0.04252	0.01966	0.00808	0.00256	0.00366	0.01783	0.00592	0.00518
110	0.01555	0.01451	0.01937	0.01632	0.01715	0.01947	0.01358	0.12938	0.01299	0.01929	0.00945	0.01410	0.00873	0.01054	0.01846	0.00263	0.64198	0.00558	0.00336	0.00757
111	0.00751	0.00640	0.00646	0.00651	0.00859	0.00535	0.00486	0.00910	0.01438	0.01711	0.06329	0.08487	0.71172	0.01619	0.00752	0.00216	0.00323	0.01354	0.00589	0.00535
112	0.01147	0.00959	0.01045	0.01015	0.01273	0.01008	0.00800	0.02016	0.31358	0.02140	0.04192	0.06459	0.29268	0.01328	0.00730	0.00230	0.00445	0.13234	0.00612	0.00741
113	0.01696	0.78087	0.03324	0.01085	0.01628	0.02510	0.01085	0.01900	0.01289	0.01493	0.00882	0.01018	0.00814	0.00543	0.00407	0.00136	0.00678	0.00339	0.00271	0.00814
114	0.01951	0.01548	0.01644	0.01366	0.01792	0.01752	0.01094	0.33892	0.41474	0.03255	0.02109	0.01990	0.01553	0.00816	0.00641	0.00204	0.00590	0.00652	0.00641	0.01038
115	0.82186	0.01227	0.00932	0.00834	0.01227	0.01423	0.00687	0.01865	0.01080	0.02846	0.00883	0.01031	0.00687	0.00589	0.00393	0.00196	0.00491	0.00344	0.00393	0.00687
116	0.00763	0.00640	0.00662	0.00663	0.00866	0.00540	0.00495	0.00933	0.01467	0.01779	0.11801	0.08225	0.65810	0.01593	0.00752	0.00214	0.00321	0.01338	0.00598	0.00540
117	0.79752	0.01222	0.00949	0.00843	0.01239	0.01408	0.00695	0.01902	0.01102	0.05035	0.00933	0.01065	0.00714	0.00595	0.00400	0.00196	0.00492	0.00353	0.00405	0.00699
118	0.01022	0.00730	0.01022	0.01168	0.01314	0.00730	0.01022	0.01314	0.01460	0.01899	0.03359	0.07156	0.03651	0.01752	0.00876	0.00292	0.00584	0.69478	0.00584	0.00584
119	0.01578	0.01363	0.01434	0.01291	0.01650	0.01578	0.01004	0.03371	0.72602	0.02654	0.02582	0.02367	0.01937	0.00861	0.00646	0.00215	0.00502	0.00717	0.00646	0.01004
120	0.04567	0.01455	0.02371	0.07512	0.49453	0.01595	0.03752	0.01837	0.01320	0.01957	0.01103	0.01522	0.00945	0.00686	0.00935	0.00210	0.17009	0.00560	0.00307	0.00904
121	0.01777	0.06189	0.04881	0.02352	0.13097	0.09318	0.33781	0.07472	0.05332	0.07430	0.01386	0.01634	0.01045	0.00606	0.00667	0.00197	0.00908	0.00632	0.00391	0.00906
122	0.01645	0.68984	0.11976	0.01173	0.01764	0.02384	0.01239	0.01913	0.01295	0.01555	0.00913	0.01057	0.00813	0.00550	0.00431	0.00144	0.00710	0.00355	0.00271	0.00829
123	0.00773	0.00552	0.00736	0.00883	0.00920	0.00515	0.00589	0.00883	0.01215	0.01619	0.03497	0.77291	0.04196	0.01987	0.00810	0.00258	0.00368	0.01803	0.00589	0.00515
124	0.00829	0.00650	0.00753	0.00739	0.00922	0.00574	0.00563	0.01057	0.01598	0.02083	0.35189	0.05574	0.40416	0.01481	0.00756	0.00212	0.00327	0.05078	0.00636	0.00565
125	0.02335	0.02888	0.01786	0.01610	0.01947	0.68326	0.01215	0.05812	0.05125	0.01718	0.01080	0.01218	0.00881	0.00668	0.00578	0.00167	0.01093	0.00430	0.00356	0.00764
126	0.02370	0.03023	0.01798	0.01634	0.01961	0.75158	0.01226	0.02533	0.01798	0.01553	0.00981	0.01144	0.00817	0.00654	0.00572	0.00163	0.01144	0.00409	0.00327	0.00735
127	0.00773	0.00552	0.00736	0.00883	0.00920	0.00515	0.00589	0.00883	0.01215	0.01619	0.03497	0.77291	0.04196	0.01987	0.00810	0.00258	0.00368	0.01803	0.00589	0.00515
128	0.82186	0.01227	0.00932	0.00834	0.01227	0.01423	0.00687	0.01865	0.01080	0.02846	0.00883	0.01031	0.00687	0.00589	0.00393	0.00196	0.00491	0.00344	0.00393	0.00687
129	0.01578	0.01363	0.01434	0.01291	0.01650	0.01578	0.01004	0.03371	0.72602	0.02654	0.02582	0.02367	0.01937	0.00861	0.00646	0.00215	0.00502	0.00717	0.00646	0.01004
130	0.00750	0.00643	0.00643	0.00643	0.00857	0.00536	0.00482	0.00910	0.01446	0.01714	0.06427	0.06105	0.73490	0.01607	0.00750	0.00214	0.00321	0.01339	0.00589	0.00536
131	0.02846	0.01080	0.01472	0.01129	0.01619	0.00932	0.00932	0.03092	0.01816	0.74187	0.02503	0.02159	0.01570	0.00785	0.00638	0.00196	0.00540	0.00638	0.00785	0.01080
132	0.01570	0.01507	0.02575	0.03894	0.73748	0.01507	0.01947	0.01947	0.01444	0.02073	0.01193	0.01570	0.01005	0.00565	0.00628	0.00188	0.00754	0.00565	0.00314	0.01005
133	0.02412	0.01777	0.01904	0.01460	0.01967	0.01967	0.01206	0.71633	0.02983	0.03998	0.01523	0.01523	0.01079	0.00762	0.00635	0.00190	0.00698	0.00571	0.00635	0.01079
134	0.82186	0.01227	0.00932	0.00834	0.01227	0.01423	0.00687	0.01865	0.01080	0.02846	0.00883	0.01031	0.00687	0.00589	0.00393	0.00196	0.00491	0.00344	0.00393	0.00687
135	0.01578	0.01363	0.01434	0.01291	0.01650	0.01578	0.01004	0.03371	0.72602	0.02654	0.02582	0.02367	0.01937	0.00861	0.00646	0.00215	0.00502	0.00717	0.00646	0.01004
136	0.02846	0.01080	0.01472	0.01129	0.01619	0.00932	0.00932	0.03092	0.01816	0.74187	0.02503	0.02159	0.01570	0.00785	0.00638	0.00196	0.00540	0.00638	0.00785	0.01080
137	0.01461	0.36637	0.42718	0.01486	0.02247	0.01936	0.01783	0.01960	0.01317	0.01779	0.01024	0.01196	0.00808	0.00576	0.00515	0.00172	0.00822	0.00411	0.00269	0.00883
138	0.00923	0.00615	0.00692	0.00692	0.00692	0.00615	0.00384	0.00923	0.00923	0.01230	0.01999	0.04151	0.02306	0.77705	0.03229	0.00615	0.00615	0.00923	0.00384	0.00384
139	0.00773	0.00552	0.00736	0.00883	0.00920	0.00515	0.00589	0.00883	0.01215	0.01619	0.03497	0.77291	0.04196	0.01987	0.00810	0.00258	0.00368	0.01803	0.00589	0.00515
140	0.23263	0.01693	0.01568	0.01268	0.01719	0.11598	0.01030	0.33279	0.02142	0.14418	0.01437	0.01443	0.01019	0.00706	0.00564	0.00189	0.00680	0.00500	0.00553	0.00930
141	0.01546	0.01483	0.02531	0.08577	0.69253	0.01501	0.01935	0.01926	0.01433	0.02043	0.01189	0.01578	0.00995	0.00570	0.00628	0.00190	0.00760	0.00565	0.00312	0.00985
142	0.00979	0.00707	0.00965	0.01086	0.01230	0.00693	0.00925	0.01251	0.01471	0.01921	0.09261	0.11252	0.08526	0.01720	0.00853	0.00277	0.00530	0.55181	0.00594	0.00578
143	0.01497	0.01711	0.03743	0.02674	0.03316	0.01604	0.71444	0.02032	0.01497	0.02032	0.01283	0.01711	0.00963	0.00535	0.00749	0.00214	0.01070	0.00749	0.00321	0.00856
144	0.01548	0.46664	0.31182	0.01384	0.02076	0.04103	0.01583	0.01960	0.01323	0.01697	0.00985	0.01147	0.00810	0.00569	0.00488	0.00162	0.00793	0.00392	0.00272	0.00860
145	0.07582	0.01333	0.04270	0.01208	0.03266	0.05392	0.00970	0.06792	0.15534	0.22968	0.13514	0.02305	0.02111	0.00815	0.00617	0.00188	0.00548	0.00662	0.00606	0.09319
146	0.12758	0.06231	0.15784	0.03887	0.11497	0.01649	0.01422	0.21592	0.10320	0.06702	0.01451	0.01539	0.01071	0.00679	0.00583	0.00194	0.00694	0.00527	0.00467	0.00954

[dist]
# distance from previous block
# <min> <max>
0	3

[block]
# block no. 3 follows, 35 sequences, length 113
# corresponding to MSA columns:
# 361-473
name=unknown_D
#
# <colnr> <probs for GDERKNQSTAVLIFYWHMCP>
#	G	D	E	R	K	N	Q	S	T	A	V	L	I	F	Y	W	H	M	C	P
0	0.07871	0.06123	0.16177	0.01486	0.02017	0.21925	0.01369	0.23836	0.03770	0.07619	0.01315	0.01388	0.00967	0.00681	0.00583	0.00184	0.00836	0.00487	0.00453	0.00913
1	0.25477	0.01361	0.01461	0.01237	0.03650	0.04855	0.02968	0.12066	0.08867	0.24412	0.03646	0.01727	0.01311	0.00716	0.00564	0.00193	0.00585	0.00546	0.00571	0.03788
2	0.01550	0.03976	0.03441	0.02432	0.03045	0.01568	0.60574	0.04176	0.01533	0.04315	0.01360	0.03364	0.01052	0.00580	0.00722	0.00207	0.00990	0.00736	0.00352	0.04028
3	0.01613	0.55004	0.20540	0.01287	0.01913	0.04819	0.01395	0.01991	0.03346	0.01654	0.00996	0.01139	0.00844	0.00570	0.00467	0.00155	0.00753	0.00384	0.00283	0.00847
4	0.01074	0.00765	0.00999	0.01075	0.01230	0.00772	0.00874	0.01487	0.09255	0.04060	0.10294	0.19204	0.03698	0.03989	0.00892	0.00275	0.00506	0.38320	0.00603	0.00627
5	0.02204	0.02723	0.01694	0.01557	0.01861	0.64897	0.01171	0.04324	0.01776	0.01639	0.01267	0.07018	0.01176	0.00795	0.00602	0.00176	0.01054	0.02978	0.00364	0.00723
6	0.01696	0.78087	0.03324	0.01085	0.01628	0.02510	0.01085	0.01900	0.01289	0.01493	0.00882	0.01018	0.00814	0.00543	0.00407	0.00136	0.00678	0.00339	0.00271	0.00814
7	0.01005	0.00718	0.01003	0.01149	0.01288	0.00716	0.00993	0.01285	0.01444	0.01880	0.03368	0.11924	0.03688	0.01768	0.00872	0.00290	0.00569	0.64877	0.00584	0.00579
8	0.00750	0.00643	0.00643	0.00643	0.00857	0.00536	0.00482	0.00910	0.01446	0.01714	0.06427	0.06105	0.73490	0.01607	0.00750	0.00214	0.00321	0.01339	0.00589	0.00536
9	0.82186	0.01227	0.00932	0.00834	0.01227	0.01423	0.00687	0.01865	0.01080	0.02846	0.00883	0.01031	0.00687	0.00589	0.00393	0.00196	0.00491	0.00344	0.00393	0.00687
10	0.01497	0.01711	0.03743	0.02674	0.03316	0.01604	0.71444	0.02032	0.01497	0.02032	0.01283	0.01711	0.00963	0.00535	0.00749	0.00214	0.01070	0.00749	0.00321	0.00856
11	0.00923	0.00615	0.00692	0.00692	0.00692	0.00615	0.00384	0.00923	0.00923	0.01230	0.01999	0.04151	0.02306	0.77705	0.03229	0.00615	0.00615	0.00923	0.00384	0.00384
12	0.82186	0.01227	0.00932	0.00834	0.01227	0.01423	0.00687	0.01865	0.01080	0.02846	0.00883	0.01031	0.00687	0.00589	0.00393	0.00196	0.00491	0.00344	0.00393	0.00687
13	0.00898	0.00648	0.00848	0.00798	0.00948	0.00599	0.00599	0.01197	0.01796	0.02544	0.73413	0.04739	0.05986	0.01297	0.00748	0.00200	0.00299	0.01147	0.00698	0.00599
14	0.82186	0.01227	0.00932	0.00834	0.01227	0.01423	0.00687	0.01865	0.01080	0.02846	0.00883	0.01031	0.00687	0.00589	0.00393	0.00196	0.00491	0.00344	0.00393	0.00687
15	0.00923	0.00615	0.00692	0.00692	0.00692	0.00615	0.00384	0.00923	0.00923	0.01230	0.01999	0.04151	0.02306	0.77705	0.03229	0.00615	0.00615	0.00923	0.00384	0.00384
16	0.00906	0.00680	0.01020	0.01020	0.01133	0.00793	0.00793	0.01133	0.01020	0.01473	0.01699	0.02492	0.01586	0.04758	0.75191	0.01020	0.01699	0.00680	0.00340	0.00566
17	0.02412	0.01777	0.01904	0.01460	0.01967	0.01967	0.01206	0.71633	0.02983	0.03998	0.01523	0.01523	0.01079	0.00762	0.00635	0.00190	0.00698	0.00571	0.00635	0.01079
18	0.05642	0.01296	0.01583	0.01218	0.01710	0.01264	0.01006	0.23828	0.02142	0.50273	0.02146	0.01925	0.01389	0.00771	0.00628	0.00195	0.00586	0.00607	0.00725	0.01065
19	0.00922	0.00619	0.00710	0.00710	0.00716	0.00625	0.00407	0.00934	0.00928	0.01244	0.01982	0.04059	0.02266	0.73649	0.07230	0.00638	0.00675	0.00909	0.00382	0.00395
20	0.00773	0.00552	0.00736	0.00883	0.00920	0.00515	0.00589	0.00883	0.01215	0.01619	0.03497	0.77291	0.04196	0.01987	0.00810	0.00258	0.00368	0.01803	0.00589	0.00515
21	0.00898	0.00648	0.00848	0.00798	0.00948	0.00599	0.00599	0.01197	0.01796	0.02544	0.73413	0.04739	0.05986	0.01297	0.00748	0.00200	0.00299	0.01147	0.00698	0.00599
22	0.02799	0.01156	0.01520	0.01165	0.01658	0.01046	0.00962	0.10624	0.01944	0.66474	0.02395	0.02089	0.01516	0.00783	0.00638	0.00196	0.00557	0.00631	0.00769	0.01080
23	0.01757	0.55915	0.08079	0.01261	0.01765	0.14257	0.01216	0.01989	0.01357	0.01541	0.00913	0.01083	0.00815	0.00599	0.00548	0.00153	0.05295	0.00373	0.00281	0.00803
24	0.01398	0.03782	0.01970	0.40539	0.17869	0.01477	0.01583	0.06292	0.10407	0.02040	0.05360	0.01888	0.01315	0.00690	0.00633	0.00203	0.00738	0.00609	0.00379	0.00825
25	0.00892	0.00648	0.00840	0.00792	0.00944	0.00596	0.00594	0.01187	0.01783	0.02513	0.70942	0.04789	0.08476	0.01308	0.00748	0.00200	0.00300	0.01154	0.00694	0.00596
26	0.00949	0.00730	0.00880	0.00839	0.01025	0.00701	0.00640	0.01386	0.09566	0.02358	0.48670	0.04867	0.19064	0.01333	0.00743	0.00209	0.00340	0.04405	0.00665	0.00630
27	0.00898	0.00648	0.00848	0.00798	0.00948	0.00599	0.00599	0.01197	0.01796	0.02544	0.73413	0.04739	0.05986	0.01297	0.00748	0.00200	0.00299	0.01147	0.00698	0.00599
28	0.01579	0.01300	0.01394	0.01249	0.01598	0.01482	0.00972	0.03204	0.64746	0.05452	0.07659	0.02529	0.02213	0.00889	0.00653	0.00213	0.00489	0.00745	0.00655	0.00978
29	0.01778	0.01462	0.01547	0.01332	0.01726	0.01671	0.01053	0.19771	0.55876	0.02977	0.02328	0.02164	0.01730	0.00837	0.00643	0.00209	0.00549	0.00682	0.00643	0.01022
30	0.01570	0.01507	0.02575	0.03894	0.73748	0.01507	0.01947	0.01947	0.01444	0.02073	0.01193	0.01570	0.01005	0.00565	0.00628	0.00188	0.00754	0.00565	0.00314	0.01005
31	0.01418	0.01438	0.01939	0.01665	0.01675	0.04181	0.01383	0.01557	0.00997	0.01528	0.00837	0.01380	0.00832	0.01096	0.02036	0.00274	0.74240	0.00551	0.00279	0.00695
32	0.02317	0.02837	0.01740	0.01575	0.01900	0.68800	0.01185	0.02490	0.01798	0.04334	0.04501	0.01354	0.01093	0.00689	0.00583	0.00166	0.01081	0.00453	0.00362	0.00742
33	0.01783	0.66994	0.05670	0.01143	0.01685	0.06286	0.01129	0.02006	0.01348	0.05663	0.00989	0.01101	0.00857	0.00565	0.00436	0.00143	0.00705	0.00365	0.00304	0.00829
34	0.01696	0.78087	0.03324	0.01085	0.01628	0.02510	0.01085	0.01900	0.01289	0.01493	0.00882	0.01018	0.00814	0.00543	0.00407	0.00136	0.00678	0.00339	0.00271	0.00814
35	0.01437	0.04344	0.06391	0.05957	0.51188	0.01404	0.01695	0.01856	0.03678	0.02080	0.08922	0.02098	0.04790	0.00701	0.00637	0.00191	0.00691	0.00651	0.00371	0.00919
36	0.01497	0.01711	0.03743	0.02674	0.03316	0.01604	0.71444	0.02032	0.01497	0.02032	0.01283	0.01711	0.00963	0.00535	0.00749	0.00214	0.01070	0.00749	0.00321	0.00856
37	0.01002	0.00818	0.01227	0.01160	0.01261	0.00993	0.02565	0.01205	0.01025	0.01492	0.01594	0.05072	0.01528	0.03869	0.56402	0.02745	0.14419	0.00699	0.00337	0.00586
38	0.00778	0.00644	0.00682	0.00673	0.00874	0.00548	0.00504	0.00966	0.01513	0.01873	0.19299	0.05843	0.60519	0.01547	0.00749	0.00211	0.00317	0.01302	0.00610	0.00548
39	0.01102	0.00551	0.00826	0.00826	0.00826	0.00551	0.00551	0.00826	0.00826	0.01102	0.01102	0.01928	0.01102	0.02204	0.02479	0.81543	0.00551	0.00551	0.00275	0.00275
40	0.01300	0.03087	0.65687	0.01915	0.02816	0.01489	0.10881	0.02012	0.01359	0.02012	0.01156	0.01385	0.00823	0.00594	0.00621	0.00203	0.00954	0.00503	0.00274	0.00927
41	0.02412	0.01777	0.01904	0.01460	0.01967	0.01967	0.01206	0.71633	0.02983	0.03998	0.01523	0.01523	0.01079	0.00762	0.00635	0.00190	0.00698	0.00571	0.00635	0.01079
42	0.01696	0.78087	0.03324	0.01085	0.01628	0.02510	0.01085	0.01900	0.01289	0.01493	0.00882	0.01018	0.00814	0.00543	0.00407	0.00136	0.00678	0.00339	0.00271	0.00814
43	0.02691	0.01328	0.01626	0.01247	0.01743	0.01301	0.01030	0.27517	0.02232	0.49174	0.02154	0.01933	0.01395	0.00777	0.00637	0.00194	0.00596	0.00614	0.00732	0.01079
44	0.04301	0.02077	0.04003	0.01446	0.01894	0.25910	0.01177	0.29389	0.05613	0.15659	0.01543	0.01535	0.01104	0.00726	0.00608	0.00184	0.00810	0.00528	0.00543	0.00948
45	0.04742	0.04190	0.01899	0.04273	0.04365	0.11567	0.01219	0.49273	0.04342	0.05770	0.01447	0.01493	0.01052	0.00728	0.00612	0.00187	0.00747	0.00541	0.00557	0.00995
46	0.00919	0.00630	0.00765	0.00765	0.00791	0.00655	0.00476	0.00970	0.00944	0.01285	0.01932	0.03779	0.02145	0.61329	0.19384	0.00706	0.00858	0.00868	0.00374	0.00425
47	0.02310	0.01775	0.01917	0.01488	0.01981	0.04034	0.03366	0.61557	0.08945	0.03750	0.01592	0.01591	0.01142	0.00760	0.00637	0.00192	0.00705	0.00585	0.00617	0.01056
48	0.00766	0.00643	0.00665	0.00660	0.00867	0.00543	0.00495	0.00942	0.01485	0.01806	0.13859	0.05954	0.66000	0.01572	0.00750	0.00213	0.00319	0.01318	0.00601	0.00543
49	0.05236	0.00879	0.01051	0.00928	0.01191	0.00862	0.00722	0.04307	0.10868	0.14416	0.40955	0.03829	0.09946	0.01129	0.00696	0.00202	0.00390	0.00965	0.00680	0.00746
50	0.01376	0.12169	0.56331	0.01781	0.06569	0.01548	0.02053	0.01987	0.01351	0.04395	0.01245	0.04200	0.00970	0.00652	0.00589	0.00194	0.00860	0.00514	0.00301	0.00915
51	0.01696	0.78087	0.03324	0.01085	0.01628	0.02510	0.01085	0.01900	0.01289	0.01493	0.00882	0.01018	0.00814	0.00543	0.00407	0.00136	0.00678	0.00339	0.00271	0.00814
52	0.01315	0.01128	0.01315	0.00940	0.01503	0.00846	0.00752	0.01597	0.01315	0.02067	0.01128	0.01315	0.00940	0.00470	0.00470	0.00094	0.00470	0.00376	0.00376	0.81583
53	0.01198	0.01128	0.01903	0.76180	0.04369	0.01409	0.01762	0.01621	0.01268	0.01621	0.01128	0.01691	0.00846	0.00634	0.00634	0.00211	0.00846	0.00564	0.00282	0.00705
54	0.82186	0.01227	0.00932	0.00834	0.01227	0.01423	0.00687	0.01865	0.01080	0.02846	0.00883	0.01031	0.00687	0.00589	0.00393	0.00196	0.00491	0.00344	0.00393	0.00687
55	0.01957	0.49020	0.02733	0.01298	0.01757	0.30642	0.01140	0.02145	0.01486	0.01516	0.00920	0.01067	0.00815	0.00586	0.00471	0.00146	0.00859	0.00366	0.00293	0.00784
56	0.01666	0.01407	0.01484	0.01309	0.01683	0.01619	0.01025	0.10593	0.65236	0.02796	0.02470	0.02278	0.01846	0.00850	0.00644	0.00213	0.00523	0.00702	0.00644	0.01012
57	0.00772	0.00554	0.00734	0.00877	0.00918	0.00516	0.00586	0.00884	0.01221	0.01622	0.03574	0.75404	0.06033	0.01977	0.00808	0.00256	0.00367	0.01791	0.00589	0.00516
58	0.01515	0.01523	0.04261	0.06007	0.60201	0.03220	0.04828	0.01887	0.01432	0.02012	0.01336	0.06403	0.01192	0.00660	0.00643	0.00194	0.00760	0.00646	0.00330	0.00949
59	0.01198	0.01128	0.01903	0.76180	0.04369	0.01409	0.01762	0.01621	0.01268	0.01621	0.01128	0.01691	0.00846	0.00634	0.00634	0.00211	0.00846	0.00564	0.00282	0.00705
60	0.82186	0.01227	0.00932	0.00834	0.01227	0.01423	0.00687	0.01865	0.01080	0.02846	0.00883	0.01031	0.00687	0.00589	0.00393	0.00196	0.00491	0.00344	0.00393	0.00687
61	0.01821	0.01483	0.01571	0.01340	0.01742	0.01691	0.01063	0.23245	0.52332	0.03045	0.02274	0.02121	0.01687	0.00832	0.00642	0.00208	0.00559	0.00675	0.00642	0.01026
62	0.01366	0.01398	0.04385	0.05294	0.02241	0.01432	0.24426	0.02168	0.22263	0.02125	0.05601	0.02646	0.08948	0.00891	0.00861	0.00223	0.09133	0.03315	0.00463	0.00822
63	0.00795	0.00641	0.00708	0.00699	0.00887	0.00554	0.00521	0.00995	0.01542	0.01959	0.26429	0.08488	0.50499	0.01529	0.00752	0.00212	0.00317	0.01300	0.00622	0.00554
64	0.02250	0.01697	0.01813	0.01427	0.01906	0.01892	0.01167	0.58421	0.16457	0.03738	0.01728	0.01686	0.01245	0.00781	0.00637	0.00195	0.00660	0.00599	0.00637	0.01064
65	0.00773	0.00552	0.00736	0.00883	0.00920	0.00515	0.00589	0.00883	0.01215	0.01619	0.03497	0.77291	0.04196	0.01987	0.00810	0.00258	0.00368	0.01803	0.00589	0.00515
66	0.01273	0.01261	0.03660	0.01696	0.07416	0.01540	0.05179	0.01473	0.01053	0.01574	0.01163	0.01877	0.01128	0.08635	0.15714	0.00435	0.43314	0.00621	0.00304	0.00682
67	0.00811	0.00579	0.00779	0.00926	0.00980	0.00548	0.00654	0.00949	0.01252	0.01662	0.03476	0.66679	0.04113	0.01952	0.00820	0.00263	0.00401	0.12043	0.00588	0.00526
68	0.01570	0.01507	0.02575	0.03894	0.73748	0.01507	0.01947	0.01947	0.01444	0.02073	0.01193	0.01570	0.01005	0.00565	0.00628	0.00188	0.00754	0.00565	0.00314	0.01005
69	0.01467	0.35215	0.35550	0.01489	0.04329	0.01868	0.01658	0.01926	0.01319	0.01794	0.01029	0.01206	0.00826	0.00565	0.00508	0.00164	0.00781	0.00408	0.00280	0.07620
