[name]
unknown

[dist]
# distance from previous block
# <min> <max>
5	143

[block]
# block no. 0 follows, 27 sequences, length 16
# corresponding to MSA columns:
# 204-219
name=unknown_A
#
# <colnr> <probs for GDERKNQSTAVLIFYWHMCP>
#	G	D	E	R	K	N	Q	S	T	A	V	L	I	F	Y	W	H	M	C	P
0	0.01004	0.00743	0.00897	0.00877	0.01034	0.00679	0.00627	0.01244	0.01795	0.02426	0.39189	0.10328	0.21098	0.13213	0.01344	0.00320	0.00421	0.01406	0.00719	0.00636
1	0.01428	0.01355	0.02232	0.63902	0.04742	0.01723	0.02010	0.01884	0.01444	0.01884	0.01279	0.01938	0.00988	0.00807	0.00941	0.00256	0.09376	0.00659	0.00329	0.00823
2	0.01409	0.00805	0.00962	0.00908	0.01029	0.00763	0.00589	0.01494	0.01361	0.12491	0.05759	0.09533	0.08093	0.48521	0.02745	0.00555	0.00643	0.01148	0.00576	0.00615
3	0.01078	0.00724	0.00834	0.00834	0.00842	0.00733	0.00480	0.01095	0.01087	0.01457	0.02317	0.04737	0.02646	0.69644	0.07973	0.00749	0.00799	0.01062	0.00447	0.00463
4	0.02209	0.33832	0.10864	0.01639	0.02212	0.21068	0.01527	0.09673	0.01874	0.02169	0.01179	0.01371	0.00989	0.00753	0.00719	0.00195	0.05890	0.00484	0.00383	0.00970
5	0.01466	0.01426	0.02437	0.55941	0.04561	0.01757	0.08119	0.01927	0.01462	0.01927	0.01289	0.01933	0.01001	0.00808	0.00988	0.00258	0.10847	0.00679	0.00334	0.00840
6	0.14186	0.02037	0.01735	0.01497	0.01935	0.17800	0.01177	0.17437	0.19306	0.04948	0.06575	0.02300	0.04068	0.00937	0.00699	0.00226	0.00790	0.00705	0.00627	0.01017
7	0.01864	0.57116	0.20069	0.01477	0.02225	0.02641	0.01630	0.02254	0.01523	0.01894	0.01105	0.01283	0.00950	0.00652	0.00532	0.00177	0.00868	0.00434	0.00317	0.00988
8	0.01118	0.00790	0.01106	0.03855	0.01330	0.00891	0.00840	0.01358	0.01231	0.01815	0.02076	0.03187	0.01970	0.16274	0.47999	0.00947	0.01528	0.00825	0.10224	0.00637
9	0.01063	0.00787	0.01148	0.01148	0.01265	0.00904	0.00872	0.01297	0.01180	0.01690	0.02030	0.03144	0.01955	0.13577	0.63094	0.01138	0.01840	0.00829	0.00404	0.00638
10	0.02245	0.01793	0.01903	0.01591	0.02082	0.02033	0.01271	0.29624	0.41610	0.03748	0.02515	0.02366	0.01856	0.00960	0.00750	0.00240	0.00681	0.00769	0.00750	0.01211
11	0.01105	0.00744	0.00914	0.00916	0.01090	0.00677	0.00670	0.01365	0.01801	0.05278	0.31580	0.22269	0.18294	0.01705	0.00855	0.00248	0.00387	0.01492	0.07925	0.00684
12	0.01624	0.01624	0.02274	0.01949	0.01949	0.02274	0.01624	0.01787	0.01137	0.01787	0.00975	0.01624	0.00975	0.01299	0.02436	0.00325	0.72552	0.00650	0.00325	0.00812
13	0.67636	0.07573	0.01401	0.01049	0.01532	0.01814	0.00883	0.06477	0.01432	0.03288	0.01083	0.01243	0.00847	0.00698	0.00480	0.00223	0.00609	0.00419	0.00466	0.00847
14	0.02323	0.08183	0.11833	0.01826	0.07207	0.03680	0.01546	0.32495	0.04243	0.08634	0.04285	0.02127	0.04286	0.00882	0.00718	0.00218	0.00810	0.00688	0.00615	0.03401
15	0.01907	0.68206	0.03648	0.01242	0.01839	0.02750	0.01223	0.02154	0.01558	0.01849	0.06703	0.01555	0.01458	0.00709	0.00510	0.00165	0.00757	0.00476	0.00359	0.00932

[dist]
# distance from previous block
# <min> <max>
9	13

[block]
# block no. 1 follows, 27 sequences, length 10
# corresponding to MSA columns:
# 233-242
name=unknown_B
#
# <colnr> <probs for GDERKNQSTAVLIFYWHMCP>
#	G	D	E	R	K	N	Q	S	T	A	V	L	I	F	Y	W	H	M	C	P
0	0.06492	0.01691	0.01747	0.01422	0.01886	0.09992	0.01147	0.18769	0.02319	0.27398	0.05959	0.02752	0.09349	0.01039	0.00829	0.00231	0.04392	0.00794	0.00724	0.01068
1	0.01526	0.01052	0.01206	0.01081	0.01340	0.05194	0.00814	0.01780	0.01729	0.12184	0.24139	0.04070	0.08299	0.11993	0.13695	0.00459	0.00813	0.01011	0.00641	0.06972
2	0.01097	0.00804	0.00893	0.00860	0.01082	0.00751	0.00648	0.01506	0.06505	0.02563	0.28132	0.05494	0.30379	0.01510	0.00805	0.00231	0.00377	0.01281	0.14380	0.00703
3	0.06147	0.01712	0.02703	0.03744	0.50362	0.01847	0.02021	0.02295	0.05639	0.02414	0.01407	0.01824	0.01189	0.00788	0.00998	0.00240	0.12530	0.00656	0.00389	0.01096
4	0.01500	0.01328	0.05846	0.06073	0.08428	0.01224	0.03420	0.05653	0.01677	0.06037	0.02952	0.04137	0.11530	0.05490	0.10055	0.00399	0.04215	0.13038	0.00533	0.06462
5	0.01053	0.00780	0.01015	0.01149	0.01305	0.00742	0.00931	0.01308	0.01633	0.02093	0.04755	0.24429	0.18560	0.02083	0.00974	0.00312	0.00553	0.34989	0.00686	0.00651
6	0.41342	0.01336	0.04321	0.01082	0.01487	0.01336	0.00912	0.04896	0.01540	0.08988	0.02276	0.11850	0.05876	0.01080	0.00628	0.00241	0.00571	0.03354	0.06054	0.00829
7	0.01760	0.05135	0.08960	0.01275	0.01893	0.01273	0.01143	0.07034	0.05159	0.08755	0.08448	0.02288	0.04187	0.00795	0.00649	0.00169	0.00624	0.00643	0.00549	0.39261
8	0.07177	0.31362	0.19408	0.01692	0.02421	0.02251	0.07981	0.08421	0.05136	0.05656	0.01413	0.01562	0.01095	0.00711	0.00622	0.00205	0.00881	0.00545	0.00422	0.01037
9	0.05671	0.17941	0.05481	0.01594	0.06736	0.05029	0.01291	0.10551	0.01814	0.05406	0.01350	0.01537	0.01090	0.00700	0.00687	0.00175	0.04483	0.00505	0.00454	0.27506

[dist]
# distance from previous block
# <min> <max>
0	3

[block]
# block no. 2 follows, 27 sequences, length 33
# corresponding to MSA columns:
# 246-278
name=unknown_C
#
# <colnr> <probs for GDERKNQSTAVLIFYWHMCP>
#	G	D	E	R	K	N	Q	S	T	A	V	L	I	F	Y	W	H	M	C	P
0	0.04751	0.02113	0.14400	0.08453	0.30406	0.01809	0.10159	0.07478	0.08285	0.02644	0.01569	0.01886	0.01215	0.00724	0.00740	0.00232	0.00928	0.00677	0.00427	0.01106
1	0.01022	0.00786	0.00949	0.01043	0.01172	0.00766	0.00729	0.01415	0.09800	0.02100	0.06641	0.51274	0.15392	0.02060	0.00909	0.00285	0.00439	0.01835	0.00702	0.00682
2	0.04796	0.20394	0.13328	0.06097	0.07884	0.02053	0.08296	0.12508	0.04372	0.02622	0.01401	0.01626	0.01099	0.00700	0.00650	0.00201	0.00866	0.00571	0.00431	0.10105
3	0.18514	0.01047	0.01253	0.01182	0.01401	0.01218	0.00926	0.05641	0.01343	0.02249	0.01747	0.02547	0.01608	0.08734	0.43503	0.00851	0.04366	0.00714	0.00434	0.00723
4	0.01330	0.00800	0.01061	0.01013	0.01210	0.00730	0.00752	0.01616	0.01934	0.11970	0.43438	0.22207	0.05761	0.01638	0.00876	0.00250	0.00410	0.01453	0.00799	0.00754
5	0.01702	0.01159	0.01305	0.01144	0.01481	0.01184	0.00894	0.12103	0.14548	0.09856	0.18936	0.06257	0.15944	0.01292	0.00785	0.00234	0.00502	0.01083	0.08674	0.00916
6	0.00941	0.00670	0.00894	0.01060	0.01114	0.00633	0.00732	0.01087	0.01438	0.01912	0.04010	0.64176	0.04762	0.04972	0.01061	0.00321	0.00467	0.08464	0.00680	0.00606
7	0.02675	0.02630	0.02132	0.04488	0.02368	0.31960	0.01427	0.33994	0.02719	0.03212	0.01498	0.01644	0.01143	0.01020	0.03550	0.00249	0.01097	0.00591	0.00557	0.01047
8	0.01741	0.01664	0.02819	0.13783	0.57807	0.01705	0.02184	0.02180	0.01662	0.02336	0.01617	0.02057	0.03707	0.00719	0.00741	0.00225	0.00878	0.00695	0.00374	0.01106
9	0.18637	0.02174	0.01740	0.01487	0.01945	0.23413	0.01172	0.16693	0.06765	0.10336	0.02094	0.02099	0.06583	0.00899	0.00672	0.00219	0.00859	0.00645	0.00586	0.00984
10	0.02095	0.02434	0.02299	0.05288	0.10108	0.34340	0.08219	0.02361	0.01776	0.01956	0.01607	0.11525	0.01551	0.01022	0.00964	0.00235	0.10142	0.00796	0.00413	0.00868
11	0.01265	0.00771	0.00905	0.00883	0.00939	0.00757	0.00545	0.01308	0.01200	0.06916	0.02480	0.04881	0.02724	0.63856	0.03375	0.00658	0.00711	0.04796	0.00501	0.00528
12	0.01554	0.03825	0.66615	0.02106	0.03166	0.05236	0.02676	0.02382	0.01595	0.02324	0.01323	0.01556	0.00941	0.00708	0.00703	0.00233	0.01109	0.00545	0.00317	0.01085
13	0.08145	0.01498	0.01872	0.05983	0.09938	0.01603	0.03796	0.21516	0.09076	0.04761	0.02731	0.12330	0.08038	0.01182	0.00779	0.00248	0.00705	0.04176	0.00628	0.00995
14	0.01567	0.00847	0.01074	0.01028	0.01199	0.00798	0.00727	0.01704	0.01469	0.17465	0.03151	0.17794	0.05907	0.31762	0.04775	0.00494	0.00675	0.06232	0.00631	0.00702
15	0.00951	0.00747	0.00858	0.00846	0.01052	0.00655	0.00629	0.01201	0.01842	0.02397	0.32515	0.11084	0.39054	0.01762	0.00882	0.00247	0.00369	0.01512	0.00742	0.00655
16	0.01454	0.01373	0.02321	0.63995	0.12835	0.01663	0.02088	0.01943	0.01509	0.01960	0.01329	0.01962	0.01012	0.00732	0.00741	0.00244	0.00977	0.00660	0.00334	0.00867
17	0.01696	0.28608	0.40624	0.02036	0.08685	0.02157	0.02180	0.02299	0.01558	0.02144	0.01232	0.01458	0.00966	0.00677	0.00627	0.00207	0.00970	0.00505	0.00320	0.01053
18	0.00904	0.00646	0.00861	0.01034	0.01077	0.00603	0.00689	0.01034	0.01421	0.01895	0.04092	0.73426	0.04910	0.02326	0.00948	0.00301	0.00431	0.02110	0.00689	0.00603
19	0.00904	0.00646	0.00861	0.01034	0.01077	0.00603	0.00689	0.01034	0.01421	0.01895	0.04092	0.73426	0.04910	0.02326	0.00948	0.00301	0.00431	0.02110	0.00689	0.00603
20	0.00904	0.00646	0.00861	0.01034	0.01077	0.00603	0.00689	0.01034	0.01421	0.01895	0.04092	0.73426	0.04910	0.02326	0.00948	0.00301	0.00431	0.02110	0.00689	0.00603
21	0.01031	0.00758	0.00965	0.00913	0.01097	0.00692	0.00685	0.01363	0.02055	0.02867	0.61967	0.05726	0.13993	0.01559	0.00876	0.00235	0.00353	0.01368	0.00803	0.00692
22	0.01595	0.01542	0.02638	0.38425	0.27618	0.01753	0.05925	0.02052	0.01546	0.02105	0.01330	0.01902	0.01063	0.00751	0.00882	0.00244	0.06652	0.00672	0.00346	0.00959
23	0.01927	0.02207	0.02896	0.11638	0.03130	0.22972	0.28722	0.02314	0.01732	0.02011	0.01484	0.02191	0.01274	0.10846	0.01197	0.00297	0.01170	0.00753	0.00382	0.00858
24	0.01050	0.00781	0.01150	0.01162	0.01282	0.00894	0.00887	0.01292	0.01204	0.01721	0.02157	0.08080	0.02118	0.08803	0.62528	0.01105	0.01812	0.00904	0.00421	0.00648
25	0.01402	0.01319	0.02227	0.72126	0.05113	0.01649	0.02062	0.01897	0.01484	0.01897	0.01319	0.01979	0.00990	0.00742	0.00742	0.00247	0.00990	0.00660	0.00330	0.00825
26	0.01120	0.00775	0.01006	0.00939	0.01131	0.00710	0.00708	0.01461	0.02085	0.05170	0.64038	0.05513	0.09501	0.01513	0.00871	0.00234	0.00361	0.01332	0.00815	0.00716
27	0.01489	0.03840	0.70064	0.02116	0.03213	0.01724	0.02743	0.02351	0.01567	0.02351	0.01332	0.01567	0.00940	0.00705	0.00705	0.00235	0.01097	0.00549	0.00313	0.01097
28	0.01029	0.00758	0.00962	0.00911	0.01096	0.00691	0.00683	0.01358	0.02049	0.02853	0.61061	0.05749	0.14909	0.01564	0.00876	0.00236	0.00354	0.01371	0.00801	0.00691
29	0.01062	0.00790	0.01165	0.01165	0.01288	0.00913	0.00893	0.01308	0.01185	0.01702	0.02014	0.03059	0.01918	0.10584	0.66036	0.01158	0.01895	0.00816	0.00402	0.00647
30	0.01257	0.00965	0.01151	0.01058	0.01300	0.00969	0.00806	0.04649	0.13902	0.03006	0.49950	0.04998	0.10227	0.01425	0.00848	0.00237	0.00415	0.01239	0.00794	0.00804
31	0.02228	0.02282	0.02237	0.13880	0.19854	0.27972	0.01663	0.07299	0.01957	0.05389	0.01470	0.01772	0.01157	0.00759	0.00695	0.00211	0.01014	0.00598	0.06591	0.00971
32	0.01933	0.07564	0.08679	0.09188	0.18712	0.06985	0.11885	0.07453	0.03905	0.04956	0.01470	0.01783	0.01148	0.00726	0.00780	0.00218	0.03648	0.00640	0.00425	0.07901

[dist]
# distance from previous block
# <min> <max>
0	7

[block]
# block no. 3 follows, 27 sequences, length 6
# corresponding to MSA columns:
# 287-292
name=unknown_D
#
# <colnr> <probs for GDERKNQSTAVLIFYWHMCP>
#	G	D	E	R	K	N	Q	S	T	A	V	L	I	F	Y	W	H	M	C	P
0	0.07168	0.22939	0.02781	0.01702	0.02233	0.16921	0.12133	0.07193	0.06087	0.05578	0.01521	0.01696	0.01199	0.00740	0.00637	0.00201	0.00918	0.00583	0.06810	0.00961
1	0.07738	0.38182	0.15750	0.01553	0.02214	0.14911	0.01553	0.06552	0.01738	0.02179	0.01158	0.01328	0.00960	0.00692	0.00571	0.00188	0.00935	0.00458	0.00366	0.00972
2	0.01242	0.00670	0.00981	0.00981	0.00998	0.00687	0.00663	0.01022	0.01005	0.01357	0.01471	0.02572	0.01486	0.09334	0.11480	0.61810	0.00819	0.00702	0.00343	0.00376
3	0.01835	0.01636	0.05270	0.06688	0.02200	0.04803	0.07383	0.20603	0.06846	0.03050	0.07506	0.03140	0.10276	0.01172	0.02629	0.00256	0.00773	0.02708	0.10279	0.00948
4	0.00932	0.00686	0.00874	0.00972	0.01073	0.00628	0.00674	0.01118	0.01608	0.02145	0.18628	0.49175	0.14585	0.02087	0.00922	0.00279	0.00405	0.01866	0.00717	0.00628
5	0.01724	0.03034	0.42992	0.06271	0.14019	0.01808	0.06386	0.10365	0.01834	0.02631	0.01409	0.01687	0.01033	0.00718	0.00727	0.00233	0.01031	0.00608	0.00381	0.01110

[dist]
# distance from previous block
# <min> <max>
0	1

[block]
# block no. 4 follows, 27 sequences, length 17
# corresponding to MSA columns:
# 294,298-313
name=unknown_E
#
# <colnr> <probs for GDERKNQSTAVLIFYWHMCP>
#	G	D	E	R	K	N	Q	S	T	A	V	L	I	F	Y	W	H	M	C	P
0	0.01750	0.01674	0.02855	0.18149	0.56371	0.01741	0.02235	0.02202	0.01649	0.02319	0.01381	0.01866	0.01138	0.00678	0.00736	0.00226	0.00904	0.00661	0.00360	0.01105
1	0.79154	0.01436	0.01091	0.00976	0.01436	0.01665	0.00804	0.02182	0.01263	0.03331	0.01034	0.01206	0.00804	0.00689	0.00459	0.00230	0.00574	0.00402	0.00459	0.00804
2	0.02822	0.02079	0.02228	0.01708	0.02302	0.02302	0.01411	0.66804	0.03490	0.04679	0.01782	0.01782	0.01262	0.00891	0.00743	0.00223	0.00817	0.00668	0.00743	0.01262
3	0.01539	0.01319	0.01539	0.01100	0.01759	0.00990	0.00880	0.01869	0.01539	0.02419	0.01319	0.01539	0.01100	0.00550	0.00550	0.00110	0.00550	0.00440	0.00440	0.78449
4	0.79154	0.01436	0.01091	0.00976	0.01436	0.01665	0.00804	0.02182	0.01263	0.03331	0.01034	0.01206	0.00804	0.00689	0.00459	0.00230	0.00574	0.00402	0.00459	0.00804
5	0.02503	0.03106	0.01960	0.01799	0.02142	0.59900	0.01355	0.02706	0.01960	0.01802	0.01280	0.01587	0.01098	0.01522	0.11746	0.00349	0.01441	0.00528	0.00385	0.00829
6	0.00904	0.00646	0.00861	0.01034	0.01077	0.00603	0.00689	0.01034	0.01421	0.01895	0.04092	0.73426	0.04910	0.02326	0.00948	0.00301	0.00431	0.02110	0.00689	0.00603
7	0.02057	0.01328	0.01539	0.01319	0.01706	0.01376	0.01035	0.18761	0.14663	0.16229	0.12059	0.14974	0.07112	0.01305	0.00806	0.00246	0.00583	0.01104	0.00777	0.01020
8	0.01724	0.02110	0.09018	0.02972	0.03695	0.01894	0.57356	0.02334	0.01695	0.02334	0.01452	0.01944	0.01102	0.00679	0.00974	0.00254	0.06263	0.00836	0.00367	0.00995
9	0.01052	0.00708	0.00818	0.00845	0.00852	0.00701	0.00488	0.01072	0.01133	0.01511	0.02615	0.15662	0.03047	0.62631	0.03332	0.00654	0.00674	0.01242	0.00488	0.00474
10	0.01489	0.03840	0.70064	0.02116	0.03213	0.01724	0.02743	0.02351	0.01567	0.02351	0.01332	0.01567	0.00940	0.00705	0.00705	0.00235	0.01097	0.00549	0.00313	0.01097
11	0.01826	0.48154	0.23700	0.01542	0.02302	0.02497	0.01708	0.02378	0.06030	0.02021	0.01257	0.01411	0.01038	0.00682	0.00564	0.00188	0.00871	0.00473	0.00346	0.01011
12	0.00962	0.00772	0.00865	0.00881	0.01088	0.00690	0.00655	0.01247	0.04127	0.02225	0.18603	0.16817	0.42376	0.01852	0.00889	0.00259	0.00398	0.03919	0.00716	0.00659
13	0.00916	0.00662	0.00867	0.01010	0.01076	0.00613	0.00683	0.01068	0.01496	0.01996	0.09989	0.63850	0.08567	0.02230	0.00937	0.00293	0.00421	0.02013	0.00700	0.00613
14	0.13552	0.01087	0.01005	0.00962	0.01091	0.05711	0.00625	0.01590	0.06050	0.01884	0.02102	0.03892	0.02251	0.52102	0.02824	0.00573	0.00729	0.00915	0.00469	0.00586
15	0.14588	0.10812	0.12305	0.01568	0.02179	0.11744	0.01446	0.18376	0.05729	0.12029	0.01639	0.01680	0.01194	0.00793	0.00652	0.00216	0.00855	0.00569	0.00557	0.01067
16	0.14755	0.08218	0.02087	0.01697	0.02132	0.48058	0.01321	0.09303	0.02069	0.02342	0.01186	0.01352	0.00963	0.00756	0.00630	0.00198	0.01125	0.00480	0.00427	0.00899

[dist]
# distance from previous block
# <min> <max>
8	12

[block]
# block no. 5 follows, 27 sequences, length 6
# corresponding to MSA columns:
# 327-332
name=unknown_F
#
# <colnr> <probs for GDERKNQSTAVLIFYWHMCP>
#	G	D	E	R	K	N	Q	S	T	A	V	L	I	F	Y	W	H	M	C	P
0	0.01367	0.00822	0.01026	0.00970	0.01209	0.00728	0.00728	0.01618	0.01859	0.14008	0.27887	0.18817	0.22761	0.01673	0.00868	0.00251	0.00422	0.01453	0.00774	0.00758
1	0.00969	0.00747	0.00892	0.00932	0.01114	0.00671	0.00705	0.01208	0.01749	0.02264	0.22284	0.19372	0.32479	0.01892	0.00909	0.00268	0.00420	0.09755	0.00722	0.00649
2	0.13328	0.01969	0.01883	0.01514	0.02047	0.13632	0.01225	0.25793	0.02490	0.25908	0.01957	0.01878	0.01341	0.00851	0.00693	0.00221	0.00812	0.00626	0.00701	0.01131
3	0.00967	0.00714	0.00904	0.00944	0.01080	0.00651	0.00675	0.01205	0.01772	0.02403	0.34017	0.32241	0.15911	0.01889	0.00904	0.00263	0.00386	0.01677	0.00747	0.00651
4	0.01645	0.01590	0.02808	0.09210	0.35169	0.01638	0.14315	0.02075	0.01640	0.02329	0.05160	0.06955	0.01725	0.00877	0.00907	0.00241	0.06398	0.00837	0.03479	0.01002
5	0.01205	0.00901	0.01086	0.01090	0.01261	0.00910	0.00795	0.06614	0.07912	0.02406	0.15928	0.30233	0.10152	0.08531	0.04159	0.00352	0.00561	0.04493	0.00689	0.00721

[dist]
# distance from previous block
# <min> <max>
1	5

[block]
# block no. 6 follows, 27 sequences, length 35
# corresponding to MSA columns:
# 338-372
name=unknown_G
#
# <colnr> <probs for GDERKNQSTAVLIFYWHMCP>
#	G	D	E	R	K	N	Q	S	T	A	V	L	I	F	Y	W	H	M	C	P
0	0.04228	0.01961	0.02865	0.03394	0.37511	0.08218	0.11971	0.07862	0.09669	0.02653	0.01602	0.01904	0.01273	0.00726	0.00746	0.00227	0.00933	0.00692	0.00449	0.01116
1	0.13029	0.06628	0.02614	0.01971	0.04142	0.13192	0.17592	0.17812	0.02140	0.08246	0.01562	0.01837	0.01199	0.03810	0.00835	0.00243	0.00959	0.00658	0.00518	0.01012
2	0.01675	0.01653	0.02651	0.36423	0.32689	0.05234	0.04822	0.02136	0.01616	0.02142	0.01352	0.01886	0.01074	0.00704	0.00741	0.00233	0.00972	0.00660	0.00351	0.00986
3	0.01241	0.01074	0.01376	0.12394	0.07352	0.03502	0.01105	0.01652	0.05876	0.02266	0.16592	0.12058	0.18889	0.03822	0.00945	0.00272	0.00603	0.07607	0.00617	0.00757
4	0.00963	0.00729	0.00888	0.00904	0.01069	0.00654	0.00657	0.01211	0.01812	0.02421	0.34647	0.22688	0.25005	0.01824	0.00894	0.00255	0.00378	0.01598	0.00748	0.00654
5	0.67246	0.01409	0.01190	0.01030	0.01508	0.01575	0.00849	0.02408	0.01399	0.13769	0.01331	0.01413	0.00966	0.00725	0.00505	0.00230	0.00583	0.00456	0.00532	0.00876
6	0.01121	0.00762	0.00948	0.00940	0.01127	0.00683	0.00690	0.01371	0.01830	0.06865	0.33046	0.22998	0.21301	0.01772	0.00886	0.00255	0.00396	0.01553	0.00760	0.00695
7	0.11256	0.01459	0.01647	0.01308	0.01804	0.01495	0.01070	0.24593	0.02409	0.28050	0.04607	0.02269	0.01721	0.00897	0.00685	0.00219	0.00636	0.00695	0.12071	0.01108
8	0.01774	0.01028	0.01167	0.01030	0.01281	0.01066	0.00785	0.12515	0.01871	0.10662	0.04928	0.07370	0.02244	0.11032	0.01147	0.00279	0.03411	0.00860	0.34732	0.00819
9	0.01093	0.00774	0.00948	0.00901	0.01111	0.00692	0.00677	0.01383	0.01953	0.05570	0.45133	0.08613	0.25141	0.01632	0.00873	0.00241	0.00373	0.01414	0.00778	0.00699
10	0.01848	0.32229	0.25236	0.01628	0.02327	0.12992	0.01735	0.02293	0.01641	0.02028	0.05099	0.01669	0.01339	0.00958	0.03877	0.00241	0.01010	0.00533	0.00359	0.00958
11	0.01913	0.01468	0.02093	0.01661	0.02125	0.03400	0.15284	0.08022	0.14999	0.13839	0.15313	0.03488	0.10860	0.01094	0.00814	0.00240	0.00711	0.00990	0.00691	0.00995
12	0.01992	0.09180	0.01794	0.01389	0.01759	0.21033	0.01092	0.02633	0.15576	0.08504	0.20655	0.03148	0.06054	0.01074	0.00741	0.00218	0.00749	0.00856	0.00635	0.00916
13	0.01886	0.25005	0.33554	0.01951	0.08057	0.02066	0.02007	0.04343	0.04177	0.08262	0.01464	0.01611	0.01103	0.00716	0.00644	0.00210	0.00917	0.00543	0.00402	0.01082
14	0.05098	0.01395	0.01635	0.13055	0.02229	0.04274	0.01218	0.11761	0.11942	0.08128	0.02091	0.04755	0.01666	0.01430	0.08106	0.00332	0.05348	0.00747	0.13862	0.00930
15	0.01619	0.01409	0.02099	0.07715	0.14075	0.01465	0.09494	0.10832	0.10838	0.02647	0.04835	0.17421	0.06681	0.01255	0.00828	0.00256	0.00737	0.04264	0.00585	0.00947
16	0.01019	0.00735	0.00835	0.00866	0.00955	0.00696	0.00572	0.01114	0.01338	0.01709	0.04071	0.11999	0.21278	0.40943	0.02469	0.00518	0.00596	0.07196	0.00559	0.00534
17	0.02205	0.04751	0.05528	0.02031	0.02571	0.01974	0.19226	0.25296	0.02268	0.08524	0.01680	0.01997	0.01282	0.03623	0.01110	0.00260	0.10842	0.00730	0.03042	0.01061
18	0.01034	0.00746	0.00977	0.00946	0.01105	0.00689	0.00699	0.01358	0.02022	0.02850	0.61298	0.13496	0.06759	0.01612	0.00884	0.00241	0.00360	0.01432	0.00802	0.00689
19	0.01750	0.01081	0.01205	0.01079	0.01367	0.01113	0.00832	0.15883	0.05413	0.08318	0.07005	0.14991	0.05005	0.01210	0.00706	0.00221	0.00498	0.01014	0.30440	0.00868
20	0.01489	0.03840	0.70064	0.02116	0.03213	0.01724	0.02743	0.02351	0.01567	0.02351	0.01332	0.01567	0.00940	0.00705	0.00705	0.00235	0.01097	0.00549	0.00313	0.01097
21	0.01063	0.00722	0.00805	0.00805	0.00825	0.00712	0.00459	0.01078	0.01129	0.01485	0.02756	0.05042	0.08029	0.68118	0.03545	0.00682	0.00692	0.01119	0.00469	0.00464
22	0.01766	0.05375	0.05603	0.01846	0.07620	0.07174	0.08956	0.08870	0.12996	0.02745	0.14083	0.06449	0.02573	0.00981	0.00752	0.00219	0.00754	0.00861	0.00574	0.09803
23	0.01985	0.74357	0.03890	0.01270	0.01905	0.02937	0.01270	0.02223	0.01508	0.01747	0.01032	0.01191	0.00953	0.00635	0.00476	0.00159	0.00794	0.00397	0.00318	0.00953
24	0.02259	0.45710	0.03163	0.01489	0.02044	0.20526	0.01321	0.08380	0.05160	0.02100	0.01230	0.01362	0.01047	0.00711	0.00565	0.00178	0.00928	0.00465	0.00395	0.00968
25	0.01723	0.38148	0.31578	0.01691	0.02504	0.02277	0.04723	0.02245	0.01571	0.02085	0.04328	0.01587	0.01236	0.00705	0.00609	0.00198	0.00921	0.00526	0.00342	0.01004
26	0.01760	0.04806	0.01529	0.01253	0.01481	0.08326	0.00932	0.17218	0.01850	0.02435	0.02073	0.08865	0.02090	0.28669	0.02001	0.00415	0.06214	0.00912	0.06402	0.00768
27	0.01061	0.00720	0.00851	0.00867	0.00884	0.00729	0.00518	0.01099	0.01122	0.01509	0.02469	0.11065	0.02825	0.60706	0.09935	0.00726	0.00814	0.01149	0.00467	0.00484
28	0.02109	0.01648	0.01801	0.01547	0.01990	0.01840	0.01254	0.28445	0.30248	0.03596	0.05100	0.03299	0.02336	0.01133	0.00794	0.00253	0.00684	0.10060	0.00742	0.01120
29	0.01895	0.11848	0.32596	0.01990	0.02745	0.20499	0.08721	0.02444	0.01758	0.02176	0.05515	0.01756	0.01347	0.00756	0.00697	0.00216	0.01095	0.00595	0.00371	0.00981
30	0.00915	0.00651	0.00858	0.01020	0.01060	0.00610	0.00674	0.01037	0.01400	0.01866	0.03981	0.69111	0.04771	0.06830	0.01126	0.00328	0.00449	0.02046	0.00674	0.00593
31	0.01489	0.03840	0.70064	0.02116	0.03213	0.01724	0.02743	0.02351	0.01567	0.02351	0.01332	0.01567	0.00940	0.00705	0.00705	0.00235	0.01097	0.00549	0.00313	0.01097
32	0.06597	0.01424	0.01775	0.01380	0.01943	0.01359	0.01135	0.13949	0.06097	0.52251	0.02660	0.02359	0.01721	0.00909	0.00733	0.00230	0.00657	0.00723	0.00860	0.01237
33	0.01206	0.00858	0.01017	0.01051	0.01241	0.00838	0.00771	0.01680	0.11292	0.05617	0.08781	0.34142	0.17917	0.01827	0.00872	0.00271	0.00455	0.04770	0.04655	0.00740
34	0.01013	0.00782	0.00931	0.00932	0.01117	0.00724	0.00684	0.01369	0.05625	0.02464	0.32975	0.19829	0.25290	0.01765	0.00884	0.00254	0.00388	0.01540	0.00748	0.00685

[dist]
# distance from previous block
# <min> <max>
0	25

[block]
# block no. 7 follows, 27 sequences, length 17
# corresponding to MSA columns:
# 398-414
name=unknown_H
#
# <colnr> <probs for GDERKNQSTAVLIFYWHMCP>
#	G	D	E	R	K	N	Q	S	T	A	V	L	I	F	Y	W	H	M	C	P
0	0.00956	0.00715	0.00888	0.00930	0.01072	0.00647	0.00665	0.01186	0.01751	0.02346	0.30382	0.31446	0.20489	0.01905	0.00903	0.00263	0.00386	0.01683	0.00740	0.00647
1	0.01140	0.00755	0.01021	0.01155	0.01278	0.00717	0.00881	0.01353	0.01568	0.05846	0.04080	0.45097	0.06565	0.02138	0.00961	0.00310	0.00527	0.23240	0.00700	0.00669
2	0.01721	0.21799	0.44264	0.02049	0.07246	0.06423	0.02250	0.02352	0.01594	0.02167	0.01248	0.01474	0.00960	0.00688	0.00646	0.00212	0.01020	0.00513	0.00323	0.01050
3	0.01402	0.01319	0.02227	0.72126	0.05113	0.01649	0.02062	0.01897	0.01484	0.01897	0.01319	0.01979	0.00990	0.00742	0.00742	0.00247	0.00990	0.00660	0.00330	0.00825
4	0.05372	0.02980	0.01968	0.01749	0.02154	0.51722	0.01333	0.09576	0.04882	0.05033	0.01431	0.01568	0.01126	0.00797	0.00668	0.00199	0.01142	0.00533	0.04847	0.00920
5	0.27670	0.04786	0.01844	0.06020	0.02181	0.36954	0.01261	0.07101	0.01868	0.02516	0.01162	0.01362	0.00930	0.00744	0.00604	0.00209	0.01013	0.00476	0.00428	0.00871
6	0.01006	0.00757	0.00930	0.00887	0.01082	0.00681	0.00665	0.01314	0.01996	0.02727	0.53080	0.05957	0.22968	0.01611	0.00876	0.00238	0.00357	0.01400	0.00784	0.00681
7	0.04092	0.00827	0.01033	0.01145	0.01291	0.00825	0.00874	0.01480	0.06967	0.02198	0.06808	0.38552	0.08731	0.02011	0.00928	0.00300	0.00516	0.20046	0.00689	0.00687
8	0.01219	0.00923	0.01108	0.01017	0.01251	0.00904	0.00775	0.05751	0.08512	0.02982	0.50961	0.05229	0.13555	0.01472	0.00856	0.00237	0.00406	0.01278	0.00791	0.00773
9	0.02041	0.01573	0.01704	0.01489	0.01929	0.01771	0.01170	0.08944	0.54101	0.09618	0.05197	0.02762	0.02308	0.01007	0.00758	0.00247	0.00602	0.00834	0.00772	0.01174
10	0.03736	0.01287	0.01833	0.06502	0.11792	0.01324	0.06144	0.06786	0.11353	0.02768	0.21107	0.10487	0.03472	0.01199	0.00809	0.00242	0.00644	0.03944	0.00628	0.03943
11	0.01573	0.01171	0.01723	0.28025	0.05725	0.01194	0.01363	0.01931	0.01620	0.10492	0.07202	0.14683	0.02271	0.01057	0.00749	0.00224	0.00704	0.00931	0.00527	0.16837
12	0.01871	0.01725	0.02842	0.04180	0.61638	0.01738	0.02132	0.06064	0.01790	0.02577	0.01474	0.01884	0.01220	0.00686	0.00724	0.00218	0.00849	0.00663	0.04569	0.01155
13	0.01681	0.01591	0.02691	0.20331	0.49501	0.01665	0.02121	0.02129	0.01669	0.02337	0.05901	0.02119	0.01522	0.00738	0.00746	0.00228	0.00872	0.00707	0.00389	0.01061
14	0.05365	0.01983	0.02097	0.01819	0.06639	0.11373	0.04080	0.31853	0.04958	0.12257	0.04878	0.02288	0.05181	0.00926	0.00741	0.00224	0.00828	0.00733	0.00666	0.01113
15	0.05408	0.28367	0.28543	0.01710	0.02515	0.02138	0.05650	0.06687	0.01694	0.04948	0.01313	0.01493	0.01015	0.00687	0.00618	0.00201	0.00908	0.00517	0.00385	0.05206
16	0.01470	0.04266	0.01147	0.00979	0.01110	0.03059	0.00664	0.01555	0.01308	0.10353	0.02398	0.04409	0.02513	0.51855	0.05682	0.00611	0.00780	0.04712	0.00514	0.00613

[dist]
# distance from previous block
# <min> <max>
0	5

[block]
# block no. 8 follows, 27 sequences, length 47
# corresponding to MSA columns:
# 420-466
name=unknown_I
#
# <colnr> <probs for GDERKNQSTAVLIFYWHMCP>
#	G	D	E	R	K	N	Q	S	T	A	V	L	I	F	Y	W	H	M	C	P
0	0.02013	0.26761	0.20182	0.01643	0.02305	0.14421	0.01652	0.08914	0.06451	0.02378	0.05527	0.01751	0.01445	0.00782	0.00640	0.00202	0.00930	0.00567	0.00432	0.01004
1	0.10984	0.24308	0.08813	0.01584	0.02168	0.19750	0.01429	0.18015	0.02116	0.02706	0.01270	0.01407	0.01011	0.00742	0.00609	0.00197	0.00941	0.00498	0.00452	0.01001
2	0.01063	0.00727	0.00888	0.00935	0.01061	0.00664	0.00644	0.01223	0.01557	0.05231	0.13736	0.34718	0.18898	0.13522	0.01366	0.00344	0.00463	0.01651	0.00680	0.00629
3	0.01117	0.00865	0.01098	0.01037	0.01258	0.00809	0.02491	0.01359	0.01719	0.04640	0.20183	0.17705	0.29447	0.01724	0.00967	0.00257	0.04599	0.04063	0.00687	0.03975
4	0.01847	0.08717	0.07188	0.02737	0.03468	0.01999	0.49954	0.07358	0.04495	0.02524	0.01533	0.01921	0.01158	0.00666	0.00816	0.00239	0.01142	0.00799	0.00410	0.01028
5	0.02036	0.69900	0.03788	0.01297	0.01930	0.02898	0.01279	0.06205	0.01631	0.01927	0.01078	0.01227	0.00972	0.00651	0.00493	0.00163	0.00795	0.00414	0.00344	0.00972
6	0.00916	0.00654	0.00875	0.01047	0.01095	0.00613	0.00709	0.01054	0.01433	0.01908	0.04085	0.70846	0.04885	0.02315	0.00951	0.00303	0.00441	0.04576	0.00689	0.00606
7	0.02738	0.03398	0.06001	0.01883	0.02320	0.62112	0.01486	0.02974	0.02074	0.06542	0.01281	0.01434	0.01016	0.00772	0.00677	0.00196	0.01276	0.00501	0.00416	0.00902
8	0.01599	0.01464	0.02290	0.34348	0.23934	0.01650	0.01882	0.03866	0.10788	0.02338	0.04392	0.04943	0.01621	0.00850	0.00755	0.00241	0.00850	0.00769	0.00444	0.00978
9	0.00912	0.00664	0.00860	0.00999	0.01072	0.00612	0.00678	0.01062	0.01495	0.01981	0.08901	0.62268	0.11309	0.02226	0.00936	0.00292	0.00420	0.02004	0.00698	0.00612
10	0.00919	0.00685	0.00883	0.01002	0.01095	0.00649	0.00696	0.01077	0.01443	0.01894	0.04460	0.52211	0.16388	0.02654	0.09812	0.00405	0.00618	0.01843	0.00652	0.00615
11	0.01483	0.01399	0.02147	0.36422	0.17415	0.04201	0.01793	0.01871	0.01475	0.01957	0.01549	0.05157	0.01369	0.04449	0.09540	0.00382	0.05423	0.00748	0.00368	0.00854
12	0.01080	0.00720	0.00810	0.00810	0.00810	0.00720	0.00450	0.01080	0.01080	0.01439	0.02339	0.04858	0.02699	0.73910	0.03779	0.00720	0.00720	0.01080	0.00450	0.00450
13	0.05186	0.07067	0.02408	0.15802	0.21567	0.07798	0.01689	0.06992	0.03318	0.15558	0.01664	0.01892	0.01242	0.00785	0.00775	0.00226	0.03836	0.00636	0.00502	0.01059
14	0.01733	0.02647	0.31072	0.03414	0.38769	0.01770	0.02436	0.05036	0.01715	0.02489	0.01386	0.01722	0.01081	0.00690	0.00723	0.00227	0.00969	0.00614	0.00361	0.01147
15	0.60230	0.12781	0.05567	0.01207	0.03886	0.01867	0.01037	0.02201	0.01333	0.03001	0.01063	0.01246	0.00847	0.00681	0.00485	0.00219	0.00648	0.00418	0.00426	0.00856
16	0.01745	0.01982	0.04269	0.03066	0.03778	0.01898	0.63146	0.02347	0.01720	0.02347	0.01474	0.01982	0.01118	0.00661	0.00959	0.00254	0.05024	0.00864	0.00373	0.00991
17	0.01747	0.01972	0.04209	0.03099	0.05728	0.01898	0.60644	0.02339	0.01712	0.02343	0.01466	0.01974	0.01119	0.00668	0.00968	0.00254	0.05637	0.00856	0.00372	0.00995
18	0.01629	0.02074	0.16538	0.26335	0.12706	0.01719	0.15960	0.05230	0.01685	0.02328	0.01393	0.01845	0.01054	0.00694	0.00751	0.00232	0.01018	0.00671	0.00368	0.05772
19	0.02569	0.18988	0.04356	0.01759	0.02235	0.48114	0.01432	0.08352	0.02079	0.02066	0.01183	0.01351	0.00982	0.00746	0.00634	0.00188	0.01167	0.00479	0.00398	0.00922
20	0.02749	0.01266	0.01603	0.01267	0.01759	0.01177	0.01033	0.12447	0.02269	0.45032	0.10584	0.03043	0.06226	0.01036	0.00756	0.00227	0.00597	0.00848	0.04948	0.01132
21	0.01969	0.02061	0.02427	0.02058	0.04144	0.20615	0.17043	0.04653	0.06198	0.04985	0.01990	0.15196	0.01880	0.01115	0.01009	0.00251	0.10066	0.00948	0.00490	0.00901
22	0.16677	0.01396	0.01549	0.01298	0.01752	0.01459	0.01040	0.12594	0.14893	0.24025	0.08374	0.07381	0.02314	0.01040	0.00720	0.00238	0.00602	0.00836	0.00750	0.01065
23	0.00965	0.00708	0.00906	0.02901	0.01160	0.00679	0.00699	0.01111	0.01427	0.01878	0.06387	0.44083	0.12744	0.13990	0.04297	0.00397	0.00556	0.03883	0.00633	0.00596
24	0.01740	0.01475	0.01851	0.01563	0.07644	0.01288	0.03582	0.10861	0.04207	0.02774	0.04137	0.01818	0.01405	0.00664	0.00625	0.00150	0.00635	0.00557	0.00499	0.52528
25	0.01489	0.03556	0.61644	0.02163	0.03189	0.01694	0.08248	0.02302	0.01578	0.02336	0.01454	0.04382	0.01110	0.00761	0.00730	0.00239	0.01085	0.00638	0.00333	0.01070
26	0.01334	0.01071	0.01238	0.01210	0.01465	0.01134	0.00935	0.02296	0.26782	0.02669	0.19564	0.15059	0.10342	0.01553	0.00862	0.00267	0.00501	0.10118	0.00744	0.00856
27	0.05042	0.02395	0.02491	0.06954	0.13638	0.25126	0.08629	0.15564	0.04516	0.02660	0.01420	0.01686	0.01117	0.00791	0.00811	0.00223	0.04840	0.00621	0.00462	0.01013
28	0.01231	0.01007	0.01308	0.01631	0.10413	0.04553	0.01066	0.01435	0.01536	0.02004	0.03335	0.36896	0.03778	0.04525	0.01119	0.04026	0.00627	0.18212	0.00602	0.00696
29	0.02095	0.13891	0.04331	0.02164	0.13605	0.06902	0.07833	0.15582	0.10024	0.05230	0.06698	0.02095	0.01717	0.00819	0.00708	0.00213	0.00832	0.00691	0.00538	0.04032
30	0.01261	0.04283	0.09642	0.01267	0.01535	0.01093	0.01086	0.01676	0.06641	0.04583	0.12140	0.33813	0.06177	0.03425	0.01042	0.00283	0.05780	0.02875	0.00626	0.00772
31	0.03331	0.01263	0.01723	0.01321	0.01895	0.01091	0.01091	0.03618	0.02125	0.69794	0.02929	0.02527	0.01838	0.00919	0.00747	0.00230	0.00632	0.00747	0.00919	0.01263
32	0.01335	0.00911	0.01211	0.01310	0.01510	0.00908	0.01098	0.03674	0.04542	0.05948	0.03923	0.17257	0.06351	0.01944	0.00973	0.00319	0.00632	0.44710	0.00702	0.00740
33	0.20600	0.01992	0.11244	0.01494	0.02086	0.03885	0.01363	0.21732	0.08216	0.11522	0.01847	0.02051	0.01382	0.00863	0.00674	0.00229	0.00755	0.03287	0.00612	0.04165
34	0.06018	0.01304	0.01631	0.01277	0.01797	0.01222	0.01048	0.11680	0.02198	0.49833	0.02636	0.02407	0.01729	0.00899	0.00705	0.00221	0.00617	0.00715	0.10892	0.01171
35	0.01132	0.00875	0.01059	0.01149	0.01283	0.00903	0.00806	0.01737	0.17486	0.02187	0.03833	0.56362	0.04271	0.02007	0.00901	0.00289	0.00469	0.01803	0.00705	0.00741
36	0.10054	0.01601	0.02164	0.09122	0.06959	0.05150	0.08530	0.09252	0.02039	0.34428	0.02113	0.02103	0.01425	0.00818	0.00728	0.00230	0.00804	0.00691	0.00671	0.01118
37	0.06330	0.01190	0.01534	0.01238	0.01704	0.01093	0.01000	0.05466	0.04136	0.46277	0.16015	0.05587	0.02922	0.01080	0.00766	0.00233	0.00571	0.00898	0.00857	0.01103
38	0.01967	0.00969	0.01253	0.01119	0.01444	0.00870	0.00859	0.02273	0.04391	0.30424	0.11960	0.23330	0.12982	0.01525	0.00837	0.00254	0.00503	0.01321	0.00803	0.00916
39	0.00930	0.00750	0.00814	0.00828	0.01036	0.00653	0.00615	0.01128	0.01678	0.02076	0.13320	0.10973	0.50075	0.06852	0.01090	0.00290	0.00418	0.05163	0.00686	0.00624
40	0.01820	0.01790	0.02770	0.15966	0.51445	0.06012	0.02146	0.02319	0.04240	0.02323	0.01431	0.01867	0.01172	0.00695	0.00733	0.00225	0.00917	0.00657	0.00377	0.01096
41	0.01063	0.00786	0.01143	0.01143	0.01259	0.00901	0.00866	0.01294	0.01178	0.01686	0.02034	0.03169	0.01965	0.14443	0.62242	0.01132	0.01824	0.00832	0.00404	0.00635
42	0.01012	0.00745	0.00938	0.01058	0.01151	0.00717	0.00727	0.03672	0.04058	0.02056	0.04199	0.63401	0.09093	0.02190	0.00927	0.00293	0.00448	0.01969	0.00694	0.00652
43	0.07525	0.23978	0.20265	0.01661	0.02332	0.20382	0.01658	0.05018	0.01786	0.07196	0.01311	0.01451	0.01018	0.00722	0.00616	0.00200	0.00991	0.00495	0.00404	0.00991
44	0.00901	0.00659	0.00848	0.00998	0.01067	0.00606	0.00673	0.01038	0.01456	0.01909	0.04526	0.65023	0.13033	0.02269	0.00939	0.00295	0.00424	0.02042	0.00689	0.00606
45	0.07536	0.01240	0.01327	0.01240	0.01559	0.01368	0.00957	0.02764	0.36356	0.02893	0.14990	0.09020	0.07302	0.01258	0.00774	0.00250	0.00511	0.03304	0.04408	0.00944
46	0.15540	0.02424	0.04828	0.01911	0.06865	0.25678	0.05411	0.15493	0.02169	0.10662	0.01509	0.01628	0.01119	0.00777	0.00676	0.00216	0.00977	0.00574	0.00525	0.01018

[dist]
# distance from previous block
# <min> <max>
0	1

[block]
# block no. 9 follows, 27 sequences, length 14
# corresponding to MSA columns:
# 468-481
name=unknown_J
#
# <colnr> <probs for GDERKNQSTAVLIFYWHMCP>
#	G	D	E	R	K	N	Q	S	T	A	V	L	I	F	Y	W	H	M	C	P
0	0.02020	0.07587	0.36223	0.06183	0.02871	0.01775	0.03966	0.12568	0.01950	0.13094	0.01634	0.01762	0.01144	0.00758	0.00705	0.00225	0.00942	0.00601	0.00481	0.03515
1	0.36288	0.04492	0.01877	0.01612	0.06186	0.06561	0.05188	0.13417	0.09660	0.05955	0.01531	0.01639	0.01155	0.00768	0.00612	0.00227	0.00741	0.00563	0.00539	0.00989
2	0.02726	0.03209	0.02132	0.01881	0.02280	0.56491	0.01440	0.13281	0.02283	0.02280	0.01242	0.01424	0.01007	0.00811	0.00766	0.00203	0.04664	0.00517	0.00438	0.00924
3	0.01332	0.04471	0.03709	0.01147	0.01330	0.01038	0.00897	0.03662	0.01495	0.06118	0.05010	0.19443	0.08333	0.21798	0.04145	0.00431	0.05818	0.08559	0.00575	0.00689
4	0.38734	0.06719	0.01752	0.01419	0.01850	0.26169	0.01134	0.06848	0.01720	0.02721	0.01122	0.01310	0.00906	0.00755	0.00646	0.00216	0.04221	0.00458	0.00437	0.00865
5	0.01696	0.01823	0.03569	0.11207	0.11218	0.01913	0.39216	0.02197	0.01597	0.02214	0.01368	0.01909	0.01087	0.00771	0.01140	0.00261	0.14706	0.00783	0.00360	0.00965
6	0.01075	0.00737	0.00896	0.00896	0.00926	0.00767	0.00558	0.01135	0.01105	0.01503	0.02260	0.04420	0.02509	0.58501	0.18928	0.00826	0.01006	0.01015	0.00438	0.00498
7	0.04323	0.02070	0.12756	0.19570	0.10552	0.05034	0.04177	0.14404	0.12028	0.05243	0.01722	0.01951	0.01275	0.00797	0.00731	0.00235	0.00902	0.00666	0.00501	0.01063
8	0.00937	0.00708	0.00870	0.00960	0.01093	0.00641	0.00690	0.01128	0.01612	0.02092	0.13491	0.39832	0.24481	0.02066	0.00923	0.00280	0.00422	0.06438	0.00705	0.00629
9	0.04565	0.09788	0.14619	0.02550	0.20323	0.07484	0.05232	0.17110	0.06271	0.02876	0.01512	0.01719	0.01168	0.00748	0.00700	0.00219	0.00923	0.00616	0.00467	0.01113
10	0.01860	0.02013	0.09348	0.02157	0.02751	0.05030	0.25623	0.12675	0.14211	0.02860	0.06575	0.05396	0.01992	0.00930	0.00814	0.00246	0.00936	0.03002	0.00551	0.01030
11	0.00906	0.00685	0.00838	0.00944	0.01057	0.00617	0.00653	0.01068	0.01547	0.02000	0.09432	0.49297	0.23992	0.02140	0.00922	0.00282	0.00409	0.01898	0.00698	0.00617
12	0.02014	0.25241	0.18903	0.05748	0.12554	0.19512	0.01852	0.02431	0.01698	0.02017	0.01201	0.01454	0.00986	0.00694	0.00631	0.00199	0.01026	0.00506	0.00341	0.00991
13	0.01522	0.01221	0.04206	0.08352	0.02108	0.01164	0.09117	0.01906	0.04964	0.10868	0.04762	0.27731	0.05113	0.04883	0.01093	0.00287	0.05575	0.01278	0.00595	0.03253

[dist]
# distance from previous block
# <min> <max>
0	1

[block]
# block no. 10 follows, 27 sequences, length 23
# corresponding to MSA columns:
# 483-505
name=unknown_K
#
# <colnr> <probs for GDERKNQSTAVLIFYWHMCP>
#	G	D	E	R	K	N	Q	S	T	A	V	L	I	F	Y	W	H	M	C	P
0	0.01470	0.06140	0.02459	0.58362	0.04612	0.01713	0.07607	0.01953	0.01513	0.01967	0.01364	0.01963	0.01038	0.00730	0.00727	0.00239	0.00972	0.00663	0.03666	0.00843
1	0.01070	0.00758	0.01004	0.01004	0.01071	0.00825	0.00692	0.01204	0.01137	0.01583	0.02162	0.03876	0.02272	0.39332	0.37774	0.00959	0.01362	0.00936	0.00423	0.00558
2	0.00999	0.00725	0.00942	0.00954	0.01094	0.00668	0.00691	0.01277	0.01882	0.02612	0.46854	0.25586	0.09395	0.01773	0.00897	0.00254	0.00375	0.01579	0.00773	0.00668
3	0.01582	0.01555	0.02511	0.29184	0.13928	0.01929	0.06152	0.01945	0.01397	0.01968	0.01207	0.01818	0.01022	0.00942	0.01419	0.00274	0.29272	0.00670	0.00337	0.00887
4	0.00951	0.00679	0.00914	0.01086	0.01150	0.00643	0.00769	0.01113	0.01467	0.01947	0.04066	0.63162	0.04809	0.02282	0.00960	0.00308	0.00471	0.11919	0.00688	0.00616
5	0.01985	0.74357	0.03890	0.01270	0.01905	0.02937	0.01270	0.02223	0.01508	0.01747	0.01032	0.01191	0.00953	0.00635	0.00476	0.00159	0.00794	0.00397	0.00318	0.00953
6	0.02683	0.01789	0.01797	0.01471	0.01960	0.12380	0.01176	0.17790	0.10128	0.28685	0.06417	0.02632	0.05725	0.00987	0.00749	0.00226	0.00750	0.00778	0.00756	0.01121
7	0.03269	0.01363	0.01785	0.01368	0.01945	0.01239	0.01130	0.11348	0.02292	0.61828	0.02789	0.02436	0.01767	0.00915	0.00746	0.00229	0.00654	0.00737	0.00897	0.01263
8	0.03213	0.01237	0.01685	0.01301	0.01854	0.01071	0.01071	0.03503	0.02124	0.66340	0.06338	0.02683	0.02105	0.00950	0.00753	0.00230	0.00617	0.00777	0.00914	0.01234
9	0.00974	0.00730	0.00880	0.00891	0.01043	0.00661	0.00635	0.01199	0.01746	0.02330	0.31696	0.19954	0.23655	0.08830	0.01173	0.00300	0.00410	0.01539	0.00719	0.00635
10	0.02129	0.01789	0.02194	0.09819	0.20210	0.09560	0.01600	0.17161	0.04929	0.08457	0.01741	0.02051	0.01361	0.01542	0.11765	0.00375	0.01070	0.00678	0.00520	0.01050
11	0.07780	0.01305	0.01705	0.01315	0.01883	0.01171	0.01086	0.05938	0.02126	0.63398	0.02773	0.02421	0.01755	0.00904	0.00729	0.00229	0.00635	0.00723	0.00885	0.01236
12	0.00904	0.00646	0.00861	0.01034	0.01077	0.00603	0.00689	0.01034	0.01421	0.01895	0.04092	0.73426	0.04910	0.02326	0.00948	0.00301	0.00431	0.02110	0.00689	0.00603
13	0.02747	0.06204	0.02188	0.01866	0.02280	0.61069	0.01425	0.09591	0.02225	0.02112	0.01209	0.01379	0.00988	0.00773	0.00669	0.00193	0.01263	0.00495	0.00417	0.00906
14	0.00917	0.00722	0.00829	0.00868	0.01044	0.00633	0.00626	0.01118	0.01688	0.02153	0.17865	0.26320	0.38693	0.01944	0.00898	0.00262	0.00387	0.01685	0.00713	0.00633
15	0.01187	0.05263	0.17814	0.01261	0.01596	0.01043	0.01187	0.01498	0.01411	0.01967	0.02767	0.28713	0.03036	0.17704	0.01476	0.00367	0.00687	0.05370	0.04933	0.00717
16	0.01695	0.01423	0.01654	0.01210	0.01832	0.01203	0.00976	0.09558	0.01752	0.02658	0.01359	0.01572	0.01113	0.00624	0.00657	0.00133	0.03819	0.00476	0.00471	0.65813
17	0.04104	0.01990	0.09757	0.18931	0.19099	0.07512	0.05685	0.04901	0.05447	0.02365	0.01426	0.01801	0.01122	0.00741	0.00794	0.00224	0.04406	0.00626	0.00400	0.08669
18	0.03830	0.01438	0.01477	0.01230	0.01690	0.07240	0.00964	0.07493	0.06544	0.02582	0.06636	0.10353	0.05456	0.01044	0.00697	0.00190	0.00619	0.04548	0.00562	0.35408
19	0.42120	0.14089	0.10787	0.01317	0.01891	0.08957	0.01239	0.05395	0.01565	0.05164	0.01186	0.01338	0.00920	0.00708	0.00539	0.00214	0.00771	0.00453	0.00438	0.00911
20	0.01943	0.09366	0.01985	0.01442	0.01885	0.01714	0.04945	0.16166	0.22338	0.06854	0.11296	0.05221	0.05167	0.01053	0.00743	0.00229	0.00641	0.00881	0.05100	0.01033
21	0.02189	0.01964	0.02213	0.05920	0.02404	0.12307	0.07856	0.22691	0.06609	0.05232	0.04952	0.04262	0.01621	0.00936	0.00926	0.00229	0.08651	0.00730	0.00564	0.07744
22	0.06746	0.01916	0.01792	0.01485	0.01960	0.12601	0.01175	0.24474	0.13491	0.03217	0.03681	0.02302	0.01667	0.05027	0.00872	0.00238	0.00782	0.02772	0.00607	0.13194

[dist]
# distance from previous block
# <min> <max>
0	9

[block]
# block no. 11 follows, 27 sequences, length 47
# corresponding to MSA columns:
# 515-526,528-562
name=unknown_L
#
# <colnr> <probs for GDERKNQSTAVLIFYWHMCP>
#	G	D	E	R	K	N	Q	S	T	A	V	L	I	F	Y	W	H	M	C	P
0	0.18314	0.01847	0.01769	0.01598	0.05484	0.12553	0.01201	0.14031	0.11455	0.18432	0.02039	0.04777	0.01536	0.00898	0.00684	0.00228	0.00762	0.00683	0.00648	0.01062
1	0.07348	0.01801	0.01747	0.01643	0.05829	0.15779	0.01209	0.16126	0.04647	0.07662	0.01798	0.02217	0.01483	0.05401	0.21424	0.00524	0.01228	0.00679	0.00527	0.00929
