[name]
unknown

[dist]
# distance from previous block
# <min> <max>
0	194

[block]
# block no. 0 follows, 35 sequences, length 23
# corresponding to MSA columns:
# 194-216
name=unknown_A
#
# <colnr> <probs for GDERKNQSTAVLIFYWHMCP>
#	G	D	E	R	K	N	Q	S	T	A	V	L	I	F	Y	W	H	M	C	P
0	0.01696	0.78087	0.03324	0.01085	0.01628	0.02510	0.01085	0.01900	0.01289	0.01493	0.00882	0.01018	0.00814	0.00543	0.00407	0.00136	0.00678	0.00339	0.00271	0.00814
1	0.01388	0.01388	0.01943	0.01666	0.01666	0.01943	0.01388	0.01527	0.00972	0.01527	0.00833	0.01388	0.00833	0.01110	0.02082	0.00278	0.76544	0.00555	0.00278	0.00694
2	0.01198	0.01128	0.01903	0.76180	0.04369	0.01409	0.01762	0.01621	0.01268	0.01621	0.01128	0.01691	0.00846	0.00634	0.00634	0.00211	0.00846	0.00564	0.00282	0.00705
3	0.01235	0.01165	0.01970	0.68960	0.11299	0.01419	0.01780	0.01653	0.01286	0.01666	0.01134	0.01679	0.00862	0.00627	0.00634	0.00209	0.00836	0.00564	0.00285	0.00735
4	0.01570	0.01507	0.02575	0.03894	0.73748	0.01507	0.01947	0.01947	0.01444	0.02073	0.01193	0.01570	0.01005	0.00565	0.00628	0.00188	0.00754	0.00565	0.00314	0.01005
5	0.01102	0.00551	0.00826	0.00826	0.00826	0.00551	0.00551	0.00826	0.00826	0.01102	0.01102	0.01928	0.01102	0.02204	0.02479	0.81543	0.00551	0.00551	0.00275	0.00275
6	0.01802	0.66306	0.03085	0.01172	0.01680	0.13912	0.01107	0.01999	0.01369	0.01502	0.00897	0.01037	0.00815	0.00560	0.00433	0.00140	0.00751	0.00350	0.00280	0.00802
7	0.01499	0.01349	0.02123	0.40696	0.30257	0.04584	0.01753	0.01881	0.01394	0.06631	0.01238	0.01653	0.00953	0.00619	0.00629	0.00200	0.00803	0.00563	0.00330	0.00844
8	0.01607	0.20279	0.32171	0.01889	0.14099	0.06157	0.01734	0.04159	0.01467	0.06402	0.03593	0.01460	0.01070	0.00625	0.00567	0.00181	0.00805	0.00487	0.00337	0.00909
9	0.01279	0.03178	0.70448	0.01800	0.02687	0.01499	0.02292	0.01983	0.01319	0.01983	0.01122	0.01342	0.00805	0.00631	0.00684	0.00205	0.05080	0.00474	0.00268	0.00924
10	0.00910	0.00665	0.00946	0.00946	0.01034	0.00753	0.00702	0.01086	0.00998	0.01418	0.01766	0.02863	0.01747	0.21062	0.59107	0.00929	0.01457	0.00734	0.00350	0.00526
11	0.01272	0.02938	0.61413	0.01854	0.02714	0.01439	0.11006	0.01952	0.01365	0.01996	0.01447	0.01648	0.04806	0.00649	0.00629	0.00203	0.00921	0.00552	0.00292	0.00905
12	0.01330	0.01263	0.02142	0.50488	0.29028	0.01444	0.01828	0.01737	0.01331	0.01781	0.01151	0.01648	0.00902	0.00610	0.00632	0.00203	0.00813	0.00564	0.00293	0.00811
13	0.00916	0.00745	0.01037	0.01341	0.13016	0.00699	0.00816	0.01095	0.01328	0.01737	0.03849	0.41969	0.21225	0.01639	0.00769	0.00237	0.00435	0.05996	0.00543	0.00606
14	0.02846	0.01080	0.01472	0.01129	0.01619	0.00932	0.00932	0.03092	0.01816	0.74187	0.02503	0.02159	0.01570	0.00785	0.00638	0.00196	0.00540	0.00638	0.00785	0.01080
15	0.01608	0.01413	0.12521	0.04663	0.01982	0.01134	0.12094	0.04467	0.05466	0.19364	0.02200	0.21255	0.01999	0.03000	0.00815	0.00231	0.03510	0.00932	0.00521	0.00826
16	0.01350	0.10507	0.56225	0.01872	0.02723	0.01597	0.13063	0.02002	0.01359	0.01961	0.01136	0.01366	0.00830	0.00586	0.00606	0.00196	0.00932	0.00500	0.00277	0.00912
17	0.01198	0.01128	0.01903	0.76180	0.04369	0.01409	0.01762	0.01621	0.01268	0.01621	0.01128	0.01691	0.00846	0.00634	0.00634	0.00211	0.00846	0.00564	0.00282	0.00705
18	0.00824	0.00645	0.00851	0.03453	0.04970	0.00603	0.00674	0.00972	0.01286	0.01667	0.04022	0.53026	0.21123	0.01771	0.00779	0.00242	0.00393	0.01580	0.00564	0.00553
19	0.01305	0.01351	0.02669	0.13610	0.11798	0.01330	0.36926	0.01713	0.01403	0.01889	0.01822	0.15511	0.03973	0.00853	0.00727	0.00218	0.00844	0.00908	0.00372	0.00779
20	0.01753	0.12967	0.25629	0.01788	0.09330	0.06068	0.06263	0.08830	0.01611	0.11824	0.04424	0.01605	0.01190	0.00676	0.00649	0.00190	0.03341	0.00540	0.00404	0.00919
21	0.01309	0.02603	0.48763	0.01937	0.05312	0.01419	0.15305	0.03919	0.01420	0.02039	0.01558	0.05529	0.04578	0.00713	0.00650	0.00206	0.00890	0.00639	0.00322	0.00887
22	0.01302	0.03808	0.01325	0.05377	0.12230	0.00956	0.00942	0.01677	0.08700	0.11272	0.05365	0.26413	0.15511	0.01285	0.00706	0.00218	0.00489	0.01129	0.00554	0.00740

[dist]
# distance from previous block
# <min> <max>
3	10

[block]
# block no. 1 follows, 35 sequences, length 26
# corresponding to MSA columns:
# 227-252
name=unknown_B
#
# <colnr> <probs for GDERKNQSTAVLIFYWHMCP>
#	G	D	E	R	K	N	Q	S	T	A	V	L	I	F	Y	W	H	M	C	P
0	0.01547	0.13552	0.05947	0.05957	0.50067	0.01633	0.04847	0.01917	0.01405	0.01959	0.01140	0.01472	0.00955	0.00560	0.00591	0.00178	0.00755	0.00525	0.00307	0.04686
1	0.14311	0.01569	0.13320	0.01568	0.02076	0.01262	0.20104	0.03935	0.01414	0.08156	0.03890	0.11737	0.01536	0.00811	0.00674	0.00201	0.02943	0.00735	0.00424	0.09334
2	0.01385	0.01543	0.16087	0.01138	0.01742	0.00992	0.01094	0.01809	0.04010	0.06483	0.01493	0.01727	0.03243	0.00602	0.00534	0.00136	0.00569	0.02488	0.00402	0.52523
3	0.01534	0.01322	0.07966	0.01054	0.01636	0.00935	0.00928	0.01893	0.03325	0.12221	0.01361	0.01465	0.01043	0.00537	0.00510	0.00121	0.00523	0.00430	0.00431	0.60763
4	0.00987	0.00699	0.00860	0.00803	0.00991	0.00644	0.00608	0.01321	0.04861	0.05694	0.52999	0.04800	0.19701	0.01319	0.00739	0.00203	0.00324	0.01145	0.00677	0.00626
5	0.01516	0.01523	0.04756	0.05953	0.47291	0.01460	0.09322	0.02058	0.08609	0.02107	0.01333	0.01640	0.01076	0.00587	0.00628	0.00187	0.00746	0.00580	0.00351	0.08277
6	0.01221	0.01151	0.01944	0.71759	0.08613	0.01415	0.01773	0.01641	0.01279	0.01648	0.01132	0.01684	0.00855	0.00630	0.00634	0.00210	0.00840	0.00564	0.00284	0.00723
7	0.01326	0.12714	0.65454	0.01717	0.02605	0.01604	0.02185	0.01995	0.01333	0.01944	0.01106	0.01299	0.00805	0.00595	0.00578	0.00193	0.00905	0.00452	0.00268	0.00922
8	0.01031	0.00922	0.00912	0.01001	0.01086	0.11079	0.00702	0.01157	0.01288	0.01598	0.02970	0.54123	0.03466	0.07065	0.03382	0.00296	0.00553	0.06294	0.00529	0.00544
9	0.00773	0.00552	0.00736	0.00883	0.00920	0.00515	0.00589	0.00883	0.01215	0.01619	0.03497	0.77291	0.04196	0.01987	0.00810	0.00258	0.00368	0.01803	0.00589	0.00515
10	0.01462	0.01397	0.02380	0.24816	0.53667	0.01479	0.01893	0.01853	0.01394	0.01942	0.01174	0.01605	0.00959	0.00585	0.00630	0.00195	0.00780	0.00565	0.00305	0.00918
11	0.01388	0.01486	0.03015	0.12794	0.04761	0.01456	0.48673	0.01930	0.04706	0.02042	0.07979	0.02115	0.03191	0.00659	0.00725	0.00212	0.00917	0.00767	0.00371	0.00814
12	0.01198	0.01128	0.01903	0.76180	0.04369	0.01409	0.01762	0.01621	0.01268	0.01621	0.01128	0.01691	0.00846	0.00634	0.00634	0.00211	0.00846	0.00564	0.00282	0.00705
13	0.01576	0.56820	0.23536	0.01291	0.01946	0.02215	0.01443	0.01931	0.01303	0.01639	0.00955	0.01109	0.00811	0.00560	0.00463	0.00154	0.00752	0.00376	0.00270	0.00849
14	0.00906	0.00680	0.01020	0.01020	0.01133	0.00793	0.00793	0.01133	0.01020	0.01473	0.01699	0.02492	0.01586	0.04758	0.75191	0.01020	0.01699	0.00680	0.00340	0.00566
15	0.01478	0.01413	0.02409	0.21789	0.56572	0.01483	0.01901	0.01866	0.01401	0.01961	0.01177	0.01600	0.00965	0.00582	0.00630	0.00194	0.00776	0.00565	0.00306	0.00931
16	0.00892	0.00648	0.00841	0.00792	0.00944	0.00596	0.00594	0.01187	0.01783	0.02514	0.70972	0.04789	0.08446	0.01308	0.00748	0.00200	0.00300	0.01154	0.00694	0.00596
17	0.01696	0.78087	0.03324	0.01085	0.01628	0.02510	0.01085	0.01900	0.01289	0.01493	0.00882	0.01018	0.00814	0.00543	0.00407	0.00136	0.00678	0.00339	0.00271	0.00814
18	0.00773	0.00552	0.00736	0.00883	0.00920	0.00515	0.00589	0.00883	0.01215	0.01619	0.03497	0.77291	0.04196	0.01987	0.00810	0.00258	0.00368	0.01803	0.00589	0.00515
19	0.01554	0.52941	0.27222	0.01328	0.02004	0.02162	0.01508	0.01936	0.01306	0.01666	0.00968	0.01126	0.00811	0.00563	0.00473	0.00158	0.00766	0.00383	0.00270	0.00856
20	0.05415	0.01630	0.01746	0.01376	0.01831	0.01798	0.01122	0.61643	0.02727	0.03710	0.01699	0.09232	0.01381	0.00880	0.00643	0.00197	0.00656	0.00688	0.00620	0.01006
21	0.01549	0.01514	0.02669	0.06458	0.63984	0.01514	0.09029	0.01943	0.01443	0.02052	0.01200	0.01589	0.00995	0.00565	0.00641	0.00192	0.00789	0.00584	0.00314	0.00978
22	0.00773	0.00552	0.00736	0.00883	0.00920	0.00515	0.00589	0.00883	0.01215	0.01619	0.03497	0.77291	0.04196	0.01987	0.00810	0.00258	0.00368	0.01803	0.00589	0.00515
23	0.73945	0.01243	0.01035	0.00919	0.01272	0.01476	0.00759	0.01830	0.01069	0.02712	0.00878	0.01067	0.00702	0.00642	0.00565	0.00205	0.08248	0.00365	0.00381	0.00688
24	0.01489	0.01410	0.02387	0.03587	0.66320	0.01406	0.01808	0.01838	0.01421	0.02026	0.01428	0.09294	0.01330	0.00710	0.00647	0.00195	0.00714	0.00692	0.00342	0.00955
25	0.02257	0.01662	0.01796	0.01392	0.01863	0.01828	0.01144	0.64448	0.02862	0.03850	0.08856	0.01851	0.01579	0.00816	0.00646	0.00191	0.00657	0.00630	0.00641	0.01030

[dist]
# distance from previous block
# <min> <max>
0	2

[block]
# block no. 2 follows, 35 sequences, length 85
# corresponding to MSA columns:
# 255,257-267,277-349
name=unknown_C
#
# <colnr> <probs for GDERKNQSTAVLIFYWHMCP>
#	G	D	E	R	K	N	Q	S	T	A	V	L	I	F	Y	W	H	M	C	P
0	0.00852	0.00793	0.00716	0.00705	0.00927	0.05258	0.00529	0.01013	0.01468	0.01704	0.06082	0.05791	0.68892	0.01546	0.00739	0.00211	0.00373	0.01280	0.00573	0.00548
1	0.02083	0.02318	0.01673	0.01495	0.01847	0.42535	0.01143	0.08175	0.27844	0.02145	0.01610	0.01622	0.01248	0.00738	0.00604	0.00184	0.00874	0.00534	0.00467	0.00860
2	0.01570	0.01507	0.02575	0.03894	0.73748	0.01507	0.01947	0.01947	0.01444	0.02073	0.01193	0.01570	0.01005	0.00565	0.00628	0.00188	0.00754	0.00565	0.00314	0.01005
3	0.02223	0.02584	0.01696	0.01519	0.01846	0.56643	0.01144	0.07722	0.08084	0.03565	0.01264	0.01495	0.01048	0.05559	0.00753	0.00199	0.01006	0.00486	0.00393	0.00771
4	0.01535	0.01320	0.01408	0.01274	0.01617	0.01528	0.00991	0.03229	0.68072	0.02579	0.02526	0.02375	0.01914	0.01107	0.05363	0.00266	0.00578	0.00715	0.00626	0.00976
5	0.01327	0.01164	0.01469	0.01049	0.01618	0.00894	0.05225	0.01625	0.01327	0.02065	0.01137	0.01341	0.00941	0.00474	0.00487	0.00102	0.00508	0.00399	0.00372	0.76475
6	0.05137	0.01688	0.01675	0.01377	0.01812	0.08159	0.01105	0.36060	0.26779	0.06710	0.01865	0.01794	0.01361	0.00781	0.00624	0.00197	0.00654	0.00602	0.00610	0.01008
7	0.02308	0.01699	0.01830	0.01423	0.01901	0.01875	0.01167	0.67155	0.02871	0.03848	0.01648	0.06318	0.01276	0.00839	0.00646	0.00195	0.00677	0.00649	0.00632	0.01043
8	0.01461	0.01642	0.03550	0.02548	0.03149	0.01542	0.66947	0.01962	0.01461	0.01981	0.01329	0.01866	0.01048	0.05418	0.00906	0.00239	0.01041	0.00760	0.00325	0.00826
9	0.02068	0.01606	0.01710	0.01390	0.01836	0.01807	0.01123	0.43498	0.31676	0.03444	0.01960	0.01871	0.01432	0.00802	0.00639	0.00201	0.00617	0.00631	0.00639	0.01048
10	0.77138	0.01262	0.00994	0.00874	0.01274	0.01458	0.00720	0.06280	0.01200	0.02919	0.00924	0.01062	0.00712	0.00600	0.00408	0.00196	0.00504	0.00358	0.00408	0.00712
11	0.77060	0.01187	0.00911	0.00819	0.01196	0.01370	0.00672	0.01840	0.01095	0.02816	0.00958	0.01115	0.00746	0.00598	0.00396	0.00193	0.00478	0.00359	0.05508	0.00681
12	0.00906	0.00680	0.01020	0.01020	0.01133	0.00793	0.00793	0.01133	0.01020	0.01473	0.01699	0.02492	0.01586	0.04758	0.75191	0.01020	0.01699	0.00680	0.00340	0.00566
13	0.00908	0.00674	0.00991	0.00991	0.01094	0.00777	0.00757	0.01114	0.01011	0.01451	0.01726	0.02639	0.01650	0.11199	0.68837	0.00984	0.01603	0.00701	0.00344	0.00550
14	0.01183	0.00591	0.00591	0.00591	0.00739	0.00591	0.00443	0.01478	0.01330	0.02365	0.02069	0.02365	0.01626	0.00739	0.00443	0.00148	0.00296	0.00591	0.81227	0.00591
15	0.02370	0.03023	0.01798	0.01634	0.01961	0.75158	0.01226	0.02533	0.01798	0.01553	0.00981	0.01144	0.00817	0.00654	0.00572	0.00163	0.01144	0.00409	0.00327	0.00735
16	0.01025	0.00677	0.00889	0.00820	0.00991	0.00620	0.00620	0.01320	0.01797	0.07206	0.68799	0.04571	0.05698	0.01264	0.00741	0.00199	0.00315	0.01114	0.00704	0.00630
17	0.01183	0.00591	0.00591	0.00591	0.00739	0.00591	0.00443	0.01478	0.01330	0.02365	0.02069	0.02365	0.01626	0.00739	0.00443	0.00148	0.00296	0.00591	0.81227	0.00591
18	0.01696	0.78087	0.03324	0.01085	0.01628	0.02510	0.01085	0.01900	0.01289	0.01493	0.00882	0.01018	0.00814	0.00543	0.00407	0.00136	0.00678	0.00339	0.00271	0.00814
19	0.01183	0.00591	0.00591	0.00591	0.00739	0.00591	0.00443	0.01478	0.01330	0.02365	0.02069	0.02365	0.01626	0.00739	0.00443	0.00148	0.00296	0.00591	0.81227	0.00591
20	0.00890	0.00648	0.00837	0.00789	0.00943	0.00595	0.00592	0.01181	0.01776	0.02498	0.69672	0.04815	0.09756	0.01314	0.00748	0.00200	0.00301	0.01158	0.00692	0.00595
21	0.00898	0.00648	0.00848	0.00798	0.00948	0.00599	0.00599	0.01197	0.01796	0.02544	0.73413	0.04739	0.05986	0.01297	0.00748	0.00200	0.00299	0.01147	0.00698	0.00599
22	0.01570	0.01507	0.02575	0.03894	0.73748	0.01507	0.01947	0.01947	0.01444	0.02073	0.01193	0.01570	0.01005	0.00565	0.00628	0.00188	0.00754	0.00565	0.00314	0.01005
23	0.01696	0.78087	0.03324	0.01085	0.01628	0.02510	0.01085	0.01900	0.01289	0.01493	0.00882	0.01018	0.00814	0.00543	0.00407	0.00136	0.00678	0.00339	0.00271	0.00814
24	0.02412	0.01777	0.01904	0.01460	0.01967	0.01967	0.01206	0.71633	0.02983	0.03998	0.01523	0.01523	0.01079	0.00762	0.00635	0.00190	0.00698	0.00571	0.00635	0.01079
25	0.00750	0.00643	0.00643	0.00643	0.00857	0.00536	0.00482	0.00910	0.01446	0.01714	0.06427	0.06105	0.73490	0.01607	0.00750	0.00214	0.00321	0.01339	0.00589	0.00536
26	0.02370	0.03023	0.01798	0.01634	0.01961	0.75158	0.01226	0.02533	0.01798	0.01553	0.00981	0.01144	0.00817	0.00654	0.00572	0.00163	0.01144	0.00409	0.00327	0.00735
27	0.00923	0.00615	0.00692	0.00692	0.00692	0.00615	0.00384	0.00923	0.00923	0.01230	0.01999	0.04151	0.02306	0.77705	0.03229	0.00615	0.00615	0.00923	0.00384	0.00384
28	0.00773	0.00552	0.00736	0.00883	0.00920	0.00515	0.00589	0.00883	0.01215	0.01619	0.03497	0.77291	0.04196	0.01987	0.00810	0.00258	0.00368	0.01803	0.00589	0.00515
29	0.01696	0.78087	0.03324	0.01085	0.01628	0.02510	0.01085	0.01900	0.01289	0.01493	0.00882	0.01018	0.00814	0.00543	0.00407	0.00136	0.00678	0.00339	0.00271	0.00814
30	0.01388	0.01388	0.01943	0.01666	0.01666	0.01943	0.01388	0.01527	0.00972	0.01527	0.00833	0.01388	0.00833	0.01110	0.02082	0.00278	0.76544	0.00555	0.00278	0.00694
31	0.00750	0.00643	0.00643	0.00643	0.00857	0.00536	0.00482	0.00910	0.01446	0.01714	0.06427	0.06105	0.73490	0.01607	0.00750	0.00214	0.00321	0.01339	0.00589	0.00536
32	0.02370	0.03023	0.01798	0.01634	0.01961	0.75158	0.01226	0.02533	0.01798	0.01553	0.00981	0.01144	0.00817	0.00654	0.00572	0.00163	0.01144	0.00409	0.00327	0.00735
33	0.82186	0.01227	0.00932	0.00834	0.01227	0.01423	0.00687	0.01865	0.01080	0.02846	0.00883	0.01031	0.00687	0.00589	0.00393	0.00196	0.00491	0.00344	0.00393	0.00687
34	0.01571	0.01483	0.02385	0.03460	0.61744	0.01519	0.01790	0.02184	0.13292	0.02169	0.01425	0.01703	0.01160	0.00614	0.00631	0.00193	0.00712	0.00591	0.00369	0.01005
35	0.01570	0.01507	0.02575	0.03894	0.73748	0.01507	0.01947	0.01947	0.01444	0.02073	0.01193	0.01570	0.01005	0.00565	0.00628	0.00188	0.00754	0.00565	0.00314	0.01005
36	0.01388	0.01388	0.01943	0.01666	0.01666	0.01943	0.01388	0.01527	0.00972	0.01527	0.00833	0.01388	0.00833	0.01110	0.02082	0.00278	0.76544	0.00555	0.00278	0.00694
37	0.01497	0.01711	0.03743	0.02674	0.03316	0.01604	0.71444	0.02032	0.01497	0.02032	0.01283	0.01711	0.00963	0.00535	0.00749	0.00214	0.01070	0.00749	0.00321	0.00856
38	0.01198	0.01128	0.01903	0.76180	0.04369	0.01409	0.01762	0.01621	0.01268	0.01621	0.01128	0.01691	0.00846	0.00634	0.00634	0.00211	0.00846	0.00564	0.00282	0.00705
39	0.02370	0.03023	0.01798	0.01634	0.01961	0.75158	0.01226	0.02533	0.01798	0.01553	0.00981	0.01144	0.00817	0.00654	0.00572	0.00163	0.01144	0.00409	0.00327	0.00735
40	0.00783	0.00559	0.00748	0.00895	0.00936	0.00524	0.00607	0.00901	0.01225	0.01631	0.03491	0.74382	0.04173	0.01978	0.00812	0.00259	0.00377	0.04611	0.00589	0.00518
41	0.82186	0.01227	0.00932	0.00834	0.01227	0.01423	0.00687	0.01865	0.01080	0.02846	0.00883	0.01031	0.00687	0.00589	0.00393	0.00196	0.00491	0.00344	0.00393	0.00687
42	0.01022	0.00730	0.01022	0.01168	0.01314	0.00730	0.01022	0.01314	0.01460	0.01899	0.03359	0.07156	0.03651	0.01752	0.00876	0.00292	0.00584	0.69478	0.00584	0.00584
43	0.02410	0.01824	0.01900	0.01466	0.01967	0.04716	0.01207	0.69037	0.02938	0.03906	0.01503	0.01509	0.01069	0.00757	0.00632	0.00189	0.00715	0.00565	0.00623	0.01066
44	0.01022	0.00730	0.01022	0.01168	0.01314	0.00730	0.01022	0.01314	0.01460	0.01899	0.03359	0.07156	0.03651	0.01752	0.00876	0.00292	0.00584	0.69478	0.00584	0.00584
45	0.01426	0.01370	0.02363	0.31391	0.44667	0.01474	0.04486	0.01826	0.01379	0.01899	0.01172	0.01622	0.00943	0.00590	0.00635	0.00198	0.00801	0.00572	0.00302	0.00885
46	0.00824	0.00646	0.00746	0.00721	0.00902	0.00567	0.00540	0.01054	0.01621	0.02130	0.40010	0.05420	0.39647	0.01451	0.00749	0.00207	0.00310	0.01243	0.00644	0.00567
47	0.01272	0.03281	0.74418	0.01808	0.02746	0.01473	0.02344	0.02009	0.01339	0.02009	0.01138	0.01339	0.00804	0.00603	0.00603	0.00201	0.00938	0.00469	0.00268	0.00938
48	0.01214	0.01137	0.01883	0.73074	0.04256	0.01416	0.01730	0.01693	0.04227	0.01664	0.01188	0.01719	0.00891	0.00644	0.00635	0.00212	0.00831	0.00570	0.00297	0.00717
49	0.02412	0.01777	0.01904	0.01460	0.01967	0.01967	0.01206	0.71633	0.02983	0.03998	0.01523	0.01523	0.01079	0.00762	0.00635	0.00190	0.00698	0.00571	0.00635	0.01079
50	0.02080	0.01653	0.01715	0.01399	0.01841	0.04178	0.01127	0.42401	0.30480	0.03387	0.01924	0.01845	0.01410	0.00797	0.00637	0.00199	0.00635	0.00624	0.00629	0.01038
51	0.00793	0.00568	0.00754	0.00869	0.00925	0.00529	0.00590	0.00935	0.01309	0.01770	0.14910	0.65447	0.04488	0.01875	0.00800	0.00248	0.00357	0.01696	0.00607	0.00529
52	0.01615	0.63730	0.16969	0.01224	0.01843	0.02311	0.01327	0.01921	0.01299	0.01592	0.00931	0.01079	0.00812	0.00554	0.00445	0.00148	0.00728	0.00364	0.00271	0.00838
53	0.01627	0.01667	0.03438	0.02474	0.03091	0.01584	0.61311	0.05860	0.03893	0.06352	0.01409	0.01748	0.01036	0.00572	0.00733	0.00212	0.01001	0.00732	0.00375	0.00885
54	0.00898	0.00648	0.00848	0.00798	0.00948	0.00599	0.00599	0.01197	0.01796	0.02544	0.73413	0.04739	0.05986	0.01297	0.00748	0.00200	0.00299	0.01147	0.00698	0.00599
55	0.01555	0.01492	0.02547	0.06892	0.70870	0.01503	0.01939	0.01933	0.01437	0.02054	0.01191	0.01575	0.00998	0.00568	0.00628	0.00189	0.00757	0.00565	0.00313	0.00992
56	0.04308	0.04292	0.21419	0.09531	0.21859	0.01368	0.03943	0.02235	0.01483	0.21207	0.01504	0.01647	0.01068	0.00640	0.00614	0.00195	0.00755	0.00550	0.00425	0.00956
57	0.01198	0.01128	0.01903	0.76180	0.04369	0.01409	0.01762	0.01621	0.01268	0.01621	0.01128	0.01691	0.00846	0.00634	0.00634	0.00211	0.00846	0.00564	0.00282	0.00705
58	0.00921	0.00619	0.00700	0.00705	0.00715	0.00616	0.00406	0.00934	0.00953	0.01263	0.02162	0.04295	0.04328	0.73334	0.03090	0.00594	0.00606	0.02967	0.00396	0.00395
59	0.01913	0.07903	0.25884	0.01777	0.05751	0.04962	0.12996	0.06853	0.01626	0.21872	0.01537	0.01614	0.01069	0.00648	0.00623	0.00194	0.00816	0.00559	0.00447	0.00957
60	0.01305	0.00939	0.01477	0.01446	0.07837	0.00900	0.09848	0.01612	0.03183	0.11867	0.15712	0.21476	0.06816	0.01291	0.00782	0.00229	0.02273	0.09717	0.00571	0.00720
61	0.02370	0.03023	0.01798	0.01634	0.01961	0.75158	0.01226	0.02533	0.01798	0.01553	0.00981	0.01144	0.00817	0.00654	0.00572	0.00163	0.01144	0.00409	0.00327	0.00735
62	0.01570	0.01507	0.02575	0.03894	0.73748	0.01507	0.01947	0.01947	0.01444	0.02073	0.01193	0.01570	0.01005	0.00565	0.00628	0.00188	0.00754	0.00565	0.00314	0.01005
63	0.01468	0.01412	0.02432	0.23260	0.52856	0.01484	0.04134	0.01862	0.01399	0.01950	0.01179	0.01607	0.00961	0.00583	0.00634	0.00195	0.00789	0.00571	0.00306	0.00919
64	0.01541	0.01478	0.02522	0.09538	0.68331	0.01500	0.01932	0.01921	0.01431	0.02037	0.01188	0.01580	0.00992	0.00571	0.00629	0.00190	0.00761	0.00565	0.00312	0.00981
65	0.01004	0.00831	0.01087	0.04215	0.01372	0.03765	0.04179	0.01290	0.04756	0.01778	0.03290	0.37696	0.07874	0.01657	0.00799	0.00256	0.00523	0.22480	0.00554	0.00594
66	0.01356	0.08986	0.66582	0.01730	0.02623	0.01536	0.02201	0.02035	0.01351	0.04292	0.01163	0.01341	0.00829	0.00604	0.00589	0.00196	0.00905	0.00464	0.00285	0.00933
67	0.01290	0.06330	0.71521	0.01779	0.02700	0.01516	0.02293	0.02005	0.01337	0.01988	0.01128	0.01326	0.00804	0.00600	0.00595	0.00198	0.00927	0.00463	0.00268	0.00933
68	0.01537	0.01474	0.02516	0.10278	0.67620	0.01499	0.01931	0.01918	0.01429	0.02033	0.01187	0.01581	0.00991	0.00571	0.00629	0.00190	0.00762	0.00565	0.00311	0.00978
69	0.01516	0.01543	0.04594	0.07968	0.49534	0.01492	0.13198	0.01995	0.04817	0.02063	0.01266	0.01622	0.01024	0.00576	0.00642	0.00192	0.00793	0.00592	0.00330	0.04244
70	0.01546	0.01466	0.02470	0.13063	0.62894	0.01508	0.01903	0.03836	0.01465	0.02068	0.01194	0.01584	0.00987	0.00579	0.00629	0.00191	0.00764	0.00565	0.00319	0.00969
71	0.01588	0.58981	0.21483	0.01270	0.01914	0.02245	0.01407	0.01928	0.01302	0.01624	0.00947	0.01100	0.00811	0.00558	0.00457	0.00152	0.00745	0.00372	0.00270	0.00846
72	0.00907	0.00677	0.01004	0.01004	0.01112	0.00785	0.00774	0.01123	0.01015	0.01461	0.01713	0.02571	0.01620	0.08226	0.71770	0.01000	0.01648	0.00691	0.00342	0.00558
73	0.01584	0.52792	0.25373	0.01320	0.01985	0.02173	0.01480	0.03811	0.01350	0.01720	0.00979	0.01131	0.00818	0.00567	0.00474	0.00157	0.00759	0.00386	0.00280	0.00860
74	0.00798	0.00589	0.00752	0.00873	0.00954	0.00544	0.00620	0.00938	0.01285	0.01669	0.04011	0.56250	0.16688	0.01891	0.00807	0.00254	0.00385	0.09576	0.00588	0.00527
75	0.01541	0.10418	0.56835	0.01638	0.02472	0.01499	0.02015	0.02154	0.01403	0.12347	0.01309	0.01425	0.00915	0.00623	0.00588	0.00194	0.00854	0.00480	0.00343	0.00946
76	0.01681	0.01587	0.02898	0.08548	0.08561	0.01591	0.39840	0.11608	0.08777	0.06126	0.01489	0.01762	0.01101	0.00622	0.00698	0.00208	0.00891	0.00686	0.00416	0.00912
77	0.01198	0.01128	0.01903	0.76180	0.04369	0.01409	0.01762	0.01621	0.01268	0.01621	0.01128	0.01691	0.00846	0.00634	0.00634	0.00211	0.00846	0.00564	0.00282	0.00705
78	0.00885	0.00637	0.00857	0.00957	0.01061	0.00608	0.00738	0.01101	0.01431	0.01916	0.18372	0.35273	0.06546	0.01747	0.00818	0.00256	0.00427	0.25201	0.00610	0.00558
79	0.01456	0.01431	0.02557	0.23758	0.44376	0.01494	0.11899	0.01869	0.01403	0.01941	0.01188	0.01624	0.00955	0.00580	0.00647	0.00198	0.00825	0.00591	0.00306	0.00900
80	0.01272	0.03281	0.74418	0.01808	0.02746	0.01473	0.02344	0.02009	0.01339	0.02009	0.01138	0.01339	0.00804	0.00603	0.00603	0.00201	0.00938	0.00469	0.00268	0.00938
81	0.01603	0.00782	0.01022	0.00948	0.01199	0.00691	0.00720	0.01780	0.01500	0.30596	0.03588	0.33509	0.14755	0.01438	0.00733	0.00227	0.00434	0.03062	0.00667	0.00746
82	0.01817	0.01385	0.02413	0.13046	0.34499	0.01370	0.13563	0.02195	0.01520	0.19568	0.01519	0.01755	0.01113	0.00623	0.00652	0.00198	0.00768	0.00614	0.00425	0.00956
83	0.01272	0.03281	0.74418	0.01808	0.02746	0.01473	0.02344	0.02009	0.01339	0.02009	0.01138	0.01339	0.00804	0.00603	0.00603	0.00201	0.00938	0.00469	0.00268	0.00938
84	0.01244	0.03052	0.67929	0.01734	0.02602	0.01401	0.02207	0.01942	0.01366	0.02030	0.04665	0.01738	0.01166	0.00683	0.00621	0.00205	0.00893	0.03314	0.00301	0.00907

[dist]
# distance from previous block
# <min> <max>
0	15

[block]
# block no. 3 follows, 35 sequences, length 14
# corresponding to MSA columns:
# 369-382
name=unknown_D
#
# <colnr> <probs for GDERKNQSTAVLIFYWHMCP>
#	G	D	E	R	K	N	Q	S	T	A	V	L	I	F	Y	W	H	M	C	P
0	0.01272	0.03281	0.74418	0.01808	0.02746	0.01473	0.02344	0.02009	0.01339	0.02009	0.01138	0.01339	0.00804	0.00603	0.00603	0.00201	0.00938	0.00469	0.00268	0.00938
1	0.01611	0.22431	0.45339	0.01522	0.02292	0.01665	0.01812	0.02138	0.01395	0.12340	0.01270	0.01375	0.00918	0.00614	0.00557	0.00183	0.00812	0.00460	0.00344	0.00926
2	0.01415	0.01349	0.02294	0.34055	0.44800	0.01466	0.01870	0.01811	0.01371	0.01884	0.01166	0.01621	0.00938	0.00594	0.00631	0.00198	0.00792	0.00565	0.00301	0.00880
3	0.00934	0.00635	0.00847	0.00902	0.01015	0.00616	0.00657	0.01105	0.01289	0.05723	0.08840	0.39753	0.12062	0.02411	0.16900	0.00411	0.00664	0.04112	0.00554	0.00569
4	0.01511	0.01447	0.02469	0.15335	0.62767	0.01492	0.01918	0.01895	0.01417	0.02001	0.01183	0.01589	0.00980	0.00576	0.00629	0.00192	0.00768	0.00565	0.00309	0.00957
5	0.01272	0.03281	0.74418	0.01808	0.02746	0.01473	0.02344	0.02009	0.01339	0.02009	0.01138	0.01339	0.00804	0.00603	0.00603	0.00201	0.00938	0.00469	0.00268	0.00938
6	0.00989	0.00813	0.01243	0.01180	0.01296	0.00947	0.04469	0.01206	0.01090	0.01554	0.01914	0.13407	0.01945	0.03479	0.46553	0.00727	0.11556	0.04660	0.00380	0.00592
7	0.01261	0.01192	0.02016	0.64007	0.16053	0.01426	0.01793	0.01676	0.01298	0.01697	0.01139	0.01671	0.00872	0.00623	0.00633	0.00208	0.00830	0.00564	0.00287	0.00755
8	0.01391	0.01325	0.02251	0.38686	0.40356	0.01460	0.01858	0.01790	0.01360	0.01855	0.01162	0.01628	0.00928	0.00598	0.00631	0.00199	0.00798	0.00565	0.00299	0.00860
9	0.01325	0.12510	0.65648	0.01719	0.02608	0.01601	0.02189	0.01996	0.01333	0.01945	0.01107	0.01300	0.00805	0.00595	0.00579	0.00193	0.00906	0.00453	0.00268	0.00922
10	0.01466	0.01420	0.02474	0.23034	0.50623	0.01488	0.06512	0.01866	0.01401	0.01950	0.01182	0.01612	0.00960	0.00582	0.00638	0.00196	0.00799	0.00577	0.00306	0.00915
11	0.01308	0.01240	0.02101	0.54816	0.24874	0.01438	0.01817	0.01717	0.01321	0.01754	0.01147	0.01656	0.00893	0.00614	0.00632	0.00205	0.00818	0.00564	0.00291	0.00793
12	0.01470	0.01405	0.02394	0.23324	0.55099	0.01481	0.01897	0.01859	0.01397	0.01951	0.01176	0.01603	0.00962	0.00584	0.00630	0.00195	0.00778	0.00565	0.00305	0.00924
13	0.01508	0.27388	0.38561	0.09471	0.02479	0.01770	0.01776	0.02004	0.01347	0.06591	0.01144	0.01326	0.00862	0.00599	0.00544	0.00180	0.00817	0.00448	0.00305	0.00882

[dist]
# distance from previous block
# <min> <max>
11	15

[block]
# block no. 4 follows, 35 sequences, length 19
# corresponding to MSA columns:
# 398-416
name=unknown_E
#
# <colnr> <probs for GDERKNQSTAVLIFYWHMCP>
#	G	D	E	R	K	N	Q	S	T	A	V	L	I	F	Y	W	H	M	C	P
0	0.30450	0.06660	0.19827	0.01386	0.06674	0.01434	0.01276	0.04313	0.01313	0.06434	0.01208	0.04343	0.00979	0.00671	0.00572	0.00189	0.03491	0.00484	0.00381	0.07913
1	0.10113	0.04092	0.01714	0.01283	0.01702	0.01152	0.12527	0.01974	0.05875	0.14832	0.01719	0.06562	0.01467	0.07670	0.00881	0.00220	0.03231	0.02261	0.00469	0.20256
2	0.01578	0.15137	0.03863	0.02992	0.01954	0.01465	0.15209	0.11531	0.03930	0.05807	0.10460	0.02193	0.01777	0.03106	0.00694	0.00190	0.00671	0.03248	0.00455	0.13741
3	0.01928	0.38305	0.02494	0.01233	0.01733	0.06026	0.01097	0.26210	0.04200	0.02473	0.03940	0.01400	0.01145	0.00660	0.00519	0.00159	0.00680	0.00468	0.00434	0.04894
4	0.01376	0.13682	0.61592	0.01701	0.02558	0.04593	0.02124	0.02015	0.01351	0.01919	0.01096	0.01287	0.00806	0.00596	0.00574	0.00190	0.00910	0.00448	0.00271	0.00912
5	0.00895	0.00649	0.00870	0.01003	0.01110	0.00624	0.00794	0.01100	0.01358	0.01767	0.03699	0.35833	0.10341	0.01835	0.00837	0.00271	0.00471	0.35404	0.00587	0.00551
6	0.02556	0.01220	0.01477	0.01192	0.01637	0.05171	0.00980	0.07621	0.05752	0.54873	0.02432	0.02520	0.01702	0.00867	0.00656	0.00204	0.00586	0.06819	0.00723	0.01012
7	0.02370	0.01297	0.01818	0.08159	0.04114	0.01277	0.07279	0.18608	0.01997	0.40363	0.04670	0.02011	0.01488	0.00757	0.00650	0.00198	0.00647	0.00643	0.00648	0.01006
8	0.00783	0.00651	0.00689	0.00699	0.00903	0.00557	0.00537	0.00963	0.01468	0.01779	0.10050	0.06120	0.63277	0.01602	0.00761	0.00220	0.00344	0.07458	0.00595	0.00544
9	0.01022	0.00730	0.01022	0.01168	0.01314	0.00730	0.01022	0.01314	0.01460	0.01899	0.03359	0.07156	0.03651	0.01752	0.00876	0.00292	0.00584	0.69478	0.00584	0.00584
10	0.82186	0.01227	0.00932	0.00834	0.01227	0.01423	0.00687	0.01865	0.01080	0.02846	0.00883	0.01031	0.00687	0.00589	0.00393	0.00196	0.00491	0.00344	0.00393	0.00687
11	0.00923	0.00615	0.00692	0.00692	0.00692	0.00615	0.00384	0.00923	0.00923	0.01230	0.01999	0.04151	0.02306	0.77705	0.03229	0.00615	0.00615	0.00923	0.00384	0.00384
12	0.06597	0.01692	0.01818	0.01400	0.01901	0.01855	0.01157	0.62444	0.02789	0.09631	0.01569	0.01549	0.01098	0.00754	0.00622	0.00191	0.00674	0.00565	0.00634	0.01059
13	0.77764	0.05450	0.01064	0.00848	0.01249	0.01483	0.00709	0.01867	0.01091	0.02772	0.00883	0.01030	0.00694	0.00586	0.00393	0.00193	0.00501	0.00343	0.00386	0.00694
14	0.00923	0.00615	0.00692	0.00692	0.00692	0.00615	0.00384	0.00923	0.00923	0.01230	0.01999	0.04151	0.02306	0.77705	0.03229	0.00615	0.00615	0.00923	0.00384	0.00384
15	0.76597	0.01216	0.00970	0.00855	0.01254	0.01389	0.00704	0.01951	0.01131	0.07872	0.00997	0.01110	0.00749	0.00603	0.00410	0.00196	0.00494	0.00364	0.00420	0.00715
16	0.42603	0.01463	0.01384	0.01128	0.01572	0.01646	0.00928	0.31834	0.04531	0.05560	0.01270	0.01326	0.00928	0.00679	0.00513	0.00194	0.00581	0.00464	0.00518	0.00879
17	0.07956	0.01671	0.01998	0.02012	0.19522	0.01815	0.01350	0.49509	0.02468	0.03443	0.01396	0.01499	0.01032	0.00701	0.00616	0.00190	0.00697	0.00553	0.00539	0.01032
18	0.01626	0.01614	0.02520	0.03735	0.68691	0.06696	0.01896	0.01988	0.01469	0.02036	0.01178	0.01540	0.00992	0.00571	0.00624	0.00187	0.00781	0.00554	0.00315	0.00986

[dist]
# distance from previous block
# <min> <max>
0	3

# created by:
# /home/cegg/simao/soft/augustus-3.2.1/scripts/msa2prfl.pl ./align_prep/EOG090W0GT9.fa
