[name]
unknown

[dist]
# distance from previous block
# <min> <max>
17	64

[block]
# block no. 0 follows, 39 sequences, length 10
# corresponding to MSA columns:
# 130-139
name=unknown_A
#
# <colnr> <probs for GDERKNQSTAVLIFYWHMCP>
#	G	D	E	R	K	N	Q	S	T	A	V	L	I	F	Y	W	H	M	C	P
0	0.03387	0.01053	0.01261	0.01247	0.07437	0.06368	0.06132	0.01631	0.14028	0.03558	0.08036	0.07622	0.22994	0.05908	0.02832	0.00241	0.02454	0.02667	0.00482	0.00662
1	0.04941	0.01117	0.01548	0.11432	0.01914	0.01115	0.09460	0.09084	0.08803	0.09691	0.05855	0.01888	0.01405	0.04247	0.03830	0.00214	0.00622	0.00573	0.03176	0.19086
2	0.01272	0.00915	0.01201	0.04074	0.09930	0.00914	0.00855	0.13669	0.01733	0.07717	0.33771	0.10031	0.09362	0.01068	0.00660	0.00189	0.00435	0.00929	0.00573	0.00703
3	0.01169	0.01098	0.01828	0.63776	0.13494	0.01298	0.01615	0.01550	0.01207	0.01589	0.01059	0.01543	0.00813	0.00574	0.00582	0.00188	0.00758	0.00516	0.00271	0.05067
4	0.01335	0.01112	0.01447	0.01210	0.01431	0.06616	0.11838	0.06406	0.08530	0.06641	0.01699	0.04801	0.01608	0.29116	0.08822	0.00403	0.05221	0.00724	0.00406	0.00630
5	0.01003	0.00891	0.01452	0.52532	0.03044	0.01075	0.01309	0.01316	0.01142	0.01492	0.01552	0.16710	0.01488	0.01351	0.10833	0.00306	0.00808	0.00765	0.00326	0.00605
6	0.01202	0.00951	0.01252	0.01123	0.01274	0.01141	0.00894	0.15220	0.01293	0.01827	0.01420	0.02051	0.01297	0.07625	0.43678	0.00649	0.15503	0.00606	0.00362	0.00633
7	0.01101	0.00970	0.01353	0.01215	0.01240	0.01273	0.00964	0.01203	0.00900	0.01341	0.01151	0.01960	0.01167	0.13444	0.20260	0.06641	0.42388	0.00596	0.00287	0.00546
8	0.02184	0.01469	0.11986	0.01372	0.06220	0.01217	0.01167	0.16411	0.08736	0.40074	0.01911	0.01776	0.01275	0.00698	0.00590	0.00184	0.00593	0.00563	0.00598	0.00977
9	0.01467	0.36791	0.38378	0.01341	0.02022	0.01765	0.01570	0.01901	0.01260	0.07034	0.01048	0.01171	0.00805	0.00549	0.00483	0.00160	0.00740	0.00395	0.00286	0.00833

[dist]
# distance from previous block
# <min> <max>
1	5

[block]
# block no. 1 follows, 39 sequences, length 25
# corresponding to MSA columns:
# 145-169
name=unknown_B
#
# <colnr> <probs for GDERKNQSTAVLIFYWHMCP>
#	G	D	E	R	K	N	Q	S	T	A	V	L	I	F	Y	W	H	M	C	P
0	0.67340	0.01221	0.01090	0.04362	0.08297	0.03732	0.00818	0.01795	0.03102	0.02494	0.00907	0.01072	0.00711	0.00558	0.00408	0.00182	0.00514	0.00360	0.00359	0.00679
1	0.01215	0.01067	0.01393	0.16849	0.05380	0.00925	0.00946	0.01509	0.01223	0.01842	0.01054	0.01309	0.00861	0.00474	0.00476	0.00114	0.00522	0.00395	0.00330	0.62117
2	0.00801	0.00610	0.00753	0.00837	0.00929	0.00597	0.00584	0.01078	0.08789	0.01616	0.03478	0.57457	0.13481	0.01804	0.03974	0.00261	0.00403	0.01471	0.00545	0.00532
3	0.00817	0.00652	0.00831	0.00933	0.06806	0.00591	0.00616	0.01025	0.01438	0.01908	0.31810	0.16781	0.30883	0.01367	0.00698	0.00199	0.00331	0.01192	0.00568	0.00554
4	0.01217	0.01120	0.01833	0.66263	0.10675	0.01353	0.01628	0.05820	0.01293	0.01682	0.01079	0.01557	0.00815	0.00592	0.00591	0.00194	0.00772	0.00526	0.00285	0.00704
5	0.01189	0.01154	0.01763	0.66162	0.08062	0.05549	0.01576	0.01552	0.01208	0.01519	0.01078	0.01628	0.00847	0.03571	0.00679	0.00208	0.00791	0.00530	0.00271	0.00664
6	0.04619	0.00786	0.01091	0.03628	0.01183	0.00960	0.00806	0.01127	0.00926	0.01387	0.01371	0.02217	0.01342	0.14054	0.39916	0.06526	0.16621	0.00617	0.00307	0.00517
7	0.74805	0.05845	0.01000	0.00790	0.01155	0.01354	0.00659	0.01713	0.01048	0.02565	0.04122	0.01113	0.00867	0.00576	0.00381	0.00180	0.00460	0.00353	0.00372	0.00644
8	0.00856	0.00626	0.00940	0.00940	0.01039	0.00726	0.00726	0.01039	0.00940	0.01352	0.01550	0.02292	0.01451	0.04292	0.72381	0.05881	0.01520	0.00626	0.00313	0.00512
9	0.01348	0.05800	0.31169	0.04837	0.21531	0.04240	0.03322	0.03799	0.08370	0.01980	0.06836	0.01641	0.01279	0.00627	0.00577	0.00182	0.00734	0.00535	0.00338	0.00854
10	0.01415	0.38125	0.36437	0.01334	0.01995	0.03538	0.01542	0.04257	0.01291	0.01698	0.01083	0.01223	0.02622	0.00566	0.00482	0.00159	0.00745	0.00404	0.00272	0.00812
11	0.01378	0.06881	0.02069	0.06228	0.37158	0.03218	0.03936	0.01676	0.01275	0.01805	0.01208	0.01502	0.03362	0.00584	0.00656	0.00162	0.07015	0.00498	0.00307	0.19081
12	0.00929	0.00662	0.00774	0.00766	0.00949	0.00605	0.00581	0.01203	0.05808	0.06925	0.18512	0.16412	0.35697	0.01411	0.00703	0.00208	0.00344	0.06353	0.00585	0.00572
13	0.01077	0.07659	0.08839	0.01058	0.01272	0.08309	0.02602	0.01241	0.01163	0.01479	0.02326	0.27495	0.09882	0.04991	0.05572	0.07055	0.06051	0.00967	0.00397	0.00564
14	0.01281	0.01307	0.05562	0.15881	0.06171	0.01271	0.24816	0.06493	0.04646	0.01949	0.04117	0.05133	0.03361	0.00767	0.00697	0.00200	0.03663	0.06554	0.02648	0.03483
15	0.12320	0.01306	0.04564	0.36576	0.16971	0.01420	0.01464	0.12717	0.03437	0.02124	0.01127	0.01454	0.00857	0.00596	0.00559	0.00188	0.00701	0.00500	0.00342	0.00778
16	0.83394	0.01144	0.00869	0.00778	0.01144	0.01327	0.00640	0.01738	0.01006	0.02653	0.00823	0.00961	0.00640	0.00549	0.00366	0.00183	0.00457	0.00320	0.00366	0.00640
17	0.00928	0.00724	0.00886	0.00905	0.01068	0.00694	0.00655	0.01311	0.12651	0.01739	0.02780	0.51002	0.03088	0.01459	0.00686	0.00212	0.00388	0.05114	0.00527	0.13183
18	0.00732	0.00528	0.00697	0.00828	0.00875	0.00492	0.00567	0.00847	0.01155	0.01528	0.03379	0.71428	0.07184	0.01824	0.00756	0.00240	0.00352	0.05554	0.00549	0.00485
19	0.06310	0.01050	0.01226	0.00895	0.01401	0.00832	0.00721	0.01701	0.01279	0.12417	0.01219	0.01322	0.00945	0.00486	0.00456	0.00107	0.00448	0.00383	0.00405	0.66399
20	0.01218	0.01190	0.01795	0.34197	0.02632	0.01598	0.01443	0.01461	0.01024	0.01461	0.00894	0.01415	0.00781	0.00845	0.01363	0.00232	0.45017	0.00521	0.00260	0.00651
21	0.01166	0.03155	0.05140	0.01006	0.01275	0.03671	0.03860	0.05486	0.12613	0.05312	0.19817	0.13759	0.16841	0.01160	0.00702	0.02407	0.00458	0.00967	0.00540	0.00667
22	0.18515	0.26117	0.14514	0.01427	0.11419	0.01625	0.01206	0.06309	0.01304	0.02023	0.03878	0.01277	0.00981	0.00639	0.01935	0.00174	0.00641	0.00417	0.00325	0.05274
23	0.33657	0.08476	0.03377	0.01155	0.03448	0.15897	0.00928	0.04927	0.07138	0.06595	0.01140	0.01275	0.00897	0.00842	0.05054	0.00221	0.03443	0.00419	0.00383	0.00728
24	0.25538	0.03915	0.04122	0.10204	0.10503	0.04148	0.01065	0.09434	0.01411	0.11993	0.01263	0.03975	0.00986	0.00628	0.00506	0.00173	0.00589	0.00483	0.00412	0.08653

[dist]
# distance from previous block
# <min> <max>
3	5

[block]
# block no. 2 follows, 39 sequences, length 29
# corresponding to MSA columns:
# 175-203
name=unknown_C
#
# <colnr> <probs for GDERKNQSTAVLIFYWHMCP>
#	G	D	E	R	K	N	Q	S	T	A	V	L	I	F	Y	W	H	M	C	P
0	0.15237	0.00770	0.00928	0.01030	0.03393	0.00798	0.00822	0.01242	0.01259	0.01867	0.02997	0.13481	0.12271	0.01403	0.00738	0.00240	0.02515	0.37946	0.00499	0.00563
1	0.01195	0.01024	0.01262	0.08661	0.01659	0.00834	0.00814	0.01472	0.01232	0.01874	0.01202	0.01657	0.01051	0.00540	0.00481	0.00112	0.00481	0.05542	0.00356	0.68551
2	0.01170	0.12040	0.10884	0.01136	0.01508	0.01133	0.08229	0.01680	0.12230	0.04708	0.17668	0.08164	0.15114	0.00975	0.00623	0.00187	0.00519	0.00844	0.00481	0.00707
3	0.00847	0.00626	0.00910	0.00910	0.01001	0.00717	0.00688	0.01030	0.00938	0.01343	0.01621	0.02530	0.01568	0.14416	0.67015	0.00900	0.01449	0.00664	0.00322	0.00505
4	0.01156	0.01084	0.01769	0.52558	0.18212	0.01255	0.01535	0.01556	0.03472	0.01635	0.01604	0.01989	0.08375	0.00676	0.00601	0.00193	0.00712	0.00603	0.00308	0.00707
5	0.01213	0.01033	0.01204	0.00867	0.01373	0.00780	0.00688	0.01465	0.01213	0.01898	0.01082	0.01326	0.00924	0.03395	0.00534	0.00106	0.00443	0.00369	0.00351	0.79737
6	0.07582	0.05330	0.02094	0.04594	0.50626	0.01334	0.01494	0.01941	0.01365	0.13689	0.01411	0.01614	0.03153	0.00590	0.00564	0.00176	0.00640	0.00533	0.00372	0.00898
7	0.01905	0.39953	0.02364	0.01276	0.01678	0.40798	0.01079	0.02076	0.01446	0.01420	0.00870	0.01009	0.00760	0.00559	0.00459	0.00140	0.00856	0.00350	0.00280	0.00721
8	0.01960	0.01269	0.01375	0.03343	0.01567	0.08700	0.00901	0.17436	0.01812	0.27141	0.09289	0.02108	0.03185	0.00754	0.00579	0.00167	0.00560	0.02444	0.02308	0.13100
9	0.01027	0.00514	0.00770	0.00770	0.00770	0.00514	0.00514	0.00770	0.00770	0.01027	0.01027	0.01798	0.01027	0.02054	0.02311	0.82794	0.00514	0.00514	0.00257	0.00257
10	0.01807	0.01433	0.01397	0.01174	0.01525	0.09388	0.00931	0.29930	0.21655	0.05930	0.01919	0.04099	0.03363	0.00777	0.00571	0.00178	0.00569	0.00611	0.11881	0.00861
11	0.02978	0.02234	0.43105	0.03247	0.08739	0.01289	0.03010	0.05695	0.05839	0.02058	0.05295	0.01517	0.01130	0.00601	0.00559	0.00174	0.00727	0.00493	0.00332	0.10976
12	0.01368	0.01448	0.07624	0.19698	0.54608	0.01383	0.01804	0.01753	0.01304	0.01836	0.01095	0.01473	0.00891	0.00544	0.00585	0.00181	0.00734	0.00520	0.00283	0.00871
13	0.01249	0.01186	0.02013	0.49532	0.31303	0.01349	0.01708	0.01627	0.01245	0.01671	0.01074	0.01534	0.00845	0.00567	0.00589	0.00189	0.00756	0.00526	0.00274	0.00764
14	0.02640	0.01028	0.01386	0.01063	0.01521	0.00902	0.00878	0.05256	0.01729	0.73511	0.02302	0.01993	0.01449	0.00731	0.00595	0.00183	0.00508	0.00593	0.00727	0.01006
15	0.00775	0.00570	0.00734	0.00851	0.00907	0.00552	0.00577	0.00992	0.06461	0.01580	0.03197	0.73262	0.03758	0.01776	0.00744	0.00237	0.00352	0.01608	0.00553	0.00513
16	0.00859	0.00577	0.00662	0.00662	0.00668	0.00583	0.00380	0.00871	0.00865	0.01160	0.01847	0.03782	0.02112	0.74971	0.07204	0.00595	0.00631	0.00847	0.00356	0.00368
17	0.83394	0.01144	0.00869	0.00778	0.01144	0.01327	0.00640	0.01738	0.01006	0.02653	0.00823	0.00961	0.00640	0.00549	0.00366	0.00183	0.00457	0.00320	0.00366	0.00640
18	0.01396	0.01595	0.03490	0.02493	0.03091	0.01496	0.73380	0.01894	0.01396	0.01894	0.01196	0.01595	0.00897	0.00499	0.00698	0.00199	0.00997	0.00698	0.00299	0.00798
19	0.02209	0.02819	0.01676	0.01524	0.01828	0.76843	0.01143	0.02361	0.01676	0.01447	0.00914	0.01066	0.00762	0.00609	0.00533	0.00152	0.01066	0.00381	0.00305	0.00686
20	0.01581	0.79572	0.03099	0.01012	0.01518	0.02340	0.01012	0.01771	0.01202	0.01391	0.00822	0.00949	0.00759	0.00506	0.00379	0.00126	0.00632	0.00316	0.00253	0.00759
21	0.00845	0.00632	0.00940	0.00940	0.01043	0.00734	0.00727	0.01050	0.00947	0.01365	0.01593	0.02374	0.01500	0.06890	0.74448	0.00938	0.01551	0.00641	0.00318	0.00522
22	0.00711	0.00600	0.00615	0.00611	0.00806	0.00504	0.00459	0.00872	0.01376	0.01664	0.11917	0.05582	0.69320	0.01473	0.00699	0.00199	0.00298	0.01233	0.00558	0.00504
23	0.01581	0.79572	0.03099	0.01012	0.01518	0.02340	0.01012	0.01771	0.01202	0.01391	0.00822	0.00949	0.00759	0.00506	0.00379	0.00126	0.00632	0.00316	0.00253	0.00759
24	0.00699	0.00599	0.00599	0.00599	0.00799	0.00499	0.00449	0.00849	0.01348	0.01598	0.05991	0.05691	0.75288	0.01498	0.00699	0.00200	0.00300	0.01248	0.00549	0.00499
25	0.00735	0.00521	0.00682	0.00805	0.00836	0.00490	0.00530	0.00827	0.01105	0.01473	0.03118	0.71259	0.03733	0.09668	0.00983	0.00274	0.00366	0.01598	0.00530	0.00468
26	0.75119	0.01156	0.00916	0.00821	0.01183	0.01341	0.00670	0.01880	0.08426	0.02635	0.00983	0.01087	0.00758	0.00575	0.00390	0.00185	0.00459	0.00355	0.00390	0.00670
27	0.10213	0.11374	0.01723	0.01289	0.01670	0.35047	0.01027	0.15028	0.08903	0.02100	0.01140	0.01227	0.00902	0.00618	0.00510	0.00158	0.00783	0.00421	0.00388	0.05480
28	0.11663	0.31990	0.17743	0.08894	0.01924	0.03202	0.03046	0.01695	0.01176	0.01689	0.00996	0.01323	0.00856	0.06250	0.00643	0.00186	0.00680	0.00416	0.00283	0.05343

[dist]
# distance from previous block
# <min> <max>
0	1

[block]
# block no. 3 follows, 39 sequences, length 19
# corresponding to MSA columns:
# 211-229
name=unknown_D
#
# <colnr> <probs for GDERKNQSTAVLIFYWHMCP>
#	G	D	E	R	K	N	Q	S	T	A	V	L	I	F	Y	W	H	M	C	P
0	0.00722	0.00526	0.00681	0.00799	0.00853	0.00485	0.00539	0.00836	0.01172	0.01548	0.05996	0.69054	0.11020	0.01796	0.00747	0.00234	0.00337	0.01617	0.00552	0.00485
1	0.01346	0.01356	0.01805	0.01666	0.07590	0.05277	0.01281	0.01505	0.01005	0.01507	0.00833	0.01291	0.00797	0.00925	0.01641	0.00233	0.61816	0.00498	0.00271	0.07358
2	0.01273	0.01060	0.01231	0.00908	0.01394	0.00852	0.00723	0.07327	0.01366	0.02073	0.04043	0.04678	0.01198	0.00550	0.00474	0.00105	0.00445	0.00450	0.00390	0.69458
3	0.01313	0.01100	0.01187	0.01079	0.01353	0.01242	0.00824	0.02610	0.56017	0.02348	0.14803	0.02720	0.02478	0.07271	0.00815	0.00229	0.00444	0.00753	0.00590	0.00824
4	0.01298	0.01247	0.02129	0.37807	0.31595	0.01374	0.07517	0.01767	0.06067	0.01769	0.01176	0.01576	0.00922	0.00573	0.00598	0.00189	0.00751	0.00550	0.00300	0.00795
5	0.00846	0.00678	0.00766	0.00746	0.00927	0.00641	0.00557	0.01228	0.10723	0.01964	0.28811	0.11645	0.35598	0.01344	0.00691	0.00199	0.00318	0.01154	0.00590	0.00573
6	0.00893	0.00738	0.01182	0.01276	0.07259	0.00702	0.08962	0.01088	0.01221	0.01630	0.02913	0.50443	0.05392	0.01547	0.00742	0.00234	0.00476	0.12237	0.00499	0.00564
7	0.00845	0.00634	0.00950	0.00950	0.01056	0.00739	0.00739	0.01056	0.00950	0.01373	0.01584	0.02323	0.01478	0.04435	0.76873	0.00950	0.01584	0.00634	0.00317	0.00528
8	0.01912	0.15898	0.01906	0.01408	0.03849	0.36376	0.01102	0.14089	0.05479	0.01893	0.01299	0.01411	0.04420	0.00686	0.00621	0.00164	0.05894	0.00464	0.00367	0.00761
9	0.00853	0.00636	0.00799	0.00773	0.00924	0.00598	0.00586	0.01175	0.05067	0.02211	0.56144	0.08028	0.13253	0.01278	0.00703	0.00196	0.00309	0.05275	0.00626	0.00565
10	0.01237	0.01087	0.01375	0.00982	0.01513	0.00835	0.05485	0.01516	0.01237	0.01925	0.01061	0.01251	0.00877	0.00442	0.00455	0.00095	0.00475	0.00373	0.00347	0.77432
11	0.07389	0.01345	0.01647	0.03464	0.12731	0.01407	0.01121	0.34345	0.02049	0.18631	0.03735	0.01834	0.01297	0.00722	0.00586	0.00181	0.00597	0.03574	0.00548	0.02800
12	0.01018	0.00520	0.00780	0.00780	0.00785	0.00525	0.00525	0.00785	0.00780	0.01045	0.01056	0.01825	0.01050	0.02177	0.06148	0.78582	0.00569	0.00520	0.00260	0.00271
13	0.00718	0.00524	0.00677	0.00799	0.00851	0.00482	0.00538	0.00826	0.01156	0.01519	0.03558	0.70826	0.11723	0.01814	0.00749	0.00236	0.00338	0.01634	0.00549	0.00482
14	0.01130	0.01065	0.01798	0.74950	0.06815	0.01317	0.01649	0.01523	0.01189	0.01527	0.01053	0.01572	0.00794	0.00589	0.00591	0.00196	0.00785	0.00526	0.00264	0.00668
15	0.83394	0.01144	0.00869	0.00778	0.01144	0.01327	0.00640	0.01738	0.01006	0.02653	0.00823	0.00961	0.00640	0.00549	0.00366	0.00183	0.00457	0.00320	0.00366	0.00640
16	0.01003	0.00637	0.00827	0.00761	0.00914	0.00588	0.00564	0.01247	0.01586	0.08861	0.60595	0.04141	0.04833	0.09735	0.00942	0.00228	0.00332	0.01004	0.00626	0.00576
17	0.09133	0.01422	0.01938	0.07277	0.26037	0.01571	0.03364	0.25920	0.01746	0.04733	0.01184	0.01411	0.00919	0.00661	0.00734	0.00189	0.09960	0.00516	0.00407	0.00878
18	0.83394	0.01144	0.00869	0.00778	0.01144	0.01327	0.00640	0.01738	0.01006	0.02653	0.00823	0.00961	0.00640	0.00549	0.00366	0.00183	0.00457	0.00320	0.00366	0.00640

[dist]
# distance from previous block
# <min> <max>
0	5

[block]
# block no. 4 follows, 39 sequences, length 15
# corresponding to MSA columns:
# 235-249
name=unknown_E
#
# <colnr> <probs for GDERKNQSTAVLIFYWHMCP>
#	G	D	E	R	K	N	Q	S	T	A	V	L	I	F	Y	W	H	M	C	P
0	0.02057	0.02571	0.01668	0.01563	0.04394	0.65791	0.01149	0.02215	0.01597	0.01469	0.01117	0.01284	0.03789	0.00672	0.00641	0.00163	0.06434	0.00431	0.00311	0.00684
1	0.01186	0.03059	0.76153	0.01686	0.02560	0.01373	0.02185	0.01873	0.01249	0.01873	0.01061	0.01249	0.00749	0.00562	0.00562	0.00187	0.00874	0.00437	0.00250	0.00874
2	0.00849	0.00609	0.00833	0.00844	0.00911	0.00668	0.00607	0.00984	0.00943	0.01316	0.01816	0.06463	0.01896	0.30204	0.44833	0.00761	0.01137	0.03510	0.00350	0.00468
3	0.01386	0.01549	0.03228	0.02430	0.06362	0.01531	0.60970	0.01832	0.01332	0.01837	0.01140	0.01551	0.00884	0.00567	0.00848	0.00206	0.10602	0.00667	0.00294	0.00785
4	0.00835	0.00627	0.00780	0.00766	0.00898	0.00602	0.00578	0.01056	0.01461	0.02015	0.40427	0.13588	0.20117	0.01331	0.00755	0.00200	0.04144	0.04120	0.05161	0.00539
5	0.00896	0.00563	0.00747	0.00844	0.00921	0.00525	0.00592	0.01028	0.01194	0.07029	0.03117	0.64727	0.03580	0.01699	0.00730	0.00233	0.00365	0.06076	0.04605	0.00527
6	0.00791	0.00604	0.00737	0.00823	0.00923	0.00578	0.00583	0.01044	0.07287	0.01623	0.03747	0.53300	0.18475	0.01680	0.00734	0.00230	0.00356	0.05407	0.00553	0.00526
7	0.01109	0.01033	0.01729	0.65946	0.09056	0.01251	0.01564	0.01476	0.01190	0.01542	0.01239	0.07992	0.01059	0.00691	0.00604	0.00199	0.00745	0.00622	0.00289	0.00663
8	0.01446	0.01388	0.02369	0.07304	0.71988	0.01401	0.01806	0.01800	0.01338	0.01911	0.01109	0.01469	0.00929	0.00530	0.00586	0.00177	0.00707	0.00527	0.00291	0.00923
9	0.01252	0.01210	0.02100	0.46541	0.26375	0.01371	0.07025	0.01632	0.01241	0.01669	0.01073	0.01534	0.00843	0.00578	0.00639	0.00192	0.03156	0.00539	0.00275	0.00755
10	0.01451	0.01430	0.02202	0.07890	0.60196	0.06895	0.01676	0.01780	0.01331	0.01829	0.01129	0.01505	0.00954	0.00824	0.06187	0.00232	0.00799	0.00524	0.00294	0.00871
11	0.01110	0.00696	0.00938	0.00988	0.01161	0.00666	0.00832	0.01352	0.01401	0.10553	0.09254	0.08370	0.09839	0.03898	0.00836	0.00256	0.00489	0.46201	0.00570	0.00588
12	0.00860	0.00601	0.00873	0.00888	0.00957	0.00587	0.04602	0.00938	0.01049	0.01433	0.02399	0.39607	0.02722	0.13836	0.07641	0.12429	0.00546	0.03361	0.04215	0.00456
13	0.19612	0.01392	0.05573	0.08889	0.13986	0.02556	0.09739	0.13102	0.01514	0.12373	0.01290	0.01506	0.00964	0.02495	0.02363	0.00211	0.00689	0.00515	0.00413	0.00819
14	0.08167	0.01441	0.05565	0.10153	0.19904	0.04448	0.17087	0.01691	0.01233	0.01817	0.01129	0.04867	0.00976	0.00669	0.00803	0.00194	0.13070	0.00576	0.00305	0.05903

[dist]
# distance from previous block
# <min> <max>
0	1

[block]
# block no. 5 follows, 39 sequences, length 31
# corresponding to MSA columns:
# 251-281
name=unknown_F
#
# <colnr> <probs for GDERKNQSTAVLIFYWHMCP>
#	G	D	E	R	K	N	Q	S	T	A	V	L	I	F	Y	W	H	M	C	P
0	0.08165	0.00954	0.05005	0.01171	0.11136	0.00808	0.00819	0.01425	0.01398	0.08924	0.17781	0.03394	0.25075	0.00992	0.00606	0.00179	0.00422	0.00834	0.04343	0.06569
1	0.00979	0.00790	0.04396	0.00892	0.01038	0.00747	0.00689	0.04491	0.03126	0.03852	0.05929	0.12372	0.06009	0.22185	0.29214	0.00572	0.00898	0.00862	0.00416	0.00543
2	0.01412	0.01305	0.01468	0.01162	0.04358	0.09842	0.05272	0.01678	0.01311	0.04456	0.01091	0.01267	0.00887	0.00476	0.00476	0.00109	0.00559	0.00391	0.00353	0.62129
3	0.00990	0.00833	0.01121	0.05240	0.08231	0.00853	0.02802	0.03929	0.04962	0.01764	0.10577	0.10304	0.28796	0.03227	0.04460	0.04603	0.05273	0.00969	0.00468	0.00597
4	0.02044	0.01271	0.09509	0.01343	0.08060	0.01036	0.01077	0.05650	0.08855	0.42496	0.08426	0.04169	0.01778	0.00773	0.00604	0.00186	0.00540	0.00647	0.00610	0.00926
5	0.01154	0.01165	0.04286	0.59458	0.06895	0.04615	0.01520	0.01512	0.01182	0.01511	0.01126	0.01718	0.00913	0.05628	0.04760	0.00257	0.00828	0.00542	0.00274	0.00654
6	0.01226	0.01051	0.01226	0.00876	0.01401	0.00788	0.00701	0.01489	0.01226	0.01927	0.01051	0.01226	0.00876	0.00438	0.00438	0.00088	0.00438	0.00350	0.00350	0.82832
7	0.01539	0.01405	0.05978	0.01240	0.01615	0.01475	0.01024	0.13927	0.55354	0.02587	0.02210	0.05612	0.01714	0.00822	0.00605	0.00198	0.00516	0.00681	0.00576	0.00922
8	0.01460	0.01377	0.02273	0.09540	0.63399	0.01415	0.01732	0.04137	0.05235	0.01983	0.01185	0.01511	0.00973	0.00553	0.00587	0.00179	0.00696	0.00534	0.00316	0.00916
9	0.01014	0.00521	0.00775	0.00775	0.00779	0.00526	0.00519	0.00786	0.00781	0.01046	0.01078	0.01885	0.01082	0.04522	0.05690	0.76593	0.00564	0.00530	0.00263	0.00272
10	0.01384	0.03878	0.01882	0.32729	0.21236	0.11925	0.01478	0.01782	0.05774	0.01651	0.01145	0.01531	0.00928	0.00857	0.05575	0.00235	0.04453	0.00514	0.00300	0.00743
11	0.01514	0.28577	0.25367	0.01598	0.04463	0.08143	0.11923	0.06277	0.01377	0.01779	0.01002	0.01200	0.00798	0.00560	0.00562	0.00167	0.03155	0.00440	0.00285	0.00811
12	0.00772	0.00561	0.00743	0.00859	0.00933	0.00532	0.00628	0.00921	0.01207	0.01589	0.05317	0.53715	0.10035	0.01832	0.02874	0.00261	0.00413	0.15765	0.00544	0.00498
13	0.01663	0.02374	0.19691	0.03299	0.04476	0.33735	0.14640	0.03225	0.01489	0.01704	0.01203	0.03677	0.01023	0.00666	0.00595	0.00180	0.00936	0.04358	0.00314	0.00750
14	0.01462	0.01382	0.02323	0.03464	0.70717	0.01387	0.01751	0.03984	0.01383	0.01973	0.01195	0.04102	0.01040	0.00578	0.00591	0.00178	0.00689	0.00566	0.00311	0.00923
15	0.01129	0.01075	0.01850	0.74434	0.04029	0.01322	0.04844	0.01528	0.01192	0.01528	0.01058	0.01577	0.00793	0.00587	0.00596	0.00197	0.00798	0.00533	0.00264	0.00663
16	0.00709	0.00589	0.00622	0.00646	0.00819	0.00501	0.00478	0.00855	0.01316	0.01589	0.05505	0.16637	0.62657	0.01554	0.00711	0.00208	0.00313	0.03245	0.00549	0.00498
17	0.07860	0.01356	0.01601	0.11765	0.14005	0.08776	0.02630	0.18983	0.04417	0.03477	0.01652	0.11801	0.01523	0.00866	0.00610	0.00195	0.00653	0.06614	0.00441	0.00775
18	0.00881	0.00621	0.00880	0.00874	0.00941	0.00700	0.00639	0.00986	0.00907	0.01281	0.01559	0.02581	0.01557	0.20858	0.49317	0.10900	0.03073	0.00667	0.00317	0.00459
19	0.00721	0.00515	0.00686	0.00823	0.00858	0.00480	0.00549	0.00823	0.01132	0.01510	0.03259	0.78831	0.03911	0.01853	0.00755	0.00240	0.00343	0.01681	0.00549	0.00480
20	0.00852	0.00627	0.00934	0.00934	0.01032	0.00725	0.00719	0.01039	0.00941	0.01352	0.01571	0.02350	0.01481	0.06631	0.71669	0.04170	0.01511	0.00636	0.00316	0.00512
21	0.01298	0.01250	0.02166	0.38131	0.38425	0.01367	0.05493	0.01677	0.01273	0.01734	0.01088	0.01523	0.00866	0.00555	0.00594	0.00187	0.00758	0.00535	0.00279	0.00799
22	0.00930	0.00694	0.00954	0.02499	0.06406	0.00757	0.00663	0.01029	0.00930	0.01294	0.01620	0.02946	0.01710	0.40905	0.26976	0.03750	0.04410	0.00726	0.00330	0.00472
23	0.00741	0.00529	0.00710	0.00847	0.00890	0.00498	0.00585	0.00859	0.01152	0.01533	0.03248	0.72463	0.03867	0.01833	0.00760	0.00243	0.00361	0.07847	0.00549	0.00486
24	0.02209	0.02819	0.01676	0.01524	0.01828	0.76843	0.01143	0.02361	0.01676	0.01447	0.00914	0.01066	0.00762	0.00609	0.00533	0.00152	0.01066	0.00381	0.00305	0.00686
25	0.01206	0.01213	0.03578	0.55491	0.15154	0.01351	0.10364	0.01612	0.01235	0.01631	0.01079	0.01555	0.00824	0.00569	0.00603	0.00194	0.00802	0.00545	0.00272	0.00722
26	0.01421	0.01452	0.05652	0.07996	0.63943	0.01420	0.01793	0.01778	0.01309	0.01877	0.01089	0.01452	0.00911	0.00559	0.00656	0.00182	0.04800	0.00522	0.00287	0.00901
27	0.01471	0.01270	0.01337	0.01203	0.01538	0.01471	0.00936	0.03142	0.74459	0.02474	0.02407	0.02206	0.01805	0.00802	0.00602	0.00201	0.00468	0.00669	0.00602	0.00936
28	0.01416	0.01367	0.02186	0.14238	0.56442	0.03674	0.01674	0.01759	0.01322	0.01855	0.01092	0.01448	0.00904	0.00531	0.00572	0.00171	0.00704	0.00507	0.00294	0.07844
29	0.01540	0.01308	0.01349	0.01207	0.01546	0.03780	0.00940	0.03108	0.69334	0.05342	0.02358	0.02163	0.01759	0.00794	0.00599	0.00198	0.00488	0.00657	0.00598	0.00931
30	0.35337	0.01043	0.01088	0.01062	0.05732	0.01165	0.00765	0.07041	0.07553	0.02199	0.02580	0.01712	0.01155	0.09169	0.07983	0.07188	0.02897	0.00500	0.00386	0.03444

[dist]
# distance from previous block
# <min> <max>
0	9

# created by:
# /home/cegg/simao/soft/augustus-3.2.1/scripts/msa2prfl.pl ./align_prep/EOG090W0J6A.fa
