[name]
unknown

[dist]
# distance from previous block
# <min> <max>
3	492

[block]
# block no. 0 follows, 34 sequences, length 7
# corresponding to MSA columns:
# 530-536
name=unknown_A
#
# <colnr> <probs for GDERKNQSTAVLIFYWHMCP>
#	G	D	E	R	K	N	Q	S	T	A	V	L	I	F	Y	W	H	M	C	P
0	0.10145	0.10068	0.02458	0.07788	0.43726	0.04496	0.04061	0.01948	0.01390	0.02044	0.01115	0.01463	0.00938	0.00615	0.00677	0.00193	0.05115	0.00525	0.00320	0.00913
1	0.00980	0.00730	0.00874	0.00897	0.01041	0.00700	0.00645	0.08426	0.01572	0.02077	0.14962	0.42526	0.18739	0.01698	0.00783	0.00236	0.00389	0.01498	0.00622	0.00604
2	0.01748	0.04932	0.14063	0.05312	0.08250	0.05363	0.16051	0.02486	0.16257	0.13514	0.04256	0.01929	0.01425	0.00707	0.00659	0.00204	0.00784	0.00646	0.00471	0.00941
3	0.03291	0.00915	0.07063	0.00997	0.01199	0.00736	0.03730	0.01151	0.01321	0.01817	0.12043	0.28579	0.15509	0.09350	0.08965	0.00358	0.00611	0.01255	0.00521	0.00588
4	0.00918	0.00800	0.00809	0.00835	0.00992	0.05873	0.00602	0.01093	0.01492	0.01865	0.17869	0.28002	0.33250	0.01630	0.00770	0.00226	0.00398	0.01409	0.00602	0.00566
5	0.01630	0.09686	0.05182	0.15883	0.36081	0.04176	0.09908	0.02020	0.01460	0.06077	0.01248	0.01589	0.00988	0.00600	0.00629	0.00193	0.00822	0.00568	0.00337	0.00923
6	0.01984	0.09625	0.07315	0.01936	0.16708	0.12481	0.03778	0.19127	0.01907	0.08336	0.01437	0.01589	0.01092	0.00675	0.00593	0.00181	0.00762	0.00538	0.09005	0.00933

[dist]
# distance from previous block
# <min> <max>
0	3

[block]
# block no. 1 follows, 34 sequences, length 40
# corresponding to MSA columns:
# 540-579
name=unknown_B
#
# <colnr> <probs for GDERKNQSTAVLIFYWHMCP>
#	G	D	E	R	K	N	Q	S	T	A	V	L	I	F	Y	W	H	M	C	P
0	0.01911	0.01591	0.06555	0.02135	0.21183	0.04175	0.01461	0.10674	0.05671	0.16046	0.01526	0.01707	0.01157	0.00798	0.00971	0.00215	0.17854	0.00586	0.02834	0.00949
1	0.01003	0.05092	0.00903	0.00745	0.00976	0.00702	0.00570	0.01181	0.01494	0.07008	0.13642	0.07214	0.49245	0.06294	0.00897	0.00238	0.00382	0.01216	0.00596	0.00599
2	0.25124	0.05163	0.06298	0.09085	0.22640	0.01439	0.01307	0.01952	0.07321	0.02303	0.01645	0.01848	0.06208	0.00702	0.00558	0.00197	0.00630	0.00563	0.04188	0.00830
3	0.07662	0.01793	0.12050	0.01350	0.01840	0.05019	0.01215	0.27493	0.16966	0.05238	0.03383	0.02160	0.07689	0.00842	0.00632	0.00202	0.00656	0.00656	0.02207	0.00949
4	0.01012	0.00801	0.01207	0.01116	0.01271	0.00881	0.05821	0.01335	0.05612	0.01631	0.05165	0.02839	0.01916	0.15167	0.50281	0.00825	0.01371	0.00760	0.00389	0.00600
5	0.01342	0.01375	0.08456	0.01239	0.06401	0.00962	0.01000	0.01681	0.01363	0.02112	0.02969	0.01448	0.01078	0.00519	0.00510	0.00115	0.00540	0.00425	0.00376	0.66089
6	0.01840	0.61516	0.03055	0.01227	0.01721	0.15572	0.01142	0.02038	0.01395	0.01532	0.00915	0.01073	0.00830	0.00594	0.00505	0.00148	0.03431	0.00366	0.00287	0.00810
7	0.00951	0.00629	0.00752	0.00752	0.00764	0.00642	0.00450	0.00956	0.00943	0.01271	0.01936	0.03877	0.02179	0.63837	0.11148	0.06502	0.00744	0.00885	0.00378	0.00404
8	0.01340	0.01148	0.01340	0.00957	0.01531	0.00861	0.00766	0.01627	0.01340	0.02105	0.01148	0.01340	0.00957	0.00479	0.00479	0.00096	0.00479	0.00383	0.00383	0.81242
9	0.01565	0.01736	0.10560	0.03730	0.65420	0.01531	0.02028	0.01990	0.01459	0.02104	0.01209	0.01573	0.01001	0.00580	0.00637	0.00193	0.00788	0.00565	0.00315	0.01016
10	0.01553	0.01540	0.07185	0.02054	0.18306	0.01279	0.13368	0.06884	0.01541	0.04260	0.01261	0.01510	0.00995	0.00552	0.00591	0.00156	0.00702	0.00521	0.00382	0.35361
11	0.78837	0.04130	0.01041	0.00859	0.01265	0.01491	0.00715	0.01901	0.01108	0.02847	0.00900	0.01049	0.00705	0.00598	0.00400	0.00198	0.00507	0.00350	0.00395	0.00705
12	0.00811	0.00655	0.00713	0.00699	0.00891	0.00566	0.00519	0.01007	0.01549	0.01955	0.24288	0.05768	0.52283	0.04402	0.00858	0.00230	0.00332	0.01295	0.00622	0.00557
13	0.01087	0.00952	0.00974	0.00995	0.01132	0.08146	0.00718	0.05587	0.01490	0.01884	0.09065	0.43318	0.15910	0.01649	0.00824	0.00237	0.03429	0.01428	0.00572	0.00601
14	0.00939	0.00630	0.00725	0.00725	0.00732	0.00637	0.00417	0.00953	0.00946	0.01268	0.02017	0.04126	0.02305	0.72926	0.07595	0.00651	0.00693	0.00925	0.00389	0.00403
15	0.01325	0.01210	0.02042	0.47234	0.24774	0.01384	0.01736	0.01675	0.01304	0.01740	0.01166	0.01708	0.00934	0.00773	0.00819	0.07731	0.00805	0.00573	0.00296	0.00769
16	0.01727	0.77681	0.03386	0.01106	0.01658	0.02557	0.01106	0.01935	0.01313	0.01520	0.00898	0.01036	0.00829	0.00553	0.00415	0.00138	0.00691	0.00345	0.00276	0.00829
17	0.00795	0.00648	0.00704	0.00707	0.00896	0.00556	0.00524	0.00982	0.01521	0.01902	0.19219	0.12179	0.53899	0.01609	0.00769	0.00219	0.00327	0.01367	0.00622	0.00556
18	0.01062	0.00766	0.00843	0.00816	0.00883	0.00806	0.00507	0.01396	0.13970	0.01518	0.02145	0.03895	0.02280	0.63298	0.02807	0.00552	0.00605	0.00901	0.00440	0.00507
19	0.25423	0.01454	0.01474	0.01196	0.01654	0.01585	0.00973	0.26900	0.14979	0.08807	0.01603	0.01596	0.01171	0.00719	0.00562	0.00192	0.00579	0.00529	0.00565	0.08038
20	0.01559	0.00803	0.01027	0.00901	0.01179	0.00706	0.00700	0.01796	0.01703	0.27034	0.27295	0.10456	0.19672	0.01273	0.00729	0.00211	0.00401	0.01091	0.00707	0.00758
21	0.00894	0.00647	0.00792	0.00872	0.00938	0.00633	0.00589	0.01090	0.05243	0.01625	0.03277	0.41978	0.08424	0.23250	0.01514	0.00363	0.00467	0.06339	0.00544	0.00522
22	0.03841	0.07042	0.05785	0.22185	0.04517	0.01637	0.18114	0.10958	0.08992	0.03816	0.01468	0.04035	0.01154	0.00711	0.00697	0.00210	0.02920	0.00650	0.00405	0.00863
23	0.02026	0.32381	0.04684	0.01566	0.04487	0.34057	0.03984	0.05004	0.01618	0.01709	0.01003	0.01179	0.00854	0.00626	0.00562	0.00163	0.02545	0.00419	0.00320	0.00815
24	0.22100	0.01227	0.03511	0.00997	0.01437	0.03345	0.00826	0.03680	0.03235	0.13143	0.11900	0.02142	0.04980	0.00758	0.00554	0.00170	0.00506	0.00589	0.00515	0.24385
25	0.01566	0.01976	0.24459	0.03706	0.10337	0.03188	0.11199	0.04967	0.04385	0.09647	0.09431	0.03830	0.01683	0.00760	0.00699	0.00203	0.02720	0.00670	0.00435	0.04140
26	0.02219	0.01094	0.01367	0.01116	0.01515	0.01049	0.00896	0.08736	0.11561	0.41093	0.12532	0.05323	0.04129	0.00945	0.00669	0.00204	0.00504	0.00787	0.03292	0.00969
27	0.01051	0.00702	0.00845	0.00856	0.00955	0.00748	0.00623	0.01301	0.04243	0.01845	0.02475	0.15346	0.04873	0.17602	0.10131	0.00397	0.04919	0.05137	0.25387	0.00564
28	0.07307	0.01285	0.02130	0.20883	0.22700	0.01344	0.11055	0.01870	0.01427	0.07975	0.05407	0.06611	0.01482	0.00753	0.00691	0.00207	0.02565	0.00698	0.00399	0.03210
29	0.01925	0.00931	0.01240	0.01066	0.01385	0.00887	0.00845	0.02241	0.05607	0.37490	0.06841	0.11271	0.07526	0.01761	0.13835	0.00360	0.02394	0.00880	0.00657	0.00858
30	0.01049	0.00707	0.00906	0.00980	0.01114	0.00681	0.00729	0.01344	0.06706	0.07023	0.05123	0.45488	0.09687	0.01757	0.00805	0.00256	0.00433	0.13971	0.00620	0.00620
31	0.01515	0.01504	0.02078	0.19294	0.19933	0.10229	0.09603	0.03509	0.08495	0.02008	0.01808	0.03840	0.04720	0.00800	0.00671	0.00209	0.00793	0.05258	0.02905	0.00829
32	0.03858	0.48945	0.11344	0.04264	0.01945	0.04267	0.01295	0.09849	0.01533	0.04215	0.01068	0.01211	0.00882	0.00614	0.00523	0.00163	0.02400	0.00414	0.00340	0.00871
33	0.00898	0.00722	0.01061	0.01055	0.01162	0.00711	0.05734	0.01076	0.01345	0.01821	0.13820	0.51768	0.08025	0.01733	0.00890	0.00249	0.05227	0.01551	0.00577	0.00575
34	0.00815	0.00613	0.00747	0.00836	0.00940	0.00558	0.00593	0.00958	0.01332	0.01710	0.06532	0.43021	0.25054	0.06172	0.00951	0.00271	0.00392	0.07384	0.00591	0.00532
35	0.01157	0.05110	0.01059	0.00880	0.01087	0.00755	0.00683	0.01414	0.01666	0.10169	0.42788	0.11934	0.11174	0.01473	0.03638	0.00242	0.00427	0.03026	0.00657	0.00660
36	0.03733	0.11443	0.38354	0.01702	0.04143	0.03656	0.06244	0.06030	0.01485	0.08342	0.01295	0.01494	0.00964	0.00887	0.04889	0.00245	0.03310	0.00514	0.00355	0.00915
37	0.01262	0.01173	0.01587	0.07813	0.01734	0.03753	0.02703	0.01562	0.05652	0.01685	0.03349	0.08938	0.01589	0.04517	0.14683	0.00408	0.33781	0.00747	0.02386	0.00676
38	0.01418	0.00875	0.01048	0.00930	0.01210	0.00829	0.00730	0.05693	0.07229	0.16875	0.22357	0.04321	0.25768	0.01429	0.04221	0.00250	0.00477	0.02928	0.00665	0.00747
39	0.01481	0.01270	0.01940	0.25964	0.21985	0.03392	0.04221	0.05888	0.01493	0.05528	0.01634	0.09255	0.01450	0.00838	0.00709	0.00211	0.03133	0.03281	0.05510	0.00818

[dist]
# distance from previous block
# <min> <max>
2	5

[block]
# block no. 2 follows, 34 sequences, length 113
# corresponding to MSA columns:
# 585-697
name=unknown_C
#
# <colnr> <probs for GDERKNQSTAVLIFYWHMCP>
#	G	D	E	R	K	N	Q	S	T	A	V	L	I	F	Y	W	H	M	C	P
0	0.08119	0.25527	0.13601	0.01717	0.13519	0.07525	0.02950	0.01978	0.01399	0.04009	0.01258	0.01435	0.03058	0.00609	0.00528	0.00165	0.00734	0.00463	0.00337	0.11069
1	0.01064	0.00723	0.00884	0.00804	0.01022	0.00636	0.00608	0.01316	0.01677	0.08156	0.42830	0.04751	0.23015	0.03929	0.00823	0.00215	0.00352	0.01123	0.00659	0.05414
2	0.01552	0.35438	0.31896	0.01562	0.02270	0.04306	0.07222	0.02083	0.04735	0.01836	0.01123	0.01295	0.00891	0.00596	0.00540	0.00176	0.00837	0.00453	0.00299	0.00890
3	0.01459	0.00808	0.01070	0.01068	0.04574	0.00749	0.00753	0.01737	0.03955	0.20595	0.20430	0.23825	0.06796	0.03190	0.00784	0.00227	0.00425	0.01145	0.05671	0.00737
4	0.00840	0.00658	0.00761	0.00735	0.00920	0.00578	0.00551	0.01076	0.01654	0.02175	0.40295	0.05511	0.38982	0.01476	0.00763	0.00211	0.00316	0.01264	0.00657	0.00578
5	0.01006	0.00687	0.00856	0.00798	0.00987	0.00616	0.00604	0.01275	0.01748	0.06930	0.53031	0.04982	0.21334	0.01361	0.00755	0.00206	0.00326	0.01181	0.00691	0.00626
6	0.65996	0.01272	0.01092	0.00935	0.01356	0.01427	0.00770	0.07186	0.01338	0.11933	0.01156	0.01232	0.00843	0.00638	0.00450	0.00199	0.00522	0.00405	0.00469	0.00780
7	0.00899	0.00680	0.00857	0.00913	0.01043	0.00622	0.00637	0.01126	0.04663	0.01812	0.07381	0.57795	0.06160	0.01732	0.00770	0.00236	0.00388	0.01557	0.00583	0.10147
8	0.01523	0.42390	0.36883	0.01455	0.02199	0.02055	0.01714	0.01988	0.01337	0.01770	0.01022	0.01192	0.00824	0.00582	0.00509	0.00170	0.00816	0.00408	0.00275	0.00889
9	0.02617	0.01552	0.01780	0.01364	0.01875	0.01621	0.01127	0.46446	0.02607	0.29343	0.01913	0.01786	0.01280	0.00784	0.00648	0.00196	0.00653	0.00606	0.00702	0.01099
10	0.01220	0.01148	0.01938	0.75739	0.04450	0.01436	0.01794	0.01651	0.01292	0.01651	0.01148	0.01723	0.00861	0.00646	0.00646	0.00215	0.00861	0.00574	0.00287	0.00718
11	0.81856	0.01250	0.00950	0.00850	0.01250	0.01449	0.00700	0.01899	0.01100	0.02899	0.00900	0.01050	0.00700	0.00600	0.00400	0.00200	0.00500	0.00350	0.00400	0.00700
12	0.00940	0.00626	0.00705	0.00705	0.00705	0.00626	0.00392	0.00940	0.00940	0.01253	0.02036	0.04228	0.02349	0.77292	0.03289	0.00626	0.00626	0.00940	0.00392	0.00392
13	0.00785	0.00569	0.00743	0.00882	0.00932	0.00526	0.00592	0.00902	0.01254	0.01657	0.03782	0.71654	0.09347	0.01996	0.00820	0.00259	0.00371	0.01802	0.00600	0.00526
14	0.00895	0.00613	0.00718	0.00752	0.00775	0.00598	0.00452	0.00937	0.01059	0.01406	0.04529	0.21680	0.06072	0.53868	0.02519	0.00510	0.00544	0.01179	0.00459	0.00436
15	0.54891	0.01619	0.01270	0.01091	0.01505	0.11902	0.00882	0.15723	0.01587	0.02946	0.01043	0.01165	0.00798	0.00644	0.00475	0.00194	0.00636	0.00405	0.00439	0.00786
16	0.01356	0.00927	0.01120	0.00920	0.01279	0.00759	0.00691	0.01565	0.01329	0.10626	0.01983	0.17709	0.01943	0.10825	0.00936	0.00215	0.00477	0.00802	0.04082	0.40458
17	0.01098	0.00826	0.01033	0.01024	0.01207	0.00809	0.00789	0.08453	0.01568	0.02128	0.12333	0.32721	0.07142	0.01564	0.00814	0.00237	0.02646	0.14951	0.00589	0.08068
18	0.00805	0.00635	0.00729	0.00763	0.00921	0.00558	0.00558	0.00985	0.01476	0.01877	0.17436	0.24246	0.41160	0.01685	0.00783	0.00230	0.00344	0.03637	0.00620	0.00553
19	0.02664	0.01150	0.01471	0.01142	0.01609	0.01064	0.00939	0.12660	0.01968	0.56542	0.02362	0.02128	0.01534	0.00792	0.00629	0.00194	0.00547	0.00635	0.08920	0.01049
20	0.01510	0.06586	0.01290	0.01064	0.01323	0.01011	0.00834	0.07224	0.08244	0.16106	0.06712	0.28980	0.05192	0.01527	0.04037	0.00264	0.00543	0.06169	0.00618	0.00765
21	0.04147	0.05081	0.45984	0.07246	0.04954	0.03657	0.01972	0.05171	0.01457	0.07904	0.01251	0.01451	0.00903	0.00668	0.00699	0.00206	0.05480	0.00502	0.00342	0.00924
22	0.00807	0.00580	0.00754	0.00885	0.00936	0.00542	0.00600	0.00924	0.01244	0.01643	0.03639	0.64838	0.08293	0.06793	0.00981	0.00285	0.00398	0.04752	0.00586	0.00521
23	0.45425	0.05320	0.03349	0.01461	0.11381	0.06228	0.01051	0.06455	0.01400	0.08747	0.01138	0.01282	0.00870	0.00643	0.00539	0.00196	0.02839	0.00435	0.00422	0.00821
24	0.01067	0.00916	0.01246	0.01553	0.18337	0.00877	0.00925	0.01439	0.06783	0.02114	0.21705	0.08673	0.29331	0.01268	0.00729	0.00211	0.00444	0.01106	0.00565	0.00711
25	0.28982	0.01208	0.01254	0.00968	0.01472	0.01126	0.00787	0.05193	0.01399	0.10932	0.01248	0.01353	0.00952	0.00572	0.00480	0.00148	0.00505	0.00413	0.00450	0.40556
26	0.01061	0.00649	0.00704	0.00692	0.00753	0.00654	0.00432	0.02889	0.01123	0.01687	0.02046	0.03589	0.02100	0.51304	0.02330	0.00466	0.00526	0.00825	0.25695	0.00476
27	0.01240	0.00721	0.00934	0.00874	0.01076	0.00648	0.00657	0.01478	0.01670	0.15522	0.37796	0.19179	0.12864	0.01405	0.00754	0.00216	0.00367	0.01231	0.00692	0.00676
28	0.01461	0.01163	0.01365	0.00982	0.01550	0.00896	0.00788	0.03516	0.01414	0.06383	0.01242	0.01396	0.00999	0.00505	0.00493	0.00104	0.00489	0.00404	0.00414	0.74436
29	0.00977	0.00690	0.00794	0.00749	0.00964	0.00599	0.00568	0.01199	0.01631	0.07389	0.30609	0.05410	0.43155	0.01459	0.00755	0.00211	0.00336	0.01239	0.00656	0.00610
30	0.01220	0.01148	0.01938	0.75739	0.04450	0.01436	0.01794	0.01651	0.01292	0.01651	0.01148	0.01723	0.00861	0.00646	0.00646	0.00215	0.00861	0.00574	0.00287	0.00718
31	0.01599	0.01535	0.02623	0.03966	0.73262	0.01535	0.01983	0.01983	0.01471	0.02111	0.01215	0.01599	0.01023	0.00576	0.00640	0.00192	0.00768	0.00576	0.00320	0.01023
32	0.01513	0.01531	0.05597	0.09710	0.51776	0.01429	0.03592	0.01907	0.01433	0.02066	0.01200	0.01565	0.00989	0.00569	0.00619	0.00181	0.00750	0.00548	0.00324	0.12702
33	0.81856	0.01250	0.00950	0.00850	0.01250	0.01449	0.00700	0.01899	0.01100	0.02899	0.00900	0.01050	0.00700	0.00600	0.00400	0.00200	0.00500	0.00350	0.00400	0.00700
34	0.01599	0.01535	0.02623	0.03966	0.73262	0.01535	0.01983	0.01983	0.01471	0.02111	0.01215	0.01599	0.01023	0.00576	0.00640	0.00192	0.00768	0.00576	0.00320	0.01023
35	0.00787	0.00562	0.00750	0.00900	0.00937	0.00525	0.00600	0.00900	0.01237	0.01649	0.03561	0.76871	0.04274	0.02024	0.00825	0.00262	0.00375	0.01837	0.00600	0.00525
36	0.01414	0.01146	0.01347	0.00966	0.01537	0.00866	0.00774	0.01700	0.01364	0.05530	0.01215	0.01381	0.00988	0.00494	0.00487	0.00101	0.00482	0.00396	0.00403	0.77409
37	0.68436	0.01233	0.01114	0.13314	0.01782	0.01447	0.00882	0.01858	0.01132	0.02691	0.00941	0.01162	0.00727	0.00607	0.00441	0.00202	0.00560	0.00387	0.00381	0.00703
38	0.01641	0.12694	0.32642	0.02000	0.14080	0.09585	0.03811	0.03848	0.01494	0.05401	0.01196	0.01391	0.00914	0.00607	0.00586	0.00182	0.00858	0.00482	0.00331	0.06257
39	0.00971	0.00692	0.00846	0.00805	0.00973	0.00658	0.00604	0.01345	0.05745	0.02478	0.53088	0.06342	0.11257	0.01276	0.00722	0.00201	0.00320	0.01112	0.09940	0.00625
40	0.01225	0.00950	0.03172	0.05377	0.03658	0.02502	0.00840	0.01588	0.07802	0.09235	0.14955	0.08604	0.25070	0.03223	0.00881	0.04082	0.00482	0.05093	0.00580	0.00682
41	0.01905	0.01797	0.09683	0.11231	0.12176	0.01692	0.15669	0.28849	0.02076	0.06416	0.01418	0.01632	0.01032	0.00671	0.00666	0.00203	0.00831	0.00610	0.00463	0.00981
42	0.01277	0.01412	0.10651	0.01662	0.05626	0.03185	0.16322	0.01663	0.01498	0.04402	0.22685	0.02851	0.02660	0.01521	0.11958	0.00339	0.06428	0.02653	0.00457	0.00752
43	0.01865	0.04161	0.26121	0.01844	0.09463	0.01673	0.03902	0.24605	0.10064	0.07620	0.01553	0.01629	0.01121	0.00701	0.00634	0.00200	0.00776	0.00568	0.00480	0.01020
44	0.00924	0.00687	0.01011	0.01011	0.01117	0.00793	0.00773	0.01136	0.01030	0.01480	0.01756	0.02677	0.01676	0.10800	0.68860	0.01005	0.01640	0.00713	0.00350	0.00562
45	0.07663	0.11170	0.05826	0.01517	0.07183	0.03571	0.05728	0.12676	0.16282	0.06958	0.10591	0.02223	0.04252	0.00811	0.00623	0.00196	0.00634	0.00669	0.00525	0.00902
46	0.00842	0.00614	0.00844	0.01034	0.03420	0.00582	0.00693	0.00983	0.01272	0.01695	0.03467	0.66920	0.04105	0.01950	0.00826	0.00264	0.00412	0.08939	0.00590	0.00549
47	0.01296	0.03342	0.73944	0.01842	0.02797	0.01501	0.02387	0.02046	0.01364	0.02046	0.01160	0.01364	0.00818	0.00614	0.00614	0.00205	0.00955	0.00477	0.00273	0.00955
48	0.00923	0.00692	0.01038	0.01038	0.01154	0.00808	0.00808	0.01154	0.01038	0.01500	0.01731	0.02538	0.01615	0.04846	0.74732	0.01038	0.01731	0.00692	0.00346	0.00577
49	0.79121	0.01269	0.00984	0.00872	0.01276	0.01469	0.00718	0.04284	0.01166	0.02939	0.00922	0.01067	0.00714	0.00606	0.00408	0.00200	0.00507	0.00358	0.00408	0.00714
50	0.01610	0.01887	0.17943	0.01899	0.11043	0.01577	0.07843	0.13971	0.21488	0.02570	0.03799	0.02141	0.03262	0.00799	0.00713	0.00212	0.03167	0.02630	0.00484	0.00961
51	0.01958	0.56509	0.04705	0.01196	0.01726	0.10885	0.01133	0.02180	0.01449	0.11392	0.01142	0.01219	0.00934	0.00601	0.00472	0.00152	0.00735	0.00399	0.00354	0.00860
52	0.01338	0.01040	0.01149	0.01047	0.01332	0.01111	0.00807	0.02373	0.36658	0.05890	0.21938	0.03651	0.14382	0.01109	0.00696	0.00212	0.00423	0.00940	0.03078	0.00828
53	0.00874	0.00614	0.00730	0.00782	0.00827	0.00588	0.00498	0.00948	0.01139	0.01499	0.05347	0.27914	0.10660	0.40070	0.02066	0.00441	0.00502	0.03539	0.00498	0.00465
54	0.01327	0.03136	0.65504	0.01883	0.02790	0.01515	0.07405	0.02110	0.04541	0.02077	0.01236	0.01439	0.00882	0.00621	0.00627	0.00206	0.00945	0.00510	0.00294	0.00952
55	0.00845	0.00663	0.00776	0.00818	0.00991	0.00593	0.00636	0.01050	0.01495	0.01889	0.14602	0.15004	0.40869	0.01672	0.00798	0.00238	0.00386	0.15500	0.00614	0.00562
56	0.01507	0.01688	0.03507	0.02552	0.03097	0.01691	0.59348	0.01984	0.01436	0.01984	0.01231	0.01688	0.00958	0.00642	0.00989	0.00229	0.13575	0.00730	0.00319	0.00844
57	0.01528	0.01540	0.09138	0.10930	0.27000	0.01400	0.08130	0.05822	0.08741	0.05803	0.07837	0.03760	0.03949	0.00767	0.00671	0.00205	0.00725	0.00707	0.00437	0.00913
58	0.12691	0.27219	0.11794	0.01384	0.03648	0.18148	0.01254	0.05705	0.02889	0.03614	0.01171	0.03474	0.00993	0.00779	0.02573	0.00198	0.00822	0.00466	0.00357	0.00824
59	0.02452	0.03902	0.01728	0.01355	0.03592	0.03579	0.01076	0.29726	0.02210	0.32714	0.01978	0.03802	0.01423	0.04532	0.00809	0.00219	0.02577	0.00646	0.00658	0.01020
60	0.00798	0.00648	0.00713	0.00732	0.00914	0.00555	0.00533	0.00965	0.01443	0.01801	0.10986	0.22211	0.49776	0.01667	0.00769	0.00224	0.00341	0.01428	0.00602	0.02893
61	0.03985	0.03222	0.02254	0.15743	0.27580	0.03888	0.07922	0.08202	0.08828	0.03771	0.01430	0.03304	0.01150	0.00689	0.00689	0.00202	0.03206	0.00616	0.00397	0.02921
62	0.06123	0.01605	0.09665	0.01777	0.15878	0.03164	0.03572	0.07428	0.05095	0.02318	0.01257	0.01457	0.01001	0.00570	0.00555	0.00152	0.00647	0.00476	0.00391	0.36869
63	0.71332	0.03469	0.01134	0.01017	0.03648	0.06780	0.00792	0.01952	0.01170	0.02741	0.00917	0.01075	0.00723	0.00603	0.00421	0.00196	0.00562	0.00362	0.00389	0.00717
64	0.01522	0.05172	0.02761	0.02195	0.08701	0.05823	0.36753	0.02066	0.08672	0.03815	0.03837	0.09765	0.01628	0.03323	0.00801	0.00226	0.00861	0.00830	0.00412	0.00837
65	0.04079	0.01469	0.02193	0.31788	0.35150	0.05855	0.01769	0.03937	0.03889	0.02001	0.01225	0.01631	0.00973	0.00626	0.00632	0.00201	0.00809	0.00564	0.00331	0.00879
66	0.01045	0.00677	0.00869	0.00808	0.00978	0.00626	0.00610	0.01347	0.01781	0.06173	0.61960	0.04441	0.05405	0.01235	0.00724	0.00198	0.00317	0.01083	0.09091	0.00634
67	0.00804	0.00581	0.00761	0.00875	0.00938	0.00538	0.00596	0.00947	0.01334	0.01789	0.13660	0.62974	0.08001	0.01904	0.00813	0.00252	0.00362	0.01717	0.00616	0.00538
68	0.00786	0.00647	0.00692	0.00698	0.00891	0.00552	0.00517	0.00964	0.01500	0.01852	0.15290	0.12435	0.57681	0.01629	0.00769	0.00220	0.00329	0.01380	0.00615	0.00552
69	0.00911	0.00689	0.00844	0.00805	0.00977	0.00639	0.00603	0.01250	0.04885	0.02398	0.54317	0.06759	0.19749	0.01384	0.00759	0.00208	0.00320	0.01206	0.00683	0.00613
70	0.01727	0.77681	0.03386	0.01106	0.01658	0.02557	0.01106	0.01935	0.01313	0.01520	0.00898	0.01036	0.00829	0.00553	0.00415	0.00138	0.00691	0.00345	0.00276	0.00829
71	0.01727	0.77681	0.03386	0.01106	0.01658	0.02557	0.01106	0.01935	0.01313	0.01520	0.00898	0.01036	0.00829	0.00553	0.00415	0.00138	0.00691	0.00345	0.00276	0.00829
72	0.00797	0.00570	0.00758	0.00893	0.00939	0.00531	0.00601	0.00923	0.01281	0.01719	0.08701	0.71532	0.04409	0.01972	0.00820	0.00258	0.00370	0.01787	0.00608	0.00531
73	0.00791	0.00580	0.00744	0.00873	0.00939	0.00534	0.00596	0.00915	0.01277	0.01671	0.03982	0.64979	0.14027	0.01963	0.00818	0.00257	0.00374	0.03552	0.00600	0.00530
74	0.02899	0.01100	0.01499	0.01150	0.01649	0.00950	0.00950	0.03149	0.01849	0.73709	0.02549	0.02199	0.01599	0.00800	0.00650	0.00200	0.00550	0.00650	0.00800	0.01100
75	0.01607	0.01388	0.01461	0.01315	0.01680	0.01607	0.01023	0.03433	0.72094	0.02703	0.02630	0.02411	0.01972	0.00877	0.00657	0.00219	0.00511	0.00731	0.00657	0.01023
76	0.81856	0.01250	0.00950	0.00850	0.01250	0.01449	0.00700	0.01899	0.01100	0.02899	0.00900	0.01050	0.00700	0.00600	0.00400	0.00200	0.00500	0.00350	0.00400	0.00700
77	0.81856	0.01250	0.00950	0.00850	0.01250	0.01449	0.00700	0.01899	0.01100	0.02899	0.00900	0.01050	0.00700	0.00600	0.00400	0.00200	0.00500	0.00350	0.00400	0.00700
78	0.02142	0.01654	0.01762	0.01423	0.01884	0.01857	0.01152	0.46064	0.28593	0.03565	0.01950	0.01869	0.01422	0.00813	0.00650	0.00203	0.00637	0.00637	0.00650	0.01071
79	0.01025	0.00682	0.00885	0.00968	0.01113	0.00634	0.00754	0.01220	0.01414	0.07105	0.04026	0.33871	0.17412	0.01776	0.00823	0.00261	0.00453	0.24369	0.00613	0.00595
80	0.06496	0.06975	0.14962	0.06505	0.19805	0.05896	0.01500	0.05148	0.03378	0.11114	0.04839	0.05381	0.01444	0.00747	0.00613	0.00195	0.00720	0.00622	0.02761	0.00900
81	0.05563	0.01105	0.01481	0.01139	0.01636	0.00967	0.00941	0.03107	0.01824	0.71320	0.02493	0.02160	0.01569	0.00793	0.00641	0.00200	0.00548	0.00640	0.00786	0.01086
82	0.02617	0.01131	0.01460	0.01146	0.01615	0.01032	0.00938	0.07068	0.07178	0.58870	0.02792	0.02474	0.06889	0.00866	0.00659	0.00202	0.00540	0.00705	0.00765	0.01053
83	0.01386	0.01112	0.05154	0.00955	0.01252	0.05889	0.00790	0.01842	0.10150	0.11167	0.12108	0.03627	0.22491	0.01194	0.02667	0.00219	0.00501	0.00894	0.15872	0.00730
84	0.01665	0.09617	0.21526	0.02515	0.25593	0.07041	0.11383	0.03916	0.03396	0.05433	0.01275	0.01518	0.00984	0.00610	0.00625	0.00193	0.00865	0.00549	0.00345	0.00950
85	0.00787	0.00562	0.00750	0.00900	0.00937	0.00525	0.00600	0.00900	0.01237	0.01649	0.03561	0.76871	0.04274	0.02024	0.00825	0.00262	0.00375	0.01837	0.00600	0.00525
86	0.00835	0.00629	0.00774	0.00808	0.00941	0.00568	0.00586	0.01039	0.01529	0.02034	0.30157	0.28608	0.23876	0.01649	0.00787	0.00229	0.00342	0.03401	0.00641	0.00564
87	0.03520	0.01830	0.14836	0.16765	0.23976	0.03703	0.10058	0.04469	0.08444	0.02121	0.01331	0.01646	0.01029	0.00647	0.00686	0.00206	0.02883	0.00586	0.00352	0.00912
88	0.04404	0.01578	0.02479	0.06080	0.26832	0.01630	0.16563	0.19520	0.05404	0.04889	0.01441	0.01732	0.01114	0.02560	0.00728	0.00212	0.00796	0.00630	0.00439	0.00971
89	0.01674	0.00897	0.01104	0.00984	0.01255	0.00857	0.00756	0.09277	0.03523	0.23265	0.11099	0.23006	0.06773	0.01233	0.00691	0.00212	0.00445	0.01061	0.11098	0.00789
90	0.65458	0.03723	0.07317	0.01125	0.03955	0.03502	0.02974	0.01939	0.01173	0.02700	0.00947	0.01118	0.00737	0.00599	0.00442	0.00198	0.00588	0.00382	0.00379	0.00742
91	0.40539	0.01105	0.01129	0.00954	0.01355	0.01140	0.00783	0.02257	0.01448	0.28795	0.05688	0.02098	0.03939	0.00791	0.00541	0.00202	0.00499	0.02768	0.03139	0.00830
92	0.03817	0.13687	0.22168	0.01436	0.01985	0.07135	0.06597	0.06435	0.08700	0.02195	0.10948	0.02323	0.08256	0.00824	0.00625	0.00194	0.00726	0.00672	0.00435	0.00840
93	0.00903	0.00660	0.00847	0.00801	0.00958	0.00605	0.00600	0.01197	0.01801	0.02525	0.67752	0.04935	0.11307	0.01346	0.00762	0.00204	0.00307	0.01184	0.00703	0.00605
94	0.01166	0.01130	0.09723	0.01024	0.01302	0.02956	0.00893	0.03645	0.01665	0.07032	0.35473	0.13024	0.13322	0.01288	0.00781	0.00214	0.02967	0.01099	0.00609	0.00688
95	0.28630	0.05786	0.30846	0.03419	0.02263	0.01544	0.10179	0.02007	0.01296	0.04706	0.01115	0.01328	0.00827	0.00620	0.00596	0.00204	0.02975	0.00474	0.00341	0.00844
96	0.01446	0.02545	0.00940	0.00818	0.01042	0.04301	0.00638	0.09015	0.01561	0.05824	0.02162	0.02399	0.04726	0.01092	0.06006	0.00227	0.00513	0.00629	0.53429	0.00686
97	0.01041	0.00835	0.06242	0.00957	0.01119	0.00652	0.00741	0.01220	0.01332	0.08369	0.08253	0.49228	0.07377	0.08244	0.00998	0.00277	0.00448	0.01476	0.00584	0.00605
98	0.01088	0.00866	0.00929	0.00870	0.01038	0.06131	0.00639	0.01369	0.03487	0.04243	0.48964	0.04473	0.11094	0.10751	0.01058	0.00255	0.00423	0.01076	0.00634	0.00611
99	0.06825	0.00698	0.00751	0.00731	0.00934	0.00634	0.00550	0.01098	0.01559	0.02115	0.28603	0.07649	0.42665	0.01465	0.00738	0.00213	0.00334	0.01237	0.00623	0.00578
100	0.00933	0.00887	0.06271	0.00997	0.01226	0.00704	0.00882	0.01204	0.01480	0.01896	0.08770	0.10353	0.29626	0.01628	0.00811	0.00253	0.00490	0.30407	0.00581	0.00600
101	0.01366	0.03211	0.65316	0.01899	0.02802	0.04993	0.07412	0.02073	0.01398	0.02026	0.01163	0.01383	0.00831	0.00611	0.00623	0.00204	0.00975	0.00496	0.00280	0.00939
102	0.00793	0.00570	0.00755	0.00900	0.00946	0.00531	0.00609	0.00912	0.01251	0.01660	0.03647	0.72857	0.06322	0.02006	0.00825	0.00262	0.00379	0.03646	0.00600	0.00527
103	0.07446	0.01421	0.07405	0.01633	0.13081	0.03803	0.01172	0.09029	0.16118	0.03890	0.15107	0.05245	0.02457	0.04575	0.00792	0.00230	0.00599	0.04617	0.00535	0.00846
104	0.13022	0.15959	0.07694	0.01170	0.01590	0.01552	0.01049	0.14932	0.06957	0.06352	0.06854	0.03772	0.01671	0.04786	0.08212	0.00298	0.00733	0.02092	0.00479	0.00827
105	0.00799	0.00567	0.00746	0.00885	0.00920	0.00532	0.00584	0.00903	0.01215	0.01620	0.03448	0.71487	0.04131	0.07602	0.01007	0.00289	0.00394	0.01770	0.00584	0.00515
106	0.09510	0.05283	0.09274	0.08308	0.24106	0.19180	0.01576	0.09540	0.01647	0.02188	0.01136	0.01395	0.00908	0.00644	0.00629	0.00190	0.02745	0.00496	0.00356	0.00887
107	0.73716	0.01238	0.01038	0.06408	0.01498	0.01435	0.00788	0.01915	0.01134	0.04748	0.00963	0.01131	0.00736	0.00609	0.00425	0.00201	0.00528	0.00375	0.00402	0.00712
108	0.07179	0.01238	0.05233	0.63314	0.03974	0.01400	0.01683	0.01656	0.01289	0.01766	0.01372	0.01857	0.04075	0.00685	0.00631	0.00214	0.00815	0.00588	0.00309	0.00720
109	0.10088	0.15515	0.18851	0.01914	0.15766	0.08052	0.01553	0.04016	0.03736	0.07453	0.01224	0.01407	0.00955	0.00663	0.00672	0.00192	0.06195	0.00485	0.00364	0.00901
110	0.04397	0.01755	0.02253	0.08354	0.44333	0.15690	0.01696	0.02004	0.01472	0.01945	0.01209	0.03993	0.01059	0.00688	0.00737	0.00198	0.06413	0.00578	0.00329	0.00897
111	0.00854	0.00676	0.00765	0.00821	0.00934	0.02523	0.00572	0.01005	0.01390	0.01791	0.14921	0.37904	0.24244	0.07345	0.00974	0.00265	0.00390	0.01493	0.00594	0.00540
112	0.05837	0.10612	0.14289	0.04943	0.08002	0.08937	0.03271	0.11871	0.08436	0.02331	0.01303	0.01459	0.01013	0.00633	0.00570	0.00174	0.00748	0.00493	0.00400	0.14679

[dist]
# distance from previous block
# <min> <max>
1	13

[block]
# block no. 3 follows, 34 sequences, length 8
# corresponding to MSA columns:
# 711-718
name=unknown_D
#
# <colnr> <probs for GDERKNQSTAVLIFYWHMCP>
#	G	D	E	R	K	N	Q	S	T	A	V	L	I	F	Y	W	H	M	C	P
0	0.01784	0.10092	0.05402	0.01429	0.08119	0.10448	0.01100	0.03867	0.04418	0.11507	0.01364	0.01471	0.01056	0.00592	0.00540	0.00145	0.00654	0.00459	0.00427	0.35127
1	0.00970	0.01005	0.10468	0.00915	0.01177	0.00717	0.00816	0.01311	0.01664	0.02375	0.47107	0.06836	0.12421	0.01236	0.00717	0.00202	0.00395	0.01071	0.07953	0.00644
2	0.01345	0.01316	0.01450	0.01321	0.01424	0.11019	0.01040	0.01574	0.04586	0.01631	0.01933	0.06292	0.07596	0.09941	0.09287	0.00372	0.31340	0.03585	0.02295	0.00649
3	0.12900	0.01663	0.01751	0.01355	0.01859	0.01812	0.01117	0.54574	0.02623	0.07045	0.01487	0.01502	0.01061	0.00735	0.00604	0.00189	0.00661	0.00542	0.00605	0.05914
4	0.00830	0.00599	0.00756	0.00850	0.00917	0.00560	0.00579	0.00958	0.01285	0.01701	0.09991	0.48637	0.11730	0.12928	0.01176	0.00307	0.00410	0.04687	0.00579	0.00519
5	0.00912	0.00732	0.00817	0.00820	0.01001	0.00695	0.00599	0.01301	0.10791	0.01969	0.16020	0.20045	0.35599	0.04666	0.00866	0.00242	0.00370	0.01329	0.00617	0.00608
6	0.12195	0.08681	0.08380	0.02378	0.15514	0.01680	0.31680	0.04947	0.04379	0.02244	0.01252	0.01551	0.00970	0.00587	0.00640	0.00202	0.00867	0.00605	0.00353	0.00895
7	0.00927	0.00676	0.00957	0.00957	0.01045	0.00764	0.00707	0.01102	0.01014	0.01440	0.01805	0.02949	0.01793	0.22431	0.57390	0.00938	0.01463	0.00752	0.00357	0.00532

[dist]
# distance from previous block
# <min> <max>
0	328

# created by:
# /home/cegg/simao/soft/augustus-3.2.1/scripts/msa2prfl.pl ./align_prep/EOG090W0EVR.fa
