[name]
unknown

[dist]
# distance from previous block
# <min> <max>
4	59

[block]
# block no. 0 follows, 29 sequences, length 39
# corresponding to MSA columns:
# 63-101
name=unknown_A
#
# <colnr> <probs for GDERKNQSTAVLIFYWHMCP>
#	G	D	E	R	K	N	Q	S	T	A	V	L	I	F	Y	W	H	M	C	P
0	0.01765	0.26324	0.18949	0.05267	0.04876	0.05326	0.01551	0.09148	0.01703	0.04387	0.01746	0.08071	0.03859	0.03226	0.00731	0.00219	0.00820	0.00684	0.00419	0.00930
1	0.07417	0.08554	0.04026	0.01537	0.05328	0.15442	0.01201	0.08023	0.05489	0.13617	0.04512	0.05359	0.09170	0.00998	0.00801	0.00219	0.06082	0.00753	0.00551	0.00922
2	0.01251	0.01568	0.19167	0.03565	0.01791	0.01030	0.01255	0.01732	0.05444	0.05671	0.07022	0.18722	0.14310	0.01687	0.06949	0.00317	0.00729	0.01116	0.03962	0.02712
3	0.01106	0.00938	0.03158	0.00976	0.01154	0.04355	0.00727	0.01292	0.01526	0.04753	0.11609	0.28546	0.22053	0.10276	0.03928	0.00337	0.00553	0.01456	0.00620	0.00634
4	0.01495	0.10634	0.59299	0.02026	0.03009	0.01780	0.07660	0.02245	0.01512	0.02200	0.01262	0.01501	0.00917	0.00664	0.00668	0.00219	0.01035	0.00537	0.00306	0.01031
5	0.01644	0.34092	0.38833	0.01738	0.02584	0.02157	0.05651	0.02204	0.01489	0.02010	0.01164	0.01373	0.00917	0.00644	0.00592	0.00195	0.00937	0.00482	0.00306	0.00988
6	0.02137	0.53230	0.03204	0.01408	0.01943	0.24157	0.01267	0.02351	0.01623	0.01696	0.01024	0.01186	0.00915	0.00648	0.00514	0.00162	0.00922	0.00405	0.00324	0.00887
7	0.01012	0.00748	0.01088	0.01096	0.01205	0.00852	0.00828	0.01231	0.01144	0.01632	0.02048	0.06692	0.02019	0.12807	0.60981	0.01051	0.01697	0.00858	0.00401	0.00610
8	0.01017	0.00763	0.01144	0.01144	0.01272	0.00890	0.00890	0.01272	0.01144	0.01653	0.01907	0.02797	0.01780	0.05340	0.72153	0.01144	0.01907	0.00763	0.00381	0.00636
9	0.02327	0.01521	0.01913	0.01550	0.02047	0.01600	0.06922	0.11524	0.34081	0.24520	0.02597	0.02402	0.01830	0.00894	0.00730	0.00231	0.00659	0.00760	0.00741	0.01150
10	0.01061	0.00733	0.00839	0.00845	0.00875	0.00747	0.00505	0.01192	0.04848	0.01516	0.02415	0.10543	0.02723	0.62286	0.05473	0.00646	0.00699	0.01100	0.00466	0.00489
11	0.00868	0.00620	0.00826	0.00991	0.01033	0.00578	0.00661	0.00991	0.01363	0.01818	0.03925	0.74510	0.04710	0.02231	0.00909	0.00289	0.00413	0.02024	0.00661	0.00578
12	0.02660	0.03394	0.02018	0.01834	0.02201	0.72116	0.01376	0.02843	0.02018	0.01743	0.01101	0.01284	0.00917	0.00734	0.00642	0.00183	0.01284	0.00459	0.00367	0.00825
13	0.00916	0.00691	0.00847	0.00879	0.01026	0.00622	0.00632	0.01140	0.01693	0.02259	0.31119	0.28487	0.23482	0.01806	0.00863	0.00250	0.00368	0.01589	0.00710	0.00622
14	0.01794	0.01365	0.01585	0.01155	0.01772	0.01136	0.00933	0.11372	0.01789	0.08309	0.01456	0.01588	0.01135	0.00603	0.00569	0.00130	0.00570	0.00477	0.00501	0.61758
15	0.01466	0.01390	0.02355	0.53210	0.24008	0.01614	0.02038	0.01926	0.01481	0.01967	0.01287	0.01859	0.01001	0.00689	0.00710	0.00230	0.00919	0.00633	0.00327	0.00889
16	0.02118	0.33822	0.10924	0.01551	0.02117	0.24317	0.01435	0.06173	0.07615	0.02034	0.01264	0.01392	0.01039	0.00701	0.00578	0.00182	0.00944	0.00474	0.00383	0.00937
17	0.03195	0.01212	0.01652	0.01267	0.01818	0.01047	0.01047	0.03470	0.02038	0.71026	0.02809	0.02424	0.01763	0.00881	0.00716	0.00220	0.00606	0.00716	0.00881	0.01212
18	0.02030	0.01665	0.01812	0.01629	0.04945	0.01889	0.01236	0.21545	0.48045	0.03368	0.02501	0.02355	0.01861	0.00921	0.00720	0.00233	0.00637	0.00752	0.00705	0.01150
19	0.04002	0.01432	0.01936	0.01684	0.07835	0.03795	0.09147	0.02479	0.10622	0.16317	0.05254	0.05067	0.01767	0.00801	0.00677	0.00191	0.00671	0.00709	0.00567	0.25046
20	0.01484	0.12124	0.63335	0.01934	0.02934	0.01791	0.02465	0.02241	0.01497	0.02187	0.01244	0.01461	0.00903	0.00669	0.00651	0.00217	0.01018	0.00509	0.00301	0.01036
21	0.01526	0.07353	0.48739	0.02252	0.03187	0.01762	0.20687	0.02255	0.01549	0.02229	0.01306	0.01598	0.00952	0.00651	0.00709	0.00225	0.01077	0.00605	0.00317	0.01019
22	0.00848	0.00722	0.00730	0.00728	0.00966	0.00604	0.00546	0.01034	0.01638	0.01960	0.09640	0.06794	0.67795	0.01790	0.00842	0.00240	0.00360	0.01495	0.00666	0.00604
23	0.02470	0.02633	0.02125	0.01798	0.02226	0.37890	0.04776	0.20929	0.09946	0.02668	0.01482	0.01603	0.01150	0.00811	0.00761	0.00207	0.04477	0.00576	0.00500	0.00971
24	0.02446	0.02484	0.02214	0.01954	0.06051	0.34716	0.07923	0.15004	0.07085	0.08226	0.01563	0.01700	0.01192	0.00925	0.03138	0.00236	0.01070	0.00597	0.00500	0.00975
25	0.03174	0.01245	0.01673	0.01283	0.01834	0.01095	0.01059	0.06193	0.02093	0.68226	0.02763	0.02394	0.01739	0.00880	0.00716	0.00220	0.00613	0.00713	0.00874	0.01212
26	0.01018	0.00759	0.01127	0.01127	0.01248	0.00881	0.00868	0.01260	0.01139	0.01640	0.01923	0.02885	0.01818	0.08628	0.68918	0.01123	0.01850	0.00776	0.00384	0.00626
27	0.01380	0.01302	0.02200	0.67435	0.10456	0.01591	0.01995	0.01850	0.01441	0.01862	0.01272	0.01887	0.00964	0.00705	0.00711	0.00235	0.00940	0.00633	0.00319	0.00820
28	0.01612	0.01602	0.02235	0.41157	0.18061	0.08456	0.01859	0.02181	0.08102	0.02026	0.01407	0.01867	0.01102	0.00750	0.00789	0.00231	0.04665	0.00633	0.00368	0.00898
29	0.01201	0.01100	0.01757	0.01519	0.01748	0.04047	0.18136	0.01435	0.01419	0.01859	0.02812	0.35837	0.03152	0.16367	0.01429	0.00354	0.00721	0.03922	0.00524	0.00662
30	0.02707	0.01995	0.02137	0.01638	0.02208	0.02208	0.01353	0.68159	0.03348	0.04488	0.01710	0.01710	0.01211	0.00855	0.00712	0.00214	0.00784	0.00641	0.00712	0.01211
31	0.01423	0.01346	0.02277	0.60347	0.17209	0.01603	0.02016	0.01888	0.01461	0.01914	0.01279	0.01873	0.00983	0.00697	0.00711	0.00232	0.00930	0.00633	0.00323	0.00854
32	0.01032	0.00721	0.00868	0.00938	0.01106	0.00656	0.00711	0.01235	0.01547	0.04659	0.04976	0.29026	0.28845	0.01874	0.00862	0.00267	0.00441	0.13609	0.05996	0.00632
33	0.01020	0.00750	0.01081	0.01081	0.01186	0.00856	0.00811	0.01231	0.01126	0.01606	0.01965	0.03119	0.01920	0.17384	0.60301	0.01066	0.01697	0.00810	0.00390	0.00600
34	0.01558	0.01558	0.02181	0.01869	0.01869	0.02181	0.01558	0.01714	0.01091	0.01714	0.00935	0.01558	0.00935	0.01246	0.02337	0.00312	0.73672	0.00623	0.00312	0.00779
35	0.01477	0.01266	0.01477	0.01055	0.01687	0.00949	0.00844	0.01793	0.01477	0.02320	0.01266	0.01477	0.01055	0.00527	0.00527	0.00105	0.00527	0.00422	0.00422	0.79328
36	0.01904	0.75404	0.03731	0.01218	0.01828	0.02818	0.01218	0.02132	0.01447	0.01675	0.00990	0.01142	0.00914	0.00609	0.00457	0.00152	0.00761	0.00381	0.00305	0.00914
37	0.01762	0.01692	0.02890	0.04371	0.70533	0.01692	0.02185	0.02185	0.01621	0.02326	0.01339	0.01762	0.01128	0.00634	0.00705	0.00211	0.00846	0.00634	0.00352	0.01128
38	0.01558	0.01558	0.02181	0.01869	0.01869	0.02181	0.01558	0.01714	0.01091	0.01714	0.00935	0.01558	0.00935	0.01246	0.02337	0.00312	0.73672	0.00623	0.00312	0.00779

[dist]
# distance from previous block
# <min> <max>
0	1

[block]
# block no. 1 follows, 29 sequences, length 42
# corresponding to MSA columns:
# 103-144
name=unknown_B
#
# <colnr> <probs for GDERKNQSTAVLIFYWHMCP>
#	G	D	E	R	K	N	Q	S	T	A	V	L	I	F	Y	W	H	M	C	P
0	0.03827	0.01174	0.01282	0.01211	0.01505	0.01288	0.00926	0.02628	0.38719	0.02672	0.13446	0.13911	0.09722	0.01324	0.00779	0.00248	0.00491	0.03236	0.00707	0.00904
1	0.01903	0.64824	0.09776	0.01327	0.01963	0.06618	0.01356	0.02183	0.01484	0.01732	0.01022	0.01183	0.00913	0.00622	0.00487	0.00161	0.00817	0.00398	0.00308	0.00921
2	0.06504	0.01165	0.01359	0.01043	0.01565	0.00941	0.00823	0.01828	0.01540	0.07518	0.07769	0.08161	0.01912	0.00792	0.00597	0.00148	0.00508	0.00657	0.00510	0.54658
3	0.01756	0.08106	0.23572	0.07023	0.02313	0.04557	0.01568	0.02388	0.08783	0.14168	0.09052	0.05687	0.06100	0.00956	0.00708	0.00223	0.00761	0.00782	0.00536	0.00960
4	0.01746	0.01624	0.01916	0.02171	0.18786	0.11748	0.03584	0.14202	0.01897	0.02445	0.02275	0.27313	0.02367	0.01271	0.00825	0.00239	0.03067	0.01106	0.00530	0.00889
5	0.01755	0.01714	0.03014	0.04241	0.64216	0.01702	0.08403	0.02194	0.01627	0.02322	0.01349	0.01777	0.01123	0.00631	0.00718	0.00214	0.00879	0.00654	0.00353	0.01112
6	0.04074	0.01835	0.08387	0.05939	0.49111	0.01725	0.07377	0.02197	0.03431	0.02305	0.01346	0.01751	0.01105	0.00688	0.00813	0.00223	0.05631	0.00639	0.00358	0.01064
7	0.01648	0.23133	0.20170	0.02449	0.24936	0.01873	0.01838	0.02045	0.01477	0.02013	0.01296	0.01770	0.01120	0.00857	0.00833	0.07678	0.00846	0.02733	0.00332	0.00954
8	0.03195	0.01212	0.01652	0.01267	0.01818	0.01047	0.01047	0.03470	0.02038	0.71026	0.02809	0.02424	0.01763	0.00881	0.00716	0.00220	0.00606	0.00716	0.00881	0.01212
9	0.01449	0.06835	0.68317	0.01994	0.03027	0.01705	0.02569	0.02250	0.01501	0.02230	0.01265	0.01487	0.00903	0.00674	0.00667	0.00222	0.01040	0.00520	0.00301	0.01046
10	0.01094	0.01008	0.03466	0.01236	0.01510	0.00895	0.09299	0.01512	0.06650	0.02245	0.18468	0.20281	0.22529	0.01584	0.00851	0.00252	0.00527	0.05239	0.00642	0.00713
11	0.00925	0.00676	0.00883	0.01027	0.01120	0.00634	0.00752	0.01101	0.01456	0.01899	0.04306	0.51513	0.12850	0.02120	0.00917	0.00291	0.00459	0.15813	0.00660	0.00598
12	0.01036	0.00690	0.00777	0.00777	0.00777	0.00690	0.00431	0.01036	0.01036	0.01381	0.02244	0.04660	0.02589	0.74975	0.03624	0.00690	0.00690	0.01036	0.00431	0.00431
13	0.02589	0.03239	0.02183	0.01914	0.02314	0.64609	0.06292	0.04963	0.02037	0.01873	0.01146	0.01345	0.00939	0.00728	0.00659	0.00189	0.01261	0.00493	0.00378	0.00848
14	0.01545	0.01470	0.02497	0.40238	0.36365	0.01635	0.02077	0.01995	0.01519	0.02062	0.01301	0.01833	0.01035	0.00675	0.00709	0.00225	0.00900	0.00634	0.00334	0.00953
15	0.01571	0.01348	0.01422	0.01294	0.01657	0.01512	0.01002	0.03180	0.54077	0.02789	0.07036	0.03522	0.14266	0.01137	0.00751	0.00240	0.00517	0.00951	0.00717	0.01013
16	0.01852	0.01861	0.02804	0.04118	0.63737	0.08696	0.02105	0.02251	0.01661	0.02268	0.01316	0.01715	0.01107	0.00644	0.00699	0.00209	0.00890	0.00617	0.00354	0.01098
17	0.01569	0.01628	0.08846	0.12774	0.39820	0.01473	0.01894	0.01996	0.01563	0.04433	0.01991	0.02477	0.07191	0.01145	0.06001	0.00291	0.00903	0.02625	0.00398	0.00982
18	0.03195	0.01212	0.01652	0.01267	0.01818	0.01047	0.01047	0.03470	0.02038	0.71026	0.02809	0.02424	0.01763	0.00881	0.00716	0.00220	0.00606	0.00716	0.00881	0.01212
19	0.01064	0.00831	0.01234	0.01207	0.01323	0.01001	0.00948	0.01310	0.01140	0.01658	0.01824	0.02691	0.01707	0.04988	0.66141	0.01073	0.08088	0.00751	0.00375	0.00648
20	0.01579	0.03284	0.56335	0.02249	0.09156	0.01711	0.05194	0.07925	0.01680	0.02455	0.01327	0.01562	0.00957	0.00685	0.00689	0.00224	0.01017	0.00559	0.00343	0.01069
21	0.01008	0.00728	0.00952	0.00896	0.01064	0.00672	0.00672	0.01344	0.02016	0.02855	0.70158	0.05319	0.06719	0.01456	0.00840	0.00224	0.00336	0.01288	0.00784	0.00672
22	0.00868	0.00620	0.00826	0.00991	0.01033	0.00578	0.00661	0.00991	0.01363	0.01818	0.03925	0.74510	0.04710	0.02231	0.00909	0.00289	0.00413	0.02024	0.00661	0.00578
23	0.02419	0.01888	0.02110	0.04303	0.09638	0.04261	0.01406	0.51675	0.02925	0.03884	0.02041	0.02088	0.06283	0.00892	0.00719	0.00215	0.00781	0.00698	0.00645	0.01130
24	0.01994	0.66820	0.03527	0.01292	0.01872	0.11078	0.01237	0.02217	0.01515	0.01683	0.01003	0.01159	0.00914	0.00624	0.00479	0.00156	0.00824	0.00390	0.00312	0.00903
25	0.01618	0.03639	0.08933	0.01211	0.01839	0.01175	0.01083	0.08144	0.01721	0.04876	0.07286	0.01855	0.01561	0.00668	0.00592	0.00144	0.00600	0.00537	0.00480	0.52038
26	0.01510	0.01692	0.08110	0.01850	0.01977	0.02011	0.03828	0.01752	0.01214	0.01864	0.06094	0.01843	0.01364	0.01191	0.02033	0.00295	0.59553	0.00671	0.00347	0.00801
27	0.01694	0.01793	0.03566	0.07548	0.30169	0.01745	0.38220	0.02217	0.01643	0.02273	0.01391	0.01857	0.01092	0.00620	0.00780	0.00229	0.01046	0.00747	0.00355	0.01017
28	0.01362	0.01283	0.02167	0.70402	0.07631	0.01587	0.01986	0.01835	0.01432	0.01840	0.01269	0.01893	0.00957	0.00709	0.00712	0.00236	0.00945	0.00633	0.00318	0.00805
29	0.03153	0.01279	0.01694	0.01299	0.01851	0.01147	0.01073	0.09041	0.02151	0.65296	0.02715	0.02362	0.01715	0.00879	0.00716	0.00220	0.00621	0.00710	0.00867	0.01212
30	0.00842	0.00721	0.00721	0.00721	0.00962	0.00601	0.00541	0.01022	0.01623	0.01924	0.07213	0.06853	0.70244	0.01803	0.00842	0.00240	0.00361	0.01503	0.00661	0.00601
31	0.01018	0.00761	0.01132	0.01132	0.01255	0.00883	0.00875	0.01264	0.01141	0.01644	0.01918	0.02859	0.01807	0.07650	0.69880	0.01129	0.01867	0.00772	0.00383	0.00629
32	0.01904	0.75404	0.03731	0.01218	0.01828	0.02818	0.01218	0.02132	0.01447	0.01675	0.00990	0.01142	0.00914	0.00609	0.00457	0.00152	0.00761	0.00381	0.00305	0.00914
33	0.02325	0.01882	0.01866	0.01535	0.01995	0.08742	0.01226	0.41859	0.15270	0.03650	0.02083	0.08145	0.01683	0.00981	0.00718	0.00221	0.00745	0.00774	0.03216	0.01086
34	0.00929	0.00675	0.00891	0.00956	0.01059	0.00637	0.00677	0.01143	0.01599	0.02193	0.28347	0.40722	0.08115	0.02156	0.06143	0.00326	0.00493	0.01637	0.00686	0.00618
35	0.80005	0.01377	0.01047	0.00936	0.01377	0.01597	0.00771	0.02093	0.01212	0.03195	0.00991	0.01157	0.00771	0.00661	0.00441	0.00220	0.00551	0.00386	0.00441	0.00771
36	0.01350	0.01490	0.09486	0.01576	0.08159	0.05189	0.03349	0.02009	0.13782	0.02409	0.18821	0.09232	0.14280	0.01273	0.00789	0.00237	0.00616	0.04509	0.00603	0.00839
37	0.01666	0.01594	0.02717	0.20227	0.55428	0.01667	0.02138	0.02101	0.01576	0.02210	0.01322	0.01794	0.01087	0.00652	0.00707	0.00217	0.00870	0.00634	0.00344	0.01050
38	0.74295	0.01423	0.01127	0.00988	0.01438	0.01643	0.00814	0.06973	0.01370	0.03290	0.01045	0.01198	0.00804	0.00675	0.00461	0.00220	0.00568	0.00404	0.00461	0.00804
39	0.00868	0.00620	0.00826	0.00991	0.01033	0.00578	0.00661	0.00991	0.01363	0.01818	0.03925	0.74510	0.04710	0.02231	0.00909	0.00289	0.00413	0.02024	0.00661	0.00578
40	0.01507	0.02914	0.45339	0.09128	0.14547	0.01671	0.10453	0.02206	0.01537	0.02230	0.01307	0.01634	0.00966	0.00664	0.00704	0.00226	0.01027	0.00592	0.00318	0.01030
41	0.01796	0.01586	0.06698	0.01424	0.01865	0.01596	0.01188	0.03413	0.52099	0.08774	0.09130	0.02803	0.02474	0.00984	0.00731	0.00237	0.00582	0.00822	0.00712	0.01086

[dist]
# distance from previous block
# <min> <max>
0	4

[block]
# block no. 2 follows, 29 sequences, length 56
# corresponding to MSA columns:
# 149-204
name=unknown_C
#
# <colnr> <probs for GDERKNQSTAVLIFYWHMCP>
#	G	D	E	R	K	N	Q	S	T	A	V	L	I	F	Y	W	H	M	C	P
0	0.01576	0.24866	0.45643	0.01881	0.06220	0.01976	0.02134	0.02190	0.01507	0.02102	0.03056	0.01513	0.01075	0.00675	0.00617	0.00203	0.00935	0.00509	0.00318	0.01005
1	0.72907	0.01426	0.01332	0.01124	0.01590	0.01616	0.06858	0.02110	0.01254	0.03112	0.01032	0.01226	0.00799	0.00655	0.00477	0.00222	0.00610	0.00427	0.00433	0.00788
2	0.01219	0.00618	0.00923	0.00931	0.00933	0.00616	0.00621	0.00931	0.00949	0.01265	0.01368	0.05688	0.01406	0.02462	0.02692	0.75435	0.00608	0.00687	0.00326	0.00322
3	0.01588	0.03459	0.64976	0.01960	0.02967	0.01599	0.02487	0.02365	0.01552	0.08487	0.01417	0.01587	0.00980	0.00695	0.00680	0.00225	0.01012	0.00543	0.00353	0.01067
4	0.00890	0.00699	0.00805	0.00829	0.01004	0.00614	0.00602	0.01098	0.01664	0.02138	0.22614	0.22129	0.38754	0.01813	0.00857	0.00248	0.00366	0.01568	0.00693	0.00614
5	0.00980	0.00733	0.00915	0.00901	0.01082	0.00668	0.00690	0.01273	0.01868	0.02537	0.46988	0.07926	0.21010	0.01610	0.00857	0.00240	0.00377	0.07955	0.00739	0.00651
6	0.01523	0.01713	0.06475	0.02316	0.02764	0.01699	0.36958	0.01946	0.01482	0.02083	0.05142	0.04790	0.01583	0.06567	0.01421	0.00293	0.19159	0.00852	0.00384	0.00850
7	0.01345	0.01266	0.02136	0.73264	0.04904	0.01582	0.01978	0.01819	0.01424	0.01819	0.01266	0.01898	0.00949	0.00712	0.00712	0.00237	0.00949	0.00633	0.00316	0.00791
8	0.01744	0.01540	0.01811	0.05531	0.06108	0.01757	0.03766	0.03528	0.59089	0.02852	0.02664	0.02536	0.02005	0.00919	0.00727	0.00239	0.00625	0.00787	0.00667	0.01103
9	0.01686	0.01494	0.02547	0.20435	0.40910	0.01554	0.05452	0.02113	0.01603	0.06207	0.01633	0.02410	0.01389	0.00787	0.00740	0.00230	0.00858	0.06549	0.00403	0.01000
10	0.01826	0.01557	0.01641	0.01460	0.01873	0.01797	0.01140	0.07553	0.65388	0.03067	0.02829	0.02601	0.02117	0.00960	0.00724	0.00240	0.00576	0.00795	0.00724	0.01132
11	0.01477	0.01266	0.01477	0.01055	0.01687	0.00949	0.00844	0.01793	0.01477	0.02320	0.01266	0.01477	0.01055	0.00527	0.00527	0.00105	0.00527	0.00422	0.00422	0.79328
12	0.08079	0.03904	0.04216	0.04839	0.05378	0.07616	0.27247	0.04773	0.01811	0.22394	0.01759	0.01911	0.01235	0.00714	0.00729	0.00223	0.00933	0.00695	0.00525	0.01017
13	0.01428	0.03683	0.71286	0.02030	0.03082	0.01654	0.02631	0.02255	0.01503	0.02255	0.01278	0.01503	0.00902	0.00677	0.00677	0.00226	0.01052	0.00526	0.00301	0.01052
14	0.00844	0.00712	0.00731	0.00745	0.00968	0.00599	0.00552	0.01019	0.01600	0.01914	0.06920	0.12894	0.64392	0.01842	0.00848	0.00245	0.00365	0.01549	0.00661	0.00599
15	0.01318	0.01236	0.02060	0.69372	0.04693	0.01529	0.01900	0.01777	0.01435	0.01825	0.01585	0.02164	0.04666	0.00770	0.00719	0.00237	0.00918	0.00679	0.00335	0.00781
16	0.01634	0.08782	0.59550	0.01896	0.02867	0.01682	0.02373	0.02363	0.01551	0.08838	0.01404	0.01565	0.00986	0.00691	0.00664	0.00220	0.00988	0.00534	0.00357	0.01057
17	0.01428	0.03683	0.71286	0.02030	0.03082	0.01654	0.02631	0.02255	0.01503	0.02255	0.01278	0.01503	0.00902	0.00677	0.00677	0.00226	0.01052	0.00526	0.00301	0.01052
18	0.01017	0.00763	0.01144	0.01144	0.01272	0.00890	0.00890	0.01272	0.01144	0.01653	0.01907	0.02797	0.01780	0.05340	0.72153	0.01144	0.01907	0.00763	0.00381	0.00636
19	0.01438	0.03614	0.68657	0.02068	0.03107	0.01659	0.05190	0.02256	0.01510	0.02256	0.01284	0.01520	0.00909	0.00674	0.00683	0.00226	0.01058	0.00538	0.00303	0.01049
20	0.01373	0.01312	0.02290	0.61142	0.07098	0.01570	0.07508	0.01845	0.01439	0.01869	0.01315	0.01940	0.01008	0.00930	0.04274	0.00282	0.01014	0.00657	0.00325	0.00810
21	0.00864	0.00634	0.00811	0.00953	0.01023	0.00582	0.00644	0.00996	0.01401	0.01833	0.04397	0.64802	0.14113	0.02170	0.00899	0.00282	0.00406	0.01949	0.00661	0.00582
22	0.02939	0.01370	0.04156	0.01631	0.07234	0.01160	0.05102	0.03263	0.01968	0.59507	0.02567	0.02314	0.01646	0.00839	0.00721	0.00221	0.00674	0.00711	0.00791	0.01185
23	0.01429	0.01711	0.11779	0.46376	0.07893	0.01614	0.13104	0.01966	0.01494	0.01990	0.01365	0.02001	0.01056	0.00717	0.00735	0.00237	0.00992	0.02338	0.00332	0.00869
24	0.01762	0.03111	0.53865	0.01966	0.02904	0.01556	0.07225	0.02474	0.01612	0.14515	0.01563	0.01699	0.01069	0.00707	0.00696	0.00226	0.00984	0.00583	0.00409	0.01074
25	0.01829	0.01554	0.08432	0.40090	0.07774	0.01493	0.07814	0.02298	0.01606	0.17706	0.01639	0.01977	0.01153	0.00733	0.00721	0.00231	0.00897	0.00661	0.00450	0.00945
26	0.01757	0.03071	0.52164	0.02004	0.02935	0.01566	0.09417	0.02465	0.01614	0.13985	0.01557	0.01705	0.01068	0.00703	0.00701	0.00226	0.00992	0.00592	0.00406	0.01070
27	0.01562	0.08008	0.54621	0.02087	0.03044	0.01728	0.11851	0.02297	0.01545	0.04827	0.01340	0.01575	0.00961	0.00669	0.00687	0.00223	0.01038	0.00569	0.00331	0.01036
28	0.01367	0.01288	0.02176	0.69621	0.08374	0.01588	0.01989	0.01839	0.01434	0.01846	0.01270	0.01891	0.00959	0.00708	0.00712	0.00236	0.00944	0.00633	0.00318	0.00809
29	0.01478	0.01429	0.02508	0.50009	0.20884	0.01629	0.08006	0.01951	0.01496	0.01985	0.01300	0.01867	0.01005	0.00683	0.00722	0.00231	0.00947	0.00652	0.00329	0.00889
30	0.00986	0.00746	0.01062	0.01354	0.07780	0.00713	0.00863	0.01162	0.01420	0.01902	0.03658	0.59919	0.04295	0.02047	0.00898	0.00286	0.00482	0.09157	0.00631	0.00640
31	0.01430	0.01654	0.08020	0.02380	0.05391	0.01439	0.40107	0.01905	0.01548	0.02124	0.02004	0.17649	0.01917	0.01389	0.07300	0.00331	0.01070	0.01059	0.00422	0.00861
32	0.01587	0.01755	0.05680	0.02552	0.03158	0.01605	0.50430	0.05340	0.01711	0.02318	0.01890	0.12586	0.01712	0.00899	0.00844	0.00249	0.01042	0.03305	0.00430	0.00910
33	0.01610	0.01452	0.02196	0.35160	0.08390	0.04252	0.07659	0.07078	0.04253	0.04747	0.01700	0.09738	0.01477	0.00927	0.00860	0.00242	0.06151	0.00806	0.00429	0.00870
34	0.01880	0.01505	0.01613	0.01435	0.01849	0.01716	0.01121	0.03760	0.64098	0.08192	0.02891	0.02639	0.02142	0.00960	0.00724	0.00240	0.00567	0.00798	0.00737	0.01134
35	0.02541	0.03201	0.02029	0.08307	0.02446	0.65725	0.01430	0.02751	0.01964	0.01750	0.01116	0.01340	0.00920	0.00732	0.00648	0.00188	0.01254	0.00474	0.00362	0.00822
36	0.01444	0.01231	0.01442	0.01051	0.01653	0.00930	0.00834	0.01751	0.01471	0.02294	0.01406	0.05338	0.01248	0.00617	0.00548	0.00115	0.00521	0.00507	0.00435	0.75164
37	0.01681	0.01591	0.02437	0.26393	0.35391	0.03677	0.01935	0.04720	0.08554	0.02273	0.01470	0.01877	0.01168	0.00724	0.00758	0.00225	0.03086	0.00646	0.00392	0.01001
38	0.76116	0.01385	0.01075	0.00962	0.01401	0.01606	0.00789	0.02177	0.04594	0.03184	0.01086	0.01231	0.00841	0.00676	0.00455	0.00221	0.00551	0.00406	0.00455	0.00789
39	0.02358	0.02517	0.01884	0.01660	0.02040	0.38081	0.01275	0.17758	0.11697	0.02552	0.01745	0.08217	0.01505	0.00942	0.00733	0.00211	0.02676	0.00695	0.00522	0.00933
40	0.00912	0.00724	0.00819	0.00795	0.01005	0.00631	0.00596	0.01158	0.01789	0.02317	0.33778	0.06206	0.43435	0.01657	0.00841	0.00233	0.00350	0.01412	0.00713	0.00631
41	0.01723	0.01487	0.01675	0.01664	0.08013	0.01678	0.01185	0.05161	0.55495	0.02915	0.06164	0.02839	0.04853	0.00989	0.00732	0.00237	0.00576	0.00835	0.00691	0.01087
42	0.00964	0.00717	0.00901	0.00896	0.01061	0.00653	0.00669	0.01242	0.01835	0.02503	0.46013	0.15096	0.18319	0.01652	0.00857	0.00241	0.00367	0.04632	0.00738	0.00645
43	0.02359	0.02532	0.02060	0.08255	0.02381	0.39734	0.02895	0.10140	0.01960	0.06631	0.01310	0.01564	0.01044	0.00970	0.03212	0.00244	0.10843	0.00553	0.00429	0.00883
44	0.00906	0.00724	0.00810	0.00789	0.01001	0.00628	0.00591	0.01146	0.01774	0.02283	0.31467	0.06262	0.45767	0.01669	0.00841	0.00234	0.00351	0.01420	0.00708	0.00628
45	0.02660	0.03394	0.02018	0.01834	0.02201	0.72116	0.01376	0.02843	0.02018	0.01743	0.01101	0.01284	0.00917	0.00734	0.00642	0.00183	0.01284	0.00459	0.00367	0.00825
46	0.03085	0.01180	0.01595	0.01232	0.01760	0.01024	0.01014	0.03364	0.02006	0.67023	0.02781	0.02437	0.01766	0.00878	0.00703	0.00217	0.00590	0.00713	0.05451	0.01180
47	0.01741	0.01495	0.01588	0.01442	0.01833	0.01725	0.01128	0.03671	0.65954	0.02937	0.02941	0.02919	0.02267	0.01015	0.00737	0.00246	0.00568	0.03968	0.00721	0.01104
48	0.01785	0.57445	0.20646	0.01422	0.02142	0.02526	0.01572	0.02163	0.01461	0.01820	0.01062	0.01233	0.00911	0.00626	0.00512	0.00171	0.00834	0.00417	0.00304	0.00948
49	0.00892	0.00670	0.00824	0.00929	0.01041	0.00610	0.00658	0.01052	0.01475	0.01901	0.07404	0.45437	0.23452	0.04031	0.00966	0.00287	0.00421	0.06700	0.00659	0.00590
50	0.01036	0.00690	0.00777	0.00777	0.00777	0.00690	0.00431	0.01036	0.01036	0.01381	0.02244	0.04660	0.02589	0.74975	0.03624	0.00690	0.00690	0.01036	0.00431	0.00431
51	0.02513	0.09000	0.02117	0.01612	0.02082	0.27036	0.01298	0.25639	0.08371	0.08170	0.01695	0.01885	0.01316	0.00843	0.00676	0.00205	0.00922	0.03037	0.00564	0.01018
52	0.01687	0.01480	0.02141	0.25751	0.19813	0.01529	0.01624	0.11798	0.01774	0.02480	0.01350	0.01721	0.01061	0.00663	0.00660	0.00191	0.00783	0.00577	0.00413	0.22503
53	0.01017	0.00763	0.01144	0.01144	0.01272	0.00890	0.00890	0.01272	0.01144	0.01653	0.01907	0.02797	0.01780	0.05340	0.72153	0.01144	0.01907	0.00763	0.00381	0.00636
54	0.05890	0.40077	0.16242	0.01341	0.01980	0.02118	0.01396	0.04378	0.01498	0.02035	0.01357	0.01565	0.03112	0.01025	0.06019	0.00247	0.00862	0.00486	0.00353	0.08019
55	0.01691	0.34205	0.15219	0.01557	0.05381	0.07938	0.01455	0.02131	0.04807	0.01948	0.05340	0.01801	0.01445	0.01362	0.10589	0.00319	0.00988	0.00554	0.00371	0.00900

[dist]
# distance from previous block
# <min> <max>
1	15

[block]
# block no. 3 follows, 29 sequences, length 51
# corresponding to MSA columns:
# 222-272
name=unknown_D
#
# <colnr> <probs for GDERKNQSTAVLIFYWHMCP>
#	G	D	E	R	K	N	Q	S	T	A	V	L	I	F	Y	W	H	M	C	P
0	0.06751	0.03251	0.10203	0.04469	0.05182	0.01139	0.03453	0.07032	0.01683	0.02384	0.12887	0.23235	0.11089	0.03001	0.00839	0.00252	0.00604	0.01201	0.00567	0.00776
1	0.00999	0.00691	0.00835	0.00892	0.00952	0.00667	0.00595	0.01074	0.01251	0.01632	0.03373	0.20632	0.11570	0.36996	0.02305	0.04455	0.00580	0.09459	0.00533	0.00507
2	0.06335	0.01463	0.01653	0.04842	0.01967	0.01363	0.01034	0.18243	0.04749	0.02907	0.01427	0.01586	0.01118	0.00643	0.00585	0.00151	0.00615	0.00500	0.00502	0.48316
3	0.06657	0.01910	0.01778	0.10299	0.02253	0.17652	0.01276	0.19583	0.11120	0.04601	0.01777	0.02081	0.01392	0.00867	0.00726	0.00217	0.03290	0.03089	0.08489	0.00944
4	0.00891	0.00720	0.00791	0.00780	0.00993	0.00621	0.00582	0.01114	0.01729	0.02191	0.25360	0.08389	0.49915	0.01715	0.00843	0.00237	0.00355	0.01456	0.00697	0.00621
5	0.01428	0.03683	0.71286	0.02030	0.03082	0.01654	0.02631	0.02255	0.01503	0.02255	0.01278	0.01503	0.00902	0.00677	0.00677	0.00226	0.01052	0.00526	0.00301	0.01052
6	0.01027	0.00773	0.00955	0.00901	0.01094	0.00725	0.00678	0.01436	0.05851	0.02720	0.56637	0.05399	0.16168	0.01481	0.00833	0.00227	0.00353	0.01293	0.00762	0.00687
7	0.10082	0.01908	0.02002	0.01560	0.02108	0.02124	0.01284	0.58079	0.06961	0.04276	0.01709	0.01711	0.01224	0.00843	0.00687	0.00216	0.00748	0.00626	0.00687	0.01164
8	0.58772	0.01547	0.01346	0.01129	0.01605	0.01765	0.00931	0.20241	0.01799	0.03550	0.01189	0.01309	0.00892	0.00714	0.00515	0.00219	0.00615	0.00456	0.00515	0.00892
9	0.01139	0.00814	0.01138	0.01302	0.01462	0.00812	0.01133	0.01461	0.01631	0.02121	0.03775	0.10054	0.04117	0.01975	0.00981	0.00327	0.00648	0.63802	0.00656	0.00653
10	0.02488	0.01924	0.02246	0.01732	0.02292	0.02113	0.07173	0.53550	0.12231	0.04087	0.01849	0.01858	0.01331	0.00848	0.00725	0.00220	0.00790	0.00681	0.00683	0.01177
11	0.00984	0.00719	0.00833	0.00857	0.00971	0.00675	0.00599	0.01124	0.01413	0.01824	0.11323	0.08768	0.23382	0.32130	0.02017	0.00439	0.00538	0.10280	0.00578	0.00545
12	0.02198	0.01747	0.05954	0.01590	0.02090	0.04216	0.06508	0.21615	0.20375	0.14273	0.02182	0.02294	0.01629	0.05288	0.04482	0.00298	0.00813	0.00729	0.00647	0.01072
13	0.01681	0.01921	0.04202	0.03001	0.03721	0.01801	0.67947	0.02281	0.01681	0.02281	0.01441	0.01921	0.01080	0.00600	0.00840	0.00240	0.01200	0.00840	0.00360	0.00960
14	0.02644	0.01897	0.02065	0.01597	0.02144	0.02090	0.01316	0.61886	0.03178	0.07336	0.01769	0.01796	0.01264	0.01082	0.04308	0.00261	0.00832	0.00651	0.00703	0.01182
15	0.00862	0.00722	0.00750	0.00743	0.00974	0.00610	0.00557	0.01062	0.01672	0.02039	0.15024	0.06662	0.62362	0.01760	0.00841	0.00238	0.00358	0.01476	0.00676	0.00610
16	0.01508	0.15657	0.60008	0.01894	0.02872	0.01848	0.02395	0.02235	0.01494	0.02158	0.01230	0.01443	0.00904	0.00665	0.00640	0.00213	0.01004	0.00502	0.00301	0.01029
17	0.02803	0.01120	0.01504	0.01185	0.01646	0.00981	0.00949	0.03047	0.01912	0.58514	0.06563	0.02866	0.02147	0.10108	0.01084	0.00279	0.00601	0.00788	0.00820	0.01084
18	0.01477	0.01266	0.01477	0.01055	0.01687	0.00949	0.00844	0.01793	0.01477	0.02320	0.01266	0.01477	0.01055	0.00527	0.00527	0.00105	0.00527	0.00422	0.00422	0.79328
19	0.00874	0.00645	0.00819	0.00940	0.01024	0.00589	0.00643	0.01024	0.01457	0.01917	0.09693	0.58135	0.15429	0.02101	0.00893	0.00276	0.00399	0.01882	0.00671	0.00589
20	0.01988	0.01629	0.01686	0.01474	0.01902	0.04234	0.01157	0.10992	0.55654	0.06969	0.02696	0.02489	0.01998	0.00941	0.00720	0.00235	0.00616	0.00769	0.00720	0.01131
21	0.01410	0.01175	0.01831	0.23568	0.02731	0.01264	0.09510	0.07687	0.05052	0.04702	0.02643	0.27526	0.05288	0.01306	0.00803	0.00253	0.00722	0.01194	0.00533	0.00800
22	0.01641	0.01608	0.02465	0.32119	0.32125	0.05655	0.03931	0.02208	0.07170	0.02139	0.01428	0.01870	0.01128	0.00698	0.00710	0.00224	0.00900	0.00644	0.00370	0.00968
23	0.02060	0.56593	0.05598	0.01386	0.01955	0.18575	0.01301	0.02298	0.01579	0.01710	0.01025	0.01187	0.00914	0.00640	0.00506	0.00162	0.00890	0.00403	0.00319	0.00898
24	0.01686	0.01361	0.01541	0.01512	0.05692	0.01501	0.01119	0.03138	0.47332	0.06603	0.03377	0.03585	0.10008	0.01133	0.00761	0.00247	0.00568	0.07111	0.00698	0.01027
25	0.01756	0.00909	0.01147	0.01029	0.01323	0.00829	0.00800	0.04493	0.01844	0.24310	0.16961	0.16041	0.13489	0.01397	0.00783	0.00235	0.00468	0.03715	0.07634	0.00837
26	0.01597	0.01342	0.01435	0.01298	0.01653	0.01498	0.01005	0.06344	0.48540	0.02876	0.10390	0.05675	0.10981	0.01154	0.00756	0.00240	0.00521	0.00971	0.00720	0.01002
27	0.00935	0.00681	0.00896	0.01043	0.01136	0.00641	0.00770	0.01116	0.01461	0.01908	0.04240	0.50523	0.11623	0.02119	0.00920	0.00294	0.00468	0.17967	0.00660	0.00600
28	0.10853	0.01716	0.01810	0.01458	0.01936	0.04494	0.01189	0.40764	0.04821	0.09991	0.01779	0.01887	0.01317	0.01477	0.10907	0.00348	0.00914	0.00636	0.00639	0.01064
29	0.80005	0.01377	0.01047	0.00936	0.01377	0.01597	0.00771	0.02093	0.01212	0.03195	0.00991	0.01157	0.00771	0.00661	0.00441	0.00220	0.00551	0.00386	0.00441	0.00771
30	0.02034	0.05572	0.08335	0.02093	0.02579	0.27995	0.20009	0.06264	0.01799	0.02096	0.01387	0.05771	0.01200	0.00836	0.00895	0.00223	0.08945	0.00687	0.00389	0.00889
31	0.00865	0.00628	0.00818	0.00970	0.01027	0.00580	0.00652	0.00994	0.01384	0.01826	0.04185	0.69160	0.09892	0.02197	0.00904	0.00285	0.00409	0.01983	0.00661	0.00580
32	0.11975	0.05981	0.02190	0.01651	0.02101	0.06693	0.11164	0.23527	0.02087	0.04733	0.03620	0.02032	0.01411	0.01427	0.10141	0.00344	0.05145	0.02319	0.00516	0.00943
33	0.01727	0.01328	0.01464	0.01309	0.01667	0.01444	0.01033	0.14912	0.31089	0.05883	0.07164	0.09510	0.10770	0.01255	0.00778	0.00245	0.00564	0.06168	0.00714	0.00974
34	0.01885	0.01850	0.03311	0.04743	0.08089	0.01913	0.37882	0.16309	0.03998	0.02702	0.01476	0.01847	0.01125	0.00740	0.00954	0.00240	0.08738	0.00752	0.00439	0.01007
35	0.02660	0.03394	0.02018	0.01834	0.02201	0.72116	0.01376	0.02843	0.02018	0.01743	0.01101	0.01284	0.00917	0.00734	0.00642	0.00183	0.01284	0.00459	0.00367	0.00825
36	0.80005	0.01377	0.01047	0.00936	0.01377	0.01597	0.00771	0.02093	0.01212	0.03195	0.00991	0.01157	0.00771	0.00661	0.00441	0.00220	0.00551	0.00386	0.00441	0.00771
37	0.01710	0.01686	0.01633	0.01443	0.01795	0.15126	0.04831	0.02800	0.33227	0.02597	0.17064	0.03214	0.07700	0.01064	0.00748	0.00226	0.00677	0.00892	0.00642	0.00925
38	0.80005	0.01377	0.01047	0.00936	0.01377	0.01597	0.00771	0.02093	0.01212	0.03195	0.00991	0.01157	0.00771	0.00661	0.00441	0.00220	0.00551	0.00386	0.00441	0.00771
39	0.10460	0.01902	0.02042	0.01632	0.02121	0.08368	0.06758	0.35109	0.12005	0.03538	0.05669	0.01969	0.01575	0.00863	0.00739	0.00221	0.02682	0.00674	0.00618	0.01054
40	0.80005	0.01377	0.01047	0.00936	0.01377	0.01597	0.00771	0.02093	0.01212	0.03195	0.00991	0.01157	0.00771	0.00661	0.00441	0.00220	0.00551	0.00386	0.00441	0.00771
41	0.17537	0.01816	0.01681	0.05481	0.02013	0.12570	0.01163	0.20555	0.14926	0.06087	0.07646	0.02068	0.01747	0.00864	0.00661	0.00218	0.00736	0.00652	0.00599	0.00979
42	0.00946	0.00700	0.00805	0.00814	0.00934	0.00644	0.00550	0.01096	0.01488	0.01946	0.19584	0.14350	0.25316	0.25669	0.01758	0.00390	0.00469	0.01367	0.00614	0.00559
43	0.02024	0.02166	0.01645	0.01501	0.01831	0.32411	0.01143	0.08248	0.15794	0.02391	0.10308	0.08567	0.04730	0.01079	0.00729	0.00218	0.00855	0.02927	0.00564	0.00868
44	0.00940	0.00679	0.00870	0.00915	0.01023	0.00629	0.00640	0.01151	0.01644	0.02248	0.33088	0.34265	0.10046	0.07204	0.01073	0.00287	0.00396	0.01592	0.00698	0.00610
45	0.02603	0.01692	0.01873	0.01466	0.01983	0.01818	0.01201	0.45208	0.07848	0.16673	0.02060	0.02000	0.01442	0.00866	0.00694	0.00213	0.00693	0.00669	0.07841	0.01155
46	0.23247	0.01541	0.01351	0.01177	0.01556	0.14397	0.00922	0.02412	0.03627	0.20665	0.05020	0.02346	0.07129	0.01034	0.00817	0.07160	0.00676	0.00659	0.03417	0.00846
47	0.01429	0.01351	0.02288	0.59395	0.18116	0.01604	0.02019	0.01893	0.01464	0.01921	0.01280	0.01871	0.00985	0.00696	0.00711	0.00232	0.00928	0.00633	0.00324	0.00859
48	0.01388	0.01325	0.02145	0.58758	0.04288	0.01704	0.01892	0.01798	0.01356	0.01798	0.01198	0.01829	0.00946	0.00820	0.01042	0.00252	0.15725	0.00631	0.00315	0.00789
49	0.01101	0.00801	0.01136	0.01124	0.01291	0.00746	0.05379	0.01363	0.04095	0.06000	0.09334	0.48624	0.12481	0.01876	0.00872	0.00269	0.00472	0.01696	0.00665	0.00673
50	0.01063	0.00783	0.00962	0.00987	0.01127	0.00764	0.00709	0.06402	0.01630	0.02174	0.14809	0.34246	0.14546	0.08064	0.06521	0.00364	0.00564	0.02997	0.00645	0.00641

[dist]
# distance from previous block
# <min> <max>
0	1

[block]
# block no. 4 follows, 29 sequences, length 14
# corresponding to MSA columns:
# 274-287
name=unknown_E
#
# <colnr> <probs for GDERKNQSTAVLIFYWHMCP>
#	G	D	E	R	K	N	Q	S	T	A	V	L	I	F	Y	W	H	M	C	P
0	0.02232	0.05807	0.13041	0.01752	0.02249	0.23551	0.03267	0.12887	0.01940	0.08957	0.01374	0.01559	0.01056	0.00823	0.00933	0.00216	0.12813	0.00554	0.00451	0.04536
1	0.01652	0.01579	0.02690	0.22636	0.53133	0.01663	0.02130	0.02088	0.01569	0.02192	0.01320	0.01798	0.01081	0.00655	0.00707	0.00218	0.00873	0.00634	0.00343	0.01039
2	0.57283	0.01631	0.01327	0.01145	0.01599	0.06780	0.00930	0.12988	0.05608	0.03288	0.01228	0.01344	0.00935	0.00716	0.00516	0.00218	0.00642	0.00457	0.00496	0.00867
3	0.01306	0.00773	0.01146	0.09575	0.01488	0.00831	0.00836	0.04367	0.01121	0.01496	0.01312	0.02156	0.01240	0.02391	0.07426	0.60375	0.00759	0.00632	0.00335	0.00434
4	0.05655	0.00847	0.00977	0.00949	0.01155	0.00814	0.00694	0.01588	0.06650	0.09427	0.10561	0.18157	0.21080	0.11504	0.01274	0.03803	0.00484	0.03054	0.00643	0.00684
5	0.01638	0.03390	0.63010	0.01939	0.02932	0.01582	0.02443	0.02399	0.01567	0.10429	0.01460	0.01613	0.01004	0.00701	0.00681	0.00225	0.00999	0.00549	0.00370	0.01071
6	0.00958	0.00687	0.00872	0.00922	0.01020	0.00644	0.00645	0.01149	0.01566	0.02127	0.26696	0.30651	0.09418	0.14146	0.01341	0.00333	0.00443	0.05125	0.00665	0.00592
7	0.06228	0.25795	0.24593	0.01495	0.02157	0.01910	0.04577	0.02308	0.09526	0.02266	0.01510	0.01679	0.01183	0.00706	0.00581	0.00196	0.00781	0.00537	0.11026	0.00943
8	0.04757	0.00795	0.00982	0.00938	0.01149	0.00758	0.00720	0.01588	0.01743	0.09738	0.31364	0.11308	0.09709	0.01633	0.04960	0.00283	0.00493	0.04798	0.11572	0.00714
9	0.62449	0.10174	0.01428	0.01014	0.01479	0.01720	0.00858	0.02261	0.04710	0.06834	0.01190	0.01302	0.00915	0.00683	0.00472	0.00213	0.00580	0.00425	0.00464	0.00831
10	0.08175	0.01105	0.01421	0.01139	0.01594	0.00989	0.00925	0.02828	0.01943	0.49451	0.14331	0.03155	0.07716	0.01032	0.00727	0.00222	0.00538	0.00848	0.00817	0.01043
11	0.80005	0.01377	0.01047	0.00936	0.01377	0.01597	0.00771	0.02093	0.01212	0.03195	0.00991	0.01157	0.00771	0.00661	0.00441	0.00220	0.00551	0.00386	0.00441	0.00771
12	0.02673	0.03005	0.02051	0.01780	0.02203	0.52710	0.01370	0.20975	0.02387	0.02505	0.01270	0.01402	0.00999	0.00767	0.00662	0.00192	0.01145	0.00509	0.00463	0.00932
13	0.80005	0.01377	0.01047	0.00936	0.01377	0.01597	0.00771	0.02093	0.01212	0.03195	0.00991	0.01157	0.00771	0.00661	0.00441	0.00220	0.00551	0.00386	0.00441	0.00771

[dist]
# distance from previous block
# <min> <max>
0	7

[block]
# block no. 5 follows, 29 sequences, length 22
# corresponding to MSA columns:
# 295-316
name=unknown_F
#
# <colnr> <probs for GDERKNQSTAVLIFYWHMCP>
#	G	D	E	R	K	N	Q	S	T	A	V	L	I	F	Y	W	H	M	C	P
0	0.16522	0.00940	0.01019	0.00967	0.01128	0.01025	0.00682	0.06708	0.01298	0.02067	0.01982	0.07346	0.02075	0.35702	0.17046	0.00633	0.00911	0.00876	0.00459	0.00612
1	0.01484	0.01352	0.02139	0.61892	0.04453	0.01680	0.01892	0.07909	0.01578	0.02057	0.01284	0.01858	0.00972	0.00761	0.00821	0.00240	0.05813	0.00633	0.00352	0.00829
2	0.02024	0.01757	0.01682	0.01496	0.01902	0.11404	0.01175	0.08575	0.45974	0.07439	0.02605	0.02717	0.02018	0.00983	0.00728	0.00235	0.00689	0.04847	0.00680	0.01068
3	0.00900	0.00645	0.00821	0.00949	0.01004	0.00605	0.00634	0.01016	0.01344	0.01771	0.03925	0.56625	0.09473	0.13038	0.01311	0.00347	0.00458	0.03947	0.00627	0.00561
4	0.13224	0.01597	0.01678	0.01390	0.01874	0.01754	0.01117	0.22003	0.30102	0.09657	0.02173	0.02075	0.01588	0.00855	0.00668	0.00220	0.00627	0.00666	0.00676	0.06057
5	0.01883	0.06737	0.02613	0.12465	0.34035	0.07509	0.03579	0.10594	0.01799	0.02405	0.01308	0.01673	0.01067	0.00713	0.00785	0.00212	0.05487	0.00600	0.00392	0.04144
6	0.01369	0.01280	0.01941	0.39171	0.14596	0.04564	0.01651	0.01756	0.01498	0.01966	0.07028	0.09379	0.01881	0.01334	0.07302	0.00318	0.00934	0.00826	0.00402	0.00804
7	0.01122	0.00799	0.00999	0.01015	0.01167	0.00795	0.00742	0.01506	0.08335	0.04620	0.18778	0.24788	0.09652	0.10058	0.07711	0.00388	0.00597	0.05601	0.00652	0.00674
8	0.01205	0.00868	0.00963	0.00929	0.01016	0.00911	0.00590	0.04133	0.11702	0.01779	0.02430	0.08652	0.02604	0.55968	0.02888	0.00577	0.00657	0.01047	0.00503	0.00579
9	0.01350	0.00781	0.00942	0.00916	0.01083	0.00761	0.00661	0.01675	0.06084	0.09185	0.15616	0.18249	0.03431	0.09858	0.01163	0.04387	0.00449	0.01120	0.21599	0.00689
10	0.02323	0.15220	0.02444	0.01780	0.02223	0.44511	0.07167	0.02803	0.11136	0.01949	0.01359	0.01505	0.01104	0.00733	0.00639	0.00191	0.01089	0.00527	0.00405	0.00894
11	0.52698	0.01206	0.01091	0.00970	0.01357	0.01339	0.00787	0.02110	0.01369	0.11207	0.04759	0.01794	0.01364	0.01171	0.07088	0.00301	0.00652	0.00528	0.07411	0.00798
12	0.44072	0.08038	0.06582	0.01239	0.01781	0.01584	0.04856	0.02460	0.01485	0.19744	0.01488	0.01538	0.01056	0.00709	0.00550	0.00216	0.00656	0.00503	0.00523	0.00924
13	0.01777	0.01284	0.01449	0.01305	0.01654	0.01397	0.01007	0.06163	0.39753	0.11579	0.09892	0.14278	0.02944	0.01201	0.00764	0.00243	0.00532	0.01029	0.00740	0.01008
14	0.11402	0.01466	0.01310	0.01160	0.01472	0.11119	0.00884	0.13715	0.07374	0.02665	0.12852	0.03581	0.15468	0.11195	0.01110	0.00284	0.00647	0.00912	0.00594	0.00793
15	0.00948	0.00686	0.00874	0.00982	0.01059	0.00657	0.00678	0.01153	0.03662	0.01909	0.08797	0.50040	0.07881	0.10998	0.01232	0.00332	0.00461	0.06414	0.00644	0.00592
16	0.01899	0.02301	0.07277	0.02286	0.02772	0.20672	0.29069	0.04486	0.01701	0.02090	0.01392	0.05432	0.01194	0.00843	0.01027	0.00238	0.13319	0.00736	0.00378	0.00888
17	0.01010	0.00680	0.00784	0.00809	0.00815	0.00674	0.00466	0.01029	0.01084	0.01446	0.02494	0.15077	0.02905	0.64126	0.03219	0.00631	0.00649	0.01183	0.00466	0.00453
18	0.08702	0.08360	0.03280	0.23060	0.05958	0.03696	0.03705	0.08610	0.19186	0.05863	0.01759	0.01939	0.01321	0.00778	0.00670	0.00223	0.00780	0.00638	0.00500	0.00973
19	0.01854	0.09210	0.08783	0.01516	0.02154	0.10584	0.08367	0.05484	0.01696	0.06408	0.01352	0.01537	0.01061	0.00622	0.00604	0.00158	0.00789	0.00506	0.00427	0.36887
20	0.05005	0.04128	0.17281	0.07889	0.02522	0.30527	0.04564	0.02309	0.01623	0.01914	0.01215	0.01651	0.01026	0.05468	0.01045	0.00248	0.09833	0.00557	0.00347	0.00847
21	0.51213	0.04998	0.09467	0.04164	0.06416	0.01608	0.01175	0.02251	0.01377	0.09884	0.01245	0.01396	0.00926	0.00683	0.00525	0.00218	0.00659	0.00462	0.00453	0.00880

[dist]
# distance from previous block
# <min> <max>
0	1

[block]
# block no. 6 follows, 29 sequences, length 24
# corresponding to MSA columns:
# 318-323,326-343
name=unknown_G
#
# <colnr> <probs for GDERKNQSTAVLIFYWHMCP>
#	G	D	E	R	K	N	Q	S	T	A	V	L	I	F	Y	W	H	M	C	P
0	0.09897	0.01174	0.01760	0.27260	0.12725	0.01280	0.04086	0.01676	0.01501	0.02140	0.07247	0.05378	0.13813	0.01090	0.00814	0.03341	0.00715	0.02876	0.00451	0.00773
1	0.01641	0.01241	0.01472	0.03518	0.01758	0.01103	0.00938	0.06029	0.10286	0.08398	0.02034	0.12698	0.01814	0.00895	0.00643	0.00171	0.00551	0.00757	0.00550	0.43503
2	0.42675	0.01898	0.01494	0.01278	0.01734	0.17194	0.01024	0.12451	0.01806	0.10587	0.01326	0.01409	0.00980	0.00731	0.00557	0.00211	0.00754	0.00477	0.00514	0.00899
3	0.01074	0.00704	0.00894	0.00959	0.01075	0.00654	0.00671	0.01225	0.01444	0.06810	0.06993	0.42438	0.14047	0.10925	0.03720	0.00354	0.00512	0.04239	0.00645	0.00619
4	0.01491	0.14915	0.01687	0.01127	0.01391	0.01342	0.00925	0.04353	0.01667	0.08030	0.21274	0.03988	0.08951	0.11270	0.01307	0.00292	0.08565	0.06089	0.00579	0.00757
5	0.30060	0.01635	0.01644	0.01326	0.01834	0.01804	0.01089	0.31037	0.07770	0.12658	0.01696	0.01685	0.01206	0.00799	0.00618	0.00219	0.00660	0.00574	0.00639	0.01049
6	0.01943	0.01500	0.01663	0.05136	0.02020	0.01700	0.01171	0.06272	0.55707	0.10434	0.02756	0.02554	0.02026	0.00939	0.00722	0.00238	0.00597	0.00780	0.00720	0.01122
7	0.00906	0.00654	0.00862	0.00984	0.01061	0.00609	0.00687	0.01080	0.01498	0.02012	0.15012	0.56355	0.07653	0.02070	0.00899	0.00279	0.00413	0.05686	0.00681	0.00599
8	0.22028	0.01279	0.01495	0.01195	0.01701	0.01245	0.00981	0.05104	0.05336	0.46689	0.04295	0.02185	0.01666	0.00847	0.00652	0.00221	0.00588	0.00653	0.00756	0.01083
9	0.01058	0.00799	0.01125	0.01171	0.01345	0.00762	0.03523	0.01347	0.01671	0.02211	0.17894	0.18346	0.12062	0.01833	0.00919	0.00286	0.00536	0.31787	0.00672	0.00652
