[name]
unknown

[dist]
# distance from previous block
# <min> <max>
0	65

[block]
# block no. 0 follows, 34 sequences, length 20
# corresponding to MSA columns:
# 65-84
name=unknown_A
#
# <colnr> <probs for GDERKNQSTAVLIFYWHMCP>
#	G	D	E	R	K	N	Q	S	T	A	V	L	I	F	Y	W	H	M	C	P
0	0.01040	0.00756	0.01028	0.01160	0.01314	0.00759	0.00998	0.01382	0.04198	0.01942	0.03518	0.10465	0.06360	0.01756	0.00875	0.00290	0.00571	0.60385	0.00598	0.00606
1	0.00764	0.00655	0.00655	0.00655	0.00873	0.00545	0.00491	0.00927	0.01473	0.01745	0.06546	0.06218	0.73000	0.01636	0.00764	0.00218	0.00327	0.01364	0.00600	0.00545
2	0.10829	0.01115	0.01444	0.01119	0.01609	0.01000	0.00925	0.03023	0.01774	0.66597	0.02383	0.02084	0.01509	0.00780	0.00625	0.00200	0.00545	0.00620	0.00760	0.01059
3	0.01220	0.01148	0.01938	0.75739	0.04450	0.01436	0.01794	0.01651	0.01292	0.01651	0.01148	0.01723	0.00861	0.00646	0.00646	0.00215	0.00861	0.00574	0.00287	0.00718
4	0.00954	0.00695	0.00840	0.00805	0.00982	0.00641	0.00599	0.01264	0.04716	0.04304	0.43559	0.09893	0.23097	0.03747	0.00836	0.00225	0.00341	0.01224	0.00665	0.00612
5	0.01982	0.01094	0.01335	0.01088	0.01467	0.01061	0.00877	0.12194	0.06348	0.30995	0.12931	0.03135	0.14704	0.01023	0.00736	0.00203	0.03409	0.00831	0.00685	0.03905
6	0.01727	0.77681	0.03386	0.01106	0.01658	0.02557	0.01106	0.01935	0.01313	0.01520	0.00898	0.01036	0.00829	0.00553	0.00415	0.00138	0.00691	0.00345	0.00276	0.00829
7	0.81856	0.01250	0.00950	0.00850	0.01250	0.01449	0.00700	0.01899	0.01100	0.02899	0.00900	0.01050	0.00700	0.00600	0.00400	0.00200	0.00500	0.00350	0.00400	0.00700
8	0.00787	0.00562	0.00750	0.00900	0.00937	0.00525	0.00600	0.00900	0.01237	0.01649	0.03561	0.76871	0.04274	0.02024	0.00825	0.00262	0.00375	0.01837	0.00600	0.00525
9	0.01340	0.01148	0.01340	0.00957	0.01531	0.00861	0.00766	0.01627	0.01340	0.02105	0.01148	0.01340	0.00957	0.00479	0.00479	0.00096	0.00479	0.00383	0.00383	0.81242
10	0.00798	0.00570	0.00763	0.00912	0.00955	0.00534	0.00619	0.00919	0.01248	0.01662	0.03555	0.73805	0.04249	0.02014	0.00828	0.00264	0.00385	0.04792	0.00600	0.00528
11	0.02258	0.00991	0.01316	0.01063	0.01456	0.00891	0.00857	0.02616	0.05951	0.49310	0.22589	0.02960	0.02902	0.00953	0.00682	0.00202	0.00478	0.00802	0.00766	0.00956
12	0.25378	0.01142	0.01343	0.01064	0.01536	0.01092	0.00879	0.02793	0.01636	0.53550	0.02080	0.01872	0.01343	0.00743	0.00579	0.00200	0.00536	0.00564	0.00686	0.00986
13	0.01743	0.01410	0.01504	0.01322	0.01706	0.01609	0.01037	0.09218	0.62739	0.06296	0.02533	0.02327	0.01879	0.00864	0.00656	0.00216	0.00530	0.00714	0.00663	0.01033
14	0.01010	0.00732	0.00998	0.01125	0.01280	0.00720	0.00973	0.01296	0.01500	0.01943	0.06520	0.07090	0.10244	0.01752	0.00875	0.00286	0.00558	0.59906	0.00600	0.00591
15	0.01525	0.01743	0.03813	0.02723	0.03377	0.01634	0.70915	0.02070	0.01525	0.02070	0.01307	0.01743	0.00980	0.00545	0.00763	0.00218	0.01089	0.00763	0.00327	0.00871
16	0.01405	0.22072	0.56167	0.01656	0.02510	0.01767	0.02064	0.02018	0.01351	0.01914	0.01094	0.01282	0.00821	0.00598	0.00564	0.00188	0.00888	0.00444	0.00274	0.00923
17	0.01832	0.66351	0.03150	0.01190	0.01710	0.13513	0.01127	0.02033	0.01392	0.01529	0.00914	0.01056	0.00830	0.00570	0.00440	0.00142	0.00763	0.00356	0.00285	0.00817
18	0.01315	0.06658	0.70797	0.01809	0.02746	0.01548	0.02330	0.02041	0.01362	0.02023	0.01148	0.01350	0.00819	0.00611	0.00605	0.00202	0.00943	0.00472	0.00273	0.00949
19	0.01494	0.01963	0.13443	0.02602	0.03297	0.01616	0.61505	0.02066	0.01503	0.02066	0.01287	0.01691	0.00958	0.00554	0.00742	0.00216	0.01071	0.00723	0.00319	0.00883

[dist]
# distance from previous block
# <min> <max>
0	7

[block]
# block no. 1 follows, 34 sequences, length 21
# corresponding to MSA columns:
# 118-138
name=unknown_B
#
# <colnr> <probs for GDERKNQSTAVLIFYWHMCP>
#	G	D	E	R	K	N	Q	S	T	A	V	L	I	F	Y	W	H	M	C	P
0	0.02266	0.04183	0.01829	0.01382	0.01852	0.01841	0.01133	0.54950	0.08823	0.06248	0.01701	0.01771	0.01255	0.03762	0.00735	0.00210	0.00668	0.00604	0.03753	0.01036
1	0.73237	0.01473	0.08759	0.00956	0.01415	0.01455	0.00880	0.01915	0.01128	0.02808	0.00927	0.01083	0.00712	0.00601	0.00423	0.00200	0.00549	0.00364	0.00386	0.00727
2	0.01284	0.01180	0.01951	0.56848	0.14476	0.01414	0.01716	0.01687	0.01312	0.01769	0.01213	0.01739	0.00940	0.00662	0.00689	0.00210	0.03744	0.00576	0.05836	0.00756
3	0.05192	0.02048	0.01828	0.06603	0.02112	0.21636	0.01234	0.38791	0.09050	0.03057	0.01452	0.01521	0.01078	0.00740	0.00621	0.00191	0.00818	0.00542	0.00529	0.00956
4	0.00889	0.00741	0.00787	0.00769	0.00987	0.00683	0.00578	0.01274	0.10136	0.01978	0.15362	0.08744	0.51722	0.01516	0.00753	0.00218	0.00349	0.01280	0.00623	0.00612
5	0.00803	0.00578	0.00763	0.00895	0.00950	0.00538	0.00611	0.00936	0.01292	0.01723	0.08127	0.67522	0.06721	0.01958	0.00821	0.00258	0.00376	0.03988	0.00607	0.00533
6	0.01399	0.21088	0.57101	0.01666	0.02525	0.01753	0.02081	0.02020	0.01352	0.01921	0.01097	0.01286	0.00821	0.00599	0.00566	0.00189	0.00892	0.00446	0.00274	0.00925
7	0.00923	0.00692	0.01038	0.01038	0.01154	0.00808	0.00808	0.01154	0.01038	0.01500	0.01731	0.02538	0.01615	0.04846	0.74732	0.01038	0.01731	0.00692	0.00346	0.00577
8	0.01525	0.01743	0.03813	0.02723	0.03377	0.01634	0.70915	0.02070	0.01525	0.02070	0.01307	0.01743	0.00980	0.00545	0.00763	0.00218	0.01089	0.00763	0.00327	0.00871
9	0.02414	0.03079	0.01831	0.01665	0.01998	0.74698	0.01248	0.02580	0.01831	0.01581	0.00999	0.01165	0.00832	0.00666	0.00583	0.00166	0.01165	0.00416	0.00333	0.00749
10	0.01525	0.01743	0.03813	0.02723	0.03377	0.01634	0.70915	0.02070	0.01525	0.02070	0.01307	0.01743	0.00980	0.00545	0.00763	0.00218	0.01089	0.00763	0.00327	0.00871
11	0.11109	0.01115	0.01442	0.01118	0.01608	0.01002	0.00924	0.03019	0.01771	0.66346	0.02378	0.02080	0.01506	0.00779	0.00624	0.00200	0.00545	0.00619	0.00758	0.01058
12	0.01599	0.01535	0.02623	0.03966	0.73262	0.01535	0.01983	0.01983	0.01471	0.02111	0.01215	0.01599	0.01023	0.00576	0.00640	0.00192	0.00768	0.00576	0.00320	0.01023
13	0.01025	0.00732	0.01023	0.01172	0.01313	0.00730	0.01013	0.01311	0.01472	0.01916	0.03430	0.11690	0.03754	0.01800	0.00888	0.00295	0.00581	0.64669	0.00595	0.00591
14	0.00787	0.00562	0.00750	0.00900	0.00937	0.00525	0.00600	0.00900	0.01237	0.01649	0.03561	0.76871	0.04274	0.02024	0.00825	0.00262	0.00375	0.01837	0.00600	0.00525
15	0.00940	0.00626	0.00705	0.00705	0.00705	0.00626	0.00392	0.00940	0.00940	0.01253	0.02036	0.04228	0.02349	0.77292	0.03289	0.00626	0.00626	0.00940	0.00392	0.00392
16	0.01243	0.01171	0.01978	0.71515	0.08501	0.01441	0.01806	0.01670	0.01303	0.01678	0.01152	0.01715	0.00871	0.00642	0.00646	0.00214	0.00856	0.00574	0.00289	0.00736
17	0.01573	0.01509	0.02576	0.08903	0.68528	0.01528	0.01970	0.01960	0.01459	0.02079	0.01211	0.01608	0.01012	0.00581	0.00640	0.00194	0.00774	0.00576	0.00318	0.01002
18	0.00786	0.00567	0.00744	0.00886	0.00934	0.00526	0.00594	0.00901	0.01250	0.01655	0.03727	0.72938	0.08099	0.02003	0.00821	0.00260	0.00372	0.01811	0.00600	0.00526
19	0.42883	0.01838	0.06337	0.01205	0.01650	0.15570	0.01027	0.13532	0.04359	0.04576	0.01153	0.01258	0.00871	0.00658	0.00507	0.00194	0.00695	0.00432	0.00439	0.00815
20	0.01581	0.01376	0.01401	0.01101	0.01573	0.08689	0.00868	0.09409	0.07151	0.04538	0.05605	0.03969	0.04190	0.00706	0.00563	0.00142	0.00562	0.00566	0.00473	0.45536

[dist]
# distance from previous block
# <min> <max>
0	1

[block]
# block no. 2 follows, 34 sequences, length 83
# corresponding to MSA columns:
# 140-222
name=unknown_C
#
# <colnr> <probs for GDERKNQSTAVLIFYWHMCP>
#	G	D	E	R	K	N	Q	S	T	A	V	L	I	F	Y	W	H	M	C	P
0	0.01706	0.01796	0.02774	0.02125	0.02592	0.13386	0.37554	0.04198	0.06855	0.05016	0.01535	0.03651	0.01267	0.00762	0.00855	0.00220	0.08117	0.04353	0.00398	0.00841
1	0.02456	0.01810	0.01939	0.01487	0.02004	0.02004	0.01228	0.71107	0.03038	0.04072	0.01551	0.01551	0.01099	0.00776	0.00646	0.00194	0.00711	0.00582	0.00646	0.01099
2	0.01340	0.01148	0.01340	0.00957	0.01531	0.00861	0.00766	0.01627	0.01340	0.02105	0.01148	0.01340	0.00957	0.00479	0.00479	0.00096	0.00479	0.00383	0.00383	0.81242
3	0.01930	0.01168	0.01404	0.01161	0.01562	0.01160	0.00937	0.07160	0.19499	0.26286	0.06659	0.02722	0.06397	0.00920	0.00714	0.00200	0.03570	0.04118	0.00648	0.11785
4	0.01286	0.01236	0.02126	0.61651	0.06221	0.01469	0.08975	0.01808	0.05441	0.01769	0.01253	0.01761	0.00943	0.00647	0.00659	0.00215	0.00862	0.00603	0.00314	0.00761
5	0.01252	0.00648	0.00653	0.00636	0.00800	0.00655	0.00481	0.04142	0.01419	0.02472	0.02087	0.02376	0.01635	0.00754	0.00459	0.00152	0.00317	0.00601	0.77840	0.00621
6	0.01950	0.01559	0.01654	0.01384	0.01811	0.01768	0.01106	0.30800	0.44169	0.03257	0.02194	0.02063	0.01619	0.00836	0.00653	0.00209	0.00592	0.00670	0.00653	0.01053
7	0.00775	0.00632	0.00679	0.00714	0.00882	0.00543	0.00513	0.00921	0.01399	0.01706	0.05687	0.22800	0.54371	0.04332	0.00865	0.00243	0.00349	0.01461	0.00593	0.00535
8	0.01318	0.03203	0.68139	0.01964	0.05670	0.01508	0.05226	0.02045	0.01375	0.02050	0.01168	0.01389	0.00834	0.00609	0.00621	0.00205	0.00953	0.00493	0.00277	0.00954
9	0.01607	0.01388	0.01461	0.01315	0.01680	0.01607	0.01023	0.03433	0.72094	0.02703	0.02630	0.02411	0.01972	0.00877	0.00657	0.00219	0.00511	0.00731	0.00657	0.01023
10	0.81856	0.01250	0.00950	0.00850	0.01250	0.01449	0.00700	0.01899	0.01100	0.02899	0.00900	0.01050	0.00700	0.00600	0.00400	0.00200	0.00500	0.00350	0.00400	0.00700
11	0.01340	0.01148	0.01340	0.00957	0.01531	0.00861	0.00766	0.01627	0.01340	0.02105	0.01148	0.01340	0.00957	0.00479	0.00479	0.00096	0.00479	0.00383	0.00383	0.81242
12	0.00924	0.00690	0.01029	0.01029	0.01141	0.00802	0.00796	0.01148	0.01036	0.01493	0.01740	0.02588	0.01637	0.06959	0.72648	0.01026	0.01699	0.00699	0.00347	0.00571
13	0.00805	0.00574	0.00763	0.00895	0.00934	0.00548	0.00598	0.00917	0.01205	0.01614	0.03352	0.67647	0.03989	0.07264	0.05291	0.00332	0.00471	0.01710	0.00571	0.00519
14	0.00940	0.00626	0.00705	0.00705	0.00705	0.00626	0.00392	0.00940	0.00940	0.01253	0.02036	0.04228	0.02349	0.77292	0.03289	0.00626	0.00626	0.00940	0.00392	0.00392
15	0.01414	0.01414	0.01979	0.01696	0.01696	0.01979	0.01414	0.01555	0.00990	0.01555	0.00848	0.01414	0.00848	0.01131	0.02120	0.00283	0.76110	0.00565	0.00283	0.00707
16	0.00923	0.00692	0.01038	0.01038	0.01154	0.00808	0.00808	0.01154	0.01038	0.01500	0.01731	0.02538	0.01615	0.04846	0.74732	0.01038	0.01731	0.00692	0.00346	0.00577
17	0.00802	0.00571	0.00755	0.00897	0.00936	0.00536	0.00601	0.00914	0.01228	0.01636	0.03476	0.71065	0.04155	0.06053	0.00959	0.00283	0.00394	0.03631	0.00588	0.00520
18	0.00764	0.00655	0.00655	0.00655	0.00873	0.00545	0.00491	0.00927	0.01473	0.01745	0.06546	0.06218	0.73000	0.01636	0.00764	0.00218	0.00327	0.01364	0.00600	0.00545
19	0.01321	0.07667	0.69839	0.01799	0.02730	0.01562	0.02313	0.02040	0.01361	0.02016	0.01144	0.01345	0.00819	0.00610	0.00602	0.00201	0.00940	0.00470	0.00273	0.00948
20	0.02090	0.02548	0.01810	0.04134	0.04174	0.54155	0.01272	0.02270	0.01630	0.01595	0.01108	0.03895	0.00993	0.00949	0.03902	0.00225	0.11674	0.00508	0.00334	0.00736
21	0.07191	0.41743	0.28532	0.01382	0.02041	0.02070	0.01554	0.01953	0.01300	0.01808	0.00990	0.01174	0.00817	0.00607	0.00571	0.00174	0.04547	0.00404	0.00284	0.00859
22	0.00888	0.00659	0.00826	0.00785	0.00949	0.00598	0.00589	0.01167	0.01766	0.02440	0.61095	0.05074	0.18016	0.01377	0.00762	0.00206	0.00309	0.01203	0.00691	0.00598
23	0.01187	0.00604	0.00604	0.00604	0.00758	0.00600	0.00453	0.01482	0.01360	0.02382	0.02287	0.02563	0.04540	0.00789	0.00464	0.00153	0.00302	0.00633	0.77634	0.00600
24	0.00952	0.00734	0.01093	0.01077	0.01185	0.00876	0.00843	0.01177	0.01036	0.01503	0.01679	0.02473	0.01571	0.04630	0.70507	0.00994	0.06058	0.00685	0.00342	0.00584
25	0.00787	0.00562	0.00750	0.00900	0.00937	0.00525	0.00600	0.00900	0.01237	0.01649	0.03561	0.76871	0.04274	0.02024	0.00825	0.00262	0.00375	0.01837	0.00600	0.00525
26	0.00909	0.00660	0.00856	0.00807	0.00962	0.00607	0.00605	0.01209	0.01816	0.02561	0.70539	0.04876	0.08498	0.01332	0.00762	0.00204	0.00306	0.01176	0.00707	0.00607
27	0.00828	0.00592	0.00797	0.00947	0.01002	0.00560	0.00671	0.00971	0.01278	0.01695	0.03539	0.65596	0.04184	0.01986	0.00836	0.00268	0.00411	0.12705	0.00599	0.00536
28	0.01261	0.00634	0.00676	0.00653	0.00821	0.00621	0.00494	0.01560	0.01430	0.06094	0.09605	0.02653	0.02122	0.00815	0.00495	0.00159	0.00314	0.00664	0.68300	0.00629
29	0.01420	0.24753	0.53623	0.01630	0.02469	0.01805	0.02018	0.02014	0.01349	0.01895	0.01084	0.01270	0.00822	0.00596	0.00556	0.00185	0.00879	0.00439	0.00274	0.00919
30	0.01507	0.01426	0.02411	0.27428	0.45344	0.01525	0.04263	0.04671	0.01477	0.02037	0.01210	0.01643	0.00972	0.00606	0.00646	0.00201	0.00807	0.00582	0.00323	0.00921
31	0.02070	0.02394	0.01619	0.01515	0.01810	0.51828	0.01175	0.04395	0.01791	0.03357	0.03691	0.02701	0.01668	0.00946	0.00662	0.00199	0.00983	0.16045	0.00424	0.00728
32	0.00931	0.00675	0.00963	0.00963	0.01051	0.00763	0.00713	0.01101	0.01013	0.01438	0.01781	0.02884	0.01760	0.20212	0.57776	0.02884	0.01467	0.00742	0.00354	0.00530
33	0.07076	0.01777	0.01882	0.01450	0.01960	0.01972	0.01197	0.67081	0.02925	0.04004	0.01513	0.01522	0.01076	0.00765	0.00632	0.00194	0.00699	0.00568	0.00632	0.01076
34	0.01600	0.01526	0.02553	0.03808	0.68998	0.01539	0.01926	0.02069	0.05678	0.02146	0.01300	0.01648	0.01080	0.00594	0.00641	0.00194	0.00752	0.00585	0.00340	0.01023
35	0.01220	0.01148	0.01938	0.75739	0.04450	0.01436	0.01794	0.01651	0.01292	0.01651	0.01148	0.01723	0.00861	0.00646	0.00646	0.00215	0.00861	0.00574	0.00287	0.00718
36	0.00985	0.00631	0.00810	0.00881	0.00995	0.00572	0.00616	0.01128	0.01360	0.08345	0.07619	0.55519	0.14470	0.01816	0.00796	0.00247	0.00380	0.01621	0.00624	0.00585
37	0.02832	0.01085	0.01478	0.01138	0.01626	0.00938	0.00938	0.03084	0.01849	0.71303	0.04930	0.02288	0.01752	0.00817	0.00654	0.00200	0.00542	0.00667	0.00797	0.01083
38	0.00935	0.00645	0.00800	0.00800	0.00833	0.00678	0.00511	0.01001	0.00968	0.01324	0.01948	0.03744	0.02139	0.56526	0.23767	0.00745	0.00943	0.00869	0.00379	0.00445
39	0.02388	0.02163	0.01956	0.01574	0.02038	0.23037	0.03529	0.47012	0.04645	0.03245	0.01415	0.01471	0.01043	0.00739	0.00632	0.00187	0.00849	0.00544	0.00545	0.00988
40	0.00923	0.00690	0.01029	0.01029	0.01141	0.00803	0.00796	0.01148	0.01036	0.01493	0.01739	0.02585	0.01635	0.06833	0.72772	0.01027	0.01700	0.00699	0.00347	0.00572
41	0.00787	0.00562	0.00750	0.00900	0.00937	0.00525	0.00600	0.00900	0.01237	0.01649	0.03561	0.76871	0.04274	0.02024	0.00825	0.00262	0.00375	0.01837	0.00600	0.00525
42	0.01309	0.05529	0.71869	0.01820	0.02763	0.01532	0.02350	0.02043	0.01363	0.02031	0.01152	0.01355	0.00819	0.00612	0.00608	0.00203	0.00947	0.00474	0.00273	0.00951
43	0.01679	0.69291	0.11349	0.01189	0.01787	0.02437	0.01250	0.01947	0.01319	0.01580	0.00928	0.01073	0.00828	0.00560	0.00437	0.00146	0.00721	0.00360	0.00276	0.00843
44	0.00771	0.00626	0.00684	0.00729	0.00892	0.00539	0.00524	0.00919	0.01401	0.01716	0.05636	0.27748	0.52057	0.01755	0.00782	0.00232	0.00342	0.01508	0.00600	0.00539
45	0.02899	0.01100	0.01499	0.01150	0.01649	0.00950	0.00950	0.03149	0.01849	0.73709	0.02549	0.02199	0.01599	0.00800	0.00650	0.00200	0.00550	0.00650	0.00800	0.01100
46	0.01528	0.01735	0.03768	0.02770	0.06024	0.01630	0.68304	0.02066	0.01523	0.02071	0.01304	0.01737	0.00982	0.00546	0.00758	0.00217	0.01077	0.00755	0.00327	0.00877
47	0.01296	0.03342	0.73944	0.01842	0.02797	0.01501	0.02387	0.02046	0.01364	0.02046	0.01160	0.01364	0.00818	0.00614	0.00614	0.00205	0.00955	0.00477	0.00273	0.00955
48	0.00940	0.00626	0.00705	0.00705	0.00705	0.00626	0.00392	0.00940	0.00940	0.01253	0.02036	0.04228	0.02349	0.77292	0.03289	0.00626	0.00626	0.00940	0.00392	0.00392
49	0.01252	0.01172	0.01665	0.04558	0.01618	0.01579	0.01218	0.01422	0.01013	0.01529	0.01154	0.01865	0.01127	0.05905	0.21329	0.00497	0.49518	0.00618	0.00305	0.00657
50	0.02260	0.01532	0.01826	0.01429	0.01889	0.04723	0.06733	0.31502	0.07914	0.21302	0.02133	0.02075	0.05466	0.00827	0.00703	0.00201	0.03067	0.00664	0.02750	0.01001
51	0.01763	0.02053	0.03149	0.02355	0.02904	0.20373	0.48582	0.04502	0.01646	0.02000	0.01303	0.03820	0.01044	0.00628	0.00714	0.00205	0.01075	0.00699	0.00347	0.00837
52	0.00939	0.00716	0.01069	0.01060	0.01172	0.00846	0.00828	0.01167	0.01037	0.01502	0.01702	0.02501	0.01590	0.04723	0.72334	0.01013	0.04186	0.00688	0.00344	0.00581
53	0.81856	0.01250	0.00950	0.00850	0.01250	0.01449	0.00700	0.01899	0.01100	0.02899	0.00900	0.01050	0.00700	0.00600	0.00400	0.00200	0.00500	0.00350	0.00400	0.00700
54	0.01480	0.01393	0.02301	0.31150	0.40532	0.01538	0.01852	0.04629	0.01442	0.01987	0.01185	0.01635	0.00956	0.00638	0.00716	0.00205	0.04572	0.00575	0.00319	0.00894
55	0.01406	0.01345	0.02239	0.36465	0.33890	0.01539	0.01834	0.01784	0.01336	0.01839	0.01144	0.01635	0.00930	0.00670	0.00808	0.00213	0.09203	0.00574	0.00301	0.00849
56	0.00894	0.00655	0.00839	0.00803	0.00955	0.00599	0.00598	0.01176	0.01766	0.02466	0.63295	0.08561	0.12209	0.01385	0.00765	0.00208	0.00310	0.01220	0.00695	0.00599
57	0.02377	0.02851	0.01851	0.01644	0.01986	0.62578	0.01253	0.11106	0.01947	0.01892	0.01062	0.01224	0.00866	0.00699	0.00655	0.00175	0.04231	0.00443	0.00370	0.00791
58	0.01841	0.01493	0.01581	0.01345	0.01752	0.01692	0.01067	0.24384	0.48090	0.03094	0.02435	0.02280	0.04250	0.00872	0.00658	0.00211	0.00567	0.00707	0.00652	0.01029
59	0.00977	0.00674	0.00884	0.00823	0.00987	0.00620	0.00620	0.01280	0.01830	0.04814	0.70721	0.04744	0.05956	0.01305	0.00759	0.00203	0.00312	0.01152	0.00714	0.00625
60	0.01711	0.01407	0.01501	0.01326	0.01704	0.01609	0.01044	0.10745	0.60780	0.04418	0.02535	0.02465	0.01923	0.00892	0.00663	0.00218	0.00537	0.02844	0.00657	0.01019
61	0.01220	0.01148	0.01938	0.75739	0.04450	0.01436	0.01794	0.01651	0.01292	0.01651	0.01148	0.01723	0.00861	0.00646	0.00646	0.00215	0.00861	0.00574	0.00287	0.00718
62	0.01340	0.01148	0.01340	0.00957	0.01531	0.00861	0.00766	0.01627	0.01340	0.02105	0.01148	0.01340	0.00957	0.00479	0.00479	0.00096	0.00479	0.00383	0.00383	0.81242
63	0.00923	0.00692	0.01038	0.01038	0.01154	0.00808	0.00808	0.01154	0.01038	0.01500	0.01731	0.02538	0.01615	0.04846	0.74732	0.01038	0.01731	0.00692	0.00346	0.00577
64	0.05391	0.01449	0.01699	0.01365	0.01822	0.01548	0.04611	0.25058	0.25063	0.19287	0.02246	0.02113	0.03705	0.00822	0.00650	0.00206	0.00608	0.00670	0.00657	0.01029
65	0.00940	0.00626	0.00705	0.00705	0.00705	0.00626	0.00392	0.00940	0.00940	0.01253	0.02036	0.04228	0.02349	0.77292	0.03289	0.00626	0.00626	0.00940	0.00392	0.00392
66	0.00764	0.00655	0.00655	0.00655	0.00873	0.00545	0.00491	0.00927	0.01473	0.01745	0.06546	0.06218	0.73000	0.01636	0.00764	0.00218	0.00327	0.01364	0.00600	0.00545
67	0.01296	0.03342	0.73944	0.01842	0.02797	0.01501	0.02387	0.02046	0.01364	0.02046	0.01160	0.01364	0.00818	0.00614	0.00614	0.00205	0.00955	0.00477	0.00273	0.00955
68	0.00940	0.00626	0.00705	0.00705	0.00705	0.00626	0.00392	0.00940	0.00940	0.01253	0.02036	0.04228	0.02349	0.77292	0.03289	0.00626	0.00626	0.00940	0.00392	0.00392
69	0.01771	0.72941	0.03287	0.01141	0.01680	0.07141	0.01115	0.01976	0.01346	0.01524	0.00905	0.01045	0.00829	0.00560	0.00425	0.00140	0.00721	0.00350	0.00280	0.00824
70	0.01399	0.01220	0.01259	0.01149	0.01461	0.03449	0.00886	0.02699	0.49000	0.02497	0.12577	0.03325	0.14238	0.01055	0.00687	0.00215	0.00473	0.00884	0.00646	0.00881
71	0.00950	0.00680	0.01004	0.01004	0.01114	0.00782	0.00774	0.01152	0.01042	0.01522	0.01711	0.02496	0.01586	0.04478	0.66479	0.06029	0.01586	0.00680	0.04372	0.00560
72	0.00796	0.00659	0.00704	0.00729	0.00929	0.00567	0.00559	0.00972	0.01461	0.01761	0.06019	0.10450	0.61182	0.01676	0.00782	0.00230	0.00360	0.09015	0.00599	0.00550
73	0.01519	0.01701	0.03634	0.05871	0.09332	0.01617	0.62205	0.02045	0.01511	0.02056	0.01293	0.01730	0.00979	0.00552	0.00747	0.00216	0.01053	0.00739	0.00325	0.00878
74	0.01543	0.01478	0.02522	0.14537	0.63127	0.01521	0.01955	0.01934	0.01445	0.02043	0.01206	0.01617	0.01000	0.00586	0.00641	0.00195	0.00781	0.00575	0.00315	0.00978
75	0.02818	0.01141	0.01514	0.01171	0.01664	0.01022	0.00964	0.05737	0.05410	0.67518	0.02515	0.02185	0.01599	0.00803	0.00650	0.00201	0.00554	0.00651	0.00787	0.01096
76	0.01532	0.01474	0.02536	0.16344	0.59518	0.01521	0.03770	0.01928	0.01442	0.02030	0.01206	0.01624	0.00994	0.00587	0.00644	0.00197	0.00792	0.00580	0.00314	0.00967
77	0.01647	0.01625	0.02577	0.03832	0.69116	0.05792	0.01940	0.02018	0.01492	0.02080	0.01203	0.01574	0.01012	0.00581	0.00636	0.00190	0.00791	0.00566	0.00321	0.01008
78	0.01476	0.01312	0.01880	0.01493	0.01875	0.03410	0.18075	0.14520	0.12465	0.02614	0.21426	0.05233	0.09358	0.00995	0.00722	0.00210	0.00632	0.00912	0.00572	0.00821
79	0.00898	0.00622	0.00776	0.00814	0.00845	0.00633	0.00519	0.00968	0.01034	0.01399	0.02373	0.22577	0.02712	0.45025	0.15419	0.00607	0.00759	0.01126	0.00437	0.00459
80	0.01836	0.01355	0.01492	0.01297	0.01676	0.01502	0.01027	0.15775	0.43843	0.10873	0.02512	0.07161	0.01986	0.00960	0.00675	0.00218	0.00548	0.03605	0.00665	0.00996
81	0.01679	0.69291	0.11349	0.01189	0.01787	0.02437	0.01250	0.01947	0.01319	0.01580	0.00928	0.01073	0.00828	0.00560	0.00437	0.00146	0.00721	0.00360	0.00276	0.00843
82	0.29416	0.01426	0.01585	0.20322	0.02362	0.01635	0.01183	0.27403	0.01887	0.05207	0.01255	0.01443	0.00916	0.00683	0.00562	0.00202	0.00672	0.00502	0.00474	0.00864

[dist]
# distance from previous block
# <min> <max>
3	9

[block]
# block no. 3 follows, 34 sequences, length 78
# corresponding to MSA columns:
# 232-261,278-325
name=unknown_D
#
# <colnr> <probs for GDERKNQSTAVLIFYWHMCP>
#	G	D	E	R	K	N	Q	S	T	A	V	L	I	F	Y	W	H	M	C	P
0	0.01054	0.00679	0.00857	0.00911	0.01064	0.00619	0.00685	0.01226	0.01400	0.09225	0.04153	0.35341	0.21604	0.04095	0.00880	0.00262	0.00430	0.14300	0.00613	0.00599
1	0.02352	0.02410	0.01745	0.01514	0.01892	0.45272	0.01168	0.14935	0.06718	0.10091	0.04681	0.01599	0.01282	0.00744	0.00615	0.00180	0.00933	0.00527	0.00480	0.00862
2	0.02048	0.01510	0.01633	0.01362	0.01758	0.08509	0.03389	0.13449	0.28559	0.18863	0.07376	0.02230	0.01874	0.00854	0.00711	0.00207	0.03367	0.00686	0.00636	0.00978
3	0.00779	0.00594	0.00717	0.00815	0.00915	0.00532	0.00562	0.00909	0.01319	0.01683	0.04595	0.52395	0.28082	0.01890	0.00804	0.00247	0.00358	0.01673	0.00600	0.00532
4	0.07823	0.02844	0.01763	0.01585	0.01934	0.64782	0.01200	0.04689	0.01820	0.04371	0.01066	0.01207	0.00859	0.00670	0.00575	0.00171	0.01084	0.00425	0.00364	0.00769
5	0.07329	0.01782	0.01566	0.01367	0.01757	0.16873	0.01067	0.12519	0.40420	0.02651	0.01968	0.01900	0.01489	0.00785	0.00616	0.00199	0.00674	0.00606	0.00561	0.03871
6	0.01456	0.02227	0.25025	0.02457	0.03201	0.01594	0.50187	0.02063	0.01476	0.02063	0.01263	0.01628	0.00931	0.00566	0.00718	0.00214	0.01049	0.00676	0.00310	0.00897
7	0.00787	0.00562	0.00750	0.00900	0.00937	0.00525	0.00600	0.00900	0.01237	0.01649	0.03561	0.76871	0.04274	0.02024	0.00825	0.00262	0.00375	0.01837	0.00600	0.00525
8	0.09889	0.01670	0.03397	0.02462	0.03048	0.01637	0.59145	0.02019	0.01446	0.02123	0.01235	0.01650	0.00943	0.00588	0.00812	0.00220	0.05834	0.00707	0.00332	0.00843
9	0.01727	0.77681	0.03386	0.01106	0.01658	0.02557	0.01106	0.01935	0.01313	0.01520	0.00898	0.01036	0.00829	0.00553	0.00415	0.00138	0.00691	0.00345	0.00276	0.00829
10	0.00914	0.00660	0.00864	0.00813	0.00965	0.00610	0.00610	0.01219	0.01829	0.02591	0.72921	0.04827	0.06097	0.01321	0.00762	0.00203	0.00305	0.01169	0.00711	0.00610
11	0.01525	0.01743	0.03813	0.02723	0.03377	0.01634	0.70915	0.02070	0.01525	0.02070	0.01307	0.01743	0.00980	0.00545	0.00763	0.00218	0.01089	0.00763	0.00327	0.00871
12	0.01234	0.01162	0.01962	0.73212	0.06873	0.01439	0.01801	0.01663	0.01298	0.01667	0.01151	0.01718	0.00867	0.00644	0.00646	0.00215	0.00858	0.00574	0.00288	0.00729
13	0.00764	0.00655	0.00655	0.00655	0.00873	0.00545	0.00491	0.00927	0.01473	0.01745	0.06546	0.06218	0.73000	0.01636	0.00764	0.00218	0.00327	0.01364	0.00600	0.00545
14	0.01041	0.00744	0.01041	0.01190	0.01339	0.00744	0.01041	0.01339	0.01487	0.01934	0.03421	0.07288	0.03719	0.01785	0.00892	0.00297	0.00595	0.68913	0.00595	0.00595
15	0.00928	0.00669	0.00882	0.00852	0.01004	0.00624	0.00655	0.01232	0.01793	0.02523	0.65678	0.05083	0.05849	0.01369	0.00776	0.00213	0.00335	0.08228	0.00699	0.00608
16	0.01524	0.01726	0.03715	0.02736	0.05787	0.01641	0.66383	0.02051	0.01507	0.02056	0.01290	0.01728	0.00978	0.00564	0.00799	0.00219	0.03349	0.00750	0.00325	0.00872
17	0.02414	0.03079	0.01831	0.01665	0.01998	0.74698	0.01248	0.02580	0.01831	0.01581	0.00999	0.01165	0.00832	0.00666	0.00583	0.00166	0.01165	0.00416	0.00333	0.00749
18	0.00764	0.00655	0.00655	0.00655	0.00873	0.00545	0.00491	0.00927	0.01473	0.01745	0.06546	0.06218	0.73000	0.01636	0.00764	0.00218	0.00327	0.01364	0.00600	0.00545
19	0.01727	0.77681	0.03386	0.01106	0.01658	0.02557	0.01106	0.01935	0.01313	0.01520	0.00898	0.01036	0.00829	0.00553	0.00415	0.00138	0.00691	0.00345	0.00276	0.00829
20	0.01727	0.77681	0.03386	0.01106	0.01658	0.02557	0.01106	0.01935	0.01313	0.01520	0.00898	0.01036	0.00829	0.00553	0.00415	0.00138	0.00691	0.00345	0.00276	0.00829
21	0.00914	0.00660	0.00864	0.00813	0.00965	0.00610	0.00610	0.01219	0.01829	0.02591	0.72921	0.04827	0.06097	0.01321	0.00762	0.00203	0.00305	0.01169	0.00711	0.00610
22	0.00787	0.00562	0.00750	0.00900	0.00937	0.00525	0.00600	0.00900	0.01237	0.01649	0.03561	0.76871	0.04274	0.02024	0.00825	0.00262	0.00375	0.01837	0.00600	0.00525
23	0.01525	0.01743	0.03813	0.02723	0.03377	0.01634	0.70915	0.02070	0.01525	0.02070	0.01307	0.01743	0.00980	0.00545	0.00763	0.00218	0.01089	0.00763	0.00327	0.00871
24	0.01220	0.01148	0.01938	0.75739	0.04450	0.01436	0.01794	0.01651	0.01292	0.01651	0.01148	0.01723	0.00861	0.00646	0.00646	0.00215	0.00861	0.00574	0.00287	0.00718
25	0.81856	0.01250	0.00950	0.00850	0.01250	0.01449	0.00700	0.01899	0.01100	0.02899	0.00900	0.01050	0.00700	0.00600	0.00400	0.00200	0.00500	0.00350	0.00400	0.00700
26	0.01898	0.01223	0.01404	0.01211	0.01591	0.01306	0.00955	0.03102	0.44070	0.22988	0.10554	0.02623	0.02332	0.00905	0.00667	0.00212	0.00499	0.00757	0.00704	0.00998
27	0.00885	0.00648	0.00830	0.00808	0.00953	0.00593	0.00597	0.01154	0.01725	0.02399	0.58368	0.13494	0.12267	0.01434	0.00770	0.00212	0.00315	0.01266	0.00687	0.00593
28	0.00787	0.00562	0.00750	0.00900	0.00937	0.00525	0.00600	0.00900	0.01237	0.01649	0.03561	0.76871	0.04274	0.02024	0.00825	0.00262	0.00375	0.01837	0.00600	0.00525
29	0.02483	0.01766	0.01912	0.01466	0.01982	0.01939	0.01211	0.66944	0.02965	0.08338	0.01612	0.01591	0.01129	0.00777	0.00647	0.00194	0.00701	0.00586	0.00656	0.01099
30	0.01296	0.03342	0.73944	0.01842	0.02797	0.01501	0.02387	0.02046	0.01364	0.02046	0.01160	0.01364	0.00818	0.00614	0.00614	0.00205	0.00955	0.00477	0.00273	0.00955
31	0.00787	0.00562	0.00750	0.00900	0.00937	0.00525	0.00600	0.00900	0.01237	0.01649	0.03561	0.76871	0.04274	0.02024	0.00825	0.00262	0.00375	0.01837	0.00600	0.00525
32	0.01727	0.77681	0.03386	0.01106	0.01658	0.02557	0.01106	0.01935	0.01313	0.01520	0.00898	0.01036	0.00829	0.00553	0.00415	0.00138	0.00691	0.00345	0.00276	0.00829
33	0.01798	0.01450	0.01544	0.01338	0.01734	0.01651	0.01055	0.14954	0.57823	0.05468	0.02443	0.02257	0.01810	0.00857	0.00655	0.00214	0.00547	0.00702	0.00661	0.01038
34	0.01599	0.01535	0.02623	0.03966	0.73262	0.01535	0.01983	0.01983	0.01471	0.02111	0.01215	0.01599	0.01023	0.00576	0.00640	0.00192	0.00768	0.00576	0.00320	0.01023
35	0.02061	0.01287	0.01475	0.01257	0.01669	0.01376	0.00997	0.03333	0.47395	0.27670	0.02601	0.02336	0.01841	0.00850	0.00655	0.00212	0.00525	0.00702	0.00707	0.01050
36	0.01520	0.01727	0.03723	0.02673	0.03294	0.01651	0.67500	0.02044	0.01499	0.02044	0.01285	0.01727	0.00974	0.00573	0.00829	0.00221	0.04776	0.00753	0.00325	0.00863
37	0.06203	0.02750	0.01831	0.01701	0.04378	0.59907	0.01261	0.04576	0.01746	0.01740	0.01005	0.01208	0.00842	0.00704	0.00713	0.00180	0.07714	0.00437	0.00341	0.00763
38	0.00786	0.00566	0.00746	0.00891	0.00935	0.00526	0.00596	0.00901	0.01245	0.01653	0.03668	0.74351	0.06724	0.02010	0.00823	0.00261	0.00373	0.01820	0.00600	0.00526
39	0.02370	0.01713	0.01854	0.01442	0.01931	0.01884	0.01182	0.63635	0.04538	0.06404	0.01711	0.05296	0.01293	0.00840	0.00656	0.00198	0.00684	0.00649	0.00650	0.01069
40	0.01027	0.00759	0.01006	0.01122	0.01287	0.00755	0.00960	0.01378	0.04948	0.01940	0.03766	0.09062	0.12065	0.01730	0.00863	0.00283	0.00552	0.55291	0.00599	0.00608
41	0.00928	0.00710	0.01034	0.01109	0.01208	0.00706	0.04004	0.01120	0.01319	0.01754	0.03299	0.48263	0.03802	0.01843	0.00898	0.00272	0.03677	0.22910	0.00572	0.00571
42	0.02353	0.01758	0.01881	0.01466	0.01964	0.01955	0.01203	0.62845	0.11469	0.03905	0.01683	0.01656	0.01205	0.00788	0.00648	0.00197	0.00687	0.00600	0.00648	0.01090
43	0.01522	0.01772	0.05721	0.02629	0.03277	0.01629	0.65503	0.02136	0.04988	0.02100	0.01368	0.01765	0.01024	0.00563	0.00753	0.00218	0.01057	0.00753	0.00341	0.00881
44	0.01570	0.01702	0.08954	0.03735	0.64612	0.01536	0.04421	0.01992	0.01464	0.02104	0.01214	0.01583	0.01004	0.00578	0.00642	0.00194	0.00795	0.00574	0.00316	0.01012
45	0.00923	0.00692	0.01038	0.01038	0.01154	0.00808	0.00808	0.01154	0.01038	0.01500	0.01731	0.02538	0.01615	0.04846	0.74732	0.01038	0.01731	0.00692	0.00346	0.00577
46	0.01548	0.01483	0.02531	0.13622	0.64004	0.01522	0.01958	0.01938	0.01447	0.02049	0.01206	0.01616	0.01002	0.00585	0.00641	0.00195	0.00780	0.00576	0.00315	0.00982
47	0.01599	0.01535	0.02623	0.03966	0.73262	0.01535	0.01983	0.01983	0.01471	0.02111	0.01215	0.01599	0.01023	0.00576	0.00640	0.00192	0.00768	0.00576	0.00320	0.01023
48	0.01852	0.64608	0.03133	0.01176	0.01718	0.04347	0.01127	0.12106	0.01580	0.01896	0.00997	0.01115	0.00869	0.00588	0.00453	0.00147	0.00706	0.00382	0.00332	0.00867
49	0.02899	0.01100	0.01499	0.01150	0.01649	0.00950	0.00950	0.03149	0.01849	0.73709	0.02549	0.02199	0.01599	0.00800	0.00650	0.00200	0.00550	0.00650	0.00800	0.01100
50	0.01797	0.01373	0.01593	0.05710	0.06239	0.01535	0.01129	0.07314	0.50766	0.11560	0.02383	0.02243	0.01751	0.00829	0.00654	0.00213	0.00564	0.00693	0.00633	0.01020
51	0.01101	0.07655	0.01520	0.01216	0.01374	0.01175	0.05000	0.01310	0.01105	0.01549	0.01778	0.06941	0.04068	0.07284	0.40325	0.00682	0.14188	0.00751	0.00355	0.00624
52	0.00787	0.00562	0.00750	0.00900	0.00937	0.00525	0.00600	0.00900	0.01237	0.01649	0.03561	0.76871	0.04274	0.02024	0.00825	0.00262	0.00375	0.01837	0.00600	0.00525
53	0.02414	0.03079	0.01831	0.01665	0.01998	0.74698	0.01248	0.02580	0.01831	0.01581	0.00999	0.01165	0.00832	0.00666	0.00583	0.00166	0.01165	0.00416	0.00333	0.00749
54	0.01556	0.01293	0.01692	0.20786	0.08687	0.01464	0.01327	0.16392	0.19149	0.02482	0.02055	0.02697	0.03464	0.01098	0.04323	0.00261	0.00731	0.09168	0.00505	0.00872
55	0.01578	0.01500	0.02480	0.07939	0.62916	0.01536	0.01887	0.02091	0.07689	0.02136	0.01336	0.01678	0.01098	0.00606	0.00642	0.00196	0.00751	0.00589	0.00348	0.01005
56	0.02456	0.01810	0.01939	0.01487	0.02004	0.02004	0.01228	0.71107	0.03038	0.04072	0.01551	0.01551	0.01099	0.00776	0.00646	0.00194	0.00711	0.00582	0.00646	0.01099
57	0.01007	0.00720	0.00999	0.01132	0.01270	0.00712	0.00964	0.01287	0.01491	0.01959	0.09020	0.13745	0.03963	0.01771	0.00876	0.00287	0.00551	0.57053	0.00605	0.00589
58	0.00900	0.00673	0.00979	0.01006	0.01116	0.00752	0.00771	0.01113	0.01103	0.01548	0.02279	0.13760	0.05357	0.04179	0.57936	0.00861	0.01428	0.03268	0.00404	0.00568
59	0.00974	0.00681	0.00882	0.00856	0.01022	0.00628	0.00661	0.01257	0.01737	0.04624	0.53893	0.07073	0.12186	0.01411	0.00776	0.00218	0.00352	0.09468	0.00686	0.00615
60	0.01599	0.01535	0.02623	0.03966	0.73262	0.01535	0.01983	0.01983	0.01471	0.02111	0.01215	0.01599	0.01023	0.00576	0.00640	0.00192	0.00768	0.00576	0.00320	0.01023
61	0.12952	0.01023	0.01268	0.01038	0.01438	0.00954	0.00837	0.02566	0.03561	0.46985	0.09493	0.07442	0.02130	0.00910	0.00631	0.00203	0.00494	0.00744	0.04399	0.00933
62	0.04285	0.01014	0.01303	0.01071	0.01460	0.00939	0.00865	0.02604	0.09121	0.44676	0.17529	0.03045	0.05195	0.00973	0.00679	0.00206	0.00486	0.02864	0.00742	0.00942
63	0.05310	0.01012	0.01333	0.01058	0.01485	0.00892	0.00862	0.02679	0.01797	0.56076	0.13505	0.02794	0.06414	0.00921	0.00665	0.00201	0.00498	0.00760	0.00760	0.00978
64	0.49480	0.01079	0.01003	0.00888	0.01243	0.01159	0.00713	0.01913	0.01341	0.14616	0.10129	0.06627	0.05832	0.00865	0.00531	0.00205	0.00468	0.00645	0.00527	0.00737
65	0.22688	0.00895	0.00952	0.00889	0.01150	0.00909	0.00678	0.03744	0.01393	0.15962	0.02481	0.23696	0.05464	0.02912	0.00670	0.00221	0.00443	0.00944	0.13202	0.00708
66	0.00942	0.00693	0.00801	0.00774	0.00958	0.00628	0.00576	0.01198	0.03735	0.04540	0.29053	0.07004	0.34837	0.08159	0.00984	0.00252	0.00368	0.03282	0.00629	0.00589
67	0.01351	0.00768	0.00941	0.00835	0.01100	0.00669	0.00648	0.01587	0.01694	0.20024	0.29317	0.04716	0.31206	0.01314	0.00735	0.00208	0.00375	0.01115	0.00690	0.00707
68	0.00865	0.00623	0.00754	0.00792	0.00875	0.00584	0.00535	0.00997	0.01316	0.01751	0.18163	0.26295	0.14878	0.24723	0.01554	0.00355	0.00436	0.03438	0.00560	0.00508
69	0.00903	0.00663	0.00792	0.00836	0.00939	0.00628	0.00573	0.04393	0.01380	0.01811	0.10550	0.39030	0.18134	0.14841	0.01224	0.00307	0.00418	0.01457	0.00577	0.00542
70	0.00902	0.00656	0.00841	0.00801	0.00949	0.00604	0.00594	0.01182	0.01758	0.02463	0.64201	0.06758	0.10328	0.04092	0.00855	0.00221	0.00320	0.01190	0.00690	0.00595
71	0.00887	0.00620	0.00722	0.00747	0.00794	0.00595	0.00464	0.00955	0.01141	0.01509	0.09207	0.18785	0.11447	0.46739	0.02279	0.00469	0.00513	0.01187	0.00486	0.00455
72	0.05677	0.00684	0.00793	0.00789	0.00930	0.00644	0.00557	0.01148	0.01419	0.04536	0.24255	0.18889	0.19039	0.16313	0.01243	0.00301	0.00407	0.01231	0.00588	0.00559
73	0.00851	0.00597	0.00805	0.00944	0.00999	0.00569	0.00672	0.00979	0.01258	0.01669	0.03397	0.59089	0.03995	0.04515	0.00981	0.03191	0.00430	0.13955	0.00580	0.00524
74	0.00923	0.00692	0.01038	0.01038	0.01154	0.00808	0.00808	0.01154	0.01038	0.01500	0.01731	0.02538	0.01615	0.04846	0.74732	0.01038	0.01731	0.00692	0.00346	0.00577
75	0.00940	0.00626	0.00705	0.00705	0.00705	0.00626	0.00392	0.00940	0.00940	0.01253	0.02036	0.04228	0.02349	0.77292	0.03289	0.00626	0.00626	0.00940	0.00392	0.00392
76	0.01102	0.00645	0.00934	0.04381	0.04034	0.00659	0.00636	0.00951	0.00913	0.01221	0.01353	0.02497	0.01409	0.20630	0.02548	0.54164	0.00600	0.00656	0.00310	0.00359
77	0.00856	0.00649	0.00789	0.00773	0.00934	0.00582	0.00573	0.01100	0.01664	0.02244	0.46131	0.12063	0.26316	0.01484	0.00768	0.00213	0.00318	0.01291	0.00667	0.00582

[dist]
# distance from previous block
# <min> <max>
0	1

# created by:
# /home/cegg/simao/soft/augustus-3.2.1/scripts/msa2prfl.pl ./align_prep/EOG090W0H9K.fa
