[name]
unknown

[dist]
# distance from previous block
# <min> <max>
0	485

[block]
# block no. 0 follows, 31 sequences, length 39
# corresponding to MSA columns:
# 488-526
name=unknown_A
#
# <colnr> <probs for GDERKNQSTAVLIFYWHMCP>
#	G	D	E	R	K	N	Q	S	T	A	V	L	I	F	Y	W	H	M	C	P
0	0.10734	0.00874	0.01027	0.04070	0.01320	0.00866	0.00768	0.03061	0.02962	0.07158	0.18817	0.16154	0.13540	0.06494	0.00940	0.00264	0.00476	0.06951	0.00618	0.02904
1	0.01716	0.18528	0.05813	0.15399	0.10159	0.07805	0.01413	0.09534	0.06397	0.02241	0.04102	0.01924	0.04018	0.00749	0.00615	0.00191	0.00764	0.00594	0.03767	0.04272
2	0.05123	0.01476	0.01522	0.01294	0.01643	0.11715	0.03854	0.09971	0.07358	0.10119	0.08572	0.11015	0.07484	0.03988	0.00869	0.00228	0.03746	0.00875	0.00572	0.08575
3	0.01317	0.00853	0.01041	0.00972	0.01212	0.00788	0.00733	0.04374	0.04144	0.11258	0.17445	0.20209	0.15993	0.06078	0.00949	0.00257	0.00454	0.04947	0.00661	0.06313
4	0.01683	0.01468	0.02163	0.16634	0.31514	0.01578	0.01654	0.07602	0.16357	0.04371	0.01764	0.05054	0.01433	0.00778	0.00687	0.00215	0.00737	0.00698	0.00464	0.03146
5	0.22839	0.03990	0.18556	0.01534	0.06789	0.04032	0.02880	0.06200	0.04892	0.04492	0.11091	0.04131	0.01877	0.03072	0.00706	0.00226	0.00698	0.00658	0.00469	0.00866
6	0.09955	0.01134	0.01131	0.05069	0.01409	0.07932	0.00784	0.04076	0.01453	0.07530	0.06074	0.09252	0.05539	0.23416	0.01502	0.00345	0.00632	0.03136	0.04520	0.05114
7	0.00849	0.00681	0.00758	0.00768	0.00956	0.00590	0.00565	0.01050	0.01613	0.02043	0.21480	0.15675	0.47144	0.01711	0.00817	0.00234	0.00348	0.01464	0.00663	0.00590
8	0.02489	0.10011	0.02091	0.01708	0.02082	0.66700	0.01308	0.02669	0.01888	0.01668	0.01048	0.01221	0.00881	0.00694	0.00600	0.00173	0.01187	0.00434	0.00347	0.00801
9	0.01881	0.04476	0.11639	0.20480	0.02814	0.23037	0.01601	0.05233	0.10763	0.04491	0.01418	0.01659	0.01088	0.00760	0.00757	0.00212	0.05844	0.00561	0.00403	0.00881
10	0.01786	0.01068	0.01362	0.07265	0.01717	0.01089	0.00966	0.13625	0.04151	0.19718	0.07060	0.21799	0.04578	0.04711	0.05571	0.00308	0.00651	0.01074	0.00651	0.00851
11	0.00998	0.00657	0.00750	0.00762	0.00782	0.00652	0.00447	0.01041	0.01088	0.01497	0.05186	0.10388	0.02780	0.61923	0.02963	0.00581	0.00605	0.01063	0.05387	0.00450
12	0.11693	0.01932	0.13976	0.05742	0.11978	0.07609	0.08456	0.06550	0.04210	0.14224	0.05788	0.01905	0.01444	0.00741	0.00661	0.00212	0.00805	0.00626	0.00486	0.00963
13	0.26394	0.08700	0.12186	0.01672	0.08694	0.18500	0.01369	0.03742	0.01534	0.06617	0.01170	0.01347	0.00912	0.00687	0.00626	0.00201	0.03917	0.00464	0.00394	0.00874
14	0.01613	0.01602	0.02324	0.16975	0.43287	0.08946	0.01808	0.01982	0.01567	0.02081	0.05300	0.06456	0.01543	0.00773	0.00692	0.00210	0.00822	0.00710	0.00375	0.00934
15	0.01526	0.10807	0.54837	0.01809	0.02715	0.01640	0.04622	0.02196	0.01472	0.06039	0.01286	0.01471	0.00929	0.00644	0.00628	0.00203	0.00935	0.00507	0.00329	0.05404
16	0.01591	0.01211	0.01436	0.01035	0.01634	0.00922	0.00831	0.01891	0.01475	0.09519	0.01371	0.01514	0.01084	0.00542	0.00526	0.00113	0.00515	0.00435	0.00451	0.71906
17	0.01148	0.00601	0.00871	0.00880	0.00882	0.00599	0.00578	0.00905	0.00925	0.01234	0.01433	0.06414	0.01509	0.10034	0.02658	0.67375	0.00590	0.00711	0.00328	0.00324
18	0.01588	0.02063	0.13520	0.02870	0.09569	0.01701	0.53858	0.02180	0.01586	0.02192	0.01353	0.01776	0.01018	0.00590	0.00774	0.00226	0.01103	0.00747	0.00337	0.00949
19	0.00843	0.00694	0.00740	0.00729	0.00945	0.00592	0.00547	0.01048	0.01640	0.02040	0.20715	0.06269	0.57508	0.01661	0.00808	0.00228	0.00341	0.01400	0.00661	0.00592
20	0.01734	0.00872	0.01155	0.00996	0.01296	0.00778	0.00786	0.02027	0.01911	0.28100	0.40290	0.04262	0.08238	0.01232	0.00768	0.00218	0.00430	0.03299	0.00777	0.00831
21	0.04848	0.01293	0.01468	0.01274	0.01664	0.01382	0.01001	0.07671	0.35626	0.20628	0.05616	0.10093	0.02313	0.01036	0.00707	0.00228	0.00542	0.00868	0.00720	0.01024
22	0.00914	0.00743	0.00834	0.00856	0.01062	0.00683	0.00661	0.01208	0.05221	0.01950	0.08811	0.11279	0.46820	0.01914	0.04855	0.00293	0.00480	0.10173	0.00628	0.00615
23	0.01795	0.01516	0.01600	0.01411	0.01815	0.01745	0.01106	0.10492	0.63444	0.03013	0.02666	0.02458	0.01992	0.00917	0.00695	0.00229	0.00563	0.00757	0.00695	0.01091
24	0.02339	0.01338	0.01582	0.01295	0.01744	0.01374	0.01042	0.14203	0.23891	0.31663	0.09704	0.02576	0.02227	0.00926	0.00702	0.00217	0.00571	0.00760	0.00762	0.01084
25	0.12842	0.01533	0.01577	0.01346	0.01778	0.01736	0.01073	0.19986	0.40197	0.04980	0.02358	0.02231	0.03615	0.00881	0.00659	0.00222	0.00589	0.00695	0.00658	0.01044
26	0.02080	0.01565	0.01694	0.01418	0.01861	0.01746	0.01132	0.25448	0.40014	0.08753	0.05072	0.02331	0.01920	0.00905	0.00696	0.00221	0.00607	0.00732	0.00706	0.01099
27	0.01052	0.00800	0.00980	0.00917	0.01114	0.00779	0.00693	0.01575	0.10936	0.02687	0.57092	0.04892	0.11127	0.01364	0.00792	0.00219	0.00354	0.01193	0.00736	0.00698
28	0.00850	0.00602	0.00789	0.00932	0.00968	0.00566	0.00613	0.00957	0.01279	0.01705	0.03610	0.68462	0.04323	0.09467	0.01132	0.00316	0.00423	0.01851	0.00613	0.00542
29	0.17445	0.01175	0.01342	0.01144	0.01533	0.01188	0.00904	0.08917	0.08453	0.30231	0.02459	0.16074	0.02058	0.03045	0.00747	0.00238	0.00551	0.00876	0.00683	0.00938
30	0.18856	0.01174	0.01232	0.01107	0.01435	0.01261	0.00858	0.09931	0.17163	0.09474	0.07765	0.15429	0.07240	0.03132	0.00755	0.00241	0.00515	0.00952	0.00632	0.00848
31	0.01066	0.00747	0.00931	0.00875	0.01050	0.00707	0.00648	0.01399	0.04654	0.05156	0.48016	0.04901	0.13164	0.09325	0.04103	0.00301	0.00443	0.01174	0.00689	0.00651
32	0.09486	0.00670	0.00903	0.00892	0.00936	0.00692	0.00609	0.01008	0.00920	0.01384	0.01164	0.01979	0.01142	0.02195	0.02439	0.71768	0.00587	0.00571	0.00310	0.00343
33	0.00942	0.00649	0.00806	0.00888	0.00988	0.00592	0.00607	0.01074	0.01378	0.04758	0.06126	0.49448	0.18207	0.08848	0.01093	0.00299	0.00417	0.01679	0.00627	0.00576
34	0.01234	0.00845	0.01267	0.03334	0.08522	0.00933	0.00918	0.01203	0.01069	0.01500	0.01540	0.02263	0.04169	0.02339	0.12651	0.42803	0.09037	0.00654	0.03206	0.00512
35	0.02066	0.12161	0.16798	0.01733	0.02312	0.24469	0.06358	0.13919	0.09411	0.02382	0.01389	0.01516	0.01068	0.00713	0.00635	0.00196	0.00961	0.00537	0.00425	0.00953
36	0.00972	0.00729	0.02383	0.00800	0.00880	0.00665	0.00530	0.01069	0.01203	0.01621	0.08118	0.11617	0.12014	0.46480	0.04344	0.00515	0.00594	0.01133	0.03838	0.00496
37	0.00966	0.00682	0.00820	0.00843	0.00994	0.00620	0.00605	0.01153	0.01518	0.04714	0.17848	0.26203	0.27088	0.06333	0.04062	0.00302	0.00448	0.01444	0.02757	0.00601
38	0.01514	0.01240	0.01199	0.01077	0.01240	0.09167	0.00756	0.13643	0.03957	0.02033	0.01909	0.03279	0.01938	0.42823	0.04723	0.00489	0.03435	0.00817	0.04119	0.00644

[dist]
# distance from previous block
# <min> <max>
2	22

[block]
# block no. 1 follows, 31 sequences, length 22
# corresponding to MSA columns:
# 549-570
name=unknown_B
#
# <colnr> <probs for GDERKNQSTAVLIFYWHMCP>
#	G	D	E	R	K	N	Q	S	T	A	V	L	I	F	Y	W	H	M	C	P
0	0.02483	0.01416	0.03810	0.01370	0.03983	0.01343	0.01102	0.24309	0.02258	0.34461	0.04467	0.02487	0.05895	0.03725	0.00794	0.00226	0.00630	0.00728	0.03453	0.01060
1	0.00898	0.00690	0.00821	0.00801	0.00982	0.00613	0.00596	0.01149	0.01750	0.02332	0.41964	0.10148	0.31630	0.01576	0.00812	0.00225	0.00337	0.01363	0.00700	0.00613
2	0.01645	0.01398	0.02272	0.45325	0.14442	0.01583	0.06549	0.09537	0.01662	0.06956	0.01388	0.01820	0.01029	0.00692	0.00692	0.00221	0.00873	0.00629	0.00392	0.00894
3	0.01554	0.10609	0.10316	0.22736	0.08313	0.09909	0.11082	0.01963	0.01494	0.01885	0.01487	0.06243	0.01330	0.00827	0.00737	0.00220	0.03239	0.04868	0.00355	0.00833
4	0.01635	0.01593	0.02766	0.11526	0.55861	0.01644	0.07336	0.02048	0.01518	0.02152	0.01269	0.01710	0.01053	0.00642	0.00761	0.00213	0.04294	0.00624	0.00334	0.01021
5	0.00844	0.00693	0.00734	0.00725	0.00935	0.00593	0.00538	0.01037	0.01607	0.01989	0.18246	0.06246	0.57381	0.04308	0.00903	0.00244	0.00354	0.01391	0.00648	0.00584
6	0.01757	0.39470	0.27177	0.01522	0.02219	0.11056	0.01657	0.02229	0.03828	0.01853	0.01123	0.01284	0.00916	0.00634	0.00543	0.00177	0.00885	0.00437	0.00313	0.00921
7	0.04386	0.03924	0.08685	0.05801	0.20725	0.01626	0.05361	0.12228	0.09182	0.10178	0.01669	0.01971	0.01303	0.05511	0.00921	0.00244	0.04157	0.00647	0.00482	0.00998
8	0.01392	0.03422	0.68168	0.02087	0.07149	0.01591	0.02502	0.02163	0.01451	0.02171	0.01231	0.01460	0.00880	0.00648	0.00652	0.00216	0.00999	0.00512	0.00292	0.01016
9	0.01003	0.00774	0.01046	0.01278	0.07326	0.00752	0.00847	0.01266	0.04559	0.01886	0.03730	0.42996	0.10812	0.05304	0.00976	0.00289	0.00490	0.13431	0.00601	0.00636
10	0.02164	0.08638	0.11415	0.07027	0.12497	0.04173	0.01530	0.20474	0.04575	0.16526	0.03257	0.01821	0.01318	0.00755	0.00658	0.00204	0.00770	0.00605	0.00542	0.01050
11	0.03958	0.04632	0.06658	0.06223	0.38153	0.06751	0.01755	0.10752	0.05000	0.04776	0.03833	0.01787	0.01295	0.00699	0.00663	0.00204	0.00804	0.00608	0.00427	0.01024
12	0.01271	0.00790	0.00926	0.00870	0.01123	0.00696	0.00659	0.01528	0.03812	0.14745	0.13931	0.15494	0.38440	0.01563	0.00792	0.00232	0.00400	0.01331	0.00691	0.00706
13	0.02217	0.05802	0.04200	0.06163	0.09174	0.33283	0.06173	0.09056	0.08689	0.06621	0.01443	0.01594	0.01111	0.00721	0.00652	0.00196	0.00983	0.00556	0.00440	0.00927
14	0.01658	0.07336	0.21749	0.13521	0.16320	0.09281	0.06773	0.04176	0.01588	0.03952	0.01493	0.01778	0.03426	0.00696	0.00656	0.00206	0.00907	0.00592	0.02962	0.00929
15	0.12187	0.22316	0.06406	0.01357	0.01861	0.11075	0.01200	0.15124	0.14554	0.02591	0.01669	0.01710	0.03711	0.00761	0.00580	0.00193	0.00741	0.00546	0.00478	0.00938
16	0.00986	0.00659	0.00749	0.00758	0.00760	0.00657	0.00427	0.00992	0.01013	0.01351	0.02249	0.08582	0.02605	0.71690	0.03331	0.00641	0.00648	0.01050	0.00427	0.00423
17	0.01401	0.02502	0.39091	0.06509	0.08816	0.01493	0.11095	0.03611	0.03063	0.02210	0.05863	0.02013	0.03260	0.00984	0.04887	0.00269	0.00977	0.00654	0.00363	0.00938
18	0.04869	0.10495	0.11109	0.07439	0.32281	0.07302	0.04901	0.05896	0.05228	0.02258	0.01308	0.01594	0.01048	0.00652	0.00640	0.00201	0.00854	0.00565	0.00368	0.00991
19	0.01673	0.35692	0.31834	0.01655	0.02421	0.02131	0.07214	0.06380	0.01546	0.02057	0.01144	0.01335	0.00904	0.00626	0.00571	0.00186	0.00882	0.00475	0.00320	0.00954
20	0.01550	0.00926	0.01139	0.01035	0.01330	0.00876	0.00830	0.04152	0.07943	0.18350	0.21388	0.04889	0.19851	0.01368	0.00788	0.00235	0.00469	0.11360	0.00720	0.00801
21	0.01564	0.01573	0.10502	0.01832	0.14360	0.05574	0.03112	0.09386	0.01792	0.07131	0.09170	0.11139	0.12321	0.01164	0.00749	0.00227	0.00678	0.06323	0.00544	0.00860

[dist]
# distance from previous block
# <min> <max>
0	3

[block]
# block no. 2 follows, 31 sequences, length 47
# corresponding to MSA columns:
# 575-593,607-634
name=unknown_C
#
# <colnr> <probs for GDERKNQSTAVLIFYWHMCP>
#	G	D	E	R	K	N	Q	S	T	A	V	L	I	F	Y	W	H	M	C	P
0	0.06599	0.04058	0.08033	0.02919	0.32205	0.01619	0.16853	0.04221	0.04159	0.10451	0.01503	0.01759	0.01140	0.00651	0.00684	0.00211	0.00846	0.00639	0.00422	0.01027
1	0.29542	0.08633	0.06278	0.01415	0.03614	0.07457	0.01193	0.02186	0.07701	0.05201	0.01242	0.01471	0.01009	0.00924	0.02962	0.00249	0.17180	0.00502	0.00408	0.00832
2	0.08501	0.01072	0.01154	0.03797	0.05306	0.06535	0.00881	0.01621	0.06087	0.04491	0.12693	0.21881	0.15846	0.01438	0.00761	0.00238	0.00529	0.05873	0.00592	0.00705
3	0.04156	0.01783	0.08591	0.01425	0.01937	0.10015	0.04987	0.06968	0.11941	0.04577	0.05445	0.01871	0.01488	0.00853	0.02668	0.00204	0.03778	0.00583	0.00476	0.26254
4	0.01037	0.00758	0.01006	0.00986	0.01064	0.00846	0.00703	0.01234	0.03637	0.01575	0.04931	0.03412	0.02181	0.31880	0.35729	0.03062	0.04152	0.00848	0.00409	0.00551
5	0.01320	0.01182	0.01149	0.04186	0.01427	0.09384	0.00831	0.06879	0.07760	0.02259	0.16622	0.04433	0.26135	0.05617	0.03229	0.00273	0.00594	0.03390	0.02623	0.00708
6	0.05794	0.01194	0.03080	0.06377	0.01697	0.01264	0.00982	0.02425	0.34140	0.02525	0.13810	0.12451	0.09093	0.01188	0.00729	0.00233	0.00509	0.01014	0.00638	0.00858
7	0.01698	0.02079	0.20273	0.06312	0.18417	0.01671	0.05780	0.14497	0.09999	0.02652	0.05903	0.01946	0.01480	0.00769	0.00746	0.00218	0.03439	0.00654	0.00455	0.01013
8	0.00834	0.00595	0.00794	0.00953	0.00992	0.00556	0.00635	0.00953	0.01310	0.01746	0.03771	0.75510	0.04525	0.02143	0.00873	0.00278	0.00397	0.01945	0.00635	0.00556
9	0.01465	0.01309	0.01527	0.01104	0.01706	0.03472	0.03192	0.01774	0.01444	0.02209	0.01216	0.01427	0.01010	0.00516	0.00521	0.00108	0.00554	0.00420	0.00401	0.74623
10	0.01786	0.04015	0.25162	0.01997	0.12857	0.01431	0.05355	0.04304	0.01628	0.16583	0.07930	0.02163	0.01674	0.04368	0.00916	0.00238	0.05475	0.00671	0.00475	0.00972
11	0.01960	0.09003	0.09440	0.02826	0.32497	0.17332	0.05960	0.06692	0.01739	0.04372	0.01274	0.01541	0.01021	0.00651	0.00649	0.00196	0.00926	0.00556	0.00372	0.00992
12	0.70630	0.01382	0.01185	0.01146	0.05634	0.01581	0.00862	0.06650	0.01329	0.03104	0.01020	0.01183	0.00791	0.00646	0.00457	0.00211	0.00562	0.00402	0.00436	0.00791
13	0.01045	0.00793	0.01163	0.03340	0.11857	0.00775	0.00919	0.01189	0.01327	0.01779	0.03078	0.43120	0.05494	0.04890	0.01136	0.08516	0.00526	0.07898	0.00537	0.00617
14	0.07192	0.07375	0.04652	0.01806	0.10664	0.07464	0.01350	0.26686	0.11535	0.09731	0.01676	0.01721	0.01241	0.00779	0.00692	0.00206	0.03030	0.00591	0.00561	0.01047
15	0.01777	0.08004	0.05026	0.08823	0.18885	0.06086	0.07748	0.10019	0.01662	0.04281	0.01286	0.01627	0.01042	0.00870	0.03200	0.00237	0.11198	0.00582	0.00388	0.07260
16	0.01674	0.12016	0.37746	0.02084	0.11835	0.01763	0.03912	0.06015	0.04106	0.06631	0.01361	0.01556	0.01017	0.00695	0.00721	0.00210	0.04736	0.00543	0.00370	0.01009
17	0.01587	0.18540	0.33945	0.02075	0.09277	0.01787	0.12733	0.02134	0.01486	0.04913	0.01369	0.04686	0.01109	0.00693	0.00644	0.00205	0.00911	0.00603	0.00341	0.00962
18	0.00817	0.00690	0.00707	0.00709	0.00931	0.00580	0.00529	0.00996	0.01569	0.01887	0.09892	0.08725	0.66176	0.01730	0.00811	0.00232	0.00347	0.01450	0.00641	0.00580
19	0.00897	0.00683	0.00892	0.01052	0.04057	0.00631	0.00708	0.01073	0.01451	0.01906	0.10894	0.46796	0.18095	0.01904	0.00850	0.00262	0.00413	0.06206	0.00634	0.00597
20	0.07443	0.04945	0.18186	0.04464	0.23124	0.08142	0.14485	0.04301	0.01606	0.05049	0.01301	0.01588	0.00999	0.00640	0.00664	0.00208	0.00927	0.00585	0.00365	0.00976
21	0.01354	0.01409	0.12195	0.04528	0.12304	0.01091	0.09091	0.01711	0.01476	0.07530	0.02519	0.30132	0.02597	0.01303	0.00775	0.00244	0.00683	0.05435	0.02818	0.00806
22	0.00984	0.00742	0.00917	0.00891	0.01066	0.00701	0.00667	0.01372	0.06400	0.02503	0.48807	0.12322	0.15365	0.01503	0.00810	0.00227	0.00356	0.02993	0.00717	0.00655
23	0.01704	0.29362	0.14210	0.07910	0.21296	0.06668	0.01729	0.02080	0.01459	0.01888	0.01112	0.01404	0.00936	0.00652	0.00670	0.00190	0.04994	0.00492	0.00310	0.00934
24	0.01524	0.13241	0.21580	0.10001	0.17308	0.01723	0.11347	0.02121	0.05786	0.02104	0.03337	0.01888	0.03668	0.00700	0.00663	0.00208	0.00866	0.00629	0.00359	0.00947
25	0.01607	0.01527	0.01533	0.01384	0.01571	0.16176	0.01094	0.08168	0.01501	0.01988	0.01492	0.02008	0.01311	0.02440	0.27291	0.00539	0.17626	0.00621	0.09389	0.00735
26	0.00868	0.00631	0.00819	0.00909	0.00995	0.00581	0.00629	0.01046	0.01497	0.02022	0.22167	0.51485	0.09991	0.01913	0.00851	0.00258	0.00373	0.01718	0.00667	0.00581
27	0.07586	0.06904	0.08478	0.04001	0.11992	0.10745	0.10752	0.08549	0.01647	0.06387	0.01316	0.01622	0.01046	0.01001	0.05137	0.00268	0.10675	0.00584	0.00399	0.00912
28	0.01091	0.00773	0.00954	0.01009	0.01139	0.00757	0.00724	0.07033	0.03286	0.03739	0.05676	0.49413	0.09602	0.05742	0.00981	0.00286	0.00459	0.06060	0.00638	0.00638
29	0.74448	0.01371	0.01090	0.00954	0.01388	0.01582	0.00786	0.07477	0.01331	0.03170	0.01009	0.01154	0.00775	0.00650	0.00445	0.00211	0.00547	0.00390	0.00445	0.00775
30	0.01814	0.30470	0.11737	0.01542	0.01971	0.08974	0.01461	0.04416	0.01429	0.04834	0.01080	0.01354	0.00928	0.00818	0.01073	0.00212	0.24193	0.00487	0.00338	0.00869
31	0.00978	0.00730	0.01083	0.01083	0.01199	0.00846	0.00834	0.01211	0.01095	0.01576	0.01848	0.02773	0.01747	0.08500	0.69927	0.01079	0.01777	0.00745	0.00369	0.00601
32	0.01889	0.39755	0.02962	0.09035	0.16426	0.12624	0.01460	0.05132	0.01584	0.01881	0.01092	0.01334	0.00937	0.00628	0.00549	0.00173	0.00840	0.00461	0.00329	0.00909
33	0.01188	0.00594	0.00891	0.00891	0.00891	0.00594	0.00594	0.00891	0.00891	0.01188	0.01188	0.02080	0.01188	0.02377	0.02674	0.80095	0.00594	0.00594	0.00297	0.00297
34	0.01633	0.09229	0.08764	0.19627	0.34890	0.01701	0.05125	0.02060	0.01491	0.04905	0.01282	0.01669	0.01021	0.00654	0.00707	0.00209	0.03135	0.00588	0.00342	0.00967
35	0.08798	0.15751	0.15357	0.01765	0.06992	0.21401	0.04272	0.04241	0.06338	0.07032	0.01339	0.01472	0.01033	0.00684	0.00599	0.00193	0.00904	0.00505	0.00402	0.00925
36	0.80789	0.01323	0.01006	0.00900	0.01323	0.01535	0.00741	0.02011	0.01164	0.03070	0.00953	0.01111	0.00741	0.00635	0.00423	0.00212	0.00529	0.00370	0.00423	0.00741
37	0.01361	0.01126	0.01794	0.20615	0.21603	0.01198	0.03250	0.01638	0.01330	0.04803	0.01756	0.07056	0.01700	0.22038	0.05549	0.00394	0.00828	0.00813	0.00393	0.00755
38	0.00947	0.00690	0.00891	0.00859	0.01014	0.00634	0.00637	0.01243	0.01859	0.02603	0.61559	0.11331	0.10206	0.01484	0.00813	0.00222	0.00331	0.01311	0.00736	0.00634
39	0.02601	0.01916	0.02053	0.01574	0.02122	0.02122	0.01300	0.69408	0.03217	0.04312	0.01643	0.01643	0.01163	0.00821	0.00684	0.00205	0.00753	0.00616	0.00684	0.01163
40	0.80789	0.01323	0.01006	0.00900	0.01323	0.01535	0.00741	0.02011	0.01164	0.03070	0.00953	0.01111	0.00741	0.00635	0.00423	0.00212	0.00529	0.00370	0.00423	0.00741
41	0.04913	0.01234	0.01484	0.01211	0.01662	0.01224	0.00978	0.06891	0.19494	0.41048	0.02558	0.02333	0.01742	0.00854	0.00659	0.00211	0.00552	0.00691	0.09189	0.01074
42	0.00955	0.00693	0.00900	0.00860	0.01017	0.00638	0.00640	0.01261	0.01888	0.02655	0.65176	0.09113	0.08731	0.01453	0.00811	0.00219	0.00328	0.01285	0.00742	0.00638
43	0.00977	0.00733	0.01100	0.01100	0.01222	0.00855	0.00855	0.01222	0.01100	0.01588	0.01833	0.02688	0.01710	0.05131	0.73245	0.01100	0.01833	0.00733	0.00367	0.00611
44	0.13383	0.03625	0.01684	0.18633	0.09856	0.07645	0.01310	0.01747	0.01329	0.01956	0.01461	0.02193	0.01300	0.02040	0.21639	0.00475	0.04295	0.04314	0.00366	0.00748
45	0.01336	0.06208	0.01381	0.01155	0.01308	0.07693	0.00879	0.04192	0.03627	0.01745	0.04506	0.06202	0.03863	0.20129	0.16980	0.04999	0.09203	0.03533	0.00428	0.00633
46	0.02223	0.27231	0.02594	0.01748	0.08904	0.22231	0.01339	0.17435	0.01980	0.04484	0.01223	0.01367	0.00989	0.00699	0.00625	0.00180	0.02899	0.00484	0.00420	0.00944

[dist]
# distance from previous block
# <min> <max>
0	1

[block]
# block no. 3 follows, 31 sequences, length 73
# corresponding to MSA columns:
# 636-679,686-714
name=unknown_D
#
# <colnr> <probs for GDERKNQSTAVLIFYWHMCP>
#	G	D	E	R	K	N	Q	S	T	A	V	L	I	F	Y	W	H	M	C	P
0	0.04350	0.04066	0.13172	0.01684	0.08344	0.10349	0.05033	0.07637	0.01657	0.02321	0.01418	0.01614	0.03257	0.00640	0.00595	0.00163	0.00764	0.00515	0.00399	0.32022
1	0.04535	0.15260	0.30594	0.01981	0.11213	0.08029	0.04773	0.02270	0.01559	0.09054	0.03674	0.01615	0.01171	0.00680	0.00622	0.00199	0.00881	0.00540	0.00380	0.00968
2	0.00876	0.00671	0.00948	0.01016	0.01113	0.00620	0.03971	0.01033	0.01381	0.01829	0.07382	0.61415	0.11193	0.01988	0.00860	0.00268	0.00425	0.01803	0.00627	0.00580
3	0.01287	0.04676	0.01278	0.01102	0.03729	0.04424	0.03069	0.05002	0.01788	0.06704	0.24685	0.06984	0.29941	0.01358	0.00764	0.00217	0.00483	0.01155	0.00636	0.00719
4	0.01868	0.18715	0.16729	0.04301	0.18745	0.09430	0.06031	0.12150	0.01783	0.02317	0.01234	0.01470	0.00978	0.00654	0.00622	0.00193	0.00894	0.00531	0.00371	0.00986
5	0.00863	0.00618	0.00823	0.00954	0.01015	0.00578	0.00657	0.01018	0.01406	0.01894	0.12848	0.63106	0.04759	0.02032	0.00867	0.00271	0.00397	0.04673	0.00651	0.00571
6	0.01060	0.00724	0.00938	0.00962	0.01130	0.00670	0.00748	0.01319	0.01686	0.05886	0.30608	0.18537	0.14871	0.01666	0.00844	0.00251	0.00423	0.16344	0.00691	0.00643
7	0.11369	0.01429	0.01537	0.01393	0.04148	0.01592	0.01061	0.10379	0.41344	0.10644	0.02352	0.02227	0.01731	0.00855	0.00649	0.00220	0.00565	0.00686	0.04781	0.01037
8	0.01672	0.19637	0.38102	0.01979	0.07897	0.07976	0.07107	0.02221	0.01512	0.04145	0.01212	0.01424	0.00925	0.00637	0.00615	0.00197	0.00949	0.00505	0.00320	0.00966
9	0.00982	0.00738	0.00914	0.00863	0.01047	0.00690	0.00649	0.01366	0.05445	0.02613	0.57918	0.05202	0.16155	0.01425	0.00801	0.00218	0.00338	0.01245	0.00732	0.00658
10	0.00991	0.00725	0.01062	0.01062	0.01180	0.00836	0.00817	0.01227	0.01109	0.01617	0.01866	0.02769	0.01750	0.08401	0.66686	0.01037	0.01710	0.00742	0.03810	0.00602
11	0.44380	0.01458	0.01441	0.07171	0.01866	0.01634	0.01018	0.20423	0.01826	0.10979	0.01356	0.01450	0.00976	0.00713	0.00545	0.00211	0.00627	0.00492	0.00531	0.00904
12	0.01349	0.01075	0.01644	0.02234	0.29501	0.01036	0.01234	0.01609	0.01500	0.07016	0.05155	0.23599	0.13332	0.03490	0.02852	0.00267	0.00615	0.01157	0.00521	0.00816
13	0.02653	0.01289	0.01599	0.01285	0.01774	0.01260	0.01042	0.06641	0.21720	0.48924	0.02672	0.02360	0.01781	0.00869	0.00690	0.00217	0.00579	0.00709	0.00796	0.01141
14	0.02602	0.01748	0.01926	0.01484	0.02005	0.01890	0.01217	0.56449	0.02930	0.14444	0.01825	0.01869	0.01301	0.04082	0.00806	0.00226	0.00723	0.00643	0.00697	0.01131
15	0.01074	0.00749	0.01113	0.01100	0.01239	0.00852	0.00855	0.01315	0.01149	0.05039	0.01942	0.05213	0.01808	0.04818	0.67176	0.01027	0.01721	0.00773	0.00399	0.00636
16	0.01747	0.01492	0.01573	0.01401	0.01796	0.01723	0.01094	0.06955	0.67060	0.02935	0.02727	0.02507	0.02042	0.00923	0.00696	0.00231	0.00552	0.00766	0.00696	0.01087
17	0.02556	0.03261	0.01939	0.01763	0.02115	0.73210	0.01322	0.02732	0.01939	0.01674	0.01058	0.01234	0.00881	0.00705	0.00617	0.00176	0.01234	0.00441	0.00353	0.00793
18	0.01419	0.01216	0.01419	0.01013	0.01621	0.00912	0.00811	0.01723	0.01419	0.02229	0.01216	0.01419	0.01013	0.00507	0.00507	0.00101	0.00507	0.00405	0.00405	0.80139
19	0.00834	0.00595	0.00794	0.00953	0.00992	0.00556	0.00635	0.00953	0.01310	0.01746	0.03771	0.75510	0.04525	0.02143	0.00873	0.00278	0.00397	0.01945	0.00635	0.00556
20	0.01497	0.01497	0.02095	0.01796	0.01796	0.02095	0.01497	0.01646	0.01048	0.01646	0.00898	0.01497	0.00898	0.01197	0.02245	0.00299	0.74704	0.00599	0.00299	0.00748
21	0.01972	0.01192	0.01465	0.01096	0.01649	0.00966	0.00883	0.04488	0.01651	0.25231	0.01842	0.05335	0.01413	0.00709	0.00590	0.00150	0.00534	0.00580	0.00571	0.47684
22	0.01809	0.73183	0.06595	0.01205	0.01809	0.02658	0.01230	0.02054	0.01392	0.01634	0.00963	0.01113	0.00877	0.00588	0.00448	0.00149	0.00744	0.00372	0.00292	0.00884
23	0.00891	0.00682	0.00817	0.00813	0.00982	0.00608	0.00598	0.01130	0.01708	0.02273	0.38113	0.15881	0.29770	0.01628	0.00817	0.00230	0.00342	0.01415	0.00693	0.00608
24	0.00995	0.00663	0.00746	0.00746	0.00746	0.00663	0.00415	0.00995	0.00995	0.01327	0.02156	0.04477	0.02487	0.75957	0.03482	0.00663	0.00663	0.00995	0.00415	0.00415
25	0.01470	0.01247	0.01446	0.01038	0.01643	0.00965	0.00832	0.04683	0.01497	0.02320	0.01235	0.01428	0.01020	0.00520	0.00514	0.00106	0.00517	0.00415	0.00418	0.76685
26	0.80789	0.01323	0.01006	0.00900	0.01323	0.01535	0.00741	0.02011	0.01164	0.03070	0.00953	0.01111	0.00741	0.00635	0.00423	0.00212	0.00529	0.00370	0.00423	0.00741
27	0.00916	0.00690	0.00847	0.00822	0.00994	0.00621	0.00611	0.01184	0.01791	0.02433	0.49304	0.10508	0.23689	0.01541	0.00812	0.00224	0.00334	0.01343	0.00713	0.00621
28	0.01483	0.01064	0.00849	0.00820	0.01011	0.12429	0.00615	0.01779	0.01517	0.02408	0.02041	0.02337	0.01612	0.00782	0.00501	0.00162	0.00467	0.00606	0.66854	0.00663
29	0.01693	0.01626	0.02777	0.04199	0.71689	0.01626	0.02100	0.02100	0.01558	0.02235	0.01287	0.01693	0.01084	0.00610	0.00677	0.00203	0.00813	0.00610	0.00339	0.01084
30	0.01081	0.00772	0.01078	0.01235	0.01383	0.00769	0.01065	0.01380	0.01554	0.02023	0.03634	0.13134	0.03984	0.01910	0.00939	0.00312	0.00611	0.61879	0.00630	0.00624
31	0.01372	0.03539	0.72412	0.01950	0.02961	0.01589	0.02528	0.02167	0.01444	0.02167	0.01228	0.01444	0.00867	0.00650	0.00650	0.00217	0.01011	0.00506	0.00289	0.01011
32	0.03051	0.01195	0.01607	0.01232	0.01762	0.01051	0.01017	0.06010	0.02009	0.69415	0.02656	0.02301	0.01672	0.00846	0.00688	0.00211	0.00589	0.00685	0.00840	0.01164
33	0.01372	0.03539	0.72412	0.01950	0.02961	0.01589	0.02528	0.02167	0.01444	0.02167	0.01228	0.01444	0.00867	0.00650	0.00650	0.00217	0.01011	0.00506	0.00289	0.01011
34	0.00963	0.00699	0.00908	0.00855	0.01019	0.00643	0.00642	0.01281	0.01925	0.02715	0.69301	0.05157	0.08499	0.01409	0.00807	0.00216	0.00324	0.01244	0.00749	0.00643
35	0.00941	0.00698	0.00877	0.00833	0.01006	0.00634	0.00624	0.01239	0.01873	0.02593	0.60522	0.05358	0.17355	0.01455	0.00807	0.00218	0.00327	0.01272	0.00733	0.00634
36	0.01368	0.01271	0.02078	0.65569	0.06628	0.01576	0.01862	0.04495	0.01433	0.01863	0.01220	0.01796	0.00927	0.00712	0.00760	0.00230	0.04498	0.00608	0.00320	0.00786
37	0.01105	0.00772	0.00961	0.01018	0.01231	0.00713	0.00851	0.01357	0.01593	0.06465	0.04957	0.06894	0.32221	0.01757	0.00871	0.00273	0.00507	0.35165	0.00646	0.00642
38	0.02460	0.01314	0.01580	0.01274	0.01735	0.01320	0.01031	0.15112	0.17207	0.36981	0.08196	0.02490	0.02080	0.00904	0.00693	0.00214	0.00575	0.00738	0.03007	0.01088
39	0.01815	0.00840	0.00990	0.00875	0.01158	0.00790	0.00682	0.02163	0.04396	0.24696	0.02738	0.06985	0.05537	0.00946	0.00594	0.00190	0.00418	0.00778	0.42593	0.00816
40	0.02143	0.07807	0.02076	0.06420	0.09563	0.33115	0.01374	0.07850	0.11634	0.04382	0.01450	0.01622	0.01153	0.00894	0.03127	0.00226	0.03279	0.00548	0.00433	0.00903
41	0.00942	0.00623	0.00833	0.00966	0.01029	0.00578	0.00653	0.01069	0.01341	0.05178	0.03719	0.71944	0.04387	0.02080	0.00864	0.00275	0.00406	0.01884	0.00645	0.00585
42	0.00995	0.00663	0.00746	0.00746	0.00746	0.00663	0.00415	0.00995	0.00995	0.01327	0.02156	0.04477	0.02487	0.75957	0.03482	0.00663	0.00663	0.00995	0.00415	0.00415
43	0.04635	0.02119	0.02077	0.01790	0.01977	0.27667	0.05346	0.02067	0.01408	0.01736	0.01021	0.01453	0.00925	0.01111	0.04171	0.00278	0.38569	0.00551	0.00328	0.00769
44	0.80789	0.01323	0.01006	0.00900	0.01323	0.01535	0.00741	0.02011	0.01164	0.03070	0.00953	0.01111	0.00741	0.00635	0.00423	0.00212	0.00529	0.00370	0.00423	0.00741
45	0.18873	0.37982	0.02551	0.01267	0.01774	0.14199	0.01122	0.11334	0.01683	0.02300	0.01063	0.01198	0.00888	0.00648	0.00499	0.00173	0.00776	0.00413	0.00384	0.00873
46	0.03704	0.10742	0.18945	0.01494	0.04209	0.03551	0.01421	0.13945	0.01831	0.13294	0.01733	0.04900	0.02952	0.00771	0.00622	0.00188	0.00731	0.00604	0.00493	0.13869
47	0.07907	0.20898	0.14628	0.01712	0.06737	0.19270	0.03658	0.05783	0.01690	0.09858	0.01290	0.01420	0.00990	0.00672	0.00586	0.00187	0.00891	0.00487	0.00402	0.00932
48	0.02407	0.01520	0.01694	0.01346	0.01816	0.01621	0.01097	0.36951	0.11755	0.18844	0.02108	0.02037	0.01483	0.00838	0.00659	0.00204	0.00629	0.00656	0.11250	0.01083
49	0.01275	0.00638	0.00638	0.00638	0.00797	0.00638	0.00478	0.01594	0.01435	0.02551	0.02232	0.02551	0.01754	0.00797	0.00478	0.00159	0.00319	0.00638	0.79755	0.00638
50	0.80789	0.01323	0.01006	0.00900	0.01323	0.01535	0.00741	0.02011	0.01164	0.03070	0.00953	0.01111	0.00741	0.00635	0.00423	0.00212	0.00529	0.00370	0.00423	0.00741
51	0.01647	0.01399	0.01469	0.01328	0.01697	0.01606	0.01031	0.03433	0.64388	0.02808	0.02912	0.02704	0.04670	0.00952	0.00689	0.00228	0.00523	0.00792	0.04684	0.01041
52	0.01076	0.00775	0.01065	0.01196	0.01357	0.00764	0.01032	0.01384	0.01607	0.02100	0.09851	0.07427	0.07568	0.01838	0.00926	0.00302	0.00588	0.57876	0.00641	0.00629
53	0.01702	0.01470	0.01547	0.01392	0.01779	0.01702	0.01083	0.03635	0.70453	0.02862	0.02785	0.02553	0.02088	0.00928	0.00696	0.00232	0.00541	0.00773	0.00696	0.01083
54	0.01934	0.01585	0.01678	0.01439	0.01868	0.01810	0.01139	0.20637	0.53073	0.03237	0.02489	0.02317	0.01849	0.00901	0.00693	0.00225	0.00596	0.00733	0.00693	0.01104
55	0.80789	0.01323	0.01006	0.00900	0.01323	0.01535	0.00741	0.02011	0.01164	0.03070	0.00953	0.01111	0.00741	0.00635	0.00423	0.00212	0.00529	0.00370	0.00423	0.00741
56	0.80789	0.01323	0.01006	0.00900	0.01323	0.01535	0.00741	0.02011	0.01164	0.03070	0.00953	0.01111	0.00741	0.00635	0.00423	0.00212	0.00529	0.00370	0.00423	0.00741
57	0.01702	0.01470	0.01547	0.01392	0.01779	0.01702	0.01083	0.03635	0.70453	0.02862	0.02785	0.02553	0.02088	0.00928	0.00696	0.00232	0.00541	0.00773	0.00696	0.01083
58	0.01372	0.03539	0.72412	0.01950	0.02961	0.01589	0.02528	0.02167	0.01444	0.02167	0.01228	0.01444	0.00867	0.00650	0.00650	0.00217	0.01011	0.00506	0.00289	0.01011
59	0.02601	0.01916	0.02053	0.01574	0.02122	0.02122	0.01300	0.69408	0.03217	0.04312	0.01643	0.01643	0.01163	0.00821	0.00684	0.00205	0.00753	0.00616	0.00684	0.01163
60	0.00809	0.00693	0.00693	0.00693	0.00924	0.00578	0.00520	0.00982	0.01559	0.01848	0.06931	0.06584	0.71411	0.01733	0.00809	0.00231	0.00347	0.01444	0.00635	0.00578
61	0.00900	0.00658	0.00826	0.00923	0.01031	0.00610	0.00671	0.01079	0.01448	0.01909	0.10663	0.40104	0.17583	0.05119	0.00968	0.00282	0.00425	0.11614	0.02610	0.00576
62	0.01007	0.00719	0.00993	0.01151	0.01267	0.00705	0.00937	0.01253	0.01481	0.01941	0.03675	0.31747	0.04146	0.01980	0.00920	0.00302	0.00547	0.43995	0.00632	0.00604
63	0.03070	0.01164	0.01588	0.01217	0.01746	0.01006	0.01006	0.03334	0.01958	0.72163	0.02699	0.02329	0.01694	0.00847	0.00688	0.00212	0.00582	0.00688	0.00847	0.01164
64	0.01234	0.00654	0.00698	0.00705	0.00864	0.00650	0.00540	0.01553	0.01492	0.02531	0.08730	0.03171	0.02351	0.00934	0.00543	0.00176	0.00342	0.05631	0.66563	0.00638
65	0.01693	0.01626	0.02777	0.04199	0.71689	0.01626	0.02100	0.02100	0.01558	0.02235	0.01287	0.01693	0.01084	0.00610	0.00677	0.00203	0.00813	0.00610	0.00339	0.01084
66	0.02987	0.01183	0.01585	0.01228	0.01748	0.01047	0.01010	0.03352	0.06086	0.67986	0.02704	0.02342	0.01717	0.00852	0.00688	0.00213	0.00580	0.00693	0.00838	0.01159
67	0.00999	0.00704	0.00986	0.00991	0.01083	0.00786	0.00729	0.01172	0.01093	0.01571	0.01954	0.05256	0.01940	0.19433	0.50348	0.03899	0.01425	0.00815	0.04257	0.00558
68	0.01292	0.01216	0.02052	0.74312	0.04712	0.01520	0.01900	0.01748	0.01368	0.01748	0.01216	0.01824	0.00912	0.00684	0.00684	0.00228	0.00912	0.00608	0.00304	0.00760
69	0.01829	0.76368	0.03585	0.01171	0.01756	0.02707	0.01171	0.02049	0.01390	0.01610	0.00951	0.01097	0.00878	0.00585	0.00439	0.00146	0.00732	0.00366	0.00293	0.00878
70	0.00972	0.00719	0.01048	0.01056	0.01162	0.00820	0.00800	0.01185	0.01100	0.01570	0.01966	0.06658	0.01935	0.12081	0.62479	0.01013	0.01640	0.00822	0.00385	0.00588
71	0.14759	0.01188	0.01500	0.01169	0.01683	0.01085	0.00966	0.03135	0.01839	0.61770	0.02436	0.02146	0.01550	0.00815	0.00648	0.00212	0.00574	0.00640	0.00783	0.01101
72	0.01334	0.01265	0.02064	0.53890	0.10373	0.03122	0.04667	0.01750	0.01395	0.01812	0.03281	0.02053	0.01200	0.04217	0.04590	0.00289	0.00941	0.00654	0.00331	0.00772

[dist]
# distance from previous block
# <min> <max>
0	1

[block]
# block no. 4 follows, 31 sequences, length 39
# corresponding to MSA columns:
# 716-754
name=unknown_E
#
# <colnr> <probs for GDERKNQSTAVLIFYWHMCP>
#	G	D	E	R	K	N	Q	S	T	A	V	L	I	F	Y	W	H	M	C	P
0	0.01361	0.01848	0.24487	0.01488	0.02005	0.01226	0.06823	0.04374	0.05450	0.05631	0.24807	0.03032	0.04973	0.01264	0.05507	0.00278	0.03223	0.00844	0.00525	0.00852
1	0.01592	0.01550	0.02503	0.27542	0.46688	0.04281	0.02004	0.02006	0.01509	0.02051	0.01255	0.01720	0.01019	0.00638	0.00677	0.00210	0.00862	0.00603	0.00328	0.00965
2	0.76512	0.01429	0.01057	0.00947	0.01366	0.05453	0.00773	0.02050	0.01207	0.02993	0.00958	0.01118	0.00749	0.00639	0.00434	0.00210	0.00568	0.00374	0.00420	0.00744
3	0.00817	0.00693	0.00705	0.00702	0.00929	0.00581	0.00527	0.00999	0.01580	0.01897	0.10451	0.06504	0.67860	0.01714	0.00808	0.00230	0.00345	0.01433	0.00642	0.00581
4	0.01621	0.01564	0.04819	0.14083	0.24564	0.01628	0.05314	0.05037	0.25943	0.02425	0.01843	0.02054	0.01429	0.00920	0.03550	0.00255	0.00797	0.00679	0.00472	0.01004
5	0.01712	0.01796	0.02456	0.20620	0.34245	0.14632	0.06722	0.02093	0.01563	0.01979	0.01262	0.01701	0.01032	0.00864	0.04234	0.00250	0.00989	0.00599	0.00335	0.00917
6	0.01479	0.01214	0.01425	0.01021	0.01626	0.00915	0.00818	0.01781	0.01438	0.04767	0.01270	0.01452	0.01038	0.00519	0.00513	0.00105	0.00509	0.00416	0.00421	0.77273
7	0.01902	0.05165	0.34894	0.01848	0.02521	0.33130	0.04358	0.02387	0.01682	0.01954	0.03287	0.01469	0.01050	0.00693	0.00640	0.00198	0.01086	0.00507	0.00333	0.00897
8	0.00973	0.00743	0.00924	0.01017	0.01201	0.00694	0.00848	0.01224	0.01560	0.01956	0.04990	0.09347	0.31757	0.01833	0.00887	0.00279	0.00506	0.38023	0.00632	0.00606
9	0.00915	0.00697	0.00840	0.00804	0.00989	0.00623	0.00603	0.01187	0.01810	0.02443	0.49725	0.05605	0.28245	0.01511	0.00807	0.00220	0.00331	0.01307	0.00714	0.00623
10	0.00940	0.00687	0.00891	0.00918	0.01059	0.00638	0.00692	0.01201	0.01710	0.02337	0.40698	0.21497	0.12075	0.01665	0.00840	0.00244	0.00383	0.10210	0.00698	0.00616
11	0.01500	0.01213	0.01427	0.01023	0.01627	0.00917	0.00820	0.01802	0.01445	0.05657	0.01289	0.01463	0.01047	0.00523	0.00516	0.00107	0.00510	0.00419	0.00427	0.76268
12	0.01454	0.01208	0.01626	0.13854	0.14061	0.03075	0.01233	0.06417	0.10966	0.04671	0.28091	0.03258	0.05201	0.01017	0.00733	0.00216	0.00595	0.00890	0.00584	0.00850
13	0.01702	0.01470	0.01547	0.01392	0.01779	0.01702	0.01083	0.03635	0.70453	0.02862	0.02785	0.02553	0.02088	0.00928	0.00696	0.00232	0.00541	0.00773	0.00696	0.01083
14	0.02588	0.01060	0.01421	0.01125	0.01577	0.00920	0.00916	0.02855	0.01926	0.56582	0.13361	0.03057	0.07476	0.00994	0.00715	0.00214	0.00526	0.00826	0.00817	0.01043
15	0.01497	0.01497	0.02095	0.01796	0.01796	0.02095	0.01497	0.01646	0.01048	0.01646	0.00898	0.01497	0.00898	0.01197	0.02245	0.00299	0.74704	0.00599	0.00299	0.00748
16	0.02364	0.01489	0.01714	0.01329	0.01860	0.01489	0.01083	0.26726	0.12391	0.23399	0.02031	0.01930	0.01423	0.00780	0.00651	0.00190	0.00622	0.00617	0.00676	0.17234
17	0.06444	0.01171	0.01562	0.01203	0.01728	0.01029	0.00994	0.03277	0.01924	0.69163	0.02623	0.02276	0.01652	0.00838	0.00677	0.00212	0.00580	0.00674	0.00828	0.01146
18	0.00995	0.00663	0.00746	0.00746	0.00746	0.00663	0.00415	0.00995	0.00995	0.01327	0.02156	0.04477	0.02487	0.75957	0.03482	0.00663	0.00663	0.00995	0.00415	0.00415
19	0.01783	0.68982	0.10566	0.01250	0.01878	0.02594	0.01308	0.02061	0.01396	0.01666	0.00979	0.01133	0.00877	0.00592	0.00460	0.00153	0.00760	0.00380	0.00292	0.00891
20	0.01693	0.01626	0.02777	0.04199	0.71689	0.01626	0.02100	0.02100	0.01558	0.02235	0.01287	0.01693	0.01084	0.00610	0.00677	0.00203	0.00813	0.00610	0.00339	0.01084
21	0.15118	0.01239	0.01528	0.01192	0.01706	0.01162	0.00984	0.07511	0.01918	0.56924	0.02358	0.02094	0.01510	0.00812	0.00647	0.00211	0.00585	0.00634	0.00770	0.01098
22	0.12558	0.01184	0.01517	0.01178	0.01695	0.01070	0.00973	0.03173	0.01861	0.63728	0.02486	0.02180	0.01577	0.00821	0.00656	0.00212	0.00576	0.00649	0.00795	0.01113
23	0.01716	0.01766	0.05783	0.02744	0.10717	0.01626	0.49179	0.02220	0.01593	0.08204	0.01494	0.01938	0.01140	0.03253	0.00916	0.00243	0.03375	0.00765	0.00388	0.00941
24	0.00978	0.00730	0.01086	0.01086	0.01203	0.00848	0.00838	0.01213	0.01095	0.01578	0.01845	0.02757	0.01741	0.07891	0.70526	0.01083	0.01787	0.00743	0.00368	0.00603
25	0.00922	0.00633	0.00768	0.00839	0.00857	0.00615	0.00514	0.00976	0.01137	0.01516	0.02883	0.36458	0.03405	0.42724	0.02308	0.00490	0.00543	0.01423	0.00514	0.00478
26	0.29202	0.01990	0.01899	0.04373	0.25032	0.22645	0.01397	0.02245	0.01529	0.02344	0.01102	0.01361	0.00901	0.00649	0.00572	0.00199	0.00842	0.00477	0.00371	0.00871
27	0.00871	0.00698	0.00789	0.00835	0.01026	0.00616	0.00645	0.01070	0.01546	0.01907	0.08478	0.15195	0.48373	0.01799	0.00841	0.00251	0.00403	0.13430	0.00639	0.00587
28	0.01492	0.01368	0.02123	0.20131	0.25158	0.01596	0.01653	0.04308	0.03978	0.01976	0.01324	0.01896	0.01141	0.03722	0.06686	0.02978	0.16631	0.00635	0.00351	0.00851
29	0.01069	0.00798	0.00954	0.00902	0.01115	0.00759	0.00689	0.01530	0.09348	0.04317	0.43359	0.05225	0.21911	0.01435	0.00797	0.00225	0.00371	0.03790	0.00715	0.00690
30	0.01366	0.01263	0.01870	0.27722	0.22327	0.03698	0.01526	0.01764	0.03376	0.02003	0.04033	0.04926	0.12257	0.00918	0.00739	0.00219	0.02793	0.00796	0.05588	0.00816
31	0.01622	0.01327	0.01569	0.01437	0.03938	0.03255	0.01097	0.17470	0.14749	0.02559	0.04920	0.05193	0.01848	0.04523	0.18974	0.00461	0.10850	0.00760	0.02589	0.00859
32	0.00943	0.00698	0.00879	0.00834	0.01006	0.00635	0.00626	0.01242	0.01877	0.02601	0.61079	0.05345	0.16793	0.01452	0.00807	0.00218	0.00327	0.01270	0.00734	0.00635
33	0.01530	0.17360	0.05423	0.06300	0.01949	0.01406	0.01063	0.03803	0.01463	0.02121	0.01173	0.01387	0.00975	0.00552	0.00517	0.00129	0.00615	0.00422	0.00377	0.51435
34	0.00970	0.00724	0.00904	0.00854	0.01033	0.00671	0.00642	0.01324	0.04159	0.02619	0.59786	0.05237	0.15655	0.01431	0.00803	0.00218	0.00333	0.01252	0.00734	0.00650
35	0.02050	0.47984	0.02957	0.01402	0.01877	0.25956	0.01239	0.02251	0.01552	0.01633	0.00983	0.01165	0.00880	0.00660	0.00600	0.00165	0.05088	0.00404	0.00313	0.00843
36	0.04979	0.01342	0.03787	0.05186	0.01900	0.01077	0.02646	0.05138	0.01518	0.04876	0.01284	0.01483	0.01024	0.00556	0.00540	0.00129	0.00577	0.00449	0.00425	0.61084
37	0.01705	0.19775	0.19775	0.02054	0.13443	0.09017	0.05123	0.02102	0.01489	0.04307	0.03093	0.04115	0.01219	0.00770	0.00802	0.00206	0.09157	0.00584	0.00351	0.00915
38	0.02042	0.01639	0.01739	0.01461	0.01909	0.01861	0.01165	0.28537	0.44997	0.03411	0.02352	0.02208	0.01738	0.00888	0.00692	0.00222	0.00621	0.00714	0.00692	0.01113

[dist]
# distance from previous block
# <min> <max>
0	1

[block]
# block no. 5 follows, 31 sequences, length 248
# corresponding to MSA columns:
# 756-842,852-932,948-1027
name=unknown_F
#
# <colnr> <probs for GDERKNQSTAVLIFYWHMCP>
#	G	D	E	R	K	N	Q	S	T	A	V	L	I	F	Y	W	H	M	C	P
0	0.01661	0.02041	0.19689	0.04899	0.09716	0.01657	0.09011	0.05143	0.31568	0.04426	0.01982	0.02042	0.01474	0.00771	0.00694	0.00223	0.00777	0.00679	0.00507	0.01040
1	0.01106	0.00730	0.00959	0.00884	0.01070	0.00669	0.00669	0.01425	0.01938	0.07291	0.66832	0.04928	0.06143	0.01362	0.00799	0.00215	0.00340	0.01201	0.00759	0.00680
2	0.01959	0.38831	0.02620	0.01356	0.03993	0.14181	0.01148	0.11768	0.01762	0.02144	0.01410	0.01549	0.03450	0.00696	0.00531	0.00164	0.00764	0.00485	0.07449	0.03739
3	0.00855	0.00682	0.00768	0.00787	0.00971	0.00595	0.00582	0.01055	0.01599	0.02025	0.19803	0.17313	0.45074	0.01733	0.00823	0.00238	0.00358	0.03489	0.00660	0.00590
4	0.01935	0.04823	0.12528	0.02728	0.30745	0.14342	0.05461	0.04471	0.01717	0.09156	0.04542	0.01778	0.01312	0.00696	0.00668	0.00201	0.00885	0.00603	0.00413	0.00996
5	0.11782	0.05752	0.01885	0.01613	0.10253	0.01358	0.02890	0.08664	0.01884	0.43818	0.02097	0.01966	0.01398	0.00769	0.00644	0.00207	0.00642	0.00619	0.00676	0.01082
6	0.01057	0.00754	0.01011	0.01111	0.01250	0.00742	0.00920	0.01325	0.01548	0.02044	0.13502	0.06850	0.06544	0.11930	0.01266	0.00345	0.00579	0.46000	0.00619	0.00601
7	0.01502	0.02151	0.25023	0.18857	0.34883	0.01591	0.02194	0.02044	0.01480	0.02106	0.01252	0.01642	0.00976	0.00639	0.00670	0.00213	0.00898	0.00576	0.00315	0.00989
8	0.01520	0.01500	0.02382	0.41992	0.29266	0.05475	0.04271	0.01947	0.01478	0.01939	0.01239	0.01744	0.00978	0.00654	0.00682	0.00216	0.00901	0.00606	0.00321	0.00887
9	0.03037	0.01216	0.01620	0.01242	0.01772	0.01082	0.01026	0.07854	0.02044	0.67521	0.02627	0.02282	0.01657	0.00845	0.00688	0.00211	0.00594	0.00683	0.00836	0.01164
10	0.00809	0.00693	0.00693	0.00693	0.00924	0.00578	0.00520	0.00982	0.01559	0.01848	0.06931	0.06584	0.71411	0.01733	0.00809	0.00231	0.00347	0.01444	0.00635	0.00578
11	0.10244	0.02468	0.01805	0.01572	0.01981	0.38247	0.01219	0.17609	0.13661	0.02599	0.01467	0.01534	0.01133	0.00761	0.00626	0.00196	0.00940	0.00528	0.00491	0.00919
12	0.03877	0.01412	0.02214	0.32761	0.23345	0.01562	0.04370	0.10594	0.01668	0.04383	0.01364	0.01789	0.01052	0.00743	0.00745	0.03060	0.00823	0.00613	0.02722	0.00904
13	0.02441	0.03075	0.01949	0.08336	0.02350	0.66715	0.01374	0.02643	0.01887	0.01681	0.01072	0.01287	0.00884	0.00703	0.00623	0.00181	0.01205	0.00456	0.00348	0.00790
14	0.01702	0.01470	0.01547	0.01392	0.01779	0.01702	0.01083	0.03635	0.70453	0.02862	0.02785	0.02553	0.02088	0.00928	0.00696	0.00232	0.00541	0.00773	0.00696	0.01083
