[name]
unknown

[dist]
# distance from previous block
# <min> <max>
0	19

[block]
# block no. 0 follows, 38 sequences, length 22
# corresponding to MSA columns:
# 19-40
name=unknown_A
#
# <colnr> <probs for GDERKNQSTAVLIFYWHMCP>
#	G	D	E	R	K	N	Q	S	T	A	V	L	I	F	Y	W	H	M	C	P
0	0.01535	0.01174	0.01528	0.01721	0.17604	0.01247	0.01140	0.08131	0.27620	0.09328	0.02256	0.06815	0.01965	0.00957	0.00657	0.00211	0.00555	0.14148	0.00541	0.00865
1	0.02882	0.01035	0.01137	0.00975	0.01275	0.03136	0.00749	0.11683	0.10881	0.10740	0.04795	0.09302	0.08073	0.12120	0.00958	0.00237	0.00501	0.03407	0.02349	0.13768
2	0.00898	0.00660	0.00779	0.00813	0.00926	0.00654	0.00578	0.01220	0.09719	0.01757	0.11339	0.28244	0.13011	0.15366	0.01131	0.00285	0.00403	0.06247	0.05428	0.00541
3	0.01327	0.01401	0.01626	0.01407	0.01542	0.13898	0.05567	0.01499	0.01160	0.01504	0.01783	0.02135	0.12691	0.01433	0.10324	0.00316	0.38777	0.00647	0.00328	0.00636
4	0.01379	0.01310	0.02187	0.26587	0.49132	0.01404	0.01745	0.01820	0.05084	0.01860	0.01180	0.01564	0.00952	0.00571	0.00598	0.00187	0.00730	0.00543	0.00305	0.00864
5	0.00996	0.00823	0.01186	0.01023	0.01240	0.00786	0.12066	0.03877	0.05023	0.01803	0.06357	0.16215	0.23598	0.13402	0.01053	0.00262	0.00488	0.01061	0.08161	0.00580
6	0.00871	0.00660	0.00803	0.00799	0.00966	0.00604	0.02229	0.01116	0.05118	0.04316	0.12991	0.26063	0.34765	0.03124	0.00770	0.00223	0.00360	0.03095	0.00570	0.00556
7	0.01214	0.01135	0.01058	0.01050	0.01231	0.12907	0.00770	0.01797	0.22266	0.01836	0.05423	0.31683	0.05855	0.05317	0.00804	0.00233	0.00518	0.03720	0.00528	0.00655
8	0.01050	0.00804	0.01050	0.01232	0.12729	0.00797	0.00744	0.02730	0.06471	0.03395	0.10599	0.10663	0.15348	0.21941	0.04144	0.00328	0.00518	0.00945	0.03909	0.00602
9	0.01152	0.00713	0.00858	0.00811	0.01008	0.00656	0.00606	0.02791	0.04360	0.13919	0.16643	0.17150	0.25053	0.08159	0.00907	0.00240	0.00389	0.03371	0.00594	0.00617
10	0.70286	0.01141	0.00966	0.00836	0.01223	0.01275	0.00689	0.01954	0.01135	0.14311	0.01083	0.01148	0.00785	0.00588	0.00409	0.00186	0.00473	0.00370	0.00432	0.00711
11	0.00849	0.00581	0.00685	0.00708	0.00737	0.00569	0.00437	0.00903	0.01018	0.01361	0.08006	0.16016	0.05051	0.55221	0.02356	0.00475	0.00513	0.03672	0.00432	0.00412
12	0.00918	0.00615	0.00765	0.00805	0.00922	0.00569	0.00572	0.01096	0.02855	0.06712	0.12872	0.38723	0.16794	0.08684	0.00949	0.00257	0.00377	0.04409	0.00568	0.00540
13	0.02193	0.01541	0.01679	0.01305	0.01745	0.01681	0.01064	0.61768	0.02589	0.08895	0.01597	0.04076	0.01214	0.04905	0.00738	0.00204	0.00637	0.00601	0.00598	0.00971
14	0.00765	0.00554	0.00692	0.00790	0.00849	0.00517	0.00534	0.00868	0.01151	0.01503	0.03485	0.52353	0.13940	0.14095	0.01129	0.00294	0.00391	0.05087	0.00527	0.00475
15	0.01029	0.00622	0.00804	0.00815	0.00897	0.00611	0.00552	0.01126	0.01080	0.09713	0.02394	0.29177	0.02617	0.31650	0.13700	0.00483	0.00658	0.01096	0.00467	0.00509
16	0.01316	0.01316	0.01843	0.01579	0.01579	0.01843	0.01316	0.01448	0.00921	0.01448	0.00790	0.01316	0.00790	0.01053	0.01974	0.00263	0.77757	0.00526	0.00263	0.00658
17	0.02404	0.01213	0.01791	0.01349	0.01835	0.01131	0.12407	0.11774	0.04136	0.52249	0.02072	0.01909	0.01349	0.00706	0.00622	0.00189	0.00610	0.00616	0.00652	0.00988
18	0.02465	0.01098	0.01562	0.01494	0.13268	0.00992	0.01040	0.02768	0.04131	0.61304	0.02178	0.01965	0.01415	0.00714	0.00604	0.00186	0.00543	0.00597	0.00669	0.01010
19	0.00865	0.00623	0.00860	0.00860	0.00930	0.00694	0.00618	0.01005	0.00935	0.01317	0.01709	0.02906	0.01740	0.30179	0.51130	0.00834	0.01256	0.00724	0.00337	0.00478
20	0.02036	0.01514	0.01615	0.01261	0.01698	0.01649	0.01034	0.61581	0.02596	0.03446	0.02186	0.02137	0.12797	0.00850	0.00619	0.00184	0.00605	0.00658	0.00595	0.00941
21	0.02507	0.01067	0.01390	0.01095	0.01540	0.00982	0.00895	0.02974	0.13250	0.63881	0.02385	0.02079	0.01545	0.00756	0.00606	0.00189	0.00506	0.00617	0.00723	0.01012

[dist]
# distance from previous block
# <min> <max>
0	3

[block]
# block no. 1 follows, 38 sequences, length 49
# corresponding to MSA columns:
# 44-92
name=unknown_B
#
# <colnr> <probs for GDERKNQSTAVLIFYWHMCP>
#	G	D	E	R	K	N	Q	S	T	A	V	L	I	F	Y	W	H	M	C	P
0	0.02345	0.00944	0.01275	0.01005	0.01401	0.00824	0.00813	0.02574	0.01676	0.61418	0.12612	0.02489	0.02118	0.04745	0.00743	0.00207	0.00483	0.00687	0.00714	0.00926
1	0.01445	0.01571	0.03155	0.02306	0.02798	0.01596	0.56441	0.05424	0.01401	0.01935	0.01152	0.01559	0.00896	0.00616	0.00932	0.00213	0.14787	0.00668	0.00312	0.00794
2	0.01259	0.05123	0.01737	0.01423	0.01456	0.01678	0.01173	0.01386	0.00935	0.01416	0.00952	0.01620	0.00970	0.08791	0.06786	0.00333	0.61502	0.00558	0.00277	0.00628
3	0.01136	0.01069	0.01804	0.77412	0.04143	0.01337	0.01671	0.01537	0.01203	0.01537	0.01069	0.01604	0.00802	0.00601	0.00601	0.00200	0.00802	0.00535	0.00267	0.00668
4	0.02041	0.01456	0.01588	0.01285	0.01712	0.01605	0.01040	0.38173	0.29410	0.12198	0.01936	0.01819	0.01386	0.00760	0.00606	0.00190	0.00574	0.00601	0.00623	0.00997
5	0.00877	0.00668	0.00988	0.00978	0.01077	0.00787	0.00758	0.01081	0.00961	0.01389	0.01591	0.02386	0.01504	0.07323	0.70731	0.00925	0.04471	0.00649	0.00322	0.00535
6	0.00736	0.00526	0.00701	0.00835	0.00873	0.00491	0.00559	0.00846	0.01167	0.01560	0.05266	0.76448	0.04025	0.01867	0.00766	0.00243	0.00347	0.01693	0.00561	0.00491
7	0.01136	0.01069	0.01804	0.77412	0.04143	0.01337	0.01671	0.01537	0.01203	0.01537	0.01069	0.01604	0.00802	0.00601	0.00601	0.00200	0.00802	0.00535	0.00267	0.00668
8	0.00719	0.00579	0.00641	0.00691	0.00834	0.00501	0.00493	0.00854	0.01293	0.01593	0.05105	0.31670	0.49620	0.01652	0.00731	0.00218	0.00320	0.01427	0.00559	0.00501
9	0.01744	0.01595	0.01488	0.01300	0.01660	0.12773	0.01016	0.15007	0.51050	0.02578	0.02050	0.01934	0.01539	0.00771	0.00600	0.00193	0.00599	0.00613	0.00565	0.00926
10	0.07805	0.06457	0.58427	0.01606	0.02395	0.01481	0.03953	0.07531	0.01376	0.02095	0.01082	0.01256	0.00779	0.00578	0.00553	0.00187	0.00829	0.00444	0.00293	0.00873
11	0.01286	0.01408	0.02993	0.02204	0.02701	0.01320	0.58805	0.01714	0.01368	0.01851	0.01626	0.16612	0.01511	0.00776	0.00721	0.00211	0.00884	0.00905	0.00354	0.00748
12	0.01276	0.11997	0.61572	0.01693	0.05265	0.01518	0.02020	0.01938	0.03923	0.01872	0.01103	0.01278	0.00810	0.00572	0.00552	0.00183	0.00838	0.00442	0.00269	0.00880
13	0.00894	0.00578	0.00679	0.00679	0.00682	0.00581	0.00393	0.00870	0.00867	0.01159	0.01790	0.03651	0.02037	0.67993	0.04956	0.10051	0.00604	0.00828	0.00351	0.00357
14	0.01490	0.09145	0.01497	0.01155	0.01487	0.03324	0.00924	0.04413	0.49393	0.04649	0.08778	0.02376	0.04891	0.00848	0.00638	0.00194	0.02674	0.00686	0.00565	0.00871
15	0.08821	0.01439	0.01626	0.04583	0.06473	0.05147	0.02929	0.24012	0.20687	0.04590	0.01615	0.03718	0.01263	0.00884	0.03105	0.00221	0.06931	0.00590	0.00496	0.00873
16	0.00733	0.00524	0.00698	0.00838	0.00873	0.00489	0.00558	0.00838	0.01152	0.01536	0.03316	0.78466	0.03979	0.01885	0.00768	0.00244	0.00349	0.01710	0.00558	0.00489
17	0.01247	0.01069	0.01247	0.00891	0.01426	0.00802	0.00713	0.01515	0.01247	0.01960	0.01069	0.01247	0.00891	0.00446	0.00446	0.00089	0.00446	0.00356	0.00356	0.82536
18	0.00820	0.00632	0.00770	0.00806	0.00923	0.00606	0.00581	0.03496	0.01333	0.01744	0.12818	0.39210	0.25448	0.01722	0.03538	0.00250	0.02838	0.01381	0.00555	0.00531
19	0.01608	0.79220	0.03152	0.01029	0.01544	0.02380	0.01029	0.01801	0.01222	0.01415	0.00836	0.00965	0.00772	0.00515	0.00386	0.00129	0.00643	0.00322	0.00257	0.00772
20	0.00721	0.00610	0.00623	0.00620	0.00818	0.00512	0.00465	0.00882	0.01394	0.01679	0.10803	0.05701	0.70119	0.01503	0.00711	0.00202	0.00303	0.01257	0.00566	0.00512
21	0.00955	0.00732	0.00843	0.00830	0.00997	0.00714	0.00608	0.08067	0.06442	0.02000	0.17053	0.28637	0.24783	0.03544	0.00775	0.00222	0.00369	0.01259	0.00580	0.00589
22	0.00868	0.00645	0.00737	0.00750	0.00903	0.00595	0.00539	0.01118	0.06238	0.04354	0.11875	0.25255	0.35044	0.07204	0.00889	0.00240	0.00354	0.01280	0.00565	0.00547
23	0.01420	0.01623	0.03550	0.02535	0.03144	0.01521	0.72921	0.01927	0.01420	0.01927	0.01217	0.01623	0.00913	0.00507	0.00710	0.00203	0.01014	0.00710	0.00304	0.00811
24	0.36926	0.01118	0.01138	0.00961	0.01353	0.01185	0.00780	0.02400	0.15098	0.27498	0.01875	0.01773	0.04099	0.00709	0.00511	0.00190	0.00477	0.00526	0.00552	0.00830
25	0.00749	0.00603	0.00668	0.00669	0.00840	0.00522	0.00495	0.00931	0.01437	0.01821	0.23626	0.12132	0.50434	0.01481	0.00716	0.00203	0.00303	0.01263	0.00585	0.00522
26	0.00925	0.00623	0.00774	0.00760	0.00917	0.00558	0.00560	0.01131	0.01497	0.07384	0.36012	0.20924	0.22856	0.01414	0.00715	0.00205	0.00320	0.01236	0.00619	0.00568
27	0.02287	0.01685	0.01805	0.01384	0.01866	0.01866	0.01143	0.73100	0.02828	0.03791	0.01444	0.01444	0.01023	0.00722	0.00602	0.00181	0.00662	0.00542	0.00602	0.01023
28	0.00753	0.00534	0.00701	0.00827	0.00862	0.00503	0.00551	0.00852	0.01131	0.01507	0.03174	0.69320	0.03791	0.09341	0.00992	0.00278	0.00377	0.03487	0.00540	0.00478
29	0.01024	0.00627	0.00741	0.00716	0.00796	0.00597	0.00458	0.01096	0.01104	0.08566	0.09561	0.09759	0.09123	0.50774	0.02204	0.00446	0.00504	0.00970	0.00463	0.00471
30	0.01063	0.00680	0.00852	0.00805	0.00992	0.00626	0.00610	0.01341	0.04182	0.11176	0.37076	0.13843	0.18502	0.01389	0.02636	0.00221	0.00370	0.02394	0.00626	0.00615
31	0.01090	0.00765	0.00893	0.00819	0.01043	0.00735	0.00628	0.01565	0.13725	0.09059	0.34526	0.04289	0.26118	0.01206	0.00684	0.00196	0.00344	0.01031	0.00629	0.00656
32	0.00885	0.00664	0.00851	0.00939	0.01098	0.00630	0.00795	0.01123	0.01394	0.01771	0.07029	0.06384	0.25619	0.01601	0.00789	0.00251	0.00466	0.46612	0.00560	0.00540
33	0.00874	0.00635	0.00952	0.00952	0.01051	0.00734	0.00734	0.01051	0.00952	0.01369	0.01566	0.02321	0.01468	0.04320	0.70601	0.07427	0.01525	0.00635	0.00317	0.00515
34	0.53062	0.01642	0.01192	0.01047	0.01416	0.20406	0.00834	0.08869	0.01386	0.04065	0.00953	0.01073	0.00737	0.00594	0.00443	0.00178	0.00642	0.00368	0.00387	0.00707
35	0.00786	0.00605	0.00718	0.00705	0.00862	0.00537	0.00523	0.01003	0.01527	0.02029	0.41727	0.10979	0.33027	0.01399	0.00715	0.00199	0.00297	0.01210	0.00613	0.00537
36	0.00805	0.00594	0.00769	0.00879	0.00979	0.00557	0.00669	0.00976	0.01275	0.01652	0.05227	0.41525	0.16589	0.01737	0.00776	0.00246	0.00404	0.23268	0.00559	0.00514
37	0.01334	0.01463	0.08548	0.01479	0.01787	0.08993	0.14253	0.05183	0.04941	0.01803	0.01353	0.01767	0.01135	0.01765	0.21865	0.00412	0.13276	0.00582	0.07357	0.00702
38	0.00792	0.00622	0.00751	0.00788	0.02955	0.00555	0.00555	0.00995	0.01470	0.01932	0.32634	0.15861	0.35050	0.01433	0.00716	0.00203	0.00315	0.01242	0.00592	0.00541
39	0.02055	0.00981	0.01353	0.01253	0.08507	0.00895	0.00902	0.05521	0.01733	0.45013	0.22138	0.02639	0.02568	0.00857	0.00633	0.00186	0.00476	0.00728	0.00672	0.00891
40	0.75273	0.01214	0.00973	0.00849	0.01231	0.01400	0.00699	0.08683	0.01199	0.02805	0.00896	0.01023	0.00688	0.00574	0.00395	0.00186	0.00484	0.00347	0.00395	0.00688
41	0.01691	0.50773	0.11083	0.01287	0.01804	0.18041	0.04460	0.01947	0.01340	0.01506	0.00901	0.01055	0.00778	0.00543	0.00455	0.00145	0.00782	0.00367	0.00270	0.00771
42	0.00880	0.00573	0.00672	0.00683	0.00686	0.00570	0.00395	0.00863	0.00888	0.01184	0.01926	0.09638	0.02218	0.65317	0.02811	0.08497	0.00559	0.00907	0.00370	0.00364
43	0.01448	0.01388	0.02368	0.12172	0.66943	0.01419	0.01826	0.01811	0.01351	0.01916	0.01124	0.01502	0.00936	0.00544	0.00596	0.00181	0.00725	0.00536	0.00294	0.00920
44	0.01175	0.05584	0.65869	0.01605	0.02398	0.01344	0.02019	0.01798	0.01257	0.01852	0.01288	0.08743	0.01074	0.00697	0.00584	0.00194	0.00828	0.00563	0.00284	0.00846
45	0.00711	0.00609	0.00609	0.00609	0.00813	0.00508	0.00457	0.00863	0.01371	0.01625	0.06094	0.05789	0.74862	0.01524	0.00711	0.00203	0.00305	0.01270	0.00559	0.00508
46	0.01215	0.01147	0.01859	0.52968	0.14297	0.01357	0.01587	0.01573	0.01204	0.01626	0.01051	0.01531	0.00830	0.00623	0.00721	0.00194	0.08221	0.00520	0.00279	0.07197
47	0.02678	0.01057	0.01417	0.01086	0.01552	0.00934	0.00897	0.06464	0.01778	0.71912	0.02327	0.02017	0.01466	0.00743	0.00605	0.00186	0.00519	0.00602	0.00737	0.01024
48	0.01721	0.01193	0.01341	0.01149	0.01501	0.01296	0.00908	0.10771	0.42533	0.16249	0.12286	0.02427	0.02209	0.00849	0.00623	0.00196	0.00477	0.00707	0.00643	0.00921

[dist]
# distance from previous block
# <min> <max>
0	1

[block]
# block no. 2 follows, 38 sequences, length 28
# corresponding to MSA columns:
# 94-121
name=unknown_C
#
# <colnr> <probs for GDERKNQSTAVLIFYWHMCP>
#	G	D	E	R	K	N	Q	S	T	A	V	L	I	F	Y	W	H	M	C	P
0	0.03666	0.50962	0.21175	0.01366	0.06493	0.02005	0.01366	0.01861	0.01252	0.03683	0.00959	0.01105	0.00798	0.00538	0.00452	0.00150	0.00701	0.00374	0.00276	0.00817
1	0.00769	0.00560	0.00732	0.00858	0.00926	0.00523	0.00614	0.00906	0.01212	0.01587	0.03582	0.59441	0.11214	0.01812	0.00772	0.00245	0.00377	0.12811	0.00558	0.00501
2	0.09826	0.05372	0.41561	0.01768	0.02469	0.08642	0.18236	0.01940	0.01319	0.01932	0.01063	0.01292	0.00787	0.00558	0.00573	0.00187	0.00884	0.00484	0.00283	0.00824
3	0.03871	0.06042	0.04644	0.01730	0.10563	0.31844	0.06728	0.11330	0.01698	0.08826	0.01328	0.06247	0.01106	0.00698	0.00579	0.00174	0.00836	0.00552	0.00399	0.00806
4	0.01392	0.01313	0.02113	0.08018	0.55708	0.01342	0.01609	0.01871	0.08860	0.01961	0.01739	0.01986	0.08110	0.00664	0.00609	0.00185	0.00657	0.00621	0.00353	0.00891
5	0.02086	0.01723	0.01788	0.01598	0.08831	0.09467	0.01183	0.48311	0.13438	0.03183	0.01515	0.01534	0.01115	0.00708	0.00597	0.00181	0.00682	0.00546	0.00544	0.00972
6	0.01027	0.00529	0.00771	0.00771	0.00771	0.00529	0.00506	0.00793	0.00793	0.01057	0.01133	0.02046	0.01163	0.10016	0.02424	0.74040	0.00529	0.00559	0.00272	0.00272
7	0.01328	0.26031	0.53882	0.01508	0.02285	0.01693	0.01863	0.01874	0.01256	0.01758	0.01006	0.01178	0.00765	0.00554	0.00516	0.00172	0.00815	0.00408	0.00255	0.00854
8	0.01603	0.01478	0.01412	0.01265	0.01606	0.09752	0.00981	0.05258	0.63876	0.02441	0.02251	0.02092	0.01695	0.00792	0.00604	0.00198	0.00549	0.00644	0.00579	0.00926
9	0.00959	0.00784	0.01264	0.01141	0.01301	0.00752	0.13937	0.01200	0.04541	0.03013	0.04025	0.44980	0.02990	0.14814	0.01141	0.00291	0.00520	0.01300	0.00486	0.00560
10	0.16878	0.01126	0.01567	0.48505	0.03101	0.01343	0.01361	0.08980	0.01359	0.03565	0.01226	0.01808	0.00980	0.00676	0.00573	0.00200	0.00701	0.04997	0.00350	0.00702
11	0.02247	0.02867	0.01705	0.01550	0.01860	0.76443	0.01162	0.02402	0.01705	0.01472	0.00930	0.01085	0.00775	0.00620	0.00542	0.00155	0.01085	0.00387	0.00310	0.00697
12	0.00791	0.00618	0.00687	0.00740	0.00844	0.02158	0.00509	0.00914	0.01241	0.01585	0.08140	0.36099	0.28695	0.11197	0.01016	0.00264	0.00373	0.01363	0.02275	0.00491
13	0.01398	0.01181	0.01540	0.01110	0.01646	0.00975	0.08211	0.08072	0.01421	0.04083	0.01153	0.01325	0.00921	0.00485	0.00491	0.00112	0.00526	0.00416	0.00384	0.64550
14	0.02304	0.01658	0.01788	0.01371	0.01852	0.01825	0.01133	0.70191	0.02783	0.06765	0.01483	0.01469	0.01042	0.00723	0.00602	0.00181	0.00656	0.00544	0.00608	0.01023
15	0.00875	0.00583	0.00656	0.00656	0.00656	0.00583	0.00365	0.00875	0.00875	0.01166	0.01895	0.03937	0.02187	0.78858	0.03062	0.00583	0.00583	0.00875	0.00365	0.00365
16	0.00965	0.00829	0.01453	0.01262	0.01464	0.00897	0.14325	0.01235	0.01052	0.01496	0.01537	0.02224	0.01393	0.03759	0.62225	0.00823	0.01499	0.00657	0.00319	0.00589
17	0.01264	0.01041	0.01131	0.01024	0.01297	0.01129	0.00798	0.10083	0.32921	0.02330	0.10495	0.06919	0.21113	0.01108	0.00691	0.00205	0.02226	0.02866	0.00590	0.00768
18	0.00875	0.00583	0.00656	0.00656	0.00656	0.00583	0.00365	0.00875	0.00875	0.01166	0.01895	0.03937	0.02187	0.78858	0.03062	0.00583	0.00583	0.00875	0.00365	0.00365
19	0.02209	0.02662	0.01723	0.01532	0.01847	0.64548	0.01167	0.10368	0.01796	0.01734	0.00982	0.01136	0.00804	0.00651	0.00615	0.00163	0.04578	0.00411	0.00341	0.00732
20	0.01316	0.01316	0.01843	0.01579	0.01579	0.01843	0.01316	0.01448	0.00921	0.01448	0.00790	0.01316	0.00790	0.01053	0.01974	0.00263	0.77757	0.00526	0.00263	0.00658
21	0.01136	0.01069	0.01804	0.77412	0.04143	0.01337	0.01671	0.01537	0.01203	0.01537	0.01069	0.01604	0.00802	0.00601	0.00601	0.00200	0.00802	0.00535	0.00267	0.00668
22	0.83108	0.01163	0.00884	0.00791	0.01163	0.01350	0.00651	0.01768	0.01024	0.02699	0.00838	0.00977	0.00651	0.00558	0.00372	0.00186	0.00465	0.00326	0.00372	0.00651
23	0.06835	0.01261	0.02065	0.28601	0.43153	0.01365	0.01674	0.01713	0.01290	0.01862	0.01166	0.01689	0.00974	0.00601	0.00591	0.00190	0.00722	0.03125	0.00302	0.00821
24	0.07450	0.01116	0.01413	0.01240	0.06424	0.01079	0.00936	0.13119	0.03660	0.44406	0.03457	0.02096	0.01497	0.02817	0.00654	0.00196	0.00532	0.02564	0.04411	0.00932
25	0.00779	0.00537	0.00697	0.00818	0.00862	0.00508	0.00553	0.00895	0.01150	0.01569	0.03121	0.65232	0.03670	0.07104	0.00905	0.00262	0.00369	0.04450	0.06032	0.00488
26	0.04234	0.01451	0.01529	0.01217	0.01602	0.05172	0.00972	0.46036	0.02238	0.11945	0.01588	0.01882	0.01244	0.12162	0.03751	0.00267	0.00683	0.00588	0.00554	0.00884
27	0.01393	0.01415	0.06014	0.01060	0.01511	0.10992	0.00884	0.04798	0.06103	0.01967	0.02599	0.01535	0.01117	0.02870	0.05409	0.00188	0.00640	0.00447	0.02987	0.46071

[dist]
# distance from previous block
# <min> <max>
0	23

# created by:
# /home/cegg/simao/soft/augustus-3.2.1/scripts/msa2prfl.pl ./align_prep/EOG090W0KFR.fa
