[name]
unknown

[dist]
# distance from previous block
# <min> <max>
5	645

[block]
# block no. 0 follows, 28 sequences, length 38
# corresponding to MSA columns:
# 774-811
name=unknown_A
#
# <colnr> <probs for GDERKNQSTAVLIFYWHMCP>
#	G	D	E	R	K	N	Q	S	T	A	V	L	I	F	Y	W	H	M	C	P
0	0.02627	0.03317	0.02073	0.01875	0.02221	0.66097	0.01419	0.02812	0.01986	0.01777	0.01110	0.01333	0.00938	0.00790	0.00791	0.00198	0.06946	0.00481	0.00370	0.00839
1	0.00936	0.00744	0.00864	0.04362	0.01184	0.00680	0.00649	0.01126	0.01588	0.02006	0.14549	0.16982	0.39047	0.10584	0.01207	0.00306	0.00444	0.01487	0.00647	0.00609
2	0.01883	0.01599	0.01686	0.01495	0.01919	0.01843	0.01169	0.08879	0.63467	0.03162	0.02863	0.02636	0.02141	0.00977	0.00739	0.00244	0.00593	0.00809	0.00739	0.01157
3	0.73560	0.01455	0.01156	0.01012	0.01472	0.01680	0.00834	0.07266	0.01408	0.03365	0.01070	0.01225	0.00822	0.00690	0.00472	0.00224	0.00581	0.00414	0.00472	0.00822
4	0.01567	0.12007	0.36908	0.11867	0.02964	0.01895	0.02101	0.02381	0.10461	0.02212	0.01455	0.01707	0.01106	0.00780	0.00829	0.00233	0.07575	0.00581	0.00369	0.01003
5	0.01716	0.01961	0.04289	0.03064	0.03799	0.01838	0.67279	0.02328	0.01716	0.02328	0.01471	0.01961	0.01103	0.00613	0.00858	0.00245	0.01225	0.00858	0.00368	0.00980
6	0.00982	0.00744	0.00928	0.01038	0.01197	0.00690	0.00816	0.01206	0.01587	0.02011	0.05103	0.26575	0.26879	0.02027	0.00932	0.00293	0.00495	0.25195	0.00673	0.00628
7	0.79588	0.01406	0.01068	0.00956	0.01406	0.01631	0.00787	0.02137	0.01237	0.03261	0.01012	0.01181	0.00787	0.00675	0.00450	0.00225	0.00562	0.00394	0.00450	0.00787
8	0.05442	0.02084	0.17894	0.01583	0.02266	0.01609	0.01534	0.23455	0.02346	0.31277	0.02081	0.01978	0.01380	0.00834	0.00710	0.00224	0.00780	0.00649	0.00691	0.01183
9	0.01038	0.00779	0.01168	0.01168	0.01298	0.00909	0.00909	0.01298	0.01168	0.01687	0.01947	0.02856	0.01817	0.05452	0.71573	0.01168	0.01947	0.00779	0.00389	0.00649
10	0.01056	0.00711	0.00822	0.00822	0.00832	0.00721	0.00477	0.01076	0.01066	0.01431	0.02263	0.04608	0.02578	0.69039	0.09026	0.00741	0.00802	0.01035	0.00436	0.00457
11	0.72022	0.01429	0.01154	0.01008	0.01470	0.01634	0.00831	0.05440	0.01387	0.06639	0.01140	0.01273	0.00859	0.00696	0.00477	0.00225	0.00577	0.00423	0.00486	0.00832
12	0.01038	0.00779	0.01168	0.01168	0.01298	0.00909	0.00909	0.01298	0.01168	0.01687	0.01947	0.02856	0.01817	0.05452	0.71573	0.01168	0.01947	0.00779	0.00389	0.00649
13	0.03053	0.01572	0.01894	0.01452	0.02023	0.01565	0.01200	0.30328	0.02641	0.42847	0.02398	0.02169	0.01563	0.00888	0.00729	0.00222	0.00694	0.00699	0.00827	0.01237
14	0.00927	0.00675	0.00875	0.00973	0.01069	0.00623	0.00681	0.01118	0.01588	0.02136	0.20460	0.49103	0.11143	0.02035	0.00906	0.00275	0.00405	0.03683	0.00706	0.00618
15	0.02833	0.01121	0.01476	0.01166	0.01649	0.00982	0.00952	0.03119	0.01969	0.56050	0.03007	0.02734	0.05135	0.00937	0.00701	0.00217	0.00561	0.00762	0.13513	0.01115
16	0.02206	0.01285	0.01531	0.01277	0.01693	0.01307	0.01018	0.11662	0.19006	0.25423	0.19543	0.03189	0.03107	0.01064	0.00758	0.00229	0.00554	0.00889	0.03202	0.01059
17	0.17838	0.01462	0.01330	0.01146	0.01518	0.09345	0.00907	0.13827	0.01992	0.10348	0.09179	0.02652	0.07203	0.00954	0.00640	0.00210	0.00612	0.00729	0.17235	0.00875
18	0.01943	0.74891	0.03809	0.01244	0.01866	0.02876	0.01244	0.02177	0.01477	0.01710	0.01011	0.01166	0.00933	0.00622	0.00466	0.00155	0.00777	0.00389	0.00311	0.00933
19	0.00980	0.00742	0.00906	0.00887	0.01076	0.00668	0.00671	0.01266	0.01890	0.02547	0.44697	0.08632	0.25683	0.01651	0.00868	0.00242	0.00371	0.04813	0.00750	0.00659
20	0.02007	0.68978	0.03664	0.01296	0.01897	0.08561	0.01257	0.02237	0.01525	0.01716	0.01020	0.01178	0.00933	0.00632	0.00482	0.00158	0.00822	0.00395	0.00316	0.00925
21	0.79588	0.01406	0.01068	0.00956	0.01406	0.01631	0.00787	0.02137	0.01237	0.03261	0.01012	0.01181	0.00787	0.00675	0.00450	0.00225	0.00562	0.00394	0.00450	0.00787
22	0.01976	0.71862	0.03735	0.01270	0.01882	0.05788	0.01251	0.02207	0.01502	0.01713	0.01015	0.01172	0.00933	0.00627	0.00474	0.00157	0.00800	0.00392	0.00314	0.00929
23	0.62286	0.07055	0.01500	0.01325	0.07081	0.03807	0.00987	0.02156	0.01309	0.02973	0.01042	0.01249	0.00838	0.00692	0.00549	0.00221	0.03248	0.00425	0.00425	0.00830
24	0.01079	0.00857	0.01268	0.09860	0.09624	0.00868	0.01037	0.01291	0.01432	0.01915	0.03275	0.48773	0.03768	0.05741	0.01033	0.00304	0.00570	0.06042	0.00584	0.00679
25	0.01851	0.65903	0.03597	0.01304	0.01886	0.02652	0.04061	0.02092	0.01481	0.01748	0.01266	0.06915	0.01244	0.00751	0.00520	0.00170	0.00769	0.00541	0.00342	0.00908
26	0.01943	0.74891	0.03809	0.01244	0.01866	0.02876	0.01244	0.02177	0.01477	0.01710	0.01011	0.01166	0.00933	0.00622	0.00466	0.00155	0.00777	0.00389	0.00311	0.00933
27	0.00891	0.00644	0.00844	0.00993	0.01052	0.00596	0.00669	0.01032	0.01439	0.01914	0.07428	0.67009	0.08372	0.02215	0.00921	0.00289	0.00415	0.02001	0.00681	0.00596
28	0.00888	0.00734	0.00779	0.00775	0.01002	0.00625	0.00579	0.01097	0.01715	0.02119	0.17667	0.08915	0.57002	0.01796	0.00861	0.00244	0.00366	0.01515	0.00696	0.00625
29	0.00965	0.00741	0.00883	0.00847	0.01047	0.00659	0.00635	0.01247	0.01906	0.02555	0.45996	0.06023	0.30623	0.01620	0.00858	0.00235	0.00352	0.01398	0.00753	0.00659
30	0.73708	0.01418	0.01112	0.00995	0.01442	0.01644	0.00815	0.02267	0.06331	0.03245	0.01159	0.01297	0.00895	0.00698	0.00472	0.00227	0.00563	0.00426	0.00472	0.00815
31	0.03261	0.01237	0.01687	0.01293	0.01856	0.01068	0.01068	0.03543	0.02081	0.70423	0.02868	0.02474	0.01799	0.00900	0.00731	0.00225	0.00619	0.00731	0.00900	0.01237
32	0.01507	0.01292	0.01507	0.01077	0.01723	0.00969	0.00861	0.01830	0.01507	0.02369	0.01292	0.01507	0.01077	0.00538	0.00538	0.00108	0.00538	0.00431	0.00431	0.78898
33	0.01079	0.00763	0.01029	0.01173	0.01282	0.00752	0.00933	0.01310	0.01509	0.01979	0.03663	0.25109	0.04124	0.12647	0.01377	0.00378	0.00609	0.39030	0.00637	0.00615
34	0.01116	0.00867	0.01213	0.01171	0.01251	0.01031	0.00880	0.01297	0.01133	0.01626	0.01903	0.03168	0.01911	0.22270	0.45385	0.00940	0.11000	0.00830	0.00393	0.00616
35	0.01990	0.01652	0.01746	0.01516	0.01960	0.01893	0.01195	0.16012	0.56159	0.03335	0.02727	0.02527	0.02031	0.00965	0.00737	0.00241	0.00618	0.00790	0.00737	0.01167
36	0.01355	0.14592	0.23058	0.01480	0.02017	0.01497	0.04056	0.01801	0.01599	0.02191	0.14427	0.08024	0.08979	0.01317	0.03616	0.00270	0.04354	0.04038	0.00480	0.00849
37	0.01447	0.01264	0.01763	0.01469	0.05165	0.01068	0.08108	0.03703	0.01557	0.02305	0.01850	0.14688	0.01796	0.01117	0.04161	0.00217	0.00685	0.00806	0.00471	0.46359

[dist]
# distance from previous block
# <min> <max>
1	2

[block]
# block no. 1 follows, 28 sequences, length 16
# corresponding to MSA columns:
# 814-829
name=unknown_B
#
# <colnr> <probs for GDERKNQSTAVLIFYWHMCP>
#	G	D	E	R	K	N	Q	S	T	A	V	L	I	F	Y	W	H	M	C	P
0	0.02228	0.02219	0.01730	0.01487	0.01921	0.32191	0.01143	0.02715	0.10666	0.10048	0.09145	0.02122	0.01885	0.00836	0.00674	0.00188	0.00872	0.00630	0.00541	0.16760
1	0.07803	0.05396	0.53791	0.02124	0.08644	0.01691	0.02370	0.02343	0.01548	0.05862	0.01358	0.01566	0.00975	0.00694	0.00669	0.00226	0.00983	0.00541	0.00353	0.01062
2	0.44695	0.05079	0.03955	0.01124	0.01528	0.01415	0.00991	0.01997	0.01435	0.05942	0.02132	0.03380	0.04559	0.01089	0.00639	0.00252	0.00617	0.17857	0.00526	0.00788
3	0.01850	0.01729	0.02483	0.05699	0.43218	0.04547	0.01849	0.05953	0.17683	0.02584	0.01771	0.02032	0.01416	0.00896	0.02920	0.00253	0.00847	0.00686	0.00469	0.01116
4	0.01003	0.00765	0.01055	0.01055	0.01200	0.00835	0.00805	0.01230	0.01261	0.01726	0.03078	0.03828	0.15743	0.09274	0.52621	0.00949	0.01542	0.00952	0.00451	0.00628
5	0.01565	0.19420	0.55964	0.01890	0.02864	0.01950	0.02368	0.02274	0.01522	0.02172	0.01240	0.01454	0.00923	0.00675	0.00641	0.00214	0.01009	0.00504	0.00308	0.01043
6	0.01630	0.01422	0.01472	0.01337	0.01678	0.04963	0.01030	0.03102	0.46239	0.02942	0.21925	0.03420	0.03483	0.01117	0.00769	0.00238	0.00545	0.00945	0.00739	0.01002
7	0.79588	0.01406	0.01068	0.00956	0.01406	0.01631	0.00787	0.02137	0.01237	0.03261	0.01012	0.01181	0.00787	0.00675	0.00450	0.00225	0.00562	0.00394	0.00450	0.00787
8	0.01373	0.01292	0.02180	0.72707	0.05006	0.01615	0.02019	0.01857	0.01453	0.01857	0.01292	0.01938	0.00969	0.00727	0.00727	0.00242	0.00969	0.00646	0.00323	0.00807
9	0.01214	0.00959	0.01029	0.00960	0.01181	0.05739	0.00724	0.01507	0.01967	0.05773	0.47218	0.05358	0.20657	0.01488	0.00837	0.00229	0.00431	0.01277	0.00746	0.00706
10	0.01067	0.00821	0.01223	0.01207	0.01330	0.00977	0.00944	0.01322	0.01165	0.01691	0.01895	0.02790	0.01772	0.05234	0.67971	0.01124	0.05653	0.00771	0.00386	0.00657
11	0.00969	0.00741	0.00889	0.00852	0.01049	0.00660	0.00639	0.01256	0.01917	0.02580	0.47668	0.05981	0.28936	0.01611	0.00858	0.00235	0.00352	0.01392	0.00756	0.00660
12	0.00974	0.00719	0.00875	0.00913	0.01022	0.00696	0.00637	0.01122	0.01380	0.01803	0.07696	0.18650	0.20494	0.23464	0.12648	0.00534	0.00734	0.04498	0.00570	0.00571
13	0.06614	0.00792	0.01072	0.01094	0.01220	0.00887	0.00819	0.01287	0.01203	0.01805	0.02269	0.15298	0.02336	0.10475	0.48367	0.00909	0.01476	0.01000	0.00448	0.00631
14	0.06932	0.01912	0.03832	0.02772	0.03444	0.01872	0.55175	0.06936	0.01778	0.02524	0.01436	0.01877	0.01085	0.00666	0.00892	0.00245	0.04447	0.00802	0.00396	0.00977
15	0.39742	0.04404	0.08253	0.06254	0.08267	0.03784	0.01288	0.07887	0.03919	0.02939	0.01246	0.01451	0.00965	0.00696	0.00563	0.00214	0.00715	0.00490	0.00445	0.06478

[dist]
# distance from previous block
# <min> <max>
0	15

[block]
# block no. 2 follows, 28 sequences, length 40
# corresponding to MSA columns:
# 845-884
name=unknown_C
#
# <colnr> <probs for GDERKNQSTAVLIFYWHMCP>
#	G	D	E	R	K	N	Q	S	T	A	V	L	I	F	Y	W	H	M	C	P
0	0.01701	0.30017	0.12096	0.01559	0.02003	0.02249	0.01501	0.04475	0.04254	0.01977	0.01476	0.01778	0.04149	0.01145	0.04589	0.00275	0.22905	0.00583	0.00366	0.00902
1	0.01599	0.01427	0.03434	0.04614	0.04787	0.05105	0.01087	0.11775	0.17808	0.02640	0.09020	0.03918	0.15419	0.10252	0.01140	0.00296	0.00653	0.03526	0.00623	0.00878
2	0.01312	0.01211	0.01997	0.59064	0.06811	0.01462	0.01813	0.01742	0.01464	0.01882	0.01878	0.09806	0.04730	0.00942	0.00754	0.00247	0.00878	0.00840	0.00379	0.00788
3	0.01965	0.68442	0.06271	0.01308	0.01934	0.06420	0.01307	0.02219	0.01510	0.01736	0.01028	0.01188	0.00933	0.00631	0.00485	0.00160	0.00817	0.00399	0.00314	0.00934
4	0.79588	0.01406	0.01068	0.00956	0.01406	0.01631	0.00787	0.02137	0.01237	0.03261	0.01012	0.01181	0.00787	0.00675	0.00450	0.00225	0.00562	0.00394	0.00450	0.00787
5	0.01497	0.05577	0.15238	0.02137	0.19213	0.01439	0.01541	0.04992	0.06841	0.02316	0.08926	0.02890	0.04489	0.12772	0.06721	0.00371	0.00863	0.00801	0.00465	0.00911
6	0.02502	0.05456	0.02146	0.01835	0.04678	0.36752	0.01394	0.21650	0.04908	0.02710	0.04101	0.01684	0.01318	0.00844	0.00777	0.00207	0.04976	0.00583	0.00502	0.00976
7	0.02645	0.02516	0.02080	0.01726	0.02213	0.27906	0.01366	0.36867	0.09747	0.03380	0.01642	0.01685	0.01228	0.00839	0.00702	0.00210	0.00966	0.00603	0.00598	0.01081
8	0.01622	0.01546	0.02630	0.32828	0.42938	0.01681	0.02143	0.02076	0.01571	0.02160	0.01336	0.01857	0.01076	0.00681	0.00723	0.00227	0.00907	0.00647	0.00345	0.01008
9	0.48727	0.01507	0.01422	0.01172	0.01671	0.01655	0.00967	0.16210	0.01859	0.16419	0.01523	0.01548	0.01076	0.00760	0.00562	0.00223	0.00623	0.00513	0.00595	0.00968
10	0.01406	0.01358	0.02388	0.65853	0.04888	0.01637	0.08441	0.01904	0.01479	0.01904	0.01310	0.01940	0.00982	0.00716	0.00740	0.00243	0.00994	0.00667	0.00327	0.00825
11	0.01057	0.00705	0.00793	0.00793	0.00793	0.00705	0.00440	0.01057	0.01057	0.01409	0.02290	0.04757	0.02643	0.74454	0.03700	0.00705	0.00705	0.01057	0.00440	0.00440
12	0.79588	0.01406	0.01068	0.00956	0.01406	0.01631	0.00787	0.02137	0.01237	0.03261	0.01012	0.01181	0.00787	0.00675	0.00450	0.00225	0.00562	0.00394	0.00450	0.00787
13	0.00977	0.00752	0.01093	0.01174	0.01259	0.00736	0.03999	0.01145	0.01419	0.01900	0.03748	0.62289	0.04423	0.02134	0.00989	0.00297	0.03382	0.07013	0.00645	0.00624
14	0.02975	0.01697	0.01972	0.01512	0.02085	0.01751	0.01249	0.40362	0.02850	0.32516	0.02221	0.02054	0.01475	0.00884	0.00729	0.00221	0.00723	0.00687	0.00800	0.01237
15	0.00938	0.00673	0.00890	0.00976	0.01066	0.00625	0.00679	0.01144	0.01635	0.02243	0.27954	0.48928	0.05557	0.01988	0.00902	0.00271	0.00393	0.01792	0.00721	0.00625
16	0.02621	0.01379	0.01643	0.01331	0.01817	0.01389	0.01076	0.13068	0.18766	0.36516	0.02668	0.02449	0.01826	0.00911	0.00709	0.00223	0.00605	0.00736	0.09110	0.01156
17	0.06663	0.01796	0.01921	0.01534	0.02049	0.01985	0.01244	0.43405	0.17086	0.08742	0.02065	0.02083	0.01513	0.03548	0.00823	0.00243	0.00723	0.00696	0.00717	0.01165
18	0.00993	0.00660	0.00882	0.01025	0.01091	0.00612	0.00693	0.01126	0.01423	0.04953	0.03955	0.70749	0.04672	0.02215	0.00919	0.00292	0.00431	0.02006	0.00685	0.00620
19	0.73797	0.01479	0.01130	0.01004	0.01455	0.04309	0.00821	0.02218	0.01300	0.05688	0.01085	0.01234	0.00830	0.00686	0.00468	0.00223	0.00593	0.00409	0.00464	0.00806
20	0.01943	0.74891	0.03809	0.01244	0.01866	0.02876	0.01244	0.02177	0.01477	0.01710	0.01011	0.01166	0.00933	0.00622	0.00466	0.00155	0.00777	0.00389	0.00311	0.00933
21	0.00932	0.00761	0.00829	0.00836	0.01057	0.00672	0.00630	0.01204	0.03897	0.02142	0.16025	0.11733	0.50190	0.01801	0.00867	0.00251	0.00389	0.04448	0.00695	0.00643
22	0.02459	0.27201	0.02641	0.01664	0.02120	0.48719	0.01351	0.02661	0.01866	0.01756	0.01086	0.01263	0.00935	0.00707	0.00593	0.00177	0.01134	0.00442	0.00353	0.00873
23	0.07701	0.01273	0.02014	0.23328	0.20026	0.01393	0.04756	0.01758	0.01461	0.02109	0.01997	0.20028	0.02022	0.03300	0.00908	0.00264	0.03384	0.01005	0.00437	0.00836
24	0.01943	0.74891	0.03809	0.01244	0.01866	0.02876	0.01244	0.02177	0.01477	0.01710	0.01011	0.01166	0.00933	0.00622	0.00466	0.00155	0.00777	0.00389	0.00311	0.00933
25	0.69194	0.01599	0.03685	0.01225	0.05189	0.04765	0.00960	0.02182	0.01307	0.03113	0.01047	0.01232	0.00818	0.00677	0.00482	0.00223	0.00630	0.00416	0.00437	0.00819
26	0.01045	0.00753	0.01035	0.01035	0.01119	0.00836	0.00743	0.01213	0.01129	0.01589	0.02069	0.03528	0.02109	0.29867	0.47557	0.01004	0.01507	0.00877	0.00407	0.00575
27	0.66195	0.01623	0.07982	0.01094	0.01593	0.01619	0.00993	0.02191	0.03856	0.03104	0.01148	0.01332	0.00891	0.00851	0.02902	0.00258	0.00661	0.00437	0.00445	0.00825
28	0.01943	0.74891	0.03809	0.01244	0.01866	0.02876	0.01244	0.02177	0.01477	0.01710	0.01011	0.01166	0.00933	0.00622	0.00466	0.00155	0.00777	0.00389	0.00311	0.00933
29	0.01047	0.00708	0.00800	0.00797	0.00817	0.00700	0.00459	0.01073	0.01138	0.01515	0.06133	0.04893	0.05865	0.67283	0.03420	0.00659	0.00670	0.01092	0.00470	0.00461
30	0.02786	0.01132	0.01535	0.01213	0.01692	0.00987	0.00987	0.03080	0.02076	0.56047	0.17065	0.03104	0.02877	0.01025	0.00758	0.00226	0.00560	0.00855	0.00878	0.01120
31	0.01029	0.00743	0.00972	0.00914	0.01086	0.00686	0.00686	0.01372	0.02058	0.02915	0.69536	0.05430	0.06859	0.01486	0.00857	0.00229	0.00343	0.01315	0.00800	0.00686
32	0.79588	0.01406	0.01068	0.00956	0.01406	0.01631	0.00787	0.02137	0.01237	0.03261	0.01012	0.01181	0.00787	0.00675	0.00450	0.00225	0.00562	0.00394	0.00450	0.00787
33	0.03084	0.01485	0.08478	0.01370	0.01983	0.01129	0.01228	0.03420	0.02027	0.63719	0.02714	0.02382	0.01713	0.00879	0.00727	0.00225	0.00663	0.00712	0.00841	0.01221
34	0.01507	0.01292	0.01507	0.01077	0.01723	0.00969	0.00861	0.01830	0.01507	0.02369	0.01292	0.01507	0.01077	0.00538	0.00538	0.00108	0.00538	0.00431	0.00431	0.78898
35	0.01038	0.00779	0.01168	0.01168	0.01298	0.00909	0.00909	0.01298	0.01168	0.01687	0.01947	0.02856	0.01817	0.05452	0.71573	0.01168	0.01947	0.00779	0.00389	0.00649
36	0.22102	0.47614	0.02863	0.01175	0.01746	0.02351	0.01106	0.02321	0.01483	0.09890	0.01221	0.01318	0.00993	0.00667	0.00492	0.00181	0.00704	0.00429	0.00413	0.00930
37	0.79588	0.01406	0.01068	0.00956	0.01406	0.01631	0.00787	0.02137	0.01237	0.03261	0.01012	0.01181	0.00787	0.00675	0.00450	0.00225	0.00562	0.00394	0.00450	0.00787
38	0.01638	0.01196	0.01440	0.01090	0.01645	0.00931	0.00860	0.01936	0.01588	0.10611	0.04620	0.09120	0.01784	0.00798	0.00615	0.00146	0.00528	0.00670	0.00528	0.58259
39	0.05784	0.06023	0.27590	0.04192	0.07956	0.17181	0.01881	0.02463	0.01657	0.09361	0.01409	0.01673	0.01079	0.02692	0.00865	0.00234	0.06017	0.00562	0.00401	0.00982

[dist]
# distance from previous block
# <min> <max>
0	1

[block]
# block no. 3 follows, 28 sequences, length 29
# corresponding to MSA columns:
# 886-914
name=unknown_D
#
# <colnr> <probs for GDERKNQSTAVLIFYWHMCP>
#	G	D	E	R	K	N	Q	S	T	A	V	L	I	F	Y	W	H	M	C	P
0	0.50754	0.02194	0.16181	0.01334	0.01912	0.10651	0.01291	0.04112	0.01468	0.02902	0.01110	0.01289	0.00848	0.00693	0.00536	0.00221	0.00775	0.00441	0.00417	0.00869
1	0.01430	0.01383	0.02177	0.67687	0.04799	0.04226	0.01981	0.01892	0.01464	0.01851	0.01274	0.01903	0.00967	0.00746	0.00780	0.00243	0.03423	0.00639	0.00325	0.00808
2	0.79588	0.01406	0.01068	0.00956	0.01406	0.01631	0.00787	0.02137	0.01237	0.03261	0.01012	0.01181	0.00787	0.00675	0.00450	0.00225	0.00562	0.00394	0.00450	0.00787
3	0.02877	0.01186	0.01581	0.01240	0.01742	0.01048	0.01014	0.05535	0.02112	0.57069	0.11432	0.02979	0.04772	0.01006	0.00751	0.00226	0.00582	0.00830	0.00873	0.01146
4	0.01021	0.00743	0.00961	0.00906	0.01081	0.00683	0.00680	0.01357	0.02039	0.02872	0.66701	0.05501	0.09721	0.01502	0.00857	0.00229	0.00344	0.01325	0.00794	0.00683
5	0.01038	0.00779	0.01168	0.01168	0.01298	0.00909	0.00909	0.01298	0.01168	0.01687	0.01947	0.02856	0.01817	0.05452	0.71573	0.01168	0.01947	0.00779	0.00389	0.00649
6	0.00883	0.00725	0.00778	0.00791	0.01003	0.00620	0.00583	0.01080	0.01675	0.02068	0.14599	0.14726	0.54253	0.01849	0.00867	0.00249	0.00371	0.01570	0.00690	0.00620
7	0.01046	0.00750	0.01024	0.01024	0.01104	0.00830	0.00729	0.01206	0.01126	0.01581	0.02079	0.03585	0.02134	0.31913	0.45545	0.00990	0.01471	0.00886	0.00409	0.00569
8	0.01547	0.01527	0.02159	0.04915	0.02004	0.02119	0.01567	0.01726	0.01131	0.01750	0.01030	0.01683	0.01008	0.01507	0.06582	0.00367	0.65621	0.00645	0.00323	0.00787
9	0.79588	0.01406	0.01068	0.00956	0.01406	0.01631	0.00787	0.02137	0.01237	0.03261	0.01012	0.01181	0.00787	0.00675	0.00450	0.00225	0.00562	0.00394	0.00450	0.00787
10	0.06408	0.01992	0.02163	0.01764	0.05259	0.02201	0.01391	0.61420	0.03234	0.04418	0.01693	0.01721	0.01211	0.00853	0.00714	0.00218	0.00791	0.00642	0.00697	0.01211
11	0.01974	0.04363	0.04628	0.18522	0.12812	0.01597	0.05723	0.13070	0.01950	0.11951	0.04707	0.02018	0.01443	0.00760	0.00704	0.00210	0.00803	0.00661	0.00513	0.11592
12	0.05476	0.08656	0.13509	0.01908	0.08975	0.18846	0.01557	0.07034	0.14990	0.02472	0.03734	0.04308	0.01621	0.00880	0.00690	0.00219	0.00891	0.02762	0.00487	0.00987
13	0.79588	0.01406	0.01068	0.00956	0.01406	0.01631	0.00787	0.02137	0.01237	0.03261	0.01012	0.01181	0.00787	0.00675	0.00450	0.00225	0.00562	0.00394	0.00450	0.00787
14	0.01161	0.00909	0.01116	0.00950	0.01271	0.00766	0.00729	0.01486	0.01861	0.02679	0.44261	0.04359	0.09774	0.01226	0.00761	0.00193	0.00404	0.01063	0.00679	0.24350
15	0.01171	0.01133	0.06500	0.22239	0.02454	0.01061	0.01283	0.04256	0.01526	0.02028	0.02899	0.39933	0.03194	0.01625	0.00847	0.00274	0.00664	0.05643	0.00546	0.00723
16	0.01679	0.04732	0.42236	0.02344	0.13054	0.01604	0.07237	0.02325	0.01609	0.08878	0.01649	0.06473	0.01312	0.00801	0.00722	0.00231	0.00959	0.00694	0.00402	0.01059
17	0.01832	0.01796	0.05123	0.03984	0.58417	0.01757	0.02110	0.05319	0.07797	0.02532	0.01526	0.01870	0.01244	0.00690	0.00721	0.00219	0.00842	0.00660	0.00409	0.01153
18	0.01495	0.01032	0.01358	0.01156	0.01486	0.00992	0.00903	0.01749	0.01378	0.10515	0.01838	0.02492	0.01614	0.09448	0.30507	0.00629	0.04634	0.00681	0.00468	0.25625
19	0.02703	0.02006	0.02147	0.01660	0.02231	0.02226	0.01367	0.63466	0.07546	0.04484	0.01822	0.01806	0.01298	0.00880	0.00728	0.00220	0.00786	0.00665	0.00728	0.01231
20	0.01716	0.01961	0.04289	0.03064	0.03799	0.01838	0.67279	0.02328	0.01716	0.02328	0.01471	0.01961	0.01103	0.00613	0.00858	0.00245	0.01225	0.00858	0.00368	0.00980
21	0.01190	0.00835	0.01103	0.01133	0.05477	0.00764	0.00786	0.01508	0.01967	0.06982	0.50674	0.05274	0.16615	0.01455	0.00841	0.00230	0.00397	0.01272	0.00758	0.00738
22	0.00859	0.00736	0.00736	0.00736	0.00982	0.00614	0.00552	0.01043	0.01657	0.01964	0.07364	0.06996	0.69624	0.01841	0.00859	0.00245	0.00368	0.01534	0.00675	0.00614
23	0.01314	0.01146	0.01786	0.08261	0.10757	0.01287	0.05889	0.01713	0.05581	0.01927	0.01974	0.07434	0.01898	0.10082	0.25919	0.00623	0.08323	0.02885	0.00426	0.00774
24	0.03122	0.01460	0.01825	0.01399	0.01967	0.01399	0.01156	0.21394	0.02454	0.52044	0.02554	0.02271	0.01642	0.00892	0.00730	0.00223	0.00669	0.00710	0.00852	0.01237
25	0.01472	0.03674	0.67989	0.02049	0.03097	0.01693	0.02626	0.02363	0.04156	0.02331	0.01369	0.01581	0.00972	0.00702	0.00693	0.00231	0.01055	0.00548	0.00324	0.01077
26	0.01933	0.47521	0.13297	0.01597	0.02269	0.07038	0.07437	0.05100	0.04074	0.02027	0.01205	0.01382	0.01006	0.00663	0.00568	0.00182	0.00889	0.00485	0.00353	0.00973
27	0.00954	0.00706	0.00889	0.00969	0.01094	0.00651	0.00707	0.01159	0.01609	0.02125	0.18453	0.34846	0.18210	0.04781	0.01016	0.00292	0.00437	0.09792	0.00692	0.00620
28	0.02035	0.10600	0.04847	0.04008	0.01931	0.12880	0.01198	0.11843	0.02090	0.11642	0.20669	0.02720	0.02765	0.00987	0.00775	0.00210	0.03476	0.00773	0.00603	0.03947

[dist]
# distance from previous block
# <min> <max>
1	6

[block]
# block no. 4 follows, 28 sequences, length 43
# corresponding to MSA columns:
# 921-963
name=unknown_E
#
# <colnr> <probs for GDERKNQSTAVLIFYWHMCP>
#	G	D	E	R	K	N	Q	S	T	A	V	L	I	F	Y	W	H	M	C	P
0	0.01650	0.01402	0.01639	0.08824	0.02071	0.06480	0.03009	0.07202	0.07861	0.05103	0.06906	0.05153	0.01933	0.03921	0.09907	0.00331	0.00856	0.00731	0.00516	0.24502
1	0.01213	0.00968	0.01137	0.01021	0.01346	0.00850	0.00784	0.04359	0.04024	0.02375	0.14170	0.17428	0.18291	0.01437	0.00781	0.00218	0.00469	0.05618	0.00630	0.22881
2	0.01960	0.01956	0.10106	0.16854	0.03031	0.01933	0.09299	0.23602	0.12956	0.03031	0.01706	0.01932	0.01267	0.00839	0.00861	0.00240	0.06162	0.00689	0.00525	0.01052
3	0.01808	0.01561	0.01644	0.01479	0.01890	0.01808	0.01151	0.03863	0.68606	0.03041	0.02959	0.02712	0.02219	0.00986	0.00740	0.00247	0.00575	0.00822	0.00740	0.01151
4	0.01057	0.00705	0.00793	0.00793	0.00793	0.00705	0.00440	0.01057	0.01057	0.01409	0.02290	0.04757	0.02643	0.74454	0.03700	0.00705	0.00705	0.01057	0.00440	0.00440
5	0.79588	0.01406	0.01068	0.00956	0.01406	0.01631	0.00787	0.02137	0.01237	0.03261	0.01012	0.01181	0.00787	0.00675	0.00450	0.00225	0.00562	0.00394	0.00450	0.00787
6	0.01082	0.00696	0.00812	0.00812	0.00812	0.00696	0.00464	0.01044	0.01044	0.01391	0.02165	0.04446	0.02474	0.65663	0.03595	0.10256	0.00696	0.01005	0.00425	0.00425
7	0.02844	0.01906	0.02101	0.01611	0.02189	0.02062	0.01331	0.57108	0.03200	0.15275	0.01928	0.01864	0.01328	0.00877	0.00728	0.00219	0.00770	0.00667	0.00755	0.01236
8	0.00942	0.00695	0.00881	0.00929	0.01057	0.00634	0.00661	0.01168	0.01712	0.02318	0.32128	0.34993	0.15444	0.01878	0.00888	0.00260	0.00380	0.01669	0.00728	0.00634
9	0.06084	0.01713	0.01942	0.01503	0.02066	0.01798	0.01239	0.40000	0.05462	0.27369	0.02154	0.02014	0.01453	0.00878	0.00717	0.00222	0.00718	0.00677	0.00776	0.01214
10	0.79588	0.01406	0.01068	0.00956	0.01406	0.01631	0.00787	0.02137	0.01237	0.03261	0.01012	0.01181	0.00787	0.00675	0.00450	0.00225	0.00562	0.00394	0.00450	0.00787
11	0.73093	0.01422	0.01140	0.00999	0.01459	0.01628	0.00823	0.04687	0.01359	0.06457	0.01127	0.01263	0.00852	0.00693	0.00474	0.00225	0.00574	0.00419	0.00481	0.00825
12	0.00970	0.00738	0.00988	0.06746	0.01419	0.00716	0.00826	0.01182	0.01540	0.02020	0.10997	0.42866	0.14514	0.01972	0.00903	0.00281	0.00480	0.09550	0.00659	0.00631
13	0.01943	0.74891	0.03809	0.01244	0.01866	0.02876	0.01244	0.02177	0.01477	0.01710	0.01011	0.01166	0.00933	0.00622	0.00466	0.00155	0.00777	0.00389	0.00311	0.00933
14	0.00977	0.00698	0.00948	0.01116	0.01198	0.00669	0.00833	0.01170	0.01482	0.01958	0.03956	0.52999	0.04609	0.02191	0.00952	0.00308	0.00501	0.22148	0.00673	0.00616
15	0.01943	0.74891	0.03809	0.01244	0.01866	0.02876	0.01244	0.02177	0.01477	0.01710	0.01011	0.01166	0.00933	0.00622	0.00466	0.00155	0.00777	0.00389	0.00311	0.00933
16	0.49372	0.07378	0.07295	0.01343	0.04364	0.11830	0.01121	0.02216	0.01423	0.02750	0.01207	0.04662	0.01033	0.00757	0.00534	0.00218	0.00735	0.00504	0.00424	0.00835
17	0.02715	0.03464	0.02060	0.01873	0.02247	0.71536	0.01404	0.02903	0.02060	0.01779	0.01124	0.01311	0.00936	0.00749	0.00655	0.00187	0.01311	0.00468	0.00375	0.00843
18	0.04842	0.10569	0.13465	0.05768	0.02590	0.01797	0.16458	0.04668	0.14881	0.02450	0.05398	0.04683	0.01721	0.01038	0.03552	0.00270	0.03649	0.00762	0.00471	0.00965
19	0.01038	0.00779	0.01168	0.01168	0.01298	0.00909	0.00909	0.01298	0.01168	0.01687	0.01947	0.02856	0.01817	0.05452	0.71573	0.01168	0.01947	0.00779	0.00389	0.00649
20	0.01507	0.01292	0.01507	0.01077	0.01723	0.00969	0.00861	0.01830	0.01507	0.02369	0.01292	0.01507	0.01077	0.00538	0.00538	0.00108	0.00538	0.00431	0.00431	0.78898
21	0.01943	0.74891	0.03809	0.01244	0.01866	0.02876	0.01244	0.02177	0.01477	0.01710	0.01011	0.01166	0.00933	0.00622	0.00466	0.00155	0.00777	0.00389	0.00311	0.00933
22	0.01055	0.00776	0.01015	0.01141	0.01259	0.00768	0.00864	0.01413	0.06817	0.02124	0.08704	0.43380	0.04566	0.02036	0.00931	0.00298	0.00503	0.20998	0.00687	0.00665
23	0.01805	0.00917	0.01207	0.01035	0.01350	0.00816	0.00811	0.02114	0.02035	0.26700	0.41267	0.04504	0.09825	0.01306	0.00813	0.00229	0.00442	0.01125	0.00826	0.00875
24	0.01002	0.00742	0.00934	0.00886	0.01070	0.00674	0.00665	0.01320	0.01994	0.02765	0.59714	0.05677	0.16775	0.01542	0.00858	0.00231	0.00347	0.01349	0.00780	0.00674
25	0.79588	0.01406	0.01068	0.00956	0.01406	0.01631	0.00787	0.02137	0.01237	0.03261	0.01012	0.01181	0.00787	0.00675	0.00450	0.00225	0.00562	0.00394	0.00450	0.00787
26	0.03226	0.01293	0.01722	0.01320	0.01884	0.01152	0.01090	0.08036	0.02174	0.65797	0.02789	0.02423	0.01760	0.00898	0.00731	0.00224	0.00631	0.00726	0.00888	0.01237
27	0.01038	0.00779	0.01168	0.01168	0.01298	0.00909	0.00909	0.01298	0.01168	0.01687	0.01947	0.02856	0.01817	0.05452	0.71573	0.01168	0.01947	0.00779	0.00389	0.00649
28	0.01859	0.13515	0.39112	0.01731	0.02532	0.04214	0.01969	0.07042	0.01740	0.11239	0.01699	0.07179	0.01359	0.00845	0.00683	0.00221	0.00910	0.00664	0.00446	0.01041
29	0.02747	0.01982	0.02138	0.01648	0.02222	0.02184	0.01359	0.62135	0.05974	0.07410	0.01843	0.01816	0.01300	0.00878	0.00728	0.00220	0.00783	0.00665	0.00735	0.01233
30	0.13928	0.39191	0.02785	0.01364	0.01903	0.16641	0.01207	0.07219	0.01741	0.06454	0.01204	0.01322	0.00988	0.00692	0.00538	0.00181	0.00846	0.00447	0.00412	0.00934
31	0.02058	0.01571	0.02306	0.02063	0.09755	0.01615	0.14321	0.09828	0.23342	0.14429	0.05512	0.05861	0.02045	0.00933	0.00773	0.00238	0.00749	0.00859	0.00650	0.01092
32	0.02644	0.01100	0.01489	0.01189	0.01643	0.00963	0.00963	0.02942	0.02074	0.51751	0.21307	0.03292	0.03199	0.01062	0.00766	0.00226	0.00542	0.00892	0.00872	0.01085
33	0.01106	0.00757	0.00969	0.00987	0.01117	0.00735	0.00727	0.01313	0.01545	0.04403	0.19846	0.12729	0.10402	0.20262	0.08909	0.00470	0.00673	0.11804	0.00625	0.00620
34	0.01013	0.00722	0.00833	0.00826	0.00906	0.00701	0.00530	0.01111	0.01304	0.01720	0.11251	0.05126	0.16330	0.45842	0.08289	0.00595	0.00696	0.01160	0.00525	0.00521
35	0.01013	0.00686	0.00806	0.00849	0.00859	0.00676	0.00500	0.01046	0.01142	0.01523	0.02727	0.22361	0.03193	0.56098	0.02995	0.00601	0.00633	0.01314	0.00500	0.00479
36	0.01508	0.01430	0.02424	0.51100	0.25558	0.01650	0.02086	0.01976	0.01517	0.02021	0.01316	0.01894	0.01027	0.00702	0.00724	0.00234	0.00936	0.00647	0.00335	0.00916
37	0.02915	0.01792	0.02030	0.01557	0.02132	0.01892	0.01286	0.47947	0.03009	0.24707	0.02088	0.01968	0.01408	0.00881	0.00728	0.00220	0.00744	0.00678	0.00780	0.01236
38	0.01373	0.01292	0.02180	0.72707	0.05006	0.01615	0.02019	0.01857	0.01453	0.01857	0.01292	0.01938	0.00969	0.00727	0.00727	0.00242	0.00969	0.00646	0.00323	0.00807
39	0.01591	0.01289	0.01516	0.01087	0.01729	0.00974	0.00871	0.01912	0.01535	0.05629	0.01367	0.01554	0.01111	0.00556	0.00548	0.00113	0.00542	0.00445	0.00453	0.75177
40	0.01029	0.00743	0.00972	0.00914	0.01086	0.00686	0.00686	0.01372	0.02058	0.02915	0.69536	0.05430	0.06859	0.01486	0.00857	0.00229	0.00343	0.01315	0.00800	0.00686
41	0.01755	0.00915	0.01137	0.00982	0.01319	0.00794	0.00771	0.02017	0.01916	0.26447	0.22719	0.04969	0.28516	0.01411	0.00813	0.00234	0.00450	0.01190	0.00789	0.00854
42	0.02144	0.01735	0.05087	0.05891	0.32006	0.06992	0.01697	0.05162	0.04514	0.18018	0.07764	0.02264	0.01813	0.00815	0.00730	0.00220	0.00796	0.00714	0.00549	0.01091

[dist]
# distance from previous block
# <min> <max>
8	13

[block]
# block no. 5 follows, 28 sequences, length 14
# corresponding to MSA columns:
# 977-990
name=unknown_F
#
# <colnr> <probs for GDERKNQSTAVLIFYWHMCP>
#	G	D	E	R	K	N	Q	S	T	A	V	L	I	F	Y	W	H	M	C	P
0	0.07019	0.04417	0.01969	0.01568	0.02040	0.14352	0.01262	0.33668	0.13185	0.03415	0.02094	0.02099	0.05642	0.00923	0.00750	0.00220	0.03013	0.00679	0.00621	0.01063
1	0.01769	0.06377	0.09682	0.03945	0.55087	0.01800	0.06351	0.02241	0.01636	0.02324	0.01346	0.01745	0.01113	0.00648	0.00710	0.00215	0.00902	0.00635	0.00352	0.01120
2	0.01484	0.01236	0.01894	0.01727	0.06160	0.01236	0.13805	0.13988	0.01814	0.02441	0.02698	0.32844	0.02901	0.10800	0.01217	0.00318	0.00714	0.01344	0.00575	0.00805
3	0.00889	0.00738	0.00777	0.00767	0.01000	0.00626	0.00576	0.01101	0.01727	0.02130	0.18213	0.06722	0.58671	0.01779	0.00859	0.00243	0.00364	0.01496	0.00697	0.00626
4	0.02427	0.18430	0.02364	0.01487	0.02020	0.10590	0.01255	0.34458	0.02562	0.07707	0.02107	0.02104	0.07597	0.00894	0.00672	0.00203	0.00804	0.00660	0.00597	0.01062
5	0.00882	0.00646	0.00830	0.00977	0.01045	0.00593	0.00659	0.01016	0.01426	0.01869	0.04435	0.65426	0.13084	0.02222	0.00919	0.00289	0.00415	0.01998	0.00675	0.00593
6	0.01750	0.36516	0.26586	0.01755	0.06438	0.02260	0.01790	0.02439	0.10079	0.02125	0.01382	0.01529	0.01106	0.00694	0.00594	0.00197	0.00859	0.00511	0.00367	0.01023
7	0.01853	0.25977	0.17309	0.10718	0.02669	0.05380	0.06958	0.02375	0.04931	0.08713	0.04068	0.01890	0.02668	0.00756	0.00650	0.00207	0.00878	0.00606	0.00423	0.00971
8	0.01648	0.01656	0.04874	0.19303	0.39259	0.01612	0.07041	0.02105	0.01591	0.02251	0.01347	0.01797	0.01089	0.00650	0.00708	0.00211	0.00881	0.00632	0.00359	0.10985
9	0.02373	0.11889	0.05885	0.01754	0.05588	0.34425	0.01381	0.10118	0.02056	0.08034	0.01960	0.02033	0.07742	0.00858	0.00671	0.00199	0.00997	0.00619	0.00477	0.00940
10	0.01309	0.00740	0.00868	0.06309	0.01236	0.00785	0.00685	0.01647	0.01465	0.02490	0.02224	0.02672	0.01787	0.01534	0.11265	0.00326	0.00630	0.00690	0.60655	0.00683
11	0.01595	0.01322	0.01753	0.03581	0.01949	0.01415	0.08780	0.04688	0.32580	0.05271	0.16424	0.11811	0.03270	0.01188	0.00799	0.00247	0.00605	0.01065	0.00694	0.00963
12	0.01016	0.00752	0.00918	0.01010	0.01109	0.00730	0.00690	0.03469	0.05244	0.01985	0.04072	0.53371	0.11458	0.09135	0.01173	0.00324	0.00465	0.01791	0.00657	0.00632
13	0.04512	0.01806	0.02193	0.22293	0.12003	0.10743	0.04359	0.18255	0.02097	0.02763	0.06514	0.02005	0.01503	0.00795	0.00713	0.00217	0.00884	0.00664	0.00482	0.05198

[dist]
# distance from previous block
# <min> <max>
3	5

[block]
# block no. 6 follows, 28 sequences, length 20
# corresponding to MSA columns:
# 997-1016
name=unknown_G
#
# <colnr> <probs for GDERKNQSTAVLIFYWHMCP>
#	G	D	E	R	K	N	Q	S	T	A	V	L	I	F	Y	W	H	M	C	P
0	0.01253	0.00836	0.01072	0.00981	0.01199	0.00790	0.00746	0.01705	0.06467	0.08156	0.59959	0.05021	0.06159	0.01407	0.00840	0.00230	0.00380	0.01237	0.00804	0.00759
1	0.01934	0.01384	0.01582	0.01286	0.01774	0.01366	0.01022	0.09451	0.24762	0.12777	0.10640	0.02572	0.02308	0.00896	0.00694	0.00199	0.00565	0.00741	0.00681	0.23365
2	0.01542	0.00842	0.00965	0.01042	0.06308	0.00842	0.00705	0.04493	0.01639	0.06151	0.02293	0.02589	0.01779	0.00835	0.00545	0.00178	0.00412	0.00677	0.65398	0.00765
3	0.01402	0.01125	0.01267	0.01197	0.01477	0.01178	0.00909	0.05985	0.25373	0.02535	0.07318	0.18840	0.10131	0.06383	0.01006	0.00283	0.00535	0.06363	0.00676	0.06017
4	0.01580	0.04187	0.09449	0.01698	0.05227	0.01369	0.11056	0.08615	0.03791	0.02527	0.05818	0.10690	0.01933	0.01051	0.03048	0.00228	0.00770	0.00811	0.00490	0.25661
5	0.00922	0.00672	0.00851	0.00962	0.01046	0.00623	0.00662	0.01075	0.01474	0.01944	0.10213	0.49956	0.13746	0.08017	0.01141	0.00318	0.00441	0.04677	0.00667	0.00594
6	0.01871	0.05266	0.02553	0.16795	0.20830	0.14860	0.08982	0.04119	0.08637	0.02238	0.01626	0.02205	0.01355	0.00801	0.00732	0.00227	0.00962	0.04551	0.00421	0.00968
7	0.05320	0.01298	0.01496	0.01248	0.01659	0.01326	0.00986	0.13202	0.16259	0.23464	0.11055	0.03272	0.08162	0.06756	0.00977	0.00268	0.00588	0.00888	0.00753	0.01019
8	0.01337	0.00683	0.00706	0.00706	0.00873	0.00691	0.00531	0.01671	0.01504	0.02651	0.02347	0.02718	0.01861	0.01112	0.04598	0.00227	0.00431	0.00683	0.73995	0.00676
9	0.01213	0.00778	0.00949	0.00971	0.01060	0.00782	0.00668	0.06280	0.01420	0.01976	0.02715	0.25551	0.02975	0.21349	0.01917	0.13119	0.00565	0.04932	0.10210	0.00571
10	0.01903	0.01789	0.05798	0.13350	0.23527	0.04131	0.05026	0.18625	0.03903	0.02770	0.01694	0.02376	0.01427	0.05697	0.00940	0.00262	0.00878	0.04401	0.00479	0.01022
11	0.01039	0.00775	0.01151	0.01151	0.01275	0.00899	0.00887	0.01287	0.01163	0.01675	0.01963	0.02944	0.01855	0.08648	0.68429	0.01147	0.01889	0.00792	0.00392	0.00639
12	0.10071	0.05491	0.01856	0.03495	0.02008	0.10437	0.01211	0.20399	0.23588	0.03085	0.01955	0.02036	0.01507	0.01333	0.08043	0.00320	0.00889	0.00658	0.00592	0.01026
13	0.79588	0.01406	0.01068	0.00956	0.01406	0.01631	0.00787	0.02137	0.01237	0.03261	0.01012	0.01181	0.00787	0.00675	0.00450	0.00225	0.00562	0.00394	0.00450	0.00787
14	0.01345	0.08183	0.13720	0.07267	0.07225	0.05887	0.01336	0.01732	0.01721	0.02260	0.20796	0.07783	0.15506	0.01206	0.00763	0.00227	0.00674	0.01018	0.00539	0.00813
15	0.47874	0.01755	0.03658	0.01306	0.03630	0.11887	0.01039	0.06476	0.01516	0.02863	0.01221	0.01490	0.00991	0.01333	0.09966	0.00344	0.00898	0.00485	0.00442	0.00827
16	0.01144	0.00784	0.00991	0.00965	0.01149	0.00730	0.00713	0.01497	0.04905	0.06489	0.41632	0.20434	0.12511	0.01641	0.00860	0.00246	0.00390	0.01447	0.00762	0.00710
17	0.01719	0.13595	0.02003	0.01282	0.01762	0.01457	0.04004	0.08836	0.01664	0.05718	0.01682	0.09139	0.01558	0.03930	0.00955	0.04744	0.03910	0.00696	0.00477	0.30870
18	0.05469	0.06090	0.03873	0.13756	0.06471	0.14651	0.04398	0.09341	0.01828	0.04432	0.01614	0.04597	0.01408	0.00877	0.00751	0.00215	0.03391	0.05419	0.00455	0.10963
19	0.01871	0.04396	0.06068	0.15992	0.07405	0.06770	0.17238	0.15727	0.04144	0.02709	0.06978	0.02282	0.01661	0.00826	0.00760	0.00230	0.00941	0.02540	0.00483	0.00977

[dist]
# distance from previous block
# <min> <max>
0	25

[block]
# block no. 7 follows, 28 sequences, length 19
# corresponding to MSA columns:
# 1042-1060
name=unknown_H
#
# <colnr> <probs for GDERKNQSTAVLIFYWHMCP>
#	G	D	E	R	K	N	Q	S	T	A	V	L	I	F	Y	W	H	M	C	P
0	0.00940	0.00735	0.00852	0.00833	0.01034	0.00646	0.00621	0.01196	0.01832	0.02404	0.36332	0.09432	0.37152	0.01695	0.00862	0.00240	0.00359	0.01456	0.00734	0.00646
1	0.09756	0.02065	0.08349	0.02322	0.06017	0.01957	0.27923	0.26722	0.02289	0.03264	0.01510	0.01762	0.01110	0.00724	0.00749	0.00230	0.00972	0.00701	0.00505	0.01073
2	0.01065	0.00726	0.00994	0.00994	0.01097	0.00765	0.00723	0.01138	0.01186	0.01598	0.02766	0.03644	0.13639	0.12203	0.34246	0.20148	0.01200	0.00907	0.00427	0.00536
3	0.01403	0.01050	0.01168	0.01084	0.01332	0.04207	0.00819	0.04756	0.10325	0.07520	0.34708	0.13758	0.12063	0.01464	0.00828	0.00239	0.00470	0.01266	0.00746	0.00794
4	0.00893	0.00638	0.00850	0.01007	0.01056	0.00596	0.00675	0.01031	0.01427	0.01912	0.07497	0.70327	0.04917	0.02235	0.00924	0.00292	0.00418	0.02026	0.00681	0.00596
5	0.01943	0.74891	0.03809	0.01244	0.01866	0.02876	0.01244	0.02177	0.01477	0.01710	0.01011	0.01166	0.00933	0.00622	0.00466	0.00155	0.00777	0.00389	0.00311	0.00933
6	0.02426	0.07692	0.04964	0.01398	0.01917	0.01630	0.01200	0.25416	0.05735	0.23200	0.14201	0.02609	0.02418	0.00967	0.00729	0.00219	0.00664	0.00776	0.00738	0.01101
7	0.01764	0.01691	0.02887	0.10073	0.64582	0.01718	0.02213	0.02200	0.01639	0.02332	0.01361	0.01810	0.01136	0.00654	0.00720	0.00218	0.00872	0.00648	0.00357	0.01123
8	0.01799	0.01727	0.02950	0.04462	0.69919	0.01727	0.02231	0.02231	0.01655	0.02375	0.01367	0.01799	0.01151	0.00648	0.00720	0.00216	0.00864	0.00648	0.00360	0.01151
9	0.01715	0.01415	0.01814	0.04789	0.07667	0.01397	0.04394	0.07087	0.20936	0.05494	0.02187	0.10077	0.01866	0.00921	0.00700	0.00203	0.00638	0.00803	0.00574	0.25324
10	0.01582	0.01469	0.02388	0.13349	0.44124	0.01516	0.01879	0.02060	0.04742	0.02266	0.02197	0.05188	0.06941	0.00936	0.00763	0.00236	0.00795	0.06135	0.00433	0.01001
11	0.09539	0.11945	0.04383	0.01682	0.04000	0.27973	0.01349	0.16744	0.07303	0.06298	0.01480	0.01565	0.01137	0.00774	0.00641	0.00202	0.00949	0.00540	0.00503	0.00995
12	0.01617	0.01385	0.01703	0.01225	0.01871	0.01115	0.04296	0.07027	0.01668	0.02541	0.01337	0.01549	0.01091	0.00568	0.00570	0.00123	0.00594	0.00470	0.00451	0.68801
13	0.01373	0.01292	0.02180	0.72707	0.05006	0.01615	0.02019	0.01857	0.01453	0.01857	0.01292	0.01938	0.00969	0.00727	0.00727	0.00242	0.00969	0.00646	0.00323	0.00807
14	0.01080	0.00782	0.01060	0.01214	0.01359	0.00762	0.01007	0.01355	0.01608	0.02085	0.04177	0.23101	0.09777	0.02056	0.00975	0.00318	0.00588	0.45379	0.00671	0.00647
15	0.07218	0.00750	0.00821	0.00835	0.00876	0.00763	0.00499	0.01136	0.01116	0.01614	0.02417	0.13639	0.02783	0.59090	0.03077	0.00613	0.00656	0.01138	0.00472	0.00488
16	0.01048	0.00701	0.00795	0.00804	0.00807	0.00699	0.00453	0.01055	0.01075	0.01433	0.02380	0.08384	0.02756	0.70672	0.03555	0.00683	0.00690	0.01110	0.00453	0.00448
17	0.00994	0.00784	0.01038	0.04702	0.01333	0.00803	0.00816	0.01187	0.01517	0.02025	0.13504	0.41938	0.14864	0.01924	0.01020	0.00278	0.06493	0.03496	0.00645	0.00638
18	0.01968	0.29324	0.14950	0.07236	0.02411	0.10906	0.01571	0.11843	0.05132	0.02329	0.01454	0.05145	0.01237	0.00797	0.00626	0.00200	0.00888	0.00591	0.00419	0.00975

[dist]
# distance from previous block
# <min> <max>
1	3

[block]
# block no. 8 follows, 28 sequences, length 10
# corresponding to MSA columns:
# 1064-1073
name=unknown_I
#
# <colnr> <probs for GDERKNQSTAVLIFYWHMCP>
#	G	D	E	R	K	N	Q	S	T	A	V	L	I	F	Y	W	H	M	C	P
0	0.01681	0.01920	0.08770	0.22736	0.26225	0.09804	0.05420	0.02184	0.04083	0.02135	0.01576	0.07287	0.01368	0.00820	0.00735	0.00230	0.00940	0.00741	0.00385	0.00959
1	0.02416	0.02693	0.02058	0.08364	0.02424	0.42481	0.01444	0.14783	0.02133	0.02306	0.01289	0.01560	0.01046	0.01075	0.04773	0.00263	0.07010	0.00551	0.00432	0.00899
2	0.01573	0.01348	0.06624	0.05059	0.01825	0.01237	0.01129	0.05904	0.19997	0.08930	0.13767	0.04324	0.16434	0.01285	0.00802	0.00247	0.00583	0.07331	0.00688	0.00913
3	0.01270	0.01076	0.01657	0.19880	0.14960	0.01142	0.01426	0.01602	0.01543	0.02030	0.02980	0.13368	0.08522	0.05493	0.01009	0.00297	0.00726	0.19739	0.00512	0.00766
4	0.02625	0.03069	0.02032	0.01804	0.02210	0.54783	0.01374	0.11675	0.09356	0.02290	0.01403	0.01519	0.01114	0.00791	0.00674	0.00198	0.01164	0.00531	0.00461	0.00928
5	0.01563	0.01731	0.13774	0.06260	0.05240	0.01417	0.16140	0.03547	0.01583	0.07222	0.02330	0.09601	0.06987	0.01294	0.02864	0.04854	0.07624	0.04634	0.00467	0.00870
6	0.01850	0.01512	0.01639	0.01413	0.01843	0.01649	0.01104	0.15773	0.39612	0.03121	0.02637	0.10733	0.02188	0.01060	0.00734	0.00229	0.00597	0.00887	0.00691	0.10727
7	0.00970	0.00775	0.00915	0.01005	0.03848	0.00697	0.00703	0.01175	0.01621	0.02048	0.12954	0.13319	0.40100	0.08544	0.01139	0.00299	0.00454	0.08150	0.00654	0.00631
8	0.01727	0.08270	0.02075	0.27529	0.03046	0.01801	0.01487	0.09883	0.24106	0.02585	0.01968	0.02312	0.01539	0.00857	0.00706	0.00229	0.00765	0.03069	0.00525	0.05521
9	0.00945	0.00688	0.00900	0.01022	0.01121	0.00643	0.00740	0.01138	0.01548	0.02053	0.12820	0.48375	0.11379	0.02090	0.00924	0.00288	0.00444	0.11575	0.00690	0.00617

[dist]
# distance from previous block
# <min> <max>
4	6

[block]
# block no. 9 follows, 28 sequences, length 10
# corresponding to MSA columns:
# 1081-1088,1102,1103
name=unknown_J
#
# <colnr> <probs for GDERKNQSTAVLIFYWHMCP>
#	G	D	E	R	K	N	Q	S	T	A	V	L	I	F	Y	W	H	M	C	P
