[name]
unknown

[dist]
# distance from previous block
# <min> <max>
0	16

[block]
# block no. 0 follows, 23 sequences, length 17
# corresponding to MSA columns:
# 35-51
name=unknown_A
#
# <colnr> <probs for GDERKNQSTAVLIFYWHMCP>
#	G	D	E	R	K	N	Q	S	T	A	V	L	I	F	Y	W	H	M	C	P
0	0.02337	0.06826	0.01846	0.01446	0.01918	0.01532	0.01190	0.03311	0.23306	0.23782	0.03805	0.04236	0.09772	0.01311	0.00857	0.00274	0.00664	0.09609	0.00828	0.01151
1	0.01918	0.03790	0.57835	0.02187	0.03304	0.01785	0.02737	0.02770	0.01801	0.11872	0.01708	0.01865	0.01170	0.00805	0.00777	0.00256	0.01126	0.00631	0.00438	0.01225
2	0.05861	0.02513	0.11967	0.02078	0.02751	0.06892	0.08839	0.31287	0.02759	0.08895	0.01789	0.01932	0.01293	0.00930	0.00949	0.00256	0.06427	0.00716	0.00636	0.01230
3	0.01055	0.00841	0.00955	0.01015	0.01206	0.00773	0.00726	0.01391	0.06226	0.02280	0.09142	0.32877	0.34251	0.02165	0.00980	0.00296	0.00450	0.01884	0.00765	0.00721
4	0.01042	0.00825	0.00936	0.00909	0.01147	0.00720	0.00681	0.01324	0.02044	0.02655	0.33399	0.07047	0.40625	0.01882	0.00958	0.00266	0.00399	0.01606	0.00814	0.00720
5	0.02353	0.02335	0.03066	0.11294	0.06673	0.15191	0.19182	0.12848	0.05594	0.05585	0.01696	0.02031	0.01290	0.00872	0.00978	0.00259	0.06373	0.00764	0.00515	0.01103
6	0.01935	0.42626	0.31542	0.01789	0.02701	0.02636	0.02085	0.02490	0.01677	0.02195	0.01270	0.01480	0.01035	0.00727	0.00629	0.00210	0.01011	0.00506	0.00345	0.01110
7	0.01409	0.00705	0.01057	0.01057	0.01057	0.00705	0.00705	0.01057	0.01057	0.01409	0.01409	0.02467	0.01409	0.02819	0.03171	0.76392	0.00705	0.00705	0.00352	0.00352
8	0.00982	0.00732	0.00915	0.01061	0.01159	0.00665	0.00723	0.01138	0.01619	0.02098	0.05306	0.56902	0.18881	0.02434	0.01019	0.00317	0.00457	0.02175	0.00753	0.00665
9	0.07211	0.01630	0.01889	0.01488	0.02070	0.04641	0.01216	0.14811	0.02527	0.43397	0.05373	0.02836	0.05060	0.01052	0.00807	0.00249	0.00737	0.00833	0.00897	0.01276
10	0.02067	0.59155	0.16171	0.01563	0.02353	0.02960	0.01693	0.02456	0.01661	0.02034	0.01190	0.01379	0.01039	0.00709	0.00568	0.00189	0.00930	0.00465	0.00346	0.01071
11	0.01404	0.00937	0.01190	0.01146	0.01322	0.01031	0.00866	0.06338	0.01586	0.02393	0.02333	0.03336	0.02117	0.13175	0.36483	0.00857	0.01412	0.00871	0.20451	0.00752
12	0.05171	0.02019	0.02663	0.04622	0.07524	0.11134	0.14689	0.10798	0.02273	0.21802	0.02272	0.07490	0.01760	0.00991	0.00839	0.00255	0.00986	0.00886	0.00665	0.01160
13	0.05067	0.17563	0.10071	0.18521	0.03181	0.02180	0.01753	0.16084	0.02177	0.07967	0.01613	0.01851	0.01207	0.00814	0.00715	0.00228	0.00921	0.00624	0.00521	0.06943
14	0.01198	0.00932	0.01120	0.01169	0.01348	0.00936	0.00841	0.01772	0.12897	0.02489	0.13819	0.36799	0.13984	0.02254	0.04189	0.00347	0.00561	0.01781	0.00772	0.00792
15	0.02406	0.07236	0.09636	0.11984	0.03402	0.02242	0.15737	0.28169	0.02645	0.06031	0.01747	0.01996	0.01268	0.00846	0.00820	0.00251	0.01049	0.00749	0.00583	0.01204
16	0.10636	0.01997	0.09933	0.08370	0.02656	0.01726	0.03734	0.13905	0.07814	0.05485	0.01740	0.01920	0.01310	0.00792	0.00711	0.00214	0.00813	0.00629	0.00563	0.25049

[dist]
# distance from previous block
# <min> <max>
0	4

[block]
# block no. 1 follows, 23 sequences, length 123
# corresponding to MSA columns:
# 56-79,81-83,96-144,158-204
name=unknown_B
#
# <colnr> <probs for GDERKNQSTAVLIFYWHMCP>
#	G	D	E	R	K	N	Q	S	T	A	V	L	I	F	Y	W	H	M	C	P
0	0.02453	0.18088	0.05767	0.01780	0.02409	0.02181	0.08196	0.22553	0.04602	0.11362	0.07666	0.05278	0.02109	0.01004	0.00782	0.00238	0.00856	0.00831	0.00669	0.01174
1	0.01767	0.15847	0.47180	0.02361	0.05454	0.02138	0.09316	0.02546	0.01728	0.02459	0.01421	0.01703	0.01061	0.00746	0.00748	0.00244	0.01151	0.00614	0.00353	0.01163
2	0.01394	0.00916	0.01123	0.01142	0.01332	0.00869	0.00815	0.04398	0.04414	0.08438	0.09464	0.39538	0.14410	0.06356	0.01168	0.00330	0.00521	0.01810	0.00777	0.00787
3	0.01914	0.02306	0.17357	0.13573	0.09385	0.02090	0.02127	0.06732	0.06574	0.05306	0.01587	0.01999	0.01251	0.01028	0.01389	0.00289	0.22843	0.00710	0.00453	0.01086
4	0.02483	0.01806	0.04920	0.06386	0.02456	0.01849	0.01450	0.13278	0.31506	0.18106	0.02887	0.02886	0.02109	0.01063	0.00828	0.00267	0.00752	0.02889	0.00808	0.01273
5	0.01179	0.00792	0.00914	0.00914	0.00924	0.00803	0.00528	0.01199	0.01189	0.01595	0.02530	0.05162	0.02886	0.66932	0.08594	0.00823	0.00883	0.01158	0.00488	0.00508
6	0.03038	0.01248	0.01690	0.01342	0.01864	0.01089	0.01089	0.03369	0.02316	0.51585	0.18373	0.03559	0.03373	0.01162	0.00850	0.00252	0.00616	0.00973	0.00977	0.01232
7	0.02770	0.01913	0.01950	0.03915	0.02217	0.12071	0.01302	0.16644	0.08647	0.23871	0.13235	0.02943	0.02690	0.01085	0.00826	0.00246	0.00813	0.00868	0.00811	0.01181
8	0.01896	0.02341	0.19035	0.01944	0.02608	0.01835	0.08526	0.12508	0.21169	0.03146	0.02858	0.10152	0.06015	0.01166	0.00855	0.00271	0.00873	0.01011	0.00640	0.01151
9	0.01427	0.01288	0.01729	0.01623	0.01686	0.01618	0.01267	0.01721	0.05315	0.02103	0.02979	0.30164	0.06509	0.01890	0.01797	0.00335	0.33749	0.01424	0.00567	0.00808
10	0.06438	0.08891	0.26311	0.02057	0.07068	0.01998	0.02005	0.13717	0.02125	0.10677	0.01761	0.01926	0.01286	0.00871	0.00841	0.00246	0.04783	0.00650	0.05166	0.01183
11	0.02028	0.02434	0.09858	0.02282	0.02808	0.13375	0.16902	0.02965	0.18151	0.02565	0.02051	0.05990	0.01703	0.01047	0.01138	0.00277	0.11962	0.00869	0.00522	0.01072
12	0.02451	0.44851	0.06419	0.01663	0.02297	0.21990	0.01523	0.06435	0.01974	0.02158	0.01230	0.01407	0.01063	0.00756	0.00611	0.00192	0.01057	0.00485	0.00396	0.01040
13	0.02200	0.05119	0.02431	0.02022	0.06244	0.13344	0.06878	0.13238	0.06497	0.02800	0.01704	0.02162	0.01438	0.06164	0.03784	0.00310	0.08574	0.00707	0.00521	0.13863
14	0.01698	0.13076	0.59022	0.02192	0.03325	0.02058	0.02787	0.02551	0.01705	0.02483	0.01413	0.01659	0.01030	0.00761	0.00738	0.00246	0.01156	0.00578	0.00343	0.01179
15	0.00994	0.00796	0.00889	0.00924	0.01132	0.00691	0.00671	0.01211	0.01847	0.02322	0.15981	0.22373	0.43095	0.02110	0.00977	0.00284	0.00421	0.01815	0.00774	0.00691
16	0.02184	0.01288	0.01539	0.01279	0.01699	0.01246	0.01019	0.15751	0.02554	0.19961	0.24887	0.04630	0.15722	0.01413	0.00889	0.00255	0.00580	0.01183	0.00878	0.01045
17	0.06597	0.02411	0.19217	0.20781	0.10591	0.05515	0.04779	0.02765	0.08699	0.08253	0.01793	0.02087	0.01317	0.00832	0.00785	0.00258	0.01022	0.00702	0.00482	0.01114
18	0.03415	0.01381	0.01844	0.01439	0.02035	0.01231	0.01180	0.03870	0.06680	0.59680	0.06044	0.02929	0.02296	0.01041	0.00823	0.00253	0.00673	0.00852	0.00987	0.01346
19	0.00995	0.00770	0.00908	0.00987	0.01147	0.00683	0.00697	0.01192	0.01766	0.02261	0.13263	0.36582	0.31385	0.02232	0.00994	0.00297	0.00435	0.01957	0.00770	0.00683
20	0.01234	0.00941	0.01291	0.01253	0.01333	0.01098	0.00921	0.01413	0.01255	0.01786	0.02182	0.03752	0.02235	0.27720	0.39370	0.01025	0.09126	0.00957	0.00445	0.00663
21	0.02079	0.01441	0.01634	0.01451	0.01852	0.01554	0.01118	0.03506	0.38047	0.14350	0.12043	0.06481	0.03276	0.06122	0.01081	0.00306	0.00617	0.01054	0.00840	0.01147
22	0.01019	0.00793	0.00927	0.00960	0.01150	0.00700	0.00695	0.01257	0.01893	0.02453	0.23177	0.24357	0.33563	0.02077	0.00979	0.00284	0.00419	0.01805	0.00792	0.00700
23	0.01043	0.00729	0.00926	0.01061	0.01095	0.00695	0.00679	0.01144	0.01448	0.01931	0.03932	0.52438	0.04685	0.21988	0.01908	0.00458	0.00560	0.01989	0.00679	0.00612
24	0.02362	0.10766	0.29747	0.02082	0.02886	0.24929	0.02145	0.11011	0.02191	0.02643	0.01419	0.01617	0.01083	0.00813	0.00737	0.00230	0.01215	0.00574	0.00432	0.01118
25	0.06012	0.25251	0.43878	0.01954	0.02956	0.02296	0.02376	0.02516	0.01674	0.02423	0.01335	0.01562	0.01024	0.00746	0.00678	0.00231	0.01064	0.00539	0.00353	0.01132
26	0.01575	0.01491	0.02483	0.61391	0.08600	0.01857	0.02233	0.02087	0.01608	0.02096	0.01420	0.02128	0.01091	0.00849	0.00940	0.00275	0.05872	0.00720	0.00362	0.00921
27	0.02445	0.05961	0.03275	0.02529	0.07419	0.02204	0.22125	0.22221	0.09076	0.08392	0.01971	0.02164	0.01454	0.00880	0.00926	0.00258	0.04038	0.00814	0.00620	0.01228
28	0.01872	0.01794	0.03026	0.21531	0.47090	0.01927	0.02389	0.02352	0.01756	0.02462	0.01479	0.02035	0.01220	0.00785	0.00909	0.00255	0.04844	0.00722	0.00388	0.01164
29	0.01605	0.01556	0.01719	0.01600	0.01742	0.11927	0.01251	0.01835	0.01437	0.01895	0.01785	0.02720	0.01703	0.08674	0.37186	0.00864	0.18504	0.00798	0.00417	0.00782
30	0.02159	0.02459	0.16971	0.02536	0.09952	0.02050	0.14138	0.21275	0.02406	0.03379	0.04341	0.02168	0.01538	0.00902	0.00952	0.00257	0.05821	0.00776	0.04739	0.01179
31	0.05266	0.13529	0.22421	0.02247	0.06459	0.02183	0.10866	0.12465	0.07383	0.06948	0.01762	0.01929	0.01305	0.00817	0.00763	0.00244	0.01009	0.00686	0.00518	0.01198
32	0.01007	0.00724	0.00981	0.01149	0.01207	0.00698	0.00782	0.01165	0.01526	0.02051	0.04221	0.63538	0.05001	0.02930	0.08393	0.00436	0.00657	0.02149	0.00718	0.00666
33	0.01087	0.00825	0.01009	0.01020	0.01221	0.00746	0.00774	0.01386	0.02027	0.02698	0.34283	0.14049	0.25731	0.01944	0.00984	0.00282	0.00440	0.07951	0.00818	0.00726
34	0.01872	0.30683	0.10408	0.01784	0.02214	0.02601	0.01696	0.02178	0.01466	0.01999	0.01221	0.01684	0.01126	0.01411	0.06643	0.00343	0.28745	0.00597	0.00357	0.00973
35	0.01974	0.16772	0.07500	0.01440	0.02132	0.01806	0.01298	0.02767	0.15154	0.06592	0.01879	0.01956	0.01474	0.00765	0.00658	0.00183	0.00720	0.00594	0.00547	0.33789
36	0.01059	0.00826	0.00961	0.00927	0.01158	0.00728	0.00695	0.01359	0.02086	0.02754	0.38790	0.06884	0.35171	0.01845	0.00958	0.00264	0.00396	0.01583	0.00827	0.00728
37	0.01622	0.00862	0.00873	0.00834	0.01055	0.00879	0.00635	0.06193	0.01849	0.03171	0.02598	0.02950	0.02031	0.00947	0.00584	0.00193	0.00414	0.00754	0.70756	0.00800
38	0.02585	0.05549	0.03055	0.02587	0.07368	0.40537	0.17635	0.03053	0.05632	0.02267	0.01483	0.01770	0.01190	0.00799	0.00793	0.00230	0.01337	0.00668	0.00435	0.01027
39	0.01868	0.02085	0.04386	0.03167	0.03935	0.01974	0.56158	0.02625	0.05783	0.02625	0.02110	0.02553	0.04916	0.00786	0.00950	0.00274	0.01270	0.00997	0.00455	0.01083
40	0.00997	0.00710	0.00939	0.01119	0.01164	0.00665	0.00741	0.01132	0.01537	0.02049	0.04385	0.67969	0.05257	0.05676	0.01176	0.00350	0.00485	0.02256	0.00741	0.00651
41	0.01162	0.00783	0.00990	0.01038	0.01107	0.00807	0.00698	0.01312	0.01365	0.01939	0.02967	0.21523	0.03251	0.29618	0.18867	0.00731	0.01004	0.01348	0.08869	0.00622
42	0.12404	0.11018	0.02314	0.01710	0.02241	0.28485	0.01374	0.10806	0.05043	0.14619	0.01759	0.01794	0.01306	0.00868	0.00707	0.00225	0.01036	0.00599	0.00596	0.01096
43	0.01180	0.00787	0.00885	0.00885	0.00885	0.00787	0.00492	0.01180	0.01180	0.01573	0.02557	0.05310	0.02950	0.71483	0.04130	0.00787	0.00787	0.01180	0.00492	0.00492
44	0.01159	0.00869	0.01304	0.01304	0.01449	0.01014	0.01014	0.01449	0.01304	0.01884	0.02173	0.03188	0.02029	0.06086	0.68268	0.01304	0.02173	0.00869	0.00435	0.00724
45	0.01532	0.01442	0.02434	0.69533	0.05589	0.01803	0.02253	0.02073	0.01622	0.02073	0.01442	0.02163	0.01082	0.00811	0.00811	0.00270	0.01082	0.00721	0.00361	0.00901
46	0.03135	0.02192	0.02385	0.01829	0.02476	0.02396	0.01511	0.58295	0.03680	0.10727	0.02062	0.02022	0.01437	0.00977	0.00812	0.00244	0.00875	0.00738	0.00829	0.01380
47	0.02174	0.02054	0.02584	0.19217	0.18726	0.10174	0.03948	0.13793	0.05043	0.02911	0.01623	0.01979	0.01264	0.00806	0.00779	0.00232	0.00996	0.00685	0.00498	0.10512
48	0.01622	0.04028	0.63297	0.06441	0.03639	0.01879	0.02952	0.02539	0.01708	0.02539	0.01455	0.01741	0.01031	0.00773	0.00773	0.00258	0.01192	0.00607	0.00344	0.01181
49	0.01679	0.04677	0.01944	0.01737	0.07599	0.05093	0.06046	0.02335	0.12159	0.04780	0.12868	0.06391	0.17435	0.01285	0.00843	0.00242	0.00684	0.01112	0.00664	0.10429
50	0.01894	0.07646	0.43814	0.02133	0.03109	0.01994	0.05060	0.05698	0.12566	0.05606	0.01856	0.01988	0.01342	0.00838	0.00777	0.00255	0.01055	0.00674	0.00478	0.01216
51	0.00989	0.00706	0.00942	0.01130	0.01177	0.00659	0.00753	0.01130	0.01554	0.02071	0.04472	0.70954	0.05367	0.02542	0.01036	0.00330	0.00471	0.02307	0.00753	0.00659
52	0.01898	0.02011	0.03596	0.16084	0.18750	0.05024	0.27184	0.02424	0.01779	0.02404	0.01488	0.02058	0.01187	0.00815	0.01093	0.00272	0.09663	0.00808	0.00392	0.01070
53	0.01656	0.01493	0.02437	0.34797	0.25903	0.01654	0.02037	0.02135	0.01725	0.02386	0.02075	0.02597	0.05786	0.00882	0.00792	0.00252	0.00917	0.00795	0.08679	0.01004
54	0.01180	0.00787	0.00885	0.00885	0.00885	0.00787	0.00492	0.01180	0.01180	0.01573	0.02557	0.05310	0.02950	0.71483	0.04130	0.00787	0.00787	0.01180	0.00492	0.00492
55	0.01977	0.01688	0.01821	0.01544	0.02079	0.01797	0.01212	0.06276	0.45952	0.03274	0.02763	0.02633	0.02100	0.00966	0.00767	0.00234	0.00642	0.00796	0.00736	0.20743
56	0.00987	0.00713	0.00935	0.01113	0.01172	0.00661	0.00746	0.01132	0.01570	0.02078	0.04681	0.67433	0.08753	0.02515	0.01031	0.00326	0.00467	0.02274	0.00753	0.00661
57	0.01814	0.02029	0.04338	0.03127	0.03879	0.01896	0.56125	0.02452	0.01932	0.02611	0.05626	0.02749	0.05572	0.00822	0.00958	0.00273	0.01254	0.01032	0.00458	0.01051
58	0.01180	0.00787	0.00885	0.00885	0.00885	0.00787	0.00492	0.01180	0.01180	0.01573	0.02557	0.05310	0.02950	0.71483	0.04130	0.00787	0.00787	0.01180	0.00492	0.00492
59	0.01010	0.00775	0.00925	0.00991	0.01153	0.00690	0.00704	0.01224	0.01816	0.02357	0.18363	0.33880	0.28833	0.02179	0.00991	0.00293	0.00430	0.01912	0.00782	0.00690
60	0.01683	0.01442	0.01683	0.01202	0.01923	0.01082	0.00961	0.02043	0.01683	0.02644	0.01442	0.01683	0.01202	0.00601	0.00601	0.00120	0.00601	0.00481	0.00481	0.76444
61	0.01885	0.01704	0.01654	0.01511	0.01879	0.09740	0.01175	0.06475	0.30648	0.03165	0.19465	0.04183	0.06219	0.01324	0.00874	0.00267	0.00689	0.05308	0.00784	0.01051
62	0.00989	0.00706	0.00942	0.01130	0.01177	0.00659	0.00753	0.01130	0.01554	0.02071	0.04472	0.70954	0.05367	0.02542	0.01036	0.00330	0.00471	0.02307	0.00753	0.00659
63	0.00989	0.00822	0.00866	0.00874	0.01129	0.00699	0.00658	0.01213	0.01879	0.02291	0.13180	0.10102	0.56470	0.02044	0.00967	0.00278	0.00422	0.03657	0.00766	0.00693
64	0.01161	0.00861	0.01263	0.01263	0.01394	0.00992	0.00963	0.01423	0.01292	0.01853	0.02211	0.03394	0.02118	0.12440	0.62035	0.01254	0.02039	0.00900	0.00440	0.00702
65	0.01303	0.01044	0.01198	0.01192	0.01441	0.01058	0.00898	0.02083	0.18213	0.02711	0.17713	0.20178	0.20012	0.01847	0.00952	0.00290	0.00502	0.05710	0.00800	0.00855
66	0.01159	0.00869	0.01304	0.01304	0.01449	0.01014	0.01014	0.01449	0.01304	0.01884	0.02173	0.03188	0.02029	0.06086	0.68268	0.01304	0.02173	0.00869	0.00435	0.00724
67	0.00989	0.00706	0.00942	0.01130	0.01177	0.00659	0.00753	0.01130	0.01554	0.02071	0.04472	0.70954	0.05367	0.02542	0.01036	0.00330	0.00471	0.02307	0.00753	0.00659
68	0.02697	0.03250	0.02350	0.05136	0.02567	0.48665	0.01642	0.05225	0.02101	0.02102	0.01249	0.01580	0.01064	0.00965	0.01151	0.00244	0.16070	0.00580	0.00417	0.00944
69	0.03310	0.01911	0.02211	0.01695	0.02336	0.01979	0.01400	0.39444	0.03209	0.30242	0.02457	0.02279	0.01635	0.00986	0.00813	0.00247	0.00811	0.00765	0.00890	0.01380
70	0.01497	0.00906	0.01196	0.01080	0.01332	0.00825	0.00825	0.01870	0.02300	0.12159	0.57219	0.05600	0.06867	0.01567	0.00937	0.00255	0.00426	0.01376	0.00909	0.00852
71	0.03447	0.01604	0.02011	0.01551	0.02177	0.01536	0.01278	0.18000	0.05118	0.49975	0.02911	0.02581	0.01879	0.01001	0.00815	0.00250	0.00736	0.00800	0.00952	0.01377
72	0.08257	0.01531	0.01905	0.01825	0.06285	0.04623	0.01374	0.02267	0.01607	0.10918	0.02022	0.07291	0.01803	0.01269	0.01503	0.00290	0.28127	0.03167	0.12997	0.00938
73	0.72995	0.01562	0.01262	0.04885	0.01793	0.01819	0.00955	0.02368	0.01394	0.03553	0.01147	0.01365	0.00890	0.00756	0.00519	0.00252	0.00653	0.00455	0.00494	0.00880
74	0.02016	0.52842	0.22041	0.01649	0.02486	0.02836	0.01843	0.02469	0.01667	0.02096	0.01221	0.01418	0.01038	0.00716	0.00591	0.00197	0.00961	0.00481	0.00346	0.01086
75	0.01784	0.01692	0.02765	0.04092	0.52459	0.01662	0.02090	0.02207	0.01848	0.02553	0.02957	0.03248	0.15137	0.01008	0.00837	0.00248	0.00846	0.00934	0.00477	0.01157
76	0.02053	0.02028	0.03195	0.04666	0.59407	0.05669	0.02400	0.02504	0.01841	0.02576	0.01486	0.01965	0.01260	0.00767	0.00899	0.00245	0.04682	0.00711	0.00400	0.01245
77	0.21251	0.02517	0.02043	0.01705	0.02245	0.22448	0.01359	0.25126	0.02629	0.08950	0.01639	0.01713	0.01207	0.00880	0.00712	0.00235	0.00987	0.00602	0.00631	0.01122
78	0.01790	0.04900	0.01295	0.01049	0.01334	0.01074	0.00833	0.04865	0.01853	0.10846	0.08149	0.03147	0.02468	0.01924	0.12762	0.00404	0.00789	0.00828	0.38816	0.00873
79	0.01542	0.01424	0.02361	0.61024	0.05095	0.01789	0.02134	0.02008	0.01565	0.02028	0.01414	0.02153	0.01099	0.00966	0.01072	0.04521	0.05857	0.00719	0.00360	0.00870
80	0.20698	0.01879	0.01886	0.01529	0.02071	0.02101	0.01247	0.35641	0.09683	0.04341	0.01975	0.02032	0.01455	0.00931	0.00712	0.00243	0.00745	0.00683	0.08966	0.01180
81	0.01086	0.00812	0.01011	0.01012	0.01199	0.00737	0.00752	0.01390	0.02058	0.02789	0.40448	0.16987	0.20469	0.01915	0.00977	0.00276	0.00418	0.04101	0.00833	0.00729
82	0.01627	0.04197	0.67279	0.02313	0.03512	0.01884	0.02998	0.02570	0.01713	0.02570	0.01456	0.01713	0.01028	0.00771	0.00771	0.00257	0.01199	0.00600	0.00343	0.01199
83	0.02255	0.01724	0.01867	0.01636	0.02123	0.01943	0.01285	0.06871	0.54947	0.10913	0.03231	0.02949	0.02374	0.01084	0.00824	0.00271	0.00659	0.00897	0.00846	0.01300
84	0.00989	0.00706	0.00942	0.01130	0.01177	0.00659	0.00753	0.01130	0.01554	0.02071	0.04472	0.70954	0.05367	0.02542	0.01036	0.00330	0.00471	0.02307	0.00753	0.00659
85	0.00989	0.00706	0.00942	0.01130	0.01177	0.00659	0.00753	0.01130	0.01554	0.02071	0.04472	0.70954	0.05367	0.02542	0.01036	0.00330	0.00471	0.02307	0.00753	0.00659
86	0.01009	0.00811	0.00900	0.00905	0.01134	0.00702	0.00668	0.01251	0.01926	0.02440	0.22011	0.14435	0.44934	0.02012	0.00967	0.00276	0.00411	0.01719	0.00788	0.00702
87	0.40989	0.01180	0.00984	0.00918	0.01271	0.01311	0.00730	0.02149	0.01534	0.03346	0.01856	0.02135	0.01453	0.00845	0.00533	0.00221	0.00508	0.00591	0.36625	0.00820
88	0.01178	0.00870	0.00982	0.01000	0.01234	0.00783	0.00731	0.01495	0.05340	0.05733	0.09064	0.25619	0.38879	0.02071	0.00966	0.00288	0.00455	0.01783	0.00777	0.00752
89	0.01159	0.00869	0.01304	0.01304	0.01449	0.01014	0.01014	0.01449	0.01304	0.01884	0.02173	0.03188	0.02029	0.06086	0.68268	0.01304	0.02173	0.00869	0.00435	0.00724
90	0.03031	0.03867	0.02299	0.02090	0.02508	0.68226	0.01568	0.03240	0.02299	0.01986	0.01254	0.01463	0.01045	0.00836	0.00732	0.00209	0.01463	0.00523	0.00418	0.00941
91	0.17387	0.00952	0.01038	0.01099	0.01315	0.00950	0.00807	0.01561	0.01618	0.05397	0.04315	0.39194	0.14313	0.01993	0.00904	0.00302	0.00519	0.04877	0.00711	0.00748
92	0.01627	0.04197	0.67279	0.02313	0.03512	0.01884	0.02998	0.02570	0.01713	0.02570	0.01456	0.01713	0.01028	0.00771	0.00771	0.00257	0.01199	0.00600	0.00343	0.01199
93	0.01418	0.00888	0.01151	0.01059	0.01302	0.00805	0.00803	0.01768	0.02232	0.10578	0.51365	0.08602	0.11586	0.01652	0.00944	0.00259	0.00425	0.01447	0.00889	0.00827
94	0.01903	0.01354	0.01547	0.01304	0.01664	0.01411	0.01031	0.24523	0.02792	0.03915	0.35422	0.04211	0.04729	0.01328	0.00861	0.00244	0.00571	0.01118	0.09081	0.00991
95	0.02371	0.38497	0.03177	0.01541	0.02150	0.06160	0.01370	0.08530	0.18315	0.07611	0.01931	0.01927	0.01518	0.00856	0.00660	0.00214	0.00830	0.00620	0.00567	0.01155
96	0.01941	0.32745	0.26604	0.02487	0.16346	0.02462	0.02200	0.02493	0.01714	0.02304	0.01331	0.01600	0.01089	0.00728	0.00671	0.00218	0.01007	0.00555	0.00357	0.01150
97	0.02589	0.28344	0.02975	0.01702	0.02280	0.20383	0.01444	0.18634	0.06798	0.02874	0.01757	0.01844	0.03345	0.00878	0.00688	0.00212	0.01004	0.00610	0.00533	0.01107
98	0.72985	0.01526	0.01175	0.01057	0.01531	0.01763	0.00857	0.02318	0.01370	0.03526	0.01209	0.01540	0.00994	0.04688	0.00704	0.00281	0.00637	0.00481	0.00502	0.00857
99	0.18008	0.02147	0.11311	0.02273	0.02957	0.01881	0.25760	0.09615	0.04369	0.03085	0.01917	0.09470	0.01647	0.00963	0.00822	0.00269	0.01006	0.00920	0.00522	0.01055
100	0.01972	0.01650	0.02751	0.02032	0.02701	0.01446	0.23082	0.04722	0.01907	0.10191	0.02070	0.09579	0.01769	0.00904	0.00808	0.00217	0.00879	0.00898	0.00560	0.29862
101	0.02089	0.02037	0.03145	0.09936	0.46421	0.06062	0.05708	0.06743	0.01969	0.02697	0.01517	0.01983	0.01247	0.00785	0.00893	0.00249	0.04161	0.00724	0.00426	0.01209
102	0.02169	0.01506	0.01577	0.01347	0.01727	0.08996	0.01054	0.10973	0.02496	0.17053	0.33277	0.04313	0.07422	0.01343	0.00880	0.00248	0.00649	0.01124	0.00844	0.01001
103	0.01130	0.00827	0.01048	0.00994	0.01185	0.00758	0.00737	0.01476	0.02199	0.03065	0.56992	0.06213	0.13645	0.04861	0.01101	0.00281	0.00404	0.01480	0.00860	0.00745
104	0.02927	0.02093	0.02507	0.01928	0.02568	0.02253	0.06978	0.44008	0.10495	0.12392	0.02233	0.02195	0.01571	0.00967	0.00827	0.00251	0.00881	0.00783	0.00802	0.01344
105	0.01179	0.00791	0.00908	0.00908	0.00917	0.00799	0.00521	0.01195	0.01187	0.01591	0.02535	0.05191	0.02898	0.67822	0.07720	0.00816	0.00864	0.01163	0.00488	0.00505
106	0.01532	0.01442	0.02434	0.69533	0.05589	0.01803	0.02253	0.02073	0.01622	0.02073	0.01442	0.02163	0.01082	0.00811	0.00811	0.00270	0.01082	0.00721	0.00361	0.00901
107	0.01128	0.00811	0.01098	0.01278	0.01395	0.00781	0.00992	0.01373	0.01703	0.02233	0.04541	0.41327	0.07431	0.02391	0.01070	0.00347	0.00590	0.28062	0.00751	0.00699
108	0.01683	0.01442	0.01683	0.01202	0.01923	0.01082	0.00961	0.02043	0.01683	0.02644	0.01442	0.01683	0.01202	0.00601	0.00601	0.00120	0.00601	0.00481	0.00481	0.76444
109	0.02109	0.01580	0.01721	0.01411	0.01862	0.01658	0.01132	0.33863	0.02973	0.03949	0.17641	0.04369	0.19510	0.01404	0.00882	0.00254	0.00656	0.01147	0.00815	0.01065
110	0.00989	0.00706	0.00942	0.01130	0.01177	0.00659	0.00753	0.01130	0.01554	0.02071	0.04472	0.70954	0.05367	0.02542	0.01036	0.00330	0.00471	0.02307	0.00753	0.00659
111	0.03641	0.01381	0.01883	0.01444	0.02071	0.01193	0.01193	0.03954	0.02322	0.66984	0.03201	0.02762	0.02009	0.01004	0.00816	0.00251	0.00690	0.00816	0.01004	0.01381
112	0.01759	0.01861	0.03829	0.02889	0.03517	0.01795	0.45446	0.02345	0.01874	0.02529	0.02271	0.03888	0.02072	0.01100	0.01072	0.00302	0.04220	0.15741	0.00491	0.01000
113	0.02755	0.01353	0.01706	0.01420	0.01906	0.01283	0.01137	0.10255	0.06753	0.36616	0.03245	0.14582	0.02632	0.01308	0.00850	0.00264	0.00660	0.03637	0.03977	0.03661
114	0.03085	0.02273	0.02435	0.01867	0.02516	0.02516	0.01542	0.63716	0.03815	0.05114	0.01948	0.01948	0.01380	0.00974	0.00812	0.00244	0.00893	0.00731	0.00812	0.01380
115	0.01016	0.00818	0.00905	0.00897	0.01134	0.00707	0.00668	0.01270	0.01964	0.02495	0.24871	0.10812	0.45661	0.01967	0.00963	0.00272	0.00406	0.01674	0.00794	0.00707
116	0.01162	0.00858	0.01245	0.01245	0.01369	0.00982	0.00940	0.01411	0.01287	0.01840	0.02228	0.03488	0.02159	0.15341	0.59190	0.01231	0.01977	0.00913	0.00443	0.00692
117	0.01775	0.01775	0.02485	0.02130	0.02130	0.02485	0.01775	0.01953	0.01243	0.01953	0.01065	0.01775	0.01065	0.01420	0.02663	0.00355	0.69998	0.00710	0.00355	0.00888
118	0.01638	0.04123	0.64958	0.02354	0.03539	0.01891	0.05245	0.02571	0.01721	0.02571	0.01463	0.01731	0.01035	0.00768	0.00778	0.00258	0.01205	0.00613	0.00345	0.01195
119	0.01609	0.02353	0.24838	0.01602	0.02406	0.01374	0.01676	0.02276	0.05267	0.02687	0.07057	0.04978	0.01921	0.00857	0.00721	0.00197	0.00792	0.00704	0.00497	0.36187
120	0.02026	0.01676	0.04851	0.03215	0.32832	0.01589	0.01942	0.06925	0.02043	0.09361	0.02579	0.04269	0.02398	0.01240	0.00902	0.00284	0.00873	0.19265	0.00598	0.01133
121	0.02861	0.02716	0.02455	0.02008	0.02540	0.23682	0.04347	0.33492	0.07706	0.03684	0.01763	0.01874	0.01330	0.00951	0.00897	0.00242	0.04933	0.00687	0.00642	0.01190
122	0.00989	0.00706	0.00942	0.01130	0.01177	0.00659	0.00753	0.01130	0.01554	0.02071	0.04472	0.70954	0.05367	0.02542	0.01036	0.00330	0.00471	0.02307	0.00753	0.00659

[dist]
# distance from previous block
# <min> <max>
0	5

[block]
# block no. 2 follows, 23 sequences, length 73
# corresponding to MSA columns:
# 210-219,221-236,238-251,253-273,366-377
name=unknown_C
#
# <colnr> <probs for GDERKNQSTAVLIFYWHMCP>
#	G	D	E	R	K	N	Q	S	T	A	V	L	I	F	Y	W	H	M	C	P
0	0.01850	0.01653	0.02000	0.01675	0.02125	0.01810	0.04006	0.03157	0.33389	0.02883	0.02438	0.05021	0.01979	0.01064	0.01085	0.00251	0.12066	0.00828	0.00640	0.20079
1	0.01794	0.02430	0.28099	0.01850	0.02607	0.01417	0.05753	0.02398	0.01861	0.10834	0.05073	0.03842	0.05497	0.01169	0.00855	0.00265	0.00912	0.12811	0.00571	0.09962
2	0.02677	0.02080	0.02338	0.05144	0.06544	0.02321	0.01570	0.42107	0.18959	0.04387	0.02239	0.02233	0.01636	0.00983	0.00815	0.00253	0.00843	0.00777	0.00769	0.01328
3	0.02783	0.36699	0.07143	0.01470	0.02167	0.02240	0.01403	0.03109	0.01949	0.30568	0.02060	0.01969	0.01466	0.00835	0.00666	0.00213	0.00810	0.00612	0.00636	0.01201
4	0.01015	0.00726	0.00965	0.01112	0.01183	0.00677	0.00755	0.01196	0.01676	0.02266	0.14576	0.60296	0.05743	0.02397	0.01023	0.00317	0.00456	0.02169	0.00776	0.00677
5	0.01618	0.01529	0.02588	0.57939	0.16515	0.01825	0.02296	0.02148	0.01663	0.02177	0.01457	0.02135	0.01118	0.00795	0.00810	0.00265	0.01061	0.00721	0.00368	0.00970
6	0.01532	0.01442	0.02434	0.69533	0.05589	0.01803	0.02253	0.02073	0.01622	0.02073	0.01442	0.02163	0.01082	0.00811	0.00811	0.00270	0.01082	0.00721	0.00361	0.00901
7	0.01235	0.00721	0.00988	0.01047	0.01061	0.00706	0.00679	0.01103	0.01235	0.01646	0.02581	0.24283	0.02934	0.15887	0.02692	0.38284	0.00648	0.01293	0.00504	0.00474
8	0.01627	0.04197	0.67279	0.02313	0.03512	0.01884	0.02998	0.02570	0.01713	0.02570	0.01456	0.01713	0.01028	0.00771	0.00771	0.00257	0.01199	0.00600	0.00343	0.01199
9	0.01697	0.12904	0.59182	0.02194	0.03328	0.02055	0.02791	0.02552	0.01705	0.02485	0.01414	0.01660	0.01030	0.00761	0.00739	0.00246	0.01157	0.00578	0.00343	0.01179
10	0.02107	0.02036	0.01548	0.01426	0.01675	0.25899	0.01092	0.02397	0.01863	0.02504	0.01929	0.02288	0.01567	0.00966	0.00897	0.00218	0.09723	0.00664	0.38358	0.00841
11	0.02561	0.02716	0.06640	0.01716	0.02190	0.30278	0.01413	0.17759	0.02480	0.03060	0.01790	0.01993	0.01387	0.00893	0.00713	0.00216	0.01031	0.00638	0.19505	0.01021
12	0.02713	0.02811	0.02111	0.01870	0.02333	0.34953	0.01437	0.07822	0.25049	0.07405	0.02183	0.02156	0.01655	0.00953	0.00777	0.00238	0.01072	0.00701	0.00635	0.01127
13	0.01859	0.01776	0.03024	0.25234	0.47335	0.01889	0.02416	0.02359	0.01777	0.02470	0.01500	0.02057	0.01221	0.00751	0.00806	0.00250	0.01001	0.00722	0.00389	0.01165
14	0.01331	0.05432	0.31188	0.01678	0.02276	0.01328	0.01800	0.01840	0.01630	0.02290	0.02956	0.36465	0.03207	0.01657	0.00893	0.00290	0.00819	0.01450	0.00549	0.00921
15	0.01071	0.00826	0.00978	0.00940	0.01165	0.00733	0.00705	0.01382	0.02115	0.02823	0.42527	0.06771	0.31392	0.01820	0.00958	0.00263	0.00394	0.01567	0.00836	0.00733
16	0.02628	0.02158	0.02645	0.10685	0.18943	0.05181	0.01866	0.38349	0.02994	0.03996	0.01752	0.01967	0.01306	0.00886	0.00806	0.00245	0.00958	0.00718	0.00638	0.01280
17	0.01409	0.00705	0.01057	0.01057	0.01057	0.00705	0.00705	0.01057	0.01057	0.01409	0.01409	0.02467	0.01409	0.02819	0.03171	0.76392	0.00705	0.00705	0.00352	0.00352
18	0.67492	0.01553	0.01352	0.09863	0.02086	0.01818	0.01055	0.02345	0.01412	0.03439	0.01170	0.01427	0.00905	0.00761	0.00542	0.00254	0.00686	0.00476	0.00484	0.00882
19	0.01863	0.01549	0.01779	0.01287	0.01999	0.01266	0.01036	0.09966	0.01957	0.02961	0.01507	0.01717	0.01225	0.00649	0.00628	0.00136	0.00638	0.00513	0.00523	0.66800
20	0.01235	0.01041	0.01425	0.01443	0.01475	0.01230	0.01073	0.01387	0.01456	0.02034	0.03406	0.49312	0.04021	0.02191	0.01545	0.00338	0.22222	0.01807	0.00629	0.00731
21	0.01738	0.01647	0.02632	0.04091	0.05045	0.01469	0.19300	0.02352	0.06957	0.02641	0.01919	0.05387	0.01655	0.00837	0.00780	0.00207	0.00856	0.03455	0.00506	0.36528
22	0.02045	0.02065	0.03919	0.13978	0.04093	0.02105	0.40672	0.12827	0.02164	0.02914	0.01640	0.02129	0.01226	0.00781	0.00971	0.00271	0.03757	0.00871	0.00468	0.01103
23	0.01036	0.00825	0.00928	0.00902	0.01143	0.00718	0.00677	0.01313	0.02030	0.02621	0.31561	0.07103	0.42484	0.01895	0.00958	0.00266	0.00400	0.01613	0.00810	0.00718
24	0.01606	0.08666	0.54250	0.02116	0.03144	0.01868	0.02627	0.02416	0.01656	0.02434	0.01525	0.01873	0.01157	0.01448	0.09424	0.00385	0.01300	0.00622	0.00355	0.01127
25	0.02556	0.01855	0.02266	0.07142	0.13665	0.04833	0.01595	0.19144	0.14532	0.15698	0.02462	0.06559	0.01903	0.01039	0.00824	0.00256	0.00832	0.00868	0.00726	0.01247
26	0.00997	0.00779	0.00905	0.00968	0.01143	0.00686	0.00690	0.01203	0.01799	0.02295	0.14907	0.31783	0.34583	0.02186	0.00988	0.00293	0.00430	0.01906	0.00773	0.00686
27	0.02484	0.02819	0.02020	0.01821	0.02226	0.38058	0.01390	0.05917	0.18097	0.02504	0.02621	0.02644	0.09137	0.01076	0.00859	0.00241	0.03714	0.00780	0.00576	0.01015
28	0.03612	0.01427	0.01911	0.01465	0.02094	0.01260	0.01210	0.07011	0.02399	0.63819	0.03137	0.02720	0.01976	0.01003	0.00816	0.00251	0.00701	0.00812	0.00994	0.01381
29	0.01867	0.02093	0.04452	0.03224	0.03954	0.02029	0.56062	0.02496	0.01838	0.02518	0.01629	0.02212	0.01261	0.01011	0.04517	0.00332	0.06102	0.00936	0.00408	0.01061
30	0.03031	0.03867	0.02299	0.02090	0.02508	0.68226	0.01568	0.03240	0.02299	0.01986	0.01254	0.01463	0.01045	0.00836	0.00732	0.00209	0.01463	0.00523	0.00418	0.00941
31	0.01532	0.01442	0.02434	0.69533	0.05589	0.01803	0.02253	0.02073	0.01622	0.02073	0.01442	0.02163	0.01082	0.00811	0.00811	0.00270	0.01082	0.00721	0.00361	0.00901
32	0.01070	0.00764	0.01035	0.01223	0.01306	0.00729	0.00895	0.01271	0.01634	0.02163	0.04427	0.55148	0.05188	0.02465	0.01057	0.00341	0.00541	0.17308	0.00752	0.00682
33	0.01783	0.01647	0.02619	0.20977	0.34505	0.01769	0.02069	0.02501	0.09950	0.02667	0.09378	0.02660	0.02141	0.00906	0.00826	0.00255	0.00885	0.00836	0.00504	0.01123
34	0.01228	0.00948	0.01139	0.01090	0.01331	0.00916	0.00836	0.01810	0.09937	0.02995	0.42068	0.06258	0.18888	0.01711	0.00952	0.00270	0.00446	0.05518	0.00846	0.00812
35	0.01248	0.00901	0.01231	0.01389	0.01570	0.00884	0.01180	0.01593	0.01872	0.02444	0.09009	0.13960	0.08720	0.02213	0.01092	0.00355	0.00677	0.48166	0.00759	0.00737
36	0.02228	0.01795	0.01914	0.01670	0.02160	0.02045	0.01313	0.11928	0.54310	0.06448	0.03124	0.02877	0.02315	0.01080	0.00823	0.00270	0.00677	0.00889	0.00832	0.01301
37	0.03439	0.01437	0.01967	0.01674	0.06031	0.01289	0.01278	0.03887	0.06201	0.59060	0.03105	0.02732	0.01993	0.00993	0.00816	0.00252	0.00704	0.00817	0.00956	0.01369
38	0.00989	0.00706	0.00942	0.01130	0.01177	0.00659	0.00753	0.01130	0.01554	0.02071	0.04472	0.70954	0.05367	0.02542	0.01036	0.00330	0.00471	0.02307	0.00753	0.00659
39	0.01041	0.00744	0.01002	0.01190	0.01260	0.00704	0.00844	0.01220	0.01605	0.02130	0.04443	0.60800	0.05252	0.02493	0.01050	0.00337	0.00516	0.11943	0.00752	0.00674
40	0.01180	0.00787	0.00885	0.00885	0.00885	0.00787	0.00492	0.01180	0.01180	0.01573	0.02557	0.05310	0.02950	0.71483	0.04130	0.00787	0.00787	0.01180	0.00492	0.00492
41	0.01449	0.00956	0.01046	0.00982	0.01268	0.00910	0.00749	0.01981	0.09368	0.07402	0.15535	0.05385	0.28096	0.01521	0.00834	0.00248	0.00445	0.01273	0.19714	0.00837
42	0.01164	0.00850	0.01205	0.01205	0.01315	0.00960	0.00890	0.01385	0.01275	0.01810	0.02264	0.03692	0.02247	0.21610	0.53042	0.01181	0.01844	0.00943	0.00448	0.00669
43	0.03031	0.03867	0.02299	0.02090	0.02508	0.68226	0.01568	0.03240	0.02299	0.01986	0.01254	0.01463	0.01045	0.00836	0.00732	0.00209	0.01463	0.00523	0.00418	0.00941
44	0.01869	0.02062	0.04300	0.11673	0.08819	0.02029	0.49109	0.02501	0.01848	0.02513	0.01586	0.02157	0.01210	0.00731	0.00994	0.00274	0.03946	0.00902	0.00401	0.01076
45	0.01881	0.02089	0.04230	0.03107	0.03729	0.02157	0.48514	0.02442	0.01752	0.02442	0.01502	0.02089	0.01191	0.00863	0.01371	0.00293	0.18010	0.00898	0.00397	0.01044
46	0.01023	0.00758	0.00956	0.01047	0.01171	0.00691	0.00732	0.01237	0.01794	0.02390	0.20611	0.43271	0.16878	0.02232	0.01002	0.00301	0.00438	0.01989	0.00788	0.00691
47	0.19849	0.02309	0.02093	0.01692	0.02269	0.12946	0.01371	0.35724	0.02911	0.08743	0.01741	0.01786	0.01258	0.00904	0.00729	0.00240	0.00911	0.00637	0.00692	0.01195
48	0.01481	0.01291	0.02201	0.08054	0.02472	0.01314	0.16769	0.06195	0.01769	0.02421	0.02787	0.26266	0.02885	0.04804	0.11485	0.00465	0.01054	0.01371	0.04064	0.00852
49	0.01266	0.01026	0.01109	0.01098	0.01332	0.01032	0.00790	0.01952	0.17549	0.02372	0.05375	0.17996	0.28626	0.13053	0.01449	0.00367	0.00541	0.01538	0.00730	0.00800
50	0.02093	0.04328	0.03542	0.05374	0.07346	0.10798	0.28082	0.06105	0.01884	0.02468	0.01433	0.01937	0.01166	0.00915	0.01323	0.00279	0.18682	0.00786	0.00417	0.01042
51	0.02086	0.01953	0.03232	0.04756	0.61805	0.01970	0.02422	0.06914	0.01990	0.02829	0.01557	0.02004	0.01292	0.00741	0.00804	0.00241	0.00959	0.00724	0.00431	0.01292
52	0.02305	0.01939	0.06662	0.01614	0.02160	0.01875	0.01360	0.34655	0.05551	0.03773	0.02157	0.06677	0.01858	0.10249	0.04349	0.00355	0.00889	0.00861	0.00677	0.10033
53	0.03510	0.01591	0.02013	0.01543	0.02176	0.01504	0.01275	0.18006	0.02673	0.52436	0.02907	0.02570	0.01861	0.00997	0.00815	0.00249	0.00738	0.00796	0.00959	0.01381
54	0.01001	0.00715	0.00956	0.01144	0.01196	0.00670	0.00774	0.01151	0.01566	0.02085	0.04466	0.68590	0.05340	0.02531	0.01039	0.00331	0.00481	0.04550	0.00753	0.00662
55	0.01426	0.05392	0.22630	0.01584	0.02109	0.05435	0.01603	0.01880	0.01608	0.02163	0.02894	0.11795	0.10006	0.05206	0.20017	0.00577	0.01270	0.01040	0.00482	0.00884
56	0.01777	0.01836	0.03202	0.02665	0.06792	0.02158	0.22708	0.02156	0.01515	0.02209	0.01399	0.02070	0.01230	0.01587	0.08436	0.00414	0.35685	0.00811	0.00385	0.00967
57	0.00995	0.00711	0.00947	0.01126	0.01178	0.00663	0.00754	0.01145	0.01582	0.02117	0.06841	0.68455	0.05455	0.02508	0.01033	0.00327	0.00467	0.02274	0.00759	0.00663
58	0.01513	0.00756	0.00756	0.00756	0.00945	0.00756	0.00567	0.01891	0.01702	0.03025	0.02647	0.03025	0.02080	0.00945	0.00567	0.00189	0.00378	0.00756	0.75988	0.00756
59	0.01908	0.01779	0.02940	0.27368	0.41215	0.01920	0.02349	0.06109	0.01890	0.02600	0.01523	0.02059	0.01220	0.00769	0.00807	0.00251	0.01001	0.00723	0.00412	0.01157
60	0.01500	0.01123	0.01347	0.01204	0.01486	0.01138	0.00927	0.09848	0.09886	0.03509	0.50367	0.05175	0.06239	0.01505	0.00923	0.00256	0.00479	0.01308	0.00875	0.00906
61	0.02929	0.01595	0.01892	0.01521	0.02071	0.01619	0.01233	0.17441	0.15602	0.32727	0.05812	0.02800	0.02228	0.01044	0.00808	0.00251	0.00693	0.00844	0.05597	0.01293
62	0.02888	0.02175	0.02324	0.01827	0.02441	0.02424	0.01495	0.52756	0.15096	0.04797	0.02198	0.02147	0.01582	0.00997	0.00814	0.00249	0.00847	0.00765	0.00814	0.01362
63	0.01870	0.01876	0.03485	0.08190	0.39468	0.01854	0.19977	0.02387	0.01830	0.02554	0.01790	0.07593	0.01584	0.00863	0.00867	0.00259	0.01049	0.00918	0.00430	0.01156
64	0.01001	0.00724	0.00950	0.01127	0.01194	0.00673	0.00769	0.01157	0.01586	0.02095	0.04698	0.64260	0.09125	0.02498	0.01035	0.00328	0.00479	0.04883	0.00753	0.00665
65	0.01872	0.00989	0.01316	0.01144	0.01462	0.00890	0.00890	0.02235	0.02304	0.21752	0.47768	0.05104	0.06017	0.01469	0.00916	0.00254	0.00472	0.01278	0.00925	0.00944
66	0.02590	0.02256	0.01989	0.01724	0.02207	0.18459	0.01346	0.11837	0.30637	0.11045	0.02568	0.02460	0.01898	0.00999	0.00788	0.00248	0.00875	0.00774	0.04101	0.01200
67	0.01890	0.02366	0.10302	0.03322	0.04176	0.02037	0.58138	0.02597	0.01897	0.02597	0.01625	0.02147	0.01213	0.00692	0.00941	0.00272	0.01353	0.00926	0.00404	0.01104
68	0.77215	0.01569	0.01193	0.01067	0.01569	0.01820	0.00879	0.02385	0.01381	0.03641	0.01130	0.01318	0.00879	0.00753	0.00502	0.00251	0.00628	0.00439	0.00502	0.00879
69	0.01177	0.00797	0.00939	0.00939	0.00957	0.00816	0.00559	0.01215	0.01196	0.01613	0.02507	0.05037	0.02832	0.63082	0.12370	0.00853	0.00965	0.01140	0.00484	0.00522
70	0.02236	0.01844	0.01882	0.01661	0.02110	0.08907	0.01331	0.09887	0.28306	0.08819	0.02852	0.03551	0.02360	0.01206	0.00914	0.00269	0.03447	0.10497	0.00738	0.07185
71	0.02075	0.01893	0.02889	0.08105	0.44846	0.01989	0.02164	0.08211	0.13921	0.02973	0.01894	0.02205	0.01506	0.00822	0.00809	0.00250	0.00904	0.00760	0.00515	0.01270
72	0.01668	0.01527	0.01978	0.02099	0.15710	0.05338	0.03497	0.02014	0.01768	0.02502	0.08319	0.05813	0.04659	0.06065	0.05041	0.00302	0.00832	0.00848	0.00518	0.29499

[dist]
# distance from previous block
# <min> <max>
9	32

[block]
# block no. 3 follows, 23 sequences, length 26
# corresponding to MSA columns:
# 412-437
name=unknown_D
#
# <colnr> <probs for GDERKNQSTAVLIFYWHMCP>
#	G	D	E	R	K	N	Q	S	T	A	V	L	I	F	Y	W	H	M	C	P
0	0.04618	0.01229	0.01536	0.01532	0.08451	0.01136	0.01044	0.06831	0.02148	0.03099	0.30232	0.04345	0.11683	0.01281	0.00832	0.00225	0.00548	0.01098	0.00711	0.17422
1	0.01940	0.01841	0.02194	0.02316	0.16702	0.09395	0.03301	0.05150	0.09289	0.02711	0.05042	0.02298	0.01776	0.01374	0.07965	0.00320	0.00983	0.00709	0.00524	0.24172
2	0.01797	0.01906	0.09375	0.28581	0.16632	0.01756	0.02042	0.06655	0.04289	0.02620	0.01568	0.02009	0.01215	0.00771	0.00765	0.00232	0.00947	0.00670	0.00440	0.15728
3	0.01701	0.01260	0.01609	0.01663	0.08542	0.01210	0.01142	0.11610	0.02168	0.06293	0.13094	0.19538	0.10102	0.01570	0.00896	0.00263	0.00619	0.05702	0.00725	0.10291
4	0.01730	0.01251	0.01455	0.01326	0.01672	0.01238	0.00999	0.11709	0.11059	0.07117	0.03716	0.31787	0.08300	0.01693	0.00892	0.00271	0.00589	0.01474	0.00753	0.10968
5	0.01718	0.01474	0.01699	0.01250	0.01943	0.01182	0.00996	0.02286	0.08451	0.02724	0.01641	0.01826	0.01338	0.00654	0.00625	0.00137	0.00605	0.00527	0.00518	0.68404
6	0.01532	0.01442	0.02434	0.69533	0.05589	0.01803	0.02253	0.02073	0.01622	0.02073	0.01442	0.02163	0.01082	0.00811	0.00811	0.00270	0.01082	0.00721	0.00361	0.00901
7	0.00959	0.00822	0.00822	0.00822	0.01096	0.00685	0.00617	0.01165	0.01850	0.02192	0.08220	0.07809	0.66092	0.02055	0.00959	0.00274	0.00411	0.01713	0.00754	0.00685
8	0.01963	0.01483	0.01915	0.01381	0.02096	0.01161	0.05128	0.02338	0.01784	0.11339	0.01693	0.01862	0.01313	0.00661	0.00654	0.00148	0.00664	0.00558	0.00547	0.61312
9	0.01093	0.00787	0.01035	0.01059	0.01200	0.00729	0.00761	0.01392	0.02040	0.02845	0.44714	0.28507	0.06864	0.01964	0.00984	0.00281	0.00413	0.01758	0.00845	0.00729
10	0.03001	0.02314	0.02383	0.01862	0.02485	0.05817	0.01524	0.56131	0.08383	0.04824	0.02016	0.02005	0.01446	0.00977	0.00809	0.00244	0.00903	0.00734	0.00793	0.01350
11	0.02578	0.02037	0.02825	0.02140	0.02749	0.04336	0.18186	0.30118	0.05076	0.10125	0.02083	0.02478	0.01600	0.08440	0.01204	0.00311	0.01001	0.00849	0.00675	0.01189
12	0.05400	0.02004	0.03788	0.02938	0.08372	0.01901	0.39867	0.07338	0.02058	0.09845	0.01789	0.02143	0.01314	0.00741	0.00873	0.00254	0.01137	0.00848	0.00514	0.06877
13	0.01157	0.00777	0.00892	0.00914	0.00920	0.00772	0.00523	0.01174	0.01224	0.01632	0.02783	0.13075	0.03236	0.63328	0.03764	0.00733	0.00749	0.01313	0.00523	0.00511
14	0.01009	0.00715	0.00935	0.01104	0.01146	0.00673	0.00725	0.01135	0.01514	0.02018	0.04267	0.63932	0.05108	0.09916	0.01367	0.00378	0.00505	0.02186	0.00725	0.00641
15	0.01069	0.00789	0.01006	0.01102	0.01219	0.00745	0.00769	0.01367	0.04467	0.02426	0.19752	0.47414	0.10386	0.02228	0.01002	0.00305	0.00452	0.01997	0.00791	0.00714
16	0.01627	0.04197	0.67279	0.02313	0.03512	0.01884	0.02998	0.02570	0.01713	0.02570	0.01456	0.01713	0.01028	0.00771	0.00771	0.00257	0.01199	0.00600	0.00343	0.01199
17	0.01037	0.00746	0.00927	0.01035	0.01110	0.00697	0.00684	0.01175	0.01569	0.02074	0.09259	0.44962	0.12229	0.16621	0.01658	0.00411	0.00522	0.01940	0.00710	0.00636
18	0.01452	0.00877	0.01150	0.01172	0.01350	0.00816	0.00841	0.03649	0.01901	0.11215	0.18220	0.44710	0.05304	0.02082	0.00981	0.00299	0.00494	0.01863	0.00821	0.00804
19	0.01853	0.01859	0.02273	0.01963	0.02074	0.09948	0.03845	0.02084	0.01446	0.02090	0.01363	0.01996	0.01252	0.01632	0.07199	0.00390	0.46682	0.00714	0.08461	0.00875
20	0.13981	0.01544	0.01870	0.01455	0.02068	0.01484	0.01202	0.12874	0.02417	0.48543	0.02716	0.02433	0.01752	0.00964	0.00771	0.00250	0.00713	0.00750	0.00904	0.01310
21	0.01278	0.01205	0.01096	0.01106	0.01327	0.09822	0.00805	0.01497	0.01908	0.02309	0.15891	0.23075	0.31817	0.01951	0.00948	0.00277	0.00564	0.01665	0.00731	0.00726
22	0.01159	0.00869	0.01304	0.01304	0.01449	0.01014	0.01014	0.01449	0.01304	0.01884	0.02173	0.03188	0.02029	0.06086	0.68268	0.01304	0.02173	0.00869	0.00435	0.00724
23	0.01174	0.00811	0.01011	0.01011	0.01054	0.00855	0.00649	0.01261	0.01217	0.01666	0.02442	0.04673	0.02673	0.51857	0.23378	0.00942	0.01203	0.01087	0.00475	0.00562
24	0.03540	0.01543	0.01983	0.01521	0.02152	0.01433	0.01256	0.14802	0.02593	0.55754	0.02974	0.02614	0.01894	0.00999	0.00815	0.00250	0.00727	0.00800	0.00969	0.01381
