[name]
unknown

[dist]
# distance from previous block
# <min> <max>
0	64

[block]
# block no. 0 follows, 26 sequences, length 60
# corresponding to MSA columns:
# 72-131
name=unknown_A
#
# <colnr> <probs for GDERKNQSTAVLIFYWHMCP>
#	G	D	E	R	K	N	Q	S	T	A	V	L	I	F	Y	W	H	M	C	P
0	0.07609	0.06691	0.07002	0.01357	0.01789	0.04458	0.01160	0.04766	0.12790	0.13541	0.05341	0.18070	0.04501	0.01292	0.00775	0.00249	0.00659	0.03760	0.00663	0.03526
1	0.07117	0.12589	0.05165	0.04934	0.09487	0.13075	0.01409	0.07826	0.04310	0.07617	0.01875	0.02147	0.04410	0.00835	0.00672	0.00204	0.00842	0.02545	0.00499	0.12443
2	0.04118	0.07106	0.01860	0.01465	0.01862	0.21341	0.03545	0.04623	0.04717	0.05436	0.08796	0.12648	0.02421	0.04241	0.00866	0.00234	0.00826	0.00889	0.00547	0.12459
3	0.05634	0.09341	0.11514	0.01705	0.02276	0.20621	0.04264	0.09707	0.04363	0.08494	0.01635	0.01967	0.01300	0.00925	0.00819	0.04478	0.00967	0.03008	0.00495	0.06486
4	0.13078	0.07276	0.06410	0.01613	0.06189	0.11763	0.01268	0.04543	0.13758	0.05135	0.07806	0.04698	0.04363	0.00945	0.00690	0.00219	0.00753	0.00740	0.00559	0.08195
5	0.01721	0.04884	0.03605	0.01529	0.05420	0.07085	0.02988	0.10824	0.01997	0.05042	0.10613	0.17300	0.07494	0.01292	0.00789	0.00229	0.00680	0.03009	0.00614	0.12884
6	0.05496	0.01787	0.11392	0.01370	0.02003	0.01388	0.01253	0.13428	0.04834	0.07917	0.02019	0.04103	0.03994	0.00827	0.00662	0.00188	0.00676	0.00657	0.05518	0.30489
7	0.01133	0.00884	0.01087	0.01032	0.01301	0.00758	0.00777	0.01394	0.01712	0.02368	0.19100	0.24625	0.14369	0.01660	0.00851	0.00241	0.00463	0.06666	0.00674	0.18906
8	0.01541	0.01345	0.02247	0.67669	0.05044	0.01654	0.02052	0.02034	0.01553	0.05626	0.01438	0.02053	0.01059	0.00768	0.00759	0.00252	0.00991	0.00679	0.00370	0.00867
9	0.01599	0.11686	0.58310	0.02030	0.03060	0.01908	0.02545	0.02477	0.05197	0.02375	0.01421	0.01625	0.01037	0.00729	0.00697	0.00232	0.01057	0.00559	0.00346	0.01109
10	0.02494	0.15517	0.10065	0.01739	0.02288	0.27275	0.01538	0.09922	0.02053	0.10571	0.01464	0.01596	0.01127	0.00817	0.00796	0.00210	0.06104	0.00549	0.00478	0.03396
11	0.00997	0.00743	0.01022	0.01268	0.04837	0.00701	0.00827	0.01165	0.01500	0.01995	0.04153	0.61646	0.07213	0.02245	0.00959	0.00305	0.00482	0.06601	0.00686	0.00655
12	0.01007	0.00773	0.00921	0.00884	0.01092	0.00687	0.00663	0.01302	0.01990	0.02668	0.45410	0.06281	0.30191	0.01690	0.00895	0.00245	0.00368	0.01458	0.00786	0.00687
13	0.01952	0.02163	0.07536	0.05234	0.14396	0.13008	0.08642	0.03077	0.27492	0.02637	0.04583	0.02315	0.01797	0.00868	0.00767	0.00239	0.00901	0.00758	0.00546	0.01090
14	0.01984	0.01608	0.01718	0.01531	0.01970	0.01837	0.01195	0.04009	0.63052	0.07420	0.03081	0.02814	0.02287	0.01023	0.00771	0.00256	0.00603	0.00851	0.00783	0.01206
15	0.03403	0.01291	0.01760	0.01350	0.01936	0.01115	0.01115	0.03697	0.02171	0.69137	0.02992	0.02582	0.01878	0.00939	0.00763	0.00235	0.00645	0.00763	0.00939	0.01291
16	0.01101	0.00794	0.00972	0.00930	0.01145	0.00712	0.00708	0.01406	0.02003	0.04826	0.44927	0.06190	0.25447	0.01667	0.00898	0.00249	0.00390	0.04132	0.00793	0.00710
17	0.02108	0.02399	0.08727	0.03478	0.36120	0.15311	0.10221	0.07878	0.01963	0.02538	0.01418	0.01770	0.01138	0.00716	0.00754	0.00225	0.01054	0.00658	0.00407	0.01116
18	0.01103	0.00735	0.00827	0.00827	0.00827	0.00735	0.00460	0.01103	0.01103	0.01471	0.02390	0.04964	0.02758	0.73343	0.03861	0.00735	0.00735	0.01103	0.00460	0.00460
19	0.00936	0.00665	0.00877	0.01041	0.01083	0.00624	0.00688	0.01059	0.01430	0.01906	0.04065	0.68478	0.04871	0.06945	0.01154	0.00336	0.00459	0.02088	0.00688	0.00606
20	0.01930	0.02258	0.09145	0.02780	0.05930	0.06825	0.40708	0.07238	0.07811	0.02605	0.01632	0.01995	0.01234	0.00738	0.00897	0.00250	0.03727	0.00803	0.00439	0.01056
21	0.02758	0.03489	0.02161	0.01956	0.02322	0.65922	0.01478	0.02951	0.02086	0.01854	0.01161	0.01387	0.00978	0.00817	0.00800	0.00204	0.05912	0.00500	0.00387	0.00876
22	0.01736	0.01368	0.01599	0.01176	0.01823	0.01093	0.00940	0.02223	0.07172	0.07503	0.01618	0.01754	0.01281	0.00629	0.00594	0.00134	0.00571	0.00507	0.00513	0.65765
23	0.02229	0.02650	0.06985	0.03436	0.38422	0.28657	0.02020	0.02607	0.01885	0.02229	0.01323	0.01660	0.01098	0.00720	0.00723	0.00215	0.01098	0.00595	0.00378	0.01070
24	0.01066	0.00775	0.01003	0.00946	0.01128	0.00712	0.00710	0.01416	0.02129	0.02999	0.65579	0.05737	0.09817	0.01567	0.00895	0.00239	0.00359	0.01382	0.00829	0.00712
25	0.01871	0.01424	0.02251	0.12981	0.05229	0.01460	0.13866	0.10903	0.04231	0.11747	0.05068	0.13747	0.04672	0.01335	0.03362	0.00293	0.00861	0.03125	0.00607	0.00968
26	0.02157	0.01995	0.02370	0.19931	0.08895	0.12182	0.03927	0.17555	0.04945	0.04858	0.01520	0.01860	0.01176	0.00895	0.01028	0.00248	0.12285	0.00665	0.00488	0.01020
27	0.05440	0.01606	0.01721	0.01434	0.01899	0.01767	0.01149	0.24638	0.25641	0.10312	0.02464	0.02397	0.01801	0.00943	0.00715	0.00231	0.00644	0.00746	0.13309	0.01144
28	0.01875	0.01480	0.01669	0.01318	0.01895	0.01392	0.01047	0.05665	0.25262	0.07585	0.02110	0.02107	0.01612	0.00772	0.00660	0.00178	0.00594	0.00629	0.00614	0.41538
29	0.01183	0.00799	0.01023	0.01107	0.01248	0.00755	0.00805	0.04104	0.01678	0.05849	0.07347	0.48697	0.11210	0.02116	0.00946	0.00297	0.00488	0.08923	0.00725	0.00699
30	0.07752	0.08372	0.15600	0.01848	0.09824	0.01637	0.01557	0.09251	0.06604	0.10291	0.08096	0.05360	0.05866	0.01036	0.00745	0.00238	0.00754	0.03546	0.00585	0.01038
31	0.01936	0.02007	0.06471	0.15558	0.06303	0.01951	0.35806	0.15195	0.02088	0.02814	0.01546	0.01970	0.01147	0.00721	0.00829	0.00248	0.01118	0.00788	0.00448	0.01055
32	0.01854	0.01793	0.03106	0.07507	0.62959	0.01802	0.05156	0.02315	0.01721	0.02452	0.01428	0.01891	0.01191	0.00678	0.00758	0.00228	0.00923	0.00686	0.00374	0.01178
33	0.01722	0.02381	0.17019	0.05983	0.03887	0.01877	0.50796	0.02403	0.01742	0.02403	0.01493	0.01958	0.01108	0.00660	0.00855	0.00253	0.01236	0.00820	0.00369	0.01034
34	0.01795	0.05586	0.22714	0.16894	0.08492	0.04496	0.16831	0.04556	0.04246	0.04920	0.01526	0.01877	0.01132	0.00732	0.00764	0.00240	0.01067	0.00683	0.00401	0.01046
35	0.01103	0.00735	0.00827	0.00827	0.00827	0.00735	0.00460	0.01103	0.01103	0.01471	0.02390	0.04964	0.02758	0.73343	0.03861	0.00735	0.00735	0.01103	0.00460	0.00460
36	0.00924	0.00660	0.00880	0.01056	0.01100	0.00616	0.00704	0.01056	0.01452	0.01936	0.04181	0.72848	0.05017	0.02376	0.00968	0.00308	0.00440	0.02156	0.00704	0.00616
37	0.01618	0.01609	0.02945	0.40549	0.20353	0.01764	0.15900	0.02139	0.01627	0.02175	0.01407	0.01992	0.01087	0.00713	0.00786	0.00247	0.01042	0.00722	0.00356	0.00969
38	0.02101	0.01785	0.02355	0.34531	0.10612	0.04490	0.01845	0.27242	0.02368	0.03109	0.01536	0.01904	0.01139	0.00810	0.00755	0.00238	0.00943	0.00671	0.00509	0.01057
39	0.01877	0.01802	0.03079	0.04656	0.68612	0.01802	0.02328	0.02328	0.01727	0.02478	0.01427	0.01877	0.01201	0.00676	0.00751	0.00225	0.00901	0.00676	0.00375	0.01201
40	0.78701	0.01467	0.01115	0.00997	0.01467	0.01702	0.00821	0.02230	0.01291	0.03403	0.01056	0.01232	0.00821	0.00704	0.00469	0.00235	0.00587	0.00411	0.00469	0.00821
41	0.00924	0.00660	0.00880	0.01056	0.01100	0.00616	0.00704	0.01056	0.01452	0.01936	0.04181	0.72848	0.05017	0.02376	0.00968	0.00308	0.00440	0.02156	0.00704	0.00616
42	0.02071	0.01721	0.01819	0.01581	0.02043	0.01973	0.01245	0.15495	0.55477	0.03470	0.02853	0.02644	0.02126	0.01007	0.00769	0.00252	0.00644	0.00825	0.00769	0.01217
43	0.02012	0.33463	0.27834	0.01747	0.02549	0.07726	0.04348	0.02507	0.01675	0.07741	0.01360	0.01518	0.01052	0.00710	0.00628	0.00203	0.00974	0.00519	0.00382	0.01049
44	0.01754	0.11380	0.24263	0.02158	0.09506	0.01866	0.06831	0.04988	0.07159	0.04865	0.04655	0.04875	0.01731	0.00950	0.00896	0.00246	0.06914	0.03457	0.00463	0.01044
45	0.01521	0.03923	0.69413	0.02162	0.03283	0.01762	0.02802	0.02402	0.01601	0.02402	0.01361	0.01601	0.00961	0.00721	0.00721	0.00240	0.01121	0.00560	0.00320	0.01121
46	0.00911	0.00769	0.00788	0.00783	0.01033	0.00646	0.00587	0.01116	0.01762	0.02128	0.12498	0.07170	0.63440	0.01892	0.00896	0.00255	0.00382	0.01583	0.00715	0.00646
47	0.01788	0.01930	0.06577	0.09341	0.17670	0.01784	0.38892	0.02353	0.01744	0.04787	0.01648	0.04902	0.01325	0.00743	0.00843	0.00250	0.01110	0.00861	0.00408	0.01043
48	0.01478	0.01272	0.01941	0.09716	0.20127	0.01316	0.04299	0.01951	0.07105	0.04549	0.03255	0.19795	0.12091	0.01383	0.00915	0.00265	0.03608	0.03467	0.00560	0.00905
49	0.03403	0.01291	0.01760	0.01350	0.01936	0.01115	0.01115	0.03697	0.02171	0.69137	0.02992	0.02582	0.01878	0.00939	0.00763	0.00235	0.00645	0.00763	0.00939	0.01291
50	0.01287	0.00721	0.00778	0.00782	0.00928	0.00714	0.00560	0.01568	0.01548	0.02534	0.07998	0.06815	0.05026	0.12038	0.03623	0.00312	0.00477	0.00923	0.50707	0.00663
51	0.01642	0.06626	0.53708	0.02278	0.07067	0.04194	0.05332	0.02504	0.05236	0.02404	0.01448	0.01680	0.01059	0.00730	0.00721	0.00236	0.01081	0.00589	0.00354	0.01111
52	0.01364	0.01224	0.01970	0.26627	0.21258	0.01320	0.01636	0.01719	0.01569	0.02094	0.02654	0.24227	0.06635	0.01311	0.00830	0.00262	0.00764	0.01193	0.00485	0.00859
53	0.02859	0.01363	0.01674	0.01318	0.01825	0.01313	0.01077	0.17526	0.02394	0.40748	0.05472	0.02582	0.01984	0.00950	0.00730	0.00224	0.00628	0.00762	0.13403	0.01170
54	0.54761	0.01579	0.01409	0.01200	0.01691	0.01784	0.00992	0.16621	0.01862	0.06514	0.01451	0.01766	0.01138	0.00826	0.00574	0.00238	0.00650	0.03436	0.00566	0.00941
55	0.01843	0.01476	0.09253	0.01259	0.01692	0.04273	0.01113	0.04532	0.04167	0.18997	0.28035	0.04246	0.13406	0.01283	0.00824	0.00239	0.00593	0.01079	0.00756	0.00936
56	0.01550	0.10388	0.05303	0.01256	0.01522	0.08823	0.01011	0.01830	0.04130	0.04755	0.02239	0.09171	0.02275	0.23917	0.15339	0.00579	0.01054	0.03640	0.00482	0.00739
57	0.01794	0.04609	0.09946	0.01813	0.07767	0.03563	0.04922	0.08652	0.19642	0.05316	0.06067	0.05603	0.11553	0.01086	0.00777	0.00238	0.00729	0.00921	0.00617	0.04385
58	0.01785	0.13429	0.05648	0.04355	0.04531	0.11047	0.11121	0.02453	0.12581	0.02374	0.11760	0.05240	0.02358	0.01190	0.03928	0.00276	0.03633	0.00833	0.00514	0.00944
59	0.01789	0.18210	0.09354	0.01485	0.01947	0.04745	0.03797	0.04508	0.01705	0.07788	0.09152	0.02731	0.06927	0.04708	0.05801	0.00316	0.09512	0.00772	0.00499	0.04254

[dist]
# distance from previous block
# <min> <max>
7	27

[block]
# block no. 1 follows, 26 sequences, length 8
# corresponding to MSA columns:
# 160-167
name=unknown_B
#
# <colnr> <probs for GDERKNQSTAVLIFYWHMCP>
#	G	D	E	R	K	N	Q	S	T	A	V	L	I	F	Y	W	H	M	C	P
0	0.04039	0.04921	0.02146	0.01669	0.02040	0.05736	0.13335	0.04793	0.01608	0.06515	0.01973	0.09229	0.01838	0.07439	0.18103	0.00513	0.05843	0.00881	0.00481	0.06900
1	0.01626	0.06173	0.02028	0.04302	0.02010	0.01452	0.10365	0.06061	0.08513	0.06321	0.09675	0.11303	0.02794	0.11426	0.04711	0.00372	0.05852	0.03572	0.00582	0.00861
2	0.05285	0.01837	0.02564	0.02020	0.02475	0.12156	0.23403	0.04790	0.01846	0.06571	0.06776	0.06925	0.09355	0.01225	0.03278	0.00283	0.06830	0.00957	0.00520	0.00905
3	0.01687	0.01545	0.02466	0.01891	0.02393	0.03669	0.22533	0.04450	0.06000	0.05457	0.17192	0.06218	0.02818	0.00999	0.00879	0.00229	0.03667	0.00950	0.00574	0.14385
4	0.01976	0.01424	0.01924	0.01545	0.01999	0.01436	0.07381	0.16125	0.04692	0.11465	0.10266	0.02917	0.02325	0.01732	0.11623	0.00380	0.03582	0.03812	0.00635	0.12763
5	0.01621	0.01696	0.03311	0.21460	0.03857	0.01732	0.35626	0.02151	0.01629	0.02225	0.01476	0.02045	0.01154	0.01039	0.05602	0.00312	0.04531	0.00781	0.00376	0.07376
6	0.01523	0.01387	0.02147	0.07616	0.06859	0.01345	0.14409	0.05919	0.07754	0.02467	0.02924	0.16818	0.10261	0.01196	0.00813	0.00238	0.00743	0.01109	0.00552	0.13920
7	0.02480	0.02023	0.02043	0.01678	0.02199	0.06607	0.01346	0.37045	0.29040	0.03944	0.02287	0.02197	0.01681	0.00950	0.00759	0.00237	0.00775	0.00740	0.00740	0.01227

[dist]
# distance from previous block
# <min> <max>
0	3

[block]
# block no. 2 follows, 26 sequences, length 28
# corresponding to MSA columns:
# 171-198
name=unknown_C
#
# <colnr> <probs for GDERKNQSTAVLIFYWHMCP>
#	G	D	E	R	K	N	Q	S	T	A	V	L	I	F	Y	W	H	M	C	P
0	0.01544	0.01349	0.02264	0.37617	0.23434	0.01519	0.01889	0.01869	0.01476	0.01979	0.01366	0.02034	0.01128	0.01101	0.01188	0.15464	0.00909	0.00672	0.00347	0.00850
1	0.00991	0.00750	0.00880	0.00901	0.01059	0.00679	0.00644	0.01195	0.01700	0.02217	0.22222	0.18102	0.28850	0.12365	0.01348	0.00334	0.00451	0.03976	0.00703	0.00632
2	0.01703	0.01624	0.02763	0.30896	0.43736	0.01756	0.02241	0.02175	0.01645	0.02266	0.01396	0.01934	0.01127	0.00708	0.00754	0.00236	0.00944	0.00675	0.00360	0.01061
3	0.01656	0.22467	0.52047	0.01933	0.02928	0.02091	0.02403	0.02367	0.01585	0.02238	0.01280	0.01499	0.00964	0.00702	0.00659	0.00220	0.01039	0.00519	0.00321	0.01082
4	0.01102	0.00898	0.01165	0.07471	0.01545	0.00950	0.00895	0.01318	0.01569	0.02071	0.13919	0.17182	0.21766	0.11028	0.03621	0.00365	0.08054	0.03805	0.00611	0.00666
5	0.00992	0.00723	0.00886	0.00937	0.01045	0.00669	0.00639	0.01169	0.01618	0.02160	0.21342	0.31070	0.16152	0.15329	0.01476	0.00360	0.00464	0.01656	0.00693	0.00617
6	0.01980	0.02135	0.02164	0.01880	0.02119	0.22940	0.06798	0.06891	0.01756	0.02128	0.01781	0.15562	0.01813	0.01276	0.01371	0.00271	0.24901	0.00923	0.00459	0.00854
7	0.06894	0.02051	0.01830	0.01516	0.02020	0.17823	0.01194	0.16349	0.11363	0.09035	0.04371	0.03859	0.01671	0.00881	0.00698	0.00205	0.00814	0.00672	0.00614	0.16139
8	0.01652	0.01042	0.01251	0.01152	0.01440	0.01030	0.00883	0.02293	0.15440	0.14816	0.18157	0.09584	0.12608	0.09001	0.01173	0.00310	0.00536	0.05990	0.00764	0.00877
9	0.02716	0.01136	0.01517	0.01227	0.01696	0.00988	0.00988	0.02998	0.02082	0.50205	0.11937	0.07867	0.08815	0.01199	0.00805	0.00242	0.00571	0.01006	0.00889	0.01114
10	0.00966	0.00703	0.00915	0.01035	0.01129	0.00651	0.00728	0.01156	0.01613	0.02155	0.15371	0.51553	0.10930	0.02178	0.00954	0.00294	0.00438	0.05865	0.00726	0.00640
11	0.01019	0.00750	0.00911	0.00933	0.01043	0.00734	0.00640	0.01165	0.01409	0.01854	0.08585	0.15464	0.19567	0.26477	0.15499	0.00611	0.00830	0.01348	0.00574	0.00589
12	0.44705	0.01713	0.01606	0.01310	0.01840	0.01920	0.01080	0.27191	0.02229	0.07833	0.01469	0.01542	0.01067	0.00798	0.00600	0.00232	0.00687	0.00538	0.00610	0.01032
13	0.34490	0.01308	0.01327	0.01115	0.01572	0.01347	0.00901	0.06508	0.01789	0.23519	0.05004	0.02800	0.10544	0.03760	0.00780	0.00256	0.00591	0.00757	0.00677	0.00954
14	0.01516	0.01061	0.01268	0.01174	0.01432	0.01085	0.00882	0.05927	0.16416	0.08037	0.30095	0.16589	0.04729	0.05055	0.01009	0.00279	0.00495	0.01298	0.00783	0.00871
15	0.01989	0.00995	0.01272	0.01136	0.01475	0.00903	0.00903	0.02318	0.03802	0.27947	0.13059	0.09640	0.13959	0.03696	0.00936	0.00271	0.00539	0.08883	0.05358	0.00920
16	0.01084	0.00813	0.01219	0.01219	0.01354	0.00948	0.00948	0.01354	0.01219	0.01761	0.02032	0.02980	0.01896	0.05689	0.70337	0.01219	0.02032	0.00813	0.00406	0.00677
17	0.22749	0.01131	0.01207	0.01043	0.01424	0.01145	0.00832	0.04668	0.01787	0.21828	0.08108	0.05968	0.02211	0.00984	0.00642	0.00222	0.00521	0.00772	0.21838	0.00920
18	0.01145	0.00771	0.00865	0.00840	0.01052	0.00694	0.00623	0.01406	0.01793	0.04799	0.22610	0.07967	0.31116	0.04893	0.00959	0.00259	0.00398	0.01330	0.15793	0.00688
19	0.01141	0.00893	0.01311	0.01278	0.01394	0.01075	0.00997	0.01390	0.01208	0.01754	0.01945	0.02938	0.01846	0.08301	0.60628	0.01109	0.08897	0.00811	0.00401	0.00683
20	0.01418	0.00932	0.01388	0.01677	0.12779	0.00926	0.01011	0.01479	0.04342	0.03860	0.02285	0.15136	0.04376	0.02082	0.01923	0.39458	0.00651	0.03185	0.00468	0.00624
21	0.01089	0.00729	0.00832	0.00846	0.00849	0.00726	0.00479	0.01099	0.01131	0.01508	0.02533	0.10396	0.02938	0.67664	0.03629	0.00701	0.00712	0.01187	0.00479	0.00472
22	0.01133	0.00780	0.01170	0.01170	0.01276	0.00887	0.00887	0.01276	0.01170	0.01666	0.01880	0.02836	0.01773	0.05039	0.55993	0.17552	0.01739	0.00780	0.00390	0.00603
23	0.01783	0.01788	0.05298	0.07219	0.54366	0.01720	0.05422	0.02252	0.01718	0.02430	0.01652	0.02464	0.01458	0.00803	0.00783	0.00239	0.00915	0.06158	0.00400	0.01130
24	0.01991	0.02204	0.05412	0.11797	0.40282	0.15216	0.07471	0.02431	0.01786	0.02286	0.01374	0.01798	0.01122	0.00705	0.00750	0.00226	0.01045	0.00653	0.00373	0.01078
25	0.01219	0.00798	0.00957	0.00935	0.01033	0.00834	0.00637	0.03554	0.01373	0.02012	0.06202	0.04012	0.02606	0.36496	0.18548	0.00693	0.00946	0.00959	0.15584	0.00603
26	0.00926	0.00753	0.00820	0.00837	0.01051	0.00647	0.00615	0.01132	0.01748	0.02173	0.15762	0.16715	0.50308	0.01935	0.00907	0.00261	0.00389	0.01650	0.00723	0.00647
27	0.02026	0.02274	0.24714	0.14132	0.08717	0.01559	0.06393	0.04800	0.01827	0.18729	0.02166	0.02313	0.05228	0.00849	0.00764	0.00241	0.00924	0.00728	0.00522	0.01092

[dist]
# distance from previous block
# <min> <max>
0	1

[block]
# block no. 3 follows, 26 sequences, length 6
# corresponding to MSA columns:
# 200-205
name=unknown_D
#
# <colnr> <probs for GDERKNQSTAVLIFYWHMCP>
#	G	D	E	R	K	N	Q	S	T	A	V	L	I	F	Y	W	H	M	C	P
0	0.01028	0.00712	0.00887	0.00959	0.00990	0.00707	0.00607	0.01108	0.01258	0.01690	0.03092	0.32686	0.03604	0.37673	0.09048	0.00606	0.00738	0.01508	0.00555	0.00545
1	0.00931	0.00689	0.00852	0.00978	0.01064	0.00630	0.00659	0.01066	0.01486	0.01927	0.04800	0.53878	0.18401	0.07440	0.01163	0.00328	0.00450	0.01961	0.00686	0.00610
2	0.01103	0.00735	0.00827	0.00827	0.00827	0.00735	0.00460	0.01103	0.01103	0.01471	0.02390	0.04964	0.02758	0.73343	0.03861	0.00735	0.00735	0.01103	0.00460	0.00460
3	0.48726	0.01282	0.01258	0.11176	0.01929	0.01460	0.00981	0.01994	0.01531	0.03104	0.17372	0.02421	0.02384	0.00917	0.00614	0.00238	0.00593	0.00682	0.00539	0.00799
4	0.08442	0.10250	0.14672	0.17303	0.21379	0.01951	0.05095	0.07790	0.01765	0.02549	0.01364	0.01731	0.01065	0.00719	0.00701	0.00229	0.00939	0.00613	0.00394	0.01052
5	0.01924	0.01977	0.07512	0.07961	0.37393	0.01846	0.13339	0.10403	0.01943	0.02722	0.01483	0.01877	0.01172	0.00702	0.00767	0.00229	0.00965	0.00697	0.00423	0.04665

[dist]
# distance from previous block
# <min> <max>
0	4

[block]
# block no. 4 follows, 26 sequences, length 11
# corresponding to MSA columns:
# 210-220
name=unknown_E
#
# <colnr> <probs for GDERKNQSTAVLIFYWHMCP>
#	G	D	E	R	K	N	Q	S	T	A	V	L	I	F	Y	W	H	M	C	P
0	0.01848	0.06792	0.02918	0.09481	0.52428	0.05044	0.02111	0.02264	0.01717	0.02336	0.01692	0.02087	0.04478	0.00747	0.00737	0.00223	0.00900	0.00694	0.00386	0.01114
1	0.02314	0.07328	0.02082	0.01552	0.02095	0.07463	0.01258	0.23451	0.24027	0.06265	0.02112	0.02070	0.01582	0.00869	0.00708	0.00213	0.00750	0.00673	0.00663	0.12524
2	0.01484	0.01001	0.01195	0.01089	0.01376	0.00978	0.00835	0.02146	0.14821	0.11021	0.34136	0.07465	0.16493	0.01469	0.00857	0.00247	0.00449	0.01265	0.00807	0.00865
3	0.01962	0.16714	0.29629	0.02287	0.13961	0.06281	0.02066	0.02648	0.06868	0.08327	0.01584	0.01744	0.01195	0.00747	0.00686	0.00221	0.00955	0.00587	0.00426	0.01112
4	0.01752	0.35776	0.39584	0.01768	0.02674	0.02327	0.02117	0.02342	0.01574	0.02121	0.01221	0.01426	0.00967	0.00688	0.00614	0.00205	0.00980	0.00490	0.00322	0.01054
5	0.02037	0.01422	0.01786	0.05853	0.02088	0.01477	0.05201	0.16223	0.13806	0.11142	0.07535	0.06379	0.02265	0.01007	0.00742	0.00226	0.00657	0.00856	0.12463	0.06834
6	0.01163	0.00773	0.00976	0.00983	0.01161	0.00697	0.00714	0.01405	0.01827	0.07443	0.29294	0.29002	0.17988	0.01863	0.00910	0.00266	0.00413	0.01642	0.00772	0.00710
7	0.01900	0.21130	0.13855	0.01591	0.02199	0.01993	0.04907	0.09415	0.15173	0.05634	0.12411	0.02485	0.02310	0.00922	0.00712	0.00222	0.00769	0.00748	0.00572	0.01053
8	0.01689	0.26985	0.47816	0.01877	0.02842	0.02171	0.02306	0.02359	0.01582	0.02198	0.01260	0.01474	0.00965	0.00697	0.00643	0.00214	0.01019	0.00509	0.00322	0.01072
9	0.00943	0.00706	0.00879	0.00996	0.01108	0.00642	0.00700	0.01116	0.01581	0.02052	0.09088	0.48693	0.21023	0.02195	0.00950	0.00293	0.00435	0.05255	0.00712	0.00633
10	0.02122	0.38386	0.03043	0.12220	0.02532	0.19195	0.01450	0.05166	0.01759	0.01956	0.01215	0.01499	0.01044	0.00981	0.04348	0.00244	0.01045	0.00501	0.00366	0.00928

[dist]
# distance from previous block
# <min> <max>
3	7

[block]
# block no. 5 follows, 26 sequences, length 17
# corresponding to MSA columns:
# 228-244
name=unknown_F
#
# <colnr> <probs for GDERKNQSTAVLIFYWHMCP>
#	G	D	E	R	K	N	Q	S	T	A	V	L	I	F	Y	W	H	M	C	P
0	0.10764	0.23965	0.06075	0.04286	0.10015	0.07247	0.03576	0.08046	0.08918	0.04745	0.01781	0.01913	0.04058	0.00803	0.00646	0.00213	0.00831	0.00613	0.00476	0.01029
1	0.01876	0.14467	0.26637	0.01742	0.02471	0.01820	0.06426	0.08381	0.05901	0.08250	0.09378	0.02272	0.01927	0.00861	0.00716	0.00225	0.00859	0.00706	0.04028	0.01058
2	0.01071	0.00787	0.01019	0.01099	0.01227	0.00764	0.00804	0.01435	0.06124	0.02401	0.23812	0.39586	0.05415	0.01997	0.00942	0.00288	0.00457	0.09327	0.00748	0.00696
3	0.02277	0.02483	0.02639	0.06803	0.36401	0.27672	0.01937	0.06460	0.01988	0.02357	0.01351	0.01689	0.01113	0.00734	0.00726	0.00216	0.01079	0.00606	0.00403	0.01067
4	0.02284	0.12711	0.13526	0.01983	0.10158	0.04177	0.03145	0.10380	0.10570	0.16977	0.02000	0.02131	0.01492	0.04127	0.00856	0.00248	0.00839	0.00679	0.00582	0.01135
5	0.05470	0.08350	0.28674	0.01853	0.02635	0.07865	0.01932	0.25929	0.04757	0.03255	0.01541	0.01663	0.01128	0.00801	0.00705	0.00226	0.00971	0.00592	0.00511	0.01142
6	0.00931	0.00723	0.00847	0.00915	0.01071	0.00640	0.00649	0.01119	0.01665	0.02128	0.13933	0.35007	0.33531	0.02068	0.00927	0.00276	0.00405	0.01808	0.00721	0.00640
7	0.02240	0.01956	0.04548	0.01674	0.04209	0.10271	0.01308	0.25558	0.15789	0.06127	0.05311	0.09445	0.02185	0.04744	0.00935	0.00265	0.00792	0.00893	0.00676	0.01075
8	0.02243	0.01856	0.02631	0.02877	0.26415	0.05004	0.08979	0.19335	0.05081	0.09122	0.01961	0.07520	0.01617	0.00911	0.00785	0.00237	0.00876	0.00826	0.00573	0.01152
9	0.01022	0.00755	0.00954	0.00943	0.01111	0.00688	0.00692	0.01317	0.01968	0.02706	0.48303	0.17073	0.16171	0.01745	0.00907	0.00253	0.00376	0.01537	0.00793	0.00688
10	0.01805	0.02254	0.15422	0.14443	0.41919	0.06380	0.02325	0.02328	0.01699	0.02338	0.01385	0.01814	0.01111	0.00704	0.00742	0.00230	0.00991	0.00641	0.00360	0.01109
11	0.15101	0.14375	0.14773	0.01448	0.02035	0.01749	0.03721	0.06632	0.07059	0.06858	0.13614	0.02624	0.05128	0.00952	0.00691	0.00227	0.00724	0.00753	0.00560	0.00976
12	0.01635	0.14315	0.35324	0.01832	0.02603	0.01834	0.04979	0.06400	0.04979	0.02412	0.01810	0.07554	0.01579	0.01252	0.05408	0.00304	0.01024	0.03309	0.00426	0.01021
13	0.00986	0.00748	0.00912	0.00952	0.01118	0.00674	0.00701	0.01228	0.01797	0.02372	0.27240	0.24882	0.25819	0.01931	0.00925	0.00270	0.00411	0.05624	0.00749	0.00663
14	0.05219	0.09883	0.05716	0.02150	0.06424	0.09499	0.18372	0.06725	0.09678	0.10942	0.01829	0.02028	0.01383	0.01105	0.05422	0.00296	0.01044	0.00710	0.00519	0.01057
15	0.01854	0.01998	0.10235	0.16229	0.23870	0.04507	0.07981	0.10337	0.04575	0.02649	0.01667	0.04572	0.01352	0.00813	0.00761	0.00237	0.00941	0.00740	0.03621	0.01063
16	0.01398	0.01391	0.07241	0.04374	0.02100	0.01202	0.11841	0.09016	0.01873	0.02499	0.07445	0.25725	0.11251	0.01587	0.00898	0.00276	0.00717	0.07718	0.00619	0.00828

[dist]
# distance from previous block
# <min> <max>
5	10

[block]
# block no. 6 follows, 26 sequences, length 29
# corresponding to MSA columns:
# 270-290,294-301
name=unknown_G
#
# <colnr> <probs for GDERKNQSTAVLIFYWHMCP>
#	G	D	E	R	K	N	Q	S	T	A	V	L	I	F	Y	W	H	M	C	P
0	0.01728	0.01608	0.02169	0.13245	0.02710	0.08436	0.12537	0.04229	0.04827	0.04906	0.04746	0.10266	0.02083	0.01024	0.00781	0.00227	0.00846	0.05233	0.00518	0.17884
1	0.01904	0.01622	0.02616	0.28453	0.08817	0.01777	0.14215	0.14481	0.01994	0.05822	0.01642	0.02131	0.01253	0.03164	0.00919	0.00259	0.02781	0.00739	0.04417	0.00994
2	0.01537	0.02233	0.23940	0.02032	0.02672	0.01535	0.17656	0.05485	0.08890	0.02489	0.02378	0.21085	0.02268	0.01191	0.00838	0.00264	0.00905	0.01113	0.00511	0.00978
3	0.01119	0.00870	0.00992	0.01036	0.01139	0.04136	0.00720	0.01312	0.01658	0.02217	0.24772	0.30197	0.05028	0.16568	0.01527	0.00369	0.00532	0.04493	0.00681	0.00634
4	0.02021	0.13876	0.03095	0.09717	0.02969	0.11592	0.21991	0.07010	0.04411	0.05140	0.07060	0.02136	0.01661	0.00818	0.00814	0.00230	0.03267	0.00743	0.00470	0.00980
5	0.02069	0.12634	0.29611	0.02015	0.02785	0.18904	0.07311	0.08051	0.05273	0.02430	0.01416	0.01612	0.01080	0.00751	0.00701	0.00220	0.01103	0.00576	0.00404	0.01052
6	0.00998	0.00709	0.00875	0.00947	0.01017	0.00669	0.00621	0.01129	0.01475	0.01972	0.13566	0.36728	0.10048	0.23580	0.01822	0.00422	0.00512	0.01674	0.00650	0.00586
7	0.01805	0.01745	0.03025	0.14777	0.55747	0.01790	0.05440	0.02273	0.01698	0.02393	0.01420	0.01908	0.01170	0.00687	0.00759	0.00231	0.00937	0.00686	0.00370	0.01138
8	0.09346	0.01767	0.02299	0.01781	0.02300	0.01900	0.12085	0.31413	0.04947	0.06817	0.09049	0.02328	0.01940	0.00942	0.00852	0.00239	0.04515	0.00779	0.03610	0.01090
9	0.01936	0.61061	0.15904	0.01455	0.02190	0.02775	0.01572	0.02295	0.01552	0.01897	0.01110	0.01287	0.00971	0.00662	0.00529	0.00176	0.00868	0.00434	0.00324	0.01000
10	0.00923	0.00700	0.00851	0.00959	0.01078	0.00629	0.00664	0.01085	0.01575	0.02027	0.08471	0.48570	0.25352	0.02190	0.00942	0.00288	0.00418	0.01940	0.00711	0.00629
11	0.02557	0.14817	0.10197	0.01438	0.02050	0.01637	0.01339	0.08575	0.05138	0.32932	0.09482	0.02498	0.02150	0.00929	0.00722	0.00223	0.00715	0.00738	0.00718	0.01146
12	0.02869	0.02040	0.02078	0.01655	0.02211	0.09453	0.01341	0.37552	0.11070	0.18562	0.02169	0.02067	0.01515	0.00918	0.00753	0.00229	0.00822	0.00701	0.00760	0.01234
13	0.00971	0.00735	0.00896	0.00932	0.01090	0.00660	0.00670	0.01204	0.01792	0.02378	0.28873	0.28312	0.24861	0.01934	0.00919	0.00267	0.00393	0.01699	0.00752	0.00660
14	0.01877	0.01802	0.03079	0.04656	0.68612	0.01802	0.02328	0.02328	0.01727	0.02478	0.01427	0.01877	0.01201	0.00676	0.00751	0.00225	0.00901	0.00676	0.00375	0.01201
15	0.57558	0.01479	0.01334	0.01125	0.01629	0.01628	0.00928	0.07243	0.01640	0.17079	0.01512	0.01554	0.01074	0.00768	0.00551	0.00234	0.00617	0.00504	0.00588	0.00953
16	0.00964	0.00710	0.00913	0.01060	0.01159	0.00659	0.00761	0.01139	0.01542	0.02005	0.04734	0.52362	0.15366	0.02259	0.00968	0.00306	0.00470	0.11288	0.00703	0.00632
17	0.00924	0.00660	0.00880	0.01056	0.01100	0.00616	0.00704	0.01056	0.01452	0.01936	0.04181	0.72848	0.05017	0.02376	0.00968	0.00308	0.00440	0.02156	0.00704	0.00616
18	0.00924	0.00660	0.00880	0.01056	0.01100	0.00616	0.00704	0.01056	0.01452	0.01936	0.04181	0.72848	0.05017	0.02376	0.00968	0.00308	0.00440	0.02156	0.00704	0.00616
19	0.06388	0.02789	0.02163	0.01808	0.02308	0.33996	0.01424	0.33718	0.02800	0.03353	0.01483	0.01582	0.01122	0.00841	0.00710	0.00213	0.01072	0.00580	0.00574	0.01077
20	0.01591	0.01433	0.02275	0.63886	0.04910	0.01758	0.02034	0.08956	0.01741	0.02249	0.01400	0.02000	0.01042	0.00775	0.00758	0.00250	0.00992	0.00675	0.00383	0.00892
21	0.02024	0.02122	0.02801	0.11420	0.48161	0.15759	0.02128	0.02428	0.01790	0.02292	0.01366	0.01789	0.01135	0.00706	0.00738	0.00222	0.01008	0.00637	0.00374	0.01097
22	0.01751	0.01970	0.04235	0.10672	0.04102	0.01893	0.58882	0.02376	0.01760	0.02376	0.01514	0.02043	0.01136	0.00652	0.00880	0.00255	0.01249	0.00871	0.00379	0.01003
23	0.01103	0.00735	0.00827	0.00827	0.00827	0.00735	0.00460	0.01103	0.01103	0.01471	0.02390	0.04964	0.02758	0.73343	0.03861	0.00735	0.00735	0.01103	0.00460	0.00460
24	0.02009	0.01305	0.01592	0.01172	0.01800	0.01023	0.00944	0.02336	0.01752	0.19270	0.05073	0.02029	0.01612	0.00706	0.00629	0.00149	0.00573	0.00574	0.00592	0.54862
25	0.08036	0.01862	0.01995	0.01577	0.02144	0.02022	0.01286	0.40245	0.15076	0.09168	0.02058	0.02008	0.01481	0.00894	0.00726	0.00226	0.00738	0.00685	0.00731	0.07041
26	0.01850	0.01100	0.01387	0.01151	0.01575	0.00942	0.00895	0.02220	0.04530	0.20209	0.17561	0.14591	0.03390	0.01206	0.00767	0.00212	0.00519	0.01041	0.00722	0.24134
27	0.01862	0.01410	0.01758	0.01773	0.12730	0.03997	0.01173	0.06944	0.01935	0.11218	0.12233	0.07580	0.04986	0.00993	0.00731	0.00197	0.00636	0.00850	0.00607	0.26389
28	0.02201	0.01734	0.01869	0.04955	0.04693	0.12746	0.03710	0.06032	0.13476	0.17060	0.04856	0.09916	0.05412	0.01115	0.00843	0.00241	0.03392	0.00919	0.00656	0.04172

[dist]
# distance from previous block
# <min> <max>
0	7

[block]
# block no. 7 follows, 26 sequences, length 10
# corresponding to MSA columns:
# 314-323
name=unknown_H
#
# <colnr> <probs for GDERKNQSTAVLIFYWHMCP>
#	G	D	E	R	K	N	Q	S	T	A	V	L	I	F	Y	W	H	M	C	P
0	0.02690	0.01994	0.02137	0.01668	0.02221	0.02209	0.01358	0.57134	0.08074	0.04439	0.01952	0.02108	0.01464	0.05816	0.00969	0.00264	0.00811	0.00724	0.00740	0.01227
1	0.00896	0.00768	0.00768	0.00768	0.01025	0.00640	0.00576	0.01089	0.01729	0.02049	0.07684	0.07300	0.68304	0.01921	0.00896	0.00256	0.00384	0.01601	0.00704	0.00640
2	0.01573	0.01348	0.01573	0.01123	0.01798	0.01011	0.00899	0.01910	0.01573	0.02472	0.01348	0.01573	0.01123	0.00562	0.00562	0.00112	0.00562	0.00449	0.00449	0.77980
3	0.02847	0.01433	0.01780	0.01375	0.01963	0.01322	0.01122	0.10512	0.09351	0.42549	0.02573	0.02340	0.01723	0.00877	0.00727	0.00214	0.00647	0.00707	0.00812	0.15125
4	0.01318	0.00659	0.00988	0.00988	0.00988	0.00659	0.00659	0.00988	0.00988	0.01318	0.01318	0.02306	0.01318	0.02635	0.02964	0.77931	0.00659	0.00659	0.00329	0.00329
5	0.01790	0.02046	0.04476	0.03197	0.03964	0.01918	0.65857	0.02430	0.01790	0.02430	0.01535	0.02046	0.01151	0.00639	0.00895	0.00256	0.01279	0.00895	0.00384	0.01023
6	0.01083	0.00846	0.01241	0.10485	0.06120	0.00859	0.01046	0.01307	0.01509	0.02006	0.03615	0.52393	0.04179	0.02026	0.00935	0.00300	0.00571	0.08153	0.00634	0.00692
7	0.07661	0.15369	0.09675	0.04688	0.02596	0.02048	0.11957	0.15418	0.08301	0.12352	0.01797	0.01893	0.01311	0.00793	0.00708	0.00227	0.00873	0.00662	0.00561	0.01110
8	0.08410	0.01747	0.01940	0.01540	0.02099	0.01866	0.01259	0.32157	0.14776	0.22710	0.02333	0.02181	0.01613	0.00925	0.00741	0.00236	0.00719	0.00718	0.00791	0.01239
9	0.02190	0.01966	0.10797	0.01685	0.02270	0.01766	0.06183	0.28823	0.09372	0.08776	0.11235	0.02848	0.06578	0.01032	0.00793	0.00238	0.00772	0.00860	0.00696	0.01119

[dist]
# distance from previous block
# <min> <max>
17	37

[block]
# block no. 8 follows, 26 sequences, length 11
# corresponding to MSA columns:
# 383,384,393-401
name=unknown_I
#
# <colnr> <probs for GDERKNQSTAVLIFYWHMCP>
#	G	D	E	R	K	N	Q	S	T	A	V	L	I	F	Y	W	H	M	C	P
0	0.01955	0.01439	0.01620	0.01475	0.01869	0.01585	0.01170	0.06495	0.42480	0.10910	0.03221	0.08522	0.02692	0.01258	0.00823	0.00270	0.00620	0.09718	0.00776	0.01104
1	0.02202	0.02419	0.02763	0.03737	0.46074	0.25098	0.02035	0.02566	0.01871	0.02267	0.01340	0.01704	0.01125	0.00712	0.00728	0.00215	0.01060	0.00612	0.00381	0.01092
2	0.02646	0.03233	0.02142	0.02051	0.06092	0.56774	0.01478	0.03129	0.11257	0.02077	0.01456	0.01602	0.01178	0.00810	0.00700	0.00206	0.01233	0.00551	0.00443	0.00943
3	0.02883	0.02125	0.02276	0.01745	0.02352	0.02352	0.01442	0.66082	0.03566	0.04780	0.01821	0.01821	0.01290	0.00911	0.00759	0.00228	0.00835	0.00683	0.00759	0.01290
4	0.01957	0.63997	0.13155	0.01419	0.02134	0.02827	0.01509	0.02290	0.01550	0.01871	0.01098	0.01271	0.00972	0.00659	0.00520	0.00173	0.00855	0.00427	0.00324	0.00994
5	0.02883	0.02125	0.02276	0.01745	0.02352	0.02352	0.01442	0.66082	0.03566	0.04780	0.01821	0.01821	0.01290	0.00911	0.00759	0.00228	0.00835	0.00683	0.00759	0.01290
6	0.02883	0.02125	0.02276	0.01745	0.02352	0.02352	0.01442	0.66082	0.03566	0.04780	0.01821	0.01821	0.01290	0.00911	0.00759	0.00228	0.00835	0.00683	0.00759	0.01290
7	0.00924	0.00660	0.00880	0.01056	0.01100	0.00616	0.00704	0.01056	0.01452	0.01936	0.04181	0.72848	0.05017	0.02376	0.00968	0.00308	0.00440	0.02156	0.00704	0.00616
8	0.01561	0.09451	0.64236	0.02094	0.03177	0.01860	0.02683	0.02392	0.01597	0.02353	0.01337	0.01571	0.00962	0.00715	0.00702	0.00234	0.01096	0.00548	0.00321	0.01109
9	0.00998	0.00801	0.00910	0.00965	0.01196	0.00713	0.00778	0.01240	0.01734	0.02118	0.06536	0.07693	0.48301	0.01976	0.00944	0.00285	0.00483	0.20967	0.00703	0.00659
10	0.01009	0.00802	0.00926	0.00977	0.01203	0.00718	0.00788	0.01261	0.01759	0.02176	0.10040	0.07601	0.44625	0.01954	0.00944	0.00284	0.00482	0.21080	0.00710	0.00663

[dist]
# distance from previous block
# <min> <max>
0	28

# created by:
# /home/cegg/simao/soft/augustus-3.2.1/scripts/msa2prfl.pl ./align_prep/EOG090W0FQ8.fa
