[name]
unknown

[dist]
# distance from previous block
# <min> <max>
0	342

[block]
# block no. 0 follows, 37 sequences, length 6
# corresponding to MSA columns:
# 348-353
name=unknown_A
#
# <colnr> <probs for GDERKNQSTAVLIFYWHMCP>
#	G	D	E	R	K	N	Q	S	T	A	V	L	I	F	Y	W	H	M	C	P
0	0.01453	0.00858	0.01146	0.01144	0.01381	0.00846	0.00984	0.07707	0.01603	0.16659	0.02924	0.05476	0.02909	0.01423	0.00780	0.00255	0.00564	0.50581	0.00607	0.00700
1	0.02300	0.15432	0.05244	0.01192	0.01689	0.01459	0.01051	0.17836	0.06820	0.37920	0.01871	0.01728	0.01270	0.00707	0.00573	0.00179	0.00593	0.00547	0.00604	0.00984
2	0.02327	0.01715	0.01837	0.01408	0.01898	0.01898	0.01163	0.72628	0.02878	0.03858	0.01470	0.01470	0.01041	0.00735	0.00612	0.00184	0.00674	0.00551	0.00612	0.01041
3	0.01236	0.01088	0.01436	0.23317	0.02265	0.00976	0.01012	0.01548	0.01256	0.01868	0.01088	0.01376	0.00880	0.00500	0.00500	0.00124	0.00560	0.00416	0.00336	0.58218
4	0.01669	0.01387	0.01466	0.01275	0.01647	0.01591	0.01004	0.15849	0.60729	0.02796	0.02306	0.02136	0.01718	0.00813	0.00621	0.00203	0.00519	0.00666	0.00621	0.00982
5	0.01345	0.01127	0.01284	0.00998	0.01461	0.00992	0.00786	0.06581	0.14496	0.02188	0.01552	0.07621	0.01342	0.00658	0.00521	0.00131	0.00466	0.00546	0.00443	0.55464

[dist]
# distance from previous block
# <min> <max>
0	1

[block]
# block no. 1 follows, 37 sequences, length 6
# corresponding to MSA columns:
# 355-360
name=unknown_B
#
# <colnr> <probs for GDERKNQSTAVLIFYWHMCP>
#	G	D	E	R	K	N	Q	S	T	A	V	L	I	F	Y	W	H	M	C	P
0	0.02188	0.17219	0.02113	0.01336	0.01833	0.02004	0.01140	0.58399	0.02550	0.03372	0.01345	0.01372	0.00990	0.00692	0.00568	0.00173	0.00670	0.00506	0.00542	0.00990
1	0.01074	0.00793	0.00936	0.00923	0.01085	0.00790	0.00675	0.15315	0.01608	0.02135	0.11253	0.44503	0.13416	0.01555	0.00733	0.00224	0.00406	0.01369	0.00589	0.00618
2	0.01453	0.33515	0.31190	0.01361	0.01999	0.01848	0.01509	0.02160	0.15798	0.01861	0.01278	0.01366	0.00999	0.00608	0.00513	0.00171	0.00719	0.00450	0.00333	0.00869
3	0.02327	0.01715	0.01837	0.01408	0.01898	0.01898	0.01163	0.72628	0.02878	0.03858	0.01470	0.01470	0.01041	0.00735	0.00612	0.00184	0.00674	0.00551	0.00612	0.01041
4	0.00840	0.00679	0.00911	0.14109	0.01485	0.00678	0.00771	0.01043	0.01312	0.01681	0.09107	0.30707	0.25394	0.01506	0.00735	0.00227	0.00435	0.07309	0.00524	0.00547
5	0.01924	0.01359	0.01573	0.11463	0.02010	0.04422	0.01060	0.23208	0.07136	0.17017	0.01562	0.01607	0.01120	0.00654	0.00571	0.00165	0.00611	0.00519	0.00520	0.21500

[dist]
# distance from previous block
# <min> <max>
50	186

[block]
# block no. 2 follows, 37 sequences, length 13
# corresponding to MSA columns:
# 637-649
name=unknown_C
#
# <colnr> <probs for GDERKNQSTAVLIFYWHMCP>
#	G	D	E	R	K	N	Q	S	T	A	V	L	I	F	Y	W	H	M	C	P
0	0.07810	0.04718	0.01497	0.02654	0.01578	0.03326	0.03130	0.17371	0.07528	0.08781	0.08313	0.07004	0.01726	0.00967	0.03954	0.00211	0.02745	0.00644	0.00503	0.15540
1	0.11979	0.03488	0.01455	0.10335	0.04594	0.08619	0.00996	0.14735	0.03574	0.08889	0.05388	0.08295	0.01554	0.04839	0.00706	0.00202	0.00617	0.00641	0.00467	0.08626
2	0.05841	0.00958	0.01130	0.00903	0.01275	0.00845	0.00715	0.06943	0.01600	0.11358	0.26270	0.02688	0.05809	0.00836	0.00584	0.00155	0.00418	0.00698	0.00545	0.30428
3	0.01137	0.01012	0.01600	0.52389	0.03196	0.01261	0.01402	0.01462	0.01156	0.01569	0.01226	0.01889	0.01028	0.07387	0.05097	0.00282	0.09243	0.00580	0.06447	0.00637
4	0.01141	0.00571	0.00571	0.00571	0.00713	0.00571	0.00428	0.01426	0.01284	0.02282	0.01997	0.02282	0.01569	0.00713	0.00428	0.00143	0.00285	0.00571	0.81886	0.00571
5	0.01523	0.01315	0.01384	0.01246	0.01592	0.01523	0.00969	0.03253	0.73563	0.02561	0.02491	0.02284	0.01869	0.00830	0.00623	0.00208	0.00484	0.00692	0.00623	0.00969
6	0.53915	0.01243	0.01155	0.00960	0.01375	0.01366	0.00791	0.13618	0.01482	0.17143	0.01260	0.01286	0.00892	0.00633	0.00464	0.00188	0.00516	0.00423	0.00491	0.00799
7	0.01141	0.00571	0.00571	0.00571	0.00713	0.00571	0.00428	0.01426	0.01284	0.02282	0.01997	0.02282	0.01569	0.00713	0.00428	0.00143	0.00285	0.00571	0.81886	0.00571
8	0.01480	0.01418	0.02421	0.10989	0.67714	0.01445	0.01861	0.01848	0.01377	0.01957	0.01145	0.01527	0.00954	0.00552	0.00607	0.00184	0.00736	0.00545	0.00300	0.00941
9	0.10116	0.01683	0.01683	0.01352	0.01774	0.07387	0.01101	0.47898	0.11278	0.03281	0.01460	0.01489	0.01075	0.00741	0.00661	0.00190	0.04799	0.00534	0.00550	0.00950
10	0.01491	0.01347	0.02010	0.12191	0.40491	0.01427	0.01524	0.08981	0.13809	0.02197	0.01784	0.01987	0.06658	0.00697	0.00619	0.00191	0.00660	0.00627	0.00404	0.00905
11	0.01446	0.11280	0.23416	0.02099	0.20531	0.01551	0.08291	0.04162	0.13194	0.02071	0.01379	0.01562	0.01066	0.00611	0.00578	0.00184	0.00735	0.00534	0.04413	0.00897
12	0.05272	0.01303	0.01400	0.01165	0.01492	0.01430	0.00907	0.40145	0.10342	0.02909	0.01878	0.11553	0.01701	0.14434	0.01061	0.00266	0.00590	0.00765	0.00556	0.00832

[dist]
# distance from previous block
# <min> <max>
0	3

[block]
# block no. 3 follows, 37 sequences, length 18
# corresponding to MSA columns:
# 653-670
name=unknown_D
#
# <colnr> <probs for GDERKNQSTAVLIFYWHMCP>
#	G	D	E	R	K	N	Q	S	T	A	V	L	I	F	Y	W	H	M	C	P
0	0.01589	0.54346	0.08231	0.01114	0.01619	0.02069	0.01101	0.10403	0.01443	0.01787	0.01333	0.01459	0.05590	0.00843	0.04606	0.00194	0.00708	0.00444	0.00328	0.00795
1	0.02746	0.01042	0.01421	0.01089	0.01563	0.00900	0.00900	0.02983	0.01752	0.75093	0.02415	0.02083	0.01515	0.00758	0.00616	0.00189	0.00521	0.00616	0.00758	0.01042
2	0.00859	0.00625	0.00808	0.00762	0.00910	0.00574	0.00572	0.01141	0.01715	0.02413	0.70801	0.04641	0.09347	0.01267	0.00722	0.00193	0.00290	0.01117	0.00668	0.00574
3	0.07683	0.01114	0.01479	0.01260	0.06257	0.01020	0.00962	0.06658	0.01746	0.61934	0.02184	0.01945	0.01401	0.00731	0.00600	0.00189	0.00540	0.00590	0.00697	0.01013
4	0.01302	0.01230	0.02022	0.45760	0.26922	0.01420	0.01701	0.01763	0.05568	0.01762	0.01181	0.01621	0.00928	0.00621	0.00664	0.00199	0.03688	0.00553	0.00303	0.00791
5	0.01141	0.00571	0.00571	0.00571	0.00713	0.00571	0.00428	0.01426	0.01284	0.02282	0.01997	0.02282	0.01569	0.00713	0.00428	0.00143	0.00285	0.00571	0.81886	0.00571
6	0.00827	0.00605	0.00744	0.00763	0.00857	0.00583	0.00532	0.00969	0.01231	0.01641	0.17185	0.17279	0.17736	0.22953	0.11258	0.00420	0.00572	0.02851	0.00503	0.00490
7	0.01640	0.66933	0.09821	0.01146	0.01692	0.07061	0.01169	0.01882	0.01280	0.01490	0.00880	0.01019	0.00785	0.00536	0.00421	0.00138	0.00707	0.00343	0.00265	0.00792
8	0.01141	0.00571	0.00571	0.00571	0.00713	0.00571	0.00428	0.01426	0.01284	0.02282	0.01997	0.02282	0.01569	0.00713	0.00428	0.00143	0.00285	0.00571	0.81886	0.00571
9	0.01777	0.12844	0.04469	0.01603	0.08295	0.04725	0.15999	0.03769	0.01544	0.21429	0.06974	0.02120	0.06073	0.00724	0.00605	0.00181	0.00667	0.00647	0.04713	0.00842
10	0.02058	0.02339	0.02162	0.01763	0.02156	0.42490	0.16419	0.14793	0.01829	0.02016	0.01093	0.01300	0.00864	0.00651	0.00686	0.00179	0.05545	0.00501	0.00364	0.00791
11	0.01054	0.00838	0.01276	0.01096	0.01252	0.00867	0.11312	0.05377	0.01120	0.01534	0.01708	0.03005	0.01745	0.39211	0.25316	0.00633	0.00989	0.00772	0.00363	0.00533
12	0.01045	0.00609	0.00816	0.00888	0.00989	0.00557	0.00618	0.01171	0.01259	0.12551	0.03231	0.66730	0.03670	0.01744	0.00757	0.00240	0.00380	0.01572	0.00597	0.00579
13	0.01198	0.00682	0.00692	0.00671	0.00844	0.00713	0.00509	0.01699	0.12085	0.02324	0.02071	0.02282	0.01614	0.00731	0.00457	0.00152	0.00315	0.00589	0.69742	0.00630
14	0.04808	0.05598	0.06499	0.01268	0.01825	0.01141	0.11607	0.05411	0.01444	0.13845	0.01321	0.01442	0.00990	0.00542	0.00529	0.00141	0.00602	0.00469	0.00419	0.40096
15	0.02357	0.02582	0.01692	0.01496	0.01843	0.61411	0.01140	0.05736	0.01790	0.12604	0.01190	0.01267	0.00909	0.00655	0.00564	0.00164	0.00997	0.00434	0.00395	0.00774
16	0.01381	0.00641	0.00698	0.00648	0.00840	0.00620	0.00498	0.01659	0.01354	0.13163	0.02059	0.02252	0.01561	0.00720	0.00456	0.00150	0.00320	0.00577	0.69762	0.00641
17	0.01015	0.00767	0.00929	0.00871	0.01056	0.00774	0.00665	0.01598	0.16379	0.02450	0.54569	0.04089	0.04741	0.01158	0.00694	0.00196	0.00337	0.03202	0.03852	0.00657

[dist]
# distance from previous block
# <min> <max>
0	3

[block]
# block no. 4 follows, 37 sequences, length 20
# corresponding to MSA columns:
# 674-693
name=unknown_E
#
# <colnr> <probs for GDERKNQSTAVLIFYWHMCP>
#	G	D	E	R	K	N	Q	S	T	A	V	L	I	F	Y	W	H	M	C	P
0	0.01087	0.00818	0.00999	0.01040	0.01194	0.00866	0.00829	0.01634	0.17983	0.01840	0.02741	0.05114	0.02817	0.20598	0.01359	0.00342	0.00553	0.37047	0.00529	0.00610
1	0.02642	0.01209	0.01524	0.01169	0.01646	0.01148	0.00965	0.20310	0.02032	0.57371	0.02180	0.01931	0.01397	0.00752	0.00615	0.00188	0.00559	0.00600	0.00721	0.01042
2	0.01365	0.01417	0.02307	0.01849	0.02003	0.01794	0.19029	0.01594	0.01064	0.01594	0.00912	0.01417	0.00835	0.00933	0.01689	0.00253	0.58376	0.00582	0.00278	0.00708
3	0.01470	0.01801	0.10554	0.02753	0.20878	0.04133	0.45248	0.01955	0.01427	0.01952	0.01192	0.01562	0.00918	0.00534	0.00673	0.00197	0.00946	0.00639	0.00303	0.00865
4	0.00912	0.00628	0.00782	0.00817	0.00864	0.00640	0.00567	0.01007	0.01030	0.01373	0.02223	0.04551	0.02472	0.51237	0.10590	0.00559	0.00701	0.18194	0.00414	0.00438
5	0.01310	0.01255	0.01173	0.01239	0.01424	0.19444	0.01035	0.01561	0.01490	0.01749	0.02670	0.05462	0.02843	0.01427	0.00772	0.00251	0.00698	0.53095	0.00502	0.00600
6	0.01356	0.01294	0.01697	0.01481	0.01569	0.01721	0.01210	0.01886	0.19017	0.01748	0.01347	0.05257	0.01224	0.01052	0.01605	0.00252	0.54545	0.00632	0.00371	0.00736
7	0.01540	0.00688	0.00782	0.00700	0.00924	0.00652	0.00545	0.01814	0.01400	0.20396	0.02101	0.02233	0.01556	0.00724	0.00475	0.00154	0.00344	0.00582	0.61702	0.00688
8	0.00890	0.00593	0.00668	0.00668	0.00668	0.00593	0.00371	0.00890	0.00890	0.01187	0.01929	0.04006	0.02225	0.78487	0.03116	0.00593	0.00593	0.00890	0.00371	0.00371
9	0.01547	0.31089	0.36990	0.01460	0.02131	0.13641	0.01642	0.01980	0.01345	0.01684	0.00983	0.01148	0.00781	0.00568	0.00507	0.00165	0.00844	0.00397	0.00269	0.00830
10	0.60098	0.01176	0.01161	0.19783	0.01959	0.01386	0.00936	0.03852	0.01142	0.02485	0.00929	0.01167	0.00712	0.00584	0.00444	0.00193	0.00565	0.00391	0.00359	0.00678
11	0.01192	0.01139	0.01585	0.01419	0.01428	0.01532	0.01147	0.01319	0.00996	0.01495	0.01443	0.20433	0.01611	0.01282	0.01703	0.00263	0.58208	0.00835	0.00343	0.00627
12	0.01714	0.01513	0.01826	0.40721	0.03102	0.09281	0.01444	0.28440	0.01900	0.02422	0.01217	0.01516	0.00898	0.00660	0.00606	0.00192	0.00792	0.00531	0.00405	0.00819
13	0.00890	0.00641	0.00855	0.00863	0.01001	0.00605	0.00679	0.01169	0.01625	0.02257	0.53251	0.08680	0.05132	0.01393	0.00756	0.00217	0.00360	0.18413	0.00641	0.00570
14	0.01067	0.00810	0.00982	0.00915	0.01136	0.00767	0.00701	0.03166	0.04599	0.01882	0.04691	0.20464	0.04964	0.07221	0.02897	0.00243	0.03428	0.10429	0.08756	0.20885
15	0.05468	0.01725	0.01460	0.09146	0.01867	0.26322	0.01055	0.05180	0.22943	0.05722	0.01821	0.11402	0.01570	0.00860	0.00606	0.00193	0.00719	0.00685	0.00472	0.00784
16	0.01175	0.01205	0.01072	0.01034	0.01201	0.19354	0.03972	0.01310	0.01339	0.01537	0.03138	0.29062	0.19147	0.11423	0.01012	0.00259	0.00593	0.01144	0.00468	0.00553
17	0.16884	0.03383	0.01555	0.01408	0.08999	0.07521	0.01026	0.11580	0.10332	0.28662	0.01728	0.01663	0.01207	0.00691	0.00561	0.00186	0.00600	0.00532	0.00558	0.00923
18	0.35475	0.19034	0.11652	0.01131	0.01596	0.05720	0.02807	0.04702	0.01264	0.04064	0.01079	0.04652	0.00916	0.00651	0.00512	0.00180	0.03015	0.00447	0.00355	0.00747
19	0.04834	0.03656	0.04650	0.01795	0.21451	0.01220	0.01140	0.13684	0.01524	0.05472	0.01968	0.14709	0.05093	0.10859	0.00999	0.00251	0.03299	0.02180	0.00445	0.00770

[dist]
# distance from previous block
# <min> <max>
15	153

[block]
# block no. 5 follows, 37 sequences, length 8
# corresponding to MSA columns:
# 883-890
name=unknown_F
#
# <colnr> <probs for GDERKNQSTAVLIFYWHMCP>
#	G	D	E	R	K	N	Q	S	T	A	V	L	I	F	Y	W	H	M	C	P
0	0.04103	0.01504	0.03996	0.10384	0.06079	0.12863	0.04943	0.08938	0.10539	0.07421	0.07585	0.02257	0.04681	0.00784	0.00613	0.00185	0.00676	0.04070	0.00464	0.07916
1	0.03590	0.00866	0.01125	0.01029	0.01243	0.00900	0.03087	0.06640	0.05250	0.06327	0.09033	0.13002	0.10772	0.04120	0.17650	0.00396	0.03986	0.06506	0.00501	0.03977
2	0.01075	0.00703	0.00867	0.00826	0.00948	0.00710	0.00581	0.05053	0.01215	0.07142	0.07000	0.09406	0.10125	0.32729	0.18413	0.00533	0.00756	0.00922	0.00460	0.00536
3	0.01141	0.00571	0.00571	0.00571	0.00713	0.00571	0.00428	0.01426	0.01284	0.02282	0.01997	0.02282	0.01569	0.00713	0.00428	0.00143	0.00285	0.00571	0.81886	0.00571
4	0.04858	0.01139	0.01406	0.01317	0.09123	0.01086	0.00934	0.06140	0.09955	0.05711	0.05389	0.06269	0.01569	0.00744	0.00637	0.00159	0.04818	0.02728	0.00451	0.35567
5	0.01238	0.01171	0.01983	0.60359	0.20235	0.01381	0.01741	0.01636	0.01263	0.01663	0.01102	0.01605	0.00851	0.00597	0.00611	0.00199	0.00796	0.00544	0.00279	0.00746
6	0.01339	0.01339	0.01875	0.01607	0.01607	0.01875	0.01339	0.01473	0.00937	0.01473	0.00804	0.01339	0.00804	0.01071	0.02009	0.00268	0.77367	0.00536	0.00268	0.00670
7	0.01560	0.01440	0.02265	0.03191	0.58358	0.01461	0.01677	0.06930	0.09062	0.02188	0.01311	0.01580	0.01066	0.00584	0.00601	0.00180	0.00685	0.00552	0.00361	0.04949

[dist]
# distance from previous block
# <min> <max>
2	3

[block]
# block no. 6 follows, 37 sequences, length 22
# corresponding to MSA columns:
# 894-915
name=unknown_G
#
# <colnr> <probs for GDERKNQSTAVLIFYWHMCP>
#	G	D	E	R	K	N	Q	S	T	A	V	L	I	F	Y	W	H	M	C	P
0	0.00787	0.00586	0.00823	0.00910	0.00976	0.00549	0.03227	0.00912	0.01186	0.01574	0.03319	0.66666	0.06214	0.05357	0.00887	0.00263	0.00398	0.04310	0.00549	0.00507
1	0.01515	0.01454	0.02485	0.03757	0.74669	0.01454	0.01879	0.01879	0.01394	0.02000	0.01151	0.01515	0.00970	0.00545	0.00606	0.00182	0.00727	0.00545	0.00303	0.00970
2	0.00879	0.00636	0.00885	0.00885	0.00960	0.00711	0.00642	0.01030	0.00955	0.01348	0.01730	0.02905	0.01748	0.27685	0.53265	0.00862	0.01313	0.00729	0.00341	0.00492
3	0.01139	0.00901	0.00948	0.00892	0.00994	0.06535	0.00613	0.08372	0.01181	0.01542	0.01734	0.03122	0.01820	0.45983	0.21055	0.00617	0.00904	0.00759	0.00380	0.00509
4	0.01141	0.00571	0.00571	0.00571	0.00713	0.00571	0.00428	0.01426	0.01284	0.02282	0.01997	0.02282	0.01569	0.00713	0.00428	0.00143	0.00285	0.00571	0.81886	0.00571
5	0.01224	0.01167	0.01820	0.65831	0.07976	0.04752	0.01632	0.01587	0.01237	0.01563	0.01084	0.01612	0.00835	0.00679	0.00692	0.04007	0.00811	0.00537	0.00275	0.00679
6	0.01731	0.01389	0.01485	0.01263	0.01655	0.01559	0.01000	0.19298	0.51645	0.04839	0.02184	0.02040	0.01620	0.00788	0.00612	0.00196	0.00528	0.00641	0.00612	0.04915
7	0.01141	0.00571	0.00571	0.00571	0.00713	0.00571	0.00428	0.01426	0.01284	0.02282	0.01997	0.02282	0.01569	0.00713	0.00428	0.00143	0.00285	0.00571	0.81886	0.00571
8	0.01783	0.01455	0.01351	0.01166	0.01475	0.13346	0.00914	0.25037	0.12285	0.04794	0.01817	0.02292	0.01505	0.07970	0.00818	0.00220	0.00627	0.05305	0.15040	0.00799
9	0.02934	0.00843	0.01086	0.01112	0.06730	0.00828	0.00791	0.04834	0.07215	0.07883	0.41888	0.04053	0.08721	0.01149	0.00696	0.00201	0.00403	0.07318	0.00622	0.00691
10	0.01270	0.00955	0.01154	0.00940	0.01340	0.00778	0.00737	0.01561	0.03956	0.07647	0.01856	0.16859	0.01806	0.00873	0.00567	0.00148	0.00449	0.06029	0.00459	0.50618
11	0.00967	0.00654	0.00786	0.00735	0.00927	0.00580	0.00558	0.01204	0.01600	0.07715	0.42372	0.04783	0.29784	0.01304	0.00705	0.00196	0.00314	0.01119	0.03105	0.00591
12	0.01141	0.00571	0.00571	0.00571	0.00713	0.00571	0.00428	0.01426	0.01284	0.02282	0.01997	0.02282	0.01569	0.00713	0.00428	0.00143	0.00285	0.00571	0.81886	0.00571
13	0.01569	0.01581	0.02512	0.03503	0.63763	0.07161	0.07102	0.01928	0.01424	0.01959	0.01142	0.01494	0.00953	0.00550	0.00611	0.00182	0.00779	0.00547	0.00304	0.00939
14	0.01283	0.13321	0.65641	0.01651	0.02505	0.01556	0.02099	0.01924	0.01286	0.01872	0.01065	0.01251	0.00777	0.00574	0.00556	0.00185	0.00871	0.00436	0.00259	0.00889
15	0.01141	0.00571	0.00571	0.00571	0.00713	0.00571	0.00428	0.01426	0.01284	0.02282	0.01997	0.02282	0.01569	0.00713	0.00428	0.00143	0.00285	0.00571	0.81886	0.00571
16	0.01264	0.00987	0.01110	0.01054	0.01308	0.01067	0.00824	0.02244	0.37673	0.04940	0.10448	0.10254	0.10211	0.01155	0.00681	0.00217	0.00441	0.10257	0.03088	0.00776
17	0.00980	0.00798	0.00899	0.00923	0.01063	0.03944	0.00684	0.04458	0.05700	0.01899	0.14514	0.35603	0.15299	0.01541	0.00769	0.00227	0.02166	0.07375	0.00572	0.00585
18	0.01141	0.00880	0.01152	0.01092	0.01305	0.02489	0.06223	0.01590	0.12816	0.06776	0.05132	0.25206	0.13488	0.03215	0.00793	0.00240	0.00493	0.14754	0.00561	0.00653
19	0.01404	0.35767	0.44257	0.01444	0.02185	0.01853	0.01739	0.01893	0.01271	0.01724	0.00992	0.01159	0.00780	0.00557	0.00500	0.00167	0.00797	0.00398	0.00260	0.00853
20	0.01339	0.01339	0.01875	0.01607	0.01607	0.01875	0.01339	0.01473	0.00937	0.01473	0.00804	0.01339	0.00804	0.01071	0.02009	0.00268	0.77367	0.00536	0.00268	0.00670
21	0.03378	0.01249	0.01578	0.01167	0.01681	0.01111	0.07427	0.16332	0.01626	0.04855	0.01309	0.04339	0.01073	0.00587	0.00528	0.00132	0.00551	0.00496	0.00431	0.50151

[dist]
# distance from previous block
# <min> <max>
0	7

[block]
# block no. 7 follows, 37 sequences, length 8
# corresponding to MSA columns:
# 923-930
name=unknown_H
#
# <colnr> <probs for GDERKNQSTAVLIFYWHMCP>
#	G	D	E	R	K	N	Q	S	T	A	V	L	I	F	Y	W	H	M	C	P
0	0.00855	0.00654	0.00845	0.00924	0.01006	0.00664	0.00671	0.01089	0.05401	0.01704	0.07781	0.52215	0.08977	0.01714	0.00842	0.00244	0.04881	0.08425	0.00560	0.00548
1	0.01339	0.01339	0.01875	0.01607	0.01607	0.01875	0.01339	0.01473	0.00937	0.01473	0.00804	0.01339	0.00804	0.01071	0.02009	0.00268	0.77367	0.00536	0.00268	0.00670
2	0.01428	0.40176	0.40057	0.01404	0.02122	0.01911	0.01668	0.01887	0.01269	0.01695	0.00977	0.01141	0.00780	0.00553	0.00489	0.00163	0.00782	0.00391	0.00260	0.00846
3	0.01055	0.00659	0.00764	0.00768	0.00910	0.00692	0.00574	0.01449	0.08575	0.02060	0.06908	0.13712	0.02235	0.01637	0.14124	0.00320	0.00560	0.00807	0.41594	0.00596
4	0.01420	0.06873	0.57082	0.01559	0.02339	0.01355	0.01912	0.02015	0.01377	0.11279	0.06029	0.01590	0.01196	0.00645	0.00585	0.00190	0.00802	0.00509	0.00349	0.00894
5	0.01490	0.01494	0.01802	0.05963	0.01786	0.10149	0.01295	0.07430	0.01207	0.01675	0.00939	0.01402	0.00864	0.01170	0.05911	0.00286	0.53606	0.00528	0.00305	0.00698
6	0.00959	0.00867	0.00830	0.00849	0.00987	0.09619	0.00606	0.01119	0.01408	0.01755	0.19184	0.29427	0.23195	0.05327	0.00841	0.00231	0.00430	0.01276	0.00551	0.00539
7	0.02028	0.01636	0.02010	0.01529	0.02026	0.05248	0.12784	0.41738	0.07785	0.06388	0.01488	0.01551	0.01081	0.00673	0.00612	0.00179	0.00709	0.00566	0.00530	0.09439

[dist]
# distance from previous block
# <min> <max>
2	22

[block]
# block no. 8 follows, 37 sequences, length 30
# corresponding to MSA columns:
# 953-982
name=unknown_I
#
# <colnr> <probs for GDERKNQSTAVLIFYWHMCP>
#	G	D	E	R	K	N	Q	S	T	A	V	L	I	F	Y	W	H	M	C	P
0	0.43773	0.01355	0.01426	0.01171	0.01581	0.04888	0.08811	0.08292	0.10954	0.08262	0.03269	0.01466	0.01095	0.00648	0.00506	0.00192	0.00583	0.00488	0.00458	0.00784
1	0.01622	0.01334	0.01587	0.01292	0.04829	0.04425	0.05167	0.11573	0.12818	0.07506	0.01458	0.01538	0.01117	0.00587	0.00540	0.00142	0.00567	0.00488	0.00457	0.40955
2	0.01575	0.01445	0.02552	0.02803	0.37052	0.01409	0.22058	0.02101	0.08444	0.07629	0.01400	0.01658	0.01083	0.00575	0.00633	0.00187	0.00760	0.00606	0.00374	0.05656
3	0.01510	0.01626	0.02635	0.02002	0.02461	0.11407	0.40607	0.05956	0.01504	0.01943	0.01448	0.05671	0.01271	0.00843	0.02974	0.00226	0.04557	0.05858	0.00361	0.05139
4	0.00906	0.01237	0.19099	0.01033	0.01332	0.00782	0.00989	0.01201	0.01323	0.01806	0.14703	0.27160	0.16090	0.04699	0.00842	0.00235	0.02171	0.03284	0.00494	0.00614
5	0.01388	0.08276	0.51789	0.01543	0.02288	0.01464	0.01837	0.05190	0.09462	0.05461	0.01536	0.01625	0.04152	0.00662	0.00581	0.00191	0.00785	0.00518	0.00352	0.00899
6	0.01852	0.01022	0.01413	0.01168	0.01502	0.00987	0.05842	0.11980	0.01747	0.31025	0.12608	0.15532	0.02538	0.01066	0.00716	0.00208	0.02573	0.04751	0.00638	0.00831
7	0.00812	0.00597	0.00771	0.00857	0.00958	0.00556	0.00637	0.00994	0.01356	0.01795	0.17022	0.39771	0.14654	0.01695	0.00774	0.00238	0.00377	0.15021	0.00587	0.00528
8	0.03874	0.01475	0.02165	0.01689	0.02106	0.09079	0.26846	0.07358	0.09379	0.12547	0.01882	0.11883	0.02882	0.00836	0.00707	0.00204	0.03014	0.00786	0.00471	0.00818
9	0.01389	0.01407	0.02288	0.16846	0.02648	0.03919	0.25693	0.02101	0.19073	0.01931	0.01541	0.05047	0.01251	0.00752	0.00848	0.00215	0.11187	0.00687	0.00385	0.00793
10	0.03986	0.00894	0.01105	0.01000	0.01266	0.00878	0.00769	0.03737	0.14129	0.24791	0.14177	0.23730	0.02975	0.01188	0.00678	0.00212	0.00434	0.02621	0.00649	0.00781
11	0.00804	0.00597	0.00751	0.00779	0.00900	0.00544	0.00565	0.01009	0.01480	0.02001	0.36775	0.28535	0.17960	0.01534	0.00745	0.00216	0.00322	0.03327	0.00617	0.00540
12	0.09218	0.01601	0.02346	0.04221	0.02332	0.08797	0.28845	0.15197	0.01735	0.13535	0.03114	0.01631	0.01109	0.00645	0.00669	0.00195	0.02900	0.00605	0.00447	0.00858
13	0.01352	0.26229	0.53344	0.01532	0.02321	0.01726	0.01892	0.01906	0.01278	0.01787	0.01023	0.01198	0.00779	0.00564	0.00524	0.00175	0.00828	0.00414	0.00260	0.00868
14	0.16448	0.00864	0.00979	0.00910	0.01165	0.00871	0.00722	0.06005	0.01454	0.17191	0.06484	0.16796	0.02328	0.01083	0.00607	0.00205	0.00442	0.10178	0.14570	0.00699
15	0.01304	0.01239	0.02104	0.46738	0.33334	0.01399	0.01774	0.01694	0.01294	0.01744	0.01114	0.01584	0.00879	0.00584	0.00610	0.00195	0.00779	0.00545	0.00285	0.00800
16	0.28375	0.01170	0.01216	0.01038	0.01410	0.02935	0.00844	0.10817	0.07502	0.23195	0.05167	0.05404	0.01645	0.00838	0.00566	0.00199	0.00520	0.05766	0.00569	0.00824
17	0.01475	0.01414	0.02412	0.11923	0.66816	0.01444	0.01859	0.01844	0.01375	0.01951	0.01144	0.01528	0.00952	0.00553	0.00607	0.00184	0.00737	0.00545	0.00300	0.00937
18	0.02154	0.00916	0.01202	0.00964	0.01351	0.00791	0.00781	0.02381	0.01681	0.53128	0.10904	0.03085	0.16000	0.00963	0.00648	0.00193	0.00455	0.00799	0.00712	0.00891
19	0.18839	0.01364	0.01584	0.01297	0.01709	0.04614	0.09446	0.07944	0.27458	0.14502	0.01941	0.01889	0.03294	0.00729	0.00581	0.00197	0.00590	0.00600	0.00541	0.00882
20	0.01459	0.45894	0.34610	0.01351	0.02041	0.01986	0.01576	0.01879	0.01265	0.01657	0.00959	0.01117	0.00781	0.00549	0.00475	0.00158	0.00764	0.00382	0.00260	0.00837
21	0.00818	0.00630	0.00697	0.00709	0.00895	0.00545	0.00537	0.00990	0.01409	0.03967	0.10735	0.13577	0.54096	0.01554	0.00735	0.00215	0.00339	0.06434	0.00582	0.00539
22	0.01127	0.01017	0.01662	0.49666	0.11666	0.01179	0.01445	0.01500	0.01369	0.01834	0.19119	0.02342	0.02054	0.00762	0.00638	0.00199	0.00676	0.00683	0.00374	0.00689
23	0.07600	0.01879	0.01788	0.01462	0.01851	0.24308	0.06376	0.20546	0.04756	0.14839	0.01397	0.01466	0.01024	0.00712	0.00705	0.00187	0.07243	0.00516	0.00480	0.00864
24	0.01302	0.00737	0.00962	0.00931	0.01141	0.00681	0.00733	0.01563	0.03558	0.18871	0.17348	0.20504	0.12060	0.01396	0.00733	0.00225	0.00422	0.15530	0.00633	0.00669
25	0.01078	0.00660	0.00824	0.00795	0.00963	0.00597	0.00587	0.01275	0.01473	0.11755	0.27899	0.19254	0.18071	0.07094	0.00892	0.00237	0.00366	0.02796	0.02788	0.00596
26	0.13077	0.01500	0.02188	0.03102	0.56664	0.04952	0.01633	0.06006	0.01446	0.02190	0.01118	0.01420	0.00922	0.00564	0.00572	0.00182	0.00706	0.00508	0.00332	0.00918
27	0.02207	0.01979	0.01626	0.01383	0.01771	0.30507	0.01083	0.18048	0.17781	0.14927	0.01653	0.01612	0.01206	0.00719	0.00592	0.00180	0.00773	0.00532	0.00524	0.00896
28	0.01718	0.01154	0.01219	0.01068	0.01350	0.09308	0.00822	0.10736	0.06634	0.21251	0.18243	0.17007	0.02843	0.02884	0.00722	0.00208	0.00521	0.00918	0.00617	0.00777
29	0.01491	0.29542	0.41877	0.01472	0.02188	0.05802	0.01715	0.06037	0.01391	0.01852	0.01025	0.01184	0.00795	0.00573	0.00516	0.00169	0.00814	0.00411	0.00283	0.00860

[dist]
# distance from previous block
# <min> <max>
0	7

[block]
# block no. 9 follows, 37 sequences, length 76
# corresponding to MSA columns:
# 990-1015,1017-1041,1044-1068
name=unknown_J
#
# <colnr> <probs for GDERKNQSTAVLIFYWHMCP>
#	G	D	E	R	K	N	Q	S	T	A	V	L	I	F	Y	W	H	M	C	P
0	0.01368	0.01417	0.02052	0.01703	0.01809	0.05403	0.11425	0.01556	0.01062	0.01549	0.01013	0.05577	0.00998	0.01017	0.01687	0.00253	0.58514	0.00621	0.00293	0.00684
1	0.12298	0.01830	0.01433	0.01240	0.01587	0.28462	0.00968	0.16554	0.07224	0.07604	0.06264	0.01809	0.04407	0.00751	0.00564	0.00177	0.00719	0.00549	0.04771	0.00791
2	0.10138	0.01307	0.01552	0.01229	0.01658	0.01357	0.04088	0.28380	0.07710	0.25517	0.05701	0.05369	0.01599	0.00805	0.00610	0.00192	0.00572	0.00652	0.00623	0.00939
3	0.14605	0.01449	0.01720	0.01361	0.01809	0.04592	0.09567	0.21143	0.16485	0.18424	0.01735	0.01700	0.01228	0.00703	0.00590	0.00192	0.00633	0.00574	0.00561	0.00928
4	0.01294	0.01228	0.02074	0.44399	0.33510	0.01377	0.01741	0.01677	0.01299	0.01748	0.01252	0.01698	0.02866	0.00610	0.00613	0.00195	0.00765	0.00565	0.00293	0.00796
5	0.00756	0.00571	0.00699	0.00773	0.00874	0.00514	0.00540	0.00903	0.01317	0.01716	0.14311	0.46643	0.24730	0.01716	0.00756	0.00228	0.00333	0.01520	0.00583	0.00514
6	0.01489	0.01605	0.03280	0.02834	0.20780	0.01536	0.52867	0.04103	0.01476	0.02028	0.01224	0.01612	0.00942	0.00530	0.00690	0.00200	0.00946	0.00674	0.00317	0.00868
7	0.00836	0.00609	0.00791	0.00807	0.00930	0.00564	0.00600	0.01071	0.01547	0.02132	0.46664	0.22578	0.10151	0.01469	0.00746	0.00214	0.00328	0.06778	0.00632	0.00553
8	0.01445	0.01651	0.03612	0.02580	0.03199	0.01548	0.72446	0.01961	0.01445	0.01961	0.01238	0.01651	0.00929	0.00516	0.00722	0.00206	0.01032	0.00722	0.00310	0.00826
9	0.00874	0.00656	0.00984	0.00984	0.01093	0.00765	0.00765	0.01093	0.00984	0.01421	0.01640	0.02405	0.01530	0.04591	0.76062	0.00984	0.01640	0.00656	0.00328	0.00547
10	0.01365	0.01416	0.02303	0.01847	0.02000	0.01794	0.18870	0.01593	0.01063	0.01593	0.00911	0.01416	0.00834	0.00934	0.01692	0.00253	0.58547	0.00582	0.00278	0.00708
11	0.01515	0.01454	0.02485	0.03757	0.74669	0.01454	0.01879	0.01879	0.01394	0.02000	0.01151	0.01515	0.00970	0.00545	0.00606	0.00182	0.00727	0.00545	0.00303	0.00970
12	0.02746	0.01042	0.01421	0.01089	0.01563	0.00900	0.00900	0.02983	0.01752	0.75093	0.02415	0.02083	0.01515	0.00758	0.00616	0.00189	0.00521	0.00616	0.00758	0.01042
13	0.01419	0.01574	0.03184	0.02340	0.02807	0.01629	0.54915	0.01841	0.01320	0.01841	0.01131	0.01574	0.00898	0.00653	0.01040	0.00222	0.19852	0.00676	0.00299	0.00787
14	0.02287	0.02917	0.01735	0.01577	0.01892	0.76030	0.01183	0.02444	0.01735	0.01498	0.00946	0.01104	0.00788	0.00631	0.00552	0.00158	0.01104	0.00394	0.00315	0.00710
15	0.01228	0.03166	0.75316	0.01745	0.02649	0.01422	0.02262	0.01939	0.01292	0.01939	0.01099	0.01292	0.00775	0.00582	0.00582	0.00194	0.00905	0.00452	0.00258	0.00905
16	0.00742	0.00608	0.00654	0.00669	0.00845	0.00520	0.00491	0.00904	0.01399	0.01724	0.12885	0.16045	0.57251	0.01572	0.00732	0.00211	0.00314	0.01337	0.00579	0.00520
17	0.02204	0.02799	0.04943	0.01561	0.01911	0.65971	0.01219	0.05405	0.05315	0.01669	0.01051	0.01186	0.00852	0.00643	0.00559	0.00163	0.01046	0.00418	0.00341	0.00745
18	0.01433	0.41113	0.39164	0.01395	0.02109	0.01923	0.01653	0.01886	0.01268	0.01689	0.00974	0.01137	0.00780	0.00553	0.00487	0.00162	0.00779	0.00390	0.00260	0.00845
19	0.01523	0.01315	0.01384	0.01246	0.01592	0.01523	0.00969	0.03253	0.73563	0.02561	0.02491	0.02284	0.01869	0.00830	0.00623	0.00208	0.00484	0.00692	0.00623	0.00969
20	0.00993	0.00780	0.01004	0.00941	0.00959	0.00924	0.00664	0.01061	0.00917	0.01293	0.01616	0.03114	0.01776	0.48077	0.14856	0.00581	0.18867	0.00768	0.00340	0.00470
21	0.01390	0.01559	0.03369	0.02438	0.03009	0.01462	0.66291	0.01875	0.01427	0.01932	0.01419	0.06663	0.01185	0.00631	0.00729	0.00211	0.00978	0.02301	0.00332	0.00799
22	0.00890	0.00593	0.00668	0.00668	0.00668	0.00593	0.00371	0.00890	0.00890	0.01187	0.01929	0.04006	0.02225	0.78487	0.03116	0.00593	0.00593	0.00890	0.00371	0.00371
23	0.00878	0.00640	0.00906	0.00906	0.00988	0.00723	0.00668	0.01043	0.00961	0.01363	0.01711	0.02799	0.01702	0.22810	0.58077	0.00888	0.01382	0.00714	0.00339	0.00503
24	0.01369	0.01073	0.01685	0.56184	0.05488	0.01268	0.01473	0.05431	0.01370	0.08378	0.01324	0.01728	0.00973	0.00640	0.00593	0.00195	0.00724	0.00554	0.08822	0.00728
25	0.02327	0.01715	0.01837	0.01408	0.01898	0.01898	0.01163	0.72628	0.02878	0.03858	0.01470	0.01470	0.01041	0.00735	0.00612	0.00184	0.00674	0.00551	0.00612	0.01041
26	0.00986	0.00705	0.00986	0.01127	0.01268	0.00705	0.00986	0.01268	0.01409	0.01832	0.03241	0.06905	0.03523	0.01691	0.00845	0.00282	0.00564	0.70549	0.00564	0.00564
27	0.00748	0.00550	0.00701	0.00812	0.00879	0.00504	0.00552	0.00870	0.01232	0.01616	0.06924	0.63550	0.15158	0.01831	0.00770	0.00240	0.00345	0.01642	0.00573	0.00504
28	0.01450	0.44224	0.36201	0.01366	0.02064	0.01964	0.01603	0.01881	0.01266	0.01668	0.00964	0.01124	0.00781	0.00550	0.00479	0.00160	0.00769	0.00385	0.00260	0.00840
29	0.01228	0.03166	0.75316	0.01745	0.02649	0.01422	0.02262	0.01939	0.01292	0.01939	0.01099	0.01292	0.00775	0.00582	0.00582	0.00194	0.00905	0.00452	0.00258	0.00905
30	0.01156	0.01088	0.01836	0.77016	0.04216	0.01360	0.01700	0.01564	0.01224	0.01564	0.01088	0.01632	0.00816	0.00612	0.00612	0.00204	0.00816	0.00544	0.00272	0.00680
31	0.01515	0.01454	0.02485	0.03757	0.74669	0.01454	0.01879	0.01879	0.01394	0.02000	0.01151	0.01515	0.00970	0.00545	0.00606	0.00182	0.00727	0.00545	0.00303	0.00970
32	0.03207	0.01608	0.02979	0.02182	0.02738	0.04620	0.51232	0.05303	0.08655	0.08917	0.01462	0.01710	0.01070	0.00585	0.00684	0.00202	0.00907	0.00681	0.00397	0.00861
33	0.01247	0.06815	0.71840	0.01711	0.02597	0.01470	0.02203	0.01933	0.01290	0.01915	0.01087	0.01277	0.00776	0.00579	0.00572	0.00191	0.00893	0.00446	0.00259	0.00899
34	0.00756	0.00540	0.00719	0.00846	0.00890	0.00504	0.00569	0.00877	0.01218	0.01636	0.09208	0.72045	0.04191	0.01863	0.00776	0.00244	0.00350	0.01688	0.00577	0.00504
35	0.00790	0.00591	0.00852	0.00943	0.01010	0.00555	0.03738	0.00924	0.01197	0.01595	0.03273	0.70842	0.03883	0.01844	0.00782	0.00249	0.00396	0.05465	0.00557	0.00515
36	0.01515	0.01454	0.02485	0.03757	0.74669	0.01454	0.01879	0.01879	0.01394	0.02000	0.01151	0.01515	0.00970	0.00545	0.00606	0.00182	0.00727	0.00545	0.00303	0.00970
37	0.01228	0.03166	0.75316	0.01745	0.02649	0.01422	0.02262	0.01939	0.01292	0.01939	0.01099	0.01292	0.00775	0.00582	0.00582	0.00194	0.00905	0.00452	0.00258	0.00905
38	0.00746	0.00533	0.00710	0.00852	0.00888	0.00497	0.00568	0.00852	0.01172	0.01563	0.03374	0.78088	0.04049	0.01918	0.00781	0.00249	0.00355	0.01740	0.00568	0.00497
39	0.01276	0.12106	0.66799	0.01662	0.02522	0.01540	0.02118	0.01926	0.01287	0.01880	0.01069	0.01256	0.00777	0.00575	0.00559	0.00186	0.00875	0.00438	0.00259	0.00891
40	0.06652	0.01797	0.01728	0.01380	0.01828	0.11147	0.01119	0.53086	0.09606	0.03372	0.01471	0.01478	0.01070	0.00722	0.00593	0.00183	0.00698	0.00533	0.00563	0.00972
41	0.00837	0.00602	0.00760	0.00760	0.00865	0.00560	0.00536	0.01036	0.01471	0.02031	0.44698	0.18828	0.09687	0.13277	0.01102	0.00266	0.00350	0.01209	0.00599	0.00526
42	0.00883	0.00621	0.00807	0.00807	0.00856	0.00669	0.00545	0.00980	0.00932	0.01290	0.01801	0.03298	0.01918	0.45808	0.35374	0.00766	0.01056	0.00787	0.00352	0.00449
43	0.02200	0.02033	0.01741	0.01438	0.01853	0.24962	0.01142	0.40853	0.12597	0.02937	0.01452	0.01472	0.01080	0.00716	0.00595	0.00179	0.00781	0.00522	0.00521	0.00927
44	0.02461	0.01141	0.01438	0.01142	0.01589	0.01093	0.00930	0.07287	0.17092	0.55325	0.02374	0.02089	0.01561	0.00772	0.00617	0.00193	0.00522	0.00628	0.00720	0.01026
45	0.01504	0.01443	0.02465	0.05999	0.72513	0.01452	0.01873	0.01869	0.01389	0.01986	0.01149	0.01519	0.00965	0.00547	0.00606	0.00182	0.00730	0.00545	0.00302	0.00961
46	0.01353	0.01414	0.02515	0.01913	0.02339	0.05013	0.40015	0.01901	0.09008	0.02062	0.15461	0.02522	0.02085	0.00789	0.00778	0.00209	0.04842	0.04592	0.00424	0.00765
47	0.01224	0.01005	0.00957	0.00927	0.01152	0.11363	0.00729	0.01425	0.01512	0.09386	0.11685	0.07249	0.32947	0.01344	0.00713	0.00212	0.00493	0.14499	0.00562	0.00614
48	0.04495	0.01579	0.01785	0.01375	0.01856	0.01708	0.03428	0.54556	0.06491	0.13970	0.01638	0.01596	0.01141	0.00732	0.00611	0.00187	0.00647	0.00568	0.00618	0.01020
49	0.01190	0.01155	0.01428	0.01292	0.01486	0.11577	0.11789	0.04831	0.01379	0.01734	0.02541	0.43017	0.04755	0.01396	0.00799	0.00227	0.04806	0.03501	0.00478	0.00617
50	0.24721	0.01772	0.01457	0.01234	0.01619	0.20009	0.00981	0.25720	0.08048	0.02777	0.05095	0.01479	0.01193	0.00698	0.00539	0.00181	0.00688	0.00492	0.00478	0.00822
51	0.01120	0.00862	0.04210	0.00904	0.01131	0.00756	0.00741	0.07712	0.01794	0.06490	0.55693	0.04160	0.05999	0.01177	0.00707	0.00197	0.00378	0.04664	0.00647	0.00657
52	0.01081	0.00644	0.00853	0.00848	0.00958	0.00621	0.00608	0.01222	0.04285	0.07988	0.18559	0.22056	0.04569	0.06189	0.02697	0.20464	0.00446	0.03328	0.02063	0.00522
53	0.22382	0.01109	0.01169	0.01066	0.01344	0.03437	0.04050	0.08207	0.17257	0.02317	0.02338	0.24717	0.06033	0.01099	0.00614	0.00211	0.00495	0.00925	0.00516	0.00716
54	0.01490	0.01670	0.03285	0.02389	0.02965	0.04806	0.61465	0.02124	0.09388	0.02006	0.01363	0.01697	0.01026	0.00556	0.00704	0.00204	0.00975	0.00705	0.00344	0.00836
55	0.01401	0.01338	0.02279	0.27003	0.52313	0.01424	0.01822	0.01779	0.01340	0.01862	0.01131	0.01552	0.00921	0.00567	0.00608	0.00189	0.00755	0.00545	0.00293	0.00878
56	0.15209	0.01290	0.01467	0.01147	0.01601	0.01320	0.00946	0.27557	0.02040	0.35857	0.04204	0.01774	0.01352	0.00736	0.00580	0.00187	0.00560	0.00564	0.00643	0.00966
57	0.01579	0.01774	0.02952	0.06044	0.17336	0.13106	0.42025	0.02036	0.03416	0.01895	0.01202	0.01555	0.00935	0.00553	0.00665	0.00194	0.00957	0.00627	0.00316	0.00834
58	0.01369	0.29375	0.50347	0.01503	0.02276	0.01768	0.01841	0.01902	0.01276	0.01766	0.01013	0.01185	0.00779	0.00562	0.00516	0.00172	0.00818	0.00409	0.00260	0.00863
59	0.01353	0.01102	0.01493	0.01368	0.03979	0.01176	0.08779	0.05201	0.26983	0.06079	0.02639	0.17375	0.06068	0.01136	0.00755	0.00224	0.03904	0.09052	0.00549	0.00786
60	0.01115	0.00719	0.00858	0.00796	0.01019	0.00655	0.00617	0.01422	0.05367	0.11948	0.30022	0.04673	0.30351	0.01284	0.00702	0.00202	0.00353	0.04677	0.02583	0.00637
61	0.01487	0.51234	0.29522	0.01302	0.01965	0.02057	0.01491	0.01871	0.01262	0.01622	0.00941	0.01095	0.00782	0.00545	0.00462	0.00154	0.00746	0.00373	0.00261	0.00829
62	0.01524	0.01463	0.02520	0.07418	0.61776	0.01476	0.07891	0.04836	0.01451	0.02051	0.01169	0.01531	0.00961	0.00554	0.00617	0.00185	0.00756	0.00561	0.00315	0.00945
63	0.12614	0.00768	0.00807	0.00784	0.01018	0.00741	0.00617	0.01318	0.05350	0.05580	0.12145	0.06212	0.39208	0.01323	0.00679	0.00211	0.00381	0.09080	0.00565	0.00600
64	0.01046	0.00926	0.01165	0.01129	0.01282	0.07500	0.06021	0.02560	0.03281	0.01630	0.02362	0.31820	0.02546	0.02506	0.25413	0.00478	0.00918	0.06382	0.00450	0.00585
65	0.01652	0.01490	0.02816	0.02319	0.11814	0.01481	0.40568	0.03599	0.05828	0.12419	0.01434	0.01700	0.01065	0.00631	0.00808	0.00206	0.08241	0.00661	0.00394	0.00873
66	0.01765	0.01327	0.01442	0.01240	0.01617	0.01485	0.00980	0.13832	0.52743	0.10844	0.04273	0.02198	0.01808	0.00819	0.00623	0.00202	0.00512	0.00673	0.00638	0.00977
67	0.01191	0.00619	0.00624	0.00606	0.00763	0.00626	0.00459	0.04412	0.01351	0.02348	0.01975	0.02248	0.01547	0.00714	0.00436	0.00144	0.00302	0.00570	0.78478	0.00590
68	0.01378	0.30958	0.48839	0.01489	0.02253	0.01789	0.01816	0.01900	0.01275	0.01756	0.01008	0.01178	0.00779	0.00560	0.00512	0.00171	0.00813	0.00406	0.00260	0.00861
69	0.01345	0.00739	0.00878	0.00796	0.00927	0.00720	0.00538	0.04879	0.01199	0.15989	0.02049	0.03492	0.02030	0.52109	0.02262	0.00456	0.00563	0.03074	0.05399	0.00555
70	0.03168	0.00637	0.00796	0.00766	0.00910	0.00600	0.00569	0.01112	0.01569	0.02215	0.53793	0.08094	0.13042	0.04727	0.05077	0.00258	0.00389	0.01103	0.00616	0.00559
71	0.01261	0.09384	0.69393	0.01687	0.02561	0.01504	0.02162	0.01930	0.01288	0.01898	0.01078	0.01267	0.00776	0.00577	0.00566	0.00189	0.00884	0.00442	0.00259	0.00895
72	0.01213	0.01146	0.01938	0.65442	0.15347	0.01375	0.01728	0.01614	0.01251	0.01633	0.01098	0.01614	0.00840	0.00601	0.00611	0.00200	0.00802	0.00544	0.00277	0.00726
73	0.01107	0.00794	0.00941	0.00933	0.01083	0.00803	0.00680	0.15460	0.01562	0.02108	0.07609	0.43753	0.07078	0.06189	0.00868	0.00247	0.00431	0.03601	0.04142	0.00611
74	0.03643	0.01354	0.01358	0.01147	0.01531	0.08956	0.00899	0.08488	0.27412	0.11526	0.04021	0.05998	0.03702	0.00802	0.00589	0.00177	0.00546	0.00650	0.00548	0.16654
75	0.01547	0.01415	0.02388	0.07885	0.60058	0.01431	0.04873	0.01986	0.05205	0.05360	0.01280	0.01595	0.01031	0.00573	0.00613	0.00186	0.00724	0.00564	0.00339	0.00949

[dist]
# distance from previous block
# <min> <max>
0	4

[block]
# block no. 10 follows, 37 sequences, length 24
# corresponding to MSA columns:
# 1073-1096
name=unknown_K
#
# <colnr> <probs for GDERKNQSTAVLIFYWHMCP>
#	G	D	E	R	K	N	Q	S	T	A	V	L	I	F	Y	W	H	M	C	P
0	0.01417	0.01057	0.04185	0.01029	0.01262	0.01104	0.00852	0.15339	0.04468	0.05038	0.03844	0.04690	0.01560	0.02709	0.09813	0.00287	0.10542	0.00636	0.29452	0.00713
1	0.08127	0.01156	0.01396	0.01130	0.01518	0.01181	0.00919	0.09693	0.13155	0.35447	0.07933	0.02077	0.01723	0.00802	0.00707	0.00193	0.06476	0.00621	0.00628	0.05118
2	0.16394	0.01540	0.01390	0.01213	0.01563	0.12262	0.00951	0.20684	0.23577	0.02667	0.01805	0.10162	0.01524	0.00851	0.00584	0.00195	0.00607	0.00665	0.00526	0.00842
3	0.04324	0.00783	0.00860	0.00821	0.01028	0.03026	0.00613	0.01218	0.03162	0.03279	0.19944	0.19172	0.21346	0.04087	0.00769	0.00212	0.00392	0.03996	0.00550	0.10418
4	0.01795	0.01304	0.01370	0.01171	0.01527	0.07367	0.00921	0.10523	0.28912	0.17245	0.09362	0.04983	0.02023	0.00985	0.03327	0.00219	0.00580	0.00697	0.00603	0.05086
5	0.01285	0.13801	0.65184	0.01647	0.02498	0.01562	0.02091	0.01924	0.01286	0.01869	0.01064	0.01249	0.00777	0.00573	0.00555	0.00185	0.00870	0.00435	0.00259	0.00888
6	0.01203	0.00736	0.00882	0.00824	0.01031	0.00696	0.00621	0.01564	0.08550	0.13283	0.23251	0.14403	0.17458	0.03476	0.00744	0.00211	0.00366	0.01056	0.08990	0.00657
7	0.00885	0.00650	0.00805	0.00881	0.00982	0.00626	0.00625	0.06777	0.01354	0.01777	0.03589	0.58466	0.13186	0.01760	0.00763	0.00239	0.00386	0.05128	0.00572	0.00548
8	0.00986	0.00723	0.00968	0.01086	0.01224	0.00733	0.00907	0.01354	0.07296	0.01841	0.03204	0.19821	0.03485	0.01663	0.00815	0.00270	0.00518	0.51955	0.00569	0.00585
9	0.00823	0.00576	0.00715	0.00763	0.00812	0.00549	0.00496	0.00930	0.01191	0.01614	0.17676	0.34221	0.05341	0.29612	0.01616	0.00361	0.00427	0.01289	0.00518	0.00468
10	0.01335	0.01270	0.02159	0.40541	0.39294	0.01407	0.01789	0.01721	0.01309	0.01781	0.01120	0.01574	0.00892	0.00579	0.00609	0.00193	0.00772	0.00545	0.00287	0.00824
11	0.01509	0.01493	0.02331	0.15306	0.58607	0.06376	0.01804	0.01866	0.01389	0.01897	0.01128	0.01506	0.00933	0.00562	0.00603	0.00184	0.00766	0.00535	0.00299	0.00906
12	0.00985	0.00733	0.00861	0.00871	0.01008	0.00727	0.00626	0.09030	0.04083	0.01870	0.06390	0.34863	0.17178	0.11776	0.03022	0.00295	0.00457	0.04109	0.00547	0.00570
13	0.00801	0.00579	0.00760	0.00884	0.00955	0.00547	0.00641	0.00945	0.01230	0.01612	0.03524	0.53715	0.09790	0.05019	0.00887	0.00266	0.00406	0.16372	0.00559	0.00508
14	0.01449	0.44043	0.36373	0.01368	0.02067	0.01962	0.01606	0.01882	0.01266	0.01669	0.00965	0.01125	0.00781	0.00550	0.00480	0.00160	0.00770	0.00385	0.00260	0.00840
15	0.07766	0.01607	0.01889	0.01560	0.04221	0.08856	0.11955	0.26148	0.17004	0.07263	0.01671	0.04478	0.01284	0.00739	0.00615	0.00193	0.00697	0.00623	0.00520	0.00911
16	0.01475	0.01464	0.02650	0.09009	0.55842	0.01465	0.15256	0.01871	0.01391	0.01960	0.01163	0.01550	0.00950	0.00545	0.00629	0.00188	0.00792	0.00579	0.00302	0.00921
17	0.00761	0.00539	0.00706	0.00833	0.00865	0.00507	0.00548	0.00856	0.01143	0.01524	0.03226	0.70509	0.03862	0.09751	0.01020	0.00284	0.00380	0.01653	0.00548	0.00484
18	0.01365	0.01511	0.03212	0.02348	0.02880	0.01438	0.61401	0.01826	0.01404	0.01907	0.01481	0.08251	0.01286	0.00696	0.00773	0.00215	0.03393	0.03489	0.00340	0.00783
19	0.10368	0.01195	0.01351	0.01163	0.01515	0.03866	0.03770	0.06726	0.25023	0.17284	0.02279	0.12064	0.03056	0.00931	0.00620	0.00202	0.00529	0.03285	0.00579	0.04196
20	0.07854	0.00662	0.00794	0.00826	0.00937	0.00641	0.00568	0.01176	0.01168	0.09389	0.02813	0.41693	0.05597	0.20105	0.01291	0.00320	0.00443	0.02658	0.00525	0.00540
