[name]
unknown

[dist]
# distance from previous block
# <min> <max>
6	101

[block]
# block no. 0 follows, 31 sequences, length 38
# corresponding to MSA columns:
# 133-170
name=unknown_A
#
# <colnr> <probs for GDERKNQSTAVLIFYWHMCP>
#	G	D	E	R	K	N	Q	S	T	A	V	L	I	F	Y	W	H	M	C	P
0	0.01451	0.00969	0.01280	0.01123	0.01372	0.00950	0.05280	0.10965	0.01729	0.09692	0.11787	0.16038	0.10701	0.11354	0.03374	0.02646	0.00589	0.03245	0.04730	0.00725
1	0.06730	0.00874	0.01025	0.00971	0.01168	0.00890	0.00718	0.07454	0.03579	0.06878	0.12887	0.18124	0.08932	0.10409	0.08859	0.02960	0.00625	0.01097	0.05140	0.00679
2	0.08861	0.01307	0.04255	0.10664	0.04783	0.01258	0.19247	0.04512	0.01530	0.08219	0.02047	0.17959	0.01909	0.03044	0.00793	0.00241	0.00739	0.00947	0.06878	0.00808
3	0.01231	0.00956	0.01031	0.00957	0.01143	0.04781	0.00688	0.07286	0.01621	0.02182	0.20523	0.14103	0.09242	0.15880	0.01404	0.05589	0.00522	0.01085	0.03136	0.06641
4	0.01629	0.18162	0.04325	0.04540	0.05273	0.03116	0.11089	0.07518	0.05073	0.02168	0.05334	0.04084	0.01526	0.00877	0.00892	0.02792	0.09342	0.02448	0.00415	0.09397
5	0.01452	0.06910	0.06549	0.01235	0.01606	0.03145	0.03219	0.04953	0.09493	0.05879	0.07581	0.04856	0.11094	0.01624	0.11071	0.00335	0.04138	0.02885	0.04159	0.07816
6	0.04236	0.01414	0.01560	0.01264	0.01684	0.04625	0.01018	0.25903	0.05574	0.21466	0.18612	0.02690	0.02606	0.00960	0.00699	0.00208	0.00598	0.00777	0.03112	0.00993
7	0.03576	0.10608	0.13066	0.05544	0.11027	0.09707	0.06655	0.12829	0.01788	0.05217	0.01457	0.04507	0.01187	0.00770	0.00721	0.00205	0.04574	0.00614	0.05014	0.00933
8	0.05395	0.01450	0.01631	0.01288	0.01757	0.01516	0.01053	0.33631	0.05507	0.24168	0.02076	0.02010	0.01440	0.00823	0.00644	0.00201	0.00616	0.00639	0.13091	0.01062
9	0.01800	0.01298	0.01439	0.01281	0.01649	0.01417	0.00996	0.06117	0.44977	0.13337	0.03099	0.10536	0.06837	0.01094	0.00721	0.00233	0.00529	0.00923	0.00708	0.01009
10	0.01423	0.01411	0.01946	0.01678	0.01703	0.01933	0.01392	0.01575	0.01102	0.01668	0.01542	0.02040	0.08429	0.01255	0.02092	0.00292	0.66762	0.00689	0.00335	0.00730
11	0.00829	0.00642	0.00756	0.00836	0.00964	0.00569	0.00586	0.00981	0.01447	0.01836	0.08213	0.42399	0.33638	0.01931	0.00842	0.00255	0.00372	0.01695	0.00641	0.00569
12	0.01873	0.09588	0.02224	0.08866	0.08681	0.01882	0.06285	0.18019	0.29704	0.02844	0.01937	0.01989	0.01465	0.00789	0.00671	0.00214	0.00715	0.00665	0.00554	0.01036
13	0.80789	0.01323	0.01006	0.00900	0.01323	0.01535	0.00741	0.02011	0.01164	0.03070	0.00953	0.01111	0.00741	0.00635	0.00423	0.00212	0.00529	0.00370	0.00423	0.00741
14	0.01943	0.04660	0.06097	0.01659	0.04524	0.01796	0.06327	0.17966	0.38061	0.06171	0.02206	0.02135	0.01632	0.00834	0.00688	0.00220	0.00680	0.00700	0.00622	0.01080
15	0.01033	0.00653	0.00795	0.00795	0.00802	0.00660	0.00475	0.00987	0.00980	0.01314	0.01943	0.03896	0.02183	0.57225	0.07235	0.16618	0.00715	0.00900	0.00388	0.00402
16	0.01887	0.10911	0.06199	0.04500	0.07353	0.20940	0.04466	0.05986	0.04122	0.04235	0.08716	0.01876	0.01585	0.00850	0.00917	0.00211	0.13352	0.00612	0.00419	0.00861
17	0.01792	0.01523	0.01573	0.01380	0.01767	0.04184	0.01080	0.13136	0.51246	0.03023	0.09362	0.02625	0.02342	0.00951	0.00703	0.00224	0.00576	0.00784	0.00688	0.01041
18	0.05546	0.14338	0.08186	0.07824	0.17325	0.09242	0.07430	0.15436	0.01872	0.04641	0.01305	0.01534	0.01013	0.00672	0.00631	0.00197	0.00864	0.00553	0.00414	0.00978
19	0.04070	0.36905	0.34141	0.01589	0.02357	0.04006	0.04291	0.02123	0.01430	0.01926	0.01093	0.01284	0.00875	0.00619	0.00551	0.00184	0.00879	0.00447	0.00299	0.00932
20	0.00995	0.00663	0.00746	0.00746	0.00746	0.00663	0.00415	0.00995	0.00995	0.01327	0.02156	0.04477	0.02487	0.75957	0.03482	0.00663	0.00663	0.00995	0.00415	0.00415
21	0.00993	0.00671	0.00784	0.00784	0.00797	0.00684	0.00462	0.01019	0.01006	0.01354	0.02121	0.04286	0.02404	0.68392	0.10933	0.00710	0.00788	0.00967	0.00409	0.00436
22	0.01539	0.01525	0.02738	0.19897	0.35839	0.01606	0.15191	0.01964	0.01485	0.02060	0.01368	0.04736	0.01164	0.00717	0.00803	0.00223	0.05167	0.00702	0.00342	0.00936
23	0.00993	0.00666	0.00757	0.00754	0.00764	0.00662	0.00430	0.01015	0.01057	0.01420	0.06737	0.04519	0.02750	0.71019	0.03305	0.00634	0.00641	0.01011	0.00437	0.00430
24	0.00846	0.00613	0.00800	0.00926	0.00991	0.00567	0.00629	0.00991	0.01393	0.01860	0.11196	0.63426	0.09161	0.02037	0.00862	0.00268	0.00386	0.01836	0.00648	0.00567
25	0.01274	0.00952	0.01087	0.00993	0.01257	0.00943	0.00784	0.09843	0.06415	0.05617	0.19845	0.05119	0.32389	0.01448	0.00837	0.00233	0.02773	0.06786	0.00671	0.00735
26	0.01693	0.01626	0.02777	0.04199	0.71689	0.01626	0.02100	0.02100	0.01558	0.02235	0.01287	0.01693	0.01084	0.00610	0.00677	0.00203	0.00813	0.00610	0.00339	0.01084
27	0.00995	0.00663	0.00746	0.00746	0.00746	0.00663	0.00415	0.00995	0.00995	0.01327	0.02156	0.04477	0.02487	0.75957	0.03482	0.00663	0.00663	0.00995	0.00415	0.00415
28	0.77238	0.01350	0.01053	0.00930	0.01359	0.01561	0.00766	0.05072	0.01258	0.03126	0.00984	0.01136	0.00760	0.00644	0.00435	0.00211	0.00539	0.00382	0.00435	0.00760
29	0.00993	0.00666	0.00758	0.00755	0.00766	0.00662	0.00431	0.01016	0.01063	0.01430	0.07193	0.04523	0.02776	0.70527	0.03287	0.00631	0.00638	0.01013	0.00439	0.00431
30	0.01575	0.01776	0.03527	0.02659	0.06322	0.04840	0.55743	0.02083	0.01621	0.02133	0.01957	0.02317	0.08549	0.00707	0.00793	0.00227	0.01055	0.00850	0.00377	0.00887
31	0.01693	0.01626	0.02777	0.04199	0.71689	0.01626	0.02100	0.02100	0.01558	0.02235	0.01287	0.01693	0.01084	0.00610	0.00677	0.00203	0.00813	0.00610	0.00339	0.01084
32	0.02029	0.01397	0.01557	0.01350	0.01771	0.01535	0.01064	0.03563	0.54074	0.19433	0.02764	0.02499	0.01994	0.00909	0.00694	0.00227	0.00551	0.00753	0.00732	0.01102
33	0.01649	0.49729	0.26175	0.01417	0.02128	0.02267	0.01600	0.02061	0.01427	0.01833	0.03495	0.01352	0.01069	0.00635	0.00521	0.00172	0.00809	0.00442	0.00307	0.00914
34	0.01425	0.01148	0.01706	0.22038	0.13248	0.01180	0.02769	0.05555	0.01606	0.06771	0.07256	0.12781	0.09969	0.01044	0.00718	0.00216	0.00654	0.00924	0.00493	0.08499
35	0.01514	0.01474	0.01987	0.01696	0.01782	0.01968	0.01402	0.01874	0.08815	0.01823	0.01131	0.01609	0.01039	0.01119	0.01950	0.00278	0.61210	0.00605	0.00351	0.06374
36	0.01584	0.01510	0.02123	0.20858	0.02803	0.07228	0.14290	0.10192	0.06517	0.02212	0.01866	0.02309	0.05868	0.05345	0.06184	0.00305	0.02809	0.00721	0.00428	0.04847
37	0.06190	0.01627	0.09213	0.08056	0.05065	0.01378	0.23160	0.05065	0.01581	0.07553	0.01663	0.09577	0.01419	0.00784	0.00695	0.00207	0.00816	0.00762	0.00436	0.14755

[dist]
# distance from previous block
# <min> <max>
1	10

[block]
# block no. 1 follows, 31 sequences, length 11
# corresponding to MSA columns:
# 181-191
name=unknown_B
#
# <colnr> <probs for GDERKNQSTAVLIFYWHMCP>
#	G	D	E	R	K	N	Q	S	T	A	V	L	I	F	Y	W	H	M	C	P
0	0.01137	0.04723	0.01200	0.01043	0.01156	0.01009	0.00770	0.04936	0.01246	0.01716	0.04354	0.11467	0.02307	0.26486	0.27319	0.00680	0.06482	0.00937	0.00434	0.00597
1	0.80789	0.01323	0.01006	0.00900	0.01323	0.01535	0.00741	0.02011	0.01164	0.03070	0.00953	0.01111	0.00741	0.00635	0.00423	0.00212	0.00529	0.00370	0.00423	0.00741
2	0.00979	0.00725	0.01058	0.01058	0.01166	0.00833	0.00803	0.01195	0.01087	0.01557	0.01871	0.02899	0.01802	0.13476	0.65025	0.01048	0.01695	0.00764	0.00372	0.00588
3	0.00822	0.00694	0.00711	0.00707	0.00932	0.00583	0.00530	0.01007	0.01590	0.01922	0.12224	0.06463	0.66072	0.01705	0.00808	0.00230	0.00345	0.01427	0.00645	0.00583
4	0.00985	0.00702	0.00941	0.00941	0.01009	0.00769	0.00658	0.01120	0.01053	0.01471	0.01977	0.03490	0.02059	0.36871	0.41982	0.00904	0.01309	0.00850	0.00388	0.00523
5	0.80789	0.01323	0.01006	0.00900	0.01323	0.01535	0.00741	0.02011	0.01164	0.03070	0.00953	0.01111	0.00741	0.00635	0.00423	0.00212	0.00529	0.00370	0.00423	0.00741
6	0.02556	0.03261	0.01939	0.01763	0.02115	0.73210	0.01322	0.02732	0.01939	0.01674	0.01058	0.01234	0.00881	0.00705	0.00617	0.00176	0.01234	0.00441	0.00353	0.00793
7	0.00884	0.00692	0.00773	0.00755	0.00936	0.00610	0.00549	0.01086	0.01618	0.02084	0.27752	0.05846	0.41720	0.10368	0.01123	0.00277	0.00376	0.01322	0.00648	0.00581
8	0.01922	0.01579	0.01671	0.01437	0.01863	0.01805	0.01136	0.19786	0.53942	0.03218	0.02504	0.02329	0.01861	0.00902	0.00693	0.00225	0.00593	0.00735	0.00693	0.01103
9	0.15290	0.01621	0.01713	0.01356	0.01854	0.01761	0.01113	0.41287	0.06952	0.13474	0.02026	0.01967	0.04859	0.00848	0.00649	0.00210	0.00658	0.00639	0.00663	0.01059
10	0.01689	0.17485	0.02458	0.14788	0.23635	0.05581	0.01550	0.04392	0.10840	0.02117	0.01420	0.01699	0.01156	0.00825	0.03163	0.00224	0.00816	0.00564	0.00388	0.05210

[dist]
# distance from previous block
# <min> <max>
0	1

[block]
# block no. 2 follows, 31 sequences, length 25
# corresponding to MSA columns:
# 193-217
name=unknown_C
#
# <colnr> <probs for GDERKNQSTAVLIFYWHMCP>
#	G	D	E	R	K	N	Q	S	T	A	V	L	I	F	Y	W	H	M	C	P
0	0.04641	0.13572	0.02180	0.03942	0.02001	0.09451	0.07784	0.13326	0.13832	0.02458	0.06203	0.03536	0.01684	0.05213	0.00947	0.00237	0.06933	0.00683	0.00489	0.00888
1	0.02098	0.07252	0.06932	0.01676	0.04694	0.38075	0.01328	0.02571	0.10496	0.04201	0.05221	0.01697	0.01383	0.00772	0.00700	0.00190	0.04271	0.00546	0.00426	0.05471
2	0.01146	0.00817	0.01003	0.01055	0.05032	0.00842	0.00638	0.06133	0.01239	0.01680	0.03954	0.06458	0.02406	0.54043	0.10210	0.00622	0.00782	0.00958	0.00442	0.00540
3	0.01958	0.10239	0.02026	0.01609	0.08363	0.01754	0.01205	0.23696	0.14724	0.05658	0.06188	0.01964	0.01622	0.00803	0.00706	0.00193	0.03781	0.00627	0.00563	0.12320
4	0.01465	0.04620	0.02045	0.04046	0.01989	0.04638	0.17607	0.01804	0.01611	0.07901	0.23227	0.03011	0.02882	0.04163	0.10173	0.00349	0.06316	0.00869	0.00512	0.00772
5	0.01568	0.01411	0.01529	0.01243	0.04177	0.06376	0.00941	0.04990	0.07318	0.02305	0.01387	0.01581	0.01136	0.00796	0.04029	0.00174	0.00649	0.00471	0.00434	0.57484
6	0.00943	0.00705	0.00805	0.00785	0.00990	0.00614	0.00586	0.01165	0.01680	0.04647	0.27692	0.10681	0.43015	0.01620	0.00808	0.00228	0.00351	0.01383	0.00681	0.00619
7	0.01760	0.01498	0.01580	0.01404	0.01801	0.01729	0.01097	0.07884	0.66110	0.02956	0.02711	0.02494	0.02029	0.00921	0.00695	0.00230	0.00555	0.00763	0.00695	0.01088
8	0.00878	0.00617	0.00794	0.00918	0.00953	0.00587	0.00602	0.00977	0.01250	0.01665	0.03412	0.57697	0.04059	0.18293	0.01447	0.00363	0.00463	0.03912	0.00587	0.00527
9	0.02626	0.01066	0.01446	0.01142	0.01594	0.00930	0.00930	0.02903	0.01954	0.57512	0.17183	0.02916	0.02699	0.00963	0.00713	0.00212	0.00527	0.00804	0.00827	0.01055
10	0.00959	0.00699	0.00902	0.00851	0.01016	0.00642	0.00638	0.01273	0.01915	0.02691	0.67579	0.05196	0.10237	0.01418	0.00807	0.00216	0.00324	0.01249	0.00746	0.00642
11	0.00834	0.00595	0.00794	0.00953	0.00992	0.00556	0.00635	0.00953	0.01310	0.01746	0.03771	0.75510	0.04525	0.02143	0.00873	0.00278	0.00397	0.01945	0.00635	0.00556
12	0.01799	0.70037	0.06899	0.01273	0.01883	0.02616	0.03831	0.02060	0.01401	0.01658	0.00981	0.01143	0.00884	0.00588	0.00463	0.00153	0.00761	0.00389	0.00295	0.00886
13	0.01412	0.01339	0.02269	0.53306	0.24779	0.01552	0.01960	0.01853	0.01425	0.01894	0.01237	0.01785	0.00963	0.00662	0.00682	0.00221	0.00882	0.00608	0.00314	0.00857
14	0.26108	0.01482	0.01565	0.09145	0.01968	0.04105	0.01130	0.18438	0.06864	0.02911	0.05954	0.05079	0.01525	0.00896	0.00812	0.00226	0.09784	0.00643	0.00507	0.00860
15	0.01579	0.01361	0.01632	0.01448	0.01622	0.06213	0.01156	0.04096	0.13606	0.06470	0.01685	0.02176	0.01454	0.05680	0.20115	0.00495	0.27289	0.00679	0.00443	0.00799
16	0.00995	0.00663	0.00746	0.00746	0.00746	0.00663	0.00415	0.00995	0.00995	0.01327	0.02156	0.04477	0.02487	0.75957	0.03482	0.00663	0.00663	0.00995	0.00415	0.00415
17	0.00859	0.00623	0.00812	0.00918	0.00994	0.00575	0.00630	0.01023	0.01453	0.01956	0.17741	0.56943	0.09004	0.01966	0.00856	0.00262	0.00379	0.01770	0.00659	0.00575
18	0.01490	0.20226	0.49873	0.01755	0.02573	0.01895	0.02117	0.02091	0.01395	0.01989	0.01133	0.01369	0.00872	0.00686	0.00751	0.00208	0.07850	0.00482	0.00291	0.00956
19	0.00983	0.00712	0.00993	0.00993	0.01079	0.00797	0.00723	0.01153	0.01068	0.01509	0.01930	0.03226	0.01944	0.26436	0.52260	0.00968	0.01481	0.00812	0.00381	0.00552
20	0.00977	0.00733	0.01100	0.01100	0.01222	0.00855	0.00855	0.01222	0.01100	0.01588	0.01833	0.02688	0.01710	0.05131	0.73245	0.01100	0.01833	0.00733	0.00367	0.00611
21	0.43544	0.01496	0.01707	0.01657	0.11405	0.01650	0.05587	0.13321	0.01633	0.07202	0.01245	0.01419	0.00942	0.00695	0.00620	0.00214	0.03793	0.00502	0.00470	0.00897
22	0.02558	0.03186	0.01945	0.01752	0.02115	0.69289	0.01321	0.06409	0.02009	0.01820	0.01090	0.01256	0.00897	0.00711	0.00621	0.00178	0.01207	0.00450	0.00371	0.00814
23	0.01292	0.01216	0.02052	0.74312	0.04712	0.01520	0.01900	0.01748	0.01368	0.01748	0.01216	0.01824	0.00912	0.00684	0.00684	0.00228	0.00912	0.00608	0.00304	0.00760
24	0.02006	0.08749	0.01855	0.01408	0.01819	0.11106	0.01132	0.23639	0.23974	0.02940	0.06552	0.02391	0.01897	0.04270	0.00799	0.00229	0.00710	0.02948	0.00599	0.00977

[dist]
# distance from previous block
# <min> <max>
0	2

[block]
# block no. 3 follows, 31 sequences, length 22
# corresponding to MSA columns:
# 220-241
name=unknown_D
#
# <colnr> <probs for GDERKNQSTAVLIFYWHMCP>
#	G	D	E	R	K	N	Q	S	T	A	V	L	I	F	Y	W	H	M	C	P
0	0.01130	0.04656	0.01243	0.01065	0.01270	0.07015	0.03270	0.01348	0.01566	0.01988	0.19096	0.16526	0.24613	0.01725	0.05480	0.00286	0.05281	0.01223	0.00572	0.00647
1	0.01557	0.01097	0.03132	0.17211	0.02060	0.04223	0.01054	0.01822	0.01495	0.16736	0.08738	0.03253	0.09430	0.13897	0.10945	0.00410	0.00828	0.00841	0.00524	0.00747
2	0.05046	0.44572	0.02850	0.01377	0.01882	0.23785	0.01212	0.08636	0.01720	0.01939	0.01049	0.01191	0.00901	0.00645	0.00515	0.00163	0.00877	0.00412	0.00353	0.00874
3	0.01553	0.01502	0.02572	0.25608	0.43230	0.01628	0.05320	0.01967	0.01470	0.02045	0.01245	0.01729	0.01017	0.00668	0.00785	0.00218	0.05544	0.00618	0.00326	0.00955
4	0.01782	0.14502	0.33910	0.05443	0.04303	0.12312	0.01894	0.10716	0.01714	0.02236	0.01198	0.01412	0.00917	0.00695	0.00690	0.00202	0.04267	0.00500	0.00351	0.00955
5	0.01409	0.01317	0.08605	0.04027	0.10978	0.01138	0.04264	0.01946	0.10212	0.08500	0.13230	0.18305	0.06452	0.01233	0.00809	0.00236	0.02912	0.03019	0.00572	0.00838
6	0.03070	0.01164	0.01588	0.01217	0.01746	0.01006	0.01006	0.03334	0.01958	0.72163	0.02699	0.02329	0.01694	0.00847	0.00688	0.00212	0.00582	0.00688	0.00847	0.01164
7	0.01275	0.00638	0.00638	0.00638	0.00797	0.00638	0.00478	0.01594	0.01435	0.02551	0.02232	0.02551	0.01754	0.00797	0.00478	0.00159	0.00319	0.00638	0.79755	0.00638
8	0.01953	0.01699	0.02557	0.08582	0.11681	0.06793	0.21299	0.09880	0.12511	0.11171	0.01805	0.02092	0.01361	0.00751	0.00724	0.00220	0.00869	0.02554	0.00504	0.00993
9	0.04115	0.01078	0.01654	0.25611	0.06540	0.01269	0.03162	0.01511	0.01336	0.01877	0.06062	0.19785	0.02249	0.01492	0.06127	0.00312	0.11923	0.02755	0.00430	0.00711
10	0.01102	0.00787	0.01102	0.01260	0.01417	0.00787	0.01102	0.01417	0.01575	0.02047	0.03622	0.07717	0.03937	0.01890	0.00945	0.00315	0.00630	0.67084	0.00630	0.00630
11	0.00995	0.00663	0.00746	0.00746	0.00746	0.00663	0.00415	0.00995	0.00995	0.01327	0.02156	0.04477	0.02487	0.75957	0.03482	0.00663	0.00663	0.00995	0.00415	0.00415
12	0.05666	0.14194	0.07816	0.01955	0.12139	0.11718	0.07455	0.13903	0.01889	0.10912	0.01418	0.01555	0.01070	0.00680	0.00622	0.00190	0.00837	0.00546	0.00458	0.04976
13	0.01764	0.01741	0.02283	0.16185	0.26586	0.11768	0.05073	0.02417	0.14245	0.04104	0.01537	0.01824	0.01211	0.00738	0.00780	0.00217	0.05535	0.00627	0.00412	0.00955
14	0.00827	0.00620	0.00768	0.00887	0.00975	0.00561	0.00606	0.00960	0.01373	0.01772	0.04569	0.58088	0.21431	0.02040	0.00857	0.00266	0.00384	0.01818	0.00635	0.00561
15	0.04458	0.12231	0.02705	0.02178	0.10807	0.27386	0.16993	0.07710	0.05199	0.02161	0.01274	0.01506	0.01019	0.00666	0.00648	0.00194	0.01004	0.00564	0.00387	0.00911
16	0.01551	0.01458	0.04301	0.04727	0.13047	0.01469	0.14156	0.04162	0.13472	0.04589	0.08989	0.02346	0.01877	0.03024	0.05649	0.00289	0.07746	0.00745	0.00474	0.05929
17	0.01492	0.01186	0.01381	0.01315	0.04980	0.01266	0.00963	0.18206	0.12890	0.02728	0.12944	0.15147	0.16357	0.01319	0.00835	0.00232	0.04170	0.01104	0.00642	0.00840
18	0.02642	0.01281	0.01591	0.01243	0.01728	0.01223	0.01018	0.19198	0.02239	0.45488	0.08250	0.02655	0.06367	0.00941	0.00704	0.00212	0.00588	0.00763	0.00786	0.01085
19	0.00981	0.00720	0.01036	0.01036	0.01136	0.00821	0.00776	0.01181	0.01081	0.01541	0.01891	0.03010	0.01850	0.17890	0.60678	0.01021	0.01622	0.00780	0.00375	0.00575
20	0.01886	0.58508	0.06675	0.01316	0.01866	0.08573	0.01276	0.05350	0.01507	0.01776	0.01004	0.01176	0.00893	0.00647	0.00584	0.00164	0.05194	0.00405	0.00317	0.00883
21	0.01687	0.01497	0.06011	0.04803	0.01884	0.04789	0.01121	0.17640	0.01951	0.04959	0.09446	0.06206	0.02117	0.00937	0.00673	0.00189	0.00641	0.07363	0.00543	0.25542

[dist]
# distance from previous block
# <min> <max>
0	1

[block]
# block no. 4 follows, 31 sequences, length 6
# corresponding to MSA columns:
# 243-248
name=unknown_E
#
# <colnr> <probs for GDERKNQSTAVLIFYWHMCP>
#	G	D	E	R	K	N	Q	S	T	A	V	L	I	F	Y	W	H	M	C	P
0	0.01275	0.00638	0.00638	0.00638	0.00797	0.00638	0.00478	0.01594	0.01435	0.02551	0.02232	0.02551	0.01754	0.00797	0.00478	0.00159	0.00319	0.00638	0.79755	0.00638
1	0.02227	0.02568	0.01775	0.01600	0.01927	0.49544	0.01221	0.10266	0.01912	0.01967	0.01290	0.01589	0.01090	0.01654	0.15976	0.00375	0.01304	0.00523	0.00395	0.00798
2	0.01831	0.18303	0.11430	0.07667	0.13198	0.01676	0.01470	0.05922	0.04880	0.11319	0.01461	0.01612	0.01115	0.00655	0.00594	0.00179	0.00728	0.00524	0.00433	0.15003
3	0.13940	0.10898	0.12272	0.06770	0.11177	0.05493	0.06628	0.02118	0.04117	0.04914	0.01316	0.01605	0.01047	0.00862	0.03191	0.00240	0.07842	0.00548	0.04140	0.00880
4	0.67821	0.01297	0.01103	0.00953	0.01394	0.01446	0.00785	0.02232	0.01297	0.14599	0.01244	0.01314	0.00900	0.00670	0.00468	0.00212	0.00538	0.00423	0.00494	0.00812
5	0.01542	0.02164	0.20357	0.06223	0.19792	0.06658	0.20696	0.02053	0.01550	0.02096	0.01700	0.05660	0.04838	0.00758	0.00720	0.00219	0.00947	0.00738	0.00358	0.00930

[dist]
# distance from previous block
# <min> <max>
0	1

[block]
# block no. 5 follows, 31 sequences, length 64
# corresponding to MSA columns:
# 250-313
name=unknown_F
#
# <colnr> <probs for GDERKNQSTAVLIFYWHMCP>
#	G	D	E	R	K	N	Q	S	T	A	V	L	I	F	Y	W	H	M	C	P
0	0.01829	0.76368	0.03585	0.01171	0.01756	0.02707	0.01171	0.02049	0.01390	0.01610	0.00951	0.01097	0.00878	0.00585	0.00439	0.00146	0.00732	0.00366	0.00293	0.00878
1	0.00969	0.00685	0.00900	0.00918	0.00973	0.00731	0.00624	0.01085	0.01075	0.01484	0.02204	0.11809	0.02394	0.37880	0.32419	0.00802	0.01123	0.00993	0.00420	0.00513
2	0.00857	0.00612	0.00790	0.00915	0.00964	0.00573	0.00607	0.00974	0.01315	0.01751	0.06874	0.61606	0.07131	0.10194	0.01154	0.00315	0.00421	0.01787	0.00616	0.00545
3	0.01292	0.01216	0.02052	0.74312	0.04712	0.01520	0.01900	0.01748	0.01368	0.01748	0.01216	0.01824	0.00912	0.00684	0.00684	0.00228	0.00912	0.00608	0.00304	0.00760
4	0.01383	0.01314	0.02192	0.55632	0.17117	0.01583	0.01907	0.01807	0.01380	0.01832	0.01205	0.01775	0.00943	0.00709	0.00800	0.00229	0.06454	0.00608	0.00310	0.00820
5	0.00908	0.00697	0.00831	0.00798	0.00985	0.00620	0.00598	0.01175	0.01794	0.02406	0.47057	0.05666	0.30937	0.01525	0.00808	0.00221	0.00332	0.01315	0.00709	0.00620
6	0.01419	0.01216	0.01419	0.01013	0.01621	0.00912	0.00811	0.01723	0.01419	0.02229	0.01216	0.01419	0.01013	0.00507	0.00507	0.00101	0.00507	0.00405	0.00405	0.80139
7	0.01275	0.00638	0.00638	0.00638	0.00797	0.00638	0.00478	0.01594	0.01435	0.02551	0.02232	0.02551	0.01754	0.00797	0.00478	0.00159	0.00319	0.00638	0.79755	0.00638
8	0.01466	0.01431	0.05744	0.01418	0.06577	0.01103	0.04950	0.01937	0.06361	0.02269	0.01343	0.01544	0.01088	0.00556	0.00557	0.00132	0.00596	0.00474	0.00411	0.60041
9	0.01573	0.01572	0.07544	0.14136	0.28747	0.04066	0.01644	0.05227	0.03435	0.04521	0.04046	0.09164	0.01660	0.04205	0.00863	0.00236	0.02835	0.00765	0.00421	0.03341
10	0.65576	0.05191	0.01271	0.01031	0.01460	0.09109	0.00845	0.04849	0.01340	0.02904	0.00992	0.01145	0.00780	0.00648	0.00455	0.00205	0.00622	0.00388	0.00420	0.00770
11	0.07380	0.01992	0.13508	0.03129	0.35978	0.03600	0.15879	0.04247	0.01572	0.02310	0.01268	0.01625	0.01008	0.00636	0.00724	0.00214	0.02969	0.00613	0.00349	0.01000
12	0.00848	0.00606	0.00807	0.00943	0.00995	0.00565	0.00636	0.00988	0.01376	0.01852	0.10902	0.68079	0.04729	0.02065	0.00866	0.00271	0.00389	0.01870	0.00648	0.00565
13	0.01275	0.00638	0.00638	0.00638	0.00797	0.00638	0.00478	0.01594	0.01435	0.02551	0.02232	0.02551	0.01754	0.00797	0.00478	0.00159	0.00319	0.00638	0.79755	0.00638
14	0.01392	0.04148	0.09583	0.01180	0.01667	0.01066	0.04398	0.06088	0.01714	0.05652	0.18255	0.03162	0.13597	0.00967	0.00673	0.00182	0.00557	0.00820	0.00540	0.24361
15	0.01887	0.70577	0.03455	0.01218	0.01784	0.08292	0.01183	0.02103	0.01434	0.01615	0.00960	0.01108	0.00878	0.00595	0.00453	0.00149	0.00771	0.00372	0.00297	0.00871
16	0.01372	0.03539	0.72412	0.01950	0.02961	0.01589	0.02528	0.02167	0.01444	0.02167	0.01228	0.01444	0.00867	0.00650	0.00650	0.00217	0.01011	0.00506	0.00289	0.01011
17	0.01829	0.68367	0.03357	0.01190	0.01741	0.06727	0.01154	0.02051	0.01449	0.01669	0.04424	0.01303	0.01153	0.00632	0.00468	0.00151	0.00741	0.00413	0.00319	0.00862
18	0.02189	0.01737	0.04269	0.01801	0.11042	0.08641	0.01301	0.18813	0.19598	0.15649	0.02133	0.06278	0.01644	0.00885	0.00690	0.00215	0.00711	0.00725	0.00623	0.01055
19	0.01429	0.04862	0.01521	0.01049	0.01600	0.00986	0.02899	0.01724	0.01481	0.04787	0.05187	0.02101	0.07726	0.00681	0.00561	0.00129	0.00517	0.00561	0.00452	0.59745
20	0.08818	0.01345	0.05869	0.01205	0.01500	0.03364	0.00980	0.20219	0.04753	0.04265	0.01403	0.01835	0.01166	0.01527	0.01593	0.37761	0.00675	0.00581	0.00449	0.00694
21	0.02471	0.03129	0.01882	0.01723	0.02060	0.69631	0.01288	0.02644	0.01908	0.01678	0.01191	0.04892	0.01061	0.00776	0.00630	0.00181	0.01193	0.00515	0.00366	0.00781
22	0.00949	0.00699	0.00888	0.00841	0.01010	0.00637	0.00631	0.01254	0.01892	0.02638	0.63715	0.05285	0.14134	0.01438	0.00807	0.00217	0.00326	0.01262	0.00739	0.00637
23	0.00929	0.00698	0.00860	0.00819	0.00998	0.00629	0.00614	0.01215	0.01843	0.02522	0.55404	0.05475	0.22517	0.01481	0.00807	0.00219	0.00329	0.01288	0.00724	0.00629
24	0.01817	0.01516	0.02214	0.02851	0.40671	0.04021	0.01579	0.04413	0.01657	0.09992	0.04299	0.01824	0.01350	0.00656	0.00644	0.00181	0.00713	0.00593	0.00438	0.18573
25	0.53166	0.01765	0.06255	0.01356	0.04190	0.10583	0.04233	0.02097	0.01307	0.02657	0.01012	0.01233	0.00805	0.00683	0.00626	0.00215	0.06207	0.00434	0.00389	0.00787
26	0.01988	0.01996	0.02077	0.01744	0.01998	0.19377	0.04527	0.17790	0.01803	0.02300	0.01191	0.01556	0.01012	0.01200	0.05742	0.00293	0.31559	0.00582	0.00409	0.00856
27	0.01615	0.01845	0.04037	0.02884	0.03576	0.01730	0.69204	0.02191	0.01615	0.02191	0.01384	0.01845	0.01038	0.00577	0.00807	0.00231	0.01153	0.00807	0.00346	0.00923
28	0.00995	0.00663	0.00746	0.00746	0.00746	0.00663	0.00415	0.00995	0.00995	0.01327	0.02156	0.04477	0.02487	0.75957	0.03482	0.00663	0.00663	0.00995	0.00415	0.00415
29	0.01702	0.01470	0.01547	0.01392	0.01779	0.01702	0.01083	0.03635	0.70453	0.02862	0.02785	0.02553	0.02088	0.00928	0.00696	0.00232	0.00541	0.00773	0.00696	0.01083
30	0.00981	0.00718	0.01025	0.01025	0.01122	0.00815	0.00762	0.01174	0.01077	0.01533	0.01901	0.03065	0.01874	0.20048	0.58552	0.01008	0.01586	0.00788	0.00377	0.00569
31	0.01198	0.00921	0.01090	0.04234	0.01337	0.03372	0.00784	0.01700	0.09931	0.05346	0.51414	0.04500	0.08927	0.01284	0.00777	0.00217	0.00418	0.01117	0.00709	0.00724
32	0.00815	0.00693	0.00702	0.00700	0.00928	0.00580	0.00525	0.00994	0.01574	0.01883	0.09455	0.06526	0.68865	0.01720	0.00809	0.00230	0.00346	0.01436	0.00640	0.00580
33	0.01884	0.04264	0.08524	0.12070	0.08213	0.07198	0.25410	0.19151	0.01986	0.02612	0.01369	0.01679	0.01026	0.00671	0.00712	0.00214	0.00976	0.00652	0.00420	0.00970
34	0.01781	0.50626	0.09975	0.01310	0.01848	0.12410	0.01272	0.02042	0.01465	0.01689	0.01292	0.09015	0.01263	0.00773	0.00531	0.00172	0.00796	0.00557	0.00337	0.00845
35	0.01184	0.03724	0.08816	0.01188	0.01496	0.00994	0.05536	0.03890	0.04138	0.02029	0.09579	0.17879	0.07637	0.16941	0.01325	0.00318	0.00610	0.04816	0.00517	0.07383
36	0.07940	0.01635	0.01680	0.07442	0.04894	0.15779	0.03385	0.10845	0.04957	0.13574	0.01668	0.02116	0.01344	0.05409	0.01106	0.11408	0.00793	0.02700	0.00496	0.00828
37	0.01493	0.02109	0.19200	0.05156	0.03263	0.01599	0.45801	0.02093	0.01594	0.02216	0.07245	0.02029	0.01452	0.00667	0.00767	0.00226	0.01042	0.00768	0.00366	0.00913
38	0.01419	0.01216	0.01419	0.01013	0.01621	0.00912	0.00811	0.01723	0.01419	0.02229	0.01216	0.01419	0.01013	0.00507	0.00507	0.00101	0.00507	0.00405	0.00405	0.80139
39	0.01455	0.01303	0.02052	0.65257	0.04389	0.01595	0.01825	0.10171	0.01598	0.02067	0.01269	0.01801	0.00943	0.00701	0.00684	0.00225	0.00892	0.00609	0.00351	0.00810
40	0.01074	0.00725	0.00811	0.00787	0.00814	0.00735	0.00458	0.04365	0.01104	0.01474	0.02130	0.04337	0.02422	0.72256	0.03344	0.00641	0.00668	0.00976	0.00428	0.00451
41	0.01188	0.00594	0.00891	0.00891	0.00891	0.00594	0.00594	0.00891	0.00891	0.01188	0.01188	0.02080	0.01188	0.02377	0.02674	0.80095	0.00594	0.00594	0.00297	0.00297
42	0.00977	0.00733	0.01100	0.01100	0.01222	0.00855	0.00855	0.01222	0.01100	0.01588	0.01833	0.02688	0.01710	0.05131	0.73245	0.01100	0.01833	0.00733	0.00367	0.00611
43	0.00934	0.00703	0.00874	0.00895	0.01063	0.00643	0.00692	0.01194	0.01703	0.02267	0.34274	0.12933	0.24089	0.01655	0.00839	0.00244	0.00392	0.13303	0.00686	0.00615
44	0.02681	0.01787	0.01973	0.01513	0.02057	0.01930	0.01250	0.58056	0.03000	0.15969	0.01824	0.01760	0.01255	0.00826	0.00685	0.00206	0.00724	0.00628	0.00712	0.01164
45	0.00927	0.00666	0.00889	0.01033	0.01120	0.00637	0.00775	0.01109	0.01398	0.01835	0.03820	0.47133	0.07602	0.04767	0.00990	0.00302	0.00481	0.23316	0.00625	0.00576
46	0.01002	0.00735	0.00944	0.00885	0.01057	0.00695	0.00666	0.01400	0.05133	0.02749	0.68131	0.04991	0.06252	0.01377	0.00802	0.00216	0.00333	0.01216	0.00750	0.00666
47	0.03008	0.01264	0.01649	0.01264	0.01796	0.01153	0.01044	0.12052	0.02124	0.63211	0.02560	0.02238	0.01624	0.00843	0.00688	0.00211	0.00605	0.00678	0.00825	0.01164
48	0.01275	0.00638	0.00638	0.00638	0.00797	0.00638	0.00478	0.01594	0.01435	0.02551	0.02232	0.02551	0.01754	0.00797	0.00478	0.00159	0.00319	0.00638	0.79755	0.00638
49	0.00977	0.00733	0.01100	0.01100	0.01222	0.00855	0.00855	0.01222	0.01100	0.01588	0.01833	0.02688	0.01710	0.05131	0.73245	0.01100	0.01833	0.00733	0.00367	0.00611
50	0.01310	0.01271	0.02218	0.45665	0.03742	0.01499	0.12450	0.01709	0.01364	0.01807	0.01523	0.10915	0.01378	0.00905	0.00903	0.00243	0.09182	0.00804	0.00351	0.00759
51	0.02453	0.09097	0.04811	0.01716	0.02119	0.62264	0.01356	0.05001	0.01920	0.01781	0.01076	0.01245	0.00890	0.00697	0.00606	0.00176	0.01168	0.00443	0.00357	0.00821
52	0.01676	0.01747	0.10690	0.13085	0.06922	0.06399	0.06040	0.07409	0.15831	0.06222	0.04163	0.04716	0.03571	0.00886	0.00704	0.00220	0.00769	0.03986	0.00503	0.04462
53	0.01914	0.01699	0.06631	0.01586	0.05046	0.01749	0.01270	0.16839	0.46243	0.05771	0.02374	0.02243	0.01755	0.00870	0.00689	0.00223	0.00631	0.00712	0.00655	0.01097
54	0.01739	0.01488	0.01568	0.01400	0.01793	0.01719	0.01092	0.06400	0.67626	0.02923	0.02737	0.02514	0.02050	0.00924	0.00696	0.00231	0.00550	0.00767	0.00696	0.01086
55	0.01275	0.00638	0.00638	0.00638	0.00797	0.00638	0.00478	0.01594	0.01435	0.02551	0.02232	0.02551	0.01754	0.00797	0.00478	0.00159	0.00319	0.00638	0.79755	0.00638
56	0.01611	0.04666	0.20548	0.04701	0.17855	0.01714	0.29096	0.04810	0.04070	0.02270	0.01366	0.01705	0.01039	0.00627	0.00716	0.00217	0.00987	0.00661	0.00353	0.00988
57	0.01188	0.00594	0.00891	0.00891	0.00891	0.00594	0.00594	0.00891	0.00891	0.01188	0.01188	0.02080	0.01188	0.02377	0.02674	0.80095	0.00594	0.00594	0.00297	0.00297
58	0.01474	0.02064	0.21004	0.05084	0.05494	0.01885	0.07490	0.01855	0.01237	0.01861	0.01057	0.01535	0.00910	0.00952	0.01565	0.00264	0.42527	0.00592	0.00302	0.00848
59	0.01674	0.01213	0.01709	0.01480	0.01624	0.01520	0.01214	0.01874	0.01250	0.16170	0.01533	0.02005	0.01291	0.02236	0.21976	0.00507	0.38840	0.00655	0.00431	0.00795
60	0.01071	0.00852	0.01204	0.01182	0.01309	0.01007	0.00934	0.01398	0.05073	0.01716	0.02168	0.06298	0.04133	0.03997	0.50757	0.00844	0.09260	0.05733	0.00418	0.00650
61	0.01815	0.38018	0.18969	0.01534	0.04166	0.04770	0.02971	0.06362	0.06116	0.04806	0.01279	0.01405	0.01019	0.00650	0.00553	0.00177	0.00801	0.00474	0.00373	0.03744
62	0.12884	0.01683	0.09045	0.03826	0.15142	0.03716	0.05022	0.07224	0.08051	0.02405	0.01425	0.01740	0.01155	0.01249	0.09444	0.00317	0.07235	0.00583	0.00411	0.07441
63	0.01653	0.10729	0.07749	0.07616	0.02067	0.03935	0.05047	0.07817	0.01571	0.09427	0.02062	0.17032	0.04362	0.01128	0.00988	0.00235	0.14384	0.00889	0.00476	0.00833

[dist]
# distance from previous block
# <min> <max>
0	12

[block]
# block no. 6 follows, 31 sequences, length 16
# corresponding to MSA columns:
# 326-341
name=unknown_G
#
# <colnr> <probs for GDERKNQSTAVLIFYWHMCP>
#	G	D	E	R	K	N	Q	S	T	A	V	L	I	F	Y	W	H	M	C	P
0	0.01618	0.14570	0.02116	0.11834	0.02218	0.07728	0.07341	0.04419	0.06668	0.04838	0.01825	0.05080	0.04763	0.05074	0.05440	0.00276	0.03056	0.00685	0.00426	0.10025
1	0.01561	0.02274	0.30440	0.07045	0.07575	0.01531	0.05759	0.05460	0.15656	0.04773	0.04270	0.02017	0.02886	0.00759	0.00677	0.00214	0.00810	0.00645	0.00447	0.05200
2	0.00836	0.00635	0.00771	0.00861	0.00972	0.00570	0.00598	0.00989	0.01441	0.01859	0.10173	0.47486	0.26439	0.01951	0.00847	0.00258	0.00375	0.01726	0.00645	0.00570
3	0.01867	0.15396	0.18679	0.01794	0.02316	0.23641	0.07766	0.02306	0.04687	0.01874	0.01162	0.01416	0.00949	0.00748	0.00871	0.00207	0.12596	0.00516	0.00334	0.00876
4	0.00978	0.00729	0.01079	0.01079	0.01194	0.00844	0.00829	0.01208	0.01093	0.01573	0.01851	0.02793	0.01756	0.09285	0.69153	0.01074	0.01764	0.00748	0.00369	0.00599
5	0.01781	0.65639	0.03372	0.01260	0.01762	0.02619	0.01217	0.01991	0.01341	0.01615	0.00944	0.01155	0.00881	0.00673	0.00698	0.00168	0.11332	0.00399	0.00294	0.00859
6	0.00838	0.00674	0.00727	0.00750	0.00924	0.00585	0.00536	0.00995	0.01486	0.01831	0.09386	0.17860	0.50468	0.08556	0.01063	0.00277	0.00383	0.01476	0.00621	0.00563
7	0.01360	0.01396	0.11639	0.01394	0.01631	0.04373	0.06694	0.01474	0.03467	0.01570	0.01251	0.01899	0.01134	0.01835	0.05479	0.41272	0.10632	0.00606	0.00320	0.00575
8	0.00856	0.00610	0.00806	0.00934	0.00986	0.00570	0.00627	0.00993	0.01369	0.01844	0.11489	0.64493	0.04664	0.05076	0.00972	0.00286	0.00399	0.01825	0.00640	0.00560
9	0.00961	0.00699	0.00904	0.00853	0.01018	0.00642	0.00640	0.01277	0.01919	0.02703	0.68401	0.05177	0.09408	0.01414	0.00807	0.00216	0.00324	0.01247	0.00748	0.00642
10	0.02556	0.03261	0.01939	0.01763	0.02115	0.73210	0.01322	0.02732	0.01939	0.01674	0.01058	0.01234	0.00881	0.00705	0.00617	0.00176	0.01234	0.00441	0.00353	0.00793
11	0.67955	0.01256	0.01017	0.00923	0.01311	0.01440	0.00747	0.01998	0.04630	0.02986	0.06412	0.04254	0.01376	0.00763	0.00482	0.00215	0.00509	0.00514	0.00469	0.00744
12	0.02169	0.02426	0.02012	0.01750	0.01998	0.37264	0.01384	0.11325	0.01781	0.02020	0.01077	0.01386	0.00926	0.00903	0.01229	0.00226	0.28397	0.00523	0.00378	0.00827
13	0.01419	0.01216	0.01419	0.01013	0.01621	0.00912	0.00811	0.01723	0.01419	0.02229	0.01216	0.01419	0.01013	0.00507	0.00507	0.00101	0.00507	0.00405	0.00405	0.80139
14	0.02466	0.02926	0.01824	0.01647	0.02003	0.62832	0.01241	0.02648	0.01913	0.06703	0.01598	0.01698	0.06028	0.00789	0.00636	0.00183	0.01123	0.00531	0.00408	0.00804
15	0.01813	0.05132	0.01827	0.10216	0.12053	0.20072	0.01283	0.02331	0.11577	0.07381	0.10619	0.05749	0.05226	0.00925	0.00686	0.00207	0.00773	0.00761	0.00504	0.00865

[dist]
# distance from previous block
# <min> <max>
5	9

[block]
# block no. 7 follows, 31 sequences, length 87
# corresponding to MSA columns:
# 352-426,431-442
name=unknown_H
#
# <colnr> <probs for GDERKNQSTAVLIFYWHMCP>
#	G	D	E	R	K	N	Q	S	T	A	V	L	I	F	Y	W	H	M	C	P
0	0.01346	0.01205	0.04658	0.01181	0.01480	0.01191	0.00944	0.06061	0.30410	0.02579	0.16546	0.18219	0.08728	0.01312	0.00760	0.00236	0.00489	0.01135	0.00670	0.00851
1	0.00981	0.00719	0.01030	0.01030	0.01128	0.00817	0.00768	0.01177	0.01079	0.01537	0.01896	0.03040	0.01863	0.19075	0.59511	0.01014	0.01602	0.00785	0.00376	0.00572
2	0.01576	0.01885	0.08057	0.02607	0.03181	0.01794	0.51412	0.02081	0.01491	0.02081	0.01277	0.01750	0.00999	0.00705	0.01084	0.00243	0.15803	0.00746	0.00333	0.00894
3	0.00993	0.00671	0.00783	0.00783	0.00796	0.00683	0.00460	0.01018	0.01006	0.01354	0.02122	0.04291	0.02407	0.68608	0.10720	0.00709	0.00785	0.00968	0.00410	0.00435
4	0.02555	0.01889	0.02029	0.01553	0.02102	0.02075	0.01281	0.66801	0.03147	0.04231	0.01626	0.01634	0.01158	0.00809	0.00678	0.00201	0.00743	0.00608	0.00674	0.04205
5	0.00988	0.00692	0.00893	0.00893	0.00943	0.00743	0.00597	0.01089	0.01038	0.01435	0.02022	0.03735	0.02165	0.46583	0.32415	0.00844	0.01148	0.00886	0.00395	0.00496
6	0.01829	0.76368	0.03585	0.01171	0.01756	0.02707	0.01171	0.02049	0.01390	0.01610	0.00951	0.01097	0.00878	0.00585	0.00439	0.00146	0.00732	0.00366	0.00293	0.00878
7	0.01447	0.01460	0.02673	0.39776	0.12604	0.01643	0.19689	0.01900	0.01427	0.01917	0.01240	0.01783	0.00966	0.00694	0.00862	0.00232	0.07865	0.00660	0.00319	0.00843
8	0.01615	0.01845	0.04037	0.02884	0.03576	0.01730	0.69204	0.02191	0.01615	0.02191	0.01384	0.01845	0.01038	0.00577	0.00807	0.00231	0.01153	0.00807	0.00346	0.00923
9	0.02502	0.08669	0.02061	0.01719	0.02088	0.67994	0.01311	0.02681	0.01898	0.01670	0.01050	0.01224	0.00881	0.00696	0.00604	0.00174	0.01197	0.00435	0.00348	0.00799
10	0.01433	0.01212	0.01305	0.01230	0.01531	0.01353	0.00933	0.02816	0.49279	0.02531	0.03420	0.17659	0.09884	0.01257	0.00744	0.00241	0.00492	0.01080	0.00677	0.00924
11	0.00848	0.00631	0.00791	0.00886	0.00983	0.00573	0.00613	0.01008	0.01453	0.01913	0.14295	0.51050	0.18558	0.01950	0.00850	0.00259	0.00376	0.01738	0.00652	0.00573
12	0.01372	0.03539	0.72412	0.01950	0.02961	0.01589	0.02528	0.02167	0.01444	0.02167	0.01228	0.01444	0.00867	0.00650	0.00650	0.00217	0.01011	0.00506	0.00289	0.01011
13	0.01001	0.00799	0.01226	0.01232	0.01396	0.00757	0.08002	0.01237	0.01451	0.01901	0.03767	0.39303	0.10223	0.01858	0.00884	0.00281	0.00548	0.22914	0.00603	0.00621
14	0.01161	0.00834	0.01140	0.01095	0.01261	0.00951	0.00857	0.07638	0.01333	0.01944	0.01857	0.02575	0.01664	0.04271	0.58790	0.00917	0.01572	0.00712	0.08763	0.00665
15	0.00841	0.00607	0.00799	0.00950	0.01003	0.00564	0.00645	0.00969	0.01331	0.01761	0.03923	0.69849	0.07827	0.02115	0.00872	0.00277	0.00402	0.04071	0.00635	0.00559
16	0.00860	0.00659	0.00789	0.00833	0.00975	0.00587	0.00596	0.01053	0.01567	0.02047	0.22756	0.31657	0.29563	0.01796	0.00832	0.00244	0.00359	0.01574	0.00666	0.00587
17	0.00995	0.00663	0.00746	0.00746	0.00746	0.00663	0.00415	0.00995	0.00995	0.01327	0.02156	0.04477	0.02487	0.75957	0.03482	0.00663	0.00663	0.00995	0.00415	0.00415
18	0.00988	0.00640	0.00794	0.00841	0.00857	0.00630	0.00525	0.00984	0.01082	0.01441	0.02477	0.22434	0.02865	0.42844	0.02591	0.12799	0.00583	0.03722	0.00461	0.00441
19	0.01028	0.00776	0.00970	0.01020	0.01163	0.00774	0.00755	0.01491	0.11515	0.02224	0.22553	0.35321	0.06551	0.01718	0.00836	0.00257	0.00423	0.09282	0.00676	0.00666
20	0.01070	0.00667	0.00753	0.00740	0.00907	0.00627	0.00552	0.01358	0.01632	0.02472	0.28010	0.06999	0.15137	0.01222	0.00667	0.00196	0.00328	0.01039	0.34997	0.00627
21	0.00977	0.00733	0.01100	0.01100	0.01222	0.00855	0.00855	0.01222	0.01100	0.01588	0.01833	0.02688	0.01710	0.05131	0.73245	0.01100	0.01833	0.00733	0.00367	0.00611
22	0.00909	0.00708	0.00821	0.00878	0.01039	0.00649	0.00659	0.01136	0.03442	0.01876	0.06977	0.21978	0.35893	0.07178	0.01037	0.00287	0.00435	0.12888	0.00623	0.00586
23	0.08383	0.00751	0.00834	0.00810	0.00998	0.00709	0.00600	0.01218	0.01613	0.02284	0.32646	0.07541	0.26509	0.09330	0.01059	0.00272	0.00396	0.02803	0.00641	0.00605
24	0.00859	0.00613	0.00823	0.00981	0.01032	0.00577	0.00679	0.00996	0.01335	0.01775	0.03757	0.69144	0.04470	0.02120	0.00880	0.00281	0.00419	0.08062	0.00635	0.00563
25	0.01129	0.00715	0.00945	0.00919	0.01082	0.00655	0.00676	0.01392	0.01772	0.08970	0.46905	0.23612	0.05495	0.01545	0.00813	0.00232	0.00367	0.01374	0.00730	0.00670
26	0.01419	0.01216	0.01419	0.01013	0.01621	0.00912	0.00811	0.01723	0.01419	0.02229	0.01216	0.01419	0.01013	0.00507	0.00507	0.00101	0.00507	0.00405	0.00405	0.80139
27	0.00909	0.00661	0.00863	0.00979	0.01076	0.00621	0.00722	0.01094	0.01448	0.01911	0.10666	0.44237	0.11576	0.04027	0.00949	0.00286	0.00444	0.16315	0.00639	0.00579
28	0.01615	0.01845	0.04037	0.02884	0.03576	0.01730	0.69204	0.02191	0.01615	0.02191	0.01384	0.01845	0.01038	0.00577	0.00807	0.00231	0.01153	0.00807	0.00346	0.00923
29	0.00874	0.00654	0.00746	0.00796	0.00930	0.00587	0.00556	0.01032	0.01441	0.01872	0.09839	0.29719	0.33073	0.08736	0.01061	0.00282	0.00390	0.01511	0.05337	0.00563
30	0.01016	0.00789	0.01113	0.01084	0.01188	0.00916	0.00829	0.01222	0.01149	0.01633	0.05524	0.03138	0.05853	0.13053	0.50782	0.00883	0.08012	0.00818	0.00401	0.00599
31	0.11260	0.01181	0.01526	0.01184	0.01702	0.01061	0.00978	0.03195	0.01874	0.64881	0.02515	0.02200	0.01593	0.00824	0.00660	0.00212	0.00577	0.00655	0.00802	0.01120
32	0.01552	0.00999	0.01224	0.01047	0.01330	0.00984	0.00820	0.15093	0.02194	0.11625	0.48995	0.04077	0.04815	0.01216	0.00768	0.00213	0.00440	0.01046	0.00751	0.00813
33	0.01335	0.01165	0.01814	0.46475	0.07613	0.01361	0.01577	0.07276	0.01575	0.02074	0.06739	0.11837	0.01927	0.00978	0.00727	0.00233	0.00773	0.03323	0.00426	0.00773
34	0.01211	0.00987	0.01484	0.20973	0.06163	0.01062	0.03653	0.01649	0.07843	0.04163	0.02811	0.30905	0.04822	0.01417	0.00792	0.00255	0.00627	0.07922	0.00531	0.00730
35	0.01615	0.01845	0.04037	0.02884	0.03576	0.01730	0.69204	0.02191	0.01615	0.02191	0.01384	0.01845	0.01038	0.00577	0.00807	0.00231	0.01153	0.00807	0.00346	0.00923
36	0.01687	0.01582	0.02635	0.19026	0.40733	0.01682	0.08225	0.09108	0.01677	0.02321	0.01303	0.01723	0.01043	0.00667	0.00751	0.00215	0.03633	0.00628	0.00367	0.00994
37	0.01497	0.01497	0.02095	0.01796	0.01796	0.02095	0.01497	0.01646	0.01048	0.01646	0.00898	0.01497	0.00898	0.01197	0.02245	0.00299	0.74704	0.00599	0.00299	0.00748
38	0.01419	0.01216	0.01419	0.01013	0.01621	0.00912	0.00811	0.01723	0.01419	0.02229	0.01216	0.01419	0.01013	0.00507	0.00507	0.00101	0.00507	0.00405	0.00405	0.80139
39	0.00968	0.00699	0.00914	0.00861	0.01022	0.00646	0.00646	0.01291	0.01937	0.02743	0.71328	0.05110	0.06455	0.01399	0.00807	0.00215	0.00323	0.01237	0.00753	0.00646
40	0.01702	0.01470	0.01547	0.01392	0.01779	0.01702	0.01083	0.03635	0.70453	0.02862	0.02785	0.02553	0.02088	0.00928	0.00696	0.00232	0.00541	0.00773	0.00696	0.01083
41	0.01448	0.01375	0.02334	0.47079	0.30727	0.01561	0.01978	0.01885	0.01442	0.01937	0.01244	0.01773	0.00979	0.00655	0.00681	0.00218	0.00873	0.00609	0.00317	0.00886
42	0.00832	0.00601	0.00788	0.00938	0.00988	0.00557	0.00629	0.00954	0.01324	0.01752	0.03947	0.71669	0.08252	0.02120	0.00870	0.00275	0.00394	0.01917	0.00635	0.00557
43	0.00995	0.00663	0.00746	0.00746	0.00746	0.00663	0.00415	0.00995	0.00995	0.01327	0.02156	0.04477	0.02487	0.75957	0.03482	0.00663	0.00663	0.00995	0.00415	0.00415
44	0.01830	0.01441	0.01551	0.01376	0.01776	0.01637	0.01076	0.03607	0.64047	0.09343	0.02777	0.02532	0.02051	0.00921	0.00695	0.00230	0.00545	0.00765	0.00710	0.01090
45	0.01903	0.00899	0.01189	0.01039	0.01345	0.00802	0.00810	0.02141	0.01757	0.33930	0.18747	0.13367	0.07876	0.06162	0.00944	0.00258	0.00491	0.04749	0.00743	0.00849
46	0.02601	0.01916	0.02053	0.01574	0.02122	0.02122	0.01300	0.69408	0.03217	0.04312	0.01643	0.01643	0.01163	0.00821	0.00684	0.00205	0.00753	0.00616	0.00684	0.01163
47	0.00831	0.00606	0.00783	0.00925	0.00985	0.00558	0.00623	0.00956	0.01336	0.01757	0.04104	0.68246	0.11574	0.02100	0.00866	0.00273	0.00392	0.01892	0.00635	0.00558
48	0.01134	0.00694	0.00901	0.00942	0.01084	0.00629	0.00670	0.01308	0.01514	0.10818	0.14067	0.47731	0.12248	0.01820	0.00832	0.00255	0.00403	0.01622	0.00679	0.00649
49	0.01227	0.00888	0.01091	0.01121	0.01280	0.00904	0.00835	0.14794	0.01731	0.02305	0.03321	0.51030	0.03765	0.01841	0.00845	0.00269	0.00502	0.10917	0.00644	0.00689
50	0.01413	0.10015	0.66292	0.01881	0.02854	0.01688	0.02407	0.02156	0.01440	0.02117	0.01203	0.01414	0.00868	0.00644	0.00631	0.00210	0.00986	0.00493	0.00289	0.00999
