[name]
unknown

[dist]
# distance from previous block
# <min> <max>
0	9

[block]
# block no. 0 follows, 30 sequences, length 84
# corresponding to MSA columns:
# 17-100
name=unknown_A
#
# <colnr> <probs for GDERKNQSTAVLIFYWHMCP>
#	G	D	E	R	K	N	Q	S	T	A	V	L	I	F	Y	W	H	M	C	P
0	0.01098	0.00801	0.01076	0.01180	0.01337	0.00807	0.00982	0.01460	0.04746	0.02108	0.10004	0.11945	0.06051	0.05074	0.05180	0.00363	0.00654	0.43851	0.00634	0.00648
1	0.01499	0.01429	0.02160	0.32074	0.28538	0.05562	0.01765	0.01868	0.01466	0.01926	0.01483	0.02371	0.01324	0.09426	0.01036	0.00276	0.00869	0.03720	0.00355	0.00852
2	0.01545	0.10874	0.55470	0.02060	0.08047	0.01773	0.02329	0.06039	0.01581	0.02283	0.01252	0.01468	0.00920	0.00663	0.00645	0.00212	0.00971	0.00515	0.00322	0.01032
3	0.01690	0.01531	0.04807	0.03955	0.03760	0.05516	0.01129	0.06564	0.30996	0.05700	0.08566	0.04834	0.04724	0.03062	0.00779	0.00226	0.00619	0.00799	0.00611	0.10133
4	0.10420	0.00986	0.01112	0.01000	0.01310	0.00940	0.00772	0.04112	0.04957	0.02405	0.13436	0.13814	0.08460	0.03362	0.04815	0.00269	0.00552	0.04743	0.03201	0.19332
5	0.01011	0.00941	0.05169	0.01368	0.09287	0.00785	0.00927	0.01256	0.01517	0.02059	0.16021	0.37561	0.13245	0.01831	0.03438	0.00283	0.00523	0.01494	0.00604	0.00678
6	0.02435	0.01790	0.01935	0.01524	0.02035	0.01976	0.01245	0.53057	0.13126	0.06246	0.05875	0.02041	0.01657	0.00889	0.00707	0.00214	0.00705	0.00691	0.00709	0.01144
7	0.02098	0.02497	0.03867	0.04569	0.10127	0.41660	0.01395	0.02554	0.09960	0.01969	0.01858	0.03952	0.04995	0.00893	0.00685	0.00206	0.01002	0.04420	0.00435	0.00857
8	0.01416	0.01167	0.04985	0.00901	0.01173	0.08689	0.00740	0.01735	0.01523	0.02379	0.02365	0.05128	0.06113	0.00880	0.00552	0.00172	0.00489	0.00701	0.51817	0.07076
9	0.01500	0.03470	0.67802	0.01946	0.02949	0.01586	0.02489	0.02279	0.01504	0.06219	0.01339	0.01525	0.00933	0.00675	0.00665	0.00221	0.01006	0.00526	0.00328	0.01040
10	0.01562	0.01412	0.02382	0.41913	0.32300	0.01574	0.01986	0.01998	0.01500	0.04817	0.01332	0.01826	0.01035	0.00673	0.00695	0.00221	0.00874	0.00624	0.00347	0.00929
11	0.02226	0.06955	0.09245	0.04913	0.08800	0.37852	0.04652	0.07584	0.01920	0.04732	0.03849	0.01591	0.01191	0.00731	0.00655	0.00195	0.01051	0.00546	0.00406	0.00907
12	0.01056	0.00733	0.00881	0.00965	0.04826	0.00733	0.00522	0.01080	0.01048	0.01407	0.02148	0.04403	0.02454	0.71152	0.03387	0.00649	0.00685	0.00992	0.00418	0.00462
13	0.00945	0.00710	0.00834	0.00836	0.01010	0.00647	0.00614	0.01229	0.03484	0.02299	0.31485	0.17536	0.28055	0.01627	0.00813	0.00233	0.00356	0.01411	0.05244	0.00630
14	0.01675	0.01922	0.04715	0.01929	0.07239	0.21780	0.15675	0.02084	0.05519	0.02030	0.04860	0.15818	0.07328	0.01109	0.00762	0.00228	0.00881	0.03160	0.00474	0.00812
15	0.04845	0.01668	0.02675	0.11215	0.37009	0.04239	0.12731	0.06943	0.04163	0.02385	0.01485	0.04778	0.01245	0.00721	0.00710	0.00218	0.00869	0.00701	0.00398	0.01000
16	0.02593	0.01354	0.01560	0.01251	0.01709	0.05474	0.01015	0.14708	0.02107	0.41151	0.02642	0.02497	0.05968	0.01156	0.04847	0.00262	0.00701	0.00721	0.07236	0.01050
17	0.01114	0.00738	0.00876	0.00859	0.01070	0.00646	0.00637	0.01321	0.01660	0.09605	0.19301	0.20944	0.35269	0.01690	0.00826	0.00241	0.00386	0.01457	0.00697	0.00664
18	0.02021	0.04995	0.11622	0.04803	0.13804	0.03752	0.09755	0.24528	0.02148	0.06247	0.01570	0.04266	0.01227	0.00761	0.00692	0.00208	0.00845	0.00659	0.00495	0.05602
19	0.01650	0.02727	0.33265	0.02135	0.02889	0.10110	0.21624	0.02430	0.09108	0.02250	0.01491	0.01734	0.01107	0.00684	0.00705	0.00220	0.01023	0.00633	0.03243	0.00972
20	0.24178	0.15709	0.05290	0.03907	0.01809	0.18276	0.01128	0.04475	0.01517	0.02273	0.01185	0.01438	0.00978	0.00902	0.02974	0.02882	0.03052	0.00467	0.06764	0.00796
21	0.01521	0.05736	0.02182	0.06334	0.09845	0.03674	0.12847	0.02325	0.21225	0.02234	0.02492	0.12847	0.06865	0.01061	0.00844	0.00237	0.05380	0.00941	0.00510	0.00899
22	0.01318	0.01240	0.02093	0.73798	0.04806	0.01550	0.01938	0.01783	0.01395	0.01783	0.01240	0.01860	0.00930	0.00698	0.00698	0.00233	0.00930	0.00620	0.00310	0.00775
23	0.00860	0.00620	0.00806	0.00943	0.00999	0.00576	0.00632	0.00988	0.01364	0.01810	0.06521	0.65256	0.08806	0.05032	0.00989	0.00294	0.00409	0.01886	0.00643	0.00566
24	0.01866	0.75896	0.03657	0.01194	0.01791	0.02761	0.01194	0.02090	0.01418	0.01642	0.00970	0.01119	0.00896	0.00597	0.00448	0.00149	0.00746	0.00373	0.00299	0.00896
25	0.74481	0.01373	0.01162	0.01171	0.06603	0.01572	0.00860	0.02058	0.01218	0.03067	0.00997	0.01178	0.00782	0.00646	0.00451	0.00215	0.00562	0.00396	0.00425	0.00782
26	0.01318	0.01240	0.02093	0.73798	0.04806	0.01550	0.01938	0.01783	0.01395	0.01783	0.01240	0.01860	0.00930	0.00698	0.00698	0.00233	0.00930	0.00620	0.00310	0.00775
27	0.05564	0.04389	0.02417	0.06872	0.16143	0.08081	0.14732	0.07057	0.09761	0.08705	0.01878	0.03781	0.03422	0.00783	0.00697	0.00216	0.00829	0.00712	0.02992	0.00971
28	0.01251	0.00998	0.01042	0.01046	0.01160	0.06300	0.00715	0.09021	0.01502	0.01939	0.02798	0.36225	0.03184	0.25382	0.03850	0.00417	0.00643	0.01363	0.00552	0.00613
29	0.04425	0.26760	0.07344	0.01287	0.01680	0.14054	0.01125	0.01975	0.05930	0.01862	0.01981	0.22200	0.02071	0.03477	0.00735	0.00223	0.00738	0.00899	0.00443	0.00792
30	0.04962	0.08625	0.61300	0.01968	0.05337	0.01701	0.02382	0.02192	0.01461	0.02213	0.01222	0.01442	0.00887	0.00656	0.00638	0.00215	0.00982	0.00503	0.00303	0.01012
31	0.01603	0.00987	0.01193	0.03644	0.01358	0.00984	0.00755	0.08356	0.03763	0.13678	0.02129	0.03376	0.02022	0.39571	0.07064	0.00507	0.00745	0.00836	0.00526	0.06903
32	0.01318	0.01240	0.02093	0.73798	0.04806	0.01550	0.01938	0.01783	0.01395	0.01783	0.01240	0.01860	0.00930	0.00698	0.00698	0.00233	0.00930	0.00620	0.00310	0.00775
33	0.02056	0.13820	0.02248	0.01923	0.15241	0.16458	0.01314	0.09545	0.01821	0.07603	0.01409	0.03437	0.01161	0.00698	0.00607	0.00172	0.00799	0.00542	0.00443	0.18705
34	0.00975	0.00681	0.00872	0.00910	0.01040	0.00621	0.00650	0.01191	0.01645	0.04424	0.31108	0.36240	0.13464	0.01787	0.00849	0.00250	0.00374	0.01590	0.00703	0.00626
35	0.07614	0.06783	0.15760	0.08081	0.34212	0.05699	0.05719	0.02204	0.03447	0.02238	0.01284	0.01612	0.01026	0.00648	0.00656	0.00210	0.00884	0.00574	0.00348	0.01002
36	0.00832	0.00677	0.00738	0.00787	0.00964	0.00582	0.00566	0.00992	0.01513	0.01854	0.06092	0.27423	0.50763	0.01894	0.00845	0.00250	0.00369	0.01628	0.00648	0.00582
37	0.01771	0.01903	0.06123	0.01730	0.04261	0.15926	0.05342	0.08732	0.09551	0.02150	0.01545	0.02041	0.01335	0.07128	0.11620	0.00396	0.16518	0.00658	0.00424	0.00846
38	0.01013	0.00682	0.00789	0.00789	0.00799	0.00692	0.00458	0.01033	0.01023	0.01374	0.02173	0.04424	0.02475	0.69974	0.08968	0.00711	0.00770	0.00994	0.00419	0.00439
39	0.77947	0.01344	0.01045	0.00928	0.01363	0.01548	0.00764	0.02094	0.01213	0.05309	0.01028	0.01173	0.00787	0.00655	0.00440	0.00216	0.00542	0.00388	0.00446	0.00769
40	0.05216	0.01646	0.02159	0.02352	0.24304	0.01710	0.01488	0.28849	0.04109	0.16444	0.03582	0.01923	0.01414	0.00784	0.00690	0.00211	0.00729	0.00652	0.00608	0.01129
41	0.01933	0.32839	0.18639	0.01712	0.04820	0.20362	0.03835	0.02362	0.04087	0.01878	0.01158	0.01338	0.00952	0.00657	0.00575	0.00182	0.00953	0.00465	0.00332	0.00921
42	0.01143	0.00650	0.00965	0.00965	0.01001	0.00685	0.00676	0.01010	0.00974	0.01335	0.01439	0.02393	0.01416	0.06003	0.22927	0.54057	0.00973	0.00662	0.00328	0.00400
43	0.80405	0.01350	0.01026	0.00918	0.01350	0.01565	0.00756	0.02051	0.01188	0.03131	0.00972	0.01134	0.00756	0.00648	0.00432	0.00216	0.00540	0.00378	0.00432	0.00756
44	0.01880	0.01376	0.01403	0.03828	0.01634	0.05486	0.00964	0.26978	0.07296	0.03152	0.02112	0.07931	0.01732	0.00932	0.00631	0.00199	0.00591	0.00746	0.30238	0.00893
45	0.01320	0.00705	0.00802	0.00760	0.00948	0.00677	0.00576	0.01643	0.01659	0.07106	0.23929	0.03411	0.03299	0.01010	0.00607	0.00184	0.00344	0.00847	0.49485	0.00688
46	0.01285	0.00895	0.01248	0.01172	0.01355	0.00945	0.02752	0.01512	0.01457	0.10058	0.08956	0.16842	0.13851	0.02409	0.17331	0.00457	0.09780	0.06421	0.00571	0.00704
47	0.01187	0.00775	0.01008	0.00923	0.01126	0.00719	0.00702	0.01558	0.03899	0.08517	0.63184	0.04903	0.06055	0.01366	0.00810	0.00220	0.00358	0.01202	0.00774	0.00715
48	0.02460	0.01478	0.01708	0.01368	0.01839	0.01531	0.01107	0.32807	0.07722	0.25094	0.04445	0.08815	0.04349	0.01025	0.00725	0.00221	0.00637	0.00833	0.00747	0.01089
49	0.00866	0.00632	0.00820	0.00964	0.01034	0.00586	0.00668	0.01008	0.01383	0.01814	0.04195	0.62778	0.11956	0.02122	0.00888	0.00281	0.00416	0.06369	0.00647	0.00575
50	0.80405	0.01350	0.01026	0.00918	0.01350	0.01565	0.00756	0.02051	0.01188	0.03131	0.00972	0.01134	0.00756	0.00648	0.00432	0.00216	0.00540	0.00378	0.00432	0.00756
51	0.01640	0.18634	0.31737	0.02095	0.04834	0.05725	0.17912	0.02193	0.01513	0.02043	0.01205	0.01493	0.00937	0.00660	0.00734	0.00210	0.04599	0.00563	0.00315	0.00958
52	0.01777	0.01519	0.01601	0.01428	0.01830	0.01755	0.01114	0.06605	0.66898	0.02985	0.02788	0.02562	0.02088	0.00942	0.00710	0.00235	0.00562	0.00782	0.00710	0.01108
53	0.01569	0.01490	0.02554	0.28079	0.43539	0.01592	0.04444	0.02005	0.01520	0.02117	0.01322	0.01807	0.01065	0.00653	0.00692	0.00216	0.00860	0.00629	0.02875	0.00971
54	0.01407	0.00804	0.01031	0.00920	0.01168	0.00723	0.00709	0.01706	0.01912	0.16367	0.46725	0.04725	0.13224	0.01331	0.00786	0.00218	0.00385	0.01151	0.03954	0.00755
55	0.01093	0.00737	0.00925	0.00955	0.01087	0.00695	0.00674	0.04335	0.01596	0.05745	0.18124	0.41397	0.10602	0.07373	0.01052	0.00288	0.00431	0.01580	0.00670	0.00639
56	0.03094	0.01247	0.01656	0.01270	0.01811	0.01114	0.01049	0.08497	0.02097	0.66368	0.02669	0.02321	0.01685	0.00862	0.00701	0.00215	0.00607	0.00696	0.00851	0.01188
57	0.01736	0.02027	0.06076	0.05277	0.03501	0.07008	0.56510	0.04782	0.01719	0.02261	0.01386	0.01814	0.01041	0.00614	0.00795	0.00230	0.01153	0.00771	0.00363	0.00938
58	0.01007	0.00739	0.00946	0.00890	0.01065	0.00692	0.00669	0.01386	0.04232	0.02770	0.66234	0.05178	0.08705	0.01423	0.00819	0.00221	0.00338	0.01254	0.00762	0.00671
59	0.02448	0.01860	0.02035	0.01692	0.05171	0.02065	0.01323	0.54230	0.15071	0.04040	0.01867	0.01843	0.01351	0.00848	0.00700	0.00214	0.00732	0.00657	0.00685	0.01168
60	0.01459	0.00803	0.00819	0.00762	0.00971	0.00827	0.00586	0.09470	0.01676	0.02811	0.02206	0.02493	0.01718	0.00816	0.00512	0.00168	0.00377	0.00648	0.70165	0.00713
61	0.01566	0.26967	0.46458	0.01705	0.02565	0.01996	0.02061	0.02241	0.04639	0.02059	0.01235	0.01411	0.00946	0.00655	0.00595	0.00198	0.00917	0.00482	0.00315	0.00991
62	0.00869	0.00692	0.00781	0.00811	0.00993	0.00605	0.00599	0.01065	0.01603	0.02021	0.16627	0.20163	0.44422	0.01802	0.00843	0.00246	0.00372	0.04220	0.00667	0.00598
63	0.17036	0.01880	0.02791	0.02110	0.02661	0.12821	0.35452	0.02313	0.01658	0.07488	0.05901	0.01893	0.01385	0.00696	0.00708	0.00220	0.00968	0.00698	0.00434	0.00884
64	0.01516	0.02247	0.24364	0.02185	0.02917	0.01577	0.30829	0.02285	0.09290	0.02310	0.03662	0.02077	0.03888	0.00714	0.00737	0.00220	0.00955	0.00729	0.00403	0.07094
65	0.01447	0.01240	0.01447	0.01034	0.01654	0.00930	0.00827	0.01757	0.01447	0.02274	0.01240	0.01447	0.01034	0.00517	0.00517	0.00103	0.00517	0.00413	0.00413	0.79742
66	0.01814	0.01658	0.02638	0.14936	0.47258	0.03942	0.04934	0.07164	0.01717	0.05199	0.01385	0.01763	0.01100	0.00662	0.00697	0.00212	0.00860	0.00629	0.00388	0.01045
67	0.02266	0.01377	0.01743	0.01387	0.01850	0.01378	0.05308	0.18269	0.12571	0.26045	0.06747	0.05534	0.03620	0.03968	0.00835	0.00236	0.00635	0.00810	0.00710	0.04712
68	0.02082	0.01459	0.01613	0.01339	0.01773	0.01560	0.01082	0.28497	0.19449	0.12046	0.06030	0.03150	0.11636	0.01076	0.00737	0.00226	0.00608	0.03888	0.00716	0.01034
69	0.01318	0.01240	0.02093	0.73798	0.04806	0.01550	0.01938	0.01783	0.01395	0.01783	0.01240	0.01860	0.00930	0.00698	0.00698	0.00233	0.00930	0.00620	0.00310	0.00775
70	0.01522	0.01264	0.01562	0.01119	0.01739	0.00968	0.03578	0.01842	0.01477	0.05017	0.01307	0.01501	0.01062	0.00533	0.00537	0.00113	0.00547	0.00441	0.00429	0.73442
71	0.02572	0.03068	0.01974	0.01756	0.02142	0.60503	0.01334	0.11132	0.05302	0.02103	0.01236	0.01373	0.00992	0.00745	0.00642	0.00186	0.01164	0.00488	0.00418	0.00870
72	0.01400	0.03610	0.71860	0.01989	0.03020	0.01621	0.02578	0.02210	0.01473	0.02210	0.01252	0.01473	0.00884	0.00663	0.00663	0.00221	0.01031	0.00516	0.00295	0.01031
73	0.80405	0.01350	0.01026	0.00918	0.01350	0.01565	0.00756	0.02051	0.01188	0.03131	0.00972	0.01134	0.00756	0.00648	0.00432	0.00216	0.00540	0.00378	0.00432	0.00756
74	0.01206	0.01031	0.01258	0.01324	0.04297	0.03835	0.03405	0.01718	0.11838	0.02115	0.04097	0.16663	0.19190	0.01632	0.00852	0.00269	0.00575	0.23348	0.00621	0.00724
75	0.00865	0.00646	0.00789	0.00882	0.00979	0.00587	0.00603	0.01008	0.01427	0.01854	0.09494	0.47398	0.21721	0.07056	0.01051	0.00293	0.00405	0.01732	0.00641	0.00569
76	0.01363	0.01278	0.01498	0.03226	0.01482	0.08150	0.02753	0.01481	0.01176	0.01566	0.01726	0.03013	0.03731	0.32410	0.06497	0.00488	0.26368	0.00803	0.00375	0.00617
77	0.00862	0.00700	0.00769	0.00803	0.00999	0.00607	0.00602	0.01051	0.01577	0.01942	0.10283	0.17069	0.51589	0.01822	0.00845	0.00249	0.00382	0.06599	0.00655	0.00594
78	0.02607	0.03326	0.01978	0.01798	0.02157	0.72674	0.01348	0.02787	0.01978	0.01708	0.01079	0.01258	0.00899	0.00719	0.00629	0.00180	0.01258	0.00449	0.00360	0.00809
79	0.00973	0.00710	0.00915	0.00870	0.01035	0.00651	0.00650	0.01286	0.01932	0.02710	0.64695	0.07423	0.10593	0.01471	0.00825	0.00222	0.00333	0.01297	0.00757	0.00651
80	0.03672	0.12228	0.56148	0.01812	0.02720	0.01747	0.02243	0.04514	0.01508	0.02219	0.01250	0.01480	0.00928	0.00849	0.03603	0.00249	0.01008	0.00508	0.00317	0.00996
81	0.00872	0.00644	0.00812	0.00937	0.01022	0.00593	0.00653	0.01015	0.01394	0.01809	0.04397	0.54226	0.17276	0.04744	0.00980	0.00291	0.00423	0.06702	0.00639	0.00572
82	0.20133	0.02306	0.01804	0.01618	0.04685	0.29180	0.01224	0.21510	0.06416	0.02897	0.01345	0.01452	0.01034	0.00747	0.00612	0.00201	0.00894	0.00512	0.00494	0.00935
83	0.10715	0.04633	0.07476	0.01257	0.01848	0.06564	0.04450	0.01909	0.01463	0.02276	0.01312	0.04682	0.01134	0.00641	0.00557	0.00149	0.00656	0.00510	0.00404	0.47365

[dist]
# distance from previous block
# <min> <max>
0	8

[block]
# block no. 1 follows, 30 sequences, length 78
# corresponding to MSA columns:
# 109-186
name=unknown_B
#
# <colnr> <probs for GDERKNQSTAVLIFYWHMCP>
#	G	D	E	R	K	N	Q	S	T	A	V	L	I	F	Y	W	H	M	C	P
0	0.53359	0.04498	0.04007	0.01145	0.01602	0.09857	0.00966	0.03975	0.07510	0.05702	0.01252	0.01356	0.00956	0.00695	0.00506	0.00211	0.00658	0.00447	0.00462	0.00837
1	0.01456	0.01383	0.02212	0.45446	0.11106	0.01661	0.05182	0.02084	0.10316	0.01996	0.01430	0.01907	0.01110	0.00774	0.00880	0.00239	0.08940	0.00652	0.00368	0.00860
2	0.01771	0.01825	0.03185	0.02391	0.02919	0.07840	0.41626	0.03844	0.01650	0.05770	0.01561	0.02241	0.01287	0.00801	0.00989	0.00240	0.10599	0.05689	0.00406	0.03364
3	0.02313	0.11430	0.02127	0.01447	0.01974	0.02044	0.01211	0.45965	0.09622	0.03669	0.01714	0.01739	0.01272	0.00799	0.00645	0.00196	0.00704	0.00601	0.05184	0.05345
4	0.01632	0.21147	0.31107	0.01879	0.02558	0.05706	0.10601	0.02128	0.01443	0.01960	0.01139	0.01435	0.00916	0.00729	0.00890	0.00216	0.12743	0.00532	0.00308	0.00931
5	0.01525	0.01031	0.03865	0.10603	0.01839	0.00962	0.01028	0.04348	0.05274	0.16297	0.03206	0.35069	0.06435	0.01516	0.00801	0.00254	0.00564	0.03948	0.00640	0.00795
6	0.03962	0.01509	0.01740	0.01390	0.01835	0.03583	0.04464	0.27170	0.10406	0.18289	0.02113	0.02268	0.01572	0.07122	0.00917	0.00249	0.00679	0.00698	0.09009	0.01023
7	0.01229	0.00829	0.01003	0.00945	0.01172	0.00782	0.00712	0.01664	0.08999	0.09438	0.33342	0.14091	0.20105	0.01496	0.00808	0.00233	0.00395	0.01298	0.00728	0.00731
8	0.01395	0.01432	0.04505	0.01971	0.05368	0.01478	0.21575	0.01890	0.07227	0.02131	0.08917	0.10726	0.04128	0.01368	0.05553	0.00309	0.16469	0.02276	0.00461	0.00821
9	0.01132	0.00744	0.00909	0.00928	0.01106	0.00677	0.00672	0.01381	0.04144	0.09283	0.12993	0.36164	0.23663	0.01785	0.00837	0.00253	0.00406	0.01566	0.00688	0.00670
10	0.02391	0.02759	0.02013	0.01752	0.02151	0.48933	0.04788	0.10605	0.10795	0.02248	0.03970	0.01658	0.01309	0.00782	0.00665	0.00195	0.01072	0.00563	0.00459	0.00893
11	0.01492	0.01333	0.02093	0.64390	0.04462	0.01630	0.01858	0.10516	0.01641	0.02124	0.01297	0.01836	0.00964	0.00716	0.00698	0.00230	0.00909	0.00621	0.00361	0.00829
12	0.01091	0.00973	0.01545	0.01361	0.01615	0.00924	0.14757	0.01488	0.07421	0.02028	0.06017	0.37121	0.17551	0.01636	0.00845	0.00257	0.00565	0.01510	0.00596	0.00699
13	0.00849	0.00613	0.00804	0.00957	0.01008	0.00568	0.00641	0.00973	0.01350	0.01787	0.04027	0.71191	0.08328	0.02163	0.00887	0.00281	0.00402	0.01955	0.00648	0.00568
14	0.01435	0.09134	0.66648	0.01928	0.02926	0.01708	0.02472	0.02201	0.01469	0.02167	0.01231	0.01446	0.00885	0.00658	0.00647	0.00216	0.01010	0.00505	0.00295	0.01021
15	0.01592	0.01520	0.02589	0.27189	0.49271	0.01623	0.02075	0.02023	0.01525	0.02116	0.01289	0.01771	0.01048	0.00647	0.00693	0.00216	0.00862	0.00621	0.00334	0.00997
16	0.03808	0.00968	0.01001	0.00927	0.01188	0.01042	0.00715	0.03834	0.21527	0.05300	0.02408	0.02531	0.01843	0.00850	0.00564	0.00189	0.00418	0.00684	0.49386	0.00818
17	0.00926	0.00679	0.00791	0.00821	0.00913	0.00646	0.00543	0.01032	0.01283	0.01658	0.06021	0.18663	0.22783	0.31610	0.08131	0.00497	0.00623	0.01319	0.00538	0.00523
18	0.01584	0.01511	0.02589	0.21601	0.49111	0.01593	0.03665	0.02007	0.01517	0.02119	0.01326	0.01817	0.01093	0.00880	0.04443	0.00262	0.00917	0.00633	0.00338	0.00993
19	0.01859	0.49724	0.19106	0.01438	0.02122	0.05464	0.01530	0.07963	0.01617	0.02015	0.01101	0.01255	0.00918	0.00638	0.00527	0.00172	0.00836	0.00431	0.00335	0.00948
20	0.02677	0.01916	0.02070	0.01587	0.02145	0.02106	0.01311	0.65484	0.03216	0.07802	0.01730	0.01711	0.01214	0.00839	0.00698	0.00210	0.00759	0.00632	0.00706	0.01187
21	0.06071	0.01643	0.02389	0.28763	0.37196	0.08067	0.01919	0.02067	0.01532	0.02098	0.01246	0.01699	0.01004	0.00659	0.00673	0.00214	0.00888	0.00592	0.00339	0.00941
22	0.01871	0.00948	0.01057	0.00909	0.01206	0.00944	0.00719	0.11606	0.01833	0.17065	0.02289	0.02422	0.01690	0.00827	0.00562	0.00180	0.00444	0.00658	0.51934	0.00838
23	0.00881	0.00690	0.00799	0.00813	0.00988	0.00607	0.00594	0.01096	0.01663	0.02155	0.26644	0.19564	0.37536	0.01741	0.00837	0.00240	0.00356	0.01506	0.00686	0.00607
24	0.01866	0.75896	0.03657	0.01194	0.01791	0.02761	0.01194	0.02090	0.01418	0.01642	0.00970	0.01119	0.00896	0.00597	0.00448	0.00149	0.00746	0.00373	0.00299	0.00896
25	0.00863	0.00615	0.00815	0.00961	0.01007	0.00575	0.00642	0.00992	0.01363	0.01826	0.07551	0.69135	0.04668	0.04194	0.00961	0.00291	0.00408	0.01916	0.00648	0.00568
26	0.01400	0.03610	0.71860	0.01989	0.03020	0.01621	0.02578	0.02210	0.01473	0.02210	0.01252	0.01473	0.00884	0.00663	0.00663	0.00221	0.01031	0.00516	0.00295	0.01031
27	0.02704	0.01873	0.02044	0.01567	0.02123	0.02043	0.01294	0.61818	0.03144	0.11569	0.01790	0.01750	0.01244	0.00840	0.00698	0.00210	0.00749	0.00636	0.00716	0.01187
28	0.00850	0.00607	0.00810	0.00972	0.01012	0.00567	0.00648	0.00972	0.01336	0.01781	0.03846	0.75020	0.04615	0.02186	0.00891	0.00283	0.00405	0.01984	0.00648	0.00567
29	0.01301	0.00650	0.00650	0.00650	0.00813	0.00650	0.00488	0.01626	0.01463	0.02602	0.02276	0.02602	0.01789	0.00813	0.00488	0.00163	0.00325	0.00650	0.79350	0.00650
30	0.00850	0.00704	0.00744	0.00742	0.00960	0.00598	0.00553	0.01047	0.01638	0.02016	0.16316	0.09018	0.58943	0.01733	0.00827	0.00235	0.00352	0.01461	0.00666	0.00598
31	0.01445	0.01004	0.01294	0.01371	0.09967	0.00954	0.00916	0.05376	0.05815	0.11528	0.27008	0.04504	0.23444	0.01293	0.00778	0.00223	0.00470	0.01109	0.00686	0.00817
32	0.02471	0.01236	0.01548	0.01245	0.01689	0.01189	0.01011	0.16075	0.04323	0.39190	0.15454	0.05009	0.02689	0.01032	0.00736	0.00220	0.00573	0.02459	0.00796	0.01053
33	0.09895	0.16310	0.43486	0.01710	0.02517	0.10693	0.01986	0.02244	0.01496	0.02142	0.01151	0.01347	0.00875	0.00657	0.00596	0.00202	0.00957	0.00467	0.00318	0.00950
34	0.01521	0.06772	0.46568	0.02561	0.18830	0.01701	0.07966	0.02190	0.01512	0.02199	0.01265	0.01548	0.00951	0.00644	0.00672	0.00215	0.00982	0.00559	0.00312	0.01034
35	0.01695	0.01670	0.02947	0.09704	0.42132	0.01735	0.16037	0.04829	0.01608	0.02261	0.01307	0.01751	0.01067	0.00684	0.00862	0.00224	0.07454	0.00663	0.00355	0.01015
36	0.01151	0.00749	0.00985	0.00906	0.01099	0.00686	0.00686	0.01475	0.01977	0.08031	0.65583	0.04997	0.06215	0.01384	0.00814	0.00219	0.00349	0.01219	0.00775	0.00699
37	0.01201	0.00610	0.00901	0.00901	0.00901	0.00610	0.00596	0.00915	0.00915	0.01220	0.01265	0.02253	0.01284	0.06363	0.02772	0.75436	0.00610	0.00628	0.00309	0.00309
38	0.02043	0.10029	0.05353	0.01456	0.04318	0.18896	0.01167	0.10813	0.04131	0.10280	0.03731	0.07227	0.03705	0.00935	0.00653	0.00201	0.00765	0.02606	0.10802	0.00890
39	0.00879	0.00665	0.00796	0.00852	0.00978	0.00599	0.00595	0.01050	0.01520	0.01980	0.17546	0.34264	0.26740	0.06974	0.01040	0.00283	0.00392	0.01610	0.00655	0.00582
40	0.01363	0.01287	0.02175	0.66084	0.12165	0.01562	0.01961	0.01823	0.01417	0.01838	0.01248	0.01846	0.00950	0.00689	0.00697	0.00230	0.00919	0.00620	0.00314	0.00812
41	0.00968	0.00704	0.00886	0.00852	0.01020	0.00643	0.00635	0.01264	0.01870	0.02609	0.56003	0.09247	0.15158	0.01496	0.00816	0.00223	0.00337	0.01311	0.03313	0.00643
42	0.01927	0.69866	0.03517	0.01244	0.01821	0.08570	0.01207	0.02147	0.01464	0.01647	0.00979	0.01131	0.00896	0.00607	0.00463	0.00152	0.00789	0.00379	0.00304	0.00888
43	0.00914	0.00695	0.00841	0.00837	0.01006	0.00622	0.00615	0.01163	0.01754	0.02349	0.40022	0.16220	0.27122	0.01652	0.00834	0.00234	0.00348	0.01439	0.00711	0.00622
44	0.02204	0.02378	0.01904	0.01793	0.06254	0.34600	0.01312	0.10393	0.20516	0.02418	0.04260	0.01864	0.01495	0.00841	0.00757	0.00208	0.04745	0.00612	0.00505	0.00943
45	0.00937	0.00711	0.00863	0.00825	0.01012	0.00637	0.00619	0.01219	0.01856	0.02515	0.51010	0.05679	0.26505	0.01532	0.00824	0.00224	0.00337	0.01327	0.00731	0.00637
46	0.00845	0.00626	0.00791	0.00922	0.00999	0.00571	0.00626	0.00977	0.01383	0.01801	0.04446	0.62299	0.16949	0.02108	0.00878	0.00275	0.00395	0.01889	0.00648	0.00571
47	0.02609	0.03271	0.01982	0.01790	0.02158	0.69829	0.01347	0.05450	0.02030	0.01816	0.01103	0.01275	0.00910	0.00724	0.00632	0.00181	0.01239	0.00457	0.00373	0.00824
48	0.01511	0.01515	0.01931	0.01698	0.01750	0.07215	0.01396	0.01686	0.01163	0.01685	0.01168	0.01900	0.01145	0.01850	0.13434	0.00427	0.54780	0.02676	0.00331	0.00740
49	0.01685	0.47849	0.30119	0.01502	0.02268	0.02319	0.01731	0.02136	0.01439	0.01862	0.01080	0.01257	0.00891	0.00623	0.00531	0.00177	0.00857	0.00428	0.00297	0.00948
50	0.80405	0.01350	0.01026	0.00918	0.01350	0.01565	0.00756	0.02051	0.01188	0.03131	0.00972	0.01134	0.00756	0.00648	0.00432	0.00216	0.00540	0.00378	0.00432	0.00756
51	0.02609	0.03254	0.01984	0.01788	0.02158	0.69005	0.01347	0.06221	0.02045	0.01848	0.01110	0.01280	0.00914	0.00725	0.00633	0.00181	0.01233	0.00459	0.00377	0.00829
52	0.00939	0.00660	0.00825	0.00912	0.01027	0.00596	0.00635	0.01094	0.01468	0.04462	0.09611	0.51034	0.20204	0.01982	0.00863	0.00265	0.00394	0.01762	0.00665	0.00602
53	0.01078	0.00813	0.01002	0.00980	0.01159	0.00817	0.00738	0.01424	0.06655	0.04727	0.18879	0.18422	0.23641	0.02103	0.10267	0.00360	0.04320	0.01308	0.00634	0.00674
54	0.01853	0.57261	0.09683	0.01315	0.01929	0.02515	0.01321	0.06009	0.08684	0.01983	0.01231	0.01339	0.01040	0.00653	0.00509	0.00168	0.00754	0.00444	0.00364	0.00946
55	0.01592	0.00736	0.00805	0.00744	0.00967	0.00710	0.00573	0.01908	0.01548	0.13584	0.02352	0.02566	0.01779	0.00821	0.00522	0.00171	0.00368	0.00659	0.66858	0.00736
56	0.02548	0.01135	0.01406	0.01121	0.01556	0.01067	0.00912	0.11419	0.02013	0.43226	0.02477	0.02348	0.01674	0.00846	0.00640	0.00200	0.00540	0.00678	0.23160	0.01035
57	0.02431	0.01797	0.01918	0.01509	0.02017	0.01994	0.01234	0.55245	0.11821	0.04070	0.01873	0.01866	0.01355	0.00850	0.00684	0.00209	0.00706	0.00651	0.06634	0.01136
58	0.00864	0.00708	0.00761	0.00748	0.00966	0.00606	0.00561	0.01077	0.01682	0.02103	0.22238	0.06358	0.55535	0.01686	0.00824	0.00232	0.00348	0.01423	0.00677	0.00606
59	0.03106	0.01227	0.01644	0.01261	0.01801	0.01085	0.01041	0.06804	0.02064	0.68109	0.02697	0.02339	0.01699	0.00862	0.00702	0.00216	0.00603	0.00698	0.00855	0.01188
60	0.02454	0.01292	0.01568	0.01304	0.01767	0.01298	0.01050	0.03414	0.29510	0.40109	0.02909	0.02730	0.03427	0.00949	0.00716	0.00228	0.00573	0.02788	0.00790	0.01124
61	0.00860	0.00619	0.00815	0.00954	0.01012	0.00575	0.00644	0.00999	0.01395	0.01862	0.09024	0.66997	0.07436	0.02112	0.00883	0.00277	0.00397	0.01909	0.00657	0.00575
62	0.02885	0.01310	0.01650	0.01282	0.01798	0.01241	0.01053	0.15449	0.04712	0.52599	0.02529	0.02267	0.01645	0.00859	0.00689	0.00212	0.00609	0.00688	0.05370	0.01153
63	0.03087	0.01259	0.01663	0.01275	0.01817	0.01131	0.01053	0.09453	0.02116	0.65386	0.02653	0.02310	0.01677	0.00861	0.00701	0.00215	0.00610	0.00695	0.00848	0.01188
64	0.00848	0.00614	0.00803	0.00953	0.01007	0.00568	0.00640	0.00974	0.01354	0.01789	0.04071	0.70260	0.09231	0.02157	0.00886	0.00280	0.00401	0.01948	0.00648	0.00568
65	0.06343	0.01106	0.01384	0.01238	0.01603	0.01085	0.01021	0.07160	0.07603	0.30067	0.02923	0.09266	0.02542	0.01258	0.00770	0.00251	0.00591	0.19550	0.03302	0.00938
66	0.01527	0.01527	0.02137	0.01832	0.01832	0.02137	0.01527	0.01679	0.01069	0.01679	0.00916	0.01527	0.00916	0.01221	0.02290	0.00305	0.74198	0.00611	0.00305	0.00763
67	0.01014	0.00679	0.00776	0.00776	0.00781	0.00684	0.00441	0.01024	0.01019	0.01364	0.02185	0.04493	0.02505	0.72641	0.06342	0.00694	0.00725	0.01004	0.00421	0.00431
68	0.01495	0.01437	0.02345	0.36076	0.25934	0.01707	0.01919	0.01879	0.01391	0.01924	0.01197	0.01748	0.00985	0.00781	0.01026	0.00239	0.16096	0.00619	0.00321	0.00881
69	0.01337	0.01234	0.01969	0.62149	0.04282	0.01517	0.01779	0.01945	0.08698	0.01904	0.01552	0.05884	0.01257	0.00805	0.00709	0.00236	0.00862	0.00712	0.00371	0.00799
70	0.01447	0.01240	0.01447	0.01034	0.01654	0.00930	0.00827	0.01757	0.01447	0.02274	0.01240	0.01447	0.01034	0.00517	0.00517	0.00103	0.00517	0.00413	0.00413	0.79742
71	0.01915	0.58956	0.08150	0.04963	0.02050	0.06446	0.01328	0.02192	0.01483	0.05465	0.01106	0.01257	0.00942	0.00628	0.00499	0.00164	0.00796	0.00418	0.00333	0.00910
72	0.00988	0.00706	0.00872	0.00831	0.01000	0.00648	0.00618	0.01283	0.01845	0.02596	0.53694	0.05213	0.15513	0.04171	0.00899	0.00234	0.00345	0.01238	0.06667	0.00639
73	0.01869	0.01611	0.03939	0.01449	0.01877	0.01759	0.01171	0.15503	0.52203	0.03089	0.02499	0.02374	0.01874	0.00985	0.00799	0.03892	0.00610	0.00742	0.00676	0.01080
74	0.01566	0.01155	0.01343	0.05609	0.01643	0.01241	0.00948	0.17398	0.12114	0.04556	0.14536	0.05710	0.10310	0.04697	0.07125	0.00318	0.00662	0.00931	0.07294	0.00844
75	0.01659	0.18446	0.17643	0.01557	0.05175	0.03537	0.01444	0.08990	0.16329	0.02449	0.06886	0.05402	0.05801	0.00909	0.00660	0.00209	0.00720	0.00728	0.00498	0.00959
76	0.50774	0.14372	0.08586	0.01167	0.01678	0.09593	0.01075	0.02154	0.01342	0.02632	0.01011	0.01179	0.00808	0.00649	0.00479	0.00201	0.00702	0.00399	0.00388	0.00812
77	0.05367	0.19831	0.35162	0.01650	0.02391	0.08436	0.01835	0.09136	0.01663	0.02271	0.01237	0.01448	0.00962	0.00927	0.04642	0.00250	0.00983	0.00495	0.00354	0.00960

[dist]
# distance from previous block
# <min> <max>
0	1

[block]
# block no. 2 follows, 30 sequences, length 33
# corresponding to MSA columns:
# 188-194,196-221
name=unknown_C
#
# <colnr> <probs for GDERKNQSTAVLIFYWHMCP>
#	G	D	E	R	K	N	Q	S	T	A	V	L	I	F	Y	W	H	M	C	P
0	0.01572	0.13347	0.46228	0.07579	0.02816	0.05631	0.02119	0.05602	0.01602	0.02207	0.04182	0.01613	0.01148	0.00701	0.00642	0.00209	0.00952	0.00538	0.00341	0.00972
1	0.00905	0.00690	0.00796	0.00802	0.00953	0.00620	0.00568	0.01091	0.01578	0.02054	0.24403	0.15574	0.32264	0.13097	0.01254	0.00306	0.00403	0.01413	0.00648	0.00580
2	0.01190	0.01117	0.01293	0.13751	0.06296	0.04924	0.01016	0.01640	0.09510	0.01998	0.04705	0.04639	0.40561	0.01341	0.00810	0.00232	0.02580	0.01112	0.00552	0.00731
3	0.00929	0.00749	0.00831	0.00804	0.01022	0.00672	0.00605	0.01250	0.05168	0.02263	0.29553	0.05973	0.44477	0.01605	0.00818	0.00230	0.00355	0.01363	0.00694	0.00640
4	0.01418	0.01362	0.01891	0.01653	0.01661	0.01858	0.01346	0.01559	0.01081	0.01652	0.01239	0.05867	0.01307	0.08411	0.05498	0.00376	0.60041	0.00729	0.00338	0.00714
5	0.02166	0.09020	0.02152	0.01761	0.09428	0.04149	0.01305	0.33153	0.15551	0.03299	0.01727	0.01768	0.01306	0.00773	0.00653	0.00196	0.00719	0.00605	0.00582	0.09687
6	0.01686	0.04507	0.04936	0.01268	0.04460	0.01105	0.00976	0.08457	0.03640	0.16332	0.02842	0.13149	0.08155	0.16190	0.05176	0.00370	0.00691	0.04655	0.00593	0.00813
7	0.02213	0.01662	0.05008	0.08684	0.13603	0.01666	0.03252	0.26084	0.08023	0.15506	0.05712	0.02100	0.01612	0.00822	0.00707	0.00216	0.00741	0.00689	0.00613	0.01086
8	0.01432	0.07299	0.56252	0.01995	0.02917	0.01649	0.10119	0.02158	0.01518	0.02213	0.05039	0.01705	0.01215	0.00692	0.00678	0.00219	0.00994	0.00584	0.00327	0.00993
9	0.01538	0.01436	0.02398	0.30561	0.38874	0.01581	0.01945	0.01956	0.01486	0.02082	0.01322	0.01819	0.01069	0.00687	0.00750	0.00219	0.03962	0.00622	0.04756	0.00939
10	0.01773	0.49873	0.25072	0.01447	0.02178	0.02327	0.01623	0.02184	0.01460	0.04847	0.01136	0.01285	0.00928	0.00629	0.00527	0.00175	0.00830	0.00432	0.00322	0.00951
11	0.01288	0.01056	0.01244	0.00983	0.01419	0.00835	0.00738	0.01522	0.01365	0.02059	0.01798	0.13659	0.01828	0.11891	0.01026	0.00217	0.00523	0.00753	0.00452	0.55343
12	0.00950	0.00812	0.00924	0.00947	0.01112	0.03738	0.02610	0.01128	0.01531	0.01919	0.10552	0.35603	0.31945	0.01840	0.00844	0.00252	0.00437	0.01612	0.00637	0.00605
13	0.01511	0.01320	0.01686	0.01380	0.07059	0.01057	0.03870	0.03692	0.01518	0.02332	0.01265	0.01494	0.01044	0.00537	0.00548	0.00120	0.00576	0.00453	0.00414	0.68123
14	0.01142	0.00894	0.01070	0.01120	0.01289	0.00934	0.00828	0.01831	0.20972	0.02217	0.08542	0.39942	0.05861	0.01737	0.00840	0.00268	0.00466	0.08638	0.00674	0.00736
15	0.01588	0.01172	0.01348	0.01203	0.01504	0.01244	0.00933	0.15236	0.20004	0.05958	0.25384	0.13456	0.03804	0.01279	0.00777	0.00233	0.00504	0.02761	0.00723	0.00889
16	0.00898	0.00659	0.00816	0.00918	0.01007	0.00612	0.00640	0.01038	0.01384	0.01797	0.05816	0.43326	0.17582	0.12220	0.01252	0.00331	0.00454	0.08070	0.00619	0.00561
17	0.01359	0.01286	0.01651	0.05407	0.01694	0.05509	0.01200	0.01520	0.01163	0.01641	0.01548	0.09152	0.01624	0.12441	0.12698	0.00467	0.37782	0.00811	0.00368	0.00678
18	0.01527	0.01527	0.02137	0.01832	0.01832	0.02137	0.01527	0.01679	0.01069	0.01679	0.00916	0.01527	0.00916	0.01221	0.02290	0.00305	0.74198	0.00611	0.00305	0.00763
19	0.01059	0.00832	0.01244	0.01185	0.01302	0.00969	0.02983	0.01279	0.01120	0.01609	0.01827	0.02860	0.01764	0.13853	0.56311	0.00976	0.07061	0.00774	0.00374	0.00618
20	0.01447	0.01240	0.01447	0.01034	0.01654	0.00930	0.00827	0.01757	0.01447	0.02274	0.01240	0.01447	0.01034	0.00517	0.00517	0.00103	0.00517	0.00413	0.00413	0.79742
21	0.00934	0.00707	0.00861	0.00832	0.01012	0.00634	0.00620	0.01210	0.01835	0.02487	0.49204	0.08590	0.25407	0.01559	0.00826	0.00227	0.00340	0.01354	0.00728	0.00634
22	0.01424	0.00825	0.00873	0.00828	0.01029	0.00848	0.00627	0.10846	0.01697	0.02734	0.02416	0.12744	0.02106	0.01011	0.00574	0.00186	0.00398	0.00836	0.57283	0.00713
23	0.00990	0.00738	0.00928	0.00914	0.01084	0.00691	0.00690	0.01339	0.04364	0.02529	0.48284	0.12434	0.14587	0.01566	0.00836	0.00236	0.00371	0.06035	0.00729	0.00656
24	0.02298	0.01778	0.01895	0.01534	0.02029	0.01998	0.01241	0.43621	0.29033	0.03826	0.02126	0.02034	0.01552	0.00880	0.00703	0.00220	0.00684	0.00690	0.00703	0.01155
25	0.01006	0.00712	0.00940	0.00940	0.01002	0.00774	0.00646	0.01130	0.01068	0.01485	0.02035	0.03661	0.02144	0.40626	0.37864	0.00897	0.01268	0.00882	0.00399	0.00522
26	0.04620	0.01016	0.01232	0.01021	0.01410	0.00934	0.00819	0.04599	0.03957	0.36337	0.05711	0.03272	0.14756	0.01037	0.00679	0.00210	0.00490	0.00845	0.16117	0.00937
27	0.01072	0.00862	0.00978	0.00962	0.01174	0.00854	0.00714	0.01671	0.16563	0.02333	0.22438	0.19289	0.25274	0.01582	0.00813	0.00241	0.00401	0.01371	0.00694	0.00716
28	0.01001	0.00686	0.00836	0.00846	0.00873	0.00708	0.00526	0.01058	0.01057	0.01433	0.02239	0.08715	0.02513	0.56859	0.17092	0.00740	0.00896	0.01024	0.00428	0.00472
29	0.01946	0.11761	0.15920	0.02211	0.18213	0.21412	0.01667	0.06897	0.01757	0.02206	0.01314	0.01554	0.01052	0.00688	0.00618	0.00191	0.00923	0.00525	0.08201	0.00943
30	0.11925	0.09681	0.07911	0.01832	0.08058	0.19529	0.04238	0.21329	0.02108	0.05154	0.01330	0.01470	0.01015	0.00718	0.00625	0.00199	0.00897	0.00529	0.00469	0.00981
31	0.57543	0.04357	0.01436	0.01289	0.06012	0.06556	0.00972	0.10304	0.01533	0.03079	0.01087	0.01246	0.00846	0.00672	0.00495	0.00210	0.00643	0.00429	0.00449	0.00840
32	0.01687	0.04429	0.16964	0.06575	0.16485	0.06828	0.03557	0.11646	0.06879	0.02493	0.05161	0.02464	0.10073	0.00874	0.00702	0.00215	0.00807	0.00732	0.00466	0.00964

[dist]
# distance from previous block
# <min> <max>
0	9

[block]
# block no. 3 follows, 30 sequences, length 12
# corresponding to MSA columns:
# 231-242
name=unknown_D
#
# <colnr> <probs for GDERKNQSTAVLIFYWHMCP>
#	G	D	E	R	K	N	Q	S	T	A	V	L	I	F	Y	W	H	M	C	P
0	0.01506	0.01078	0.01235	0.01100	0.01456	0.01038	0.00854	0.02230	0.21052	0.11205	0.03697	0.13486	0.18000	0.01266	0.00739	0.00221	0.00490	0.04207	0.00653	0.14488
1	0.01021	0.00709	0.00888	0.00889	0.01049	0.00651	0.00648	0.01243	0.01642	0.05537	0.29332	0.22562	0.20505	0.04570	0.05238	0.00309	0.00471	0.01424	0.00679	0.00634
2	0.01928	0.01010	0.01315	0.01175	0.01502	0.00959	0.00953	0.05438	0.06288	0.28158	0.18929	0.09406	0.03558	0.01320	0.00800	0.00245	0.00534	0.14823	0.00761	0.00898
3	0.01866	0.75896	0.03657	0.01194	0.01791	0.02761	0.01194	0.02090	0.01418	0.01642	0.00970	0.01119	0.00896	0.00597	0.00448	0.00149	0.00746	0.00373	0.00299	0.00896
4	0.01447	0.01240	0.01447	0.01034	0.01654	0.00930	0.00827	0.01757	0.01447	0.02274	0.01240	0.01447	0.01034	0.00517	0.00517	0.00103	0.00517	0.00413	0.00413	0.79742
5	0.02008	0.01703	0.01704	0.01456	0.01887	0.06357	0.01151	0.22686	0.41766	0.03215	0.02637	0.02490	0.05888	0.00949	0.00708	0.00225	0.00649	0.00761	0.00680	0.01079
6	0.04175	0.01219	0.10833	0.01154	0.01379	0.03097	0.00984	0.01364	0.01335	0.01897	0.09660	0.24384	0.03020	0.13758	0.15442	0.00489	0.03516	0.01150	0.00493	0.00652
7	0.01143	0.00769	0.00954	0.01008	0.01163	0.00728	0.00732	0.04080	0.03861	0.07316	0.04206	0.47109	0.15999	0.01894	0.00855	0.00268	0.00446	0.06133	0.00668	0.00667
8	0.01400	0.03610	0.71860	0.01989	0.03020	0.01621	0.02578	0.02210	0.01473	0.02210	0.01252	0.01473	0.00884	0.00663	0.00663	0.00221	0.01031	0.00516	0.00295	0.01031
9	0.01400	0.03610	0.71860	0.01989	0.03020	0.01621	0.02578	0.02210	0.01473	0.02210	0.01252	0.01473	0.00884	0.00663	0.00663	0.00221	0.01031	0.00516	0.00295	0.01031
10	0.07145	0.01743	0.02146	0.39422	0.09974	0.13657	0.04224	0.09503	0.01718	0.02218	0.01256	0.01677	0.00963	0.00702	0.00672	0.00218	0.00941	0.00583	0.00375	0.00863
11	0.01409	0.00931	0.01139	0.01025	0.01283	0.00913	0.00787	0.04686	0.11771	0.11111	0.43345	0.07498	0.08653	0.01317	0.00790	0.00225	0.00416	0.01143	0.00756	0.00801

[dist]
# distance from previous block
# <min> <max>
0	11

[block]
# block no. 4 follows, 30 sequences, length 22
# corresponding to MSA columns:
# 254-275
name=unknown_E
#
# <colnr> <probs for GDERKNQSTAVLIFYWHMCP>
#	G	D	E	R	K	N	Q	S	T	A	V	L	I	F	Y	W	H	M	C	P
0	0.20587	0.01472	0.01608	0.01288	0.01791	0.01547	0.01056	0.21052	0.10303	0.29213	0.02059	0.01925	0.01404	0.00817	0.00640	0.00217	0.00624	0.00618	0.00701	0.01078
1	0.08404	0.22260	0.20338	0.01437	0.02041	0.07411	0.03676	0.02194	0.01619	0.09682	0.12631	0.02052	0.01903	0.00792	0.00618	0.00197	0.00774	0.00612	0.00453	0.00906
2	0.14199	0.01345	0.01576	0.01250	0.01745	0.01338	0.01019	0.14234	0.07197	0.42170	0.02293	0.02178	0.01556	0.03783	0.00775	0.00235	0.00616	0.00661	0.00743	0.01088
3	0.04540	0.01677	0.11551	0.05464	0.02416	0.03225	0.21015	0.06188	0.01671	0.04144	0.07681	0.08984	0.09095	0.03335	0.00907	0.00251	0.03233	0.03308	0.00481	0.00834
4	0.00880	0.00645	0.00823	0.00953	0.01034	0.00598	0.00667	0.01025	0.01388	0.01809	0.04256	0.54878	0.14642	0.05216	0.01001	0.00297	0.00432	0.08244	0.00638	0.00572
5	0.01508	0.01257	0.01340	0.01201	0.01513	0.03635	0.00929	0.08338	0.32187	0.02892	0.27768	0.03719	0.08469	0.01163	0.00756	0.00226	0.00499	0.00984	0.00714	0.00903
6	0.00904	0.00653	0.00814	0.00901	0.00979	0.00610	0.00612	0.01042	0.01395	0.01846	0.11620	0.42417	0.13162	0.15404	0.01363	0.00343	0.00449	0.04310	0.00620	0.00557
7	0.62570	0.01457	0.01251	0.01061	0.01521	0.01656	0.00874	0.14670	0.01615	0.06205	0.01178	0.01287	0.00877	0.00692	0.00493	0.00215	0.00585	0.00438	0.00500	0.00855
8	0.00935	0.00697	0.00855	0.00925	0.01057	0.00646	0.00688	0.01126	0.01508	0.01953	0.12855	0.25035	0.23481	0.10144	0.01177	0.00314	0.00460	0.14924	0.00636	0.00584
9	0.02607	0.03326	0.01978	0.01798	0.02157	0.72674	0.01348	0.02787	0.01978	0.01708	0.01079	0.01258	0.00899	0.00719	0.00629	0.00180	0.01258	0.00449	0.00360	0.00809
10	0.05543	0.01722	0.02069	0.01582	0.02135	0.03974	0.06873	0.37548	0.02611	0.25801	0.01957	0.01886	0.01326	0.00814	0.00698	0.00213	0.00753	0.00654	0.00702	0.01139
11	0.01000	0.00735	0.01058	0.01058	0.01160	0.00838	0.00793	0.01205	0.01103	0.01573	0.01927	0.03064	0.01885	0.17652	0.60484	0.01043	0.01658	0.00795	0.00382	0.00588
12	0.03762	0.01560	0.05152	0.36175	0.24300	0.04017	0.07101	0.01958	0.01477	0.02013	0.01295	0.01810	0.01027	0.00896	0.04372	0.00268	0.00971	0.00626	0.00332	0.00891
13	0.01400	0.03610	0.71860	0.01989	0.03020	0.01621	0.02578	0.02210	0.01473	0.02210	0.01252	0.01473	0.00884	0.00663	0.00663	0.00221	0.01031	0.00516	0.00295	0.01031
14	0.00870	0.00635	0.00820	0.00929	0.01010	0.00584	0.00638	0.01032	0.01468	0.01961	0.15277	0.56525	0.11641	0.02018	0.00873	0.00268	0.00387	0.01812	0.00668	0.00584
15	0.01301	0.00650	0.00650	0.00650	0.00813	0.00650	0.00488	0.01626	0.01463	0.02602	0.02276	0.02602	0.01789	0.00813	0.00488	0.00163	0.00325	0.00650	0.79350	0.00650
16	0.20039	0.01363	0.01390	0.01162	0.01561	0.01487	0.00935	0.25562	0.06696	0.07957	0.04624	0.05250	0.01675	0.00882	0.00609	0.00207	0.00567	0.00676	0.16428	0.00926
17	0.00871	0.00631	0.00826	0.00962	0.01031	0.00586	0.00664	0.01020	0.01409	0.01869	0.08323	0.62166	0.09549	0.02094	0.00885	0.00278	0.00408	0.05192	0.00655	0.00578
18	0.01792	0.05246	0.02039	0.01708	0.01861	0.21113	0.01382	0.02043	0.04318	0.01733	0.01138	0.01601	0.01044	0.01435	0.08529	0.00341	0.40974	0.00578	0.00344	0.00783
19	0.01173	0.00708	0.00914	0.00960	0.01054	0.00675	0.00654	0.01289	0.01315	0.09495	0.03133	0.39887	0.03511	0.23698	0.05321	0.00436	0.00590	0.03994	0.00592	0.00600
20	0.32486	0.12535	0.04594	0.04895	0.01810	0.04779	0.01077	0.09001	0.10091	0.02738	0.03629	0.01785	0.03390	0.00942	0.03409	0.00244	0.00706	0.00550	0.00474	0.00865
21	0.58958	0.04304	0.01174	0.00983	0.01348	0.01492	0.00809	0.01899	0.01193	0.02763	0.01159	0.01453	0.00960	0.01380	0.11639	0.00354	0.03407	0.00454	0.03533	0.00737

[dist]
# distance from previous block
# <min> <max>
0	2

[block]
# block no. 5 follows, 30 sequences, length 41
# corresponding to MSA columns:
# 278-318
name=unknown_F
#
# <colnr> <probs for GDERKNQSTAVLIFYWHMCP>
#	G	D	E	R	K	N	Q	S	T	A	V	L	I	F	Y	W	H	M	C	P
0	0.01897	0.06190	0.02170	0.05107	0.20385	0.04195	0.04092	0.13061	0.13038	0.08312	0.05705	0.02311	0.04345	0.01083	0.04785	0.00264	0.00797	0.00718	0.00537	0.01010
1	0.07344	0.01397	0.01607	0.01315	0.01793	0.01447	0.01062	0.13015	0.24540	0.32239	0.02663	0.02422	0.04151	0.00906	0.00691	0.00223	0.00594	0.00727	0.00754	0.01112
2	0.01295	0.01073	0.03477	0.01212	0.04108	0.00945	0.00929	0.07606	0.04277	0.04119	0.03637	0.21723	0.17569	0.01461	0.00779	0.00233	0.00526	0.10341	0.00597	0.14091
3	0.07292	0.01229	0.01307	0.01198	0.01502	0.03843	0.00922	0.07284	0.24910	0.06922	0.10271	0.14105	0.07528	0.01556	0.06649	0.00308	0.00643	0.01009	0.00651	0.00873
4	0.07758	0.12110	0.01981	0.01552	0.06229	0.19051	0.01172	0.16321	0.04903	0.04905	0.13521	0.02250	0.03634	0.00877	0.00652	0.00198	0.00772	0.00669	0.00535	0.00909
5	0.06865	0.04070	0.05323	0.01689	0.09275	0.01466	0.05281	0.13909	0.04524	0.13517	0.03878	0.04019	0.03989	0.00832	0.00721	0.00201	0.03602	0.00680	0.03323	0.12837
6	0.09146	0.26930	0.09754	0.06314	0.04495	0.07832	0.04051	0.06500	0.05398	0.04333	0.01326	0.01629	0.01101	0.04726	0.00800	0.00222	0.03621	0.00531	0.00394	0.00900
