[name]
unknown

[dist]
# distance from previous block
# <min> <max>
0	36

[block]
# block no. 0 follows, 33 sequences, length 124
# corresponding to MSA columns:
# 43-133,143-175
name=unknown_A
#
# <colnr> <probs for GDERKNQSTAVLIFYWHMCP>
#	G	D	E	R	K	N	Q	S	T	A	V	L	I	F	Y	W	H	M	C	P
0	0.12390	0.11396	0.17653	0.03600	0.04443	0.05063	0.08900	0.04044	0.03434	0.08821	0.03536	0.04143	0.03295	0.00791	0.00671	0.00207	0.03361	0.02969	0.00422	0.00862
1	0.07341	0.03404	0.01592	0.01398	0.06378	0.06159	0.05289	0.09368	0.11748	0.02395	0.08375	0.06840	0.06534	0.05551	0.00803	0.00216	0.00609	0.00760	0.00505	0.14736
2	0.14452	0.01430	0.01582	0.01216	0.01726	0.01428	0.03156	0.24948	0.06029	0.04995	0.01427	0.01573	0.01101	0.02719	0.00635	0.00177	0.00598	0.00509	0.00510	0.29791
3	0.15050	0.01553	0.10158	0.01236	0.01710	0.01399	0.01096	0.11627	0.20748	0.09234	0.07642	0.02121	0.01757	0.03428	0.00703	0.00214	0.00589	0.00631	0.00559	0.08546
4	0.01813	0.01715	0.06046	0.04842	0.28141	0.06443	0.07439	0.06739	0.13792	0.08697	0.01595	0.01786	0.01223	0.00720	0.00767	0.00210	0.05978	0.00620	0.00446	0.00987
5	0.01811	0.08836	0.10365	0.02952	0.41805	0.07671	0.01804	0.12728	0.01750	0.02355	0.01238	0.01507	0.00998	0.00628	0.00624	0.00190	0.00820	0.00542	0.00369	0.01006
6	0.01634	0.10606	0.43824	0.01934	0.10629	0.01591	0.01979	0.02238	0.03396	0.11547	0.01380	0.01527	0.00999	0.00664	0.00664	0.00202	0.03319	0.00517	0.00367	0.00981
7	0.01525	0.35410	0.17357	0.01385	0.01970	0.01894	0.06354	0.02083	0.09595	0.01995	0.09750	0.01814	0.01635	0.00704	0.00564	0.00176	0.00712	0.00558	0.00387	0.04132
8	0.01919	0.02078	0.20855	0.07378	0.15187	0.06194	0.01677	0.16207	0.04285	0.12906	0.01599	0.04040	0.01204	0.00741	0.00651	0.00204	0.00799	0.00608	0.00472	0.00994
9	0.00956	0.00642	0.00736	0.00736	0.00742	0.00648	0.00421	0.00969	0.00963	0.01290	0.02058	0.04217	0.02354	0.73046	0.07115	0.00661	0.00698	0.00944	0.00396	0.00409
10	0.02155	0.16461	0.15061	0.01591	0.02101	0.41482	0.01438	0.05032	0.01732	0.05583	0.01134	0.01271	0.00897	0.00659	0.00574	0.00174	0.01010	0.00441	0.00355	0.00848
11	0.01466	0.20165	0.47315	0.01627	0.02402	0.03628	0.01939	0.03880	0.01450	0.02020	0.04978	0.01506	0.01137	0.00673	0.00636	0.00194	0.03255	0.00498	0.00315	0.00915
12	0.00996	0.00932	0.08434	0.00841	0.00944	0.00733	0.00615	0.01077	0.01003	0.01362	0.01980	0.03999	0.02228	0.68776	0.03062	0.00593	0.00674	0.00907	0.00386	0.00460
13	0.00938	0.00706	0.01037	0.01045	0.01170	0.00805	0.00818	0.01173	0.01106	0.01565	0.02115	0.03042	0.05520	0.04599	0.66467	0.00974	0.01626	0.04325	0.00380	0.00587
14	0.01620	0.01417	0.03436	0.09158	0.02000	0.01562	0.01137	0.10513	0.47982	0.02735	0.04983	0.02466	0.04103	0.00887	0.00668	0.00217	0.00574	0.00736	0.02832	0.00974
15	0.01320	0.03405	0.73453	0.01876	0.02849	0.01529	0.02432	0.02085	0.01390	0.02085	0.01181	0.01390	0.00834	0.00625	0.00625	0.00208	0.00973	0.00486	0.00278	0.00973
16	0.00917	0.00667	0.00863	0.00824	0.00977	0.00613	0.00614	0.01209	0.01812	0.02543	0.65275	0.08783	0.09631	0.01401	0.00780	0.00211	0.00316	0.01237	0.00713	0.00613
17	0.01629	0.01564	0.02672	0.04041	0.72757	0.01564	0.02020	0.02020	0.01499	0.02151	0.01238	0.01629	0.01043	0.00587	0.00652	0.00196	0.00782	0.00587	0.00326	0.01043
18	0.01389	0.03224	0.66548	0.01912	0.02850	0.01519	0.06819	0.02123	0.01417	0.04423	0.01238	0.01443	0.00871	0.00627	0.00637	0.00209	0.00968	0.00511	0.00299	0.00972
19	0.00778	0.00667	0.00667	0.00667	0.00889	0.00556	0.00500	0.00945	0.01501	0.01778	0.06669	0.06336	0.72490	0.01667	0.00778	0.00222	0.00333	0.01389	0.00611	0.00556
20	0.01320	0.03405	0.73453	0.01876	0.02849	0.01529	0.02432	0.02085	0.01390	0.02085	0.01181	0.01390	0.00834	0.00625	0.00625	0.00208	0.00973	0.00486	0.00278	0.00973
21	0.01629	0.01564	0.02672	0.04041	0.72757	0.01564	0.02020	0.02020	0.01499	0.02151	0.01238	0.01629	0.01043	0.00587	0.00652	0.00196	0.00782	0.00587	0.00326	0.01043
22	0.01243	0.01170	0.01975	0.75282	0.04534	0.01463	0.01828	0.01682	0.01316	0.01682	0.01170	0.01755	0.00878	0.00658	0.00658	0.00219	0.00878	0.00585	0.00293	0.00731
23	0.01760	0.77260	0.03450	0.01126	0.01690	0.02605	0.01126	0.01971	0.01338	0.01549	0.00915	0.01056	0.00845	0.00563	0.00422	0.00141	0.00704	0.00352	0.00282	0.00845
24	0.02516	0.01823	0.01962	0.01505	0.02031	0.02010	0.01243	0.68574	0.03060	0.06187	0.01611	0.01600	0.01135	0.00791	0.00659	0.00198	0.00720	0.00595	0.00663	0.01120
25	0.00923	0.00669	0.00870	0.00827	0.00980	0.00616	0.00617	0.01222	0.01831	0.02580	0.67988	0.07540	0.08101	0.01381	0.00779	0.00210	0.00314	0.01221	0.00717	0.00616
26	0.00802	0.00573	0.00764	0.00917	0.00955	0.00535	0.00611	0.00917	0.01260	0.01681	0.03628	0.76434	0.04354	0.02062	0.00840	0.00267	0.00382	0.01872	0.00611	0.00535
27	0.01637	0.01414	0.01489	0.01340	0.01712	0.01637	0.01042	0.03498	0.71568	0.02754	0.02679	0.02456	0.02010	0.00893	0.00670	0.00223	0.00521	0.00744	0.00670	0.01042
28	0.01753	0.01400	0.01573	0.01159	0.01724	0.01275	0.00941	0.25160	0.01955	0.02829	0.01310	0.01439	0.01024	0.00591	0.00546	0.00132	0.00568	0.00459	0.00482	0.53680
29	0.01702	0.01497	0.02338	0.03246	0.52819	0.01509	0.01725	0.08052	0.06270	0.05075	0.03555	0.01933	0.03508	0.00685	0.00656	0.00196	0.00715	0.00636	0.00418	0.03463
30	0.01554	0.01776	0.03885	0.02775	0.03441	0.01665	0.70366	0.02109	0.01554	0.02109	0.01332	0.01776	0.00999	0.00555	0.00777	0.00222	0.01110	0.00777	0.00333	0.00888
31	0.01554	0.01776	0.03885	0.02775	0.03441	0.01665	0.70366	0.02109	0.01554	0.02109	0.01332	0.01776	0.00999	0.00555	0.00777	0.00222	0.01110	0.00777	0.00333	0.00888
32	0.00778	0.00667	0.00667	0.00667	0.00889	0.00556	0.00500	0.00945	0.01501	0.01778	0.06669	0.06336	0.72490	0.01667	0.00778	0.00222	0.00333	0.01389	0.00611	0.00556
33	0.01767	0.43635	0.24907	0.01393	0.02067	0.05927	0.01525	0.02152	0.01431	0.08103	0.01153	0.01272	0.00912	0.00611	0.00516	0.00169	0.00800	0.00425	0.00331	0.00905
34	0.01243	0.01170	0.01975	0.75282	0.04534	0.01463	0.01828	0.01682	0.01316	0.01682	0.01170	0.01755	0.00878	0.00658	0.00658	0.00219	0.00878	0.00585	0.00293	0.00731
35	0.00802	0.00573	0.00764	0.00917	0.00955	0.00535	0.00611	0.00917	0.01260	0.01681	0.03628	0.76434	0.04354	0.02062	0.00840	0.00267	0.00382	0.01872	0.00611	0.00535
36	0.00802	0.00573	0.00764	0.00917	0.00955	0.00535	0.00611	0.00917	0.01260	0.01681	0.03628	0.76434	0.04354	0.02062	0.00840	0.00267	0.00382	0.01872	0.00611	0.00535
37	0.01284	0.01212	0.02049	0.67724	0.11771	0.01473	0.01849	0.01718	0.01336	0.01732	0.01177	0.01742	0.00895	0.00651	0.00658	0.00217	0.00867	0.00585	0.00296	0.00764
38	0.01365	0.01170	0.01365	0.00975	0.01560	0.00878	0.00780	0.01658	0.01365	0.02145	0.01170	0.01365	0.00975	0.00488	0.00488	0.00098	0.00488	0.00390	0.00390	0.80888
39	0.81514	0.01273	0.00968	0.00866	0.01273	0.01477	0.00713	0.01935	0.01120	0.02954	0.00917	0.01069	0.00713	0.00611	0.00407	0.00204	0.00509	0.00356	0.00407	0.00713
40	0.02534	0.01794	0.01945	0.01491	0.02017	0.01967	0.01232	0.65888	0.03011	0.08942	0.01651	0.01626	0.01155	0.00792	0.00659	0.00198	0.00713	0.00598	0.00669	0.01120
41	0.01853	0.01521	0.01610	0.01383	0.01794	0.01738	0.01094	0.20204	0.54511	0.03101	0.02406	0.02238	0.01788	0.00868	0.00667	0.00217	0.00572	0.00707	0.00667	0.01061
42	0.00940	0.00705	0.01058	0.01058	0.01176	0.00823	0.00823	0.01176	0.01058	0.01528	0.01763	0.02586	0.01646	0.04937	0.74255	0.01058	0.01763	0.00705	0.00353	0.00588
43	0.00945	0.00647	0.00769	0.03349	0.00886	0.00652	0.00480	0.00977	0.01014	0.01350	0.02271	0.14809	0.02628	0.63222	0.02888	0.00569	0.00609	0.01079	0.00426	0.00430
44	0.02459	0.03138	0.01866	0.01696	0.02035	0.74221	0.01272	0.02629	0.01866	0.01611	0.01018	0.01187	0.00848	0.00678	0.00594	0.00170	0.01187	0.00424	0.00339	0.00763
45	0.00802	0.00573	0.00764	0.00917	0.00955	0.00535	0.00611	0.00917	0.01260	0.01681	0.03628	0.76434	0.04354	0.02062	0.00840	0.00267	0.00382	0.01872	0.00611	0.00535
46	0.02459	0.03138	0.01866	0.01696	0.02035	0.74221	0.01272	0.02629	0.01866	0.01611	0.01018	0.01187	0.00848	0.00678	0.00594	0.00170	0.01187	0.00424	0.00339	0.00763
47	0.01365	0.01170	0.01365	0.00975	0.01560	0.00878	0.00780	0.01658	0.01365	0.02145	0.01170	0.01365	0.00975	0.00488	0.00488	0.00098	0.00488	0.00390	0.00390	0.80888
48	0.00957	0.00638	0.00718	0.00718	0.00718	0.00638	0.00399	0.00957	0.00957	0.01276	0.02074	0.04308	0.02393	0.76864	0.03351	0.00638	0.00638	0.00957	0.00399	0.00399
49	0.01389	0.05907	0.68647	0.01827	0.02770	0.01548	0.02339	0.02118	0.01404	0.04403	0.01219	0.01406	0.00860	0.00630	0.00620	0.00206	0.00950	0.00488	0.00296	0.00973
50	0.00932	0.00673	0.00880	0.00828	0.00984	0.00621	0.00621	0.01242	0.01863	0.02640	0.72410	0.04918	0.06212	0.01346	0.00776	0.00207	0.00311	0.01191	0.00725	0.00621
51	0.00802	0.00573	0.00764	0.00917	0.00955	0.00535	0.00611	0.00917	0.01260	0.01681	0.03628	0.76434	0.04354	0.02062	0.00840	0.00267	0.00382	0.01872	0.00611	0.00535
52	0.01543	0.01745	0.03712	0.02678	0.03282	0.01697	0.63990	0.02060	0.01503	0.02060	0.01289	0.01745	0.00986	0.00610	0.00905	0.00228	0.08007	0.00758	0.00329	0.00872
53	0.00833	0.00654	0.00753	0.00760	0.00931	0.00574	0.00558	0.01039	0.01582	0.02048	0.27971	0.17124	0.39579	0.01624	0.00788	0.00224	0.00334	0.01401	0.00649	0.00574
54	0.01569	0.40444	0.36561	0.01496	0.02247	0.03874	0.01748	0.02041	0.01376	0.01804	0.01044	0.01217	0.00840	0.00596	0.00523	0.00174	0.00843	0.00417	0.00281	0.00903
55	0.01367	0.01174	0.01411	0.01060	0.01535	0.01023	0.00854	0.01640	0.01315	0.02085	0.01188	0.01444	0.01004	0.00599	0.00724	0.00128	0.11163	0.00430	0.05368	0.64490
56	0.01785	0.32924	0.17780	0.01396	0.01998	0.03850	0.01406	0.11457	0.15425	0.03876	0.01449	0.01503	0.01126	0.00680	0.00556	0.00181	0.00737	0.00499	0.00421	0.00952
57	0.01754	0.01168	0.01404	0.01205	0.01567	0.01219	0.03027	0.02797	0.35401	0.19116	0.16511	0.03094	0.06833	0.00998	0.00699	0.00215	0.00496	0.00851	0.00701	0.00945
58	0.01777	0.06329	0.08929	0.01598	0.09396	0.03600	0.01259	0.17786	0.11727	0.04199	0.01497	0.01594	0.01150	0.00655	0.00586	0.00167	0.00660	0.00521	0.00474	0.26095
59	0.00813	0.00631	0.00740	0.00792	0.00931	0.00558	0.00564	0.00982	0.01465	0.01881	0.16253	0.33866	0.34628	0.01771	0.00802	0.00238	0.00349	0.01548	0.00630	0.00558
60	0.01643	0.30281	0.40657	0.01532	0.02308	0.01868	0.01808	0.02154	0.01420	0.08917	0.01224	0.01351	0.00917	0.00621	0.00555	0.00183	0.00833	0.00454	0.00332	0.00940
61	0.01437	0.16318	0.49455	0.01891	0.02740	0.01743	0.13432	0.02069	0.01408	0.01993	0.01159	0.01394	0.00863	0.00603	0.00614	0.00199	0.00948	0.00510	0.00288	0.00936
62	0.00930	0.00695	0.00764	0.00741	0.00964	0.00596	0.00566	0.01131	0.01585	0.05716	0.17864	0.05908	0.54728	0.01571	0.00776	0.00221	0.00351	0.03652	0.00642	0.00599
63	0.01629	0.01564	0.02672	0.04041	0.72757	0.01564	0.02020	0.02020	0.01499	0.02151	0.01238	0.01629	0.01043	0.00587	0.00652	0.00196	0.00782	0.00587	0.00326	0.01043
64	0.01621	0.01587	0.02801	0.03906	0.65404	0.01575	0.09271	0.02030	0.01505	0.02146	0.01248	0.01645	0.01038	0.00583	0.00665	0.00198	0.00817	0.00607	0.00327	0.01026
65	0.01555	0.01500	0.02593	0.17093	0.57384	0.01550	0.04770	0.01962	0.01468	0.02063	0.01230	0.01658	0.01011	0.00598	0.00658	0.00201	0.00813	0.00594	0.00320	0.00979
66	0.00940	0.00705	0.01058	0.01058	0.01176	0.00823	0.00823	0.01176	0.01058	0.01528	0.01763	0.02586	0.01646	0.04937	0.74255	0.01058	0.01763	0.00705	0.00353	0.00588
67	0.01266	0.01194	0.02017	0.70991	0.08643	0.01469	0.01840	0.01702	0.01327	0.01710	0.01174	0.01748	0.00888	0.00654	0.00658	0.00218	0.00872	0.00585	0.00295	0.00750
68	0.01473	0.01351	0.02109	0.43366	0.13852	0.01559	0.05652	0.07063	0.12785	0.02128	0.01462	0.01838	0.01109	0.00689	0.00666	0.00215	0.00808	0.00623	0.00387	0.00864
69	0.00873	0.00624	0.00846	0.00998	0.01068	0.00596	0.00735	0.01040	0.01331	0.01760	0.03589	0.57407	0.04198	0.01995	0.00859	0.00277	0.00444	0.20194	0.00610	0.00554
70	0.02503	0.01844	0.01976	0.01515	0.02042	0.02042	0.01251	0.70562	0.03095	0.04149	0.01581	0.01581	0.01120	0.00790	0.00659	0.00198	0.00724	0.00593	0.00659	0.01120
71	0.00789	0.00652	0.00683	0.00704	0.00892	0.00556	0.00512	0.00941	0.01444	0.01744	0.06050	0.16219	0.59947	0.04787	0.00892	0.00246	0.00353	0.01440	0.00603	0.00546
72	0.00802	0.00573	0.00764	0.00917	0.00955	0.00535	0.00611	0.00917	0.01260	0.01681	0.03628	0.76434	0.04354	0.02062	0.00840	0.00267	0.00382	0.01872	0.00611	0.00535
73	0.00913	0.00662	0.00860	0.00832	0.00977	0.00610	0.00616	0.01197	0.01787	0.02508	0.62831	0.12553	0.08315	0.01433	0.00783	0.00214	0.00319	0.01270	0.00709	0.00610
74	0.01440	0.01440	0.02016	0.01728	0.01728	0.02016	0.01440	0.01584	0.01008	0.01584	0.00864	0.01440	0.00864	0.01152	0.02160	0.00288	0.75659	0.00576	0.00288	0.00720
75	0.01365	0.01170	0.01365	0.00975	0.01560	0.00878	0.00780	0.01658	0.01365	0.02145	0.01170	0.01365	0.00975	0.00488	0.00488	0.00098	0.00488	0.00390	0.00390	0.80888
76	0.01760	0.77260	0.03450	0.01126	0.01690	0.02605	0.01126	0.01971	0.01338	0.01549	0.00915	0.01056	0.00845	0.00563	0.00422	0.00141	0.00704	0.00352	0.00282	0.00845
77	0.01629	0.01564	0.02672	0.04041	0.72757	0.01564	0.02020	0.02020	0.01499	0.02151	0.01238	0.01629	0.01043	0.00587	0.00652	0.00196	0.00782	0.00587	0.00326	0.01043
78	0.02459	0.03138	0.01866	0.01696	0.02035	0.74221	0.01272	0.02629	0.01866	0.01611	0.01018	0.01187	0.00848	0.00678	0.00594	0.00170	0.01187	0.00424	0.00339	0.00763
79	0.01385	0.01474	0.02879	0.02109	0.02657	0.01361	0.45413	0.01821	0.01502	0.02041	0.02222	0.02606	0.12678	0.00779	0.00782	0.00209	0.03100	0.02689	0.00392	0.11900
80	0.01725	0.65484	0.12418	0.01240	0.01850	0.04653	0.01299	0.02006	0.01361	0.01620	0.00953	0.01103	0.00844	0.00575	0.00454	0.00150	0.00753	0.00372	0.00283	0.00859
81	0.01872	0.52586	0.10516	0.01335	0.01891	0.18760	0.01298	0.02133	0.01463	0.01620	0.00967	0.01121	0.00844	0.00596	0.00483	0.00155	0.00842	0.00383	0.00294	0.00840
82	0.02066	0.01414	0.02004	0.01989	0.18137	0.03895	0.07959	0.09992	0.01788	0.24368	0.01945	0.04518	0.03605	0.00751	0.00652	0.00189	0.00682	0.00664	0.00545	0.12837
83	0.01438	0.23167	0.54722	0.01676	0.02539	0.01817	0.02083	0.02054	0.01376	0.01941	0.01110	0.01301	0.00837	0.00609	0.00571	0.00190	0.00901	0.00450	0.00279	0.00939
84	0.01243	0.01170	0.01975	0.75282	0.04534	0.01463	0.01828	0.01682	0.01316	0.01682	0.01170	0.01755	0.00878	0.00658	0.00658	0.00219	0.00878	0.00585	0.00293	0.00731
85	0.02939	0.01144	0.01542	0.01183	0.01692	0.01003	0.00977	0.05421	0.01924	0.70944	0.02564	0.02219	0.01613	0.00814	0.00662	0.00204	0.00566	0.00660	0.00810	0.01120
86	0.01554	0.01776	0.03885	0.02775	0.03441	0.01665	0.70366	0.02109	0.01554	0.02109	0.01332	0.01776	0.00999	0.00555	0.00777	0.00222	0.01110	0.00777	0.00333	0.00888
87	0.01579	0.01616	0.05163	0.02351	0.06849	0.01511	0.43303	0.05761	0.07239	0.04943	0.01785	0.07319	0.01514	0.00792	0.00758	0.00226	0.00916	0.05053	0.00430	0.00891
88	0.02940	0.01142	0.01541	0.01181	0.01691	0.00999	0.00976	0.05209	0.01920	0.71162	0.02567	0.02221	0.01614	0.00814	0.00662	0.00204	0.00565	0.00660	0.00810	0.01120
89	0.00957	0.00638	0.00718	0.00718	0.00718	0.00638	0.00399	0.00957	0.00957	0.01276	0.02074	0.04308	0.02393	0.76864	0.03351	0.00638	0.00638	0.00957	0.00399	0.00399
90	0.01390	0.15026	0.62438	0.01758	0.02667	0.01698	0.02227	0.02067	0.01382	0.02001	0.01140	0.01337	0.00836	0.00616	0.00594	0.00198	0.00931	0.00465	0.00279	0.00953
91	0.00962	0.00702	0.00759	0.00726	0.00961	0.00595	0.00551	0.01154	0.01576	0.07291	0.14695	0.05846	0.58729	0.01562	0.00769	0.00219	0.00348	0.01309	0.00641	0.00607
92	0.00894	0.00671	0.00827	0.00788	0.00960	0.00605	0.00591	0.01169	0.01774	0.02427	0.56139	0.05269	0.22616	0.01425	0.00777	0.00211	0.00316	0.01240	0.00697	0.00605
93	0.02465	0.02965	0.01880	0.01672	0.02036	0.64585	0.01269	0.11698	0.02030	0.01950	0.01093	0.01240	0.00884	0.00693	0.00602	0.00173	0.01125	0.00447	0.00382	0.00811
94	0.01542	0.01455	0.02441	0.25280	0.50086	0.01549	0.01938	0.04104	0.01495	0.02074	0.01229	0.01665	0.00996	0.00614	0.00654	0.00203	0.00809	0.00586	0.00326	0.00952
95	0.02910	0.01190	0.01571	0.01204	0.01715	0.01071	0.00995	0.09722	0.02001	0.66534	0.02499	0.02177	0.01580	0.00812	0.00662	0.00203	0.00576	0.00655	0.00800	0.01120
96	0.01129	0.00581	0.00872	0.00872	0.00881	0.00590	0.00590	0.00881	0.00872	0.01172	0.01189	0.02044	0.01180	0.02480	0.07792	0.75037	0.00659	0.00581	0.00291	0.00308
97	0.01617	0.01552	0.02650	0.06270	0.70622	0.01561	0.02014	0.02010	0.01493	0.02136	0.01236	0.01633	0.01038	0.00589	0.00652	0.00196	0.00785	0.00587	0.00325	0.01033
98	0.01352	0.01166	0.01216	0.01117	0.01439	0.01279	0.00862	0.02651	0.48324	0.02430	0.04003	0.03743	0.25391	0.01150	0.00706	0.00223	0.00459	0.00958	0.00650	0.00881
99	0.00802	0.00573	0.00764	0.00917	0.00955	0.00535	0.00611	0.00917	0.01260	0.01681	0.03628	0.76434	0.04354	0.02062	0.00840	0.00267	0.00382	0.01872	0.00611	0.00535
100	0.01367	0.03394	0.70536	0.01869	0.02816	0.04491	0.02385	0.02107	0.01409	0.02066	0.01175	0.01382	0.00835	0.00628	0.00624	0.00207	0.00982	0.00484	0.00280	0.00964
101	0.02428	0.02955	0.01840	0.01650	0.02000	0.65917	0.01247	0.08453	0.01958	0.01854	0.01098	0.01257	0.00895	0.00691	0.00595	0.00172	0.01122	0.00444	0.02635	0.00790
102	0.01457	0.25901	0.49107	0.01610	0.02442	0.01831	0.01966	0.02033	0.01373	0.01923	0.01100	0.01287	0.00843	0.00601	0.00558	0.00183	0.00871	0.00441	0.00284	0.04190
103	0.01360	0.10786	0.36663	0.01417	0.02040	0.01335	0.01595	0.01900	0.03678	0.07018	0.13141	0.09613	0.04867	0.00937	0.00657	0.00207	0.00711	0.00775	0.00445	0.00855
104	0.04798	0.01437	0.01512	0.01332	0.01723	0.01645	0.01045	0.09234	0.60780	0.05083	0.02515	0.02321	0.01871	0.00871	0.00659	0.00220	0.00539	0.00714	0.00663	0.01039
105	0.01243	0.01170	0.01975	0.75282	0.04534	0.01463	0.01828	0.01682	0.01316	0.01682	0.01170	0.01755	0.00878	0.00658	0.00658	0.00219	0.00878	0.00585	0.00293	0.00731
106	0.02011	0.01458	0.02294	0.02903	0.42307	0.01442	0.04415	0.05669	0.07470	0.20723	0.01730	0.01860	0.01277	0.00679	0.00661	0.00201	0.00714	0.00627	0.00497	0.01060
107	0.01614	0.01559	0.02691	0.06348	0.68100	0.01564	0.04387	0.02012	0.01495	0.02134	0.01239	0.01639	0.01036	0.00588	0.00656	0.00197	0.00797	0.00593	0.00325	0.01027
108	0.01227	0.00614	0.00614	0.00614	0.00767	0.00614	0.00460	0.01534	0.01381	0.02454	0.02148	0.02454	0.01687	0.00767	0.00460	0.00153	0.00307	0.00614	0.80518	0.00614
109	0.00911	0.00651	0.00889	0.01041	0.01127	0.00629	0.00801	0.01105	0.01368	0.01803	0.03568	0.47316	0.04116	0.01960	0.00869	0.00282	0.00477	0.29912	0.00609	0.00565
110	0.01724	0.60588	0.15386	0.01276	0.01907	0.02390	0.01357	0.05626	0.01440	0.01779	0.00996	0.01141	0.00858	0.00586	0.00470	0.00155	0.00751	0.00388	0.00301	0.00881
111	0.00923	0.00687	0.00862	0.00835	0.00994	0.00639	0.00619	0.01248	0.04185	0.02431	0.54236	0.12600	0.14382	0.01447	0.00780	0.00216	0.00328	0.01273	0.00696	0.00618
112	0.00871	0.00686	0.00875	0.00871	0.01036	0.00691	0.00667	0.01084	0.01322	0.01740	0.10531	0.04396	0.32098	0.03212	0.36163	0.00623	0.01020	0.01041	0.00498	0.00577
113	0.01334	0.03314	0.69535	0.01927	0.02883	0.01537	0.06258	0.02086	0.01399	0.02086	0.01190	0.01412	0.00843	0.00621	0.00634	0.00209	0.00981	0.00503	0.00281	0.00968
114	0.01320	0.03405	0.73453	0.01876	0.02849	0.01529	0.02432	0.02085	0.01390	0.02085	0.01181	0.01390	0.00834	0.00625	0.00625	0.00208	0.00973	0.00486	0.00278	0.00973
115	0.02954	0.01120	0.01528	0.01171	0.01681	0.00968	0.00968	0.03208	0.01884	0.73213	0.02597	0.02241	0.01630	0.00815	0.00662	0.00204	0.00560	0.00662	0.00815	0.01120
116	0.01568	0.01511	0.02615	0.09902	0.60795	0.01528	0.05578	0.01969	0.01499	0.02126	0.03721	0.01763	0.01207	0.00617	0.00663	0.00199	0.00791	0.00618	0.00337	0.00993
117	0.27203	0.07154	0.13887	0.01350	0.01915	0.01406	0.08497	0.02347	0.01484	0.23968	0.03796	0.01676	0.01227	0.00689	0.00574	0.00202	0.00675	0.00542	0.00502	0.00906
118	0.01243	0.01170	0.01975	0.75282	0.04534	0.01463	0.01828	0.01682	0.01316	0.01682	0.01170	0.01755	0.00878	0.00658	0.00658	0.00219	0.00878	0.00585	0.00293	0.00731
119	0.01637	0.01414	0.01489	0.01340	0.01712	0.01637	0.01042	0.03498	0.71568	0.02754	0.02679	0.02456	0.02010	0.00893	0.00670	0.00223	0.00521	0.00744	0.00670	0.01042
120	0.01760	0.77260	0.03450	0.01126	0.01690	0.02605	0.01126	0.01971	0.01338	0.01549	0.00915	0.01056	0.00845	0.00563	0.00422	0.00141	0.00704	0.00352	0.00282	0.00845
121	0.01259	0.01128	0.01675	0.01459	0.01599	0.01346	0.08053	0.01460	0.01248	0.04437	0.02517	0.15882	0.12254	0.01477	0.03698	0.00290	0.33724	0.05370	0.00440	0.00684
122	0.01087	0.00815	0.01068	0.01210	0.01361	0.02824	0.01043	0.01376	0.01512	0.01945	0.03423	0.10907	0.03736	0.01799	0.00897	0.00297	0.00611	0.62883	0.00599	0.00607
123	0.00791	0.00655	0.00693	0.00709	0.00904	0.00557	0.00522	0.00959	0.01491	0.01818	0.10283	0.15373	0.59579	0.01699	0.00786	0.00227	0.00338	0.01440	0.00618	0.00557

[dist]
# distance from previous block
# <min> <max>
0	10

[block]
# block no. 1 follows, 33 sequences, length 12
# corresponding to MSA columns:
# 186-197
name=unknown_B
#
# <colnr> <probs for GDERKNQSTAVLIFYWHMCP>
#	G	D	E	R	K	N	Q	S	T	A	V	L	I	F	Y	W	H	M	C	P
0	0.02254	0.05303	0.14596	0.01318	0.01877	0.01300	0.01246	0.08775	0.10517	0.37208	0.04469	0.02233	0.04241	0.00824	0.00652	0.00204	0.00635	0.00663	0.00650	0.01034
1	0.01352	0.03186	0.64085	0.01997	0.02929	0.01547	0.11580	0.02088	0.01412	0.02088	0.01202	0.01442	0.00856	0.00616	0.00646	0.00210	0.00991	0.00526	0.00285	0.00961
2	0.01629	0.01564	0.02672	0.04041	0.72757	0.01564	0.02020	0.02020	0.01499	0.02151	0.01238	0.01629	0.01043	0.00587	0.00652	0.00196	0.00782	0.00587	0.00326	0.01043
3	0.01352	0.01281	0.02171	0.55175	0.23789	0.01491	0.01883	0.01778	0.01368	0.01814	0.01189	0.01720	0.00924	0.00638	0.00656	0.00213	0.00851	0.00585	0.00302	0.00819
4	0.01629	0.01564	0.02672	0.04041	0.72757	0.01564	0.02020	0.02020	0.01499	0.02151	0.01238	0.01629	0.01043	0.00587	0.00652	0.00196	0.00782	0.00587	0.00326	0.01043
5	0.01593	0.01527	0.02606	0.10779	0.66305	0.01555	0.02002	0.01988	0.01482	0.02106	0.01232	0.01641	0.01027	0.00593	0.00652	0.00198	0.00791	0.00586	0.00323	0.01013
6	0.01041	0.00718	0.01045	0.01039	0.01169	0.00670	0.05613	0.01194	0.01308	0.07225	0.03359	0.51570	0.07822	0.09332	0.03349	0.00318	0.00513	0.01543	0.00578	0.00595
7	0.01583	0.01517	0.02589	0.12558	0.64600	0.01552	0.01997	0.01980	0.01477	0.02095	0.01230	0.01644	0.01023	0.00595	0.00653	0.00198	0.00794	0.00586	0.00322	0.01006
8	0.01605	0.01539	0.02628	0.08566	0.68424	0.01558	0.02008	0.01999	0.01487	0.02121	0.01234	0.01637	0.01032	0.00591	0.00652	0.00197	0.00788	0.00586	0.00324	0.01023
9	0.01398	0.16469	0.61071	0.01744	0.02644	0.01719	0.02201	0.02065	0.01381	0.01990	0.01134	0.01331	0.00836	0.00614	0.00590	0.00197	0.00925	0.00463	0.00279	0.00950
10	0.67677	0.01526	0.01131	0.01001	0.01407	0.10087	0.00810	0.05939	0.01321	0.02864	0.00967	0.01113	0.00752	0.00629	0.00444	0.00199	0.00601	0.00378	0.00414	0.00742
11	0.01529	0.01462	0.02491	0.22572	0.55011	0.01538	0.01970	0.01932	0.01451	0.02029	0.01221	0.01662	0.01000	0.00605	0.00653	0.00202	0.00807	0.00586	0.00317	0.00962

[dist]
# distance from previous block
# <min> <max>
6	14

[block]
# block no. 2 follows, 33 sequences, length 25
# corresponding to MSA columns:
# 219-243
name=unknown_C
#
# <colnr> <probs for GDERKNQSTAVLIFYWHMCP>
#	G	D	E	R	K	N	Q	S	T	A	V	L	I	F	Y	W	H	M	C	P
0	0.01850	0.42796	0.05646	0.01278	0.01808	0.02233	0.01184	0.14928	0.17895	0.02327	0.01456	0.01490	0.01164	0.00684	0.00531	0.00173	0.00677	0.00493	0.00440	0.00946
1	0.01385	0.07756	0.20184	0.01220	0.01904	0.01182	0.01235	0.01793	0.01369	0.02082	0.01153	0.01347	0.00928	0.00529	0.00518	0.00130	0.00630	0.00412	0.00352	0.53890
2	0.16381	0.13703	0.25038	0.01450	0.05378	0.01509	0.01440	0.02169	0.03325	0.13896	0.06408	0.03729	0.01456	0.00739	0.00579	0.00198	0.00695	0.00569	0.00444	0.00898
3	0.24843	0.01632	0.07748	0.02611	0.37744	0.03583	0.01555	0.02130	0.01428	0.09036	0.01262	0.01493	0.00980	0.00621	0.00578	0.00199	0.00709	0.00514	0.00392	0.00941
4	0.00966	0.00739	0.01113	0.07016	0.01421	0.00864	0.00881	0.01205	0.01073	0.01527	0.01732	0.02612	0.01624	0.08468	0.64509	0.00968	0.01631	0.00709	0.00350	0.00589
5	0.01600	0.07590	0.02524	0.16231	0.48771	0.01649	0.01836	0.04257	0.05309	0.02116	0.01289	0.01649	0.01052	0.00621	0.00636	0.00197	0.00777	0.00576	0.00346	0.00974
6	0.01424	0.01419	0.02013	0.07651	0.01954	0.01972	0.01472	0.01592	0.01033	0.01592	0.00889	0.01466	0.00865	0.01112	0.02039	0.00283	0.69638	0.00577	0.00288	0.00721
7	0.02929	0.01159	0.01552	0.01190	0.01700	0.01025	0.00983	0.06837	0.01949	0.69493	0.02542	0.02205	0.01602	0.00813	0.00662	0.00203	0.00569	0.00658	0.00806	0.01120
8	0.00888	0.00671	0.00819	0.00782	0.00956	0.00602	0.00586	0.01157	0.01759	0.02393	0.53542	0.05325	0.25234	0.01438	0.00777	0.00211	0.00317	0.01248	0.00692	0.00602
9	0.00989	0.00673	0.01010	0.01010	0.01099	0.00762	0.00762	0.01099	0.01010	0.01435	0.01614	0.02445	0.01525	0.04298	0.56962	0.20306	0.01476	0.00673	0.00337	0.00515
10	0.00932	0.00673	0.00880	0.00828	0.00984	0.00621	0.00621	0.01242	0.01863	0.02640	0.72410	0.04918	0.06212	0.01346	0.00776	0.00207	0.00311	0.01191	0.00725	0.00621
11	0.01090	0.00810	0.01094	0.03483	0.01446	0.00835	0.01029	0.01521	0.08058	0.02000	0.03355	0.15054	0.03599	0.01725	0.00871	0.00289	0.00580	0.51916	0.00603	0.00642
12	0.01471	0.01184	0.01309	0.01182	0.01494	0.01313	0.00914	0.02817	0.48487	0.05076	0.23435	0.03182	0.03248	0.01025	0.00701	0.00218	0.00460	0.00874	0.00691	0.00919
13	0.01130	0.00810	0.01105	0.01227	0.01396	0.00819	0.01070	0.04672	0.01591	0.02074	0.03395	0.07146	0.03661	0.01769	0.00897	0.00298	0.00612	0.65088	0.00609	0.00631
14	0.01629	0.01564	0.02672	0.04041	0.72757	0.01564	0.02020	0.02020	0.01499	0.02151	0.01238	0.01629	0.01043	0.00587	0.00652	0.00196	0.00782	0.00587	0.00326	0.01043
15	0.00802	0.00573	0.00764	0.00917	0.00955	0.00535	0.00611	0.00917	0.01260	0.01681	0.03628	0.76434	0.04354	0.02062	0.00840	0.00267	0.00382	0.01872	0.00611	0.00535
16	0.00957	0.00638	0.00718	0.00718	0.00718	0.00638	0.00399	0.00957	0.00957	0.01276	0.02074	0.04308	0.02393	0.76864	0.03351	0.00638	0.00638	0.00957	0.00399	0.00399
17	0.02954	0.01120	0.01528	0.01171	0.01681	0.00968	0.00968	0.03208	0.01884	0.73213	0.02597	0.02241	0.01630	0.00815	0.00662	0.00204	0.00560	0.00662	0.00815	0.01120
18	0.01719	0.70324	0.10024	0.01197	0.01799	0.02504	0.01249	0.01982	0.01343	0.01599	0.00940	0.01087	0.00844	0.00569	0.00441	0.00147	0.00729	0.00365	0.00281	0.00857
19	0.01075	0.00835	0.01286	0.01313	0.01506	0.00817	0.07510	0.01380	0.01498	0.01952	0.03428	0.12406	0.06439	0.01713	0.00886	0.00289	0.00624	0.53838	0.00581	0.00625
20	0.01320	0.03405	0.73453	0.01876	0.02849	0.01529	0.02432	0.02085	0.01390	0.02085	0.01181	0.01390	0.00834	0.00625	0.00625	0.00208	0.00973	0.00486	0.00278	0.00973
21	0.01243	0.01170	0.01975	0.75282	0.04534	0.01463	0.01828	0.01682	0.01316	0.01682	0.01170	0.01755	0.00878	0.00658	0.00658	0.00219	0.00878	0.00585	0.00293	0.00731
22	0.01390	0.01320	0.02240	0.48223	0.30447	0.01501	0.01901	0.01811	0.01386	0.01860	0.01196	0.01707	0.00940	0.00631	0.00656	0.00210	0.00841	0.00586	0.00305	0.00850
23	0.01243	0.01170	0.01975	0.75282	0.04534	0.01463	0.01828	0.01682	0.01316	0.01682	0.01170	0.01755	0.00878	0.00658	0.00658	0.00219	0.00878	0.00585	0.00293	0.00731
24	0.01384	0.01445	0.02842	0.42366	0.04038	0.01554	0.32942	0.01876	0.01424	0.01876	0.01244	0.01765	0.00933	0.00611	0.00712	0.00221	0.00983	0.00672	0.00311	0.00802

[dist]
# distance from previous block
# <min> <max>
0	5

[block]
# block no. 3 follows, 33 sequences, length 54
# corresponding to MSA columns:
# 249-283,291-309
name=unknown_D
#
# <colnr> <probs for GDERKNQSTAVLIFYWHMCP>
#	G	D	E	R	K	N	Q	S	T	A	V	L	I	F	Y	W	H	M	C	P
0	0.01467	0.10892	0.34987	0.02195	0.08708	0.01733	0.19707	0.02026	0.01400	0.01990	0.01166	0.01477	0.00898	0.00646	0.00787	0.00211	0.07928	0.00563	0.00298	0.00919
1	0.00802	0.00573	0.00764	0.00917	0.00955	0.00535	0.00611	0.00917	0.01260	0.01681	0.03628	0.76434	0.04354	0.02062	0.00840	0.00267	0.00382	0.01872	0.00611	0.00535
2	0.02152	0.19549	0.25045	0.01387	0.02058	0.01528	0.01474	0.02560	0.01599	0.33743	0.01752	0.01692	0.01192	0.00696	0.00595	0.00191	0.00726	0.00534	0.00519	0.01009
3	0.04102	0.01408	0.05893	0.01504	0.01900	0.03807	0.14461	0.04416	0.20847	0.06046	0.12472	0.09869	0.04380	0.01038	0.00724	0.00224	0.00649	0.04844	0.00566	0.00847
4	0.01263	0.01190	0.02011	0.71607	0.08053	0.01468	0.01838	0.01699	0.01326	0.01706	0.01174	0.01749	0.00886	0.00654	0.00658	0.00218	0.00873	0.00585	0.00294	0.00747
5	0.01760	0.77260	0.03450	0.01126	0.01690	0.02605	0.01126	0.01971	0.01338	0.01549	0.00915	0.01056	0.00845	0.00563	0.00422	0.00141	0.00704	0.00352	0.00282	0.00845
6	0.01714	0.01243	0.02234	0.01770	0.02208	0.01170	0.26938	0.02152	0.04012	0.19249	0.06261	0.03756	0.02299	0.01047	0.00785	0.00241	0.00764	0.20745	0.00563	0.00851
7	0.01320	0.03405	0.73453	0.01876	0.02849	0.01529	0.02432	0.02085	0.01390	0.02085	0.01181	0.01390	0.00834	0.00625	0.00625	0.00208	0.00973	0.00486	0.00278	0.00973
8	0.01384	0.02965	0.54644	0.02119	0.03009	0.01566	0.20799	0.02091	0.01434	0.02091	0.01222	0.01494	0.00879	0.00606	0.00666	0.00212	0.01010	0.00565	0.00293	0.00950
9	0.01243	0.01170	0.01975	0.75282	0.04534	0.01463	0.01828	0.01682	0.01316	0.01682	0.01170	0.01755	0.00878	0.00658	0.00658	0.00219	0.00878	0.00585	0.00293	0.00731
10	0.01629	0.01564	0.02672	0.04041	0.72757	0.01564	0.02020	0.02020	0.01499	0.02151	0.01238	0.01629	0.01043	0.00587	0.00652	0.00196	0.00782	0.00587	0.00326	0.01043
11	0.01243	0.01170	0.01975	0.75282	0.04534	0.01463	0.01828	0.01682	0.01316	0.01682	0.01170	0.01755	0.00878	0.00658	0.00658	0.00219	0.00878	0.00585	0.00293	0.00731
12	0.01629	0.01564	0.02672	0.04041	0.72757	0.01564	0.02020	0.02020	0.01499	0.02151	0.01238	0.01629	0.01043	0.00587	0.00652	0.00196	0.00782	0.00587	0.00326	0.01043
13	0.01243	0.01170	0.01975	0.75282	0.04534	0.01463	0.01828	0.01682	0.01316	0.01682	0.01170	0.01755	0.00878	0.00658	0.00658	0.00219	0.00878	0.00585	0.00293	0.00731
14	0.01320	0.03405	0.73453	0.01876	0.02849	0.01529	0.02432	0.02085	0.01390	0.02085	0.01181	0.01390	0.00834	0.00625	0.00625	0.00208	0.00973	0.00486	0.00278	0.00973
15	0.04421	0.02010	0.21559	0.01897	0.06065	0.03932	0.17184	0.02559	0.07553	0.23524	0.01757	0.01819	0.01218	0.00688	0.00668	0.00209	0.00825	0.00626	0.00494	0.00992
16	0.01320	0.03405	0.73453	0.01876	0.02849	0.01529	0.02432	0.02085	0.01390	0.02085	0.01181	0.01390	0.00834	0.00625	0.00625	0.00208	0.00973	0.00486	0.00278	0.00973
17	0.00784	0.00642	0.00693	0.00734	0.00907	0.00550	0.00530	0.00937	0.01436	0.01752	0.05857	0.25066	0.54284	0.01773	0.00795	0.00234	0.00346	0.01518	0.00611	0.00550
18	0.01613	0.02970	0.54113	0.01773	0.02621	0.01655	0.02107	0.18532	0.03961	0.02600	0.01323	0.01468	0.00939	0.00673	0.00635	0.00206	0.00899	0.00520	0.00381	0.01010
19	0.01832	0.02568	0.45393	0.01749	0.02554	0.01373	0.08329	0.02424	0.01553	0.23419	0.01620	0.01681	0.01088	0.00676	0.00651	0.00208	0.00862	0.00566	0.00444	0.01009
20	0.01320	0.03405	0.73453	0.01876	0.02849	0.01529	0.02432	0.02085	0.01390	0.02085	0.01181	0.01390	0.00834	0.00625	0.00625	0.00208	0.00973	0.00486	0.00278	0.00973
21	0.01762	0.02788	0.54007	0.01686	0.02533	0.01377	0.02036	0.02389	0.01524	0.21315	0.01564	0.01620	0.01049	0.00677	0.00635	0.00207	0.00861	0.00534	0.00423	0.01013
22	0.01861	0.01627	0.02875	0.10652	0.15345	0.05953	0.32945	0.02292	0.01601	0.15905	0.01525	0.01802	0.01107	0.00630	0.00708	0.00210	0.00924	0.00678	0.00422	0.00936
23	0.02113	0.01133	0.01723	0.09927	0.10495	0.01073	0.05136	0.02425	0.01699	0.38049	0.06453	0.02943	0.05742	0.00925	0.00703	0.00216	0.00632	0.07031	0.00634	0.00947
24	0.02156	0.03688	0.02171	0.02561	0.33879	0.08770	0.01509	0.08878	0.05758	0.21513	0.01688	0.01777	0.01238	0.00693	0.00644	0.00195	0.00740	0.00594	0.00509	0.01037
25	0.01507	0.00894	0.03440	0.01071	0.01311	0.00786	0.00859	0.01781	0.03931	0.21518	0.05117	0.27230	0.04989	0.06202	0.03589	0.00301	0.00559	0.13540	0.00639	0.00738
26	0.01527	0.19507	0.35132	0.01955	0.02732	0.01828	0.21765	0.04387	0.01483	0.02041	0.01179	0.01433	0.00894	0.00597	0.00625	0.00197	0.00944	0.00544	0.00308	0.00924
27	0.01460	0.01411	0.02466	0.29239	0.40426	0.01505	0.07619	0.01873	0.01431	0.01966	0.01296	0.03995	0.01082	0.00655	0.00670	0.00208	0.00831	0.00642	0.00323	0.00903
28	0.01320	0.03405	0.73453	0.01876	0.02849	0.01529	0.02432	0.02085	0.01390	0.02085	0.01181	0.01390	0.00834	0.00625	0.00625	0.00208	0.00973	0.00486	0.00278	0.00973
29	0.01127	0.00583	0.00874	0.00874	0.00884	0.00593	0.00593	0.00884	0.00874	0.01176	0.01195	0.02050	0.01185	0.02508	0.08562	0.74180	0.00671	0.00583	0.00291	0.00311
30	0.01801	0.01660	0.03468	0.02491	0.03129	0.01542	0.58095	0.02303	0.01612	0.14682	0.01556	0.01858	0.01110	0.00601	0.00757	0.00219	0.01013	0.00757	0.00418	0.00929
31	0.01580	0.01539	0.02698	0.11808	0.59326	0.01562	0.07807	0.01991	0.01483	0.02095	0.01239	0.01656	0.01021	0.00592	0.00663	0.00200	0.00820	0.00603	0.00323	0.00995
32	0.02459	0.03138	0.01866	0.01696	0.02035	0.74221	0.01272	0.02629	0.01866	0.01611	0.01018	0.01187	0.00848	0.00678	0.00594	0.00170	0.01187	0.00424	0.00339	0.00763
33	0.00957	0.00638	0.00718	0.00718	0.00718	0.00638	0.00399	0.00957	0.00957	0.01276	0.02074	0.04308	0.02393	0.76864	0.03351	0.00638	0.00638	0.00957	0.00399	0.00399
34	0.01320	0.03405	0.73453	0.01876	0.02849	0.01529	0.02432	0.02085	0.01390	0.02085	0.01181	0.01390	0.00834	0.00625	0.00625	0.00208	0.00973	0.00486	0.00278	0.00973
35	0.01343	0.07215	0.69842	0.01838	0.02789	0.01584	0.02365	0.02079	0.01387	0.02057	0.01168	0.01373	0.00835	0.00622	0.00615	0.00205	0.00959	0.00480	0.00278	0.00966
36	0.02503	0.01844	0.01976	0.01515	0.02042	0.02042	0.01251	0.70562	0.03095	0.04149	0.01581	0.01581	0.01120	0.00790	0.00659	0.00198	0.00724	0.00593	0.00659	0.01120
37	0.01243	0.01170	0.01975	0.75282	0.04534	0.01463	0.01828	0.01682	0.01316	0.01682	0.01170	0.01755	0.00878	0.00658	0.00658	0.00219	0.00878	0.00585	0.00293	0.00731
38	0.01527	0.01960	0.11753	0.02673	0.03374	0.01649	0.62683	0.02106	0.01535	0.02106	0.01315	0.01732	0.00980	0.00563	0.00760	0.00220	0.01094	0.00744	0.00327	0.00898
39	0.02522	0.02337	0.01891	0.01564	0.02009	0.32816	0.01236	0.35886	0.02468	0.08834	0.01425	0.01468	0.01046	0.00744	0.00631	0.00186	0.00909	0.00526	0.00535	0.00967
40	0.01243	0.01170	0.01975	0.75282	0.04534	0.01463	0.01828	0.01682	0.01316	0.01682	0.01170	0.01755	0.00878	0.00658	0.00658	0.00219	0.00878	0.00585	0.00293	0.00731
41	0.00932	0.00673	0.00880	0.00828	0.00984	0.00621	0.00621	0.01242	0.01863	0.02640	0.72410	0.04918	0.06212	0.01346	0.00776	0.00207	0.00311	0.01191	0.00725	0.00621
42	0.01988	0.38279	0.11569	0.01433	0.01973	0.25086	0.01346	0.07924	0.01658	0.01853	0.01036	0.01183	0.00867	0.00626	0.00522	0.00163	0.00892	0.00412	0.00331	0.00858
43	0.02503	0.01844	0.01976	0.01515	0.02042	0.02042	0.01251	0.70562	0.03095	0.04149	0.01581	0.01581	0.01120	0.00790	0.00659	0.00198	0.00724	0.00593	0.00659	0.01120
44	0.01144	0.00572	0.00858	0.00858	0.00858	0.00572	0.00572	0.00858	0.00858	0.01144	0.01144	0.02001	0.01144	0.02287	0.02573	0.80846	0.00572	0.00572	0.00286	0.00286
45	0.01532	0.01556	0.02831	0.03113	0.36316	0.01617	0.22499	0.01918	0.01422	0.02020	0.01328	0.05501	0.01171	0.00747	0.00950	0.00223	0.13296	0.00709	0.00336	0.00916
46	0.02398	0.14159	0.02052	0.01520	0.07718	0.05836	0.01165	0.16662	0.08609	0.30358	0.01911	0.01816	0.01336	0.00748	0.00617	0.00191	0.00669	0.00584	0.00612	0.01040
47	0.00957	0.00638	0.00718	0.00718	0.00718	0.00638	0.00399	0.00957	0.00957	0.01276	0.02074	0.04308	0.02393	0.76864	0.03351	0.00638	0.00638	0.00957	0.00399	0.00399
48	0.01563	0.01747	0.03712	0.02831	0.08939	0.01656	0.62694	0.02146	0.03768	0.02133	0.01367	0.01786	0.01034	0.00568	0.00763	0.00220	0.01065	0.00761	0.00343	0.00905
49	0.02603	0.01562	0.01864	0.01428	0.01948	0.01621	0.03634	0.41100	0.04981	0.29309	0.01982	0.01860	0.01333	0.00794	0.00664	0.00202	0.00671	0.00630	0.00704	0.01109
50	0.68830	0.01404	0.01090	0.00963	0.01372	0.05957	0.00783	0.04095	0.03598	0.05435	0.01062	0.01180	0.00809	0.00637	0.00444	0.00202	0.00560	0.00392	0.00434	0.00754
51	0.11893	0.01685	0.07750	0.01598	0.07986	0.01616	0.01281	0.32697	0.04188	0.17735	0.01739	0.01858	0.01257	0.00779	0.00634	0.00204	0.00681	0.02788	0.00599	0.01033
52	0.29143	0.01577	0.01685	0.01679	0.13125	0.03627	0.01165	0.26260	0.08074	0.05572	0.01415	0.01503	0.01057	0.00703	0.00572	0.00201	0.00650	0.00523	0.00517	0.00953
53	0.09121	0.01658	0.06684	0.02358	0.28267	0.01584	0.01514	0.22272	0.01996	0.15821	0.01555	0.01662	0.01130	0.00693	0.00632	0.00199	0.00713	0.00576	0.00517	0.01046

[dist]
# distance from previous block
# <min> <max>
3	33

[block]
# block no. 4 follows, 33 sequences, length 16
# corresponding to MSA columns:
# 343-358
name=unknown_E
#
# <colnr> <probs for GDERKNQSTAVLIFYWHMCP>
#	G	D	E	R	K	N	Q	S	T	A	V	L	I	F	Y	W	H	M	C	P
0	0.01663	0.01448	0.02233	0.11385	0.40082	0.01567	0.01690	0.02290	0.14055	0.07249	0.01551	0.01818	0.01222	0.00721	0.00803	0.00213	0.07996	0.00619	0.00415	0.00981
1	0.01567	0.01240	0.01980	0.02746	0.41642	0.01219	0.01521	0.01887	0.01503	0.09701	0.02134	0.03314	0.04517	0.06738	0.00919	0.00254	0.00693	0.15081	0.00455	0.00890
2	0.03998	0.01080	0.01436	0.04239	0.06992	0.01172	0.03629	0.09024	0.08349	0.02200	0.04951	0.12747	0.12470	0.01676	0.08929	0.00329	0.06579	0.08933	0.00520	0.00747
3	0.27833	0.01424	0.01815	0.02163	0.25995	0.01533	0.03418	0.09502	0.09246	0.02680	0.01514	0.02007	0.01271	0.00749	0.00599	0.00211	0.00654	0.06034	0.00449	0.00903
4	0.25458	0.01203	0.01282	0.01139	0.01499	0.01290	0.00936	0.15197	0.06586	0.13290	0.04180	0.07926	0.02032	0.01054	0.00651	0.00228	0.00564	0.14051	0.00596	0.00838
5	0.00959	0.00657	0.00775	0.00807	0.00844	0.00650	0.00524	0.01023	0.01089	0.01434	0.02593	0.08216	0.05961	0.57457	0.02710	0.00546	0.00607	0.12248	0.00453	0.00447
6	0.01646	0.01429	0.01954	0.15506	0.29854	0.09261	0.01492	0.01989	0.01626	0.09782	0.16507	0.02370	0.02156	0.00796	0.00674	0.00200	0.00719	0.00705	0.00459	0.00875
7	0.01365	0.01170	0.01365	0.00975	0.01560	0.00878	0.00780	0.01658	0.01365	0.02145	0.01170	0.01365	0.00975	0.00488	0.00488	0.00098	0.00488	0.00390	0.00390	0.80888
8	0.01365	0.01170	0.01365	0.00975	0.01560	0.00878	0.00780	0.01658	0.01365	0.02145	0.01170	0.01365	0.00975	0.00488	0.00488	0.00098	0.00488	0.00390	0.00390	0.80888
9	0.01629	0.01564	0.02672	0.04041	0.72757	0.01564	0.02020	0.02020	0.01499	0.02151	0.01238	0.01629	0.01043	0.00587	0.00652	0.00196	0.00782	0.00587	0.00326	0.01043
10	0.01317	0.01190	0.01279	0.01139	0.01343	0.06732	0.00860	0.01798	0.14737	0.01946	0.09761	0.05847	0.07224	0.17202	0.01502	0.00303	0.13868	0.00829	0.00484	0.10640
11	0.01629	0.01564	0.02672	0.04041	0.72757	0.01564	0.02020	0.02020	0.01499	0.02151	0.01238	0.01629	0.01043	0.00587	0.00652	0.00196	0.00782	0.00587	0.00326	0.01043
12	0.02007	0.01216	0.01701	0.01246	0.01810	0.00998	0.08364	0.02313	0.01589	0.29952	0.01746	0.01752	0.01234	0.00623	0.00587	0.00152	0.00583	0.00538	0.00550	0.41039
13	0.01320	0.03405	0.73453	0.01876	0.02849	0.01529	0.02432	0.02085	0.01390	0.02085	0.01181	0.01390	0.00834	0.00625	0.00625	0.00208	0.00973	0.00486	0.00278	0.00973
14	0.02160	0.01674	0.01783	0.01445	0.01911	0.01881	0.01168	0.43977	0.30239	0.03596	0.02016	0.01928	0.01472	0.00831	0.00663	0.00208	0.00644	0.00653	0.00663	0.01089
15	0.01243	0.01170	0.01975	0.75282	0.04534	0.01463	0.01828	0.01682	0.01316	0.01682	0.01170	0.01755	0.00878	0.00658	0.00658	0.00219	0.00878	0.00585	0.00293	0.00731

[dist]
# distance from previous block
# <min> <max>
0	1

# created by:
# /home/cegg/simao/soft/augustus-3.2.1/scripts/msa2prfl.pl ./align_prep/EOG090W0DNL.fa
