[name]
unknown

[dist]
# distance from previous block
# <min> <max>
0	70

[block]
# block no. 0 follows, 25 sequences, length 26
# corresponding to MSA columns:
# 70-95
name=unknown_A
#
# <colnr> <probs for GDERKNQSTAVLIFYWHMCP>
#	G	D	E	R	K	N	Q	S	T	A	V	L	I	F	Y	W	H	M	C	P
0	0.01196	0.00918	0.01174	0.03585	0.06414	0.00867	0.00924	0.01507	0.04478	0.04860	0.05291	0.27362	0.29464	0.01913	0.00926	0.00284	0.00520	0.06869	0.00694	0.00754
1	0.01596	0.00868	0.00884	0.00829	0.01054	0.00891	0.00635	0.08178	0.01829	0.03091	0.02462	0.02787	0.01920	0.00906	0.00565	0.00186	0.00411	0.00720	0.69404	0.00782
2	0.12016	0.02292	0.02167	0.01720	0.02294	0.11226	0.01401	0.49487	0.03173	0.04321	0.01679	0.01728	0.01219	0.00888	0.00730	0.00229	0.00895	0.00638	0.00690	0.01205
3	0.02366	0.19167	0.11843	0.08534	0.02564	0.02005	0.01589	0.11982	0.08118	0.18745	0.02051	0.02234	0.01522	0.00885	0.00716	0.00230	0.00832	0.02870	0.00606	0.01141
4	0.01615	0.02039	0.18750	0.15408	0.18954	0.01530	0.04633	0.02165	0.01768	0.05238	0.09818	0.03131	0.04985	0.00999	0.00815	0.00254	0.00898	0.05504	0.00483	0.01013
5	0.01877	0.01607	0.01715	0.01567	0.01985	0.01850	0.01229	0.03929	0.61602	0.03173	0.03228	0.03337	0.02526	0.01135	0.00810	0.00270	0.00621	0.05567	0.00783	0.01188
6	0.01172	0.00851	0.01062	0.01118	0.01256	0.00827	0.00792	0.07595	0.01842	0.02480	0.15600	0.50301	0.07932	0.02106	0.00951	0.00291	0.00473	0.01883	0.00750	0.00718
7	0.01601	0.01557	0.02970	0.10164	0.03121	0.01541	0.33339	0.04246	0.01760	0.02444	0.02372	0.02834	0.08022	0.01440	0.08821	0.00364	0.01134	0.00919	0.10438	0.00912
8	0.02867	0.02064	0.02234	0.01728	0.02325	0.02268	0.01422	0.57816	0.05971	0.07725	0.04293	0.02077	0.01600	0.00960	0.00781	0.00235	0.00818	0.00734	0.00788	0.01294
9	0.13403	0.20821	0.12117	0.01772	0.02407	0.15917	0.07997	0.02764	0.09251	0.04568	0.01502	0.01656	0.01179	0.00763	0.00655	0.00218	0.00974	0.00572	0.00446	0.01017
10	0.05411	0.06923	0.02871	0.05820	0.26968	0.05228	0.08369	0.16703	0.08668	0.03066	0.01673	0.01929	0.01306	0.00785	0.00753	0.00233	0.00922	0.00695	0.00513	0.01166
11	0.01869	0.02088	0.12293	0.08509	0.38223	0.01808	0.06448	0.08613	0.01957	0.02758	0.06503	0.02189	0.01647	0.00793	0.00786	0.00238	0.00938	0.00744	0.00448	0.01149
12	0.78228	0.01499	0.01140	0.01020	0.01499	0.01739	0.00840	0.02279	0.01320	0.03479	0.01080	0.01260	0.00840	0.00720	0.00480	0.00240	0.00600	0.00420	0.00480	0.00840
13	0.01128	0.00752	0.00846	0.00846	0.00846	0.00752	0.00470	0.01128	0.01128	0.01503	0.02443	0.05074	0.02819	0.72751	0.03946	0.00752	0.00752	0.01128	0.00470	0.00470
14	0.01088	0.00735	0.00857	0.00896	0.00906	0.00725	0.00524	0.01117	0.01205	0.01606	0.02839	0.19602	0.03318	0.57541	0.03307	0.00657	0.00686	0.01360	0.00524	0.00504
15	0.01944	0.04336	0.02349	0.07410	0.22431	0.18976	0.04340	0.02285	0.01804	0.02238	0.02034	0.07495	0.03787	0.01035	0.00849	0.00241	0.03939	0.05294	0.06263	0.00951
16	0.05600	0.16171	0.16682	0.02064	0.05548	0.19810	0.08140	0.07912	0.01991	0.07060	0.01445	0.01632	0.01107	0.00760	0.00697	0.00218	0.01077	0.00582	0.00444	0.01060
17	0.01106	0.00746	0.00869	0.00890	0.00901	0.00747	0.00520	0.01133	0.01174	0.01571	0.02638	0.12724	0.03048	0.61812	0.06394	0.00722	0.00773	0.01239	0.00496	0.00498
18	0.05215	0.01133	0.01406	0.01204	0.01538	0.01133	0.00933	0.09246	0.01927	0.23026	0.09594	0.03347	0.02561	0.14007	0.14452	0.00514	0.00912	0.00889	0.06032	0.00931
19	0.04802	0.08320	0.24560	0.08834	0.05074	0.01605	0.08366	0.02082	0.01600	0.04158	0.04553	0.10534	0.01913	0.04095	0.03315	0.02973	0.00963	0.00874	0.00440	0.00940
20	0.01955	0.12202	0.19489	0.04253	0.02507	0.07090	0.03955	0.11037	0.08578	0.05047	0.02031	0.11621	0.01794	0.01058	0.00833	0.00246	0.03886	0.00849	0.00523	0.01046
21	0.01336	0.00990	0.01215	0.01138	0.01368	0.00988	0.00868	0.08037	0.07289	0.03121	0.45068	0.13543	0.05921	0.01608	0.00907	0.00258	0.00461	0.04249	0.00818	0.00816
22	0.01680	0.01096	0.01531	0.08109	0.08098	0.01086	0.01152	0.04469	0.04221	0.13811	0.18867	0.20947	0.06124	0.01518	0.00880	0.00267	0.00596	0.03918	0.00730	0.00903
23	0.15437	0.09969	0.25569	0.02027	0.02830	0.04528	0.13397	0.12437	0.01950	0.02943	0.01404	0.01640	0.01048	0.00744	0.00704	0.00236	0.01009	0.00609	0.00440	0.01077
24	0.04196	0.01827	0.01758	0.01656	0.04262	0.16003	0.01225	0.10112	0.07656	0.08846	0.06922	0.19674	0.02710	0.01362	0.00993	0.00261	0.07861	0.01092	0.00639	0.00946
25	0.02097	0.00981	0.01256	0.01073	0.01400	0.00891	0.00829	0.02400	0.01991	0.28456	0.23560	0.03939	0.03752	0.08268	0.01092	0.00281	0.00518	0.01003	0.15279	0.00934

[dist]
# distance from previous block
# <min> <max>
11	19

[block]
# block no. 1 follows, 25 sequences, length 12
# corresponding to MSA columns:
# 133,150-160
name=unknown_B
#
# <colnr> <probs for GDERKNQSTAVLIFYWHMCP>
#	G	D	E	R	K	N	Q	S	T	A	V	L	I	F	Y	W	H	M	C	P
0	0.02369	0.11223	0.14089	0.01991	0.06460	0.14290	0.01721	0.22332	0.12371	0.03161	0.01742	0.01828	0.01320	0.00845	0.00723	0.00226	0.00966	0.00634	0.00555	0.01155
1	0.02183	0.52036	0.10479	0.01554	0.02215	0.16259	0.01522	0.02491	0.01706	0.01905	0.01135	0.01316	0.00994	0.00698	0.00563	0.00181	0.00976	0.00448	0.00345	0.00992
2	0.12152	0.06074	0.25653	0.04844	0.09387	0.05840	0.01926	0.07142	0.01850	0.12357	0.01638	0.01824	0.01196	0.00996	0.03656	0.00278	0.00993	0.00608	0.00488	0.01099
3	0.05874	0.07404	0.20159	0.02484	0.15290	0.05864	0.09242	0.02797	0.01845	0.18980	0.01794	0.01935	0.01282	0.00772	0.00743	0.00234	0.00967	0.00664	0.00516	0.01154
4	0.01617	0.01534	0.02601	0.48742	0.26296	0.01763	0.02229	0.02115	0.01622	0.02166	0.01405	0.02018	0.01099	0.00747	0.00773	0.00249	0.00996	0.00690	0.00358	0.00984
5	0.01200	0.00805	0.01005	0.01007	0.01206	0.00724	0.00749	0.01457	0.01882	0.07491	0.27796	0.23427	0.21573	0.01881	0.00932	0.00272	0.00434	0.04642	0.00786	0.00729
6	0.01448	0.01428	0.05995	0.34189	0.03496	0.01466	0.04064	0.05577	0.06479	0.02294	0.02543	0.20558	0.04723	0.01273	0.00840	0.00271	0.00833	0.01135	0.00515	0.00871
7	0.02144	0.01205	0.01494	0.01347	0.03921	0.01153	0.00999	0.12716	0.02179	0.23764	0.10300	0.13876	0.13268	0.06687	0.01079	0.00291	0.00605	0.01195	0.00789	0.00988
8	0.01101	0.00770	0.00881	0.00878	0.01064	0.00705	0.00647	0.01370	0.01814	0.02524	0.25192	0.09830	0.25452	0.06909	0.01079	0.00283	0.00419	0.03409	0.14992	0.00679
9	0.01285	0.00850	0.01154	0.04134	0.01416	0.00903	0.00881	0.01501	0.01386	0.05418	0.02634	0.08328	0.02683	0.23869	0.26437	0.00767	0.01188	0.09330	0.05166	0.00669
10	0.14744	0.05952	0.18886	0.01871	0.04869	0.18868	0.01714	0.09469	0.08386	0.05908	0.01584	0.01704	0.01190	0.00807	0.00687	0.00229	0.00991	0.00580	0.00496	0.01065
11	0.02118	0.42646	0.03145	0.01526	0.02007	0.18463	0.01344	0.02344	0.01665	0.01852	0.01332	0.05208	0.01275	0.01156	0.04895	0.00261	0.06889	0.00577	0.00374	0.00922

[dist]
# distance from previous block
# <min> <max>
0	3

[block]
# block no. 2 follows, 25 sequences, length 32
# corresponding to MSA columns:
# 166-196,202
name=unknown_C
#
# <colnr> <probs for GDERKNQSTAVLIFYWHMCP>
#	G	D	E	R	K	N	Q	S	T	A	V	L	I	F	Y	W	H	M	C	P
0	0.05376	0.01310	0.01812	0.05742	0.22097	0.03948	0.01428	0.02012	0.01659	0.04528	0.02231	0.03499	0.02036	0.01433	0.04382	0.05836	0.00806	0.12610	0.16370	0.00886
1	0.04900	0.30034	0.17371	0.01763	0.07585	0.02118	0.01626	0.04690	0.01668	0.05001	0.01527	0.04393	0.01338	0.04317	0.02974	0.00261	0.00895	0.00615	0.00417	0.06507
2	0.01777	0.01435	0.06850	0.01559	0.06515	0.01223	0.01212	0.02436	0.11756	0.12400	0.10764	0.06317	0.02591	0.01695	0.10347	0.00362	0.00829	0.00871	0.04341	0.14721
3	0.01037	0.00764	0.00973	0.00993	0.01151	0.00700	0.00728	0.01318	0.01932	0.02639	0.40061	0.23656	0.15119	0.01882	0.00940	0.00269	0.00405	0.03945	0.00794	0.00693
4	0.01682	0.01537	0.01743	0.05112	0.04676	0.09368	0.03237	0.02329	0.15025	0.05047	0.07969	0.20056	0.06646	0.01451	0.01079	0.00274	0.10047	0.01199	0.00623	0.00900
5	0.32977	0.10391	0.21607	0.01600	0.02295	0.06781	0.04107	0.04736	0.01609	0.02829	0.01267	0.01503	0.00984	0.00926	0.03275	0.00270	0.00938	0.00516	0.00418	0.00972
6	0.01348	0.01065	0.01222	0.01135	0.01391	0.01093	0.00841	0.02188	0.21180	0.02789	0.29768	0.07799	0.09677	0.10620	0.01258	0.00315	0.00504	0.01228	0.00753	0.03827
7	0.00945	0.00675	0.00900	0.01080	0.01125	0.00630	0.00720	0.01080	0.01484	0.01979	0.04274	0.72245	0.05128	0.02429	0.00990	0.00315	0.00450	0.02204	0.00720	0.00630
8	0.02216	0.05082	0.18242	0.04768	0.07317	0.01925	0.04873	0.21429	0.04789	0.09163	0.01827	0.01994	0.01336	0.00864	0.00832	0.00238	0.04424	0.00682	0.06849	0.01151
9	0.02114	0.02354	0.02186	0.18894	0.05574	0.29303	0.01661	0.02408	0.01745	0.02018	0.01321	0.01774	0.01102	0.00924	0.01127	0.00245	0.17089	0.00613	0.06669	0.00877
10	0.01099	0.00836	0.01016	0.00963	0.01177	0.00775	0.00725	0.01520	0.05394	0.02886	0.50692	0.06022	0.20721	0.01644	0.00908	0.00249	0.00385	0.01428	0.00820	0.00740
11	0.01850	0.01948	0.05646	0.07421	0.13463	0.01863	0.36272	0.02693	0.11771	0.04312	0.03566	0.02285	0.01535	0.00764	0.00855	0.00255	0.01077	0.00859	0.00474	0.01092
12	0.01693	0.02001	0.16753	0.01852	0.10192	0.01341	0.01554	0.02159	0.01655	0.05660	0.01790	0.02006	0.04558	0.00745	0.00738	0.00180	0.03496	0.00597	0.00454	0.40576
13	0.01002	0.00757	0.00907	0.00954	0.01108	0.00686	0.00685	0.01213	0.01735	0.02266	0.20435	0.25936	0.26369	0.07834	0.01194	0.00318	0.00449	0.04767	0.00731	0.00654
14	0.01306	0.00973	0.01277	0.01209	0.01331	0.01110	0.00892	0.06584	0.01399	0.01958	0.02110	0.03540	0.02121	0.27675	0.37267	0.00934	0.06265	0.00910	0.00458	0.00679
15	0.01537	0.01453	0.02457	0.60279	0.15378	0.01742	0.02190	0.02045	0.01585	0.02070	0.01391	0.02043	0.01065	0.00762	0.00774	0.00254	0.01016	0.00689	0.00351	0.00920
16	0.22592	0.10427	0.05203	0.08081	0.13453	0.07477	0.06745	0.05614	0.01769	0.07783	0.01503	0.01868	0.01190	0.00781	0.00673	0.00233	0.00885	0.02235	0.00472	0.01017
17	0.01882	0.01804	0.03080	0.10192	0.62773	0.01832	0.02361	0.02347	0.01748	0.02488	0.01452	0.01931	0.01212	0.00698	0.00768	0.00233	0.00930	0.00691	0.00381	0.01198
18	0.02310	0.43982	0.04898	0.01458	0.02056	0.11476	0.01343	0.10855	0.01971	0.05676	0.01410	0.01545	0.01156	0.00751	0.00585	0.00186	0.00874	0.00508	0.05936	0.01026
19	0.06699	0.04716	0.01719	0.01281	0.01799	0.01178	0.01047	0.03087	0.02052	0.46414	0.09704	0.07771	0.02579	0.01083	0.00768	0.00235	0.00614	0.00894	0.00848	0.05513
20	0.07769	0.08299	0.13385	0.10101	0.16158	0.01677	0.04916	0.05220	0.01792	0.02603	0.10603	0.09885	0.02356	0.01026	0.00768	0.00244	0.00828	0.00895	0.00492	0.00985
21	0.01287	0.00997	0.01023	0.01003	0.01173	0.05666	0.00700	0.01461	0.01694	0.05512	0.17233	0.15945	0.20295	0.20577	0.01708	0.00391	0.00577	0.01417	0.00670	0.00669
22	0.03048	0.02011	0.02227	0.01707	0.02324	0.02165	0.01411	0.53686	0.03376	0.16910	0.02088	0.02009	0.01432	0.00936	0.00776	0.00234	0.00817	0.00714	0.00810	0.01319
23	0.01934	0.01668	0.04951	0.11655	0.21156	0.01671	0.07531	0.08328	0.06569	0.08102	0.03606	0.06207	0.01719	0.01082	0.01059	0.06328	0.04044	0.00831	0.00518	0.01042
24	0.02048	0.02113	0.15288	0.04916	0.02882	0.05404	0.19081	0.02656	0.05091	0.15998	0.02359	0.06504	0.01963	0.01049	0.00853	0.00266	0.00982	0.08923	0.00573	0.01050
25	0.01758	0.01772	0.02560	0.43337	0.23962	0.09182	0.02150	0.02224	0.01686	0.02139	0.01383	0.01949	0.01089	0.00752	0.00765	0.00243	0.01039	0.00669	0.00362	0.00976
26	0.01498	0.01397	0.02337	0.59164	0.12395	0.01681	0.02084	0.01979	0.01551	0.02018	0.01448	0.02221	0.01158	0.04872	0.00955	0.00283	0.01004	0.00714	0.00356	0.00882
27	0.04295	0.04963	0.10147	0.01458	0.04453	0.01281	0.01224	0.05562	0.04766	0.08898	0.11985	0.19331	0.12824	0.01482	0.00904	0.00262	0.03352	0.01250	0.00661	0.00904
28	0.01918	0.08997	0.35208	0.02420	0.05690	0.01875	0.19518	0.02607	0.01759	0.10300	0.01615	0.01858	0.01158	0.00733	0.00771	0.00242	0.01096	0.00682	0.00423	0.01129
29	0.19757	0.01359	0.01656	0.01301	0.01875	0.01270	0.01074	0.03452	0.02023	0.54302	0.02628	0.02339	0.01684	0.00907	0.00714	0.00240	0.00647	0.00701	0.00855	0.01215
30	0.01751	0.26456	0.14057	0.03359	0.02294	0.02044	0.05849	0.07358	0.05840	0.02344	0.01957	0.12739	0.01848	0.01472	0.07046	0.00322	0.00965	0.00851	0.00469	0.00978
31	0.01852	0.04764	0.06237	0.06761	0.38114	0.01786	0.07053	0.04466	0.01753	0.04605	0.01848	0.02385	0.04315	0.05971	0.01091	0.00277	0.04435	0.00768	0.00430	0.01089

[dist]
# distance from previous block
# <min> <max>
1	15

[block]
# block no. 3 follows, 25 sequences, length 18
# corresponding to MSA columns:
# 218-235
name=unknown_D
#
# <colnr> <probs for GDERKNQSTAVLIFYWHMCP>
#	G	D	E	R	K	N	Q	S	T	A	V	L	I	F	Y	W	H	M	C	P
0	0.45509	0.02260	0.16039	0.01489	0.02047	0.07762	0.01443	0.02337	0.01449	0.02918	0.01150	0.01408	0.00907	0.00810	0.00811	0.00250	0.09584	0.00492	0.00422	0.00912
1	0.01901	0.27629	0.14705	0.04993	0.14796	0.10536	0.01784	0.02297	0.01688	0.02104	0.01597	0.09595	0.01510	0.00904	0.00683	0.00217	0.00938	0.00721	0.00394	0.01007
2	0.01238	0.00934	0.01198	0.01193	0.01358	0.00962	0.00868	0.04671	0.05047	0.02184	0.05157	0.33963	0.03481	0.07354	0.15819	0.02680	0.03118	0.01440	0.00607	0.06729
3	0.01929	0.07589	0.18357	0.02739	0.10445	0.07991	0.27300	0.02515	0.01822	0.05408	0.03625	0.02151	0.01415	0.00770	0.00807	0.00243	0.01129	0.02277	0.00421	0.01066
4	0.01809	0.07902	0.03457	0.17044	0.29008	0.01975	0.20646	0.02310	0.01707	0.02327	0.01428	0.01934	0.01148	0.00716	0.00847	0.00243	0.03325	0.00732	0.00373	0.01070
5	0.07682	0.01480	0.01854	0.01430	0.02027	0.01397	0.01181	0.14526	0.02419	0.53528	0.02734	0.02423	0.01752	0.00941	0.00762	0.00239	0.00690	0.00745	0.00900	0.01292
6	0.00942	0.00684	0.00891	0.01056	0.01118	0.00632	0.00709	0.01082	0.01507	0.01988	0.04559	0.67086	0.10103	0.02392	0.00984	0.00311	0.00445	0.02159	0.00720	0.00632
7	0.06567	0.01175	0.01451	0.07232	0.01885	0.04518	0.03543	0.03819	0.01750	0.10316	0.05384	0.22145	0.07776	0.07208	0.01127	0.00321	0.00690	0.11631	0.00658	0.00805
8	0.01220	0.00802	0.01055	0.01130	0.01227	0.00788	0.00789	0.01363	0.01515	0.07644	0.04001	0.53800	0.07366	0.07675	0.01291	0.00341	0.04722	0.01881	0.00698	0.00691
9	0.02422	0.01084	0.01487	0.01266	0.01640	0.01017	0.00993	0.02672	0.01794	0.38991	0.02821	0.07981	0.02250	0.10055	0.19242	0.00565	0.01027	0.00932	0.00747	0.01014
10	0.02733	0.02739	0.02169	0.01835	0.02291	0.32586	0.01442	0.27753	0.05744	0.03195	0.01607	0.01741	0.01239	0.00900	0.00832	0.00223	0.05115	0.00617	0.04169	0.01070
11	0.01762	0.01678	0.03345	0.02521	0.03063	0.01626	0.40289	0.02232	0.01736	0.07945	0.02257	0.17784	0.02110	0.01132	0.01048	0.00278	0.06551	0.01173	0.00510	0.00961
12	0.03242	0.01392	0.01788	0.01384	0.01953	0.01284	0.01139	0.12285	0.02373	0.54284	0.02848	0.02550	0.01840	0.00951	0.00760	0.00234	0.00663	0.00764	0.06993	0.01272
13	0.01050	0.00791	0.00970	0.00925	0.01129	0.00711	0.00694	0.01371	0.02082	0.02842	0.51815	0.06231	0.23173	0.01685	0.00915	0.00249	0.00373	0.01464	0.00818	0.00711
14	0.01070	0.00803	0.01012	0.01113	0.01262	0.00764	0.00838	0.01387	0.04654	0.02267	0.12279	0.35151	0.16645	0.02117	0.00976	0.00304	0.00496	0.15432	0.00737	0.00692
15	0.01458	0.01357	0.02272	0.59429	0.10193	0.01639	0.02050	0.01937	0.01563	0.02027	0.01632	0.08036	0.01399	0.00909	0.00793	0.00261	0.00974	0.00818	0.00380	0.00872
16	0.03389	0.01464	0.01889	0.01448	0.02051	0.01354	0.01196	0.14196	0.02461	0.57693	0.02856	0.02507	0.01818	0.00955	0.00779	0.00239	0.00693	0.00766	0.00929	0.01319
17	0.01713	0.01440	0.01664	0.01198	0.01882	0.01141	0.00962	0.06922	0.01768	0.02712	0.01416	0.01628	0.01162	0.00602	0.00590	0.00124	0.00596	0.00478	0.00484	0.71518

[dist]
# distance from previous block
# <min> <max>
1	10

[block]
# block no. 4 follows, 25 sequences, length 38
# corresponding to MSA columns:
# 246-283
name=unknown_E
#
# <colnr> <probs for GDERKNQSTAVLIFYWHMCP>
#	G	D	E	R	K	N	Q	S	T	A	V	L	I	F	Y	W	H	M	C	P
0	0.65841	0.05774	0.05297	0.01124	0.01659	0.01791	0.01000	0.02362	0.01395	0.06370	0.01191	0.01345	0.00908	0.00729	0.00510	0.00236	0.00648	0.00445	0.00485	0.00889
1	0.01269	0.00931	0.01164	0.01166	0.01346	0.00923	0.00854	0.08291	0.01763	0.02396	0.09051	0.35280	0.05901	0.08145	0.08945	0.00430	0.00718	0.05611	0.00667	0.05147
2	0.02315	0.01735	0.01877	0.01558	0.02052	0.01906	0.01243	0.28842	0.27483	0.06618	0.02568	0.06458	0.02001	0.01048	0.00771	0.00241	0.00689	0.00849	0.04964	0.04783
3	0.00945	0.00675	0.00900	0.01080	0.01125	0.00630	0.00720	0.01080	0.01484	0.01979	0.04274	0.72245	0.05128	0.02429	0.00990	0.00315	0.00450	0.02204	0.00720	0.00630
4	0.02760	0.01443	0.01780	0.01392	0.01964	0.01336	0.01127	0.12359	0.07355	0.37110	0.02644	0.06724	0.01920	0.00981	0.00754	0.00221	0.00655	0.00804	0.00808	0.15860
5	0.01029	0.00714	0.00946	0.01114	0.01190	0.00680	0.00796	0.01215	0.01544	0.02096	0.04130	0.57081	0.04809	0.02280	0.00974	0.00313	0.00488	0.12180	0.05770	0.00650
6	0.05707	0.01408	0.01792	0.01387	0.01964	0.01306	0.01143	0.11849	0.02349	0.54395	0.02807	0.02504	0.01808	0.00945	0.00757	0.00236	0.00668	0.00754	0.04949	0.01272
7	0.00996	0.00720	0.00990	0.01114	0.01182	0.00726	0.00776	0.01164	0.01405	0.01910	0.03603	0.50710	0.04170	0.06406	0.19587	0.00584	0.00900	0.01788	0.00627	0.00640
8	0.01411	0.00959	0.01448	0.16986	0.06010	0.01007	0.01163	0.01515	0.01435	0.05476	0.02707	0.14629	0.08406	0.01906	0.01622	0.27049	0.00707	0.04409	0.00496	0.00660
9	0.19146	0.01528	0.01722	0.05566	0.06161	0.01661	0.01217	0.14649	0.13447	0.12280	0.06212	0.06182	0.02059	0.01006	0.00723	0.00245	0.00672	0.00805	0.03652	0.01067
10	0.01464	0.01378	0.02326	0.70887	0.05340	0.01723	0.02153	0.01981	0.01550	0.01981	0.01378	0.02067	0.01034	0.00775	0.00775	0.00258	0.01034	0.00689	0.00345	0.00861
11	0.03352	0.01522	0.01925	0.01476	0.02081	0.01441	0.01219	0.18435	0.02559	0.53315	0.02774	0.02454	0.01776	0.00953	0.00779	0.00238	0.00706	0.00760	0.00916	0.01319
12	0.01941	0.06926	0.34412	0.01967	0.02754	0.11449	0.05038	0.08472	0.01965	0.05315	0.04608	0.04966	0.01687	0.00943	0.00767	0.00242	0.01040	0.03979	0.00469	0.01060
13	0.01431	0.00907	0.01084	0.00999	0.01282	0.00816	0.00763	0.01793	0.05049	0.12903	0.27314	0.09646	0.29730	0.01659	0.00892	0.00255	0.00439	0.01418	0.00807	0.00811
14	0.00982	0.00690	0.00889	0.01032	0.01068	0.00655	0.00669	0.01089	0.01412	0.01882	0.03900	0.58525	0.04657	0.16793	0.01594	0.00404	0.00511	0.01984	0.00669	0.00597
15	0.01175	0.00825	0.01019	0.01063	0.01239	0.00781	0.00795	0.01439	0.04153	0.04992	0.08486	0.23736	0.22744	0.06020	0.05234	0.04042	0.00603	0.10275	0.00691	0.00689
16	0.04351	0.01768	0.05821	0.12830	0.10459	0.04450	0.07136	0.07571	0.05703	0.20786	0.02047	0.02204	0.01461	0.00866	0.00845	0.00244	0.04214	0.00726	0.05410	0.01109
17	0.01330	0.00976	0.01490	0.01430	0.01648	0.00936	0.08140	0.01696	0.05109	0.06683	0.07273	0.40947	0.04322	0.01959	0.00967	0.00305	0.00612	0.12694	0.00709	0.00775
18	0.22868	0.06187	0.09587	0.02076	0.13221	0.14379	0.01537	0.09320	0.01880	0.02833	0.01589	0.08219	0.01418	0.00913	0.00680	0.00234	0.00890	0.00697	0.00479	0.00993
19	0.01730	0.18127	0.40799	0.10156	0.07039	0.04874	0.02373	0.02394	0.01645	0.02249	0.01320	0.01611	0.01006	0.00726	0.00691	0.00227	0.01063	0.00557	0.00337	0.01076
20	0.23787	0.01099	0.01221	0.01127	0.01386	0.01217	0.00865	0.01679	0.01328	0.02379	0.05303	0.02822	0.01945	0.14519	0.25723	0.00676	0.04451	0.00752	0.00467	0.07253
21	0.02061	0.02532	0.23706	0.05257	0.14931	0.01895	0.11454	0.11701	0.02003	0.09227	0.01634	0.01907	0.01201	0.00813	0.00913	0.00250	0.06190	0.00695	0.00476	0.01156
22	0.01865	0.01343	0.05539	0.07825	0.04354	0.01233	0.01258	0.02269	0.05234	0.18258	0.05543	0.20972	0.02756	0.04044	0.01097	0.00280	0.06947	0.01142	0.00653	0.07387
23	0.03151	0.01223	0.01626	0.01274	0.01806	0.01072	0.01043	0.03461	0.02124	0.57890	0.02974	0.02680	0.01930	0.00951	0.00741	0.00230	0.00612	0.00771	0.13217	0.01223
24	0.00975	0.00704	0.00939	0.01087	0.01160	0.00669	0.00753	0.01143	0.01532	0.02048	0.07715	0.59121	0.07446	0.02566	0.05306	0.00369	0.00556	0.04560	0.00708	0.00644
25	0.02236	0.02741	0.23250	0.07053	0.04916	0.10067	0.03743	0.20500	0.06071	0.06744	0.04005	0.01997	0.01449	0.00858	0.00764	0.00238	0.00998	0.00679	0.00548	0.01144
26	0.02073	0.73217	0.04063	0.01327	0.01990	0.03068	0.01327	0.02322	0.01575	0.01824	0.01078	0.01244	0.00995	0.00663	0.00498	0.00166	0.00829	0.00415	0.00332	0.00995
27	0.01023	0.00757	0.00951	0.01084	0.01176	0.00726	0.00748	0.01285	0.05257	0.02054	0.04450	0.55458	0.10845	0.06015	0.01131	0.00332	0.00482	0.04853	0.00710	0.00662
28	0.01877	0.01934	0.03367	0.08562	0.26256	0.05784	0.26980	0.02492	0.05321	0.02496	0.01641	0.02082	0.01289	0.00722	0.00810	0.00242	0.01059	0.00780	0.05229	0.01077
29	0.01256	0.00853	0.01092	0.01184	0.01327	0.00829	0.00862	0.04476	0.04375	0.05840	0.04137	0.52284	0.06520	0.02170	0.00968	0.00308	0.00518	0.09526	0.00738	0.00736
30	0.03425	0.01405	0.01852	0.01420	0.02022	0.01267	0.01173	0.09965	0.02363	0.62062	0.02939	0.02561	0.01859	0.00957	0.00779	0.00239	0.00679	0.00772	0.00941	0.01319
31	0.01966	0.05679	0.04397	0.01257	0.01619	0.01099	0.01018	0.03851	0.04342	0.24075	0.03721	0.32215	0.08291	0.01632	0.00860	0.00270	0.00585	0.01417	0.00762	0.00945
32	0.02069	0.02214	0.11859	0.07167	0.36439	0.06894	0.02149	0.05318	0.04538	0.07580	0.01612	0.01930	0.01259	0.00792	0.00858	0.00240	0.04797	0.00674	0.00451	0.01162
33	0.01581	0.02481	0.32029	0.01742	0.02392	0.04045	0.04825	0.02110	0.01594	0.06571	0.02285	0.06731	0.05820	0.09944	0.07713	0.00405	0.03308	0.00859	0.02628	0.00938
34	0.34888	0.04213	0.08592	0.10362	0.20752	0.04636	0.01664	0.02325	0.01547	0.02821	0.01256	0.01580	0.00996	0.00721	0.00629	0.00236	0.00834	0.00545	0.00414	0.00988
35	0.01093	0.05403	0.03653	0.01058	0.01212	0.00867	0.00786	0.01280	0.01563	0.02086	0.13730	0.38009	0.09179	0.14725	0.01463	0.00366	0.00537	0.01671	0.00657	0.00661
36	0.01764	0.04947	0.12201	0.01510	0.04960	0.01320	0.01328	0.02270	0.04353	0.06661	0.01550	0.01728	0.01219	0.00652	0.00626	0.00156	0.00696	0.00523	0.00475	0.51061
37	0.01899	0.17177	0.05846	0.05880	0.02186	0.05663	0.04798	0.04020	0.07145	0.10016	0.08592	0.11873	0.05508	0.01176	0.00863	0.00243	0.04610	0.00964	0.00582	0.00960

[dist]
# distance from previous block
# <min> <max>
1	11

[block]
# block no. 5 follows, 25 sequences, length 18
# corresponding to MSA columns:
# 303-320
name=unknown_F
#
# <colnr> <probs for GDERKNQSTAVLIFYWHMCP>
#	G	D	E	R	K	N	Q	S	T	A	V	L	I	F	Y	W	H	M	C	P
0	0.14367	0.01467	0.01647	0.01382	0.01781	0.08196	0.05129	0.04346	0.01934	0.19813	0.17384	0.03146	0.02902	0.05546	0.07273	0.00359	0.00840	0.00870	0.00681	0.00938
1	0.01833	0.25803	0.19910	0.02139	0.08349	0.02186	0.10883	0.05854	0.01813	0.02446	0.08093	0.02037	0.01703	0.00813	0.00760	0.00222	0.03012	0.00675	0.00423	0.01048
2	0.01417	0.00896	0.01155	0.01108	0.01338	0.00894	0.00847	0.03958	0.01679	0.10195	0.07502	0.14680	0.16790	0.03145	0.25148	0.00607	0.01042	0.01229	0.05592	0.00778
3	0.01391	0.05767	0.08557	0.01467	0.01798	0.01320	0.05307	0.06060	0.01497	0.02090	0.01944	0.02907	0.01803	0.12879	0.40695	0.00880	0.01600	0.00813	0.00432	0.00795
4	0.05621	0.01071	0.01615	0.16141	0.05620	0.01116	0.04554	0.01745	0.01525	0.07852	0.04227	0.15779	0.06157	0.01607	0.01301	0.17141	0.00708	0.01053	0.04421	0.00747
5	0.01650	0.05153	0.02585	0.31275	0.23932	0.01742	0.04445	0.02215	0.05342	0.02280	0.01847	0.02888	0.01615	0.00930	0.00803	0.00258	0.00934	0.08685	0.00431	0.00991
6	0.01321	0.01046	0.01576	0.06760	0.12838	0.01060	0.01391	0.01673	0.01744	0.02326	0.07183	0.16606	0.03950	0.01815	0.00978	0.00316	0.00711	0.35266	0.00642	0.00798
7	0.27870	0.01650	0.01651	0.05607	0.02073	0.08430	0.01146	0.03127	0.06373	0.31553	0.02119	0.02039	0.01446	0.00859	0.00673	0.00239	0.00735	0.00633	0.00694	0.01084
8	0.01622	0.01987	0.14441	0.05753	0.26459	0.01657	0.07613	0.02086	0.01646	0.02346	0.06982	0.02688	0.04088	0.08252	0.01309	0.00304	0.08514	0.00822	0.00426	0.01004
9	0.01737	0.00826	0.00928	0.00854	0.01103	0.00791	0.00658	0.02089	0.01780	0.13477	0.09256	0.03147	0.02521	0.00982	0.00618	0.00197	0.00410	0.00801	0.57005	0.00820
10	0.01304	0.01450	0.10735	0.06098	0.08807	0.01259	0.04178	0.01714	0.01395	0.02003	0.01857	0.02640	0.01649	0.04078	0.46186	0.00905	0.01736	0.00777	0.00395	0.00834
11	0.02016	0.01845	0.11782	0.15090	0.27103	0.01561	0.01992	0.02488	0.01761	0.15965	0.01946	0.05858	0.01545	0.01121	0.04279	0.00296	0.00953	0.00780	0.00507	0.01111
12	0.13282	0.01500	0.01814	0.19925	0.02738	0.07760	0.04697	0.02344	0.04801	0.12710	0.03767	0.12396	0.02069	0.05721	0.00972	0.00287	0.00820	0.00930	0.00565	0.00899
13	0.01223	0.00877	0.01130	0.01245	0.01417	0.00862	0.00984	0.01627	0.06807	0.04150	0.04464	0.30617	0.11260	0.02105	0.00995	0.00321	0.00576	0.27876	0.00730	0.00736
14	0.34041	0.06864	0.12798	0.10926	0.04690	0.12395	0.01541	0.02444	0.01596	0.04598	0.01259	0.01512	0.00968	0.00745	0.00615	0.00232	0.00899	0.00512	0.00425	0.00939
15	0.01866	0.16219	0.34676	0.02199	0.09424	0.02098	0.02206	0.10818	0.01898	0.02641	0.01532	0.02004	0.01242	0.00845	0.00792	0.00237	0.03885	0.03886	0.00415	0.01114
16	0.01962	0.01930	0.08008	0.01711	0.05535	0.09498	0.01372	0.08925	0.19014	0.06716	0.02944	0.09005	0.07623	0.01182	0.00799	0.00246	0.00769	0.04898	0.00644	0.07218
17	0.04529	0.20812	0.07219	0.06040	0.07557	0.10295	0.01502	0.02863	0.12431	0.10903	0.01785	0.01876	0.01368	0.00791	0.00667	0.00210	0.00856	0.00602	0.00516	0.07178

[dist]
# distance from previous block
# <min> <max>
0	1

[block]
# block no. 6 follows, 25 sequences, length 6
# corresponding to MSA columns:
# 322-327
name=unknown_G
#
# <colnr> <probs for GDERKNQSTAVLIFYWHMCP>
#	G	D	E	R	K	N	Q	S	T	A	V	L	I	F	Y	W	H	M	C	P
0	0.02969	0.01406	0.01870	0.09191	0.02347	0.01356	0.01267	0.12425	0.02352	0.46014	0.08263	0.02733	0.02198	0.00989	0.00790	0.00241	0.00705	0.00811	0.00855	0.01217
1	0.01916	0.02098	0.14269	0.09882	0.19855	0.06269	0.05686	0.02415	0.01841	0.09867	0.09503	0.02374	0.01943	0.00840	0.00768	0.00228	0.00902	0.00744	0.00499	0.08102
2	0.01080	0.01175	0.09039	0.01048	0.01377	0.00829	0.00930	0.01443	0.01958	0.02628	0.35926	0.05957	0.30476	0.01634	0.00894	0.00251	0.00470	0.01396	0.00738	0.00751
3	0.02257	0.01552	0.01709	0.01352	0.01869	0.01567	0.01093	0.28381	0.05716	0.10012	0.02767	0.02758	0.09425	0.00996	0.00725	0.00210	0.00649	0.00788	0.11439	0.14735
4	0.01793	0.01047	0.01468	0.01263	0.01599	0.00941	0.04717	0.02048	0.01739	0.19866	0.09094	0.19896	0.06405	0.09196	0.06455	0.00377	0.00717	0.01231	0.00698	0.09449
5	0.05744	0.08629	0.09652	0.18367	0.14895	0.08217	0.07682	0.02423	0.01727	0.06909	0.01469	0.01819	0.01131	0.00730	0.00718	0.00224	0.00979	0.00628	0.00418	0.07641

[dist]
# distance from previous block
# <min> <max>
16	64

[block]
# block no. 7 follows, 25 sequences, length 20
# corresponding to MSA columns:
# 400-404,408-422
name=unknown_H
#
# <colnr> <probs for GDERKNQSTAVLIFYWHMCP>
#	G	D	E	R	K	N	Q	S	T	A	V	L	I	F	Y	W	H	M	C	P
0	0.33511	0.09553	0.05232	0.01516	0.02014	0.03942	0.03573	0.12621	0.06938	0.03175	0.01399	0.01593	0.01101	0.00857	0.00853	0.00245	0.09821	0.00561	0.00506	0.00989
1	0.53745	0.01866	0.10185	0.01601	0.07163	0.01727	0.04334	0.02418	0.01479	0.07489	0.01303	0.01491	0.00976	0.00732	0.00576	0.00241	0.00733	0.00508	0.00480	0.00951
2	0.01955	0.02193	0.21488	0.07975	0.07839	0.01500	0.01780	0.08515	0.01973	0.12393	0.08635	0.02297	0.01874	0.00846	0.00740	0.00218	0.00827	0.00700	0.00550	0.15701
3	0.02441	0.02737	0.02300	0.02124	0.05931	0.35439	0.01594	0.09293	0.04671	0.02295	0.01309	0.01629	0.01108	0.00988	0.01278	0.00250	0.22618	0.00601	0.00436	0.00960
4	0.05873	0.01860	0.09753	0.01803	0.06964	0.01531	0.04746	0.15122	0.02138	0.15548	0.01997	0.06725	0.01575	0.00885	0.00728	0.00213	0.00769	0.00740	0.00613	0.20419
5	0.02116	0.18664	0.17540	0.03585	0.02416	0.09968	0.03879	0.04728	0.04990	0.11551	0.06102	0.02435	0.01824	0.03485	0.00835	0.00245	0.00920	0.03161	0.00520	0.01036
6	0.01045	0.00750	0.00986	0.01090	0.01178	0.00735	0.00779	0.01226	0.01506	0.02017	0.08423	0.36631	0.07429	0.13803	0.09669	0.00493	0.00720	0.10234	0.00653	0.00632
7	0.01690	0.01402	0.01746	0.07520	0.05482	0.01254	0.01158	0.09522	0.01900	0.02771	0.06474	0.05651	0.01930	0.00864	0.00690	0.00176	0.00650	0.03131	0.00535	0.45453
8	0.27124	0.01731	0.01561	0.01434	0.03933	0.12295	0.01088	0.08158	0.01788	0.09766	0.01628	0.01881	0.01269	0.01210	0.04264	0.05347	0.04308	0.00591	0.09722	0.00903
9	0.02682	0.01182	0.01563	0.01316	0.01750	0.01069	0.01035	0.07007	0.02092	0.44283	0.03346	0.23527	0.02845	0.01400	0.00843	0.00262	0.00609	0.01203	0.00875	0.01112
10	0.02904	0.02071	0.02244	0.01739	0.02343	0.02277	0.01430	0.56094	0.08533	0.09277	0.02049	0.01999	0.01445	0.00942	0.00777	0.00236	0.00820	0.00718	0.00790	0.01311
11	0.07362	0.02040	0.02544	0.07115	0.24232	0.10686	0.04303	0.14686	0.02146	0.09585	0.01606	0.01870	0.01230	0.00835	0.00885	0.00240	0.06321	0.00667	0.00521	0.01127
12	0.04782	0.01409	0.01894	0.02463	0.24839	0.06129	0.01408	0.02028	0.01748	0.09019	0.06903	0.28207	0.03103	0.01428	0.00844	0.00262	0.00706	0.01281	0.00602	0.00945
13	0.01007	0.00739	0.00949	0.01039	0.01162	0.00682	0.00747	0.01231	0.01742	0.02332	0.22075	0.40147	0.14210	0.02111	0.00966	0.00292	0.00440	0.06707	0.00756	0.00668
14	0.02082	0.08608	0.09399	0.05205	0.28554	0.01931	0.01897	0.14701	0.05291	0.06134	0.01878	0.07486	0.01592	0.00912	0.00760	0.00236	0.00861	0.00788	0.00523	0.01160
15	0.00999	0.00755	0.00927	0.00989	0.01145	0.00683	0.00722	0.01229	0.01779	0.02338	0.22112	0.30655	0.24351	0.02045	0.00954	0.00283	0.00429	0.06178	0.00755	0.00670
16	0.05567	0.01497	0.04306	0.21634	0.16035	0.01530	0.01655	0.07005	0.04604	0.08880	0.14163	0.05291	0.02548	0.01006	0.00793	0.00247	0.00781	0.00878	0.00576	0.01003
17	0.12129	0.02919	0.38275	0.06928	0.02999	0.01838	0.04727	0.06911	0.04905	0.02721	0.01484	0.01770	0.01106	0.00990	0.03481	0.00290	0.04437	0.00613	0.00411	0.01064
18	0.08062	0.07655	0.11196	0.01811	0.05451	0.02095	0.01558	0.23236	0.21261	0.06748	0.02096	0.02081	0.01544	0.00893	0.00730	0.00239	0.00795	0.00694	0.00652	0.01203
19	0.01808	0.07622	0.21811	0.05954	0.19776	0.07030	0.02027	0.02522	0.08561	0.02436	0.01670	0.04606	0.01379	0.00810	0.00725	0.00224	0.00935	0.00677	0.00427	0.09001

[dist]
# distance from previous block
# <min> <max>
0	3

[block]
# block no. 8 follows, 25 sequences, length 42
# corresponding to MSA columns:
# 426-467
name=unknown_I
#
# <colnr> <probs for GDERKNQSTAVLIFYWHMCP>
#	G	D	E	R	K	N	Q	S	T	A	V	L	I	F	Y	W	H	M	C	P
0	0.06420	0.17155	0.15227	0.01863	0.05092	0.08535	0.06404	0.02556	0.10938	0.02400	0.02033	0.02380	0.05229	0.00914	0.00785	0.00232	0.03890	0.03324	0.00463	0.04161
1	0.02065	0.01445	0.02223	0.10459	0.24596	0.01455	0.03776	0.02617	0.07333	0.17171	0.09023	0.02764	0.02200	0.03351	0.00887	0.00255	0.00762	0.00826	0.05702	0.01088
2	0.78228	0.01499	0.01140	0.01020	0.01499	0.01739	0.00840	0.02279	0.01320	0.03479	0.01080	0.01260	0.00840	0.00720	0.00480	0.00240	0.00600	0.00420	0.00480	0.00840
3	0.01629	0.01611	0.02418	0.57496	0.12868	0.06865	0.02132	0.02115	0.01626	0.02043	0.01375	0.01998	0.01055	0.00767	0.00769	0.00250	0.01047	0.00675	0.00354	0.00910
4	0.01228	0.01164	0.06417	0.01312	0.01489	0.01103	0.03697	0.01451	0.01249	0.01768	0.02061	0.03583	0.02103	0.31036	0.30374	0.00862	0.07095	0.00919	0.00423	0.00667
5	0.01939	0.01015	0.01268	0.01100	0.01467	0.00903	0.00871	0.02292	0.04269	0.26472	0.21467	0.05162	0.23560	0.01475	0.00867	0.00252	0.00501	0.03337	0.00844	0.00938
6	0.01467	0.00880	0.01154	0.01045	0.01299	0.00809	0.00803	0.01801	0.02091	0.13478	0.47055	0.05218	0.11194	0.01836	0.06084	0.00320	0.00545	0.01279	0.00826	0.00817
7	0.03433	0.01393	0.01845	0.01415	0.02016	0.01249	0.01169	0.09109	0.02343	0.62947	0.02955	0.02572	0.01867	0.00957	0.00779	0.00239	0.00677	0.00773	0.00944	0.01319
8	0.05255	0.02271	0.02221	0.04962	0.09567	0.24026	0.04763	0.07226	0.07303	0.18650	0.04717	0.02154	0.01652	0.00877	0.00755	0.00229	0.00976	0.00697	0.00610	0.01089
9	0.06896	0.07553	0.23081	0.02023	0.05457	0.11647	0.07910	0.04469	0.01917	0.15924	0.04585	0.02000	0.01483	0.00818	0.00735	0.00232	0.00993	0.00662	0.00520	0.01097
10	0.07653	0.17606	0.16500	0.09962	0.07047	0.08278	0.01766	0.02349	0.03282	0.02285	0.01304	0.01604	0.01058	0.00756	0.00773	0.00214	0.05746	0.00542	0.00382	0.10891
11	0.00977	0.00754	0.00892	0.00929	0.01102	0.00669	0.00669	0.01203	0.01803	0.02349	0.23765	0.26609	0.31501	0.01997	0.00938	0.00273	0.00402	0.01742	0.00758	0.00669
12	0.08268	0.01856	0.06882	0.21064	0.26823	0.04100	0.01985	0.04932	0.01740	0.05388	0.01454	0.01867	0.01140	0.00768	0.00811	0.00237	0.04114	0.00643	0.00422	0.05504
13	0.01771	0.01475	0.01610	0.01380	0.01833	0.01554	0.01080	0.08094	0.36417	0.03150	0.11860	0.03276	0.07084	0.01088	0.00774	0.00231	0.00577	0.00908	0.00732	0.15106
14	0.74165	0.01490	0.01175	0.01039	0.01526	0.01707	0.00856	0.02361	0.01368	0.07010	0.01187	0.01335	0.00898	0.00733	0.00496	0.00240	0.00603	0.00439	0.00506	0.00866
15	0.02030	0.44287	0.24124	0.01626	0.02435	0.02530	0.01804	0.05164	0.01721	0.06026	0.01325	0.01475	0.01059	0.00715	0.00601	0.00198	0.00920	0.00498	0.00386	0.01075
16	0.01378	0.01112	0.01275	0.01161	0.01465	0.01134	0.00889	0.02326	0.23348	0.03003	0.35652	0.04804	0.12435	0.01399	0.00855	0.00245	0.00462	0.01205	0.00795	0.05058
17	0.00979	0.00734	0.00908	0.00978	0.01115	0.00663	0.00691	0.01191	0.01747	0.02313	0.22243	0.38216	0.21223	0.02086	0.00951	0.00283	0.00413	0.01847	0.00756	0.00663
18	0.01424	0.00884	0.01143	0.01117	0.01315	0.00833	0.00819	0.05283	0.01966	0.10594	0.27808	0.34722	0.05344	0.01847	0.00924	0.00274	0.00467	0.01643	0.00802	0.00791
19	0.01639	0.01110	0.01245	0.01117	0.01396	0.04503	0.00854	0.03813	0.07110	0.11542	0.39117	0.04632	0.07769	0.03328	0.00925	0.00252	0.00502	0.01160	0.07124	0.00860
20	0.01607	0.10984	0.62217	0.02121	0.03218	0.01928	0.02710	0.02442	0.01631	0.02392	0.01360	0.01597	0.00983	0.00729	0.00713	0.00238	0.01114	0.00557	0.00328	0.01131
21	0.01825	0.04171	0.16161	0.01825	0.07920	0.07125	0.01564	0.07698	0.04572	0.02671	0.03991	0.04869	0.01562	0.00807	0.00690	0.00191	0.00814	0.00652	0.00483	0.30411
22	0.02050	0.01364	0.01653	0.01203	0.01871	0.01059	0.00971	0.02384	0.01752	0.18103	0.01775	0.01851	0.01331	0.00665	0.00623	0.00144	0.00594	0.00535	0.00578	0.59493
23	0.01228	0.00918	0.01382	0.01297	0.01487	0.00946	0.05149	0.01506	0.01593	0.05071	0.15453	0.20438	0.07076	0.03274	0.26373	0.00636	0.03511	0.01313	0.00609	0.00739
24	0.09937	0.01324	0.01643	0.01318	0.01830	0.01256	0.01071	0.06866	0.06498	0.43837	0.13180	0.02989	0.02682	0.01042	0.00774	0.00242	0.00615	0.00848	0.00876	0.01174
25	0.06604	0.01445	0.01813	0.01414	0.01967	0.01378	0.01156	0.15496	0.02365	0.48052	0.02607	0.02404	0.01710	0.01074	0.00935	0.06067	0.00696	0.00739	0.00855	0.01223
26	0.01376	0.00740	0.00801	0.00794	0.00971	0.00742	0.00598	0.01732	0.01668	0.02836	0.10600	0.03264	0.02648	0.01359	0.05808	0.00269	0.00491	0.00816	0.61764	0.00721
27	0.00945	0.00675	0.00900	0.01080	0.01125	0.00630	0.00720	0.01080	0.01484	0.01979	0.04274	0.72245	0.05128	0.02429	0.00990	0.00315	0.00450	0.02204	0.00720	0.00630
28	0.01224	0.01030	0.03057	0.05275	0.01591	0.03882	0.00985	0.01441	0.01535	0.04293	0.06128	0.45536	0.03975	0.02546	0.10382	0.00427	0.03686	0.01663	0.00630	0.00715
29	0.01877	0.01574	0.01708	0.01326	0.01912	0.06360	0.01064	0.04186	0.05277	0.07141	0.01736	0.02160	0.01449	0.00780	0.00730	0.00165	0.03711	0.04141	0.00527	0.52178
30	0.02181	0.13938	0.22148	0.02569	0.18584	0.12745	0.02059	0.07614	0.01948	0.07043	0.01481	0.01694	0.01138	0.00755	0.00707	0.00221	0.01024	0.00590	0.00433	0.01129
31	0.01347	0.01070	0.01375	0.01621	0.10769	0.03932	0.01013	0.01558	0.01408	0.01931	0.02375	0.04296	0.02453	0.29514	0.18848	0.00688	0.01099	0.08741	0.05263	0.00698
32	0.01331	0.01129	0.01325	0.01257	0.01332	0.05681	0.00913	0.01469	0.01250	0.01693	0.02000	0.03566	0.02095	0.32781	0.26679	0.00822	0.12704	0.00908	0.00425	0.00638
33	0.73212	0.01544	0.01219	0.01071	0.01560	0.01784	0.00882	0.06480	0.01475	0.03573	0.01132	0.01300	0.00872	0.00734	0.00500	0.00239	0.00617	0.00438	0.00500	0.00872
34	0.06296	0.07252	0.02114	0.01608	0.02135	0.02186	0.01309	0.27226	0.34251	0.03775	0.02398	0.02290	0.01784	0.00959	0.00746	0.00243	0.00721	0.00750	0.00733	0.01224
35	0.01756	0.01798	0.02279	0.04892	0.02144	0.07805	0.01636	0.01934	0.01283	0.01855	0.01122	0.01863	0.01111	0.04999	0.02390	0.00346	0.58917	0.00688	0.00351	0.00833
36	0.01445	0.00723	0.00723	0.00723	0.00903	0.00723	0.00542	0.01807	0.01626	0.02891	0.02529	0.02891	0.01987	0.00903	0.00542	0.00181	0.00361	0.00723	0.77055	0.00723
37	0.01779	0.01771	0.02396	0.01997	0.02246	0.08209	0.12531	0.04754	0.06493	0.02275	0.01876	0.12076	0.01801	0.01272	0.01553	0.00291	0.30392	0.00941	0.04450	0.00897
38	0.01872	0.01676	0.02406	0.02021	0.02109	0.02241	0.04113	0.02073	0.01311	0.08249	0.01234	0.01802	0.01110	0.01292	0.02313	0.00327	0.61854	0.00697	0.00401	0.00901
39	0.01445	0.00723	0.00723	0.00723	0.00903	0.00723	0.00542	0.01807	0.01626	0.02891	0.02529	0.02891	0.01987	0.00903	0.00542	0.00181	0.00361	0.00723	0.77055	0.00723
40	0.01103	0.00745	0.00871	0.00894	0.00906	0.00746	0.00524	0.01133	0.01178	0.01578	0.02660	0.13546	0.03073	0.60749	0.06551	0.00718	0.00773	0.01251	0.00499	0.00500
41	0.02197	0.09081	0.10358	0.07274	0.15268	0.01747	0.01699	0.08005	0.08835	0.16802	0.06338	0.02614	0.01964	0.00934	0.00765	0.00240	0.00809	0.03318	0.00612	0.01141

[dist]
# distance from previous block
# <min> <max>
2	10

[block]
# block no. 9 follows, 25 sequences, length 23
# corresponding to MSA columns:
# 489-511
name=unknown_J
#
# <colnr> <probs for GDERKNQSTAVLIFYWHMCP>
#	G	D	E	R	K	N	Q	S	T	A	V	L	I	F	Y	W	H	M	C	P
0	0.01475	0.01215	0.01668	0.15753	0.07566	0.01329	0.01292	0.09100	0.01915	0.02573	0.15845	0.08531	0.11475	0.07674	0.01253	0.00308	0.05645	0.03951	0.00600	0.00835
1	0.05826	0.01463	0.01690	0.01367	0.01872	0.03523	0.01105	0.11970	0.09283	0.36561	0.06540	0.02825	0.04339	0.01016	0.00759	0.00236	0.00653	0.00815	0.06981	0.01173
2	0.08000	0.01421	0.01622	0.01189	0.01850	0.01166	0.00959	0.05176	0.01737	0.08679	0.01529	0.01685	0.01201	0.00638	0.00595	0.00142	0.00597	0.00497	0.00521	0.60794
3	0.01058	0.00789	0.00987	0.00963	0.01154	0.00718	0.00726	0.01376	0.02048	0.02799	0.48657	0.09902	0.19620	0.01736	0.00926	0.00257	0.00392	0.04371	0.00812	0.00709
4	0.27561	0.01359	0.01420	0.01146	0.01654	0.01314	0.00911	0.04491	0.03814	0.08844	0.01507	0.01738	0.01190	0.00968	0.00901	0.10404	0.00615	0.00527	0.00519	0.29116
5	0.01445	0.00723	0.00723	0.00723	0.00903	0.00723	0.00542	0.01807	0.01626	0.02891	0.02529	0.02891	0.01987	0.00903	0.00542	0.00181	0.00361	0.00723	0.77055	0.00723
6	0.01589	0.01466	0.04946	0.01484	0.04169	0.01171	0.04721	0.06514	0.01785	0.02618	0.04191	0.13363	0.02141	0.01015	0.00722	0.00189	0.00655	0.03583	0.00536	0.43143
7	0.02079	0.13929	0.10195	0.02194	0.09370	0.14359	0.04750	0.05346	0.12848	0.02394	0.01576	0.01817	0.01280	0.00900	0.01036	0.00243	0.13545	0.00639	0.00450	0.01049
8	0.01445	0.00723	0.00723	0.00723	0.00903	0.00723	0.00542	0.01807	0.01626	0.02891	0.02529	0.02891	0.01987	0.00903	0.00542	0.00181	0.00361	0.00723	0.77055	0.00723
9	0.02771	0.01918	0.02082	0.01620	0.02171	0.02090	0.01322	0.52310	0.03245	0.09293	0.02034	0.02175	0.01497	0.04847	0.00931	0.00258	0.00795	0.00730	0.06684	0.01226
10	0.52758	0.05661	0.01527	0.01218	0.01700	0.08338	0.00997	0.08562	0.04716	0.03339	0.01325	0.01475	0.01030	0.00768	0.00548	0.00230	0.00704	0.00488	0.03703	0.00914
11	0.01065	0.00787	0.00998	0.00980	0.01163	0.00720	0.00738	0.01384	0.02045	0.02810	0.49238	0.11753	0.16479	0.01747	0.00930	0.00259	0.00397	0.04985	0.00813	0.00710
12	0.03285	0.01277	0.01737	0.01347	0.01912	0.01106	0.01106	0.03590	0.02217	0.63128	0.08309	0.02896	0.02359	0.01011	0.00791	0.00240	0.00636	0.00830	0.00951	0.01272
13	0.01128	0.00752	0.00846	0.00846	0.00846	0.00752	0.00470	0.01128	0.01128	0.01503	0.02443	0.05074	0.02819	0.72751	0.03946	0.00752	0.00752	0.01128	0.00470	0.00470
14	0.01445	0.00723	0.00723	0.00723	0.00903	0.00723	0.00542	0.01807	0.01626	0.02891	0.02529	0.02891	0.01987	0.00903	0.00542	0.00181	0.00361	0.00723	0.77055	0.00723
15	0.14673	0.02141	0.02165	0.01791	0.04776	0.06131	0.01411	0.49492	0.03127	0.04405	0.01686	0.01743	0.01222	0.00881	0.00725	0.00232	0.00847	0.00643	0.00693	0.01216
16	0.01890	0.01332	0.01833	0.14108	0.02500	0.01303	0.04861	0.07348	0.05645	0.14118	0.10680	0.06286	0.08180	0.01072	0.00786	0.00227	0.00692	0.00927	0.00649	0.15564
