[name]
unknown

[dist]
# distance from previous block
# <min> <max>
0	67

[block]
# block no. 0 follows, 30 sequences, length 34
# corresponding to MSA columns:
# 68-101
name=unknown_A
#
# <colnr> <probs for GDERKNQSTAVLIFYWHMCP>
#	G	D	E	R	K	N	Q	S	T	A	V	L	I	F	Y	W	H	M	C	P
0	0.04676	0.01642	0.10652	0.01395	0.01851	0.05274	0.04213	0.10634	0.11397	0.12169	0.19888	0.03184	0.05121	0.01038	0.00736	0.00224	0.00654	0.03685	0.00640	0.00928
1	0.12108	0.01468	0.01636	0.04584	0.01885	0.04520	0.03286	0.20444	0.07231	0.12297	0.07498	0.06475	0.06792	0.00993	0.00738	0.00220	0.02860	0.00793	0.00622	0.03552
2	0.05724	0.01197	0.01775	0.04701	0.01943	0.01190	0.12704	0.03693	0.04025	0.02221	0.05737	0.15911	0.07912	0.01183	0.00875	0.00229	0.06766	0.05982	0.00505	0.15728
3	0.01414	0.01314	0.02132	0.46268	0.19027	0.01462	0.01793	0.01843	0.01466	0.01994	0.03764	0.01898	0.01187	0.00684	0.00677	0.00210	0.00832	0.00617	0.00348	0.11071
4	0.01456	0.01502	0.05552	0.46825	0.23549	0.01596	0.05738	0.01929	0.01468	0.01969	0.01271	0.01806	0.00985	0.00668	0.00701	0.00225	0.00920	0.00627	0.00322	0.00890
5	0.05875	0.02687	0.01892	0.01685	0.02039	0.46789	0.01295	0.07754	0.13001	0.02168	0.01391	0.01525	0.01116	0.00804	0.00777	0.00203	0.07151	0.00528	0.00441	0.00879
6	0.00988	0.00713	0.00933	0.00878	0.01043	0.00658	0.00658	0.01317	0.01975	0.02798	0.70754	0.05213	0.06584	0.01427	0.00823	0.00219	0.00329	0.01262	0.00768	0.00658
7	0.01318	0.01240	0.02093	0.73798	0.04806	0.01550	0.01938	0.01783	0.01395	0.01783	0.01240	0.01860	0.00930	0.00698	0.00698	0.00233	0.00930	0.00620	0.00310	0.00775
8	0.00825	0.00707	0.00707	0.00707	0.00943	0.00589	0.00530	0.01001	0.01591	0.01885	0.07069	0.06716	0.70839	0.01767	0.00825	0.00236	0.00353	0.01473	0.00648	0.00589
9	0.00848	0.00616	0.00800	0.00948	0.01006	0.00569	0.00637	0.00974	0.01359	0.01791	0.04140	0.68797	0.10649	0.02148	0.00885	0.00279	0.00400	0.01937	0.00648	0.00569
10	0.00850	0.00607	0.00810	0.00972	0.01012	0.00567	0.00648	0.00972	0.01336	0.01781	0.03846	0.75020	0.04615	0.02186	0.00891	0.00283	0.00405	0.01984	0.00648	0.00567
11	0.00923	0.00687	0.00858	0.00865	0.01015	0.00623	0.00630	0.01173	0.01748	0.02377	0.42284	0.21815	0.19088	0.01673	0.00839	0.00238	0.00352	0.01473	0.00716	0.00623
12	0.80405	0.01350	0.01026	0.00918	0.01350	0.01565	0.00756	0.02051	0.01188	0.03131	0.00972	0.01134	0.00756	0.00648	0.00432	0.00216	0.00540	0.00378	0.00432	0.00756
13	0.01688	0.48304	0.29690	0.01497	0.02260	0.02326	0.01722	0.02136	0.01439	0.01859	0.01078	0.01254	0.00891	0.00622	0.00530	0.00177	0.00855	0.00428	0.00297	0.00947
14	0.01650	0.01396	0.02218	0.31893	0.03337	0.01457	0.11925	0.06612	0.01615	0.07921	0.01410	0.01783	0.01058	0.00680	0.00733	0.00202	0.03517	0.00610	0.00414	0.19568
15	0.70146	0.01429	0.01167	0.01008	0.01457	0.01644	0.00831	0.10857	0.01464	0.03298	0.01065	0.01205	0.00813	0.00673	0.00467	0.00215	0.00570	0.00411	0.00467	0.00813
16	0.00988	0.00713	0.00933	0.00878	0.01043	0.00658	0.00658	0.01317	0.01975	0.02798	0.70754	0.05213	0.06584	0.01427	0.00823	0.00219	0.00329	0.01262	0.00768	0.00658
17	0.80405	0.01350	0.01026	0.00918	0.01350	0.01565	0.00756	0.02051	0.01188	0.03131	0.00972	0.01134	0.00756	0.00648	0.00432	0.00216	0.00540	0.00378	0.00432	0.00756
18	0.01727	0.01658	0.02832	0.04283	0.71123	0.01658	0.02142	0.02142	0.01589	0.02280	0.01313	0.01727	0.01105	0.00622	0.00691	0.00207	0.00829	0.00622	0.00345	0.01105
19	0.01736	0.01499	0.01578	0.01420	0.01815	0.01736	0.01105	0.03708	0.69862	0.02919	0.02840	0.02604	0.02130	0.00947	0.00710	0.00237	0.00552	0.00789	0.00710	0.01105
20	0.02653	0.01955	0.02094	0.01606	0.02164	0.02164	0.01326	0.68796	0.03281	0.04398	0.01675	0.01675	0.01187	0.00838	0.00698	0.00209	0.00768	0.00628	0.00698	0.01187
21	0.00849	0.00613	0.00804	0.00957	0.01008	0.00568	0.00641	0.00973	0.01350	0.01787	0.04026	0.71215	0.08305	0.02163	0.00887	0.00281	0.00402	0.01955	0.00648	0.00568
22	0.00825	0.00707	0.00707	0.00707	0.00943	0.00589	0.00530	0.01001	0.01591	0.01885	0.07069	0.06716	0.70839	0.01767	0.00825	0.00236	0.00353	0.01473	0.00648	0.00589
23	0.00850	0.00607	0.00810	0.00972	0.01012	0.00567	0.00648	0.00972	0.01336	0.01781	0.03846	0.75020	0.04615	0.02186	0.00891	0.00283	0.00405	0.01984	0.00648	0.00567
24	0.02653	0.01955	0.02094	0.01606	0.02164	0.02164	0.01326	0.68796	0.03281	0.04398	0.01675	0.01675	0.01187	0.00838	0.00698	0.00209	0.00768	0.00628	0.00698	0.01187
25	0.00850	0.00607	0.00810	0.00972	0.01012	0.00567	0.00648	0.00972	0.01336	0.01781	0.03846	0.75020	0.04615	0.02186	0.00891	0.00283	0.00405	0.01984	0.00648	0.00567
26	0.00988	0.00713	0.00933	0.00878	0.01043	0.00658	0.00658	0.01317	0.01975	0.02798	0.70754	0.05213	0.06584	0.01427	0.00823	0.00219	0.00329	0.01262	0.00768	0.00658
27	0.02480	0.01844	0.01970	0.01544	0.02065	0.02048	0.01264	0.57700	0.11831	0.04135	0.01850	0.01832	0.01333	0.00851	0.00691	0.00211	0.00722	0.00650	0.03822	0.01155
28	0.01420	0.06703	0.68942	0.01955	0.02968	0.01669	0.02519	0.02205	0.01471	0.02186	0.01240	0.01458	0.00884	0.00660	0.00654	0.00218	0.01019	0.00510	0.00295	0.01025
29	0.01400	0.03610	0.71860	0.01989	0.03020	0.01621	0.02578	0.02210	0.01473	0.02210	0.01252	0.01473	0.00884	0.00663	0.00663	0.00221	0.01031	0.00516	0.00295	0.01031
30	0.01009	0.00700	0.00882	0.00882	0.00924	0.00742	0.00574	0.01092	0.01051	0.01443	0.02088	0.03954	0.02271	0.51904	0.26760	0.00826	0.01077	0.00925	0.00406	0.00490
31	0.02038	0.01352	0.01540	0.01183	0.01736	0.04189	0.00948	0.02565	0.11323	0.22896	0.01908	0.01878	0.01389	0.00689	0.00604	0.00159	0.00577	0.00554	0.00587	0.41886
32	0.01400	0.03610	0.71860	0.01989	0.03020	0.01621	0.02578	0.02210	0.01473	0.02210	0.01252	0.01473	0.00884	0.00663	0.00663	0.00221	0.01031	0.00516	0.00295	0.01031
33	0.01790	0.41548	0.19362	0.01528	0.02125	0.09805	0.01580	0.02139	0.01445	0.01788	0.01041	0.01270	0.00896	0.00706	0.00756	0.00190	0.10380	0.00446	0.00305	0.00901

[dist]
# distance from previous block
# <min> <max>
0	17

[block]
# block no. 1 follows, 30 sequences, length 15
# corresponding to MSA columns:
# 119-133
name=unknown_B
#
# <colnr> <probs for GDERKNQSTAVLIFYWHMCP>
#	G	D	E	R	K	N	Q	S	T	A	V	L	I	F	Y	W	H	M	C	P
0	0.00980	0.00707	0.00926	0.00883	0.01041	0.00653	0.00658	0.01297	0.01938	0.02739	0.66839	0.09298	0.06469	0.01471	0.00827	0.00223	0.00334	0.01304	0.00761	0.00653
1	0.01447	0.01240	0.01447	0.01034	0.01654	0.00930	0.00827	0.01757	0.01447	0.02274	0.01240	0.01447	0.01034	0.00517	0.00517	0.00103	0.00517	0.00413	0.00413	0.79742
2	0.02121	0.01376	0.01576	0.01229	0.01730	0.03575	0.00990	0.12794	0.05831	0.21374	0.01940	0.04292	0.01462	0.00788	0.00679	0.00177	0.03020	0.00620	0.05152	0.29277
3	0.01680	0.01609	0.02746	0.12366	0.63412	0.01646	0.02118	0.02100	0.01566	0.02222	0.01304	0.01743	0.01085	0.00631	0.00692	0.00210	0.00841	0.00622	0.00341	0.01067
4	0.03131	0.01188	0.01619	0.01242	0.01781	0.01026	0.01026	0.03401	0.01997	0.71606	0.02753	0.02375	0.01727	0.00864	0.00702	0.00216	0.00594	0.00702	0.00864	0.01188
5	0.01400	0.03610	0.71860	0.01989	0.03020	0.01621	0.02578	0.02210	0.01473	0.02210	0.01252	0.01473	0.00884	0.00663	0.00663	0.00221	0.01031	0.00516	0.00295	0.01031
6	0.01400	0.03610	0.71860	0.01989	0.03020	0.01621	0.02578	0.02210	0.01473	0.02210	0.01252	0.01473	0.00884	0.00663	0.00663	0.00221	0.01031	0.00516	0.00295	0.01031
7	0.00825	0.00707	0.00707	0.00707	0.00943	0.00589	0.00530	0.01001	0.01591	0.01885	0.07069	0.06716	0.70839	0.01767	0.00825	0.00236	0.00353	0.01473	0.00648	0.00589
8	0.01736	0.01499	0.01578	0.01420	0.01815	0.01736	0.01105	0.03708	0.69862	0.02919	0.02840	0.02604	0.02130	0.00947	0.00710	0.00237	0.00552	0.00789	0.00710	0.01105
9	0.00825	0.00707	0.00707	0.00707	0.00943	0.00589	0.00530	0.01001	0.01591	0.01885	0.07069	0.06716	0.70839	0.01767	0.00825	0.00236	0.00353	0.01473	0.00648	0.00589
10	0.01447	0.01240	0.01447	0.01034	0.01654	0.00930	0.00827	0.01757	0.01447	0.02274	0.01240	0.01447	0.01034	0.00517	0.00517	0.00103	0.00517	0.00413	0.00413	0.79742
11	0.02763	0.01199	0.01582	0.01196	0.01754	0.01005	0.00982	0.03042	0.01877	0.56475	0.02423	0.02173	0.01576	0.00788	0.00661	0.00191	0.00577	0.00639	0.00765	0.18331
12	0.01969	0.59313	0.07094	0.01343	0.01922	0.14866	0.01297	0.02217	0.01518	0.01684	0.01004	0.01163	0.00895	0.00622	0.00491	0.00158	0.00851	0.00394	0.00309	0.00888
13	0.01028	0.00996	0.07866	0.00987	0.01236	0.00752	0.00846	0.01404	0.01926	0.02741	0.63960	0.04847	0.06027	0.01352	0.00807	0.00220	0.00398	0.01189	0.00722	0.00695
14	0.01676	0.01431	0.01534	0.01407	0.01779	0.01645	0.01106	0.03487	0.63190	0.02838	0.02924	0.03119	0.02315	0.01043	0.00735	0.00245	0.00561	0.07205	0.00703	0.01059

[dist]
# distance from previous block
# <min> <max>
0	4

[block]
# block no. 2 follows, 30 sequences, length 53
# corresponding to MSA columns:
# 138-145,155-199
name=unknown_C
#
# <colnr> <probs for GDERKNQSTAVLIFYWHMCP>
#	G	D	E	R	K	N	Q	S	T	A	V	L	I	F	Y	W	H	M	C	P
0	0.01512	0.01177	0.01373	0.01004	0.01573	0.00906	0.00801	0.01821	0.01475	0.05593	0.01419	0.01610	0.01144	0.00564	0.00523	0.00115	0.00501	0.00452	0.08582	0.67856
1	0.01658	0.01418	0.01511	0.01364	0.01735	0.01625	0.01058	0.03461	0.62855	0.02907	0.09850	0.02873	0.02590	0.00996	0.00722	0.00235	0.00529	0.00838	0.00716	0.01058
2	0.02105	0.02668	0.09174	0.04733	0.02213	0.39929	0.01502	0.04135	0.01691	0.01870	0.01136	0.01446	0.00953	0.00842	0.01035	0.00217	0.18923	0.00517	0.04090	0.00822
3	0.00843	0.00711	0.00750	0.00750	0.00974	0.00618	0.00565	0.01027	0.01542	0.01858	0.06533	0.06306	0.63708	0.02125	0.08244	0.00327	0.00510	0.01398	0.00620	0.00593
4	0.00973	0.00702	0.00920	0.00888	0.01039	0.00649	0.00657	0.01281	0.01909	0.02693	0.63849	0.12418	0.06381	0.01505	0.00830	0.00226	0.00337	0.01337	0.00756	0.00649
5	0.01947	0.68264	0.03495	0.01237	0.01830	0.02700	0.01208	0.08975	0.01610	0.01926	0.01043	0.01177	0.00926	0.00622	0.00474	0.00155	0.00749	0.00399	0.00340	0.00926
6	0.00977	0.00715	0.00984	0.00997	0.01096	0.00773	0.00728	0.01166	0.01208	0.01684	0.07544	0.10934	0.05762	0.18459	0.42807	0.00838	0.01295	0.01001	0.00454	0.00578
7	0.02318	0.01672	0.01819	0.01440	0.01905	0.01847	0.01178	0.53676	0.02838	0.03893	0.01768	0.01898	0.01317	0.01288	0.08105	0.00298	0.00828	0.00643	0.10205	0.01064
8	0.02636	0.01480	0.05459	0.01375	0.01883	0.01361	0.01172	0.18418	0.05332	0.41341	0.02443	0.07591	0.01763	0.00962	0.00768	0.00224	0.03156	0.00772	0.00752	0.01114
9	0.02037	0.01189	0.01442	0.01231	0.01561	0.03966	0.00986	0.05176	0.06724	0.28843	0.16439	0.07145	0.07518	0.01187	0.00917	0.00235	0.08145	0.03625	0.00714	0.00921
10	0.01400	0.03610	0.71860	0.01989	0.03020	0.01621	0.02578	0.02210	0.01473	0.02210	0.01252	0.01473	0.00884	0.00663	0.00663	0.00221	0.01031	0.00516	0.00295	0.01031
11	0.01647	0.01882	0.04118	0.02941	0.03647	0.01765	0.68588	0.02235	0.01647	0.02235	0.01412	0.01882	0.01059	0.00588	0.00824	0.00235	0.01176	0.00824	0.00353	0.00941
12	0.02160	0.01710	0.01817	0.01506	0.01976	0.01934	0.01207	0.33830	0.39049	0.03603	0.02301	0.02174	0.01694	0.00896	0.00705	0.00224	0.00652	0.00715	0.00705	0.01143
13	0.01517	0.31747	0.31195	0.01466	0.02166	0.03572	0.01661	0.01971	0.01471	0.01913	0.01968	0.05376	0.09621	0.00844	0.00607	0.00196	0.00812	0.00643	0.00357	0.00897
14	0.01593	0.31304	0.42677	0.01659	0.02497	0.02064	0.01984	0.02227	0.04341	0.02022	0.01211	0.01385	0.00941	0.00650	0.00582	0.00194	0.00902	0.00472	0.00314	0.00982
15	0.01886	0.04907	0.05959	0.02214	0.02810	0.05310	0.37595	0.02448	0.05655	0.13635	0.05080	0.02402	0.01628	0.00776	0.00772	0.00229	0.00956	0.04294	0.00488	0.00957
16	0.00867	0.00620	0.00825	0.00960	0.01016	0.00578	0.00649	0.01014	0.01414	0.01905	0.11962	0.66553	0.04854	0.02094	0.00882	0.00276	0.00396	0.01896	0.00662	0.00578
17	0.02241	0.01526	0.01448	0.01249	0.01605	0.15486	0.00965	0.05723	0.08040	0.26625	0.04288	0.05145	0.03853	0.08645	0.00980	0.00258	0.00696	0.02194	0.08124	0.00910
18	0.01670	0.20837	0.42686	0.01655	0.02465	0.01774	0.01960	0.02245	0.01534	0.09305	0.03240	0.01880	0.01269	0.00747	0.00633	0.00208	0.00880	0.03642	0.00383	0.00986
19	0.01435	0.03361	0.62102	0.02126	0.03111	0.01641	0.12087	0.02214	0.01498	0.02214	0.01275	0.01532	0.00909	0.00652	0.00686	0.00223	0.01052	0.00560	0.00303	0.01018
20	0.00853	0.00700	0.00751	0.00756	0.00964	0.00598	0.00560	0.01049	0.01631	0.02022	0.16945	0.12037	0.55220	0.01747	0.00830	0.00237	0.00354	0.01481	0.00667	0.00598
21	0.01567	0.01905	0.11201	0.11747	0.17106	0.06936	0.23808	0.02047	0.01590	0.02116	0.03237	0.07642	0.01541	0.00825	0.00757	0.00230	0.00962	0.03492	0.00384	0.00907
22	0.01574	0.01505	0.02542	0.28759	0.44768	0.01640	0.02044	0.01995	0.01499	0.02079	0.01270	0.01766	0.01035	0.00674	0.00760	0.00220	0.03943	0.00621	0.00331	0.00974
23	0.03115	0.01214	0.01636	0.01254	0.01794	0.01065	0.01036	0.05634	0.02041	0.69311	0.02716	0.02351	0.01709	0.00863	0.00702	0.00216	0.00600	0.00699	0.00858	0.01188
24	0.01723	0.09305	0.02285	0.01739	0.01875	0.04286	0.01464	0.09442	0.01385	0.01988	0.01013	0.01494	0.00944	0.01098	0.01869	0.00275	0.56054	0.00583	0.00351	0.00827
25	0.00988	0.00713	0.00933	0.00878	0.01043	0.00658	0.00658	0.01317	0.01975	0.02798	0.70754	0.05213	0.06584	0.01427	0.00823	0.00219	0.00329	0.01262	0.00768	0.00658
26	0.00897	0.00710	0.00807	0.00783	0.00987	0.00620	0.00587	0.01142	0.01762	0.02292	0.35414	0.06047	0.42241	0.01616	0.00824	0.00228	0.00343	0.01379	0.00701	0.00620
27	0.01301	0.00650	0.00650	0.00650	0.00813	0.00650	0.00488	0.01626	0.01463	0.02602	0.02276	0.02602	0.01789	0.00813	0.00488	0.00163	0.00325	0.00650	0.79350	0.00650
28	0.00891	0.00696	0.00809	0.00810	0.00991	0.00613	0.00596	0.01120	0.01705	0.02226	0.31358	0.15479	0.36826	0.01692	0.00833	0.00236	0.00351	0.01461	0.00695	0.00613
29	0.00988	0.00713	0.00933	0.00878	0.01043	0.00658	0.00658	0.01317	0.01975	0.02798	0.70754	0.05213	0.06584	0.01427	0.00823	0.00219	0.00329	0.01262	0.00768	0.00658
30	0.00999	0.00739	0.01078	0.01078	0.01187	0.00849	0.00818	0.01218	0.01109	0.01588	0.01909	0.02963	0.01841	0.13754	0.64322	0.01068	0.01724	0.00780	0.00380	0.00599
31	0.06101	0.01665	0.01886	0.01451	0.01998	0.01747	0.01199	0.43477	0.02751	0.27467	0.02016	0.01893	0.01355	0.00839	0.00688	0.00212	0.00698	0.00643	0.00744	0.01169
32	0.01103	0.00739	0.00970	0.00897	0.01082	0.00678	0.00678	0.01429	0.01976	0.06494	0.67102	0.05060	0.06323	0.01396	0.00817	0.00219	0.00343	0.01232	0.00773	0.00687
33	0.01888	0.45025	0.15050	0.01428	0.02039	0.13401	0.01437	0.04929	0.01621	0.01924	0.04652	0.01436	0.01198	0.00680	0.00543	0.00173	0.00856	0.00466	0.00348	0.00905
34	0.01811	0.57191	0.03187	0.04766	0.07058	0.05369	0.01244	0.02068	0.01457	0.01784	0.01128	0.01336	0.00992	0.00628	0.00489	0.00160	0.00745	0.00431	0.07277	0.00880
35	0.01674	0.31212	0.30604	0.04735	0.02648	0.02106	0.09955	0.05725	0.01567	0.02093	0.01185	0.01413	0.00928	0.00639	0.00602	0.00195	0.00920	0.00508	0.00326	0.00966
36	0.01727	0.34731	0.25413	0.04136	0.02510	0.07927	0.08641	0.02179	0.01495	0.01897	0.01123	0.01358	0.00911	0.00646	0.00625	0.00190	0.02766	0.00486	0.00308	0.00930
37	0.02117	0.01688	0.01793	0.01497	0.01960	0.01914	0.01197	0.30774	0.42175	0.03534	0.02356	0.02218	0.01738	0.00901	0.00705	0.00225	0.00642	0.00722	0.00705	0.01139
38	0.00854	0.00625	0.00793	0.00924	0.00990	0.00575	0.00620	0.00978	0.01357	0.01776	0.04232	0.61842	0.14057	0.05599	0.01007	0.00295	0.00410	0.01864	0.00637	0.00563
39	0.01677	0.45713	0.11948	0.01299	0.01836	0.04959	0.01284	0.05010	0.01518	0.01873	0.01592	0.15279	0.01616	0.00925	0.00579	0.00188	0.00740	0.00714	0.00386	0.00861
40	0.04613	0.01439	0.02226	0.49166	0.20531	0.04523	0.01905	0.01919	0.01449	0.01951	0.01232	0.01766	0.00964	0.00692	0.00726	0.00226	0.02888	0.00604	0.00325	0.00855
41	0.01208	0.00799	0.00896	0.00829	0.01102	0.00693	0.00637	0.01469	0.03530	0.12141	0.15996	0.05750	0.49254	0.01563	0.00804	0.00230	0.00390	0.01311	0.00699	0.00700
42	0.02251	0.01500	0.01728	0.01517	0.04713	0.01615	0.01161	0.16648	0.34939	0.20384	0.04199	0.02387	0.01907	0.00902	0.00708	0.00224	0.00612	0.00739	0.00733	0.01131
43	0.02318	0.01878	0.04701	0.01563	0.02089	0.02009	0.01307	0.45892	0.23936	0.03851	0.02021	0.01956	0.01468	0.00865	0.00700	0.00218	0.00711	0.00674	0.00686	0.01155
44	0.01207	0.01056	0.01546	0.08139	0.01763	0.01359	0.01180	0.01436	0.01126	0.01647	0.01497	0.02302	0.01411	0.05579	0.39961	0.00748	0.26319	0.00697	0.00346	0.00679
45	0.01212	0.00606	0.00909	0.00909	0.00909	0.00606	0.00606	0.00909	0.00909	0.01212	0.01212	0.02121	0.01212	0.02424	0.02727	0.79697	0.00606	0.00606	0.00303	0.00303
46	0.00890	0.00636	0.00855	0.01017	0.01075	0.00601	0.00716	0.01040	0.01375	0.01826	0.03824	0.65347	0.04529	0.02149	0.00901	0.00289	0.00439	0.11267	0.00647	0.00578
47	0.01447	0.01240	0.01447	0.01034	0.01654	0.00930	0.00827	0.01757	0.01447	0.02274	0.01240	0.01447	0.01034	0.00517	0.00517	0.00103	0.00517	0.00413	0.00413	0.79742
48	0.00899	0.00640	0.00820	0.00939	0.00994	0.00605	0.00634	0.01021	0.01328	0.01759	0.05473	0.52811	0.07823	0.14878	0.01353	0.00350	0.00463	0.06045	0.00611	0.00550
49	0.00880	0.00691	0.00795	0.00808	0.00986	0.00606	0.00591	0.01093	0.01662	0.02148	0.26108	0.18835	0.38832	0.01739	0.00836	0.00239	0.00355	0.01502	0.00685	0.00606
50	0.01300	0.01208	0.02036	0.63449	0.04343	0.01469	0.04426	0.01722	0.01366	0.01757	0.01346	0.02141	0.01101	0.08411	0.00997	0.00278	0.00914	0.00669	0.00323	0.00745
51	0.01696	0.09936	0.12686	0.13729	0.12076	0.06658	0.10016	0.05562	0.01583	0.05545	0.01471	0.02074	0.01244	0.11530	0.01090	0.00277	0.00903	0.00653	0.00385	0.00886
52	0.01928	0.01600	0.01464	0.01332	0.03419	0.17281	0.01006	0.10885	0.05282	0.08899	0.12204	0.02474	0.02177	0.01031	0.02618	0.00223	0.04576	0.00706	0.20049	0.00846

[dist]
# distance from previous block
# <min> <max>
3	39

[block]
# block no. 3 follows, 30 sequences, length 65
# corresponding to MSA columns:
# 242-306
name=unknown_D
#
# <colnr> <probs for GDERKNQSTAVLIFYWHMCP>
#	G	D	E	R	K	N	Q	S	T	A	V	L	I	F	Y	W	H	M	C	P
0	0.04531	0.01850	0.03648	0.01702	0.06923	0.18166	0.06261	0.07670	0.06426	0.10299	0.01969	0.02130	0.05399	0.01201	0.07035	0.00281	0.02924	0.00654	0.04022	0.06907
1	0.01451	0.01317	0.02050	0.52370	0.09465	0.01497	0.01742	0.05821	0.01532	0.02057	0.01272	0.01773	0.00976	0.00671	0.00668	0.00209	0.00847	0.00588	0.00353	0.13340
2	0.01461	0.01117	0.01658	0.06755	0.29273	0.01120	0.01264	0.01822	0.01503	0.02373	0.01841	0.05078	0.01540	0.00771	0.00600	0.00187	0.00577	0.00680	0.35919	0.04460
3	0.01447	0.01240	0.01447	0.01034	0.01654	0.00930	0.00827	0.01757	0.01447	0.02274	0.01240	0.01447	0.01034	0.00517	0.00517	0.00103	0.00517	0.00413	0.00413	0.79742
4	0.00953	0.00712	0.00884	0.00841	0.01021	0.00644	0.00631	0.01249	0.01893	0.02602	0.57077	0.05535	0.20384	0.01500	0.00823	0.00223	0.00334	0.01307	0.00742	0.00644
5	0.00936	0.00711	0.00862	0.00824	0.01011	0.00637	0.00618	0.01218	0.01854	0.02511	0.50695	0.05686	0.26824	0.01534	0.00824	0.00225	0.00337	0.01328	0.00730	0.00637
6	0.00850	0.00607	0.00810	0.00972	0.01012	0.00567	0.00648	0.00972	0.01336	0.01781	0.03846	0.75020	0.04615	0.02186	0.00891	0.00283	0.00405	0.01984	0.00648	0.00567
7	0.00988	0.00713	0.00933	0.00878	0.01043	0.00658	0.00658	0.01317	0.01975	0.02798	0.70754	0.05213	0.06584	0.01427	0.00823	0.00219	0.00329	0.01262	0.00768	0.00658
8	0.80405	0.01350	0.01026	0.00918	0.01350	0.01565	0.00756	0.02051	0.01188	0.03131	0.00972	0.01134	0.00756	0.00648	0.00432	0.00216	0.00540	0.00378	0.00432	0.00756
9	0.02607	0.03326	0.01978	0.01798	0.02157	0.72674	0.01348	0.02787	0.01978	0.01708	0.01079	0.01258	0.00899	0.00719	0.00629	0.00180	0.01258	0.00449	0.00360	0.00809
10	0.01727	0.01658	0.02832	0.04283	0.71123	0.01658	0.02142	0.02142	0.01589	0.02280	0.01313	0.01727	0.01105	0.00622	0.00691	0.00207	0.00829	0.00622	0.00345	0.01105
11	0.00925	0.00759	0.00821	0.00797	0.01024	0.00680	0.00600	0.01255	0.06003	0.02191	0.23583	0.06060	0.49570	0.01626	0.00817	0.00231	0.00360	0.01374	0.00684	0.00640
12	0.01866	0.75896	0.03657	0.01194	0.01791	0.02761	0.01194	0.02090	0.01418	0.01642	0.00970	0.01119	0.00896	0.00597	0.00448	0.00149	0.00746	0.00373	0.00299	0.00896
13	0.00855	0.00611	0.00814	0.00969	0.01013	0.00570	0.00648	0.00983	0.01358	0.01816	0.06096	0.72673	0.04682	0.02161	0.00888	0.00281	0.00402	0.01960	0.00652	0.00570
14	0.00904	0.00710	0.00816	0.00790	0.00991	0.00623	0.00592	0.01154	0.01777	0.02328	0.37951	0.05987	0.39681	0.01602	0.00824	0.00228	0.00342	0.01371	0.00706	0.00623
15	0.01762	0.59792	0.18850	0.01371	0.02065	0.02507	0.01502	0.02116	0.01430	0.01768	0.01033	0.01198	0.00893	0.00612	0.00496	0.00165	0.00810	0.00405	0.00298	0.00926
16	0.01098	0.08106	0.04594	0.01153	0.01367	0.01075	0.00968	0.01376	0.01220	0.01723	0.06104	0.02683	0.01929	0.04338	0.57919	0.00930	0.01626	0.00733	0.00388	0.00670
17	0.02455	0.01846	0.01986	0.01536	0.02084	0.02011	0.01260	0.56465	0.09520	0.04063	0.01748	0.01744	0.01264	0.00819	0.00683	0.00202	0.00724	0.00624	0.00673	0.08291
18	0.01679	0.01416	0.01516	0.01357	0.01728	0.01613	0.01056	0.06372	0.57813	0.02971	0.11790	0.02907	0.02677	0.01005	0.00724	0.00233	0.00533	0.00844	0.00717	0.01049
19	0.00962	0.00876	0.00822	0.00811	0.01045	0.05154	0.00613	0.01159	0.01653	0.01968	0.12711	0.06263	0.58126	0.01673	0.00817	0.00233	0.00417	0.03445	0.00641	0.00611
20	0.01805	0.48535	0.20440	0.01442	0.02128	0.04518	0.01546	0.05542	0.04713	0.01982	0.01166	0.01308	0.00964	0.00645	0.00532	0.00175	0.00825	0.00443	0.00338	0.00951
21	0.12664	0.01695	0.04030	0.01415	0.01839	0.10891	0.01187	0.11766	0.01863	0.22228	0.01845	0.02241	0.01435	0.00921	0.00869	0.00224	0.10130	0.06245	0.00579	0.05934
22	0.01176	0.00764	0.00974	0.00910	0.01123	0.00691	0.00702	0.01473	0.01890	0.09222	0.49443	0.05356	0.16585	0.01460	0.00821	0.00228	0.00378	0.05357	0.00750	0.00697
23	0.01050	0.00784	0.01223	0.01168	0.01286	0.00791	0.07216	0.01180	0.01213	0.01650	0.02487	0.25769	0.02733	0.15101	0.19488	0.11083	0.00926	0.03823	0.00467	0.00561
24	0.01987	0.15345	0.07733	0.06011	0.02203	0.06879	0.03933	0.11269	0.10308	0.10179	0.01613	0.01697	0.01215	0.00707	0.00616	0.00183	0.00752	0.00553	0.00495	0.16320
25	0.00832	0.00702	0.00721	0.00727	0.00950	0.00591	0.00541	0.01012	0.01593	0.01916	0.09417	0.10063	0.65006	0.01775	0.00828	0.00237	0.00355	0.01490	0.00653	0.00591
26	0.01390	0.00854	0.01190	0.01279	0.01490	0.00833	0.01111	0.01705	0.01658	0.11304	0.03570	0.07143	0.03713	0.01787	0.00929	0.00307	0.00636	0.57713	0.00672	0.00715
27	0.01548	0.05945	0.51558	0.02442	0.18033	0.01654	0.02376	0.02229	0.01514	0.04484	0.01304	0.01545	0.00961	0.00658	0.00662	0.00215	0.00961	0.00540	0.00325	0.01048
28	0.01535	0.22709	0.50662	0.01822	0.02723	0.01930	0.05235	0.02179	0.01467	0.02060	0.01185	0.01398	0.00895	0.00642	0.00613	0.00203	0.00962	0.00492	0.00298	0.00991
29	0.01007	0.00707	0.00914	0.00914	0.00967	0.00760	0.00614	0.01113	0.01060	0.01466	0.02059	0.03792	0.02201	0.45660	0.32907	0.00865	0.01183	0.00901	0.00402	0.00508
30	0.01906	0.01562	0.01662	0.01272	0.01834	0.05138	0.01021	0.19328	0.09787	0.05101	0.01575	0.01658	0.01214	0.00670	0.00597	0.00154	0.00627	0.00523	0.00532	0.43838
31	0.01400	0.03610	0.71860	0.01989	0.03020	0.01621	0.02578	0.02210	0.01473	0.02210	0.01252	0.01473	0.00884	0.00663	0.00663	0.00221	0.01031	0.00516	0.00295	0.01031
32	0.00882	0.00709	0.00787	0.00768	0.00978	0.00614	0.00576	0.01113	0.01727	0.02209	0.29645	0.06183	0.48062	0.01647	0.00824	0.00230	0.00345	0.01398	0.00691	0.00614
33	0.01461	0.13192	0.62819	0.01884	0.02857	0.01772	0.02395	0.02194	0.01466	0.02135	0.01215	0.01426	0.00886	0.00654	0.00634	0.00211	0.00994	0.00497	0.00295	0.01013
34	0.02355	0.01800	0.02026	0.11151	0.02468	0.02026	0.01378	0.51311	0.11830	0.03856	0.01772	0.01823	0.01277	0.00834	0.00700	0.00216	0.00761	0.00648	0.00648	0.01121
35	0.01273	0.00653	0.00661	0.00661	0.00808	0.00653	0.00482	0.01567	0.01420	0.02482	0.02269	0.02791	0.01861	0.07996	0.00783	0.00212	0.00359	0.00685	0.71756	0.00629
36	0.00906	0.00710	0.00820	0.00793	0.00993	0.00624	0.00594	0.01159	0.01783	0.02342	0.38950	0.05963	0.38673	0.01597	0.00824	0.00228	0.00341	0.01367	0.00708	0.00624
37	0.01509	0.03457	0.67425	0.01942	0.02942	0.01583	0.02480	0.02285	0.01506	0.06592	0.01347	0.01530	0.00937	0.00676	0.00665	0.00221	0.01004	0.00527	0.00331	0.01041
38	0.01301	0.00650	0.00650	0.00650	0.00813	0.00650	0.00488	0.01626	0.01463	0.02602	0.02276	0.02602	0.01789	0.00813	0.00488	0.00163	0.00325	0.00650	0.79350	0.00650
39	0.02653	0.01955	0.02094	0.01606	0.02164	0.02164	0.01326	0.68796	0.03281	0.04398	0.01675	0.01675	0.01187	0.00838	0.00698	0.00209	0.00768	0.00628	0.00698	0.01187
40	0.03131	0.01188	0.01619	0.01242	0.01781	0.01026	0.01026	0.03401	0.01997	0.71606	0.02753	0.02375	0.01727	0.00864	0.00702	0.00216	0.00594	0.00702	0.00864	0.01188
41	0.01711	0.01641	0.02803	0.07092	0.68443	0.01654	0.02133	0.02127	0.01581	0.02260	0.01310	0.01733	0.01098	0.00625	0.00691	0.00208	0.00833	0.00622	0.00344	0.01092
42	0.01873	0.01567	0.01655	0.01448	0.01867	0.01800	0.01138	0.13460	0.59886	0.03141	0.02666	0.02464	0.01989	0.00930	0.00708	0.00233	0.00585	0.00765	0.00708	0.01117
43	0.00850	0.00607	0.00810	0.00972	0.01012	0.00567	0.00648	0.00972	0.01336	0.01781	0.03846	0.75020	0.04615	0.02186	0.00891	0.00283	0.00405	0.01984	0.00648	0.00567
44	0.01653	0.01702	0.02638	0.05982	0.20938	0.06249	0.16489	0.02151	0.07515	0.02089	0.01599	0.01982	0.04192	0.00864	0.01153	0.00243	0.20554	0.00705	0.00381	0.00920
45	0.02607	0.03326	0.01978	0.01798	0.02157	0.72674	0.01348	0.02787	0.01978	0.01708	0.01079	0.01258	0.00899	0.00719	0.00629	0.00180	0.01258	0.00449	0.00360	0.00809
46	0.00869	0.00709	0.00769	0.00754	0.00970	0.00608	0.00565	0.01087	0.01696	0.02134	0.24438	0.06306	0.53315	0.01674	0.00824	0.00231	0.00347	0.01415	0.00681	0.00608
47	0.02653	0.01955	0.02094	0.01606	0.02164	0.02164	0.01326	0.68796	0.03281	0.04398	0.01675	0.01675	0.01187	0.00838	0.00698	0.00209	0.00768	0.00628	0.00698	0.01187
48	0.01400	0.03610	0.71860	0.01989	0.03020	0.01621	0.02578	0.02210	0.01473	0.02210	0.01252	0.01473	0.00884	0.00663	0.00663	0.00221	0.01031	0.00516	0.00295	0.01031
49	0.01210	0.00901	0.01188	0.01304	0.01497	0.00934	0.01122	0.01763	0.11173	0.02205	0.03575	0.07133	0.03752	0.01790	0.00928	0.00309	0.00630	0.57226	0.00652	0.00707
50	0.01015	0.00677	0.00761	0.00761	0.00761	0.00677	0.00423	0.01015	0.01015	0.01353	0.02199	0.04567	0.02537	0.75476	0.03552	0.00677	0.00677	0.01015	0.00423	0.00423
51	0.00996	0.00745	0.01110	0.01106	0.01233	0.00859	0.00859	0.01251	0.01175	0.01694	0.06219	0.02897	0.02050	0.04993	0.68171	0.01065	0.01772	0.00780	0.00399	0.00625
52	0.01210	0.01089	0.01235	0.01211	0.01367	0.10391	0.00935	0.01450	0.01235	0.01632	0.01764	0.02545	0.01632	0.04635	0.63155	0.00997	0.01788	0.00708	0.00372	0.00648
53	0.03131	0.01188	0.01619	0.01242	0.01781	0.01026	0.01026	0.03401	0.01997	0.71606	0.02753	0.02375	0.01727	0.00864	0.00702	0.00216	0.00594	0.00702	0.00864	0.01188
54	0.01647	0.01882	0.04118	0.02941	0.03647	0.01765	0.68588	0.02235	0.01647	0.02235	0.01412	0.01882	0.01059	0.00588	0.00824	0.00235	0.01176	0.00824	0.00353	0.00941
55	0.01713	0.01644	0.02807	0.06688	0.68828	0.01654	0.02135	0.02129	0.01582	0.02263	0.01310	0.01732	0.01099	0.00624	0.00691	0.00208	0.00833	0.00622	0.00344	0.01094
56	0.03131	0.01188	0.01619	0.01242	0.01781	0.01026	0.01026	0.03401	0.01997	0.71606	0.02753	0.02375	0.01727	0.00864	0.00702	0.00216	0.00594	0.00702	0.00864	0.01188
57	0.00988	0.00713	0.00933	0.00878	0.01043	0.00658	0.00658	0.01317	0.01975	0.02798	0.70754	0.05213	0.06584	0.01427	0.00823	0.00219	0.00329	0.01262	0.00768	0.00658
58	0.00850	0.00607	0.00810	0.00972	0.01012	0.00567	0.00648	0.00972	0.01336	0.01781	0.03846	0.75020	0.04615	0.02186	0.00891	0.00283	0.00405	0.01984	0.00648	0.00567
59	0.01527	0.01527	0.02137	0.01832	0.01832	0.02137	0.01527	0.01679	0.01069	0.01679	0.00916	0.01527	0.00916	0.01221	0.02290	0.00305	0.74198	0.00611	0.00305	0.00763
60	0.01447	0.01240	0.01447	0.01034	0.01654	0.00930	0.00827	0.01757	0.01447	0.02274	0.01240	0.01447	0.01034	0.00517	0.00517	0.00103	0.00517	0.00413	0.00413	0.79742
61	0.01615	0.01394	0.01462	0.01326	0.01699	0.01584	0.01028	0.03349	0.60812	0.02782	0.03401	0.03149	0.11239	0.01056	0.00725	0.00237	0.00526	0.00880	0.00702	0.01036
62	0.15463	0.01537	0.01673	0.01357	0.01831	0.01669	0.01105	0.23233	0.17244	0.18447	0.02003	0.01929	0.01425	0.00840	0.00719	0.00218	0.03842	0.00629	0.00664	0.04172
63	0.01447	0.01240	0.01447	0.01034	0.01654	0.00930	0.00827	0.01757	0.01447	0.02274	0.01240	0.01447	0.01034	0.00517	0.00517	0.00103	0.00517	0.00413	0.00413	0.79742
64	0.00842	0.00640	0.00775	0.00883	0.00989	0.00574	0.00609	0.00982	0.01421	0.01816	0.04920	0.52255	0.26687	0.02047	0.00869	0.00267	0.00388	0.01813	0.00648	0.00574

[dist]
# distance from previous block
# <min> <max>
11	76

[block]
# block no. 4 follows, 30 sequences, length 58
# corresponding to MSA columns:
# 383-386,389-393,408-456
name=unknown_E
#
# <colnr> <probs for GDERKNQSTAVLIFYWHMCP>
#	G	D	E	R	K	N	Q	S	T	A	V	L	I	F	Y	W	H	M	C	P
0	0.01301	0.00650	0.00650	0.00650	0.00813	0.00650	0.00488	0.01626	0.01463	0.02602	0.02276	0.02602	0.01789	0.00813	0.00488	0.00163	0.00325	0.00650	0.79350	0.00650
1	0.01721	0.01676	0.02938	0.04173	0.65595	0.01667	0.07585	0.02149	0.01594	0.02276	0.01321	0.01740	0.01102	0.00619	0.00702	0.00210	0.00857	0.00638	0.00346	0.01092
2	0.01645	0.01735	0.08170	0.08852	0.48278	0.01628	0.01963	0.02318	0.11636	0.02319	0.01693	0.01989	0.03230	0.00712	0.00696	0.00215	0.00799	0.00662	0.00401	0.01059
3	0.03057	0.01307	0.01693	0.01298	0.01841	0.01203	0.01072	0.13571	0.02197	0.61153	0.02585	0.02266	0.01643	0.00860	0.00701	0.00215	0.00621	0.00690	0.00838	0.01187
4	0.00850	0.00607	0.00810	0.00972	0.01012	0.00567	0.00648	0.00972	0.01336	0.01781	0.03846	0.75020	0.04615	0.02186	0.00891	0.00283	0.00405	0.01984	0.00648	0.00567
5	0.01423	0.01190	0.01756	0.03609	0.04723	0.01174	0.13086	0.04640	0.13637	0.06464	0.17839	0.04016	0.21140	0.01173	0.00783	0.00229	0.00598	0.01055	0.00623	0.00842
6	0.01318	0.01240	0.02093	0.73798	0.04806	0.01550	0.01938	0.01783	0.01395	0.01783	0.01240	0.01860	0.00930	0.00698	0.00698	0.00233	0.00930	0.00620	0.00310	0.00775
7	0.00825	0.00707	0.00707	0.00707	0.00943	0.00589	0.00530	0.01001	0.01591	0.01885	0.07069	0.06716	0.70839	0.01767	0.00825	0.00236	0.00353	0.01473	0.00648	0.00589
8	0.01015	0.00677	0.00761	0.00761	0.00761	0.00677	0.00423	0.01015	0.01015	0.01353	0.02199	0.04567	0.02537	0.75476	0.03552	0.00677	0.00677	0.01015	0.00423	0.00423
9	0.01662	0.01580	0.02711	0.03920	0.61185	0.01575	0.04794	0.02074	0.01593	0.02258	0.01561	0.02363	0.01402	0.00754	0.00724	0.00220	0.00824	0.07372	0.00376	0.01051
10	0.00862	0.00703	0.00762	0.00758	0.00968	0.00603	0.00564	0.01070	0.01663	0.02082	0.21000	0.09792	0.53316	0.01713	0.00828	0.00234	0.00351	0.01452	0.00675	0.00603
11	0.01301	0.00650	0.00650	0.00650	0.00813	0.00650	0.00488	0.01626	0.01463	0.02602	0.02276	0.02602	0.01789	0.00813	0.00488	0.00163	0.00325	0.00650	0.79350	0.00650
12	0.01866	0.75896	0.03657	0.01194	0.01791	0.02761	0.01194	0.02090	0.01418	0.01642	0.00970	0.01119	0.00896	0.00597	0.00448	0.00149	0.00746	0.00373	0.00299	0.00896
13	0.01168	0.00739	0.00908	0.00923	0.01116	0.00656	0.00684	0.01357	0.01582	0.11108	0.10286	0.31518	0.27998	0.01786	0.00841	0.00254	0.00419	0.05300	0.00686	0.00668
14	0.01866	0.75896	0.03657	0.01194	0.01791	0.02761	0.01194	0.02090	0.01418	0.01642	0.00970	0.01119	0.00896	0.00597	0.00448	0.00149	0.00746	0.00373	0.00299	0.00896
15	0.32200	0.02088	0.01400	0.01267	0.01628	0.31444	0.00980	0.04393	0.01632	0.02484	0.01252	0.01443	0.00998	0.00711	0.00533	0.00192	0.00815	0.00460	0.13305	0.00775
16	0.01866	0.75896	0.03657	0.01194	0.01791	0.02761	0.01194	0.02090	0.01418	0.01642	0.00970	0.01119	0.00896	0.00597	0.00448	0.00149	0.00746	0.00373	0.00299	0.00896
17	0.68305	0.01657	0.01174	0.01055	0.01475	0.12625	0.00848	0.02166	0.01310	0.02910	0.00988	0.01153	0.00778	0.00659	0.00463	0.00210	0.00652	0.00389	0.00421	0.00764
18	0.00878	0.00640	0.00870	0.03988	0.01171	0.00613	0.00702	0.01025	0.01375	0.01840	0.07607	0.67948	0.04576	0.02081	0.00879	0.00278	0.00422	0.01885	0.00641	0.00581
19	0.00850	0.00607	0.00810	0.00972	0.01012	0.00567	0.00648	0.00972	0.01336	0.01781	0.03846	0.75020	0.04615	0.02186	0.00891	0.00283	0.00405	0.01984	0.00648	0.00567
20	0.02509	0.13315	0.02229	0.01687	0.02107	0.53251	0.01324	0.11694	0.02077	0.02066	0.01145	0.01296	0.00938	0.00718	0.00613	0.00180	0.01120	0.00463	0.00397	0.00873
21	0.01866	0.75896	0.03657	0.01194	0.01791	0.02761	0.01194	0.02090	0.01418	0.01642	0.00970	0.01119	0.00896	0.00597	0.00448	0.00149	0.00746	0.00373	0.00299	0.00896
22	0.01067	0.01020	0.06839	0.01145	0.01374	0.00909	0.00981	0.01448	0.05090	0.01894	0.06335	0.04222	0.11854	0.07495	0.33995	0.00680	0.01179	0.11316	0.00489	0.00671
23	0.01400	0.03610	0.71860	0.01989	0.03020	0.01621	0.02578	0.02210	0.01473	0.02210	0.01252	0.01473	0.00884	0.00663	0.00663	0.00221	0.01031	0.00516	0.00295	0.01031
24	0.00854	0.00622	0.00805	0.00942	0.01007	0.00573	0.00637	0.00989	0.01388	0.01835	0.07038	0.65377	0.11138	0.02113	0.00881	0.00276	0.00397	0.01903	0.00653	0.00573
25	0.02424	0.08999	0.02059	0.01695	0.02079	0.57014	0.01302	0.02859	0.11451	0.01872	0.01317	0.01436	0.01071	0.00741	0.00626	0.00185	0.01118	0.00491	0.00404	0.00858
26	0.08352	0.01444	0.01460	0.01300	0.01596	0.11677	0.01022	0.05535	0.05662	0.17577	0.07166	0.13965	0.06300	0.01213	0.00914	0.00239	0.09380	0.03738	0.00609	0.00851
27	0.01015	0.00677	0.00761	0.00761	0.00761	0.00677	0.00423	0.01015	0.01015	0.01353	0.02199	0.04567	0.02537	0.75476	0.03552	0.00677	0.00677	0.01015	0.00423	0.00423
28	0.01647	0.01882	0.04118	0.02941	0.03647	0.01765	0.68588	0.02235	0.01647	0.02235	0.01412	0.01882	0.01059	0.00588	0.00824	0.00235	0.01176	0.00824	0.00353	0.00941
29	0.01648	0.01612	0.02714	0.31924	0.22242	0.03889	0.15870	0.07540	0.01674	0.02226	0.01327	0.01795	0.01025	0.00666	0.00720	0.00223	0.00951	0.00658	0.00362	0.00934
30	0.01373	0.01173	0.01885	0.39281	0.12873	0.01368	0.01586	0.03816	0.01378	0.01833	0.01457	0.07842	0.01313	0.01144	0.01150	0.14244	0.04467	0.00729	0.00354	0.00734
31	0.01301	0.00650	0.00650	0.00650	0.00813	0.00650	0.00488	0.01626	0.01463	0.02602	0.02276	0.02602	0.01789	0.00813	0.00488	0.00163	0.00325	0.00650	0.79350	0.00650
32	0.01015	0.00677	0.00761	0.00761	0.00761	0.00677	0.00423	0.01015	0.01015	0.01353	0.02199	0.04567	0.02537	0.75476	0.03552	0.00677	0.00677	0.01015	0.00423	0.00423
33	0.06204	0.16541	0.06456	0.01747	0.02221	0.46299	0.06855	0.02543	0.01778	0.01839	0.01091	0.01290	0.00903	0.00679	0.00604	0.00183	0.01108	0.00466	0.00348	0.00846
34	0.04653	0.01396	0.01595	0.01354	0.01792	0.01481	0.01098	0.15142	0.27631	0.22295	0.02754	0.02982	0.03971	0.01018	0.00726	0.00234	0.00606	0.07467	0.00733	0.01070
35	0.01447	0.01240	0.01447	0.01034	0.01654	0.00930	0.00827	0.01757	0.01447	0.02274	0.01240	0.01447	0.01034	0.00517	0.00517	0.00103	0.00517	0.00413	0.00413	0.79742
36	0.00850	0.00607	0.00810	0.00972	0.01012	0.00567	0.00648	0.00972	0.01336	0.01781	0.03846	0.75020	0.04615	0.02186	0.00891	0.00283	0.00405	0.01984	0.00648	0.00567
37	0.01613	0.01817	0.03910	0.10201	0.03766	0.01743	0.61760	0.02189	0.01621	0.02189	0.01394	0.01880	0.01046	0.00599	0.00811	0.00235	0.01151	0.00803	0.00349	0.00924
38	0.01363	0.01152	0.01358	0.01025	0.01564	0.00879	0.00802	0.01647	0.01431	0.02205	0.01606	0.11764	0.01536	0.00751	0.00569	0.00129	0.00501	0.00634	0.00446	0.68639
39	0.01600	0.01979	0.10670	0.06214	0.03402	0.01768	0.49695	0.02237	0.04931	0.02198	0.01417	0.01846	0.01076	0.00671	0.00915	0.00239	0.07084	0.00763	0.00359	0.00936
40	0.01182	0.00761	0.00968	0.00889	0.01103	0.00685	0.00676	0.01481	0.01918	0.09706	0.53883	0.05156	0.16080	0.01422	0.00811	0.00222	0.00360	0.01237	0.00759	0.00702
41	0.00878	0.00627	0.00842	0.01004	0.01057	0.00591	0.00697	0.01020	0.01364	0.01813	0.03831	0.68141	0.04554	0.02160	0.00898	0.00287	0.00429	0.08586	0.00647	0.00575
42	0.01646	0.45124	0.24660	0.07367	0.02397	0.02244	0.01669	0.02069	0.01431	0.01834	0.01164	0.03438	0.01003	0.00672	0.00548	0.00182	0.00840	0.00484	0.00308	0.00918
43	0.01672	0.45927	0.31932	0.01524	0.02301	0.02288	0.01768	0.02139	0.01441	0.01877	0.01087	0.01266	0.00891	0.00624	0.00537	0.00179	0.00864	0.00432	0.00297	0.00952
44	0.00976	0.00705	0.00923	0.00886	0.01040	0.00651	0.00658	0.01289	0.01923	0.02715	0.65288	0.10916	0.06423	0.01489	0.00829	0.00225	0.00335	0.01321	0.00758	0.00651
45	0.01727	0.01658	0.02832	0.04283	0.71123	0.01658	0.02142	0.02142	0.01589	0.02280	0.01313	0.01727	0.01105	0.00622	0.00691	0.00207	0.00829	0.00622	0.00345	0.01105
46	0.02581	0.05468	0.05230	0.01349	0.01879	0.01450	0.01161	0.18820	0.07791	0.37325	0.07677	0.02338	0.01927	0.00884	0.00696	0.00213	0.00641	0.00709	0.00746	0.01116
47	0.00976	0.00705	0.00923	0.00886	0.01040	0.00651	0.00658	0.01289	0.01923	0.02715	0.65288	0.10916	0.06423	0.01489	0.00829	0.00225	0.00335	0.01321	0.00758	0.00651
48	0.00843	0.00637	0.00779	0.00893	0.00992	0.00573	0.00613	0.00980	0.01411	0.01812	0.04799	0.54819	0.24202	0.02062	0.00871	0.00269	0.00390	0.01833	0.00648	0.00573
49	0.02145	0.01517	0.02288	0.13789	0.09739	0.01569	0.11885	0.19788	0.02102	0.18115	0.01956	0.02483	0.01503	0.00862	0.00743	0.00229	0.00814	0.06876	0.00576	0.01022
50	0.01750	0.01671	0.02877	0.10998	0.49232	0.01703	0.11372	0.07564	0.01716	0.02396	0.01349	0.01758	0.01088	0.00642	0.00711	0.00214	0.00883	0.00650	0.00372	0.01055
51	0.02541	0.03071	0.01916	0.01721	0.02086	0.63068	0.01301	0.08118	0.02057	0.01975	0.01191	0.01364	0.00970	0.00734	0.00627	0.00181	0.01169	0.00475	0.04605	0.00831
52	0.00961	0.00792	0.00857	0.00847	0.01069	0.00734	0.00631	0.01370	0.09737	0.02141	0.16288	0.13190	0.45543	0.01660	0.00818	0.00238	0.00379	0.01412	0.00674	0.00659
53	0.04096	0.03564	0.09879	0.01437	0.02012	0.05078	0.07796	0.05522	0.01689	0.14107	0.04961	0.01876	0.01429	0.00714	0.00678	0.00178	0.03123	0.00584	0.04197	0.27082
54	0.16442	0.55481	0.05236	0.01171	0.01748	0.02403	0.01148	0.02162	0.01411	0.05981	0.01083	0.01206	0.00917	0.00624	0.00466	0.00168	0.00708	0.00398	0.00356	0.00891
55	0.80405	0.01350	0.01026	0.00918	0.01350	0.01565	0.00756	0.02051	0.01188	0.03131	0.00972	0.01134	0.00756	0.00648	0.00432	0.00216	0.00540	0.00378	0.00432	0.00756
56	0.00907	0.00735	0.00808	0.00785	0.01003	0.00649	0.00590	0.01192	0.03964	0.02212	0.27359	0.06098	0.47963	0.01631	0.00820	0.00230	0.00352	0.01383	0.00689	0.00628
57	0.01661	0.04428	0.08927	0.10051	0.02241	0.01427	0.08892	0.14427	0.01812	0.05450	0.05149	0.02244	0.01594	0.03318	0.06935	0.00299	0.02918	0.00688	0.16675	0.00864

[dist]
# distance from previous block
# <min> <max>
0	1

[block]
# block no. 5 follows, 30 sequences, length 100
# corresponding to MSA columns:
# 458-474,482-564
name=unknown_F
#
# <colnr> <probs for GDERKNQSTAVLIFYWHMCP>
#	G	D	E	R	K	N	Q	S	T	A	V	L	I	F	Y	W	H	M	C	P
0	0.02284	0.17677	0.04695	0.01707	0.02121	0.43136	0.03256	0.06235	0.01821	0.01875	0.01089	0.01306	0.00920	0.00746	0.00771	0.00191	0.08483	0.00473	0.00359	0.00854
1	0.17470	0.35681	0.02553	0.03393	0.01909	0.25133	0.01179	0.02299	0.01553	0.01959	0.01013	0.01188	0.00870	0.00649	0.00510	0.00175	0.00877	0.00406	0.00345	0.00837
2	0.01818	0.00963	0.01053	0.00909	0.01199	0.00975	0.00718	0.13784	0.01866	0.13394	0.02242	0.02403	0.01673	0.00825	0.00558	0.00179	0.00444	0.00654	0.53515	0.00827
3	0.00938	0.00711	0.00864	0.00826	0.01012	0.00637	0.00619	0.01221	0.01858	0.02520	0.51317	0.05671	0.26195	0.01531	0.00824	0.00224	0.00337	0.01326	0.00732	0.00637
4	0.01736	0.01499	0.01578	0.01420	0.01815	0.01736	0.01105	0.03708	0.69862	0.02919	0.02840	0.02604	0.02130	0.00947	0.00710	0.00237	0.00552	0.00789	0.00710	0.01105
5	0.00931	0.00670	0.00899	0.01054	0.01139	0.00638	0.00785	0.01114	0.01427	0.01877	0.03935	0.52157	0.07193	0.02092	0.00910	0.00293	0.00474	0.21176	0.00646	0.00590
6	0.01704	0.01593	0.02433	0.09466	0.44652	0.03888	0.03439	0.07979	0.01719	0.02366	0.01719	0.04908	0.04715	0.00764	0.00697	0.00208	0.00795	0.00706	0.00406	0.05841
7	0.80405	0.01350	0.01026	0.00918	0.01350	0.01565	0.00756	0.02051	0.01188	0.03131	0.00972	0.01134	0.00756	0.00648	0.00432	0.00216	0.00540	0.00378	0.00432	0.00756
8	0.01015	0.00677	0.00761	0.00761	0.00761	0.00677	0.00423	0.01015	0.01015	0.01353	0.02199	0.04567	0.02537	0.75476	0.03552	0.00677	0.00677	0.01015	0.00423	0.00423
9	0.00909	0.00663	0.00868	0.01012	0.01101	0.00622	0.00741	0.01081	0.01426	0.01862	0.04183	0.52120	0.12090	0.02080	0.00900	0.00286	0.00452	0.16370	0.00647	0.00586
