[name]
unknown

[dist]
# distance from previous block
# <min> <max>
0	51

[block]
# block no. 0 follows, 33 sequences, length 14
# corresponding to MSA columns:
# 51-64
name=unknown_A
#
# <colnr> <probs for GDERKNQSTAVLIFYWHMCP>
#	G	D	E	R	K	N	Q	S	T	A	V	L	I	F	Y	W	H	M	C	P
0	0.01199	0.00914	0.01140	0.01202	0.01396	0.00971	0.00998	0.01872	0.19300	0.02109	0.03157	0.05889	0.03214	0.08132	0.01061	0.00312	0.00587	0.45242	0.00604	0.00699
1	0.02242	0.01521	0.08890	0.01430	0.01844	0.01448	0.01266	0.08587	0.08281	0.35191	0.01933	0.01914	0.01346	0.00887	0.01040	0.00227	0.19730	0.00624	0.00600	0.00996
2	0.09536	0.50154	0.02547	0.01024	0.01468	0.01987	0.00956	0.01782	0.01450	0.01967	0.19116	0.02040	0.02198	0.00767	0.00511	0.00164	0.00584	0.00566	0.00407	0.00775
3	0.01130	0.00836	0.00914	0.00876	0.00971	0.00893	0.00563	0.01604	0.18933	0.01653	0.02228	0.03837	0.02296	0.57524	0.02668	0.00533	0.00608	0.00903	0.00468	0.00563
4	0.01760	0.77260	0.03450	0.01126	0.01690	0.02605	0.01126	0.01971	0.01338	0.01549	0.00915	0.01056	0.00845	0.00563	0.00422	0.00141	0.00704	0.00352	0.00282	0.00845
5	0.22953	0.01159	0.01385	0.01094	0.01577	0.01097	0.00903	0.02884	0.01690	0.55327	0.02169	0.01943	0.01396	0.00763	0.00597	0.00204	0.00547	0.00584	0.00711	0.01017
6	0.01332	0.00782	0.00886	0.00795	0.01091	0.00661	0.00619	0.01521	0.01598	0.19964	0.05632	0.05293	0.54451	0.01450	0.00749	0.00218	0.00391	0.01204	0.00663	0.00699
7	0.00938	0.00697	0.01013	0.01000	0.01127	0.00772	0.00772	0.01193	0.01263	0.01811	0.19748	0.03180	0.02808	0.04023	0.55549	0.00841	0.01394	0.00829	0.00447	0.00596
8	0.01332	0.02096	0.32545	0.01390	0.02072	0.01193	0.01513	0.04822	0.01447	0.02171	0.04811	0.01685	0.01249	0.01049	0.07956	0.00252	0.00827	0.00512	0.00366	0.30712
9	0.01707	0.17460	0.41558	0.01638	0.02417	0.01870	0.01876	0.19495	0.01814	0.02505	0.01231	0.01373	0.00909	0.00655	0.00594	0.00192	0.00857	0.00487	0.00376	0.00985
10	0.03553	0.16517	0.31581	0.01583	0.02265	0.01731	0.05709	0.02491	0.19280	0.06623	0.01604	0.01667	0.01192	0.00689	0.00604	0.00200	0.00778	0.00552	0.00418	0.00964
11	0.01301	0.04811	0.46393	0.01773	0.02532	0.01416	0.11389	0.01951	0.03521	0.02083	0.05189	0.06441	0.04550	0.00788	0.00665	0.00210	0.00860	0.00687	0.00358	0.03081
12	0.01538	0.04830	0.26994	0.01431	0.01981	0.01425	0.01464	0.22581	0.01883	0.02577	0.02226	0.19845	0.06249	0.01085	0.00689	0.00218	0.00705	0.00904	0.00495	0.00881
13	0.01796	0.32678	0.19977	0.01413	0.02012	0.12206	0.01441	0.05562	0.01538	0.05686	0.01298	0.01428	0.03021	0.00669	0.00592	0.00173	0.03298	0.00464	0.00351	0.04397

[dist]
# distance from previous block
# <min> <max>
3	10

[block]
# block no. 1 follows, 33 sequences, length 122
# corresponding to MSA columns:
# 75-178,183-200
name=unknown_B
#
# <colnr> <probs for GDERKNQSTAVLIFYWHMCP>
#	G	D	E	R	K	N	Q	S	T	A	V	L	I	F	Y	W	H	M	C	P
0	0.01334	0.04844	0.01448	0.01209	0.01435	0.01339	0.00978	0.10009	0.11742	0.02094	0.02617	0.02978	0.14489	0.02277	0.22800	0.00477	0.14184	0.02521	0.00475	0.00750
1	0.00989	0.01107	0.11845	0.00978	0.01273	0.00778	0.00890	0.01392	0.03759	0.02433	0.49997	0.04520	0.14971	0.01271	0.00751	0.00210	0.00420	0.01100	0.00639	0.00677
2	0.01826	0.01452	0.01720	0.07192	0.05312	0.06809	0.05821	0.09921	0.25306	0.12692	0.02655	0.02692	0.10167	0.00916	0.00686	0.00214	0.00657	0.02434	0.00588	0.00937
3	0.01068	0.00871	0.01195	0.01421	0.11989	0.00797	0.00933	0.01308	0.01427	0.01929	0.05369	0.24849	0.14497	0.01468	0.00764	0.00231	0.00499	0.16466	0.00538	0.12381
4	0.03731	0.06694	0.06751	0.01003	0.01295	0.00998	0.00861	0.01709	0.10222	0.04385	0.49050	0.03868	0.04594	0.01140	0.00711	0.00204	0.00429	0.00980	0.00643	0.00732
5	0.01764	0.01464	0.01602	0.01196	0.01750	0.06584	0.02847	0.15492	0.01779	0.06398	0.01323	0.01454	0.01031	0.00582	0.00547	0.00132	0.00608	0.00458	0.00461	0.52528
6	0.01757	0.47839	0.20468	0.01397	0.02028	0.13174	0.01470	0.02099	0.01430	0.01690	0.00996	0.01158	0.00843	0.00596	0.00498	0.00162	0.00843	0.00396	0.00289	0.00864
7	0.01504	0.01185	0.01387	0.01018	0.01581	0.00943	0.00814	0.01915	0.06808	0.07472	0.01392	0.01514	0.01103	0.00543	0.00515	0.00115	0.00496	0.00438	0.00443	0.68815
8	0.00811	0.00668	0.00713	0.00702	0.00910	0.00570	0.00526	0.01009	0.01579	0.01965	0.20877	0.06029	0.58166	0.01598	0.00778	0.00219	0.00329	0.01346	0.00636	0.00570
9	0.00873	0.00670	0.00797	0.00773	0.00941	0.00612	0.00572	0.01097	0.01589	0.02109	0.35525	0.05258	0.32011	0.07361	0.06625	0.00311	0.00456	0.01215	0.00627	0.00576
10	0.00807	0.00668	0.00707	0.00698	0.00907	0.00568	0.00523	0.01001	0.01570	0.01942	0.19186	0.06066	0.59871	0.01606	0.00778	0.00219	0.00329	0.01352	0.00633	0.00568
11	0.01243	0.01170	0.01975	0.75282	0.04534	0.01463	0.01828	0.01682	0.01316	0.01682	0.01170	0.01755	0.00878	0.00658	0.00658	0.00219	0.00878	0.00585	0.00293	0.00731
12	0.81514	0.01273	0.00968	0.00866	0.01273	0.01477	0.00713	0.01935	0.01120	0.02954	0.00917	0.01069	0.00713	0.00611	0.00407	0.00204	0.00509	0.00356	0.00407	0.00713
13	0.02600	0.01364	0.01516	0.01228	0.01675	0.09902	0.00987	0.03023	0.09467	0.51612	0.07602	0.02335	0.01917	0.00846	0.00663	0.00202	0.00613	0.00681	0.00735	0.01031
14	0.81514	0.01273	0.00968	0.00866	0.01273	0.01477	0.00713	0.01935	0.01120	0.02954	0.00917	0.01069	0.00713	0.00611	0.00407	0.00204	0.00509	0.00356	0.00407	0.00713
15	0.02321	0.08864	0.07306	0.01666	0.02069	0.63307	0.01347	0.02538	0.01790	0.01642	0.01022	0.01192	0.00847	0.00666	0.00583	0.00170	0.01134	0.00423	0.00330	0.00785
16	0.01006	0.00730	0.00960	0.01070	0.01214	0.00713	0.00896	0.01251	0.01446	0.01857	0.03796	0.06883	0.14013	0.10901	0.01186	0.00332	0.00569	0.50026	0.00582	0.00573
17	0.01637	0.01414	0.01489	0.01340	0.01712	0.01637	0.01042	0.03498	0.71568	0.02754	0.02679	0.02456	0.02010	0.00893	0.00670	0.00223	0.00521	0.00744	0.00670	0.01042
18	0.00889	0.00660	0.00828	0.00810	0.00963	0.00599	0.00598	0.01150	0.01726	0.02371	0.52401	0.13846	0.17746	0.01490	0.00784	0.00217	0.00323	0.01308	0.00691	0.00599
19	0.00957	0.00638	0.00718	0.00718	0.00718	0.00638	0.00399	0.00957	0.00957	0.01276	0.02074	0.04308	0.02393	0.76864	0.03351	0.00638	0.00638	0.00957	0.00399	0.00399
20	0.81514	0.01273	0.00968	0.00866	0.01273	0.01477	0.00713	0.01935	0.01120	0.02954	0.00917	0.01069	0.00713	0.00611	0.00407	0.00204	0.00509	0.00356	0.00407	0.00713
21	0.00802	0.00573	0.00764	0.00917	0.00955	0.00535	0.00611	0.00917	0.01260	0.01681	0.03628	0.76434	0.04354	0.02062	0.00840	0.00267	0.00382	0.01872	0.00611	0.00535
22	0.02503	0.01844	0.01976	0.01515	0.02042	0.02042	0.01251	0.70562	0.03095	0.04149	0.01581	0.01581	0.01120	0.00790	0.00659	0.00198	0.00724	0.00593	0.00659	0.01120
23	0.02459	0.03138	0.01866	0.01696	0.02035	0.74221	0.01272	0.02629	0.01866	0.01611	0.01018	0.01187	0.00848	0.00678	0.00594	0.00170	0.01187	0.00424	0.00339	0.00763
24	0.01396	0.01237	0.01939	0.64348	0.04132	0.01510	0.01722	0.10035	0.01534	0.02002	0.01246	0.01753	0.00928	0.00677	0.00653	0.00215	0.00844	0.00587	0.02469	0.00775
25	0.00955	0.00646	0.00759	0.00759	0.00774	0.00661	0.00450	0.00984	0.00970	0.01307	0.02037	0.04099	0.02303	0.68137	0.11953	0.00689	0.00775	0.00927	0.00393	0.00422
26	0.01975	0.14997	0.17177	0.01540	0.02093	0.33063	0.01432	0.07179	0.01707	0.01948	0.01094	0.01258	0.00879	0.00633	0.00564	0.00166	0.00945	0.00433	0.00346	0.10568
27	0.05370	0.01329	0.01403	0.01201	0.01574	0.03046	0.00950	0.18365	0.26815	0.09650	0.07642	0.05141	0.10591	0.01004	0.00673	0.00212	0.00539	0.00818	0.02744	0.00931
28	0.03477	0.04883	0.65242	0.01894	0.02822	0.01561	0.06972	0.02080	0.01393	0.02098	0.01179	0.01400	0.00842	0.00619	0.00625	0.00208	0.00964	0.00500	0.00285	0.00957
29	0.00957	0.00638	0.00718	0.00718	0.00718	0.00638	0.00399	0.00957	0.00957	0.01276	0.02074	0.04308	0.02393	0.76864	0.03351	0.00638	0.00638	0.00957	0.00399	0.00399
30	0.01365	0.01170	0.01365	0.00975	0.01560	0.00878	0.00780	0.01658	0.01365	0.02145	0.01170	0.01365	0.00975	0.00488	0.00488	0.00098	0.00488	0.00390	0.00390	0.80888
31	0.02335	0.01959	0.01766	0.01429	0.01881	0.19075	0.01143	0.38614	0.04105	0.07947	0.01559	0.01606	0.01145	0.00747	0.00618	0.00182	0.00773	0.00550	0.06690	0.05877
32	0.55689	0.03257	0.03601	0.01573	0.10326	0.01544	0.11464	0.01977	0.01244	0.02672	0.01025	0.01252	0.00803	0.00599	0.00499	0.00204	0.00650	0.00451	0.00380	0.00789
33	0.00802	0.00573	0.00764	0.00917	0.00955	0.00535	0.00611	0.00917	0.01260	0.01681	0.03628	0.76434	0.04354	0.02062	0.00840	0.00267	0.00382	0.01872	0.00611	0.00535
34	0.01042	0.00873	0.01329	0.01383	0.09903	0.00815	0.07009	0.01347	0.01683	0.02314	0.40635	0.09985	0.14948	0.01297	0.00770	0.00216	0.00455	0.02704	0.00613	0.00679
35	0.02503	0.01844	0.01976	0.01515	0.02042	0.02042	0.01251	0.70562	0.03095	0.04149	0.01581	0.01581	0.01120	0.00790	0.00659	0.00198	0.00724	0.00593	0.00659	0.01120
36	0.01302	0.01230	0.02080	0.64504	0.14855	0.01478	0.01857	0.01733	0.01344	0.01753	0.01180	0.01736	0.00903	0.00647	0.00657	0.00216	0.00863	0.00585	0.00298	0.00778
37	0.00889	0.00660	0.00829	0.00811	0.00964	0.00599	0.00599	0.01151	0.01727	0.02373	0.52607	0.13842	0.17538	0.01489	0.00784	0.00217	0.00323	0.01308	0.00691	0.00599
38	0.02954	0.01120	0.01528	0.01171	0.01681	0.00968	0.00968	0.03208	0.01884	0.73213	0.02597	0.02241	0.01630	0.00815	0.00662	0.00204	0.00560	0.00662	0.00815	0.01120
39	0.01365	0.01170	0.01365	0.00975	0.01560	0.00878	0.00780	0.01658	0.01365	0.02145	0.01170	0.01365	0.00975	0.00488	0.00488	0.00098	0.00488	0.00390	0.00390	0.80888
40	0.01320	0.03405	0.73453	0.01876	0.02849	0.01529	0.02432	0.02085	0.01390	0.02085	0.01181	0.01390	0.00834	0.00625	0.00625	0.00208	0.00973	0.00486	0.00278	0.00973
41	0.01320	0.03405	0.73453	0.01876	0.02849	0.01529	0.02432	0.02085	0.01390	0.02085	0.01181	0.01390	0.00834	0.00625	0.00625	0.00208	0.00973	0.00486	0.00278	0.00973
42	0.00940	0.00664	0.00872	0.00881	0.00936	0.00714	0.00600	0.01052	0.01021	0.01413	0.02031	0.07959	0.02182	0.40363	0.34665	0.00802	0.01122	0.00901	0.00391	0.00491
43	0.01751	0.01640	0.06766	0.06813	0.37420	0.01566	0.07990	0.07414	0.11842	0.07825	0.01580	0.01799	0.01209	0.00667	0.00666	0.00205	0.00769	0.00627	0.00434	0.01019
44	0.02575	0.01650	0.18201	0.01335	0.01951	0.01098	0.01307	0.02948	0.01770	0.56725	0.02269	0.02043	0.01445	0.00771	0.00654	0.00205	0.00656	0.00621	0.00690	0.01086
45	0.01637	0.01414	0.01489	0.01340	0.01712	0.01637	0.01042	0.03498	0.71568	0.02754	0.02679	0.02456	0.02010	0.00893	0.00670	0.00223	0.00521	0.00744	0.00670	0.01042
46	0.00849	0.00655	0.00775	0.00776	0.00941	0.00581	0.00570	0.01071	0.01624	0.02143	0.35124	0.16316	0.33031	0.01586	0.00787	0.00222	0.00331	0.01375	0.00661	0.00581
47	0.16307	0.01275	0.01237	0.01176	0.01433	0.12052	0.02525	0.03967	0.01503	0.08443	0.03868	0.08705	0.02358	0.10382	0.01024	0.00287	0.00670	0.21581	0.00521	0.00689
48	0.01290	0.01218	0.02059	0.66638	0.12811	0.01475	0.01852	0.01723	0.01339	0.01739	0.01178	0.01740	0.00898	0.00649	0.00657	0.00216	0.00866	0.00585	0.00297	0.00769
49	0.00886	0.00681	0.00760	0.00734	0.00941	0.00588	0.00553	0.01103	0.01631	0.03932	0.28381	0.05758	0.48641	0.01538	0.00774	0.00217	0.00332	0.01304	0.00654	0.00592
50	0.02459	0.03138	0.01866	0.01696	0.02035	0.74221	0.01272	0.02629	0.01866	0.01611	0.01018	0.01187	0.00848	0.00678	0.00594	0.00170	0.01187	0.00424	0.00339	0.00763
51	0.22082	0.01535	0.01693	0.01584	0.10341	0.03891	0.01142	0.26157	0.03683	0.19227	0.01613	0.01618	0.01138	0.00726	0.00594	0.00200	0.00651	0.00547	0.00582	0.00996
52	0.00856	0.00664	0.00779	0.00763	0.00940	0.00587	0.00567	0.01091	0.01667	0.02202	0.39266	0.09919	0.35268	0.01531	0.00781	0.00217	0.00325	0.01320	0.00668	0.00587
53	0.00802	0.00573	0.00764	0.00917	0.00955	0.00535	0.00611	0.00917	0.01260	0.01681	0.03628	0.76434	0.04354	0.02062	0.00840	0.00267	0.00382	0.01872	0.00611	0.00535
54	0.01597	0.01566	0.02777	0.08248	0.60171	0.01570	0.10301	0.02010	0.01494	0.02117	0.01245	0.01655	0.01027	0.00587	0.00667	0.00200	0.00828	0.00610	0.00325	0.01005
55	0.01629	0.01564	0.02672	0.04041	0.72757	0.01564	0.02020	0.02020	0.01499	0.02151	0.01238	0.01629	0.01043	0.00587	0.00652	0.00196	0.00782	0.00587	0.00326	0.01043
56	0.01716	0.01607	0.01507	0.01383	0.01728	0.12522	0.01085	0.04964	0.50628	0.02525	0.02495	0.02843	0.02025	0.00970	0.00687	0.00224	0.00638	0.08891	0.00612	0.00949
57	0.00801	0.00576	0.00761	0.00909	0.00953	0.00535	0.00608	0.00918	0.01268	0.01684	0.03725	0.74199	0.06526	0.02050	0.00838	0.00266	0.00380	0.01856	0.00611	0.00535
58	0.01503	0.01252	0.01439	0.01041	0.01619	0.01019	0.00837	0.10018	0.01575	0.02388	0.01220	0.01391	0.00993	0.00524	0.00508	0.00110	0.00516	0.00415	0.00423	0.71210
59	0.00967	0.00763	0.00983	0.00915	0.01059	0.00778	0.00702	0.01231	0.01690	0.02358	0.52073	0.06489	0.15543	0.01389	0.00946	0.00221	0.09458	0.01163	0.00652	0.00621
60	0.02459	0.03138	0.01866	0.01696	0.02035	0.74221	0.01272	0.02629	0.01866	0.01611	0.01018	0.01187	0.00848	0.00678	0.00594	0.00170	0.01187	0.00424	0.00339	0.00763
61	0.01035	0.00695	0.00868	0.00811	0.00980	0.00635	0.00597	0.01283	0.01700	0.06664	0.49657	0.04894	0.15495	0.10524	0.01082	0.00261	0.00369	0.01160	0.00674	0.00615
62	0.01559	0.01492	0.02545	0.17045	0.60304	0.01546	0.01985	0.01959	0.01466	0.02065	0.01226	0.01652	0.01013	0.00600	0.00653	0.00200	0.00800	0.00586	0.00320	0.00986
63	0.01144	0.00572	0.00858	0.00858	0.00858	0.00572	0.00572	0.00858	0.00858	0.01144	0.01144	0.02001	0.01144	0.02287	0.02573	0.80846	0.00572	0.00572	0.00286	0.00286
64	0.00802	0.00573	0.00764	0.00917	0.00955	0.00535	0.00611	0.00917	0.01260	0.01681	0.03628	0.76434	0.04354	0.02062	0.00840	0.00267	0.00382	0.01872	0.00611	0.00535
65	0.00976	0.00638	0.00696	0.00696	0.00746	0.00625	0.00420	0.01043	0.01087	0.01516	0.02643	0.04274	0.10791	0.56228	0.02601	0.00514	0.00551	0.00958	0.12545	0.00450
66	0.01154	0.00620	0.00642	0.00642	0.00754	0.00620	0.00443	0.01377	0.01265	0.02133	0.02128	0.02960	0.01880	0.21512	0.01248	0.00286	0.00397	0.00707	0.58677	0.00555
67	0.81514	0.01273	0.00968	0.00866	0.01273	0.01477	0.00713	0.01935	0.01120	0.02954	0.00917	0.01069	0.00713	0.00611	0.00407	0.00204	0.00509	0.00356	0.00407	0.00713
68	0.01227	0.00614	0.00614	0.00614	0.00767	0.00614	0.00460	0.01534	0.01381	0.02454	0.02148	0.02454	0.01687	0.00767	0.00460	0.00153	0.00307	0.00614	0.80518	0.00614
69	0.00948	0.00658	0.00803	0.00777	0.00936	0.00606	0.00579	0.01227	0.01708	0.02440	0.48856	0.08274	0.15049	0.01340	0.00732	0.00204	0.00317	0.01166	0.12774	0.00606
70	0.01227	0.00614	0.00614	0.00614	0.00767	0.00614	0.00460	0.01534	0.01381	0.02454	0.02148	0.02454	0.01687	0.00767	0.00460	0.00153	0.00307	0.00614	0.80518	0.00614
71	0.01227	0.00614	0.00614	0.00614	0.00767	0.00614	0.00460	0.01534	0.01381	0.02454	0.02148	0.02454	0.01687	0.00767	0.00460	0.00153	0.00307	0.00614	0.80518	0.00614
72	0.01163	0.00607	0.00636	0.00659	0.00795	0.00602	0.00483	0.01441	0.01362	0.02337	0.02372	0.13646	0.02091	0.00963	0.00518	0.00171	0.00318	0.00804	0.68430	0.00602
73	0.01227	0.00614	0.00614	0.00614	0.00767	0.00614	0.00460	0.01534	0.01381	0.02454	0.02148	0.02454	0.01687	0.00767	0.00460	0.00153	0.00307	0.00614	0.80518	0.00614
74	0.01768	0.01479	0.01562	0.01366	0.01762	0.01699	0.01074	0.13644	0.61209	0.02965	0.02513	0.02324	0.01875	0.00878	0.00668	0.00219	0.00552	0.00721	0.00668	0.01054
75	0.01063	0.00639	0.00857	0.00948	0.01043	0.00587	0.00654	0.01195	0.01336	0.10359	0.03503	0.67433	0.04024	0.01911	0.00819	0.00260	0.00404	0.01725	0.00636	0.00606
76	0.81514	0.01273	0.00968	0.00866	0.01273	0.01477	0.00713	0.01935	0.01120	0.02954	0.00917	0.01069	0.00713	0.00611	0.00407	0.00204	0.00509	0.00356	0.00407	0.00713
77	0.01163	0.00607	0.00636	0.00659	0.00795	0.00602	0.00483	0.01441	0.01362	0.02337	0.02372	0.13646	0.02091	0.00963	0.00518	0.00171	0.00318	0.00804	0.68430	0.00602
78	0.02503	0.01844	0.01976	0.01515	0.02042	0.02042	0.01251	0.70562	0.03095	0.04149	0.01581	0.01581	0.01120	0.00790	0.00659	0.00198	0.00724	0.00593	0.00659	0.01120
79	0.00841	0.00601	0.00809	0.00961	0.01017	0.00568	0.00679	0.00984	0.01299	0.01724	0.03607	0.65995	0.04269	0.02026	0.00851	0.00273	0.00416	0.11925	0.00610	0.00546
80	0.01071	0.00592	0.00877	0.00895	0.00918	0.00605	0.00615	0.00913	0.00937	0.01267	0.01539	0.11120	0.01609	0.02661	0.13207	0.58999	0.00729	0.00750	0.00335	0.00362
81	0.01365	0.01170	0.01365	0.00975	0.01560	0.00878	0.00780	0.01658	0.01365	0.02145	0.01170	0.01365	0.00975	0.00488	0.00488	0.00098	0.00488	0.00390	0.00390	0.80888
82	0.00932	0.00673	0.00880	0.00828	0.00984	0.00621	0.00621	0.01242	0.01863	0.02640	0.72410	0.04918	0.06212	0.01346	0.00776	0.00207	0.00311	0.01191	0.00725	0.00621
83	0.00818	0.00663	0.00726	0.00722	0.00917	0.00571	0.00537	0.01017	0.01576	0.01986	0.22804	0.10275	0.51865	0.01612	0.00781	0.00221	0.00331	0.01370	0.00639	0.00571
84	0.01227	0.00614	0.00614	0.00614	0.00767	0.00614	0.00460	0.01534	0.01381	0.02454	0.02148	0.02454	0.01687	0.00767	0.00460	0.00153	0.00307	0.00614	0.80518	0.00614
85	0.00800	0.00580	0.00756	0.00897	0.00950	0.00536	0.00603	0.00919	0.01279	0.01688	0.03863	0.71038	0.09599	0.02032	0.00835	0.00264	0.00378	0.01834	0.00611	0.00536
86	0.02491	0.02197	0.01946	0.01564	0.02040	0.21718	0.01257	0.52043	0.02760	0.03457	0.01427	0.01473	0.01046	0.00760	0.00641	0.00190	0.00851	0.00547	0.00572	0.01022
87	0.01618	0.01553	0.02652	0.06106	0.70780	0.01561	0.02015	0.02011	0.01494	0.02137	0.01236	0.01633	0.01038	0.00589	0.00652	0.00196	0.00785	0.00587	0.00325	0.01034
88	0.01243	0.01170	0.01975	0.75282	0.04534	0.01463	0.01828	0.01682	0.01316	0.01682	0.01170	0.01755	0.00878	0.00658	0.00658	0.00219	0.00878	0.00585	0.00293	0.00731
89	0.01552	0.01324	0.01415	0.01278	0.01624	0.01514	0.00991	0.03224	0.63111	0.02740	0.11140	0.02755	0.02519	0.00948	0.00683	0.00221	0.00495	0.00798	0.00677	0.00991
90	0.01463	0.01630	0.03506	0.02549	0.03139	0.01528	0.61903	0.01964	0.01518	0.02057	0.01610	0.10834	0.01406	0.00738	0.00785	0.00227	0.01022	0.00910	0.00367	0.00845
91	0.01563	0.01485	0.02078	0.01713	0.01895	0.03656	0.09665	0.12031	0.01453	0.02053	0.01500	0.07452	0.04333	0.01105	0.01563	0.00259	0.44291	0.00734	0.00390	0.00781
92	0.02133	0.01711	0.02131	0.01653	0.02157	0.01862	0.11647	0.44175	0.17480	0.03482	0.01827	0.03594	0.01370	0.00807	0.00683	0.00208	0.00731	0.00684	0.00611	0.01054
93	0.00804	0.00621	0.00737	0.00827	0.00947	0.00554	0.00586	0.00949	0.01372	0.01735	0.04886	0.44089	0.32655	0.01887	0.00818	0.00250	0.00372	0.04755	0.00611	0.00547
94	0.02213	0.21821	0.06647	0.01564	0.01998	0.51736	0.01306	0.02430	0.01704	0.01624	0.01002	0.01167	0.00846	0.00646	0.00552	0.00165	0.01052	0.00410	0.00321	0.00797
95	0.01629	0.01564	0.02672	0.04041	0.72757	0.01564	0.02020	0.02020	0.01499	0.02151	0.01238	0.01629	0.01043	0.00587	0.00652	0.00196	0.00782	0.00587	0.00326	0.01043
96	0.00802	0.00573	0.00764	0.00917	0.00955	0.00535	0.00611	0.00917	0.01260	0.01681	0.03628	0.76434	0.04354	0.02062	0.00840	0.00267	0.00382	0.01872	0.00611	0.00535
97	0.00810	0.00576	0.00762	0.00906	0.00943	0.00540	0.00600	0.00919	0.01245	0.01660	0.03548	0.72707	0.04253	0.05928	0.00970	0.00287	0.00395	0.01824	0.00600	0.00528
98	0.01440	0.23539	0.54369	0.01672	0.02533	0.01822	0.02076	0.02054	0.01376	0.01939	0.01109	0.01299	0.00837	0.00608	0.00570	0.00190	0.00900	0.00450	0.00279	0.00938
99	0.01144	0.00572	0.00858	0.00858	0.00858	0.00572	0.00572	0.00858	0.00858	0.01144	0.01144	0.02001	0.01144	0.02287	0.02573	0.80846	0.00572	0.00572	0.00286	0.00286
100	0.01320	0.03405	0.73453	0.01876	0.02849	0.01529	0.02432	0.02085	0.01390	0.02085	0.01181	0.01390	0.00834	0.00625	0.00625	0.00208	0.00973	0.00486	0.00278	0.00973
101	0.02459	0.03138	0.01866	0.01696	0.02035	0.74221	0.01272	0.02629	0.01866	0.01611	0.01018	0.01187	0.00848	0.00678	0.00594	0.00170	0.01187	0.00424	0.00339	0.00763
102	0.04383	0.02280	0.01913	0.01562	0.02021	0.27147	0.01246	0.45274	0.02620	0.03237	0.01369	0.01431	0.01015	0.00747	0.00630	0.00188	0.00880	0.00528	0.00541	0.00986
103	0.01482	0.01541	0.01928	0.34393	0.02995	0.12635	0.01557	0.01766	0.01277	0.01629	0.01068	0.01598	0.00906	0.01047	0.04808	0.00278	0.27503	0.00563	0.00301	0.00725
104	0.00802	0.00573	0.00764	0.00917	0.00955	0.00535	0.00611	0.00917	0.01260	0.01681	0.03628	0.76434	0.04354	0.02062	0.00840	0.00267	0.00382	0.01872	0.00611	0.00535
105	0.00940	0.00705	0.01058	0.01058	0.01176	0.00823	0.00823	0.01176	0.01058	0.01528	0.01763	0.02586	0.01646	0.04937	0.74255	0.01058	0.01763	0.00705	0.00353	0.00588
106	0.01544	0.01558	0.01803	0.01573	0.01642	0.11823	0.01284	0.01714	0.01173	0.01692	0.01062	0.01555	0.00980	0.01127	0.03393	0.00273	0.54502	0.00563	0.10031	0.00710
107	0.01583	0.01509	0.02532	0.12558	0.61148	0.01555	0.01951	0.02049	0.04763	0.02122	0.01298	0.01683	0.01068	0.00610	0.00653	0.00200	0.00781	0.00594	0.00338	0.01005
108	0.00802	0.00573	0.00764	0.00917	0.00955	0.00535	0.00611	0.00917	0.01260	0.01681	0.03628	0.76434	0.04354	0.02062	0.00840	0.00267	0.00382	0.01872	0.00611	0.00535
109	0.81514	0.01273	0.00968	0.00866	0.01273	0.01477	0.00713	0.01935	0.01120	0.02954	0.00917	0.01069	0.00713	0.00611	0.00407	0.00204	0.00509	0.00356	0.00407	0.00713
110	0.00820	0.00583	0.00756	0.00886	0.00924	0.00548	0.00583	0.00922	0.01230	0.01634	0.03518	0.65881	0.05868	0.11128	0.01143	0.00311	0.00412	0.01748	0.00585	0.00519
111	0.01546	0.01457	0.02007	0.10402	0.02098	0.01954	0.01463	0.09965	0.01298	0.01907	0.00987	0.01495	0.00897	0.01050	0.01801	0.00269	0.57723	0.00579	0.00334	0.00770
112	0.01115	0.00582	0.00837	0.00837	0.00837	0.00582	0.00546	0.00873	0.00873	0.01164	0.01284	0.02350	0.01333	0.13569	0.02691	0.68712	0.00582	0.00630	0.00303	0.00303
113	0.01492	0.01331	0.02080	0.53413	0.14412	0.01565	0.01770	0.12153	0.01613	0.02126	0.01242	0.01710	0.00939	0.00667	0.00657	0.00213	0.00840	0.00586	0.00353	0.00837
114	0.00799	0.00584	0.00752	0.00886	0.00947	0.00537	0.00598	0.00920	0.01290	0.01692	0.03997	0.67929	0.12621	0.02015	0.00833	0.00262	0.00376	0.01813	0.00611	0.00537
115	0.01956	0.01654	0.10530	0.01847	0.12623	0.01550	0.01419	0.08984	0.19566	0.18933	0.01893	0.01922	0.01382	0.00824	0.00877	0.00220	0.11628	0.00631	0.00547	0.01012
116	0.01562	0.01530	0.02714	0.14665	0.54026	0.01561	0.10284	0.01980	0.01478	0.02075	0.01239	0.01666	0.01012	0.00594	0.00668	0.00202	0.00836	0.00609	0.00322	0.00977
117	0.01479	0.01622	0.03457	0.02538	0.03126	0.01528	0.59882	0.01996	0.01548	0.02088	0.01658	0.02631	0.01421	0.00746	0.00797	0.00234	0.01034	0.10996	0.00374	0.00845
118	0.01524	0.01644	0.02422	0.38460	0.03578	0.12580	0.18174	0.01917	0.01422	0.01763	0.01152	0.01639	0.00901	0.00692	0.00846	0.00220	0.09380	0.00606	0.00309	0.00773
119	0.01194	0.00617	0.00626	0.00626	0.00761	0.00617	0.00453	0.01464	0.01329	0.02311	0.02139	0.02679	0.01773	0.10000	0.00811	0.00212	0.00347	0.00655	0.70798	0.00588
120	0.01707	0.68299	0.11943	0.01217	0.01830	0.02474	0.01285	0.01985	0.01344	0.01614	0.00948	0.01097	0.00844	0.00571	0.00447	0.00149	0.00737	0.00368	0.00281	0.00860
121	0.02324	0.01969	0.01940	0.01559	0.01986	0.12938	0.01267	0.48592	0.06051	0.03385	0.01463	0.01547	0.01092	0.00822	0.00832	0.00206	0.09876	0.00573	0.00566	0.01013

[dist]
# distance from previous block
# <min> <max>
0	4

[block]
# block no. 2 follows, 33 sequences, length 16
# corresponding to MSA columns:
# 205-220
name=unknown_C
#
# <colnr> <probs for GDERKNQSTAVLIFYWHMCP>
#	G	D	E	R	K	N	Q	S	T	A	V	L	I	F	Y	W	H	M	C	P
0	0.01046	0.00740	0.01011	0.01141	0.01270	0.00740	0.00965	0.01305	0.01434	0.01869	0.03281	0.06973	0.03586	0.12716	0.01264	0.00352	0.00611	0.58544	0.00576	0.00576
1	0.01243	0.01089	0.01154	0.01259	0.01429	0.11408	0.01056	0.01512	0.01546	0.01895	0.03139	0.11978	0.03406	0.01672	0.00858	0.00281	0.00673	0.53210	0.00568	0.00623
2	0.01320	0.03405	0.73453	0.01876	0.02849	0.01529	0.02432	0.02085	0.01390	0.02085	0.01181	0.01390	0.00834	0.00625	0.00625	0.00208	0.00973	0.00486	0.00278	0.00973
3	0.00940	0.00705	0.01058	0.01058	0.01176	0.00823	0.00823	0.01176	0.01058	0.01528	0.01763	0.02586	0.01646	0.04937	0.74255	0.01058	0.01763	0.00705	0.00353	0.00588
4	0.00932	0.00673	0.00880	0.00828	0.00984	0.00621	0.00621	0.01242	0.01863	0.02640	0.72410	0.04918	0.06212	0.01346	0.00776	0.00207	0.00311	0.01191	0.00725	0.00621
5	0.01132	0.00836	0.00988	0.00998	0.01159	0.00833	0.00721	0.14582	0.01655	0.02179	0.03665	0.51647	0.13541	0.01756	0.00796	0.00247	0.00442	0.01551	0.00620	0.00652
6	0.00906	0.00676	0.00937	0.03079	0.01161	0.00650	0.02573	0.03140	0.01413	0.01907	0.13421	0.59613	0.04335	0.01839	0.00819	0.00254	0.00416	0.01667	0.00612	0.00580
7	0.00940	0.00864	0.01326	0.01141	0.01407	0.00771	0.14233	0.01176	0.01468	0.01847	0.06934	0.21122	0.41174	0.01528	0.00792	0.00232	0.00496	0.01371	0.00560	0.00618
8	0.01366	0.03086	0.59807	0.02053	0.02965	0.01556	0.15758	0.02090	0.01422	0.02090	0.01211	0.01466	0.00866	0.00612	0.00655	0.00211	0.01000	0.00543	0.00289	0.00956
9	0.00979	0.01030	0.11302	0.00939	0.01092	0.00755	0.00753	0.01122	0.01084	0.01483	0.02237	0.17963	0.02522	0.48247	0.05295	0.00520	0.00682	0.01058	0.00421	0.00516
10	0.00799	0.00624	0.00725	0.00792	0.00926	0.00550	0.00559	0.00951	0.01413	0.01789	0.09528	0.38527	0.36816	0.01828	0.00807	0.00242	0.00354	0.01599	0.00619	0.00550
11	0.01380	0.01223	0.01493	0.01123	0.01593	0.01101	0.00910	0.01643	0.01295	0.02035	0.01110	0.01380	0.00953	0.00618	0.00816	0.00135	0.15233	0.00427	0.00370	0.65163
12	0.01462	0.01388	0.02279	0.03379	0.58660	0.01366	0.01722	0.01809	0.01499	0.02078	0.02304	0.02552	0.15057	0.00799	0.00677	0.00201	0.00694	0.00744	0.00382	0.00947
13	0.00961	0.00783	0.00868	0.00867	0.01066	0.00757	0.00640	0.01444	0.14193	0.02059	0.14828	0.20742	0.35212	0.01567	0.00772	0.00230	0.00375	0.01349	0.00638	0.00649
14	0.01422	0.01101	0.01346	0.01050	0.01429	0.01003	0.00816	0.01632	0.01274	0.07515	0.01416	0.02023	0.01289	0.15591	0.01306	0.00240	0.11438	0.00550	0.00411	0.47150
15	0.01139	0.00896	0.00958	0.00864	0.01131	0.00856	0.00668	0.14643	0.01859	0.02366	0.15125	0.07326	0.46797	0.01461	0.00756	0.00217	0.00408	0.01219	0.00637	0.00675

[dist]
# distance from previous block
# <min> <max>
4	8

# created by:
# /home/cegg/simao/soft/augustus-3.2.1/scripts/msa2prfl.pl ./align_prep/EOG090W0HWT.fa
