[name]
unknown

[dist]
# distance from previous block
# <min> <max>
5	101

[block]
# block no. 0 follows, 35 sequences, length 30
# corresponding to MSA columns:
# 121-150
name=unknown_A
#
# <colnr> <probs for GDERKNQSTAVLIFYWHMCP>
#	G	D	E	R	K	N	Q	S	T	A	V	L	I	F	Y	W	H	M	C	P
0	0.04735	0.09909	0.06551	0.03835	0.03194	0.09881	0.04027	0.12245	0.05293	0.02317	0.12529	0.02566	0.07099	0.00867	0.00618	0.00186	0.00648	0.04354	0.02401	0.06746
1	0.06791	0.07114	0.11602	0.01432	0.03554	0.14443	0.01246	0.21898	0.06083	0.04361	0.01420	0.03491	0.01134	0.01061	0.07065	0.00254	0.00846	0.00541	0.00448	0.05216
2	0.14867	0.11963	0.11168	0.05933	0.06715	0.09473	0.02994	0.10467	0.04802	0.03993	0.01205	0.01388	0.00943	0.00738	0.02497	0.00201	0.02293	0.00471	0.00385	0.07504
3	0.01450	0.01279	0.01217	0.01178	0.01412	0.14124	0.00938	0.05938	0.12744	0.03902	0.10102	0.05957	0.04604	0.04801	0.00838	0.00245	0.00622	0.23755	0.04185	0.00707
4	0.01334	0.03317	0.07125	0.01309	0.01690	0.04534	0.13946	0.08046	0.03130	0.05933	0.08157	0.07935	0.24600	0.05060	0.00834	0.00228	0.00622	0.00965	0.00507	0.00727
5	0.13772	0.01504	0.01517	0.01212	0.01637	0.04453	0.00987	0.42324	0.02313	0.05739	0.05561	0.01728	0.01363	0.00751	0.00577	0.00183	0.00605	0.00562	0.09658	0.03555
6	0.00766	0.00626	0.00676	0.00701	0.00876	0.00537	0.00511	0.00928	0.01429	0.01760	0.11080	0.19575	0.55022	0.01655	0.00761	0.00221	0.00329	0.01413	0.00598	0.00537
7	0.01664	0.01442	0.02047	0.03730	0.05456	0.03917	0.17017	0.07350	0.08437	0.02371	0.07108	0.10259	0.04771	0.05909	0.12889	0.00427	0.00975	0.02742	0.00570	0.00917
8	0.06611	0.29000	0.33368	0.01579	0.06189	0.07166	0.01653	0.02032	0.01360	0.04209	0.01069	0.01234	0.00837	0.00589	0.00522	0.00174	0.00811	0.00422	0.00301	0.00873
9	0.01310	0.01623	0.14101	0.01430	0.03206	0.06254	0.01269	0.01810	0.11982	0.01826	0.02323	0.04556	0.13885	0.04095	0.01227	0.00248	0.25158	0.02543	0.00410	0.00745
10	0.00780	0.00557	0.00742	0.00879	0.00922	0.00520	0.00589	0.00900	0.01246	0.01669	0.07252	0.73394	0.04292	0.01950	0.00806	0.00255	0.00364	0.01768	0.00595	0.00520
11	0.01452	0.04411	0.07530	0.04041	0.07362	0.04500	0.03689	0.11850	0.10721	0.02277	0.08319	0.04112	0.04128	0.02929	0.10026	0.00309	0.04703	0.00700	0.06142	0.00798
12	0.01866	0.28727	0.05273	0.01508	0.04281	0.21117	0.06126	0.09697	0.08210	0.02012	0.04578	0.01483	0.01205	0.00662	0.00552	0.00169	0.00808	0.00496	0.00384	0.00844
13	0.00824	0.00640	0.00753	0.00782	0.00928	0.00581	0.00564	0.01061	0.03881	0.01934	0.22941	0.28268	0.31300	0.01621	0.00765	0.00224	0.00337	0.01415	0.00620	0.00562
14	0.00934	0.00608	0.00686	0.00698	0.00715	0.00605	0.00407	0.00970	0.00984	0.01366	0.02128	0.09968	0.02398	0.64449	0.02775	0.00543	0.00566	0.00964	0.07822	0.00414
15	0.04657	0.01571	0.13929	0.12464	0.03629	0.01390	0.02781	0.10682	0.20491	0.04835	0.01888	0.05916	0.01544	0.01062	0.04862	0.00257	0.00728	0.03884	0.02565	0.00865
16	0.01704	0.03401	0.11809	0.03921	0.13902	0.11077	0.10638	0.09313	0.03022	0.08283	0.04288	0.02249	0.05966	0.00797	0.00700	0.00201	0.03095	0.04332	0.00433	0.00867
17	0.06329	0.01123	0.01459	0.01135	0.01614	0.01022	0.00934	0.05136	0.05827	0.64795	0.02405	0.02101	0.01536	0.00780	0.00627	0.00197	0.00540	0.00627	0.00755	0.01058
18	0.00811	0.00671	0.00716	0.00726	0.00918	0.00596	0.00536	0.01067	0.05467	0.01814	0.10704	0.16151	0.54396	0.01597	0.00752	0.00220	0.00337	0.01357	0.00600	0.00564
19	0.01968	0.03532	0.04327	0.04692	0.12270	0.07358	0.03802	0.14527	0.11273	0.16860	0.01795	0.01856	0.02707	0.00757	0.00717	0.00197	0.05673	0.00602	0.04148	0.00938
20	0.02104	0.01606	0.04893	0.03062	0.07958	0.07976	0.01194	0.21440	0.16382	0.19356	0.03371	0.04595	0.01530	0.00806	0.00639	0.00198	0.00660	0.00652	0.00593	0.00984
21	0.02633	0.01079	0.01426	0.01110	0.01575	0.00959	0.00911	0.05638	0.03573	0.63850	0.04380	0.02424	0.05738	0.00845	0.00647	0.00198	0.00527	0.00689	0.00763	0.01035
22	0.00926	0.00639	0.00815	0.00815	0.00865	0.00683	0.00545	0.01026	0.00976	0.01369	0.01885	0.03438	0.02000	0.46415	0.31012	0.00754	0.01023	0.00815	0.03535	0.00463
23	0.01313	0.01230	0.04781	0.00981	0.01562	0.00875	0.00827	0.01617	0.01317	0.02064	0.01128	0.01317	0.00933	0.00476	0.00476	0.00099	0.00492	0.00380	0.00371	0.77761
24	0.01665	0.41453	0.10772	0.04013	0.02159	0.08174	0.12813	0.04486	0.01413	0.01739	0.01012	0.01239	0.00849	0.00601	0.00612	0.00171	0.05251	0.00455	0.00298	0.00827
25	0.00902	0.00629	0.00770	0.00789	0.00915	0.00572	0.00557	0.01071	0.01427	0.04730	0.24036	0.28234	0.20915	0.10253	0.01046	0.00269	0.00372	0.01358	0.00605	0.00551
26	0.01558	0.08381	0.08099	0.02976	0.03509	0.01272	0.01039	0.11690	0.10413	0.07797	0.12541	0.04875	0.02034	0.00806	0.00594	0.00174	0.00547	0.00662	0.06053	0.14981
27	0.07626	0.48642	0.06038	0.01153	0.01624	0.05815	0.02798	0.01864	0.01374	0.03514	0.10237	0.01574	0.01489	0.00676	0.00539	0.00161	0.03266	0.00477	0.00352	0.00782
28	0.01391	0.04922	0.04153	0.01138	0.01579	0.01099	0.04191	0.01884	0.10831	0.06468	0.09192	0.03903	0.01753	0.00939	0.04643	0.00201	0.03999	0.00600	0.00458	0.36657
29	0.08491	0.01155	0.01503	0.01121	0.01621	0.00985	0.08477	0.03977	0.01443	0.06585	0.06913	0.01918	0.05448	0.00642	0.00546	0.00140	0.00528	0.00548	0.00441	0.47517

[dist]
# distance from previous block
# <min> <max>
4	9

[block]
# block no. 1 follows, 35 sequences, length 22
# corresponding to MSA columns:
# 160-181
name=unknown_B
#
# <colnr> <probs for GDERKNQSTAVLIFYWHMCP>
#	G	D	E	R	K	N	Q	S	T	A	V	L	I	F	Y	W	H	M	C	P
0	0.02061	0.04441	0.06758	0.09060	0.02251	0.31121	0.05243	0.14446	0.03798	0.07934	0.02878	0.01511	0.01079	0.00707	0.00670	0.00187	0.04064	0.00523	0.00422	0.00845
1	0.01744	0.01186	0.01367	0.01054	0.01537	0.02726	0.00843	0.06741	0.08536	0.18564	0.04296	0.03520	0.03306	0.00694	0.00563	0.00147	0.00508	0.00565	0.00532	0.41573
2	0.01532	0.01508	0.02436	0.03268	0.53324	0.05539	0.08946	0.01883	0.01436	0.01973	0.01371	0.02060	0.01232	0.05766	0.00825	0.00224	0.00789	0.04643	0.00336	0.00908
3	0.01002	0.00724	0.00923	0.01084	0.09643	0.00724	0.00576	0.01048	0.00986	0.01333	0.01900	0.03835	0.02147	0.68254	0.02910	0.00563	0.00632	0.00879	0.00376	0.00460
4	0.72412	0.01294	0.01051	0.00911	0.01318	0.01490	0.00751	0.10413	0.01313	0.02987	0.00962	0.01091	0.00735	0.00610	0.00422	0.00196	0.00516	0.00371	0.00422	0.00735
5	0.01696	0.78087	0.03324	0.01085	0.01628	0.02510	0.01085	0.01900	0.01289	0.01493	0.00882	0.01018	0.00814	0.00543	0.00407	0.00136	0.00678	0.00339	0.00271	0.00814
6	0.00908	0.00673	0.00986	0.00986	0.01088	0.00775	0.00752	0.01111	0.01010	0.01448	0.01730	0.02661	0.01659	0.12162	0.67887	0.00978	0.01589	0.00704	0.00344	0.00548
7	0.01479	0.01840	0.09531	0.02603	0.03269	0.01594	0.65786	0.02030	0.01484	0.02030	0.01272	0.01681	0.00950	0.00540	0.00737	0.00213	0.01059	0.00726	0.00317	0.00862
8	0.01131	0.00596	0.00611	0.00611	0.00730	0.00596	0.00432	0.01369	0.01250	0.02142	0.02056	0.02717	0.01760	0.15885	0.00992	0.00240	0.00358	0.00656	0.65318	0.00551
9	0.02376	0.02839	0.01813	0.01608	0.01962	0.64298	0.01223	0.12786	0.01974	0.01915	0.01061	0.01200	0.00856	0.00670	0.00581	0.00167	0.01078	0.00433	0.00373	0.00786
10	0.02403	0.01847	0.01840	0.01448	0.01928	0.10033	0.01179	0.55990	0.05747	0.08806	0.01580	0.01564	0.01122	0.00756	0.00628	0.00189	0.00728	0.00564	0.00612	0.01037
11	0.02773	0.01145	0.01506	0.01161	0.01649	0.01036	0.00957	0.08712	0.04027	0.66302	0.02425	0.02113	0.01541	0.00786	0.00638	0.00196	0.00552	0.00635	0.00769	0.01077
12	0.00991	0.00708	0.00986	0.01132	0.01265	0.00703	0.00968	0.01260	0.01429	0.01863	0.03376	0.16003	0.03720	0.01782	0.00868	0.00288	0.00557	0.60942	0.00585	0.00575
13	0.07644	0.01295	0.01944	0.01470	0.01954	0.01221	0.18467	0.06003	0.05678	0.13441	0.01622	0.06852	0.01312	0.00715	0.00670	0.00179	0.03799	0.00645	0.00468	0.24621
14	0.00762	0.00595	0.00691	0.00768	0.00890	0.00525	0.00538	0.00896	0.01325	0.01664	0.04896	0.43284	0.37299	0.01806	0.00781	0.00237	0.00346	0.01582	0.00589	0.00525
15	0.02117	0.01196	0.01386	0.01108	0.01486	0.01220	0.00889	0.28471	0.02106	0.24978	0.07160	0.02301	0.01773	0.07105	0.00826	0.00221	0.00549	0.00665	0.13532	0.00910
16	0.01655	0.01710	0.02708	0.07300	0.34638	0.09247	0.21680	0.05948	0.03493	0.02093	0.01242	0.01589	0.00990	0.00599	0.00686	0.00197	0.02363	0.00606	0.00342	0.00914
17	0.01229	0.05516	0.01638	0.01771	0.18268	0.01080	0.05597	0.01555	0.05423	0.04877	0.05083	0.29673	0.07449	0.01269	0.00767	0.00224	0.03397	0.03958	0.00492	0.00735
18	0.00811	0.00584	0.00768	0.00888	0.00945	0.00558	0.00616	0.00938	0.01214	0.01610	0.03427	0.57764	0.07634	0.07681	0.05454	0.00330	0.00481	0.07221	0.00559	0.00515
19	0.03918	0.01669	0.02366	0.05665	0.48529	0.09027	0.04614	0.10318	0.01661	0.04370	0.01243	0.01534	0.00995	0.00606	0.00622	0.00188	0.00790	0.00554	0.00369	0.00963
20	0.04373	0.05467	0.03813	0.01796	0.06367	0.09018	0.18706	0.16373	0.06601	0.15406	0.04575	0.01795	0.01338	0.00696	0.00643	0.00194	0.00779	0.00624	0.00504	0.00931
21	0.01420	0.03043	0.06582	0.04984	0.12581	0.03776	0.11199	0.08455	0.01526	0.05229	0.03823	0.15986	0.03838	0.07304	0.00945	0.00250	0.02753	0.05088	0.00450	0.00768

[dist]
# distance from previous block
# <min> <max>
1	6

[block]
# block no. 2 follows, 35 sequences, length 16
# corresponding to MSA columns:
# 188-203
name=unknown_C
#
# <colnr> <probs for GDERKNQSTAVLIFYWHMCP>
#	G	D	E	R	K	N	Q	S	T	A	V	L	I	F	Y	W	H	M	C	P
0	0.01096	0.00951	0.01342	0.01540	0.16738	0.00908	0.04247	0.03566	0.05047	0.02164	0.24223	0.04202	0.29118	0.01180	0.00715	0.00204	0.00464	0.01035	0.00553	0.00709
1	0.04496	0.01801	0.02361	0.05684	0.46731	0.15507	0.05215	0.06845	0.01601	0.02115	0.01167	0.01479	0.00956	0.00597	0.00616	0.00186	0.00834	0.00538	0.00340	0.00930
2	0.01322	0.01056	0.01377	0.01591	0.15793	0.01083	0.01033	0.05118	0.17766	0.04713	0.13662	0.05156	0.13952	0.01114	0.00701	0.00214	0.00505	0.09946	0.03101	0.00797
3	0.02155	0.01699	0.01708	0.01412	0.04328	0.11631	0.01097	0.37992	0.02317	0.10210	0.04059	0.01765	0.03611	0.00746	0.00610	0.00174	0.00686	0.00572	0.00559	0.12670
4	0.01408	0.01183	0.01365	0.00984	0.01543	0.00941	0.00790	0.07529	0.01457	0.02231	0.01161	0.01333	0.00951	0.00495	0.00484	0.00102	0.00489	0.00392	0.00398	0.74765
5	0.01300	0.01157	0.01985	0.50668	0.08257	0.01316	0.08632	0.01687	0.01314	0.05138	0.01367	0.05585	0.01126	0.02578	0.02561	0.00238	0.00828	0.00654	0.00334	0.03274
6	0.01648	0.43058	0.24988	0.01420	0.02078	0.04460	0.04817	0.05315	0.01428	0.04018	0.01063	0.01212	0.00854	0.00582	0.00507	0.00165	0.00788	0.00421	0.00307	0.00872
7	0.00829	0.00646	0.00753	0.00726	0.00906	0.00569	0.00544	0.01064	0.01633	0.02159	0.42333	0.05373	0.37306	0.01441	0.00749	0.00206	0.00310	0.01236	0.00648	0.00569
8	0.09936	0.01093	0.01424	0.01102	0.01584	0.00976	0.00910	0.02982	0.01750	0.67812	0.02358	0.02058	0.01491	0.00768	0.00616	0.00196	0.00535	0.00612	0.00750	0.01045
9	0.01777	0.04017	0.04542	0.02194	0.18318	0.22339	0.13488	0.04384	0.10360	0.03877	0.03152	0.05864	0.01358	0.00730	0.00642	0.00192	0.00852	0.00647	0.00403	0.00863
10	0.01716	0.02235	0.18130	0.02818	0.37929	0.18167	0.04036	0.02125	0.01512	0.03745	0.01169	0.01442	0.00931	0.00598	0.00614	0.00186	0.00887	0.00516	0.00319	0.00926
11	0.00761	0.00627	0.00669	0.00692	0.00872	0.00535	0.00506	0.00919	0.01422	0.01737	0.09103	0.18478	0.58170	0.01658	0.00760	0.00221	0.00328	0.01411	0.00594	0.00535
12	0.00991	0.00748	0.01071	0.01082	0.04160	0.00694	0.04655	0.01246	0.01558	0.04400	0.31547	0.18719	0.15112	0.01445	0.00768	0.00225	0.00422	0.09927	0.00612	0.00618
13	0.05150	0.02334	0.31020	0.05880	0.07269	0.09913	0.01679	0.14178	0.01721	0.10676	0.01402	0.03531	0.01045	0.00693	0.00609	0.00195	0.00822	0.00542	0.00416	0.00925
14	0.01817	0.01814	0.04153	0.02402	0.27315	0.16984	0.07299	0.09147	0.01638	0.05316	0.01282	0.01554	0.01023	0.00680	0.00754	0.00192	0.08230	0.00550	0.06971	0.00881
15	0.00953	0.00678	0.00811	0.00824	0.00968	0.00657	0.00605	0.01316	0.07689	0.02169	0.28388	0.23733	0.12121	0.01404	0.00713	0.00212	0.00344	0.02890	0.12922	0.00603

[dist]
# distance from previous block
# <min> <max>
0	1

[block]
# block no. 3 follows, 35 sequences, length 38
# corresponding to MSA columns:
# 205-242
name=unknown_D
#
# <colnr> <probs for GDERKNQSTAVLIFYWHMCP>
#	G	D	E	R	K	N	Q	S	T	A	V	L	I	F	Y	W	H	M	C	P
0	0.05322	0.01652	0.15857	0.01414	0.06691	0.01185	0.02545	0.08440	0.03155	0.10360	0.01350	0.01469	0.01012	0.00580	0.00546	0.00151	0.00623	0.00468	0.00426	0.36751
1	0.01738	0.01686	0.13147	0.01531	0.04041	0.01436	0.07756	0.20884	0.08189	0.08352	0.05290	0.01814	0.01388	0.00896	0.03972	0.00223	0.03674	0.00595	0.00490	0.12897
2	0.02195	0.01824	0.01785	0.01436	0.01852	0.11951	0.01164	0.48951	0.05941	0.03284	0.01621	0.01675	0.03370	0.00803	0.00732	0.00194	0.06396	0.00580	0.03281	0.00965
3	0.01504	0.03394	0.11029	0.01160	0.01726	0.01192	0.01051	0.14190	0.04575	0.02376	0.01293	0.01501	0.01040	0.02799	0.02561	0.00170	0.00615	0.00459	0.00416	0.46950
4	0.00880	0.00614	0.00791	0.02520	0.01021	0.00574	0.00628	0.01026	0.01322	0.03335	0.09802	0.44800	0.15870	0.01760	0.00856	0.03976	0.00389	0.06171	0.03126	0.00539
5	0.00791	0.00644	0.00699	0.00686	0.00882	0.00553	0.00514	0.00990	0.01543	0.01943	0.24936	0.05728	0.54838	0.01521	0.00749	0.00210	0.00315	0.01286	0.00619	0.00553
6	0.07096	0.28565	0.33569	0.01468	0.02169	0.01863	0.03875	0.08778	0.01483	0.04149	0.01114	0.01261	0.00853	0.00600	0.00530	0.00177	0.00788	0.00440	0.00330	0.00893
7	0.01451	0.01386	0.02360	0.26959	0.51610	0.01476	0.01888	0.01843	0.01388	0.01928	0.01172	0.01609	0.00954	0.00587	0.00630	0.00196	0.00783	0.00565	0.00304	0.00909
8	0.00921	0.00707	0.00868	0.00904	0.01042	0.00700	0.00662	0.01314	0.10572	0.01983	0.19787	0.33607	0.13658	0.01780	0.05061	0.00278	0.00450	0.04493	0.00607	0.00606
9	0.01312	0.10206	0.67837	0.01741	0.02642	0.01569	0.02227	0.01999	0.01335	0.01961	0.01115	0.01310	0.00805	0.00597	0.00585	0.00195	0.00914	0.00457	0.00268	0.00926
10	0.00879	0.00674	0.00815	0.00761	0.00953	0.00594	0.00574	0.01137	0.01668	0.02277	0.50001	0.04941	0.25198	0.01340	0.00733	0.00198	0.00315	0.01159	0.00649	0.05136
11	0.02668	0.01120	0.01444	0.01131	0.01592	0.02946	0.00925	0.02982	0.04941	0.65037	0.06454	0.02286	0.01815	0.00814	0.00643	0.00196	0.00541	0.00664	0.00762	0.01040
12	0.63961	0.01294	0.01091	0.01051	0.05349	0.04852	0.00784	0.01850	0.01185	0.02668	0.04306	0.01261	0.00977	0.00615	0.00437	0.00187	0.00526	0.00399	0.00398	0.06810
13	0.02201	0.01281	0.01430	0.01104	0.01591	0.08527	0.00889	0.02453	0.01641	0.39359	0.04408	0.01857	0.01434	0.00682	0.00577	0.00158	0.00569	0.00542	0.00594	0.28704
14	0.82186	0.01227	0.00932	0.00834	0.01227	0.01423	0.00687	0.01865	0.01080	0.02846	0.00883	0.01031	0.00687	0.00589	0.00393	0.00196	0.00491	0.00344	0.00393	0.00687
15	0.00920	0.00624	0.00740	0.00740	0.00756	0.00641	0.00444	0.00953	0.00937	0.01265	0.01955	0.03910	0.02202	0.67089	0.13702	0.00674	0.00773	0.00887	0.00378	0.00411
16	0.00783	0.00633	0.00696	0.00703	0.00883	0.00546	0.00518	0.00966	0.01491	0.01873	0.19831	0.14170	0.51513	0.01588	0.00756	0.00216	0.00322	0.01354	0.00611	0.00546
17	0.02372	0.02968	0.01802	0.01627	0.01961	0.71925	0.01225	0.05585	0.01850	0.01661	0.01005	0.01161	0.00829	0.00658	0.00575	0.00165	0.01124	0.00416	0.00340	0.00751
18	0.00795	0.00641	0.00708	0.00699	0.00887	0.00554	0.00522	0.00996	0.01541	0.01959	0.26447	0.08669	0.50296	0.01529	0.00752	0.00212	0.00317	0.01301	0.00622	0.00554
19	0.00992	0.00701	0.00895	0.03595	0.01011	0.00764	0.00601	0.01116	0.04242	0.01360	0.01803	0.03311	0.01913	0.45572	0.18604	0.08593	0.03296	0.00799	0.00369	0.00464
20	0.00775	0.00564	0.00731	0.00857	0.00915	0.00520	0.00579	0.00896	0.01256	0.01659	0.06046	0.68024	0.10986	0.01928	0.00802	0.00252	0.00361	0.01737	0.00592	0.00520
21	0.01992	0.06842	0.02239	0.03828	0.26110	0.13824	0.03463	0.26288	0.04786	0.02630	0.01308	0.01485	0.01019	0.00658	0.00611	0.00184	0.00795	0.00538	0.00437	0.00963
22	0.01420	0.01354	0.02303	0.33101	0.45716	0.01468	0.01872	0.01815	0.01373	0.01890	0.01167	0.01619	0.00941	0.00593	0.00631	0.00198	0.00791	0.00565	0.00301	0.00884
23	0.01748	0.17468	0.28287	0.01708	0.08121	0.01704	0.04175	0.11986	0.06480	0.10337	0.01402	0.01495	0.01030	0.00645	0.00582	0.00186	0.00767	0.00511	0.00410	0.00956
24	0.00948	0.00694	0.00893	0.00878	0.00913	0.00771	0.00598	0.01031	0.00971	0.01347	0.01900	0.07555	0.02081	0.45895	0.23944	0.00685	0.07180	0.00871	0.00374	0.00470
25	0.39743	0.01070	0.01083	0.00909	0.01298	0.01107	0.00742	0.02243	0.01406	0.28985	0.03973	0.01741	0.01306	0.00704	0.00501	0.00190	0.00477	0.00510	0.11196	0.00816
26	0.01474	0.01644	0.15459	0.01882	0.08158	0.01271	0.22098	0.07997	0.01643	0.08008	0.12913	0.08139	0.04676	0.00860	0.00698	0.00207	0.00743	0.00823	0.00465	0.00843
27	0.01677	0.05056	0.09098	0.05991	0.13548	0.09719	0.05271	0.12937	0.06635	0.03598	0.01533	0.03085	0.03895	0.00898	0.02898	0.00228	0.12063	0.00606	0.00402	0.00864
28	0.01493	0.01055	0.01291	0.07651	0.01603	0.04911	0.03789	0.04721	0.08943	0.15053	0.23774	0.03423	0.11005	0.07390	0.00900	0.00236	0.00533	0.00884	0.00595	0.00748
29	0.00780	0.00577	0.00719	0.00822	0.00898	0.00527	0.00558	0.00903	0.01271	0.01656	0.06739	0.56511	0.18345	0.05413	0.00908	0.00263	0.00367	0.01642	0.00584	0.00517
30	0.01785	0.03747	0.01785	0.05166	0.10703	0.08799	0.02929	0.17098	0.26233	0.03999	0.01925	0.02244	0.01538	0.00818	0.00640	0.00203	0.00673	0.05824	0.02963	0.00928
31	0.02023	0.06342	0.01729	0.02917	0.04787	0.23268	0.01115	0.15199	0.17642	0.08807	0.01739	0.05017	0.01376	0.00783	0.00604	0.00187	0.00743	0.00603	0.04231	0.00888
32	0.00867	0.00668	0.00864	0.00874	0.01019	0.00615	0.02978	0.01063	0.03000	0.01805	0.14430	0.27556	0.27011	0.03442	0.00933	0.04934	0.00402	0.06419	0.00574	0.00545
33	0.00798	0.00570	0.00739	0.00849	0.00899	0.00534	0.00566	0.00918	0.01249	0.01673	0.10096	0.60932	0.06519	0.09222	0.01035	0.00285	0.00384	0.01640	0.00580	0.00511
34	0.01483	0.01526	0.06707	0.16977	0.28732	0.07436	0.06199	0.01876	0.03724	0.04888	0.01702	0.06657	0.05279	0.00803	0.00706	0.02653	0.00765	0.00687	0.00368	0.00833
35	0.01685	0.05163	0.12303	0.04402	0.11030	0.08961	0.01396	0.13412	0.07040	0.05620	0.01550	0.03194	0.02802	0.01071	0.06190	0.00261	0.09927	0.00591	0.02540	0.00864
36	0.73391	0.01334	0.04419	0.03590	0.01430	0.01440	0.00817	0.03724	0.01149	0.02794	0.00921	0.01082	0.00709	0.00596	0.00417	0.00197	0.00530	0.00363	0.00389	0.00710
37	0.01046	0.03041	0.03275	0.03059	0.08008	0.00877	0.05483	0.01421	0.04727	0.02270	0.42434	0.06855	0.12661	0.01169	0.00719	0.00203	0.00447	0.01042	0.00585	0.00678

[dist]
# distance from previous block
# <min> <max>
4	6

[block]
# block no. 4 follows, 35 sequences, length 165
# corresponding to MSA columns:
# 249-273,277-416
name=unknown_E
#
# <colnr> <probs for GDERKNQSTAVLIFYWHMCP>
#	G	D	E	R	K	N	Q	S	T	A	V	L	I	F	Y	W	H	M	C	P
0	0.01140	0.03135	0.05113	0.01237	0.08494	0.00914	0.00899	0.01509	0.05134	0.04118	0.34262	0.03595	0.07693	0.05296	0.03073	0.00242	0.02985	0.02551	0.02997	0.05614
1	0.01494	0.05476	0.08346	0.09488	0.38407	0.01445	0.09710	0.01894	0.01416	0.03977	0.01373	0.01685	0.03267	0.00599	0.00617	0.00183	0.00762	0.00574	0.00334	0.08952
2	0.01477	0.01413	0.02407	0.21911	0.56455	0.01483	0.01901	0.01866	0.01401	0.01960	0.01177	0.01600	0.00965	0.00582	0.00630	0.00194	0.00777	0.00565	0.00306	0.00930
3	0.01241	0.01379	0.09614	0.10622	0.21043	0.01208	0.13376	0.01605	0.01346	0.01876	0.01886	0.21985	0.01898	0.01004	0.00735	0.00219	0.02698	0.02845	0.02643	0.00776
4	0.01270	0.01201	0.02033	0.62218	0.17770	0.01428	0.01798	0.01684	0.01302	0.01708	0.01140	0.01668	0.00876	0.00621	0.00633	0.00207	0.00828	0.00564	0.00288	0.00763
5	0.00873	0.00647	0.00813	0.00772	0.00932	0.00588	0.00579	0.01149	0.01737	0.02404	0.62139	0.04969	0.17348	0.01349	0.00748	0.00202	0.00303	0.01180	0.00680	0.00588
6	0.03073	0.00626	0.00742	0.00783	0.00916	0.00570	0.00560	0.01004	0.01441	0.01934	0.23262	0.33032	0.26488	0.01641	0.00762	0.00226	0.00338	0.01438	0.00613	0.00549
7	0.00884	0.00648	0.00828	0.00783	0.00939	0.00593	0.00587	0.01170	0.01762	0.02464	0.66978	0.04870	0.12471	0.01327	0.00748	0.00201	0.00301	0.01166	0.00688	0.00593
8	0.01696	0.78087	0.03324	0.01085	0.01628	0.02510	0.01085	0.01900	0.01289	0.01493	0.00882	0.01018	0.00814	0.00543	0.00407	0.00136	0.00678	0.00339	0.00271	0.00814
9	0.00918	0.00613	0.00693	0.00698	0.00699	0.00612	0.00390	0.00921	0.00931	0.01242	0.02043	0.06321	0.02362	0.75459	0.03157	0.00604	0.00608	0.00949	0.00390	0.00388
10	0.02412	0.01777	0.01904	0.01460	0.01967	0.01967	0.01206	0.71633	0.02983	0.03998	0.01523	0.01523	0.01079	0.00762	0.00635	0.00190	0.00698	0.00571	0.00635	0.01079
11	0.02412	0.01777	0.01904	0.01460	0.01967	0.01967	0.01206	0.71633	0.02983	0.03998	0.01523	0.01523	0.01079	0.00762	0.00635	0.00190	0.00698	0.00571	0.00635	0.01079
12	0.01315	0.01128	0.01315	0.00940	0.01503	0.00846	0.00752	0.01597	0.01315	0.02067	0.01128	0.01315	0.00940	0.00470	0.00470	0.00094	0.00470	0.00376	0.00376	0.81583
13	0.02370	0.03023	0.01798	0.01634	0.01961	0.75158	0.01226	0.02533	0.01798	0.01553	0.00981	0.01144	0.00817	0.00654	0.00572	0.00163	0.01144	0.00409	0.00327	0.00735
14	0.00767	0.00643	0.00666	0.00660	0.00867	0.00543	0.00495	0.00943	0.01486	0.01808	0.14042	0.05950	0.65816	0.01571	0.00750	0.00213	0.00319	0.01317	0.00602	0.00543
15	0.02846	0.01080	0.01472	0.01129	0.01619	0.00932	0.00932	0.03092	0.01816	0.74187	0.02503	0.02159	0.01570	0.00785	0.00638	0.00196	0.00540	0.00638	0.00785	0.01080
16	0.01570	0.01507	0.02575	0.03894	0.73748	0.01507	0.01947	0.01947	0.01444	0.02073	0.01193	0.01570	0.01005	0.00565	0.00628	0.00188	0.00754	0.00565	0.00314	0.01005
17	0.01306	0.03050	0.64008	0.01936	0.02830	0.01493	0.12522	0.02012	0.01363	0.02012	0.01160	0.01394	0.00827	0.00593	0.00624	0.00203	0.00957	0.00510	0.00276	0.00925
18	0.01022	0.00730	0.01022	0.01168	0.01314	0.00730	0.01022	0.01314	0.01460	0.01899	0.03359	0.07156	0.03651	0.01752	0.00876	0.00292	0.00584	0.69478	0.00584	0.00584
19	0.01388	0.01388	0.01943	0.01666	0.01666	0.01943	0.01388	0.01527	0.00972	0.01527	0.00833	0.01388	0.00833	0.01110	0.02082	0.00278	0.76544	0.00555	0.00278	0.00694
20	0.00898	0.00648	0.00848	0.00798	0.00948	0.00599	0.00599	0.01197	0.01796	0.02544	0.73413	0.04739	0.05986	0.01297	0.00748	0.00200	0.00299	0.01147	0.00698	0.00599
21	0.82186	0.01227	0.00932	0.00834	0.01227	0.01423	0.00687	0.01865	0.01080	0.02846	0.00883	0.01031	0.00687	0.00589	0.00393	0.00196	0.00491	0.00344	0.00393	0.00687
22	0.01388	0.01388	0.01943	0.01666	0.01666	0.01943	0.01388	0.01527	0.00972	0.01527	0.00833	0.01388	0.00833	0.01110	0.02082	0.00278	0.76544	0.00555	0.00278	0.00694
23	0.00773	0.00552	0.00736	0.00883	0.00920	0.00515	0.00589	0.00883	0.01215	0.01619	0.03497	0.77291	0.04196	0.01987	0.00810	0.00258	0.00368	0.01803	0.00589	0.00515
24	0.01198	0.01128	0.01903	0.76180	0.04369	0.01409	0.01762	0.01621	0.01268	0.01621	0.01128	0.01691	0.00846	0.00634	0.00634	0.00211	0.00846	0.00564	0.00282	0.00705
25	0.02412	0.01777	0.01904	0.01460	0.01967	0.01967	0.01206	0.71633	0.02983	0.03998	0.01523	0.01523	0.01079	0.00762	0.00635	0.00190	0.00698	0.00571	0.00635	0.01079
26	0.01578	0.01363	0.01434	0.01291	0.01650	0.01578	0.01004	0.03371	0.72602	0.02654	0.02582	0.02367	0.01937	0.00861	0.00646	0.00215	0.00502	0.00717	0.00646	0.01004
27	0.00750	0.00643	0.00643	0.00643	0.00857	0.00536	0.00482	0.00910	0.01446	0.01714	0.06427	0.06105	0.73490	0.01607	0.00750	0.00214	0.00321	0.01339	0.00589	0.00536
28	0.00750	0.00643	0.00643	0.00643	0.00857	0.00536	0.00482	0.00910	0.01446	0.01714	0.06427	0.06105	0.73490	0.01607	0.00750	0.00214	0.00321	0.01339	0.00589	0.00536
29	0.82186	0.01227	0.00932	0.00834	0.01227	0.01423	0.00687	0.01865	0.01080	0.02846	0.00883	0.01031	0.00687	0.00589	0.00393	0.00196	0.00491	0.00344	0.00393	0.00687
30	0.01563	0.54540	0.25703	0.01313	0.01980	0.02184	0.01482	0.01934	0.01305	0.01655	0.00963	0.01119	0.00811	0.00562	0.00469	0.00156	0.00760	0.00380	0.00270	0.00853
31	0.02382	0.01723	0.01858	0.01436	0.01934	0.01901	0.01183	0.64784	0.06946	0.06905	0.01626	0.01599	0.01149	0.00768	0.00635	0.00192	0.00680	0.00582	0.00642	0.01075
32	0.00750	0.00640	0.00646	0.00650	0.00859	0.00535	0.00485	0.00910	0.01439	0.01711	0.06334	0.08362	0.71294	0.01619	0.00752	0.00216	0.00323	0.01354	0.00589	0.00535
33	0.01950	0.01031	0.01169	0.00961	0.01295	0.01041	0.00773	0.20138	0.01890	0.22118	0.02044	0.02091	0.01469	0.00757	0.00545	0.00172	0.00466	0.00599	0.38641	0.00849
34	0.01232	0.01146	0.01903	0.74090	0.04302	0.01425	0.01746	0.03579	0.01316	0.01687	0.01139	0.01687	0.00852	0.00638	0.00634	0.00211	0.00842	0.00564	0.00292	0.00715
35	0.00846	0.00585	0.00752	0.00850	0.00917	0.00541	0.00574	0.00968	0.01264	0.03578	0.08201	0.59119	0.09543	0.07878	0.00988	0.00277	0.00384	0.01623	0.00585	0.00527
36	0.00799	0.00579	0.00759	0.00897	0.00944	0.00550	0.00603	0.00965	0.03564	0.01653	0.03466	0.74826	0.04121	0.01950	0.00804	0.00256	0.00372	0.01768	0.00591	0.00531
37	0.01272	0.03281	0.74418	0.01808	0.02746	0.01473	0.02344	0.02009	0.01339	0.02009	0.01138	0.01339	0.00804	0.00603	0.00603	0.00201	0.00938	0.00469	0.00268	0.00938
38	0.00916	0.00640	0.00820	0.00820	0.00864	0.00684	0.00544	0.01005	0.00960	0.01325	0.01882	0.03504	0.02025	0.49260	0.31290	0.00773	0.01038	0.00828	0.00367	0.00455
39	0.00787	0.00562	0.00752	0.00899	0.00942	0.00527	0.00613	0.00908	0.01228	0.01635	0.03489	0.73336	0.04165	0.01974	0.00813	0.00260	0.00380	0.05620	0.00589	0.00519
40	0.66328	0.03447	0.01324	0.01074	0.01489	0.07237	0.07302	0.01934	0.01180	0.02634	0.00928	0.01102	0.00726	0.00588	0.00440	0.00194	0.00600	0.00386	0.00378	0.00710
41	0.01419	0.01444	0.01896	0.01636	0.01658	0.05761	0.01354	0.01563	0.01017	0.01526	0.00877	0.01422	0.00864	0.01241	0.05111	0.00303	0.69380	0.00553	0.00283	0.00691
42	0.01705	0.73127	0.05613	0.01128	0.01676	0.04894	0.01132	0.01924	0.01308	0.01512	0.00894	0.01032	0.00814	0.00548	0.00419	0.00139	0.00702	0.00346	0.00273	0.00816
43	0.00898	0.00648	0.00848	0.00798	0.00948	0.00599	0.00599	0.01197	0.01796	0.02544	0.73413	0.04739	0.05986	0.01297	0.00748	0.00200	0.00299	0.01147	0.00698	0.00599
44	0.00779	0.00570	0.00734	0.00858	0.00922	0.00525	0.00586	0.00906	0.01265	0.01663	0.05782	0.64873	0.12756	0.01916	0.00802	0.00252	0.00366	0.03331	0.00592	0.00522
45	0.01198	0.01128	0.01903	0.76180	0.04369	0.01409	0.01762	0.01621	0.01268	0.01621	0.01128	0.01691	0.00846	0.00634	0.00634	0.00211	0.00846	0.00564	0.00282	0.00705
46	0.00766	0.00613	0.00685	0.00730	0.00883	0.00532	0.00524	0.00918	0.01390	0.01730	0.09249	0.29376	0.46951	0.01714	0.00769	0.00228	0.00335	0.01480	0.00595	0.00532
47	0.02370	0.03023	0.01798	0.01634	0.01961	0.75158	0.01226	0.02533	0.01798	0.01553	0.00981	0.01144	0.00817	0.00654	0.00572	0.00163	0.01144	0.00409	0.00327	0.00735
48	0.01388	0.01388	0.01943	0.01666	0.01666	0.01943	0.01388	0.01527	0.00972	0.01527	0.00833	0.01388	0.00833	0.01110	0.02082	0.00278	0.76544	0.00555	0.00278	0.00694
49	0.00818	0.00620	0.00755	0.00775	0.00913	0.00556	0.00561	0.01023	0.01528	0.02036	0.33729	0.25353	0.25859	0.01583	0.00766	0.00220	0.00325	0.01388	0.00635	0.00556
50	0.82186	0.01227	0.00932	0.00834	0.01227	0.01423	0.00687	0.01865	0.01080	0.02846	0.00883	0.01031	0.00687	0.00589	0.00393	0.00196	0.00491	0.00344	0.00393	0.00687
51	0.01696	0.78087	0.03324	0.01085	0.01628	0.02510	0.01085	0.01900	0.01289	0.01493	0.00882	0.01018	0.00814	0.00543	0.00407	0.00136	0.00678	0.00339	0.00271	0.00814
52	0.01102	0.00551	0.00826	0.00826	0.00826	0.00551	0.00551	0.00826	0.00826	0.01102	0.01102	0.01928	0.01102	0.02204	0.02479	0.81543	0.00551	0.00551	0.00275	0.00275
53	0.82186	0.01227	0.00932	0.00834	0.01227	0.01423	0.00687	0.01865	0.01080	0.02846	0.00883	0.01031	0.00687	0.00589	0.00393	0.00196	0.00491	0.00344	0.00393	0.00687
54	0.01578	0.01363	0.01434	0.01291	0.01650	0.01578	0.01004	0.03371	0.72602	0.02654	0.02582	0.02367	0.01937	0.00861	0.00646	0.00215	0.00502	0.00717	0.00646	0.01004
55	0.01497	0.01711	0.03743	0.02674	0.03316	0.01604	0.71444	0.02032	0.01497	0.02032	0.01283	0.01711	0.00963	0.00535	0.00749	0.00214	0.01070	0.00749	0.00321	0.00856
56	0.00923	0.00615	0.00692	0.00692	0.00692	0.00615	0.00384	0.00923	0.00923	0.01230	0.01999	0.04151	0.02306	0.77705	0.03229	0.00615	0.00615	0.00923	0.00384	0.00384
57	0.82186	0.01227	0.00932	0.00834	0.01227	0.01423	0.00687	0.01865	0.01080	0.02846	0.00883	0.01031	0.00687	0.00589	0.00393	0.00196	0.00491	0.00344	0.00393	0.00687
58	0.01022	0.00730	0.01022	0.01168	0.01314	0.00730	0.01022	0.01314	0.01460	0.01899	0.03359	0.07156	0.03651	0.01752	0.00876	0.00292	0.00584	0.69478	0.00584	0.00584
59	0.00773	0.00552	0.00736	0.00883	0.00920	0.00515	0.00589	0.00883	0.01215	0.01619	0.03497	0.77291	0.04196	0.01987	0.00810	0.00258	0.00368	0.01803	0.00589	0.00515
60	0.00755	0.00643	0.00651	0.00649	0.00860	0.00538	0.00486	0.00921	0.01459	0.01746	0.09004	0.06053	0.70893	0.01595	0.00750	0.00214	0.00320	0.01331	0.00593	0.00538
61	0.02747	0.01076	0.01452	0.01124	0.01601	0.00944	0.00925	0.03045	0.04151	0.69701	0.04609	0.02243	0.01713	0.00803	0.00641	0.00197	0.00531	0.00656	0.00778	0.01063
62	0.01420	0.01442	0.01938	0.01664	0.01675	0.04345	0.01383	0.01560	0.00999	0.01528	0.00838	0.01380	0.00832	0.01095	0.02032	0.00274	0.74070	0.00550	0.00279	0.00695
63	0.00773	0.00552	0.00736	0.00883	0.00920	0.00515	0.00589	0.00883	0.01215	0.01619	0.03497	0.77291	0.04196	0.01987	0.00810	0.00258	0.00368	0.01803	0.00589	0.00515
64	0.01435	0.02141	0.23976	0.02483	0.08066	0.01569	0.44765	0.02006	0.01434	0.02015	0.01223	0.01585	0.00916	0.00572	0.00734	0.00210	0.03031	0.00650	0.00304	0.00885
65	0.01650	0.70008	0.11002	0.01164	0.01749	0.02398	0.01221	0.01911	0.01294	0.01548	0.00910	0.01052	0.00813	0.00549	0.00428	0.00143	0.00706	0.00353	0.00271	0.00827
66	0.01365	0.01443	0.06821	0.30205	0.29590	0.01431	0.07586	0.01868	0.05575	0.01913	0.01522	0.01891	0.04681	0.00661	0.00646	0.00203	0.00789	0.00622	0.00333	0.00853
67	0.00920	0.00625	0.00742	0.00742	0.00759	0.00642	0.00447	0.00955	0.00937	0.01267	0.01953	0.03897	0.02196	0.66532	0.14251	0.00677	0.00781	0.00885	0.00378	0.00412
68	0.01362	0.01155	0.01340	0.00962	0.01523	0.00893	0.00771	0.04575	0.01386	0.02149	0.01144	0.01324	0.00946	0.00482	0.00477	0.00098	0.00480	0.00384	0.00387	0.78160
69	0.02072	0.36241	0.02473	0.01391	0.01814	0.43010	0.01164	0.02253	0.01573	0.01526	0.00937	0.01088	0.00816	0.00605	0.00499	0.00151	0.00938	0.00378	0.00302	0.00770
70	0.00912	0.00658	0.00908	0.00908	0.00983	0.00733	0.00654	0.01061	0.00987	0.01390	0.01801	0.03056	0.01831	0.29549	0.50735	0.00882	0.01331	0.00762	0.00355	0.00505
71	0.00985	0.00773	0.01100	0.01280	0.08675	0.00771	0.02584	0.03058	0.03283	0.01867	0.08751	0.52411	0.03586	0.01611	0.00805	0.00239	0.02937	0.01449	0.03216	0.00619
72	0.01728	0.01738	0.01686	0.04114	0.09875	0.19459	0.02997	0.06331	0.32457	0.02299	0.06280	0.02180	0.04447	0.00811	0.00638	0.00197	0.00705	0.00662	0.00511	0.00887
73	0.01172	0.01803	0.28336	0.04858	0.12336	0.01156	0.01520	0.01633	0.01480	0.02137	0.24064	0.02727	0.06232	0.00898	0.00736	0.00203	0.04686	0.00752	0.02485	0.00789
74	0.02368	0.01619	0.01790	0.01399	0.01879	0.01754	0.01159	0.58342	0.02734	0.12465	0.01771	0.01992	0.01318	0.00833	0.00652	0.00198	0.00671	0.05362	0.00650	0.01045
75	0.01315	0.01128	0.01315	0.00940	0.01503	0.00846	0.00752	0.01597	0.01315	0.02067	0.01128	0.01315	0.00940	0.00470	0.00470	0.00094	0.00470	0.00376	0.00376	0.81583
76	0.01352	0.01149	0.01335	0.00957	0.01519	0.00883	0.00767	0.03928	0.01371	0.02131	0.01141	0.01322	0.00944	0.00480	0.00475	0.00097	0.00477	0.00382	0.00384	0.78904
77	0.00751	0.00639	0.00647	0.00653	0.00860	0.00535	0.00487	0.00909	0.01436	0.01710	0.06302	0.09132	0.70544	0.01623	0.00752	0.00216	0.00323	0.01359	0.00589	0.00535
78	0.20794	0.01573	0.04778	0.01339	0.01837	0.01608	0.05302	0.33558	0.05693	0.15088	0.01560	0.01560	0.01094	0.00710	0.00585	0.00196	0.00647	0.00543	0.00570	0.00965
79	0.01752	0.71959	0.03205	0.01123	0.01655	0.05578	0.01096	0.04610	0.01376	0.01592	0.00911	0.01042	0.00824	0.00556	0.00423	0.00139	0.00699	0.00351	0.00288	0.00821
80	0.00773	0.00552	0.00736	0.00883	0.00920	0.00515	0.00589	0.00883	0.01215	0.01619	0.03497	0.77291	0.04196	0.01987	0.00810	0.00258	0.00368	0.01803	0.00589	0.00515
81	0.01497	0.01711	0.03743	0.02674	0.03316	0.01604	0.71444	0.02032	0.01497	0.02032	0.01283	0.01711	0.00963	0.00535	0.00749	0.00214	0.01070	0.00749	0.00321	0.00856
82	0.08711	0.01518	0.06613	0.01243	0.01725	0.08319	0.01068	0.11819	0.04213	0.42636	0.02039	0.04221	0.01406	0.00782	0.00615	0.00195	0.00636	0.00612	0.00643	0.00985
83	0.00918	0.00613	0.00693	0.00698	0.00699	0.00612	0.00391	0.00921	0.00932	0.01243	0.02048	0.06551	0.02368	0.75221	0.03150	0.00603	0.00607	0.00951	0.00391	0.00389
84	0.00906	0.00680	0.01020	0.01020	0.01133	0.00793	0.00793	0.01133	0.01020	0.01473	0.01699	0.02492	0.01586	0.04758	0.75191	0.01020	0.01699	0.00680	0.00340	0.00566
85	0.01570	0.01507	0.02575	0.03894	0.73748	0.01507	0.01947	0.01947	0.01444	0.02073	0.01193	0.01570	0.01005	0.00565	0.00628	0.00188	0.00754	0.00565	0.00314	0.01005
86	0.01279	0.03234	0.72280	0.01834	0.02763	0.01477	0.04435	0.02010	0.01344	0.02010	0.01143	0.01351	0.00808	0.00601	0.00607	0.00201	0.00942	0.00477	0.00269	0.00935
87	0.02412	0.01777	0.01904	0.01460	0.01967	0.01967	0.01206	0.71633	0.02983	0.03998	0.01523	0.01523	0.01079	0.00762	0.00635	0.00190	0.00698	0.00571	0.00635	0.01079
88	0.01570	0.01507	0.02575	0.03894	0.73748	0.01507	0.01947	0.01947	0.01444	0.02073	0.01193	0.01570	0.01005	0.00565	0.00628	0.00188	0.00754	0.00565	0.00314	0.01005
89	0.01492	0.01269	0.01934	0.02633	0.41852	0.01282	0.01435	0.03807	0.11131	0.06071	0.07768	0.09199	0.05620	0.00867	0.00664	0.00201	0.00612	0.00791	0.00463	0.00908
90	0.01184	0.01109	0.01864	0.73695	0.04255	0.01380	0.01723	0.01597	0.01267	0.01621	0.01206	0.04186	0.00956	0.00679	0.00640	0.00213	0.00830	0.00605	0.00292	0.00698
91	0.00923	0.00615	0.00692	0.00692	0.00692	0.00615	0.00384	0.00923	0.00923	0.01230	0.01999	0.04151	0.02306	0.77705	0.03229	0.00615	0.00615	0.00923	0.00384	0.00384
92	0.01696	0.78087	0.03324	0.01085	0.01628	0.02510	0.01085	0.01900	0.01289	0.01493	0.00882	0.01018	0.00814	0.00543	0.00407	0.00136	0.00678	0.00339	0.00271	0.00814
93	0.03484	0.05870	0.44784	0.01689	0.02439	0.03642	0.06130	0.11783	0.07642	0.04613	0.01345	0.01474	0.00970	0.00647	0.00607	0.00197	0.00847	0.00516	0.00375	0.00945
94	0.01696	0.78087	0.03324	0.01085	0.01628	0.02510	0.01085	0.01900	0.01289	0.01493	0.00882	0.01018	0.00814	0.00543	0.00407	0.00136	0.00678	0.00339	0.00271	0.00814
95	0.01374	0.02822	0.58469	0.01675	0.02528	0.01361	0.03888	0.02015	0.01367	0.06124	0.01218	0.01393	0.00870	0.00593	0.00591	0.00186	0.00855	0.00473	0.00313	0.11884
96	0.01310	0.07068	0.57108	0.01631	0.02414	0.03414	0.01992	0.04112	0.01435	0.02062	0.07375	0.04534	0.01385	0.00718	0.00612	0.00198	0.00845	0.00572	0.00330	0.00885
97	0.00923	0.00615	0.00692	0.00692	0.00692	0.00615	0.00384	0.00923	0.00923	0.01230	0.01999	0.04151	0.02306	0.77705	0.03229	0.00615	0.00615	0.00923	0.00384	0.00384
98	0.01570	0.01507	0.02575	0.03894	0.73748	0.01507	0.01947	0.01947	0.01444	0.02073	0.01193	0.01570	0.01005	0.00565	0.00628	0.00188	0.00754	0.00565	0.00314	0.01005
99	0.01539	0.01468	0.02478	0.05681	0.68030	0.01480	0.01881	0.01948	0.03329	0.02064	0.01290	0.03611	0.01110	0.00613	0.00634	0.00192	0.00739	0.00602	0.00329	0.00984
100	0.01206	0.01144	0.01954	0.74131	0.04340	0.01415	0.03705	0.01632	0.01275	0.01632	0.01132	0.01692	0.00849	0.00631	0.00637	0.00211	0.00852	0.00569	0.00283	0.00709
101	0.02846	0.01080	0.01472	0.01129	0.01619	0.00932	0.00932	0.03092	0.01816	0.74187	0.02503	0.02159	0.01570	0.00785	0.00638	0.00196	0.00540	0.00638	0.00785	0.01080
102	0.00906	0.00680	0.01020	0.01020	0.01133	0.00793	0.00793	0.01133	0.01020	0.01473	0.01699	0.02492	0.01586	0.04758	0.75191	0.01020	0.01699	0.00680	0.00340	0.00566
103	0.02181	0.06125	0.18091	0.01496	0.02052	0.15584	0.03256	0.16105	0.01876	0.22598	0.01550	0.01564	0.01082	0.00704	0.00648	0.00189	0.02920	0.00528	0.00499	0.00951
104	0.03749	0.00866	0.00966	0.13414	0.01504	0.03307	0.00758	0.05791	0.01441	0.04433	0.01820	0.02116	0.01406	0.00717	0.00495	0.00164	0.00453	0.00573	0.55366	0.00661
105	0.00898	0.00648	0.00848	0.00798	0.00948	0.00599	0.00599	0.01197	0.01796	0.02544	0.73413	0.04739	0.05986	0.01297	0.00748	0.00200	0.00299	0.01147	0.00698	0.00599
106	0.00898	0.00648	0.00848	0.00798	0.00948	0.00599	0.00599	0.01197	0.01796	0.02544	0.73413	0.04739	0.05986	0.01297	0.00748	0.00200	0.00299	0.01147	0.00698	0.00599
107	0.01591	0.01550	0.04519	0.03309	0.51554	0.01492	0.13110	0.04218	0.03759	0.04246	0.01369	0.03925	0.01138	0.00626	0.00654	0.00196	0.00782	0.00637	0.00357	0.00969
108	0.00773	0.00552	0.00736	0.00883	0.00920	0.00515	0.00589	0.00883	0.01215	0.01619	0.03497	0.77291	0.04196	0.01987	0.00810	0.00258	0.00368	0.01803	0.00589	0.00515
109	0.01497	0.01711	0.03743	0.02674	0.03316	0.01604	0.71444	0.02032	0.01497	0.02032	0.01283	0.01711	0.00963	0.00535	0.00749	0.00214	0.01070	0.00749	0.00321	0.00856
110	0.09334	0.01607	0.01751	0.01439	0.04106	0.05999	0.03069	0.39910	0.04226	0.17050	0.01700	0.04103	0.01244	0.00775	0.00619	0.00194	0.00672	0.00604	0.00604	0.00995
111	0.34770	0.01037	0.01107	0.03164	0.04299	0.01210	0.00795	0.01480	0.01052	0.02026	0.01376	0.04275	0.01391	0.23104	0.03450	0.00355	0.11673	0.02457	0.00376	0.00604
112	0.01475	0.32603	0.36554	0.01554	0.02271	0.03828	0.07167	0.01956	0.01359	0.01812	0.03336	0.01344	0.00985	0.00597	0.00541	0.00175	0.00831	0.00459	0.00289	0.00866
113	0.01570	0.03191	0.01482	0.01168	0.05308	0.01035	0.00880	0.09205	0.01541	0.08915	0.01415	0.05285	0.01179	0.00614	0.00527	0.00128	0.00516	0.00503	0.00446	0.55094
114	0.01910	0.45595	0.04638	0.01417	0.06088	0.18692	0.01194	0.03940	0.03835	0.05858	0.01096	0.01211	0.00913	0.00601	0.00490	0.00154	0.00782	0.00408	0.00338	0.00839
115	0.01352	0.01004	0.01240	0.01107	0.01344	0.01106	0.00888	0.18813	0.01656	0.04515	0.05266	0.03101	0.13759	0.02602	0.30720	0.00538	0.05546	0.04234	0.00492	0.00715
116	0.01106	0.00974	0.01075	0.01124	0.05519	0.02929	0.00800	0.01733	0.21033	0.01987	0.04303	0.11122	0.34988	0.01343	0.00759	0.00222	0.02564	0.05143	0.00572	0.00704
117	0.01656	0.01496	0.02509	0.03471	0.59948	0.01499	0.06012	0.03933	0.05304	0.05961	0.01351	0.01651	0.01084	0.00596	0.00637	0.00192	0.00747	0.00588	0.00365	0.01002
118	0.05043	0.01084	0.01457	0.01121	0.01609	0.00946	0.00926	0.03058	0.01795	0.72212	0.02458	0.02128	0.01546	0.00780	0.00631	0.00196	0.00538	0.00630	0.00774	0.01069
119	0.01102	0.00551	0.00826	0.00826	0.00826	0.00551	0.00551	0.00826	0.00826	0.01102	0.01102	0.01928	0.01102	0.02204	0.02479	0.81543	0.00551	0.00551	0.00275	0.00275
120	0.01607	0.02214	0.18693	0.02541	0.18400	0.13425	0.27458	0.02130	0.03656	0.01977	0.01222	0.01527	0.00943	0.00586	0.00658	0.00197	0.00966	0.00591	0.00318	0.00892
121	0.00859	0.00654	0.00970	0.01042	0.01134	0.00619	0.05056	0.01026	0.01273	0.01691	0.03336	0.60952	0.03905	0.01858	0.00817	0.00261	0.00447	0.12980	0.00571	0.00548
122	0.00750	0.00643	0.00643	0.00643	0.00857	0.00536	0.00482	0.00910	0.01446	0.01714	0.06427	0.06105	0.73490	0.01607	0.00750	0.00214	0.00321	0.01339	0.00589	0.00536
123	0.01183	0.00591	0.00591	0.00591	0.00739	0.00591	0.00443	0.01478	0.01330	0.02365	0.02069	0.02365	0.01626	0.00739	0.00443	0.00148	0.00296	0.00591	0.81227	0.00591
124	0.01693	0.58121	0.15113	0.01254	0.01849	0.06644	0.01310	0.04639	0.01393	0.01679	0.00956	0.01099	0.00823	0.00568	0.00458	0.00150	0.00750	0.00374	0.00288	0.00840
125	0.00889	0.00644	0.00838	0.00798	0.00944	0.00593	0.00595	0.01176	0.01762	0.02482	0.68639	0.07860	0.07725	0.01335	0.00751	0.00202	0.00303	0.01180	0.00691	0.00593
126	0.02412	0.01777	0.01904	0.01460	0.01967	0.01967	0.01206	0.71633	0.02983	0.03998	0.01523	0.01523	0.01079	0.00762	0.00635	0.00190	0.00698	0.00571	0.00635	0.01079
127	0.01198	0.01128	0.01903	0.76180	0.04369	0.01409	0.01762	0.01621	0.01268	0.01621	0.01128	0.01691	0.00846	0.00634	0.00634	0.00211	0.00846	0.00564	0.00282	0.00705
128	0.01502	0.01506	0.02591	0.19640	0.44544	0.03925	0.13197	0.01908	0.01426	0.01949	0.01186	0.01606	0.00957	0.00578	0.00647	0.00197	0.00838	0.00590	0.00308	0.00905
129	0.01258	0.03180	0.71587	0.01769	0.02677	0.01440	0.02277	0.01978	0.01357	0.02030	0.03919	0.01470	0.01003	0.00629	0.00608	0.00201	0.00913	0.00495	0.00284	0.00925
130	0.00972	0.00709	0.00733	0.00727	0.00746	0.03481	0.00420	0.00984	0.00974	0.01259	0.02107	0.04101	0.04618	0.72208	0.03044	0.00584	0.00626	0.00917	0.00389	0.00403
