[name]
unknown

[dist]
# distance from previous block
# <min> <max>
1	408

[block]
# block no. 0 follows, 30 sequences, length 24
# corresponding to MSA columns:
# 408-431
name=unknown_A
#
# <colnr> <probs for GDERKNQSTAVLIFYWHMCP>
#	G	D	E	R	K	N	Q	S	T	A	V	L	I	F	Y	W	H	M	C	P
0	0.03635	0.27140	0.10721	0.08223	0.02059	0.05912	0.01283	0.08897	0.01629	0.02107	0.01906	0.05715	0.07110	0.05043	0.02347	0.00240	0.00778	0.00672	0.03743	0.00838
1	0.08492	0.36449	0.13813	0.01320	0.01921	0.02085	0.01328	0.11074	0.01697	0.06087	0.01675	0.04765	0.05074	0.00792	0.00569	0.00189	0.00733	0.00579	0.00429	0.00930
2	0.01711	0.27329	0.20986	0.01427	0.02058	0.01952	0.01487	0.13997	0.05013	0.02377	0.02055	0.02147	0.09719	0.01016	0.03667	0.00235	0.00816	0.00629	0.00435	0.00944
3	0.01746	0.29631	0.20329	0.01467	0.02064	0.07281	0.01508	0.04995	0.05001	0.04716	0.03270	0.01807	0.03908	0.01052	0.05330	0.00254	0.03775	0.00558	0.00392	0.00917
4	0.01679	0.09196	0.29135	0.04113	0.04535	0.01792	0.17254	0.09043	0.01704	0.04474	0.04183	0.01758	0.01225	0.00735	0.00808	0.00222	0.06141	0.00634	0.00389	0.00979
5	0.04070	0.12644	0.18810	0.01219	0.01667	0.02744	0.01222	0.01607	0.01453	0.01972	0.08962	0.03451	0.19243	0.08527	0.06405	0.00327	0.03608	0.00865	0.00451	0.00753
6	0.04559	0.17232	0.03397	0.01248	0.01611	0.19245	0.01033	0.02002	0.01725	0.06099	0.19463	0.05792	0.07131	0.01019	0.00711	0.00197	0.03007	0.00790	0.00512	0.03228
7	0.02109	0.09265	0.09107	0.04262	0.02188	0.01729	0.03222	0.26088	0.06110	0.10236	0.01625	0.01691	0.01192	0.00724	0.00636	0.00186	0.00726	0.00568	0.00550	0.17786
8	0.01790	0.06414	0.22145	0.06246	0.16250	0.01663	0.03817	0.12647	0.05591	0.06883	0.06146	0.01937	0.01490	0.00753	0.00680	0.00210	0.00816	0.00635	0.00464	0.03424
9	0.02266	0.04936	0.09433	0.01973	0.09071	0.12771	0.08454	0.11987	0.08328	0.18075	0.01768	0.01833	0.01277	0.00776	0.00754	0.00214	0.03875	0.00629	0.00540	0.01042
10	0.01492	0.01476	0.02072	0.01786	0.01794	0.02055	0.01484	0.01651	0.01072	0.01676	0.00978	0.01605	0.00970	0.01481	0.06854	0.00358	0.69511	0.00620	0.00310	0.00754
11	0.01999	0.22017	0.06687	0.06444	0.20829	0.03831	0.01591	0.16176	0.06329	0.05546	0.01443	0.01617	0.01130	0.00701	0.00625	0.00196	0.00794	0.00559	0.00448	0.01038
12	0.01724	0.01722	0.02708	0.09628	0.50254	0.06571	0.07476	0.02200	0.04298	0.02236	0.03530	0.01862	0.01284	0.00670	0.00703	0.00211	0.00870	0.00653	0.00372	0.01029
13	0.00849	0.00613	0.00804	0.00957	0.01008	0.00568	0.00641	0.00973	0.01350	0.01787	0.04028	0.71163	0.08355	0.02163	0.00887	0.00281	0.00402	0.01955	0.00648	0.00568
14	0.00879	0.00643	0.00812	0.00905	0.00992	0.00592	0.00619	0.01035	0.01460	0.01939	0.15247	0.49356	0.14616	0.06228	0.01023	0.00288	0.00400	0.01733	0.00655	0.00577
15	0.02011	0.08652	0.18373	0.02172	0.09200	0.08583	0.15859	0.12579	0.04333	0.09275	0.01519	0.01693	0.01118	0.00699	0.00689	0.00211	0.00940	0.00618	0.00450	0.01028
16	0.11975	0.01601	0.11455	0.01434	0.04826	0.01256	0.01253	0.07084	0.01861	0.39818	0.04749	0.02085	0.01580	0.00800	0.00658	0.00210	0.00655	0.00634	0.00670	0.05396
17	0.01083	0.00782	0.00918	0.00861	0.01088	0.00713	0.00653	0.01444	0.05740	0.06214	0.37754	0.05505	0.31642	0.01504	0.00811	0.00227	0.00366	0.01288	0.00722	0.00686
18	0.05796	0.01957	0.01811	0.01606	0.04829	0.17649	0.01212	0.31978	0.04122	0.07443	0.01925	0.12894	0.01684	0.01005	0.00701	0.00215	0.00798	0.00794	0.00598	0.00982
19	0.04282	0.06951	0.07335	0.02491	0.16103	0.11534	0.20209	0.14821	0.01964	0.05569	0.01403	0.01652	0.01069	0.00679	0.00696	0.00209	0.00962	0.00629	0.00434	0.01010
20	0.00897	0.00676	0.00891	0.03176	0.01143	0.00668	0.00702	0.01030	0.01337	0.01769	0.03879	0.60425	0.10459	0.05158	0.01049	0.00295	0.03457	0.01797	0.00614	0.00577
21	0.12677	0.33075	0.02354	0.01250	0.01682	0.16947	0.01076	0.02154	0.04521	0.02058	0.09777	0.01823	0.01688	0.01036	0.05035	0.00238	0.00836	0.00541	0.00410	0.00821
22	0.05185	0.05748	0.02565	0.09775	0.47474	0.05450	0.01858	0.06424	0.01690	0.02364	0.04011	0.01789	0.01273	0.00679	0.00669	0.00206	0.00820	0.00614	0.00384	0.01021
23	0.10458	0.01429	0.01631	0.04278	0.12543	0.04463	0.01161	0.11396	0.18522	0.04089	0.11295	0.02795	0.06083	0.05807	0.00878	0.00250	0.00635	0.00789	0.00580	0.00922

[dist]
# distance from previous block
# <min> <max>
0	6

[block]
# block no. 1 follows, 30 sequences, length 24
# corresponding to MSA columns:
# 438-461
name=unknown_B
#
# <colnr> <probs for GDERKNQSTAVLIFYWHMCP>
#	G	D	E	R	K	N	Q	S	T	A	V	L	I	F	Y	W	H	M	C	P
0	0.01583	0.01716	0.03531	0.05770	0.09939	0.01674	0.50344	0.02079	0.01550	0.02120	0.01435	0.02070	0.01173	0.06818	0.01105	0.00272	0.04767	0.00801	0.00354	0.00898
1	0.01479	0.06647	0.02259	0.33929	0.06147	0.04138	0.03775	0.01806	0.01311	0.01764	0.01150	0.01719	0.00975	0.01085	0.04829	0.00293	0.24982	0.00607	0.00315	0.00792
2	0.00889	0.00702	0.00800	0.00791	0.00986	0.00614	0.00588	0.01119	0.01719	0.02225	0.31077	0.11112	0.41564	0.01668	0.00829	0.00233	0.00348	0.01430	0.00694	0.00614
3	0.01581	0.01720	0.08618	0.15514	0.30264	0.01598	0.13685	0.04514	0.05333	0.02258	0.01717	0.04652	0.03856	0.00758	0.00727	0.00223	0.00875	0.00739	0.00391	0.00976
4	0.01647	0.01813	0.12393	0.06595	0.39134	0.01488	0.05782	0.02107	0.01582	0.05222	0.04368	0.01849	0.01317	0.00661	0.00678	0.00199	0.00811	0.00622	0.00386	0.11346
5	0.01969	0.01368	0.01632	0.01249	0.01760	0.01290	0.01014	0.14268	0.04604	0.15340	0.05133	0.01900	0.01502	0.00760	0.00753	0.00171	0.06659	0.00579	0.00568	0.37481
6	0.01766	0.03311	0.11340	0.03796	0.06799	0.01724	0.06976	0.13355	0.31919	0.02895	0.06987	0.02324	0.01918	0.00861	0.00712	0.00225	0.00719	0.00740	0.00584	0.01049
7	0.01318	0.01240	0.02093	0.73798	0.04806	0.01550	0.01938	0.01783	0.01395	0.01783	0.01240	0.01860	0.00930	0.00698	0.00698	0.00233	0.00930	0.00620	0.00310	0.00775
8	0.02175	0.10654	0.02222	0.07560	0.08780	0.14661	0.01396	0.24505	0.15878	0.02890	0.01651	0.01742	0.01262	0.00779	0.00658	0.00204	0.00829	0.00597	0.00529	0.01028
9	0.01400	0.03610	0.71860	0.01989	0.03020	0.01621	0.02578	0.02210	0.01473	0.02210	0.01252	0.01473	0.00884	0.00663	0.00663	0.00221	0.01031	0.00516	0.00295	0.01031
10	0.01417	0.01193	0.01455	0.07558	0.01875	0.00997	0.00925	0.04645	0.01541	0.02310	0.04965	0.07765	0.01606	0.00731	0.00587	0.00140	0.00546	0.00614	0.00454	0.58676
11	0.02322	0.01604	0.02032	0.01714	0.05913	0.01684	0.07240	0.26381	0.18771	0.18358	0.02364	0.02275	0.04295	0.00872	0.00718	0.00221	0.00701	0.00734	0.00685	0.01117
12	0.01308	0.01065	0.01347	0.04099	0.01587	0.03655	0.05682	0.05588	0.07930	0.04654	0.05522	0.33102	0.10550	0.04794	0.00920	0.00262	0.00566	0.01335	0.00599	0.05435
13	0.01430	0.01945	0.19071	0.05454	0.14706	0.03721	0.15505	0.01976	0.03635	0.02281	0.13955	0.06558	0.04840	0.00912	0.00750	0.00225	0.00830	0.00857	0.00447	0.00901
14	0.01449	0.07594	0.02037	0.07824	0.04434	0.11413	0.13512	0.01795	0.01764	0.02239	0.27009	0.03448	0.10512	0.01048	0.00749	0.00213	0.00724	0.00937	0.00527	0.00770
15	0.02467	0.19363	0.02462	0.01509	0.02076	0.02305	0.01295	0.53091	0.02842	0.03749	0.01509	0.01544	0.01118	0.00781	0.00639	0.00195	0.00763	0.00568	0.00604	0.01118
16	0.01427	0.03448	0.66154	0.02179	0.08650	0.01624	0.02542	0.02204	0.01483	0.02216	0.01257	0.01494	0.00902	0.00660	0.00665	0.00220	0.01015	0.00524	0.00299	0.01037
17	0.01012	0.00688	0.00819	0.00819	0.00839	0.00708	0.00495	0.01052	0.01032	0.01396	0.02146	0.04274	0.02410	0.64223	0.14631	0.00748	0.00868	0.00972	0.00415	0.00455
18	0.05822	0.02067	0.02376	0.01961	0.02230	0.21044	0.13822	0.02201	0.04881	0.01925	0.01151	0.01554	0.00991	0.00926	0.01398	0.00251	0.33614	0.00604	0.00355	0.00825
19	0.00850	0.00607	0.00810	0.00972	0.01012	0.00567	0.00648	0.00972	0.01336	0.01781	0.03846	0.75020	0.04615	0.02186	0.00891	0.00283	0.00405	0.01984	0.00648	0.00567
20	0.04941	0.01090	0.01343	0.01145	0.01439	0.01110	0.04212	0.13262	0.07673	0.04795	0.36023	0.04019	0.08652	0.06066	0.00950	0.00251	0.00507	0.01035	0.00687	0.00799
21	0.01831	0.01740	0.02711	0.06030	0.60352	0.04639	0.02033	0.07890	0.01745	0.02423	0.01332	0.01707	0.01099	0.00647	0.00689	0.00207	0.00845	0.00615	0.00375	0.01090
22	0.15702	0.01777	0.04331	0.05974	0.04712	0.04874	0.01272	0.28547	0.14718	0.05664	0.01705	0.01755	0.01255	0.00785	0.00643	0.00212	0.00716	0.00596	0.00582	0.04180
23	0.19821	0.04793	0.01833	0.04193	0.12607	0.06164	0.04054	0.08369	0.04196	0.10061	0.06294	0.04224	0.06748	0.00887	0.00693	0.00217	0.02712	0.00708	0.00521	0.00904

[dist]
# distance from previous block
# <min> <max>
0	24

[block]
# block no. 2 follows, 30 sequences, length 7
# corresponding to MSA columns:
# 486-492
name=unknown_C
#
# <colnr> <probs for GDERKNQSTAVLIFYWHMCP>
#	G	D	E	R	K	N	Q	S	T	A	V	L	I	F	Y	W	H	M	C	P
0	0.00919	0.00680	0.00864	0.00955	0.01053	0.00645	0.00663	0.01178	0.04902	0.02044	0.17026	0.52428	0.10148	0.01944	0.00863	0.00265	0.00393	0.01743	0.00674	0.00613
1	0.01796	0.00962	0.01214	0.01075	0.01380	0.00899	0.00829	0.05663	0.05886	0.25754	0.18875	0.19510	0.10473	0.01380	0.00784	0.00235	0.00474	0.01192	0.00754	0.00864
2	0.06612	0.05611	0.05976	0.06644	0.30635	0.14298	0.07963	0.02190	0.01557	0.02100	0.01193	0.01566	0.00992	0.00708	0.00840	0.00216	0.09033	0.00577	0.00343	0.00948
3	0.01522	0.06965	0.01410	0.01088	0.01413	0.01257	0.00858	0.12504	0.14312	0.06167	0.15255	0.06734	0.20389	0.05904	0.00921	0.00251	0.00517	0.01043	0.00657	0.00833
4	0.00886	0.00626	0.00814	0.00934	0.00979	0.00590	0.00617	0.01008	0.01347	0.01810	0.09498	0.58947	0.04495	0.12454	0.01260	0.00333	0.00437	0.01784	0.00627	0.00555
5	0.12271	0.05667	0.09862	0.11606	0.20984	0.01741	0.04637	0.07818	0.05882	0.02479	0.03769	0.01769	0.01247	0.00751	0.00779	0.00222	0.06549	0.00606	0.00409	0.00954
6	0.08650	0.07615	0.09139	0.08589	0.26318	0.06007	0.06343	0.04031	0.09730	0.02335	0.01510	0.04038	0.01243	0.00730	0.00661	0.00213	0.00827	0.00638	0.00405	0.00979

[dist]
# distance from previous block
# <min> <max>
2	8

[block]
# block no. 3 follows, 30 sequences, length 8
# corresponding to MSA columns:
# 502-509
name=unknown_D
#
# <colnr> <probs for GDERKNQSTAVLIFYWHMCP>
#	G	D	E	R	K	N	Q	S	T	A	V	L	I	F	Y	W	H	M	C	P
0	0.01880	0.02001	0.05628	0.09534	0.44711	0.14410	0.04954	0.02276	0.01654	0.04451	0.01314	0.01672	0.01062	0.00654	0.00685	0.00207	0.00932	0.00598	0.00360	0.01016
1	0.01784	0.07664	0.11150	0.06686	0.28923	0.11864	0.17583	0.02241	0.01622	0.02107	0.01266	0.01629	0.01014	0.00635	0.00692	0.00209	0.00994	0.00614	0.00338	0.00983
2	0.00923	0.00818	0.05044	0.00978	0.01107	0.00658	0.00734	0.01113	0.01440	0.01951	0.15690	0.46944	0.08325	0.09517	0.01137	0.00306	0.00454	0.01638	0.00625	0.00597
3	0.01800	0.05179	0.02591	0.13142	0.22453	0.07384	0.13467	0.07448	0.04354	0.04931	0.01540	0.05150	0.01273	0.00739	0.00700	0.00210	0.00874	0.00693	0.00420	0.05652
4	0.04822	0.04930	0.10031	0.02163	0.17068	0.07907	0.07195	0.07539	0.04483	0.14425	0.01972	0.04213	0.04505	0.01039	0.04388	0.00260	0.00869	0.00699	0.00499	0.00991
5	0.01381	0.01004	0.01143	0.01045	0.01325	0.01012	0.00801	0.06454	0.17701	0.07792	0.22643	0.10958	0.21175	0.01390	0.00786	0.00233	0.00444	0.01188	0.00715	0.00811
6	0.01634	0.01698	0.02746	0.07662	0.20475	0.07779	0.23519	0.02098	0.04490	0.02119	0.05462	0.02198	0.01522	0.06706	0.01088	0.00263	0.06506	0.00748	0.00390	0.00896
7	0.03790	0.01704	0.07126	0.08242	0.22272	0.04122	0.05021	0.08257	0.14359	0.04845	0.05227	0.02318	0.05520	0.00844	0.00758	0.00222	0.03161	0.00725	0.00494	0.00993

[dist]
# distance from previous block
# <min> <max>
0	1

[block]
# block no. 4 follows, 30 sequences, length 53
# corresponding to MSA columns:
# 511-563
name=unknown_E
#
# <colnr> <probs for GDERKNQSTAVLIFYWHMCP>
#	G	D	E	R	K	N	Q	S	T	A	V	L	I	F	Y	W	H	M	C	P
0	0.05119	0.03842	0.02085	0.05241	0.15590	0.06359	0.01408	0.28546	0.09134	0.09328	0.05100	0.01960	0.01524	0.00810	0.00683	0.00210	0.00751	0.00652	0.00588	0.01070
1	0.01799	0.01853	0.02582	0.12528	0.46186	0.12394	0.03621	0.02225	0.03578	0.02127	0.01301	0.01696	0.01074	0.00675	0.00742	0.00211	0.03448	0.00605	0.00352	0.01003
2	0.01337	0.01039	0.01230	0.03772	0.01497	0.01083	0.00876	0.02223	0.25591	0.04936	0.32359	0.08751	0.06488	0.01237	0.00766	0.00226	0.00452	0.01074	0.00706	0.04358
3	0.00849	0.00613	0.00804	0.00957	0.01008	0.00568	0.00641	0.00973	0.01350	0.01787	0.04022	0.71303	0.08220	0.02163	0.00887	0.00281	0.00402	0.01956	0.00648	0.00568
4	0.01721	0.06333	0.05339	0.04530	0.06325	0.05364	0.07495	0.08307	0.01682	0.04629	0.01348	0.01588	0.01075	0.00766	0.03095	0.00189	0.00768	0.00519	0.00424	0.38506
5	0.01766	0.01624	0.02757	0.06844	0.65854	0.01629	0.02090	0.02177	0.01597	0.04973	0.01366	0.01758	0.01123	0.00634	0.00692	0.00209	0.00824	0.00625	0.00364	0.01096
6	0.01447	0.01240	0.01447	0.01034	0.01654	0.00930	0.00827	0.01757	0.01447	0.02274	0.01240	0.01447	0.01034	0.00517	0.00517	0.00103	0.00517	0.00413	0.00413	0.79742
7	0.00898	0.00659	0.00848	0.00987	0.01053	0.00631	0.00669	0.01122	0.05074	0.01847	0.03902	0.68730	0.06758	0.02104	0.00879	0.00279	0.00411	0.01901	0.00651	0.00597
8	0.01416	0.03511	0.68373	0.02105	0.06461	0.01623	0.02556	0.02206	0.01479	0.02213	0.01255	0.01486	0.00895	0.00661	0.00664	0.00220	0.01021	0.00521	0.00297	0.01035
9	0.01727	0.01658	0.02832	0.04283	0.71123	0.01658	0.02142	0.02142	0.01589	0.02280	0.01313	0.01727	0.01105	0.00622	0.00691	0.00207	0.00829	0.00622	0.00345	0.01105
10	0.01463	0.01288	0.01419	0.01071	0.01622	0.03679	0.00847	0.01895	0.06879	0.02321	0.05797	0.01954	0.04028	0.00660	0.00566	0.00129	0.00530	0.00535	0.00465	0.62854
11	0.01976	0.01463	0.06844	0.01685	0.02189	0.01272	0.18433	0.05978	0.05544	0.23970	0.12318	0.05562	0.02330	0.01218	0.05665	0.00287	0.00820	0.00860	0.00621	0.00967
12	0.02853	0.01304	0.04409	0.01272	0.01804	0.01108	0.01082	0.06783	0.04045	0.58589	0.07142	0.02496	0.01998	0.00894	0.00708	0.00217	0.00602	0.00730	0.00821	0.01144
13	0.01849	0.38708	0.27722	0.01534	0.02261	0.08348	0.01690	0.02282	0.01526	0.06567	0.01201	0.01343	0.00948	0.00649	0.00558	0.00182	0.00883	0.00453	0.00341	0.00956
14	0.01392	0.01316	0.02227	0.61195	0.16830	0.01570	0.01975	0.01848	0.01430	0.01873	0.01253	0.01836	0.00962	0.00684	0.00696	0.00228	0.00912	0.00620	0.00316	0.00835
15	0.00832	0.00700	0.00722	0.00732	0.00951	0.00590	0.00543	0.01010	0.01585	0.01909	0.08993	0.11638	0.63840	0.01786	0.00829	0.00239	0.00356	0.01503	0.00652	0.00590
16	0.01652	0.01801	0.10465	0.12407	0.40616	0.01602	0.11289	0.02129	0.01557	0.04736	0.01385	0.01800	0.01099	0.00815	0.03433	0.00251	0.00943	0.00645	0.00357	0.01017
17	0.01318	0.01240	0.02093	0.73798	0.04806	0.01550	0.01938	0.01783	0.01395	0.01783	0.01240	0.01860	0.00930	0.00698	0.00698	0.00233	0.00930	0.00620	0.00310	0.00775
18	0.04546	0.07295	0.06694	0.01634	0.09816	0.01540	0.01242	0.12754	0.16563	0.11934	0.08291	0.02783	0.10008	0.00960	0.00695	0.00216	0.00629	0.00787	0.00614	0.00998
19	0.01173	0.00883	0.01014	0.00963	0.01201	0.00866	0.00726	0.01769	0.15797	0.05506	0.26963	0.12371	0.25107	0.01488	0.00802	0.00235	0.00403	0.01281	0.00711	0.00743
20	0.67293	0.01361	0.01076	0.00973	0.01377	0.04243	0.00784	0.02065	0.01271	0.06430	0.01289	0.06926	0.01109	0.00781	0.00489	0.00220	0.00560	0.00521	0.00468	0.00765
21	0.01003	0.00723	0.00996	0.00996	0.01077	0.00804	0.00716	0.01165	0.01084	0.01527	0.01984	0.03378	0.02021	0.29713	0.48608	0.00966	0.01454	0.00841	0.00391	0.00553
22	0.07579	0.09925	0.50888	0.01925	0.07013	0.01695	0.02167	0.02192	0.03758	0.02242	0.01346	0.03858	0.01053	0.00712	0.00636	0.00216	0.00917	0.00555	0.00334	0.00989
23	0.08145	0.02517	0.04549	0.05656	0.19931	0.36232	0.06153	0.04901	0.01801	0.02117	0.01188	0.01460	0.00963	0.00682	0.00650	0.00198	0.01048	0.00530	0.00369	0.00909
24	0.01559	0.01146	0.01316	0.01162	0.01475	0.01211	0.00904	0.08629	0.26567	0.07790	0.33196	0.03785	0.05988	0.01169	0.00762	0.00225	0.00470	0.00999	0.00744	0.00904
25	0.01661	0.01602	0.02773	0.17866	0.47342	0.01663	0.09109	0.03831	0.03197	0.02245	0.01354	0.01789	0.01092	0.00646	0.00707	0.00216	0.00878	0.00647	0.00357	0.01024
26	0.01749	0.03703	0.07483	0.03122	0.40372	0.06538	0.05793	0.04798	0.06568	0.03681	0.01669	0.08314	0.01471	0.00806	0.00706	0.00216	0.00827	0.00744	0.00419	0.01021
27	0.01717	0.07885	0.24009	0.02834	0.25133	0.07059	0.14842	0.04308	0.01634	0.02227	0.01282	0.01599	0.01001	0.00640	0.00686	0.00211	0.00981	0.00597	0.00340	0.01016
28	0.00873	0.00633	0.00825	0.00937	0.01013	0.00585	0.00642	0.01036	0.01468	0.01971	0.16078	0.57895	0.09419	0.02022	0.00874	0.00269	0.00388	0.01820	0.00669	0.00585
29	0.21222	0.17523	0.04744	0.01692	0.07165	0.06628	0.08464	0.13183	0.05493	0.05786	0.01357	0.01499	0.01046	0.00691	0.00588	0.00201	0.00778	0.00530	0.00457	0.00953
30	0.01431	0.01355	0.02317	0.42185	0.26752	0.01518	0.04365	0.01857	0.01465	0.01966	0.01473	0.07485	0.01279	0.00783	0.00715	0.00228	0.00865	0.00734	0.00350	0.00876
31	0.01212	0.00606	0.00909	0.00909	0.00909	0.00606	0.00606	0.00909	0.00909	0.01212	0.01212	0.02121	0.01212	0.02424	0.02727	0.79697	0.00606	0.00606	0.00303	0.00303
32	0.01880	0.41764	0.19414	0.01502	0.02149	0.14905	0.01545	0.02331	0.05256	0.01858	0.01158	0.01309	0.00961	0.00653	0.00545	0.00176	0.00895	0.00443	0.00331	0.00924
33	0.09050	0.01246	0.01536	0.01177	0.01723	0.01101	0.00962	0.04529	0.04388	0.43612	0.02188	0.02022	0.01468	0.00758	0.00632	0.00187	0.00572	0.00601	0.00701	0.21546
34	0.00956	0.00746	0.00872	0.00842	0.01041	0.00682	0.00630	0.01301	0.05229	0.02407	0.39741	0.08401	0.31471	0.01566	0.00821	0.00229	0.00353	0.01349	0.00713	0.00650
35	0.00950	0.00712	0.00881	0.00839	0.01020	0.00643	0.00629	0.01245	0.01887	0.02589	0.56169	0.05557	0.21300	0.01505	0.00823	0.00223	0.00335	0.01310	0.00741	0.00643
36	0.02209	0.01438	0.04269	0.01385	0.01824	0.01442	0.01150	0.10812	0.26066	0.26133	0.02577	0.05223	0.01944	0.01155	0.03554	0.00268	0.03376	0.03392	0.00712	0.01070
37	0.01905	0.01483	0.02254	0.33037	0.16575	0.03563	0.05542	0.08772	0.03380	0.14239	0.01601	0.01908	0.01162	0.00726	0.00703	0.00221	0.00851	0.00646	0.00464	0.00968
38	0.02496	0.03001	0.02249	0.01915	0.02338	0.56356	0.09467	0.09979	0.02081	0.02067	0.01185	0.01380	0.00950	0.00716	0.00660	0.00190	0.01195	0.00514	0.00396	0.00866
39	0.01417	0.07108	0.02435	0.57324	0.09203	0.01670	0.07439	0.01870	0.01432	0.01845	0.01239	0.01795	0.00951	0.00675	0.00688	0.00225	0.00929	0.00618	0.00315	0.00822
40	0.01815	0.01410	0.01470	0.01272	0.01620	0.06012	0.00990	0.16855	0.21969	0.07889	0.18964	0.05896	0.05533	0.04077	0.00854	0.00241	0.00586	0.00919	0.00693	0.00935
41	0.02799	0.01247	0.03356	0.01359	0.04526	0.01071	0.01083	0.05524	0.02013	0.57710	0.09462	0.02587	0.02150	0.00905	0.00712	0.00216	0.00594	0.00748	0.00813	0.01127
42	0.01806	0.17800	0.26692	0.01511	0.02238	0.04345	0.01606	0.07378	0.05112	0.08023	0.01421	0.01533	0.01072	0.00667	0.00597	0.00181	0.00800	0.00501	0.00420	0.16297
43	0.01762	0.04481	0.02915	0.04768	0.06978	0.05301	0.32347	0.09249	0.12318	0.02454	0.01693	0.02106	0.01343	0.05792	0.00933	0.00253	0.00938	0.00751	0.02673	0.00944
44	0.01120	0.00943	0.01452	0.01322	0.01539	0.00923	0.11234	0.01591	0.09898	0.02217	0.17522	0.37740	0.04158	0.01618	0.00846	0.00258	0.00534	0.03737	0.00635	0.00712
45	0.01686	0.01321	0.01514	0.05320	0.03778	0.04193	0.01059	0.16380	0.11561	0.06556	0.19616	0.03347	0.09741	0.03648	0.02984	0.00265	0.04609	0.00905	0.00636	0.00879
46	0.01008	0.00677	0.00779	0.00784	0.00791	0.00682	0.00450	0.01024	0.01030	0.01379	0.02240	0.06864	0.02572	0.69866	0.06550	0.00683	0.00721	0.01036	0.00428	0.00437
47	0.01447	0.01240	0.01447	0.01034	0.01654	0.00930	0.00827	0.01757	0.01447	0.02274	0.01240	0.01447	0.01034	0.00517	0.00517	0.00103	0.00517	0.00413	0.00413	0.79742
48	0.00872	0.00641	0.00859	0.01046	0.02902	0.00598	0.00681	0.01005	0.01357	0.01801	0.03961	0.69148	0.08294	0.02120	0.00882	0.00279	0.00413	0.01918	0.00640	0.00583
49	0.01863	0.05570	0.02591	0.06833	0.24981	0.09976	0.12298	0.12112	0.01867	0.02438	0.01678	0.01948	0.05295	0.00725	0.00689	0.00201	0.00875	0.00658	0.00420	0.06982
50	0.01814	0.04465	0.02786	0.06055	0.06903	0.05334	0.26268	0.16678	0.03742	0.02548	0.01510	0.01900	0.01193	0.01372	0.11364	0.00354	0.03637	0.00703	0.00435	0.00939
51	0.10464	0.11136	0.15030	0.01585	0.04641	0.01738	0.03879	0.14973	0.06465	0.04959	0.06291	0.05789	0.01653	0.00868	0.00736	0.00214	0.04724	0.00676	0.00495	0.03684
52	0.01882	0.03943	0.07043	0.03764	0.13622	0.04635	0.01464	0.18698	0.15157	0.02784	0.01663	0.01841	0.01300	0.01014	0.04429	0.00256	0.06456	0.00619	0.00502	0.08928

[dist]
# distance from previous block
# <min> <max>
15	25

[block]
# block no. 5 follows, 30 sequences, length 14
# corresponding to MSA columns:
# 595-608
name=unknown_F
#
# <colnr> <probs for GDERKNQSTAVLIFYWHMCP>
#	G	D	E	R	K	N	Q	S	T	A	V	L	I	F	Y	W	H	M	C	P
0	0.02335	0.01797	0.01915	0.01541	0.02043	0.02016	0.01250	0.46259	0.26334	0.03886	0.02079	0.01997	0.01513	0.00875	0.00702	0.00219	0.00693	0.00684	0.00702	0.01158
1	0.01790	0.30493	0.23022	0.01823	0.08383	0.05159	0.05181	0.04926	0.01585	0.04617	0.01223	0.01413	0.00971	0.00637	0.00584	0.00183	0.00861	0.00489	0.00352	0.06309
2	0.00908	0.00649	0.00863	0.01023	0.01078	0.00609	0.00708	0.01041	0.01381	0.01838	0.03847	0.68013	0.04566	0.02172	0.00909	0.00292	0.00439	0.08419	0.00656	0.00590
3	0.04561	0.02253	0.33660	0.01731	0.02388	0.01322	0.06902	0.02136	0.01597	0.10702	0.02207	0.03585	0.01974	0.01084	0.00775	0.00257	0.00860	0.20588	0.00490	0.00928
4	0.01528	0.01477	0.04946	0.07509	0.28506	0.01375	0.15109	0.01919	0.01597	0.04927	0.04417	0.11733	0.07227	0.01011	0.00779	0.00237	0.00800	0.03518	0.00459	0.00925
5	0.01763	0.02724	0.41584	0.02209	0.08609	0.01594	0.11616	0.02378	0.01583	0.12864	0.01520	0.01733	0.01086	0.00729	0.00794	0.00231	0.04918	0.00611	0.00405	0.01048
6	0.00970	0.00705	0.00927	0.01070	0.01173	0.00667	0.00809	0.01156	0.01470	0.01921	0.04132	0.45383	0.11016	0.02070	0.00920	0.00296	0.00490	0.23562	0.00655	0.00610
7	0.01955	0.16787	0.37729	0.01717	0.02526	0.01714	0.05336	0.02497	0.01617	0.19178	0.01603	0.01688	0.01130	0.00715	0.00651	0.00212	0.00884	0.00559	0.00448	0.01052
8	0.02061	0.02413	0.31844	0.02209	0.14059	0.01530	0.05687	0.07696	0.01801	0.21153	0.01738	0.01837	0.01210	0.00739	0.00702	0.00222	0.00875	0.00619	0.00501	0.01106
9	0.01168	0.01051	0.03903	0.01044	0.01269	0.03999	0.00809	0.06373	0.04010	0.02301	0.18640	0.28075	0.21348	0.01659	0.00829	0.00248	0.00481	0.01431	0.00661	0.00702
10	0.01599	0.16150	0.20010	0.01811	0.05898	0.10161	0.06952	0.01969	0.01492	0.01934	0.01710	0.16232	0.01694	0.01029	0.00853	0.00229	0.08190	0.00825	0.00393	0.00869
11	0.06004	0.01889	0.01898	0.06646	0.09971	0.20271	0.03723	0.02246	0.01652	0.07133	0.01335	0.01563	0.01062	0.00649	0.00612	0.00169	0.00819	0.00504	0.00425	0.31430
12	0.01676	0.04883	0.05626	0.07918	0.20508	0.04426	0.09364	0.02294	0.11448	0.04780	0.03910	0.02259	0.05765	0.00784	0.00696	0.00208	0.00776	0.00702	0.00461	0.11517
13	0.01541	0.05921	0.05379	0.01552	0.10087	0.01255	0.01120	0.12430	0.01779	0.04429	0.07497	0.16459	0.04256	0.01620	0.08978	0.00321	0.00746	0.00953	0.08413	0.05265

[dist]
# distance from previous block
# <min> <max>
5	23

[block]
# block no. 6 follows, 30 sequences, length 140
# corresponding to MSA columns:
# 640-779
name=unknown_G
#
# <colnr> <probs for GDERKNQSTAVLIFYWHMCP>
#	G	D	E	R	K	N	Q	S	T	A	V	L	I	F	Y	W	H	M	C	P
0	0.01709	0.19335	0.16126	0.01973	0.11648	0.01754	0.03974	0.02061	0.03590	0.02224	0.02018	0.13298	0.01967	0.01119	0.00808	0.00254	0.02897	0.05134	0.00486	0.07627
1	0.01908	0.24414	0.11386	0.01617	0.02145	0.06129	0.06399	0.10225	0.01837	0.02399	0.02006	0.15225	0.01958	0.01129	0.00753	0.00246	0.00840	0.03212	0.00519	0.05654
2	0.01650	0.09847	0.15166	0.02246	0.14730	0.09880	0.13841	0.04781	0.01631	0.02127	0.03579	0.10756	0.01658	0.04050	0.00828	0.00235	0.00896	0.00795	0.00401	0.00901
3	0.01218	0.01165	0.07276	0.01652	0.13865	0.01037	0.01104	0.03710	0.01344	0.01891	0.06615	0.05729	0.02209	0.24342	0.23168	0.00626	0.01061	0.00861	0.00425	0.00704
4	0.01780	0.01532	0.02099	0.02207	0.21223	0.03963	0.06566	0.09912	0.06773	0.05717	0.01656	0.04881	0.01394	0.03913	0.00782	0.00205	0.00720	0.00662	0.00474	0.23541
5	0.00977	0.00671	0.00901	0.01042	0.01130	0.00634	0.00763	0.01150	0.01424	0.03862	0.03880	0.55625	0.06437	0.02077	0.00900	0.00289	0.00463	0.16520	0.00653	0.00602
6	0.01969	0.01615	0.01709	0.01467	0.01903	0.01844	0.01161	0.20240	0.52951	0.03295	0.02544	0.02368	0.01891	0.00919	0.00707	0.00230	0.00607	0.00748	0.00707	0.01125
7	0.00986	0.00775	0.01115	0.12000	0.03790	0.00800	0.00946	0.01204	0.01382	0.01822	0.03450	0.43150	0.08979	0.02121	0.07132	0.00347	0.00645	0.08165	0.00563	0.00629
8	0.03897	0.11814	0.48436	0.02027	0.06724	0.03986	0.06675	0.02250	0.01511	0.04640	0.01273	0.01489	0.00937	0.00656	0.00643	0.00211	0.00973	0.00526	0.00328	0.01004
9	0.01407	0.03557	0.69782	0.02018	0.03039	0.01625	0.04603	0.02211	0.01479	0.02211	0.01257	0.01486	0.00889	0.00661	0.00668	0.00221	0.01036	0.00525	0.00296	0.01029
10	0.01065	0.00740	0.00964	0.01058	0.01216	0.00696	0.00842	0.01300	0.01564	0.04945	0.08199	0.26273	0.17297	0.01896	0.00897	0.00284	0.00499	0.28970	0.00662	0.00635
11	0.01035	0.00854	0.01166	0.09815	0.09524	0.00840	0.00920	0.01266	0.01479	0.01934	0.07929	0.21072	0.27229	0.05677	0.03079	0.00290	0.00549	0.01306	0.03373	0.00663
12	0.01662	0.05525	0.43778	0.01900	0.05089	0.01489	0.06440	0.02285	0.01590	0.12310	0.03728	0.02298	0.01469	0.00817	0.00703	0.00227	0.00904	0.06359	0.00428	0.01001
13	0.01523	0.01458	0.02469	0.40430	0.21522	0.01672	0.07857	0.04482	0.01512	0.02043	0.01263	0.01792	0.00996	0.00719	0.00846	0.00232	0.07320	0.00638	0.00338	0.00890
14	0.01347	0.01297	0.02273	0.67499	0.04703	0.01569	0.07864	0.01823	0.01418	0.01823	0.01256	0.01862	0.00942	0.00688	0.00709	0.00233	0.00952	0.00638	0.00314	0.00790
15	0.01686	0.01655	0.02806	0.12537	0.44870	0.03683	0.12155	0.04352	0.01620	0.02235	0.01350	0.01800	0.01103	0.00851	0.04065	0.00257	0.00954	0.00654	0.00356	0.01010
16	0.01395	0.03242	0.60882	0.01961	0.02863	0.01597	0.04498	0.02128	0.01465	0.02173	0.01409	0.01937	0.01110	0.00780	0.00780	0.00233	0.05095	0.05143	0.00321	0.00986
17	0.01725	0.00895	0.01192	0.04467	0.01510	0.00831	0.00878	0.01992	0.03702	0.26604	0.03657	0.31004	0.10737	0.01544	0.00807	0.00253	0.00513	0.06157	0.00710	0.00821
18	0.03060	0.01240	0.01684	0.01364	0.04204	0.01101	0.01078	0.06404	0.02043	0.66071	0.02653	0.02320	0.01681	0.00854	0.00701	0.00215	0.00610	0.00696	0.00838	0.01185
19	0.01398	0.01289	0.02138	0.30457	0.27663	0.01454	0.01757	0.01782	0.01401	0.01927	0.01460	0.04569	0.01271	0.01562	0.13753	0.00388	0.03834	0.00692	0.00346	0.00858
20	0.00987	0.00797	0.01217	0.01186	0.01337	0.00747	0.08667	0.01179	0.01400	0.01838	0.03759	0.44224	0.11684	0.09124	0.01145	0.00315	0.00542	0.08655	0.00590	0.00608
21	0.01503	0.01430	0.02428	0.42304	0.34851	0.01599	0.02030	0.01945	0.01483	0.02008	0.01273	0.01800	0.01010	0.00663	0.00695	0.00221	0.00884	0.00621	0.00326	0.00925
22	0.02318	0.01021	0.01368	0.01178	0.01576	0.00906	0.00974	0.02582	0.01835	0.45000	0.03514	0.07116	0.10442	0.01262	0.00783	0.00245	0.00569	0.15562	0.00780	0.00970
23	0.01448	0.01490	0.02876	0.34870	0.06541	0.01604	0.29201	0.01932	0.01485	0.01980	0.01421	0.04665	0.01154	0.00856	0.02922	0.00263	0.03346	0.00759	0.00344	0.00843
24	0.01473	0.02836	0.43320	0.02313	0.03182	0.01635	0.27648	0.02172	0.01534	0.02203	0.01413	0.04461	0.01094	0.00693	0.00733	0.00229	0.01062	0.00689	0.00330	0.00979
25	0.04912	0.01856	0.02031	0.04617	0.02227	0.02045	0.01316	0.59670	0.03055	0.08699	0.01708	0.01714	0.01199	0.00828	0.00690	0.00211	0.00757	0.00625	0.00685	0.01157
26	0.01227	0.01128	0.01783	0.01538	0.01767	0.04205	0.13162	0.01527	0.01248	0.01740	0.01673	0.02422	0.01515	0.03867	0.50775	0.00853	0.07769	0.00737	0.00364	0.00700
27	0.01624	0.01481	0.02569	0.27807	0.36946	0.01570	0.07566	0.02060	0.01547	0.05328	0.01448	0.02036	0.01174	0.00703	0.00715	0.00223	0.00875	0.02994	0.00369	0.00965
28	0.01778	0.02017	0.24200	0.01513	0.02139	0.01352	0.05565	0.14105	0.01945	0.14037	0.05887	0.03045	0.17359	0.01009	0.00729	0.00222	0.00735	0.00837	0.00566	0.00962
29	0.02878	0.01160	0.01558	0.01219	0.01714	0.01024	0.00996	0.05502	0.02019	0.61759	0.07716	0.05077	0.02163	0.00950	0.00717	0.00218	0.00574	0.00784	0.00843	0.01127
30	0.01712	0.01642	0.02804	0.06930	0.68598	0.01654	0.02134	0.02128	0.01582	0.02261	0.01310	0.01732	0.01099	0.00625	0.00691	0.00208	0.00833	0.00622	0.00344	0.01093
31	0.08477	0.01362	0.01710	0.01511	0.07606	0.04490	0.01124	0.05155	0.01943	0.55609	0.02394	0.02159	0.01551	0.00820	0.00678	0.00213	0.00646	0.00658	0.00761	0.01132
32	0.01413	0.01314	0.02095	0.39081	0.09397	0.01595	0.04255	0.04136	0.01447	0.01971	0.06117	0.02118	0.01424	0.03133	0.03310	0.00283	0.15059	0.00687	0.00365	0.00800
33	0.01248	0.01126	0.01850	0.54684	0.06271	0.01348	0.01689	0.01649	0.01411	0.01826	0.01829	0.13008	0.01732	0.01015	0.00748	0.00247	0.00826	0.06360	0.00388	0.00745
34	0.01568	0.01801	0.05810	0.02706	0.03353	0.01639	0.58621	0.02125	0.01627	0.02206	0.01681	0.04972	0.01423	0.00758	0.00833	0.00244	0.01101	0.06243	0.00385	0.00906
35	0.08956	0.02656	0.02031	0.06329	0.11343	0.44884	0.01436	0.10259	0.01977	0.02220	0.01180	0.01394	0.00949	0.00713	0.00633	0.00193	0.01065	0.00497	0.00400	0.00886
36	0.01712	0.01642	0.02804	0.06930	0.68598	0.01654	0.02134	0.02128	0.01582	0.02261	0.01310	0.01732	0.01099	0.00625	0.00691	0.00208	0.00833	0.00622	0.00344	0.01093
37	0.00825	0.00707	0.00707	0.00707	0.00943	0.00589	0.00530	0.01001	0.01591	0.01885	0.07069	0.06716	0.70839	0.01767	0.00825	0.00236	0.00353	0.01473	0.00648	0.00589
38	0.01727	0.01658	0.02832	0.04283	0.71123	0.01658	0.02142	0.02142	0.01589	0.02280	0.01313	0.01727	0.01105	0.00622	0.00691	0.00207	0.00829	0.00622	0.00345	0.01105
39	0.02653	0.01955	0.02094	0.01606	0.02164	0.02164	0.01326	0.68796	0.03281	0.04398	0.01675	0.01675	0.01187	0.00838	0.00698	0.00209	0.00768	0.00628	0.00698	0.01187
40	0.01727	0.01658	0.02832	0.04283	0.71123	0.01658	0.02142	0.02142	0.01589	0.02280	0.01313	0.01727	0.01105	0.00622	0.00691	0.00207	0.00829	0.00622	0.00345	0.01105
41	0.01727	0.01658	0.02832	0.04283	0.71123	0.01658	0.02142	0.02142	0.01589	0.02280	0.01313	0.01727	0.01105	0.00622	0.00691	0.00207	0.00829	0.00622	0.00345	0.01105
42	0.01004	0.00718	0.00969	0.00969	0.01041	0.00789	0.00682	0.01148	0.01076	0.01507	0.02009	0.03515	0.02080	0.34993	0.43410	0.00933	0.01364	0.00861	0.00395	0.00538
43	0.01527	0.01527	0.02137	0.01832	0.01832	0.02137	0.01527	0.01679	0.01069	0.01679	0.00916	0.01527	0.00916	0.01221	0.02290	0.00305	0.74198	0.00611	0.00305	0.00763
44	0.01421	0.01345	0.02279	0.56309	0.21491	0.01577	0.01989	0.01873	0.01444	0.01908	0.01259	0.01827	0.00974	0.00679	0.00696	0.00226	0.00905	0.00621	0.00319	0.00858
45	0.00854	0.00674	0.00770	0.00818	0.00979	0.00590	0.00586	0.01031	0.01552	0.01964	0.13922	0.29718	0.40337	0.01867	0.00847	0.00250	0.00368	0.01620	0.00663	0.00590
46	0.01382	0.01287	0.04393	0.02016	0.07974	0.01160	0.24600	0.01741	0.01537	0.06175	0.02624	0.29929	0.02733	0.01346	0.00840	0.00258	0.00764	0.07918	0.00521	0.00801
47	0.01554	0.01481	0.02519	0.33716	0.43044	0.01612	0.02055	0.01990	0.01507	0.02069	0.01282	0.01784	0.01031	0.00654	0.00694	0.00218	0.00872	0.00621	0.00330	0.00966
48	0.01568	0.01496	0.02546	0.31229	0.45416	0.01616	0.02063	0.02003	0.01514	0.02087	0.01285	0.01779	0.01037	0.00651	0.00693	0.00217	0.00868	0.00621	0.00332	0.00977
49	0.01605	0.13392	0.43805	0.02044	0.02917	0.01811	0.16232	0.04162	0.01570	0.04224	0.01302	0.01542	0.00956	0.00649	0.00668	0.00213	0.01001	0.00569	0.00336	0.01002
50	0.01600	0.01720	0.08452	0.21079	0.49194	0.01629	0.02129	0.02060	0.01532	0.02153	0.01290	0.01738	0.01044	0.00644	0.00690	0.00215	0.00871	0.00612	0.00333	0.01018
51	0.00913	0.00713	0.00844	0.00922	0.01097	0.00644	0.00719	0.01119	0.01543	0.01921	0.05475	0.20921	0.38786	0.01897	0.00877	0.00269	0.00444	0.19649	0.00646	0.00599
52	0.01589	0.01534	0.02684	0.13412	0.49631	0.01562	0.08378	0.02003	0.01547	0.02165	0.01526	0.07933	0.01372	0.00761	0.00721	0.00220	0.00841	0.00756	0.00367	0.00999
53	0.01611	0.04748	0.18868	0.02932	0.24604	0.04182	0.23782	0.02140	0.01575	0.02178	0.01460	0.05982	0.01231	0.00715	0.00729	0.00221	0.00976	0.00729	0.00353	0.00985
54	0.01759	0.01921	0.08508	0.02892	0.11250	0.01683	0.50835	0.02317	0.01656	0.07840	0.01497	0.01876	0.01106	0.00620	0.00787	0.00229	0.01079	0.00769	0.00389	0.00986
55	0.00882	0.00668	0.00823	0.00932	0.01053	0.00608	0.00680	0.01050	0.01457	0.01859	0.04859	0.43308	0.25787	0.02014	0.00880	0.00274	0.00423	0.11211	0.00647	0.00585
56	0.01695	0.01747	0.05837	0.06046	0.60926	0.01662	0.07508	0.02142	0.01583	0.02259	0.01316	0.01733	0.01087	0.00623	0.00701	0.00211	0.00868	0.00633	0.00343	0.01080
57	0.01527	0.07898	0.50517	0.02197	0.06189	0.04135	0.13476	0.02223	0.01521	0.02164	0.01258	0.01523	0.00925	0.00646	0.00676	0.00217	0.01035	0.00561	0.00309	0.01003
58	0.01015	0.00677	0.00761	0.00761	0.00761	0.00677	0.00423	0.01015	0.01015	0.01353	0.02199	0.04567	0.02537	0.75476	0.03552	0.00677	0.00677	0.01015	0.00423	0.00423
59	0.01418	0.06387	0.69240	0.01958	0.02973	0.01664	0.02525	0.02205	0.01471	0.02188	0.01241	0.01460	0.00884	0.00660	0.00655	0.00218	0.01020	0.00510	0.00295	0.01026
60	0.01277	0.07153	0.35314	0.01750	0.07447	0.01343	0.03680	0.01791	0.01504	0.02106	0.06829	0.15526	0.09225	0.01092	0.00724	0.00228	0.00772	0.00936	0.00432	0.00871
61	0.00850	0.00607	0.00810	0.00972	0.01012	0.00567	0.00648	0.00972	0.01336	0.01781	0.03846	0.75020	0.04615	0.02186	0.00891	0.00283	0.00405	0.01984	0.00648	0.00567
62	0.01666	0.01830	0.03819	0.03253	0.19318	0.01740	0.53156	0.02214	0.01634	0.02246	0.01389	0.01846	0.01070	0.00596	0.00793	0.00229	0.01096	0.00777	0.00351	0.00979
63	0.01651	0.03962	0.08827	0.03570	0.52949	0.03838	0.04001	0.02074	0.01588	0.02203	0.01777	0.02096	0.06931	0.00723	0.00695	0.00209	0.00829	0.00677	0.00366	0.01035
64	0.01799	0.01525	0.01726	0.01708	0.09312	0.01709	0.01209	0.12248	0.48785	0.02982	0.02800	0.02658	0.06505	0.00952	0.00714	0.00230	0.00598	0.00795	0.00665	0.01081
65	0.02243	0.38947	0.02802	0.01501	0.01978	0.38357	0.01273	0.02444	0.01703	0.01675	0.01025	0.01190	0.00897	0.00659	0.00540	0.00165	0.01007	0.00412	0.00330	0.00851
66	0.01447	0.01240	0.01447	0.01034	0.01654	0.00930	0.00827	0.01757	0.01447	0.02274	0.01240	0.01447	0.01034	0.00517	0.00517	0.00103	0.00517	0.00413	0.00413	0.79742
67	0.03747	0.03171	0.57829	0.01955	0.02863	0.01598	0.06795	0.02206	0.01496	0.04907	0.03329	0.01637	0.01092	0.00709	0.00736	0.00225	0.03800	0.00565	0.00339	0.01002
68	0.02539	0.01735	0.17352	0.01521	0.04697	0.01191	0.01403	0.02994	0.04420	0.47808	0.02412	0.05259	0.01653	0.00869	0.00701	0.00220	0.00691	0.00715	0.00701	0.01120
69	0.03131	0.01188	0.01619	0.01242	0.01781	0.01026	0.01026	0.03401	0.01997	0.71606	0.02753	0.02375	0.01727	0.00864	0.00702	0.00216	0.00594	0.00702	0.00864	0.01188
70	0.00867	0.00619	0.00829	0.00990	0.01038	0.00581	0.00676	0.01000	0.01352	0.01800	0.03837	0.71001	0.04580	0.02171	0.00895	0.00286	0.00419	0.05841	0.00647	0.00571
71	0.01619	0.02624	0.38162	0.06080	0.24740	0.01603	0.06500	0.02241	0.01549	0.06353	0.01371	0.01652	0.01018	0.00659	0.00686	0.00218	0.00945	0.00585	0.00349	0.01047
72	0.01679	0.01833	0.08747	0.06048	0.56179	0.01663	0.09279	0.02147	0.01580	0.02254	0.01316	0.01726	0.01076	0.00624	0.00703	0.00212	0.00886	0.00634	0.00341	0.01072
73	0.00850	0.00607	0.00810	0.00972	0.01012	0.00567	0.00648	0.00972	0.01336	0.01781	0.03846	0.75020	0.04615	0.02186	0.00891	0.00283	0.00405	0.01984	0.00648	0.00567
74	0.01668	0.11123	0.49883	0.01897	0.02770	0.08364	0.05014	0.07350	0.01660	0.02271	0.01245	0.01448	0.00917	0.00671	0.00646	0.00209	0.01008	0.00516	0.00334	0.01004
75	0.01742	0.04028	0.14394	0.04509	0.08096	0.01354	0.13497	0.02178	0.03705	0.16054	0.02070	0.14744	0.01817	0.01066	0.00897	0.03937	0.03606	0.00891	0.00501	0.00916
76	0.00840	0.00646	0.00770	0.00868	0.00985	0.00576	0.00602	0.00983	0.01435	0.01822	0.05105	0.48344	0.30479	0.02023	0.00865	0.00265	0.00385	0.01784	0.00648	0.00576
77	0.01523	0.22727	0.53822	0.01779	0.02695	0.01922	0.02212	0.02178	0.01459	0.02060	0.01178	0.01380	0.00887	0.00646	0.00606	0.00202	0.00956	0.00478	0.00296	0.00995
78	0.01644	0.01605	0.02578	0.24689	0.48637	0.04632	0.02048	0.02063	0.01548	0.02109	0.01281	0.01747	0.01045	0.00648	0.00690	0.00214	0.00877	0.00614	0.00336	0.00995
79	0.02186	0.01948	0.10086	0.01711	0.02284	0.04224	0.09289	0.23384	0.22076	0.12309	0.02058	0.02026	0.01474	0.00819	0.00710	0.00222	0.00777	0.00689	0.00625	0.01103
80	0.01318	0.01240	0.02093	0.73798	0.04806	0.01550	0.01938	0.01783	0.01395	0.01783	0.01240	0.01860	0.00930	0.00698	0.00698	0.00233	0.00930	0.00620	0.00310	0.00775
81	0.02144	0.01012	0.01320	0.01089	0.01460	0.00918	0.00866	0.05484	0.01955	0.37687	0.23514	0.03603	0.08155	0.03915	0.03407	0.00267	0.00553	0.00936	0.00779	0.00937
82	0.01347	0.02051	0.26095	0.05346	0.15405	0.01355	0.11508	0.01848	0.01486	0.02097	0.02013	0.20340	0.01987	0.01068	0.00759	0.00240	0.00841	0.02910	0.00413	0.00892
83	0.01400	0.03610	0.71860	0.01989	0.03020	0.01621	0.02578	0.02210	0.01473	0.02210	0.01252	0.01473	0.00884	0.00663	0.00663	0.00221	0.01031	0.00516	0.00295	0.01031
84	0.01318	0.01240	0.02093	0.73798	0.04806	0.01550	0.01938	0.01783	0.01395	0.01783	0.01240	0.01860	0.00930	0.00698	0.00698	0.00233	0.00930	0.00620	0.00310	0.00775
85	0.01930	0.01000	0.01343	0.01207	0.01503	0.00974	0.00995	0.02185	0.01707	0.30153	0.08202	0.04604	0.08303	0.05866	0.01110	0.00285	0.07004	0.20073	0.00699	0.00857
86	0.02372	0.01815	0.01936	0.01549	0.02057	0.02033	0.01259	0.48898	0.23635	0.03946	0.02031	0.01959	0.01475	0.00871	0.00702	0.00218	0.00702	0.00677	0.00702	0.01162
87	0.00850	0.00607	0.00810	0.00972	0.01012	0.00567	0.00648	0.00972	0.01336	0.01781	0.03846	0.75020	0.04615	0.02186	0.00891	0.00283	0.00405	0.01984	0.00648	0.00567
88	0.01318	0.01240	0.02093	0.73798	0.04806	0.01550	0.01938	0.01783	0.01395	0.01783	0.01240	0.01860	0.00930	0.00698	0.00698	0.00233	0.00930	0.00620	0.00310	0.00775
89	0.01527	0.01527	0.02137	0.01832	0.01832	0.02137	0.01527	0.01679	0.01069	0.01679	0.00916	0.01527	0.00916	0.01221	0.02290	0.00305	0.74198	0.00611	0.00305	0.00763
90	0.01668	0.01598	0.02726	0.14309	0.61558	0.01643	0.02112	0.02090	0.01561	0.02208	0.01302	0.01746	0.01080	0.00633	0.00692	0.00211	0.00844	0.00622	0.00340	0.01058
91	0.05072	0.02906	0.01978	0.01720	0.02134	0.52067	0.01324	0.19956	0.02292	0.02453	0.01231	0.01363	0.00969	0.00748	0.00641	0.00189	0.01108	0.00494	0.00450	0.00906
92	0.01736	0.01499	0.01578	0.01420	0.01815	0.01736	0.01105	0.03708	0.69862	0.02919	0.02840	0.02604	0.02130	0.00947	0.00710	0.00237	0.00552	0.00789	0.00710	0.01105
93	0.80405	0.01350	0.01026	0.00918	0.01350	0.01565	0.00756	0.02051	0.01188	0.03131	0.00972	0.01134	0.00756	0.00648	0.00432	0.00216	0.00540	0.00378	0.00432	0.00756
94	0.01798	0.01718	0.02830	0.02765	0.22395	0.01767	0.23702	0.09412	0.20909	0.02660	0.01810	0.02019	0.01385	0.00724	0.00741	0.00225	0.00860	0.00736	0.00486	0.01059
95	0.01212	0.00606	0.00909	0.00909	0.00909	0.00606	0.00606	0.00909	0.00909	0.01212	0.01212	0.02121	0.01212	0.02424	0.02727	0.79697	0.00606	0.00606	0.00303	0.00303
96	0.03131	0.01188	0.01619	0.01242	0.01781	0.01026	0.01026	0.03401	0.01997	0.71606	0.02753	0.02375	0.01727	0.00864	0.00702	0.00216	0.00594	0.00702	0.00864	0.01188
97	0.01639	0.01591	0.02778	0.18113	0.52933	0.01644	0.06930	0.02077	0.01554	0.02177	0.01305	0.01765	0.01067	0.00635	0.00702	0.00214	0.00875	0.00636	0.00339	0.01027
98	0.02621	0.02899	0.02014	0.01738	0.02159	0.50747	0.01341	0.23314	0.02383	0.02544	0.01264	0.01388	0.00988	0.00756	0.00651	0.00189	0.01106	0.00505	0.00465	0.00926
99	0.01386	0.01269	0.02191	0.05271	0.30153	0.01255	0.10628	0.01741	0.01536	0.02106	0.02360	0.19579	0.02453	0.01228	0.00807	0.00251	0.00747	0.13707	0.00471	0.00859
100	0.01843	0.01662	0.03266	0.02674	0.11656	0.01575	0.42509	0.04861	0.01738	0.11733	0.01796	0.04561	0.01438	0.00765	0.00795	0.00234	0.00983	0.04474	0.00460	0.00976
101	0.00885	0.00705	0.00793	0.00779	0.00982	0.00614	0.00581	0.01115	0.01721	0.02214	0.30147	0.08792	0.44886	0.01659	0.00827	0.00232	0.00347	0.01416	0.00692	0.00614
102	0.01342	0.01270	0.02175	0.66075	0.07473	0.01542	0.04490	0.01806	0.01419	0.01830	0.01319	0.02026	0.01030	0.00725	0.00710	0.00234	0.00927	0.02491	0.00323	0.00792
103	0.03087	0.01197	0.01618	0.01247	0.01782	0.01048	0.01028	0.03411	0.04138	0.69440	0.02756	0.02382	0.01740	0.00866	0.00702	0.00217	0.00592	0.00705	0.00859	0.01185
