[name]
unknown

[dist]
# distance from previous block
# <min> <max>
4	61

[block]
# block no. 0 follows, 37 sequences, length 130
# corresponding to MSA columns:
# 71-135,171-235
name=unknown_A
#
# <colnr> <probs for GDERKNQSTAVLIFYWHMCP>
#	G	D	E	R	K	N	Q	S	T	A	V	L	I	F	Y	W	H	M	C	P
0	0.01507	0.01484	0.02662	0.07285	0.53988	0.01483	0.16354	0.04106	0.01442	0.02027	0.01176	0.01548	0.00955	0.00549	0.00630	0.00188	0.00793	0.00582	0.00312	0.00927
1	0.05375	0.01464	0.01761	0.01389	0.01846	0.01564	0.08901	0.28456	0.26706	0.02907	0.01717	0.01722	0.01278	0.00699	0.00597	0.00182	0.00610	0.00584	0.00539	0.11701
2	0.04679	0.13338	0.01632	0.01043	0.01520	0.03855	0.00872	0.10455	0.05162	0.05977	0.03156	0.01673	0.01215	0.00622	0.00506	0.00137	0.00541	0.03719	0.00427	0.39470
3	0.01370	0.13299	0.59971	0.01662	0.04097	0.01531	0.02016	0.01978	0.01312	0.05711	0.01135	0.01297	0.00820	0.00582	0.00558	0.00185	0.00846	0.00446	0.00286	0.00897
4	0.04065	0.04264	0.37927	0.01436	0.02070	0.01295	0.03771	0.05284	0.08245	0.12814	0.11103	0.01935	0.01659	0.00722	0.00603	0.00192	0.00701	0.00591	0.00442	0.00880
5	0.01632	0.01318	0.01720	0.09227	0.19790	0.01447	0.01265	0.05533	0.39234	0.09164	0.01978	0.01980	0.01479	0.00729	0.00617	0.00198	0.00587	0.00629	0.00522	0.00951
6	0.05236	0.05047	0.09633	0.02124	0.24630	0.15288	0.03082	0.08802	0.03792	0.10092	0.03525	0.03505	0.01209	0.00670	0.00588	0.00181	0.00752	0.00554	0.00409	0.00881
7	0.00814	0.00566	0.00707	0.00782	0.00813	0.00544	0.00502	0.00895	0.01104	0.01481	0.07377	0.43340	0.03446	0.31362	0.01678	0.00379	0.00447	0.02810	0.00499	0.00455
8	0.00748	0.00543	0.00700	0.00825	0.00875	0.00502	0.00552	0.00856	0.01184	0.01559	0.03593	0.69001	0.10575	0.04294	0.00849	0.00256	0.00358	0.01671	0.00562	0.00495
9	0.00829	0.00634	0.00852	0.07956	0.01235	0.00618	0.00704	0.01025	0.01344	0.01777	0.17340	0.38492	0.14535	0.01588	0.00752	0.00231	0.00400	0.08590	0.00561	0.00540
10	0.08287	0.01251	0.03420	0.04355	0.22937	0.01194	0.02607	0.07715	0.01601	0.30654	0.01754	0.01926	0.01274	0.00793	0.02484	0.00209	0.00640	0.02987	0.02983	0.00929
11	0.00755	0.00565	0.00702	0.00796	0.00884	0.00513	0.00554	0.00890	0.01272	0.01653	0.08879	0.53304	0.21693	0.01775	0.00765	0.00235	0.00345	0.03338	0.00575	0.00509
12	0.00964	0.00688	0.00961	0.01102	0.01233	0.00685	0.00947	0.01229	0.01387	0.01807	0.03253	0.13564	0.03572	0.01712	0.00839	0.00279	0.00544	0.64112	0.00564	0.00557
13	0.01656	0.76549	0.03163	0.01063	0.01581	0.04658	0.01052	0.01852	0.01259	0.01442	0.00854	0.00986	0.00786	0.00527	0.00398	0.00132	0.00668	0.00329	0.00263	0.00783
14	0.01066	0.00546	0.00824	0.02739	0.00885	0.00553	0.00561	0.00817	0.00808	0.01076	0.01064	0.01855	0.01057	0.02088	0.02347	0.80102	0.00539	0.00532	0.00266	0.00276
15	0.00746	0.00533	0.00710	0.00852	0.00888	0.00497	0.00568	0.00852	0.01172	0.01563	0.03374	0.78088	0.04049	0.01918	0.00781	0.00249	0.00355	0.01740	0.00568	0.00497
16	0.01228	0.03166	0.75316	0.01745	0.02649	0.01422	0.02262	0.01939	0.01292	0.01939	0.01099	0.01292	0.00775	0.00582	0.00582	0.00194	0.00905	0.00452	0.00258	0.00905
17	0.03633	0.01455	0.06144	0.01899	0.15660	0.01424	0.10988	0.08006	0.28204	0.07556	0.04947	0.02119	0.01602	0.00743	0.00634	0.00200	0.00641	0.02722	0.00502	0.00920
18	0.01348	0.01252	0.05246	0.01382	0.03531	0.01246	0.08835	0.02396	0.37963	0.03964	0.08479	0.05952	0.03672	0.02909	0.00736	0.00224	0.00560	0.08921	0.00553	0.00829
19	0.01515	0.01454	0.02485	0.03757	0.74669	0.01454	0.01879	0.01879	0.01394	0.02000	0.01151	0.01515	0.00970	0.00545	0.00606	0.00182	0.00727	0.00545	0.00303	0.00970
20	0.01547	0.01425	0.02271	0.07194	0.57487	0.01469	0.01708	0.07798	0.06987	0.02184	0.03138	0.01654	0.01158	0.00604	0.00611	0.00185	0.00698	0.00571	0.00361	0.00950
21	0.05128	0.01767	0.19945	0.01614	0.03824	0.01307	0.14510	0.08728	0.06102	0.28270	0.01705	0.01712	0.01159	0.00660	0.00618	0.00194	0.00724	0.00582	0.00506	0.00947
22	0.01406	0.01468	0.01698	0.01478	0.01646	0.16630	0.09521	0.03525	0.01284	0.01623	0.01610	0.17179	0.01691	0.04955	0.02598	0.00261	0.26141	0.04260	0.00373	0.00650
23	0.05949	0.01336	0.01918	0.06099	0.14024	0.01497	0.06472	0.11320	0.02889	0.14048	0.02702	0.01605	0.01100	0.00770	0.00993	0.00208	0.22039	0.00563	0.00427	0.04039
24	0.01653	0.58040	0.14087	0.01219	0.01775	0.11195	0.01250	0.01923	0.01311	0.01524	0.00901	0.01044	0.00784	0.00546	0.00441	0.00144	0.00747	0.00355	0.00268	0.00795
25	0.02083	0.02602	0.01599	0.01481	0.01760	0.66052	0.01102	0.02234	0.01660	0.01507	0.01267	0.11274	0.01219	0.00801	0.00582	0.00170	0.01005	0.00572	0.00349	0.00682
26	0.01255	0.08209	0.70512	0.01698	0.02578	0.01488	0.02181	0.01932	0.01289	0.01905	0.01082	0.01272	0.00776	0.00578	0.00569	0.00190	0.00888	0.00444	0.00259	0.00897
27	0.20721	0.01147	0.01334	0.01052	0.01498	0.01124	0.00868	0.11443	0.01722	0.47981	0.01933	0.01765	0.01265	0.00711	0.00557	0.00188	0.00524	0.00542	0.02682	0.00944
28	0.00735	0.00616	0.00639	0.00643	0.00836	0.00520	0.00479	0.00897	0.01407	0.01705	0.10863	0.09690	0.65777	0.01549	0.00726	0.00208	0.00311	0.01303	0.00576	0.00520
29	0.01513	0.01280	0.01379	0.01233	0.01559	0.01471	0.00973	0.08988	0.56807	0.02543	0.02584	0.02615	0.05937	0.00916	0.00693	0.00212	0.03506	0.04272	0.00602	0.00917
30	0.02202	0.02514	0.01825	0.01575	0.01915	0.52872	0.03433	0.17143	0.01910	0.02008	0.01056	0.01215	0.00847	0.00680	0.00672	0.00172	0.06358	0.00448	0.00374	0.00780
31	0.01421	0.33995	0.44068	0.01456	0.02191	0.03727	0.01740	0.01908	0.01284	0.01724	0.00994	0.01161	0.00780	0.00559	0.00504	0.00167	0.00808	0.00400	0.00261	0.00851
32	0.00956	0.00746	0.00882	0.00835	0.01022	0.00736	0.00629	0.01476	0.14777	0.02292	0.46002	0.08037	0.16740	0.01259	0.00707	0.00201	0.00331	0.01094	0.00641	0.00635
33	0.02011	0.00923	0.01178	0.00955	0.01323	0.00829	0.00768	0.02357	0.06351	0.43038	0.12833	0.02630	0.05909	0.00852	0.00605	0.00181	0.00442	0.00706	0.10603	0.05507
34	0.02746	0.01042	0.01421	0.01089	0.01563	0.00900	0.00900	0.02983	0.01752	0.75093	0.02415	0.02083	0.01515	0.00758	0.00616	0.00189	0.00521	0.00616	0.00758	0.01042
35	0.01411	0.01597	0.03471	0.02496	0.03087	0.01497	0.68957	0.01907	0.01432	0.01941	0.01342	0.05361	0.01080	0.00584	0.00725	0.00208	0.00999	0.00772	0.00322	0.00810
36	0.02665	0.01064	0.01423	0.01096	0.01560	0.00941	0.00903	0.06542	0.01810	0.69107	0.04631	0.02130	0.01625	0.00772	0.00619	0.00189	0.00521	0.00628	0.00747	0.01027
37	0.01158	0.01070	0.01503	0.01368	0.01403	0.01416	0.01118	0.01314	0.01019	0.01510	0.01497	0.12203	0.01597	0.01772	0.12910	0.00375	0.48584	0.07221	0.00344	0.00618
38	0.00745	0.00577	0.00681	0.00757	0.00871	0.00512	0.00534	0.00882	0.01289	0.01634	0.06686	0.43539	0.34117	0.01736	0.00756	0.00230	0.00338	0.03036	0.00571	0.00509
39	0.01228	0.03166	0.75316	0.01745	0.02649	0.01422	0.02262	0.01939	0.01292	0.01939	0.01099	0.01292	0.00775	0.00582	0.00582	0.00194	0.00905	0.00452	0.00258	0.00905
40	0.02132	0.02954	0.12479	0.01601	0.02003	0.65135	0.01340	0.02370	0.01670	0.01562	0.00968	0.01131	0.00787	0.00624	0.00556	0.00163	0.01075	0.00403	0.00307	0.00738
41	0.00951	0.00688	0.01020	0.00998	0.01077	0.00810	0.00766	0.01065	0.00943	0.01354	0.01455	0.02208	0.01377	0.03808	0.55224	0.17143	0.07680	0.00621	0.00311	0.00501
42	0.02694	0.01071	0.01432	0.01104	0.01574	0.00950	0.00910	0.05061	0.04112	0.70627	0.02389	0.02072	0.01513	0.00759	0.00616	0.00190	0.00524	0.00616	0.00749	0.01039
43	0.00789	0.00581	0.00777	0.00894	0.00931	0.00576	0.00616	0.00901	0.01160	0.01556	0.03193	0.68898	0.03806	0.04520	0.00925	0.00263	0.04128	0.04436	0.00547	0.00504
44	0.01509	0.01400	0.02437	0.14057	0.55833	0.01425	0.07431	0.01886	0.01388	0.04977	0.01202	0.01566	0.00967	0.00561	0.00617	0.00187	0.00756	0.00562	0.00318	0.00920
45	0.00758	0.00545	0.00722	0.00859	0.00906	0.00509	0.00587	0.00875	0.01192	0.01580	0.03465	0.71851	0.06459	0.01893	0.00783	0.00249	0.00365	0.05335	0.00568	0.00501
46	0.00890	0.00593	0.00668	0.00668	0.00668	0.00593	0.00371	0.00890	0.00890	0.01187	0.01929	0.04006	0.02225	0.78487	0.03116	0.00593	0.00593	0.00890	0.00371	0.00371
47	0.01021	0.01085	0.07864	0.01047	0.01233	0.07614	0.00845	0.01353	0.07736	0.01732	0.05382	0.47872	0.05065	0.01530	0.00728	0.00231	0.00497	0.06035	0.00524	0.00605
48	0.00934	0.00650	0.00935	0.00923	0.00989	0.00738	0.00681	0.01018	0.00930	0.01315	0.01532	0.02496	0.01512	0.15282	0.46867	0.17342	0.04407	0.00662	0.00319	0.00468
49	0.02746	0.01042	0.01421	0.01089	0.01563	0.00900	0.00900	0.02983	0.01752	0.75093	0.02415	0.02083	0.01515	0.00758	0.00616	0.00189	0.00521	0.00616	0.00758	0.01042
50	0.01670	0.74912	0.03131	0.01075	0.01588	0.06244	0.01054	0.01865	0.01269	0.01443	0.00856	0.00988	0.00786	0.00529	0.00401	0.00132	0.00678	0.00331	0.00265	0.00782
51	0.04074	0.01732	0.11469	0.02691	0.35340	0.03404	0.13731	0.09208	0.04047	0.05153	0.01269	0.01526	0.00982	0.00595	0.00640	0.00190	0.02099	0.00562	0.00362	0.00926
52	0.01541	0.01756	0.03087	0.04625	0.02877	0.12381	0.54606	0.01981	0.01462	0.01888	0.01222	0.01597	0.00936	0.00557	0.00705	0.00197	0.02548	0.00657	0.04589	0.00788
53	0.01637	0.78856	0.03208	0.01047	0.01571	0.02422	0.01047	0.01833	0.01244	0.01440	0.00851	0.00982	0.00786	0.00524	0.00393	0.00131	0.00655	0.00327	0.00262	0.00786
54	0.01176	0.01108	0.01884	0.64263	0.10647	0.01329	0.03468	0.01567	0.01243	0.01615	0.01217	0.05592	0.01001	0.00671	0.00623	0.00204	0.00789	0.00611	0.00291	0.00701
55	0.02345	0.01768	0.17342	0.01305	0.01851	0.10927	0.01238	0.05101	0.01690	0.47239	0.01906	0.01764	0.01244	0.00702	0.00600	0.00186	0.00685	0.00549	0.00587	0.00969
56	0.17867	0.01669	0.12927	0.01424	0.01969	0.01450	0.10647	0.22829	0.01832	0.19315	0.01477	0.01514	0.01020	0.00655	0.00577	0.00191	0.00682	0.00531	0.00506	0.00918
57	0.01869	0.04656	0.01577	0.01464	0.05457	0.51774	0.01057	0.02054	0.01661	0.01656	0.10389	0.02108	0.10169	0.00807	0.00591	0.00168	0.00878	0.00593	0.00386	0.00687
58	0.00888	0.00601	0.00706	0.00706	0.00719	0.00614	0.00418	0.00915	0.00901	0.01215	0.01894	0.03813	0.02142	0.69608	0.11881	0.00640	0.00719	0.00862	0.00366	0.00392
59	0.41594	0.05901	0.03093	0.01151	0.01540	0.24711	0.00939	0.09162	0.03191	0.02378	0.00988	0.01113	0.00778	0.00609	0.00467	0.00176	0.00709	0.00384	0.00380	0.00735
60	0.01513	0.01461	0.02521	0.03719	0.72354	0.01457	0.04164	0.01881	0.01395	0.01999	0.01154	0.01519	0.00968	0.00544	0.00610	0.00183	0.00737	0.00551	0.00303	0.00965
61	0.02311	0.02799	0.01721	0.01549	0.01876	0.70805	0.01168	0.03828	0.01758	0.05259	0.01030	0.01160	0.00830	0.00639	0.00556	0.00160	0.01066	0.00408	0.00343	0.00733
62	0.00947	0.00717	0.00887	0.00843	0.01017	0.00700	0.00646	0.01406	0.10645	0.02374	0.56223	0.04528	0.09620	0.01248	0.00718	0.00201	0.00333	0.05673	0.00653	0.00621
63	0.00840	0.00625	0.00782	0.00743	0.00898	0.00566	0.00557	0.01105	0.01671	0.02308	0.61903	0.04813	0.18311	0.01306	0.00722	0.00195	0.00293	0.01141	0.00655	0.00566
64	0.01503	0.01489	0.02684	0.03549	0.62033	0.01471	0.14355	0.01893	0.01403	0.01993	0.01167	0.01539	0.00962	0.00540	0.00627	0.00186	0.00781	0.00577	0.00304	0.00944
65	0.02517	0.01252	0.01531	0.01191	0.01657	0.01232	0.00978	0.22096	0.08779	0.48784	0.02163	0.01934	0.01418	0.00758	0.00615	0.00190	0.00559	0.00605	0.00705	0.01035
66	0.00890	0.00595	0.00676	0.00676	0.00680	0.00598	0.00382	0.00896	0.00893	0.01193	0.01921	0.03961	0.02206	0.76415	0.05162	0.00604	0.00623	0.00884	0.00370	0.00376
67	0.00875	0.00652	0.00967	0.00967	0.01070	0.00756	0.00744	0.01082	0.00979	0.01408	0.01655	0.02491	0.01568	0.08585	0.72119	0.00963	0.01583	0.00669	0.00330	0.00537
68	0.01655	0.01381	0.01459	0.01273	0.01642	0.01584	0.01001	0.14688	0.61912	0.02774	0.02323	0.02150	0.01732	0.00815	0.00621	0.00204	0.00516	0.00669	0.00621	0.00981
69	0.02542	0.01250	0.01528	0.01176	0.01642	0.01223	0.00970	0.26397	0.02113	0.48230	0.02080	0.01884	0.01358	0.00748	0.00607	0.00186	0.00563	0.00592	0.03886	0.01023
70	0.74327	0.01203	0.01078	0.00919	0.01316	0.01360	0.04715	0.01866	0.01099	0.06230	0.00950	0.01084	0.00719	0.00575	0.00410	0.00190	0.00507	0.00367	0.00393	0.00691
71	0.00881	0.00650	0.00846	0.00919	0.01059	0.00615	0.00745	0.01119	0.01451	0.01908	0.20009	0.15021	0.17134	0.01593	0.00787	0.00244	0.00429	0.33450	0.00590	0.00550
72	0.00744	0.00561	0.00688	0.00783	0.00871	0.00506	0.00539	0.00870	0.01256	0.01620	0.06645	0.54808	0.24317	0.01789	0.00763	0.00235	0.00340	0.01590	0.00572	0.00506
73	0.00906	0.00659	0.00936	0.00973	0.01074	0.00723	0.00763	0.01108	0.01081	0.01493	0.02105	0.03834	0.02161	0.15143	0.45101	0.00739	0.01196	0.19082	0.00397	0.00524
74	0.01658	0.76396	0.03160	0.01065	0.01581	0.04806	0.01052	0.01853	0.01260	0.01442	0.00854	0.00986	0.00786	0.00527	0.00398	0.00132	0.00669	0.00329	0.00264	0.00783
75	0.00911	0.00672	0.00806	0.00760	0.00942	0.00618	0.00574	0.01234	0.05403	0.04231	0.48520	0.04772	0.25669	0.01304	0.00714	0.00197	0.00312	0.01126	0.00642	0.00593
76	0.00769	0.00545	0.00720	0.00854	0.00903	0.00511	0.00585	0.00892	0.01193	0.01600	0.03396	0.70349	0.05623	0.01863	0.00774	0.00247	0.00364	0.05497	0.02814	0.00503
77	0.01638	0.13603	0.05113	0.01500	0.01953	0.05593	0.13748	0.11718	0.31558	0.02341	0.01768	0.03887	0.01386	0.00724	0.00602	0.00190	0.00679	0.00626	0.00477	0.00895
78	0.01285	0.01168	0.01694	0.01405	0.01741	0.01227	0.16973	0.02273	0.35196	0.02260	0.13533	0.11525	0.05030	0.00977	0.00683	0.00210	0.00557	0.00907	0.00552	0.00805
79	0.00886	0.00593	0.00676	0.00679	0.00682	0.00595	0.00384	0.00894	0.00899	0.01201	0.01959	0.05824	0.02256	0.74955	0.04654	0.00593	0.00610	0.00906	0.00375	0.00378
80	0.82811	0.01184	0.00900	0.00805	0.01184	0.01373	0.00663	0.01799	0.01042	0.02746	0.00852	0.00994	0.00663	0.00568	0.00379	0.00189	0.00474	0.00331	0.00379	0.00663
81	0.01282	0.08236	0.60423	0.01612	0.02426	0.01469	0.01992	0.02017	0.07126	0.01957	0.01193	0.01349	0.00871	0.00591	0.00565	0.00185	0.00830	0.00458	0.00294	0.05125
82	0.00829	0.00659	0.00943	0.00953	0.01083	0.00595	0.05612	0.00981	0.01221	0.01630	0.03361	0.59857	0.10959	0.01679	0.00748	0.00230	0.00405	0.01526	0.00536	0.06193
83	0.01974	0.01530	0.01641	0.01310	0.01760	0.01678	0.01061	0.44047	0.25072	0.03273	0.01757	0.01708	0.01290	0.00739	0.00601	0.00183	0.00593	0.00578	0.00592	0.08614
84	0.01300	0.20159	0.54797	0.01532	0.02308	0.01601	0.01892	0.01871	0.01306	0.01855	0.05165	0.01407	0.01059	0.00606	0.00547	0.00180	0.00813	0.00461	0.00283	0.00859
85	0.01332	0.20731	0.56295	0.01567	0.02366	0.01658	0.01940	0.01954	0.03465	0.01841	0.01083	0.01250	0.00811	0.00576	0.00539	0.00180	0.00834	0.00430	0.00270	0.00879
86	0.01678	0.00826	0.01040	0.00880	0.01192	0.00724	0.00696	0.03230	0.01643	0.34316	0.18140	0.06039	0.24784	0.01135	0.00675	0.00197	0.00407	0.00955	0.00674	0.00770
87	0.01413	0.01207	0.07135	0.11306	0.05401	0.01110	0.02885	0.09552	0.11542	0.10688	0.09363	0.07931	0.15906	0.00991	0.00657	0.00201	0.00552	0.00847	0.00529	0.00784
88	0.03233	0.01883	0.12670	0.02196	0.02766	0.06468	0.46147	0.04423	0.01450	0.04140	0.01198	0.01533	0.00904	0.00596	0.00790	0.00205	0.07616	0.00631	0.00325	0.00825
89	0.02069	0.02504	0.01946	0.02193	0.22442	0.54973	0.01379	0.02285	0.01638	0.01640	0.01004	0.01220	0.00840	0.00607	0.00567	0.00165	0.00998	0.00437	0.00312	0.00783
90	0.03743	0.01105	0.01810	0.60188	0.13067	0.01322	0.01609	0.01603	0.01244	0.01704	0.01147	0.01639	0.00880	0.00608	0.00592	0.00197	0.00760	0.00539	0.05532	0.00710
91	0.01515	0.01454	0.02485	0.03757	0.74669	0.01454	0.01879	0.01879	0.01394	0.02000	0.01151	0.01515	0.00970	0.00545	0.00606	0.00182	0.00727	0.00545	0.00303	0.00970
92	0.00874	0.00656	0.00984	0.00984	0.01093	0.00765	0.00765	0.01093	0.00984	0.01421	0.01640	0.02405	0.01530	0.04591	0.76062	0.00984	0.01640	0.00656	0.00328	0.00547
93	0.02746	0.01042	0.01421	0.01089	0.01563	0.00900	0.00900	0.02983	0.01752	0.75093	0.02415	0.02083	0.01515	0.00758	0.00616	0.00189	0.00521	0.00616	0.00758	0.01042
94	0.01503	0.01457	0.02533	0.05407	0.68996	0.01457	0.05846	0.01876	0.01393	0.01987	0.01155	0.01525	0.00964	0.00545	0.00613	0.00184	0.00746	0.00555	0.00303	0.00955
95	0.01058	0.00535	0.00803	0.00803	0.00806	0.00538	0.00538	0.00806	0.00803	0.01073	0.01079	0.01876	0.01076	0.02196	0.04459	0.79912	0.00563	0.00535	0.00268	0.00274
96	0.01496	0.01435	0.02451	0.07601	0.70972	0.01449	0.01869	0.01862	0.01385	0.01977	0.01148	0.01521	0.00962	0.00549	0.00606	0.00183	0.00732	0.00545	0.00301	0.00954
97	0.02746	0.01042	0.01421	0.01089	0.01563	0.00900	0.00900	0.02983	0.01752	0.75093	0.02415	0.02083	0.01515	0.00758	0.00616	0.00189	0.00521	0.00616	0.00758	0.01042
98	0.02628	0.01127	0.01461	0.01131	0.01599	0.01040	0.00931	0.10110	0.06284	0.63359	0.02323	0.02033	0.01489	0.00760	0.00616	0.00190	0.00534	0.00614	0.00735	0.01037
99	0.00874	0.00656	0.00984	0.00984	0.01093	0.00765	0.00765	0.01093	0.00984	0.01421	0.01640	0.02405	0.01530	0.04591	0.76062	0.00984	0.01640	0.00656	0.00328	0.00547
100	0.00724	0.00617	0.00623	0.00627	0.00829	0.00516	0.00468	0.00878	0.01388	0.01651	0.06115	0.08084	0.72283	0.01561	0.00725	0.00208	0.00311	0.01306	0.00568	0.00516
101	0.01339	0.01339	0.01875	0.01607	0.01607	0.01875	0.01339	0.01473	0.00937	0.01473	0.00804	0.01339	0.00804	0.01071	0.02009	0.00268	0.77367	0.00536	0.00268	0.00670
102	0.02247	0.02841	0.01774	0.01690	0.05672	0.72157	0.01219	0.02415	0.01717	0.01524	0.00957	0.01125	0.00798	0.00626	0.00555	0.00159	0.01084	0.00402	0.00315	0.00723
103	0.01203	0.00630	0.00636	0.00614	0.00775	0.00639	0.00466	0.05124	0.01366	0.02364	0.01969	0.02240	0.01542	0.00714	0.00437	0.00145	0.00305	0.00570	0.77665	0.00595
104	0.00745	0.00535	0.00708	0.00845	0.00886	0.00498	0.00565	0.00853	0.01179	0.01565	0.03460	0.75895	0.06186	0.01907	0.00780	0.00247	0.00354	0.01727	0.00568	0.00498
105	0.01584	0.01431	0.02425	0.03607	0.70554	0.01423	0.01824	0.01941	0.01414	0.06114	0.01223	0.01547	0.01000	0.00557	0.00607	0.00182	0.00716	0.00549	0.00329	0.00974
106	0.02182	0.02586	0.05560	0.01518	0.01891	0.54844	0.01206	0.09263	0.08588	0.04911	0.01211	0.01301	0.00944	0.00662	0.00569	0.00168	0.00969	0.00450	0.00388	0.00790
107	0.82811	0.01184	0.00900	0.00805	0.01184	0.01373	0.00663	0.01799	0.01042	0.02746	0.00852	0.00994	0.00663	0.00568	0.00379	0.00189	0.00474	0.00331	0.00379	0.00663
108	0.01223	0.06060	0.67025	0.01687	0.02524	0.01416	0.03550	0.01878	0.01287	0.01899	0.01211	0.05317	0.00951	0.00648	0.00587	0.00194	0.00868	0.00520	0.00276	0.00877
109	0.01361	0.01177	0.01402	0.01317	0.04484	0.01302	0.04417	0.02629	0.50371	0.02383	0.09775	0.05809	0.05367	0.00963	0.00659	0.00210	0.00493	0.04423	0.00592	0.00865
110	0.01269	0.01088	0.01269	0.00907	0.01451	0.00816	0.00725	0.01541	0.01269	0.01995	0.01088	0.01269	0.00907	0.00453	0.00453	0.00091	0.00453	0.00363	0.00363	0.82229
111	0.00918	0.00752	0.00928	0.03878	0.03016	0.00753	0.00691	0.01275	0.08167	0.02006	0.28869	0.12755	0.27245	0.01334	0.00775	0.00209	0.04112	0.01136	0.00577	0.00603
112	0.01452	0.01123	0.01317	0.00952	0.01487	0.00890	0.00766	0.06088	0.01408	0.07897	0.01217	0.01346	0.00963	0.00495	0.00476	0.00104	0.00472	0.00394	0.00409	0.70741
113	0.80693	0.01169	0.00894	0.00801	0.01170	0.01353	0.00655	0.01776	0.01038	0.02706	0.00880	0.01072	0.00703	0.02583	0.00450	0.00200	0.00477	0.00346	0.00379	0.00655
114	0.04702	0.01211	0.01305	0.00962	0.01483	0.04830	0.00768	0.04420	0.01360	0.03963	0.01120	0.01278	0.00912	0.00486	0.00466	0.00104	0.00499	0.00377	0.00381	0.69372
115	0.01106	0.00787	0.01055	0.01031	0.01237	0.00738	0.02616	0.04080	0.01411	0.05277	0.08582	0.19454	0.03125	0.06239	0.00889	0.00252	0.00501	0.29549	0.00539	0.11532
116	0.08536	0.04630	0.04352	0.03687	0.24008	0.06291	0.10378	0.02056	0.08087	0.06765	0.01304	0.01502	0.01018	0.00576	0.00565	0.00170	0.00692	0.00516	0.00377	0.14491
117	0.07484	0.23197	0.16476	0.01216	0.01706	0.03516	0.01195	0.15730	0.05402	0.02252	0.07644	0.01871	0.01480	0.05740	0.00705	0.00202	0.00659	0.02310	0.00410	0.00808
118	0.08285	0.24747	0.25759	0.01269	0.01822	0.06130	0.01349	0.01895	0.01297	0.08583	0.01418	0.01623	0.04780	0.04699	0.00707	0.00197	0.03818	0.00487	0.00342	0.00793
119	0.13658	0.18124	0.27448	0.01300	0.01850	0.09960	0.01371	0.01853	0.03156	0.01886	0.01307	0.08499	0.01184	0.00734	0.00533	0.00181	0.00725	0.02707	0.00335	0.03190
120	0.06524	0.29289	0.28052	0.01467	0.04942	0.07094	0.01504	0.09454	0.02974	0.02001	0.01057	0.01201	0.00832	0.00584	0.00506	0.00168	0.00765	0.00416	0.00318	0.00853
121	0.06829	0.17492	0.30360	0.01408	0.02035	0.09870	0.04646	0.03862	0.01351	0.01883	0.01058	0.01294	0.00849	0.03012	0.00597	0.00176	0.00778	0.00430	0.00303	0.11767
122	0.08543	0.24382	0.21991	0.01389	0.01929	0.11496	0.06722	0.03258	0.01356	0.03132	0.04027	0.01467	0.01076	0.04516	0.00678	0.00193	0.02273	0.00474	0.00320	0.00778
123	0.05833	0.21364	0.12014	0.01170	0.01598	0.09723	0.01086	0.12542	0.01560	0.02036	0.03986	0.13952	0.07022	0.00899	0.00568	0.00179	0.00643	0.00710	0.00414	0.02700
124	0.05533	0.09456	0.14620	0.01277	0.03664	0.06402	0.03583	0.08125	0.03023	0.10651	0.05479	0.11348	0.07551	0.03238	0.00679	0.00200	0.00629	0.00741	0.00459	0.03344
125	0.11001	0.03723	0.07695	0.05228	0.04505	0.16731	0.01052	0.07639	0.01584	0.07550	0.13087	0.03931	0.07085	0.03376	0.00681	0.00201	0.00659	0.03081	0.00460	0.00729
126	0.11093	0.06215	0.06987	0.01305	0.05560	0.05690	0.02848	0.08973	0.06169	0.07455	0.03350	0.10831	0.06157	0.01208	0.06699	0.00259	0.03875	0.02039	0.00454	0.02832
127	0.10867	0.07256	0.06179	0.01332	0.04562	0.17432	0.01074	0.10950	0.03110	0.09921	0.05099	0.05104	0.01419	0.03132	0.00715	0.00195	0.04673	0.02094	0.00442	0.04445
128	0.19512	0.10378	0.04777	0.01255	0.01692	0.13031	0.05722	0.16151	0.01664	0.07437	0.01495	0.03752	0.04109	0.00716	0.00541	0.00178	0.00681	0.02126	0.00436	0.04347
129	0.07928	0.07277	0.07780	0.01369	0.04748	0.16015	0.01122	0.19498	0.05312	0.08874	0.02749	0.01586	0.01145	0.04741	0.00686	0.00192	0.00711	0.00506	0.00452	0.07308

[dist]
# distance from previous block
# <min> <max>
44	188

[block]
# block no. 1 follows, 37 sequences, length 10
# corresponding to MSA columns:
# 475-484
name=unknown_B
#
# <colnr> <probs for GDERKNQSTAVLIFYWHMCP>
#	G	D	E	R	K	N	Q	S	T	A	V	L	I	F	Y	W	H	M	C	P
0	0.04198	0.01490	0.01631	0.01305	0.01735	0.10025	0.07477	0.15068	0.19217	0.04830	0.06758	0.01821	0.01512	0.00693	0.00582	0.00168	0.00621	0.00574	0.00496	0.19800
1	0.07612	0.14223	0.16527	0.01247	0.01722	0.03299	0.05563	0.06584	0.06799	0.06188	0.14149	0.05759	0.03823	0.00808	0.00584	0.00183	0.00615	0.00665	0.00449	0.03201
2	0.26048	0.01579	0.09064	0.01160	0.01628	0.05568	0.01027	0.18289	0.08161	0.09797	0.04048	0.01518	0.01169	0.00668	0.00527	0.00180	0.00597	0.00489	0.00484	0.07997
3	0.41179	0.05668	0.01299	0.01079	0.03417	0.06050	0.02915	0.09248	0.05643	0.02496	0.04527	0.05988	0.06736	0.00777	0.00508	0.00190	0.00542	0.00579	0.00440	0.00720
4	0.01343	0.00906	0.01060	0.00926	0.01188	0.00890	0.00709	0.10009	0.10534	0.11042	0.25133	0.07728	0.12738	0.07453	0.00869	0.00225	0.00427	0.00933	0.00608	0.05278
5	0.01796	0.06012	0.06934	0.01849	0.06413	0.06359	0.23808	0.17358	0.06018	0.09583	0.01485	0.03938	0.01138	0.00660	0.00629	0.00187	0.00787	0.00621	0.00442	0.03984
6	0.00860	0.00677	0.00895	0.01057	0.06479	0.00638	0.00683	0.01063	0.03681	0.01657	0.03414	0.50402	0.14553	0.01793	0.04861	0.00268	0.00456	0.01416	0.00527	0.04622
7	0.05710	0.11495	0.01656	0.03446	0.01646	0.04373	0.00992	0.20733	0.27812	0.02564	0.01944	0.11615	0.01662	0.00880	0.00596	0.00194	0.00572	0.00710	0.00532	0.00869
8	0.01351	0.00986	0.01171	0.00900	0.01343	0.00793	0.00712	0.01660	0.04152	0.10830	0.08532	0.04595	0.08641	0.00729	0.00540	0.00133	0.00431	0.00607	0.00475	0.51420
9	0.01510	0.23603	0.38955	0.01637	0.07623	0.01723	0.01718	0.07533	0.04169	0.04447	0.01161	0.01302	0.00880	0.00590	0.00537	0.00175	0.00776	0.00447	0.00321	0.00895

[dist]
# distance from previous block
# <min> <max>
0	36

[block]
# block no. 2 follows, 37 sequences, length 15
# corresponding to MSA columns:
# 521-535
name=unknown_C
#
# <colnr> <probs for GDERKNQSTAVLIFYWHMCP>
#	G	D	E	R	K	N	Q	S	T	A	V	L	I	F	Y	W	H	M	C	P
0	0.01476	0.01499	0.02887	0.02594	0.20546	0.01454	0.41307	0.08016	0.01551	0.02127	0.03533	0.05703	0.01311	0.00663	0.00690	0.00202	0.00858	0.02371	0.00364	0.00850
1	0.01275	0.00967	0.01096	0.01012	0.01276	0.00985	0.00828	0.21215	0.03614	0.02387	0.07627	0.06303	0.26959	0.01334	0.00725	0.00221	0.00487	0.20411	0.00587	0.00691
2	0.28501	0.01390	0.08822	0.01160	0.01570	0.04403	0.06355	0.02006	0.12003	0.08497	0.02184	0.02491	0.10836	0.00844	0.00573	0.00202	0.00579	0.06365	0.00467	0.00752
3	0.01717	0.01508	0.02235	0.02973	0.50750	0.01570	0.01628	0.19502	0.07594	0.02505	0.01338	0.01566	0.01060	0.00615	0.00609	0.00184	0.00694	0.00559	0.00405	0.00987
4	0.02424	0.01193	0.01963	0.01458	0.01968	0.01060	0.18609	0.02730	0.01676	0.56991	0.02124	0.01976	0.01370	0.00698	0.00642	0.00194	0.00647	0.00642	0.00647	0.00988
5	0.01663	0.01667	0.03173	0.02290	0.02877	0.01635	0.54802	0.19452	0.01800	0.02430	0.01296	0.01606	0.00957	0.00570	0.00695	0.00201	0.00943	0.00680	0.00385	0.00879
6	0.01421	0.01854	0.20470	0.07988	0.52295	0.01440	0.01962	0.01873	0.01358	0.01957	0.01134	0.01467	0.00912	0.00559	0.00600	0.00186	0.00777	0.00522	0.00290	0.00935
7	0.00830	0.00637	0.00864	0.00872	0.00996	0.00680	0.00662	0.01017	0.01092	0.01476	0.02882	0.07737	0.19750	0.06997	0.49768	0.00731	0.01189	0.00887	0.00403	0.00528
8	0.01088	0.00620	0.00631	0.00622	0.00785	0.00613	0.00468	0.01430	0.05158	0.02210	0.05595	0.02915	0.12656	0.00867	0.00494	0.00158	0.00300	0.00707	0.62099	0.00584
9	0.01691	0.01801	0.02272	0.06251	0.53738	0.19910	0.01699	0.02006	0.01471	0.01858	0.01098	0.01418	0.00918	0.00569	0.00593	0.00177	0.00824	0.00508	0.00305	0.00893
10	0.00944	0.00587	0.00835	0.00844	0.00886	0.00624	0.00589	0.00923	0.00905	0.01245	0.01573	0.07358	0.01630	0.16606	0.28739	0.33340	0.00927	0.00718	0.00326	0.00400
11	0.02353	0.01053	0.01523	0.19883	0.02219	0.01014	0.01098	0.02632	0.01621	0.56893	0.02086	0.01972	0.01342	0.00722	0.00615	0.00193	0.00594	0.00598	0.00637	0.00952
12	0.37520	0.01397	0.04265	0.01013	0.01463	0.06079	0.00852	0.07695	0.05904	0.06944	0.01175	0.01268	0.00895	0.00586	0.00466	0.00164	0.00547	0.00406	0.00423	0.20939
13	0.01887	0.01422	0.01512	0.01205	0.01617	0.01536	0.00980	0.51183	0.06266	0.03243	0.02695	0.02607	0.19248	0.00942	0.00640	0.00191	0.00574	0.00742	0.00602	0.00907
14	0.02617	0.01249	0.01549	0.01188	0.01666	0.01208	0.00981	0.24483	0.02100	0.53103	0.02123	0.01894	0.01369	0.00751	0.00615	0.00188	0.00568	0.00596	0.00713	0.01042

[dist]
# distance from previous block
# <min> <max>
0	8

[block]
# block no. 3 follows, 37 sequences, length 9
# corresponding to MSA columns:
# 544-552
name=unknown_D
#
# <colnr> <probs for GDERKNQSTAVLIFYWHMCP>
#	G	D	E	R	K	N	Q	S	T	A	V	L	I	F	Y	W	H	M	C	P
0	0.02326	0.01066	0.01368	0.01082	0.01497	0.00995	0.00881	0.10780	0.05587	0.51155	0.14119	0.02431	0.02178	0.00840	0.00633	0.00190	0.00499	0.00693	0.00720	0.00962
1	0.00785	0.00635	0.00736	0.03883	0.00999	0.00569	0.00557	0.00987	0.01471	0.01878	0.25778	0.10442	0.46210	0.01449	0.00722	0.00205	0.00328	0.01238	0.00587	0.00540
2	0.03051	0.06480	0.10621	0.01505	0.04652	0.22586	0.06228	0.04878	0.11884	0.01912	0.03605	0.11018	0.01621	0.01006	0.03631	0.00223	0.00806	0.03117	0.00411	0.00765
3	0.02155	0.02707	0.01665	0.01522	0.01818	0.69017	0.01144	0.02318	0.01665	0.01491	0.01011	0.01225	0.00858	0.01000	0.07588	0.00235	0.01154	0.00419	0.00317	0.00694
4	0.00768	0.00547	0.00699	0.00810	0.00849	0.00514	0.00531	0.00860	0.01137	0.01506	0.03279	0.62275	0.07307	0.14470	0.01162	0.00303	0.00392	0.01578	0.00536	0.00477
5	0.01571	0.01588	0.11958	0.17927	0.08810	0.01395	0.25249	0.02041	0.03207	0.13873	0.01383	0.01659	0.01002	0.00625	0.00721	0.00203	0.04962	0.00607	0.00374	0.00848
6	0.01643	0.01607	0.02370	0.03392	0.62880	0.08354	0.01765	0.06875	0.01529	0.02083	0.01155	0.01474	0.00958	0.00567	0.00601	0.00180	0.00758	0.00532	0.00326	0.00951
7	0.02418	0.00958	0.01304	0.01050	0.01452	0.00834	0.00845	0.02633	0.01657	0.63021	0.02572	0.14562	0.01931	0.00948	0.00643	0.00199	0.00494	0.00800	0.00727	0.00952
8	0.00791	0.00562	0.00724	0.00830	0.00878	0.00532	0.00562	0.00901	0.01174	0.01560	0.06120	0.55246	0.06357	0.14432	0.01165	0.00304	0.00405	0.06435	0.00540	0.00485

[dist]
# distance from previous block
# <min> <max>
0	9

[block]
# block no. 4 follows, 37 sequences, length 8
# corresponding to MSA columns:
# 562-569
name=unknown_E
#
# <colnr> <probs for GDERKNQSTAVLIFYWHMCP>
#	G	D	E	R	K	N	Q	S	T	A	V	L	I	F	Y	W	H	M	C	P
0	0.01534	0.18788	0.06544	0.13357	0.09637	0.06265	0.03671	0.07602	0.02981	0.01799	0.01026	0.01348	0.00863	0.00719	0.00933	0.00198	0.21151	0.00489	0.00311	0.00786
1	0.00784	0.00551	0.00706	0.00807	0.00840	0.00523	0.00525	0.00876	0.01138	0.01524	0.06652	0.57888	0.03731	0.18908	0.01297	0.00322	0.00405	0.01519	0.00530	0.00473
2	0.00776	0.00553	0.00694	0.00794	0.00834	0.00520	0.00517	0.00863	0.01126	0.01486	0.03261	0.56305	0.08821	0.18915	0.01296	0.00322	0.00405	0.01518	0.00524	0.00471
3	0.01781	0.01704	0.04410	0.01847	0.06555	0.07113	0.20645	0.22825	0.21634	0.02643	0.01618	0.01713	0.01206	0.00678	0.00640	0.00195	0.00761	0.00622	0.00482	0.00930
4	0.01512	0.01260	0.01578	0.01764	0.17779	0.01387	0.01138	0.02705	0.46543	0.06033	0.02180	0.05456	0.01728	0.01024	0.04897	0.00247	0.00600	0.00700	0.00540	0.00928
5	0.64697	0.01218	0.01117	0.00983	0.01278	0.01485	0.00813	0.01727	0.01019	0.02463	0.00841	0.01071	0.00694	0.00680	0.00741	0.00207	0.17570	0.00377	0.00354	0.00664
6	0.01407	0.01846	0.18030	0.11567	0.08961	0.01477	0.35607	0.06637	0.01489	0.02057	0.04025	0.01663	0.01081	0.00587	0.00662	0.00199	0.00900	0.00633	0.00328	0.00841
7	0.04791	0.34359	0.25633	0.18149	0.02484	0.01825	0.01561	0.01805	0.01246	0.01680	0.00982	0.01225	0.00784	0.00564	0.00501	0.00170	0.00762	0.00415	0.00268	0.00795

[dist]
# distance from previous block
# <min> <max>
0	17

# created by:
# /home/cegg/simao/soft/augustus-3.2.1/scripts/msa2prfl.pl ./align_prep/EOG090W0GOL.fa
