[name]
unknown

[dist]
# distance from previous block
# <min> <max>
0	96

[block]
# block no. 0 follows, 31 sequences, length 19
# corresponding to MSA columns:
# 100-118
name=unknown_A
#
# <colnr> <probs for GDERKNQSTAVLIFYWHMCP>
#	G	D	E	R	K	N	Q	S	T	A	V	L	I	F	Y	W	H	M	C	P
0	0.02350	0.02895	0.07055	0.01690	0.02083	0.55915	0.01369	0.02592	0.01866	0.06151	0.01437	0.01987	0.01246	0.00832	0.00658	0.00196	0.01114	0.07340	0.00407	0.00816
1	0.02708	0.01251	0.01603	0.01215	0.01761	0.01101	0.00998	0.09756	0.01984	0.51955	0.02309	0.02086	0.01510	0.00779	0.00653	0.00190	0.00585	0.00627	0.00746	0.16182
2	0.01500	0.01299	0.01793	0.01507	0.01869	0.01383	0.13030	0.02664	0.37078	0.04243	0.12832	0.09952	0.02795	0.03831	0.00853	0.00249	0.00609	0.00968	0.00630	0.00915
3	0.02332	0.09173	0.02111	0.01684	0.07139	0.11870	0.01282	0.36027	0.09550	0.06614	0.01659	0.01698	0.01234	0.00778	0.00644	0.00197	0.00775	0.00587	0.03594	0.01050
4	0.01256	0.00798	0.01016	0.01027	0.01184	0.00767	0.00739	0.07890	0.01655	0.09413	0.13532	0.50288	0.04194	0.01770	0.00826	0.00255	0.00440	0.01581	0.00679	0.00691
5	0.00978	0.00729	0.01077	0.01077	0.01191	0.00843	0.00827	0.01207	0.01093	0.01572	0.01853	0.02802	0.01760	0.09639	0.68805	0.01072	0.01758	0.00750	0.00370	0.00598
6	0.01009	0.00707	0.00883	0.00850	0.01029	0.00637	0.00633	0.01276	0.01793	0.05373	0.47760	0.12574	0.19879	0.01523	0.00809	0.00225	0.00346	0.01331	0.00720	0.00644
7	0.02230	0.02045	0.02045	0.02038	0.14383	0.16735	0.01398	0.28949	0.17626	0.03072	0.01712	0.01769	0.01297	0.00783	0.00672	0.00205	0.00816	0.00613	0.00557	0.01054
8	0.01714	0.01208	0.01336	0.01187	0.01538	0.01306	0.00926	0.02956	0.41778	0.12659	0.10102	0.03083	0.07590	0.01012	0.00694	0.00220	0.00489	0.00846	0.08389	0.00969
9	0.01946	0.01321	0.01378	0.01189	0.01552	0.04349	0.00937	0.12324	0.27763	0.13266	0.02376	0.02334	0.01750	0.00853	0.00627	0.00202	0.00542	0.00685	0.23641	0.00965
10	0.01399	0.01384	0.02518	0.52649	0.11933	0.01573	0.14994	0.01873	0.01437	0.01888	0.01257	0.01814	0.00956	0.00655	0.00707	0.00226	0.00948	0.00647	0.00316	0.00828
11	0.00851	0.00636	0.00768	0.00853	0.00951	0.00578	0.00582	0.00987	0.01390	0.01798	0.08812	0.44549	0.23459	0.09140	0.01104	0.00298	0.00404	0.01665	0.00621	0.00554
12	0.01259	0.00836	0.01003	0.00901	0.01150	0.00772	0.00694	0.06461	0.01923	0.09762	0.40130	0.05000	0.24683	0.01397	0.00786	0.00219	0.00388	0.01195	0.00723	0.00717
13	0.00902	0.00646	0.00835	0.00960	0.01029	0.00613	0.00679	0.01043	0.01331	0.01749	0.03748	0.48681	0.08951	0.12305	0.01243	0.00335	0.00472	0.13325	0.00604	0.00551
14	0.01618	0.01664	0.04794	0.12738	0.18344	0.01635	0.30528	0.08530	0.01686	0.02302	0.01523	0.07073	0.01286	0.00750	0.00779	0.00226	0.02415	0.00788	0.00390	0.00931
15	0.05658	0.01402	0.01641	0.01370	0.03964	0.01445	0.01068	0.27486	0.06600	0.25613	0.08814	0.02376	0.01956	0.03737	0.00786	0.00226	0.00617	0.00714	0.03483	0.01041
16	0.01980	0.31692	0.10444	0.01506	0.03832	0.04943	0.05628	0.02553	0.11771	0.14446	0.01613	0.01649	0.01221	0.00692	0.00584	0.00185	0.00751	0.00538	0.00461	0.03511
17	0.01803	0.01517	0.09328	0.01227	0.01749	0.01244	0.01089	0.16284	0.06341	0.11509	0.06949	0.02360	0.05976	0.02156	0.00686	0.00188	0.00594	0.00668	0.05615	0.22719
18	0.04467	0.09043	0.11037	0.01572	0.04875	0.16090	0.01326	0.08665	0.16566	0.08766	0.04746	0.06483	0.01702	0.00870	0.00654	0.00207	0.00776	0.00684	0.00523	0.00949

[dist]
# distance from previous block
# <min> <max>
0	16

[block]
# block no. 1 follows, 31 sequences, length 33
# corresponding to MSA columns:
# 137-169
name=unknown_B
#
# <colnr> <probs for GDERKNQSTAVLIFYWHMCP>
#	G	D	E	R	K	N	Q	S	T	A	V	L	I	F	Y	W	H	M	C	P
0	0.02198	0.02052	0.02098	0.09406	0.02392	0.19778	0.05257	0.24685	0.05485	0.05951	0.01424	0.01624	0.01087	0.00829	0.00922	0.00218	0.12570	0.00590	0.00489	0.00945
1	0.05631	0.01869	0.12947	0.13391	0.02525	0.01742	0.01491	0.22967	0.21456	0.06240	0.01847	0.01905	0.01341	0.00794	0.00670	0.00219	0.00741	0.00634	0.00559	0.01031
2	0.01146	0.00821	0.00919	0.00930	0.00995	0.06009	0.00629	0.01105	0.01217	0.01558	0.09674	0.16977	0.06741	0.13681	0.01995	0.33101	0.00571	0.01023	0.00453	0.00456
3	0.01715	0.13557	0.05880	0.01808	0.02301	0.07093	0.20697	0.04908	0.16085	0.03956	0.05044	0.04982	0.02962	0.00839	0.00782	0.00217	0.05048	0.00745	0.00467	0.00915
4	0.01747	0.63235	0.15996	0.01311	0.01973	0.02505	0.01415	0.02070	0.01400	0.01710	0.01001	0.01160	0.00876	0.00597	0.00477	0.00159	0.00782	0.00391	0.00292	0.00902
5	0.00859	0.00606	0.00786	0.00920	0.00953	0.00573	0.00600	0.00959	0.01260	0.01680	0.03516	0.64296	0.04203	0.13797	0.01285	0.00339	0.00439	0.01795	0.00600	0.00533
6	0.01409	0.01676	0.12531	0.01321	0.01650	0.12123	0.01168	0.01800	0.05275	0.01845	0.01629	0.02290	0.01461	0.10861	0.24056	0.00536	0.05900	0.00646	0.05186	0.06638
7	0.01510	0.01387	0.02124	0.44709	0.09590	0.01719	0.01766	0.08919	0.01510	0.02039	0.01198	0.01722	0.00950	0.00804	0.01025	0.00239	0.17009	0.00607	0.00346	0.00828
8	0.09594	0.00960	0.01402	0.01600	0.12412	0.00938	0.05994	0.01450	0.01402	0.05275	0.03044	0.42917	0.07243	0.01540	0.00777	0.00250	0.00538	0.01394	0.00554	0.00716
9	0.00911	0.00654	0.00831	0.00870	0.00965	0.00609	0.00601	0.01099	0.01537	0.02102	0.31471	0.32305	0.08998	0.12412	0.01217	0.00305	0.00402	0.01488	0.00652	0.00574
10	0.14294	0.01187	0.01405	0.12563	0.02014	0.01083	0.00958	0.01716	0.01361	0.02254	0.01363	0.06950	0.01214	0.00677	0.00548	0.00152	0.00566	0.00546	0.00409	0.48738
11	0.01352	0.01885	0.20219	0.01530	0.01941	0.09915	0.05283	0.01750	0.01332	0.01828	0.01513	0.02058	0.01302	0.02742	0.33965	0.00619	0.05861	0.00630	0.03512	0.00766
12	0.00859	0.00606	0.00786	0.00920	0.00953	0.00573	0.00600	0.00959	0.01260	0.01680	0.03516	0.64296	0.04203	0.13797	0.01285	0.00339	0.00439	0.01795	0.00600	0.00533
13	0.01242	0.01140	0.01902	0.62754	0.04161	0.01415	0.01735	0.01665	0.01326	0.01723	0.01313	0.01960	0.01038	0.01386	0.12140	0.00366	0.01057	0.00628	0.00314	0.00736
14	0.01765	0.13770	0.03655	0.02540	0.06310	0.10445	0.47179	0.02229	0.01615	0.02040	0.01272	0.01647	0.00996	0.00595	0.00720	0.00210	0.01080	0.00684	0.00338	0.00908
15	0.02096	0.01488	0.01656	0.01372	0.01768	0.01603	0.01088	0.45932	0.02590	0.06700	0.02326	0.23693	0.02190	0.01217	0.00741	0.00227	0.00639	0.01015	0.00677	0.00982
16	0.00830	0.00611	0.00778	0.00912	0.00982	0.00559	0.00617	0.00957	0.01349	0.01763	0.04270	0.64628	0.15085	0.02079	0.00863	0.00270	0.00389	0.01866	0.00635	0.00559
17	0.03804	0.01563	0.01686	0.01369	0.01793	0.01711	0.01100	0.49119	0.04395	0.03678	0.02049	0.13402	0.01764	0.01027	0.00690	0.00213	0.00646	0.00827	0.08158	0.01007
18	0.01275	0.00638	0.00638	0.00638	0.00797	0.00638	0.00478	0.01594	0.01435	0.02551	0.02232	0.02551	0.01754	0.00797	0.00478	0.00159	0.00319	0.00638	0.79755	0.00638
19	0.01800	0.01102	0.01280	0.01113	0.01448	0.01140	0.00873	0.05310	0.25025	0.18371	0.19135	0.03082	0.02961	0.00998	0.00686	0.00211	0.00471	0.00838	0.13225	0.00929
20	0.01219	0.01104	0.01076	0.01003	0.01195	0.12102	0.00752	0.01519	0.01937	0.02575	0.60234	0.04498	0.05575	0.01289	0.00777	0.00209	0.00467	0.01111	0.00690	0.00669
21	0.01275	0.00638	0.00638	0.00638	0.00797	0.00638	0.00478	0.01594	0.01435	0.02551	0.02232	0.02551	0.01754	0.00797	0.00478	0.00159	0.00319	0.00638	0.79755	0.00638
22	0.20534	0.01301	0.01475	0.01531	0.12505	0.01387	0.01034	0.17996	0.01856	0.08716	0.01680	0.01843	0.01264	0.00739	0.00563	0.00194	0.00571	0.00569	0.23342	0.00900
23	0.02172	0.02565	0.02352	0.11602	0.05958	0.42940	0.12737	0.06281	0.01846	0.01947	0.01174	0.01464	0.00937	0.00693	0.00699	0.00198	0.02682	0.00545	0.00362	0.00844
24	0.00834	0.00595	0.00794	0.00953	0.00992	0.00556	0.00635	0.00953	0.01310	0.01746	0.03771	0.75510	0.04525	0.02143	0.00873	0.00278	0.00397	0.01945	0.00635	0.00556
25	0.00999	0.00644	0.00847	0.00957	0.01044	0.00591	0.00656	0.01132	0.01373	0.06996	0.03882	0.65884	0.08368	0.02022	0.00856	0.00270	0.00408	0.01821	0.00651	0.00602
26	0.01408	0.01401	0.01469	0.01718	0.16116	0.13764	0.01068	0.01795	0.06836	0.02176	0.19021	0.05770	0.22370	0.01189	0.00740	0.00213	0.00612	0.01007	0.00554	0.00775
27	0.01623	0.43572	0.34579	0.01522	0.02299	0.02204	0.01782	0.02102	0.01415	0.01860	0.01076	0.01254	0.00873	0.00614	0.00534	0.00178	0.00857	0.00429	0.00291	0.00938
28	0.01419	0.01216	0.01419	0.01013	0.01621	0.00912	0.00811	0.01723	0.01419	0.02229	0.01216	0.01419	0.01013	0.00507	0.00507	0.00101	0.00507	0.00405	0.00405	0.80139
29	0.01145	0.00902	0.01223	0.01160	0.01240	0.01099	0.00902	0.01342	0.01166	0.01760	0.02016	0.10502	0.03727	0.08249	0.27702	0.00591	0.20867	0.00852	0.12922	0.00630
30	0.01871	0.01666	0.05763	0.01606	0.06042	0.01736	0.01256	0.20400	0.40803	0.03154	0.06464	0.02357	0.01983	0.00894	0.00696	0.00221	0.00626	0.00736	0.00652	0.01073
31	0.01419	0.01216	0.01419	0.01013	0.01621	0.00912	0.00811	0.01723	0.01419	0.02229	0.01216	0.01419	0.01013	0.00507	0.00507	0.00101	0.00507	0.00405	0.00405	0.80139
32	0.01671	0.01451	0.01913	0.08345	0.21603	0.01592	0.01413	0.09396	0.31316	0.02668	0.05389	0.06448	0.01958	0.00899	0.00704	0.00223	0.00652	0.00786	0.00560	0.01013

[dist]
# distance from previous block
# <min> <max>
0	5

[block]
# block no. 2 follows, 31 sequences, length 16
# corresponding to MSA columns:
# 175-190
name=unknown_C
#
# <colnr> <probs for GDERKNQSTAVLIFYWHMCP>
#	G	D	E	R	K	N	Q	S	T	A	V	L	I	F	Y	W	H	M	C	P
0	0.25094	0.01372	0.01475	0.01416	0.07558	0.01501	0.01011	0.12578	0.17652	0.10811	0.01859	0.02133	0.01472	0.10105	0.00958	0.00271	0.00613	0.00635	0.00566	0.00921
1	0.10311	0.07506	0.02203	0.18415	0.04481	0.19854	0.06716	0.13480	0.01807	0.02331	0.01194	0.01492	0.00939	0.00724	0.00734	0.00208	0.05805	0.00539	0.00396	0.00863
2	0.01275	0.00638	0.00638	0.00638	0.00797	0.00638	0.00478	0.01594	0.01435	0.02551	0.02232	0.02551	0.01754	0.00797	0.00478	0.00159	0.00319	0.00638	0.79755	0.00638
3	0.05141	0.01836	0.03534	0.05907	0.03318	0.06387	0.55547	0.02159	0.01619	0.02200	0.04450	0.01917	0.01250	0.00629	0.00772	0.00225	0.01083	0.00774	0.00366	0.00886
4	0.01497	0.01497	0.02095	0.01796	0.01796	0.02095	0.01497	0.01646	0.01048	0.01646	0.00898	0.01497	0.00898	0.01197	0.02245	0.00299	0.74704	0.00599	0.00299	0.00748
5	0.01626	0.01626	0.02075	0.10782	0.02204	0.07534	0.01520	0.06221	0.01300	0.01837	0.00999	0.01527	0.00916	0.01071	0.01822	0.00275	0.54965	0.00589	0.00329	0.00781
6	0.00937	0.00684	0.00881	0.00861	0.01011	0.00628	0.00635	0.01220	0.01820	0.02536	0.56991	0.15189	0.10993	0.01529	0.00816	0.00225	0.00335	0.01353	0.00728	0.00628
7	0.01275	0.00638	0.00638	0.00638	0.00797	0.00638	0.00478	0.01594	0.01435	0.02551	0.02232	0.02551	0.01754	0.00797	0.00478	0.00159	0.00319	0.00638	0.79755	0.00638
8	0.01323	0.01228	0.02054	0.49899	0.18871	0.01423	0.01787	0.01726	0.01402	0.01854	0.01549	0.10944	0.01398	0.00849	0.00706	0.00229	0.00826	0.00774	0.00353	0.00805
9	0.10202	0.10483	0.01707	0.03701	0.10219	0.01366	0.01065	0.08809	0.04813	0.07868	0.07265	0.19212	0.02400	0.01115	0.00675	0.00217	0.00580	0.02597	0.02303	0.03404
10	0.01275	0.00638	0.00638	0.00638	0.00797	0.00638	0.00478	0.01594	0.01435	0.02551	0.02232	0.02551	0.01754	0.00797	0.00478	0.00159	0.00319	0.00638	0.79755	0.00638
11	0.01224	0.01108	0.01746	0.17532	0.22561	0.01132	0.03580	0.01558	0.01557	0.02081	0.13563	0.09662	0.17684	0.01126	0.00749	0.00224	0.00631	0.01011	0.00486	0.00785
12	0.62317	0.01298	0.01249	0.17958	0.02111	0.01531	0.01010	0.01950	0.01212	0.02762	0.01014	0.01277	0.00781	0.00646	0.00484	0.00215	0.00618	0.00426	0.00396	0.00745
13	0.61592	0.01481	0.04519	0.01600	0.15344	0.01555	0.01089	0.02036	0.01255	0.02864	0.01031	0.01241	0.00814	0.00631	0.00484	0.00210	0.00607	0.00424	0.00401	0.00821
14	0.01562	0.01624	0.02373	0.41148	0.14445	0.10503	0.09274	0.01966	0.01472	0.01856	0.01202	0.01709	0.00948	0.00701	0.00804	0.00223	0.06429	0.00609	0.00320	0.00831
15	0.01643	0.01575	0.02687	0.12904	0.63373	0.01612	0.02075	0.02056	0.01534	0.02175	0.01278	0.01709	0.01062	0.00619	0.00678	0.00206	0.00825	0.00609	0.00334	0.01043

[dist]
# distance from previous block
# <min> <max>
0	1

[block]
# block no. 3 follows, 31 sequences, length 10
# corresponding to MSA columns:
# 192-201
name=unknown_D
#
# <colnr> <probs for GDERKNQSTAVLIFYWHMCP>
#	G	D	E	R	K	N	Q	S	T	A	V	L	I	F	Y	W	H	M	C	P
0	0.01830	0.01699	0.02288	0.11060	0.35901	0.09701	0.01720	0.02401	0.11299	0.07177	0.01535	0.01808	0.01213	0.00737	0.00797	0.00215	0.06588	0.00618	0.00420	0.00994
1	0.00953	0.00732	0.00886	0.00979	0.01094	0.00721	0.00682	0.01336	0.11110	0.01918	0.04069	0.55666	0.13439	0.01915	0.00839	0.00265	0.00410	0.01710	0.00644	0.00633
2	0.01699	0.01497	0.02325	0.12418	0.34938	0.01567	0.05724	0.14955	0.01797	0.02467	0.01587	0.06873	0.01414	0.06647	0.00920	0.00249	0.00795	0.00742	0.00427	0.00959
3	0.01531	0.01294	0.01475	0.01101	0.01674	0.01097	0.00879	0.06109	0.11278	0.02445	0.01463	0.01592	0.01174	0.00585	0.00544	0.00126	0.00527	0.00470	0.00463	0.64170
4	0.02363	0.01767	0.01741	0.01429	0.01861	0.11734	0.01132	0.33564	0.09016	0.14815	0.02030	0.07258	0.01622	0.05433	0.00858	0.00238	0.00741	0.00737	0.00646	0.01015
5	0.01275	0.00638	0.00638	0.00638	0.00797	0.00638	0.00478	0.01594	0.01435	0.02551	0.02232	0.02551	0.01754	0.00797	0.00478	0.00159	0.00319	0.00638	0.79755	0.00638
6	0.09685	0.01712	0.04814	0.03942	0.11823	0.08098	0.04131	0.17462	0.09790	0.09340	0.05718	0.02271	0.06535	0.00852	0.00673	0.00211	0.00724	0.00695	0.00555	0.00970
7	0.04692	0.01136	0.01580	0.04423	0.01687	0.06199	0.10784	0.01515	0.03672	0.01688	0.01670	0.02930	0.01635	0.08249	0.01813	0.30678	0.04654	0.10039	0.00385	0.00571
8	0.01275	0.00638	0.00638	0.00638	0.00797	0.00638	0.00478	0.01594	0.01435	0.02551	0.02232	0.02551	0.01754	0.00797	0.00478	0.00159	0.00319	0.00638	0.79755	0.00638
9	0.01633	0.01790	0.07992	0.20087	0.46158	0.06394	0.02035	0.02066	0.01531	0.02079	0.01250	0.01673	0.01013	0.00636	0.00673	0.00208	0.00879	0.00590	0.00328	0.00984

[dist]
# distance from previous block
# <min> <max>
0	3

[block]
# block no. 4 follows, 31 sequences, length 36
# corresponding to MSA columns:
# 219-226,230-251,253-258
name=unknown_E
#
# <colnr> <probs for GDERKNQSTAVLIFYWHMCP>
#	G	D	E	R	K	N	Q	S	T	A	V	L	I	F	Y	W	H	M	C	P
0	0.08235	0.63014	0.06042	0.01215	0.01791	0.06778	0.01199	0.02091	0.01407	0.01754	0.00969	0.01121	0.00867	0.00599	0.00457	0.00156	0.00756	0.00376	0.00307	0.00867
1	0.01018	0.00685	0.00893	0.00906	0.00990	0.00738	0.00642	0.01188	0.01136	0.01670	0.02151	0.09105	0.02185	0.26124	0.34458	0.00751	0.01119	0.00897	0.12793	0.00550
2	0.07122	0.17906	0.12256	0.02156	0.21536	0.01806	0.01547	0.06933	0.11384	0.02343	0.01622	0.07574	0.01412	0.00796	0.00624	0.00204	0.00727	0.00658	0.00427	0.00968
3	0.01771	0.10540	0.02264	0.02212	0.20573	0.10531	0.06832	0.02406	0.15814	0.06231	0.01972	0.12302	0.01763	0.00914	0.00684	0.00212	0.00754	0.00804	0.00481	0.00939
4	0.00980	0.00723	0.01049	0.01049	0.01154	0.00828	0.00792	0.01189	0.01085	0.01551	0.01879	0.02942	0.01821	0.15215	0.63313	0.01037	0.01666	0.00770	0.00373	0.00583
5	0.01662	0.04465	0.20913	0.07321	0.02213	0.01456	0.01474	0.13316	0.10584	0.08236	0.14778	0.02552	0.03949	0.01028	0.02844	0.00241	0.00737	0.00742	0.00549	0.00942
6	0.01454	0.09012	0.57067	0.02209	0.12651	0.01682	0.02360	0.02148	0.01456	0.02132	0.01214	0.01452	0.00898	0.00639	0.00637	0.00209	0.00961	0.00509	0.00296	0.01011
7	0.02562	0.03069	0.01955	0.01736	0.02116	0.63088	0.01319	0.12225	0.02121	0.02050	0.01141	0.01292	0.00921	0.00722	0.00626	0.00180	0.01165	0.00466	0.00400	0.00846
8	0.01369	0.01194	0.01716	0.08438	0.23403	0.01252	0.01299	0.02067	0.16997	0.02416	0.20671	0.09416	0.04770	0.01060	0.00737	0.00222	0.00582	0.00952	0.00559	0.00879
9	0.01572	0.01695	0.05091	0.07952	0.03103	0.01653	0.42525	0.05349	0.03991	0.02218	0.01544	0.03845	0.01278	0.00766	0.00910	0.00235	0.07687	0.04008	0.00389	0.04191
10	0.01002	0.00752	0.00953	0.01067	0.01175	0.00758	0.00777	0.01412	0.11199	0.01956	0.03606	0.53802	0.04080	0.01928	0.00860	0.00278	0.00456	0.12655	0.00643	0.00643
11	0.01523	0.01269	0.02110	0.57187	0.13958	0.01485	0.01841	0.01953	0.01453	0.08698	0.01371	0.01855	0.01013	0.00689	0.00683	0.00223	0.00866	0.00616	0.00362	0.00846
12	0.01109	0.00800	0.00891	0.00895	0.01108	0.00765	0.00671	0.01539	0.10983	0.05487	0.04809	0.20850	0.33158	0.01583	0.00775	0.00237	0.00407	0.04546	0.08707	0.00680
13	0.00906	0.00731	0.01096	0.01104	0.01235	0.00674	0.07319	0.01078	0.01375	0.01804	0.03987	0.58498	0.13707	0.01932	0.00858	0.00267	0.00464	0.01762	0.00607	0.00595
14	0.00834	0.00595	0.00794	0.00953	0.00992	0.00556	0.00635	0.00953	0.01310	0.01746	0.03771	0.75510	0.04525	0.02143	0.00873	0.00278	0.00397	0.01945	0.00635	0.00556
15	0.12736	0.01525	0.02962	0.02213	0.02740	0.01471	0.45777	0.01930	0.01510	0.02260	0.03996	0.14148	0.01754	0.00873	0.00764	0.00235	0.00911	0.00949	0.00419	0.00827
16	0.01212	0.00632	0.00660	0.00682	0.00825	0.00626	0.00501	0.01503	0.01417	0.02436	0.02451	0.12938	0.02148	0.00989	0.00534	0.00176	0.00330	0.00824	0.68490	0.00626
17	0.00977	0.00733	0.01100	0.01100	0.01222	0.00855	0.00855	0.01222	0.01100	0.01588	0.01833	0.02688	0.01710	0.05131	0.73245	0.01100	0.01833	0.00733	0.00367	0.00611
18	0.01718	0.01725	0.02921	0.03910	0.59093	0.04622	0.11621	0.02139	0.01582	0.02206	0.01291	0.01696	0.01069	0.00609	0.00693	0.00206	0.00879	0.00631	0.00340	0.01049
19	0.05109	0.01923	0.12365	0.02988	0.39438	0.01715	0.01859	0.14546	0.08561	0.02701	0.01476	0.01708	0.01151	0.00686	0.00666	0.00209	0.00792	0.00602	0.00433	0.01074
20	0.00894	0.00648	0.00857	0.01003	0.01086	0.00611	0.00734	0.01063	0.01392	0.01825	0.03992	0.54195	0.09794	0.02051	0.00885	0.00283	0.00447	0.17033	0.00634	0.00575
21	0.01275	0.00638	0.00638	0.00638	0.00797	0.00638	0.00478	0.01594	0.01435	0.02551	0.02232	0.02551	0.01754	0.00797	0.00478	0.00159	0.00319	0.00638	0.79755	0.00638
22	0.01327	0.02357	0.39814	0.01556	0.02206	0.01322	0.01759	0.02063	0.09159	0.03971	0.14427	0.05537	0.05132	0.00982	0.00754	0.00227	0.02805	0.03232	0.00471	0.00901
23	0.01232	0.00937	0.01310	0.04026	0.01449	0.01110	0.00979	0.03875	0.01246	0.04565	0.02001	0.13062	0.02032	0.08895	0.28882	0.03824	0.15846	0.03647	0.00432	0.00651
24	0.00850	0.00637	0.00768	0.00852	0.00953	0.00578	0.00582	0.00988	0.01399	0.01809	0.09257	0.44066	0.24187	0.08457	0.01079	0.00294	0.00400	0.01665	0.00624	0.00556
25	0.01314	0.01127	0.01518	0.09951	0.14168	0.01199	0.01188	0.03219	0.18922	0.02242	0.05916	0.15894	0.12233	0.01266	0.00764	0.00240	0.00582	0.06863	0.00566	0.00829
26	0.18748	0.01873	0.01888	0.01622	0.04766	0.12375	0.04520	0.25541	0.07644	0.05730	0.01451	0.01570	0.01095	0.00788	0.00766	0.00214	0.07363	0.00562	0.00523	0.00962
27	0.02163	0.01695	0.01866	0.07385	0.02204	0.01918	0.01268	0.39625	0.27924	0.03569	0.02030	0.01994	0.01485	0.00850	0.00689	0.00217	0.00688	0.00674	0.00658	0.01101
28	0.08801	0.11797	0.09242	0.01372	0.01828	0.08488	0.03692	0.09175	0.01576	0.07329	0.01302	0.01582	0.01052	0.01092	0.03484	0.11596	0.05248	0.00519	0.00412	0.10413
29	0.00866	0.00689	0.00771	0.00797	0.00969	0.00613	0.00575	0.01086	0.03237	0.01960	0.15201	0.22208	0.42418	0.04338	0.00913	0.00255	0.00371	0.01498	0.00646	0.00589
30	0.00983	0.00712	0.00992	0.00992	0.01077	0.00797	0.00721	0.01153	0.01068	0.01508	0.01931	0.03233	0.01947	0.26724	0.51976	0.00967	0.01476	0.00813	0.00381	0.00551
31	0.07634	0.12230	0.04860	0.24420	0.17170	0.06593	0.01584	0.02171	0.01516	0.11078	0.01355	0.01638	0.01031	0.00666	0.00617	0.00200	0.00808	0.00545	0.00395	0.03488
32	0.06206	0.07665	0.07571	0.01534	0.01985	0.04012	0.11393	0.15931	0.05981	0.02542	0.02001	0.02238	0.07099	0.01448	0.11057	0.00337	0.03958	0.00692	0.05479	0.00873
33	0.00825	0.00628	0.00761	0.00867	0.00970	0.00563	0.00597	0.00962	0.01392	0.01780	0.04813	0.52765	0.26597	0.02008	0.00852	0.00262	0.00380	0.01780	0.00635	0.00563
34	0.01609	0.01240	0.04319	0.01372	0.01727	0.03083	0.10627	0.06812	0.07308	0.13253	0.04064	0.19300	0.08716	0.01408	0.04284	0.00272	0.00679	0.02100	0.06997	0.00828
35	0.10758	0.04811	0.11160	0.08951	0.09970	0.01458	0.14386	0.04736	0.01555	0.07060	0.04135	0.10693	0.01728	0.00911	0.00724	0.00227	0.01969	0.03449	0.00447	0.00872

[dist]
# distance from previous block
# <min> <max>
0	28

[block]
# block no. 5 follows, 31 sequences, length 26
# corresponding to MSA columns:
# 293-318
name=unknown_F
#
# <colnr> <probs for GDERKNQSTAVLIFYWHMCP>
#	G	D	E	R	K	N	Q	S	T	A	V	L	I	F	Y	W	H	M	C	P
0	0.29673	0.01560	0.01480	0.01225	0.01629	0.09835	0.00991	0.04320	0.01427	0.07408	0.01171	0.01374	0.00936	0.00725	0.00799	0.00193	0.13005	0.00457	0.00429	0.21362
1	0.04545	0.01670	0.01952	0.01542	0.02040	0.10447	0.09307	0.17878	0.04856	0.21269	0.03155	0.02283	0.01550	0.00836	0.00687	0.00205	0.00760	0.05286	0.00607	0.09126
2	0.05493	0.03877	0.01899	0.06984	0.14979	0.03982	0.01381	0.19427	0.09900	0.05866	0.02082	0.03065	0.01826	0.00998	0.00719	0.00231	0.00722	0.15060	0.00555	0.00954
3	0.07784	0.01783	0.01668	0.01381	0.01832	0.12548	0.01100	0.25548	0.16814	0.08159	0.02127	0.02087	0.05596	0.00848	0.00650	0.00201	0.00703	0.00647	0.02011	0.06514
4	0.01005	0.00734	0.00910	0.01014	0.01119	0.00737	0.00720	0.01403	0.10919	0.01980	0.03515	0.55305	0.03950	0.01862	0.00826	0.00266	0.00429	0.06475	0.06191	0.00640
5	0.06742	0.01077	0.01732	0.01441	0.01776	0.01032	0.18479	0.01600	0.04021	0.02280	0.18029	0.06911	0.18233	0.01297	0.00802	0.00242	0.00620	0.12394	0.00572	0.00719
6	0.03760	0.27339	0.33448	0.01471	0.02136	0.01780	0.01670	0.01908	0.01367	0.01889	0.01384	0.05052	0.01253	0.03057	0.00820	0.05776	0.00818	0.03890	0.00331	0.00852
7	0.00880	0.00643	0.00798	0.00902	0.00983	0.00599	0.00625	0.01010	0.01334	0.01730	0.04099	0.45125	0.16670	0.13388	0.01269	0.00332	0.00451	0.08016	0.00601	0.00545
8	0.00832	0.00692	0.00713	0.00709	0.00920	0.00588	0.00523	0.01005	0.01553	0.01882	0.11370	0.06348	0.62451	0.06220	0.00971	0.00256	0.00364	0.01401	0.00631	0.00573
9	0.01629	0.09107	0.09282	0.07606	0.18843	0.04984	0.25147	0.02212	0.06633	0.02164	0.04674	0.01878	0.01334	0.00669	0.00702	0.00212	0.00924	0.00679	0.00376	0.00945
10	0.01403	0.03353	0.65665	0.02168	0.09620	0.01592	0.02486	0.02160	0.01455	0.02173	0.01233	0.01469	0.00888	0.00646	0.00653	0.00215	0.00992	0.00516	0.00294	0.01018
11	0.80789	0.01323	0.01006	0.00900	0.01323	0.01535	0.00741	0.02011	0.01164	0.03070	0.00953	0.01111	0.00741	0.00635	0.00423	0.00212	0.00529	0.00370	0.00423	0.00741
12	0.02748	0.01246	0.01593	0.01244	0.01736	0.01167	0.01019	0.13407	0.04403	0.52622	0.09187	0.02499	0.02086	0.00899	0.00699	0.00212	0.00582	0.00733	0.00808	0.01111
13	0.30450	0.01962	0.03522	0.06413	0.01921	0.23608	0.01105	0.07385	0.01693	0.08154	0.04518	0.01700	0.03418	0.00761	0.00578	0.00202	0.00794	0.00530	0.00465	0.00823
14	0.00976	0.00690	0.00869	0.00869	0.00928	0.00726	0.00579	0.01075	0.01071	0.01456	0.02369	0.03983	0.06961	0.45545	0.28214	0.00789	0.01059	0.00932	0.00413	0.00496
15	0.09423	0.16138	0.10656	0.02427	0.24210	0.04496	0.08935	0.07860	0.02871	0.02369	0.03598	0.01620	0.01179	0.00662	0.00621	0.00198	0.00819	0.00568	0.00383	0.00967
16	0.01775	0.63799	0.08684	0.01394	0.02021	0.02530	0.07862	0.02071	0.01416	0.01707	0.01013	0.01195	0.00893	0.00589	0.00490	0.00160	0.00793	0.00419	0.00298	0.00892
17	0.01627	0.22516	0.16159	0.01374	0.01887	0.15796	0.01337	0.02069	0.06315	0.01896	0.02480	0.02801	0.14619	0.00955	0.00640	0.00200	0.00793	0.05288	0.00420	0.00827
18	0.00971	0.00688	0.00853	0.00872	0.00968	0.00701	0.00614	0.01118	0.01202	0.01641	0.03062	0.09312	0.14160	0.28698	0.22925	0.00639	0.00907	0.04147	0.05988	0.00535
19	0.01982	0.12437	0.06072	0.04714	0.29264	0.16491	0.01686	0.11884	0.01817	0.02289	0.01222	0.01492	0.01001	0.00686	0.00701	0.00196	0.04169	0.00536	0.00380	0.00979
20	0.02043	0.01448	0.01598	0.04512	0.01828	0.01557	0.01060	0.37758	0.07217	0.08168	0.02720	0.02798	0.13014	0.05197	0.00850	0.00236	0.00634	0.00792	0.05604	0.00968
21	0.03298	0.04877	0.05372	0.01249	0.03491	0.13133	0.00960	0.07984	0.10958	0.02163	0.02327	0.02953	0.08409	0.20088	0.01362	0.00317	0.00706	0.00765	0.08833	0.00755
22	0.10607	0.01462	0.01439	0.01227	0.01596	0.10860	0.00962	0.16065	0.02021	0.17599	0.13857	0.12495	0.02555	0.01063	0.00690	0.00212	0.00627	0.00865	0.00643	0.03154
23	0.38049	0.08745	0.01591	0.01244	0.04861	0.05627	0.00969	0.11713	0.01639	0.07701	0.01577	0.01659	0.05220	0.00732	0.00533	0.00196	0.00625	0.00510	0.00481	0.06327
24	0.01432	0.22791	0.02186	0.01367	0.01702	0.05841	0.10369	0.05395	0.01521	0.01909	0.02345	0.35241	0.02583	0.01317	0.00713	0.00223	0.00669	0.01167	0.00482	0.00748
25	0.01953	0.01472	0.01646	0.01320	0.01776	0.01511	0.01067	0.38683	0.02430	0.03332	0.05836	0.10814	0.01991	0.01005	0.00691	0.00198	0.00626	0.04801	0.00618	0.18231

[dist]
# distance from previous block
# <min> <max>
20	284

[block]
# block no. 6 follows, 31 sequences, length 13
# corresponding to MSA columns:
# 647-659
name=unknown_G
#
# <colnr> <probs for GDERKNQSTAVLIFYWHMCP>
#	G	D	E	R	K	N	Q	S	T	A	V	L	I	F	Y	W	H	M	C	P
0	0.01918	0.01811	0.01594	0.08383	0.02015	0.23573	0.01152	0.08879	0.09676	0.07970	0.06685	0.06722	0.06509	0.01023	0.00704	0.00212	0.00787	0.05802	0.00542	0.04042
1	0.01482	0.12199	0.01725	0.01514	0.09934	0.05252	0.01076	0.11246	0.03354	0.02233	0.03146	0.17435	0.15098	0.01324	0.00739	0.00229	0.00618	0.10061	0.00542	0.00793
2	0.05258	0.04809	0.02124	0.14769	0.09967	0.12976	0.09961	0.11558	0.01762	0.02256	0.01938	0.08068	0.06691	0.03935	0.00805	0.00232	0.00841	0.00775	0.00437	0.00838
3	0.01739	0.01590	0.01745	0.07358	0.02058	0.11458	0.06284	0.15767	0.15535	0.02653	0.10880	0.12415	0.02408	0.01040	0.00721	0.00218	0.00708	0.00891	0.00575	0.03957
4	0.01480	0.01696	0.10795	0.14567	0.06980	0.08910	0.06587	0.04999	0.07511	0.02300	0.16336	0.03057	0.05140	0.00973	0.00732	0.00223	0.00767	0.05620	0.00493	0.00834
5	0.01975	0.02124	0.14037	0.01711	0.05053	0.11412	0.05124	0.25474	0.07406	0.04701	0.02144	0.06872	0.07057	0.00923	0.00699	0.00214	0.00811	0.00751	0.00536	0.00977
6	0.02369	0.02294	0.01950	0.01641	0.02020	0.35248	0.05562	0.12417	0.01983	0.12128	0.01476	0.01620	0.01120	0.00789	0.00794	0.00199	0.08045	0.00556	0.06897	0.00892
7	0.29762	0.11202	0.01883	0.11496	0.08788	0.12069	0.01211	0.06467	0.01524	0.02437	0.01101	0.01339	0.00883	0.00646	0.00537	0.00191	0.00750	0.00454	0.00388	0.06873
8	0.13559	0.01867	0.13836	0.06073	0.02187	0.01617	0.01362	0.23067	0.08651	0.09728	0.01605	0.01670	0.01157	0.00732	0.00621	0.00201	0.00709	0.00558	0.00538	0.10262
9	0.02328	0.01707	0.01767	0.01423	0.01916	0.07452	0.01144	0.28622	0.19933	0.15416	0.02029	0.01940	0.01455	0.00811	0.00664	0.00200	0.00682	0.00633	0.00660	0.09216
10	0.00972	0.00747	0.00879	0.00935	0.01073	0.00726	0.00673	0.01317	0.08989	0.01913	0.06891	0.32142	0.21281	0.10599	0.01151	0.00308	0.00451	0.07720	0.00620	0.00613
11	0.00960	0.00725	0.01037	0.01030	0.01168	0.00802	0.00796	0.01207	0.01250	0.01760	0.11169	0.03370	0.09006	0.04330	0.57069	0.00904	0.01498	0.00865	0.00442	0.00612
12	0.02444	0.02123	0.11010	0.01622	0.02228	0.02054	0.01457	0.60848	0.02991	0.04039	0.01590	0.01617	0.01126	0.00799	0.00680	0.00207	0.00786	0.00602	0.00634	0.01144

[dist]
# distance from previous block
# <min> <max>
4	8

[block]
# block no. 7 follows, 31 sequences, length 8
# corresponding to MSA columns:
# 668-675
name=unknown_H
#
# <colnr> <probs for GDERKNQSTAVLIFYWHMCP>
#	G	D	E	R	K	N	Q	S	T	A	V	L	I	F	Y	W	H	M	C	P
0	0.45820	0.01930	0.18544	0.01245	0.01825	0.04854	0.01244	0.02286	0.01391	0.13375	0.01292	0.01385	0.00924	0.00674	0.00528	0.00211	0.00688	0.00455	0.00452	0.00874
1	0.02000	0.02211	0.01586	0.01424	0.01773	0.36736	0.01087	0.09508	0.12752	0.02183	0.02823	0.02788	0.18293	0.01003	0.00683	0.00201	0.00858	0.00756	0.00511	0.00825
2	0.01925	0.01738	0.02803	0.08521	0.28273	0.01797	0.18193	0.22993	0.02072	0.02831	0.01415	0.01725	0.01084	0.00673	0.00712	0.00212	0.00885	0.00660	0.00445	0.01044
3	0.01530	0.01502	0.01234	0.01137	0.01421	0.18529	0.00868	0.11916	0.01871	0.02170	0.04147	0.09880	0.33048	0.03546	0.00832	0.00234	0.00652	0.04198	0.00567	0.00716
4	0.01402	0.01178	0.01324	0.01167	0.01538	0.01177	0.00889	0.02388	0.32165	0.02394	0.02538	0.19984	0.02348	0.01094	0.00680	0.00203	0.00495	0.00945	0.00591	0.25501
5	0.20604	0.01032	0.00993	0.00899	0.01197	0.01060	0.00692	0.11989	0.01660	0.02480	0.04052	0.07580	0.33606	0.08162	0.00944	0.00264	0.00486	0.01035	0.00571	0.00693
6	0.01298	0.01532	0.12921	0.02517	0.32805	0.01198	0.01568	0.01659	0.01480	0.02046	0.02748	0.20397	0.12669	0.01162	0.00741	0.00228	0.00671	0.01047	0.00449	0.00866
7	0.01186	0.01046	0.01465	0.33643	0.02759	0.01181	0.01241	0.01779	0.12094	0.02100	0.13871	0.03613	0.19148	0.01089	0.00736	0.00227	0.00625	0.00936	0.00515	0.00747

[dist]
# distance from previous block
# <min> <max>
15	183

[block]
# block no. 8 follows, 31 sequences, length 14
# corresponding to MSA columns:
# 868-881
name=unknown_I
#
# <colnr> <probs for GDERKNQSTAVLIFYWHMCP>
#	G	D	E	R	K	N	Q	S	T	A	V	L	I	F	Y	W	H	M	C	P
0	0.02159	0.01593	0.02047	0.02158	0.20814	0.04335	0.03763	0.27081	0.02243	0.12104	0.04763	0.01990	0.01492	0.00777	0.00667	0.00201	0.00712	0.00653	0.09411	0.01038
1	0.01536	0.11069	0.01619	0.01159	0.01486	0.03311	0.03290	0.05960	0.12903	0.07411	0.15278	0.05328	0.07542	0.10790	0.01062	0.00269	0.00585	0.04592	0.00583	0.04227
2	0.15101	0.01354	0.01637	0.10867	0.10374	0.04633	0.03760	0.06724	0.11013	0.04865	0.03727	0.06805	0.03913	0.08999	0.00959	0.00265	0.00682	0.00755	0.00489	0.03078
3	0.03484	0.01464	0.01834	0.08641	0.12887	0.05739	0.03875	0.13733	0.10605	0.07321	0.02067	0.15459	0.01862	0.00991	0.00701	0.00216	0.00693	0.00861	0.00538	0.07031
4	0.01549	0.01396	0.02225	0.02905	0.39821	0.01352	0.04584	0.04320	0.01603	0.02265	0.01815	0.03002	0.01711	0.00886	0.00717	0.00214	0.00738	0.15437	0.00427	0.13034
5	0.01478	0.01308	0.02001	0.34064	0.18912	0.01421	0.01609	0.08108	0.01664	0.02280	0.10363	0.02159	0.01704	0.00753	0.00679	0.00205	0.00754	0.00669	0.00417	0.09451
6	0.01533	0.01424	0.02136	0.19035	0.27793	0.01523	0.01627	0.02106	0.10374	0.02149	0.01415	0.01765	0.01144	0.00704	0.00797	0.00203	0.07669	0.00592	0.00386	0.15625
7	0.48501	0.01380	0.01307	0.01275	0.06857	0.01546	0.00934	0.10836	0.09000	0.03029	0.01826	0.01894	0.07592	0.00792	0.00542	0.00214	0.00564	0.00565	0.00500	0.00844
8	0.01275	0.00638	0.00638	0.00638	0.00797	0.00638	0.00478	0.01594	0.01435	0.02551	0.02232	0.02551	0.01754	0.00797	0.00478	0.00159	0.00319	0.00638	0.79755	0.00638
9	0.01362	0.01297	0.02136	0.57318	0.11586	0.01606	0.01869	0.01773	0.01347	0.01788	0.01182	0.01767	0.00929	0.00743	0.00886	0.00235	0.10469	0.00607	0.00307	0.00794
10	0.01275	0.00638	0.00638	0.00638	0.00797	0.00638	0.00478	0.01594	0.01435	0.02551	0.02232	0.02551	0.01754	0.00797	0.00478	0.00159	0.00319	0.00638	0.79755	0.00638
11	0.80789	0.01323	0.01006	0.00900	0.01323	0.01535	0.00741	0.02011	0.01164	0.03070	0.00953	0.01111	0.00741	0.00635	0.00423	0.00212	0.00529	0.00370	0.00423	0.00741
12	0.02016	0.02396	0.01885	0.01662	0.02004	0.43755	0.08498	0.02393	0.08215	0.01864	0.02059	0.11466	0.06914	0.00978	0.00693	0.00205	0.00983	0.00784	0.00442	0.00787
13	0.02617	0.01576	0.01974	0.01542	0.02057	0.09091	0.09915	0.08246	0.10625	0.41516	0.02280	0.02123	0.01529	0.00805	0.00697	0.00212	0.00735	0.00682	0.00697	0.01082

[dist]
# distance from previous block
# <min> <max>
0	2

[block]
# block no. 9 follows, 31 sequences, length 24
# corresponding to MSA columns:
# 884-907
name=unknown_J
#
# <colnr> <probs for GDERKNQSTAVLIFYWHMCP>
#	G	D	E	R	K	N	Q	S	T	A	V	L	I	F	Y	W	H	M	C	P
0	0.02020	0.01471	0.01498	0.01291	0.01685	0.08538	0.01026	0.12189	0.23368	0.17567	0.05988	0.03182	0.11606	0.01055	0.00718	0.00222	0.00618	0.04305	0.00683	0.00970
1	0.01579	0.01505	0.01492	0.01119	0.01691	0.11127	0.00883	0.01865	0.01492	0.02151	0.01194	0.01393	0.00995	0.00535	0.00522	0.00112	0.00609	0.00410	0.00398	0.68928
2	0.53885	0.01522	0.01235	0.01088	0.01510	0.08696	0.00874	0.02447	0.11112	0.09906	0.01399	0.01451	0.01042	0.00705	0.00508	0.00211	0.00607	0.00467	0.00498	0.00837
3	0.01495	0.01402	0.02359	0.17075	0.48962	0.01454	0.01855	0.01871	0.01487	0.02073	0.01624	0.12147	0.01537	0.00840	0.00706	0.00218	0.00773	0.00798	0.00374	0.00948
4	0.09292	0.00863	0.01024	0.01064	0.01247	0.00881	0.00789	0.01700	0.11149	0.08396	0.03234	0.44280	0.03484	0.01677	0.00793	0.00262	0.00471	0.08042	0.00641	0.00711
5	0.01702	0.01470	0.01547	0.01392	0.01779	0.01702	0.01083	0.03635	0.70453	0.02862	0.02785	0.02553	0.02088	0.00928	0.00696	0.00232	0.00541	0.00773	0.00696	0.01083
6	0.01275	0.00638	0.00638	0.00638	0.00797	0.00638	0.00478	0.01594	0.01435	0.02551	0.02232	0.02551	0.01754	0.00797	0.00478	0.00159	0.00319	0.00638	0.79755	0.00638
7	0.01283	0.00888	0.01250	0.32530	0.02492	0.01020	0.01094	0.01661	0.01406	0.02203	0.01792	0.02236	0.01389	0.00748	0.00567	0.00189	0.00576	0.00625	0.45362	0.00691
8	0.62706	0.01771	0.01221	0.01099	0.01506	0.18102	0.00875	0.02178	0.01343	0.02747	0.00977	0.01140	0.00773	0.00651	0.00468	0.00203	0.00692	0.00387	0.00407	0.00753
9	0.01714	0.01637	0.02986	0.02221	0.02765	0.01644	0.39720	0.17532	0.01881	0.02560	0.01534	0.01968	0.01203	0.01552	0.15392	0.00400	0.01198	0.00748	0.00428	0.00915
10	0.01292	0.01216	0.02052	0.74312	0.04712	0.01520	0.01900	0.01748	0.01368	0.01748	0.01216	0.01824	0.00912	0.00684	0.00684	0.00228	0.00912	0.00608	0.00304	0.00760
11	0.01275	0.00638	0.00638	0.00638	0.00797	0.00638	0.00478	0.01594	0.01435	0.02551	0.02232	0.02551	0.01754	0.00797	0.00478	0.00159	0.00319	0.00638	0.79755	0.00638
12	0.01444	0.01239	0.01430	0.01047	0.01635	0.00983	0.00835	0.01895	0.07622	0.02286	0.01357	0.01521	0.01110	0.00545	0.00524	0.00113	0.00510	0.00438	0.00431	0.73035
13	0.01275	0.00638	0.00638	0.00638	0.00797	0.00638	0.00478	0.01594	0.01435	0.02551	0.02232	0.02551	0.01754	0.00797	0.00478	0.00159	0.00319	0.00638	0.79755	0.00638
14	0.00977	0.00733	0.01100	0.01100	0.01222	0.00855	0.00855	0.01222	0.01100	0.01588	0.01833	0.02688	0.01710	0.05131	0.73245	0.01100	0.01833	0.00733	0.00367	0.00611
15	0.01309	0.01030	0.01356	0.01458	0.11193	0.01039	0.00961	0.08477	0.08959	0.02841	0.47490	0.04020	0.04723	0.01182	0.00765	0.00214	0.00457	0.01039	0.00682	0.00804
16	0.01935	0.19374	0.25872	0.01468	0.02138	0.01716	0.01561	0.11775	0.01830	0.15786	0.08537	0.01929	0.01630	0.00772	0.00629	0.00198	0.00759	0.00597	0.00499	0.00995
17	0.09266	0.16676	0.02109	0.01346	0.01829	0.01949	0.01145	0.36649	0.02298	0.06845	0.01524	0.01669	0.01173	0.01367	0.10864	0.00321	0.00872	0.00564	0.00546	0.00990
18	0.01775	0.01815	0.02586	0.10889	0.55139	0.11729	0.01970	0.02154	0.01593	0.02107	0.01247	0.01641	0.01038	0.00631	0.00669	0.00202	0.00882	0.00586	0.00337	0.01010
19	0.02095	0.01431	0.01653	0.01230	0.01804	0.01317	0.01003	0.23716	0.02092	0.15503	0.01620	0.01654	0.01184	0.00669	0.00596	0.00155	0.00599	0.00524	0.00574	0.40580
20	0.01275	0.00638	0.00638	0.00638	0.00797	0.00638	0.00478	0.01594	0.01435	0.02551	0.02232	0.02551	0.01754	0.00797	0.00478	0.00159	0.00319	0.00638	0.79755	0.00638
21	0.01496	0.00944	0.01124	0.01020	0.01279	0.00920	0.00777	0.08589	0.07167	0.13784	0.16785	0.13867	0.16036	0.08877	0.01050	0.00276	0.00488	0.04072	0.00680	0.00769
22	0.18120	0.24697	0.29626	0.01401	0.02121	0.01844	0.01573	0.02054	0.01367	0.02195	0.01086	0.01268	0.00859	0.00613	0.00525	0.00183	0.00775	0.00425	0.00330	0.08938
23	0.01285	0.00932	0.07916	0.00771	0.01017	0.00734	0.00686	0.01652	0.01436	0.02512	0.02130	0.02438	0.01664	0.00782	0.00496	0.00165	0.00389	0.00624	0.71696	0.00676

[dist]
# distance from previous block
# <min> <max>
0	1

[block]
# block no. 10 follows, 31 sequences, length 20
# corresponding to MSA columns:
# 909-928
name=unknown_K
#
# <colnr> <probs for GDERKNQSTAVLIFYWHMCP>
#	G	D	E	R	K	N	Q	S	T	A	V	L	I	F	Y	W	H	M	C	P
0	0.01687	0.01693	0.02286	0.18490	0.32414	0.09987	0.01767	0.02256	0.10757	0.02087	0.01405	0.01763	0.01138	0.00741	0.00837	0.00219	0.08540	0.00610	0.00377	0.00945
1	0.01275	0.00638	0.00638	0.00638	0.00797	0.00638	0.00478	0.01594	0.01435	0.02551	0.02232	0.02551	0.01754	0.00797	0.00478	0.00159	0.00319	0.00638	0.79755	0.00638
2	0.01250	0.01170	0.01996	0.35739	0.08848	0.01274	0.10543	0.01662	0.01560	0.02076	0.17247	0.02998	0.08937	0.00922	0.00739	0.00224	0.00752	0.00854	0.00443	0.00766
3	0.53037	0.01212	0.01113	0.00952	0.01374	0.01309	0.00780	0.02299	0.01391	0.20327	0.01523	0.01566	0.01085	0.00705	0.00495	0.00206	0.00521	0.00478	0.08789	0.00836
4	0.01275	0.00638	0.00638	0.00638	0.00797	0.00638	0.00478	0.01594	0.01435	0.02551	0.02232	0.02551	0.01754	0.00797	0.00478	0.00159	0.00319	0.00638	0.79755	0.00638
5	0.01589	0.01620	0.02266	0.42383	0.25560	0.11178	0.01886	0.01991	0.01505	0.01892	0.01217	0.01703	0.00962	0.00663	0.00673	0.00213	0.00924	0.00586	0.00321	0.00867
6	0.02556	0.03261	0.01939	0.01763	0.02115	0.73210	0.01322	0.02732	0.01939	0.01674	0.01058	0.01234	0.00881	0.00705	0.00617	0.00176	0.01234	0.00441	0.00353	0.00793
7	0.01419	0.01216	0.01419	0.01013	0.01621	0.00912	0.00811	0.01723	0.01419	0.02229	0.01216	0.01419	0.01013	0.00507	0.00507	0.00101	0.00507	0.00405	0.00405	0.80139
8	0.01381	0.01356	0.01902	0.10082	0.02018	0.01825	0.01413	0.01569	0.01154	0.01685	0.01745	0.02218	0.10366	0.01210	0.01871	0.00282	0.56139	0.00713	0.00345	0.00727
9	0.21329	0.01347	0.01886	0.23059	0.09935	0.01522	0.07877	0.02169	0.12844	0.02365	0.01574	0.02070	0.01272	0.00941	0.03744	0.00264	0.00793	0.03738	0.00425	0.00846
10	0.01876	0.08643	0.09052	0.04271	0.01901	0.01272	0.01143	0.02405	0.09620	0.20924	0.05010	0.02257	0.03909	0.00787	0.00626	0.00182	0.00612	0.02157	0.00558	0.22795
11	0.09090	0.43849	0.02689	0.01212	0.01749	0.11695	0.01095	0.02223	0.01501	0.08599	0.01164	0.01273	0.00960	0.00622	0.00493	0.00157	0.00740	0.00412	0.00379	0.10100
12	0.45127	0.01220	0.01175	0.00979	0.01428	0.01257	0.00796	0.01984	0.01298	0.09342	0.01278	0.01469	0.01002	0.01091	0.08052	0.00276	0.00664	0.00447	0.00454	0.20662
13	0.04662	0.08541	0.01872	0.01695	0.11005	0.07536	0.04947	0.01716	0.01472	0.02028	0.09020	0.13337	0.02302	0.02728	0.02431	0.00244	0.08840	0.05178	0.00451	0.09996
14	0.01679	0.11844	0.10018	0.03289	0.48429	0.01774	0.01922	0.02247	0.08141	0.02204	0.01380	0.01670	0.01130	0.00641	0.00644	0.00200	0.00796	0.00582	0.00362	0.01048
15	0.01586	0.01502	0.09706	0.01438	0.06697	0.01308	0.01166	0.24177	0.02214	0.03008	0.23555	0.03535	0.15008	0.01120	0.00739	0.00214	0.00586	0.00935	0.00626	0.00881
16	0.01359	0.16386	0.10245	0.31629	0.02947	0.01536	0.01525	0.01683	0.01344	0.01727	0.01596	0.02416	0.03672	0.01043	0.00928	0.10941	0.00797	0.07150	0.00343	0.00732
17	0.01666	0.12102	0.16063	0.06349	0.02209	0.12276	0.01370	0.04241	0.01554	0.02086	0.01173	0.01388	0.00944	0.00598	0.00561	0.00154	0.00783	0.00446	0.00361	0.33675
18	0.01695	0.19409	0.09032	0.01500	0.01846	0.01856	0.03332	0.03648	0.01408	0.10023	0.04015	0.07272	0.03044	0.01020	0.01213	0.00234	0.27492	0.00693	0.00420	0.00847
19	0.01300	0.16204	0.01653	0.01099	0.01415	0.09549	0.03746	0.01513	0.01492	0.01784	0.05101	0.09980	0.26960	0.01777	0.10432	0.00324	0.00770	0.00992	0.00480	0.03431

[dist]
# distance from previous block
# <min> <max>
0	2

[block]
# block no. 11 follows, 31 sequences, length 14
# corresponding to MSA columns:
# 931-944
name=unknown_L
#
# <colnr> <probs for GDERKNQSTAVLIFYWHMCP>
#	G	D	E	R	K	N	Q	S	T	A	V	L	I	F	Y	W	H	M	C	P
0	0.01561	0.12908	0.34294	0.02023	0.08262	0.01721	0.12028	0.07061	0.01608	0.02243	0.01561	0.01772	0.04812	0.00692	0.00651	0.00202	0.00897	0.00595	0.00356	0.04752
1	0.01144	0.01073	0.01141	0.01160	0.01306	0.11312	0.04271	0.01318	0.01481	0.01829	0.06727	0.48630	0.09339	0.01770	0.00827	0.00255	0.00562	0.04651	0.00584	0.00619
2	0.01626	0.11335	0.10449	0.01906	0.06065	0.01614	0.18370	0.02125	0.06513	0.08727	0.05484	0.10383	0.01812	0.00935	0.00890	0.00228	0.09369	0.00821	0.00455	0.00893
3	0.01807	0.09260	0.07518	0.01791	0.05221	0.15951	0.14532	0.09360	0.05208	0.02312	0.05159	0.02225	0.01578	0.03825	0.00780	0.00220	0.00865	0.03552	0.07971	0.00865
4	0.01263	0.01219	0.09969	0.01399	0.06575	0.00968	0.04018	0.01647	0.05145	0.07232	0.12832	0.16604	0.07417	0.10895	0.09341	0.00384	0.00738	0.01074	0.00537	0.00743
5	0.01586	0.02061	0.17648	0.02229	0.02911	0.01603	0.35990	0.07086	0.07289	0.02374	0.01599	0.05706	0.01281	0.00717	0.00738	0.00219	0.00956	0.00758	0.00407	0.06841
6	0.01327	0.05303	0.01675	0.01378	0.01670	0.06323	0.11030	0.07025	0.01632	0.02064	0.03264	0.19002	0.14948	0.01758	0.07135	0.00320	0.00773	0.12125	0.00533	0.00716
