[name]
unknown

[dist]
# distance from previous block
# <min> <max>
0	81

[block]
# block no. 0 follows, 33 sequences, length 34
# corresponding to MSA columns:
# 87-120
name=unknown_A
#
# <colnr> <probs for GDERKNQSTAVLIFYWHMCP>
#	G	D	E	R	K	N	Q	S	T	A	V	L	I	F	Y	W	H	M	C	P
0	0.03901	0.01236	0.01604	0.01807	0.16607	0.01287	0.01194	0.07125	0.20943	0.06881	0.04154	0.06573	0.02193	0.02596	0.00759	0.00232	0.00598	0.14046	0.00562	0.05701
1	0.34642	0.08824	0.03880	0.17035	0.06867	0.15153	0.01230	0.02024	0.01354	0.02223	0.01018	0.01282	0.00811	0.00628	0.00519	0.00194	0.00764	0.00436	0.00349	0.00768
2	0.02357	0.01523	0.01468	0.01227	0.01614	0.18556	0.00971	0.02584	0.01811	0.39194	0.09704	0.02662	0.09252	0.00935	0.00714	0.00200	0.02928	0.00732	0.00654	0.00913
3	0.01507	0.01226	0.01409	0.01169	0.01557	0.01217	0.00914	0.14463	0.13955	0.02489	0.02013	0.17490	0.01892	0.00986	0.00721	0.00185	0.04806	0.00814	0.00529	0.30659
4	0.00909	0.00704	0.00891	0.05737	0.01235	0.00665	0.00692	0.03057	0.01418	0.01861	0.08636	0.45099	0.19636	0.01724	0.00789	0.00240	0.00413	0.01527	0.00589	0.04178
5	0.06972	0.29400	0.28499	0.01465	0.02160	0.02020	0.01602	0.16529	0.01715	0.02387	0.01153	0.01290	0.00890	0.00637	0.00545	0.00182	0.00794	0.00452	0.00368	0.00941
6	0.01022	0.16818	0.01352	0.00980	0.01137	0.00988	0.00750	0.01169	0.01293	0.01672	0.03045	0.55966	0.03574	0.01729	0.00756	0.00243	0.00465	0.05896	0.00541	0.00605
7	0.00935	0.01240	0.16138	0.00988	0.01335	0.00777	0.00951	0.01261	0.01550	0.02058	0.22320	0.11288	0.33904	0.01399	0.00751	0.00220	0.00467	0.01190	0.00570	0.00659
8	0.02171	0.01138	0.03109	0.01261	0.05707	0.01060	0.00957	0.02754	0.14879	0.37173	0.02390	0.02322	0.01679	0.02736	0.00688	0.00207	0.00524	0.00666	0.17606	0.00972
9	0.02503	0.01844	0.01976	0.01515	0.02042	0.02042	0.01251	0.70562	0.03095	0.04149	0.01581	0.01581	0.01120	0.00790	0.00659	0.00198	0.00724	0.00593	0.00659	0.01120
10	0.01731	0.72430	0.08028	0.01175	0.01765	0.02535	0.01212	0.01979	0.01341	0.01584	0.00933	0.01078	0.00844	0.00567	0.00436	0.00145	0.00722	0.00361	0.00281	0.00853
11	0.00986	0.00778	0.01096	0.16576	0.01728	0.00794	0.00868	0.01314	0.01721	0.02374	0.52500	0.04352	0.09952	0.01224	0.00752	0.00211	0.00432	0.01077	0.00625	0.00640
12	0.00975	0.00754	0.00986	0.00998	0.01144	0.00717	0.03770	0.06874	0.01480	0.01929	0.03996	0.51910	0.18352	0.01803	0.00809	0.00250	0.00433	0.01612	0.00603	0.00605
13	0.18642	0.61176	0.02924	0.01071	0.01601	0.02366	0.01039	0.01964	0.01292	0.01846	0.00916	0.01059	0.00817	0.00573	0.00419	0.00154	0.00663	0.00353	0.00308	0.00817
14	0.01395	0.01265	0.01719	0.01492	0.01525	0.01719	0.01233	0.01574	0.01087	0.01768	0.01136	0.01655	0.01038	0.01071	0.01801	0.00260	0.59709	0.00584	0.17271	0.00698
15	0.00944	0.00691	0.00986	0.00986	0.01079	0.00784	0.00733	0.01129	0.01037	0.01475	0.01829	0.02951	0.01804	0.20162	0.59247	0.00969	0.01525	0.00759	0.00362	0.00548
16	0.01243	0.01170	0.01975	0.75282	0.04534	0.01463	0.01828	0.01682	0.01316	0.01682	0.01170	0.01755	0.00878	0.00658	0.00658	0.00219	0.00878	0.00585	0.00293	0.00731
17	0.01554	0.01363	0.01591	0.16991	0.02309	0.01600	0.01208	0.03114	0.56698	0.02527	0.02360	0.02308	0.01770	0.00843	0.00667	0.00222	0.00596	0.00711	0.00590	0.00976
18	0.00945	0.00687	0.00963	0.00963	0.01048	0.00771	0.00705	0.01115	0.01030	0.01458	0.01850	0.03067	0.01854	0.25015	0.54463	0.00941	0.01449	0.00776	0.00366	0.00535
19	0.24520	0.01548	0.01563	0.01247	0.01725	0.05418	0.01022	0.28741	0.02138	0.23364	0.01656	0.01606	0.01138	0.00742	0.00587	0.00200	0.00643	0.00538	0.00617	0.00988
20	0.00971	0.00760	0.00980	0.00991	0.01148	0.00706	0.00717	0.01134	0.01279	0.01786	0.02936	0.52950	0.03404	0.01664	0.00848	0.00234	0.04931	0.04460	0.00545	0.17558
21	0.00798	0.00587	0.00749	0.00879	0.00945	0.00538	0.00594	0.00921	0.01297	0.01695	0.04091	0.65763	0.14726	0.02002	0.00831	0.00261	0.00375	0.01798	0.00611	0.00538
22	0.01571	0.03075	0.58323	0.01800	0.02678	0.01637	0.02182	0.16580	0.01751	0.02522	0.01266	0.01430	0.00894	0.00660	0.00632	0.00206	0.00920	0.00509	0.00359	0.01004
23	0.01311	0.01195	0.01968	0.27455	0.29031	0.01323	0.01607	0.01706	0.03026	0.01850	0.01481	0.05663	0.01304	0.01614	0.16244	0.00391	0.00996	0.00680	0.00343	0.00815
24	0.00827	0.00596	0.00799	0.00920	0.00972	0.00579	0.00627	0.00954	0.01226	0.01644	0.03387	0.61440	0.05675	0.05793	0.10829	0.00389	0.00578	0.01661	0.00567	0.00536
25	0.00802	0.00573	0.00764	0.00917	0.00955	0.00535	0.00611	0.00917	0.01260	0.01681	0.03628	0.76434	0.04354	0.02062	0.00840	0.00267	0.00382	0.01872	0.00611	0.00535
26	0.01533	0.05977	0.01954	0.01500	0.01770	0.03794	0.04689	0.06545	0.06064	0.01981	0.01191	0.01564	0.01039	0.01137	0.06097	0.00272	0.34227	0.00550	0.00369	0.17747
27	0.01884	0.01460	0.01391	0.01217	0.01519	0.13683	0.00925	0.10467	0.16101	0.14504	0.06835	0.02823	0.02056	0.17053	0.02689	0.00314	0.00704	0.02972	0.00575	0.00829
28	0.18330	0.01192	0.01281	0.00952	0.01499	0.01004	0.00766	0.01716	0.01313	0.02316	0.01116	0.01303	0.00920	0.00514	0.00471	0.00120	0.00492	0.00383	0.00394	0.63917
29	0.01571	0.01899	0.16844	0.01458	0.02011	0.06418	0.05436	0.08200	0.21848	0.02407	0.01992	0.04448	0.04846	0.00787	0.00635	0.00190	0.00695	0.00653	0.00481	0.17181
30	0.01447	0.01381	0.02288	0.03285	0.55246	0.01354	0.03965	0.01796	0.01501	0.02071	0.02391	0.02630	0.16165	0.00814	0.00683	0.00202	0.00698	0.00763	0.00387	0.00935
31	0.01266	0.00695	0.00935	0.00980	0.01122	0.00634	0.00701	0.01416	0.01401	0.16831	0.03406	0.58488	0.03759	0.01790	0.00805	0.00255	0.00427	0.03774	0.00654	0.00661
32	0.01977	0.01398	0.05967	0.01333	0.01833	0.01214	0.05843	0.17320	0.01929	0.21423	0.05138	0.06269	0.01797	0.00876	0.00663	0.00192	0.00627	0.05718	0.00594	0.17888
33	0.01793	0.02820	0.43542	0.01732	0.02504	0.06065	0.01935	0.25145	0.03564	0.02765	0.01339	0.01466	0.00957	0.00690	0.00636	0.00203	0.00892	0.00524	0.00418	0.01011

[dist]
# distance from previous block
# <min> <max>
1	28

[block]
# block no. 1 follows, 33 sequences, length 15
# corresponding to MSA columns:
# 149-163
name=unknown_B
#
# <colnr> <probs for GDERKNQSTAVLIFYWHMCP>
#	G	D	E	R	K	N	Q	S	T	A	V	L	I	F	Y	W	H	M	C	P
0	0.01508	0.01357	0.01263	0.01177	0.01424	0.14316	0.00886	0.14578	0.01738	0.02175	0.02561	0.27838	0.05567	0.06991	0.00922	0.00251	0.00639	0.06885	0.00536	0.07389
1	0.01769	0.01371	0.03218	0.01705	0.14516	0.06245	0.03195	0.09786	0.07761	0.12133	0.07383	0.02429	0.06050	0.00851	0.00691	0.00196	0.03362	0.00702	0.15756	0.00882
2	0.00913	0.00639	0.00712	0.00724	0.00767	0.00615	0.00433	0.00952	0.01079	0.01398	0.03028	0.10070	0.15323	0.57559	0.02694	0.00535	0.00563	0.01104	0.00454	0.00438
3	0.01554	0.01776	0.03885	0.02775	0.03441	0.01665	0.70366	0.02109	0.01554	0.02109	0.01332	0.01776	0.00999	0.00555	0.00777	0.00222	0.01110	0.00777	0.00333	0.00888
4	0.00943	0.00793	0.01071	0.01381	0.14022	0.00731	0.00821	0.01130	0.01405	0.01808	0.04474	0.33255	0.32460	0.01627	0.00780	0.00235	0.00434	0.01434	0.00559	0.00636
5	0.01325	0.18759	0.39808	0.01516	0.02187	0.01548	0.03920	0.01826	0.01360	0.01910	0.01614	0.15059	0.01518	0.00877	0.00619	0.00203	0.00784	0.00724	0.03596	0.00848
6	0.01387	0.03751	0.05380	0.01324	0.06479	0.01132	0.01027	0.06797	0.03401	0.02142	0.01443	0.04795	0.01269	0.01434	0.14036	0.00310	0.02895	0.00557	0.00404	0.40036
7	0.01736	0.01857	0.11176	0.02103	0.02705	0.01633	0.34366	0.16664	0.01823	0.05172	0.01463	0.04405	0.01143	0.00708	0.00792	0.00212	0.05105	0.00705	0.00425	0.05807
8	0.01919	0.04812	0.01674	0.01403	0.01790	0.14892	0.01108	0.10660	0.42400	0.05574	0.02214	0.02277	0.01712	0.00866	0.00655	0.00210	0.00678	0.03583	0.00596	0.00976
9	0.01452	0.01272	0.01980	0.33894	0.13976	0.01418	0.05781	0.13101	0.01646	0.02192	0.01707	0.15327	0.01585	0.00919	0.00698	0.00221	0.00761	0.00833	0.00419	0.00818
10	0.03806	0.12803	0.05403	0.04921	0.03814	0.03291	0.16411	0.11145	0.01627	0.02248	0.01399	0.03261	0.01210	0.00744	0.00732	0.00192	0.05911	0.05225	0.00399	0.15457
11	0.01019	0.00805	0.01186	0.01545	0.14140	0.00787	0.00967	0.01230	0.01350	0.01815	0.03129	0.40341	0.05495	0.03896	0.04061	0.00305	0.00570	0.16176	0.00541	0.00642
12	0.00791	0.00614	0.00721	0.00806	0.00926	0.00544	0.00562	0.00929	0.01366	0.01724	0.04970	0.45499	0.34423	0.01888	0.00813	0.00247	0.00361	0.01659	0.00611	0.00544
13	0.00934	0.00792	0.00846	0.00764	0.01054	0.00666	0.00584	0.01208	0.04545	0.01952	0.10408	0.05155	0.51434	0.01394	0.00720	0.00198	0.00368	0.01164	0.00582	0.15232
14	0.01378	0.03042	0.60329	0.01779	0.02642	0.01549	0.02179	0.02343	0.14188	0.02207	0.01455	0.01584	0.01048	0.00674	0.00634	0.00211	0.00891	0.00533	0.00349	0.00986

[dist]
# distance from previous block
# <min> <max>
1	18

[block]
# block no. 2 follows, 33 sequences, length 59
# corresponding to MSA columns:
# 182-240
name=unknown_C
#
# <colnr> <probs for GDERKNQSTAVLIFYWHMCP>
#	G	D	E	R	K	N	Q	S	T	A	V	L	I	F	Y	W	H	M	C	P
0	0.00940	0.00705	0.01058	0.01058	0.01176	0.00823	0.00823	0.01176	0.01058	0.01528	0.01763	0.02586	0.01646	0.04937	0.74255	0.01058	0.01763	0.00705	0.00353	0.00588
1	0.00940	0.00705	0.01058	0.01058	0.01176	0.00823	0.00823	0.01176	0.01058	0.01528	0.01763	0.02586	0.01646	0.04937	0.74255	0.01058	0.01763	0.00705	0.00353	0.00588
2	0.01773	0.17157	0.31489	0.01566	0.02257	0.01852	0.01698	0.24269	0.01943	0.02643	0.01420	0.01807	0.01135	0.00750	0.00616	0.00198	0.00814	0.05219	0.00425	0.00970
3	0.00894	0.00635	0.00758	0.00803	0.00859	0.00617	0.00522	0.00975	0.01142	0.01496	0.03178	0.23015	0.13218	0.38940	0.07179	0.00499	0.00605	0.03698	0.00489	0.00477
4	0.01760	0.77260	0.03450	0.01126	0.01690	0.02605	0.01126	0.01971	0.01338	0.01549	0.00915	0.01056	0.00845	0.00563	0.00422	0.00141	0.00704	0.00352	0.00282	0.00845
5	0.01760	0.77260	0.03450	0.01126	0.01690	0.02605	0.01126	0.01971	0.01338	0.01549	0.00915	0.01056	0.00845	0.00563	0.00422	0.00141	0.00704	0.00352	0.00282	0.00845
6	0.02023	0.01251	0.05496	0.01160	0.01584	0.01103	0.00985	0.14349	0.05037	0.29031	0.22840	0.02940	0.04589	0.00968	0.00690	0.00202	0.00530	0.00807	0.00704	0.03712
7	0.00932	0.00673	0.00880	0.00828	0.00984	0.00621	0.00621	0.01242	0.01863	0.02640	0.72410	0.04918	0.06212	0.01346	0.00776	0.00207	0.00311	0.01191	0.00725	0.00621
8	0.01380	0.00771	0.00908	0.00814	0.01074	0.00676	0.00622	0.01590	0.01603	0.19266	0.15293	0.04659	0.34194	0.06572	0.00903	0.00239	0.00404	0.01088	0.07248	0.00697
9	0.01243	0.01170	0.01975	0.75282	0.04534	0.01463	0.01828	0.01682	0.01316	0.01682	0.01170	0.01755	0.00878	0.00658	0.00658	0.00219	0.00878	0.00585	0.00293	0.00731
10	0.01343	0.07138	0.69914	0.01838	0.02791	0.01583	0.02366	0.02079	0.01387	0.02058	0.01168	0.01373	0.00834	0.00622	0.00615	0.00205	0.00959	0.00480	0.00278	0.00966
11	0.00806	0.00593	0.00744	0.00861	0.00931	0.00544	0.00580	0.00924	0.01289	0.01678	0.04102	0.60058	0.16629	0.05772	0.00956	0.00278	0.00386	0.01738	0.00600	0.00532
12	0.00816	0.00582	0.00756	0.00890	0.00930	0.00545	0.00587	0.00921	0.01239	0.01645	0.03577	0.67334	0.06330	0.09180	0.01078	0.00301	0.00405	0.01769	0.00591	0.00522
13	0.81514	0.01273	0.00968	0.00866	0.01273	0.01477	0.00713	0.01935	0.01120	0.02954	0.00917	0.01069	0.00713	0.00611	0.00407	0.00204	0.00509	0.00356	0.00407	0.00713
14	0.01585	0.01519	0.02593	0.12170	0.64973	0.01553	0.01998	0.01982	0.01478	0.02097	0.01231	0.01644	0.01024	0.00595	0.00652	0.00198	0.00793	0.00586	0.00322	0.01007
15	0.01629	0.01564	0.02672	0.04041	0.72757	0.01564	0.02020	0.02020	0.01499	0.02151	0.01238	0.01629	0.01043	0.00587	0.00652	0.00196	0.00782	0.00587	0.00326	0.01043
16	0.00806	0.00580	0.00757	0.00896	0.00943	0.00540	0.00598	0.00920	0.01262	0.01671	0.03732	0.70114	0.07865	0.04774	0.00929	0.00279	0.00389	0.01813	0.00603	0.00531
17	0.02313	0.01875	0.01861	0.01494	0.01970	0.08835	0.01208	0.49717	0.17649	0.03608	0.01762	0.01731	0.01284	0.00802	0.00655	0.00200	0.00725	0.00609	0.00631	0.01069
18	0.02552	0.01765	0.01927	0.01477	0.02002	0.01924	0.01220	0.63197	0.02963	0.11701	0.01692	0.01653	0.01175	0.00793	0.00659	0.00198	0.00706	0.00600	0.00676	0.01120
19	0.01406	0.01337	0.02269	0.45191	0.33351	0.01506	0.01909	0.01825	0.01394	0.01880	0.01199	0.01702	0.00947	0.00628	0.00655	0.00209	0.00837	0.00586	0.00307	0.00863
20	0.01634	0.01557	0.01712	0.01495	0.01670	0.12685	0.01205	0.13424	0.01510	0.02011	0.01268	0.01754	0.01129	0.02103	0.22331	0.00475	0.30308	0.00593	0.00378	0.00757
21	0.01243	0.01170	0.01975	0.75282	0.04534	0.01463	0.01828	0.01682	0.01316	0.01682	0.01170	0.01755	0.00878	0.00658	0.00658	0.00219	0.00878	0.00585	0.00293	0.00731
22	0.01629	0.01564	0.02672	0.04041	0.72757	0.01564	0.02020	0.02020	0.01499	0.02151	0.01238	0.01629	0.01043	0.00587	0.00652	0.00196	0.00782	0.00587	0.00326	0.01043
23	0.01738	0.73527	0.06988	0.01164	0.01748	0.02551	0.01192	0.01977	0.01340	0.01576	0.00929	0.01073	0.00844	0.00566	0.00433	0.00144	0.00718	0.00359	0.00281	0.00851
24	0.00841	0.00600	0.00808	0.00961	0.01016	0.00568	0.00678	0.00983	0.01298	0.01724	0.03607	0.66135	0.04270	0.02026	0.00851	0.00273	0.00415	0.11789	0.00610	0.00545
25	0.01760	0.77260	0.03450	0.01126	0.01690	0.02605	0.01126	0.01971	0.01338	0.01549	0.00915	0.01056	0.00845	0.00563	0.00422	0.00141	0.00704	0.00352	0.00282	0.00845
26	0.01351	0.08548	0.68578	0.01824	0.02769	0.01604	0.02341	0.02077	0.01386	0.02048	0.01163	0.01367	0.00835	0.00621	0.00611	0.00204	0.00954	0.00477	0.00278	0.00964
27	0.00910	0.00665	0.00854	0.00821	0.00974	0.00610	0.00610	0.01195	0.01792	0.02502	0.62203	0.10015	0.11544	0.01422	0.00781	0.00213	0.00317	0.01254	0.00707	0.00610
28	0.05310	0.01448	0.01709	0.01314	0.01828	0.01463	0.01086	0.33181	0.02399	0.40149	0.02089	0.01908	0.01372	0.00797	0.00652	0.00201	0.00632	0.00621	0.00732	0.01107
29	0.01378	0.13005	0.64354	0.01779	0.02699	0.01669	0.02263	0.02070	0.01383	0.02015	0.01147	0.01347	0.00835	0.00617	0.00599	0.00200	0.00938	0.00469	0.00278	0.00956
30	0.01585	0.01519	0.02593	0.12170	0.64973	0.01553	0.01998	0.01982	0.01478	0.02097	0.01231	0.01644	0.01024	0.00595	0.00652	0.00198	0.00793	0.00586	0.00322	0.01007
31	0.01736	0.01463	0.01544	0.01360	0.01749	0.01684	0.01066	0.11150	0.63755	0.02913	0.02554	0.02356	0.01908	0.00881	0.00669	0.00220	0.00544	0.00727	0.00669	0.01051
32	0.42766	0.01518	0.01314	0.05312	0.05336	0.10990	0.00953	0.10577	0.01528	0.02754	0.01195	0.01386	0.00927	0.00663	0.00497	0.00193	0.00635	0.00451	0.10227	0.00777
33	0.01206	0.00835	0.01119	0.01228	0.10133	0.00761	0.00803	0.01479	0.01715	0.10381	0.36412	0.04605	0.24200	0.01282	0.00748	0.00210	0.00405	0.01111	0.00652	0.00713
34	0.01611	0.01434	0.01820	0.08959	0.18270	0.06401	0.02911	0.07588	0.13579	0.04372	0.01810	0.10789	0.01590	0.00836	0.00648	0.00193	0.00670	0.00730	0.00470	0.15321
35	0.00807	0.00576	0.00768	0.00914	0.00956	0.00538	0.00611	0.00928	0.01281	0.01714	0.06011	0.73956	0.04418	0.02038	0.00838	0.00265	0.00379	0.01848	0.00615	0.00538
36	0.01519	0.01441	0.02444	0.13583	0.58411	0.01479	0.01896	0.01897	0.01457	0.02054	0.01395	0.06856	0.01251	0.00699	0.00666	0.00204	0.00767	0.00676	0.00341	0.00965
37	0.02388	0.01653	0.01789	0.01388	0.01871	0.01804	0.01141	0.57995	0.02815	0.08765	0.01716	0.01726	0.01220	0.00789	0.00636	0.00193	0.00665	0.00600	0.09782	0.01062
38	0.01212	0.00617	0.00627	0.00624	0.00778	0.00614	0.00468	0.01519	0.01405	0.02464	0.05688	0.02578	0.01915	0.00796	0.00476	0.00156	0.00307	0.00643	0.76498	0.00614
39	0.01243	0.01170	0.01975	0.75282	0.04534	0.01463	0.01828	0.01682	0.01316	0.01682	0.01170	0.01755	0.00878	0.00658	0.00658	0.00219	0.00878	0.00585	0.00293	0.00731
40	0.01243	0.01170	0.01975	0.75282	0.04534	0.01463	0.01828	0.01682	0.01316	0.01682	0.01170	0.01755	0.00878	0.00658	0.00658	0.00219	0.00878	0.00585	0.00293	0.00731
41	0.01554	0.01776	0.03885	0.02775	0.03441	0.01665	0.70366	0.02109	0.01554	0.02109	0.01332	0.01776	0.00999	0.00555	0.00777	0.00222	0.01110	0.00777	0.00333	0.00888
42	0.00954	0.00650	0.00776	0.00776	0.00796	0.00670	0.00471	0.00995	0.00975	0.01320	0.02021	0.04014	0.02266	0.64562	0.15478	0.00710	0.00831	0.00914	0.00391	0.00431
43	0.01760	0.77260	0.03450	0.01126	0.01690	0.02605	0.01126	0.01971	0.01338	0.01549	0.00915	0.01056	0.00845	0.00563	0.00422	0.00141	0.00704	0.00352	0.00282	0.00845
44	0.02459	0.03138	0.01866	0.01696	0.02035	0.74221	0.01272	0.02629	0.01866	0.01611	0.01018	0.01187	0.00848	0.00678	0.00594	0.00170	0.01187	0.00424	0.00339	0.00763
45	0.01054	0.00703	0.00900	0.00833	0.01021	0.00638	0.00631	0.01344	0.01822	0.07452	0.59730	0.04900	0.13775	0.01347	0.00769	0.00209	0.00331	0.01177	0.00717	0.00648
46	0.01585	0.01519	0.02593	0.12170	0.64973	0.01553	0.01998	0.01982	0.01478	0.02097	0.01231	0.01644	0.01024	0.00595	0.00652	0.00198	0.00793	0.00586	0.00322	0.01007
47	0.01256	0.01184	0.01998	0.72838	0.06875	0.01466	0.01835	0.01694	0.01323	0.01698	0.01172	0.01751	0.00883	0.00656	0.00658	0.00219	0.00874	0.00585	0.00294	0.00742
48	0.00853	0.00670	0.00770	0.00745	0.00935	0.00587	0.00559	0.01089	0.01676	0.02196	0.38519	0.05649	0.40379	0.01512	0.00777	0.00215	0.00322	0.01293	0.00666	0.00587
49	0.01015	0.00735	0.01015	0.00931	0.01013	0.00738	0.06230	0.01117	0.01063	0.01478	0.02059	0.07408	0.02238	0.52816	0.11367	0.00602	0.00777	0.00934	0.05978	0.00484
50	0.01614	0.01560	0.02702	0.06306	0.67551	0.01565	0.04957	0.02013	0.01495	0.02134	0.01240	0.01640	0.01036	0.00588	0.00657	0.00197	0.00799	0.00595	0.00325	0.01026
51	0.02078	0.01141	0.03479	0.01152	0.01551	0.01046	0.00955	0.04971	0.14255	0.35897	0.17063	0.03174	0.04654	0.01009	0.00702	0.00214	0.00516	0.04454	0.00732	0.00956
52	0.00911	0.00672	0.00852	0.00807	0.00971	0.00612	0.00605	0.01203	0.01815	0.02525	0.63670	0.05106	0.15023	0.01389	0.00777	0.00209	0.00314	0.01217	0.00710	0.00612
53	0.01357	0.09491	0.67685	0.01815	0.02754	0.01618	0.02325	0.02075	0.01386	0.02041	0.01159	0.01362	0.00835	0.00620	0.00609	0.00203	0.00951	0.00475	0.00278	0.00962
54	0.01518	0.36644	0.41947	0.01539	0.02327	0.02013	0.01845	0.02034	0.01366	0.01844	0.01062	0.01240	0.00839	0.00597	0.00534	0.00178	0.00852	0.00426	0.00280	0.00915
55	0.01030	0.00814	0.01227	0.01284	0.03474	0.00792	0.06598	0.01336	0.03692	0.01946	0.07544	0.30176	0.06271	0.01698	0.00847	0.00270	0.00545	0.29238	0.00586	0.00631
56	0.01465	0.01309	0.01796	0.01296	0.01885	0.01086	0.11691	0.05611	0.03380	0.02267	0.01259	0.01471	0.01015	0.00526	0.00547	0.00126	0.00599	0.00471	0.00404	0.61796
57	0.75041	0.01261	0.01014	0.00891	0.01307	0.01435	0.00734	0.02040	0.01183	0.08743	0.01055	0.01166	0.00788	0.00628	0.00428	0.00204	0.00513	0.00382	0.00441	0.00747
58	0.08776	0.02045	0.01716	0.01443	0.01859	0.23707	0.01137	0.31878	0.07884	0.02933	0.01573	0.06695	0.01296	0.00829	0.00626	0.00193	0.00799	0.00617	0.00530	0.03463

[dist]
# distance from previous block
# <min> <max>
0	1

[block]
# block no. 3 follows, 33 sequences, length 32
# corresponding to MSA columns:
# 242-258,268-282
name=unknown_D
#
# <colnr> <probs for GDERKNQSTAVLIFYWHMCP>
#	G	D	E	R	K	N	Q	S	T	A	V	L	I	F	Y	W	H	M	C	P
0	0.00939	0.00711	0.00879	0.00918	0.01054	0.00689	0.00668	0.01311	0.08739	0.02120	0.25678	0.34903	0.12396	0.01658	0.00799	0.00240	0.00379	0.04648	0.00653	0.00620
1	0.01279	0.00842	0.01028	0.00951	0.01185	0.00815	0.00728	0.01793	0.12831	0.11623	0.36018	0.10494	0.13393	0.01320	0.00754	0.00219	0.00393	0.02897	0.00700	0.00737
2	0.01782	0.01873	0.08376	0.02203	0.14640	0.13009	0.17871	0.02328	0.09027	0.09205	0.04502	0.01986	0.03185	0.00741	0.00748	0.00207	0.04365	0.00667	0.02375	0.00908
3	0.02317	0.02928	0.01764	0.01609	0.01938	0.67975	0.01207	0.02486	0.01835	0.01625	0.01497	0.01624	0.06923	0.00762	0.00609	0.00174	0.01115	0.00506	0.00362	0.00746
4	0.00792	0.00667	0.00687	0.00682	0.00898	0.00562	0.00511	0.00972	0.01534	0.01858	0.12743	0.06205	0.66367	0.01638	0.00778	0.00221	0.00331	0.01371	0.00622	0.00562
5	0.03236	0.01540	0.05338	0.17831	0.37343	0.01512	0.12505	0.02034	0.03205	0.04995	0.01383	0.01859	0.01110	0.00649	0.00674	0.00209	0.00834	0.02452	0.00356	0.00937
6	0.01795	0.06843	0.02738	0.08342	0.05594	0.14711	0.26659	0.08718	0.08290	0.02164	0.01347	0.01637	0.01050	0.00686	0.00788	0.00209	0.06538	0.00627	0.00386	0.00880
7	0.01515	0.01718	0.07770	0.01525	0.01799	0.15120	0.06444	0.05376	0.07598	0.01933	0.02009	0.20596	0.03620	0.01252	0.02549	0.00253	0.16802	0.00920	0.00443	0.00758
8	0.00957	0.00638	0.00718	0.00718	0.00718	0.00638	0.00399	0.00957	0.00957	0.01276	0.02074	0.04308	0.02393	0.76864	0.03351	0.00638	0.00638	0.00957	0.00399	0.00399
9	0.00994	0.00756	0.01026	0.01033	0.01158	0.00739	0.04226	0.06543	0.01405	0.01867	0.03354	0.51502	0.08829	0.07795	0.05200	0.00330	0.00541	0.01540	0.00570	0.00594
10	0.00803	0.00590	0.00754	0.00878	0.00946	0.00541	0.00595	0.00931	0.01315	0.01726	0.06282	0.63958	0.14306	0.01982	0.00829	0.00259	0.00373	0.01780	0.00615	0.00541
11	0.02037	0.01574	0.01724	0.01309	0.01847	0.01597	0.01068	0.41412	0.06952	0.03338	0.01505	0.01560	0.01126	0.00688	0.00598	0.00163	0.00626	0.00530	0.00563	0.29783
12	0.01552	0.28891	0.40211	0.01635	0.02402	0.05731	0.05071	0.02113	0.03277	0.01893	0.01127	0.01310	0.00878	0.00610	0.00562	0.00184	0.00885	0.00457	0.00295	0.00915
13	0.01490	0.28399	0.34393	0.01533	0.04553	0.01787	0.01680	0.01969	0.01371	0.01913	0.01090	0.01279	0.00869	0.00579	0.00532	0.00165	0.00789	0.00427	0.00300	0.14882
14	0.00802	0.00573	0.00764	0.00917	0.00955	0.00535	0.00611	0.00917	0.01260	0.01681	0.03628	0.76434	0.04354	0.02062	0.00840	0.00267	0.00382	0.01872	0.00611	0.00535
15	0.02932	0.01155	0.01549	0.01188	0.01698	0.01019	0.00981	0.06414	0.01942	0.69926	0.02549	0.02209	0.01605	0.00814	0.00662	0.00203	0.00568	0.00659	0.00807	0.01120
16	0.01530	0.01586	0.05945	0.18443	0.50222	0.01549	0.07197	0.01961	0.01461	0.02048	0.01229	0.01655	0.00996	0.00601	0.00661	0.00203	0.00836	0.00596	0.00317	0.00964
17	0.01478	0.01374	0.02311	0.26940	0.45905	0.01469	0.01856	0.01879	0.01432	0.02018	0.01276	0.01724	0.01031	0.00622	0.00641	0.00201	0.00782	0.00588	0.05560	0.00914
18	0.00940	0.00705	0.01058	0.01058	0.01176	0.00823	0.00823	0.01176	0.01058	0.01528	0.01763	0.02586	0.01646	0.04937	0.74255	0.01058	0.01763	0.00705	0.00353	0.00588
19	0.28120	0.01164	0.01293	0.01043	0.01490	0.01157	0.00857	0.06110	0.01657	0.41013	0.01965	0.01847	0.01313	0.00744	0.00563	0.00199	0.00531	0.00556	0.07434	0.00946
20	0.02378	0.01088	0.01350	0.01088	0.01502	0.01034	0.00881	0.08197	0.08504	0.44323	0.04080	0.02317	0.01746	0.00823	0.00622	0.00194	0.00510	0.00667	0.17703	0.00993
21	0.00870	0.00671	0.00795	0.00764	0.00946	0.00595	0.00573	0.01123	0.01718	0.02296	0.46142	0.05484	0.32695	0.01474	0.00777	0.00213	0.00320	0.01270	0.00679	0.00595
22	0.00932	0.00673	0.00880	0.00828	0.00984	0.00621	0.00621	0.01242	0.01863	0.02640	0.72410	0.04918	0.06212	0.01346	0.00776	0.00207	0.00311	0.01191	0.00725	0.00621
23	0.00950	0.00635	0.00720	0.00728	0.00729	0.00633	0.00409	0.00955	0.00972	0.01296	0.02149	0.07784	0.02488	0.73259	0.03230	0.00620	0.00626	0.01001	0.00409	0.00405
24	0.00809	0.00638	0.00732	0.00792	0.00941	0.00561	0.00574	0.00971	0.01433	0.01797	0.08783	0.31692	0.41043	0.01801	0.00807	0.00242	0.00363	0.04851	0.00617	0.00554
25	0.11781	0.01138	0.01465	0.01137	0.01635	0.01025	0.00939	0.03065	0.01798	0.65318	0.02408	0.02109	0.01527	0.00792	0.00633	0.00204	0.00554	0.00628	0.00769	0.01075
26	0.01476	0.01032	0.00871	0.00818	0.01020	0.10574	0.00621	0.06196	0.01558	0.02452	0.01959	0.02227	0.01538	0.00757	0.00491	0.00158	0.00452	0.00587	0.64547	0.00667
27	0.00940	0.00738	0.01106	0.01129	0.01273	0.00697	0.06639	0.01157	0.01404	0.01850	0.06930	0.41898	0.09862	0.01800	0.00845	0.00266	0.00497	0.19786	0.00592	0.00590
28	0.01273	0.01201	0.02029	0.69713	0.09867	0.01471	0.01843	0.01708	0.01331	0.01719	0.01175	0.01745	0.00890	0.00653	0.00658	0.00218	0.00870	0.00585	0.00295	0.00756
29	0.00949	0.00637	0.00728	0.00733	0.00743	0.00632	0.00420	0.00969	0.01017	0.01363	0.05613	0.07814	0.02676	0.69540	0.03103	0.00599	0.00610	0.01013	0.00425	0.00416
30	0.01320	0.03405	0.73453	0.01876	0.02849	0.01529	0.02432	0.02085	0.01390	0.02085	0.01181	0.01390	0.00834	0.00625	0.00625	0.00208	0.00973	0.00486	0.00278	0.00973
31	0.01503	0.01175	0.01304	0.01229	0.01530	0.01311	0.00967	0.02804	0.47145	0.05417	0.02848	0.09501	0.02451	0.01126	0.00708	0.00234	0.00510	0.11446	0.05884	0.00906

[dist]
# distance from previous block
# <min> <max>
0	1

[block]
# block no. 4 follows, 33 sequences, length 27
# corresponding to MSA columns:
# 284-310
name=unknown_E
#
# <colnr> <probs for GDERKNQSTAVLIFYWHMCP>
#	G	D	E	R	K	N	Q	S	T	A	V	L	I	F	Y	W	H	M	C	P
0	0.01629	0.01564	0.02672	0.04041	0.72757	0.01564	0.02020	0.02020	0.01499	0.02151	0.01238	0.01629	0.01043	0.00587	0.00652	0.00196	0.00782	0.00587	0.00326	0.01043
1	0.01374	0.01303	0.02210	0.51210	0.27586	0.01497	0.01893	0.01796	0.01378	0.01840	0.01193	0.01713	0.00933	0.00634	0.00656	0.00211	0.00845	0.00586	0.00304	0.00837
2	0.01574	0.01507	0.02571	0.14320	0.62914	0.01550	0.01993	0.01972	0.01473	0.02083	0.01228	0.01648	0.01019	0.00597	0.00653	0.00199	0.00796	0.00586	0.00321	0.00998
3	0.00826	0.00590	0.00791	0.00944	0.00993	0.00555	0.00653	0.00958	0.01284	0.01707	0.03615	0.70034	0.04302	0.02040	0.00847	0.00271	0.00403	0.08035	0.00611	0.00541
4	0.01632	0.01887	0.03629	0.02636	0.03247	0.08287	0.61435	0.02136	0.01561	0.02043	0.01285	0.01709	0.00980	0.00589	0.00813	0.00220	0.03970	0.00737	0.00332	0.00870
5	0.01042	0.00839	0.01187	0.01130	0.01204	0.01026	0.00870	0.01218	0.01030	0.01495	0.01641	0.02665	0.01624	0.16924	0.47460	0.00832	0.16161	0.00724	0.00348	0.00580
6	0.00814	0.00591	0.00771	0.00909	0.00970	0.00548	0.00625	0.00943	0.01296	0.01705	0.03898	0.66416	0.10531	0.02014	0.00838	0.00265	0.00389	0.05327	0.00611	0.00540
7	0.02024	0.01715	0.01699	0.01434	0.01860	0.07759	0.01138	0.28178	0.40562	0.03175	0.02137	0.02029	0.01586	0.00838	0.00659	0.00209	0.00651	0.00662	0.00638	0.01048
8	0.00957	0.00641	0.00731	0.00731	0.00735	0.00645	0.00415	0.00966	0.00961	0.01286	0.02063	0.04243	0.02365	0.74150	0.06026	0.00654	0.00681	0.00948	0.00397	0.00406
9	0.06042	0.03684	0.01978	0.06123	0.06381	0.18650	0.07599	0.13618	0.08187	0.04142	0.01375	0.01535	0.01063	0.00658	0.00603	0.00176	0.00802	0.00527	0.00442	0.16415
10	0.01813	0.62297	0.03013	0.01103	0.01624	0.02309	0.01064	0.05685	0.01464	0.05465	0.01150	0.01273	0.00977	0.00607	0.00451	0.00148	0.00662	0.00405	0.07638	0.00853
11	0.00909	0.00597	0.00760	0.00835	0.00853	0.00578	0.00527	0.00923	0.01090	0.01453	0.02693	0.38942	0.03163	0.29794	0.02021	0.12079	0.00504	0.01345	0.00485	0.00448
12	0.01090	0.00884	0.01336	0.09166	0.11819	0.00977	0.01031	0.01337	0.01230	0.01741	0.08314	0.07608	0.02144	0.11990	0.30995	0.00612	0.03956	0.00821	0.02299	0.00651
13	0.01490	0.01758	0.16189	0.08585	0.09641	0.01655	0.01630	0.01931	0.05892	0.06252	0.01527	0.01853	0.04772	0.00932	0.01295	0.00243	0.32527	0.00619	0.00365	0.00843
14	0.01227	0.00614	0.00614	0.00614	0.00767	0.00614	0.00460	0.01534	0.01381	0.02454	0.02148	0.02454	0.01687	0.00767	0.00460	0.00153	0.00307	0.00614	0.80518	0.00614
15	0.05364	0.01283	0.01509	0.01205	0.01657	0.01296	0.00981	0.18795	0.12025	0.36879	0.02261	0.02097	0.01537	0.00808	0.00631	0.00200	0.00564	0.00641	0.09227	0.01040
16	0.01531	0.02228	0.21849	0.04779	0.02578	0.12667	0.19710	0.01977	0.01438	0.01891	0.01378	0.04393	0.01198	0.00913	0.02534	0.00245	0.12860	0.04670	0.00336	0.00824
17	0.02418	0.01518	0.08255	0.01311	0.01835	0.01336	0.01155	0.19978	0.09461	0.37465	0.02464	0.02266	0.05751	0.00851	0.00666	0.00206	0.00622	0.00681	0.00698	0.01064
18	0.00857	0.00679	0.00781	0.00816	0.01001	0.00603	0.00636	0.01066	0.01535	0.01926	0.14714	0.11618	0.44763	0.01683	0.00809	0.00240	0.00388	0.14687	0.00626	0.00573
19	0.01035	0.00749	0.01024	0.01162	0.01320	0.00739	0.01009	0.01325	0.01514	0.01952	0.03781	0.07325	0.10160	0.01805	0.00897	0.00296	0.00581	0.62118	0.00607	0.00602
20	0.07071	0.08810	0.12097	0.01353	0.01837	0.13557	0.01231	0.11954	0.07537	0.12946	0.02193	0.02179	0.10221	0.00852	0.00673	0.00199	0.03251	0.00636	0.00506	0.00897
21	0.09239	0.01613	0.01623	0.01507	0.05883	0.13552	0.01121	0.21323	0.01824	0.04021	0.01524	0.06230	0.01348	0.04371	0.13602	0.00372	0.08914	0.00652	0.00461	0.00822
22	0.01144	0.00572	0.00858	0.00858	0.00858	0.00572	0.00572	0.00858	0.00858	0.01144	0.01144	0.02001	0.01144	0.02287	0.02573	0.80846	0.00572	0.00572	0.00286	0.00286
23	0.01637	0.01414	0.01489	0.01340	0.01712	0.01637	0.01042	0.03498	0.71568	0.02754	0.02679	0.02456	0.02010	0.00893	0.00670	0.00223	0.00521	0.00744	0.00670	0.01042
24	0.01115	0.00915	0.01075	0.01060	0.01202	0.07482	0.00818	0.01353	0.01172	0.01653	0.01744	0.02442	0.01578	0.04022	0.58219	0.00863	0.01527	0.00668	0.10483	0.00607
25	0.01569	0.01431	0.01800	0.19100	0.14329	0.05308	0.01369	0.06128	0.26382	0.02365	0.06307	0.02118	0.01667	0.00769	0.00653	0.00203	0.00679	0.00659	0.00489	0.06673
26	0.01279	0.05910	0.07856	0.01041	0.01317	0.00963	0.00904	0.04151	0.01393	0.08021	0.05019	0.13193	0.05880	0.02322	0.23926	0.00472	0.00905	0.00862	0.13886	0.00702

[dist]
# distance from previous block
# <min> <max>
0	20

[block]
# block no. 5 follows, 33 sequences, length 30
# corresponding to MSA columns:
# 331-360
name=unknown_F
#
# <colnr> <probs for GDERKNQSTAVLIFYWHMCP>
#	G	D	E	R	K	N	Q	S	T	A	V	L	I	F	Y	W	H	M	C	P
0	0.01610	0.23521	0.42060	0.01674	0.02467	0.01786	0.07234	0.02158	0.01433	0.08447	0.01249	0.01405	0.00923	0.00620	0.00584	0.00190	0.00871	0.00488	0.00332	0.00944
1	0.01234	0.01276	0.06982	0.01297	0.01519	0.07461	0.03839	0.04114	0.01241	0.01688	0.01573	0.02336	0.01457	0.09375	0.44066	0.00744	0.08111	0.00671	0.00355	0.00662
2	0.01185	0.15292	0.05004	0.00999	0.01248	0.04038	0.00821	0.01365	0.01185	0.01545	0.02031	0.04622	0.07194	0.24226	0.21753	0.00551	0.00962	0.00754	0.00377	0.04846
3	0.01659	0.60873	0.15961	0.01241	0.01862	0.02331	0.01335	0.01974	0.01349	0.01682	0.01013	0.01172	0.00877	0.00583	0.00461	0.00154	0.00737	0.00387	0.03492	0.00859
4	0.01472	0.01410	0.06968	0.01322	0.03114	0.01412	0.01070	0.02860	0.49848	0.02492	0.02694	0.05697	0.04866	0.04977	0.00815	0.00244	0.00547	0.02697	0.04566	0.00930
5	0.01511	0.35447	0.43082	0.01551	0.02346	0.01996	0.01866	0.02036	0.01367	0.01852	0.01066	0.01245	0.00839	0.00598	0.00537	0.00179	0.00856	0.00428	0.00280	0.00917
6	0.00902	0.00641	0.00861	0.01002	0.01075	0.00619	0.00747	0.01072	0.01323	0.01747	0.03459	0.47384	0.04009	0.07813	0.01059	0.00308	0.00478	0.24359	0.00593	0.00548
7	0.01760	0.77260	0.03450	0.01126	0.01690	0.02605	0.01126	0.01971	0.01338	0.01549	0.00915	0.01056	0.00845	0.00563	0.00422	0.00141	0.00704	0.00352	0.00282	0.00845
8	0.01402	0.01332	0.02262	0.45958	0.32615	0.01504	0.01907	0.01821	0.01392	0.01875	0.01198	0.01703	0.00946	0.00629	0.00656	0.00210	0.00838	0.00586	0.00306	0.00860
9	0.01377	0.12843	0.64507	0.01781	0.02701	0.01666	0.02265	0.02070	0.01383	0.02016	0.01147	0.01347	0.00835	0.00618	0.00600	0.00200	0.00939	0.00469	0.00278	0.00957
10	0.00957	0.00641	0.00734	0.00734	0.00740	0.00647	0.00419	0.00968	0.00962	0.01288	0.02060	0.04226	0.02358	0.73449	0.06718	0.00658	0.00692	0.00945	0.00397	0.00408
11	0.00823	0.00582	0.00758	0.00889	0.00922	0.00549	0.00582	0.00922	0.01219	0.01625	0.03416	0.66563	0.04086	0.12300	0.01184	0.00318	0.00417	0.01746	0.00582	0.00516
12	0.00971	0.00752	0.01021	0.01049	0.01169	0.00739	0.04245	0.03173	0.07477	0.01878	0.05231	0.57361	0.05682	0.04798	0.00914	0.00271	0.00448	0.01613	0.00598	0.00611
13	0.01582	0.47371	0.31780	0.01430	0.02159	0.02169	0.01655	0.02017	0.01359	0.01766	0.01023	0.01191	0.00840	0.00588	0.00505	0.00168	0.00813	0.00406	0.00280	0.00897
14	0.00811	0.00585	0.00771	0.00916	0.00968	0.00544	0.00623	0.00935	0.01282	0.01696	0.03767	0.70437	0.07568	0.02034	0.00840	0.00267	0.00388	0.04419	0.00611	0.00538
15	0.01489	0.01242	0.01958	0.53857	0.09920	0.01440	0.01676	0.05422	0.03471	0.07322	0.01348	0.01773	0.00999	0.00669	0.00650	0.00209	0.00808	0.00586	0.00369	0.04793
16	0.01434	0.22556	0.55300	0.01682	0.02549	0.01808	0.02094	0.02055	0.01376	0.01946	0.01112	0.01303	0.00837	0.00609	0.00573	0.00191	0.00903	0.00452	0.00279	0.00940
17	0.00890	0.00614	0.00716	0.00781	0.00889	0.00566	0.00541	0.01053	0.01350	0.01862	0.07638	0.36686	0.20753	0.07381	0.00945	0.00261	0.00372	0.01424	0.14730	0.00548
18	0.01319	0.01247	0.02111	0.61341	0.17884	0.01483	0.01866	0.01748	0.01352	0.01774	0.01183	0.01731	0.00910	0.00644	0.00657	0.00215	0.00859	0.00585	0.00299	0.00792
19	0.01115	0.00797	0.00894	0.00849	0.01052	0.02230	0.00644	0.01513	0.07867	0.05097	0.27645	0.05742	0.20991	0.01528	0.05961	0.00265	0.00468	0.01049	0.13635	0.00660
20	0.00825	0.00589	0.00790	0.00942	0.00991	0.00554	0.00650	0.00956	0.01283	0.01706	0.03616	0.70408	0.04305	0.02041	0.00846	0.00270	0.00402	0.07675	0.00611	0.00541
21	0.01005	0.00673	0.00851	0.00926	0.01002	0.00649	0.00624	0.04696	0.01332	0.04638	0.03222	0.57554	0.03749	0.14310	0.01238	0.00322	0.00450	0.01604	0.00587	0.00567
22	0.01558	0.43340	0.35600	0.01471	0.02222	0.02111	0.01726	0.02023	0.01362	0.01795	0.01037	0.01209	0.00840	0.00592	0.00516	0.00172	0.00828	0.00414	0.00280	0.00904
23	0.01784	0.01871	0.02478	0.06521	0.55401	0.16478	0.01859	0.02131	0.01567	0.02020	0.01190	0.01544	0.00996	0.00608	0.00640	0.00191	0.00869	0.00553	0.00327	0.00972
24	0.01446	0.24500	0.53458	0.01662	0.02518	0.01836	0.02059	0.02052	0.01375	0.01932	0.01105	0.01295	0.00837	0.00608	0.00567	0.00189	0.00896	0.00448	0.00279	0.00936
25	0.01530	0.01463	0.02492	0.22421	0.55156	0.01538	0.01971	0.01933	0.01452	0.02030	0.01221	0.01662	0.01000	0.00605	0.00653	0.00202	0.00807	0.00586	0.00317	0.00962
26	0.01363	0.06072	0.55876	0.01815	0.02571	0.01674	0.02174	0.01977	0.01309	0.01960	0.01105	0.01386	0.00841	0.00731	0.00932	0.00222	0.16296	0.00499	0.00280	0.00916
27	0.01240	0.01200	0.01611	0.01418	0.01476	0.01571	0.01160	0.01388	0.01146	0.01639	0.02479	0.06401	0.19273	0.01328	0.01743	0.00270	0.52753	0.00847	0.00386	0.00669
28	0.01629	0.01564	0.02672	0.04041	0.72757	0.01564	0.02020	0.02020	0.01499	0.02151	0.01238	0.01629	0.01043	0.00587	0.00652	0.00196	0.00782	0.00587	0.00326	0.01043
29	0.01440	0.01430	0.02112	0.01766	0.01831	0.01918	0.07412	0.01628	0.01074	0.01672	0.00967	0.01519	0.00916	0.01081	0.01957	0.00276	0.65503	0.00595	0.04173	0.00730

[dist]
# distance from previous block
# <min> <max>
0	50

[block]
# block no. 6 follows, 33 sequences, length 41
# corresponding to MSA columns:
# 411-451
name=unknown_G
#
# <colnr> <probs for GDERKNQSTAVLIFYWHMCP>
#	G	D	E	R	K	N	Q	S	T	A	V	L	I	F	Y	W	H	M	C	P
0	0.00802	0.00573	0.00764	0.00917	0.00955	0.00535	0.00611	0.00917	0.01260	0.01681	0.03628	0.76434	0.04354	0.02062	0.00840	0.00267	0.00382	0.01872	0.00611	0.00535
1	0.00917	0.00667	0.00863	0.00825	0.00977	0.00613	0.00615	0.01209	0.01811	0.02542	0.65165	0.09125	0.09397	0.01403	0.00780	0.00211	0.00316	0.01240	0.00712	0.00613
2	0.01258	0.00723	0.00766	0.00760	0.00934	0.00745	0.00579	0.03747	0.07301	0.02444	0.02365	0.08358	0.02022	0.00938	0.00539	0.00178	0.00361	0.04637	0.60687	0.00658
3	0.01201	0.00960	0.01220	0.01113	0.01354	0.03923	0.06650	0.05923	0.01638	0.05527	0.13246	0.18551	0.22568	0.03105	0.00841	0.00244	0.00521	0.10150	0.00599	0.00666
4	0.01571	0.01518	0.02160	0.35516	0.26948	0.08268	0.01753	0.07210	0.01556	0.02018	0.01236	0.01682	0.00982	0.00831	0.03829	0.00241	0.00901	0.00576	0.00339	0.00863
5	0.00905	0.00603	0.00797	0.00920	0.00988	0.00556	0.00624	0.01029	0.01299	0.05147	0.03690	0.70270	0.06723	0.01988	0.00829	0.00263	0.00389	0.01795	0.00621	0.00564
6	0.01600	0.01534	0.02619	0.09453	0.67574	0.01556	0.02006	0.01995	0.01485	0.02115	0.01233	0.01639	0.01030	0.00592	0.00652	0.00197	0.00789	0.00586	0.00323	0.01019
7	0.01544	0.04292	0.01480	0.01022	0.01592	0.03603	0.00826	0.01826	0.01422	0.07620	0.01265	0.01414	0.01016	0.00523	0.00502	0.00110	0.00527	0.00411	0.00417	0.68587
8	0.01433	0.01275	0.03850	0.01895	0.16431	0.01262	0.06653	0.02254	0.23110	0.04919	0.13011	0.06818	0.04265	0.01044	0.00728	0.00225	0.00604	0.08782	0.00562	0.00880
9	0.00824	0.00588	0.00789	0.00941	0.00989	0.00553	0.00649	0.00954	0.01282	0.01705	0.03617	0.70663	0.04307	0.02042	0.00846	0.00270	0.00401	0.07429	0.00611	0.00541
10	0.00822	0.00594	0.00785	0.00919	0.00976	0.00547	0.00617	0.00943	0.01264	0.01697	0.03541	0.73771	0.04234	0.02007	0.00828	0.00261	0.00386	0.01819	0.00603	0.03386
11	0.01453	0.18436	0.43842	0.01831	0.02601	0.01810	0.11323	0.02026	0.01372	0.01937	0.01122	0.01377	0.00861	0.00644	0.00723	0.00202	0.06734	0.00505	0.00287	0.00915
12	0.01388	0.01318	0.02237	0.48493	0.30188	0.01501	0.01901	0.01809	0.01385	0.01858	0.01196	0.01708	0.00940	0.00631	0.00656	0.00210	0.00842	0.00586	0.00305	0.00848
13	0.02404	0.01626	0.01686	0.01352	0.01806	0.08872	0.01092	0.32518	0.09089	0.22453	0.05962	0.02026	0.01627	0.00826	0.00654	0.00198	0.00669	0.00644	0.03466	0.01030
14	0.00947	0.00680	0.00927	0.00927	0.01000	0.00752	0.00660	0.01092	0.01019	0.01432	0.01883	0.03248	0.01933	0.32560	0.47025	0.00897	0.01331	0.00802	0.00370	0.00515
15	0.03801	0.01526	0.02742	0.02078	0.02522	0.04028	0.39575	0.01967	0.06910	0.02078	0.06078	0.06529	0.04688	0.03000	0.00982	0.00241	0.09192	0.00847	0.00410	0.00807
16	0.01420	0.20177	0.57555	0.01706	0.02586	0.01773	0.02136	0.02059	0.01378	0.01963	0.01121	0.01314	0.00836	0.00611	0.00579	0.00193	0.00912	0.00456	0.00279	0.00944
17	0.00830	0.00601	0.00788	0.00904	0.00974	0.00558	0.00627	0.00984	0.01368	0.01830	0.13078	0.59355	0.08605	0.01931	0.00831	0.00258	0.00380	0.04919	0.00626	0.00551
18	0.01597	0.49903	0.29380	0.01404	0.02119	0.02206	0.01610	0.02013	0.01357	0.01747	0.01014	0.01180	0.00841	0.00586	0.00498	0.00166	0.00804	0.00402	0.00280	0.00892
19	0.10646	0.01406	0.01347	0.01224	0.01542	0.10906	0.00959	0.09515	0.18468	0.09464	0.08355	0.12512	0.02421	0.01096	0.00683	0.00221	0.00605	0.07192	0.00601	0.00840
20	0.02461	0.03076	0.01871	0.01687	0.02035	0.70780	0.01271	0.05867	0.01924	0.01732	0.01044	0.01206	0.00861	0.00684	0.00597	0.00171	0.01165	0.00432	0.00354	0.00780
21	0.00957	0.00638	0.00718	0.00718	0.00718	0.00638	0.00399	0.00957	0.00957	0.01276	0.02074	0.04308	0.02393	0.76864	0.03351	0.00638	0.00638	0.00957	0.00399	0.00399
22	0.01307	0.01235	0.02090	0.63528	0.15789	0.01479	0.01860	0.01738	0.01346	0.01759	0.01181	0.01734	0.00905	0.00646	0.00657	0.00215	0.00862	0.00585	0.00298	0.00783
23	0.02042	0.01721	0.01678	0.01410	0.01780	0.12041	0.01114	0.38797	0.07380	0.03098	0.03999	0.15025	0.01861	0.01039	0.00746	0.00212	0.03712	0.00824	0.00592	0.00928
24	0.00940	0.00705	0.01058	0.01058	0.01176	0.00823	0.00823	0.01176	0.01058	0.01528	0.01763	0.02586	0.01646	0.04937	0.74255	0.01058	0.01763	0.00705	0.00353	0.00588
25	0.01781	0.01407	0.01469	0.01275	0.01576	0.07059	0.00985	0.22500	0.22512	0.02576	0.01761	0.01989	0.01405	0.01493	0.06353	0.21165	0.00734	0.00627	0.00519	0.00815
26	0.01243	0.01170	0.01975	0.75282	0.04534	0.01463	0.01828	0.01682	0.01316	0.01682	0.01170	0.01755	0.00878	0.00658	0.00658	0.00219	0.00878	0.00585	0.00293	0.00731
27	0.02683	0.01305	0.01615	0.01256	0.01758	0.01262	0.01031	0.17547	0.09170	0.49540	0.02352	0.02099	0.01542	0.00809	0.00658	0.00202	0.00589	0.00649	0.00756	0.03178
28	0.00793	0.00626	0.00710	0.00776	0.00913	0.00549	0.00545	0.00933	0.01382	0.01722	0.05233	0.36380	0.41245	0.03968	0.00878	0.00253	0.00363	0.01584	0.00605	0.00542
29	0.00814	0.00629	0.00743	0.00798	0.00933	0.00558	0.00567	0.00984	0.01462	0.01884	0.16550	0.35319	0.32845	0.01778	0.00804	0.00239	0.00350	0.01557	0.00630	0.00558
30	0.29010	0.01416	0.01531	0.01302	0.01718	0.01597	0.06333	0.09321	0.33240	0.02884	0.01890	0.01996	0.01455	0.00789	0.00595	0.00216	0.00585	0.02661	0.00551	0.00912
31	0.00831	0.00676	0.00752	0.00771	0.00962	0.00574	0.00557	0.00991	0.01413	0.01776	0.05267	0.28433	0.45084	0.01702	0.00775	0.00227	0.00361	0.01466	0.00594	0.06786
32	0.18830	0.01151	0.01415	0.01110	0.01598	0.01071	0.00916	0.02951	0.01730	0.59015	0.02258	0.02004	0.01444	0.00774	0.00611	0.00204	0.00550	0.00600	0.00732	0.01038
33	0.08198	0.00983	0.00988	0.00896	0.01165	0.01062	0.00698	0.09750	0.16520	0.02700	0.02438	0.02535	0.07010	0.00852	0.00547	0.00183	0.00419	0.00677	0.41614	0.00766
34	0.11453	0.02457	0.01733	0.01510	0.01903	0.44227	0.01168	0.13743	0.06016	0.07841	0.01318	0.01394	0.01005	0.00712	0.00593	0.00184	0.00947	0.00481	0.00455	0.00860
35	0.00820	0.00594	0.00780	0.00921	0.00982	0.00554	0.00638	0.00954	0.01299	0.01710	0.03849	0.65730	0.09507	0.02013	0.00841	0.00267	0.00396	0.06994	0.00611	0.00542
36	0.01440	0.01440	0.02016	0.01728	0.01728	0.02016	0.01440	0.01584	0.01008	0.01584	0.00864	0.01440	0.00864	0.01152	0.02160	0.00288	0.75659	0.00576	0.00288	0.00720
