[name]
unknown

[dist]
# distance from previous block
# <min> <max>
0	83

[block]
# block no. 0 follows, 28 sequences, length 27
# corresponding to MSA columns:
# 142-168
name=unknown_A
#
# <colnr> <probs for GDERKNQSTAVLIFYWHMCP>
#	G	D	E	R	K	N	Q	S	T	A	V	L	I	F	Y	W	H	M	C	P
0	0.01168	0.00930	0.01312	0.01249	0.01318	0.01135	0.00955	0.01326	0.01135	0.01639	0.01835	0.05811	0.01860	0.15763	0.38465	0.05042	0.17200	0.00839	0.00390	0.00626
1	0.01980	0.34140	0.13949	0.05872	0.08304	0.17256	0.01637	0.02415	0.04637	0.01947	0.01217	0.01425	0.01011	0.00685	0.00593	0.00189	0.00950	0.00487	0.00348	0.00958
2	0.01694	0.01923	0.13820	0.04169	0.08643	0.05970	0.01448	0.05222	0.10917	0.04231	0.06375	0.02155	0.01692	0.03835	0.00847	0.00216	0.02939	0.00646	0.00486	0.22772
3	0.19551	0.06760	0.14468	0.08034	0.23299	0.04244	0.03741	0.02219	0.01533	0.04906	0.01393	0.04276	0.01149	0.00738	0.00647	0.00222	0.00837	0.00608	0.00397	0.00979
4	0.14803	0.07917	0.16800	0.05783	0.08155	0.06882	0.08711	0.05897	0.13414	0.02610	0.01555	0.01738	0.01186	0.00738	0.00663	0.00224	0.00874	0.00602	0.00445	0.01002
5	0.01970	0.01885	0.02570	0.24262	0.16598	0.09935	0.10248	0.16183	0.04513	0.02636	0.01469	0.01828	0.01122	0.00740	0.00735	0.00226	0.00970	0.00661	0.00444	0.01006
6	0.01216	0.01010	0.01100	0.01051	0.01331	0.01026	0.00814	0.02038	0.23203	0.02484	0.16060	0.05453	0.32485	0.01520	0.00832	0.00250	0.00454	0.06155	0.00716	0.00802
7	0.00909	0.00682	0.00844	0.00923	0.01043	0.00616	0.00647	0.01096	0.01599	0.02107	0.18758	0.42808	0.21317	0.02001	0.00896	0.00269	0.00392	0.01775	0.00701	0.00616
8	0.01037	0.00744	0.01049	0.01064	0.01152	0.00826	0.00775	0.01207	0.01155	0.01625	0.02179	0.09491	0.02242	0.20289	0.47910	0.03807	0.01491	0.00948	0.00423	0.00586
9	0.00899	0.00643	0.00856	0.01003	0.01057	0.00600	0.00676	0.01047	0.01456	0.01957	0.10302	0.67393	0.05005	0.02201	0.00921	0.00289	0.00414	0.01994	0.00687	0.00600
10	0.01590	0.01590	0.02226	0.01908	0.01908	0.02226	0.01590	0.01749	0.01113	0.01749	0.00954	0.01590	0.00954	0.01272	0.02385	0.00318	0.73123	0.00636	0.00318	0.00795
11	0.01208	0.00728	0.00907	0.00941	0.01017	0.00692	0.00608	0.01293	0.01309	0.08698	0.03103	0.34901	0.03506	0.35219	0.02178	0.00476	0.00572	0.01467	0.00590	0.00588
12	0.01438	0.06406	0.29582	0.20770	0.07030	0.01586	0.01979	0.01994	0.01503	0.02150	0.05065	0.02091	0.01421	0.04390	0.00903	0.00251	0.03887	0.00646	0.06003	0.00907
13	0.30518	0.01541	0.01498	0.01299	0.01753	0.01753	0.01040	0.10617	0.32535	0.07135	0.02099	0.02025	0.01556	0.00854	0.00631	0.00234	0.00599	0.00640	0.00641	0.01032
14	0.01469	0.01151	0.01325	0.01222	0.01506	0.01202	0.00916	0.10751	0.19490	0.02624	0.07298	0.26382	0.03137	0.05195	0.04737	0.00315	0.00615	0.01214	0.00656	0.08795
15	0.01030	0.00726	0.00930	0.00988	0.01022	0.00748	0.00661	0.01107	0.01219	0.01645	0.02876	0.30378	0.03324	0.31911	0.07956	0.04059	0.03851	0.04512	0.00524	0.00535
16	0.01943	0.74891	0.03809	0.01244	0.01866	0.02876	0.01244	0.02177	0.01477	0.01710	0.01011	0.01166	0.00933	0.00622	0.00466	0.00155	0.00777	0.00389	0.00311	0.00933
17	0.04383	0.01728	0.07848	0.01518	0.02016	0.05472	0.05515	0.07059	0.25520	0.15708	0.07562	0.02868	0.07580	0.00994	0.00745	0.00234	0.00692	0.00831	0.00676	0.01049
18	0.01823	0.09003	0.05033	0.04450	0.01920	0.05041	0.03645	0.02083	0.01477	0.13447	0.04690	0.02331	0.01634	0.08178	0.06993	0.00360	0.21869	0.00706	0.04465	0.00850
19	0.04691	0.01029	0.01195	0.07471	0.01631	0.01068	0.00888	0.03938	0.13983	0.07826	0.14615	0.06855	0.17361	0.01239	0.00742	0.00229	0.00493	0.01041	0.12881	0.00823
20	0.01280	0.00763	0.01016	0.01085	0.01230	0.00709	0.00800	0.01465	0.01547	0.11536	0.05610	0.45110	0.06390	0.05542	0.01045	0.00309	0.00502	0.12672	0.00697	0.00691
21	0.08489	0.01088	0.01520	0.04922	0.01778	0.01055	0.08010	0.04850	0.01761	0.15815	0.10666	0.18349	0.12601	0.01329	0.00784	0.00243	0.00584	0.01168	0.04152	0.00835
22	0.02066	0.14277	0.08573	0.04866	0.19033	0.11886	0.07452	0.04198	0.05254	0.09168	0.01498	0.01724	0.01168	0.00746	0.00775	0.00215	0.05036	0.00605	0.00431	0.01028
23	0.01327	0.01698	0.18196	0.01630	0.03600	0.01225	0.06670	0.03642	0.01592	0.03902	0.05399	0.22263	0.08972	0.01456	0.00981	0.00269	0.07264	0.08561	0.00533	0.00820
24	0.01214	0.00780	0.01068	0.01075	0.01243	0.00790	0.00807	0.01425	0.01404	0.09380	0.03421	0.24566	0.12214	0.03497	0.32791	0.00675	0.01125	0.01263	0.00571	0.00692
25	0.01861	0.26942	0.18470	0.01684	0.07208	0.03878	0.01552	0.04907	0.01659	0.10210	0.01845	0.13271	0.01690	0.00955	0.00660	0.00212	0.00793	0.00768	0.00462	0.00973
26	0.05715	0.08466	0.13062	0.14520	0.20848	0.07299	0.04664	0.04837	0.01666	0.02294	0.04371	0.03966	0.01386	0.00788	0.00745	0.00223	0.03133	0.00661	0.00390	0.00966

[dist]
# distance from previous block
# <min> <max>
1	12

[block]
# block no. 1 follows, 28 sequences, length 55
# corresponding to MSA columns:
# 181-225,238-247
name=unknown_B
#
# <colnr> <probs for GDERKNQSTAVLIFYWHMCP>
#	G	D	E	R	K	N	Q	S	T	A	V	L	I	F	Y	W	H	M	C	P
0	0.04801	0.17577	0.16420	0.04410	0.10256	0.04714	0.01629	0.09693	0.13476	0.02577	0.04097	0.02023	0.03698	0.00811	0.00661	0.00213	0.00807	0.00637	0.00474	0.01027
1	0.03589	0.01652	0.12425	0.06831	0.05918	0.01333	0.05768	0.09970	0.01778	0.10371	0.01840	0.02233	0.01435	0.06238	0.03322	0.00273	0.00781	0.00669	0.15420	0.08155
2	0.04528	0.15046	0.04816	0.02386	0.25760	0.06888	0.01485	0.02232	0.04618	0.07582	0.04873	0.04839	0.01743	0.09016	0.01006	0.00264	0.00788	0.00717	0.00454	0.00958
3	0.11259	0.39244	0.05292	0.01460	0.01938	0.10183	0.03701	0.02160	0.01455	0.01943	0.01087	0.01416	0.00985	0.03333	0.00910	0.00217	0.11721	0.00481	0.00342	0.00874
4	0.01053	0.00706	0.00849	0.00857	0.00888	0.00713	0.00529	0.01075	0.01110	0.01482	0.02528	0.07489	0.06294	0.53180	0.11513	0.06937	0.00817	0.01061	0.00448	0.00472
5	0.01056	0.12423	0.01311	0.01026	0.01179	0.00958	0.00757	0.01211	0.01446	0.01876	0.06000	0.55425	0.08778	0.01957	0.00847	0.00267	0.00472	0.01738	0.00621	0.00650
6	0.02142	0.01823	0.04477	0.01685	0.04667	0.06410	0.04915	0.28522	0.11455	0.06041	0.10282	0.04810	0.02155	0.00952	0.00740	0.00218	0.00745	0.00789	0.00649	0.06521
7	0.01504	0.00993	0.03727	0.01024	0.01258	0.00879	0.00777	0.01834	0.06569	0.14490	0.15355	0.06902	0.09236	0.28317	0.01875	0.00412	0.00586	0.02883	0.00643	0.00735
8	0.01680	0.01494	0.01457	0.01341	0.01494	0.16422	0.01003	0.06827	0.01451	0.01779	0.01424	0.02175	0.01338	0.06464	0.15040	0.28183	0.08773	0.00650	0.00382	0.00624
9	0.08630	0.11319	0.13219	0.01638	0.02302	0.01732	0.08444	0.14042	0.02043	0.26747	0.01890	0.01873	0.01296	0.00778	0.00681	0.00218	0.00803	0.00630	0.00608	0.01109
10	0.06062	0.05238	0.18279	0.07088	0.07549	0.04560	0.07804	0.02285	0.07406	0.04679	0.01458	0.01808	0.01160	0.01124	0.05343	0.00302	0.15877	0.00633	0.00396	0.00950
11	0.01077	0.00803	0.01031	0.01107	0.01276	0.00779	0.00882	0.01448	0.05402	0.02297	0.18884	0.19773	0.13720	0.01865	0.00922	0.00287	0.00503	0.26563	0.00704	0.00677
12	0.01613	0.01379	0.02303	0.52661	0.18416	0.01595	0.01988	0.02070	0.01546	0.07424	0.01433	0.01951	0.01073	0.00724	0.00726	0.00235	0.00919	0.00653	0.00377	0.00914
13	0.01979	0.09990	0.05382	0.01477	0.01890	0.09745	0.01254	0.20598	0.09102	0.02812	0.04482	0.02411	0.06952	0.02568	0.03942	0.00271	0.08545	0.00721	0.04928	0.00953
14	0.01764	0.10278	0.02499	0.35839	0.15538	0.01918	0.01821	0.12737	0.03585	0.02404	0.01377	0.01797	0.01073	0.00752	0.00758	0.00226	0.03643	0.00621	0.00405	0.00962
15	0.01226	0.00773	0.00996	0.00965	0.01056	0.00806	0.00656	0.01340	0.01178	0.07001	0.02215	0.03904	0.02284	0.44242	0.27422	0.00830	0.01136	0.00933	0.00459	0.00577
16	0.02661	0.01130	0.01468	0.01179	0.01635	0.01012	0.00953	0.05947	0.02025	0.49174	0.06811	0.06252	0.05955	0.01043	0.00730	0.00223	0.00558	0.00862	0.09301	0.01080
17	0.01415	0.01311	0.02198	0.62991	0.11376	0.01589	0.01980	0.01888	0.01477	0.01943	0.01342	0.01955	0.01023	0.00724	0.00717	0.00237	0.00933	0.00647	0.03417	0.00837
18	0.04465	0.01199	0.01537	0.01353	0.01725	0.01206	0.01131	0.09295	0.05001	0.28634	0.07547	0.04327	0.02785	0.01304	0.00909	0.00265	0.04638	0.20951	0.00750	0.00979
19	0.00965	0.00686	0.00917	0.01073	0.01142	0.00657	0.00775	0.01132	0.01434	0.01899	0.03845	0.53456	0.04504	0.07426	0.01146	0.00334	0.00501	0.16853	0.00657	0.00598
20	0.01138	0.00741	0.00969	0.01074	0.01184	0.00706	0.00754	0.01392	0.05174	0.07392	0.03851	0.61549	0.04399	0.02085	0.00905	0.00289	0.00456	0.04571	0.00696	0.00676
21	0.00980	0.00689	0.00850	0.00897	0.00963	0.00655	0.00586	0.01114	0.01437	0.01944	0.18782	0.29798	0.07408	0.28370	0.01918	0.00427	0.00504	0.01500	0.00619	0.00559
22	0.01927	0.00906	0.01205	0.01114	0.01400	0.00802	0.00838	0.02126	0.01715	0.31971	0.03774	0.37251	0.08646	0.01638	0.00836	0.00260	0.00504	0.01438	0.00774	0.00876
23	0.01131	0.00839	0.00953	0.00968	0.01068	0.00863	0.00635	0.01540	0.13121	0.01853	0.03203	0.22801	0.07652	0.37547	0.02254	0.00485	0.00585	0.01314	0.00571	0.00617
24	0.01762	0.01734	0.02724	0.02162	0.02411	0.02135	0.17581	0.09798	0.01537	0.02231	0.01175	0.01699	0.01024	0.01063	0.01814	0.00288	0.46895	0.00692	0.00379	0.00893
25	0.00968	0.00732	0.00895	0.00884	0.01064	0.00659	0.00659	0.01241	0.01860	0.02504	0.42576	0.13050	0.25092	0.01687	0.00869	0.00243	0.00368	0.03247	0.00747	0.00654
26	0.02033	0.01331	0.01401	0.01156	0.01524	0.01436	0.00929	0.33365	0.02436	0.03611	0.02070	0.02246	0.01561	0.00859	0.00614	0.00193	0.00561	0.00666	0.41061	0.00946
27	0.01590	0.01590	0.02226	0.01908	0.01908	0.02226	0.01590	0.01749	0.01113	0.01749	0.00954	0.01590	0.00954	0.01272	0.02385	0.00318	0.73123	0.00636	0.00318	0.00795
28	0.00933	0.00734	0.00847	0.00859	0.01056	0.00648	0.00647	0.01168	0.01748	0.02248	0.25157	0.13760	0.39736	0.01794	0.00876	0.00252	0.00387	0.05804	0.00712	0.00636
29	0.00939	0.00710	0.00870	0.00921	0.01071	0.00642	0.00673	0.01160	0.01687	0.02223	0.24444	0.29202	0.24911	0.01894	0.00891	0.00263	0.00398	0.05759	0.00712	0.00631
30	0.00971	0.00736	0.00894	0.00864	0.01053	0.00660	0.00644	0.01256	0.01906	0.02578	0.47666	0.08828	0.26035	0.01629	0.00861	0.00237	0.00354	0.01414	0.00756	0.00660
31	0.00966	0.00685	0.00900	0.00993	0.01072	0.00673	0.00693	0.01134	0.01397	0.01910	0.08547	0.42239	0.06883	0.10339	0.12408	0.00467	0.00691	0.03820	0.03584	0.00598
32	0.01798	0.01323	0.01510	0.01273	0.01620	0.01419	0.01010	0.24351	0.11338	0.04821	0.31699	0.03541	0.03864	0.01167	0.00821	0.00227	0.02470	0.00969	0.03828	0.00949
33	0.01476	0.02467	0.32177	0.01909	0.02384	0.01860	0.01998	0.01933	0.01320	0.02000	0.01351	0.07328	0.01246	0.01097	0.01525	0.00278	0.35701	0.00707	0.00342	0.00901
34	0.01489	0.01264	0.01458	0.01134	0.01678	0.01062	0.00887	0.02065	0.12139	0.02421	0.01846	0.09430	0.01656	0.00795	0.00612	0.00150	0.00532	0.00667	0.00506	0.58210
35	0.16530	0.01579	0.01649	0.01380	0.01846	0.01751	0.01109	0.21448	0.26311	0.10412	0.06748	0.02314	0.01946	0.00921	0.00690	0.00231	0.00626	0.00719	0.00703	0.01085
36	0.07060	0.01430	0.02037	0.01640	0.01978	0.01573	0.11599	0.09204	0.04316	0.02503	0.08952	0.05099	0.04372	0.01218	0.02916	0.03714	0.18952	0.00802	0.00491	0.10142
37	0.01696	0.04174	0.03982	0.01357	0.01739	0.08173	0.01095	0.06662	0.33645	0.02829	0.17879	0.03362	0.08122	0.01111	0.00755	0.00231	0.00615	0.00918	0.00683	0.00971
38	0.01057	0.00705	0.00793	0.00793	0.00793	0.00705	0.00440	0.01057	0.01057	0.01409	0.02290	0.04757	0.02643	0.74454	0.03700	0.00705	0.00705	0.01057	0.00440	0.00440
39	0.01943	0.74891	0.03809	0.01244	0.01866	0.02876	0.01244	0.02177	0.01477	0.01710	0.01011	0.01166	0.00933	0.00622	0.00466	0.00155	0.00777	0.00389	0.00311	0.00933
40	0.01654	0.01101	0.01381	0.01265	0.01560	0.01155	0.00998	0.02331	0.17401	0.14325	0.05946	0.11867	0.05508	0.02070	0.13612	0.00418	0.04633	0.06852	0.00651	0.05273
41	0.08718	0.02160	0.02059	0.01783	0.05888	0.13760	0.01361	0.41266	0.09656	0.03725	0.01687	0.01730	0.01247	0.00835	0.00694	0.00216	0.00847	0.00619	0.00627	0.01121
42	0.01009	0.00730	0.01055	0.01100	0.01195	0.00803	0.00813	0.01196	0.01213	0.01701	0.02479	0.21783	0.02623	0.07581	0.46765	0.04325	0.01429	0.01126	0.00464	0.00609
43	0.00920	0.00703	0.00846	0.00896	0.01047	0.00629	0.00646	0.01128	0.01666	0.02176	0.22189	0.30736	0.28471	0.01910	0.00887	0.00261	0.00388	0.03169	0.00707	0.00625
44	0.07468	0.01700	0.02493	0.04687	0.02482	0.01959	0.17002	0.13670	0.12404	0.02712	0.01649	0.02095	0.01339	0.00962	0.01223	0.00263	0.21511	0.02924	0.00490	0.00968
45	0.00921	0.00701	0.00876	0.00950	0.01083	0.00656	0.00686	0.01110	0.01517	0.01977	0.10794	0.35341	0.24725	0.02467	0.09969	0.00387	0.00603	0.03974	0.00650	0.00617
46	0.01071	0.00703	0.00787	0.00787	0.00795	0.00703	0.00444	0.01087	0.01079	0.01471	0.02294	0.04660	0.02606	0.70984	0.03549	0.00679	0.00687	0.01039	0.04120	0.00452
47	0.01621	0.01596	0.02864	0.30683	0.34279	0.01701	0.12467	0.02102	0.01587	0.02167	0.01355	0.01879	0.01073	0.00673	0.00744	0.00231	0.00962	0.00680	0.00347	0.00991
48	0.02782	0.01235	0.01603	0.01295	0.01771	0.01142	0.01041	0.09788	0.04444	0.50350	0.02935	0.13750	0.02233	0.01118	0.00762	0.00236	0.00605	0.00938	0.00840	0.01131
49	0.01064	0.00713	0.00929	0.01019	0.01142	0.00657	0.00736	0.01254	0.01573	0.05890	0.12701	0.47156	0.11887	0.02023	0.00908	0.00281	0.00442	0.08272	0.00703	0.00650
50	0.01841	0.37008	0.08846	0.02724	0.31851	0.02276	0.01794	0.02211	0.01560	0.02050	0.01191	0.01474	0.01028	0.00639	0.00596	0.00188	0.00839	0.00514	0.00332	0.01040
51	0.01438	0.01010	0.01267	0.01110	0.01423	0.00957	0.04446	0.07111	0.04759	0.10432	0.09360	0.07058	0.33274	0.05790	0.04328	0.00314	0.00596	0.03873	0.00674	0.00782
52	0.01076	0.00757	0.00929	0.00925	0.01121	0.00689	0.00695	0.01314	0.01716	0.06059	0.24104	0.16942	0.28753	0.02050	0.06497	0.00325	0.00522	0.04154	0.00701	0.00671
53	0.01489	0.01354	0.02180	0.66782	0.04777	0.01668	0.01966	0.07332	0.01617	0.02084	0.01330	0.01922	0.00991	0.00739	0.00727	0.00240	0.00955	0.00647	0.00357	0.00843
54	0.01640	0.10264	0.25975	0.02346	0.03133	0.01857	0.30886	0.02393	0.06953	0.02304	0.01579	0.02041	0.01235	0.00724	0.00757	0.00234	0.01054	0.03236	0.00383	0.01008

[dist]
# distance from previous block
# <min> <max>
18	21

[block]
# block no. 2 follows, 28 sequences, length 19
# corresponding to MSA columns:
# 391-409
name=unknown_C
#
# <colnr> <probs for GDERKNQSTAVLIFYWHMCP>
#	G	D	E	R	K	N	Q	S	T	A	V	L	I	F	Y	W	H	M	C	P
0	0.01986	0.04308	0.09133	0.02619	0.24352	0.01694	0.08437	0.15602	0.03930	0.08855	0.04729	0.05596	0.03701	0.00874	0.00745	0.00226	0.00818	0.00786	0.00530	0.01082
1	0.02062	0.02840	0.17845	0.07527	0.05366	0.31112	0.01746	0.05056	0.05466	0.02122	0.01334	0.01603	0.01061	0.00933	0.03147	0.00246	0.06153	0.00553	0.00386	0.03441
2	0.28696	0.01140	0.01191	0.01028	0.01406	0.01172	0.00813	0.02407	0.04612	0.23051	0.06896	0.04491	0.01988	0.06315	0.00837	0.00256	0.00539	0.00716	0.11564	0.00884
3	0.01373	0.01292	0.02180	0.72707	0.05006	0.01615	0.02019	0.01857	0.01453	0.01857	0.01292	0.01938	0.00969	0.00727	0.00727	0.00242	0.00969	0.00646	0.00323	0.00807
4	0.01132	0.00885	0.01099	0.01043	0.01309	0.00744	0.00757	0.01335	0.01434	0.02040	0.02943	0.41722	0.03334	0.04494	0.00900	0.00245	0.00487	0.04437	0.00576	0.29084
5	0.01355	0.00678	0.00678	0.00678	0.00847	0.00678	0.00508	0.01694	0.01524	0.02710	0.02371	0.02710	0.01863	0.00847	0.00508	0.00169	0.00339	0.00678	0.78489	0.00678
6	0.02324	0.01767	0.01886	0.01521	0.02024	0.01959	0.01230	0.40851	0.23319	0.03894	0.02146	0.02102	0.01577	0.00893	0.00709	0.00219	0.00689	0.00699	0.06140	0.04049
7	0.01507	0.01292	0.01507	0.01077	0.01723	0.00969	0.00861	0.01830	0.01507	0.02369	0.01292	0.01507	0.01077	0.00538	0.00538	0.00108	0.00538	0.00431	0.00431	0.78898
8	0.01373	0.01292	0.02180	0.72707	0.05006	0.01615	0.02019	0.01857	0.01453	0.01857	0.01292	0.01938	0.00969	0.00727	0.00727	0.00242	0.00969	0.00646	0.00323	0.00807
9	0.00983	0.00715	0.00898	0.00923	0.01049	0.00663	0.00660	0.01208	0.01693	0.02300	0.33389	0.22704	0.13521	0.11172	0.01250	0.00314	0.00429	0.04808	0.00700	0.00621
10	0.00881	0.00652	0.00823	0.00960	0.01041	0.00595	0.00652	0.01018	0.01442	0.01876	0.04640	0.61347	0.17031	0.02195	0.00915	0.00286	0.00412	0.01966	0.00675	0.00595
11	0.01057	0.00705	0.00793	0.00793	0.00793	0.00705	0.00440	0.01057	0.01057	0.01409	0.02290	0.04757	0.02643	0.74454	0.03700	0.00705	0.00705	0.01057	0.00440	0.00440
12	0.01076	0.00839	0.01194	0.01310	0.04799	0.00919	0.00923	0.01281	0.01298	0.01797	0.02808	0.23788	0.05453	0.09318	0.29606	0.00678	0.06163	0.05600	0.00499	0.00651
13	0.01057	0.00705	0.00793	0.00793	0.00793	0.00705	0.00440	0.01057	0.01057	0.01409	0.02290	0.04757	0.02643	0.74454	0.03700	0.00705	0.00705	0.01057	0.00440	0.00440
14	0.01593	0.07296	0.57771	0.02182	0.07672	0.06554	0.02491	0.02332	0.01576	0.02240	0.01281	0.01519	0.00939	0.00688	0.00679	0.00222	0.01060	0.00532	0.00315	0.01056
15	0.08878	0.01967	0.02060	0.08851	0.06821	0.16767	0.07094	0.14851	0.11726	0.02762	0.01811	0.06789	0.01503	0.00889	0.00705	0.00224	0.00870	0.00730	0.03742	0.00962
16	0.01495	0.00908	0.01044	0.00970	0.01212	0.00915	0.00734	0.05001	0.07461	0.07238	0.02515	0.11971	0.02220	0.04867	0.08847	0.00332	0.00625	0.00886	0.34621	0.06137
17	0.01674	0.06408	0.01704	0.01138	0.01753	0.01234	0.00931	0.09388	0.01725	0.02593	0.01375	0.01567	0.01122	0.00597	0.00554	0.00127	0.00576	0.00465	0.04090	0.60979
18	0.04869	0.10430	0.04265	0.07340	0.15345	0.09450	0.03720	0.05480	0.11391	0.08144	0.03411	0.02063	0.01483	0.00817	0.00752	0.00217	0.03795	0.02147	0.00492	0.04387

[dist]
# distance from previous block
# <min> <max>
1	19

[block]
# block no. 3 follows, 28 sequences, length 27
# corresponding to MSA columns:
# 449-475
name=unknown_D
#
# <colnr> <probs for GDERKNQSTAVLIFYWHMCP>
#	G	D	E	R	K	N	Q	S	T	A	V	L	I	F	Y	W	H	M	C	P
0	0.10863	0.03074	0.04079	0.08025	0.07151	0.01201	0.01104	0.04773	0.04410	0.02603	0.23431	0.08433	0.06413	0.01499	0.06370	0.00302	0.00681	0.00969	0.00578	0.04041
1	0.04826	0.10683	0.26252	0.01709	0.05629	0.04395	0.01692	0.02539	0.05440	0.16216	0.03443	0.01901	0.01387	0.00972	0.03948	0.00253	0.00882	0.00597	0.00489	0.06747
2	0.05437	0.12929	0.07223	0.05039	0.10588	0.21357	0.01471	0.08958	0.04367	0.07842	0.01517	0.01683	0.01173	0.00750	0.00638	0.00200	0.00907	0.00557	0.06387	0.00976
3	0.00888	0.00715	0.00792	0.00820	0.01012	0.00619	0.00597	0.01082	0.01655	0.02071	0.15200	0.21074	0.47158	0.01885	0.00874	0.00254	0.00376	0.01618	0.00692	0.00619
4	0.02008	0.10484	0.06162	0.07264	0.35706	0.01985	0.01878	0.18153	0.04504	0.02823	0.01468	0.01740	0.01163	0.00719	0.00691	0.00213	0.00844	0.00620	0.00453	0.01122
5	0.05571	0.01489	0.02315	0.09366	0.37177	0.01502	0.01752	0.02519	0.04994	0.17881	0.01944	0.02446	0.01538	0.00829	0.00732	0.00231	0.00775	0.05327	0.00525	0.01088
6	0.00947	0.00683	0.00935	0.01048	0.01120	0.00683	0.00740	0.01117	0.01370	0.01862	0.06500	0.48854	0.04106	0.05998	0.17052	0.00509	0.00787	0.04478	0.00606	0.00605
7	0.01458	0.03760	0.70688	0.02072	0.03146	0.01688	0.02686	0.02302	0.01535	0.02302	0.01304	0.01535	0.00921	0.00691	0.00691	0.00230	0.01074	0.00537	0.00307	0.01074
8	0.01383	0.01203	0.01544	0.01375	0.01445	0.01522	0.01075	0.01660	0.06080	0.01872	0.02179	0.03072	0.08180	0.19080	0.02260	0.00386	0.36268	0.00843	0.07866	0.00706
9	0.02414	0.05361	0.13950	0.02040	0.07396	0.10336	0.10149	0.17723	0.02192	0.18650	0.01763	0.01834	0.01242	0.00773	0.00719	0.00219	0.00925	0.00644	0.00563	0.01109
10	0.01153	0.00901	0.01211	0.01397	0.07857	0.00895	0.00928	0.01624	0.09549	0.02415	0.24763	0.30800	0.04758	0.01689	0.00869	0.00264	0.00479	0.07009	0.00692	0.00748
11	0.01458	0.03760	0.70688	0.02072	0.03146	0.01688	0.02686	0.02302	0.01535	0.02302	0.01304	0.01535	0.00921	0.00691	0.00691	0.00230	0.01074	0.00537	0.00307	0.01074
12	0.01897	0.68109	0.10186	0.01323	0.01988	0.02763	0.01381	0.02189	0.01482	0.01767	0.01039	0.01201	0.00932	0.00628	0.00488	0.00163	0.00806	0.00403	0.00311	0.00946
13	0.01775	0.05711	0.10193	0.07239	0.12411	0.07770	0.25766	0.06376	0.01748	0.02338	0.01470	0.01884	0.01156	0.01024	0.05872	0.00291	0.01109	0.00696	0.04204	0.00966
14	0.00861	0.00730	0.00743	0.00753	0.00986	0.00612	0.00560	0.01041	0.01641	0.01957	0.07163	0.11009	0.65741	0.01867	0.00863	0.00248	0.00371	0.01566	0.00675	0.00612
15	0.01160	0.00973	0.01233	0.01219	0.01367	0.06025	0.00945	0.01414	0.01233	0.01694	0.01887	0.02744	0.01753	0.05111	0.66436	0.01097	0.01901	0.00756	0.00388	0.00663
16	0.01678	0.01939	0.09250	0.02877	0.21579	0.03867	0.17895	0.02082	0.01477	0.02105	0.01290	0.01858	0.01112	0.03900	0.01390	0.00276	0.23428	0.00697	0.00348	0.00953
17	0.01081	0.00836	0.01014	0.01061	0.01259	0.00809	0.00840	0.01516	0.08261	0.02291	0.16597	0.15366	0.23323	0.01801	0.00900	0.00276	0.00483	0.20890	0.00702	0.00693
18	0.00886	0.00633	0.00843	0.01012	0.01054	0.00590	0.00675	0.01012	0.01392	0.01856	0.04006	0.73979	0.04808	0.02277	0.00928	0.00295	0.00422	0.02066	0.00675	0.00590
19	0.01446	0.01367	0.02313	0.60933	0.16205	0.01634	0.02055	0.01922	0.01488	0.01947	0.01305	0.01914	0.01000	0.00713	0.00726	0.00238	0.00951	0.00646	0.00329	0.00867
20	0.02110	0.02050	0.02516	0.06508	0.32320	0.17849	0.04685	0.02539	0.05088	0.08765	0.01501	0.01793	0.01190	0.00768	0.00856	0.00223	0.07144	0.00631	0.00429	0.01033
21	0.01994	0.02750	0.21231	0.01778	0.02310	0.24085	0.01685	0.07558	0.10035	0.02335	0.01528	0.01746	0.01199	0.01039	0.03992	0.00265	0.08635	0.00587	0.04292	0.00954
22	0.01494	0.01463	0.01651	0.32832	0.02941	0.13830	0.01333	0.01753	0.01417	0.01686	0.01624	0.02807	0.01559	0.25545	0.04835	0.00428	0.00985	0.00757	0.00374	0.00684
23	0.00868	0.00727	0.00754	0.00768	0.00992	0.00614	0.00568	0.01052	0.01647	0.01987	0.09253	0.13035	0.61511	0.01868	0.00865	0.00249	0.00372	0.01575	0.00679	0.00614
24	0.00945	0.00740	0.00856	0.00827	0.01035	0.00650	0.00620	0.01210	0.01860	0.02446	0.38904	0.06201	0.37783	0.01661	0.00858	0.00237	0.00355	0.01423	0.00739	0.00650
25	0.01854	0.01580	0.01644	0.01453	0.01850	0.04262	0.01136	0.11405	0.48976	0.03109	0.08445	0.02783	0.02431	0.01228	0.04254	0.00285	0.00678	0.00829	0.00713	0.01085
26	0.02602	0.03234	0.02058	0.01937	0.04781	0.62855	0.01414	0.02960	0.07804	0.01911	0.01292	0.01451	0.01055	0.00766	0.00665	0.00193	0.01230	0.00506	0.00406	0.00881

[dist]
# distance from previous block
# <min> <max>
0	2

[block]
# block no. 4 follows, 28 sequences, length 20
# corresponding to MSA columns:
# 478-497
name=unknown_E
#
# <colnr> <probs for GDERKNQSTAVLIFYWHMCP>
#	G	D	E	R	K	N	Q	S	T	A	V	L	I	F	Y	W	H	M	C	P
0	0.09292	0.01875	0.01799	0.01472	0.01961	0.13565	0.01190	0.25402	0.04203	0.22187	0.02039	0.02163	0.01481	0.00890	0.00693	0.00218	0.00783	0.03253	0.04455	0.01078
1	0.02132	0.02259	0.01750	0.01690	0.04390	0.34067	0.01267	0.10758	0.05285	0.02344	0.02118	0.09584	0.02032	0.01146	0.00752	0.00231	0.00949	0.12207	0.04180	0.00857
2	0.02763	0.02036	0.02182	0.01672	0.02254	0.02254	0.01382	0.67496	0.03418	0.04581	0.01745	0.01745	0.01236	0.00873	0.00727	0.00218	0.00800	0.00654	0.00727	0.01236
3	0.00886	0.00633	0.00843	0.01012	0.01054	0.00590	0.00675	0.01012	0.01392	0.01856	0.04006	0.73979	0.04808	0.02277	0.00928	0.00295	0.00422	0.02066	0.00675	0.00590
4	0.01046	0.00703	0.00805	0.00811	0.00822	0.00698	0.00465	0.01070	0.01125	0.01509	0.05767	0.08523	0.02972	0.66890	0.03407	0.00659	0.00671	0.01124	0.00471	0.00461
5	0.03086	0.01518	0.01861	0.01427	0.01996	0.01486	0.01179	0.26061	0.02551	0.47240	0.02472	0.02217	0.01601	0.00890	0.00730	0.00223	0.00682	0.00704	0.00839	0.01237
6	0.00864	0.00716	0.00757	0.00791	0.00996	0.00609	0.00576	0.01037	0.01605	0.01942	0.06703	0.20186	0.56860	0.01927	0.00873	0.00255	0.00379	0.01639	0.00675	0.00609
7	0.01507	0.01292	0.01507	0.01077	0.01723	0.00969	0.00861	0.01830	0.01507	0.02369	0.01292	0.01507	0.01077	0.00538	0.00538	0.00108	0.00538	0.00431	0.00431	0.78898
8	0.02169	0.01540	0.01855	0.08031	0.14908	0.10911	0.01350	0.04679	0.01905	0.23072	0.09927	0.09487	0.02423	0.01056	0.00762	0.00231	0.00748	0.03335	0.00628	0.00983
9	0.02629	0.03187	0.02018	0.01824	0.02204	0.61444	0.01389	0.08349	0.02153	0.02042	0.01337	0.01753	0.01153	0.00834	0.00682	0.00199	0.01229	0.04284	0.00422	0.00866
10	0.01706	0.05362	0.08545	0.03390	0.30700	0.01776	0.29757	0.02223	0.01652	0.02296	0.01503	0.04925	0.01261	0.00705	0.00773	0.00230	0.01010	0.00777	0.00370	0.01039
11	0.01560	0.02760	0.37661	0.10720	0.15483	0.01716	0.15248	0.02244	0.01583	0.02270	0.01347	0.01712	0.01004	0.00672	0.00733	0.00232	0.01054	0.00633	0.00330	0.01039
12	0.01057	0.00705	0.00793	0.00793	0.00793	0.00705	0.00440	0.01057	0.01057	0.01409	0.02290	0.04757	0.02643	0.74454	0.03700	0.00705	0.00705	0.01057	0.00440	0.00440
13	0.01015	0.00733	0.00960	0.00924	0.01083	0.00677	0.00685	0.01338	0.01995	0.02815	0.63372	0.11878	0.06666	0.01560	0.00864	0.00235	0.00350	0.01385	0.00788	0.00677
14	0.01049	0.00736	0.00950	0.00950	0.01004	0.00790	0.00636	0.01158	0.01104	0.01526	0.02147	0.03961	0.02297	0.45574	0.32107	0.00899	0.01225	0.00941	0.00419	0.00528
15	0.01001	0.00749	0.00945	0.00935	0.01088	0.00733	0.00694	0.01232	0.01572	0.02119	0.24531	0.05215	0.20106	0.13694	0.18522	0.00539	0.00811	0.04283	0.00609	0.00621
16	0.02399	0.02697	0.04556	0.01853	0.02254	0.36719	0.03805	0.16412	0.02130	0.02434	0.01252	0.01492	0.01015	0.00852	0.00980	0.00217	0.13827	0.00552	0.00440	0.04115
17	0.02079	0.01948	0.12348	0.01630	0.03998	0.06449	0.01403	0.08673	0.29202	0.14620	0.02494	0.07943	0.01947	0.00992	0.00738	0.00237	0.00726	0.00817	0.00658	0.01095
18	0.18078	0.18966	0.10719	0.05011	0.04528	0.07507	0.01431	0.04874	0.01541	0.06307	0.01266	0.01528	0.01025	0.01022	0.04616	0.00269	0.09479	0.00517	0.00403	0.00913
19	0.09415	0.06452	0.20226	0.06855	0.09368	0.03398	0.04010	0.13182	0.04825	0.10309	0.04019	0.01873	0.01360	0.00776	0.00684	0.00222	0.00847	0.00624	0.00502	0.01054

[dist]
# distance from previous block
# <min> <max>
0	2

[block]
# block no. 5 follows, 28 sequences, length 19
# corresponding to MSA columns:
# 505-523
name=unknown_F
#
# <colnr> <probs for GDERKNQSTAVLIFYWHMCP>
#	G	D	E	R	K	N	Q	S	T	A	V	L	I	F	Y	W	H	M	C	P
0	0.02104	0.01760	0.02013	0.14614	0.06587	0.08236	0.01460	0.23889	0.06589	0.05980	0.01792	0.02306	0.01443	0.00902	0.00798	0.00224	0.04094	0.05609	0.00554	0.09046
1	0.05567	0.01906	0.09381	0.19774	0.02964	0.06333	0.04717	0.16627	0.03720	0.07482	0.01530	0.01765	0.01126	0.00737	0.00682	0.00209	0.00856	0.00599	0.00490	0.13536
2	0.01908	0.60103	0.03472	0.11498	0.02337	0.06797	0.01364	0.02174	0.01508	0.01735	0.01058	0.01285	0.00938	0.00644	0.00515	0.00170	0.00837	0.00430	0.00316	0.00910
3	0.04863	0.06479	0.01988	0.10347	0.02307	0.01413	0.08741	0.07026	0.06464	0.02442	0.02443	0.02851	0.10999	0.00911	0.00692	0.00200	0.00696	0.04529	0.00496	0.24112
4	0.01004	0.00770	0.01012	0.06563	0.01418	0.00769	0.00805	0.01325	0.06189	0.02082	0.12359	0.50026	0.09056	0.01936	0.00885	0.00276	0.00461	0.01737	0.00668	0.00660
5	0.21162	0.01313	0.01280	0.01186	0.01522	0.06344	0.00929	0.06687	0.06891	0.12090	0.02939	0.18364	0.08400	0.01314	0.00733	0.00250	0.00604	0.06510	0.00636	0.00845
6	0.01675	0.20162	0.07883	0.07169	0.13966	0.03609	0.04520	0.06518	0.01589	0.02116	0.01484	0.04856	0.01328	0.01648	0.13669	0.00387	0.05457	0.00662	0.00383	0.00919
7	0.02054	0.01270	0.01546	0.01385	0.01747	0.01303	0.01139	0.21582	0.04471	0.16907	0.03014	0.14598	0.02842	0.01448	0.00845	0.00269	0.00658	0.21226	0.00737	0.00959
8	0.01217	0.00853	0.01011	0.00995	0.01227	0.00802	0.00762	0.01631	0.08335	0.07804	0.18091	0.16682	0.28023	0.01696	0.00862	0.00257	0.00443	0.07852	0.00724	0.00733
9	0.01850	0.22258	0.11266	0.18625	0.09088	0.12237	0.03810	0.04349	0.03412	0.02037	0.01250	0.01573	0.01010	0.00719	0.00708	0.00209	0.03760	0.00547	0.00354	0.00939
10	0.11597	0.01531	0.01889	0.01868	0.11031	0.06559	0.07685	0.14379	0.01901	0.05583	0.02118	0.12491	0.02016	0.07230	0.00989	0.00278	0.00763	0.05711	0.03488	0.00894
11	0.00895	0.00649	0.00846	0.00984	0.01051	0.00600	0.00667	0.01042	0.01463	0.01946	0.09325	0.63769	0.09712	0.02184	0.00917	0.00286	0.00412	0.01969	0.00684	0.00600
12	0.01332	0.01256	0.01350	0.01239	0.01502	0.09758	0.05001	0.04687	0.01815	0.02239	0.14062	0.10447	0.28275	0.01562	0.00910	0.00253	0.03422	0.09549	0.00624	0.00718
13	0.01786	0.10480	0.13961	0.05552	0.09413	0.01844	0.21901	0.07317	0.03888	0.05269	0.01668	0.04242	0.01380	0.00825	0.00824	0.00236	0.04168	0.03814	0.00432	0.01000
14	0.01855	0.05530	0.01702	0.01405	0.01723	0.06628	0.01131	0.18901	0.07353	0.05728	0.02308	0.08114	0.02162	0.07309	0.11809	0.00422	0.04188	0.10262	0.00584	0.00888
15	0.01190	0.00693	0.00779	0.00835	0.00984	0.00673	0.00629	0.01470	0.01527	0.02398	0.03347	0.18626	0.08883	0.01379	0.00689	0.00223	0.00400	0.09057	0.45564	0.00653
16	0.01962	0.03822	0.02496	0.05646	0.19289	0.12403	0.11885	0.06865	0.04059	0.07712	0.01760	0.07182	0.01505	0.01231	0.06467	0.00303	0.03199	0.00773	0.00466	0.00976
17	0.13193	0.04563	0.01990	0.02249	0.24366	0.01536	0.01360	0.12571	0.01912	0.02878	0.11914	0.04895	0.05557	0.00919	0.00691	0.00212	0.00661	0.00776	0.00529	0.07229
18	0.16411	0.01761	0.01804	0.01454	0.01977	0.07047	0.04283	0.19058	0.17404	0.03200	0.01733	0.01791	0.01316	0.00771	0.00640	0.00202	0.00709	0.00594	0.00573	0.17273

[dist]
# distance from previous block
# <min> <max>
6	45

[block]
# block no. 6 follows, 28 sequences, length 27
# corresponding to MSA columns:
# 575-601
name=unknown_G
#
# <colnr> <probs for GDERKNQSTAVLIFYWHMCP>
#	G	D	E	R	K	N	Q	S	T	A	V	L	I	F	Y	W	H	M	C	P
0	0.05572	0.12354	0.14290	0.12762	0.21640	0.07837	0.01888	0.05493	0.04501	0.02299	0.01328	0.01642	0.01061	0.00722	0.00728	0.00217	0.03710	0.00572	0.00377	0.01004
1	0.05645	0.10744	0.18955	0.07036	0.11260	0.07266	0.04486	0.04153	0.06845	0.04646	0.03399	0.04600	0.01419	0.00789	0.00673	0.00213	0.00864	0.00649	0.00431	0.05926
2	0.01481	0.01417	0.02206	0.37550	0.09605	0.01779	0.01810	0.01838	0.01353	0.01888	0.01204	0.01815	0.01009	0.01024	0.03236	0.00284	0.25014	0.00636	0.00332	0.04521
3	0.02267	0.01959	0.01984	0.01816	0.07420	0.11065	0.01343	0.28623	0.21231	0.03350	0.01975	0.02017	0.01492	0.00889	0.00789	0.00224	0.04335	0.00677	0.05447	0.01098
4	0.01141	0.00740	0.00860	0.00831	0.00911	0.00710	0.00522	0.01229	0.01328	0.05121	0.13506	0.04981	0.10160	0.51771	0.02810	0.00558	0.00608	0.01131	0.00544	0.00537
5	0.03539	0.03959	0.01638	0.11953	0.12944	0.01200	0.01210	0.06287	0.01558	0.02121	0.05166	0.15103	0.05107	0.06251	0.01305	0.12821	0.00683	0.05932	0.00489	0.00736
6	0.03843	0.10386	0.02352	0.09315	0.15870	0.08495	0.01536	0.11816	0.05076	0.06837	0.01583	0.04592	0.01335	0.02678	0.00994	0.00241	0.10927	0.00672	0.00469	0.00982
7	0.00994	0.00678	0.00811	0.00874	0.00889	0.00663	0.00527	0.01041	0.01180	0.01574	0.02922	0.30244	0.03440	0.47879	0.02679	0.00554	0.00601	0.01429	0.00527	0.00496
8	0.00894	0.00645	0.00847	0.00992	0.01053	0.00598	0.00670	0.01037	0.01448	0.01930	0.08441	0.66260	0.08087	0.02205	0.00920	0.00288	0.00414	0.01992	0.00683	0.00598
9	0.04746	0.02160	0.13197	0.04863	0.14442	0.04691	0.37522	0.02281	0.01667	0.02327	0.01484	0.02054	0.01180	0.00695	0.00788	0.00238	0.01093	0.03207	0.00372	0.00992
10	0.05303	0.12421	0.13226	0.13361	0.06253	0.01723	0.19282	0.02127	0.01648	0.04948	0.10899	0.02238	0.01849	0.00782	0.00724	0.00224	0.00901	0.00734	0.00428	0.00928
11	0.01590	0.01590	0.02226	0.01908	0.01908	0.02226	0.01590	0.01749	0.01113	0.01749	0.00954	0.01590	0.00954	0.01272	0.02385	0.00318	0.73123	0.00636	0.00318	0.00795
12	0.00951	0.00735	0.00867	0.00844	0.01041	0.00651	0.00629	0.01217	0.01858	0.02465	0.40304	0.09328	0.33146	0.01673	0.00861	0.00239	0.00357	0.01442	0.00742	0.00651
13	0.02146	0.11585	0.14071	0.02261	0.07679	0.21143	0.18112	0.04324	0.01825	0.08030	0.01411	0.01640	0.01073	0.00699	0.00702	0.00211	0.01079	0.00608	0.00408	0.00993
14	0.01458	0.18303	0.16447	0.01821	0.02384	0.01655	0.18867	0.01882	0.01525	0.02038	0.02118	0.23972	0.02174	0.01145	0.00758	0.00237	0.00846	0.01062	0.00438	0.00868
15	0.03261	0.01237	0.01687	0.01293	0.01856	0.01068	0.01068	0.03543	0.02081	0.70423	0.02868	0.02474	0.01799	0.00900	0.00731	0.00225	0.00619	0.00731	0.00900	0.01237
16	0.01057	0.00781	0.01043	0.07640	0.04615	0.00794	0.00760	0.01170	0.01249	0.01666	0.02803	0.30527	0.03236	0.36849	0.02236	0.00484	0.00630	0.01381	0.00514	0.00565
17	0.07547	0.09727	0.14147	0.01813	0.05061	0.07687	0.07593	0.10980	0.09312	0.11428	0.01868	0.02229	0.01457	0.00850	0.00700	0.00226	0.00857	0.04947	0.00534	0.01037
18	0.10357	0.01810	0.05401	0.13223	0.22531	0.07557	0.01704	0.05147	0.11317	0.02469	0.01599	0.02057	0.01312	0.00838	0.00842	0.00237	0.07071	0.03102	0.00442	0.00984
19	0.67105	0.01290	0.01006	0.00911	0.01317	0.01479	0.00743	0.02066	0.01283	0.03173	0.01229	0.01425	0.00959	0.00702	0.00459	0.00216	0.00527	0.00439	0.12902	0.00770
20	0.01057	0.00705	0.00793	0.00793	0.00793	0.00705	0.00440	0.01057	0.01057	0.01409	0.02290	0.04757	0.02643	0.74454	0.03700	0.00705	0.00705	0.01057	0.00440	0.00440
21	0.02040	0.58135	0.08012	0.01405	0.02016	0.14306	0.01368	0.02307	0.01579	0.01762	0.01049	0.01215	0.00933	0.00648	0.00513	0.00166	0.00887	0.00412	0.00321	0.00927
22	0.01956	0.58734	0.14202	0.01378	0.02067	0.02568	0.01459	0.02288	0.01527	0.06423	0.01182	0.01312	0.00989	0.00651	0.00520	0.00172	0.00813	0.00435	0.00350	0.00976
23	0.14822	0.02450	0.01832	0.01582	0.02021	0.32143	0.01236	0.19959	0.08366	0.02885	0.01741	0.01808	0.04426	0.00845	0.00659	0.00210	0.00943	0.00590	0.00528	0.00956
24	0.05322	0.01238	0.05760	0.01151	0.01486	0.01110	0.00962	0.14595	0.02170	0.05609	0.35846	0.09689	0.09481	0.01341	0.00802	0.00233	0.00510	0.01142	0.00721	0.00833
25	0.25357	0.01653	0.01511	0.01278	0.01689	0.09095	0.01000	0.17481	0.07240	0.11447	0.01783	0.02178	0.01442	0.12554	0.01113	0.00298	0.00729	0.00644	0.00583	0.00926
26	0.01784	0.01608	0.02512	0.24864	0.36021	0.01717	0.01957	0.11219	0.01830	0.02524	0.01392	0.01815	0.01102	0.00696	0.00711	0.00217	0.00866	0.00634	0.00404	0.06126

[dist]
# distance from previous block
# <min> <max>
2	6

[block]
# block no. 7 follows, 28 sequences, length 26
# corresponding to MSA columns:
# 608-633
name=unknown_H
#
# <colnr> <probs for GDERKNQSTAVLIFYWHMCP>
#	G	D	E	R	K	N	Q	S	T	A	V	L	I	F	Y	W	H	M	C	P
0	0.12669	0.01599	0.02419	0.01855	0.02367	0.03939	0.24088	0.11207	0.04113	0.08997	0.12180	0.04515	0.04931	0.00926	0.00763	0.00234	0.00813	0.00868	0.00575	0.00943
1	0.06231	0.01492	0.01992	0.08830	0.12176	0.01423	0.04678	0.09251	0.06047	0.05540	0.01519	0.01741	0.01183	0.00665	0.00636	0.00176	0.00699	0.00566	0.00479	0.34674
2	0.11718	0.01610	0.01780	0.01438	0.01918	0.08060	0.04850	0.12030	0.07625	0.24355	0.02120	0.05157	0.01577	0.00889	0.00726	0.00218	0.02586	0.00703	0.04414	0.06227
3	0.01591	0.01473	0.02133	0.01790	0.01961	0.01852	0.07860	0.07712	0.04866	0.02101	0.01427	0.02077	0.01297	0.05126	0.15224	0.00477	0.39091	0.00715	0.00400	0.00828
4	0.01057	0.00705	0.00793	0.00793	0.00793	0.00705	0.00440	0.01057	0.01057	0.01409	0.02290	0.04757	0.02643	0.74454	0.03700	0.00705	0.00705	0.01057	0.00440	0.00440
5	0.01493	0.02573	0.37325	0.01936	0.02698	0.01490	0.13514	0.02252	0.06160	0.04666	0.16011	0.02547	0.02331	0.00872	0.00760	0.00233	0.00898	0.00784	0.00470	0.00985
6	0.00950	0.00761	0.00982	0.09683	0.01516	0.00734	0.00797	0.01163	0.01560	0.02001	0.11483	0.34514	0.27497	0.01853	0.00872	0.00264	0.00462	0.01628	0.00644	0.00635
7	0.01332	0.01103	0.01318	0.01051	0.01526	0.00863	0.00807	0.01611	0.01517	0.02286	0.06462	0.18516	0.02324	0.01003	0.00650	0.00159	0.00498	0.00868	0.00512	0.55595
8	0.07812	0.01846	0.01812	0.01705	0.08122	0.12594	0.01226	0.15502	0.18426	0.05058	0.05033	0.02241	0.04350	0.00871	0.00686	0.00209	0.00739	0.00685	0.00591	0.10492
9	0.01622	0.01000	0.01197	0.01102	0.01342	0.00990	0.00812	0.11379	0.04571	0.12992	0.09636	0.26075	0.07178	0.12516	0.01252	0.00319	0.00543	0.01299	0.03376	0.00799
10	0.07196	0.02093	0.06876	0.02624	0.25142	0.10344	0.01718	0.17836	0.06139	0.04304	0.01492	0.01721	0.01168	0.00799	0.00844	0.00226	0.07306	0.00615	0.00482	0.01075
11	0.04022	0.08496	0.05154	0.01223	0.01592	0.01269	0.03539	0.05668	0.05785	0.07237	0.14920	0.13060	0.10433	0.01239	0.00804	0.00226	0.03440	0.01038	0.05601	0.05254
12	0.01196	0.00655	0.00897	0.00897	0.00897	0.00655	0.00570	0.00983	0.00983	0.01310	0.01595	0.03033	0.01709	0.25772	0.03118	0.53594	0.00655	0.00769	0.00356	0.00356
13	0.01162	0.00883	0.01162	0.05642	0.01371	0.01011	0.00842	0.01334	0.01263	0.01812	0.05582	0.09424	0.05373	0.25815	0.14616	0.00565	0.11736	0.00994	0.08800	0.00612
14	0.06599	0.08853	0.41513	0.02090	0.06618	0.05933	0.08297	0.02245	0.01558	0.02259	0.01512	0.01754	0.03815	0.00744	0.00734	0.00225	0.03314	0.00593	0.00345	0.00998
15	0.05947	0.00904	0.01070	0.00976	0.01234	0.00871	0.00756	0.04327	0.03817	0.10561	0.30530	0.04537	0.14576	0.01409	0.00897	0.04714	0.00446	0.03687	0.07982	0.00757
16	0.01910	0.01063	0.01296	0.01149	0.01446	0.01046	0.00891	0.07813	0.07400	0.21576	0.07373	0.04234	0.05317	0.19147	0.01502	0.00358	0.00618	0.10545	0.04452	0.00862
17	0.02114	0.11038	0.02753	0.07501	0.32381	0.21141	0.04663	0.02458	0.01757	0.05601	0.01334	0.01638	0.01085	0.00689	0.00678	0.00204	0.00987	0.00580	0.00384	0.01014
18	0.04184	0.01451	0.01903	0.07006	0.22987	0.05400	0.01421	0.05078	0.11156	0.05103	0.06390	0.06547	0.02189	0.08325	0.03926	0.00319	0.00795	0.04366	0.00523	0.00931
19	0.01112	0.00795	0.00983	0.01027	0.01204	0.00753	0.00776	0.01458	0.06117	0.05107	0.16184	0.28524	0.19489	0.01852	0.00891	0.00272	0.00453	0.11603	0.00710	0.00690
20	0.01381	0.01218	0.01682	0.01511	0.01581	0.01581	0.01214	0.04060	0.01229	0.01810	0.01543	0.02553	0.01530	0.11127	0.25226	0.00639	0.36591	0.02424	0.00381	0.00720
21	0.12469	0.10972	0.13619	0.09747	0.18076	0.03660	0.04393	0.05107	0.05090	0.05751	0.01456	0.01707	0.01122	0.00710	0.00647	0.00216	0.00838	0.00581	0.02835	0.01004
22	0.00999	0.00786	0.01079	0.01042	0.01191	0.00749	0.04892	0.01177	0.01426	0.01874	0.08892	0.23950	0.19726	0.17778	0.10649	0.00475	0.00712	0.01421	0.00578	0.00604
23	0.01069	0.00754	0.00894	0.00911	0.00984	0.00748	0.00591	0.03957	0.01349	0.01796	0.06344	0.22122	0.08876	0.39113	0.06846	0.00549	0.00672	0.01328	0.00545	0.00552
24	0.01146	0.00903	0.01023	0.00986	0.01232	0.00869	0.00765	0.05689	0.07996	0.02491	0.21948	0.08839	0.33347	0.01646	0.00858	0.00251	0.00443	0.08127	0.00716	0.00726
25	0.11921	0.04085	0.18695	0.07138	0.11311	0.05125	0.07349	0.07845	0.01685	0.06374	0.01392	0.01695	0.01068	0.00945	0.03576	0.00269	0.07525	0.00600	0.00416	0.00987

[dist]
# distance from previous block
# <min> <max>
1	22

[block]
# block no. 8 follows, 28 sequences, length 44
# corresponding to MSA columns:
# 656-699
name=unknown_I
#
# <colnr> <probs for GDERKNQSTAVLIFYWHMCP>
#	G	D	E	R	K	N	Q	S	T	A	V	L	I	F	Y	W	H	M	C	P
0	0.07065	0.06943	0.02026	0.01825	0.07604	0.37096	0.01320	0.07647	0.04263	0.05902	0.08226	0.02056	0.01727	0.00858	0.00678	0.00204	0.00983	0.02176	0.00491	0.00912
1	0.00979	0.00676	0.00811	0.00881	0.00908	0.00654	0.00541	0.01038	0.01219	0.01615	0.03204	0.33269	0.06296	0.41825	0.02444	0.00518	0.00575	0.01491	0.00546	0.00509
2	0.01577	0.20234	0.02222	0.04442	0.01764	0.06168	0.01205	0.01765	0.01382	0.01814	0.08099	0.02539	0.04295	0.12402	0.01716	0.00314	0.26176	0.00727	0.00399	0.00762
3	0.10977	0.09193	0.10559	0.02679	0.24745	0.07741	0.08641	0.12353	0.01888	0.02690	0.01333	0.01604	0.01052	0.00693	0.00671	0.00214	0.00910	0.00589	0.00418	0.01049
4	0.01586	0.01226	0.01427	0.04277	0.01690	0.04049	0.03664	0.16722	0.02047	0.06501	0.06997	0.22556	0.21276	0.01519	0.00825	0.00248	0.00595	0.01306	0.00665	0.00823
5	0.00911	0.00661	0.00863	0.00997	0.01074	0.00613	0.00690	0.01073	0.01490	0.01980	0.10487	0.58946	0.10127	0.02154	0.00919	0.00287	0.00422	0.05014	0.00686	0.00605
6	0.02156	0.42613	0.02844	0.01348	0.01846	0.20979	0.01189	0.02392	0.01674	0.05777	0.01309	0.01464	0.01094	0.00699	0.00537	0.00170	0.00859	0.00464	0.09688	0.00896
7	0.01296	0.01085	0.01224	0.01157	0.01439	0.01182	0.00893	0.02265	0.28921	0.02330	0.04104	0.04129	0.23803	0.02462	0.19832	0.00494	0.00878	0.01039	0.00625	0.00843
8	0.01857	0.62196	0.15746	0.01392	0.02094	0.02664	0.01501	0.02199	0.01487	0.01816	0.01063	0.01232	0.00931	0.00634	0.00506	0.00169	0.00830	0.00415	0.00310	0.00958
9	0.01657	0.05227	0.10282	0.06420	0.10077	0.01511	0.08795	0.08132	0.09907	0.05632	0.21400	0.02949	0.02914	0.00967	0.00763	0.00228	0.00730	0.00864	0.00579	0.00967
10	0.01644	0.01970	0.12239	0.25835	0.29451	0.04674	0.09465	0.02160	0.01597	0.02167	0.01335	0.01804	0.01046	0.00680	0.00731	0.00228	0.00986	0.00648	0.00342	0.00998
