[name]
unknown

[dist]
# distance from previous block
# <min> <max>
0	711

[block]
# block no. 0 follows, 26 sequences, length 45
# corresponding to MSA columns:
# 764,789-820,841-843,847-855
name=unknown_A
#
# <colnr> <probs for GDERKNQSTAVLIFYWHMCP>
#	G	D	E	R	K	N	Q	S	T	A	V	L	I	F	Y	W	H	M	C	P
0	0.01258	0.01072	0.06381	0.01254	0.03421	0.00878	0.00986	0.01518	0.01598	0.05116	0.14013	0.13244	0.06245	0.22625	0.01782	0.00418	0.00649	0.16224	0.00624	0.00695
1	0.01026	0.00789	0.00953	0.01012	0.01191	0.00730	0.00769	0.01326	0.03907	0.02280	0.17193	0.23929	0.27341	0.01971	0.00937	0.00283	0.00456	0.12502	0.00730	0.00677
2	0.04926	0.11006	0.08825	0.01819	0.07183	0.04074	0.05406	0.08776	0.07853	0.18705	0.02295	0.04432	0.04437	0.03518	0.00898	0.00251	0.03152	0.00765	0.00602	0.01079
3	0.03949	0.02276	0.17654	0.09205	0.05088	0.07255	0.13103	0.08901	0.06065	0.07042	0.01836	0.05183	0.01499	0.06394	0.01008	0.00280	0.00983	0.00780	0.00487	0.01012
4	0.01479	0.01398	0.02346	0.63324	0.10585	0.01718	0.02110	0.01968	0.01522	0.01981	0.01343	0.01997	0.01027	0.00771	0.00818	0.00253	0.03473	0.00674	0.00340	0.00873
5	0.01598	0.01568	0.02810	0.47592	0.08408	0.01790	0.16174	0.04423	0.01653	0.02179	0.01399	0.01999	0.01063	0.00752	0.00847	0.00254	0.03484	0.00723	0.00365	0.00919
6	0.02148	0.04474	0.09822	0.13078	0.09625	0.07026	0.07330	0.07175	0.01916	0.17653	0.02103	0.10564	0.01737	0.00981	0.00776	0.00242	0.00891	0.00857	0.00560	0.01042
7	0.01677	0.02833	0.31711	0.02763	0.03678	0.01852	0.39411	0.02418	0.01711	0.02418	0.01462	0.01860	0.01071	0.00673	0.00822	0.00249	0.01213	0.00755	0.00357	0.01064
8	0.03368	0.01347	0.01795	0.01376	0.01964	0.01198	0.01137	0.07902	0.02265	0.64799	0.02913	0.02530	0.01838	0.00937	0.00763	0.00234	0.00658	0.00757	0.00927	0.01291
9	0.01819	0.01725	0.04771	0.19271	0.16077	0.05638	0.11056	0.02428	0.07683	0.06089	0.01742	0.02122	0.01341	0.00809	0.00851	0.00239	0.05211	0.00717	0.09417	0.00992
10	0.01507	0.01399	0.02416	0.52380	0.10929	0.01631	0.07842	0.02006	0.01569	0.02115	0.01473	0.02082	0.01126	0.00751	0.00750	0.00244	0.00966	0.00697	0.07235	0.00882
11	0.02816	0.02091	0.02239	0.01732	0.02327	0.02321	0.01425	0.61900	0.07858	0.04672	0.01906	0.01889	0.01359	0.00919	0.00760	0.00230	0.00819	0.00695	0.00760	0.01284
12	0.00944	0.00759	0.00821	0.00824	0.01031	0.00659	0.00598	0.01143	0.01724	0.02153	0.16737	0.11518	0.48480	0.07849	0.01148	0.00297	0.00413	0.01562	0.00705	0.00636
13	0.00961	0.00716	0.00894	0.00965	0.01093	0.00650	0.00680	0.01170	0.01710	0.02275	0.23180	0.39651	0.19192	0.02043	0.00932	0.00277	0.00405	0.01814	0.00741	0.00650
14	0.01031	0.00774	0.00954	0.00909	0.01107	0.00697	0.00682	0.01348	0.02046	0.02801	0.53533	0.06062	0.21985	0.01640	0.00895	0.00243	0.00364	0.01427	0.00803	0.00697
15	0.01774	0.02160	0.08405	0.03134	0.03923	0.01909	0.62041	0.02428	0.01779	0.02428	0.01524	0.02019	0.01139	0.00644	0.00885	0.00255	0.01269	0.00875	0.00380	0.01029
16	0.01074	0.00775	0.01014	0.00954	0.01133	0.00716	0.00716	0.01431	0.02147	0.03042	0.68211	0.05666	0.07157	0.01551	0.00895	0.00239	0.00358	0.01372	0.00835	0.00716
17	0.02038	0.01994	0.02848	0.02214	0.02680	0.09731	0.24114	0.17503	0.02101	0.02750	0.01781	0.09139	0.01595	0.03822	0.01203	0.00278	0.11829	0.00898	0.00502	0.00978
18	0.02883	0.02125	0.02276	0.01745	0.02352	0.02352	0.01442	0.66082	0.03566	0.04780	0.01821	0.01821	0.01290	0.00911	0.00759	0.00228	0.00835	0.00683	0.00759	0.01290
19	0.01738	0.09552	0.35284	0.02080	0.05200	0.01778	0.09973	0.06468	0.01750	0.05115	0.01600	0.04796	0.01277	0.00998	0.03736	0.00270	0.01038	0.00679	0.00413	0.06256
20	0.01903	0.06629	0.02958	0.12982	0.30531	0.04791	0.11719	0.05021	0.01777	0.05338	0.01622	0.05842	0.01382	0.00824	0.00826	0.00237	0.03367	0.00769	0.00427	0.01057
21	0.02883	0.02125	0.02276	0.01745	0.02352	0.02352	0.01442	0.66082	0.03566	0.04780	0.01821	0.01821	0.01290	0.00911	0.00759	0.00228	0.00835	0.00683	0.00759	0.01290
22	0.05797	0.00946	0.01158	0.01097	0.01232	0.01085	0.00823	0.03808	0.01362	0.02157	0.02043	0.03116	0.01925	0.19225	0.24547	0.00671	0.08776	0.00811	0.18738	0.00681
23	0.02084	0.01962	0.04298	0.04811	0.09239	0.13485	0.01350	0.11906	0.05945	0.05526	0.01613	0.01907	0.01297	0.03639	0.00890	0.03224	0.00835	0.00601	0.00505	0.24884
24	0.01672	0.23920	0.47990	0.01907	0.02849	0.02140	0.02325	0.02342	0.01567	0.02202	0.01259	0.01493	0.00966	0.00724	0.00722	0.00221	0.03792	0.00520	0.00322	0.01067
25	0.00940	0.00672	0.00894	0.01046	0.01104	0.00626	0.00705	0.01095	0.01524	0.02051	0.10824	0.65878	0.05239	0.02291	0.00961	0.00301	0.00432	0.02075	0.00718	0.00626
26	0.01406	0.01116	0.03980	0.01428	0.01653	0.01182	0.03886	0.01708	0.01369	0.08028	0.04148	0.02794	0.01902	0.04230	0.48539	0.00920	0.09668	0.00804	0.00457	0.00783
27	0.05906	0.07817	0.02399	0.02003	0.06746	0.26622	0.05177	0.13775	0.09082	0.06707	0.01610	0.01747	0.01246	0.00842	0.00808	0.00223	0.05116	0.00614	0.00521	0.01040
28	0.01120	0.00860	0.01264	0.01244	0.01364	0.01019	0.00964	0.01369	0.01209	0.01749	0.01989	0.03011	0.01890	0.09203	0.62519	0.01138	0.06191	0.00820	0.00405	0.00674
29	0.01414	0.00707	0.00707	0.00707	0.00884	0.00707	0.00530	0.01767	0.01591	0.02828	0.02474	0.02828	0.01944	0.00884	0.00530	0.00177	0.00353	0.00707	0.77554	0.00707
30	0.04574	0.01949	0.02142	0.04006	0.02328	0.06796	0.04928	0.39334	0.07232	0.08580	0.02055	0.06076	0.01592	0.00970	0.00758	0.00233	0.00825	0.00778	0.03693	0.01151
31	0.06417	0.06611	0.07863	0.06662	0.06186	0.01956	0.32364	0.09143	0.07511	0.05311	0.01668	0.01972	0.01244	0.00731	0.00788	0.00242	0.01037	0.00760	0.00471	0.01065
32	0.01142	0.00840	0.01017	0.00993	0.01079	0.00893	0.00671	0.01364	0.05069	0.01762	0.05423	0.04544	0.08863	0.42333	0.17729	0.00734	0.03386	0.01068	0.00500	0.00590
33	0.66626	0.01452	0.01185	0.01038	0.01503	0.01654	0.00852	0.05834	0.01475	0.06377	0.01267	0.01418	0.00960	0.00737	0.00502	0.00231	0.00590	0.00459	0.04980	0.00862
34	0.01962	0.02069	0.11373	0.08728	0.12756	0.06680	0.01673	0.11910	0.09621	0.05150	0.01941	0.02120	0.04159	0.00840	0.00782	0.00219	0.03275	0.00674	0.00513	0.13554
35	0.00955	0.00771	0.00849	0.00830	0.01060	0.00665	0.00622	0.01202	0.01867	0.02376	0.27643	0.06761	0.48141	0.01799	0.00896	0.00250	0.00376	0.01525	0.00747	0.00665
36	0.01845	0.01886	0.06854	0.11725	0.14207	0.11651	0.06158	0.06481	0.01934	0.06088	0.08229	0.05553	0.07995	0.01072	0.00804	0.00243	0.00886	0.04910	0.00528	0.00952
37	0.18288	0.02287	0.09165	0.01888	0.07147	0.12258	0.04031	0.22337	0.06886	0.03294	0.01586	0.01813	0.01228	0.03619	0.00809	0.00248	0.00896	0.00620	0.00543	0.01057
38	0.01807	0.01018	0.01350	0.01303	0.01601	0.00972	0.01087	0.05668	0.01985	0.19078	0.11617	0.10177	0.06718	0.01685	0.00931	0.00294	0.00622	0.30436	0.00779	0.00873
39	0.01379	0.01225	0.01723	0.01530	0.01580	0.01554	0.03351	0.01528	0.01187	0.01736	0.01717	0.05684	0.01822	0.23120	0.13780	0.00590	0.34519	0.00884	0.00398	0.00695
40	0.01659	0.01659	0.02323	0.01991	0.01991	0.02323	0.01659	0.01825	0.01162	0.01825	0.00996	0.01659	0.00996	0.01328	0.02489	0.00332	0.71955	0.00664	0.00332	0.00830
41	0.01084	0.00813	0.01219	0.01219	0.01354	0.00948	0.00948	0.01354	0.01219	0.01761	0.02032	0.02980	0.01896	0.05689	0.70337	0.01219	0.02032	0.00813	0.00406	0.00677
42	0.01919	0.01581	0.01865	0.08653	0.07531	0.05448	0.03511	0.15535	0.15562	0.03060	0.06551	0.02578	0.02001	0.03085	0.00868	0.00244	0.02779	0.00777	0.15451	0.00999
43	0.01401	0.01055	0.01173	0.01107	0.01343	0.04012	0.00823	0.01967	0.12458	0.07077	0.31430	0.14172	0.11732	0.05553	0.01033	0.00279	0.00496	0.01326	0.00759	0.00804
44	0.14501	0.04104	0.06046	0.08402	0.04970	0.12725	0.09408	0.07568	0.06408	0.07132	0.01540	0.01769	0.01174	0.00793	0.00795	0.00229	0.05048	0.00619	0.00484	0.06285

[dist]
# distance from previous block
# <min> <max>
1	8

[block]
# block no. 1 follows, 26 sequences, length 10
# corresponding to MSA columns:
# 864-873
name=unknown_B
#
# <colnr> <probs for GDERKNQSTAVLIFYWHMCP>
#	G	D	E	R	K	N	Q	S	T	A	V	L	I	F	Y	W	H	M	C	P
0	0.01546	0.07357	0.07515	0.07245	0.02207	0.03570	0.09225	0.04561	0.01653	0.05426	0.02552	0.27747	0.02620	0.01545	0.03360	0.00294	0.04084	0.01215	0.05436	0.00843
1	0.01916	0.02099	0.02445	0.02072	0.02211	0.16570	0.06345	0.02123	0.01415	0.01876	0.01072	0.01627	0.01003	0.01162	0.01993	0.00298	0.51926	0.00644	0.00348	0.00854
2	0.01084	0.00759	0.00974	0.00986	0.01039	0.00805	0.00655	0.01192	0.01169	0.01608	0.02377	0.08713	0.02591	0.43861	0.28040	0.00884	0.01191	0.01066	0.00456	0.00550
3	0.00982	0.00769	0.00892	0.00901	0.01098	0.00692	0.00674	0.01215	0.01756	0.02257	0.21649	0.11458	0.37910	0.05514	0.04705	0.00335	0.00505	0.05324	0.00709	0.00654
4	0.00949	0.00687	0.00898	0.01021	0.01102	0.00635	0.00699	0.01125	0.01593	0.02141	0.15884	0.56996	0.09055	0.02202	0.00951	0.00293	0.00422	0.01983	0.00728	0.00635
5	0.01148	0.00853	0.01035	0.01011	0.01204	0.00808	0.00746	0.06536	0.02000	0.02704	0.34477	0.23580	0.17464	0.01788	0.00904	0.00259	0.00424	0.01567	0.00770	0.00722
6	0.01521	0.03923	0.69413	0.02162	0.03283	0.01762	0.02802	0.02402	0.01601	0.02402	0.01361	0.01601	0.00961	0.00721	0.00721	0.00240	0.01121	0.00560	0.00320	0.01121
7	0.01076	0.00738	0.00899	0.00922	0.00950	0.00754	0.00573	0.01138	0.01169	0.01581	0.02571	0.13740	0.02919	0.52719	0.14389	0.00757	0.00909	0.01197	0.00484	0.00516
8	0.04555	0.06063	0.12222	0.01923	0.08202	0.01615	0.06550	0.10852	0.06883	0.17439	0.02317	0.08207	0.01896	0.01020	0.00767	0.00244	0.00795	0.04434	0.02925	0.01090
9	0.02252	0.09604	0.20217	0.04784	0.04777	0.16794	0.01850	0.20036	0.04568	0.02867	0.01465	0.01647	0.01115	0.00816	0.00781	0.00224	0.04056	0.00587	0.00475	0.01083

[dist]
# distance from previous block
# <min> <max>
0	1

[block]
# block no. 2 follows, 26 sequences, length 14
# corresponding to MSA columns:
# 875-888
name=unknown_C
#
# <colnr> <probs for GDERKNQSTAVLIFYWHMCP>
#	G	D	E	R	K	N	Q	S	T	A	V	L	I	F	Y	W	H	M	C	P
0	0.08556	0.14786	0.17397	0.04632	0.05367	0.05714	0.06701	0.06416	0.01869	0.19000	0.01719	0.01810	0.01226	0.00769	0.00686	0.00223	0.00901	0.00610	0.00524	0.01094
1	0.06611	0.22358	0.15613	0.01597	0.02232	0.07625	0.03354	0.11624	0.01960	0.08208	0.04597	0.01836	0.01429	0.00813	0.00701	0.00212	0.02930	0.00595	0.04677	0.01029
2	0.01743	0.01006	0.01357	0.01307	0.05165	0.00959	0.00938	0.02025	0.01894	0.20258	0.26752	0.07394	0.11483	0.05819	0.04879	0.00328	0.03923	0.01152	0.00747	0.00872
3	0.02240	0.16991	0.14016	0.04177	0.08411	0.11204	0.01687	0.11602	0.06758	0.09874	0.01770	0.02079	0.01391	0.00848	0.00701	0.00221	0.00918	0.03512	0.00515	0.01085
4	0.02343	0.02320	0.20076	0.01989	0.07629	0.06489	0.04012	0.07679	0.08697	0.22716	0.02252	0.02245	0.03591	0.00891	0.00819	0.00239	0.03535	0.00714	0.00610	0.01152
5	0.01938	0.00966	0.01246	0.01076	0.01411	0.00853	0.00835	0.02215	0.02002	0.28336	0.26315	0.08499	0.15177	0.04451	0.00973	0.00265	0.00494	0.01208	0.00830	0.00909
6	0.01120	0.00952	0.00982	0.01056	0.01205	0.05864	0.00766	0.01290	0.01591	0.01959	0.04809	0.30747	0.23838	0.10077	0.01262	0.00338	0.00561	0.10294	0.00652	0.00637
7	0.07254	0.09155	0.05464	0.09677	0.05253	0.07938	0.10238	0.21626	0.04214	0.06168	0.01584	0.01784	0.01184	0.00778	0.00715	0.00222	0.00928	0.00641	0.00529	0.04647
8	0.02321	0.05046	0.02039	0.04758	0.08868	0.07641	0.01332	0.20497	0.02323	0.13955	0.09178	0.02502	0.02056	0.03841	0.00956	0.00247	0.04641	0.00758	0.05991	0.01050
9	0.10914	0.01372	0.01481	0.01222	0.01656	0.01441	0.00986	0.19895	0.07110	0.17699	0.02295	0.02323	0.01654	0.00894	0.00654	0.00216	0.00592	0.00691	0.25868	0.01041
10	0.07621	0.01691	0.04917	0.04453	0.02134	0.01722	0.01306	0.25219	0.14238	0.10921	0.10259	0.03010	0.02417	0.01071	0.00777	0.00246	0.00707	0.05461	0.00727	0.01101
11	0.01337	0.01144	0.01532	0.01400	0.01459	0.01430	0.01076	0.01575	0.04012	0.01878	0.07084	0.06455	0.02352	0.21149	0.14947	0.00588	0.28488	0.00940	0.00455	0.00701
12	0.05464	0.05957	0.05289	0.01366	0.01735	0.14843	0.01132	0.04454	0.04146	0.09999	0.08570	0.11123	0.10924	0.01263	0.00839	0.00240	0.03861	0.02981	0.04939	0.00876
13	0.05364	0.11194	0.14946	0.02051	0.07399	0.19896	0.07464	0.02636	0.04108	0.07872	0.01634	0.02069	0.01327	0.00819	0.00707	0.00220	0.01016	0.04249	0.00451	0.04577

[dist]
# distance from previous block
# <min> <max>
1	11

[block]
# block no. 3 follows, 26 sequences, length 19
# corresponding to MSA columns:
# 900-918
name=unknown_D
#
# <colnr> <probs for GDERKNQSTAVLIFYWHMCP>
#	G	D	E	R	K	N	Q	S	T	A	V	L	I	F	Y	W	H	M	C	P
0	0.04243	0.13625	0.12214	0.04498	0.10542	0.05213	0.04323	0.14193	0.04298	0.02712	0.02226	0.07340	0.06280	0.01018	0.00741	0.00234	0.00850	0.03921	0.00510	0.01017
1	0.01780	0.13110	0.11876	0.01879	0.02503	0.04891	0.16925	0.07255	0.07477	0.02502	0.02112	0.08338	0.04740	0.00927	0.00742	0.00223	0.00885	0.00833	0.02833	0.08170
2	0.24152	0.01181	0.01322	0.04549	0.04619	0.01215	0.00958	0.04923	0.01806	0.13041	0.16168	0.08515	0.12264	0.01218	0.00737	0.00244	0.00555	0.00993	0.00668	0.00870
3	0.01148	0.00811	0.01000	0.00991	0.01193	0.00744	0.00747	0.01476	0.03807	0.05658	0.33033	0.17005	0.21656	0.01773	0.00908	0.00262	0.00422	0.05870	0.00774	0.00720
4	0.01688	0.01344	0.01651	0.07702	0.02127	0.01081	0.01027	0.02038	0.01610	0.07096	0.01463	0.01685	0.01166	0.00607	0.00594	0.00134	0.00609	0.00492	0.00473	0.65412
5	0.01482	0.00983	0.01209	0.01106	0.01373	0.00964	0.00844	0.02129	0.13786	0.10923	0.41191	0.09573	0.08471	0.01459	0.00862	0.00247	0.00443	0.01272	0.00821	0.00862
6	0.01845	0.01772	0.04701	0.24002	0.11994	0.06156	0.10162	0.07044	0.08113	0.05488	0.04674	0.02233	0.01549	0.01037	0.03765	0.00286	0.02958	0.00747	0.00476	0.00999
7	0.08345	0.02045	0.02155	0.01678	0.02263	0.02275	0.01381	0.57415	0.07519	0.04576	0.01847	0.01843	0.01322	0.00903	0.00739	0.00230	0.00801	0.00674	0.00739	0.01250
8	0.01744	0.01555	0.01726	0.01449	0.04603	0.06275	0.02728	0.09191	0.06235	0.02642	0.02231	0.04778	0.07647	0.01061	0.03617	0.00216	0.00727	0.00709	0.00527	0.40339
9	0.01064	0.00747	0.00881	0.00905	0.00978	0.00719	0.00593	0.01176	0.01407	0.01864	0.12257	0.12887	0.11681	0.41928	0.02575	0.00535	0.00607	0.06060	0.00584	0.00551
10	0.00962	0.00689	0.00914	0.01030	0.01108	0.00641	0.00707	0.01151	0.01628	0.02215	0.20350	0.55883	0.05557	0.02168	0.00950	0.00290	0.00419	0.01958	0.00737	0.00641
11	0.01318	0.00659	0.00988	0.00988	0.00988	0.00659	0.00659	0.00988	0.00988	0.01318	0.01318	0.02306	0.01318	0.02635	0.02964	0.77931	0.00659	0.00659	0.00329	0.00329
12	0.01103	0.00735	0.00827	0.00827	0.00827	0.00735	0.00460	0.01103	0.01103	0.01471	0.02390	0.04964	0.02758	0.73343	0.03861	0.00735	0.00735	0.01103	0.00460	0.00460
13	0.01528	0.01445	0.02447	0.57213	0.18788	0.01710	0.02154	0.02021	0.01562	0.02054	0.01365	0.01991	0.01052	0.00741	0.00757	0.00247	0.00988	0.00674	0.00345	0.00919
14	0.02931	0.01837	0.01924	0.01768	0.07861	0.15998	0.01286	0.03363	0.07155	0.40993	0.05241	0.02410	0.01884	0.00915	0.00751	0.00227	0.00807	0.00730	0.00755	0.01164
15	0.15903	0.04420	0.04690	0.07420	0.02056	0.01455	0.01165	0.08012	0.08094	0.13656	0.06837	0.11935	0.02255	0.01071	0.00716	0.00234	0.00651	0.00875	0.00632	0.07920
16	0.08740	0.05336	0.04963	0.01726	0.04350	0.17475	0.06960	0.05656	0.09006	0.05771	0.08238	0.02137	0.01829	0.00830	0.00696	0.00206	0.00861	0.00667	0.00530	0.14023
17	0.11513	0.06917	0.05183	0.07709	0.20901	0.07177	0.03821	0.07002	0.04784	0.04689	0.07037	0.02079	0.01657	0.00849	0.00823	0.00233	0.05446	0.00681	0.00479	0.01021
18	0.09123	0.01843	0.07053	0.13223	0.21258	0.07086	0.01698	0.06399	0.01821	0.07232	0.04746	0.05426	0.01612	0.00850	0.00720	0.00225	0.00843	0.00719	0.00484	0.07639

[dist]
# distance from previous block
# <min> <max>
8	20

[block]
# block no. 4 follows, 26 sequences, length 91
# corresponding to MSA columns:
# 943-960,963-1035
name=unknown_E
#
# <colnr> <probs for GDERKNQSTAVLIFYWHMCP>
#	G	D	E	R	K	N	Q	S	T	A	V	L	I	F	Y	W	H	M	C	P
0	0.04137	0.01544	0.06848	0.01425	0.01893	0.01372	0.03816	0.15850	0.07449	0.07258	0.08428	0.17660	0.02703	0.01212	0.00775	0.00232	0.00651	0.01041	0.03133	0.12574
1	0.01781	0.01328	0.04093	0.07213	0.01936	0.01278	0.01107	0.13299	0.08639	0.09872	0.13780	0.09857	0.10060	0.01237	0.00787	0.00237	0.00599	0.01044	0.07596	0.04257
2	0.01339	0.04899	0.08414	0.08035	0.07176	0.01223	0.01241	0.04298	0.04442	0.02360	0.12710	0.11388	0.16434	0.04661	0.04573	0.00314	0.00717	0.01126	0.00573	0.04076
3	0.02075	0.16241	0.11882	0.08152	0.02632	0.22686	0.05440	0.04500	0.05206	0.02129	0.01385	0.01739	0.01151	0.03886	0.00897	0.00235	0.04522	0.00582	0.00397	0.04262
4	0.48766	0.01715	0.07664	0.01240	0.01790	0.01656	0.01114	0.09737	0.01743	0.12910	0.04277	0.01715	0.01307	0.00799	0.00586	0.00235	0.00663	0.00547	0.00572	0.00966
5	0.02010	0.02079	0.05700	0.01619	0.04648	0.20779	0.01258	0.06265	0.16463	0.04694	0.07882	0.02795	0.06708	0.01207	0.03726	0.00266	0.00873	0.00791	0.09283	0.00956
6	0.01834	0.09220	0.05762	0.14933	0.15787	0.09687	0.05569	0.05462	0.07741	0.02389	0.04464	0.05088	0.01691	0.03196	0.00834	0.00245	0.00901	0.00756	0.03463	0.00978
7	0.06860	0.08674	0.05041	0.01251	0.01713	0.01261	0.05838	0.01842	0.04084	0.02412	0.08336	0.06804	0.13148	0.04087	0.00841	0.00230	0.00619	0.02864	0.05206	0.18888
8	0.01233	0.00947	0.01174	0.01167	0.04632	0.00812	0.00823	0.01500	0.01746	0.04858	0.17131	0.17134	0.22679	0.01549	0.00831	0.00232	0.00472	0.03355	0.00669	0.17054
9	0.06608	0.21014	0.06804	0.01554	0.02159	0.05075	0.03447	0.18935	0.09451	0.09548	0.04000	0.01909	0.01505	0.00827	0.00668	0.00211	0.00798	0.00626	0.00581	0.04283
10	0.02073	0.22235	0.14269	0.01871	0.05141	0.08770	0.07687	0.09298	0.01854	0.05852	0.01398	0.01642	0.01111	0.00851	0.00853	0.04836	0.03083	0.00572	0.00426	0.06179
11	0.07273	0.16318	0.14959	0.07542	0.08650	0.04079	0.01669	0.09663	0.04097	0.09501	0.01557	0.01718	0.01174	0.00746	0.00658	0.00209	0.00851	0.00572	0.00481	0.08283
12	0.01811	0.05731	0.29834	0.02072	0.05942	0.06421	0.08061	0.05102	0.04457	0.06753	0.07227	0.02416	0.01805	0.01042	0.02920	0.00271	0.03323	0.03300	0.00472	0.01040
13	0.00937	0.00706	0.00870	0.00985	0.01101	0.00639	0.00691	0.01107	0.01579	0.02040	0.08504	0.48151	0.22892	0.02193	0.00948	0.00292	0.00431	0.04592	0.00711	0.00632
14	0.01709	0.01261	0.01592	0.11338	0.03836	0.05624	0.03088	0.02213	0.08926	0.11811	0.11105	0.10685	0.02887	0.07629	0.07442	0.00379	0.00830	0.03051	0.03728	0.00865
15	0.09389	0.02831	0.30875	0.02290	0.13405	0.09177	0.02057	0.08806	0.01828	0.02664	0.01403	0.01678	0.01079	0.00989	0.04331	0.00276	0.01050	0.00577	0.00407	0.04890
16	0.01266	0.04770	0.04570	0.10565	0.07204	0.01174	0.07131	0.01605	0.03675	0.02060	0.03217	0.35292	0.08135	0.01657	0.00949	0.03277	0.00681	0.01442	0.00556	0.00776
17	0.00921	0.00671	0.00869	0.01028	0.01093	0.00618	0.00692	0.01059	0.01479	0.01947	0.04525	0.66408	0.11235	0.02332	0.00961	0.00303	0.00435	0.02102	0.00704	0.00618
18	0.04720	0.01320	0.01837	0.12526	0.02381	0.01421	0.08380	0.13042	0.06817	0.02749	0.04975	0.11252	0.08182	0.01618	0.07309	0.00342	0.00851	0.02636	0.06755	0.00887
19	0.07307	0.02095	0.06395	0.01824	0.06042	0.14188	0.04060	0.13416	0.06997	0.17472	0.01949	0.02011	0.01412	0.00872	0.00804	0.00229	0.04577	0.00662	0.06606	0.01083
20	0.02850	0.01261	0.01602	0.01271	0.01773	0.01164	0.01035	0.08856	0.04415	0.47274	0.05808	0.02915	0.05369	0.01007	0.00748	0.00229	0.00602	0.00820	0.09837	0.01163
21	0.01944	0.07450	0.23250	0.02303	0.14714	0.10181	0.01920	0.05415	0.11403	0.04725	0.03837	0.01950	0.01462	0.00793	0.00713	0.00221	0.00927	0.00638	0.00469	0.05686
22	0.04985	0.06862	0.02271	0.01688	0.02251	0.08671	0.01386	0.46414	0.11117	0.04071	0.01844	0.01846	0.01353	0.00890	0.00727	0.00224	0.00846	0.00660	0.00689	0.01206
23	0.01049	0.00843	0.00979	0.00978	0.01176	0.00805	0.00739	0.01368	0.04941	0.02283	0.18938	0.13970	0.34989	0.04603	0.01090	0.00287	0.03391	0.06177	0.00710	0.00686
24	0.02565	0.11555	0.12661	0.01769	0.02442	0.07949	0.01632	0.43181	0.02896	0.03801	0.01601	0.01674	0.01174	0.00838	0.00713	0.00219	0.00919	0.00613	0.00607	0.01191
25	0.05898	0.33044	0.23849	0.03964	0.04815	0.02269	0.08424	0.02387	0.01608	0.05445	0.01314	0.01534	0.01033	0.00691	0.00630	0.00208	0.00944	0.00538	0.00369	0.01035
26	0.06372	0.02012	0.04275	0.03066	0.03815	0.01905	0.61983	0.02418	0.01761	0.02488	0.01506	0.01998	0.01131	0.00643	0.00870	0.00255	0.01238	0.00866	0.00389	0.01011
27	0.01024	0.00795	0.00953	0.01026	0.01229	0.00724	0.00822	0.01276	0.01737	0.02180	0.10029	0.13694	0.36225	0.02000	0.00956	0.00292	0.00497	0.23169	0.00711	0.00663
28	0.01585	0.01726	0.10835	0.05077	0.10528	0.03347	0.10363	0.04222	0.08934	0.04638	0.06758	0.17723	0.05876	0.01270	0.00842	0.00261	0.00792	0.03709	0.00569	0.00946
29	0.01092	0.00957	0.03155	0.01111	0.01343	0.00862	0.02924	0.01516	0.07377	0.02323	0.18235	0.22519	0.23141	0.02156	0.07396	0.00355	0.00617	0.01502	0.00688	0.00729
30	0.00950	0.00680	0.00915	0.01073	0.01132	0.00645	0.00736	0.01106	0.01484	0.01990	0.06836	0.64302	0.04948	0.02471	0.03946	0.00346	0.00516	0.04600	0.00697	0.00626
31	0.01378	0.01249	0.01656	0.01521	0.01608	0.04379	0.01212	0.01590	0.01229	0.01772	0.01622	0.02527	0.01565	0.07849	0.37566	0.00809	0.28598	0.00760	0.00380	0.00731
32	0.07039	0.20945	0.22297	0.11858	0.05843	0.06603	0.07904	0.02399	0.04325	0.02248	0.01338	0.01626	0.01047	0.00714	0.00666	0.00220	0.00990	0.00570	0.00365	0.01005
33	0.02185	0.01600	0.01828	0.01675	0.05178	0.07989	0.03168	0.12766	0.10414	0.15837	0.04743	0.13901	0.02447	0.01242	0.00914	0.00255	0.05280	0.04248	0.03308	0.01021
34	0.01794	0.01466	0.01588	0.01434	0.01804	0.01649	0.01105	0.09896	0.45337	0.03077	0.05944	0.10068	0.05112	0.01288	0.00909	0.04116	0.00593	0.01011	0.00742	0.01066
35	0.01895	0.01693	0.02895	0.13166	0.43045	0.01725	0.09201	0.04788	0.01791	0.05788	0.01579	0.02002	0.01248	0.00717	0.00757	0.00230	0.00912	0.00706	0.04750	0.01112
36	0.00924	0.00660	0.00880	0.01056	0.01100	0.00616	0.00704	0.01056	0.01452	0.01936	0.04181	0.72848	0.05017	0.02376	0.00968	0.00308	0.00440	0.02156	0.00704	0.00616
37	0.07199	0.12795	0.02311	0.01789	0.02221	0.53849	0.01392	0.02929	0.05199	0.02003	0.01243	0.01411	0.01033	0.00771	0.00649	0.00196	0.01209	0.00491	0.00405	0.00904
38	0.01897	0.55700	0.20925	0.01522	0.02293	0.02680	0.01688	0.02305	0.01557	0.01945	0.01134	0.01316	0.00970	0.00668	0.00547	0.00182	0.00891	0.00446	0.00323	0.01012
39	0.01076	0.00755	0.00953	0.01036	0.01163	0.00705	0.00726	0.01338	0.04340	0.04685	0.14045	0.49043	0.13114	0.02086	0.00932	0.00286	0.00435	0.01864	0.00735	0.00683
40	0.63957	0.04741	0.08198	0.01165	0.01714	0.01794	0.01072	0.05420	0.01446	0.03303	0.01125	0.01298	0.00865	0.00714	0.00510	0.00232	0.00662	0.00439	0.00463	0.00881
41	0.01515	0.01250	0.01498	0.01538	0.07497	0.01324	0.01079	0.04980	0.27128	0.02969	0.25424	0.04389	0.11045	0.01311	0.00836	0.00251	0.00535	0.03726	0.00747	0.00959
42	0.01432	0.01348	0.02275	0.71520	0.05224	0.01685	0.02107	0.01938	0.01517	0.01938	0.01348	0.02022	0.01011	0.00758	0.00758	0.00253	0.01011	0.00674	0.00337	0.00843
43	0.00950	0.00689	0.00903	0.01064	0.01138	0.00642	0.00742	0.01107	0.01502	0.01977	0.04454	0.61472	0.10176	0.02313	0.00970	0.00308	0.00459	0.07807	0.00704	0.00626
44	0.01432	0.01348	0.02275	0.71520	0.05224	0.01685	0.02107	0.01938	0.01517	0.01938	0.01348	0.02022	0.01011	0.00758	0.00758	0.00253	0.01011	0.00674	0.00337	0.00843
45	0.01101	0.00742	0.00860	0.00860	0.00871	0.00753	0.00500	0.01124	0.01113	0.01495	0.02360	0.04799	0.02686	0.67715	0.09390	0.00776	0.00843	0.01079	0.00455	0.00478
46	0.01084	0.00845	0.01136	0.01209	0.01282	0.00909	0.00898	0.01263	0.01475	0.01999	0.06901	0.43172	0.07003	0.05179	0.03664	0.00360	0.10447	0.09877	0.00638	0.00658
47	0.02483	0.01473	0.01720	0.01446	0.01932	0.01543	0.01152	0.06191	0.35907	0.29228	0.06206	0.02832	0.02341	0.01015	0.00774	0.00246	0.00615	0.00839	0.00840	0.01216
48	0.06238	0.01252	0.01668	0.01300	0.01846	0.01103	0.01068	0.03436	0.02133	0.60618	0.08701	0.02801	0.02303	0.00984	0.00763	0.00235	0.00618	0.00803	0.00911	0.01221
49	0.01480	0.01388	0.02030	0.34581	0.05652	0.05095	0.04375	0.03892	0.01558	0.02028	0.01908	0.14419	0.01845	0.03777	0.06029	0.00350	0.07396	0.00955	0.00429	0.00814
50	0.01777	0.02007	0.04258	0.03075	0.03765	0.01959	0.59364	0.02369	0.01727	0.02369	0.01480	0.02007	0.01135	0.00709	0.01056	0.00263	0.08427	0.00872	0.00378	0.01003
51	0.01002	0.00743	0.00916	0.00953	0.01096	0.00680	0.00685	0.01229	0.01750	0.02338	0.27963	0.25113	0.19528	0.07996	0.01176	0.00310	0.00436	0.04707	0.00730	0.00648
52	0.01572	0.03569	0.57142	0.02357	0.03412	0.01791	0.14718	0.02407	0.01637	0.02407	0.01394	0.01685	0.00997	0.00705	0.00754	0.00243	0.01151	0.00624	0.00332	0.01102
53	0.01677	0.01571	0.04308	0.05323	0.02429	0.03452	0.17984	0.09943	0.07824	0.02651	0.04952	0.12905	0.02424	0.04286	0.01032	0.00282	0.03501	0.06180	0.06367	0.00910
54	0.02435	0.01350	0.01569	0.01288	0.01726	0.04623	0.01035	0.12104	0.02115	0.29115	0.05622	0.02595	0.01973	0.01610	0.10740	0.00358	0.00845	0.00747	0.12519	0.05632
55	0.00997	0.00712	0.00868	0.00951	0.01019	0.00672	0.00626	0.01114	0.01425	0.01876	0.07858	0.36521	0.12333	0.25280	0.01896	0.00437	0.00532	0.03672	0.00632	0.00577
56	0.02285	0.01983	0.05602	0.09516	0.02706	0.04862	0.07222	0.31807	0.09692	0.05627	0.01946	0.04939	0.01512	0.01097	0.03074	0.00274	0.03341	0.00773	0.00621	0.01118
57	0.64583	0.01607	0.01325	0.04555	0.01771	0.04336	0.00970	0.08559	0.01559	0.03410	0.01150	0.01334	0.00883	0.00730	0.00520	0.00233	0.00661	0.00453	0.00489	0.00871
58	0.01061	0.00761	0.01023	0.01184	0.01292	0.00734	0.00915	0.01285	0.01576	0.02067	0.04168	0.39275	0.07103	0.05282	0.01124	0.00342	0.00564	0.28906	0.00691	0.00646
59	0.01102	0.00739	0.00847	0.00847	0.00853	0.00746	0.00484	0.01115	0.01109	0.01485	0.02372	0.04866	0.02715	0.70013	0.07133	0.00759	0.00799	0.01089	0.00457	0.00470
60	0.01665	0.01346	0.01679	0.01214	0.01863	0.01045	0.04066	0.02016	0.01614	0.05770	0.01497	0.01711	0.01205	0.00601	0.00586	0.00129	0.00590	0.00500	0.04499	0.66406
61	0.02266	0.07600	0.02507	0.02139	0.07681	0.30640	0.09638	0.06893	0.01952	0.04368	0.01582	0.06325	0.01398	0.01256	0.05948	0.00297	0.05412	0.00714	0.00445	0.00937
62	0.01918	0.00987	0.01234	0.01103	0.01449	0.00896	0.00889	0.02272	0.04150	0.25483	0.12874	0.05023	0.19118	0.01421	0.00830	0.00252	0.00520	0.09984	0.08688	0.00909
63	0.02014	0.01480	0.02059	0.10646	0.07547	0.05734	0.07970	0.05050	0.04487	0.17407	0.14077	0.05349	0.04933	0.01108	0.00889	0.00249	0.03766	0.03609	0.00644	0.00981
64	0.02377	0.01065	0.01422	0.01168	0.01580	0.00937	0.00934	0.02690	0.02140	0.40223	0.28469	0.04010	0.07220	0.01224	0.00820	0.00237	0.00521	0.01040	0.00887	0.01036
65	0.01117	0.00906	0.01381	0.04736	0.01608	0.00923	0.06944	0.01333	0.01443	0.01938	0.05260	0.32505	0.07382	0.13288	0.10491	0.00482	0.03131	0.03897	0.00571	0.00664
66	0.01547	0.01320	0.01545	0.01121	0.01769	0.00995	0.00891	0.01875	0.01568	0.02450	0.01463	0.04452	0.01281	0.00635	0.00578	0.00120	0.00557	0.00518	0.00460	0.74855
67	0.01103	0.00735	0.00827	0.00827	0.00827	0.00735	0.00460	0.01103	0.01103	0.01471	0.02390	0.04964	0.02758	0.73343	0.03861	0.00735	0.00735	0.01103	0.00460	0.00460
68	0.78701	0.01467	0.01115	0.00997	0.01467	0.01702	0.00821	0.02230	0.01291	0.03403	0.01056	0.01232	0.00821	0.00704	0.00469	0.00235	0.00587	0.00411	0.00469	0.00821
69	0.02883	0.02125	0.02276	0.01745	0.02352	0.02352	0.01442	0.66082	0.03566	0.04780	0.01821	0.01821	0.01290	0.00911	0.00759	0.00228	0.00835	0.00683	0.00759	0.01290
70	0.02826	0.02069	0.02215	0.01705	0.02295	0.02288	0.01406	0.63574	0.03489	0.04704	0.01847	0.01860	0.01315	0.00909	0.00750	0.00226	0.00816	0.00684	0.03754	0.01267
71	0.01056	0.00775	0.00989	0.00935	0.01122	0.00708	0.00702	0.01397	0.02105	0.02941	0.62090	0.05831	0.13341	0.01588	0.00895	0.00240	0.00361	0.01395	0.00822	0.00708
72	0.02833	0.03615	0.02149	0.01954	0.02345	0.70298	0.01466	0.03029	0.02149	0.01856	0.01172	0.01368	0.00977	0.00782	0.00684	0.00195	0.01368	0.00489	0.00391	0.00879
73	0.70419	0.01539	0.01242	0.01079	0.01564	0.01773	0.00889	0.09204	0.01539	0.03554	0.01140	0.01297	0.00873	0.00727	0.00501	0.00234	0.00614	0.00440	0.00501	0.00873
74	0.01093	0.00743	0.00859	0.00859	0.00881	0.00750	0.00507	0.01124	0.01139	0.01520	0.02578	0.04888	0.05395	0.64502	0.09521	0.00758	0.00834	0.01098	0.00465	0.00486
75	0.78701	0.01467	0.01115	0.00997	0.01467	0.01702	0.00821	0.02230	0.01291	0.03403	0.01056	0.01232	0.00821	0.00704	0.00469	0.00235	0.00587	0.00411	0.00469	0.00821
76	0.01726	0.01648	0.02805	0.27430	0.47022	0.01762	0.02252	0.02195	0.01655	0.02294	0.01400	0.01927	0.01137	0.00704	0.00753	0.00235	0.00939	0.00675	0.00362	0.01079
77	0.04881	0.01324	0.01929	0.05532	0.11552	0.03579	0.06077	0.01943	0.01686	0.04871	0.02773	0.05337	0.02819	0.01498	0.01078	0.00304	0.07993	0.33414	0.00564	0.00848
78	0.65038	0.01556	0.01339	0.04687	0.05211	0.04358	0.00999	0.02308	0.01392	0.05765	0.01169	0.01362	0.00898	0.00717	0.00518	0.00234	0.00657	0.00454	0.00473	0.00863
79	0.01537	0.00825	0.00838	0.00794	0.01006	0.00844	0.00606	0.07132	0.01755	0.02991	0.02420	0.02744	0.01890	0.00886	0.00549	0.00181	0.00394	0.00705	0.71148	0.00756
80	0.02028	0.73799	0.03975	0.01298	0.01947	0.03001	0.01298	0.02271	0.01541	0.01785	0.01055	0.01217	0.00973	0.00649	0.00487	0.00162	0.00811	0.00406	0.00324	0.00973
81	0.00933	0.00667	0.00888	0.01050	0.01102	0.00622	0.00705	0.01079	0.01494	0.02002	0.07995	0.68846	0.05144	0.02327	0.00964	0.00304	0.00435	0.02110	0.00712	0.00622
82	0.02028	0.73799	0.03975	0.01298	0.01947	0.03001	0.01298	0.02271	0.01541	0.01785	0.01055	0.01217	0.00973	0.00649	0.00487	0.00162	0.00811	0.00406	0.00324	0.00973
83	0.00933	0.00675	0.00883	0.01030	0.01098	0.00625	0.00697	0.01085	0.01520	0.02023	0.08986	0.63840	0.09227	0.02288	0.00958	0.00300	0.00431	0.02065	0.00713	0.00625
84	0.04438	0.00843	0.00949	0.00897	0.01130	0.00786	0.00680	0.03570	0.01964	0.02742	0.36081	0.05709	0.28298	0.01573	0.00844	0.00239	0.00393	0.01337	0.06816	0.00712
85	0.01071	0.00713	0.00947	0.01080	0.01160	0.00669	0.00750	0.01227	0.01510	0.04858	0.06189	0.58216	0.04767	0.06491	0.01136	0.00331	0.00485	0.07050	0.00704	0.00646
86	0.01456	0.07724	0.02248	0.33524	0.03435	0.01589	0.08012	0.02054	0.08147	0.02258	0.11379	0.05684	0.07337	0.01025	0.00787	0.00246	0.00819	0.00916	0.00495	0.00866
87	0.01272	0.00983	0.01135	0.01128	0.01265	0.04249	0.00788	0.01411	0.01418	0.04464	0.03003	0.36429	0.03406	0.18581	0.04650	0.00419	0.04903	0.01457	0.00580	0.08459
88	0.02012	0.40473	0.05288	0.01445	0.01992	0.07914	0.03936	0.05081	0.04295	0.05636	0.04818	0.04239	0.01618	0.01113	0.04764	0.00254	0.00896	0.00626	0.02638	0.00962
89	0.08120	0.10358	0.17077	0.04155	0.09525	0.08733	0.03735	0.10052	0.01901	0.05484	0.04773	0.02030	0.01485	0.05104	0.00876	0.00248	0.00907	0.00642	0.00467	0.04328
90	0.01804	0.23830	0.20722	0.03967	0.04367	0.04600	0.01698	0.08166	0.07249	0.02415	0.02062	0.06463	0.05024	0.00965	0.00697	0.00225	0.00860	0.03412	0.00463	0.01010

[dist]
# distance from previous block
# <min> <max>
1	12

[block]
# block no. 5 follows, 26 sequences, length 13
# corresponding to MSA columns:
# 1048-1060
name=unknown_F
#
# <colnr> <probs for GDERKNQSTAVLIFYWHMCP>
#	G	D	E	R	K	N	Q	S	T	A	V	L	I	F	Y	W	H	M	C	P
0	0.01851	0.08950	0.10913	0.07900	0.07108	0.05058	0.11589	0.10629	0.01954	0.05084	0.06650	0.02438	0.05331	0.01185	0.05383	0.00290	0.00981	0.00761	0.00492	0.05454
1	0.02086	0.08647	0.02402	0.07800	0.21092	0.13767	0.01610	0.10305	0.04843	0.05012	0.02052	0.04728	0.05830	0.00926	0.00791	0.00226	0.03414	0.00745	0.02702	0.01025
2	0.01904	0.05891	0.08342	0.03932	0.06138	0.11625	0.01325	0.06688	0.07433	0.07195	0.09329	0.04957	0.04936	0.05786	0.00938	0.00248	0.00790	0.00804	0.00558	0.11179
3	0.06419	0.20683	0.10579	0.01659	0.04540	0.08669	0.01471	0.08174	0.10079	0.09075	0.01649	0.01739	0.01270	0.00795	0.00721	0.00209	0.03882	0.00573	0.00505	0.07309
4	0.06368	0.01940	0.02062	0.01761	0.06105	0.05774	0.01349	0.43972	0.02970	0.08807	0.04761	0.02062	0.01588	0.00907	0.00731	0.00224	0.00789	0.00696	0.05960	0.01174
5	0.01432	0.01348	0.02275	0.71520	0.05224	0.01685	0.02107	0.01938	0.01517	0.01938	0.01348	0.02022	0.01011	0.00758	0.00758	0.00253	0.01011	0.00674	0.00337	0.00843
6	0.00942	0.00676	0.00867	0.01012	0.01065	0.00631	0.00669	0.01063	0.01433	0.01894	0.04226	0.61025	0.09093	0.10027	0.01276	0.00351	0.00468	0.02004	0.00678	0.00601
7	0.01016	0.00780	0.00935	0.00915	0.01123	0.00698	0.00698	0.01310	0.01958	0.02606	0.40403	0.06499	0.30412	0.01732	0.00906	0.00253	0.00392	0.05904	0.00775	0.00686
8	0.01096	0.00762	0.00960	0.00960	0.01006	0.00807	0.00625	0.01188	0.01142	0.01569	0.02269	0.04292	0.02466	0.50438	0.26367	0.00899	0.01174	0.01005	0.00442	0.00533
9	0.01699	0.01775	0.02966	0.02352	0.02581	0.02202	0.20839	0.02006	0.01349	0.02006	0.01157	0.01775	0.01042	0.01122	0.02013	0.00309	0.50839	0.00733	0.00347	0.00887
10	0.02070	0.01666	0.05645	0.01421	0.01863	0.04896	0.01178	0.10931	0.29411	0.10533	0.02653	0.05593	0.02040	0.01005	0.00724	0.00234	0.00648	0.00817	0.15592	0.01080
11	0.01877	0.01802	0.03079	0.04656	0.68612	0.01802	0.02328	0.02328	0.01727	0.02478	0.01427	0.01877	0.01201	0.00676	0.00751	0.00225	0.00901	0.00676	0.00375	0.01201
12	0.07688	0.02030	0.16385	0.01736	0.06173	0.01608	0.01543	0.12471	0.13178	0.17766	0.05354	0.02604	0.06197	0.00962	0.00747	0.00240	0.00751	0.00775	0.00662	0.01132

[dist]
# distance from previous block
# <min> <max>
1	3

[block]
# block no. 6 follows, 26 sequences, length 74
# corresponding to MSA columns:
# 1066-1122,1131-1147
name=unknown_G
#
# <colnr> <probs for GDERKNQSTAVLIFYWHMCP>
#	G	D	E	R	K	N	Q	S	T	A	V	L	I	F	Y	W	H	M	C	P
0	0.12925	0.01594	0.06109	0.01477	0.01961	0.01512	0.06024	0.12524	0.12782	0.04914	0.02601	0.10994	0.06940	0.01388	0.05102	0.00299	0.00772	0.00916	0.00604	0.08561
1	0.12630	0.02616	0.05060	0.02100	0.10468	0.30609	0.01525	0.14381	0.02132	0.02701	0.01351	0.01599	0.01087	0.01043	0.04155	0.00268	0.04260	0.00564	0.00463	0.00987
2	0.25481	0.15942	0.31720	0.01615	0.02413	0.02012	0.01822	0.06667	0.01629	0.02759	0.01242	0.01432	0.00943	0.00715	0.00603	0.00223	0.00880	0.00494	0.00397	0.01013
3	0.01480	0.01396	0.02361	0.64406	0.11969	0.01698	0.02130	0.01979	0.01539	0.01995	0.01357	0.02007	0.01031	0.00750	0.00758	0.00250	0.00999	0.00674	0.00341	0.00881
4	0.02100	0.01688	0.01828	0.01529	0.01936	0.08653	0.04277	0.19830	0.12512	0.07885	0.06705	0.05535	0.02203	0.08608	0.07912	0.00378	0.00909	0.00858	0.00645	0.04009
5	0.01818	0.02084	0.11108	0.05042	0.03235	0.01883	0.33527	0.04719	0.04353	0.05106	0.01536	0.01942	0.01177	0.00802	0.01103	0.00256	0.13099	0.00765	0.00422	0.06023
6	0.01770	0.01394	0.01543	0.01367	0.01728	0.01528	0.01071	0.14121	0.31272	0.03197	0.15967	0.03736	0.07642	0.01324	0.00957	0.05299	0.00588	0.03746	0.00745	0.01003
7	0.01790	0.01941	0.03985	0.07804	0.20427	0.01874	0.45802	0.02373	0.01757	0.02411	0.01496	0.02002	0.01155	0.00656	0.00850	0.00248	0.01166	0.00826	0.00379	0.01057
8	0.01541	0.01614	0.06177	0.51265	0.16643	0.01725	0.06178	0.02065	0.01577	0.02093	0.01375	0.01975	0.01052	0.00734	0.00764	0.00247	0.01014	0.00682	0.00346	0.00935
9	0.01610	0.01615	0.02727	0.02140	0.02505	0.04379	0.27085	0.04711	0.01637	0.02224	0.04643	0.13402	0.02150	0.09574	0.01560	0.00331	0.15329	0.01062	0.00467	0.00849
10	0.01179	0.00842	0.01173	0.01347	0.01503	0.00836	0.01147	0.01497	0.01704	0.02222	0.04040	0.17877	0.04460	0.02136	0.01036	0.00343	0.00661	0.54612	0.00699	0.00687
11	0.05866	0.13075	0.52647	0.01931	0.02920	0.01885	0.02387	0.02456	0.01612	0.06553	0.01405	0.01591	0.01012	0.00724	0.00678	0.00229	0.01021	0.00544	0.00368	0.01096
12	0.01640	0.01155	0.01315	0.01193	0.01507	0.01179	0.00924	0.13151	0.11850	0.07697	0.13969	0.15646	0.16614	0.01516	0.00844	0.00255	0.00530	0.03702	0.04416	0.00897
13	0.00935	0.00735	0.00838	0.00884	0.01058	0.00646	0.00632	0.01127	0.01686	0.02137	0.14878	0.27153	0.38680	0.03845	0.00994	0.00282	0.00407	0.01727	0.00716	0.00639
14	0.38875	0.01444	0.01499	0.01217	0.01750	0.01496	0.01004	0.08272	0.01874	0.32698	0.01980	0.01881	0.01330	0.00826	0.00624	0.00234	0.00634	0.00590	0.00702	0.01069
15	0.02106	0.49953	0.07825	0.01556	0.02198	0.09927	0.04562	0.05915	0.05806	0.02111	0.01278	0.01431	0.01082	0.00705	0.00575	0.00185	0.00902	0.00491	0.00385	0.01007
16	0.01437	0.01119	0.01278	0.01205	0.01482	0.01162	0.00936	0.09405	0.16442	0.02822	0.18037	0.11945	0.15512	0.04470	0.00999	0.00286	0.00539	0.09328	0.00743	0.00853
17	0.01037	0.00761	0.00996	0.01135	0.01266	0.00720	0.00879	0.01268	0.01630	0.02118	0.06894	0.36060	0.14794	0.02171	0.00984	0.00313	0.00525	0.25088	0.00707	0.00654
18	0.01822	0.02311	0.11823	0.02563	0.03123	0.08372	0.32198	0.02387	0.04293	0.02243	0.01399	0.01856	0.01117	0.00861	0.01271	0.00268	0.19985	0.00752	0.00378	0.00978
19	0.01239	0.01007	0.01473	0.01375	0.01572	0.01020	0.07528	0.06530	0.01705	0.02294	0.08040	0.39857	0.08847	0.02130	0.05364	0.00347	0.04510	0.03780	0.00646	0.00739
20	0.01109	0.00778	0.00963	0.05471	0.01187	0.00802	0.00633	0.01191	0.01227	0.01651	0.06508	0.09522	0.03019	0.54501	0.07801	0.00676	0.00797	0.01147	0.00489	0.00526
21	0.00934	0.00697	0.00870	0.00981	0.01087	0.00632	0.00677	0.01104	0.01590	0.02082	0.11961	0.50927	0.19323	0.02185	0.00944	0.00289	0.00419	0.01947	0.00718	0.00632
22	0.01573	0.01348	0.01573	0.01123	0.01798	0.01011	0.00899	0.01910	0.01573	0.02472	0.01348	0.01573	0.01123	0.00562	0.00562	0.00112	0.00562	0.00449	0.00449	0.77980
23	0.73559	0.01455	0.01159	0.01022	0.01499	0.01662	0.00841	0.02330	0.01351	0.07892	0.01188	0.01324	0.00894	0.00720	0.00489	0.00235	0.00591	0.00435	0.00501	0.00854
24	0.01285	0.00788	0.00921	0.00869	0.01090	0.00723	0.00658	0.01602	0.01898	0.07060	0.31969	0.04998	0.18476	0.01398	0.00781	0.00224	0.00381	0.01190	0.22956	0.00734
25	0.02289	0.01977	0.05436	0.04604	0.02150	0.12016	0.01310	0.22372	0.13001	0.08347	0.02213	0.06563	0.01750	0.00984	0.00729	0.00228	0.00793	0.00777	0.11401	0.01061
26	0.07560	0.02555	0.02410	0.06536	0.02590	0.30937	0.09038	0.10342	0.01981	0.02387	0.01262	0.01596	0.01031	0.00885	0.01076	0.00241	0.15614	0.00603	0.00425	0.00930
27	0.01065	0.00769	0.01007	0.00960	0.01131	0.00710	0.00715	0.01411	0.02110	0.02982	0.64762	0.09286	0.07042	0.01595	0.00899	0.00242	0.00362	0.01414	0.00828	0.00710
28	0.01527	0.01450	0.02422	0.55037	0.16357	0.01748	0.02117	0.02000	0.01531	0.02027	0.01339	0.01973	0.01044	0.00781	0.00869	0.00253	0.05601	0.00674	0.00344	0.00906
29	0.01566	0.01485	0.02517	0.51399	0.24299	0.01720	0.02173	0.02055	0.01580	0.02100	0.01372	0.01979	0.01068	0.00734	0.00756	0.00245	0.00978	0.00675	0.00349	0.00951
30	0.00896	0.00768	0.00768	0.00768	0.01025	0.00640	0.00576	0.01089	0.01729	0.02049	0.07684	0.07300	0.68304	0.01921	0.00896	0.00256	0.00384	0.01601	0.00704	0.00640
31	0.00942	0.00668	0.00875	0.01033	0.01072	0.00628	0.00679	0.01061	0.01416	0.01888	0.03997	0.65879	0.04785	0.09662	0.01265	0.00352	0.00470	0.02048	0.00679	0.00600
32	0.01675	0.02263	0.17383	0.02939	0.13887	0.01822	0.30911	0.02248	0.01649	0.02332	0.01603	0.06718	0.01366	0.00856	0.01014	0.00259	0.08815	0.00850	0.00385	0.01024
33	0.03403	0.01291	0.01760	0.01350	0.01936	0.01115	0.01115	0.03697	0.02171	0.69137	0.02992	0.02582	0.01878	0.00939	0.00763	0.00235	0.00645	0.00763	0.00939	0.01291
34	0.01460	0.01376	0.02325	0.67373	0.09156	0.01692	0.02120	0.01962	0.01530	0.01971	0.01353	0.02013	0.01023	0.00753	0.00758	0.00251	0.01004	0.00674	0.00339	0.00865
35	0.01074	0.00775	0.01014	0.00954	0.01133	0.00716	0.00716	0.01431	0.02147	0.03042	0.68211	0.05666	0.07157	0.01551	0.00895	0.00239	0.00358	0.01372	0.00835	0.00716
36	0.01573	0.01348	0.01573	0.01123	0.01798	0.01011	0.00899	0.01910	0.01573	0.02472	0.01348	0.01573	0.01123	0.00562	0.00562	0.00112	0.00562	0.00449	0.00449	0.77980
37	0.00896	0.00768	0.00768	0.00768	0.01025	0.00640	0.00576	0.01089	0.01729	0.02049	0.07684	0.07300	0.68304	0.01921	0.00896	0.00256	0.00384	0.01601	0.00704	0.00640
38	0.00939	0.00765	0.00830	0.00824	0.01053	0.00657	0.00614	0.01167	0.01814	0.02274	0.21558	0.09792	0.51360	0.01855	0.00899	0.00254	0.00381	0.01572	0.00735	0.00657
39	0.01877	0.01802	0.03079	0.04656	0.68612	0.01802	0.02328	0.02328	0.01727	0.02478	0.01427	0.01877	0.01201	0.00676	0.00751	0.00225	0.00901	0.00676	0.00375	0.01201
40	0.01090	0.00787	0.01087	0.01087	0.01177	0.00877	0.00784	0.01270	0.01180	0.01663	0.02152	0.03648	0.02186	0.28464	0.47959	0.01056	0.01595	0.00910	0.00424	0.00604
41	0.01988	0.16164	0.02334	0.01616	0.01900	0.13183	0.01347	0.02340	0.06006	0.06358	0.01504	0.01858	0.01280	0.01375	0.06878	0.00324	0.25766	0.00619	0.06261	0.00900
