[name]
unknown

[dist]
# distance from previous block
# <min> <max>
2	32

[block]
# block no. 0 follows, 37 sequences, length 12
# corresponding to MSA columns:
# 36-47
name=unknown_A
#
# <colnr> <probs for GDERKNQSTAVLIFYWHMCP>
#	G	D	E	R	K	N	Q	S	T	A	V	L	I	F	Y	W	H	M	C	P
0	0.04497	0.01410	0.03597	0.01269	0.01728	0.03160	0.04523	0.22704	0.10267	0.16847	0.01681	0.04068	0.01260	0.00722	0.00633	0.00175	0.03305	0.00575	0.00540	0.17038
1	0.00764	0.00561	0.00703	0.00792	0.00865	0.00515	0.00538	0.00890	0.01247	0.01641	0.10822	0.53422	0.16078	0.07014	0.00925	0.00259	0.00357	0.01543	0.00565	0.00500
2	0.01574	0.21853	0.07017	0.11877	0.20975	0.03866	0.06710	0.03635	0.06477	0.06361	0.01373	0.01577	0.02898	0.00615	0.00561	0.00176	0.00723	0.00525	0.00351	0.00855
3	0.01290	0.05444	0.56520	0.01557	0.02315	0.01370	0.01894	0.02015	0.07937	0.04781	0.05348	0.01739	0.03772	0.00679	0.00592	0.00193	0.00789	0.00540	0.00344	0.00880
4	0.00771	0.00588	0.00703	0.00769	0.00884	0.00530	0.00551	0.00919	0.01308	0.01675	0.10414	0.36319	0.30625	0.05068	0.00861	0.00246	0.00358	0.06331	0.00568	0.00511
5	0.05359	0.01013	0.01239	0.01165	0.05258	0.01026	0.02714	0.15326	0.06373	0.11069	0.11343	0.14415	0.12899	0.01109	0.00658	0.00202	0.00477	0.03167	0.04430	0.00757
6	0.01674	0.06884	0.12709	0.05955	0.11640	0.13198	0.19363	0.07260	0.01547	0.05920	0.01198	0.01433	0.00913	0.00577	0.00599	0.00177	0.00852	0.00529	0.00348	0.07222
7	0.00872	0.00596	0.00716	0.00726	0.00753	0.00599	0.00448	0.00930	0.01004	0.01363	0.08617	0.11436	0.02666	0.56599	0.09666	0.00559	0.00642	0.00974	0.00414	0.00419
8	0.00790	0.00568	0.00748	0.00869	0.00932	0.00535	0.00616	0.00927	0.01229	0.01626	0.06156	0.58127	0.07880	0.04776	0.00875	0.00262	0.00389	0.11625	0.00564	0.00506
9	0.03618	0.05701	0.02182	0.13851	0.13066	0.13232	0.15126	0.04689	0.05666	0.03563	0.01462	0.05748	0.03173	0.00727	0.00704	0.00195	0.05517	0.00634	0.00362	0.00785
10	0.05623	0.04865	0.01327	0.02948	0.06927	0.07485	0.00844	0.01646	0.06792	0.01963	0.07302	0.09440	0.06359	0.02501	0.00610	0.00165	0.00518	0.00674	0.03529	0.28483
11	0.19694	0.11369	0.14369	0.07090	0.04500	0.15751	0.01260	0.07617	0.04250	0.04159	0.01189	0.04054	0.00967	0.00657	0.00523	0.00180	0.00738	0.00478	0.00366	0.00787

[dist]
# distance from previous block
# <min> <max>
0	4

[block]
# block no. 1 follows, 37 sequences, length 12
# corresponding to MSA columns:
# 52-63
name=unknown_B
#
# <colnr> <probs for GDERKNQSTAVLIFYWHMCP>
#	G	D	E	R	K	N	Q	S	T	A	V	L	I	F	Y	W	H	M	C	P
0	0.01293	0.13665	0.07918	0.46874	0.10590	0.01555	0.06414	0.01693	0.01264	0.01643	0.01068	0.01492	0.00831	0.00583	0.00582	0.00190	0.00803	0.00515	0.00275	0.00753
1	0.09270	0.01233	0.13515	0.01173	0.01508	0.00929	0.08935	0.01453	0.04635	0.04209	0.06815	0.24447	0.11850	0.03774	0.00804	0.02756	0.00549	0.01024	0.00467	0.00654
2	0.06403	0.41053	0.06513	0.01142	0.01608	0.06924	0.01068	0.14277	0.01597	0.02076	0.08391	0.01499	0.01348	0.00773	0.02820	0.00182	0.00685	0.00467	0.00377	0.00797
3	0.00918	0.00662	0.00836	0.00899	0.00992	0.00647	0.00629	0.08099	0.01406	0.01893	0.11148	0.62137	0.03940	0.01724	0.00758	0.00236	0.00380	0.01550	0.00585	0.00561
4	0.01327	0.01228	0.02054	0.08349	0.50695	0.01240	0.03290	0.01634	0.01321	0.01857	0.03776	0.09566	0.01544	0.08435	0.00879	0.00232	0.00677	0.00722	0.00346	0.00826
5	0.01602	0.08994	0.05864	0.01353	0.07922	0.01252	0.01045	0.10381	0.03513	0.15916	0.05213	0.14862	0.06737	0.01004	0.00766	0.00201	0.08415	0.00810	0.03352	0.00799
6	0.01021	0.01025	0.08509	0.01233	0.06257	0.00805	0.06424	0.01327	0.01457	0.03447	0.21510	0.07745	0.18504	0.03343	0.00777	0.00222	0.00501	0.12031	0.03221	0.00640
7	0.02065	0.00991	0.01238	0.00996	0.01368	0.00923	0.00805	0.11996	0.01833	0.40805	0.14043	0.02786	0.09356	0.00908	0.00628	0.00187	0.00466	0.00748	0.06978	0.00880
8	0.00853	0.00612	0.00775	0.00855	0.00928	0.00588	0.00590	0.04237	0.01289	0.01722	0.09285	0.55394	0.06513	0.09373	0.01000	0.00275	0.00394	0.04239	0.00560	0.00520
9	0.04539	0.21095	0.09578	0.11616	0.09066	0.10032	0.09494	0.07067	0.08274	0.01949	0.01188	0.01396	0.00938	0.00600	0.00552	0.00176	0.00779	0.00492	0.00341	0.00828
10	0.01184	0.01273	0.06514	0.01379	0.01558	0.05120	0.06377	0.01417	0.01107	0.01562	0.01675	0.02138	0.08341	0.02067	0.23726	0.00458	0.30659	0.00648	0.02152	0.00645
11	0.00794	0.00613	0.00724	0.00717	0.00875	0.00543	0.00530	0.01007	0.01530	0.02023	0.38210	0.13344	0.33984	0.01450	0.00729	0.00205	0.00305	0.01254	0.00618	0.00543

[dist]
# distance from previous block
# <min> <max>
0	3

[block]
# block no. 2 follows, 37 sequences, length 9
# corresponding to MSA columns:
# 67-75
name=unknown_C
#
# <colnr> <probs for GDERKNQSTAVLIFYWHMCP>
#	G	D	E	R	K	N	Q	S	T	A	V	L	I	F	Y	W	H	M	C	P
0	0.01735	0.01442	0.01635	0.01366	0.01767	0.01625	0.05138	0.21876	0.50358	0.02876	0.02144	0.02028	0.01591	0.00787	0.00626	0.00201	0.00567	0.00656	0.00602	0.00980
1	0.62484	0.01216	0.01074	0.00909	0.01314	0.01354	0.00749	0.09112	0.01335	0.13903	0.01153	0.01209	0.00831	0.00614	0.00438	0.00189	0.00501	0.00397	0.00460	0.00759
2	0.01862	0.09685	0.02064	0.01637	0.07489	0.08676	0.08328	0.25615	0.23319	0.02669	0.01612	0.01648	0.01220	0.00695	0.00598	0.00185	0.00696	0.00572	0.00497	0.00935
3	0.01538	0.14626	0.26761	0.03893	0.11981	0.04627	0.01544	0.06997	0.03921	0.06020	0.03896	0.01482	0.01098	0.00611	0.00552	0.00170	0.00728	0.00484	0.00358	0.08712
4	0.01565	0.30317	0.32776	0.01489	0.04064	0.08166	0.01593	0.01975	0.01322	0.05784	0.01055	0.01217	0.00828	0.00600	0.00590	0.00171	0.04934	0.00418	0.00294	0.00842
5	0.60365	0.01225	0.00975	0.00862	0.01221	0.06451	0.00698	0.01924	0.01188	0.09894	0.01139	0.01250	0.00855	0.00607	0.00420	0.00182	0.00502	0.00390	0.09159	0.00694
6	0.01142	0.00964	0.01391	0.14392	0.20775	0.00988	0.01081	0.05008	0.01406	0.01904	0.06812	0.06827	0.20456	0.06388	0.00813	0.00221	0.00542	0.00854	0.07350	0.00687
7	0.01658	0.04694	0.23464	0.01807	0.10454	0.07953	0.08358	0.06088	0.04746	0.11793	0.01421	0.02997	0.01092	0.02228	0.00746	0.00200	0.06125	0.00560	0.02748	0.00868
8	0.01219	0.00849	0.01084	0.01089	0.03636	0.00896	0.00792	0.03573	0.10355	0.09510	0.09861	0.31415	0.06391	0.01342	0.00831	0.00223	0.08158	0.03142	0.04958	0.00676

[dist]
# distance from previous block
# <min> <max>
3	5

[block]
# block no. 3 follows, 37 sequences, length 13
# corresponding to MSA columns:
# 81-93
name=unknown_D
#
# <colnr> <probs for GDERKNQSTAVLIFYWHMCP>
#	G	D	E	R	K	N	Q	S	T	A	V	L	I	F	Y	W	H	M	C	P
0	0.05776	0.12311	0.26405	0.05338	0.06627	0.06937	0.04029	0.03479	0.03857	0.03668	0.01907	0.02021	0.11655	0.00735	0.00571	0.00183	0.00720	0.00586	0.02403	0.00795
1	0.00812	0.00628	0.00720	0.00750	0.00886	0.00577	0.00541	0.01014	0.03811	0.01703	0.12163	0.21071	0.34503	0.11892	0.01061	0.00271	0.00379	0.06142	0.00555	0.00519
2	0.04860	0.00761	0.00799	0.00872	0.00987	0.05263	0.00616	0.01101	0.03763	0.01692	0.05031	0.50801	0.16278	0.01650	0.00732	0.00231	0.00407	0.03069	0.00547	0.00541
3	0.01426	0.13837	0.01872	0.08099	0.12061	0.07027	0.05329	0.06990	0.04825	0.03932	0.11704	0.11471	0.04168	0.00924	0.00627	0.00191	0.00626	0.03695	0.00446	0.00753
4	0.01797	0.01394	0.05671	0.01396	0.01786	0.06912	0.12605	0.13127	0.03784	0.19854	0.02016	0.16617	0.01739	0.00929	0.00682	0.00200	0.02547	0.00814	0.05302	0.00828
5	0.00778	0.00583	0.00726	0.00804	0.00908	0.00532	0.00578	0.00939	0.01331	0.01739	0.14480	0.42757	0.22344	0.01707	0.00763	0.00232	0.00351	0.07344	0.00583	0.00520
6	0.00891	0.07376	0.05525	0.00787	0.01005	0.00757	0.00647	0.01088	0.01362	0.01763	0.20388	0.10666	0.31276	0.12588	0.01040	0.00256	0.00416	0.01095	0.00519	0.00555
7	0.08444	0.11995	0.07308	0.01469	0.10874	0.05553	0.03155	0.05542	0.07096	0.05784	0.12329	0.08456	0.04296	0.02810	0.00683	0.00198	0.02070	0.00715	0.00451	0.00770
8	0.01166	0.00679	0.00861	0.00880	0.01009	0.00645	0.00622	0.05079	0.01334	0.12474	0.02904	0.50828	0.03173	0.08032	0.00917	0.00257	0.00411	0.01351	0.06776	0.00601
9	0.01387	0.01031	0.01255	0.01286	0.07505	0.01100	0.00912	0.05591	0.25972	0.08555	0.06231	0.14892	0.08084	0.01106	0.00710	0.00212	0.03042	0.05585	0.04752	0.00791
10	0.04320	0.17257	0.04784	0.08166	0.10229	0.03657	0.17474	0.03657	0.09958	0.05253	0.01400	0.03777	0.01157	0.03909	0.00721	0.00203	0.02294	0.00595	0.00371	0.00815
11	0.01550	0.48639	0.08968	0.01129	0.01571	0.06552	0.01083	0.05152	0.01294	0.01569	0.01073	0.03324	0.01017	0.07264	0.00823	0.04253	0.03254	0.00454	0.00299	0.00732
12	0.01778	0.10052	0.13930	0.04586	0.17508	0.19362	0.04921	0.06422	0.03015	0.07680	0.02905	0.01460	0.01044	0.00619	0.00574	0.00175	0.00817	0.00499	0.00364	0.02289

[dist]
# distance from previous block
# <min> <max>
0	4

[block]
# block no. 4 follows, 37 sequences, length 25
# corresponding to MSA columns:
# 98-122
name=unknown_E
#
# <colnr> <probs for GDERKNQSTAVLIFYWHMCP>
#	G	D	E	R	K	N	Q	S	T	A	V	L	I	F	Y	W	H	M	C	P
0	0.03693	0.11180	0.14468	0.01307	0.04694	0.03666	0.01174	0.11569	0.10386	0.09304	0.08174	0.01945	0.04429	0.00725	0.00568	0.00172	0.00608	0.00575	0.00468	0.10894
1	0.00812	0.00656	0.00743	0.00728	0.00912	0.00603	0.00548	0.01081	0.04854	0.01875	0.22807	0.06862	0.44931	0.01737	0.07835	0.00278	0.00440	0.01168	0.00575	0.00556
2	0.11327	0.01245	0.01538	0.04086	0.08561	0.01264	0.01039	0.19425	0.04075	0.34032	0.04001	0.01829	0.01369	0.00722	0.00586	0.00187	0.00569	0.00575	0.02620	0.00951
3	0.01564	0.01464	0.02433	0.08387	0.59692	0.01494	0.05141	0.08544	0.01525	0.02144	0.01181	0.01525	0.00964	0.00566	0.00613	0.00185	0.00743	0.00554	0.00330	0.00950
4	0.01444	0.39220	0.04034	0.01140	0.03673	0.06512	0.00980	0.04605	0.04228	0.01680	0.01849	0.11624	0.08265	0.00959	0.02531	0.00190	0.02914	0.00661	0.02764	0.00728
5	0.02483	0.01050	0.01367	0.01069	0.01513	0.00944	0.00876	0.06673	0.04650	0.61292	0.02723	0.02417	0.08389	0.00834	0.00626	0.00191	0.00508	0.00679	0.00726	0.00989
6	0.01377	0.00789	0.00986	0.00917	0.01127	0.00779	0.00701	0.07126	0.04464	0.15828	0.13801	0.21984	0.02869	0.01510	0.07776	0.00275	0.00521	0.02696	0.13783	0.00692
7	0.01026	0.08140	0.01366	0.01283	0.08120	0.00919	0.05809	0.02973	0.03800	0.01690	0.02614	0.49360	0.02974	0.05927	0.00849	0.00245	0.00492	0.01307	0.00488	0.00615
8	0.01701	0.01047	0.01180	0.01003	0.01324	0.01075	0.00800	0.19261	0.11118	0.16518	0.04386	0.06273	0.11638	0.00954	0.00610	0.00189	0.00466	0.02840	0.16801	0.00816
9	0.00819	0.00567	0.00714	0.00806	0.00873	0.00523	0.00541	0.00923	0.01186	0.03703	0.03557	0.57281	0.13282	0.10918	0.01046	0.00282	0.00382	0.01545	0.00550	0.00501
10	0.00781	0.00622	0.00700	0.00680	0.00862	0.00541	0.00510	0.00990	0.01531	0.01975	0.33548	0.05362	0.46873	0.01430	0.00723	0.00201	0.00302	0.01218	0.00611	0.00541
11	0.02287	0.02917	0.01735	0.01577	0.01892	0.76030	0.01183	0.02444	0.01735	0.01498	0.00946	0.01104	0.00788	0.00631	0.00552	0.00158	0.01104	0.00394	0.00315	0.00710
12	0.00758	0.00609	0.00678	0.00705	0.00870	0.00530	0.00522	0.00926	0.01397	0.01745	0.14024	0.18910	0.49754	0.01587	0.00740	0.00216	0.00328	0.04598	0.00581	0.00523
13	0.01813	0.01389	0.01490	0.01248	0.01620	0.01556	0.00984	0.29457	0.37228	0.05485	0.02046	0.02129	0.01574	0.08126	0.00854	0.00234	0.00568	0.00654	0.00600	0.00942
14	0.12307	0.01202	0.01432	0.01117	0.01570	0.01182	0.00920	0.19375	0.01933	0.46295	0.04977	0.01908	0.01475	0.00750	0.00590	0.00188	0.00542	0.00586	0.00673	0.00976
15	0.01491	0.21692	0.29117	0.01403	0.01961	0.04774	0.01494	0.10262	0.03992	0.01961	0.01239	0.01637	0.01044	0.03909	0.03000	0.00224	0.06305	0.03338	0.00336	0.00822
16	0.01381	0.02776	0.55829	0.01723	0.02495	0.03936	0.06120	0.07244	0.06566	0.02097	0.01219	0.01392	0.00883	0.00623	0.00637	0.00196	0.03173	0.00493	0.00316	0.00901
17	0.03649	0.18358	0.14271	0.06866	0.08462	0.01580	0.01314	0.10118	0.11405	0.09991	0.01583	0.07074	0.01292	0.00735	0.00567	0.00184	0.00653	0.00592	0.00434	0.00872
18	0.61922	0.03137	0.01016	0.00864	0.01216	0.01289	0.00703	0.04662	0.01177	0.07157	0.01240	0.08410	0.01084	0.00845	0.02928	0.00219	0.00517	0.00502	0.00425	0.00686
19	0.02331	0.01259	0.01427	0.04691	0.01677	0.08120	0.00951	0.08359	0.07930	0.46268	0.02279	0.02103	0.04393	0.00774	0.00605	0.00187	0.00579	0.00618	0.04504	0.00943
20	0.01513	0.08869	0.07178	0.04230	0.05698	0.15721	0.01059	0.08899	0.06701	0.03761	0.05230	0.13462	0.08605	0.00949	0.00608	0.00187	0.00644	0.00775	0.05169	0.00741
21	0.01827	0.05792	0.10994	0.02841	0.10998	0.03175	0.01219	0.05163	0.02668	0.26778	0.03667	0.05578	0.04433	0.03923	0.00842	0.00212	0.07869	0.00657	0.00500	0.00864
22	0.00895	0.00592	0.00771	0.00836	0.00929	0.00546	0.00586	0.01045	0.01313	0.05976	0.15911	0.50534	0.08769	0.05170	0.00865	0.00249	0.00367	0.03517	0.00589	0.00540
23	0.01005	0.00728	0.00889	0.00896	0.01020	0.00728	0.00639	0.11057	0.01474	0.01985	0.13713	0.42868	0.06950	0.08812	0.04012	0.00291	0.00462	0.01333	0.00562	0.00577
24	0.01430	0.08656	0.16516	0.05231	0.13595	0.08920	0.02802	0.07337	0.03622	0.03367	0.04816	0.10070	0.07356	0.02807	0.00676	0.00200	0.00696	0.00719	0.00399	0.00787

[dist]
# distance from previous block
# <min> <max>
0	22

[block]
# block no. 5 follows, 37 sequences, length 32
# corresponding to MSA columns:
# 145-176
name=unknown_F
#
# <colnr> <probs for GDERKNQSTAVLIFYWHMCP>
#	G	D	E	R	K	N	Q	S	T	A	V	L	I	F	Y	W	H	M	C	P
0	0.13736	0.13170	0.05295	0.03243	0.05463	0.28226	0.01124	0.04375	0.01456	0.04982	0.01210	0.07312	0.01081	0.00729	0.00603	0.00176	0.04596	0.00518	0.00360	0.02346
1	0.00837	0.00664	0.00794	0.00841	0.00954	0.00655	0.00600	0.01092	0.07002	0.01684	0.06372	0.42124	0.24812	0.03947	0.00877	0.00242	0.03980	0.01419	0.00556	0.00548
2	0.00973	0.00706	0.00832	0.00807	0.00984	0.00670	0.00596	0.01342	0.09627	0.05605	0.28707	0.16841	0.24255	0.04270	0.00806	0.00223	0.00351	0.01186	0.00613	0.00606
3	0.06975	0.11974	0.08750	0.03835	0.10434	0.02795	0.09308	0.05463	0.01397	0.04812	0.03071	0.03290	0.08581	0.00798	0.01833	0.00192	0.04657	0.00609	0.04280	0.06947
4	0.01182	0.01080	0.01328	0.05009	0.06919	0.06905	0.06073	0.04941	0.09538	0.02017	0.15273	0.17122	0.15995	0.01182	0.00692	0.00207	0.00530	0.02806	0.00521	0.00680
5	0.03477	0.00780	0.00920	0.00862	0.01086	0.00750	0.00661	0.04290	0.05697	0.16780	0.05480	0.18213	0.13673	0.03790	0.00726	0.00215	0.00410	0.05459	0.16049	0.00679
6	0.00902	0.00640	0.00775	0.00793	0.00927	0.00600	0.00572	0.02695	0.01330	0.04556	0.12007	0.26122	0.25196	0.10502	0.06715	0.00321	0.00479	0.03781	0.00548	0.00538
7	0.09195	0.05981	0.05817	0.08887	0.26367	0.09199	0.01450	0.19655	0.01749	0.04302	0.01191	0.01398	0.00921	0.00616	0.00569	0.00180	0.00737	0.00497	0.00393	0.00896
8	0.04534	0.04078	0.02969	0.01228	0.01481	0.07645	0.10948	0.03007	0.01259	0.08359	0.01752	0.04723	0.03505	0.18808	0.11300	0.00390	0.06204	0.01972	0.05193	0.00645
9	0.01092	0.00753	0.00847	0.00773	0.01015	0.00687	0.00596	0.04664	0.05121	0.10025	0.20810	0.04791	0.43884	0.01322	0.00701	0.00201	0.00354	0.01112	0.00618	0.00635
10	0.00991	0.00733	0.00901	0.00941	0.01079	0.00743	0.00709	0.03947	0.11174	0.02000	0.14700	0.33892	0.05268	0.03090	0.00787	0.00239	0.00412	0.13737	0.04050	0.00607
11	0.01787	0.51009	0.06168	0.01356	0.05294	0.22188	0.01182	0.02005	0.01386	0.01507	0.00903	0.01056	0.00795	0.00556	0.00455	0.00144	0.00791	0.00362	0.00278	0.00780
12	0.01416	0.01750	0.20873	0.11541	0.21274	0.01264	0.01576	0.05194	0.01398	0.04846	0.01177	0.01427	0.00908	0.00556	0.00560	0.00164	0.00701	0.00475	0.00336	0.22565
13	0.04910	0.09111	0.10774	0.01762	0.05598	0.33391	0.13591	0.03848	0.05299	0.01818	0.01181	0.01489	0.00968	0.00637	0.00582	0.00178	0.00926	0.02815	0.00336	0.00786
14	0.02056	0.01525	0.01659	0.01489	0.08685	0.06048	0.01087	0.44677	0.02288	0.08164	0.01557	0.01769	0.01193	0.06901	0.00791	0.00211	0.00653	0.00574	0.07754	0.00919
15	0.03264	0.09103	0.10134	0.01857	0.19803	0.01330	0.05474	0.06433	0.04895	0.02092	0.07755	0.03776	0.05441	0.00870	0.02326	0.00203	0.02371	0.03923	0.03561	0.05390
16	0.00838	0.03934	0.02456	0.00898	0.00998	0.00701	0.00665	0.00978	0.01217	0.01614	0.06808	0.54765	0.12970	0.01691	0.00838	0.00236	0.05844	0.01479	0.00533	0.00536
17	0.02682	0.01146	0.01485	0.01138	0.01615	0.01054	0.00940	0.13755	0.01926	0.64075	0.02269	0.01989	0.01442	0.00754	0.00615	0.00189	0.00544	0.00606	0.00735	0.01042
18	0.01604	0.72829	0.08949	0.01103	0.01657	0.02342	0.01144	0.01841	0.01248	0.01480	0.00871	0.01007	0.00785	0.00528	0.00408	0.00136	0.00675	0.00337	0.00262	0.00795
19	0.01597	0.01128	0.04052	0.04646	0.01595	0.01017	0.00930	0.04471	0.01371	0.19329	0.03206	0.01836	0.01283	0.05850	0.06875	0.00251	0.09092	0.00535	0.00453	0.30482
20	0.01766	0.00924	0.01082	0.00928	0.01180	0.03568	0.00713	0.09810	0.01521	0.24591	0.04304	0.04360	0.01599	0.04084	0.01043	0.17204	0.00497	0.00632	0.19495	0.00701
21	0.01443	0.00913	0.00967	0.00858	0.01094	0.00970	0.00667	0.20838	0.05106	0.02654	0.02011	0.09480	0.01682	0.00842	0.00522	0.00167	0.00407	0.00685	0.47983	0.00710
22	0.01232	0.01021	0.01248	0.01435	0.08415	0.06855	0.01100	0.06271	0.01533	0.01959	0.02737	0.05555	0.02891	0.01431	0.00783	0.00256	0.00630	0.53477	0.00522	0.00647
23	0.00899	0.00657	0.00759	0.00726	0.00918	0.00583	0.00547	0.01147	0.03281	0.05590	0.32673	0.07803	0.39404	0.01390	0.00717	0.00202	0.00318	0.01188	0.00621	0.00577
24	0.00746	0.00533	0.00710	0.00852	0.00888	0.00497	0.00568	0.00852	0.01172	0.01563	0.03374	0.78088	0.04049	0.01918	0.00781	0.00249	0.00355	0.01740	0.00568	0.00497
25	0.02262	0.01508	0.01652	0.01280	0.01732	0.01629	0.01053	0.56062	0.02565	0.13201	0.01650	0.01635	0.01158	0.00736	0.00594	0.00180	0.00614	0.00562	0.08935	0.00993
26	0.02287	0.02917	0.01735	0.01577	0.01892	0.76030	0.01183	0.02444	0.01735	0.01498	0.00946	0.01104	0.00788	0.00631	0.00552	0.00158	0.01104	0.00394	0.00315	0.00710
27	0.00793	0.00604	0.00739	0.00810	0.00937	0.00550	0.00607	0.00968	0.01353	0.01737	0.11872	0.31905	0.29236	0.01676	0.00766	0.00234	0.00369	0.13742	0.00579	0.00524
28	0.01639	0.01373	0.01450	0.01269	0.01636	0.01577	0.00997	0.13331	0.63295	0.02749	0.02343	0.02166	0.01748	0.00817	0.00621	0.00204	0.00512	0.00672	0.00621	0.00979
29	0.01208	0.01143	0.01902	0.65486	0.05819	0.01384	0.05033	0.01726	0.06999	0.01674	0.01209	0.01682	0.00909	0.00623	0.00618	0.00204	0.00798	0.00564	0.00303	0.00718
30	0.01391	0.03920	0.03114	0.01098	0.01494	0.00991	0.07569	0.09252	0.01490	0.06062	0.08742	0.06763	0.01708	0.00842	0.00705	0.06683	0.00522	0.00627	0.07784	0.29243
31	0.01450	0.11141	0.40069	0.03070	0.04979	0.04039	0.03918	0.09444	0.01447	0.03224	0.01209	0.03445	0.00975	0.03696	0.00755	0.00206	0.05237	0.00519	0.00324	0.00852

[dist]
# distance from previous block
# <min> <max>
1	5

[block]
# block no. 6 follows, 37 sequences, length 8
# corresponding to MSA columns:
# 182-189
name=unknown_G
#
# <colnr> <probs for GDERKNQSTAVLIFYWHMCP>
#	G	D	E	R	K	N	Q	S	T	A	V	L	I	F	Y	W	H	M	C	P
0	0.01340	0.17543	0.29484	0.01690	0.11779	0.01528	0.01561	0.04684	0.01343	0.01884	0.05411	0.04546	0.01286	0.00943	0.05474	0.00233	0.05159	0.00547	0.00324	0.03239
1	0.06602	0.05064	0.07970	0.24245	0.14568	0.04810	0.06217	0.01792	0.02982	0.05911	0.07152	0.01951	0.04721	0.00705	0.00639	0.00193	0.02735	0.00604	0.00367	0.00772
2	0.00898	0.00665	0.00769	0.00748	0.00920	0.00625	0.00566	0.01226	0.06129	0.02109	0.33959	0.04719	0.26883	0.03953	0.00775	0.00212	0.00333	0.04865	0.09072	0.00574
3	0.05745	0.00764	0.00854	0.00832	0.01019	0.00745	0.00613	0.07659	0.03985	0.04665	0.10827	0.27616	0.25789	0.05045	0.00816	0.00233	0.00392	0.01228	0.00571	0.00601
4	0.01618	0.24158	0.09119	0.05856	0.07260	0.13243	0.03278	0.05892	0.04465	0.04374	0.03149	0.03669	0.05408	0.00731	0.00636	0.00176	0.05265	0.00551	0.00363	0.00790
5	0.01092	0.01099	0.10157	0.03245	0.01445	0.00887	0.04645	0.03955	0.09406	0.03455	0.07360	0.23917	0.12417	0.01235	0.00679	0.00213	0.00495	0.05076	0.08551	0.00670
6	0.00867	0.00734	0.04609	0.00845	0.00995	0.00596	0.00656	0.01031	0.01263	0.03771	0.05897	0.34788	0.22696	0.10473	0.01023	0.00274	0.00422	0.07989	0.00538	0.00534
7	0.01157	0.06728	0.27178	0.01340	0.05160	0.06386	0.02797	0.01529	0.01337	0.01793	0.05454	0.13973	0.14608	0.02847	0.00685	0.00204	0.00643	0.00838	0.04631	0.00710

[dist]
# distance from previous block
# <min> <max>
1	15

[block]
# block no. 7 follows, 37 sequences, length 11
# corresponding to MSA columns:
# 206-216
name=unknown_H
#
# <colnr> <probs for GDERKNQSTAVLIFYWHMCP>
#	G	D	E	R	K	N	Q	S	T	A	V	L	I	F	Y	W	H	M	C	P
0	0.06991	0.05056	0.01742	0.01336	0.01715	0.01506	0.08072	0.22719	0.16116	0.08904	0.04021	0.06630	0.04841	0.00863	0.00725	0.00201	0.06460	0.00698	0.00536	0.00870
1	0.00868	0.00565	0.00738	0.00806	0.00848	0.00542	0.00545	0.00881	0.01062	0.01396	0.02740	0.33846	0.08407	0.17013	0.01632	0.20137	0.00458	0.06639	0.00456	0.00423
2	0.04865	0.21452	0.16008	0.01285	0.01791	0.09089	0.01237	0.13504	0.06359	0.02122	0.01315	0.06682	0.01134	0.00709	0.00573	0.00170	0.02815	0.00527	0.00383	0.07980
3	0.03410	0.15678	0.07132	0.10679	0.20140	0.01467	0.06235	0.06322	0.01452	0.06482	0.06128	0.09247	0.01549	0.00757	0.00594	0.00186	0.00670	0.00665	0.00389	0.00817
4	0.00959	0.00614	0.00783	0.00840	0.00963	0.00556	0.00602	0.01107	0.01318	0.08950	0.08108	0.48839	0.17363	0.01681	0.00753	0.00233	0.00369	0.04806	0.00593	0.00563
5	0.01018	0.00702	0.00857	0.00845	0.01009	0.00670	0.00635	0.01342	0.07381	0.06799	0.25844	0.15109	0.16833	0.09054	0.00967	0.00254	0.00395	0.09089	0.00598	0.00596
6	0.09455	0.03658	0.09054	0.03808	0.13672	0.19976	0.01308	0.07544	0.09591	0.11699	0.01387	0.01485	0.01040	0.00663	0.00610	0.00184	0.03080	0.00499	0.00424	0.00864
7	0.02115	0.00926	0.01198	0.00966	0.01336	0.00827	0.00781	0.05171	0.01722	0.48068	0.13790	0.02821	0.09085	0.00904	0.00627	0.00187	0.00452	0.00749	0.07394	0.00882
8	0.00868	0.00596	0.00688	0.00690	0.00725	0.00581	0.00417	0.00924	0.01057	0.01415	0.12371	0.08525	0.07486	0.58304	0.02492	0.00493	0.00519	0.00996	0.00437	0.00416
9	0.01695	0.01272	0.01444	0.01236	0.01562	0.01441	0.00985	0.13540	0.39347	0.10847	0.10110	0.02295	0.02027	0.00878	0.00769	0.00206	0.08132	0.00692	0.00607	0.00915
10	0.01756	0.09681	0.02046	0.08256	0.23524	0.14581	0.03301	0.05819	0.09066	0.09170	0.01526	0.01731	0.03126	0.03013	0.00660	0.00191	0.00737	0.00555	0.00402	0.00857

[dist]
# distance from previous block
# <min> <max>
9	11

[block]
# block no. 8 follows, 37 sequences, length 15
# corresponding to MSA columns:
# 229-243
name=unknown_I
#
# <colnr> <probs for GDERKNQSTAVLIFYWHMCP>
#	G	D	E	R	K	N	Q	S	T	A	V	L	I	F	Y	W	H	M	C	P
0	0.01579	0.16411	0.14406	0.01591	0.01949	0.17182	0.06624	0.01854	0.01255	0.01585	0.00923	0.01239	0.00802	0.00757	0.01076	0.00203	0.29068	0.00468	0.00278	0.00750
1	0.00941	0.00756	0.01173	0.01097	0.01220	0.00879	0.04685	0.01156	0.01000	0.01440	0.01574	0.02382	0.01486	0.08567	0.62128	0.00865	0.07101	0.00665	0.00325	0.00560
2	0.00753	0.00538	0.00717	0.00847	0.00889	0.00502	0.00569	0.00871	0.01206	0.01617	0.07734	0.73572	0.04155	0.01877	0.00778	0.00245	0.00351	0.01701	0.00575	0.00502
3	0.34334	0.01083	0.01164	0.00948	0.01360	0.01092	0.00779	0.04400	0.01469	0.39044	0.01738	0.01649	0.01168	0.00679	0.00508	0.00186	0.00489	0.00498	0.06557	0.00857
4	0.01416	0.01180	0.01720	0.01287	0.01773	0.01024	0.15062	0.03904	0.05813	0.07103	0.01475	0.01938	0.01236	0.05178	0.00711	0.00171	0.00596	0.04329	0.00414	0.43668
5	0.00944	0.00635	0.00807	0.00816	0.00956	0.00583	0.00607	0.01149	0.01469	0.06366	0.31524	0.21879	0.15223	0.06013	0.00883	0.00240	0.00368	0.08366	0.00609	0.00564
6	0.00853	0.00581	0.00688	0.00720	0.00738	0.00569	0.00433	0.00898	0.01015	0.01363	0.07047	0.22345	0.02909	0.54493	0.02382	0.00482	0.00515	0.01114	0.00440	0.00416
7	0.18040	0.01314	0.01340	0.01099	0.01469	0.01448	0.00889	0.40294	0.02095	0.03170	0.01603	0.08311	0.01320	0.00803	0.00550	0.00184	0.00541	0.00616	0.14074	0.00839
8	0.02287	0.02917	0.01735	0.01577	0.01892	0.76030	0.01183	0.02444	0.01735	0.01498	0.00946	0.01104	0.00788	0.00631	0.00552	0.00158	0.01104	0.00394	0.00315	0.00710
9	0.00769	0.00553	0.00727	0.00852	0.00905	0.00517	0.00586	0.00892	0.01207	0.01602	0.05695	0.65734	0.07153	0.04067	0.00848	0.00257	0.00372	0.06199	0.00566	0.00501
10	0.02116	0.01505	0.01636	0.01308	0.01748	0.01658	0.01063	0.44579	0.22152	0.10644	0.01860	0.01778	0.01331	0.00763	0.00611	0.00190	0.00596	0.00597	0.02858	0.01008
11	0.01413	0.01556	0.03335	0.05412	0.03072	0.01474	0.64754	0.01909	0.01425	0.01967	0.01284	0.01693	0.00968	0.00533	0.00698	0.00202	0.00973	0.00705	0.05826	0.00803
12	0.01829	0.01328	0.01433	0.01168	0.01533	0.01443	0.00939	0.45623	0.06675	0.03190	0.05887	0.08261	0.05971	0.00909	0.00616	0.00187	0.00546	0.00732	0.10854	0.00878
13	0.05483	0.01318	0.02991	0.03256	0.09485	0.05632	0.08576	0.09765	0.05453	0.04902	0.06365	0.08868	0.08908	0.00902	0.00760	0.00195	0.07936	0.00751	0.00451	0.08004
14	0.03615	0.10464	0.17641	0.29126	0.04281	0.02987	0.01563	0.07307	0.08297	0.04262	0.01250	0.01509	0.00942	0.00645	0.00627	0.00193	0.03624	0.00508	0.00347	0.00812

[dist]
# distance from previous block
# <min> <max>
0	1

[block]
# block no. 9 follows, 37 sequences, length 7
# corresponding to MSA columns:
# 245-251
name=unknown_J
#
# <colnr> <probs for GDERKNQSTAVLIFYWHMCP>
#	G	D	E	R	K	N	Q	S	T	A	V	L	I	F	Y	W	H	M	C	P
0	0.07081	0.01159	0.01969	0.63096	0.03882	0.01382	0.09628	0.01626	0.01236	0.01694	0.01088	0.01588	0.00818	0.00598	0.00608	0.00203	0.00816	0.00549	0.00284	0.00695
1	0.01465	0.08579	0.19014	0.14944	0.15330	0.11272	0.01587	0.05255	0.01443	0.01876	0.01357	0.02019	0.01172	0.00720	0.00597	0.00191	0.00791	0.08422	0.03170	0.00798
2	0.00909	0.04454	0.01022	0.03846	0.01119	0.00738	0.03567	0.01031	0.01150	0.01494	0.05685	0.15384	0.20146	0.15174	0.13269	0.08399	0.00664	0.01012	0.00434	0.00503
3	0.00870	0.00593	0.00717	0.00774	0.00883	0.00543	0.00546	0.01017	0.01276	0.04254	0.08149	0.38360	0.20805	0.08039	0.00928	0.00255	0.00369	0.04329	0.06767	0.00524
4	0.04846	0.00697	0.00806	0.00834	0.00982	0.00704	0.00623	0.01430	0.08174	0.04875	0.06048	0.26685	0.04892	0.04620	0.00749	0.00226	0.00391	0.09126	0.22695	0.00598
5	0.05354	0.32077	0.15105	0.03397	0.01951	0.07465	0.06133	0.08132	0.04432	0.01896	0.01153	0.04232	0.00985	0.00659	0.00591	0.00173	0.04637	0.00488	0.00332	0.00808
6	0.01674	0.04643	0.10479	0.11221	0.10697	0.04670	0.06872	0.12896	0.01584	0.09688	0.01264	0.01479	0.00954	0.00644	0.00708	0.00181	0.07549	0.00516	0.00393	0.11889

[dist]
# distance from previous block
# <min> <max>
0	5

[block]
# block no. 10 follows, 37 sequences, length 11
# corresponding to MSA columns:
# 257-267
name=unknown_K
#
# <colnr> <probs for GDERKNQSTAVLIFYWHMCP>
#	G	D	E	R	K	N	Q	S	T	A	V	L	I	F	Y	W	H	M	C	P
0	0.00761	0.00569	0.00683	0.00759	0.00846	0.00517	0.00516	0.00877	0.01229	0.01583	0.06952	0.45270	0.24712	0.10532	0.01029	0.00273	0.00366	0.01485	0.00550	0.00492
1	0.01366	0.06338	0.13443	0.03746	0.06822	0.01426	0.31387	0.05684	0.01440	0.01992	0.01761	0.02021	0.08772	0.00693	0.00705	0.00195	0.04451	0.00674	0.06288	0.00793
2	0.01410	0.07676	0.02182	0.38969	0.29094	0.01521	0.01671	0.06880	0.01407	0.01877	0.01119	0.01525	0.00885	0.00590	0.00592	0.00189	0.00760	0.00527	0.00307	0.00819
3	0.00751	0.00558	0.00700	0.00797	0.00877	0.00508	0.00548	0.00882	0.01264	0.01654	0.09726	0.57099	0.18827	0.01787	0.00764	0.00235	0.00340	0.01596	0.00577	0.00508
4	0.00830	0.00614	0.00766	0.00850	0.00926	0.00597	0.00580	0.01079	0.07172	0.01688	0.08940	0.55951	0.07569	0.08227	0.00958	0.00268	0.00378	0.01508	0.00564	0.00533
5	0.01455	0.01198	0.01369	0.00995	0.01529	0.01006	0.00802	0.14027	0.01552	0.02322	0.01155	0.01305	0.00930	0.00503	0.00481	0.00107	0.00492	0.00396	0.00407	0.67970
6	0.00928	0.00655	0.00752	0.00755	0.00803	0.00666	0.00470	0.01127	0.07769	0.01468	0.08057	0.13814	0.02725	0.54721	0.02376	0.00479	0.00527	0.01003	0.00445	0.00460
7	0.01189	0.00802	0.00929	0.00893	0.01100	0.00800	0.00673	0.04109	0.14877	0.08829	0.11417	0.22753	0.16067	0.01290	0.00678	0.00209	0.00388	0.03048	0.09271	0.00677
8	0.01579	0.02108	0.19584	0.01560	0.02001	0.17406	0.07133	0.08566	0.09975	0.01995	0.01703	0.01850	0.07811	0.00799	0.00837	0.00201	0.13117	0.00591	0.00381	0.00803
9	0.01222	0.01094	0.01422	0.01243	0.01400	0.06553	0.07513	0.07091	0.01220	0.01645	0.01562	0.06929	0.01553	0.17907	0.25480	0.00541	0.13929	0.00728	0.00362	0.00607
10	0.21663	0.06149	0.23190	0.03174	0.13110	0.01465	0.05479	0.07987	0.01411	0.06311	0.01144	0.01320	0.00856	0.00584	0.00533	0.00183	0.00705	0.00461	0.00360	0.03916

[dist]
# distance from previous block
# <min> <max>
2	3

[block]
# block no. 11 follows, 37 sequences, length 17
# corresponding to MSA columns:
# 271-287
name=unknown_L
#
# <colnr> <probs for GDERKNQSTAVLIFYWHMCP>
#	G	D	E	R	K	N	Q	S	T	A	V	L	I	F	Y	W	H	M	C	P
0	0.00874	0.00720	0.00787	0.00768	0.00929	0.04031	0.00569	0.01096	0.01569	0.02067	0.42214	0.12274	0.27087	0.01385	0.00721	0.00201	0.00340	0.01197	0.00613	0.00556
1	0.01194	0.01406	0.11910	0.56342	0.03766	0.01357	0.08891	0.01650	0.01258	0.01683	0.01140	0.01613	0.00851	0.00602	0.00612	0.00200	0.00829	0.00551	0.03425	0.00721
2	0.01215	0.01149	0.01943	0.64879	0.15888	0.01376	0.01730	0.01616	0.01252	0.01636	0.01098	0.01613	0.00841	0.00601	0.00611	0.00200	0.00801	0.00544	0.00277	0.00728
3	0.50926	0.01185	0.01106	0.12648	0.01675	0.03895	0.00855	0.06467	0.01240	0.02502	0.01076	0.01307	0.00838	0.00740	0.03022	0.00213	0.00582	0.00417	0.08628	0.00679
4	0.82811	0.01184	0.00900	0.00805	0.01184	0.01373	0.00663	0.01799	0.01042	0.02746	0.00852	0.00994	0.00663	0.00568	0.00379	0.00189	0.00474	0.00331	0.00379	0.00663
5	0.01169	0.00758	0.00863	0.00785	0.01040	0.00687	0.00606	0.01509	0.08284	0.14394	0.17375	0.04669	0.42940	0.01294	0.00695	0.00201	0.00359	0.01087	0.00625	0.00659
6	0.01160	0.00736	0.00887	0.00804	0.01034	0.00673	0.00619	0.01496	0.06535	0.13574	0.36265	0.04451	0.26915	0.01241	0.00699	0.00198	0.00345	0.01061	0.00650	0.00657
7	0.58679	0.01300	0.01155	0.00966	0.01377	0.01467	0.00796	0.18631	0.01521	0.07610	0.01098	0.01176	0.00807	0.00620	0.00449	0.00188	0.00524	0.00401	0.00458	0.00776
8	0.01389	0.00950	0.01094	0.01015	0.01287	0.00983	0.00795	0.02179	0.29051	0.13398	0.07888	0.11275	0.14830	0.01165	0.00679	0.00214	0.00438	0.07988	0.02605	0.00779
9	0.00773	0.00573	0.00721	0.00787	0.00883	0.00522	0.00551	0.00935	0.01358	0.01810	0.22194	0.45558	0.17736	0.01677	0.00755	0.00226	0.00330	0.01493	0.00595	0.00522
10	0.01260	0.01155	0.01898	0.22880	0.34852	0.01269	0.01508	0.01571	0.01222	0.01700	0.01260	0.01892	0.01115	0.08142	0.12007	0.00347	0.04265	0.00592	0.00303	0.00762
11	0.02287	0.02917	0.01735	0.01577	0.01892	0.76030	0.01183	0.02444	0.01735	0.01498	0.00946	0.01104	0.00788	0.00631	0.00552	0.00158	0.01104	0.00394	0.00315	0.00710
12	0.01018	0.00587	0.00625	0.00637	0.00784	0.00563	0.00480	0.01269	0.01334	0.02121	0.08175	0.08075	0.14550	0.01017	0.00542	0.00170	0.00307	0.04035	0.53154	0.00557
13	0.01282	0.00769	0.00854	0.00821	0.01013	0.00792	0.00635	0.08053	0.07896	0.05526	0.02325	0.13777	0.02085	0.00992	0.00560	0.00182	0.00384	0.07002	0.44392	0.00658
14	0.00877	0.00588	0.00671	0.00684	0.00687	0.00585	0.00389	0.00887	0.00915	0.01220	0.02058	0.10621	0.02388	0.71651	0.02907	0.00563	0.00572	0.00966	0.00389	0.00382
15	0.03987	0.63432	0.07989	0.01109	0.01637	0.02230	0.01113	0.01983	0.08565	0.01627	0.01034	0.01136	0.00891	0.00560	0.00429	0.00145	0.00650	0.00373	0.00302	0.00809
16	0.01513	0.01304	0.05069	0.01161	0.01553	0.01276	0.00970	0.16119	0.25979	0.04325	0.10337	0.02524	0.05573	0.00862	0.00646	0.00185	0.02150	0.03731	0.00556	0.14167

[dist]
# distance from previous block
# <min> <max>
0	24

[block]
# block no. 12 follows, 37 sequences, length 92
# corresponding to MSA columns:
# 312-389,391-404
name=unknown_M
#
# <colnr> <probs for GDERKNQSTAVLIFYWHMCP>
#	G	D	E	R	K	N	Q	S	T	A	V	L	I	F	Y	W	H	M	C	P
0	0.01452	0.15386	0.32203	0.01556	0.04876	0.04248	0.05469	0.10867	0.03121	0.02147	0.09437	0.03727	0.01501	0.00704	0.00583	0.00182	0.00747	0.00573	0.00374	0.00846
1	0.01344	0.01367	0.03265	0.05091	0.04036	0.18906	0.00962	0.04261	0.01367	0.01728	0.08743	0.05948	0.01813	0.05972	0.23841	0.00449	0.04163	0.00674	0.05435	0.00634
2	0.01339	0.01339	0.01875	0.01607	0.01607	0.01875	0.01339	0.01473	0.00937	0.01473	0.00804	0.01339	0.00804	0.01071	0.02009	0.00268	0.77367	0.00536	0.00268	0.00670
3	0.01390	0.23333	0.33219	0.01616	0.08216	0.03240	0.02964	0.05135	0.01369	0.01850	0.01343	0.08478	0.01216	0.00735	0.00564	0.00183	0.00754	0.03247	0.00322	0.00828
4	0.01007	0.00618	0.00804	0.00779	0.00857	0.00594	0.00530	0.00975	0.03762	0.01340	0.05160	0.04442	0.11105	0.13036	0.01995	0.46418	0.00491	0.00731	0.00364	0.04992
5	0.00741	0.00550	0.00693	0.00807	0.00876	0.00501	0.00548	0.00857	0.01216	0.01580	0.03927	0.63957	0.17823	0.01846	0.00770	0.00240	0.00346	0.01652	0.00568	0.00501
6	0.00765	0.00545	0.00721	0.00849	0.00890	0.00512	0.00573	0.00879	0.01186	0.01585	0.05823	0.69460	0.04002	0.05675	0.00897	0.00265	0.00371	0.03945	0.00562	0.00496
7	0.14254	0.01873	0.04503	0.05293	0.01940	0.15019	0.01162	0.43080	0.02252	0.03077	0.01250	0.01335	0.00917	0.00679	0.00565	0.00181	0.00737	0.00486	0.00493	0.00901
8	0.05306	0.05554	0.23787	0.01322	0.03526	0.06979	0.01301	0.08155	0.01469	0.04917	0.01282	0.01416	0.02845	0.00583	0.00524	0.00151	0.00674	0.00445	0.00365	0.29402
9	0.04978	0.26521	0.23520	0.01498	0.07456	0.01632	0.04500	0.01840	0.01280	0.03704	0.01045	0.01230	0.00839	0.00549	0.00529	0.00156	0.02352	0.00416	0.00302	0.15652
10	0.00980	0.09714	0.01077	0.00805	0.00971	0.00819	0.00612	0.02811	0.01483	0.02016	0.40349	0.09231	0.08221	0.15201	0.01122	0.00265	0.00408	0.02796	0.00554	0.00566
11	0.04461	0.58225	0.09112	0.01165	0.01699	0.07432	0.01157	0.07529	0.01406	0.01724	0.00928	0.01056	0.00801	0.00555	0.00437	0.00144	0.00703	0.00361	0.00297	0.00807
12	0.00756	0.00605	0.00676	0.00693	0.00855	0.00525	0.00506	0.00928	0.01420	0.01795	0.19096	0.18984	0.47889	0.01559	0.00734	0.00212	0.00314	0.01338	0.00589	0.00525
13	0.00750	0.00536	0.00714	0.00850	0.00889	0.00500	0.00569	0.00862	0.01190	0.01592	0.05714	0.75664	0.04106	0.01896	0.00779	0.00247	0.00353	0.01719	0.00572	0.00500
14	0.01420	0.01207	0.01317	0.01063	0.01478	0.03125	0.00840	0.07612	0.23703	0.02338	0.08012	0.01911	0.01653	0.00687	0.00578	0.00150	0.02157	0.00554	0.02546	0.37648
15	0.01237	0.00861	0.01228	0.07865	0.05165	0.00960	0.00910	0.03570	0.01236	0.09923	0.08895	0.02538	0.01866	0.11778	0.29662	0.00547	0.08068	0.00693	0.02354	0.00644
16	0.00745	0.00562	0.00690	0.00781	0.00872	0.00507	0.00539	0.00875	0.01264	0.01633	0.07684	0.53651	0.24424	0.01779	0.00762	0.00234	0.00339	0.01580	0.00573	0.00507
17	0.00746	0.00533	0.00710	0.00852	0.00888	0.00497	0.00568	0.00852	0.01172	0.01563	0.03374	0.78088	0.04049	0.01918	0.00781	0.00249	0.00355	0.01740	0.00568	0.00497
18	0.03735	0.00801	0.01050	0.02661	0.01215	0.03768	0.05359	0.03675	0.01228	0.01668	0.02600	0.47818	0.02952	0.06371	0.11744	0.00362	0.00654	0.01298	0.00484	0.00557
19	0.01329	0.01123	0.01301	0.00935	0.01476	0.00877	0.00750	0.05559	0.01360	0.02100	0.01110	0.01281	0.00914	0.00469	0.00462	0.00096	0.00466	0.00373	0.00377	0.77640
20	0.00748	0.00539	0.00709	0.00841	0.00886	0.00500	0.00564	0.00861	0.01195	0.01589	0.05316	0.73271	0.06943	0.01886	0.00777	0.00245	0.00352	0.01706	0.00571	0.00500
21	0.02176	0.00910	0.01217	0.01024	0.01386	0.00815	0.00851	0.02428	0.01619	0.50505	0.02520	0.03062	0.01919	0.00936	0.00635	0.00201	0.00497	0.14405	0.12013	0.00882
22	0.78674	0.05142	0.01017	0.00817	0.01204	0.01427	0.00683	0.01801	0.01052	0.02680	0.00852	0.00994	0.00669	0.00566	0.00380	0.00186	0.00483	0.00331	0.00373	0.00669
23	0.08435	0.01415	0.01355	0.01039	0.01531	0.11820	0.00825	0.07933	0.01458	0.02150	0.01081	0.01240	0.00881	0.00513	0.00475	0.00117	0.00568	0.00381	0.00379	0.56403
24	0.01305	0.03058	0.71550	0.01711	0.02594	0.01395	0.02192	0.01992	0.01316	0.05667	0.01166	0.01333	0.00813	0.00591	0.00583	0.00194	0.00885	0.00461	0.00284	0.00912
25	0.01293	0.14199	0.62847	0.01665	0.02506	0.01571	0.03962	0.01924	0.01289	0.01866	0.01066	0.01257	0.00781	0.00571	0.00558	0.00185	0.00871	0.00441	0.00260	0.00885
26	0.00877	0.00604	0.00744	0.00754	0.00782	0.00627	0.00476	0.00935	0.00931	0.01267	0.01962	0.08766	0.02190	0.56023	0.19893	0.00660	0.00820	0.00895	0.00375	0.00420
27	0.01617	0.46153	0.06808	0.01125	0.01652	0.03573	0.01071	0.08336	0.07259	0.01876	0.01097	0.01202	0.00917	0.00561	0.00456	0.00139	0.00633	0.00392	0.00341	0.14794
28	0.01522	0.57673	0.23388	0.01243	0.01873	0.02142	0.01387	0.01862	0.01257	0.01580	0.00920	0.01069	0.00783	0.00540	0.00446	0.00149	0.00725	0.00362	0.00261	0.00819
29	0.01336	0.14734	0.59877	0.01614	0.02432	0.01595	0.02005	0.04425	0.03060	0.01944	0.01106	0.01274	0.00812	0.00584	0.00555	0.00184	0.00848	0.00442	0.00280	0.00893
30	0.01374	0.32194	0.34001	0.01333	0.01978	0.01746	0.01517	0.01937	0.08262	0.01781	0.01557	0.01646	0.06949	0.00663	0.00524	0.00172	0.00718	0.00496	0.00320	0.00833
31	0.01856	0.02201	0.01486	0.01402	0.01660	0.51925	0.01081	0.02049	0.01618	0.01610	0.05582	0.02498	0.01645	0.01158	0.06160	0.00244	0.00994	0.13787	0.00384	0.00662
32	0.01517	0.40636	0.33599	0.01381	0.02054	0.05970	0.01572	0.03823	0.01335	0.01719	0.00978	0.01133	0.00788	0.00560	0.00487	0.00160	0.00785	0.00390	0.00273	0.00839
33	0.01485	0.01389	0.02292	0.03221	0.58503	0.01389	0.04247	0.04715	0.03893	0.02066	0.01375	0.05497	0.01218	0.00656	0.00620	0.00186	0.00695	0.02379	0.00349	0.03824
34	0.00776	0.00552	0.00734	0.00869	0.00913	0.00522	0.00598	0.00894	0.01180	0.01569	0.03288	0.67552	0.03906	0.05798	0.00906	0.00269	0.00387	0.08231	0.00558	0.00497
35	0.01269	0.01088	0.01269	0.00907	0.01451	0.00816	0.00725	0.01541	0.01269	0.01995	0.01088	0.01269	0.00907	0.00453	0.00453	0.00091	0.00453	0.00363	0.00363	0.82229
36	0.00812	0.00639	0.00748	0.00763	0.00928	0.00571	0.00564	0.01025	0.02918	0.01818	0.17670	0.23431	0.34513	0.01591	0.02245	0.00229	0.00366	0.04485	0.00575	0.04110
37	0.01498	0.16214	0.44281	0.01514	0.02212	0.05835	0.01742	0.02139	0.08363	0.07012	0.01267	0.01380	0.00937	0.00622	0.00585	0.00183	0.02536	0.00464	0.00333	0.00883
38	0.00746	0.00533	0.00710	0.00852	0.00888	0.00497	0.00568	0.00852	0.01172	0.01563	0.03374	0.78088	0.04049	0.01918	0.00781	0.00249	0.00355	0.01740	0.00568	0.00497
39	0.01445	0.01651	0.03612	0.02580	0.03199	0.01548	0.72446	0.01961	0.01445	0.01961	0.01238	0.01651	0.00929	0.00516	0.00722	0.00206	0.01032	0.00722	0.00310	0.00826
40	0.00882	0.00644	0.00933	0.00933	0.01024	0.00734	0.00702	0.01056	0.00965	0.01378	0.01665	0.02620	0.01617	0.15116	0.63616	0.03122	0.01460	0.00686	0.00332	0.00514
41	0.00746	0.00533	0.00710	0.00852	0.00888	0.00497	0.00568	0.00852	0.01172	0.01563	0.03374	0.78088	0.04049	0.01918	0.00781	0.00249	0.00355	0.01740	0.00568	0.00497
42	0.16602	0.05210	0.04997	0.00967	0.01494	0.01099	0.00833	0.05991	0.01325	0.02219	0.01056	0.01217	0.00857	0.00502	0.00452	0.00122	0.00503	0.00371	0.00371	0.53812
43	0.01378	0.11506	0.41208	0.01812	0.12838	0.01475	0.01773	0.05283	0.01375	0.01990	0.01093	0.01293	0.00838	0.00557	0.00545	0.00168	0.00769	0.00442	0.00298	0.13358
44	0.05737	0.26769	0.15983	0.01277	0.01799	0.03743	0.01246	0.08581	0.24748	0.02178	0.01485	0.01508	0.01150	0.00657	0.00526	0.00176	0.00651	0.00490	0.00416	0.00882
45	0.01515	0.01454	0.02485	0.03757	0.74669	0.01454	0.01879	0.01879	0.01394	0.02000	0.01151	0.01515	0.00970	0.00545	0.00606	0.00182	0.00727	0.00545	0.00303	0.00970
46	0.01361	0.01648	0.17160	0.12620	0.10337	0.01418	0.02974	0.03725	0.28872	0.02150	0.03943	0.05216	0.01523	0.00775	0.00673	0.00204	0.03438	0.00654	0.00439	0.00869
47	0.01156	0.01088	0.01836	0.77016	0.04216	0.01360	0.01700	0.01564	0.01224	0.01564	0.01088	0.01632	0.00816	0.00612	0.00612	0.00204	0.00816	0.00544	0.00272	0.00680
48	0.01271	0.11220	0.67643	0.01670	0.02535	0.01528	0.02132	0.01927	0.01287	0.01886	0.01072	0.01259	0.00776	0.00575	0.00561	0.00187	0.00878	0.00439	0.00259	0.00892
49	0.01541	0.05198	0.17714	0.05436	0.02062	0.01279	0.06558	0.08676	0.08067	0.08807	0.01375	0.01495	0.01025	0.00586	0.00552	0.00158	0.00653	0.00488	0.00410	0.27919
50	0.01653	0.76945	0.03171	0.01061	0.01579	0.04274	0.01051	0.01848	0.01256	0.01442	0.00853	0.00985	0.00786	0.00526	0.00397	0.00132	0.00666	0.00329	0.00263	0.00784
51	0.01263	0.01161	0.04978	0.00951	0.01439	0.00889	0.00799	0.07940	0.01432	0.02095	0.01962	0.05003	0.11792	0.00704	0.00527	0.00128	0.00472	0.00575	0.00418	0.55471
52	0.03720	0.59218	0.11104	0.05439	0.01834	0.02181	0.01220	0.01845	0.02775	0.01563	0.00926	0.01096	0.00807	0.00564	0.00493	0.00151	0.03633	0.00370	0.00273	0.00789
