[name]
unknown

[dist]
# distance from previous block
# <min> <max>
0	130

[block]
# block no. 0 follows, 39 sequences, length 14
# corresponding to MSA columns:
# 138-151
name=unknown_A
#
# <colnr> <probs for GDERKNQSTAVLIFYWHMCP>
#	G	D	E	R	K	N	Q	S	T	A	V	L	I	F	Y	W	H	M	C	P
0	0.01017	0.00921	0.09561	0.00873	0.01124	0.00675	0.00767	0.01335	0.01615	0.08129	0.58476	0.03903	0.07072	0.01106	0.00674	0.00186	0.00366	0.00965	0.00607	0.00628
1	0.83394	0.01144	0.00869	0.00778	0.01144	0.01327	0.00640	0.01738	0.01006	0.02653	0.00823	0.00961	0.00640	0.00549	0.00366	0.00183	0.00457	0.00320	0.00366	0.00640
2	0.01584	0.66572	0.07647	0.01146	0.01678	0.02209	0.04634	0.05803	0.01302	0.01577	0.00889	0.01026	0.00779	0.00521	0.00418	0.00137	0.00667	0.00355	0.00274	0.00782
3	0.01602	0.01448	0.02281	0.06382	0.49699	0.01496	0.06547	0.16344	0.04320	0.02293	0.01225	0.01496	0.00973	0.00575	0.00595	0.00180	0.00708	0.00545	0.00364	0.00928
4	0.00738	0.00551	0.00687	0.00758	0.00850	0.00499	0.00528	0.00885	0.01285	0.01695	0.17695	0.48169	0.20203	0.01650	0.00731	0.00221	0.00321	0.01467	0.00569	0.00499
5	0.01226	0.01051	0.01226	0.00876	0.01401	0.00788	0.00701	0.01489	0.01226	0.01927	0.01051	0.01226	0.00876	0.00438	0.00438	0.00088	0.00438	0.00350	0.00350	0.82832
6	0.02074	0.09616	0.03387	0.01292	0.01747	0.08804	0.02706	0.39397	0.05737	0.12241	0.03606	0.01534	0.01176	0.00685	0.00565	0.00170	0.00656	0.00522	0.00528	0.03555
7	0.07436	0.00670	0.00800	0.00741	0.00928	0.00628	0.00565	0.01227	0.01569	0.06662	0.53656	0.04210	0.16359	0.01176	0.00665	0.00188	0.00310	0.01011	0.00617	0.00582
8	0.05244	0.61670	0.07682	0.01051	0.01548	0.02092	0.01051	0.01859	0.06994	0.01604	0.03797	0.01201	0.01019	0.00562	0.00421	0.00141	0.00614	0.00381	0.00301	0.00768
9	0.00721	0.00515	0.00686	0.00823	0.00858	0.00480	0.00549	0.00823	0.01132	0.01510	0.03259	0.78831	0.03911	0.01853	0.00755	0.00240	0.00343	0.01681	0.00549	0.00480
10	0.00975	0.00736	0.01042	0.00940	0.01051	0.00776	0.06298	0.05083	0.01042	0.01431	0.01686	0.03000	0.01747	0.41880	0.29094	0.00656	0.00972	0.00748	0.00352	0.00490
11	0.01186	0.03059	0.76153	0.01686	0.02560	0.01373	0.02185	0.01873	0.01249	0.01873	0.01061	0.01249	0.00749	0.00562	0.00562	0.00187	0.00874	0.00437	0.00250	0.00874
12	0.12599	0.43769	0.04670	0.01131	0.03387	0.13143	0.00993	0.04647	0.01288	0.01672	0.00957	0.01240	0.00867	0.06748	0.00628	0.00178	0.00680	0.00387	0.00299	0.00719
13	0.01667	0.04564	0.01475	0.01180	0.01529	0.03704	0.00943	0.30182	0.26603	0.02812	0.11788	0.07132	0.02065	0.00872	0.00609	0.00188	0.00530	0.00713	0.00578	0.00868

[dist]
# distance from previous block
# <min> <max>
0	9

[block]
# block no. 1 follows, 39 sequences, length 9
# corresponding to MSA columns:
# 161-169
name=unknown_B
#
# <colnr> <probs for GDERKNQSTAVLIFYWHMCP>
#	G	D	E	R	K	N	Q	S	T	A	V	L	I	F	Y	W	H	M	C	P
0	0.20615	0.01073	0.01142	0.00853	0.01341	0.00915	0.00687	0.01548	0.01174	0.02098	0.00997	0.01164	0.00820	0.00464	0.00421	0.00110	0.00443	0.00343	0.00354	0.63437
1	0.08022	0.01076	0.01310	0.01029	0.01463	0.01005	0.00837	0.02461	0.12434	0.39629	0.01880	0.01756	0.01294	0.00670	0.00586	0.00166	0.03014	0.00525	0.00580	0.20266
2	0.06059	0.05724	0.01708	0.01534	0.04594	0.64105	0.01130	0.02319	0.04675	0.01565	0.00976	0.01120	0.00806	0.00607	0.00524	0.00156	0.00980	0.00393	0.00318	0.00707
3	0.01465	0.01340	0.02077	0.02813	0.52626	0.01291	0.01501	0.07004	0.01423	0.02063	0.01120	0.01404	0.00927	0.00519	0.00551	0.00155	0.00636	0.00486	0.00328	0.20267
4	0.00815	0.00596	0.00718	0.00692	0.00810	0.00550	0.00489	0.01002	0.01417	0.01927	0.44042	0.04543	0.18732	0.19674	0.01243	0.00280	0.00353	0.01056	0.00562	0.00499
5	0.01968	0.02875	0.19250	0.01562	0.02001	0.59034	0.01389	0.02246	0.01575	0.01548	0.00949	0.01109	0.00759	0.00598	0.00540	0.00161	0.01021	0.00394	0.00292	0.00730
6	0.00851	0.00646	0.00789	0.00821	0.00956	0.00622	0.00616	0.01163	0.07516	0.01863	0.22941	0.24022	0.18294	0.04708	0.00818	0.00233	0.00367	0.11654	0.00572	0.00548
7	0.27018	0.01164	0.03105	0.01162	0.05043	0.01141	0.03204	0.07317	0.01481	0.35112	0.01623	0.01584	0.01106	0.00658	0.00550	0.00182	0.02393	0.00499	0.04808	0.00849
8	0.01788	0.21068	0.16783	0.01642	0.09574	0.06017	0.09802	0.05095	0.01458	0.19291	0.01330	0.01414	0.00968	0.00586	0.00542	0.00169	0.00726	0.00485	0.00392	0.00869

[dist]
# distance from previous block
# <min> <max>
0	2

[block]
# block no. 2 follows, 39 sequences, length 35
# corresponding to MSA columns:
# 172-206
name=unknown_C
#
# <colnr> <probs for GDERKNQSTAVLIFYWHMCP>
#	G	D	E	R	K	N	Q	S	T	A	V	L	I	F	Y	W	H	M	C	P
0	0.02156	0.01438	0.05882	0.01527	0.09587	0.08232	0.05463	0.10081	0.05760	0.38271	0.01866	0.04203	0.01316	0.00712	0.00598	0.00183	0.00637	0.00597	0.00564	0.00928
1	0.63919	0.03260	0.01153	0.01098	0.06841	0.09974	0.00807	0.03667	0.01159	0.02459	0.00871	0.01022	0.00689	0.00557	0.00408	0.00177	0.00554	0.00348	0.00357	0.00680
2	0.05943	0.01391	0.02317	0.03474	0.71461	0.01401	0.01751	0.01811	0.01328	0.01971	0.01097	0.01436	0.00921	0.00528	0.00573	0.00176	0.00689	0.00516	0.00297	0.00921
3	0.01464	0.01405	0.02400	0.03630	0.75528	0.01405	0.01815	0.01815	0.01347	0.01932	0.01112	0.01464	0.00937	0.00527	0.00585	0.00176	0.00703	0.00527	0.00293	0.00937
4	0.00783	0.00602	0.00716	0.00687	0.00850	0.00535	0.00516	0.01012	0.01547	0.02070	0.48210	0.04914	0.32774	0.01322	0.00698	0.00191	0.00287	0.01139	0.00611	0.00535
5	0.00939	0.00638	0.00758	0.00707	0.00902	0.00560	0.00538	0.01156	0.01531	0.08622	0.37995	0.04767	0.36113	0.01294	0.00689	0.00192	0.00308	0.01106	0.00613	0.00572
6	0.00748	0.00571	0.00682	0.00716	0.00837	0.00511	0.00510	0.00913	0.01348	0.01764	0.23677	0.30340	0.29876	0.03771	0.00784	0.00221	0.00317	0.01337	0.00571	0.00505
7	0.00860	0.00573	0.00645	0.00645	0.00645	0.00573	0.00358	0.00860	0.00860	0.01147	0.01863	0.03870	0.02150	0.79217	0.03010	0.00573	0.00573	0.00860	0.00358	0.00358
8	0.27384	0.01048	0.01218	0.00968	0.01398	0.01009	0.00799	0.02532	0.01482	0.53491	0.01871	0.01691	0.01212	0.00676	0.00525	0.00183	0.00489	0.00511	0.00620	0.00894
9	0.00821	0.00596	0.00774	0.00746	0.00878	0.00549	0.00553	0.01080	0.01613	0.02265	0.66151	0.11136	0.08064	0.01278	0.00703	0.00191	0.00286	0.01131	0.00638	0.00549
10	0.01226	0.01051	0.01226	0.00876	0.01401	0.00788	0.00701	0.01489	0.01226	0.01927	0.01051	0.01226	0.00876	0.00438	0.00438	0.00088	0.00438	0.00350	0.00350	0.82832
11	0.83394	0.01144	0.00869	0.00778	0.01144	0.01327	0.00640	0.01738	0.01006	0.02653	0.00823	0.00961	0.00640	0.00549	0.00366	0.00183	0.00457	0.00320	0.00366	0.00640
12	0.02653	0.01006	0.01372	0.01052	0.01510	0.00869	0.00869	0.02882	0.01693	0.75937	0.02333	0.02013	0.01464	0.00732	0.00595	0.00183	0.00503	0.00595	0.00732	0.01006
13	0.00859	0.00579	0.00672	0.00672	0.00682	0.00588	0.00392	0.00878	0.00868	0.01167	0.01838	0.03731	0.02090	0.72514	0.09631	0.00607	0.00664	0.00840	0.00355	0.00374
14	0.01471	0.01270	0.01337	0.01203	0.01538	0.01471	0.00936	0.03142	0.74459	0.02474	0.02407	0.02206	0.01805	0.00802	0.00602	0.00201	0.00468	0.00669	0.00602	0.00936
15	0.01226	0.01051	0.01226	0.00876	0.01401	0.00788	0.00701	0.01489	0.01226	0.01927	0.01051	0.01226	0.00876	0.00438	0.00438	0.00088	0.00438	0.00350	0.00350	0.82832
16	0.70740	0.01189	0.00970	0.00854	0.01224	0.01373	0.00699	0.06564	0.07706	0.02707	0.01004	0.01102	0.00769	0.00582	0.00402	0.00184	0.00471	0.00365	0.00402	0.00691
17	0.01102	0.00551	0.00551	0.00551	0.00689	0.00551	0.00413	0.01378	0.01240	0.02205	0.01929	0.02205	0.01516	0.00689	0.00413	0.00138	0.00276	0.00551	0.82500	0.00551
18	0.02248	0.01656	0.01775	0.01361	0.01834	0.01834	0.01124	0.73556	0.02780	0.03727	0.01420	0.01420	0.01006	0.00710	0.00592	0.00177	0.00651	0.00532	0.00592	0.01006
19	0.01545	0.01352	0.02302	0.08217	0.61931	0.01354	0.03977	0.01893	0.01368	0.08537	0.01220	0.01524	0.00973	0.00549	0.00590	0.00178	0.00700	0.00538	0.00330	0.00920
20	0.01519	0.01384	0.01455	0.01442	0.08189	0.06398	0.01028	0.02972	0.63142	0.02358	0.02193	0.02065	0.01659	0.00765	0.00596	0.00195	0.00528	0.00637	0.00555	0.00920
21	0.01294	0.01294	0.01811	0.01553	0.01553	0.01811	0.01294	0.01423	0.00906	0.01423	0.00776	0.01294	0.00776	0.01035	0.01941	0.00259	0.78134	0.00518	0.00259	0.00647
22	0.00731	0.00523	0.00696	0.00816	0.00860	0.00487	0.00550	0.00850	0.01181	0.01587	0.09709	0.72161	0.04061	0.01795	0.00750	0.00235	0.00337	0.01626	0.00558	0.00487
23	0.01226	0.01051	0.01226	0.00876	0.01401	0.00788	0.00701	0.01489	0.01226	0.01927	0.01051	0.01226	0.00876	0.00438	0.00438	0.00088	0.00438	0.00350	0.00350	0.82832
24	0.77953	0.01178	0.00930	0.00817	0.01190	0.01361	0.00673	0.06554	0.01125	0.02725	0.00863	0.00991	0.00665	0.00560	0.00381	0.00183	0.00470	0.00334	0.00381	0.00665
25	0.00846	0.00630	0.00934	0.00934	0.01034	0.00731	0.00719	0.01046	0.00946	0.01361	0.01599	0.02404	0.01514	0.08355	0.73002	0.00931	0.01531	0.00645	0.00319	0.00519
26	0.00794	0.00589	0.00740	0.00731	0.00864	0.00535	0.00537	0.01022	0.01531	0.02098	0.51598	0.16457	0.17593	0.01362	0.00707	0.00197	0.00293	0.01198	0.00617	0.00535
27	0.03525	0.06428	0.14415	0.01934	0.09074	0.04325	0.24310	0.11858	0.03621	0.05643	0.01271	0.03437	0.00996	0.00636	0.00693	0.00190	0.05862	0.00581	0.00363	0.00837
28	0.01526	0.08970	0.02212	0.09241	0.43051	0.09183	0.03169	0.05946	0.03250	0.01888	0.01223	0.05445	0.01069	0.00625	0.00573	0.00175	0.00720	0.00560	0.00326	0.00847
29	0.02342	0.01276	0.06571	0.01234	0.01717	0.01094	0.05736	0.14603	0.01809	0.51566	0.02049	0.04292	0.01380	0.00737	0.00604	0.00185	0.00580	0.00615	0.00642	0.00967
30	0.07031	0.47696	0.11025	0.01198	0.01734	0.03551	0.06126	0.03997	0.01309	0.08304	0.01035	0.01146	0.00832	0.00542	0.00451	0.00148	0.00668	0.00390	0.00319	0.02498
31	0.01464	0.10134	0.44879	0.01787	0.09643	0.01517	0.05614	0.11164	0.01478	0.05232	0.01150	0.01313	0.00840	0.00576	0.00559	0.00179	0.00795	0.00467	0.00322	0.00887
32	0.00732	0.00531	0.00681	0.00795	0.00848	0.00492	0.00537	0.00838	0.01145	0.01505	0.03471	0.64960	0.11482	0.06215	0.00879	0.00256	0.00356	0.03263	0.00538	0.00477
33	0.01430	0.01371	0.02340	0.10744	0.68673	0.01396	0.01798	0.01786	0.01331	0.01892	0.01107	0.01474	0.00923	0.00533	0.00586	0.00178	0.00711	0.00527	0.00290	0.00910
34	0.03637	0.03923	0.01782	0.01529	0.09484	0.03814	0.04098	0.37447	0.05773	0.16174	0.01570	0.01621	0.01134	0.02553	0.00637	0.00187	0.00632	0.00550	0.02521	0.00935

[dist]
# distance from previous block
# <min> <max>
0	1

[block]
# block no. 3 follows, 39 sequences, length 54
# corresponding to MSA columns:
# 208-261
name=unknown_D
#
# <colnr> <probs for GDERKNQSTAVLIFYWHMCP>
#	G	D	E	R	K	N	Q	S	T	A	V	L	I	F	Y	W	H	M	C	P
0	0.01602	0.04616	0.05405	0.02673	0.38114	0.01436	0.17041	0.09423	0.01520	0.08155	0.01310	0.03683	0.01048	0.00595	0.00607	0.00182	0.00738	0.00590	0.00365	0.00897
1	0.79415	0.01196	0.00924	0.00858	0.02699	0.03456	0.00679	0.01758	0.01032	0.02604	0.00832	0.00974	0.00650	0.00550	0.00375	0.00182	0.00480	0.00326	0.00363	0.00648
2	0.00874	0.00624	0.00761	0.00722	0.00895	0.00565	0.00547	0.01098	0.01502	0.05506	0.41010	0.04609	0.30433	0.01535	0.06448	0.00249	0.00396	0.01079	0.00593	0.00556
3	0.09217	0.19671	0.01978	0.01335	0.04596	0.16657	0.02491	0.19610	0.03145	0.12041	0.01236	0.01296	0.00933	0.00631	0.00549	0.00165	0.02738	0.00447	0.00429	0.00835
4	0.01226	0.10789	0.68772	0.01617	0.02454	0.01471	0.02066	0.01863	0.01244	0.01824	0.01037	0.01218	0.00750	0.00556	0.00543	0.00181	0.00850	0.00425	0.00250	0.00862
5	0.00706	0.00599	0.00608	0.00606	0.00803	0.00502	0.00455	0.00862	0.01364	0.01635	0.09348	0.05630	0.71907	0.01484	0.00699	0.00199	0.00299	0.01239	0.00554	0.00502
6	0.00850	0.00590	0.00720	0.00694	0.00813	0.00548	0.00497	0.01034	0.01413	0.01972	0.43690	0.04213	0.14997	0.13550	0.01135	0.05047	0.00342	0.00994	0.06399	0.00500
7	0.01102	0.00551	0.00551	0.00551	0.00689	0.00551	0.00413	0.01378	0.01240	0.02205	0.01929	0.02205	0.01516	0.00689	0.00413	0.00138	0.00276	0.00551	0.82500	0.00551
8	0.00801	0.00603	0.00741	0.00707	0.00862	0.00543	0.00530	0.01047	0.01590	0.02172	0.57344	0.04746	0.23577	0.01284	0.00698	0.00190	0.00284	0.01116	0.00625	0.00543
9	0.08162	0.01603	0.01699	0.01310	0.01776	0.01773	0.01082	0.66551	0.02624	0.05467	0.01399	0.01401	0.00991	0.00699	0.00575	0.00178	0.00633	0.00519	0.00579	0.00979
10	0.00833	0.00604	0.00785	0.00740	0.00881	0.00556	0.00555	0.01108	0.01664	0.02349	0.73199	0.04455	0.07610	0.01217	0.00698	0.00186	0.00280	0.01075	0.00648	0.00556
11	0.02209	0.02819	0.01676	0.01524	0.01828	0.76843	0.01143	0.02361	0.01676	0.01447	0.00914	0.01066	0.00762	0.00609	0.00533	0.00152	0.01066	0.00381	0.00305	0.00686
12	0.01581	0.79572	0.03099	0.01012	0.01518	0.02340	0.01012	0.01771	0.01202	0.01391	0.00822	0.00949	0.00759	0.00506	0.00379	0.00126	0.00632	0.00316	0.00253	0.00759
13	0.01380	0.01071	0.01251	0.00927	0.01426	0.00870	0.00741	0.01793	0.09240	0.08581	0.01313	0.01403	0.01029	0.00504	0.00470	0.00108	0.00447	0.00407	0.00412	0.66627
14	0.00859	0.00578	0.00669	0.00669	0.00678	0.00587	0.00389	0.00876	0.00867	0.01165	0.01841	0.03746	0.02096	0.73236	0.08917	0.00603	0.00654	0.00842	0.00355	0.00372
15	0.00837	0.00604	0.00790	0.00744	0.00883	0.00558	0.00558	0.01116	0.01674	0.02371	0.75216	0.04417	0.05580	0.01209	0.00697	0.00186	0.00279	0.01069	0.00651	0.00558
16	0.00980	0.00718	0.00989	0.01106	0.01245	0.00739	0.00961	0.01298	0.03927	0.01785	0.03043	0.06370	0.03277	0.01588	0.00839	0.00269	0.02613	0.67152	0.00539	0.00561
17	0.12151	0.05702	0.11192	0.01196	0.01696	0.04770	0.01095	0.20018	0.01794	0.32179	0.01613	0.01539	0.01088	0.00665	0.00548	0.00178	0.00615	0.00501	0.00545	0.00917
18	0.02653	0.01006	0.01372	0.01052	0.01510	0.00869	0.00869	0.02882	0.01693	0.75937	0.02333	0.02013	0.01464	0.00732	0.00595	0.00183	0.00503	0.00595	0.00732	0.01006
19	0.01021	0.00516	0.00766	0.00766	0.00766	0.00516	0.00508	0.00774	0.00774	0.01032	0.01060	0.01879	0.01071	0.05072	0.02339	0.79579	0.00516	0.00527	0.00261	0.00261
20	0.70783	0.01122	0.00948	0.00821	0.01201	0.01255	0.00676	0.01917	0.01114	0.14100	0.01059	0.01125	0.00769	0.00578	0.00402	0.00183	0.00465	0.00363	0.00423	0.00698
21	0.01524	0.01449	0.05599	0.07365	0.51519	0.03354	0.05537	0.01932	0.04225	0.07819	0.01307	0.03425	0.01062	0.00593	0.00595	0.00181	0.00707	0.00567	0.00343	0.00898
22	0.01438	0.26184	0.25749	0.01525	0.02111	0.01620	0.15501	0.01839	0.01276	0.07420	0.01240	0.06194	0.01038	0.00645	0.00600	0.00177	0.03782	0.00545	0.00317	0.00800
23	0.01272	0.01307	0.02252	0.01775	0.01986	0.01554	0.25776	0.01524	0.01073	0.01562	0.01042	0.01631	0.00952	0.06211	0.06329	0.00303	0.41886	0.00609	0.00283	0.00672
24	0.24367	0.01966	0.06342	0.01809	0.18880	0.28729	0.01226	0.06689	0.01460	0.02069	0.00978	0.01165	0.00784	0.00577	0.00505	0.00170	0.00774	0.00412	0.00334	0.00765
25	0.02038	0.01110	0.01334	0.01103	0.01490	0.01127	0.00884	0.06076	0.30316	0.38418	0.07650	0.02238	0.01878	0.00793	0.00605	0.00190	0.00480	0.00656	0.00669	0.00946
26	0.07545	0.18085	0.12274	0.01671	0.14324	0.04692	0.06936	0.03573	0.07401	0.09433	0.04094	0.01695	0.04520	0.00646	0.00541	0.00173	0.00658	0.00533	0.00386	0.00823
27	0.79042	0.01197	0.00965	0.00846	0.01217	0.03155	0.02775	0.01758	0.01034	0.02602	0.00837	0.00982	0.00651	0.00549	0.00380	0.00183	0.00488	0.00333	0.00363	0.00646
28	0.01464	0.01405	0.02400	0.03630	0.75528	0.01405	0.01815	0.01815	0.01347	0.01932	0.01112	0.01464	0.00937	0.00527	0.00585	0.00176	0.00703	0.00527	0.00293	0.00937
29	0.00793	0.00599	0.00732	0.00707	0.00858	0.00538	0.00527	0.01027	0.01557	0.02113	0.52312	0.08234	0.25201	0.01320	0.00701	0.00192	0.00288	0.01148	0.00617	0.00538
30	0.01117	0.01051	0.01774	0.77795	0.04073	0.01314	0.01642	0.01511	0.01182	0.01511	0.01051	0.01577	0.00788	0.00591	0.00591	0.00197	0.00788	0.00526	0.00263	0.00657
31	0.00910	0.00654	0.00902	0.01033	0.01157	0.00645	0.00877	0.01154	0.01328	0.01726	0.03251	0.17115	0.06012	0.01661	0.00804	0.00265	0.00507	0.58923	0.00545	0.00534
32	0.00748	0.00530	0.00697	0.00821	0.00857	0.00502	0.00553	0.00851	0.01118	0.01488	0.03109	0.66961	0.03701	0.09761	0.00989	0.00276	0.00378	0.05658	0.00529	0.00472
33	0.02653	0.01006	0.01372	0.01052	0.01510	0.00869	0.00869	0.02882	0.01693	0.75937	0.02333	0.02013	0.01464	0.00732	0.00595	0.00183	0.00503	0.00595	0.00732	0.01006
34	0.01581	0.79572	0.03099	0.01012	0.01518	0.02340	0.01012	0.01771	0.01202	0.01391	0.00822	0.00949	0.00759	0.00506	0.00379	0.00126	0.00632	0.00316	0.00253	0.00759
35	0.06011	0.01057	0.01194	0.00878	0.01374	0.00850	0.00703	0.03367	0.03086	0.02014	0.01306	0.01444	0.04280	0.00509	0.00454	0.00103	0.00439	0.00402	0.00373	0.70157
36	0.02091	0.05300	0.06535	0.01484	0.05157	0.14576	0.05802	0.23494	0.07428	0.19885	0.01544	0.01539	0.01094	0.00664	0.00578	0.00176	0.00712	0.00526	0.00506	0.00909
37	0.39432	0.01069	0.01143	0.00927	0.01343	0.01078	0.00765	0.02361	0.01380	0.42555	0.01645	0.01534	0.01089	0.00649	0.00491	0.00183	0.00482	0.00470	0.00565	0.00840
38	0.03651	0.01481	0.07868	0.01292	0.03534	0.10589	0.04579	0.07126	0.08390	0.35292	0.03769	0.01967	0.04403	0.00729	0.00588	0.00181	0.00621	0.00593	0.02461	0.00887
39	0.00849	0.00573	0.00667	0.00677	0.00686	0.00577	0.00396	0.00870	0.00885	0.01187	0.01946	0.09140	0.02234	0.68944	0.07523	0.00573	0.00621	0.00904	0.00369	0.00378
40	0.01624	0.01214	0.01325	0.01143	0.01490	0.01340	0.00902	0.13338	0.46602	0.10504	0.07398	0.02428	0.06341	0.00850	0.00612	0.00194	0.00476	0.00702	0.00614	0.00902
41	0.01521	0.17836	0.02555	0.02848	0.50513	0.01628	0.05752	0.05216	0.03166	0.01914	0.01102	0.01379	0.00921	0.00536	0.00549	0.00167	0.00697	0.00496	0.00306	0.00895
42	0.02435	0.01133	0.03786	0.01155	0.01621	0.00987	0.04104	0.04240	0.08415	0.62162	0.02232	0.01977	0.01439	0.00723	0.00599	0.00185	0.00536	0.00600	0.00683	0.00987
43	0.00818	0.00575	0.00743	0.00799	0.00901	0.00530	0.00577	0.00993	0.01349	0.03653	0.25024	0.41307	0.12395	0.01577	0.00732	0.00220	0.00337	0.06365	0.00584	0.00523
44	0.18011	0.44254	0.21239	0.01136	0.01707	0.01889	0.01235	0.01790	0.01174	0.01769	0.00883	0.01027	0.00732	0.00529	0.00423	0.00153	0.00659	0.00348	0.00275	0.00764
45	0.00727	0.00520	0.00692	0.00819	0.00859	0.00485	0.00549	0.00841	0.01164	0.01561	0.07509	0.74436	0.04010	0.01815	0.00751	0.00237	0.00339	0.01645	0.00555	0.00485
46	0.20168	0.08898	0.08527	0.01158	0.01601	0.05306	0.01026	0.13392	0.21186	0.10783	0.01539	0.01517	0.01131	0.00663	0.00518	0.00180	0.00582	0.00491	0.00481	0.00853
47	0.01092	0.00825	0.01029	0.00996	0.03740	0.00818	0.02936	0.01612	0.16896	0.06668	0.21321	0.08309	0.20756	0.06110	0.00822	0.00224	0.00410	0.04212	0.00568	0.00655
48	0.01584	0.60213	0.07031	0.01105	0.01577	0.11762	0.01068	0.01793	0.01261	0.01434	0.01002	0.05910	0.00958	0.00608	0.00434	0.00141	0.00684	0.00418	0.00278	0.00739
49	0.00724	0.00536	0.00677	0.00776	0.00848	0.00489	0.00531	0.00847	0.01207	0.01581	0.08324	0.60444	0.17364	0.01746	0.00741	0.00229	0.00331	0.01561	0.00555	0.00489
50	0.01484	0.01148	0.04673	0.00962	0.01481	0.00869	0.00811	0.01842	0.05564	0.14689	0.01351	0.01420	0.01025	0.00515	0.00480	0.00115	0.00471	0.00415	0.00426	0.60259
51	0.01259	0.00961	0.01205	0.01032	0.05974	0.00777	0.00750	0.01528	0.01380	0.07876	0.19315	0.02085	0.02078	0.00656	0.00523	0.00125	0.00421	0.00557	0.00450	0.51049
52	0.00744	0.00546	0.00749	0.05298	0.01045	0.00529	0.00613	0.00863	0.01135	0.01510	0.03131	0.74340	0.03730	0.01779	0.00745	0.00238	0.00369	0.01614	0.00532	0.00491
53	0.83394	0.01144	0.00869	0.00778	0.01144	0.01327	0.00640	0.01738	0.01006	0.02653	0.00823	0.00961	0.00640	0.00549	0.00366	0.00183	0.00457	0.00320	0.00366	0.00640

[dist]
# distance from previous block
# <min> <max>
0	1

[block]
# block no. 4 follows, 39 sequences, length 29
# corresponding to MSA columns:
# 263-291
name=unknown_E
#
# <colnr> <probs for GDERKNQSTAVLIFYWHMCP>
#	G	D	E	R	K	N	Q	S	T	A	V	L	I	F	Y	W	H	M	C	P
0	0.83394	0.01144	0.00869	0.00778	0.01144	0.01327	0.00640	0.01738	0.01006	0.02653	0.00823	0.00961	0.00640	0.00549	0.00366	0.00183	0.00457	0.00320	0.00366	0.00640
1	0.00948	0.00764	0.01039	0.03006	0.12311	0.00749	0.00764	0.01261	0.06508	0.01912	0.27854	0.16898	0.12693	0.09535	0.00928	0.00238	0.00414	0.01054	0.00522	0.00602
2	0.01117	0.01051	0.01774	0.77795	0.04073	0.01314	0.01642	0.01511	0.01182	0.01511	0.01051	0.01577	0.00788	0.00591	0.00591	0.00197	0.00788	0.00526	0.00263	0.00657
3	0.02228	0.01600	0.01723	0.01325	0.01788	0.01760	0.01093	0.68834	0.02695	0.06268	0.01468	0.01465	0.01038	0.00710	0.00586	0.00176	0.00634	0.00535	0.03081	0.00992
4	0.01534	0.01553	0.02260	0.03287	0.64228	0.10681	0.01695	0.01853	0.01381	0.01860	0.01152	0.03705	0.01003	0.00576	0.00584	0.00175	0.00737	0.00543	0.00302	0.00892
5	0.01117	0.01051	0.01774	0.77795	0.04073	0.01314	0.01642	0.01511	0.01182	0.01511	0.01051	0.01577	0.00788	0.00591	0.00591	0.00197	0.00788	0.00526	0.00263	0.00657
6	0.00848	0.00619	0.00878	0.00878	0.00958	0.00700	0.00649	0.01009	0.00929	0.01319	0.01650	0.02691	0.01638	0.22214	0.59313	0.00861	0.01344	0.00687	0.00327	0.00488
7	0.02248	0.01656	0.01775	0.01361	0.01834	0.01834	0.01124	0.73556	0.02780	0.03727	0.01420	0.01420	0.01006	0.00710	0.00592	0.00177	0.00651	0.00532	0.00592	0.01006
8	0.00941	0.00672	0.00940	0.01076	0.01207	0.00671	0.00933	0.01205	0.01350	0.01757	0.03138	0.10256	0.03429	0.01645	0.00814	0.00271	0.00535	0.68076	0.00545	0.00541
9	0.00808	0.00600	0.00773	0.00754	0.00890	0.00565	0.00563	0.01045	0.01493	0.02063	0.49937	0.10202	0.15559	0.01701	0.10097	0.00287	0.00448	0.01091	0.00586	0.00539
10	0.00783	0.00593	0.00723	0.00710	0.00856	0.00532	0.00525	0.01005	0.01517	0.02047	0.46806	0.13123	0.25890	0.01366	0.00704	0.00196	0.00292	0.01190	0.00610	0.00532
11	0.01257	0.16078	0.45356	0.01446	0.02104	0.04864	0.04496	0.01761	0.01331	0.01847	0.12497	0.01692	0.01505	0.00652	0.00555	0.00175	0.00753	0.00521	0.00317	0.00793
12	0.01811	0.46935	0.02535	0.01330	0.05350	0.28145	0.01101	0.03881	0.01415	0.01500	0.00885	0.01028	0.00775	0.00548	0.00449	0.00139	0.00787	0.00355	0.00282	0.00749
13	0.72057	0.01158	0.00942	0.00822	0.01191	0.01325	0.00676	0.07158	0.01168	0.04923	0.00951	0.01069	0.00723	0.00571	0.00391	0.00181	0.00467	0.00352	0.03197	0.00676
14	0.01088	0.01048	0.05636	0.01601	0.19688	0.00931	0.03595	0.03406	0.06016	0.02138	0.32496	0.03383	0.14596	0.00984	0.00653	0.00187	0.00469	0.00874	0.00506	0.00705
15	0.00812	0.00604	0.00756	0.00718	0.00868	0.00547	0.00539	0.01068	0.01616	0.02233	0.62846	0.04645	0.18036	0.01261	0.00698	0.00188	0.00283	0.01101	0.00633	0.00547
16	0.01427	0.01443	0.06921	0.02666	0.44706	0.01377	0.03791	0.04507	0.17508	0.02111	0.04127	0.04049	0.01373	0.00660	0.00600	0.00185	0.00644	0.00612	0.00389	0.00903
17	0.01695	0.04637	0.33508	0.01497	0.02114	0.01581	0.02971	0.28996	0.05158	0.06265	0.01302	0.01394	0.00934	0.00658	0.00643	0.00186	0.04627	0.00497	0.00420	0.00917
18	0.00720	0.00532	0.00674	0.00781	0.00848	0.00486	0.00531	0.00836	0.01186	0.01549	0.05759	0.63691	0.16703	0.01771	0.00743	0.00231	0.00334	0.01587	0.00552	0.00486
19	0.02105	0.05450	0.01919	0.01596	0.01947	0.62622	0.08540	0.05866	0.01685	0.01606	0.00965	0.01134	0.00788	0.00599	0.00547	0.00157	0.01023	0.00419	0.00317	0.00716
20	0.00832	0.00604	0.00783	0.00738	0.00880	0.00556	0.00554	0.01105	0.01661	0.02341	0.72476	0.04468	0.08338	0.01220	0.00698	0.00187	0.00280	0.01077	0.00647	0.00556
21	0.01186	0.03059	0.76153	0.01686	0.02560	0.01373	0.02185	0.01873	0.01249	0.01873	0.01061	0.01249	0.00749	0.00562	0.00562	0.00187	0.00874	0.00437	0.00250	0.00874
22	0.11360	0.01063	0.01182	0.00864	0.01370	0.00855	0.00693	0.01520	0.01199	0.02017	0.01023	0.01194	0.00847	0.00452	0.00429	0.00099	0.00440	0.00347	0.00352	0.72695
23	0.01537	0.69889	0.02868	0.00995	0.01503	0.02149	0.00974	0.01736	0.01205	0.01457	0.00850	0.00983	0.00773	0.00498	0.00387	0.00122	0.00608	0.00320	0.00265	0.10881
24	0.68272	0.01456	0.01019	0.00917	0.01271	0.15392	0.00734	0.01854	0.01131	0.02429	0.00840	0.00980	0.00663	0.00560	0.00397	0.00177	0.00571	0.00332	0.00355	0.00649
25	0.01438	0.01254	0.01441	0.01480	0.10630	0.01417	0.01025	0.02877	0.61788	0.02402	0.05903	0.02226	0.01888	0.00789	0.00605	0.00197	0.00487	0.00671	0.00566	0.00917
26	0.73215	0.01073	0.00842	0.00761	0.01082	0.01234	0.00606	0.01630	0.00988	0.02467	0.00952	0.01319	0.00827	0.10251	0.00692	0.00231	0.00472	0.00387	0.00365	0.00606
27	0.00778	0.00828	0.09993	0.00930	0.01068	0.00590	0.00751	0.00953	0.01147	0.01554	0.02988	0.69263	0.03521	0.01694	0.00731	0.00234	0.00409	0.01528	0.00512	0.00529
28	0.02021	0.01476	0.01606	0.01263	0.01683	0.01619	0.01031	0.56798	0.08540	0.05502	0.10628	0.01871	0.01649	0.00780	0.00606	0.00181	0.00586	0.00612	0.00604	0.00945

[dist]
# distance from previous block
# <min> <max>
0	1

[block]
# block no. 5 follows, 39 sequences, length 7
# corresponding to MSA columns:
# 293-299
name=unknown_F
#
# <colnr> <probs for GDERKNQSTAVLIFYWHMCP>
#	G	D	E	R	K	N	Q	S	T	A	V	L	I	F	Y	W	H	M	C	P
0	0.02248	0.01656	0.01775	0.01361	0.01834	0.01834	0.01124	0.73556	0.02780	0.03727	0.01420	0.01420	0.01006	0.00710	0.00592	0.00177	0.00651	0.00532	0.00592	0.01006
1	0.00833	0.10853	0.01002	0.00848	0.00944	0.00724	0.00609	0.00947	0.01141	0.01494	0.02941	0.68647	0.03499	0.01677	0.00706	0.00225	0.00381	0.01503	0.00510	0.00517
2	0.02599	0.01094	0.01426	0.01094	0.01553	0.00999	0.00903	0.12380	0.01839	0.66232	0.02210	0.01933	0.01402	0.00729	0.00594	0.00182	0.00523	0.00586	0.00713	0.01006
3	0.01671	0.37239	0.10289	0.01597	0.08949	0.16960	0.08283	0.05563	0.01414	0.01672	0.00960	0.01140	0.00802	0.00544	0.00491	0.00152	0.00787	0.00410	0.00288	0.00790
4	0.01789	0.01832	0.01865	0.06329	0.25146	0.26687	0.01350	0.06563	0.11087	0.05368	0.01269	0.01448	0.01004	0.00643	0.00647	0.00177	0.05095	0.00499	0.00372	0.00828
5	0.00755	0.00590	0.00693	0.00752	0.00892	0.00528	0.00568	0.00919	0.01306	0.01639	0.07951	0.25805	0.40148	0.01605	0.00734	0.00223	0.00353	0.13481	0.00553	0.00505
6	0.08158	0.01306	0.06911	0.04792	0.33485	0.03090	0.01314	0.01732	0.05999	0.04215	0.07285	0.11801	0.01711	0.00782	0.00589	0.00184	0.00592	0.00695	0.00393	0.04966

[dist]
# distance from previous block
# <min> <max>
0	43

# created by:
# /home/cegg/simao/soft/augustus-3.2.1/scripts/msa2prfl.pl ./align_prep/EOG090W0FG5.fa
