[name]
unknown

[dist]
# distance from previous block
# <min> <max>
0	164

[block]
# block no. 0 follows, 34 sequences, length 226
# corresponding to MSA columns:
# 188-413
name=unknown_A
#
# <colnr> <probs for GDERKNQSTAVLIFYWHMCP>
#	G	D	E	R	K	N	Q	S	T	A	V	L	I	F	Y	W	H	M	C	P
0	0.01666	0.04497	0.01431	0.01210	0.03698	0.01283	0.00917	0.07683	0.29978	0.13181	0.10580	0.02911	0.08125	0.06321	0.00845	0.00233	0.00516	0.00791	0.00625	0.03508
1	0.01699	0.52231	0.09651	0.01389	0.03535	0.08126	0.06209	0.01987	0.01380	0.01667	0.00984	0.01162	0.00853	0.00562	0.00481	0.00151	0.00769	0.00401	0.00293	0.06469
2	0.02077	0.01789	0.07731	0.01753	0.10966	0.04362	0.01339	0.36918	0.12886	0.07475	0.01896	0.01899	0.04347	0.00787	0.00648	0.00199	0.00698	0.00627	0.00572	0.01029
3	0.00940	0.00626	0.00705	0.00705	0.00705	0.00626	0.00392	0.00940	0.00940	0.01253	0.02036	0.04228	0.02349	0.77292	0.03289	0.00626	0.00626	0.00940	0.00392	0.00392
4	0.04182	0.04187	0.01547	0.01360	0.07360	0.09591	0.00987	0.16963	0.01900	0.06156	0.15832	0.04151	0.07127	0.00878	0.00628	0.00177	0.00596	0.00713	0.00532	0.15132
5	0.01707	0.01531	0.01423	0.06441	0.01740	0.17530	0.01007	0.10621	0.13485	0.07587	0.07547	0.02689	0.10827	0.03437	0.09250	0.00307	0.00814	0.00739	0.00522	0.00796
6	0.00827	0.00668	0.00742	0.00756	0.00955	0.00584	0.00589	0.01031	0.01528	0.01900	0.16053	0.06166	0.52841	0.01611	0.00782	0.00228	0.00363	0.11197	0.00616	0.00562
7	0.02414	0.03079	0.01831	0.01665	0.01998	0.74698	0.01248	0.02580	0.01831	0.01581	0.00999	0.01165	0.00832	0.00666	0.00583	0.00166	0.01165	0.00416	0.00333	0.00749
8	0.01312	0.03230	0.69036	0.01903	0.02837	0.01510	0.07183	0.02048	0.01375	0.02048	0.01170	0.01391	0.00830	0.00609	0.00624	0.00206	0.00964	0.00497	0.00277	0.00949
9	0.01314	0.01264	0.02200	0.56866	0.17570	0.01469	0.06668	0.01744	0.01343	0.01768	0.01172	0.01700	0.00901	0.00625	0.00653	0.00211	0.00859	0.00588	0.00296	0.00787
10	0.01411	0.01284	0.01396	0.03728	0.01670	0.06050	0.00837	0.01695	0.01372	0.02052	0.01138	0.01342	0.00945	0.00498	0.00492	0.00105	0.00541	0.00392	0.00376	0.72679
11	0.00914	0.00660	0.00864	0.00813	0.00965	0.00610	0.00610	0.01219	0.01829	0.02591	0.72921	0.04827	0.06097	0.01321	0.00762	0.00203	0.00305	0.01169	0.00711	0.00610
12	0.01726	0.63300	0.11894	0.01222	0.01821	0.02389	0.01271	0.06789	0.01440	0.01763	0.00976	0.01112	0.00847	0.00576	0.00455	0.00150	0.00725	0.00378	0.00302	0.00863
13	0.01801	0.65979	0.05335	0.01199	0.01736	0.11654	0.01163	0.02020	0.01380	0.01544	0.00919	0.01063	0.00829	0.00569	0.00442	0.00144	0.00759	0.00358	0.00283	0.00823
14	0.00770	0.00655	0.00663	0.00661	0.00876	0.00548	0.00496	0.00939	0.01487	0.01778	0.09127	0.06164	0.70397	0.01624	0.00764	0.00218	0.00326	0.01356	0.00604	0.00548
15	0.02395	0.01827	0.01902	0.01481	0.01981	0.04621	0.01214	0.63877	0.07827	0.03886	0.01607	0.01597	0.01150	0.00779	0.00645	0.00195	0.00714	0.00586	0.00636	0.01081
16	0.00781	0.00585	0.00726	0.00838	0.00921	0.00530	0.00573	0.00907	0.01296	0.01673	0.04309	0.59178	0.21484	0.01927	0.00809	0.00251	0.00363	0.01718	0.00600	0.00530
17	0.01519	0.29305	0.40587	0.01591	0.02325	0.05881	0.03617	0.02017	0.01361	0.01817	0.01051	0.01250	0.00828	0.00614	0.00606	0.00183	0.03843	0.00439	0.00279	0.00888
18	0.01090	0.00669	0.00783	0.00750	0.00813	0.00648	0.00462	0.01147	0.01120	0.07308	0.09165	0.04194	0.05225	0.60884	0.02735	0.00535	0.00578	0.00954	0.00464	0.00476
19	0.00940	0.00626	0.00705	0.00705	0.00705	0.00626	0.00392	0.00940	0.00940	0.01253	0.02036	0.04228	0.02349	0.77292	0.03289	0.00626	0.00626	0.00940	0.00392	0.00392
20	0.00923	0.00692	0.01038	0.01038	0.01154	0.00808	0.00808	0.01154	0.01038	0.01500	0.01731	0.02538	0.01615	0.04846	0.74732	0.01038	0.01731	0.00692	0.00346	0.00577
21	0.01587	0.01523	0.02404	0.10009	0.56814	0.03435	0.01834	0.02140	0.09798	0.02126	0.01371	0.01695	0.01116	0.00620	0.00641	0.00197	0.00756	0.00590	0.00357	0.00989
22	0.01340	0.01148	0.01340	0.00957	0.01531	0.00861	0.00766	0.01627	0.01340	0.02105	0.01148	0.01340	0.00957	0.00479	0.00479	0.00096	0.00479	0.00383	0.00383	0.81242
23	0.01414	0.01414	0.01979	0.01696	0.01696	0.01979	0.01414	0.01555	0.00990	0.01555	0.00848	0.01414	0.00848	0.01131	0.02120	0.00283	0.76110	0.00565	0.00283	0.00707
24	0.01676	0.01422	0.01500	0.01329	0.01706	0.01639	0.01039	0.08914	0.66502	0.02814	0.02543	0.02341	0.01902	0.00868	0.00657	0.00217	0.00528	0.00718	0.00657	0.01029
25	0.00769	0.00655	0.00661	0.00660	0.00876	0.00548	0.00495	0.00937	0.01484	0.01773	0.08703	0.06173	0.70825	0.01626	0.00764	0.00218	0.00327	0.01357	0.00604	0.00548
26	0.01766	0.01426	0.01521	0.01329	0.01718	0.01627	0.01044	0.11608	0.60683	0.05959	0.02496	0.02298	0.01850	0.00861	0.00656	0.00215	0.00537	0.00709	0.00662	0.01035
27	0.00853	0.00579	0.00773	0.00907	0.00959	0.00538	0.00611	0.00969	0.01256	0.03885	0.03530	0.74554	0.04191	0.01986	0.00819	0.00260	0.00380	0.01800	0.00606	0.00543
28	0.00812	0.00573	0.00743	0.00869	0.00900	0.00541	0.00566	0.00906	0.01190	0.01586	0.03317	0.65255	0.03966	0.14060	0.01219	0.00321	0.00415	0.01693	0.00566	0.00504
29	0.01766	0.00859	0.01119	0.01000	0.01276	0.00783	0.00761	0.02051	0.05482	0.32982	0.10756	0.25818	0.06575	0.04610	0.00837	0.00240	0.00459	0.01126	0.00693	0.00806
30	0.00908	0.00694	0.00790	0.00773	0.00957	0.00641	0.00576	0.01239	0.06180	0.02167	0.30845	0.10592	0.32821	0.01436	0.00739	0.00211	0.00333	0.01232	0.06264	0.00603
31	0.02381	0.01737	0.01876	0.01460	0.01957	0.01917	0.01205	0.63751	0.06445	0.05741	0.01690	0.01791	0.01238	0.00813	0.00655	0.00199	0.00693	0.02724	0.00649	0.01079
32	0.00816	0.00652	0.00702	0.00692	0.00870	0.00568	0.00502	0.00986	0.01476	0.01850	0.19072	0.05692	0.50858	0.11148	0.01083	0.00267	0.00361	0.01271	0.00596	0.00539
33	0.24900	0.00947	0.01032	0.00925	0.01218	0.00953	0.00711	0.01919	0.02908	0.22275	0.08061	0.16252	0.04204	0.07826	0.00851	0.00249	0.00476	0.00871	0.02676	0.00745
34	0.08790	0.01060	0.01309	0.01061	0.01460	0.01000	0.00853	0.07429	0.03860	0.43888	0.09673	0.04863	0.04292	0.03919	0.00747	0.00218	0.00513	0.00745	0.03386	0.00935
35	0.01039	0.00683	0.00895	0.00854	0.01020	0.00626	0.00643	0.01313	0.01742	0.07414	0.55842	0.12833	0.07587	0.01389	0.00766	0.00213	0.00340	0.03473	0.00698	0.00632
36	0.00960	0.00704	0.00820	0.00846	0.01055	0.00628	0.00684	0.01173	0.01507	0.05462	0.07474	0.06295	0.46417	0.01629	0.00797	0.00241	0.00419	0.21689	0.00612	0.00590
37	0.00990	0.00739	0.01066	0.01047	0.01176	0.00854	0.00812	0.04191	0.01122	0.01604	0.01733	0.02552	0.01617	0.07085	0.69124	0.00988	0.01649	0.00696	0.00361	0.00593
38	0.01253	0.00923	0.01001	0.00910	0.01064	0.00975	0.00623	0.11876	0.12114	0.01944	0.02477	0.03736	0.08745	0.47059	0.02254	0.00461	0.00594	0.00894	0.00490	0.00608
39	0.02824	0.01220	0.01574	0.01207	0.01710	0.01129	0.00997	0.14706	0.02051	0.61866	0.02379	0.02089	0.01514	0.00796	0.00649	0.00199	0.00577	0.00638	0.00774	0.01099
40	0.00931	0.00625	0.00718	0.00726	0.00731	0.00627	0.00416	0.00945	0.00958	0.01281	0.02103	0.07839	0.02422	0.71076	0.05547	0.00622	0.00651	0.00977	0.00401	0.00404
41	0.01128	0.00841	0.01002	0.00926	0.01139	0.00853	0.00705	0.01789	0.18587	0.04084	0.49416	0.04151	0.07330	0.01193	0.00723	0.00205	0.00360	0.01038	0.03815	0.00716
42	0.01235	0.01163	0.01965	0.72947	0.07127	0.01439	0.01802	0.01664	0.01299	0.01669	0.01151	0.01718	0.00868	0.00643	0.00646	0.00214	0.00858	0.00574	0.00288	0.00730
43	0.02001	0.48129	0.02776	0.01319	0.01793	0.27917	0.01161	0.05172	0.01570	0.01653	0.00962	0.01104	0.00842	0.00602	0.00484	0.00151	0.00859	0.00381	0.00312	0.00813
44	0.01507	0.10707	0.28565	0.01565	0.02173	0.06513	0.07194	0.02405	0.21573	0.02158	0.01757	0.01840	0.03246	0.00717	0.00609	0.00197	0.00769	0.00586	0.05011	0.00908
45	0.07951	0.09807	0.10828	0.01398	0.01890	0.16051	0.01242	0.12302	0.18533	0.11240	0.01658	0.01646	0.01223	0.00725	0.00591	0.00191	0.00746	0.00538	0.00503	0.00937
46	0.05382	0.14054	0.02036	0.01513	0.01909	0.48714	0.01196	0.11983	0.03964	0.02002	0.01104	0.01232	0.00897	0.00668	0.00561	0.00169	0.00985	0.00435	0.00380	0.00816
47	0.00985	0.00845	0.02970	0.00894	0.01099	0.00776	0.00703	0.01375	0.08441	0.02131	0.29718	0.06521	0.23613	0.07634	0.01006	0.00250	0.03101	0.04536	0.00603	0.02798
48	0.01496	0.14870	0.40664	0.01969	0.04976	0.06428	0.16719	0.02066	0.01424	0.01939	0.01141	0.01387	0.00862	0.00591	0.00612	0.00194	0.00949	0.00516	0.00290	0.00906
49	0.04633	0.39318	0.13385	0.04330	0.04036	0.15037	0.01378	0.04609	0.01459	0.01777	0.00996	0.01187	0.00841	0.00621	0.00572	0.00168	0.04099	0.00412	0.00306	0.00835
50	0.02414	0.03079	0.01831	0.01665	0.01998	0.74698	0.01248	0.02580	0.01831	0.01581	0.00999	0.01165	0.00832	0.00666	0.00583	0.00166	0.01165	0.00416	0.00333	0.00749
51	0.00796	0.00647	0.00716	0.00750	0.00928	0.00568	0.00561	0.00966	0.01424	0.01750	0.07141	0.17745	0.52608	0.01842	0.04001	0.00266	0.00413	0.05740	0.00591	0.00548
52	0.01141	0.00639	0.00979	0.05257	0.03709	0.00656	0.00708	0.00955	0.00923	0.01230	0.01243	0.02206	0.01235	0.02069	0.02267	0.69536	0.00588	0.04013	0.00298	0.00348
53	0.02728	0.03376	0.01597	0.01196	0.01689	0.01153	0.00989	0.10339	0.06869	0.59308	0.02402	0.02112	0.01550	0.00796	0.00643	0.00199	0.00568	0.00640	0.00759	0.01086
54	0.81856	0.01250	0.00950	0.00850	0.01250	0.01449	0.00700	0.01899	0.01100	0.02899	0.00900	0.01050	0.00700	0.00600	0.00400	0.00200	0.00500	0.00350	0.00400	0.00700
55	0.00936	0.00706	0.00850	0.00885	0.01046	0.00663	0.00687	0.03628	0.01515	0.01953	0.14422	0.15646	0.28055	0.07098	0.00983	0.00271	0.00436	0.19044	0.00601	0.00574
56	0.00996	0.00710	0.00938	0.01037	0.03869	0.00718	0.00720	0.03740	0.01405	0.01997	0.13462	0.38757	0.03606	0.01856	0.07212	0.00303	0.02646	0.04260	0.11165	0.00602
57	0.01226	0.00636	0.00647	0.00634	0.00794	0.00639	0.00478	0.03303	0.01417	0.02459	0.04888	0.02482	0.01817	0.00776	0.00469	0.00154	0.00312	0.00624	0.75631	0.00615
58	0.00996	0.00665	0.00803	0.00760	0.00937	0.00607	0.00573	0.01270	0.01686	0.04768	0.46448	0.04638	0.18485	0.01278	0.00710	0.00198	0.00317	0.01102	0.13148	0.00612
59	0.00893	0.00676	0.00781	0.00756	0.00941	0.00613	0.00571	0.01181	0.03539	0.02222	0.37739	0.05226	0.33004	0.01411	0.00742	0.00208	0.00326	0.02669	0.05908	0.00594
60	0.00931	0.00626	0.00720	0.00728	0.00734	0.00628	0.00418	0.00946	0.00959	0.01283	0.02101	0.07829	0.02417	0.70633	0.05984	0.00624	0.00657	0.00975	0.00400	0.00406
61	0.00932	0.00623	0.00707	0.00715	0.00716	0.00621	0.00402	0.00938	0.00955	0.01273	0.02113	0.07896	0.02446	0.73492	0.03164	0.00608	0.00614	0.00985	0.00402	0.00398
62	0.00940	0.00626	0.00705	0.00705	0.00705	0.00626	0.00392	0.00940	0.00940	0.01253	0.02036	0.04228	0.02349	0.77292	0.03289	0.00626	0.00626	0.00940	0.00392	0.00392
63	0.00845	0.00591	0.00767	0.00891	0.00961	0.00556	0.00627	0.00998	0.01304	0.01770	0.06174	0.58661	0.07574	0.01866	0.00800	0.00254	0.00386	0.08213	0.06222	0.00541
64	0.00802	0.00683	0.00693	0.00686	0.00907	0.00589	0.00516	0.01035	0.04232	0.01813	0.08761	0.06021	0.67850	0.01596	0.00759	0.00218	0.00334	0.01332	0.00606	0.00566
65	0.00800	0.00653	0.00708	0.00701	0.00897	0.00560	0.00523	0.00996	0.01550	0.01944	0.22254	0.08311	0.54705	0.01575	0.00765	0.00216	0.00324	0.01333	0.00627	0.00560
66	0.02456	0.01810	0.01939	0.01487	0.02004	0.02004	0.01228	0.71107	0.03038	0.04072	0.01551	0.01551	0.01099	0.00776	0.00646	0.00194	0.00711	0.00582	0.00646	0.01099
67	0.00870	0.00656	0.00804	0.00773	0.00940	0.00590	0.00578	0.01131	0.01714	0.02334	0.52869	0.07602	0.23915	0.01429	0.00765	0.00209	0.00313	0.01243	0.00678	0.00590
68	0.00786	0.00569	0.00743	0.00882	0.00933	0.00526	0.00592	0.00902	0.01254	0.01656	0.03774	0.71833	0.09174	0.01997	0.00820	0.00259	0.00371	0.01803	0.00600	0.00526
69	0.02350	0.01222	0.01483	0.01220	0.01662	0.01229	0.00981	0.03270	0.31677	0.43558	0.02583	0.02289	0.01758	0.00832	0.00653	0.00208	0.00533	0.00684	0.00739	0.01067
70	0.00940	0.00626	0.00705	0.00705	0.00705	0.00626	0.00392	0.00940	0.00940	0.01253	0.02036	0.04228	0.02349	0.77292	0.03289	0.00626	0.00626	0.00940	0.00392	0.00392
71	0.01340	0.01148	0.01340	0.00957	0.01531	0.00861	0.00766	0.01627	0.01340	0.02105	0.01148	0.01340	0.00957	0.00479	0.00479	0.00096	0.00479	0.00383	0.00383	0.81242
72	0.02414	0.03079	0.01831	0.01665	0.01998	0.74698	0.01248	0.02580	0.01831	0.01581	0.00999	0.01165	0.00832	0.00666	0.00583	0.00166	0.01165	0.00416	0.00333	0.00749
73	0.81856	0.01250	0.00950	0.00850	0.01250	0.01449	0.00700	0.01899	0.01100	0.02899	0.00900	0.01050	0.00700	0.00600	0.00400	0.00200	0.00500	0.00350	0.00400	0.00700
74	0.01340	0.01148	0.01340	0.00957	0.01531	0.00861	0.00766	0.01627	0.01340	0.02105	0.01148	0.01340	0.00957	0.00479	0.00479	0.00096	0.00479	0.00383	0.00383	0.81242
75	0.00940	0.00626	0.00705	0.00705	0.00705	0.00626	0.00392	0.00940	0.00940	0.01253	0.02036	0.04228	0.02349	0.77292	0.03289	0.00626	0.00626	0.00940	0.00392	0.00392
76	0.01418	0.01219	0.01282	0.01168	0.01497	0.01365	0.00904	0.02865	0.55831	0.02510	0.05689	0.03243	0.16166	0.01041	0.00682	0.00218	0.00468	0.00870	0.00648	0.00915
77	0.01220	0.01148	0.01938	0.75739	0.04450	0.01436	0.01794	0.01651	0.01292	0.01651	0.01148	0.01723	0.00861	0.00646	0.00646	0.00215	0.00861	0.00574	0.00287	0.00718
78	0.01340	0.01148	0.01340	0.00957	0.01531	0.00861	0.00766	0.01627	0.01340	0.02105	0.01148	0.01340	0.00957	0.00479	0.00479	0.00096	0.00479	0.00383	0.00383	0.81242
79	0.01414	0.01414	0.01979	0.01696	0.01696	0.01979	0.01414	0.01555	0.00990	0.01555	0.00848	0.01414	0.00848	0.01131	0.02120	0.00283	0.76110	0.00565	0.00283	0.00707
80	0.01340	0.01148	0.01340	0.00957	0.01531	0.00861	0.00766	0.01627	0.01340	0.02105	0.01148	0.01340	0.00957	0.00479	0.00479	0.00096	0.00479	0.00383	0.00383	0.81242
81	0.02403	0.00990	0.01341	0.01065	0.01478	0.00865	0.00865	0.02667	0.01844	0.55931	0.20140	0.02856	0.02724	0.00930	0.00678	0.00201	0.00489	0.00779	0.00778	0.00977
82	0.00884	0.00652	0.00815	0.00786	0.00935	0.00595	0.00579	0.01139	0.01692	0.02331	0.54501	0.09145	0.16764	0.05248	0.00893	0.00230	0.00329	0.01227	0.00671	0.00583
83	0.01122	0.00561	0.00842	0.00842	0.00842	0.00561	0.00561	0.00842	0.00842	0.01122	0.01122	0.01964	0.01122	0.02245	0.02525	0.81201	0.00561	0.00561	0.00281	0.00281
84	0.01230	0.01158	0.01956	0.73879	0.06234	0.01438	0.01799	0.01659	0.01297	0.01663	0.01150	0.01719	0.00866	0.00644	0.00646	0.00215	0.00859	0.00574	0.00288	0.00726
85	0.00857	0.00675	0.00788	0.00831	0.01014	0.00606	0.00660	0.01070	0.01503	0.01883	0.12684	0.09892	0.43328	0.01663	0.00802	0.00241	0.00401	0.19926	0.00611	0.00565
86	0.00884	0.00641	0.00834	0.00825	0.00957	0.00591	0.00604	0.01146	0.01700	0.02376	0.56961	0.19151	0.07967	0.01471	0.00775	0.00215	0.00319	0.01307	0.00685	0.00591
87	0.00940	0.00626	0.00705	0.00705	0.00705	0.00626	0.00392	0.00940	0.00940	0.01253	0.02036	0.04228	0.02349	0.77292	0.03289	0.00626	0.00626	0.00940	0.00392	0.00392
88	0.81856	0.01250	0.00950	0.00850	0.01250	0.01449	0.00700	0.01899	0.01100	0.02899	0.00900	0.01050	0.00700	0.00600	0.00400	0.00200	0.00500	0.00350	0.00400	0.00700
89	0.01050	0.00618	0.00748	0.00820	0.00928	0.00598	0.00600	0.01260	0.01323	0.04097	0.02895	0.34532	0.03037	0.03747	0.00756	0.00232	0.00386	0.09585	0.32210	0.00577
90	0.02456	0.01810	0.01939	0.01487	0.02004	0.02004	0.01228	0.71107	0.03038	0.04072	0.01551	0.01551	0.01099	0.00776	0.00646	0.00194	0.00711	0.00582	0.00646	0.01099
91	0.00910	0.00660	0.00857	0.00808	0.00962	0.00608	0.00606	0.01210	0.01818	0.02565	0.70849	0.04870	0.08185	0.01331	0.00762	0.00204	0.00306	0.01175	0.00708	0.00608
92	0.00786	0.00569	0.00743	0.00882	0.00933	0.00526	0.00592	0.00902	0.01254	0.01656	0.03772	0.71890	0.09118	0.01997	0.00820	0.00259	0.00372	0.01803	0.00600	0.00526
93	0.00923	0.00692	0.01038	0.01038	0.01154	0.00808	0.00808	0.01154	0.01038	0.01500	0.01731	0.02538	0.01615	0.04846	0.74732	0.01038	0.01731	0.00692	0.00346	0.00577
94	0.00834	0.00723	0.04930	0.00941	0.01036	0.00584	0.00696	0.00992	0.01249	0.01705	0.03361	0.69311	0.03962	0.01888	0.00796	0.00254	0.00405	0.01705	0.04075	0.00553
95	0.00883	0.00637	0.00855	0.00989	0.01081	0.00609	0.00755	0.01073	0.01364	0.01793	0.06205	0.44773	0.08068	0.01889	0.00844	0.00271	0.00450	0.26304	0.00602	0.00555
96	0.19546	0.00971	0.01028	0.00929	0.01195	0.01020	0.00719	0.06356	0.06469	0.12664	0.04833	0.04860	0.01966	0.14787	0.01071	0.00280	0.00509	0.06442	0.13638	0.00717
97	0.00835	0.00572	0.00744	0.00880	0.00932	0.00539	0.00599	0.00971	0.01256	0.01731	0.03417	0.67571	0.04004	0.01894	0.00791	0.00253	0.00374	0.03758	0.08344	0.00534
98	0.00943	0.00790	0.01318	0.01228	0.01392	0.00741	0.13070	0.01161	0.01360	0.01832	0.10077	0.52869	0.03844	0.01680	0.00811	0.00250	0.00505	0.04966	0.00562	0.00598
99	0.00940	0.00626	0.00705	0.00705	0.00705	0.00626	0.00392	0.00940	0.00940	0.01253	0.02036	0.04228	0.02349	0.77292	0.03289	0.00626	0.00626	0.00940	0.00392	0.00392
100	0.00851	0.00608	0.00806	0.00934	0.01001	0.00578	0.00671	0.01002	0.01297	0.01719	0.06250	0.53837	0.05898	0.06786	0.00993	0.00289	0.00430	0.14926	0.00590	0.00534
101	0.00863	0.00620	0.00835	0.00980	0.01056	0.00591	0.00730	0.01033	0.01319	0.01738	0.03604	0.53878	0.06063	0.01941	0.00843	0.00272	0.00440	0.22048	0.00598	0.00547
102	0.00940	0.00626	0.00705	0.00705	0.00705	0.00626	0.00392	0.00940	0.00940	0.01253	0.02036	0.04228	0.02349	0.77292	0.03289	0.00626	0.00626	0.00940	0.00392	0.00392
103	0.01525	0.01743	0.03813	0.02723	0.03377	0.01634	0.70915	0.02070	0.01525	0.02070	0.01307	0.01743	0.00980	0.00545	0.00763	0.00218	0.01089	0.00763	0.00327	0.00871
104	0.02223	0.13540	0.02155	0.04096	0.04840	0.50562	0.03256	0.08498	0.01823	0.01830	0.01055	0.01232	0.00868	0.00652	0.00573	0.00169	0.01029	0.00442	0.00350	0.00805
105	0.00965	0.00747	0.01093	0.01077	0.01192	0.00885	0.00841	0.01234	0.03064	0.01540	0.01752	0.04169	0.01646	0.04475	0.67151	0.00958	0.05546	0.00713	0.00357	0.00595
106	0.01659	0.05589	0.16631	0.02736	0.33107	0.04794	0.09832	0.10019	0.01640	0.02269	0.01226	0.01506	0.00966	0.00601	0.00629	0.00189	0.00835	0.00552	0.00351	0.04868
107	0.01767	0.01402	0.01503	0.01317	0.01704	0.01593	0.01034	0.08924	0.61555	0.07784	0.02536	0.02326	0.01875	0.00863	0.00656	0.00216	0.00530	0.00713	0.00667	0.01034
108	0.00859	0.00658	0.00786	0.00754	0.00931	0.00586	0.00566	0.01112	0.01698	0.02279	0.48422	0.05340	0.30791	0.01437	0.00763	0.00209	0.00313	0.01241	0.00670	0.00586
109	0.01276	0.01163	0.01808	0.36631	0.17569	0.03413	0.01586	0.01648	0.01389	0.01814	0.01782	0.03190	0.01679	0.01066	0.03006	0.00257	0.00807	0.18794	0.00379	0.00744
110	0.16565	0.04905	0.08845	0.05064	0.14678	0.23470	0.01401	0.05513	0.01513	0.02083	0.01082	0.01350	0.00887	0.00830	0.03558	0.00226	0.06394	0.00472	0.00345	0.00818
111	0.00770	0.00655	0.00663	0.00661	0.00876	0.00548	0.00496	0.00939	0.01487	0.01779	0.09165	0.06163	0.70359	0.01624	0.00764	0.00218	0.00326	0.01356	0.00604	0.00548
112	0.00863	0.00603	0.00746	0.00829	0.00865	0.00580	0.00538	0.00943	0.01140	0.01510	0.03044	0.40687	0.05962	0.32461	0.01824	0.00410	0.00488	0.05515	0.00515	0.00476
113	0.00901	0.00664	0.00898	0.00887	0.01010	0.00680	0.00661	0.01130	0.01379	0.01927	0.29676	0.08255	0.08802	0.09095	0.30447	0.00576	0.00905	0.01014	0.00524	0.00569
114	0.01122	0.00561	0.00842	0.00842	0.00842	0.00561	0.00561	0.00842	0.00842	0.01122	0.01122	0.01964	0.01122	0.02245	0.02525	0.81201	0.00561	0.00561	0.00281	0.00281
115	0.00847	0.00627	0.00750	0.00802	0.00904	0.00578	0.00560	0.00989	0.01334	0.01735	0.13027	0.28176	0.22762	0.17498	0.01318	0.00321	0.00421	0.06262	0.00571	0.00519
116	0.01727	0.77681	0.03386	0.01106	0.01658	0.02557	0.01106	0.01935	0.01313	0.01520	0.00898	0.01036	0.00829	0.00553	0.00415	0.00138	0.00691	0.00345	0.00276	0.00829
117	0.01340	0.01148	0.01340	0.00957	0.01531	0.00861	0.00766	0.01627	0.01340	0.02105	0.01148	0.01340	0.00957	0.00479	0.00479	0.00096	0.00479	0.00383	0.00383	0.81242
118	0.08757	0.01903	0.12869	0.04229	0.29897	0.06033	0.01647	0.16520	0.05627	0.04423	0.01347	0.01543	0.01032	0.00655	0.00614	0.00196	0.00767	0.00543	0.00419	0.00979
119	0.00787	0.00562	0.00750	0.00900	0.00937	0.00525	0.00600	0.00900	0.01237	0.01649	0.03561	0.76871	0.04274	0.02024	0.00825	0.00262	0.00375	0.01837	0.00600	0.00525
120	0.01766	0.01819	0.18638	0.16326	0.20025	0.01452	0.04005	0.07756	0.01598	0.15763	0.01462	0.01678	0.01054	0.00673	0.00688	0.00205	0.03145	0.00573	0.00420	0.00955
121	0.02047	0.15873	0.06174	0.01497	0.01905	0.25414	0.01275	0.15704	0.08379	0.04169	0.01272	0.01404	0.01012	0.00746	0.00770	0.00189	0.10386	0.00494	0.00417	0.00873
122	0.00940	0.00626	0.00705	0.00705	0.00705	0.00626	0.00392	0.00940	0.00940	0.01253	0.02036	0.04228	0.02349	0.77292	0.03289	0.00626	0.00626	0.00940	0.00392	0.00392
123	0.01480	0.01426	0.01991	0.07100	0.03847	0.01930	0.01443	0.06579	0.01172	0.01758	0.00930	0.01451	0.00872	0.01055	0.01868	0.00269	0.63207	0.00568	0.00310	0.00744
124	0.00764	0.00655	0.00655	0.00655	0.00873	0.00545	0.00491	0.00927	0.01473	0.01745	0.06546	0.06218	0.73000	0.01636	0.00764	0.00218	0.00327	0.01364	0.00600	0.00545
125	0.01847	0.64643	0.03114	0.01203	0.01718	0.15165	0.01131	0.02048	0.01403	0.01531	0.00916	0.01059	0.00830	0.00573	0.00444	0.00143	0.00774	0.00358	0.00286	0.00815
126	0.01144	0.00822	0.01101	0.01202	0.01376	0.00836	0.01039	0.06897	0.01601	0.02093	0.03277	0.09576	0.03531	0.01714	0.00870	0.00288	0.00596	0.60805	0.00599	0.00632
127	0.01612	0.57871	0.22188	0.01302	0.01962	0.02275	0.01447	0.01964	0.01327	0.01660	0.00968	0.01124	0.00826	0.00569	0.00468	0.00156	0.00761	0.00381	0.00275	0.00863
128	0.01588	0.01523	0.02602	0.06149	0.71169	0.01532	0.01977	0.01973	0.01466	0.02097	0.01213	0.01603	0.01019	0.00578	0.00640	0.00193	0.00770	0.00576	0.00319	0.01014
129	0.01327	0.07654	0.67924	0.01822	0.02745	0.01566	0.04156	0.02040	0.01365	0.02016	0.01148	0.01355	0.00823	0.00608	0.00606	0.00201	0.00943	0.00477	0.00274	0.00945
130	0.00923	0.00692	0.01038	0.01038	0.01154	0.00808	0.00808	0.01154	0.01038	0.01500	0.01731	0.02538	0.01615	0.04846	0.74732	0.01038	0.01731	0.00692	0.00346	0.00577
131	0.72778	0.01232	0.01013	0.00884	0.01296	0.01392	0.00728	0.02043	0.01186	0.11040	0.01089	0.01182	0.00803	0.00623	0.00429	0.00200	0.00506	0.00384	0.00446	0.00746
132	0.01142	0.00711	0.00937	0.00852	0.01044	0.00649	0.00649	0.01441	0.01831	0.10754	0.64843	0.04525	0.05580	0.01261	0.00749	0.00203	0.00333	0.01109	0.00721	0.00666
133	0.02414	0.03079	0.01831	0.01665	0.01998	0.74698	0.01248	0.02580	0.01831	0.01581	0.00999	0.01165	0.00832	0.00666	0.00583	0.00166	0.01165	0.00416	0.00333	0.00749
134	0.01204	0.00602	0.00602	0.00602	0.00753	0.00602	0.00452	0.01506	0.01355	0.02409	0.02108	0.02409	0.01656	0.00753	0.00452	0.00151	0.00301	0.00602	0.80879	0.00602
135	0.02409	0.01786	0.01912	0.01477	0.01986	0.01982	0.01217	0.67339	0.06883	0.03996	0.01611	0.01599	0.01147	0.00781	0.00647	0.00195	0.00700	0.00590	0.00647	0.01095
136	0.01580	0.60992	0.10976	0.01145	0.01704	0.02222	0.01186	0.01849	0.01350	0.01636	0.04124	0.01583	0.06084	0.00665	0.00475	0.00154	0.00680	0.00464	0.00316	0.00815
137	0.00819	0.00655	0.00742	0.00742	0.00926	0.00578	0.00557	0.01023	0.01533	0.01955	0.23378	0.09986	0.46439	0.01721	0.03989	0.00255	0.00393	0.03130	0.00618	0.00564
138	0.01994	0.01685	0.01672	0.01408	0.01828	0.07679	0.01119	0.28993	0.40250	0.03131	0.02089	0.01984	0.01549	0.00821	0.00647	0.00205	0.00640	0.00649	0.00627	0.01029
139	0.00901	0.00635	0.00784	0.00792	0.00895	0.00586	0.00543	0.01016	0.01336	0.01798	0.22245	0.20902	0.14939	0.17255	0.01471	0.08710	0.00423	0.01217	0.00547	0.03003
140	0.01438	0.07249	0.55729	0.01923	0.04570	0.01576	0.10003	0.04216	0.01449	0.04197	0.01216	0.01425	0.00875	0.00612	0.00622	0.00202	0.00931	0.00513	0.00308	0.00949
141	0.01390	0.01321	0.02244	0.43635	0.35229	0.01480	0.01879	0.01799	0.01372	0.01857	0.01178	0.01667	0.00934	0.00615	0.00643	0.00205	0.00819	0.00575	0.00302	0.00855
142	0.00799	0.00648	0.00709	0.00710	0.00899	0.00558	0.00526	0.00990	0.01533	0.01927	0.21140	0.11679	0.52428	0.01598	0.00768	0.00218	0.00326	0.01359	0.00625	0.00558
143	0.01152	0.00692	0.01075	0.01232	0.09337	0.00707	0.00759	0.01015	0.00941	0.01287	0.01212	0.01996	0.01175	0.02386	0.11643	0.61376	0.00737	0.00580	0.00294	0.00406
144	0.15996	0.13601	0.06973	0.01361	0.01843	0.16166	0.01187	0.27716	0.02011	0.02755	0.01209	0.01333	0.00935	0.00826	0.03249	0.00213	0.00814	0.00470	0.00449	0.00891
145	0.01461	0.01424	0.01938	0.01661	0.01705	0.01951	0.01378	0.03857	0.06519	0.01721	0.01007	0.01495	0.00942	0.01100	0.01962	0.00275	0.67959	0.00579	0.00323	0.00743
146	0.00861	0.00625	0.00819	0.00888	0.00991	0.00582	0.00649	0.01067	0.01490	0.02020	0.28080	0.38653	0.09272	0.01724	0.00807	0.00243	0.00374	0.09652	0.00638	0.00564
147	0.01727	0.77681	0.03386	0.01106	0.01658	0.02557	0.01106	0.01935	0.01313	0.01520	0.00898	0.01036	0.00829	0.00553	0.00415	0.00138	0.00691	0.00345	0.00276	0.00829
148	0.01150	0.00738	0.00915	0.00833	0.01038	0.00683	0.00636	0.03971	0.01796	0.08879	0.50319	0.04483	0.13971	0.01256	0.00726	0.00201	0.00345	0.01086	0.06313	0.00663
149	0.00940	0.00626	0.00705	0.00705	0.00705	0.00626	0.00392	0.00940	0.00940	0.01253	0.02036	0.04228	0.02349	0.77292	0.03289	0.00626	0.00626	0.00940	0.00392	0.00392
150	0.02899	0.01100	0.01499	0.01150	0.01649	0.00950	0.00950	0.03149	0.01849	0.73709	0.02549	0.02199	0.01599	0.00800	0.00650	0.00200	0.00550	0.00650	0.00800	0.01100
151	0.01005	0.00606	0.00833	0.00875	0.00946	0.00572	0.00606	0.01047	0.01270	0.04825	0.17242	0.36366	0.03601	0.01890	0.01309	0.24285	0.00423	0.01267	0.00537	0.00495
152	0.41662	0.01173	0.01230	0.01002	0.01453	0.01195	0.00827	0.02535	0.01481	0.38946	0.01739	0.01635	0.01158	0.00702	0.00527	0.00200	0.00525	0.00503	0.00603	0.00903
153	0.01414	0.01414	0.01979	0.01696	0.01696	0.01979	0.01414	0.01555	0.00990	0.01555	0.00848	0.01414	0.00848	0.01131	0.02120	0.00283	0.76110	0.00565	0.00283	0.00707
154	0.00939	0.00630	0.00724	0.00724	0.00731	0.00637	0.00416	0.00952	0.00945	0.01267	0.02018	0.04129	0.02306	0.73048	0.07475	0.00651	0.00691	0.00925	0.00389	0.00402
155	0.00835	0.00600	0.00770	0.00891	0.00936	0.00576	0.00590	0.00997	0.03780	0.01640	0.03344	0.65433	0.03959	0.11026	0.01115	0.00305	0.00410	0.01689	0.00577	0.00527
156	0.81856	0.01250	0.00950	0.00850	0.01250	0.01449	0.00700	0.01899	0.01100	0.02899	0.00900	0.01050	0.00700	0.00600	0.00400	0.00200	0.00500	0.00350	0.00400	0.00700
157	0.01122	0.00561	0.00842	0.00842	0.00842	0.00561	0.00561	0.00842	0.00842	0.01122	0.01122	0.01964	0.01122	0.02245	0.02525	0.81201	0.00561	0.00561	0.00281	0.00281
158	0.01918	0.00935	0.01235	0.01110	0.01431	0.00872	0.00904	0.02291	0.07429	0.35878	0.06088	0.13180	0.05000	0.01251	0.00740	0.00234	0.00518	0.17426	0.00703	0.00858
159	0.00934	0.00624	0.00706	0.00712	0.00713	0.00623	0.00399	0.00938	0.00950	0.01267	0.02091	0.06872	0.02419	0.74553	0.03199	0.00613	0.00617	0.00972	0.00399	0.00396
160	0.01599	0.01535	0.02623	0.03966	0.73262	0.01535	0.01983	0.01983	0.01471	0.02111	0.01215	0.01599	0.01023	0.00576	0.00640	0.00192	0.00768	0.00576	0.00320	0.01023
161	0.10826	0.01115	0.01444	0.01119	0.01609	0.01000	0.00925	0.03023	0.01774	0.66600	0.02384	0.02084	0.01509	0.00780	0.00625	0.00200	0.00545	0.00620	0.00760	0.01059
162	0.00832	0.00657	0.00749	0.00726	0.00915	0.00574	0.00545	0.01059	0.01634	0.02127	0.36508	0.05590	0.42799	0.01494	0.00763	0.00211	0.00317	0.01276	0.00650	0.00574
163	0.00787	0.00562	0.00750	0.00900	0.00937	0.00525	0.00600	0.00900	0.01237	0.01649	0.03561	0.76871	0.04274	0.02024	0.00825	0.00262	0.00375	0.01837	0.00600	0.00525
164	0.00804	0.00653	0.00693	0.00685	0.00873	0.00563	0.00502	0.00976	0.01484	0.01840	0.17008	0.05813	0.55763	0.08317	0.00988	0.00252	0.00350	0.01294	0.00600	0.00542
165	0.01220	0.01148	0.01938	0.75739	0.04450	0.01436	0.01794	0.01651	0.01292	0.01651	0.01148	0.01723	0.00861	0.00646	0.00646	0.00215	0.00861	0.00574	0.00287	0.00718
166	0.01414	0.01414	0.01979	0.01696	0.01696	0.01979	0.01414	0.01555	0.00990	0.01555	0.00848	0.01414	0.00848	0.01131	0.02120	0.00283	0.76110	0.00565	0.00283	0.00707
167	0.01180	0.00817	0.01048	0.01081	0.01245	0.00845	0.00842	0.04024	0.10246	0.06367	0.02955	0.26402	0.03103	0.06119	0.10292	0.00379	0.00665	0.21151	0.00576	0.00663
168	0.81856	0.01250	0.00950	0.00850	0.01250	0.01449	0.00700	0.01899	0.01100	0.02899	0.00900	0.01050	0.00700	0.00600	0.00400	0.00200	0.00500	0.00350	0.00400	0.00700
169	0.00766	0.00646	0.00663	0.00676	0.00878	0.00544	0.00501	0.00925	0.01452	0.01737	0.06281	0.12486	0.66903	0.01671	0.00769	0.00222	0.00332	0.01406	0.00600	0.00544
170	0.00840	0.00567	0.00731	0.00862	0.00914	0.00535	0.00581	0.00976	0.01252	0.01746	0.03377	0.67448	0.03942	0.01863	0.00778	0.00248	0.00366	0.01681	0.10759	0.00535
171	0.01122	0.00561	0.00842	0.00842	0.00842	0.00561	0.00561	0.00842	0.00842	0.01122	0.01122	0.01964	0.01122	0.02245	0.02525	0.81201	0.00561	0.00561	0.00281	0.00281
172	0.02673	0.01089	0.01433	0.01125	0.01589	0.00980	0.00921	0.03058	0.07644	0.62827	0.02525	0.02231	0.01634	0.00803	0.00637	0.00198	0.00529	0.00653	0.06392	0.01058
173	0.00819	0.00680	0.00721	0.00717	0.00928	0.00592	0.00545	0.01053	0.03510	0.01888	0.14699	0.05981	0.59515	0.01582	0.00766	0.00220	0.00341	0.04261	0.00615	0.00569
174	0.02456	0.01810	0.01939	0.01487	0.02004	0.02004	0.01228	0.71107	0.03038	0.04072	0.01551	0.01551	0.01099	0.00776	0.00646	0.00194	0.00711	0.00582	0.00646	0.01099
175	0.00915	0.00649	0.00762	0.00735	0.00892	0.00593	0.00540	0.01158	0.01602	0.02238	0.40664	0.04824	0.22600	0.07522	0.00928	0.00235	0.00336	0.01127	0.11103	0.00574
176	0.01070	0.00776	0.01062	0.01196	0.01356	0.00787	0.01040	0.01444	0.05052	0.01972	0.03381	0.07042	0.03630	0.01739	0.00881	0.00294	0.00591	0.65471	0.00598	0.00617
177	0.01122	0.00561	0.00842	0.00842	0.00842	0.00561	0.00561	0.00842	0.00842	0.01122	0.01122	0.01964	0.01122	0.02245	0.02525	0.81201	0.00561	0.00561	0.00281	0.00281
178	0.01296	0.03342	0.73944	0.01842	0.02797	0.01501	0.02387	0.02046	0.01364	0.02046	0.01160	0.01364	0.00818	0.00614	0.00614	0.00205	0.00955	0.00477	0.00273	0.00955
179	0.00823	0.00646	0.00720	0.00718	0.00882	0.00569	0.00517	0.01000	0.01485	0.01896	0.22536	0.10709	0.43210	0.10164	0.01054	0.00264	0.00359	0.01300	0.00604	0.00543
180	0.01607	0.01388	0.01461	0.01315	0.01680	0.01607	0.01023	0.03433	0.72094	0.02703	0.02630	0.02411	0.01972	0.00877	0.00657	0.00219	0.00511	0.00731	0.00657	0.01023
181	0.01296	0.03342	0.73944	0.01842	0.02797	0.01501	0.02387	0.02046	0.01364	0.02046	0.01160	0.01364	0.00818	0.00614	0.00614	0.00205	0.00955	0.00477	0.00273	0.00955
182	0.00804	0.00660	0.00714	0.00741	0.00937	0.00570	0.00569	0.00985	0.01470	0.01788	0.07987	0.10930	0.58000	0.01670	0.00783	0.00230	0.00362	0.09644	0.00603	0.00552
183	0.02240	0.01178	0.01587	0.01288	0.01725	0.01139	0.05858	0.04711	0.17698	0.41211	0.02705	0.02827	0.04924	0.00923	0.00686	0.00215	0.00578	0.06807	0.00703	0.00997
184	0.00940	0.00626	0.00705	0.00705	0.00705	0.00626	0.00392	0.00940	0.00940	0.01253	0.02036	0.04228	0.02349	0.77292	0.03289	0.00626	0.00626	0.00940	0.00392	0.00392
185	0.02797	0.01101	0.01471	0.01134	0.01617	0.00971	0.00935	0.05591	0.01869	0.67522	0.02490	0.02186	0.01584	0.00796	0.00640	0.00197	0.00543	0.00645	0.04837	0.01074
186	0.01414	0.01414	0.01979	0.01696	0.01696	0.01979	0.01414	0.01555	0.00990	0.01555	0.00848	0.01414	0.00848	0.01131	0.02120	0.00283	0.76110	0.00565	0.00283	0.00707
187	0.00787	0.00562	0.00750	0.00900	0.00937	0.00525	0.00600	0.00900	0.01237	0.01649	0.03561	0.76871	0.04274	0.02024	0.00825	0.00262	0.00375	0.01837	0.00600	0.00525
188	0.00787	0.00562	0.00750	0.00900	0.00937	0.00525	0.00600	0.00900	0.01237	0.01649	0.03561	0.76871	0.04274	0.02024	0.00825	0.00262	0.00375	0.01837	0.00600	0.00525
189	0.01340	0.01148	0.01340	0.00957	0.01531	0.00861	0.00766	0.01627	0.01340	0.02105	0.01148	0.01340	0.00957	0.00479	0.00479	0.00096	0.00479	0.00383	0.00383	0.81242
190	0.02414	0.03079	0.01831	0.01665	0.01998	0.74698	0.01248	0.02580	0.01831	0.01581	0.00999	0.01165	0.00832	0.00666	0.00583	0.00166	0.01165	0.00416	0.00333	0.00749
191	0.00940	0.00626	0.00705	0.00705	0.00705	0.00626	0.00392	0.00940	0.00940	0.01253	0.02036	0.04228	0.02349	0.77292	0.03289	0.00626	0.00626	0.00940	0.00392	0.00392
192	0.01111	0.00734	0.00887	0.00839	0.01055	0.00666	0.00644	0.01407	0.04387	0.10220	0.31308	0.09407	0.28631	0.01421	0.00756	0.00217	0.00367	0.04622	0.00668	0.00653
193	0.01296	0.03342	0.73944	0.01842	0.02797	0.01501	0.02387	0.02046	0.01364	0.02046	0.01160	0.01364	0.00818	0.00614	0.00614	0.00205	0.00955	0.00477	0.00273	0.00955
194	0.01204	0.00602	0.00602	0.00602	0.00753	0.00602	0.00452	0.01506	0.01355	0.02409	0.02108	0.02409	0.01656	0.00753	0.00452	0.00151	0.00301	0.00602	0.80879	0.00602
195	0.01122	0.00561	0.00842	0.00842	0.00842	0.00561	0.00561	0.00842	0.00842	0.01122	0.01122	0.01964	0.01122	0.02245	0.02525	0.81201	0.00561	0.00561	0.00281	0.00281
196	0.01122	0.00561	0.00842	0.00842	0.00842	0.00561	0.00561	0.00842	0.00842	0.01122	0.01122	0.01964	0.01122	0.02245	0.02525	0.81201	0.00561	0.00561	0.00281	0.00281
197	0.01727	0.77681	0.03386	0.01106	0.01658	0.02557	0.01106	0.01935	0.01313	0.01520	0.00898	0.01036	0.00829	0.00553	0.00415	0.00138	0.00691	0.00345	0.00276	0.00829
198	0.02872	0.01143	0.01526	0.01170	0.01671	0.01013	0.00967	0.07261	0.01921	0.69496	0.02489	0.02160	0.01569	0.00798	0.00650	0.00200	0.00560	0.00646	0.00790	0.01100
199	0.00839	0.00590	0.00763	0.00858	0.00921	0.00551	0.00585	0.00944	0.01274	0.01692	0.10357	0.50940	0.10378	0.07291	0.01113	0.06107	0.00401	0.03315	0.00573	0.00510
200	0.00782	0.00654	0.00670	0.00667	0.00870	0.00554	0.00493	0.00947	0.01469	0.01774	0.10547	0.06029	0.65170	0.05436	0.00891	0.00238	0.00341	0.01330	0.00597	0.00542
201	0.00787	0.00562	0.00750	0.00900	0.00937	0.00525	0.00600	0.00900	0.01237	0.01649	0.03561	0.76871	0.04274	0.02024	0.00825	0.00262	0.00375	0.01837	0.00600	0.00525
202	0.01727	0.77681	0.03386	0.01106	0.01658	0.02557	0.01106	0.01935	0.01313	0.01520	0.00898	0.01036	0.00829	0.00553	0.00415	0.00138	0.00691	0.00345	0.00276	0.00829
203	0.00894	0.00660	0.00835	0.00791	0.00952	0.00601	0.00593	0.01179	0.01780	0.02474	0.63703	0.05020	0.15388	0.01365	0.00762	0.00205	0.00308	0.01196	0.00696	0.00601
204	0.00787	0.00576	0.00741	0.00868	0.00930	0.00529	0.00587	0.00911	0.01280	0.01684	0.05591	0.66535	0.12687	0.01960	0.00816	0.00256	0.00367	0.01763	0.00602	0.00529
205	0.00828	0.00637	0.00757	0.00769	0.00923	0.00566	0.00561	0.01036	0.01562	0.02056	0.31877	0.20755	0.32154	0.01596	0.00776	0.00222	0.00329	0.01388	0.00643	0.00566
206	0.01204	0.00602	0.00602	0.00602	0.00753	0.00602	0.00452	0.01506	0.01355	0.02409	0.02108	0.02409	0.01656	0.00753	0.00452	0.00151	0.00301	0.00602	0.80879	0.00602
207	0.02414	0.03079	0.01831	0.01665	0.01998	0.74698	0.01248	0.02580	0.01831	0.01581	0.00999	0.01165	0.00832	0.00666	0.00583	0.00166	0.01165	0.00416	0.00333	0.00749
208	0.79630	0.01245	0.00965	0.00858	0.01261	0.01435	0.00707	0.01935	0.01121	0.04896	0.00946	0.01082	0.00725	0.00605	0.00407	0.00200	0.00501	0.00358	0.00411	0.00711
209	0.00821	0.00571	0.00739	0.00866	0.00903	0.00540	0.00570	0.00928	0.01208	0.01634	0.03328	0.65579	0.03949	0.10629	0.01093	0.00300	0.00401	0.01685	0.03744	0.00513
210	0.81856	0.01250	0.00950	0.00850	0.01250	0.01449	0.00700	0.01899	0.01100	0.02899	0.00900	0.01050	0.00700	0.00600	0.00400	0.00200	0.00500	0.00350	0.00400	0.00700
211	0.00764	0.00655	0.00655	0.00655	0.00873	0.00545	0.00491	0.00927	0.01473	0.01745	0.06546	0.06218	0.73000	0.01636	0.00764	0.00218	0.00327	0.01364	0.00600	0.00545
212	0.01126	0.00563	0.00831	0.00831	0.00838	0.00563	0.00556	0.00871	0.00864	0.01178	0.01165	0.01983	0.01146	0.02180	0.02435	0.77674	0.00550	0.00563	0.03788	0.00295
213	0.01022	0.00639	0.00772	0.00757	0.00904	0.00610	0.00572	0.01318	0.01616	0.02457	0.40966	0.06735	0.04283	0.01161	0.00657	0.00191	0.00320	0.04268	0.30146	0.00603
214	0.81856	0.01250	0.00950	0.00850	0.01250	0.01449	0.00700	0.01899	0.01100	0.02899	0.00900	0.01050	0.00700	0.00600	0.00400	0.00200	0.00500	0.00350	0.00400	0.00700
215	0.00807	0.00576	0.00772	0.00922	0.00968	0.00542	0.00634	0.00933	0.01256	0.01671	0.03551	0.71539	0.04231	0.02006	0.00830	0.00265	0.00392	0.06977	0.00599	0.00530
216	0.01479	0.01373	0.02345	0.05600	0.49428	0.01385	0.07729	0.01853	0.04120	0.01963	0.01341	0.01882	0.01167	0.06056	0.03228	0.06410	0.00793	0.00625	0.00335	0.00887
217	0.00770	0.00647	0.00663	0.00674	0.00873	0.00546	0.00496	0.00926	0.01441	0.01725	0.06201	0.11376	0.65982	0.03750	0.00838	0.00233	0.00339	0.01387	0.00594	0.00540
218	0.01219	0.00631	0.00634	0.00629	0.00787	0.00640	0.00473	0.01577	0.03984	0.02420	0.02127	0.02409	0.01668	0.00757	0.00459	0.00153	0.00309	0.00607	0.77898	0.00618
219	0.01709	0.01594	0.04745	0.07529	0.41822	0.01568	0.10732	0.13289	0.01706	0.03975	0.01303	0.01637	0.01031	0.00677	0.00727	0.03208	0.00799	0.00599	0.00380	0.00969
220	0.01159	0.00890	0.01232	0.07537	0.13031	0.00869	0.00973	0.01468	0.04044	0.06545	0.08413	0.13929	0.25212	0.01329	0.00738	0.00225	0.00498	0.08847	0.02361	0.00699
221	0.00787	0.00562	0.00750	0.00900	0.00937	0.00525	0.00600	0.00900	0.01237	0.01649	0.03561	0.76871	0.04274	0.02024	0.00825	0.00262	0.00375	0.01837	0.00600	0.00525
222	0.01296	0.03342	0.73944	0.01842	0.02797	0.01501	0.02387	0.02046	0.01364	0.02046	0.01160	0.01364	0.00818	0.00614	0.00614	0.00205	0.00955	0.00477	0.00273	0.00955
223	0.01041	0.00744	0.01041	0.01190	0.01339	0.00744	0.01041	0.01339	0.01487	0.01934	0.03421	0.07288	0.03719	0.01785	0.00892	0.00297	0.00595	0.68913	0.00595	0.00595
224	0.01220	0.01148	0.01938	0.75739	0.04450	0.01436	0.01794	0.01651	0.01292	0.01651	0.01148	0.01723	0.00861	0.00646	0.00646	0.00215	0.00861	0.00574	0.00287	0.00718
225	0.01353	0.13222	0.64567	0.01744	0.02645	0.01641	0.02217	0.02031	0.01357	0.01976	0.01125	0.01321	0.00820	0.00606	0.00587	0.00196	0.00920	0.00460	0.00273	0.00938

[dist]
# distance from previous block
# <min> <max>
0	7

[block]
# block no. 1 follows, 34 sequences, length 159
# corresponding to MSA columns:
# 421-579
name=unknown_B
#
# <colnr> <probs for GDERKNQSTAVLIFYWHMCP>
#	G	D	E	R	K	N	Q	S	T	A	V	L	I	F	Y	W	H	M	C	P
0	0.01670	0.67767	0.12796	0.01204	0.01810	0.02416	0.01277	0.01950	0.01320	0.01590	0.00933	0.01080	0.00828	0.00561	0.00441	0.00147	0.00726	0.00363	0.00276	0.00846
1	0.00764	0.00655	0.00655	0.00655	0.00873	0.00545	0.00491	0.00927	0.01473	0.01745	0.06546	0.06218	0.73000	0.01636	0.00764	0.00218	0.00327	0.01364	0.00600	0.00545
2	0.01713	0.02167	0.24595	0.01762	0.02309	0.01775	0.09005	0.22631	0.06622	0.02592	0.01325	0.01542	0.01004	0.00784	0.00967	0.00221	0.17053	0.00575	0.00418	0.00940
3	0.02162	0.01664	0.01774	0.01427	0.01892	0.01866	0.01157	0.47671	0.26953	0.03598	0.01925	0.01849	0.01401	0.00811	0.00650	0.00203	0.00642	0.00633	0.00650	0.01072
4	0.01659	0.01376	0.01463	0.01308	0.01679	0.01581	0.01020	0.03422	0.69287	0.05540	0.02627	0.02402	0.01957	0.00874	0.00657	0.00218	0.00513	0.00727	0.00663	0.01026
5	0.04807	0.01460	0.01638	0.01611	0.09502	0.01651	0.01145	0.13095	0.51605	0.02846	0.02252	0.02145	0.01693	0.00819	0.00644	0.00212	0.00568	0.00677	0.00609	0.01022
6	0.79023	0.03952	0.01036	0.00859	0.01264	0.01489	0.00714	0.01901	0.01107	0.02850	0.00900	0.01049	0.00704	0.00598	0.00400	0.00198	0.00507	0.00350	0.00395	0.00704
7	0.01599	0.01535	0.02623	0.03966	0.73262	0.01535	0.01983	0.01983	0.01471	0.02111	0.01215	0.01599	0.01023	0.00576	0.00640	0.00192	0.00768	0.00576	0.00320	0.01023
8	0.00778	0.00614	0.00697	0.00762	0.00896	0.00539	0.00535	0.00916	0.01357	0.01691	0.05141	0.36610	0.41525	0.03796	0.00856	0.00248	0.00356	0.01556	0.00594	0.00533
9	0.01599	0.01535	0.02623	0.03966	0.73262	0.01535	0.01983	0.01983	0.01471	0.02111	0.01215	0.01599	0.01023	0.00576	0.00640	0.00192	0.00768	0.00576	0.00320	0.01023
10	0.01220	0.01148	0.01938	0.75739	0.04450	0.01436	0.01794	0.01651	0.01292	0.01651	0.01148	0.01723	0.00861	0.00646	0.00646	0.00215	0.00861	0.00574	0.00287	0.00718
11	0.02662	0.01049	0.01429	0.01122	0.01580	0.00913	0.00924	0.02919	0.01835	0.65045	0.08641	0.02605	0.02062	0.00879	0.00668	0.00204	0.00530	0.03108	0.00785	0.01040
12	0.00944	0.00686	0.00905	0.00919	0.01074	0.00647	0.00735	0.01238	0.01702	0.02337	0.47447	0.05670	0.09495	0.01483	0.00802	0.00233	0.00395	0.22016	0.00669	0.00601
13	0.00794	0.00567	0.00757	0.00907	0.00948	0.00531	0.00611	0.00911	0.01244	0.01657	0.03558	0.75031	0.04259	0.02018	0.00827	0.00263	0.00381	0.03610	0.00600	0.00527
14	0.01525	0.01743	0.03813	0.02723	0.03377	0.01634	0.70915	0.02070	0.01525	0.02070	0.01307	0.01743	0.00980	0.00545	0.00763	0.00218	0.01089	0.00763	0.00327	0.00871
