[name]
unknown

[dist]
# distance from previous block
# <min> <max>
26	106

[block]
# block no. 0 follows, 29 sequences, length 18
# corresponding to MSA columns:
# 295-312
name=unknown_A
#
# <colnr> <probs for GDERKNQSTAVLIFYWHMCP>
#	G	D	E	R	K	N	Q	S	T	A	V	L	I	F	Y	W	H	M	C	P
0	0.18006	0.08134	0.07782	0.04880	0.02023	0.03651	0.05121	0.09205	0.03228	0.09456	0.04906	0.02096	0.04305	0.01221	0.07317	0.00295	0.00830	0.00634	0.00501	0.06408
1	0.18839	0.02878	0.01264	0.08923	0.01679	0.01157	0.00876	0.04863	0.01498	0.04086	0.09286	0.03132	0.10477	0.12702	0.06452	0.00352	0.00687	0.00798	0.00503	0.09548
2	0.14586	0.04552	0.10455	0.07531	0.02460	0.19174	0.09896	0.08107	0.06787	0.02433	0.01549	0.01840	0.02881	0.03860	0.00781	0.00235	0.00938	0.00608	0.00431	0.00895
3	0.18471	0.06843	0.21095	0.03202	0.05345	0.01504	0.03407	0.02079	0.03451	0.02428	0.01276	0.01520	0.01007	0.00829	0.03576	0.00226	0.00797	0.00493	0.00384	0.22065
4	0.12208	0.01625	0.08644	0.15098	0.02532	0.04415	0.07803	0.04108	0.09707	0.05090	0.09414	0.02553	0.06937	0.00883	0.00694	0.00221	0.00742	0.00748	0.00503	0.06076
5	0.08992	0.01428	0.05173	0.36797	0.03520	0.01448	0.09136	0.02113	0.01535	0.11747	0.01726	0.02064	0.03973	0.00749	0.00692	0.00223	0.00841	0.00661	0.00434	0.06751
6	0.15844	0.01701	0.06201	0.02131	0.06714	0.01705	0.23866	0.07977	0.01612	0.02513	0.01583	0.08624	0.01425	0.00929	0.00981	0.00250	0.12143	0.02478	0.00431	0.00892
7	0.51359	0.01395	0.04946	0.14090	0.02066	0.01478	0.01075	0.01955	0.01370	0.02852	0.10024	0.01849	0.01581	0.00774	0.00554	0.00224	0.00622	0.00555	0.00455	0.00777
8	0.01869	0.01921	0.11353	0.21432	0.25764	0.01800	0.01960	0.20219	0.02028	0.02777	0.01414	0.01750	0.01074	0.00721	0.00705	0.00221	0.00883	0.00622	0.00435	0.01052
9	0.12727	0.18656	0.02257	0.01470	0.01921	0.17035	0.01230	0.14409	0.05487	0.08962	0.01410	0.01519	0.01097	0.00795	0.00766	0.00206	0.08089	0.00523	0.00487	0.00955
10	0.00879	0.00644	0.00804	0.00925	0.00997	0.00593	0.00619	0.01001	0.01377	0.01795	0.04327	0.56457	0.15669	0.08962	0.01151	0.00318	0.00430	0.01843	0.00640	0.00569
11	0.00913	0.00639	0.00813	0.00933	0.00963	0.00609	0.00598	0.01004	0.01274	0.01698	0.03466	0.55439	0.04131	0.22092	0.01650	0.00399	0.00489	0.01754	0.00598	0.00538
12	0.02094	0.49195	0.08328	0.01410	0.02030	0.06387	0.01364	0.17375	0.01920	0.02370	0.01183	0.01308	0.00981	0.00678	0.00542	0.00174	0.00817	0.00456	0.00402	0.00988
13	0.01066	0.00661	0.00891	0.00918	0.00976	0.00653	0.00626	0.01010	0.01141	0.01503	0.02758	0.14999	0.12132	0.11551	0.11291	0.35159	0.00723	0.01046	0.00442	0.00453
14	0.00878	0.00711	0.00736	0.00743	0.00931	0.00616	0.00526	0.01023	0.01506	0.01821	0.06174	0.09330	0.55206	0.15076	0.01348	0.00324	0.00423	0.01440	0.00620	0.00569
15	0.80005	0.01377	0.01047	0.00936	0.01377	0.01597	0.00771	0.02093	0.01212	0.03195	0.00991	0.01157	0.00771	0.00661	0.00441	0.00220	0.00551	0.00386	0.00441	0.00771
16	0.00896	0.00632	0.00818	0.00955	0.00990	0.00597	0.00622	0.00999	0.01308	0.01744	0.03641	0.62720	0.04352	0.14509	0.01367	0.00357	0.00460	0.01857	0.00622	0.00554
17	0.72679	0.01428	0.01342	0.01130	0.01596	0.01616	0.07054	0.02111	0.01256	0.03109	0.01033	0.01228	0.00800	0.00655	0.00478	0.00222	0.00612	0.00428	0.00433	0.00789

[dist]
# distance from previous block
# <min> <max>
0	2

[block]
# block no. 1 follows, 29 sequences, length 53
# corresponding to MSA columns:
# 315-333,336-354,357-361,364-373
name=unknown_B
#
# <colnr> <probs for GDERKNQSTAVLIFYWHMCP>
#	G	D	E	R	K	N	Q	S	T	A	V	L	I	F	Y	W	H	M	C	P
0	0.11421	0.04466	0.13744	0.11535	0.02698	0.08332	0.10658	0.06412	0.01630	0.02389	0.01251	0.01549	0.00972	0.00671	0.00688	0.00199	0.03176	0.00544	0.00387	0.17278
1	0.04743	0.28231	0.15322	0.01628	0.02170	0.25313	0.01550	0.02344	0.01600	0.01861	0.01074	0.01299	0.00910	0.00731	0.00754	0.00195	0.08596	0.00459	0.00330	0.00891
2	0.01654	0.01608	0.01790	0.01517	0.01879	0.12682	0.09810	0.04816	0.22998	0.02664	0.24380	0.03319	0.05675	0.01065	0.00768	0.00225	0.00690	0.00930	0.00636	0.00893
3	0.01904	0.75404	0.03731	0.01218	0.01828	0.02818	0.01218	0.02132	0.01447	0.01675	0.00990	0.01142	0.00914	0.00609	0.00457	0.00152	0.00761	0.00381	0.00305	0.00914
4	0.01477	0.01266	0.01477	0.01055	0.01687	0.00949	0.00844	0.01793	0.01477	0.02320	0.01266	0.01477	0.01055	0.00527	0.00527	0.00105	0.00527	0.00422	0.00422	0.79328
5	0.01018	0.00758	0.01119	0.01119	0.01238	0.00876	0.00859	0.01255	0.01137	0.01634	0.01930	0.02925	0.01836	0.10123	0.67447	0.01113	0.01824	0.00782	0.00385	0.00622
6	0.00873	0.00644	0.00821	0.00959	0.01037	0.00591	0.00659	0.01014	0.01416	0.01846	0.04459	0.61022	0.15445	0.02151	0.00900	0.00283	0.00413	0.04223	0.00661	0.00585
7	0.02869	0.01309	0.02021	0.06400	0.02279	0.01182	0.09925	0.03201	0.01949	0.57254	0.02524	0.02322	0.01617	0.00833	0.00732	0.00224	0.00708	0.00727	0.00774	0.01150
8	0.01556	0.01488	0.02583	0.44340	0.19844	0.01668	0.10686	0.05368	0.01602	0.02135	0.01329	0.01860	0.01021	0.00687	0.00727	0.00230	0.00950	0.00661	0.00351	0.00913
9	0.01907	0.01245	0.01419	0.01241	0.01631	0.01295	0.00982	0.04989	0.32023	0.19256	0.08305	0.03682	0.14304	0.01158	0.00760	0.00237	0.00533	0.03272	0.00753	0.01010
10	0.02543	0.03148	0.01964	0.01784	0.02155	0.62848	0.01343	0.02967	0.10876	0.01906	0.01338	0.01465	0.01083	0.00764	0.00653	0.00191	0.01189	0.00504	0.00414	0.00865
11	0.04828	0.02098	0.16425	0.02145	0.07473	0.01704	0.17501	0.16646	0.02035	0.16820	0.01705	0.01844	0.01200	0.00756	0.00785	0.00227	0.03522	0.00671	0.00531	0.01083
12	0.09972	0.07070	0.04607	0.07084	0.09595	0.13034	0.18466	0.02553	0.01719	0.16799	0.01573	0.01764	0.01147	0.00702	0.00688	0.00215	0.00935	0.00630	0.00470	0.00978
13	0.01327	0.00664	0.00664	0.00664	0.00830	0.00664	0.00498	0.01659	0.01493	0.02655	0.02323	0.02655	0.01825	0.00830	0.00498	0.00166	0.00332	0.00664	0.78928	0.00664
14	0.00868	0.00640	0.00813	0.00943	0.01022	0.00585	0.00641	0.01008	0.01428	0.01870	0.06701	0.60946	0.15659	0.02134	0.00895	0.00279	0.00402	0.01913	0.00665	0.00585
15	0.07172	0.02673	0.06509	0.01682	0.02144	0.36669	0.01370	0.15085	0.15012	0.02612	0.01562	0.01632	0.01202	0.00792	0.00661	0.00205	0.00993	0.00559	0.00500	0.00966
16	0.80005	0.01377	0.01047	0.00936	0.01377	0.01597	0.00771	0.02093	0.01212	0.03195	0.00991	0.01157	0.00771	0.00661	0.00441	0.00220	0.00551	0.00386	0.00441	0.00771
17	0.01812	0.61641	0.16695	0.01374	0.02068	0.02594	0.01489	0.02156	0.01458	0.01787	0.01045	0.01212	0.00912	0.00622	0.00499	0.00166	0.00817	0.00409	0.00304	0.00940
18	0.00890	0.00629	0.00820	0.00963	0.00999	0.00593	0.00631	0.00997	0.01320	0.01761	0.03705	0.65379	0.04432	0.11740	0.01264	0.00342	0.00449	0.01895	0.00631	0.00559
19	0.03067	0.01417	0.01779	0.01364	0.01920	0.01351	0.01127	0.20409	0.02381	0.53603	0.02521	0.02237	0.01618	0.00874	0.00715	0.00219	0.00652	0.00696	0.00837	0.01212
20	0.01519	0.17371	0.58393	0.01875	0.02843	0.01876	0.02361	0.02232	0.01493	0.02144	0.01223	0.01434	0.00904	0.00664	0.00635	0.00212	0.00997	0.00498	0.00301	0.01026
21	0.01327	0.00664	0.00664	0.00664	0.00830	0.00664	0.00498	0.01659	0.01493	0.02655	0.02323	0.02655	0.01825	0.00830	0.00498	0.00166	0.00332	0.00664	0.78928	0.00664
22	0.01036	0.00690	0.00777	0.00777	0.00777	0.00690	0.00431	0.01036	0.01036	0.01381	0.02244	0.04660	0.02589	0.74975	0.03624	0.00690	0.00690	0.01036	0.00431	0.00431
23	0.01762	0.01692	0.02890	0.04371	0.70533	0.01692	0.02185	0.02185	0.01621	0.02326	0.01339	0.01762	0.01128	0.00634	0.00705	0.00211	0.00846	0.00634	0.00352	0.01128
24	0.02619	0.01866	0.01984	0.01566	0.02099	0.04452	0.01277	0.46999	0.13705	0.12916	0.02024	0.01941	0.01428	0.00872	0.00712	0.00218	0.00743	0.00671	0.00724	0.01184
25	0.01542	0.01651	0.03350	0.31972	0.04209	0.01711	0.40746	0.02091	0.01575	0.02091	0.01368	0.01912	0.01026	0.00646	0.00787	0.00239	0.01097	0.00755	0.00342	0.00891
26	0.03195	0.01212	0.01652	0.01267	0.01818	0.01047	0.01047	0.03470	0.02038	0.71026	0.02809	0.02424	0.01763	0.00881	0.00716	0.00220	0.00606	0.00716	0.00881	0.01212
27	0.00868	0.00620	0.00826	0.00991	0.01033	0.00578	0.00661	0.00991	0.01363	0.01818	0.03925	0.74510	0.04710	0.02231	0.00909	0.00289	0.00413	0.02024	0.00661	0.00578
28	0.10729	0.01983	0.01973	0.11038	0.02455	0.19317	0.05179	0.14101	0.06719	0.17051	0.01719	0.01797	0.01231	0.00783	0.00675	0.00215	0.00878	0.00606	0.00560	0.00992
29	0.02304	0.01754	0.01906	0.01541	0.02025	0.01966	0.01250	0.45430	0.19439	0.03826	0.02024	0.02055	0.01507	0.01338	0.07969	0.00315	0.00843	0.00694	0.00682	0.01132
30	0.01020	0.00688	0.00802	0.00831	0.00845	0.00683	0.00497	0.01053	0.01108	0.01474	0.02532	0.13581	0.02932	0.62119	0.03149	0.00622	0.00654	0.04478	0.00472	0.00461
31	0.04368	0.45958	0.05376	0.01330	0.01912	0.02420	0.01253	0.16133	0.05886	0.04656	0.03733	0.01550	0.01275	0.00724	0.00555	0.00180	0.00739	0.00508	0.00454	0.00991
32	0.01697	0.44244	0.33081	0.01571	0.02373	0.02312	0.01832	0.02186	0.01471	0.01927	0.01115	0.01299	0.00909	0.00638	0.00552	0.00184	0.00888	0.00444	0.00303	0.00974
33	0.00978	0.00700	0.00760	0.00760	0.00832	0.00664	0.00464	0.01031	0.01211	0.01543	0.03726	0.05314	0.22764	0.53155	0.02794	0.00556	0.00592	0.01175	0.00500	0.00482
34	0.01036	0.00690	0.00777	0.00777	0.00777	0.00690	0.00431	0.01036	0.01036	0.01381	0.02244	0.04660	0.02589	0.74975	0.03624	0.00690	0.00690	0.01036	0.00431	0.00431
35	0.01779	0.43379	0.02838	0.01316	0.01782	0.06159	0.04538	0.02025	0.01443	0.05793	0.01381	0.01767	0.01229	0.04292	0.17051	0.00409	0.01065	0.00539	0.00367	0.00848
36	0.01623	0.01610	0.02825	0.19948	0.35099	0.01751	0.12510	0.02050	0.01512	0.02116	0.01283	0.01791	0.01052	0.00731	0.00952	0.00236	0.10931	0.00665	0.00340	0.00974
37	0.01865	0.30146	0.08628	0.01605	0.02253	0.04493	0.12182	0.06734	0.04047	0.04568	0.01324	0.01506	0.01062	0.00640	0.00594	0.00174	0.00819	0.00523	0.00401	0.16436
38	0.02002	0.01759	0.11813	0.04453	0.04639	0.01471	0.16087	0.10387	0.03951	0.18707	0.07990	0.07166	0.01997	0.00930	0.00814	0.00233	0.03168	0.00841	0.00582	0.01010
39	0.01017	0.00763	0.01144	0.01144	0.01272	0.00890	0.00890	0.01272	0.01144	0.01653	0.01907	0.02797	0.01780	0.05340	0.72153	0.01144	0.01907	0.00763	0.00381	0.00636
40	0.01799	0.09114	0.05550	0.06315	0.04939	0.03980	0.19035	0.09358	0.10717	0.04786	0.04055	0.02017	0.01458	0.01015	0.04776	0.00268	0.03459	0.00695	0.00471	0.06192
41	0.00883	0.00626	0.00822	0.00972	0.01009	0.00589	0.00640	0.00996	0.01333	0.01777	0.03769	0.68059	0.04514	0.08949	0.01160	0.00326	0.00439	0.01933	0.00640	0.00565
42	0.06330	0.02131	0.01866	0.01582	0.02038	0.18634	0.01249	0.26483	0.26229	0.03235	0.01948	0.01915	0.01459	0.00855	0.00686	0.00217	0.00813	0.00643	0.00621	0.01067
43	0.01807	0.42970	0.23099	0.01481	0.02217	0.02297	0.01616	0.07998	0.01634	0.02137	0.01156	0.01320	0.00946	0.00645	0.00548	0.00176	0.00832	0.00449	0.00348	0.06323
44	0.01899	0.06455	0.01889	0.01563	0.01808	0.31442	0.03886	0.02120	0.03394	0.01710	0.01439	0.02197	0.01377	0.15812	0.08811	0.00403	0.12030	0.00648	0.00379	0.00741
45	0.02373	0.01030	0.01389	0.01128	0.01535	0.00906	0.00906	0.02672	0.02030	0.45423	0.28103	0.03511	0.03624	0.01097	0.00763	0.00222	0.00505	0.00931	0.00845	0.01009
46	0.01426	0.01385	0.02220	0.44747	0.15552	0.03966	0.06091	0.01858	0.01539	0.01990	0.04888	0.02439	0.07271	0.00820	0.00734	0.00231	0.00881	0.00745	0.00378	0.00840
47	0.00940	0.00707	0.00860	0.00858	0.01019	0.00638	0.00624	0.01185	0.01761	0.02368	0.39132	0.16882	0.23939	0.04697	0.00966	0.00258	0.00370	0.01456	0.00715	0.00627
48	0.01120	0.00902	0.01232	0.07539	0.08126	0.00896	0.00932	0.01521	0.05700	0.02445	0.36438	0.11525	0.13413	0.03960	0.00913	0.00250	0.00475	0.01232	0.00658	0.00726
49	0.01382	0.01304	0.02203	0.67084	0.10791	0.01592	0.01996	0.01852	0.01442	0.01865	0.01272	0.01886	0.00965	0.00705	0.00711	0.00235	0.00940	0.00633	0.00320	0.00821
50	0.01023	0.00732	0.00997	0.01118	0.01240	0.00707	0.00884	0.01282	0.01619	0.02167	0.17093	0.30477	0.04833	0.01956	0.00929	0.00294	0.00508	0.30825	0.00683	0.00632
51	0.04815	0.01664	0.10759	0.04943	0.02077	0.01231	0.01187	0.08727	0.01660	0.02546	0.01302	0.01513	0.01034	0.00596	0.00572	0.00144	0.00646	0.00468	0.00431	0.53687
52	0.04502	0.05122	0.32839	0.18078	0.03177	0.04158	0.04047	0.12919	0.01813	0.02536	0.03394	0.01722	0.01140	0.00734	0.00683	0.00222	0.00948	0.00589	0.00395	0.00982

[dist]
# distance from previous block
# <min> <max>
0	5

[block]
# block no. 2 follows, 29 sequences, length 18
# corresponding to MSA columns:
# 379-396
name=unknown_C
#
# <colnr> <probs for GDERKNQSTAVLIFYWHMCP>
#	G	D	E	R	K	N	Q	S	T	A	V	L	I	F	Y	W	H	M	C	P
0	0.01535	0.01568	0.03069	0.02277	0.02792	0.01526	0.41877	0.05220	0.01822	0.02517	0.20711	0.02843	0.02661	0.00891	0.00922	0.00238	0.05213	0.00943	0.00494	0.00881
1	0.01496	0.00936	0.01454	0.01272	0.01540	0.00854	0.09095	0.01770	0.01727	0.16670	0.21973	0.30975	0.04206	0.01528	0.00841	0.00250	0.00530	0.01396	0.00704	0.00785
2	0.01530	0.01457	0.05413	0.53390	0.07583	0.01583	0.07294	0.02082	0.04420	0.06276	0.01451	0.01941	0.01070	0.00719	0.00721	0.00235	0.00931	0.00658	0.00374	0.00874
3	0.02369	0.04718	0.16202	0.01784	0.02446	0.01859	0.08548	0.31602	0.02422	0.15976	0.01749	0.01798	0.01219	0.00801	0.00762	0.00221	0.03156	0.00643	0.00597	0.01129
4	0.01044	0.00721	0.00982	0.05963	0.01331	0.00697	0.00761	0.01248	0.01550	0.05048	0.20626	0.45553	0.04746	0.05063	0.00988	0.00284	0.00451	0.01639	0.00668	0.00638
5	0.07638	0.03586	0.01813	0.01456	0.01860	0.09475	0.05438	0.08701	0.05627	0.24220	0.03791	0.09537	0.01874	0.01315	0.05868	0.00294	0.05114	0.00806	0.00623	0.00963
6	0.01562	0.01693	0.07458	0.26449	0.03510	0.01753	0.20945	0.06742	0.01570	0.02149	0.01333	0.01862	0.01051	0.01060	0.05397	0.00304	0.13231	0.00693	0.00360	0.00877
7	0.01514	0.06171	0.44713	0.07188	0.03332	0.01741	0.20857	0.02227	0.01545	0.02207	0.01310	0.01632	0.00956	0.00655	0.00715	0.00227	0.01074	0.00615	0.00319	0.01002
8	0.07634	0.01342	0.01515	0.01129	0.01723	0.01150	0.00908	0.07150	0.05638	0.07339	0.01482	0.01605	0.01160	0.00613	0.00560	0.00138	0.00556	0.00479	0.00495	0.57384
9	0.01081	0.00801	0.01046	0.00995	0.01144	0.00813	0.00711	0.01248	0.01163	0.01659	0.02035	0.06789	0.02107	0.29009	0.34485	0.00797	0.01212	0.00873	0.00418	0.11615
10	0.01456	0.03490	0.63915	0.02136	0.03152	0.01670	0.09807	0.02258	0.01523	0.02258	0.01296	0.01549	0.00922	0.00668	0.00695	0.00227	0.01069	0.00561	0.00307	0.01042
11	0.01002	0.00721	0.00989	0.01012	0.01089	0.00786	0.00720	0.01161	0.01142	0.01594	0.02292	0.13432	0.02435	0.25897	0.41486	0.00887	0.01331	0.01022	0.00436	0.00566
12	0.06680	0.05914	0.02031	0.01503	0.02031	0.02033	0.01243	0.47724	0.10016	0.07248	0.05076	0.01956	0.01563	0.00872	0.00691	0.00214	0.00716	0.00665	0.00688	0.01136
13	0.10304	0.02266	0.18812	0.01637	0.02251	0.06756	0.03268	0.23212	0.10840	0.06411	0.01697	0.01800	0.01251	0.01066	0.05053	0.00277	0.00903	0.00611	0.00539	0.01046
14	0.01928	0.02632	0.34787	0.02016	0.02827	0.01681	0.14519	0.11833	0.05871	0.12397	0.01683	0.01811	0.01177	0.00733	0.00721	0.00227	0.00950	0.00645	0.00478	0.01084
15	0.02037	0.01309	0.01577	0.01158	0.01764	0.01076	0.00939	0.07542	0.01777	0.20990	0.01717	0.01750	0.01258	0.00649	0.00593	0.00145	0.00569	0.00519	0.00569	0.52063
16	0.01345	0.01266	0.02136	0.73264	0.04904	0.01582	0.01978	0.01819	0.01424	0.01819	0.01266	0.01898	0.00949	0.00712	0.00712	0.00237	0.00949	0.00633	0.00316	0.00791
17	0.05789	0.01935	0.06362	0.01666	0.02229	0.05307	0.06121	0.35331	0.02551	0.19250	0.01821	0.01826	0.01264	0.00836	0.00783	0.00221	0.04282	0.00645	0.00654	0.01126

[dist]
# distance from previous block
# <min> <max>
0	2

[block]
# block no. 3 follows, 29 sequences, length 33
# corresponding to MSA columns:
# 399-431
name=unknown_D
#
# <colnr> <probs for GDERKNQSTAVLIFYWHMCP>
#	G	D	E	R	K	N	Q	S	T	A	V	L	I	F	Y	W	H	M	C	P
0	0.17961	0.25668	0.21217	0.01424	0.02078	0.02020	0.01494	0.11111	0.01668	0.02541	0.01356	0.06045	0.01166	0.00776	0.00578	0.00204	0.00778	0.00563	0.00410	0.00941
1	0.01795	0.42191	0.28738	0.01576	0.02329	0.08639	0.01759	0.02242	0.01519	0.01897	0.01107	0.01290	0.00910	0.00646	0.00555	0.00182	0.00917	0.00442	0.00309	0.00957
2	0.02396	0.07953	0.02137	0.01500	0.02075	0.02034	0.01249	0.48827	0.06035	0.03830	0.01635	0.01670	0.01207	0.00787	0.00662	0.00192	0.00730	0.00592	0.00632	0.13859
3	0.01603	0.29987	0.46510	0.01732	0.02622	0.02081	0.02113	0.02210	0.01483	0.02042	0.01172	0.01371	0.00906	0.00652	0.00596	0.00199	0.00946	0.00473	0.00302	0.01002
4	0.01237	0.00618	0.00928	0.00928	0.00928	0.00618	0.00618	0.00928	0.00928	0.01237	0.01237	0.02165	0.01237	0.02474	0.02783	0.79283	0.00618	0.00618	0.00309	0.00309
5	0.02014	0.59799	0.06375	0.01360	0.01947	0.14780	0.01307	0.02261	0.01548	0.01712	0.01022	0.01183	0.00914	0.00634	0.00499	0.00161	0.00865	0.00401	0.00315	0.00905
6	0.05034	0.01879	0.09481	0.02528	0.06576	0.01618	0.41852	0.04360	0.01709	0.09625	0.01735	0.07138	0.01393	0.00767	0.00790	0.00237	0.01009	0.00849	0.00446	0.00976
7	0.00928	0.00658	0.00870	0.01018	0.01073	0.00627	0.00711	0.01070	0.01371	0.01819	0.03723	0.56975	0.04392	0.09891	0.01208	0.00338	0.00479	0.11639	0.00636	0.00575
8	0.01063	0.00782	0.01003	0.00976	0.01149	0.00757	0.00741	0.04340	0.01850	0.02555	0.42537	0.13185	0.11286	0.01997	0.08546	0.00338	0.00555	0.04961	0.00705	0.00675
9	0.01844	0.01882	0.02922	0.03995	0.57706	0.08706	0.08041	0.02259	0.01666	0.02264	0.01325	0.01729	0.01103	0.00641	0.00711	0.00211	0.00922	0.00636	0.00355	0.01083
10	0.01030	0.00711	0.00879	0.00879	0.00914	0.00746	0.00559	0.01101	0.01066	0.01456	0.02150	0.04142	0.02364	0.55597	0.22695	0.00817	0.01029	0.00960	0.00418	0.00488
11	0.27326	0.01120	0.01244	0.01086	0.01480	0.01116	0.00884	0.02353	0.01670	0.28124	0.09330	0.07388	0.05491	0.01099	0.00683	0.00236	0.00543	0.07249	0.00684	0.00894
12	0.01168	0.00861	0.01224	0.01526	0.10608	0.00836	0.00971	0.03712	0.01529	0.04237	0.03437	0.50704	0.03920	0.01886	0.00878	0.00279	0.00524	0.10367	0.00627	0.00707
13	0.01345	0.01266	0.02136	0.73264	0.04904	0.01582	0.01978	0.01819	0.01424	0.01819	0.01266	0.01898	0.00949	0.00712	0.00712	0.00237	0.00949	0.00633	0.00316	0.00791
14	0.01644	0.01591	0.02770	0.22951	0.48448	0.01669	0.06363	0.02092	0.01572	0.02186	0.01326	0.01809	0.01076	0.00653	0.00716	0.00220	0.00897	0.00647	0.00343	0.01026
15	0.01736	0.00947	0.01176	0.01061	0.01378	0.00870	0.00835	0.02129	0.07501	0.24635	0.13263	0.12246	0.21244	0.01445	0.00809	0.00244	0.00484	0.06388	0.00754	0.00856
16	0.01428	0.03683	0.71286	0.02030	0.03082	0.01654	0.02631	0.02255	0.01503	0.02255	0.01278	0.01503	0.00902	0.00677	0.00677	0.00226	0.01052	0.00526	0.00301	0.01052
17	0.01523	0.01358	0.02282	0.54609	0.19386	0.01582	0.01981	0.01977	0.01496	0.05108	0.01353	0.01892	0.01026	0.00702	0.00711	0.00231	0.00910	0.00637	0.00350	0.00885
18	0.01036	0.00690	0.00777	0.00777	0.00777	0.00690	0.00431	0.01036	0.01036	0.01381	0.02244	0.04660	0.02589	0.74975	0.03624	0.00690	0.00690	0.01036	0.00431	0.00431
19	0.00914	0.00702	0.00839	0.00867	0.01032	0.00627	0.00637	0.01138	0.01689	0.02212	0.26962	0.22965	0.30785	0.01800	0.00863	0.00250	0.00377	0.04019	0.00701	0.00621
20	0.01715	0.01644	0.02805	0.12122	0.63149	0.01680	0.02162	0.02144	0.01599	0.02269	0.01331	0.01778	0.01108	0.00643	0.00706	0.00214	0.00858	0.00634	0.00348	0.01090
21	0.02440	0.01862	0.01987	0.01584	0.02107	0.02084	0.01289	0.49811	0.22130	0.04058	0.02048	0.01980	0.01485	0.00887	0.00716	0.00222	0.00721	0.00688	0.00716	0.01187
22	0.01857	0.01543	0.01565	0.01417	0.01785	0.07879	0.01122	0.07430	0.39478	0.07327	0.08730	0.03401	0.02627	0.01108	0.00760	0.00243	0.00638	0.09384	0.00698	0.01008
23	0.02879	0.01286	0.01653	0.01290	0.01804	0.01196	0.01057	0.12048	0.04665	0.53381	0.08743	0.02597	0.02150	0.00933	0.00727	0.00221	0.00604	0.00761	0.00844	0.01160
24	0.00918	0.00682	0.00790	0.00853	0.00955	0.00628	0.00576	0.01034	0.01371	0.01744	0.04561	0.29202	0.26304	0.22512	0.01652	0.00387	0.00483	0.04204	0.00596	0.00548
25	0.01428	0.03683	0.71286	0.02030	0.03082	0.01654	0.02631	0.02255	0.01503	0.02255	0.01278	0.01503	0.00902	0.00677	0.00677	0.00226	0.01052	0.00526	0.00301	0.01052
26	0.00942	0.00690	0.00853	0.00895	0.01010	0.00637	0.00629	0.01134	0.01581	0.02118	0.25432	0.28110	0.16554	0.12205	0.01263	0.00318	0.00428	0.03940	0.00668	0.00594
27	0.02028	0.06429	0.12054	0.02105	0.05178	0.14071	0.17180	0.08486	0.08536	0.07211	0.01545	0.01757	0.01174	0.00780	0.00875	0.00226	0.08277	0.00645	0.00450	0.00992
28	0.00954	0.00695	0.00823	0.00832	0.00965	0.00633	0.00581	0.01096	0.01533	0.02005	0.21921	0.15465	0.27097	0.14040	0.01477	0.06885	0.00438	0.01370	0.00626	0.00564
29	0.01668	0.11926	0.01854	0.01164	0.01764	0.09090	0.00955	0.01957	0.01532	0.02166	0.01209	0.01408	0.01020	0.00562	0.00530	0.00121	0.00644	0.00420	0.00399	0.59612
30	0.01939	0.26752	0.19915	0.01628	0.02263	0.09411	0.03718	0.10234	0.05260	0.04537	0.01426	0.03882	0.01170	0.00778	0.00697	0.00203	0.04225	0.00569	0.00413	0.00980
31	0.01592	0.14438	0.48145	0.01764	0.02605	0.01783	0.02109	0.07672	0.01595	0.02255	0.01265	0.01528	0.00962	0.00854	0.00848	0.07812	0.00943	0.00522	0.00337	0.00973
32	0.01041	0.01254	0.14189	0.01131	0.01424	0.00835	0.01028	0.01384	0.01643	0.02299	0.30209	0.24384	0.07469	0.05140	0.03057	0.00293	0.00557	0.01337	0.00624	0.00701

[dist]
# distance from previous block
# <min> <max>
1	3

[block]
# block no. 4 follows, 29 sequences, length 6
# corresponding to MSA columns:
# 435-440
name=unknown_E
#
# <colnr> <probs for GDERKNQSTAVLIFYWHMCP>
#	G	D	E	R	K	N	Q	S	T	A	V	L	I	F	Y	W	H	M	C	P
0	0.07653	0.14520	0.32168	0.05664	0.02497	0.01824	0.01807	0.13318	0.01768	0.02545	0.01545	0.08730	0.01328	0.00851	0.00654	0.00218	0.00851	0.00666	0.00419	0.00973
1	0.09077	0.15436	0.06336	0.05005	0.02196	0.34235	0.01355	0.04980	0.01840	0.11346	0.01343	0.01460	0.01029	0.00725	0.00610	0.00192	0.00990	0.00492	0.00438	0.00914
2	0.53904	0.09425	0.17564	0.01218	0.01817	0.01734	0.01247	0.02135	0.01303	0.02823	0.01058	0.01235	0.00816	0.00659	0.00497	0.00215	0.00688	0.00418	0.00394	0.00851
3	0.01689	0.01201	0.01743	0.27617	0.07983	0.01290	0.01380	0.08671	0.01880	0.13158	0.17820	0.03097	0.07483	0.00997	0.00751	0.00227	0.00687	0.00861	0.00580	0.00884
4	0.00987	0.00756	0.01072	0.01072	0.01219	0.00841	0.00831	0.01229	0.01226	0.01699	0.02813	0.03489	0.13463	0.04737	0.59985	0.00990	0.01643	0.00889	0.00429	0.00630
5	0.02595	0.01843	0.11235	0.01882	0.09034	0.01555	0.05480	0.20877	0.02264	0.32729	0.02077	0.02010	0.01394	0.00806	0.00716	0.00220	0.00773	0.00670	0.00674	0.01167

[dist]
# distance from previous block
# <min> <max>
4	6

[block]
# block no. 5 follows, 29 sequences, length 10
# corresponding to MSA columns:
# 448-457
name=unknown_F
#
# <colnr> <probs for GDERKNQSTAVLIFYWHMCP>
#	G	D	E	R	K	N	Q	S	T	A	V	L	I	F	Y	W	H	M	C	P
0	0.02138	0.44829	0.07877	0.01494	0.02048	0.27302	0.01374	0.02393	0.01653	0.01740	0.01049	0.01218	0.00914	0.00658	0.00538	0.00168	0.00967	0.00419	0.00326	0.00892
1	0.01577	0.23893	0.48526	0.01853	0.02761	0.01991	0.05769	0.02222	0.01497	0.02092	0.01205	0.01424	0.00915	0.00653	0.00623	0.00206	0.00978	0.00502	0.00305	0.01008
2	0.00842	0.00721	0.00721	0.00721	0.00962	0.00601	0.00541	0.01022	0.01623	0.01924	0.07213	0.06853	0.70244	0.01803	0.00842	0.00240	0.00361	0.01503	0.00661	0.00601
3	0.02495	0.25935	0.02336	0.01261	0.01797	0.01743	0.01106	0.10808	0.02001	0.33191	0.08546	0.02188	0.01889	0.00843	0.00641	0.00197	0.00654	0.00650	0.00659	0.01061
4	0.13251	0.49837	0.02979	0.01247	0.01811	0.02483	0.01163	0.10294	0.07116	0.02342	0.01232	0.01336	0.01031	0.00675	0.00507	0.00177	0.00718	0.00447	0.00408	0.00947
5	0.01492	0.13275	0.62252	0.01921	0.02914	0.01809	0.02442	0.02239	0.01496	0.02178	0.01239	0.01455	0.00904	0.00668	0.00647	0.00216	0.01013	0.00507	0.00301	0.01034
6	0.00900	0.00688	0.00794	0.00834	0.00973	0.00617	0.00581	0.01063	0.01527	0.01960	0.15076	0.26180	0.32388	0.11662	0.01233	0.00312	0.00416	0.01561	0.00649	0.00582
7	0.01956	0.70407	0.03612	0.01261	0.01854	0.07626	0.01229	0.02182	0.01486	0.01680	0.00998	0.01152	0.00914	0.00618	0.00470	0.00154	0.00798	0.00386	0.00309	0.00908
8	0.01324	0.01044	0.01170	0.01065	0.01345	0.01071	0.00821	0.10624	0.14718	0.02707	0.22778	0.07981	0.23733	0.01625	0.04498	0.00282	0.00531	0.01182	0.00700	0.00803
9	0.00998	0.10688	0.01158	0.00853	0.01098	0.00896	0.00663	0.01181	0.01566	0.01917	0.08961	0.20037	0.44094	0.01714	0.00804	0.00238	0.00424	0.01450	0.00620	0.00642

[dist]
# distance from previous block
# <min> <max>
5	18

[block]
# block no. 6 follows, 29 sequences, length 59
# corresponding to MSA columns:
# 476-534
name=unknown_G
#
# <colnr> <probs for GDERKNQSTAVLIFYWHMCP>
#	G	D	E	R	K	N	Q	S	T	A	V	L	I	F	Y	W	H	M	C	P
0	0.01026	0.00709	0.00811	0.00833	0.00862	0.00705	0.00497	0.01122	0.03443	0.01528	0.02734	0.16089	0.05559	0.57709	0.02973	0.00592	0.00628	0.01207	0.00488	0.00486
1	0.02136	0.01788	0.04979	0.07772	0.13296	0.01865	0.01483	0.36191	0.09957	0.03382	0.01777	0.02097	0.01395	0.07514	0.00974	0.00262	0.00785	0.00688	0.00581	0.01077
2	0.01382	0.01304	0.02204	0.67035	0.10838	0.01592	0.01996	0.01852	0.01442	0.01865	0.01272	0.01886	0.00965	0.00705	0.00711	0.00235	0.00940	0.00633	0.00320	0.00821
3	0.01736	0.01760	0.02326	0.02681	0.26112	0.09244	0.01691	0.02085	0.05146	0.01990	0.01257	0.01789	0.01137	0.03966	0.01546	0.00274	0.33350	0.00637	0.00360	0.00912
4	0.01595	0.01575	0.02840	0.29407	0.34929	0.01670	0.13457	0.02068	0.01559	0.02133	0.01330	0.01840	0.01054	0.00657	0.00731	0.00226	0.00945	0.00669	0.00341	0.00975
5	0.00884	0.00637	0.00811	0.00943	0.00997	0.00593	0.00624	0.00999	0.01350	0.01778	0.04032	0.60486	0.10394	0.10428	0.01210	0.00330	0.00440	0.01865	0.00635	0.00564
6	0.01715	0.01644	0.02805	0.12170	0.63103	0.01679	0.02162	0.02144	0.01599	0.02269	0.01331	0.01778	0.01108	0.00643	0.00706	0.00214	0.00858	0.00634	0.00348	0.01090
7	0.01737	0.01666	0.02845	0.08548	0.66554	0.01685	0.02173	0.02163	0.01609	0.02296	0.01335	0.01771	0.01117	0.00639	0.00705	0.00213	0.00852	0.00634	0.00350	0.01107
8	0.00941	0.00690	0.00899	0.01030	0.01137	0.00647	0.00768	0.01135	0.01499	0.01958	0.07271	0.44867	0.14003	0.02068	0.00915	0.00289	0.00464	0.18146	0.00665	0.00605
9	0.00929	0.00678	0.00776	0.00826	0.00907	0.00631	0.00532	0.01018	0.01303	0.01669	0.04178	0.26413	0.22642	0.31981	0.02005	0.00440	0.00512	0.01469	0.00567	0.00525
10	0.00843	0.00716	0.00727	0.00736	0.00966	0.00600	0.00548	0.01020	0.01609	0.01918	0.07032	0.10582	0.66632	0.01827	0.00845	0.00243	0.00364	0.01532	0.00661	0.00600
11	0.01477	0.01266	0.01477	0.01055	0.01687	0.00949	0.00844	0.01793	0.01477	0.02320	0.01266	0.01477	0.01055	0.00527	0.00527	0.00105	0.00527	0.00422	0.00422	0.79328
12	0.01020	0.00734	0.00998	0.01155	0.01272	0.00712	0.00923	0.01258	0.01526	0.01994	0.03985	0.35067	0.07259	0.02067	0.00947	0.00308	0.00544	0.36951	0.00658	0.00622
13	0.00868	0.00620	0.00826	0.00991	0.01033	0.00578	0.00661	0.00991	0.01363	0.01818	0.03925	0.74510	0.04710	0.02231	0.00909	0.00289	0.00413	0.02024	0.00661	0.00578
14	0.00861	0.00671	0.00783	0.00864	0.01002	0.00593	0.00607	0.01020	0.01509	0.01908	0.08128	0.40753	0.34758	0.02004	0.00875	0.00264	0.00386	0.01756	0.00666	0.00593
15	0.00906	0.00724	0.00811	0.00789	0.01001	0.00629	0.00592	0.01147	0.01776	0.02286	0.31690	0.06256	0.45542	0.01668	0.00841	0.00234	0.00351	0.01419	0.00709	0.00629
16	0.00866	0.00626	0.00820	0.00976	0.01029	0.00580	0.00654	0.00993	0.01378	0.01824	0.04116	0.70580	0.08517	0.02206	0.00905	0.00286	0.00410	0.01994	0.00661	0.00580
17	0.01762	0.01692	0.02890	0.04371	0.70533	0.01692	0.02185	0.02185	0.01621	0.02326	0.01339	0.01762	0.01128	0.00634	0.00705	0.00211	0.00846	0.00634	0.00352	0.01128
18	0.00871	0.00656	0.00806	0.00909	0.01015	0.00592	0.00628	0.01026	0.01483	0.01923	0.09675	0.50641	0.23084	0.02055	0.00885	0.00271	0.00393	0.01825	0.00670	0.00592
19	0.01036	0.00690	0.00777	0.00777	0.00777	0.00690	0.00431	0.01036	0.01036	0.01381	0.02244	0.04660	0.02589	0.74975	0.03624	0.00690	0.00690	0.01036	0.00431	0.00431
20	0.01762	0.01692	0.02890	0.04371	0.70533	0.01692	0.02185	0.02185	0.01621	0.02326	0.01339	0.01762	0.01128	0.00634	0.00705	0.00211	0.00846	0.00634	0.00352	0.01128
21	0.00868	0.00620	0.00826	0.00991	0.01033	0.00578	0.00661	0.00991	0.01363	0.01818	0.03925	0.74510	0.04710	0.02231	0.00909	0.00289	0.00413	0.02024	0.00661	0.00578
22	0.01762	0.01692	0.02890	0.04371	0.70533	0.01692	0.02185	0.02185	0.01621	0.02326	0.01339	0.01762	0.01128	0.00634	0.00705	0.00211	0.00846	0.00634	0.00352	0.01128
23	0.00868	0.00620	0.00826	0.00991	0.01033	0.00578	0.00661	0.00991	0.01363	0.01818	0.03925	0.74510	0.04710	0.02231	0.00909	0.00289	0.00413	0.02024	0.00661	0.00578
24	0.00868	0.00620	0.00826	0.00991	0.01033	0.00578	0.00661	0.00991	0.01363	0.01818	0.03925	0.74510	0.04710	0.02231	0.00909	0.00289	0.00413	0.02024	0.00661	0.00578
25	0.00868	0.00620	0.00826	0.00991	0.01033	0.00578	0.00661	0.00991	0.01363	0.01818	0.03925	0.74510	0.04710	0.02231	0.00909	0.00289	0.00413	0.02024	0.00661	0.00578
26	0.01028	0.00687	0.00779	0.00786	0.00788	0.00685	0.00442	0.01034	0.01050	0.01400	0.02318	0.07735	0.02682	0.71773	0.03505	0.00673	0.00678	0.01079	0.00442	0.00438
27	0.00868	0.00620	0.00826	0.00991	0.01033	0.00578	0.00661	0.00991	0.01363	0.01818	0.03925	0.74510	0.04710	0.02231	0.00909	0.00289	0.00413	0.02024	0.00661	0.00578
28	0.01477	0.01266	0.01477	0.01055	0.01687	0.00949	0.00844	0.01793	0.01477	0.02320	0.01266	0.01477	0.01055	0.00527	0.00527	0.00105	0.00527	0.00422	0.00422	0.79328
29	0.00928	0.00647	0.00815	0.00918	0.00950	0.00619	0.00586	0.01020	0.01282	0.01715	0.05964	0.48974	0.04095	0.25979	0.01794	0.00418	0.00501	0.01672	0.00591	0.00534
30	0.00848	0.00722	0.00730	0.00728	0.00966	0.00604	0.00546	0.01035	0.01638	0.01960	0.09690	0.06792	0.67745	0.01790	0.00842	0.00240	0.00360	0.01494	0.00666	0.00604
31	0.00877	0.00624	0.00824	0.00980	0.01019	0.00585	0.00648	0.00994	0.01345	0.01794	0.03832	0.70660	0.04593	0.06241	0.01059	0.00311	0.00428	0.01970	0.00648	0.00570
32	0.80005	0.01377	0.01047	0.00936	0.01377	0.01597	0.00771	0.02093	0.01212	0.03195	0.00991	0.01157	0.00771	0.00661	0.00441	0.00220	0.00551	0.00386	0.00441	0.00771
33	0.00862	0.00641	0.00805	0.00936	0.01018	0.00583	0.00636	0.00998	0.01417	0.01840	0.04603	0.60554	0.18228	0.02143	0.00895	0.00279	0.00402	0.01917	0.00661	0.00583
34	0.02641	0.01147	0.01513	0.01211	0.01674	0.01039	0.00981	0.03086	0.08110	0.51637	0.15895	0.03007	0.02762	0.01001	0.00741	0.00223	0.00550	0.00835	0.00848	0.01099
35	0.25640	0.01811	0.01813	0.01430	0.01962	0.02027	0.01181	0.48558	0.02714	0.04104	0.01497	0.01546	0.01080	0.00797	0.00632	0.00216	0.00715	0.00565	0.00632	0.01080
36	0.00986	0.00669	0.00791	0.00840	0.00853	0.00657	0.00500	0.01022	0.01133	0.01510	0.02742	0.25384	0.03218	0.53393	0.02819	0.00571	0.00608	0.01329	0.00500	0.00475
37	0.01759	0.01701	0.02943	0.04316	0.67865	0.01696	0.04811	0.02189	0.01624	0.02325	0.01343	0.01769	0.01126	0.00633	0.00710	0.00213	0.00860	0.00643	0.00353	0.01121
38	0.01762	0.01692	0.02890	0.04371	0.70533	0.01692	0.02185	0.02185	0.01621	0.02326	0.01339	0.01762	0.01128	0.00634	0.00705	0.00211	0.00846	0.00634	0.00352	0.01128
39	0.00930	0.00673	0.00796	0.00854	0.00931	0.00628	0.00557	0.01037	0.01349	0.01760	0.08610	0.31433	0.17743	0.27309	0.01832	0.00414	0.00493	0.01522	0.00590	0.00539
40	0.00868	0.00620	0.00826	0.00991	0.01033	0.00578	0.00661	0.00991	0.01363	0.01818	0.03925	0.74510	0.04710	0.02231	0.00909	0.00289	0.00413	0.02024	0.00661	0.00578
41	0.72526	0.01394	0.01126	0.00984	0.01436	0.01593	0.00811	0.04942	0.01347	0.06988	0.01122	0.01250	0.00844	0.00681	0.00467	0.00220	0.00564	0.00415	0.00476	0.00814
42	0.00965	0.00660	0.00798	0.00867	0.00885	0.00643	0.00528	0.01017	0.01174	0.01565	0.02954	0.34189	0.03485	0.44222	0.02476	0.00521	0.00573	0.01454	0.00528	0.00494
43	0.08722	0.00892	0.01124	0.01099	0.01342	0.00846	0.00845	0.01863	0.01578	0.21229	0.03359	0.31890	0.05420	0.04621	0.00934	0.00285	0.00529	0.11952	0.00692	0.00779
44	0.03068	0.01184	0.01612	0.01245	0.01774	0.01025	0.01025	0.03347	0.02037	0.67066	0.06722	0.02592	0.02051	0.00915	0.00723	0.00221	0.00590	0.00749	0.00876	0.01180
45	0.00861	0.00688	0.00757	0.00808	0.00973	0.00599	0.00571	0.01013	0.01509	0.01860	0.05915	0.27504	0.46188	0.06185	0.01024	0.00282	0.00396	0.01636	0.00648	0.00584
46	0.01058	0.00748	0.00889	0.00848	0.01063	0.00659	0.00638	0.01314	0.01820	0.06372	0.36473	0.09035	0.33260	0.01606	0.00837	0.00234	0.00366	0.01380	0.00732	0.00669
47	0.00870	0.00697	0.00778	0.00812	0.00993	0.00605	0.00588	0.01057	0.01611	0.02022	0.14796	0.23559	0.45382	0.01864	0.00858	0.00250	0.00370	0.01604	0.00678	0.00605
48	0.01477	0.01266	0.01477	0.01055	0.01687	0.00949	0.00844	0.01793	0.01477	0.02320	0.01266	0.01477	0.01055	0.00527	0.00527	0.00105	0.00527	0.00422	0.00422	0.79328
49	0.80005	0.01377	0.01047	0.00936	0.01377	0.01597	0.00771	0.02093	0.01212	0.03195	0.00991	0.01157	0.00771	0.00661	0.00441	0.00220	0.00551	0.00386	0.00441	0.00771
50	0.01078	0.00708	0.00912	0.00950	0.01091	0.00644	0.00678	0.01283	0.01641	0.07236	0.24131	0.40099	0.13169	0.01846	0.00866	0.00259	0.00398	0.01643	0.00714	0.00656
51	0.00884	0.00706	0.00742	0.00757	0.00930	0.00617	0.00529	0.01022	0.01478	0.01802	0.05891	0.12517	0.50364	0.16936	0.01422	0.00338	0.00433	0.01454	0.00614	0.00564
52	0.56595	0.01327	0.01231	0.01037	0.01511	0.01430	0.00855	0.02513	0.01464	0.23868	0.01545	0.01543	0.01073	0.00728	0.00525	0.00220	0.00568	0.00486	0.00575	0.00905
53	0.01027	0.00726	0.00956	0.00956	0.01018	0.00788	0.00656	0.01151	0.01089	0.01514	0.02079	0.03750	0.02194	0.40956	0.37104	0.00912	0.01285	0.00902	0.00407	0.00531
54	0.00994	0.00678	0.00813	0.00863	0.00883	0.00671	0.00530	0.01045	0.01146	0.01531	0.02734	0.23433	0.03182	0.50986	0.04879	0.00585	0.00652	0.03413	0.00499	0.00484
55	0.01828	0.01817	0.02826	0.04184	0.65504	0.06875	0.02126	0.02234	0.01651	0.02283	0.01322	0.01727	0.01112	0.00642	0.00700	0.00209	0.00878	0.00622	0.00354	0.01106
56	0.00917	0.00642	0.00818	0.00931	0.00967	0.00611	0.00601	0.01017	0.01303	0.01744	0.06073	0.53514	0.04233	0.21251	0.01617	0.00392	0.00483	0.01737	0.00606	0.00544
57	0.01230	0.00687	0.00776	0.00776	0.00916	0.00714	0.00572	0.01509	0.01370	0.02305	0.02228	0.02907	0.01901	0.10012	0.15732	0.00428	0.00699	0.00726	0.53880	0.00632
58	0.04806	0.01533	0.02539	0.26837	0.43409	0.01671	0.02035	0.02043	0.01519	0.02171	0.01285	0.01775	0.01047	0.00685	0.00760	0.00224	0.03707	0.00623	0.00343	0.00989

[dist]
# distance from previous block
# <min> <max>
40	97

[block]
# block no. 7 follows, 29 sequences, length 9
# corresponding to MSA columns:
# 658-666
name=unknown_H
#
# <colnr> <probs for GDERKNQSTAVLIFYWHMCP>
#	G	D	E	R	K	N	Q	S	T	A	V	L	I	F	Y	W	H	M	C	P
0	0.01824	0.45357	0.20223	0.01573	0.02248	0.08178	0.04335	0.02208	0.01501	0.01851	0.01086	0.01294	0.00919	0.00665	0.00628	0.00184	0.04226	0.00453	0.00311	0.00936
1	0.04994	0.00922	0.01294	0.01182	0.01444	0.00849	0.04571	0.01925	0.01580	0.24574	0.03215	0.40318	0.03271	0.05170	0.00954	0.00280	0.00540	0.01412	0.00696	0.00809
2	0.02900	0.01350	0.02148	0.01604	0.02188	0.01193	0.14057	0.03239	0.01969	0.57657	0.02543	0.02326	0.01630	0.00827	0.00740	0.00224	0.00722	0.00740	0.00780	0.01163
3	0.01190	0.15279	0.01647	0.01159	0.01380	0.01265	0.00954	0.01439	0.01203	0.01657	0.01729	0.02475	0.01612	0.04420	0.58210	0.00951	0.01684	0.00689	0.00367	0.00690
4	0.01798	0.01924	0.02511	0.10268	0.02758	0.16761	0.23003	0.09346	0.01874	0.02264	0.02480	0.02703	0.14490	0.00928	0.00825	0.00227	0.03694	0.00833	0.00452	0.00863
5	0.61941	0.01338	0.01189	0.01014	0.01481	0.01468	0.00836	0.02417	0.01406	0.19147	0.01419	0.01455	0.01004	0.00713	0.00505	0.00220	0.00564	0.00463	0.00544	0.00875
6	0.01070	0.00728	0.01092	0.01092	0.01189	0.00825	0.00825	0.01189	0.01092	0.01553	0.01746	0.02645	0.01649	0.04649	0.55413	0.20001	0.01596	0.00728	0.00364	0.00557
7	0.01714	0.01779	0.08033	0.24341	0.08361	0.07429	0.07221	0.14100	0.01821	0.02389	0.01467	0.01929	0.01161	0.01533	0.13233	0.00385	0.01136	0.00651	0.00410	0.00906
8	0.15516	0.05558	0.11559	0.01822	0.04157	0.17066	0.08515	0.02155	0.01468	0.02124	0.01178	0.01551	0.00989	0.01186	0.07024	0.00309	0.16062	0.00557	0.00357	0.00848

[dist]
# distance from previous block
# <min> <max>
2	25

# created by:
# /home/cegg/simao/soft/augustus-3.2.1/scripts/msa2prfl.pl ./align_prep/EOG090W0BJO.fa
