[name]
unknown

[dist]
# distance from previous block
# <min> <max>
9	85

[block]
# block no. 0 follows, 34 sequences, length 9
# corresponding to MSA columns:
# 131-139
name=unknown_A
#
# <colnr> <probs for GDERKNQSTAVLIFYWHMCP>
#	G	D	E	R	K	N	Q	S	T	A	V	L	I	F	Y	W	H	M	C	P
0	0.01645	0.15635	0.25513	0.01415	0.02010	0.01555	0.03424	0.08220	0.09285	0.10624	0.10322	0.02004	0.01739	0.00877	0.02788	0.00217	0.00737	0.00610	0.00467	0.00913
1	0.01983	0.09112	0.04736	0.01999	0.16183	0.19068	0.01410	0.10977	0.05619	0.08250	0.01307	0.01495	0.01035	0.00749	0.00850	0.00199	0.13188	0.00527	0.00412	0.00902
2	0.13709	0.01504	0.01691	0.01326	0.01815	0.01590	0.04733	0.30604	0.14157	0.07809	0.01631	0.01645	0.01195	0.00711	0.00593	0.00186	0.00620	0.00557	0.00565	0.13359
3	0.00995	0.00745	0.00933	0.00872	0.01049	0.00726	0.00658	0.01478	0.10037	0.02604	0.64709	0.04544	0.05615	0.01269	0.00750	0.00205	0.00329	0.01117	0.00705	0.00658
4	0.05419	0.01232	0.01461	0.03412	0.01530	0.06655	0.03483	0.05655	0.01285	0.01828	0.01644	0.14713	0.01721	0.13633	0.03493	0.00312	0.21250	0.00811	0.00401	0.10062
5	0.01007	0.00832	0.01033	0.01201	0.08865	0.00815	0.00768	0.01429	0.12145	0.01912	0.07172	0.27090	0.26003	0.05626	0.00890	0.00251	0.00433	0.01298	0.00572	0.00658
6	0.01265	0.00886	0.01242	0.10564	0.04398	0.00909	0.00924	0.02930	0.01291	0.09518	0.02110	0.20719	0.02113	0.09215	0.16992	0.00429	0.03024	0.00933	0.00463	0.10076
7	0.02142	0.01677	0.01747	0.01604	0.08518	0.11582	0.01162	0.34273	0.04499	0.10834	0.01719	0.05179	0.01387	0.05904	0.04569	0.00265	0.00786	0.00655	0.00556	0.00944
8	0.06127	0.01798	0.10826	0.01894	0.17640	0.12471	0.01354	0.08914	0.03438	0.09026	0.12916	0.02048	0.01849	0.00757	0.00626	0.00187	0.00711	0.00621	0.00473	0.06325

[dist]
# distance from previous block
# <min> <max>
2	6

[block]
# block no. 1 follows, 34 sequences, length 10
# corresponding to MSA columns:
# 146-155
name=unknown_B
#
# <colnr> <probs for GDERKNQSTAVLIFYWHMCP>
#	G	D	E	R	K	N	Q	S	T	A	V	L	I	F	Y	W	H	M	C	P
0	0.01429	0.02085	0.21725	0.02447	0.05851	0.01536	0.46721	0.01998	0.01466	0.02043	0.01386	0.05665	0.01117	0.00643	0.00723	0.00216	0.01004	0.00739	0.00327	0.00880
1	0.01395	0.01038	0.01246	0.01105	0.01374	0.01046	0.02492	0.19340	0.04910	0.04022	0.06836	0.28035	0.06467	0.05763	0.02777	0.00261	0.00546	0.02602	0.00580	0.08164
2	0.01041	0.00877	0.01137	0.01039	0.01165	0.00987	0.00814	0.01329	0.04071	0.02163	0.39016	0.06854	0.14662	0.01331	0.01112	0.00229	0.19908	0.01052	0.00577	0.00637
3	0.01607	0.01388	0.01461	0.01315	0.01680	0.01607	0.01023	0.03433	0.72094	0.02703	0.02630	0.02411	0.01972	0.00877	0.00657	0.00219	0.00511	0.00731	0.00657	0.01023
4	0.02237	0.01701	0.01816	0.01442	0.01920	0.01901	0.01175	0.53619	0.20884	0.03718	0.01830	0.01773	0.01325	0.00802	0.00649	0.00200	0.00659	0.00620	0.00649	0.01079
5	0.02428	0.01619	0.01741	0.01380	0.01858	0.05256	0.01123	0.38946	0.14116	0.21718	0.01961	0.01842	0.01360	0.00793	0.00646	0.00198	0.00659	0.00616	0.00672	0.01069
6	0.01452	0.01112	0.01237	0.01113	0.01420	0.01203	0.00863	0.02614	0.42156	0.08079	0.21140	0.03361	0.09394	0.01054	0.00693	0.00213	0.00444	0.00894	0.00677	0.00879
7	0.00781	0.00586	0.00725	0.00836	0.00921	0.00530	0.00572	0.00907	0.01298	0.01674	0.04332	0.58613	0.22034	0.01924	0.00809	0.00251	0.00363	0.01715	0.00600	0.00530
8	0.03884	0.01727	0.05341	0.08082	0.32243	0.10802	0.05837	0.10275	0.01725	0.04901	0.07634	0.01840	0.01447	0.00691	0.00645	0.00194	0.00790	0.00612	0.00411	0.00920
9	0.01248	0.00775	0.01002	0.00964	0.01058	0.00831	0.00680	0.01511	0.19255	0.01531	0.01512	0.02079	0.01342	0.01891	0.02043	0.60274	0.00548	0.00605	0.00378	0.00472

[dist]
# distance from previous block
# <min> <max>
15	42

[block]
# block no. 2 follows, 34 sequences, length 15
# corresponding to MSA columns:
# 221-235
name=unknown_C
#
# <colnr> <probs for GDERKNQSTAVLIFYWHMCP>
#	G	D	E	R	K	N	Q	S	T	A	V	L	I	F	Y	W	H	M	C	P
0	0.06956	0.11912	0.22348	0.05809	0.02081	0.05469	0.01418	0.07474	0.05556	0.04787	0.04983	0.04502	0.01367	0.00867	0.02915	0.00215	0.02805	0.00571	0.00403	0.07563
1	0.04235	0.14896	0.06513	0.04178	0.04004	0.05251	0.08011	0.14308	0.06383	0.04513	0.11333	0.04098	0.06104	0.00867	0.00637	0.00195	0.00678	0.02462	0.00489	0.00844
2	0.04054	0.04134	0.15284	0.07144	0.08374	0.05018	0.03378	0.07188	0.10953	0.05423	0.08315	0.10064	0.06072	0.00935	0.00662	0.00208	0.00673	0.00794	0.00481	0.00845
3	0.06179	0.03799	0.10951	0.07963	0.17583	0.01671	0.09254	0.12682	0.05636	0.02350	0.01265	0.01553	0.00996	0.00706	0.00836	0.00208	0.11444	0.00566	0.00383	0.03973
4	0.10948	0.05189	0.04323	0.30833	0.12399	0.03472	0.01476	0.03769	0.01316	0.01931	0.01165	0.01612	0.00951	0.01109	0.08658	0.00293	0.06186	0.00534	0.00325	0.03513
5	0.01558	0.04756	0.08104	0.01399	0.09305	0.01088	0.01080	0.04210	0.01482	0.10662	0.03593	0.06170	0.01381	0.00672	0.00561	0.00147	0.00567	0.00561	0.00443	0.42263
6	0.01118	0.00793	0.00937	0.00882	0.01096	0.00748	0.00676	0.08495	0.01746	0.05903	0.27850	0.14412	0.26243	0.01456	0.00760	0.00220	0.00392	0.04967	0.00652	0.00653
7	0.00958	0.00731	0.01052	0.01030	0.01126	0.00854	0.00788	0.01159	0.01069	0.01537	0.05782	0.02794	0.01907	0.12985	0.57132	0.00891	0.06531	0.00740	0.00368	0.00566
8	0.00879	0.00651	0.00820	0.00795	0.00948	0.00592	0.00590	0.01144	0.01719	0.02371	0.56073	0.11493	0.16663	0.01434	0.00768	0.00211	0.00315	0.01260	0.00683	0.00592
9	0.01204	0.00602	0.00602	0.00602	0.00753	0.00602	0.00452	0.01506	0.01355	0.02409	0.02108	0.02409	0.01656	0.00753	0.00452	0.00151	0.00301	0.00602	0.80879	0.00602
10	0.01220	0.01148	0.01938	0.75739	0.04450	0.01436	0.01794	0.01651	0.01292	0.01651	0.01148	0.01723	0.00861	0.00646	0.00646	0.00215	0.00861	0.00574	0.00287	0.00718
11	0.02359	0.01015	0.01339	0.01066	0.01481	0.00901	0.00865	0.05415	0.01868	0.52494	0.15943	0.02947	0.07450	0.00955	0.00679	0.00202	0.00495	0.00794	0.00763	0.00969
12	0.01484	0.01323	0.04238	0.22087	0.08049	0.03278	0.06233	0.08929	0.08568	0.05759	0.02041	0.10315	0.03989	0.00944	0.00689	0.00217	0.00709	0.06536	0.00465	0.04147
13	0.01255	0.01182	0.01658	0.01401	0.01579	0.01412	0.07612	0.05422	0.03586	0.01840	0.02826	0.03059	0.23501	0.01447	0.06161	0.00298	0.33793	0.00848	0.00423	0.00696
14	0.04819	0.14644	0.18296	0.01504	0.02024	0.30927	0.01412	0.06346	0.06936	0.01963	0.01417	0.01526	0.04132	0.00699	0.00574	0.00180	0.00905	0.00492	0.00367	0.00839

[dist]
# distance from previous block
# <min> <max>
0	1

[block]
# block no. 3 follows, 34 sequences, length 9
# corresponding to MSA columns:
# 237-245
name=unknown_D
#
# <colnr> <probs for GDERKNQSTAVLIFYWHMCP>
#	G	D	E	R	K	N	Q	S	T	A	V	L	I	F	Y	W	H	M	C	P
0	0.50456	0.04413	0.01446	0.04139	0.01655	0.01523	0.05941	0.09787	0.04611	0.04765	0.03278	0.01423	0.01040	0.00754	0.02237	0.00219	0.00614	0.00473	0.00443	0.00783
1	0.01018	0.09068	0.01130	0.00860	0.01063	0.03114	0.00673	0.01235	0.01555	0.02022	0.31565	0.07579	0.25402	0.05394	0.00905	0.00230	0.02905	0.03095	0.00580	0.00606
2	0.01110	0.00712	0.01039	0.03012	0.01160	0.00738	0.02495	0.01131	0.04105	0.01434	0.01736	0.09723	0.01788	0.04582	0.06726	0.44741	0.02685	0.08089	0.00373	0.02619
3	0.01014	0.00760	0.00910	0.00886	0.01063	0.00752	0.00665	0.01518	0.12721	0.02362	0.38835	0.14168	0.11679	0.01355	0.00738	0.00215	0.00358	0.03393	0.05953	0.00656
4	0.02148	0.01273	0.01501	0.01210	0.01643	0.01271	0.00971	0.21832	0.11749	0.27048	0.04395	0.10098	0.01870	0.00919	0.00655	0.00197	0.00556	0.00758	0.00670	0.09236
5	0.81856	0.01250	0.00950	0.00850	0.01250	0.01449	0.00700	0.01899	0.01100	0.02899	0.00900	0.01050	0.00700	0.00600	0.00400	0.00200	0.00500	0.00350	0.00400	0.00700
6	0.05932	0.01483	0.05588	0.01783	0.02153	0.01514	0.24480	0.08037	0.05842	0.04193	0.01452	0.04749	0.01257	0.06462	0.01297	0.05542	0.16353	0.00706	0.00395	0.00782
7	0.01281	0.01218	0.01729	0.01477	0.01769	0.05901	0.17357	0.01939	0.18995	0.02074	0.07667	0.30450	0.02832	0.01250	0.00748	0.00231	0.00624	0.01167	0.00540	0.00751
8	0.01288	0.01520	0.12729	0.25048	0.24094	0.01357	0.01699	0.01692	0.01376	0.01902	0.05726	0.06081	0.06089	0.00828	0.00760	0.00213	0.05711	0.00712	0.00356	0.00817

[dist]
# distance from previous block
# <min> <max>
0	5

[block]
# block no. 4 follows, 34 sequences, length 10
# corresponding to MSA columns:
# 251-260
name=unknown_E
#
# <colnr> <probs for GDERKNQSTAVLIFYWHMCP>
#	G	D	E	R	K	N	Q	S	T	A	V	L	I	F	Y	W	H	M	C	P
0	0.05533	0.10802	0.04852	0.01330	0.04792	0.01228	0.08077	0.04623	0.01441	0.05019	0.04029	0.06079	0.04411	0.06340	0.00795	0.00206	0.00617	0.05918	0.00432	0.23474
1	0.18369	0.18276	0.04748	0.01660	0.10377	0.01677	0.10601	0.04805	0.08799	0.02227	0.01354	0.03892	0.01138	0.00909	0.04982	0.00237	0.00748	0.00555	0.00388	0.04256
2	0.01651	0.09339	0.17660	0.06408	0.14549	0.01604	0.06720	0.15174	0.03899	0.05106	0.04190	0.01753	0.01260	0.01014	0.06624	0.00263	0.00862	0.00587	0.00413	0.00925
3	0.01547	0.01455	0.02226	0.13372	0.27885	0.01657	0.05848	0.05816	0.13397	0.02130	0.01392	0.01722	0.01125	0.00763	0.00963	0.00221	0.16581	0.00611	0.00382	0.00907
4	0.04654	0.01180	0.01530	0.10827	0.13014	0.04028	0.01129	0.09758	0.01764	0.09194	0.24975	0.02972	0.07416	0.00967	0.00736	0.00204	0.03493	0.00812	0.00547	0.00800
5	0.01204	0.00602	0.00602	0.00602	0.00753	0.00602	0.00452	0.01506	0.01355	0.02409	0.02108	0.02409	0.01656	0.00753	0.00452	0.00151	0.00301	0.00602	0.80879	0.00602
6	0.01294	0.01174	0.06294	0.03802	0.01536	0.03821	0.03580	0.01901	0.16407	0.07948	0.17172	0.14659	0.15341	0.01218	0.00719	0.00218	0.00511	0.01055	0.00595	0.00756
7	0.01291	0.00753	0.00960	0.00871	0.01107	0.00673	0.00680	0.01556	0.01740	0.16712	0.41004	0.04729	0.18739	0.01308	0.00748	0.00211	0.00376	0.05150	0.00699	0.00694
8	0.02415	0.01588	0.01767	0.01386	0.01875	0.01711	0.01135	0.45452	0.13931	0.18943	0.01942	0.01830	0.01348	0.00797	0.00649	0.00199	0.00644	0.00621	0.00681	0.01087
9	0.07602	0.03282	0.01170	0.01042	0.01211	0.00938	0.03719	0.01298	0.01310	0.04660	0.09064	0.23446	0.14252	0.07201	0.03976	0.00299	0.09227	0.05172	0.00517	0.00614

[dist]
# distance from previous block
# <min> <max>
0	4

[block]
# block no. 5 follows, 34 sequences, length 28
# corresponding to MSA columns:
# 265-292
name=unknown_F
#
# <colnr> <probs for GDERKNQSTAVLIFYWHMCP>
#	G	D	E	R	K	N	Q	S	T	A	V	L	I	F	Y	W	H	M	C	P
0	0.01205	0.01028	0.01203	0.02953	0.03739	0.04917	0.00857	0.06226	0.05433	0.02406	0.41721	0.03876	0.11371	0.01196	0.00877	0.00211	0.08499	0.00987	0.00603	0.00693
1	0.12667	0.01501	0.04908	0.09114	0.22091	0.01576	0.07559	0.11712	0.03544	0.02349	0.01269	0.01659	0.01039	0.03134	0.04652	0.00265	0.09134	0.00578	0.00382	0.00869
2	0.01826	0.01801	0.12258	0.09832	0.15466	0.03787	0.01539	0.23766	0.07693	0.06205	0.01643	0.01803	0.03328	0.00840	0.02370	0.00222	0.03586	0.00601	0.00472	0.00964
3	0.01137	0.01007	0.01318	0.01325	0.05096	0.05471	0.00980	0.01352	0.01141	0.01600	0.05530	0.02394	0.01678	0.06198	0.46330	0.00742	0.15034	0.00683	0.00355	0.00629
4	0.05796	0.17549	0.32792	0.06629	0.06400	0.06607	0.01740	0.04644	0.03479	0.02011	0.01130	0.01345	0.00879	0.00635	0.00623	0.00189	0.03806	0.00465	0.00316	0.02966
5	0.01668	0.05660	0.02063	0.15173	0.12193	0.14275	0.05508	0.02047	0.06143	0.06479	0.01624	0.01893	0.05876	0.00817	0.00928	0.00212	0.15637	0.00613	0.00380	0.00812
6	0.00932	0.00656	0.00854	0.00854	0.00905	0.00707	0.00577	0.01035	0.00984	0.01363	0.01900	0.03474	0.02022	0.44966	0.35168	0.00810	0.01119	0.00829	0.00371	0.00474
7	0.01463	0.27803	0.42002	0.01669	0.02432	0.01879	0.07876	0.01995	0.01348	0.01857	0.01075	0.01290	0.00837	0.00605	0.00612	0.00186	0.03432	0.00461	0.00279	0.00898
8	0.00856	0.00628	0.00802	0.00823	0.00945	0.00575	0.00593	0.01081	0.01595	0.02186	0.42645	0.28475	0.13226	0.01587	0.00783	0.00224	0.00330	0.01409	0.00662	0.00575
9	0.00787	0.00562	0.00750	0.00900	0.00937	0.00525	0.00600	0.00900	0.01237	0.01649	0.03561	0.76871	0.04274	0.02024	0.00825	0.00262	0.00375	0.01837	0.00600	0.00525
10	0.01097	0.01917	0.33633	0.01385	0.01927	0.01059	0.05182	0.01581	0.01488	0.02080	0.16974	0.07360	0.13842	0.01090	0.00710	0.00218	0.00669	0.06563	0.00462	0.00762
11	0.02417	0.02971	0.01840	0.01649	0.01998	0.68473	0.01247	0.08448	0.01934	0.01795	0.01046	0.01198	0.00855	0.00675	0.00588	0.00169	0.01126	0.00430	0.00360	0.00779
12	0.01051	0.00892	0.01253	0.08687	0.14493	0.00877	0.00971	0.01389	0.03823	0.02139	0.28183	0.04368	0.24281	0.01217	0.00731	0.00211	0.00468	0.03719	0.00559	0.00689
13	0.24138	0.18950	0.35283	0.01395	0.02082	0.04461	0.01590	0.02001	0.01296	0.02154	0.01023	0.01197	0.00788	0.00599	0.00509	0.00187	0.00777	0.00410	0.00312	0.00848
14	0.22725	0.05847	0.01752	0.01569	0.06734	0.31505	0.01164	0.05494	0.01534	0.04136	0.01034	0.01242	0.00848	0.00710	0.00747	0.00194	0.11176	0.00442	0.00368	0.00781
15	0.27745	0.01190	0.01283	0.01074	0.01471	0.01232	0.00864	0.14660	0.01726	0.26939	0.02003	0.13671	0.01649	0.00927	0.00597	0.00209	0.00535	0.00732	0.00612	0.00879
16	0.23860	0.01252	0.01423	0.01123	0.01599	0.01250	0.00927	0.13600	0.01838	0.43798	0.01951	0.01790	0.01280	0.00743	0.00583	0.00199	0.00562	0.00559	0.00669	0.00993
17	0.01299	0.01214	0.02040	0.45480	0.26081	0.01378	0.01738	0.01683	0.01344	0.01798	0.01406	0.09051	0.01248	0.00759	0.00661	0.00212	0.00784	0.00698	0.00328	0.00796
18	0.00794	0.00606	0.00731	0.00805	0.00918	0.00542	0.00564	0.00948	0.01389	0.01796	0.12923	0.44005	0.28037	0.01807	0.00796	0.00240	0.00350	0.01594	0.00613	0.00542
19	0.08247	0.04481	0.01791	0.01637	0.11018	0.07275	0.01171	0.30134	0.08087	0.08270	0.01971	0.02004	0.07053	0.00924	0.02884	0.00220	0.00707	0.00626	0.00546	0.00953
20	0.01122	0.00561	0.00842	0.00842	0.00842	0.00561	0.00561	0.00842	0.00842	0.01122	0.01122	0.01964	0.01122	0.02245	0.02525	0.81201	0.00561	0.00561	0.00281	0.00281
21	0.01208	0.01212	0.07153	0.07712	0.13461	0.03075	0.06500	0.01579	0.01654	0.03854	0.38153	0.03430	0.06318	0.01011	0.00714	0.00203	0.00567	0.00913	0.00536	0.00745
22	0.03447	0.01482	0.04493	0.11046	0.06400	0.07488	0.05029	0.03436	0.01327	0.01895	0.01141	0.01535	0.00968	0.01076	0.07609	0.00264	0.17071	0.00517	0.00338	0.23441
23	0.01173	0.00714	0.01109	0.06355	0.09159	0.00734	0.00796	0.01030	0.00948	0.01276	0.01183	0.02027	0.01158	0.05925	0.02226	0.62306	0.00608	0.00584	0.00291	0.00399
24	0.06474	0.21154	0.09481	0.10964	0.02159	0.17178	0.01294	0.08495	0.07597	0.02016	0.01311	0.03786	0.01110	0.03593	0.00663	0.00199	0.00803	0.00526	0.00378	0.00819
25	0.01541	0.01467	0.02446	0.10721	0.61112	0.01503	0.01878	0.01995	0.04951	0.02086	0.01420	0.01774	0.02962	0.00626	0.00644	0.00196	0.00752	0.00604	0.00341	0.00981
26	0.00936	0.00665	0.00889	0.00907	0.00975	0.00717	0.00647	0.01072	0.01043	0.01439	0.02068	0.06186	0.02195	0.34767	0.35932	0.00775	0.01124	0.06767	0.00395	0.00499
27	0.01818	0.05800	0.01741	0.04293	0.04899	0.22402	0.01162	0.09657	0.14240	0.04149	0.04841	0.04161	0.01570	0.02660	0.05177	0.00260	0.07925	0.01963	0.00460	0.00823

[dist]
# distance from previous block
# <min> <max>
1	6

[block]
# block no. 6 follows, 34 sequences, length 7
# corresponding to MSA columns:
# 299-305
name=unknown_G
#
# <colnr> <probs for GDERKNQSTAVLIFYWHMCP>
#	G	D	E	R	K	N	Q	S	T	A	V	L	I	F	Y	W	H	M	C	P
0	0.11229	0.05711	0.01342	0.03709	0.08318	0.06791	0.00888	0.01603	0.04650	0.02084	0.11845	0.11209	0.15749	0.01050	0.00633	0.00192	0.00526	0.00873	0.00487	0.11112
1	0.01342	0.01142	0.01437	0.01091	0.01550	0.00974	0.04541	0.05624	0.01393	0.02088	0.01432	0.07620	0.01340	0.06972	0.00835	0.00173	0.03894	0.00584	0.00409	0.55559
2	0.03794	0.01195	0.06099	0.05177	0.01671	0.02985	0.05252	0.05705	0.04190	0.09925	0.23881	0.08899	0.07687	0.01087	0.00747	0.00209	0.03046	0.02902	0.00570	0.04979
3	0.72073	0.01231	0.01018	0.00887	0.01299	0.01388	0.00731	0.02054	0.01193	0.11673	0.01104	0.01192	0.00811	0.00625	0.00431	0.00200	0.00506	0.00387	0.00449	0.00749
4	0.09098	0.01216	0.01458	0.01171	0.01620	0.01206	0.00953	0.10566	0.14391	0.43160	0.06521	0.02225	0.01803	0.00825	0.00637	0.00203	0.00542	0.00662	0.00719	0.01023
5	0.00870	0.00659	0.00802	0.00766	0.00938	0.00591	0.00575	0.01133	0.01724	0.02341	0.53296	0.05238	0.25877	0.01414	0.00763	0.00208	0.00311	0.01226	0.00678	0.00591
6	0.01952	0.01414	0.01595	0.08828	0.01958	0.10339	0.03446	0.10796	0.12695	0.20515	0.09482	0.02277	0.01886	0.01244	0.08352	0.00288	0.00786	0.00681	0.00577	0.00891

[dist]
# distance from previous block
# <min> <max>
3	11

[block]
# block no. 7 follows, 34 sequences, length 10
# corresponding to MSA columns:
# 317-326
name=unknown_H
#
# <colnr> <probs for GDERKNQSTAVLIFYWHMCP>
#	G	D	E	R	K	N	Q	S	T	A	V	L	I	F	Y	W	H	M	C	P
0	0.01622	0.04163	0.01434	0.01233	0.01529	0.06396	0.00998	0.15876	0.13823	0.06625	0.06336	0.05328	0.02305	0.04435	0.09681	0.00337	0.00760	0.15745	0.00567	0.00808
1	0.00920	0.00654	0.00871	0.00883	0.00942	0.00708	0.00611	0.01042	0.01010	0.01403	0.02000	0.08806	0.02133	0.36219	0.38087	0.00801	0.01148	0.00885	0.00385	0.00492
2	0.00842	0.00658	0.00763	0.00736	0.00921	0.00579	0.00552	0.01078	0.01657	0.02182	0.40841	0.05499	0.38431	0.01473	0.00763	0.00210	0.00316	0.01263	0.00657	0.00579
3	0.17469	0.01127	0.01398	0.01094	0.01576	0.01042	0.00904	0.02918	0.01711	0.60642	0.02245	0.01987	0.01433	0.00763	0.00604	0.00200	0.00541	0.00594	0.00726	0.01026
4	0.01220	0.01148	0.01938	0.75739	0.04450	0.01436	0.01794	0.01651	0.01292	0.01651	0.01148	0.01723	0.00861	0.00646	0.00646	0.00215	0.00861	0.00574	0.00287	0.00718
5	0.01264	0.01168	0.01720	0.18139	0.05109	0.01501	0.01363	0.01580	0.04083	0.01672	0.01399	0.02273	0.01306	0.01715	0.14573	0.00398	0.32824	0.06871	0.00341	0.00702
6	0.03961	0.01769	0.17124	0.11424	0.27543	0.01386	0.04553	0.04098	0.01499	0.08443	0.03745	0.01691	0.01169	0.00634	0.00623	0.00191	0.00760	0.00565	0.00380	0.08443
7	0.04756	0.03207	0.01335	0.05458	0.01572	0.03098	0.00889	0.05424	0.03760	0.31395	0.17537	0.11061	0.05644	0.01055	0.00680	0.00207	0.00514	0.00890	0.00666	0.00852
8	0.03831	0.10711	0.08319	0.04544	0.06806	0.05800	0.01216	0.10757	0.05068	0.07235	0.05260	0.06126	0.01490	0.00787	0.00693	0.00183	0.05738	0.00610	0.00449	0.14376
9	0.06295	0.04402	0.02057	0.08596	0.05133	0.19888	0.11040	0.11843	0.03632	0.04898	0.01574	0.04524	0.03345	0.00817	0.00756	0.00205	0.06558	0.03191	0.00424	0.00822

[dist]
# distance from previous block
# <min> <max>
0	11

[block]
# block no. 8 follows, 34 sequences, length 11
# corresponding to MSA columns:
# 345-355
name=unknown_I
#
# <colnr> <probs for GDERKNQSTAVLIFYWHMCP>
#	G	D	E	R	K	N	Q	S	T	A	V	L	I	F	Y	W	H	M	C	P
0	0.32368	0.01456	0.05407	0.08623	0.01855	0.03363	0.01101	0.12788	0.03713	0.06005	0.03496	0.05083	0.01224	0.00808	0.00743	0.00214	0.09936	0.00566	0.00450	0.00799
1	0.01230	0.04585	0.01205	0.01039	0.01199	0.00903	0.02461	0.01394	0.01230	0.11015	0.02523	0.22732	0.06258	0.13360	0.19801	0.00494	0.06410	0.01042	0.00486	0.00632
2	0.05682	0.15802	0.05112	0.06186	0.01918	0.06513	0.01163	0.12476	0.21743	0.02419	0.04135	0.01749	0.01390	0.00746	0.00650	0.00188	0.04249	0.00558	0.00473	0.06848
3	0.01303	0.04580	0.01681	0.01416	0.01490	0.05043	0.01153	0.01466	0.01055	0.01520	0.01188	0.01888	0.01163	0.06948	0.23062	0.00511	0.42958	0.00609	0.00310	0.00657
4	0.01330	0.01208	0.01210	0.01150	0.01313	0.14887	0.00875	0.01517	0.01320	0.05580	0.05666	0.11350	0.07248	0.05961	0.29340	0.00550	0.07584	0.00845	0.00432	0.00635
5	0.00817	0.00638	0.00743	0.00772	0.00929	0.00565	0.00568	0.01009	0.01506	0.01937	0.21925	0.22150	0.38030	0.01655	0.00783	0.00228	0.00344	0.04216	0.00627	0.00558
6	0.81856	0.01250	0.00950	0.00850	0.01250	0.01449	0.00700	0.01899	0.01100	0.02899	0.00900	0.01050	0.00700	0.00600	0.00400	0.00200	0.00500	0.00350	0.00400	0.00700
7	0.01599	0.01581	0.01987	0.18307	0.21868	0.11862	0.03479	0.02277	0.18862	0.02006	0.01503	0.01782	0.01193	0.00790	0.00800	0.04670	0.03583	0.00595	0.00395	0.00861
8	0.00844	0.00607	0.00770	0.00857	0.00917	0.00586	0.00582	0.00956	0.01188	0.01570	0.03346	0.43185	0.10557	0.19176	0.08179	0.00413	0.00562	0.04670	0.00529	0.00505
9	0.01803	0.42907	0.14250	0.01334	0.01885	0.16578	0.01315	0.02147	0.03753	0.04261	0.03637	0.01336	0.01080	0.00632	0.00509	0.00162	0.00803	0.00433	0.00333	0.00842
10	0.01416	0.01163	0.01386	0.01140	0.03218	0.01068	0.00888	0.11010	0.04925	0.02315	0.04250	0.02152	0.04557	0.01143	0.08155	0.00237	0.02987	0.03563	0.00454	0.43972

[dist]
# distance from previous block
# <min> <max>
3	5

[block]
# block no. 9 follows, 34 sequences, length 7
# corresponding to MSA columns:
# 362-368
name=unknown_J
#
# <colnr> <probs for GDERKNQSTAVLIFYWHMCP>
#	G	D	E	R	K	N	Q	S	T	A	V	L	I	F	Y	W	H	M	C	P
0	0.74057	0.01305	0.01047	0.00912	0.01324	0.01504	0.00752	0.08697	0.01290	0.03014	0.00964	0.01099	0.00739	0.00617	0.00424	0.00199	0.00521	0.00373	0.00424	0.00739
1	0.09361	0.01352	0.01832	0.14548	0.21319	0.01485	0.01376	0.14427	0.07915	0.04729	0.07345	0.02099	0.04605	0.00789	0.00700	0.00206	0.03905	0.00652	0.00467	0.00889
2	0.00992	0.00681	0.00755	0.00744	0.00939	0.00590	0.00541	0.01139	0.01417	0.08610	0.05240	0.16017	0.48468	0.09688	0.01031	0.00267	0.00388	0.01319	0.00597	0.00579
3	0.01604	0.01426	0.01803	0.03494	0.09406	0.06617	0.07971	0.14230	0.10843	0.04108	0.04294	0.02587	0.11429	0.04567	0.05141	0.00278	0.08126	0.00755	0.00486	0.00834
4	0.08998	0.00845	0.01029	0.00962	0.01182	0.00882	0.00740	0.01663	0.08582	0.10502	0.16668	0.07495	0.08512	0.05567	0.22952	0.00477	0.00820	0.00886	0.00547	0.00689
5	0.01239	0.00804	0.01056	0.08080	0.01422	0.00755	0.00770	0.01491	0.01567	0.12032	0.28564	0.06253	0.12860	0.08949	0.00980	0.00248	0.00461	0.04974	0.00600	0.06895
6	0.01540	0.22209	0.13463	0.04097	0.17431	0.06857	0.01431	0.01932	0.04603	0.04428	0.01624	0.14518	0.01549	0.00857	0.00605	0.00192	0.00720	0.00716	0.00382	0.00848

[dist]
# distance from previous block
# <min> <max>
1	5

[block]
# block no. 10 follows, 34 sequences, length 34
# corresponding to MSA columns:
# 439-472
name=unknown_K
#
# <colnr> <probs for GDERKNQSTAVLIFYWHMCP>
#	G	D	E	R	K	N	Q	S	T	A	V	L	I	F	Y	W	H	M	C	P
0	0.26835	0.07497	0.10949	0.05716	0.01929	0.18442	0.01191	0.04804	0.04081	0.06663	0.01176	0.01313	0.00898	0.00638	0.00524	0.00184	0.00758	0.00438	0.00395	0.05569
1	0.05724	0.04209	0.15135	0.09394	0.08117	0.21509	0.05159	0.02225	0.10305	0.02050	0.08599	0.01844	0.01527	0.00727	0.00623	0.00195	0.00843	0.00586	0.00396	0.00832
2	0.01405	0.07188	0.57020	0.04037	0.02651	0.01522	0.03881	0.04572	0.01448	0.04100	0.02826	0.01474	0.00981	0.00632	0.00608	0.00197	0.00889	0.00501	0.00317	0.03749
3	0.11132	0.03308	0.09288	0.10283	0.17286	0.04041	0.05346	0.01801	0.03990	0.04437	0.04133	0.12508	0.05758	0.01017	0.02720	0.00233	0.00712	0.00789	0.00418	0.00798
4	0.01453	0.09084	0.21050	0.01380	0.01905	0.01451	0.05037	0.13705	0.10374	0.02355	0.05984	0.02593	0.12749	0.02986	0.04841	0.00258	0.00743	0.00728	0.00468	0.00854
5	0.01572	0.01148	0.05854	0.01272	0.05064	0.01105	0.00969	0.04171	0.06602	0.17118	0.03618	0.02742	0.01782	0.25098	0.09211	0.00430	0.10278	0.00736	0.00485	0.00745
6	0.01677	0.18627	0.27242	0.01947	0.12618	0.12017	0.03404	0.06143	0.03996	0.02002	0.01156	0.01359	0.00914	0.00639	0.00635	0.00186	0.03723	0.00480	0.00326	0.00909
7	0.01808	0.26005	0.18110	0.01511	0.04217	0.03974	0.01456	0.20047	0.01786	0.04196	0.01275	0.01545	0.01031	0.00814	0.02460	0.00207	0.05680	0.02560	0.00401	0.00917
8	0.78808	0.01225	0.00937	0.00840	0.01231	0.01417	0.00690	0.01884	0.01109	0.02880	0.00945	0.01101	0.00736	0.00606	0.00402	0.00198	0.00492	0.00359	0.03442	0.00696
9	0.01392	0.14973	0.54445	0.01829	0.02684	0.01684	0.10275	0.02031	0.01375	0.01965	0.01135	0.01357	0.00839	0.00596	0.00600	0.00196	0.00929	0.00490	0.00280	0.00925
10	0.00841	0.00644	0.00771	0.00767	0.00927	0.00574	0.00565	0.01066	0.01613	0.02146	0.38648	0.15684	0.30339	0.01538	0.00772	0.00217	0.00323	0.01336	0.00655	0.00574
11	0.00787	0.00562	0.00750	0.00900	0.00937	0.00525	0.00600	0.00900	0.01237	0.01649	0.03561	0.76871	0.04274	0.02024	0.00825	0.00262	0.00375	0.01837	0.00600	0.00525
12	0.00900	0.00660	0.00844	0.00798	0.00957	0.00604	0.00599	0.01192	0.01796	0.02512	0.66734	0.04956	0.12332	0.01350	0.00762	0.00205	0.00307	0.01187	0.00701	0.00604
13	0.01272	0.03177	0.69442	0.01778	0.02684	0.01446	0.02278	0.01995	0.01393	0.02080	0.05581	0.01577	0.01144	0.00657	0.00623	0.00205	0.00915	0.00520	0.00300	0.00934
14	0.01313	0.01121	0.01176	0.01082	0.01388	0.01225	0.00833	0.02527	0.46604	0.02339	0.03884	0.03660	0.25500	0.01168	0.00747	0.02574	0.00452	0.00936	0.00627	0.00843
15	0.01296	0.03342	0.73944	0.01842	0.02797	0.01501	0.02387	0.02046	0.01364	0.02046	0.01160	0.01364	0.00818	0.00614	0.00614	0.00205	0.00955	0.00477	0.00273	0.00955
16	0.01436	0.01145	0.01350	0.00969	0.01539	0.00867	0.00777	0.01721	0.01371	0.06517	0.01235	0.01393	0.00997	0.00498	0.00489	0.00102	0.00483	0.00399	0.00408	0.76304
17	0.00887	0.00766	0.02790	0.00781	0.00983	0.00659	0.00602	0.01179	0.05119	0.01997	0.25238	0.05196	0.38857	0.09259	0.02629	0.00273	0.00409	0.01191	0.00600	0.00585
18	0.03795	0.01386	0.01945	0.31840	0.07950	0.04280	0.05570	0.17382	0.01716	0.04173	0.01389	0.01875	0.01098	0.01113	0.07779	0.00289	0.02702	0.02484	0.00405	0.00828
19	0.00923	0.00692	0.01038	0.01038	0.01154	0.00808	0.00808	0.01154	0.01038	0.01500	0.01731	0.02538	0.01615	0.04846	0.74732	0.01038	0.01731	0.00692	0.00346	0.00577
20	0.01370	0.05061	0.58839	0.05831	0.09899	0.03886	0.02245	0.02034	0.01385	0.02003	0.01152	0.01391	0.00842	0.00612	0.00612	0.00201	0.00931	0.00487	0.00280	0.00940
21	0.00811	0.00582	0.00760	0.00894	0.00945	0.00545	0.00610	0.00931	0.01248	0.01649	0.03618	0.64679	0.07663	0.06350	0.00969	0.00283	0.00401	0.05952	0.00587	0.00523
22	0.01531	0.01726	0.12021	0.17349	0.13854	0.06314	0.01555	0.08121	0.15058	0.02193	0.01835	0.02122	0.05578	0.00805	0.00743	0.00212	0.05397	0.02284	0.00422	0.00879
23	0.14229	0.23647	0.02112	0.03673	0.01812	0.20522	0.01098	0.13945	0.01762	0.07741	0.03151	0.01374	0.01061	0.00670	0.00530	0.00173	0.00771	0.00458	0.00425	0.00846
24	0.00858	0.00654	0.00784	0.00783	0.00943	0.00588	0.00585	0.01084	0.01598	0.02119	0.36331	0.11565	0.29754	0.04230	0.00866	0.00235	0.00348	0.05461	0.00643	0.00571
25	0.01520	0.01619	0.07379	0.13731	0.53167	0.01527	0.07708	0.01948	0.01444	0.02039	0.01210	0.01613	0.00984	0.00585	0.00649	0.00198	0.00820	0.00584	0.00313	0.00964
26	0.00884	0.00645	0.00890	0.00937	0.00999	0.00632	0.03172	0.00999	0.01156	0.01550	0.02863	0.42712	0.03326	0.24237	0.08057	0.00437	0.00606	0.04884	0.00506	0.00507
27	0.01892	0.28227	0.06706	0.01592	0.06271	0.29529	0.03163	0.03850	0.01576	0.01734	0.03665	0.04193	0.01171	0.00708	0.00602	0.00171	0.03305	0.00504	0.00339	0.00803
28	0.01396	0.01299	0.01801	0.14691	0.09003	0.08308	0.08899	0.05126	0.01363	0.01764	0.01621	0.07954	0.03601	0.03184	0.05796	0.12107	0.08443	0.02597	0.00365	0.00681
29	0.03771	0.03227	0.05092	0.03343	0.06458	0.01082	0.02894	0.04279	0.10196	0.03757	0.08488	0.12185	0.10560	0.03205	0.00980	0.08454	0.03184	0.00881	0.00488	0.07477
30	0.01410	0.01325	0.02147	0.39629	0.30618	0.01493	0.01779	0.01982	0.09435	0.01948	0.01343	0.01754	0.01050	0.00645	0.00645	0.00207	0.00785	0.00593	0.00342	0.00870
31	0.03610	0.01536	0.10125	0.06987	0.30309	0.01387	0.01559	0.04575	0.14015	0.04388	0.01861	0.10173	0.01653	0.00868	0.00667	0.00213	0.00683	0.04028	0.00444	0.00918
32	0.04019	0.09703	0.03758	0.33202	0.09404	0.03525	0.01471	0.01699	0.02709	0.01801	0.05191	0.04193	0.04013	0.00837	0.00801	0.00214	0.09335	0.03023	0.00353	0.00748
33	0.01164	0.05776	0.03994	0.01335	0.07773	0.01012	0.06700	0.03141	0.03009	0.04298	0.13883	0.10838	0.25955	0.03253	0.00833	0.00226	0.02814	0.02767	0.00531	0.00698

[dist]
# distance from previous block
# <min> <max>
0	1

[block]
# block no. 11 follows, 34 sequences, length 15
# corresponding to MSA columns:
# 474-488
name=unknown_L
#
# <colnr> <probs for GDERKNQSTAVLIFYWHMCP>
#	G	D	E	R	K	N	Q	S	T	A	V	L	I	F	Y	W	H	M	C	P
0	0.01529	0.01453	0.02353	0.13541	0.29978	0.04354	0.13136	0.03822	0.01505	0.04008	0.05197	0.04679	0.01389	0.00705	0.00716	0.00199	0.03572	0.00668	0.00374	0.06822
1	0.01582	0.04300	0.11333	0.31563	0.14024	0.12070	0.01696	0.06873	0.04007	0.01983	0.01211	0.01553	0.00935	0.00642	0.00619	0.00195	0.00861	0.00531	0.00338	0.03686
2	0.01748	0.13425	0.14689	0.01763	0.11043	0.21176	0.01423	0.04937	0.12105	0.02054	0.06110	0.01824	0.03527	0.00735	0.00601	0.00185	0.00812	0.00567	0.00405	0.00871
3	0.01367	0.01262	0.06414	0.03917	0.05843	0.01063	0.02653	0.07198	0.03986	0.04165	0.07745	0.07722	0.05417	0.00912	0.00676	0.00180	0.02617	0.06748	0.00477	0.29638
4	0.01370	0.01423	0.06906	0.26384	0.15030	0.01426	0.08941	0.02105	0.16864	0.02042	0.01755	0.07301	0.01487	0.00810	0.00679	0.00218	0.00755	0.03241	0.00410	0.00851
5	0.01139	0.06095	0.15456	0.01311	0.05930	0.02740	0.03540	0.01576	0.05035	0.02165	0.27846	0.06520	0.15873	0.01111	0.00698	0.00204	0.00548	0.00956	0.00526	0.00733
6	0.00800	0.00576	0.00738	0.00861	0.00909	0.00536	0.00571	0.00906	0.01226	0.01618	0.03648	0.64090	0.09540	0.09424	0.01063	0.00295	0.00396	0.01711	0.00579	0.00513
7	0.41864	0.04524	0.08417	0.01068	0.01523	0.04133	0.00960	0.02200	0.03557	0.18216	0.03741	0.01542	0.01155	0.00744	0.00588	0.03412	0.00585	0.00478	0.00481	0.00811
8	0.01718	0.02122	0.21491	0.04471	0.06979	0.06296	0.07992	0.19409	0.10863	0.02583	0.04089	0.01784	0.01293	0.02342	0.00760	0.00214	0.03600	0.00606	0.00447	0.00941
9	0.11050	0.01234	0.01471	0.10982	0.01951	0.03797	0.01040	0.06323	0.11849	0.33678	0.08184	0.02195	0.01792	0.00807	0.00630	0.00204	0.00589	0.00651	0.00635	0.00939
10	0.01249	0.00996	0.01190	0.01208	0.05897	0.01042	0.00863	0.02027	0.25380	0.05055	0.20083	0.07914	0.17454	0.01218	0.00759	0.00220	0.02425	0.03614	0.00627	0.00779
11	0.00794	0.00592	0.00743	0.00859	0.00943	0.00540	0.00597	0.00927	0.01302	0.01685	0.04219	0.57721	0.19552	0.01926	0.00814	0.00254	0.00375	0.05023	0.00600	0.00533
12	0.04577	0.01516	0.09317	0.15278	0.20243	0.01395	0.01502	0.12741	0.03440	0.11279	0.10582	0.02075	0.01714	0.00754	0.00648	0.00201	0.00693	0.00647	0.00480	0.00918
13	0.02414	0.03079	0.01831	0.01665	0.01998	0.74698	0.01248	0.02580	0.01831	0.01581	0.00999	0.01165	0.00832	0.00666	0.00583	0.00166	0.01165	0.00416	0.00333	0.00749
14	0.01562	0.16603	0.22902	0.09149	0.04568	0.03611	0.01520	0.04945	0.13445	0.05774	0.01597	0.06426	0.01306	0.00753	0.00599	0.00194	0.00737	0.00604	0.00410	0.03297

[dist]
# distance from previous block
# <min> <max>
2	5

[block]
# block no. 12 follows, 34 sequences, length 36
# corresponding to MSA columns:
# 498-533
name=unknown_M
#
# <colnr> <probs for GDERKNQSTAVLIFYWHMCP>
#	G	D	E	R	K	N	Q	S	T	A	V	L	I	F	Y	W	H	M	C	P
0	0.15357	0.04267	0.16500	0.04549	0.13009	0.01323	0.03382	0.03922	0.04777	0.04658	0.05492	0.04282	0.04229	0.04350	0.02592	0.00248	0.00704	0.05120	0.00424	0.00815
1	0.11487	0.01263	0.05420	0.02990	0.01591	0.02711	0.00959	0.02184	0.18723	0.09863	0.03898	0.07270	0.01700	0.01378	0.10842	0.00306	0.00709	0.00671	0.00507	0.15529
2	0.07510	0.03275	0.03392	0.01378	0.01839	0.07784	0.09451	0.13589	0.01910	0.28577	0.09627	0.02278	0.04828	0.00822	0.00651	0.00198	0.00669	0.00687	0.00607	0.00928
3	0.01553	0.01583	0.01979	0.11412	0.15804	0.13492	0.09183	0.02196	0.16886	0.02011	0.01911	0.09948	0.03190	0.00890	0.00722	0.00213	0.02964	0.02791	0.00435	0.00837
4	0.01183	0.00744	0.00947	0.00904	0.01107	0.00685	0.00703	0.03119	0.01696	0.11358	0.35106	0.12634	0.15845	0.01427	0.00768	0.00223	0.00394	0.09818	0.00676	0.00663
5	0.01830	0.18106	0.29382	0.01409	0.02065	0.01564	0.01525	0.04711	0.06729	0.19988	0.05343	0.01769	0.01387	0.00709	0.00593	0.00190	0.00723	0.00551	0.00469	0.00956
6	0.01775	0.01911	0.18217	0.01640	0.06878	0.01618	0.01436	0.16219	0.33591	0.06842	0.01982	0.01936	0.01452	0.00772	0.00644	0.00208	0.00671	0.00628	0.00552	0.01027
7	0.01488	0.01019	0.06468	0.01158	0.05093	0.00817	0.00922	0.01811	0.01750	0.20585	0.39765	0.03926	0.06077	0.01135	0.00724	0.00208	0.00458	0.05147	0.00671	0.00779
8	0.00934	0.00704	0.00787	0.00797	0.00964	0.00653	0.00590	0.04698	0.01474	0.01899	0.08728	0.16413	0.36439	0.10298	0.01052	0.00273	0.00411	0.07471	0.04848	0.00565
9	0.17446	0.01528	0.06790	0.01261	0.01749	0.01487	0.01091	0.19259	0.17703	0.22276	0.01911	0.01810	0.01334	0.00759	0.00600	0.00203	0.00600	0.00582	0.00616	0.00995
10	0.00924	0.00690	0.01025	0.01025	0.01135	0.00800	0.00790	0.01145	0.01034	0.01490	0.01743	0.02609	0.01646	0.07858	0.71761	0.01021	0.01685	0.00703	0.00348	0.00569
11	0.06146	0.20166	0.14074	0.01740	0.10941	0.12904	0.01441	0.15724	0.03808	0.05475	0.01247	0.01373	0.00965	0.00649	0.00563	0.00179	0.00798	0.00478	0.00403	0.00926
12	0.01218	0.03673	0.01208	0.01054	0.01234	0.01003	0.00818	0.10110	0.01317	0.04278	0.01749	0.02585	0.01624	0.14286	0.49919	0.00811	0.01366	0.00699	0.00404	0.00644
13	0.01711	0.16207	0.04721	0.01697	0.10566	0.19663	0.03600	0.02327	0.17121	0.02014	0.07429	0.04287	0.01755	0.00811	0.00615	0.00190	0.00756	0.03245	0.00439	0.00846
14	0.01071	0.00877	0.01311	0.01450	0.10376	0.01000	0.00993	0.01380	0.03778	0.01726	0.08154	0.02539	0.01906	0.03552	0.50295	0.00767	0.07068	0.00713	0.00383	0.00663
15	0.01847	0.01521	0.04364	0.01388	0.04182	0.03619	0.01101	0.37659	0.09211	0.03202	0.14403	0.08623	0.04037	0.00990	0.00682	0.00204	0.00607	0.00814	0.00619	0.00926
16	0.01129	0.01039	0.03888	0.05492	0.01680	0.00971	0.10530	0.05153	0.07848	0.02167	0.17519	0.18567	0.14753	0.01303	0.00756	0.00227	0.00542	0.05176	0.00563	0.00698
17	0.01141	0.00939	0.01179	0.01125	0.01274	0.05166	0.00877	0.06362	0.01225	0.01688	0.01648	0.02390	0.01522	0.06265	0.59971	0.00883	0.04684	0.00670	0.00366	0.00625
18	0.01077	0.00570	0.00836	0.00848	0.00856	0.00571	0.00567	0.00864	0.00888	0.01189	0.01398	0.08452	0.01468	0.05883	0.05416	0.67192	0.00597	0.00693	0.00316	0.00319
19	0.81856	0.01250	0.00950	0.00850	0.01250	0.01449	0.00700	0.01899	0.01100	0.02899	0.00900	0.01050	0.00700	0.00600	0.00400	0.00200	0.00500	0.00350	0.00400	0.00700
20	0.01622	0.01612	0.02914	0.09972	0.15573	0.01692	0.32973	0.11488	0.01631	0.02245	0.01249	0.01646	0.00975	0.00669	0.00889	0.00218	0.10717	0.00660	0.00360	0.00893
21	0.49397	0.01308	0.01437	0.05157	0.01654	0.01589	0.04282	0.01834	0.01121	0.04415	0.00964	0.01251	0.00788	0.00752	0.00911	0.00224	0.21374	0.00449	0.00369	0.00722
22	0.01433	0.06130	0.14925	0.04551	0.12143	0.01784	0.04921	0.01754	0.01192	0.01769	0.01002	0.01433	0.00878	0.00857	0.01365	0.00235	0.38641	0.00541	0.00292	0.04155
23	0.48400	0.01186	0.01183	0.00977	0.01419	0.01238	0.00806	0.02429	0.01417	0.32903	0.01599	0.01537	0.01081	0.00685	0.00506	0.00200	0.00521	0.00477	0.00569	0.00869
24	0.00868	0.00665	0.00807	0.00844	0.01008	0.00604	0.00657	0.01093	0.01544	0.02001	0.23133	0.14156	0.31949	0.01630	0.00799	0.00237	0.00386	0.16417	0.00628	0.00571
25	0.08558	0.00779	0.00965	0.00939	0.01152	0.00726	0.00694	0.01607	0.01431	0.21158	0.05967	0.41492	0.08967	0.01510	0.00733	0.00234	0.00426	0.01321	0.00640	0.00700
26	0.01550	0.01553	0.02001	0.10797	0.26605	0.11762	0.06013	0.04425	0.10093	0.02050	0.02145	0.06523	0.09988	0.00849	0.00668	0.00203	0.00747	0.00752	0.00421	0.00856
27	0.77708	0.01242	0.00979	0.00865	0.01271	0.01423	0.00713	0.01965	0.01139	0.06620	0.00986	0.01110	0.00747	0.00610	0.00413	0.00200	0.00502	0.00366	0.00421	0.00721
28	0.00797	0.00576	0.00754	0.00878	0.00936	0.00534	0.00594	0.00930	0.01303	0.01739	0.09893	0.66429	0.08367	0.01940	0.00816	0.00255	0.00366	0.01750	0.00610	0.00534
29	0.01824	0.01888	0.01555	0.01308	0.03362	0.28919	0.00983	0.04044	0.01581	0.04396	0.01187	0.01426	0.00991	0.03526	0.00641	0.00152	0.00761	0.00436	0.00385	0.40636
30	0.01503	0.01269	0.01343	0.01220	0.01528	0.01454	0.00924	0.03045	0.61009	0.02477	0.02537	0.02694	0.02031	0.12781	0.01067	0.00283	0.00529	0.00763	0.00616	0.00924
31	0.01763	0.04220	0.01873	0.03744	0.19041	0.07157	0.01286	0.17192	0.23958	0.02610	0.02213	0.02237	0.08214	0.00822	0.00647	0.00200	0.00663	0.00681	0.00521	0.00959
32	0.00841	0.00658	0.00762	0.00736	0.00920	0.00579	0.00552	0.01078	0.01656	0.02181	0.40750	0.05501	0.38523	0.01474	0.00763	0.00210	0.00316	0.01263	0.00657	0.00579
33	0.01322	0.01221	0.05026	0.12856	0.04917	0.01258	0.02865	0.08729	0.15829	0.02149	0.05637	0.02794	0.09612	0.08070	0.11905	0.00372	0.03422	0.00771	0.00472	0.00772
34	0.01255	0.13623	0.11535	0.01188	0.01511	0.01197	0.02763	0.06369	0.01455	0.03917	0.06396	0.29991	0.02748	0.04534	0.00849	0.00242	0.02470	0.06758	0.00494	0.00708
35	0.01619	0.01317	0.04181	0.03650	0.11633	0.01211	0.04559	0.10475	0.08738	0.09691	0.03623	0.04378	0.04883	0.04881	0.02615	0.00222	0.00640	0.00670	0.00492	0.20524

[dist]
# distance from previous block
# <min> <max>
4	7

[block]
# block no. 13 follows, 34 sequences, length 15
# corresponding to MSA columns:
# 548-562
name=unknown_N
#
# <colnr> <probs for GDERKNQSTAVLIFYWHMCP>
#	G	D	E	R	K	N	Q	S	T	A	V	L	I	F	Y	W	H	M	C	P
0	0.01662	0.17368	0.20370	0.01850	0.11320	0.10623	0.04991	0.06538	0.05792	0.02033	0.01222	0.01457	0.00986	0.02196	0.00688	0.00190	0.03677	0.00499	0.00347	0.06191
1	0.11842	0.00888	0.00820	0.00798	0.01017	0.05285	0.00604	0.01223	0.01446	0.01969	0.13527	0.04915	0.40088	0.07949	0.00929	0.00250	0.00440	0.04880	0.00553	0.00577
2	0.01555	0.03255	0.08283	0.03337	0.20277	0.07642	0.07404	0.02056	0.09409	0.07305	0.03803	0.02505	0.05670	0.08015	0.04159	0.00279	0.00787	0.02980	0.00433	0.00846
3	0.01122	0.00561	0.00842	0.00842	0.00842	0.00561	0.00561	0.00842	0.00842	0.01122	0.01122	0.01964	0.01122	0.02245	0.02525	0.81201	0.00561	0.00561	0.00281	0.00281
4	0.49416	0.01304	0.01369	0.01109	0.01561	0.01399	0.05330	0.09451	0.01510	0.19979	0.01390	0.01423	0.00976	0.00663	0.00509	0.00200	0.00572	0.00473	0.00517	0.00849
5	0.01055	0.00953	0.00922	0.00909	0.01125	0.06575	0.00682	0.01494	0.12789	0.01950	0.10573	0.15628	0.37552	0.01474	0.00746	0.00222	0.00438	0.03674	0.00597	0.00642
6	0.01448	0.03727	0.12497	0.07076	0.16709	0.01315	0.05885	0.04852	0.06378	0.02130	0.01372	0.01772	0.01129	0.00693	0.00672	0.03242	0.00699	0.03090	0.00375	0.24941
7	0.01344	0.07148	0.25001	0.05684	0.10608	0.01426	0.05976	0.06143	0.01445	0.02019	0.04612	0.06171	0.05035	0.03379	0.06449	0.00284	0.05388	0.00694	0.00369	0.00827
8	0.05812	0.01698	0.10505	0.11138	0.10441	0.04211	0.05715	0.10872	0.22330	0.05039	0.03210	0.01918	0.01390	0.02062	0.00686	0.00214	0.00720	0.00625	0.00481	0.00933
9	0.01460	0.07531	0.45214	0.06300	0.02609	0.04330	0.05436	0.06907	0.06733	0.02184	0.04344	0.01615	0.01161	0.00671	0.00621	0.00201	0.00869	0.00543	0.00352	0.00920
10	0.01528	0.04117	0.14934	0.17566	0.11287	0.17407	0.01521	0.04455	0.01502	0.01838	0.01738	0.04253	0.07401	0.04096	0.03447	0.00245	0.00883	0.00642	0.00355	0.00784
11	0.01308	0.01367	0.06345	0.42263	0.14336	0.03836	0.01647	0.01774	0.04334	0.01904	0.10295	0.02073	0.01592	0.00746	0.00709	0.00210	0.03475	0.00645	0.00362	0.00780
12	0.01441	0.03981	0.01562	0.01516	0.10473	0.02900	0.02795	0.10486	0.16849	0.02487	0.22068	0.03215	0.02931	0.07149	0.00941	0.00243	0.02557	0.05030	0.00564	0.00812
13	0.03909	0.18813	0.31409	0.07044	0.08815	0.13860	0.01767	0.03876	0.01471	0.01911	0.01084	0.01304	0.00849	0.00612	0.00565	0.00183	0.00890	0.00454	0.00302	0.00880
14	0.01321	0.01088	0.01146	0.01048	0.01285	0.06083	0.00801	0.08683	0.13787	0.04302	0.27376	0.12529	0.13285	0.01254	0.00764	0.00214	0.02609	0.01059	0.00631	0.00735

[dist]
# distance from previous block
# <min> <max>
0	6

[block]
# block no. 14 follows, 34 sequences, length 40
# corresponding to MSA columns:
# 569-608
name=unknown_O
#
# <colnr> <probs for GDERKNQSTAVLIFYWHMCP>
#	G	D	E	R	K	N	Q	S	T	A	V	L	I	F	Y	W	H	M	C	P
0	0.01384	0.01254	0.04203	0.02188	0.24575	0.01339	0.03039	0.01667	0.01268	0.05890	0.03637	0.05197	0.01461	0.01931	0.20600	0.00441	0.18076	0.00682	0.00368	0.00798
1	0.01922	0.03428	0.05734	0.05926	0.14096	0.10358	0.04364	0.12656	0.17328	0.10588	0.01689	0.01760	0.01257	0.00706	0.00629	0.00192	0.00737	0.00587	0.00497	0.05545
2	0.00865	0.00644	0.00804	0.00794	0.00942	0.00584	0.00584	0.01112	0.01667	0.02278	0.49014	0.16032	0.19316	0.01491	0.00772	0.00215	0.00320	0.01309	0.00672	0.00584
3	0.06162	0.02787	0.49657	0.01821	0.04935	0.06900	0.04908	0.01988	0.01358	0.02006	0.01257	0.01502	0.02554	0.00782	0.02555	0.00229	0.06898	0.00514	0.00299	0.00885
4	0.01337	0.01055	0.01387	0.04366	0.13524	0.01099	0.01022	0.03653	0.17897	0.06784	0.11110	0.03333	0.17532	0.01583	0.11089	0.00326	0.00683	0.00872	0.00545	0.00805
5	0.01152	0.01021	0.01282	0.01526	0.14933	0.06221	0.00937	0.01352	0.01283	0.01691	0.06955	0.05600	0.11682	0.17745	0.19976	0.00504	0.02745	0.02338	0.00419	0.00637
