[name]
unknown

[dist]
# distance from previous block
# <min> <max>
0	49

[block]
# block no. 0 follows, 37 sequences, length 144
# corresponding to MSA columns:
# 49-192
name=unknown_A
#
# <colnr> <probs for GDERKNQSTAVLIFYWHMCP>
#	G	D	E	R	K	N	Q	S	T	A	V	L	I	F	Y	W	H	M	C	P
0	0.02582	0.01141	0.01468	0.01145	0.01605	0.01064	0.00947	0.14000	0.03422	0.59223	0.02300	0.02188	0.01530	0.00794	0.00625	0.00193	0.00546	0.03486	0.00724	0.01020
1	0.02683	0.01144	0.01484	0.01138	0.01614	0.01052	0.00940	0.13583	0.01923	0.64251	0.02271	0.01990	0.01443	0.00754	0.00615	0.00189	0.00544	0.00606	0.00736	0.01042
2	0.00723	0.00620	0.00620	0.00620	0.00827	0.00517	0.00465	0.00878	0.01395	0.01654	0.06201	0.05891	0.74421	0.01550	0.00723	0.00207	0.00310	0.01292	0.00568	0.00517
3	0.02306	0.01704	0.01825	0.01404	0.01890	0.01889	0.01158	0.70841	0.04699	0.03824	0.01496	0.01491	0.01062	0.00737	0.00613	0.00184	0.00669	0.00555	0.00613	0.01039
4	0.00760	0.00541	0.00715	0.00849	0.00885	0.00508	0.00568	0.00865	0.01162	0.01548	0.03287	0.71989	0.03930	0.06321	0.00917	0.00269	0.00374	0.03464	0.00557	0.00492
5	0.00753	0.00538	0.00716	0.00848	0.00889	0.00502	0.00569	0.00870	0.01204	0.01614	0.07460	0.73855	0.04148	0.01879	0.00778	0.00245	0.00351	0.01704	0.00574	0.00502
6	0.02287	0.02917	0.01735	0.01577	0.01892	0.76030	0.01183	0.02444	0.01735	0.01498	0.00946	0.01104	0.00788	0.00631	0.00552	0.00158	0.01104	0.00394	0.00315	0.00710
7	0.01269	0.01088	0.01269	0.00907	0.01451	0.00816	0.00725	0.01541	0.01269	0.01995	0.01088	0.01269	0.00907	0.00453	0.00453	0.00091	0.00453	0.00363	0.00363	0.82229
8	0.01515	0.01454	0.02485	0.03757	0.74669	0.01454	0.01879	0.01879	0.01394	0.02000	0.01151	0.01515	0.00970	0.00545	0.00606	0.00182	0.00727	0.00545	0.00303	0.00970
9	0.02746	0.01042	0.01421	0.01089	0.01563	0.00900	0.00900	0.02983	0.01752	0.75093	0.02415	0.02083	0.01515	0.00758	0.00616	0.00189	0.00521	0.00616	0.00758	0.01042
10	0.01228	0.03166	0.75316	0.01745	0.02649	0.01422	0.02262	0.01939	0.01292	0.01939	0.01099	0.01292	0.00775	0.00582	0.00582	0.00194	0.00905	0.00452	0.00258	0.00905
11	0.00873	0.00610	0.00740	0.00731	0.00787	0.00612	0.00474	0.00968	0.01087	0.01479	0.15039	0.03983	0.07432	0.48435	0.13718	0.00557	0.00681	0.00919	0.00431	0.00444
12	0.02412	0.00968	0.01313	0.01032	0.01447	0.00842	0.00842	0.02658	0.01749	0.62170	0.15212	0.02526	0.02273	0.00845	0.00635	0.00190	0.00480	0.00703	0.00743	0.00959
13	0.01156	0.01088	0.01836	0.77016	0.04216	0.01360	0.01700	0.01564	0.01224	0.01564	0.01088	0.01632	0.00816	0.00612	0.00612	0.00204	0.00816	0.00544	0.00272	0.00680
14	0.02566	0.01136	0.01513	0.01280	0.05864	0.01049	0.00982	0.08403	0.06263	0.60740	0.02272	0.02014	0.01468	0.00748	0.00615	0.00190	0.00543	0.00611	0.00711	0.01033
15	0.02639	0.01214	0.01527	0.01171	0.01649	0.01156	0.00967	0.20825	0.02040	0.56843	0.02173	0.01926	0.01394	0.00752	0.00615	0.00188	0.00560	0.00599	0.00720	0.01042
16	0.01503	0.06256	0.06756	0.02362	0.02962	0.04106	0.59419	0.01983	0.01432	0.03643	0.01218	0.01581	0.00920	0.00541	0.00715	0.00201	0.02594	0.00669	0.00314	0.00825
17	0.02746	0.01042	0.01421	0.01089	0.01563	0.00900	0.00900	0.02983	0.01752	0.75093	0.02415	0.02083	0.01515	0.00758	0.00616	0.00189	0.00521	0.00616	0.00758	0.01042
18	0.00754	0.00536	0.00708	0.00842	0.00875	0.00503	0.00557	0.00855	0.01155	0.01541	0.03289	0.73758	0.03942	0.06393	0.00918	0.00269	0.00369	0.01690	0.00557	0.00490
19	0.02607	0.01245	0.01604	0.01233	0.01707	0.05352	0.05121	0.09061	0.01833	0.60271	0.02178	0.01947	0.01397	0.00734	0.00618	0.00188	0.00598	0.00603	0.00693	0.01010
20	0.00824	0.00619	0.00762	0.00779	0.00920	0.00565	0.00587	0.01038	0.01489	0.01981	0.33814	0.15813	0.24562	0.04100	0.00827	0.00229	0.00348	0.09599	0.00605	0.00540
21	0.02287	0.02917	0.01735	0.01577	0.01892	0.76030	0.01183	0.02444	0.01735	0.01498	0.00946	0.01104	0.00788	0.00631	0.00552	0.00158	0.01104	0.00394	0.00315	0.00710
22	0.00740	0.00618	0.00646	0.00657	0.00849	0.00524	0.00493	0.00902	0.01398	0.01691	0.09097	0.10082	0.64861	0.01562	0.00731	0.00211	0.00320	0.03524	0.00573	0.00520
23	0.05926	0.01680	0.01707	0.01356	0.01809	0.06119	0.01104	0.52743	0.13177	0.05754	0.01592	0.01567	0.01147	0.00736	0.00600	0.00186	0.00657	0.00555	0.00590	0.00994
24	0.10261	0.01055	0.01372	0.01062	0.01527	0.00944	0.00877	0.02872	0.01685	0.68303	0.02268	0.01981	0.01435	0.00740	0.00593	0.00189	0.00516	0.00589	0.00722	0.01006
25	0.02696	0.01123	0.01471	0.01127	0.01603	0.01020	0.00931	0.11351	0.01887	0.66534	0.02301	0.02010	0.01458	0.00755	0.00615	0.00189	0.00539	0.00608	0.00740	0.01042
26	0.01476	0.01405	0.02341	0.11735	0.62102	0.01448	0.01800	0.01933	0.06055	0.01988	0.01231	0.01578	0.01011	0.00571	0.00608	0.00186	0.00721	0.00555	0.00320	0.00937
27	0.82811	0.01184	0.00900	0.00805	0.01184	0.01373	0.00663	0.01799	0.01042	0.02746	0.00852	0.00994	0.00663	0.00568	0.00379	0.00189	0.00474	0.00331	0.00379	0.00663
28	0.00731	0.00592	0.00649	0.00695	0.00847	0.00510	0.00498	0.00870	0.01323	0.01624	0.05286	0.29265	0.51637	0.01669	0.00742	0.00220	0.00325	0.01437	0.00568	0.00510
29	0.01409	0.01668	0.06473	0.02471	0.03079	0.01506	0.66208	0.01920	0.01417	0.01935	0.01251	0.01671	0.00950	0.00707	0.04205	0.00242	0.01055	0.00708	0.00308	0.00816
30	0.01576	0.68293	0.08377	0.06025	0.01821	0.02280	0.01178	0.01823	0.01246	0.01485	0.00884	0.01047	0.00787	0.00534	0.00421	0.00140	0.00683	0.00350	0.00262	0.00787
31	0.00859	0.00620	0.00811	0.00775	0.00913	0.00572	0.00577	0.01136	0.01696	0.02397	0.69744	0.09340	0.05664	0.01295	0.00726	0.00196	0.00293	0.01148	0.00667	0.00572
32	0.00986	0.00705	0.00986	0.01127	0.01268	0.00705	0.00986	0.01268	0.01409	0.01832	0.03241	0.06905	0.03523	0.01691	0.00845	0.00282	0.00564	0.70549	0.00564	0.00564
33	0.01471	0.01301	0.02192	0.28890	0.45592	0.01386	0.01753	0.01842	0.01358	0.06589	0.01211	0.01592	0.00952	0.00582	0.00609	0.00190	0.00744	0.00549	0.00322	0.00874
34	0.01696	0.01395	0.01484	0.01263	0.01655	0.01567	0.01000	0.19491	0.52438	0.02831	0.02164	0.02029	0.01614	0.00785	0.00610	0.00195	0.00527	0.00638	0.00604	0.06014
35	0.02287	0.02917	0.01735	0.01577	0.01892	0.76030	0.01183	0.02444	0.01735	0.01498	0.00946	0.01104	0.00788	0.00631	0.00552	0.00158	0.01104	0.00394	0.00315	0.00710
36	0.00746	0.00533	0.00710	0.00852	0.00888	0.00497	0.00568	0.00852	0.01172	0.01563	0.03374	0.78088	0.04049	0.01918	0.00781	0.00249	0.00355	0.01740	0.00568	0.00497
37	0.82811	0.01184	0.00900	0.00805	0.01184	0.01373	0.00663	0.01799	0.01042	0.02746	0.00852	0.00994	0.00663	0.00568	0.00379	0.00189	0.00474	0.00331	0.00379	0.00663
38	0.01269	0.01088	0.01269	0.00907	0.01451	0.00816	0.00725	0.01541	0.01269	0.01995	0.01088	0.01269	0.00907	0.00453	0.00453	0.00091	0.00453	0.00363	0.00363	0.82229
39	0.01483	0.01421	0.02426	0.10382	0.68298	0.01446	0.01862	0.01850	0.01378	0.01960	0.01146	0.01526	0.00956	0.00551	0.00607	0.00184	0.00735	0.00545	0.00300	0.00943
40	0.82811	0.01184	0.00900	0.00805	0.01184	0.01373	0.00663	0.01799	0.01042	0.02746	0.00852	0.00994	0.00663	0.00568	0.00379	0.00189	0.00474	0.00331	0.00379	0.00663
41	0.01523	0.01315	0.01384	0.01246	0.01592	0.01523	0.00969	0.03253	0.73563	0.02561	0.02491	0.02284	0.01869	0.00830	0.00623	0.00208	0.00484	0.00692	0.00623	0.00969
42	0.01018	0.00757	0.00991	0.01071	0.01230	0.00774	0.00894	0.01470	0.10577	0.01987	0.12870	0.11868	0.03664	0.01541	0.00795	0.00257	0.00499	0.46540	0.00587	0.00611
43	0.01515	0.01454	0.02485	0.03757	0.74669	0.01454	0.01879	0.01879	0.01394	0.02000	0.01151	0.01515	0.00970	0.00545	0.00606	0.00182	0.00727	0.00545	0.00303	0.00970
44	0.00986	0.00705	0.00986	0.01127	0.01268	0.00705	0.00986	0.01268	0.01409	0.01832	0.03241	0.06905	0.03523	0.01691	0.00845	0.00282	0.00564	0.70549	0.00564	0.00564
45	0.00746	0.00533	0.00710	0.00852	0.00888	0.00497	0.00568	0.00852	0.01172	0.01563	0.03374	0.78088	0.04049	0.01918	0.00781	0.00249	0.00355	0.01740	0.00568	0.00497
46	0.00857	0.00625	0.00805	0.00760	0.00909	0.00574	0.00570	0.01137	0.01711	0.02403	0.69927	0.04658	0.10227	0.01271	0.00722	0.00193	0.00290	0.01119	0.00667	0.00574
47	0.02327	0.01715	0.01837	0.01408	0.01898	0.01898	0.01163	0.72628	0.02878	0.03858	0.01470	0.01470	0.01041	0.00735	0.00612	0.00184	0.00674	0.00551	0.00612	0.01041
48	0.77523	0.01178	0.00924	0.00812	0.01201	0.01337	0.00667	0.01783	0.01056	0.02698	0.00868	0.01012	0.00679	0.00561	0.00384	0.00183	0.00472	0.00333	0.00378	0.05952
49	0.02664	0.01174	0.01502	0.01152	0.01629	0.01096	0.00952	0.16676	0.01973	0.61088	0.02229	0.01963	0.01422	0.00753	0.00615	0.00188	0.00551	0.00603	0.00729	0.01042
50	0.80659	0.01181	0.00924	0.02814	0.01264	0.01373	0.00690	0.01793	0.01047	0.02715	0.00859	0.01011	0.00667	0.00569	0.00385	0.00190	0.00483	0.00337	0.00376	0.00663
51	0.01618	0.75351	0.06547	0.01080	0.01621	0.02376	0.01104	0.01838	0.01246	0.01463	0.00862	0.00996	0.00785	0.00526	0.00402	0.00134	0.00666	0.00333	0.00262	0.00791
52	0.00730	0.00620	0.00629	0.00627	0.00831	0.00520	0.00470	0.00891	0.01411	0.01691	0.09356	0.05830	0.71242	0.01536	0.00723	0.00206	0.00309	0.01283	0.00573	0.00520
53	0.01511	0.01466	0.02550	0.03689	0.70554	0.01460	0.05942	0.01883	0.01397	0.01998	0.01156	0.01523	0.00967	0.00544	0.00613	0.00183	0.00745	0.00556	0.00303	0.00961
54	0.00732	0.00620	0.00632	0.00629	0.00832	0.00520	0.00472	0.00895	0.01415	0.01700	0.10184	0.05814	0.70408	0.01533	0.00723	0.00206	0.00309	0.01281	0.00575	0.00520
55	0.01523	0.01315	0.01384	0.01246	0.01592	0.01523	0.00969	0.03253	0.73563	0.02561	0.02491	0.02284	0.01869	0.00830	0.00623	0.00208	0.00484	0.00692	0.00623	0.00969
56	0.01515	0.01454	0.02485	0.03757	0.74669	0.01454	0.01879	0.01879	0.01394	0.02000	0.01151	0.01515	0.00970	0.00545	0.00606	0.00182	0.00727	0.00545	0.00303	0.00970
57	0.01637	0.78856	0.03208	0.01047	0.01571	0.02422	0.01047	0.01833	0.01244	0.01440	0.00851	0.00982	0.00786	0.00524	0.00393	0.00131	0.00655	0.00327	0.00262	0.00786
58	0.82811	0.01184	0.00900	0.00805	0.01184	0.01373	0.00663	0.01799	0.01042	0.02746	0.00852	0.00994	0.00663	0.00568	0.00379	0.00189	0.00474	0.00331	0.00379	0.00663
59	0.02287	0.02917	0.01735	0.01577	0.01892	0.76030	0.01183	0.02444	0.01735	0.01498	0.00946	0.01104	0.00788	0.00631	0.00552	0.00158	0.01104	0.00394	0.00315	0.00710
60	0.00853	0.00625	0.00799	0.00756	0.00906	0.00572	0.00567	0.01129	0.01700	0.02378	0.67823	0.04699	0.12347	0.01280	0.00722	0.00194	0.00291	0.01125	0.00664	0.00572
61	0.00746	0.00533	0.00710	0.00852	0.00888	0.00497	0.00568	0.00852	0.01172	0.01563	0.03374	0.78088	0.04049	0.01918	0.00781	0.00249	0.00355	0.01740	0.00568	0.00497
62	0.00746	0.00533	0.00710	0.00852	0.00888	0.00497	0.00568	0.00852	0.01172	0.01563	0.03374	0.78088	0.04049	0.01918	0.00781	0.00249	0.00355	0.01740	0.00568	0.00497
63	0.01339	0.01339	0.01875	0.01607	0.01607	0.01875	0.01339	0.01473	0.00937	0.01473	0.00804	0.01339	0.00804	0.01071	0.02009	0.00268	0.77367	0.00536	0.00268	0.00670
64	0.01251	0.07525	0.71164	0.01705	0.02587	0.01479	0.02192	0.01932	0.01290	0.01910	0.01084	0.01274	0.00776	0.00578	0.00571	0.00190	0.00890	0.00445	0.00259	0.00898
65	0.00986	0.00705	0.00986	0.01127	0.01268	0.00705	0.00986	0.01268	0.01409	0.01832	0.03241	0.06905	0.03523	0.01691	0.00845	0.00282	0.00564	0.70549	0.00564	0.00564
66	0.01438	0.01631	0.03499	0.02517	0.03096	0.01569	0.67835	0.01929	0.01412	0.01929	0.01210	0.01631	0.00921	0.00552	0.00806	0.00210	0.05982	0.00710	0.00307	0.00815
67	0.00734	0.00618	0.00623	0.00623	0.00816	0.00522	0.00459	0.00879	0.01362	0.01623	0.05924	0.05769	0.69739	0.06539	0.00879	0.00232	0.00328	0.01266	0.00556	0.00507
68	0.01429	0.01570	0.03350	0.02517	0.07119	0.01479	0.63746	0.01921	0.01431	0.01984	0.01283	0.01684	0.00973	0.00530	0.00697	0.00201	0.00966	0.00702	0.05599	0.00817
69	0.01339	0.01339	0.01875	0.01607	0.01607	0.01875	0.01339	0.01473	0.00937	0.01473	0.00804	0.01339	0.00804	0.01071	0.02009	0.00268	0.77367	0.00536	0.00268	0.00670
70	0.01269	0.01088	0.01269	0.00907	0.01451	0.00816	0.00725	0.01541	0.01269	0.01995	0.01088	0.01269	0.00907	0.00453	0.00453	0.00091	0.00453	0.00363	0.00363	0.82229
71	0.01473	0.01272	0.01337	0.01207	0.01544	0.01460	0.00938	0.03106	0.69098	0.02505	0.02721	0.02507	0.06358	0.00875	0.00629	0.00208	0.00474	0.00729	0.00619	0.00941
72	0.02746	0.01042	0.01421	0.01089	0.01563	0.00900	0.00900	0.02983	0.01752	0.75093	0.02415	0.02083	0.01515	0.00758	0.00616	0.00189	0.00521	0.00616	0.00758	0.01042
73	0.02307	0.01592	0.01739	0.01344	0.01813	0.01732	0.01106	0.62127	0.02686	0.11169	0.01625	0.03366	0.01173	0.00765	0.00613	0.00185	0.00642	0.00586	0.02413	0.01018
74	0.00791	0.00565	0.00762	0.00904	0.00959	0.00536	0.00647	0.00930	0.01216	0.01613	0.03349	0.64745	0.03950	0.01875	0.00793	0.00255	0.00394	0.14638	0.00567	0.00510
75	0.00728	0.00620	0.00626	0.00625	0.00830	0.00519	0.00469	0.00887	0.01406	0.01679	0.08380	0.05849	0.72225	0.01541	0.00723	0.00206	0.00309	0.01286	0.00572	0.00519
76	0.05457	0.01047	0.01403	0.01079	0.01550	0.00916	0.00892	0.02943	0.01728	0.72644	0.02362	0.02047	0.01486	0.00751	0.00608	0.00189	0.00519	0.00606	0.00745	0.01029
77	0.01162	0.01096	0.01837	0.74463	0.04128	0.01377	0.01688	0.01561	0.01214	0.01561	0.01078	0.01622	0.00816	0.00628	0.00659	0.00206	0.03407	0.00544	0.00272	0.00680
78	0.02604	0.01073	0.01416	0.01107	0.01566	0.00972	0.00908	0.03014	0.10084	0.66677	0.02424	0.02107	0.01556	0.00766	0.00616	0.00192	0.00517	0.00624	0.00742	0.01033
79	0.02259	0.01649	0.01764	0.01360	0.01830	0.01822	0.01121	0.68528	0.02786	0.03767	0.01500	0.01516	0.01071	0.00734	0.00602	0.00181	0.00651	0.00552	0.05292	0.01014
80	0.01523	0.01315	0.01384	0.01246	0.01592	0.01523	0.00969	0.03253	0.73563	0.02561	0.02491	0.02284	0.01869	0.00830	0.00623	0.00208	0.00484	0.00692	0.00623	0.00969
81	0.02716	0.01049	0.01420	0.01093	0.01563	0.00915	0.00901	0.02990	0.03553	0.73274	0.02417	0.02089	0.01524	0.00759	0.00616	0.00190	0.00520	0.00617	0.00754	0.01040
82	0.01320	0.01394	0.02898	0.02185	0.02674	0.01319	0.53012	0.01772	0.01435	0.01926	0.01783	0.03080	0.01634	0.00836	0.00756	0.00227	0.00905	0.19712	0.00379	0.00754
83	0.01696	0.69022	0.04760	0.01120	0.01631	0.10192	0.01090	0.01900	0.01297	0.01458	0.00867	0.01002	0.00786	0.00536	0.00414	0.00135	0.00708	0.00337	0.00267	0.00780
84	0.01709	0.73810	0.03092	0.01050	0.01571	0.02323	0.01038	0.01908	0.01277	0.06216	0.00952	0.01053	0.00833	0.00539	0.00407	0.00135	0.00646	0.00346	0.00294	0.00802
85	0.01402	0.00956	0.01077	0.01023	0.01279	0.05137	0.00837	0.05044	0.06640	0.14860	0.09676	0.04713	0.18841	0.01291	0.00723	0.00224	0.00506	0.24472	0.00601	0.00698
86	0.01507	0.01293	0.01361	0.01221	0.01564	0.01486	0.00951	0.04972	0.68358	0.02553	0.02636	0.02429	0.05206	0.00861	0.00627	0.00207	0.00481	0.00716	0.00620	0.00950
87	0.82811	0.01184	0.00900	0.00805	0.01184	0.01373	0.00663	0.01799	0.01042	0.02746	0.00852	0.00994	0.00663	0.00568	0.00379	0.00189	0.00474	0.00331	0.00379	0.00663
88	0.01637	0.78856	0.03208	0.01047	0.01571	0.02422	0.01047	0.01833	0.01244	0.01440	0.00851	0.00982	0.00786	0.00524	0.00393	0.00131	0.00655	0.00327	0.00262	0.00786
89	0.82811	0.01184	0.00900	0.00805	0.01184	0.01373	0.00663	0.01799	0.01042	0.02746	0.00852	0.00994	0.00663	0.00568	0.00379	0.00189	0.00474	0.00331	0.00379	0.00663
90	0.01499	0.01269	0.01334	0.01204	0.01537	0.01464	0.00935	0.03140	0.69091	0.02543	0.02461	0.02284	0.01850	0.00823	0.00611	0.00204	0.00472	0.00685	0.05651	0.00944
91	0.01523	0.01315	0.01384	0.01246	0.01592	0.01523	0.00969	0.03253	0.73563	0.02561	0.02491	0.02284	0.01869	0.00830	0.00623	0.00208	0.00484	0.00692	0.00623	0.00969
92	0.02219	0.01661	0.01776	0.01387	0.01857	0.01848	0.01137	0.63324	0.12357	0.03684	0.01607	0.01579	0.01152	0.00748	0.00614	0.00187	0.00648	0.00570	0.00614	0.01031
93	0.01450	0.01243	0.01322	0.01208	0.01534	0.01423	0.00945	0.03014	0.65569	0.02471	0.02719	0.02746	0.05520	0.00919	0.00642	0.00212	0.00481	0.05044	0.00617	0.00922
94	0.00866	0.00626	0.00818	0.00770	0.00914	0.00578	0.00578	0.01155	0.01733	0.02455	0.74346	0.04572	0.05776	0.01251	0.00722	0.00193	0.00289	0.01107	0.00674	0.00578
95	0.00757	0.00543	0.00721	0.00859	0.00904	0.00507	0.00585	0.00873	0.01189	0.01578	0.03442	0.72828	0.05879	0.01897	0.00783	0.00249	0.00364	0.04973	0.00568	0.00501
96	0.00787	0.00580	0.00725	0.00775	0.00872	0.00531	0.00541	0.00951	0.01366	0.01829	0.25419	0.38449	0.17051	0.06125	0.00889	0.00244	0.00341	0.01417	0.00589	0.00518
97	0.00723	0.00620	0.00620	0.00620	0.00827	0.00517	0.00465	0.00878	0.01395	0.01654	0.06201	0.05891	0.74421	0.01550	0.00723	0.00207	0.00310	0.01292	0.00568	0.00517
98	0.64860	0.01152	0.01016	0.00869	0.01269	0.01267	0.00716	0.02065	0.01201	0.18967	0.01203	0.01239	0.00854	0.00611	0.00432	0.00189	0.00484	0.00395	0.00464	0.00748
99	0.01228	0.03166	0.75316	0.01745	0.02649	0.01422	0.02262	0.01939	0.01292	0.01939	0.01099	0.01292	0.00775	0.00582	0.00582	0.00194	0.00905	0.00452	0.00258	0.00905
100	0.00754	0.00536	0.00708	0.00842	0.00875	0.00503	0.00557	0.00855	0.01156	0.01541	0.03291	0.73822	0.03944	0.06327	0.00916	0.00268	0.00369	0.01691	0.00557	0.00490
101	0.00762	0.00544	0.00729	0.00871	0.00914	0.00511	0.00596	0.00880	0.01188	0.01581	0.03365	0.73279	0.04013	0.01902	0.00786	0.00251	0.00369	0.06389	0.00568	0.00502
102	0.01563	0.01545	0.02438	0.03622	0.70166	0.06069	0.01836	0.01914	0.01415	0.01969	0.01139	0.01490	0.00958	0.00551	0.00603	0.00180	0.00751	0.00536	0.00304	0.00954
103	0.01413	0.01576	0.03373	0.02537	0.07235	0.01482	0.63874	0.01906	0.01460	0.01994	0.05757	0.01824	0.01231	0.00563	0.00716	0.00204	0.00968	0.00736	0.00332	0.00819
104	0.02746	0.01042	0.01421	0.01089	0.01563	0.00900	0.00900	0.02983	0.01752	0.75093	0.02415	0.02083	0.01515	0.00758	0.00616	0.00189	0.00521	0.00616	0.00758	0.01042
105	0.01577	0.65815	0.12245	0.01206	0.01781	0.02256	0.04505	0.01852	0.01259	0.01527	0.00900	0.01052	0.00791	0.00531	0.00432	0.00142	0.00703	0.00361	0.00264	0.00802
106	0.00905	0.00692	0.00819	0.00856	0.00998	0.00667	0.00625	0.05254	0.05875	0.01879	0.10365	0.38887	0.22671	0.01610	0.00745	0.00228	0.00376	0.05391	0.00584	0.00574
107	0.00857	0.00632	0.00913	0.00934	0.01022	0.00709	0.00699	0.01038	0.01003	0.01420	0.01922	0.13697	0.01967	0.11222	0.58047	0.00838	0.01351	0.00838	0.00367	0.00523
108	0.00739	0.00608	0.00650	0.00666	0.00843	0.00519	0.00489	0.00899	0.01394	0.01712	0.11852	0.15842	0.58517	0.01575	0.00731	0.00211	0.00314	0.01338	0.00578	0.00519
109	0.05893	0.01368	0.01531	0.01208	0.01640	0.01448	0.00988	0.38610	0.07843	0.21620	0.06047	0.01889	0.01511	0.00770	0.00601	0.00186	0.00569	0.00602	0.04711	0.00968
110	0.01267	0.10355	0.68467	0.01678	0.02547	0.01517	0.02146	0.01929	0.01288	0.01891	0.01075	0.01263	0.00776	0.00576	0.00564	0.00188	0.00881	0.00440	0.00259	0.00893
111	0.82811	0.01184	0.00900	0.00805	0.01184	0.01373	0.00663	0.01799	0.01042	0.02746	0.00852	0.00994	0.00663	0.00568	0.00379	0.00189	0.00474	0.00331	0.00379	0.00663
112	0.00778	0.00558	0.00739	0.00830	0.00895	0.00519	0.00571	0.00934	0.01322	0.01802	0.22410	0.58370	0.04512	0.01739	0.00765	0.00234	0.00337	0.01570	0.00597	0.00519
113	0.01339	0.01339	0.01875	0.01607	0.01607	0.01875	0.01339	0.01473	0.00937	0.01473	0.00804	0.01339	0.00804	0.01071	0.02009	0.00268	0.77367	0.00536	0.00268	0.00670
114	0.01269	0.01088	0.01269	0.00907	0.01451	0.00816	0.00725	0.01541	0.01269	0.01995	0.01088	0.01269	0.00907	0.00453	0.00453	0.00091	0.00453	0.00363	0.00363	0.82229
115	0.01156	0.01088	0.01836	0.77016	0.04216	0.01360	0.01700	0.01564	0.01224	0.01564	0.01088	0.01632	0.00816	0.00612	0.00612	0.00204	0.00816	0.00544	0.00272	0.00680
116	0.00986	0.00754	0.00975	0.00896	0.01125	0.00688	0.05257	0.01287	0.05610	0.06398	0.15222	0.10995	0.38991	0.01390	0.00726	0.00213	0.00401	0.06898	0.00582	0.00607
117	0.00761	0.00581	0.00702	0.00775	0.00887	0.00522	0.00552	0.00911	0.01317	0.01695	0.11347	0.41956	0.29095	0.01712	0.00758	0.00230	0.00342	0.04764	0.00578	0.00515
118	0.01690	0.01272	0.01389	0.01213	0.01574	0.01422	0.00953	0.07408	0.56789	0.11567	0.05979	0.02322	0.01967	0.00836	0.00626	0.00203	0.00491	0.00694	0.00641	0.00963
119	0.01325	0.08366	0.65575	0.01686	0.02526	0.06329	0.02108	0.01964	0.01318	0.01876	0.01072	0.01259	0.00777	0.00581	0.00567	0.00187	0.00900	0.00440	0.00262	0.00884
120	0.82811	0.01184	0.00900	0.00805	0.01184	0.01373	0.00663	0.01799	0.01042	0.02746	0.00852	0.00994	0.00663	0.00568	0.00379	0.00189	0.00474	0.00331	0.00379	0.00663
121	0.00878	0.00599	0.00685	0.00685	0.00705	0.00599	0.00402	0.00902	0.00929	0.01232	0.02187	0.04026	0.06863	0.68807	0.07591	0.00593	0.00641	0.00901	0.00381	0.00392
122	0.01701	0.39290	0.17444	0.01288	0.01833	0.11441	0.01308	0.06343	0.01458	0.05966	0.01197	0.01539	0.01019	0.00652	0.00508	0.00164	0.00751	0.04946	0.00338	0.00816
123	0.01235	0.01189	0.06428	0.01891	0.15658	0.01029	0.18423	0.01555	0.01378	0.06583	0.07720	0.26612	0.03860	0.01095	0.00706	0.00214	0.00634	0.02600	0.00456	0.00735
124	0.02722	0.01081	0.01445	0.01108	0.01582	0.00958	0.00915	0.07054	0.01818	0.70929	0.02360	0.02048	0.01488	0.00756	0.00615	0.00189	0.00530	0.00612	0.00749	0.01042
125	0.01180	0.01104	0.01856	0.62854	0.13359	0.01322	0.01658	0.01564	0.01243	0.01622	0.01230	0.06085	0.01025	0.00679	0.00621	0.00204	0.00777	0.00614	0.00293	0.00708
126	0.05536	0.10114	0.04387	0.01634	0.12032	0.08770	0.07527	0.02245	0.10762	0.18156	0.06158	0.05405	0.03093	0.00761	0.00598	0.00186	0.00649	0.00647	0.00484	0.00855
127	0.01454	0.01589	0.07224	0.03127	0.45121	0.01484	0.20878	0.01866	0.01382	0.01964	0.02683	0.01592	0.01037	0.00585	0.00720	0.00194	0.05291	0.00599	0.00308	0.00901
128	0.02190	0.01126	0.01365	0.01118	0.01524	0.01124	0.00900	0.06121	0.25415	0.42141	0.03988	0.02189	0.01709	0.00789	0.00609	0.00193	0.00497	0.00646	0.05376	0.00980
129	0.00780	0.00572	0.00739	0.00857	0.00934	0.00532	0.00614	0.00922	0.01250	0.01634	0.05273	0.55807	0.14212	0.01818	0.00781	0.00246	0.00377	0.11571	0.00570	0.00511
130	0.01365	0.04517	0.49662	0.02142	0.14306	0.01451	0.11483	0.01965	0.01343	0.04415	0.01164	0.01395	0.00853	0.00571	0.00601	0.00192	0.00874	0.00506	0.00289	0.00906
131	0.00792	0.00616	0.00724	0.00715	0.00877	0.00548	0.00531	0.01004	0.01517	0.01998	0.36250	0.11532	0.36053	0.01516	0.02384	0.00221	0.00334	0.01235	0.00610	0.00543
132	0.00746	0.00533	0.00710	0.00852	0.00888	0.00497	0.00568	0.00852	0.01172	0.01563	0.03374	0.78088	0.04049	0.01918	0.00781	0.00249	0.00355	0.01740	0.00568	0.00497
133	0.01532	0.56708	0.19564	0.01305	0.01921	0.02139	0.05952	0.01865	0.01268	0.01587	0.00932	0.01096	0.00793	0.00536	0.00457	0.00150	0.00736	0.00381	0.00264	0.00815
134	0.05618	0.04953	0.05329	0.01766	0.11369	0.05957	0.08006	0.30637	0.13111	0.02800	0.01512	0.03566	0.01173	0.00706	0.00603	0.00188	0.00702	0.00587	0.00485	0.00932
135	0.00925	0.00693	0.00856	0.00913	0.01067	0.00663	0.00724	0.05162	0.01455	0.01877	0.08812	0.23271	0.23244	0.01622	0.00775	0.00241	0.00431	0.26129	0.00576	0.00563
136	0.01704	0.01415	0.02303	0.04939	0.59776	0.01416	0.01713	0.06589	0.01528	0.10698	0.01319	0.01581	0.01035	0.00584	0.00608	0.00183	0.00701	0.00554	0.00376	0.00976
137	0.00912	0.00788	0.01010	0.01145	0.09824	0.00770	0.00765	0.01117	0.01401	0.01808	0.14991	0.06385	0.42764	0.01360	0.00832	0.00213	0.07185	0.05609	0.00525	0.00596
138	0.01483	0.01246	0.01441	0.01231	0.07729	0.04369	0.00888	0.08086	0.01465	0.05160	0.01219	0.02768	0.01003	0.00535	0.00498	0.00117	0.00527	0.00433	0.00398	0.59405
139	0.00854	0.00666	0.00748	0.00722	0.00899	0.00603	0.00534	0.04289	0.01529	0.01980	0.27401	0.09622	0.40511	0.05870	0.00859	0.00226	0.00339	0.01203	0.00593	0.00551
140	0.01447	0.02680	0.51868	0.01585	0.02338	0.05707	0.01857	0.09914	0.04629	0.03666	0.01333	0.01462	0.02530	0.00630	0.00581	0.00185	0.00823	0.00487	0.00341	0.05937
141	0.05004	0.00969	0.05541	0.00850	0.01213	0.00743	0.00722	0.01489	0.01444	0.13361	0.12438	0.03651	0.31105	0.01054	0.00625	0.00176	0.00415	0.00872	0.00540	0.17790
142	0.01839	0.06412	0.12399	0.01648	0.07954	0.32994	0.01321	0.04134	0.18360	0.03388	0.02847	0.01531	0.01173	0.00675	0.00575	0.00177	0.00837	0.00503	0.00398	0.00836
143	0.01308	0.05752	0.02116	0.37388	0.33164	0.01408	0.01666	0.01667	0.01293	0.01738	0.01242	0.06276	0.01078	0.00660	0.00607	0.00193	0.00741	0.00606	0.00303	0.00795

[dist]
# distance from previous block
# <min> <max>
0	6

[block]
# block no. 1 follows, 37 sequences, length 36
# corresponding to MSA columns:
# 199-224,226-235
name=unknown_B
#
# <colnr> <probs for GDERKNQSTAVLIFYWHMCP>
#	G	D	E	R	K	N	Q	S	T	A	V	L	I	F	Y	W	H	M	C	P
0	0.01294	0.10535	0.47719	0.01900	0.11830	0.01471	0.06309	0.01836	0.01277	0.01835	0.01156	0.01532	0.00929	0.06906	0.00780	0.00219	0.00838	0.00504	0.00277	0.00852
1	0.06574	0.01923	0.01471	0.01308	0.01636	0.34678	0.01027	0.14761	0.01822	0.08533	0.01940	0.04073	0.07523	0.00892	0.00614	0.00188	0.00790	0.09021	0.00468	0.00757
2	0.00746	0.00533	0.00710	0.00852	0.00888	0.00497	0.00568	0.00852	0.01172	0.01563	0.03374	0.78088	0.04049	0.01918	0.00781	0.00249	0.00355	0.01740	0.00568	0.00497
3	0.00931	0.00774	0.01177	0.01100	0.01278	0.00740	0.10177	0.01250	0.06031	0.01862	0.14814	0.36563	0.10661	0.01493	0.00755	0.00231	0.00460	0.08558	0.00554	0.00593
4	0.01843	0.41737	0.08467	0.01254	0.01758	0.11806	0.01181	0.14706	0.01619	0.05006	0.01064	0.01173	0.00865	0.00605	0.00527	0.00155	0.03000	0.00405	0.00355	0.02476
5	0.00807	0.00620	0.00738	0.00716	0.00880	0.00551	0.00534	0.01037	0.01580	0.02111	0.45287	0.08142	0.31996	0.01394	0.00725	0.00200	0.00300	0.01204	0.00629	0.00551
6	0.02609	0.01050	0.01395	0.01087	0.01542	0.00939	0.00892	0.02962	0.07256	0.67569	0.02410	0.02104	0.01544	0.00762	0.00611	0.00190	0.00512	0.00620	0.02922	0.01024
7	0.03722	0.01307	0.02061	0.52659	0.14164	0.05895	0.08193	0.01707	0.01295	0.01695	0.01096	0.01566	0.00843	0.00593	0.00611	0.00198	0.00830	0.00545	0.00286	0.00737
8	0.01523	0.01315	0.01384	0.01246	0.01592	0.01523	0.00969	0.03253	0.73563	0.02561	0.02491	0.02284	0.01869	0.00830	0.00623	0.00208	0.00484	0.00692	0.00623	0.00969
9	0.02385	0.01508	0.01688	0.01299	0.01772	0.01605	0.01072	0.52993	0.02544	0.21165	0.01720	0.01650	0.01176	0.00740	0.00606	0.00184	0.00622	0.00568	0.03679	0.01024
10	0.00746	0.00533	0.00710	0.00852	0.00888	0.00497	0.00568	0.00852	0.01172	0.01563	0.03374	0.78088	0.04049	0.01918	0.00781	0.00249	0.00355	0.01740	0.00568	0.00497
11	0.08031	0.01362	0.01917	0.37439	0.24915	0.07533	0.01585	0.03884	0.01359	0.01865	0.01165	0.01685	0.00952	0.00632	0.00595	0.00194	0.00772	0.03023	0.00314	0.00775
12	0.01523	0.01315	0.01384	0.01246	0.01592	0.01523	0.00969	0.03253	0.73563	0.02561	0.02491	0.02284	0.01869	0.00830	0.00623	0.00208	0.00484	0.00692	0.00623	0.00969
13	0.01515	0.01454	0.02485	0.03757	0.74669	0.01454	0.01879	0.01879	0.01394	0.02000	0.01151	0.01515	0.00970	0.00545	0.00606	0.00182	0.00727	0.00545	0.00303	0.00970
14	0.00806	0.00605	0.00746	0.00749	0.00887	0.00546	0.00547	0.01023	0.01533	0.02070	0.42641	0.19943	0.22736	0.01463	0.00734	0.00208	0.00308	0.01283	0.00626	0.00546
15	0.01442	0.07962	0.01906	0.01466	0.01611	0.05611	0.01226	0.04216	0.01117	0.01624	0.00874	0.01293	0.00823	0.00915	0.01557	0.00226	0.54798	0.00490	0.00294	0.10550
16	0.01571	0.01172	0.01527	0.01140	0.01623	0.01036	0.05843	0.06298	0.03424	0.13012	0.01355	0.01491	0.01043	0.00673	0.02458	0.00156	0.05590	0.00465	0.00434	0.49690
17	0.04057	0.02761	0.02029	0.02025	0.20182	0.04663	0.11727	0.15443	0.11535	0.07518	0.04665	0.02088	0.07047	0.00740	0.00628	0.00191	0.00673	0.00661	0.00475	0.00893
18	0.00750	0.00555	0.00702	0.00806	0.00879	0.00506	0.00551	0.00879	0.01251	0.01642	0.08932	0.60141	0.16556	0.01806	0.00767	0.00237	0.00342	0.01616	0.00576	0.00506
19	0.02593	0.01008	0.01372	0.01063	0.01510	0.00873	0.00873	0.02834	0.01750	0.69182	0.08268	0.02286	0.01862	0.00798	0.00624	0.00190	0.00502	0.00656	0.00751	0.01004
20	0.04778	0.46535	0.21193	0.01260	0.01842	0.09524	0.01340	0.01900	0.01313	0.01655	0.03141	0.01182	0.00929	0.00573	0.00466	0.00154	0.00745	0.00389	0.00283	0.00797
21	0.01106	0.00866	0.01153	0.01416	0.15495	0.03619	0.00857	0.01326	0.01432	0.06009	0.20457	0.28965	0.10269	0.01305	0.00700	0.00208	0.00444	0.01163	0.02558	0.00652
22	0.00765	0.00547	0.00733	0.00875	0.00919	0.00514	0.00602	0.00886	0.01191	0.01585	0.03363	0.72296	0.04006	0.01899	0.00787	0.00251	0.00372	0.07339	0.00568	0.00503
23	0.01754	0.01284	0.01406	0.01226	0.01598	0.01433	0.00964	0.05694	0.59139	0.14618	0.02442	0.02221	0.01780	0.00815	0.00621	0.00204	0.00497	0.00674	0.00645	0.00984
24	0.03132	0.35847	0.33654	0.01537	0.05138	0.01879	0.04663	0.01871	0.01264	0.01725	0.00983	0.01177	0.00793	0.00569	0.00553	0.00169	0.03525	0.00414	0.00267	0.00839
25	0.01045	0.00674	0.00826	0.00760	0.00964	0.00596	0.00580	0.01284	0.01625	0.10894	0.43583	0.04703	0.27576	0.01289	0.00710	0.00197	0.00323	0.01108	0.00650	0.00613
26	0.01141	0.00571	0.00571	0.00571	0.00713	0.00571	0.00428	0.01426	0.01284	0.02282	0.01997	0.02282	0.01569	0.00713	0.00428	0.00143	0.00285	0.00571	0.81886	0.00571
27	0.00892	0.00655	0.00853	0.00806	0.00955	0.00629	0.00608	0.01230	0.04418	0.02375	0.65683	0.04309	0.05281	0.01507	0.06849	0.00257	0.00406	0.01054	0.00644	0.00590
28	0.01636	0.72706	0.06760	0.01099	0.01635	0.04671	0.01112	0.01857	0.01262	0.01467	0.00866	0.01001	0.00785	0.00530	0.00407	0.00135	0.00681	0.00336	0.00263	0.00789
29	0.02730	0.01068	0.01437	0.01102	0.01576	0.00939	0.00910	0.05736	0.01797	0.72278	0.02378	0.02059	0.01497	0.00757	0.00615	0.00189	0.00527	0.00613	0.00752	0.01042
30	0.00850	0.00625	0.00796	0.00753	0.00904	0.00571	0.00565	0.01123	0.01694	0.02363	0.66531	0.04724	0.13648	0.01286	0.00722	0.00194	0.00291	0.01128	0.00662	0.00571
31	0.00798	0.00586	0.00809	0.00999	0.04085	0.00555	0.00658	0.00930	0.01201	0.01603	0.03268	0.69009	0.03874	0.01840	0.00779	0.00248	0.00388	0.07288	0.00556	0.00523
32	0.02256	0.01310	0.01516	0.01217	0.01634	0.02800	0.00989	0.21786	0.16716	0.33793	0.02067	0.01918	0.01420	0.00774	0.00661	0.00192	0.03495	0.00605	0.03864	0.00987
33	0.00739	0.00621	0.00641	0.00636	0.00836	0.00523	0.00477	0.00908	0.01432	0.01740	0.13557	0.05749	0.67010	0.01518	0.00723	0.00205	0.00308	0.01272	0.00580	0.00523
34	0.01351	0.01204	0.02096	0.34688	0.21599	0.01324	0.10053	0.01724	0.01293	0.06140	0.01257	0.01711	0.00990	0.01044	0.09028	0.00286	0.02532	0.00582	0.00320	0.00778
35	0.01517	0.01454	0.02451	0.02171	0.14616	0.01488	0.28848	0.12040	0.12086	0.02299	0.04634	0.02075	0.06136	0.00723	0.00736	0.00202	0.04528	0.00707	0.00426	0.00864

[dist]
# distance from previous block
# <min> <max>
1	3

[block]
# block no. 2 follows, 37 sequences, length 103
# corresponding to MSA columns:
# 239-341
name=unknown_C
#
# <colnr> <probs for GDERKNQSTAVLIFYWHMCP>
#	G	D	E	R	K	N	Q	S	T	A	V	L	I	F	Y	W	H	M	C	P
0	0.24431	0.28956	0.05116	0.01345	0.05261	0.09213	0.06690	0.07139	0.03324	0.02107	0.01005	0.01160	0.00819	0.00573	0.00471	0.00167	0.00689	0.00408	0.00341	0.00784
1	0.01503	0.01617	0.06056	0.03150	0.47872	0.04634	0.17770	0.01951	0.03748	0.01996	0.02977	0.01617	0.01089	0.00570	0.00632	0.00188	0.00802	0.00593	0.00322	0.00913
2	0.01370	0.03534	0.12147	0.01175	0.01720	0.04544	0.04888	0.04682	0.01376	0.03764	0.01314	0.07376	0.01149	0.00621	0.00526	0.00135	0.00589	0.00519	0.00376	0.48194
3	0.00797	0.00597	0.00740	0.00758	0.00886	0.00540	0.00548	0.01001	0.01490	0.02005	0.37523	0.26253	0.21588	0.01516	0.00740	0.00212	0.00313	0.01335	0.00618	0.00540
4	0.01637	0.78856	0.03208	0.01047	0.01571	0.02422	0.01047	0.01833	0.01244	0.01440	0.00851	0.00982	0.00786	0.00524	0.00393	0.00131	0.00655	0.00327	0.00262	0.00786
5	0.00746	0.00533	0.00710	0.00852	0.00888	0.00497	0.00568	0.00852	0.01172	0.01563	0.03374	0.78088	0.04049	0.01918	0.00781	0.00249	0.00355	0.01740	0.00568	0.00497
6	0.01462	0.01544	0.01857	0.01603	0.01644	0.11511	0.01319	0.01599	0.01041	0.01476	0.00822	0.01309	0.00802	0.01014	0.01820	0.00254	0.67457	0.00517	0.00274	0.00675
7	0.00986	0.00705	0.00986	0.01127	0.01268	0.00705	0.00986	0.01268	0.01409	0.01832	0.03241	0.06905	0.03523	0.01691	0.00845	0.00282	0.00564	0.70549	0.00564	0.00564
8	0.00817	0.00624	0.00749	0.00718	0.00884	0.00556	0.00538	0.01059	0.01615	0.02175	0.50577	0.05032	0.29719	0.01356	0.00722	0.00197	0.00296	0.01172	0.00637	0.00556
9	0.01228	0.03166	0.75316	0.01745	0.02649	0.01422	0.02262	0.01939	0.01292	0.01939	0.01099	0.01292	0.00775	0.00582	0.00582	0.00194	0.00905	0.00452	0.00258	0.00905
10	0.00748	0.00576	0.00686	0.00763	0.00874	0.00514	0.00538	0.00887	0.01292	0.01647	0.07824	0.44467	0.31911	0.01736	0.00757	0.00230	0.00339	0.03129	0.00573	0.00510
11	0.00949	0.00688	0.00936	0.01063	0.01206	0.00676	0.00914	0.01210	0.01397	0.01801	0.03551	0.10007	0.10821	0.01687	0.00830	0.00273	0.00528	0.60344	0.00564	0.00556
12	0.01327	0.10782	0.53099	0.01608	0.02369	0.01548	0.03800	0.02154	0.13697	0.01993	0.01315	0.01440	0.00968	0.00616	0.00573	0.00190	0.00810	0.00488	0.00323	0.00901
13	0.00986	0.00705	0.00986	0.01127	0.01268	0.00705	0.00986	0.01268	0.01409	0.01832	0.03241	0.06905	0.03523	0.01691	0.00845	0.00282	0.00564	0.70549	0.00564	0.00564
14	0.01442	0.01590	0.03336	0.06533	0.15030	0.01523	0.57242	0.01927	0.01425	0.01947	0.01216	0.01628	0.00930	0.00526	0.00698	0.00202	0.00971	0.00684	0.00307	0.00842
15	0.01510	0.01478	0.02000	0.03603	0.01850	0.05325	0.06938	0.10429	0.01264	0.01812	0.00935	0.01377	0.00843	0.00953	0.01629	0.00246	0.56216	0.00546	0.00316	0.00730
16	0.01380	0.01306	0.02214	0.20663	0.52386	0.01378	0.01749	0.01743	0.01322	0.01852	0.01175	0.01613	0.00978	0.00881	0.06570	0.00250	0.00820	0.00554	0.00298	0.00868
17	0.01544	0.01296	0.01383	0.01240	0.01578	0.01483	0.00970	0.09494	0.61271	0.02611	0.02462	0.05610	0.01946	0.00900	0.00637	0.00210	0.00499	0.03308	0.00617	0.00940
18	0.05115	0.09537	0.15566	0.01247	0.01789	0.01341	0.01196	0.08933	0.10738	0.35483	0.01872	0.01751	0.01271	0.00700	0.00578	0.00186	0.00614	0.00548	0.00568	0.00966
19	0.01680	0.03088	0.01379	0.01162	0.01508	0.01328	0.00920	0.12154	0.38804	0.13101	0.04561	0.08454	0.05640	0.00953	0.00640	0.00204	0.00497	0.02397	0.00625	0.00905
20	0.01439	0.41604	0.36445	0.01386	0.02070	0.01944	0.01616	0.01871	0.01257	0.01671	0.00964	0.01136	0.00781	0.00567	0.00528	0.00164	0.03068	0.00391	0.00260	0.00837
21	0.01559	0.01333	0.01405	0.01253	0.01606	0.01539	0.00978	0.06377	0.70380	0.02619	0.02445	0.02247	0.01831	0.00826	0.00622	0.00207	0.00493	0.00686	0.00622	0.00972
22	0.01562	0.01488	0.02290	0.07954	0.02410	0.04471	0.28256	0.13300	0.19738	0.02364	0.03398	0.02018	0.04427	0.00707	0.00657	0.00199	0.00758	0.00689	0.02459	0.00854
23	0.00746	0.00533	0.00710	0.00852	0.00888	0.00497	0.00568	0.00852	0.01172	0.01563	0.03374	0.78088	0.04049	0.01918	0.00781	0.00249	0.00355	0.01740	0.00568	0.00497
24	0.00822	0.00624	0.00757	0.00724	0.00887	0.00559	0.00543	0.01069	0.01628	0.02206	0.53208	0.04981	0.27069	0.01344	0.00722	0.00197	0.00295	0.01164	0.00641	0.00559
25	0.01370	0.01455	0.07994	0.33951	0.33918	0.01433	0.04816	0.04373	0.01372	0.01881	0.01136	0.01550	0.00891	0.00582	0.00612	0.00193	0.00789	0.00545	0.00298	0.00840
26	0.82811	0.01184	0.00900	0.00805	0.01184	0.01373	0.00663	0.01799	0.01042	0.02746	0.00852	0.00994	0.00663	0.00568	0.00379	0.00189	0.00474	0.00331	0.00379	0.00663
27	0.00738	0.00564	0.00678	0.00770	0.00866	0.00504	0.00532	0.00862	0.01251	0.01595	0.04372	0.52609	0.28883	0.01788	0.00761	0.00234	0.00339	0.01582	0.00568	0.00504
28	0.00866	0.00626	0.00818	0.00770	0.00914	0.00578	0.00578	0.01155	0.01733	0.02455	0.74346	0.04572	0.05776	0.01251	0.00722	0.00193	0.00289	0.01107	0.00674	0.00578
29	0.00936	0.00694	0.00904	0.01014	0.01130	0.00701	0.00793	0.01300	0.09397	0.01790	0.03218	0.39047	0.03578	0.01698	0.00791	0.00258	0.00459	0.31138	0.00572	0.00579
30	0.01637	0.78856	0.03208	0.01047	0.01571	0.02422	0.01047	0.01833	0.01244	0.01440	0.00851	0.00982	0.00786	0.00524	0.00393	0.00131	0.00655	0.00327	0.00262	0.00786
31	0.01339	0.01339	0.01875	0.01607	0.01607	0.01875	0.01339	0.01473	0.00937	0.01473	0.00804	0.01339	0.00804	0.01071	0.02009	0.00268	0.77367	0.00536	0.00268	0.00670
32	0.82811	0.01184	0.00900	0.00805	0.01184	0.01373	0.00663	0.01799	0.01042	0.02746	0.00852	0.00994	0.00663	0.00568	0.00379	0.00189	0.00474	0.00331	0.00379	0.00663
33	0.14048	0.01364	0.01506	0.01184	0.01636	0.01438	0.00974	0.33956	0.05759	0.27063	0.01758	0.01667	0.01199	0.00722	0.00575	0.00186	0.00574	0.00548	0.02872	0.00970
34	0.01156	0.01088	0.01836	0.77016	0.04216	0.01360	0.01700	0.01564	0.01224	0.01564	0.01088	0.01632	0.00816	0.00612	0.00612	0.00204	0.00816	0.00544	0.00272	0.00680
35	0.01339	0.01339	0.01875	0.01607	0.01607	0.01875	0.01339	0.01473	0.00937	0.01473	0.00804	0.01339	0.00804	0.01071	0.02009	0.00268	0.77367	0.00536	0.00268	0.00670
36	0.01386	0.01084	0.01281	0.00921	0.01460	0.00823	0.00739	0.01655	0.01307	0.07771	0.01193	0.01334	0.00955	0.00477	0.00466	0.00098	0.00459	0.00383	0.00394	0.75814
37	0.01790	0.60965	0.02861	0.01172	0.01647	0.19764	0.01079	0.01977	0.01359	0.01454	0.00873	0.01011	0.00786	0.00549	0.00430	0.00137	0.00760	0.00343	0.00274	0.00768
38	0.00986	0.00705	0.00986	0.01127	0.01268	0.00705	0.00986	0.01268	0.01409	0.01832	0.03241	0.06905	0.03523	0.01691	0.00845	0.00282	0.00564	0.70549	0.00564	0.00564
39	0.01269	0.01088	0.01269	0.00907	0.01451	0.00816	0.00725	0.01541	0.01269	0.01995	0.01088	0.01269	0.00907	0.00453	0.00453	0.00091	0.00453	0.00363	0.00363	0.82229
40	0.01516	0.01443	0.02398	0.03559	0.68895	0.01460	0.01807	0.01987	0.07096	0.02044	0.01257	0.01576	0.01041	0.00568	0.00607	0.00184	0.00708	0.00557	0.00328	0.00970
41	0.01220	0.01151	0.01979	0.55770	0.11045	0.01350	0.07383	0.03180	0.01277	0.01681	0.01159	0.01679	0.00902	0.00915	0.06582	0.00263	0.00886	0.00568	0.00290	0.00719
42	0.00842	0.00609	0.00787	0.00821	0.00924	0.00571	0.00585	0.02845	0.01484	0.02040	0.36481	0.39692	0.06884	0.01566	0.00748	0.00220	0.00331	0.01401	0.00619	0.00549
43	0.01329	0.02539	0.49844	0.01808	0.09147	0.01450	0.01900	0.02264	0.19515	0.02101	0.01455	0.01563	0.01069	0.00641	0.00594	0.00196	0.00782	0.00521	0.00354	0.00927
44	0.02167	0.06192	0.01972	0.01700	0.04225	0.64530	0.06829	0.02361	0.01679	0.01548	0.00971	0.01154	0.00805	0.00614	0.00560	0.00161	0.01066	0.00422	0.00312	0.00730
45	0.02567	0.00989	0.01325	0.01031	0.01468	0.00863	0.00847	0.02809	0.01700	0.66948	0.02368	0.02106	0.01521	0.00753	0.00595	0.00184	0.00495	0.00611	0.09833	0.00989
46	0.00888	0.00672	0.01004	0.04390	0.01209	0.00782	0.00785	0.01103	0.00989	0.01414	0.01631	0.02462	0.01538	0.08644	0.68486	0.00926	0.01543	0.00664	0.00328	0.00542
47	0.00728	0.00620	0.00626	0.00625	0.00830	0.00519	0.00469	0.00887	0.01406	0.01679	0.08396	0.05849	0.72210	0.01541	0.00723	0.00206	0.00309	0.01286	0.00572	0.00519
48	0.00746	0.00533	0.00710	0.00852	0.00888	0.00497	0.00568	0.00852	0.01172	0.01563	0.03374	0.78088	0.04049	0.01918	0.00781	0.00249	0.00355	0.01740	0.00568	0.00497
49	0.01452	0.01245	0.01322	0.01194	0.01521	0.01425	0.00926	0.03033	0.66257	0.02530	0.08132	0.02548	0.03937	0.00881	0.00633	0.00206	0.00465	0.00739	0.00625	0.00928
50	0.01234	0.00598	0.00620	0.00600	0.00762	0.00590	0.00455	0.01516	0.01311	0.06483	0.02021	0.02271	0.01566	0.00716	0.00439	0.00145	0.00299	0.00573	0.77205	0.00598
51	0.02287	0.02917	0.01735	0.01577	0.01892	0.76030	0.01183	0.02444	0.01735	0.01498	0.00946	0.01104	0.00788	0.00631	0.00552	0.00158	0.01104	0.00394	0.00315	0.00710
52	0.00866	0.00626	0.00818	0.00770	0.00914	0.00578	0.00578	0.01155	0.01733	0.02455	0.74346	0.04572	0.05776	0.01251	0.00722	0.00193	0.00289	0.01107	0.00674	0.00578
53	0.02327	0.01715	0.01837	0.01408	0.01898	0.01898	0.01163	0.72628	0.02878	0.03858	0.01470	0.01470	0.01041	0.00735	0.00612	0.00184	0.00674	0.00551	0.00612	0.01041
54	0.00838	0.00599	0.00816	0.00958	0.01034	0.00577	0.00729	0.01012	0.01263	0.01666	0.03323	0.50773	0.03847	0.01831	0.00806	0.00261	0.00435	0.28144	0.00566	0.00523
55	0.01228	0.03166	0.75316	0.01745	0.02649	0.01422	0.02262	0.01939	0.01292	0.01939	0.01099	0.01292	0.00775	0.00582	0.00582	0.00194	0.00905	0.00452	0.00258	0.00905
56	0.00865	0.00644	0.00950	0.00962	0.01061	0.00738	0.00735	0.01067	0.00995	0.01424	0.01787	0.08444	0.01755	0.07113	0.67415	0.00911	0.01499	0.00750	0.00349	0.00536
57	0.01228	0.03166	0.75316	0.01745	0.02649	0.01422	0.02262	0.01939	0.01292	0.01939	0.01099	0.01292	0.00775	0.00582	0.00582	0.00194	0.00905	0.00452	0.00258	0.00905
58	0.01515	0.01454	0.02485	0.03757	0.74669	0.01454	0.01879	0.01879	0.01394	0.02000	0.01151	0.01515	0.00970	0.00545	0.00606	0.00182	0.00727	0.00545	0.00303	0.00970
59	0.02043	0.01523	0.01640	0.01328	0.01762	0.01697	0.01074	0.42063	0.29861	0.07472	0.01915	0.01817	0.01385	0.00773	0.00617	0.00193	0.00592	0.00609	0.00625	0.01013
