[name]
unknown

[dist]
# distance from previous block
# <min> <max>
0	22

[block]
# block no. 0 follows, 33 sequences, length 83
# corresponding to MSA columns:
# 22-104
name=unknown_A
#
# <colnr> <probs for GDERKNQSTAVLIFYWHMCP>
#	G	D	E	R	K	N	Q	S	T	A	V	L	I	F	Y	W	H	M	C	P
0	0.08194	0.01247	0.01857	0.22680	0.02626	0.01356	0.10340	0.09122	0.03841	0.06562	0.08923	0.02672	0.01869	0.00885	0.00744	0.00221	0.03604	0.08345	0.00474	0.04436
1	0.25051	0.01427	0.01528	0.09099	0.05610	0.07671	0.01111	0.10721	0.01586	0.12649	0.02881	0.01681	0.01167	0.01185	0.08515	0.00298	0.05977	0.00542	0.00468	0.00832
2	0.11279	0.01977	0.06536	0.01621	0.02081	0.20811	0.13785	0.11643	0.01830	0.09609	0.06987	0.05766	0.01579	0.00800	0.00651	0.00201	0.00842	0.00669	0.00479	0.00856
3	0.03798	0.06482	0.02100	0.43753	0.03380	0.01591	0.06682	0.01691	0.01275	0.01756	0.01227	0.04312	0.01032	0.00785	0.00911	0.00225	0.14243	0.00621	0.03399	0.00737
4	0.74237	0.01263	0.01050	0.06015	0.01507	0.01465	0.00796	0.01946	0.01151	0.04413	0.00971	0.01143	0.00745	0.00619	0.00430	0.00205	0.00536	0.00379	0.00408	0.00723
5	0.00897	0.00661	0.00839	0.00816	0.00968	0.00603	0.00604	0.01168	0.01750	0.02422	0.56286	0.12802	0.14805	0.01466	0.00784	0.00216	0.00321	0.01290	0.00697	0.00603
6	0.01925	0.01978	0.10611	0.02149	0.10062	0.07881	0.21093	0.23003	0.02038	0.05914	0.03098	0.04352	0.01274	0.00732	0.00691	0.00206	0.00879	0.00680	0.00466	0.00966
7	0.01305	0.01234	0.02087	0.63819	0.15511	0.01479	0.01859	0.01736	0.01346	0.01757	0.01181	0.01735	0.00904	0.00647	0.00657	0.00216	0.00862	0.00585	0.00298	0.00781
8	0.00900	0.00661	0.00844	0.00821	0.00970	0.00604	0.00607	0.01173	0.01756	0.02438	0.57527	0.13189	0.13134	0.01462	0.00784	0.00216	0.00321	0.01289	0.00700	0.00604
9	0.00798	0.00590	0.00746	0.00870	0.00943	0.00539	0.00590	0.00922	0.01305	0.01699	0.04195	0.63361	0.17061	0.01989	0.00829	0.00259	0.00373	0.01782	0.00611	0.00539
10	0.10861	0.15647	0.08935	0.06445	0.02051	0.01578	0.05095	0.06785	0.04944	0.24245	0.03776	0.01773	0.01318	0.00730	0.00641	0.00198	0.02952	0.00567	0.00520	0.00939
11	0.01629	0.01564	0.02672	0.04041	0.72757	0.01564	0.02020	0.02020	0.01499	0.02151	0.01238	0.01629	0.01043	0.00587	0.00652	0.00196	0.00782	0.00587	0.00326	0.01043
12	0.00796	0.00598	0.00738	0.00851	0.00938	0.00540	0.00582	0.00924	0.01324	0.01706	0.04430	0.57948	0.22323	0.01958	0.00824	0.00255	0.00369	0.01744	0.00611	0.00540
13	0.01593	0.10718	0.38325	0.04737	0.10678	0.01664	0.10393	0.06294	0.01546	0.06125	0.01280	0.01500	0.00943	0.00627	0.00630	0.00201	0.00897	0.00539	0.00344	0.00965
14	0.02397	0.01872	0.02109	0.01771	0.05829	0.19984	0.11239	0.11967	0.01922	0.26904	0.01690	0.01731	0.01190	0.00748	0.00755	0.00202	0.05580	0.00599	0.00543	0.00966
15	0.02315	0.01700	0.01831	0.01431	0.01899	0.01873	0.01162	0.62453	0.02861	0.03834	0.01712	0.05315	0.01361	0.06108	0.00853	0.00231	0.00702	0.00678	0.00638	0.01042
16	0.00870	0.00676	0.00801	0.00830	0.01006	0.00607	0.00643	0.01093	0.01572	0.02020	0.22260	0.12582	0.37136	0.01651	0.00807	0.00237	0.00382	0.13608	0.00639	0.00579
17	0.02035	0.05185	0.16308	0.07030	0.11199	0.28750	0.01605	0.10099	0.03375	0.06458	0.01282	0.01455	0.00976	0.00677	0.00619	0.00189	0.00949	0.00506	0.00393	0.00909
18	0.04744	0.06093	0.18645	0.01479	0.02076	0.09048	0.01422	0.20515	0.06000	0.20980	0.01698	0.01672	0.01180	0.00735	0.00625	0.00198	0.00768	0.00557	0.00550	0.01017
19	0.61020	0.01463	0.06670	0.05623	0.10397	0.01491	0.01067	0.01942	0.01199	0.02716	0.00991	0.01202	0.00772	0.00612	0.00468	0.00204	0.00599	0.00408	0.00381	0.00774
20	0.02028	0.05578	0.11120	0.06176	0.11307	0.42288	0.05944	0.02341	0.01663	0.01771	0.01086	0.01340	0.00883	0.00661	0.00661	0.00186	0.03324	0.00486	0.00323	0.00833
21	0.00945	0.00688	0.00972	0.00972	0.01060	0.00776	0.00715	0.01120	0.01032	0.01464	0.01842	0.03023	0.01835	0.23183	0.56268	0.00952	0.01478	0.00769	0.00364	0.00540
22	0.00940	0.00705	0.01058	0.01058	0.01176	0.00823	0.00823	0.01176	0.01058	0.01528	0.01763	0.02586	0.01646	0.04937	0.74255	0.01058	0.01763	0.00705	0.00353	0.00588
23	0.01320	0.03405	0.73453	0.01876	0.02849	0.01529	0.02432	0.02085	0.01390	0.02085	0.01181	0.01390	0.00834	0.00625	0.00625	0.00208	0.00973	0.00486	0.00278	0.00973
24	0.02902	0.01203	0.01579	0.01210	0.01722	0.01090	0.01000	0.10855	0.02022	0.65373	0.02482	0.02166	0.01572	0.00812	0.00662	0.00203	0.00579	0.00654	0.00797	0.01120
25	0.01440	0.01440	0.02016	0.01728	0.01728	0.02016	0.01440	0.01584	0.01008	0.01584	0.00864	0.01440	0.00864	0.01152	0.02160	0.00288	0.75659	0.00576	0.00288	0.00720
26	0.01509	0.01683	0.03627	0.02632	0.03251	0.01582	0.64037	0.02041	0.01550	0.02096	0.01529	0.02292	0.01254	0.00670	0.00789	0.00229	0.01064	0.06946	0.00358	0.00862
27	0.01021	0.00734	0.01013	0.01159	0.01301	0.00725	0.00990	0.01298	0.01486	0.01930	0.03615	0.15221	0.06295	0.01841	0.00897	0.00296	0.00571	0.58402	0.00607	0.00596
28	0.00964	0.00690	0.01035	0.01035	0.01139	0.00794	0.00794	0.01139	0.01035	0.01485	0.01693	0.02520	0.01589	0.04637	0.66117	0.10116	0.01628	0.00690	0.00345	0.00554
29	0.01262	0.01189	0.02008	0.71907	0.07766	0.01467	0.01837	0.01698	0.01325	0.01704	0.01173	0.01749	0.00885	0.00655	0.00658	0.00218	0.00873	0.00585	0.00294	0.00746
30	0.01737	0.01451	0.01541	0.01359	0.01745	0.01663	0.01071	0.12646	0.59793	0.02919	0.02556	0.02503	0.01947	0.00910	0.00676	0.00222	0.00552	0.03002	0.00666	0.01038
31	0.00799	0.00584	0.00753	0.00888	0.00947	0.00537	0.00599	0.00920	0.01288	0.01692	0.03974	0.68476	0.12089	0.02018	0.00833	0.00262	0.00376	0.01817	0.00611	0.00537
32	0.00958	0.00731	0.01092	0.01082	0.01195	0.00865	0.00845	0.01190	0.01056	0.01530	0.01731	0.02546	0.01618	0.04803	0.71692	0.01031	0.04390	0.00701	0.00350	0.00592
33	0.01113	0.00759	0.00844	0.00798	0.00851	0.00779	0.00485	0.07953	0.01172	0.01565	0.02025	0.04034	0.02265	0.69218	0.03080	0.00594	0.00647	0.00921	0.00425	0.00471
34	0.01243	0.01170	0.01975	0.75282	0.04534	0.01463	0.01828	0.01682	0.01316	0.01682	0.01170	0.01755	0.00878	0.00658	0.00658	0.00219	0.00878	0.00585	0.00293	0.00731
35	0.00918	0.00684	0.01011	0.01035	0.01140	0.00777	0.00789	0.01134	0.01091	0.01553	0.02063	0.14468	0.02082	0.04475	0.62443	0.00931	0.01541	0.00893	0.00394	0.00579
36	0.01162	0.00790	0.00964	0.00997	0.01152	0.00790	0.00722	0.03668	0.11876	0.06948	0.05853	0.46988	0.05925	0.01647	0.00774	0.00246	0.00424	0.03486	0.04910	0.00679
37	0.34137	0.01354	0.01509	0.03766	0.09728	0.01449	0.01065	0.14065	0.03287	0.18995	0.01577	0.01737	0.01159	0.00731	0.00566	0.00206	0.00604	0.02606	0.00543	0.00918
38	0.01554	0.01776	0.03885	0.02775	0.03441	0.01665	0.70366	0.02109	0.01554	0.02109	0.01332	0.01776	0.00999	0.00555	0.00777	0.00222	0.01110	0.00777	0.00333	0.00888
39	0.04388	0.01907	0.16746	0.18260	0.34079	0.03822	0.07447	0.01985	0.01441	0.02048	0.01202	0.01585	0.00945	0.00611	0.00647	0.00205	0.00869	0.00568	0.00313	0.00930
40	0.01524	0.01456	0.02481	0.23558	0.54067	0.01536	0.01968	0.01928	0.01449	0.02022	0.01220	0.01664	0.00998	0.00606	0.00654	0.00202	0.00808	0.00586	0.00317	0.00957
41	0.00942	0.00699	0.01026	0.01026	0.01133	0.00806	0.00783	0.01155	0.01049	0.01505	0.01792	0.02747	0.01716	0.11655	0.67632	0.01019	0.01658	0.00729	0.00357	0.00570
42	0.03770	0.09319	0.10918	0.01709	0.09368	0.03144	0.07585	0.13029	0.01671	0.08953	0.01652	0.08633	0.01461	0.07633	0.00940	0.00239	0.03618	0.00706	0.00453	0.05199
43	0.05200	0.21222	0.47842	0.01572	0.02361	0.01727	0.01906	0.01992	0.01397	0.02033	0.06026	0.01537	0.01203	0.00659	0.00576	0.00192	0.00839	0.00496	0.00316	0.00905
44	0.00903	0.00602	0.00756	0.00867	0.00938	0.00576	0.00593	0.01097	0.02826	0.01880	0.05819	0.58737	0.03883	0.01775	0.00765	0.00243	0.00369	0.01593	0.15216	0.00563
45	0.01153	0.00782	0.01172	0.01235	0.05004	0.00727	0.05553	0.01335	0.01375	0.09860	0.03305	0.52311	0.06201	0.03337	0.00860	0.00261	0.00485	0.03796	0.00595	0.00653
46	0.01587	0.23126	0.34577	0.04092	0.04062	0.08898	0.09216	0.02127	0.03025	0.01900	0.01144	0.01362	0.00888	0.00612	0.00586	0.00188	0.00918	0.00486	0.00301	0.00904
47	0.00843	0.00615	0.00803	0.00938	0.01017	0.00575	0.00675	0.00996	0.01331	0.01741	0.03949	0.56792	0.11993	0.01976	0.00845	0.00268	0.00414	0.13068	0.00610	0.00549
48	0.00802	0.00573	0.00764	0.00917	0.00955	0.00535	0.00611	0.00917	0.01260	0.01681	0.03628	0.76434	0.04354	0.02062	0.00840	0.00267	0.00382	0.01872	0.00611	0.00535
49	0.00951	0.00683	0.00958	0.00958	0.01040	0.00765	0.00699	0.01106	0.01024	0.01447	0.01830	0.03042	0.01836	0.24643	0.52597	0.03340	0.01418	0.00771	0.00363	0.00527
50	0.02033	0.26510	0.07399	0.01663	0.06603	0.28625	0.02872	0.08582	0.06288	0.01976	0.01177	0.01320	0.00963	0.00653	0.00560	0.00172	0.00904	0.00460	0.00366	0.00875
51	0.76085	0.01263	0.01006	0.00887	0.01301	0.01442	0.00731	0.02023	0.01173	0.07809	0.01033	0.01150	0.00776	0.00625	0.00425	0.00204	0.00513	0.00378	0.00436	0.00741
52	0.02761	0.01429	0.01719	0.01318	0.01834	0.01425	0.01088	0.31903	0.02400	0.43790	0.02164	0.01959	0.01412	0.00804	0.00661	0.00201	0.00630	0.00632	0.00748	0.01120
53	0.01154	0.05393	0.03597	0.01362	0.05862	0.01041	0.05172	0.01673	0.13239	0.02016	0.06422	0.30543	0.07149	0.01458	0.00769	0.00243	0.00538	0.11085	0.00562	0.00720
54	0.01245	0.01096	0.01663	0.04160	0.10047	0.01121	0.11043	0.04105	0.15319	0.02097	0.02770	0.34932	0.04928	0.01336	0.00761	0.00238	0.00589	0.01237	0.00540	0.00773
55	0.00851	0.00596	0.00763	0.00877	0.00910	0.00569	0.00574	0.00943	0.01193	0.01589	0.03230	0.55672	0.03837	0.21004	0.01479	0.00363	0.00455	0.04037	0.00557	0.00503
56	0.00813	0.00605	0.00746	0.00842	0.00929	0.00551	0.00575	0.00946	0.01339	0.01743	0.08641	0.51724	0.20204	0.05923	0.00956	0.00273	0.00380	0.01667	0.00607	0.00538
57	0.01772	0.06316	0.16347	0.12458	0.02830	0.07437	0.18280	0.12663	0.01721	0.06651	0.01315	0.01586	0.00977	0.00687	0.00766	0.00210	0.06091	0.00592	0.00391	0.00908
58	0.01518	0.01393	0.01861	0.09769	0.12489	0.06262	0.01382	0.01756	0.01316	0.05916	0.05511	0.02104	0.06215	0.00996	0.01348	0.00240	0.35018	0.00666	0.03465	0.00774
59	0.01681	0.30070	0.22046	0.02080	0.17295	0.06021	0.05661	0.02099	0.01447	0.04278	0.01143	0.01357	0.00920	0.00600	0.00564	0.00179	0.00839	0.00477	0.00314	0.00929
60	0.01554	0.01776	0.03885	0.02775	0.03441	0.01665	0.70366	0.02109	0.01554	0.02109	0.01332	0.01776	0.00999	0.00555	0.00777	0.00222	0.01110	0.00777	0.00333	0.00888
61	0.01327	0.04188	0.13154	0.01787	0.02183	0.03049	0.22009	0.01691	0.01271	0.01776	0.01438	0.04355	0.01317	0.10148	0.14136	0.00422	0.13947	0.00718	0.00335	0.00749
62	0.09328	0.01280	0.01637	0.01321	0.01753	0.01298	0.08790	0.10988	0.17086	0.19407	0.02705	0.06442	0.10500	0.00942	0.00671	0.00211	0.00589	0.00802	0.00620	0.03631
63	0.02503	0.01844	0.01976	0.01515	0.02042	0.02042	0.01251	0.70562	0.03095	0.04149	0.01581	0.01581	0.01120	0.00790	0.00659	0.00198	0.00724	0.00593	0.00659	0.01120
64	0.69326	0.01249	0.01054	0.00913	0.01336	0.01398	0.00752	0.02133	0.01239	0.13854	0.01177	0.01251	0.00855	0.00643	0.00447	0.00204	0.00517	0.00404	0.00471	0.00776
65	0.02695	0.01223	0.01549	0.01208	0.01697	0.01149	0.00991	0.12808	0.06856	0.55027	0.02650	0.02355	0.04939	0.00857	0.00668	0.00205	0.00570	0.00692	0.00773	0.01088
66	0.01760	0.77260	0.03450	0.01126	0.01690	0.02605	0.01126	0.01971	0.01338	0.01549	0.00915	0.01056	0.00845	0.00563	0.00422	0.00141	0.00704	0.00352	0.00282	0.00845
67	0.00805	0.00578	0.00764	0.00908	0.00954	0.00538	0.00608	0.00926	0.01283	0.01709	0.05530	0.72650	0.06242	0.02033	0.00837	0.00265	0.00379	0.01840	0.00614	0.00538
68	0.40257	0.01207	0.01214	0.01003	0.01432	0.01268	0.00823	0.08070	0.01574	0.27409	0.01669	0.01646	0.01155	0.00711	0.00522	0.00199	0.00526	0.00506	0.07930	0.00879
69	0.00950	0.00842	0.00833	0.00885	0.01037	0.06346	0.00630	0.01150	0.03781	0.01753	0.04689	0.38147	0.33069	0.01746	0.00789	0.00239	0.00429	0.01515	0.00592	0.00579
70	0.00802	0.00573	0.00764	0.00917	0.00955	0.00535	0.00611	0.00917	0.01260	0.01681	0.03628	0.76434	0.04354	0.02062	0.00840	0.00267	0.00382	0.01872	0.00611	0.00535
71	0.00849	0.00615	0.00797	0.00885	0.00948	0.00603	0.00602	0.00970	0.01199	0.01598	0.03341	0.45593	0.09911	0.14724	0.13719	0.00458	0.00654	0.01479	0.00533	0.00524
72	0.00856	0.00667	0.00777	0.00755	0.00939	0.00588	0.00564	0.01094	0.01677	0.02210	0.39700	0.07553	0.37227	0.01516	0.00779	0.00216	0.00323	0.01303	0.00668	0.00588
73	0.01784	0.46145	0.17770	0.01442	0.02055	0.14914	0.03922	0.02115	0.01449	0.01692	0.01004	0.01175	0.00849	0.00596	0.00508	0.00163	0.00859	0.00408	0.00293	0.00859
74	0.01190	0.00885	0.01064	0.00976	0.01201	0.00902	0.00745	0.01908	0.20277	0.05179	0.51508	0.04172	0.04939	0.01207	0.00744	0.00211	0.00375	0.01054	0.00713	0.00750
75	0.00808	0.00575	0.00762	0.00909	0.00946	0.00539	0.00603	0.00918	0.01249	0.01665	0.03569	0.73656	0.04279	0.04944	0.00937	0.00282	0.00392	0.01836	0.00603	0.00529
76	0.01448	0.09376	0.20725	0.03819	0.04732	0.04395	0.03529	0.06062	0.14526	0.02349	0.16679	0.02544	0.05308	0.00874	0.00659	0.00203	0.00684	0.00727	0.00487	0.00873
77	0.01592	0.01567	0.02794	0.08786	0.58332	0.01571	0.11582	0.02009	0.01494	0.02112	0.01247	0.01659	0.01025	0.00587	0.00670	0.00201	0.00835	0.00613	0.00325	0.01000
78	0.02200	0.01518	0.01769	0.12360	0.02231	0.01657	0.01215	0.44125	0.02493	0.12070	0.01970	0.02011	0.05292	0.00823	0.00655	0.00201	0.00681	0.00647	0.05083	0.01001
79	0.24997	0.02081	0.26099	0.01582	0.07671	0.04868	0.01483	0.04264	0.05348	0.08143	0.01480	0.06626	0.01198	0.00755	0.00584	0.00208	0.00725	0.00581	0.00423	0.00883
80	0.01655	0.04029	0.11912	0.01411	0.03420	0.07538	0.01221	0.12458	0.17768	0.04189	0.02056	0.02589	0.04317	0.09502	0.01011	0.00256	0.03232	0.05177	0.00501	0.05756
81	0.03339	0.07718	0.09596	0.06677	0.17464	0.05523	0.07900	0.05606	0.06204	0.02208	0.09169	0.04283	0.01741	0.03058	0.00725	0.00207	0.00739	0.00673	0.00418	0.06751
82	0.01649	0.09759	0.05499	0.01239	0.03631	0.11129	0.01017	0.02025	0.05355	0.07266	0.06220	0.01805	0.03224	0.00666	0.00556	0.00146	0.00632	0.00520	0.00438	0.37225

[dist]
# distance from previous block
# <min> <max>
2	8

[block]
# block no. 1 follows, 33 sequences, length 14
# corresponding to MSA columns:
# 113-126
name=unknown_B
#
# <colnr> <probs for GDERKNQSTAVLIFYWHMCP>
#	G	D	E	R	K	N	Q	S	T	A	V	L	I	F	Y	W	H	M	C	P
0	0.05306	0.08623	0.14266	0.01539	0.07010	0.01365	0.05899	0.09950	0.04839	0.02281	0.07547	0.12995	0.04096	0.01190	0.03987	0.03204	0.00712	0.00816	0.00458	0.03917
1	0.01149	0.00758	0.01020	0.00986	0.01054	0.03978	0.02832	0.01077	0.01013	0.01359	0.01488	0.06138	0.01482	0.06232	0.17545	0.46654	0.00853	0.00689	0.03273	0.00421
2	0.01013	0.00765	0.00872	0.00848	0.01009	0.00744	0.00618	0.03743	0.06546	0.02003	0.19137	0.05112	0.24209	0.22396	0.01492	0.00341	0.00467	0.07515	0.00583	0.00587
3	0.01536	0.04952	0.23237	0.05255	0.07355	0.07447	0.16363	0.03620	0.01501	0.02081	0.01200	0.01475	0.00927	0.00582	0.00619	0.00179	0.00872	0.00529	0.00334	0.19935
4	0.01598	0.01595	0.02413	0.20936	0.47867	0.07553	0.01891	0.01973	0.01467	0.01972	0.01190	0.01616	0.00980	0.00632	0.00704	0.00203	0.03586	0.00572	0.00318	0.00933
5	0.00821	0.00626	0.00749	0.00825	0.00944	0.00563	0.00585	0.00973	0.01391	0.01780	0.09306	0.39464	0.29573	0.04753	0.00914	0.00263	0.00380	0.04933	0.00610	0.00547
6	0.18894	0.01237	0.01303	0.01101	0.01498	0.01322	0.00884	0.11550	0.19405	0.19179	0.02276	0.02191	0.05012	0.00825	0.00591	0.00203	0.00519	0.00639	0.10449	0.00924
7	0.08286	0.05636	0.11037	0.07553	0.15602	0.10784	0.01480	0.09217	0.05673	0.08982	0.01567	0.04492	0.01283	0.00781	0.00658	0.00205	0.02199	0.03210	0.00444	0.00912
8	0.00795	0.00599	0.00737	0.00848	0.00937	0.00541	0.00581	0.00924	0.01326	0.01707	0.04464	0.57166	0.23082	0.01954	0.00823	0.00255	0.00369	0.01739	0.00611	0.00541
9	0.00895	0.00646	0.00732	0.00741	0.00816	0.00617	0.00473	0.00973	0.01166	0.01507	0.06075	0.10179	0.21602	0.44286	0.06113	0.00504	0.00584	0.01138	0.00482	0.00470
10	0.19283	0.01728	0.11574	0.09451	0.02160	0.01618	0.01294	0.25346	0.07876	0.08338	0.01525	0.01617	0.01099	0.00724	0.00593	0.00204	0.00684	0.00545	0.03397	0.00943
11	0.10066	0.01088	0.01432	0.01846	0.21200	0.03152	0.01107	0.03474	0.03337	0.02104	0.02553	0.24731	0.06335	0.01292	0.00751	0.01900	0.00570	0.09058	0.03267	0.00740
12	0.00885	0.00681	0.00817	0.00892	0.01052	0.00624	0.00702	0.01082	0.01443	0.01805	0.04911	0.17759	0.35446	0.05109	0.00946	0.00275	0.00446	0.23960	0.00600	0.00562
13	0.06408	0.09946	0.02086	0.01705	0.09524	0.15824	0.01261	0.34109	0.02268	0.02958	0.01299	0.01412	0.00998	0.00691	0.00594	0.00179	0.00788	0.00507	0.00488	0.06953

[dist]
# distance from previous block
# <min> <max>
0	1

[block]
# block no. 2 follows, 33 sequences, length 20
# corresponding to MSA columns:
# 128-147
name=unknown_C
#
# <colnr> <probs for GDERKNQSTAVLIFYWHMCP>
#	G	D	E	R	K	N	Q	S	T	A	V	L	I	F	Y	W	H	M	C	P
0	0.01808	0.04945	0.01845	0.01377	0.04057	0.01357	0.06399	0.18732	0.01852	0.08690	0.03182	0.01652	0.01218	0.00657	0.00632	0.00157	0.03182	0.00533	0.03652	0.34072
1	0.06682	0.04761	0.04979	0.01315	0.01737	0.06928	0.01096	0.19307	0.23462	0.08552	0.04135	0.04541	0.04302	0.02533	0.00709	0.00218	0.00640	0.02564	0.00594	0.00945
2	0.01367	0.01023	0.01161	0.01049	0.01314	0.01086	0.00807	0.08830	0.23240	0.04840	0.23509	0.06424	0.09603	0.03423	0.04474	0.00266	0.00511	0.00958	0.05315	0.00798
3	0.01214	0.00997	0.01196	0.00924	0.01359	0.00788	0.00725	0.01513	0.01539	0.02318	0.25992	0.02603	0.02800	0.00787	0.00588	0.00136	0.00426	0.00669	0.00507	0.52920
4	0.01361	0.10303	0.66915	0.01806	0.02741	0.01629	0.02310	0.02074	0.01385	0.02035	0.01157	0.01359	0.00835	0.00620	0.00606	0.00202	0.00948	0.00474	0.00278	0.00961
5	0.01243	0.01170	0.01975	0.75282	0.04534	0.01463	0.01828	0.01682	0.01316	0.01682	0.01170	0.01755	0.00878	0.00658	0.00658	0.00219	0.00878	0.00585	0.00293	0.00731
6	0.01419	0.20030	0.57695	0.01708	0.02588	0.01771	0.02138	0.02059	0.01378	0.01964	0.01121	0.01315	0.00836	0.00611	0.00580	0.00193	0.00912	0.00456	0.00279	0.00944
7	0.01585	0.01272	0.01384	0.01250	0.01593	0.01427	0.00976	0.03084	0.55620	0.06480	0.10410	0.03006	0.04685	0.00994	0.00693	0.00223	0.00497	0.03171	0.00680	0.00970
8	0.00907	0.00622	0.00754	0.00802	0.00822	0.00617	0.00493	0.00958	0.01060	0.01421	0.02549	0.27142	0.02971	0.48642	0.06920	0.00546	0.00626	0.01233	0.00464	0.00454
9	0.00804	0.00617	0.00737	0.00814	0.00932	0.00550	0.00570	0.00954	0.01402	0.01797	0.10489	0.43860	0.30405	0.01853	0.00811	0.00245	0.00358	0.01632	0.00621	0.00550
10	0.01861	0.05580	0.02202	0.01636	0.02073	0.08054	0.19440	0.04680	0.09546	0.17184	0.09483	0.02471	0.06632	0.00861	0.00782	0.00211	0.05119	0.00761	0.00539	0.00888
11	0.01874	0.02009	0.07948	0.21452	0.11294	0.16997	0.03622	0.18490	0.01877	0.02356	0.01234	0.01532	0.00949	0.00706	0.00725	0.00204	0.04895	0.00550	0.00394	0.00892
12	0.02649	0.01155	0.01492	0.01171	0.01639	0.01067	0.00958	0.08518	0.06671	0.56227	0.06674	0.02369	0.01890	0.00848	0.00662	0.00203	0.00547	0.00692	0.03500	0.01068
13	0.00842	0.00639	0.00780	0.00840	0.00972	0.00578	0.00613	0.01030	0.01487	0.01939	0.19190	0.32973	0.26918	0.01762	0.00812	0.00243	0.00369	0.06814	0.00635	0.00566
14	0.01460	0.01404	0.02423	0.34609	0.40545	0.01525	0.04786	0.01879	0.01423	0.01948	0.01213	0.01690	0.00970	0.00616	0.00660	0.00207	0.00837	0.00594	0.00312	0.00902
15	0.01134	0.00575	0.00851	0.00851	0.00851	0.00575	0.00563	0.00863	0.00863	0.01150	0.01190	0.02117	0.01206	0.06033	0.02612	0.76818	0.00575	0.00591	0.00292	0.00292
16	0.02503	0.01844	0.01976	0.01515	0.02042	0.02042	0.01251	0.70562	0.03095	0.04149	0.01581	0.01581	0.01120	0.00790	0.00659	0.00198	0.00724	0.00593	0.00659	0.01120
17	0.08751	0.01172	0.01318	0.01154	0.01498	0.01228	0.00936	0.18422	0.11189	0.12099	0.11491	0.05715	0.09634	0.01145	0.00709	0.00224	0.00538	0.11265	0.00652	0.00858
18	0.04186	0.10895	0.06936	0.05404	0.26321	0.03820	0.03941	0.11369	0.11037	0.04604	0.01547	0.04371	0.01259	0.00721	0.00628	0.00198	0.00740	0.00617	0.00435	0.00972
19	0.31704	0.05940	0.10522	0.01137	0.01515	0.05008	0.01033	0.03998	0.01400	0.02426	0.11601	0.10619	0.02077	0.00965	0.00676	0.00215	0.04957	0.03018	0.00457	0.00733

[dist]
# distance from previous block
# <min> <max>
2	9

[block]
# block no. 3 follows, 33 sequences, length 45
# corresponding to MSA columns:
# 157-168,171-175,183-210
name=unknown_D
#
# <colnr> <probs for GDERKNQSTAVLIFYWHMCP>
#	G	D	E	R	K	N	Q	S	T	A	V	L	I	F	Y	W	H	M	C	P
0	0.04776	0.01161	0.01453	0.01475	0.09073	0.01239	0.02853	0.06843	0.23895	0.02334	0.05766	0.11026	0.02151	0.06676	0.09031	0.02084	0.00696	0.00839	0.00528	0.06102
1	0.74096	0.01300	0.01126	0.01161	0.07911	0.01485	0.00834	0.01943	0.01156	0.02879	0.00947	0.01121	0.00744	0.00609	0.00430	0.00203	0.00535	0.00378	0.00400	0.00744
2	0.01618	0.10687	0.02172	0.01644	0.01765	0.08793	0.01379	0.04636	0.01215	0.01691	0.00915	0.01377	0.00871	0.01022	0.01744	0.00256	0.56615	0.00536	0.00308	0.00756
3	0.01368	0.01181	0.01390	0.01004	0.01567	0.00922	0.00806	0.01655	0.01351	0.02123	0.01158	0.01368	0.00971	0.00513	0.00552	0.00105	0.03405	0.00397	0.00386	0.77777
4	0.01310	0.12947	0.02841	0.01162	0.04208	0.02936	0.02312	0.04600	0.01437	0.06544	0.08451	0.31088	0.02970	0.12884	0.01113	0.00284	0.00557	0.01157	0.00521	0.00678
5	0.00867	0.00617	0.00827	0.00971	0.01032	0.00589	0.00698	0.01017	0.01300	0.01722	0.03514	0.57452	0.04125	0.06008	0.00990	0.00295	0.00445	0.16389	0.00599	0.00543
6	0.01407	0.01392	0.01953	0.01684	0.01692	0.01938	0.01400	0.01557	0.01011	0.01581	0.00923	0.01516	0.00916	0.01402	0.06913	0.00339	0.70787	0.00585	0.00292	0.00711
7	0.01575	0.01606	0.03030	0.08892	0.44283	0.01591	0.25097	0.02025	0.01504	0.02102	0.01265	0.01688	0.01016	0.00581	0.00695	0.00206	0.00900	0.00651	0.00326	0.00967
8	0.03553	0.01077	0.01539	0.12618	0.17668	0.01117	0.01186	0.08916	0.01571	0.06399	0.02541	0.27699	0.06918	0.01216	0.00716	0.00225	0.00590	0.01080	0.02587	0.00783
9	0.00804	0.00657	0.00699	0.00709	0.00896	0.00564	0.00518	0.00970	0.01483	0.01824	0.12262	0.13111	0.56038	0.05396	0.00911	0.00246	0.00351	0.01398	0.00611	0.00552
10	0.02954	0.01120	0.01528	0.01171	0.01681	0.00968	0.00968	0.03208	0.01884	0.73213	0.02597	0.02241	0.01630	0.00815	0.00662	0.00204	0.00560	0.00662	0.00815	0.01120
11	0.01503	0.01974	0.15006	0.08777	0.09484	0.06363	0.31804	0.01988	0.01476	0.01999	0.03610	0.03756	0.01204	0.00705	0.00838	0.00220	0.07399	0.00696	0.00336	0.00862
12	0.00921	0.00716	0.00843	0.00812	0.00999	0.00663	0.00608	0.01278	0.06403	0.02310	0.42180	0.08517	0.28407	0.01458	0.00773	0.00216	0.00336	0.01259	0.00677	0.00623
13	0.01001	0.00716	0.00948	0.00972	0.01062	0.00763	0.00713	0.03503	0.01186	0.01621	0.02322	0.12413	0.02490	0.26815	0.30071	0.00694	0.01042	0.10681	0.00445	0.00543
14	0.01305	0.00650	0.00969	0.03490	0.01078	0.00652	0.00665	0.01120	0.00979	0.07874	0.01310	0.02044	0.01204	0.02225	0.05874	0.66602	0.00640	0.00587	0.00339	0.00394
15	0.01835	0.03731	0.04231	0.12228	0.23963	0.12086	0.08159	0.09848	0.05152	0.06714	0.04601	0.01796	0.01303	0.00693	0.00657	0.00199	0.00834	0.00613	0.00424	0.00933
16	0.01337	0.06158	0.70844	0.01848	0.02806	0.01569	0.02384	0.02081	0.01388	0.02065	0.01171	0.01377	0.00834	0.00623	0.00618	0.00206	0.00963	0.00481	0.00278	0.00968
17	0.23400	0.05404	0.02360	0.02908	0.43177	0.01603	0.07965	0.02003	0.01393	0.02335	0.01143	0.01461	0.00939	0.00589	0.00585	0.00197	0.00734	0.00529	0.00346	0.00928
18	0.02310	0.06566	0.01964	0.01789	0.06790	0.60928	0.01290	0.04337	0.01848	0.01753	0.03813	0.01366	0.01077	0.00695	0.00598	0.00172	0.01089	0.00466	0.00359	0.00790
19	0.00971	0.00733	0.01006	0.01017	0.01142	0.00810	0.00772	0.01286	0.05792	0.01680	0.04986	0.10654	0.05713	0.09295	0.47038	0.00785	0.01281	0.03999	0.00441	0.00599
20	0.01506	0.01780	0.24019	0.01296	0.01831	0.01177	0.01316	0.03646	0.14677	0.12661	0.10283	0.02972	0.13368	0.02928	0.00747	0.00220	0.00623	0.00793	0.00547	0.03610
21	0.01418	0.01183	0.03906	0.01630	0.01989	0.01079	0.22378	0.05050	0.01583	0.09680	0.04992	0.23286	0.02723	0.01288	0.00799	0.00247	0.00702	0.14760	0.00543	0.00764
22	0.02954	0.01120	0.01528	0.01171	0.01681	0.00968	0.00968	0.03208	0.01884	0.73213	0.02597	0.02241	0.01630	0.00815	0.00662	0.00204	0.00560	0.00662	0.00815	0.01120
23	0.01301	0.01237	0.02046	0.60611	0.10756	0.01532	0.01805	0.01704	0.01301	0.01716	0.01144	0.01709	0.00892	0.00704	0.00818	0.00224	0.08860	0.00584	0.00295	0.00760
24	0.01367	0.01368	0.02322	0.18959	0.05043	0.01656	0.16471	0.01687	0.01220	0.01733	0.01155	0.01727	0.00995	0.01335	0.09959	0.00345	0.30957	0.00637	0.00308	0.00754
25	0.01407	0.01392	0.01953	0.01684	0.01692	0.01938	0.01400	0.01557	0.01011	0.01581	0.00923	0.01516	0.00916	0.01402	0.06913	0.00339	0.70787	0.00585	0.00292	0.00711
26	0.01095	0.00770	0.00935	0.00890	0.00978	0.00818	0.00604	0.07493	0.01225	0.01674	0.05171	0.03614	0.02247	0.46732	0.22306	0.00692	0.00938	0.00866	0.00425	0.00527
27	0.00933	0.00637	0.00817	0.00916	0.01024	0.00584	0.00658	0.01084	0.01363	0.05268	0.04112	0.52498	0.16497	0.01902	0.00828	0.00260	0.00407	0.09015	0.00621	0.00575
28	0.01122	0.01010	0.01321	0.04374	0.01441	0.04143	0.00997	0.01283	0.01170	0.01620	0.02191	0.32907	0.02454	0.02145	0.13931	0.00405	0.25294	0.01133	0.00436	0.00622
29	0.02265	0.01516	0.01646	0.01297	0.01743	0.01641	0.01060	0.48084	0.04969	0.10480	0.01829	0.01847	0.01312	0.00792	0.00620	0.00190	0.00619	0.00609	0.16464	0.01017
30	0.01605	0.04741	0.04769	0.19102	0.25248	0.05693	0.10951	0.06739	0.07229	0.02141	0.01370	0.01725	0.01082	0.00826	0.03762	0.00240	0.00890	0.00608	0.00368	0.00911
31	0.01825	0.70377	0.03303	0.01179	0.01722	0.09255	0.01140	0.02032	0.01387	0.01555	0.00925	0.01068	0.00845	0.00574	0.00438	0.00143	0.00749	0.00359	0.00287	0.00837
32	0.81514	0.01273	0.00968	0.00866	0.01273	0.01477	0.00713	0.01935	0.01120	0.02954	0.00917	0.01069	0.00713	0.00611	0.00407	0.00204	0.00509	0.00356	0.00407	0.00713
33	0.02030	0.01606	0.01770	0.01526	0.05286	0.11378	0.06019	0.22232	0.06818	0.13070	0.05536	0.05390	0.05066	0.05083	0.00821	0.00223	0.00713	0.00737	0.00573	0.04125
34	0.34878	0.01166	0.01108	0.01013	0.01314	0.02828	0.00787	0.11219	0.04223	0.05093	0.04217	0.15311	0.01979	0.08073	0.00851	0.00259	0.00543	0.03887	0.00520	0.00729
35	0.01176	0.00625	0.00669	0.00669	0.00807	0.00638	0.00494	0.01451	0.01314	0.02265	0.02101	0.02611	0.01737	0.07053	0.08568	0.00287	0.00488	0.00650	0.65803	0.00594
36	0.31724	0.01176	0.01323	0.01059	0.01531	0.01154	0.00874	0.02742	0.01604	0.47483	0.01982	0.01812	0.01294	0.00740	0.00569	0.00204	0.00542	0.00550	0.00666	0.00971
37	0.01829	0.01466	0.04263	0.19837	0.19088	0.06326	0.01504	0.04530	0.04514	0.17003	0.01664	0.02107	0.01303	0.04523	0.00872	0.00233	0.04624	0.02955	0.00457	0.00902
38	0.00949	0.00697	0.00907	0.01006	0.01145	0.00665	0.00813	0.01182	0.01474	0.01911	0.09952	0.18597	0.16680	0.05235	0.00974	0.00289	0.00494	0.35844	0.00609	0.00577
39	0.00808	0.00576	0.00762	0.00908	0.00945	0.00539	0.00602	0.00918	0.01248	0.01664	0.03564	0.73464	0.04273	0.05143	0.00944	0.00283	0.00392	0.01834	0.00602	0.00529
40	0.00830	0.00669	0.00738	0.00721	0.00921	0.00578	0.00541	0.01044	0.01622	0.02067	0.28681	0.05861	0.50298	0.01560	0.00778	0.00217	0.00326	0.01323	0.00649	0.00578
41	0.01396	0.02917	0.53699	0.02303	0.12525	0.01553	0.12184	0.02079	0.01429	0.02097	0.01211	0.01478	0.00886	0.00610	0.00651	0.00209	0.00967	0.00542	0.00292	0.00970
42	0.00819	0.00619	0.00742	0.00816	0.00919	0.00564	0.00562	0.00952	0.01331	0.01711	0.07338	0.40836	0.26928	0.08989	0.03453	0.00310	0.00432	0.01558	0.00588	0.00534
43	0.01883	0.01715	0.02268	0.01808	0.02104	0.06701	0.11956	0.22329	0.01795	0.04415	0.01208	0.01539	0.00981	0.00912	0.01355	0.00241	0.34883	0.00604	0.00423	0.00879
44	0.04218	0.01977	0.16372	0.06890	0.10078	0.08266	0.12262	0.05612	0.16191	0.02330	0.04220	0.01887	0.01384	0.00714	0.00652	0.00206	0.00808	0.00631	0.04388	0.00914

[dist]
# distance from previous block
# <min> <max>
0	1

[block]
# block no. 4 follows, 33 sequences, length 17
# corresponding to MSA columns:
# 212-228
name=unknown_E
#
# <colnr> <probs for GDERKNQSTAVLIFYWHMCP>
#	G	D	E	R	K	N	Q	S	T	A	V	L	I	F	Y	W	H	M	C	P
0	0.01519	0.01486	0.02614	0.24747	0.34128	0.01593	0.13704	0.04156	0.01478	0.02037	0.01224	0.01679	0.00978	0.00642	0.00763	0.00213	0.05188	0.00619	0.00326	0.00908
1	0.67777	0.01281	0.01086	0.00935	0.01361	0.01438	0.00771	0.05328	0.01311	0.11969	0.01162	0.01243	0.00849	0.00646	0.00452	0.00203	0.00526	0.00407	0.00471	0.00784
2	0.00915	0.00660	0.00886	0.00910	0.00985	0.00701	0.00642	0.01062	0.01117	0.01541	0.05593	0.15916	0.05160	0.25102	0.35011	0.00731	0.01081	0.01025	0.00437	0.00524
3	0.01805	0.01619	0.02031	0.05622	0.10683	0.10689	0.10069	0.11913	0.06345	0.07028	0.01650	0.04461	0.01385	0.00795	0.00716	0.00196	0.03586	0.04995	0.00466	0.13943
4	0.12886	0.01936	0.01710	0.01478	0.04479	0.19026	0.01136	0.34324	0.02290	0.05725	0.01430	0.01518	0.01064	0.00731	0.00593	0.00188	0.00767	0.00525	0.07256	0.00935
5	0.01320	0.03405	0.73453	0.01876	0.02849	0.01529	0.02432	0.02085	0.01390	0.02085	0.01181	0.01390	0.00834	0.00625	0.00625	0.00208	0.00973	0.00486	0.00278	0.00973
6	0.01100	0.00724	0.00888	0.00851	0.01064	0.00647	0.00662	0.01346	0.01678	0.09674	0.31648	0.07549	0.29332	0.01479	0.00782	0.00225	0.00380	0.08648	0.00677	0.00646
7	0.01760	0.77260	0.03450	0.01126	0.01690	0.02605	0.01126	0.01971	0.01338	0.01549	0.00915	0.01056	0.00845	0.00563	0.00422	0.00141	0.00704	0.00352	0.00282	0.00845
8	0.00844	0.00600	0.00799	0.00943	0.00993	0.00569	0.00656	0.00976	0.01275	0.01694	0.03521	0.63471	0.04169	0.06350	0.00994	0.00293	0.00425	0.10292	0.00598	0.00536
9	0.00926	0.00643	0.00709	0.00709	0.00748	0.00624	0.00417	0.00955	0.01052	0.01364	0.02876	0.04662	0.14631	0.63735	0.02902	0.00566	0.00585	0.01033	0.00436	0.00426
10	0.00789	0.00659	0.00688	0.00699	0.00901	0.00558	0.00517	0.00959	0.01499	0.01819	0.10165	0.12756	0.62362	0.01685	0.00784	0.00226	0.00337	0.01423	0.00618	0.00558
11	0.02142	0.01003	0.01308	0.01075	0.01452	0.00924	0.00860	0.02586	0.09280	0.42291	0.25790	0.03153	0.03192	0.00999	0.00701	0.00207	0.00473	0.00846	0.00769	0.00946
12	0.01542	0.01741	0.03691	0.02666	0.03263	0.01701	0.63229	0.02054	0.01497	0.02054	0.01283	0.01741	0.00985	0.00617	0.00920	0.00229	0.08829	0.00756	0.00328	0.00871
13	0.02107	0.01015	0.01310	0.01083	0.01457	0.00948	0.00865	0.02605	0.11639	0.40228	0.25474	0.03148	0.03184	0.01000	0.00701	0.00208	0.00473	0.00847	0.00765	0.00946
14	0.00919	0.00672	0.00863	0.00815	0.00976	0.00616	0.00611	0.01218	0.01834	0.02570	0.67069	0.05033	0.11596	0.01372	0.00777	0.00208	0.00312	0.01207	0.00715	0.00616
15	0.00815	0.00578	0.00760	0.00900	0.00935	0.00543	0.00594	0.00920	0.01235	0.01647	0.03500	0.70479	0.04192	0.08238	0.01048	0.00298	0.00403	0.01796	0.00594	0.00524
16	0.01669	0.01949	0.03627	0.02637	0.03261	0.10916	0.61556	0.02175	0.01594	0.02045	0.01292	0.01701	0.00980	0.00571	0.00754	0.00215	0.01120	0.00732	0.00334	0.00872

[dist]
# distance from previous block
# <min> <max>
0	10

[block]
# block no. 5 follows, 33 sequences, length 25
# corresponding to MSA columns:
# 239-263
name=unknown_F
#
# <colnr> <probs for GDERKNQSTAVLIFYWHMCP>
#	G	D	E	R	K	N	Q	S	T	A	V	L	I	F	Y	W	H	M	C	P
0	0.01147	0.01043	0.01922	0.01563	0.01860	0.01049	0.24062	0.01471	0.01275	0.01795	0.02006	0.08879	0.04426	0.05779	0.32785	0.00602	0.01230	0.00861	0.05568	0.00676
1	0.00801	0.00577	0.00759	0.00905	0.00952	0.00536	0.00606	0.00918	0.01272	0.01685	0.03772	0.73122	0.07573	0.02044	0.00837	0.00265	0.00380	0.01849	0.00611	0.00536
2	0.01494	0.00844	0.00889	0.00795	0.01034	0.00857	0.00620	0.12554	0.01693	0.06874	0.02473	0.02637	0.07689	0.00851	0.00531	0.00169	0.00391	0.00680	0.56207	0.00719
3	0.00802	0.00573	0.00764	0.00917	0.00955	0.00535	0.00611	0.00917	0.01260	0.01681	0.03628	0.76434	0.04354	0.02062	0.00840	0.00267	0.00382	0.01872	0.00611	0.00535
4	0.01623	0.01616	0.02633	0.13885	0.39202	0.05058	0.12578	0.05071	0.01528	0.02091	0.01216	0.01631	0.00990	0.00655	0.00800	0.00210	0.07335	0.00608	0.00334	0.00935
5	0.02118	0.26590	0.09902	0.01535	0.02012	0.43937	0.01348	0.02364	0.01649	0.01641	0.01002	0.01167	0.00846	0.00636	0.00543	0.00165	0.01012	0.00408	0.00315	0.00811
6	0.01478	0.01542	0.09656	0.16845	0.31299	0.01376	0.04121	0.01965	0.04696	0.05157	0.06388	0.02098	0.04337	0.00717	0.00660	0.00200	0.00743	0.00655	0.00394	0.05673
7	0.01821	0.01526	0.05108	0.11662	0.21822	0.03279	0.04308	0.11008	0.10350	0.12120	0.01793	0.02050	0.02926	0.04585	0.00834	0.00230	0.02489	0.00653	0.00482	0.00955
8	0.01765	0.01323	0.01464	0.01312	0.01682	0.01475	0.01043	0.05639	0.53054	0.11244	0.02718	0.02940	0.02125	0.00981	0.00695	0.00229	0.00542	0.08084	0.00680	0.01007
9	0.02954	0.01120	0.01528	0.01171	0.01681	0.00968	0.00968	0.03208	0.01884	0.73213	0.02597	0.02241	0.01630	0.00815	0.00662	0.00204	0.00560	0.00662	0.00815	0.01120
10	0.01681	0.04341	0.20795	0.01803	0.06028	0.11942	0.11488	0.02213	0.06296	0.09504	0.04202	0.02358	0.01558	0.03145	0.03740	0.00257	0.00899	0.06444	0.00431	0.00874
11	0.01545	0.24417	0.28363	0.01733	0.05859	0.01831	0.09185	0.06131	0.05374	0.02102	0.03941	0.01716	0.03682	0.00684	0.00599	0.00190	0.00814	0.00561	0.00359	0.00915
12	0.01963	0.01212	0.01420	0.01233	0.01616	0.01276	0.00983	0.03070	0.38501	0.25392	0.08764	0.02924	0.02368	0.00968	0.00692	0.00221	0.00521	0.05157	0.00717	0.01002
13	0.00950	0.00635	0.00720	0.00728	0.00730	0.00633	0.00410	0.00955	0.00973	0.01297	0.02153	0.07951	0.02492	0.73086	0.03224	0.00620	0.00625	0.01004	0.00410	0.00406
14	0.01811	0.12551	0.04441	0.01527	0.07128	0.09140	0.01182	0.06117	0.17368	0.11180	0.02022	0.04894	0.04648	0.01137	0.05508	0.00260	0.07015	0.00670	0.00500	0.00899
15	0.01946	0.01672	0.09723	0.04415	0.06943	0.01580	0.01299	0.29895	0.12623	0.08244	0.01778	0.01975	0.01352	0.05118	0.03146	0.02565	0.00728	0.00632	0.03393	0.00973
16	0.00942	0.00699	0.01028	0.01028	0.01135	0.00807	0.00786	0.01156	0.01049	0.01506	0.01791	0.02738	0.01712	0.11270	0.68012	0.01021	0.01664	0.00728	0.00357	0.00571
17	0.01515	0.01274	0.01346	0.01222	0.01559	0.01446	0.00947	0.03081	0.58725	0.02662	0.06752	0.02859	0.07091	0.00964	0.00671	0.00218	0.00484	0.00806	0.05418	0.00960
18	0.04928	0.01753	0.11299	0.15703	0.17779	0.04687	0.03126	0.13798	0.09870	0.02448	0.01600	0.05400	0.01321	0.00784	0.00659	0.00211	0.00774	0.02499	0.00436	0.00924
19	0.01443	0.01496	0.04075	0.09417	0.05827	0.06793	0.23464	0.04647	0.04126	0.01923	0.01466	0.02055	0.01245	0.06205	0.18295	0.00441	0.05254	0.00689	0.00360	0.00779
20	0.01440	0.01440	0.02016	0.01728	0.01728	0.02016	0.01440	0.01584	0.01008	0.01584	0.00864	0.01440	0.00864	0.01152	0.02160	0.00288	0.75659	0.00576	0.00288	0.00720
21	0.01585	0.01195	0.01410	0.01020	0.01595	0.00939	0.00821	0.04921	0.01498	0.09772	0.01340	0.01468	0.01051	0.00536	0.00514	0.00113	0.00506	0.00428	0.00447	0.68841
22	0.01718	0.03552	0.02369	0.09232	0.37420	0.04963	0.06229	0.14618	0.01782	0.02397	0.01610	0.05882	0.03773	0.00752	0.00668	0.00202	0.00780	0.00686	0.00410	0.00956
23	0.00779	0.00663	0.00671	0.00679	0.00892	0.00555	0.00505	0.00943	0.01489	0.01774	0.06527	0.09601	0.69316	0.01686	0.00781	0.00224	0.00336	0.01412	0.00611	0.00555
24	0.01831	0.01527	0.01940	0.17752	0.19294	0.11281	0.03046	0.08970	0.01713	0.12679	0.03650	0.10130	0.01586	0.00854	0.00675	0.00207	0.00769	0.00740	0.00470	0.00886

[dist]
# distance from previous block
# <min> <max>
0	2

[block]
# block no. 6 follows, 33 sequences, length 22
# corresponding to MSA columns:
# 266-287
name=unknown_G
#
# <colnr> <probs for GDERKNQSTAVLIFYWHMCP>
#	G	D	E	R	K	N	Q	S	T	A	V	L	I	F	Y	W	H	M	C	P
0	0.04765	0.01677	0.02084	0.05514	0.22686	0.06021	0.01486	0.22997	0.10255	0.02724	0.01432	0.01645	0.01125	0.00777	0.00865	0.00213	0.11704	0.00588	0.00465	0.00977
1	0.34756	0.02196	0.29354	0.04073	0.02163	0.04856	0.04600	0.02113	0.01339	0.07361	0.01169	0.01337	0.00849	0.00633	0.00544	0.00205	0.00765	0.00458	0.00375	0.00853
2	0.01530	0.01053	0.01265	0.00966	0.01424	0.00839	0.00745	0.01764	0.01383	0.13388	0.01662	0.05932	0.01467	0.11796	0.00953	0.00203	0.00516	0.00595	0.00471	0.52048
3	0.01365	0.01170	0.01365	0.00975	0.01560	0.00878	0.00780	0.01658	0.01365	0.02145	0.01170	0.01365	0.00975	0.00488	0.00488	0.00098	0.00488	0.00390	0.00390	0.80888
4	0.00946	0.00682	0.00939	0.00939	0.01015	0.00758	0.00674	0.01099	0.01023	0.01440	0.01873	0.03191	0.01908	0.30208	0.49344	0.00911	0.01368	0.00794	0.00369	0.00521
5	0.01250	0.00978	0.01392	0.06458	0.18658	0.00978	0.01061	0.03992	0.04724	0.05188	0.03066	0.28127	0.12912	0.02968	0.00786	0.00235	0.00532	0.01166	0.04784	0.00746
6	0.01178	0.01458	0.16887	0.01367	0.01725	0.01059	0.07415	0.05265	0.08411	0.02031	0.02579	0.34244	0.02729	0.06361	0.00930	0.00269	0.00635	0.04213	0.00508	0.00737
7	0.01324	0.01135	0.01317	0.00954	0.01513	0.00855	0.00761	0.01608	0.01375	0.02120	0.01553	0.01711	0.05954	0.00570	0.00508	0.00106	0.00477	0.00460	0.00405	0.75296
8	0.00802	0.00573	0.00764	0.00917	0.00955	0.00535	0.00611	0.00917	0.01260	0.01681	0.03628	0.76434	0.04354	0.02062	0.00840	0.00267	0.00382	0.01872	0.00611	0.00535
9	0.00814	0.00587	0.00771	0.00897	0.00955	0.00544	0.00607	0.00951	0.01333	0.01783	0.10798	0.66035	0.07541	0.01972	0.00831	0.00259	0.00373	0.01781	0.00623	0.00544
10	0.02459	0.03138	0.01866	0.01696	0.02035	0.74221	0.01272	0.02629	0.01866	0.01611	0.01018	0.01187	0.00848	0.00678	0.00594	0.00170	0.01187	0.00424	0.00339	0.00763
11	0.00957	0.00638	0.00718	0.00718	0.00718	0.00638	0.00399	0.00957	0.00957	0.01276	0.02074	0.04308	0.02393	0.76864	0.03351	0.00638	0.00638	0.00957	0.00399	0.00399
12	0.01104	0.00719	0.00866	0.00880	0.01052	0.00658	0.00638	0.04322	0.01508	0.09023	0.07250	0.39136	0.24649	0.01692	0.00782	0.00238	0.00395	0.01481	0.02977	0.00632
13	0.01123	0.00801	0.01097	0.01040	0.01102	0.00928	0.00765	0.03786	0.01058	0.01485	0.01551	0.02636	0.01564	0.19865	0.27818	0.20627	0.11191	0.00707	0.00350	0.00509
14	0.00975	0.00637	0.00711	0.00711	0.00721	0.00637	0.00403	0.00994	0.00985	0.01352	0.02079	0.04189	0.02348	0.71963	0.03165	0.00607	0.00617	0.00935	0.05559	0.00413
15	0.00802	0.00573	0.00764	0.00917	0.00955	0.00535	0.00611	0.00917	0.01260	0.01681	0.03628	0.76434	0.04354	0.02062	0.00840	0.00267	0.00382	0.01872	0.00611	0.00535
16	0.00850	0.00593	0.00750	0.00856	0.00882	0.00566	0.00546	0.00929	0.01167	0.01557	0.03152	0.54320	0.03753	0.24997	0.01610	0.00381	0.00461	0.01591	0.00546	0.00493
17	0.01559	0.01519	0.02336	0.29723	0.21441	0.08693	0.12314	0.01946	0.01477	0.05071	0.01433	0.06890	0.01212	0.00730	0.00681	0.00211	0.00871	0.00692	0.00358	0.00843
18	0.01675	0.00941	0.01130	0.01026	0.01313	0.00925	0.00786	0.02257	0.17353	0.23191	0.05149	0.20541	0.09571	0.01225	0.00699	0.00220	0.00451	0.01052	0.09661	0.00836
19	0.00822	0.00672	0.00728	0.00725	0.00931	0.00578	0.00551	0.01024	0.01573	0.01958	0.19481	0.06108	0.56119	0.01611	0.00784	0.00223	0.00342	0.04566	0.00633	0.00571
20	0.01558	0.39831	0.32974	0.01580	0.02325	0.02073	0.07472	0.02031	0.01378	0.01822	0.01062	0.01257	0.00853	0.00589	0.00538	0.00176	0.00851	0.00444	0.00284	0.00902
21	0.05264	0.05081	0.07063	0.01448	0.03457	0.01562	0.05801	0.19120	0.21899	0.07115	0.02299	0.05174	0.06495	0.04306	0.00782	0.00230	0.00647	0.00745	0.00568	0.00944

[dist]
# distance from previous block
# <min> <max>
0	4

[block]
# block no. 7 follows, 33 sequences, length 41
# corresponding to MSA columns:
# 292-332
name=unknown_H
#
# <colnr> <probs for GDERKNQSTAVLIFYWHMCP>
#	G	D	E	R	K	N	Q	S	T	A	V	L	I	F	Y	W	H	M	C	P
0	0.28274	0.01379	0.01913	0.19539	0.24718	0.01509	0.04209	0.04539	0.01388	0.02384	0.01129	0.01466	0.00892	0.00615	0.00571	0.00202	0.00714	0.00510	0.00361	0.03688
1	0.01690	0.01626	0.02273	0.10252	0.36018	0.07569	0.01709	0.09067	0.01580	0.02149	0.01260	0.01782	0.01086	0.00780	0.00956	0.00218	0.15584	0.03121	0.00361	0.00916
2	0.01058	0.00743	0.00969	0.00984	0.01105	0.00747	0.00722	0.03851	0.01493	0.05675	0.18768	0.40688	0.07906	0.01811	0.03656	0.00277	0.05283	0.03022	0.00618	0.00623
3	0.05983	0.03569	0.05283	0.05951	0.02014	0.03624	0.08763	0.04626	0.08443	0.21062	0.02336	0.02647	0.07248	0.00867	0.00662	0.00204	0.00663	0.06157	0.00553	0.09345
4	0.10979	0.01139	0.01557	0.04621	0.01778	0.01152	0.08792	0.03875	0.12186	0.18979	0.18360	0.03103	0.04073	0.00974	0.00692	0.00217	0.00570	0.05473	0.00625	0.00856
5	0.00957	0.00638	0.00718	0.00718	0.00718	0.00638	0.00399	0.00957	0.00957	0.01276	0.02074	0.04308	0.02393	0.76864	0.03351	0.00638	0.00638	0.00957	0.00399	0.00399
6	0.01545	0.01426	0.05391	0.21761	0.09201	0.04234	0.01401	0.02465	0.26793	0.06575	0.03611	0.05057	0.01767	0.00882	0.00682	0.00222	0.00690	0.04898	0.00506	0.00893
