[name]
unknown

[dist]
# distance from previous block
# <min> <max>
37	261

[block]
# block no. 0 follows, 37 sequences, length 119
# corresponding to MSA columns:
# 372-435,443-497
name=unknown_A
#
# <colnr> <probs for GDERKNQSTAVLIFYWHMCP>
#	G	D	E	R	K	N	Q	S	T	A	V	L	I	F	Y	W	H	M	C	P
0	0.06609	0.01527	0.01951	0.01699	0.08210	0.07515	0.14012	0.17109	0.16730	0.07465	0.04136	0.03479	0.01398	0.00724	0.00643	0.00192	0.02080	0.00629	0.00492	0.03398
1	0.06560	0.01351	0.01453	0.01262	0.03782	0.08876	0.03405	0.17434	0.09740	0.07313	0.18576	0.03762	0.02305	0.00860	0.00650	0.00185	0.02357	0.02181	0.00543	0.07405
2	0.05205	0.01501	0.01890	0.01496	0.01902	0.09596	0.15394	0.16176	0.09467	0.13625	0.04193	0.05835	0.03967	0.00804	0.00703	0.00196	0.04514	0.00685	0.00509	0.02341
3	0.04885	0.01560	0.02308	0.01940	0.09515	0.06359	0.25305	0.18329	0.07839	0.06603	0.06061	0.01894	0.03113	0.00689	0.00647	0.00193	0.00764	0.00657	0.00462	0.00877
4	0.07622	0.01582	0.01780	0.01462	0.03572	0.12634	0.11294	0.21142	0.07457	0.08728	0.01738	0.05192	0.04145	0.00750	0.00600	0.00183	0.00695	0.00626	0.03305	0.05493
5	0.16150	0.01335	0.01377	0.01192	0.03886	0.04566	0.00926	0.24269	0.09307	0.11051	0.03579	0.02175	0.08730	0.00809	0.00578	0.00186	0.00556	0.02284	0.02034	0.05011
6	0.19463	0.01559	0.01664	0.01403	0.04263	0.10507	0.07714	0.20175	0.10202	0.10122	0.04354	0.01618	0.01247	0.00687	0.00567	0.00186	0.00661	0.00542	0.00500	0.02567
7	0.23441	0.01252	0.01424	0.01156	0.01528	0.01354	0.05259	0.14993	0.10668	0.08816	0.03096	0.01739	0.01246	0.06026	0.00810	0.00215	0.05837	0.00543	0.01956	0.08640
8	0.05411	0.20232	0.09786	0.01414	0.01918	0.10671	0.09806	0.14196	0.03147	0.09018	0.01451	0.03172	0.02678	0.00685	0.00561	0.00175	0.00740	0.02098	0.00415	0.02428
9	0.04126	0.19321	0.28482	0.01620	0.02250	0.04900	0.15908	0.03273	0.01397	0.04812	0.04487	0.01676	0.01170	0.00640	0.00579	0.00184	0.00809	0.03207	0.00333	0.00826
10	0.01533	0.01386	0.04651	0.01163	0.01519	0.09792	0.02424	0.11563	0.03754	0.06275	0.03079	0.02247	0.03995	0.09245	0.03888	0.00245	0.05816	0.04144	0.02265	0.21018
11	0.01579	0.01144	0.01434	0.01174	0.01563	0.01125	0.05585	0.08391	0.22736	0.13199	0.05779	0.11919	0.01952	0.00870	0.00616	0.00181	0.00509	0.00755	0.00559	0.18930
12	0.01448	0.01604	0.04618	0.02289	0.02899	0.01456	0.58547	0.04422	0.01468	0.02033	0.01223	0.01585	0.00927	0.00516	0.00678	0.00189	0.00936	0.00661	0.00327	0.12175
13	0.00830	0.00613	0.00745	0.00790	0.00901	0.00571	0.00579	0.00991	0.01315	0.01714	0.15782	0.19919	0.22743	0.16077	0.01206	0.00299	0.00413	0.13461	0.00548	0.00504
14	0.00750	0.00544	0.00710	0.00832	0.00885	0.00503	0.00561	0.00870	0.01217	0.01615	0.07264	0.69193	0.09081	0.01857	0.00774	0.00243	0.00349	0.01676	0.00574	0.00503
15	0.01704	0.01531	0.01478	0.01301	0.01662	0.09250	0.01016	0.12045	0.57117	0.02617	0.02201	0.02058	0.01651	0.00798	0.00614	0.00199	0.00572	0.00643	0.00590	0.00951
16	0.01386	0.01323	0.02252	0.30056	0.49378	0.01421	0.01814	0.01766	0.01333	0.01843	0.01129	0.01557	0.00914	0.00569	0.00608	0.00190	0.00759	0.00545	0.00292	0.00866
17	0.01583	0.01260	0.01615	0.01263	0.01728	0.01216	0.08558	0.10275	0.21677	0.08159	0.01752	0.01961	0.01371	0.00683	0.00580	0.00164	0.00560	0.04028	0.00499	0.31067
18	0.01168	0.01101	0.01858	0.74483	0.06652	0.01363	0.01706	0.01575	0.01230	0.01579	0.01090	0.01628	0.00821	0.00610	0.00612	0.00203	0.00813	0.00544	0.00273	0.00690
19	0.00760	0.00543	0.00726	0.00868	0.00910	0.00509	0.00592	0.00876	0.01186	0.01578	0.03366	0.73976	0.04018	0.01905	0.00785	0.00251	0.00367	0.05715	0.00568	0.00501
20	0.01494	0.01587	0.05393	0.02092	0.02592	0.05223	0.45951	0.02019	0.06711	0.06176	0.04101	0.05325	0.01381	0.00704	0.00767	0.00209	0.04865	0.02217	0.00385	0.00808
21	0.01476	0.49097	0.31559	0.01322	0.01995	0.02029	0.01525	0.01874	0.01263	0.01636	0.00948	0.01104	0.00782	0.00546	0.00467	0.00156	0.00753	0.00376	0.00261	0.00832
22	0.00746	0.00533	0.00710	0.00852	0.00888	0.00497	0.00568	0.00852	0.01172	0.01563	0.03374	0.78088	0.04049	0.01918	0.00781	0.00249	0.00355	0.01740	0.00568	0.00497
23	0.00866	0.00626	0.00818	0.00770	0.00914	0.00578	0.00578	0.01155	0.01733	0.02455	0.74346	0.04572	0.05776	0.01251	0.00722	0.00193	0.00289	0.01107	0.00674	0.00578
24	0.01190	0.01123	0.01898	0.70044	0.10921	0.01369	0.01717	0.01594	0.01240	0.01605	0.01094	0.01621	0.00831	0.00606	0.00611	0.00202	0.00808	0.00544	0.00275	0.00708
25	0.01286	0.14017	0.64979	0.01645	0.02495	0.01565	0.02088	0.01923	0.01285	0.01867	0.01063	0.01248	0.00777	0.00573	0.00554	0.00185	0.00869	0.00434	0.00259	0.00888
26	0.00944	0.00734	0.00871	0.00817	0.01005	0.00716	0.00619	0.01436	0.13037	0.02322	0.50294	0.04456	0.17932	0.01240	0.00707	0.00198	0.00324	0.01076	0.00646	0.00628
27	0.01637	0.78856	0.03208	0.01047	0.01571	0.02422	0.01047	0.01833	0.01244	0.01440	0.00851	0.00982	0.00786	0.00524	0.00393	0.00131	0.00655	0.00327	0.00262	0.00786
28	0.01408	0.01148	0.01458	0.01082	0.01589	0.00967	0.05977	0.04253	0.08199	0.06267	0.04620	0.01594	0.01257	0.00556	0.00516	0.00123	0.00502	0.00474	0.00428	0.57579
29	0.01734	0.01700	0.01485	0.01329	0.01675	0.18588	0.01027	0.06265	0.53870	0.02377	0.02091	0.01976	0.01583	0.00780	0.00606	0.00195	0.00635	0.00617	0.00552	0.00913
30	0.01185	0.01925	0.37202	0.01321	0.01853	0.01063	0.01453	0.01735	0.06619	0.06770	0.07560	0.18246	0.06302	0.01032	0.00656	0.00209	0.00642	0.03008	0.00441	0.00776
31	0.01545	0.01794	0.03163	0.02329	0.02871	0.13289	0.57028	0.01987	0.01464	0.01856	0.01215	0.01608	0.00941	0.00770	0.05047	0.00244	0.01078	0.00667	0.00312	0.00791
32	0.00760	0.00543	0.00726	0.00868	0.00910	0.00509	0.00592	0.00876	0.01186	0.01578	0.03366	0.73976	0.04018	0.01905	0.00785	0.00251	0.00367	0.05715	0.00568	0.00501
33	0.01548	0.62506	0.18784	0.01198	0.01804	0.02206	0.01310	0.01856	0.01254	0.01548	0.00904	0.01049	0.00783	0.00536	0.00434	0.00145	0.00709	0.00354	0.00261	0.00811
34	0.01323	0.20843	0.58475	0.01582	0.02398	0.01655	0.01978	0.01914	0.01281	0.01822	0.01041	0.01220	0.00778	0.00568	0.00537	0.00179	0.00846	0.00423	0.00259	0.00877
35	0.01335	0.23099	0.56327	0.01561	0.02365	0.01685	0.01942	0.01911	0.01280	0.01807	0.01033	0.01211	0.00778	0.00566	0.00532	0.00177	0.00839	0.00419	0.00259	0.00873
36	0.00866	0.00626	0.00818	0.00770	0.00914	0.00578	0.00578	0.01155	0.01733	0.02455	0.74346	0.04572	0.05776	0.01251	0.00722	0.00193	0.00289	0.01107	0.00674	0.00578
37	0.01228	0.03166	0.75316	0.01745	0.02649	0.01422	0.02262	0.01939	0.01292	0.01939	0.01099	0.01292	0.00775	0.00582	0.00582	0.00194	0.00905	0.00452	0.00258	0.00905
38	0.01274	0.11680	0.67205	0.01666	0.02528	0.01534	0.02125	0.01927	0.01287	0.01882	0.01071	0.01257	0.00777	0.00575	0.00560	0.00187	0.00877	0.00438	0.00259	0.00891
39	0.00809	0.00607	0.00761	0.00840	0.00959	0.00559	0.00634	0.00991	0.01358	0.01762	0.13246	0.33168	0.23279	0.01682	0.00772	0.00237	0.00381	0.16846	0.00581	0.00528
40	0.00756	0.00551	0.00715	0.00842	0.00901	0.00510	0.00579	0.00877	0.01208	0.01586	0.03670	0.66646	0.11565	0.01867	0.00778	0.00246	0.00361	0.05271	0.00568	0.00503
41	0.00755	0.00540	0.00721	0.00863	0.00903	0.00505	0.00585	0.00869	0.01181	0.01573	0.03369	0.75249	0.04028	0.01909	0.00784	0.00250	0.00363	0.04484	0.00568	0.00500
42	0.01628	0.01786	0.03173	0.02320	0.02876	0.09579	0.55209	0.09689	0.01619	0.02105	0.01221	0.01565	0.00923	0.00566	0.00725	0.00200	0.02977	0.00664	0.00342	0.00833
43	0.00802	0.00600	0.00789	0.00872	0.00972	0.00587	0.00647	0.00966	0.01208	0.01587	0.03538	0.37815	0.17292	0.02392	0.17040	0.00404	0.00652	0.10800	0.00516	0.00521
44	0.02193	0.00921	0.01232	0.00986	0.01369	0.00802	0.00798	0.02435	0.01722	0.54037	0.18229	0.02899	0.07762	0.00922	0.00646	0.00191	0.00455	0.00771	0.00726	0.00903
45	0.01637	0.78856	0.03208	0.01047	0.01571	0.02422	0.01047	0.01833	0.01244	0.01440	0.00851	0.00982	0.00786	0.00524	0.00393	0.00131	0.00655	0.00327	0.00262	0.00786
46	0.05713	0.62405	0.14985	0.01150	0.01729	0.02204	0.01228	0.01849	0.01241	0.01589	0.00892	0.01034	0.00778	0.00536	0.00423	0.00144	0.00687	0.00348	0.00267	0.00799
47	0.00890	0.00593	0.00668	0.00668	0.00668	0.00593	0.00371	0.00890	0.00890	0.01187	0.01929	0.04006	0.02225	0.78487	0.03116	0.00593	0.00593	0.00890	0.00371	0.00371
48	0.00859	0.00629	0.00808	0.00774	0.00924	0.00578	0.00588	0.01134	0.01683	0.02344	0.63985	0.04823	0.12370	0.01303	0.00729	0.00199	0.00305	0.04737	0.00658	0.00571
49	0.01374	0.30189	0.49572	0.01496	0.02264	0.01779	0.01828	0.01901	0.01275	0.01761	0.01010	0.01182	0.00779	0.00561	0.00514	0.00171	0.00815	0.00408	0.00260	0.00862
50	0.05866	0.12261	0.01818	0.13753	0.02092	0.05999	0.01144	0.19434	0.26618	0.02502	0.01612	0.01664	0.01220	0.00704	0.00570	0.00187	0.00644	0.00547	0.00482	0.00883
51	0.01778	0.01116	0.01268	0.01080	0.01422	0.01181	0.00856	0.10826	0.30279	0.19693	0.10102	0.02390	0.02071	0.00831	0.00603	0.00190	0.00465	0.00685	0.12268	0.00895
52	0.00808	0.00594	0.00757	0.00778	0.00894	0.00543	0.00560	0.01019	0.01503	0.02055	0.42010	0.29231	0.13957	0.01512	0.00742	0.00213	0.00314	0.01342	0.00625	0.00543
53	0.07416	0.02298	0.01757	0.01770	0.11950	0.45659	0.01217	0.08806	0.06024	0.05756	0.01185	0.01309	0.00931	0.00643	0.00561	0.00170	0.00904	0.00455	0.00386	0.00806
54	0.19950	0.01219	0.01398	0.01097	0.01554	0.01219	0.00906	0.17851	0.01843	0.43996	0.01872	0.01715	0.01228	0.00712	0.00564	0.00188	0.00544	0.00540	0.00644	0.00960
55	0.02563	0.01101	0.01428	0.01121	0.01577	0.01017	0.00917	0.05167	0.11790	0.62794	0.02396	0.02092	0.01550	0.00767	0.00616	0.00192	0.00521	0.00624	0.00734	0.01032
56	0.01576	0.00875	0.00942	0.00812	0.01067	0.00900	0.00642	0.17382	0.01687	0.10437	0.01925	0.02081	0.01446	0.00723	0.00489	0.00157	0.00397	0.00571	0.55167	0.00725
57	0.01304	0.00748	0.00963	0.00949	0.01119	0.00711	0.00691	0.07893	0.01466	0.16833	0.05317	0.53114	0.03311	0.01550	0.00730	0.00229	0.00416	0.01380	0.00614	0.00661
58	0.00773	0.00565	0.00681	0.00761	0.00825	0.00523	0.00502	0.00866	0.01157	0.01498	0.03661	0.45904	0.18841	0.18984	0.01292	0.00317	0.00399	0.01453	0.00524	0.00473
59	0.02746	0.01042	0.01421	0.01089	0.01563	0.00900	0.00900	0.02983	0.01752	0.75093	0.02415	0.02083	0.01515	0.00758	0.00616	0.00189	0.00521	0.00616	0.00758	0.01042
60	0.01505	0.01444	0.02467	0.05747	0.72756	0.01452	0.01874	0.01870	0.01389	0.01988	0.01150	0.01518	0.00965	0.00547	0.00606	0.00182	0.00730	0.00545	0.00302	0.00962
61	0.01441	0.01508	0.01860	0.01604	0.01638	0.09824	0.01322	0.01577	0.01023	0.01476	0.00819	0.01314	0.00802	0.01024	0.01853	0.00256	0.69192	0.00521	0.00273	0.00674
62	0.01156	0.01088	0.01836	0.77016	0.04216	0.01360	0.01700	0.01564	0.01224	0.01564	0.01088	0.01632	0.00816	0.00612	0.00612	0.00204	0.00816	0.00544	0.00272	0.00680
63	0.01388	0.01358	0.02103	0.09952	0.29690	0.01663	0.01581	0.01637	0.01140	0.01683	0.00964	0.01435	0.00868	0.00825	0.01335	0.00229	0.40542	0.00540	0.00282	0.00785
64	0.02038	0.01088	0.01332	0.01071	0.01445	0.01067	0.00865	0.19181	0.04878	0.33229	0.22089	0.02638	0.02596	0.00891	0.00640	0.00189	0.00486	0.00738	0.02640	0.00899
65	0.02170	0.02319	0.01679	0.01444	0.01822	0.45653	0.01115	0.17090	0.07988	0.04949	0.01253	0.01330	0.00969	0.00661	0.00565	0.00163	0.00890	0.00458	0.00424	0.07058
66	0.01719	0.01567	0.01668	0.01784	0.16035	0.11965	0.01181	0.05234	0.43161	0.06048	0.01971	0.01928	0.01493	0.00739	0.00609	0.00194	0.00628	0.00613	0.00523	0.00939
67	0.00811	0.00624	0.00741	0.00712	0.00881	0.00554	0.00534	0.01048	0.01602	0.02144	0.47940	0.05083	0.32375	0.01367	0.00723	0.00198	0.00297	0.01179	0.00633	0.00554
68	0.01285	0.13825	0.65162	0.01647	0.02498	0.01562	0.02091	0.01924	0.01286	0.01868	0.01064	0.01249	0.00777	0.00573	0.00555	0.00185	0.00869	0.00435	0.00259	0.00888
69	0.00846	0.00619	0.00794	0.00763	0.00905	0.00567	0.00567	0.01112	0.01668	0.02329	0.63958	0.09471	0.11472	0.01320	0.00726	0.00197	0.00295	0.01164	0.00658	0.00567
70	0.01436	0.01374	0.02342	0.19866	0.59177	0.01434	0.01839	0.01809	0.01356	0.01904	0.01137	0.01541	0.00936	0.00560	0.00607	0.00187	0.00747	0.00545	0.00296	0.00906
71	0.01637	0.78856	0.03208	0.01047	0.01571	0.02422	0.01047	0.01833	0.01244	0.01440	0.00851	0.00982	0.00786	0.00524	0.00393	0.00131	0.00655	0.00327	0.00262	0.00786
72	0.00841	0.00617	0.00788	0.00761	0.00903	0.00564	0.00565	0.01100	0.01649	0.02292	0.60945	0.10917	0.13099	0.01340	0.00727	0.00199	0.00297	0.01181	0.00653	0.00564
73	0.01449	0.01634	0.03496	0.02511	0.03116	0.01547	0.68728	0.02028	0.05196	0.01992	0.01304	0.01684	0.00978	0.00532	0.00717	0.00206	0.01004	0.00721	0.00326	0.00833
74	0.00897	0.00774	0.01337	0.01226	0.01387	0.00724	0.16094	0.01092	0.01231	0.01649	0.02913	0.61577	0.03375	0.01615	0.00769	0.00239	0.00501	0.01520	0.00512	0.00568
75	0.01211	0.01136	0.01554	0.01365	0.01367	0.01526	0.01090	0.01315	0.00939	0.01416	0.01180	0.05907	0.01279	0.17838	0.02184	0.00337	0.56778	0.00675	0.00306	0.00596
76	0.00755	0.00542	0.00702	0.00825	0.00868	0.00505	0.00548	0.00857	0.01164	0.01540	0.03432	0.68506	0.07980	0.07490	0.00948	0.00271	0.00370	0.01652	0.00554	0.00489
77	0.01459	0.03043	0.59428	0.01699	0.02486	0.13256	0.02027	0.06102	0.01454	0.01980	0.01096	0.01273	0.00793	0.00598	0.00579	0.00188	0.00923	0.00449	0.00288	0.00882
78	0.01172	0.01104	0.01864	0.73850	0.07261	0.01364	0.01708	0.01578	0.01231	0.01583	0.01091	0.01627	0.00823	0.00609	0.00612	0.00203	0.00812	0.00544	0.00273	0.00693
79	0.02081	0.02565	0.02059	0.01998	0.12183	0.56918	0.09627	0.02309	0.01653	0.01622	0.01009	0.01225	0.00830	0.00605	0.00579	0.00167	0.01043	0.00454	0.00313	0.00759
80	0.01010	0.00564	0.00833	0.00833	0.00858	0.00589	0.00576	0.00871	0.00846	0.01153	0.01247	0.02110	0.01238	0.07107	0.19474	0.58694	0.00791	0.00581	0.00286	0.00337
81	0.02287	0.02893	0.01737	0.01574	0.01892	0.74504	0.01182	0.03889	0.01758	0.01547	0.00957	0.01111	0.00794	0.00633	0.00553	0.00158	0.01095	0.00397	0.00322	0.00716
82	0.00974	0.00696	0.00972	0.01113	0.01248	0.00694	0.00965	0.01247	0.01397	0.01818	0.03248	0.10607	0.03550	0.01703	0.00842	0.00280	0.00553	0.66970	0.00564	0.00560
83	0.01104	0.00570	0.00831	0.00817	0.00833	0.00576	0.00552	0.03140	0.00865	0.01154	0.01077	0.01848	0.01063	0.02081	0.02334	0.79516	0.00536	0.00532	0.00277	0.00291
84	0.00826	0.00689	0.00730	0.00721	0.00923	0.00630	0.00539	0.01161	0.09151	0.01831	0.13003	0.10848	0.53826	0.01469	0.00717	0.00208	0.00330	0.01242	0.00586	0.00570
85	0.01269	0.01088	0.01269	0.00907	0.01451	0.00816	0.00725	0.01541	0.01269	0.01995	0.01088	0.01269	0.00907	0.00453	0.00453	0.00091	0.00453	0.00363	0.00363	0.82229
86	0.82811	0.01184	0.00900	0.00805	0.01184	0.01373	0.00663	0.01799	0.01042	0.02746	0.00852	0.00994	0.00663	0.00568	0.00379	0.00189	0.00474	0.00331	0.00379	0.00663
87	0.00882	0.00590	0.00670	0.00678	0.00680	0.00588	0.00382	0.00888	0.00906	0.01209	0.02012	0.08285	0.02331	0.74064	0.02981	0.00574	0.00580	0.00939	0.00382	0.00378
88	0.82811	0.01184	0.00900	0.00805	0.01184	0.01373	0.00663	0.01799	0.01042	0.02746	0.00852	0.00994	0.00663	0.00568	0.00379	0.00189	0.00474	0.00331	0.00379	0.00663
89	0.01643	0.01567	0.01439	0.01298	0.01639	0.13221	0.01002	0.03126	0.62286	0.02394	0.02249	0.02099	0.01699	0.00799	0.00612	0.00200	0.00582	0.00645	0.00575	0.00928
90	0.01622	0.76157	0.05779	0.01072	0.01610	0.02386	0.01091	0.01837	0.01246	0.01458	0.00860	0.00993	0.00785	0.00526	0.00400	0.00133	0.00664	0.00332	0.00262	0.00790
91	0.01241	0.05634	0.72965	0.01722	0.02614	0.01454	0.02222	0.01935	0.01291	0.01922	0.01090	0.01282	0.00776	0.00580	0.00575	0.00192	0.00897	0.00448	0.00259	0.00901
92	0.00765	0.00555	0.00717	0.00817	0.00881	0.00513	0.00556	0.00899	0.01265	0.01691	0.13863	0.59662	0.10103	0.03619	0.00824	0.00245	0.00347	0.01591	0.00579	0.00507
93	0.01190	0.01122	0.01897	0.70172	0.10798	0.01369	0.01717	0.01593	0.01240	0.01605	0.01094	0.01621	0.00830	0.00606	0.00611	0.00202	0.00808	0.00544	0.00275	0.00707
94	0.01269	0.01088	0.01269	0.00907	0.01451	0.00816	0.00725	0.01541	0.01269	0.01995	0.01088	0.01269	0.00907	0.00453	0.00453	0.00091	0.00453	0.00363	0.00363	0.82229
95	0.00875	0.00653	0.00971	0.00971	0.01076	0.00758	0.00749	0.01085	0.00980	0.01412	0.01651	0.02469	0.01558	0.07538	0.73153	0.00968	0.01598	0.00665	0.00330	0.00540
96	0.01515	0.01454	0.02485	0.03757	0.74669	0.01454	0.01879	0.01879	0.01394	0.02000	0.01151	0.01515	0.00970	0.00545	0.00606	0.00182	0.00727	0.00545	0.00303	0.00970
97	0.01156	0.01088	0.01836	0.77016	0.04216	0.01360	0.01700	0.01564	0.01224	0.01564	0.01088	0.01632	0.00816	0.00612	0.00612	0.00204	0.00816	0.00544	0.00272	0.00680
98	0.02558	0.01262	0.01550	0.01186	0.01667	0.01221	0.00979	0.25520	0.02100	0.49382	0.02061	0.01855	0.01340	0.00739	0.00609	0.00184	0.00568	0.00586	0.00696	0.03937
99	0.01801	0.01122	0.01314	0.01121	0.01472	0.01154	0.00880	0.12037	0.25216	0.22655	0.05592	0.14672	0.02142	0.00976	0.00641	0.00199	0.00489	0.00826	0.00639	0.05052
100	0.00998	0.00777	0.00927	0.00872	0.01066	0.00781	0.00667	0.01585	0.17202	0.02372	0.49119	0.04304	0.11763	0.01208	0.00706	0.00201	0.00344	0.03805	0.00648	0.00655
101	0.01585	0.01301	0.01386	0.01238	0.01590	0.01491	0.00965	0.03239	0.69897	0.06263	0.02488	0.02274	0.01851	0.00827	0.00622	0.00207	0.00486	0.00688	0.00630	0.00973
102	0.01263	0.09647	0.69142	0.01685	0.02557	0.01507	0.02158	0.01930	0.01288	0.01896	0.01077	0.01266	0.00776	0.00577	0.00565	0.00188	0.00883	0.00442	0.00259	0.00894
103	0.02725	0.01076	0.01442	0.01105	0.01580	0.00951	0.00913	0.06538	0.01809	0.71457	0.02367	0.02052	0.01491	0.00756	0.00615	0.00189	0.00529	0.00612	0.00750	0.01042
104	0.01339	0.01339	0.01875	0.01607	0.01607	0.01875	0.01339	0.01473	0.00937	0.01473	0.00804	0.01339	0.00804	0.01071	0.02009	0.00268	0.77367	0.00536	0.00268	0.00670
105	0.01503	0.01442	0.02462	0.06270	0.72253	0.01451	0.01872	0.01868	0.01388	0.01985	0.01149	0.01519	0.00964	0.00548	0.00606	0.00183	0.00730	0.00545	0.00302	0.00960
106	0.01445	0.01651	0.03612	0.02580	0.03199	0.01548	0.72446	0.01961	0.01445	0.01961	0.01238	0.01651	0.00929	0.00516	0.00722	0.00206	0.01032	0.00722	0.00310	0.00826
107	0.01156	0.01088	0.01836	0.77016	0.04216	0.01360	0.01700	0.01564	0.01224	0.01564	0.01088	0.01632	0.00816	0.00612	0.00612	0.00204	0.00816	0.00544	0.00272	0.00680
108	0.00786	0.00569	0.00752	0.00884	0.00950	0.00535	0.00634	0.00927	0.01230	0.01617	0.03556	0.60341	0.09069	0.01851	0.00788	0.00251	0.00388	0.13792	0.00567	0.00510
109	0.02586	0.01098	0.01431	0.01119	0.01578	0.01009	0.00917	0.05499	0.10312	0.63947	0.02390	0.02085	0.01540	0.00765	0.00616	0.00191	0.00522	0.00622	0.00736	0.01033
110	0.00746	0.00533	0.00710	0.00852	0.00888	0.00497	0.00568	0.00852	0.01172	0.01563	0.03374	0.78088	0.04049	0.01918	0.00781	0.00249	0.00355	0.01740	0.00568	0.00497
111	0.00724	0.00617	0.00623	0.00628	0.00829	0.00516	0.00469	0.00878	0.01388	0.01650	0.06104	0.08367	0.72007	0.01563	0.00725	0.00208	0.00312	0.01307	0.00568	0.00516
112	0.01170	0.01103	0.01862	0.74095	0.07025	0.01364	0.01707	0.01577	0.01231	0.01581	0.01091	0.01627	0.00822	0.00609	0.00612	0.00203	0.00812	0.00544	0.00273	0.00692
113	0.01488	0.01427	0.02436	0.09220	0.69415	0.01447	0.01865	0.01855	0.01381	0.01967	0.01147	0.01524	0.00958	0.00550	0.00606	0.00183	0.00734	0.00545	0.00301	0.00948
114	0.02016	0.01304	0.01472	0.01228	0.01636	0.01406	0.00982	0.15081	0.40588	0.23837	0.02294	0.02086	0.01624	0.00793	0.00619	0.00198	0.00527	0.00646	0.00660	0.01002
115	0.00818	0.00634	0.00728	0.00777	0.00913	0.00579	0.00553	0.04597	0.01361	0.01723	0.04548	0.41596	0.35577	0.01691	0.00746	0.00226	0.00351	0.01476	0.00571	0.00534
116	0.01515	0.01454	0.02485	0.03757	0.74669	0.01454	0.01879	0.01879	0.01394	0.02000	0.01151	0.01515	0.00970	0.00545	0.00606	0.00182	0.00727	0.00545	0.00303	0.00970
117	0.01515	0.01454	0.02485	0.03757	0.74669	0.01454	0.01879	0.01879	0.01394	0.02000	0.01151	0.01515	0.00970	0.00545	0.00606	0.00182	0.00727	0.00545	0.00303	0.00970
118	0.00875	0.00653	0.00971	0.00971	0.01076	0.00758	0.00749	0.01085	0.00980	0.01412	0.01651	0.02469	0.01558	0.07546	0.73144	0.00968	0.01598	0.00665	0.00330	0.00540

[dist]
# distance from previous block
# <min> <max>
0	0

# created by:
# /home/cegg/simao/soft/augustus-3.2.1/scripts/msa2prfl.pl ./align_prep/EOG090W0HWB.fa
