[name]
unknown

[dist]
# distance from previous block
# <min> <max>
0	53

[block]
# block no. 0 follows, 30 sequences, length 31
# corresponding to MSA columns:
# 74-104
name=unknown_A
#
# <colnr> <probs for GDERKNQSTAVLIFYWHMCP>
#	G	D	E	R	K	N	Q	S	T	A	V	L	I	F	Y	W	H	M	C	P
0	0.07865	0.07873	0.15216	0.03819	0.06824	0.01490	0.06414	0.04817	0.07490	0.02325	0.05090	0.02140	0.01552	0.01462	0.12073	0.00349	0.00940	0.02343	0.00426	0.09493
1	0.06513	0.05332	0.15341	0.01660	0.08104	0.03288	0.03004	0.09457	0.06801	0.04415	0.04044	0.10853	0.03687	0.00955	0.00678	0.00210	0.00705	0.02794	0.00495	0.11663
2	0.03938	0.01694	0.04914	0.09356	0.12996	0.09438	0.11341	0.06295	0.06209	0.05641	0.10736	0.04427	0.04174	0.00884	0.00768	0.00219	0.02964	0.00780	0.00489	0.02737
3	0.01236	0.00982	0.01065	0.02639	0.01316	0.03657	0.00758	0.06227	0.03781	0.05072	0.11463	0.17530	0.30269	0.01610	0.02769	0.00252	0.00510	0.01267	0.00630	0.06968
4	0.01779	0.13212	0.05590	0.01570	0.02044	0.08346	0.11752	0.11493	0.09279	0.02558	0.10691	0.02202	0.01929	0.00825	0.00712	0.00200	0.03049	0.00689	0.07099	0.04982
5	0.01972	0.16754	0.13384	0.01650	0.05376	0.06379	0.01459	0.20244	0.16094	0.02790	0.01702	0.03760	0.01346	0.00795	0.00640	0.00202	0.00776	0.00613	0.00509	0.03556
6	0.01013	0.00685	0.00804	0.00804	0.00819	0.00700	0.00477	0.01043	0.01028	0.01385	0.02159	0.04348	0.02442	0.67060	0.11837	0.00730	0.00819	0.00983	0.00417	0.00447
7	0.01306	0.01213	0.02033	0.69293	0.04597	0.01504	0.01887	0.01762	0.01408	0.01802	0.01393	0.02234	0.01122	0.00774	0.00714	0.00238	0.00912	0.04708	0.00331	0.00767
8	0.01668	0.01418	0.01489	0.01347	0.01723	0.01626	0.01046	0.03470	0.63123	0.02851	0.03032	0.02816	0.05664	0.00983	0.00706	0.00233	0.00531	0.00818	0.04399	0.01057
9	0.13011	0.03728	0.01501	0.01290	0.03538	0.05920	0.00985	0.12743	0.13340	0.08480	0.11038	0.09233	0.06259	0.01045	0.00682	0.00216	0.00592	0.00848	0.00619	0.04932
10	0.01340	0.03246	0.62953	0.01842	0.02767	0.01497	0.02331	0.02083	0.01518	0.02241	0.06980	0.02013	0.04616	0.00775	0.00683	0.00222	0.00944	0.00619	0.00348	0.00981
11	0.02275	0.02042	0.01942	0.01754	0.06310	0.22085	0.04681	0.15314	0.17170	0.10855	0.01943	0.04121	0.01493	0.00845	0.00685	0.00209	0.00837	0.00673	0.03766	0.01002
12	0.02448	0.14722	0.02239	0.01660	0.02082	0.49996	0.01309	0.10059	0.05501	0.02058	0.01218	0.01351	0.00993	0.00724	0.00612	0.00181	0.01086	0.00474	0.00405	0.00880
13	0.01414	0.01184	0.01363	0.01025	0.01567	0.00953	0.00812	0.01853	0.06907	0.02352	0.05204	0.01999	0.04266	0.00662	0.00559	0.00128	0.00494	0.00541	0.04208	0.62508
14	0.08116	0.04075	0.01605	0.01359	0.04517	0.03396	0.03148	0.14058	0.04090	0.17850	0.14033	0.12547	0.06005	0.01129	0.00724	0.00223	0.00592	0.00952	0.00665	0.00915
15	0.01975	0.02425	0.14738	0.04171	0.17339	0.22937	0.11050	0.02385	0.01707	0.07750	0.01515	0.06052	0.01257	0.00770	0.00699	0.00211	0.01000	0.00668	0.00402	0.00946
16	0.01545	0.01581	0.02440	0.02001	0.02109	0.02081	0.11759	0.01764	0.01157	0.01764	0.00992	0.01581	0.00938	0.01125	0.02066	0.00295	0.63056	0.00643	0.00313	0.00790
17	0.02427	0.06049	0.02047	0.01600	0.02077	0.20650	0.01284	0.35748	0.15372	0.03270	0.01701	0.01712	0.01274	0.00815	0.00669	0.00204	0.00855	0.00598	0.00591	0.01057
18	0.01807	0.04919	0.17383	0.10193	0.14564	0.04909	0.07489	0.04032	0.06830	0.11546	0.01698	0.04172	0.01329	0.02950	0.00773	0.00229	0.00850	0.00670	0.00450	0.03207
19	0.05563	0.13796	0.11434	0.01618	0.06232	0.11500	0.02821	0.12673	0.01891	0.06012	0.09090	0.08764	0.02030	0.00949	0.00672	0.00209	0.00777	0.02558	0.00501	0.00908
20	0.01567	0.06161	0.02465	0.01900	0.02086	0.02015	0.12889	0.01901	0.04725	0.01883	0.01173	0.01673	0.01046	0.01039	0.01751	0.00273	0.49579	0.00643	0.04417	0.00814
21	0.01068	0.01045	0.09368	0.01026	0.01286	0.00743	0.00874	0.01335	0.01578	0.06077	0.17313	0.31685	0.20601	0.01677	0.00823	0.00248	0.00463	0.01468	0.00641	0.00682
22	0.42437	0.01522	0.01401	0.01176	0.01622	0.06835	0.00959	0.10653	0.01689	0.19011	0.01506	0.01557	0.01079	0.00878	0.02720	0.00242	0.02742	0.00507	0.00555	0.00910
23	0.01422	0.01374	0.02462	0.27095	0.24303	0.01452	0.13760	0.01834	0.01490	0.02017	0.01745	0.14501	0.01646	0.00913	0.00752	0.00234	0.00852	0.00894	0.00387	0.00870
24	0.01005	0.00724	0.00883	0.00872	0.00931	0.00756	0.00576	0.01094	0.01132	0.01522	0.04503	0.04328	0.10192	0.47171	0.18416	0.00700	0.03246	0.01002	0.00443	0.00503
25	0.00997	0.00748	0.01121	0.01121	0.01246	0.00872	0.00872	0.01246	0.01121	0.01620	0.01869	0.02741	0.01745	0.05234	0.72710	0.01121	0.01869	0.00748	0.00374	0.00623
26	0.01708	0.01622	0.05207	0.09356	0.05968	0.01726	0.05414	0.05981	0.48861	0.02752	0.02380	0.02343	0.01786	0.00864	0.00712	0.00233	0.00676	0.00745	0.00607	0.01060
27	0.00897	0.00703	0.00814	0.00817	0.01005	0.00620	0.00612	0.01127	0.01700	0.02202	0.28848	0.13175	0.38904	0.01697	0.00837	0.00238	0.00362	0.04139	0.00690	0.00613
28	0.01669	0.13095	0.04758	0.01145	0.01771	0.01331	0.00999	0.06274	0.01589	0.05599	0.01299	0.01456	0.01049	0.00573	0.00533	0.00128	0.00594	0.00439	0.00430	0.55270
29	0.05716	0.05844	0.16283	0.01721	0.06916	0.05861	0.06712	0.05558	0.03516	0.07514	0.05602	0.02359	0.05135	0.00963	0.02738	0.00232	0.02835	0.03397	0.00465	0.10634
30	0.01986	0.26583	0.22753	0.01689	0.04115	0.15567	0.03125	0.05418	0.03784	0.06990	0.01308	0.01441	0.01012	0.00680	0.00597	0.00189	0.00922	0.00493	0.00382	0.00965

[dist]
# distance from previous block
# <min> <max>
9	13

[block]
# block no. 1 follows, 30 sequences, length 79
# corresponding to MSA columns:
# 118-160,166-194,196-202
name=unknown_B
#
# <colnr> <probs for GDERKNQSTAVLIFYWHMCP>
#	G	D	E	R	K	N	Q	S	T	A	V	L	I	F	Y	W	H	M	C	P
0	0.04989	0.01561	0.02455	0.09823	0.50388	0.01615	0.01867	0.06138	0.05153	0.02408	0.01735	0.02053	0.05292	0.00728	0.00690	0.00213	0.00780	0.00671	0.00404	0.01035
1	0.01861	0.01968	0.12125	0.05240	0.12300	0.01754	0.15654	0.20251	0.10089	0.02865	0.01614	0.01838	0.01218	0.00861	0.02990	0.00244	0.00902	0.00664	0.00481	0.05081
2	0.00988	0.00703	0.00910	0.00919	0.00985	0.00746	0.00627	0.01107	0.01107	0.01516	0.02411	0.08128	0.05833	0.38419	0.31719	0.00814	0.01135	0.00986	0.00428	0.00522
3	0.01452	0.07189	0.25215	0.11356	0.10409	0.03779	0.10425	0.01980	0.01552	0.02108	0.04673	0.02723	0.04485	0.00882	0.00725	0.00229	0.00898	0.08633	0.00389	0.00898
4	0.01659	0.06335	0.08123	0.08167	0.33272	0.08648	0.08361	0.02109	0.03612	0.02110	0.01864	0.04161	0.06962	0.00785	0.00699	0.00212	0.00865	0.00715	0.00383	0.00959
5	0.01581	0.02013	0.11513	0.02740	0.03450	0.01691	0.57940	0.02171	0.01613	0.02211	0.01512	0.05374	0.01211	0.00674	0.00809	0.00236	0.01123	0.00845	0.00361	0.00933
6	0.01442	0.01071	0.01120	0.01021	0.01316	0.03966	0.00785	0.04038	0.16730	0.09427	0.14590	0.06529	0.27838	0.01327	0.00756	0.00225	0.00468	0.01110	0.05438	0.00804
7	0.04274	0.01728	0.06855	0.03589	0.51900	0.01644	0.05956	0.02149	0.04044	0.02317	0.04218	0.01868	0.01333	0.00697	0.00772	0.00216	0.04370	0.00651	0.00375	0.01044
8	0.01720	0.01419	0.01513	0.01352	0.01736	0.01607	0.01054	0.05582	0.58148	0.05075	0.06336	0.02937	0.06400	0.01013	0.00722	0.00234	0.00538	0.00845	0.00714	0.01058
9	0.01015	0.00677	0.00761	0.00761	0.00761	0.00677	0.00423	0.01015	0.01015	0.01353	0.02199	0.04567	0.02537	0.75476	0.03552	0.00677	0.00677	0.01015	0.00423	0.00423
10	0.01965	0.01984	0.02065	0.06047	0.02310	0.22785	0.11235	0.02753	0.21097	0.06655	0.04269	0.02527	0.01774	0.00911	0.00773	0.00226	0.03060	0.06127	0.00523	0.00914
11	0.01412	0.03521	0.68391	0.02038	0.03052	0.01628	0.05959	0.02211	0.01482	0.02211	0.01260	0.01494	0.00893	0.00659	0.00671	0.00222	0.01039	0.00531	0.00298	0.01027
12	0.01765	0.01231	0.01399	0.01266	0.01595	0.01344	0.00984	0.06579	0.36582	0.11507	0.02738	0.10016	0.02268	0.01340	0.03809	0.04341	0.00600	0.03618	0.06062	0.00954
13	0.06463	0.01155	0.01137	0.00983	0.01302	0.04735	0.00773	0.12559	0.05541	0.07813	0.02045	0.02213	0.01555	0.00795	0.00554	0.00178	0.00499	0.00617	0.43498	0.05583
14	0.00850	0.00654	0.00779	0.00862	0.00987	0.00582	0.00603	0.01008	0.01481	0.01896	0.09986	0.43454	0.30417	0.01968	0.00860	0.00260	0.00379	0.01733	0.00657	0.00582
15	0.01037	0.00741	0.01024	0.01185	0.01307	0.00728	0.00972	0.01295	0.01520	0.01990	0.03743	0.29297	0.04207	0.02010	0.00941	0.00309	0.00567	0.45864	0.00644	0.00618
16	0.00938	0.00711	0.00864	0.00826	0.01012	0.00637	0.00619	0.01221	0.01858	0.02520	0.51365	0.05670	0.26148	0.01530	0.00824	0.00224	0.00337	0.01326	0.00732	0.00637
17	0.01318	0.01240	0.02093	0.73798	0.04806	0.01550	0.01938	0.01783	0.01395	0.01783	0.01240	0.01860	0.00930	0.00698	0.00698	0.00233	0.00930	0.00620	0.00310	0.00775
18	0.01702	0.04362	0.11777	0.04969	0.20276	0.06216	0.21826	0.05456	0.01667	0.02277	0.01377	0.03433	0.01118	0.00661	0.00701	0.00205	0.00939	0.00659	0.00372	0.10006
19	0.01602	0.01305	0.01641	0.01181	0.01799	0.01035	0.04857	0.04629	0.01565	0.06206	0.01352	0.01534	0.01080	0.00553	0.00553	0.00122	0.00570	0.00462	0.00447	0.67507
20	0.04892	0.01246	0.01589	0.01252	0.01742	0.01170	0.01018	0.09356	0.06278	0.53646	0.02556	0.02408	0.01716	0.04601	0.02999	0.00266	0.00649	0.00708	0.00791	0.01117
21	0.00883	0.00659	0.00821	0.00887	0.01005	0.00597	0.00625	0.01074	0.01570	0.02087	0.23155	0.40436	0.19887	0.01882	0.00857	0.00255	0.00372	0.01670	0.00681	0.00597
22	0.01512	0.19889	0.54456	0.01837	0.02761	0.01883	0.04211	0.02183	0.01466	0.02082	0.01193	0.01405	0.00892	0.00646	0.00619	0.00205	0.00971	0.00493	0.00297	0.00998
23	0.00850	0.00682	0.00759	0.00793	0.00972	0.00591	0.00574	0.01030	0.01570	0.01962	0.13476	0.23834	0.46790	0.01835	0.00841	0.00246	0.00364	0.01578	0.00662	0.00591
24	0.00900	0.00742	0.00866	0.00976	0.04390	0.00655	0.00677	0.01093	0.01557	0.01928	0.07871	0.18981	0.48537	0.01790	0.00840	0.00249	0.00406	0.06291	0.00637	0.00616
25	0.04518	0.14144	0.07479	0.01705	0.02194	0.26701	0.04966	0.19545	0.02075	0.02496	0.01230	0.01411	0.00977	0.00758	0.00761	0.00200	0.06953	0.00519	0.00430	0.00938
26	0.01117	0.00735	0.00978	0.00969	0.01099	0.00826	0.00745	0.01381	0.01233	0.01949	0.01992	0.02718	0.01762	0.05909	0.43708	0.00755	0.03387	0.00719	0.27388	0.00630
27	0.00854	0.00655	0.00784	0.00874	0.00997	0.00585	0.00615	0.01011	0.01470	0.01877	0.08299	0.44201	0.29768	0.01985	0.00864	0.00263	0.00387	0.03275	0.00654	0.00581
28	0.01886	0.02049	0.06777	0.10944	0.36060	0.13303	0.07934	0.08426	0.01787	0.02321	0.01306	0.01659	0.01043	0.00665	0.00693	0.00209	0.00948	0.00606	0.00374	0.01009
29	0.04134	0.03783	0.02566	0.06338	0.08189	0.18540	0.19314	0.11131	0.06119	0.08169	0.03828	0.01852	0.01326	0.00735	0.00707	0.00212	0.00959	0.00661	0.00475	0.00961
30	0.03745	0.01267	0.01425	0.01255	0.01637	0.01342	0.00988	0.06943	0.33569	0.17811	0.03315	0.09089	0.10328	0.01144	0.00737	0.00236	0.00541	0.02905	0.00722	0.01000
31	0.01910	0.71518	0.03555	0.01230	0.01813	0.06978	0.01203	0.02132	0.01452	0.01646	0.00977	0.01128	0.00896	0.00604	0.00459	0.00151	0.00777	0.00378	0.00302	0.00890
32	0.00993	0.00705	0.00940	0.00962	0.01027	0.00757	0.00670	0.01128	0.01114	0.01540	0.02266	0.11159	0.02439	0.33901	0.34447	0.00826	0.01186	0.02971	0.00431	0.00535
33	0.02331	0.03799	0.01978	0.03719	0.03962	0.13944	0.01297	0.32667	0.20804	0.05498	0.01883	0.01870	0.01393	0.00832	0.00683	0.00211	0.00793	0.00637	0.00619	0.01080
34	0.01676	0.01585	0.02681	0.21423	0.46280	0.01668	0.06079	0.06078	0.01646	0.02281	0.01322	0.01767	0.01064	0.00652	0.00701	0.00215	0.00872	0.00634	0.00358	0.01018
35	0.01491	0.01266	0.01471	0.01054	0.01672	0.00975	0.00845	0.04203	0.01514	0.02351	0.01256	0.01455	0.01039	0.00529	0.00523	0.00107	0.00526	0.00421	0.00424	0.76876
36	0.01956	0.00971	0.01242	0.01046	0.01402	0.00877	0.00829	0.02338	0.06153	0.33050	0.26744	0.04027	0.14004	0.01200	0.00763	0.00221	0.00464	0.01017	0.00788	0.00909
37	0.01805	0.01969	0.01432	0.01311	0.01595	0.34599	0.00985	0.02040	0.01904	0.04173	0.25459	0.05418	0.10166	0.01110	0.00722	0.00201	0.00785	0.00883	0.00553	0.02889
38	0.01437	0.01362	0.02308	0.53581	0.24094	0.01582	0.01997	0.01887	0.01452	0.01927	0.01261	0.01822	0.00981	0.00676	0.00696	0.00225	0.00901	0.00621	0.00320	0.00871
39	0.01002	0.00726	0.01013	0.01013	0.01101	0.00814	0.00737	0.01177	0.01089	0.01540	0.01968	0.03289	0.01982	0.26306	0.51963	0.00988	0.01511	0.00828	0.00389	0.00563
40	0.00971	0.00713	0.00909	0.00860	0.01032	0.00651	0.00645	0.01284	0.01935	0.02702	0.64055	0.05371	0.13344	0.01462	0.00823	0.00221	0.00332	0.01284	0.00756	0.00651
41	0.00852	0.00621	0.00803	0.00942	0.01006	0.00572	0.00636	0.00985	0.01380	0.01821	0.06097	0.66036	0.11439	0.02122	0.00882	0.00277	0.00397	0.01911	0.00651	0.00572
42	0.01015	0.00767	0.01126	0.01117	0.01228	0.00898	0.00859	0.01242	0.01112	0.01601	0.01864	0.02843	0.01779	0.10513	0.65130	0.01061	0.04094	0.00764	0.00375	0.00612
43	0.80405	0.01350	0.01026	0.00918	0.01350	0.01565	0.00756	0.02051	0.01188	0.03131	0.00972	0.01134	0.00756	0.00648	0.00432	0.00216	0.00540	0.00378	0.00432	0.00756
44	0.01591	0.06277	0.41045	0.02743	0.26319	0.01675	0.04116	0.02216	0.01530	0.04200	0.01307	0.01581	0.00989	0.00649	0.00668	0.00213	0.00940	0.00559	0.00330	0.01052
45	0.01883	0.15085	0.04434	0.04512	0.19559	0.14713	0.01462	0.08344	0.07854	0.02239	0.01710	0.02078	0.04139	0.03488	0.00749	0.00214	0.00830	0.02461	0.00428	0.03818
46	0.80405	0.01350	0.01026	0.00918	0.01350	0.01565	0.00756	0.02051	0.01188	0.03131	0.00972	0.01134	0.00756	0.00648	0.00432	0.00216	0.00540	0.00378	0.00432	0.00756
47	0.06555	0.01170	0.01424	0.01194	0.01554	0.01202	0.04148	0.10163	0.14420	0.14784	0.21108	0.03049	0.02992	0.00997	0.00695	0.00213	0.00520	0.00842	0.12057	0.00911
48	0.80405	0.01350	0.01026	0.00918	0.01350	0.01565	0.00756	0.02051	0.01188	0.03131	0.00972	0.01134	0.00756	0.00648	0.00432	0.00216	0.00540	0.00378	0.00432	0.00756
49	0.01727	0.01658	0.02832	0.04283	0.71123	0.01658	0.02142	0.02142	0.01589	0.02280	0.01313	0.01727	0.01105	0.00622	0.00691	0.00207	0.00829	0.00622	0.00345	0.01105
50	0.02357	0.01747	0.01883	0.01518	0.02017	0.01944	0.01230	0.41783	0.26801	0.07928	0.02153	0.02047	0.01554	0.00878	0.00703	0.00219	0.00681	0.00690	0.00712	0.01158
51	0.01022	0.00761	0.00936	0.01020	0.01143	0.00745	0.00739	0.04047	0.05556	0.01989	0.04004	0.45147	0.12925	0.06386	0.01034	0.00300	0.00471	0.10507	0.00639	0.00629
52	0.01763	0.01392	0.01503	0.01311	0.01696	0.01540	0.01030	0.13310	0.42400	0.05857	0.10797	0.03142	0.09079	0.01060	0.00732	0.00230	0.00543	0.00880	0.00715	0.01020
53	0.00910	0.00654	0.00876	0.01033	0.01106	0.00620	0.00750	0.01077	0.01404	0.01852	0.03910	0.58112	0.06484	0.02116	0.00905	0.00290	0.00456	0.16215	0.00647	0.00584
54	0.02561	0.01078	0.01443	0.01182	0.01605	0.00972	0.00947	0.05203	0.01868	0.51417	0.02808	0.13477	0.02152	0.01326	0.05065	0.00278	0.00637	0.00896	0.04048	0.01036
55	0.01527	0.01527	0.02137	0.01832	0.01832	0.02137	0.01527	0.01679	0.01069	0.01679	0.00916	0.01527	0.00916	0.01221	0.02290	0.00305	0.74198	0.00611	0.00305	0.00763
56	0.01039	0.00706	0.00873	0.00889	0.01054	0.00631	0.00644	0.01247	0.01641	0.06842	0.24585	0.30564	0.23179	0.01755	0.00840	0.00247	0.00381	0.01542	0.00698	0.00642
57	0.00943	0.00673	0.00830	0.00890	0.01024	0.00605	0.00629	0.01122	0.01544	0.04284	0.16822	0.40996	0.23300	0.01889	0.00854	0.00256	0.00383	0.01669	0.00677	0.00610
58	0.01527	0.01527	0.02137	0.01832	0.01832	0.02137	0.01527	0.01679	0.01069	0.01679	0.00916	0.01527	0.00916	0.01221	0.02290	0.00305	0.74198	0.00611	0.00305	0.00763
59	0.00998	0.00743	0.01096	0.01096	0.01212	0.00858	0.00841	0.01230	0.01114	0.01601	0.01892	0.02870	0.01801	0.10196	0.67824	0.01090	0.01785	0.00767	0.00377	0.00609
60	0.54330	0.01280	0.01198	0.01010	0.01468	0.01373	0.00831	0.02456	0.01445	0.24240	0.01558	0.01558	0.01085	0.00719	0.00517	0.00214	0.00550	0.00485	0.02796	0.00886
61	0.01356	0.01005	0.01344	0.01224	0.01378	0.01132	0.02634	0.09346	0.01433	0.05061	0.02119	0.13737	0.02156	0.18534	0.24151	0.00621	0.10643	0.00960	0.00477	0.00690
62	0.01440	0.01583	0.09639	0.03730	0.05838	0.06364	0.10251	0.04224	0.10746	0.02366	0.13725	0.14858	0.02914	0.01172	0.00773	0.00237	0.00712	0.05769	0.02820	0.00837
63	0.02310	0.04585	0.04474	0.02017	0.06481	0.27489	0.13892	0.09662	0.08319	0.11547	0.01606	0.01722	0.01195	0.00736	0.00689	0.00205	0.00990	0.00613	0.00489	0.00978
64	0.17034	0.24089	0.10679	0.01945	0.16035	0.08608	0.03597	0.02150	0.01478	0.02210	0.01176	0.01414	0.00969	0.00644	0.00551	0.00189	0.00794	0.00480	0.05056	0.00906
65	0.01165	0.00915	0.01194	0.01280	0.07575	0.03241	0.03205	0.01301	0.01166	0.01595	0.01979	0.03600	0.02085	0.44313	0.18632	0.00680	0.00984	0.00877	0.03641	0.00573
66	0.00906	0.00646	0.00805	0.00900	0.00991	0.00599	0.00623	0.01070	0.01442	0.01944	0.11744	0.46660	0.14232	0.06321	0.01010	0.00287	0.00407	0.03541	0.05292	0.00579
67	0.00886	0.00687	0.00812	0.00889	0.01022	0.00629	0.00625	0.01116	0.04306	0.01927	0.08964	0.43076	0.28655	0.01938	0.00855	0.00260	0.00388	0.01706	0.00658	0.00603
68	0.00949	0.00706	0.00884	0.00852	0.01022	0.00640	0.00634	0.01238	0.01866	0.02570	0.55034	0.09653	0.18301	0.01535	0.00827	0.00226	0.00338	0.01344	0.00739	0.00640
69	0.01545	0.01562	0.02079	0.01794	0.01816	0.05027	0.01486	0.01704	0.01109	0.01678	0.00972	0.01578	0.00958	0.01406	0.05827	0.00342	0.67439	0.00611	0.00311	0.00758
70	0.00945	0.00706	0.00878	0.00848	0.01020	0.00638	0.00631	0.01230	0.01857	0.02547	0.53443	0.09691	0.19907	0.01543	0.00827	0.00227	0.00339	0.01349	0.00736	0.00638
71	0.01439	0.01249	0.01547	0.01117	0.01722	0.00963	0.03667	0.01759	0.01444	0.02249	0.01270	0.01512	0.01060	0.00691	0.03153	0.00146	0.00594	0.00443	0.00409	0.73566
72	0.01213	0.00776	0.03906	0.05362	0.01251	0.00720	0.00783	0.01035	0.00974	0.01312	0.01254	0.02115	0.01213	0.02414	0.06650	0.67004	0.00718	0.00612	0.00307	0.00380
73	0.01349	0.00785	0.01028	0.00946	0.01167	0.00709	0.00716	0.01631	0.01871	0.15120	0.45682	0.14037	0.09316	0.01445	0.00810	0.00228	0.00389	0.01268	0.00762	0.00738
74	0.10648	0.01540	0.01904	0.05748	0.02150	0.04846	0.08590	0.12161	0.01773	0.08784	0.01409	0.01597	0.01073	0.00668	0.00674	0.00176	0.03724	0.00536	0.00479	0.31521
75	0.02012	0.09519	0.15612	0.01740	0.02218	0.32859	0.03603	0.05533	0.01749	0.01971	0.01374	0.01950	0.01205	0.01003	0.03415	0.00244	0.06786	0.05971	0.00377	0.00858
76	0.01203	0.00609	0.00902	0.00902	0.00902	0.00609	0.00597	0.00914	0.00914	0.01219	0.01260	0.02239	0.01276	0.05958	0.02767	0.75875	0.00609	0.00626	0.00309	0.00309
77	0.01052	0.00747	0.01012	0.01106	0.01212	0.00766	0.00873	0.01268	0.01355	0.01803	0.03019	0.11849	0.03299	0.19726	0.14921	0.00550	0.00859	0.33460	0.00542	0.00581
78	0.01419	0.01395	0.04728	0.44224	0.23775	0.01503	0.01889	0.01830	0.01417	0.01900	0.01319	0.01979	0.01085	0.05237	0.00929	0.02679	0.00879	0.00640	0.00326	0.00845

[dist]
# distance from previous block
# <min> <max>
6	10

[block]
# block no. 2 follows, 30 sequences, length 27
# corresponding to MSA columns:
# 239-265
name=unknown_C
#
# <colnr> <probs for GDERKNQSTAVLIFYWHMCP>
#	G	D	E	R	K	N	Q	S	T	A	V	L	I	F	Y	W	H	M	C	P
0	0.02590	0.01954	0.02106	0.01618	0.02173	0.05623	0.03541	0.57220	0.03021	0.07387	0.01671	0.01686	0.01188	0.00811	0.00691	0.00205	0.00787	0.00620	0.00666	0.04442
1	0.03565	0.01863	0.18705	0.01443	0.02055	0.01349	0.03713	0.06663	0.14541	0.16688	0.02557	0.02495	0.09454	0.00875	0.00682	0.00209	0.00685	0.00718	0.00576	0.11164
2	0.03791	0.01444	0.01545	0.01417	0.03285	0.06429	0.02620	0.09877	0.30288	0.08475	0.02868	0.17019	0.05570	0.01176	0.00739	0.00236	0.00611	0.00999	0.00658	0.00955
3	0.01668	0.01819	0.10295	0.14670	0.20555	0.01720	0.13336	0.10157	0.04554	0.02390	0.01481	0.04612	0.01215	0.00788	0.00867	0.00231	0.07562	0.00704	0.00401	0.00971
4	0.01630	0.03080	0.49504	0.01801	0.02676	0.06595	0.02112	0.09567	0.01706	0.02426	0.01285	0.01477	0.00939	0.00666	0.00644	0.00201	0.00947	0.00509	0.00360	0.11875
5	0.66126	0.09561	0.01291	0.00929	0.01361	0.01633	0.00785	0.02026	0.01233	0.02929	0.01063	0.01236	0.00844	0.00654	0.00438	0.00205	0.00548	0.00397	0.05980	0.00764
6	0.01161	0.00861	0.01165	0.01331	0.08834	0.00888	0.00867	0.02916	0.01406	0.01981	0.09620	0.08433	0.05689	0.21355	0.13093	0.00496	0.02564	0.08885	0.07811	0.00644
7	0.00983	0.00745	0.00902	0.00930	0.01072	0.00722	0.00672	0.01306	0.06671	0.02074	0.19029	0.24338	0.18304	0.10223	0.05197	0.00349	0.00513	0.04711	0.00638	0.00623
8	0.01903	0.72257	0.03573	0.01224	0.01809	0.06266	0.01202	0.02124	0.01446	0.01645	0.00976	0.01126	0.00896	0.00603	0.00457	0.00151	0.00772	0.00377	0.00302	0.00891
9	0.00853	0.00628	0.00800	0.00926	0.01003	0.00575	0.00630	0.00993	0.01407	0.01847	0.07574	0.60987	0.15055	0.02084	0.00877	0.00273	0.00393	0.01869	0.00654	0.00575
10	0.01661	0.01626	0.01545	0.01175	0.01747	0.14188	0.00923	0.01947	0.01545	0.02169	0.01210	0.01412	0.01009	0.00554	0.00538	0.00117	0.00654	0.00420	0.00403	0.65155
11	0.00931	0.00984	0.08649	0.00970	0.01180	0.00709	0.00795	0.01136	0.01408	0.01838	0.06733	0.33591	0.24338	0.12025	0.01212	0.00314	0.00493	0.01504	0.00582	0.00608
12	0.01914	0.52418	0.06453	0.06451	0.02122	0.05899	0.01348	0.09482	0.01638	0.01989	0.01084	0.01274	0.00931	0.00666	0.00589	0.00173	0.03869	0.00439	0.00347	0.00916
13	0.15197	0.01164	0.01434	0.01135	0.01625	0.01072	0.00933	0.02982	0.01823	0.53978	0.02664	0.02406	0.05041	0.00872	0.00655	0.00214	0.00560	0.00687	0.04494	0.01064
14	0.09863	0.01291	0.01595	0.01258	0.01773	0.01233	0.01031	0.07924	0.09535	0.53124	0.02527	0.02240	0.01647	0.00852	0.00678	0.00218	0.00597	0.00677	0.00796	0.01140
15	0.02473	0.01396	0.03488	0.01828	0.13647	0.01326	0.01285	0.10849	0.01961	0.38698	0.02471	0.05144	0.05090	0.00937	0.00824	0.00224	0.05835	0.00757	0.00683	0.01085
16	0.01190	0.00606	0.00903	0.00913	0.00915	0.00604	0.00609	0.00913	0.00935	0.01246	0.01371	0.06510	0.01417	0.02410	0.02617	0.74916	0.00594	0.00689	0.00324	0.00319
17	0.00850	0.00607	0.00810	0.00972	0.01012	0.00567	0.00648	0.00972	0.01336	0.01781	0.03846	0.75020	0.04615	0.02186	0.00891	0.00283	0.00405	0.01984	0.00648	0.00567
18	0.01127	0.00939	0.01382	0.01801	0.20002	0.00894	0.01039	0.01401	0.01642	0.02251	0.24650	0.23452	0.13761	0.01464	0.00806	0.00236	0.00489	0.01315	0.00604	0.00745
19	0.01554	0.01593	0.02111	0.04401	0.01992	0.07637	0.04851	0.01752	0.01189	0.01707	0.01072	0.01670	0.01014	0.01575	0.09828	0.00379	0.53971	0.00624	0.00320	0.00761
20	0.00994	0.00680	0.00755	0.00755	0.00781	0.00667	0.00435	0.01013	0.01079	0.01412	0.02738	0.04805	0.10106	0.67308	0.03250	0.00628	0.00641	0.01066	0.00448	0.00441
21	0.01683	0.01613	0.02752	0.11818	0.63934	0.01646	0.02120	0.02103	0.01568	0.02226	0.01305	0.01742	0.01086	0.00630	0.00692	0.00210	0.00840	0.00622	0.00342	0.01070
22	0.02071	0.02091	0.02032	0.01700	0.02088	0.26774	0.10868	0.08508	0.11864	0.06915	0.04588	0.05607	0.03357	0.04680	0.00913	0.00239	0.03556	0.00749	0.00512	0.00887
23	0.01506	0.01660	0.03488	0.02556	0.03140	0.01572	0.55016	0.02005	0.01592	0.02148	0.02008	0.10268	0.05650	0.00855	0.00874	0.00243	0.03161	0.00985	0.00402	0.00873
24	0.02607	0.03326	0.01978	0.01798	0.02157	0.72674	0.01348	0.02787	0.01978	0.01708	0.01079	0.01258	0.00899	0.00719	0.00629	0.00180	0.01258	0.00449	0.00360	0.00809
25	0.05913	0.04938	0.08335	0.05623	0.02233	0.09408	0.08077	0.15104	0.04734	0.14939	0.02384	0.03841	0.09602	0.00904	0.00697	0.00216	0.00788	0.00743	0.00560	0.00962
26	0.01637	0.05032	0.04074	0.01673	0.09391	0.10660	0.01218	0.01975	0.04546	0.07460	0.11247	0.13275	0.02525	0.01157	0.00963	0.00230	0.11824	0.04201	0.00515	0.06398

[dist]
# distance from previous block
# <min> <max>
0	10

[block]
# block no. 3 follows, 30 sequences, length 8
# corresponding to MSA columns:
# 276-283
name=unknown_D
#
# <colnr> <probs for GDERKNQSTAVLIFYWHMCP>
#	G	D	E	R	K	N	Q	S	T	A	V	L	I	F	Y	W	H	M	C	P
0	0.01760	0.01952	0.06530	0.13840	0.37610	0.13226	0.05016	0.02233	0.04573	0.02118	0.01411	0.04018	0.01186	0.00713	0.00694	0.00212	0.00917	0.00647	0.00365	0.00979
1	0.01889	0.25513	0.24753	0.01670	0.05421	0.02010	0.01670	0.10282	0.10178	0.07974	0.01534	0.01610	0.01156	0.00712	0.00610	0.00198	0.00807	0.00538	0.00443	0.01032
2	0.01050	0.00826	0.01224	0.01193	0.01305	0.01000	0.00938	0.01290	0.01116	0.01626	0.01773	0.02619	0.01661	0.04830	0.65628	0.01039	0.09144	0.00734	0.00367	0.00637
3	0.01353	0.04873	0.09579	0.01686	0.08981	0.01212	0.09109	0.01919	0.08168	0.04168	0.31792	0.03698	0.05357	0.01094	0.00767	0.00224	0.00620	0.03967	0.00589	0.00843
4	0.01162	0.00632	0.00915	0.00915	0.00930	0.00646	0.00614	0.00962	0.00947	0.01278	0.01414	0.02503	0.01442	0.11991	0.11063	0.60464	0.00764	0.00674	0.00327	0.00356
5	0.21537	0.01963	0.01769	0.01448	0.01932	0.12176	0.01170	0.36920	0.08760	0.03562	0.01525	0.01569	0.01127	0.00784	0.00624	0.00209	0.00763	0.00556	0.00585	0.01019
6	0.01588	0.01454	0.02321	0.02799	0.35213	0.01405	0.08671	0.07275	0.01764	0.02476	0.10627	0.02583	0.07885	0.00825	0.00714	0.00202	0.00720	0.00775	0.00463	0.10242
7	0.01432	0.10768	0.02569	0.54863	0.04265	0.01733	0.11020	0.01884	0.01433	0.01827	0.01230	0.01770	0.00944	0.00670	0.00683	0.00222	0.00941	0.00617	0.00315	0.00813

[dist]
# distance from previous block
# <min> <max>
0	1

[block]
# block no. 4 follows, 30 sequences, length 64
# corresponding to MSA columns:
# 285-342,344-349
name=unknown_E
#
# <colnr> <probs for GDERKNQSTAVLIFYWHMCP>
#	G	D	E	R	K	N	Q	S	T	A	V	L	I	F	Y	W	H	M	C	P
0	0.01790	0.01548	0.05534	0.01550	0.03646	0.01559	0.04948	0.21002	0.17243	0.04986	0.09732	0.03249	0.07856	0.01093	0.00841	0.00236	0.04685	0.06903	0.00632	0.00967
1	0.01730	0.01548	0.01522	0.01380	0.01738	0.07354	0.01069	0.05989	0.51041	0.02707	0.02884	0.03031	0.05806	0.04828	0.00867	0.00257	0.00619	0.03970	0.00660	0.00999
2	0.01456	0.05413	0.07020	0.01316	0.04185	0.01203	0.01097	0.05395	0.01525	0.02253	0.03498	0.05087	0.01531	0.01137	0.06541	0.00239	0.04469	0.03751	0.00434	0.42450
3	0.02441	0.01545	0.05755	0.02270	0.20747	0.01354	0.07671	0.06417	0.01879	0.36813	0.02051	0.02038	0.01401	0.00749	0.00701	0.00211	0.00740	0.00668	0.00623	0.03926
4	0.66669	0.09849	0.03772	0.01010	0.01479	0.03729	0.00884	0.02082	0.01246	0.02892	0.00984	0.01147	0.00780	0.00645	0.00447	0.00208	0.00600	0.00384	0.00410	0.00782
5	0.02500	0.04355	0.07549	0.01445	0.02000	0.01646	0.01267	0.30229	0.08300	0.25664	0.06175	0.02156	0.01729	0.00868	0.00696	0.00213	0.00687	0.00685	0.00710	0.01126
6	0.01930	0.01578	0.01700	0.01303	0.01864	0.03507	0.01050	0.24864	0.11501	0.03069	0.01604	0.01679	0.01233	0.00691	0.00608	0.00160	0.00628	0.00539	0.00550	0.39942
7	0.00863	0.00645	0.00799	0.00915	0.01011	0.00589	0.00637	0.01006	0.01406	0.01812	0.04608	0.51984	0.21326	0.04199	0.00955	0.00285	0.00413	0.05333	0.00641	0.00572
8	0.01294	0.01028	0.04875	0.01109	0.01353	0.00903	0.00883	0.08491	0.05162	0.07320	0.03900	0.38281	0.15229	0.01713	0.00828	0.00259	0.00504	0.05477	0.00653	0.00739
9	0.01747	0.11807	0.47630	0.01891	0.05005	0.10004	0.02131	0.02357	0.01572	0.07713	0.01323	0.01488	0.00963	0.00677	0.00638	0.00207	0.00982	0.00510	0.00351	0.01005
10	0.00863	0.00621	0.00822	0.00979	0.01032	0.00580	0.00668	0.00997	0.01359	0.01801	0.03948	0.69261	0.06838	0.02159	0.00892	0.00284	0.00415	0.05263	0.00648	0.00571
11	0.00919	0.00704	0.00842	0.00822	0.01004	0.00627	0.00611	0.01179	0.01792	0.02397	0.43063	0.10412	0.29894	0.01602	0.00828	0.00230	0.00343	0.01387	0.00716	0.00627
12	0.01777	0.37810	0.30508	0.01588	0.02326	0.11360	0.01763	0.02228	0.01512	0.01876	0.01096	0.01278	0.00891	0.00639	0.00557	0.00182	0.00926	0.00440	0.00305	0.00938
13	0.01269	0.01119	0.01532	0.01362	0.01387	0.01409	0.02994	0.01370	0.01086	0.01572	0.01686	0.08718	0.01875	0.31283	0.02643	0.00451	0.36354	0.00891	0.00382	0.00615
14	0.80405	0.01350	0.01026	0.00918	0.01350	0.01565	0.00756	0.02051	0.01188	0.03131	0.00972	0.01134	0.00756	0.00648	0.00432	0.00216	0.00540	0.00378	0.00432	0.00756
15	0.00843	0.00704	0.00735	0.00735	0.00956	0.00596	0.00549	0.01035	0.01623	0.01980	0.13870	0.09130	0.61356	0.01746	0.00827	0.00236	0.00353	0.01469	0.00661	0.00596
16	0.06732	0.02458	0.02080	0.01791	0.03923	0.38173	0.07694	0.08468	0.05727	0.14030	0.01543	0.01622	0.01145	0.00747	0.00661	0.00200	0.01007	0.00562	0.00496	0.00939
17	0.01318	0.01240	0.02093	0.73798	0.04806	0.01550	0.01938	0.01783	0.01395	0.01783	0.01240	0.01860	0.00930	0.00698	0.00698	0.00233	0.00930	0.00620	0.00310	0.00775
18	0.01459	0.00900	0.01092	0.00997	0.01277	0.00845	0.00779	0.01921	0.09762	0.16033	0.26212	0.06814	0.22009	0.01404	0.00798	0.00234	0.00437	0.05498	0.00737	0.00793
19	0.01727	0.01658	0.02832	0.04283	0.71123	0.01658	0.02142	0.02142	0.01589	0.02280	0.01313	0.01727	0.01105	0.00622	0.00691	0.00207	0.00829	0.00622	0.00345	0.01105
20	0.01001	0.00732	0.01041	0.01041	0.01138	0.00829	0.00772	0.01194	0.01098	0.01560	0.01943	0.03149	0.01921	0.20909	0.57277	0.01022	0.01603	0.00807	0.00385	0.00578
21	0.03050	0.01317	0.01699	0.01303	0.01846	0.01218	0.01076	0.14423	0.02214	0.60278	0.02571	0.02257	0.01636	0.00859	0.00701	0.00215	0.00623	0.00689	0.00836	0.01187
22	0.01907	0.01203	0.01272	0.01060	0.01396	0.01285	0.00848	0.29408	0.02228	0.05166	0.02041	0.02213	0.01538	0.00825	0.00580	0.00183	0.00515	0.00643	0.44801	0.00886
23	0.11682	0.38297	0.23983	0.01493	0.02199	0.02179	0.04808	0.02185	0.03819	0.02077	0.01143	0.01318	0.00925	0.00635	0.00538	0.00187	0.00821	0.00453	0.00331	0.00929
24	0.01340	0.00873	0.01028	0.00943	0.01185	0.00860	0.00722	0.01919	0.13049	0.08781	0.35340	0.04219	0.10812	0.01223	0.00735	0.00214	0.00391	0.01048	0.14547	0.00771
25	0.01022	0.00774	0.00876	0.00833	0.01062	0.00700	0.00630	0.01368	0.05865	0.04738	0.30632	0.05750	0.40088	0.01558	0.00813	0.00229	0.00365	0.01325	0.00705	0.00667
26	0.01979	0.20455	0.05757	0.01247	0.01693	0.09791	0.01094	0.02332	0.05017	0.19406	0.11150	0.06719	0.06906	0.01006	0.00668	0.00204	0.00672	0.02425	0.00579	0.00900
27	0.02636	0.05205	0.01607	0.01189	0.01662	0.02888	0.00977	0.02993	0.05403	0.51396	0.09046	0.02714	0.04559	0.00932	0.00695	0.00212	0.00574	0.00759	0.03482	0.01070
28	0.00861	0.00616	0.00820	0.00964	0.01015	0.00574	0.00649	0.01000	0.01388	0.01864	0.09280	0.69351	0.04775	0.02125	0.00885	0.00278	0.00399	0.01925	0.00658	0.00574
29	0.01076	0.00708	0.00856	0.00871	0.01021	0.00649	0.00625	0.01268	0.01541	0.06299	0.17619	0.23619	0.19631	0.11452	0.01178	0.00301	0.00430	0.04143	0.06096	0.00618
30	0.06197	0.13127	0.20084	0.07759	0.06813	0.12660	0.03369	0.09611	0.01736	0.06082	0.01325	0.01594	0.01033	0.02919	0.00757	0.00219	0.02834	0.00540	0.00398	0.00945
31	0.01400	0.03610	0.71860	0.01989	0.03020	0.01621	0.02578	0.02210	0.01473	0.02210	0.01252	0.01473	0.00884	0.00663	0.00663	0.00221	0.01031	0.00516	0.00295	0.01031
32	0.01038	0.00709	0.00843	0.00869	0.01047	0.00623	0.00628	0.01217	0.01566	0.07601	0.11997	0.32237	0.33427	0.01819	0.00840	0.00251	0.00390	0.01583	0.00678	0.00636
33	0.01705	0.01635	0.02792	0.08092	0.67490	0.01652	0.02130	0.02122	0.01578	0.02253	0.01309	0.01734	0.01096	0.00626	0.00691	0.00209	0.00835	0.00622	0.00343	0.01087
34	0.01496	0.01444	0.06408	0.03728	0.04745	0.01288	0.24605	0.05419	0.01646	0.07536	0.02849	0.18918	0.11877	0.01179	0.00855	0.00244	0.03291	0.01118	0.00513	0.00840
35	0.01902	0.01098	0.01552	0.01342	0.01618	0.01125	0.04652	0.05723	0.01651	0.26581	0.02754	0.29964	0.02640	0.01409	0.01027	0.00256	0.11995	0.01181	0.00658	0.00871
36	0.02575	0.01772	0.01932	0.01502	0.02027	0.01931	0.01234	0.54048	0.07108	0.11499	0.01896	0.01859	0.01336	0.00846	0.00688	0.00209	0.00712	0.00647	0.05026	0.01152
37	0.01850	0.03732	0.01862	0.01910	0.13660	0.13130	0.01284	0.07019	0.34930	0.02575	0.02568	0.02524	0.08081	0.00915	0.00697	0.00218	0.00714	0.00749	0.00574	0.01008
38	0.02593	0.01888	0.07884	0.04166	0.04642	0.11185	0.07399	0.13707	0.02095	0.34263	0.02001	0.01949	0.01347	0.00784	0.00698	0.00212	0.00822	0.00645	0.00638	0.01084
39	0.60790	0.03775	0.01365	0.01241	0.05163	0.09520	0.00941	0.06082	0.01427	0.02960	0.01043	0.01210	0.00819	0.00664	0.00484	0.00209	0.00654	0.00413	0.00431	0.00809
40	0.01492	0.01358	0.02158	0.13664	0.35947	0.03266	0.04460	0.01872	0.01574	0.02227	0.08253	0.08627	0.01977	0.00870	0.00704	0.00215	0.00731	0.00810	0.08895	0.00901
41	0.01265	0.00678	0.00736	0.00723	0.00866	0.00666	0.00517	0.01527	0.01454	0.04655	0.09584	0.05355	0.02508	0.13770	0.01070	0.00262	0.00397	0.00819	0.52520	0.00627
42	0.01791	0.01732	0.02707	0.08338	0.60154	0.05309	0.02049	0.05369	0.01678	0.02322	0.01314	0.01709	0.01088	0.00642	0.00688	0.00208	0.00854	0.00613	0.00361	0.01074
43	0.01622	0.01336	0.01434	0.01294	0.01655	0.01498	0.01004	0.03206	0.54463	0.05072	0.10067	0.03240	0.08937	0.01068	0.00732	0.00234	0.00513	0.00897	0.00715	0.01015
44	0.00973	0.00694	0.00920	0.01057	0.01146	0.00671	0.00799	0.01159	0.01412	0.01853	0.03718	0.38607	0.06644	0.10596	0.01226	0.00342	0.00525	0.26460	0.00620	0.00580
45	0.00980	0.00713	0.00922	0.00870	0.01038	0.00655	0.00652	0.01302	0.01957	0.02754	0.67681	0.05285	0.09685	0.01443	0.00823	0.00220	0.00330	0.01272	0.00762	0.00655
46	0.02223	0.01007	0.01338	0.01115	0.01496	0.00902	0.00892	0.02560	0.04313	0.41804	0.22201	0.07504	0.05388	0.01156	0.00758	0.00225	0.00501	0.02840	0.00807	0.00967
47	0.00863	0.00715	0.00760	0.00769	0.00992	0.00612	0.00590	0.01065	0.01625	0.01980	0.12288	0.06680	0.59870	0.01751	0.00836	0.00241	0.00375	0.06730	0.00658	0.00599
48	0.01828	0.70025	0.09196	0.01259	0.01891	0.02669	0.01306	0.02099	0.01422	0.01688	0.00993	0.01148	0.00895	0.00602	0.00465	0.00155	0.00769	0.00385	0.00298	0.00907
49	0.77065	0.01320	0.01010	0.00906	0.01327	0.01527	0.00744	0.02033	0.01199	0.03109	0.01027	0.01196	0.00799	0.00655	0.00434	0.00214	0.00531	0.00389	0.03764	0.00751
50	0.01009	0.00699	0.00876	0.00876	0.00916	0.00739	0.00566	0.01089	0.01049	0.01438	0.02094	0.03985	0.02284	0.53078	0.25604	0.00818	0.01057	0.00930	0.00407	0.00487
51	0.02607	0.03326	0.01978	0.01798	0.02157	0.72674	0.01348	0.02787	0.01978	0.01708	0.01079	0.01258	0.00899	0.00719	0.00629	0.00180	0.01258	0.00449	0.00360	0.00809
52	0.06980	0.01258	0.01570	0.01244	0.01729	0.01192	0.01013	0.13724	0.02093	0.49260	0.02556	0.08101	0.01823	0.00954	0.00696	0.00219	0.00596	0.00775	0.03119	0.01098
53	0.00977	0.00666	0.00767	0.00794	0.00813	0.00653	0.00467	0.01007	0.01099	0.01453	0.02729	0.16701	0.06386	0.59197	0.02958	0.00587	0.00614	0.01204	0.00473	0.00456
54	0.01077	0.00764	0.00883	0.00876	0.00930	0.00798	0.00549	0.01310	0.08060	0.01563	0.02322	0.08045	0.02531	0.56881	0.09991	0.00654	0.00768	0.01018	0.00460	0.00520
55	0.05987	0.01417	0.01685	0.01469	0.01714	0.07262	0.03365	0.13071	0.01622	0.05186	0.01612	0.02245	0.01414	0.02560	0.27682	0.00571	0.16753	0.03133	0.00446	0.00806
56	0.01753	0.14660	0.05871	0.01347	0.05354	0.04401	0.01109	0.03958	0.01570	0.07827	0.01326	0.01479	0.01060	0.00590	0.00547	0.00139	0.00647	0.00454	0.00426	0.45484
57	0.01531	0.06095	0.18963	0.06101	0.16234	0.06490	0.03684	0.02071	0.06720	0.02077	0.03298	0.04255	0.05422	0.04910	0.00987	0.00251	0.07172	0.02437	0.00400	0.00901
58	0.01679	0.01440	0.01543	0.01381	0.01782	0.01620	0.01083	0.03428	0.60626	0.02822	0.02756	0.02794	0.02143	0.00965	0.00708	0.00230	0.00554	0.04297	0.00682	0.07466
59	0.03654	0.01402	0.05696	0.40531	0.10384	0.04421	0.01641	0.01795	0.01391	0.01915	0.01407	0.02078	0.01168	0.06888	0.03671	0.00293	0.03498	0.00639	0.06749	0.00779
60	0.00949	0.00744	0.00881	0.00871	0.01058	0.00696	0.00649	0.01277	0.05342	0.02236	0.28983	0.13486	0.30767	0.01930	0.06664	0.00307	0.00484	0.01360	0.00672	0.00642
61	0.01308	0.01108	0.01651	0.14715	0.19999	0.01176	0.01288	0.03429	0.05469	0.02046	0.04072	0.15984	0.05518	0.10047	0.06044	0.00345	0.00752	0.00994	0.03269	0.00785
62	0.03942	0.12830	0.01926	0.11173	0.03988	0.04708	0.01201	0.06606	0.28640	0.02548	0.10919	0.04542	0.02252	0.00924	0.00675	0.00216	0.00650	0.00758	0.00565	0.00937
63	0.01638	0.26815	0.28978	0.07415	0.02490	0.05304	0.01749	0.02115	0.01491	0.03717	0.01319	0.01743	0.01095	0.00708	0.00598	0.00192	0.00866	0.04024	0.00343	0.07400

[dist]
# distance from previous block
# <min> <max>
3	7

[block]
# block no. 5 follows, 30 sequences, length 34
# corresponding to MSA columns:
# 357-390
name=unknown_F
#
# <colnr> <probs for GDERKNQSTAVLIFYWHMCP>
#	G	D	E	R	K	N	Q	S	T	A	V	L	I	F	Y	W	H	M	C	P
0	0.00992	0.00703	0.00909	0.00864	0.01021	0.00647	0.00641	0.01250	0.01844	0.02570	0.58424	0.05087	0.12375	0.01548	0.00991	0.07219	0.00356	0.01225	0.00716	0.00620
1	0.01575	0.01364	0.01700	0.01656	0.09890	0.01433	0.01172	0.07453	0.18368	0.02455	0.02148	0.05409	0.05199	0.01077	0.03020	0.00236	0.10410	0.02988	0.00515	0.21933
2	0.01585	0.01228	0.01467	0.01078	0.01641	0.00990	0.00867	0.01884	0.01474	0.07995	0.01388	0.01572	0.01114	0.00593	0.00623	0.00125	0.04333	0.00457	0.03469	0.66117
3	0.01888	0.29424	0.15656	0.01718	0.05082	0.05656	0.05028	0.14019	0.01760	0.02292	0.01193	0.01425	0.00974	0.00772	0.00815	0.02500	0.07959	0.00512	0.00378	0.00950
4	0.01672	0.08425	0.09439	0.19575	0.33110	0.06947	0.06856	0.02115	0.01551	0.02057	0.01250	0.01657	0.01006	0.00646	0.00674	0.00209	0.00922	0.00591	0.00330	0.00970
5	0.00934	0.00704	0.00824	0.00802	0.00990	0.00627	0.00598	0.01195	0.01772	0.02388	0.39428	0.08284	0.31765	0.01558	0.00809	0.00225	0.00341	0.01341	0.04787	0.00627
6	0.02113	0.01756	0.01746	0.01482	0.01920	0.08043	0.01173	0.23006	0.38906	0.05882	0.04790	0.02293	0.01885	0.00908	0.00703	0.00222	0.00672	0.00725	0.00684	0.01090
7	0.00898	0.00630	0.00794	0.00908	0.00989	0.00584	0.00622	0.01059	0.01423	0.01942	0.09164	0.55969	0.11637	0.01962	0.00843	0.00263	0.00387	0.01756	0.07586	0.00584
8	0.01866	0.01470	0.01582	0.01403	0.01811	0.01669	0.01097	0.03679	0.63502	0.09356	0.02832	0.02582	0.02092	0.00939	0.00709	0.00235	0.00556	0.00781	0.00724	0.01112
9	0.01558	0.02272	0.25799	0.04978	0.12451	0.03672	0.14979	0.05253	0.08247	0.02357	0.04643	0.05807	0.03168	0.00818	0.00727	0.00226	0.00898	0.00755	0.00421	0.00972
10	0.09867	0.01372	0.01587	0.01200	0.01765	0.01262	0.00981	0.15321	0.01955	0.25156	0.01787	0.01761	0.01260	0.00704	0.00603	0.00171	0.00593	0.00545	0.00616	0.31494
11	0.01008	0.00673	0.00763	0.00770	0.00772	0.00672	0.00433	0.01013	0.01029	0.01372	0.02271	0.07674	0.02629	0.72243	0.03434	0.00659	0.00665	0.01058	0.00433	0.00429
12	0.00993	0.00778	0.01117	0.04167	0.09958	0.00755	0.00886	0.01169	0.01378	0.01841	0.03503	0.54588	0.06985	0.04975	0.00969	0.00287	0.00495	0.03926	0.00587	0.00640
13	0.02114	0.24268	0.17302	0.01623	0.02224	0.24924	0.01554	0.11898	0.04056	0.02217	0.01225	0.01366	0.00975	0.00696	0.00596	0.00186	0.00969	0.00478	0.00387	0.00945
14	0.01069	0.00773	0.00855	0.00846	0.01071	0.00685	0.00627	0.04242	0.01635	0.06652	0.05778	0.22209	0.47506	0.01763	0.00826	0.00244	0.00401	0.01502	0.00665	0.00651
15	0.01905	0.01448	0.01583	0.01370	0.01775	0.01613	0.01079	0.12719	0.46722	0.09164	0.10314	0.02745	0.02461	0.00978	0.00720	0.00229	0.00562	0.00812	0.00728	0.01073
16	0.04772	0.01854	0.02426	0.18618	0.39324	0.13766	0.01874	0.05179	0.01675	0.02202	0.01261	0.01651	0.01023	0.00665	0.00672	0.00208	0.00911	0.00583	0.00359	0.00974
17	0.01804	0.01375	0.01440	0.01266	0.01555	0.10310	0.00976	0.13791	0.04001	0.10927	0.01906	0.02534	0.01640	0.12956	0.27575	0.00606	0.01187	0.00713	0.00510	0.02928
18	0.01921	0.70504	0.03532	0.01239	0.01818	0.07956	0.01205	0.02141	0.01459	0.01647	0.00978	0.01130	0.00896	0.00606	0.00461	0.00152	0.00784	0.00379	0.00303	0.00889
19	0.01212	0.00606	0.00909	0.00909	0.00909	0.00606	0.00606	0.00909	0.00909	0.01212	0.01212	0.02121	0.01212	0.02424	0.02727	0.79697	0.00606	0.00606	0.00303	0.00303
20	0.01580	0.01250	0.01334	0.01407	0.08826	0.07248	0.00963	0.04155	0.13260	0.02499	0.02159	0.02382	0.03468	0.00870	0.00734	0.00198	0.07016	0.00672	0.39165	0.00815
21	0.02607	0.03326	0.01978	0.01798	0.02157	0.72674	0.01348	0.02787	0.01978	0.01708	0.01079	0.01258	0.00899	0.00719	0.00629	0.00180	0.01258	0.00449	0.00360	0.00809
22	0.67728	0.01323	0.01123	0.00971	0.01420	0.01477	0.00800	0.02273	0.01320	0.14364	0.01264	0.01337	0.00915	0.00683	0.00476	0.00216	0.00549	0.00431	0.00503	0.00827
23	0.01835	0.01055	0.04069	0.01144	0.01509	0.00881	0.03864	0.02168	0.01940	0.28623	0.37808	0.03891	0.05915	0.01157	0.00771	0.00219	0.00494	0.01008	0.00764	0.00883
24	0.01234	0.00732	0.00843	0.00792	0.01006	0.00670	0.00602	0.01519	0.01713	0.08406	0.26601	0.04484	0.20540	0.01261	0.00703	0.00204	0.00357	0.01065	0.26584	0.00684
25	0.00927	0.00711	0.00849	0.00814	0.01005	0.00633	0.00611	0.01200	0.01833	0.02460	0.47134	0.05770	0.30416	0.01553	0.00824	0.00225	0.00338	0.01340	0.00724	0.00633
26	0.00885	0.00634	0.00841	0.00948	0.01020	0.00590	0.00650	0.01060	0.01499	0.02040	0.20879	0.57249	0.05117	0.01993	0.00873	0.00267	0.00386	0.01800	0.00678	0.00590
