[name]
unknown

[dist]
# distance from previous block
# <min> <max>
16	48

[block]
# block no. 0 follows, 25 sequences, length 8
# corresponding to MSA columns:
# 54-61
name=unknown_A
#
# <colnr> <probs for GDERKNQSTAVLIFYWHMCP>
#	G	D	E	R	K	N	Q	S	T	A	V	L	I	F	Y	W	H	M	C	P
0	0.01030	0.00764	0.00937	0.01035	0.01136	0.00730	0.00704	0.01293	0.05344	0.02088	0.08579	0.47326	0.13340	0.10325	0.01303	0.00350	0.00481	0.01873	0.00704	0.00656
1	0.06412	0.53532	0.13185	0.01491	0.02193	0.08065	0.01537	0.02400	0.01619	0.02017	0.01133	0.01314	0.00985	0.00688	0.00547	0.00184	0.00907	0.00445	0.00345	0.01001
2	0.00979	0.00751	0.00841	0.00882	0.01030	0.00674	0.00604	0.01128	0.01585	0.01998	0.09218	0.22850	0.34897	0.17180	0.01582	0.00379	0.00482	0.01655	0.00674	0.00613
3	0.01714	0.21447	0.41383	0.07339	0.08795	0.02125	0.02373	0.02379	0.01626	0.02264	0.01316	0.01593	0.01011	0.00717	0.00681	0.00225	0.01036	0.00551	0.00335	0.01093
4	0.08350	0.18126	0.49443	0.01923	0.02911	0.02058	0.02370	0.02412	0.01597	0.02414	0.01299	0.01523	0.00972	0.00720	0.00665	0.00229	0.01033	0.00527	0.00342	0.01088
5	0.00937	0.00703	0.00871	0.01005	0.01105	0.00636	0.00686	0.01088	0.01557	0.02009	0.05186	0.55743	0.21041	0.02311	0.00971	0.00301	0.00435	0.02060	0.00720	0.00636
6	0.02206	0.61944	0.03760	0.01435	0.02056	0.13862	0.01354	0.02447	0.01676	0.01836	0.01097	0.01269	0.00996	0.00685	0.00530	0.00171	0.00921	0.00428	0.00343	0.00979
7	0.02103	0.59358	0.10350	0.01482	0.02167	0.09579	0.01498	0.02412	0.01644	0.01895	0.01121	0.01299	0.00994	0.00684	0.00542	0.00177	0.00918	0.00439	0.00338	0.01001

[dist]
# distance from previous block
# <min> <max>
0	1

[block]
# block no. 1 follows, 25 sequences, length 8
# corresponding to MSA columns:
# 63-70
name=unknown_B
#
# <colnr> <probs for GDERKNQSTAVLIFYWHMCP>
#	G	D	E	R	K	N	Q	S	T	A	V	L	I	F	Y	W	H	M	C	P
0	0.01642	0.15569	0.57933	0.02062	0.03128	0.02012	0.02608	0.02433	0.01627	0.02350	0.01339	0.01571	0.00984	0.00724	0.00697	0.00232	0.01093	0.00547	0.00328	0.01121
1	0.01084	0.00790	0.01113	0.01143	0.01240	0.00872	0.00834	0.01285	0.01264	0.01774	0.02512	0.14983	0.02636	0.17801	0.45881	0.00998	0.01557	0.01116	0.00476	0.00640
2	0.02889	0.14330	0.02651	0.01694	0.02330	0.01985	0.07640	0.24074	0.02547	0.28819	0.02160	0.02078	0.01481	0.00867	0.00742	0.00227	0.00819	0.00702	0.00731	0.01235
3	0.00922	0.00763	0.00809	0.00845	0.01063	0.00650	0.00616	0.01106	0.01710	0.02071	0.07129	0.20582	0.54947	0.02058	0.00931	0.00273	0.00404	0.01751	0.00720	0.00650
4	0.01608	0.01378	0.01608	0.01148	0.01837	0.01034	0.00919	0.01952	0.01608	0.02527	0.01378	0.01608	0.01148	0.00574	0.00574	0.00115	0.00574	0.00459	0.00459	0.77491
5	0.02093	0.01496	0.01998	0.01517	0.02104	0.01370	0.07431	0.06375	0.07594	0.16306	0.02281	0.02340	0.05235	0.00853	0.00821	0.00198	0.04978	0.00703	0.00612	0.33696
6	0.01447	0.01137	0.01302	0.01160	0.01476	0.01148	0.00895	0.08019	0.15988	0.03125	0.35376	0.04847	0.14434	0.01417	0.00858	0.00243	0.00479	0.01212	0.00793	0.04643
7	0.23449	0.21199	0.17486	0.01396	0.02071	0.01929	0.01447	0.02398	0.01615	0.10565	0.02065	0.02126	0.07678	0.00861	0.00623	0.00224	0.00773	0.00618	0.00487	0.00992

[dist]
# distance from previous block
# <min> <max>
0	1

[block]
# block no. 2 follows, 25 sequences, length 12
# corresponding to MSA columns:
# 72-83
name=unknown_C
#
# <colnr> <probs for GDERKNQSTAVLIFYWHMCP>
#	G	D	E	R	K	N	Q	S	T	A	V	L	I	F	Y	W	H	M	C	P
0	0.01697	0.00951	0.01242	0.01167	0.01456	0.00824	0.00859	0.01908	0.01692	0.19054	0.03505	0.43270	0.03678	0.01760	0.00870	0.00264	0.00523	0.01564	0.00740	0.12978
1	0.01608	0.01378	0.01608	0.01148	0.01837	0.01034	0.00919	0.01952	0.01608	0.02527	0.01378	0.01608	0.01148	0.00574	0.00574	0.00115	0.00574	0.00459	0.00459	0.77491
2	0.02471	0.01935	0.02059	0.01688	0.02223	0.02182	0.01358	0.36710	0.33040	0.04118	0.02467	0.02344	0.01809	0.00987	0.00782	0.00247	0.00741	0.00782	0.00782	0.01276
3	0.00945	0.00675	0.00900	0.01080	0.01125	0.00630	0.00720	0.01080	0.01484	0.01979	0.04274	0.72245	0.05128	0.02429	0.00990	0.00315	0.00450	0.02204	0.00720	0.00630
4	0.01927	0.11088	0.50722	0.01978	0.02982	0.01830	0.02415	0.02658	0.01726	0.13217	0.01631	0.01759	0.01137	0.00765	0.00718	0.00236	0.01032	0.00590	0.00432	0.01158
5	0.02521	0.02297	0.13138	0.04491	0.05162	0.02097	0.01704	0.37041	0.11796	0.08829	0.02020	0.02036	0.01440	0.00903	0.00771	0.00240	0.00863	0.00708	0.00686	0.01257
6	0.01149	0.00817	0.00976	0.00921	0.01157	0.00722	0.00696	0.01444	0.02025	0.06117	0.40311	0.06294	0.31114	0.01704	0.00908	0.00251	0.00392	0.01463	0.00806	0.00732
7	0.00991	0.00708	0.00953	0.01132	0.01197	0.00669	0.00800	0.01159	0.01530	0.02031	0.04248	0.62655	0.05028	0.02386	0.01002	0.00321	0.00490	0.11340	0.00719	0.00642
8	0.02407	0.02111	0.01884	0.01616	0.02035	0.17714	0.01273	0.26643	0.11492	0.03293	0.02035	0.02455	0.01644	0.01151	0.00965	0.07364	0.00878	0.04460	0.07553	0.01026
9	0.01687	0.13110	0.48817	0.01945	0.02899	0.01923	0.02358	0.06972	0.01827	0.02607	0.07370	0.01976	0.01582	0.00818	0.00723	0.00233	0.01010	0.00635	0.00409	0.01100
10	0.04446	0.01172	0.01542	0.01296	0.01644	0.01102	0.07407	0.07322	0.01758	0.02439	0.06232	0.07325	0.14476	0.18055	0.01555	0.00358	0.00682	0.06762	0.00584	0.13841
11	0.01839	0.41901	0.33327	0.01726	0.02608	0.02495	0.02023	0.02382	0.01603	0.02110	0.01220	0.01422	0.00989	0.00697	0.00606	0.00202	0.00973	0.00486	0.00330	0.01063

[dist]
# distance from previous block
# <min> <max>
14	60

[block]
# block no. 3 follows, 25 sequences, length 18
# corresponding to MSA columns:
# 162-179
name=unknown_D
#
# <colnr> <probs for GDERKNQSTAVLIFYWHMCP>
#	G	D	E	R	K	N	Q	S	T	A	V	L	I	F	Y	W	H	M	C	P
0	0.12811	0.01683	0.01882	0.01549	0.02014	0.01839	0.04132	0.29567	0.11895	0.05926	0.02271	0.07182	0.01938	0.08270	0.01087	0.00302	0.00756	0.03135	0.00689	0.01073
1	0.39135	0.01690	0.08396	0.08292	0.02174	0.01636	0.04167	0.04521	0.06352	0.03118	0.01566	0.01808	0.01194	0.00784	0.00599	0.00236	0.00706	0.00575	0.12140	0.00910
2	0.02832	0.01855	0.02081	0.01616	0.02182	0.01978	0.01326	0.46608	0.03215	0.16393	0.09668	0.02459	0.02122	0.01012	0.00792	0.00235	0.00761	0.00794	0.00819	0.01251
3	0.01217	0.00879	0.00977	0.00928	0.01220	0.00752	0.00714	0.01434	0.01745	0.07288	0.06222	0.06603	0.46400	0.07039	0.01120	0.00295	0.00486	0.07582	0.00700	0.06398
4	0.01004	0.00717	0.00968	0.01148	0.01219	0.00681	0.00823	0.01183	0.01543	0.02046	0.04241	0.59829	0.04998	0.02373	0.01006	0.00323	0.00501	0.14032	0.00719	0.00646
5	0.01606	0.01487	0.02462	0.49343	0.08537	0.01777	0.06682	0.04981	0.01658	0.02229	0.01454	0.02065	0.01120	0.00820	0.00911	0.00258	0.06492	0.00707	0.04501	0.00911
6	0.01435	0.01319	0.01819	0.01618	0.01678	0.01724	0.01306	0.01630	0.01316	0.01940	0.07030	0.02958	0.06762	0.07576	0.15527	0.00534	0.41762	0.00869	0.00432	0.00766
7	0.01745	0.12011	0.01732	0.04903	0.01709	0.01311	0.00999	0.02241	0.07843	0.13722	0.29849	0.06746	0.06060	0.01262	0.00795	0.00234	0.00548	0.01069	0.04305	0.00915
8	0.00998	0.00768	0.00878	0.00920	0.01086	0.00691	0.00662	0.01183	0.01661	0.02104	0.12190	0.19474	0.34642	0.12807	0.01404	0.00352	0.00480	0.06370	0.00695	0.00634
9	0.00993	0.00704	0.00932	0.01096	0.01151	0.00668	0.00753	0.01139	0.01485	0.01973	0.04096	0.59720	0.04857	0.08547	0.01257	0.00357	0.00504	0.08447	0.00697	0.00625
10	0.01812	0.01907	0.03644	0.07752	0.22870	0.01979	0.31947	0.02319	0.01687	0.02365	0.01433	0.01973	0.01157	0.00789	0.01131	0.00265	0.12741	0.00795	0.00378	0.01056
11	0.58672	0.01516	0.01351	0.01144	0.01656	0.01676	0.00943	0.07226	0.01660	0.15737	0.01508	0.01562	0.01077	0.00780	0.00558	0.00239	0.00630	0.00508	0.00591	0.00965
12	0.01010	0.00789	0.00915	0.00884	0.01105	0.00694	0.00663	0.01294	0.01988	0.02619	0.38660	0.06599	0.36467	0.01768	0.00915	0.00253	0.00379	0.01515	0.00789	0.00694
13	0.02661	0.02030	0.02166	0.01726	0.02296	0.02271	0.01405	0.48148	0.21292	0.04425	0.02225	0.02151	0.01613	0.00965	0.00779	0.00241	0.00786	0.00748	0.00779	0.01293
14	0.02811	0.01756	0.02377	0.01824	0.02432	0.01783	0.10996	0.22581	0.13095	0.28197	0.02479	0.02358	0.01694	0.00919	0.00801	0.00245	0.00810	0.00791	0.00789	0.01262
15	0.01830	0.02092	0.04575	0.03268	0.04052	0.01961	0.65098	0.02484	0.01830	0.02484	0.01569	0.02092	0.01176	0.00654	0.00915	0.00261	0.01307	0.00915	0.00392	0.01046
16	0.00956	0.00746	0.00867	0.00923	0.01093	0.00658	0.00659	0.01156	0.01732	0.02214	0.16044	0.30835	0.35207	0.02073	0.00943	0.00278	0.00409	0.01806	0.00741	0.00658
17	0.08673	0.01442	0.01603	0.01512	0.05837	0.03268	0.01093	0.12716	0.14075	0.11330	0.11976	0.05871	0.09147	0.06773	0.01038	0.00287	0.00646	0.00987	0.00720	0.01006

[dist]
# distance from previous block
# <min> <max>
0	3

[block]
# block no. 4 follows, 25 sequences, length 17
# corresponding to MSA columns:
# 231-247
name=unknown_E
#
# <colnr> <probs for GDERKNQSTAVLIFYWHMCP>
#	G	D	E	R	K	N	Q	S	T	A	V	L	I	F	Y	W	H	M	C	P
0	0.02747	0.02157	0.02730	0.02050	0.02700	0.02325	0.12887	0.54055	0.03320	0.04456	0.01809	0.01903	0.01293	0.00881	0.00801	0.00238	0.00935	0.00737	0.00707	0.01270
1	0.03324	0.01536	0.07182	0.01446	0.02090	0.01193	0.01278	0.03672	0.02172	0.63144	0.02925	0.02558	0.01844	0.00942	0.00776	0.00240	0.00699	0.00763	0.00909	0.01306
2	0.09462	0.02051	0.07808	0.01992	0.07629	0.07232	0.07575	0.19343	0.02389	0.17737	0.07362	0.02275	0.01831	0.00900	0.00764	0.00237	0.00865	0.00743	0.00660	0.01144
3	0.01708	0.24420	0.49662	0.01949	0.02953	0.02174	0.02411	0.02416	0.01619	0.02269	0.01299	0.01521	0.00986	0.00715	0.00666	0.00222	0.01052	0.00526	0.00329	0.01101
4	0.01540	0.01456	0.02463	0.59846	0.15788	0.01743	0.02191	0.02048	0.01586	0.02073	0.01392	0.02042	0.01066	0.00761	0.00774	0.00254	0.01015	0.00689	0.00351	0.00923
5	0.01480	0.01109	0.01273	0.01116	0.01419	0.01099	0.00868	0.16130	0.02425	0.03272	0.37746	0.05293	0.20681	0.01527	0.00883	0.00246	0.00485	0.01297	0.00803	0.00848
6	0.09612	0.12619	0.08165	0.01797	0.02344	0.36450	0.01529	0.14025	0.02244	0.02618	0.01307	0.01469	0.01040	0.00792	0.00669	0.00209	0.01128	0.00523	0.00459	0.01003
7	0.06831	0.01361	0.01764	0.01382	0.01960	0.01243	0.01134	0.03741	0.08345	0.59152	0.02976	0.02599	0.01912	0.00957	0.00767	0.00242	0.00653	0.00772	0.00921	0.01288
8	0.78228	0.01499	0.01140	0.01020	0.01499	0.01739	0.00840	0.02279	0.01320	0.03479	0.01080	0.01260	0.00840	0.00720	0.00480	0.00240	0.00600	0.00420	0.00480	0.00840
9	0.01507	0.00839	0.01112	0.01126	0.01286	0.00793	0.00802	0.01671	0.01559	0.15038	0.03514	0.37649	0.03783	0.15264	0.07016	0.00457	0.00690	0.04452	0.00697	0.00746
10	0.03148	0.01330	0.01765	0.01339	0.01954	0.01121	0.01101	0.03456	0.02111	0.56788	0.02762	0.02457	0.01783	0.00891	0.00743	0.00218	0.00645	0.00723	0.00871	0.14796
11	0.02361	0.01952	0.01992	0.01676	0.02182	0.05228	0.01334	0.27397	0.39595	0.03808	0.02572	0.02431	0.01904	0.00994	0.00780	0.00249	0.00741	0.00791	0.00766	0.01247
12	0.02656	0.01334	0.01648	0.01330	0.01808	0.01293	0.01074	0.12824	0.07755	0.35539	0.14894	0.03149	0.02878	0.01075	0.00786	0.00237	0.00607	0.00887	0.07073	0.01153
13	0.01127	0.00754	0.00884	0.00925	0.01094	0.00702	0.00688	0.01402	0.01760	0.02512	0.18073	0.20381	0.18657	0.01721	0.00846	0.00256	0.00417	0.06275	0.20838	0.00688
14	0.02771	0.01518	0.01787	0.01451	0.01972	0.01552	0.01172	0.14744	0.20465	0.33044	0.02825	0.02593	0.01943	0.00975	0.00761	0.00240	0.00656	0.00787	0.07501	0.01242
15	0.01833	0.01253	0.01353	0.01197	0.01519	0.07208	0.00924	0.02331	0.08335	0.16849	0.36578	0.04581	0.10146	0.01361	0.00854	0.00242	0.00549	0.01156	0.00817	0.00913
16	0.30526	0.01699	0.01792	0.01447	0.01974	0.01867	0.04404	0.24049	0.07478	0.09049	0.01809	0.01876	0.01319	0.00849	0.00657	0.00236	0.00710	0.00629	0.06555	0.01074

[dist]
# distance from previous block
# <min> <max>
0	2

[block]
# block no. 5 follows, 25 sequences, length 16
# corresponding to MSA columns:
# 250-265
name=unknown_F
#
# <colnr> <probs for GDERKNQSTAVLIFYWHMCP>
#	G	D	E	R	K	N	Q	S	T	A	V	L	I	F	Y	W	H	M	C	P
0	0.18165	0.08260	0.02240	0.06886	0.07621	0.12762	0.05155	0.04855	0.04952	0.09069	0.01860	0.02193	0.03854	0.00913	0.00829	0.00241	0.06007	0.02645	0.00511	0.00981
1	0.01263	0.00980	0.01462	0.07746	0.07654	0.01035	0.01288	0.01592	0.01594	0.02134	0.03150	0.12215	0.03336	0.05461	0.15749	0.00538	0.01027	0.30445	0.00580	0.00750
2	0.00979	0.00743	0.00908	0.00973	0.01112	0.00683	0.00688	0.01174	0.01652	0.02159	0.15033	0.33513	0.24847	0.05420	0.06081	0.00374	0.00550	0.01754	0.00708	0.00651
3	0.06164	0.01237	0.01520	0.01266	0.01718	0.01185	0.01012	0.03072	0.13462	0.34940	0.16692	0.03656	0.08337	0.01174	0.00806	0.00247	0.00566	0.00977	0.00865	0.01105
4	0.01020	0.00790	0.00929	0.00894	0.01111	0.00699	0.00670	0.01313	0.02011	0.02674	0.41921	0.06508	0.33171	0.01747	0.00915	0.00252	0.00377	0.01503	0.00796	0.00699
5	0.78228	0.01499	0.01140	0.01020	0.01499	0.01739	0.00840	0.02279	0.01320	0.03479	0.01080	0.01260	0.00840	0.00720	0.00480	0.00240	0.00600	0.00420	0.00480	0.00840
6	0.01929	0.01666	0.01753	0.01578	0.02016	0.01929	0.01227	0.04120	0.66513	0.03243	0.03156	0.02893	0.02367	0.01052	0.00789	0.00263	0.00614	0.00877	0.00789	0.01227
7	0.03041	0.02022	0.02234	0.01713	0.02330	0.02182	0.01415	0.54484	0.03394	0.16086	0.02073	0.01999	0.01424	0.00936	0.00776	0.00234	0.00819	0.00712	0.00808	0.01319
8	0.01696	0.01696	0.02375	0.02036	0.02036	0.02375	0.01696	0.01866	0.01187	0.01866	0.01018	0.01696	0.01018	0.01357	0.02545	0.00339	0.71332	0.00679	0.00339	0.00848
9	0.78228	0.01499	0.01140	0.01020	0.01499	0.01739	0.00840	0.02279	0.01320	0.03479	0.01080	0.01260	0.00840	0.00720	0.00480	0.00240	0.00600	0.00420	0.00480	0.00840
10	0.01338	0.01191	0.01644	0.01543	0.01570	0.01518	0.01198	0.01491	0.01294	0.01875	0.02374	0.27341	0.02697	0.07290	0.07520	0.00434	0.35191	0.01270	0.00491	0.00730
11	0.00961	0.00762	0.00864	0.00891	0.01088	0.00665	0.00648	0.01179	0.01794	0.02282	0.19579	0.21496	0.41075	0.01988	0.00932	0.00270	0.00400	0.01713	0.00748	0.00665
12	0.00945	0.00675	0.00900	0.01080	0.01125	0.00630	0.00720	0.01080	0.01484	0.01979	0.04274	0.72245	0.05128	0.02429	0.00990	0.00315	0.00450	0.02204	0.00720	0.00630
13	0.18223	0.02071	0.01779	0.01495	0.01977	0.19373	0.01187	0.13887	0.02279	0.19476	0.08958	0.02238	0.01938	0.00932	0.00711	0.00229	0.00843	0.00686	0.00671	0.01047
14	0.01128	0.00752	0.00846	0.00846	0.00846	0.00752	0.00470	0.01128	0.01128	0.01503	0.02443	0.05074	0.02819	0.72751	0.03946	0.00752	0.00752	0.01128	0.00470	0.00470
15	0.01955	0.60539	0.03666	0.01382	0.01941	0.02822	0.01328	0.02199	0.01512	0.01826	0.01161	0.01442	0.01080	0.01178	0.06772	0.00276	0.07150	0.00475	0.00340	0.00955

[dist]
# distance from previous block
# <min> <max>
0	1

[block]
# block no. 6 follows, 25 sequences, length 11
# corresponding to MSA columns:
# 267-277
name=unknown_G
#
# <colnr> <probs for GDERKNQSTAVLIFYWHMCP>
#	G	D	E	R	K	N	Q	S	T	A	V	L	I	F	Y	W	H	M	C	P
0	0.02148	0.06918	0.17330	0.06683	0.05239	0.01907	0.01734	0.14146	0.19431	0.10589	0.04540	0.02295	0.01766	0.00908	0.00757	0.00242	0.00830	0.00733	0.00626	0.01176
1	0.01830	0.02092	0.04575	0.03268	0.04052	0.01961	0.65098	0.02484	0.01830	0.02484	0.01569	0.02092	0.01176	0.00654	0.00915	0.00261	0.01307	0.00915	0.00392	0.01046
2	0.02222	0.01980	0.01832	0.01632	0.02078	0.13329	0.01266	0.03918	0.50267	0.08446	0.02816	0.02619	0.02098	0.01001	0.00773	0.00250	0.00750	0.00805	0.00737	0.01179
3	0.00945	0.00675	0.00900	0.01080	0.01125	0.00630	0.00720	0.01080	0.01484	0.01979	0.04274	0.72245	0.05128	0.02429	0.00990	0.00315	0.00450	0.02204	0.00720	0.00630
4	0.01601	0.01410	0.02307	0.38656	0.23844	0.01590	0.01950	0.02074	0.01629	0.02305	0.01598	0.02161	0.01255	0.00771	0.00733	0.00237	0.00885	0.00695	0.13347	0.00951
5	0.01347	0.00673	0.01010	0.01010	0.01010	0.00673	0.00673	0.01010	0.01010	0.01347	0.01347	0.02357	0.01347	0.02694	0.03030	0.77441	0.00673	0.00673	0.00337	0.00337
6	0.01694	0.00838	0.00986	0.00911	0.01155	0.00815	0.00704	0.02037	0.01754	0.13295	0.10637	0.03226	0.02633	0.01486	0.07516	0.00304	0.00581	0.00827	0.47785	0.00816
7	0.01584	0.11917	0.01630	0.01189	0.01401	0.06383	0.00950	0.01841	0.01562	0.02310	0.02326	0.16391	0.02248	0.01241	0.00958	0.00232	0.11876	0.00953	0.32230	0.00778
8	0.08250	0.14250	0.03591	0.02376	0.02980	0.02138	0.33445	0.06705	0.01766	0.02511	0.01444	0.01886	0.01164	0.01110	0.05751	0.00317	0.08165	0.00742	0.00412	0.00995
9	0.02178	0.30423	0.21925	0.01801	0.02580	0.07095	0.05500	0.10865	0.01968	0.06842	0.01438	0.01589	0.01106	0.00748	0.00659	0.00210	0.00979	0.00556	0.00439	0.01098
10	0.14102	0.01757	0.02002	0.02037	0.12526	0.09972	0.04454	0.02963	0.12649	0.18859	0.02330	0.09109	0.01886	0.01006	0.00751	0.00246	0.00787	0.00840	0.00644	0.01081

[dist]
# distance from previous block
# <min> <max>
0	3

[block]
# block no. 7 follows, 25 sequences, length 42
# corresponding to MSA columns:
# 291-332
name=unknown_H
#
# <colnr> <probs for GDERKNQSTAVLIFYWHMCP>
#	G	D	E	R	K	N	Q	S	T	A	V	L	I	F	Y	W	H	M	C	P
0	0.07446	0.01933	0.08910	0.15565	0.10014	0.07588	0.01703	0.05289	0.05684	0.02446	0.04330	0.02606	0.08959	0.01047	0.01067	0.00260	0.12954	0.00783	0.00469	0.00948
1	0.14675	0.24927	0.07047	0.01673	0.02196	0.02403	0.05728	0.09996	0.05856	0.02653	0.01347	0.01597	0.01112	0.00870	0.00992	0.00238	0.14662	0.00575	0.00444	0.01007
2	0.01936	0.02137	0.04038	0.02938	0.03646	0.06968	0.52353	0.06474	0.01996	0.02631	0.05595	0.02252	0.01548	0.00739	0.00890	0.00254	0.01227	0.00900	0.00445	0.01033
3	0.78228	0.01499	0.01140	0.01020	0.01499	0.01739	0.00840	0.02279	0.01320	0.03479	0.01080	0.01260	0.00840	0.00720	0.00480	0.00240	0.00600	0.00420	0.00480	0.00840
4	0.03313	0.01586	0.01964	0.01506	0.02112	0.01535	0.01244	0.23024	0.02665	0.48576	0.02685	0.02396	0.01731	0.00951	0.00778	0.00238	0.00720	0.00754	0.00902	0.01319
5	0.01088	0.00792	0.01023	0.00965	0.01152	0.00727	0.00724	0.01444	0.02172	0.03054	0.64273	0.05882	0.10583	0.01606	0.00915	0.00245	0.00367	0.01415	0.00846	0.00727
6	0.02894	0.02097	0.02261	0.01751	0.02357	0.02314	0.01441	0.58093	0.08279	0.07516	0.02010	0.01972	0.01423	0.00941	0.00777	0.00235	0.00827	0.00715	0.00785	0.01312
7	0.02946	0.01499	0.01787	0.01399	0.01933	0.01488	0.01146	0.23937	0.02590	0.35797	0.02567	0.02424	0.01731	0.00940	0.00737	0.00227	0.00672	0.00743	0.14223	0.01215
8	0.00977	0.00699	0.00935	0.01099	0.01163	0.00656	0.00761	0.01144	0.01553	0.02077	0.08292	0.63199	0.05217	0.02354	0.00991	0.00314	0.00464	0.06735	0.00728	0.00643
9	0.09527	0.01418	0.01612	0.01292	0.01780	0.01434	0.01053	0.20008	0.02379	0.28606	0.02419	0.02366	0.01675	0.00916	0.00692	0.00223	0.00632	0.00711	0.20132	0.01125
10	0.01124	0.00765	0.00915	0.00915	0.00939	0.00789	0.00556	0.01172	0.01148	0.01555	0.02380	0.04724	0.02667	0.61208	0.15281	0.00837	0.00980	0.01076	0.00460	0.00508
11	0.02896	0.03695	0.02197	0.01998	0.02397	0.69638	0.01498	0.03096	0.02197	0.01898	0.01199	0.01398	0.00999	0.00799	0.00699	0.00200	0.01398	0.00499	0.00400	0.00899
12	0.08633	0.01665	0.08001	0.01745	0.05908	0.04212	0.01402	0.01950	0.01469	0.05087	0.01886	0.13852	0.01859	0.01694	0.08140	0.00364	0.20511	0.00892	0.00470	0.10259
13	0.01960	0.58077	0.18211	0.01520	0.02289	0.02791	0.01663	0.02351	0.01589	0.01962	0.01147	0.01330	0.00992	0.00679	0.00550	0.00183	0.00898	0.00449	0.00331	0.01028
14	0.20742	0.06631	0.01866	0.01397	0.01891	0.06172	0.01148	0.30220	0.02506	0.03794	0.04549	0.01963	0.01519	0.00878	0.00654	0.00221	0.00734	0.00634	0.11436	0.01045
15	0.02280	0.01853	0.01910	0.01635	0.02122	0.04784	0.01293	0.18588	0.46066	0.06509	0.02764	0.02575	0.02042	0.01009	0.00782	0.00252	0.00705	0.00814	0.00777	0.01240
16	0.01464	0.01378	0.02326	0.70887	0.05340	0.01723	0.02153	0.01981	0.01550	0.01981	0.01378	0.02067	0.01034	0.00775	0.00775	0.00258	0.01034	0.00689	0.00345	0.00861
17	0.00956	0.00695	0.00902	0.01044	0.01121	0.00641	0.00709	0.01117	0.01574	0.02091	0.10286	0.60376	0.11006	0.02311	0.00976	0.00304	0.00437	0.02080	0.00732	0.00641
18	0.00963	0.00688	0.00920	0.01100	0.01153	0.00645	0.00751	0.01111	0.01502	0.02000	0.04263	0.68467	0.05089	0.02412	0.00994	0.00317	0.00466	0.05803	0.00719	0.00635
19	0.02892	0.01191	0.01602	0.01272	0.01775	0.01037	0.01034	0.03199	0.02192	0.52536	0.15787	0.03486	0.06181	0.01130	0.00813	0.00242	0.00590	0.00942	0.00927	0.01173
20	0.78228	0.01499	0.01140	0.01020	0.01499	0.01739	0.00840	0.02279	0.01320	0.03479	0.01080	0.01260	0.00840	0.00720	0.00480	0.00240	0.00600	0.00420	0.00480	0.00840
21	0.01120	0.00780	0.00991	0.00991	0.01041	0.00831	0.00651	0.01221	0.01171	0.01611	0.02310	0.04339	0.02500	0.48500	0.27761	0.00931	0.01232	0.01020	0.00450	0.00550
22	0.03087	0.01631	0.08696	0.01471	0.02103	0.01282	0.01318	0.08346	0.02270	0.52480	0.06890	0.02675	0.02118	0.00974	0.00784	0.00240	0.00706	0.00792	0.00873	0.01264
23	0.01493	0.01408	0.02378	0.66671	0.09329	0.01730	0.02168	0.02006	0.01564	0.02016	0.01383	0.02058	0.01046	0.00770	0.00775	0.00257	0.01026	0.00689	0.00347	0.00885
24	0.78228	0.01499	0.01140	0.01020	0.01499	0.01739	0.00840	0.02279	0.01320	0.03479	0.01080	0.01260	0.00840	0.00720	0.00480	0.00240	0.00600	0.00420	0.00480	0.00840
25	0.01605	0.01219	0.01740	0.01548	0.01721	0.01371	0.05809	0.05673	0.01600	0.08648	0.02739	0.29925	0.02939	0.09025	0.01673	0.00350	0.19652	0.01354	0.00594	0.00814
26	0.00976	0.00788	0.00869	0.00849	0.01084	0.00680	0.00636	0.01229	0.01909	0.02432	0.27665	0.06907	0.47579	0.01838	0.00916	0.00256	0.00384	0.01559	0.00764	0.00680
27	0.01339	0.00914	0.01126	0.01151	0.01325	0.00913	0.00832	0.08004	0.03861	0.05288	0.06190	0.44049	0.07874	0.02268	0.06047	0.00357	0.00615	0.01688	0.05392	0.00765
28	0.01319	0.01049	0.01689	0.01651	0.01912	0.01028	0.09895	0.01717	0.01815	0.02390	0.07532	0.07666	0.04186	0.01907	0.01040	0.00337	0.00774	0.50654	0.00679	0.00760
29	0.01021	0.00778	0.00993	0.01040	0.01194	0.00762	0.00772	0.01239	0.01560	0.02051	0.09620	0.21223	0.22987	0.06324	0.20515	0.00579	0.00915	0.05133	0.00633	0.00661
30	0.02043	0.57056	0.14658	0.01518	0.02244	0.07347	0.01593	0.02396	0.01628	0.01934	0.01138	0.01319	0.00993	0.00685	0.00551	0.00181	0.00920	0.00447	0.00336	0.01014
31	0.02289	0.01658	0.01829	0.01548	0.02012	0.01819	0.01226	0.23979	0.29493	0.10379	0.05650	0.09793	0.02474	0.01167	0.00810	0.00255	0.00670	0.00967	0.00798	0.01184
32	0.01821	0.01637	0.02498	0.02071	0.05286	0.01706	0.18872	0.12912	0.15422	0.02992	0.09401	0.07577	0.06459	0.03469	0.01034	0.00277	0.03875	0.01037	0.00627	0.01025
33	0.02324	0.02370	0.02091	0.07108	0.06466	0.23862	0.01483	0.10586	0.29642	0.02860	0.02137	0.02169	0.01634	0.00913	0.00756	0.00237	0.00945	0.00709	0.00603	0.01104
34	0.78228	0.01499	0.01140	0.01020	0.01499	0.01739	0.00840	0.02279	0.01320	0.03479	0.01080	0.01260	0.00840	0.00720	0.00480	0.00240	0.00600	0.00420	0.00480	0.00840
35	0.01938	0.38952	0.03382	0.02493	0.24537	0.02403	0.01637	0.02388	0.05661	0.02250	0.06297	0.01916	0.01631	0.00765	0.00639	0.00200	0.00813	0.00611	0.00417	0.01070
36	0.01187	0.00805	0.01020	0.00984	0.01184	0.00728	0.00731	0.01487	0.02022	0.06664	0.44567	0.15633	0.16601	0.01734	0.00918	0.00257	0.00400	0.01521	0.00818	0.00739
37	0.00964	0.00720	0.00903	0.01040	0.01148	0.00658	0.00735	0.01133	0.01577	0.02036	0.05103	0.51526	0.19785	0.02295	0.00979	0.00306	0.00459	0.07272	0.00719	0.00643
38	0.01464	0.01378	0.02326	0.70887	0.05340	0.01723	0.02153	0.01981	0.01550	0.01981	0.01378	0.02067	0.01034	0.00775	0.00775	0.00258	0.01034	0.00689	0.00345	0.00861
39	0.01744	0.01982	0.11179	0.11496	0.09540	0.04225	0.07134	0.02952	0.27739	0.02696	0.04849	0.02796	0.06300	0.00971	0.00798	0.00253	0.00839	0.00850	0.00574	0.01083
40	0.00986	0.00705	0.00944	0.01106	0.01174	0.00663	0.00773	0.01160	0.01567	0.02097	0.08979	0.61059	0.05226	0.02338	0.00992	0.00314	0.00469	0.08072	0.00729	0.00646
41	0.01832	0.01692	0.01587	0.01430	0.01786	0.10898	0.01073	0.03021	0.34503	0.02578	0.02588	0.03247	0.02230	0.16245	0.01436	0.00347	0.00751	0.03259	0.00630	0.08867

[dist]
# distance from previous block
# <min> <max>
4	5

[block]
# block no. 8 follows, 25 sequences, length 17
# corresponding to MSA columns:
# 339-355
name=unknown_I
#
# <colnr> <probs for GDERKNQSTAVLIFYWHMCP>
#	G	D	E	R	K	N	Q	S	T	A	V	L	I	F	Y	W	H	M	C	P
0	0.16129	0.11284	0.02259	0.01677	0.02124	0.27254	0.08803	0.02386	0.01804	0.02277	0.02169	0.08595	0.08173	0.01019	0.00708	0.00227	0.00979	0.00797	0.00467	0.00868
1	0.01941	0.01478	0.01637	0.01467	0.01836	0.01666	0.01126	0.06298	0.47614	0.06284	0.02740	0.02728	0.02098	0.01361	0.01224	0.15266	0.00639	0.00824	0.00709	0.01063
2	0.46122	0.01422	0.01423	0.01174	0.01706	0.01482	0.00969	0.02923	0.01706	0.31385	0.01930	0.01852	0.01303	0.00823	0.00609	0.00240	0.00626	0.00574	0.00686	0.01046
3	0.01317	0.00845	0.01081	0.00992	0.01228	0.00763	0.00754	0.01653	0.02141	0.09648	0.53060	0.05690	0.14713	0.01571	0.00901	0.00246	0.00399	0.01370	0.00847	0.00781
4	0.00945	0.00675	0.00900	0.01080	0.01125	0.00630	0.00720	0.01080	0.01484	0.01979	0.04274	0.72245	0.05128	0.02429	0.00990	0.00315	0.00450	0.02204	0.00720	0.00630
5	0.01728	0.01652	0.02303	0.15367	0.02692	0.02206	0.01730	0.04848	0.07693	0.02152	0.01331	0.01892	0.01165	0.01196	0.01954	0.00312	0.47768	0.00701	0.00403	0.00908
6	0.01044	0.00767	0.00978	0.00975	0.01138	0.00701	0.00712	0.01342	0.01997	0.02754	0.47298	0.19785	0.14018	0.01805	0.00930	0.00261	0.00386	0.01597	0.00810	0.00701
7	0.01866	0.01752	0.02778	0.12056	0.47612	0.01845	0.02128	0.02670	0.14329	0.02605	0.01779	0.02126	0.01426	0.00771	0.00773	0.00240	0.00875	0.00727	0.00458	0.01184
8	0.01253	0.00707	0.00939	0.00939	0.00939	0.00707	0.00586	0.01061	0.01061	0.01414	0.01818	0.03524	0.01979	0.32784	0.03424	0.44502	0.00707	0.00868	0.00394	0.00394
9	0.02230	0.01598	0.01762	0.01539	0.02009	0.01775	0.01210	0.04054	0.54013	0.15922	0.03137	0.02843	0.02280	0.01034	0.00787	0.00258	0.00623	0.00858	0.00822	0.01245
10	0.17091	0.24016	0.02445	0.01400	0.01913	0.08192	0.01187	0.20395	0.02123	0.02996	0.01478	0.01897	0.01277	0.09392	0.01005	0.00273	0.00832	0.00590	0.00511	0.00987
11	0.01950	0.01653	0.02039	0.27655	0.03280	0.04362	0.01592	0.19583	0.14768	0.03014	0.02195	0.10547	0.01859	0.01070	0.00801	0.00257	0.00847	0.00902	0.00595	0.01031
12	0.02186	0.01907	0.01906	0.01451	0.02084	0.09679	0.01164	0.22162	0.02324	0.03199	0.01510	0.01663	0.01184	0.00714	0.00653	0.00162	0.00761	0.00540	0.00552	0.44198
13	0.17369	0.01944	0.02009	0.02068	0.13648	0.12370	0.01398	0.08365	0.11678	0.18622	0.02012	0.02021	0.01459	0.00852	0.00708	0.00235	0.00820	0.00658	0.00636	0.01130
14	0.00975	0.00711	0.00924	0.01069	0.01156	0.00659	0.00748	0.01149	0.01584	0.02092	0.08771	0.56244	0.11701	0.02303	0.00983	0.00308	0.00459	0.06789	0.00728	0.00646
15	0.03479	0.01320	0.01799	0.01380	0.01979	0.01140	0.01140	0.03779	0.02219	0.68451	0.03059	0.02639	0.01919	0.00960	0.00780	0.00240	0.00660	0.00780	0.00960	0.01320
16	0.00945	0.00675	0.00900	0.01080	0.01125	0.00630	0.00720	0.01080	0.01484	0.01979	0.04274	0.72245	0.05128	0.02429	0.00990	0.00315	0.00450	0.02204	0.00720	0.00630

[dist]
# distance from previous block
# <min> <max>
0	2

[block]
# block no. 9 follows, 25 sequences, length 38
# corresponding to MSA columns:
# 358-395
name=unknown_J
#
# <colnr> <probs for GDERKNQSTAVLIFYWHMCP>
#	G	D	E	R	K	N	Q	S	T	A	V	L	I	F	Y	W	H	M	C	P
0	0.02073	0.73217	0.04063	0.01327	0.01990	0.03068	0.01327	0.02322	0.01575	0.01824	0.01078	0.01244	0.00995	0.00663	0.00498	0.00166	0.00829	0.00415	0.00332	0.00995
1	0.02837	0.01997	0.02176	0.01707	0.02295	0.02190	0.01397	0.48631	0.13848	0.11447	0.02203	0.02115	0.01556	0.00954	0.00778	0.00238	0.00793	0.00736	0.00798	0.01304
2	0.69558	0.01577	0.01276	0.01108	0.01604	0.01816	0.00913	0.09540	0.01587	0.03641	0.01170	0.01329	0.00895	0.00744	0.00514	0.00239	0.00629	0.00452	0.00514	0.00895
3	0.78228	0.01499	0.01140	0.01020	0.01499	0.01739	0.00840	0.02279	0.01320	0.03479	0.01080	0.01260	0.00840	0.00720	0.00480	0.00240	0.00600	0.00420	0.00480	0.00840
4	0.02774	0.02005	0.02142	0.01662	0.02232	0.02211	0.01366	0.58013	0.03413	0.04657	0.01938	0.01980	0.01396	0.00928	0.00749	0.00227	0.00797	0.00701	0.09560	0.01250
5	0.01091	0.00787	0.01031	0.00980	0.01157	0.00727	0.00731	0.01447	0.02164	0.03061	0.64779	0.08656	0.07222	0.01622	0.00918	0.00247	0.00369	0.01437	0.00848	0.00727
6	0.01243	0.00710	0.00933	0.00933	0.00933	0.00710	0.00577	0.01065	0.01065	0.01421	0.01863	0.03637	0.02040	0.35706	0.03462	0.41303	0.00710	0.00887	0.00399	0.00399
7	0.02122	0.02580	0.25736	0.01820	0.02532	0.01897	0.01845	0.32359	0.02574	0.03542	0.02091	0.13376	0.01826	0.01108	0.00797	0.00251	0.00891	0.00902	0.00607	0.01144
8	0.00940	0.00693	0.00881	0.01031	0.01112	0.00634	0.00698	0.01085	0.01531	0.01998	0.04863	0.61573	0.15419	0.02352	0.00978	0.00306	0.00440	0.02111	0.00720	0.00634
9	0.02664	0.02489	0.02407	0.02336	0.13161	0.20556	0.01631	0.32592	0.05294	0.03477	0.01625	0.01778	0.01244	0.00881	0.00839	0.00230	0.04399	0.00649	0.00588	0.01163
10	0.01128	0.00752	0.00846	0.00846	0.00846	0.00752	0.00470	0.01128	0.01128	0.01503	0.02443	0.05074	0.02819	0.72751	0.03946	0.00752	0.00752	0.01128	0.00470	0.00470
11	0.02134	0.01875	0.02025	0.01926	0.07557	0.05691	0.01407	0.13866	0.43329	0.03298	0.02566	0.02488	0.01944	0.01007	0.00887	0.00257	0.05039	0.00799	0.00705	0.01201
12	0.01464	0.01378	0.02326	0.70887	0.05340	0.01723	0.02153	0.01981	0.01550	0.01981	0.01378	0.02067	0.01034	0.00775	0.00775	0.00258	0.01034	0.00689	0.00345	0.00861
13	0.01558	0.01378	0.02009	0.21195	0.16057	0.01437	0.01554	0.02221	0.10256	0.02602	0.16512	0.02908	0.02681	0.00944	0.00774	0.00226	0.00730	0.00837	0.00544	0.13577
14	0.01061	0.00758	0.01033	0.01212	0.01308	0.00730	0.00922	0.01280	0.01599	0.02109	0.04209	0.48051	0.04874	0.02320	0.01021	0.00331	0.00550	0.25252	0.00718	0.00662
15	0.78228	0.01499	0.01140	0.01020	0.01499	0.01739	0.00840	0.02279	0.01320	0.03479	0.01080	0.01260	0.00840	0.00720	0.00480	0.00240	0.00600	0.00420	0.00480	0.00840
16	0.01043	0.00790	0.00961	0.00919	0.01125	0.00709	0.00689	0.01358	0.02067	0.02805	0.49643	0.06292	0.25367	0.01698	0.00915	0.00249	0.00374	0.01472	0.00814	0.00709
17	0.01464	0.01378	0.02326	0.70887	0.05340	0.01723	0.02153	0.01981	0.01550	0.01981	0.01378	0.02067	0.01034	0.00775	0.00775	0.00258	0.01034	0.00689	0.00345	0.00861
18	0.57095	0.01657	0.01437	0.01221	0.01729	0.01896	0.01002	0.16189	0.05809	0.03772	0.01377	0.01491	0.01038	0.00786	0.00563	0.00240	0.00656	0.00509	0.00563	0.00968
19	0.01754	0.00820	0.00956	0.00887	0.01114	0.00796	0.00674	0.02021	0.01636	0.13465	0.02461	0.02795	0.01900	0.01332	0.03875	0.09134	0.00521	0.00731	0.52351	0.00775
20	0.02081	0.32021	0.11674	0.13143	0.02950	0.05701	0.06087	0.13223	0.01985	0.02509	0.01342	0.01602	0.01068	0.00743	0.00660	0.00211	0.00968	0.00568	0.00417	0.01047
21	0.02643	0.01981	0.02134	0.01685	0.02242	0.02193	0.01375	0.51064	0.12578	0.04498	0.07647	0.02345	0.01981	0.01004	0.00789	0.00238	0.00777	0.00784	0.00784	0.01255
22	0.01843	0.01646	0.02569	0.39959	0.23351	0.01870	0.02108	0.12534	0.01959	0.02623	0.01481	0.01990	0.01138	0.00776	0.00773	0.00246	0.00971	0.00691	0.00427	0.01045
23	0.01445	0.00723	0.00723	0.00723	0.00903	0.00723	0.00542	0.01807	0.01626	0.02891	0.02529	0.02891	0.01987	0.00903	0.00542	0.00181	0.00361	0.00723	0.77055	0.00723
24	0.00945	0.00675	0.00900	0.01080	0.01125	0.00630	0.00720	0.01080	0.01484	0.01979	0.04274	0.72245	0.05128	0.02429	0.00990	0.00315	0.00450	0.02204	0.00720	0.00630
25	0.01128	0.00752	0.00846	0.00846	0.00846	0.00752	0.00470	0.01128	0.01128	0.01503	0.02443	0.05074	0.02819	0.72751	0.03946	0.00752	0.00752	0.01128	0.00470	0.00470
26	0.02947	0.02172	0.02327	0.01784	0.02404	0.02404	0.01474	0.65329	0.03646	0.04887	0.01862	0.01862	0.01319	0.00931	0.00776	0.00233	0.00853	0.00698	0.00776	0.01319
27	0.78228	0.01499	0.01140	0.01020	0.01499	0.01739	0.00840	0.02279	0.01320	0.03479	0.01080	0.01260	0.00840	0.00720	0.00480	0.00240	0.00600	0.00420	0.00480	0.00840
28	0.03290	0.01623	0.01987	0.01524	0.02131	0.01590	0.01259	0.25694	0.02727	0.45819	0.02633	0.02362	0.01705	0.00949	0.00778	0.00237	0.00729	0.00751	0.00894	0.01319
29	0.01511	0.01426	0.02410	0.64126	0.11738	0.01735	0.02176	0.02022	0.01572	0.02037	0.01386	0.02052	0.01053	0.00767	0.00774	0.00256	0.01022	0.00689	0.00349	0.00899
30	0.78228	0.01499	0.01140	0.01020	0.01499	0.01739	0.00840	0.02279	0.01320	0.03479	0.01080	0.01260	0.00840	0.00720	0.00480	0.00240	0.00600	0.00420	0.00480	0.00840
31	0.01555	0.04011	0.68733	0.02210	0.03356	0.01801	0.02865	0.02455	0.01637	0.02455	0.01391	0.01637	0.00982	0.00737	0.00737	0.00246	0.01146	0.00573	0.00327	0.01146
32	0.01097	0.00793	0.01036	0.00975	0.01158	0.00732	0.00732	0.01463	0.02195	0.03109	0.67505	0.05792	0.07316	0.01585	0.00914	0.00244	0.00366	0.01402	0.00854	0.00732
33	0.01373	0.00737	0.00788	0.00775	0.00956	0.00725	0.00581	0.01735	0.01744	0.02936	0.16059	0.03495	0.03097	0.01045	0.00620	0.00194	0.00362	0.00864	0.61188	0.00725
34	0.02361	0.01424	0.01674	0.01420	0.01878	0.01482	0.01126	0.05930	0.31635	0.25544	0.13584	0.03240	0.02982	0.01103	0.00806	0.00251	0.00598	0.00923	0.00857	0.01181
35	0.01072	0.00783	0.00973	0.01036	0.01172	0.00737	0.00769	0.01289	0.01680	0.02211	0.17004	0.19560	0.17163	0.15349	0.01536	0.00382	0.00539	0.15401	0.00698	0.00644
36	0.01711	0.03572	0.54654	0.02173	0.03200	0.01867	0.05613	0.07593	0.07339	0.02717	0.01588	0.01784	0.01136	0.00775	0.00753	0.00247	0.01085	0.00625	0.00405	0.01162
37	0.01916	0.01368	0.01639	0.01187	0.01861	0.01051	0.00955	0.02253	0.01709	0.13386	0.01655	0.01778	0.01275	0.00638	0.00608	0.00135	0.00588	0.00512	0.00542	0.64943

[dist]
# distance from previous block
# <min> <max>
0	13

[block]
# block no. 10 follows, 25 sequences, length 27
# corresponding to MSA columns:
# 409-421,446-459
name=unknown_K
#
# <colnr> <probs for GDERKNQSTAVLIFYWHMCP>
#	G	D	E	R	K	N	Q	S	T	A	V	L	I	F	Y	W	H	M	C	P
0	0.02014	0.15905	0.03025	0.14876	0.23755	0.07177	0.04768	0.08297	0.01849	0.02408	0.01352	0.01755	0.01118	0.00793	0.00888	0.00232	0.07697	0.00632	0.00401	0.01058
1	0.09673	0.15106	0.02888	0.02022	0.02515	0.29313	0.13868	0.02685	0.04265	0.02200	0.01295	0.01578	0.01071	0.00801	0.00860	0.00225	0.07696	0.00589	0.00403	0.00946
2	0.01594	0.00998	0.01405	0.01301	0.01533	0.01096	0.01027	0.01975	0.04839	0.13691	0.08129	0.03147	0.02395	0.04121	0.44604	0.00885	0.04985	0.00868	0.00566	0.00841
3	0.01593	0.01276	0.01517	0.13451	0.02223	0.01427	0.01159	0.04916	0.27249	0.02897	0.12266	0.03553	0.08890	0.01137	0.00776	0.00245	0.00600	0.00959	0.12906	0.00961
4	0.00932	0.00725	0.00848	0.00946	0.01090	0.00641	0.00661	0.01095	0.01613	0.02032	0.05897	0.42870	0.33455	0.02218	0.00956	0.00291	0.00424	0.01947	0.00720	0.00641
5	0.01057	0.00767	0.00997	0.00990	0.01147	0.00707	0.00723	0.01367	0.02025	0.02826	0.51551	0.20091	0.09286	0.01781	0.00931	0.00260	0.00385	0.01583	0.00819	0.00707
6	0.03479	0.01320	0.01799	0.01380	0.01979	0.01140	0.01140	0.03779	0.02219	0.68451	0.03059	0.02639	0.01919	0.00960	0.00780	0.00240	0.00660	0.00780	0.00960	0.01320
7	0.01078	0.00770	0.01053	0.01232	0.01336	0.00745	0.00952	0.01310	0.01616	0.02129	0.04200	0.44444	0.04837	0.02303	0.01025	0.00333	0.00565	0.28688	0.00717	0.00667
8	0.03479	0.01320	0.01799	0.01380	0.01979	0.01140	0.01140	0.03779	0.02219	0.68451	0.03059	0.02639	0.01919	0.00960	0.00780	0.00240	0.00660	0.00780	0.00960	0.01320
9	0.01929	0.01666	0.01753	0.01578	0.02016	0.01929	0.01227	0.04120	0.66513	0.03243	0.03156	0.02893	0.02367	0.01052	0.00789	0.00263	0.00614	0.00877	0.00789	0.01227
10	0.00945	0.00675	0.00900	0.01080	0.01125	0.00630	0.00720	0.01080	0.01484	0.01979	0.04274	0.72245	0.05128	0.02429	0.00990	0.00315	0.00450	0.02204	0.00720	0.00630
11	0.02947	0.02172	0.02327	0.01784	0.02404	0.02404	0.01474	0.65329	0.03646	0.04887	0.01862	0.01862	0.01319	0.00931	0.00776	0.00233	0.00853	0.00698	0.00776	0.01319
12	0.01840	0.01751	0.02925	0.16186	0.53267	0.01826	0.02276	0.02406	0.05331	0.02476	0.01539	0.01999	0.01257	0.00726	0.00770	0.00237	0.00924	0.00701	0.00399	0.01164
13	0.01095	0.00793	0.01033	0.00997	0.01145	0.00778	0.00728	0.01374	0.01811	0.02536	0.40888	0.05221	0.08605	0.14192	0.14882	0.00525	0.00766	0.01257	0.00697	0.00677
14	0.00994	0.00767	0.00814	0.00824	0.00979	0.00688	0.00553	0.01116	0.01521	0.01875	0.05701	0.10204	0.40732	0.27550	0.02015	0.00442	0.00526	0.01484	0.00630	0.00586
15	0.01017	0.00789	0.00925	0.00891	0.01109	0.00697	0.00668	0.01307	0.02004	0.02658	0.40951	0.06535	0.34152	0.01754	0.00915	0.00252	0.00378	0.01506	0.00794	0.00697
16	0.01069	0.00783	0.01002	0.00965	0.01145	0.00717	0.00717	0.01402	0.02102	0.02929	0.57161	0.10857	0.12890	0.01683	0.00920	0.00251	0.00375	0.01484	0.00831	0.00717
17	0.02162	0.01352	0.01541	0.01350	0.01745	0.01426	0.01087	0.14837	0.17719	0.14756	0.02911	0.06014	0.02372	0.01170	0.00772	0.00248	0.00617	0.08723	0.18138	0.01058
18	0.14509	0.00912	0.00884	0.00854	0.01143	0.00856	0.00654	0.01368	0.01750	0.02484	0.15273	0.06133	0.47186	0.01691	0.00840	0.00255	0.00425	0.01389	0.00697	0.00698
19	0.14935	0.01399	0.02117	0.58627	0.04666	0.01726	0.01923	0.02033	0.01510	0.02244	0.01326	0.01925	0.01000	0.00765	0.00723	0.00255	0.00957	0.00642	0.00368	0.00858
20	0.01660	0.01318	0.01601	0.07240	0.02069	0.01071	0.01003	0.02019	0.01630	0.05286	0.01550	0.01804	0.01244	0.00637	0.00598	0.00138	0.00599	0.00516	0.07191	0.60825
21	0.01859	0.01410	0.02307	0.52750	0.10371	0.01631	0.01996	0.02332	0.01687	0.13695	0.01680	0.02154	0.01206	0.00800	0.00775	0.00253	0.00958	0.00705	0.00456	0.00975
22	0.01522	0.00895	0.01196	0.01242	0.01444	0.00851	0.00959	0.01845	0.04472	0.13852	0.07486	0.36234	0.04390	0.01989	0.00962	0.00307	0.00560	0.18219	0.00771	0.00804
23	0.15121	0.01589	0.02454	0.31555	0.30283	0.01775	0.02015	0.02197	0.01598	0.02470	0.01359	0.01865	0.01079	0.00731	0.00720	0.00244	0.00911	0.00643	0.00384	0.01008
24	0.01097	0.00793	0.01036	0.00975	0.01158	0.00732	0.00732	0.01463	0.02195	0.03109	0.67505	0.05792	0.07316	0.01585	0.00914	0.00244	0.00366	0.01402	0.00854	0.00732
25	0.01175	0.00994	0.01353	0.01639	0.12867	0.00956	0.01012	0.01445	0.01786	0.02373	0.19505	0.17922	0.27316	0.01712	0.00979	0.00266	0.03772	0.01478	0.00674	0.00777
26	0.01331	0.01111	0.01701	0.02364	0.25188	0.01091	0.01271	0.01558	0.01518	0.02089	0.02908	0.34041	0.03280	0.15212	0.01473	0.00368	0.00678	0.01452	0.00551	0.00815

[dist]
# distance from previous block
# <min> <max>
0	4

[block]
# block no. 11 follows, 25 sequences, length 13
# corresponding to MSA columns:
# 465-477
name=unknown_L
#
# <colnr> <probs for GDERKNQSTAVLIFYWHMCP>
#	G	D	E	R	K	N	Q	S	T	A	V	L	I	F	Y	W	H	M	C	P
0	0.02296	0.06928	0.02730	0.02124	0.07365	0.08382	0.14880	0.16953	0.04934	0.08240	0.01750	0.01932	0.01319	0.00772	0.00738	0.00212	0.00916	0.00682	0.03538	0.13311
1	0.53584	0.01492	0.01442	0.11147	0.02150	0.01681	0.01085	0.05220	0.01543	0.08070	0.01323	0.01526	0.00988	0.00746	0.00564	0.00235	0.00677	0.00500	0.00508	0.05520
2	0.06612	0.01368	0.01640	0.01289	0.01801	0.01281	0.01042	0.07948	0.01869	0.15269	0.05354	0.02425	0.04947	0.01283	0.06306	0.00277	0.05944	0.00691	0.00605	0.32050
3	0.02394	0.01573	0.01836	0.01381	0.02019	0.01440	0.01122	0.17915	0.05709	0.18750	0.01989	0.01982	0.01437	0.00778	0.00683	0.00181	0.00664	0.00616	0.00672	0.36860
4	0.01922	0.32372	0.02590	0.01318	0.01818	0.02112	0.01152	0.02748	0.20494	0.07347	0.11200	0.02875	0.07044	0.01013	0.00688	0.00217	0.00661	0.00794	0.00608	0.01027
5	0.02303	0.01297	0.01507	0.01263	0.01679	0.01321	0.01006	0.12331	0.14176	0.22217	0.11116	0.03039	0.02628	0.01040	0.00740	0.00229	0.00569	0.00852	0.19609	0.01079
6	0.01136	0.00878	0.01104	0.01099	0.01330	0.00746	0.00777	0.01332	0.01520	0.02137	0.03437	0.51847	0.03979	0.01893	0.00870	0.00257	0.00486	0.01700	0.00645	0.22825
7	0.01608	0.01378	0.01608	0.01148	0.01837	0.01034	0.00919	0.01952	0.01608	0.02527	0.01378	0.01608	0.01148	0.00574	0.00574	0.00115	0.00574	0.00459	0.00459	0.77491
8	0.01233	0.01109	0.01990	0.01689	0.01977	0.01036	0.19313	0.01567	0.01736	0.02366	0.16986	0.37805	0.04454	0.01736	0.00952	0.00284	0.00679	0.01661	0.00654	0.00772
9	0.00981	0.00725	0.00918	0.01003	0.01121	0.00661	0.00701	0.01189	0.01724	0.02305	0.22012	0.43572	0.15991	0.02124	0.00957	0.00287	0.00418	0.01893	0.00756	0.00661
10	0.02915	0.02170	0.11104	0.01723	0.02408	0.01954	0.01563	0.38905	0.02959	0.23115	0.02148	0.02058	0.01449	0.00913	0.00772	0.00237	0.00836	0.00705	0.00769	0.01296
11	0.01347	0.00673	0.01010	0.01010	0.01010	0.00673	0.00673	0.01010	0.01010	0.01347	0.01347	0.02357	0.01347	0.02694	0.03030	0.77441	0.00673	0.00673	0.00337	0.00337
12	0.01841	0.01975	0.04005	0.02923	0.03584	0.01957	0.50957	0.06451	0.01852	0.02539	0.01575	0.02108	0.01225	0.01091	0.05813	0.00335	0.07459	0.00874	0.00414	0.01022

[dist]
