[name]
unknown

[dist]
# distance from previous block
# <min> <max>
4	33

[block]
# block no. 0 follows, 37 sequences, length 121
# corresponding to MSA columns:
# 34-116,127-164
name=unknown_A
#
# <colnr> <probs for GDERKNQSTAVLIFYWHMCP>
#	G	D	E	R	K	N	Q	S	T	A	V	L	I	F	Y	W	H	M	C	P
0	0.01836	0.01470	0.02006	0.02222	0.27901	0.05831	0.06299	0.19636	0.01811	0.11504	0.03033	0.05160	0.01313	0.02762	0.00684	0.00194	0.00690	0.00626	0.00462	0.04559
1	0.05231	0.01398	0.01849	0.01999	0.23694	0.03072	0.03739	0.21678	0.04864	0.10600	0.06651	0.03371	0.01469	0.00707	0.00603	0.00180	0.00628	0.00605	0.00493	0.07168
2	0.07284	0.07167	0.02049	0.02278	0.31902	0.04826	0.04461	0.11540	0.05188	0.06061	0.06199	0.05488	0.01476	0.00713	0.00596	0.00184	0.00657	0.00623	0.00425	0.00881
3	0.12287	0.09986	0.05709	0.03909	0.33201	0.04902	0.06940	0.05232	0.01421	0.05299	0.01140	0.01383	0.00910	0.00564	0.00552	0.00175	0.00712	0.00490	0.00344	0.04843
4	0.28947	0.01323	0.03144	0.01724	0.17911	0.01332	0.06287	0.07082	0.05406	0.13907	0.01473	0.01572	0.02793	0.00635	0.00537	0.00186	0.00597	0.00515	0.00448	0.04182
5	0.01441	0.01225	0.01863	0.02544	0.42210	0.02920	0.01393	0.01802	0.04660	0.07090	0.03751	0.12976	0.01780	0.00860	0.00640	0.00193	0.00616	0.05303	0.00419	0.06315
6	0.01945	0.01482	0.01575	0.05141	0.01824	0.05761	0.01072	0.31523	0.24825	0.09798	0.01963	0.05688	0.01521	0.00833	0.00626	0.00197	0.00613	0.02076	0.00592	0.00944
7	0.04084	0.01828	0.01966	0.01551	0.02005	0.24951	0.16550	0.06771	0.04256	0.09450	0.01340	0.01580	0.01045	0.00623	0.00585	0.00165	0.00812	0.02414	0.00408	0.17616
8	0.03178	0.07511	0.64787	0.01648	0.02486	0.01475	0.02072	0.02004	0.04352	0.03324	0.01162	0.01324	0.00834	0.00592	0.00568	0.00191	0.00855	0.00455	0.00286	0.00897
9	0.01392	0.04577	0.57246	0.01937	0.10760	0.04565	0.03516	0.02001	0.01347	0.05419	0.01158	0.01348	0.00837	0.00585	0.00583	0.00190	0.00871	0.00471	0.00291	0.00906
10	0.00798	0.00632	0.00668	0.00653	0.00858	0.00535	0.00492	0.00972	0.01450	0.03762	0.15116	0.05613	0.63348	0.01489	0.00720	0.00204	0.00313	0.01249	0.00588	0.00539
11	0.00865	0.00598	0.00764	0.00802	0.00877	0.00585	0.00548	0.00986	0.01155	0.03370	0.09806	0.30959	0.09366	0.22513	0.13541	0.00448	0.00619	0.01212	0.00492	0.00495
12	0.04105	0.03803	0.01693	0.01345	0.01764	0.20880	0.04425	0.14202	0.06578	0.29165	0.01779	0.01860	0.01285	0.00741	0.00602	0.00184	0.00725	0.03401	0.00558	0.00904
13	0.42027	0.01767	0.17219	0.01304	0.01834	0.04560	0.09317	0.07474	0.01353	0.06465	0.01087	0.01234	0.00799	0.00591	0.00500	0.00191	0.00674	0.00437	0.00381	0.00785
14	0.00890	0.00593	0.00668	0.00668	0.00668	0.00593	0.00371	0.00890	0.00890	0.01187	0.01929	0.04006	0.02225	0.78487	0.03116	0.00593	0.00593	0.00890	0.00371	0.00371
15	0.01517	0.01748	0.03307	0.02414	0.02959	0.08628	0.60494	0.01971	0.01435	0.01881	0.01179	0.01577	0.00906	0.00567	0.00800	0.00206	0.06622	0.00678	0.00307	0.00803
16	0.01656	0.01396	0.02377	0.01885	0.05242	0.01393	0.31737	0.05490	0.20859	0.12735	0.04537	0.02170	0.01546	0.00716	0.00675	0.00205	0.00739	0.03257	0.00494	0.00892
17	0.00746	0.00533	0.00710	0.00852	0.00888	0.00497	0.00568	0.00852	0.01172	0.01563	0.03374	0.78088	0.04049	0.01918	0.00781	0.00249	0.00355	0.01740	0.00568	0.00497
18	0.01156	0.01088	0.01836	0.77016	0.04216	0.01360	0.01700	0.01564	0.01224	0.01564	0.01088	0.01632	0.00816	0.00612	0.00612	0.00204	0.00816	0.00544	0.00272	0.00680
19	0.04324	0.02188	0.01656	0.05349	0.04952	0.44489	0.01147	0.08071	0.03203	0.13330	0.01371	0.04738	0.01094	0.00714	0.00579	0.00174	0.00885	0.00519	0.00425	0.00793
20	0.01286	0.11191	0.62853	0.01725	0.02570	0.01537	0.06754	0.01929	0.01297	0.01887	0.01081	0.01283	0.00787	0.00571	0.00571	0.00188	0.00886	0.00457	0.00262	0.00887
21	0.01440	0.01638	0.03539	0.02539	0.03132	0.01562	0.69454	0.01940	0.01423	0.01940	0.01220	0.01638	0.00924	0.00539	0.00777	0.00209	0.04244	0.00715	0.00308	0.00819
22	0.01212	0.01124	0.01877	0.66281	0.03908	0.01360	0.05135	0.05161	0.01317	0.01700	0.01211	0.04842	0.00969	0.00668	0.00625	0.00205	0.00800	0.00604	0.00304	0.00698
23	0.04471	0.01611	0.01658	0.01421	0.01712	0.23185	0.11052	0.02005	0.08585	0.06602	0.10972	0.05397	0.02028	0.04077	0.00843	0.00217	0.06001	0.06994	0.00453	0.00716
24	0.00787	0.00576	0.00749	0.00871	0.00950	0.00538	0.00631	0.00933	0.01246	0.01625	0.03736	0.55087	0.13579	0.01826	0.00785	0.00249	0.00387	0.14365	0.00567	0.00512
25	0.14310	0.00973	0.01132	0.00958	0.01296	0.00953	0.00774	0.07427	0.04605	0.28076	0.18592	0.03065	0.09944	0.00968	0.00625	0.00197	0.00452	0.04219	0.00635	0.00799
26	0.05942	0.04092	0.01706	0.01455	0.01817	0.47018	0.01126	0.16515	0.10681	0.02156	0.01233	0.01313	0.00965	0.00671	0.00561	0.00170	0.00903	0.00457	0.00414	0.00807
27	0.01711	0.01737	0.02304	0.03199	0.56427	0.14990	0.01703	0.06904	0.01559	0.02038	0.01136	0.01437	0.00942	0.00574	0.00597	0.00178	0.00792	0.00518	0.00327	0.00927
28	0.00753	0.00555	0.00705	0.00807	0.00880	0.00508	0.00552	0.00884	0.01260	0.01659	0.10330	0.59578	0.15691	0.01797	0.00766	0.00237	0.00342	0.01609	0.00578	0.00508
29	0.02241	0.05776	0.01802	0.01379	0.01819	0.17027	0.01118	0.41277	0.09553	0.09639	0.01520	0.01508	0.01103	0.00714	0.00590	0.00179	0.00728	0.00528	0.00548	0.00953
30	0.01302	0.02702	0.56784	0.01620	0.02384	0.01447	0.01938	0.02268	0.19408	0.02094	0.01448	0.01541	0.01049	0.00644	0.00592	0.00197	0.00799	0.00512	0.00350	0.00921
31	0.00818	0.00589	0.00772	0.00886	0.00961	0.00560	0.00648	0.00970	0.01245	0.01638	0.05935	0.46979	0.09089	0.07667	0.00969	0.00278	0.00419	0.18513	0.00556	0.00508
32	0.01241	0.03073	0.70901	0.01796	0.02683	0.01429	0.06582	0.01940	0.01302	0.01940	0.01107	0.01314	0.00785	0.00578	0.00590	0.00195	0.00912	0.00469	0.00262	0.00900
33	0.05047	0.00681	0.00894	0.00984	0.01111	0.00673	0.00783	0.01220	0.01301	0.05481	0.04751	0.29166	0.03384	0.05628	0.02961	0.00295	0.00514	0.34013	0.00552	0.00561
34	0.01471	0.48221	0.32392	0.01330	0.02008	0.02017	0.01539	0.01876	0.01263	0.01642	0.00951	0.01108	0.00781	0.00547	0.00469	0.00156	0.00756	0.00378	0.00260	0.00834
35	0.00814	0.00684	0.04025	0.00908	0.00995	0.00580	0.00660	0.03042	0.01228	0.01648	0.03217	0.72425	0.03815	0.01824	0.00767	0.00244	0.00389	0.01648	0.00556	0.00531
36	0.01970	0.02321	0.01968	0.07258	0.15267	0.46447	0.04267	0.04800	0.01613	0.01698	0.01015	0.01267	0.00839	0.00643	0.00675	0.00176	0.06227	0.00461	0.00318	0.00769
37	0.01228	0.03166	0.75316	0.01745	0.02649	0.01422	0.02262	0.01939	0.01292	0.01939	0.01099	0.01292	0.00775	0.00582	0.00582	0.00194	0.00905	0.00452	0.00258	0.00905
38	0.01339	0.01339	0.01875	0.01607	0.01607	0.01875	0.01339	0.01473	0.00937	0.01473	0.00804	0.01339	0.00804	0.01071	0.02009	0.00268	0.77367	0.00536	0.00268	0.00670
39	0.01467	0.01405	0.02397	0.13613	0.65191	0.01442	0.01855	0.01836	0.01371	0.01941	0.01143	0.01531	0.00949	0.00554	0.00607	0.00185	0.00739	0.00545	0.00299	0.00931
40	0.00973	0.00803	0.00883	0.00875	0.01095	0.00800	0.00683	0.01547	0.19493	0.01944	0.08048	0.08744	0.38226	0.01396	0.00720	0.00220	0.00394	0.11930	0.00587	0.00639
41	0.00866	0.00626	0.00818	0.00770	0.00914	0.00578	0.00578	0.01155	0.01733	0.02455	0.74346	0.04572	0.05776	0.01251	0.00722	0.00193	0.00289	0.01107	0.00674	0.00578
42	0.00731	0.00613	0.00635	0.00645	0.00835	0.00517	0.00478	0.00887	0.01389	0.01676	0.08491	0.11961	0.65908	0.01570	0.00728	0.00210	0.00313	0.01323	0.00572	0.00517
43	0.01477	0.40778	0.37218	0.01378	0.02080	0.01904	0.01617	0.01917	0.01282	0.03873	0.01015	0.01161	0.00803	0.00558	0.00489	0.00162	0.00769	0.00395	0.00275	0.00849
44	0.01610	0.01341	0.01519	0.01314	0.01686	0.01517	0.04522	0.06699	0.63462	0.05561	0.02374	0.02203	0.01765	0.00807	0.00627	0.00206	0.00523	0.00683	0.00612	0.00968
45	0.00755	0.00539	0.00721	0.00863	0.00902	0.00505	0.00584	0.00868	0.01181	0.01573	0.03369	0.75445	0.04029	0.01909	0.00784	0.00250	0.00363	0.04295	0.00568	0.00500
46	0.01496	0.05251	0.06352	0.07885	0.55497	0.03237	0.07668	0.01880	0.01383	0.01928	0.01133	0.01487	0.00934	0.00550	0.00603	0.00183	0.00772	0.00541	0.00298	0.00922
47	0.09327	0.14446	0.06753	0.01392	0.03671	0.17512	0.04246	0.05421	0.19806	0.03931	0.01521	0.05286	0.01253	0.00728	0.00582	0.00183	0.02145	0.00557	0.00422	0.00820
48	0.00980	0.00649	0.00842	0.00806	0.00967	0.00593	0.00610	0.01235	0.01635	0.07324	0.53219	0.11947	0.10759	0.01329	0.00727	0.00203	0.00327	0.04596	0.00655	0.00596
49	0.01677	0.53483	0.15104	0.01245	0.01806	0.11096	0.01273	0.05125	0.01385	0.01640	0.00932	0.01071	0.00796	0.00556	0.00454	0.00147	0.00752	0.00367	0.00284	0.00808
50	0.28130	0.04913	0.10255	0.01230	0.07500	0.01217	0.01010	0.03513	0.01259	0.04508	0.01127	0.03569	0.00929	0.00578	0.00473	0.00155	0.00550	0.00431	0.00371	0.28282
51	0.10687	0.32011	0.10794	0.01611	0.13310	0.06010	0.01291	0.09529	0.05905	0.02062	0.01100	0.01243	0.00894	0.00586	0.00493	0.00165	0.00691	0.00427	0.00344	0.00849
52	0.01163	0.01095	0.01849	0.75516	0.05659	0.01362	0.01704	0.01570	0.01227	0.01573	0.01089	0.01630	0.00819	0.00611	0.00612	0.00204	0.00814	0.00544	0.00273	0.00686
53	0.01488	0.01420	0.02386	0.09315	0.66004	0.01450	0.01825	0.01915	0.04554	0.01991	0.01205	0.01558	0.00997	0.00563	0.00607	0.00185	0.00723	0.00552	0.00315	0.00947
54	0.01141	0.00571	0.00571	0.00571	0.00713	0.00571	0.00428	0.01426	0.01284	0.02282	0.01997	0.02282	0.01569	0.00713	0.00428	0.00143	0.00285	0.00571	0.81886	0.00571
55	0.00885	0.00615	0.00777	0.00777	0.00815	0.00653	0.00507	0.00960	0.00923	0.01268	0.01829	0.03452	0.01985	0.52945	0.28329	0.00728	0.00955	0.00809	0.00356	0.00432
56	0.01224	0.01196	0.01915	0.69136	0.05948	0.04511	0.04310	0.01624	0.01258	0.01588	0.01089	0.01607	0.00823	0.00607	0.00613	0.00202	0.00834	0.00544	0.00276	0.00694
57	0.00880	0.00644	0.00918	0.01029	0.01130	0.00624	0.02611	0.01081	0.01293	0.01702	0.03255	0.41856	0.03716	0.01773	0.00811	0.00264	0.00473	0.34845	0.00559	0.00538
58	0.00862	0.00660	0.00729	0.00700	0.00897	0.00585	0.00525	0.01109	0.04127	0.04253	0.24295	0.05221	0.48590	0.03770	0.00789	0.00214	0.00326	0.01186	0.00599	0.00562
59	0.79998	0.01179	0.00918	0.00815	0.01197	0.01357	0.00671	0.01841	0.01067	0.05288	0.00907	0.01033	0.00693	0.00575	0.00387	0.00189	0.00475	0.00341	0.00392	0.00676
60	0.82811	0.01184	0.00900	0.00805	0.01184	0.01373	0.00663	0.01799	0.01042	0.02746	0.00852	0.00994	0.00663	0.00568	0.00379	0.00189	0.00474	0.00331	0.00379	0.00663
61	0.00839	0.00623	0.00781	0.00745	0.00898	0.00565	0.00557	0.01100	0.01661	0.02294	0.60795	0.06298	0.17942	0.01318	0.00723	0.00196	0.00294	0.01153	0.00653	0.00565
62	0.00746	0.00533	0.00710	0.00852	0.00888	0.00497	0.00568	0.00852	0.01172	0.01563	0.03374	0.78088	0.04049	0.01918	0.00781	0.00249	0.00355	0.01740	0.00568	0.00497
63	0.01168	0.00691	0.00746	0.00721	0.00899	0.00704	0.00553	0.01633	0.10560	0.03931	0.11959	0.02904	0.04600	0.00871	0.00524	0.00167	0.00329	0.03759	0.52648	0.00631
64	0.01254	0.06195	0.69214	0.01753	0.02629	0.01468	0.05298	0.01935	0.01297	0.01919	0.01095	0.01295	0.00783	0.00576	0.00580	0.00192	0.00900	0.00459	0.00261	0.00896
65	0.01262	0.01232	0.02195	0.53290	0.17346	0.01403	0.11174	0.01676	0.01285	0.01699	0.01120	0.01613	0.00860	0.00587	0.00626	0.00200	0.00828	0.00568	0.00283	0.00754
66	0.01521	0.01282	0.01478	0.01509	0.10350	0.01435	0.01049	0.02945	0.58124	0.05006	0.04069	0.02366	0.04466	0.00829	0.00626	0.00203	0.00504	0.00703	0.00588	0.00946
67	0.00866	0.00626	0.00818	0.00770	0.00914	0.00578	0.00578	0.01155	0.01733	0.02455	0.74346	0.04572	0.05776	0.01251	0.00722	0.00193	0.00289	0.01107	0.00674	0.00578
68	0.08157	0.01728	0.16985	0.04853	0.44636	0.01387	0.03130	0.01929	0.01370	0.06546	0.02831	0.01537	0.01041	0.00585	0.00588	0.00187	0.00728	0.00529	0.00336	0.00916
69	0.01463	0.39464	0.31951	0.01319	0.01966	0.03494	0.01501	0.01870	0.01313	0.03701	0.04422	0.01403	0.02554	0.00610	0.00500	0.00163	0.00738	0.00442	0.00300	0.00824
70	0.00877	0.00656	0.00817	0.00771	0.00933	0.00612	0.00580	0.01213	0.04934	0.02351	0.61882	0.04647	0.14883	0.01273	0.00718	0.00195	0.00301	0.01113	0.00657	0.00587
71	0.00792	0.00579	0.00753	0.00878	0.00948	0.00547	0.00624	0.00958	0.02627	0.01626	0.03578	0.60792	0.09899	0.01835	0.00782	0.00249	0.00382	0.11066	0.00569	0.00517
72	0.01269	0.01088	0.01269	0.00907	0.01451	0.00816	0.00725	0.01541	0.01269	0.01995	0.01088	0.01269	0.00907	0.00453	0.00453	0.00091	0.00453	0.00363	0.00363	0.82229
73	0.01536	0.01594	0.13778	0.01526	0.02002	0.06212	0.18425	0.03610	0.08137	0.13387	0.12941	0.02606	0.07966	0.00833	0.00663	0.00198	0.00695	0.02590	0.00489	0.00812
74	0.00752	0.00537	0.00716	0.00848	0.00889	0.00501	0.00569	0.00868	0.01200	0.01608	0.06976	0.74356	0.04136	0.01884	0.00778	0.00246	0.00352	0.01708	0.00574	0.00501
75	0.01117	0.01210	0.11558	0.01328	0.07919	0.00927	0.06770	0.03434	0.05107	0.04654	0.22953	0.05235	0.23141	0.01082	0.00682	0.00198	0.00509	0.00948	0.00521	0.00707
76	0.01523	0.03463	0.14013	0.01449	0.01902	0.04937	0.09430	0.11723	0.23430	0.04496	0.03504	0.07367	0.03147	0.00972	0.03068	0.00227	0.00701	0.03297	0.00490	0.00858
77	0.02258	0.02863	0.01763	0.01658	0.04594	0.73261	0.01209	0.02423	0.01722	0.01517	0.00954	0.01119	0.00795	0.00628	0.00554	0.00159	0.01090	0.00400	0.00315	0.00719
78	0.01401	0.01431	0.05383	0.11183	0.47869	0.01378	0.11120	0.01789	0.01355	0.01923	0.01261	0.03873	0.01067	0.00720	0.02929	0.00213	0.00788	0.00605	0.02835	0.00877
79	0.01418	0.23581	0.43133	0.01558	0.03853	0.01696	0.03686	0.02059	0.08144	0.03689	0.01201	0.01336	0.00909	0.00591	0.00539	0.00178	0.00786	0.00454	0.00309	0.00881
80	0.01437	0.01506	0.02808	0.04826	0.15013	0.04450	0.42467	0.04428	0.01417	0.01898	0.01312	0.01927	0.01112	0.11421	0.01022	0.00253	0.00901	0.00690	0.00327	0.00785
81	0.00742	0.00549	0.00694	0.00810	0.00877	0.00501	0.00549	0.00857	0.01213	0.01579	0.03887	0.64972	0.16833	0.01851	0.00771	0.00241	0.00347	0.01659	0.00568	0.00501
82	0.03702	0.01570	0.18501	0.01420	0.07303	0.01154	0.01256	0.04095	0.14417	0.15045	0.05071	0.02522	0.05919	0.00829	0.00618	0.00193	0.00598	0.06787	0.00500	0.08500
83	0.01517	0.01761	0.14858	0.05366	0.49669	0.03474	0.04111	0.02004	0.04975	0.04557	0.01248	0.01532	0.00989	0.00577	0.00605	0.00186	0.00761	0.00541	0.00327	0.00940
84	0.01096	0.00724	0.00886	0.00872	0.01034	0.00709	0.00636	0.01496	0.11485	0.08850	0.22118	0.29541	0.08011	0.05238	0.00826	0.00233	0.00377	0.01201	0.04033	0.00633
85	0.00979	0.00744	0.00810	0.00767	0.00998	0.00680	0.00600	0.07672	0.01576	0.04525	0.11397	0.05318	0.52828	0.01432	0.00720	0.00209	0.00371	0.07191	0.00588	0.00593
86	0.04424	0.14211	0.38273	0.04096	0.09049	0.01582	0.05729	0.02074	0.09539	0.03594	0.01252	0.01415	0.00942	0.00598	0.00561	0.00185	0.00782	0.00486	0.00324	0.00882
87	0.06786	0.04296	0.03475	0.03259	0.12439	0.06287	0.01130	0.15152	0.13236	0.15611	0.02066	0.03660	0.06555	0.00802	0.00604	0.00191	0.00613	0.02420	0.00526	0.00893
88	0.09913	0.00641	0.00771	0.00834	0.00932	0.00638	0.00590	0.01046	0.01239	0.01832	0.15919	0.42900	0.03703	0.08750	0.03738	0.00292	0.00436	0.04763	0.00539	0.00524
89	0.01858	0.02242	0.06430	0.01898	0.12174	0.37214	0.04342	0.03837	0.09981	0.01789	0.01170	0.01375	0.00953	0.00697	0.00779	0.00187	0.11441	0.00491	0.00346	0.00795
90	0.04797	0.19517	0.45820	0.04779	0.07940	0.03551	0.01847	0.01902	0.01287	0.01841	0.01033	0.01238	0.00790	0.00568	0.00534	0.00178	0.00819	0.00429	0.00270	0.00859
91	0.01442	0.12369	0.03350	0.02241	0.02795	0.01646	0.55846	0.01884	0.01403	0.01884	0.04238	0.01665	0.01106	0.00576	0.00742	0.00198	0.04823	0.00674	0.00316	0.00802
92	0.00761	0.00561	0.00704	0.00794	0.00870	0.00513	0.00542	0.00890	0.01259	0.01656	0.11272	0.54152	0.16779	0.05149	0.00867	0.00250	0.00351	0.01556	0.00571	0.00504
93	0.03430	0.01211	0.01271	0.01124	0.01437	0.04387	0.00878	0.09542	0.36958	0.07932	0.11547	0.02758	0.07784	0.00986	0.00716	0.03806	0.00498	0.02298	0.00599	0.00840
94	0.01625	0.01385	0.02347	0.09119	0.58664	0.01387	0.03911	0.01983	0.01423	0.10299	0.01293	0.01593	0.01019	0.00574	0.00611	0.00185	0.00720	0.00559	0.00353	0.00951
95	0.01515	0.01454	0.02485	0.03757	0.74669	0.01454	0.01879	0.01879	0.01394	0.02000	0.01151	0.01515	0.00970	0.00545	0.00606	0.00182	0.00727	0.00545	0.00303	0.00970
96	0.75361	0.01199	0.00966	0.00845	0.01233	0.01371	0.00696	0.04840	0.01155	0.06466	0.00958	0.01070	0.00722	0.00585	0.00401	0.00189	0.00484	0.00355	0.00408	0.00698
97	0.01241	0.01344	0.09989	0.01619	0.06894	0.01147	0.17746	0.06302	0.04609	0.03450	0.08816	0.10938	0.14210	0.01025	0.00762	0.00211	0.04535	0.03964	0.00458	0.00741
98	0.01243	0.03060	0.70295	0.01803	0.02688	0.01430	0.07176	0.01940	0.01303	0.01940	0.01108	0.01317	0.00786	0.00577	0.00591	0.00195	0.00914	0.00471	0.00262	0.00899
99	0.00732	0.00604	0.00643	0.00668	0.00841	0.00515	0.00488	0.00881	0.01362	0.01657	0.07468	0.19629	0.59176	0.01612	0.00734	0.00214	0.00318	0.01373	0.00571	0.00515
100	0.02152	0.02702	0.01656	0.01511	0.01809	0.68891	0.01135	0.02319	0.01696	0.01536	0.04209	0.01322	0.01045	0.00859	0.04392	0.00201	0.01095	0.00439	0.00332	0.00696
101	0.01419	0.10996	0.38989	0.02288	0.23517	0.01536	0.06594	0.01943	0.01341	0.04168	0.01136	0.01371	0.00866	0.00566	0.00578	0.00184	0.00821	0.00488	0.00291	0.00909
102	0.00890	0.00624	0.00845	0.00845	0.00904	0.00683	0.00592	0.00995	0.00936	0.01307	0.01730	0.03035	0.01792	0.34794	0.42471	0.04853	0.01155	0.00746	0.00342	0.00461
103	0.01413	0.01348	0.02260	0.09065	0.62359	0.01359	0.01732	0.01761	0.01381	0.01934	0.01620	0.01934	0.07844	0.00645	0.00617	0.00186	0.00695	0.00615	0.00326	0.00905
104	0.01236	0.08022	0.66785	0.01649	0.02490	0.01445	0.02096	0.01892	0.01312	0.01932	0.04800	0.01438	0.01030	0.00612	0.00576	0.00190	0.00857	0.00477	0.00280	0.00880
105	0.01428	0.05068	0.22903	0.02901	0.46783	0.01460	0.01878	0.01924	0.03678	0.01987	0.01194	0.01479	0.00955	0.00569	0.00585	0.00183	0.00753	0.00516	0.02826	0.00931
106	0.01332	0.01339	0.01655	0.01452	0.01495	0.08429	0.01177	0.01469	0.01013	0.01447	0.01010	0.01658	0.01004	0.07379	0.11524	0.00375	0.54753	0.00565	0.00288	0.00635
107	0.02186	0.09898	0.01972	0.01567	0.01927	0.60800	0.04705	0.06751	0.01746	0.01663	0.00984	0.01142	0.00811	0.00622	0.00549	0.00159	0.01031	0.00414	0.00329	0.00743
108	0.00731	0.00613	0.00636	0.00647	0.00836	0.00517	0.00479	0.00887	0.01389	0.01678	0.08733	0.12307	0.65309	0.01571	0.00729	0.00210	0.00313	0.01325	0.00573	0.00517
109	0.04207	0.01273	0.02118	0.40706	0.29359	0.01430	0.04903	0.03822	0.01332	0.01847	0.01115	0.01557	0.00878	0.00595	0.00636	0.00196	0.02380	0.00545	0.00299	0.00801
110	0.00764	0.00611	0.00668	0.00671	0.00836	0.00532	0.00487	0.00927	0.01398	0.01755	0.17991	0.11890	0.50221	0.07412	0.00911	0.00237	0.00332	0.01267	0.00572	0.00515
111	0.04829	0.01200	0.01985	0.51543	0.12016	0.01444	0.05988	0.01625	0.01216	0.01681	0.01061	0.01557	0.00833	0.00651	0.00773	0.00208	0.09843	0.00545	0.00282	0.00721
112	0.64145	0.01297	0.04438	0.08055	0.01587	0.01421	0.00885	0.05284	0.01157	0.02602	0.00914	0.01105	0.00707	0.00602	0.00488	0.00194	0.03678	0.00376	0.00370	0.00694
113	0.04004	0.01631	0.14048	0.01862	0.02395	0.01312	0.34890	0.01861	0.03604	0.06735	0.01768	0.07700	0.05843	0.00751	0.00734	0.00203	0.04604	0.00745	0.00380	0.04931
114	0.05413	0.44373	0.13564	0.01353	0.01893	0.02024	0.08558	0.05024	0.01313	0.01756	0.00958	0.01155	0.00809	0.00584	0.00592	0.00163	0.06738	0.00414	0.00291	0.03025
115	0.03159	0.26375	0.17551	0.08361	0.02011	0.07341	0.01316	0.08576	0.01474	0.03417	0.03378	0.05230	0.02945	0.00735	0.00546	0.00175	0.00711	0.03518	0.00360	0.02821
116	0.04877	0.04734	0.06524	0.00993	0.01304	0.00938	0.00838	0.04900	0.03615	0.10783	0.08838	0.19841	0.08666	0.04526	0.00784	0.00213	0.02516	0.03596	0.00516	0.10996
117	0.05613	0.01457	0.03972	0.01755	0.12219	0.05949	0.14002	0.08459	0.01568	0.14187	0.01423	0.01675	0.01089	0.00611	0.00583	0.00167	0.00686	0.02662	0.00433	0.21488
118	0.07248	0.13695	0.13170	0.07907	0.02157	0.01490	0.09997	0.09116	0.03156	0.16171	0.01376	0.01488	0.00997	0.00618	0.00580	0.00177	0.01906	0.00506	0.00423	0.07823
119	0.13194	0.06861	0.14635	0.02962	0.07461	0.01427	0.12104	0.05806	0.05902	0.06970	0.01459	0.01618	0.03955	0.00651	0.00634	0.00184	0.04492	0.00537	0.00386	0.08764
120	0.09210	0.01861	0.18271	0.01526	0.03987	0.07853	0.10590	0.13332	0.03340	0.09687	0.05277	0.01826	0.04849	0.00698	0.00596	0.00185	0.00724	0.00582	0.00440	0.05167

[dist]
# distance from previous block
# <min> <max>
1	31

[block]
# block no. 1 follows, 37 sequences, length 10
# corresponding to MSA columns:
# 197-206
name=unknown_B
#
# <colnr> <probs for GDERKNQSTAVLIFYWHMCP>
#	G	D	E	R	K	N	Q	S	T	A	V	L	I	F	Y	W	H	M	C	P
0	0.06954	0.04921	0.03728	0.01523	0.11080	0.06503	0.03020	0.19147	0.04151	0.07820	0.08514	0.01737	0.01471	0.00675	0.00566	0.00165	0.00615	0.00546	0.00473	0.16392
1	0.09047	0.09173	0.07657	0.02190	0.27717	0.01542	0.05293	0.13112	0.04321	0.10552	0.01337	0.01487	0.01012	0.00609	0.00569	0.00180	0.00681	0.00518	0.00416	0.02588
2	0.05147	0.22332	0.22103	0.01342	0.01955	0.01689	0.03442	0.17113	0.01657	0.09486	0.01236	0.01323	0.00918	0.00604	0.00527	0.00167	0.00701	0.00452	0.00399	0.07406
3	0.09654	0.04754	0.08014	0.03359	0.01891	0.04480	0.07958	0.12617	0.07309	0.23320	0.01766	0.02040	0.01326	0.00763	0.00642	0.00198	0.02687	0.05808	0.00525	0.00888
4	0.08974	0.01580	0.01837	0.07678	0.28182	0.13263	0.01328	0.06717	0.06897	0.02121	0.01198	0.01423	0.00963	0.00584	0.00552	0.00167	0.00702	0.00482	0.00365	0.14987
5	0.11868	0.01213	0.01646	0.33144	0.07559	0.01331	0.01291	0.12472	0.01531	0.11199	0.01283	0.01534	0.00937	0.00620	0.00565	0.00183	0.00668	0.00507	0.00409	0.10040
6	0.02034	0.02217	0.01731	0.09020	0.05131	0.42768	0.01241	0.17335	0.01887	0.02064	0.01289	0.01776	0.01100	0.00744	0.00600	0.00180	0.00918	0.06792	0.00397	0.00776
7	0.01331	0.00989	0.01113	0.07805	0.01438	0.08160	0.00799	0.01654	0.04009	0.12660	0.44048	0.03470	0.05640	0.01032	0.00669	0.00188	0.00462	0.00885	0.00601	0.03047
8	0.00775	0.00585	0.00720	0.00789	0.00900	0.00530	0.00567	0.00938	0.01345	0.01754	0.15861	0.40068	0.24934	0.01685	0.00759	0.00229	0.00345	0.06109	0.00585	0.00521
9	0.00878	0.00640	0.00835	0.00826	0.00975	0.00597	0.00646	0.01156	0.01646	0.02277	0.55798	0.05112	0.10505	0.01357	0.00745	0.00210	0.00342	0.14237	0.00645	0.00570

[dist]
# distance from previous block
# <min> <max>
1	9

# created by:
# /home/cegg/simao/soft/augustus-3.2.1/scripts/msa2prfl.pl ./align_prep/EOG090W0L1Y.fa
