[name]
unknown

[dist]
# distance from previous block
# <min> <max>
1	5

[block]
# block no. 0 follows, 29 sequences, length 22
# corresponding to MSA columns:
# 9-30
name=unknown_A
#
# <colnr> <probs for GDERKNQSTAVLIFYWHMCP>
#	G	D	E	R	K	N	Q	S	T	A	V	L	I	F	Y	W	H	M	C	P
0	0.09829	0.01137	0.01146	0.01093	0.01260	0.07242	0.00788	0.01706	0.07565	0.03735	0.09979	0.12570	0.02774	0.23523	0.08539	0.00461	0.04463	0.00996	0.00524	0.00669
1	0.01036	0.00690	0.00777	0.00777	0.00777	0.00690	0.00431	0.01036	0.01036	0.01381	0.02244	0.04660	0.02589	0.74975	0.03624	0.00690	0.00690	0.01036	0.00431	0.00431
2	0.75966	0.01368	0.01078	0.00954	0.01400	0.01568	0.00786	0.02166	0.01255	0.06762	0.01087	0.01223	0.00823	0.00673	0.00455	0.00220	0.00554	0.00403	0.00464	0.00794
3	0.01428	0.03683	0.71286	0.02030	0.03082	0.01654	0.02631	0.02255	0.01503	0.02255	0.01278	0.01503	0.00902	0.00677	0.00677	0.00226	0.01052	0.00526	0.00301	0.01052
4	0.00913	0.00715	0.00827	0.00818	0.01011	0.00628	0.00606	0.01153	0.01763	0.02301	0.33066	0.12346	0.37914	0.01698	0.00847	0.00238	0.00355	0.01461	0.00712	0.00628
5	0.01283	0.01311	0.05166	0.01071	0.01356	0.10255	0.00873	0.04640	0.01936	0.02483	0.35748	0.04833	0.23559	0.01386	0.00799	0.00223	0.00531	0.01165	0.00662	0.00719
6	0.01236	0.02302	0.36905	0.01556	0.02165	0.01278	0.03616	0.01735	0.01425	0.02005	0.02638	0.07131	0.13897	0.10526	0.04424	0.00337	0.04707	0.00877	0.00409	0.00830
7	0.01482	0.01282	0.01559	0.04163	0.04496	0.01004	0.00943	0.01809	0.01480	0.02300	0.01268	0.01505	0.01053	0.00539	0.00542	0.00115	0.00557	0.00439	0.00415	0.73048
8	0.02465	0.05440	0.02152	0.01596	0.02123	0.05284	0.04283	0.46982	0.05328	0.07789	0.07705	0.02062	0.01724	0.00884	0.00714	0.00213	0.00768	0.00696	0.00677	0.01117
9	0.02557	0.01920	0.02052	0.01608	0.02151	0.02138	0.01317	0.57819	0.13932	0.04245	0.01900	0.01862	0.01366	0.00873	0.00714	0.00218	0.00748	0.00667	0.00714	0.01197
10	0.01345	0.01266	0.02136	0.73264	0.04904	0.01582	0.01978	0.01819	0.01424	0.01819	0.01266	0.01898	0.00949	0.00712	0.00712	0.00237	0.00949	0.00633	0.00316	0.00791
11	0.02806	0.01399	0.01669	0.01331	0.01834	0.04391	0.01080	0.09595	0.11249	0.48423	0.06507	0.02502	0.02012	0.00917	0.00721	0.00221	0.00632	0.00742	0.00815	0.01152
12	0.01048	0.00745	0.00855	0.00872	0.00932	0.00746	0.00546	0.01252	0.06439	0.01685	0.05921	0.18071	0.07075	0.47787	0.02594	0.00532	0.00592	0.01246	0.00527	0.00534
13	0.01165	0.00646	0.00917	0.00917	0.00953	0.00645	0.00624	0.00974	0.01025	0.01353	0.01970	0.02847	0.08475	0.06823	0.08799	0.59676	0.00711	0.00746	0.00359	0.00375
14	0.08754	0.43599	0.15231	0.01358	0.01972	0.07953	0.01392	0.02111	0.01486	0.01937	0.01439	0.04782	0.03914	0.00759	0.00546	0.00184	0.00805	0.00534	0.00352	0.00891
15	0.04039	0.53984	0.11060	0.04582	0.02077	0.06466	0.01378	0.02118	0.01487	0.01807	0.01343	0.01503	0.04269	0.00688	0.00522	0.00173	0.00808	0.00468	0.00329	0.00900
16	0.01470	0.23007	0.21841	0.01309	0.01823	0.01577	0.01375	0.01792	0.01366	0.01924	0.03334	0.01891	0.01328	0.01424	0.07121	0.14476	0.00848	0.00561	0.10751	0.00781
17	0.01723	0.44705	0.12920	0.01315	0.01877	0.02193	0.01318	0.07379	0.01560	0.01975	0.01434	0.06659	0.01373	0.07366	0.03265	0.00258	0.00815	0.00607	0.00376	0.00884
18	0.01663	0.21876	0.40239	0.01718	0.02515	0.01988	0.01992	0.08640	0.01675	0.02328	0.04566	0.01617	0.01219	0.00742	0.00711	0.00209	0.04395	0.00541	0.00366	0.01000
19	0.04076	0.31762	0.16959	0.01469	0.02083	0.07481	0.01477	0.10958	0.04776	0.02342	0.05301	0.01698	0.01384	0.00972	0.04228	0.00238	0.00884	0.00543	0.00417	0.00953
20	0.01506	0.10726	0.29150	0.01593	0.03876	0.06740	0.01633	0.02046	0.04794	0.04075	0.05209	0.06522	0.04940	0.05620	0.08218	0.00340	0.00958	0.00749	0.00422	0.00884
21	0.01718	0.07816	0.20062	0.01379	0.01988	0.01416	0.01377	0.09596	0.05677	0.09543	0.02345	0.05605	0.08505	0.04118	0.00796	0.00222	0.00705	0.00738	0.02206	0.14191

[dist]
# distance from previous block
# <min> <max>
13	28

[block]
# block no. 1 follows, 29 sequences, length 25
# corresponding to MSA columns:
# 66-90
name=unknown_B
#
# <colnr> <probs for GDERKNQSTAVLIFYWHMCP>
#	G	D	E	R	K	N	Q	S	T	A	V	L	I	F	Y	W	H	M	C	P
0	0.05042	0.01612	0.09245	0.01661	0.09785	0.03979	0.01275	0.08841	0.11220	0.12456	0.02908	0.05792	0.12944	0.01113	0.00812	0.03499	0.00669	0.02687	0.00588	0.03873
1	0.01518	0.01364	0.01556	0.01390	0.07225	0.04942	0.00983	0.01950	0.06957	0.02284	0.01701	0.10020	0.01565	0.00779	0.00608	0.00150	0.00584	0.00657	0.00465	0.53299
2	0.07887	0.02114	0.09979	0.01677	0.05765	0.17312	0.04413	0.13673	0.05923	0.02592	0.04576	0.04287	0.09603	0.03432	0.00794	0.00229	0.00833	0.00751	0.00506	0.03655
3	0.01963	0.15054	0.07674	0.04371	0.20797	0.04486	0.03679	0.08202	0.04249	0.09709	0.03248	0.01875	0.01338	0.02829	0.00893	0.00227	0.07319	0.00623	0.00452	0.01012
4	0.01228	0.00925	0.01009	0.00940	0.01188	0.00890	0.00706	0.10039	0.03969	0.02352	0.07360	0.12386	0.30793	0.09345	0.01087	0.00280	0.00479	0.03573	0.07097	0.04355
5	0.07374	0.27960	0.14464	0.02264	0.21669	0.07334	0.01678	0.02168	0.01514	0.02060	0.01206	0.01557	0.01041	0.04105	0.00725	0.00214	0.00856	0.00515	0.00338	0.00959
6	0.01526	0.04693	0.01725	0.07301	0.11916	0.01417	0.01230	0.02386	0.24243	0.05292	0.05493	0.16089	0.06278	0.01221	0.00822	0.00245	0.03349	0.03259	0.00595	0.00917
7	0.00945	0.00659	0.00835	0.00946	0.00984	0.00634	0.00624	0.01044	0.01277	0.01699	0.03360	0.46287	0.03964	0.26134	0.01808	0.00424	0.00523	0.06732	0.00585	0.00536
8	0.00899	0.00693	0.00813	0.00851	0.00998	0.00628	0.00604	0.01075	0.01531	0.01969	0.14765	0.25351	0.33001	0.08209	0.05011	0.00339	0.00485	0.01539	0.00644	0.00593
9	0.00938	0.00703	0.00832	0.00836	0.00981	0.00638	0.00591	0.01139	0.01636	0.02167	0.29251	0.16284	0.25962	0.13331	0.01292	0.00313	0.00412	0.01429	0.00670	0.00597
10	0.01058	0.00737	0.00861	0.00847	0.01039	0.00652	0.00616	0.01260	0.01661	0.06608	0.22024	0.16252	0.33984	0.07873	0.01077	0.00280	0.00406	0.01437	0.00687	0.00641
11	0.01626	0.06313	0.53708	0.01958	0.02817	0.11405	0.02319	0.02289	0.01539	0.02119	0.01215	0.01463	0.00907	0.00726	0.00793	0.00224	0.06755	0.00519	0.00311	0.00994
12	0.59008	0.01574	0.05068	0.01121	0.01601	0.01673	0.00968	0.07633	0.10508	0.03218	0.01320	0.01421	0.01001	0.00718	0.00513	0.00223	0.00599	0.00470	0.00493	0.00870
13	0.04587	0.05558	0.13703	0.04349	0.21244	0.04301	0.04727	0.06075	0.01668	0.02407	0.03757	0.04090	0.01349	0.00715	0.00654	0.00191	0.00794	0.00617	0.00407	0.18805
14	0.04292	0.01406	0.05306	0.04325	0.09473	0.05988	0.01237	0.07021	0.01604	0.02210	0.04944	0.11639	0.05636	0.03828	0.13106	0.00406	0.06118	0.06320	0.00484	0.04657
15	0.01215	0.00854	0.01018	0.01000	0.01217	0.00815	0.00755	0.04359	0.07032	0.06984	0.18331	0.23135	0.22869	0.01683	0.00845	0.00253	0.00439	0.05765	0.00708	0.00722
16	0.08781	0.01582	0.07144	0.01853	0.14467	0.01490	0.01306	0.14042	0.13205	0.07410	0.02776	0.05341	0.12290	0.04164	0.00838	0.00247	0.00664	0.00840	0.00581	0.00979
17	0.20709	0.24102	0.07383	0.01450	0.03981	0.04349	0.01280	0.04914	0.03840	0.04821	0.01193	0.01401	0.00983	0.00760	0.00811	0.00208	0.12171	0.00481	0.00400	0.04763
18	0.01145	0.00782	0.00891	0.00869	0.00940	0.00791	0.00550	0.05951	0.01318	0.01789	0.05227	0.11039	0.05318	0.51778	0.04879	0.00574	0.00666	0.01104	0.03855	0.00534
19	0.01672	0.00927	0.01138	0.01021	0.01295	0.00870	0.00777	0.03357	0.06325	0.20947	0.15843	0.09573	0.14406	0.11814	0.01191	0.00300	0.00508	0.03871	0.03357	0.00807
20	0.08307	0.06967	0.14553	0.11361	0.13475	0.10286	0.04972	0.09264	0.06298	0.02456	0.01498	0.04753	0.01225	0.00777	0.00673	0.00218	0.00892	0.00638	0.00421	0.00968
21	0.04751	0.01803	0.04923	0.05001	0.12343	0.08896	0.14043	0.11399	0.04385	0.14901	0.01941	0.08973	0.01583	0.00886	0.00738	0.00226	0.00856	0.00800	0.00543	0.01009
22	0.01637	0.01054	0.01390	0.01192	0.01482	0.03092	0.07327	0.04798	0.04501	0.12569	0.10657	0.09685	0.02594	0.03632	0.06526	0.00300	0.00660	0.00912	0.25187	0.00804
23	0.01107	0.00937	0.04018	0.01080	0.01246	0.00853	0.00826	0.06755	0.01661	0.02254	0.16932	0.40714	0.09304	0.04522	0.01026	0.00279	0.03599	0.01562	0.00651	0.00675
24	0.01253	0.01204	0.03901	0.01439	0.03669	0.06973	0.10518	0.01520	0.01510	0.02030	0.05438	0.34589	0.05881	0.03693	0.03700	0.00295	0.00689	0.01342	0.09659	0.00700

[dist]
# distance from previous block
# <min> <max>
0	3

[block]
# block no. 2 follows, 29 sequences, length 7
# corresponding to MSA columns:
# 94-100
name=unknown_C
#
# <colnr> <probs for GDERKNQSTAVLIFYWHMCP>
#	G	D	E	R	K	N	Q	S	T	A	V	L	I	F	Y	W	H	M	C	P
0	0.05159	0.01385	0.06177	0.04431	0.01967	0.01288	0.07565	0.09792	0.08501	0.12225	0.06672	0.15295	0.06460	0.01217	0.00810	0.00245	0.02458	0.04620	0.02834	0.00899
1	0.01613	0.07109	0.15908	0.12381	0.25393	0.01628	0.05613	0.04813	0.01618	0.02297	0.01480	0.02010	0.01216	0.00724	0.00679	0.00211	0.00852	0.03455	0.05460	0.05540
2	0.01558	0.01509	0.10557	0.04623	0.10417	0.01187	0.01281	0.08760	0.01778	0.06689	0.09117	0.11687	0.07437	0.01038	0.00710	0.00205	0.00632	0.00891	0.02879	0.17044
3	0.01365	0.01006	0.01050	0.00966	0.01222	0.05143	0.00727	0.03853	0.04260	0.09839	0.21317	0.08099	0.30075	0.06677	0.01006	0.00264	0.00485	0.01233	0.00686	0.00727
4	0.04572	0.01625	0.09904	0.01391	0.06435	0.10042	0.01123	0.06196	0.01760	0.10525	0.05017	0.02261	0.01688	0.00815	0.00604	0.00192	0.00644	0.00642	0.33698	0.00866
5	0.04950	0.02992	0.06742	0.01787	0.12271	0.01299	0.05869	0.08405	0.06725	0.05918	0.10141	0.09296	0.14007	0.03112	0.00839	0.00246	0.00649	0.03289	0.00577	0.00885
6	0.04162	0.00937	0.01155	0.01320	0.09639	0.00896	0.00846	0.05992	0.01715	0.02295	0.13978	0.17901	0.30575	0.04258	0.00914	0.00257	0.00476	0.01341	0.00627	0.00715

[dist]
# distance from previous block
# <min> <max>
3	22

[block]
# block no. 3 follows, 29 sequences, length 8
# corresponding to MSA columns:
# 126-133
name=unknown_D
#
# <colnr> <probs for GDERKNQSTAVLIFYWHMCP>
#	G	D	E	R	K	N	Q	S	T	A	V	L	I	F	Y	W	H	M	C	P
0	0.13555	0.01230	0.03615	0.01134	0.01475	0.01188	0.00916	0.15752	0.01884	0.02795	0.11062	0.16381	0.09028	0.05106	0.00883	0.00254	0.00560	0.04828	0.00608	0.07747
1	0.05360	0.05723	0.01737	0.04924	0.05060	0.01574	0.01133	0.24055	0.09490	0.06252	0.04760	0.11849	0.06621	0.01321	0.04387	0.00273	0.00703	0.00902	0.02924	0.00953
2	0.01331	0.01213	0.06144	0.01553	0.07839	0.01061	0.06021	0.04794	0.07111	0.05337	0.10880	0.25267	0.11097	0.03732	0.03020	0.00288	0.00630	0.01277	0.00603	0.00801
3	0.01048	0.00875	0.01073	0.01029	0.01187	0.00942	0.00784	0.01326	0.04878	0.01887	0.07680	0.07931	0.30451	0.08790	0.16911	0.00488	0.10367	0.01162	0.00544	0.00647
4	0.01191	0.01059	0.04446	0.05725	0.08143	0.01111	0.01141	0.01421	0.01189	0.01698	0.01689	0.02636	0.01604	0.11405	0.39293	0.06700	0.07768	0.00739	0.00365	0.00676
5	0.01622	0.07139	0.04168	0.03972	0.08011	0.11580	0.12650	0.05685	0.01739	0.02182	0.07992	0.06210	0.12241	0.02931	0.00931	0.00242	0.05468	0.03927	0.00479	0.00831
6	0.04585	0.01152	0.01512	0.01631	0.11810	0.03518	0.02812	0.01690	0.01628	0.06592	0.14915	0.13901	0.12756	0.01310	0.00891	0.00235	0.06011	0.04809	0.00576	0.07668
7	0.09051	0.09784	0.04887	0.01675	0.07051	0.08953	0.01310	0.23396	0.09258	0.11309	0.01829	0.05272	0.01430	0.00858	0.00664	0.00212	0.00765	0.00661	0.00586	0.01050

[dist]
# distance from previous block
# <min> <max>
0	4

[block]
# block no. 4 follows, 29 sequences, length 6
# corresponding to MSA columns:
# 138-143
name=unknown_E
#
# <colnr> <probs for GDERKNQSTAVLIFYWHMCP>
#	G	D	E	R	K	N	Q	S	T	A	V	L	I	F	Y	W	H	M	C	P
0	0.01431	0.03949	0.01819	0.04605	0.11391	0.01303	0.07139	0.06901	0.12987	0.02483	0.13049	0.19763	0.07638	0.01281	0.00789	0.00240	0.00616	0.01154	0.00597	0.00865
1	0.01039	0.00745	0.01055	0.04819	0.01345	0.00818	0.00843	0.01274	0.01263	0.01812	0.02483	0.19487	0.02561	0.07252	0.37881	0.00738	0.01232	0.04091	0.08637	0.00624
2	0.05720	0.00718	0.00837	0.00892	0.01040	0.00667	0.00636	0.01143	0.01567	0.02153	0.18822	0.36206	0.23346	0.01849	0.00847	0.00257	0.00390	0.01620	0.00674	0.00617
3	0.04915	0.00808	0.00912	0.00838	0.01076	0.00765	0.00633	0.01816	0.01603	0.14894	0.09722	0.06470	0.10931	0.07470	0.00898	0.00243	0.00429	0.00915	0.33923	0.00737
4	0.01339	0.01058	0.01121	0.01052	0.01301	0.04809	0.00793	0.06337	0.09770	0.05591	0.23284	0.16431	0.21318	0.01511	0.00813	0.00238	0.00477	0.01294	0.00701	0.00762
5	0.01114	0.00811	0.00972	0.00936	0.01104	0.00816	0.00701	0.04579	0.01674	0.02345	0.22176	0.13777	0.19003	0.05195	0.05989	0.00318	0.04477	0.01225	0.12126	0.00661

[dist]
# distance from previous block
# <min> <max>
2	4

[block]
# block no. 5 follows, 29 sequences, length 12
# corresponding to MSA columns:
# 148-159
name=unknown_F
#
# <colnr> <probs for GDERKNQSTAVLIFYWHMCP>
#	G	D	E	R	K	N	Q	S	T	A	V	L	I	F	Y	W	H	M	C	P
0	0.02021	0.39717	0.06960	0.01772	0.09909	0.19858	0.01426	0.02301	0.01615	0.01844	0.01093	0.01293	0.00948	0.00642	0.00549	0.00168	0.00903	0.00441	0.00333	0.06207
1	0.01333	0.04777	0.06027	0.01154	0.01451	0.05767	0.00936	0.01769	0.09287	0.05461	0.07422	0.31185	0.13087	0.01530	0.00787	0.00241	0.00553	0.01323	0.00611	0.05300
2	0.05388	0.01472	0.01737	0.01989	0.18169	0.07681	0.01240	0.03911	0.15704	0.09670	0.05305	0.04719	0.06067	0.07756	0.05782	0.00326	0.00781	0.00814	0.00554	0.00934
3	0.01854	0.05819	0.01821	0.03147	0.03203	0.16019	0.04851	0.09252	0.06408	0.06724	0.02151	0.17655	0.02059	0.03873	0.04375	0.00285	0.03380	0.00928	0.03060	0.03136
4	0.02467	0.01535	0.01735	0.01390	0.01858	0.01626	0.01115	0.31062	0.14234	0.21508	0.02281	0.02367	0.01674	0.07528	0.00968	0.00261	0.00671	0.00726	0.03887	0.01105
5	0.52466	0.01596	0.01300	0.01130	0.01559	0.08294	0.00905	0.09063	0.04877	0.07020	0.01337	0.01548	0.01048	0.04445	0.00677	0.00241	0.00655	0.00491	0.00501	0.00847
6	0.01525	0.07187	0.35335	0.04264	0.06642	0.05057	0.08739	0.02195	0.05473	0.02194	0.01820	0.05262	0.05092	0.00809	0.00695	0.00218	0.00919	0.00690	0.00382	0.05503
7	0.00926	0.00698	0.00779	0.00796	0.00922	0.00634	0.00536	0.01056	0.01437	0.01831	0.11829	0.15505	0.32279	0.25601	0.01755	0.00392	0.00473	0.01402	0.00600	0.00550
8	0.01334	0.01016	0.01148	0.01069	0.01321	0.01054	0.00803	0.04879	0.21805	0.04326	0.23322	0.10987	0.13925	0.06331	0.00982	0.00267	0.00464	0.01170	0.02990	0.00807
9	0.04318	0.06868	0.29717	0.01911	0.06363	0.08779	0.07548	0.04864	0.01622	0.02212	0.01973	0.10368	0.06150	0.00953	0.00761	0.00228	0.03253	0.00789	0.00405	0.00919
10	0.01806	0.01756	0.12586	0.02072	0.15274	0.06044	0.05322	0.04423	0.05013	0.14210	0.02363	0.21505	0.02208	0.01143	0.00762	0.00237	0.00753	0.01016	0.00552	0.00955
11	0.01052	0.00717	0.00905	0.00993	0.01130	0.00660	0.00733	0.01229	0.01497	0.05769	0.04520	0.39132	0.19603	0.05479	0.01026	0.00300	0.00470	0.13498	0.00662	0.00626

[dist]
# distance from previous block
# <min> <max>
4	10

[block]
# block no. 6 follows, 29 sequences, length 21
# corresponding to MSA columns:
# 172-192
name=unknown_G
#
# <colnr> <probs for GDERKNQSTAVLIFYWHMCP>
#	G	D	E	R	K	N	Q	S	T	A	V	L	I	F	Y	W	H	M	C	P
0	0.01890	0.01632	0.03814	0.02268	0.23211	0.09644	0.01406	0.07000	0.07473	0.11307	0.07835	0.10118	0.07234	0.01042	0.00743	0.00224	0.00722	0.00898	0.00567	0.00974
1	0.02663	0.01433	0.01703	0.01336	0.01841	0.01433	0.01092	0.24596	0.06991	0.34729	0.05073	0.02312	0.01793	0.00888	0.00699	0.00213	0.00628	0.00708	0.06630	0.03237
2	0.04286	0.07279	0.25714	0.06103	0.29355	0.01749	0.02089	0.05166	0.04660	0.04917	0.01420	0.01682	0.01091	0.00685	0.00672	0.00215	0.00881	0.00584	0.00385	0.01067
3	0.01826	0.06443	0.13570	0.06389	0.13155	0.08717	0.10663	0.09467	0.04541	0.02377	0.01387	0.01709	0.01098	0.00783	0.00922	0.00227	0.11253	0.00620	0.03883	0.00971
4	0.01037	0.00811	0.00951	0.00910	0.01120	0.00770	0.00683	0.01505	0.09433	0.02540	0.40522	0.08703	0.25272	0.01542	0.00831	0.00234	0.00373	0.01333	0.00734	0.00697
5	0.00995	0.00794	0.00903	0.00884	0.01093	0.00755	0.00663	0.03936	0.03127	0.02039	0.09930	0.09323	0.41982	0.05792	0.14112	0.00428	0.00684	0.01307	0.00611	0.00641
6	0.08237	0.01195	0.01332	0.01170	0.01531	0.01248	0.00916	0.07558	0.21808	0.16497	0.09719	0.09562	0.08121	0.01138	0.00720	0.00230	0.00517	0.00946	0.06605	0.00948
7	0.00905	0.00693	0.00832	0.00882	0.01034	0.00621	0.00640	0.01111	0.01633	0.02127	0.21478	0.29358	0.29545	0.01869	0.00870	0.00257	0.00385	0.04456	0.00691	0.00613
8	0.01750	0.01487	0.01695	0.01470	0.01835	0.03886	0.04905	0.12968	0.33865	0.02887	0.04873	0.08744	0.05263	0.01116	0.00820	0.00241	0.03871	0.03045	0.04293	0.00985
9	0.01700	0.01208	0.01245	0.01108	0.01399	0.04450	0.00850	0.15101	0.11683	0.05948	0.04706	0.08749	0.09307	0.04393	0.00907	0.03748	0.00550	0.00902	0.21212	0.00833
10	0.01723	0.05842	0.10218	0.16044	0.19434	0.07808	0.09566	0.07571	0.01750	0.02331	0.04425	0.04091	0.01419	0.00767	0.00705	0.00217	0.00903	0.00690	0.03546	0.00950
11	0.01745	0.01430	0.01804	0.01437	0.01803	0.01549	0.01178	0.09987	0.01587	0.06825	0.01336	0.01666	0.01115	0.01104	0.05003	0.00255	0.26902	0.00558	0.00446	0.32268
12	0.01486	0.01020	0.01347	0.01487	0.10704	0.00979	0.00984	0.07606	0.01817	0.10728	0.13599	0.15172	0.17692	0.05347	0.00966	0.00268	0.00542	0.06794	0.00656	0.00805
13	0.02087	0.01428	0.01629	0.01321	0.01750	0.01496	0.01064	0.31323	0.07329	0.11568	0.16944	0.02949	0.05988	0.01290	0.04910	0.00270	0.00684	0.00842	0.00714	0.04414
14	0.04665	0.09178	0.18851	0.05055	0.02388	0.06632	0.08141	0.08525	0.04093	0.02302	0.01702	0.05337	0.01531	0.04251	0.02627	0.00277	0.06706	0.06416	0.00428	0.00896
15	0.01041	0.00771	0.01071	0.01063	0.01144	0.00877	0.00777	0.01212	0.01118	0.01581	0.02033	0.05751	0.02081	0.25487	0.46554	0.00945	0.04630	0.00880	0.00403	0.00580
16	0.01717	0.01737	0.06033	0.06636	0.36365	0.01677	0.18094	0.02168	0.01575	0.05234	0.01423	0.01865	0.01146	0.00937	0.04640	0.00277	0.06396	0.00689	0.00372	0.01020
17	0.18149	0.01632	0.01547	0.01385	0.04429	0.08305	0.01054	0.23795	0.08341	0.03278	0.05522	0.02172	0.04205	0.00869	0.00630	0.00209	0.00659	0.00656	0.12223	0.00939
18	0.06860	0.13170	0.16328	0.01704	0.07200	0.06947	0.01491	0.07767	0.15196	0.05558	0.03798	0.07542	0.01693	0.00891	0.00665	0.00217	0.00769	0.00711	0.00504	0.00989
19	0.04722	0.14244	0.11035	0.04554	0.05940	0.13585	0.08885	0.08162	0.01827	0.05206	0.09102	0.01959	0.01663	0.00788	0.00710	0.00204	0.02842	0.00634	0.00448	0.03488
20	0.06511	0.07293	0.04177	0.01054	0.01369	0.05783	0.00862	0.01586	0.03932	0.02133	0.11725	0.12224	0.19816	0.05389	0.03623	0.00281	0.00609	0.03453	0.00556	0.07624

[dist]
# distance from previous block
# <min> <max>
0	3

[block]
# block no. 7 follows, 29 sequences, length 14
# corresponding to MSA columns:
# 196-209
name=unknown_H
#
# <colnr> <probs for GDERKNQSTAVLIFYWHMCP>
#	G	D	E	R	K	N	Q	S	T	A	V	L	I	F	Y	W	H	M	C	P
0	0.01731	0.08610	0.09439	0.10866	0.02506	0.06093	0.09176	0.06133	0.06162	0.06000	0.08258	0.02097	0.01699	0.00792	0.00741	0.00203	0.03720	0.00661	0.02557	0.12557
1	0.06430	0.17342	0.12713	0.01731	0.09128	0.03880	0.01447	0.11566	0.03777	0.02502	0.05841	0.07127	0.01665	0.00882	0.00746	0.00207	0.05308	0.00679	0.00456	0.06573
2	0.01708	0.04283	0.21351	0.01852	0.04849	0.01609	0.10014	0.09313	0.03786	0.05323	0.05053	0.01852	0.01381	0.00770	0.00848	0.00209	0.08266	0.00624	0.00442	0.16465
3	0.01552	0.08252	0.08465	0.01194	0.01663	0.01304	0.01067	0.10010	0.03615	0.05648	0.13263	0.03228	0.14619	0.03259	0.00837	0.00212	0.03212	0.00837	0.00561	0.17204
4	0.06238	0.01315	0.01440	0.01202	0.01604	0.01386	0.00962	0.21255	0.12318	0.16034	0.02517	0.05000	0.04590	0.00949	0.00660	0.00212	0.00563	0.00757	0.20006	0.00992
5	0.00985	0.00702	0.00819	0.00838	0.00919	0.00667	0.00552	0.01099	0.01353	0.01782	0.13242	0.12655	0.15733	0.39203	0.02279	0.00478	0.00548	0.05057	0.00561	0.00525
6	0.00914	0.00696	0.00847	0.00913	0.01060	0.00629	0.00672	0.01118	0.01604	0.02082	0.17540	0.31377	0.27542	0.01911	0.00880	0.00264	0.00405	0.08250	0.00684	0.00612
7	0.01493	0.01436	0.02171	0.45951	0.16279	0.04822	0.01838	0.01960	0.04167	0.01923	0.01375	0.02017	0.01125	0.05099	0.00976	0.00261	0.05258	0.00655	0.00348	0.00846
8	0.10269	0.01348	0.01596	0.06923	0.06806	0.01437	0.01163	0.19798	0.06043	0.10103	0.04975	0.03150	0.08058	0.01042	0.00712	0.00230	0.00639	0.07736	0.07031	0.00942
9	0.00880	0.00645	0.00826	0.00945	0.01027	0.00592	0.00646	0.01035	0.01471	0.01948	0.11803	0.57664	0.13727	0.02086	0.00892	0.00275	0.00397	0.01872	0.00675	0.00592
10	0.18590	0.04666	0.01761	0.04573	0.07804	0.09131	0.01193	0.16115	0.05856	0.06475	0.01594	0.01831	0.01252	0.01458	0.11548	0.00353	0.00932	0.00589	0.03355	0.00927
11	0.16480	0.01682	0.01659	0.01488	0.04305	0.06564	0.01134	0.13515	0.32688	0.06001	0.02087	0.02030	0.01561	0.00837	0.00653	0.00220	0.00656	0.00648	0.00623	0.05169
12	0.02106	0.07052	0.04840	0.08288	0.20638	0.15770	0.03996	0.08765	0.01892	0.10013	0.04285	0.01830	0.01351	0.00736	0.00677	0.00201	0.00884	0.00609	0.00463	0.05604
13	0.09457	0.01690	0.01854	0.03891	0.07603	0.15638	0.07878	0.04269	0.03838	0.13466	0.03664	0.12537	0.04315	0.01005	0.00709	0.00220	0.00780	0.00854	0.02726	0.03607

[dist]
# distance from previous block
# <min> <max>
0	9

[block]
# block no. 8 follows, 29 sequences, length 24
# corresponding to MSA columns:
# 219-242
name=unknown_I
#
# <colnr> <probs for GDERKNQSTAVLIFYWHMCP>
#	G	D	E	R	K	N	Q	S	T	A	V	L	I	F	Y	W	H	M	C	P
0	0.01647	0.01298	0.01516	0.01585	0.11073	0.05664	0.01046	0.12064	0.01864	0.05994	0.10197	0.11616	0.05759	0.09360	0.01053	0.00266	0.00633	0.03150	0.04561	0.09654
1	0.06173	0.05739	0.10351	0.02019	0.12886	0.12954	0.06967	0.02030	0.01527	0.03867	0.01782	0.06575	0.04454	0.07366	0.03278	0.00289	0.06716	0.00738	0.00406	0.03885
2	0.01287	0.01019	0.04565	0.02809	0.01381	0.00939	0.00872	0.06252	0.03635	0.05406	0.20497	0.03954	0.11936	0.08778	0.16395	0.00462	0.00810	0.00988	0.07287	0.00730
3	0.07521	0.07206	0.18227	0.01724	0.07088	0.01493	0.07094	0.04417	0.04884	0.02414	0.01435	0.04047	0.01180	0.00683	0.00619	0.00181	0.00755	0.00572	0.00410	0.28049
4	0.01512	0.01502	0.08931	0.09245	0.15365	0.01317	0.04556	0.04096	0.08945	0.04567	0.02282	0.10166	0.04521	0.02810	0.02700	0.00262	0.00751	0.04681	0.04624	0.07166
5	0.00866	0.00626	0.00819	0.00974	0.01028	0.00580	0.00653	0.00993	0.01380	0.01825	0.04139	0.70110	0.08972	0.02203	0.00904	0.00286	0.00410	0.01990	0.00661	0.00580
6	0.05651	0.03212	0.53952	0.02049	0.07238	0.03675	0.02310	0.05735	0.01607	0.02416	0.01284	0.01505	0.00935	0.00676	0.00659	0.00216	0.00978	0.00525	0.00341	0.05034
7	0.01967	0.01585	0.02866	0.02101	0.02716	0.01465	0.34802	0.05260	0.04966	0.17228	0.02252	0.02395	0.06736	0.00776	0.00768	0.00220	0.00884	0.00809	0.00535	0.09669
8	0.01477	0.01266	0.01477	0.01055	0.01687	0.00949	0.00844	0.01793	0.01477	0.02320	0.01266	0.01477	0.01055	0.00527	0.00527	0.00105	0.00527	0.00422	0.00422	0.79328
9	0.02660	0.03394	0.02018	0.01834	0.02201	0.72116	0.01376	0.02843	0.02018	0.01743	0.01101	0.01284	0.00917	0.00734	0.00642	0.00183	0.01284	0.00459	0.00367	0.00825
10	0.00993	0.00762	0.00851	0.00863	0.01012	0.00722	0.00604	0.01264	0.06259	0.01916	0.10038	0.14284	0.29992	0.22524	0.01637	0.00377	0.00486	0.04210	0.00610	0.00596
11	0.00921	0.00715	0.00840	0.00846	0.01030	0.00634	0.00630	0.01160	0.01742	0.02276	0.30836	0.14778	0.35032	0.01730	0.00855	0.00244	0.00369	0.04027	0.00708	0.00628
12	0.02026	0.01457	0.01746	0.01607	0.06639	0.01624	0.01190	0.17267	0.21307	0.11770	0.04290	0.02418	0.01821	0.04825	0.02939	0.00279	0.08870	0.00740	0.06161	0.01022
13	0.80005	0.01377	0.01047	0.00936	0.01377	0.01597	0.00771	0.02093	0.01212	0.03195	0.00991	0.01157	0.00771	0.00661	0.00441	0.00220	0.00551	0.00386	0.00441	0.00771
14	0.00944	0.00706	0.00868	0.00866	0.01023	0.00639	0.00629	0.01192	0.01768	0.02392	0.40749	0.17882	0.21434	0.04513	0.00960	0.00257	0.00369	0.01460	0.00719	0.00629
15	0.15946	0.01336	0.01427	0.01165	0.01622	0.04037	0.00938	0.08316	0.07285	0.25431	0.06485	0.02217	0.01788	0.00832	0.00628	0.00201	0.00579	0.00646	0.09099	0.10022
16	0.03169	0.01253	0.01678	0.01286	0.01838	0.01107	0.01063	0.06841	0.02106	0.67559	0.02752	0.02386	0.01734	0.00880	0.00716	0.00220	0.00615	0.00712	0.00873	0.01212
17	0.52172	0.08453	0.01533	0.01121	0.01601	0.05030	0.00938	0.10063	0.01607	0.10015	0.01265	0.01355	0.00944	0.00705	0.00512	0.00211	0.00638	0.00452	0.00501	0.00884
18	0.01145	0.00763	0.00941	0.00883	0.01099	0.00680	0.00666	0.01420	0.01871	0.08547	0.42616	0.09034	0.24571	0.01545	0.00833	0.00232	0.00371	0.01337	0.00751	0.00694
19	0.01345	0.00822	0.01079	0.04850	0.01422	0.00780	0.00831	0.03689	0.01595	0.13156	0.03973	0.42962	0.12900	0.01811	0.00856	0.00269	0.00493	0.05766	0.00680	0.00721
20	0.02372	0.01832	0.01939	0.01661	0.05612	0.05048	0.01275	0.45329	0.12719	0.03838	0.01903	0.01932	0.01400	0.00852	0.00688	0.00211	0.00729	0.00659	0.08880	0.01120
21	0.01124	0.00783	0.01219	0.01163	0.01263	0.00849	0.04314	0.01190	0.01119	0.01559	0.01854	0.09697	0.01870	0.06712	0.34215	0.25969	0.03323	0.00853	0.00385	0.00538
22	0.01873	0.01108	0.01539	0.26041	0.02601	0.01192	0.01220	0.07365	0.01741	0.19139	0.02111	0.06049	0.01610	0.00877	0.00664	0.00214	0.00652	0.00736	0.22386	0.00880
23	0.01413	0.08429	0.29611	0.01878	0.07820	0.03359	0.07525	0.01910	0.01524	0.02116	0.04544	0.09843	0.07820	0.03273	0.00856	0.00241	0.03109	0.00841	0.02998	0.00889

[dist]
# distance from previous block
# <min> <max>
0	1

[block]
# block no. 9 follows, 29 sequences, length 15
# corresponding to MSA columns:
# 244-258
name=unknown_J
#
# <colnr> <probs for GDERKNQSTAVLIFYWHMCP>
#	G	D	E	R	K	N	Q	S	T	A	V	L	I	F	Y	W	H	M	C	P
0	0.01389	0.01200	0.01567	0.01363	0.01594	0.04678	0.08648	0.04213	0.07130	0.02262	0.13636	0.05801	0.07065	0.13055	0.01419	0.00318	0.08982	0.07403	0.07542	0.00735
1	0.01613	0.01535	0.10117	0.01449	0.04021	0.04856	0.01213	0.09447	0.09877	0.07436	0.02810	0.15755	0.04895	0.09278	0.01104	0.00302	0.00696	0.12151	0.00594	0.00851
2	0.14445	0.15778	0.09329	0.04816	0.13970	0.12845	0.09524	0.04928	0.01656	0.02327	0.03368	0.01584	0.01143	0.00687	0.00625	0.00204	0.00899	0.00555	0.00383	0.00933
3	0.01191	0.01049	0.01720	0.01852	0.12834	0.01014	0.11013	0.01536	0.04114	0.02096	0.07671	0.35384	0.07926	0.01690	0.03174	0.00289	0.00655	0.03465	0.00567	0.00758
4	0.01859	0.01603	0.01962	0.02000	0.17342	0.06444	0.01307	0.07654	0.03989	0.07028	0.01439	0.01656	0.01150	0.00689	0.00755	0.00173	0.06517	0.00539	0.00459	0.35433
5	0.14432	0.01336	0.07031	0.01143	0.01605	0.01150	0.01004	0.05859	0.03873	0.29376	0.06551	0.02512	0.04458	0.00892	0.00640	0.00212	0.00563	0.00703	0.15695	0.00966
6	0.08319	0.01510	0.01762	0.01650	0.08358	0.06516	0.05632	0.13123	0.11347	0.09512	0.12083	0.02972	0.09964	0.01001	0.00721	0.00221	0.00663	0.00839	0.02857	0.00950
7	0.01588	0.01135	0.06921	0.01169	0.01480	0.00918	0.00976	0.06711	0.01815	0.17112	0.15978	0.28329	0.06845	0.01533	0.00821	0.00251	0.00529	0.04361	0.00705	0.00823
8	0.01159	0.00832	0.01206	0.01321	0.06860	0.00890	0.00888	0.01375	0.01262	0.04559	0.05760	0.08364	0.02354	0.17483	0.41479	0.00833	0.01345	0.00921	0.00451	0.00659
9	0.04533	0.00745	0.00855	0.00838	0.01035	0.00678	0.00624	0.01220	0.01766	0.02412	0.36357	0.12003	0.31133	0.01626	0.00829	0.00236	0.00362	0.01398	0.00709	0.00640
10	0.05279	0.00750	0.00884	0.00903	0.01068	0.00725	0.00660	0.01470	0.01503	0.07536	0.09270	0.26787	0.08859	0.05596	0.03633	0.00295	0.00484	0.03455	0.20178	0.00666
11	0.01007	0.00743	0.01075	0.01088	0.01193	0.00841	0.00817	0.01221	0.01149	0.01634	0.02113	0.08907	0.02116	0.13333	0.58187	0.01020	0.01640	0.00899	0.00410	0.00607
12	0.08025	0.01130	0.01270	0.01183	0.01492	0.01188	0.00925	0.06334	0.21081	0.10021	0.09210	0.15984	0.10051	0.01372	0.00779	0.00251	0.00523	0.07607	0.00698	0.00876
13	0.01764	0.53229	0.16938	0.04374	0.02205	0.02494	0.01552	0.02116	0.01433	0.01799	0.01055	0.01273	0.00914	0.00669	0.00637	0.00181	0.05702	0.00436	0.00305	0.00927
14	0.07895	0.04536	0.02167	0.04603	0.07846	0.22840	0.04943	0.18185	0.12273	0.02759	0.01542	0.01685	0.01193	0.00792	0.00734	0.00213	0.03708	0.00594	0.00500	0.00990

[dist]
# distance from previous block
# <min> <max>
0	2

[block]
# block no. 10 follows, 29 sequences, length 19
# corresponding to MSA columns:
# 264-282
name=unknown_K
#
# <colnr> <probs for GDERKNQSTAVLIFYWHMCP>
#	G	D	E	R	K	N	Q	S	T	A	V	L	I	F	Y	W	H	M	C	P
0	0.01038	0.00755	0.00948	0.01024	0.01125	0.00741	0.00709	0.04926	0.04576	0.02127	0.12084	0.54523	0.04537	0.06055	0.01032	0.00297	0.00446	0.01743	0.00670	0.00642
1	0.01939	0.60321	0.10450	0.01353	0.01996	0.05015	0.01378	0.06948	0.01610	0.01940	0.01075	0.01225	0.00934	0.00638	0.00504	0.00165	0.00811	0.00417	0.00336	0.00946
2	0.04457	0.05308	0.05953	0.01572	0.02136	0.05257	0.01350	0.48428	0.04170	0.06504	0.03373	0.01793	0.01342	0.00927	0.02176	0.00228	0.00810	0.00628	0.00643	0.02943
3	0.01438	0.04026	0.09540	0.05458	0.11293	0.04559	0.03240	0.01892	0.05924	0.04594	0.10200	0.11262	0.08212	0.01577	0.08064	0.00328	0.06102	0.00950	0.00499	0.00842
4	0.02335	0.01977	0.05174	0.01617	0.02118	0.15376	0.07936	0.19616	0.06980	0.15806	0.02274	0.02275	0.06335	0.00877	0.00706	0.00213	0.00826	0.00710	0.05830	0.01017
5	0.02214	0.01171	0.01451	0.01220	0.01624	0.01140	0.00974	0.06612	0.15305	0.32966	0.16423	0.06345	0.05433	0.01129	0.00762	0.00231	0.00538	0.02637	0.00798	0.01024
6	0.09131	0.06189	0.15092	0.02237	0.16930	0.08434	0.07558	0.02182	0.03646	0.04088	0.01581	0.08687	0.01401	0.00835	0.00730	0.00216	0.03326	0.00705	0.00410	0.06620
7	0.01478	0.01694	0.11923	0.01565	0.06930	0.03802	0.04944	0.01872	0.01532	0.02264	0.03965	0.07871	0.01547	0.00747	0.00628	0.00161	0.00677	0.00645	0.00427	0.45331
8	0.00963	0.00743	0.00958	0.01133	0.06017	0.00689	0.00714	0.01131	0.01476	0.01941	0.11780	0.36276	0.20184	0.11176	0.01215	0.00315	0.00458	0.01589	0.00623	0.00615
9	0.01167	0.00920	0.01363	0.01243	0.01476	0.00871	0.09088	0.04751	0.01653	0.04310	0.11049	0.31444	0.17333	0.01875	0.04146	0.00302	0.00599	0.05077	0.00633	0.00699
10	0.01713	0.07708	0.14483	0.11491	0.31823	0.01770	0.08746	0.02191	0.01558	0.05373	0.01348	0.01721	0.01065	0.00694	0.00794	0.00222	0.05296	0.00620	0.00359	0.01024
11	0.00873	0.00645	0.00818	0.00939	0.01023	0.00589	0.00641	0.01022	0.01455	0.01911	0.09319	0.57978	0.15976	0.02102	0.00892	0.00276	0.00399	0.01882	0.00670	0.00589
12	0.00988	0.00678	0.00836	0.00905	0.00972	0.00660	0.00610	0.01120	0.01318	0.01804	0.06712	0.30694	0.07456	0.26206	0.05745	0.00457	0.00590	0.05458	0.06240	0.00550
13	0.01900	0.01922	0.09994	0.08200	0.13853	0.04182	0.06308	0.16161	0.12751	0.04603	0.01680	0.01917	0.01291	0.01020	0.04064	0.00273	0.07687	0.00666	0.00491	0.01034
14	0.01885	0.10296	0.14866	0.06976	0.19427	0.09331	0.04306	0.03580	0.01619	0.08431	0.01442	0.03900	0.01178	0.00797	0.00857	0.00221	0.08880	0.00625	0.00398	0.00984
15	0.01200	0.01158	0.05811	0.01201	0.01432	0.05955	0.03707	0.01483	0.03634	0.04658	0.05772	0.40486	0.13455	0.01850	0.02800	0.00286	0.00601	0.03204	0.00610	0.00696
16	0.13427	0.15482	0.01993	0.03407	0.05657	0.19908	0.01144	0.03750	0.03531	0.04021	0.01557	0.06779	0.01449	0.05368	0.00791	0.00226	0.00815	0.02747	0.00435	0.07511
17	0.08474	0.00942	0.01167	0.04166	0.05219	0.00892	0.02803	0.01410	0.01549	0.02210	0.12882	0.08540	0.25667	0.07615	0.00999	0.00265	0.00511	0.04005	0.02620	0.08065
18	0.10118	0.07194	0.12132	0.05330	0.08845	0.01452	0.03866	0.06852	0.03418	0.05181	0.05567	0.10262	0.01827	0.00901	0.00660	0.00207	0.00696	0.00757	0.03050	0.11683

[dist]
# distance from previous block
# <min> <max>
7	15

[block]
# block no. 11 follows, 29 sequences, length 9
# corresponding to MSA columns:
# 303-311
name=unknown_L
#
# <colnr> <probs for GDERKNQSTAVLIFYWHMCP>
#	G	D	E	R	K	N	Q	S	T	A	V	L	I	F	Y	W	H	M	C	P
0	0.01931	0.03915	0.01836	0.10322	0.06166	0.04784	0.01241	0.21594	0.11732	0.05404	0.01854	0.02276	0.01509	0.09767	0.05086	0.00318	0.00815	0.00688	0.02433	0.06330
1	0.01648	0.01509	0.06390	0.06033	0.10565	0.01501	0.01330	0.12991	0.07059	0.04289	0.04109	0.06241	0.06045	0.10394	0.01323	0.00291	0.11176	0.00823	0.00506	0.05777
2	0.01560	0.11707	0.13570	0.01303	0.01775	0.06304	0.01212	0.07245	0.01714	0.05295	0.07226	0.17339	0.08549	0.01268	0.02405	0.00235	0.00707	0.00966	0.00521	0.09100
3	0.01981	0.06111	0.07744	0.02055	0.12101	0.04095	0.09321	0.19585	0.04625	0.07905	0.01952	0.12209	0.01704	0.00949	0.00727	0.00220	0.00793	0.00834	0.00543	0.04548
4	0.15172	0.01834	0.02069	0.01618	0.02124	0.07362	0.10718	0.34746	0.02431	0.03524	0.01577	0.01727	0.01169	0.00774	0.00655	0.00211	0.00791	0.00616	0.09877	0.01007
5	0.02029	0.02312	0.01719	0.01527	0.01839	0.38485	0.01153	0.02290	0.04500	0.01825	0.01387	0.01918	0.01260	0.09950	0.06964	0.00325	0.07506	0.00576	0.00394	0.12042
6	0.00901	0.00643	0.00864	0.01029	0.01085	0.00607	0.00719	0.01049	0.01396	0.01855	0.03906	0.66617	0.04637	0.02200	0.00918	0.00294	0.00442	0.09590	0.00660	0.00588
7	0.01145	0.11479	0.01516	0.01155	0.01351	0.01167	0.00937	0.01395	0.01188	0.01656	0.01776	0.02560	0.01656	0.04661	0.61860	0.01002	0.01743	0.00708	0.00370	0.00676
8	0.01223	0.00802	0.01076	0.01143	0.01332	0.00764	0.00944	0.01511	0.01702	0.07617	0.15445	0.14609	0.10775	0.01808	0.00916	0.00289	0.00541	0.36118	0.00697	0.00688

[dist]
# distance from previous block
# <min> <max>
0	16

# created by:
# /home/cegg/simao/soft/augustus-3.2.1/scripts/msa2prfl.pl ./align_prep/EOG090W0INN.fa
