[name]
unknown

[dist]
# distance from previous block
# <min> <max>
0	225

[block]
# block no. 0 follows, 31 sequences, length 63
# corresponding to MSA columns:
# 362-380,410-422,438,439,453-481
name=unknown_A
#
# <colnr> <probs for GDERKNQSTAVLIFYWHMCP>
#	G	D	E	R	K	N	Q	S	T	A	V	L	I	F	Y	W	H	M	C	P
0	0.06236	0.07368	0.26647	0.01808	0.06528	0.01547	0.07717	0.05414	0.05927	0.02330	0.03718	0.02454	0.01557	0.00850	0.00720	0.00219	0.02898	0.09204	0.00417	0.06439
1	0.01780	0.01782	0.07678	0.02997	0.37971	0.05306	0.08212	0.06248	0.01702	0.06483	0.05661	0.01889	0.01414	0.00700	0.00726	0.00204	0.02795	0.00644	0.00416	0.05393
2	0.01669	0.01552	0.02429	0.11442	0.44429	0.03627	0.04149	0.02103	0.03486	0.04284	0.01349	0.01700	0.01092	0.00620	0.00655	0.00191	0.00786	0.00586	0.00371	0.13480
3	0.01531	0.01484	0.07690	0.01565	0.08912	0.01152	0.04979	0.01955	0.04027	0.05722	0.04138	0.01709	0.01295	0.00625	0.00642	0.00150	0.03205	0.00524	0.00428	0.48266
4	0.00995	0.00663	0.00746	0.00746	0.00746	0.00663	0.00415	0.00995	0.00995	0.01327	0.02156	0.04477	0.02487	0.75957	0.03482	0.00663	0.00663	0.00995	0.00415	0.00415
5	0.01478	0.02254	0.26609	0.15950	0.07421	0.01611	0.25988	0.03928	0.01550	0.02150	0.01477	0.01841	0.03192	0.00667	0.00720	0.00223	0.01003	0.00671	0.00337	0.00927
6	0.01292	0.01216	0.02052	0.74312	0.04712	0.01520	0.01900	0.01748	0.01368	0.01748	0.01216	0.01824	0.00912	0.00684	0.00684	0.00228	0.00912	0.00608	0.00304	0.00760
7	0.00834	0.00595	0.00794	0.00953	0.00992	0.00556	0.00635	0.00953	0.01310	0.01746	0.03771	0.75510	0.04525	0.02143	0.00873	0.00278	0.00397	0.01945	0.00635	0.00556
8	0.01484	0.01255	0.01454	0.01044	0.01649	0.00979	0.00838	0.05466	0.01518	0.02344	0.01240	0.01431	0.01022	0.00524	0.00516	0.00107	0.00520	0.00417	0.00421	0.75772
9	0.06516	0.03878	0.01982	0.02233	0.23725	0.03509	0.01384	0.07549	0.29233	0.06496	0.02058	0.05120	0.01638	0.00833	0.00670	0.00217	0.00661	0.00710	0.00551	0.01037
10	0.02198	0.24051	0.02337	0.01470	0.01917	0.30188	0.01211	0.13059	0.09850	0.02243	0.01367	0.01466	0.01100	0.00718	0.00579	0.00178	0.00893	0.00493	0.03779	0.00903
11	0.01051	0.00719	0.00934	0.00869	0.01049	0.00658	0.00656	0.01365	0.01923	0.05639	0.65873	0.05051	0.08834	0.01389	0.00802	0.00216	0.00335	0.01222	0.00752	0.00665
12	0.01170	0.00951	0.01431	0.12815	0.12178	0.00950	0.02771	0.01501	0.01701	0.04129	0.34756	0.08453	0.12043	0.01220	0.00770	0.00221	0.00522	0.01089	0.00593	0.00735
13	0.01419	0.01216	0.01419	0.01013	0.01621	0.00912	0.00811	0.01723	0.01419	0.02229	0.01216	0.01419	0.01013	0.00507	0.00507	0.00101	0.00507	0.00405	0.00405	0.80139
14	0.01416	0.01382	0.07575	0.04267	0.21890	0.01277	0.01381	0.07875	0.06416	0.02323	0.08623	0.05320	0.06098	0.01835	0.16345	0.00405	0.00923	0.00799	0.02981	0.00868
15	0.01597	0.01663	0.02081	0.01793	0.01826	0.08793	0.01480	0.01749	0.01132	0.01649	0.00913	0.01472	0.00896	0.01151	0.02092	0.00288	0.67785	0.00584	0.00304	0.00753
16	0.00977	0.00733	0.01100	0.01100	0.01222	0.00855	0.00855	0.01222	0.01100	0.01588	0.01833	0.02688	0.01710	0.05131	0.73245	0.01100	0.01833	0.00733	0.00367	0.00611
17	0.01724	0.24471	0.26025	0.04160	0.06476	0.07710	0.04385	0.06346	0.01637	0.03953	0.05944	0.01651	0.01310	0.00698	0.00608	0.00192	0.00863	0.00542	0.00372	0.00935
18	0.00879	0.00671	0.00814	0.00914	0.01022	0.00629	0.00633	0.01119	0.05469	0.01838	0.04494	0.54139	0.20923	0.01970	0.00847	0.00264	0.00393	0.01752	0.00639	0.00592
19	0.01552	0.01693	0.16183	0.03271	0.03948	0.01405	0.01331	0.08686	0.14567	0.06254	0.03854	0.04946	0.03921	0.14498	0.01362	0.00312	0.08199	0.02651	0.00504	0.00863
20	0.00844	0.00606	0.00784	0.00922	0.00970	0.00565	0.00612	0.00957	0.01301	0.01721	0.03838	0.66132	0.08337	0.07619	0.01064	0.00304	0.00414	0.01844	0.00619	0.00546
21	0.01621	0.01781	0.10965	0.05130	0.26532	0.01596	0.10148	0.06435	0.17470	0.02466	0.03826	0.02229	0.05125	0.00779	0.00706	0.00218	0.00780	0.00720	0.00462	0.01010
22	0.01414	0.01208	0.01404	0.01032	0.01608	0.00943	0.00820	0.01801	0.05232	0.02247	0.01393	0.04087	0.01196	0.00588	0.00530	0.00115	0.00505	0.00480	0.00429	0.72968
23	0.02303	0.28667	0.02511	0.01557	0.01990	0.48709	0.01269	0.02494	0.01748	0.01652	0.01021	0.01186	0.00880	0.00663	0.00555	0.00166	0.01059	0.00415	0.00332	0.00823
24	0.00838	0.00607	0.00783	0.00920	0.00976	0.00562	0.00615	0.00957	0.01319	0.01738	0.03990	0.66241	0.10523	0.05222	0.00977	0.00290	0.00404	0.01859	0.00626	0.00552
25	0.01853	0.09501	0.22268	0.02331	0.22437	0.01678	0.01799	0.06369	0.10959	0.11716	0.01649	0.01762	0.01224	0.00706	0.00650	0.00207	0.00790	0.00589	0.00456	0.01058
26	0.02107	0.04521	0.06741	0.01982	0.15694	0.07749	0.01403	0.07291	0.24726	0.17471	0.02075	0.02034	0.01514	0.00790	0.00670	0.00211	0.00716	0.00651	0.00585	0.01068
27	0.01005	0.00660	0.00742	0.00747	0.00757	0.00658	0.00425	0.01027	0.01030	0.01408	0.02213	0.06729	0.02514	0.69350	0.03229	0.00623	0.00635	0.01007	0.04809	0.00432
28	0.01626	0.01277	0.01428	0.01321	0.03778	0.01393	0.00993	0.07340	0.41095	0.06825	0.14962	0.03293	0.09578	0.01067	0.00725	0.00225	0.00509	0.00899	0.00697	0.00967
29	0.00995	0.00663	0.00746	0.00746	0.00746	0.00663	0.00415	0.00995	0.00995	0.01327	0.02156	0.04477	0.02487	0.75957	0.03482	0.00663	0.00663	0.00995	0.00415	0.00415
30	0.01756	0.14226	0.27289	0.01938	0.10127	0.14623	0.01768	0.02530	0.15094	0.02136	0.01467	0.01598	0.01135	0.00700	0.00623	0.00200	0.00893	0.00536	0.00386	0.00974
31	0.80789	0.01323	0.01006	0.00900	0.01323	0.01535	0.00741	0.02011	0.01164	0.03070	0.00953	0.01111	0.00741	0.00635	0.00423	0.00212	0.00529	0.00370	0.00423	0.00741
32	0.01851	0.04162	0.04264	0.06807	0.29008	0.09097	0.03656	0.12434	0.10603	0.02475	0.01652	0.01879	0.03399	0.00764	0.00761	0.00211	0.04903	0.00635	0.00441	0.00999
33	0.01507	0.01936	0.21204	0.01577	0.02122	0.01473	0.07337	0.07487	0.25562	0.02663	0.14874	0.04874	0.02476	0.00938	0.00718	0.00224	0.00695	0.00813	0.00561	0.00958
34	0.01981	0.07992	0.01937	0.08721	0.09296	0.12892	0.01272	0.10454	0.16280	0.10617	0.05902	0.02303	0.05691	0.00858	0.00669	0.00206	0.00737	0.00689	0.00549	0.00954
35	0.00949	0.00726	0.00873	0.00831	0.01022	0.00665	0.00625	0.01288	0.04363	0.02487	0.50009	0.05446	0.25238	0.01479	0.00803	0.00220	0.00338	0.01280	0.00717	0.00642
36	0.01658	0.11740	0.09275	0.02323	0.14284	0.01895	0.17400	0.05882	0.08196	0.02181	0.01364	0.01695	0.01108	0.00875	0.02863	0.00248	0.15065	0.00631	0.00377	0.00940
37	0.00856	0.00668	0.00776	0.00806	0.00967	0.00589	0.00583	0.01052	0.01587	0.02046	0.22282	0.24889	0.36940	0.01760	0.00826	0.00240	0.00354	0.01528	0.00665	0.00589
38	0.01745	0.13214	0.23270	0.06996	0.16458	0.07010	0.09774	0.09500	0.01703	0.02274	0.01250	0.01521	0.00968	0.00649	0.00647	0.00202	0.00929	0.00555	0.00355	0.00981
39	0.00910	0.00697	0.00833	0.00799	0.00986	0.00621	0.00600	0.01178	0.01799	0.02416	0.47759	0.05650	0.30228	0.01521	0.00808	0.00221	0.00331	0.01313	0.00710	0.00621
40	0.01619	0.01771	0.04794	0.02275	0.25653	0.19377	0.01381	0.01918	0.01671	0.02089	0.12016	0.11097	0.07114	0.01013	0.00706	0.00208	0.00761	0.00868	0.02835	0.00833
41	0.01750	0.02758	0.34573	0.02294	0.14428	0.11324	0.06516	0.09166	0.06363	0.02378	0.01372	0.01580	0.01029	0.00682	0.00667	0.00210	0.00959	0.00564	0.00377	0.01008
42	0.01815	0.06909	0.01668	0.01157	0.01702	0.01300	0.00946	0.09740	0.11835	0.10835	0.01679	0.01726	0.01279	0.00658	0.00570	0.00150	0.00560	0.00520	0.02713	0.42238
43	0.01692	0.01401	0.01493	0.01340	0.01718	0.01595	0.01043	0.03438	0.62798	0.05386	0.05513	0.02789	0.04795	0.00973	0.00704	0.00231	0.00528	0.00812	0.00702	0.01051
44	0.01962	0.28422	0.04586	0.04087	0.13853	0.21173	0.01423	0.04967	0.05557	0.01964	0.03171	0.01495	0.01153	0.00695	0.00625	0.00182	0.02913	0.00502	0.00368	0.00903
45	0.01677	0.01473	0.03889	0.22311	0.15036	0.01574	0.03570	0.10284	0.19026	0.05314	0.07240	0.02231	0.01736	0.00807	0.00699	0.00220	0.00733	0.00707	0.00511	0.00964
46	0.00837	0.00694	0.00732	0.00723	0.00941	0.00590	0.00542	0.01036	0.01626	0.02006	0.18258	0.06325	0.59986	0.01674	0.00808	0.00228	0.00342	0.01408	0.00656	0.00590
47	0.01243	0.01003	0.01144	0.01062	0.01315	0.01059	0.00809	0.02190	0.29320	0.02675	0.35704	0.06822	0.10356	0.01267	0.00765	0.00226	0.00415	0.01096	0.00716	0.00811
48	0.00862	0.00617	0.00810	0.00954	0.01006	0.00580	0.00652	0.00990	0.01319	0.01747	0.03775	0.63958	0.06714	0.06485	0.01031	0.00302	0.00428	0.06596	0.00622	0.00553
49	0.02556	0.03261	0.01939	0.01763	0.02115	0.73210	0.01322	0.02732	0.01939	0.01674	0.01058	0.01234	0.00881	0.00705	0.00617	0.00176	0.01234	0.00441	0.00353	0.00793
50	0.02581	0.01458	0.01680	0.01309	0.01794	0.01501	0.01075	0.35568	0.02501	0.28775	0.02112	0.02023	0.01442	0.00827	0.00656	0.00201	0.00628	0.00645	0.12135	0.01088
51	0.01022	0.00868	0.01076	0.01109	0.01233	0.04980	0.04482	0.01259	0.04165	0.01889	0.08583	0.56485	0.06498	0.01853	0.00840	0.00261	0.00487	0.01676	0.00614	0.00618
52	0.01723	0.59536	0.19492	0.01351	0.02034	0.02449	0.01484	0.02076	0.01403	0.01738	0.01015	0.01178	0.00875	0.00600	0.00488	0.00163	0.00796	0.00398	0.00292	0.00909
53	0.00821	0.00643	0.00744	0.00825	0.00959	0.00566	0.00579	0.00967	0.01432	0.01796	0.05320	0.41710	0.37325	0.01942	0.00842	0.00255	0.00372	0.01699	0.00635	0.00566
54	0.01741	0.19042	0.11582	0.02221	0.21944	0.12152	0.01575	0.02299	0.10138	0.02096	0.05396	0.01907	0.03601	0.00741	0.00624	0.00193	0.00806	0.00597	0.00400	0.00945
55	0.00818	0.00678	0.00709	0.00732	0.00928	0.00577	0.00533	0.00978	0.01506	0.01817	0.06330	0.16354	0.59703	0.04120	0.00902	0.00251	0.00364	0.01501	0.00628	0.00569
56	0.04422	0.14623	0.06836	0.04638	0.27663	0.05854	0.03747	0.09850	0.06701	0.02368	0.01442	0.04322	0.01213	0.00717	0.00632	0.00197	0.00790	0.00607	0.00408	0.02970
57	0.04401	0.09702	0.12762	0.03934	0.13744	0.12836	0.01578	0.23030	0.04378	0.02767	0.03576	0.01633	0.01213	0.00732	0.00640	0.00198	0.00850	0.00564	0.00462	0.00999
58	0.01868	0.05146	0.01383	0.01055	0.01401	0.01006	0.00850	0.07840	0.02012	0.26490	0.36122	0.03687	0.06015	0.01126	0.00736	0.00210	0.00471	0.00955	0.00750	0.00878
59	0.03501	0.03811	0.14950	0.05309	0.05773	0.01272	0.01279	0.05520	0.12481	0.06686	0.13350	0.05742	0.10506	0.03516	0.03094	0.00262	0.00667	0.00869	0.00547	0.00863
60	0.00954	0.00722	0.01036	0.01026	0.01134	0.00710	0.04424	0.01134	0.01339	0.01830	0.14130	0.31743	0.05540	0.16188	0.14391	0.00484	0.00734	0.01358	0.00549	0.00575
61	0.01650	0.04228	0.11072	0.01955	0.09244	0.10138	0.10629	0.04423	0.10213	0.03937	0.08028	0.08438	0.01928	0.00951	0.00901	0.00227	0.09899	0.00790	0.00461	0.00889
62	0.08573	0.05764	0.05353	0.01245	0.01542	0.14197	0.02777	0.03823	0.03883	0.04932	0.02159	0.17390	0.03876	0.08253	0.10773	0.00376	0.00872	0.00903	0.02580	0.00728

[dist]
# distance from previous block
# <min> <max>
6	11

[block]
# block no. 1 follows, 31 sequences, length 6
# corresponding to MSA columns:
# 493-498
name=unknown_B
#
# <colnr> <probs for GDERKNQSTAVLIFYWHMCP>
#	G	D	E	R	K	N	Q	S	T	A	V	L	I	F	Y	W	H	M	C	P
0	0.01708	0.05799	0.04807	0.01677	0.08910	0.03575	0.06819	0.14452	0.08824	0.05494	0.06812	0.10305	0.05518	0.00956	0.00690	0.00203	0.00666	0.00828	0.00540	0.11416
1	0.01854	0.11164	0.20489	0.06880	0.16873	0.04074	0.09124	0.11523	0.01776	0.07797	0.01389	0.01610	0.01040	0.00669	0.00656	0.00204	0.00884	0.00577	0.00407	0.01010
2	0.01053	0.00874	0.01019	0.06593	0.01408	0.00877	0.00772	0.01611	0.14677	0.02224	0.19848	0.11108	0.32438	0.01460	0.00783	0.00231	0.00426	0.01249	0.00648	0.00701
3	0.01680	0.08241	0.12299	0.06679	0.07297	0.11620	0.06999	0.07415	0.10120	0.02322	0.10740	0.02291	0.04542	0.00855	0.00746	0.00211	0.03886	0.00701	0.00462	0.00896
4	0.01081	0.00897	0.01045	0.01125	0.03860	0.05002	0.00769	0.01356	0.05223	0.01865	0.11183	0.26385	0.08481	0.11630	0.16418	0.00477	0.00793	0.01243	0.00541	0.00626
5	0.02074	0.07437	0.06700	0.01431	0.01943	0.01783	0.04334	0.41815	0.02510	0.03403	0.02193	0.02236	0.08879	0.00878	0.00660	0.00201	0.00696	0.00691	0.09135	0.00999

[dist]
# distance from previous block
# <min> <max>
0	1

[block]
# block no. 2 follows, 31 sequences, length 18
# corresponding to MSA columns:
# 500-517
name=unknown_C
#
# <colnr> <probs for GDERKNQSTAVLIFYWHMCP>
#	G	D	E	R	K	N	Q	S	T	A	V	L	I	F	Y	W	H	M	C	P
0	0.02006	0.01650	0.06427	0.01426	0.03841	0.08177	0.01158	0.08354	0.23366	0.17092	0.07608	0.02430	0.04275	0.00877	0.00677	0.00205	0.00647	0.00712	0.00631	0.08442
1	0.04150	0.12407	0.39027	0.01697	0.02492	0.01717	0.05255	0.08748	0.04412	0.07168	0.01394	0.01531	0.01016	0.00670	0.00622	0.00200	0.00863	0.00526	0.00396	0.05709
2	0.01928	0.21519	0.15539	0.01620	0.02181	0.20849	0.06625	0.08424	0.05044	0.02129	0.01360	0.03709	0.01125	0.00724	0.00603	0.00188	0.00912	0.00549	0.04072	0.00899
3	0.01372	0.03539	0.72412	0.01950	0.02961	0.01589	0.02528	0.02167	0.01444	0.02167	0.01228	0.01444	0.00867	0.00650	0.00650	0.00217	0.01011	0.00506	0.00289	0.01011
4	0.01551	0.01340	0.01478	0.07140	0.01898	0.01532	0.01075	0.03125	0.55207	0.02674	0.06474	0.02990	0.08532	0.01006	0.00711	0.00231	0.00542	0.00845	0.00662	0.00989
5	0.02108	0.00972	0.01282	0.01078	0.01433	0.00870	0.00851	0.04627	0.01886	0.39290	0.20229	0.13465	0.06509	0.01207	0.00749	0.00223	0.00486	0.01035	0.00778	0.00921
6	0.01806	0.01574	0.05501	0.01301	0.01699	0.07929	0.01078	0.09860	0.29878	0.08525	0.04743	0.02847	0.08226	0.00975	0.00683	0.00216	0.00613	0.02736	0.08859	0.00949
7	0.00870	0.00625	0.00786	0.00885	0.00945	0.00584	0.00587	0.00990	0.01328	0.01762	0.09210	0.51124	0.10399	0.14995	0.01320	0.00336	0.00433	0.01676	0.00606	0.00540
8	0.01179	0.04697	0.07240	0.01078	0.01349	0.01016	0.00915	0.03949	0.09057	0.02395	0.28319	0.14586	0.07615	0.01570	0.05673	0.00282	0.02093	0.01099	0.05155	0.00735
9	0.00970	0.00653	0.00754	0.00778	0.00784	0.00647	0.00449	0.00988	0.01044	0.01392	0.02406	0.15481	0.02803	0.64522	0.03078	0.00604	0.00622	0.01142	0.00449	0.00436
10	0.09223	0.15807	0.13568	0.01288	0.01862	0.03969	0.01227	0.06888	0.05540	0.08921	0.01604	0.07462	0.01353	0.00774	0.00584	0.00181	0.00677	0.00599	0.00461	0.18011
11	0.01670	0.09608	0.31098	0.04301	0.11961	0.03642	0.08268	0.06837	0.01651	0.06020	0.03989	0.01737	0.01229	0.00691	0.00651	0.00205	0.00876	0.00587	0.04006	0.00974
12	0.01749	0.08946	0.17081	0.01926	0.10889	0.07604	0.06329	0.10115	0.08985	0.04453	0.01715	0.08974	0.01469	0.00833	0.00665	0.00205	0.00803	0.00705	0.00453	0.06100
13	0.00845	0.00623	0.00784	0.00893	0.00974	0.00570	0.00608	0.00985	0.01392	0.01827	0.09465	0.55611	0.16415	0.04427	0.00942	0.00277	0.00391	0.01771	0.00637	0.00562
14	0.01568	0.01335	0.04256	0.01319	0.04960	0.01042	0.04345	0.01976	0.04790	0.08128	0.01531	0.04559	0.01262	0.00635	0.00574	0.00139	0.00575	0.00542	0.00455	0.56008
15	0.01865	0.01236	0.06211	0.01308	0.04549	0.00987	0.03555	0.04163	0.01778	0.26409	0.14628	0.05663	0.10213	0.01031	0.00711	0.00205	0.00561	0.02562	0.00652	0.11714
16	0.59520	0.04990	0.03318	0.01069	0.01525	0.07151	0.00906	0.06366	0.01417	0.06910	0.01112	0.01233	0.00843	0.00662	0.00477	0.00206	0.00624	0.00413	0.00449	0.00810
17	0.05939	0.08560	0.12257	0.06427	0.18744	0.03654	0.01591	0.14515	0.05810	0.11387	0.01707	0.01827	0.03116	0.00739	0.00645	0.00205	0.00769	0.00600	0.00486	0.01021

[dist]
# distance from previous block
# <min> <max>
0	2

[block]
# block no. 3 follows, 31 sequences, length 25
# corresponding to MSA columns:
# 520-544
name=unknown_D
#
# <colnr> <probs for GDERKNQSTAVLIFYWHMCP>
#	G	D	E	R	K	N	Q	S	T	A	V	L	I	F	Y	W	H	M	C	P
0	0.34939	0.01130	0.01199	0.01014	0.01417	0.01166	0.00825	0.02366	0.01518	0.28594	0.05793	0.02028	0.01576	0.01147	0.06674	0.00283	0.00632	0.00588	0.06239	0.00875
1	0.01478	0.01276	0.01671	0.06955	0.09940	0.04335	0.05553	0.08448	0.13504	0.02436	0.14722	0.02957	0.04675	0.06661	0.09030	0.00345	0.00788	0.00827	0.03568	0.00831
2	0.00852	0.00618	0.00808	0.00939	0.01007	0.00573	0.00646	0.00998	0.01384	0.01838	0.08809	0.62490	0.09684	0.02049	0.00867	0.00271	0.00398	0.04558	0.00643	0.00567
3	0.01733	0.03631	0.13252	0.06447	0.03755	0.09400	0.01447	0.11127	0.13173	0.04104	0.01634	0.01890	0.01290	0.01380	0.10194	0.00333	0.09963	0.00615	0.03726	0.00906
4	0.01102	0.00740	0.00919	0.00968	0.01105	0.00710	0.00727	0.03265	0.01477	0.04930	0.06939	0.24023	0.13206	0.14722	0.01302	0.00334	0.00506	0.17961	0.04458	0.00605
5	0.01815	0.06701	0.29795	0.02128	0.14884	0.01726	0.01878	0.15893	0.04716	0.06881	0.03563	0.01722	0.01237	0.00738	0.00712	0.00211	0.03329	0.00586	0.00444	0.01040
6	0.00995	0.00663	0.00746	0.00746	0.00746	0.00663	0.00415	0.00995	0.00995	0.01327	0.02156	0.04477	0.02487	0.75957	0.03482	0.00663	0.00663	0.00995	0.00415	0.00415
7	0.01770	0.02013	0.13577	0.01799	0.07474	0.12151	0.05940	0.05904	0.19715	0.06219	0.06746	0.05337	0.03644	0.00906	0.00759	0.00220	0.03612	0.00749	0.00519	0.00948
8	0.77383	0.01316	0.01031	0.00914	0.01342	0.01512	0.00753	0.02069	0.01199	0.06097	0.01029	0.01165	0.00783	0.00644	0.00435	0.00212	0.00532	0.00384	0.00442	0.00759
9	0.01391	0.03331	0.64819	0.01979	0.02909	0.01629	0.05290	0.02133	0.01425	0.02133	0.01212	0.01465	0.00876	0.00683	0.00763	0.00223	0.05932	0.00525	0.00292	0.00990
10	0.00821	0.00646	0.00742	0.00819	0.00957	0.00567	0.00576	0.00968	0.01438	0.01799	0.05397	0.40035	0.38951	0.01932	0.00840	0.00254	0.00371	0.01687	0.00635	0.00567
11	0.02462	0.03065	0.01896	0.01722	0.02078	0.65383	0.01296	0.02831	0.09438	0.01804	0.01247	0.01378	0.01013	0.00729	0.00626	0.00182	0.01158	0.00477	0.00390	0.00825
12	0.01858	0.73454	0.03519	0.01194	0.01770	0.05517	0.01177	0.02076	0.01412	0.01612	0.00955	0.01103	0.00878	0.00590	0.00446	0.00148	0.00752	0.00369	0.00295	0.00875
13	0.01738	0.01725	0.02687	0.06922	0.63972	0.06714	0.02036	0.02130	0.01577	0.02175	0.01268	0.01666	0.01062	0.00619	0.00673	0.00202	0.00847	0.00597	0.00338	0.01050
14	0.01065	0.00761	0.01060	0.01218	0.01359	0.00756	0.01038	0.01353	0.01538	0.02006	0.03643	0.17062	0.04018	0.01925	0.00935	0.00310	0.00598	0.58105	0.00631	0.00620
15	0.01666	0.01598	0.02729	0.08876	0.67222	0.01618	0.02086	0.02076	0.01545	0.02203	0.01282	0.01702	0.01072	0.00615	0.00678	0.00205	0.00819	0.00609	0.00336	0.01062
16	0.80789	0.01323	0.01006	0.00900	0.01323	0.01535	0.00741	0.02011	0.01164	0.03070	0.00953	0.01111	0.00741	0.00635	0.00423	0.00212	0.00529	0.00370	0.00423	0.00741
17	0.00932	0.00637	0.00765	0.00826	0.00842	0.00621	0.00500	0.00978	0.01117	0.01490	0.02783	0.32089	0.03279	0.47264	0.02468	0.00513	0.00560	0.01364	0.00500	0.00469
18	0.00977	0.00733	0.01100	0.01100	0.01222	0.00855	0.00855	0.01222	0.01100	0.01588	0.01833	0.02688	0.01710	0.05131	0.73245	0.01100	0.01833	0.00733	0.00367	0.00611
19	0.01292	0.01216	0.02052	0.74312	0.04712	0.01520	0.01900	0.01748	0.01368	0.01748	0.01216	0.01824	0.00912	0.00684	0.00684	0.00228	0.00912	0.00608	0.00304	0.00760
20	0.02601	0.01916	0.02053	0.01574	0.02122	0.02122	0.01300	0.69408	0.03217	0.04312	0.01643	0.01643	0.01163	0.00821	0.00684	0.00205	0.00753	0.00616	0.00684	0.01163
21	0.01758	0.01776	0.02805	0.03900	0.60811	0.07469	0.07165	0.02158	0.01593	0.02186	0.01276	0.01667	0.01064	0.00615	0.00682	0.00203	0.00873	0.00611	0.00340	0.01048
22	0.01005	0.00783	0.01149	0.01128	0.01247	0.00927	0.00884	0.01240	0.01117	0.01604	0.02000	0.02783	0.04812	0.04710	0.65144	0.01006	0.06713	0.00756	0.00374	0.00619
23	0.01411	0.01076	0.01288	0.03472	0.01489	0.01131	0.03719	0.07491	0.20367	0.05337	0.05469	0.08676	0.13537	0.18794	0.01384	0.00331	0.00572	0.01007	0.02675	0.00773
24	0.17350	0.01747	0.01667	0.06726	0.02019	0.10341	0.01149	0.25381	0.15856	0.05166	0.01689	0.01827	0.01287	0.03973	0.00747	0.00230	0.00728	0.00597	0.00562	0.00960

[dist]
# distance from previous block
# <min> <max>
1	42

[block]
# block no. 4 follows, 31 sequences, length 41
# corresponding to MSA columns:
# 587-627
name=unknown_E
#
# <colnr> <probs for GDERKNQSTAVLIFYWHMCP>
#	G	D	E	R	K	N	Q	S	T	A	V	L	I	F	Y	W	H	M	C	P
0	0.17244	0.24581	0.05818	0.01493	0.05525	0.14381	0.01238	0.10791	0.08802	0.02432	0.01277	0.01391	0.01023	0.00685	0.00547	0.00187	0.00781	0.00473	0.00421	0.00911
1	0.54900	0.04006	0.01363	0.01398	0.10845	0.05891	0.00957	0.01996	0.01292	0.02730	0.01205	0.05004	0.01037	0.00717	0.00495	0.00207	0.00601	0.00498	0.04075	0.00781
2	0.01641	0.12970	0.45368	0.01804	0.02631	0.04015	0.05154	0.09877	0.06007	0.02364	0.01337	0.01502	0.00987	0.00676	0.00635	0.00206	0.00928	0.00528	0.00364	0.01004
3	0.01483	0.09244	0.37685	0.02237	0.15605	0.01619	0.07166	0.04232	0.01574	0.02237	0.06988	0.01947	0.03543	0.00729	0.00667	0.00209	0.00876	0.00626	0.00363	0.00969
4	0.01377	0.04142	0.17421	0.37600	0.05857	0.01455	0.04139	0.01907	0.03276	0.03780	0.01652	0.04137	0.03738	0.00767	0.00670	0.00219	0.00840	0.00663	0.05527	0.00834
5	0.01326	0.00880	0.01258	0.01171	0.01322	0.01012	0.00916	0.01539	0.01200	0.11100	0.01862	0.02649	0.01676	0.10280	0.48553	0.00842	0.10568	0.00733	0.00427	0.00685
6	0.08842	0.11276	0.01716	0.01128	0.01619	0.01240	0.00954	0.02881	0.01766	0.50193	0.02279	0.02089	0.01514	0.00790	0.00612	0.00198	0.00572	0.00614	0.08678	0.01039
7	0.19824	0.01172	0.01414	0.01119	0.01607	0.01102	0.00922	0.02960	0.01760	0.53688	0.02297	0.02076	0.01490	0.00798	0.00620	0.00209	0.00557	0.00617	0.04722	0.01046
8	0.00998	0.00693	0.00888	0.00839	0.01000	0.00645	0.00629	0.01320	0.01888	0.02725	0.64666	0.04864	0.06002	0.01341	0.00775	0.00210	0.00322	0.01179	0.08370	0.00645
9	0.01702	0.01470	0.01547	0.01392	0.01779	0.01702	0.01083	0.03635	0.70453	0.02862	0.02785	0.02553	0.02088	0.00928	0.00696	0.00232	0.00541	0.00773	0.00696	0.01083
10	0.01531	0.01686	0.03593	0.02595	0.03194	0.01586	0.59918	0.02030	0.01531	0.02075	0.01488	0.02201	0.01234	0.10753	0.01168	0.00289	0.01087	0.00833	0.00355	0.00854
11	0.00973	0.00654	0.00753	0.00774	0.00779	0.00649	0.00444	0.00989	0.01037	0.01383	0.02374	0.14067	0.02762	0.65992	0.03130	0.00611	0.00627	0.01123	0.00444	0.00434
12	0.01359	0.03147	0.62722	0.01773	0.02669	0.01460	0.02251	0.02089	0.01443	0.02218	0.01363	0.01594	0.00986	0.00670	0.00627	0.00209	0.00918	0.00523	0.11017	0.00961
13	0.02463	0.01249	0.01572	0.01180	0.01737	0.01074	0.00965	0.08717	0.01887	0.42174	0.02097	0.01956	0.01414	0.00728	0.00626	0.00173	0.00572	0.00585	0.00681	0.28150
14	0.01676	0.01419	0.01491	0.01346	0.01719	0.01636	0.01046	0.03510	0.66222	0.02843	0.02751	0.02552	0.02068	0.00920	0.00683	0.00228	0.00528	0.00765	0.05543	0.01056
15	0.01933	0.66317	0.03378	0.01225	0.01805	0.02628	0.01188	0.11142	0.01637	0.01974	0.01044	0.01171	0.00917	0.00617	0.00472	0.00154	0.00734	0.00400	0.00346	0.00917
16	0.03070	0.01164	0.01588	0.01217	0.01746	0.01006	0.01006	0.03334	0.01958	0.72163	0.02699	0.02329	0.01694	0.00847	0.00688	0.00212	0.00582	0.00688	0.00847	0.01164
17	0.01305	0.01233	0.02055	0.69867	0.04533	0.01555	0.01875	0.01742	0.01348	0.01742	0.01197	0.01804	0.00911	0.00715	0.00780	0.00232	0.05436	0.00607	0.00304	0.00759
18	0.01299	0.01226	0.02053	0.71786	0.04610	0.01540	0.01886	0.01744	0.01357	0.01744	0.01205	0.01813	0.00912	0.00702	0.00738	0.00230	0.03482	0.00608	0.00304	0.00760
19	0.01234	0.00646	0.00675	0.00668	0.00827	0.00639	0.00501	0.01553	0.01502	0.02577	0.11560	0.02896	0.02388	0.00878	0.00523	0.00167	0.00319	0.00719	0.69089	0.00639
20	0.00995	0.00663	0.00746	0.00746	0.00746	0.00663	0.00415	0.00995	0.00995	0.01327	0.02156	0.04477	0.02487	0.75957	0.03482	0.00663	0.00663	0.00995	0.00415	0.00415
21	0.01419	0.01216	0.01419	0.01013	0.01621	0.00912	0.00811	0.01723	0.01419	0.02229	0.01216	0.01419	0.01013	0.00507	0.00507	0.00101	0.00507	0.00405	0.00405	0.80139
22	0.01275	0.00638	0.00638	0.00638	0.00797	0.00638	0.00478	0.01594	0.01435	0.02551	0.02232	0.02551	0.01754	0.00797	0.00478	0.00159	0.00319	0.00638	0.79755	0.00638
23	0.01188	0.00594	0.00891	0.00891	0.00891	0.00594	0.00594	0.00891	0.00891	0.01188	0.01188	0.02080	0.01188	0.02377	0.02674	0.80095	0.00594	0.00594	0.00297	0.00297
24	0.01829	0.76368	0.03585	0.01171	0.01756	0.02707	0.01171	0.02049	0.01390	0.01610	0.00951	0.01097	0.00878	0.00585	0.00439	0.00146	0.00732	0.00366	0.00293	0.00878
25	0.01400	0.08003	0.68193	0.01902	0.02887	0.01657	0.02445	0.02159	0.01441	0.02132	0.01211	0.01423	0.00867	0.00646	0.00637	0.00212	0.00994	0.00497	0.00289	0.01003
26	0.01419	0.01216	0.01419	0.01013	0.01621	0.00912	0.00811	0.01723	0.01419	0.02229	0.01216	0.01419	0.01013	0.00507	0.00507	0.00101	0.00507	0.00405	0.00405	0.80139
27	0.03006	0.01266	0.01651	0.01265	0.01797	0.01156	0.01045	0.12254	0.02128	0.63003	0.02556	0.02236	0.01622	0.00843	0.00688	0.00211	0.00605	0.00678	0.00825	0.01164
28	0.00854	0.00716	0.00798	0.00818	0.00991	0.00660	0.00603	0.01013	0.01471	0.01812	0.05835	0.22610	0.51508	0.01799	0.00907	0.00246	0.04647	0.01514	0.00616	0.00582
29	0.01679	0.01611	0.02752	0.06633	0.69364	0.01622	0.02093	0.02087	0.01551	0.02218	0.01284	0.01698	0.01078	0.00612	0.00678	0.00204	0.00816	0.00610	0.00337	0.01072
30	0.03070	0.01164	0.01588	0.01217	0.01746	0.01006	0.01006	0.03334	0.01958	0.72163	0.02699	0.02329	0.01694	0.00847	0.00688	0.00212	0.00582	0.00688	0.00847	0.01164
31	0.01669	0.01430	0.01569	0.01486	0.04956	0.01629	0.01102	0.05137	0.60249	0.02863	0.07921	0.02684	0.02351	0.00947	0.00703	0.00229	0.00543	0.00797	0.00684	0.01052
32	0.00995	0.00663	0.00746	0.00746	0.00746	0.00663	0.00415	0.00995	0.00995	0.01327	0.02156	0.04477	0.02487	0.75957	0.03482	0.00663	0.00663	0.00995	0.00415	0.00415
33	0.12490	0.56999	0.08411	0.01223	0.01808	0.06008	0.01224	0.02087	0.01391	0.01852	0.00978	0.01133	0.00859	0.00603	0.00462	0.00162	0.00751	0.00381	0.00313	0.00865
34	0.00850	0.00695	0.00750	0.00736	0.00949	0.00595	0.00552	0.01062	0.01657	0.02080	0.23600	0.06203	0.54597	0.01646	0.00808	0.00227	0.00340	0.01390	0.00666	0.00595
35	0.01868	0.01511	0.01645	0.01474	0.03586	0.01709	0.01135	0.16080	0.50381	0.04724	0.04780	0.02553	0.02061	0.00935	0.00703	0.00227	0.00585	0.02279	0.00689	0.01076
36	0.00870	0.00622	0.00833	0.00975	0.01036	0.00585	0.00681	0.01023	0.01383	0.01852	0.08917	0.63596	0.04616	0.02062	0.00875	0.00277	0.00414	0.08172	0.00644	0.00570
37	0.01849	0.03457	0.06206	0.01611	0.07520	0.15210	0.02600	0.11551	0.12190	0.07340	0.10644	0.04701	0.10218	0.00989	0.00702	0.00210	0.00723	0.00808	0.00565	0.00906
38	0.01086	0.00720	0.00916	0.00875	0.01058	0.00650	0.00652	0.01354	0.01796	0.07774	0.47107	0.14628	0.15775	0.01508	0.00807	0.00226	0.00356	0.01322	0.00726	0.00663
39	0.01436	0.01276	0.01600	0.01184	0.01712	0.01100	0.03265	0.01729	0.01375	0.02149	0.01179	0.01444	0.00999	0.00602	0.00752	0.00133	0.10546	0.00445	0.00389	0.66686
40	0.01831	0.01830	0.05732	0.02516	0.23729	0.11145	0.13413	0.06113	0.04516	0.07221	0.05613	0.03655	0.03282	0.00761	0.00697	0.00204	0.00841	0.00703	0.00451	0.05748

[dist]
# distance from previous block
# <min> <max>
0	2

[block]
# block no. 5 follows, 31 sequences, length 10
# corresponding to MSA columns:
# 630-639
name=unknown_F
#
# <colnr> <probs for GDERKNQSTAVLIFYWHMCP>
#	G	D	E	R	K	N	Q	S	T	A	V	L	I	F	Y	W	H	M	C	P
0	0.16000	0.38829	0.05462	0.01500	0.07032	0.14854	0.01249	0.04649	0.01529	0.02049	0.01032	0.01203	0.00880	0.00628	0.00503	0.00172	0.00803	0.00413	0.00344	0.00870
1	0.01380	0.01037	0.01626	0.29641	0.10925	0.01122	0.01361	0.01705	0.01496	0.09582	0.07814	0.21343	0.02542	0.01185	0.00755	0.00239	0.00671	0.04298	0.00505	0.00774
2	0.01056	0.00941	0.04434	0.00960	0.01203	0.00824	0.00774	0.01593	0.11478	0.02525	0.43482	0.07513	0.17818	0.01387	0.00786	0.00223	0.00394	0.01202	0.00696	0.00709
3	0.18481	0.01196	0.01472	0.01154	0.01662	0.01110	0.00953	0.03072	0.01801	0.58462	0.02353	0.02087	0.01505	0.00805	0.00636	0.00212	0.00572	0.00625	0.00763	0.01080
4	0.00834	0.00595	0.00794	0.00953	0.00992	0.00556	0.00635	0.00953	0.01310	0.01746	0.03771	0.75510	0.04525	0.02143	0.00873	0.00278	0.00397	0.01945	0.00635	0.00556
5	0.02456	0.01777	0.01899	0.01472	0.01977	0.01960	0.01211	0.62010	0.03022	0.04120	0.01707	0.01742	0.01228	0.00819	0.00662	0.00200	0.00705	0.00618	0.09310	0.01106
6	0.02556	0.03261	0.01939	0.01763	0.02115	0.73210	0.01322	0.02732	0.01939	0.01674	0.01058	0.01234	0.00881	0.00705	0.00617	0.00176	0.01234	0.00441	0.00353	0.00793
7	0.01102	0.00787	0.01102	0.01260	0.01417	0.00787	0.01102	0.01417	0.01575	0.02047	0.03622	0.07717	0.03937	0.01890	0.00945	0.00315	0.00630	0.67084	0.00630	0.00630
8	0.01446	0.01253	0.01468	0.01089	0.01644	0.01044	0.00872	0.01872	0.06963	0.02247	0.01324	0.01515	0.01093	0.00581	0.00622	0.00123	0.04794	0.00446	0.00423	0.69180
9	0.01051	0.00812	0.03329	0.00914	0.01123	0.00681	0.00726	0.01340	0.01775	0.05865	0.44142	0.12150	0.17299	0.01503	0.00809	0.00229	0.00385	0.04503	0.00703	0.00662

[dist]
# distance from previous block
# <min> <max>
0	23

[block]
# block no. 6 follows, 31 sequences, length 6
# corresponding to MSA columns:
# 663-668
name=unknown_G
#
# <colnr> <probs for GDERKNQSTAVLIFYWHMCP>
#	G	D	E	R	K	N	Q	S	T	A	V	L	I	F	Y	W	H	M	C	P
0	0.01470	0.01447	0.07964	0.02612	0.35710	0.01261	0.01541	0.01925	0.04881	0.05592	0.16130	0.05789	0.08840	0.00962	0.00722	0.00214	0.00648	0.00868	0.00498	0.00926
1	0.01909	0.02093	0.14326	0.09968	0.12822	0.06550	0.08623	0.23542	0.05790	0.02839	0.03843	0.01796	0.01272	0.00739	0.00690	0.00212	0.00870	0.00633	0.00471	0.01011
2	0.01463	0.02725	0.45480	0.05056	0.07009	0.01589	0.02070	0.05586	0.10176	0.02307	0.01775	0.01935	0.05273	0.00779	0.00734	0.00222	0.03837	0.00616	0.00385	0.00985
3	0.01594	0.08345	0.10119	0.09814	0.10486	0.01556	0.03450	0.14843	0.08040	0.02595	0.11774	0.02730	0.09925	0.00926	0.00693	0.00211	0.00693	0.00780	0.00515	0.00913
4	0.05304	0.01468	0.06187	0.01892	0.17278	0.05081	0.03927	0.04139	0.08198	0.05337	0.10702	0.05167	0.13091	0.01002	0.00703	0.00210	0.00640	0.02422	0.00523	0.06729
5	0.01528	0.05242	0.11870	0.01679	0.09245	0.10538	0.03672	0.06296	0.01667	0.04290	0.09489	0.14368	0.08656	0.01317	0.04244	0.00262	0.03399	0.00934	0.00488	0.00816

[dist]
# distance from previous block
# <min> <max>
2	4

[block]
# block no. 7 follows, 31 sequences, length 89
# corresponding to MSA columns:
# 692-780
name=unknown_H
#
# <colnr> <probs for GDERKNQSTAVLIFYWHMCP>
#	G	D	E	R	K	N	Q	S	T	A	V	L	I	F	Y	W	H	M	C	P
0	0.01310	0.01283	0.03379	0.01608	0.09704	0.08966	0.04774	0.01754	0.10064	0.02007	0.06510	0.33758	0.03028	0.03573	0.04760	0.00299	0.00695	0.01245	0.00538	0.00746
1	0.01343	0.01654	0.14915	0.28420	0.21624	0.01392	0.01824	0.01814	0.01517	0.02089	0.10566	0.02428	0.05913	0.00813	0.00699	0.00218	0.00794	0.00721	0.00388	0.00867
2	0.01340	0.01218	0.04121	0.13793	0.04092	0.01279	0.01140	0.02267	0.27055	0.02369	0.11283	0.09789	0.08333	0.01105	0.00763	0.00230	0.02684	0.00940	0.05357	0.00843
3	0.00934	0.00709	0.00924	0.00957	0.01061	0.00707	0.00698	0.01134	0.01504	0.02050	0.24805	0.32760	0.12417	0.04093	0.05361	0.00316	0.04952	0.03390	0.00629	0.00599
4	0.01596	0.05946	0.02340	0.12831	0.30440	0.01591	0.05521	0.07233	0.07271	0.02398	0.11995	0.02262	0.01939	0.00794	0.00736	0.00212	0.02783	0.00715	0.00449	0.00947
5	0.00994	0.00666	0.00761	0.00761	0.00767	0.00671	0.00433	0.01005	0.00999	0.01338	0.02142	0.04400	0.02454	0.72926	0.06467	0.00682	0.00713	0.00984	0.00412	0.00423
6	0.05322	0.28337	0.23900	0.01527	0.02226	0.01983	0.04348	0.11505	0.01729	0.11108	0.01368	0.01464	0.01017	0.00672	0.00582	0.00190	0.00809	0.00501	0.00423	0.00990
7	0.01488	0.01340	0.01845	0.34524	0.07779	0.01535	0.01493	0.02488	0.27687	0.02253	0.01818	0.02052	0.01382	0.00754	0.00670	0.00215	0.00724	0.00651	0.00466	0.08837
8	0.01851	0.01544	0.01631	0.01422	0.01836	0.01771	0.01119	0.14557	0.59288	0.03103	0.02595	0.02401	0.01935	0.00910	0.00694	0.00228	0.00577	0.00747	0.00694	0.01096
9	0.01419	0.01216	0.01419	0.01013	0.01621	0.00912	0.00811	0.01723	0.01419	0.02229	0.01216	0.01419	0.01013	0.00507	0.00507	0.00101	0.00507	0.00405	0.00405	0.80139
10	0.00889	0.00762	0.00875	0.03309	0.04956	0.00673	0.00665	0.01100	0.01592	0.01958	0.13008	0.06009	0.58602	0.01602	0.00797	0.00228	0.00388	0.01350	0.00620	0.00618
11	0.01102	0.00787	0.01102	0.01260	0.01417	0.00787	0.01102	0.01417	0.01575	0.02047	0.03622	0.07717	0.03937	0.01890	0.00945	0.00315	0.00630	0.67084	0.00630	0.00630
12	0.02601	0.01916	0.02053	0.01574	0.02122	0.02122	0.01300	0.69408	0.03217	0.04312	0.01643	0.01643	0.01163	0.00821	0.00684	0.00205	0.00753	0.00616	0.00684	0.01163
13	0.01751	0.01494	0.01575	0.01402	0.01798	0.01725	0.01095	0.07259	0.66749	0.02942	0.02722	0.02502	0.02037	0.00922	0.00695	0.00231	0.00553	0.00765	0.00695	0.01087
14	0.00977	0.00733	0.01100	0.01100	0.01222	0.00855	0.00855	0.01222	0.01100	0.01588	0.01833	0.02688	0.01710	0.05131	0.73245	0.01100	0.01833	0.00733	0.00367	0.00611
15	0.00834	0.00595	0.00794	0.00953	0.00992	0.00556	0.00635	0.00953	0.01310	0.01746	0.03771	0.75510	0.04525	0.02143	0.00873	0.00278	0.00397	0.01945	0.00635	0.00556
16	0.00968	0.00699	0.00914	0.00861	0.01022	0.00646	0.00646	0.01291	0.01937	0.02743	0.71328	0.05110	0.06455	0.01399	0.00807	0.00215	0.00323	0.01237	0.00753	0.00646
17	0.03070	0.01164	0.01588	0.01217	0.01746	0.01006	0.01006	0.03334	0.01958	0.72163	0.02699	0.02329	0.01694	0.00847	0.00688	0.00212	0.00582	0.00688	0.00847	0.01164
18	0.01009	0.00735	0.00960	0.00933	0.01101	0.00697	0.00724	0.01378	0.03907	0.02648	0.59648	0.05407	0.05967	0.01455	0.00823	0.00230	0.00373	0.10616	0.00734	0.00656
19	0.00959	0.00699	0.00901	0.00851	0.01016	0.00641	0.00638	0.01272	0.01914	0.02689	0.67443	0.05199	0.10374	0.01419	0.00807	0.00216	0.00324	0.01250	0.00746	0.00641
20	0.00946	0.00698	0.00884	0.00838	0.01009	0.00636	0.00628	0.01249	0.01885	0.02621	0.62542	0.05311	0.15318	0.01444	0.00807	0.00217	0.00326	0.01265	0.00737	0.00636
21	0.80789	0.01323	0.01006	0.00900	0.01323	0.01535	0.00741	0.02011	0.01164	0.03070	0.00953	0.01111	0.00741	0.00635	0.00423	0.00212	0.00529	0.00370	0.00423	0.00741
22	0.01424	0.10669	0.61693	0.01864	0.02777	0.01728	0.02336	0.02126	0.01417	0.02083	0.01182	0.01413	0.00870	0.00674	0.00717	0.00214	0.05043	0.00497	0.00290	0.00983
23	0.00986	0.00698	0.00923	0.00923	0.00984	0.00759	0.00635	0.01108	0.01047	0.01458	0.01994	0.03581	0.02098	0.40484	0.38423	0.00882	0.01249	0.00864	0.00390	0.00513
24	0.01829	0.76368	0.03585	0.01171	0.01756	0.02707	0.01171	0.02049	0.01390	0.01610	0.00951	0.01097	0.00878	0.00585	0.00439	0.00146	0.00732	0.00366	0.00293	0.00878
25	0.01086	0.00819	0.01140	0.01100	0.01211	0.00957	0.00840	0.03634	0.01165	0.01680	0.01817	0.02828	0.01749	0.15297	0.52354	0.00911	0.07071	0.00755	0.02974	0.00612
26	0.00921	0.00697	0.00849	0.00811	0.00993	0.00625	0.00608	0.01200	0.01825	0.02479	0.52314	0.05546	0.25634	0.01497	0.00807	0.00220	0.00330	0.01298	0.00718	0.00625
27	0.01387	0.03437	0.68287	0.02006	0.02998	0.01597	0.06550	0.02168	0.01455	0.02168	0.01237	0.01469	0.00877	0.00646	0.00659	0.00218	0.01020	0.00524	0.00292	0.01006
28	0.30997	0.35940	0.06664	0.01378	0.07652	0.02071	0.01169	0.02079	0.01339	0.04028	0.01041	0.01206	0.00865	0.00616	0.00473	0.00181	0.00677	0.00405	0.00359	0.00860
29	0.01656	0.01570	0.02324	0.05268	0.46769	0.04434	0.01744	0.02351	0.15450	0.02299	0.03452	0.02002	0.01452	0.00973	0.05060	0.00263	0.00826	0.00660	0.00423	0.01023
30	0.02450	0.06356	0.02087	0.01529	0.02060	0.02108	0.01267	0.57746	0.10873	0.03981	0.01733	0.01715	0.01253	0.00819	0.00671	0.00205	0.00727	0.00619	0.00662	0.01137
31	0.02066	0.10352	0.10183	0.03928	0.09635	0.05899	0.01471	0.27754	0.06839	0.04929	0.01489	0.01606	0.01125	0.00733	0.00672	0.00195	0.02560	0.00560	0.00502	0.07499
32	0.01810	0.73292	0.06492	0.01204	0.01807	0.02660	0.01228	0.02054	0.01392	0.01633	0.00963	0.01112	0.00877	0.00588	0.00448	0.00149	0.00743	0.00372	0.00292	0.00884
33	0.80789	0.01323	0.01006	0.00900	0.01323	0.01535	0.00741	0.02011	0.01164	0.03070	0.00953	0.01111	0.00741	0.00635	0.00423	0.00212	0.00529	0.00370	0.00423	0.00741
34	0.00984	0.00730	0.00920	0.00867	0.01044	0.00683	0.00652	0.01359	0.04708	0.02666	0.62584	0.05141	0.12265	0.01410	0.00803	0.00217	0.00334	0.01237	0.00740	0.00657
35	0.00984	0.00749	0.00992	0.01143	0.05108	0.00759	0.00761	0.01157	0.01371	0.01900	0.06389	0.46632	0.11960	0.01762	0.00925	0.00255	0.06520	0.01537	0.08480	0.00616
36	0.00955	0.00699	0.00896	0.00847	0.01014	0.00640	0.00635	0.01266	0.01906	0.02670	0.66028	0.05232	0.11802	0.01426	0.00807	0.00216	0.00325	0.01254	0.00743	0.00640
37	0.01292	0.01216	0.02052	0.74312	0.04712	0.01520	0.01900	0.01748	0.01368	0.01748	0.01216	0.01824	0.00912	0.00684	0.00684	0.00228	0.00912	0.00608	0.00304	0.00760
38	0.00968	0.00699	0.00914	0.00861	0.01022	0.00646	0.00646	0.01291	0.01937	0.02743	0.71328	0.05110	0.06455	0.01399	0.00807	0.00215	0.00323	0.01237	0.00753	0.00646
39	0.00982	0.00716	0.01013	0.01013	0.01106	0.00808	0.00748	0.01166	0.01074	0.01524	0.01911	0.03124	0.01900	0.22388	0.56247	0.00993	0.01548	0.00797	0.00378	0.00563
40	0.01662	0.01428	0.01513	0.01364	0.01738	0.01645	0.01059	0.03509	0.66756	0.02856	0.06483	0.02691	0.02324	0.00954	0.00702	0.00231	0.00530	0.00799	0.00699	0.01059
41	0.01419	0.01216	0.01419	0.01013	0.01621	0.00912	0.00811	0.01723	0.01419	0.02229	0.01216	0.01419	0.01013	0.00507	0.00507	0.00101	0.00507	0.00405	0.00405	0.80139
42	0.01234	0.01055	0.01582	0.04008	0.20324	0.01017	0.03195	0.01637	0.04170	0.02480	0.37921	0.03790	0.08279	0.01095	0.00748	0.00208	0.00517	0.00987	0.00587	0.05166
43	0.59355	0.01411	0.01229	0.01051	0.01496	0.01603	0.00862	0.11969	0.06607	0.07041	0.01284	0.01362	0.00954	0.00695	0.00496	0.00212	0.00565	0.00453	0.00505	0.00851
44	0.01621	0.01533	0.02591	0.03866	0.64627	0.01528	0.01954	0.02019	0.01596	0.02286	0.08286	0.02035	0.01620	0.00688	0.00690	0.00204	0.00764	0.00672	0.00380	0.01040
45	0.01758	0.01696	0.02670	0.10393	0.40111	0.04742	0.11274	0.08005	0.08075	0.02392	0.01453	0.01783	0.01151	0.00664	0.00696	0.00211	0.00858	0.00646	0.00399	0.01023
46	0.04488	0.11325	0.56130	0.02016	0.08646	0.01713	0.02273	0.02142	0.01437	0.02146	0.01192	0.01415	0.00882	0.00639	0.00620	0.00208	0.00945	0.00494	0.00299	0.00992
47	0.01615	0.01845	0.04037	0.02884	0.03576	0.01730	0.69204	0.02191	0.01615	0.02191	0.01384	0.01845	0.01038	0.00577	0.00807	0.00231	0.01153	0.00807	0.00346	0.00923
48	0.80789	0.01323	0.01006	0.00900	0.01323	0.01535	0.00741	0.02011	0.01164	0.03070	0.00953	0.01111	0.00741	0.00635	0.00423	0.00212	0.00529	0.00370	0.00423	0.00741
49	0.01342	0.01273	0.03874	0.20698	0.07503	0.01286	0.14288	0.06634	0.03203	0.02160	0.06305	0.21892	0.02382	0.01142	0.00772	0.00240	0.00752	0.02988	0.00476	0.00792
50	0.00995	0.00663	0.00746	0.00746	0.00746	0.00663	0.00415	0.00995	0.00995	0.01327	0.02156	0.04477	0.02487	0.75957	0.03482	0.00663	0.00663	0.00995	0.00415	0.00415
51	0.03070	0.01164	0.01588	0.01217	0.01746	0.01006	0.01006	0.03334	0.01958	0.72163	0.02699	0.02329	0.01694	0.00847	0.00688	0.00212	0.00582	0.00688	0.00847	0.01164
52	0.00834	0.00595	0.00794	0.00953	0.00992	0.00556	0.00635	0.00953	0.01310	0.01746	0.03771	0.75510	0.04525	0.02143	0.00873	0.00278	0.00397	0.01945	0.00635	0.00556
53	0.01441	0.15603	0.45625	0.01735	0.02468	0.01803	0.02032	0.02007	0.01355	0.01957	0.01175	0.01478	0.00931	0.01026	0.05845	0.00277	0.11513	0.00510	0.00296	0.00923
54	0.00992	0.00724	0.00935	0.00878	0.01046	0.00679	0.00660	0.01366	0.04138	0.02747	0.69126	0.05028	0.06315	0.01384	0.00803	0.00216	0.00330	0.01222	0.00751	0.00660
55	0.02964	0.01188	0.01585	0.01231	0.01749	0.01059	0.01012	0.03357	0.07265	0.66794	0.02706	0.02346	0.01724	0.00853	0.00689	0.00213	0.00579	0.00695	0.00835	0.01158
56	0.01748	0.01352	0.01467	0.01294	0.01674	0.01501	0.01012	0.07195	0.50058	0.08788	0.07942	0.02988	0.07929	0.01014	0.00712	0.00227	0.00526	0.00844	0.00707	0.01023
57	0.01662	0.04544	0.05746	0.07935	0.62302	0.01659	0.02071	0.02081	0.01536	0.02181	0.01268	0.01667	0.01057	0.00615	0.00667	0.00203	0.00824	0.00596	0.00333	0.01054
58	0.00959	0.00699	0.00902	0.00851	0.01017	0.00642	0.00639	0.01274	0.01916	0.02694	0.67780	0.05192	0.10034	0.01417	0.00807	0.00216	0.00324	0.01249	0.00747	0.00642
59	0.00834	0.00595	0.00794	0.00953	0.00992	0.00556	0.00635	0.00953	0.01310	0.01746	0.03771	0.75510	0.04525	0.02143	0.00873	0.00278	0.00397	0.01945	0.00635	0.00556
60	0.01425	0.01239	0.01474	0.01077	0.01635	0.01008	0.00866	0.01716	0.01389	0.02182	0.01190	0.01425	0.01004	0.00563	0.00648	0.00117	0.06520	0.00421	0.00397	0.73705
61	0.00979	0.00727	0.01071	0.01071	0.01184	0.00840	0.00820	0.01204	0.01091	0.01567	0.01858	0.02831	0.01773	0.10803	0.67659	0.01065	0.01739	0.00754	0.00370	0.00595
62	0.00997	0.00722	0.01043	0.01043	0.01157	0.00826	0.00796	0.01225	0.01111	0.01625	0.01883	0.02827	0.01777	0.10699	0.63113	0.01007	0.01645	0.00749	0.05160	0.00596
