[name]
unknown

[dist]
# distance from previous block
# <min> <max>
4	31

[block]
# block no. 0 follows, 32 sequences, length 51
# corresponding to MSA columns:
# 31-81
name=unknown_A
#
# <colnr> <probs for GDERKNQSTAVLIFYWHMCP>
#	G	D	E	R	K	N	Q	S	T	A	V	L	I	F	Y	W	H	M	C	P
0	0.12014	0.01375	0.01545	0.01232	0.01718	0.06033	0.01004	0.08137	0.06973	0.49502	0.02267	0.02037	0.01487	0.00801	0.00640	0.00206	0.00617	0.00623	0.00727	0.01063
1	0.01454	0.01383	0.02350	0.41254	0.36714	0.01540	0.01956	0.01878	0.01430	0.01941	0.01226	0.01728	0.00974	0.00636	0.00668	0.00212	0.00848	0.00597	0.00314	0.00896
2	0.02625	0.01207	0.01535	0.01221	0.01694	0.01143	0.00993	0.07370	0.13296	0.52304	0.07215	0.02460	0.02003	0.00878	0.00684	0.00211	0.00558	0.00720	0.00790	0.01095
3	0.00923	0.00674	0.00767	0.00766	0.00944	0.00597	0.00561	0.01129	0.01574	0.03649	0.22559	0.15078	0.37422	0.04008	0.00862	0.00237	0.00354	0.01347	0.05956	0.00592
4	0.01591	0.01735	0.02634	0.02084	0.02365	0.10013	0.25285	0.01888	0.01332	0.01807	0.01190	0.04332	0.01076	0.01030	0.03128	0.00274	0.36425	0.00693	0.00329	0.00789
5	0.02232	0.01307	0.01534	0.01271	0.01680	0.01351	0.01029	0.22382	0.13003	0.25842	0.02399	0.02872	0.01873	0.06731	0.00905	0.00252	0.00615	0.08053	0.03673	0.00996
6	0.00842	0.00594	0.00771	0.00903	0.00936	0.00561	0.00589	0.00941	0.01236	0.01649	0.03451	0.64798	0.04126	0.13712	0.01256	0.00332	0.00430	0.01762	0.00589	0.00523
7	0.02625	0.01435	0.01692	0.01318	0.01808	0.01456	0.01080	0.33865	0.02439	0.34883	0.02193	0.05098	0.01541	0.00870	0.00671	0.00205	0.00629	0.00692	0.04407	0.01092
8	0.01568	0.01500	0.02556	0.20731	0.56343	0.01570	0.02013	0.01978	0.01484	0.02080	0.01246	0.01691	0.01023	0.00615	0.00666	0.00205	0.00820	0.00597	0.00324	0.00988
9	0.00849	0.00672	0.00724	0.00722	0.00891	0.00590	0.00513	0.01008	0.01475	0.01845	0.15286	0.08386	0.47578	0.15027	0.01264	0.00302	0.00394	0.01326	0.00601	0.00547
10	0.81159	0.01298	0.00986	0.00882	0.01298	0.01505	0.00727	0.01972	0.01142	0.03010	0.00934	0.01090	0.00727	0.00623	0.00415	0.00208	0.00519	0.00363	0.00415	0.00727
11	0.04414	0.48290	0.10835	0.01498	0.06574	0.07797	0.01359	0.06162	0.04123	0.01935	0.01100	0.01249	0.00930	0.00620	0.00506	0.00166	0.00779	0.00425	0.00336	0.00902
12	0.01383	0.13673	0.58318	0.01749	0.02623	0.01666	0.02181	0.02047	0.01387	0.02010	0.01205	0.01450	0.00907	0.00922	0.05487	0.00260	0.01007	0.00491	0.00289	0.00947
13	0.00864	0.00617	0.00831	0.00987	0.01046	0.00585	0.00703	0.01014	0.01330	0.01764	0.03673	0.64037	0.04337	0.02059	0.00869	0.00279	0.00429	0.13397	0.00622	0.00558
14	0.00998	0.00747	0.01116	0.01072	0.01196	0.00833	0.03454	0.01215	0.01095	0.01579	0.01848	0.02881	0.01776	0.16209	0.56441	0.00937	0.01523	0.00759	0.03738	0.00581
15	0.00853	0.00651	0.00777	0.00825	0.00962	0.00585	0.00593	0.01035	0.01506	0.01955	0.19368	0.29625	0.29823	0.04568	0.00917	0.00258	0.00374	0.04117	0.00639	0.00569
16	0.01384	0.03168	0.60858	0.01884	0.02769	0.04706	0.05776	0.02091	0.01471	0.02125	0.04268	0.01779	0.01188	0.00707	0.00660	0.00215	0.00968	0.02715	0.00319	0.00950
17	0.02201	0.01250	0.01524	0.01160	0.01688	0.01112	0.00942	0.10339	0.06477	0.31752	0.04347	0.01984	0.01539	0.00728	0.00613	0.00168	0.00552	0.00588	0.00639	0.30396
18	0.01446	0.13433	0.08588	0.06664	0.07022	0.01589	0.13540	0.04591	0.08925	0.02043	0.01868	0.16381	0.01781	0.01133	0.03473	0.00254	0.05139	0.00866	0.00427	0.00840
19	0.04269	0.04562	0.16752	0.01751	0.09787	0.03827	0.07055	0.06941	0.03611	0.09053	0.04592	0.02021	0.05614	0.00731	0.00632	0.00186	0.00727	0.00618	0.00453	0.16818
20	0.08686	0.33835	0.09424	0.03806	0.02052	0.10980	0.05263	0.03877	0.08149	0.03573	0.01230	0.01383	0.00998	0.00667	0.00601	0.00183	0.03572	0.00474	0.00368	0.00878
21	0.31312	0.04193	0.04401	0.07383	0.07819	0.03583	0.01120	0.13929	0.02964	0.04988	0.01360	0.01556	0.01039	0.00781	0.02102	0.00217	0.00664	0.00505	0.09232	0.00852
22	0.00836	0.00614	0.00790	0.00918	0.00995	0.00567	0.00641	0.00979	0.01353	0.01772	0.05752	0.59526	0.13940	0.02010	0.00851	0.00267	0.00397	0.06613	0.00625	0.00555
23	0.01761	0.04217	0.02031	0.06022	0.02122	0.01514	0.13945	0.23918	0.07112	0.04772	0.04724	0.09286	0.01815	0.03781	0.03486	0.00260	0.00753	0.00813	0.06777	0.00891
24	0.00888	0.00627	0.00762	0.00840	0.00886	0.00598	0.00543	0.00971	0.01195	0.01569	0.03364	0.38110	0.10215	0.31672	0.01873	0.00420	0.00497	0.03941	0.00536	0.00495
25	0.01347	0.01229	0.01951	0.53943	0.11759	0.01443	0.01702	0.06229	0.01504	0.01947	0.01827	0.02261	0.08523	0.00781	0.00683	0.00220	0.00814	0.00685	0.00362	0.00789
26	0.02086	0.01404	0.01560	0.01311	0.01738	0.01521	0.01045	0.16335	0.37484	0.18366	0.02648	0.02448	0.04730	0.00902	0.00677	0.00216	0.00566	0.00734	0.03170	0.01061
27	0.00918	0.00691	0.00840	0.00845	0.00991	0.00644	0.00609	0.01206	0.04548	0.02204	0.35437	0.21247	0.19558	0.06034	0.00957	0.00255	0.00367	0.01381	0.00666	0.00604
28	0.02475	0.03035	0.01916	0.01715	0.02064	0.65658	0.01301	0.07927	0.01970	0.01844	0.01077	0.01250	0.00887	0.00717	0.00665	0.00179	0.03695	0.00451	0.00369	0.00805
29	0.03862	0.01367	0.01500	0.01276	0.01674	0.06068	0.01038	0.20129	0.04191	0.17816	0.04431	0.08762	0.02154	0.01081	0.00709	0.00217	0.00634	0.13038	0.00637	0.09416
30	0.07419	0.01449	0.01606	0.07147	0.04527	0.06307	0.01124	0.15473	0.13005	0.20255	0.02200	0.02320	0.04119	0.00854	0.00653	0.00207	0.00650	0.03272	0.03978	0.03435
31	0.01864	0.02210	0.08608	0.05539	0.32214	0.21911	0.07064	0.04135	0.01635	0.02032	0.01184	0.01515	0.00970	0.00670	0.00753	0.00202	0.05664	0.00557	0.00338	0.00934
32	0.02235	0.01723	0.01836	0.01480	0.01961	0.01934	0.01199	0.46246	0.27419	0.03720	0.02011	0.01930	0.01465	0.00843	0.00675	0.00211	0.00664	0.00659	0.00675	0.01113
33	0.02714	0.01077	0.01456	0.01138	0.01609	0.00934	0.00932	0.02976	0.01903	0.62797	0.09838	0.02725	0.04907	0.00920	0.00691	0.00209	0.00536	0.00759	0.00813	0.01068
34	0.00999	0.00699	0.00963	0.00967	0.01080	0.00765	0.00732	0.01224	0.01208	0.01761	0.08927	0.03396	0.02380	0.14085	0.44478	0.00788	0.01261	0.04764	0.08944	0.00579
35	0.11948	0.01099	0.01342	0.01082	0.01501	0.01042	0.00879	0.07493	0.01878	0.42154	0.14676	0.02591	0.02347	0.00897	0.00650	0.00204	0.00514	0.00725	0.06012	0.00967
36	0.01712	0.10402	0.10258	0.09464	0.06894	0.05553	0.01447	0.16953	0.08236	0.02508	0.04416	0.02707	0.01743	0.00938	0.00726	0.00220	0.02872	0.11563	0.00486	0.00901
37	0.01091	0.00733	0.00880	0.00837	0.00943	0.00727	0.00565	0.03727	0.01342	0.04564	0.16743	0.04314	0.09050	0.40936	0.10261	0.00538	0.00683	0.01008	0.00514	0.00544
38	0.01636	0.01542	0.01819	0.08575	0.13343	0.09679	0.03847	0.05867	0.21865	0.02299	0.02111	0.02276	0.06104	0.01019	0.03637	0.00248	0.06227	0.00694	0.06321	0.00892
39	0.00964	0.00649	0.00751	0.00772	0.00782	0.00645	0.00455	0.00988	0.01029	0.01370	0.02330	0.11650	0.02696	0.66016	0.03060	0.00599	0.00623	0.03754	0.00437	0.00429
40	0.04313	0.01596	0.01833	0.04400	0.06062	0.12579	0.06700	0.10720	0.06563	0.05041	0.01706	0.09117	0.01544	0.05505	0.04573	0.00290	0.12966	0.00750	0.02922	0.00819
41	0.01661	0.06744	0.17676	0.16548	0.16935	0.06497	0.08346	0.04534	0.01554	0.06752	0.01398	0.04392	0.01119	0.00713	0.00691	0.00209	0.02320	0.00622	0.00369	0.00920
42	0.02019	0.07400	0.04216	0.01609	0.04573	0.14884	0.06433	0.20770	0.11016	0.04698	0.03764	0.01838	0.01392	0.00777	0.00683	0.00196	0.03183	0.00608	0.09007	0.00935
43	0.00979	0.00672	0.00823	0.00834	0.00868	0.00696	0.00537	0.01047	0.01034	0.01399	0.02147	0.04256	0.02384	0.57375	0.17133	0.00712	0.00875	0.05360	0.00411	0.00459
44	0.00976	0.00651	0.00732	0.00732	0.00732	0.00651	0.00407	0.00976	0.00976	0.01301	0.02114	0.04391	0.02439	0.76419	0.03415	0.00651	0.00651	0.00976	0.00407	0.00407
45	0.01971	0.06956	0.08079	0.01380	0.01875	0.01725	0.01209	0.33290	0.16001	0.05735	0.02454	0.04992	0.09483	0.00945	0.00674	0.00209	0.00654	0.00750	0.00611	0.01006
46	0.01629	0.06327	0.01610	0.01277	0.01555	0.04323	0.01026	0.21060	0.06367	0.02422	0.01678	0.02201	0.01453	0.07832	0.26826	0.00547	0.07342	0.00658	0.03060	0.00807
47	0.00955	0.00686	0.00935	0.00946	0.01018	0.00752	0.00671	0.01102	0.01056	0.01477	0.02037	0.08153	0.02132	0.30181	0.43922	0.00873	0.01296	0.00889	0.00394	0.00527
48	0.02030	0.04609	0.15811	0.07439	0.05071	0.29320	0.09107	0.02405	0.01688	0.10977	0.01561	0.01723	0.03851	0.00717	0.00651	0.00197	0.00989	0.00572	0.00401	0.00882
49	0.01081	0.00835	0.01278	0.01162	0.01357	0.00832	0.08570	0.01389	0.03906	0.04099	0.14061	0.21236	0.07830	0.05433	0.20543	0.00479	0.00856	0.01154	0.03249	0.00650
50	0.22454	0.09838	0.12795	0.01392	0.01930	0.12745	0.05077	0.04948	0.06149	0.04745	0.01326	0.03540	0.01068	0.00691	0.00560	0.00189	0.00760	0.00513	0.00413	0.08869

[dist]
# distance from previous block
# <min> <max>
0	15

[block]
# block no. 1 follows, 32 sequences, length 13
# corresponding to MSA columns:
# 97-109
name=unknown_B
#
# <colnr> <probs for GDERKNQSTAVLIFYWHMCP>
#	G	D	E	R	K	N	Q	S	T	A	V	L	I	F	Y	W	H	M	C	P
0	0.04398	0.22817	0.32659	0.01540	0.02260	0.04204	0.05057	0.04611	0.01480	0.02100	0.01195	0.01394	0.00932	0.00621	0.00559	0.00180	0.00823	0.00470	0.05021	0.07678
1	0.08639	0.16188	0.15424	0.01590	0.07915	0.01680	0.01399	0.10031	0.07399	0.17012	0.01635	0.01697	0.01201	0.00921	0.04235	0.00240	0.00769	0.00549	0.00493	0.00985
2	0.01378	0.01219	0.01276	0.01170	0.01410	0.10738	0.04815	0.10604	0.01714	0.02208	0.06588	0.30470	0.12252	0.01405	0.00740	0.00223	0.00576	0.01220	0.07357	0.02636
3	0.01650	0.01326	0.01733	0.05859	0.21438	0.05627	0.01277	0.06542	0.10602	0.08205	0.01904	0.06484	0.01618	0.03942	0.12360	0.00359	0.00862	0.00726	0.06605	0.00882
4	0.01252	0.00674	0.00743	0.06929	0.01108	0.00699	0.00588	0.01576	0.01402	0.02435	0.02104	0.02441	0.01650	0.00772	0.00486	0.00162	0.00362	0.00623	0.73358	0.00636
5	0.01637	0.01582	0.02738	0.07735	0.65857	0.01593	0.04874	0.02045	0.01520	0.02166	0.01262	0.01674	0.01052	0.00600	0.00670	0.00202	0.00816	0.00606	0.00331	0.01040
6	0.00817	0.00676	0.00716	0.00717	0.00924	0.00575	0.00533	0.01005	0.01570	0.01933	0.15962	0.09914	0.58996	0.01674	0.00796	0.00227	0.00339	0.01413	0.00640	0.00575
7	0.04789	0.05661	0.02069	0.01548	0.02006	0.05547	0.07004	0.31040	0.09199	0.07347	0.01639	0.03758	0.01269	0.00825	0.00801	0.00207	0.07968	0.00632	0.00552	0.06140
8	0.01034	0.00751	0.01018	0.01148	0.01305	0.00735	0.00983	0.01321	0.01547	0.02004	0.06737	0.10058	0.11322	0.01827	0.00904	0.00295	0.00566	0.55210	0.00624	0.00610
9	0.01532	0.01463	0.02491	0.27250	0.50108	0.01560	0.01995	0.01946	0.01467	0.02036	0.01239	0.01703	0.01008	0.00622	0.00666	0.00207	0.00829	0.00597	0.00321	0.00959
10	0.02243	0.01447	0.01643	0.01273	0.01765	0.01458	0.01039	0.35811	0.02421	0.18717	0.05782	0.02369	0.08377	0.00884	0.00666	0.00192	0.00609	0.00701	0.00667	0.11937
11	0.01742	0.00916	0.01055	0.00937	0.01215	0.03561	0.00728	0.01981	0.01597	0.25380	0.06814	0.06173	0.12597	0.05752	0.04617	0.00274	0.00547	0.03017	0.20322	0.00776
12	0.00869	0.00628	0.00831	0.00963	0.01040	0.00590	0.00693	0.01035	0.01386	0.01837	0.08679	0.55559	0.08453	0.01986	0.00860	0.00271	0.00419	0.12707	0.00630	0.00565

[dist]
# distance from previous block
# <min> <max>
6	10

[block]
# block no. 2 follows, 32 sequences, length 16
# corresponding to MSA columns:
# 120-135
name=unknown_C
#
# <colnr> <probs for GDERKNQSTAVLIFYWHMCP>
#	G	D	E	R	K	N	Q	S	T	A	V	L	I	F	Y	W	H	M	C	P
0	0.01864	0.01633	0.02607	0.03571	0.56329	0.05217	0.05582	0.02243	0.01598	0.10729	0.01424	0.01721	0.01123	0.00629	0.00669	0.00200	0.00809	0.00609	0.00394	0.01049
1	0.01613	0.01747	0.02926	0.02626	0.16882	0.09137	0.35436	0.02157	0.06957	0.02110	0.01865	0.06319	0.05455	0.00767	0.00742	0.00218	0.00936	0.00813	0.00398	0.00895
2	0.00945	0.00711	0.00879	0.00867	0.01026	0.00668	0.00638	0.01296	0.05793	0.02389	0.45750	0.17932	0.15540	0.01526	0.00797	0.00225	0.00346	0.01343	0.00697	0.00632
3	0.01465	0.03143	0.60685	0.01985	0.02913	0.01544	0.10578	0.02190	0.01464	0.05960	0.01301	0.01512	0.00914	0.00639	0.00658	0.00214	0.00986	0.00542	0.00320	0.00989
4	0.01700	0.01407	0.01503	0.09315	0.01885	0.08296	0.01067	0.13869	0.16377	0.06032	0.02171	0.05753	0.04727	0.11344	0.04480	0.00316	0.05062	0.00771	0.03094	0.00831
5	0.01144	0.00631	0.00662	0.00673	0.00818	0.00615	0.00491	0.01413	0.01412	0.02324	0.06117	0.09468	0.08623	0.04471	0.00683	0.00198	0.00337	0.00854	0.58462	0.00603
6	0.01559	0.04599	0.16373	0.02588	0.22052	0.05624	0.14264	0.01978	0.01416	0.01978	0.01271	0.04808	0.01105	0.00791	0.01002	0.00226	0.16481	0.00651	0.00328	0.00906
7	0.00844	0.00666	0.00766	0.00809	0.00976	0.00588	0.00602	0.01032	0.01521	0.01919	0.14131	0.22636	0.41842	0.01765	0.00819	0.00242	0.00373	0.07258	0.00637	0.00574
8	0.01571	0.01891	0.18590	0.10577	0.15585	0.03572	0.13374	0.05885	0.01524	0.04530	0.01357	0.01742	0.01054	0.00853	0.00907	0.09961	0.00859	0.00605	0.04700	0.00864
9	0.00848	0.00628	0.00804	0.00902	0.00987	0.00599	0.00630	0.00989	0.01293	0.01696	0.03932	0.47683	0.16407	0.06758	0.10240	0.00389	0.00581	0.03508	0.00577	0.00550
10	0.01400	0.12365	0.23003	0.01765	0.05420	0.03817	0.12631	0.03715	0.01495	0.02030	0.05829	0.17612	0.01984	0.00993	0.00735	0.00218	0.02867	0.00877	0.00408	0.00836
11	0.01406	0.01350	0.07017	0.03325	0.01683	0.04501	0.02429	0.05328	0.01580	0.03750	0.11586	0.05482	0.03451	0.01031	0.04578	0.00209	0.00636	0.00673	0.05264	0.34722
12	0.03545	0.35736	0.16987	0.01476	0.02048	0.21143	0.01452	0.02267	0.04552	0.01791	0.01093	0.01253	0.00909	0.00649	0.00573	0.00174	0.02732	0.00429	0.00322	0.00868
13	0.04077	0.05389	0.02026	0.12305	0.02357	0.05085	0.06432	0.22875	0.02033	0.18015	0.01611	0.01742	0.01156	0.00813	0.00785	0.03715	0.03152	0.00593	0.00540	0.05299
14	0.05689	0.18155	0.04841	0.01247	0.04587	0.01524	0.01029	0.09190	0.11528	0.06212	0.04130	0.05875	0.09752	0.00961	0.00618	0.00199	0.00574	0.03688	0.09350	0.00852
15	0.01515	0.03035	0.07103	0.02734	0.36402	0.07757	0.05073	0.01862	0.01531	0.02076	0.09645	0.08154	0.01989	0.05600	0.00895	0.00236	0.02327	0.00782	0.00404	0.00881

[dist]
# distance from previous block
# <min> <max>
0	2

[block]
# block no. 3 follows, 32 sequences, length 7
# corresponding to MSA columns:
# 138-144
name=unknown_D
#
# <colnr> <probs for GDERKNQSTAVLIFYWHMCP>
#	G	D	E	R	K	N	Q	S	T	A	V	L	I	F	Y	W	H	M	C	P
0	0.00935	0.00663	0.00756	0.00745	0.00821	0.00631	0.00473	0.01033	0.01272	0.01686	0.17383	0.04916	0.16596	0.46609	0.02371	0.00479	0.00522	0.01109	0.00517	0.00484
1	0.01449	0.01631	0.08178	0.02244	0.16200	0.04475	0.21908	0.02054	0.10093	0.02179	0.04833	0.02817	0.14836	0.00874	0.00723	0.00215	0.00782	0.00837	0.02796	0.00876
2	0.00894	0.00650	0.00788	0.00860	0.00947	0.00610	0.00599	0.01022	0.01310	0.01699	0.06674	0.30506	0.18121	0.22054	0.01541	0.00367	0.00475	0.09789	0.00568	0.00525
3	0.01625	0.01580	0.02520	0.13690	0.39968	0.05002	0.08864	0.05168	0.01578	0.02146	0.01422	0.02106	0.01230	0.00741	0.00769	0.00217	0.04407	0.05661	0.00364	0.00941
4	0.01086	0.00670	0.00842	0.00842	0.00963	0.00724	0.00628	0.01327	0.01207	0.01930	0.02004	0.02793	0.01789	0.11958	0.33763	0.00631	0.01021	0.00710	0.34525	0.00587
5	0.01640	0.01538	0.02469	0.14693	0.41328	0.01676	0.04776	0.07151	0.05295	0.02234	0.01316	0.01707	0.01072	0.00707	0.00849	0.00217	0.09377	0.00614	0.00367	0.00973
6	0.01708	0.01752	0.01655	0.01554	0.04267	0.22162	0.01165	0.06338	0.01509	0.01901	0.01576	0.12487	0.01566	0.04405	0.01280	0.00249	0.25048	0.00757	0.07888	0.00734

[dist]
# distance from previous block
# <min> <max>
0	1

[block]
# block no. 4 follows, 32 sequences, length 21
# corresponding to MSA columns:
# 146,148,152-165,168-172
name=unknown_E
#
# <colnr> <probs for GDERKNQSTAVLIFYWHMCP>
#	G	D	E	R	K	N	Q	S	T	A	V	L	I	F	Y	W	H	M	C	P
0	0.24593	0.26631	0.15771	0.01279	0.01880	0.01955	0.01294	0.12137	0.01601	0.05722	0.01164	0.01279	0.00898	0.00646	0.00512	0.00187	0.00710	0.00437	0.00405	0.00902
1	0.01026	0.00841	0.00932	0.00887	0.01126	0.00806	0.00668	0.01561	0.14888	0.02213	0.20450	0.11707	0.33862	0.01456	0.00764	0.00222	0.00383	0.01244	0.00651	0.04313
2	0.01207	0.01023	0.01085	0.01099	0.03345	0.05520	0.00794	0.05559	0.11072	0.02251	0.16181	0.20012	0.20543	0.01453	0.00765	0.00230	0.00475	0.03887	0.02791	0.00706
3	0.01497	0.01379	0.02296	0.05969	0.53295	0.01384	0.01774	0.01877	0.01565	0.02210	0.09550	0.02746	0.01987	0.00837	0.00710	0.00214	0.00725	0.08623	0.00411	0.00950
4	0.01655	0.01566	0.01795	0.09368	0.05351	0.09527	0.06696	0.06688	0.33967	0.02458	0.04740	0.06460	0.04910	0.00928	0.00698	0.00220	0.00694	0.00799	0.00556	0.00924
5	0.01552	0.01279	0.01758	0.01519	0.01614	0.01662	0.01241	0.01804	0.04561	0.09661	0.03507	0.02008	0.01365	0.05724	0.09779	0.00384	0.48762	0.00660	0.00400	0.00760
6	0.01257	0.01198	0.05567	0.07296	0.13565	0.03551	0.01143	0.07162	0.01489	0.01984	0.02608	0.24398	0.08388	0.08148	0.08832	0.00359	0.00760	0.01091	0.00476	0.00728
7	0.00947	0.00692	0.00820	0.00848	0.01007	0.00626	0.00612	0.03096	0.01556	0.04115	0.16334	0.33091	0.30301	0.01749	0.00810	0.00241	0.00374	0.01528	0.00650	0.00603
8	0.01814	0.01421	0.01633	0.09944	0.02056	0.05493	0.01084	0.13299	0.03992	0.10309	0.01483	0.01714	0.01155	0.03441	0.00780	0.00183	0.04774	0.00532	0.00481	0.34413
9	0.00830	0.00649	0.00752	0.00794	0.00946	0.00572	0.00570	0.01010	0.01517	0.01942	0.17836	0.29054	0.37595	0.01771	0.00814	0.00239	0.00352	0.01540	0.00644	0.00572
10	0.00916	0.04360	0.00944	0.00892	0.01047	0.00698	0.00674	0.01115	0.01509	0.01964	0.18021	0.30948	0.23126	0.01742	0.00814	0.00246	0.00404	0.09359	0.00629	0.00593
11	0.01596	0.44349	0.34251	0.01486	0.02245	0.02169	0.01737	0.02060	0.01387	0.01820	0.01053	0.01227	0.00856	0.00602	0.00522	0.00174	0.00839	0.00419	0.00285	0.00919
12	0.03787	0.06784	0.12397	0.01434	0.05802	0.01458	0.01239	0.11694	0.12122	0.05613	0.01882	0.02236	0.01497	0.00838	0.00701	0.00204	0.05110	0.04308	0.20002	0.00892
13	0.04447	0.03041	0.58386	0.02061	0.08808	0.01524	0.04985	0.02066	0.01417	0.02149	0.01306	0.04463	0.01016	0.00690	0.00646	0.00214	0.00938	0.00569	0.00309	0.00966
14	0.01929	0.01673	0.01700	0.01664	0.09078	0.15273	0.01174	0.10719	0.15061	0.10352	0.04064	0.06533	0.04314	0.05129	0.00979	0.00241	0.07930	0.00750	0.00540	0.00898
15	0.00893	0.00667	0.00816	0.00879	0.01008	0.00616	0.00639	0.01096	0.03420	0.01895	0.13256	0.33515	0.25085	0.01842	0.00927	0.04690	0.00399	0.07164	0.00621	0.00570
16	0.01859	0.02132	0.08117	0.03885	0.05425	0.15752	0.28582	0.09741	0.13103	0.02370	0.01527	0.01748	0.01155	0.00681	0.00705	0.00211	0.00978	0.00662	0.00427	0.00940
17	0.02373	0.01133	0.01423	0.01142	0.01577	0.01058	0.00925	0.09786	0.06751	0.44362	0.10898	0.03033	0.10496	0.00998	0.00702	0.00211	0.00529	0.00822	0.00769	0.01010
18	0.07858	0.08958	0.08029	0.01401	0.06236	0.07004	0.01127	0.10441	0.01746	0.09550	0.11859	0.12051	0.03777	0.01141	0.03179	0.00234	0.00680	0.00819	0.00530	0.03378
19	0.01038	0.00829	0.01102	0.05476	0.01375	0.03474	0.00857	0.01302	0.01361	0.01883	0.20460	0.03476	0.02975	0.06412	0.40860	0.00708	0.01223	0.04101	0.00471	0.00616
20	0.01737	0.06541	0.01693	0.01454	0.06190	0.09798	0.01077	0.13302	0.19089	0.02545	0.03868	0.09256	0.01867	0.00922	0.00647	0.00195	0.00642	0.03035	0.03976	0.12166

[dist]
# distance from previous block
# <min> <max>
1	2

[block]
# block no. 5 follows, 32 sequences, length 47
# corresponding to MSA columns:
# 175-221
name=unknown_F
#
# <colnr> <probs for GDERKNQSTAVLIFYWHMCP>
#	G	D	E	R	K	N	Q	S	T	A	V	L	I	F	Y	W	H	M	C	P
0	0.12923	0.09846	0.10515	0.03387	0.06074	0.06648	0.01273	0.12806	0.10725	0.06137	0.01768	0.08180	0.01506	0.00866	0.00621	0.00208	0.00698	0.02565	0.02347	0.00906
1	0.09572	0.01025	0.01163	0.01031	0.01308	0.01049	0.00793	0.10597	0.07944	0.12441	0.19083	0.07900	0.06653	0.12236	0.01108	0.00284	0.00514	0.03886	0.00638	0.00775
2	0.01865	0.01344	0.01523	0.01240	0.03296	0.03130	0.00971	0.20097	0.01942	0.10639	0.01775	0.05772	0.01470	0.00791	0.00608	0.00166	0.00584	0.03820	0.05836	0.33130
3	0.02416	0.02920	0.01929	0.01828	0.06229	0.61171	0.01320	0.08591	0.01981	0.01910	0.01249	0.01407	0.02723	0.00722	0.00619	0.00178	0.01121	0.00483	0.00381	0.00822
4	0.01586	0.01826	0.09022	0.17247	0.16467	0.10777	0.10962	0.04454	0.03632	0.02065	0.05041	0.03903	0.03182	0.00789	0.00797	0.00217	0.06107	0.00684	0.00379	0.00864
5	0.00838	0.00646	0.00752	0.00798	0.00934	0.00575	0.00562	0.01002	0.01468	0.01885	0.15784	0.30235	0.33655	0.06531	0.00981	0.00267	0.00373	0.01527	0.00628	0.00559
6	0.01440	0.01120	0.01299	0.06757	0.01639	0.01209	0.00931	0.14396	0.19229	0.02770	0.21944	0.08552	0.09124	0.01146	0.00719	0.00217	0.00498	0.00974	0.05205	0.00829
7	0.27986	0.01222	0.01245	0.01044	0.01434	0.01287	0.00834	0.14461	0.04380	0.17165	0.04381	0.02593	0.10890	0.07292	0.00840	0.00247	0.00551	0.00703	0.00593	0.00849
8	0.10146	0.10812	0.02426	0.03069	0.02240	0.05471	0.17570	0.18743	0.07859	0.02704	0.03163	0.01662	0.01205	0.00697	0.00665	0.00196	0.02477	0.00596	0.00465	0.07834
9	0.05664	0.01447	0.01940	0.01630	0.06085	0.01525	0.07638	0.17905	0.01778	0.09091	0.01433	0.01721	0.01136	0.02884	0.04778	0.00256	0.13925	0.00584	0.00473	0.18107
10	0.01617	0.04804	0.02307	0.22748	0.32597	0.01640	0.01732	0.10306	0.03251	0.02300	0.05497	0.01874	0.01345	0.00723	0.00738	0.00210	0.04356	0.00627	0.00393	0.00935
11	0.00927	0.00682	0.00824	0.00839	0.00985	0.00634	0.00614	0.01188	0.03320	0.02159	0.29896	0.19539	0.20666	0.06282	0.00958	0.00257	0.00378	0.04778	0.04478	0.00595
12	0.00915	0.00636	0.00801	0.00871	0.00910	0.00627	0.00571	0.01008	0.01173	0.01576	0.05331	0.33659	0.03414	0.34079	0.07400	0.00494	0.00616	0.04905	0.00515	0.00497
13	0.10623	0.01837	0.01741	0.01478	0.01887	0.18134	0.05206	0.18723	0.12692	0.07249	0.03529	0.02436	0.02949	0.00901	0.00669	0.00213	0.00774	0.07491	0.00556	0.00911
14	0.01683	0.21439	0.19369	0.06147	0.05004	0.09614	0.11720	0.05631	0.04642	0.02005	0.01283	0.01630	0.01052	0.05102	0.00774	0.00219	0.00899	0.00553	0.00347	0.00887
15	0.01561	0.00896	0.01071	0.00951	0.01253	0.00822	0.00737	0.03952	0.07068	0.22011	0.13515	0.11633	0.29108	0.01364	0.00754	0.00223	0.00434	0.01155	0.00703	0.00791
16	0.01091	0.00799	0.00980	0.01002	0.01156	0.00786	0.00741	0.10198	0.01685	0.02251	0.15426	0.41096	0.10804	0.01743	0.00821	0.00251	0.00439	0.07433	0.00649	0.00648
17	0.07363	0.01973	0.02241	0.02009	0.08932	0.22580	0.16942	0.07983	0.05696	0.02303	0.07454	0.02231	0.01659	0.00815	0.00723	0.00210	0.02593	0.04992	0.00444	0.00854
18	0.02262	0.02702	0.01860	0.01678	0.01981	0.54046	0.01294	0.05952	0.04461	0.01839	0.01269	0.01709	0.01113	0.00837	0.00825	0.00200	0.10107	0.04687	0.00386	0.00792
19	0.00968	0.00647	0.00734	0.00742	0.00744	0.00645	0.00418	0.00974	0.00992	0.01322	0.02195	0.08047	0.02541	0.72624	0.03285	0.00631	0.00637	0.01023	0.00418	0.00414
20	0.01728	0.01885	0.02848	0.05949	0.02774	0.13888	0.33790	0.06401	0.01610	0.02068	0.01257	0.01668	0.01006	0.00921	0.04664	0.00263	0.11855	0.00658	0.00356	0.04412
21	0.01689	0.01501	0.01990	0.04369	0.04899	0.08321	0.13870	0.10693	0.09710	0.06122	0.02101	0.10785	0.03565	0.01197	0.04564	0.00267	0.04613	0.03802	0.02722	0.03220
22	0.04503	0.02126	0.01860	0.05921	0.02123	0.25592	0.01268	0.24990	0.09617	0.08472	0.01537	0.01616	0.01147	0.00791	0.00738	0.00202	0.05457	0.00561	0.00525	0.00952
23	0.01379	0.20929	0.18190	0.01323	0.01765	0.05023	0.01301	0.01802	0.05515	0.01915	0.08090	0.17652	0.04582	0.01091	0.00770	0.00213	0.06359	0.00873	0.00435	0.00792
24	0.01456	0.32941	0.15102	0.04573	0.04415	0.01720	0.01281	0.01785	0.01436	0.03719	0.06945	0.06403	0.09592	0.02764	0.00661	0.00196	0.00676	0.00695	0.00398	0.03241
25	0.01437	0.14480	0.55847	0.01883	0.02781	0.01738	0.08646	0.02110	0.01424	0.02044	0.01177	0.01402	0.00868	0.00621	0.00621	0.00203	0.00963	0.00503	0.00289	0.00964
26	0.00848	0.00674	0.00766	0.00795	0.00974	0.00592	0.00597	0.01046	0.01554	0.01961	0.16950	0.17291	0.44488	0.01721	0.00814	0.00238	0.00367	0.07104	0.00642	0.00579
27	0.05624	0.01501	0.01567	0.01369	0.01774	0.01723	0.01078	0.13514	0.57419	0.03031	0.02476	0.02301	0.01848	0.00881	0.00668	0.00223	0.00562	0.00716	0.00668	0.01058
28	0.00891	0.00619	0.00789	0.00884	0.00936	0.00587	0.00594	0.00978	0.01244	0.01642	0.05308	0.44632	0.09044	0.17636	0.01508	0.05685	0.00465	0.05491	0.00558	0.00508
29	0.01531	0.10988	0.45004	0.01775	0.04988	0.04066	0.03298	0.02262	0.07877	0.05289	0.05542	0.01739	0.01332	0.00706	0.00632	0.00204	0.00864	0.00562	0.00377	0.00963
30	0.01291	0.00811	0.01000	0.00914	0.01140	0.00761	0.00690	0.01683	0.07676	0.12931	0.37926	0.08198	0.15031	0.05814	0.00925	0.00244	0.00400	0.01146	0.00704	0.00718
31	0.04977	0.03697	0.11049	0.01724	0.08684	0.07138	0.03384	0.15014	0.16288	0.05151	0.02043	0.09349	0.01773	0.00959	0.00687	0.00220	0.00724	0.05665	0.00533	0.00943
32	0.06761	0.03918	0.10605	0.04623	0.12663	0.01499	0.04845	0.10640	0.06249	0.11842	0.01520	0.01666	0.01135	0.00692	0.00693	0.00192	0.04291	0.00559	0.00470	0.15136
33	0.01844	0.19424	0.14717	0.05198	0.06350	0.18682	0.14202	0.02228	0.01551	0.04448	0.01172	0.01428	0.00932	0.00655	0.00691	0.00194	0.04543	0.00526	0.00333	0.00882
34	0.05897	0.01681	0.05089	0.06125	0.45132	0.01665	0.06586	0.12006	0.04831	0.02534	0.01363	0.01668	0.01083	0.00645	0.00661	0.00205	0.00797	0.00604	0.00399	0.01030
35	0.01166	0.00798	0.00966	0.00962	0.01153	0.00780	0.00724	0.01622	0.11236	0.07174	0.20118	0.23922	0.13605	0.01517	0.00778	0.00237	0.00412	0.06723	0.05415	0.00694
36	0.01070	0.00842	0.01008	0.00977	0.01158	0.02901	0.02639	0.03092	0.05172	0.03839	0.18615	0.26020	0.19809	0.04779	0.04666	0.00295	0.00512	0.01346	0.00619	0.00641
37	0.01186	0.00731	0.00924	0.00908	0.01098	0.00661	0.00685	0.01402	0.01609	0.11938	0.22941	0.21402	0.19563	0.04599	0.00908	0.00255	0.00415	0.07441	0.00675	0.00659
38	0.01501	0.01371	0.02190	0.46558	0.22805	0.01577	0.01838	0.07843	0.03920	0.02102	0.01301	0.01763	0.01001	0.00671	0.00669	0.00215	0.00842	0.00603	0.00353	0.00878
39	0.02506	0.03198	0.01901	0.01729	0.02074	0.73725	0.01296	0.02679	0.01901	0.01642	0.01037	0.01210	0.00864	0.00691	0.00605	0.00173	0.01210	0.00432	0.00346	0.00778
40	0.00986	0.00751	0.01096	0.01081	0.01183	0.00884	0.00830	0.01199	0.01066	0.01536	0.01780	0.02741	0.01708	0.11572	0.63427	0.00997	0.05477	0.00736	0.00361	0.00588
41	0.03530	0.09026	0.01220	0.00882	0.01176	0.00989	0.00711	0.06684	0.01744	0.08075	0.21819	0.04347	0.28883	0.01255	0.00700	0.00204	0.00427	0.01039	0.06574	0.00715
42	0.01524	0.30343	0.28796	0.01408	0.02070	0.01830	0.01559	0.05969	0.01548	0.02097	0.09128	0.04443	0.01623	0.00754	0.00581	0.00183	0.00754	0.00579	0.00376	0.04436
43	0.23822	0.25690	0.05804	0.01163	0.01633	0.08133	0.01049	0.07812	0.04960	0.02394	0.06819	0.01803	0.04992	0.00756	0.00532	0.00186	0.00663	0.00534	0.00431	0.00824
44	0.05592	0.02100	0.15525	0.01617	0.05648	0.13887	0.01402	0.09226	0.16051	0.15335	0.03594	0.01871	0.01425	0.00766	0.00643	0.00203	0.00771	0.00597	0.00537	0.03209
45	0.01919	0.01683	0.01892	0.11353	0.05924	0.10541	0.04769	0.19225	0.16617	0.05526	0.03333	0.02118	0.02879	0.00807	0.00670	0.00204	0.00752	0.02347	0.00534	0.06907
46	0.05623	0.17575	0.12911	0.04035	0.04246	0.08825	0.01256	0.05136	0.01660	0.10395	0.13992	0.04949	0.02106	0.00850	0.00617	0.00193	0.00695	0.00673	0.03410	0.00853

[dist]
# distance from previous block
# <min> <max>
0	10

[block]
# block no. 6 follows, 32 sequences, length 23
# corresponding to MSA columns:
# 232-254
name=unknown_G
#
# <colnr> <probs for GDERKNQSTAVLIFYWHMCP>
#	G	D	E	R	K	N	Q	S	T	A	V	L	I	F	Y	W	H	M	C	P
0	0.01630	0.09095	0.03486	0.15553	0.04042	0.01530	0.02900	0.10222	0.18792	0.04900	0.03300	0.05667	0.01606	0.00819	0.00632	0.00200	0.00645	0.00684	0.07702	0.06596
1	0.05166	0.01981	0.02105	0.08662	0.24797	0.22211	0.01544	0.06196	0.08886	0.04505	0.01369	0.01611	0.01091	0.00726	0.00753	0.00204	0.06302	0.00560	0.00406	0.00924
2	0.03559	0.06371	0.04949	0.01092	0.01443	0.01223	0.00911	0.09107	0.14895	0.10675	0.05856	0.03479	0.15279	0.10558	0.01023	0.00267	0.00555	0.03387	0.04549	0.00821
3	0.01089	0.00853	0.01021	0.01042	0.01247	0.00862	0.00829	0.01673	0.15589	0.02232	0.17219	0.12262	0.18261	0.01562	0.00817	0.00253	0.00463	0.21379	0.00656	0.00693
4	0.01267	0.01193	0.02013	0.74806	0.04621	0.01491	0.01863	0.01714	0.01342	0.01714	0.01193	0.01789	0.00894	0.00671	0.00671	0.00224	0.00894	0.00596	0.00298	0.00745
5	0.02138	0.01674	0.01781	0.01460	0.01924	0.01888	0.01176	0.38916	0.34907	0.03564	0.02135	0.02029	0.01566	0.00855	0.00677	0.00214	0.00641	0.00676	0.00677	0.01104
6	0.01591	0.02077	0.16626	0.02396	0.03073	0.01697	0.43943	0.05528	0.09416	0.02302	0.01480	0.01793	0.01104	0.00648	0.00787	0.00225	0.03270	0.00717	0.00382	0.00945
7	0.00846	0.00623	0.00790	0.00879	0.00964	0.00580	0.00605	0.00997	0.01374	0.01823	0.12741	0.48295	0.15047	0.06257	0.04606	0.00319	0.00457	0.01630	0.00613	0.00555
8	0.01942	0.03556	0.01795	0.01706	0.11789	0.09060	0.04508	0.13036	0.10119	0.12698	0.08827	0.02320	0.01902	0.03669	0.00756	0.00214	0.00672	0.00693	0.09812	0.00925
9	0.00839	0.00614	0.00769	0.00868	0.00944	0.00565	0.00587	0.00971	0.01351	0.01779	0.09978	0.52520	0.15285	0.08333	0.01060	0.00292	0.00397	0.01689	0.00614	0.00544
10	0.16218	0.11627	0.10188	0.01863	0.13977	0.16851	0.01404	0.07197	0.01616	0.06648	0.01228	0.01460	0.00983	0.02611	0.00700	0.00205	0.03445	0.00493	0.00395	0.00891
11	0.04468	0.01357	0.01572	0.09543	0.05394	0.05264	0.01070	0.13154	0.01810	0.11282	0.06665	0.02033	0.03547	0.00739	0.00607	0.00171	0.00620	0.00597	0.04320	0.25788
12	0.22603	0.05486	0.03479	0.04794	0.01760	0.01569	0.01030	0.18346	0.13195	0.07689	0.03832	0.04524	0.04988	0.03069	0.00688	0.00223	0.00604	0.00666	0.00558	0.00898
13	0.01652	0.09513	0.55436	0.01730	0.02610	0.01563	0.02124	0.02298	0.01493	0.13382	0.01412	0.01526	0.00981	0.00663	0.00625	0.00206	0.00900	0.00512	0.00371	0.01004
14	0.00976	0.00651	0.00732	0.00732	0.00732	0.00651	0.00407	0.00976	0.00976	0.01301	0.02114	0.04391	0.02439	0.76419	0.03415	0.00651	0.00651	0.00976	0.00407	0.00407
15	0.01626	0.37619	0.10297	0.05599	0.05411	0.02007	0.05180	0.06369	0.05905	0.02059	0.07674	0.04543	0.01601	0.00753	0.00578	0.00183	0.00725	0.00599	0.00395	0.00879
16	0.03667	0.01642	0.06418	0.07684	0.08081	0.05954	0.05070	0.18874	0.06991	0.06591	0.06445	0.09631	0.01825	0.00954	0.00821	0.00221	0.06916	0.00780	0.00521	0.00913
17	0.00961	0.00708	0.01023	0.01023	0.01124	0.00809	0.00770	0.01163	0.01062	0.01517	0.01848	0.02914	0.01798	0.16358	0.62600	0.01010	0.01615	0.00760	0.00367	0.00569
18	0.01702	0.07909	0.04706	0.01982	0.13953	0.06785	0.12906	0.07952	0.07470	0.07079	0.08428	0.04667	0.06802	0.03729	0.00795	0.00223	0.00748	0.00782	0.00490	0.00893
19	0.00835	0.00669	0.00748	0.00769	0.00951	0.00582	0.00569	0.01028	0.01558	0.01963	0.18000	0.17369	0.46957	0.01710	0.00807	0.00234	0.00353	0.03678	0.00644	0.00577
20	0.22267	0.09076	0.22889	0.01465	0.04319	0.05947	0.01431	0.03908	0.06147	0.08027	0.01355	0.01550	0.01041	0.03346	0.00695	0.00217	0.02397	0.00500	0.00412	0.03011
21	0.06294	0.07330	0.12057	0.02012	0.11453	0.08788	0.11857	0.13863	0.05627	0.04151	0.03347	0.04391	0.01421	0.00789	0.00667	0.00209	0.00831	0.03527	0.00451	0.00936
22	0.03496	0.15975	0.31447	0.01690	0.06231	0.03776	0.04444	0.02120	0.04079	0.04119	0.01250	0.01432	0.00964	0.00611	0.00578	0.00178	0.00809	0.00480	0.00347	0.15975

[dist]
# distance from previous block
# <min> <max>
0	1

[block]
# block no. 7 follows, 32 sequences, length 41
# corresponding to MSA columns:
# 256,267-272,275-290,292-307,320,321
name=unknown_H
#
# <colnr> <probs for GDERKNQSTAVLIFYWHMCP>
#	G	D	E	R	K	N	Q	S	T	A	V	L	I	F	Y	W	H	M	C	P
0	0.01996	0.01486	0.01614	0.01378	0.01803	0.01662	0.01092	0.15835	0.50037	0.11579	0.02513	0.02311	0.01833	0.00881	0.00680	0.00220	0.00574	0.00720	0.00699	0.01086
1	0.01986	0.01750	0.04716	0.01338	0.01732	0.15284	0.01093	0.18491	0.14616	0.09253	0.14707	0.02435	0.02279	0.00899	0.00667	0.00200	0.00680	0.00714	0.06238	0.00921
2	0.00829	0.00672	0.00736	0.00739	0.00933	0.00579	0.00547	0.01026	0.01587	0.01993	0.20559	0.12571	0.51554	0.01666	0.00799	0.00227	0.00339	0.01418	0.00648	0.00579
3	0.01699	0.01565	0.01506	0.01361	0.01729	0.08456	0.01053	0.03334	0.60513	0.02640	0.02800	0.02605	0.05897	0.00934	0.00682	0.00222	0.00585	0.00765	0.00647	0.01007
4	0.00973	0.00652	0.00725	0.00725	0.00744	0.00645	0.00415	0.00993	0.01023	0.01370	0.02405	0.04459	0.06693	0.69450	0.03161	0.00609	0.00621	0.00992	0.02922	0.00423
5	0.06437	0.00960	0.00971	0.00867	0.01126	0.01027	0.00679	0.14316	0.07056	0.02874	0.02047	0.02251	0.01578	0.00786	0.00519	0.00173	0.00420	0.00616	0.54538	0.00760
6	0.00888	0.00642	0.00852	0.00961	0.01036	0.00630	0.00689	0.01041	0.01278	0.01699	0.03451	0.44864	0.07984	0.09621	0.11346	0.00424	0.00641	0.10838	0.00564	0.00551
7	0.01578	0.01505	0.02560	0.14275	0.60230	0.01547	0.01987	0.01975	0.01493	0.02108	0.01327	0.03968	0.01142	0.00655	0.00671	0.00205	0.00799	0.00638	0.00336	0.01001
8	0.01491	0.02994	0.56744	0.01746	0.02641	0.01484	0.02134	0.06289	0.01540	0.05020	0.01284	0.01459	0.00918	0.00638	0.00623	0.00197	0.00897	0.00497	0.00343	0.11062
9	0.01007	0.00654	0.00775	0.00794	0.00825	0.00638	0.00480	0.01052	0.01106	0.03766	0.04964	0.19633	0.02980	0.55401	0.02686	0.00540	0.00580	0.01173	0.00478	0.00468
10	0.01350	0.01277	0.02163	0.59878	0.18900	0.01513	0.01905	0.01787	0.01381	0.01815	0.01207	0.01762	0.00930	0.00655	0.00669	0.00218	0.00874	0.00597	0.00305	0.00812
11	0.02840	0.01239	0.01596	0.01242	0.01750	0.01152	0.01020	0.09468	0.08603	0.59724	0.02559	0.02242	0.01650	0.00836	0.00675	0.00209	0.00583	0.00676	0.00802	0.01134
12	0.01216	0.00731	0.00908	0.00897	0.01069	0.00666	0.00656	0.01387	0.01478	0.12781	0.12021	0.22480	0.18897	0.14638	0.01258	0.00314	0.00462	0.06875	0.00631	0.00635
13	0.01204	0.00735	0.00950	0.00989	0.01142	0.00691	0.00716	0.01468	0.05396	0.12170	0.08085	0.48928	0.08164	0.01766	0.00815	0.00255	0.00427	0.04763	0.00664	0.00672
14	0.07050	0.01424	0.01603	0.01422	0.01693	0.12727	0.08425	0.03703	0.07162	0.06786	0.02220	0.16865	0.02185	0.04279	0.03762	0.00286	0.06606	0.08775	0.02274	0.00753
15	0.00967	0.00650	0.00750	0.00757	0.00765	0.00654	0.00437	0.00984	0.00995	0.01333	0.02176	0.07766	0.02501	0.69605	0.06473	0.00652	0.00690	0.01009	0.00415	0.00422
16	0.02756	0.01256	0.01579	0.01229	0.01723	0.01192	0.01009	0.15042	0.05443	0.52836	0.02439	0.02188	0.01591	0.00827	0.00662	0.00204	0.00583	0.00663	0.05673	0.01106
17	0.01456	0.10186	0.62482	0.01821	0.02748	0.01690	0.02287	0.05960	0.01510	0.02193	0.01202	0.01396	0.00868	0.00641	0.00620	0.00205	0.00952	0.00489	0.00306	0.00988
18	0.06246	0.01380	0.01609	0.01333	0.01728	0.05745	0.04121	0.11046	0.10197	0.22147	0.02321	0.09575	0.04110	0.00996	0.00787	0.00217	0.05836	0.03167	0.00614	0.06826
19	0.01386	0.01110	0.01075	0.01028	0.01210	0.10986	0.00738	0.03948	0.03713	0.08191	0.15333	0.22250	0.08970	0.15513	0.01257	0.00305	0.00569	0.01171	0.00586	0.00659
20	0.14588	0.02102	0.01786	0.04503	0.07822	0.28026	0.01250	0.16267	0.01930	0.05880	0.01483	0.01714	0.03397	0.00784	0.00685	0.00200	0.04231	0.02024	0.00457	0.00872
21	0.01140	0.01044	0.07584	0.01217	0.01458	0.00844	0.05751	0.01504	0.06226	0.06338	0.05462	0.44714	0.05161	0.01647	0.00811	0.00257	0.00532	0.07024	0.00593	0.00693
22	0.01749	0.01746	0.01728	0.01424	0.04040	0.18477	0.05474	0.06690	0.04819	0.02250	0.04020	0.01622	0.01252	0.00633	0.00578	0.00147	0.00724	0.00507	0.02845	0.39274
23	0.05798	0.00693	0.00802	0.00820	0.00983	0.00642	0.00598	0.01123	0.01567	0.02166	0.28342	0.24953	0.25846	0.01631	0.00787	0.00233	0.00356	0.01417	0.00651	0.00594
24	0.08468	0.04299	0.09359	0.08246	0.02207	0.09325	0.06523	0.13374	0.11520	0.06559	0.05298	0.02287	0.07977	0.00847	0.00659	0.00209	0.00747	0.00688	0.00510	0.00899
25	0.01188	0.00742	0.00932	0.00951	0.01139	0.00678	0.00721	0.01423	0.03182	0.11896	0.09354	0.31001	0.21499	0.01701	0.00815	0.00251	0.00432	0.10769	0.00662	0.00664
26	0.01972	0.02259	0.06422	0.01798	0.04781	0.29581	0.04950	0.11780	0.01747	0.02073	0.01209	0.01543	0.01014	0.01284	0.09235	0.00310	0.16285	0.00550	0.00378	0.00831
27	0.01024	0.00690	0.00776	0.00764	0.00783	0.00695	0.00441	0.03279	0.01057	0.01410	0.02140	0.06216	0.02450	0.71904	0.03255	0.00625	0.00646	0.00988	0.00421	0.00435
28	0.04357	0.23048	0.34587	0.01594	0.02331	0.06727	0.01771	0.14017	0.01730	0.02342	0.01182	0.01334	0.00901	0.00653	0.00578	0.00189	0.00872	0.00469	0.00361	0.00960
29	0.06784	0.05999	0.06658	0.05126	0.05663	0.01511	0.10212	0.10788	0.15921	0.06588	0.07448	0.02368	0.05499	0.00833	0.00660	0.00208	0.00670	0.00718	0.05429	0.00916
30	0.17284	0.01183	0.01366	0.01076	0.01567	0.01100	0.00875	0.02604	0.06932	0.34629	0.01971	0.01877	0.01361	0.00718	0.00576	0.00182	0.00529	0.00556	0.04172	0.19444
31	0.77658	0.01324	0.01032	0.00912	0.01332	0.01531	0.00751	0.05001	0.01232	0.03065	0.00964	0.01113	0.00745	0.00631	0.00427	0.00207	0.00529	0.00374	0.00427	0.00745
32	0.07934	0.05912	0.02254	0.19555	0.30669	0.01675	0.01661	0.12564	0.04375	0.02443	0.01392	0.01843	0.01133	0.00704	0.00643	0.00208	0.00768	0.02917	0.00404	0.00947
33	0.01391	0.01193	0.01391	0.00994	0.01590	0.00894	0.00795	0.01690	0.01391	0.02186	0.01193	0.01391	0.00994	0.00497	0.00497	0.00099	0.00497	0.00398	0.00398	0.80521
34	0.01057	0.00701	0.00856	0.00837	0.01013	0.00628	0.00611	0.01267	0.01613	0.08213	0.28885	0.19141	0.24699	0.06242	0.00958	0.00255	0.00381	0.01349	0.00669	0.00626
35	0.01050	0.00761	0.00910	0.00899	0.01082	0.00719	0.00684	0.03560	0.03894	0.04219	0.24043	0.11808	0.24213	0.08526	0.01050	0.00276	0.00432	0.10600	0.00645	0.00628
36	0.00922	0.00655	0.00760	0.00790	0.00856	0.00625	0.00512	0.01009	0.01215	0.01584	0.07474	0.15995	0.15943	0.42272	0.02233	0.00467	0.00531	0.05161	0.00512	0.00483
37	0.03118	0.01186	0.05453	0.07549	0.08457	0.01088	0.03458	0.05945	0.07880	0.06374	0.16305	0.06243	0.19562	0.01134	0.00721	0.00217	0.00550	0.00976	0.02991	0.00794
38	0.00979	0.00725	0.00859	0.00892	0.01067	0.00677	0.00691	0.03828	0.01597	0.02104	0.14484	0.18595	0.28738	0.01656	0.00804	0.00243	0.00415	0.14793	0.06243	0.00609
39	0.01793	0.04613	0.02634	0.03092	0.41117	0.04104	0.09215	0.12415	0.01746	0.02422	0.01307	0.01645	0.01063	0.00679	0.00780	0.00205	0.06531	0.00605	0.03035	0.01000
40	0.02186	0.10289	0.02313	0.02260	0.20397	0.31926	0.01482	0.14818	0.01951	0.02255	0.01186	0.01396	0.00967	0.00690	0.00663	0.00186	0.03209	0.00504	0.00394	0.00927

[dist]
# distance from previous block
# <min> <max>
0	1

[block]
# block no. 8 follows, 32 sequences, length 27
# corresponding to MSA columns:
# 323-331,336-353
name=unknown_I
#
# <colnr> <probs for GDERKNQSTAVLIFYWHMCP>
#	G	D	E	R	K	N	Q	S	T	A	V	L	I	F	Y	W	H	M	C	P
0	0.01753	0.14758	0.05863	0.03396	0.02016	0.06901	0.08327	0.09486	0.04568	0.06763	0.01657	0.05703	0.03322	0.00739	0.00603	0.00172	0.00714	0.00613	0.00448	0.22198
1	0.03951	0.03442	0.07624	0.01263	0.01678	0.01353	0.01081	0.09465	0.26164	0.14144	0.14351	0.07920	0.02631	0.01011	0.00693	0.00218	0.00556	0.00846	0.00658	0.00951
2	0.00913	0.00654	0.00760	0.00776	0.00850	0.00626	0.00501	0.01007	0.01232	0.01616	0.10344	0.14559	0.17587	0.39749	0.05559	0.00486	0.00570	0.01207	0.00513	0.00491
3	0.01486	0.08297	0.56073	0.01866	0.02723	0.03884	0.04984	0.05340	0.01497	0.02147	0.01189	0.01415	0.00874	0.00668	0.00712	0.00211	0.04858	0.00506	0.00307	0.00966
4	0.08466	0.00965	0.01122	0.00976	0.01293	0.00945	0.00767	0.04233	0.08695	0.22634	0.16887	0.06731	0.08910	0.01061	0.00664	0.00207	0.00446	0.00882	0.13282	0.00834
5	0.01938	0.02217	0.01874	0.08301	0.05794	0.36289	0.01352	0.03827	0.04771	0.01795	0.01438	0.05865	0.03198	0.00915	0.00993	0.00216	0.17436	0.00622	0.00376	0.00782
6	0.00905	0.00632	0.00767	0.00822	0.00860	0.00615	0.00519	0.00979	0.01153	0.01535	0.05000	0.30646	0.07366	0.39247	0.05552	0.00494	0.00581	0.01338	0.00506	0.00482
7	0.00884	0.00678	0.00810	0.00788	0.00965	0.00604	0.00587	0.01136	0.01729	0.02312	0.44018	0.09348	0.30646	0.01533	0.00795	0.00220	0.00329	0.01326	0.00689	0.00604
8	0.00920	0.00658	0.00862	0.00962	0.01052	0.00628	0.00710	0.01103	0.01415	0.01885	0.13365	0.37183	0.07552	0.10342	0.01152	0.00314	0.00464	0.18261	0.00614	0.00561
9	0.13748	0.01495	0.01672	0.01309	0.01814	0.01562	0.01078	0.31847	0.05491	0.30210	0.01964	0.01836	0.01323	0.00794	0.00637	0.00206	0.00634	0.00604	0.00697	0.01079
10	0.01760	0.01486	0.01568	0.01384	0.01779	0.01711	0.01084	0.10407	0.64032	0.02953	0.02616	0.02412	0.01955	0.00900	0.00682	0.00225	0.00552	0.00743	0.00682	0.01070
11	0.01154	0.00775	0.00998	0.01052	0.01193	0.00758	0.00786	0.07549	0.01584	0.05923	0.08420	0.47609	0.04018	0.01815	0.00837	0.00264	0.00467	0.13500	0.00646	0.00652
