[name]
unknown

[dist]
# distance from previous block
# <min> <max>
0	68

[block]
# block no. 0 follows, 35 sequences, length 129
# corresponding to MSA columns:
# 73-201
name=unknown_A
#
# <colnr> <probs for GDERKNQSTAVLIFYWHMCP>
#	G	D	E	R	K	N	Q	S	T	A	V	L	I	F	Y	W	H	M	C	P
0	0.00773	0.00552	0.00736	0.00883	0.00920	0.00515	0.00589	0.00883	0.01215	0.01619	0.03497	0.77291	0.04196	0.01987	0.00810	0.00258	0.00368	0.01803	0.00589	0.00515
1	0.01168	0.01095	0.01818	0.71085	0.04132	0.01350	0.01675	0.01573	0.01280	0.01627	0.01485	0.01989	0.05746	0.00700	0.00642	0.00212	0.00810	0.00616	0.00303	0.00693
2	0.01806	0.65826	0.03075	0.01175	0.01683	0.14377	0.01108	0.02003	0.01372	0.01502	0.00898	0.01038	0.00815	0.00561	0.00434	0.00140	0.00754	0.00351	0.00280	0.00801
3	0.02364	0.01389	0.13315	0.01201	0.01726	0.00982	0.01124	0.02696	0.01736	0.54116	0.10477	0.02323	0.01956	0.00815	0.00645	0.00197	0.00577	0.00669	0.00691	0.01001
4	0.01660	0.71724	0.09371	0.01147	0.01723	0.02422	0.01193	0.01909	0.01293	0.01536	0.00904	0.01045	0.00813	0.00548	0.00424	0.00141	0.00700	0.00350	0.00271	0.00825
5	0.09372	0.01585	0.01540	0.01319	0.01718	0.07170	0.01045	0.21401	0.42047	0.02948	0.02021	0.01926	0.01507	0.00793	0.00614	0.00203	0.00601	0.00620	0.00595	0.00974
6	0.63690	0.01659	0.06031	0.01031	0.01449	0.13471	0.00887	0.01984	0.01214	0.02578	0.00916	0.01070	0.00716	0.00600	0.00436	0.00191	0.00628	0.00363	0.00373	0.00712
7	0.01521	0.01797	0.14310	0.03553	0.62150	0.01502	0.02012	0.01957	0.01427	0.02062	0.01184	0.01532	0.00972	0.00571	0.00624	0.00190	0.00784	0.00549	0.00306	0.00994
8	0.00787	0.00639	0.00697	0.00693	0.00882	0.00550	0.00516	0.00978	0.01518	0.01909	0.22438	0.09658	0.53414	0.01553	0.00753	0.00213	0.00319	0.01318	0.00615	0.00550
9	0.00818	0.00592	0.00720	0.00802	0.00867	0.00554	0.00535	0.00917	0.01192	0.01549	0.03641	0.42549	0.16328	0.21332	0.01422	0.00343	0.00432	0.04382	0.00536	0.00488
10	0.01102	0.00551	0.00826	0.00826	0.00826	0.00551	0.00551	0.00826	0.00826	0.01102	0.01102	0.01928	0.01102	0.02204	0.02479	0.81543	0.00551	0.00551	0.00275	0.00275
11	0.01488	0.01683	0.03586	0.02586	0.03172	0.01634	0.65337	0.01988	0.01451	0.01988	0.01244	0.01683	0.00951	0.00585	0.00865	0.00219	0.07649	0.00732	0.00317	0.00842
12	0.40775	0.02026	0.27961	0.01293	0.01837	0.03402	0.01373	0.01879	0.01186	0.02350	0.01037	0.02995	0.00831	0.00679	0.00646	0.00206	0.07963	0.00446	0.00339	0.00777
13	0.02364	0.02417	0.01791	0.01673	0.06735	0.48103	0.01215	0.09060	0.04910	0.13727	0.01363	0.01426	0.01025	0.00688	0.00596	0.00175	0.00950	0.00485	0.00443	0.00853
14	0.06850	0.04222	0.36425	0.02554	0.31604	0.01485	0.01994	0.01943	0.01360	0.02069	0.01197	0.03339	0.00965	0.00620	0.00599	0.00195	0.00811	0.00531	0.00303	0.00934
15	0.01696	0.78087	0.03324	0.01085	0.01628	0.02510	0.01085	0.01900	0.01289	0.01493	0.00882	0.01018	0.00814	0.00543	0.00407	0.00136	0.00678	0.00339	0.00271	0.00814
16	0.00862	0.00596	0.00744	0.00828	0.00859	0.00579	0.00542	0.00942	0.01112	0.01477	0.02834	0.38844	0.03324	0.34803	0.01865	0.00416	0.00496	0.07913	0.00500	0.00465
17	0.02412	0.01777	0.01904	0.01460	0.01967	0.01967	0.01206	0.71633	0.02983	0.03998	0.01523	0.01523	0.01079	0.00762	0.00635	0.00190	0.00698	0.00571	0.00635	0.01079
18	0.01550	0.18802	0.01639	0.01013	0.01340	0.03173	0.00840	0.13551	0.01708	0.08682	0.14463	0.07505	0.08725	0.04443	0.04476	0.00243	0.00588	0.00789	0.05715	0.00755
19	0.01334	0.01351	0.07248	0.01163	0.01758	0.00976	0.06895	0.01707	0.02960	0.02073	0.01175	0.01375	0.00954	0.00495	0.00508	0.00115	0.00558	0.00423	0.00369	0.66564
20	0.01716	0.51228	0.13524	0.01241	0.01820	0.02186	0.01271	0.13276	0.01595	0.02023	0.04122	0.01307	0.01077	0.00620	0.00488	0.00157	0.00704	0.00431	0.00348	0.00866
21	0.01206	0.00923	0.01509	0.01319	0.04834	0.00854	0.13795	0.01535	0.01684	0.08791	0.43224	0.05656	0.08362	0.01120	0.00737	0.00206	0.00493	0.02443	0.00607	0.00702
22	0.01199	0.02851	0.62383	0.01630	0.02444	0.01325	0.02049	0.01852	0.01384	0.02026	0.07247	0.02011	0.07391	0.00742	0.00627	0.00202	0.00835	0.00596	0.00329	0.00877
23	0.01388	0.01388	0.01943	0.01666	0.01666	0.01943	0.01388	0.01527	0.00972	0.01527	0.00833	0.01388	0.00833	0.01110	0.02082	0.00278	0.76544	0.00555	0.00278	0.00694
24	0.01266	0.03216	0.72522	0.01792	0.02709	0.01454	0.02310	0.01991	0.01342	0.02006	0.01196	0.01490	0.00877	0.00632	0.00610	0.00203	0.00928	0.02252	0.00276	0.00928
25	0.02504	0.01008	0.01337	0.01049	0.01495	0.00868	0.00859	0.02735	0.01755	0.62349	0.03144	0.02804	0.13318	0.00919	0.00656	0.00199	0.00504	0.00752	0.00753	0.00991
26	0.01314	0.01223	0.01915	0.52291	0.12923	0.01466	0.01651	0.01947	0.12935	0.01846	0.01365	0.01777	0.01044	0.00676	0.00678	0.00211	0.03010	0.00589	0.00345	0.00793
27	0.00877	0.00633	0.00830	0.00812	0.00943	0.00585	0.00597	0.01146	0.01701	0.02393	0.61993	0.16590	0.05693	0.01410	0.00758	0.00209	0.00311	0.01254	0.00680	0.00585
28	0.01315	0.01128	0.01315	0.00940	0.01503	0.00846	0.00752	0.01597	0.01315	0.02067	0.01128	0.01315	0.00940	0.00470	0.00470	0.00094	0.00470	0.00376	0.00376	0.81583
29	0.01422	0.01309	0.02021	0.02827	0.47193	0.01329	0.01509	0.02003	0.13109	0.02192	0.10313	0.02461	0.07972	0.00789	0.00655	0.00196	0.00622	0.00725	0.00437	0.00917
30	0.01599	0.01698	0.10174	0.11574	0.35824	0.05185	0.04947	0.10348	0.01609	0.02241	0.01287	0.01606	0.01014	0.00619	0.00614	0.00189	0.00774	0.00558	0.07227	0.00915
31	0.00753	0.00643	0.00648	0.00646	0.00859	0.00537	0.00485	0.00917	0.01454	0.01733	0.08020	0.06073	0.71885	0.01599	0.00750	0.00214	0.00321	0.01334	0.00592	0.00537
32	0.00773	0.00552	0.00736	0.00883	0.00920	0.00515	0.00589	0.00883	0.01215	0.01619	0.03497	0.77291	0.04196	0.01987	0.00810	0.00258	0.00368	0.01803	0.00589	0.00515
33	0.01617	0.27911	0.02783	0.11351	0.31218	0.05002	0.06269	0.03453	0.01422	0.01836	0.01082	0.01385	0.00911	0.00572	0.00559	0.00174	0.00776	0.00493	0.00304	0.00883
34	0.01204	0.00728	0.00831	0.00844	0.01009	0.00740	0.00666	0.07877	0.01497	0.02307	0.02510	0.13750	0.02392	0.01145	0.00611	0.00200	0.00409	0.16450	0.44205	0.00624
35	0.01259	0.01190	0.02013	0.64373	0.15702	0.01425	0.01792	0.01674	0.01297	0.01695	0.01138	0.01672	0.00872	0.00623	0.00633	0.00208	0.00831	0.00564	0.00287	0.00754
36	0.02480	0.01076	0.03576	0.01095	0.01544	0.00894	0.00921	0.02749	0.01798	0.60300	0.14046	0.02556	0.02269	0.00863	0.00655	0.00197	0.00513	0.00716	0.00755	0.00997
37	0.00891	0.00648	0.00839	0.00791	0.00944	0.00596	0.00593	0.01184	0.01780	0.02507	0.70429	0.04800	0.08993	0.01311	0.00748	0.00200	0.00300	0.01156	0.00693	0.00596
38	0.02294	0.01715	0.01884	0.06493	0.02116	0.01913	0.01235	0.63987	0.05847	0.03780	0.01542	0.01571	0.01100	0.00757	0.00635	0.00193	0.00700	0.00577	0.00611	0.01050
39	0.01198	0.01128	0.01903	0.76180	0.04369	0.01409	0.01762	0.01621	0.01268	0.01621	0.01128	0.01691	0.00846	0.00634	0.00634	0.00211	0.00846	0.00564	0.00282	0.00705
40	0.01282	0.03214	0.71393	0.01845	0.02770	0.01479	0.05302	0.02010	0.01346	0.02010	0.01145	0.01355	0.00810	0.00600	0.00609	0.00201	0.00943	0.00481	0.00270	0.00934
41	0.00796	0.00634	0.00699	0.00737	0.00896	0.00558	0.00542	0.00946	0.01361	0.01671	0.05241	0.17652	0.48839	0.08774	0.01003	0.00266	0.00382	0.07912	0.00570	0.00523
42	0.02280	0.02727	0.01712	0.01538	0.01866	0.63095	0.01163	0.08328	0.01862	0.01824	0.01112	0.01272	0.00903	0.00670	0.00567	0.00165	0.01040	0.00437	0.06687	0.00753
43	0.00923	0.00615	0.00692	0.00692	0.00692	0.00615	0.00384	0.00923	0.00923	0.01230	0.01999	0.04151	0.02306	0.77705	0.03229	0.00615	0.00615	0.00923	0.00384	0.00384
44	0.02386	0.01764	0.01890	0.01455	0.01958	0.01956	0.01200	0.69569	0.05088	0.03957	0.01555	0.01549	0.01105	0.00765	0.00635	0.00191	0.00692	0.00576	0.00635	0.01077
45	0.02082	0.01613	0.01718	0.01393	0.01842	0.01813	0.01126	0.44619	0.30533	0.03466	0.01942	0.01857	0.01418	0.00801	0.00639	0.00200	0.00621	0.00629	0.00639	0.01049
46	0.01396	0.00861	0.01180	0.01261	0.10972	0.00784	0.00832	0.01664	0.01680	0.18380	0.33742	0.04014	0.18375	0.01147	0.00707	0.00200	0.00420	0.00994	0.00643	0.00749
47	0.01272	0.03281	0.74418	0.01808	0.02746	0.01473	0.02344	0.02009	0.01339	0.02009	0.01138	0.01339	0.00804	0.00603	0.00603	0.00201	0.00938	0.00469	0.00268	0.00938
48	0.01787	0.01627	0.13590	0.01400	0.03683	0.01217	0.06373	0.13236	0.01696	0.15668	0.01460	0.01544	0.01059	0.00604	0.00573	0.00157	0.00647	0.00503	0.00470	0.32708
49	0.00905	0.00671	0.00873	0.00986	0.01123	0.00639	0.00804	0.01127	0.01403	0.01795	0.04091	0.22305	0.19750	0.01771	0.00833	0.00267	0.00477	0.39038	0.00586	0.00558
50	0.01471	0.09975	0.47581	0.02107	0.15775	0.06561	0.02047	0.03795	0.01427	0.01992	0.01124	0.01343	0.00850	0.00598	0.00588	0.00190	0.00887	0.00473	0.00290	0.00928
51	0.01782	0.01975	0.02109	0.18798	0.30102	0.28462	0.01614	0.02133	0.03687	0.01801	0.01143	0.01465	0.00929	0.00622	0.00609	0.00185	0.00909	0.00512	0.00322	0.00841
52	0.00923	0.00615	0.00692	0.00692	0.00692	0.00615	0.00384	0.00923	0.00923	0.01230	0.01999	0.04151	0.02306	0.77705	0.03229	0.00615	0.00615	0.00923	0.00384	0.00384
53	0.01198	0.01128	0.01903	0.76180	0.04369	0.01409	0.01762	0.01621	0.01268	0.01621	0.01128	0.01691	0.00846	0.00634	0.00634	0.00211	0.00846	0.00564	0.00282	0.00705
54	0.00772	0.00555	0.00733	0.00876	0.00918	0.00516	0.00586	0.00884	0.01222	0.01622	0.03585	0.75139	0.06291	0.01976	0.00808	0.00256	0.00367	0.01789	0.00589	0.00516
55	0.01308	0.17956	0.44689	0.01537	0.02252	0.01547	0.05018	0.01855	0.01411	0.01993	0.12899	0.01847	0.01660	0.00701	0.00594	0.00188	0.00787	0.00566	0.00341	0.00853
56	0.01479	0.01658	0.03449	0.02509	0.03046	0.01660	0.60001	0.01950	0.01411	0.01950	0.01210	0.01658	0.00941	0.00629	0.00966	0.00224	0.13398	0.00717	0.00314	0.00829
57	0.01546	0.01458	0.02343	0.08345	0.57291	0.01512	0.01780	0.02158	0.13056	0.02137	0.01416	0.01708	0.01146	0.00618	0.00631	0.00194	0.00719	0.00590	0.00366	0.00984
58	0.01197	0.00712	0.00928	0.00847	0.01049	0.00643	0.00644	0.01465	0.01735	0.14124	0.52271	0.09310	0.10025	0.01282	0.00734	0.00204	0.00345	0.01122	0.00697	0.00667
59	0.00903	0.00708	0.01036	0.01375	0.12816	0.00677	0.00811	0.01057	0.01252	0.01693	0.03120	0.64922	0.03675	0.01755	0.00780	0.00246	0.00431	0.01601	0.00544	0.00595
60	0.00922	0.00618	0.00706	0.00706	0.00711	0.00623	0.00402	0.00932	0.00927	0.01240	0.01986	0.04081	0.02276	0.74590	0.06302	0.00632	0.00661	0.00912	0.00382	0.00392
61	0.01570	0.01507	0.02575	0.03894	0.73748	0.01507	0.01947	0.01947	0.01444	0.02073	0.01193	0.01570	0.01005	0.00565	0.00628	0.00188	0.00754	0.00565	0.00314	0.01005
62	0.74938	0.01287	0.01063	0.01059	0.06136	0.03101	0.00784	0.01885	0.01121	0.02765	0.00906	0.01070	0.00711	0.00589	0.00413	0.00195	0.00523	0.00360	0.00386	0.00710
63	0.01338	0.01317	0.02005	0.59344	0.15540	0.06400	0.01756	0.01736	0.01333	0.01690	0.01128	0.01635	0.00870	0.00624	0.00629	0.00204	0.00851	0.00554	0.00290	0.00756
64	0.00991	0.00600	0.00635	0.00658	0.00806	0.00564	0.00482	0.01220	0.01355	0.02072	0.05324	0.15676	0.21587	0.01192	0.00594	0.00185	0.00315	0.01006	0.44174	0.00564
65	0.00830	0.00593	0.00802	0.00949	0.01010	0.00564	0.00688	0.00982	0.01271	0.01683	0.03465	0.61249	0.04071	0.01934	0.00825	0.00266	0.00417	0.17283	0.00588	0.00531
66	0.01272	0.03281	0.74418	0.01808	0.02746	0.01473	0.02344	0.02009	0.01339	0.02009	0.01138	0.01339	0.00804	0.00603	0.00603	0.00201	0.00938	0.00469	0.00268	0.00938
67	0.01309	0.03025	0.62874	0.01950	0.02839	0.01495	0.13631	0.02013	0.01365	0.02013	0.01162	0.01400	0.00830	0.00592	0.00627	0.00203	0.00959	0.00514	0.00277	0.00924
68	0.01089	0.00580	0.00858	0.00882	0.00906	0.00580	0.00628	0.00906	0.00930	0.01232	0.01471	0.02782	0.01518	0.02130	0.02217	0.68271	0.00556	0.11810	0.00326	0.00326
69	0.01176	0.01054	0.00987	0.00949	0.01023	0.12881	0.00641	0.01251	0.01086	0.01341	0.01727	0.03233	0.01866	0.48245	0.16166	0.00602	0.04146	0.00778	0.00362	0.00489
70	0.00923	0.00615	0.00692	0.00692	0.00692	0.00615	0.00384	0.00923	0.00923	0.01230	0.01999	0.04151	0.02306	0.77705	0.03229	0.00615	0.00615	0.00923	0.00384	0.00384
71	0.01479	0.06599	0.59187	0.01717	0.02565	0.01603	0.02098	0.13377	0.01605	0.02309	0.01189	0.01354	0.00849	0.00626	0.00599	0.00196	0.00886	0.00479	0.00328	0.00955
72	0.00954	0.00660	0.00836	0.00894	0.00956	0.00666	0.00652	0.01079	0.01135	0.01503	0.02521	0.07297	0.02806	0.42734	0.07150	0.00513	0.00670	0.26040	0.00461	0.00474
73	0.82186	0.01227	0.00932	0.00834	0.01227	0.01423	0.00687	0.01865	0.01080	0.02846	0.00883	0.01031	0.00687	0.00589	0.00393	0.00196	0.00491	0.00344	0.00393	0.00687
74	0.00994	0.00688	0.00840	0.00795	0.00899	0.00645	0.00519	0.01030	0.01012	0.01409	0.01876	0.11320	0.02074	0.41157	0.07478	0.11722	0.00632	0.00862	0.00387	0.13660
75	0.00898	0.00648	0.00848	0.00798	0.00948	0.00599	0.00599	0.01197	0.01796	0.02544	0.73413	0.04739	0.05986	0.01297	0.00748	0.00200	0.00299	0.01147	0.00698	0.00599
76	0.12322	0.00952	0.01141	0.01337	0.12959	0.00941	0.00883	0.05823	0.01496	0.02106	0.03995	0.04535	0.35685	0.01265	0.00693	0.00218	0.00482	0.11971	0.00519	0.00676
77	0.01647	0.01181	0.01551	0.01458	0.13326	0.00970	0.00981	0.01937	0.01431	0.15710	0.01398	0.01517	0.01070	0.00545	0.00527	0.00129	0.00529	0.00456	0.00443	0.53193
78	0.15306	0.02727	0.08426	0.01516	0.01914	0.54666	0.01242	0.03868	0.01663	0.01859	0.00991	0.01152	0.00800	0.00641	0.00547	0.00173	0.01008	0.00407	0.00339	0.00754
79	0.02106	0.01625	0.01732	0.01398	0.01851	0.01825	0.01132	0.46633	0.28480	0.03506	0.01911	0.01832	0.01393	0.00798	0.00639	0.00199	0.00626	0.00625	0.00639	0.01051
80	0.01649	0.01398	0.01474	0.01305	0.01677	0.01611	0.01021	0.09177	0.66681	0.02768	0.02492	0.02295	0.01864	0.00852	0.00645	0.00213	0.00519	0.00705	0.00645	0.01010
81	0.02370	0.03023	0.01798	0.01634	0.01961	0.75158	0.01226	0.02533	0.01798	0.01553	0.00981	0.01144	0.00817	0.00654	0.00572	0.00163	0.01144	0.00409	0.00327	0.00735
82	0.01455	0.01246	0.01323	0.01198	0.01528	0.01413	0.00929	0.02993	0.61009	0.02571	0.08907	0.02861	0.07883	0.00956	0.00662	0.00214	0.00471	0.00802	0.00646	0.00933
83	0.01102	0.00551	0.00826	0.00826	0.00826	0.00551	0.00551	0.00826	0.00826	0.01102	0.01102	0.01928	0.01102	0.02204	0.02479	0.81543	0.00551	0.00551	0.00275	0.00275
84	0.01358	0.01582	0.06141	0.02237	0.02778	0.01447	0.52169	0.01814	0.01447	0.01945	0.02087	0.02391	0.12794	0.00752	0.00833	0.00218	0.06033	0.00820	0.00359	0.00796
85	0.02412	0.01777	0.01904	0.01460	0.01967	0.01967	0.01206	0.71633	0.02983	0.03998	0.01523	0.01523	0.01079	0.00762	0.00635	0.00190	0.00698	0.00571	0.00635	0.01079
86	0.01332	0.01130	0.01207	0.01117	0.01362	0.06037	0.02577	0.13103	0.16093	0.02279	0.06357	0.29160	0.12961	0.01346	0.00719	0.00222	0.00509	0.01165	0.00588	0.00737
87	0.00808	0.00645	0.00688	0.00701	0.00868	0.00569	0.00514	0.00950	0.01346	0.01638	0.05287	0.05826	0.53255	0.16295	0.01240	0.00299	0.00402	0.07608	0.00549	0.00511
88	0.01232	0.02537	0.48261	0.01791	0.02551	0.01346	0.15832	0.01834	0.01388	0.01965	0.02031	0.02192	0.12708	0.00753	0.00656	0.00206	0.00863	0.00667	0.00331	0.00856
89	0.08157	0.01156	0.01477	0.01141	0.01626	0.01065	0.00942	0.09583	0.01878	0.62642	0.02300	0.02022	0.01464	0.00770	0.00621	0.00196	0.00552	0.00612	0.00744	0.01053
90	0.02846	0.01080	0.01472	0.01129	0.01619	0.00932	0.00932	0.03092	0.01816	0.74187	0.02503	0.02159	0.01570	0.00785	0.00638	0.00196	0.00540	0.00638	0.00785	0.01080
91	0.01315	0.01128	0.01315	0.00940	0.01503	0.00846	0.00752	0.01597	0.01315	0.02067	0.01128	0.01315	0.00940	0.00470	0.00470	0.00094	0.00470	0.00376	0.00376	0.81583
92	0.01272	0.03281	0.74418	0.01808	0.02746	0.01473	0.02344	0.02009	0.01339	0.02009	0.01138	0.01339	0.00804	0.00603	0.00603	0.00201	0.00938	0.00469	0.00268	0.00938
93	0.02412	0.01777	0.01904	0.01460	0.01967	0.01967	0.01206	0.71633	0.02983	0.03998	0.01523	0.01523	0.01079	0.00762	0.00635	0.00190	0.00698	0.00571	0.00635	0.01079
94	0.01497	0.01711	0.03743	0.02674	0.03316	0.01604	0.71444	0.02032	0.01497	0.02032	0.01283	0.01711	0.00963	0.00535	0.00749	0.00214	0.01070	0.00749	0.00321	0.00856
95	0.01005	0.00718	0.01003	0.01149	0.01288	0.00716	0.00993	0.01285	0.01444	0.01880	0.03368	0.11887	0.03688	0.01768	0.00872	0.00290	0.00570	0.64913	0.00584	0.00580
96	0.01022	0.00730	0.01022	0.01168	0.01314	0.00730	0.01022	0.01314	0.01460	0.01899	0.03359	0.07156	0.03651	0.01752	0.00876	0.00292	0.00584	0.69478	0.00584	0.00584
97	0.01315	0.01128	0.01315	0.00940	0.01503	0.00846	0.00752	0.01597	0.01315	0.02067	0.01128	0.01315	0.00940	0.00470	0.00470	0.00094	0.00470	0.00376	0.00376	0.81583
98	0.02846	0.01080	0.01472	0.01129	0.01619	0.00932	0.00932	0.03092	0.01816	0.74187	0.02503	0.02159	0.01570	0.00785	0.00638	0.00196	0.00540	0.00638	0.00785	0.01080
99	0.02042	0.02198	0.02106	0.02435	0.28240	0.33301	0.01494	0.13376	0.01823	0.02135	0.01139	0.01371	0.00929	0.00658	0.00667	0.00182	0.04149	0.00498	0.00369	0.00888
100	0.00894	0.00648	0.00843	0.00794	0.00946	0.00597	0.00596	0.01190	0.01787	0.02524	0.71817	0.04771	0.07594	0.01304	0.00748	0.00200	0.00300	0.01152	0.00696	0.00597
101	0.00772	0.00556	0.00732	0.00873	0.00917	0.00516	0.00584	0.00884	0.01224	0.01623	0.03622	0.74252	0.07155	0.01971	0.00807	0.00256	0.00366	0.01784	0.00589	0.00516
102	0.02370	0.03023	0.01798	0.01634	0.01961	0.75158	0.01226	0.02533	0.01798	0.01553	0.00981	0.01144	0.00817	0.00654	0.00572	0.00163	0.01144	0.00409	0.00327	0.00735
103	0.82186	0.01227	0.00932	0.00834	0.01227	0.01423	0.00687	0.01865	0.01080	0.02846	0.00883	0.01031	0.00687	0.00589	0.00393	0.00196	0.00491	0.00344	0.00393	0.00687
104	0.02239	0.02776	0.01925	0.02003	0.13687	0.63128	0.01344	0.02437	0.01740	0.01638	0.01015	0.01214	0.00848	0.00639	0.00581	0.00168	0.01080	0.00434	0.00325	0.00779
105	0.00888	0.00648	0.00836	0.00800	0.00951	0.00596	0.00602	0.01173	0.01748	0.02445	0.64965	0.06477	0.10787	0.01348	0.00753	0.00205	0.00311	0.03191	0.00685	0.00592
106	0.01069	0.00779	0.00909	0.00860	0.01050	0.00789	0.00649	0.01655	0.16041	0.02451	0.40700	0.07315	0.07832	0.01165	0.00681	0.00198	0.00344	0.01010	0.13831	0.00673
107	0.00756	0.00643	0.00651	0.00649	0.00861	0.00538	0.00487	0.00923	0.01461	0.01749	0.09287	0.06047	0.70608	0.01593	0.00750	0.00214	0.00320	0.01331	0.00594	0.00538
108	0.01304	0.03064	0.64622	0.01928	0.02825	0.01491	0.11922	0.02012	0.01361	0.02012	0.01159	0.01391	0.00826	0.00593	0.00623	0.00203	0.00956	0.00508	0.00275	0.00926
109	0.01578	0.01363	0.01434	0.01291	0.01650	0.01578	0.01004	0.03371	0.72602	0.02654	0.02582	0.02367	0.01937	0.00861	0.00646	0.00215	0.00502	0.00717	0.00646	0.01004
110	0.01801	0.14083	0.02530	0.02828	0.44065	0.01786	0.01621	0.19319	0.01803	0.02458	0.01225	0.01468	0.00992	0.00611	0.00594	0.00180	0.00728	0.00530	0.00387	0.00992
111	0.00923	0.00615	0.00692	0.00692	0.00692	0.00615	0.00384	0.00923	0.00923	0.01230	0.01999	0.04151	0.02306	0.77705	0.03229	0.00615	0.00615	0.00923	0.00384	0.00384
112	0.00915	0.00645	0.00842	0.00842	0.00894	0.00697	0.00572	0.01019	0.00967	0.01341	0.01861	0.03389	0.01976	0.44204	0.36278	0.00801	0.01113	0.00811	0.00364	0.00468
113	0.01774	0.72892	0.03199	0.01088	0.01628	0.02404	0.01075	0.01980	0.01325	0.06396	0.00991	0.01095	0.00865	0.00559	0.00423	0.00140	0.00669	0.00359	0.00306	0.00832
114	0.18120	0.52088	0.02627	0.01111	0.01593	0.12359	0.01024	0.01980	0.01317	0.01776	0.00896	0.01038	0.00789	0.00567	0.00427	0.00152	0.00705	0.00350	0.00304	0.00777
115	0.01701	0.51803	0.12154	0.01261	0.01811	0.10103	0.01254	0.02145	0.09258	0.01695	0.01114	0.01223	0.00938	0.00598	0.00477	0.00156	0.00743	0.00405	0.00318	0.00843
116	0.01042	0.01194	0.12930	0.01108	0.01382	0.00920	0.00964	0.01651	0.17604	0.01965	0.06085	0.39847	0.07876	0.01448	0.00732	0.00233	0.00486	0.01278	0.00554	0.00701
117	0.00919	0.00729	0.01067	0.01395	0.12835	0.00713	0.00831	0.01073	0.01246	0.01691	0.03053	0.63018	0.03590	0.01733	0.00812	0.00247	0.02342	0.01570	0.00536	0.00600
118	0.00819	0.00629	0.00715	0.00719	0.00861	0.00562	0.00509	0.00983	0.01423	0.01837	0.22609	0.13874	0.36261	0.14002	0.01161	0.00281	0.00369	0.01277	0.00584	0.00525
119	0.02198	0.01457	0.01612	0.01295	0.01737	0.01576	0.01051	0.36023	0.20801	0.17076	0.02024	0.01921	0.01433	0.00790	0.00626	0.00195	0.00590	0.00623	0.05944	0.01028
120	0.01541	0.01368	0.01682	0.01907	0.19437	0.01516	0.01215	0.02914	0.51967	0.02470	0.02403	0.02330	0.04769	0.00820	0.00646	0.00209	0.00557	0.00706	0.00561	0.00984
121	0.02412	0.01777	0.01904	0.01460	0.01967	0.01967	0.01206	0.71633	0.02983	0.03998	0.01523	0.01523	0.01079	0.00762	0.00635	0.00190	0.00698	0.00571	0.00635	0.01079
122	0.01314	0.01174	0.01645	0.30969	0.12349	0.03981	0.01333	0.06431	0.07157	0.02168	0.20592	0.02604	0.03953	0.00850	0.00665	0.00202	0.00651	0.00743	0.00458	0.00763
123	0.00848	0.00640	0.00783	0.00762	0.00921	0.00575	0.00566	0.01095	0.01656	0.02247	0.49770	0.10628	0.24320	0.01434	0.00753	0.00208	0.00311	0.01250	0.00660	0.00575
124	0.01283	0.01189	0.01967	0.58894	0.15483	0.01408	0.01725	0.03765	0.01371	0.01806	0.04245	0.01797	0.01099	0.00655	0.00638	0.00207	0.00803	0.00589	0.00316	0.00760
125	0.00822	0.03005	0.03968	0.00929	0.01020	0.00616	0.00679	0.00962	0.01222	0.01632	0.03317	0.71742	0.03949	0.01885	0.00789	0.00252	0.00402	0.01702	0.00566	0.00542
126	0.01058	0.00667	0.00840	0.00815	0.00882	0.00688	0.00538	0.01139	0.01015	0.06619	0.01952	0.03545	0.02052	0.51824	0.23037	0.00697	0.00911	0.00834	0.00401	0.00486
127	0.00918	0.00698	0.01052	0.04231	0.01266	0.00814	0.00829	0.01156	0.01054	0.01511	0.03835	0.02526	0.01687	0.04477	0.69756	0.00960	0.01621	0.00689	0.00348	0.00573
128	0.01188	0.03234	0.02995	0.00918	0.01196	0.00942	0.00745	0.14816	0.03424	0.02497	0.30890	0.04336	0.27872	0.01250	0.00711	0.00201	0.00416	0.01051	0.00623	0.00694

[dist]
# distance from previous block
# <min> <max>
0	77

# created by:
# /home/cegg/simao/soft/augustus-3.2.1/scripts/msa2prfl.pl ./align_prep/EOG090W0HTF.fa
