[name]
unknown

[dist]
# distance from previous block
# <min> <max>
3	322

[block]
# block no. 0 follows, 32 sequences, length 23
# corresponding to MSA columns:
# 529-544,548,549,555-559
name=unknown_A
#
# <colnr> <probs for GDERKNQSTAVLIFYWHMCP>
#	G	D	E	R	K	N	Q	S	T	A	V	L	I	F	Y	W	H	M	C	P
0	0.00959	0.00719	0.01078	0.01078	0.01198	0.00839	0.00839	0.01198	0.01078	0.01558	0.01797	0.02636	0.01677	0.05032	0.73760	0.01078	0.01797	0.00719	0.00359	0.00599
1	0.76024	0.01422	0.01046	0.00938	0.01348	0.06220	0.00764	0.02019	0.01191	0.02921	0.00941	0.01098	0.00736	0.00627	0.00428	0.00205	0.00564	0.00368	0.00411	0.00730
2	0.01269	0.01276	0.01083	0.01152	0.01275	0.19757	0.00814	0.01407	0.01455	0.01704	0.02995	0.54195	0.03482	0.01724	0.00793	0.00248	0.00612	0.03601	0.00550	0.00608
3	0.01659	0.34169	0.02538	0.01301	0.01761	0.08308	0.11069	0.01953	0.01458	0.01950	0.01351	0.01591	0.01119	0.00633	0.00514	0.00159	0.00702	0.00502	0.21265	0.05999
4	0.01306	0.01114	0.01294	0.01103	0.01390	0.03913	0.02265	0.02968	0.05645	0.01909	0.01891	0.09425	0.01927	0.20754	0.01493	0.00306	0.06891	0.05134	0.00446	0.28826
5	0.08657	0.22879	0.08578	0.01654	0.07058	0.03477	0.07249	0.21176	0.01908	0.02631	0.03337	0.05786	0.01313	0.00763	0.00602	0.00192	0.00752	0.00609	0.00447	0.00932
6	0.01860	0.01959	0.02189	0.06804	0.29547	0.20541	0.03578	0.02597	0.19722	0.02179	0.01585	0.01774	0.01256	0.00707	0.00658	0.00202	0.00852	0.00602	0.00425	0.00965
7	0.01539	0.00978	0.01223	0.01081	0.01357	0.01001	0.00849	0.11490	0.05784	0.13954	0.19182	0.06464	0.09381	0.02198	0.19901	0.00442	0.00825	0.00931	0.00626	0.00795
8	0.02518	0.02852	0.01931	0.01680	0.02076	0.54923	0.01291	0.20346	0.02230	0.02321	0.01188	0.01315	0.00937	0.00721	0.00622	0.00180	0.01086	0.00477	0.00431	0.00873
9	0.01602	0.01084	0.01216	0.01049	0.01358	0.01102	0.00784	0.04206	0.24413	0.11435	0.02251	0.02788	0.01891	0.20641	0.01349	0.00309	0.00545	0.00735	0.09155	0.12084
10	0.01660	0.54886	0.24279	0.01377	0.02076	0.02327	0.01546	0.02044	0.01379	0.01742	0.01014	0.01178	0.00858	0.00593	0.00492	0.00164	0.00800	0.00400	0.00286	0.00900
11	0.01387	0.01275	0.02118	0.12770	0.44457	0.01305	0.01656	0.01718	0.01439	0.02002	0.01892	0.21182	0.01926	0.01002	0.00716	0.00222	0.00703	0.00941	0.00404	0.00884
12	0.00811	0.00609	0.00753	0.00867	0.00956	0.00551	0.00593	0.00942	0.01349	0.01739	0.04512	0.57735	0.22158	0.01996	0.00840	0.00260	0.00376	0.01779	0.00623	0.00551
13	0.00934	0.00633	0.00744	0.00785	0.00795	0.00623	0.00463	0.00965	0.01057	0.01409	0.02530	0.23179	0.02964	0.56915	0.02744	0.00551	0.00582	0.01220	0.00463	0.00443
14	0.02181	0.02672	0.01931	0.20907	0.02743	0.54768	0.01445	0.02426	0.01755	0.01661	0.01078	0.01362	0.00872	0.00686	0.00622	0.00186	0.01127	0.00475	0.00333	0.00769
15	0.00862	0.00631	0.00860	0.00954	0.01031	0.00629	0.00674	0.01026	0.01282	0.01739	0.07659	0.48733	0.07253	0.02805	0.19982	0.00478	0.00752	0.01527	0.00561	0.00566
16	0.01061	0.00650	0.00742	0.00754	0.00841	0.00640	0.00513	0.01238	0.01307	0.01975	0.12298	0.08694	0.02964	0.30853	0.01729	0.00375	0.00469	0.04792	0.27570	0.00534
17	0.01251	0.00625	0.00625	0.00625	0.00782	0.00625	0.00469	0.01563	0.01407	0.02502	0.02189	0.02502	0.01720	0.00782	0.00469	0.00156	0.00313	0.00625	0.80144	0.00625
18	0.00818	0.00584	0.00779	0.00934	0.00973	0.00545	0.00623	0.00934	0.01285	0.01713	0.03698	0.75981	0.04438	0.02102	0.00856	0.00273	0.00389	0.01908	0.00623	0.00545
19	0.00922	0.00683	0.01000	0.01041	0.01139	0.00762	0.00782	0.01129	0.01132	0.01598	0.02296	0.21884	0.02402	0.04263	0.54627	0.00867	0.01428	0.01031	0.00429	0.00585
20	0.60074	0.01110	0.00932	0.00896	0.01212	0.01253	0.00699	0.01700	0.01179	0.02670	0.01660	0.20744	0.01701	0.01011	0.00531	0.00225	0.00485	0.00769	0.00470	0.00679
21	0.02105	0.02529	0.01595	0.01467	0.01722	0.54548	0.01063	0.02232	0.01659	0.01553	0.01320	0.02045	0.01278	0.20565	0.01343	0.00298	0.01063	0.00575	0.00362	0.00680
22	0.00908	0.00659	0.00857	0.00861	0.00991	0.00607	0.00625	0.01166	0.01722	0.02397	0.51219	0.23699	0.08625	0.01577	0.00809	0.00228	0.00337	0.01404	0.00703	0.00607

[dist]
# distance from previous block
# <min> <max>
2	18

[block]
# block no. 1 follows, 32 sequences, length 31
# corresponding to MSA columns:
# 580-607,611-613
name=unknown_B
#
# <colnr> <probs for GDERKNQSTAVLIFYWHMCP>
#	G	D	E	R	K	N	Q	S	T	A	V	L	I	F	Y	W	H	M	C	P
0	0.00851	0.00682	0.00761	0.00741	0.00942	0.00591	0.00556	0.01076	0.01667	0.02140	0.31036	0.05919	0.47519	0.01577	0.00792	0.00221	0.00331	0.01341	0.00666	0.00591
1	0.01661	0.01594	0.02724	0.04119	0.72233	0.01594	0.02059	0.02059	0.01528	0.02192	0.01262	0.01661	0.01063	0.00598	0.00664	0.00199	0.00797	0.00598	0.00332	0.01063
2	0.00976	0.00651	0.00732	0.00732	0.00732	0.00651	0.00407	0.00976	0.00976	0.01301	0.02114	0.04391	0.02439	0.76419	0.03415	0.00651	0.00651	0.00976	0.00407	0.00407
3	0.00818	0.00584	0.00779	0.00934	0.00973	0.00545	0.00623	0.00934	0.01285	0.01713	0.03698	0.75981	0.04438	0.02102	0.00856	0.00273	0.00389	0.01908	0.00623	0.00545
4	0.01661	0.01594	0.02724	0.04119	0.72233	0.01594	0.02059	0.02059	0.01528	0.02192	0.01262	0.01661	0.01063	0.00598	0.00664	0.00199	0.00797	0.00598	0.00332	0.01063
5	0.01724	0.01469	0.01548	0.01377	0.01766	0.01695	0.01075	0.07702	0.66796	0.02895	0.02661	0.02448	0.01992	0.00904	0.00682	0.00226	0.00544	0.00749	0.00682	0.01067
6	0.01661	0.01594	0.02724	0.04119	0.72233	0.01594	0.02059	0.02059	0.01528	0.02192	0.01262	0.01661	0.01063	0.00598	0.00664	0.00199	0.00797	0.00598	0.00332	0.01063
7	0.01346	0.03471	0.72942	0.01912	0.02904	0.01558	0.02479	0.02125	0.01417	0.02125	0.01204	0.01417	0.00850	0.00637	0.00637	0.00212	0.00992	0.00496	0.00283	0.00992
8	0.81159	0.01298	0.00986	0.00882	0.01298	0.01505	0.00727	0.01972	0.01142	0.03010	0.00934	0.01090	0.00727	0.00623	0.00415	0.00208	0.00519	0.00363	0.00415	0.00727
9	0.01514	0.01006	0.01058	0.00975	0.01246	0.01099	0.00752	0.02518	0.31917	0.05832	0.02447	0.02492	0.01861	0.00840	0.00572	0.00190	0.00420	0.00686	0.41733	0.00840
10	0.03010	0.01142	0.01557	0.01194	0.01713	0.00986	0.00986	0.03270	0.01920	0.72698	0.02647	0.02284	0.01661	0.00830	0.00675	0.00208	0.00571	0.00675	0.00830	0.01142
11	0.01081	0.00772	0.01081	0.01236	0.01390	0.00772	0.01081	0.01390	0.01545	0.02008	0.03553	0.07569	0.03862	0.01854	0.00927	0.00309	0.00618	0.67717	0.00618	0.00618
12	0.00882	0.00683	0.00803	0.00773	0.00961	0.00604	0.00580	0.01135	0.01739	0.02311	0.43755	0.05637	0.34692	0.01513	0.00792	0.00218	0.00327	0.01301	0.00689	0.00604
13	0.01545	0.01730	0.03736	0.02705	0.03343	0.01625	0.64476	0.02091	0.01581	0.02138	0.01527	0.02256	0.01238	0.00665	0.00802	0.00233	0.01091	0.05973	0.00361	0.00883
14	0.01081	0.00772	0.01081	0.01236	0.01390	0.00772	0.01081	0.01390	0.01545	0.02008	0.03553	0.07569	0.03862	0.01854	0.00927	0.00309	0.00618	0.67717	0.00618	0.00618
15	0.81159	0.01298	0.00986	0.00882	0.01298	0.01505	0.00727	0.01972	0.01142	0.03010	0.00934	0.01090	0.00727	0.00623	0.00415	0.00208	0.00519	0.00363	0.00415	0.00727
16	0.01763	0.71757	0.08310	0.01201	0.01804	0.02579	0.01240	0.02017	0.01367	0.01616	0.00952	0.01100	0.00860	0.00578	0.00445	0.00148	0.00736	0.00368	0.00287	0.00870
17	0.22467	0.01670	0.01627	0.01296	0.01788	0.07418	0.01058	0.31726	0.02220	0.14770	0.01534	0.01542	0.01089	0.00733	0.00590	0.00195	0.00677	0.00527	0.00587	0.06489
18	0.00971	0.00749	0.00873	0.00854	0.01041	0.00700	0.00633	0.04317	0.04409	0.02274	0.30385	0.18226	0.28930	0.01578	0.00794	0.00228	0.00366	0.01367	0.00671	0.00633
19	0.02923	0.01283	0.01644	0.01261	0.01783	0.01195	0.01041	0.16022	0.02156	0.59613	0.02449	0.02155	0.01562	0.00826	0.00674	0.00206	0.00603	0.00661	0.00800	0.01142
20	0.00950	0.00686	0.00897	0.00844	0.01002	0.00633	0.00633	0.01266	0.01899	0.02691	0.71879	0.05012	0.06331	0.01372	0.00791	0.00211	0.00317	0.01213	0.00739	0.00633
21	0.01364	0.06439	0.70133	0.01882	0.02856	0.01603	0.02425	0.02120	0.01414	0.02103	0.01193	0.01403	0.00850	0.00635	0.00629	0.00210	0.00981	0.00490	0.00283	0.00986
22	0.01267	0.01193	0.02013	0.74806	0.04621	0.01491	0.01863	0.01714	0.01342	0.01714	0.01193	0.01789	0.00894	0.00671	0.00671	0.00224	0.00894	0.00596	0.00298	0.00745
23	0.01471	0.00774	0.00818	0.00761	0.00977	0.00787	0.00585	0.04273	0.06900	0.08230	0.02247	0.02453	0.01720	0.00796	0.00509	0.00168	0.00365	0.00639	0.64808	0.00719
24	0.00886	0.00660	0.00824	0.00832	0.00976	0.00598	0.00605	0.01124	0.01675	0.02274	0.42052	0.22518	0.19277	0.01616	0.00807	0.00229	0.00339	0.01423	0.00687	0.00598
25	0.01639	0.01854	0.03662	0.02657	0.03295	0.05476	0.60879	0.02287	0.06976	0.02174	0.01447	0.01832	0.01090	0.00599	0.00774	0.00224	0.01089	0.00770	0.00366	0.00910
26	0.02118	0.02551	0.01959	0.01741	0.01957	0.46912	0.01361	0.02281	0.01575	0.01632	0.00979	0.01307	0.00870	0.00872	0.01202	0.00218	0.28888	0.00490	0.00326	0.00761
27	0.00818	0.00584	0.00779	0.00934	0.00973	0.00545	0.00623	0.00934	0.01285	0.01713	0.03698	0.75981	0.04438	0.02102	0.00856	0.00273	0.00389	0.01908	0.00623	0.00545
28	0.02390	0.02976	0.02015	0.02059	0.11773	0.63754	0.01402	0.02594	0.01850	0.01718	0.01068	0.01272	0.00892	0.00679	0.00613	0.00177	0.01153	0.00455	0.00344	0.00817
29	0.08553	0.02986	0.01927	0.01714	0.02081	0.64768	0.04453	0.02600	0.01828	0.01772	0.01044	0.01229	0.00861	0.00680	0.00599	0.00178	0.01153	0.00444	0.00351	0.00780
30	0.01078	0.00792	0.00977	0.04332	0.01255	0.00758	0.00729	0.01479	0.07105	0.05564	0.38515	0.05076	0.23523	0.01394	0.00780	0.00222	0.00394	0.04672	0.00680	0.00676

[dist]
# distance from previous block
# <min> <max>
5	26

[block]
# block no. 2 follows, 32 sequences, length 78
# corresponding to MSA columns:
# 645-722
name=unknown_C
#
# <colnr> <probs for GDERKNQSTAVLIFYWHMCP>
#	G	D	E	R	K	N	Q	S	T	A	V	L	I	F	Y	W	H	M	C	P
0	0.01672	0.01653	0.02379	0.15412	0.45715	0.08105	0.01832	0.02246	0.10245	0.02139	0.01414	0.01747	0.01140	0.00658	0.00662	0.00205	0.00817	0.00603	0.00372	0.00984
1	0.00819	0.00610	0.00762	0.00873	0.00960	0.00554	0.00598	0.00957	0.01370	0.01783	0.07747	0.56941	0.19630	0.01976	0.00839	0.00259	0.00375	0.01763	0.00629	0.00554
2	0.01541	0.01802	0.06881	0.02588	0.03229	0.01632	0.58338	0.02189	0.06491	0.02173	0.01563	0.05491	0.01252	0.00669	0.00780	0.00228	0.01046	0.00830	0.00375	0.00902
3	0.00848	0.00671	0.00907	0.00955	0.01079	0.00608	0.03996	0.01002	0.01369	0.01763	0.04460	0.52659	0.23375	0.01913	0.00835	0.00257	0.00412	0.01714	0.00609	0.00569
4	0.42790	0.01258	0.01289	0.01052	0.01519	0.01304	0.00868	0.05893	0.01585	0.33835	0.01724	0.01643	0.01160	0.00724	0.00542	0.00207	0.00553	0.00513	0.00611	0.00930
5	0.00972	0.00667	0.00815	0.00815	0.00843	0.00695	0.00510	0.01029	0.01000	0.01362	0.02039	0.03972	0.02258	0.59376	0.20209	0.00753	0.00924	0.00914	0.00395	0.00453
6	0.02551	0.01879	0.02014	0.01544	0.02081	0.02081	0.01275	0.69996	0.03155	0.04229	0.01611	0.01611	0.01141	0.00805	0.00671	0.00201	0.00738	0.00604	0.00671	0.01141
7	0.01661	0.01594	0.02724	0.04119	0.72233	0.01594	0.02059	0.02059	0.01528	0.02192	0.01262	0.01661	0.01063	0.00598	0.00664	0.00199	0.00797	0.00598	0.00332	0.01063
8	0.01584	0.01810	0.03959	0.02828	0.03507	0.01697	0.69796	0.02149	0.01584	0.02149	0.01357	0.01810	0.01018	0.00566	0.00792	0.00226	0.01131	0.00792	0.00339	0.00905
9	0.02544	0.01680	0.01637	0.01326	0.01804	0.17371	0.01057	0.06932	0.08527	0.37447	0.02056	0.01916	0.01407	0.00765	0.00638	0.00188	0.00711	0.00590	0.00646	0.10758
10	0.00973	0.00662	0.00788	0.00788	0.00808	0.00681	0.00477	0.01012	0.00993	0.01343	0.02062	0.04104	0.02315	0.64758	0.14906	0.00720	0.00838	0.00934	0.00399	0.00438
11	0.00818	0.00584	0.00779	0.00934	0.00973	0.00545	0.00623	0.00934	0.01285	0.01713	0.03698	0.75981	0.04438	0.02102	0.00856	0.00273	0.00389	0.01908	0.00623	0.00545
12	0.02584	0.01826	0.01981	0.01519	0.02054	0.02002	0.01255	0.65198	0.03066	0.09152	0.01685	0.01659	0.01178	0.00807	0.00671	0.00202	0.00726	0.00609	0.00683	0.01141
13	0.01554	0.35344	0.38937	0.01629	0.02422	0.02044	0.05561	0.02076	0.01403	0.01888	0.01094	0.01290	0.00864	0.00606	0.00556	0.00183	0.00880	0.00452	0.00288	0.00930
14	0.01019	0.00737	0.00945	0.00874	0.01049	0.00696	0.00661	0.04230	0.01953	0.02757	0.68849	0.04865	0.06107	0.01347	0.00786	0.00211	0.00335	0.01187	0.00736	0.00655
15	0.01573	0.01255	0.01652	0.01402	0.01794	0.01300	0.09776	0.02621	0.33597	0.09128	0.03175	0.03535	0.12394	0.01069	0.00733	0.00229	0.00592	0.08885	0.00623	0.04668
16	0.02319	0.02899	0.02113	0.01837	0.02181	0.59959	0.07858	0.02526	0.01787	0.01688	0.01053	0.01292	0.00881	0.00726	0.00776	0.00190	0.08309	0.00481	0.00340	0.00786
17	0.01391	0.01193	0.01391	0.00994	0.01590	0.00894	0.00795	0.01690	0.01391	0.02186	0.01193	0.01391	0.00994	0.00497	0.00497	0.00099	0.00497	0.00398	0.00398	0.80521
18	0.00979	0.00725	0.01018	0.01009	0.01093	0.00828	0.00745	0.01153	0.01050	0.01492	0.01851	0.03062	0.01853	0.23758	0.52884	0.00940	0.03855	0.00782	0.00370	0.00553
19	0.01442	0.01291	0.01359	0.01158	0.01514	0.08387	0.03321	0.10077	0.06976	0.02324	0.08301	0.16026	0.13359	0.01137	0.00689	0.00194	0.00566	0.00966	0.00549	0.20363
20	0.00818	0.00584	0.00779	0.00934	0.00973	0.00545	0.00623	0.00934	0.01285	0.01713	0.03698	0.75981	0.04438	0.02102	0.00856	0.00273	0.00389	0.01908	0.00623	0.00545
21	0.01440	0.01191	0.01396	0.01000	0.01594	0.00897	0.00801	0.01737	0.01407	0.04291	0.01236	0.01418	0.01014	0.00507	0.00502	0.00103	0.00499	0.00406	0.00410	0.78152
22	0.01794	0.76823	0.03516	0.01148	0.01722	0.02655	0.01148	0.02009	0.01363	0.01579	0.00933	0.01076	0.00861	0.00574	0.00431	0.00144	0.00718	0.00359	0.00287	0.00861
23	0.13980	0.01919	0.02136	0.02613	0.31477	0.19345	0.01562	0.02118	0.01470	0.02078	0.01088	0.01428	0.00930	0.00729	0.00889	0.00211	0.14284	0.00519	0.00341	0.00882
24	0.02267	0.01708	0.01831	0.01472	0.01955	0.01907	0.01194	0.45413	0.26045	0.05942	0.02023	0.01934	0.01464	0.00842	0.00675	0.00210	0.00663	0.00659	0.00680	0.01114
25	0.01635	0.01134	0.01364	0.01008	0.01551	0.00883	0.00809	0.01921	0.01521	0.14961	0.05543	0.01968	0.04465	0.00657	0.00558	0.00131	0.00494	0.00536	0.00504	0.58359
26	0.02551	0.01879	0.02014	0.01544	0.02081	0.02081	0.01275	0.69996	0.03155	0.04229	0.01611	0.01611	0.01141	0.00805	0.00671	0.00201	0.00738	0.00604	0.00671	0.01141
27	0.00975	0.00655	0.00755	0.00755	0.00762	0.00663	0.00435	0.00990	0.00982	0.01318	0.02093	0.04276	0.02389	0.71741	0.08025	0.00679	0.00726	0.00959	0.00403	0.00419
28	0.01661	0.01594	0.02724	0.04119	0.72233	0.01594	0.02059	0.02059	0.01528	0.02192	0.01262	0.01661	0.01063	0.00598	0.00664	0.00199	0.00797	0.00598	0.00332	0.01063
29	0.01657	0.54424	0.24716	0.01382	0.02083	0.02320	0.01555	0.02045	0.01380	0.01745	0.01016	0.01180	0.00858	0.00593	0.00494	0.00165	0.00801	0.00401	0.00286	0.00901
30	0.00968	0.00683	0.00894	0.00894	0.00950	0.00739	0.00609	0.01080	0.01024	0.01421	0.01966	0.03568	0.02082	0.42960	0.36386	0.00851	0.01188	0.00855	0.00384	0.00497
31	0.01589	0.01213	0.01352	0.01216	0.01550	0.01312	0.00969	0.11405	0.32629	0.06558	0.11495	0.03809	0.11204	0.01165	0.00739	0.00231	0.00522	0.09454	0.00680	0.00908
32	0.60580	0.01279	0.01158	0.05152	0.01573	0.01443	0.00849	0.02242	0.05841	0.12587	0.01304	0.01388	0.00952	0.00673	0.00483	0.00210	0.00548	0.00446	0.00484	0.00807
33	0.02534	0.02368	0.01972	0.01612	0.02078	0.28640	0.01283	0.45041	0.02690	0.03270	0.01398	0.01462	0.01038	0.00763	0.00647	0.00191	0.00913	0.00540	0.00551	0.01006
34	0.01661	0.01594	0.02724	0.04119	0.72233	0.01594	0.02059	0.02059	0.01528	0.02192	0.01262	0.01661	0.01063	0.00598	0.00664	0.00199	0.00797	0.00598	0.00332	0.01063
35	0.02419	0.03057	0.01855	0.01692	0.02025	0.69590	0.01270	0.02595	0.01855	0.01637	0.01080	0.01291	0.00910	0.00938	0.04756	0.00224	0.01243	0.00448	0.00347	0.00768
36	0.02506	0.03198	0.01901	0.01729	0.02074	0.73725	0.01296	0.02679	0.01901	0.01642	0.01037	0.01210	0.00864	0.00691	0.00605	0.00173	0.01210	0.00432	0.00346	0.00778
37	0.01267	0.01193	0.02013	0.74806	0.04621	0.01491	0.01863	0.01714	0.01342	0.01714	0.01193	0.01789	0.00894	0.00671	0.00671	0.00224	0.00894	0.00596	0.00298	0.00745
38	0.00976	0.00651	0.00732	0.00732	0.00732	0.00651	0.00407	0.00976	0.00976	0.01301	0.02114	0.04391	0.02439	0.76419	0.03415	0.00651	0.00651	0.00976	0.00407	0.00407
39	0.00982	0.00663	0.00857	0.00956	0.01074	0.00612	0.00701	0.01148	0.01406	0.05807	0.04139	0.48595	0.15620	0.01920	0.00847	0.00267	0.00429	0.12749	0.00634	0.00595
40	0.02418	0.02614	0.01887	0.01633	0.02037	0.44791	0.01262	0.21833	0.10566	0.02514	0.01403	0.01479	0.01085	0.00750	0.00633	0.00188	0.00995	0.00520	0.00478	0.00915
41	0.01348	0.01074	0.01281	0.00991	0.01477	0.00831	0.00770	0.01610	0.01393	0.04997	0.01733	0.15727	0.01682	0.00818	0.00573	0.00137	0.00479	0.00698	0.00459	0.61923
42	0.02884	0.01205	0.01579	0.01226	0.01735	0.01097	0.01008	0.06922	0.07214	0.63687	0.02597	0.02264	0.01662	0.00835	0.00675	0.00209	0.00577	0.00677	0.00811	0.01136
43	0.01400	0.01199	0.02008	0.01723	0.02072	0.01191	0.20547	0.09853	0.01749	0.02315	0.02698	0.05223	0.02730	0.01363	0.00858	0.00273	0.00778	0.40712	0.00545	0.00762
44	0.02718	0.01128	0.01478	0.01152	0.01637	0.00998	0.00945	0.06779	0.01943	0.60291	0.03087	0.02747	0.10083	0.00934	0.00689	0.00210	0.00553	0.00760	0.00797	0.01073
45	0.02236	0.01951	0.01843	0.01519	0.01901	0.16495	0.01218	0.40087	0.02434	0.03142	0.01559	0.05785	0.01275	0.00899	0.00840	0.00208	0.09740	0.00642	0.05272	0.00954
46	0.01661	0.01594	0.02724	0.04119	0.72233	0.01594	0.02059	0.02059	0.01528	0.02192	0.01262	0.01661	0.01063	0.00598	0.00664	0.00199	0.00797	0.00598	0.00332	0.01063
47	0.02506	0.03198	0.01901	0.01729	0.02074	0.73725	0.01296	0.02679	0.01901	0.01642	0.01037	0.01210	0.00864	0.00691	0.00605	0.00173	0.01210	0.00432	0.00346	0.00778
48	0.01267	0.01193	0.02013	0.74806	0.04621	0.01491	0.01863	0.01714	0.01342	0.01714	0.01193	0.01789	0.00894	0.00671	0.00671	0.00224	0.00894	0.00596	0.00298	0.00745
49	0.00793	0.00680	0.00680	0.00680	0.00906	0.00566	0.00510	0.00963	0.01529	0.01813	0.06797	0.06457	0.71961	0.01699	0.00793	0.00227	0.00340	0.01416	0.00623	0.00566
50	0.01584	0.01810	0.03959	0.02828	0.03507	0.01697	0.69796	0.02149	0.01584	0.02149	0.01357	0.01810	0.01018	0.00566	0.00792	0.00226	0.01131	0.00792	0.00339	0.00905
51	0.09092	0.01253	0.01394	0.01032	0.01597	0.01057	0.00828	0.05681	0.04749	0.02410	0.01264	0.01427	0.01026	0.00546	0.00508	0.00122	0.00514	0.00423	0.00428	0.64648
52	0.01391	0.01193	0.01391	0.00994	0.01590	0.00894	0.00795	0.01690	0.01391	0.02186	0.01193	0.01391	0.00994	0.00497	0.00497	0.00099	0.00497	0.00398	0.00398	0.80521
53	0.02595	0.01809	0.01970	0.01510	0.02046	0.01976	0.01248	0.63621	0.03037	0.10771	0.01710	0.01675	0.01191	0.00808	0.00672	0.00202	0.00722	0.00611	0.00686	0.01141
54	0.01620	0.01553	0.02650	0.11461	0.65210	0.01584	0.02039	0.02023	0.01508	0.02142	0.01255	0.01674	0.01045	0.00605	0.00665	0.00202	0.00807	0.00598	0.00329	0.01030
55	0.00812	0.00680	0.00706	0.00699	0.00918	0.00574	0.00525	0.00999	0.01574	0.01918	0.14622	0.06284	0.64071	0.01660	0.00793	0.00225	0.00337	0.01392	0.00637	0.00574
56	0.00849	0.00608	0.00807	0.00913	0.00980	0.00566	0.00625	0.01014	0.01432	0.01947	0.20043	0.58968	0.04892	0.01927	0.00841	0.00258	0.00372	0.01741	0.00651	0.00566
57	0.01468	0.01468	0.02055	0.01762	0.01762	0.02055	0.01468	0.01615	0.01028	0.01615	0.00881	0.01468	0.00881	0.01174	0.02202	0.00294	0.75191	0.00587	0.00294	0.00734
58	0.00976	0.00651	0.00732	0.00732	0.00732	0.00651	0.00407	0.00976	0.00976	0.01301	0.02114	0.04391	0.02439	0.76419	0.03415	0.00651	0.00651	0.00976	0.00407	0.00407
59	0.00976	0.00651	0.00732	0.00732	0.00732	0.00651	0.00407	0.00976	0.00976	0.01301	0.02114	0.04391	0.02439	0.76419	0.03415	0.00651	0.00651	0.00976	0.00407	0.00407
60	0.02506	0.03198	0.01901	0.01729	0.02074	0.73725	0.01296	0.02679	0.01901	0.01642	0.01037	0.01210	0.00864	0.00691	0.00605	0.00173	0.01210	0.00432	0.00346	0.00778
61	0.01669	0.01441	0.01517	0.01365	0.01745	0.01669	0.01062	0.03565	0.71021	0.02807	0.02731	0.02503	0.02048	0.00910	0.00683	0.00228	0.00531	0.00759	0.00683	0.01062
62	0.01391	0.01193	0.01391	0.00994	0.01590	0.00894	0.00795	0.01690	0.01391	0.02186	0.01193	0.01391	0.00994	0.00497	0.00497	0.00099	0.00497	0.00398	0.00398	0.80521
63	0.01391	0.01193	0.01391	0.00994	0.01590	0.00894	0.00795	0.01690	0.01391	0.02186	0.01193	0.01391	0.00994	0.00497	0.00497	0.00099	0.00497	0.00398	0.00398	0.80521
64	0.24376	0.33283	0.02531	0.01336	0.01847	0.09800	0.07763	0.08390	0.01546	0.02292	0.01049	0.01216	0.00865	0.00621	0.00503	0.00178	0.00757	0.00433	0.00370	0.00844
65	0.00963	0.00653	0.00851	0.00928	0.01039	0.00601	0.00666	0.01143	0.01472	0.05272	0.16599	0.47532	0.11067	0.01849	0.00835	0.00256	0.00397	0.06628	0.00654	0.00597
66	0.01944	0.01548	0.01650	0.01407	0.01833	0.01757	0.01116	0.21164	0.50896	0.05345	0.02432	0.02260	0.01796	0.00880	0.00679	0.00220	0.00587	0.00715	0.00684	0.01085
67	0.01414	0.14674	0.62339	0.01796	0.02724	0.01726	0.02276	0.02107	0.01408	0.02042	0.01163	0.01365	0.00852	0.00628	0.00606	0.00202	0.00950	0.00475	0.00284	0.00972
68	0.01522	0.22161	0.48599	0.01828	0.06505	0.01861	0.02070	0.04498	0.01471	0.02063	0.01152	0.01350	0.00875	0.00625	0.00587	0.00194	0.00901	0.00470	0.00301	0.00967
69	0.01494	0.01670	0.07495	0.06583	0.02896	0.01546	0.38707	0.02299	0.15686	0.02227	0.01897	0.05107	0.01585	0.00817	0.00767	0.00234	0.00913	0.06744	0.00438	0.00895
70	0.00861	0.00615	0.00811	0.00917	0.00983	0.00576	0.00631	0.01020	0.01405	0.01903	0.17504	0.55690	0.04709	0.05447	0.00966	0.00279	0.00395	0.04092	0.00636	0.00559
71	0.03786	0.01188	0.01205	0.01352	0.08037	0.12372	0.00896	0.01413	0.01453	0.01833	0.05807	0.30604	0.17423	0.01672	0.04265	0.00275	0.03987	0.01254	0.00521	0.00656
72	0.13483	0.08743	0.10841	0.18898	0.05137	0.04749	0.15361	0.04915	0.01527	0.08316	0.01304	0.01586	0.00967	0.00647	0.00629	0.00208	0.00858	0.00568	0.00386	0.00877
73	0.01066	0.00711	0.00898	0.00849	0.01036	0.00640	0.00637	0.01335	0.01782	0.07745	0.49194	0.11107	0.17559	0.01452	0.00788	0.00219	0.00346	0.01268	0.00715	0.00652
74	0.00966	0.00652	0.00729	0.00729	0.00741	0.00646	0.00412	0.00975	0.01006	0.01329	0.02369	0.04503	0.06221	0.72354	0.03273	0.00627	0.00634	0.01000	0.00418	0.00415
75	0.04148	0.09640	0.17982	0.04343	0.10051	0.12191	0.01495	0.02118	0.08678	0.02149	0.12598	0.03888	0.02016	0.00860	0.00706	0.00206	0.03455	0.02185	0.00432	0.00860
76	0.01547	0.24304	0.29822	0.01603	0.06283	0.04373	0.01639	0.07068	0.01573	0.02064	0.01981	0.02085	0.11412	0.00788	0.00603	0.00191	0.00792	0.00604	0.00369	0.00898
77	0.01456	0.01238	0.01907	0.22847	0.25942	0.03625	0.01528	0.01802	0.01407	0.06043	0.01606	0.06403	0.01392	0.01558	0.14245	0.00371	0.00963	0.00699	0.04136	0.00831

[dist]
# distance from previous block
# <min> <max>
2	8

[block]
# block no. 3 follows, 32 sequences, length 11
# corresponding to MSA columns:
# 731-741
name=unknown_D
#
# <colnr> <probs for GDERKNQSTAVLIFYWHMCP>
#	G	D	E	R	K	N	Q	S	T	A	V	L	I	F	Y	W	H	M	C	P
0	0.01649	0.01183	0.01565	0.08994	0.07292	0.01084	0.01061	0.02036	0.05190	0.14492	0.05979	0.04932	0.01626	0.00750	0.00671	0.00168	0.03602	0.00621	0.00499	0.36605
1	0.01652	0.01184	0.01418	0.01026	0.01610	0.00909	0.00826	0.01944	0.01476	0.13523	0.01426	0.01535	0.01101	0.00551	0.00526	0.00117	0.00509	0.00442	0.00467	0.67758
2	0.01832	0.01516	0.01963	0.02154	0.20652	0.01688	0.01392	0.15677	0.24981	0.05780	0.01956	0.05542	0.01576	0.00890	0.00855	0.00224	0.09040	0.00718	0.00546	0.01019
3	0.02073	0.01575	0.02040	0.01620	0.02108	0.01689	0.11972	0.20900	0.32608	0.12648	0.02206	0.02127	0.01592	0.00817	0.00696	0.00218	0.00686	0.00711	0.00646	0.01069
4	0.00867	0.00683	0.00782	0.00757	0.00952	0.00598	0.00568	0.01106	0.01704	0.02227	0.37490	0.05776	0.41010	0.01545	0.00792	0.00219	0.00329	0.01321	0.00678	0.00598
5	0.01624	0.01487	0.02397	0.28391	0.40844	0.01613	0.01903	0.09585	0.01646	0.02255	0.01277	0.01700	0.01013	0.00647	0.00667	0.00208	0.00824	0.00598	0.00358	0.00961
6	0.00951	0.00743	0.01031	0.01302	0.09050	0.00703	0.00841	0.01139	0.01391	0.01829	0.03874	0.46002	0.14272	0.01831	0.00836	0.00263	0.00464	0.12270	0.00589	0.00618
7	0.00976	0.00651	0.00732	0.00732	0.00732	0.00651	0.00407	0.00976	0.00976	0.01301	0.02114	0.04391	0.02439	0.76419	0.03415	0.00651	0.00651	0.00976	0.00407	0.00407
8	0.01411	0.01257	0.01659	0.01185	0.01790	0.00978	0.07981	0.01737	0.01411	0.02183	0.01210	0.01435	0.00996	0.00504	0.00528	0.00113	0.00563	0.00439	0.00391	0.72230
9	0.09416	0.00860	0.01080	0.01254	0.06599	0.00873	0.00845	0.06724	0.01466	0.02118	0.03041	0.49263	0.03467	0.01702	0.00788	0.00258	0.00486	0.08518	0.00582	0.00659
10	0.01661	0.01594	0.02724	0.04119	0.72233	0.01594	0.02059	0.02059	0.01528	0.02192	0.01262	0.01661	0.01063	0.00598	0.00664	0.00199	0.00797	0.00598	0.00332	0.01063

[dist]
# distance from previous block
# <min> <max>
2	29

[block]
# block no. 4 follows, 32 sequences, length 27
# corresponding to MSA columns:
# 771-797
name=unknown_E
#
# <colnr> <probs for GDERKNQSTAVLIFYWHMCP>
#	G	D	E	R	K	N	Q	S	T	A	V	L	I	F	Y	W	H	M	C	P
0	0.02095	0.01539	0.01689	0.01384	0.01790	0.01677	0.01104	0.51857	0.02664	0.03568	0.02159	0.21144	0.02007	0.01146	0.00720	0.00220	0.00647	0.00946	0.00659	0.00985
1	0.02209	0.01550	0.01649	0.01303	0.01740	0.01699	0.01064	0.52022	0.02696	0.03775	0.01763	0.01845	0.01293	0.00799	0.00618	0.00190	0.00627	0.00610	0.21544	0.01006
2	0.02259	0.02257	0.20618	0.01622	0.02277	0.01884	0.01576	0.48550	0.02631	0.07390	0.01560	0.01596	0.01093	0.00763	0.00663	0.00205	0.00796	0.00579	0.00578	0.01102
3	0.60279	0.01376	0.01442	0.01732	0.19929	0.01529	0.01077	0.01995	0.01243	0.02796	0.01020	0.01240	0.00815	0.00616	0.00481	0.00205	0.00592	0.00425	0.00393	0.00815
4	0.01261	0.01270	0.01073	0.01143	0.01262	0.19765	0.00800	0.01393	0.01447	0.01694	0.02999	0.56343	0.03499	0.01732	0.00790	0.00246	0.00605	0.01520	0.00550	0.00606
5	0.00896	0.00680	0.00834	0.00873	0.01031	0.00618	0.00666	0.01126	0.01603	0.02104	0.26215	0.19067	0.27235	0.01697	0.00827	0.00244	0.00389	0.12644	0.00659	0.00592
6	0.01244	0.02748	0.54068	0.01693	0.02456	0.01369	0.02048	0.01882	0.01328	0.01976	0.01360	0.01737	0.01067	0.01792	0.19843	0.00440	0.01203	0.00554	0.00303	0.00889
7	0.00976	0.00651	0.00732	0.00732	0.00732	0.00651	0.00407	0.00976	0.00976	0.01301	0.02114	0.04391	0.02439	0.76419	0.03415	0.00651	0.00651	0.00976	0.00407	0.00407
8	0.01739	0.16791	0.12649	0.02198	0.20575	0.01774	0.06457	0.13150	0.01728	0.02391	0.01241	0.01469	0.00991	0.00614	0.00597	0.00176	0.00775	0.00519	0.00383	0.13781
9	0.02377	0.13057	0.05307	0.01557	0.02064	0.22911	0.01316	0.37773	0.02459	0.03007	0.01330	0.01410	0.01008	0.00732	0.00616	0.00185	0.00883	0.00514	0.00505	0.00989
10	0.01007	0.00703	0.00779	0.00771	0.00953	0.00662	0.00573	0.01348	0.05633	0.02267	0.21725	0.11091	0.26536	0.01365	0.00707	0.00208	0.00342	0.01162	0.21542	0.00626
11	0.13749	0.01786	0.09190	0.20689	0.02646	0.08653	0.01425	0.14800	0.07847	0.10627	0.01518	0.01675	0.01096	0.00726	0.00624	0.00210	0.00782	0.00560	0.00482	0.00917
12	0.06135	0.14537	0.06463	0.01580	0.02058	0.01613	0.17927	0.02270	0.19754	0.02272	0.07960	0.06299	0.06504	0.00888	0.00673	0.00212	0.00699	0.00801	0.00488	0.00869
13	0.02483	0.01267	0.01746	0.20581	0.02532	0.01284	0.01260	0.12952	0.01955	0.43700	0.02108	0.02052	0.01381	0.00785	0.00673	0.00211	0.00681	0.00643	0.00667	0.01038
14	0.00937	0.00668	0.00831	0.00812	0.00923	0.00627	0.00566	0.01146	0.01586	0.02197	0.44323	0.10584	0.08995	0.21160	0.01486	0.00332	0.00411	0.01218	0.00635	0.00563
15	0.01735	0.07892	0.10953	0.20692	0.02604	0.09833	0.03181	0.02090	0.01542	0.15161	0.01910	0.11251	0.01679	0.00949	0.00684	0.00219	0.00792	0.05532	0.00465	0.00835
16	0.02359	0.01107	0.01598	0.20482	0.02395	0.01083	0.01173	0.02674	0.01744	0.47001	0.05999	0.02312	0.01716	0.00816	0.00671	0.00210	0.00630	0.00681	0.04365	0.00986
17	0.01037	0.00893	0.01257	0.01664	0.19665	0.00834	0.00956	0.01261	0.01481	0.01935	0.08273	0.24758	0.30423	0.01505	0.00777	0.00231	0.00473	0.01328	0.00553	0.00695
18	0.01029	0.00745	0.01053	0.01136	0.01282	0.00769	0.00951	0.01321	0.01475	0.01991	0.13252	0.05893	0.03655	0.02617	0.20036	0.00496	0.00883	0.40231	0.00568	0.00615
19	0.01667	0.01706	0.12246	0.01755	0.14180	0.08415	0.01317	0.02029	0.01577	0.11293	0.07851	0.02169	0.05169	0.00935	0.03835	0.00214	0.00738	0.00624	0.00460	0.21820
20	0.01225	0.00623	0.00634	0.00643	0.00793	0.00621	0.00478	0.01527	0.01400	0.02455	0.02277	0.06797	0.01879	0.00859	0.00492	0.00163	0.00317	0.00700	0.75495	0.00621
21	0.02098	0.02538	0.01638	0.01496	0.01793	0.54528	0.01122	0.02308	0.01901	0.01918	0.19644	0.02209	0.02300	0.00870	0.00654	0.00183	0.00975	0.00637	0.00449	0.00740
22	0.01498	0.01558	0.02555	0.02042	0.02220	0.01961	0.19414	0.01755	0.01174	0.01755	0.01006	0.01558	0.00917	0.01015	0.01832	0.00276	0.55739	0.00641	0.00306	0.00779
23	0.02021	0.21045	0.02000	0.01217	0.01633	0.01595	0.01028	0.04425	0.15826	0.24158	0.05399	0.08924	0.01948	0.00941	0.00717	0.00206	0.04625	0.00742	0.00601	0.00951
24	0.02186	0.01376	0.01612	0.01223	0.01766	0.01288	0.00996	0.20223	0.06994	0.23234	0.01835	0.01788	0.01302	0.00704	0.00608	0.00167	0.00584	0.00558	0.00616	0.30941
25	0.00840	0.00676	0.00799	0.00822	0.00993	0.00635	0.00613	0.01020	0.01375	0.01731	0.05023	0.15793	0.43460	0.02635	0.19967	0.00457	0.00730	0.01306	0.00554	0.00572
26	0.01549	0.11790	0.28993	0.02733	0.27312	0.01730	0.12344	0.02091	0.01474	0.02084	0.01214	0.01519	0.00952	0.00605	0.00644	0.00201	0.00910	0.00559	0.00309	0.00987

[dist]
# distance from previous block
# <min> <max>
1	5

[block]
# block no. 5 follows, 32 sequences, length 23
# corresponding to MSA columns:
# 803-825
name=unknown_F
#
# <colnr> <probs for GDERKNQSTAVLIFYWHMCP>
#	G	D	E	R	K	N	Q	S	T	A	V	L	I	F	Y	W	H	M	C	P
0	0.20682	0.01339	0.01389	0.01204	0.01580	0.01473	0.00951	0.20896	0.16980	0.08537	0.02177	0.16044	0.01915	0.01036	0.00649	0.00223	0.00561	0.00837	0.00616	0.00911
1	0.01600	0.01955	0.16234	0.03694	0.58894	0.01587	0.02140	0.02072	0.01506	0.02179	0.01251	0.01614	0.01022	0.00605	0.00659	0.00202	0.00835	0.00578	0.00323	0.01049
2	0.01104	0.00847	0.01190	0.01458	0.14590	0.00873	0.00818	0.01232	0.01104	0.01528	0.01882	0.03487	0.02010	0.46420	0.18072	0.00656	0.00926	0.00848	0.00382	0.00574
3	0.01416	0.01270	0.01782	0.17530	0.15837	0.01158	0.01269	0.01766	0.01407	0.02086	0.01206	0.01529	0.00986	0.00554	0.00567	0.00145	0.00641	0.00479	0.00363	0.48011
4	0.01007	0.00663	0.00897	0.00887	0.00952	0.00688	0.00616	0.01075	0.01162	0.01615	0.15239	0.03484	0.02688	0.24889	0.23528	0.17926	0.00911	0.00861	0.00432	0.00482
5	0.01217	0.01171	0.01651	0.01322	0.01718	0.04296	0.15621	0.01577	0.03974	0.02064	0.09071	0.04052	0.28132	0.01133	0.00731	0.00203	0.00602	0.04890	0.00517	0.16058
6	0.01166	0.00882	0.01125	0.01176	0.01375	0.00915	0.00981	0.01782	0.14989	0.02309	0.18145	0.06042	0.04046	0.01568	0.00851	0.00272	0.00536	0.40477	0.00656	0.00707
7	0.01542	0.01869	0.15946	0.03019	0.43644	0.01436	0.01867	0.01992	0.01477	0.02178	0.01236	0.01556	0.01007	0.00584	0.00623	0.00180	0.00770	0.00535	0.00337	0.18203
8	0.16270	0.00742	0.00797	0.00869	0.01021	0.00734	0.00618	0.01140	0.01310	0.01984	0.03835	0.46563	0.18301	0.01731	0.00758	0.00250	0.00404	0.01504	0.00583	0.00585
9	0.01210	0.00818	0.00945	0.00881	0.01017	0.00923	0.00693	0.01459	0.01349	0.02178	0.02793	0.03040	0.15053	0.01043	0.00905	0.00199	0.16483	0.00769	0.47606	0.00637
10	0.01306	0.01200	0.00984	0.00947	0.01022	0.16426	0.00599	0.01344	0.01176	0.01375	0.01882	0.03704	0.02099	0.60071	0.02809	0.00547	0.00771	0.00858	0.00393	0.00487
11	0.02291	0.02223	0.17326	0.01623	0.02259	0.01968	0.01535	0.55344	0.02780	0.03775	0.01523	0.01569	0.01078	0.00769	0.00664	0.00204	0.00793	0.00581	0.00587	0.01109
12	0.02504	0.16140	0.02204	0.01392	0.01932	0.01955	0.01188	0.42510	0.02544	0.18500	0.01704	0.01653	0.01199	0.00766	0.00626	0.00192	0.00698	0.00572	0.00632	0.01087
13	0.01999	0.01497	0.01847	0.01886	0.15312	0.01593	0.01265	0.36887	0.04484	0.06400	0.02077	0.17734	0.01890	0.01050	0.00710	0.00217	0.00660	0.00892	0.00603	0.00995
14	0.01238	0.01131	0.01869	0.46634	0.15527	0.01304	0.01629	0.01606	0.01362	0.01797	0.01746	0.17783	0.01689	0.00967	0.00710	0.00230	0.00769	0.00880	0.00374	0.00757
15	0.01659	0.01463	0.01796	0.01424	0.01830	0.06346	0.11459	0.14139	0.13630	0.02428	0.01764	0.02342	0.01522	0.17042	0.01242	0.00284	0.00722	0.00688	0.02048	0.16171
16	0.01031	0.00842	0.00940	0.00950	0.01179	0.00825	0.00750	0.01566	0.14905	0.02072	0.07426	0.09109	0.38315	0.01588	0.00804	0.00246	0.00438	0.15703	0.00637	0.00674
17	0.07761	0.01525	0.01487	0.20738	0.02338	0.16213	0.01137	0.01909	0.06752	0.01979	0.02466	0.02613	0.16319	0.00884	0.00637	0.00193	0.00721	0.00702	0.00432	0.13192
18	0.11684	0.01406	0.04790	0.01304	0.01699	0.04209	0.06386	0.05291	0.23741	0.08096	0.18090	0.02859	0.05715	0.00955	0.00681	0.00216	0.00580	0.00806	0.00611	0.00883
19	0.06224	0.01741	0.01885	0.05241	0.17313	0.13737	0.01329	0.09308	0.16765	0.11381	0.01725	0.01796	0.01295	0.00728	0.00635	0.00196	0.00743	0.00588	0.00514	0.06855
20	0.08858	0.01560	0.01519	0.18889	0.05906	0.20012	0.01161	0.01775	0.01376	0.01758	0.01387	0.04909	0.01287	0.09894	0.04536	0.08648	0.00874	0.00628	0.02151	0.02872
21	0.13223	0.01670	0.04779	0.01312	0.01716	0.14185	0.04332	0.02380	0.20571	0.02472	0.15156	0.02337	0.02241	0.00841	0.00632	0.00196	0.00655	0.00678	0.00526	0.10096
22	0.09658	0.04797	0.01757	0.05213	0.16930	0.10360	0.03055	0.03532	0.03903	0.02126	0.01840	0.17872	0.01827	0.00978	0.00650	0.00203	0.00681	0.02323	0.02234	0.10061

[dist]
# distance from previous block
# <min> <max>
4	50

# created by:
# /home/cegg/simao/soft/augustus-3.2.1/scripts/msa2prfl.pl ./align_prep/EOG090W0A8S.fa
