[name]
unknown

[dist]
# distance from previous block
# <min> <max>
0	24

[block]
# block no. 0 follows, 34 sequences, length 17
# corresponding to MSA columns:
# 24-40
name=unknown_A
#
# <colnr> <probs for GDERKNQSTAVLIFYWHMCP>
#	G	D	E	R	K	N	Q	S	T	A	V	L	I	F	Y	W	H	M	C	P
0	0.05728	0.15526	0.21512	0.01276	0.01781	0.03503	0.03417	0.01837	0.03503	0.06535	0.14231	0.02660	0.06919	0.03287	0.02791	0.00232	0.00697	0.03329	0.00445	0.00791
1	0.10053	0.10791	0.23003	0.03697	0.06436	0.01418	0.01398	0.03924	0.06095	0.03867	0.04802	0.07521	0.01464	0.00755	0.00579	0.00185	0.00670	0.00607	0.00401	0.12333
2	0.00863	0.00608	0.00729	0.00780	0.00829	0.00579	0.00496	0.00946	0.01176	0.01557	0.08663	0.31388	0.10830	0.35430	0.01910	0.00415	0.00476	0.01335	0.00516	0.00474
3	0.01760	0.01724	0.11859	0.03603	0.01896	0.05078	0.01230	0.23573	0.20748	0.04478	0.05872	0.07910	0.01834	0.00898	0.00653	0.00205	0.00648	0.00732	0.04365	0.00934
4	0.01596	0.15884	0.26062	0.03894	0.15714	0.04491	0.01684	0.06237	0.04601	0.03632	0.01233	0.01424	0.00960	0.00609	0.00572	0.00177	0.00783	0.00483	0.00348	0.09616
5	0.01407	0.10522	0.59169	0.01758	0.02623	0.01635	0.04034	0.05115	0.04081	0.02108	0.01210	0.01389	0.00879	0.00623	0.00601	0.00198	0.00905	0.00486	0.00305	0.00949
6	0.01665	0.34108	0.24056	0.01599	0.07640	0.08301	0.01544	0.02049	0.01399	0.05695	0.01150	0.01343	0.00931	0.00852	0.04937	0.00222	0.00872	0.00447	0.00317	0.00875
7	0.05378	0.00728	0.00889	0.00914	0.00978	0.00784	0.00630	0.01117	0.03098	0.01598	0.02588	0.31470	0.04966	0.27008	0.08460	0.00449	0.06742	0.01205	0.00473	0.00525
8	0.01346	0.05985	0.14977	0.03403	0.05065	0.01182	0.04772	0.04504	0.09044	0.06649	0.14624	0.09369	0.07008	0.08120	0.00924	0.00247	0.00617	0.00874	0.00505	0.00785
9	0.00807	0.00631	0.00739	0.00790	0.00933	0.00552	0.00560	0.00961	0.01385	0.01774	0.09646	0.38397	0.34021	0.01749	0.00781	0.00233	0.00353	0.01531	0.00600	0.03558
10	0.01522	0.01119	0.01338	0.00975	0.01520	0.00861	0.00782	0.01805	0.01429	0.11394	0.04722	0.01616	0.01283	0.00560	0.00514	0.00114	0.00480	0.00454	0.00452	0.67060
11	0.01474	0.03923	0.23304	0.01320	0.01999	0.01156	0.04005	0.01944	0.03202	0.07728	0.01299	0.01450	0.00989	0.00559	0.00546	0.00146	0.00657	0.00455	0.00385	0.43459
12	0.01043	0.00684	0.00764	0.00743	0.00932	0.00643	0.00568	0.01364	0.04432	0.03980	0.21929	0.04436	0.24968	0.01228	0.00662	0.00196	0.00339	0.04188	0.26284	0.00616
13	0.01558	0.01537	0.02751	0.09431	0.57132	0.01542	0.12530	0.01970	0.01465	0.02068	0.01224	0.01631	0.01004	0.00576	0.00659	0.00198	0.00824	0.00604	0.00318	0.00976
14	0.00923	0.00692	0.01038	0.01038	0.01154	0.00808	0.00808	0.01154	0.01038	0.01500	0.01731	0.02538	0.01615	0.04846	0.74732	0.01038	0.01731	0.00692	0.00346	0.00577
15	0.01296	0.03342	0.73944	0.01842	0.02797	0.01501	0.02387	0.02046	0.01364	0.02046	0.01160	0.01364	0.00818	0.00614	0.00614	0.00205	0.00955	0.00477	0.00273	0.00955
16	0.00941	0.00687	0.01011	0.01011	0.01129	0.00795	0.00785	0.01176	0.01058	0.01557	0.01754	0.02530	0.01618	0.04589	0.70066	0.00983	0.01641	0.00687	0.05405	0.00578

[dist]
# distance from previous block
# <min> <max>
0	7

[block]
# block no. 1 follows, 34 sequences, length 39
# corresponding to MSA columns:
# 48-86
name=unknown_B
#
# <colnr> <probs for GDERKNQSTAVLIFYWHMCP>
#	G	D	E	R	K	N	Q	S	T	A	V	L	I	F	Y	W	H	M	C	P
0	0.00787	0.00562	0.00750	0.00900	0.00937	0.00525	0.00600	0.00900	0.01237	0.01649	0.03561	0.76871	0.04274	0.02024	0.00825	0.00262	0.00375	0.01837	0.00600	0.00525
1	0.01727	0.77681	0.03386	0.01106	0.01658	0.02557	0.01106	0.01935	0.01313	0.01520	0.00898	0.01036	0.00829	0.00553	0.00415	0.00138	0.00691	0.00345	0.00276	0.00829
2	0.01414	0.01414	0.01979	0.01696	0.01696	0.01979	0.01414	0.01555	0.00990	0.01555	0.00848	0.01414	0.00848	0.01131	0.02120	0.00283	0.76110	0.00565	0.00283	0.00707
3	0.01607	0.01388	0.01461	0.01315	0.01680	0.01607	0.01023	0.03433	0.72094	0.02703	0.02630	0.02411	0.01972	0.00877	0.00657	0.00219	0.00511	0.00731	0.00657	0.01023
4	0.02899	0.01100	0.01499	0.01150	0.01649	0.00950	0.00950	0.03149	0.01849	0.73709	0.02549	0.02199	0.01599	0.00800	0.00650	0.00200	0.00550	0.00650	0.00800	0.01100
5	0.01727	0.77681	0.03386	0.01106	0.01658	0.02557	0.01106	0.01935	0.01313	0.01520	0.00898	0.01036	0.00829	0.00553	0.00415	0.00138	0.00691	0.00345	0.00276	0.00829
6	0.00909	0.00660	0.00857	0.00808	0.00962	0.00608	0.00606	0.01210	0.01817	0.02563	0.70708	0.04873	0.08327	0.01331	0.00762	0.00204	0.00306	0.01175	0.00708	0.00608
7	0.01525	0.01743	0.03813	0.02723	0.03377	0.01634	0.70915	0.02070	0.01525	0.02070	0.01307	0.01743	0.00980	0.00545	0.00763	0.00218	0.01089	0.00763	0.00327	0.00871
8	0.00785	0.00572	0.00740	0.00875	0.00931	0.00527	0.00589	0.00902	0.01261	0.01659	0.03862	0.69742	0.11208	0.01985	0.00819	0.00258	0.00370	0.01789	0.00600	0.00527
9	0.01414	0.01414	0.01979	0.01696	0.01696	0.01979	0.01414	0.01555	0.00990	0.01555	0.00848	0.01414	0.00848	0.01131	0.02120	0.00283	0.76110	0.00565	0.00283	0.00707
10	0.07307	0.01203	0.01527	0.01178	0.01674	0.01119	0.00973	0.12197	0.01966	0.60359	0.02322	0.02047	0.01481	0.00785	0.00635	0.00199	0.00569	0.00624	0.00757	0.01077
11	0.01122	0.00561	0.00842	0.00842	0.00842	0.00561	0.00561	0.00842	0.00842	0.01122	0.01122	0.01964	0.01122	0.02245	0.02525	0.81201	0.00561	0.00561	0.00281	0.00281
12	0.81856	0.01250	0.00950	0.00850	0.01250	0.01449	0.00700	0.01899	0.01100	0.02899	0.00900	0.01050	0.00700	0.00600	0.00400	0.00200	0.00500	0.00350	0.00400	0.00700
13	0.06847	0.28454	0.23219	0.01539	0.04932	0.10521	0.01521	0.12144	0.01633	0.02163	0.01094	0.01245	0.00865	0.00620	0.00534	0.00175	0.00817	0.00436	0.00346	0.00895
14	0.01987	0.01755	0.01663	0.01418	0.01826	0.11837	0.01119	0.24722	0.40537	0.02981	0.02063	0.01967	0.01538	0.00816	0.00644	0.00204	0.00665	0.00640	0.00609	0.01009
15	0.00831	0.00594	0.00799	0.00941	0.01000	0.00562	0.00668	0.00979	0.01297	0.01728	0.06051	0.63488	0.04254	0.01962	0.00833	0.00266	0.00406	0.12198	0.00603	0.00539
16	0.01469	0.04033	0.17080	0.02783	0.27561	0.01531	0.24594	0.02004	0.03721	0.02059	0.01413	0.06172	0.01191	0.00670	0.00680	0.00207	0.00877	0.00693	0.00339	0.00924
17	0.01296	0.03342	0.73944	0.01842	0.02797	0.01501	0.02387	0.02046	0.01364	0.02046	0.01160	0.01364	0.00818	0.00614	0.00614	0.00205	0.00955	0.00477	0.00273	0.00955
18	0.02833	0.01139	0.01516	0.01169	0.01665	0.01016	0.00964	0.05892	0.04493	0.68285	0.02512	0.02181	0.01593	0.00802	0.00650	0.00200	0.00555	0.00650	0.00788	0.01097
19	0.00939	0.00629	0.00717	0.00717	0.00722	0.00633	0.00407	0.00948	0.00943	0.01262	0.02024	0.04165	0.02322	0.74573	0.05970	0.00642	0.00668	0.00930	0.00390	0.00398
20	0.01296	0.03342	0.73944	0.01842	0.02797	0.01501	0.02387	0.02046	0.01364	0.02046	0.01160	0.01364	0.00818	0.00614	0.00614	0.00205	0.00955	0.00477	0.00273	0.00955
21	0.01525	0.01743	0.03813	0.02723	0.03377	0.01634	0.70915	0.02070	0.01525	0.02070	0.01307	0.01743	0.00980	0.00545	0.00763	0.00218	0.01089	0.00763	0.00327	0.00871
22	0.01236	0.00657	0.00678	0.00655	0.00821	0.00662	0.00496	0.04427	0.01460	0.02492	0.07214	0.02548	0.01954	0.00795	0.00482	0.00156	0.00319	0.00642	0.71681	0.00624
23	0.53390	0.01196	0.01148	0.00958	0.01394	0.01269	0.00790	0.02350	0.01370	0.28428	0.01494	0.01464	0.01024	0.00672	0.00490	0.00200	0.00518	0.00458	0.00544	0.00844
24	0.01025	0.00726	0.00939	0.00992	0.01162	0.00694	0.00808	0.01330	0.03733	0.04548	0.19319	0.12600	0.15860	0.01616	0.00820	0.00254	0.00461	0.31867	0.00631	0.00614
25	0.02858	0.01165	0.01540	0.01181	0.01682	0.01047	0.00975	0.09429	0.01959	0.67274	0.02457	0.02139	0.01553	0.00797	0.00649	0.00199	0.00565	0.00643	0.00786	0.01100
26	0.01041	0.00744	0.01041	0.01190	0.01339	0.00744	0.01041	0.01339	0.01487	0.01934	0.03421	0.07288	0.03719	0.01785	0.00892	0.00297	0.00595	0.68913	0.00595	0.00595
27	0.00941	0.00642	0.00772	0.00778	0.00803	0.00660	0.00485	0.00990	0.00978	0.01320	0.02042	0.04078	0.02285	0.62521	0.14761	0.00680	0.00804	0.03637	0.00392	0.00430
28	0.67847	0.04520	0.01137	0.00916	0.01331	0.03665	0.00760	0.02051	0.01209	0.10167	0.01074	0.01172	0.00803	0.00621	0.00432	0.00196	0.00533	0.00383	0.00434	0.00748
29	0.00923	0.00692	0.01038	0.01038	0.01154	0.00808	0.00808	0.01154	0.01038	0.01500	0.01731	0.02538	0.01615	0.04846	0.74732	0.01038	0.01731	0.00692	0.00346	0.00577
30	0.01020	0.00737	0.01012	0.01150	0.01304	0.00729	0.01000	0.01308	0.01486	0.01920	0.03656	0.07208	0.08920	0.01774	0.00883	0.00292	0.00575	0.63841	0.00595	0.00591
31	0.01607	0.01388	0.01461	0.01315	0.01680	0.01607	0.01023	0.03433	0.72094	0.02703	0.02630	0.02411	0.01972	0.00877	0.00657	0.00219	0.00511	0.00731	0.00657	0.01023
32	0.01382	0.18112	0.59925	0.01695	0.02570	0.01710	0.02133	0.02024	0.01354	0.01942	0.01108	0.01299	0.00821	0.00602	0.00574	0.00191	0.00902	0.00451	0.00274	0.00930
33	0.00788	0.00592	0.00733	0.00844	0.00932	0.00537	0.00584	0.00920	0.01306	0.01683	0.04343	0.56246	0.22348	0.01915	0.00811	0.00252	0.00369	0.03666	0.00600	0.00532
34	0.01603	0.32132	0.34206	0.01480	0.02195	0.06639	0.01670	0.05821	0.01465	0.01926	0.01068	0.01233	0.00846	0.00596	0.00529	0.00170	0.00829	0.00423	0.00304	0.04867
35	0.01279	0.01043	0.01400	0.13345	0.05428	0.01202	0.01086	0.06537	0.18338	0.02056	0.01884	0.04485	0.01596	0.02488	0.31269	0.00553	0.01086	0.00700	0.03461	0.00764
36	0.00914	0.00660	0.00864	0.00813	0.00965	0.00610	0.00610	0.01219	0.01829	0.02591	0.72921	0.04827	0.06097	0.01321	0.00762	0.00203	0.00305	0.01169	0.00711	0.00610
37	0.01571	0.07358	0.41958	0.01884	0.02665	0.01647	0.15453	0.10988	0.04234	0.04229	0.01314	0.01503	0.00950	0.00632	0.00637	0.00202	0.00906	0.00552	0.00360	0.00956
38	0.00895	0.00750	0.00798	0.00799	0.00990	0.03268	0.00612	0.01109	0.01576	0.01987	0.24113	0.08417	0.42245	0.01545	0.00772	0.00222	0.00381	0.08325	0.00620	0.00575

[dist]
# distance from previous block
# <min> <max>
0	8

[block]
# block no. 2 follows, 34 sequences, length 10
# corresponding to MSA columns:
# 95-104
name=unknown_C
#
# <colnr> <probs for GDERKNQSTAVLIFYWHMCP>
#	G	D	E	R	K	N	Q	S	T	A	V	L	I	F	Y	W	H	M	C	P
0	0.01606	0.01788	0.11817	0.05053	0.31458	0.03502	0.07601	0.08015	0.13312	0.02301	0.01524	0.03786	0.01230	0.00709	0.00705	0.00206	0.03383	0.00635	0.00404	0.00966
1	0.01545	0.10569	0.14438	0.02396	0.17220	0.01698	0.24059	0.05137	0.05895	0.02094	0.01304	0.01618	0.01030	0.00784	0.03490	0.00234	0.04624	0.00608	0.00344	0.00912
2	0.01324	0.00881	0.01018	0.01024	0.04737	0.00894	0.00740	0.08521	0.08446	0.04925	0.11031	0.06879	0.11963	0.01060	0.00626	0.00194	0.00417	0.04462	0.30137	0.00720
3	0.01360	0.01158	0.01681	0.01515	0.04220	0.01435	0.04466	0.04953	0.01212	0.05073	0.03567	0.02088	0.01387	0.06971	0.22727	0.00504	0.33955	0.00659	0.00367	0.00704
4	0.01432	0.10720	0.24914	0.01939	0.06555	0.01683	0.16385	0.02036	0.08143	0.01960	0.01428	0.01702	0.03018	0.00854	0.03205	0.00239	0.11978	0.00598	0.00337	0.00874
5	0.00795	0.00649	0.00684	0.00685	0.00870	0.00558	0.00499	0.00958	0.01454	0.01787	0.12911	0.08636	0.57300	0.08166	0.00984	0.00254	0.00353	0.01325	0.00593	0.00538
6	0.01283	0.02979	0.61821	0.01828	0.02689	0.01436	0.08001	0.01978	0.01417	0.02095	0.07284	0.01691	0.01282	0.00668	0.00639	0.00206	0.00911	0.00560	0.00315	0.00918
7	0.02421	0.01088	0.01387	0.01116	0.01551	0.01012	0.00904	0.02937	0.13700	0.52276	0.05250	0.02571	0.06017	0.00878	0.00654	0.00203	0.00512	0.00722	0.03781	0.01018
8	0.01576	0.16487	0.31519	0.01930	0.09220	0.06875	0.08935	0.04615	0.07162	0.02038	0.01245	0.01444	0.00962	0.00635	0.00635	0.00193	0.02764	0.00514	0.00332	0.00920
9	0.59410	0.01216	0.01077	0.00901	0.01342	0.01294	0.00739	0.01993	0.01224	0.10671	0.01126	0.01227	0.00844	0.00602	0.00441	0.00182	0.00502	0.00389	0.00442	0.14379

[dist]
# distance from previous block
# <min> <max>
1	2

[block]
# block no. 3 follows, 34 sequences, length 35
# corresponding to MSA columns:
# 107-141
name=unknown_D
#
# <colnr> <probs for GDERKNQSTAVLIFYWHMCP>
#	G	D	E	R	K	N	Q	S	T	A	V	L	I	F	Y	W	H	M	C	P
0	0.01727	0.77681	0.03386	0.01106	0.01658	0.02557	0.01106	0.01935	0.01313	0.01520	0.00898	0.01036	0.00829	0.00553	0.00415	0.00138	0.00691	0.00345	0.00276	0.00829
1	0.00910	0.00694	0.01005	0.01062	0.01187	0.00658	0.04555	0.01119	0.01386	0.01830	0.08472	0.41752	0.09104	0.01794	0.00833	0.00263	0.00471	0.21740	0.00591	0.00572
2	0.01231	0.06053	0.35659	0.01704	0.02329	0.01311	0.14603	0.01746	0.01387	0.01936	0.02009	0.14415	0.05003	0.00976	0.00697	0.00222	0.00812	0.06717	0.00379	0.00813
3	0.24340	0.01817	0.01653	0.01334	0.01795	0.11122	0.01085	0.43288	0.02350	0.03431	0.01301	0.01364	0.00955	0.00713	0.00570	0.00192	0.00711	0.00497	0.00538	0.00944
4	0.00787	0.00562	0.00750	0.00900	0.00937	0.00525	0.00600	0.00900	0.01237	0.01649	0.03561	0.76871	0.04274	0.02024	0.00825	0.00262	0.00375	0.01837	0.00600	0.00525
5	0.00787	0.00562	0.00750	0.00900	0.00937	0.00525	0.00600	0.00900	0.01237	0.01649	0.03561	0.76871	0.04274	0.02024	0.00825	0.00262	0.00375	0.01837	0.00600	0.00525
6	0.00933	0.00651	0.00828	0.00828	0.00871	0.00694	0.00546	0.01019	0.00976	0.01344	0.01923	0.03602	0.02077	0.50457	0.29752	0.00779	0.01035	0.00848	0.00375	0.00460
7	0.01413	0.01424	0.02158	0.08237	0.04398	0.01888	0.07575	0.01622	0.01078	0.01626	0.00926	0.01475	0.00867	0.01020	0.01826	0.00268	0.60595	0.00584	0.00288	0.00732
8	0.00939	0.00629	0.00719	0.00719	0.00723	0.00634	0.00409	0.00948	0.00944	0.01263	0.02023	0.04158	0.02319	0.74292	0.06248	0.00643	0.00672	0.00929	0.00390	0.00399
9	0.00787	0.00562	0.00750	0.00900	0.00937	0.00525	0.00600	0.00900	0.01237	0.01649	0.03561	0.76871	0.04274	0.02024	0.00825	0.00262	0.00375	0.01837	0.00600	0.00525
10	0.01757	0.74499	0.03320	0.01129	0.01673	0.05634	0.01112	0.01962	0.01335	0.01523	0.00903	0.01042	0.00829	0.00558	0.00422	0.00139	0.00711	0.00349	0.00279	0.00826
11	0.01296	0.03342	0.73944	0.01842	0.02797	0.01501	0.02387	0.02046	0.01364	0.02046	0.01160	0.01364	0.00818	0.00614	0.00614	0.00205	0.00955	0.00477	0.00273	0.00955
12	0.00823	0.00571	0.00738	0.00864	0.00902	0.00540	0.00569	0.00931	0.01208	0.01637	0.03320	0.65159	0.03935	0.10670	0.01093	0.00300	0.00401	0.01678	0.04148	0.00513
13	0.00787	0.00562	0.00750	0.00900	0.00937	0.00525	0.00600	0.00900	0.01237	0.01649	0.03561	0.76871	0.04274	0.02024	0.00825	0.00262	0.00375	0.01837	0.00600	0.00525
14	0.00937	0.00635	0.00748	0.00748	0.00763	0.00650	0.00446	0.00968	0.00953	0.01285	0.01996	0.04008	0.02253	0.67832	0.12618	0.00680	0.00771	0.00907	0.00386	0.00416
15	0.00855	0.00621	0.00821	0.00956	0.01042	0.00587	0.00711	0.01024	0.01329	0.01737	0.03812	0.50745	0.10795	0.01920	0.00838	0.00268	0.00431	0.20360	0.00598	0.00546
16	0.00940	0.00626	0.00705	0.00705	0.00705	0.00626	0.00392	0.00940	0.00940	0.01253	0.02036	0.04228	0.02349	0.77292	0.03289	0.00626	0.00626	0.00940	0.00392	0.00392
17	0.02113	0.01479	0.01573	0.01244	0.01661	0.01620	0.01016	0.52049	0.02577	0.03617	0.01704	0.01786	0.01251	0.00769	0.00593	0.00182	0.00599	0.00587	0.22615	0.00963
18	0.02489	0.00988	0.01311	0.01041	0.01458	0.00875	0.00849	0.02749	0.01739	0.57110	0.04454	0.02321	0.01738	0.00922	0.02730	0.00215	0.00533	0.00657	0.14839	0.00983
19	0.01335	0.10015	0.67611	0.01776	0.02694	0.01595	0.02272	0.02036	0.01360	0.01999	0.01136	0.01335	0.00819	0.00608	0.00596	0.00199	0.00931	0.00466	0.00273	0.00944
20	0.01346	0.01170	0.01392	0.01017	0.01545	0.00952	0.00818	0.01621	0.01311	0.02061	0.01124	0.01346	0.00948	0.00531	0.00612	0.00111	0.06620	0.00398	0.00375	0.74702
21	0.00935	0.00644	0.00793	0.00793	0.00823	0.00674	0.00501	0.00996	0.00966	0.01318	0.01955	0.03783	0.02156	0.58212	0.22105	0.00735	0.00917	0.00874	0.00380	0.00440
22	0.00814	0.00582	0.00733	0.00842	0.00888	0.00546	0.00551	0.00910	0.01200	0.01582	0.03517	0.57186	0.09590	0.16334	0.01289	0.00328	0.00419	0.01627	0.00560	0.00501
23	0.00820	0.00657	0.00733	0.00714	0.00907	0.00569	0.00535	0.01037	0.01606	0.02062	0.31388	0.05697	0.47960	0.01518	0.00763	0.00213	0.00319	0.01291	0.00642	0.00569
24	0.01967	0.00887	0.01086	0.00886	0.01242	0.00787	0.00709	0.02243	0.01571	0.33750	0.02186	0.02187	0.01546	0.00740	0.00542	0.00166	0.00432	0.00597	0.35881	0.10596
25	0.01570	0.01414	0.02231	0.33763	0.33542	0.01564	0.01789	0.12312	0.01633	0.02215	0.01238	0.01644	0.00967	0.00636	0.00643	0.00202	0.00798	0.00576	0.00356	0.00906
26	0.01428	0.01337	0.02226	0.11998	0.52500	0.01360	0.01717	0.01797	0.01495	0.02100	0.10558	0.02238	0.04980	0.00728	0.00662	0.00197	0.00700	0.00687	0.00379	0.00912
27	0.00858	0.00623	0.00809	0.00837	0.00949	0.00574	0.00599	0.01082	0.01585	0.02187	0.42937	0.32162	0.09178	0.01605	0.00786	0.00226	0.00333	0.01432	0.00663	0.00574
28	0.01368	0.01633	0.15066	0.02576	0.37086	0.01297	0.01628	0.01893	0.06707	0.02182	0.11264	0.02479	0.08203	0.00803	0.00658	0.00199	0.00669	0.00719	0.02668	0.00902
29	0.00769	0.00655	0.00662	0.00660	0.00876	0.00548	0.00495	0.00938	0.01486	0.01776	0.08946	0.06168	0.70580	0.01625	0.00764	0.00218	0.00326	0.01357	0.00604	0.00548
30	0.01514	0.01571	0.06414	0.01325	0.01683	0.09805	0.02697	0.02713	0.43611	0.02315	0.02717	0.11424	0.07374	0.01022	0.00676	0.00217	0.00601	0.00858	0.00574	0.00887
31	0.01409	0.02944	0.56600	0.04221	0.13661	0.03484	0.02239	0.04339	0.01447	0.02100	0.01177	0.01411	0.00861	0.00616	0.00619	0.00202	0.00921	0.00497	0.00295	0.00958
32	0.00938	0.00632	0.00734	0.00734	0.00744	0.00642	0.00428	0.00958	0.00948	0.01275	0.02009	0.04080	0.02285	0.70934	0.09559	0.00663	0.00723	0.00918	0.00388	0.00408
33	0.01728	0.56361	0.04987	0.03331	0.05732	0.09712	0.01201	0.02011	0.03378	0.01655	0.03972	0.01304	0.01091	0.00611	0.00477	0.00153	0.00735	0.00420	0.00313	0.00829
34	0.03755	0.01117	0.01576	0.20114	0.08653	0.01238	0.03281	0.02034	0.18056	0.05982	0.05618	0.12964	0.03822	0.01043	0.00732	0.00227	0.02433	0.06055	0.00504	0.00796

[dist]
# distance from previous block
# <min> <max>
0	2

[block]
# block no. 4 follows, 34 sequences, length 39
# corresponding to MSA columns:
# 144-182
name=unknown_E
#
# <colnr> <probs for GDERKNQSTAVLIFYWHMCP>
#	G	D	E	R	K	N	Q	S	T	A	V	L	I	F	Y	W	H	M	C	P
0	0.01349	0.08395	0.57092	0.01836	0.02689	0.01568	0.09483	0.02058	0.03500	0.02046	0.03315	0.01514	0.01026	0.00631	0.00621	0.00202	0.00918	0.00526	0.00303	0.00929
1	0.04348	0.06425	0.13667	0.01627	0.02102	0.44551	0.03775	0.04594	0.05129	0.06164	0.01217	0.01342	0.00941	0.00667	0.00590	0.00179	0.01005	0.00467	0.00375	0.00834
2	0.00935	0.00620	0.00725	0.00744	0.00752	0.00616	0.00438	0.00942	0.00981	0.01307	0.02191	0.11733	0.02531	0.64128	0.02935	0.04148	0.00597	0.02859	0.00414	0.00406
3	0.01430	0.01670	0.12877	0.27145	0.37802	0.01500	0.01948	0.01933	0.03821	0.01971	0.01234	0.01633	0.00973	0.00615	0.00639	0.00202	0.00817	0.00566	0.00314	0.00913
4	0.00777	0.00654	0.00676	0.00689	0.00896	0.00553	0.00520	0.00944	0.01463	0.01750	0.06275	0.09397	0.66886	0.01660	0.00772	0.00224	0.00341	0.04376	0.00600	0.00547
5	0.01471	0.01558	0.09799	0.08044	0.40137	0.01396	0.01678	0.05761	0.05871	0.02298	0.13569	0.02181	0.01919	0.00742	0.00660	0.00199	0.00697	0.00676	0.00418	0.00928
6	0.02171	0.00886	0.01114	0.00914	0.01264	0.00800	0.00736	0.02443	0.01637	0.43079	0.02360	0.02289	0.01624	0.00780	0.00565	0.00179	0.00443	0.00629	0.35201	0.00886
7	0.01466	0.01361	0.01926	0.25946	0.19000	0.03983	0.03117	0.04075	0.19321	0.02128	0.03758	0.04357	0.01513	0.00792	0.00702	0.00214	0.02731	0.02313	0.00430	0.00868
8	0.12700	0.00896	0.00982	0.00842	0.01151	0.00882	0.00672	0.05115	0.01549	0.24070	0.02227	0.02273	0.04290	0.00782	0.00525	0.00177	0.00422	0.00611	0.39048	0.00786
9	0.01017	0.00692	0.00993	0.00991	0.01105	0.00762	0.00745	0.01209	0.01095	0.05420	0.02023	0.11404	0.02007	0.12380	0.54082	0.00856	0.01385	0.00851	0.00406	0.00579
10	0.81856	0.01250	0.00950	0.00850	0.01250	0.01449	0.00700	0.01899	0.01100	0.02899	0.00900	0.01050	0.00700	0.00600	0.00400	0.00200	0.00500	0.00350	0.00400	0.00700
11	0.01296	0.03342	0.73944	0.01842	0.02797	0.01501	0.02387	0.02046	0.01364	0.02046	0.01160	0.01364	0.00818	0.00614	0.00614	0.00205	0.00955	0.00477	0.00273	0.00955
12	0.01343	0.02664	0.49968	0.01667	0.02482	0.01391	0.05408	0.02083	0.07400	0.02115	0.01290	0.01468	0.00952	0.00606	0.00599	0.00185	0.00830	0.00495	0.00330	0.16724
13	0.00940	0.00626	0.00705	0.00705	0.00705	0.00626	0.00392	0.00940	0.00940	0.01253	0.02036	0.04228	0.02349	0.77292	0.03289	0.00626	0.00626	0.00940	0.00392	0.00392
14	0.01525	0.16550	0.14785	0.03862	0.02027	0.03877	0.06604	0.05791	0.21854	0.02263	0.09362	0.02280	0.01876	0.00811	0.00629	0.00200	0.00692	0.03660	0.00471	0.00884
15	0.00774	0.00615	0.00696	0.00760	0.00901	0.00537	0.00538	0.00915	0.01371	0.01704	0.05260	0.36663	0.43385	0.01804	0.00790	0.00237	0.00348	0.01568	0.00600	0.00537
16	0.63971	0.05057	0.01270	0.00986	0.01417	0.01472	0.03522	0.03906	0.01261	0.10560	0.01113	0.01215	0.00826	0.00622	0.00449	0.00197	0.00544	0.00405	0.00441	0.00767
17	0.01599	0.01535	0.02623	0.03966	0.73262	0.01535	0.01983	0.01983	0.01471	0.02111	0.01215	0.01599	0.01023	0.00576	0.00640	0.00192	0.00768	0.00576	0.00320	0.01023
18	0.01414	0.01414	0.01979	0.01696	0.01696	0.01979	0.01414	0.01555	0.00990	0.01555	0.00848	0.01414	0.00848	0.01131	0.02120	0.00283	0.76110	0.00565	0.00283	0.00707
19	0.01457	0.01230	0.01400	0.01046	0.01586	0.01049	0.00835	0.06802	0.11611	0.02330	0.01389	0.01508	0.01113	0.00557	0.00516	0.00120	0.00500	0.00447	0.00441	0.64063
20	0.01525	0.01743	0.03813	0.02723	0.03377	0.01634	0.70915	0.02070	0.01525	0.02070	0.01307	0.01743	0.00980	0.00545	0.00763	0.00218	0.01089	0.00763	0.00327	0.00871
21	0.71270	0.01510	0.06254	0.00970	0.01406	0.05871	0.00854	0.01951	0.01163	0.02758	0.00924	0.01079	0.00716	0.00605	0.00426	0.00198	0.00573	0.00363	0.00387	0.00721
22	0.02120	0.01274	0.01476	0.01249	0.01668	0.01346	0.00994	0.03321	0.44222	0.30878	0.02598	0.02327	0.01824	0.00846	0.00654	0.00212	0.00527	0.00698	0.00714	0.01053
23	0.01333	0.09682	0.67927	0.01779	0.02699	0.01591	0.02278	0.02037	0.01360	0.02001	0.01137	0.01336	0.00819	0.00609	0.00597	0.00199	0.00932	0.00466	0.00273	0.00944
24	0.00908	0.00660	0.00854	0.00806	0.00961	0.00607	0.00604	0.01206	0.01813	0.02554	0.69979	0.04888	0.09062	0.01335	0.00762	0.00204	0.00306	0.01177	0.00706	0.00607
25	0.01599	0.01535	0.02623	0.03966	0.73262	0.01535	0.01983	0.01983	0.01471	0.02111	0.01215	0.01599	0.01023	0.00576	0.00640	0.00192	0.00768	0.00576	0.00320	0.01023
26	0.02899	0.01100	0.01499	0.01150	0.01649	0.00950	0.00950	0.03149	0.01849	0.73709	0.02549	0.02199	0.01599	0.00800	0.00650	0.00200	0.00550	0.00650	0.00800	0.01100
27	0.00764	0.00655	0.00655	0.00655	0.00873	0.00545	0.00491	0.00927	0.01473	0.01745	0.06546	0.06218	0.73000	0.01636	0.00764	0.00218	0.00327	0.01364	0.00600	0.00545
28	0.01607	0.01388	0.01461	0.01315	0.01680	0.01607	0.01023	0.03433	0.72094	0.02703	0.02630	0.02411	0.01972	0.00877	0.00657	0.00219	0.00511	0.00731	0.00657	0.01023
29	0.00923	0.00692	0.01038	0.01038	0.01154	0.00808	0.00808	0.01154	0.01038	0.01500	0.01731	0.02538	0.01615	0.04846	0.74732	0.01038	0.01731	0.00692	0.00346	0.00577
30	0.02395	0.01751	0.01874	0.01444	0.01943	0.01935	0.01190	0.67712	0.02956	0.03991	0.01578	0.01593	0.01126	0.00775	0.00637	0.00192	0.00691	0.00583	0.04560	0.01075
31	0.02773	0.01612	0.01585	0.01283	0.01739	0.20029	0.01027	0.03002	0.01845	0.55049	0.02148	0.01932	0.01401	0.00765	0.00632	0.00191	0.00709	0.00589	0.00679	0.01009
32	0.01028	0.00735	0.01027	0.01175	0.01318	0.00733	0.01019	0.01317	0.01475	0.01919	0.03428	0.10797	0.03747	0.01797	0.00889	0.00296	0.00584	0.65530	0.00595	0.00591
33	0.01525	0.01743	0.03813	0.02723	0.03377	0.01634	0.70915	0.02070	0.01525	0.02070	0.01307	0.01743	0.00980	0.00545	0.00763	0.00218	0.01089	0.00763	0.00327	0.00871
34	0.00817	0.00657	0.00729	0.00711	0.00906	0.00568	0.00533	0.01031	0.01600	0.02047	0.30188	0.05723	0.49169	0.01524	0.00763	0.00213	0.00319	0.01294	0.00640	0.00568
35	0.01067	0.00976	0.01153	0.01087	0.01203	0.04993	0.00842	0.01244	0.01339	0.01778	0.14062	0.16349	0.21246	0.01760	0.07854	0.00312	0.20539	0.01092	0.00496	0.00608
36	0.01664	0.26912	0.20258	0.01834	0.02481	0.12464	0.21751	0.02094	0.01462	0.01816	0.01095	0.01340	0.00871	0.00581	0.00588	0.00181	0.00939	0.00509	0.00298	0.00860
37	0.01591	0.09501	0.17463	0.20118	0.15313	0.14825	0.06124	0.02014	0.01454	0.01829	0.01121	0.01448	0.00883	0.00610	0.00607	0.00189	0.00906	0.00510	0.00302	0.03192
38	0.01406	0.06005	0.08914	0.01056	0.01633	0.01016	0.00951	0.01735	0.01403	0.05711	0.06572	0.01628	0.01352	0.00576	0.00518	0.00123	0.00531	0.00462	0.00411	0.57996

[dist]
# distance from previous block
# <min> <max>
1	3

[block]
# block no. 5 follows, 34 sequences, length 10
# corresponding to MSA columns:
# 186-195
name=unknown_F
#
# <colnr> <probs for GDERKNQSTAVLIFYWHMCP>
#	G	D	E	R	K	N	Q	S	T	A	V	L	I	F	Y	W	H	M	C	P
0	0.01528	0.01523	0.02341	0.21645	0.35430	0.07269	0.07432	0.01897	0.01415	0.01918	0.01201	0.01631	0.00979	0.00650	0.00755	0.00203	0.06758	0.00579	0.03979	0.00867
1	0.01384	0.01159	0.01204	0.01025	0.01348	0.07954	0.00793	0.06513	0.04437	0.02066	0.01576	0.02027	0.01357	0.06424	0.18880	0.00387	0.00850	0.00560	0.13165	0.26892
2	0.01343	0.07709	0.63312	0.01877	0.02780	0.01577	0.08515	0.02042	0.01376	0.02016	0.01157	0.01379	0.00834	0.00604	0.00615	0.00202	0.00951	0.00495	0.00278	0.00940
3	0.00864	0.00643	0.00804	0.00796	0.00942	0.00583	0.00585	0.01109	0.01661	0.02269	0.48411	0.17036	0.18915	0.01499	0.00773	0.00216	0.00321	0.01318	0.00671	0.00583
4	0.00940	0.00626	0.00705	0.00705	0.00705	0.00626	0.00392	0.00940	0.00940	0.01253	0.02036	0.04228	0.02349	0.77292	0.03289	0.00626	0.00626	0.00940	0.00392	0.00392
5	0.00914	0.00660	0.00864	0.00813	0.00965	0.00610	0.00610	0.01219	0.01829	0.02591	0.72921	0.04827	0.06097	0.01321	0.00762	0.00203	0.00305	0.01169	0.00711	0.00610
6	0.00764	0.00655	0.00655	0.00655	0.00873	0.00545	0.00491	0.00927	0.01473	0.01745	0.06546	0.06218	0.73000	0.01636	0.00764	0.00218	0.00327	0.01364	0.00600	0.00545
7	0.00816	0.00657	0.00727	0.00709	0.00905	0.00568	0.00532	0.01028	0.01596	0.02038	0.29489	0.05737	0.49874	0.01527	0.00763	0.00213	0.00320	0.01296	0.00638	0.00568
8	0.01727	0.77681	0.03386	0.01106	0.01658	0.02557	0.01106	0.01935	0.01313	0.01520	0.00898	0.01036	0.00829	0.00553	0.00415	0.00138	0.00691	0.00345	0.00276	0.00829
9	0.00764	0.00655	0.00655	0.00655	0.00873	0.00545	0.00491	0.00927	0.01473	0.01745	0.06546	0.06218	0.73000	0.01636	0.00764	0.00218	0.00327	0.01364	0.00600	0.00545

[dist]
# distance from previous block
# <min> <max>
0	0

# created by:
# /home/cegg/simao/soft/augustus-3.2.1/scripts/msa2prfl.pl ./align_prep/EOG090W0IHB.fa
