[name]
unknown

[dist]
# distance from previous block
# <min> <max>
0	29

[block]
# block no. 0 follows, 31 sequences, length 54
# corresponding to MSA columns:
# 218-255,336-351
name=unknown_A
#
# <colnr> <probs for GDERKNQSTAVLIFYWHMCP>
#	G	D	E	R	K	N	Q	S	T	A	V	L	I	F	Y	W	H	M	C	P
0	0.01102	0.00787	0.01102	0.01260	0.01417	0.00787	0.01102	0.01417	0.01575	0.02047	0.03622	0.07717	0.03937	0.01890	0.00945	0.00315	0.00630	0.67084	0.00630	0.00630
1	0.02601	0.01916	0.02053	0.01574	0.02122	0.02122	0.01300	0.69408	0.03217	0.04312	0.01643	0.01643	0.01163	0.00821	0.00684	0.00205	0.00753	0.00616	0.00684	0.01163
2	0.01188	0.00594	0.00891	0.00891	0.00891	0.00594	0.00594	0.00891	0.00891	0.01188	0.01188	0.02080	0.01188	0.02377	0.02674	0.80095	0.00594	0.00594	0.00297	0.00297
3	0.01615	0.01845	0.04037	0.02884	0.03576	0.01730	0.69204	0.02191	0.01615	0.02191	0.01384	0.01845	0.01038	0.00577	0.00807	0.00231	0.01153	0.00807	0.00346	0.00923
4	0.01829	0.76368	0.03585	0.01171	0.01756	0.02707	0.01171	0.02049	0.01390	0.01610	0.00951	0.01097	0.00878	0.00585	0.00439	0.00146	0.00732	0.00366	0.00293	0.00878
5	0.00977	0.00733	0.01100	0.01100	0.01222	0.00855	0.00855	0.01222	0.01100	0.01588	0.01833	0.02688	0.01710	0.05131	0.73245	0.01100	0.01833	0.00733	0.00367	0.00611
6	0.00968	0.00699	0.00914	0.00861	0.01022	0.00646	0.00646	0.01291	0.01937	0.02743	0.71328	0.05110	0.06455	0.01399	0.00807	0.00215	0.00323	0.01237	0.00753	0.00646
7	0.01811	0.73444	0.06348	0.01202	0.01804	0.02662	0.01225	0.02053	0.01392	0.01632	0.00962	0.01111	0.00878	0.00588	0.00447	0.00149	0.00743	0.00371	0.00293	0.00883
8	0.01990	0.02188	0.02489	0.03361	0.47759	0.26247	0.01832	0.02317	0.01689	0.02042	0.01208	0.01535	0.01014	0.00642	0.00657	0.00194	0.00958	0.00551	0.00343	0.00984
9	0.01615	0.01845	0.04037	0.02884	0.03576	0.01730	0.69204	0.02191	0.01615	0.02191	0.01384	0.01845	0.01038	0.00577	0.00807	0.00231	0.01153	0.00807	0.00346	0.00923
10	0.00834	0.00595	0.00794	0.00953	0.00992	0.00556	0.00635	0.00953	0.01310	0.01746	0.03771	0.75510	0.04525	0.02143	0.00873	0.00278	0.00397	0.01945	0.00635	0.00556
11	0.00865	0.00630	0.00823	0.00966	0.01040	0.00588	0.00683	0.01015	0.01369	0.01795	0.04068	0.59928	0.11143	0.02070	0.00876	0.00278	0.00422	0.10239	0.00634	0.00567
12	0.03070	0.01164	0.01588	0.01217	0.01746	0.01006	0.01006	0.03334	0.01958	0.72163	0.02699	0.02329	0.01694	0.00847	0.00688	0.00212	0.00582	0.00688	0.00847	0.01164
13	0.02546	0.01889	0.02022	0.01563	0.02101	0.02096	0.01287	0.65371	0.07343	0.04223	0.01713	0.01698	0.01220	0.00828	0.00685	0.00207	0.00740	0.00626	0.00685	0.01159
14	0.01506	0.01552	0.02796	0.35422	0.15832	0.03697	0.22914	0.01973	0.01484	0.01966	0.01266	0.01780	0.00980	0.00655	0.00769	0.00225	0.03327	0.00665	0.00324	0.00868
15	0.01275	0.00638	0.00638	0.00638	0.00797	0.00638	0.00478	0.01594	0.01435	0.02551	0.02232	0.02551	0.01754	0.00797	0.00478	0.00159	0.00319	0.00638	0.79755	0.00638
16	0.00947	0.00698	0.00885	0.00838	0.01009	0.00636	0.00629	0.01249	0.01886	0.02622	0.62625	0.05310	0.15234	0.01444	0.00807	0.00217	0.00326	0.01265	0.00737	0.00636
17	0.01894	0.01565	0.01655	0.01431	0.01852	0.01791	0.01129	0.17694	0.56082	0.03172	0.02540	0.02358	0.01891	0.00905	0.00694	0.00226	0.00587	0.00740	0.00694	0.01100
18	0.01674	0.01616	0.02788	0.07072	0.66651	0.01625	0.04311	0.02088	0.01552	0.02213	0.01287	0.01704	0.01075	0.00612	0.00682	0.00205	0.00828	0.00616	0.00337	0.01065
19	0.03070	0.01164	0.01588	0.01217	0.01746	0.01006	0.01006	0.03334	0.01958	0.72163	0.02699	0.02329	0.01694	0.00847	0.00688	0.00212	0.00582	0.00688	0.00847	0.01164
20	0.02604	0.01028	0.01341	0.01067	0.01500	0.00910	0.00869	0.02883	0.01822	0.54099	0.02578	0.02386	0.01709	0.00834	0.00634	0.00198	0.00514	0.00675	0.21323	0.01028
21	0.00809	0.00693	0.00693	0.00693	0.00924	0.00578	0.00520	0.00982	0.01559	0.01848	0.06931	0.06584	0.71411	0.01733	0.00809	0.00231	0.00347	0.01444	0.00635	0.00578
22	0.02806	0.01163	0.01544	0.01202	0.01691	0.01040	0.00985	0.07526	0.02040	0.59953	0.10215	0.02590	0.02184	0.00906	0.00701	0.00212	0.00565	0.00744	0.00826	0.01107
23	0.80789	0.01323	0.01006	0.00900	0.01323	0.01535	0.00741	0.02011	0.01164	0.03070	0.00953	0.01111	0.00741	0.00635	0.00423	0.00212	0.00529	0.00370	0.00423	0.00741
24	0.01443	0.01424	0.01991	0.01728	0.01731	0.01972	0.01427	0.01591	0.01069	0.01655	0.01129	0.07454	0.01190	0.01274	0.02135	0.00298	0.68723	0.00707	0.00326	0.00733
25	0.01829	0.76368	0.03585	0.01171	0.01756	0.02707	0.01171	0.02049	0.01390	0.01610	0.00951	0.01097	0.00878	0.00585	0.00439	0.00146	0.00732	0.00366	0.00293	0.00878
26	0.80789	0.01323	0.01006	0.00900	0.01323	0.01535	0.00741	0.02011	0.01164	0.03070	0.00953	0.01111	0.00741	0.00635	0.00423	0.00212	0.00529	0.00370	0.00423	0.00741
27	0.14393	0.02967	0.01798	0.01632	0.01995	0.62365	0.01234	0.02623	0.01822	0.01885	0.01042	0.01215	0.00860	0.00694	0.00588	0.00182	0.01127	0.00430	0.00363	0.00785
28	0.00906	0.00685	0.00836	0.00824	0.00990	0.00615	0.00608	0.01161	0.01751	0.02364	0.44507	0.14159	0.24925	0.01586	0.00816	0.00227	0.00339	0.01383	0.00705	0.00615
29	0.01188	0.00594	0.00891	0.00891	0.00891	0.00594	0.00594	0.00891	0.00891	0.01188	0.01188	0.02080	0.01188	0.02377	0.02674	0.80095	0.00594	0.00594	0.00297	0.00297
30	0.03070	0.01164	0.01588	0.01217	0.01746	0.01006	0.01006	0.03334	0.01958	0.72163	0.02699	0.02329	0.01694	0.00847	0.00688	0.00212	0.00582	0.00688	0.00847	0.01164
31	0.01730	0.01658	0.02860	0.06397	0.56045	0.01668	0.10467	0.06611	0.01669	0.02351	0.01320	0.01714	0.01077	0.00622	0.00694	0.00208	0.00855	0.00635	0.00361	0.01057
32	0.02601	0.01916	0.02053	0.01574	0.02122	0.02122	0.01300	0.69408	0.03217	0.04312	0.01643	0.01643	0.01163	0.00821	0.00684	0.00205	0.00753	0.00616	0.00684	0.01163
33	0.01588	0.14777	0.48058	0.02026	0.09485	0.06200	0.02157	0.04339	0.01535	0.02124	0.01193	0.01408	0.00900	0.00645	0.00618	0.00201	0.00953	0.00493	0.00311	0.00989
34	0.80789	0.01323	0.01006	0.00900	0.01323	0.01535	0.00741	0.02011	0.01164	0.03070	0.00953	0.01111	0.00741	0.00635	0.00423	0.00212	0.00529	0.00370	0.00423	0.00741
35	0.00995	0.00663	0.00746	0.00746	0.00746	0.00663	0.00415	0.00995	0.00995	0.01327	0.02156	0.04477	0.02487	0.75957	0.03482	0.00663	0.00663	0.00995	0.00415	0.00415
36	0.01467	0.18670	0.58112	0.01788	0.02711	0.01821	0.02246	0.02142	0.01433	0.02051	0.01170	0.01372	0.00869	0.00637	0.00606	0.00202	0.00953	0.00477	0.00290	0.00983
37	0.00933	0.00687	0.00873	0.00850	0.01006	0.00627	0.00629	0.01213	0.01817	0.02517	0.55507	0.13408	0.14336	0.01526	0.00815	0.00224	0.00334	0.01345	0.00725	0.00627
38	0.05409	0.01777	0.01881	0.01501	0.02002	0.01990	0.01222	0.49718	0.20584	0.03887	0.01912	0.01858	0.01387	0.00842	0.00677	0.00213	0.00689	0.00647	0.00677	0.01126
39	0.01693	0.01626	0.02777	0.04199	0.71689	0.01626	0.02100	0.02100	0.01558	0.02235	0.01287	0.01693	0.01084	0.00610	0.00677	0.00203	0.00813	0.00610	0.00339	0.01084
40	0.01545	0.31107	0.46359	0.01655	0.02505	0.02012	0.02014	0.02122	0.01424	0.01956	0.01123	0.01313	0.00871	0.00626	0.00570	0.00190	0.00905	0.00453	0.00290	0.00961
41	0.01372	0.03539	0.72412	0.01950	0.02961	0.01589	0.02528	0.02167	0.01444	0.02167	0.01228	0.01444	0.00867	0.00650	0.00650	0.00217	0.01011	0.00506	0.00289	0.01011
42	0.00851	0.00623	0.00801	0.00908	0.00989	0.00572	0.00623	0.01008	0.01435	0.01911	0.14490	0.56739	0.12566	0.01982	0.00856	0.00263	0.00380	0.01778	0.00653	0.00572
43	0.02616	0.01319	0.01765	0.01513	0.06123	0.01268	0.03571	0.09741	0.12030	0.46267	0.02506	0.04541	0.01727	0.00873	0.00698	0.00216	0.00622	0.00732	0.00753	0.01119
44	0.01624	0.01539	0.02604	0.08650	0.62881	0.01559	0.01983	0.02008	0.01511	0.02147	0.01335	0.01873	0.01158	0.05239	0.00850	0.00233	0.00810	0.00633	0.00341	0.01021
45	0.00827	0.00622	0.00767	0.00882	0.00974	0.00562	0.00604	0.00961	0.01377	0.01774	0.04626	0.56860	0.22623	0.02032	0.00856	0.00265	0.00383	0.01809	0.00635	0.00562
46	0.00994	0.00708	0.00887	0.00842	0.01023	0.00640	0.00631	0.01280	0.01844	0.04566	0.54661	0.07665	0.18765	0.01472	0.00806	0.00220	0.00337	0.01285	0.00729	0.00645
47	0.02005	0.06385	0.05782	0.02273	0.02921	0.01734	0.41016	0.13171	0.01906	0.13451	0.01599	0.01828	0.01145	0.00661	0.00741	0.00218	0.00969	0.00720	0.00473	0.01000
48	0.70771	0.01482	0.01133	0.00998	0.01425	0.05973	0.00814	0.06552	0.01349	0.03067	0.01005	0.01154	0.00778	0.00652	0.00453	0.00209	0.00587	0.00391	0.00436	0.00772
49	0.00995	0.00663	0.00746	0.00746	0.00746	0.00663	0.00415	0.00995	0.00995	0.01327	0.02156	0.04477	0.02487	0.75957	0.03482	0.00663	0.00663	0.00995	0.00415	0.00415
50	0.01665	0.41910	0.33913	0.01516	0.02288	0.02161	0.01765	0.02140	0.01431	0.04015	0.01127	0.01288	0.00898	0.00622	0.00540	0.00179	0.00850	0.00437	0.00308	0.00946
51	0.01848	0.04662	0.10563	0.03127	0.37468	0.15416	0.10369	0.04487	0.01675	0.02163	0.01249	0.01575	0.01011	0.00635	0.00671	0.00201	0.00954	0.00583	0.00347	0.00995
52	0.01572	0.01935	0.11947	0.05397	0.03154	0.01649	0.43582	0.02360	0.11987	0.02274	0.01559	0.01875	0.01169	0.00639	0.00747	0.00221	0.00993	0.00732	0.00394	0.05813
53	0.01766	0.41647	0.27429	0.01493	0.02222	0.02244	0.01661	0.10493	0.01637	0.02141	0.01134	0.01287	0.00910	0.00637	0.00543	0.00178	0.00832	0.00446	0.00340	0.00960

[dist]
# distance from previous block
# <min> <max>
0	2

[block]
# block no. 1 follows, 31 sequences, length 21
# corresponding to MSA columns:
# 354-370,372-375
name=unknown_B
#
# <colnr> <probs for GDERKNQSTAVLIFYWHMCP>
#	G	D	E	R	K	N	Q	S	T	A	V	L	I	F	Y	W	H	M	C	P
0	0.03709	0.00777	0.00880	0.00935	0.01097	0.00762	0.00668	0.01387	0.11403	0.01985	0.04496	0.41305	0.24483	0.01790	0.00812	0.00255	0.00407	0.01568	0.00637	0.00645
1	0.00830	0.00610	0.00779	0.00915	0.00982	0.00559	0.00618	0.00957	0.01346	0.01761	0.04229	0.65520	0.14220	0.02084	0.00864	0.00271	0.00390	0.01872	0.00635	0.00559
2	0.01702	0.01470	0.01547	0.01392	0.01779	0.01702	0.01083	0.03635	0.70453	0.02862	0.02785	0.02553	0.02088	0.00928	0.00696	0.00232	0.00541	0.00773	0.00696	0.01083
3	0.06618	0.01886	0.01999	0.01539	0.02081	0.02091	0.01272	0.65945	0.03111	0.04248	0.01607	0.01615	0.01142	0.00812	0.00671	0.00206	0.00741	0.00603	0.00671	0.01142
4	0.26740	0.01793	0.01769	0.01738	0.11918	0.10842	0.01217	0.23362	0.04144	0.08222	0.01415	0.01511	0.01052	0.00723	0.00594	0.00205	0.00734	0.00527	0.00523	0.00971
5	0.80789	0.01323	0.01006	0.00900	0.01323	0.01535	0.00741	0.02011	0.01164	0.03070	0.00953	0.01111	0.00741	0.00635	0.00423	0.00212	0.00529	0.00370	0.00423	0.00741
6	0.00968	0.00699	0.00914	0.00861	0.01022	0.00646	0.00646	0.01291	0.01937	0.02743	0.71328	0.05110	0.06455	0.01399	0.00807	0.00215	0.00323	0.01237	0.00753	0.00646
7	0.01702	0.01470	0.01547	0.01392	0.01779	0.01702	0.01083	0.03635	0.70453	0.02862	0.02785	0.02553	0.02088	0.00928	0.00696	0.00232	0.00541	0.00773	0.00696	0.01083
8	0.00829	0.00612	0.00776	0.00907	0.00980	0.00560	0.00615	0.00958	0.01353	0.01764	0.04323	0.63461	0.16217	0.02072	0.00862	0.00270	0.00388	0.01857	0.00635	0.00560
9	0.03048	0.01199	0.01609	0.01234	0.01764	0.01057	0.01019	0.06379	0.02016	0.69036	0.02650	0.02297	0.01669	0.00846	0.00688	0.00211	0.00590	0.00685	0.00839	0.01164
10	0.80789	0.01323	0.01006	0.00900	0.01323	0.01535	0.00741	0.02011	0.01164	0.03070	0.00953	0.01111	0.00741	0.00635	0.00423	0.00212	0.00529	0.00370	0.00423	0.00741
11	0.01874	0.02061	0.02508	0.02298	0.12482	0.21381	0.20723	0.02640	0.19008	0.02209	0.01866	0.02032	0.04228	0.00754	0.00708	0.00212	0.00938	0.00696	0.00447	0.00936
12	0.01367	0.01293	0.02188	0.61199	0.17239	0.01540	0.01937	0.01814	0.01403	0.01839	0.01229	0.01800	0.00944	0.00670	0.00683	0.00223	0.00893	0.00608	0.00310	0.00821
13	0.01013	0.00785	0.01167	0.01147	0.01261	0.00939	0.00899	0.01251	0.01096	0.01592	0.01769	0.02607	0.01655	0.04864	0.68425	0.01045	0.06780	0.00724	0.00362	0.00620
14	0.00836	0.00689	0.00701	0.00701	0.00898	0.00590	0.00505	0.00984	0.01478	0.01773	0.06239	0.06279	0.61421	0.12491	0.01196	0.00294	0.00392	0.01379	0.00603	0.00554
15	0.00977	0.00733	0.01100	0.01100	0.01222	0.00855	0.00855	0.01222	0.01100	0.01588	0.01833	0.02688	0.01710	0.05131	0.73245	0.01100	0.01833	0.00733	0.00367	0.00611
16	0.00834	0.00595	0.00794	0.00953	0.00992	0.00556	0.00635	0.00953	0.01310	0.01746	0.03771	0.75510	0.04525	0.02143	0.00873	0.00278	0.00397	0.01945	0.00635	0.00556
17	0.02601	0.01916	0.02053	0.01574	0.02122	0.02122	0.01300	0.69408	0.03217	0.04312	0.01643	0.01643	0.01163	0.00821	0.00684	0.00205	0.00753	0.00616	0.00684	0.01163
18	0.69264	0.01224	0.00952	0.00862	0.01247	0.01405	0.00703	0.01951	0.01203	0.02994	0.01138	0.01320	0.00888	0.00659	0.00431	0.00204	0.00499	0.00409	0.11922	0.00726
19	0.01629	0.01477	0.01449	0.01316	0.01678	0.06309	0.01017	0.03190	0.55897	0.02636	0.03270	0.03049	0.12056	0.01030	0.00707	0.00228	0.00559	0.00848	0.00664	0.00990
20	0.01799	0.71510	0.08176	0.01223	0.01836	0.02632	0.01261	0.02056	0.01394	0.01647	0.00970	0.01121	0.00877	0.00590	0.00453	0.00151	0.00750	0.00375	0.00292	0.00887

[dist]
# distance from previous block
# <min> <max>
0	1

[block]
# block no. 2 follows, 31 sequences, length 51
# corresponding to MSA columns:
# 377-427
name=unknown_C
#
# <colnr> <probs for GDERKNQSTAVLIFYWHMCP>
#	G	D	E	R	K	N	Q	S	T	A	V	L	I	F	Y	W	H	M	C	P
0	0.01347	0.01275	0.02138	0.63248	0.12368	0.01555	0.01907	0.01785	0.01377	0.01800	0.01211	0.01796	0.00931	0.00696	0.00746	0.00228	0.03878	0.00608	0.00308	0.00797
1	0.00947	0.00698	0.00885	0.00838	0.01009	0.00636	0.00629	0.01250	0.01886	0.02624	0.62763	0.05306	0.15094	0.01443	0.00807	0.00217	0.00326	0.01265	0.00737	0.00636
2	0.00853	0.00695	0.00755	0.00740	0.00951	0.00596	0.00555	0.01068	0.01664	0.02097	0.24803	0.06175	0.53384	0.01640	0.00808	0.00227	0.00340	0.01387	0.00668	0.00596
3	0.01292	0.01216	0.02052	0.74312	0.04712	0.01520	0.01900	0.01748	0.01368	0.01748	0.01216	0.01824	0.00912	0.00684	0.00684	0.00228	0.00912	0.00608	0.00304	0.00760
4	0.03070	0.01164	0.01588	0.01217	0.01746	0.01006	0.01006	0.03334	0.01958	0.72163	0.02699	0.02329	0.01694	0.00847	0.00688	0.00212	0.00582	0.00688	0.00847	0.01164
5	0.01693	0.01626	0.02777	0.04199	0.71689	0.01626	0.02100	0.02100	0.01558	0.02235	0.01287	0.01693	0.01084	0.00610	0.00677	0.00203	0.00813	0.00610	0.00339	0.01084
6	0.00988	0.00730	0.00974	0.01163	0.05170	0.00708	0.00742	0.04668	0.01406	0.01885	0.03412	0.62841	0.04018	0.06577	0.01014	0.00294	0.00457	0.01737	0.00607	0.00610
7	0.68969	0.05695	0.01210	0.00945	0.01388	0.01554	0.00791	0.02136	0.01251	0.09389	0.01114	0.01223	0.00837	0.00652	0.00449	0.00208	0.00546	0.00400	0.00455	0.00788
8	0.01621	0.01552	0.02646	0.16836	0.59617	0.01606	0.02064	0.02036	0.01524	0.02147	0.01274	0.01717	0.01053	0.00623	0.00679	0.00208	0.00831	0.00609	0.00332	0.01025
9	0.01324	0.01034	0.01169	0.01056	0.01305	0.03246	0.00823	0.11666	0.08173	0.02852	0.44284	0.04501	0.09231	0.01301	0.00781	0.00221	0.00455	0.05105	0.00710	0.00761
10	0.80789	0.01323	0.01006	0.00900	0.01323	0.01535	0.00741	0.02011	0.01164	0.03070	0.00953	0.01111	0.00741	0.00635	0.00423	0.00212	0.00529	0.00370	0.00423	0.00741
11	0.00968	0.00699	0.00914	0.00861	0.01022	0.00646	0.00646	0.01291	0.01937	0.02743	0.71328	0.05110	0.06455	0.01399	0.00807	0.00215	0.00323	0.01237	0.00753	0.00646
12	0.01497	0.01497	0.02095	0.01796	0.01796	0.02095	0.01497	0.01646	0.01048	0.01646	0.00898	0.01497	0.00898	0.01197	0.02245	0.00299	0.74704	0.00599	0.00299	0.00748
13	0.01275	0.00638	0.00638	0.00638	0.00797	0.00638	0.00478	0.01594	0.01435	0.02551	0.02232	0.02551	0.01754	0.00797	0.00478	0.00159	0.00319	0.00638	0.79755	0.00638
14	0.01114	0.00804	0.01106	0.01241	0.01406	0.00808	0.01075	0.01481	0.03787	0.02114	0.07553	0.07400	0.04026	0.01831	0.00929	0.00307	0.00609	0.61126	0.00639	0.00645
15	0.01693	0.01626	0.02777	0.04199	0.71689	0.01626	0.02100	0.02100	0.01558	0.02235	0.01287	0.01693	0.01084	0.00610	0.00677	0.00203	0.00813	0.00610	0.00339	0.01084
16	0.01702	0.01470	0.01547	0.01392	0.01779	0.01702	0.01083	0.03635	0.70453	0.02862	0.02785	0.02553	0.02088	0.00928	0.00696	0.00232	0.00541	0.00773	0.00696	0.01083
17	0.01675	0.01685	0.02911	0.02209	0.02748	0.01745	0.37408	0.04841	0.28932	0.02502	0.01928	0.02106	0.01453	0.00748	0.00816	0.00233	0.03799	0.00780	0.00494	0.00987
18	0.01615	0.01845	0.04037	0.02884	0.03576	0.01730	0.69204	0.02191	0.01615	0.02191	0.01384	0.01845	0.01038	0.00577	0.00807	0.00231	0.01153	0.00807	0.00346	0.00923
19	0.02997	0.01181	0.01586	0.01227	0.01748	0.01043	0.01010	0.03350	0.05606	0.68472	0.02704	0.02341	0.01715	0.00851	0.00688	0.00213	0.00580	0.00693	0.00839	0.01160
20	0.00960	0.00699	0.00903	0.00852	0.01017	0.00642	0.00639	0.01275	0.01916	0.02696	0.67898	0.05189	0.09914	0.01416	0.00807	0.00216	0.00324	0.01248	0.00747	0.00642
21	0.00914	0.00697	0.00840	0.00804	0.00989	0.00623	0.00603	0.01187	0.01809	0.02441	0.49590	0.05608	0.28382	0.01511	0.00807	0.00221	0.00331	0.01307	0.00713	0.00623
22	0.00942	0.00698	0.00879	0.00833	0.01006	0.00634	0.00625	0.01241	0.01875	0.02598	0.60861	0.05350	0.17013	0.01453	0.00807	0.00218	0.00327	0.01271	0.00734	0.00634
23	0.02632	0.01867	0.02023	0.01551	0.02097	0.02048	0.01281	0.65053	0.03134	0.08783	0.01712	0.01688	0.01198	0.00823	0.00685	0.00206	0.00742	0.00621	0.00695	0.01164
24	0.00825	0.00628	0.00760	0.00865	0.00969	0.00563	0.00596	0.00962	0.01394	0.01781	0.04837	0.52243	0.27103	0.02005	0.00851	0.00262	0.00380	0.01776	0.00635	0.00563
25	0.00977	0.00733	0.01100	0.01100	0.01222	0.00855	0.00855	0.01222	0.01100	0.01588	0.01833	0.02688	0.01710	0.05131	0.73245	0.01100	0.01833	0.00733	0.00367	0.00611
26	0.01372	0.03539	0.72412	0.01950	0.02961	0.01589	0.02528	0.02167	0.01444	0.02167	0.01228	0.01444	0.00867	0.00650	0.00650	0.00217	0.01011	0.00506	0.00289	0.01011
27	0.01669	0.50930	0.27626	0.01443	0.02177	0.02316	0.01645	0.02090	0.01409	0.01804	0.01048	0.01219	0.00874	0.00608	0.00513	0.00171	0.00829	0.00415	0.00291	0.00924
28	0.01419	0.01216	0.01419	0.01013	0.01621	0.00912	0.00811	0.01723	0.01419	0.02229	0.01216	0.01419	0.01013	0.00507	0.00507	0.00101	0.00507	0.00405	0.00405	0.80139
29	0.00872	0.00696	0.00781	0.00759	0.00963	0.00604	0.00570	0.01104	0.01709	0.02203	0.32433	0.06000	0.45688	0.01600	0.00808	0.00225	0.00337	0.01362	0.00682	0.00604
30	0.01615	0.01845	0.04037	0.02884	0.03576	0.01730	0.69204	0.02191	0.01615	0.02191	0.01384	0.01845	0.01038	0.00577	0.00807	0.00231	0.01153	0.00807	0.00346	0.00923
31	0.01515	0.01213	0.01429	0.01025	0.01629	0.00917	0.00822	0.01817	0.01450	0.06317	0.01303	0.01472	0.01053	0.00527	0.00517	0.00108	0.00511	0.00422	0.00431	0.75522
32	0.01615	0.01845	0.04037	0.02884	0.03576	0.01730	0.69204	0.02191	0.01615	0.02191	0.01384	0.01845	0.01038	0.00577	0.00807	0.00231	0.01153	0.00807	0.00346	0.00923
33	0.01615	0.01845	0.04037	0.02884	0.03576	0.01730	0.69204	0.02191	0.01615	0.02191	0.01384	0.01845	0.01038	0.00577	0.00807	0.00231	0.01153	0.00807	0.00346	0.00923
34	0.03070	0.01164	0.01588	0.01217	0.01746	0.01006	0.01006	0.03334	0.01958	0.72163	0.02699	0.02329	0.01694	0.00847	0.00688	0.00212	0.00582	0.00688	0.00847	0.01164
35	0.03070	0.01164	0.01588	0.01217	0.01746	0.01006	0.01006	0.03334	0.01958	0.72163	0.02699	0.02329	0.01694	0.00847	0.00688	0.00212	0.00582	0.00688	0.00847	0.01164
36	0.02601	0.01916	0.02053	0.01574	0.02122	0.02122	0.01300	0.69408	0.03217	0.04312	0.01643	0.01643	0.01163	0.00821	0.00684	0.00205	0.00753	0.00616	0.00684	0.01163
37	0.00944	0.00698	0.00881	0.00836	0.01007	0.00635	0.00627	0.01245	0.01880	0.02609	0.61676	0.05331	0.16190	0.01449	0.00807	0.00218	0.00326	0.01268	0.00735	0.00635
38	0.00968	0.00699	0.00914	0.00861	0.01022	0.00646	0.00646	0.01291	0.01937	0.02743	0.71328	0.05110	0.06455	0.01399	0.00807	0.00215	0.00323	0.01237	0.00753	0.00646
39	0.01372	0.03539	0.72412	0.01950	0.02961	0.01589	0.02528	0.02167	0.01444	0.02167	0.01228	0.01444	0.00867	0.00650	0.00650	0.00217	0.01011	0.00506	0.00289	0.01011
40	0.01693	0.01626	0.02777	0.04199	0.71689	0.01626	0.02100	0.02100	0.01558	0.02235	0.01287	0.01693	0.01084	0.00610	0.00677	0.00203	0.00813	0.00610	0.00339	0.01084
41	0.00834	0.00595	0.00794	0.00953	0.00992	0.00556	0.00635	0.00953	0.01310	0.01746	0.03771	0.75510	0.04525	0.02143	0.00873	0.00278	0.00397	0.01945	0.00635	0.00556
42	0.80789	0.01323	0.01006	0.00900	0.01323	0.01535	0.00741	0.02011	0.01164	0.03070	0.00953	0.01111	0.00741	0.00635	0.00423	0.00212	0.00529	0.00370	0.00423	0.00741
43	0.01797	0.71235	0.08436	0.01226	0.01841	0.02628	0.01266	0.02057	0.01394	0.01649	0.00971	0.01122	0.00877	0.00590	0.00454	0.00151	0.00751	0.00376	0.00292	0.00887
44	0.00977	0.00733	0.01100	0.01100	0.01222	0.00855	0.00855	0.01222	0.01100	0.01588	0.01833	0.02688	0.01710	0.05131	0.73245	0.01100	0.01833	0.00733	0.00367	0.00611
45	0.00834	0.00595	0.00794	0.00953	0.00992	0.00556	0.00635	0.00953	0.01310	0.01746	0.03771	0.75510	0.04525	0.02143	0.00873	0.00278	0.00397	0.01945	0.00635	0.00556
46	0.00878	0.00680	0.00800	0.00803	0.00975	0.00602	0.00589	0.01104	0.01675	0.02200	0.32902	0.16748	0.34265	0.01660	0.00818	0.00232	0.00345	0.01437	0.00684	0.00602
47	0.06484	0.01673	0.01700	0.01438	0.01880	0.04275	0.01145	0.25618	0.41618	0.03320	0.02239	0.02121	0.01661	0.00868	0.00674	0.00220	0.00635	0.00686	0.00665	0.01081
48	0.01275	0.00638	0.00638	0.00638	0.00797	0.00638	0.00478	0.01594	0.01435	0.02551	0.02232	0.02551	0.01754	0.00797	0.00478	0.00159	0.00319	0.00638	0.79755	0.00638
49	0.77422	0.01349	0.01051	0.00929	0.01357	0.01560	0.00765	0.04913	0.01253	0.03123	0.00982	0.01134	0.00759	0.00643	0.00435	0.00211	0.00539	0.00381	0.00435	0.00759
50	0.01008	0.03985	0.01194	0.01097	0.01236	0.00923	0.00860	0.01247	0.01120	0.01595	0.01871	0.05491	0.01786	0.04817	0.67256	0.01026	0.01728	0.00765	0.00374	0.00620

[dist]
# distance from previous block
# <min> <max>
0	15

# created by:
# /home/cegg/simao/soft/augustus-3.2.1/scripts/msa2prfl.pl ./align_prep/EOG090W0IFM.fa
