[name]
unknown

[dist]
# distance from previous block
# <min> <max>
0	96

[block]
# block no. 0 follows, 30 sequences, length 11
# corresponding to MSA columns:
# 101-111
name=unknown_A
#
# <colnr> <probs for GDERKNQSTAVLIFYWHMCP>
#	G	D	E	R	K	N	Q	S	T	A	V	L	I	F	Y	W	H	M	C	P
0	0.02741	0.01686	0.01801	0.01444	0.01942	0.09426	0.01183	0.27853	0.02450	0.33211	0.02231	0.02402	0.01604	0.00918	0.00712	0.00217	0.00737	0.05610	0.00728	0.01104
1	0.01662	0.44276	0.33491	0.01542	0.02329	0.02262	0.01800	0.02142	0.01442	0.01890	0.01094	0.01274	0.00890	0.00626	0.00542	0.00181	0.00871	0.00435	0.00297	0.00955
2	0.00882	0.00700	0.00793	0.00790	0.00983	0.00610	0.00585	0.01105	0.01696	0.02184	0.28273	0.12773	0.42769	0.01692	0.00831	0.00235	0.00350	0.01451	0.00689	0.00610
3	0.01678	0.01608	0.02744	0.12638	0.63152	0.01645	0.02117	0.02099	0.01566	0.02220	0.01304	0.01743	0.01084	0.00631	0.00692	0.00210	0.00841	0.00622	0.00341	0.01066
4	0.02795	0.01726	0.01953	0.01497	0.02050	0.01825	0.01237	0.49334	0.02899	0.24399	0.01996	0.01884	0.01348	0.00845	0.00699	0.00211	0.00716	0.00650	0.00747	0.01187
5	0.00908	0.00658	0.00871	0.01020	0.01102	0.00620	0.00743	0.01078	0.01414	0.01856	0.04057	0.55175	0.09487	0.02098	0.00902	0.00288	0.00453	0.16039	0.00647	0.00585
6	0.01400	0.03610	0.71860	0.01989	0.03020	0.01621	0.02578	0.02210	0.01473	0.02210	0.01252	0.01473	0.00884	0.00663	0.00663	0.00221	0.01031	0.00516	0.00295	0.01031
7	0.01467	0.01439	0.02023	0.01752	0.01766	0.01995	0.01453	0.01631	0.01075	0.01673	0.01023	0.01664	0.01009	0.01674	0.10226	0.00397	0.66047	0.00626	0.00313	0.00748
8	0.01858	0.01227	0.01489	0.01084	0.01685	0.00954	0.00875	0.02159	0.01581	0.19206	0.01610	0.01674	0.01203	0.00602	0.00562	0.00131	0.00536	0.00484	0.00523	0.60557
9	0.01736	0.01499	0.01578	0.01420	0.01815	0.01736	0.01105	0.03708	0.69862	0.02919	0.02840	0.02604	0.02130	0.00947	0.00710	0.00237	0.00552	0.00789	0.00710	0.01105
10	0.00850	0.00607	0.00810	0.00972	0.01012	0.00567	0.00648	0.00972	0.01336	0.01781	0.03846	0.75020	0.04615	0.02186	0.00891	0.00283	0.00405	0.01984	0.00648	0.00567

[dist]
# distance from previous block
# <min> <max>
0	12

[block]
# block no. 1 follows, 30 sequences, length 36
# corresponding to MSA columns:
# 144-179
name=unknown_B
#
# <colnr> <probs for GDERKNQSTAVLIFYWHMCP>
#	G	D	E	R	K	N	Q	S	T	A	V	L	I	F	Y	W	H	M	C	P
0	0.01721	0.01675	0.02927	0.04185	0.66164	0.01666	0.07025	0.02149	0.01593	0.02277	0.01320	0.01739	0.01102	0.00619	0.00701	0.00209	0.00855	0.00637	0.00346	0.01093
1	0.00988	0.00713	0.00933	0.00878	0.01043	0.00658	0.00658	0.01317	0.01975	0.02798	0.70754	0.05213	0.06584	0.01427	0.00823	0.00219	0.00329	0.01262	0.00768	0.00658
2	0.01447	0.01240	0.01447	0.01034	0.01654	0.00930	0.00827	0.01757	0.01447	0.02274	0.01240	0.01447	0.01034	0.00517	0.00517	0.00103	0.00517	0.00413	0.00413	0.79742
3	0.00997	0.00748	0.01121	0.01121	0.01246	0.00872	0.00872	0.01246	0.01121	0.01620	0.01869	0.02741	0.01745	0.05234	0.72710	0.01121	0.01869	0.00748	0.00374	0.00623
4	0.01400	0.03610	0.71860	0.01989	0.03020	0.01621	0.02578	0.02210	0.01473	0.02210	0.01252	0.01473	0.00884	0.00663	0.00663	0.00221	0.01031	0.00516	0.00295	0.01031
5	0.00883	0.00677	0.00812	0.00863	0.01010	0.00605	0.00625	0.01081	0.01590	0.02068	0.20576	0.30742	0.29767	0.01844	0.00853	0.00252	0.00377	0.04100	0.00676	0.00599
6	0.00880	0.00625	0.00795	0.00919	0.00961	0.00589	0.00599	0.00981	0.01287	0.01705	0.03690	0.58235	0.07472	0.16137	0.01395	0.00356	0.00454	0.01774	0.00605	0.00540
7	0.02607	0.03326	0.01978	0.01798	0.02157	0.72674	0.01348	0.02787	0.01978	0.01708	0.01079	0.01258	0.00899	0.00719	0.00629	0.00180	0.01258	0.00449	0.00360	0.00809
8	0.01727	0.01658	0.02832	0.04283	0.71123	0.01658	0.02142	0.02142	0.01589	0.02280	0.01313	0.01727	0.01105	0.00622	0.00691	0.00207	0.00829	0.00622	0.00345	0.01105
9	0.01649	0.01579	0.02692	0.17468	0.58544	0.01638	0.02103	0.02074	0.01552	0.02186	0.01299	0.01752	0.01072	0.00636	0.00692	0.00212	0.00848	0.00621	0.00339	0.01043
10	0.01010	0.00695	0.00852	0.00852	0.00884	0.00726	0.00536	0.01073	0.01042	0.01421	0.02115	0.04105	0.02337	0.57722	0.21031	0.00789	0.00978	0.00947	0.00410	0.00473
11	0.01318	0.01240	0.02093	0.73798	0.04806	0.01550	0.01938	0.01783	0.01395	0.01783	0.01240	0.01860	0.00930	0.00698	0.00698	0.00233	0.00930	0.00620	0.00310	0.00775
12	0.02295	0.01675	0.01685	0.01397	0.01835	0.09867	0.01112	0.25462	0.14394	0.16978	0.05892	0.05528	0.06737	0.00999	0.00716	0.00218	0.00686	0.00798	0.00692	0.01034
13	0.03011	0.01214	0.01616	0.01257	0.01784	0.01087	0.01032	0.03427	0.07852	0.65681	0.02761	0.02395	0.01762	0.00871	0.00702	0.00218	0.00590	0.00709	0.00850	0.01180
14	0.01598	0.01803	0.03912	0.02819	0.03483	0.01690	0.64368	0.02157	0.01628	0.02207	0.01563	0.06426	0.01280	0.00687	0.00828	0.00238	0.01129	0.00896	0.00371	0.00918
15	0.01649	0.01578	0.02692	0.17535	0.58481	0.01638	0.02103	0.02073	0.01552	0.02185	0.01299	0.01753	0.01072	0.00636	0.00692	0.00212	0.00848	0.00621	0.00339	0.01042
16	0.06422	0.01267	0.01552	0.01320	0.01677	0.01355	0.06739	0.07550	0.26371	0.04556	0.17302	0.03510	0.13162	0.01119	0.00786	0.00231	0.02579	0.00949	0.00657	0.00897
17	0.00868	0.00641	0.00795	0.00895	0.00982	0.00586	0.00608	0.01007	0.01413	0.01849	0.09514	0.50605	0.18073	0.07429	0.01068	0.00298	0.00409	0.01753	0.00641	0.00568
18	0.01866	0.75896	0.03657	0.01194	0.01791	0.02761	0.01194	0.02090	0.01418	0.01642	0.00970	0.01119	0.00896	0.00597	0.00448	0.00149	0.00746	0.00373	0.00299	0.00896
19	0.01249	0.01125	0.01835	0.51374	0.07669	0.01325	0.01626	0.01664	0.01513	0.02005	0.14658	0.07036	0.02247	0.00925	0.00733	0.00232	0.00777	0.00827	0.00420	0.00759
20	0.01420	0.03488	0.67572	0.02131	0.07251	0.01623	0.02551	0.02206	0.01480	0.02214	0.01256	0.01489	0.00898	0.00660	0.00665	0.00220	0.01019	0.00522	0.00298	0.01036
21	0.04608	0.00854	0.01094	0.00971	0.01239	0.00779	0.00750	0.01847	0.01883	0.20636	0.41938	0.09311	0.08650	0.01323	0.00781	0.00224	0.00413	0.01144	0.00765	0.00790
22	0.02257	0.12731	0.02275	0.15272	0.02563	0.02056	0.01389	0.42021	0.02541	0.05861	0.01540	0.01727	0.01149	0.02670	0.00733	0.00217	0.00787	0.00601	0.00564	0.01046
23	0.01509	0.01568	0.02726	0.02149	0.02409	0.01861	0.25414	0.01819	0.01293	0.01881	0.01302	0.05933	0.01215	0.01218	0.04632	0.00313	0.40831	0.00771	0.00345	0.00810
24	0.00957	0.00706	0.00894	0.00859	0.01027	0.00643	0.00640	0.01253	0.01885	0.02612	0.57970	0.09440	0.15486	0.01518	0.00827	0.00225	0.00337	0.01333	0.00744	0.00643
25	0.05834	0.01667	0.03000	0.06724	0.02975	0.04155	0.39772	0.07041	0.01746	0.06871	0.01923	0.05223	0.04079	0.00828	0.00782	0.00236	0.00969	0.04816	0.00454	0.00904
26	0.02485	0.01954	0.02047	0.01646	0.02143	0.15619	0.07326	0.22317	0.15391	0.18768	0.02005	0.01951	0.01424	0.00819	0.00699	0.00213	0.00820	0.00659	0.00641	0.01075
27	0.02450	0.01145	0.01484	0.01200	0.01634	0.01075	0.00970	0.07158	0.07513	0.44364	0.16366	0.02938	0.02705	0.01197	0.04263	0.00262	0.00611	0.00819	0.00797	0.01046
28	0.02807	0.01323	0.01662	0.01299	0.01808	0.01265	0.01064	0.15658	0.06791	0.49802	0.06984	0.02443	0.01968	0.00901	0.00710	0.00216	0.00607	0.00730	0.00816	0.01147
29	0.01898	0.01727	0.01691	0.10783	0.05530	0.17090	0.01237	0.14390	0.10505	0.05031	0.03738	0.13363	0.01983	0.01043	0.00711	0.00221	0.00771	0.02320	0.05082	0.00885
30	0.01508	0.16372	0.52931	0.01941	0.02863	0.01839	0.08884	0.02191	0.01481	0.02111	0.01218	0.01451	0.00903	0.00644	0.00640	0.00210	0.00995	0.00521	0.00301	0.00998
31	0.00901	0.00650	0.00845	0.00951	0.01032	0.00607	0.00665	0.01070	0.01465	0.01963	0.15492	0.50063	0.08933	0.05877	0.01021	0.00293	0.00420	0.06512	0.00656	0.00582
32	0.01420	0.13583	0.56493	0.01784	0.02682	0.01698	0.02222	0.02094	0.01465	0.02099	0.01556	0.04495	0.03957	0.00759	0.00648	0.00214	0.00938	0.00593	0.00324	0.00976
33	0.01850	0.01595	0.02522	0.11146	0.48826	0.01652	0.01905	0.07660	0.06748	0.06958	0.01540	0.01844	0.01209	0.00687	0.00694	0.00213	0.00799	0.00640	0.00431	0.01082
34	0.30389	0.07209	0.01516	0.01140	0.01577	0.04257	0.00936	0.07458	0.09852	0.16685	0.08825	0.02162	0.03603	0.00848	0.00598	0.00212	0.00587	0.00631	0.00598	0.00915
35	0.03315	0.03830	0.01208	0.01284	0.06337	0.03878	0.00853	0.01528	0.05888	0.05575	0.03284	0.49387	0.05450	0.01710	0.00802	0.00255	0.00504	0.01520	0.02685	0.00704

[dist]
# distance from previous block
# <min> <max>
2	7

[block]
# block no. 2 follows, 30 sequences, length 24
# corresponding to MSA columns:
# 187-210
name=unknown_C
#
# <colnr> <probs for GDERKNQSTAVLIFYWHMCP>
#	G	D	E	R	K	N	Q	S	T	A	V	L	I	F	Y	W	H	M	C	P
0	0.23344	0.04835	0.03528	0.04737	0.03454	0.08427	0.01119	0.14830	0.05280	0.07599	0.01571	0.01698	0.02696	0.00926	0.03647	0.00236	0.00753	0.00541	0.00503	0.10275
1	0.01328	0.00963	0.01162	0.00970	0.01305	0.00853	0.00754	0.06438	0.01888	0.05582	0.38116	0.03776	0.07301	0.01104	0.00712	0.00185	0.00424	0.00946	0.04098	0.22094
2	0.07997	0.03531	0.04542	0.03659	0.08772	0.06336	0.01142	0.02323	0.10586	0.14270	0.05824	0.02735	0.12149	0.00931	0.00705	0.00205	0.02323	0.00748	0.00559	0.10662
3	0.05615	0.01225	0.01390	0.01195	0.01577	0.04452	0.00945	0.05784	0.11658	0.27379	0.10510	0.10764	0.05851	0.01138	0.00731	0.00225	0.00563	0.03891	0.00717	0.04391
4	0.40867	0.01524	0.01540	0.03518	0.05263	0.01727	0.01079	0.18992	0.06912	0.07158	0.01411	0.01518	0.01051	0.00755	0.00637	0.00220	0.03845	0.00519	0.00530	0.00933
5	0.01688	0.34331	0.37805	0.01623	0.02435	0.02146	0.01899	0.06891	0.01578	0.02123	0.01162	0.01337	0.00910	0.00647	0.00574	0.00190	0.00891	0.00463	0.00325	0.00984
6	0.00870	0.00712	0.00770	0.00767	0.00985	0.00612	0.00582	0.01084	0.01668	0.02076	0.19610	0.06467	0.55084	0.01707	0.00831	0.00236	0.00361	0.04300	0.00672	0.00605
7	0.05605	0.11409	0.02024	0.01430	0.01921	0.01989	0.01181	0.27987	0.29322	0.06779	0.02069	0.01983	0.01532	0.00842	0.00659	0.00213	0.00661	0.00651	0.00647	0.01097
8	0.01656	0.01477	0.02280	0.32047	0.27967	0.01642	0.01830	0.11671	0.04652	0.02389	0.01513	0.05049	0.01244	0.00767	0.00704	0.00223	0.00831	0.00689	0.00411	0.00958
9	0.00861	0.00615	0.00822	0.00984	0.01030	0.00576	0.00667	0.00991	0.01347	0.01794	0.03840	0.72316	0.04591	0.02176	0.00894	0.00285	0.00414	0.04579	0.00648	0.00570
10	0.00891	0.00637	0.00853	0.00992	0.01057	0.00599	0.00695	0.01053	0.01428	0.01916	0.10757	0.61365	0.04762	0.02083	0.00891	0.00280	0.00420	0.08080	0.00660	0.00584
11	0.70383	0.10862	0.01361	0.00953	0.01406	0.01718	0.00812	0.02056	0.01217	0.02941	0.00971	0.01132	0.00774	0.00641	0.00434	0.00207	0.00566	0.00377	0.00415	0.00774
12	0.64902	0.01743	0.01215	0.01093	0.01510	0.15735	0.00874	0.02198	0.01345	0.02847	0.00993	0.01158	0.00784	0.00662	0.00471	0.00209	0.00683	0.00392	0.00417	0.00766
13	0.01039	0.00747	0.01005	0.01032	0.01195	0.00713	0.00834	0.01366	0.01836	0.02530	0.45447	0.06216	0.05615	0.01616	0.00876	0.00258	0.00447	0.25853	0.00721	0.00652
14	0.01411	0.00809	0.01056	0.00940	0.01186	0.00728	0.00724	0.01718	0.01952	0.16711	0.52415	0.04743	0.10164	0.01336	0.00799	0.00220	0.00385	0.01163	0.00779	0.00761
15	0.01768	0.02819	0.45408	0.02041	0.02917	0.01540	0.15445	0.02435	0.01605	0.15012	0.01561	0.01721	0.01074	0.00685	0.00702	0.00223	0.00980	0.00611	0.00411	0.01042
16	0.01582	0.01513	0.02553	0.27145	0.45672	0.01647	0.02043	0.02000	0.01498	0.02085	0.01269	0.01761	0.01038	0.00677	0.00774	0.00221	0.04592	0.00621	0.00332	0.00979
17	0.00850	0.00607	0.00810	0.00972	0.01012	0.00567	0.00648	0.00972	0.01336	0.01781	0.03846	0.75020	0.04615	0.02186	0.00891	0.00283	0.00405	0.01984	0.00648	0.00567
18	0.01778	0.01938	0.03530	0.02592	0.03225	0.06821	0.51537	0.05851	0.10703	0.02397	0.01589	0.01922	0.01195	0.00657	0.00788	0.00230	0.01080	0.00782	0.00418	0.00966
19	0.01119	0.00851	0.01046	0.00973	0.01178	0.00847	0.00737	0.01736	0.13880	0.02820	0.58845	0.04755	0.05803	0.01342	0.00803	0.00222	0.00368	0.01179	0.00758	0.00737
20	0.00906	0.00645	0.00865	0.01022	0.01083	0.00613	0.00727	0.01059	0.01375	0.01823	0.03764	0.60451	0.04437	0.04580	0.00993	0.00303	0.00457	0.13681	0.00639	0.00576
21	0.01727	0.01658	0.02832	0.04283	0.71123	0.01658	0.02142	0.02142	0.01589	0.02280	0.01313	0.01727	0.01105	0.00622	0.00691	0.00207	0.00829	0.00622	0.00345	0.01105
22	0.01318	0.01240	0.02093	0.73798	0.04806	0.01550	0.01938	0.01783	0.01395	0.01783	0.01240	0.01860	0.00930	0.00698	0.00698	0.00233	0.00930	0.00620	0.00310	0.00775
23	0.01727	0.01658	0.02832	0.04283	0.71123	0.01658	0.02142	0.02142	0.01589	0.02280	0.01313	0.01727	0.01105	0.00622	0.00691	0.00207	0.00829	0.00622	0.00345	0.01105

[dist]
# distance from previous block
# <min> <max>
0	6

[block]
# block no. 3 follows, 30 sequences, length 27
# corresponding to MSA columns:
# 217-243
name=unknown_D
#
# <colnr> <probs for GDERKNQSTAVLIFYWHMCP>
#	G	D	E	R	K	N	Q	S	T	A	V	L	I	F	Y	W	H	M	C	P
0	0.03097	0.01241	0.01653	0.01267	0.01808	0.01106	0.01047	0.07992	0.02087	0.66887	0.02677	0.02326	0.01689	0.00862	0.00701	0.00215	0.00606	0.00697	0.00852	0.01188
1	0.01635	0.14063	0.42706	0.04966	0.02836	0.01879	0.08018	0.09729	0.01671	0.02342	0.01262	0.01497	0.00938	0.00683	0.00695	0.00213	0.02975	0.00541	0.00347	0.01002
2	0.01400	0.03610	0.71860	0.01989	0.03020	0.01621	0.02578	0.02210	0.01473	0.02210	0.01252	0.01473	0.00884	0.00663	0.00663	0.00221	0.01031	0.00516	0.00295	0.01031
3	0.02741	0.01814	0.02007	0.01539	0.02094	0.01955	0.01271	0.56772	0.03045	0.16755	0.01874	0.01804	0.01286	0.00842	0.00699	0.00211	0.00736	0.00642	0.00729	0.01187
4	0.00825	0.00707	0.00707	0.00707	0.00943	0.00589	0.00530	0.01001	0.01591	0.01885	0.07069	0.06716	0.70839	0.01767	0.00825	0.00236	0.00353	0.01473	0.00648	0.00589
5	0.07881	0.02071	0.07260	0.01483	0.01979	0.16684	0.01259	0.22773	0.09692	0.13754	0.01805	0.01810	0.01302	0.00800	0.00649	0.00205	0.00794	0.00595	0.06187	0.01017
6	0.01612	0.21707	0.49257	0.01775	0.02644	0.07506	0.02134	0.02225	0.01499	0.02028	0.01168	0.01368	0.00888	0.00651	0.00606	0.00200	0.00978	0.00475	0.00301	0.00980
7	0.01400	0.03610	0.71860	0.01989	0.03020	0.01621	0.02578	0.02210	0.01473	0.02210	0.01252	0.01473	0.00884	0.00663	0.00663	0.00221	0.01031	0.00516	0.00295	0.01031
8	0.00954	0.00699	0.00913	0.01017	0.01086	0.00687	0.00703	0.03734	0.01456	0.01963	0.08939	0.64267	0.04517	0.02042	0.00922	0.00276	0.02742	0.01829	0.00648	0.00605
9	0.02022	0.05201	0.07549	0.02442	0.08309	0.06804	0.33093	0.16279	0.02010	0.07139	0.01494	0.01757	0.01104	0.00675	0.00739	0.00218	0.01004	0.00694	0.00452	0.01016
10	0.02593	0.01071	0.01462	0.01169	0.01612	0.00950	0.00950	0.02871	0.01924	0.54209	0.14426	0.02894	0.02567	0.01305	0.06398	0.00288	0.00649	0.00802	0.00809	0.01052
11	0.30688	0.01456	0.01493	0.01230	0.01709	0.01577	0.01003	0.16168	0.14031	0.21101	0.01908	0.01826	0.01339	0.00795	0.00605	0.00218	0.00602	0.00585	0.00647	0.01017
12	0.01442	0.01427	0.01699	0.01525	0.01752	0.14226	0.10321	0.01694	0.01448	0.01798	0.02127	0.07108	0.02170	0.11984	0.16603	0.00498	0.06147	0.14903	0.00441	0.00686
13	0.00954	0.00712	0.00886	0.00842	0.01022	0.00644	0.00632	0.01251	0.01895	0.02608	0.57506	0.05525	0.19951	0.01497	0.00823	0.00223	0.00334	0.01306	0.00743	0.00644
14	0.01301	0.00650	0.00650	0.00650	0.00813	0.00650	0.00488	0.01626	0.01463	0.02602	0.02276	0.02602	0.01789	0.00813	0.00488	0.00163	0.00325	0.00650	0.79350	0.00650
15	0.01727	0.01658	0.02832	0.04283	0.71123	0.01658	0.02142	0.02142	0.01589	0.02280	0.01313	0.01727	0.01105	0.00622	0.00691	0.00207	0.00829	0.00622	0.00345	0.01105
16	0.01397	0.01321	0.02235	0.60419	0.17570	0.01571	0.01977	0.01852	0.01433	0.01879	0.01254	0.01835	0.00964	0.00683	0.00696	0.00228	0.00911	0.00620	0.00317	0.00839
17	0.01403	0.01327	0.02247	0.59337	0.18602	0.01573	0.01980	0.01858	0.01436	0.01886	0.01255	0.01833	0.00967	0.00682	0.00696	0.00227	0.00909	0.00620	0.00317	0.00844
18	0.00848	0.00616	0.00800	0.00948	0.01006	0.00569	0.00637	0.00974	0.01359	0.01791	0.04140	0.68799	0.10647	0.02148	0.00885	0.00279	0.00400	0.01937	0.00648	0.00569
19	0.01525	0.23064	0.53504	0.01775	0.02689	0.01928	0.02206	0.02178	0.01458	0.02057	0.01176	0.01378	0.00887	0.00645	0.00605	0.00202	0.00955	0.00477	0.00296	0.00995
20	0.01527	0.01527	0.02137	0.01832	0.01832	0.02137	0.01527	0.01679	0.01069	0.01679	0.00916	0.01527	0.00916	0.01221	0.02290	0.00305	0.74198	0.00611	0.00305	0.00763
21	0.00848	0.00615	0.00802	0.00951	0.01007	0.00569	0.00639	0.00974	0.01356	0.01790	0.04100	0.69637	0.09835	0.02153	0.00885	0.00280	0.00401	0.01944	0.00648	0.00569
22	0.01700	0.01631	0.02784	0.08828	0.66787	0.01651	0.02128	0.02118	0.01576	0.02247	0.01308	0.01736	0.01094	0.00627	0.00691	0.00209	0.00836	0.00622	0.00343	0.01084
23	0.12382	0.09212	0.41612	0.01977	0.02818	0.01743	0.16390	0.02183	0.01466	0.02293	0.01223	0.01484	0.00905	0.00639	0.00647	0.00217	0.00970	0.00550	0.00326	0.00962
24	0.01644	0.01666	0.02023	0.04118	0.02015	0.12338	0.08905	0.04683	0.01512	0.03929	0.02373	0.02648	0.15511	0.01143	0.01401	0.00255	0.31833	0.00794	0.00423	0.00785
25	0.04078	0.01194	0.03735	0.01191	0.01582	0.03238	0.00992	0.02549	0.07841	0.32943	0.22255	0.03638	0.03298	0.01117	0.00752	0.00228	0.00553	0.07111	0.00756	0.00948
26	0.04369	0.02195	0.07453	0.01627	0.02149	0.20245	0.06008	0.13732	0.16901	0.05209	0.01682	0.01747	0.01272	0.00750	0.00656	0.00196	0.00851	0.00587	0.00515	0.11854

[dist]
# distance from previous block
# <min> <max>
0	29

[block]
# block no. 4 follows, 30 sequences, length 114
# corresponding to MSA columns:
# 273-386
name=unknown_E
#
# <colnr> <probs for GDERKNQSTAVLIFYWHMCP>
#	G	D	E	R	K	N	Q	S	T	A	V	L	I	F	Y	W	H	M	C	P
0	0.06515	0.00868	0.01021	0.00971	0.01191	0.00861	0.00730	0.01710	0.10813	0.06175	0.37327	0.15432	0.10850	0.01430	0.00786	0.00233	0.00401	0.01242	0.00713	0.00731
1	0.02540	0.13959	0.02214	0.01645	0.02073	0.49778	0.01298	0.09076	0.02020	0.07406	0.01250	0.01365	0.00991	0.00723	0.00614	0.00181	0.01082	0.00475	0.00422	0.00888
2	0.01566	0.01745	0.03748	0.04550	0.03420	0.01646	0.60252	0.02113	0.01635	0.02218	0.04195	0.06369	0.01478	0.00718	0.00824	0.00237	0.01092	0.00904	0.00385	0.00904
3	0.01212	0.00606	0.00909	0.00909	0.00909	0.00606	0.00606	0.00909	0.00909	0.01212	0.01212	0.02121	0.01212	0.02424	0.02727	0.79697	0.00606	0.00606	0.00303	0.00303
4	0.01473	0.01364	0.02287	0.42799	0.29884	0.01537	0.01927	0.01910	0.01473	0.02023	0.01331	0.01855	0.01049	0.00676	0.00682	0.00219	0.00855	0.00623	0.05139	0.00894
5	0.01508	0.01412	0.02352	0.46919	0.27925	0.01610	0.01988	0.04273	0.01530	0.02049	0.01281	0.01807	0.01001	0.00676	0.00695	0.00223	0.00889	0.00621	0.00336	0.00905
6	0.01385	0.01235	0.02059	0.09003	0.13401	0.01199	0.15870	0.04073	0.01730	0.05051	0.15694	0.03748	0.20400	0.01088	0.00781	0.00226	0.00687	0.01010	0.00534	0.00826
7	0.01318	0.01240	0.02093	0.73798	0.04806	0.01550	0.01938	0.01783	0.01395	0.01783	0.01240	0.01860	0.00930	0.00698	0.00698	0.00233	0.00930	0.00620	0.00310	0.00775
8	0.00862	0.00616	0.00824	0.00986	0.01031	0.00577	0.00669	0.00993	0.01348	0.01795	0.03839	0.72025	0.04589	0.02175	0.00894	0.00285	0.00415	0.04859	0.00648	0.00570
9	0.01904	0.72121	0.03569	0.01225	0.01810	0.06398	0.01202	0.02126	0.01447	0.01645	0.00976	0.01127	0.00896	0.00603	0.00457	0.00151	0.00773	0.00377	0.00302	0.00891
10	0.01318	0.01240	0.02093	0.73798	0.04806	0.01550	0.01938	0.01783	0.01395	0.01783	0.01240	0.01860	0.00930	0.00698	0.00698	0.00233	0.00930	0.00620	0.00310	0.00775
11	0.01081	0.00772	0.01075	0.01236	0.01377	0.00766	0.01049	0.01371	0.01564	0.02040	0.03719	0.18484	0.04111	0.01969	0.00952	0.00315	0.00605	0.56241	0.00643	0.00631
12	0.00886	0.00653	0.00832	0.00923	0.01025	0.00599	0.00651	0.01068	0.01522	0.02026	0.18554	0.46860	0.15354	0.01949	0.00869	0.00264	0.00390	0.04309	0.00673	0.00593
13	0.00951	0.00712	0.00882	0.00839	0.01020	0.00643	0.00629	0.01245	0.01888	0.02591	0.56317	0.05553	0.21151	0.01504	0.00823	0.00223	0.00335	0.01310	0.00741	0.00643
14	0.01465	0.13695	0.62344	0.01878	0.02849	0.01780	0.02385	0.02193	0.01466	0.02131	0.01213	0.01424	0.00886	0.00654	0.00633	0.00211	0.00992	0.00496	0.00295	0.01012
15	0.01159	0.00987	0.01433	0.01340	0.01426	0.01260	0.01073	0.01379	0.01105	0.01638	0.01577	0.02369	0.01490	0.04003	0.51103	0.00871	0.24062	0.00706	0.00353	0.00666
16	0.00990	0.00666	0.00768	0.00793	0.00799	0.00660	0.00457	0.01008	0.01063	0.01418	0.02447	0.15179	0.02850	0.64436	0.03151	0.00617	0.00636	0.01161	0.00457	0.00445
17	0.00850	0.00607	0.00810	0.00972	0.01012	0.00567	0.00648	0.00972	0.01336	0.01781	0.03846	0.75020	0.04615	0.02186	0.00891	0.00283	0.00405	0.01984	0.00648	0.00567
18	0.01318	0.01240	0.02093	0.73798	0.04806	0.01550	0.01938	0.01783	0.01395	0.01783	0.01240	0.01860	0.00930	0.00698	0.00698	0.00233	0.00930	0.00620	0.00310	0.00775
19	0.01680	0.01747	0.02054	0.07413	0.25835	0.18468	0.04198	0.01989	0.01635	0.02000	0.02010	0.14003	0.02028	0.01090	0.00754	0.00233	0.00859	0.10713	0.00439	0.00851
20	0.80405	0.01350	0.01026	0.00918	0.01350	0.01565	0.00756	0.02051	0.01188	0.03131	0.00972	0.01134	0.00756	0.00648	0.00432	0.00216	0.00540	0.00378	0.00432	0.00756
21	0.00997	0.00748	0.01121	0.01121	0.01246	0.00872	0.00872	0.01246	0.01121	0.01620	0.01869	0.02741	0.01745	0.05234	0.72710	0.01121	0.01869	0.00748	0.00374	0.00623
22	0.00997	0.00748	0.01121	0.01121	0.01246	0.00872	0.00872	0.01246	0.01121	0.01620	0.01869	0.02741	0.01745	0.05234	0.72710	0.01121	0.01869	0.00748	0.00374	0.00623
23	0.15412	0.16887	0.19776	0.02038	0.15448	0.11113	0.01669	0.04402	0.03317	0.02294	0.01192	0.01402	0.00950	0.00660	0.00584	0.00198	0.00860	0.00486	0.00361	0.00949
24	0.02263	0.01500	0.01681	0.01407	0.01869	0.01628	0.01124	0.15304	0.40268	0.21049	0.02609	0.02378	0.01856	0.00906	0.00706	0.00226	0.00602	0.00737	0.00748	0.01141
25	0.03131	0.01188	0.01619	0.01242	0.01781	0.01026	0.01026	0.03401	0.01997	0.71606	0.02753	0.02375	0.01727	0.00864	0.00702	0.00216	0.00594	0.00702	0.00864	0.01188
26	0.01510	0.02044	0.23049	0.01511	0.02047	0.04671	0.03143	0.06408	0.21518	0.02402	0.02697	0.07620	0.10393	0.01122	0.00835	0.04495	0.00730	0.02372	0.00521	0.00915
27	0.04545	0.01643	0.09532	0.22138	0.27478	0.01550	0.01798	0.04272	0.08484	0.02295	0.01778	0.02096	0.04782	0.00755	0.00681	0.00219	0.00792	0.00663	0.03547	0.00952
28	0.00850	0.00607	0.00810	0.00972	0.01012	0.00567	0.00648	0.00972	0.01336	0.01781	0.03846	0.75020	0.04615	0.02186	0.00891	0.00283	0.00405	0.01984	0.00648	0.00567
29	0.03131	0.01188	0.01619	0.01242	0.01781	0.01026	0.01026	0.03401	0.01997	0.71606	0.02753	0.02375	0.01727	0.00864	0.00702	0.00216	0.00594	0.00702	0.00864	0.01188
30	0.04720	0.29284	0.16027	0.03796	0.02106	0.10934	0.01473	0.02173	0.01517	0.06720	0.03684	0.01690	0.03555	0.00784	0.00762	0.00199	0.08775	0.00534	0.00378	0.00889
31	0.01979	0.01481	0.01973	0.24770	0.07996	0.03287	0.01504	0.15701	0.09557	0.13483	0.01754	0.01981	0.01290	0.01012	0.04018	0.00267	0.05788	0.00655	0.00527	0.00978
32	0.04427	0.01843	0.02060	0.04978	0.05001	0.02029	0.01352	0.56311	0.04676	0.07731	0.01711	0.01734	0.01214	0.00822	0.00692	0.00212	0.00758	0.00630	0.00669	0.01152
33	0.18325	0.34934	0.16610	0.01431	0.02059	0.09835	0.04082	0.02187	0.01451	0.02099	0.01056	0.01239	0.00871	0.00634	0.00522	0.00184	0.00833	0.00429	0.00335	0.00886
34	0.00862	0.00651	0.00797	0.00881	0.00996	0.00586	0.00615	0.01029	0.01501	0.01955	0.14244	0.45181	0.24260	0.01956	0.00862	0.00260	0.00379	0.01732	0.00665	0.00586
35	0.01403	0.01430	0.04934	0.55032	0.11203	0.01601	0.06045	0.01928	0.03835	0.01914	0.01306	0.01850	0.00996	0.00706	0.00750	0.00232	0.03032	0.00635	0.00330	0.00840
36	0.01839	0.56199	0.09025	0.01376	0.01923	0.07454	0.01358	0.02100	0.01421	0.01698	0.00995	0.01206	0.00897	0.00684	0.00693	0.00175	0.09350	0.00418	0.00303	0.00885
37	0.00849	0.00612	0.00804	0.00958	0.01009	0.00568	0.00642	0.00973	0.01349	0.01787	0.04014	0.71467	0.08060	0.02164	0.00887	0.00281	0.00402	0.01957	0.00648	0.00568
38	0.01736	0.01499	0.01578	0.01420	0.01815	0.01736	0.01105	0.03708	0.69862	0.02919	0.02840	0.02604	0.02130	0.00947	0.00710	0.00237	0.00552	0.00789	0.00710	0.01105
39	0.02607	0.03326	0.01978	0.01798	0.02157	0.72674	0.01348	0.02787	0.01978	0.01708	0.01079	0.01258	0.00899	0.00719	0.00629	0.00180	0.01258	0.00449	0.00360	0.00809
40	0.00865	0.00687	0.00779	0.00818	0.00992	0.00601	0.00599	0.01054	0.01582	0.01994	0.15033	0.23453	0.43032	0.01829	0.00846	0.00248	0.00373	0.03954	0.00665	0.00595
41	0.01847	0.73026	0.06364	0.01226	0.01840	0.02716	0.01249	0.02094	0.01420	0.01664	0.00981	0.01133	0.00895	0.00600	0.00456	0.00152	0.00758	0.00379	0.00298	0.00901
42	0.00898	0.00710	0.00809	0.00784	0.00988	0.00620	0.00588	0.01144	0.01765	0.02298	0.35868	0.06036	0.41783	0.01613	0.00824	0.00228	0.00342	0.01377	0.00702	0.00620
43	0.01012	0.00686	0.00811	0.00811	0.00829	0.00704	0.00486	0.01047	0.01030	0.01390	0.02153	0.04312	0.02426	0.65675	0.13201	0.00739	0.00843	0.00978	0.00416	0.00451
44	0.01382	0.01175	0.02044	0.01720	0.02037	0.01157	0.21384	0.05238	0.01612	0.05319	0.02780	0.27700	0.02928	0.01471	0.00930	0.00271	0.04010	0.15520	0.00555	0.00767
45	0.01536	0.00994	0.01195	0.01063	0.01357	0.00988	0.00824	0.02256	0.19058	0.14771	0.36093	0.04193	0.10323	0.01238	0.00774	0.00225	0.00434	0.01064	0.00760	0.00857
46	0.02624	0.01800	0.01974	0.01535	0.02074	0.01961	0.01261	0.52891	0.10038	0.13621	0.01947	0.01870	0.01360	0.00853	0.00700	0.00213	0.00721	0.00655	0.00722	0.01178
47	0.01549	0.01268	0.02049	0.63692	0.04402	0.01529	0.01824	0.05003	0.01538	0.08447	0.01402	0.01900	0.01017	0.00720	0.00698	0.00230	0.00891	0.00628	0.00380	0.00833
48	0.01492	0.03480	0.68092	0.01949	0.02954	0.01589	0.02495	0.02274	0.01501	0.05932	0.01333	0.01522	0.00929	0.00674	0.00665	0.00221	0.01008	0.00526	0.00325	0.01040
49	0.00981	0.00713	0.00924	0.00871	0.01039	0.00656	0.00653	0.01304	0.01960	0.02762	0.68226	0.05272	0.09135	0.01440	0.00823	0.00220	0.00330	0.01270	0.00763	0.00656
50	0.01400	0.03610	0.71860	0.01989	0.03020	0.01621	0.02578	0.02210	0.01473	0.02210	0.01252	0.01473	0.00884	0.00663	0.00663	0.00221	0.01031	0.00516	0.00295	0.01031
51	0.01667	0.06773	0.05623	0.15822	0.29005	0.04423	0.08088	0.02118	0.03327	0.05829	0.04108	0.02051	0.03074	0.00927	0.03992	0.00254	0.00898	0.00671	0.00396	0.00953
52	0.02236	0.24873	0.12308	0.01533	0.02169	0.02271	0.01460	0.39038	0.02457	0.03247	0.01400	0.01477	0.01055	0.00739	0.00616	0.00193	0.00798	0.00534	0.00519	0.01076
53	0.00850	0.00607	0.00810	0.00972	0.01012	0.00567	0.00648	0.00972	0.01336	0.01781	0.03846	0.75020	0.04615	0.02186	0.00891	0.00283	0.00405	0.01984	0.00648	0.00567
54	0.02742	0.01184	0.01619	0.01400	0.05440	0.01066	0.01077	0.06035	0.01983	0.55260	0.05213	0.05659	0.02102	0.00988	0.00729	0.00224	0.00600	0.04770	0.00803	0.01106
55	0.02355	0.02736	0.11374	0.01794	0.02297	0.39026	0.06970	0.08509	0.01972	0.10644	0.01514	0.04890	0.01208	0.00796	0.00677	0.00202	0.01057	0.00606	0.00455	0.00918
56	0.01446	0.01427	0.02225	0.31788	0.03165	0.01874	0.05295	0.01752	0.01235	0.01752	0.01077	0.01684	0.00930	0.00970	0.01550	0.00271	0.39845	0.00626	0.00310	0.00778
57	0.01701	0.02594	0.33674	0.12050	0.06045	0.05393	0.06925	0.13705	0.01808	0.02508	0.01357	0.01635	0.01000	0.00716	0.00727	0.00219	0.03108	0.00581	0.03267	0.00986
58	0.01736	0.01499	0.01578	0.01420	0.01815	0.01736	0.01105	0.03708	0.69862	0.02919	0.02840	0.02604	0.02130	0.00947	0.00710	0.00237	0.00552	0.00789	0.00710	0.01105
59	0.02567	0.01410	0.01677	0.01351	0.01840	0.01438	0.01094	0.16460	0.21207	0.36496	0.05048	0.02403	0.01910	0.00902	0.00708	0.00221	0.00607	0.00732	0.00784	0.01145
60	0.01581	0.01508	0.02568	0.29170	0.47381	0.01619	0.02069	0.02013	0.01520	0.02102	0.01287	0.01775	0.01043	0.00649	0.00693	0.00216	0.00865	0.00621	0.00333	0.00987
61	0.01301	0.00650	0.00650	0.00650	0.00813	0.00650	0.00488	0.01626	0.01463	0.02602	0.02276	0.02602	0.01789	0.00813	0.00488	0.00163	0.00325	0.00650	0.79350	0.00650
62	0.00865	0.00651	0.00801	0.00885	0.00998	0.00587	0.00618	0.01035	0.01506	0.01971	0.15341	0.45444	0.22858	0.01952	0.00862	0.00260	0.00379	0.01731	0.00667	0.00587
63	0.15266	0.01322	0.03773	0.01390	0.01791	0.02875	0.10358	0.08525	0.01727	0.16478	0.04780	0.21393	0.05036	0.01180	0.00728	0.00236	0.00643	0.01032	0.00605	0.00861
64	0.01212	0.00606	0.00909	0.00909	0.00909	0.00606	0.00606	0.00909	0.00909	0.01212	0.01212	0.02121	0.01212	0.02424	0.02727	0.79697	0.00606	0.00606	0.00303	0.00303
65	0.01301	0.00650	0.00650	0.00650	0.00813	0.00650	0.00488	0.01626	0.01463	0.02602	0.02276	0.02602	0.01789	0.00813	0.00488	0.00163	0.00325	0.00650	0.79350	0.00650
66	0.01650	0.01475	0.01761	0.01520	0.01710	0.08943	0.03556	0.05382	0.01482	0.07885	0.02343	0.05807	0.12299	0.01609	0.08297	0.00343	0.31875	0.00821	0.00458	0.00784
67	0.06078	0.71897	0.03516	0.01179	0.01767	0.02697	0.01171	0.02087	0.01406	0.01722	0.00970	0.01120	0.00888	0.00600	0.00447	0.00153	0.00735	0.00373	0.00306	0.00888
68	0.02607	0.03326	0.01978	0.01798	0.02157	0.72674	0.01348	0.02787	0.01978	0.01708	0.01079	0.01258	0.00899	0.00719	0.00629	0.00180	0.01258	0.00449	0.00360	0.00809
69	0.01537	0.01464	0.02489	0.36542	0.40348	0.01608	0.02047	0.01975	0.01499	0.02049	0.01279	0.01789	0.01024	0.00657	0.00694	0.00219	0.00876	0.00621	0.00329	0.00952
70	0.02653	0.01955	0.02094	0.01606	0.02164	0.02164	0.01326	0.68796	0.03281	0.04398	0.01675	0.01675	0.01187	0.00838	0.00698	0.00209	0.00768	0.00628	0.00698	0.01187
71	0.01727	0.01658	0.02832	0.04283	0.71123	0.01658	0.02142	0.02142	0.01589	0.02280	0.01313	0.01727	0.01105	0.00622	0.00691	0.00207	0.00829	0.00622	0.00345	0.01105
72	0.00850	0.00607	0.00810	0.00972	0.01012	0.00567	0.00648	0.00972	0.01336	0.01781	0.03846	0.75020	0.04615	0.02186	0.00891	0.00283	0.00405	0.01984	0.00648	0.00567
73	0.01360	0.01284	0.02170	0.66556	0.11715	0.01562	0.01959	0.01820	0.01416	0.01835	0.01248	0.01847	0.00948	0.00690	0.00697	0.00230	0.00920	0.00620	0.00314	0.00810
74	0.01727	0.01658	0.02832	0.04283	0.71123	0.01658	0.02142	0.02142	0.01589	0.02280	0.01313	0.01727	0.01105	0.00622	0.00691	0.00207	0.00829	0.00622	0.00345	0.01105
75	0.00842	0.00638	0.00778	0.00890	0.00991	0.00574	0.00612	0.00981	0.01414	0.01813	0.04835	0.54062	0.24935	0.02058	0.00870	0.00269	0.00389	0.01827	0.00648	0.00574
76	0.19282	0.02311	0.01986	0.04938	0.18347	0.33361	0.01440	0.02368	0.01636	0.02155	0.01107	0.01381	0.00919	0.00710	0.00704	0.00204	0.05432	0.00491	0.00367	0.00863
77	0.02653	0.01955	0.02094	0.01606	0.02164	0.02164	0.01326	0.68796	0.03281	0.04398	0.01675	0.01675	0.01187	0.00838	0.00698	0.00209	0.00768	0.00628	0.00698	0.01187
78	0.01965	0.05777	0.01792	0.01496	0.01901	0.16965	0.01170	0.06021	0.49142	0.02653	0.02320	0.02202	0.01765	0.00876	0.00679	0.00219	0.00722	0.00688	0.00613	0.01034
79	0.01023	0.00767	0.00985	0.01097	0.01276	0.00729	0.00925	0.01293	0.01592	0.02015	0.04736	0.09887	0.24541	0.01888	0.00919	0.00294	0.00545	0.44222	0.00644	0.00623
80	0.01400	0.03610	0.71860	0.01989	0.03020	0.01621	0.02578	0.02210	0.01473	0.02210	0.01252	0.01473	0.00884	0.00663	0.00663	0.00221	0.01031	0.00516	0.00295	0.01031
81	0.01015	0.00677	0.00761	0.00761	0.00761	0.00677	0.00423	0.01015	0.01015	0.01353	0.02199	0.04567	0.02537	0.75476	0.03552	0.00677	0.00677	0.01015	0.00423	0.00423
82	0.02393	0.06104	0.02371	0.02113	0.09043	0.47746	0.08422	0.09633	0.02018	0.02101	0.01195	0.01407	0.00966	0.00703	0.00655	0.00190	0.01133	0.00521	0.00391	0.00896
83	0.00846	0.00625	0.00791	0.00924	0.01000	0.00571	0.00627	0.00977	0.01382	0.01800	0.04424	0.62768	0.16495	0.02111	0.00879	0.00275	0.00396	0.01892	0.00648	0.00571
84	0.01318	0.01240	0.02093	0.73798	0.04806	0.01550	0.01938	0.01783	0.01395	0.01783	0.01240	0.01860	0.00930	0.00698	0.00698	0.00233	0.00930	0.00620	0.00310	0.00775
85	0.00960	0.00772	0.01013	0.00921	0.01140	0.00690	0.04143	0.01245	0.01813	0.02423	0.43045	0.05608	0.30615	0.01512	0.00824	0.00226	0.00382	0.01319	0.00701	0.00647
86	0.01647	0.01882	0.04118	0.02941	0.03647	0.01765	0.68588	0.02235	0.01647	0.02235	0.01412	0.01882	0.01059	0.00588	0.00824	0.00235	0.01176	0.00824	0.00353	0.00941
87	0.01400	0.03610	0.71860	0.01989	0.03020	0.01621	0.02578	0.02210	0.01473	0.02210	0.01252	0.01473	0.00884	0.00663	0.00663	0.00221	0.01031	0.00516	0.00295	0.01031
88	0.01014	0.00679	0.00774	0.00774	0.00778	0.00683	0.00439	0.01023	0.01019	0.01362	0.02187	0.04502	0.02509	0.73002	0.05987	0.00692	0.00719	0.01005	0.00421	0.00430
89	0.00907	0.00710	0.00821	0.00794	0.00993	0.00624	0.00595	0.01161	0.01786	0.02348	0.39375	0.05953	0.38244	0.01594	0.00824	0.00227	0.00341	0.01366	0.00709	0.00624
90	0.01406	0.03563	0.70029	0.02015	0.03037	0.01625	0.04362	0.02211	0.01478	0.02211	0.01257	0.01484	0.00889	0.00661	0.00667	0.00221	0.01035	0.00524	0.00296	0.01029
91	0.00861	0.00615	0.00822	0.00984	0.01029	0.00576	0.00666	0.00990	0.01346	0.01793	0.03840	0.72462	0.04593	0.02176	0.00893	0.00285	0.00414	0.04439	0.00648	0.00570
92	0.00922	0.00711	0.00842	0.00809	0.01002	0.00630	0.00607	0.01190	0.01820	0.02430	0.45047	0.05819	0.32522	0.01564	0.00824	0.00226	0.00339	0.01347	0.00720	0.00630
93	0.01383	0.01307	0.02210	0.62770	0.15327	0.01567	0.01970	0.01840	0.01426	0.01862	0.01252	0.01839	0.00958	0.00686	0.00697	0.00229	0.00914	0.00620	0.00316	0.00828
94	0.02297	0.07642	0.14072	0.01969	0.09029	0.01694	0.10379	0.18755	0.02092	0.22443	0.01787	0.01830	0.01243	0.00744	0.00690	0.00212	0.00820	0.00636	0.00568	0.01098
95	0.06044	0.58217	0.05975	0.01302	0.01872	0.13185	0.01249	0.02197	0.01492	0.01752	0.00998	0.01155	0.00888	0.00621	0.00483	0.00160	0.00824	0.00391	0.00314	0.00881
96	0.01458	0.01548	0.06182	0.44810	0.18447	0.01609	0.12054	0.01949	0.01478	0.01978	0.01282	0.01816	0.00984	0.00663	0.00713	0.00227	0.00951	0.00646	0.00323	0.00883
97	0.01318	0.01240	0.02093	0.73798	0.04806	0.01550	0.01938	0.01783	0.01395	0.01783	0.01240	0.01860	0.00930	0.00698	0.00698	0.00233	0.00930	0.00620	0.00310	0.00775
98	0.00958	0.00699	0.00891	0.01003	0.01093	0.00676	0.00719	0.01194	0.04445	0.01882	0.06170	0.45735	0.08641	0.09802	0.01171	0.00324	0.00475	0.12898	0.00630	0.00593
99	0.01682	0.43316	0.23084	0.01454	0.02115	0.05854	0.01579	0.02076	0.01473	0.01845	0.01347	0.04387	0.01239	0.00771	0.00571	0.00188	0.00836	0.04945	0.00337	0.00901
100	0.03131	0.01188	0.01619	0.01242	0.01781	0.01026	0.01026	0.03401	0.01997	0.71606	0.02753	0.02375	0.01727	0.00864	0.00702	0.00216	0.00594	0.00702	0.00864	0.01188
101	0.00971	0.00713	0.00910	0.00861	0.01032	0.00651	0.00645	0.01285	0.01936	0.02706	0.64294	0.05365	0.13103	0.01461	0.00823	0.00221	0.00332	0.01283	0.00756	0.00651
102	0.01535	0.01445	0.02439	0.27506	0.43190	0.01548	0.01972	0.01960	0.01541	0.02129	0.04469	0.02140	0.01391	0.00728	0.00708	0.00220	0.00834	0.02924	0.00363	0.00958
103	0.01481	0.01460	0.02050	0.01771	0.01782	0.02029	0.01471	0.01642	0.01073	0.01674	0.00998	0.01631	0.00987	0.01566	0.08338	0.00375	0.67987	0.00622	0.00311	0.00751
104	0.03063	0.01296	0.01687	0.01293	0.01835	0.01187	0.01068	0.12642	0.02179	0.62109	0.02601	0.02276	0.01651	0.00860	0.00701	0.00215	0.00618	0.00691	0.00840	0.01187
105	0.01404	0.01376	0.02473	0.56760	0.10321	0.01593	0.12366	0.01884	0.01451	0.01896	0.01273	0.01852	0.00965	0.00674	0.00717	0.00231	0.00960	0.00652	0.00320	0.00829
106	0.01684	0.01614	0.02754	0.11653	0.64092	0.01647	0.02120	0.02104	0.01568	0.02227	0.01305	0.01741	0.01087	0.00630	0.00692	0.00210	0.00840	0.00622	0.00342	0.01070
107	0.01219	0.00966	0.01307	0.01210	0.01283	0.01204	0.00945	0.01413	0.01147	0.01766	0.01688	0.02612	0.01611	0.13924	0.27531	0.00631	0.24281	0.00728	0.13889	0.00642
108	0.01008	0.00674	0.00763	0.00769	0.00771	0.00672	0.00432	0.01013	0.01028	0.01370	0.02264	0.07375	0.02620	0.72554	0.03446	0.00661	0.00666	0.01053	0.00432	0.00429
109	0.02175	0.01435	0.01674	0.01278	0.01814	0.01377	0.01041	0.21092	0.05901	0.18299	0.01810	0.01822	0.01312	0.00743	0.00681	0.00175	0.03201	0.00574	0.03147	0.30450
110	0.02614	0.02014	0.01811	0.01499	0.01965	0.21591	0.01189	0.20132	0.10845	0.23751	0.02143	0.02039	0.03495	0.00854	0.00685	0.00207	0.00814	0.00646	0.00653	0.01052
111	0.01054	0.00749	0.00972	0.00955	0.01016	0.00831	0.00666	0.01183	0.01090	0.01559	0.02003	0.03545	0.02084	0.38515	0.30951	0.00801	0.05074	0.00862	0.05553	0.00536
112	0.01479	0.15974	0.60194	0.01853	0.02810	0.01816	0.02341	0.02189	0.01464	0.02113	0.01204	0.01413	0.00886	0.00652	0.00626	0.00209	0.00983	0.00491	0.00295	0.01008
113	0.01662	0.29273	0.23149	0.02208	0.15517	0.02092	0.07633	0.02118	0.01462	0.01982	0.01151	0.01432	0.00948	0.00664	0.00717	0.00199	0.05996	0.00517	0.00312	0.00969

[dist]
# distance from previous block
# <min> <max>
0	1

[block]
# block no. 5 follows, 30 sequences, length 53
# corresponding to MSA columns:
# 388-440
name=unknown_F
#
# <colnr> <probs for GDERKNQSTAVLIFYWHMCP>
#	G	D	E	R	K	N	Q	S	T	A	V	L	I	F	Y	W	H	M	C	P
0	0.01625	0.01920	0.06753	0.02793	0.03443	0.01795	0.59261	0.02180	0.01583	0.02180	0.01357	0.01830	0.01038	0.00653	0.00961	0.00242	0.08325	0.00790	0.00346	0.00928
1	0.00863	0.00622	0.00820	0.00974	0.01030	0.00580	0.00666	0.00997	0.01362	0.01802	0.04000	0.68238	0.07900	0.02152	0.00891	0.00283	0.00414	0.05185	0.00648	0.00572
2	0.01736	0.04562	0.07019	0.06146	0.12707	0.10180	0.22875	0.05773	0.03631	0.02280	0.07069	0.01976	0.01507	0.00751	0.00826	0.00217	0.05759	0.00699	0.00407	0.03877
3	0.01731	0.23832	0.38840	0.01665	0.02470	0.01989	0.01917	0.08919	0.06044	0.04434	0.01362	0.01493	0.01023	0.00686	0.00609	0.00200	0.00880	0.00509	0.00380	0.01018
4	0.00850	0.00708	0.00742	0.00734	0.00958	0.00600	0.00550	0.01051	0.01651	0.02029	0.17069	0.06480	0.60750	0.01714	0.00824	0.00233	0.00350	0.01440	0.00667	0.00600
5	0.01562	0.01597	0.03251	0.09408	0.07707	0.01548	0.46293	0.02082	0.01588	0.02257	0.01536	0.01992	0.01174	0.00639	0.00746	0.00221	0.00986	0.00761	0.13764	0.00887
6	0.01613	0.01573	0.05778	0.04545	0.06713	0.01770	0.12084	0.03478	0.01367	0.05018	0.01314	0.01778	0.01099	0.00961	0.01487	0.00257	0.37567	0.00650	0.10107	0.00842
7	0.01409	0.00724	0.00831	0.00781	0.00981	0.00700	0.00596	0.01726	0.01616	0.09718	0.17220	0.03153	0.02825	0.01136	0.03599	0.00221	0.00418	0.00793	0.50848	0.00706
8	0.01124	0.00803	0.01124	0.01285	0.01446	0.00803	0.01124	0.01446	0.01606	0.02088	0.03695	0.07871	0.04016	0.01928	0.00964	0.00321	0.00643	0.66426	0.00643	0.00643
9	0.32481	0.01282	0.01414	0.01134	0.01634	0.01280	0.00936	0.05732	0.01745	0.42656	0.02029	0.01873	0.01335	0.00780	0.00599	0.00216	0.00581	0.00575	0.00692	0.01023
10	0.01033	0.00859	0.01431	0.01362	0.01537	0.00812	0.12411	0.01267	0.01434	0.01910	0.03402	0.51339	0.03905	0.01869	0.00891	0.00281	0.00577	0.12440	0.00596	0.00644
11	0.00850	0.00607	0.00810	0.00972	0.01012	0.00567	0.00648	0.00972	0.01336	0.01781	0.03846	0.75020	0.04615	0.02186	0.00891	0.00283	0.00405	0.01984	0.00648	0.00567
12	0.03131	0.01188	0.01619	0.01242	0.01781	0.01026	0.01026	0.03401	0.01997	0.71606	0.02753	0.02375	0.01727	0.00864	0.00702	0.00216	0.00594	0.00702	0.00864	0.01188
13	0.01006	0.00686	0.00824	0.00830	0.00853	0.00706	0.00508	0.01052	0.01045	0.01414	0.02204	0.06894	0.02480	0.60803	0.15197	0.00737	0.00869	0.01006	0.00423	0.00462
14	0.01498	0.01297	0.01603	0.01148	0.01771	0.01014	0.04236	0.04045	0.01519	0.02344	0.01264	0.01477	0.01040	0.00531	0.00538	0.00114	0.00558	0.00441	0.00420	0.73144
15	0.01801	0.01099	0.01505	0.01583	0.12936	0.01016	0.01042	0.02217	0.06532	0.22614	0.20354	0.06099	0.09937	0.01088	0.00737	0.00213	0.00524	0.00942	0.00678	0.07085
16	0.04882	0.35121	0.02641	0.01442	0.01910	0.25402	0.01229	0.04475	0.11126	0.01975	0.01284	0.01398	0.01072	0.00711	0.00598	0.00180	0.02796	0.00470	0.00392	0.00896
17	0.01787	0.01442	0.01555	0.01373	0.01784	0.01610	0.01071	0.03497	0.59405	0.07282	0.02751	0.04126	0.02087	0.00940	0.00701	0.00228	0.00549	0.00785	0.00699	0.06330
18	0.01506	0.07760	0.37358	0.01880	0.02612	0.01673	0.11483	0.04708	0.07267	0.02275	0.03458	0.01833	0.01271	0.01056	0.05931	0.00286	0.04151	0.00622	0.01909	0.00962
19	0.01008	0.00734	0.00912	0.00946	0.01091	0.00695	0.00700	0.01201	0.01546	0.04674	0.15646	0.30163	0.24200	0.03551	0.00982	0.00269	0.03580	0.06824	0.00656	0.00624
20	0.02028	0.02718	0.36719	0.01868	0.05004	0.01805	0.01958	0.29293	0.02244	0.07445	0.01520	0.01621	0.01067	0.00745	0.00681	0.00215	0.00890	0.00577	0.00496	0.01107
21	0.01457	0.01275	0.01530	0.01129	0.01675	0.01075	0.00911	0.01748	0.01402	0.02203	0.01201	0.01457	0.01020	0.00601	0.00729	0.00128	0.09342	0.00437	0.00400	0.70282
22	0.01022	0.00740	0.01083	0.01083	0.01211	0.00854	0.00841	0.01277	0.01149	0.01700	0.01902	0.02730	0.01748	0.04874	0.66835	0.01043	0.01744	0.00740	0.06798	0.00625
23	0.01616	0.01564	0.02720	0.22162	0.49864	0.01637	0.06151	0.02055	0.01542	0.02149	0.01300	0.01771	0.01057	0.00639	0.00701	0.00216	0.00876	0.00634	0.00337	0.01010
