[name]
unknown

[dist]
# distance from previous block
# <min> <max>
8	1058

[block]
# block no. 0 follows, 32 sequences, length 13
# corresponding to MSA columns:
# 1576-1588
name=unknown_A
#
# <colnr> <probs for GDERKNQSTAVLIFYWHMCP>
#	G	D	E	R	K	N	Q	S	T	A	V	L	I	F	Y	W	H	M	C	P
0	0.03382	0.17520	0.11800	0.10743	0.02144	0.01591	0.01319	0.07983	0.07591	0.08060	0.02058	0.02431	0.06862	0.01303	0.08455	0.00298	0.00828	0.04314	0.00457	0.00862
1	0.01425	0.07057	0.08943	0.01296	0.05354	0.04458	0.01032	0.03472	0.05671	0.08414	0.04672	0.18154	0.07844	0.10005	0.05076	0.00311	0.00680	0.00978	0.00510	0.04649
2	0.03900	0.01356	0.03318	0.01314	0.05438	0.04834	0.00984	0.12670	0.06665	0.04093	0.06536	0.11775	0.05562	0.03322	0.00759	0.00199	0.01839	0.00798	0.00524	0.24112
3	0.23143	0.15285	0.02042	0.05003	0.01933	0.01732	0.06800	0.15274	0.01686	0.02673	0.03316	0.01463	0.01083	0.00662	0.00579	0.00181	0.02390	0.00494	0.00434	0.13826
4	0.01527	0.11101	0.02504	0.13143	0.45653	0.01596	0.01750	0.01876	0.01453	0.01992	0.01489	0.10116	0.01400	0.00777	0.00657	0.00204	0.00754	0.00717	0.00355	0.00934
5	0.11862	0.01529	0.02452	0.08447	0.58568	0.01576	0.01875	0.02025	0.01466	0.02265	0.01215	0.01596	0.01008	0.00606	0.00633	0.00202	0.00768	0.00568	0.00341	0.00998
6	0.11591	0.01252	0.01962	0.57199	0.11938	0.01504	0.01740	0.01787	0.01337	0.01936	0.01167	0.01684	0.00892	0.00656	0.00637	0.00219	0.00835	0.00567	0.00317	0.00779
7	0.01148	0.01103	0.01177	0.01124	0.03889	0.10105	0.04574	0.01404	0.01719	0.02153	0.29936	0.04804	0.31633	0.01343	0.00763	0.00213	0.00504	0.01148	0.00604	0.00656
8	0.02510	0.01152	0.01584	0.09638	0.02009	0.01112	0.01091	0.08145	0.01844	0.49956	0.02289	0.02219	0.01534	0.01351	0.10077	0.00321	0.00779	0.00666	0.00696	0.01027
9	0.10515	0.01331	0.01814	0.09397	0.01948	0.01789	0.01352	0.01618	0.01080	0.01779	0.01028	0.01596	0.00958	0.01509	0.10214	0.00368	0.50092	0.00578	0.00316	0.00719
10	0.05720	0.19402	0.18006	0.01500	0.02127	0.01806	0.06809	0.08569	0.15094	0.04053	0.01507	0.01599	0.01154	0.00674	0.00588	0.00187	0.00740	0.00535	0.00434	0.09499
11	0.15939	0.01811	0.01547	0.01383	0.03505	0.20603	0.01059	0.13013	0.07022	0.08760	0.05036	0.02232	0.09424	0.00895	0.00713	0.00206	0.04824	0.00652	0.00523	0.00855
12	0.04682	0.12111	0.01796	0.01186	0.01686	0.01351	0.00996	0.05003	0.11338	0.42626	0.02381	0.02167	0.03723	0.00807	0.00627	0.00196	0.00579	0.00638	0.00685	0.05423

[dist]
# distance from previous block
# <min> <max>
7	20

[block]
# block no. 1 follows, 32 sequences, length 20
# corresponding to MSA columns:
# 1609-1628
name=unknown_B
#
# <colnr> <probs for GDERKNQSTAVLIFYWHMCP>
#	G	D	E	R	K	N	Q	S	T	A	V	L	I	F	Y	W	H	M	C	P
0	0.02187	0.02496	0.04930	0.01599	0.02004	0.39326	0.01270	0.10235	0.24508	0.02323	0.01658	0.01683	0.01279	0.00773	0.00639	0.00196	0.00928	0.00560	0.00488	0.00919
1	0.02119	0.01170	0.01466	0.01084	0.01645	0.00936	0.00881	0.02400	0.01629	0.33888	0.01847	0.01793	0.01294	0.00647	0.00577	0.00148	0.00530	0.00522	0.00592	0.44833
2	0.06192	0.01104	0.01585	0.01379	0.01699	0.01125	0.10647	0.02041	0.11902	0.12309	0.03038	0.10122	0.10430	0.01416	0.03835	0.00283	0.03851	0.15660	0.00583	0.00799
3	0.07399	0.01638	0.08984	0.05384	0.05006	0.01509	0.32665	0.01875	0.01433	0.02085	0.01669	0.07815	0.01536	0.00911	0.00921	0.00243	0.09381	0.08343	0.00385	0.00819
4	0.01797	0.01241	0.01702	0.08127	0.05806	0.01244	0.06243	0.09743	0.11753	0.17121	0.10042	0.02977	0.08295	0.00952	0.00705	0.00211	0.00616	0.03967	0.00609	0.06849
5	0.01154	0.00747	0.00968	0.01011	0.01174	0.00709	0.00804	0.01377	0.01506	0.07980	0.11247	0.12147	0.13179	0.12860	0.01238	0.00326	0.00527	0.29808	0.00619	0.00619
6	0.01486	0.01034	0.01530	0.09808	0.01861	0.01111	0.06854	0.04388	0.05154	0.12554	0.02001	0.05663	0.01811	0.17895	0.17965	0.00513	0.04698	0.02466	0.00475	0.00735
7	0.07787	0.12159	0.17487	0.01534	0.02017	0.24986	0.01451	0.05533	0.01628	0.02019	0.01475	0.04546	0.01356	0.00877	0.00697	0.00207	0.04193	0.08839	0.00387	0.00820
8	0.01392	0.01274	0.02066	0.64047	0.09508	0.01542	0.01834	0.06822	0.01491	0.01937	0.01229	0.01766	0.00925	0.00675	0.00670	0.00220	0.00876	0.00597	0.00328	0.00799
9	0.01191	0.01006	0.01756	0.12090	0.02082	0.01050	0.15787	0.01366	0.01239	0.01652	0.02086	0.09900	0.07816	0.03399	0.08528	0.21293	0.04336	0.02440	0.00382	0.00600
10	0.01897	0.08504	0.22892	0.12598	0.14168	0.03911	0.01770	0.06872	0.01659	0.17120	0.01517	0.01672	0.01085	0.00684	0.00638	0.00203	0.00823	0.00559	0.00438	0.00991
11	0.01358	0.01275	0.08220	0.07147	0.13393	0.01101	0.01231	0.06744	0.04638	0.06267	0.08988	0.15070	0.14739	0.01235	0.00746	0.00229	0.00595	0.05671	0.00546	0.00805
12	0.01469	0.00890	0.01162	0.01078	0.01338	0.00845	0.00872	0.01768	0.03306	0.17093	0.17424	0.10937	0.10023	0.01387	0.00853	0.00238	0.04234	0.17743	0.00658	0.06684
13	0.01540	0.01479	0.04798	0.31511	0.17707	0.06811	0.04243	0.01921	0.01508	0.07172	0.04829	0.02270	0.07309	0.00798	0.00734	0.00215	0.03231	0.00690	0.00396	0.00839
14	0.01415	0.03496	0.18014	0.14747	0.18993	0.01409	0.10294	0.01883	0.01456	0.04315	0.05041	0.07003	0.01538	0.01094	0.06130	0.00280	0.00912	0.00726	0.00374	0.00879
15	0.01813	0.01524	0.10845	0.02095	0.17965	0.01215	0.11523	0.02183	0.01592	0.21689	0.04490	0.05352	0.06923	0.06653	0.00915	0.00247	0.00731	0.00796	0.00517	0.00931
16	0.01688	0.01523	0.07341	0.05111	0.07964	0.01396	0.20058	0.02065	0.01520	0.14722	0.03652	0.02323	0.08525	0.00848	0.00937	0.00220	0.12091	0.00739	0.00457	0.06817
17	0.02027	0.05500	0.16771	0.01548	0.06888	0.01347	0.01365	0.12481	0.03820	0.24985	0.05270	0.08095	0.05069	0.00924	0.00679	0.00211	0.00671	0.00764	0.00594	0.00991
18	0.01856	0.03547	0.21525	0.06866	0.04137	0.10391	0.04385	0.11684	0.10892	0.09915	0.01772	0.06976	0.01405	0.00825	0.00669	0.00212	0.00825	0.00676	0.00484	0.00958
19	0.01725	0.04970	0.06159	0.10497	0.23364	0.10001	0.04153	0.09752	0.04577	0.04211	0.01788	0.07802	0.03235	0.00863	0.00684	0.00211	0.00801	0.03858	0.00436	0.00913

[dist]
# distance from previous block
# <min> <max>
16	91

[block]
# block no. 2 follows, 32 sequences, length 28
# corresponding to MSA columns:
# 1735-1762
name=unknown_C
#
# <colnr> <probs for GDERKNQSTAVLIFYWHMCP>
#	G	D	E	R	K	N	Q	S	T	A	V	L	I	F	Y	W	H	M	C	P
0	0.12076	0.01699	0.01532	0.09827	0.04267	0.20456	0.01110	0.07648	0.05803	0.02230	0.06544	0.10892	0.01838	0.03872	0.00791	0.00222	0.02790	0.00739	0.00461	0.05201
1	0.21284	0.09177	0.01808	0.04734	0.14416	0.01602	0.01155	0.11974	0.08971	0.04408	0.01824	0.02012	0.06349	0.03705	0.00693	0.00216	0.00631	0.00602	0.00473	0.03967
2	0.01497	0.01257	0.01859	0.29352	0.15691	0.04327	0.03249	0.01882	0.03258	0.08554	0.04210	0.11849	0.03774	0.00909	0.00693	0.00215	0.00731	0.00813	0.00440	0.05440
3	0.04312	0.01022	0.01384	0.10224	0.13030	0.01018	0.01042	0.04165	0.03932	0.02312	0.22789	0.07474	0.16101	0.01128	0.00714	0.00208	0.00517	0.00979	0.00548	0.07104
4	0.01453	0.01408	0.01895	0.47121	0.08939	0.08903	0.01613	0.04265	0.05545	0.01879	0.01487	0.06681	0.01273	0.03828	0.00787	0.00236	0.00850	0.00690	0.00367	0.00779
5	0.00864	0.00966	0.08155	0.00811	0.01099	0.00676	0.00705	0.01084	0.01475	0.01805	0.05856	0.05776	0.59214	0.07387	0.00980	0.00258	0.00431	0.01287	0.00571	0.00598
6	0.02632	0.01154	0.01471	0.01170	0.01633	0.01079	0.00953	0.05410	0.11249	0.53657	0.02576	0.02313	0.01702	0.00835	0.00654	0.00205	0.00545	0.00679	0.09006	0.01078
7	0.06141	0.01358	0.01772	0.01404	0.01742	0.01485	0.03836	0.04091	0.01317	0.05063	0.01132	0.01468	0.00966	0.00811	0.01221	0.00199	0.31363	0.00508	0.00381	0.33740
8	0.01266	0.00751	0.00977	0.00899	0.01110	0.00677	0.00681	0.01541	0.01810	0.14160	0.48130	0.12011	0.10590	0.01383	0.00779	0.00218	0.00368	0.01212	0.00733	0.00703
9	0.01699	0.01322	0.01736	0.01325	0.01842	0.01213	0.08519	0.10438	0.10698	0.09155	0.07143	0.02134	0.01702	0.00730	0.00626	0.00167	0.00597	0.02369	0.00534	0.36050
10	0.02009	0.02408	0.01840	0.01638	0.01949	0.48022	0.06631	0.02231	0.01651	0.01659	0.01271	0.01648	0.01099	0.01870	0.20655	0.00425	0.01365	0.00539	0.00349	0.00739
11	0.01550	0.00867	0.01167	0.03981	0.04186	0.00804	0.00820	0.01813	0.01726	0.21558	0.31692	0.04167	0.09782	0.08972	0.01026	0.00261	0.00477	0.03706	0.00681	0.00764
12	0.01692	0.01393	0.01947	0.01801	0.08992	0.04597	0.12508	0.17347	0.03734	0.06600	0.04817	0.13529	0.04834	0.01244	0.02876	0.00256	0.00751	0.09664	0.00554	0.00866
13	0.02193	0.01398	0.01722	0.01413	0.01835	0.01477	0.04018	0.23149	0.15224	0.22353	0.02362	0.07114	0.01875	0.01007	0.00777	0.00226	0.03761	0.06397	0.00680	0.01018
14	0.00929	0.00729	0.00923	0.00980	0.01070	0.00747	0.00723	0.01076	0.01319	0.01724	0.03958	0.35873	0.19635	0.09222	0.01243	0.00306	0.08168	0.10243	0.00567	0.00566
15	0.09949	0.01466	0.12386	0.01477	0.01950	0.01126	0.13277	0.02096	0.01553	0.21535	0.06299	0.19564	0.02258	0.01066	0.00713	0.00227	0.00670	0.00960	0.00564	0.00863
16	0.01777	0.01785	0.04971	0.16854	0.13636	0.17981	0.04809	0.04893	0.03562	0.07645	0.03609	0.08709	0.01640	0.00891	0.00693	0.00214	0.00850	0.04190	0.00442	0.00850
17	0.02460	0.01496	0.11425	0.08905	0.02180	0.01157	0.01280	0.04481	0.03659	0.48038	0.02192	0.02052	0.01430	0.00770	0.00659	0.00204	0.00661	0.00627	0.00667	0.05658
18	0.01737	0.01601	0.02573	0.03672	0.60904	0.01604	0.01905	0.09062	0.01688	0.02402	0.01294	0.01640	0.01067	0.00613	0.00655	0.00194	0.00774	0.00587	0.00371	0.05655
19	0.01799	0.01725	0.12121	0.09812	0.29727	0.01492	0.03530	0.09224	0.04546	0.11649	0.01689	0.03977	0.01349	0.00767	0.00683	0.00213	0.00778	0.03456	0.00457	0.01003
20	0.01673	0.01431	0.02196	0.15698	0.36989	0.01515	0.01690	0.09120	0.07596	0.05362	0.03831	0.04124	0.01520	0.00785	0.00688	0.00213	0.00743	0.03409	0.00444	0.00973
21	0.00963	0.00738	0.00863	0.00852	0.01038	0.00681	0.00639	0.05060	0.01705	0.02236	0.27576	0.17709	0.31465	0.01614	0.00802	0.00231	0.00375	0.04167	0.00664	0.00620
22	0.04836	0.01828	0.18997	0.01534	0.02122	0.01336	0.08963	0.08484	0.08833	0.06901	0.04739	0.03872	0.01693	0.00840	0.00669	0.00204	0.00721	0.07307	0.00487	0.15633
23	0.01556	0.06076	0.29981	0.01828	0.06743	0.01500	0.08783	0.06007	0.04405	0.05223	0.03818	0.01831	0.01272	0.00705	0.00690	0.00197	0.03132	0.02348	0.00397	0.13510
24	0.04712	0.01172	0.01445	0.01618	0.13631	0.04436	0.02380	0.09090	0.05057	0.07036	0.03200	0.25993	0.14847	0.01327	0.00740	0.00229	0.00567	0.01157	0.00568	0.00795
25	0.01821	0.01687	0.09300	0.07724	0.13977	0.07099	0.06884	0.08386	0.03403	0.13433	0.03372	0.02386	0.06260	0.03975	0.00794	0.00223	0.00768	0.02436	0.00487	0.05585
26	0.07757	0.04115	0.05206	0.02235	0.20726	0.07533	0.07525	0.15399	0.04734	0.13806	0.01561	0.01684	0.01152	0.00692	0.00644	0.00199	0.00780	0.00588	0.00497	0.03168
27	0.01675	0.02081	0.18061	0.04510	0.20437	0.06645	0.09535	0.09515	0.10069	0.02425	0.04427	0.02056	0.01441	0.00752	0.00687	0.00212	0.00846	0.03223	0.00428	0.00973

[dist]
# distance from previous block
# <min> <max>
8	31

[block]
# block no. 3 follows, 32 sequences, length 12
# corresponding to MSA columns:
# 1801-1812
name=unknown_D
#
# <colnr> <probs for GDERKNQSTAVLIFYWHMCP>
#	G	D	E	R	K	N	Q	S	T	A	V	L	I	F	Y	W	H	M	C	P
0	0.01559	0.01495	0.02591	0.06896	0.57148	0.01496	0.06773	0.01952	0.01525	0.02161	0.04358	0.06114	0.01467	0.00718	0.00690	0.00207	0.00782	0.00713	0.00365	0.00989
1	0.36121	0.01447	0.01559	0.01604	0.12930	0.01593	0.01098	0.17264	0.08087	0.05685	0.05466	0.01697	0.01352	0.00737	0.00568	0.00207	0.00604	0.00551	0.00517	0.00913
2	0.38056	0.01268	0.01392	0.13574	0.06045	0.01409	0.01057	0.05104	0.06464	0.09726	0.03416	0.01867	0.04786	0.00750	0.00560	0.00210	0.00599	0.00563	0.00482	0.02672
3	0.09359	0.01399	0.03990	0.04630	0.07930	0.04426	0.06146	0.11087	0.07713	0.05496	0.24072	0.02747	0.02805	0.00929	0.00721	0.00209	0.02336	0.00789	0.00564	0.02653
4	0.01335	0.01234	0.01929	0.62470	0.04138	0.01521	0.01729	0.02025	0.13046	0.01898	0.01451	0.01909	0.01088	0.00711	0.00673	0.00224	0.00833	0.00624	0.00363	0.00799
5	0.01337	0.00838	0.01093	0.01072	0.04795	0.00774	0.00766	0.01689	0.04789	0.14276	0.42354	0.06368	0.14607	0.01288	0.00763	0.00214	0.00399	0.01120	0.00711	0.00747
6	0.02718	0.01150	0.01634	0.13559	0.02201	0.01071	0.01134	0.03009	0.01823	0.60774	0.02403	0.02201	0.01532	0.00804	0.00674	0.00210	0.00625	0.00662	0.00741	0.01075
7	0.01502	0.01464	0.01965	0.01695	0.01759	0.01990	0.01400	0.01942	0.12785	0.01815	0.01192	0.01642	0.01077	0.01130	0.01947	0.00283	0.62650	0.00616	0.00359	0.00789
8	0.01294	0.00939	0.01295	0.06207	0.12302	0.00908	0.00976	0.04582	0.01649	0.09031	0.15895	0.17699	0.20026	0.01360	0.00764	0.00227	0.00500	0.03001	0.00600	0.00746
9	0.04604	0.01156	0.01334	0.00998	0.01525	0.00934	0.00795	0.04552	0.01511	0.04918	0.06320	0.03802	0.03778	0.00668	0.00547	0.00128	0.00490	0.00544	0.00462	0.60934
10	0.01883	0.09908	0.06384	0.05647	0.02573	0.09794	0.21538	0.15591	0.15122	0.02538	0.01572	0.01738	0.01190	0.00702	0.00674	0.00206	0.00886	0.00638	0.00459	0.00958
11	0.05085	0.01695	0.08567	0.01370	0.03190	0.13377	0.01155	0.10691	0.07671	0.08879	0.16538	0.03143	0.05476	0.01125	0.02456	0.00235	0.00713	0.07211	0.00575	0.00847

[dist]
# distance from previous block
# <min> <max>
4	28

[block]
# block no. 4 follows, 32 sequences, length 24
# corresponding to MSA columns:
# 1842-1865
name=unknown_E
#
# <colnr> <probs for GDERKNQSTAVLIFYWHMCP>
#	G	D	E	R	K	N	Q	S	T	A	V	L	I	F	Y	W	H	M	C	P
0	0.08385	0.06779	0.20326	0.01649	0.02251	0.05049	0.14232	0.02261	0.10295	0.06669	0.01545	0.01867	0.01219	0.06879	0.00857	0.00236	0.00816	0.00604	0.00414	0.07668
1	0.02053	0.01490	0.04277	0.04762	0.01877	0.05911	0.01104	0.21484	0.02077	0.18269	0.10249	0.02200	0.01868	0.01163	0.06658	0.00261	0.00750	0.00658	0.00597	0.12290
2	0.09942	0.11569	0.08026	0.01305	0.01716	0.07205	0.03902	0.05618	0.03041	0.09073	0.03503	0.17525	0.01880	0.01014	0.00729	0.00208	0.05085	0.00817	0.00482	0.07361
3	0.12267	0.01794	0.01815	0.03438	0.06933	0.14120	0.05237	0.20456	0.13807	0.04397	0.01637	0.01737	0.01236	0.00746	0.00618	0.00200	0.00748	0.00583	0.07293	0.00938
4	0.08746	0.01679	0.02319	0.08197	0.09175	0.01810	0.14866	0.30617	0.10426	0.03137	0.01567	0.01732	0.01161	0.00724	0.00674	0.00212	0.00792	0.00638	0.00521	0.01009
5	0.01531	0.01437	0.02414	0.09473	0.56902	0.01454	0.01847	0.01922	0.01564	0.02221	0.10952	0.02131	0.01772	0.00710	0.00682	0.00203	0.00739	0.00682	0.00385	0.00978
6	0.00864	0.00663	0.00728	0.00737	0.00874	0.00596	0.00505	0.00998	0.01391	0.01756	0.12409	0.12363	0.38562	0.22818	0.01540	0.00349	0.00430	0.01316	0.00575	0.00527
7	0.04261	0.01446	0.01693	0.01435	0.07747	0.01350	0.01057	0.23358	0.01967	0.04781	0.01363	0.01499	0.01056	0.00616	0.00569	0.00146	0.00601	0.00486	0.00491	0.44076
8	0.01268	0.00825	0.01069	0.00984	0.01178	0.00817	0.00747	0.01490	0.01486	0.10852	0.19658	0.15857	0.08487	0.06123	0.09191	0.00340	0.06709	0.01064	0.05314	0.06544
9	0.02438	0.02730	0.01808	0.01603	0.01965	0.56280	0.01220	0.08153	0.02006	0.07975	0.06432	0.01614	0.01357	0.00763	0.00630	0.00181	0.01051	0.00524	0.00443	0.00828
10	0.01008	0.00815	0.01008	0.01072	0.06272	0.00769	0.00731	0.01414	0.07621	0.02357	0.38064	0.05057	0.28511	0.01390	0.00773	0.00217	0.00378	0.01200	0.00664	0.00678
11	0.01267	0.01193	0.02013	0.74806	0.04621	0.01491	0.01863	0.01714	0.01342	0.01714	0.01193	0.01789	0.00894	0.00671	0.00671	0.00224	0.00894	0.00596	0.00298	0.00745
12	0.01568	0.01570	0.02896	0.02196	0.02726	0.01553	0.41413	0.06706	0.13972	0.02372	0.02094	0.02865	0.03846	0.00857	0.00783	0.00236	0.00903	0.10078	0.00470	0.00898
13	0.01482	0.01430	0.07909	0.10393	0.06977	0.01269	0.16993	0.04435	0.03295	0.08034	0.02086	0.02490	0.08013	0.05445	0.11360	0.00358	0.00946	0.00748	0.00430	0.05908
14	0.06226	0.00950	0.01065	0.01053	0.01201	0.07034	0.00801	0.01380	0.01190	0.01729	0.01847	0.05030	0.01767	0.10241	0.46223	0.00785	0.01364	0.02574	0.06933	0.00606
15	0.00880	0.00643	0.00870	0.00934	0.01028	0.00634	0.00669	0.01074	0.01393	0.01911	0.19351	0.39146	0.07545	0.02585	0.17586	0.00441	0.00693	0.01448	0.00589	0.00579
16	0.03859	0.08229	0.11256	0.01903	0.09591	0.41358	0.01480	0.02580	0.09873	0.01926	0.01272	0.01425	0.01020	0.00690	0.00608	0.00186	0.01006	0.00490	0.00373	0.00874
17	0.01393	0.01171	0.01569	0.01922	0.18442	0.05694	0.01253	0.01665	0.01512	0.05757	0.04521	0.14147	0.06507	0.01378	0.00918	0.00255	0.06984	0.23632	0.00520	0.00761
18	0.00966	0.00705	0.00939	0.01073	0.01204	0.00679	0.00871	0.01200	0.01468	0.01896	0.04039	0.27116	0.13362	0.01904	0.00888	0.00287	0.00514	0.39679	0.00620	0.00590
19	0.01279	0.00923	0.01333	0.01135	0.01358	0.00922	0.07602	0.01509	0.01503	0.10282	0.20288	0.04066	0.17224	0.14053	0.06005	0.00352	0.07910	0.01017	0.00563	0.00676
20	0.01706	0.35116	0.08704	0.04275	0.15994	0.01991	0.07260	0.05221	0.01518	0.04612	0.01365	0.06886	0.01221	0.00719	0.00584	0.00184	0.00768	0.00599	0.00364	0.00912
21	0.01448	0.02268	0.34565	0.01620	0.02200	0.03278	0.04507	0.01925	0.01444	0.07997	0.05315	0.02441	0.12014	0.00949	0.00972	0.00229	0.14841	0.00711	0.00408	0.00866
22	0.01380	0.00771	0.00887	0.00845	0.01043	0.00797	0.00647	0.03371	0.06548	0.08118	0.02282	0.07169	0.01891	0.01603	0.12997	0.00331	0.00617	0.00736	0.47263	0.00703
23	0.01216	0.00846	0.00989	0.00949	0.01158	0.00831	0.00713	0.08054	0.06756	0.05702	0.18653	0.23321	0.17262	0.01478	0.00761	0.00228	0.00415	0.02771	0.07196	0.00700

[dist]
# distance from previous block
# <min> <max>
5	6

[block]
# block no. 5 follows, 32 sequences, length 16
# corresponding to MSA columns:
# 1872-1887
name=unknown_F
#
# <colnr> <probs for GDERKNQSTAVLIFYWHMCP>
#	G	D	E	R	K	N	Q	S	T	A	V	L	I	F	Y	W	H	M	C	P
0	0.01822	0.30013	0.21177	0.01459	0.02097	0.05109	0.03755	0.08014	0.05288	0.08773	0.03659	0.01687	0.02994	0.00710	0.00582	0.00185	0.00782	0.00537	0.00417	0.00940
1	0.01768	0.47723	0.14932	0.01240	0.01846	0.02063	0.01296	0.02081	0.01456	0.10310	0.01752	0.01799	0.07802	0.00724	0.00531	0.00171	0.00711	0.00522	0.00385	0.00889
2	0.02922	0.01285	0.01645	0.01261	0.01784	0.01198	0.01042	0.16173	0.02159	0.59457	0.02447	0.02154	0.01560	0.00826	0.00674	0.00206	0.00603	0.00661	0.00800	0.01142
3	0.01510	0.01268	0.06595	0.08359	0.01793	0.05131	0.01148	0.01698	0.01245	0.11487	0.01538	0.02160	0.01329	0.07176	0.19261	0.12201	0.14370	0.00643	0.00394	0.00693
4	0.01680	0.12963	0.29142	0.05178	0.02591	0.01761	0.11484	0.08119	0.12326	0.06054	0.01533	0.01672	0.01130	0.00686	0.00644	0.00206	0.00854	0.00582	0.00416	0.00981
5	0.01333	0.01390	0.07173	0.45825	0.18265	0.01430	0.01854	0.01777	0.01411	0.01880	0.01494	0.02435	0.01286	0.00796	0.00698	0.00228	0.00848	0.08720	0.00343	0.00814
6	0.02966	0.01213	0.01601	0.01228	0.01748	0.01092	0.01014	0.09695	0.02039	0.66105	0.02547	0.02219	0.01611	0.00828	0.00674	0.00207	0.00587	0.00668	0.00815	0.01142
7	0.01263	0.01118	0.02079	0.01675	0.02019	0.01040	0.27471	0.01598	0.01533	0.05898	0.10481	0.27167	0.07179	0.01317	0.00815	0.00244	0.00689	0.05144	0.00537	0.00732
8	0.01647	0.02131	0.18063	0.08346	0.17944	0.13835	0.03233	0.02189	0.06910	0.03867	0.06024	0.02153	0.01541	0.00807	0.00756	0.00214	0.04762	0.04277	0.00400	0.00900
9	0.01447	0.02823	0.52239	0.01754	0.02549	0.01489	0.02098	0.10222	0.01649	0.02360	0.01649	0.02477	0.01393	0.00863	0.00690	0.00227	0.00898	0.11838	0.00387	0.00947
10	0.01346	0.03471	0.72942	0.01912	0.02904	0.01558	0.02479	0.02125	0.01417	0.02125	0.01204	0.01417	0.00850	0.00637	0.00637	0.00212	0.00992	0.00496	0.00283	0.00992
11	0.01298	0.01109	0.06350	0.10033	0.01703	0.04290	0.00999	0.01519	0.01360	0.09736	0.04824	0.31277	0.02784	0.11646	0.04343	0.00335	0.04020	0.01179	0.00518	0.00675
12	0.02100	0.01927	0.16998	0.01590	0.05773	0.10017	0.03077	0.06912	0.04921	0.26250	0.03736	0.06222	0.05682	0.00887	0.00680	0.00210	0.00745	0.00727	0.00573	0.00975
13	0.01292	0.00889	0.00985	0.00889	0.01139	0.00883	0.00687	0.09825	0.07321	0.04764	0.23358	0.04120	0.20979	0.01201	0.00692	0.00203	0.00398	0.01006	0.18645	0.00725
14	0.01285	0.00958	0.01162	0.01086	0.01249	0.01092	0.00826	0.07057	0.12093	0.02071	0.02080	0.04708	0.01933	0.17360	0.21352	0.00544	0.07284	0.03318	0.11854	0.00689
15	0.01606	0.02262	0.24780	0.09814	0.28257	0.04974	0.10296	0.06054	0.01594	0.02213	0.01259	0.01591	0.00970	0.00630	0.00670	0.00208	0.00924	0.00582	0.00335	0.00982

[dist]
# distance from previous block
# <min> <max>
0	1

[block]
# block no. 6 follows, 32 sequences, length 28
# corresponding to MSA columns:
# 1889-1916
name=unknown_G
#
# <colnr> <probs for GDERKNQSTAVLIFYWHMCP>
#	G	D	E	R	K	N	Q	S	T	A	V	L	I	F	Y	W	H	M	C	P
0	0.09737	0.01334	0.02043	0.26523	0.24706	0.01549	0.01638	0.01796	0.01373	0.02064	0.06987	0.01889	0.01378	0.00786	0.00909	0.00225	0.13255	0.00622	0.00357	0.00832
1	0.01686	0.01027	0.01099	0.00952	0.01248	0.01073	0.00750	0.16608	0.09101	0.08665	0.02503	0.02587	0.06869	0.00873	0.00576	0.00183	0.00451	0.00698	0.42230	0.00820
2	0.09726	0.01993	0.09340	0.02039	0.16826	0.11926	0.01466	0.21692	0.07718	0.02775	0.01454	0.01644	0.01129	0.01034	0.06090	0.00266	0.00885	0.00565	0.00465	0.00970
3	0.02137	0.01556	0.01605	0.01335	0.01757	0.07483	0.01064	0.22664	0.23065	0.15932	0.07989	0.02522	0.05998	0.00929	0.00686	0.00210	0.00627	0.00745	0.00680	0.01014
4	0.01056	0.00807	0.01075	0.09605	0.01535	0.00751	0.00805	0.01295	0.01474	0.03744	0.18116	0.32657	0.07248	0.01429	0.00747	0.00218	0.00454	0.01270	0.00574	0.15138
5	0.10397	0.01378	0.01759	0.01542	0.07061	0.03807	0.06745	0.10412	0.06255	0.24265	0.07325	0.02333	0.01797	0.00823	0.00658	0.00203	0.00644	0.03631	0.00608	0.08360
6	0.01393	0.00990	0.01134	0.00989	0.01301	0.00960	0.00770	0.07481	0.13272	0.09407	0.24949	0.04172	0.22145	0.01219	0.00731	0.00209	0.00432	0.01029	0.00676	0.06742
7	0.00959	0.00719	0.01078	0.01078	0.01198	0.00839	0.00839	0.01198	0.01078	0.01558	0.01797	0.02636	0.01677	0.05032	0.73760	0.01078	0.01797	0.00719	0.00359	0.00599
8	0.01772	0.01576	0.02379	0.15422	0.38191	0.01730	0.01794	0.17037	0.01808	0.02506	0.01290	0.01653	0.01034	0.00713	0.00817	0.00213	0.08076	0.00598	0.00398	0.00994
9	0.02364	0.02484	0.01932	0.01651	0.02025	0.38631	0.01294	0.24647	0.06220	0.02553	0.01307	0.01443	0.01025	0.00792	0.00798	0.00198	0.08738	0.00523	0.00466	0.00909
10	0.02146	0.01655	0.02013	0.15422	0.07427	0.01869	0.01424	0.42074	0.07627	0.05614	0.01591	0.01730	0.01162	0.00792	0.00744	0.00212	0.04282	0.00615	0.00566	0.01036
11	0.01558	0.00837	0.00988	0.00902	0.01165	0.00780	0.00707	0.03466	0.03317	0.19414	0.03660	0.04243	0.20412	0.08560	0.00957	0.00256	0.00468	0.08771	0.18800	0.00738
12	0.01270	0.00859	0.01069	0.01063	0.01275	0.00846	0.00855	0.04826	0.06839	0.08041	0.14745	0.09899	0.13076	0.06797	0.01006	0.00284	0.00515	0.25393	0.00649	0.00695
13	0.01285	0.01160	0.01386	0.01307	0.01507	0.09438	0.08020	0.08054	0.01591	0.02018	0.02926	0.47066	0.03295	0.01631	0.00807	0.00252	0.00614	0.06404	0.00565	0.00674
14	0.02023	0.01120	0.01455	0.01450	0.09787	0.01085	0.01005	0.04400	0.13310	0.30695	0.02968	0.09889	0.09255	0.01027	0.00688	0.00214	0.00532	0.00872	0.07267	0.00958
15	0.01011	0.00730	0.00851	0.00854	0.01043	0.00669	0.00627	0.01311	0.06115	0.05992	0.17420	0.24943	0.32649	0.01650	0.00796	0.00235	0.00375	0.01430	0.00660	0.00638
16	0.01865	0.02031	0.01758	0.01783	0.09090	0.31720	0.01258	0.06372	0.01651	0.01878	0.01620	0.08372	0.01612	0.06649	0.01128	0.00254	0.12559	0.07227	0.00411	0.00761
17	0.01413	0.09141	0.02239	0.45322	0.19919	0.01576	0.01737	0.01816	0.01392	0.01868	0.01252	0.01734	0.00988	0.00651	0.00630	0.00205	0.00812	0.00574	0.05908	0.00824
18	0.00895	0.00692	0.00826	0.00912	0.01032	0.00660	0.00637	0.01199	0.08167	0.01845	0.04394	0.51061	0.21429	0.01883	0.00823	0.00256	0.00391	0.01670	0.00629	0.00601
19	0.01311	0.01238	0.02093	0.66852	0.12230	0.01502	0.01885	0.01753	0.01363	0.01768	0.01200	0.01774	0.00913	0.00663	0.00670	0.00221	0.00884	0.00596	0.00302	0.00781
20	0.01763	0.01508	0.02532	0.10726	0.58261	0.01521	0.01928	0.02152	0.01551	0.09504	0.01400	0.01738	0.01109	0.00629	0.00666	0.00203	0.00783	0.00606	0.00381	0.01040
21	0.01462	0.02579	0.42595	0.09008	0.02870	0.01518	0.11859	0.07648	0.01576	0.02302	0.01362	0.01639	0.00994	0.00659	0.00648	0.00209	0.00911	0.00571	0.08660	0.00929
22	0.01930	0.01015	0.01443	0.01509	0.12516	0.00924	0.01001	0.02203	0.01760	0.32778	0.19107	0.10845	0.07828	0.01115	0.00728	0.00215	0.00512	0.00970	0.00694	0.00907
23	0.14186	0.13507	0.13619	0.01624	0.06906	0.01606	0.08632	0.08666	0.03900	0.06883	0.03191	0.08742	0.04102	0.00845	0.00625	0.00207	0.00714	0.00705	0.00454	0.00887
24	0.04188	0.08988	0.17330	0.01628	0.02181	0.03595	0.12101	0.02419	0.08763	0.18154	0.01723	0.01967	0.01305	0.06390	0.00965	0.00246	0.06017	0.00634	0.00474	0.00932
25	0.03300	0.01365	0.04983	0.09953	0.04452	0.04783	0.05930	0.13708	0.03591	0.05685	0.20751	0.02839	0.02657	0.00929	0.00684	0.00206	0.00635	0.02445	0.10278	0.00826
26	0.17294	0.10852	0.07410	0.04197	0.10144	0.14329	0.08462	0.06869	0.06495	0.02364	0.04599	0.01618	0.01237	0.00691	0.00597	0.00197	0.00813	0.00548	0.00409	0.00876
27	0.16190	0.07633	0.09250	0.02902	0.06181	0.18799	0.01266	0.11269	0.01797	0.08465	0.07181	0.03305	0.01485	0.00772	0.00602	0.00196	0.00787	0.00574	0.00469	0.00877

[dist]
# distance from previous block
# <min> <max>
17	56

[block]
# block no. 7 follows, 32 sequences, length 28
# corresponding to MSA columns:
# 1974-1998,2000-2002
name=unknown_H
#
# <colnr> <probs for GDERKNQSTAVLIFYWHMCP>
#	G	D	E	R	K	N	Q	S	T	A	V	L	I	F	Y	W	H	M	C	P
0	0.01723	0.09995	0.09115	0.13206	0.04501	0.01455	0.01298	0.11297	0.07477	0.11423	0.04568	0.09680	0.01724	0.00968	0.00758	0.04329	0.00678	0.00736	0.00504	0.04567
1	0.01915	0.01505	0.02081	0.02252	0.22951	0.03343	0.05417	0.12244	0.12616	0.12452	0.06212	0.02159	0.03127	0.00812	0.00771	0.00210	0.05065	0.00690	0.00538	0.03642
2	0.01419	0.00748	0.00969	0.00952	0.01121	0.00680	0.00673	0.01556	0.01411	0.20257	0.03326	0.39987	0.07323	0.14814	0.01255	0.00319	0.00480	0.01392	0.00639	0.00678
3	0.00959	0.00719	0.01078	0.01078	0.01198	0.00839	0.00839	0.01198	0.01078	0.01558	0.01797	0.02636	0.01677	0.05032	0.73760	0.01078	0.01797	0.00719	0.00359	0.00599
4	0.05606	0.10505	0.17205	0.02155	0.16502	0.14881	0.08355	0.02205	0.03016	0.04957	0.01357	0.01732	0.01107	0.03176	0.00715	0.00211	0.00888	0.01971	0.02555	0.00901
5	0.01440	0.01477	0.05722	0.01497	0.03316	0.13291	0.07434	0.03802	0.01578	0.02033	0.02437	0.13846	0.02494	0.01298	0.00826	0.00245	0.03939	0.23675	0.08935	0.00715
6	0.00874	0.00649	0.00793	0.00840	0.00956	0.00594	0.00594	0.01051	0.01482	0.01960	0.22007	0.30094	0.21219	0.09678	0.01098	0.00287	0.00395	0.04238	0.00630	0.00562
7	0.03318	0.01414	0.05057	0.02132	0.20198	0.01383	0.07468	0.11431	0.05227	0.07034	0.03424	0.09525	0.01748	0.06358	0.08212	0.00334	0.03568	0.00802	0.00476	0.00891
8	0.07672	0.11135	0.12282	0.10022	0.29318	0.01730	0.05249	0.08258	0.01592	0.02305	0.01216	0.01519	0.00968	0.00624	0.00615	0.00196	0.00805	0.00540	0.00356	0.03599
9	0.01061	0.00632	0.00858	0.00880	0.00945	0.00659	0.00621	0.01101	0.01091	0.01598	0.01955	0.12917	0.01971	0.09034	0.20912	0.26885	0.00835	0.00847	0.14720	0.00479
10	0.01069	0.00845	0.01155	0.09878	0.08253	0.00833	0.00919	0.01296	0.01468	0.04908	0.07639	0.23117	0.28527	0.01518	0.00816	0.00239	0.02236	0.04057	0.00564	0.00664
11	0.00844	0.00603	0.00809	0.00965	0.01015	0.00568	0.00669	0.00980	0.01311	0.01743	0.03683	0.69056	0.04380	0.02077	0.00864	0.00276	0.00412	0.08570	0.00622	0.00552
12	0.01887	0.01600	0.01703	0.01566	0.05677	0.04025	0.01170	0.17909	0.50282	0.03046	0.02354	0.02222	0.01760	0.00864	0.00677	0.00219	0.00612	0.00706	0.00650	0.01070
13	0.01491	0.15313	0.46683	0.01785	0.06020	0.04771	0.01995	0.02077	0.01431	0.02024	0.01153	0.01361	0.00879	0.00611	0.00587	0.00186	0.00890	0.00464	0.00302	0.09977
14	0.01528	0.07532	0.44466	0.02130	0.06429	0.03629	0.16465	0.02206	0.03395	0.04091	0.01300	0.01539	0.00953	0.00631	0.00660	0.00210	0.00975	0.00565	0.00326	0.00969
15	0.01461	0.08748	0.25430	0.02274	0.06383	0.01622	0.32014	0.02016	0.01487	0.02059	0.01500	0.06896	0.01282	0.00739	0.00714	0.00219	0.00966	0.02942	0.00345	0.00902
16	0.00848	0.00608	0.00820	0.00953	0.01003	0.00589	0.00654	0.00981	0.01260	0.01691	0.03429	0.62891	0.04046	0.05312	0.08684	0.00374	0.00557	0.04166	0.00586	0.00548
17	0.01476	0.11505	0.02367	0.15740	0.16294	0.04641	0.12816	0.01896	0.03498	0.02093	0.11679	0.02292	0.03437	0.00767	0.00660	0.00200	0.00755	0.00705	0.06349	0.00831
18	0.01753	0.15406	0.18144	0.01487	0.02062	0.01694	0.05866	0.17014	0.08047	0.06874	0.02110	0.08126	0.06757	0.00896	0.00654	0.00206	0.00730	0.00735	0.00496	0.00942
19	0.02212	0.02707	0.01945	0.01738	0.01986	0.53381	0.01345	0.02377	0.01653	0.01634	0.00993	0.01283	0.00869	0.00829	0.01058	0.00207	0.22210	0.00476	0.00331	0.00765
20	0.73141	0.01325	0.01071	0.00935	0.01362	0.01516	0.00770	0.06023	0.01294	0.06115	0.01049	0.01173	0.00792	0.00643	0.00442	0.00207	0.00534	0.00391	0.00448	0.00769
21	0.00969	0.00679	0.00875	0.00875	0.00925	0.00729	0.00586	0.01068	0.01018	0.01407	0.01983	0.03664	0.02124	0.46830	0.32572	0.00828	0.01126	0.00869	0.00387	0.00486
22	0.01391	0.01193	0.01391	0.00994	0.01590	0.00894	0.00795	0.01690	0.01391	0.02186	0.01193	0.01391	0.00994	0.00497	0.00497	0.00099	0.00497	0.00398	0.00398	0.80521
23	0.01185	0.01061	0.01734	0.56051	0.03737	0.01277	0.01595	0.01575	0.01378	0.01782	0.04483	0.10911	0.01811	0.00981	0.00723	0.00237	0.00786	0.07602	0.00385	0.00705
24	0.01602	0.01865	0.20482	0.01506	0.03906	0.01212	0.06747	0.05584	0.01557	0.09016	0.01442	0.03635	0.01128	0.00635	0.00598	0.00162	0.00701	0.00540	0.00423	0.37258
25	0.23575	0.01388	0.01559	0.01338	0.01578	0.01719	0.01099	0.10965	0.07655	0.02511	0.01548	0.01800	0.04901	0.00958	0.01204	0.00241	0.30111	0.00590	0.04459	0.00801
26	0.05754	0.09780	0.12096	0.01392	0.03840	0.05004	0.02731	0.11401	0.03439	0.05457	0.01311	0.01451	0.01017	0.00613	0.00559	0.00157	0.00687	0.00471	0.00428	0.32413
27	0.07879	0.19267	0.14195	0.03734	0.13331	0.03508	0.01417	0.04724	0.07936	0.02274	0.11641	0.02121	0.03744	0.00784	0.00608	0.00194	0.00694	0.00628	0.00432	0.00889

[dist]
# distance from previous block
# <min> <max>
0	2

[block]
# block no. 8 follows, 32 sequences, length 12
# corresponding to MSA columns:
# 2005-2016
name=unknown_I
#
# <colnr> <probs for GDERKNQSTAVLIFYWHMCP>
#	G	D	E	R	K	N	Q	S	T	A	V	L	I	F	Y	W	H	M	C	P
0	0.01520	0.01330	0.01931	0.06655	0.28089	0.01288	0.01378	0.01985	0.07068	0.04263	0.05359	0.01875	0.01433	0.00801	0.02868	0.00201	0.03758	0.00585	0.00417	0.27199
1	0.81159	0.01298	0.00986	0.00882	0.01298	0.01505	0.00727	0.01972	0.01142	0.03010	0.00934	0.01090	0.00727	0.00623	0.00415	0.00208	0.00519	0.00363	0.00415	0.00727
2	0.01335	0.01134	0.01619	0.31531	0.06329	0.03202	0.03114	0.04020	0.07330	0.02133	0.08282	0.04511	0.01894	0.01117	0.05091	0.00265	0.00758	0.03138	0.12438	0.00759
3	0.02886	0.01114	0.01517	0.01173	0.01670	0.00965	0.00965	0.03149	0.01919	0.68467	0.06832	0.02449	0.01943	0.00863	0.00682	0.00208	0.00556	0.00707	0.00825	0.01111
4	0.01227	0.01046	0.01535	0.01735	0.16532	0.01039	0.04942	0.04445	0.05794	0.02301	0.22303	0.03966	0.16038	0.01593	0.08694	0.00312	0.00678	0.04496	0.00553	0.00771
5	0.00875	0.00676	0.00744	0.00751	0.00935	0.00596	0.00559	0.01075	0.01544	0.01986	0.17504	0.09504	0.45051	0.05857	0.00932	0.00250	0.00369	0.04773	0.05444	0.00574
6	0.01319	0.05249	0.05827	0.08827	0.12870	0.01360	0.05141	0.01812	0.09299	0.01905	0.04536	0.02391	0.01639	0.09942	0.19018	0.00476	0.06510	0.00704	0.00393	0.00782
7	0.05680	0.01308	0.01348	0.01301	0.05172	0.09508	0.00935	0.05800	0.12781	0.09446	0.12155	0.17466	0.02700	0.01110	0.00686	0.00209	0.00569	0.00940	0.03418	0.07469
8	0.01715	0.01631	0.01808	0.05484	0.04172	0.12562	0.08302	0.09011	0.19136	0.02451	0.04856	0.02185	0.04756	0.00789	0.00647	0.00190	0.00711	0.00666	0.05290	0.13639
9	0.01885	0.01819	0.02132	0.15344	0.23152	0.17925	0.03995	0.08544	0.01717	0.06077	0.01361	0.01768	0.01107	0.05247	0.00816	0.00221	0.00878	0.00584	0.00397	0.05031
10	0.05737	0.01584	0.06046	0.05741	0.09548	0.05943	0.04051	0.08466	0.11417	0.02370	0.01515	0.01822	0.01234	0.04818	0.03813	0.00237	0.00744	0.00567	0.00438	0.23909
11	0.01547	0.01344	0.01721	0.22779	0.02550	0.07586	0.06220	0.07295	0.08373	0.06168	0.07925	0.07104	0.04889	0.04915	0.00848	0.00239	0.00732	0.03176	0.00494	0.04094

[dist]
# distance from previous block
# <min> <max>
3	12

[block]
# block no. 9 follows, 32 sequences, length 21
# corresponding to MSA columns:
# 2029-2049
name=unknown_J
#
# <colnr> <probs for GDERKNQSTAVLIFYWHMCP>
#	G	D	E	R	K	N	Q	S	T	A	V	L	I	F	Y	W	H	M	C	P
0	0.07160	0.13950	0.04797	0.08533	0.13707	0.19358	0.01331	0.02112	0.05326	0.02087	0.13457	0.02046	0.01902	0.00778	0.00618	0.00191	0.00786	0.00614	0.00418	0.00831
1	0.17244	0.11038	0.13288	0.04677	0.09509	0.01469	0.03401	0.01992	0.01383	0.06740	0.01240	0.01461	0.00975	0.00771	0.03372	0.00209	0.00731	0.00474	0.00382	0.19642
2	0.01920	0.07279	0.03853	0.07752	0.04324	0.32647	0.05947	0.02368	0.09435	0.03959	0.04457	0.03675	0.01446	0.02898	0.04947	0.00256	0.00993	0.00616	0.00413	0.00815
3	0.01318	0.07310	0.31687	0.05701	0.02579	0.01436	0.17286	0.01842	0.01444	0.02002	0.05286	0.05425	0.06743	0.05983	0.00879	0.00245	0.00869	0.00756	0.00368	0.00841
4	0.01301	0.01217	0.02049	0.59865	0.13870	0.01461	0.01821	0.01728	0.01350	0.01771	0.01244	0.01829	0.00971	0.00958	0.05654	0.00278	0.00942	0.00605	0.00307	0.00780
5	0.01141	0.00939	0.01348	0.04177	0.07973	0.01003	0.03622	0.01602	0.09953	0.01912	0.06568	0.05593	0.08435	0.08916	0.26979	0.00571	0.01028	0.07064	0.00474	0.00700
6	0.01251	0.00625	0.00625	0.00625	0.00782	0.00625	0.00469	0.01563	0.01407	0.02502	0.02189	0.02502	0.01720	0.00782	0.00469	0.00156	0.00313	0.00625	0.80144	0.00625
7	0.01996	0.05701	0.01577	0.01180	0.01584	0.01473	0.00965	0.33032	0.04517	0.10182	0.08441	0.02576	0.08319	0.00926	0.00645	0.00195	0.00566	0.00734	0.14454	0.00935
8	0.01364	0.01346	0.02007	0.65573	0.04281	0.06467	0.01802	0.01775	0.01362	0.01704	0.01164	0.01731	0.00892	0.00701	0.00755	0.00224	0.05220	0.00585	0.00301	0.00747
9	0.01251	0.00625	0.00625	0.00625	0.00782	0.00625	0.00469	0.01563	0.01407	0.02502	0.02189	0.02502	0.01720	0.00782	0.00469	0.00156	0.00313	0.00625	0.80144	0.00625
10	0.36315	0.01591	0.01403	0.01372	0.06769	0.13263	0.00992	0.08736	0.01493	0.02558	0.01248	0.03991	0.01075	0.02929	0.00801	0.03321	0.05818	0.00525	0.05036	0.00764
11	0.01622	0.01599	0.02919	0.03635	0.52098	0.01571	0.18360	0.02057	0.01535	0.02197	0.01331	0.01738	0.01084	0.00599	0.00686	0.00204	0.00854	0.00646	0.04263	0.01003
12	0.04852	0.05256	0.11861	0.01188	0.01614	0.03931	0.01082	0.07898	0.09014	0.06191	0.24104	0.05329	0.07327	0.01022	0.00681	0.00202	0.00567	0.00848	0.00579	0.06454
13	0.00963	0.00701	0.00986	0.00986	0.01074	0.00789	0.00724	0.01139	0.01051	0.01489	0.01882	0.03104	0.01881	0.24060	0.55010	0.00964	0.01492	0.00787	0.00372	0.00548
14	0.01863	0.01802	0.05485	0.07927	0.02083	0.19814	0.03834	0.08809	0.05226	0.09358	0.03579	0.04703	0.01877	0.05377	0.00918	0.00250	0.03157	0.12617	0.00502	0.00818
15	0.00891	0.00662	0.00830	0.00833	0.00978	0.00601	0.00608	0.01137	0.01695	0.02312	0.44740	0.20790	0.18263	0.01593	0.00806	0.00227	0.00337	0.01403	0.00692	0.00601
16	0.01966	0.38432	0.10852	0.01517	0.04035	0.19135	0.01383	0.06183	0.01603	0.03709	0.01080	0.01248	0.00905	0.00662	0.00618	0.00173	0.04847	0.00434	0.00339	0.00879
17	0.01370	0.06768	0.12068	0.10160	0.24108	0.01380	0.03457	0.01837	0.04712	0.02053	0.04293	0.02772	0.14465	0.00878	0.00675	0.00205	0.00708	0.02548	0.00411	0.05133
18	0.01438	0.12877	0.09612	0.07621	0.09215	0.04600	0.02903	0.05113	0.03048	0.01942	0.05144	0.02002	0.01457	0.01984	0.21714	0.00455	0.07082	0.00619	0.00369	0.00805
19	0.46491	0.14483	0.09819	0.01114	0.01622	0.01714	0.01049	0.02227	0.09753	0.04575	0.01232	0.01331	0.00951	0.00657	0.00483	0.00200	0.00611	0.00435	0.00422	0.00833
20	0.06613	0.01316	0.13905	0.03164	0.01533	0.01016	0.04652	0.01450	0.03379	0.01759	0.01903	0.09974	0.01965	0.29663	0.03399	0.05946	0.02996	0.02418	0.02329	0.00619

[dist]
# distance from previous block
# <min> <max>
2	6

[block]
# block no. 10 follows, 32 sequences, length 10
# corresponding to MSA columns:
# 2056-2065
name=unknown_K
#
# <colnr> <probs for GDERKNQSTAVLIFYWHMCP>
#	G	D	E	R	K	N	Q	S	T	A	V	L	I	F	Y	W	H	M	C	P
0	0.01528	0.07640	0.16706	0.04394	0.19537	0.01472	0.08255	0.05083	0.03826	0.04404	0.11631	0.02187	0.01854	0.03158	0.00751	0.00213	0.00756	0.00675	0.00425	0.05504
1	0.01611	0.27011	0.29286	0.01760	0.02466	0.07668	0.13782	0.02087	0.01449	0.01877	0.01168	0.01485	0.00952	0.03832	0.00713	0.00208	0.00930	0.00519	0.00305	0.00892
2	0.01826	0.10216	0.23136	0.01676	0.02244	0.22824	0.05947	0.05896	0.04049	0.04165	0.01556	0.06330	0.01357	0.00833	0.00653	0.00204	0.00934	0.04881	0.00399	0.00874
3	0.01251	0.00625	0.00625	0.00625	0.00782	0.00625	0.00469	0.01563	0.01407	0.02502	0.02189	0.02502	0.01720	0.00782	0.00469	0.00156	0.00313	0.00625	0.80144	0.00625
4	0.01595	0.01655	0.01425	0.01267	0.01540	0.22331	0.03021	0.08536	0.04075	0.02053	0.07111	0.05701	0.24956	0.04727	0.00960	0.00234	0.06659	0.00923	0.00510	0.00721
5	0.01001	0.00773	0.01128	0.01104	0.01204	0.00920	0.00853	0.01213	0.01066	0.01541	0.01750	0.02689	0.01677	0.10662	0.62192	0.00980	0.07565	0.00730	0.00358	0.00594
6	0.01468	0.01468	0.02055	0.01762	0.01762	0.02055	0.01468	0.01615	0.01028	0.01615	0.00881	0.01468	0.00881	0.01174	0.02202	0.00294	0.75191	0.00587	0.00294	0.00734
7	0.01362	0.00927	0.01184	0.00966	0.01300	0.00779	0.00729	0.01433	0.01203	0.05554	0.01306	0.01774	0.01145	0.01537	0.06746	0.30218	0.00630	0.00506	0.00378	0.40323
8	0.34152	0.01456	0.01595	0.01938	0.22123	0.08090	0.01175	0.02023	0.01402	0.07652	0.01532	0.11241	0.01397	0.00833	0.00583	0.00211	0.00652	0.00665	0.00443	0.00837
9	0.01764	0.01618	0.02250	0.29640	0.27232	0.06711	0.01766	0.16492	0.01833	0.02411	0.01295	0.01666	0.01003	0.00676	0.00664	0.00207	0.00850	0.00587	0.00393	0.00942

[dist]
# distance from previous block
# <min> <max>
2	10

[block]
# block no. 11 follows, 32 sequences, length 11
# corresponding to MSA columns:
# 2077-2087
name=unknown_L
#
# <colnr> <probs for GDERKNQSTAVLIFYWHMCP>
#	G	D	E	R	K	N	Q	S	T	A	V	L	I	F	Y	W	H	M	C	P
0	0.06808	0.30420	0.37610	0.01490	0.02233	0.01902	0.01746	0.02015	0.01410	0.02018	0.05713	0.01504	0.01205	0.00661	0.00556	0.00186	0.00814	0.00483	0.00323	0.00902
1	0.09518	0.02001	0.06676	0.10039	0.07043	0.19203	0.07995	0.08783	0.04501	0.04419	0.05137	0.01722	0.01281	0.00768	0.00794	0.00211	0.08041	0.00589	0.00418	0.00860
2	0.01377	0.01237	0.01850	0.11684	0.20015	0.01326	0.05126	0.06337	0.08226	0.02130	0.02581	0.07206	0.13869	0.01430	0.08458	0.00313	0.04688	0.00860	0.00454	0.00833
3	0.01068	0.00880	0.01289	0.01226	0.01320	0.01101	0.00974	0.01288	0.01067	0.01570	0.01600	0.02384	0.01506	0.04200	0.58328	0.00909	0.17625	0.00691	0.00345	0.00628
4	0.01681	0.01477	0.01793	0.12858	0.02280	0.07420	0.07035	0.18780	0.13475	0.02552	0.02099	0.13887	0.01905	0.01272	0.04935	0.00276	0.00800	0.04077	0.00532	0.00866
5	0.01251	0.00625	0.00625	0.00625	0.00782	0.00625	0.00469	0.01563	0.01407	0.02502	0.02189	0.02502	0.01720	0.00782	0.00469	0.00156	0.00313	0.00625	0.80144	0.00625
6	0.01251	0.00625	0.00625	0.00625	0.00782	0.00625	0.00469	0.01563	0.01407	0.02502	0.02189	0.02502	0.01720	0.00782	0.00469	0.00156	0.00313	0.00625	0.80144	0.00625
7	0.07078	0.09685	0.02957	0.08976	0.17248	0.05203	0.26495	0.10137	0.01699	0.02339	0.01265	0.01599	0.00988	0.00621	0.00668	0.00205	0.00913	0.00621	0.00373	0.00929
8	0.15134	0.01751	0.02746	0.02030	0.02613	0.01807	0.32975	0.27241	0.02092	0.03062	0.01381	0.01617	0.01015	0.00664	0.00685	0.00214	0.00884	0.00651	0.00475	0.00963
9	0.01719	0.19156	0.06709	0.01253	0.01741	0.10891	0.01106	0.07558	0.05898	0.04923	0.01693	0.01854	0.05213	0.01204	0.08971	0.00267	0.00838	0.00546	0.00424	0.18037
10	0.22865	0.08506	0.08074	0.01119	0.01589	0.01353	0.01014	0.07829	0.01681	0.21543	0.10935	0.02095	0.01843	0.00800	0.00581	0.00199	0.00573	0.00609	0.05903	0.00890

[dist]
# distance from previous block
# <min> <max>
0	2

[block]
# block no. 12 follows, 32 sequences, length 11
# corresponding to MSA columns:
# 2090-2100
name=unknown_M
#
# <colnr> <probs for GDERKNQSTAVLIFYWHMCP>
#	G	D	E	R	K	N	Q	S	T	A	V	L	I	F	Y	W	H	M	C	P
0	0.09131	0.20642	0.07890	0.01196	0.01705	0.01626	0.01093	0.07709	0.10841	0.04574	0.06266	0.04425	0.01660	0.00787	0.00574	0.00179	0.00611	0.02708	0.00473	0.15910
1	0.71631	0.01285	0.01035	0.00896	0.01333	0.01432	0.00735	0.01939	0.01172	0.02912	0.00965	0.01126	0.00759	0.00608	0.00425	0.00195	0.00516	0.00367	0.00413	0.10257
