[name]
unknown

[dist]
# distance from previous block
# <min> <max>
4	30

[block]
# block no. 0 follows, 36 sequences, length 105
# corresponding to MSA columns:
# 71-88,92-178
name=unknown_A
#
# <colnr> <probs for GDERKNQSTAVLIFYWHMCP>
#	G	D	E	R	K	N	Q	S	T	A	V	L	I	F	Y	W	H	M	C	P
0	0.06137	0.14304	0.15820	0.02770	0.01737	0.05758	0.04172	0.06114	0.02901	0.05085	0.01879	0.13532	0.05737	0.06215	0.00808	0.00221	0.02589	0.00743	0.00407	0.03073
1	0.05855	0.26848	0.12596	0.02759	0.01725	0.07668	0.03212	0.05982	0.03685	0.01841	0.01740	0.09866	0.06764	0.03524	0.00695	0.00197	0.03263	0.00654	0.00373	0.00754
2	0.01342	0.26618	0.27456	0.01269	0.01810	0.02879	0.01365	0.05202	0.01376	0.01827	0.05022	0.12106	0.03674	0.04644	0.00697	0.00204	0.00692	0.00681	0.00361	0.00775
3	0.08882	0.28547	0.16014	0.01218	0.01731	0.01676	0.02771	0.07203	0.05494	0.02015	0.02827	0.08459	0.01321	0.00892	0.03561	0.00206	0.00691	0.00571	0.00372	0.05546
4	0.03413	0.33926	0.14344	0.01229	0.01720	0.05893	0.01199	0.13600	0.01554	0.02004	0.01396	0.11185	0.01328	0.03904	0.00641	0.00190	0.00691	0.00606	0.00377	0.00801
5	0.04996	0.25775	0.22042	0.01399	0.01993	0.05313	0.02821	0.20342	0.01734	0.02324	0.01282	0.01399	0.03155	0.00656	0.00568	0.00175	0.02292	0.00474	0.00377	0.00882
6	0.05197	0.36410	0.31541	0.01418	0.02090	0.03421	0.04823	0.03377	0.01335	0.01811	0.01130	0.01290	0.02551	0.00590	0.00507	0.00169	0.00778	0.00432	0.00289	0.00841
7	0.08560	0.23594	0.31766	0.01373	0.01977	0.03806	0.01525	0.01905	0.03142	0.03497	0.02959	0.01872	0.01217	0.00726	0.00592	0.00189	0.02941	0.07206	0.00337	0.00816
8	0.03048	0.08894	0.48962	0.01452	0.02144	0.01321	0.01748	0.01740	0.01362	0.01960	0.08257	0.02360	0.09260	0.00808	0.00612	0.00197	0.00751	0.03954	0.00353	0.00816
9	0.03030	0.04254	0.20911	0.01538	0.02064	0.01295	0.13483	0.01906	0.05784	0.07796	0.03288	0.08233	0.01443	0.00794	0.00748	0.00196	0.07469	0.02410	0.00400	0.12959
10	0.00841	0.00831	0.06639	0.03309	0.01184	0.00647	0.00771	0.01057	0.01343	0.01731	0.07397	0.31059	0.28643	0.01607	0.00759	0.00234	0.00429	0.10406	0.00548	0.00565
11	0.01568	0.01343	0.01420	0.01260	0.01625	0.01534	0.00983	0.05634	0.67750	0.02629	0.02442	0.02254	0.01833	0.00826	0.00627	0.00206	0.00499	0.00686	0.00623	0.04259
12	0.02471	0.01179	0.01488	0.01129	0.01626	0.01065	0.00929	0.13903	0.01884	0.50908	0.02073	0.01879	0.01359	0.00715	0.00598	0.00175	0.00543	0.00572	0.00679	0.14826
13	0.05568	0.01643	0.10595	0.01994	0.02579	0.01386	0.38785	0.02251	0.01499	0.21898	0.01537	0.01718	0.01074	0.00625	0.00727	0.00206	0.03935	0.00650	0.00436	0.00895
14	0.06178	0.03950	0.30591	0.03537	0.14335	0.03286	0.10149	0.07790	0.08142	0.02215	0.01410	0.01598	0.02763	0.00638	0.00607	0.00195	0.00804	0.00551	0.00357	0.00903
15	0.01100	0.00673	0.00876	0.00834	0.01007	0.00609	0.00621	0.01337	0.01618	0.11892	0.44087	0.20127	0.10051	0.01375	0.00733	0.00209	0.00342	0.01213	0.00666	0.00629
16	0.00777	0.00569	0.00722	0.00829	0.00899	0.00525	0.00568	0.00902	0.01249	0.01640	0.07186	0.57733	0.14454	0.05392	0.00896	0.00261	0.00370	0.03944	0.00574	0.00509
17	0.01477	0.07584	0.29331	0.07989	0.15341	0.06076	0.09654	0.04435	0.03730	0.03467	0.01353	0.03060	0.02452	0.00644	0.00610	0.00192	0.00837	0.00561	0.00329	0.00878
18	0.01556	0.03842	0.08307	0.05281	0.15014	0.04371	0.01209	0.03855	0.13575	0.12916	0.02359	0.09280	0.08423	0.04295	0.00756	0.00220	0.00616	0.02794	0.00495	0.00837
19	0.00811	0.00602	0.00768	0.00877	0.00976	0.00559	0.00650	0.00973	0.01307	0.01691	0.05591	0.45310	0.18847	0.01807	0.00796	0.00250	0.00397	0.16682	0.00580	0.00527
20	0.01319	0.02676	0.50974	0.04135	0.02837	0.01483	0.20203	0.02030	0.04687	0.01997	0.01220	0.01467	0.00882	0.00587	0.00632	0.00202	0.00932	0.00545	0.00294	0.00896
21	0.01574	0.05336	0.25671	0.07286	0.02188	0.16514	0.01488	0.04716	0.16473	0.03510	0.04071	0.01884	0.05138	0.00739	0.00603	0.00191	0.00786	0.00576	0.00407	0.00847
22	0.02565	0.01058	0.01406	0.01099	0.01547	0.00948	0.00900	0.04887	0.05254	0.63165	0.08344	0.02322	0.01905	0.00816	0.00636	0.00194	0.00513	0.00670	0.00753	0.01018
23	0.01082	0.00541	0.00812	0.00812	0.00812	0.00541	0.00541	0.00812	0.00812	0.01082	0.01082	0.01894	0.01082	0.02165	0.02435	0.81872	0.00541	0.00541	0.00271	0.00271
24	0.00954	0.00787	0.01100	0.01038	0.01230	0.00751	0.07588	0.03264	0.06129	0.01896	0.10411	0.31940	0.21501	0.01527	0.00759	0.00231	0.00447	0.07277	0.00567	0.00605
25	0.02327	0.02970	0.01766	0.01605	0.01926	0.75602	0.01204	0.02488	0.01766	0.01525	0.00963	0.01124	0.00803	0.00642	0.00562	0.00161	0.01124	0.00401	0.00321	0.00722
26	0.01250	0.03223	0.74875	0.01776	0.02697	0.01447	0.02302	0.01973	0.01315	0.01973	0.01118	0.01315	0.00789	0.00592	0.00592	0.00197	0.00921	0.00460	0.00263	0.00921
27	0.01431	0.01364	0.02144	0.09979	0.51654	0.03930	0.01667	0.01809	0.03186	0.01948	0.01682	0.03971	0.04813	0.00757	0.00648	0.00199	0.00712	0.06870	0.00357	0.00880
28	0.01103	0.00779	0.00860	0.04437	0.01024	0.02604	0.00562	0.07347	0.01205	0.01662	0.02013	0.10812	0.02150	0.47646	0.02155	0.00441	0.00569	0.00889	0.11241	0.00502
29	0.02578	0.01140	0.01446	0.01120	0.01576	0.01067	0.00922	0.15133	0.01945	0.55846	0.02251	0.02028	0.01462	0.00763	0.00609	0.00188	0.00537	0.00611	0.07762	0.01019
30	0.01274	0.01087	0.01272	0.00917	0.01453	0.00820	0.00732	0.01552	0.01312	0.02050	0.04217	0.01436	0.01135	0.00496	0.00473	0.00097	0.00454	0.00402	0.00383	0.78438
31	0.01344	0.18421	0.57309	0.01668	0.02498	0.01659	0.05027	0.01952	0.01312	0.01871	0.01073	0.01267	0.00798	0.00577	0.00559	0.00185	0.00875	0.00446	0.00266	0.00893
32	0.00745	0.00599	0.00664	0.00716	0.00864	0.00519	0.00511	0.00885	0.01338	0.01650	0.05276	0.31803	0.48825	0.01713	0.00758	0.00226	0.00332	0.01479	0.00579	0.00519
33	0.00759	0.00542	0.00723	0.00868	0.00904	0.00506	0.00578	0.00868	0.01193	0.01591	0.03434	0.77697	0.04121	0.01952	0.00795	0.00253	0.00361	0.01771	0.00578	0.00506
34	0.01321	0.01323	0.06279	0.01392	0.07229	0.00999	0.08912	0.01661	0.01327	0.02019	0.01186	0.01502	0.00990	0.00516	0.00522	0.00124	0.00580	0.02203	0.00357	0.59559
35	0.01398	0.01359	0.01694	0.01480	0.01562	0.07390	0.01210	0.06060	0.01156	0.01647	0.01061	0.01593	0.00996	0.01827	0.18131	0.00420	0.49460	0.00562	0.00313	0.00681
36	0.01445	0.01687	0.08673	0.09311	0.22980	0.01531	0.39198	0.01923	0.01412	0.01957	0.01200	0.01604	0.00932	0.00561	0.00714	0.00204	0.02849	0.00643	0.00305	0.00870
37	0.12219	0.07361	0.08116	0.01242	0.01657	0.07020	0.03113	0.18109	0.10155	0.07381	0.01700	0.04057	0.03132	0.07440	0.04413	0.00263	0.00711	0.00608	0.00476	0.00827
38	0.01664	0.37054	0.27634	0.01355	0.02005	0.05940	0.01484	0.04859	0.01419	0.07431	0.01114	0.01231	0.00868	0.00584	0.00503	0.00162	0.00764	0.00414	0.00325	0.03192
39	0.00891	0.00744	0.03053	0.00981	0.01119	0.00684	0.02541	0.01072	0.01266	0.01667	0.05505	0.28801	0.16552	0.03485	0.07587	0.04112	0.03007	0.15875	0.00515	0.00544
40	0.00849	0.00623	0.00795	0.00778	0.00917	0.00570	0.00574	0.01102	0.01647	0.02282	0.56587	0.14824	0.13333	0.01401	0.00743	0.00205	0.00306	0.01236	0.00659	0.00570
41	0.01454	0.39787	0.37522	0.01401	0.02121	0.01922	0.01647	0.01907	0.01291	0.01728	0.00995	0.01161	0.00799	0.00559	0.00494	0.00163	0.00781	0.00395	0.00268	0.03604
42	0.01132	0.00623	0.00705	0.00733	0.00872	0.00615	0.00548	0.01420	0.03366	0.05047	0.02490	0.20316	0.02348	0.01095	0.00566	0.00185	0.00344	0.06246	0.50753	0.00594
43	0.00949	0.00679	0.00938	0.01061	0.01186	0.00667	0.00887	0.01206	0.01428	0.01885	0.10853	0.18830	0.03922	0.01713	0.00836	0.00271	0.00508	0.51030	0.00586	0.00564
44	0.00841	0.00604	0.00815	0.00951	0.01029	0.00577	0.00714	0.01013	0.01291	0.01704	0.05171	0.51166	0.05719	0.01851	0.00814	0.00262	0.00428	0.23940	0.00579	0.00531
45	0.25415	0.11727	0.17884	0.01471	0.02030	0.01625	0.13903	0.09854	0.01437	0.02351	0.01251	0.01435	0.03361	0.00636	0.00587	0.00192	0.03165	0.00501	0.00361	0.00813
46	0.01459	0.01646	0.03484	0.02518	0.03080	0.01612	0.64270	0.01942	0.01414	0.01942	0.01212	0.01646	0.00932	0.00587	0.00878	0.00217	0.09313	0.00715	0.00311	0.00823
47	0.00760	0.00622	0.00671	0.00680	0.00861	0.00533	0.00502	0.00932	0.01444	0.01790	0.15747	0.13868	0.56275	0.01576	0.00743	0.00213	0.00318	0.01339	0.00594	0.00533
48	0.01837	0.01489	0.01880	0.01646	0.07566	0.09414	0.11008	0.14950	0.09053	0.13536	0.13829	0.02190	0.01968	0.00815	0.00747	0.00198	0.05781	0.00687	0.00533	0.00874
49	0.01402	0.01365	0.02116	0.01723	0.01889	0.01711	0.14125	0.06985	0.01206	0.01770	0.01055	0.01564	0.00951	0.01401	0.10728	0.00344	0.48029	0.00596	0.00315	0.00724
50	0.01004	0.00717	0.01004	0.01147	0.01291	0.00717	0.01004	0.01291	0.01434	0.01865	0.03299	0.07028	0.03586	0.01721	0.00861	0.00287	0.00574	0.70023	0.00574	0.00574
51	0.01284	0.08214	0.67850	0.01755	0.02641	0.01519	0.04401	0.01967	0.01317	0.01940	0.01106	0.01306	0.00795	0.00586	0.00584	0.00193	0.00908	0.00460	0.00265	0.00910
52	0.03783	0.08797	0.48359	0.09033	0.04700	0.03659	0.01936	0.06471	0.01433	0.04576	0.01158	0.01356	0.00841	0.00606	0.00577	0.00191	0.00851	0.00469	0.00312	0.00892
53	0.02239	0.02821	0.01889	0.01666	0.02010	0.67748	0.06226	0.02482	0.04241	0.01596	0.01039	0.01205	0.00851	0.00641	0.00577	0.00166	0.01096	0.00436	0.00332	0.00740
54	0.00811	0.00608	0.00762	0.00852	0.00965	0.00559	0.00634	0.00982	0.01347	0.01740	0.09658	0.38565	0.23168	0.01752	0.00787	0.00244	0.00386	0.15062	0.00586	0.00531
55	0.03990	0.01709	0.07915	0.10696	0.29690	0.10063	0.11956	0.02091	0.04352	0.07596	0.01317	0.01589	0.01013	0.00604	0.00617	0.00190	0.00810	0.00562	0.02356	0.00884
56	0.05314	0.12056	0.04686	0.16694	0.24592	0.04141	0.01478	0.06210	0.14792	0.02103	0.01367	0.01587	0.01078	0.00636	0.00578	0.00187	0.00706	0.00534	0.00378	0.00882
57	0.00936	0.00617	0.00803	0.00892	0.00981	0.00582	0.00616	0.01132	0.04330	0.06680	0.05714	0.64894	0.05861	0.01791	0.00773	0.00244	0.00375	0.01613	0.00597	0.00568
58	0.01676	0.20039	0.06239	0.01858	0.17429	0.11386	0.04699	0.05249	0.03897	0.03751	0.01146	0.01341	0.00938	0.00582	0.00570	0.00158	0.02580	0.00459	0.00345	0.15658
59	0.01665	0.01486	0.02251	0.08881	0.48638	0.01562	0.01677	0.14840	0.08466	0.02400	0.01355	0.01617	0.01074	0.00623	0.00620	0.00190	0.00714	0.00570	0.00394	0.00977
60	0.15178	0.07342	0.01634	0.03584	0.01761	0.28534	0.01052	0.06998	0.20207	0.05692	0.01460	0.01497	0.01120	0.00689	0.00549	0.00182	0.00757	0.00490	0.00449	0.00825
61	0.01700	0.74777	0.03198	0.01084	0.01615	0.02440	0.01072	0.05255	0.01346	0.01585	0.00897	0.01023	0.00812	0.00543	0.00411	0.00136	0.00667	0.00344	0.00284	0.00812
62	0.00850	0.00592	0.00717	0.00781	0.00818	0.00572	0.00504	0.00921	0.01082	0.01426	0.02866	0.31147	0.07440	0.39912	0.01982	0.00428	0.00496	0.06538	0.00478	0.00448
63	0.01142	0.01055	0.01773	0.56919	0.07833	0.01249	0.03743	0.01514	0.01282	0.01674	0.04915	0.11222	0.01495	0.00812	0.00653	0.00211	0.00748	0.00738	0.00337	0.00686
64	0.03924	0.00858	0.01222	0.04014	0.13203	0.00845	0.00901	0.01513	0.01411	0.12237	0.18583	0.14774	0.05347	0.07867	0.08610	0.00322	0.00611	0.02537	0.00527	0.00691
65	0.05742	0.01139	0.04056	0.01001	0.01285	0.05621	0.00816	0.11509	0.07437	0.04739	0.21342	0.06602	0.17277	0.01159	0.00713	0.02153	0.00484	0.03681	0.02541	0.00704
66	0.00962	0.00680	0.00803	0.00752	0.00961	0.00590	0.00568	0.01183	0.01563	0.06995	0.32670	0.09135	0.34350	0.01371	0.00719	0.00200	0.00331	0.01175	0.00625	0.04366
67	0.01363	0.01363	0.01908	0.01636	0.01636	0.01908	0.01363	0.01499	0.00954	0.01499	0.00818	0.01363	0.00818	0.01091	0.02045	0.00273	0.76963	0.00545	0.00273	0.00682
68	0.04092	0.01402	0.02415	0.20665	0.19051	0.01498	0.21264	0.05386	0.08416	0.02054	0.01374	0.03962	0.01108	0.00666	0.00709	0.00206	0.03883	0.00649	0.00359	0.00840
69	0.00956	0.00683	0.00949	0.01093	0.01216	0.00676	0.00921	0.01209	0.01387	0.01811	0.03325	0.20773	0.03690	0.01766	0.00848	0.00280	0.00532	0.56749	0.00575	0.00561
70	0.01250	0.03223	0.74875	0.01776	0.02697	0.01447	0.02302	0.01973	0.01315	0.01973	0.01118	0.01315	0.00789	0.00592	0.00592	0.00197	0.00921	0.00460	0.00263	0.00921
71	0.00786	0.00582	0.00734	0.00804	0.00899	0.00530	0.00562	0.00949	0.01376	0.01833	0.21491	0.46571	0.17167	0.01716	0.00770	0.00231	0.00336	0.01528	0.00605	0.00530
72	0.01693	0.37958	0.26180	0.01374	0.02011	0.07511	0.01483	0.08687	0.01499	0.04827	0.01080	0.01204	0.00851	0.00590	0.00505	0.00164	0.00780	0.00413	0.00324	0.00868
73	0.01177	0.01107	0.01869	0.76606	0.04291	0.01384	0.01730	0.01592	0.01246	0.01592	0.01107	0.01661	0.00831	0.00623	0.00623	0.00208	0.00831	0.00554	0.00277	0.00692
74	0.00750	0.00622	0.00647	0.00659	0.00842	0.00529	0.00481	0.00899	0.01383	0.01672	0.07482	0.12352	0.62540	0.05295	0.00859	0.00233	0.00333	0.01332	0.00571	0.00519
75	0.01235	0.01169	0.01964	0.63921	0.14220	0.01414	0.01745	0.01635	0.01262	0.01653	0.01108	0.01635	0.00853	0.00627	0.00665	0.00206	0.03120	0.00554	0.00281	0.00734
76	0.00895	0.00647	0.00895	0.00895	0.00969	0.00721	0.00646	0.01044	0.00970	0.01368	0.01766	0.02986	0.01791	0.28938	0.51689	0.00870	0.01317	0.00746	0.00348	0.00497
77	0.00789	0.00616	0.00719	0.00755	0.00905	0.00546	0.00558	0.00970	0.01433	0.01834	0.18830	0.23720	0.38217	0.01621	0.00759	0.00223	0.00340	0.06027	0.00600	0.00537
78	0.00799	0.00640	0.00719	0.00730	0.00914	0.00560	0.00562	0.00999	0.01488	0.01874	0.20193	0.07904	0.49448	0.01541	0.00752	0.00217	0.00342	0.09175	0.00601	0.00544
79	0.02255	0.01353	0.01508	0.01206	0.01631	0.03774	0.00978	0.28073	0.11562	0.28210	0.03846	0.01971	0.01505	0.00777	0.00609	0.00188	0.00573	0.00614	0.08387	0.00981
80	0.02360	0.03792	0.01874	0.01439	0.01911	0.12812	0.01175	0.57683	0.02676	0.05986	0.01435	0.01450	0.01032	0.00728	0.00609	0.00182	0.00745	0.00534	0.00575	0.01003
81	0.00890	0.00668	0.01001	0.01001	0.01113	0.00779	0.00779	0.01113	0.01001	0.01446	0.01669	0.02448	0.01558	0.04673	0.75634	0.01001	0.01669	0.00668	0.00334	0.00556
82	0.00785	0.00577	0.00774	0.00900	0.00935	0.00566	0.00612	0.00895	0.01183	0.01587	0.03322	0.74436	0.03980	0.01915	0.00849	0.00254	0.03634	0.01719	0.00565	0.00514
83	0.01204	0.01135	0.01918	0.71143	0.09540	0.01391	0.01744	0.01616	0.01259	0.01625	0.01112	0.01652	0.00842	0.00618	0.00622	0.00206	0.00824	0.00554	0.00279	0.00714
84	0.01389	0.01048	0.01164	0.01167	0.05808	0.02652	0.00846	0.03638	0.28053	0.05199	0.02710	0.02904	0.10653	0.00930	0.00642	0.00195	0.02686	0.04472	0.23059	0.00785
85	0.01177	0.01107	0.01869	0.76606	0.04291	0.01384	0.01730	0.01592	0.01246	0.01592	0.01107	0.01661	0.00831	0.00623	0.00623	0.00208	0.00831	0.00554	0.00277	0.00692
86	0.00758	0.00548	0.00717	0.00852	0.00900	0.00507	0.00571	0.00869	0.01208	0.01597	0.03623	0.72986	0.08709	0.01927	0.00791	0.00250	0.00358	0.01741	0.00578	0.00507
87	0.01418	0.12606	0.38885	0.03799	0.02669	0.05323	0.20401	0.01966	0.01359	0.01865	0.01105	0.01371	0.00834	0.00585	0.00649	0.00193	0.03311	0.00518	0.00281	0.00860
88	0.01542	0.01480	0.02529	0.03824	0.74217	0.01480	0.01912	0.01912	0.01419	0.02036	0.01172	0.01542	0.00987	0.00555	0.00617	0.00185	0.00740	0.00555	0.00308	0.00987
89	0.00738	0.00626	0.00637	0.00646	0.00845	0.00525	0.00480	0.00893	0.01406	0.01677	0.06131	0.10495	0.69581	0.01601	0.00740	0.00213	0.00318	0.01344	0.00579	0.00525
90	0.01250	0.03223	0.74875	0.01776	0.02697	0.01447	0.02302	0.01973	0.01315	0.01973	0.01118	0.01315	0.00789	0.00592	0.00592	0.00197	0.00921	0.00460	0.00263	0.00921
91	0.01366	0.06271	0.09570	0.10568	0.13780	0.01377	0.07333	0.02064	0.18576	0.03603	0.01862	0.13264	0.01653	0.00868	0.00674	0.00206	0.02598	0.00769	0.02768	0.00830
92	0.01021	0.00851	0.01018	0.00993	0.01085	0.06204	0.00735	0.01178	0.01030	0.01393	0.01652	0.02719	0.01649	0.23089	0.48019	0.00803	0.04987	0.00704	0.00341	0.00528
93	0.01691	0.01035	0.01216	0.01055	0.01376	0.01072	0.00829	0.02575	0.31131	0.21873	0.19938	0.02840	0.02756	0.00921	0.00642	0.00198	0.00439	0.00778	0.06758	0.00878
94	0.01194	0.00937	0.01382	0.01273	0.06181	0.00888	0.10273	0.04370	0.03524	0.07323	0.10735	0.09367	0.22562	0.07533	0.06551	0.00295	0.00610	0.00988	0.00513	0.03499
95	0.01314	0.01240	0.03939	0.01495	0.05393	0.01502	0.01163	0.06926	0.01159	0.01708	0.01257	0.04297	0.01249	0.12867	0.08356	0.00369	0.42143	0.00648	0.02305	0.00671
96	0.00747	0.00620	0.00656	0.00683	0.00864	0.00528	0.00505	0.00901	0.01385	0.01674	0.05778	0.17217	0.61092	0.01640	0.00749	0.00219	0.00330	0.03308	0.00578	0.00524
97	0.00758	0.00560	0.00710	0.00824	0.00894	0.00512	0.00560	0.00880	0.01247	0.01630	0.05736	0.63390	0.16282	0.01870	0.00783	0.00244	0.00352	0.01676	0.00581	0.00512
98	0.01749	0.04998	0.28712	0.02099	0.17812	0.17309	0.01750	0.14252	0.01712	0.02214	0.01154	0.01345	0.00882	0.00620	0.00590	0.00183	0.00876	0.00482	0.00348	0.00913
99	0.01438	0.09520	0.33435	0.05293	0.02598	0.01522	0.19992	0.06363	0.01481	0.04506	0.03824	0.03272	0.01180	0.00662	0.00630	0.00197	0.00857	0.02021	0.00345	0.00864
100	0.01327	0.17121	0.61650	0.01645	0.02494	0.01635	0.02074	0.01953	0.01306	0.01879	0.01072	0.01257	0.00791	0.00581	0.00556	0.00185	0.00874	0.00437	0.00264	0.00898
101	0.04572	0.05388	0.10406	0.07085	0.10288	0.03764	0.05350	0.20379	0.06517	0.17713	0.01577	0.01637	0.01121	0.00679	0.00606	0.00190	0.00711	0.00558	0.00502	0.00957
102	0.04576	0.01524	0.04329	0.03798	0.25176	0.05690	0.11424	0.07283	0.10817	0.12582	0.01656	0.05540	0.01311	0.00712	0.00635	0.00196	0.00720	0.00653	0.00455	0.00923
103	0.01156	0.01085	0.01811	0.73078	0.04131	0.01344	0.01672	0.01560	0.01254	0.01596	0.01349	0.01862	0.04227	0.00667	0.00628	0.00208	0.00807	0.00589	0.00291	0.00684
104	0.03870	0.05501	0.12661	0.01265	0.01770	0.03671	0.04836	0.17065	0.04750	0.02372	0.01982	0.05819	0.09204	0.00805	0.00593	0.00173	0.00626	0.02412	0.00449	0.20175

[dist]
# distance from previous block
# <min> <max>
1	3

[block]
# block no. 1 follows, 36 sequences, length 27
# corresponding to MSA columns:
# 182-208
name=unknown_B
#
# <colnr> <probs for GDERKNQSTAVLIFYWHMCP>
#	G	D	E	R	K	N	Q	S	T	A	V	L	I	F	Y	W	H	M	C	P
0	0.06051	0.09934	0.32609	0.01452	0.02066	0.13572	0.01543	0.06362	0.01538	0.11658	0.03331	0.04651	0.01181	0.00702	0.00576	0.00186	0.00799	0.00533	0.00393	0.00864
1	0.01515	0.26142	0.28792	0.01482	0.03611	0.07566	0.03056	0.05886	0.05216	0.01897	0.01340	0.06262	0.01170	0.00718	0.00558	0.00181	0.00775	0.02651	0.00340	0.00842
2	0.06947	0.01299	0.01728	0.13727	0.18806	0.07391	0.04216	0.01885	0.03627	0.09449	0.01612	0.09329	0.01413	0.00796	0.00659	0.00194	0.03336	0.02601	0.04215	0.06772
3	0.00984	0.00797	0.01205	0.18519	0.01816	0.00954	0.00973	0.01215	0.01042	0.01449	0.01536	0.02439	0.01450	0.13955	0.44094	0.00723	0.05289	0.00669	0.00324	0.00569
4	0.00791	0.00565	0.00760	0.00904	0.00954	0.00534	0.00634	0.00923	0.01225	0.01626	0.03416	0.68440	0.04051	0.01922	0.00804	0.00257	0.00389	0.10711	0.00578	0.00515
5	0.02015	0.01630	0.01667	0.01371	0.01798	0.05352	0.01100	0.39180	0.33016	0.03243	0.01917	0.01834	0.01409	0.00785	0.00625	0.00196	0.00624	0.00615	0.00613	0.01012
6	0.01474	0.05464	0.20381	0.01456	0.06243	0.01241	0.04717	0.07027	0.03994	0.06151	0.04675	0.01572	0.01198	0.00596	0.00554	0.00154	0.00647	0.00495	0.00396	0.31564
7	0.19212	0.01651	0.11342	0.04967	0.01940	0.07192	0.05058	0.09707	0.04216	0.24191	0.01554	0.01570	0.01076	0.00667	0.00567	0.00190	0.00675	0.00516	0.00505	0.03206
8	0.01250	0.03223	0.74875	0.01776	0.02697	0.01447	0.02302	0.01973	0.01315	0.01973	0.01118	0.01315	0.00789	0.00592	0.00592	0.00197	0.00921	0.00460	0.00263	0.00921
9	0.01201	0.00840	0.01140	0.01083	0.01243	0.00874	0.03764	0.05454	0.05675	0.08141	0.04037	0.29342	0.02778	0.10993	0.08103	0.00355	0.04986	0.08827	0.00527	0.00638
10	0.01526	0.01676	0.09102	0.14263	0.39049	0.05372	0.12403	0.01939	0.01412	0.04146	0.01193	0.01553	0.00943	0.00585	0.00657	0.00194	0.02208	0.00567	0.00315	0.00897
11	0.00907	0.00623	0.00763	0.00770	0.00800	0.00646	0.00492	0.00968	0.00952	0.01290	0.01967	0.03880	0.02182	0.59036	0.18207	0.00672	0.00825	0.04219	0.00378	0.00424
12	0.02795	0.01060	0.01446	0.01109	0.01591	0.00916	0.00916	0.03036	0.01783	0.74648	0.02458	0.02121	0.01542	0.00771	0.00627	0.00193	0.00530	0.00627	0.00771	0.01060
13	0.01417	0.01652	0.10079	0.11370	0.28930	0.03453	0.22229	0.01894	0.03299	0.01965	0.03516	0.01859	0.04173	0.00632	0.00657	0.00198	0.00833	0.00646	0.00333	0.00865
14	0.01407	0.20553	0.48594	0.01737	0.05467	0.01709	0.06122	0.04144	0.01368	0.01920	0.01082	0.01279	0.00818	0.00578	0.00558	0.00182	0.00854	0.00454	0.00280	0.00895
15	0.00921	0.00673	0.00931	0.00924	0.01002	0.00764	0.00681	0.01083	0.00993	0.01429	0.01773	0.04865	0.01779	0.22941	0.49050	0.00815	0.04354	0.00750	0.03758	0.00516
16	0.01255	0.00888	0.01256	0.01302	0.08105	0.00899	0.03710	0.07156	0.01407	0.08611	0.06436	0.28211	0.07269	0.05599	0.06030	0.05171	0.04438	0.01089	0.00509	0.00659
17	0.03507	0.03371	0.15443	0.03714	0.06373	0.04886	0.07979	0.17296	0.03956	0.15896	0.03670	0.08027	0.01464	0.00792	0.00633	0.00197	0.00715	0.00674	0.00498	0.00908
18	0.09733	0.05160	0.01672	0.01379	0.01672	0.27726	0.01095	0.16753	0.01722	0.02161	0.01485	0.05555	0.05391	0.00861	0.00847	0.00197	0.14842	0.00579	0.00409	0.00762
19	0.00905	0.00695	0.00985	0.00985	0.01142	0.00653	0.04453	0.01154	0.01490	0.01994	0.26138	0.20313	0.13361	0.01544	0.00784	0.00237	0.00433	0.21563	0.00597	0.00572
20	0.01371	0.11515	0.53461	0.01935	0.09446	0.03847	0.06088	0.01972	0.01342	0.01909	0.01098	0.01316	0.00819	0.00579	0.00580	0.00188	0.00888	0.00469	0.00273	0.00903
21	0.06626	0.04334	0.10944	0.01697	0.04706	0.23918	0.11370	0.06926	0.19122	0.02158	0.01442	0.01549	0.01106	0.00666	0.00599	0.00188	0.00841	0.00540	0.00411	0.00859
22	0.01185	0.01034	0.01441	0.01315	0.01357	0.01340	0.01051	0.01333	0.01054	0.03744	0.01670	0.20710	0.01789	0.01785	0.11847	0.00363	0.43245	0.00873	0.02237	0.00629
23	0.00917	0.00656	0.00840	0.00799	0.00842	0.00644	0.04170	0.00959	0.00979	0.01300	0.02197	0.11031	0.04517	0.64464	0.02743	0.00538	0.00596	0.00992	0.00399	0.00419
24	0.01427	0.03810	0.12490	0.09138	0.21412	0.03600	0.11062	0.04848	0.06958	0.01965	0.01312	0.01670	0.01061	0.01135	0.09887	0.00298	0.06163	0.00580	0.00338	0.00847
25	0.05622	0.01868	0.12413	0.01782	0.07288	0.10953	0.14316	0.11159	0.15429	0.04850	0.01647	0.06989	0.01338	0.00754	0.00634	0.00199	0.00771	0.00662	0.00446	0.00879
26	0.00969	0.00824	0.05255	0.00890	0.01086	0.00680	0.00710	0.01303	0.05933	0.05134	0.31789	0.26113	0.14068	0.01429	0.00734	0.00216	0.00377	0.01258	0.00614	0.00619

[dist]
# distance from previous block
# <min> <max>
10	12

[block]
# block no. 2 follows, 36 sequences, length 23
# corresponding to MSA columns:
# 264-286
name=unknown_C
#
# <colnr> <probs for GDERKNQSTAVLIFYWHMCP>
#	G	D	E	R	K	N	Q	S	T	A	V	L	I	F	Y	W	H	M	C	P
0	0.01450	0.31013	0.37014	0.01459	0.02123	0.04491	0.01667	0.01949	0.03688	0.01763	0.01132	0.01436	0.00934	0.00645	0.00598	0.00179	0.04352	0.02969	0.00291	0.00847
1	0.07282	0.01187	0.09087	0.01317	0.08557	0.00987	0.01014	0.04308	0.06402	0.11800	0.10653	0.07446	0.06687	0.01144	0.00902	0.12011	0.00541	0.04178	0.00495	0.04003
2	0.01821	0.07952	0.08926	0.05415	0.11501	0.22485	0.01342	0.10229	0.08406	0.05519	0.01460	0.06964	0.01236	0.00763	0.00645	0.00187	0.03302	0.00591	0.00410	0.00844
3	0.01650	0.09711	0.02558	0.05498	0.28651	0.07832	0.17122	0.03992	0.06738	0.05537	0.01385	0.04072	0.01135	0.00639	0.00624	0.00189	0.00795	0.00613	0.00369	0.00890
4	0.01110	0.00922	0.01363	0.18952	0.02030	0.02853	0.06171	0.01390	0.01377	0.04166	0.09585	0.14723	0.08131	0.04023	0.00864	0.00248	0.02679	0.18308	0.00482	0.00625
5	0.03274	0.01232	0.06600	0.04869	0.04003	0.01118	0.01010	0.11785	0.11866	0.13502	0.04340	0.03139	0.17336	0.00982	0.00647	0.00199	0.00536	0.05573	0.03218	0.04771
6	0.00954	0.00800	0.03015	0.00822	0.01037	0.00704	0.00649	0.06036	0.03496	0.02246	0.37190	0.09091	0.28924	0.01353	0.00725	0.00204	0.00356	0.01161	0.00624	0.00614
7	0.01515	0.01295	0.06090	0.10818	0.28996	0.01221	0.01422	0.04228	0.05739	0.11346	0.07619	0.02375	0.05175	0.01049	0.05861	0.00253	0.00720	0.02969	0.00445	0.00863
8	0.01292	0.01107	0.01292	0.00923	0.01477	0.00831	0.00738	0.01569	0.01292	0.02030	0.01107	0.01292	0.00923	0.00461	0.00461	0.00092	0.00461	0.00369	0.00369	0.81912
9	0.02321	0.02854	0.01810	0.01616	0.01952	0.70377	0.03306	0.02495	0.01758	0.04489	0.01032	0.01180	0.00837	0.00644	0.00570	0.00163	0.01097	0.00420	0.00339	0.00739
10	0.00904	0.00702	0.00838	0.00937	0.01038	0.03284	0.00707	0.01075	0.01315	0.01691	0.06244	0.36742	0.11685	0.07272	0.00970	0.00279	0.00464	0.22763	0.00557	0.00531
11	0.01488	0.09851	0.05540	0.04494	0.07231	0.10821	0.13263	0.03530	0.01390	0.03072	0.01567	0.06569	0.01510	0.02684	0.00948	0.00226	0.13380	0.11323	0.00371	0.00743
12	0.05383	0.01603	0.01765	0.01515	0.06811	0.04109	0.01155	0.44954	0.09827	0.13968	0.01682	0.01646	0.01190	0.00738	0.00613	0.00190	0.00653	0.00571	0.00605	0.01021
13	0.01230	0.01174	0.01621	0.01414	0.01476	0.03850	0.05005	0.01378	0.01026	0.01485	0.01312	0.07427	0.01368	0.12707	0.11508	0.00406	0.43965	0.00708	0.00322	0.00619
14	0.00864	0.00632	0.00811	0.00775	0.00922	0.00579	0.00578	0.01138	0.01709	0.02389	0.65059	0.08170	0.11382	0.01330	0.00738	0.00200	0.00299	0.01172	0.00672	0.00579
15	0.00953	0.00657	0.00732	0.00722	0.00748	0.00672	0.00422	0.01080	0.06127	0.01309	0.02005	0.03951	0.02239	0.72515	0.02988	0.00576	0.00596	0.00891	0.00396	0.00422
16	0.00876	0.00596	0.00765	0.00833	0.00934	0.00543	0.00582	0.01029	0.01349	0.05332	0.15693	0.51976	0.13708	0.01729	0.00769	0.00235	0.00352	0.01545	0.00606	0.00550
17	0.01422	0.01332	0.02217	0.34901	0.41085	0.01459	0.01802	0.04858	0.01411	0.01929	0.01159	0.01591	0.00923	0.00593	0.00620	0.00195	0.00777	0.00555	0.00309	0.00864
18	0.02316	0.01046	0.01358	0.01074	0.01483	0.00962	0.00874	0.10736	0.01914	0.50157	0.18367	0.02616	0.02458	0.00881	0.00650	0.00193	0.00495	0.00731	0.00735	0.00954
19	0.01754	0.01896	0.01810	0.05823	0.24892	0.32045	0.01323	0.01982	0.01513	0.04120	0.01481	0.12421	0.01422	0.03931	0.00723	0.00203	0.00837	0.00682	0.00369	0.00772
20	0.05192	0.06010	0.10469	0.10127	0.27669	0.01481	0.07716	0.04123	0.03366	0.02069	0.08852	0.01821	0.01452	0.00693	0.00718	0.00197	0.06238	0.00601	0.00358	0.00849
21	0.01827	0.21121	0.02041	0.07465	0.05058	0.11614	0.01116	0.09825	0.08258	0.10036	0.01418	0.01614	0.01123	0.00659	0.00543	0.00164	0.00684	0.02512	0.00429	0.12493
22	0.00981	0.00686	0.00802	0.00749	0.00945	0.00623	0.00569	0.03500	0.01644	0.05401	0.38412	0.04767	0.30269	0.01307	0.00706	0.00197	0.00325	0.01117	0.06401	0.00601

[dist]
# distance from previous block
# <min> <max>
6	13

[block]
# block no. 3 follows, 36 sequences, length 31
# corresponding to MSA columns:
# 300-330
name=unknown_D
#
# <colnr> <probs for GDERKNQSTAVLIFYWHMCP>
#	G	D	E	R	K	N	Q	S	T	A	V	L	I	F	Y	W	H	M	C	P
0	0.04483	0.46863	0.14319	0.01293	0.01817	0.14253	0.01290	0.01963	0.01331	0.01605	0.00920	0.01092	0.00795	0.00594	0.00552	0.00158	0.05220	0.00377	0.00279	0.00795
1	0.01294	0.14187	0.48271	0.01514	0.02225	0.01516	0.01790	0.01989	0.09130	0.01927	0.01529	0.07953	0.02574	0.00745	0.00587	0.00194	0.00777	0.00595	0.00337	0.00867
2	0.01240	0.02194	0.41515	0.01418	0.02055	0.01195	0.01610	0.07641	0.01467	0.02102	0.04525	0.09845	0.05991	0.00881	0.00631	0.00197	0.00713	0.04721	0.00390	0.09670
3	0.00981	0.00741	0.00981	0.01087	0.08925	0.00678	0.00712	0.01238	0.01616	0.04869	0.42528	0.06435	0.24293	0.01279	0.00720	0.00200	0.00359	0.01115	0.00615	0.00629
4	0.01770	0.47725	0.04306	0.01222	0.01685	0.16723	0.01107	0.04604	0.09251	0.01700	0.01126	0.01248	0.00958	0.00754	0.03305	0.00183	0.00782	0.00411	0.00332	0.00808
5	0.00790	0.00571	0.00708	0.00804	0.00860	0.00533	0.00534	0.00889	0.01175	0.01536	0.03556	0.51430	0.13747	0.16743	0.01252	0.00316	0.00407	0.03125	0.00539	0.00485
6	0.01692	0.13232	0.26517	0.07977	0.07197	0.04345	0.01573	0.08637	0.06840	0.12004	0.03230	0.01592	0.01146	0.00660	0.00581	0.00186	0.00749	0.00521	0.00411	0.00909
7	0.03664	0.01805	0.25141	0.04236	0.02118	0.01157	0.06525	0.02247	0.03603	0.25443	0.04290	0.01757	0.01284	0.00658	0.00596	0.00181	0.00683	0.00552	0.00477	0.13583
8	0.53647	0.10076	0.01384	0.01043	0.01428	0.20059	0.00850	0.01999	0.01259	0.02333	0.00891	0.01039	0.00720	0.00589	0.00431	0.00178	0.00662	0.00353	0.00356	0.00700
9	0.02280	0.01625	0.01764	0.01381	0.01856	0.01788	0.01131	0.55801	0.13504	0.09733	0.01736	0.01675	0.01229	0.00765	0.00625	0.00191	0.00643	0.00588	0.00637	0.01048
10	0.01238	0.01324	0.02650	0.05455	0.02551	0.01241	0.46178	0.01654	0.01473	0.01948	0.08584	0.02925	0.18158	0.00836	0.00730	0.00209	0.00807	0.00893	0.00405	0.00740
11	0.01288	0.01205	0.01671	0.01466	0.01515	0.01612	0.01214	0.03860	0.01118	0.01673	0.06334	0.02099	0.01454	0.01525	0.09852	0.00345	0.55534	0.05227	0.00341	0.00667
12	0.00784	0.00635	0.00705	0.00746	0.00924	0.00556	0.00575	0.00957	0.01395	0.01702	0.05464	0.14719	0.53857	0.01647	0.00764	0.00228	0.00364	0.12867	0.00578	0.00532
13	0.00793	0.00613	0.00698	0.00745	0.00875	0.00550	0.00535	0.00930	0.01299	0.01625	0.06114	0.23432	0.38858	0.12633	0.01110	0.00284	0.00391	0.07456	0.00552	0.00505
14	0.01528	0.01397	0.02194	0.12236	0.07846	0.01343	0.19841	0.13903	0.01625	0.02288	0.01220	0.01500	0.00944	0.00557	0.00596	0.00163	0.00728	0.00539	0.00381	0.29172
15	0.00892	0.00659	0.00957	0.00957	0.01053	0.00755	0.00724	0.01084	0.00988	0.01414	0.01709	0.02672	0.01655	0.14769	0.65671	0.00947	0.01522	0.00700	0.00340	0.00532
16	0.04573	0.01626	0.04502	0.06330	0.14145	0.12319	0.16891	0.10097	0.03368	0.02121	0.01376	0.01848	0.01146	0.09072	0.00890	0.00232	0.00802	0.00606	0.07265	0.00792
17	0.01796	0.12232	0.01777	0.01477	0.11895	0.01305	0.01039	0.13989	0.01677	0.18122	0.01884	0.15918	0.01677	0.00884	0.00602	0.00180	0.00565	0.00745	0.00517	0.11722
18	0.00804	0.00634	0.00725	0.00702	0.00883	0.00555	0.00527	0.01025	0.01580	0.02062	0.37725	0.05372	0.42314	0.01437	0.00736	0.00204	0.00306	0.01227	0.00628	0.00555
19	0.02340	0.01507	0.12127	0.01545	0.09714	0.01198	0.01257	0.10983	0.04454	0.45248	0.02014	0.01876	0.01330	0.00722	0.00620	0.00193	0.00626	0.00590	0.00625	0.01030
20	0.01584	0.30625	0.10211	0.01346	0.01802	0.08894	0.03572	0.03797	0.04025	0.01740	0.01021	0.01239	0.00873	0.00658	0.00768	0.00169	0.14519	0.00430	0.00312	0.12413
21	0.00772	0.00551	0.00737	0.00868	0.00907	0.00525	0.00582	0.00882	0.01172	0.01569	0.03285	0.70951	0.03914	0.04793	0.05001	0.00307	0.00442	0.01680	0.00558	0.00504
22	0.00811	0.00619	0.00745	0.00746	0.00896	0.00553	0.00547	0.01026	0.01548	0.02062	0.38566	0.17667	0.28966	0.01495	0.00746	0.00211	0.00313	0.01302	0.00631	0.00553
23	0.01420	0.01631	0.10141	0.02790	0.41870	0.05996	0.06971	0.01783	0.01395	0.01906	0.01725	0.06328	0.07337	0.00835	0.02234	0.00213	0.03533	0.00686	0.00343	0.00865
24	0.01793	0.07399	0.14668	0.04878	0.14847	0.18801	0.09230	0.13295	0.05281	0.02176	0.01220	0.01421	0.00945	0.00624	0.00600	0.00183	0.00871	0.00516	0.00367	0.00886
25	0.68788	0.05394	0.01144	0.02529	0.01355	0.07177	0.00772	0.01872	0.01127	0.02577	0.00879	0.01041	0.00697	0.00592	0.00437	0.00189	0.02022	0.00351	0.00370	0.00685
26	0.04295	0.21135	0.02322	0.01665	0.11653	0.01519	0.13988	0.06508	0.01534	0.10756	0.04752	0.02334	0.13381	0.00781	0.00601	0.00182	0.00653	0.00680	0.00437	0.00824
27	0.01223	0.00707	0.00931	0.00846	0.01048	0.00640	0.00644	0.01486	0.01707	0.15821	0.52292	0.10433	0.07259	0.01248	0.00720	0.00201	0.00344	0.01095	0.00689	0.00667
28	0.01372	0.06053	0.08924	0.04091	0.04878	0.01461	0.38533	0.04149	0.01417	0.01945	0.01605	0.10016	0.03360	0.00771	0.00773	0.00209	0.05732	0.00784	0.03139	0.00788
29	0.00803	0.00546	0.00707	0.00836	0.00884	0.00514	0.00563	0.00931	0.01205	0.01670	0.03281	0.69473	0.03846	0.01818	0.00756	0.00241	0.00354	0.01641	0.09414	0.00514
30	0.00751	0.00627	0.00656	0.00666	0.00860	0.00532	0.00498	0.00915	0.01422	0.01722	0.09458	0.10918	0.64189	0.01592	0.00743	0.00214	0.00323	0.02802	0.00584	0.00529

[dist]
# distance from previous block
# <min> <max>
0	0

# created by:
# /home/cegg/simao/soft/augustus-3.2.1/scripts/msa2prfl.pl ./align_prep/EOG090W0ITI.fa
