[name]
unknown

[dist]
# distance from previous block
# <min> <max>
15	429

[block]
# block no. 0 follows, 39 sequences, length 63
# corresponding to MSA columns:
# 537-599
name=unknown_A
#
# <colnr> <probs for GDERKNQSTAVLIFYWHMCP>
#	G	D	E	R	K	N	Q	S	T	A	V	L	I	F	Y	W	H	M	C	P
0	0.03040	0.05498	0.12724	0.05191	0.01873	0.04211	0.09623	0.03001	0.02768	0.03470	0.03104	0.07993	0.02753	0.00661	0.00542	0.00151	0.00615	0.00574	0.00364	0.31841
1	0.01370	0.08499	0.03787	0.01146	0.01591	0.04839	0.07537	0.05301	0.06136	0.03835	0.08755	0.01693	0.01442	0.00766	0.03765	0.00172	0.02164	0.00508	0.00397	0.36298
2	0.01362	0.08973	0.18233	0.01147	0.01655	0.02806	0.02572	0.06796	0.04478	0.06571	0.10095	0.04132	0.05056	0.00710	0.00546	0.00155	0.00572	0.00580	0.00417	0.23143
3	0.07737	0.02890	0.05355	0.01037	0.01411	0.04808	0.02648	0.05528	0.08099	0.11444	0.14340	0.03989	0.05234	0.03245	0.00668	0.00178	0.02159	0.00644	0.00487	0.18098
4	0.09183	0.01743	0.23147	0.11755	0.02210	0.04044	0.06901	0.04945	0.08345	0.08635	0.05429	0.05026	0.01338	0.00693	0.00575	0.00186	0.00685	0.00581	0.00398	0.04181
5	0.38610	0.01329	0.01582	0.06224	0.08725	0.01477	0.08536	0.17164	0.05220	0.02628	0.01111	0.01282	0.00845	0.00602	0.00530	0.00186	0.02305	0.00460	0.00404	0.00779
6	0.01463	0.01272	0.01319	0.01192	0.01509	0.03590	0.00925	0.05243	0.64182	0.02403	0.02336	0.05356	0.01825	0.00975	0.03481	0.00228	0.00528	0.00697	0.00580	0.00897
7	0.01309	0.01305	0.01852	0.01570	0.01616	0.01777	0.04285	0.01551	0.05544	0.01509	0.00896	0.01364	0.00846	0.00998	0.01805	0.00253	0.70033	0.00535	0.00282	0.00671
8	0.00744	0.00601	0.00662	0.00647	0.00827	0.00519	0.00485	0.00937	0.01455	0.01852	0.28763	0.05272	0.52357	0.01403	0.00698	0.00195	0.00293	0.01189	0.00583	0.00519
9	0.09898	0.01573	0.01649	0.01291	0.01742	0.01753	0.01061	0.60376	0.09073	0.03512	0.01452	0.01447	0.01043	0.00703	0.00571	0.00180	0.00616	0.00525	0.00571	0.00965
10	0.01559	0.01331	0.01278	0.10194	0.01633	0.16243	0.00929	0.14769	0.01565	0.03743	0.01434	0.01706	0.01133	0.01004	0.07042	0.00232	0.05696	0.00516	0.27302	0.00688
11	0.00721	0.00515	0.00686	0.00823	0.00858	0.00480	0.00549	0.00823	0.01132	0.01510	0.03259	0.78831	0.03911	0.01853	0.00755	0.00240	0.00343	0.01681	0.00549	0.00480
12	0.00862	0.00645	0.00927	0.00918	0.01003	0.00746	0.00693	0.01035	0.00934	0.01336	0.01605	0.02552	0.01569	0.16991	0.61916	0.00864	0.03912	0.00668	0.00322	0.00503
13	0.01226	0.01051	0.01226	0.00876	0.01401	0.00788	0.00701	0.01489	0.01226	0.01927	0.01051	0.01226	0.00876	0.00438	0.00438	0.00088	0.00438	0.00350	0.00350	0.82832
14	0.01186	0.03059	0.76153	0.01686	0.02560	0.01373	0.02185	0.01873	0.01249	0.01873	0.01061	0.01249	0.00749	0.00562	0.00562	0.00187	0.00874	0.00437	0.00250	0.00874
15	0.00707	0.00586	0.00619	0.00639	0.00811	0.00498	0.00468	0.00853	0.01325	0.01609	0.07824	0.17066	0.61871	0.01544	0.00708	0.00206	0.00306	0.01310	0.00552	0.00498
16	0.00721	0.00515	0.00686	0.00823	0.00858	0.00480	0.00549	0.00823	0.01132	0.01510	0.03259	0.78831	0.03911	0.01853	0.00755	0.00240	0.00343	0.01681	0.00549	0.00480
17	0.02333	0.01370	0.14037	0.01169	0.01689	0.00991	0.01096	0.02727	0.06041	0.58926	0.02122	0.01895	0.01364	0.00707	0.00590	0.00185	0.00564	0.00572	0.00642	0.00980
18	0.00870	0.00717	0.01044	0.01043	0.01144	0.00744	0.05565	0.01035	0.01181	0.01575	0.03079	0.45184	0.10570	0.01591	0.00900	0.00241	0.09881	0.12604	0.00496	0.00534
19	0.00699	0.00599	0.00599	0.00599	0.00799	0.00499	0.00449	0.00849	0.01348	0.01598	0.05991	0.05691	0.75288	0.01498	0.00699	0.00200	0.00300	0.01248	0.00549	0.00499
20	0.00860	0.00573	0.00645	0.00645	0.00645	0.00573	0.00358	0.00860	0.00860	0.01147	0.01863	0.03870	0.02150	0.79217	0.03010	0.00573	0.00573	0.00860	0.00358	0.00358
21	0.09198	0.05108	0.13382	0.01367	0.01891	0.04525	0.02896	0.46278	0.02208	0.05597	0.01293	0.01344	0.00927	0.00656	0.00559	0.00177	0.00686	0.00490	0.00491	0.00926
22	0.01046	0.00988	0.04159	0.08302	0.12850	0.03185	0.01088	0.01306	0.01061	0.01495	0.01371	0.01979	0.01239	0.03010	0.48286	0.00666	0.06455	0.00585	0.00302	0.00628
23	0.00721	0.00515	0.00686	0.00823	0.00858	0.00480	0.00549	0.00823	0.01132	0.01510	0.03259	0.78831	0.03911	0.01853	0.00755	0.00240	0.00343	0.01681	0.00549	0.00480
24	0.04180	0.26328	0.22445	0.01223	0.01802	0.06504	0.01270	0.09554	0.01416	0.01940	0.01030	0.01174	0.00821	0.00544	0.00474	0.00146	0.00679	0.00390	0.02578	0.15502
25	0.00837	0.00604	0.00790	0.00744	0.00883	0.00558	0.00558	0.01116	0.01674	0.02371	0.75216	0.04417	0.05580	0.01209	0.00697	0.00186	0.00279	0.01069	0.00651	0.00558
26	0.01253	0.01123	0.01795	0.60202	0.11432	0.01341	0.01569	0.07861	0.01343	0.01777	0.01123	0.01574	0.00851	0.00598	0.00584	0.00191	0.00748	0.00527	0.03395	0.00714
27	0.07164	0.74220	0.02947	0.00996	0.01492	0.02271	0.00987	0.01769	0.01188	0.01477	0.00822	0.00949	0.00751	0.00509	0.00379	0.00130	0.00620	0.00316	0.00261	0.00751
28	0.01244	0.01159	0.01941	0.23166	0.43600	0.01224	0.01554	0.01565	0.01266	0.01747	0.01460	0.14599	0.01401	0.00769	0.00616	0.00192	0.00665	0.00722	0.00328	0.00784
29	0.83394	0.01144	0.00869	0.00778	0.01144	0.01327	0.00640	0.01738	0.01006	0.02653	0.00823	0.00961	0.00640	0.00549	0.00366	0.00183	0.00457	0.00320	0.00366	0.00640
30	0.01184	0.01124	0.01771	0.73153	0.03937	0.03647	0.01611	0.03706	0.01246	0.01576	0.01058	0.01556	0.00794	0.00595	0.00589	0.00195	0.00793	0.00521	0.00274	0.00668
31	0.02480	0.00968	0.01317	0.01023	0.01450	0.00839	0.00839	0.02713	0.01691	0.68901	0.09304	0.02243	0.01858	0.00778	0.00605	0.00183	0.00482	0.00640	0.00724	0.00964
32	0.02653	0.01006	0.01372	0.01052	0.01510	0.00869	0.00869	0.02882	0.01693	0.75937	0.02333	0.02013	0.01464	0.00732	0.00595	0.00183	0.00503	0.00595	0.00732	0.01006
33	0.01378	0.01561	0.03382	0.07220	0.03152	0.01484	0.68876	0.01870	0.01382	0.01870	0.01187	0.01594	0.00890	0.00504	0.00691	0.00199	0.00984	0.00687	0.00297	0.00789
34	0.00837	0.00604	0.00790	0.00744	0.00883	0.00558	0.00558	0.01116	0.01674	0.02371	0.75216	0.04417	0.05580	0.01209	0.00697	0.00186	0.00279	0.01069	0.00651	0.00558
35	0.01102	0.00551	0.00551	0.00551	0.00689	0.00551	0.00413	0.01378	0.01240	0.02205	0.01929	0.02205	0.01516	0.00689	0.00413	0.00138	0.00276	0.00551	0.82500	0.00551
36	0.01393	0.01181	0.01489	0.08073	0.01800	0.01313	0.07034	0.06191	0.44367	0.03955	0.14287	0.02423	0.02220	0.00820	0.00624	0.00196	0.00520	0.00717	0.00557	0.00842
37	0.02392	0.01113	0.01405	0.01097	0.01529	0.01058	0.00899	0.15239	0.06574	0.53867	0.06747	0.02072	0.01663	0.00763	0.00601	0.00183	0.00513	0.00618	0.00694	0.00974
38	0.01027	0.00514	0.00770	0.00770	0.00770	0.00514	0.00514	0.00770	0.00770	0.01027	0.01027	0.01798	0.01027	0.02054	0.02311	0.82794	0.00514	0.00514	0.00257	0.00257
39	0.01117	0.01051	0.01774	0.77795	0.04073	0.01314	0.01642	0.01511	0.01182	0.01511	0.01051	0.01577	0.00788	0.00591	0.00591	0.00197	0.00788	0.00526	0.00263	0.00657
40	0.01539	0.71437	0.10866	0.01084	0.01629	0.02237	0.01137	0.01782	0.01207	0.01443	0.00848	0.00981	0.00758	0.00512	0.00399	0.00133	0.00658	0.00329	0.00253	0.00771
41	0.02509	0.00974	0.01326	0.01028	0.01460	0.00844	0.00844	0.02742	0.01691	0.70088	0.08128	0.02204	0.01791	0.00770	0.00603	0.00183	0.00485	0.00632	0.00726	0.00971
42	0.02487	0.01094	0.01394	0.01076	0.01517	0.01021	0.00887	0.15324	0.01858	0.58648	0.02147	0.01919	0.01386	0.00725	0.00583	0.00179	0.00516	0.00581	0.05678	0.00979
43	0.00911	0.07676	0.01142	0.00956	0.01097	0.00882	0.00764	0.01120	0.00973	0.01374	0.01516	0.02201	0.01414	0.04085	0.70048	0.00877	0.01499	0.00605	0.00311	0.00549
44	0.01597	0.03152	0.01844	0.12176	0.02045	0.05290	0.07405	0.11803	0.01397	0.11051	0.01208	0.01531	0.00962	0.01086	0.07279	0.00272	0.28231	0.00544	0.00375	0.00751
45	0.01344	0.01283	0.02184	0.29230	0.50863	0.01374	0.01755	0.01710	0.01290	0.01787	0.01091	0.01503	0.00886	0.00549	0.00587	0.00183	0.00732	0.00526	0.00282	0.00840
46	0.02248	0.01656	0.01775	0.01361	0.01834	0.01834	0.01124	0.73556	0.02780	0.03727	0.01420	0.01420	0.01006	0.00710	0.00592	0.00177	0.00651	0.00532	0.00592	0.01006
47	0.00933	0.00624	0.00799	0.00743	0.00904	0.00570	0.00561	0.01199	0.01634	0.06284	0.63253	0.04313	0.10760	0.01188	0.00682	0.00185	0.00293	0.01040	0.03458	0.00577
48	0.01027	0.00514	0.00770	0.00770	0.00770	0.00514	0.00514	0.00770	0.00770	0.01027	0.01027	0.01798	0.01027	0.02054	0.02311	0.82794	0.00514	0.00514	0.00257	0.00257
49	0.01197	0.01133	0.01918	0.60724	0.20520	0.01335	0.01682	0.01581	0.01220	0.01608	0.01065	0.01551	0.00822	0.00576	0.00590	0.00192	0.00769	0.00526	0.00270	0.00721
50	0.80958	0.03479	0.00936	0.00785	0.01155	0.01357	0.00652	0.01739	0.01012	0.02616	0.00823	0.00960	0.00644	0.00548	0.00366	0.00181	0.00463	0.00320	0.00363	0.00644
51	0.00947	0.00630	0.00822	0.00759	0.00920	0.00576	0.00575	0.01220	0.01666	0.06969	0.68734	0.04302	0.07241	0.01187	0.00691	0.00186	0.00294	0.01045	0.00653	0.00585
52	0.01186	0.03059	0.76153	0.01686	0.02560	0.01373	0.02185	0.01873	0.01249	0.01873	0.01061	0.01249	0.00749	0.00562	0.00562	0.00187	0.00874	0.00437	0.00250	0.00874
53	0.02653	0.01006	0.01372	0.01052	0.01510	0.00869	0.00869	0.02882	0.01693	0.75937	0.02333	0.02013	0.01464	0.00732	0.00595	0.00183	0.00503	0.00595	0.00732	0.01006
54	0.01528	0.01308	0.02162	0.18100	0.52156	0.01354	0.01672	0.04313	0.01394	0.08512	0.01220	0.01534	0.00957	0.00564	0.00588	0.00181	0.00700	0.00533	0.00336	0.00890
55	0.00719	0.00520	0.00681	0.00809	0.00854	0.00482	0.00543	0.00825	0.01146	0.01515	0.03431	0.74239	0.08393	0.01830	0.00751	0.00238	0.00340	0.01654	0.00549	0.00482
56	0.01294	0.01294	0.01811	0.01553	0.01553	0.01811	0.01294	0.01423	0.00906	0.01423	0.00776	0.01294	0.00776	0.01035	0.01941	0.00259	0.78134	0.00518	0.00259	0.00647
57	0.00735	0.00525	0.00703	0.00840	0.00881	0.00493	0.00574	0.00849	0.01147	0.01526	0.03251	0.74300	0.03879	0.01839	0.00759	0.00242	0.00356	0.06068	0.00549	0.00484
58	0.01184	0.01128	0.01934	0.62871	0.16145	0.01335	0.03922	0.01574	0.01217	0.01594	0.01066	0.01558	0.00817	0.00577	0.00594	0.00194	0.00780	0.00531	0.00269	0.00709
59	0.01191	0.01127	0.01907	0.61991	0.19300	0.01333	0.01679	0.01576	0.01217	0.01601	0.01064	0.01553	0.00820	0.00578	0.00590	0.00193	0.00770	0.00526	0.00269	0.00717
60	0.02001	0.01334	0.01792	0.01354	0.01807	0.01343	0.10219	0.26376	0.01879	0.23272	0.01531	0.01566	0.01079	0.00672	0.00696	0.00174	0.07240	0.00539	0.00525	0.14600
61	0.02287	0.01943	0.01604	0.01333	0.01722	0.32448	0.01051	0.24633	0.02024	0.20454	0.03751	0.01514	0.01161	0.00690	0.00572	0.00169	0.00774	0.00502	0.00510	0.00860
62	0.04949	0.01098	0.01261	0.00919	0.01430	0.00896	0.00741	0.07019	0.01363	0.06741	0.01150	0.01279	0.00912	0.00482	0.00456	0.00104	0.00459	0.00378	0.00393	0.67971

[dist]
# distance from previous block
# <min> <max>
0	10

[block]
# block no. 1 follows, 39 sequences, length 18
# corresponding to MSA columns:
# 610-627
name=unknown_B
#
# <colnr> <probs for GDERKNQSTAVLIFYWHMCP>
#	G	D	E	R	K	N	Q	S	T	A	V	L	I	F	Y	W	H	M	C	P
0	0.01918	0.01204	0.01458	0.01161	0.01532	0.01251	0.02878	0.30348	0.05965	0.21580	0.19540	0.02339	0.02263	0.00845	0.00659	0.00185	0.02681	0.00690	0.00625	0.00878
1	0.00757	0.00539	0.00705	0.00791	0.00845	0.00505	0.00535	0.00890	0.01226	0.01665	0.18680	0.56487	0.04124	0.08190	0.00931	0.00256	0.00349	0.01480	0.00555	0.00487
2	0.00841	0.00565	0.00651	0.00669	0.00674	0.00561	0.00384	0.00855	0.00897	0.01196	0.02051	0.13971	0.02387	0.68791	0.02706	0.00528	0.00542	0.00971	0.00384	0.00375
3	0.05599	0.01440	0.01762	0.01404	0.01767	0.10611	0.10203	0.11225	0.05166	0.27488	0.01602	0.03422	0.01173	0.00756	0.00816	0.00195	0.13440	0.00578	0.00502	0.00849
4	0.12997	0.01408	0.01454	0.01151	0.01555	0.01558	0.00944	0.52176	0.02292	0.03336	0.01422	0.01485	0.01039	0.00685	0.00532	0.00172	0.00564	0.00507	0.13841	0.00883
5	0.00718	0.00526	0.00674	0.00793	0.00850	0.00483	0.00536	0.00827	0.01161	0.01521	0.03628	0.68975	0.13530	0.01805	0.00747	0.00235	0.00337	0.01623	0.00549	0.00483
6	0.03560	0.00822	0.05241	0.00889	0.01115	0.00678	0.00737	0.01434	0.01534	0.14121	0.41199	0.13959	0.04082	0.01197	0.00681	0.00200	0.00386	0.06917	0.00610	0.00640
7	0.01273	0.01186	0.02009	0.39042	0.37111	0.01312	0.01660	0.01611	0.01236	0.01680	0.01078	0.01536	0.00871	0.00642	0.00684	0.04767	0.00733	0.00526	0.00276	0.00765
8	0.01117	0.01051	0.01774	0.77795	0.04073	0.01314	0.01642	0.01511	0.01182	0.01511	0.01051	0.01577	0.00788	0.00591	0.00591	0.00197	0.00788	0.00526	0.00263	0.00657
9	0.83394	0.01144	0.00869	0.00778	0.01144	0.01327	0.00640	0.01738	0.01006	0.02653	0.00823	0.00961	0.00640	0.00549	0.00366	0.00183	0.00457	0.00320	0.00366	0.00640
10	0.00736	0.00601	0.00650	0.00638	0.00821	0.00515	0.00478	0.00920	0.01435	0.01804	0.24476	0.05351	0.56673	0.01421	0.00699	0.00196	0.00294	0.01200	0.00576	0.00515
11	0.01344	0.01283	0.02184	0.29294	0.50801	0.01374	0.01755	0.01710	0.01290	0.01786	0.01091	0.01503	0.00885	0.00549	0.00587	0.00183	0.00732	0.00526	0.00282	0.00840
12	0.01297	0.01240	0.02075	0.36146	0.37840	0.01399	0.01695	0.01648	0.01237	0.01704	0.01057	0.01499	0.00858	0.00598	0.00701	0.00192	0.07223	0.00526	0.00277	0.00789
13	0.00825	0.00595	0.00779	0.00753	0.00881	0.00550	0.00557	0.01085	0.01616	0.02279	0.67498	0.12399	0.05401	0.01278	0.00704	0.00192	0.00286	0.01135	0.00640	0.00550
14	0.01358	0.01522	0.03258	0.12640	0.03223	0.01471	0.63713	0.01843	0.01367	0.01843	0.01177	0.01593	0.00883	0.00511	0.00684	0.00199	0.00969	0.00675	0.00294	0.00779
15	0.00787	0.00603	0.00721	0.00691	0.00853	0.00537	0.00518	0.01018	0.01555	0.02089	0.49958	0.04882	0.31014	0.01314	0.00698	0.00191	0.00286	0.01135	0.00614	0.00537
16	0.00721	0.00515	0.00686	0.00823	0.00858	0.00480	0.00549	0.00823	0.01132	0.01510	0.03259	0.78831	0.03911	0.01853	0.00755	0.00240	0.00343	0.01681	0.00549	0.00480
17	0.02248	0.01656	0.01775	0.01361	0.01834	0.01834	0.01124	0.73556	0.02780	0.03727	0.01420	0.01420	0.01006	0.00710	0.00592	0.00177	0.00651	0.00532	0.00592	0.01006

[dist]
# distance from previous block
# <min> <max>
2	6

[block]
# block no. 2 follows, 39 sequences, length 34
# corresponding to MSA columns:
# 634-667
name=unknown_C
#
# <colnr> <probs for GDERKNQSTAVLIFYWHMCP>
#	G	D	E	R	K	N	Q	S	T	A	V	L	I	F	Y	W	H	M	C	P
0	0.01230	0.01217	0.01812	0.63258	0.08748	0.06884	0.01600	0.01590	0.01216	0.01531	0.01032	0.01517	0.00796	0.00610	0.00654	0.00195	0.04648	0.00515	0.00268	0.00678
1	0.34386	0.01374	0.01360	0.01093	0.01517	0.01523	0.00900	0.35404	0.04670	0.10473	0.01312	0.01327	0.00937	0.00652	0.00503	0.00181	0.00553	0.00460	0.00517	0.00859
2	0.00721	0.00515	0.00686	0.00823	0.00858	0.00480	0.00549	0.00823	0.01132	0.01510	0.03259	0.78831	0.03911	0.01853	0.00755	0.00240	0.00343	0.01681	0.00549	0.00480
3	0.12624	0.01228	0.01811	0.38953	0.21827	0.01401	0.01487	0.10253	0.01392	0.02042	0.01080	0.01444	0.00832	0.00583	0.00559	0.00187	0.00704	0.00499	0.00324	0.00769
4	0.01605	0.66803	0.06044	0.01150	0.01676	0.02165	0.06360	0.01839	0.01242	0.05154	0.00935	0.01061	0.00804	0.00519	0.00421	0.00137	0.00663	0.00363	0.00280	0.00779
5	0.00991	0.00627	0.00823	0.00786	0.00938	0.00572	0.00584	0.01228	0.01562	0.09488	0.52211	0.18614	0.06705	0.01294	0.00698	0.00197	0.00314	0.01145	0.00637	0.00586
6	0.00795	0.00582	0.00733	0.00743	0.00856	0.00535	0.00535	0.00995	0.01440	0.01967	0.42369	0.22190	0.14374	0.06730	0.00871	0.00229	0.00322	0.02623	0.00591	0.00518
7	0.01374	0.01199	0.02013	0.16541	0.16634	0.01260	0.16243	0.03690	0.08964	0.07329	0.04637	0.09625	0.01563	0.00786	0.00696	0.00200	0.03948	0.02114	0.00404	0.00780
8	0.73377	0.01159	0.00952	0.00827	0.01205	0.01318	0.00682	0.05420	0.01146	0.08110	0.00965	0.01061	0.00719	0.00571	0.00394	0.00183	0.00471	0.00351	0.00404	0.00686
9	0.00774	0.00584	0.00716	0.00721	0.00855	0.00525	0.00526	0.00981	0.01470	0.01977	0.40998	0.20564	0.24299	0.01425	0.00710	0.00201	0.00298	0.01248	0.00601	0.00525
10	0.01241	0.01083	0.01307	0.05207	0.01569	0.00936	0.00811	0.01590	0.05839	0.01902	0.01117	0.01313	0.00923	0.00513	0.00567	0.00113	0.06157	0.00392	0.00355	0.67065
11	0.13468	0.06463	0.01652	0.01466	0.06700	0.44844	0.01073	0.03891	0.01561	0.12021	0.01118	0.01212	0.00860	0.00609	0.00515	0.00162	0.00845	0.00412	0.00375	0.00752
12	0.00725	0.00518	0.00691	0.00820	0.00859	0.00484	0.00549	0.00836	0.01155	0.01546	0.06293	0.75693	0.03982	0.01826	0.00752	0.00238	0.00340	0.01655	0.00553	0.00484
13	0.01244	0.03754	0.51233	0.01549	0.02230	0.03215	0.04267	0.02003	0.12530	0.01947	0.04620	0.01661	0.03192	0.00667	0.00625	0.00191	0.03367	0.00531	0.00333	0.00843
14	0.02246	0.01558	0.01730	0.04549	0.01892	0.01704	0.01117	0.62584	0.02591	0.11740	0.01507	0.01493	0.01048	0.00707	0.00592	0.00179	0.00640	0.00539	0.00593	0.00991
15	0.00721	0.00515	0.00686	0.00823	0.00858	0.00480	0.00549	0.00823	0.01132	0.01510	0.03259	0.78831	0.03911	0.01853	0.00755	0.00240	0.00343	0.01681	0.00549	0.00480
16	0.02217	0.02572	0.01697	0.01489	0.01829	0.60918	0.01139	0.17476	0.01910	0.01931	0.01021	0.01141	0.00814	0.00631	0.00546	0.00158	0.00978	0.00413	0.00366	0.00754
17	0.00721	0.00515	0.00686	0.00823	0.00858	0.00480	0.00549	0.00823	0.01132	0.01510	0.03259	0.78831	0.03911	0.01853	0.00755	0.00240	0.00343	0.01681	0.00549	0.00480
18	0.02141	0.01609	0.01809	0.05772	0.06041	0.01781	0.01191	0.65543	0.02611	0.03503	0.01382	0.01431	0.00990	0.00693	0.00591	0.00178	0.00661	0.00532	0.00557	0.00982
19	0.83394	0.01144	0.00869	0.00778	0.01144	0.01327	0.00640	0.01738	0.01006	0.02653	0.00823	0.00961	0.00640	0.00549	0.00366	0.00183	0.00457	0.00320	0.00366	0.00640
20	0.01086	0.00553	0.00553	0.00553	0.00694	0.00549	0.00415	0.01356	0.01245	0.02180	0.02096	0.02348	0.04547	0.00722	0.00425	0.00140	0.00277	0.00580	0.79132	0.00549
21	0.00849	0.00617	0.00867	0.00867	0.00944	0.00694	0.00636	0.01003	0.00926	0.01311	0.01660	0.02744	0.01661	0.24788	0.56771	0.00848	0.01309	0.00695	0.00328	0.00482
22	0.02123	0.02482	0.01638	0.01466	0.01785	0.59655	0.01126	0.13290	0.01824	0.01824	0.01155	0.01532	0.00993	0.00700	0.00563	0.00165	0.00964	0.05624	0.00367	0.00725
23	0.00802	0.00603	0.00746	0.00734	0.00883	0.00547	0.00556	0.01037	0.01537	0.02080	0.48172	0.09022	0.23610	0.01349	0.00709	0.00198	0.00306	0.05958	0.00611	0.00537
24	0.04081	0.01377	0.01386	0.01205	0.01566	0.07368	0.00947	0.07806	0.51052	0.13258	0.02166	0.01999	0.01585	0.00763	0.00588	0.00192	0.00533	0.00616	0.00590	0.00923
25	0.01569	0.71884	0.08418	0.01075	0.01603	0.04285	0.01101	0.01794	0.01218	0.01428	0.00842	0.00974	0.00758	0.00513	0.00397	0.00132	0.00662	0.00327	0.00254	0.00765
26	0.01453	0.00925	0.01172	0.01158	0.06678	0.00917	0.00836	0.06335	0.13887	0.18075	0.18092	0.10210	0.09983	0.01078	0.00659	0.00200	0.00442	0.06537	0.00602	0.00760
27	0.51866	0.01382	0.01130	0.00968	0.01349	0.11918	0.00782	0.06025	0.01332	0.16686	0.01161	0.01204	0.00837	0.00602	0.00446	0.00178	0.00563	0.00394	0.00440	0.00738
28	0.00715	0.00537	0.00664	0.00765	0.00842	0.00485	0.00523	0.00830	0.01188	0.01533	0.03971	0.59782	0.22501	0.01760	0.00740	0.00230	0.00332	0.01568	0.00549	0.00485
29	0.13931	0.01264	0.01353	0.01222	0.05559	0.06345	0.00931	0.16812	0.07310	0.23224	0.02164	0.02340	0.08194	0.00824	0.00582	0.00189	0.00558	0.05802	0.00555	0.00840
30	0.01630	0.07415	0.06095	0.01572	0.03530	0.11129	0.04780	0.16642	0.01467	0.01963	0.00975	0.01283	0.00829	0.00811	0.01202	0.00210	0.36877	0.00493	0.00336	0.00761
31	0.06668	0.01013	0.01347	0.01039	0.01491	0.00892	0.00858	0.02825	0.01659	0.72294	0.02258	0.01961	0.01423	0.00723	0.00583	0.00183	0.00501	0.00581	0.00714	0.00988
32	0.00824	0.00562	0.00660	0.00695	0.00711	0.00551	0.00418	0.00858	0.00948	0.01257	0.02328	0.21863	0.04473	0.57187	0.02368	0.00478	0.00511	0.02498	0.00412	0.00395
33	0.04340	0.00900	0.01041	0.00895	0.01158	0.00906	0.00701	0.17024	0.01716	0.14844	0.18354	0.08311	0.06549	0.03202	0.02432	0.00208	0.00447	0.00793	0.15464	0.00716

[dist]
# distance from previous block
# <min> <max>
3	6

[block]
# block no. 3 follows, 39 sequences, length 23
# corresponding to MSA columns:
# 674-696
name=unknown_D
#
# <colnr> <probs for GDERKNQSTAVLIFYWHMCP>
#	G	D	E	R	K	N	Q	S	T	A	V	L	I	F	Y	W	H	M	C	P
0	0.01370	0.01118	0.01399	0.01044	0.01529	0.00948	0.05383	0.07101	0.06516	0.05384	0.01352	0.05269	0.01131	0.00572	0.00501	0.00121	0.00490	0.00486	0.00410	0.57875
1	0.01999	0.03421	0.01594	0.01281	0.01670	0.11792	0.01032	0.27920	0.21008	0.13251	0.01729	0.01751	0.01280	0.00744	0.00633	0.00183	0.03517	0.02018	0.00549	0.02628
2	0.00718	0.00523	0.00678	0.00802	0.00852	0.00482	0.00539	0.00826	0.01153	0.01518	0.03519	0.71877	0.10697	0.01819	0.00750	0.00236	0.00339	0.01640	0.00549	0.00482
3	0.01375	0.01210	0.01514	0.03466	0.18338	0.01332	0.01112	0.02524	0.46379	0.02257	0.05929	0.02464	0.05118	0.00819	0.00615	0.00197	0.00515	0.03440	0.00522	0.00876
4	0.01260	0.01906	0.29590	0.12314	0.08928	0.01316	0.13304	0.05073	0.06628	0.01991	0.07297	0.01914	0.02917	0.00672	0.00614	0.00192	0.00761	0.02166	0.00349	0.00807
5	0.00721	0.00515	0.00686	0.00823	0.00858	0.00480	0.00549	0.00823	0.01132	0.01510	0.03259	0.78831	0.03911	0.01853	0.00755	0.00240	0.00343	0.01681	0.00549	0.00480
6	0.01910	0.39418	0.02354	0.01280	0.01680	0.41317	0.01080	0.02080	0.01450	0.01421	0.00870	0.01010	0.00760	0.00560	0.00460	0.00140	0.00859	0.00350	0.00280	0.00721
7	0.00721	0.00515	0.00686	0.00823	0.00858	0.00480	0.00549	0.00823	0.01132	0.01510	0.03259	0.78831	0.03911	0.01853	0.00755	0.00240	0.00343	0.01681	0.00549	0.00480
8	0.02248	0.01656	0.01775	0.01361	0.01834	0.01834	0.01124	0.73556	0.02780	0.03727	0.01420	0.01420	0.01006	0.00710	0.00592	0.00177	0.00651	0.00532	0.00592	0.01006
9	0.00727	0.00521	0.00701	0.00831	0.00869	0.00495	0.00560	0.00836	0.01122	0.01502	0.03166	0.74559	0.03776	0.01997	0.05005	0.00280	0.00412	0.01623	0.00536	0.00483
10	0.01102	0.00551	0.00551	0.00551	0.00689	0.00551	0.00413	0.01378	0.01240	0.02205	0.01929	0.02205	0.01516	0.00689	0.00413	0.00138	0.00276	0.00551	0.82500	0.00551
11	0.01464	0.01405	0.02400	0.03630	0.75528	0.01405	0.01815	0.01815	0.01347	0.01932	0.01112	0.01464	0.00937	0.00527	0.00585	0.00176	0.00703	0.00527	0.00293	0.00937
12	0.01398	0.01582	0.03230	0.07210	0.03028	0.03864	0.62517	0.01858	0.01364	0.01830	0.01155	0.01561	0.00879	0.00538	0.00755	0.00201	0.05293	0.00667	0.00295	0.00777
13	0.00799	0.00598	0.00741	0.00716	0.00863	0.00540	0.00533	0.01038	0.01569	0.02146	0.55326	0.08996	0.21337	0.01312	0.00701	0.00192	0.00287	0.01145	0.00622	0.00540
14	0.01655	0.01362	0.01441	0.01241	0.01608	0.01557	0.00981	0.19857	0.57445	0.02771	0.02173	0.02020	0.01615	0.00780	0.00599	0.00195	0.00511	0.00636	0.00599	0.00953
15	0.01581	0.79572	0.03099	0.01012	0.01518	0.02340	0.01012	0.01771	0.01202	0.01391	0.00822	0.00949	0.00759	0.00506	0.00379	0.00126	0.00632	0.00316	0.00253	0.00759
16	0.01801	0.01568	0.09572	0.01237	0.01652	0.08389	0.01078	0.16832	0.20739	0.16365	0.02230	0.02139	0.09213	0.00809	0.00648	0.00189	0.03492	0.00631	0.00540	0.00876
17	0.02271	0.01619	0.01752	0.01343	0.01815	0.01778	0.01109	0.69483	0.02718	0.07888	0.01472	0.01454	0.01032	0.00711	0.00592	0.00178	0.00642	0.00536	0.00600	0.01006
18	0.00742	0.00530	0.00707	0.00822	0.00872	0.00496	0.00562	0.00871	0.01205	0.01622	0.11990	0.67656	0.04099	0.01768	0.00750	0.00235	0.00341	0.03681	0.00561	0.00492
19	0.65291	0.01196	0.01042	0.03742	0.01359	0.01368	0.00751	0.10143	0.03002	0.06061	0.01007	0.01114	0.00754	0.00584	0.00417	0.00183	0.00495	0.00373	0.00411	0.00707
20	0.01244	0.01052	0.01698	0.56706	0.09761	0.01240	0.01484	0.01653	0.04903	0.06325	0.01390	0.01788	0.03685	0.00696	0.00662	0.03411	0.00718	0.00564	0.00323	0.00696
21	0.00699	0.00599	0.00599	0.00599	0.00799	0.00499	0.00449	0.00849	0.01348	0.01598	0.05991	0.05691	0.75288	0.01498	0.00699	0.00200	0.00300	0.01248	0.00549	0.00499
22	0.02519	0.01028	0.01366	0.01058	0.01499	0.00920	0.00870	0.06363	0.03742	0.67008	0.05544	0.02096	0.01634	0.00754	0.00599	0.00183	0.00500	0.00615	0.00718	0.00984

[dist]
# distance from previous block
# <min> <max>
0	1

[block]
# block no. 4 follows, 39 sequences, length 40
# corresponding to MSA columns:
# 698-737
name=unknown_E
#
# <colnr> <probs for GDERKNQSTAVLIFYWHMCP>
#	G	D	E	R	K	N	Q	S	T	A	V	L	I	F	Y	W	H	M	C	P
0	0.01298	0.01059	0.01453	0.01252	0.01395	0.01298	0.03834	0.11216	0.01238	0.04138	0.01309	0.01860	0.01171	0.06320	0.24601	0.00465	0.29496	0.00586	0.05356	0.00655
1	0.00725	0.00518	0.00690	0.00820	0.00859	0.00483	0.00549	0.00835	0.01154	0.01544	0.06106	0.75887	0.03977	0.01827	0.00753	0.00238	0.00341	0.01657	0.00553	0.00483
2	0.01401	0.01414	0.05179	0.09415	0.55198	0.01348	0.04601	0.01804	0.03390	0.01908	0.01140	0.01470	0.00935	0.00533	0.00577	0.00172	0.00699	0.00519	0.00303	0.07994
3	0.02056	0.02574	0.01645	0.08098	0.01984	0.67282	0.01162	0.02227	0.01612	0.01455	0.01019	0.04188	0.00889	0.00657	0.00547	0.00160	0.01014	0.00445	0.00311	0.00675
4	0.00720	0.00517	0.00684	0.00817	0.00856	0.00481	0.00546	0.00824	0.01138	0.01512	0.03337	0.76750	0.05942	0.01843	0.00753	0.00239	0.00342	0.01669	0.00549	0.00481
5	0.01194	0.03005	0.73481	0.01715	0.02579	0.01378	0.04803	0.01874	0.01254	0.01874	0.01066	0.01261	0.00755	0.00560	0.00567	0.00188	0.00879	0.00447	0.00252	0.00871
6	0.01198	0.04574	0.18041	0.03641	0.01656	0.01257	0.01176	0.03143	0.20260	0.02097	0.21443	0.02481	0.04439	0.00888	0.00789	0.00198	0.10798	0.00700	0.00465	0.00755
7	0.00721	0.00515	0.00686	0.00823	0.00858	0.00480	0.00549	0.00823	0.01132	0.01510	0.03259	0.78831	0.03911	0.01853	0.00755	0.00240	0.00343	0.01681	0.00549	0.00480
8	0.01266	0.19883	0.50467	0.11134	0.02518	0.01582	0.01855	0.01804	0.01230	0.01720	0.01007	0.01223	0.00756	0.00553	0.00525	0.00175	0.00809	0.00421	0.00252	0.00821
9	0.00721	0.00515	0.00686	0.00823	0.00858	0.00480	0.00549	0.00823	0.01132	0.01510	0.03259	0.78831	0.03911	0.01853	0.00755	0.00240	0.00343	0.01681	0.00549	0.00480
10	0.74939	0.01252	0.03905	0.00851	0.01244	0.01361	0.00733	0.06349	0.01130	0.02691	0.00871	0.01002	0.00668	0.00560	0.00388	0.00183	0.00486	0.00338	0.00376	0.00673
11	0.83394	0.01144	0.00869	0.00778	0.01144	0.01327	0.00640	0.01738	0.01006	0.02653	0.00823	0.00961	0.00640	0.00549	0.00366	0.00183	0.00457	0.00320	0.00366	0.00640
12	0.01102	0.00551	0.00551	0.00551	0.00689	0.00551	0.00413	0.01378	0.01240	0.02205	0.01929	0.02205	0.01516	0.00689	0.00413	0.00138	0.00276	0.00551	0.82500	0.00551
13	0.09991	0.00913	0.00943	0.03926	0.01170	0.00993	0.00670	0.16910	0.06004	0.02564	0.01698	0.01882	0.01303	0.00682	0.00465	0.00157	0.00407	0.00529	0.48108	0.00685
14	0.02057	0.02560	0.01721	0.03329	0.04769	0.64150	0.01197	0.02221	0.01570	0.01465	0.00910	0.01118	0.00771	0.00651	0.00687	0.00166	0.09265	0.00404	0.00298	0.00691
15	0.00748	0.00596	0.00671	0.00664	0.00832	0.00518	0.00494	0.00940	0.01448	0.01861	0.29926	0.09937	0.46433	0.01420	0.00702	0.00198	0.00295	0.01214	0.00585	0.00518
16	0.01493	0.01281	0.01350	0.01208	0.01546	0.01481	0.00941	0.05163	0.72403	0.02510	0.02379	0.02184	0.01782	0.00800	0.00601	0.00200	0.00473	0.00665	0.00601	0.00938
17	0.02155	0.09701	0.01814	0.01463	0.01800	0.63572	0.01129	0.08470	0.01728	0.01640	0.00950	0.01086	0.00783	0.00609	0.00524	0.00152	0.00991	0.00388	0.00325	0.00720
18	0.07240	0.04403	0.01388	0.01143	0.01502	0.01398	0.00915	0.08428	0.47225	0.11785	0.04230	0.02188	0.01734	0.00795	0.00584	0.00194	0.00490	0.02870	0.00587	0.00900
19	0.75895	0.01191	0.00953	0.00832	0.01207	0.01374	0.00685	0.08375	0.01170	0.02753	0.00879	0.01003	0.00674	0.00564	0.00387	0.00182	0.00475	0.00340	0.00387	0.00674
20	0.00721	0.00515	0.00686	0.00823	0.00858	0.00480	0.00549	0.00823	0.01132	0.01510	0.03259	0.78831	0.03911	0.01853	0.00755	0.00240	0.00343	0.01681	0.00549	0.00480
21	0.00804	0.00623	0.00846	0.03934	0.01062	0.00649	0.00673	0.00938	0.01160	0.01562	0.06970	0.58903	0.06396	0.01670	0.00855	0.00237	0.07571	0.04120	0.00516	0.00510
22	0.00760	0.00527	0.00689	0.00796	0.00849	0.00494	0.00541	0.00895	0.01200	0.01654	0.11232	0.65184	0.03932	0.01700	0.00725	0.00227	0.00331	0.01534	0.06236	0.00494
23	0.00714	0.00592	0.00624	0.00632	0.00812	0.00503	0.00468	0.00871	0.01359	0.01661	0.12152	0.11905	0.62667	0.01502	0.00704	0.00202	0.00301	0.01269	0.00559	0.00503
24	0.04795	0.01221	0.06202	0.01122	0.01606	0.01031	0.00978	0.11329	0.01776	0.60384	0.02098	0.01862	0.01339	0.00713	0.00586	0.00183	0.00544	0.00569	0.00674	0.00987
25	0.00993	0.00520	0.00754	0.00760	0.00770	0.00514	0.00506	0.00780	0.00815	0.01078	0.01372	0.05382	0.04411	0.05078	0.02202	0.72389	0.00499	0.00610	0.00286	0.00281
26	0.77716	0.01171	0.00896	0.00806	0.01160	0.03465	0.00659	0.01728	0.01023	0.02567	0.00857	0.01019	0.00678	0.00709	0.03479	0.00213	0.00521	0.00335	0.00362	0.00637
27	0.00729	0.00518	0.00684	0.00812	0.00844	0.00486	0.00537	0.00826	0.01115	0.01486	0.03170	0.74024	0.03798	0.06813	0.00899	0.00262	0.00358	0.01629	0.00537	0.00473
28	0.01401	0.01342	0.02288	0.16937	0.62707	0.01389	0.01784	0.01760	0.01317	0.01856	0.01101	0.01484	0.00910	0.00538	0.00587	0.00179	0.00718	0.00527	0.00287	0.00887
29	0.01528	0.01496	0.02203	0.14316	0.53722	0.08277	0.01686	0.06191	0.01440	0.01935	0.01104	0.01442	0.00903	0.00555	0.00582	0.00177	0.00745	0.00514	0.00308	0.00877
30	0.00721	0.00515	0.00686	0.00823	0.00858	0.00480	0.00549	0.00823	0.01132	0.01510	0.03259	0.78831	0.03911	0.01853	0.00755	0.00240	0.00343	0.01681	0.00549	0.00480
31	0.01312	0.01250	0.02126	0.36110	0.44234	0.01365	0.01739	0.01682	0.01275	0.01748	0.01086	0.01513	0.00872	0.00555	0.00588	0.00185	0.00740	0.00526	0.00280	0.00814
32	0.01191	0.01136	0.01822	0.59046	0.11467	0.02798	0.01592	0.01535	0.01173	0.01536	0.01027	0.01531	0.00808	0.00661	0.00761	0.01999	0.08450	0.00522	0.00266	0.00678
33	0.00721	0.00515	0.00686	0.00823	0.00858	0.00480	0.00549	0.00823	0.01132	0.01510	0.03259	0.78831	0.03911	0.01853	0.00755	0.00240	0.00343	0.01681	0.00549	0.00480
34	0.01909	0.39438	0.02355	0.01279	0.01680	0.41297	0.01080	0.02080	0.01450	0.01421	0.00870	0.01010	0.00760	0.00560	0.00460	0.00140	0.00859	0.00350	0.00280	0.00721
35	0.00728	0.00520	0.00693	0.00819	0.00859	0.00485	0.00550	0.00841	0.01165	0.01562	0.07645	0.74296	0.04013	0.01814	0.00751	0.00237	0.00339	0.01644	0.00555	0.00485
36	0.01138	0.01073	0.01812	0.73276	0.08428	0.01319	0.01653	0.01529	0.01192	0.01537	0.01055	0.01570	0.00797	0.00587	0.00591	0.00196	0.00783	0.00526	0.00265	0.00674
37	0.02248	0.01656	0.01775	0.01361	0.01834	0.01834	0.01124	0.73556	0.02780	0.03727	0.01420	0.01420	0.01006	0.00710	0.00592	0.00177	0.00651	0.00532	0.00592	0.01006
38	0.01102	0.00551	0.00551	0.00551	0.00689	0.00551	0.00413	0.01378	0.01240	0.02205	0.01929	0.02205	0.01516	0.00689	0.00413	0.00138	0.00276	0.00551	0.82500	0.00551
39	0.01038	0.00536	0.00780	0.00767	0.00792	0.00526	0.00517	0.00821	0.00806	0.01106	0.01061	0.01790	0.01039	0.01940	0.02167	0.76479	0.00502	0.00509	0.03285	0.03539

[dist]
# distance from previous block
# <min> <max>
0	1

[block]
# block no. 5 follows, 39 sequences, length 10
# corresponding to MSA columns:
# 739-748
name=unknown_F
#
# <colnr> <probs for GDERKNQSTAVLIFYWHMCP>
#	G	D	E	R	K	N	Q	S	T	A	V	L	I	F	Y	W	H	M	C	P
0	0.00788	0.00603	0.00723	0.00693	0.00854	0.00537	0.00520	0.01021	0.01559	0.02098	0.50734	0.04868	0.30232	0.01311	0.00698	0.00191	0.00286	0.01133	0.00615	0.00537
1	0.08426	0.01613	0.01557	0.01252	0.01657	0.09815	0.01019	0.51411	0.02338	0.03196	0.01418	0.01583	0.01073	0.00714	0.00559	0.00175	0.00644	0.02761	0.07902	0.00887
2	0.01638	0.72675	0.02971	0.01058	0.01546	0.09036	0.01024	0.01824	0.01244	0.01396	0.00830	0.00959	0.00759	0.00515	0.00393	0.00129	0.00671	0.00322	0.00258	0.00752
3	0.01487	0.10713	0.02823	0.07598	0.06159	0.01461	0.41573	0.01877	0.01359	0.08880	0.01324	0.03438	0.01053	0.00599	0.00663	0.00188	0.02723	0.02270	0.00344	0.03468
4	0.83394	0.01144	0.00869	0.00778	0.01144	0.01327	0.00640	0.01738	0.01006	0.02653	0.00823	0.00961	0.00640	0.00549	0.00366	0.00183	0.00457	0.00320	0.00366	0.00640
5	0.00709	0.00599	0.00613	0.00610	0.00805	0.00504	0.00457	0.00868	0.01372	0.01654	0.11058	0.05598	0.70185	0.01477	0.00699	0.00199	0.00298	0.01235	0.00557	0.00504
6	0.30328	0.01134	0.01329	0.01049	0.01482	0.01134	0.04100	0.08274	0.01533	0.41422	0.01687	0.01583	0.01117	0.00657	0.00520	0.00183	0.00522	0.00500	0.00575	0.00871
7	0.01222	0.04971	0.01696	0.01399	0.01440	0.01624	0.01159	0.01362	0.00925	0.01404	0.00945	0.01533	0.00936	0.04410	0.13647	0.00372	0.59523	0.00538	0.00271	0.00623
8	0.00725	0.00523	0.00687	0.00810	0.00856	0.00485	0.00545	0.00838	0.01167	0.01553	0.06703	0.72106	0.07200	0.01807	0.00750	0.00236	0.00338	0.01633	0.00554	0.00485
9	0.02466	0.00986	0.01301	0.01011	0.01435	0.00878	0.00831	0.05886	0.01692	0.64668	0.02248	0.02007	0.01449	0.00726	0.00575	0.00178	0.00485	0.00587	0.09634	0.00957

[dist]
# distance from previous block
# <min> <max>
0	35

[block]
# block no. 6 follows, 39 sequences, length 15
# corresponding to MSA columns:
# 784-798
name=unknown_G
#
# <colnr> <probs for GDERKNQSTAVLIFYWHMCP>
#	G	D	E	R	K	N	Q	S	T	A	V	L	I	F	Y	W	H	M	C	P
0	0.11362	0.23626	0.16197	0.06770	0.01791	0.06424	0.01179	0.03168	0.01245	0.01787	0.02630	0.06023	0.02806	0.00685	0.00565	0.00168	0.04696	0.00502	0.02505	0.05872
1	0.66254	0.01350	0.08289	0.00901	0.01332	0.01322	0.00819	0.05236	0.01130	0.02584	0.00890	0.01028	0.00684	0.00551	0.00401	0.00177	0.00506	0.00344	0.00365	0.05839
2	0.07013	0.02160	0.01580	0.01577	0.08880	0.45888	0.01104	0.02365	0.16606	0.01789	0.01455	0.01533	0.04203	0.00676	0.00549	0.00169	0.00836	0.00488	0.00379	0.00751
3	0.01009	0.00850	0.01248	0.05094	0.01446	0.00815	0.08513	0.04671	0.01252	0.01735	0.02307	0.44656	0.02572	0.01282	0.00723	0.00202	0.03827	0.01156	0.00459	0.16184
4	0.05325	0.04652	0.14368	0.03458	0.02008	0.05200	0.13541	0.09757	0.01562	0.21321	0.01516	0.01673	0.01093	0.00636	0.00572	0.00177	0.00692	0.02195	0.04450	0.05807
5	0.00719	0.00520	0.00681	0.00810	0.00854	0.00481	0.00543	0.00825	0.01145	0.01515	0.03424	0.74412	0.08224	0.01831	0.00751	0.00238	0.00340	0.01655	0.00549	0.00481
6	0.01197	0.02887	0.68891	0.01673	0.02461	0.01416	0.02098	0.01829	0.01215	0.01829	0.01033	0.01253	0.00752	0.00608	0.00697	0.00194	0.08420	0.00445	0.00251	0.00852
7	0.01149	0.01022	0.01418	0.01264	0.01329	0.01336	0.01023	0.05024	0.01019	0.01510	0.01177	0.01830	0.01129	0.06386	0.30716	0.00537	0.40643	0.00581	0.00304	0.00605
8	0.00721	0.00515	0.00686	0.00823	0.00858	0.00480	0.00549	0.00823	0.01132	0.01510	0.03259	0.78831	0.03911	0.01853	0.00755	0.00240	0.00343	0.01681	0.00549	0.00480
9	0.72955	0.01167	0.00939	0.00822	0.01188	0.01343	0.00675	0.08190	0.01175	0.02733	0.00919	0.01049	0.00707	0.00569	0.00388	0.00181	0.00468	0.00348	0.03514	0.00670
10	0.00721	0.00515	0.00686	0.00823	0.00858	0.00480	0.00549	0.00823	0.01132	0.01510	0.03259	0.78831	0.03911	0.01853	0.00755	0.00240	0.00343	0.01681	0.00549	0.00480
11	0.01396	0.01595	0.03490	0.02493	0.03091	0.01496	0.73380	0.01894	0.01396	0.01894	0.01196	0.01595	0.00897	0.00499	0.00698	0.00199	0.00997	0.00698	0.00299	0.00798
12	0.01581	0.79572	0.03099	0.01012	0.01518	0.02340	0.01012	0.01771	0.01202	0.01391	0.00822	0.00949	0.00759	0.00506	0.00379	0.00126	0.00632	0.00316	0.00253	0.00759
13	0.01090	0.00554	0.00562	0.00560	0.00698	0.00552	0.00420	0.01366	0.01261	0.02213	0.05378	0.02309	0.01707	0.00713	0.00427	0.00140	0.00276	0.00576	0.78648	0.00552
14	0.01395	0.01569	0.03148	0.02305	0.02843	0.05330	0.62553	0.01853	0.01407	0.01859	0.01371	0.02064	0.01135	0.00615	0.00701	0.00204	0.00956	0.07602	0.00323	0.00767

[dist]
# distance from previous block
# <min> <max>
0	1

[block]
# block no. 7 follows, 39 sequences, length 9
# corresponding to MSA columns:
# 800-808
name=unknown_H
#
# <colnr> <probs for GDERKNQSTAVLIFYWHMCP>
#	G	D	E	R	K	N	Q	S	T	A	V	L	I	F	Y	W	H	M	C	P
0	0.00731	0.00522	0.00695	0.00817	0.00860	0.00487	0.00550	0.00849	0.01179	0.01585	0.09528	0.72348	0.04057	0.01797	0.00750	0.00235	0.00338	0.01628	0.00558	0.00487
1	0.02021	0.01544	0.01647	0.01315	0.01747	0.01728	0.01069	0.52956	0.23751	0.03360	0.01709	0.01650	0.01240	0.00737	0.00595	0.00184	0.00597	0.00572	0.00595	0.00985
2	0.01581	0.79572	0.03099	0.01012	0.01518	0.02340	0.01012	0.01771	0.01202	0.01391	0.00822	0.00949	0.00759	0.00506	0.00379	0.00126	0.00632	0.00316	0.00253	0.00759
3	0.01319	0.02874	0.69398	0.01628	0.02465	0.01328	0.02066	0.01964	0.01289	0.08563	0.01176	0.01318	0.00814	0.00577	0.00565	0.00187	0.00840	0.00451	0.00293	0.00886
4	0.10863	0.01063	0.01348	0.01045	0.01494	0.00980	0.00863	0.07439	0.01695	0.63686	0.02119	0.01866	0.01350	0.00712	0.00571	0.00183	0.00508	0.00563	0.00685	0.00969
5	0.00721	0.00515	0.00686	0.00823	0.00858	0.00480	0.00549	0.00823	0.01132	0.01510	0.03259	0.78831	0.03911	0.01853	0.00755	0.00240	0.00343	0.01681	0.00549	0.00480
6	0.10020	0.01418	0.08590	0.36588	0.26069	0.04086	0.01621	0.01694	0.01239	0.01796	0.01042	0.01427	0.00815	0.00564	0.00561	0.00186	0.00744	0.00491	0.00284	0.00764
7	0.01366	0.01341	0.01751	0.01503	0.01552	0.04922	0.01243	0.06014	0.01060	0.01567	0.00872	0.01355	0.00833	0.01203	0.06348	0.00291	0.65310	0.00520	0.00285	0.00664
8	0.01011	0.00651	0.00777	0.00738	0.00939	0.00570	0.00563	0.01208	0.01467	0.11800	0.24597	0.11323	0.36915	0.01350	0.00694	0.00200	0.00334	0.03676	0.00602	0.00584

[dist]
# distance from previous block
# <min> <max>
4	6

[block]
# block no. 8 follows, 39 sequences, length 36
# corresponding to MSA columns:
# 815-850
name=unknown_I
#
# <colnr> <probs for GDERKNQSTAVLIFYWHMCP>
#	G	D	E	R	K	N	Q	S	T	A	V	L	I	F	Y	W	H	M	C	P
0	0.12226	0.01437	0.01689	0.01741	0.18078	0.01574	0.01164	0.34490	0.14176	0.02935	0.01456	0.01526	0.01093	0.00664	0.00558	0.00180	0.00596	0.00528	0.02970	0.00919
1	0.00721	0.00515	0.00686	0.00823	0.00858	0.00480	0.00549	0.00823	0.01132	0.01510	0.03259	0.78831	0.03911	0.01853	0.00755	0.00240	0.00343	0.01681	0.00549	0.00480
2	0.01377	0.01312	0.02245	0.14186	0.53779	0.01349	0.06159	0.01764	0.03814	0.01848	0.01252	0.01614	0.02497	0.00618	0.00657	0.03104	0.00710	0.00557	0.00303	0.00854
3	0.02099	0.01550	0.01670	0.01298	0.01733	0.01709	0.01062	0.65046	0.04631	0.03537	0.06158	0.01698	0.01350	0.02861	0.00664	0.00189	0.00620	0.00579	0.00589	0.00958
4	0.00731	0.00616	0.00635	0.00635	0.00828	0.00531	0.00474	0.00931	0.03562	0.01661	0.09441	0.08835	0.66126	0.01477	0.00698	0.00201	0.00306	0.01241	0.00556	0.00515
5	0.02209	0.02819	0.01676	0.01524	0.01828	0.76843	0.01143	0.02361	0.01676	0.01447	0.00914	0.01066	0.00762	0.00609	0.00533	0.00152	0.01066	0.00381	0.00305	0.00686
6	0.00721	0.00515	0.00686	0.00823	0.00858	0.00480	0.00549	0.00823	0.01132	0.01510	0.03259	0.78831	0.03911	0.01853	0.00755	0.00240	0.00343	0.01681	0.00549	0.00480
7	0.02248	0.01656	0.01775	0.01361	0.01834	0.01834	0.01124	0.73556	0.02780	0.03727	0.01420	0.01420	0.01006	0.00710	0.00592	0.00177	0.00651	0.00532	0.00592	0.01006
8	0.00860	0.00573	0.00645	0.00645	0.00645	0.00573	0.00358	0.00860	0.00860	0.01147	0.01863	0.03870	0.02150	0.79217	0.03010	0.00573	0.00573	0.00860	0.00358	0.00358
9	0.01102	0.00551	0.00551	0.00551	0.00689	0.00551	0.00413	0.01378	0.01240	0.02205	0.01929	0.02205	0.01516	0.00689	0.00413	0.00138	0.00276	0.00551	0.82500	0.00551
10	0.00813	0.00598	0.00749	0.00719	0.00855	0.00547	0.00529	0.01049	0.01555	0.02148	0.57615	0.07302	0.15851	0.06057	0.00842	0.00214	0.00302	0.01106	0.00614	0.00534
11	0.06359	0.01494	0.01602	0.01273	0.01674	0.08540	0.05488	0.39873	0.02138	0.10961	0.01568	0.05279	0.01200	0.00734	0.00571	0.00176	0.00632	0.00582	0.08985	0.00871
12	0.00747	0.00601	0.00666	0.00650	0.00828	0.00520	0.00487	0.00942	0.01462	0.01869	0.30227	0.05245	0.50883	0.01397	0.00698	0.00195	0.00292	0.01186	0.00585	0.00520
13	0.04032	0.01265	0.01322	0.01171	0.01508	0.01452	0.00917	0.09631	0.61572	0.02583	0.02240	0.02094	0.01679	0.00780	0.00584	0.00195	0.00475	0.00639	0.04949	0.00913
14	0.01581	0.79572	0.03099	0.01012	0.01518	0.02340	0.01012	0.01771	0.01202	0.01391	0.00822	0.00949	0.00759	0.00506	0.00379	0.00126	0.00632	0.00316	0.00253	0.00759
15	0.05216	0.01500	0.01600	0.01251	0.01701	0.06198	0.01024	0.42759	0.04510	0.25629	0.01677	0.01587	0.01142	0.00708	0.00581	0.00178	0.00619	0.00539	0.00609	0.00971
16	0.83394	0.01144	0.00869	0.00778	0.01144	0.01327	0.00640	0.01738	0.01006	0.02653	0.00823	0.00961	0.00640	0.00549	0.00366	0.00183	0.00457	0.00320	0.00366	0.00640
17	0.00756	0.00541	0.00725	0.00846	0.00901	0.00509	0.00595	0.00893	0.01205	0.01613	0.09470	0.64377	0.03999	0.01773	0.00757	0.00239	0.00360	0.09390	0.00557	0.00494
18	0.01383	0.01323	0.02255	0.20890	0.58898	0.01384	0.01775	0.01744	0.01308	0.01834	0.01098	0.01490	0.00902	0.00542	0.00587	0.00181	0.00723	0.00527	0.00286	0.00872
