[name]
unknown

[dist]
# distance from previous block
# <min> <max>
0	50

[block]
# block no. 0 follows, 34 sequences, length 38
# corresponding to MSA columns:
# 62-99
name=unknown_A
#
# <colnr> <probs for GDERKNQSTAVLIFYWHMCP>
#	G	D	E	R	K	N	Q	S	T	A	V	L	I	F	Y	W	H	M	C	P
0	0.01539	0.01686	0.03040	0.02377	0.07093	0.07897	0.46628	0.01990	0.01527	0.02018	0.01485	0.02237	0.01260	0.00683	0.00727	0.00209	0.00967	0.07952	0.00361	0.08324
1	0.01745	0.09797	0.02154	0.10799	0.13737	0.11235	0.05892	0.08413	0.24993	0.02285	0.01648	0.01771	0.01276	0.00708	0.00623	0.00197	0.00754	0.00594	0.00453	0.00927
2	0.00861	0.00733	0.00750	0.00732	0.00963	0.00662	0.00553	0.01208	0.09020	0.01888	0.09271	0.05746	0.62259	0.01540	0.00752	0.00218	0.00346	0.01287	0.00611	0.00599
3	0.00782	0.00655	0.00680	0.00674	0.00884	0.00553	0.00505	0.00963	0.01516	0.01849	0.14647	0.06048	0.64833	0.01598	0.00763	0.00216	0.00325	0.01340	0.00614	0.00553
4	0.00863	0.00658	0.00792	0.00758	0.00933	0.00588	0.00569	0.01119	0.01706	0.02300	0.50072	0.05306	0.29127	0.01430	0.00763	0.00208	0.00313	0.01236	0.00673	0.00588
5	0.00765	0.00649	0.00661	0.00671	0.00877	0.00544	0.00498	0.00925	0.01457	0.01739	0.06351	0.10834	0.68510	0.01662	0.00768	0.00221	0.00330	0.01395	0.00600	0.00544
6	0.01414	0.01414	0.01979	0.01696	0.01696	0.01979	0.01414	0.01555	0.00990	0.01555	0.00848	0.01414	0.00848	0.01131	0.02120	0.00283	0.76110	0.00565	0.00283	0.00707
7	0.01340	0.01148	0.01340	0.00957	0.01531	0.00861	0.00766	0.01627	0.01340	0.02105	0.01148	0.01340	0.00957	0.00479	0.00479	0.00096	0.00479	0.00383	0.00383	0.81242
8	0.81856	0.01250	0.00950	0.00850	0.01250	0.01449	0.00700	0.01899	0.01100	0.02899	0.00900	0.01050	0.00700	0.00600	0.00400	0.00200	0.00500	0.00350	0.00400	0.00700
9	0.02456	0.01810	0.01939	0.01487	0.02004	0.02004	0.01228	0.71107	0.03038	0.04072	0.01551	0.01551	0.01099	0.00776	0.00646	0.00194	0.00711	0.00582	0.00646	0.01099
10	0.01037	0.00902	0.01532	0.04986	0.04973	0.00888	0.13743	0.01288	0.01339	0.01793	0.02838	0.42834	0.03186	0.01560	0.00837	0.00255	0.02340	0.12519	0.00514	0.00636
11	0.01461	0.01547	0.01391	0.01308	0.01484	0.25198	0.01012	0.01662	0.01294	0.01532	0.01404	0.01978	0.01283	0.03110	0.43291	0.00678	0.08797	0.00589	0.00336	0.00646
12	0.00810	0.00580	0.00771	0.00884	0.00942	0.00540	0.00602	0.00958	0.01345	0.01822	0.16240	0.63701	0.04607	0.01896	0.00813	0.00252	0.00362	0.01715	0.00620	0.00540
13	0.01257	0.01186	0.02005	0.68757	0.11145	0.01445	0.01813	0.01683	0.01309	0.01696	0.01155	0.01711	0.00877	0.00639	0.00645	0.00213	0.00852	0.00574	0.00290	0.00748
14	0.00819	0.00672	0.00731	0.00761	0.00965	0.00585	0.00600	0.01009	0.01476	0.01783	0.05927	0.06430	0.59277	0.01666	0.00789	0.00234	0.00380	0.14744	0.00599	0.00555
15	0.81856	0.01250	0.00950	0.00850	0.01250	0.01449	0.00700	0.01899	0.01100	0.02899	0.00900	0.01050	0.00700	0.00600	0.00400	0.00200	0.00500	0.00350	0.00400	0.00700
16	0.01232	0.01151	0.01933	0.63197	0.11558	0.01387	0.01736	0.01637	0.01308	0.01700	0.01313	0.06619	0.01102	0.00729	0.00657	0.00216	0.00820	0.00657	0.00311	0.00738
17	0.02899	0.01100	0.01499	0.01150	0.01649	0.00950	0.00950	0.03149	0.01849	0.73709	0.02549	0.02199	0.01599	0.00800	0.00650	0.00200	0.00550	0.00650	0.00800	0.01100
18	0.02364	0.09806	0.02021	0.01403	0.01913	0.01939	0.01176	0.52983	0.07255	0.10194	0.01645	0.01613	0.01174	0.00761	0.00623	0.00190	0.00681	0.00573	0.00622	0.01065
19	0.01654	0.69478	0.03136	0.01115	0.01624	0.02363	0.01099	0.01871	0.01331	0.01564	0.01167	0.01703	0.01137	0.00684	0.00466	0.00155	0.00681	0.07657	0.00310	0.00804
20	0.00847	0.00624	0.00798	0.00896	0.00976	0.00594	0.00617	0.01078	0.05039	0.01841	0.13318	0.59121	0.08140	0.01845	0.00804	0.00250	0.00370	0.01660	0.00618	0.00564
21	0.02242	0.02769	0.01771	0.01676	0.04783	0.63360	0.01218	0.04163	0.01819	0.01703	0.03391	0.03632	0.03241	0.00752	0.00604	0.00174	0.01064	0.00518	0.00367	0.00752
22	0.01340	0.01148	0.01340	0.00957	0.01531	0.00861	0.00766	0.01627	0.01340	0.02105	0.01148	0.01340	0.00957	0.00479	0.00479	0.00096	0.00479	0.00383	0.00383	0.81242
23	0.01190	0.01268	0.09042	0.01228	0.01475	0.04457	0.05542	0.01532	0.03850	0.02023	0.15798	0.12221	0.08805	0.02764	0.00996	0.00228	0.14123	0.00926	0.11854	0.00680
24	0.01467	0.01258	0.01488	0.06478	0.08049	0.01407	0.01093	0.04917	0.44995	0.02533	0.10231	0.02901	0.06151	0.00952	0.00680	0.00217	0.00534	0.03126	0.00603	0.00919
25	0.00962	0.01091	0.10527	0.01161	0.01450	0.00799	0.07075	0.01251	0.01414	0.01846	0.05851	0.24079	0.24195	0.01530	0.00785	0.00243	0.00538	0.14035	0.00536	0.00633
26	0.00787	0.00562	0.00750	0.00900	0.00937	0.00525	0.00600	0.00900	0.01237	0.01649	0.03561	0.76871	0.04274	0.02024	0.00825	0.00262	0.00375	0.01837	0.00600	0.00525
27	0.01677	0.01852	0.01940	0.01688	0.01776	0.21102	0.01370	0.01825	0.01211	0.01562	0.00888	0.01348	0.00844	0.01009	0.01716	0.00252	0.56401	0.00526	0.00296	0.00718
28	0.02359	0.00956	0.01258	0.01007	0.01403	0.00846	0.00817	0.02625	0.01751	0.52308	0.09903	0.02518	0.02086	0.00846	0.00623	0.00191	0.00475	0.00695	0.16383	0.00951
29	0.00841	0.00655	0.00763	0.00743	0.00922	0.00577	0.00554	0.01074	0.01645	0.02170	0.40017	0.07795	0.36946	0.01489	0.00765	0.00212	0.00317	0.01280	0.00656	0.00577
30	0.10174	0.01113	0.01449	0.01122	0.01613	0.00996	0.00927	0.03034	0.01780	0.67185	0.02397	0.02093	0.01517	0.00781	0.00627	0.00200	0.00545	0.00622	0.00763	0.01063
31	0.01196	0.01105	0.01849	0.63918	0.06421	0.01361	0.01678	0.01600	0.01267	0.01648	0.01224	0.01820	0.00961	0.01168	0.09904	0.00317	0.00967	0.00589	0.00296	0.00711
32	0.01301	0.01218	0.02050	0.51478	0.22622	0.01408	0.01779	0.01704	0.01345	0.01784	0.01325	0.04403	0.01117	0.00713	0.00659	0.00213	0.00811	0.02965	0.00317	0.00789
33	0.01216	0.01117	0.01861	0.63794	0.08509	0.01355	0.01685	0.01618	0.01302	0.01705	0.01342	0.06646	0.01121	0.00735	0.00651	0.00215	0.00805	0.00658	0.02945	0.00721
34	0.01233	0.01055	0.01623	0.17429	0.22808	0.01113	0.01288	0.06160	0.01430	0.01937	0.02191	0.31911	0.02340	0.03536	0.00797	0.00239	0.00621	0.01093	0.00450	0.00745
35	0.01540	0.01382	0.03958	0.03707	0.10493	0.03605	0.02672	0.09183	0.03935	0.04671	0.03774	0.03297	0.02822	0.00827	0.03064	0.00189	0.05117	0.00564	0.00430	0.34771
36	0.35106	0.01749	0.01543	0.01374	0.04028	0.18520	0.05378	0.07946	0.08530	0.06021	0.01338	0.03476	0.01061	0.00702	0.00543	0.00196	0.00718	0.00511	0.00448	0.00812
37	0.57863	0.09370	0.01332	0.01097	0.05754	0.01500	0.00833	0.01926	0.03439	0.04743	0.01206	0.06351	0.01046	0.00706	0.00461	0.00198	0.00530	0.00486	0.00416	0.00744

[dist]
# distance from previous block
# <min> <max>
1	9

[block]
# block no. 1 follows, 34 sequences, length 12
# corresponding to MSA columns:
# 109-120
name=unknown_B
#
# <colnr> <probs for GDERKNQSTAVLIFYWHMCP>
#	G	D	E	R	K	N	Q	S	T	A	V	L	I	F	Y	W	H	M	C	P
0	0.08785	0.01227	0.07069	0.01257	0.06161	0.01051	0.03012	0.07233	0.05360	0.09753	0.07615	0.06563	0.20386	0.02969	0.00730	0.00214	0.00534	0.02513	0.00542	0.07029
1	0.01130	0.00992	0.01419	0.01300	0.01362	0.01292	0.01044	0.01313	0.01013	0.01512	0.01374	0.02142	0.01326	0.06533	0.41025	0.00702	0.32928	0.00650	0.00322	0.00623
2	0.01446	0.01564	0.06144	0.30980	0.12234	0.06909	0.09810	0.03831	0.01421	0.01883	0.05011	0.01765	0.01180	0.00738	0.00882	0.00217	0.12249	0.00611	0.00331	0.00794
3	0.01727	0.77681	0.03386	0.01106	0.01658	0.02557	0.01106	0.01935	0.01313	0.01520	0.00898	0.01036	0.00829	0.00553	0.00415	0.00138	0.00691	0.00345	0.00276	0.00829
4	0.04100	0.04285	0.01714	0.09166	0.02011	0.01467	0.03621	0.17547	0.15448	0.05474	0.01692	0.05324	0.01364	0.00892	0.02844	0.00211	0.03872	0.00624	0.00501	0.17841
5	0.00859	0.00609	0.00761	0.00832	0.00892	0.00577	0.00558	0.00978	0.01260	0.01685	0.12658	0.38690	0.08202	0.23194	0.01513	0.00356	0.00445	0.04871	0.00556	0.00503
6	0.00792	0.00572	0.00750	0.00883	0.00935	0.00530	0.00595	0.00916	0.01278	0.01700	0.07043	0.69712	0.07964	0.01970	0.00819	0.00257	0.00369	0.01780	0.00605	0.00530
7	0.01426	0.01200	0.01386	0.00998	0.01568	0.00950	0.00801	0.07014	0.01471	0.02258	0.01180	0.01356	0.00968	0.00502	0.00492	0.00103	0.00497	0.00398	0.00403	0.75029
8	0.01472	0.01367	0.04963	0.01286	0.01776	0.02896	0.08044	0.05926	0.01513	0.04966	0.08730	0.01795	0.01512	0.00674	0.00713	0.00153	0.07508	0.00548	0.00428	0.43730
9	0.01508	0.01221	0.06304	0.05194	0.01715	0.01096	0.04085	0.15571	0.03666	0.09584	0.12862	0.23167	0.02761	0.01160	0.00704	0.00211	0.00558	0.01016	0.00580	0.07036
10	0.01133	0.04800	0.03221	0.00997	0.01271	0.04178	0.05525	0.01411	0.01666	0.05806	0.36158	0.04436	0.24425	0.01246	0.00727	0.00204	0.00454	0.01077	0.00606	0.00661
11	0.05067	0.03661	0.05639	0.01401	0.07018	0.03178	0.03595	0.09044	0.05345	0.14862	0.04800	0.01766	0.01371	0.00661	0.00574	0.00162	0.00599	0.00541	0.02774	0.27943

[dist]
# distance from previous block
# <min> <max>
1	13

[block]
# block no. 2 follows, 34 sequences, length 21
# corresponding to MSA columns:
# 134-154
name=unknown_C
#
# <colnr> <probs for GDERKNQSTAVLIFYWHMCP>
#	G	D	E	R	K	N	Q	S	T	A	V	L	I	F	Y	W	H	M	C	P
0	0.01315	0.01321	0.11459	0.01334	0.01697	0.01072	0.06293	0.05728	0.11619	0.05902	0.04269	0.15751	0.07043	0.01287	0.00755	0.00240	0.00614	0.19470	0.00552	0.02278
1	0.01761	0.04925	0.05878	0.01696	0.03410	0.01367	0.21742	0.06024	0.13071	0.16854	0.07195	0.07984	0.01892	0.00839	0.00690	0.00208	0.00710	0.00795	0.00539	0.02419
2	0.04458	0.02659	0.49446	0.01837	0.02636	0.01422	0.13193	0.02100	0.01422	0.09078	0.01420	0.04948	0.01075	0.00685	0.00643	0.00209	0.00894	0.00598	0.00353	0.00926
3	0.00925	0.00642	0.00813	0.00891	0.00947	0.00630	0.00629	0.01047	0.01202	0.01596	0.05746	0.24625	0.03386	0.33813	0.01884	0.00423	0.00537	0.19260	0.00515	0.00491
4	0.01580	0.21107	0.45371	0.01637	0.02395	0.13600	0.01896	0.02106	0.01427	0.01845	0.01071	0.01253	0.00823	0.00608	0.00561	0.00183	0.00926	0.00436	0.00283	0.00891
5	0.01428	0.14428	0.53133	0.01753	0.05113	0.01665	0.02041	0.06192	0.01449	0.02069	0.01169	0.01383	0.00878	0.00788	0.03651	0.00228	0.00925	0.00476	0.00301	0.00931
6	0.04638	0.01504	0.01727	0.01391	0.01764	0.13106	0.12828	0.14860	0.03091	0.07933	0.10948	0.02187	0.01852	0.00782	0.00619	0.00186	0.00682	0.00667	0.18423	0.00813
7	0.01420	0.01255	0.01938	0.63722	0.04054	0.01528	0.01703	0.12892	0.01575	0.02043	0.01214	0.01695	0.00900	0.00667	0.00646	0.00212	0.00837	0.00575	0.00345	0.00779
8	0.00806	0.00586	0.00760	0.00865	0.00936	0.00540	0.00592	0.00954	0.01353	0.01810	0.15041	0.59202	0.10413	0.01877	0.00809	0.00249	0.00359	0.01688	0.00618	0.00540
9	0.01713	0.01551	0.02802	0.02091	0.02561	0.01595	0.37859	0.11725	0.01682	0.08926	0.04241	0.04796	0.01361	0.00784	0.00958	0.00225	0.13069	0.00753	0.00434	0.00874
10	0.01210	0.00731	0.00931	0.00841	0.01060	0.00654	0.00645	0.01482	0.01772	0.13959	0.50347	0.04636	0.16642	0.01290	0.00744	0.00205	0.00348	0.01117	0.00707	0.00678
11	0.02498	0.01680	0.01851	0.01426	0.01935	0.01819	0.01176	0.57713	0.05289	0.15294	0.01751	0.01687	0.01211	0.00783	0.00647	0.00196	0.00678	0.00598	0.00672	0.01096
12	0.01374	0.01359	0.01939	0.10027	0.01985	0.01876	0.01433	0.01547	0.01031	0.01568	0.00959	0.03597	0.00947	0.01102	0.01917	0.00275	0.65464	0.00603	0.00292	0.00703
13	0.01819	0.01315	0.01448	0.01242	0.01615	0.01427	0.00997	0.24493	0.26019	0.09119	0.02720	0.05809	0.08371	0.01025	0.00682	0.00215	0.00556	0.06570	0.03621	0.00939
14	0.00788	0.00587	0.00734	0.00842	0.00924	0.00533	0.00576	0.00920	0.01316	0.01714	0.07389	0.58054	0.19456	0.01907	0.00808	0.00250	0.00361	0.01702	0.00605	0.00533
15	0.06413	0.01713	0.03638	0.02609	0.03247	0.01623	0.66643	0.02059	0.01499	0.02120	0.01282	0.01701	0.00963	0.00548	0.00740	0.00217	0.01053	0.00737	0.00331	0.00861
16	0.02358	0.01646	0.01978	0.01526	0.01989	0.01809	0.05136	0.48366	0.02529	0.14946	0.01620	0.01651	0.01145	0.00807	0.00820	0.00206	0.09213	0.00601	0.00612	0.01042
17	0.01284	0.00844	0.01007	0.00924	0.01061	0.00983	0.00731	0.05401	0.01339	0.02223	0.01778	0.02175	0.01457	0.01316	0.09615	0.00285	0.15762	0.00604	0.50561	0.00648
18	0.00988	0.00653	0.00868	0.00898	0.01024	0.00606	0.00660	0.01211	0.01562	0.06269	0.35004	0.34181	0.04902	0.01615	0.00792	0.00235	0.00371	0.06899	0.00662	0.00602
19	0.01576	0.01273	0.02327	0.01795	0.02253	0.01188	0.31169	0.02034	0.04385	0.13724	0.10044	0.03253	0.02231	0.00925	0.00749	0.00222	0.00759	0.14098	0.00515	0.05480
20	0.02090	0.10284	0.02411	0.01659	0.02180	0.01906	0.15213	0.45338	0.02434	0.03241	0.01545	0.05889	0.01228	0.00776	0.00654	0.00196	0.00765	0.00664	0.00538	0.00989

[dist]
# distance from previous block
# <min> <max>
0	7

[block]
# block no. 3 follows, 34 sequences, length 7
# corresponding to MSA columns:
# 162-168
name=unknown_D
#
# <colnr> <probs for GDERKNQSTAVLIFYWHMCP>
#	G	D	E	R	K	N	Q	S	T	A	V	L	I	F	Y	W	H	M	C	P
0	0.01790	0.33738	0.02512	0.01470	0.05780	0.11334	0.07509	0.02032	0.01447	0.10771	0.01478	0.08019	0.01318	0.01089	0.06813	0.00247	0.00836	0.00604	0.00391	0.00820
1	0.48218	0.01690	0.01490	0.01685	0.16795	0.16669	0.01088	0.02058	0.01331	0.02457	0.00988	0.01191	0.00796	0.00608	0.00489	0.00191	0.00695	0.00412	0.00369	0.00779
2	0.01528	0.01397	0.02202	0.50018	0.03792	0.05508	0.12571	0.07284	0.01527	0.06089	0.01278	0.01710	0.00940	0.00650	0.00661	0.00210	0.00884	0.00600	0.00354	0.00796
3	0.01117	0.00991	0.01605	0.38520	0.12892	0.01120	0.01389	0.01426	0.01297	0.01715	0.02031	0.28905	0.02119	0.01135	0.00710	0.00229	0.00672	0.01031	0.00405	0.00691
4	0.01220	0.01148	0.01938	0.75739	0.04450	0.01436	0.01794	0.01651	0.01292	0.01651	0.01148	0.01723	0.00861	0.00646	0.00646	0.00215	0.00861	0.00574	0.00287	0.00718
5	0.00919	0.00688	0.00975	0.00977	0.01111	0.00743	0.00764	0.01165	0.01268	0.01773	0.16358	0.03687	0.08166	0.03635	0.47970	0.00745	0.01242	0.06771	0.00460	0.00583
6	0.11294	0.01079	0.01386	0.01089	0.01548	0.00975	0.00894	0.02851	0.01766	0.60034	0.08304	0.02296	0.01881	0.00822	0.00632	0.00200	0.00524	0.00661	0.00749	0.01015

[dist]
# distance from previous block
# <min> <max>
0	2

[block]
# block no. 4 follows, 34 sequences, length 18
# corresponding to MSA columns:
# 171-188
name=unknown_E
#
# <colnr> <probs for GDERKNQSTAVLIFYWHMCP>
#	G	D	E	R	K	N	Q	S	T	A	V	L	I	F	Y	W	H	M	C	P
0	0.01298	0.01112	0.01290	0.00935	0.01483	0.00838	0.00746	0.01576	0.01350	0.02079	0.01543	0.01696	0.06221	0.00563	0.00499	0.00105	0.00467	0.00454	0.00399	0.75346
1	0.01525	0.01743	0.03813	0.02723	0.03377	0.01634	0.70915	0.02070	0.01525	0.02070	0.01307	0.01743	0.00980	0.00545	0.00763	0.00218	0.01089	0.00763	0.00327	0.00871
2	0.01631	0.01679	0.03547	0.02710	0.08942	0.01576	0.60189	0.02142	0.01544	0.07307	0.01390	0.01765	0.01029	0.00566	0.00744	0.00214	0.01024	0.00739	0.00361	0.00901
3	0.00782	0.00630	0.00698	0.00735	0.00898	0.00545	0.00530	0.00943	0.01437	0.01788	0.11131	0.25512	0.48673	0.01717	0.00780	0.00229	0.00339	0.01478	0.00609	0.00545
4	0.02779	0.01292	0.01618	0.01241	0.01745	0.01235	0.01025	0.21538	0.02171	0.54866	0.02279	0.02024	0.01464	0.00793	0.00649	0.00198	0.00593	0.00631	0.00758	0.01099
5	0.02274	0.01289	0.01937	0.01484	0.01951	0.01246	0.13291	0.08214	0.05358	0.39627	0.02095	0.05106	0.01491	0.00817	0.00781	0.00207	0.06440	0.00698	0.00628	0.05065
6	0.00938	0.00634	0.00745	0.00745	0.00759	0.00648	0.00442	0.00966	0.00952	0.01283	0.01999	0.04023	0.02260	0.68511	0.11948	0.00676	0.00760	0.00910	0.00386	0.00414
7	0.02414	0.03079	0.01831	0.01665	0.01998	0.74698	0.01248	0.02580	0.01831	0.01581	0.00999	0.01165	0.00832	0.00666	0.00583	0.00166	0.01165	0.00416	0.00333	0.00749
8	0.01325	0.01256	0.02128	0.55799	0.23567	0.01463	0.01847	0.01743	0.01342	0.01779	0.01167	0.01688	0.00906	0.00626	0.00644	0.00209	0.00835	0.00575	0.00296	0.00803
9	0.01462	0.01437	0.01925	0.60905	0.03960	0.10519	0.01684	0.07092	0.01492	0.01828	0.01161	0.01641	0.00876	0.00658	0.00638	0.00208	0.00887	0.00555	0.00320	0.00751
10	0.02353	0.01692	0.01838	0.01421	0.01909	0.01853	0.01169	0.62985	0.02897	0.06669	0.07181	0.01833	0.01510	0.00819	0.00656	0.00195	0.00673	0.00630	0.00657	0.01061
11	0.04036	0.01625	0.04641	0.04356	0.04823	0.13271	0.15494	0.08094	0.09765	0.02316	0.15720	0.08830	0.02359	0.00914	0.00690	0.00206	0.00741	0.00823	0.00492	0.00805
12	0.01573	0.01141	0.01364	0.00986	0.01549	0.00875	0.00793	0.01854	0.01416	0.12807	0.01358	0.01468	0.01053	0.00527	0.00504	0.00111	0.00489	0.00423	0.00445	0.69264
13	0.01335	0.06136	0.56444	0.01879	0.04961	0.01517	0.07759	0.02052	0.04061	0.02080	0.04856	0.01603	0.01150	0.00650	0.00627	0.00203	0.00899	0.00543	0.00316	0.00930
14	0.02875	0.02992	0.03334	0.01333	0.07112	0.01145	0.03687	0.04984	0.20699	0.05011	0.22196	0.04991	0.13312	0.01146	0.02115	0.00225	0.00517	0.00923	0.00597	0.00808
15	0.01041	0.00804	0.03239	0.00858	0.01067	0.00692	0.00671	0.04943	0.01635	0.05267	0.27285	0.19089	0.24027	0.01448	0.00743	0.00216	0.00379	0.01253	0.04708	0.00632
16	0.10602	0.03744	0.04607	0.01435	0.01951	0.07930	0.08339	0.24933	0.01947	0.05392	0.01294	0.01432	0.00979	0.00653	0.00627	0.00174	0.03149	0.00506	0.00467	0.19840
17	0.03994	0.12896	0.03890	0.01120	0.01579	0.05319	0.00949	0.09562	0.04477	0.17615	0.04617	0.04084	0.05673	0.04064	0.00696	0.00189	0.00593	0.00624	0.00522	0.17539

[dist]
# distance from previous block
# <min> <max>
9	23

[block]
# block no. 5 follows, 34 sequences, length 14
# corresponding to MSA columns:
# 214-227
name=unknown_F
#
# <colnr> <probs for GDERKNQSTAVLIFYWHMCP>
#	G	D	E	R	K	N	Q	S	T	A	V	L	I	F	Y	W	H	M	C	P
0	0.01638	0.37504	0.16131	0.01296	0.01869	0.10662	0.01299	0.02064	0.06089	0.01822	0.04682	0.01426	0.01179	0.00630	0.00513	0.00158	0.00744	0.00449	0.00341	0.09506
1	0.01207	0.01000	0.03557	0.01066	0.02989	0.04481	0.00829	0.01623	0.08401	0.06554	0.29815	0.04401	0.12254	0.06600	0.03689	0.00276	0.00530	0.09440	0.00604	0.00683
2	0.00972	0.00669	0.00812	0.00799	0.00974	0.00594	0.00590	0.01186	0.01588	0.06957	0.31212	0.19628	0.28559	0.01536	0.00768	0.00220	0.00343	0.01335	0.00656	0.00604
3	0.00895	0.00653	0.00800	0.00780	0.00895	0.00627	0.00548	0.01074	0.01400	0.01900	0.30590	0.04623	0.16971	0.24248	0.10821	0.00436	0.00583	0.01078	0.00550	0.00529
4	0.56307	0.20558	0.01621	0.00970	0.01403	0.06742	0.00839	0.01955	0.01203	0.02463	0.00906	0.01054	0.00741	0.00593	0.00416	0.00182	0.00593	0.00353	0.00364	0.00736
5	0.01858	0.40948	0.13700	0.01479	0.05687	0.11907	0.01365	0.06880	0.03288	0.05800	0.01146	0.01267	0.00927	0.00615	0.00514	0.00164	0.00789	0.00430	0.00349	0.00886
6	0.05498	0.29729	0.17917	0.05674	0.02174	0.04343	0.07754	0.06671	0.01482	0.04650	0.01336	0.07571	0.01169	0.00723	0.00566	0.00184	0.00771	0.00579	0.00360	0.00848
7	0.00855	0.00652	0.00721	0.00704	0.00893	0.00572	0.00528	0.01079	0.01584	0.02093	0.28759	0.05401	0.43777	0.01449	0.00735	0.00207	0.00317	0.01229	0.07873	0.00572
8	0.00862	0.00616	0.00796	0.00914	0.00969	0.00589	0.00615	0.03731	0.01295	0.01728	0.03407	0.70325	0.04053	0.05610	0.00937	0.00277	0.00401	0.01743	0.00592	0.00542
9	0.01613	0.07817	0.05868	0.18508	0.05962	0.04591	0.07946	0.16956	0.03150	0.02273	0.01429	0.01945	0.01173	0.01079	0.05690	0.03930	0.02505	0.03876	0.02871	0.00821
10	0.00793	0.00574	0.00749	0.00877	0.00934	0.00531	0.00593	0.00919	0.01287	0.01708	0.07607	0.67836	0.09291	0.01958	0.00817	0.00256	0.00368	0.01766	0.00606	0.00531
11	0.06736	0.24573	0.02241	0.01442	0.01857	0.44015	0.01174	0.07574	0.01731	0.01828	0.01006	0.01151	0.00844	0.00638	0.00528	0.00162	0.00955	0.00404	0.00344	0.00796
12	0.01786	0.01301	0.05308	0.01224	0.05215	0.01001	0.00978	0.05103	0.01549	0.19955	0.01518	0.01577	0.01119	0.00583	0.00544	0.00136	0.00546	0.00472	0.00489	0.49597
13	0.04656	0.12248	0.15742	0.05544	0.09782	0.06846	0.06224	0.06443	0.09921	0.06464	0.05468	0.01748	0.01354	0.00717	0.00675	0.00197	0.04081	0.00575	0.00417	0.00898

[dist]
# distance from previous block
# <min> <max>
1	3

[block]
# block no. 6 follows, 34 sequences, length 73
# corresponding to MSA columns:
# 231-303
name=unknown_G
#
# <colnr> <probs for GDERKNQSTAVLIFYWHMCP>
#	G	D	E	R	K	N	Q	S	T	A	V	L	I	F	Y	W	H	M	C	P
0	0.03246	0.30871	0.21899	0.01437	0.03483	0.11720	0.01446	0.02181	0.03938	0.07450	0.01196	0.01314	0.00937	0.00612	0.00527	0.00167	0.00794	0.00436	0.00348	0.05999
1	0.00931	0.00661	0.00879	0.00879	0.00940	0.00721	0.00609	0.01052	0.00991	0.01382	0.01876	0.03344	0.01965	0.39364	0.40692	0.00842	0.01205	0.00810	0.00368	0.00489
2	0.02301	0.15322	0.02086	0.01573	0.01942	0.62859	0.01225	0.02474	0.01746	0.01571	0.00982	0.01144	0.00832	0.00647	0.00555	0.00162	0.01087	0.00405	0.00324	0.00762
3	0.00790	0.00650	0.00695	0.00695	0.00892	0.00555	0.00517	0.00974	0.01518	0.01880	0.17367	0.10112	0.57905	0.01607	0.00767	0.00218	0.00326	0.01359	0.00618	0.00555
4	0.01414	0.01414	0.01979	0.01696	0.01696	0.01979	0.01414	0.01555	0.00990	0.01555	0.00848	0.01414	0.00848	0.01131	0.02120	0.00283	0.76110	0.00565	0.00283	0.00707
5	0.00939	0.00629	0.00717	0.00717	0.00721	0.00633	0.00406	0.00947	0.00943	0.01262	0.02025	0.04168	0.02323	0.74690	0.05855	0.00641	0.00666	0.00931	0.00390	0.00398
6	0.01340	0.01148	0.01340	0.00957	0.01531	0.00861	0.00766	0.01627	0.01340	0.02105	0.01148	0.01340	0.00957	0.00479	0.00479	0.00096	0.00479	0.00383	0.00383	0.81242
7	0.00886	0.00673	0.00856	0.00882	0.01024	0.00671	0.00678	0.01063	0.01255	0.01626	0.03805	0.06807	0.28223	0.09089	0.26137	0.03253	0.00877	0.11168	0.00485	0.00541
8	0.01363	0.01331	0.02352	0.45979	0.22435	0.01499	0.10389	0.01788	0.01361	0.01822	0.01179	0.01685	0.00919	0.00626	0.00694	0.00211	0.02653	0.00598	0.00301	0.00817
9	0.01220	0.01148	0.01938	0.75739	0.04450	0.01436	0.01794	0.01651	0.01292	0.01651	0.01148	0.01723	0.00861	0.00646	0.00646	0.00215	0.00861	0.00574	0.00287	0.00718
10	0.81856	0.01250	0.00950	0.00850	0.01250	0.01449	0.00700	0.01899	0.01100	0.02899	0.00900	0.01050	0.00700	0.00600	0.00400	0.00200	0.00500	0.00350	0.00400	0.00700
11	0.01560	0.37399	0.37477	0.01484	0.02229	0.02014	0.01733	0.05889	0.01435	0.01919	0.01062	0.01224	0.00839	0.00595	0.00524	0.00174	0.00820	0.00423	0.00296	0.00905
12	0.00831	0.00585	0.00757	0.00878	0.00914	0.00557	0.00584	0.00932	0.01193	0.01588	0.03254	0.58712	0.03865	0.16760	0.01311	0.00336	0.00437	0.05443	0.00559	0.00503
13	0.02301	0.02893	0.01824	0.01652	0.01954	0.67279	0.01251	0.02467	0.01747	0.01577	0.01004	0.01217	0.00852	0.00800	0.02434	0.00196	0.07048	0.00434	0.00329	0.00742
14	0.00843	0.00648	0.00809	0.00883	0.02921	0.00586	0.00608	0.01039	0.01502	0.01989	0.26331	0.30609	0.25583	0.01644	0.00781	0.00228	0.00349	0.01447	0.00627	0.00572
15	0.01414	0.01414	0.01979	0.01696	0.01696	0.01979	0.01414	0.01555	0.00990	0.01555	0.00848	0.01414	0.00848	0.01131	0.02120	0.00283	0.76110	0.00565	0.00283	0.00707
16	0.09198	0.03820	0.01960	0.03701	0.08152	0.07398	0.04011	0.39304	0.04557	0.06692	0.01453	0.01532	0.01065	0.00710	0.00612	0.00190	0.00729	0.00550	0.00538	0.03829
17	0.46240	0.04568	0.13624	0.02608	0.01806	0.07387	0.03925	0.09103	0.01430	0.02666	0.01039	0.01203	0.00790	0.00622	0.00495	0.00196	0.00688	0.00421	0.00389	0.00800
18	0.01149	0.00928	0.01155	0.03675	0.04064	0.00780	0.00760	0.01433	0.01535	0.03524	0.25991	0.03247	0.13017	0.00942	0.00630	0.00159	0.00425	0.00806	0.00526	0.35254
19	0.81856	0.01250	0.00950	0.00850	0.01250	0.01449	0.00700	0.01899	0.01100	0.02899	0.00900	0.01050	0.00700	0.00600	0.00400	0.00200	0.00500	0.00350	0.00400	0.00700
20	0.81856	0.01250	0.00950	0.00850	0.01250	0.01449	0.00700	0.01899	0.01100	0.02899	0.00900	0.01050	0.00700	0.00600	0.00400	0.00200	0.00500	0.00350	0.00400	0.00700
21	0.02456	0.01810	0.01939	0.01487	0.02004	0.02004	0.01228	0.71107	0.03038	0.04072	0.01551	0.01551	0.01099	0.00776	0.00646	0.00194	0.00711	0.00582	0.00646	0.01099
22	0.00859	0.00651	0.00803	0.00886	0.01002	0.00613	0.00641	0.01105	0.04933	0.01834	0.10201	0.43942	0.19847	0.01794	0.00804	0.00249	0.00387	0.08269	0.00612	0.00569
23	0.01743	0.01425	0.01853	0.11320	0.02262	0.01580	0.09094	0.16171	0.33601	0.06269	0.02069	0.02244	0.01578	0.03227	0.00755	0.00227	0.00670	0.02394	0.00566	0.00953
24	0.09630	0.01305	0.01540	0.01198	0.01677	0.01299	0.00987	0.23791	0.02122	0.42443	0.02075	0.01910	0.01370	0.00772	0.00616	0.00196	0.00582	0.00600	0.04849	0.01038
25	0.01030	0.00755	0.00919	0.00852	0.01040	0.00733	0.00646	0.04021	0.07160	0.02579	0.55684	0.04492	0.10591	0.01259	0.00732	0.00202	0.00337	0.01096	0.05217	0.00654
26	0.00843	0.00614	0.00806	0.00935	0.01019	0.00577	0.00685	0.01006	0.01332	0.01745	0.05586	0.52359	0.11533	0.01913	0.00831	0.00264	0.00416	0.16390	0.00602	0.00544
27	0.02312	0.01760	0.12371	0.01401	0.01933	0.08229	0.03862	0.16469	0.03711	0.32733	0.04418	0.01936	0.01457	0.00764	0.00639	0.00196	0.00702	0.00611	0.03499	0.00999
28	0.01774	0.48320	0.02821	0.01320	0.01723	0.10746	0.01197	0.05407	0.01388	0.01663	0.00932	0.01161	0.00847	0.00705	0.00824	0.00176	0.17471	0.00414	0.00303	0.00806
29	0.00797	0.00581	0.00754	0.00888	0.00950	0.00538	0.00610	0.00925	0.01275	0.01674	0.03876	0.65740	0.11666	0.01970	0.00822	0.00259	0.00381	0.05162	0.00600	0.00531
30	0.01328	0.02375	0.39459	0.10187	0.13974	0.01450	0.10518	0.01912	0.01362	0.01965	0.01239	0.01597	0.00951	0.01003	0.07642	0.00284	0.01005	0.00559	0.00295	0.00894
31	0.01832	0.04072	0.01667	0.09867	0.05582	0.01506	0.01147	0.12656	0.32588	0.13013	0.05775	0.02212	0.01783	0.00818	0.00645	0.00206	0.00590	0.00678	0.02390	0.00973
32	0.00764	0.00655	0.00655	0.00655	0.00873	0.00545	0.00491	0.00927	0.01473	0.01745	0.06546	0.06218	0.73000	0.01636	0.00764	0.00218	0.00327	0.01364	0.00600	0.00545
33	0.01102	0.00572	0.00844	0.00844	0.00850	0.00578	0.00564	0.00863	0.00857	0.01149	0.01205	0.02121	0.01217	0.06611	0.06293	0.72522	0.00625	0.00589	0.00290	0.00302
34	0.04826	0.02179	0.27700	0.03550	0.02203	0.01628	0.01565	0.28707	0.09816	0.02911	0.01610	0.05379	0.01248	0.00780	0.00630	0.00204	0.00744	0.00615	0.02733	0.00970
35	0.01222	0.00950	0.01304	0.01191	0.01291	0.01158	0.00932	0.07798	0.01177	0.01680	0.01413	0.02169	0.01338	0.07202	0.33896	0.14016	0.19672	0.00643	0.00351	0.00599
36	0.01751	0.00893	0.01135	0.00960	0.01276	0.00808	0.00758	0.05857	0.01823	0.30442	0.27484	0.06596	0.15177	0.01165	0.00714	0.00206	0.00430	0.00990	0.00719	0.00816
37	0.00777	0.00604	0.00706	0.00788	0.00908	0.00534	0.00550	0.00912	0.01344	0.01693	0.04918	0.44750	0.35519	0.01848	0.00797	0.00242	0.00353	0.01622	0.00600	0.00534
38	0.01528	0.02115	0.25746	0.07884	0.13806	0.03553	0.10331	0.04884	0.13205	0.03994	0.03228	0.01759	0.01227	0.00691	0.00699	0.00208	0.03211	0.00604	0.00392	0.00935
39	0.01674	0.03456	0.12695	0.01713	0.06519	0.22488	0.05771	0.04786	0.09940	0.01919	0.01417	0.01763	0.01179	0.03844	0.13210	0.00352	0.05518	0.00572	0.00373	0.00810
40	0.01413	0.01379	0.02120	0.28559	0.27877	0.05319	0.03113	0.01761	0.01327	0.01791	0.01196	0.01703	0.00999	0.01129	0.08810	0.00301	0.09500	0.00582	0.00308	0.00814
41	0.00839	0.00597	0.00796	0.00936	0.00990	0.00568	0.00661	0.00976	0.01260	0.01672	0.03441	0.60614	0.04059	0.06746	0.00992	0.00291	0.00428	0.13021	0.00586	0.00528
42	0.19626	0.16451	0.19228	0.06359	0.07733	0.12796	0.05467	0.02045	0.01379	0.02049	0.01040	0.01265	0.00824	0.00602	0.00536	0.00186	0.00822	0.00445	0.00319	0.00828
43	0.00795	0.00652	0.00701	0.00696	0.00894	0.00558	0.00519	0.00985	0.01536	0.01913	0.19883	0.08636	0.56814	0.01587	0.00766	0.00217	0.00325	0.01342	0.00623	0.00558
44	0.01640	0.08446	0.04200	0.01200	0.03923	0.09061	0.00968	0.01965	0.03377	0.08192	0.01273	0.01406	0.01012	0.00552	0.00513	0.00126	0.00605	0.00425	0.00405	0.50711
45	0.01087	0.00817	0.01193	0.05485	0.08636	0.00789	0.03195	0.03151	0.01368	0.05423	0.03069	0.51016	0.06505	0.01588	0.00766	0.00239	0.00485	0.01440	0.00549	0.03199
46	0.01437	0.05247	0.04129	0.25205	0.28970	0.03253	0.03162	0.04020	0.03823	0.01971	0.01733	0.02047	0.07784	0.00712	0.00637	0.00197	0.00752	0.00634	0.00357	0.03931
47	0.01678	0.37364	0.17397	0.01603	0.04828	0.02007	0.10446	0.04102	0.07517	0.05527	0.01266	0.01407	0.00999	0.00611	0.00548	0.00176	0.00777	0.00490	0.00353	0.00905
48	0.00826	0.00599	0.00797	0.03744	0.01060	0.00577	0.00636	0.00947	0.01225	0.01623	0.03399	0.62835	0.05821	0.09234	0.01057	0.00296	0.00423	0.03812	0.00568	0.00522
49	0.12927	0.01593	0.04298	0.12183	0.29680	0.11322	0.01472	0.01896	0.01456	0.02101	0.05848	0.01942	0.03586	0.00706	0.00607	0.00192	0.00741	0.02195	0.00370	0.04884
50	0.01539	0.01605	0.02372	0.02087	0.08858	0.07385	0.17939	0.01993	0.09324	0.01865	0.01282	0.03715	0.01119	0.00899	0.01336	0.00242	0.34620	0.00656	0.00352	0.00810
51	0.01007	0.00796	0.01162	0.01120	0.01219	0.00974	0.00884	0.01227	0.01043	0.01543	0.01614	0.02366	0.01503	0.04136	0.61069	0.00892	0.12763	0.00670	0.03415	0.00597
52	0.05942	0.01269	0.01955	0.40769	0.21527	0.01446	0.01628	0.07736	0.01483	0.02108	0.01261	0.01692	0.00976	0.00645	0.00615	0.00202	0.00760	0.00565	0.06601	0.00820
53	0.02585	0.01012	0.01347	0.01058	0.01496	0.00888	0.00866	0.02844	0.01776	0.60915	0.04840	0.02318	0.01758	0.00810	0.00625	0.00193	0.00505	0.00660	0.12494	0.01011
54	0.00921	0.00665	0.00873	0.00832	0.00985	0.00617	0.00632	0.01225	0.01811	0.02557	0.69336	0.04954	0.05974	0.01345	0.00769	0.00208	0.00320	0.04663	0.00705	0.00609
55	0.00787	0.00562	0.00750	0.00900	0.00937	0.00525	0.00600	0.00900	0.01237	0.01649	0.03561	0.76871	0.04274	0.02024	0.00825	0.00262	0.00375	0.01837	0.00600	0.00525
56	0.00843	0.00649	0.00771	0.00759	0.00926	0.00576	0.00562	0.01075	0.01633	0.02170	0.40325	0.12179	0.32174	0.01511	0.00769	0.00215	0.00320	0.01308	0.00657	0.00576
57	0.00806	0.00656	0.00714	0.00699	0.00899	0.00564	0.00524	0.01010	0.01573	0.01984	0.25302	0.05825	0.54094	0.01547	0.00763	0.00214	0.00321	0.01309	0.00631	0.00564
58	0.01621	0.01462	0.01481	0.01113	0.01652	0.09425	0.00886	0.11621	0.01637	0.02326	0.01189	0.01350	0.00963	0.00542	0.00514	0.00118	0.00590	0.00415	0.00415	0.60681
59	0.01727	0.77681	0.03386	0.01106	0.01658	0.02557	0.01106	0.01935	0.01313	0.01520	0.00898	0.01036	0.00829	0.00553	0.00415	0.00138	0.00691	0.00345	0.00276	0.00829
60	0.00806	0.00650	0.00717	0.00713	0.00902	0.00561	0.00530	0.01004	0.01553	0.01966	0.24129	0.10341	0.50712	0.01577	0.00767	0.00217	0.00324	0.01342	0.00630	0.00561
61	0.00924	0.00690	0.01025	0.01025	0.01136	0.00800	0.00791	0.01145	0.01034	0.01490	0.01743	0.02606	0.01645	0.07743	0.71874	0.01022	0.01687	0.00702	0.00348	0.00569
62	0.02143	0.04623	0.01738	0.01509	0.01818	0.54044	0.01153	0.06614	0.01838	0.01876	0.09242	0.01653	0.01475	0.00768	0.00669	0.00176	0.04426	0.00523	0.02962	0.00751
63	0.01220	0.01148	0.01938	0.75739	0.04450	0.01436	0.01794	0.01651	0.01292	0.01651	0.01148	0.01723	0.00861	0.00646	0.00646	0.00215	0.00861	0.00574	0.00287	0.00718
64	0.06424	0.01428	0.02292	0.10406	0.10158	0.01463	0.21297	0.11629	0.08299	0.07208	0.01632	0.06589	0.01321	0.00771	0.00709	0.01887	0.00766	0.00709	0.00452	0.04562
65	0.01214	0.01109	0.01572	0.05560	0.01653	0.02955	0.04594	0.03352	0.01175	0.01665	0.03587	0.02304	0.05068	0.05146	0.28680	0.00557	0.28109	0.00691	0.00352	0.00657
66	0.00801	0.00573	0.00762	0.00890	0.00940	0.00534	0.00601	0.00934	0.01301	0.01751	0.11051	0.69091	0.04470	0.01948	0.00818	0.00256	0.00367	0.01765	0.00612	0.00534
67	0.01471	0.01405	0.02392	0.28175	0.50052	0.01502	0.01919	0.01871	0.01411	0.01956	0.01193	0.01641	0.00969	0.00599	0.00642	0.00200	0.00799	0.00575	0.00309	0.00920
68	0.01214	0.02789	0.59140	0.01651	0.02428	0.01323	0.02034	0.01849	0.01329	0.01980	0.01484	0.09624	0.01268	0.01040	0.05348	0.00262	0.00921	0.00642	0.02799	0.00874
69	0.00883	0.00595	0.00794	0.00906	0.00963	0.00567	0.00614	0.01001	0.01225	0.04207	0.03294	0.64108	0.03861	0.07102	0.06275	0.00340	0.00495	0.01653	0.00575	0.00541
70	0.01469	0.01052	0.01244	0.01173	0.01456	0.01123	0.00945	0.02438	0.32794	0.10143	0.15559	0.04137	0.03148	0.01193	0.00739	0.00235	0.00501	0.19144	0.00666	0.00841
71	0.10448	0.01507	0.01523	0.03797	0.01789	0.05089	0.01059	0.17032	0.42005	0.02876	0.02062	0.02009	0.01551	0.00948	0.03237	0.00238	0.00637	0.00637	0.00589	0.00965
72	0.00801	0.00572	0.00766	0.00916	0.00960	0.00537	0.00625	0.00924	0.01251	0.01665	0.03553	0.72966	0.04242	0.02011	0.00829	0.00264	0.00387	0.05600	0.00600	0.00529

[dist]
# distance from previous block
# <min> <max>
0	1

[block]
# block no. 7 follows, 34 sequences, length 11
# corresponding to MSA columns:
# 305-315
name=unknown_H
#
# <colnr> <probs for GDERKNQSTAVLIFYWHMCP>
#	G	D	E	R	K	N	Q	S	T	A	V	L	I	F	Y	W	H	M	C	P
0	0.00786	0.00569	0.00743	0.00883	0.00933	0.00526	0.00592	0.00902	0.01253	0.01656	0.03765	0.72040	0.08972	0.01998	0.00821	0.00259	0.00372	0.01805	0.00600	0.00526
1	0.01356	0.04423	0.01700	0.03864	0.06613	0.06814	0.13660	0.03438	0.04446	0.02009	0.04118	0.12956	0.01958	0.10311	0.00962	0.00249	0.00650	0.00844	0.18928	0.00699
2	0.01515	0.29431	0.12926	0.15437	0.17729	0.01857	0.05911	0.01902	0.01365	0.01811	0.01118	0.01421	0.00914	0.00590	0.00556	0.00179	0.00786	0.00490	0.03197	0.00863
3	0.00881	0.00659	0.00839	0.00947	0.01078	0.00617	0.00744	0.01080	0.01400	0.01788	0.04323	0.30085	0.22867	0.01824	0.00835	0.00264	0.00449	0.28165	0.00598	0.00558
4	0.71665	0.01280	0.01103	0.04389	0.04330	0.01475	0.00823	0.04775	0.01204	0.02860	0.00951	0.01123	0.00737	0.00608	0.00431	0.00200	0.00536	0.00379	0.00402	0.00730
5	0.00940	0.00626	0.00705	0.00705	0.00705	0.00626	0.00392	0.00940	0.00940	0.01253	0.02036	0.04228	0.02349	0.77292	0.03289	0.00626	0.00626	0.00940	0.00392	0.00392
6	0.43883	0.01378	0.01635	0.11776	0.12991	0.01540	0.05308	0.10410	0.01447	0.02702	0.01087	0.01330	0.00838	0.00621	0.00523	0.00201	0.00652	0.00469	0.00398	0.00811
7	0.18067	0.01326	0.01553	0.11218	0.01996	0.01458	0.01094	0.21331	0.01867	0.21535	0.01613	0.01684	0.01134	0.00753	0.00689	0.00203	0.05850	0.00552	0.05163	0.00913
8	0.01150	0.00609	0.00609	0.00609	0.00768	0.00595	0.00457	0.01434	0.01370	0.02327	0.02654	0.02878	0.10439	0.00862	0.00490	0.00159	0.00304	0.00696	0.70996	0.00595
9	0.00910	0.00631	0.00696	0.00696	0.00733	0.00613	0.00408	0.00938	0.01028	0.01334	0.02783	0.04558	0.14047	0.64765	0.02871	0.00559	0.00577	0.01010	0.00426	0.00417
10	0.00787	0.00562	0.00750	0.00900	0.00937	0.00525	0.00600	0.00900	0.01237	0.01649	0.03561	0.76871	0.04274	0.02024	0.00825	0.00262	0.00375	0.01837	0.00600	0.00525

[dist]
# distance from previous block
# <min> <max>
0	2

[block]
# block no. 8 follows, 34 sequences, length 66
# corresponding to MSA columns:
# 318-383
name=unknown_I
#
# <colnr> <probs for GDERKNQSTAVLIFYWHMCP>
#	G	D	E	R	K	N	Q	S	T	A	V	L	I	F	Y	W	H	M	C	P
0	0.01639	0.62471	0.17822	0.01256	0.01891	0.02341	0.01368	0.01958	0.01323	0.01628	0.00952	0.01104	0.00827	0.00565	0.00455	0.00152	0.00745	0.00372	0.00276	0.00855
1	0.01721	0.01531	0.01967	0.01634	0.01787	0.01986	0.01359	0.22078	0.01594	0.02298	0.01056	0.01454	0.00922	0.01026	0.01685	0.00257	0.53862	0.00570	0.00390	0.00822
2	0.00914	0.00660	0.00864	0.00813	0.00965	0.00610	0.00610	0.01219	0.01829	0.02591	0.72921	0.04827	0.06097	0.01321	0.00762	0.00203	0.00305	0.01169	0.00711	0.00610
3	0.16077	0.01111	0.01363	0.01074	0.01536	0.01037	0.00884	0.04419	0.01721	0.55834	0.02221	0.02003	0.01440	0.00763	0.00596	0.00197	0.00530	0.00595	0.05598	0.01002
4	0.02878	0.01133	0.01520	0.01166	0.01666	0.01000	0.00963	0.06369	0.01906	0.70410	0.02502	0.02169	0.01576	0.00799	0.00650	0.00200	0.00557	0.00647	0.00792	0.01100
5	0.01611	0.01367	0.01449	0.01300	0.01662	0.01566	0.01019	0.07392	0.63072	0.02728	0.02718	0.02657	0.04259	0.00928	0.00669	0.00220	0.00521	0.03214	0.00653	0.00997
6	0.00938	0.00632	0.00732	0.00732	0.00742	0.00641	0.00426	0.00957	0.00948	0.01273	0.02011	0.04090	0.02289	0.71342	0.09156	0.00660	0.00717	0.00919	0.00388	0.00407
7	0.81856	0.01250	0.00950	0.00850	0.01250	0.01449	0.00700	0.01899	0.01100	0.02899	0.00900	0.01050	0.00700	0.00600	0.00400	0.00200	0.00500	0.00350	0.00400	0.00700
8	0.02759	0.01183	0.01525	0.01175	0.01662	0.01090	0.00969	0.13118	0.02003	0.60293	0.02382	0.02113	0.01528	0.00794	0.00641	0.00197	0.00563	0.00638	0.04289	0.01078
9	0.81856	0.01250	0.00950	0.00850	0.01250	0.01449	0.00700	0.01899	0.01100	0.02899	0.00900	0.01050	0.00700	0.00600	0.00400	0.00200	0.00500	0.00350	0.00400	0.00700
10	0.00812	0.00592	0.00737	0.00832	0.00920	0.00541	0.00574	0.00961	0.01348	0.01794	0.11181	0.52969	0.17605	0.01828	0.00792	0.00243	0.00356	0.01629	0.03746	0.00541
11	0.65616	0.01441	0.01145	0.00991	0.01403	0.05983	0.00809	0.11886	0.01423	0.02987	0.00999	0.01129	0.00765	0.00629	0.00446	0.00197	0.00571	0.00387	0.00431	0.00760
12	0.01313	0.00987	0.01255	0.01141	0.01353	0.01132	0.00904	0.15210	0.06531	0.02182	0.03694	0.02342	0.01632	0.03258	0.45232	0.00705	0.04403	0.00675	0.05332	0.00720
13	0.13046	0.01137	0.01426	0.01121	0.01600	0.01054	0.00922	0.03004	0.06024	0.60221	0.02340	0.02063	0.01506	0.00779	0.00618	0.00201	0.00541	0.00616	0.00739	0.01043
14	0.01204	0.00602	0.00602	0.00602	0.00753	0.00602	0.00452	0.01506	0.01355	0.02409	0.02108	0.02409	0.01656	0.00753	0.00452	0.00151	0.00301	0.00602	0.80879	0.00602
15	0.00909	0.00660	0.00856	0.00807	0.00962	0.00607	0.00605	0.01209	0.01816	0.02560	0.70514	0.04877	0.08522	0.01332	0.00762	0.00204	0.00306	0.01176	0.00707	0.00607
16	0.00906	0.00660	0.00852	0.00804	0.00960	0.00606	0.00603	0.01203	0.01810	0.02545	0.69320	0.04902	0.09726	0.01338	0.00762	0.00204	0.00306	0.01179	0.00705	0.00606
17	0.01727	0.77681	0.03386	0.01106	0.01658	0.02557	0.01106	0.01935	0.01313	0.01520	0.00898	0.01036	0.00829	0.00553	0.00415	0.00138	0.00691	0.00345	0.00276	0.00829
18	0.00885	0.00648	0.00742	0.00723	0.00900	0.00580	0.00540	0.01127	0.01608	0.02195	0.34881	0.06833	0.33203	0.01397	0.00725	0.00204	0.00315	0.01194	0.10718	0.00580
19	0.81856	0.01250	0.00950	0.00850	0.01250	0.01449	0.00700	0.01899	0.01100	0.02899	0.00900	0.01050	0.00700	0.00600	0.00400	0.00200	0.00500	0.00350	0.00400	0.00700
20	0.01901	0.49656	0.05978	0.01221	0.01712	0.02119	0.01170	0.02132	0.01381	0.15828	0.01230	0.01328	0.00983	0.00677	0.00684	0.00171	0.10135	0.00439	0.00381	0.00873
21	0.03656	0.01772	0.06605	0.02464	0.03107	0.01613	0.57359	0.07037	0.01633	0.06118	0.01375	0.01720	0.01008	0.00579	0.00732	0.00214	0.01012	0.00721	0.00375	0.00899
22	0.01599	0.01535	0.02623	0.03966	0.73262	0.01535	0.01983	0.01983	0.01471	0.02111	0.01215	0.01599	0.01023	0.00576	0.00640	0.00192	0.00768	0.00576	0.00320	0.01023
23	0.01463	0.01220	0.01284	0.01169	0.01493	0.01377	0.00905	0.02935	0.56322	0.02578	0.05524	0.02878	0.09187	0.00958	0.00654	0.00212	0.00467	0.00798	0.07654	0.00923
24	0.02503	0.01735	0.01893	0.01451	0.01967	0.01893	0.01199	0.63989	0.02913	0.11366	0.01656	0.01619	0.01151	0.00778	0.00647	0.00195	0.00694	0.00589	0.00662	0.01099
25	0.00835	0.00657	0.00754	0.00730	0.00917	0.00576	0.00547	0.01066	0.01642	0.02146	0.38016	0.05558	0.41279	0.01487	0.00763	0.00211	0.00317	0.01271	0.00653	0.00576
26	0.02514	0.01718	0.01882	0.01443	0.01958	0.01867	0.01192	0.62306	0.02884	0.13091	0.01681	0.01635	0.01164	0.00779	0.00647	0.00195	0.00690	0.00591	0.00666	0.01099
27	0.01204	0.00602	0.00602	0.00602	0.00753	0.00602	0.00452	0.01506	0.01355	0.02409	0.02108	0.02409	0.01656	0.00753	0.00452	0.00151	0.00301	0.00602	0.80879	0.00602
28	0.00901	0.00660	0.00845	0.00799	0.00957	0.00604	0.00599	0.01194	0.01798	0.02517	0.67080	0.04949	0.11984	0.01349	0.00762	0.00205	0.00307	0.01186	0.00701	0.00604
29	0.01310	0.05725	0.71683	0.01818	0.02760	0.01534	0.02346	0.02043	0.01363	0.02029	0.01151	0.01354	0.00819	0.00612	0.00607	0.00202	0.00946	0.00473	0.00273	0.00951
30	0.01727	0.77681	0.03386	0.01106	0.01658	0.02557	0.01106	0.01935	0.01313	0.01520	0.00898	0.01036	0.00829	0.00553	0.00415	0.00138	0.00691	0.00345	0.00276	0.00829
31	0.66345	0.01190	0.01002	0.00875	0.01273	0.01331	0.00718	0.02043	0.01216	0.12382	0.01195	0.01287	0.00879	0.00636	0.00437	0.00197	0.00494	0.00406	0.05348	0.00748
32	0.00815	0.00695	0.00706	0.00696	0.00920	0.00605	0.00524	0.01074	0.05317	0.01829	0.08775	0.05961	0.66684	0.01584	0.00758	0.00218	0.00336	0.01322	0.00607	0.00574
33	0.02396	0.01752	0.01875	0.01444	0.01944	0.01937	0.01191	0.67773	0.02957	0.03992	0.01578	0.01592	0.01126	0.00775	0.00637	0.00192	0.00691	0.00583	0.04489	0.01075
34	0.01428	0.01456	0.02217	0.01829	0.01914	0.01934	0.10415	0.01622	0.01059	0.01622	0.00908	0.01456	0.00865	0.01055	0.01945	0.00274	0.66394	0.00591	0.00288	0.00728
35	0.01349	0.01137	0.01656	0.21906	0.14670	0.01095	0.01244	0.01668	0.01359	0.05063	0.01534	0.11309	0.01400	0.00755	0.00604	0.00171	0.00623	0.00668	0.00392	0.31396
36	0.02032	0.21876	0.03890	0.01360	0.01795	0.28199	0.01138	0.07702	0.09662	0.07104	0.05221	0.01585	0.01325	0.00705	0.00564	0.00170	0.00811	0.00504	0.00433	0.03925
