[name]
unknown

[dist]
# distance from previous block
# <min> <max>
9	228

[block]
# block no. 0 follows, 30 sequences, length 30
# corresponding to MSA columns:
# 233-262
name=unknown_A
#
# <colnr> <probs for GDERKNQSTAVLIFYWHMCP>
#	G	D	E	R	K	N	Q	S	T	A	V	L	I	F	Y	W	H	M	C	P
0	0.10201	0.10430	0.09707	0.04116	0.01994	0.04175	0.02998	0.12557	0.09514	0.06777	0.01882	0.06087	0.03509	0.03748	0.00745	0.00220	0.00706	0.00674	0.00507	0.09453
1	0.18653	0.16237	0.18448	0.06381	0.02290	0.05521	0.03912	0.04866	0.05908	0.05266	0.01296	0.01485	0.00998	0.00717	0.00684	0.00211	0.05304	0.00509	0.00398	0.00915
2	0.01709	0.04840	0.06499	0.05261	0.24701	0.05933	0.10044	0.04310	0.03875	0.04736	0.01725	0.04392	0.03762	0.00789	0.00778	0.00211	0.05155	0.00694	0.05059	0.05527
3	0.01788	0.03900	0.04782	0.11056	0.02218	0.01259	0.02904	0.07435	0.04551	0.12329	0.01609	0.01765	0.01207	0.00661	0.00601	0.00164	0.00643	0.00542	0.04638	0.35947
4	0.12302	0.00923	0.01019	0.00911	0.01225	0.00864	0.00712	0.03368	0.01716	0.16915	0.15806	0.07743	0.31147	0.01362	0.00745	0.00228	0.00438	0.01127	0.00685	0.00763
5	0.01570	0.01482	0.02447	0.18225	0.48250	0.01548	0.01918	0.02047	0.04533	0.02203	0.04168	0.02176	0.04903	0.00740	0.00705	0.00216	0.00795	0.00696	0.00385	0.00994
6	0.00835	0.00697	0.00727	0.00741	0.00954	0.00590	0.00548	0.01013	0.01582	0.01916	0.09621	0.13504	0.61292	0.01794	0.00831	0.00240	0.00358	0.01515	0.00653	0.00590
7	0.01772	0.01718	0.01554	0.01573	0.06910	0.20573	0.01101	0.07509	0.10990	0.05036	0.02770	0.21579	0.09046	0.01266	0.00796	0.00230	0.03147	0.01045	0.00557	0.00830
8	0.01702	0.01632	0.02787	0.08542	0.67060	0.01651	0.02129	0.02120	0.01577	0.02249	0.01308	0.01735	0.01095	0.00626	0.00691	0.00209	0.00835	0.00622	0.00343	0.01085
9	0.01212	0.00606	0.00909	0.00909	0.00909	0.00606	0.00606	0.00909	0.00909	0.01212	0.01212	0.02121	0.01212	0.02424	0.02727	0.79697	0.00606	0.00606	0.00303	0.00303
10	0.01524	0.01448	0.02427	0.26713	0.44048	0.01540	0.01951	0.01937	0.01526	0.02087	0.01733	0.02155	0.06427	0.00735	0.00703	0.00218	0.00825	0.00687	0.00357	0.00958
11	0.00976	0.00713	0.00916	0.00865	0.01035	0.00653	0.00649	0.01293	0.01947	0.02730	0.66007	0.05325	0.11375	0.01452	0.00823	0.00221	0.00331	0.01278	0.00759	0.00653
12	0.08400	0.01692	0.07532	0.25695	0.15460	0.01765	0.03760	0.14416	0.01741	0.02510	0.01280	0.01673	0.00994	0.00760	0.00858	0.00230	0.09304	0.00598	0.00399	0.00933
13	0.01501	0.02792	0.45115	0.04196	0.09942	0.01581	0.07971	0.06220	0.01624	0.02330	0.01558	0.02240	0.01276	0.00799	0.00715	0.00231	0.00962	0.07587	0.00367	0.00992
14	0.65059	0.11694	0.01443	0.01007	0.01458	0.05906	0.00851	0.02100	0.01266	0.02843	0.00978	0.01139	0.00783	0.00645	0.00446	0.00205	0.00610	0.00381	0.00409	0.00778
15	0.01863	0.01548	0.01684	0.01450	0.01801	0.10329	0.06033	0.07780	0.25459	0.09598	0.02294	0.02858	0.01911	0.12259	0.06316	0.00358	0.00826	0.04138	0.00585	0.00911
16	0.01243	0.01050	0.01343	0.01210	0.01495	0.03620	0.06062	0.03601	0.03438	0.02197	0.12644	0.10964	0.12003	0.06964	0.01009	0.00269	0.00591	0.17188	0.00581	0.12527
17	0.00963	0.00709	0.00901	0.00861	0.01029	0.00647	0.00643	0.01266	0.01906	0.02652	0.60659	0.07899	0.14277	0.01495	0.00826	0.00224	0.00335	0.01313	0.00749	0.00647
18	0.02354	0.01665	0.01848	0.01483	0.01963	0.01834	0.01207	0.43032	0.15253	0.10533	0.02019	0.02031	0.01475	0.01328	0.08363	0.00312	0.00828	0.00678	0.00682	0.01112
19	0.04569	0.09323	0.01833	0.01311	0.01744	0.06866	0.03797	0.08284	0.03800	0.24272	0.08615	0.02871	0.08887	0.00992	0.00764	0.00213	0.03972	0.03314	0.00630	0.03943
20	0.63678	0.01386	0.01220	0.04756	0.01632	0.01578	0.00887	0.08081	0.01445	0.08253	0.01180	0.01311	0.00875	0.00683	0.00489	0.00216	0.00584	0.00437	0.00481	0.00827
21	0.01597	0.01595	0.02612	0.37432	0.03835	0.06162	0.21821	0.06177	0.04298	0.02155	0.01416	0.01878	0.01067	0.00689	0.00723	0.00226	0.00974	0.00679	0.03804	0.00860
22	0.00908	0.00707	0.00825	0.00802	0.00996	0.00624	0.00599	0.01161	0.01777	0.02345	0.39289	0.08215	0.36031	0.01608	0.00826	0.00229	0.00343	0.01383	0.00709	0.00624
23	0.00849	0.00650	0.00779	0.00868	0.00988	0.00580	0.00605	0.01003	0.01468	0.01880	0.08970	0.45622	0.29259	0.01986	0.00862	0.00262	0.00381	0.01752	0.00655	0.00580
24	0.00909	0.00636	0.00809	0.00924	0.00958	0.00609	0.00603	0.01004	0.01254	0.01670	0.03363	0.51785	0.03988	0.23405	0.01665	0.00399	0.00494	0.04416	0.00582	0.00528
25	0.00903	0.00677	0.00874	0.00979	0.01031	0.00671	0.00668	0.01020	0.01314	0.01745	0.03815	0.58055	0.10201	0.08818	0.01211	0.00316	0.04760	0.01768	0.00607	0.00567
26	0.00997	0.00748	0.01121	0.01121	0.01246	0.00872	0.00872	0.01246	0.01121	0.01620	0.01869	0.02741	0.01745	0.05234	0.72710	0.01121	0.01869	0.00748	0.00374	0.00623
27	0.01679	0.17393	0.22814	0.08322	0.07164	0.05609	0.12368	0.05128	0.01555	0.02083	0.01198	0.01519	0.00950	0.00707	0.00820	0.00215	0.08642	0.00563	0.00332	0.00939
28	0.03819	0.12443	0.15242	0.01392	0.01881	0.13422	0.03151	0.06537	0.01702	0.02233	0.08758	0.08379	0.05245	0.02910	0.00728	0.00211	0.00766	0.00756	0.04964	0.05460
29	0.04716	0.05450	0.01408	0.01122	0.01452	0.07467	0.00881	0.09201	0.04261	0.09862	0.24776	0.10575	0.08656	0.01190	0.00726	0.00211	0.00549	0.00995	0.00649	0.05853

[dist]
# distance from previous block
# <min> <max>
1	23

[block]
# block no. 1 follows, 30 sequences, length 34
# corresponding to MSA columns:
# 286-319
name=unknown_B
#
# <colnr> <probs for GDERKNQSTAVLIFYWHMCP>
#	G	D	E	R	K	N	Q	S	T	A	V	L	I	F	Y	W	H	M	C	P
0	0.08482	0.10907	0.18843	0.01679	0.09504	0.01475	0.03819	0.04359	0.01602	0.07310	0.05851	0.02406	0.10538	0.00838	0.00643	0.00199	0.00711	0.00681	0.00456	0.09698
1	0.01277	0.01743	0.18695	0.01472	0.01981	0.03377	0.10222	0.03574	0.03924	0.02219	0.10080	0.11604	0.18872	0.01177	0.00757	0.00224	0.00690	0.01034	0.00512	0.06567
2	0.01599	0.01683	0.08497	0.10306	0.33495	0.01570	0.11739	0.02037	0.01527	0.04083	0.01545	0.04356	0.01329	0.00795	0.00844	0.00229	0.06526	0.03614	0.03263	0.00963
3	0.01645	0.01574	0.02684	0.18247	0.57802	0.01636	0.02101	0.02070	0.01550	0.02180	0.01298	0.01754	0.01070	0.00637	0.00692	0.00212	0.00849	0.00621	0.00338	0.01039
4	0.00915	0.00649	0.00855	0.00960	0.01009	0.00641	0.00650	0.01037	0.01249	0.01681	0.03219	0.47731	0.03757	0.17839	0.11572	0.00485	0.00676	0.03965	0.00562	0.00548
5	0.01583	0.01509	0.02547	0.21044	0.51500	0.01579	0.02012	0.01998	0.01542	0.02139	0.01579	0.02006	0.04505	0.00697	0.00699	0.00215	0.00830	0.00663	0.00352	0.00999
6	0.02797	0.01575	0.01750	0.01381	0.01888	0.07436	0.01124	0.21704	0.04966	0.40853	0.05501	0.02225	0.01748	0.00874	0.00701	0.00212	0.00685	0.00689	0.00764	0.01127
7	0.01921	0.01663	0.02043	0.01900	0.09577	0.05640	0.08690	0.11459	0.35596	0.06555	0.02474	0.02426	0.05082	0.00881	0.00720	0.00226	0.00711	0.00764	0.00615	0.01060
8	0.01706	0.01807	0.02655	0.26526	0.11526	0.13723	0.19745	0.02123	0.01572	0.03364	0.01313	0.01784	0.01032	0.00890	0.03987	0.00264	0.04115	0.00653	0.00348	0.00866
9	0.05867	0.00882	0.01077	0.00957	0.01201	0.00840	0.00716	0.03991	0.01725	0.18965	0.26098	0.08589	0.03682	0.14262	0.01225	0.00298	0.00484	0.01013	0.07369	0.00759
10	0.80405	0.01350	0.01026	0.00918	0.01350	0.01565	0.00756	0.02051	0.01188	0.03131	0.00972	0.01134	0.00756	0.00648	0.00432	0.00216	0.00540	0.00378	0.00432	0.00756
11	0.01410	0.01186	0.01487	0.18861	0.02284	0.01331	0.01153	0.06062	0.25563	0.02606	0.20801	0.03413	0.08798	0.01077	0.00746	0.00229	0.00580	0.00923	0.00622	0.00867
12	0.00963	0.00712	0.00898	0.00852	0.01027	0.00648	0.00639	0.01268	0.01916	0.02658	0.60970	0.05444	0.16457	0.01479	0.00823	0.00222	0.00333	0.01294	0.00750	0.00648
13	0.01680	0.01451	0.01975	0.10348	0.26579	0.05165	0.01473	0.09608	0.06511	0.04962	0.08615	0.06433	0.04451	0.04540	0.02935	0.00266	0.00763	0.00816	0.00499	0.00929
14	0.01768	0.01619	0.02653	0.07516	0.54888	0.01651	0.04317	0.08465	0.01736	0.02471	0.01398	0.01781	0.01138	0.00655	0.00686	0.00207	0.00814	0.00631	0.04540	0.01066
15	0.00999	0.00836	0.01189	0.20322	0.02044	0.00902	0.01007	0.01225	0.01390	0.01798	0.03660	0.38837	0.16541	0.01665	0.00888	0.00261	0.03799	0.01460	0.00543	0.00635
16	0.00946	0.00715	0.01007	0.01277	0.07702	0.00679	0.00783	0.01101	0.01379	0.01862	0.06688	0.62374	0.04303	0.04466	0.00958	0.00286	0.00451	0.01787	0.00617	0.00618
17	0.01924	0.00988	0.01335	0.03532	0.01512	0.00971	0.00908	0.02191	0.01765	0.30282	0.24779	0.03401	0.03289	0.06699	0.03868	0.00292	0.06808	0.00898	0.03694	0.00866
18	0.01789	0.03905	0.05103	0.07573	0.48136	0.06570	0.05055	0.02186	0.01609	0.05812	0.01473	0.04976	0.01254	0.00714	0.00695	0.00211	0.00855	0.00673	0.00382	0.01030
19	0.01438	0.09066	0.62884	0.01877	0.02853	0.01672	0.02379	0.02177	0.01468	0.02169	0.01230	0.01445	0.00893	0.00650	0.00639	0.00209	0.00982	0.00499	0.00301	0.05168
20	0.71522	0.01506	0.01140	0.01019	0.01429	0.06970	0.00830	0.02093	0.01243	0.02968	0.00978	0.01158	0.00773	0.00675	0.00517	0.00217	0.03390	0.00392	0.00422	0.00760
21	0.02082	0.39346	0.15592	0.01447	0.02113	0.02141	0.03767	0.08619	0.01718	0.15000	0.01434	0.01496	0.01081	0.00681	0.00571	0.00183	0.00787	0.00500	0.00442	0.01003
22	0.01027	0.00938	0.04069	0.00954	0.01199	0.00818	0.00756	0.01525	0.11782	0.02244	0.20183	0.17149	0.31563	0.01590	0.00811	0.00240	0.00416	0.01367	0.00669	0.00697
23	0.01061	0.00732	0.00914	0.00865	0.01059	0.00658	0.00650	0.01342	0.01858	0.06263	0.49624	0.09161	0.20177	0.01511	0.00821	0.00226	0.00353	0.01317	0.00741	0.00667
24	0.01688	0.03877	0.14641	0.04992	0.15478	0.07994	0.14987	0.02189	0.03836	0.04383	0.01449	0.04447	0.01194	0.00738	0.00793	0.00210	0.05688	0.00656	0.00383	0.10377
25	0.04670	0.01447	0.01877	0.03735	0.17079	0.03922	0.03533	0.02059	0.04542	0.04989	0.01375	0.01602	0.01107	0.00592	0.00587	0.00152	0.00652	0.00507	0.00423	0.45150
26	0.67534	0.04432	0.01253	0.01032	0.01469	0.07670	0.00847	0.04884	0.01350	0.03005	0.01010	0.01166	0.00791	0.00660	0.00460	0.00210	0.00618	0.00394	0.00432	0.00784
27	0.06070	0.14251	0.15965	0.02034	0.08155	0.01877	0.16224	0.10721	0.07014	0.04919	0.01484	0.01688	0.01128	0.00699	0.00690	0.00210	0.02359	0.00609	0.02910	0.00994
28	0.01719	0.03885	0.04052	0.01144	0.01608	0.01126	0.00957	0.04073	0.07261	0.14380	0.14537	0.02460	0.02299	0.00845	0.00706	0.00176	0.03798	0.00681	0.04841	0.29451
29	0.00876	0.00656	0.00814	0.00887	0.01003	0.00593	0.00622	0.01059	0.01545	0.02041	0.20071	0.42576	0.20892	0.01911	0.00859	0.00257	0.00375	0.01695	0.00676	0.00593
30	0.01257	0.00717	0.00944	0.01003	0.01138	0.00660	0.00714	0.01418	0.01456	0.13062	0.03601	0.52872	0.05298	0.04352	0.00933	0.00281	0.00451	0.04805	0.04368	0.00670
31	0.01396	0.05857	0.48676	0.05560	0.02696	0.01504	0.03482	0.02097	0.04487	0.03836	0.01812	0.10639	0.03182	0.00891	0.00694	0.00227	0.00892	0.00741	0.00381	0.00950
32	0.00867	0.00637	0.00816	0.00945	0.01026	0.00587	0.00656	0.01016	0.01417	0.01858	0.07279	0.58204	0.14551	0.02077	0.00882	0.00275	0.00406	0.05271	0.00653	0.00578
33	0.07192	0.05680	0.30189	0.01857	0.07617	0.01652	0.03512	0.12378	0.05433	0.15376	0.01652	0.01720	0.01163	0.00732	0.00659	0.00215	0.00830	0.00582	0.00496	0.01066

[dist]
# distance from previous block
# <min> <max>
0	1

[block]
# block no. 2 follows, 30 sequences, length 24
# corresponding to MSA columns:
# 321-344
name=unknown_C
#
# <colnr> <probs for GDERKNQSTAVLIFYWHMCP>
#	G	D	E	R	K	N	Q	S	T	A	V	L	I	F	Y	W	H	M	C	P
0	0.29278	0.02321	0.30184	0.04522	0.06726	0.01575	0.07464	0.02110	0.01390	0.02528	0.01170	0.01418	0.00878	0.00642	0.00590	0.00213	0.00825	0.00498	0.00358	0.05308
1	0.01301	0.00650	0.00650	0.00650	0.00813	0.00650	0.00488	0.01626	0.01463	0.02602	0.02276	0.02602	0.01789	0.00813	0.00488	0.00163	0.00325	0.00650	0.79350	0.00650
2	0.01664	0.01339	0.01643	0.09336	0.11424	0.03332	0.01210	0.14069	0.15202	0.04669	0.04633	0.13035	0.07752	0.01098	0.00725	0.00226	0.00629	0.00940	0.06160	0.00914
3	0.01527	0.01527	0.02137	0.01832	0.01832	0.02137	0.01527	0.01679	0.01069	0.01679	0.00916	0.01527	0.00916	0.01221	0.02290	0.00305	0.74198	0.00611	0.00305	0.00763
4	0.01637	0.01438	0.01538	0.01208	0.01746	0.04249	0.00955	0.05396	0.22195	0.02540	0.01736	0.01798	0.01366	0.00669	0.00588	0.00152	0.00570	0.00538	0.00513	0.49167
5	0.01736	0.01499	0.01578	0.01420	0.01815	0.01736	0.01105	0.03708	0.69862	0.02919	0.02840	0.02604	0.02130	0.00947	0.00710	0.00237	0.00552	0.00789	0.00710	0.01105
6	0.00971	0.00713	0.00910	0.00860	0.01032	0.00651	0.00645	0.01285	0.01936	0.02705	0.64267	0.05366	0.13130	0.01461	0.00823	0.00221	0.00332	0.01283	0.00756	0.00651
7	0.00999	0.00752	0.00957	0.01065	0.01238	0.00710	0.00883	0.01253	0.01574	0.01991	0.04807	0.14336	0.25803	0.01902	0.00911	0.00290	0.00524	0.38743	0.00645	0.00617
8	0.01671	0.01693	0.02242	0.06108	0.42533	0.12589	0.01702	0.02001	0.01617	0.02083	0.02025	0.09734	0.06255	0.00935	0.00723	0.00219	0.00817	0.03707	0.00411	0.00935
9	0.01824	0.69450	0.09738	0.01265	0.01901	0.02659	0.01317	0.02100	0.01423	0.01692	0.00995	0.01151	0.00894	0.00603	0.00467	0.00156	0.00772	0.00386	0.00298	0.00908
10	0.01000	0.00714	0.00982	0.01143	0.01249	0.00696	0.00908	0.01230	0.01484	0.01949	0.03764	0.38372	0.04288	0.02045	0.00931	0.00304	0.00535	0.37155	0.00645	0.00608
11	0.01301	0.00650	0.00650	0.00650	0.00813	0.00650	0.00488	0.01626	0.01463	0.02602	0.02276	0.02602	0.01789	0.00813	0.00488	0.00163	0.00325	0.00650	0.79350	0.00650
12	0.03131	0.01188	0.01619	0.01242	0.01781	0.01026	0.01026	0.03401	0.01997	0.71606	0.02753	0.02375	0.01727	0.00864	0.00702	0.00216	0.00594	0.00702	0.00864	0.01188
13	0.01512	0.21100	0.55357	0.01797	0.02723	0.01897	0.02243	0.02181	0.01460	0.02072	0.01184	0.01388	0.00887	0.00647	0.00611	0.00204	0.00962	0.00481	0.00296	0.00998
14	0.01301	0.00650	0.00650	0.00650	0.00813	0.00650	0.00488	0.01626	0.01463	0.02602	0.02276	0.02602	0.01789	0.00813	0.00488	0.00163	0.00325	0.00650	0.79350	0.00650
15	0.80405	0.01350	0.01026	0.00918	0.01350	0.01565	0.00756	0.02051	0.01188	0.03131	0.00972	0.01134	0.00756	0.00648	0.00432	0.00216	0.00540	0.00378	0.00432	0.00756
16	0.02792	0.01136	0.01519	0.01193	0.01681	0.01000	0.00975	0.03124	0.04373	0.60062	0.09319	0.02815	0.04822	0.00954	0.00718	0.00218	0.00558	0.00787	0.00841	0.01112
17	0.01866	0.75896	0.03657	0.01194	0.01791	0.02761	0.01194	0.02090	0.01418	0.01642	0.00970	0.01119	0.00896	0.00597	0.00448	0.00149	0.00746	0.00373	0.00299	0.00896
18	0.00850	0.00607	0.00810	0.00972	0.01012	0.00567	0.00648	0.00972	0.01336	0.01781	0.03846	0.75020	0.04615	0.02186	0.00891	0.00283	0.00405	0.01984	0.00648	0.00567
19	0.01382	0.01365	0.02487	0.59994	0.04580	0.01592	0.14922	0.01871	0.01444	0.01871	0.01274	0.01865	0.00955	0.00676	0.00722	0.00233	0.00978	0.00660	0.00318	0.00808
20	0.01626	0.01779	0.09599	0.05050	0.17637	0.03616	0.24666	0.05025	0.01741	0.04554	0.10534	0.02649	0.01992	0.00833	0.00769	0.00228	0.00897	0.05415	0.00450	0.00937
21	0.01739	0.22649	0.28606	0.01636	0.02311	0.17359	0.04039	0.02181	0.01587	0.01915	0.01737	0.01879	0.08023	0.00767	0.00620	0.00195	0.00940	0.00571	0.00348	0.00898
22	0.11288	0.19670	0.28734	0.03968	0.02368	0.04555	0.03865	0.06845	0.01591	0.04480	0.01381	0.03969	0.01136	0.00750	0.00609	0.00207	0.00851	0.02411	0.00385	0.00936
23	0.04665	0.01613	0.04112	0.04853	0.06204	0.12407	0.04917	0.07842	0.07152	0.04565	0.06597	0.09226	0.04472	0.03679	0.03614	0.00279	0.02635	0.07512	0.00523	0.03134

[dist]
# distance from previous block
# <min> <max>
0	8

[block]
# block no. 3 follows, 30 sequences, length 62
# corresponding to MSA columns:
# 353-396,402-419
name=unknown_D
#
# <colnr> <probs for GDERKNQSTAVLIFYWHMCP>
#	G	D	E	R	K	N	Q	S	T	A	V	L	I	F	Y	W	H	M	C	P
0	0.11886	0.06820	0.04368	0.01180	0.01542	0.01317	0.03199	0.10536	0.08087	0.05085	0.14156	0.07736	0.08402	0.04173	0.00816	0.00242	0.00572	0.04888	0.04175	0.00819
1	0.02318	0.04260	0.04479	0.03838	0.02308	0.04788	0.07039	0.47110	0.04652	0.03685	0.04667	0.01833	0.01399	0.00812	0.00697	0.00207	0.00800	0.00651	0.00612	0.03843
2	0.01653	0.02205	0.19820	0.04612	0.06584	0.07745	0.22455	0.02218	0.04016	0.05288	0.08568	0.02079	0.01626	0.00789	0.00871	0.00229	0.07185	0.00718	0.00411	0.00928
3	0.03131	0.01188	0.01619	0.01242	0.01781	0.01026	0.01026	0.03401	0.01997	0.71606	0.02753	0.02375	0.01727	0.00864	0.00702	0.00216	0.00594	0.00702	0.00864	0.01188
4	0.02482	0.01975	0.01979	0.01571	0.02083	0.07944	0.01277	0.53361	0.11103	0.03917	0.01934	0.01910	0.03459	0.00870	0.00698	0.00211	0.00770	0.00659	0.00670	0.01127
5	0.00962	0.00712	0.00897	0.00851	0.01027	0.00648	0.00638	0.01268	0.01915	0.02656	0.60805	0.05447	0.16623	0.01480	0.00823	0.00222	0.00333	0.01295	0.00749	0.00648
6	0.01447	0.01240	0.01447	0.01034	0.01654	0.00930	0.00827	0.01757	0.01447	0.02274	0.01240	0.01447	0.01034	0.00517	0.00517	0.00103	0.00517	0.00413	0.00413	0.79742
7	0.01124	0.00803	0.01124	0.01285	0.01446	0.00803	0.01124	0.01446	0.01606	0.02088	0.03695	0.07871	0.04016	0.01928	0.00964	0.00321	0.00643	0.66426	0.00643	0.00643
8	0.00930	0.00711	0.00853	0.00818	0.01007	0.00634	0.00613	0.01206	0.01840	0.02477	0.48356	0.05741	0.29183	0.01546	0.00824	0.00225	0.00338	0.01336	0.00726	0.00634
9	0.01527	0.01527	0.02137	0.01832	0.01832	0.02137	0.01527	0.01679	0.01069	0.01679	0.00916	0.01527	0.00916	0.01221	0.02290	0.00305	0.74198	0.00611	0.00305	0.00763
10	0.02582	0.01875	0.02021	0.01571	0.02112	0.02070	0.01291	0.59361	0.09902	0.07236	0.01840	0.01800	0.01305	0.00850	0.00699	0.00212	0.00739	0.00648	0.00707	0.01179
11	0.00919	0.00719	0.00838	0.00832	0.01032	0.00638	0.00640	0.01172	0.01746	0.02271	0.32276	0.06226	0.38522	0.01646	0.00838	0.00238	0.00372	0.07756	0.00696	0.00622
12	0.01447	0.01240	0.01447	0.01034	0.01654	0.00930	0.00827	0.01757	0.01447	0.02274	0.01240	0.01447	0.01034	0.00517	0.00517	0.00103	0.00517	0.00413	0.00413	0.79742
13	0.01542	0.20228	0.47730	0.01849	0.02726	0.01902	0.07105	0.02252	0.04580	0.02112	0.01271	0.01473	0.00956	0.00655	0.00627	0.00206	0.00954	0.00518	0.00319	0.00996
14	0.00850	0.00607	0.00810	0.00972	0.01012	0.00567	0.00648	0.00972	0.01336	0.01781	0.03846	0.75020	0.04615	0.02186	0.00891	0.00283	0.00405	0.01984	0.00648	0.00567
15	0.01727	0.01658	0.02832	0.04283	0.71123	0.01658	0.02142	0.02142	0.01589	0.02280	0.01313	0.01727	0.01105	0.00622	0.00691	0.00207	0.00829	0.00622	0.00345	0.01105
16	0.00988	0.00713	0.00933	0.00878	0.01043	0.00658	0.00658	0.01317	0.01975	0.02798	0.70754	0.05213	0.06584	0.01427	0.00823	0.00219	0.00329	0.01262	0.00768	0.00658
17	0.02102	0.01603	0.01637	0.01359	0.01779	0.04519	0.01087	0.33294	0.22027	0.03487	0.02114	0.02121	0.01574	0.00859	0.00655	0.00206	0.00632	0.00672	0.17238	0.01035
18	0.01604	0.02022	0.21541	0.01998	0.06983	0.01389	0.17168	0.02097	0.01535	0.08471	0.01633	0.07908	0.01365	0.00783	0.00761	0.00207	0.03857	0.00718	0.00419	0.17541
19	0.01478	0.03138	0.55426	0.02366	0.15135	0.01634	0.02415	0.02285	0.05468	0.02264	0.01355	0.01584	0.00996	0.00672	0.00671	0.00219	0.00967	0.00551	0.00328	0.01049
20	0.01078	0.00967	0.01727	0.04469	0.01857	0.00920	0.18466	0.01335	0.01420	0.01900	0.03103	0.52900	0.03534	0.01707	0.00865	0.00269	0.00628	0.01625	0.00557	0.00673
21	0.03131	0.01188	0.01619	0.01242	0.01781	0.01026	0.01026	0.03401	0.01997	0.71606	0.02753	0.02375	0.01727	0.00864	0.00702	0.00216	0.00594	0.00702	0.00864	0.01188
22	0.01599	0.02234	0.19593	0.02906	0.14786	0.01726	0.39701	0.02194	0.01577	0.02217	0.01341	0.01749	0.01021	0.00633	0.00815	0.00230	0.03647	0.00710	0.00336	0.00984
23	0.01487	0.01394	0.02269	0.03344	0.52247	0.01369	0.01718	0.01832	0.01568	0.02165	0.02587	0.08877	0.14235	0.00966	0.00732	0.00219	0.00705	0.00894	0.00427	0.00965
24	0.00840	0.00648	0.00767	0.00863	0.00984	0.00576	0.00599	0.00984	0.01441	0.01824	0.05171	0.46949	0.31831	0.02014	0.00864	0.00264	0.00384	0.01774	0.00648	0.00576
25	0.80405	0.01350	0.01026	0.00918	0.01350	0.01565	0.00756	0.02051	0.01188	0.03131	0.00972	0.01134	0.00756	0.00648	0.00432	0.00216	0.00540	0.00378	0.00432	0.00756
26	0.01590	0.01570	0.02704	0.18920	0.35007	0.01738	0.10454	0.01988	0.01457	0.02053	0.01235	0.01739	0.01026	0.00746	0.01008	0.00235	0.14607	0.00645	0.00331	0.00948
27	0.02355	0.13267	0.17569	0.01717	0.06415	0.01519	0.06798	0.02770	0.01741	0.35991	0.01958	0.01907	0.01325	0.00742	0.00663	0.00208	0.00773	0.00615	0.00581	0.01084
28	0.01866	0.75896	0.03657	0.01194	0.01791	0.02761	0.01194	0.02090	0.01418	0.01642	0.00970	0.01119	0.00896	0.00597	0.00448	0.00149	0.00746	0.00373	0.00299	0.00896
29	0.01647	0.02356	0.31700	0.01774	0.05832	0.01589	0.01763	0.02861	0.29764	0.06953	0.05095	0.02176	0.01717	0.00825	0.00693	0.00226	0.00764	0.00679	0.00526	0.01059
30	0.01621	0.14213	0.31653	0.12918	0.02996	0.05652	0.10590	0.02178	0.01547	0.05207	0.04131	0.01712	0.01188	0.00692	0.00662	0.00211	0.00953	0.00584	0.00354	0.00938
31	0.01318	0.01240	0.02093	0.73798	0.04806	0.01550	0.01938	0.01783	0.01395	0.01783	0.01240	0.01860	0.00930	0.00698	0.00698	0.00233	0.00930	0.00620	0.00310	0.00775
32	0.00850	0.00607	0.00810	0.00972	0.01012	0.00567	0.00648	0.00972	0.01336	0.01781	0.03846	0.75020	0.04615	0.02186	0.00891	0.00283	0.00405	0.01984	0.00648	0.00567
33	0.00848	0.00616	0.00801	0.00949	0.01006	0.00569	0.00638	0.00974	0.01358	0.01790	0.04122	0.69179	0.10279	0.02150	0.00885	0.00279	0.00400	0.01940	0.00648	0.00569
34	0.04158	0.01761	0.02476	0.17358	0.25863	0.09985	0.09232	0.06727	0.03503	0.07475	0.01430	0.01761	0.01102	0.00708	0.00750	0.00218	0.03477	0.00627	0.00414	0.00974
35	0.01849	0.60516	0.03481	0.01403	0.01964	0.04866	0.06934	0.02168	0.04153	0.01747	0.01083	0.01268	0.00960	0.00646	0.00590	0.00169	0.04541	0.00442	0.00322	0.00898
36	0.01367	0.01291	0.02182	0.65434	0.12786	0.01563	0.01962	0.01826	0.01419	0.01843	0.01249	0.01844	0.00951	0.00689	0.00697	0.00230	0.00918	0.00620	0.00314	0.00815
37	0.01723	0.01669	0.02898	0.04215	0.67678	0.01663	0.05533	0.02146	0.01592	0.02278	0.01318	0.01735	0.01103	0.00620	0.00698	0.00209	0.00847	0.00632	0.00346	0.01097
38	0.00850	0.00607	0.00810	0.00972	0.01012	0.00567	0.00648	0.00972	0.01336	0.01781	0.03846	0.75020	0.04615	0.02186	0.00891	0.00283	0.00405	0.01984	0.00648	0.00567
39	0.01444	0.00814	0.01079	0.00955	0.01200	0.00737	0.00737	0.01760	0.01980	0.17434	0.56290	0.04609	0.05551	0.01307	0.00797	0.00219	0.00385	0.01143	0.00788	0.00771
40	0.00850	0.00607	0.00810	0.00972	0.01012	0.00567	0.00648	0.00972	0.01336	0.01781	0.03846	0.75020	0.04615	0.02186	0.00891	0.00283	0.00405	0.01984	0.00648	0.00567
41	0.00862	0.00616	0.00824	0.00985	0.01031	0.00577	0.00669	0.00992	0.01348	0.01795	0.03840	0.72069	0.04589	0.02175	0.00894	0.00285	0.00415	0.04816	0.00648	0.00570
42	0.00988	0.00713	0.00933	0.00878	0.01043	0.00658	0.00658	0.01317	0.01975	0.02798	0.70754	0.05213	0.06584	0.01427	0.00823	0.00219	0.00329	0.01262	0.00768	0.00658
43	0.01866	0.75896	0.03657	0.01194	0.01791	0.02761	0.01194	0.02090	0.01418	0.01642	0.00970	0.01119	0.00896	0.00597	0.00448	0.00149	0.00746	0.00373	0.00299	0.00896
44	0.00850	0.00607	0.00810	0.00972	0.01012	0.00567	0.00648	0.00972	0.01336	0.01781	0.03846	0.75020	0.04615	0.02186	0.00891	0.00283	0.00405	0.01984	0.00648	0.00567
45	0.01866	0.75896	0.03657	0.01194	0.01791	0.02761	0.01194	0.02090	0.01418	0.01642	0.00970	0.01119	0.00896	0.00597	0.00448	0.00149	0.00746	0.00373	0.00299	0.00896
46	0.01691	0.01948	0.04020	0.02889	0.03579	0.04986	0.65534	0.02260	0.01662	0.02211	0.01397	0.01854	0.01052	0.00594	0.00815	0.00233	0.01180	0.00807	0.00353	0.00935
47	0.01736	0.01499	0.01578	0.01420	0.01815	0.01736	0.01105	0.03708	0.69862	0.02919	0.02840	0.02604	0.02130	0.00947	0.00710	0.00237	0.00552	0.00789	0.00710	0.01105
48	0.00854	0.00652	0.00785	0.00871	0.00991	0.00583	0.00608	0.01014	0.01485	0.01913	0.11230	0.44685	0.27878	0.01969	0.00861	0.00261	0.00380	0.01738	0.00659	0.00583
49	0.00878	0.00709	0.00780	0.00763	0.00975	0.00612	0.00572	0.01104	0.01716	0.02182	0.27777	0.06227	0.49946	0.01657	0.00824	0.00230	0.00346	0.01404	0.00687	0.00612
50	0.01527	0.01527	0.02137	0.01832	0.01832	0.02137	0.01527	0.01679	0.01069	0.01679	0.00916	0.01527	0.00916	0.01221	0.02290	0.00305	0.74198	0.00611	0.00305	0.00763
51	0.01736	0.01499	0.01578	0.01420	0.01815	0.01736	0.01105	0.03708	0.69862	0.02919	0.02840	0.02604	0.02130	0.00947	0.00710	0.00237	0.00552	0.00789	0.00710	0.01105
52	0.01736	0.01499	0.01578	0.01420	0.01815	0.01736	0.01105	0.03708	0.69862	0.02919	0.02840	0.02604	0.02130	0.00947	0.00710	0.00237	0.00552	0.00789	0.00710	0.01105
53	0.02477	0.03110	0.01997	0.01802	0.02118	0.64216	0.01370	0.02654	0.01869	0.01704	0.01059	0.01291	0.00901	0.00779	0.00828	0.00195	0.10005	0.00469	0.00353	0.00804
54	0.01866	0.75896	0.03657	0.01194	0.01791	0.02761	0.01194	0.02090	0.01418	0.01642	0.00970	0.01119	0.00896	0.00597	0.00448	0.00149	0.00746	0.00373	0.00299	0.00896
55	0.02334	0.09131	0.02055	0.01671	0.02031	0.54198	0.01293	0.02583	0.04239	0.01769	0.01336	0.01511	0.03403	0.00783	0.00739	0.00188	0.06371	0.00501	0.00375	0.03491
56	0.00916	0.00710	0.00833	0.00802	0.00998	0.00628	0.00602	0.01178	0.01805	0.02395	0.42629	0.05876	0.34961	0.01577	0.00824	0.00227	0.00340	0.01355	0.00715	0.00628
57	0.01477	0.01326	0.01559	0.01147	0.01735	0.03889	0.03851	0.01786	0.01473	0.02227	0.01356	0.04692	0.01187	0.00602	0.00551	0.00120	0.00572	0.00502	0.00419	0.69528
58	0.02039	0.04615	0.04094	0.01342	0.01870	0.23473	0.01091	0.04210	0.01736	0.10403	0.01554	0.01658	0.03231	0.00677	0.00591	0.00153	0.00785	0.00500	0.00458	0.35518
59	0.02519	0.05761	0.01996	0.01741	0.02102	0.67469	0.01316	0.02706	0.01958	0.01747	0.03747	0.01405	0.01117	0.00742	0.00630	0.00180	0.01205	0.00478	0.00373	0.00806
60	0.00878	0.00663	0.00819	0.00932	0.01047	0.00604	0.00673	0.01041	0.01448	0.01852	0.04803	0.45732	0.24597	0.02026	0.00880	0.00274	0.00420	0.10082	0.00647	0.00583
61	0.01744	0.01822	0.06323	0.04071	0.65001	0.04380	0.02133	0.02170	0.01598	0.02254	0.01301	0.01696	0.01086	0.00628	0.00687	0.00207	0.00856	0.00610	0.00343	0.01090

[dist]
# distance from previous block
# <min> <max>
0	20

[block]
# block no. 4 follows, 30 sequences, length 10
# corresponding to MSA columns:
# 448-454,459-461
name=unknown_E
#
# <colnr> <probs for GDERKNQSTAVLIFYWHMCP>
#	G	D	E	R	K	N	Q	S	T	A	V	L	I	F	Y	W	H	M	C	P
0	0.13197	0.58447	0.03072	0.01148	0.01700	0.02467	0.01105	0.05060	0.01470	0.02023	0.01061	0.01213	0.00929	0.00625	0.00459	0.00162	0.00699	0.00398	0.03887	0.00877
1	0.00944	0.00712	0.00872	0.00832	0.01016	0.00640	0.00624	0.01232	0.01872	0.02553	0.53612	0.05617	0.23880	0.01518	0.00824	0.00224	0.00336	0.01319	0.00736	0.00640
2	0.01127	0.00941	0.01342	0.01276	0.01350	0.01173	0.00998	0.01320	0.01123	0.01636	0.01844	0.10341	0.01880	0.08369	0.41196	0.00779	0.21414	0.00861	0.00388	0.00642
3	0.01512	0.01507	0.02134	0.06815	0.02038	0.02097	0.01555	0.01687	0.01091	0.01687	0.00938	0.01550	0.00917	0.01185	0.02180	0.00300	0.69125	0.00611	0.00306	0.00764
4	0.01013	0.00685	0.00803	0.00803	0.00818	0.00700	0.00476	0.01042	0.01027	0.01384	0.02160	0.04352	0.02444	0.67223	0.11678	0.00729	0.00817	0.00983	0.00417	0.00446
5	0.01551	0.01698	0.03583	0.08704	0.03433	0.01629	0.55577	0.02065	0.01557	0.02102	0.01482	0.02171	0.01208	0.08693	0.01108	0.00283	0.01102	0.00827	0.00357	0.00871
6	0.00850	0.00607	0.00810	0.00972	0.01012	0.00567	0.00648	0.00972	0.01336	0.01781	0.03846	0.75020	0.04615	0.02186	0.00891	0.00283	0.00405	0.01984	0.00648	0.00567
7	0.01190	0.04503	0.01430	0.05651	0.01561	0.01175	0.01003	0.03652	0.01222	0.01732	0.01681	0.02545	0.01584	0.09746	0.46431	0.00828	0.09639	0.00713	0.00375	0.03341
8	0.73921	0.01341	0.01060	0.00927	0.01375	0.01513	0.00762	0.02027	0.01209	0.03061	0.00994	0.01159	0.00779	0.00637	0.00439	0.00207	0.00538	0.00381	0.00430	0.07242
9	0.05503	0.01436	0.01693	0.01260	0.01839	0.01308	0.04144	0.17633	0.04071	0.02851	0.03602	0.01663	0.01269	0.00645	0.00586	0.00148	0.00603	0.00521	0.00499	0.48726

[dist]
# distance from previous block
# <min> <max>
2	5

[block]
# block no. 5 follows, 30 sequences, length 69
# corresponding to MSA columns:
# 475-493,504-553
name=unknown_F
#
# <colnr> <probs for GDERKNQSTAVLIFYWHMCP>
#	G	D	E	R	K	N	Q	S	T	A	V	L	I	F	Y	W	H	M	C	P
0	0.01212	0.00606	0.00909	0.00909	0.00909	0.00606	0.00606	0.00909	0.00909	0.01212	0.01212	0.02121	0.01212	0.02424	0.02727	0.79697	0.00606	0.00606	0.00303	0.00303
1	0.01044	0.00767	0.01099	0.01086	0.01199	0.00892	0.00835	0.01276	0.01138	0.01679	0.01887	0.02821	0.01775	0.10136	0.58810	0.00978	0.04657	0.00755	0.06551	0.00616
2	0.01505	0.01490	0.02078	0.01786	0.01786	0.02075	0.01479	0.01651	0.01066	0.01665	0.00971	0.01657	0.00986	0.04410	0.02344	0.00321	0.71042	0.00628	0.00310	0.00749
3	0.01678	0.01438	0.01528	0.01378	0.01755	0.01653	0.01070	0.03524	0.64629	0.02910	0.08075	0.02805	0.02474	0.00984	0.00719	0.00235	0.00535	0.00825	0.00715	0.01070
4	0.01317	0.01214	0.02030	0.70579	0.04630	0.01511	0.01874	0.01776	0.01398	0.01819	0.01286	0.01893	0.00968	0.00703	0.00688	0.00229	0.00904	0.00621	0.03788	0.00770
5	0.00849	0.00610	0.00806	0.00963	0.01010	0.00568	0.00644	0.00973	0.01344	0.01785	0.03949	0.72848	0.06722	0.02173	0.00889	0.00282	0.00403	0.01968	0.00648	0.00568
6	0.01318	0.01240	0.02093	0.73798	0.04806	0.01550	0.01938	0.01783	0.01395	0.01783	0.01240	0.01860	0.00930	0.00698	0.00698	0.00233	0.00930	0.00620	0.00310	0.00775
7	0.01447	0.01240	0.01447	0.01034	0.01654	0.00930	0.00827	0.01757	0.01447	0.02274	0.01240	0.01447	0.01034	0.00517	0.00517	0.00103	0.00517	0.00413	0.00413	0.79742
8	0.58949	0.01603	0.01304	0.09080	0.01852	0.10950	0.00988	0.02107	0.01311	0.02749	0.01014	0.01243	0.00799	0.00681	0.00546	0.00216	0.03018	0.00421	0.00405	0.00765
9	0.01859	0.01471	0.01582	0.01404	0.01812	0.01673	0.01098	0.03681	0.63853	0.09001	0.02833	0.02583	0.02095	0.00939	0.00709	0.00235	0.00556	0.00781	0.00724	0.01112
10	0.01456	0.04984	0.02375	0.16557	0.07402	0.01549	0.16351	0.01871	0.04429	0.03703	0.01837	0.16207	0.01768	0.01055	0.01014	0.00246	0.13088	0.00925	0.00421	0.02764
11	0.01598	0.06229	0.12406	0.09091	0.09675	0.07388	0.14608	0.02070	0.04418	0.01998	0.01574	0.03786	0.04145	0.00870	0.01055	0.00237	0.16909	0.00695	0.00363	0.00885
12	0.01015	0.00677	0.00761	0.00761	0.00761	0.00677	0.00423	0.01015	0.01015	0.01353	0.02199	0.04567	0.02537	0.75476	0.03552	0.00677	0.00677	0.01015	0.00423	0.00423
13	0.00850	0.00607	0.00810	0.00972	0.01012	0.00567	0.00648	0.00972	0.01336	0.01781	0.03846	0.75020	0.04615	0.02186	0.00891	0.00283	0.00405	0.01984	0.00648	0.00567
14	0.02001	0.04305	0.24038	0.02078	0.13136	0.06965	0.01776	0.18606	0.05232	0.08860	0.01679	0.05256	0.01309	0.00807	0.00685	0.00214	0.00853	0.00652	0.00493	0.01055
15	0.01923	0.05545	0.18704	0.13443	0.10601	0.13848	0.03809	0.09637	0.04468	0.06724	0.01413	0.01650	0.01062	0.00731	0.00727	0.00214	0.03540	0.00574	0.00413	0.00973
16	0.01188	0.00798	0.01036	0.01106	0.01312	0.00751	0.00929	0.01461	0.01634	0.07483	0.06606	0.09631	0.21367	0.01797	0.00900	0.00286	0.00544	0.39836	0.00665	0.00669
17	0.02374	0.04177	0.07364	0.01532	0.02049	0.01881	0.01333	0.44016	0.02608	0.11557	0.01736	0.01897	0.01289	0.04549	0.04006	0.00276	0.05007	0.00642	0.00624	0.01081
18	0.01566	0.01502	0.02461	0.15826	0.30918	0.01536	0.08345	0.01960	0.01481	0.02128	0.01257	0.01687	0.01036	0.00665	0.00816	0.00201	0.07612	0.00595	0.00351	0.18058
19	0.01098	0.00915	0.01050	0.01090	0.01180	0.06385	0.00786	0.01254	0.01264	0.01659	0.02597	0.28052	0.02880	0.15764	0.24932	0.00621	0.03320	0.04083	0.00485	0.00589
20	0.00999	0.00741	0.01089	0.01089	0.01202	0.00855	0.00832	0.01225	0.01112	0.01596	0.01899	0.02906	0.01816	0.11582	0.66460	0.01081	0.01761	0.00772	0.00378	0.00605
21	0.01400	0.03610	0.71860	0.01989	0.03020	0.01621	0.02578	0.02210	0.01473	0.02210	0.01252	0.01473	0.00884	0.00663	0.00663	0.00221	0.01031	0.00516	0.00295	0.01031
22	0.00850	0.00607	0.00810	0.00972	0.01012	0.00567	0.00648	0.00972	0.01336	0.01781	0.03846	0.75020	0.04615	0.02186	0.00891	0.00283	0.00405	0.01984	0.00648	0.00567
23	0.01527	0.01527	0.02137	0.01832	0.01832	0.02137	0.01527	0.01679	0.01069	0.01679	0.00916	0.01527	0.00916	0.01221	0.02290	0.00305	0.74198	0.00611	0.00305	0.00763
24	0.00832	0.00707	0.00717	0.00714	0.00947	0.00592	0.00536	0.01015	0.01607	0.01925	0.09837	0.06650	0.68047	0.01752	0.00825	0.00235	0.00352	0.01464	0.00653	0.00592
25	0.01301	0.00650	0.00650	0.00650	0.00813	0.00650	0.00488	0.01626	0.01463	0.02602	0.02276	0.02602	0.01789	0.00813	0.00488	0.00163	0.00325	0.00650	0.79350	0.00650
26	0.01765	0.01514	0.01594	0.01426	0.01826	0.01749	0.01112	0.05796	0.67726	0.02967	0.02803	0.02574	0.02100	0.00943	0.00710	0.00236	0.00559	0.00784	0.00710	0.01107
27	0.01015	0.00677	0.00761	0.00761	0.00761	0.00677	0.00423	0.01015	0.01015	0.01353	0.02199	0.04567	0.02537	0.75476	0.03552	0.00677	0.00677	0.01015	0.00423	0.00423
28	0.80405	0.01350	0.01026	0.00918	0.01350	0.01565	0.00756	0.02051	0.01188	0.03131	0.00972	0.01134	0.00756	0.00648	0.00432	0.00216	0.00540	0.00378	0.00432	0.00756
29	0.02800	0.01209	0.01582	0.01234	0.01727	0.01102	0.01011	0.10250	0.02134	0.55321	0.11497	0.02669	0.02301	0.00934	0.00717	0.00216	0.00578	0.00767	0.00833	0.01119
30	0.01318	0.01240	0.02093	0.73798	0.04806	0.01550	0.01938	0.01783	0.01395	0.01783	0.01240	0.01860	0.00930	0.00698	0.00698	0.00233	0.00930	0.00620	0.00310	0.00775
31	0.02123	0.02464	0.02088	0.04161	0.05284	0.40574	0.08684	0.04977	0.04274	0.02017	0.01681	0.02033	0.05106	0.00804	0.00676	0.00194	0.01031	0.03314	0.00415	0.08101
32	0.00997	0.00748	0.01121	0.01121	0.01246	0.00872	0.00872	0.01246	0.01121	0.01620	0.01869	0.02741	0.01745	0.05234	0.72710	0.01121	0.01869	0.00748	0.00374	0.00623
33	0.03131	0.01188	0.01619	0.01242	0.01781	0.01026	0.01026	0.03401	0.01997	0.71606	0.02753	0.02375	0.01727	0.00864	0.00702	0.00216	0.00594	0.00702	0.00864	0.01188
34	0.01527	0.01527	0.02137	0.01832	0.01832	0.02137	0.01527	0.01679	0.01069	0.01679	0.00916	0.01527	0.00916	0.01221	0.02290	0.00305	0.74198	0.00611	0.00305	0.00763
35	0.01619	0.01105	0.01459	0.01577	0.07760	0.01139	0.01195	0.02345	0.18329	0.12431	0.03138	0.05240	0.02964	0.01418	0.00840	0.00275	0.00630	0.34996	0.00665	0.00876
36	0.00883	0.00709	0.00788	0.00768	0.00978	0.00614	0.00576	0.01115	0.01729	0.02213	0.29913	0.06177	0.47792	0.01645	0.00824	0.00230	0.00345	0.01397	0.00691	0.00614
37	0.02924	0.01161	0.01543	0.01204	0.01708	0.01030	0.00988	0.03278	0.05155	0.63049	0.02720	0.02403	0.01751	0.00864	0.00686	0.00213	0.00571	0.00702	0.06907	0.01142
38	0.06052	0.01654	0.07800	0.04673	0.04632	0.01511	0.18528	0.10022	0.04523	0.19569	0.01998	0.02536	0.01547	0.00878	0.00811	0.00236	0.04000	0.07478	0.00557	0.00994
39	0.00895	0.00653	0.00778	0.00850	0.00930	0.00605	0.00561	0.01005	0.01335	0.01734	0.07014	0.37431	0.19308	0.21769	0.01588	0.00375	0.00463	0.01575	0.00593	0.00537
40	0.00849	0.00612	0.00805	0.00960	0.01009	0.00568	0.00643	0.00973	0.01347	0.01786	0.03988	0.72014	0.07530	0.02168	0.00888	0.00281	0.00403	0.01961	0.00648	0.00568
41	0.01866	0.75896	0.03657	0.01194	0.01791	0.02761	0.01194	0.02090	0.01418	0.01642	0.00970	0.01119	0.00896	0.00597	0.00448	0.00149	0.00746	0.00373	0.00299	0.00896
42	0.01542	0.01718	0.12251	0.09156	0.21431	0.01367	0.01586	0.04056	0.01531	0.02276	0.01298	0.01616	0.01046	0.00630	0.00672	0.00174	0.03331	0.00528	0.02897	0.30896
43	0.01899	0.38739	0.21389	0.01618	0.04373	0.12642	0.01623	0.06722	0.01646	0.02008	0.01119	0.01290	0.00919	0.00649	0.00556	0.00179	0.00901	0.00447	0.00335	0.00945
44	0.58371	0.01405	0.01499	0.05061	0.11795	0.01563	0.03939	0.02118	0.01311	0.05863	0.01130	0.01341	0.00870	0.00653	0.00511	0.00216	0.00631	0.00458	0.00429	0.00834
45	0.01641	0.01503	0.02358	0.20692	0.34597	0.03556	0.04567	0.04653	0.05050	0.03979	0.07181	0.02257	0.01649	0.00772	0.00716	0.00220	0.00813	0.02407	0.00424	0.00965
46	0.00929	0.00659	0.00872	0.00952	0.01002	0.00669	0.00642	0.01049	0.01199	0.01629	0.02934	0.38945	0.03374	0.22380	0.18854	0.00589	0.00829	0.01429	0.00522	0.00542
47	0.01015	0.00677	0.00761	0.00761	0.00761	0.00677	0.00423	0.01015	0.01015	0.01353	0.02199	0.04567	0.02537	0.75476	0.03552	0.00677	0.00677	0.01015	0.00423	0.00423
48	0.02653	0.01955	0.02094	0.01606	0.02164	0.02164	0.01326	0.68796	0.03281	0.04398	0.01675	0.01675	0.01187	0.00838	0.00698	0.00209	0.00768	0.00628	0.00698	0.01187
49	0.01723	0.01854	0.02108	0.01826	0.01891	0.14979	0.01494	0.01881	0.01234	0.01685	0.00946	0.01478	0.00913	0.01130	0.01988	0.00282	0.60919	0.00581	0.00315	0.00772
50	0.01318	0.01240	0.02093	0.73798	0.04806	0.01550	0.01938	0.01783	0.01395	0.01783	0.01240	0.01860	0.00930	0.00698	0.00698	0.00233	0.00930	0.00620	0.00310	0.00775
51	0.00832	0.00707	0.00718	0.00715	0.00947	0.00592	0.00536	0.01016	0.01609	0.01928	0.10071	0.06645	0.67810	0.01751	0.00825	0.00235	0.00352	0.01463	0.00654	0.00592
52	0.00850	0.00607	0.00810	0.00972	0.01012	0.00567	0.00648	0.00972	0.01336	0.01781	0.03846	0.75020	0.04615	0.02186	0.00891	0.00283	0.00405	0.01984	0.00648	0.00567
53	0.02653	0.01955	0.02094	0.01606	0.02164	0.02164	0.01326	0.68796	0.03281	0.04398	0.01675	0.01675	0.01187	0.00838	0.00698	0.00209	0.00768	0.00628	0.00698	0.01187
54	0.01318	0.01240	0.02093	0.73798	0.04806	0.01550	0.01938	0.01783	0.01395	0.01783	0.01240	0.01860	0.00930	0.00698	0.00698	0.00233	0.00930	0.00620	0.00310	0.00775
55	0.01866	0.75896	0.03657	0.01194	0.01791	0.02761	0.01194	0.02090	0.01418	0.01642	0.00970	0.01119	0.00896	0.00597	0.00448	0.00149	0.00746	0.00373	0.00299	0.00896
56	0.01400	0.03610	0.71860	0.01989	0.03020	0.01621	0.02578	0.02210	0.01473	0.02210	0.01252	0.01473	0.00884	0.00663	0.00663	0.00221	0.01031	0.00516	0.00295	0.01031
57	0.01287	0.00652	0.00656	0.00656	0.00810	0.00652	0.00485	0.01596	0.01442	0.02541	0.02273	0.02697	0.01825	0.04453	0.00637	0.00188	0.00342	0.00668	0.75502	0.00639
58	0.00994	0.00670	0.00774	0.00791	0.00803	0.00663	0.00460	0.01022	0.01093	0.01465	0.05241	0.13070	0.02955	0.63586	0.03118	0.00610	0.00629	0.01142	0.00464	0.00450
59	0.02267	0.32065	0.02657	0.01551	0.01998	0.38883	0.01294	0.05199	0.01770	0.01792	0.01053	0.01232	0.00910	0.00697	0.00632	0.00174	0.04188	0.00433	0.00347	0.00857
60	0.02318	0.01288	0.01589	0.01183	0.01762	0.01096	0.00965	0.09203	0.01876	0.33361	0.01958	0.01883	0.01358	0.00703	0.00617	0.00164	0.00576	0.00563	0.00642	0.36892
61	0.02160	0.01893	0.01796	0.07186	0.02172	0.20405	0.03356	0.03123	0.29505	0.14959	0.02152	0.02128	0.01588	0.00992	0.03241	0.00249	0.00843	0.00669	0.00590	0.00993
62	0.02416	0.01833	0.02019	0.07144	0.02317	0.02054	0.01341	0.54152	0.12831	0.03981	0.01811	0.01825	0.01304	0.00843	0.00700	0.00215	0.00749	0.00651	0.00670	0.01143
63	0.01727	0.01658	0.02832	0.04283	0.71123	0.01658	0.02142	0.02142	0.01589	0.02280	0.01313	0.01727	0.01105	0.00622	0.00691	0.00207	0.00829	0.00622	0.00345	0.01105
64	0.01784	0.01551	0.01622	0.01539	0.04736	0.07073	0.01145	0.05964	0.44488	0.05043	0.02564	0.06205	0.02104	0.03880	0.00899	0.00255	0.03815	0.03693	0.00638	0.01001
65	0.02652	0.24860	0.02290	0.01255	0.01787	0.01629	0.01103	0.02902	0.01769	0.46044	0.02099	0.01936	0.01424	0.00797	0.00699	0.00199	0.04230	0.00593	0.00658	0.01074
66	0.02607	0.03326	0.01978	0.01798	0.02157	0.72674	0.01348	0.02787	0.01978	0.01708	0.01079	0.01258	0.00899	0.00719	0.00629	0.00180	0.01258	0.00449	0.00360	0.00809
67	0.00850	0.00607	0.00810	0.00972	0.01012	0.00567	0.00648	0.00972	0.01336	0.01781	0.03846	0.75020	0.04615	0.02186	0.00891	0.00283	0.00405	0.01984	0.00648	0.00567
68	0.01689	0.01641	0.02851	0.09356	0.58132	0.01661	0.07882	0.02170	0.03630	0.02257	0.01362	0.01777	0.01119	0.00634	0.00703	0.00213	0.00859	0.00644	0.00354	0.01066

[dist]
# distance from previous block
# <min> <max>
4	13

[block]
# block no. 6 follows, 30 sequences, length 46
# corresponding to MSA columns:
# 578-623
name=unknown_G
#
# <colnr> <probs for GDERKNQSTAVLIFYWHMCP>
#	G	D	E	R	K	N	Q	S	T	A	V	L	I	F	Y	W	H	M	C	P
0	0.01424	0.00977	0.00820	0.00804	0.00990	0.09427	0.00600	0.01718	0.01527	0.02433	0.02383	0.05273	0.04590	0.00891	0.00534	0.00172	0.00443	0.00708	0.63620	0.00664
1	0.80405	0.01350	0.01026	0.00918	0.01350	0.01565	0.00756	0.02051	0.01188	0.03131	0.00972	0.01134	0.00756	0.00648	0.00432	0.00216	0.00540	0.00378	0.00432	0.00756
2	0.01804	0.70639	0.03466	0.01172	0.01739	0.02614	0.01157	0.02036	0.01457	0.01723	0.05849	0.01406	0.01293	0.00655	0.00474	0.00154	0.00717	0.00435	0.00331	0.00879
3	0.02133	0.20226	0.18228	0.01701	0.04103	0.17967	0.01599	0.16577	0.01972	0.05236	0.01289	0.01429	0.00996	0.00720	0.00661	0.00194	0.03061	0.00504	0.00421	0.00983
4	0.01003	0.00717	0.00986	0.01147	0.01254	0.00699	0.00914	0.01237	0.01487	0.01953	0.03762	0.37503	0.04281	0.02042	0.00932	0.00305	0.00538	0.37989	0.00645	0.00609
