[name]
unknown

[dist]
# distance from previous block
# <min> <max>
0	32

[block]
# block no. 0 follows, 37 sequences, length 57
# corresponding to MSA columns:
# 33-77,83-94
name=unknown_A
#
# <colnr> <probs for GDERKNQSTAVLIFYWHMCP>
#	G	D	E	R	K	N	Q	S	T	A	V	L	I	F	Y	W	H	M	C	P
0	0.06554	0.01187	0.01362	0.05281	0.05057	0.07943	0.04642	0.06414	0.09645	0.08291	0.03763	0.12771	0.06897	0.01040	0.02241	0.00213	0.02577	0.02785	0.08648	0.02688
1	0.07478	0.01127	0.01170	0.01057	0.01298	0.06941	0.00805	0.17165	0.01602	0.07517	0.02237	0.24007	0.04803	0.08267	0.05200	0.00286	0.02601	0.02578	0.00512	0.03349
2	0.05442	0.01218	0.01392	0.03046	0.04526	0.09988	0.06105	0.08074	0.04647	0.06305	0.12396	0.11120	0.06036	0.04067	0.04108	0.00246	0.02757	0.02322	0.03786	0.02419
3	0.03230	0.01167	0.03208	0.01179	0.02922	0.08539	0.06554	0.05138	0.03798	0.05560	0.10520	0.08233	0.18133	0.05815	0.05285	0.00272	0.04730	0.02814	0.02243	0.00661
4	0.06585	0.01013	0.01311	0.03114	0.03183	0.02737	0.07847	0.07292	0.04762	0.07961	0.07897	0.09067	0.15526	0.09897	0.00946	0.00248	0.00547	0.06115	0.00510	0.03443
5	0.07368	0.01341	0.01573	0.03461	0.10303	0.05855	0.04414	0.21675	0.07585	0.04526	0.03742	0.03518	0.03097	0.04857	0.00832	0.03739	0.02545	0.00623	0.08145	0.00802
6	0.01395	0.01242	0.01839	0.47036	0.05267	0.05059	0.06665	0.08650	0.01445	0.03500	0.01249	0.01660	0.00943	0.00640	0.00628	0.00194	0.02421	0.00555	0.08881	0.00732
7	0.21177	0.01516	0.01746	0.03861	0.01864	0.10978	0.13555	0.16565	0.01611	0.02412	0.01376	0.09718	0.01216	0.00779	0.00656	0.00195	0.04965	0.00633	0.02464	0.02712
8	0.00817	0.00597	0.00666	0.00681	0.00760	0.00556	0.00437	0.00897	0.01137	0.01457	0.07694	0.13662	0.25971	0.39832	0.01920	0.00403	0.00455	0.01136	0.00476	0.00445
9	0.01487	0.01389	0.01798	0.01519	0.01624	0.04550	0.02983	0.11154	0.01267	0.01862	0.01010	0.01445	0.00907	0.01060	0.03487	0.00260	0.55215	0.00542	0.05723	0.00716
10	0.01384	0.01170	0.01267	0.01170	0.01465	0.01329	0.00904	0.02807	0.58951	0.02442	0.08481	0.08969	0.02432	0.00988	0.00652	0.00213	0.00461	0.03413	0.00620	0.00882
11	0.02041	0.01557	0.01659	0.01334	0.01769	0.01743	0.01082	0.48816	0.25090	0.03406	0.01806	0.01748	0.01316	0.00764	0.00611	0.00190	0.00603	0.00596	0.02862	0.01005
12	0.01880	0.01236	0.01521	0.01178	0.01631	0.02686	0.05377	0.15700	0.08497	0.21750	0.03424	0.03721	0.03123	0.00719	0.00581	0.00165	0.00551	0.00599	0.03623	0.22039
13	0.01396	0.00935	0.03180	0.03041	0.01355	0.00817	0.02832	0.01726	0.04828	0.18016	0.19581	0.05345	0.15028	0.00995	0.00670	0.00183	0.02412	0.00841	0.05139	0.11682
14	0.01404	0.00926	0.01141	0.07123	0.01419	0.03686	0.04047	0.07749	0.01460	0.09350	0.03829	0.10528	0.01753	0.01044	0.04181	0.00217	0.03426	0.00718	0.35321	0.00678
15	0.03955	0.01983	0.01815	0.04463	0.01956	0.34418	0.10693	0.11599	0.01684	0.01964	0.01370	0.07584	0.01221	0.00887	0.02753	0.00207	0.04196	0.02261	0.04256	0.00735
16	0.01289	0.02347	0.41104	0.05080	0.02522	0.01561	0.12987	0.01800	0.01218	0.01800	0.01040	0.01376	0.00809	0.00705	0.00990	0.00216	0.21547	0.00521	0.00270	0.00819
17	0.00755	0.00618	0.00666	0.00662	0.00848	0.00529	0.00493	0.00936	0.01457	0.01819	0.20507	0.08721	0.56856	0.01503	0.00726	0.00206	0.00307	0.01272	0.00591	0.00529
18	0.01018	0.00988	0.01637	0.27931	0.02488	0.01017	0.15049	0.01333	0.01345	0.01682	0.03423	0.03557	0.34033	0.01016	0.00684	0.00206	0.00630	0.00916	0.00413	0.00635
19	0.01385	0.01302	0.02193	0.06289	0.60785	0.01307	0.01675	0.01712	0.01354	0.01917	0.01481	0.12969	0.01424	0.00753	0.00632	0.00193	0.00675	0.00724	0.00341	0.00887
20	0.00806	0.00593	0.00839	0.00947	0.01017	0.00562	0.02696	0.00953	0.01219	0.01619	0.03291	0.64135	0.03872	0.01840	0.00790	0.00253	0.00409	0.13082	0.00560	0.00518
21	0.02004	0.01375	0.01522	0.01261	0.01674	0.01504	0.01011	0.23216	0.38526	0.17723	0.02181	0.02008	0.01558	0.00788	0.00618	0.00197	0.00546	0.00636	0.00647	0.01005
22	0.01156	0.01088	0.01836	0.77016	0.04216	0.01360	0.01700	0.01564	0.01224	0.01564	0.01088	0.01632	0.00816	0.00612	0.00612	0.00204	0.00816	0.00544	0.00272	0.00680
23	0.00746	0.00533	0.00710	0.00852	0.00888	0.00497	0.00568	0.00852	0.01172	0.01563	0.03374	0.78088	0.04049	0.01918	0.00781	0.00249	0.00355	0.01740	0.00568	0.00497
24	0.01156	0.01088	0.01836	0.77016	0.04216	0.01360	0.01700	0.01564	0.01224	0.01564	0.01088	0.01632	0.00816	0.00612	0.00612	0.00204	0.00816	0.00544	0.00272	0.00680
25	0.00866	0.00626	0.00818	0.00770	0.00914	0.00578	0.00578	0.01155	0.01733	0.02455	0.74346	0.04572	0.05776	0.01251	0.00722	0.00193	0.00289	0.01107	0.00674	0.00578
26	0.00866	0.00626	0.00818	0.00770	0.00914	0.00578	0.00578	0.01155	0.01733	0.02455	0.74346	0.04572	0.05776	0.01251	0.00722	0.00193	0.00289	0.01107	0.00674	0.00578
27	0.01637	0.78856	0.03208	0.01047	0.01571	0.02422	0.01047	0.01833	0.01244	0.01440	0.00851	0.00982	0.00786	0.00524	0.00393	0.00131	0.00655	0.00327	0.00262	0.00786
28	0.02287	0.02917	0.01735	0.01577	0.01892	0.76030	0.01183	0.02444	0.01735	0.01498	0.00946	0.01104	0.00788	0.00631	0.00552	0.00158	0.01104	0.00394	0.00315	0.00710
29	0.02327	0.01715	0.01837	0.01408	0.01898	0.01898	0.01163	0.72628	0.02878	0.03858	0.01470	0.01470	0.01041	0.00735	0.00612	0.00184	0.00674	0.00551	0.00612	0.01041
30	0.01308	0.17424	0.57580	0.01567	0.02379	0.01578	0.01947	0.01897	0.01282	0.01847	0.01051	0.01232	0.00785	0.00564	0.00539	0.00176	0.00833	0.00424	0.00265	0.05325
31	0.00727	0.00605	0.00635	0.00660	0.00837	0.00513	0.00483	0.00874	0.01357	0.01638	0.05718	0.18215	0.62408	0.01613	0.00733	0.00214	0.00318	0.01368	0.00568	0.00513
32	0.82811	0.01184	0.00900	0.00805	0.01184	0.01373	0.00663	0.01799	0.01042	0.02746	0.00852	0.00994	0.00663	0.00568	0.00379	0.00189	0.00474	0.00331	0.00379	0.00663
33	0.01476	0.01408	0.02397	0.08073	0.68043	0.01424	0.01839	0.01840	0.01384	0.01968	0.01216	0.01698	0.01044	0.00587	0.00614	0.00186	0.00727	0.02827	0.00310	0.00939
34	0.01309	0.01260	0.02386	0.29385	0.11633	0.01311	0.26728	0.01706	0.01336	0.04527	0.01488	0.11324	0.01310	0.00741	0.00672	0.00207	0.00813	0.00762	0.00345	0.00756
35	0.02731	0.01067	0.01436	0.01101	0.01575	0.00937	0.00910	0.05575	0.01794	0.72442	0.02380	0.02061	0.01498	0.00757	0.00615	0.00189	0.00527	0.00613	0.00752	0.01042
36	0.00986	0.00705	0.00986	0.01127	0.01268	0.00705	0.00986	0.01268	0.01409	0.01832	0.03241	0.06905	0.03523	0.01691	0.00845	0.00282	0.00564	0.70549	0.00564	0.00564
37	0.01968	0.00865	0.01179	0.01035	0.01351	0.00772	0.00835	0.02188	0.01575	0.44875	0.05540	0.18389	0.02536	0.01171	0.00693	0.00217	0.00486	0.12810	0.00683	0.00832
38	0.01236	0.03109	0.72614	0.01776	0.02670	0.01426	0.04906	0.01939	0.01298	0.01939	0.01104	0.01306	0.00781	0.00579	0.00587	0.00194	0.00909	0.00463	0.00260	0.00902
39	0.82811	0.01184	0.00900	0.00805	0.01184	0.01373	0.00663	0.01799	0.01042	0.02746	0.00852	0.00994	0.00663	0.00568	0.00379	0.00189	0.00474	0.00331	0.00379	0.00663
40	0.01433	0.01371	0.02337	0.20460	0.58606	0.01433	0.01838	0.01807	0.01355	0.01900	0.01137	0.01542	0.00935	0.00561	0.00607	0.00187	0.00747	0.00545	0.00296	0.00904
41	0.01269	0.01088	0.01269	0.00907	0.01451	0.00816	0.00725	0.01541	0.01269	0.01995	0.01088	0.01269	0.00907	0.00453	0.00453	0.00091	0.00453	0.00363	0.00363	0.82229
42	0.01269	0.01088	0.01269	0.00907	0.01451	0.00816	0.00725	0.01541	0.01269	0.01995	0.01088	0.01269	0.00907	0.00453	0.00453	0.00091	0.00453	0.00363	0.00363	0.82229
43	0.01297	0.01226	0.02077	0.42787	0.34047	0.01376	0.01738	0.01679	0.01286	0.01744	0.01137	0.01614	0.00910	0.00745	0.03665	0.00226	0.00812	0.00549	0.00287	0.00798
44	0.01096	0.00629	0.00647	0.00634	0.00798	0.00627	0.00478	0.01461	0.06093	0.02234	0.07343	0.02880	0.10878	0.00860	0.00497	0.00158	0.00302	0.00703	0.61088	0.00591
45	0.00730	0.00619	0.00622	0.00622	0.00820	0.00520	0.00461	0.00879	0.01375	0.01635	0.06028	0.05815	0.71497	0.04666	0.00820	0.00222	0.00322	0.01276	0.00560	0.00511
46	0.01335	0.01315	0.01922	0.01615	0.01668	0.01773	0.06402	0.01505	0.00995	0.01557	0.00907	0.01418	0.00859	0.01010	0.01821	0.00256	0.67242	0.00551	0.05174	0.00675
47	0.00837	0.00625	0.00778	0.00739	0.00897	0.00565	0.00555	0.01099	0.01664	0.02291	0.60393	0.04842	0.19831	0.01313	0.00722	0.00195	0.00293	0.01145	0.00652	0.00565
48	0.00874	0.00656	0.00984	0.00984	0.01093	0.00765	0.00765	0.01093	0.00984	0.01421	0.01640	0.02405	0.01530	0.04591	0.76062	0.00984	0.01640	0.00656	0.00328	0.00547
49	0.02257	0.02855	0.01721	0.01564	0.01881	0.73141	0.01174	0.02476	0.04520	0.01539	0.01006	0.01150	0.00830	0.00639	0.00555	0.00160	0.01080	0.00406	0.00327	0.00720
50	0.01501	0.01449	0.02502	0.06063	0.69989	0.01455	0.04266	0.01871	0.01390	0.01985	0.01152	0.01523	0.00963	0.00547	0.00610	0.00183	0.00740	0.00551	0.00302	0.00955
51	0.01441	0.01408	0.02166	0.15337	0.24748	0.04636	0.13599	0.02170	0.19577	0.02062	0.05422	0.01899	0.01413	0.00665	0.00635	0.00196	0.00726	0.00636	0.00400	0.00862
52	0.58774	0.01212	0.01130	0.08081	0.01568	0.01409	0.00857	0.09734	0.01284	0.02668	0.01079	0.01456	0.00888	0.00671	0.00506	0.00198	0.02996	0.04386	0.00402	0.00702
53	0.00819	0.00623	0.00748	0.00717	0.00879	0.00558	0.00534	0.01055	0.01597	0.02152	0.49529	0.05001	0.28765	0.03381	0.00785	0.00208	0.00304	0.01163	0.00630	0.00552
54	0.80215	0.01179	0.00917	0.00814	0.01196	0.01358	0.00671	0.01838	0.01065	0.05092	0.00903	0.01030	0.00691	0.00574	0.00386	0.00189	0.00475	0.00341	0.00391	0.00675
55	0.01140	0.00936	0.01232	0.01390	0.11126	0.01022	0.00916	0.01786	0.22376	0.01848	0.02176	0.13362	0.02079	0.10296	0.21702	0.00468	0.00833	0.04148	0.00461	0.00703
56	0.00785	0.00647	0.00694	0.00686	0.00879	0.00570	0.00512	0.01030	0.04554	0.01834	0.18320	0.09018	0.55355	0.01483	0.00722	0.00206	0.00316	0.01254	0.00590	0.00546

[dist]
# distance from previous block
# <min> <max>
0	7

[block]
# block no. 1 follows, 37 sequences, length 63
# corresponding to MSA columns:
# 102-164
name=unknown_B
#
# <colnr> <probs for GDERKNQSTAVLIFYWHMCP>
#	G	D	E	R	K	N	Q	S	T	A	V	L	I	F	Y	W	H	M	C	P
0	0.79495	0.01180	0.00938	0.03900	0.01307	0.01373	0.00705	0.01790	0.01049	0.02698	0.00862	0.01020	0.00669	0.00570	0.00388	0.00190	0.00487	0.00340	0.00374	0.00664
1	0.01637	0.78856	0.03208	0.01047	0.01571	0.02422	0.01047	0.01833	0.01244	0.01440	0.00851	0.00982	0.00786	0.00524	0.00393	0.00131	0.00655	0.00327	0.00262	0.00786
2	0.01346	0.01293	0.02204	0.23413	0.45738	0.01354	0.05111	0.01712	0.01350	0.01850	0.01567	0.01925	0.07164	0.00647	0.00623	0.00191	0.00731	0.00617	0.00317	0.00845
3	0.00849	0.00625	0.00795	0.00752	0.00904	0.00570	0.00564	0.01122	0.01693	0.02360	0.66292	0.04728	0.13889	0.01287	0.00722	0.00194	0.00291	0.01129	0.00661	0.00570
4	0.00782	0.00558	0.00751	0.00893	0.00944	0.00528	0.00630	0.00914	0.01207	0.01603	0.03354	0.67503	0.03970	0.01884	0.00791	0.00254	0.00386	0.11972	0.00568	0.00507
5	0.00875	0.00616	0.00800	0.00783	0.00915	0.00574	0.00585	0.01143	0.01633	0.02322	0.59481	0.12417	0.05249	0.01310	0.00717	0.00199	0.00308	0.04132	0.05373	0.00568
6	0.02746	0.01042	0.01421	0.01089	0.01563	0.00900	0.00900	0.02983	0.01752	0.75093	0.02415	0.02083	0.01515	0.00758	0.00616	0.00189	0.00521	0.00616	0.00758	0.01042
7	0.00730	0.00620	0.00629	0.00627	0.00831	0.00519	0.00470	0.00890	0.01410	0.01688	0.09133	0.05834	0.71467	0.01537	0.00723	0.00206	0.00309	0.01284	0.00573	0.00519
8	0.01405	0.01330	0.02253	0.12439	0.59736	0.01361	0.01744	0.01752	0.01354	0.01909	0.01335	0.08113	0.01216	0.00672	0.00622	0.00190	0.00706	0.00648	0.00322	0.00894
9	0.82811	0.01184	0.00900	0.00805	0.01184	0.01373	0.00663	0.01799	0.01042	0.02746	0.00852	0.00994	0.00663	0.00568	0.00379	0.00189	0.00474	0.00331	0.00379	0.00663
10	0.01268	0.02537	0.48417	0.01956	0.02720	0.01408	0.24252	0.01882	0.01333	0.01924	0.01275	0.05864	0.01014	0.00639	0.00637	0.00201	0.00913	0.00612	0.00293	0.00856
11	0.01428	0.01330	0.02237	0.03322	0.62521	0.01330	0.01731	0.01778	0.01396	0.01972	0.01497	0.02407	0.01392	0.00735	0.00646	0.00198	0.00700	0.12131	0.00346	0.00902
12	0.01495	0.01434	0.02448	0.07915	0.70671	0.01449	0.01868	0.01861	0.01384	0.01975	0.01148	0.01522	0.00961	0.00549	0.00606	0.00183	0.00732	0.00545	0.00301	0.00953
13	0.01515	0.01454	0.02485	0.03757	0.74669	0.01454	0.01879	0.01879	0.01394	0.02000	0.01151	0.01515	0.00970	0.00545	0.00606	0.00182	0.00727	0.00545	0.00303	0.00970
14	0.68927	0.01159	0.00990	0.00854	0.01249	0.01291	0.00704	0.02005	0.01165	0.15292	0.01123	0.01183	0.00811	0.00601	0.00420	0.00189	0.00482	0.00381	0.00445	0.00729
15	0.00743	0.00621	0.00647	0.00641	0.00839	0.00525	0.00480	0.00916	0.01441	0.01763	0.15518	0.05711	0.65035	0.01509	0.00723	0.00205	0.00307	0.01267	0.00583	0.00525
16	0.00741	0.00552	0.00690	0.00800	0.00874	0.00502	0.00545	0.00858	0.01222	0.01583	0.04012	0.61791	0.19933	0.01835	0.00768	0.00239	0.00345	0.01639	0.00568	0.00502
17	0.00859	0.00625	0.00807	0.00762	0.00910	0.00574	0.00571	0.01140	0.01714	0.02411	0.70604	0.04645	0.09545	0.01268	0.00722	0.00193	0.00290	0.01117	0.00668	0.00574
18	0.82811	0.01184	0.00900	0.00805	0.01184	0.01373	0.00663	0.01799	0.01042	0.02746	0.00852	0.00994	0.00663	0.00568	0.00379	0.00189	0.00474	0.00331	0.00379	0.00663
19	0.00886	0.00578	0.00744	0.00802	0.00894	0.00540	0.00564	0.01069	0.01358	0.04058	0.22906	0.46206	0.04153	0.01552	0.00717	0.00218	0.00333	0.01389	0.10488	0.00544
20	0.01505	0.01445	0.02467	0.05738	0.72764	0.01452	0.01874	0.01870	0.01389	0.01988	0.01150	0.01518	0.00965	0.00547	0.00606	0.00182	0.00730	0.00545	0.00302	0.00962
21	0.01529	0.01592	0.03350	0.02634	0.11653	0.01499	0.59850	0.02010	0.01457	0.06212	0.01296	0.01660	0.00968	0.00534	0.00702	0.00202	0.00966	0.00695	0.00335	0.00855
22	0.01679	0.01851	0.01986	0.04395	0.25169	0.26933	0.05505	0.02005	0.04804	0.01760	0.03055	0.01752	0.02610	0.02267	0.02455	0.00214	0.08337	0.02096	0.00340	0.00786
23	0.01445	0.01651	0.03612	0.02580	0.03199	0.01548	0.72446	0.01961	0.01445	0.01961	0.01238	0.01651	0.00929	0.00516	0.00722	0.00206	0.01032	0.00722	0.00310	0.00826
24	0.01523	0.01534	0.03966	0.04357	0.32375	0.10988	0.02837	0.06980	0.01493	0.02007	0.01386	0.10051	0.01276	0.00710	0.00593	0.00171	0.00693	0.00628	0.00367	0.16066
25	0.01476	0.01045	0.01257	0.02483	0.01462	0.00896	0.00782	0.05492	0.06053	0.12627	0.10434	0.05587	0.01806	0.00707	0.00547	0.00139	0.00459	0.00591	0.00495	0.45662
26	0.01414	0.01403	0.01894	0.09937	0.39905	0.11423	0.01449	0.01690	0.01361	0.01770	0.01573	0.13890	0.01561	0.05094	0.00772	0.00217	0.00716	0.02789	0.00355	0.00786
27	0.00914	0.00736	0.00986	0.00883	0.01086	0.00681	0.05433	0.03198	0.03326	0.02179	0.41659	0.08884	0.25097	0.01303	0.00720	0.00201	0.00365	0.01146	0.00609	0.00595
28	0.01269	0.01088	0.01269	0.00907	0.01451	0.00816	0.00725	0.01541	0.01269	0.01995	0.01088	0.01269	0.00907	0.00453	0.00453	0.00091	0.00453	0.00363	0.00363	0.82229
29	0.01436	0.01382	0.02377	0.19358	0.57685	0.01437	0.03766	0.01814	0.01359	0.01906	0.01140	0.01544	0.00936	0.00559	0.00610	0.00187	0.00754	0.00550	0.00297	0.00904
30	0.00985	0.00684	0.00770	0.00745	0.00790	0.00708	0.00455	0.03950	0.05195	0.01385	0.01930	0.03734	0.02127	0.67641	0.06008	0.00571	0.00635	0.00855	0.00393	0.00440
31	0.01637	0.78856	0.03208	0.01047	0.01571	0.02422	0.01047	0.01833	0.01244	0.01440	0.00851	0.00982	0.00786	0.00524	0.00393	0.00131	0.00655	0.00327	0.00262	0.00786
32	0.02244	0.01673	0.01790	0.01392	0.01867	0.01860	0.01143	0.65470	0.10171	0.03724	0.01575	0.01554	0.01126	0.00745	0.00613	0.00186	0.00654	0.00566	0.00613	0.01034
33	0.02287	0.02917	0.01735	0.01577	0.01892	0.76030	0.01183	0.02444	0.01735	0.01498	0.00946	0.01104	0.00788	0.00631	0.00552	0.00158	0.01104	0.00394	0.00315	0.00710
34	0.02287	0.02917	0.01735	0.01577	0.01892	0.76030	0.01183	0.02444	0.01735	0.01498	0.00946	0.01104	0.00788	0.00631	0.00552	0.00158	0.01104	0.00394	0.00315	0.00710
35	0.00778	0.00590	0.00717	0.00754	0.00877	0.00529	0.00539	0.00958	0.01422	0.01879	0.27174	0.31910	0.26474	0.01588	0.00744	0.00217	0.00320	0.01396	0.00602	0.00529
36	0.00866	0.00626	0.00818	0.00770	0.00914	0.00578	0.00578	0.01155	0.01733	0.02455	0.74346	0.04572	0.05776	0.01251	0.00722	0.00193	0.00289	0.01107	0.00674	0.00578
37	0.00752	0.00535	0.00708	0.00844	0.00878	0.00501	0.00560	0.00854	0.01160	0.01546	0.03312	0.74900	0.03970	0.05213	0.00882	0.00263	0.00365	0.01704	0.00560	0.00492
38	0.00739	0.00621	0.00642	0.00637	0.00837	0.00524	0.00478	0.00909	0.01433	0.01743	0.13802	0.05744	0.66764	0.01517	0.00723	0.00205	0.00308	0.01271	0.00580	0.00524
39	0.01644	0.70800	0.07323	0.01113	0.01649	0.05912	0.01124	0.01869	0.01270	0.01472	0.00870	0.01006	0.00785	0.00532	0.00411	0.00136	0.00691	0.00338	0.00264	0.00789
40	0.01645	0.74350	0.05221	0.01084	0.01612	0.04666	0.01086	0.01855	0.01260	0.01456	0.00861	0.00995	0.00785	0.00529	0.00403	0.00134	0.00676	0.00333	0.00263	0.00787
41	0.02160	0.06351	0.01761	0.01502	0.01826	0.62640	0.01147	0.05962	0.03566	0.01639	0.01046	0.01218	0.00870	0.00854	0.04695	0.00204	0.01074	0.00421	0.00337	0.00728
42	0.82811	0.01184	0.00900	0.00805	0.01184	0.01373	0.00663	0.01799	0.01042	0.02746	0.00852	0.00994	0.00663	0.00568	0.00379	0.00189	0.00474	0.00331	0.00379	0.00663
43	0.01685	0.01445	0.01473	0.01286	0.01654	0.04610	0.01009	0.14585	0.59066	0.02730	0.02261	0.02103	0.01689	0.00807	0.00618	0.00202	0.00541	0.00657	0.00609	0.00970
44	0.01269	0.01088	0.01269	0.00907	0.01451	0.00816	0.00725	0.01541	0.01269	0.01995	0.01088	0.01269	0.00907	0.00453	0.00453	0.00091	0.00453	0.00363	0.00363	0.82229
45	0.00754	0.00544	0.00716	0.00846	0.00896	0.00506	0.00575	0.00872	0.01203	0.01596	0.05260	0.70878	0.07469	0.01877	0.00779	0.00246	0.00357	0.03552	0.00571	0.00502
46	0.82811	0.01184	0.00900	0.00805	0.01184	0.01373	0.00663	0.01799	0.01042	0.02746	0.00852	0.00994	0.00663	0.00568	0.00379	0.00189	0.00474	0.00331	0.00379	0.00663
47	0.01564	0.01403	0.01403	0.01264	0.01608	0.05614	0.00981	0.03208	0.69619	0.02502	0.02407	0.02219	0.01809	0.00820	0.00619	0.00205	0.00518	0.00676	0.00606	0.00955
48	0.01156	0.01088	0.01836	0.77016	0.04216	0.01360	0.01700	0.01564	0.01224	0.01564	0.01088	0.01632	0.00816	0.00612	0.00612	0.00204	0.00816	0.00544	0.00272	0.00680
49	0.00727	0.00620	0.00625	0.00624	0.00829	0.00518	0.00468	0.00886	0.01404	0.01675	0.08014	0.05856	0.72595	0.01542	0.00723	0.00206	0.00309	0.01287	0.00571	0.00518
50	0.01281	0.01206	0.01706	0.01473	0.01509	0.01611	0.02910	0.01427	0.01028	0.03134	0.05357	0.07231	0.01412	0.04707	0.01835	0.00274	0.60241	0.00679	0.00330	0.00650
51	0.00866	0.00626	0.00818	0.00770	0.00914	0.00578	0.00578	0.01155	0.01733	0.02455	0.74346	0.04572	0.05776	0.01251	0.00722	0.00193	0.00289	0.01107	0.00674	0.00578
52	0.01269	0.01088	0.01269	0.00907	0.01451	0.00816	0.00725	0.01541	0.01269	0.01995	0.01088	0.01269	0.00907	0.00453	0.00453	0.00091	0.00453	0.00363	0.00363	0.82229
53	0.00739	0.00616	0.00645	0.00648	0.00839	0.00522	0.00482	0.00904	0.01416	0.01727	0.12753	0.09725	0.63800	0.01541	0.00726	0.00208	0.00310	0.01298	0.00579	0.00522
54	0.01269	0.01088	0.01269	0.00907	0.01451	0.00816	0.00725	0.01541	0.01269	0.01995	0.01088	0.01269	0.00907	0.00453	0.00453	0.00091	0.00453	0.00363	0.00363	0.82229
55	0.01502	0.01390	0.01687	0.01452	0.01656	0.03864	0.03177	0.07852	0.29809	0.02109	0.01619	0.04109	0.01347	0.00947	0.01233	0.00232	0.34112	0.00637	0.00447	0.00818
56	0.00851	0.00667	0.00724	0.00703	0.00897	0.00603	0.00528	0.03065	0.03741	0.01960	0.21186	0.08075	0.47308	0.01403	0.00702	0.00201	0.00321	0.01186	0.05317	0.00562
57	0.00746	0.00533	0.00710	0.00852	0.00888	0.00497	0.00568	0.00852	0.01172	0.01563	0.03374	0.78088	0.04049	0.01918	0.00781	0.00249	0.00355	0.01740	0.00568	0.00497
58	0.01156	0.01088	0.01836	0.77016	0.04216	0.01360	0.01700	0.01564	0.01224	0.01564	0.01088	0.01632	0.00816	0.00612	0.00612	0.00204	0.00816	0.00544	0.00272	0.00680
59	0.01497	0.01286	0.01365	0.01240	0.01576	0.01483	0.00970	0.03157	0.70085	0.02526	0.02528	0.02507	0.01948	0.00872	0.00634	0.00211	0.00488	0.04059	0.00620	0.00949
60	0.00822	0.00713	0.00876	0.00955	0.06752	0.00627	0.02626	0.01012	0.01405	0.01734	0.09196	0.08764	0.57662	0.01446	0.00720	0.00208	0.00371	0.02999	0.00546	0.00565
61	0.00771	0.00550	0.00739	0.00881	0.00927	0.00519	0.00611	0.00895	0.01196	0.01590	0.03360	0.70749	0.03994	0.01894	0.00788	0.00252	0.00377	0.08835	0.00568	0.00504
62	0.01533	0.01446	0.02416	0.07888	0.67080	0.01470	0.01834	0.05271	0.01456	0.02064	0.01163	0.01520	0.00964	0.00558	0.00607	0.00183	0.00730	0.00546	0.00316	0.00956

[dist]
# distance from previous block
# <min> <max>
0	1

[block]
# block no. 2 follows, 37 sequences, length 20
# corresponding to MSA columns:
# 166-185
name=unknown_C
#
# <colnr> <probs for GDERKNQSTAVLIFYWHMCP>
#	G	D	E	R	K	N	Q	S	T	A	V	L	I	F	Y	W	H	M	C	P
0	0.01529	0.01505	0.02396	0.09150	0.65467	0.05446	0.01828	0.01885	0.01399	0.01940	0.01136	0.01502	0.00948	0.00555	0.00604	0.00182	0.00754	0.00537	0.00301	0.00934
1	0.01616	0.01469	0.01561	0.01354	0.01722	0.06808	0.05083	0.06914	0.60500	0.02522	0.02255	0.02120	0.01693	0.00793	0.00623	0.00203	0.00570	0.00665	0.00583	0.00946
2	0.01115	0.01018	0.01559	0.03090	0.01525	0.01179	0.11303	0.01318	0.01175	0.01669	0.07169	0.12018	0.09112	0.09385	0.01417	0.00272	0.27365	0.02644	0.05057	0.00610
3	0.06418	0.01131	0.01394	0.01218	0.05649	0.01108	0.00918	0.14527	0.07176	0.29909	0.16191	0.02335	0.02180	0.00813	0.00612	0.00183	0.00504	0.00670	0.00632	0.06430
4	0.01515	0.01454	0.02485	0.03757	0.74669	0.01454	0.01879	0.01879	0.01394	0.02000	0.01151	0.01515	0.00970	0.00545	0.00606	0.00182	0.00727	0.00545	0.00303	0.00970
5	0.74779	0.01211	0.01056	0.01097	0.08444	0.01381	0.00783	0.01807	0.01077	0.02673	0.00882	0.01046	0.00693	0.00566	0.00401	0.00189	0.00499	0.00353	0.00371	0.00693
6	0.02334	0.01025	0.01341	0.01059	0.01487	0.00921	0.00861	0.02726	0.08829	0.55787	0.10397	0.02337	0.01994	0.00803	0.00619	0.00186	0.00488	0.00664	0.00713	0.05429
7	0.01637	0.78856	0.03208	0.01047	0.01571	0.02422	0.01047	0.01833	0.01244	0.01440	0.00851	0.00982	0.00786	0.00524	0.00393	0.00131	0.00655	0.00327	0.00262	0.00786
8	0.00876	0.00649	0.00950	0.00950	0.01048	0.00747	0.00723	0.01072	0.00974	0.01396	0.01670	0.02575	0.01604	0.12443	0.68311	0.00942	0.01528	0.00681	0.00332	0.00528
9	0.01523	0.01315	0.01384	0.01246	0.01592	0.01523	0.00969	0.03253	0.73563	0.02561	0.02491	0.02284	0.01869	0.00830	0.00623	0.00208	0.00484	0.00692	0.00623	0.00969
10	0.01515	0.01454	0.02485	0.03757	0.74669	0.01454	0.01879	0.01879	0.01394	0.02000	0.01151	0.01515	0.00970	0.00545	0.00606	0.00182	0.00727	0.00545	0.00303	0.00970
11	0.00759	0.00556	0.00713	0.00812	0.00884	0.00510	0.00556	0.00895	0.01274	0.01691	0.13051	0.59352	0.13127	0.01784	0.00766	0.00236	0.00341	0.01601	0.00582	0.00510
12	0.00743	0.00545	0.00698	0.00820	0.00879	0.00500	0.00554	0.00856	0.01203	0.01575	0.03765	0.68095	0.13789	0.01867	0.00773	0.00243	0.00349	0.01678	0.00568	0.00500
13	0.11426	0.01194	0.01448	0.01123	0.01590	0.01155	0.00928	0.17043	0.01904	0.52660	0.02051	0.01839	0.01325	0.00732	0.00589	0.00188	0.00547	0.00571	0.00687	0.01000
14	0.00727	0.00605	0.00636	0.00660	0.00837	0.00513	0.00483	0.00874	0.01357	0.01638	0.05712	0.18383	0.62244	0.01614	0.00733	0.00214	0.00318	0.01369	0.00568	0.00513
15	0.02723	0.01079	0.01443	0.01107	0.01581	0.00954	0.00914	0.06797	0.01814	0.71192	0.02363	0.02050	0.01489	0.00756	0.00615	0.00189	0.00529	0.00612	0.00750	0.01042
16	0.04400	0.01443	0.01654	0.01341	0.01771	0.01579	0.05102	0.27592	0.34147	0.07889	0.01941	0.01862	0.01419	0.00749	0.00609	0.00192	0.00583	0.00613	0.00591	0.04522
17	0.01255	0.01142	0.01831	0.60255	0.10755	0.01371	0.01614	0.04347	0.05259	0.01772	0.01216	0.01672	0.00923	0.00626	0.00606	0.00199	0.00766	0.00553	0.03103	0.00734
18	0.00887	0.00605	0.00725	0.00725	0.00745	0.00625	0.00443	0.00927	0.00907	0.01229	0.01876	0.03715	0.02099	0.65058	0.16372	0.00664	0.00784	0.00848	0.00363	0.00403
19	0.00848	0.00622	0.00795	0.00758	0.00905	0.00569	0.00566	0.01117	0.01679	0.02343	0.65036	0.07311	0.12557	0.01305	0.00724	0.00196	0.00293	0.01148	0.00660	0.00569

[dist]
# distance from previous block
# <min> <max>
0	0

# created by:
# /home/cegg/simao/soft/augustus-3.2.1/scripts/msa2prfl.pl ./align_prep/EOG090W0JMX.fa
