[name]
unknown

[dist]
# distance from previous block
# <min> <max>
0	67

[block]
# block no. 0 follows, 34 sequences, length 12
# corresponding to MSA columns:
# 109-120
name=unknown_A
#
# <colnr> <probs for GDERKNQSTAVLIFYWHMCP>
#	G	D	E	R	K	N	Q	S	T	A	V	L	I	F	Y	W	H	M	C	P
0	0.06935	0.13251	0.10021	0.06447	0.03469	0.05125	0.03102	0.19861	0.05129	0.02514	0.04257	0.05462	0.01596	0.00878	0.00657	0.00205	0.02146	0.07619	0.00467	0.00860
1	0.08921	0.09806	0.07352	0.01408	0.01852	0.08402	0.06647	0.14915	0.15978	0.03963	0.07460	0.03723	0.01657	0.00800	0.00651	0.00198	0.02654	0.00637	0.02093	0.00884
2	0.01886	0.18634	0.07985	0.04114	0.01987	0.16334	0.01302	0.15699	0.09438	0.02235	0.01268	0.01422	0.01015	0.00731	0.00757	0.00188	0.10088	0.00495	0.00407	0.04018
3	0.12712	0.09900	0.14328	0.01964	0.17703	0.01685	0.03482	0.17547	0.05100	0.05096	0.01395	0.03843	0.01107	0.00695	0.00591	0.00194	0.00719	0.00560	0.00433	0.00947
4	0.06390	0.01154	0.08824	0.01013	0.01394	0.00895	0.00893	0.01895	0.05136	0.17392	0.22753	0.05750	0.08164	0.00992	0.00647	0.00192	0.00470	0.00832	0.06028	0.09186
5	0.01008	0.00827	0.01134	0.01067	0.03844	0.00784	0.05417	0.01431	0.07700	0.02366	0.45232	0.04591	0.19543	0.01271	0.00749	0.00208	0.00397	0.01124	0.00642	0.00664
6	0.00897	0.00834	0.05803	0.00855	0.01068	0.00649	0.00704	0.01185	0.01670	0.02290	0.47656	0.10811	0.20369	0.01400	0.00757	0.00211	0.00360	0.01219	0.00648	0.00612
7	0.01090	0.00699	0.00886	0.00826	0.01020	0.00629	0.00624	0.01351	0.01727	0.09945	0.48818	0.09720	0.17460	0.01370	0.00755	0.00210	0.00340	0.01194	0.00693	0.00645
8	0.01412	0.01349	0.02331	0.27457	0.39758	0.01433	0.06462	0.01816	0.01445	0.01995	0.07085	0.01915	0.01383	0.00658	0.00660	0.00202	0.00782	0.00636	0.00342	0.00878
9	0.02733	0.01105	0.01482	0.01129	0.01637	0.00940	0.00930	0.02987	0.01795	0.66088	0.02400	0.02108	0.01531	0.00766	0.00632	0.00189	0.00542	0.00621	0.00755	0.09630
10	0.01700	0.01771	0.02384	0.13076	0.50866	0.15126	0.01821	0.02050	0.01514	0.01951	0.01166	0.01535	0.00966	0.00602	0.00630	0.00190	0.00854	0.00546	0.00318	0.00932
11	0.01454	0.01413	0.09176	0.01179	0.01742	0.01060	0.03539	0.04369	0.07223	0.05771	0.01402	0.01578	0.01109	0.00853	0.05607	0.00195	0.00652	0.00477	0.00419	0.50781

[dist]
# distance from previous block
# <min> <max>
8	13

[block]
# block no. 1 follows, 34 sequences, length 69
# corresponding to MSA columns:
# 134-202
name=unknown_B
#
# <colnr> <probs for GDERKNQSTAVLIFYWHMCP>
#	G	D	E	R	K	N	Q	S	T	A	V	L	I	F	Y	W	H	M	C	P
0	0.01061	0.00716	0.00857	0.00829	0.01028	0.00644	0.00625	0.03180	0.01615	0.08545	0.24939	0.17502	0.30778	0.01516	0.00764	0.00222	0.00368	0.03530	0.00652	0.00628
1	0.02369	0.02813	0.01822	0.01620	0.01978	0.60915	0.01232	0.11310	0.06386	0.01967	0.01171	0.01292	0.00937	0.00693	0.00595	0.00173	0.01067	0.00457	0.00393	0.00810
2	0.01528	0.01475	0.02552	0.16782	0.57873	0.01522	0.04957	0.01927	0.01441	0.02027	0.01207	0.01628	0.00993	0.00587	0.00646	0.00197	0.00798	0.00584	0.00314	0.00962
3	0.00789	0.00658	0.00689	0.00688	0.00896	0.00558	0.00520	0.00972	0.01513	0.01846	0.13972	0.06091	0.63482	0.01605	0.00767	0.00219	0.00332	0.03237	0.00612	0.00554
4	0.01340	0.01148	0.01340	0.00957	0.01531	0.00861	0.00766	0.01627	0.01340	0.02105	0.01148	0.01340	0.00957	0.00479	0.00479	0.00096	0.00479	0.00383	0.00383	0.81242
5	0.01582	0.30105	0.17613	0.01824	0.02461	0.06299	0.24782	0.02007	0.01423	0.01819	0.01184	0.03886	0.00993	0.00618	0.00595	0.00184	0.00896	0.00566	0.00307	0.00854
6	0.01769	0.21015	0.32731	0.01582	0.02298	0.01854	0.04869	0.18250	0.01777	0.06190	0.01268	0.01389	0.00936	0.00643	0.00581	0.00186	0.00818	0.00492	0.00392	0.00962
7	0.00792	0.00637	0.00771	0.00814	0.00960	0.00561	0.02159	0.00941	0.01366	0.01709	0.05062	0.38390	0.39951	0.01789	0.00792	0.00238	0.00367	0.01566	0.00594	0.00544
8	0.00812	0.00602	0.00801	0.04151	0.01097	0.00573	0.00655	0.00948	0.01269	0.01667	0.03734	0.64784	0.10608	0.01920	0.00813	0.00257	0.00398	0.03785	0.00586	0.00537
9	0.02171	0.18498	0.02273	0.01676	0.05231	0.45935	0.03555	0.07326	0.01753	0.01788	0.01032	0.01214	0.00865	0.00658	0.00615	0.00169	0.03656	0.00437	0.00341	0.00806
10	0.01961	0.52284	0.02857	0.01296	0.01774	0.27116	0.01154	0.02154	0.01489	0.01541	0.00932	0.01080	0.00830	0.00591	0.00472	0.00148	0.00852	0.00370	0.00296	0.00802
11	0.01343	0.03742	0.10033	0.01222	0.03697	0.01075	0.03542	0.03502	0.05866	0.02173	0.05929	0.01948	0.05895	0.00659	0.00558	0.00141	0.00559	0.00549	0.00420	0.47146
12	0.01214	0.04152	0.10773	0.01863	0.15995	0.03741	0.07023	0.01511	0.01355	0.01841	0.04098	0.30306	0.05466	0.01234	0.00822	0.00228	0.06107	0.01091	0.00439	0.00743
13	0.00790	0.00568	0.00750	0.00889	0.00936	0.00528	0.00597	0.00909	0.01261	0.01678	0.05517	0.72636	0.06564	0.01993	0.00821	0.00259	0.00371	0.01804	0.00603	0.00528
14	0.01998	0.02422	0.02417	0.04730	0.08028	0.43083	0.20945	0.02296	0.01676	0.01766	0.01201	0.04123	0.01015	0.00673	0.00649	0.00188	0.01073	0.00583	0.00338	0.00796
15	0.01973	0.01691	0.14897	0.14492	0.12433	0.03886	0.04946	0.05560	0.01634	0.27000	0.01742	0.04075	0.01253	0.00728	0.00650	0.00204	0.00757	0.00626	0.00497	0.00957
16	0.02763	0.01099	0.01547	0.01193	0.01678	0.00955	0.03321	0.03017	0.01812	0.68214	0.02550	0.05347	0.01692	0.00843	0.00661	0.00203	0.00561	0.00704	0.00775	0.01067
17	0.00918	0.00699	0.00726	0.00709	0.00924	0.00626	0.00541	0.04016	0.01543	0.01998	0.09519	0.05412	0.53210	0.01456	0.00717	0.00209	0.00347	0.03410	0.12436	0.00583
18	0.02065	0.07228	0.16193	0.01914	0.13215	0.06037	0.05900	0.14089	0.04317	0.20272	0.01615	0.01667	0.01146	0.00686	0.00628	0.00194	0.00771	0.00568	0.00496	0.01002
19	0.04577	0.01120	0.01552	0.12280	0.09796	0.01115	0.01122	0.08614	0.01772	0.30023	0.13333	0.05668	0.04383	0.00904	0.00668	0.00204	0.00580	0.00769	0.00616	0.00904
20	0.00787	0.00562	0.00750	0.00900	0.00937	0.00525	0.00600	0.00900	0.01237	0.01649	0.03561	0.76871	0.04274	0.02024	0.00825	0.00262	0.00375	0.01837	0.00600	0.00525
21	0.01340	0.01148	0.01340	0.00957	0.01531	0.00861	0.00766	0.01627	0.01340	0.02105	0.01148	0.01340	0.00957	0.00479	0.00479	0.00096	0.00479	0.00383	0.00383	0.81242
22	0.01892	0.01798	0.07724	0.02363	0.24632	0.05261	0.08039	0.23657	0.07072	0.04541	0.01470	0.01644	0.01115	0.00671	0.00640	0.00193	0.00770	0.00588	0.02482	0.03450
23	0.02414	0.03079	0.01831	0.01665	0.01998	0.74698	0.01248	0.02580	0.01831	0.01581	0.00999	0.01165	0.00832	0.00666	0.00583	0.00166	0.01165	0.00416	0.00333	0.00749
24	0.00923	0.00692	0.01038	0.01038	0.01154	0.00808	0.00808	0.01154	0.01038	0.01500	0.01731	0.02538	0.01615	0.04846	0.74732	0.01038	0.01731	0.00692	0.00346	0.00577
25	0.02315	0.08493	0.05090	0.01632	0.02008	0.66281	0.01288	0.02510	0.01773	0.01597	0.00998	0.01165	0.00831	0.00655	0.00572	0.00166	0.01122	0.00414	0.00326	0.00764
26	0.00940	0.00626	0.00705	0.00705	0.00705	0.00626	0.00392	0.00940	0.00940	0.01253	0.02036	0.04228	0.02349	0.77292	0.03289	0.00626	0.00626	0.00940	0.00392	0.00392
27	0.01296	0.03342	0.73944	0.01842	0.02797	0.01501	0.02387	0.02046	0.01364	0.02046	0.01160	0.01364	0.00818	0.00614	0.00614	0.00205	0.00955	0.00477	0.00273	0.00955
28	0.00796	0.00651	0.00706	0.00724	0.00914	0.00560	0.00543	0.00975	0.01485	0.01829	0.12556	0.13246	0.55787	0.01653	0.00777	0.00225	0.00344	0.05066	0.00611	0.00552
29	0.01453	0.01321	0.01793	0.01502	0.01648	0.01659	0.01247	0.01635	0.01118	0.04991	0.01081	0.01647	0.01009	0.01006	0.01674	0.00241	0.54479	0.03006	0.00338	0.17153
30	0.01599	0.01535	0.02623	0.03966	0.73262	0.01535	0.01983	0.01983	0.01471	0.02111	0.01215	0.01599	0.01023	0.00576	0.00640	0.00192	0.00768	0.00576	0.00320	0.01023
31	0.01686	0.01427	0.01505	0.01331	0.01710	0.01644	0.01042	0.09706	0.65694	0.02830	0.02530	0.02331	0.01891	0.00867	0.00656	0.00217	0.00530	0.00717	0.00656	0.01030
32	0.00788	0.00656	0.00688	0.00680	0.00888	0.00556	0.00510	0.00974	0.01530	0.01881	0.17165	0.05996	0.62296	0.01586	0.00763	0.00216	0.00324	0.01332	0.00618	0.00556
33	0.01132	0.00615	0.00904	0.00887	0.00887	0.00649	0.00605	0.00889	0.00855	0.01154	0.01146	0.02030	0.01159	0.05452	0.02534	0.72824	0.05103	0.00578	0.00286	0.00311
34	0.01243	0.01172	0.01979	0.71428	0.08584	0.01442	0.01806	0.01671	0.01303	0.01679	0.01152	0.01715	0.00871	0.00642	0.00646	0.00214	0.00856	0.00574	0.00289	0.00736
35	0.00779	0.00655	0.00676	0.00671	0.00882	0.00552	0.00503	0.00958	0.01510	0.01833	0.13434	0.06074	0.66057	0.01604	0.00763	0.00217	0.00325	0.01343	0.00612	0.00552
36	0.01327	0.01289	0.02291	0.46851	0.19409	0.01446	0.11071	0.01749	0.01361	0.01809	0.01287	0.04881	0.01058	0.00675	0.00668	0.00212	0.00851	0.00653	0.00313	0.00798
37	0.01578	0.12132	0.39631	0.01739	0.02470	0.01726	0.09445	0.14513	0.01653	0.02309	0.01233	0.01495	0.00940	0.03192	0.00746	0.00212	0.03176	0.00529	0.00351	0.00930
38	0.01339	0.00981	0.01152	0.01119	0.01354	0.01040	0.00862	0.04609	0.27227	0.07277	0.08458	0.24740	0.04745	0.01379	0.00749	0.00239	0.00474	0.10827	0.00644	0.00784
39	0.16988	0.01717	0.04596	0.02930	0.44993	0.10007	0.03918	0.02068	0.01449	0.03831	0.01162	0.01455	0.00945	0.00596	0.00591	0.00192	0.00775	0.00519	0.00346	0.00924
40	0.02811	0.01241	0.01587	0.01217	0.01720	0.01159	0.01005	0.16662	0.02086	0.59863	0.02351	0.02070	0.01500	0.00795	0.00649	0.00199	0.00582	0.00636	0.00769	0.01099
41	0.01572	0.01517	0.02597	0.08171	0.61701	0.01538	0.05931	0.02034	0.04703	0.02107	0.01281	0.01652	0.01055	0.00592	0.00648	0.00196	0.00780	0.00594	0.00334	0.00996
42	0.01257	0.01154	0.01815	0.58021	0.06133	0.01399	0.01612	0.01856	0.10810	0.01831	0.03276	0.05337	0.01305	0.00755	0.00658	0.00217	0.00775	0.00668	0.00363	0.00757
43	0.00914	0.00660	0.00864	0.00813	0.00965	0.00610	0.00610	0.01219	0.01829	0.02591	0.72921	0.04827	0.06097	0.01321	0.00762	0.00203	0.00305	0.01169	0.00711	0.00610
44	0.13687	0.01141	0.01437	0.01119	0.01605	0.01050	0.00924	0.05021	0.01783	0.61929	0.02293	0.02022	0.01461	0.00772	0.00615	0.00200	0.00548	0.00607	0.00740	0.01045
45	0.00787	0.00562	0.00750	0.00900	0.00937	0.00525	0.00600	0.00900	0.01237	0.01649	0.03561	0.76871	0.04274	0.02024	0.00825	0.00262	0.00375	0.01837	0.00600	0.00525
46	0.01525	0.01743	0.03813	0.02723	0.03377	0.01634	0.70915	0.02070	0.01525	0.02070	0.01307	0.01743	0.00980	0.00545	0.00763	0.00218	0.01089	0.00763	0.00327	0.00871
47	0.00997	0.00712	0.00990	0.01139	0.01268	0.00705	0.00964	0.01262	0.01444	0.01884	0.03446	0.19453	0.03816	0.01827	0.00881	0.00291	0.00556	0.57186	0.00596	0.00583
48	0.01340	0.01148	0.01340	0.00957	0.01531	0.00861	0.00766	0.01627	0.01340	0.02105	0.01148	0.01340	0.00957	0.00479	0.00479	0.00096	0.00479	0.00383	0.00383	0.81242
49	0.01296	0.03342	0.73944	0.01842	0.02797	0.01501	0.02387	0.02046	0.01364	0.02046	0.01160	0.01364	0.00818	0.00614	0.00614	0.00205	0.00955	0.00477	0.00273	0.00955
50	0.81856	0.01250	0.00950	0.00850	0.01250	0.01449	0.00700	0.01899	0.01100	0.02899	0.00900	0.01050	0.00700	0.00600	0.00400	0.00200	0.00500	0.00350	0.00400	0.00700
51	0.00787	0.00562	0.00750	0.00900	0.00937	0.00525	0.00600	0.00900	0.01237	0.01649	0.03561	0.76871	0.04274	0.02024	0.00825	0.00262	0.00375	0.01837	0.00600	0.00525
52	0.00853	0.00628	0.00807	0.00928	0.00994	0.00609	0.00632	0.01101	0.06567	0.01762	0.05939	0.68750	0.04165	0.01913	0.00810	0.00257	0.00383	0.01730	0.00608	0.00565
53	0.01035	0.00712	0.00980	0.01109	0.01247	0.00696	0.00926	0.01287	0.01444	0.04085	0.03519	0.22263	0.05857	0.01802	0.00866	0.00284	0.00538	0.50153	0.00603	0.00594
54	0.00932	0.00655	0.00848	0.00848	0.00898	0.00704	0.00571	0.01032	0.00982	0.01359	0.01905	0.03501	0.02033	0.46127	0.34022	0.00804	0.01101	0.00833	0.00372	0.00471
55	0.05250	0.01248	0.01571	0.01209	0.01709	0.01179	0.00998	0.16869	0.02067	0.57421	0.02296	0.02033	0.01470	0.00789	0.00641	0.00199	0.00581	0.00627	0.00756	0.01087
56	0.01418	0.01167	0.01277	0.01186	0.01492	0.01298	0.00932	0.02731	0.48730	0.02515	0.07494	0.05093	0.04104	0.01044	0.00682	0.00221	0.00486	0.09159	0.05461	0.03510
57	0.01512	0.01230	0.01363	0.03680	0.01639	0.01367	0.00969	0.04912	0.48816	0.05027	0.11255	0.02964	0.05941	0.00973	0.00677	0.00215	0.00498	0.03016	0.00643	0.03304
58	0.00769	0.00634	0.00675	0.00708	0.00887	0.00541	0.00515	0.00921	0.01421	0.01725	0.05895	0.21624	0.58014	0.01721	0.00777	0.00228	0.00338	0.01467	0.00600	0.00541
59	0.02212	0.01155	0.01353	0.01083	0.01476	0.01154	0.00879	0.22986	0.02064	0.29959	0.04673	0.02160	0.01628	0.00798	0.00596	0.00184	0.00518	0.00635	0.23546	0.00940
60	0.01727	0.77681	0.03386	0.01106	0.01658	0.02557	0.01106	0.01935	0.01313	0.01520	0.00898	0.01036	0.00829	0.00553	0.00415	0.00138	0.00691	0.00345	0.00276	0.00829
61	0.00764	0.00655	0.00655	0.00655	0.00873	0.00545	0.00491	0.00927	0.01473	0.01745	0.06546	0.06218	0.73000	0.01636	0.00764	0.00218	0.00327	0.01364	0.00600	0.00545
62	0.00778	0.00655	0.00674	0.00669	0.00881	0.00551	0.00502	0.00954	0.01506	0.01824	0.12686	0.06090	0.66810	0.01607	0.00764	0.00217	0.00325	0.01346	0.00610	0.00551
63	0.01475	0.02738	0.47109	0.05260	0.07232	0.03991	0.10852	0.07191	0.04087	0.02194	0.01258	0.01488	0.00917	0.00627	0.00639	0.00204	0.00929	0.00539	0.00327	0.00945
64	0.01513	0.07430	0.23074	0.14691	0.16858	0.03759	0.01741	0.02134	0.09411	0.05958	0.01610	0.01815	0.04101	0.00704	0.00657	0.00202	0.02484	0.00580	0.00374	0.00906
65	0.00932	0.00628	0.00703	0.00703	0.00712	0.00623	0.00396	0.00939	0.00962	0.01274	0.02227	0.04313	0.05342	0.74087	0.03182	0.00609	0.00614	0.00958	0.00400	0.00398
66	0.01679	0.01390	0.01477	0.01314	0.01689	0.01595	0.01026	0.05430	0.67502	0.05315	0.02595	0.02378	0.01933	0.00871	0.00657	0.00218	0.00519	0.00723	0.00662	0.01028
67	0.11934	0.26317	0.27515	0.01480	0.02138	0.07950	0.04726	0.07428	0.01491	0.02110	0.01068	0.01236	0.00837	0.00607	0.00530	0.00180	0.00818	0.00436	0.00327	0.00873
68	0.02813	0.01089	0.01469	0.01135	0.01620	0.00953	0.00935	0.03100	0.03419	0.69719	0.02536	0.02211	0.01610	0.00800	0.00643	0.00199	0.00541	0.00650	0.03478	0.01081

[dist]
# distance from previous block
# <min> <max>
0	1

[block]
# block no. 2 follows, 34 sequences, length 42
# corresponding to MSA columns:
# 204-245
name=unknown_C
#
# <colnr> <probs for GDERKNQSTAVLIFYWHMCP>
#	G	D	E	R	K	N	Q	S	T	A	V	L	I	F	Y	W	H	M	C	P
0	0.01555	0.48011	0.31547	0.01399	0.02113	0.02135	0.01617	0.01979	0.01333	0.01730	0.01003	0.01167	0.00825	0.00577	0.00494	0.00165	0.00796	0.00398	0.00275	0.00879
1	0.01636	0.01314	0.01421	0.01258	0.01613	0.01482	0.00983	0.07562	0.55922	0.05933	0.11110	0.02639	0.02401	0.00921	0.00669	0.00215	0.00501	0.00771	0.00670	0.00981
2	0.00865	0.00655	0.00798	0.00770	0.00937	0.00587	0.00575	0.01121	0.01701	0.02306	0.50730	0.08149	0.25559	0.01442	0.00765	0.00210	0.00314	0.01253	0.00674	0.00587
3	0.00769	0.00655	0.00662	0.00660	0.00876	0.00548	0.00495	0.00937	0.01485	0.01774	0.08780	0.06171	0.70747	0.01626	0.00764	0.00218	0.00327	0.01357	0.00604	0.00548
4	0.01041	0.00744	0.01041	0.01190	0.01339	0.00744	0.01041	0.01339	0.01487	0.01934	0.03421	0.07288	0.03719	0.01785	0.00892	0.00297	0.00595	0.68913	0.00595	0.00595
5	0.75997	0.01238	0.00990	0.00872	0.01279	0.01412	0.00718	0.01992	0.01155	0.08154	0.01022	0.01135	0.00767	0.00615	0.00418	0.00200	0.00504	0.00372	0.00430	0.00729
6	0.01727	0.77681	0.03386	0.01106	0.01658	0.02557	0.01106	0.01935	0.01313	0.01520	0.00898	0.01036	0.00829	0.00553	0.00415	0.00138	0.00691	0.00345	0.00276	0.00829
7	0.00914	0.00660	0.00864	0.00813	0.00965	0.00610	0.00610	0.01219	0.01829	0.02591	0.72921	0.04827	0.06097	0.01321	0.00762	0.00203	0.00305	0.01169	0.00711	0.00610
8	0.01607	0.01388	0.01461	0.01315	0.01680	0.01607	0.01023	0.03433	0.72094	0.02703	0.02630	0.02411	0.01972	0.00877	0.00657	0.00219	0.00511	0.00731	0.00657	0.01023
9	0.00923	0.00692	0.01038	0.01038	0.01154	0.00808	0.00808	0.01154	0.01038	0.01500	0.01731	0.02538	0.01615	0.04846	0.74732	0.01038	0.01731	0.00692	0.00346	0.00577
10	0.81856	0.01250	0.00950	0.00850	0.01250	0.01449	0.00700	0.01899	0.01100	0.02899	0.00900	0.01050	0.00700	0.00600	0.00400	0.00200	0.00500	0.00350	0.00400	0.00700
11	0.02899	0.01100	0.01499	0.01150	0.01649	0.00950	0.00950	0.03149	0.01849	0.73709	0.02549	0.02199	0.01599	0.00800	0.00650	0.00200	0.00550	0.00650	0.00800	0.01100
12	0.01204	0.00602	0.00602	0.00602	0.00753	0.00602	0.00452	0.01506	0.01355	0.02409	0.02108	0.02409	0.01656	0.00753	0.00452	0.00151	0.00301	0.00602	0.80879	0.00602
13	0.01204	0.00602	0.00602	0.00602	0.00753	0.00602	0.00452	0.01506	0.01355	0.02409	0.02108	0.02409	0.01656	0.00753	0.00452	0.00151	0.00301	0.00602	0.80879	0.00602
14	0.00847	0.00658	0.00770	0.00742	0.00924	0.00581	0.00557	0.01089	0.01670	0.02213	0.43222	0.05449	0.36032	0.01462	0.00763	0.00210	0.00315	0.01256	0.00661	0.00581
15	0.01727	0.77681	0.03386	0.01106	0.01658	0.02557	0.01106	0.01935	0.01313	0.01520	0.00898	0.01036	0.00829	0.00553	0.00415	0.00138	0.00691	0.00345	0.00276	0.00829
16	0.01727	0.77681	0.03386	0.01106	0.01658	0.02557	0.01106	0.01935	0.01313	0.01520	0.00898	0.01036	0.00829	0.00553	0.00415	0.00138	0.00691	0.00345	0.00276	0.00829
17	0.00934	0.00696	0.00938	0.00940	0.01007	0.00774	0.00674	0.01071	0.01044	0.01451	0.02169	0.11624	0.04824	0.27108	0.36798	0.00746	0.05369	0.00919	0.00395	0.00518
18	0.01702	0.01435	0.01515	0.01334	0.01716	0.01652	0.01046	0.11009	0.64364	0.02856	0.02509	0.02314	0.01875	0.00865	0.00656	0.00216	0.00534	0.00714	0.00656	0.01031
19	0.02844	0.01112	0.01498	0.01157	0.01651	0.00978	0.00953	0.03161	0.04855	0.70671	0.02553	0.02208	0.01615	0.00803	0.00650	0.00201	0.00548	0.00653	0.00794	0.01096
20	0.01388	0.01376	0.04058	0.20674	0.41809	0.01382	0.05006	0.01772	0.01431	0.01966	0.03521	0.03984	0.07352	0.00738	0.00665	0.00203	0.00751	0.00696	0.00352	0.00877
21	0.02762	0.01132	0.01492	0.01151	0.01639	0.01010	0.00949	0.08185	0.01921	0.64969	0.02666	0.02344	0.05005	0.00838	0.00655	0.00200	0.00551	0.00679	0.00778	0.01073
22	0.00793	0.00567	0.00755	0.00895	0.00939	0.00529	0.00600	0.00915	0.01266	0.01695	0.06906	0.73396	0.04361	0.01990	0.00822	0.00260	0.00371	0.01805	0.00605	0.00529
23	0.55171	0.08367	0.04587	0.03098	0.01572	0.14346	0.00936	0.02021	0.01263	0.02476	0.00935	0.01101	0.00744	0.00609	0.00449	0.00189	0.00663	0.00373	0.00369	0.00732
24	0.01763	0.00850	0.01127	0.00949	0.01256	0.00753	0.00750	0.02036	0.01818	0.33248	0.38859	0.03769	0.07865	0.01113	0.00714	0.00203	0.00412	0.00955	0.00743	0.00818
25	0.01630	0.60849	0.19362	0.01272	0.01916	0.02318	0.01396	0.01960	0.01324	0.01639	0.00957	0.01111	0.00827	0.00567	0.00460	0.00153	0.00751	0.00375	0.00276	0.00858
26	0.00806	0.00570	0.00744	0.00875	0.00908	0.00538	0.00574	0.00905	0.01200	0.01600	0.03370	0.67760	0.04032	0.11464	0.01134	0.00308	0.00406	0.01724	0.00574	0.00508
27	0.00787	0.00562	0.00750	0.00900	0.00937	0.00525	0.00600	0.00900	0.01237	0.01649	0.03561	0.76871	0.04274	0.02024	0.00825	0.00262	0.00375	0.01837	0.00600	0.00525
28	0.00858	0.00655	0.00787	0.00760	0.00932	0.00585	0.00568	0.01107	0.01686	0.02266	0.47543	0.07512	0.29489	0.01453	0.00765	0.00210	0.00315	0.01257	0.00669	0.00585
29	0.01414	0.01414	0.01979	0.01696	0.01696	0.01979	0.01414	0.01555	0.00990	0.01555	0.00848	0.01414	0.00848	0.01131	0.02120	0.00283	0.76110	0.00565	0.00283	0.00707
30	0.00923	0.00692	0.01038	0.01038	0.01154	0.00808	0.00808	0.01154	0.01038	0.01500	0.01731	0.02538	0.01615	0.04846	0.74732	0.01038	0.01731	0.00692	0.00346	0.00577
31	0.81856	0.01250	0.00950	0.00850	0.01250	0.01449	0.00700	0.01899	0.01100	0.02899	0.00900	0.01050	0.00700	0.00600	0.00400	0.00200	0.00500	0.00350	0.00400	0.00700
32	0.01414	0.01414	0.01979	0.01696	0.01696	0.01979	0.01414	0.01555	0.00990	0.01555	0.00848	0.01414	0.00848	0.01131	0.02120	0.00283	0.76110	0.00565	0.00283	0.00707
33	0.02456	0.01810	0.01939	0.01487	0.02004	0.02004	0.01228	0.71107	0.03038	0.04072	0.01551	0.01551	0.01099	0.00776	0.00646	0.00194	0.00711	0.00582	0.00646	0.01099
34	0.01204	0.00602	0.00602	0.00602	0.00753	0.00602	0.00452	0.01506	0.01355	0.02409	0.02108	0.02409	0.01656	0.00753	0.00452	0.00151	0.00301	0.00602	0.80879	0.00602
35	0.00787	0.00562	0.00750	0.00900	0.00937	0.00525	0.00600	0.00900	0.01237	0.01649	0.03561	0.76871	0.04274	0.02024	0.00825	0.00262	0.00375	0.01837	0.00600	0.00525
36	0.00782	0.00655	0.00680	0.00674	0.00884	0.00553	0.00506	0.00963	0.01517	0.01849	0.14707	0.06047	0.64773	0.01598	0.00763	0.00216	0.00325	0.01340	0.00614	0.00553
37	0.01340	0.01148	0.01340	0.00957	0.01531	0.00861	0.00766	0.01627	0.01340	0.02105	0.01148	0.01340	0.00957	0.00479	0.00479	0.00096	0.00479	0.00383	0.00383	0.81242
38	0.00988	0.00783	0.00836	0.00799	0.00997	0.04029	0.00599	0.01214	0.01649	0.04839	0.34775	0.08088	0.35162	0.01439	0.00753	0.00210	0.00367	0.01227	0.00643	0.00603
39	0.01741	0.68029	0.03158	0.01138	0.01672	0.02450	0.01102	0.04429	0.07930	0.01717	0.01081	0.01181	0.00944	0.00590	0.00445	0.00148	0.00675	0.00389	0.00324	0.00856
40	0.01439	0.01583	0.03312	0.08225	0.03183	0.01500	0.56706	0.01940	0.01510	0.02051	0.04647	0.02012	0.03650	0.00621	0.00740	0.00211	0.00982	0.00769	0.00353	0.04566
41	0.01626	0.01386	0.01465	0.01308	0.01674	0.01595	0.01020	0.06507	0.66767	0.02763	0.04703	0.02444	0.02056	0.00885	0.00660	0.00218	0.00514	0.00737	0.00659	0.01014

[dist]
# distance from previous block
# <min> <max>
0	1

[block]
# block no. 3 follows, 34 sequences, length 28
# corresponding to MSA columns:
# 247-274
name=unknown_D
#
# <colnr> <probs for GDERKNQSTAVLIFYWHMCP>
#	G	D	E	R	K	N	Q	S	T	A	V	L	I	F	Y	W	H	M	C	P
0	0.48354	0.10277	0.04992	0.05460	0.01708	0.07477	0.00998	0.10161	0.01436	0.02662	0.01012	0.01171	0.00788	0.00624	0.00470	0.00191	0.00643	0.00401	0.00397	0.00779
1	0.00787	0.00654	0.00680	0.00674	0.00878	0.00556	0.00501	0.00961	0.01496	0.01827	0.14035	0.05993	0.62977	0.04089	0.00847	0.00230	0.00335	0.01327	0.00606	0.00548
2	0.01573	0.01496	0.02493	0.03662	0.66019	0.01467	0.01860	0.01947	0.01458	0.02110	0.01209	0.01573	0.01017	0.00566	0.00623	0.00182	0.00738	0.00556	0.00326	0.09124
3	0.00971	0.00699	0.00906	0.00873	0.01027	0.00664	0.00667	0.03289	0.01779	0.02489	0.58715	0.07205	0.05507	0.03966	0.00861	0.00229	0.00361	0.08498	0.00682	0.00613
4	0.00802	0.00573	0.00767	0.00917	0.00961	0.00538	0.00626	0.00925	0.01252	0.01666	0.03553	0.72789	0.04241	0.02010	0.00829	0.00264	0.00388	0.05771	0.00600	0.00529
5	0.00923	0.00692	0.01038	0.01038	0.01154	0.00808	0.00808	0.01154	0.01038	0.01500	0.01731	0.02538	0.01615	0.04846	0.74732	0.01038	0.01731	0.00692	0.00346	0.00577
6	0.00832	0.00657	0.00749	0.00726	0.00915	0.00575	0.00545	0.01060	0.01634	0.02129	0.36612	0.05588	0.42694	0.01493	0.00763	0.00211	0.00317	0.01275	0.00650	0.00575
7	0.00940	0.00626	0.00705	0.00705	0.00705	0.00626	0.00392	0.00940	0.00940	0.01253	0.02036	0.04228	0.02349	0.77292	0.03289	0.00626	0.00626	0.00940	0.00392	0.00392
8	0.00914	0.00660	0.00864	0.00813	0.00965	0.00610	0.00610	0.01219	0.01829	0.02591	0.72921	0.04827	0.06097	0.01321	0.00762	0.00203	0.00305	0.01169	0.00711	0.00610
9	0.01825	0.67028	0.03164	0.01185	0.01707	0.12859	0.01126	0.02027	0.01387	0.01529	0.00913	0.01055	0.00830	0.00569	0.00439	0.00142	0.00759	0.00356	0.00284	0.00818
10	0.00764	0.00655	0.00655	0.00655	0.00873	0.00545	0.00491	0.00927	0.01473	0.01745	0.06546	0.06218	0.73000	0.01636	0.00764	0.00218	0.00327	0.01364	0.00600	0.00545
11	0.01565	0.01602	0.05164	0.06843	0.60835	0.01540	0.08949	0.01980	0.01465	0.02085	0.01220	0.01611	0.01005	0.00577	0.00651	0.00196	0.00811	0.00591	0.00318	0.00993
12	0.00775	0.00658	0.00671	0.00677	0.00892	0.00554	0.00514	0.00945	0.01473	0.01753	0.06415	0.06263	0.70097	0.01643	0.00769	0.00222	0.00338	0.04194	0.00600	0.00548
13	0.01748	0.71015	0.05894	0.01162	0.01718	0.06325	0.01160	0.01973	0.01342	0.01543	0.00913	0.01055	0.00829	0.00561	0.00431	0.00142	0.00726	0.00354	0.00279	0.00830
14	0.01648	0.01053	0.01259	0.01023	0.01443	0.00927	0.00804	0.03627	0.10559	0.19674	0.02565	0.12410	0.09010	0.00942	0.00623	0.00174	0.00476	0.00794	0.00577	0.30414
15	0.03149	0.08876	0.03982	0.01168	0.01490	0.01248	0.03313	0.20119	0.01812	0.06815	0.04745	0.30613	0.07454	0.01289	0.00701	0.00218	0.00549	0.01110	0.00571	0.00779
16	0.01414	0.01414	0.01979	0.01696	0.01696	0.01979	0.01414	0.01555	0.00990	0.01555	0.00848	0.01414	0.00848	0.01131	0.02120	0.00283	0.76110	0.00565	0.00283	0.00707
17	0.01010	0.00620	0.00677	0.00677	0.00718	0.00620	0.00408	0.01091	0.01050	0.01561	0.02055	0.03743	0.02164	0.56883	0.02532	0.00500	0.00540	0.00850	0.21854	0.00448
18	0.00813	0.00667	0.00752	0.00763	0.00929	0.00605	0.00563	0.00984	0.01455	0.01830	0.14446	0.19628	0.48033	0.01651	0.00828	0.00227	0.03266	0.01399	0.00602	0.00556
19	0.01469	0.25619	0.50000	0.01614	0.02424	0.04650	0.01959	0.02033	0.01367	0.01871	0.01075	0.01258	0.00822	0.00598	0.00553	0.00183	0.00884	0.00436	0.00276	0.00909
20	0.01746	0.01355	0.01430	0.01234	0.01599	0.01530	0.00974	0.19733	0.42850	0.02988	0.02274	0.02199	0.01703	0.00830	0.00619	0.00201	0.00524	0.00672	0.14570	0.00968
21	0.00835	0.00630	0.00774	0.00818	0.00951	0.00570	0.00597	0.01032	0.01503	0.01985	0.25854	0.29901	0.24871	0.01680	0.00792	0.00233	0.00352	0.05427	0.00634	0.00561
22	0.01548	0.01501	0.02646	0.05369	0.53702	0.01520	0.12211	0.01941	0.01445	0.02082	0.01257	0.01658	0.01038	0.00609	0.00720	0.00199	0.04426	0.00605	0.04570	0.00955
23	0.01103	0.00705	0.00962	0.01001	0.02866	0.00661	0.02608	0.01276	0.01367	0.08785	0.11424	0.37397	0.06146	0.11775	0.01104	0.00289	0.00450	0.04180	0.05299	0.00603
24	0.02274	0.02786	0.01767	0.01604	0.01942	0.62020	0.01209	0.02728	0.14019	0.01776	0.01282	0.01381	0.01030	0.00702	0.00596	0.00176	0.01052	0.00471	0.00389	0.00797
25	0.00906	0.00612	0.00715	0.00748	0.00756	0.00604	0.00438	0.00931	0.01006	0.01341	0.02374	0.20351	0.02776	0.60587	0.02742	0.00546	0.00571	0.01139	0.00438	0.00421
26	0.05515	0.03308	0.04334	0.03085	0.10421	0.10361	0.01129	0.10927	0.05786	0.02356	0.02964	0.01511	0.01127	0.00611	0.00553	0.00151	0.00658	0.00480	0.00420	0.34301
27	0.01419	0.02890	0.01518	0.01554	0.15137	0.01107	0.01009	0.05551	0.10622	0.05575	0.11761	0.02785	0.12931	0.00871	0.00629	0.00174	0.00512	0.00742	0.00514	0.22700

[dist]
# distance from previous block
# <min> <max>
0	3

[block]
# block no. 4 follows, 34 sequences, length 52
# corresponding to MSA columns:
# 278-329
name=unknown_E
#
# <colnr> <probs for GDERKNQSTAVLIFYWHMCP>
#	G	D	E	R	K	N	Q	S	T	A	V	L	I	F	Y	W	H	M	C	P
0	0.05176	0.22210	0.07272	0.01542	0.09562	0.03530	0.01226	0.13083	0.13776	0.02366	0.04595	0.01910	0.05422	0.00760	0.00612	0.00184	0.02459	0.00583	0.00451	0.03281
1	0.12939	0.01472	0.03119	0.04720	0.03376	0.07725	0.04652	0.04325	0.34493	0.02463	0.05524	0.06801	0.03895	0.00890	0.00636	0.00212	0.00609	0.00738	0.00540	0.00868
2	0.01497	0.01489	0.02626	0.15664	0.40047	0.01594	0.13745	0.01885	0.01386	0.01952	0.01171	0.01620	0.00965	0.00656	0.00858	0.00212	0.10812	0.00606	0.00311	0.00903
3	0.00795	0.00613	0.00719	0.00781	0.00904	0.00545	0.00547	0.00943	0.01382	0.01764	0.11280	0.37621	0.33485	0.04451	0.00880	0.00251	0.00357	0.01542	0.00603	0.00537
4	0.19542	0.01090	0.01311	0.01044	0.01484	0.01027	0.00850	0.02711	0.01625	0.52433	0.02156	0.02072	0.01451	0.04912	0.00734	0.00222	0.00535	0.00600	0.03241	0.00960
5	0.00810	0.00586	0.00742	0.00856	0.00914	0.00546	0.00575	0.00921	0.01238	0.01623	0.03738	0.57750	0.12328	0.10820	0.01109	0.00301	0.00405	0.03650	0.00575	0.00514
6	0.00918	0.00664	0.00862	0.00825	0.00974	0.00616	0.00622	0.01207	0.01768	0.02483	0.64676	0.04980	0.07816	0.04038	0.00858	0.00224	0.00333	0.04847	0.00690	0.00599
7	0.02456	0.01810	0.01939	0.01487	0.02004	0.02004	0.01228	0.71107	0.03038	0.04072	0.01551	0.01551	0.01099	0.00776	0.00646	0.00194	0.00711	0.00582	0.00646	0.01099
8	0.01607	0.01388	0.01461	0.01315	0.01680	0.01607	0.01023	0.03433	0.72094	0.02703	0.02630	0.02411	0.01972	0.00877	0.00657	0.00219	0.00511	0.00731	0.00657	0.01023
9	0.00776	0.00655	0.00672	0.00668	0.00880	0.00551	0.00501	0.00952	0.01502	0.01816	0.12080	0.06102	0.67421	0.01610	0.00764	0.00217	0.00325	0.01347	0.00609	0.00551
10	0.01525	0.01743	0.03813	0.02723	0.03377	0.01634	0.70915	0.02070	0.01525	0.02070	0.01307	0.01743	0.00980	0.00545	0.00763	0.00218	0.01089	0.00763	0.00327	0.00871
11	0.00940	0.00626	0.00705	0.00705	0.00705	0.00626	0.00392	0.00940	0.00940	0.01253	0.02036	0.04228	0.02349	0.77292	0.03289	0.00626	0.00626	0.00940	0.00392	0.00392
12	0.01314	0.00748	0.00982	0.00878	0.01101	0.00674	0.00674	0.01595	0.01798	0.17225	0.53111	0.06540	0.08288	0.01250	0.00741	0.00205	0.00359	0.01091	0.00721	0.00705
13	0.08219	0.01355	0.01573	0.05023	0.07944	0.01499	0.01115	0.06477	0.42720	0.13602	0.02233	0.02124	0.01635	0.00801	0.00633	0.00211	0.00565	0.00660	0.00612	0.00998
14	0.01725	0.01392	0.01492	0.01318	0.01696	0.01585	0.01037	0.09178	0.60741	0.06169	0.02557	0.02470	0.01931	0.00891	0.00663	0.00218	0.00533	0.02723	0.00661	0.01020
15	0.00789	0.00576	0.00744	0.00870	0.00931	0.00530	0.00588	0.00915	0.01285	0.01695	0.06501	0.66539	0.11747	0.01956	0.00816	0.00255	0.00367	0.01761	0.00604	0.00530
16	0.01528	0.01685	0.03002	0.02272	0.02657	0.05556	0.40476	0.01898	0.01334	0.01846	0.01114	0.01586	0.00922	0.00777	0.01277	0.00240	0.30050	0.00668	0.00310	0.00802
17	0.09383	0.01286	0.01558	0.05255	0.01830	0.01297	0.01033	0.19370	0.05684	0.40569	0.04620	0.02022	0.01541	0.00791	0.00632	0.00200	0.00591	0.00626	0.00690	0.01023
18	0.01778	0.00890	0.01135	0.00953	0.01268	0.00809	0.00755	0.05591	0.01838	0.30632	0.30879	0.03630	0.10603	0.01088	0.00695	0.00200	0.00425	0.00922	0.05088	0.00821
19	0.02647	0.01170	0.01556	0.01309	0.05525	0.01076	0.01007	0.10652	0.01945	0.56859	0.04837	0.02194	0.01673	0.00802	0.00646	0.00197	0.00562	0.00655	0.03629	0.01060
20	0.08272	0.01677	0.07256	0.03962	0.16611	0.10823	0.01319	0.05916	0.12411	0.13706	0.03780	0.03856	0.01489	0.00772	0.00625	0.00198	0.00700	0.02365	0.00496	0.03766
21	0.01416	0.04927	0.41299	0.01971	0.12970	0.05485	0.03593	0.05502	0.01528	0.02120	0.05290	0.02008	0.07612	0.00743	0.00636	0.00199	0.00832	0.00611	0.00356	0.00901
22	0.00815	0.00582	0.00781	0.00931	0.00981	0.00549	0.00648	0.00947	0.01264	0.01680	0.03546	0.69329	0.04213	0.01998	0.00832	0.00266	0.00399	0.09107	0.00599	0.00532
23	0.01325	0.01278	0.02216	0.46924	0.22591	0.01436	0.07518	0.01740	0.01368	0.01813	0.01436	0.01905	0.04340	0.00666	0.00660	0.00209	0.00830	0.00628	0.00314	0.00804
24	0.04544	0.06009	0.24897	0.07728	0.21255	0.03673	0.01761	0.07533	0.01581	0.10726	0.01491	0.01667	0.02971	0.00667	0.00615	0.00196	0.00790	0.00551	0.00394	0.00951
25	0.04122	0.14902	0.12553	0.01443	0.07829	0.05099	0.01226	0.03825	0.01549	0.17951	0.03847	0.07163	0.05370	0.00904	0.00621	0.00198	0.00652	0.05894	0.03994	0.00856
26	0.72984	0.01467	0.05034	0.00950	0.01377	0.05526	0.00824	0.01945	0.01155	0.02779	0.00920	0.01073	0.00714	0.00604	0.00422	0.00198	0.00562	0.00361	0.00389	0.00717
27	0.00960	0.00743	0.01104	0.03875	0.01284	0.00882	0.00856	0.01183	0.01041	0.01497	0.01678	0.02530	0.01583	0.07919	0.64888	0.00950	0.05410	0.00693	0.00343	0.00580
28	0.01669	0.25112	0.18934	0.01603	0.04149	0.05360	0.07299	0.11347	0.06364	0.02149	0.01435	0.01690	0.03046	0.00717	0.00661	0.00190	0.04605	0.02402	0.00377	0.00892
29	0.00975	0.00696	0.00862	0.00807	0.00992	0.00637	0.00610	0.01293	0.03750	0.04978	0.55107	0.04942	0.19219	0.01353	0.00755	0.00207	0.00324	0.01177	0.00691	0.00626
30	0.01536	0.01200	0.01352	0.01214	0.03635	0.01284	0.00922	0.22832	0.18269	0.02863	0.18873	0.04847	0.13474	0.01219	0.03312	0.00237	0.00545	0.00899	0.00635	0.00853
31	0.00875	0.00687	0.00795	0.00779	0.00960	0.00626	0.00579	0.01181	0.05229	0.02155	0.35024	0.11492	0.34282	0.01493	0.00763	0.00216	0.00331	0.01287	0.00651	0.00596
32	0.01401	0.01184	0.01372	0.00986	0.01557	0.00923	0.00791	0.05402	0.01432	0.02212	0.01170	0.01351	0.00965	0.00495	0.00488	0.00101	0.00491	0.00394	0.00397	0.76887
33	0.01525	0.01743	0.03813	0.02723	0.03377	0.01634	0.70915	0.02070	0.01525	0.02070	0.01307	0.01743	0.00980	0.00545	0.00763	0.00218	0.01089	0.00763	0.00327	0.00871
34	0.02074	0.01333	0.01492	0.01205	0.01589	0.01415	0.00957	0.33726	0.09704	0.15859	0.05651	0.02341	0.01745	0.10765	0.00983	0.00251	0.00598	0.00688	0.06686	0.00936
35	0.01526	0.01460	0.02490	0.17877	0.59924	0.01516	0.01946	0.01919	0.01437	0.02022	0.01202	0.01623	0.00992	0.00589	0.00641	0.00196	0.00786	0.00575	0.00313	0.00964
36	0.01340	0.01148	0.01340	0.00957	0.01531	0.00861	0.00766	0.01627	0.01340	0.02105	0.01148	0.01340	0.00957	0.00479	0.00479	0.00096	0.00479	0.00383	0.00383	0.81242
37	0.00787	0.00562	0.00750	0.00900	0.00937	0.00525	0.00600	0.00900	0.01237	0.01649	0.03561	0.76871	0.04274	0.02024	0.00825	0.00262	0.00375	0.01837	0.00600	0.00525
38	0.02456	0.01810	0.01939	0.01487	0.02004	0.02004	0.01228	0.71107	0.03038	0.04072	0.01551	0.01551	0.01099	0.00776	0.00646	0.00194	0.00711	0.00582	0.00646	0.01099
39	0.01398	0.01183	0.01371	0.00984	0.01556	0.00921	0.00790	0.05230	0.01428	0.02207	0.01169	0.01351	0.00964	0.00494	0.00487	0.00101	0.00491	0.00393	0.00396	0.77086
40	0.81856	0.01250	0.00950	0.00850	0.01250	0.01449	0.00700	0.01899	0.01100	0.02899	0.00900	0.01050	0.00700	0.00600	0.00400	0.00200	0.00500	0.00350	0.00400	0.00700
41	0.01296	0.03342	0.73944	0.01842	0.02797	0.01501	0.02387	0.02046	0.01364	0.02046	0.01160	0.01364	0.00818	0.00614	0.00614	0.00205	0.00955	0.00477	0.00273	0.00955
42	0.00776	0.00655	0.00671	0.00667	0.00880	0.00551	0.00500	0.00950	0.01501	0.01813	0.11815	0.06108	0.67688	0.01611	0.00764	0.00217	0.00325	0.01348	0.00609	0.00551
43	0.00787	0.00562	0.00750	0.00900	0.00937	0.00525	0.00600	0.00900	0.01237	0.01649	0.03561	0.76871	0.04274	0.02024	0.00825	0.00262	0.00375	0.01837	0.00600	0.00525
44	0.81856	0.01250	0.00950	0.00850	0.01250	0.01449	0.00700	0.01899	0.01100	0.02899	0.00900	0.01050	0.00700	0.00600	0.00400	0.00200	0.00500	0.00350	0.00400	0.00700
45	0.01204	0.00602	0.00602	0.00602	0.00753	0.00602	0.00452	0.01506	0.01355	0.02409	0.02108	0.02409	0.01656	0.00753	0.00452	0.00151	0.00301	0.00602	0.80879	0.00602
46	0.01607	0.01388	0.01461	0.01315	0.01680	0.01607	0.01023	0.03433	0.72094	0.02703	0.02630	0.02411	0.01972	0.00877	0.00657	0.00219	0.00511	0.00731	0.00657	0.01023
47	0.02783	0.01286	0.01615	0.01238	0.01742	0.01226	0.01023	0.20991	0.02161	0.55426	0.02287	0.02029	0.01468	0.00793	0.00649	0.00198	0.00592	0.00632	0.00759	0.01099
48	0.01419	0.01146	0.01348	0.00967	0.01537	0.00866	0.00775	0.01704	0.01366	0.05730	0.01219	0.01383	0.00990	0.00495	0.00487	0.00101	0.00482	0.00396	0.00404	0.77186
49	0.01481	0.01409	0.03782	0.05409	0.14334	0.01398	0.19821	0.10377	0.10441	0.02360	0.09275	0.02495	0.06451	0.03199	0.04614	0.00263	0.00792	0.00773	0.00463	0.00861
50	0.00839	0.00630	0.00783	0.00838	0.00965	0.00574	0.00615	0.01035	0.01484	0.01956	0.23112	0.32019	0.23037	0.01708	0.00798	0.00238	0.00364	0.07816	0.00630	0.00560
51	0.01591	0.04058	0.04060	0.15371	0.08952	0.11454	0.08170	0.04689	0.09581	0.02069	0.01327	0.01571	0.01044	0.00614	0.00595	0.00171	0.00763	0.00527	0.00382	0.23012

[dist]
# distance from previous block
# <min> <max>
0	2

[block]
# block no. 5 follows, 34 sequences, length 27
# corresponding to MSA columns:
# 332-358
name=unknown_F
#
# <colnr> <probs for GDERKNQSTAVLIFYWHMCP>
#	G	D	E	R	K	N	Q	S	T	A	V	L	I	F	Y	W	H	M	C	P
0	0.04855	0.04814	0.06591	0.01087	0.01487	0.01072	0.00941	0.02387	0.12339	0.28536	0.19897	0.02836	0.04427	0.00927	0.00648	0.00199	0.00499	0.00768	0.04801	0.00888
1	0.05629	0.47661	0.02912	0.04528	0.09739	0.07240	0.05220	0.02065	0.01405	0.06744	0.01089	0.01257	0.00908	0.00586	0.00496	0.00161	0.00743	0.00430	0.00331	0.00856
2	0.01326	0.00858	0.01135	0.01169	0.06608	0.00815	0.00833	0.01723	0.07151	0.13575	0.33552	0.06414	0.12175	0.01256	0.00744	0.00217	0.00431	0.08618	0.00662	0.00739
3	0.00810	0.00628	0.00732	0.00774	0.00915	0.00558	0.00556	0.00979	0.01438	0.01842	0.16397	0.28229	0.35693	0.04551	0.00881	0.00247	0.00357	0.03259	0.00610	0.00545
4	0.00819	0.00650	0.00736	0.00728	0.00910	0.00567	0.00541	0.01030	0.01584	0.02042	0.30149	0.10652	0.44200	0.01550	0.00767	0.00216	0.00323	0.01327	0.00640	0.00567
5	0.00923	0.00692	0.01038	0.01038	0.01154	0.00808	0.00808	0.01154	0.01038	0.01500	0.01731	0.02538	0.01615	0.04846	0.74732	0.01038	0.01731	0.00692	0.00346	0.00577
6	0.00804	0.00591	0.00754	0.00851	0.00932	0.00541	0.00586	0.00954	0.01363	0.01810	0.14812	0.55432	0.14480	0.01859	0.00806	0.00247	0.00357	0.01664	0.00617	0.00541
7	0.81856	0.01250	0.00950	0.00850	0.01250	0.01449	0.00700	0.01899	0.01100	0.02899	0.00900	0.01050	0.00700	0.00600	0.00400	0.00200	0.00500	0.00350	0.00400	0.00700
8	0.01727	0.77681	0.03386	0.01106	0.01658	0.02557	0.01106	0.01935	0.01313	0.01520	0.00898	0.01036	0.00829	0.00553	0.00415	0.00138	0.00691	0.00345	0.00276	0.00829
9	0.81856	0.01250	0.00950	0.00850	0.01250	0.01449	0.00700	0.01899	0.01100	0.02899	0.00900	0.01050	0.00700	0.00600	0.00400	0.00200	0.00500	0.00350	0.00400	0.00700
10	0.01244	0.01195	0.02085	0.69998	0.04366	0.01451	0.07229	0.01684	0.01310	0.01684	0.01161	0.01724	0.00871	0.00638	0.00655	0.00216	0.00879	0.00589	0.00290	0.00730
11	0.00940	0.00626	0.00705	0.00705	0.00705	0.00626	0.00392	0.00940	0.00940	0.01253	0.02036	0.04228	0.02349	0.77292	0.03289	0.00626	0.00626	0.00940	0.00392	0.00392
12	0.01414	0.01414	0.01979	0.01696	0.01696	0.01979	0.01414	0.01555	0.00990	0.01555	0.00848	0.01414	0.00848	0.01131	0.02120	0.00283	0.76110	0.00565	0.00283	0.00707
13	0.00786	0.00569	0.00743	0.00882	0.00933	0.00526	0.00592	0.00902	0.01254	0.01656	0.03772	0.71882	0.09126	0.01997	0.00820	0.00259	0.00372	0.01803	0.00600	0.00526
14	0.01296	0.03342	0.73944	0.01842	0.02797	0.01501	0.02387	0.02046	0.01364	0.02046	0.01160	0.01364	0.00818	0.00614	0.00614	0.00205	0.00955	0.00477	0.00273	0.00955
15	0.02727	0.01375	0.01670	0.01281	0.01787	0.01359	0.01058	0.29545	0.02311	0.46661	0.02162	0.01948	0.01405	0.00790	0.00648	0.00198	0.00612	0.00623	0.00740	0.01099
16	0.02345	0.01004	0.01328	0.01058	0.01471	0.00887	0.00859	0.04734	0.01854	0.52520	0.16253	0.02984	0.07841	0.00962	0.00680	0.00202	0.00491	0.00801	0.00763	0.00964
17	0.01022	0.00737	0.01014	0.01153	0.01306	0.00730	0.01003	0.01310	0.01486	0.01921	0.03639	0.07214	0.08556	0.01775	0.00883	0.00292	0.00576	0.64196	0.00595	0.00592
18	0.00764	0.00655	0.00655	0.00655	0.00873	0.00545	0.00491	0.00927	0.01473	0.01745	0.06546	0.06218	0.73000	0.01636	0.00764	0.00218	0.00327	0.01364	0.00600	0.00545
19	0.02865	0.01154	0.01533	0.01176	0.01677	0.01031	0.00971	0.08392	0.01941	0.68337	0.02472	0.02149	0.01561	0.00798	0.00650	0.00199	0.00562	0.00645	0.00788	0.01100
20	0.02414	0.03079	0.01831	0.01665	0.01998	0.74698	0.01248	0.02580	0.01831	0.01581	0.00999	0.01165	0.00832	0.00666	0.00583	0.00166	0.01165	0.00416	0.00333	0.00749
21	0.01340	0.01148	0.01340	0.00957	0.01531	0.00861	0.00766	0.01627	0.01340	0.02105	0.01148	0.01340	0.00957	0.00479	0.00479	0.00096	0.00479	0.00383	0.00383	0.81242
22	0.01696	0.03796	0.04109	0.05845	0.25472	0.09363	0.04456	0.06656	0.10773	0.05499	0.01606	0.07716	0.01383	0.00819	0.00789	0.00208	0.07804	0.00682	0.00424	0.00904
23	0.00937	0.00795	0.00884	0.04467	0.01173	0.05775	0.00686	0.01104	0.01405	0.01798	0.13932	0.46310	0.14928	0.01699	0.00780	0.00238	0.00436	0.01505	0.00583	0.00565
24	0.01539	0.04915	0.10190	0.20173	0.27035	0.01552	0.05469	0.08609	0.04178	0.02177	0.01264	0.01592	0.00989	0.00617	0.00624	0.00192	0.00787	0.00556	0.00354	0.07187
25	0.02705	0.01081	0.01453	0.01133	0.01603	0.00954	0.00929	0.03026	0.04866	0.65692	0.07466	0.02392	0.01929	0.00839	0.00658	0.00201	0.00531	0.00689	0.00787	0.01062
26	0.00927	0.00675	0.00953	0.00953	0.01039	0.00761	0.00701	0.01099	0.01013	0.01437	0.01809	0.02972	0.01803	0.23424	0.56411	0.00933	0.01448	0.00756	0.00358	0.00529

[dist]
# distance from previous block
# <min> <max>
0	13

[block]
# block no. 6 follows, 34 sequences, length 53
# corresponding to MSA columns:
# 372-424
name=unknown_G
#
# <colnr> <probs for GDERKNQSTAVLIFYWHMCP>
#	G	D	E	R	K	N	Q	S	T	A	V	L	I	F	Y	W	H	M	C	P
0	0.01426	0.01359	0.02310	0.36749	0.41831	0.01490	0.01897	0.01831	0.01389	0.01901	0.01185	0.01656	0.00949	0.00608	0.00643	0.00203	0.00810	0.00575	0.00305	0.00884
1	0.00923	0.00692	0.01038	0.01038	0.01154	0.00808	0.00808	0.01154	0.01038	0.01500	0.01731	0.02538	0.01615	0.04846	0.74732	0.01038	0.01731	0.00692	0.00346	0.00577
2	0.01727	0.77681	0.03386	0.01106	0.01658	0.02557	0.01106	0.01935	0.01313	0.01520	0.00898	0.01036	0.00829	0.00553	0.00415	0.00138	0.00691	0.00345	0.00276	0.00829
3	0.01340	0.01148	0.01340	0.00957	0.01531	0.00861	0.00766	0.01627	0.01340	0.02105	0.01148	0.01340	0.00957	0.00479	0.00479	0.00096	0.00479	0.00383	0.00383	0.81242
