[name]
unknown

[dist]
# distance from previous block
# <min> <max>
4	47

[block]
# block no. 0 follows, 29 sequences, length 13
# corresponding to MSA columns:
# 48-60
name=unknown_A
#
# <colnr> <probs for GDERKNQSTAVLIFYWHMCP>
#	G	D	E	R	K	N	Q	S	T	A	V	L	I	F	Y	W	H	M	C	P
0	0.06368	0.08059	0.14852	0.01993	0.08812	0.06753	0.10426	0.04672	0.01582	0.04786	0.01746	0.02017	0.06048	0.00951	0.02567	0.00247	0.12000	0.00657	0.02627	0.02838
1	0.01890	0.20381	0.02457	0.01557	0.01990	0.13040	0.10727	0.04844	0.12004	0.05499	0.01721	0.02214	0.01484	0.12283	0.04670	0.00321	0.00917	0.00670	0.00454	0.00878
2	0.01146	0.00876	0.01042	0.01093	0.01253	0.00890	0.00789	0.06289	0.11897	0.02211	0.03941	0.48719	0.10806	0.01884	0.00863	0.00273	0.00467	0.04174	0.00674	0.00713
3	0.07271	0.19455	0.35681	0.01800	0.02597	0.07337	0.06973	0.07021	0.01656	0.02314	0.01223	0.01427	0.00933	0.00672	0.00623	0.00206	0.00961	0.00511	0.00351	0.00988
4	0.01965	0.62567	0.03377	0.01283	0.01844	0.12224	0.01213	0.02185	0.01532	0.01694	0.01253	0.01389	0.03672	0.00674	0.00498	0.00160	0.00817	0.00436	0.00327	0.00889
5	0.06178	0.33578	0.23137	0.01619	0.07003	0.02005	0.01586	0.02024	0.01462	0.02028	0.04733	0.04130	0.01438	0.05427	0.00773	0.00224	0.00804	0.00583	0.00358	0.00908
6	0.01412	0.01992	0.26758	0.01428	0.01972	0.01259	0.01489	0.11845	0.01994	0.02825	0.30733	0.07434	0.03641	0.01126	0.00765	0.00227	0.00670	0.00955	0.00590	0.00887
7	0.00965	0.00711	0.00902	0.00888	0.01046	0.00648	0.00653	0.01248	0.01865	0.02575	0.51800	0.16073	0.14745	0.01620	0.00851	0.00236	0.00351	0.01428	0.00749	0.00648
8	0.01622	0.01747	0.03565	0.18058	0.14161	0.01738	0.43977	0.02169	0.01617	0.02190	0.01388	0.01892	0.01060	0.00629	0.00793	0.00235	0.01093	0.00765	0.00350	0.00950
9	0.01513	0.14107	0.57387	0.01968	0.02936	0.01833	0.06301	0.02239	0.01506	0.02171	0.01245	0.01475	0.00914	0.00662	0.00654	0.00216	0.01018	0.00523	0.00305	0.01027
10	0.00945	0.00719	0.00869	0.00844	0.01028	0.00643	0.00628	0.01217	0.01849	0.02489	0.45609	0.09862	0.27474	0.01615	0.00844	0.00233	0.00349	0.01401	0.00736	0.00643
11	0.00868	0.00620	0.00826	0.00991	0.01033	0.00578	0.00661	0.00991	0.01363	0.01818	0.03925	0.74510	0.04710	0.02231	0.00909	0.00289	0.00413	0.02024	0.00661	0.00578
12	0.01853	0.01954	0.02848	0.09590	0.37863	0.12792	0.13871	0.02369	0.05692	0.02221	0.01406	0.01781	0.01133	0.00670	0.00721	0.00216	0.00971	0.00654	0.00375	0.01020

[dist]
# distance from previous block
# <min> <max>
0	1

[block]
# block no. 1 follows, 29 sequences, length 42
# corresponding to MSA columns:
# 62-103
name=unknown_B
#
# <colnr> <probs for GDERKNQSTAVLIFYWHMCP>
#	G	D	E	R	K	N	Q	S	T	A	V	L	I	F	Y	W	H	M	C	P
0	0.02086	0.02242	0.06251	0.01615	0.02058	0.22528	0.01321	0.09843	0.36230	0.02693	0.02171	0.02254	0.01686	0.00900	0.00704	0.00223	0.00833	0.02747	0.00588	0.01027
1	0.61135	0.01323	0.01092	0.00987	0.01375	0.01523	0.00782	0.02203	0.10202	0.02971	0.01379	0.01733	0.01153	0.08710	0.00821	0.00274	0.00568	0.00511	0.00477	0.00782
2	0.01742	0.01496	0.01588	0.01443	0.01834	0.01727	0.01128	0.03676	0.66083	0.02939	0.02939	0.02908	0.02264	0.01013	0.00737	0.00246	0.00568	0.03844	0.00721	0.01105
3	0.01904	0.75404	0.03731	0.01218	0.01828	0.02818	0.01218	0.02132	0.01447	0.01675	0.00990	0.01142	0.00914	0.00609	0.00457	0.00152	0.00761	0.00381	0.00305	0.00914
4	0.00868	0.00620	0.00826	0.00991	0.01033	0.00578	0.00661	0.00991	0.01363	0.01818	0.03925	0.74510	0.04710	0.02231	0.00909	0.00289	0.00413	0.02024	0.00661	0.00578
5	0.01345	0.01266	0.02136	0.73264	0.04904	0.01582	0.01978	0.01819	0.01424	0.01819	0.01266	0.01898	0.00949	0.00712	0.00712	0.00237	0.00949	0.00633	0.00316	0.00791
6	0.01606	0.02322	0.20624	0.02652	0.03385	0.01801	0.45380	0.02220	0.01580	0.02220	0.01352	0.01782	0.01022	0.00681	0.00944	0.00243	0.08137	0.00742	0.00341	0.00966
7	0.01017	0.00763	0.01144	0.01144	0.01272	0.00890	0.00890	0.01272	0.01144	0.01653	0.01907	0.02797	0.01780	0.05340	0.72153	0.01144	0.01907	0.00763	0.00381	0.00636
8	0.02800	0.01845	0.02044	0.01567	0.02133	0.01986	0.01295	0.55769	0.03097	0.17232	0.01920	0.01846	0.01317	0.00860	0.00713	0.00215	0.00750	0.00655	0.00745	0.01211
9	0.01591	0.01405	0.05368	0.28454	0.12105	0.01437	0.07282	0.02025	0.03244	0.09898	0.01920	0.13726	0.01717	0.00998	0.00858	0.00245	0.05504	0.00885	0.00455	0.00883
10	0.01632	0.02261	0.17142	0.02814	0.03598	0.01772	0.55348	0.02276	0.01646	0.02276	0.01409	0.01840	0.01046	0.00615	0.00809	0.00237	0.01172	0.00780	0.00349	0.00978
11	0.00842	0.00721	0.00721	0.00721	0.00962	0.00601	0.00541	0.01022	0.01623	0.01924	0.07213	0.06853	0.70244	0.01803	0.00842	0.00240	0.00361	0.01503	0.00661	0.00601
12	0.01506	0.15342	0.60304	0.01898	0.02878	0.01843	0.02401	0.02235	0.01494	0.02161	0.01231	0.01445	0.00904	0.00666	0.00641	0.00214	0.01005	0.00503	0.00301	0.01030
13	0.01746	0.01824	0.05903	0.03883	0.58570	0.06087	0.02057	0.02154	0.01624	0.02253	0.01488	0.06400	0.01334	0.00745	0.00713	0.00215	0.00856	0.00708	0.00371	0.01070
14	0.14217	0.03202	0.55819	0.01910	0.02843	0.01653	0.06270	0.02230	0.01467	0.02409	0.01241	0.01472	0.00892	0.00669	0.00648	0.00226	0.00980	0.00522	0.00327	0.01001
15	0.00900	0.00652	0.00798	0.00900	0.00965	0.00607	0.00591	0.01006	0.01334	0.01739	0.04090	0.48165	0.14897	0.18144	0.01495	0.00369	0.00466	0.01722	0.00611	0.00550
16	0.01779	0.01558	0.02643	0.11855	0.49563	0.01568	0.05442	0.02191	0.01637	0.08091	0.01794	0.02132	0.05079	0.00729	0.00722	0.00218	0.00829	0.00701	0.00411	0.01057
17	0.01489	0.09008	0.53387	0.08024	0.03080	0.01753	0.04507	0.02306	0.05797	0.02218	0.01362	0.01595	0.00994	0.00690	0.00670	0.00222	0.00994	0.00552	0.00331	0.01021
18	0.01509	0.00879	0.01139	0.01008	0.01270	0.00819	0.00778	0.01938	0.06286	0.16966	0.51957	0.04551	0.05405	0.01306	0.00807	0.00224	0.00406	0.01139	0.00800	0.00812
19	0.01537	0.03539	0.65399	0.01996	0.03008	0.01701	0.02522	0.07866	0.01660	0.02445	0.01315	0.01521	0.00928	0.00692	0.00680	0.00224	0.01029	0.00536	0.00336	0.01066
20	0.02481	0.06308	0.02236	0.02219	0.13293	0.57598	0.01500	0.02705	0.01928	0.01835	0.01135	0.01356	0.00951	0.00712	0.00644	0.00187	0.01190	0.00484	0.00362	0.00879
21	0.01902	0.01731	0.02902	0.11437	0.37697	0.05410	0.15996	0.02339	0.01678	0.09710	0.01500	0.01858	0.01155	0.00668	0.00732	0.00220	0.00931	0.00678	0.00408	0.01047
22	0.02738	0.01944	0.02106	0.01614	0.02183	0.02133	0.01334	0.63998	0.03264	0.08768	0.01780	0.01756	0.01246	0.00856	0.00713	0.00214	0.00772	0.00646	0.00723	0.01211
23	0.00869	0.00722	0.00759	0.00750	0.00978	0.00613	0.00562	0.01074	0.01687	0.02075	0.17446	0.06603	0.59917	0.01747	0.00841	0.00238	0.00357	0.01468	0.00681	0.00613
24	0.01985	0.04242	0.16196	0.02572	0.13168	0.01698	0.27107	0.08059	0.01831	0.13629	0.01627	0.01859	0.01171	0.00688	0.00746	0.00225	0.00974	0.00699	0.00461	0.01064
25	0.01980	0.62144	0.03326	0.01221	0.01790	0.04652	0.01174	0.02218	0.01551	0.07656	0.05537	0.01521	0.01355	0.00690	0.00509	0.00164	0.00737	0.00469	0.00386	0.00921
26	0.01017	0.00763	0.01144	0.01144	0.01272	0.00890	0.00890	0.01272	0.01144	0.01653	0.01907	0.02797	0.01780	0.05340	0.72153	0.01144	0.01907	0.00763	0.00381	0.00636
27	0.00933	0.00766	0.00834	0.00866	0.01077	0.00693	0.00653	0.01236	0.05932	0.01993	0.06089	0.17689	0.49210	0.01834	0.00858	0.00256	0.00409	0.07371	0.00665	0.00636
28	0.01895	0.01711	0.07014	0.11344	0.47173	0.01590	0.04135	0.02334	0.01653	0.11960	0.01538	0.01859	0.01182	0.00679	0.00710	0.00217	0.00848	0.00646	0.00420	0.01092
29	0.01437	0.03621	0.68920	0.02064	0.03104	0.01659	0.04934	0.02256	0.01510	0.02256	0.01284	0.01518	0.00908	0.00674	0.00682	0.00226	0.01058	0.00537	0.00303	0.01049
30	0.02707	0.01995	0.02137	0.01638	0.02208	0.02208	0.01353	0.68159	0.03348	0.04488	0.01710	0.01710	0.01211	0.00855	0.00712	0.00214	0.00784	0.00641	0.00712	0.01211
31	0.01645	0.02621	0.32732	0.02407	0.03242	0.01702	0.32634	0.02419	0.05967	0.05361	0.01525	0.01811	0.01104	0.00669	0.00757	0.00233	0.01070	0.00698	0.00381	0.01022
32	0.02660	0.03394	0.02018	0.01834	0.02201	0.72116	0.01376	0.02843	0.02018	0.01743	0.01101	0.01284	0.00917	0.00734	0.00642	0.00183	0.01284	0.00459	0.00367	0.00825
33	0.00842	0.00721	0.00721	0.00721	0.00962	0.00601	0.00541	0.01022	0.01623	0.01924	0.07213	0.06853	0.70244	0.01803	0.00842	0.00240	0.00361	0.01503	0.00661	0.00601
34	0.11429	0.01201	0.01544	0.01209	0.01724	0.01084	0.00994	0.03192	0.01947	0.59524	0.06676	0.02460	0.01954	0.00892	0.00694	0.00221	0.00584	0.00715	0.00827	0.01131
35	0.02524	0.02263	0.03848	0.01928	0.08013	0.17198	0.01465	0.40858	0.02689	0.05245	0.01516	0.01626	0.01130	0.00831	0.00800	0.00214	0.05587	0.00599	0.00576	0.01089
36	0.00868	0.00620	0.00826	0.00991	0.01033	0.00578	0.00661	0.00991	0.01363	0.01818	0.03925	0.74510	0.04710	0.02231	0.00909	0.00289	0.00413	0.02024	0.00661	0.00578
37	0.01558	0.01558	0.02181	0.01869	0.01869	0.02181	0.01558	0.01714	0.01091	0.01714	0.00935	0.01558	0.00935	0.01246	0.02337	0.00312	0.73672	0.00623	0.00312	0.00779
38	0.09284	0.06543	0.02038	0.01797	0.03959	0.60877	0.01338	0.02727	0.01911	0.01881	0.01093	0.01279	0.00910	0.00719	0.00618	0.00186	0.01184	0.00453	0.00370	0.00833
39	0.01681	0.01921	0.04202	0.03001	0.03721	0.01801	0.67947	0.02281	0.01681	0.02281	0.01441	0.01921	0.01080	0.00600	0.00840	0.00240	0.01200	0.00840	0.00360	0.00960
40	0.00842	0.00721	0.00721	0.00721	0.00962	0.00601	0.00541	0.01022	0.01623	0.01924	0.07213	0.06853	0.70244	0.01803	0.00842	0.00240	0.00361	0.01503	0.00661	0.00601
41	0.20069	0.04301	0.12934	0.01410	0.01965	0.06901	0.01299	0.07850	0.15391	0.15890	0.03966	0.01938	0.01497	0.00810	0.00638	0.00220	0.00719	0.00609	0.00581	0.01012

[dist]
# distance from previous block
# <min> <max>
0	19

[block]
# block no. 2 follows, 29 sequences, length 80
# corresponding to MSA columns:
# 123-155,164-210
name=unknown_C
#
# <colnr> <probs for GDERKNQSTAVLIFYWHMCP>
#	G	D	E	R	K	N	Q	S	T	A	V	L	I	F	Y	W	H	M	C	P
0	0.01822	0.46819	0.02761	0.01156	0.01640	0.03919	0.01064	0.02082	0.01668	0.08931	0.19001	0.02351	0.02495	0.00858	0.00586	0.00178	0.00650	0.00650	0.00488	0.00879
1	0.00868	0.00620	0.00826	0.00991	0.01033	0.00578	0.00661	0.00991	0.01363	0.01818	0.03925	0.74510	0.04710	0.02231	0.00909	0.00289	0.00413	0.02024	0.00661	0.00578
2	0.54435	0.01959	0.01375	0.01221	0.01650	0.20671	0.00970	0.06305	0.01559	0.02881	0.01065	0.01225	0.00837	0.00692	0.00512	0.00210	0.00763	0.00421	0.00437	0.00813
3	0.02691	0.02457	0.02098	0.01703	0.02206	0.25323	0.01361	0.46563	0.02908	0.03580	0.01508	0.01569	0.01114	0.00815	0.00689	0.00204	0.00949	0.00581	0.00598	0.01084
4	0.00842	0.00721	0.00721	0.00721	0.00962	0.00601	0.00541	0.01022	0.01623	0.01924	0.07213	0.06853	0.70244	0.01803	0.00842	0.00240	0.00361	0.01503	0.00661	0.00601
5	0.02707	0.01995	0.02137	0.01638	0.02208	0.02208	0.01353	0.68159	0.03348	0.04488	0.01710	0.01710	0.01211	0.00855	0.00712	0.00214	0.00784	0.00641	0.00712	0.01211
6	0.02266	0.02141	0.08157	0.01630	0.02164	0.09700	0.01393	0.32988	0.25620	0.03468	0.02011	0.01969	0.01481	0.00864	0.00706	0.00221	0.00787	0.00667	0.00642	0.01126
7	0.01428	0.03683	0.71286	0.02030	0.03082	0.01654	0.02631	0.02255	0.01503	0.02255	0.01278	0.01503	0.00902	0.00677	0.00677	0.00226	0.01052	0.00526	0.00301	0.01052
8	0.00842	0.00721	0.00721	0.00721	0.00962	0.00601	0.00541	0.01022	0.01623	0.01924	0.07213	0.06853	0.70244	0.01803	0.00842	0.00240	0.00361	0.01503	0.00661	0.00601
9	0.01178	0.00948	0.01084	0.01092	0.01296	0.00986	0.00798	0.01958	0.23919	0.02332	0.11395	0.33044	0.13838	0.01663	0.00830	0.00259	0.00447	0.01462	0.00696	0.00774
10	0.01886	0.01636	0.02021	0.01637	0.02042	0.06939	0.11011	0.23198	0.08564	0.02869	0.02215	0.02448	0.07062	0.01658	0.12614	0.00377	0.05098	0.00764	0.05026	0.00936
11	0.00868	0.00620	0.00826	0.00991	0.01033	0.00578	0.00661	0.00991	0.01363	0.01818	0.03925	0.74510	0.04710	0.02231	0.00909	0.00289	0.00413	0.02024	0.00661	0.00578
12	0.01681	0.01921	0.04202	0.03001	0.03721	0.01801	0.67947	0.02281	0.01681	0.02281	0.01441	0.01921	0.01080	0.00600	0.00840	0.00240	0.01200	0.00840	0.00360	0.00960
13	0.01532	0.01457	0.02474	0.42378	0.34326	0.01631	0.02071	0.01983	0.01512	0.02047	0.01299	0.01837	0.01029	0.00677	0.00709	0.00226	0.00903	0.00634	0.00333	0.00942
14	0.01681	0.01609	0.02744	0.17721	0.57816	0.01671	0.02145	0.02114	0.01583	0.02228	0.01325	0.01789	0.01093	0.00649	0.00706	0.00216	0.00866	0.00634	0.00345	0.01063
15	0.02707	0.01995	0.02137	0.01638	0.02208	0.02208	0.01353	0.68159	0.03348	0.04488	0.01710	0.01710	0.01211	0.00855	0.00712	0.00214	0.00784	0.00641	0.00712	0.01211
16	0.00950	0.00726	0.00871	0.00835	0.01028	0.00647	0.00626	0.01231	0.01878	0.02529	0.48137	0.05856	0.28943	0.01577	0.00840	0.00230	0.00345	0.01363	0.00741	0.00647
17	0.02571	0.06213	0.05533	0.01522	0.02057	0.12860	0.01289	0.25951	0.08461	0.20852	0.02119	0.02035	0.03572	0.00860	0.00691	0.00211	0.00796	0.00653	0.00657	0.01098
18	0.01147	0.00820	0.01147	0.01311	0.01475	0.00820	0.01147	0.01475	0.01639	0.02131	0.03770	0.08032	0.04098	0.01967	0.00984	0.00328	0.00656	0.65741	0.00656	0.00656
19	0.02637	0.01957	0.02137	0.05307	0.02346	0.02176	0.01385	0.64761	0.03249	0.04351	0.01687	0.01719	0.01198	0.00847	0.00712	0.00215	0.00792	0.00641	0.00692	0.01189
20	0.01427	0.01484	0.03026	0.02255	0.02767	0.01388	0.43843	0.01914	0.01744	0.02396	0.20275	0.09182	0.02925	0.00974	0.00846	0.00240	0.00897	0.01065	0.00501	0.00849
21	0.01663	0.02061	0.09964	0.02995	0.07486	0.01782	0.58503	0.02273	0.01662	0.02281	0.01421	0.01875	0.01068	0.00609	0.00818	0.00237	0.01167	0.00801	0.00355	0.00978
22	0.00868	0.00620	0.00826	0.00991	0.01033	0.00578	0.00661	0.00991	0.01363	0.01818	0.03925	0.74510	0.04710	0.02231	0.00909	0.00289	0.00413	0.02024	0.00661	0.00578
23	0.02078	0.01724	0.02021	0.01659	0.02090	0.01983	0.05084	0.26739	0.32935	0.03325	0.02137	0.02133	0.01606	0.00940	0.00930	0.00240	0.09899	0.00725	0.00647	0.01104
24	0.02660	0.03394	0.02018	0.01834	0.02201	0.72116	0.01376	0.02843	0.02018	0.01743	0.01101	0.01284	0.00917	0.00734	0.00642	0.00183	0.01284	0.00459	0.00367	0.00825
25	0.01345	0.01266	0.02136	0.73264	0.04904	0.01582	0.01978	0.01819	0.01424	0.01819	0.01266	0.01898	0.00949	0.00712	0.00712	0.00237	0.00949	0.00633	0.00316	0.00791
26	0.01652	0.01817	0.03910	0.02809	0.03483	0.01707	0.62390	0.02230	0.01665	0.02312	0.01513	0.01981	0.01142	0.00619	0.00812	0.00234	0.01129	0.00826	0.06833	0.00936
27	0.06752	0.01294	0.01511	0.01217	0.01672	0.01274	0.00987	0.18837	0.04146	0.30319	0.09974	0.03214	0.13531	0.01077	0.00733	0.00223	0.00577	0.00871	0.00763	0.01028
28	0.00918	0.00713	0.00835	0.00829	0.01015	0.00630	0.00612	0.01161	0.01769	0.02326	0.34786	0.13616	0.34842	0.01696	0.00848	0.00238	0.00355	0.01465	0.00716	0.00630
29	0.01496	0.01423	0.02395	0.46749	0.27117	0.01645	0.02030	0.01939	0.01477	0.01987	0.01277	0.01838	0.01009	0.00708	0.00779	0.00232	0.04032	0.00633	0.00328	0.00905
30	0.48411	0.01489	0.01326	0.01119	0.01590	0.07226	0.00911	0.02607	0.01550	0.25348	0.01597	0.01583	0.01109	0.00739	0.00548	0.00217	0.00629	0.00500	0.00579	0.00920
31	0.01588	0.01622	0.02958	0.02113	0.02794	0.01412	0.37333	0.02058	0.01588	0.02299	0.01361	0.01718	0.01069	0.00567	0.00698	0.00179	0.00893	0.00649	0.00388	0.36714
32	0.00865	0.00629	0.00816	0.00966	0.01026	0.00581	0.00649	0.00994	0.01388	0.01828	0.04240	0.68015	0.11001	0.02190	0.00902	0.00285	0.00408	0.01974	0.00661	0.00581
33	0.02594	0.01895	0.02024	0.01583	0.02108	0.04372	0.01298	0.56764	0.03047	0.07967	0.01768	0.01826	0.01280	0.01222	0.06596	0.00290	0.00883	0.00649	0.00683	0.01151
34	0.01814	0.01897	0.03955	0.02836	0.03539	0.01798	0.60608	0.06871	0.01810	0.05258	0.01515	0.01927	0.01117	0.00629	0.00826	0.00237	0.01147	0.00821	0.00406	0.00988
35	0.01036	0.00690	0.00777	0.00777	0.00777	0.00690	0.00431	0.01036	0.01036	0.01381	0.02244	0.04660	0.02589	0.74975	0.03624	0.00690	0.00690	0.01036	0.00431	0.00431
36	0.00849	0.00722	0.00731	0.00729	0.00966	0.00604	0.00547	0.01036	0.01640	0.01964	0.09912	0.06787	0.67521	0.01788	0.00841	0.00240	0.00360	0.01494	0.00666	0.00604
37	0.01596	0.18287	0.53554	0.01853	0.02776	0.05920	0.02271	0.02264	0.01521	0.02108	0.01209	0.01417	0.00905	0.00666	0.00630	0.00208	0.01006	0.00493	0.00305	0.01011
38	0.01904	0.75404	0.03731	0.01218	0.01828	0.02818	0.01218	0.02132	0.01447	0.01675	0.00990	0.01142	0.00914	0.00609	0.00457	0.00152	0.00761	0.00381	0.00305	0.00914
39	0.01057	0.00775	0.01031	0.01167	0.01327	0.00749	0.00977	0.01331	0.01598	0.02052	0.04373	0.17111	0.15356	0.01976	0.00949	0.00308	0.00572	0.45997	0.00657	0.00636
40	0.02599	0.01325	0.01627	0.01317	0.01799	0.01309	0.01064	0.09238	0.19607	0.41651	0.08338	0.02660	0.02232	0.00949	0.00728	0.00226	0.00589	0.00780	0.00817	0.01145
41	0.00986	0.00727	0.00921	0.00873	0.01050	0.00662	0.00654	0.01301	0.01963	0.02731	0.61748	0.05524	0.15206	0.01502	0.00840	0.00226	0.00339	0.01316	0.00767	0.00662
42	0.02320	0.01826	0.01925	0.01464	0.02045	0.04812	0.01195	0.44590	0.02705	0.03692	0.01545	0.01618	0.01149	0.00747	0.00651	0.00179	0.00725	0.00565	0.00607	0.25640
43	0.01455	0.07729	0.67475	0.01984	0.03011	0.01719	0.02551	0.02248	0.01500	0.02222	0.01262	0.01483	0.00903	0.00673	0.00664	0.00221	0.01036	0.00518	0.00301	0.01045
44	0.02211	0.06511	0.24901	0.01642	0.02336	0.04734	0.01668	0.16079	0.11787	0.18147	0.01918	0.01888	0.01342	0.00799	0.00686	0.00218	0.00821	0.00621	0.00578	0.01113
45	0.00966	0.00690	0.00938	0.01093	0.01180	0.00662	0.00822	0.01166	0.01481	0.01964	0.06595	0.49687	0.04590	0.02112	0.00931	0.00299	0.00490	0.23061	0.00664	0.00608
46	0.00848	0.00722	0.00730	0.00728	0.00966	0.00604	0.00546	0.01034	0.01638	0.01960	0.09657	0.06793	0.67778	0.01790	0.00842	0.00240	0.00360	0.01494	0.00666	0.00604
47	0.02079	0.01530	0.01724	0.01659	0.09198	0.09723	0.03213	0.12052	0.06212	0.17666	0.06730	0.03184	0.09400	0.09149	0.01059	0.00273	0.00723	0.02858	0.00625	0.00941
48	0.54062	0.01298	0.01093	0.00972	0.01375	0.01462	0.00787	0.06869	0.05616	0.03085	0.01994	0.02074	0.09090	0.00841	0.00529	0.00219	0.00529	0.00583	0.06726	0.00797
49	0.00842	0.00721	0.00721	0.00721	0.00962	0.00601	0.00541	0.01022	0.01623	0.01924	0.07213	0.06853	0.70244	0.01803	0.00842	0.00240	0.00361	0.01503	0.00661	0.00601
50	0.01271	0.01072	0.01192	0.01305	0.01476	0.08625	0.01084	0.01557	0.01668	0.02090	0.07292	0.15518	0.03975	0.01835	0.00928	0.00301	0.00676	0.46838	0.00632	0.00666
51	0.01784	0.36884	0.32362	0.01632	0.02404	0.09945	0.01838	0.02263	0.01534	0.01930	0.01125	0.01312	0.00909	0.00652	0.00571	0.00187	0.00943	0.00451	0.00310	0.00963
52	0.01715	0.05347	0.05478	0.01262	0.01628	0.09016	0.01049	0.10826	0.17949	0.02804	0.14671	0.05193	0.02631	0.00998	0.00680	0.00210	0.00615	0.00811	0.16223	0.00895
53	0.01781	0.01296	0.01602	0.01187	0.01773	0.01062	0.03083	0.06840	0.01693	0.12158	0.01672	0.05761	0.01373	0.00700	0.00599	0.00144	0.00573	0.00583	0.00519	0.55601
54	0.01008	0.00728	0.00952	0.00896	0.01064	0.00672	0.00672	0.01344	0.02016	0.02855	0.70158	0.05319	0.06719	0.01456	0.00840	0.00224	0.00336	0.01288	0.00784	0.00672
55	0.01759	0.01408	0.01538	0.01396	0.01775	0.01590	0.01098	0.03440	0.56098	0.06793	0.06758	0.03232	0.02563	0.01070	0.00752	0.00246	0.00561	0.06123	0.00731	0.01068
56	0.01635	0.34802	0.41975	0.01678	0.02538	0.02159	0.02018	0.02202	0.01479	0.02004	0.01153	0.01347	0.00907	0.00647	0.00581	0.00194	0.00926	0.00463	0.00302	0.00992
57	0.01710	0.01631	0.02745	0.10201	0.60918	0.01640	0.02092	0.02131	0.01596	0.02282	0.01329	0.01758	0.01108	0.00635	0.00696	0.00208	0.00837	0.00622	0.00353	0.05510
58	0.01562	0.23851	0.52290	0.01801	0.02729	0.01981	0.02234	0.02221	0.01487	0.02092	0.01197	0.01402	0.00905	0.00658	0.00615	0.00205	0.00971	0.00485	0.00302	0.01013
59	0.01036	0.00690	0.00777	0.00777	0.00777	0.00690	0.00431	0.01036	0.01036	0.01381	0.02244	0.04660	0.02589	0.74975	0.03624	0.00690	0.00690	0.01036	0.00431	0.00431
60	0.03432	0.00902	0.03195	0.01085	0.01260	0.00827	0.00835	0.07041	0.01684	0.02310	0.14230	0.41945	0.07777	0.01842	0.00864	0.00270	0.00481	0.08675	0.00667	0.00679
61	0.01897	0.01552	0.01715	0.01707	0.09570	0.05899	0.01196	0.10064	0.33625	0.08189	0.10133	0.02894	0.06415	0.00999	0.00735	0.00228	0.00630	0.00835	0.00674	0.01043
62	0.01729	0.01937	0.03357	0.02533	0.02991	0.08242	0.40673	0.02150	0.01522	0.02051	0.01248	0.01747	0.01019	0.00819	0.01302	0.00258	0.24451	0.00736	0.00345	0.00890
63	0.00868	0.00620	0.00826	0.00991	0.01033	0.00578	0.00661	0.00991	0.01363	0.01818	0.03925	0.74510	0.04710	0.02231	0.00909	0.00289	0.00413	0.02024	0.00661	0.00578
64	0.02086	0.02406	0.11763	0.02211	0.06536	0.22659	0.20560	0.04589	0.01830	0.09725	0.01671	0.05624	0.01370	0.00818	0.00742	0.00222	0.01049	0.02745	0.00447	0.00948
65	0.01263	0.01486	0.13905	0.01189	0.01609	0.01119	0.01108	0.05296	0.14896	0.02537	0.19682	0.04441	0.26038	0.01306	0.00782	0.00233	0.00542	0.01095	0.00639	0.00833
66	0.00868	0.00620	0.00826	0.00991	0.01033	0.00578	0.00661	0.00991	0.01363	0.01818	0.03925	0.74510	0.04710	0.02231	0.00909	0.00289	0.00413	0.02024	0.00661	0.00578
67	0.02663	0.03315	0.02025	0.01823	0.02202	0.68173	0.01375	0.06528	0.02093	0.01898	0.01135	0.01308	0.00934	0.00741	0.00646	0.00185	0.01256	0.00469	0.00386	0.00847
68	0.01539	0.01561	0.02444	0.02006	0.02136	0.02024	0.12610	0.01777	0.01193	0.01804	0.01089	0.01708	0.01020	0.01434	0.07123	0.00360	0.56378	0.00670	0.00325	0.00799
69	0.01762	0.01692	0.02890	0.04371	0.70533	0.01692	0.02185	0.02185	0.01621	0.02326	0.01339	0.01762	0.01128	0.00634	0.00705	0.00211	0.00846	0.00634	0.00352	0.01128
70	0.00852	0.00680	0.00764	0.00831	0.00991	0.00592	0.00590	0.01010	0.01518	0.01881	0.05877	0.34338	0.43621	0.01977	0.00869	0.00260	0.00382	0.01715	0.00661	0.00592
71	0.10962	0.02599	0.01920	0.01645	0.02071	0.38006	0.01286	0.23750	0.02323	0.02789	0.01447	0.01567	0.02889	0.00809	0.00696	0.00202	0.03066	0.00543	0.00493	0.00937
72	0.01003	0.00683	0.00819	0.00874	0.00898	0.00673	0.00547	0.01061	0.01167	0.01551	0.02787	0.22278	0.03240	0.50901	0.02733	0.00561	0.00619	0.06612	0.00507	0.00486
73	0.01020	0.00738	0.00971	0.00959	0.01124	0.00690	0.00742	0.01342	0.01921	0.02676	0.55392	0.08165	0.08305	0.01574	0.00865	0.00243	0.00390	0.11465	0.00755	0.00664
74	0.01746	0.01675	0.02861	0.07036	0.67995	0.01688	0.02177	0.02171	0.01614	0.02307	0.01337	0.01768	0.01121	0.00637	0.00705	0.00212	0.00850	0.00634	0.00351	0.01115
75	0.01428	0.03683	0.71286	0.02030	0.03082	0.01654	0.02631	0.02255	0.01503	0.02255	0.01278	0.01503	0.00902	0.00677	0.00677	0.00226	0.01052	0.00526	0.00301	0.01052
76	0.01412	0.01491	0.03086	0.02337	0.02833	0.01397	0.45700	0.01855	0.01576	0.02128	0.02262	0.25922	0.02280	0.01139	0.00863	0.00256	0.00940	0.01232	0.00460	0.00834
77	0.02530	0.10287	0.02246	0.01612	0.02135	0.15003	0.01323	0.43466	0.08528	0.03548	0.01621	0.01650	0.01207	0.00815	0.00672	0.00204	0.00854	0.00593	0.00605	0.01101
78	0.05109	0.00758	0.00823	0.00811	0.00849	0.00779	0.00476	0.01196	0.03683	0.01535	0.02205	0.04403	0.02480	0.68306	0.03349	0.00649	0.00678	0.00993	0.00443	0.00476
79	0.01762	0.01692	0.02890	0.04371	0.70533	0.01692	0.02185	0.02185	0.01621	0.02326	0.01339	0.01762	0.01128	0.00634	0.00705	0.00211	0.00846	0.00634	0.00352	0.01128

[dist]
# distance from previous block
# <min> <max>
0	1

[block]
# block no. 3 follows, 29 sequences, length 113
# corresponding to MSA columns:
# 212-259,261-325
name=unknown_D
#
# <colnr> <probs for GDERKNQSTAVLIFYWHMCP>
#	G	D	E	R	K	N	Q	S	T	A	V	L	I	F	Y	W	H	M	C	P
0	0.02421	0.01553	0.01761	0.01425	0.01908	0.01653	0.01151	0.27822	0.21142	0.20953	0.08421	0.02476	0.02110	0.00946	0.00728	0.00224	0.00637	0.00763	0.00765	0.01140
1	0.01739	0.01668	0.02847	0.08298	0.66792	0.01686	0.02173	0.02164	0.01610	0.02297	0.01335	0.01770	0.01118	0.00639	0.00705	0.00213	0.00852	0.00634	0.00350	0.01109
2	0.02667	0.01742	0.01923	0.01488	0.02019	0.01872	0.01225	0.51183	0.02959	0.15689	0.01952	0.01916	0.01360	0.00857	0.00694	0.00211	0.00713	0.00656	0.07713	0.01162
3	0.01742	0.01064	0.01128	0.00995	0.01290	0.01131	0.00779	0.13237	0.13279	0.07016	0.02346	0.02484	0.01778	0.00860	0.00585	0.00190	0.00463	0.00687	0.48081	0.00865
4	0.03823	0.04933	0.06590	0.01955	0.02410	0.07881	0.23363	0.05615	0.04317	0.04573	0.02114	0.12916	0.05404	0.01043	0.00959	0.00244	0.09593	0.00927	0.00464	0.00877
5	0.01904	0.75404	0.03731	0.01218	0.01828	0.02818	0.01218	0.02132	0.01447	0.01675	0.00990	0.01142	0.00914	0.00609	0.00457	0.00152	0.00761	0.00381	0.00305	0.00914
6	0.01001	0.00728	0.00942	0.00888	0.01059	0.00669	0.00666	0.01330	0.01999	0.02815	0.67449	0.05385	0.09452	0.01471	0.00840	0.00225	0.00337	0.01297	0.00779	0.00669
7	0.04257	0.01656	0.02535	0.15401	0.34271	0.01747	0.05435	0.16510	0.01979	0.07103	0.01496	0.01808	0.01142	0.00710	0.00708	0.00219	0.00846	0.00645	0.00461	0.01073
8	0.01835	0.65082	0.13453	0.01335	0.02008	0.02650	0.01422	0.02150	0.01455	0.01759	0.01031	0.01194	0.00912	0.00619	0.00489	0.00163	0.00803	0.00402	0.00304	0.00934
9	0.00988	0.00788	0.00893	0.00856	0.01077	0.00725	0.00645	0.01383	0.07173	0.02417	0.34506	0.05846	0.36939	0.01584	0.00832	0.00233	0.00366	0.01353	0.00720	0.00674
10	0.00885	0.00633	0.00842	0.00979	0.01037	0.00590	0.00662	0.01036	0.01447	0.01950	0.12376	0.65682	0.04966	0.02132	0.00900	0.00281	0.00403	0.01930	0.00677	0.00590
11	0.01483	0.08209	0.49299	0.01992	0.02817	0.01768	0.08476	0.02135	0.01449	0.02117	0.01275	0.01659	0.00996	0.03927	0.00992	0.00252	0.09286	0.00578	0.00313	0.00976
12	0.01780	0.01748	0.02804	0.08350	0.63373	0.05040	0.02134	0.02195	0.01629	0.02268	0.01324	0.01748	0.01107	0.00644	0.00702	0.00212	0.00873	0.00626	0.00351	0.01093
13	0.00868	0.00620	0.00826	0.00991	0.01033	0.00578	0.00661	0.00991	0.01363	0.01818	0.03925	0.74510	0.04710	0.02231	0.00909	0.00289	0.00413	0.02024	0.00661	0.00578
14	0.01682	0.01610	0.02745	0.17624	0.57908	0.01671	0.02145	0.02115	0.01583	0.02229	0.01325	0.01789	0.01094	0.00649	0.00706	0.00216	0.00866	0.00634	0.00346	0.01063
15	0.00977	0.00837	0.00862	0.00878	0.01064	0.04290	0.00640	0.01178	0.01668	0.02090	0.19623	0.21788	0.38012	0.01772	0.00846	0.00245	0.00415	0.01523	0.00672	0.00623
16	0.01762	0.01692	0.02890	0.04371	0.70533	0.01692	0.02185	0.02185	0.01621	0.02326	0.01339	0.01762	0.01128	0.00634	0.00705	0.00211	0.00846	0.00634	0.00352	0.01128
17	0.03195	0.01212	0.01652	0.01267	0.01818	0.01047	0.01047	0.03470	0.02038	0.71026	0.02809	0.02424	0.01763	0.00881	0.00716	0.00220	0.00606	0.00716	0.00881	0.01212
18	0.01089	0.00787	0.01069	0.01174	0.01339	0.00766	0.00990	0.01404	0.01714	0.02273	0.18955	0.09505	0.08480	0.01851	0.00941	0.00298	0.00559	0.45469	0.00685	0.00654
19	0.02667	0.01597	0.01835	0.01457	0.01981	0.01678	0.01187	0.29226	0.18310	0.28661	0.02394	0.02195	0.01640	0.00891	0.00717	0.00223	0.00667	0.00707	0.00777	0.01192
20	0.01762	0.01692	0.02890	0.04371	0.70533	0.01692	0.02185	0.02185	0.01621	0.02326	0.01339	0.01762	0.01128	0.00634	0.00705	0.00211	0.00846	0.00634	0.00352	0.01128
21	0.00846	0.00704	0.00739	0.00767	0.00974	0.00597	0.00561	0.01017	0.01579	0.01906	0.06659	0.18262	0.59193	0.01875	0.00853	0.00249	0.00370	0.01591	0.00661	0.00597
22	0.01345	0.01266	0.02136	0.73264	0.04904	0.01582	0.01978	0.01819	0.01424	0.01819	0.01266	0.01898	0.00949	0.00712	0.00712	0.00237	0.00949	0.00633	0.00316	0.00791
23	0.02017	0.01549	0.01792	0.01512	0.01899	0.03597	0.03447	0.14626	0.30689	0.11148	0.07337	0.05121	0.02177	0.01029	0.00909	0.00240	0.08367	0.00818	0.00677	0.01048
24	0.01017	0.00763	0.01144	0.01144	0.01272	0.00890	0.00890	0.01272	0.01144	0.01653	0.01907	0.02797	0.01780	0.05340	0.72153	0.01144	0.01907	0.00763	0.00381	0.00636
25	0.00894	0.00638	0.00820	0.00963	0.01033	0.00592	0.00659	0.01040	0.01403	0.01874	0.04159	0.62786	0.10721	0.02121	0.00887	0.00281	0.00413	0.04098	0.04029	0.00587
26	0.00910	0.00650	0.00875	0.01040	0.01100	0.00615	0.00735	0.01065	0.01405	0.01866	0.03901	0.64357	0.04616	0.02191	0.00920	0.00295	0.00450	0.11756	0.00660	0.00590
27	0.01428	0.03683	0.71286	0.02030	0.03082	0.01654	0.02631	0.02255	0.01503	0.02255	0.01278	0.01503	0.00902	0.00677	0.00677	0.00226	0.01052	0.00526	0.00301	0.01052
28	0.01681	0.01921	0.04202	0.03001	0.03721	0.01801	0.67947	0.02281	0.01681	0.02281	0.01441	0.01921	0.01080	0.00600	0.00840	0.00240	0.01200	0.00840	0.00360	0.00960
29	0.00873	0.00723	0.00766	0.00755	0.00981	0.00615	0.00566	0.01084	0.01698	0.02102	0.19296	0.06558	0.58050	0.01737	0.00841	0.00237	0.00356	0.01462	0.00685	0.00615
30	0.01351	0.01006	0.01340	0.01242	0.01457	0.01151	0.00982	0.14487	0.01580	0.02213	0.01868	0.02582	0.01668	0.04454	0.58038	0.00961	0.01685	0.00739	0.00447	0.00749
31	0.01762	0.01692	0.02890	0.04371	0.70533	0.01692	0.02185	0.02185	0.01621	0.02326	0.01339	0.01762	0.01128	0.00634	0.00705	0.00211	0.00846	0.00634	0.00352	0.01128
32	0.01036	0.00690	0.00777	0.00777	0.00777	0.00690	0.00431	0.01036	0.01036	0.01381	0.02244	0.04660	0.02589	0.74975	0.03624	0.00690	0.00690	0.01036	0.00431	0.00431
33	0.01345	0.01266	0.02136	0.73264	0.04904	0.01582	0.01978	0.01819	0.01424	0.01819	0.01266	0.01898	0.00949	0.00712	0.00712	0.00237	0.00949	0.00633	0.00316	0.00791
34	0.01724	0.01652	0.02820	0.10760	0.64447	0.01682	0.02166	0.02151	0.01603	0.02279	0.01333	0.01775	0.01111	0.00642	0.00706	0.00214	0.00856	0.00634	0.00349	0.01097
35	0.01477	0.01266	0.01477	0.01055	0.01687	0.00949	0.00844	0.01793	0.01477	0.02320	0.01266	0.01477	0.01055	0.00527	0.00527	0.00105	0.00527	0.00422	0.00422	0.79328
36	0.01234	0.00966	0.01197	0.01341	0.01517	0.04884	0.01160	0.01553	0.01661	0.02109	0.03618	0.07647	0.03917	0.01897	0.00964	0.00320	0.00692	0.62019	0.00639	0.00665
37	0.02347	0.01401	0.01627	0.01375	0.01838	0.01478	0.01095	0.03657	0.42052	0.30513	0.02862	0.02562	0.02007	0.00932	0.00721	0.00233	0.00581	0.00769	0.00788	0.01161
38	0.02660	0.03394	0.02018	0.01834	0.02201	0.72116	0.01376	0.02843	0.02018	0.01743	0.01101	0.01284	0.00917	0.00734	0.00642	0.00183	0.01284	0.00459	0.00367	0.00825
39	0.01020	0.00752	0.01088	0.01088	0.01195	0.00859	0.00819	0.01235	0.01128	0.01611	0.01959	0.03084	0.01905	0.16066	0.61599	0.01074	0.01720	0.00805	0.00389	0.00604
40	0.01681	0.01921	0.04202	0.03001	0.03721	0.01801	0.67947	0.02281	0.01681	0.02281	0.01441	0.01921	0.01080	0.00600	0.00840	0.00240	0.01200	0.00840	0.00360	0.00960
41	0.00930	0.00728	0.00845	0.00825	0.01029	0.00642	0.00625	0.01188	0.01805	0.02362	0.36167	0.06190	0.38283	0.01649	0.00846	0.00236	0.00361	0.03932	0.00718	0.00636
42	0.01443	0.01230	0.01441	0.01051	0.01652	0.00929	0.00834	0.01749	0.01470	0.02293	0.01410	0.05452	0.01254	0.00620	0.00548	0.00115	0.00521	0.00509	0.00435	0.75042
43	0.01681	0.01921	0.04202	0.03001	0.03721	0.01801	0.67947	0.02281	0.01681	0.02281	0.01441	0.01921	0.01080	0.00600	0.00840	0.00240	0.01200	0.00840	0.00360	0.00960
44	0.02660	0.03394	0.02018	0.01834	0.02201	0.72116	0.01376	0.02843	0.02018	0.01743	0.01101	0.01284	0.00917	0.00734	0.00642	0.00183	0.01284	0.00459	0.00367	0.00825
45	0.02909	0.02077	0.01813	0.01505	0.01983	0.27504	0.01189	0.06772	0.04966	0.38804	0.02119	0.01972	0.01437	0.00829	0.00689	0.00207	0.00865	0.00620	0.00675	0.01065
46	0.01121	0.00801	0.01117	0.01281	0.01434	0.00797	0.01102	0.01430	0.01613	0.02102	0.03785	0.14285	0.04156	0.01992	0.00977	0.00324	0.00633	0.59747	0.00656	0.00648
47	0.00868	0.00620	0.00826	0.00991	0.01033	0.00578	0.00661	0.00991	0.01363	0.01818	0.03925	0.74510	0.04710	0.02231	0.00909	0.00289	0.00413	0.02024	0.00661	0.00578
48	0.01762	0.01692	0.02890	0.04371	0.70533	0.01692	0.02185	0.02185	0.01621	0.02326	0.01339	0.01762	0.01128	0.00634	0.00705	0.00211	0.00846	0.00634	0.00352	0.01128
49	0.01189	0.01008	0.01319	0.01251	0.01343	0.03909	0.00963	0.01380	0.01151	0.01624	0.01743	0.02801	0.01715	0.15666	0.44792	0.00873	0.15491	0.00768	0.00376	0.00638
50	0.01762	0.01692	0.02890	0.04371	0.70533	0.01692	0.02185	0.02185	0.01621	0.02326	0.01339	0.01762	0.01128	0.00634	0.00705	0.00211	0.00846	0.00634	0.00352	0.01128
51	0.05080	0.00718	0.00796	0.00807	0.00834	0.00725	0.00473	0.01085	0.01079	0.01520	0.02355	0.11783	0.02717	0.63546	0.03177	0.00624	0.00654	0.01105	0.00456	0.00464
52	0.01062	0.00735	0.00849	0.00833	0.00833	0.00767	0.00489	0.01070	0.01038	0.01398	0.02176	0.04500	0.02504	0.71183	0.03558	0.00671	0.04445	0.01014	0.00425	0.00449
53	0.01033	0.00701	0.00833	0.00833	0.00853	0.00721	0.00502	0.01072	0.01052	0.01422	0.02192	0.04374	0.02465	0.64286	0.14144	0.00760	0.00877	0.00994	0.00424	0.00463
54	0.01428	0.03683	0.71286	0.02030	0.03082	0.01654	0.02631	0.02255	0.01503	0.02255	0.01278	0.01503	0.00902	0.00677	0.00677	0.00226	0.01052	0.00526	0.00301	0.01052
55	0.01036	0.00690	0.00777	0.00777	0.00777	0.00690	0.00431	0.01036	0.01036	0.01381	0.02244	0.04660	0.02589	0.74975	0.03624	0.00690	0.00690	0.01036	0.00431	0.00431
56	0.00985	0.00738	0.00827	0.00805	0.01028	0.00637	0.00603	0.01208	0.01732	0.05035	0.23738	0.09738	0.46999	0.01694	0.00839	0.00238	0.00367	0.01439	0.00703	0.00644
57	0.00960	0.00688	0.00899	0.01037	0.01107	0.00660	0.00717	0.03806	0.01461	0.01946	0.03824	0.67700	0.04530	0.02159	0.00905	0.00288	0.00442	0.05599	0.00663	0.00609
58	0.02473	0.01675	0.01860	0.01487	0.01991	0.01815	0.01208	0.37547	0.19032	0.15716	0.05917	0.02261	0.01841	0.00919	0.00723	0.00222	0.00675	0.00729	0.00749	0.01161
59	0.02660	0.03394	0.02018	0.01834	0.02201	0.72116	0.01376	0.02843	0.02018	0.01743	0.01101	0.01284	0.00917	0.00734	0.00642	0.00183	0.01284	0.00459	0.00367	0.00825
60	0.01446	0.03575	0.67563	0.02157	0.06753	0.01656	0.02607	0.02251	0.01510	0.02259	0.01281	0.01517	0.00914	0.00674	0.00678	0.00225	0.01041	0.00532	0.00303	0.01056
61	0.01375	0.05301	0.02223	0.69342	0.04737	0.01649	0.01936	0.01836	0.01425	0.01811	0.01251	0.01857	0.00947	0.00706	0.00698	0.00233	0.00939	0.00619	0.00316	0.00798
62	0.05617	0.06676	0.05567	0.01839	0.02271	0.40257	0.09123	0.02591	0.04275	0.04812	0.01446	0.01645	0.03110	0.00795	0.00801	0.00208	0.07125	0.00568	0.00402	0.00871
63	0.00989	0.00727	0.00925	0.00876	0.01052	0.00664	0.00657	0.01307	0.01971	0.02749	0.62950	0.05495	0.13993	0.01496	0.00840	0.00226	0.00339	0.01312	0.00770	0.00664
64	0.03195	0.01212	0.01652	0.01267	0.01818	0.01047	0.01047	0.03470	0.02038	0.71026	0.02809	0.02424	0.01763	0.00881	0.00716	0.00220	0.00606	0.00716	0.00881	0.01212
65	0.01565	0.02588	0.30686	0.05963	0.03524	0.01732	0.38922	0.02249	0.01598	0.02249	0.01368	0.01754	0.01003	0.00636	0.00769	0.00234	0.01130	0.00706	0.00334	0.00989
66	0.01449	0.06770	0.68379	0.01995	0.03028	0.01704	0.02570	0.02250	0.01501	0.02230	0.01265	0.01488	0.00903	0.00674	0.00667	0.00222	0.01040	0.00520	0.00301	0.01046
67	0.00849	0.00722	0.00731	0.00729	0.00966	0.00604	0.00547	0.01036	0.01640	0.01963	0.09896	0.06787	0.67537	0.01789	0.00841	0.00240	0.00360	0.01494	0.00666	0.00604
68	0.01478	0.00744	0.00773	0.00733	0.00935	0.00744	0.00560	0.04370	0.01594	0.06244	0.02324	0.02606	0.01798	0.00833	0.00517	0.00171	0.00364	0.00665	0.71835	0.00713
69	0.23833	0.02513	0.08820	0.01543	0.02044	0.29939	0.01315	0.13404	0.01965	0.06597	0.01287	0.01407	0.00972	0.00736	0.00606	0.00205	0.00938	0.00490	0.00467	0.00919
70	0.01428	0.03683	0.71286	0.02030	0.03082	0.01654	0.02631	0.02255	0.01503	0.02255	0.01278	0.01503	0.00902	0.00677	0.00677	0.00226	0.01052	0.00526	0.00301	0.01052
71	0.01017	0.00763	0.01144	0.01144	0.01272	0.00890	0.00890	0.01272	0.01144	0.01653	0.01907	0.02797	0.01780	0.05340	0.72153	0.01144	0.01907	0.00763	0.00381	0.00636
72	0.00941	0.00762	0.00840	0.00814	0.01038	0.00680	0.00612	0.01260	0.04974	0.02282	0.27799	0.06146	0.46019	0.01649	0.00835	0.00235	0.00362	0.01399	0.00705	0.00650
73	0.01951	0.71093	0.03638	0.01243	0.01850	0.02782	0.01226	0.06009	0.01558	0.01840	0.01032	0.01176	0.00931	0.00624	0.00472	0.00156	0.00763	0.00396	0.00329	0.00931
74	0.01771	0.01530	0.01610	0.01449	0.01852	0.01771	0.01127	0.03784	0.69247	0.02979	0.02898	0.02657	0.02174	0.00966	0.00725	0.00242	0.00564	0.00805	0.00725	0.01127
75	0.01121	0.00801	0.01117	0.01281	0.01434	0.00797	0.01102	0.01430	0.01613	0.02102	0.03785	0.14278	0.04155	0.01992	0.00977	0.00324	0.00633	0.59754	0.00656	0.00648
76	0.12944	0.01913	0.01993	0.01545	0.02098	0.02127	0.01276	0.59409	0.03065	0.04316	0.01614	0.01636	0.01153	0.00829	0.00676	0.00215	0.00753	0.00607	0.00676	0.01153
77	0.01762	0.01692	0.02890	0.04371	0.70533	0.01692	0.02185	0.02185	0.01621	0.02326	0.01339	0.01762	0.01128	0.00634	0.00705	0.00211	0.00846	0.00634	0.00352	0.01128
78	0.00864	0.00722	0.00752	0.00745	0.00975	0.00611	0.00558	0.01065	0.01675	0.02048	0.15604	0.06648	0.61776	0.01757	0.00841	0.00238	0.00357	0.01474	0.00678	0.00611
79	0.01040	0.00802	0.01248	0.01207	0.01355	0.00921	0.03167	0.01306	0.01163	0.01674	0.01891	0.02768	0.01756	0.05180	0.69732	0.01114	0.01883	0.00766	0.00381	0.00647
80	0.01036	0.00749	0.01077	0.01077	0.01193	0.00856	0.00818	0.01266	0.01151	0.01677	0.01967	0.02997	0.01872	0.12831	0.60640	0.01041	0.01686	0.00788	0.04662	0.00615
81	0.02653	0.01968	0.02107	0.01628	0.02188	0.02183	0.01341	0.64489	0.07105	0.04402	0.01777	0.01764	0.01266	0.00861	0.00713	0.00215	0.00771	0.00650	0.00713	0.01206
82	0.01017	0.00763	0.01144	0.01144	0.01272	0.00890	0.00890	0.01272	0.01144	0.01653	0.01907	0.02797	0.01780	0.05340	0.72153	0.01144	0.01907	0.00763	0.00381	0.00636
83	0.01036	0.00690	0.00777	0.00777	0.00777	0.00690	0.00431	0.01036	0.01036	0.01381	0.02244	0.04660	0.02589	0.74975	0.03624	0.00690	0.00690	0.01036	0.00431	0.00431
84	0.01762	0.01692	0.02890	0.04371	0.70533	0.01692	0.02185	0.02185	0.01621	0.02326	0.01339	0.01762	0.01128	0.00634	0.00705	0.00211	0.00846	0.00634	0.00352	0.01128
85	0.02729	0.01892	0.02065	0.01591	0.02153	0.02064	0.01312	0.58765	0.05439	0.11851	0.01872	0.01821	0.01305	0.00862	0.00713	0.00215	0.00756	0.00655	0.00732	0.01208
86	0.01017	0.00763	0.01144	0.01144	0.01272	0.00890	0.00890	0.01272	0.01144	0.01653	0.01907	0.02797	0.01780	0.05340	0.72153	0.01144	0.01907	0.00763	0.00381	0.00636
87	0.02668	0.05656	0.02128	0.01551	0.02109	0.02082	0.01291	0.56612	0.03069	0.10537	0.01795	0.01777	0.01267	0.00844	0.00693	0.00210	0.00752	0.00635	0.03145	0.01179
88	0.07822	0.01864	0.01962	0.01554	0.02084	0.02084	0.01271	0.51430	0.15696	0.04113	0.01886	0.01851	0.01363	0.00863	0.00696	0.00219	0.00726	0.00655	0.00696	0.01165
89	0.01325	0.01231	0.02060	0.63072	0.08131	0.01499	0.01872	0.01765	0.01429	0.01847	0.01507	0.08363	0.01294	0.00843	0.00729	0.00241	0.00896	0.00757	0.00349	0.00790
90	0.00872	0.00638	0.00821	0.00954	0.01026	0.00586	0.00647	0.01015	0.01432	0.01890	0.08095	0.62453	0.12683	0.02135	0.00897	0.00280	0.00402	0.01920	0.00668	0.00586
91	0.04867	0.08336	0.01814	0.01554	0.06092	0.04411	0.01212	0.12104	0.10872	0.14014	0.02569	0.05742	0.02307	0.01187	0.00762	0.00247	0.00691	0.19625	0.00639	0.00955
92	0.04765	0.01661	0.02556	0.03452	0.49303	0.01678	0.01867	0.11820	0.01910	0.11722	0.01574	0.01821	0.01211	0.00700	0.00698	0.00213	0.00795	0.00638	0.00477	0.01139
93	0.00868	0.00620	0.00826	0.00991	0.01033	0.00578	0.00661	0.00991	0.01363	0.01818	0.03925	0.74510	0.04710	0.02231	0.00909	0.00289	0.00413	0.02024	0.00661	0.00578
94	0.01606	0.01633	0.03170	0.09673	0.24251	0.01604	0.32541	0.02104	0.01645	0.02289	0.04801	0.02316	0.01509	0.00728	0.00778	0.00231	0.00966	0.03464	0.03735	0.00958
95	0.01029	0.00717	0.00911	0.00911	0.00957	0.00763	0.00599	0.01122	0.01075	0.01480	0.02121	0.03980	0.02294	0.49575	0.28622	0.00856	0.01134	0.00936	0.00413	0.00506
96	0.01458	0.08206	0.67026	0.01978	0.03003	0.01727	0.02542	0.02247	0.01500	0.02218	0.01260	0.01481	0.00903	0.00672	0.00663	0.00221	0.01034	0.00517	0.00301	0.01044
97	0.01538	0.03657	0.65112	0.02012	0.03003	0.07934	0.02519	0.02307	0.01549	0.02209	0.01262	0.01484	0.00903	0.00682	0.00673	0.00222	0.01073	0.00520	0.00307	0.01032
98	0.06972	0.01442	0.01824	0.05943	0.07674	0.01509	0.01252	0.16192	0.08218	0.29502	0.04194	0.02185	0.01634	0.00877	0.00789	0.00225	0.04825	0.00688	0.02966	0.01089
99	0.01988	0.01102	0.01348	0.01089	0.01524	0.00989	0.00867	0.02491	0.09519	0.25655	0.13738	0.02744	0.02485	0.00896	0.00662	0.00188	0.00498	0.00745	0.11736	0.19735
100	0.02122	0.01750	0.01805	0.01527	0.01986	0.04186	0.01213	0.25945	0.44366	0.03459	0.02431	0.02286	0.01801	0.00920	0.00718	0.00230	0.00663	0.00737	0.00709	0.01146
101	0.01707	0.01623	0.02758	0.08141	0.63240	0.01641	0.02120	0.02128	0.01611	0.02287	0.01460	0.02093	0.01271	0.00707	0.00720	0.00219	0.00842	0.03983	0.00366	0.01084
102	0.01870	0.70325	0.08515	0.01276	0.01916	0.02735	0.01318	0.02141	0.01451	0.01716	0.01010	0.01168	0.00913	0.00614	0.00472	0.00157	0.00782	0.00391	0.00304	0.00924
103	0.01904	0.75404	0.03731	0.01218	0.01828	0.02818	0.01218	0.02132	0.01447	0.01675	0.00990	0.01142	0.00914	0.00609	0.00457	0.00152	0.00761	0.00381	0.00305	0.00914
