[name]
unknown

[dist]
# distance from previous block
# <min> <max>
0	31

[block]
# block no. 0 follows, 32 sequences, length 31
# corresponding to MSA columns:
# 33-63
name=unknown_A
#
# <colnr> <probs for GDERKNQSTAVLIFYWHMCP>
#	G	D	E	R	K	N	Q	S	T	A	V	L	I	F	Y	W	H	M	C	P
0	0.01731	0.16953	0.17512	0.02133	0.18077	0.07800	0.03777	0.09008	0.07372	0.02246	0.01574	0.01877	0.03328	0.00732	0.00627	0.00197	0.00820	0.02885	0.00396	0.00956
1	0.04502	0.13441	0.02138	0.01949	0.18142	0.08791	0.01306	0.17103	0.06216	0.04662	0.07853	0.02282	0.04533	0.00837	0.00643	0.00197	0.00713	0.03258	0.00499	0.00937
2	0.06612	0.23367	0.10241	0.06285	0.15963	0.09134	0.01507	0.08292	0.06832	0.03934	0.01291	0.01470	0.01027	0.00658	0.00576	0.00187	0.00795	0.00502	0.00387	0.00939
3	0.04889	0.22709	0.27352	0.01800	0.10883	0.01840	0.01685	0.10021	0.01624	0.04219	0.01497	0.03502	0.03801	0.00719	0.00592	0.00192	0.00791	0.00556	0.00379	0.00948
4	0.04790	0.14596	0.17560	0.02658	0.33136	0.03370	0.01819	0.05078	0.06744	0.02228	0.01302	0.01540	0.01044	0.00638	0.00610	0.00195	0.00801	0.00536	0.00358	0.00998
5	0.01378	0.22735	0.36363	0.04328	0.02249	0.01664	0.01708	0.01865	0.01402	0.01902	0.03907	0.02264	0.06573	0.05213	0.00774	0.00225	0.00808	0.03442	0.00346	0.00853
6	0.04348	0.05482	0.35580	0.02265	0.19110	0.06973	0.01970	0.04229	0.03272	0.06940	0.02839	0.01602	0.01107	0.00669	0.00634	0.00203	0.00874	0.00543	0.00372	0.00987
7	0.06954	0.02264	0.28527	0.02544	0.28417	0.03526	0.01929	0.02033	0.01435	0.02184	0.01189	0.01479	0.00940	0.00627	0.00676	0.00196	0.03732	0.00515	0.00326	0.10508
8	0.01552	0.01466	0.02458	0.08249	0.58988	0.01470	0.01873	0.01926	0.01490	0.02120	0.01465	0.08067	0.01340	0.00728	0.00675	0.00203	0.00756	0.00703	0.00358	0.04113
9	0.03888	0.01301	0.01792	0.05730	0.13832	0.01113	0.05163	0.01790	0.01416	0.02184	0.01206	0.01475	0.00993	0.00532	0.00550	0.00134	0.00608	0.00465	0.00378	0.55452
10	0.00951	0.00731	0.00852	0.00801	0.00994	0.00641	0.00573	0.01143	0.01493	0.02012	0.24103	0.11513	0.24208	0.15655	0.01258	0.00291	0.00416	0.01191	0.00588	0.10584
11	0.01097	0.00718	0.00922	0.00867	0.01040	0.00660	0.00649	0.01367	0.01767	0.07704	0.51897	0.06621	0.10043	0.07862	0.01016	0.00255	0.00380	0.03791	0.00701	0.00644
12	0.01632	0.00951	0.01365	0.01123	0.01471	0.00837	0.07623	0.01903	0.01718	0.24506	0.18924	0.09383	0.20557	0.01227	0.00750	0.00216	0.00496	0.01076	0.00678	0.03565
13	0.01519	0.01449	0.02467	0.29615	0.47846	0.01557	0.01989	0.01935	0.01461	0.02020	0.01237	0.01707	0.01002	0.00624	0.00667	0.00208	0.00832	0.00597	0.00320	0.00948
14	0.02164	0.02154	0.01857	0.01738	0.07217	0.26224	0.01268	0.19095	0.26064	0.02707	0.01777	0.01787	0.01355	0.00787	0.00652	0.00201	0.00831	0.00599	0.00539	0.00985
15	0.02416	0.01142	0.01429	0.01164	0.01588	0.01087	0.00936	0.10089	0.08564	0.44150	0.02736	0.09729	0.04002	0.00984	0.00681	0.00212	0.00541	0.00816	0.06713	0.01019
16	0.01715	0.01092	0.01295	0.01124	0.01458	0.01123	0.00885	0.07470	0.21413	0.18223	0.18432	0.03393	0.10479	0.01434	0.07089	0.00292	0.00597	0.00899	0.00693	0.00895
17	0.01794	0.76823	0.03516	0.01148	0.01722	0.02655	0.01148	0.02009	0.01363	0.01579	0.00933	0.01076	0.00861	0.00574	0.00431	0.00144	0.00718	0.00359	0.00287	0.00861
18	0.00825	0.00611	0.00771	0.00880	0.00964	0.00557	0.00603	0.00969	0.01384	0.01819	0.10381	0.56939	0.16917	0.01963	0.00839	0.00259	0.00374	0.01756	0.00633	0.00557
19	0.01584	0.01810	0.03959	0.02828	0.03507	0.01697	0.69796	0.02149	0.01584	0.02149	0.01357	0.01810	0.01018	0.00566	0.00792	0.00226	0.01131	0.00792	0.00339	0.00905
20	0.01267	0.01193	0.02013	0.74806	0.04621	0.01491	0.01863	0.01714	0.01342	0.01714	0.01193	0.01789	0.00894	0.00671	0.00671	0.00224	0.00894	0.00596	0.00298	0.00745
21	0.01252	0.00707	0.00946	0.00998	0.01142	0.00646	0.00722	0.01412	0.01433	0.15196	0.03592	0.54554	0.06132	0.01829	0.00825	0.00261	0.00439	0.06586	0.00662	0.00664
22	0.01637	0.01570	0.02681	0.08315	0.68219	0.01588	0.02048	0.02039	0.01517	0.02164	0.01258	0.01668	0.01053	0.00602	0.00665	0.00201	0.00803	0.00598	0.00330	0.01044
23	0.00822	0.00591	0.00780	0.00923	0.00972	0.00549	0.00620	0.00948	0.01316	0.01753	0.06360	0.71025	0.06734	0.02061	0.00852	0.00269	0.00385	0.01865	0.00627	0.00549
24	0.01390	0.02764	0.46946	0.01733	0.02465	0.08575	0.04758	0.01986	0.01510	0.02060	0.04031	0.02636	0.05969	0.00887	0.00692	0.00222	0.00909	0.09215	0.00371	0.00880
25	0.01661	0.01594	0.02724	0.04119	0.72233	0.01594	0.02059	0.02059	0.01528	0.02192	0.01262	0.01661	0.01063	0.00598	0.00664	0.00199	0.00797	0.00598	0.00332	0.01063
26	0.00818	0.00584	0.00779	0.00934	0.00973	0.00545	0.00623	0.00934	0.01285	0.01713	0.03698	0.75981	0.04438	0.02102	0.00856	0.00273	0.00389	0.01908	0.00623	0.00545
27	0.01081	0.00772	0.01081	0.01236	0.01390	0.00772	0.01081	0.01390	0.01545	0.02008	0.03553	0.07569	0.03862	0.01854	0.00927	0.00309	0.00618	0.67717	0.00618	0.00618
28	0.01646	0.01830	0.09662	0.07339	0.58940	0.04654	0.02059	0.02075	0.01523	0.02138	0.01243	0.01624	0.01025	0.00609	0.00659	0.00201	0.00839	0.00581	0.00326	0.01028
29	0.02506	0.03198	0.01901	0.01729	0.02074	0.73725	0.01296	0.02679	0.01901	0.01642	0.01037	0.01210	0.00864	0.00691	0.00605	0.00173	0.01210	0.00432	0.00346	0.00778
30	0.01327	0.01119	0.01303	0.00959	0.01484	0.00857	0.00752	0.01599	0.01382	0.02126	0.03883	0.01898	0.03474	0.06251	0.00735	0.00148	0.00497	0.00500	0.00417	0.69290

[dist]
# distance from previous block
# <min> <max>
0	21

[block]
# block no. 1 follows, 32 sequences, length 14
# corresponding to MSA columns:
# 85-98
name=unknown_B
#
# <colnr> <probs for GDERKNQSTAVLIFYWHMCP>
#	G	D	E	R	K	N	Q	S	T	A	V	L	I	F	Y	W	H	M	C	P
0	0.01626	0.49377	0.29493	0.01434	0.02164	0.02245	0.01646	0.02052	0.01383	0.01783	0.01034	0.01204	0.00857	0.00598	0.00508	0.00169	0.00820	0.00410	0.00286	0.00910
1	0.01661	0.01594	0.02724	0.04119	0.72233	0.01594	0.02059	0.02059	0.01528	0.02192	0.01262	0.01661	0.01063	0.00598	0.00664	0.00199	0.00797	0.00598	0.00332	0.01063
2	0.01356	0.01255	0.04502	0.01023	0.01604	0.00904	0.00857	0.01677	0.01430	0.02221	0.06472	0.01663	0.01386	0.00568	0.00525	0.00113	0.00505	0.00463	0.00418	0.71055
3	0.00910	0.00684	0.00842	0.00802	0.00978	0.00616	0.00602	0.01189	0.01805	0.02467	0.55312	0.05380	0.23037	0.01455	0.00792	0.00215	0.00322	0.01265	0.00709	0.00616
4	0.00987	0.00829	0.00897	0.00851	0.01083	0.03400	0.00648	0.01223	0.01636	0.02134	0.26660	0.09249	0.33089	0.01465	0.00767	0.00214	0.00400	0.05115	0.00627	0.08726
5	0.00799	0.00657	0.00703	0.00739	0.00922	0.00561	0.00536	0.00956	0.01472	0.01789	0.06072	0.22729	0.56158	0.01794	0.00808	0.00237	0.00351	0.01531	0.00623	0.00561
6	0.01391	0.01193	0.01391	0.00994	0.01590	0.00894	0.00795	0.01690	0.01391	0.02186	0.01193	0.01391	0.00994	0.00497	0.00497	0.00099	0.00497	0.00398	0.00398	0.80521
7	0.01553	0.19875	0.52712	0.01694	0.02561	0.01769	0.02083	0.02172	0.01437	0.06513	0.01235	0.01395	0.00904	0.00636	0.00593	0.00197	0.00903	0.00476	0.00319	0.00972
8	0.08954	0.01285	0.01977	0.36163	0.06414	0.01427	0.07996	0.03971	0.01439	0.02107	0.05715	0.01846	0.01268	0.00705	0.00723	0.00206	0.04761	0.00604	0.00369	0.12070
9	0.01527	0.01384	0.01586	0.10296	0.02041	0.05791	0.01036	0.06117	0.01506	0.02185	0.01188	0.01448	0.00975	0.00596	0.00651	0.00139	0.05618	0.00450	0.00392	0.55073
10	0.01562	0.01493	0.02545	0.21904	0.55222	0.01568	0.02010	0.01972	0.01481	0.02072	0.01245	0.01693	0.01020	0.00616	0.00666	0.00205	0.00822	0.00597	0.00324	0.00983
11	0.05846	0.05473	0.26762	0.01937	0.11475	0.06192	0.03947	0.12789	0.01795	0.10955	0.03351	0.01650	0.01175	0.00695	0.00634	0.00200	0.00827	0.00558	0.00444	0.03294
12	0.01533	0.06425	0.07277	0.24478	0.43264	0.01630	0.01972	0.01959	0.01455	0.02008	0.01217	0.01644	0.00986	0.00620	0.00649	0.00204	0.00834	0.00575	0.00316	0.00952
13	0.13552	0.20435	0.02270	0.01719	0.11060	0.18147	0.01259	0.15165	0.06272	0.02462	0.01243	0.01378	0.00998	0.00676	0.00560	0.00183	0.00802	0.00479	0.00423	0.00915

[dist]
# distance from previous block
# <min> <max>
0	1

[block]
# block no. 2 follows, 32 sequences, length 104
# corresponding to MSA columns:
# 100-147,151-206
name=unknown_C
#
# <colnr> <probs for GDERKNQSTAVLIFYWHMCP>
#	G	D	E	R	K	N	Q	S	T	A	V	L	I	F	Y	W	H	M	C	P
0	0.01376	0.01291	0.07518	0.01270	0.01590	0.01202	0.01088	0.09109	0.23521	0.02485	0.07537	0.16723	0.05296	0.01350	0.00773	0.00248	0.00566	0.15606	0.00624	0.00831
1	0.01795	0.01316	0.01496	0.01144	0.01664	0.03555	0.00919	0.11541	0.03960	0.12551	0.01558	0.01689	0.01200	0.01005	0.06962	0.00221	0.00680	0.00507	0.00502	0.45733
2	0.01969	0.01418	0.01650	0.01321	0.01749	0.03926	0.02898	0.18133	0.12362	0.14827	0.11433	0.02268	0.02019	0.00864	0.00768	0.00196	0.05843	0.00684	0.00614	0.15057
3	0.01243	0.00819	0.01026	0.00901	0.01164	0.00730	0.00693	0.01587	0.04048	0.10572	0.47072	0.04361	0.11826	0.01231	0.00742	0.00200	0.00375	0.01066	0.00697	0.09648
4	0.01391	0.01193	0.01391	0.00994	0.01590	0.00894	0.00795	0.01690	0.01391	0.02186	0.01193	0.01391	0.00994	0.00497	0.00497	0.00099	0.00497	0.00398	0.00398	0.80521
5	0.01764	0.27214	0.27576	0.01521	0.02212	0.02035	0.01633	0.15197	0.10358	0.02429	0.01381	0.01476	0.01058	0.00682	0.00581	0.00189	0.00795	0.00504	0.00408	0.00986
6	0.00976	0.00651	0.00732	0.00732	0.00732	0.00651	0.00407	0.00976	0.00976	0.01301	0.02114	0.04391	0.02439	0.76419	0.03415	0.00651	0.00651	0.00976	0.00407	0.00407
7	0.00930	0.00685	0.00869	0.00823	0.00990	0.00625	0.00617	0.01228	0.01852	0.02579	0.63597	0.05196	0.14683	0.01413	0.00792	0.00213	0.00320	0.01239	0.00724	0.00625
8	0.01267	0.01193	0.02013	0.74806	0.04621	0.01491	0.01863	0.01714	0.01342	0.01714	0.01193	0.01789	0.00894	0.00671	0.00671	0.00224	0.00894	0.00596	0.00298	0.00745
9	0.02506	0.03198	0.01901	0.01729	0.02074	0.73725	0.01296	0.02679	0.01901	0.01642	0.01037	0.01210	0.00864	0.00691	0.00605	0.00173	0.01210	0.00432	0.00346	0.00778
10	0.00950	0.00686	0.00897	0.00844	0.01002	0.00633	0.00633	0.01266	0.01899	0.02691	0.71879	0.05012	0.06331	0.01372	0.00791	0.00211	0.00317	0.01213	0.00739	0.00633
11	0.01081	0.00772	0.01081	0.01236	0.01390	0.00772	0.01081	0.01390	0.01545	0.02008	0.03553	0.07569	0.03862	0.01854	0.00927	0.00309	0.00618	0.67717	0.00618	0.00618
12	0.81159	0.01298	0.00986	0.00882	0.01298	0.01505	0.00727	0.01972	0.01142	0.03010	0.00934	0.01090	0.00727	0.00623	0.00415	0.00208	0.00519	0.00363	0.00415	0.00727
13	0.02551	0.01879	0.02014	0.01544	0.02081	0.02081	0.01275	0.69996	0.03155	0.04229	0.01611	0.01611	0.01141	0.00805	0.00671	0.00201	0.00738	0.00604	0.00671	0.01141
14	0.02551	0.01879	0.02014	0.01544	0.02081	0.02081	0.01275	0.69996	0.03155	0.04229	0.01611	0.01611	0.01141	0.00805	0.00671	0.00201	0.00738	0.00604	0.00671	0.01141
15	0.03010	0.01142	0.01557	0.01194	0.01713	0.00986	0.00986	0.03270	0.01920	0.72698	0.02647	0.02284	0.01661	0.00830	0.00675	0.00208	0.00571	0.00675	0.00830	0.01142
16	0.81159	0.01298	0.00986	0.00882	0.01298	0.01505	0.00727	0.01972	0.01142	0.03010	0.00934	0.01090	0.00727	0.00623	0.00415	0.00208	0.00519	0.00363	0.00415	0.00727
17	0.03010	0.01142	0.01557	0.01194	0.01713	0.00986	0.00986	0.03270	0.01920	0.72698	0.02647	0.02284	0.01661	0.00830	0.00675	0.00208	0.00571	0.00675	0.00830	0.01142
18	0.81159	0.01298	0.00986	0.00882	0.01298	0.01505	0.00727	0.01972	0.01142	0.03010	0.00934	0.01090	0.00727	0.00623	0.00415	0.00208	0.00519	0.00363	0.00415	0.00727
19	0.02551	0.01879	0.02014	0.01544	0.02081	0.02081	0.01275	0.69996	0.03155	0.04229	0.01611	0.01611	0.01141	0.00805	0.00671	0.00201	0.00738	0.00604	0.00671	0.01141
20	0.81159	0.01298	0.00986	0.00882	0.01298	0.01505	0.00727	0.01972	0.01142	0.03010	0.00934	0.01090	0.00727	0.00623	0.00415	0.00208	0.00519	0.00363	0.00415	0.00727
21	0.01346	0.03471	0.72942	0.01912	0.02904	0.01558	0.02479	0.02125	0.01417	0.02125	0.01204	0.01417	0.00850	0.00637	0.00637	0.00212	0.00992	0.00496	0.00283	0.00992
22	0.00976	0.00651	0.00732	0.00732	0.00732	0.00651	0.00407	0.00976	0.00976	0.01301	0.02114	0.04391	0.02439	0.76419	0.03415	0.00651	0.00651	0.00976	0.00407	0.00407
23	0.01468	0.01468	0.02055	0.01762	0.01762	0.02055	0.01468	0.01615	0.01028	0.01615	0.00881	0.01468	0.00881	0.01174	0.02202	0.00294	0.75191	0.00587	0.00294	0.00734
24	0.00950	0.00686	0.00897	0.00844	0.01002	0.00633	0.00633	0.01266	0.01899	0.02691	0.71879	0.05012	0.06331	0.01372	0.00791	0.00211	0.00317	0.01213	0.00739	0.00633
25	0.00959	0.00719	0.01078	0.01078	0.01198	0.00839	0.00839	0.01198	0.01078	0.01558	0.01797	0.02636	0.01677	0.05032	0.73760	0.01078	0.01797	0.00719	0.00359	0.00599
26	0.01267	0.01193	0.02013	0.74806	0.04621	0.01491	0.01863	0.01714	0.01342	0.01714	0.01193	0.01789	0.00894	0.00671	0.00671	0.00224	0.00894	0.00596	0.00298	0.00745
27	0.01468	0.01468	0.02055	0.01762	0.01762	0.02055	0.01468	0.01615	0.01028	0.01615	0.00881	0.01468	0.00881	0.01174	0.02202	0.00294	0.75191	0.00587	0.00294	0.00734
28	0.00818	0.00584	0.00779	0.00934	0.00973	0.00545	0.00623	0.00934	0.01285	0.01713	0.03698	0.75981	0.04438	0.02102	0.00856	0.00273	0.00389	0.01908	0.00623	0.00545
29	0.01267	0.01193	0.02013	0.74806	0.04621	0.01491	0.01863	0.01714	0.01342	0.01714	0.01193	0.01789	0.00894	0.00671	0.00671	0.00224	0.00894	0.00596	0.00298	0.00745
30	0.01267	0.01193	0.02013	0.74806	0.04621	0.01491	0.01863	0.01714	0.01342	0.01714	0.01193	0.01789	0.00894	0.00671	0.00671	0.00224	0.00894	0.00596	0.00298	0.00745
31	0.01661	0.01594	0.02724	0.04119	0.72233	0.01594	0.02059	0.02059	0.01528	0.02192	0.01262	0.01661	0.01063	0.00598	0.00664	0.00199	0.00797	0.00598	0.00332	0.01063
32	0.01346	0.03471	0.72942	0.01912	0.02904	0.01558	0.02479	0.02125	0.01417	0.02125	0.01204	0.01417	0.00850	0.00637	0.00637	0.00212	0.00992	0.00496	0.00283	0.00992
33	0.00959	0.00716	0.01063	0.01063	0.01177	0.00830	0.00819	0.01188	0.01074	0.01546	0.01812	0.02715	0.01712	0.08245	0.70594	0.01059	0.01746	0.00730	0.00362	0.00590
34	0.02968	0.01211	0.01600	0.01226	0.01747	0.01088	0.01013	0.09489	0.02036	0.66317	0.02551	0.02221	0.01613	0.00828	0.00674	0.00207	0.00587	0.00668	0.00816	0.01142
35	0.01267	0.01193	0.02013	0.74806	0.04621	0.01491	0.01863	0.01714	0.01342	0.01714	0.01193	0.01789	0.00894	0.00671	0.00671	0.00224	0.00894	0.00596	0.00298	0.00745
36	0.01584	0.01810	0.03959	0.02828	0.03507	0.01697	0.69796	0.02149	0.01584	0.02149	0.01357	0.01810	0.01018	0.00566	0.00792	0.00226	0.01131	0.00792	0.00339	0.00905
37	0.01637	0.01570	0.02681	0.08350	0.68186	0.01588	0.02048	0.02039	0.01517	0.02164	0.01258	0.01668	0.01053	0.00602	0.00665	0.00201	0.00803	0.00598	0.00330	0.01044
38	0.01193	0.01051	0.01257	0.01151	0.01264	0.07827	0.05508	0.01327	0.01163	0.01512	0.01907	0.06610	0.02034	0.36859	0.18324	0.00617	0.06660	0.02786	0.00393	0.00557
39	0.00855	0.00700	0.00766	0.00799	0.01010	0.00611	0.00632	0.01055	0.01533	0.01855	0.06101	0.06696	0.57349	0.01732	0.00822	0.00244	0.00400	0.15642	0.00622	0.00577
40	0.01605	0.01751	0.03622	0.03180	0.22251	0.01669	0.51322	0.02125	0.01568	0.02161	0.01331	0.01769	0.01030	0.00574	0.00757	0.00219	0.01040	0.00739	0.00337	0.00948
41	0.01525	0.03086	0.55210	0.01904	0.02754	0.06141	0.06862	0.02259	0.04600	0.05105	0.01324	0.01518	0.00952	0.00674	0.00699	0.00214	0.03335	0.00534	0.00333	0.00973
42	0.01647	0.01634	0.02949	0.03883	0.59682	0.01613	0.14430	0.02076	0.01538	0.02184	0.01280	0.01688	0.01055	0.00592	0.00688	0.00204	0.00858	0.00633	0.00333	0.01034
43	0.25460	0.01557	0.01600	0.01281	0.01766	0.01706	0.01052	0.33951	0.08309	0.14429	0.01673	0.01642	0.01181	0.00765	0.00598	0.00206	0.00630	0.00558	0.00622	0.01014
44	0.01414	0.02087	0.30007	0.11108	0.06327	0.01475	0.01791	0.01873	0.01349	0.06352	0.03721	0.06353	0.01397	0.03459	0.03110	0.00271	0.16010	0.00676	0.00366	0.00852
45	0.01725	0.01555	0.02715	0.12257	0.46560	0.01571	0.11958	0.04410	0.01596	0.07084	0.01376	0.01740	0.01080	0.00625	0.00685	0.00207	0.00841	0.00632	0.00375	0.01009
46	0.01362	0.06045	0.70506	0.01886	0.02863	0.01597	0.02432	0.02121	0.01415	0.02106	0.01195	0.01405	0.00850	0.00635	0.00630	0.00210	0.00982	0.00491	0.00283	0.00987
47	0.01455	0.01236	0.04443	0.12875	0.14581	0.01191	0.07798	0.04060	0.05898	0.08777	0.02431	0.23193	0.04209	0.01162	0.00747	0.00234	0.00675	0.03696	0.00508	0.00829
48	0.01102	0.00660	0.00887	0.00977	0.01080	0.00608	0.00684	0.01243	0.01373	0.10647	0.03561	0.64385	0.04069	0.01934	0.00836	0.00266	0.00420	0.03994	0.00649	0.00623
49	0.01742	0.55983	0.18601	0.01353	0.02004	0.07040	0.01449	0.02078	0.01410	0.01702	0.00999	0.01159	0.00859	0.00596	0.00487	0.00161	0.00810	0.00394	0.00290	0.00884
50	0.01699	0.28096	0.33657	0.01595	0.02326	0.06116	0.04632	0.04316	0.01533	0.06063	0.03352	0.01471	0.01084	0.00655	0.00580	0.00187	0.00864	0.00494	0.00348	0.00934
51	0.01636	0.02907	0.54528	0.04215	0.02797	0.01469	0.06268	0.02305	0.01509	0.13928	0.01455	0.01598	0.00997	0.00667	0.00654	0.00213	0.00926	0.00547	0.00379	0.01004
52	0.00962	0.00704	0.01001	0.01001	0.01094	0.00797	0.00743	0.01149	0.01056	0.01501	0.01868	0.03026	0.01847	0.20903	0.58121	0.00983	0.01542	0.00776	0.00370	0.00556
53	0.01518	0.01598	0.02777	0.02245	0.05205	0.01906	0.26430	0.01828	0.01250	0.01833	0.01070	0.01600	0.00938	0.00929	0.01626	0.00265	0.45198	0.00662	0.00312	0.00809
54	0.01545	0.04600	0.12382	0.19745	0.15853	0.03548	0.23814	0.02035	0.01496	0.04188	0.01366	0.03904	0.01086	0.00664	0.00699	0.00215	0.00944	0.00674	0.00343	0.00899
55	0.01661	0.01594	0.02724	0.04119	0.72233	0.01594	0.02059	0.02059	0.01528	0.02192	0.01262	0.01661	0.01063	0.00598	0.00664	0.00199	0.00797	0.00598	0.00332	0.01063
56	0.00817	0.00607	0.00762	0.00879	0.00961	0.00552	0.00600	0.00951	0.01355	0.01765	0.06545	0.59497	0.18270	0.01996	0.00841	0.00261	0.00377	0.01785	0.00627	0.00552
57	0.01394	0.11424	0.65415	0.01830	0.02776	0.01677	0.02335	0.02112	0.01411	0.02066	0.01175	0.01380	0.00851	0.00631	0.00615	0.00205	0.00962	0.00481	0.00284	0.00977
58	0.01490	0.14643	0.41589	0.04666	0.04905	0.04069	0.12802	0.02087	0.01455	0.02009	0.01257	0.01639	0.00985	0.00657	0.00639	0.00206	0.00956	0.02706	0.00308	0.00931
59	0.02506	0.03198	0.01901	0.01729	0.02074	0.73725	0.01296	0.02679	0.01901	0.01642	0.01037	0.01210	0.00864	0.00691	0.00605	0.00173	0.01210	0.00432	0.00346	0.00778
60	0.01563	0.01448	0.02524	0.29812	0.38622	0.01541	0.07867	0.01989	0.01480	0.04821	0.01300	0.01746	0.01021	0.00631	0.00678	0.00211	0.00853	0.00617	0.00340	0.00936
61	0.01384	0.01352	0.02415	0.37167	0.22145	0.01468	0.13229	0.01810	0.01435	0.01918	0.01565	0.06191	0.03469	0.00750	0.00704	0.00220	0.00861	0.00732	0.00343	0.00840
62	0.01741	0.04010	0.09964	0.01914	0.17050	0.01244	0.04876	0.06083	0.03731	0.17718	0.02706	0.12716	0.11268	0.01030	0.00707	0.00217	0.00654	0.00902	0.00545	0.00923
63	0.02992	0.01171	0.01575	0.01208	0.01728	0.01030	0.00998	0.05927	0.01970	0.69972	0.02606	0.02257	0.01640	0.00829	0.00675	0.00207	0.00578	0.00672	0.00824	0.01142
64	0.01440	0.09484	0.64744	0.01824	0.02765	0.01630	0.02318	0.02154	0.01429	0.04483	0.01231	0.01418	0.00879	0.00639	0.00622	0.00207	0.00955	0.00491	0.00302	0.00986
65	0.01382	0.05802	0.64506	0.01967	0.02917	0.01608	0.08378	0.02123	0.01430	0.02109	0.01209	0.01440	0.00865	0.00629	0.00644	0.00211	0.00995	0.00517	0.00288	0.00980
66	0.01469	0.01162	0.01865	0.37098	0.17416	0.01274	0.01550	0.01839	0.01504	0.10054	0.08207	0.06244	0.05761	0.00871	0.00697	0.00218	0.00727	0.00777	0.00442	0.00825
67	0.01669	0.01441	0.01517	0.01365	0.01745	0.01669	0.01062	0.03565	0.71021	0.02807	0.02731	0.02503	0.02048	0.00910	0.00683	0.00228	0.00531	0.00759	0.00683	0.01062
68	0.02966	0.01322	0.01587	0.01241	0.01744	0.07346	0.01013	0.03218	0.01919	0.66485	0.02506	0.02190	0.01591	0.00818	0.00669	0.00205	0.00627	0.00654	0.00788	0.01110
69	0.01648	0.01581	0.02701	0.06394	0.70057	0.01591	0.02053	0.02048	0.01522	0.02177	0.01260	0.01665	0.01057	0.00600	0.00664	0.00200	0.00800	0.00598	0.00331	0.01053
70	0.01661	0.01594	0.02724	0.04119	0.72233	0.01594	0.02059	0.02059	0.01528	0.02192	0.01262	0.01661	0.01063	0.00598	0.00664	0.00199	0.00797	0.00598	0.00332	0.01063
71	0.01267	0.01193	0.02013	0.74806	0.04621	0.01491	0.01863	0.01714	0.01342	0.01714	0.01193	0.01789	0.00894	0.00671	0.00671	0.00224	0.00894	0.00596	0.00298	0.00745
72	0.02726	0.01230	0.01905	0.01444	0.01974	0.01087	0.11444	0.03034	0.01856	0.59499	0.02483	0.02397	0.01641	0.00826	0.00701	0.00214	0.00658	0.03045	0.00748	0.01088
73	0.01661	0.01594	0.02724	0.04119	0.72233	0.01594	0.02059	0.02059	0.01528	0.02192	0.01262	0.01661	0.01063	0.00598	0.00664	0.00199	0.00797	0.00598	0.00332	0.01063
74	0.01267	0.01193	0.02013	0.74806	0.04621	0.01491	0.01863	0.01714	0.01342	0.01714	0.01193	0.01789	0.00894	0.00671	0.00671	0.00224	0.00894	0.00596	0.00298	0.00745
75	0.00899	0.00707	0.01093	0.01125	0.01229	0.00663	0.07280	0.01065	0.01321	0.01764	0.03469	0.66769	0.04092	0.01947	0.00852	0.00269	0.00468	0.03809	0.00595	0.00582
76	0.01647	0.01581	0.02700	0.06488	0.69967	0.01591	0.02053	0.02048	0.01522	0.02176	0.01260	0.01665	0.01057	0.00600	0.00664	0.00200	0.00800	0.00598	0.00331	0.01052
77	0.01605	0.01537	0.02622	0.14196	0.62594	0.01580	0.02031	0.02010	0.01501	0.02124	0.01252	0.01679	0.01039	0.00608	0.00665	0.00203	0.00811	0.00598	0.00327	0.01018
78	0.01661	0.01594	0.02724	0.04119	0.72233	0.01594	0.02059	0.02059	0.01528	0.02192	0.01262	0.01661	0.01063	0.00598	0.00664	0.00199	0.00797	0.00598	0.00332	0.01063
79	0.01646	0.01727	0.06134	0.06706	0.15894	0.01584	0.44748	0.02151	0.01568	0.06791	0.01473	0.03765	0.01146	0.00638	0.00750	0.00221	0.00995	0.00756	0.00374	0.00935
80	0.06298	0.01748	0.02341	0.14623	0.43942	0.12831	0.01794	0.02141	0.01549	0.04680	0.01248	0.01601	0.01008	0.00634	0.00642	0.00200	0.00853	0.00561	0.00352	0.00952
81	0.05103	0.01250	0.02078	0.06025	0.09289	0.01227	0.17470	0.04281	0.03822	0.16511	0.02160	0.10744	0.01915	0.01082	0.00852	0.04767	0.00734	0.09309	0.00525	0.00855
82	0.01632	0.01576	0.02723	0.08626	0.65339	0.01591	0.04548	0.02040	0.01518	0.02160	0.01261	0.01674	0.01050	0.00601	0.00669	0.00202	0.00816	0.00605	0.00330	0.01037
83	0.11286	0.01559	0.02075	0.08778	0.16115	0.09568	0.11417	0.04619	0.03846	0.09031	0.04106	0.07660	0.03552	0.00842	0.00709	0.00214	0.02558	0.00738	0.00457	0.00872
84	0.04665	0.01528	0.02217	0.07605	0.34064	0.05787	0.05304	0.02132	0.03885	0.08375	0.01467	0.04080	0.01205	0.00692	0.00694	0.00195	0.03164	0.00617	0.00407	0.11918
85	0.07083	0.01553	0.06318	0.19052	0.34830	0.01500	0.08496	0.01993	0.01480	0.04514	0.03547	0.01771	0.01173	0.00644	0.00659	0.00206	0.00811	0.00611	0.00360	0.03399
86	0.09328	0.01641	0.08929	0.11150	0.33248	0.03672	0.05699	0.01912	0.01424	0.02122	0.01360	0.04874	0.01194	0.04743	0.00789	0.00226	0.00788	0.00635	0.00353	0.05913
87	0.06282	0.03788	0.02363	0.04796	0.31759	0.03445	0.12404	0.04141	0.03813	0.02227	0.03861	0.09276	0.01760	0.00883	0.00705	0.00219	0.00767	0.06189	0.00422	0.00899
88	0.06684	0.04781	0.02354	0.04898	0.35917	0.05919	0.06905	0.02054	0.03611	0.02184	0.01249	0.01556	0.01028	0.00592	0.00610	0.00178	0.00759	0.00540	0.00360	0.17820
89	0.01825	0.06290	0.06596	0.02137	0.20338	0.08447	0.03602	0.13307	0.07431	0.04325	0.01558	0.03983	0.01293	0.00736	0.00636	0.00187	0.00753	0.02461	0.00452	0.13642
90	0.06329	0.03488	0.03962	0.09154	0.13652	0.05875	0.07480	0.07929	0.14309	0.02380	0.03704	0.05355	0.04290	0.00829	0.00713	0.00209	0.03221	0.00707	0.00464	0.05950
91	0.04089	0.08593	0.12818	0.02383	0.21030	0.14509	0.10701	0.04328	0.03848	0.04358	0.01364	0.03836	0.01119	0.00682	0.00641	0.00196	0.00888	0.00593	0.00376	0.03649
92	0.01944	0.08965	0.13392	0.01756	0.08245	0.15369	0.03353	0.13759	0.10275	0.06897	0.03644	0.04266	0.03588	0.00810	0.00649	0.00200	0.00812	0.00643	0.00483	0.00949
93	0.04031	0.12882	0.11592	0.02072	0.16236	0.06867	0.06152	0.15655	0.06345	0.06821	0.01631	0.01758	0.03584	0.00719	0.00632	0.00197	0.00797	0.00590	0.00453	0.00987
94	0.01715	0.07006	0.17534	0.01686	0.06619	0.05747	0.03288	0.14573	0.16192	0.02566	0.03615	0.04520	0.03448	0.00828	0.00702	0.00205	0.03161	0.00663	0.00485	0.05447
95	0.01947	0.05226	0.12954	0.01910	0.08506	0.09985	0.09980	0.15337	0.08809	0.08589	0.01643	0.04639	0.01286	0.00773	0.00707	0.00205	0.02817	0.00647	0.00481	0.03560
96	0.04539	0.09861	0.17860	0.01704	0.06990	0.09554	0.04376	0.14760	0.04247	0.10740	0.05500	0.01791	0.01396	0.00739	0.00630	0.00197	0.00795	0.00584	0.02772	0.00964
97	0.01920	0.08180	0.17566	0.02197	0.16586	0.10720	0.06560	0.17062	0.04071	0.04677	0.03234	0.01640	0.01178	0.00696	0.00648	0.00198	0.00867	0.00575	0.00431	0.00993
98	0.01924	0.17007	0.22516	0.04076	0.07391	0.05829	0.03872	0.24691	0.02021	0.02685	0.01286	0.01445	0.00972	0.00680	0.00614	0.00193	0.00853	0.00522	0.00422	0.00999
99	0.01983	0.14558	0.22993	0.01628	0.02293	0.03922	0.05231	0.29600	0.02163	0.04779	0.03657	0.01595	0.01178	0.00722	0.00631	0.00196	0.00825	0.00559	0.00475	0.01013
100	0.04494	0.13264	0.17715	0.01624	0.04022	0.12949	0.01511	0.28688	0.02156	0.02824	0.01291	0.01407	0.00974	0.00696	0.00605	0.00188	0.00849	0.00504	0.00454	0.03783
101	0.07068	0.08677	0.15341	0.01853	0.09459	0.08949	0.04593	0.20670	0.05930	0.02692	0.01372	0.01540	0.01051	0.00723	0.00701	0.00202	0.04758	0.00546	0.02909	0.00965
102	0.01933	0.14413	0.20528	0.01592	0.03938	0.06229	0.01531	0.27335	0.06261	0.02836	0.03623	0.01765	0.03580	0.00765	0.00628	0.00196	0.00793	0.00580	0.00481	0.00994
103	0.01931	0.16644	0.27130	0.01673	0.04533	0.06357	0.01681	0.22033	0.04917	0.04926	0.01375	0.01478	0.01022	0.00694	0.00610	0.00194	0.00840	0.00518	0.00437	0.01008

[dist]
# distance from previous block
# <min> <max>
6	209

# created by:
# /home/cegg/simao/soft/augustus-3.2.1/scripts/msa2prfl.pl ./align_prep/EOG090W0HYK.fa
