[name]
unknown

[dist]
# distance from previous block
# <min> <max>
0	132

[block]
# block no. 0 follows, 30 sequences, length 7
# corresponding to MSA columns:
# 132-138
name=unknown_A
#
# <colnr> <probs for GDERKNQSTAVLIFYWHMCP>
#	G	D	E	R	K	N	Q	S	T	A	V	L	I	F	Y	W	H	M	C	P
0	0.01483	0.04093	0.09635	0.04252	0.18622	0.03520	0.01446	0.07561	0.06980	0.02316	0.02972	0.08414	0.14294	0.01169	0.00756	0.00236	0.00698	0.10156	0.00512	0.00883
1	0.01611	0.00848	0.01051	0.01173	0.09455	0.00825	0.00764	0.01939	0.01554	0.12318	0.02227	0.02464	0.01697	0.00797	0.00543	0.00176	0.00424	0.00654	0.58697	0.00781
2	0.05324	0.05948	0.22730	0.01532	0.06954	0.05194	0.01425	0.01851	0.03352	0.02216	0.08502	0.02942	0.14730	0.01120	0.03046	0.00242	0.02955	0.00782	0.08325	0.00830
3	0.01111	0.00939	0.01033	0.00989	0.01183	0.03465	0.00746	0.04629	0.04523	0.02235	0.20959	0.17545	0.29544	0.01602	0.00922	0.00242	0.05667	0.01344	0.00647	0.00673
4	0.01522	0.00734	0.00822	0.00762	0.00978	0.00704	0.00584	0.01840	0.01601	0.12381	0.10627	0.02885	0.02360	0.00894	0.00559	0.00177	0.00364	0.00732	0.58748	0.00727
5	0.09430	0.03806	0.08847	0.11732	0.09368	0.03890	0.05168	0.12019	0.01869	0.10349	0.12648	0.02260	0.01970	0.00844	0.00728	0.00218	0.02699	0.00699	0.00521	0.00934
6	0.01647	0.07180	0.14804	0.01765	0.10565	0.03161	0.03887	0.07261	0.05055	0.07340	0.06025	0.10929	0.04456	0.00942	0.00686	0.00204	0.00706	0.00806	0.00498	0.12082

[dist]
# distance from previous block
# <min> <max>
0	5

[block]
# block no. 1 follows, 30 sequences, length 22
# corresponding to MSA columns:
# 144-165
name=unknown_B
#
# <colnr> <probs for GDERKNQSTAVLIFYWHMCP>
#	G	D	E	R	K	N	Q	S	T	A	V	L	I	F	Y	W	H	M	C	P
0	0.01917	0.01797	0.02546	0.03145	0.39993	0.09729	0.07925	0.07657	0.03917	0.06094	0.01583	0.05649	0.01335	0.00751	0.00704	0.00210	0.00853	0.00698	0.00433	0.03064
1	0.01011	0.00745	0.01081	0.01095	0.01209	0.00843	0.00844	0.01238	0.01154	0.01633	0.02076	0.03425	0.02045	0.12968	0.58158	0.00997	0.01619	0.06853	0.00404	0.00602
2	0.01606	0.01496	0.02407	0.07261	0.51043	0.01537	0.01832	0.02181	0.09939	0.02275	0.01786	0.10231	0.01624	0.00845	0.00716	0.00221	0.00752	0.00798	0.00423	0.01026
3	0.01412	0.00805	0.00821	0.00765	0.00980	0.00818	0.00588	0.09256	0.01683	0.02741	0.02651	0.02876	0.08107	0.00904	0.00543	0.00175	0.00378	0.00724	0.63068	0.00706
4	0.01532	0.01804	0.16169	0.04514	0.05954	0.01226	0.01344	0.06559	0.01586	0.02389	0.01277	0.01501	0.01013	0.00583	0.00577	0.00146	0.00676	0.00470	0.00401	0.50281
5	0.01873	0.01538	0.01884	0.08513	0.18252	0.06744	0.01378	0.06657	0.21970	0.10711	0.06091	0.02594	0.06916	0.00902	0.00711	0.00220	0.00694	0.00766	0.00579	0.01006
6	0.01314	0.01044	0.08934	0.07570	0.01435	0.00845	0.00861	0.01707	0.01458	0.02481	0.02063	0.02404	0.01606	0.00785	0.00527	0.00176	0.00462	0.00632	0.62990	0.00706
7	0.01284	0.01211	0.05355	0.19866	0.06511	0.01259	0.01308	0.06462	0.01451	0.01973	0.02176	0.25240	0.02300	0.08433	0.03426	0.00322	0.09142	0.01087	0.00459	0.00734
8	0.03680	0.01872	0.20433	0.01510	0.02070	0.01330	0.07954	0.14258	0.01884	0.07397	0.05071	0.09928	0.17399	0.01120	0.00745	0.00229	0.00719	0.00955	0.00547	0.00899
9	0.01623	0.01488	0.09660	0.04516	0.05839	0.01179	0.02996	0.04283	0.03586	0.10559	0.01768	0.07930	0.01521	0.03409	0.05147	0.00255	0.03402	0.00686	0.00476	0.29676
10	0.17431	0.00872	0.01102	0.01079	0.01268	0.01016	0.00848	0.01413	0.01135	0.01933	0.01683	0.02409	0.01540	0.04285	0.57752	0.00934	0.01594	0.00671	0.00386	0.00651
11	0.01301	0.00650	0.00650	0.00650	0.00813	0.00650	0.00488	0.01626	0.01463	0.02602	0.02276	0.02602	0.01789	0.00813	0.00488	0.00163	0.00325	0.00650	0.79350	0.00650
12	0.02604	0.01930	0.02067	0.01596	0.02145	0.02141	0.01315	0.65324	0.06833	0.04319	0.01738	0.01725	0.01237	0.00844	0.00699	0.00211	0.00756	0.00637	0.00699	0.01182
13	0.01203	0.00813	0.01015	0.00974	0.01163	0.00772	0.00722	0.06885	0.01858	0.06853	0.34979	0.25947	0.10909	0.01602	0.00826	0.00239	0.00407	0.01411	0.00721	0.00701
14	0.07687	0.03388	0.01811	0.01561	0.07061	0.05178	0.04852	0.15969	0.04097	0.16013	0.07459	0.04390	0.01834	0.01000	0.03140	0.00232	0.00709	0.00703	0.04800	0.08116
15	0.01301	0.00650	0.00650	0.00650	0.00813	0.00650	0.00488	0.01626	0.01463	0.02602	0.02276	0.02602	0.01789	0.00813	0.00488	0.00163	0.00325	0.00650	0.79350	0.00650
16	0.01110	0.00696	0.00914	0.00914	0.01022	0.00756	0.00674	0.01299	0.01191	0.01842	0.01975	0.02884	0.01814	0.12902	0.35683	0.07858	0.01136	0.00741	0.24013	0.00576
17	0.01817	0.01872	0.02694	0.09666	0.53185	0.11911	0.04425	0.02208	0.01631	0.02154	0.01276	0.01676	0.01059	0.00641	0.00687	0.00206	0.00912	0.00604	0.00345	0.01029
18	0.04063	0.01799	0.13453	0.02290	0.20386	0.01513	0.07334	0.10195	0.06944	0.04287	0.06796	0.04107	0.09571	0.00920	0.00772	0.00224	0.03088	0.00798	0.00492	0.00969
19	0.01527	0.01527	0.02137	0.01832	0.01832	0.02137	0.01527	0.01679	0.01069	0.01679	0.00916	0.01527	0.00916	0.01221	0.02290	0.00305	0.74198	0.00611	0.00305	0.00763
20	0.01605	0.01620	0.03001	0.14107	0.38959	0.01628	0.21076	0.02067	0.01577	0.02176	0.01573	0.02001	0.04001	0.00672	0.00736	0.00220	0.00924	0.00715	0.00355	0.00987
21	0.10807	0.10024	0.18375	0.01628	0.04476	0.11159	0.03571	0.11185	0.08043	0.02533	0.03851	0.06194	0.03565	0.00856	0.00648	0.00211	0.00814	0.00669	0.00462	0.00930

[dist]
# distance from previous block
# <min> <max>
2	3

[block]
# block no. 2 follows, 30 sequences, length 8
# corresponding to MSA columns:
# 169-176
name=unknown_C
#
# <colnr> <probs for GDERKNQSTAVLIFYWHMCP>
#	G	D	E	R	K	N	Q	S	T	A	V	L	I	F	Y	W	H	M	C	P
0	0.01340	0.00743	0.00851	0.00984	0.07261	0.00743	0.00639	0.01673	0.01475	0.02572	0.02188	0.02521	0.01726	0.00795	0.00506	0.00167	0.00371	0.00648	0.72104	0.00692
1	0.05406	0.06057	0.30586	0.02004	0.09682	0.05289	0.05961	0.07189	0.06378	0.09031	0.04668	0.01828	0.01359	0.00739	0.00670	0.00214	0.00869	0.00607	0.00446	0.01017
2	0.01841	0.05234	0.13417	0.04136	0.05595	0.07859	0.01342	0.07016	0.04539	0.12344	0.07090	0.06704	0.01808	0.00845	0.00659	0.00192	0.00721	0.00690	0.00516	0.17453
3	0.01617	0.01461	0.06637	0.09610	0.05274	0.04468	0.04654	0.02144	0.10012	0.09616	0.03913	0.06778	0.06702	0.00965	0.00780	0.04049	0.00676	0.00758	0.00505	0.19381
4	0.01529	0.04565	0.17713	0.01677	0.08954	0.03607	0.03275	0.05134	0.07695	0.05632	0.19336	0.02883	0.06561	0.00942	0.00706	0.00207	0.00678	0.00800	0.00534	0.07572
5	0.01656	0.05771	0.07967	0.01754	0.12423	0.06320	0.03187	0.07838	0.01771	0.06877	0.12670	0.05288	0.04748	0.01235	0.06092	0.00267	0.00776	0.00770	0.03326	0.09264
6	0.01823	0.07554	0.07937	0.02157	0.17370	0.08300	0.07224	0.09728	0.06354	0.04966	0.04867	0.04078	0.03727	0.00790	0.00673	0.00198	0.00789	0.00680	0.00468	0.10316
7	0.05550	0.07177	0.08959	0.01650	0.08387	0.10811	0.02943	0.08504	0.08807	0.04916	0.04688	0.05675	0.11163	0.00990	0.00689	0.00212	0.00732	0.03144	0.00514	0.04489

[dist]
# distance from previous block
# <min> <max>
2	18

[block]
# block no. 3 follows, 30 sequences, length 23
# corresponding to MSA columns:
# 195-217
name=unknown_D
#
# <colnr> <probs for GDERKNQSTAVLIFYWHMCP>
#	G	D	E	R	K	N	Q	S	T	A	V	L	I	F	Y	W	H	M	C	P
0	0.01842	0.03631	0.19151	0.11725	0.06840	0.07644	0.05478	0.11664	0.05616	0.08357	0.01733	0.05984	0.01408	0.00862	0.00748	0.00225	0.02857	0.02798	0.00469	0.00968
1	0.01644	0.03565	0.13108	0.07983	0.13061	0.08310	0.07776	0.04950	0.01653	0.05546	0.02261	0.04159	0.11511	0.00879	0.00749	0.00210	0.03179	0.00745	0.00434	0.08278
2	0.01809	0.06863	0.04430	0.08061	0.02133	0.05061	0.04000	0.08900	0.01716	0.10702	0.03145	0.05151	0.01414	0.00914	0.03140	0.00209	0.02961	0.00619	0.00484	0.28288
3	0.07404	0.03471	0.10544	0.08544	0.06704	0.07057	0.08445	0.08561	0.18286	0.02548	0.01894	0.04073	0.03320	0.00809	0.00678	0.00216	0.00793	0.00686	0.00485	0.05483
4	0.03658	0.01342	0.02136	0.13062	0.28892	0.01347	0.06524	0.01890	0.04098	0.02206	0.05061	0.05996	0.07696	0.00903	0.00717	0.00216	0.00728	0.04069	0.00437	0.09022
5	0.03203	0.01747	0.12221	0.10428	0.21581	0.02926	0.01675	0.07698	0.04562	0.02307	0.02026	0.02454	0.08006	0.01107	0.04512	0.00271	0.06145	0.03086	0.00423	0.03623
6	0.01362	0.03855	0.05111	0.08438	0.06793	0.03923	0.01158	0.01689	0.02686	0.06629	0.03373	0.05197	0.03272	0.06360	0.34153	0.00654	0.01271	0.00762	0.00426	0.02887
7	0.01436	0.06100	0.09177	0.04644	0.16588	0.03835	0.04460	0.01767	0.01498	0.04392	0.02326	0.19758	0.05917	0.02898	0.00787	0.00228	0.00697	0.02442	0.00461	0.10589
8	0.00992	0.00727	0.00899	0.00890	0.00967	0.00762	0.00607	0.01101	0.01145	0.01532	0.02887	0.04298	0.13794	0.39944	0.23679	0.00724	0.03087	0.01001	0.00443	0.00520
9	0.01720	0.08901	0.09878	0.01680	0.08821	0.01516	0.04950	0.09775	0.08308	0.04357	0.01505	0.01722	0.01198	0.02794	0.00692	0.00183	0.00702	0.00550	0.00453	0.30297
10	0.07455	0.01500	0.01568	0.01362	0.01794	0.01680	0.01071	0.08709	0.52853	0.02993	0.02456	0.02310	0.01848	0.00875	0.00670	0.00220	0.00566	0.00710	0.00660	0.08702
11	0.01587	0.14539	0.34368	0.01538	0.02272	0.01632	0.01723	0.06916	0.04117	0.04943	0.07983	0.02053	0.04275	0.00782	0.00640	0.00198	0.00791	0.00614	0.00430	0.08600
12	0.01863	0.60801	0.03223	0.01214	0.01758	0.04905	0.01157	0.06848	0.01625	0.01955	0.07784	0.01561	0.01468	0.00699	0.00508	0.00161	0.00725	0.00480	0.00375	0.00891
13	0.01796	0.01511	0.01607	0.01432	0.01831	0.01734	0.01127	0.09907	0.60247	0.03024	0.02767	0.02758	0.02126	0.00982	0.00721	0.00238	0.00577	0.03818	0.00706	0.01091
14	0.00971	0.00709	0.00890	0.00847	0.01004	0.00652	0.00621	0.01251	0.01838	0.02552	0.56709	0.05325	0.13664	0.08638	0.01088	0.00266	0.00366	0.01263	0.00721	0.00628
15	0.01763	0.13732	0.01905	0.01211	0.03947	0.01318	0.00972	0.04646	0.01581	0.10048	0.01385	0.01515	0.01097	0.00585	0.00539	0.00131	0.00584	0.00454	0.00454	0.52133
16	0.01380	0.01099	0.01465	0.05717	0.03568	0.01050	0.05976	0.01935	0.13080	0.07102	0.05364	0.12365	0.18377	0.03964	0.00843	0.00233	0.00560	0.01038	0.00578	0.14307
17	0.05124	0.15980	0.41051	0.02043	0.09286	0.03586	0.06087	0.02242	0.01508	0.05126	0.01265	0.01478	0.00949	0.00652	0.00628	0.00206	0.00935	0.00519	0.00336	0.00998
18	0.01674	0.01594	0.02710	0.08755	0.63741	0.01614	0.02084	0.02088	0.01577	0.02239	0.01410	0.02000	0.01219	0.00683	0.00703	0.00214	0.00828	0.03449	0.00356	0.01064
19	0.00868	0.00620	0.00830	0.00992	0.01040	0.00582	0.00679	0.01002	0.01354	0.01801	0.03836	0.70668	0.04577	0.02169	0.00895	0.00286	0.00420	0.06161	0.00647	0.00572
20	0.01679	0.07603	0.22694	0.02563	0.18325	0.01791	0.16384	0.08108	0.04156	0.02363	0.01388	0.01744	0.01094	0.02834	0.00848	0.00232	0.04178	0.00635	0.00374	0.01006
21	0.01412	0.01452	0.07184	0.01714	0.03935	0.04500	0.16363	0.10000	0.01705	0.02264	0.02623	0.36452	0.02811	0.01421	0.00818	0.00253	0.00730	0.03031	0.00539	0.00793
22	0.00849	0.00614	0.00803	0.00955	0.01008	0.00568	0.00640	0.00974	0.01353	0.01788	0.04055	0.70593	0.08908	0.02159	0.00886	0.00280	0.00402	0.01951	0.00648	0.00568

[dist]
# distance from previous block
# <min> <max>
0	4

[block]
# block no. 4 follows, 30 sequences, length 25
# corresponding to MSA columns:
# 222,237-260
name=unknown_E
#
# <colnr> <probs for GDERKNQSTAVLIFYWHMCP>
#	G	D	E	R	K	N	Q	S	T	A	V	L	I	F	Y	W	H	M	C	P
0	0.12733	0.04581	0.17404	0.25193	0.11326	0.04005	0.01769	0.02085	0.01455	0.06058	0.01316	0.01658	0.00993	0.00699	0.00675	0.00218	0.02835	0.00554	0.03550	0.00892
1	0.04523	0.10365	0.09756	0.01821	0.02278	0.15551	0.12695	0.06338	0.07906	0.02155	0.01369	0.01669	0.01116	0.01122	0.06304	0.00289	0.12861	0.00599	0.00393	0.00891
2	0.02485	0.10182	0.02162	0.01548	0.02049	0.16377	0.01271	0.44606	0.02718	0.03459	0.01511	0.01581	0.01130	0.00786	0.00646	0.00194	0.00841	0.00566	0.04839	0.01050
3	0.01616	0.04457	0.37270	0.06320	0.15093	0.04419	0.03865	0.02366	0.08212	0.05144	0.01548	0.01885	0.01188	0.00732	0.00683	0.00221	0.00918	0.02662	0.00384	0.01017
4	0.03515	0.09349	0.26574	0.02150	0.15810	0.04057	0.03931	0.05706	0.01657	0.06755	0.05570	0.01782	0.01360	0.00716	0.00680	0.00202	0.02222	0.00585	0.00408	0.06970
5	0.00903	0.00655	0.00856	0.00949	0.01043	0.00608	0.00672	0.01098	0.01544	0.02087	0.22485	0.47461	0.09219	0.01935	0.00872	0.00265	0.00395	0.05674	0.00681	0.00598
6	0.01563	0.01530	0.02503	0.17244	0.40189	0.04217	0.07754	0.01969	0.01583	0.02152	0.05520	0.04820	0.04309	0.00786	0.00722	0.00218	0.00833	0.00753	0.00387	0.00949
7	0.01968	0.14321	0.15314	0.02248	0.12212	0.23162	0.11421	0.04783	0.01708	0.02043	0.01190	0.01457	0.00959	0.00680	0.00709	0.00200	0.03801	0.00541	0.00346	0.00936
8	0.01041	0.00700	0.00785	0.00830	0.00981	0.00659	0.00595	0.03810	0.01520	0.02146	0.04231	0.32212	0.22483	0.01625	0.00750	0.00233	0.00382	0.01407	0.22988	0.00621
9	0.00867	0.00617	0.00813	0.00954	0.00998	0.00578	0.00635	0.00992	0.01348	0.01806	0.07094	0.67240	0.04587	0.06607	0.01049	0.00304	0.00418	0.01889	0.00640	0.00563
10	0.05611	0.01642	0.09305	0.02416	0.25002	0.01520	0.04277	0.08469	0.06704	0.05166	0.01678	0.04364	0.01396	0.01446	0.11349	0.00353	0.04512	0.00687	0.03138	0.00964
11	0.02529	0.10941	0.02154	0.01734	0.02119	0.65338	0.01332	0.02713	0.01919	0.01701	0.01067	0.01244	0.00899	0.00706	0.00610	0.00177	0.01205	0.00441	0.00353	0.00818
12	0.01521	0.01280	0.01569	0.06723	0.04398	0.01113	0.00998	0.06179	0.01556	0.02373	0.01318	0.01571	0.01077	0.00598	0.00612	0.00135	0.03253	0.00471	0.04848	0.58406
13	0.01477	0.01582	0.06010	0.01798	0.01886	0.01971	0.03870	0.01678	0.01111	0.01710	0.01055	0.01736	0.01033	0.04961	0.05165	0.00351	0.60891	0.00638	0.00315	0.00762
14	0.00893	0.00641	0.00848	0.00942	0.01022	0.00596	0.00651	0.01080	0.01537	0.02101	0.24862	0.53094	0.05234	0.01948	0.00869	0.00263	0.00381	0.01757	0.00686	0.00596
15	0.01367	0.01318	0.02308	0.64086	0.08023	0.01575	0.07812	0.01841	0.01427	0.01848	0.01259	0.01856	0.00950	0.00684	0.00708	0.00232	0.00947	0.00638	0.00316	0.00806
16	0.01945	0.16530	0.11257	0.07513	0.05882	0.15398	0.01536	0.08656	0.11652	0.03785	0.01439	0.01617	0.01136	0.00777	0.00787	0.00209	0.07955	0.00553	0.00423	0.00949
17	0.00876	0.00671	0.00789	0.00869	0.00997	0.00605	0.00619	0.01026	0.01437	0.01813	0.05034	0.35196	0.31918	0.08195	0.01095	0.00300	0.00426	0.06937	0.00628	0.00570
18	0.00898	0.00651	0.00857	0.00990	0.01072	0.00609	0.00708	0.01068	0.01442	0.01910	0.09126	0.55114	0.09517	0.02061	0.00891	0.00281	0.00429	0.11135	0.00656	0.00586
19	0.01659	0.01760	0.11151	0.06918	0.14713	0.01568	0.10165	0.13556	0.11806	0.02696	0.08538	0.05941	0.04575	0.00908	0.00736	0.00225	0.00769	0.00819	0.00517	0.00978
20	0.09210	0.07066	0.16846	0.01545	0.02106	0.01615	0.05817	0.10923	0.10117	0.13453	0.04371	0.06822	0.01665	0.00898	0.00754	0.00224	0.04319	0.00720	0.00544	0.00986
21	0.00891	0.00700	0.00806	0.00800	0.00989	0.00614	0.00592	0.01123	0.01717	0.02234	0.31813	0.12868	0.39014	0.01675	0.00831	0.00234	0.00349	0.01440	0.00695	0.00614
22	0.01767	0.42512	0.02619	0.01264	0.01682	0.15839	0.01104	0.01972	0.01542	0.01743	0.04360	0.14580	0.01901	0.00987	0.00597	0.00189	0.00765	0.03372	0.00404	0.00801
23	0.05046	0.02181	0.04495	0.01949	0.11726	0.26456	0.03276	0.07880	0.14519	0.04165	0.09636	0.02114	0.01858	0.00834	0.00682	0.00207	0.00866	0.00662	0.00509	0.00937
24	0.02698	0.11578	0.02113	0.01411	0.01946	0.01781	0.01194	0.30738	0.02426	0.31205	0.01989	0.01879	0.01357	0.00830	0.00726	0.00208	0.03469	0.00623	0.00697	0.01132

[dist]
# distance from previous block
# <min> <max>
0	3

[block]
# block no. 5 follows, 30 sequences, length 29
# corresponding to MSA columns:
# 264-292
name=unknown_F
#
# <colnr> <probs for GDERKNQSTAVLIFYWHMCP>
#	G	D	E	R	K	N	Q	S	T	A	V	L	I	F	Y	W	H	M	C	P
0	0.01738	0.04308	0.08040	0.07709	0.07501	0.03841	0.03096	0.14730	0.08742	0.02580	0.01678	0.01885	0.03558	0.00901	0.02909	0.00222	0.05873	0.00605	0.00465	0.19619
1	0.02193	0.28486	0.04533	0.01561	0.01997	0.39960	0.01314	0.02408	0.01690	0.01694	0.01078	0.01299	0.00939	0.00914	0.04129	0.00221	0.03970	0.00445	0.00335	0.00835
2	0.08105	0.01295	0.01662	0.01241	0.01807	0.01119	0.05571	0.05848	0.01719	0.22555	0.04502	0.01886	0.01447	0.00686	0.00607	0.00164	0.00592	0.00568	0.00571	0.38054
3	0.01873	0.10633	0.09823	0.01561	0.04039	0.03782	0.03623	0.14644	0.16208	0.06731	0.01974	0.02492	0.01625	0.01016	0.00843	0.06223	0.00734	0.07493	0.00538	0.04146
4	0.01644	0.03695	0.09843	0.09458	0.22854	0.09911	0.03936	0.04277	0.01656	0.04867	0.05327	0.09455	0.06005	0.01057	0.02768	0.00244	0.00845	0.00816	0.00440	0.00903
5	0.02286	0.01076	0.01412	0.01187	0.01568	0.01013	0.00952	0.02647	0.06500	0.42443	0.07245	0.11628	0.08349	0.01192	0.00836	0.00236	0.04439	0.03241	0.00766	0.00984
6	0.00963	0.00738	0.00903	0.00961	0.01147	0.00678	0.00775	0.01215	0.01647	0.02106	0.16262	0.10512	0.32206	0.01791	0.00879	0.00267	0.00458	0.25209	0.00666	0.00619
7	0.01828	0.05266	0.06820	0.08939	0.12378	0.01663	0.19406	0.02397	0.07895	0.12793	0.01711	0.02105	0.01322	0.00801	0.00907	0.00234	0.09161	0.02941	0.00458	0.00975
8	0.01819	0.07821	0.12259	0.03976	0.14726	0.05713	0.01433	0.02183	0.01684	0.17158	0.10833	0.11157	0.02377	0.01014	0.00714	0.00219	0.00711	0.02724	0.00545	0.00932
9	0.06578	0.01157	0.01548	0.01216	0.01714	0.01038	0.00999	0.03148	0.01882	0.62239	0.02592	0.02349	0.01683	0.01237	0.07013	0.00295	0.00703	0.00691	0.00800	0.01118
10	0.01124	0.00803	0.01124	0.01285	0.01446	0.00803	0.01124	0.01446	0.01606	0.02088	0.03695	0.07871	0.04016	0.01928	0.00964	0.00321	0.00643	0.66426	0.00643	0.00643
11	0.01488	0.01523	0.02904	0.02317	0.06275	0.01473	0.39066	0.02153	0.10075	0.02299	0.06128	0.05643	0.06597	0.00955	0.00820	0.00244	0.00897	0.07776	0.00480	0.00886
12	0.01383	0.03287	0.62666	0.01909	0.02816	0.01597	0.02387	0.02118	0.01476	0.02210	0.05528	0.01708	0.01239	0.00749	0.00785	0.00227	0.06033	0.00568	0.00325	0.00990
13	0.01447	0.01240	0.01447	0.01034	0.01654	0.00930	0.00827	0.01757	0.01447	0.02274	0.01240	0.01447	0.01034	0.00517	0.00517	0.00103	0.00517	0.00413	0.00413	0.79742
14	0.01034	0.00882	0.05216	0.00929	0.01158	0.00676	0.00739	0.01239	0.01525	0.06698	0.06937	0.32087	0.34735	0.01787	0.00831	0.00251	0.00431	0.01549	0.00644	0.00651
15	0.01015	0.00677	0.00761	0.00761	0.00761	0.00677	0.00423	0.01015	0.01015	0.01353	0.02199	0.04567	0.02537	0.75476	0.03552	0.00677	0.00677	0.01015	0.00423	0.00423
16	0.01054	0.00867	0.03224	0.00976	0.01179	0.00778	0.00768	0.01520	0.07843	0.02654	0.52897	0.11133	0.07595	0.01452	0.00818	0.00230	0.00388	0.03195	0.00730	0.00699
17	0.01438	0.03368	0.62911	0.02206	0.07755	0.01632	0.06631	0.02207	0.01492	0.02216	0.01266	0.01516	0.00910	0.00656	0.00675	0.00221	0.01026	0.00542	0.00302	0.01031
18	0.01006	0.00678	0.00792	0.00820	0.00836	0.00674	0.00496	0.01041	0.01091	0.01450	0.02477	0.12131	0.02859	0.62594	0.03090	0.00610	0.00646	0.05793	0.00462	0.00454
19	0.02633	0.01077	0.01460	0.01157	0.01610	0.00940	0.00940	0.02917	0.01992	0.55617	0.18555	0.03035	0.02856	0.00995	0.00730	0.00217	0.00532	0.00832	0.00842	0.01065
20	0.01943	0.68307	0.03481	0.01257	0.01829	0.10072	0.01210	0.02162	0.01476	0.01649	0.00981	0.01134	0.00896	0.00610	0.00467	0.00152	0.00800	0.00381	0.00305	0.00886
21	0.02131	0.02088	0.29043	0.01555	0.02233	0.01240	0.03434	0.02611	0.01683	0.33627	0.02135	0.06363	0.01553	0.01158	0.05666	0.00285	0.00857	0.00712	0.00581	0.01044
22	0.01301	0.00650	0.00650	0.00650	0.00813	0.00650	0.00488	0.01626	0.01463	0.02602	0.02276	0.02602	0.01789	0.00813	0.00488	0.00163	0.00325	0.00650	0.79350	0.00650
23	0.00878	0.00627	0.00841	0.01003	0.01056	0.00590	0.00695	0.01019	0.01363	0.01812	0.03831	0.68299	0.04555	0.02160	0.00898	0.00287	0.00429	0.08434	0.00647	0.00574
24	0.01713	0.01672	0.02590	0.22602	0.37667	0.05918	0.06227	0.06193	0.01647	0.02215	0.01292	0.01734	0.01040	0.00684	0.00763	0.00218	0.03866	0.00624	0.00357	0.00979
25	0.01086	0.00812	0.00953	0.00900	0.01121	0.00767	0.00680	0.01544	0.09484	0.04696	0.39110	0.07414	0.25836	0.01484	0.00809	0.00228	0.00373	0.01278	0.00724	0.00701
26	0.01064	0.00777	0.00977	0.00920	0.01100	0.00735	0.00690	0.05286	0.01970	0.02744	0.56552	0.11618	0.09946	0.01483	0.00822	0.00226	0.00364	0.01304	0.00746	0.00677
27	0.01535	0.04926	0.48425	0.02111	0.06078	0.07652	0.10399	0.02203	0.01571	0.02194	0.05394	0.01731	0.01257	0.00700	0.00685	0.00217	0.01010	0.00594	0.00338	0.00979
28	0.01571	0.06128	0.01723	0.01255	0.03766	0.01224	0.03085	0.08030	0.04915	0.02390	0.01481	0.03848	0.01289	0.05093	0.00745	0.00169	0.00593	0.00550	0.00450	0.51695

[dist]
# distance from previous block
# <min> <max>
0	54

# created by:
# /home/cegg/simao/soft/augustus-3.2.1/scripts/msa2prfl.pl ./align_prep/EOG090W0JL5.fa
