[name]
unknown

[dist]
# distance from previous block
# <min> <max>
0	13

[block]
# block no. 0 follows, 37 sequences, length 6
# corresponding to MSA columns:
# 30-35
name=unknown_A
#
# <colnr> <probs for GDERKNQSTAVLIFYWHMCP>
#	G	D	E	R	K	N	Q	S	T	A	V	L	I	F	Y	W	H	M	C	P
0	0.10057	0.01080	0.01292	0.01137	0.01486	0.01101	0.00950	0.12944	0.08961	0.26722	0.02381	0.03413	0.02023	0.01035	0.00664	0.00219	0.00549	0.22518	0.00623	0.00846
1	0.02013	0.08677	0.01721	0.01186	0.01657	0.01262	0.04915	0.16410	0.04269	0.27584	0.01807	0.06613	0.01371	0.00734	0.00578	0.00168	0.00567	0.00606	0.00559	0.17303
2	0.10076	0.01072	0.01145	0.01004	0.01303	0.06779	0.00780	0.06730	0.03943	0.25323	0.13411	0.17249	0.06502	0.01074	0.00641	0.00200	0.00492	0.00898	0.00610	0.00769
3	0.01047	0.01270	0.19431	0.01040	0.01379	0.00791	0.01010	0.01396	0.01499	0.06831	0.33862	0.17272	0.08352	0.01195	0.00691	0.00204	0.00471	0.01041	0.00549	0.00671
4	0.09392	0.11406	0.41434	0.01489	0.02196	0.01652	0.01693	0.19568	0.01659	0.02438	0.01139	0.01272	0.00832	0.00612	0.00548	0.00184	0.00776	0.00451	0.00359	0.00902
5	0.01723	0.01262	0.01425	0.01211	0.01542	0.01359	0.00983	0.42967	0.02273	0.03052	0.10484	0.13626	0.02407	0.01113	0.00685	0.00209	0.00566	0.11673	0.00606	0.00835

[dist]
# distance from previous block
# <min> <max>
4	8

[block]
# block no. 1 follows, 37 sequences, length 10
# corresponding to MSA columns:
# 44-53
name=unknown_B
#
# <colnr> <probs for GDERKNQSTAVLIFYWHMCP>
#	G	D	E	R	K	N	Q	S	T	A	V	L	I	F	Y	W	H	M	C	P
0	0.01354	0.11543	0.14523	0.01885	0.19123	0.01385	0.06179	0.04009	0.08855	0.01966	0.01799	0.08736	0.06301	0.00766	0.00593	0.00180	0.00652	0.00670	0.00382	0.09100
1	0.01424	0.01237	0.01917	0.01913	0.19075	0.01187	0.11623	0.03630	0.04177	0.06256	0.05359	0.07037	0.01475	0.00720	0.00713	0.00173	0.06844	0.00642	0.00404	0.24193
2	0.01195	0.14327	0.38151	0.09160	0.02289	0.01392	0.04367	0.01674	0.01309	0.01790	0.04627	0.04964	0.10710	0.00776	0.00592	0.00189	0.00739	0.00636	0.00331	0.00781
3	0.01519	0.19810	0.02532	0.02821	0.49798	0.01619	0.01563	0.01833	0.01345	0.01866	0.01074	0.01363	0.00919	0.00531	0.00540	0.00160	0.00682	0.00475	0.00299	0.09251
4	0.01804	0.01202	0.01660	0.01227	0.01747	0.01044	0.10079	0.06953	0.05216	0.23262	0.01588	0.01619	0.01143	0.00588	0.00554	0.00146	0.00564	0.00512	0.00500	0.38592
5	0.00815	0.00624	0.00746	0.00716	0.00883	0.00556	0.00537	0.01055	0.01610	0.02165	0.49662	0.05050	0.30641	0.01360	0.00723	0.00198	0.00296	0.01174	0.00636	0.00556
6	0.01679	0.73889	0.03111	0.01082	0.01592	0.07237	0.01056	0.01873	0.01276	0.01444	0.00857	0.00990	0.00786	0.00531	0.00403	0.00133	0.00684	0.00332	0.00265	0.00781
7	0.01156	0.01088	0.01836	0.77016	0.04216	0.01360	0.01700	0.01564	0.01224	0.01564	0.01088	0.01632	0.00816	0.00612	0.00612	0.00204	0.00816	0.00544	0.00272	0.00680
8	0.01279	0.02806	0.58277	0.01943	0.02780	0.01452	0.18940	0.01944	0.01329	0.01944	0.01132	0.01378	0.00812	0.00566	0.00615	0.00197	0.00935	0.00517	0.00271	0.00886
9	0.01486	0.01425	0.02432	0.09696	0.68957	0.01447	0.01864	0.01853	0.01380	0.01964	0.01146	0.01524	0.00957	0.00551	0.00606	0.00184	0.00734	0.00545	0.00300	0.00946

[dist]
# distance from previous block
# <min> <max>
0	5

[block]
# block no. 2 follows, 37 sequences, length 11
# corresponding to MSA columns:
# 59-69
name=unknown_C
#
# <colnr> <probs for GDERKNQSTAVLIFYWHMCP>
#	G	D	E	R	K	N	Q	S	T	A	V	L	I	F	Y	W	H	M	C	P
0	0.01372	0.01157	0.01254	0.01137	0.01436	0.01306	0.00879	0.02771	0.57073	0.02536	0.18987	0.02809	0.02766	0.00927	0.00646	0.00204	0.00440	0.00787	0.00635	0.00879
1	0.01141	0.00571	0.00571	0.00571	0.00713	0.00571	0.00428	0.01426	0.01284	0.02282	0.01997	0.02282	0.01569	0.00713	0.00428	0.00143	0.00285	0.00571	0.81886	0.00571
2	0.01269	0.01088	0.01269	0.00907	0.01451	0.00816	0.00725	0.01541	0.01269	0.01995	0.01088	0.01269	0.00907	0.00453	0.00453	0.00091	0.00453	0.00363	0.00363	0.82229
3	0.00791	0.00555	0.00715	0.00824	0.00857	0.00530	0.00544	0.00882	0.01119	0.01490	0.03035	0.57428	0.03603	0.19485	0.01320	0.00329	0.00421	0.05076	0.00523	0.00472
4	0.00746	0.00533	0.00710	0.00852	0.00888	0.00497	0.00568	0.00852	0.01172	0.01563	0.03374	0.78088	0.04049	0.01918	0.00781	0.00249	0.00355	0.01740	0.00568	0.00497
5	0.00746	0.00533	0.00710	0.00852	0.00888	0.00497	0.00568	0.00852	0.01172	0.01563	0.03374	0.78088	0.04049	0.01918	0.00781	0.00249	0.00355	0.01740	0.00568	0.00497
6	0.01156	0.01088	0.01836	0.77016	0.04216	0.01360	0.01700	0.01564	0.01224	0.01564	0.01088	0.01632	0.00816	0.00612	0.00612	0.00204	0.00816	0.00544	0.00272	0.00680
7	0.00866	0.00626	0.00818	0.00770	0.00914	0.00578	0.00578	0.01155	0.01733	0.02455	0.74346	0.04572	0.05776	0.01251	0.00722	0.00193	0.00289	0.01107	0.00674	0.00578
8	0.00890	0.00593	0.00668	0.00668	0.00668	0.00593	0.00371	0.00890	0.00890	0.01187	0.01929	0.04006	0.02225	0.78487	0.03116	0.00593	0.00593	0.00890	0.00371	0.00371
9	0.01070	0.00577	0.00620	0.00622	0.00758	0.00567	0.00462	0.01345	0.01351	0.02265	0.14057	0.07520	0.02424	0.00879	0.00499	0.00158	0.00290	0.00734	0.63235	0.00567
10	0.02182	0.01919	0.01666	0.01361	0.01763	0.22271	0.01086	0.45190	0.02382	0.03027	0.01384	0.01460	0.01030	0.00704	0.00575	0.00172	0.00749	0.00510	0.09672	0.00896

[dist]
# distance from previous block
# <min> <max>
0	1

[block]
# block no. 3 follows, 37 sequences, length 60
# corresponding to MSA columns:
# 71-130
name=unknown_D
#
# <colnr> <probs for GDERKNQSTAVLIFYWHMCP>
#	G	D	E	R	K	N	Q	S	T	A	V	L	I	F	Y	W	H	M	C	P
0	0.01594	0.01406	0.01414	0.01245	0.01607	0.05630	0.00972	0.08184	0.59227	0.02549	0.02348	0.02193	0.03375	0.00811	0.00612	0.00197	0.00527	0.00663	0.00591	0.04854
1	0.82811	0.01184	0.00900	0.00805	0.01184	0.01373	0.00663	0.01799	0.01042	0.02746	0.00852	0.00994	0.00663	0.00568	0.00379	0.00189	0.00474	0.00331	0.00379	0.00663
2	0.01202	0.01106	0.01781	0.62533	0.03694	0.01384	0.01584	0.04581	0.01256	0.01646	0.01119	0.01654	0.00873	0.00925	0.05862	0.00261	0.07011	0.00551	0.00290	0.00686
3	0.01319	0.01309	0.01836	0.01580	0.01585	0.01826	0.01314	0.01457	0.00939	0.01471	0.00840	0.01386	0.00835	0.01225	0.05241	0.00299	0.74062	0.00541	0.00270	0.00664
4	0.01514	0.01635	0.01803	0.01571	0.01642	0.17239	0.01279	0.01657	0.01105	0.01476	0.00873	0.01341	0.00835	0.01149	0.05264	0.00279	0.57873	0.00512	0.00281	0.00672
5	0.02114	0.02077	0.01900	0.01910	0.15807	0.28482	0.01297	0.30123	0.05949	0.02584	0.01275	0.01390	0.00981	0.00666	0.00590	0.00175	0.00829	0.00501	0.00447	0.00904
6	0.01089	0.00861	0.00981	0.00855	0.01162	0.00771	0.00672	0.03724	0.08638	0.03971	0.15304	0.03973	0.27706	0.01114	0.00647	0.00179	0.00396	0.06029	0.00545	0.21381
7	0.10860	0.01310	0.01503	0.01267	0.01632	0.03152	0.04789	0.29599	0.06892	0.07550	0.05029	0.06316	0.01903	0.00975	0.00650	0.00210	0.00605	0.14359	0.00564	0.00836
8	0.01385	0.32262	0.47597	0.01477	0.02235	0.01806	0.01795	0.01898	0.01274	0.01747	0.01003	0.01173	0.00779	0.00559	0.00509	0.00170	0.00809	0.00404	0.00260	0.00859
9	0.00876	0.00651	0.00960	0.00960	0.01061	0.00752	0.00735	0.01078	0.00977	0.01403	0.01662	0.02526	0.01583	0.10198	0.70527	0.00954	0.01560	0.00674	0.00331	0.00533
10	0.04056	0.01642	0.01579	0.12178	0.02050	0.18775	0.01170	0.24764	0.03690	0.05534	0.03290	0.02514	0.01544	0.00880	0.00638	0.00200	0.00749	0.13461	0.00487	0.00802
11	0.11253	0.01235	0.01679	0.29256	0.16411	0.06417	0.01362	0.01671	0.01228	0.04109	0.01187	0.01661	0.00982	0.03092	0.11381	0.00318	0.05186	0.00534	0.00320	0.00720
12	0.75636	0.01286	0.01000	0.00951	0.03828	0.05355	0.00734	0.01837	0.01091	0.02653	0.00868	0.01019	0.00680	0.00571	0.00396	0.00187	0.00516	0.00342	0.00373	0.00676
13	0.02151	0.02572	0.01753	0.01689	0.07421	0.58884	0.01205	0.07892	0.05240	0.01777	0.01220	0.01351	0.02876	0.00667	0.00569	0.00165	0.00990	0.00457	0.00359	0.00763
14	0.01042	0.00793	0.00959	0.00889	0.01079	0.00802	0.00674	0.04595	0.14847	0.02487	0.54330	0.07940	0.04768	0.01188	0.00702	0.00198	0.00345	0.01041	0.00656	0.00665
15	0.01269	0.01088	0.01269	0.00907	0.01451	0.00816	0.00725	0.01541	0.01269	0.01995	0.01088	0.01269	0.00907	0.00453	0.00453	0.00091	0.00453	0.00363	0.00363	0.82229
16	0.01988	0.01442	0.02006	0.01534	0.02020	0.01478	0.16460	0.24038	0.17824	0.17623	0.01818	0.01803	0.01289	0.00698	0.00631	0.00190	0.00666	0.00622	0.00566	0.05305
17	0.02287	0.02917	0.01735	0.01577	0.01892	0.76030	0.01183	0.02444	0.01735	0.01498	0.00946	0.01104	0.00788	0.00631	0.00552	0.00158	0.01104	0.00394	0.00315	0.00710
18	0.01228	0.03166	0.75316	0.01745	0.02649	0.01422	0.02262	0.01939	0.01292	0.01939	0.01099	0.01292	0.00775	0.00582	0.00582	0.00194	0.00905	0.00452	0.00258	0.00905
19	0.00746	0.00533	0.00710	0.00852	0.00888	0.00497	0.00568	0.00852	0.01172	0.01563	0.03374	0.78088	0.04049	0.01918	0.00781	0.00249	0.00355	0.01740	0.00568	0.00497
20	0.01445	0.01651	0.03612	0.02580	0.03199	0.01548	0.72446	0.01961	0.01445	0.01961	0.01238	0.01651	0.00929	0.00516	0.00722	0.00206	0.01032	0.00722	0.00310	0.00826
21	0.00730	0.00620	0.00629	0.00627	0.00831	0.00519	0.00470	0.00890	0.01410	0.01688	0.09132	0.05834	0.71468	0.01537	0.00723	0.00206	0.00309	0.01284	0.00573	0.00519
22	0.00874	0.00656	0.00984	0.00984	0.01093	0.00765	0.00765	0.01093	0.00984	0.01421	0.01640	0.02405	0.01530	0.04591	0.76062	0.00984	0.01640	0.00656	0.00328	0.00547
23	0.01523	0.01315	0.01384	0.01246	0.01592	0.01523	0.00969	0.03253	0.73563	0.02561	0.02491	0.02284	0.01869	0.00830	0.00623	0.00208	0.00484	0.00692	0.00623	0.00969
24	0.01063	0.00532	0.00797	0.00797	0.00797	0.00532	0.00532	0.00797	0.00797	0.01063	0.01063	0.01861	0.01063	0.02127	0.02392	0.82190	0.00532	0.00532	0.00266	0.00266
25	0.01050	0.00861	0.01382	0.04775	0.10022	0.00856	0.07537	0.01334	0.01357	0.01799	0.02749	0.19370	0.02976	0.01449	0.00784	0.00254	0.00596	0.39723	0.00499	0.00627
26	0.01637	0.78856	0.03208	0.01047	0.01571	0.02422	0.01047	0.01833	0.01244	0.01440	0.00851	0.00982	0.00786	0.00524	0.00393	0.00131	0.00655	0.00327	0.00262	0.00786
27	0.02746	0.01042	0.01421	0.01089	0.01563	0.00900	0.00900	0.02983	0.01752	0.75093	0.02415	0.02083	0.01515	0.00758	0.00616	0.00189	0.00521	0.00616	0.00758	0.01042
28	0.01563	0.01335	0.01407	0.01254	0.01607	0.01542	0.00979	0.06781	0.69968	0.02627	0.02439	0.02242	0.01826	0.00826	0.00622	0.00206	0.00494	0.00685	0.00622	0.00973
29	0.00746	0.00533	0.00710	0.00852	0.00888	0.00497	0.00568	0.00852	0.01172	0.01563	0.03374	0.78088	0.04049	0.01918	0.00781	0.00249	0.00355	0.01740	0.00568	0.00497
30	0.01335	0.01346	0.01899	0.44812	0.10179	0.08053	0.01583	0.01649	0.01215	0.01578	0.01012	0.01502	0.00825	0.00720	0.00949	0.00213	0.19614	0.00529	0.00278	0.00708
31	0.01228	0.03166	0.75316	0.01745	0.02649	0.01422	0.02262	0.01939	0.01292	0.01939	0.01099	0.01292	0.00775	0.00582	0.00582	0.00194	0.00905	0.00452	0.00258	0.00905
32	0.00738	0.00564	0.00678	0.00768	0.00866	0.00504	0.00531	0.00862	0.01253	0.01596	0.04398	0.51929	0.29546	0.01785	0.00760	0.00233	0.00339	0.01578	0.00568	0.00504
33	0.01630	0.01291	0.01387	0.01232	0.01589	0.01468	0.00963	0.03229	0.67256	0.08931	0.02485	0.02266	0.01838	0.00824	0.00622	0.00206	0.00488	0.00685	0.00635	0.00975
34	0.27430	0.01370	0.01575	0.01260	0.01680	0.01485	0.08307	0.28334	0.05470	0.08043	0.01536	0.08152	0.01249	0.00770	0.00566	0.00195	0.00600	0.00616	0.00514	0.00848
35	0.00746	0.00533	0.00710	0.00852	0.00888	0.00497	0.00568	0.00852	0.01172	0.01563	0.03374	0.78088	0.04049	0.01918	0.00781	0.00249	0.00355	0.01740	0.00568	0.00497
36	0.00856	0.00625	0.00804	0.00759	0.00908	0.00573	0.00569	0.01135	0.01708	0.02396	0.69323	0.04670	0.10836	0.01273	0.00722	0.00194	0.00290	0.01121	0.00666	0.00573
37	0.01420	0.01357	0.02312	0.23221	0.55951	0.01429	0.01831	0.01795	0.01349	0.01884	0.01135	0.01546	0.00929	0.00563	0.00608	0.00188	0.00751	0.00545	0.00295	0.00893
38	0.01357	0.27088	0.52526	0.01524	0.02309	0.01738	0.01878	0.01905	0.01277	0.01781	0.01020	0.01194	0.00779	0.00563	0.00522	0.00174	0.00826	0.00413	0.00260	0.00867
39	0.00866	0.00626	0.00818	0.00770	0.00914	0.00578	0.00578	0.01155	0.01733	0.02455	0.74346	0.04572	0.05776	0.01251	0.00722	0.00193	0.00289	0.01107	0.00674	0.00578
40	0.02287	0.02917	0.01735	0.01577	0.01892	0.76030	0.01183	0.02444	0.01735	0.01498	0.00946	0.01104	0.00788	0.00631	0.00552	0.00158	0.01104	0.00394	0.00315	0.00710
41	0.01264	0.01334	0.10025	0.01006	0.01592	0.00888	0.00907	0.01588	0.01272	0.01988	0.01089	0.01272	0.00891	0.00468	0.00468	0.00103	0.00507	0.00373	0.00350	0.72613
42	0.01428	0.40206	0.40029	0.01403	0.02122	0.01911	0.01667	0.01887	0.01269	0.01695	0.00977	0.01140	0.00780	0.00553	0.00489	0.00163	0.00782	0.00391	0.00260	0.00846
43	0.02283	0.01145	0.01407	0.01148	0.01574	0.01135	0.00926	0.03085	0.28925	0.47647	0.02444	0.02159	0.01649	0.00785	0.00618	0.00196	0.00507	0.00645	0.00707	0.01014
44	0.01174	0.01106	0.01869	0.73326	0.07765	0.01365	0.01709	0.01580	0.01233	0.01586	0.01091	0.01626	0.00824	0.00609	0.00612	0.00203	0.00812	0.00544	0.00274	0.00695
45	0.01561	0.01285	0.01934	0.37012	0.20288	0.01420	0.01543	0.14456	0.01597	0.06878	0.01258	0.01585	0.00943	0.00619	0.00602	0.00188	0.00731	0.00541	0.00377	0.05183
46	0.01473	0.01411	0.02408	0.12420	0.66338	0.01443	0.01857	0.01841	0.01374	0.01948	0.01144	0.01529	0.00951	0.00553	0.00607	0.00184	0.00738	0.00545	0.00299	0.00935
47	0.82811	0.01184	0.00900	0.00805	0.01184	0.01373	0.00663	0.01799	0.01042	0.02746	0.00852	0.00994	0.00663	0.00568	0.00379	0.00189	0.00474	0.00331	0.00379	0.00663
48	0.01523	0.01315	0.01384	0.01246	0.01592	0.01523	0.00969	0.03253	0.73563	0.02561	0.02491	0.02284	0.01869	0.00830	0.00623	0.00208	0.00484	0.00692	0.00623	0.00969
49	0.01008	0.00813	0.01250	0.01514	0.15178	0.00875	0.00989	0.01255	0.01135	0.01593	0.01945	0.03046	0.04313	0.05302	0.46191	0.00692	0.01235	0.10676	0.00367	0.00624
50	0.00890	0.00593	0.00668	0.00668	0.00668	0.00593	0.00371	0.00890	0.00890	0.01187	0.01929	0.04006	0.02225	0.78487	0.03116	0.00593	0.00593	0.00890	0.00371	0.00371
51	0.01745	0.56303	0.06391	0.01171	0.01689	0.06177	0.01127	0.12087	0.04981	0.01868	0.01036	0.01136	0.00874	0.00577	0.00453	0.00147	0.00685	0.00387	0.00332	0.00833
52	0.00890	0.00593	0.00668	0.00668	0.00668	0.00593	0.00371	0.00890	0.00890	0.01187	0.01929	0.04006	0.02225	0.78487	0.03116	0.00593	0.00593	0.00890	0.00371	0.00371
53	0.02572	0.01321	0.01594	0.01222	0.01702	0.01315	0.01009	0.31921	0.02220	0.45494	0.02022	0.01828	0.01318	0.00748	0.00614	0.00187	0.00584	0.00589	0.00697	0.01041
54	0.00769	0.00563	0.00696	0.00780	0.00850	0.00519	0.00525	0.00884	0.01218	0.01596	0.08896	0.49941	0.16856	0.11643	0.01066	0.00281	0.00373	0.01502	0.00551	0.00490
55	0.00861	0.00625	0.00810	0.00764	0.00911	0.00575	0.00573	0.01144	0.01719	0.02423	0.71635	0.04625	0.08506	0.01263	0.00722	0.00193	0.00290	0.01114	0.00670	0.00575
56	0.01104	0.00847	0.01035	0.00979	0.01136	0.00949	0.00727	0.05359	0.17732	0.01790	0.04478	0.02809	0.01908	0.22108	0.33597	0.00636	0.01010	0.00734	0.00434	0.00626
57	0.01269	0.01088	0.01269	0.00907	0.01451	0.00816	0.00725	0.01541	0.01269	0.01995	0.01088	0.01269	0.00907	0.00453	0.00453	0.00091	0.00453	0.00363	0.00363	0.82229
58	0.01719	0.36926	0.17362	0.01369	0.01884	0.20365	0.01351	0.04493	0.01413	0.01644	0.00944	0.01116	0.00794	0.00605	0.00583	0.00161	0.05800	0.00391	0.00287	0.00793
59	0.01168	0.03719	0.01210	0.04870	0.01416	0.06388	0.03195	0.04749	0.01390	0.03448	0.04398	0.16152	0.09209	0.07100	0.06126	0.00300	0.00645	0.18776	0.00481	0.05259

[dist]
# distance from previous block
# <min> <max>
0	8

[block]
# block no. 4 follows, 37 sequences, length 46
# corresponding to MSA columns:
# 139-184
name=unknown_E
#
# <colnr> <probs for GDERKNQSTAVLIFYWHMCP>
#	G	D	E	R	K	N	Q	S	T	A	V	L	I	F	Y	W	H	M	C	P
0	0.03597	0.01746	0.01775	0.01449	0.01852	0.19705	0.09281	0.19464	0.13651	0.09268	0.04221	0.05317	0.01444	0.00763	0.00614	0.00185	0.00735	0.00626	0.00506	0.03803
1	0.04910	0.01640	0.01531	0.01201	0.01673	0.15384	0.00958	0.24483	0.03337	0.04411	0.01237	0.01333	0.00953	0.00596	0.00527	0.00142	0.00649	0.00441	0.00449	0.34144
2	0.42286	0.01093	0.01081	0.00978	0.01261	0.01257	0.00802	0.03921	0.05837	0.05039	0.07453	0.02370	0.06214	0.00889	0.00705	0.00211	0.09816	0.07649	0.00456	0.00682
3	0.00877	0.00647	0.00940	0.00940	0.01034	0.00741	0.00710	0.01065	0.00971	0.01388	0.01680	0.02628	0.01627	0.14872	0.65913	0.00929	0.01494	0.00688	0.00334	0.00522
4	0.01191	0.01156	0.02052	0.67965	0.04092	0.01383	0.10303	0.01612	0.01251	0.01612	0.01106	0.01634	0.00830	0.00600	0.00625	0.00204	0.00842	0.00566	0.00277	0.00698
5	0.01006	0.00684	0.00903	0.00988	0.01116	0.00669	0.00809	0.01215	0.01312	0.04440	0.03188	0.08278	0.08741	0.16685	0.01270	0.00332	0.00542	0.46750	0.00534	0.00538
6	0.01156	0.01088	0.01836	0.77016	0.04216	0.01360	0.01700	0.01564	0.01224	0.01564	0.01088	0.01632	0.00816	0.00612	0.00612	0.00204	0.00816	0.00544	0.00272	0.00680
7	0.01319	0.08229	0.58262	0.01672	0.02417	0.05081	0.02019	0.01901	0.01269	0.01829	0.01040	0.01267	0.00780	0.00637	0.00733	0.00196	0.09776	0.00451	0.00262	0.00860
8	0.00740	0.00621	0.00643	0.00638	0.00837	0.00524	0.00478	0.00911	0.01435	0.01747	0.14147	0.05737	0.66416	0.01515	0.00723	0.00205	0.00308	0.01270	0.00581	0.00524
9	0.82811	0.01184	0.00900	0.00805	0.01184	0.01373	0.00663	0.01799	0.01042	0.02746	0.00852	0.00994	0.00663	0.00568	0.00379	0.00189	0.00474	0.00331	0.00379	0.00663
10	0.01355	0.01061	0.01197	0.01050	0.01327	0.01144	0.00819	0.14453	0.27328	0.02739	0.36141	0.03218	0.03563	0.01012	0.00668	0.00196	0.00426	0.00863	0.00645	0.00797
11	0.01523	0.01315	0.01384	0.01246	0.01592	0.01523	0.00969	0.03253	0.73563	0.02561	0.02491	0.02284	0.01869	0.00830	0.00623	0.00208	0.00484	0.00692	0.00623	0.00969
12	0.01177	0.00713	0.00793	0.00763	0.00948	0.00736	0.00589	0.01645	0.11332	0.04988	0.07279	0.02875	0.06893	0.01236	0.07769	0.00247	0.00465	0.03554	0.45358	0.00638
13	0.02104	0.01687	0.01706	0.01375	0.01814	0.06812	0.01112	0.48899	0.22138	0.03343	0.01714	0.01668	0.01250	0.00754	0.00611	0.00188	0.00651	0.00579	0.00595	0.00999
14	0.82811	0.01184	0.00900	0.00805	0.01184	0.01373	0.00663	0.01799	0.01042	0.02746	0.00852	0.00994	0.00663	0.00568	0.00379	0.00189	0.00474	0.00331	0.00379	0.00663
15	0.01407	0.01500	0.03055	0.02216	0.02759	0.01421	0.56750	0.06601	0.01561	0.02106	0.07365	0.02176	0.06645	0.00664	0.00715	0.00204	0.00897	0.00782	0.00378	0.00798
16	0.01487	0.01365	0.02176	0.13075	0.50017	0.01412	0.01668	0.06648	0.04963	0.02086	0.01319	0.01791	0.01107	0.00627	0.00611	0.00186	0.00704	0.03637	0.00350	0.04769
17	0.67422	0.01319	0.01076	0.00925	0.01320	0.03524	0.00759	0.13400	0.01361	0.02894	0.00956	0.01075	0.00728	0.00597	0.00422	0.00188	0.00524	0.00369	0.00415	0.00726
18	0.06980	0.01047	0.01256	0.00966	0.01430	0.00897	0.00780	0.02144	0.05476	0.29624	0.03996	0.01995	0.05892	0.00687	0.00543	0.00151	0.00468	0.00553	0.00548	0.34565
19	0.01681	0.73716	0.03108	0.01083	0.01593	0.07404	0.01057	0.01874	0.01277	0.01444	0.00857	0.00990	0.00786	0.00531	0.00404	0.00133	0.00685	0.00332	0.00265	0.00780
20	0.01637	0.78856	0.03208	0.01047	0.01571	0.02422	0.01047	0.01833	0.01244	0.01440	0.00851	0.00982	0.00786	0.00524	0.00393	0.00131	0.00655	0.00327	0.00262	0.00786
21	0.09106	0.02065	0.01467	0.01333	0.01630	0.40824	0.01009	0.11777	0.06346	0.02012	0.01547	0.15111	0.01470	0.00885	0.00591	0.00184	0.00814	0.00672	0.00427	0.00729
22	0.01456	0.01394	0.02379	0.15738	0.63147	0.01439	0.01849	0.01827	0.01366	0.01929	0.01141	0.01534	0.00944	0.00556	0.00607	0.00185	0.00742	0.00545	0.00298	0.00922
23	0.01551	0.01329	0.01400	0.01251	0.01603	0.01536	0.00976	0.05706	0.71064	0.02607	0.02455	0.02255	0.01839	0.00827	0.00622	0.00207	0.00491	0.00687	0.00622	0.00971
24	0.00746	0.00533	0.00710	0.00852	0.00888	0.00497	0.00568	0.00852	0.01172	0.01563	0.03374	0.78088	0.04049	0.01918	0.00781	0.00249	0.00355	0.01740	0.00568	0.00497
25	0.16310	0.01206	0.01419	0.01107	0.01568	0.01188	0.00914	0.17293	0.01866	0.47915	0.01952	0.01770	0.01271	0.00721	0.00575	0.00188	0.00545	0.00554	0.00663	0.00977
26	0.01584	0.01648	0.03245	0.02345	0.02916	0.01620	0.57647	0.13496	0.01657	0.02249	0.01257	0.01608	0.00942	0.00576	0.00761	0.00205	0.04346	0.00686	0.00357	0.00854
27	0.01869	0.00827	0.01108	0.00967	0.01261	0.00737	0.00759	0.02085	0.01562	0.41222	0.10369	0.21303	0.02696	0.01139	0.00667	0.00206	0.00443	0.04331	0.05643	0.00806
28	0.01287	0.01221	0.02072	0.50340	0.29871	0.01394	0.01765	0.01679	0.01286	0.01723	0.01111	0.01589	0.00872	0.00588	0.00610	0.00196	0.00784	0.00545	0.00283	0.00785
29	0.00919	0.00624	0.00701	0.00695	0.00718	0.00624	0.00405	0.02930	0.00977	0.01296	0.02133	0.07044	0.04937	0.70286	0.02860	0.00553	0.00575	0.00930	0.00393	0.00401
30	0.05605	0.01607	0.01709	0.01408	0.01780	0.18199	0.12941	0.07318	0.18823	0.07618	0.01801	0.01873	0.03217	0.00710	0.00585	0.00183	0.00698	0.00595	0.12519	0.00811
31	0.00723	0.00620	0.00620	0.00620	0.00827	0.00517	0.00465	0.00878	0.01395	0.01654	0.06201	0.05891	0.74421	0.01550	0.00723	0.00207	0.00310	0.01292	0.00568	0.00517
32	0.82811	0.01184	0.00900	0.00805	0.01184	0.01373	0.00663	0.01799	0.01042	0.02746	0.00852	0.00994	0.00663	0.00568	0.00379	0.00189	0.00474	0.00331	0.00379	0.00663
33	0.01630	0.65237	0.11488	0.01162	0.01717	0.06986	0.01197	0.01884	0.01281	0.01502	0.00886	0.01026	0.00785	0.00537	0.00425	0.00140	0.00712	0.00346	0.00265	0.00795
34	0.00880	0.00636	0.00881	0.00881	0.00954	0.00709	0.00637	0.01027	0.00953	0.01345	0.01734	0.02926	0.01757	0.28668	0.52294	0.00857	0.01299	0.00732	0.00342	0.00489
35	0.00847	0.00617	0.00817	0.00935	0.01038	0.00588	0.00728	0.01038	0.01318	0.01720	0.06561	0.37509	0.12077	0.01755	0.00798	0.00255	0.00433	0.29866	0.00571	0.00530
36	0.01637	0.78856	0.03208	0.01047	0.01571	0.02422	0.01047	0.01833	0.01244	0.01440	0.00851	0.00982	0.00786	0.00524	0.00393	0.00131	0.00655	0.00327	0.00262	0.00786
37	0.00751	0.00621	0.00659	0.00649	0.00844	0.00529	0.00487	0.00933	0.01461	0.01810	0.19541	0.05633	0.60983	0.01492	0.00723	0.00204	0.00306	0.01256	0.00589	0.00529
38	0.02181	0.01502	0.01485	0.01197	0.01592	0.11173	0.00964	0.34269	0.02170	0.18773	0.01710	0.01714	0.01215	0.00722	0.00569	0.00173	0.00621	0.00548	0.16515	0.00905
39	0.00723	0.00620	0.00620	0.00620	0.00827	0.00517	0.00465	0.00878	0.01395	0.01654	0.06201	0.05891	0.74421	0.01550	0.00723	0.00207	0.00310	0.01292	0.00568	0.00517
40	0.01553	0.01330	0.01402	0.01252	0.01604	0.01537	0.00976	0.05920	0.70845	0.02611	0.02452	0.02253	0.01837	0.00827	0.00622	0.00207	0.00492	0.00687	0.00622	0.00972
41	0.01320	0.01126	0.01323	0.04311	0.01599	0.00928	0.00801	0.04226	0.06340	0.02082	0.01199	0.01363	0.00974	0.00497	0.00478	0.00107	0.00479	0.00400	0.00386	0.70060
42	0.01313	0.01086	0.01320	0.07022	0.01677	0.00863	0.00810	0.01594	0.01283	0.04555	0.01135	0.01327	0.00921	0.00477	0.00472	0.00103	0.00485	0.00386	0.00369	0.72801
43	0.04965	0.16049	0.02000	0.01519	0.06210	0.33385	0.01158	0.13806	0.07254	0.04305	0.01183	0.01290	0.00941	0.00652	0.00576	0.00167	0.02877	0.00448	0.00392	0.00821
44	0.05023	0.01216	0.01816	0.45570	0.05838	0.03468	0.05782	0.07206	0.04094	0.06977	0.01400	0.03868	0.01114	0.00705	0.00620	0.00203	0.00754	0.03218	0.00373	0.00754
45	0.03618	0.03534	0.01070	0.03799	0.01220	0.00766	0.02899	0.01296	0.02526	0.05671	0.18267	0.11315	0.06478	0.01429	0.01008	0.15009	0.00472	0.14959	0.04104	0.00559

[dist]
# distance from previous block
# <min> <max>
8	33

# created by:
# /home/cegg/simao/soft/augustus-3.2.1/scripts/msa2prfl.pl ./align_prep/EOG090W0HRE.fa
