[name]
unknown

[dist]
# distance from previous block
# <min> <max>
0	68

[block]
# block no. 0 follows, 33 sequences, length 30
# corresponding to MSA columns:
# 68-97
name=unknown_A
#
# <colnr> <probs for GDERKNQSTAVLIFYWHMCP>
#	G	D	E	R	K	N	Q	S	T	A	V	L	I	F	Y	W	H	M	C	P
0	0.01611	0.03677	0.05970	0.03084	0.05648	0.03920	0.01073	0.07265	0.05259	0.12477	0.07880	0.07797	0.02317	0.06151	0.00864	0.00237	0.00611	0.11396	0.02823	0.09939
1	0.01667	0.04145	0.18535	0.01993	0.13845	0.04402	0.06374	0.15966	0.09934	0.02556	0.05779	0.02119	0.05993	0.00801	0.00707	0.00206	0.02896	0.00669	0.00461	0.00951
2	0.01054	0.00872	0.03296	0.04506	0.03230	0.00756	0.00765	0.01372	0.05266	0.06049	0.14676	0.14641	0.35885	0.01439	0.00751	0.00220	0.00423	0.01232	0.00602	0.02965
3	0.01263	0.04517	0.01272	0.01110	0.03008	0.05114	0.03762	0.04523	0.09453	0.05469	0.09831	0.16806	0.28581	0.01364	0.00736	0.00220	0.00498	0.01168	0.00590	0.00714
4	0.01020	0.00823	0.01038	0.06455	0.05860	0.00786	0.00765	0.04171	0.01592	0.02098	0.23324	0.07491	0.29649	0.08416	0.00990	0.00252	0.00448	0.01137	0.00577	0.03111
5	0.04518	0.03649	0.10332	0.01243	0.03905	0.01096	0.01051	0.03949	0.06821	0.11491	0.17858	0.10233	0.04997	0.04718	0.07757	0.00313	0.03837	0.00894	0.00552	0.00783
6	0.01700	0.08001	0.16144	0.08772	0.13372	0.03922	0.05136	0.03808	0.05449	0.11278	0.01566	0.01728	0.02672	0.00661	0.00613	0.00184	0.00753	0.00558	0.00417	0.13265
7	0.01972	0.26254	0.02273	0.06000	0.01962	0.17056	0.01174	0.12031	0.14016	0.05381	0.04697	0.01675	0.01370	0.00730	0.00576	0.00180	0.00762	0.00536	0.00459	0.00896
8	0.08977	0.10157	0.41876	0.04180	0.04590	0.01545	0.01821	0.04953	0.01467	0.05402	0.05411	0.01621	0.01207	0.00730	0.00661	0.02808	0.00811	0.00524	0.00360	0.00899
9	0.06973	0.18966	0.13557	0.01623	0.06734	0.04733	0.07626	0.05731	0.04669	0.17131	0.03227	0.01657	0.01225	0.00677	0.00591	0.00188	0.00744	0.00546	0.00460	0.02940
10	0.11366	0.13330	0.21412	0.01766	0.07014	0.03469	0.10842	0.06388	0.03785	0.12520	0.01406	0.01533	0.01027	0.00649	0.00599	0.00197	0.00800	0.00535	0.00419	0.00943
11	0.00872	0.00644	0.00819	0.00858	0.00984	0.00591	0.00627	0.01093	0.01580	0.02136	0.34301	0.29446	0.15893	0.01669	0.00807	0.00236	0.00358	0.05846	0.00661	0.00581
12	0.03700	0.00724	0.00827	0.00801	0.00990	0.00685	0.00602	0.03840	0.01622	0.02256	0.28536	0.11108	0.27510	0.01607	0.04600	0.00257	0.00423	0.01187	0.08114	0.00611
13	0.01884	0.08892	0.05873	0.04970	0.06069	0.11551	0.15144	0.10479	0.11771	0.08830	0.06596	0.01939	0.01538	0.00738	0.00660	0.00200	0.00812	0.00648	0.00482	0.00924
14	0.01572	0.01914	0.20494	0.13368	0.16153	0.04274	0.06264	0.04013	0.03918	0.07338	0.01442	0.01747	0.01098	0.00904	0.04570	0.00251	0.03773	0.00586	0.05421	0.00900
15	0.00814	0.00594	0.00754	0.00869	0.00934	0.00548	0.00585	0.00938	0.01303	0.01716	0.07229	0.59803	0.13141	0.06270	0.00973	0.00280	0.00387	0.01724	0.00604	0.00534
16	0.04411	0.01380	0.03860	0.01343	0.03899	0.05076	0.04969	0.17096	0.06758	0.17215	0.02279	0.09102	0.04658	0.00918	0.00643	0.00201	0.00608	0.00765	0.13917	0.00900
17	0.09432	0.09556	0.09483	0.03375	0.06601	0.19250	0.01343	0.17920	0.05688	0.02468	0.01464	0.03115	0.03099	0.00762	0.00658	0.00194	0.03715	0.00552	0.00434	0.00891
18	0.00912	0.00877	0.06610	0.01020	0.01172	0.00725	0.00812	0.01158	0.03006	0.01844	0.10932	0.47207	0.08548	0.01964	0.05574	0.00304	0.03078	0.03084	0.00571	0.00604
19	0.00828	0.00637	0.00757	0.00794	0.00937	0.00566	0.00570	0.01016	0.01518	0.01979	0.23456	0.29459	0.31689	0.01713	0.00798	0.00233	0.00344	0.01497	0.00642	0.00566
20	0.01523	0.02825	0.49373	0.02083	0.05592	0.01580	0.15329	0.07601	0.01577	0.04463	0.01288	0.01515	0.00921	0.00629	0.00659	0.00210	0.00959	0.00560	0.00338	0.00976
21	0.01592	0.02038	0.18788	0.14236	0.21162	0.07000	0.07832	0.07266	0.06014	0.02196	0.01425	0.01887	0.01142	0.00702	0.00667	0.00210	0.00872	0.03674	0.00371	0.00928
22	0.01430	0.01010	0.01113	0.05085	0.01403	0.04372	0.00799	0.07757	0.07527	0.09569	0.07564	0.10172	0.16569	0.05040	0.05721	0.00284	0.00587	0.00951	0.12316	0.00730
23	0.02788	0.01387	0.01693	0.01298	0.01813	0.01363	0.01072	0.27998	0.02330	0.47794	0.02223	0.01998	0.01442	0.00806	0.00661	0.00201	0.00621	0.00637	0.00757	0.01120
24	0.02026	0.08833	0.08993	0.02014	0.12441	0.39018	0.05469	0.02376	0.04401	0.03248	0.01282	0.04549	0.01093	0.00713	0.00616	0.00185	0.00990	0.00547	0.00360	0.00847
25	0.01553	0.18686	0.24755	0.05894	0.09565	0.03984	0.04318	0.05633	0.05373	0.03734	0.01609	0.07330	0.03273	0.00776	0.00616	0.00197	0.00790	0.00638	0.00378	0.00898
26	0.02682	0.01293	0.01628	0.03828	0.01854	0.01260	0.01061	0.16514	0.08629	0.50463	0.02354	0.02113	0.01538	0.00812	0.00662	0.00205	0.00600	0.00653	0.00752	0.01099
27	0.00820	0.00637	0.00704	0.00745	0.00898	0.00559	0.00530	0.00975	0.01415	0.01790	0.08208	0.25808	0.43705	0.05681	0.00917	0.00253	0.00361	0.01462	0.03986	0.00547
28	0.01806	0.07256	0.13603	0.04945	0.10049	0.05118	0.06460	0.08487	0.05475	0.15171	0.01885	0.11602	0.01593	0.00972	0.02415	0.00228	0.00766	0.00754	0.00492	0.00921
29	0.01746	0.11476	0.11450	0.17467	0.13828	0.10739	0.01614	0.11698	0.01681	0.03866	0.01382	0.01644	0.03207	0.00713	0.00698	0.00198	0.04777	0.00551	0.00375	0.00889

[dist]
# distance from previous block
# <min> <max>
0	1

[block]
# block no. 1 follows, 33 sequences, length 24
# corresponding to MSA columns:
# 99-108,124-137
name=unknown_B
#
# <colnr> <probs for GDERKNQSTAVLIFYWHMCP>
#	G	D	E	R	K	N	Q	S	T	A	V	L	I	F	Y	W	H	M	C	P
0	0.08562	0.17628	0.10519	0.14869	0.05497	0.07908	0.07511	0.04344	0.01398	0.01932	0.01065	0.01399	0.00873	0.00706	0.00834	0.00206	0.13098	0.00507	0.00320	0.00822
1	0.26182	0.30697	0.04389	0.03965	0.04764	0.11878	0.01137	0.04468	0.01403	0.02126	0.00982	0.01168	0.00825	0.00627	0.00529	0.00178	0.03130	0.00401	0.00344	0.00807
2	0.01233	0.01173	0.05459	0.01411	0.09827	0.02820	0.01011	0.04558	0.09403	0.02281	0.21022	0.09415	0.15725	0.01195	0.00821	0.00217	0.05970	0.01000	0.04705	0.00751
3	0.00957	0.00638	0.00718	0.00718	0.00718	0.00638	0.00399	0.00957	0.00957	0.01276	0.02074	0.04308	0.02393	0.76864	0.03351	0.00638	0.00638	0.00957	0.00399	0.00399
4	0.01515	0.01434	0.02036	0.22564	0.29842	0.06485	0.01597	0.04391	0.07973	0.02040	0.03433	0.02007	0.01333	0.05186	0.05159	0.00279	0.00847	0.00634	0.00378	0.00866
5	0.00855	0.00664	0.00769	0.00753	0.00929	0.00587	0.00556	0.01077	0.01632	0.02142	0.35830	0.09085	0.36896	0.04242	0.00873	0.00233	0.00337	0.01309	0.00655	0.00578
6	0.81514	0.01273	0.00968	0.00866	0.01273	0.01477	0.00713	0.01935	0.01120	0.02954	0.00917	0.01069	0.00713	0.00611	0.00407	0.00204	0.00509	0.00356	0.00407	0.00713
7	0.00849	0.00603	0.00787	0.00875	0.00937	0.00566	0.00591	0.00998	0.01372	0.01866	0.19753	0.52008	0.04590	0.09663	0.01086	0.00292	0.00392	0.01615	0.00616	0.00541
8	0.02458	0.01822	0.01950	0.01506	0.02024	0.02021	0.01240	0.67088	0.06643	0.04077	0.01637	0.01626	0.01166	0.00796	0.00659	0.00199	0.00714	0.00601	0.00659	0.01116
9	0.81514	0.01273	0.00968	0.00866	0.01273	0.01477	0.00713	0.01935	0.01120	0.02954	0.00917	0.01069	0.00713	0.00611	0.00407	0.00204	0.00509	0.00356	0.00407	0.00713
10	0.81514	0.01273	0.00968	0.00866	0.01273	0.01477	0.00713	0.01935	0.01120	0.02954	0.00917	0.01069	0.00713	0.00611	0.00407	0.00204	0.00509	0.00356	0.00407	0.00713
11	0.02503	0.01844	0.01976	0.01515	0.02042	0.02042	0.01251	0.70562	0.03095	0.04149	0.01581	0.01581	0.01120	0.00790	0.00659	0.00198	0.00724	0.00593	0.00659	0.01120
12	0.00949	0.00638	0.00836	0.00915	0.01020	0.00589	0.00654	0.01122	0.01433	0.05474	0.15595	0.49821	0.10038	0.01827	0.00820	0.00253	0.00391	0.06398	0.00640	0.00586
13	0.06798	0.00780	0.00959	0.00877	0.01095	0.00740	0.00671	0.01542	0.03578	0.10468	0.52086	0.06870	0.08478	0.01265	0.00737	0.00210	0.00361	0.01096	0.00701	0.00688
14	0.01777	0.08338	0.02972	0.02866	0.28959	0.11703	0.25115	0.02209	0.03279	0.04548	0.01295	0.01611	0.01028	0.00602	0.00668	0.00197	0.00929	0.00615	0.00352	0.00937
15	0.00910	0.00645	0.00827	0.00866	0.00927	0.00653	0.00589	0.01031	0.01165	0.01581	0.08040	0.22154	0.05717	0.31056	0.18039	0.00578	0.00785	0.03451	0.00482	0.00505
16	0.00810	0.00579	0.00771	0.00912	0.00957	0.00540	0.00612	0.00936	0.01295	0.01736	0.07615	0.72289	0.04462	0.02021	0.00837	0.00264	0.00378	0.01832	0.00618	0.00540
17	0.01971	0.01471	0.05524	0.01333	0.04177	0.03368	0.01075	0.22381	0.16652	0.12829	0.03794	0.02108	0.01601	0.00805	0.00618	0.00194	0.00587	0.00643	0.17909	0.00961
18	0.01531	0.14947	0.25861	0.04494	0.21812	0.01720	0.06656	0.02049	0.03516	0.03526	0.01363	0.01618	0.02814	0.00667	0.00695	0.00200	0.04712	0.00554	0.00329	0.00939
19	0.35824	0.01199	0.01194	0.01003	0.01403	0.01277	0.00815	0.10906	0.04088	0.19077	0.05906	0.01985	0.03939	0.00784	0.00546	0.00200	0.00512	0.00578	0.07914	0.00850
20	0.00837	0.00610	0.00796	0.00932	0.01007	0.00569	0.00664	0.00985	0.01324	0.01734	0.03950	0.58529	0.11936	0.01983	0.00843	0.00267	0.00409	0.11467	0.00610	0.00547
21	0.01561	0.01232	0.01468	0.01188	0.04078	0.01108	0.00912	0.10966	0.03902	0.06104	0.06715	0.01992	0.05033	0.00715	0.00649	0.00147	0.04222	0.00566	0.00485	0.46956
22	0.05197	0.11520	0.02229	0.09011	0.21669	0.13259	0.03373	0.09718	0.06487	0.03634	0.01476	0.05429	0.01267	0.00754	0.00624	0.00196	0.00791	0.02052	0.00413	0.00900
23	0.01003	0.00794	0.00965	0.00906	0.01121	0.00738	0.03558	0.07128	0.01631	0.02114	0.13769	0.21423	0.36475	0.01560	0.00770	0.00226	0.00408	0.01351	0.03435	0.00625

[dist]
# distance from previous block
# <min> <max>
0	1

[block]
# block no. 2 follows, 33 sequences, length 34
# corresponding to MSA columns:
# 139-172
name=unknown_C
#
# <colnr> <probs for GDERKNQSTAVLIFYWHMCP>
#	G	D	E	R	K	N	Q	S	T	A	V	L	I	F	Y	W	H	M	C	P
0	0.01778	0.10133	0.05052	0.08558	0.21643	0.12227	0.07169	0.06088	0.06898	0.05183	0.04491	0.01734	0.01294	0.00676	0.00628	0.00189	0.00809	0.00582	0.00405	0.04464
1	0.01602	0.01366	0.01428	0.01303	0.01634	0.03681	0.01008	0.08802	0.51623	0.02665	0.02692	0.12780	0.02280	0.01069	0.00698	0.00228	0.00542	0.02994	0.00649	0.00956
2	0.05278	0.59754	0.07126	0.01319	0.04771	0.06156	0.01225	0.02070	0.04029	0.01716	0.01016	0.01160	0.00891	0.00588	0.00461	0.00154	0.00732	0.00388	0.00307	0.00858
3	0.01142	0.00697	0.00915	0.00916	0.00973	0.00723	0.00622	0.01245	0.10754	0.01459	0.01818	0.12751	0.01865	0.11143	0.02161	0.48608	0.00546	0.00824	0.00398	0.00440
4	0.05018	0.04362	0.07733	0.01543	0.05610	0.01780	0.01264	0.44922	0.04548	0.06353	0.01607	0.01850	0.01240	0.08126	0.00900	0.00240	0.00718	0.00610	0.00570	0.01007
5	0.01591	0.01497	0.02534	0.07018	0.65973	0.01510	0.01930	0.01980	0.01485	0.02146	0.01283	0.01678	0.01069	0.00599	0.00642	0.00194	0.00761	0.00588	0.04515	0.01007
6	0.01144	0.00572	0.00858	0.00858	0.00858	0.00572	0.00572	0.00858	0.00858	0.01144	0.01144	0.02001	0.01144	0.02287	0.02573	0.80846	0.00572	0.00572	0.00286	0.00286
7	0.01285	0.01167	0.01893	0.27155	0.15974	0.01272	0.07320	0.01763	0.07042	0.01961	0.08916	0.02749	0.03551	0.08339	0.03631	0.00289	0.00777	0.03737	0.00411	0.00770
8	0.00874	0.00642	0.00730	0.00747	0.00843	0.00594	0.00493	0.00984	0.01294	0.01676	0.12983	0.16230	0.25195	0.31741	0.01816	0.00394	0.00460	0.01266	0.00541	0.00498
9	0.01088	0.00672	0.00784	0.00761	0.00798	0.00667	0.00452	0.01113	0.01022	0.05999	0.02097	0.04107	0.02315	0.69154	0.05863	0.00626	0.00676	0.00928	0.00424	0.00453
10	0.00951	0.00636	0.00720	0.00726	0.00727	0.00634	0.00407	0.00956	0.00969	0.01292	0.02135	0.07129	0.02470	0.73938	0.03253	0.00624	0.00628	0.00993	0.00407	0.00404
11	0.01227	0.00614	0.00614	0.00614	0.00767	0.00614	0.00460	0.01534	0.01381	0.02454	0.02148	0.02454	0.01687	0.00767	0.00460	0.00153	0.00307	0.00614	0.80518	0.00614
12	0.01760	0.77260	0.03450	0.01126	0.01690	0.02605	0.01126	0.01971	0.01338	0.01549	0.00915	0.01056	0.00845	0.00563	0.00422	0.00141	0.00704	0.00352	0.00282	0.00845
13	0.01320	0.03405	0.73453	0.01876	0.02849	0.01529	0.02432	0.02085	0.01390	0.02085	0.01181	0.01390	0.00834	0.00625	0.00625	0.00208	0.00973	0.00486	0.00278	0.00973
14	0.01243	0.01170	0.01975	0.75282	0.04534	0.01463	0.01828	0.01682	0.01316	0.01682	0.01170	0.01755	0.00878	0.00658	0.00658	0.00219	0.00878	0.00585	0.00293	0.00731
15	0.00888	0.00676	0.00845	0.00821	0.00982	0.00643	0.00616	0.01126	0.01550	0.02094	0.35082	0.04846	0.25166	0.05502	0.15806	0.00403	0.00627	0.01142	0.00601	0.00585
16	0.00919	0.00663	0.00869	0.00837	0.00981	0.00613	0.00620	0.01211	0.01805	0.02547	0.65746	0.11846	0.06032	0.01415	0.00783	0.00213	0.00317	0.01257	0.00714	0.00613
17	0.01629	0.04898	0.09778	0.04329	0.01912	0.01228	0.01107	0.10470	0.03813	0.07108	0.01354	0.01490	0.01043	0.00586	0.00546	0.00141	0.00604	0.00462	0.00439	0.47062
18	0.01268	0.05613	0.20731	0.01377	0.01826	0.01205	0.07920	0.02993	0.03828	0.03570	0.09095	0.08876	0.06162	0.13984	0.01203	0.00284	0.04016	0.00841	0.00435	0.04772
19	0.01711	0.39832	0.12019	0.01325	0.01884	0.05695	0.03627	0.09869	0.06562	0.02046	0.01728	0.01802	0.07904	0.00733	0.00549	0.00174	0.00731	0.00544	0.00388	0.00876
20	0.01993	0.36613	0.02737	0.01427	0.01904	0.06544	0.04264	0.23934	0.01903	0.02414	0.01147	0.01308	0.00942	0.00711	0.00725	0.00181	0.09450	0.00478	0.00409	0.00915
21	0.04122	0.03276	0.09378	0.01688	0.09376	0.10801	0.03467	0.15384	0.01863	0.10241	0.03215	0.02176	0.01432	0.00787	0.00638	0.00190	0.00746	0.07105	0.00488	0.13626
22	0.01571	0.46070	0.29319	0.05127	0.02262	0.02149	0.01646	0.01999	0.01356	0.01754	0.01027	0.01215	0.00842	0.00591	0.00509	0.00170	0.00812	0.00414	0.00281	0.00887
23	0.02392	0.01779	0.01917	0.01462	0.01995	0.01929	0.01206	0.63886	0.02928	0.03955	0.01541	0.01560	0.01106	0.00761	0.00642	0.00188	0.00701	0.00573	0.00633	0.08848
24	0.01658	0.01545	0.01465	0.01343	0.01678	0.10473	0.01029	0.03141	0.56169	0.02509	0.02567	0.09467	0.02094	0.00980	0.00677	0.00221	0.00590	0.00814	0.00623	0.00959
25	0.00997	0.00741	0.01010	0.00990	0.01046	0.00849	0.00715	0.01112	0.01019	0.01437	0.01848	0.06746	0.01939	0.29007	0.35883	0.04527	0.08411	0.00832	0.00372	0.00519
26	0.62071	0.01226	0.01150	0.01188	0.08179	0.01372	0.00839	0.01903	0.01170	0.06228	0.01054	0.01272	0.00832	0.00781	0.00653	0.07990	0.00544	0.00415	0.00408	0.00724
27	0.01491	0.00994	0.05039	0.01053	0.01348	0.00835	0.03301	0.01849	0.06012	0.19550	0.17728	0.16375	0.10696	0.06088	0.00896	0.00245	0.00485	0.01081	0.04170	0.00762
28	0.00941	0.00702	0.01042	0.01042	0.01154	0.00814	0.00803	0.01165	0.01053	0.01516	0.01778	0.02667	0.01681	0.08298	0.70942	0.01038	0.01711	0.00717	0.00355	0.00579
29	0.01522	0.01717	0.11183	0.16687	0.51863	0.01541	0.02036	0.01967	0.01453	0.02058	0.01219	0.01623	0.00987	0.00604	0.00650	0.00201	0.00823	0.00574	0.00314	0.00978
30	0.01960	0.01956	0.04012	0.13088	0.15024	0.20657	0.03944	0.10226	0.13694	0.06657	0.01540	0.01704	0.01169	0.00711	0.00646	0.00199	0.00855	0.00580	0.00450	0.00928
31	0.01805	0.11374	0.10570	0.01862	0.11179	0.08839	0.08862	0.13908	0.03433	0.07046	0.01701	0.11508	0.01499	0.00852	0.00650	0.00201	0.00776	0.00731	0.02299	0.00906
32	0.00852	0.00596	0.00773	0.00891	0.00935	0.00564	0.00598	0.00945	0.01221	0.01617	0.03396	0.56542	0.06349	0.13047	0.01284	0.03741	0.00438	0.05137	0.00566	0.00509
33	0.01067	0.00825	0.00930	0.00913	0.01117	0.00799	0.00683	0.10313	0.04318	0.02162	0.09016	0.27624	0.32202	0.01631	0.00782	0.00235	0.00416	0.03693	0.00627	0.00648

[dist]
# distance from previous block
# <min> <max>
1	3

[block]
# block no. 3 follows, 33 sequences, length 15
# corresponding to MSA columns:
# 177-191
name=unknown_D
#
# <colnr> <probs for GDERKNQSTAVLIFYWHMCP>
#	G	D	E	R	K	N	Q	S	T	A	V	L	I	F	Y	W	H	M	C	P
0	0.01149	0.05427	0.01186	0.00931	0.01253	0.00935	0.00726	0.01640	0.12278	0.02207	0.20288	0.09517	0.18458	0.01152	0.00675	0.00187	0.00420	0.00978	0.00575	0.20018
1	0.01750	0.01988	0.12024	0.01308	0.01844	0.19021	0.01159	0.07381	0.01632	0.04533	0.01287	0.01515	0.01034	0.03086	0.00645	0.00163	0.00748	0.00466	0.03933	0.34483
2	0.00815	0.00627	0.00727	0.00784	0.00909	0.00560	0.00546	0.00959	0.01388	0.01766	0.10367	0.34111	0.33952	0.08147	0.01020	0.00274	0.00377	0.01530	0.00602	0.00539
3	0.01752	0.04018	0.02170	0.02010	0.15946	0.01548	0.10764	0.13238	0.18510	0.04822	0.01669	0.01786	0.01279	0.00674	0.00634	0.00185	0.00686	0.00606	0.00489	0.17214
4	0.01425	0.08607	0.51791	0.05630	0.08631	0.05874	0.02135	0.02041	0.01415	0.01987	0.01243	0.04058	0.00981	0.00673	0.00620	0.00203	0.00923	0.00535	0.00298	0.00929
5	0.01918	0.15589	0.16046	0.01757	0.06304	0.08510	0.06266	0.22548	0.07859	0.02606	0.01368	0.01501	0.01046	0.00700	0.00660	0.00194	0.03182	0.00539	0.00437	0.00971
6	0.01719	0.01781	0.03322	0.02425	0.03017	0.08241	0.54006	0.02198	0.01629	0.08096	0.05614	0.01947	0.01347	0.00635	0.00750	0.00215	0.01023	0.00759	0.00397	0.00880
7	0.00935	0.00635	0.00718	0.00730	0.00746	0.00626	0.00421	0.00954	0.01012	0.01337	0.02464	0.09883	0.06687	0.66760	0.03009	0.00586	0.00601	0.01052	0.00428	0.00418
8	0.00876	0.00666	0.00778	0.00778	0.00932	0.00602	0.00570	0.01075	0.01536	0.02009	0.28095	0.09140	0.31777	0.12383	0.01159	0.00284	0.00390	0.05771	0.00619	0.00558
9	0.01624	0.01439	0.02068	0.08536	0.30123	0.03361	0.04225	0.06077	0.07939	0.05163	0.01694	0.01910	0.04698	0.00676	0.00630	0.00181	0.00693	0.00606	0.00422	0.17934
10	0.01041	0.00743	0.00848	0.00776	0.01030	0.00632	0.00593	0.01264	0.01622	0.07824	0.24110	0.05236	0.43014	0.01420	0.00746	0.00207	0.00357	0.01200	0.00642	0.06695
11	0.02032	0.28510	0.02642	0.01960	0.14568	0.33466	0.04190	0.02271	0.01604	0.01706	0.01034	0.01245	0.00888	0.00617	0.00552	0.00166	0.00944	0.00442	0.00317	0.00846
12	0.01511	0.01314	0.04702	0.01310	0.01783	0.01170	0.10308	0.04966	0.16675	0.06587	0.06377	0.02353	0.06343	0.00775	0.00624	0.00176	0.00578	0.00681	0.07272	0.24495
13	0.17721	0.18044	0.04940	0.01435	0.04088	0.17698	0.01185	0.10364	0.09497	0.02327	0.01233	0.01365	0.00990	0.00705	0.00646	0.00190	0.05837	0.00469	0.00409	0.00859
14	0.01014	0.05201	0.01173	0.01098	0.03774	0.00783	0.03782	0.01216	0.01448	0.03793	0.17957	0.40072	0.09291	0.03374	0.00844	0.00247	0.00446	0.03272	0.00593	0.00621

[dist]
# distance from previous block
# <min> <max>
0	18

[block]
# block no. 4 follows, 33 sequences, length 15
# corresponding to MSA columns:
# 210-224
name=unknown_E
#
# <colnr> <probs for GDERKNQSTAVLIFYWHMCP>
#	G	D	E	R	K	N	Q	S	T	A	V	L	I	F	Y	W	H	M	C	P
0	0.02110	0.05619	0.01853	0.01363	0.01878	0.06687	0.01115	0.39715	0.08993	0.03235	0.01515	0.01559	0.01137	0.00709	0.00603	0.00171	0.00680	0.00535	0.00555	0.19970
1	0.01973	0.00935	0.01229	0.01033	0.01395	0.00804	0.00808	0.02200	0.01655	0.38181	0.09083	0.20038	0.06064	0.01159	0.00699	0.00207	0.00476	0.00997	0.00699	0.10366
2	0.01587	0.21740	0.31485	0.01560	0.02222	0.05420	0.06289	0.02100	0.03854	0.07174	0.03314	0.07611	0.01373	0.00766	0.00607	0.00195	0.00813	0.00621	0.00377	0.00892
3	0.01736	0.15667	0.33330	0.01842	0.08446	0.03934	0.05810	0.07056	0.01606	0.10396	0.03283	0.01577	0.01124	0.00662	0.00611	0.00194	0.00840	0.00534	0.00389	0.00963
4	0.02254	0.01024	0.01280	0.01038	0.01424	0.00960	0.00838	0.08097	0.04362	0.41102	0.09648	0.02523	0.02090	0.00859	0.00626	0.00192	0.00487	0.00703	0.19547	0.00946
5	0.02917	0.01179	0.01564	0.01199	0.01710	0.01055	0.00991	0.08684	0.01983	0.67598	0.02515	0.02187	0.01588	0.00813	0.00662	0.00203	0.00574	0.00656	0.00802	0.01120
6	0.01873	0.07969	0.04386	0.10477	0.26054	0.03316	0.01477	0.07022	0.01667	0.17601	0.04281	0.06336	0.01570	0.00802	0.00654	0.00202	0.00706	0.02172	0.00484	0.00949
7	0.01798	0.62287	0.10726	0.01241	0.01833	0.06628	0.01268	0.02067	0.01394	0.04226	0.01011	0.01142	0.00873	0.00586	0.00463	0.00152	0.00756	0.00382	0.00304	0.00864
8	0.00940	0.00705	0.01058	0.01058	0.01176	0.00823	0.00823	0.01176	0.01058	0.01528	0.01763	0.02586	0.01646	0.04937	0.74255	0.01058	0.01763	0.00705	0.00353	0.00588
9	0.01194	0.01829	0.30120	0.01227	0.01771	0.01019	0.01341	0.01676	0.03843	0.07092	0.09819	0.03797	0.30387	0.01133	0.00705	0.00214	0.00612	0.00935	0.00503	0.00786
10	0.01728	0.04426	0.12705	0.17489	0.20122	0.01582	0.12867	0.09539	0.01662	0.09452	0.01395	0.01681	0.01033	0.00646	0.00663	0.00206	0.00850	0.00603	0.00398	0.00953
11	0.01503	0.01415	0.02407	0.06013	0.42091	0.01422	0.11815	0.02009	0.06726	0.02165	0.01803	0.02305	0.04780	0.00737	0.00678	0.00206	0.00750	0.04159	0.06084	0.00930
12	0.00880	0.00667	0.00825	0.00900	0.01046	0.00613	0.00696	0.01087	0.01485	0.01909	0.12952	0.25034	0.27833	0.01774	0.00830	0.00254	0.00417	0.19602	0.00624	0.00572
13	0.01911	0.01367	0.04553	0.25343	0.19464	0.01366	0.01553	0.08425	0.01680	0.21978	0.01723	0.04888	0.01289	0.00753	0.00664	0.00209	0.00736	0.00657	0.00492	0.00950
14	0.01542	0.07072	0.10741	0.01942	0.14622	0.06541	0.09410	0.09493	0.04102	0.02312	0.12876	0.08252	0.02161	0.03235	0.00759	0.00215	0.00732	0.00782	0.00458	0.02751

[dist]
# distance from previous block
# <min> <max>
1	9

[block]
# block no. 5 follows, 33 sequences, length 25
# corresponding to MSA columns:
# 241-265
name=unknown_F
#
# <colnr> <probs for GDERKNQSTAVLIFYWHMCP>
#	G	D	E	R	K	N	Q	S	T	A	V	L	I	F	Y	W	H	M	C	P
0	0.00978	0.04890	0.03031	0.00884	0.01037	0.00755	0.00668	0.01191	0.03463	0.01877	0.17732	0.25004	0.13099	0.12330	0.01223	0.04470	0.00450	0.03356	0.02987	0.00572
1	0.01347	0.04069	0.01392	0.00960	0.01495	0.00925	0.00762	0.01612	0.01330	0.02050	0.01235	0.01597	0.01088	0.06826	0.00723	0.00144	0.00508	0.00436	0.00387	0.71116
2	0.01497	0.01589	0.10933	0.34394	0.15012	0.01504	0.05729	0.10703	0.01605	0.02218	0.01326	0.01725	0.01005	0.00662	0.00644	0.00206	0.00820	0.00588	0.06978	0.00863
3	0.00957	0.00638	0.00718	0.00718	0.00718	0.00638	0.00399	0.00957	0.00957	0.01276	0.02074	0.04308	0.02393	0.76864	0.03351	0.00638	0.00638	0.00957	0.00399	0.00399
4	0.01697	0.62414	0.03169	0.01244	0.01697	0.02490	0.01188	0.01896	0.01273	0.01556	0.00905	0.01131	0.00849	0.00679	0.00763	0.00170	0.15381	0.00396	0.00283	0.00820
5	0.00980	0.00632	0.00798	0.00864	0.00968	0.00598	0.00621	0.01178	0.01422	0.03835	0.15871	0.38377	0.06004	0.04731	0.00867	0.00252	0.00388	0.06812	0.14223	0.00580
6	0.00800	0.00580	0.00757	0.00898	0.00950	0.00536	0.00603	0.00919	0.01278	0.01688	0.03852	0.71275	0.09369	0.02033	0.00836	0.00264	0.00378	0.01836	0.00611	0.00536
7	0.00810	0.00590	0.00767	0.00905	0.00965	0.00546	0.00619	0.00938	0.01294	0.01702	0.03913	0.66885	0.10849	0.02015	0.00837	0.00265	0.00387	0.04564	0.00611	0.00540
8	0.00802	0.00573	0.00764	0.00917	0.00955	0.00535	0.00611	0.00917	0.01260	0.01681	0.03628	0.76434	0.04354	0.02062	0.00840	0.00267	0.00382	0.01872	0.00611	0.00535
9	0.81514	0.01273	0.00968	0.00866	0.01273	0.01477	0.00713	0.01935	0.01120	0.02954	0.00917	0.01069	0.00713	0.00611	0.00407	0.00204	0.00509	0.00356	0.00407	0.00713
10	0.00977	0.00714	0.00949	0.01043	0.01195	0.00687	0.00866	0.01247	0.01556	0.02042	0.16485	0.12523	0.13751	0.01732	0.00861	0.00272	0.00496	0.41379	0.00629	0.00596
11	0.81514	0.01273	0.00968	0.00866	0.01273	0.01477	0.00713	0.01935	0.01120	0.02954	0.00917	0.01069	0.00713	0.00611	0.00407	0.00204	0.00509	0.00356	0.00407	0.00713
12	0.01343	0.01161	0.01424	0.01036	0.01596	0.00888	0.03244	0.01636	0.01366	0.02120	0.01302	0.05237	0.01150	0.00571	0.00516	0.00111	0.00504	0.00480	0.00399	0.73917
13	0.01760	0.77260	0.03450	0.01126	0.01690	0.02605	0.01126	0.01971	0.01338	0.01549	0.00915	0.01056	0.00845	0.00563	0.00422	0.00141	0.00704	0.00352	0.00282	0.00845
14	0.81514	0.01273	0.00968	0.00866	0.01273	0.01477	0.00713	0.01935	0.01120	0.02954	0.00917	0.01069	0.00713	0.00611	0.00407	0.00204	0.00509	0.00356	0.00407	0.00713
15	0.01440	0.01440	0.02016	0.01728	0.01728	0.02016	0.01440	0.01584	0.01008	0.01584	0.00864	0.01440	0.00864	0.01152	0.02160	0.00288	0.75659	0.00576	0.00288	0.00720
16	0.01530	0.01321	0.01386	0.01256	0.01609	0.01502	0.00974	0.03179	0.62811	0.02632	0.03178	0.02941	0.10818	0.00990	0.00683	0.00223	0.00498	0.00825	0.00663	0.00981
17	0.01496	0.00692	0.00756	0.00700	0.00909	0.00669	0.00539	0.01795	0.01459	0.13471	0.02218	0.02421	0.01678	0.00774	0.00492	0.00161	0.00346	0.00621	0.68109	0.00692
18	0.02503	0.01844	0.01976	0.01515	0.02042	0.02042	0.01251	0.70562	0.03095	0.04149	0.01581	0.01581	0.01120	0.00790	0.00659	0.00198	0.00724	0.00593	0.00659	0.01120
19	0.00802	0.00573	0.00764	0.00917	0.00955	0.00535	0.00611	0.00917	0.01260	0.01681	0.03628	0.76434	0.04354	0.02062	0.00840	0.00267	0.00382	0.01872	0.00611	0.00535
20	0.00957	0.00638	0.00718	0.00718	0.00718	0.00638	0.00399	0.00957	0.00957	0.01276	0.02074	0.04308	0.02393	0.76864	0.03351	0.00638	0.00638	0.00957	0.00399	0.00399
21	0.01365	0.01170	0.01365	0.00975	0.01560	0.00878	0.00780	0.01658	0.01365	0.02145	0.01170	0.01365	0.00975	0.00488	0.00488	0.00098	0.00488	0.00390	0.00390	0.80888
22	0.39712	0.08918	0.12737	0.01347	0.03828	0.19837	0.01196	0.02138	0.01380	0.02332	0.00992	0.01164	0.00787	0.00625	0.00496	0.00190	0.00777	0.00400	0.00356	0.00787
23	0.01475	0.07054	0.02304	0.01786	0.01892	0.02025	0.08131	0.01664	0.01086	0.01633	0.00913	0.01445	0.00876	0.01051	0.01898	0.00271	0.62880	0.00579	0.00292	0.00746
24	0.01567	0.07011	0.02059	0.22216	0.14912	0.05883	0.03168	0.04095	0.03413	0.03902	0.01241	0.01559	0.00990	0.00623	0.00643	0.00175	0.03231	0.00517	0.00364	0.22433

[dist]
# distance from previous block
# <min> <max>
1	2

[block]
# block no. 6 follows, 33 sequences, length 55
# corresponding to MSA columns:
# 268-322
name=unknown_G
#
# <colnr> <probs for GDERKNQSTAVLIFYWHMCP>
#	G	D	E	R	K	N	Q	S	T	A	V	L	I	F	Y	W	H	M	C	P
0	0.00815	0.00574	0.00759	0.00908	0.00949	0.00537	0.00607	0.00935	0.01264	0.01703	0.03585	0.74271	0.04276	0.02025	0.00829	0.00264	0.00380	0.01835	0.02948	0.00537
1	0.04619	0.17836	0.19408	0.01916	0.12309	0.12004	0.04092	0.07637	0.06124	0.04289	0.01270	0.01440	0.00993	0.00661	0.00627	0.00190	0.02781	0.00503	0.00373	0.00929
2	0.01335	0.06341	0.65216	0.01880	0.05182	0.01540	0.02293	0.02045	0.01410	0.02086	0.03929	0.01521	0.01050	0.00649	0.00624	0.00205	0.00929	0.00512	0.00297	0.00956
3	0.01917	0.08711	0.07260	0.03468	0.04478	0.09610	0.03178	0.13368	0.26985	0.08507	0.02060	0.02026	0.03924	0.00798	0.00639	0.00202	0.00708	0.00638	0.00546	0.00977
4	0.02073	0.07622	0.08800	0.04352	0.16186	0.11281	0.01514	0.30964	0.05952	0.02887	0.01400	0.01535	0.01063	0.00705	0.00629	0.00192	0.00811	0.00550	0.00477	0.01008
5	0.01128	0.03335	0.01382	0.15566	0.08774	0.00985	0.01076	0.03803	0.01581	0.02145	0.24513	0.19303	0.03660	0.01301	0.00755	0.00230	0.00541	0.08685	0.00548	0.00688
6	0.01103	0.00667	0.00947	0.01011	0.03242	0.00673	0.00669	0.02982	0.01077	0.01441	0.01998	0.22246	0.04242	0.02079	0.01919	0.49477	0.02458	0.00950	0.00396	0.00422
7	0.00897	0.00672	0.00832	0.00792	0.00962	0.00606	0.00594	0.01175	0.01781	0.02444	0.57454	0.05240	0.21289	0.01419	0.00777	0.00211	0.00316	0.01236	0.00699	0.00606
8	0.02379	0.01130	0.01394	0.01120	0.01553	0.01073	0.00909	0.09239	0.10011	0.44694	0.02866	0.02625	0.08566	0.00900	0.00655	0.00202	0.00525	0.00732	0.08421	0.01007
9	0.01618	0.01163	0.01388	0.01049	0.01540	0.00989	0.00834	0.09829	0.01556	0.09357	0.01381	0.01592	0.01101	0.00918	0.03600	0.08670	0.00581	0.00472	0.00452	0.51908
10	0.00834	0.00880	0.06328	0.00775	0.01050	0.00637	0.00661	0.01060	0.01525	0.01881	0.12239	0.05823	0.60892	0.01557	0.00766	0.00220	0.00381	0.01301	0.00596	0.00594
11	0.01607	0.04820	0.06443	0.08570	0.01977	0.14075	0.01182	0.02499	0.27803	0.04206	0.09375	0.05721	0.03852	0.00956	0.00674	0.00213	0.00684	0.03953	0.00535	0.00856
12	0.01995	0.52393	0.02918	0.01318	0.01806	0.26631	0.01175	0.02192	0.01515	0.01570	0.00950	0.01100	0.00846	0.00602	0.00480	0.00150	0.00866	0.00376	0.00301	0.00817
13	0.02572	0.01732	0.01907	0.01462	0.01986	0.01876	0.01208	0.60175	0.02908	0.14800	0.01737	0.01682	0.01198	0.00794	0.00659	0.00199	0.00699	0.00603	0.00683	0.01120
14	0.01365	0.01170	0.01365	0.00975	0.01560	0.00878	0.00780	0.01658	0.01365	0.02145	0.01170	0.01365	0.00975	0.00488	0.00488	0.00098	0.00488	0.00390	0.00390	0.80888
15	0.01629	0.01564	0.02672	0.04041	0.72757	0.01564	0.02020	0.02020	0.01499	0.02151	0.01238	0.01629	0.01043	0.00587	0.00652	0.00196	0.00782	0.00587	0.00326	0.01043
16	0.01368	0.01181	0.01391	0.01004	0.01567	0.00922	0.00806	0.01655	0.01351	0.02123	0.01158	0.01368	0.00971	0.00513	0.00553	0.00105	0.03419	0.00397	0.00386	0.77762
17	0.01365	0.01170	0.01365	0.00975	0.01560	0.00878	0.00780	0.01658	0.01365	0.02145	0.01170	0.01365	0.00975	0.00488	0.00488	0.00098	0.00488	0.00390	0.00390	0.80888
18	0.01466	0.01224	0.01410	0.01035	0.01593	0.01000	0.00827	0.08337	0.03346	0.02341	0.01320	0.03584	0.01113	0.00573	0.00519	0.00115	0.00508	0.00462	0.00430	0.68797
19	0.01930	0.01876	0.13270	0.01965	0.11711	0.01653	0.10495	0.30512	0.04084	0.05103	0.01561	0.01720	0.01149	0.00707	0.00647	0.00198	0.00766	0.00608	0.09044	0.01000
20	0.01243	0.01170	0.01975	0.75282	0.04534	0.01463	0.01828	0.01682	0.01316	0.01682	0.01170	0.01755	0.00878	0.00658	0.00658	0.00219	0.00878	0.00585	0.00293	0.00731
21	0.00816	0.00668	0.00719	0.00706	0.00912	0.00572	0.00530	0.01018	0.01589	0.01989	0.22741	0.05989	0.56287	0.01589	0.00778	0.00219	0.00328	0.01341	0.00639	0.00572
22	0.01705	0.01447	0.01526	0.01353	0.01737	0.01669	0.01058	0.08696	0.66260	0.02862	0.02594	0.02388	0.01941	0.00885	0.00669	0.00221	0.00537	0.00733	0.00669	0.01048
23	0.00878	0.00620	0.00818	0.00947	0.01003	0.00596	0.00671	0.01014	0.01267	0.01679	0.03366	0.51500	0.03944	0.13256	0.01232	0.00330	0.00466	0.15305	0.00578	0.00529
24	0.01637	0.01414	0.01489	0.01340	0.01712	0.01637	0.01042	0.03498	0.71568	0.02754	0.02679	0.02456	0.02010	0.00893	0.00670	0.00223	0.00521	0.00744	0.00670	0.01042
25	0.00900	0.00629	0.00802	0.00867	0.00905	0.00632	0.00572	0.00992	0.01112	0.01498	0.02678	0.31656	0.03085	0.34203	0.13139	0.00547	0.00711	0.04101	0.00481	0.00488
26	0.01394	0.01187	0.01380	0.00989	0.01572	0.00907	0.00792	0.03378	0.01408	0.02195	0.01180	0.01370	0.00979	0.00495	0.00492	0.00100	0.00493	0.00395	0.00397	0.78897
27	0.00889	0.00643	0.00840	0.00851	0.00973	0.00594	0.00615	0.01137	0.01673	0.02330	0.50102	0.26555	0.07193	0.01570	0.00796	0.00226	0.00333	0.01401	0.00688	0.00594
28	0.00800	0.00652	0.00708	0.00728	0.00911	0.00560	0.00533	0.00975	0.01503	0.01863	0.13902	0.17966	0.53215	0.01696	0.00788	0.00228	0.00339	0.01447	0.00625	0.00560
29	0.02459	0.03138	0.01866	0.01696	0.02035	0.74221	0.01272	0.02629	0.01866	0.01611	0.01018	0.01187	0.00848	0.00678	0.00594	0.00170	0.01187	0.00424	0.00339	0.00763
30	0.04959	0.02990	0.01869	0.01750	0.04576	0.67549	0.01281	0.04194	0.01858	0.01734	0.01036	0.01209	0.00857	0.00676	0.00591	0.00172	0.01140	0.00432	0.00348	0.00780
31	0.02930	0.01158	0.01551	0.01189	0.01699	0.01024	0.00982	0.06740	0.01948	0.69592	0.02544	0.02206	0.01603	0.00814	0.00662	0.00203	0.00569	0.00658	0.00807	0.01120
32	0.01485	0.01710	0.13609	0.35627	0.21310	0.04039	0.01875	0.04760	0.01482	0.03941	0.01305	0.03614	0.01034	0.00682	0.00654	0.00210	0.00851	0.00600	0.00338	0.00873
33	0.05824	0.06107	0.01395	0.03330	0.03076	0.18916	0.00930	0.01921	0.03202	0.07041	0.10619	0.02688	0.02090	0.04869	0.07582	0.00292	0.00780	0.05357	0.13266	0.00716
34	0.01322	0.00713	0.00751	0.00707	0.00894	0.00717	0.00540	0.06141	0.01553	0.04169	0.08997	0.02632	0.02091	0.00826	0.00509	0.00163	0.00341	0.00670	0.65605	0.00659
35	0.01035	0.00695	0.00810	0.00785	0.00989	0.00609	0.00587	0.01244	0.01589	0.08507	0.22166	0.15078	0.37334	0.01528	0.00763	0.00220	0.00354	0.01309	0.03774	0.00623
36	0.00948	0.00642	0.00726	0.00726	0.00740	0.00640	0.00416	0.00963	0.00986	0.01308	0.02283	0.04354	0.05698	0.71180	0.05314	0.00631	0.00657	0.00970	0.00408	0.00412
37	0.07553	0.01055	0.01309	0.01068	0.01463	0.00993	0.00859	0.05720	0.06501	0.38293	0.20405	0.02954	0.05238	0.00964	0.00675	0.00204	0.00488	0.00798	0.00730	0.02729
38	0.01251	0.00777	0.00939	0.00865	0.01106	0.00697	0.00665	0.03698	0.01716	0.13839	0.26961	0.10528	0.29703	0.01429	0.00763	0.00219	0.00387	0.03087	0.00683	0.00688
39	0.01749	0.01361	0.01656	0.01440	0.04505	0.01452	0.05719	0.13827	0.32863	0.07381	0.05824	0.02364	0.01884	0.04432	0.00783	0.00223	0.00588	0.00713	0.04943	0.06293
40	0.81514	0.01273	0.00968	0.00866	0.01273	0.01477	0.00713	0.01935	0.01120	0.02954	0.00917	0.01069	0.00713	0.00611	0.00407	0.00204	0.00509	0.00356	0.00407	0.00713
41	0.02185	0.01690	0.14264	0.04373	0.10399	0.01345	0.04737	0.13458	0.01874	0.30751	0.01930	0.02089	0.01370	0.00892	0.02796	0.00233	0.00758	0.03254	0.00577	0.01025
42	0.31007	0.04703	0.09500	0.01340	0.01874	0.03446	0.04776	0.23522	0.01892	0.10147	0.01345	0.01421	0.00968	0.00686	0.00560	0.00200	0.00688	0.00499	0.00502	0.00925
43	0.01629	0.01564	0.02672	0.04041	0.72757	0.01564	0.02020	0.02020	0.01499	0.02151	0.01238	0.01629	0.01043	0.00587	0.00652	0.00196	0.00782	0.00587	0.00326	0.01043
44	0.02737	0.01197	0.01596	0.01322	0.04929	0.01096	0.01029	0.10517	0.02000	0.58612	0.06083	0.02280	0.01787	0.00830	0.00667	0.00203	0.00575	0.00679	0.00770	0.01091
45	0.03923	0.32161	0.31495	0.01462	0.02155	0.04148	0.01635	0.06943	0.03454	0.02073	0.04103	0.01433	0.01112	0.00651	0.00548	0.00180	0.00802	0.00472	0.00342	0.00906
46	0.01035	0.00730	0.00934	0.00980	0.01167	0.00682	0.00810	0.01299	0.01599	0.05026	0.18656	0.06386	0.23236	0.01637	0.00835	0.00257	0.00467	0.33007	0.00641	0.00617
47	0.00961	0.00675	0.00847	0.00815	0.00974	0.00614	0.00600	0.01211	0.01702	0.04596	0.49359	0.11600	0.16597	0.05408	0.00914	0.00238	0.00346	0.01257	0.00681	0.00607
48	0.01587	0.01520	0.02595	0.11939	0.65193	0.01553	0.01999	0.01983	0.01479	0.02099	0.01231	0.01643	0.01024	0.00595	0.00652	0.00198	0.00793	0.00586	0.00322	0.01008
49	0.01410	0.01419	0.04817	0.46856	0.20288	0.01528	0.07984	0.04312	0.01447	0.01934	0.01216	0.01708	0.00934	0.00636	0.00666	0.00213	0.00874	0.00599	0.00317	0.00841
50	0.00824	0.00669	0.00730	0.00715	0.00917	0.00575	0.00536	0.01033	0.01608	0.02034	0.26178	0.05915	0.52822	0.01572	0.00778	0.00218	0.00327	0.01330	0.00645	0.00575
51	0.00871	0.00601	0.00743	0.00832	0.00877	0.00572	0.00540	0.00973	0.01213	0.01646	0.05670	0.46994	0.06574	0.22814	0.01516	0.00361	0.00445	0.01506	0.04746	0.00505
52	0.05317	0.03365	0.11799	0.02307	0.27738	0.01314	0.05028	0.04758	0.01654	0.07115	0.20252	0.02477	0.02409	0.00817	0.00672	0.00201	0.00668	0.00732	0.00475	0.00901
53	0.05547	0.54136	0.09601	0.01389	0.05532	0.07910	0.01283	0.02093	0.04100	0.01748	0.01033	0.01182	0.00893	0.00594	0.00475	0.00158	0.00754	0.00398	0.00309	0.00862
54	0.03790	0.03720	0.02400	0.10699	0.40837	0.03397	0.06629	0.07256	0.01613	0.05939	0.01562	0.04494	0.03317	0.00708	0.00659	0.00202	0.00773	0.00658	0.00394	0.00954

[dist]
# distance from previous block
# <min> <max>
0	3

[block]
# block no. 7 follows, 33 sequences, length 10
# corresponding to MSA columns:
# 326-335
name=unknown_H
#
# <colnr> <probs for GDERKNQSTAVLIFYWHMCP>
#	G	D	E	R	K	N	Q	S	T	A	V	L	I	F	Y	W	H	M	C	P
0	0.01928	0.25751	0.02609	0.01745	0.08953	0.16293	0.09072	0.12845	0.01762	0.02172	0.01179	0.01372	0.00963	0.00623	0.00563	0.00167	0.00826	0.00487	0.02853	0.07839
1	0.00851	0.00607	0.00809	0.00911	0.00957	0.00603	0.00616	0.00970	0.01176	0.01590	0.03049	0.51808	0.03559	0.14368	0.14417	0.00468	0.00670	0.01518	0.00531	0.00523
2	0.01365	0.01170	0.01365	0.00975	0.01560	0.00878	0.00780	0.01658	0.01365	0.02145	0.01170	0.01365	0.00975	0.00488	0.00488	0.00098	0.00488	0.00390	0.00390	0.80888
3	0.02641	0.01166	0.01510	0.01177	0.01645	0.01075	0.00964	0.12357	0.02051	0.54865	0.11079	0.02479	0.02125	0.00877	0.00676	0.00203	0.00552	0.00718	0.00782	0.01059
4	0.23064	0.01341	0.01631	0.01294	0.01772	0.01379	0.06969	0.10357	0.11962	0.30720	0.01948	0.01853	0.01334	0.00748	0.00606	0.00207	0.00607	0.00597	0.00628	0.00982
5	0.01218	0.01027	0.01680	0.35661	0.14966	0.01156	0.01428	0.01470	0.01270	0.01683	0.01652	0.13112	0.01605	0.01190	0.01026	0.14108	0.00722	0.03994	0.00359	0.00673
6	0.00910	0.00672	0.00850	0.00805	0.00970	0.00612	0.00604	0.01200	0.01812	0.02517	0.63047	0.05120	0.15651	0.01392	0.00777	0.00209	0.00314	0.01219	0.00709	0.00612
7	0.01587	0.08638	0.14713	0.07820	0.20865	0.11279	0.14910	0.02008	0.01492	0.01933	0.01384	0.07773	0.01220	0.00726	0.00660	0.00202	0.00898	0.00671	0.00338	0.00881
8	0.01422	0.01190	0.01379	0.01014	0.01564	0.00949	0.00807	0.06963	0.01494	0.02275	0.01337	0.05511	0.01172	0.00598	0.00520	0.00115	0.00500	0.00487	0.00423	0.70280
9	0.01717	0.03248	0.01771	0.01798	0.14952	0.05544	0.02786	0.10354	0.21187	0.07764	0.10090	0.02654	0.08533	0.00922	0.00735	0.00209	0.03475	0.00767	0.00565	0.00929

[dist]
# distance from previous block
# <min> <max>
0	2

[block]
# block no. 8 follows, 33 sequences, length 10
# corresponding to MSA columns:
# 338-347
name=unknown_I
#
# <colnr> <probs for GDERKNQSTAVLIFYWHMCP>
#	G	D	E	R	K	N	Q	S	T	A	V	L	I	F	Y	W	H	M	C	P
0	0.01531	0.07374	0.12679	0.04416	0.23565	0.03085	0.04028	0.05340	0.09669	0.02202	0.05232	0.02408	0.01643	0.00846	0.00775	0.00216	0.05947	0.07715	0.00418	0.00911
1	0.00830	0.00594	0.00789	0.00898	0.00961	0.00553	0.00613	0.00987	0.01390	0.01887	0.18429	0.61045	0.04754	0.01908	0.00827	0.00254	0.00367	0.01725	0.00636	0.00553
2	0.01067	0.00900	0.01155	0.01093	0.01221	0.01039	0.00844	0.01416	0.08438	0.01812	0.08827	0.11598	0.16504	0.06342	0.18931	0.00464	0.16217	0.01005	0.00486	0.00642
3	0.01037	0.00581	0.00817	0.00853	0.00863	0.00572	0.00558	0.00885	0.00967	0.01289	0.01860	0.20103	0.02075	0.12020	0.02261	0.51051	0.00535	0.00933	0.00378	0.00360
4	0.00811	0.00641	0.00731	0.00766	0.00924	0.00561	0.00553	0.00988	0.01494	0.01898	0.17069	0.26120	0.41663	0.01725	0.00796	0.00233	0.00343	0.01493	0.00631	0.00561
5	0.01227	0.00737	0.00943	0.00950	0.01120	0.00687	0.00702	0.01472	0.04164	0.13319	0.12727	0.34147	0.11051	0.06303	0.00952	0.00269	0.00438	0.07487	0.00647	0.00660
6	0.01668	0.59279	0.03123	0.01232	0.01752	0.02245	0.08306	0.01928	0.01366	0.01726	0.01121	0.01315	0.00972	0.00589	0.00465	0.00151	0.00694	0.00431	0.10817	0.00819
7	0.01823	0.11996	0.15669	0.02262	0.20256	0.11435	0.09126	0.04466	0.01607	0.09509	0.01568	0.01744	0.04278	0.00680	0.00630	0.00192	0.00852	0.00581	0.00389	0.00938
8	0.25806	0.18460	0.17693	0.01442	0.06638	0.03815	0.01332	0.02223	0.04585	0.10592	0.01277	0.01379	0.00962	0.00641	0.00523	0.00190	0.00699	0.00455	0.00404	0.00886
9	0.02588	0.01119	0.01469	0.01156	0.01622	0.00994	0.00938	0.07745	0.01871	0.55891	0.02535	0.09920	0.01834	0.00922	0.00669	0.00203	0.00548	0.00766	0.00753	0.06456

[dist]
# distance from previous block
# <min> <max>
0	14

# created by:
# /home/cegg/simao/soft/augustus-3.2.1/scripts/msa2prfl.pl ./align_prep/EOG090W0A94.fa
