[name]
unknown

[dist]
# distance from previous block
# <min> <max>
0	142

[block]
# block no. 0 follows, 30 sequences, length 104
# corresponding to MSA columns:
# 172-210,223-284,292-294
name=unknown_A
#
# <colnr> <probs for GDERKNQSTAVLIFYWHMCP>
#	G	D	E	R	K	N	Q	S	T	A	V	L	I	F	Y	W	H	M	C	P
0	0.04919	0.19445	0.13669	0.01472	0.02005	0.06748	0.03352	0.09097	0.04348	0.08654	0.03930	0.02894	0.01830	0.00968	0.00678	0.00220	0.00782	0.13574	0.00499	0.00915
1	0.02001	0.12482	0.20760	0.01671	0.02290	0.24423	0.03538	0.04530	0.07970	0.05090	0.01386	0.01516	0.01068	0.00697	0.00623	0.00189	0.00954	0.00512	0.00403	0.07897
2	0.01680	0.08065	0.19294	0.01944	0.02579	0.01566	0.23023	0.04263	0.06237	0.09362	0.05194	0.08559	0.01795	0.00878	0.00740	0.00228	0.00872	0.02299	0.00474	0.00949
3	0.07851	0.19973	0.31510	0.01813	0.06892	0.07660	0.04405	0.02228	0.01537	0.05115	0.04058	0.01570	0.01168	0.00685	0.00608	0.00200	0.00890	0.00523	0.00361	0.00953
4	0.01380	0.01062	0.01165	0.00988	0.01325	0.05479	0.00763	0.01670	0.01791	0.08540	0.34031	0.03927	0.12660	0.01140	0.00721	0.00189	0.00465	0.00968	0.00643	0.21092
5	0.01732	0.04993	0.21710	0.02380	0.20060	0.06436	0.01852	0.06091	0.16557	0.02400	0.01587	0.01775	0.01234	0.00774	0.00816	0.00222	0.07316	0.00608	0.00426	0.01032
6	0.02104	0.25039	0.02381	0.01422	0.01902	0.13402	0.01200	0.19793	0.15978	0.02704	0.06133	0.01857	0.01597	0.00805	0.00620	0.00192	0.00767	0.00595	0.00527	0.00984
7	0.00886	0.00634	0.00849	0.00997	0.01057	0.00596	0.00696	0.01041	0.01405	0.01879	0.08223	0.63792	0.04685	0.02111	0.00893	0.00283	0.00423	0.08314	0.00655	0.00580
8	0.01587	0.23931	0.34288	0.01962	0.09217	0.02035	0.01969	0.02084	0.01405	0.01969	0.01124	0.01405	0.00914	0.00729	0.00862	0.00212	0.12549	0.00500	0.00302	0.00957
9	0.01746	0.12350	0.40431	0.01729	0.02505	0.08778	0.01943	0.02568	0.12412	0.06756	0.01550	0.01645	0.01140	0.00718	0.00642	0.00210	0.00912	0.00546	0.00405	0.01014
10	0.03048	0.06092	0.01753	0.01238	0.01782	0.01140	0.01037	0.03315	0.01959	0.67013	0.02636	0.02293	0.01673	0.00846	0.00685	0.00212	0.00604	0.00680	0.00827	0.01168
11	0.01416	0.01365	0.02339	0.42230	0.16726	0.01584	0.07955	0.01829	0.01419	0.01908	0.01409	0.06607	0.01216	0.00823	0.00878	0.00239	0.08150	0.00728	0.00342	0.00838
12	0.01881	0.01464	0.01983	0.11549	0.23191	0.05241	0.01470	0.13253	0.01910	0.11551	0.06476	0.12940	0.02049	0.00990	0.00729	0.00223	0.00728	0.00869	0.00541	0.00962
13	0.01030	0.00787	0.00964	0.00975	0.01161	0.00756	0.00756	0.01448	0.07743	0.02374	0.31594	0.13086	0.19304	0.01630	0.00847	0.00250	0.00420	0.13503	0.00701	0.00670
14	0.00922	0.00718	0.00762	0.00755	0.00985	0.00608	0.00565	0.01109	0.01615	0.04486	0.11020	0.10939	0.59610	0.01739	0.00824	0.00237	0.00364	0.01464	0.00664	0.00614
15	0.01833	0.02020	0.17749	0.29272	0.11743	0.08526	0.01888	0.02307	0.01600	0.14210	0.01502	0.01788	0.01078	0.00712	0.00683	0.00219	0.00914	0.00594	0.00413	0.00949
16	0.01906	0.17151	0.36679	0.01655	0.02431	0.05598	0.01857	0.05086	0.05428	0.13540	0.01537	0.01610	0.01106	0.00708	0.00629	0.00204	0.00880	0.00534	0.00431	0.01028
17	0.00850	0.00607	0.00810	0.00972	0.01012	0.00567	0.00648	0.00972	0.01336	0.01781	0.03846	0.75020	0.04615	0.02186	0.00891	0.00283	0.00405	0.01984	0.00648	0.00567
18	0.01358	0.01271	0.02140	0.62377	0.12588	0.01531	0.01927	0.01811	0.01428	0.01855	0.01354	0.02103	0.01084	0.00741	0.00708	0.00233	0.00906	0.03445	0.00329	0.00809
19	0.02006	0.01955	0.16851	0.01733	0.02328	0.04200	0.12084	0.11196	0.07979	0.17753	0.06573	0.02663	0.01897	0.00907	0.00741	0.00229	0.00810	0.06502	0.00582	0.01011
20	0.01521	0.01448	0.02460	0.39266	0.37750	0.01604	0.02039	0.01961	0.01492	0.02030	0.01276	0.01794	0.01017	0.00660	0.00694	0.00220	0.00880	0.00621	0.00328	0.00939
21	0.01336	0.01132	0.01795	0.01485	0.01761	0.01209	0.15659	0.01850	0.08625	0.02308	0.12893	0.06647	0.02469	0.01559	0.10052	0.00341	0.09503	0.00879	0.17729	0.00768
22	0.01340	0.01263	0.02133	0.70057	0.08376	0.01556	0.01949	0.01802	0.01406	0.01810	0.01244	0.01853	0.00940	0.00694	0.00697	0.00231	0.00925	0.00620	0.00312	0.00793
23	0.02331	0.01426	0.01495	0.01263	0.01618	0.11988	0.00983	0.06871	0.01848	0.33401	0.06007	0.08308	0.02111	0.08844	0.03099	0.00291	0.03587	0.00819	0.02784	0.00926
24	0.01647	0.01882	0.04118	0.02941	0.03647	0.01765	0.68588	0.02235	0.01647	0.02235	0.01412	0.01882	0.01059	0.00588	0.00824	0.00235	0.01176	0.00824	0.00353	0.00941
25	0.02901	0.01408	0.01738	0.01349	0.01882	0.01372	0.01109	0.20202	0.07541	0.49086	0.02483	0.02213	0.01620	0.00863	0.00701	0.00216	0.00635	0.00690	0.00809	0.01181
26	0.01466	0.02216	0.25059	0.02080	0.02586	0.01770	0.17524	0.01936	0.01348	0.01983	0.01294	0.04510	0.01117	0.01094	0.04237	0.00294	0.27590	0.00689	0.00329	0.00878
27	0.01628	0.01826	0.03803	0.02765	0.03359	0.01824	0.57938	0.02147	0.01555	0.02147	0.01333	0.01826	0.01036	0.00689	0.01056	0.00246	0.12773	0.00790	0.00345	0.00913
28	0.00900	0.00689	0.00838	0.00937	0.01080	0.00627	0.00706	0.01087	0.01494	0.01889	0.05070	0.33690	0.30313	0.01966	0.00881	0.00273	0.00437	0.15883	0.00647	0.00592
29	0.01077	0.00717	0.00970	0.01096	0.01217	0.00683	0.00846	0.01285	0.01484	0.05661	0.03847	0.42933	0.06649	0.02001	0.00906	0.00293	0.00504	0.26544	0.00657	0.00630
30	0.02569	0.04706	0.01990	0.01836	0.12858	0.05293	0.01291	0.09538	0.07967	0.37335	0.02159	0.02063	0.01486	0.00830	0.00771	0.00216	0.04652	0.00657	0.00670	0.01111
31	0.01205	0.00616	0.00907	0.00907	0.00922	0.00623	0.00614	0.00966	0.00950	0.01309	0.01305	0.02180	0.01272	0.02489	0.06374	0.71183	0.00659	0.00616	0.04565	0.00339
32	0.01423	0.01348	0.02283	0.55907	0.21874	0.01578	0.01990	0.01875	0.01445	0.01911	0.01259	0.01826	0.00975	0.00678	0.00696	0.00226	0.00904	0.00621	0.00319	0.00860
33	0.01450	0.01375	0.02332	0.51315	0.26255	0.01585	0.02004	0.01899	0.01458	0.01944	0.01264	0.01817	0.00987	0.00673	0.00695	0.00224	0.00897	0.00621	0.00322	0.00882
34	0.02465	0.01262	0.01711	0.16621	0.02428	0.01281	0.01235	0.03121	0.15630	0.42914	0.02451	0.02313	0.01640	0.00845	0.00703	0.00224	0.00657	0.00702	0.00715	0.01084
35	0.01015	0.00790	0.01169	0.01147	0.01262	0.00879	0.02787	0.01238	0.01256	0.01776	0.08637	0.18757	0.02783	0.06551	0.41409	0.00763	0.05621	0.01070	0.00468	0.00624
36	0.02095	0.01549	0.02424	0.09466	0.42889	0.01563	0.01794	0.09332	0.01838	0.17654	0.01660	0.01876	0.01235	0.00704	0.00695	0.00212	0.00780	0.00640	0.00493	0.01103
37	0.01279	0.00898	0.01224	0.01243	0.01441	0.00898	0.03674	0.01762	0.11226	0.07507	0.03467	0.33292	0.03689	0.01754	0.00872	0.00282	0.00553	0.23547	0.00660	0.00733
38	0.01647	0.01882	0.04118	0.02941	0.03647	0.01765	0.68588	0.02235	0.01647	0.02235	0.01412	0.01882	0.01059	0.00588	0.00824	0.00235	0.01176	0.00824	0.00353	0.00941
39	0.01487	0.10655	0.41960	0.01791	0.02577	0.01639	0.08571	0.06420	0.01672	0.02363	0.10503	0.02125	0.03644	0.00791	0.00683	0.00214	0.00887	0.00663	0.00399	0.00957
40	0.01525	0.15775	0.37765	0.01844	0.02615	0.01743	0.12526	0.04508	0.01547	0.02185	0.01474	0.06532	0.01227	0.00757	0.00657	0.00211	0.00914	0.00650	0.04598	0.00946
41	0.01254	0.01218	0.02054	0.01721	0.02000	0.04034	0.22745	0.01554	0.01491	0.01989	0.06311	0.35258	0.03099	0.01480	0.00968	0.00264	0.06446	0.04872	0.00520	0.00722
42	0.01241	0.01157	0.01320	0.01193	0.01362	0.08093	0.02700	0.01493	0.01696	0.02265	0.35193	0.07983	0.14133	0.01385	0.01098	0.00239	0.15052	0.01111	0.00601	0.00686
43	0.02259	0.01209	0.01560	0.01295	0.01653	0.01255	0.01039	0.10927	0.05820	0.33576	0.02308	0.05380	0.01776	0.06547	0.12490	0.00402	0.08098	0.00769	0.00663	0.00975
44	0.01318	0.01240	0.02093	0.73798	0.04806	0.01550	0.01938	0.01783	0.01395	0.01783	0.01240	0.01860	0.00930	0.00698	0.00698	0.00233	0.00930	0.00620	0.00310	0.00775
45	0.00934	0.00847	0.05531	0.01030	0.01169	0.00702	0.00795	0.01141	0.01379	0.01885	0.11335	0.44055	0.06537	0.06413	0.12415	0.00424	0.00682	0.01534	0.00583	0.00610
46	0.01818	0.02026	0.03225	0.02428	0.03011	0.12933	0.43229	0.02644	0.16623	0.02302	0.01672	0.01942	0.01268	0.00687	0.00768	0.00227	0.01053	0.00757	0.00432	0.00956
47	0.01436	0.01377	0.02427	0.30335	0.26273	0.01474	0.10716	0.01858	0.01512	0.02053	0.04544	0.09620	0.01634	0.00845	0.00738	0.00229	0.00848	0.00818	0.00383	0.00881
48	0.01400	0.03610	0.71860	0.01989	0.03020	0.01621	0.02578	0.02210	0.01473	0.02210	0.01252	0.01473	0.00884	0.00663	0.00663	0.00221	0.01031	0.00516	0.00295	0.01031
49	0.01641	0.01570	0.02676	0.18983	0.57099	0.01635	0.02099	0.02066	0.01548	0.02175	0.01297	0.01755	0.01068	0.00638	0.00692	0.00213	0.00850	0.00621	0.00338	0.01036
50	0.02791	0.01616	0.01701	0.01371	0.01861	0.11669	0.01104	0.11916	0.09220	0.43332	0.02362	0.02151	0.01579	0.00846	0.00685	0.00210	0.00701	0.00663	0.03113	0.01108
51	0.01591	0.32448	0.42033	0.01665	0.02485	0.02096	0.01986	0.02142	0.01436	0.01963	0.01127	0.01334	0.00890	0.00657	0.00636	0.00195	0.03589	0.00462	0.00297	0.00967
52	0.01640	0.01933	0.06106	0.02913	0.03629	0.01760	0.66651	0.02235	0.01642	0.02235	0.01407	0.01870	0.01054	0.00590	0.00819	0.00235	0.01172	0.00814	0.00351	0.00944
53	0.00886	0.00633	0.00851	0.01013	0.01069	0.00598	0.00711	0.01034	0.01372	0.01822	0.03826	0.66163	0.04536	0.02152	0.00900	0.00288	0.00436	0.10484	0.00647	0.00577
54	0.01863	0.01927	0.02219	0.21890	0.26162	0.19901	0.01712	0.06525	0.01720	0.02107	0.01320	0.01783	0.01090	0.03900	0.00795	0.00226	0.00943	0.00595	0.02417	0.00905
55	0.01995	0.01320	0.01657	0.04359	0.07352	0.01402	0.01161	0.15151	0.16793	0.17790	0.02465	0.06349	0.04314	0.01675	0.12570	0.00373	0.00841	0.00802	0.00636	0.00999
56	0.00850	0.00607	0.00810	0.00972	0.01012	0.00567	0.00648	0.00972	0.01336	0.01781	0.03846	0.75020	0.04615	0.02186	0.00891	0.00283	0.00405	0.01984	0.00648	0.00567
57	0.02356	0.01807	0.01927	0.01546	0.02051	0.02026	0.01255	0.47745	0.24815	0.03920	0.02052	0.01976	0.01492	0.00873	0.00702	0.00218	0.00698	0.00680	0.00702	0.01160
58	0.10560	0.01718	0.01830	0.01454	0.01959	0.01888	0.01197	0.47342	0.08157	0.09080	0.01872	0.02013	0.01385	0.00871	0.00676	0.00216	0.00697	0.03189	0.02798	0.01100
59	0.01650	0.01914	0.06551	0.03116	0.14295	0.01742	0.55509	0.02219	0.01631	0.02241	0.01390	0.01842	0.01059	0.00596	0.00796	0.00230	0.01116	0.00780	0.00349	0.00971
60	0.00850	0.00607	0.00810	0.00972	0.01012	0.00567	0.00648	0.00972	0.01336	0.01781	0.03846	0.75020	0.04615	0.02186	0.00891	0.00283	0.00405	0.01984	0.00648	0.00567
61	0.00877	0.00630	0.00809	0.00940	0.00996	0.00590	0.00633	0.00997	0.01331	0.01755	0.03911	0.59394	0.09517	0.10146	0.01179	0.00324	0.00440	0.04353	0.00623	0.00556
62	0.00856	0.00610	0.00808	0.00964	0.01003	0.00571	0.00639	0.00973	0.01324	0.01765	0.03784	0.72360	0.04537	0.04954	0.00991	0.00298	0.00415	0.01947	0.00639	0.00561
63	0.00962	0.00654	0.00777	0.00829	0.00842	0.00641	0.00496	0.01001	0.01119	0.01492	0.02732	0.27353	0.03209	0.51772	0.02691	0.00549	0.00589	0.01328	0.00496	0.00469
64	0.01400	0.03610	0.71860	0.01989	0.03020	0.01621	0.02578	0.02210	0.01473	0.02210	0.01252	0.01473	0.00884	0.00663	0.00663	0.00221	0.01031	0.00516	0.00295	0.01031
65	0.02717	0.01852	0.02031	0.01557	0.02113	0.02012	0.01286	0.60064	0.03110	0.13372	0.01819	0.01769	0.01259	0.00841	0.00699	0.00210	0.00745	0.00638	0.00720	0.01187
66	0.01335	0.01258	0.02125	0.70814	0.07653	0.01555	0.01947	0.01798	0.01404	0.01804	0.01243	0.01855	0.00938	0.00694	0.00697	0.00231	0.00926	0.00620	0.00312	0.00789
67	0.00848	0.00617	0.00800	0.00945	0.01005	0.00569	0.00636	0.00975	0.01361	0.01792	0.04165	0.68260	0.11170	0.02145	0.00884	0.00279	0.00400	0.01933	0.00648	0.00569
68	0.01261	0.00898	0.01167	0.01392	0.12166	0.00878	0.00891	0.04392	0.01668	0.02450	0.13614	0.07895	0.13690	0.01213	0.00703	0.00214	0.00465	0.07451	0.26862	0.00732
69	0.01318	0.01240	0.02093	0.73798	0.04806	0.01550	0.01938	0.01783	0.01395	0.01783	0.01240	0.01860	0.00930	0.00698	0.00698	0.00233	0.00930	0.00620	0.00310	0.00775
70	0.01727	0.01658	0.02832	0.04283	0.71123	0.01658	0.02142	0.02142	0.01589	0.02280	0.01313	0.01727	0.01105	0.00622	0.00691	0.00207	0.00829	0.00622	0.00345	0.01105
71	0.01647	0.01882	0.04118	0.02941	0.03647	0.01765	0.68588	0.02235	0.01647	0.02235	0.01412	0.01882	0.01059	0.00588	0.00824	0.00235	0.01176	0.00824	0.00353	0.00941
72	0.01679	0.01608	0.02745	0.12533	0.63253	0.01645	0.02117	0.02099	0.01566	0.02221	0.01304	0.01743	0.01085	0.00631	0.00692	0.00210	0.00841	0.00622	0.00341	0.01066
73	0.01635	0.27131	0.27230	0.02032	0.02814	0.02047	0.23467	0.02178	0.01511	0.02029	0.01210	0.01488	0.00944	0.00617	0.00643	0.00202	0.00983	0.00568	0.00315	0.00957
74	0.00841	0.00708	0.00729	0.00724	0.00952	0.00596	0.00543	0.01033	0.01629	0.01976	0.13372	0.06567	0.64480	0.01734	0.00825	0.00234	0.00351	0.01452	0.00660	0.00596
75	0.07442	0.02106	0.17161	0.01566	0.02202	0.01773	0.01492	0.32925	0.08399	0.15237	0.01825	0.01798	0.01268	0.00801	0.00675	0.00216	0.00762	0.00614	0.00622	0.01118
76	0.02427	0.01824	0.01688	0.01416	0.01835	0.18992	0.01115	0.17612	0.06806	0.22770	0.10104	0.06198	0.02151	0.00965	0.00708	0.00211	0.00754	0.00763	0.00669	0.00993
77	0.04616	0.00963	0.01078	0.01108	0.01278	0.04475	0.00842	0.07788	0.01710	0.02337	0.14313	0.34539	0.04059	0.01702	0.00830	0.00261	0.00520	0.13955	0.02948	0.00679
78	0.00849	0.00611	0.00806	0.00961	0.01009	0.00568	0.00643	0.00973	0.01346	0.01785	0.03970	0.72386	0.07170	0.02170	0.00888	0.00282	0.00403	0.01964	0.00648	0.00568
79	0.04483	0.01599	0.01648	0.01382	0.01779	0.11791	0.02874	0.17573	0.08360	0.17090	0.03766	0.02177	0.01608	0.01561	0.12526	0.00357	0.00922	0.00668	0.06880	0.00956
80	0.01591	0.01631	0.02814	0.02174	0.02578	0.06239	0.34077	0.01958	0.01508	0.04827	0.01905	0.13812	0.03722	0.01038	0.01129	0.00254	0.16535	0.00957	0.00421	0.00833
81	0.01345	0.01268	0.02142	0.69235	0.09160	0.01557	0.01951	0.01806	0.01408	0.01816	0.01245	0.01852	0.00942	0.00693	0.00697	0.00231	0.00924	0.00620	0.00312	0.00797
82	0.01425	0.07504	0.68186	0.01946	0.02954	0.01682	0.02504	0.02203	0.01470	0.02179	0.01237	0.01454	0.00885	0.00659	0.00651	0.00217	0.01016	0.00508	0.00295	0.01024
83	0.04973	0.01541	0.01473	0.01321	0.01648	0.12639	0.01023	0.17326	0.08958	0.09218	0.06280	0.20123	0.04510	0.01267	0.00749	0.00233	0.00669	0.04533	0.00638	0.00877
84	0.01140	0.00958	0.01021	0.00972	0.01240	0.00967	0.00737	0.01913	0.23703	0.02322	0.13079	0.08887	0.37431	0.01484	0.00791	0.00237	0.00418	0.01254	0.00682	0.00763
85	0.00825	0.00707	0.00707	0.00707	0.00943	0.00589	0.00530	0.01001	0.01591	0.01885	0.07069	0.06716	0.70839	0.01767	0.00825	0.00236	0.00353	0.01473	0.00648	0.00589
86	0.01475	0.01124	0.01834	0.01560	0.01837	0.01170	0.14252	0.01824	0.04123	0.11229	0.02587	0.19452	0.04431	0.01998	0.12841	0.00406	0.09734	0.06805	0.00534	0.00784
87	0.01397	0.01303	0.02163	0.55412	0.15620	0.01565	0.01894	0.01831	0.01413	0.01893	0.01275	0.01849	0.00992	0.00718	0.00774	0.00230	0.04833	0.00621	0.03392	0.00825
88	0.01647	0.01882	0.04118	0.02941	0.03647	0.01765	0.68588	0.02235	0.01647	0.02235	0.01412	0.01882	0.01059	0.00588	0.00824	0.00235	0.01176	0.00824	0.00353	0.00941
89	0.01647	0.01882	0.04118	0.02941	0.03647	0.01765	0.68588	0.02235	0.01647	0.02235	0.01412	0.01882	0.01059	0.00588	0.00824	0.00235	0.01176	0.00824	0.00353	0.00941
90	0.01556	0.01513	0.02662	0.31852	0.38167	0.01625	0.08492	0.02008	0.01517	0.02078	0.01293	0.01795	0.01031	0.00649	0.00706	0.00220	0.00903	0.00641	0.00332	0.00958
91	0.01258	0.00789	0.00942	0.00885	0.01139	0.00690	0.00686	0.01495	0.01743	0.13350	0.21839	0.08377	0.36692	0.01564	0.00816	0.00236	0.00408	0.05675	0.00712	0.00705
92	0.00826	0.00702	0.00712	0.00721	0.00946	0.00588	0.00537	0.01000	0.01577	0.01880	0.06896	0.10396	0.67272	0.01790	0.00828	0.00238	0.00356	0.01500	0.00648	0.00588
93	0.01506	0.14155	0.31173	0.18675	0.10493	0.01823	0.04676	0.02058	0.01444	0.02001	0.01199	0.01552	0.00929	0.00683	0.00734	0.00216	0.04889	0.00546	0.00307	0.00941
94	0.01807	0.01695	0.05205	0.01783	0.02271	0.05396	0.18254	0.09147	0.25914	0.07156	0.02504	0.08187	0.05520	0.00958	0.00751	0.00232	0.00770	0.00878	0.00583	0.00987
95	0.00850	0.00607	0.00810	0.00972	0.01012	0.00567	0.00648	0.00972	0.01336	0.01781	0.03846	0.75020	0.04615	0.02186	0.00891	0.00283	0.00405	0.01984	0.00648	0.00567
96	0.02017	0.01885	0.02961	0.02203	0.02797	0.04616	0.33531	0.25873	0.08398	0.03028	0.01835	0.02033	0.03829	0.00758	0.00761	0.00224	0.00948	0.00761	0.00519	0.01024
97	0.09661	0.01968	0.02058	0.01659	0.02135	0.14529	0.09402	0.28036	0.10578	0.05200	0.03764	0.04664	0.01502	0.00852	0.00689	0.00215	0.00826	0.00689	0.00576	0.00999
98	0.01364	0.01287	0.02176	0.65956	0.12287	0.01563	0.01961	0.01823	0.01417	0.01839	0.01248	0.01845	0.00950	0.00689	0.00697	0.00230	0.00919	0.00620	0.00314	0.00812
99	0.00850	0.00607	0.00810	0.00972	0.01012	0.00567	0.00648	0.00972	0.01336	0.01781	0.03846	0.75020	0.04615	0.02186	0.00891	0.00283	0.00405	0.01984	0.00648	0.00567
100	0.01624	0.01180	0.05899	0.05041	0.01658	0.01033	0.01010	0.09029	0.01891	0.16585	0.18562	0.08919	0.18054	0.01295	0.00819	0.00232	0.02669	0.02994	0.00673	0.00835
101	0.01650	0.44399	0.24652	0.01440	0.02115	0.04251	0.01582	0.02047	0.01444	0.01834	0.01321	0.07907	0.01228	0.00765	0.00560	0.00185	0.00819	0.00565	0.00331	0.00906
102	0.02077	0.01796	0.01972	0.10547	0.05209	0.17094	0.01425	0.02367	0.03558	0.16574	0.03174	0.01819	0.01269	0.00944	0.01248	0.00242	0.26720	0.00618	0.00461	0.00886
103	0.67497	0.01406	0.01153	0.01014	0.01451	0.01624	0.00829	0.06899	0.07832	0.03200	0.01198	0.01311	0.00916	0.00689	0.00477	0.00217	0.00557	0.00434	0.00477	0.00819

[dist]
# distance from previous block
# <min> <max>
7	34

[block]
# block no. 1 follows, 30 sequences, length 17
# corresponding to MSA columns:
# 333-349
name=unknown_B
#
# <colnr> <probs for GDERKNQSTAVLIFYWHMCP>
#	G	D	E	R	K	N	Q	S	T	A	V	L	I	F	Y	W	H	M	C	P
0	0.01903	0.24170	0.13013	0.16068	0.02646	0.13511	0.01555	0.02434	0.08333	0.08005	0.01426	0.01601	0.01096	0.00705	0.00608	0.00196	0.00878	0.00527	0.00400	0.00924
1	0.00933	0.00916	0.07828	0.01036	0.01167	0.00690	0.00799	0.01102	0.01294	0.01749	0.03302	0.55456	0.03884	0.14821	0.01332	0.00346	0.00514	0.01670	0.00574	0.00588
2	0.01789	0.65191	0.06438	0.01176	0.01750	0.02501	0.01187	0.02049	0.01425	0.01762	0.01112	0.01282	0.00983	0.00621	0.00461	0.00154	0.00717	0.00407	0.08117	0.00877
3	0.02575	0.09268	0.02249	0.01565	0.02127	0.02223	0.01313	0.62198	0.03097	0.04125	0.01606	0.01620	0.01158	0.00814	0.00673	0.00203	0.00766	0.00603	0.00659	0.01158
4	0.00850	0.00607	0.00810	0.00972	0.01012	0.00567	0.00648	0.00972	0.01336	0.01781	0.03846	0.75020	0.04615	0.02186	0.00891	0.00283	0.00405	0.01984	0.00648	0.00567
5	0.25077	0.02755	0.01703	0.01544	0.01924	0.52136	0.01177	0.02574	0.01749	0.02119	0.01048	0.01222	0.00858	0.00698	0.00572	0.00190	0.01051	0.00429	0.00380	0.00794
6	0.01866	0.75896	0.03657	0.01194	0.01791	0.02761	0.01194	0.02090	0.01418	0.01642	0.00970	0.01119	0.00896	0.00597	0.00448	0.00149	0.00746	0.00373	0.00299	0.00896
7	0.02653	0.01955	0.02094	0.01606	0.02164	0.02164	0.01326	0.68796	0.03281	0.04398	0.01675	0.01675	0.01187	0.00838	0.00698	0.00209	0.00768	0.00628	0.00698	0.01187
8	0.01866	0.75896	0.03657	0.01194	0.01791	0.02761	0.01194	0.02090	0.01418	0.01642	0.00970	0.01119	0.00896	0.00597	0.00448	0.00149	0.00746	0.00373	0.00299	0.00896
9	0.02653	0.01955	0.02094	0.01606	0.02164	0.02164	0.01326	0.68796	0.03281	0.04398	0.01675	0.01675	0.01187	0.00838	0.00698	0.00209	0.00768	0.00628	0.00698	0.01187
10	0.03131	0.01188	0.01619	0.01242	0.01781	0.01026	0.01026	0.03401	0.01997	0.71606	0.02753	0.02375	0.01727	0.00864	0.00702	0.00216	0.00594	0.00702	0.00864	0.01188
11	0.00988	0.00713	0.00933	0.00878	0.01043	0.00658	0.00658	0.01317	0.01975	0.02798	0.70754	0.05213	0.06584	0.01427	0.00823	0.00219	0.00329	0.01262	0.00768	0.00658
12	0.00951	0.00712	0.00882	0.00839	0.01020	0.00643	0.00629	0.01245	0.01888	0.02592	0.56336	0.05553	0.21132	0.01504	0.00823	0.00223	0.00335	0.01310	0.00741	0.00643
13	0.00925	0.00660	0.00895	0.01057	0.01130	0.00631	0.00777	0.01100	0.01409	0.01865	0.03805	0.56807	0.04453	0.02116	0.00911	0.00294	0.00469	0.19463	0.00646	0.00587
14	0.01440	0.09924	0.65902	0.01920	0.02913	0.01720	0.02457	0.02199	0.01468	0.02160	0.01228	0.01442	0.00885	0.00657	0.00644	0.00215	0.01006	0.00503	0.00295	0.01019
15	0.01671	0.50625	0.21047	0.01362	0.02019	0.02284	0.01485	0.02027	0.01397	0.01764	0.01150	0.01512	0.01036	0.07155	0.00775	0.00214	0.00814	0.00466	0.00308	0.00889
16	0.03971	0.05856	0.03590	0.01054	0.01377	0.03481	0.00871	0.01867	0.05812	0.14168	0.15331	0.10617	0.21872	0.01369	0.00763	0.00231	0.00513	0.05813	0.00658	0.00784

[dist]
# distance from previous block
# <min> <max>
6	32

[block]
# block no. 2 follows, 30 sequences, length 17
# corresponding to MSA columns:
# 386-402
name=unknown_C
#
# <colnr> <probs for GDERKNQSTAVLIFYWHMCP>
#	G	D	E	R	K	N	Q	S	T	A	V	L	I	F	Y	W	H	M	C	P
0	0.04594	0.01512	0.01525	0.05493	0.01838	0.08968	0.01041	0.21083	0.04054	0.02694	0.02632	0.05039	0.14421	0.01416	0.07811	0.00289	0.00794	0.00785	0.00541	0.13469
1	0.10008	0.30780	0.02278	0.01238	0.01684	0.11394	0.01063	0.02533	0.18826	0.02242	0.01613	0.01691	0.01300	0.00733	0.00541	0.00184	0.00694	0.00522	0.09780	0.00894
2	0.30592	0.22367	0.02089	0.01206	0.01722	0.02009	0.01051	0.18456	0.04215	0.08486	0.01350	0.01412	0.01025	0.00707	0.00532	0.00196	0.00658	0.00478	0.00503	0.00946
3	0.01240	0.01174	0.01071	0.01005	0.01219	0.13383	0.00754	0.01511	0.01896	0.02416	0.45214	0.04825	0.18913	0.01372	0.00789	0.00216	0.00499	0.01162	0.00671	0.00671
4	0.01785	0.10318	0.01879	0.04840	0.01974	0.01873	0.01168	0.07235	0.54614	0.02801	0.02475	0.02338	0.01872	0.00887	0.00678	0.00225	0.00606	0.00722	0.00642	0.01069
5	0.00930	0.00711	0.00853	0.00818	0.01007	0.00634	0.00613	0.01206	0.01840	0.02478	0.48388	0.05741	0.29151	0.01546	0.00824	0.00225	0.00338	0.01336	0.00726	0.00634
6	0.01138	0.00762	0.00941	0.00898	0.01118	0.00684	0.00699	0.01412	0.01814	0.08486	0.37144	0.05728	0.26608	0.01540	0.00828	0.00235	0.00393	0.08165	0.00725	0.00681
7	0.01318	0.01240	0.02093	0.73798	0.04806	0.01550	0.01938	0.01783	0.01395	0.01783	0.01240	0.01860	0.00930	0.00698	0.00698	0.00233	0.00930	0.00620	0.00310	0.00775
8	0.02653	0.01955	0.02094	0.01606	0.02164	0.02164	0.01326	0.68796	0.03281	0.04398	0.01675	0.01675	0.01187	0.00838	0.00698	0.00209	0.00768	0.00628	0.00698	0.01187
9	0.00898	0.00710	0.00808	0.00783	0.00987	0.00620	0.00588	0.01143	0.01763	0.02294	0.35554	0.06043	0.42100	0.01615	0.00824	0.00228	0.00343	0.01378	0.00702	0.00620
10	0.02653	0.01955	0.02094	0.01606	0.02164	0.02164	0.01326	0.68796	0.03281	0.04398	0.01675	0.01675	0.01187	0.00838	0.00698	0.00209	0.00768	0.00628	0.00698	0.01187
11	0.01866	0.75896	0.03657	0.01194	0.01791	0.02761	0.01194	0.02090	0.01418	0.01642	0.00970	0.01119	0.00896	0.00597	0.00448	0.00149	0.00746	0.00373	0.00299	0.00896
12	0.02877	0.01131	0.01538	0.01199	0.01694	0.00982	0.00982	0.03154	0.01995	0.63463	0.10801	0.02711	0.02302	0.00930	0.00716	0.00216	0.00562	0.00768	0.00852	0.01125
13	0.00878	0.00692	0.00781	0.00792	0.00969	0.00607	0.00575	0.01076	0.01621	0.02072	0.22210	0.16565	0.41612	0.05218	0.00963	0.00260	0.00370	0.01476	0.00667	0.00595
14	0.01541	0.20810	0.47421	0.01910	0.02798	0.01912	0.10057	0.02184	0.01481	0.02076	0.01203	0.01436	0.00907	0.00638	0.00630	0.00205	0.00980	0.00518	0.00302	0.00988
15	0.01649	0.01304	0.01492	0.01225	0.01713	0.01236	0.00985	0.05895	0.23009	0.06156	0.02133	0.02629	0.01774	0.00853	0.00649	0.00182	0.00560	0.08369	0.00572	0.37615
16	0.06589	0.02181	0.01819	0.01500	0.01981	0.25537	0.01183	0.22714	0.07472	0.06909	0.01516	0.01580	0.01145	0.00743	0.00631	0.00184	0.00851	0.00535	0.00532	0.14397

[dist]
# distance from previous block
# <min> <max>
3	7

[block]
# block no. 3 follows, 30 sequences, length 27
# corresponding to MSA columns:
# 410,411,417,419-442
name=unknown_D
#
# <colnr> <probs for GDERKNQSTAVLIFYWHMCP>
#	G	D	E	R	K	N	Q	S	T	A	V	L	I	F	Y	W	H	M	C	P
0	0.01450	0.00974	0.01199	0.01157	0.01391	0.00988	0.00896	0.08046	0.11718	0.09543	0.16285	0.25728	0.03924	0.01557	0.00826	0.00257	0.00504	0.12056	0.00706	0.00796
1	0.01346	0.01295	0.02264	0.67808	0.04708	0.01569	0.07573	0.01821	0.01417	0.01821	0.01255	0.01862	0.00941	0.00688	0.00708	0.00233	0.00951	0.00637	0.00314	0.00789
2	0.01352	0.01276	0.02156	0.67922	0.10413	0.01559	0.01955	0.01813	0.01412	0.01825	0.01246	0.01849	0.00945	0.00691	0.00697	0.00230	0.00922	0.00620	0.00313	0.00803
3	0.02294	0.01988	0.01734	0.01446	0.01863	0.18932	0.01145	0.33857	0.08230	0.03261	0.01749	0.01838	0.01317	0.00813	0.00640	0.00195	0.00780	0.00603	0.16333	0.00981
4	0.02561	0.03229	0.01956	0.01778	0.02139	0.68918	0.01335	0.02835	0.05572	0.01772	0.01172	0.01330	0.00964	0.00731	0.00633	0.00183	0.01221	0.00467	0.00378	0.00825
5	0.40147	0.00994	0.00835	0.00782	0.01076	0.01100	0.00619	0.01835	0.01328	0.02862	0.01636	0.01881	0.01281	0.00732	0.00460	0.00189	0.00431	0.00517	0.40595	0.00702
6	0.00993	0.00679	0.00823	0.00841	0.00865	0.00694	0.00519	0.01046	0.01069	0.01444	0.02340	0.12497	0.02657	0.56064	0.13942	0.00700	0.00829	0.01086	0.00441	0.00471
7	0.00850	0.00607	0.00810	0.00972	0.01012	0.00567	0.00648	0.00972	0.01336	0.01781	0.03846	0.75020	0.04615	0.02186	0.00891	0.00283	0.00405	0.01984	0.00648	0.00567
8	0.01318	0.01240	0.02093	0.73798	0.04806	0.01550	0.01938	0.01783	0.01395	0.01783	0.01240	0.01860	0.00930	0.00698	0.00698	0.00233	0.00930	0.00620	0.00310	0.00775
9	0.01318	0.01240	0.02093	0.73798	0.04806	0.01550	0.01938	0.01783	0.01395	0.01783	0.01240	0.01860	0.00930	0.00698	0.00698	0.00233	0.00930	0.00620	0.00310	0.00775
10	0.01447	0.01240	0.01447	0.01034	0.01654	0.00930	0.00827	0.01757	0.01447	0.02274	0.01240	0.01447	0.01034	0.00517	0.00517	0.00103	0.00517	0.00413	0.00413	0.79742
11	0.01473	0.14976	0.61135	0.01864	0.02827	0.01800	0.02361	0.02191	0.01465	0.02121	0.01208	0.01418	0.00886	0.00653	0.00629	0.00210	0.00986	0.00493	0.00295	0.01010
12	0.00865	0.00708	0.00762	0.00749	0.00967	0.00606	0.00562	0.01079	0.01685	0.02110	0.22727	0.06346	0.55042	0.01684	0.00824	0.00232	0.00348	0.01421	0.00678	0.00606
13	0.00850	0.00607	0.00810	0.00972	0.01012	0.00567	0.00648	0.00972	0.01336	0.01781	0.03846	0.75020	0.04615	0.02186	0.00891	0.00283	0.00405	0.01984	0.00648	0.00567
14	0.01400	0.03610	0.71860	0.01989	0.03020	0.01621	0.02578	0.02210	0.01473	0.02210	0.01252	0.01473	0.00884	0.00663	0.00663	0.00221	0.01031	0.00516	0.00295	0.01031
15	0.01736	0.01499	0.01578	0.01420	0.01815	0.01736	0.01105	0.03708	0.69862	0.02919	0.02840	0.02604	0.02130	0.00947	0.00710	0.00237	0.00552	0.00789	0.00710	0.01105
16	0.00988	0.00713	0.00933	0.00878	0.01043	0.00658	0.00658	0.01317	0.01975	0.02798	0.70754	0.05213	0.06584	0.01427	0.00823	0.00219	0.00329	0.01262	0.00768	0.00658
17	0.00997	0.00748	0.01121	0.01121	0.01246	0.00872	0.00872	0.01246	0.01121	0.01620	0.01869	0.02741	0.01745	0.05234	0.72710	0.01121	0.01869	0.00748	0.00374	0.00623
18	0.02653	0.01955	0.02094	0.01606	0.02164	0.02164	0.01326	0.68796	0.03281	0.04398	0.01675	0.01675	0.01187	0.00838	0.00698	0.00209	0.00768	0.00628	0.00698	0.01187
19	0.00988	0.00713	0.00933	0.00878	0.01043	0.00658	0.00658	0.01317	0.01975	0.02798	0.70754	0.05213	0.06584	0.01427	0.00823	0.00219	0.00329	0.01262	0.00768	0.00658
20	0.01400	0.03610	0.71860	0.01989	0.03020	0.01621	0.02578	0.02210	0.01473	0.02210	0.01252	0.01473	0.00884	0.00663	0.00663	0.00221	0.01031	0.00516	0.00295	0.01031
21	0.01400	0.03610	0.71860	0.01989	0.03020	0.01621	0.02578	0.02210	0.01473	0.02210	0.01252	0.01473	0.00884	0.00663	0.00663	0.00221	0.01031	0.00516	0.00295	0.01031
22	0.01816	0.68165	0.10950	0.01279	0.01922	0.02639	0.01342	0.02102	0.01424	0.01703	0.01000	0.01157	0.00894	0.00604	0.00471	0.00157	0.00777	0.00388	0.00298	0.00910
23	0.27791	0.01206	0.01285	0.01031	0.01518	0.01130	0.00838	0.02114	0.01515	0.15618	0.07308	0.02083	0.01651	0.00756	0.00567	0.00180	0.00528	0.03122	0.00543	0.29217
24	0.01705	0.51018	0.27129	0.01468	0.02214	0.02369	0.01670	0.02131	0.01437	0.01837	0.01067	0.01241	0.00892	0.00620	0.00522	0.00174	0.00844	0.00422	0.00297	0.00942
25	0.12598	0.04386	0.01703	0.01278	0.01813	0.09996	0.01035	0.17613	0.04162	0.08870	0.01460	0.01542	0.01107	0.00680	0.00581	0.00168	0.00683	0.00498	0.00520	0.29308
26	0.01758	0.25438	0.20699	0.01650	0.02295	0.08001	0.07521	0.04660	0.14318	0.02218	0.03998	0.01734	0.01353	0.00727	0.00623	0.00199	0.00851	0.00575	0.00414	0.00967

[dist]
# distance from previous block
# <min> <max>
10	46

[block]
# block no. 4 follows, 30 sequences, length 13
# corresponding to MSA columns:
# 489-501
name=unknown_E
#
# <colnr> <probs for GDERKNQSTAVLIFYWHMCP>
#	G	D	E	R	K	N	Q	S	T	A	V	L	I	F	Y	W	H	M	C	P
0	0.02017	0.01445	0.05161	0.11088	0.17788	0.01359	0.01444	0.09989	0.04589	0.20905	0.02098	0.11000	0.01721	0.00924	0.00710	0.00218	0.00700	0.00802	0.00573	0.05470
1	0.12489	0.01803	0.05618	0.05244	0.02014	0.15988	0.03706	0.08766	0.05987	0.11350	0.01810	0.02427	0.01499	0.01208	0.04175	0.05948	0.00867	0.07733	0.00510	0.00859
2	0.04887	0.04631	0.02404	0.39287	0.07571	0.07017	0.10226	0.11533	0.01744	0.02285	0.01295	0.01725	0.00982	0.00695	0.00687	0.00220	0.00934	0.00615	0.00381	0.00880
3	0.26082	0.01660	0.01806	0.09235	0.12883	0.05478	0.01313	0.18822	0.11076	0.03070	0.01484	0.01640	0.01127	0.00740	0.00613	0.00216	0.00721	0.00562	0.00505	0.00969
4	0.01898	0.08194	0.11864	0.05918	0.18411	0.06953	0.01591	0.11793	0.05764	0.08584	0.10368	0.02155	0.01854	0.00810	0.00682	0.00208	0.00779	0.00672	0.00504	0.01000
5	0.13209	0.01605	0.07053	0.01966	0.18570	0.01453	0.01341	0.14724	0.01864	0.02869	0.10133	0.01993	0.01734	0.00749	0.00631	0.00189	0.00659	0.00615	0.00490	0.18151
6	0.01642	0.01338	0.01875	0.27484	0.17354	0.05745	0.01512	0.02095	0.05524	0.09196	0.01884	0.09919	0.01606	0.00888	0.00692	0.00221	0.00753	0.00779	0.08620	0.00873
7	0.01146	0.00778	0.00945	0.00978	0.01144	0.00757	0.00707	0.01516	0.08894	0.06985	0.06346	0.38539	0.15788	0.01948	0.05003	0.00304	0.00503	0.01491	0.05543	0.00685
8	0.11119	0.01737	0.02127	0.07742	0.09826	0.10147	0.11100	0.18255	0.02037	0.05464	0.07008	0.02265	0.06451	0.00841	0.00695	0.00215	0.00811	0.00715	0.00514	0.00931
9	0.04899	0.19180	0.17609	0.01329	0.01926	0.01713	0.01339	0.12812	0.04817	0.04651	0.02133	0.02198	0.09506	0.00827	0.00609	0.00192	0.00697	0.00630	0.06097	0.06836
10	0.01421	0.09103	0.10208	0.01564	0.06919	0.01276	0.05978	0.08485	0.01681	0.04768	0.07515	0.30118	0.05411	0.01351	0.00764	0.00236	0.00639	0.01199	0.00547	0.00817
11	0.01934	0.01931	0.06049	0.01894	0.09532	0.17328	0.06662	0.12808	0.05037	0.06651	0.01818	0.02104	0.03818	0.01795	0.17031	0.00415	0.01146	0.00666	0.00469	0.00912
12	0.32086	0.09937	0.01739	0.01255	0.01732	0.06911	0.01037	0.17692	0.12807	0.03083	0.01453	0.01516	0.01114	0.00733	0.00557	0.00203	0.00667	0.00508	0.00517	0.04451

[dist]
# distance from previous block
# <min> <max>
8	99

[block]
# block no. 5 follows, 30 sequences, length 51
# corresponding to MSA columns:
# 608-658
name=unknown_F
#
# <colnr> <probs for GDERKNQSTAVLIFYWHMCP>
#	G	D	E	R	K	N	Q	S	T	A	V	L	I	F	Y	W	H	M	C	P
0	0.12362	0.02146	0.02234	0.01794	0.02250	0.22887	0.14013	0.12923	0.04475	0.04588	0.01335	0.01548	0.01038	0.00750	0.00802	0.00210	0.07679	0.00572	0.00448	0.05947
1	0.01994	0.01493	0.02695	0.01989	0.02550	0.01390	0.31078	0.02401	0.01684	0.22263	0.04116	0.04325	0.01533	0.00778	0.00848	0.00218	0.05791	0.00770	0.00528	0.11555
2	0.01154	0.01007	0.01736	0.01416	0.01711	0.00939	0.17731	0.01540	0.01855	0.02592	0.48248	0.07007	0.05023	0.01264	0.00831	0.00230	0.00557	0.03780	0.00655	0.00725
3	0.01478	0.01239	0.01436	0.01416	0.05959	0.01361	0.01017	0.02788	0.42219	0.02837	0.26052	0.03443	0.03594	0.01091	0.00748	0.00229	0.00493	0.00941	0.00707	0.00951
4	0.02007	0.02099	0.01738	0.05184	0.02080	0.25512	0.01228	0.03302	0.43659	0.02456	0.02169	0.02115	0.01657	0.00858	0.00682	0.00217	0.00808	0.00667	0.00572	0.00989
5	0.01000	0.00736	0.01065	0.01065	0.01170	0.00841	0.00801	0.01210	0.01105	0.01578	0.01921	0.03029	0.01870	0.16315	0.61800	0.01051	0.01681	0.00790	0.00382	0.00591
6	0.02607	0.03326	0.01978	0.01798	0.02157	0.72674	0.01348	0.02787	0.01978	0.01708	0.01079	0.01258	0.00899	0.00719	0.00629	0.00180	0.01258	0.00449	0.00360	0.00809
7	0.01318	0.01240	0.02093	0.73798	0.04806	0.01550	0.01938	0.01783	0.01395	0.01783	0.01240	0.01860	0.00930	0.00698	0.00698	0.00233	0.00930	0.00620	0.00310	0.00775
8	0.00988	0.00713	0.00933	0.00878	0.01043	0.00658	0.00658	0.01317	0.01975	0.02798	0.70754	0.05213	0.06584	0.01427	0.00823	0.00219	0.00329	0.01262	0.00768	0.00658
9	0.01124	0.00803	0.01124	0.01285	0.01446	0.00803	0.01124	0.01446	0.01606	0.02088	0.03695	0.07871	0.04016	0.01928	0.00964	0.00321	0.00643	0.66426	0.00643	0.00643
10	0.02406	0.01770	0.01918	0.01519	0.02006	0.01945	0.01233	0.59498	0.03014	0.04039	0.01973	0.11730	0.01657	0.01023	0.00724	0.00220	0.00718	0.00814	0.00691	0.01102
11	0.02607	0.03326	0.01978	0.01798	0.02157	0.72674	0.01348	0.02787	0.01978	0.01708	0.01079	0.01258	0.00899	0.00719	0.00629	0.00180	0.01258	0.00449	0.00360	0.00809
12	0.01527	0.01527	0.02137	0.01832	0.01832	0.02137	0.01527	0.01679	0.01069	0.01679	0.00916	0.01527	0.00916	0.01221	0.02290	0.00305	0.74198	0.00611	0.00305	0.00763
13	0.01318	0.01240	0.02093	0.73798	0.04806	0.01550	0.01938	0.01783	0.01395	0.01783	0.01240	0.01860	0.00930	0.00698	0.00698	0.00233	0.00930	0.00620	0.00310	0.00775
14	0.02648	0.02081	0.02083	0.01623	0.02163	0.08662	0.01328	0.62713	0.03161	0.04150	0.01620	0.01637	0.01160	0.00827	0.00692	0.00207	0.00813	0.00612	0.00667	0.01152
15	0.00988	0.00713	0.00933	0.00878	0.01043	0.00658	0.00658	0.01317	0.01975	0.02798	0.70754	0.05213	0.06584	0.01427	0.00823	0.00219	0.00329	0.01262	0.00768	0.00658
16	0.01730	0.01522	0.01727	0.01509	0.01922	0.01737	0.05069	0.03622	0.65855	0.02879	0.02756	0.02561	0.02067	0.00926	0.00717	0.00237	0.00589	0.00791	0.00689	0.01095
17	0.01727	0.01658	0.02832	0.04283	0.71123	0.01658	0.02142	0.02142	0.01589	0.02280	0.01313	0.01727	0.01105	0.00622	0.00691	0.00207	0.00829	0.00622	0.00345	0.01105
18	0.01447	0.01240	0.01447	0.01034	0.01654	0.00930	0.00827	0.01757	0.01447	0.02274	0.01240	0.01447	0.01034	0.00517	0.00517	0.00103	0.00517	0.00413	0.00413	0.79742
19	0.01727	0.01658	0.02832	0.04283	0.71123	0.01658	0.02142	0.02142	0.01589	0.02280	0.01313	0.01727	0.01105	0.00622	0.00691	0.00207	0.00829	0.00622	0.00345	0.01105
20	0.01866	0.75896	0.03657	0.01194	0.01791	0.02761	0.01194	0.02090	0.01418	0.01642	0.00970	0.01119	0.00896	0.00597	0.00448	0.00149	0.00746	0.00373	0.00299	0.00896
21	0.00988	0.00713	0.00933	0.00878	0.01043	0.00658	0.00658	0.01317	0.01975	0.02798	0.70754	0.05213	0.06584	0.01427	0.00823	0.00219	0.00329	0.01262	0.00768	0.00658
22	0.01727	0.01658	0.02832	0.04283	0.71123	0.01658	0.02142	0.02142	0.01589	0.02280	0.01313	0.01727	0.01105	0.00622	0.00691	0.00207	0.00829	0.00622	0.00345	0.01105
23	0.00997	0.00748	0.01121	0.01121	0.01246	0.00872	0.00872	0.01246	0.01121	0.01620	0.01869	0.02741	0.01745	0.05234	0.72710	0.01121	0.01869	0.00748	0.00374	0.00623
24	0.01727	0.01658	0.02832	0.04283	0.71123	0.01658	0.02142	0.02142	0.01589	0.02280	0.01313	0.01727	0.01105	0.00622	0.00691	0.00207	0.00829	0.00622	0.00345	0.01105
25	0.01318	0.01240	0.02093	0.73798	0.04806	0.01550	0.01938	0.01783	0.01395	0.01783	0.01240	0.01860	0.00930	0.00698	0.00698	0.00233	0.00930	0.00620	0.00310	0.00775
26	0.00825	0.00707	0.00707	0.00707	0.00943	0.00589	0.00530	0.01001	0.01591	0.01885	0.07069	0.06716	0.70839	0.01767	0.00825	0.00236	0.00353	0.01473	0.00648	0.00589
27	0.02607	0.03326	0.01978	0.01798	0.02157	0.72674	0.01348	0.02787	0.01978	0.01708	0.01079	0.01258	0.00899	0.00719	0.00629	0.00180	0.01258	0.00449	0.00360	0.00809
28	0.01727	0.01658	0.02832	0.04283	0.71123	0.01658	0.02142	0.02142	0.01589	0.02280	0.01313	0.01727	0.01105	0.00622	0.00691	0.00207	0.00829	0.00622	0.00345	0.01105
29	0.03131	0.01188	0.01619	0.01242	0.01781	0.01026	0.01026	0.03401	0.01997	0.71606	0.02753	0.02375	0.01727	0.00864	0.00702	0.00216	0.00594	0.00702	0.00864	0.01188
30	0.01727	0.01658	0.02832	0.04283	0.71123	0.01658	0.02142	0.02142	0.01589	0.02280	0.01313	0.01727	0.01105	0.00622	0.00691	0.00207	0.00829	0.00622	0.00345	0.01105
31	0.02653	0.01955	0.02094	0.01606	0.02164	0.02164	0.01326	0.68796	0.03281	0.04398	0.01675	0.01675	0.01187	0.00838	0.00698	0.00209	0.00768	0.00628	0.00698	0.01187
32	0.01727	0.01658	0.02832	0.04283	0.71123	0.01658	0.02142	0.02142	0.01589	0.02280	0.01313	0.01727	0.01105	0.00622	0.00691	0.00207	0.00829	0.00622	0.00345	0.01105
33	0.02653	0.01955	0.02094	0.01606	0.02164	0.02164	0.01326	0.68796	0.03281	0.04398	0.01675	0.01675	0.01187	0.00838	0.00698	0.00209	0.00768	0.00628	0.00698	0.01187
34	0.00850	0.00607	0.00810	0.00972	0.01012	0.00567	0.00648	0.00972	0.01336	0.01781	0.03846	0.75020	0.04615	0.02186	0.00891	0.00283	0.00405	0.01984	0.00648	0.00567
35	0.01400	0.03610	0.71860	0.01989	0.03020	0.01621	0.02578	0.02210	0.01473	0.02210	0.01252	0.01473	0.00884	0.00663	0.00663	0.00221	0.01031	0.00516	0.00295	0.01031
36	0.01400	0.03610	0.71860	0.01989	0.03020	0.01621	0.02578	0.02210	0.01473	0.02210	0.01252	0.01473	0.00884	0.00663	0.00663	0.00221	0.01031	0.00516	0.00295	0.01031
37	0.00850	0.00607	0.00810	0.00972	0.01012	0.00567	0.00648	0.00972	0.01336	0.01781	0.03846	0.75020	0.04615	0.02186	0.00891	0.00283	0.00405	0.01984	0.00648	0.00567
38	0.01318	0.01240	0.02093	0.73798	0.04806	0.01550	0.01938	0.01783	0.01395	0.01783	0.01240	0.01860	0.00930	0.00698	0.00698	0.00233	0.00930	0.00620	0.00310	0.00775
39	0.80405	0.01350	0.01026	0.00918	0.01350	0.01565	0.00756	0.02051	0.01188	0.03131	0.00972	0.01134	0.00756	0.00648	0.00432	0.00216	0.00540	0.00378	0.00432	0.00756
40	0.01358	0.01252	0.02094	0.63228	0.11183	0.01516	0.01885	0.01811	0.01418	0.01873	0.01300	0.01884	0.00991	0.00696	0.00686	0.00227	0.00890	0.00622	0.04286	0.00802
41	0.00850	0.00607	0.00810	0.00972	0.01012	0.00567	0.00648	0.00972	0.01336	0.01781	0.03846	0.75020	0.04615	0.02186	0.00891	0.00283	0.00405	0.01984	0.00648	0.00567
42	0.01585	0.01513	0.02576	0.28347	0.48166	0.01621	0.02071	0.02017	0.01522	0.02108	0.01288	0.01773	0.01045	0.00648	0.00693	0.00216	0.00864	0.00621	0.00333	0.00991
43	0.02425	0.02935	0.01920	0.01726	0.02046	0.58608	0.01315	0.05278	0.01910	0.01866	0.01157	0.01381	0.00964	0.00779	0.00788	0.00192	0.08406	0.00484	0.05008	0.00810
44	0.01136	0.00606	0.00888	0.00922	0.00931	0.00598	0.00615	0.00922	0.00999	0.01333	0.01769	0.17546	0.01932	0.02374	0.02339	0.62894	0.00563	0.00898	0.00376	0.00359
45	0.00995	0.00718	0.00942	0.00898	0.01063	0.00666	0.00682	0.01323	0.01957	0.02763	0.67384	0.05346	0.06455	0.01452	0.00830	0.00225	0.00345	0.04537	0.00762	0.00658
46	0.01459	0.12831	0.63160	0.01888	0.02863	0.01766	0.02402	0.02195	0.01466	0.02137	0.01216	0.01428	0.00885	0.00655	0.00636	0.00212	0.00995	0.00497	0.00295	0.01014
47	0.01583	0.01546	0.02670	0.23813	0.39080	0.01685	0.08118	0.02002	0.01487	0.02074	0.01262	0.01760	0.01032	0.00700	0.00864	0.00227	0.08166	0.00639	0.00332	0.00962
48	0.61514	0.01284	0.01126	0.05208	0.01562	0.01430	0.00825	0.01950	0.01286	0.02937	0.06225	0.01514	0.01230	0.00695	0.00486	0.00205	0.00545	0.00462	0.00448	0.09069
49	0.07494	0.07963	0.01987	0.01557	0.02006	0.34281	0.01230	0.17593	0.09311	0.02571	0.01396	0.01489	0.01094	0.00742	0.00619	0.00187	0.00935	0.00513	0.00477	0.06555
50	0.07329	0.01506	0.02273	0.03114	0.45390	0.01548	0.01681	0.08035	0.01668	0.02526	0.01486	0.04243	0.01265	0.00732	0.00708	0.00205	0.03273	0.00645	0.08218	0.04153

[dist]
# distance from previous block
# <min> <max>
9	116

# created by:
# /home/cegg/simao/soft/augustus-3.2.1/scripts/msa2prfl.pl ./align_prep/EOG090W04KJ.fa
