[name]
unknown

[dist]
# distance from previous block
# <min> <max>
0	11

[block]
# block no. 0 follows, 31 sequences, length 31
# corresponding to MSA columns:
# 20-50
name=unknown_A
#
# <colnr> <probs for GDERKNQSTAVLIFYWHMCP>
#	G	D	E	R	K	N	Q	S	T	A	V	L	I	F	Y	W	H	M	C	P
0	0.01871	0.04748	0.01647	0.01380	0.01747	0.01264	0.04397	0.09680	0.12692	0.18508	0.02827	0.04405	0.02543	0.01257	0.00788	0.00254	0.00649	0.27769	0.00666	0.00908
1	0.09137	0.01762	0.01999	0.01533	0.02075	0.01904	0.04499	0.51643	0.02799	0.13237	0.01715	0.01700	0.01193	0.00797	0.00669	0.00208	0.00731	0.00614	0.00668	0.01117
2	0.14074	0.01419	0.01885	0.49287	0.06970	0.07501	0.01644	0.01877	0.01389	0.01981	0.01222	0.01809	0.00973	0.00721	0.00686	0.00224	0.02843	0.02386	0.00338	0.00771
3	0.00975	0.00660	0.00747	0.00757	0.00771	0.00652	0.00434	0.00991	0.01044	0.01381	0.02504	0.09234	0.06125	0.67351	0.03175	0.00616	0.00630	0.01080	0.00440	0.00432
4	0.02601	0.01916	0.02053	0.01574	0.02122	0.02122	0.01300	0.69408	0.03217	0.04312	0.01643	0.01643	0.01163	0.00821	0.00684	0.00205	0.00753	0.00616	0.00684	0.01163
5	0.56663	0.07668	0.01454	0.05834	0.01707	0.01724	0.00941	0.12632	0.01520	0.03057	0.01079	0.01241	0.00830	0.00664	0.00483	0.00206	0.00606	0.00424	0.00446	0.00820
6	0.02390	0.01016	0.01357	0.01091	0.01509	0.00886	0.00882	0.02662	0.01923	0.50050	0.19688	0.03322	0.08053	0.01047	0.00726	0.00214	0.00502	0.00878	0.00808	0.00994
7	0.00845	0.00604	0.00804	0.00945	0.00995	0.00563	0.00636	0.00981	0.01362	0.01830	0.09405	0.69639	0.04686	0.02081	0.00868	0.00273	0.00391	0.01886	0.00645	0.00563
8	0.01577	0.01731	0.03633	0.08915	0.10550	0.01667	0.54198	0.02116	0.01587	0.02154	0.01443	0.02047	0.01140	0.00638	0.00789	0.00231	0.01079	0.03238	0.00352	0.00915
9	0.00829	0.00614	0.00775	0.00904	0.00980	0.00560	0.00614	0.00958	0.01357	0.01765	0.04362	0.62621	0.17033	0.02067	0.00861	0.00269	0.00387	0.01851	0.00635	0.00560
10	0.01909	0.01454	0.01576	0.01380	0.01791	0.01638	0.01084	0.06725	0.58995	0.11290	0.02720	0.02482	0.01997	0.00913	0.00695	0.00228	0.00556	0.00756	0.00714	0.01097
11	0.02189	0.40247	0.02778	0.01455	0.01933	0.34435	0.01244	0.05247	0.01716	0.01755	0.01029	0.01182	0.00892	0.00649	0.00530	0.00162	0.00959	0.00410	0.00336	0.00852
12	0.00832	0.00602	0.00787	0.00936	0.00988	0.00557	0.00628	0.00955	0.01326	0.01753	0.03978	0.70999	0.08903	0.02116	0.00869	0.00275	0.00394	0.01912	0.00635	0.00557
13	0.01866	0.72651	0.03501	0.01201	0.01774	0.06292	0.01178	0.02083	0.01418	0.01613	0.00957	0.01104	0.00878	0.00591	0.00448	0.00148	0.00757	0.00370	0.00296	0.00874
14	0.01829	0.76368	0.03585	0.01171	0.01756	0.02707	0.01171	0.02049	0.01390	0.01610	0.00951	0.01097	0.00878	0.00585	0.00439	0.00146	0.00732	0.00366	0.00293	0.00878
15	0.00995	0.00663	0.00746	0.00746	0.00746	0.00663	0.00415	0.00995	0.00995	0.01327	0.02156	0.04477	0.02487	0.75957	0.03482	0.00663	0.00663	0.00995	0.00415	0.00415
16	0.00809	0.00693	0.00693	0.00693	0.00924	0.00578	0.00520	0.00982	0.01559	0.01848	0.06931	0.06584	0.71411	0.01733	0.00809	0.00231	0.00347	0.01444	0.00635	0.00578
17	0.01702	0.01470	0.01547	0.01392	0.01779	0.01702	0.01083	0.03635	0.70453	0.02862	0.02785	0.02553	0.02088	0.00928	0.00696	0.00232	0.00541	0.00773	0.00696	0.01083
18	0.01419	0.01216	0.01419	0.01013	0.01621	0.00912	0.00811	0.01723	0.01419	0.02229	0.01216	0.01419	0.01013	0.00507	0.00507	0.00101	0.00507	0.00405	0.00405	0.80139
19	0.02601	0.01916	0.02053	0.01574	0.02122	0.02122	0.01300	0.69408	0.03217	0.04312	0.01643	0.01643	0.01163	0.00821	0.00684	0.00205	0.00753	0.00616	0.00684	0.01163
20	0.01582	0.01793	0.03900	0.02802	0.03467	0.01681	0.66310	0.02139	0.01602	0.02173	0.01485	0.04955	0.01185	0.00643	0.00810	0.00233	0.01121	0.00855	0.00358	0.00907
21	0.01356	0.03211	0.62015	0.01946	0.02879	0.01534	0.07957	0.02091	0.01466	0.02148	0.01614	0.01814	0.05498	0.00715	0.00673	0.00219	0.00979	0.00592	0.00316	0.00975
22	0.01275	0.00638	0.00638	0.00638	0.00797	0.00638	0.00478	0.01594	0.01435	0.02551	0.02232	0.02551	0.01754	0.00797	0.00478	0.00159	0.00319	0.00638	0.79755	0.00638
23	0.00809	0.00693	0.00693	0.00693	0.00924	0.00578	0.00520	0.00982	0.01559	0.01848	0.06931	0.06584	0.71411	0.01733	0.00809	0.00231	0.00347	0.01444	0.00635	0.00578
24	0.01693	0.01626	0.02777	0.04199	0.71689	0.01626	0.02100	0.02100	0.01558	0.02235	0.01287	0.01693	0.01084	0.00610	0.00677	0.00203	0.00813	0.00610	0.00339	0.01084
25	0.01419	0.01216	0.01419	0.01013	0.01621	0.00912	0.00811	0.01723	0.01419	0.02229	0.01216	0.01419	0.01013	0.00507	0.00507	0.00101	0.00507	0.00405	0.00405	0.80139
26	0.00923	0.00698	0.00852	0.00813	0.00994	0.00626	0.00610	0.01203	0.01830	0.02489	0.53051	0.05529	0.24891	0.01493	0.00807	0.00220	0.00330	0.01296	0.00720	0.00626
27	0.01388	0.04526	0.35579	0.02121	0.11831	0.01460	0.11048	0.02004	0.03190	0.02199	0.07276	0.02385	0.06941	0.00809	0.00698	0.00216	0.00858	0.02292	0.00387	0.02792
28	0.00849	0.00699	0.00740	0.00747	0.00956	0.00601	0.00564	0.01035	0.01561	0.01902	0.11165	0.06452	0.58743	0.05310	0.00947	0.00257	0.00379	0.05884	0.00633	0.00578
29	0.01558	0.15494	0.25153	0.02523	0.23799	0.01742	0.09356	0.02057	0.01482	0.02076	0.01323	0.04680	0.01117	0.00676	0.00642	0.00199	0.00868	0.00603	0.00331	0.04321
30	0.01766	0.01572	0.02568	0.03704	0.59948	0.01569	0.01915	0.02271	0.06588	0.06445	0.01477	0.01784	0.01191	0.00643	0.00673	0.00202	0.00768	0.00619	0.00397	0.03898

[dist]
# distance from previous block
# <min> <max>
0	2

[block]
# block no. 1 follows, 31 sequences, length 18
# corresponding to MSA columns:
# 53-70
name=unknown_B
#
# <colnr> <probs for GDERKNQSTAVLIFYWHMCP>
#	G	D	E	R	K	N	Q	S	T	A	V	L	I	F	Y	W	H	M	C	P
0	0.13740	0.01758	0.01802	0.04996	0.02066	0.04935	0.01206	0.41042	0.13076	0.06068	0.01710	0.01721	0.01239	0.00800	0.00646	0.00210	0.00710	0.00599	0.00621	0.01054
1	0.05088	0.01574	0.02305	0.07449	0.41156	0.04066	0.01697	0.09463	0.01799	0.14393	0.03356	0.01854	0.01304	0.00702	0.00672	0.00206	0.00764	0.00625	0.00475	0.01051
2	0.01880	0.01408	0.01544	0.01341	0.01763	0.01546	0.01053	0.03460	0.55773	0.12858	0.02664	0.02442	0.01957	0.00887	0.00682	0.00220	0.00545	0.00736	0.00698	0.06542
3	0.69331	0.01367	0.01262	0.01378	0.11517	0.01548	0.00938	0.02024	0.01221	0.02949	0.01001	0.01196	0.00791	0.00631	0.00460	0.00210	0.00570	0.00405	0.00411	0.00791
4	0.02679	0.01437	0.01713	0.01352	0.01860	0.01455	0.01104	0.22297	0.15162	0.39753	0.02413	0.02174	0.01616	0.00855	0.00688	0.00214	0.00623	0.00683	0.00772	0.01149
5	0.01693	0.01626	0.02777	0.04199	0.71689	0.01626	0.02100	0.02100	0.01558	0.02235	0.01287	0.01693	0.01084	0.00610	0.00677	0.00203	0.00813	0.00610	0.00339	0.01084
6	0.00809	0.00693	0.00693	0.00693	0.00924	0.00578	0.00520	0.00982	0.01559	0.01848	0.06931	0.06584	0.71411	0.01733	0.00809	0.00231	0.00347	0.01444	0.00635	0.00578
7	0.01753	0.01593	0.02406	0.03301	0.49463	0.01653	0.01778	0.08817	0.14721	0.02540	0.01791	0.02013	0.03616	0.00727	0.00686	0.00210	0.00740	0.00669	0.00449	0.01074
8	0.00841	0.00694	0.00738	0.00727	0.00944	0.00591	0.00546	0.01045	0.01637	0.02032	0.20127	0.06282	0.58100	0.01664	0.00808	0.00228	0.00342	0.01402	0.00659	0.00591
9	0.01622	0.15779	0.14031	0.02501	0.06794	0.01883	0.43221	0.02157	0.01545	0.02083	0.01276	0.01640	0.00986	0.00591	0.00709	0.00212	0.01037	0.00671	0.00327	0.00936
10	0.08078	0.28612	0.24258	0.01432	0.02124	0.01920	0.01540	0.07759	0.01638	0.14625	0.01403	0.01469	0.01032	0.00675	0.00567	0.00190	0.00778	0.00487	0.00432	0.00983
11	0.01829	0.76368	0.03585	0.01171	0.01756	0.02707	0.01171	0.02049	0.01390	0.01610	0.00951	0.01097	0.00878	0.00585	0.00439	0.00146	0.00732	0.00366	0.00293	0.00878
12	0.63022	0.12351	0.01455	0.01009	0.01450	0.07502	0.00850	0.02075	0.01260	0.02745	0.00961	0.01119	0.00772	0.00634	0.00441	0.00199	0.00616	0.00375	0.00399	0.00765
13	0.13486	0.01338	0.01471	0.01227	0.01632	0.01446	0.00992	0.23082	0.10216	0.14671	0.02175	0.02243	0.04849	0.01531	0.12025	0.00350	0.00793	0.00671	0.04852	0.00949
14	0.01158	0.11756	0.01508	0.01114	0.01329	0.01171	0.00901	0.01386	0.01158	0.01629	0.01635	0.02405	0.01543	0.07738	0.50348	0.00827	0.04640	0.00663	0.00358	0.06732
15	0.01686	0.01501	0.14523	0.01329	0.01764	0.01132	0.02904	0.07906	0.05788	0.17271	0.09815	0.10492	0.04014	0.05027	0.07361	0.00329	0.00755	0.04933	0.00595	0.00876
16	0.01758	0.02397	0.30458	0.02300	0.12731	0.04299	0.15895	0.04160	0.01658	0.11666	0.04894	0.01859	0.01326	0.00699	0.00699	0.00215	0.00922	0.00644	0.00419	0.01002
17	0.01270	0.01115	0.05365	0.01074	0.01342	0.02788	0.00869	0.09209	0.06721	0.04287	0.25337	0.20812	0.14214	0.01447	0.00783	0.00231	0.00479	0.01251	0.00660	0.00743

[dist]
# distance from previous block
# <min> <max>
1	29

[block]
# block no. 2 follows, 31 sequences, length 47
# corresponding to MSA columns:
# 100-146
name=unknown_C
#
# <colnr> <probs for GDERKNQSTAVLIFYWHMCP>
#	G	D	E	R	K	N	Q	S	T	A	V	L	I	F	Y	W	H	M	C	P
0	0.42180	0.03633	0.04820	0.01300	0.03929	0.04970	0.02732	0.11609	0.06082	0.06613	0.01451	0.05399	0.01176	0.00773	0.00554	0.00213	0.00643	0.00561	0.00493	0.00869
1	0.25078	0.07400	0.09674	0.04924	0.02174	0.01557	0.13626	0.05820	0.03743	0.06289	0.04854	0.01896	0.04255	0.00731	0.00609	0.00206	0.00726	0.00608	0.00448	0.05379
2	0.01717	0.01406	0.01810	0.06188	0.15417	0.04143	0.03002	0.12355	0.05626	0.07083	0.07434	0.06563	0.05523	0.00872	0.00673	0.00192	0.00651	0.00751	0.00523	0.18071
3	0.01669	0.02368	0.23364	0.04229	0.03024	0.06782	0.31682	0.08646	0.03933	0.02342	0.01475	0.04600	0.01157	0.00707	0.00732	0.00222	0.01023	0.00713	0.00384	0.00948
4	0.01682	0.01605	0.02683	0.06028	0.65593	0.01627	0.02033	0.02182	0.05680	0.02259	0.01375	0.01748	0.01139	0.00631	0.00679	0.00206	0.00799	0.00619	0.00359	0.01074
5	0.00834	0.00595	0.00794	0.00953	0.00992	0.00556	0.00635	0.00953	0.01310	0.01746	0.03771	0.75510	0.04525	0.02143	0.00873	0.00278	0.00397	0.01945	0.00635	0.00556
6	0.08011	0.02028	0.12168	0.02354	0.03026	0.04497	0.43116	0.05447	0.03875	0.06549	0.01453	0.01754	0.01065	0.00635	0.00733	0.00223	0.01016	0.00702	0.00402	0.00945
7	0.01642	0.01573	0.02684	0.13183	0.63107	0.01612	0.02074	0.02055	0.01533	0.02173	0.01278	0.01710	0.01062	0.00619	0.00678	0.00206	0.00825	0.00609	0.00334	0.01042
8	0.00968	0.00699	0.00914	0.00861	0.01022	0.00646	0.00646	0.01291	0.01937	0.02743	0.71328	0.05110	0.06455	0.01399	0.00807	0.00215	0.00323	0.01237	0.00753	0.00646
9	0.01515	0.15592	0.55287	0.01841	0.02749	0.01764	0.05462	0.02186	0.01460	0.04339	0.01236	0.01434	0.00904	0.00642	0.00623	0.00205	0.00957	0.00503	0.00310	0.00989
10	0.00809	0.00693	0.00693	0.00693	0.00924	0.00578	0.00520	0.00982	0.01559	0.01848	0.06931	0.06584	0.71411	0.01733	0.00809	0.00231	0.00347	0.01444	0.00635	0.00578
11	0.02021	0.01586	0.01695	0.01437	0.01877	0.01794	0.01143	0.22689	0.48031	0.06248	0.02450	0.02279	0.01803	0.00894	0.00692	0.00223	0.00604	0.00724	0.00699	0.01110
12	0.00834	0.00595	0.00794	0.00953	0.00992	0.00556	0.00635	0.00953	0.01310	0.01746	0.03771	0.75510	0.04525	0.02143	0.00873	0.00278	0.00397	0.01945	0.00635	0.00556
13	0.02642	0.01631	0.02129	0.01625	0.02167	0.07252	0.12362	0.18650	0.03952	0.37163	0.02103	0.02005	0.01405	0.00787	0.00701	0.00211	0.00768	0.00673	0.00682	0.01092
14	0.01829	0.76368	0.03585	0.01171	0.01756	0.02707	0.01171	0.02049	0.01390	0.01610	0.00951	0.01097	0.00878	0.00585	0.00439	0.00146	0.00732	0.00366	0.00293	0.00878
15	0.01275	0.00638	0.00638	0.00638	0.00797	0.00638	0.00478	0.01594	0.01435	0.02551	0.02232	0.02551	0.01754	0.00797	0.00478	0.00159	0.00319	0.00638	0.79755	0.00638
16	0.00834	0.00595	0.00794	0.00953	0.00992	0.00556	0.00635	0.00953	0.01310	0.01746	0.03771	0.75510	0.04525	0.02143	0.00873	0.00278	0.00397	0.01945	0.00635	0.00556
17	0.03070	0.01164	0.01588	0.01217	0.01746	0.01006	0.01006	0.03334	0.01958	0.72163	0.02699	0.02329	0.01694	0.00847	0.00688	0.00212	0.00582	0.00688	0.00847	0.01164
18	0.01275	0.00638	0.00638	0.00638	0.00797	0.00638	0.00478	0.01594	0.01435	0.02551	0.02232	0.02551	0.01754	0.00797	0.00478	0.00159	0.00319	0.00638	0.79755	0.00638
19	0.02601	0.01916	0.02053	0.01574	0.02122	0.02122	0.01300	0.69408	0.03217	0.04312	0.01643	0.01643	0.01163	0.00821	0.00684	0.00205	0.00753	0.00616	0.00684	0.01163
20	0.80789	0.01323	0.01006	0.00900	0.01323	0.01535	0.00741	0.02011	0.01164	0.03070	0.00953	0.01111	0.00741	0.00635	0.00423	0.00212	0.00529	0.00370	0.00423	0.00741
21	0.01275	0.00638	0.00638	0.00638	0.00797	0.00638	0.00478	0.01594	0.01435	0.02551	0.02232	0.02551	0.01754	0.00797	0.00478	0.00159	0.00319	0.00638	0.79755	0.00638
22	0.00816	0.00693	0.00703	0.00701	0.00929	0.00581	0.00526	0.00996	0.01577	0.01890	0.09966	0.06515	0.68350	0.01717	0.00808	0.00230	0.00345	0.01434	0.00641	0.00581
23	0.01702	0.01470	0.01547	0.01392	0.01779	0.01702	0.01083	0.03635	0.70453	0.02862	0.02785	0.02553	0.02088	0.00928	0.00696	0.00232	0.00541	0.00773	0.00696	0.01083
24	0.02448	0.01840	0.01967	0.01543	0.02063	0.02050	0.01263	0.58233	0.14640	0.04065	0.01837	0.01797	0.01321	0.00839	0.00686	0.00210	0.00717	0.00643	0.00686	0.01150
25	0.03070	0.01164	0.01588	0.01217	0.01746	0.01006	0.01006	0.03334	0.01958	0.72163	0.02699	0.02329	0.01694	0.00847	0.00688	0.00212	0.00582	0.00688	0.00847	0.01164
26	0.01372	0.03539	0.72412	0.01950	0.02961	0.01589	0.02528	0.02167	0.01444	0.02167	0.01228	0.01444	0.00867	0.00650	0.00650	0.00217	0.01011	0.00506	0.00289	0.01011
27	0.29271	0.01756	0.04452	0.01349	0.01865	0.01879	0.01147	0.40480	0.05716	0.03731	0.01446	0.01497	0.01052	0.00756	0.00594	0.00209	0.00676	0.00535	0.00580	0.01009
28	0.00968	0.00699	0.00914	0.00861	0.01022	0.00646	0.00646	0.01291	0.01937	0.02743	0.71328	0.05110	0.06455	0.01399	0.00807	0.00215	0.00323	0.01237	0.00753	0.00646
29	0.00834	0.00595	0.00794	0.00953	0.00992	0.00556	0.00635	0.00953	0.01310	0.01746	0.03771	0.75510	0.04525	0.02143	0.00873	0.00278	0.00397	0.01945	0.00635	0.00556
30	0.00887	0.00696	0.00802	0.00776	0.00972	0.00611	0.00582	0.01135	0.01746	0.02290	0.38741	0.05856	0.39324	0.01568	0.00808	0.00223	0.00335	0.01342	0.00693	0.00611
31	0.01980	0.04882	0.01736	0.01430	0.01850	0.08535	0.01131	0.11535	0.48646	0.07025	0.02397	0.02240	0.01785	0.00874	0.00676	0.00219	0.00644	0.00700	0.00654	0.01061
32	0.01615	0.01845	0.04037	0.02884	0.03576	0.01730	0.69204	0.02191	0.01615	0.02191	0.01384	0.01845	0.01038	0.00577	0.00807	0.00231	0.01153	0.00807	0.00346	0.00923
33	0.01615	0.01845	0.04037	0.02884	0.03576	0.01730	0.69204	0.02191	0.01615	0.02191	0.01384	0.01845	0.01038	0.00577	0.00807	0.00231	0.01153	0.00807	0.00346	0.00923
34	0.02534	0.01978	0.01976	0.01547	0.02059	0.08517	0.01264	0.60145	0.03016	0.03989	0.01617	0.01648	0.01166	0.00810	0.00669	0.00201	0.00776	0.00601	0.04383	0.01105
35	0.05258	0.01675	0.04996	0.06983	0.02964	0.01682	0.40562	0.01972	0.01427	0.02061	0.01287	0.01840	0.01054	0.04331	0.01161	0.00257	0.14847	0.00717	0.00343	0.04585
36	0.01540	0.08773	0.56149	0.01793	0.02683	0.01650	0.02195	0.02367	0.08046	0.06383	0.01443	0.01576	0.01033	0.00683	0.00641	0.00212	0.00919	0.00531	0.00361	0.01017
37	0.01394	0.06974	0.69166	0.01913	0.02904	0.01642	0.02464	0.02161	0.01442	0.02140	0.01215	0.01428	0.00867	0.00647	0.00640	0.00213	0.00998	0.00499	0.00289	0.01005
38	0.01015	0.00668	0.00889	0.00982	0.01087	0.00621	0.00707	0.01193	0.01469	0.06133	0.12691	0.52069	0.06682	0.01926	0.00859	0.00268	0.00423	0.09043	0.00663	0.00613
39	0.05743	0.00738	0.00902	0.01003	0.01112	0.00733	0.00713	0.04060	0.03474	0.01994	0.03567	0.58746	0.06068	0.01929	0.00836	0.00271	0.00440	0.06429	0.00626	0.00615
40	0.01466	0.01393	0.02366	0.43950	0.33716	0.01566	0.01986	0.01900	0.01450	0.01959	0.01247	0.01767	0.00986	0.00652	0.00681	0.00217	0.00869	0.00609	0.00319	0.00900
41	0.00968	0.00702	0.00904	0.00866	0.01023	0.00650	0.00650	0.01266	0.01853	0.02593	0.61243	0.05286	0.09632	0.05031	0.00943	0.00242	0.00355	0.04440	0.00724	0.00630
42	0.00946	0.00647	0.00782	0.00845	0.00867	0.00633	0.00528	0.01004	0.01134	0.01510	0.02788	0.28916	0.03263	0.46677	0.02452	0.00512	0.00570	0.04950	0.00502	0.00475
43	0.01710	0.11916	0.05025	0.12797	0.21254	0.12831	0.15852	0.02094	0.01561	0.01954	0.01363	0.06006	0.01190	0.00718	0.00675	0.00206	0.00934	0.00669	0.00347	0.00897
44	0.01757	0.08908	0.42320	0.01833	0.02593	0.11865	0.05639	0.02317	0.01544	0.08573	0.01308	0.01494	0.00958	0.00700	0.00736	0.00211	0.05403	0.00524	0.00354	0.00963
45	0.02214	0.02628	0.02219	0.05948	0.25078	0.46363	0.01604	0.02478	0.01787	0.01862	0.01140	0.01412	0.00949	0.00673	0.00640	0.00188	0.01081	0.00504	0.00346	0.00887
46	0.01578	0.05290	0.04411	0.07633	0.10710	0.12621	0.11595	0.04651	0.05644	0.02257	0.17061	0.06994	0.04719	0.00953	0.00721	0.00213	0.00776	0.00852	0.00488	0.00835

[dist]
# distance from previous block
# <min> <max>
1	9

[block]
# block no. 3 follows, 31 sequences, length 24
# corresponding to MSA columns:
# 156-179
name=unknown_D
#
# <colnr> <probs for GDERKNQSTAVLIFYWHMCP>
#	G	D	E	R	K	N	Q	S	T	A	V	L	I	F	Y	W	H	M	C	P
0	0.07948	0.20119	0.18604	0.01613	0.05090	0.03726	0.04651	0.11830	0.06284	0.05049	0.01483	0.05002	0.01211	0.00745	0.00603	0.00196	0.00777	0.00583	0.00432	0.04055
1	0.08485	0.08393	0.15825	0.04616	0.07527	0.11732	0.11919	0.06598	0.05435	0.02275	0.01470	0.05123	0.01219	0.00879	0.02889	0.00235	0.00912	0.00633	0.02938	0.00896
2	0.01680	0.01083	0.01338	0.07592	0.01716	0.01081	0.00943	0.12637	0.06071	0.15829	0.16579	0.11637	0.13190	0.01206	0.00742	0.00220	0.00526	0.01026	0.00671	0.04232
3	0.01535	0.01483	0.02563	0.15986	0.38228	0.01549	0.10916	0.02007	0.04093	0.02119	0.01669	0.02340	0.03453	0.00778	0.00778	0.00225	0.03579	0.05379	0.00375	0.00944
4	0.01126	0.00922	0.01229	0.01228	0.03778	0.00970	0.04033	0.01612	0.13440	0.01967	0.07233	0.23869	0.09330	0.12772	0.10049	0.00413	0.03582	0.01211	0.00551	0.00685
5	0.00839	0.00694	0.00735	0.00725	0.00943	0.00590	0.00543	0.01040	0.01630	0.02017	0.19046	0.06307	0.59191	0.01670	0.00808	0.00228	0.00342	0.01405	0.00657	0.00590
6	0.01037	0.00709	0.00893	0.00850	0.01029	0.00645	0.00636	0.01322	0.01823	0.05501	0.52093	0.09788	0.15285	0.01450	0.00794	0.00219	0.00342	0.01268	0.03662	0.00652
7	0.00956	0.00691	0.00854	0.00818	0.00953	0.00641	0.00583	0.01194	0.01696	0.02344	0.49444	0.05146	0.13038	0.17100	0.01369	0.00311	0.00397	0.01210	0.00669	0.00589
8	0.02311	0.01772	0.01890	0.01515	0.02011	0.01986	0.01230	0.48197	0.24899	0.03844	0.02011	0.01936	0.01462	0.00856	0.00688	0.00214	0.00685	0.00667	0.00688	0.01137
9	0.00872	0.00641	0.00804	0.00874	0.00973	0.00588	0.00605	0.01043	0.01486	0.01983	0.20783	0.42404	0.16040	0.06381	0.01005	0.00278	0.00387	0.01630	0.00651	0.00573
10	0.02654	0.01752	0.02047	0.01560	0.02110	0.01864	0.04455	0.52071	0.02871	0.18743	0.01857	0.01799	0.01271	0.00815	0.00691	0.00208	0.00735	0.00640	0.00703	0.01152
11	0.01207	0.01035	0.01571	0.01307	0.01617	0.00983	0.13451	0.06016	0.04756	0.02443	0.27352	0.12682	0.15228	0.01311	0.00795	0.00227	0.00544	0.03094	0.00620	0.03759
12	0.01621	0.01820	0.03871	0.02784	0.03456	0.01728	0.64676	0.02287	0.06190	0.02236	0.01477	0.01892	0.01108	0.00600	0.00800	0.00231	0.01113	0.00805	0.00369	0.00933
13	0.01729	0.01261	0.01489	0.01082	0.01675	0.01014	0.00873	0.06967	0.01625	0.11811	0.01448	0.01558	0.01116	0.00576	0.00544	0.00124	0.00535	0.00459	0.00486	0.63628
14	0.00867	0.00685	0.00780	0.00778	0.00965	0.00599	0.00575	0.01087	0.01666	0.02150	0.29039	0.13013	0.42053	0.01658	0.00815	0.00230	0.00343	0.01422	0.00676	0.00599
15	0.00837	0.00603	0.00794	0.00940	0.00991	0.00560	0.00631	0.00966	0.01341	0.01785	0.06249	0.70425	0.07143	0.02102	0.00868	0.00274	0.00392	0.01901	0.00639	0.00560
16	0.02601	0.01916	0.02053	0.01574	0.02122	0.02122	0.01300	0.69408	0.03217	0.04312	0.01643	0.01643	0.01163	0.00821	0.00684	0.00205	0.00753	0.00616	0.00684	0.01163
17	0.00841	0.00622	0.00788	0.00912	0.00994	0.00570	0.00629	0.00982	0.01381	0.01801	0.06132	0.58700	0.16959	0.02039	0.00862	0.00269	0.00393	0.03922	0.00638	0.00564
18	0.03024	0.01238	0.01633	0.01252	0.01783	0.01115	0.01034	0.09808	0.02081	0.65515	0.02596	0.02261	0.01642	0.00844	0.00688	0.00211	0.00599	0.00681	0.00831	0.01164
19	0.01624	0.01795	0.14379	0.04111	0.11747	0.01492	0.15713	0.07972	0.05888	0.06984	0.07403	0.02396	0.06162	0.01028	0.03945	0.00261	0.04939	0.00757	0.00467	0.00934
20	0.01525	0.01500	0.06540	0.42626	0.18453	0.01580	0.04395	0.03696	0.01479	0.05291	0.01300	0.01773	0.00993	0.00704	0.00779	0.00225	0.05299	0.00613	0.00347	0.00879
21	0.00995	0.00727	0.01071	0.01071	0.01196	0.00842	0.00832	0.01244	0.01120	0.01647	0.01857	0.02679	0.01713	0.04867	0.68820	0.01042	0.01740	0.00727	0.05195	0.00612
22	0.14532	0.09115	0.11036	0.04756	0.08411	0.19504	0.10870	0.09891	0.01749	0.02374	0.01190	0.01422	0.00929	0.00662	0.00616	0.00199	0.00933	0.00523	0.00384	0.00904
23	0.00847	0.00610	0.00807	0.00958	0.01013	0.00569	0.00656	0.00980	0.01335	0.01767	0.03899	0.68779	0.07384	0.02112	0.00874	0.00278	0.00408	0.05528	0.00635	0.00561

[dist]
# distance from previous block
# <min> <max>
1	2

[block]
# block no. 4 follows, 31 sequences, length 44
# corresponding to MSA columns:
# 182-225
name=unknown_E
#
# <colnr> <probs for GDERKNQSTAVLIFYWHMCP>
#	G	D	E	R	K	N	Q	S	T	A	V	L	I	F	Y	W	H	M	C	P
0	0.01438	0.01083	0.01307	0.00992	0.01482	0.00853	0.00785	0.01743	0.01591	0.07925	0.18797	0.02411	0.02423	0.00756	0.00596	0.00138	0.00467	0.00635	0.00527	0.54052
1	0.04082	0.05361	0.45521	0.02020	0.02843	0.12945	0.13411	0.02252	0.01541	0.02104	0.01210	0.01457	0.00894	0.00644	0.00658	0.00210	0.01047	0.00537	0.00313	0.00949
2	0.01645	0.28003	0.20525	0.01940	0.10081	0.06409	0.10042	0.02128	0.03953	0.01954	0.01490	0.03968	0.03622	0.00714	0.00612	0.00193	0.00864	0.00592	0.00345	0.00921
3	0.02247	0.01123	0.01359	0.01135	0.01536	0.01106	0.00907	0.02979	0.20493	0.36410	0.05994	0.02569	0.02046	0.00886	0.00655	0.00207	0.00507	0.00728	0.16098	0.01015
4	0.02227	0.01040	0.01342	0.01126	0.01484	0.00965	0.00876	0.07232	0.03964	0.40207	0.08200	0.15493	0.02620	0.08733	0.01013	0.00269	0.00548	0.00979	0.00742	0.00938
5	0.05440	0.01398	0.07782	0.19895	0.08788	0.02820	0.06415	0.01943	0.01476	0.10461	0.01887	0.11007	0.01651	0.00938	0.00756	0.00226	0.04077	0.03035	0.09178	0.00827
6	0.01506	0.01421	0.02274	0.19794	0.32038	0.01654	0.01779	0.01848	0.01360	0.01962	0.01230	0.01743	0.01045	0.00921	0.03168	0.00258	0.20292	0.00611	0.04212	0.00884
7	0.00845	0.00613	0.00784	0.00909	0.00970	0.00567	0.00609	0.00968	0.01335	0.01761	0.06018	0.61657	0.11523	0.06722	0.01029	0.00295	0.00406	0.01811	0.00625	0.00552
8	0.02645	0.01474	0.01702	0.01340	0.01831	0.03926	0.01093	0.25428	0.06664	0.37105	0.07629	0.02290	0.01882	0.00881	0.00694	0.00210	0.00640	0.00703	0.00758	0.01106
9	0.72313	0.01350	0.01137	0.00996	0.01425	0.01553	0.02778	0.02143	0.06567	0.03028	0.01108	0.01245	0.00854	0.00656	0.00456	0.00214	0.00549	0.00415	0.00442	0.00773
10	0.00979	0.00731	0.01045	0.01055	0.01147	0.00832	0.00788	0.01171	0.01109	0.01574	0.02085	0.11847	0.02137	0.14324	0.52552	0.00913	0.03813	0.00914	0.00404	0.00582
11	0.00956	0.00647	0.00758	0.00796	0.00806	0.00637	0.00468	0.00985	0.01071	0.01428	0.02547	0.21687	0.02981	0.58073	0.02850	0.00570	0.00599	0.01225	0.00468	0.00449
12	0.01484	0.01375	0.02310	0.23084	0.42561	0.01474	0.01846	0.01882	0.01447	0.02032	0.01362	0.01875	0.01132	0.01179	0.09393	0.00316	0.00948	0.00625	0.02753	0.00924
13	0.04911	0.01750	0.05792	0.09747	0.14637	0.03533	0.08673	0.25112	0.02049	0.02831	0.01534	0.04958	0.01276	0.00846	0.00832	0.00225	0.07151	0.02695	0.00474	0.00971
14	0.00864	0.00618	0.00827	0.00976	0.01032	0.00581	0.00678	0.01010	0.01362	0.01819	0.06830	0.66142	0.04559	0.02086	0.00877	0.00278	0.00415	0.07837	0.00640	0.00567
15	0.80789	0.01323	0.01006	0.00900	0.01323	0.01535	0.00741	0.02011	0.01164	0.03070	0.00953	0.01111	0.00741	0.00635	0.00423	0.00212	0.00529	0.00370	0.00423	0.00741
16	0.02923	0.01132	0.01541	0.01192	0.01696	0.00980	0.00980	0.03192	0.01957	0.67324	0.07483	0.02522	0.02025	0.00885	0.00696	0.00212	0.00564	0.00726	0.00840	0.01128
17	0.01829	0.76368	0.03585	0.01171	0.01756	0.02707	0.01171	0.02049	0.01390	0.01610	0.00951	0.01097	0.00878	0.00585	0.00439	0.00146	0.00732	0.00366	0.00293	0.00878
18	0.01243	0.00867	0.01167	0.01249	0.04736	0.00876	0.00931	0.04728	0.03470	0.06880	0.07735	0.17303	0.10023	0.02349	0.15902	0.00437	0.00800	0.18009	0.00590	0.00706
19	0.00958	0.00699	0.00900	0.00850	0.01016	0.00641	0.00637	0.01271	0.01912	0.02685	0.67146	0.05206	0.10674	0.01420	0.00807	0.00216	0.00324	0.01251	0.00745	0.00641
20	0.00893	0.00626	0.00798	0.00891	0.00978	0.00581	0.00616	0.01072	0.01460	0.02013	0.17117	0.50993	0.09446	0.01861	0.00824	0.00253	0.00373	0.01666	0.06957	0.00581
21	0.01790	0.52039	0.14141	0.01318	0.01929	0.06183	0.01359	0.04485	0.03490	0.01883	0.01146	0.01299	0.00968	0.00632	0.00500	0.00164	0.00776	0.00427	0.04573	0.00898
22	0.01248	0.00971	0.01194	0.01253	0.01472	0.01033	0.01037	0.02023	0.22018	0.02258	0.03512	0.11536	0.06013	0.01618	0.00860	0.00284	0.00574	0.39688	0.00650	0.00757
23	0.04970	0.01670	0.02022	0.02257	0.22622	0.04478	0.01428	0.17875	0.27525	0.05076	0.01945	0.01981	0.01473	0.00787	0.00674	0.00214	0.00697	0.00659	0.00568	0.01080
24	0.01216	0.00833	0.01003	0.00947	0.01169	0.00800	0.00724	0.01574	0.07132	0.10088	0.22020	0.14336	0.27642	0.01518	0.00859	0.00236	0.03552	0.02964	0.00680	0.00707
25	0.02892	0.01169	0.01570	0.01237	0.01737	0.01039	0.01027	0.06187	0.01985	0.63494	0.02724	0.02726	0.01848	0.00929	0.00708	0.00220	0.00594	0.05970	0.00822	0.01122
26	0.01621	0.43187	0.34942	0.01526	0.02305	0.02198	0.01789	0.02102	0.01415	0.01863	0.01077	0.01256	0.00873	0.00615	0.00535	0.00178	0.00859	0.00429	0.00291	0.00939
27	0.01829	0.76368	0.03585	0.01171	0.01756	0.02707	0.01171	0.02049	0.01390	0.01610	0.00951	0.01097	0.00878	0.00585	0.00439	0.00146	0.00732	0.00366	0.00293	0.00878
28	0.00914	0.00639	0.00797	0.00891	0.00932	0.00615	0.00586	0.01006	0.01223	0.01618	0.03271	0.41355	0.06065	0.29484	0.01844	0.00422	0.00512	0.06761	0.00553	0.00510
29	0.02726	0.01220	0.01550	0.01210	0.01691	0.01141	0.00992	0.14063	0.02124	0.51294	0.06486	0.02394	0.01888	0.00871	0.00678	0.00207	0.00574	0.00704	0.07096	0.01092
30	0.00834	0.00595	0.00794	0.00953	0.00992	0.00556	0.00635	0.00953	0.01310	0.01746	0.03771	0.75510	0.04525	0.02143	0.00873	0.00278	0.00397	0.01945	0.00635	0.00556
31	0.00868	0.00637	0.00820	0.00935	0.01025	0.00589	0.00663	0.01033	0.01431	0.01887	0.10864	0.52707	0.14037	0.01989	0.00864	0.00268	0.00404	0.07761	0.00646	0.00574
32	0.01372	0.03539	0.72412	0.01950	0.02961	0.01589	0.02528	0.02167	0.01444	0.02167	0.01228	0.01444	0.00867	0.00650	0.00650	0.00217	0.01011	0.00506	0.00289	0.01011
33	0.02042	0.01539	0.06677	0.01229	0.01656	0.04142	0.01059	0.29236	0.04140	0.09597	0.01933	0.02032	0.01421	0.00801	0.00605	0.00190	0.00610	0.00620	0.29528	0.00944
34	0.01889	0.01557	0.05916	0.23627	0.03406	0.01471	0.28304	0.02358	0.01624	0.20393	0.01672	0.01947	0.01165	0.00683	0.00732	0.00224	0.00926	0.00703	0.00462	0.00942
35	0.01667	0.04560	0.07841	0.20084	0.27846	0.12423	0.07792	0.02068	0.01533	0.01958	0.01270	0.01765	0.01053	0.04333	0.00808	0.00229	0.00935	0.00603	0.00331	0.00902
36	0.01372	0.03539	0.72412	0.01950	0.02961	0.01589	0.02528	0.02167	0.01444	0.02167	0.01228	0.01444	0.00867	0.00650	0.00650	0.00217	0.01011	0.00506	0.00289	0.01011
37	0.00995	0.00663	0.00746	0.00746	0.00746	0.00663	0.00415	0.00995	0.00995	0.01327	0.02156	0.04477	0.02487	0.75957	0.03482	0.00663	0.00663	0.00995	0.00415	0.00415
38	0.00921	0.00700	0.00851	0.00839	0.01019	0.00631	0.00638	0.01186	0.01761	0.02356	0.42281	0.08340	0.27804	0.01574	0.00820	0.00230	0.00357	0.06374	0.00700	0.00618
39	0.01658	0.07942	0.40244	0.08957	0.05374	0.10046	0.06421	0.07536	0.01647	0.02206	0.01233	0.01483	0.00916	0.00663	0.00649	0.00208	0.00990	0.00530	0.00335	0.00961
40	0.01292	0.01216	0.02052	0.74312	0.04712	0.01520	0.01900	0.01748	0.01368	0.01748	0.01216	0.01824	0.00912	0.00684	0.00684	0.00228	0.00912	0.00608	0.00304	0.00760
41	0.01026	0.00763	0.01022	0.00998	0.01056	0.00869	0.00711	0.01155	0.01049	0.01477	0.01901	0.03387	0.01990	0.36236	0.36646	0.00842	0.07115	0.00838	0.00382	0.00535
42	0.01677	0.01605	0.05072	0.34056	0.21633	0.05553	0.08978	0.03679	0.01569	0.07600	0.01372	0.01781	0.01035	0.00669	0.00691	0.00217	0.00903	0.00623	0.00372	0.00915
43	0.02152	0.14690	0.07488	0.07028	0.05246	0.05265	0.06758	0.15458	0.07436	0.17429	0.03309	0.01844	0.01355	0.00751	0.00650	0.00202	0.00775	0.00613	0.00539	0.01014

[dist]
# distance from previous block
# <min> <max>
0	9

[block]
# block no. 5 follows, 31 sequences, length 23
# corresponding to MSA columns:
# 235-257
name=unknown_F
#
# <colnr> <probs for GDERKNQSTAVLIFYWHMCP>
#	G	D	E	R	K	N	Q	S	T	A	V	L	I	F	Y	W	H	M	C	P
0	0.06037	0.03968	0.06876	0.02042	0.13916	0.16880	0.06720	0.11043	0.11247	0.05451	0.01568	0.01813	0.01241	0.04457	0.00791	0.00223	0.00853	0.00602	0.00463	0.03809
1	0.01840	0.04159	0.05392	0.01984	0.09727	0.03911	0.17405	0.12101	0.01830	0.10363	0.03884	0.05621	0.04862	0.00825	0.00755	0.00205	0.03447	0.00746	0.00493	0.10450
2	0.00883	0.00636	0.00837	0.00967	0.01040	0.00598	0.00685	0.01042	0.01393	0.01849	0.08615	0.55421	0.08181	0.04362	0.00957	0.00288	0.00429	0.10613	0.00636	0.00569
3	0.01489	0.01263	0.01455	0.01063	0.01654	0.01017	0.00850	0.04766	0.06166	0.02362	0.01340	0.01505	0.01093	0.00549	0.00527	0.00115	0.00520	0.00439	0.00437	0.71391
4	0.01093	0.00781	0.01089	0.01232	0.01390	0.00777	0.01070	0.01409	0.01600	0.02096	0.08375	0.07534	0.04114	0.01855	0.00935	0.00308	0.00608	0.62462	0.00639	0.00631
5	0.00846	0.00605	0.00809	0.00967	0.01013	0.00567	0.00658	0.00975	0.01323	0.01761	0.03764	0.72254	0.04497	0.02131	0.00877	0.00280	0.00408	0.05073	0.00635	0.00559
6	0.02790	0.01487	0.01772	0.01373	0.01900	0.01501	0.01129	0.29949	0.07022	0.40242	0.02279	0.02067	0.01506	0.00842	0.00687	0.00210	0.00648	0.00665	0.00771	0.01159
7	0.02601	0.01916	0.02053	0.01574	0.02122	0.02122	0.01300	0.69408	0.03217	0.04312	0.01643	0.01643	0.01163	0.00821	0.00684	0.00205	0.00753	0.00616	0.00684	0.01163
8	0.02546	0.01790	0.01949	0.01518	0.02045	0.01962	0.01246	0.55301	0.10707	0.10981	0.01878	0.01815	0.01322	0.00836	0.00686	0.00209	0.00712	0.00641	0.00702	0.01154
9	0.01275	0.00638	0.00638	0.00638	0.00797	0.00638	0.00478	0.01594	0.01435	0.02551	0.02232	0.02551	0.01754	0.00797	0.00478	0.00159	0.00319	0.00638	0.79755	0.00638
10	0.01419	0.01216	0.01419	0.01013	0.01621	0.00912	0.00811	0.01723	0.01419	0.02229	0.01216	0.01419	0.01013	0.00507	0.00507	0.00101	0.00507	0.00405	0.00405	0.80139
11	0.80789	0.01323	0.01006	0.00900	0.01323	0.01535	0.00741	0.02011	0.01164	0.03070	0.00953	0.01111	0.00741	0.00635	0.00423	0.00212	0.00529	0.00370	0.00423	0.00741
12	0.01188	0.00594	0.00891	0.00891	0.00891	0.00594	0.00594	0.00891	0.00891	0.01188	0.01188	0.02080	0.01188	0.02377	0.02674	0.80095	0.00594	0.00594	0.00297	0.00297
13	0.00954	0.00699	0.00894	0.00845	0.01013	0.00639	0.00634	0.01263	0.01902	0.02661	0.65396	0.05246	0.12438	0.01429	0.00807	0.00217	0.00325	0.01256	0.00742	0.00639
14	0.01275	0.00638	0.00638	0.00638	0.00797	0.00638	0.00478	0.01594	0.01435	0.02551	0.02232	0.02551	0.01754	0.00797	0.00478	0.00159	0.00319	0.00638	0.79755	0.00638
15	0.00977	0.00733	0.01100	0.01100	0.01222	0.00855	0.00855	0.01222	0.01100	0.01588	0.01833	0.02688	0.01710	0.05131	0.73245	0.01100	0.01833	0.00733	0.00367	0.00611
16	0.03070	0.01164	0.01588	0.01217	0.01746	0.01006	0.01006	0.03334	0.01958	0.72163	0.02699	0.02329	0.01694	0.00847	0.00688	0.00212	0.00582	0.00688	0.00847	0.01164
17	0.01372	0.03539	0.72412	0.01950	0.02961	0.01589	0.02528	0.02167	0.01444	0.02167	0.01228	0.01444	0.00867	0.00650	0.00650	0.00217	0.01011	0.00506	0.00289	0.01011
18	0.01693	0.01626	0.02777	0.04199	0.71689	0.01626	0.02100	0.02100	0.01558	0.02235	0.01287	0.01693	0.01084	0.00610	0.00677	0.00203	0.00813	0.00610	0.00339	0.01084
19	0.01754	0.01496	0.01576	0.01403	0.01799	0.01726	0.01095	0.07449	0.66554	0.02946	0.02718	0.02500	0.02035	0.00922	0.00695	0.00230	0.00554	0.00764	0.00695	0.01088
20	0.01519	0.01511	0.02173	0.02068	0.09714	0.02042	0.01565	0.01698	0.01106	0.01713	0.00942	0.01519	0.00919	0.01131	0.02068	0.00288	0.66333	0.00600	0.00304	0.00786
21	0.75538	0.01363	0.01076	0.00945	0.01377	0.01574	0.00778	0.06537	0.01302	0.03153	0.00999	0.01147	0.00769	0.00648	0.00441	0.00211	0.00544	0.00387	0.00441	0.00769
22	0.02387	0.02592	0.01958	0.01692	0.02057	0.41978	0.01319	0.19701	0.06974	0.02428	0.01310	0.01461	0.01040	0.00806	0.00824	0.00202	0.09386	0.00527	0.00455	0.00903

[dist]
# distance from previous block
# <min> <max>
0	1

[block]
# block no. 6 follows, 31 sequences, length 23
# corresponding to MSA columns:
# 259-281
name=unknown_G
#
# <colnr> <probs for GDERKNQSTAVLIFYWHMCP>
#	G	D	E	R	K	N	Q	S	T	A	V	L	I	F	Y	W	H	M	C	P
0	0.00826	0.00671	0.00732	0.00765	0.00947	0.00577	0.00555	0.00997	0.01529	0.01889	0.10820	0.22333	0.51370	0.01803	0.00823	0.00241	0.00356	0.01544	0.00644	0.00577
1	0.00834	0.00595	0.00794	0.00953	0.00992	0.00556	0.00635	0.00953	0.01310	0.01746	0.03771	0.75510	0.04525	0.02143	0.00873	0.00278	0.00397	0.01945	0.00635	0.00556
2	0.01419	0.01216	0.01419	0.01013	0.01621	0.00912	0.00811	0.01723	0.01419	0.02229	0.01216	0.01419	0.01013	0.00507	0.00507	0.00101	0.00507	0.00405	0.00405	0.80139
3	0.01166	0.01026	0.01276	0.01228	0.01345	0.06662	0.00956	0.01379	0.01163	0.01601	0.01731	0.05295	0.01670	0.06362	0.53005	0.00874	0.11509	0.00747	0.00368	0.00635
4	0.00827	0.00667	0.00736	0.00774	0.00949	0.00577	0.00560	0.00997	0.01520	0.01886	0.10793	0.24845	0.48841	0.01818	0.00826	0.00242	0.00358	0.01562	0.00644	0.00577
5	0.07732	0.01719	0.01888	0.01455	0.01991	0.01848	0.01202	0.51130	0.02819	0.18547	0.01821	0.01753	0.01248	0.00815	0.00668	0.00207	0.00702	0.00615	0.00702	0.01136
6	0.01682	0.01395	0.01669	0.01404	0.01792	0.01525	0.06107	0.15335	0.36069	0.03028	0.17003	0.02993	0.04943	0.01006	0.00729	0.00223	0.00575	0.00865	0.00678	0.00978
7	0.01651	0.01346	0.01436	0.01281	0.01635	0.01524	0.00998	0.08117	0.51869	0.02930	0.10102	0.02762	0.02464	0.00960	0.00688	0.00222	0.00514	0.00800	0.07698	0.01002
8	0.01477	0.01385	0.02327	0.27803	0.41112	0.01483	0.01873	0.01892	0.01534	0.02124	0.08878	0.02109	0.01609	0.00721	0.00694	0.00213	0.00793	0.00677	0.00372	0.00925
9	0.02601	0.01916	0.02053	0.01574	0.02122	0.02122	0.01300	0.69408	0.03217	0.04312	0.01643	0.01643	0.01163	0.00821	0.00684	0.00205	0.00753	0.00616	0.00684	0.01163
10	0.01419	0.01216	0.01419	0.01013	0.01621	0.00912	0.00811	0.01723	0.01419	0.02229	0.01216	0.01419	0.01013	0.00507	0.00507	0.00101	0.00507	0.00405	0.00405	0.80139
11	0.01615	0.01845	0.04037	0.02884	0.03576	0.01730	0.69204	0.02191	0.01615	0.02191	0.01384	0.01845	0.01038	0.00577	0.00807	0.00231	0.01153	0.00807	0.00346	0.00923
12	0.01615	0.01845	0.04037	0.02884	0.03576	0.01730	0.69204	0.02191	0.01615	0.02191	0.01384	0.01845	0.01038	0.00577	0.00807	0.00231	0.01153	0.00807	0.00346	0.00923
13	0.00811	0.00682	0.00704	0.00721	0.00931	0.00575	0.00532	0.00979	0.01532	0.01837	0.06587	0.14078	0.64139	0.01777	0.00816	0.00236	0.00352	0.01498	0.00635	0.00575
14	0.01373	0.00921	0.01300	0.01316	0.01556	0.00913	0.03967	0.01811	0.06767	0.09731	0.03470	0.06459	0.05600	0.01644	0.00888	0.00291	0.00631	0.49981	0.00647	0.00733
15	0.80789	0.01323	0.01006	0.00900	0.01323	0.01535	0.00741	0.02011	0.01164	0.03070	0.00953	0.01111	0.00741	0.00635	0.00423	0.00212	0.00529	0.00370	0.00423	0.00741
16	0.02028	0.01527	0.01736	0.07818	0.02055	0.01675	0.01175	0.43359	0.05576	0.03599	0.17376	0.02620	0.04468	0.00970	0.00716	0.00211	0.00650	0.00786	0.00665	0.00991
17	0.00832	0.00602	0.00787	0.00935	0.00988	0.00557	0.00627	0.00955	0.01327	0.01753	0.03987	0.70793	0.09102	0.02115	0.00869	0.00275	0.00393	0.01911	0.00635	0.00557
18	0.01217	0.00753	0.00961	0.00889	0.01102	0.00677	0.00673	0.01492	0.01832	0.11916	0.46610	0.10235	0.16140	0.01434	0.00796	0.00222	0.00367	0.01249	0.00738	0.00698
19	0.01620	0.01550	0.02644	0.17064	0.59400	0.01606	0.02063	0.02035	0.01523	0.02146	0.01274	0.01717	0.01052	0.00623	0.00679	0.00208	0.00831	0.00609	0.00332	0.01024
20	0.04563	0.05170	0.05486	0.13320	0.12324	0.04277	0.16468	0.01833	0.01381	0.01928	0.01382	0.01919	0.01163	0.01842	0.19936	0.00452	0.04744	0.00653	0.00340	0.00819
21	0.01469	0.01116	0.01596	0.03767	0.05022	0.03475	0.06092	0.01611	0.01265	0.09283	0.01897	0.07753	0.03940	0.12543	0.09935	0.11652	0.15667	0.00816	0.00425	0.00678
22	0.00980	0.08857	0.01114	0.00949	0.01057	0.00823	0.00676	0.01118	0.01327	0.01762	0.09188	0.49441	0.03934	0.11165	0.04057	0.00339	0.00517	0.01544	0.00570	0.00583

[dist]
# distance from previous block
# <min> <max>
1	8

[block]
# block no. 7 follows, 31 sequences, length 26
# corresponding to MSA columns:
# 290-315
name=unknown_H
#
# <colnr> <probs for GDERKNQSTAVLIFYWHMCP>
#	G	D	E	R	K	N	Q	S	T	A	V	L	I	F	Y	W	H	M	C	P
0	0.05658	0.11341	0.31443	0.12319	0.06677	0.01750	0.01868	0.12938	0.01700	0.02417	0.01372	0.05045	0.01104	0.00744	0.00636	0.00210	0.00856	0.00590	0.00382	0.00952
1	0.01639	0.01742	0.08615	0.15522	0.16357	0.01610	0.21612	0.11669	0.01749	0.02399	0.01487	0.05931	0.01225	0.00730	0.00719	0.00217	0.00901	0.00726	0.00400	0.04751
2	0.00924	0.00754	0.00825	0.00810	0.01024	0.00688	0.00605	0.01279	0.07461	0.02142	0.21842	0.10457	0.45510	0.01612	0.00803	0.00230	0.00361	0.01371	0.00669	0.00635
3	0.00977	0.00733	0.01100	0.01100	0.01222	0.00855	0.00855	0.01222	0.01100	0.01588	0.01833	0.02688	0.01710	0.05131	0.73245	0.01100	0.01833	0.00733	0.00367	0.00611
4	0.01497	0.01497	0.02095	0.01796	0.01796	0.02095	0.01497	0.01646	0.01048	0.01646	0.00898	0.01497	0.00898	0.01197	0.02245	0.00299	0.74704	0.00599	0.00299	0.00748
5	0.01058	0.00717	0.00919	0.00868	0.01049	0.00652	0.00651	0.01348	0.01855	0.06414	0.56017	0.09783	0.13169	0.01454	0.00805	0.00221	0.00345	0.01276	0.00738	0.00661
6	0.01833	0.01535	0.01621	0.01419	0.01829	0.01763	0.01115	0.13227	0.60648	0.03073	0.02618	0.02420	0.01954	0.00913	0.00694	0.00228	0.00572	0.00751	0.00694	0.01095
7	0.00884	0.00649	0.00829	0.00884	0.00996	0.00594	0.00625	0.01090	0.01589	0.02154	0.30947	0.39178	0.13455	0.01798	0.00839	0.00247	0.00361	0.01603	0.00682	0.00594
8	0.01247	0.00953	0.04772	0.01292	0.01518	0.00843	0.01169	0.01583	0.01594	0.06700	0.03439	0.07040	0.03632	0.01758	0.00913	0.00303	0.00646	0.59288	0.00627	0.00685
9	0.01519	0.01275	0.01472	0.01061	0.01664	0.01014	0.00852	0.07448	0.01571	0.02405	0.01252	0.01438	0.01026	0.00533	0.00522	0.00110	0.00527	0.00423	0.00429	0.73459
10	0.01275	0.00638	0.00638	0.00638	0.00797	0.00638	0.00478	0.01594	0.01435	0.02551	0.02232	0.02551	0.01754	0.00797	0.00478	0.00159	0.00319	0.00638	0.79755	0.00638
11	0.00978	0.00729	0.01079	0.01079	0.01195	0.00844	0.00830	0.01209	0.01094	0.01573	0.01851	0.02790	0.01755	0.09172	0.69265	0.01075	0.01766	0.00748	0.00369	0.00600
12	0.01829	0.76368	0.03585	0.01171	0.01756	0.02707	0.01171	0.02049	0.01390	0.01610	0.00951	0.01097	0.00878	0.00585	0.00439	0.00146	0.00732	0.00366	0.00293	0.00878
13	0.01659	0.01591	0.02716	0.10130	0.66024	0.01617	0.02083	0.02070	0.01542	0.02194	0.01281	0.01704	0.01069	0.00616	0.00678	0.00205	0.00821	0.00609	0.00336	0.01056
14	0.01693	0.01626	0.02777	0.04199	0.71689	0.01626	0.02100	0.02100	0.01558	0.02235	0.01287	0.01693	0.01084	0.00610	0.00677	0.00203	0.00813	0.00610	0.00339	0.01084
15	0.00834	0.00595	0.00794	0.00953	0.00992	0.00556	0.00635	0.00953	0.01310	0.01746	0.03771	0.75510	0.04525	0.02143	0.00873	0.00278	0.00397	0.01945	0.00635	0.00556
16	0.01372	0.03539	0.72412	0.01950	0.02961	0.01589	0.02528	0.02167	0.01444	0.02167	0.01228	0.01444	0.00867	0.00650	0.00650	0.00217	0.01011	0.00506	0.00289	0.01011
17	0.03070	0.01164	0.01588	0.01217	0.01746	0.01006	0.01006	0.03334	0.01958	0.72163	0.02699	0.02329	0.01694	0.00847	0.00688	0.00212	0.00582	0.00688	0.00847	0.01164
18	0.02551	0.01812	0.01970	0.01518	0.02046	0.01983	0.01251	0.62139	0.03079	0.08340	0.05054	0.01851	0.01450	0.00851	0.00690	0.00206	0.00722	0.00650	0.00698	0.01139
19	0.01292	0.01216	0.02052	0.74312	0.04712	0.01520	0.01900	0.01748	0.01368	0.01748	0.01216	0.01824	0.00912	0.00684	0.00684	0.00228	0.00912	0.00608	0.00304	0.00760
20	0.01549	0.04818	0.42368	0.01824	0.02615	0.04352	0.07910	0.07459	0.04637	0.02331	0.01486	0.01939	0.01175	0.00740	0.00669	0.00211	0.00916	0.04950	0.00378	0.07674
21	0.01787	0.65172	0.06310	0.01393	0.02007	0.02554	0.08861	0.02069	0.01417	0.01697	0.01010	0.01195	0.00895	0.00587	0.00489	0.00159	0.00790	0.00421	0.00298	0.00888
22	0.00995	0.00663	0.00746	0.00746	0.00746	0.00663	0.00415	0.00995	0.00995	0.01327	0.02156	0.04477	0.02487	0.75957	0.03482	0.00663	0.00663	0.00995	0.00415	0.00415
