[name]
unknown

[dist]
# distance from previous block
# <min> <max>
6	71

[block]
# block no. 0 follows, 27 sequences, length 84
# corresponding to MSA columns:
# 123-156,160-188,191-211
name=unknown_A
#
# <colnr> <probs for GDERKNQSTAVLIFYWHMCP>
#	G	D	E	R	K	N	Q	S	T	A	V	L	I	F	Y	W	H	M	C	P
0	0.01899	0.04994	0.05204	0.08399	0.26768	0.09552	0.01675	0.09052	0.05432	0.04127	0.05033	0.04542	0.03802	0.05239	0.00917	0.00253	0.00855	0.00767	0.00481	0.01008
1	0.04285	0.01920	0.09769	0.09547	0.23592	0.05740	0.01746	0.07952	0.01785	0.02536	0.03838	0.03839	0.01403	0.00787	0.00773	0.00211	0.04011	0.00654	0.00432	0.15181
2	0.01929	0.23378	0.07966	0.10187	0.26718	0.02050	0.04603	0.02404	0.04155	0.07728	0.01468	0.01740	0.01166	0.00698	0.00665	0.00209	0.00867	0.00597	0.00405	0.01066
3	0.07624	0.04060	0.07490	0.08402	0.19800	0.11280	0.01727	0.09033	0.01861	0.08536	0.01606	0.02125	0.01314	0.00874	0.00867	0.00236	0.07263	0.04413	0.00471	0.01019
4	0.01762	0.05199	0.05865	0.03599	0.45884	0.01759	0.07238	0.04457	0.01742	0.02446	0.05029	0.02242	0.04766	0.00797	0.00820	0.00227	0.03932	0.00739	0.00413	0.01085
5	0.01881	0.05286	0.17144	0.06514	0.36584	0.01794	0.02138	0.04466	0.04230	0.07386	0.01532	0.01833	0.01191	0.00741	0.00795	0.00229	0.04073	0.00639	0.00417	0.01126
6	0.01778	0.10473	0.26124	0.03117	0.33458	0.05138	0.02247	0.02393	0.04156	0.02323	0.01384	0.01686	0.01101	0.00692	0.00694	0.00219	0.00957	0.00592	0.00359	0.01110
7	0.01949	0.01519	0.02421	0.12341	0.39197	0.01524	0.01829	0.02417	0.04262	0.13575	0.05210	0.02346	0.03743	0.00805	0.00743	0.00224	0.00789	0.00736	0.00504	0.03866
8	0.01523	0.05076	0.12811	0.01795	0.08606	0.01385	0.09180	0.04238	0.01714	0.02556	0.11262	0.02736	0.05102	0.00933	0.00815	0.00218	0.05553	0.00790	0.19682	0.04027
9	0.01605	0.01509	0.02460	0.40465	0.28245	0.01711	0.02053	0.02238	0.08120	0.02209	0.01516	0.02005	0.01184	0.00739	0.00741	0.00238	0.00911	0.00678	0.00386	0.00988
10	0.01467	0.01231	0.01438	0.01068	0.01636	0.00946	0.00829	0.01755	0.01489	0.02300	0.01540	0.04976	0.01422	0.07869	0.00886	0.00178	0.00561	0.00575	0.00452	0.67382
11	0.01183	0.00913	0.01250	0.01243	0.01461	0.00849	0.03799	0.04151	0.01621	0.02192	0.03555	0.39194	0.05530	0.01871	0.00901	0.00280	0.00563	0.17806	0.00643	0.10993
12	0.01942	0.01841	0.01704	0.01539	0.01947	0.11681	0.01189	0.03695	0.56003	0.02879	0.02925	0.02731	0.04615	0.01006	0.00748	0.00243	0.00687	0.00815	0.00700	0.01109
13	0.01837	0.01764	0.03013	0.04557	0.69279	0.01764	0.02278	0.02278	0.01690	0.02425	0.01396	0.01837	0.01176	0.00661	0.00735	0.00220	0.00882	0.00661	0.00367	0.01176
14	0.01002	0.00757	0.00925	0.00883	0.01079	0.00680	0.00662	0.01307	0.01987	0.02706	0.51749	0.05992	0.24313	0.01619	0.00876	0.00238	0.00357	0.01405	0.00782	0.00680
15	0.00983	0.00756	0.00898	0.00863	0.01067	0.00672	0.00647	0.01270	0.01941	0.02597	0.44895	0.06171	0.31235	0.01659	0.00876	0.00240	0.00360	0.01430	0.00767	0.00672
16	0.00906	0.00740	0.00791	0.00803	0.01015	0.00636	0.00587	0.01098	0.01684	0.02076	0.13495	0.13885	0.53104	0.04619	0.00995	0.00272	0.00392	0.01582	0.00694	0.00625
17	0.01402	0.01319	0.02227	0.72126	0.05113	0.01649	0.02062	0.01897	0.01484	0.01897	0.01319	0.01979	0.00990	0.00742	0.00742	0.00247	0.00990	0.00660	0.00330	0.00825
18	0.01475	0.01405	0.02311	0.55925	0.11018	0.01745	0.02024	0.01919	0.01458	0.01934	0.01280	0.01917	0.01006	0.00810	0.00972	0.00255	0.10697	0.00659	0.00333	0.00858
19	0.00904	0.00646	0.00861	0.01034	0.01077	0.00603	0.00689	0.01034	0.01421	0.01895	0.04092	0.73426	0.04910	0.02326	0.00948	0.00301	0.00431	0.02110	0.00689	0.00603
20	0.01539	0.01319	0.01539	0.01100	0.01759	0.00990	0.00880	0.01869	0.01539	0.02419	0.01319	0.01539	0.01100	0.00550	0.00550	0.00110	0.00550	0.00440	0.00440	0.78449
21	0.01539	0.01319	0.01539	0.01100	0.01759	0.00990	0.00880	0.01869	0.01539	0.02419	0.01319	0.01539	0.01100	0.00550	0.00550	0.00110	0.00550	0.00440	0.00440	0.78449
22	0.02320	0.06387	0.02059	0.01621	0.02108	0.11875	0.01298	0.25216	0.32563	0.03380	0.02212	0.02134	0.01658	0.00911	0.00722	0.00228	0.00785	0.00703	0.00672	0.01147
23	0.01124	0.00815	0.01106	0.01261	0.01421	0.00797	0.01064	0.01421	0.01667	0.02155	0.04303	0.17357	0.10672	0.02073	0.01000	0.00327	0.00618	0.49466	0.00685	0.00667
24	0.01882	0.20125	0.02242	0.01450	0.01924	0.02124	0.01199	0.03506	0.51021	0.02759	0.02515	0.02368	0.01932	0.00912	0.00684	0.00228	0.00640	0.00727	0.00644	0.01118
25	0.01686	0.02511	0.27180	0.02646	0.12316	0.01729	0.23520	0.07383	0.01769	0.02492	0.01601	0.05006	0.01318	0.04388	0.00932	0.00264	0.01049	0.00776	0.00399	0.01036
26	0.06293	0.26493	0.44547	0.01774	0.02684	0.02113	0.02151	0.02300	0.01530	0.02214	0.01217	0.01424	0.00936	0.00682	0.00617	0.00210	0.00968	0.00491	0.00324	0.01033
27	0.01894	0.05450	0.18503	0.02092	0.02792	0.01834	0.20078	0.05418	0.23262	0.07855	0.02055	0.02146	0.01505	0.00801	0.00764	0.00241	0.00916	0.00749	0.00537	0.01108
28	0.01074	0.00717	0.00811	0.00817	0.00818	0.00716	0.00457	0.01078	0.01090	0.01453	0.02393	0.06971	0.02767	0.71704	0.03691	0.00707	0.00711	0.01111	0.00457	0.00455
29	0.01025	0.00800	0.01162	0.06706	0.01568	0.00780	0.03674	0.01250	0.01544	0.02038	0.08267	0.46525	0.09748	0.02004	0.00928	0.00292	0.00532	0.09846	0.00655	0.00656
30	0.01767	0.05806	0.39588	0.02641	0.19639	0.07650	0.02345	0.04740	0.04551	0.02417	0.01410	0.01661	0.01070	0.00716	0.00705	0.00225	0.01020	0.00582	0.00367	0.01101
31	0.01760	0.02017	0.04089	0.02952	0.03660	0.05241	0.60109	0.02343	0.01767	0.02332	0.01780	0.02222	0.04452	0.00694	0.00866	0.00247	0.01213	0.00890	0.00391	0.00976
32	0.00953	0.00755	0.00857	0.00831	0.01049	0.00659	0.00623	0.01211	0.01870	0.02428	0.34207	0.06449	0.42028	0.01723	0.00877	0.00243	0.00365	0.01469	0.00745	0.00659
33	0.02623	0.14703	0.05261	0.01649	0.02270	0.02389	0.01440	0.52980	0.03068	0.04075	0.01634	0.01671	0.01196	0.00839	0.00695	0.00212	0.00824	0.00616	0.00651	0.01202
34	0.01539	0.01319	0.01539	0.01100	0.01759	0.00990	0.00880	0.01869	0.01539	0.02419	0.01319	0.01539	0.01100	0.00550	0.00550	0.00110	0.00550	0.00440	0.00440	0.78449
35	0.00929	0.00700	0.00862	0.00954	0.01079	0.00633	0.00676	0.01114	0.01603	0.02089	0.14026	0.42822	0.23119	0.02078	0.00921	0.00279	0.00414	0.04367	0.00707	0.00626
36	0.01539	0.01319	0.01539	0.01100	0.01759	0.00990	0.00880	0.01869	0.01539	0.02419	0.01319	0.01539	0.01100	0.00550	0.00550	0.00110	0.00550	0.00440	0.00440	0.78449
37	0.01745	0.22288	0.36439	0.01722	0.02557	0.06106	0.01965	0.05061	0.01683	0.02287	0.03667	0.01601	0.01190	0.00712	0.00635	0.00200	0.00940	0.00527	0.00367	0.08308
38	0.01387	0.01269	0.01794	0.01606	0.01654	0.01692	0.01301	0.01577	0.01154	0.01743	0.01424	0.02287	0.01398	0.07192	0.27416	0.00664	0.42619	0.00728	0.00359	0.00736
39	0.02123	0.62103	0.03589	0.01371	0.01973	0.11262	0.01297	0.05487	0.01679	0.01899	0.01083	0.01238	0.00968	0.00664	0.00513	0.00166	0.00862	0.00420	0.00346	0.00957
40	0.01247	0.13840	0.01657	0.01182	0.01381	0.01304	0.00949	0.01468	0.01231	0.01691	0.01830	0.02828	0.01779	0.13823	0.46913	0.00915	0.04127	0.00758	0.00388	0.00691
41	0.01039	0.00737	0.00934	0.00990	0.01062	0.00744	0.00686	0.01170	0.01292	0.01722	0.03209	0.19276	0.08048	0.32510	0.15073	0.00641	0.00865	0.08904	0.00535	0.00562
42	0.01089	0.00819	0.01212	0.01202	0.01331	0.00964	0.00938	0.01353	0.01203	0.01758	0.01969	0.02870	0.01829	0.05282	0.66546	0.01133	0.04221	0.00787	0.02824	0.00669
43	0.01163	0.00823	0.00930	0.00929	0.00987	0.00849	0.00581	0.01429	0.08890	0.01694	0.02592	0.08867	0.02849	0.58058	0.03139	0.00624	0.00686	0.03846	0.00510	0.00553
44	0.01823	0.00932	0.01229	0.01056	0.01373	0.00830	0.00826	0.02142	0.02085	0.25858	0.42573	0.04605	0.08936	0.01334	0.00831	0.00233	0.00448	0.01151	0.00844	0.00889
45	0.02039	0.01755	0.02672	0.09138	0.47264	0.04311	0.01991	0.07433	0.01864	0.08701	0.01548	0.01875	0.01217	0.00708	0.00727	0.00218	0.00865	0.00653	0.00448	0.04575
46	0.20943	0.01317	0.01531	0.01188	0.01755	0.01204	0.00974	0.02876	0.01786	0.38561	0.02110	0.01987	0.01423	0.00780	0.00633	0.00202	0.00599	0.00594	0.00700	0.18837
47	0.01985	0.74357	0.03890	0.01270	0.01905	0.02937	0.01270	0.02223	0.01508	0.01747	0.01032	0.01191	0.00953	0.00635	0.00476	0.00159	0.00794	0.00397	0.00318	0.00953
48	0.01588	0.01102	0.01375	0.01374	0.04263	0.03489	0.01030	0.07772	0.01636	0.05072	0.02311	0.04189	0.02300	0.04503	0.01601	0.24726	0.00700	0.21394	0.00528	0.09046
49	0.02628	0.01954	0.02101	0.01652	0.02199	0.02163	0.01349	0.57755	0.08613	0.04384	0.02021	0.06146	0.01562	0.00986	0.00756	0.00230	0.00775	0.00769	0.00740	0.01216
50	0.00922	0.00658	0.00881	0.01053	0.01104	0.00618	0.00719	0.01064	0.01438	0.01914	0.04082	0.69570	0.04872	0.02309	0.00952	0.00304	0.00446	0.05796	0.00689	0.00608
51	0.79154	0.01436	0.01091	0.00976	0.01436	0.01665	0.00804	0.02182	0.01263	0.03331	0.01034	0.01206	0.00804	0.00689	0.00459	0.00230	0.00574	0.00402	0.00459	0.00804
52	0.01906	0.02412	0.17554	0.02333	0.08020	0.11588	0.20122	0.05313	0.05070	0.05674	0.01617	0.02009	0.01268	0.04378	0.04015	0.00292	0.01097	0.00701	0.00431	0.04199
53	0.01799	0.11966	0.08608	0.01463	0.01791	0.22866	0.01227	0.02018	0.01518	0.01744	0.01561	0.02504	0.01536	0.21267	0.09850	0.00462	0.05992	0.00687	0.00383	0.00758
54	0.02950	0.01253	0.01652	0.01306	0.01815	0.01132	0.01062	0.08712	0.02191	0.54528	0.07769	0.07636	0.02383	0.01059	0.00770	0.00234	0.00613	0.00879	0.00880	0.01176
55	0.01394	0.01040	0.01167	0.01087	0.01247	0.01131	0.00749	0.06927	0.16961	0.02116	0.02416	0.03911	0.02391	0.43461	0.10335	0.00624	0.00838	0.00959	0.00539	0.00707
56	0.02544	0.01811	0.01931	0.01512	0.02024	0.01991	0.01239	0.54221	0.03117	0.04309	0.01906	0.01973	0.01386	0.00886	0.00699	0.00213	0.00726	0.00673	0.15687	0.01152
57	0.01402	0.01319	0.02227	0.72126	0.05113	0.01649	0.02062	0.01897	0.01484	0.01897	0.01319	0.01979	0.00990	0.00742	0.00742	0.00247	0.00990	0.00660	0.00330	0.00825
58	0.03035	0.01254	0.01669	0.01299	0.01829	0.01119	0.01065	0.07200	0.02205	0.58078	0.10518	0.02832	0.02403	0.00987	0.00761	0.00230	0.00610	0.00811	0.00896	0.01198
59	0.01061	0.00795	0.01193	0.01193	0.01326	0.00928	0.00928	0.01326	0.01193	0.01723	0.01988	0.02916	0.01856	0.05568	0.70968	0.01193	0.01988	0.00795	0.00398	0.00663
60	0.00884	0.00752	0.00761	0.00759	0.01007	0.00629	0.00569	0.01077	0.01707	0.02040	0.09708	0.07087	0.66769	0.01867	0.00877	0.00250	0.00375	0.01559	0.00694	0.00629
61	0.02470	0.07839	0.08870	0.01837	0.02311	0.50362	0.01518	0.02989	0.10953	0.02040	0.01413	0.01546	0.01132	0.00784	0.00672	0.00202	0.01178	0.00529	0.00422	0.00933
62	0.01077	0.00722	0.00829	0.00845	0.00855	0.00720	0.00494	0.01098	0.01124	0.01496	0.02492	0.08243	0.02873	0.67349	0.03523	0.00683	0.00705	0.03935	0.00471	0.00467
63	0.01429	0.01189	0.01605	0.01910	0.17285	0.01217	0.01181	0.02197	0.17276	0.02787	0.29175	0.04095	0.07936	0.01208	0.00804	0.00237	0.00542	0.03020	0.03991	0.00917
64	0.02397	0.13313	0.09696	0.04719	0.07916	0.45688	0.01644	0.02698	0.01905	0.01917	0.01178	0.01407	0.00973	0.00731	0.00654	0.00196	0.01186	0.00496	0.00363	0.00923
65	0.01663	0.01484	0.02615	0.01976	0.02479	0.01429	0.26878	0.02170	0.04578	0.07741	0.15326	0.02735	0.02442	0.01109	0.04051	0.00272	0.06765	0.00870	0.00531	0.12887
66	0.01790	0.16701	0.29622	0.02384	0.08299	0.08057	0.18329	0.02381	0.01659	0.02201	0.01306	0.01606	0.01010	0.00674	0.00703	0.00219	0.01082	0.00605	0.00340	0.01031
67	0.01985	0.74357	0.03890	0.01270	0.01905	0.02937	0.01270	0.02223	0.01508	0.01747	0.01032	0.01191	0.00953	0.00635	0.00476	0.00159	0.00794	0.00397	0.00318	0.00953
68	0.00893	0.00753	0.00774	0.00769	0.01012	0.00633	0.00577	0.01096	0.01730	0.02094	0.13135	0.06998	0.63308	0.01847	0.00877	0.00249	0.00374	0.01546	0.00701	0.00633
69	0.01076	0.00734	0.00884	0.00884	0.00910	0.00760	0.00543	0.01128	0.01102	0.01495	0.02271	0.04479	0.02534	0.60577	0.16887	0.00812	0.00967	0.01024	0.00440	0.00491
70	0.01261	0.06923	0.03737	0.01147	0.01405	0.01042	0.00934	0.03892	0.06436	0.04114	0.05867	0.29679	0.17500	0.01789	0.00869	0.00273	0.00540	0.11178	0.00661	0.00752
71	0.01080	0.00720	0.00810	0.00810	0.00810	0.00720	0.00450	0.01080	0.01080	0.01439	0.02339	0.04858	0.02699	0.73910	0.03779	0.00720	0.00720	0.01080	0.00450	0.00450
72	0.01622	0.01544	0.02625	0.37919	0.37597	0.01707	0.02171	0.02090	0.01589	0.02164	0.01358	0.01907	0.01084	0.00701	0.00739	0.00234	0.00935	0.00661	0.00349	0.01002
73	0.01691	0.32522	0.43148	0.01772	0.02681	0.02218	0.02144	0.02299	0.01543	0.02105	0.01210	0.01414	0.00945	0.00677	0.00612	0.00204	0.00974	0.00487	0.00315	0.01038
74	0.01743	0.01681	0.02905	0.18626	0.53167	0.01745	0.04883	0.02203	0.01650	0.02313	0.01385	0.01874	0.01135	0.00677	0.00742	0.00227	0.00920	0.00670	0.00360	0.01095
75	0.01080	0.00720	0.00810	0.00810	0.00810	0.00720	0.00450	0.01080	0.01080	0.01439	0.02339	0.04858	0.02699	0.73910	0.03779	0.00720	0.00720	0.01080	0.00450	0.00450
76	0.01985	0.74357	0.03890	0.01270	0.01905	0.02937	0.01270	0.02223	0.01508	0.01747	0.01032	0.01191	0.00953	0.00635	0.00476	0.00159	0.00794	0.00397	0.00318	0.00953
77	0.29964	0.02729	0.08459	0.01586	0.02079	0.35224	0.01337	0.06441	0.01833	0.02582	0.01163	0.01340	0.00919	0.00740	0.00602	0.00211	0.01010	0.00469	0.00425	0.00888
78	0.01061	0.00795	0.01193	0.01193	0.01326	0.00928	0.00928	0.01326	0.01193	0.01723	0.01988	0.02916	0.01856	0.05568	0.70968	0.01193	0.01988	0.00795	0.00398	0.00663
79	0.01105	0.03580	0.01112	0.00956	0.01165	0.00827	0.00731	0.01511	0.04760	0.02860	0.58794	0.05391	0.11437	0.01492	0.00856	0.00233	0.00379	0.01304	0.00786	0.00724
80	0.01080	0.00720	0.00810	0.00810	0.00810	0.00720	0.00450	0.01080	0.01080	0.01439	0.02339	0.04858	0.02699	0.73910	0.03779	0.00720	0.00720	0.01080	0.00450	0.00450
81	0.00990	0.00723	0.00931	0.00950	0.01090	0.00664	0.00685	0.01258	0.01854	0.02556	0.43412	0.26922	0.11600	0.01801	0.00898	0.00256	0.00378	0.01602	0.00766	0.00664
82	0.01985	0.74357	0.03890	0.01270	0.01905	0.02937	0.01270	0.02223	0.01508	0.01747	0.01032	0.01191	0.00953	0.00635	0.00476	0.00159	0.00794	0.00397	0.00318	0.00953
83	0.13211	0.05091	0.09343	0.01818	0.05052	0.16615	0.05349	0.18564	0.02215	0.13447	0.01613	0.01694	0.01166	0.00786	0.00682	0.00219	0.00923	0.00592	0.00555	0.01065

[dist]
# distance from previous block
# <min> <max>
0	1

[block]
# block no. 1 follows, 27 sequences, length 21
# corresponding to MSA columns:
# 213-233
name=unknown_B
#
# <colnr> <probs for GDERKNQSTAVLIFYWHMCP>
#	G	D	E	R	K	N	Q	S	T	A	V	L	I	F	Y	W	H	M	C	P
0	0.01877	0.01679	0.02838	0.12524	0.57358	0.01708	0.02179	0.02315	0.01692	0.06526	0.01482	0.01897	0.01194	0.00687	0.00737	0.00224	0.00879	0.00667	0.00397	0.01139
1	0.79154	0.01436	0.01091	0.00976	0.01436	0.01665	0.00804	0.02182	0.01263	0.03331	0.01034	0.01206	0.00804	0.00689	0.00459	0.00230	0.00574	0.00402	0.00459	0.00804
2	0.05766	0.01647	0.01605	0.01450	0.01720	0.13228	0.01128	0.02526	0.19514	0.05629	0.16853	0.08426	0.02988	0.01210	0.01045	0.00251	0.12565	0.00931	0.00622	0.00897
3	0.01489	0.03840	0.70064	0.02116	0.03213	0.01724	0.02743	0.02351	0.01567	0.02351	0.01332	0.01567	0.00940	0.00705	0.00705	0.00235	0.01097	0.00549	0.00313	0.01097
4	0.01062	0.00790	0.01164	0.01164	0.01287	0.00912	0.00892	0.01307	0.01185	0.01702	0.02015	0.03062	0.01919	0.10681	0.65942	0.01158	0.01894	0.00817	0.00402	0.00647
5	0.01830	0.01244	0.01507	0.01134	0.01696	0.01006	0.00907	0.04366	0.01806	0.14857	0.12705	0.02384	0.02208	0.00788	0.00646	0.00156	0.00541	0.00652	0.00599	0.48969
6	0.15681	0.01268	0.01577	0.01239	0.01778	0.01169	0.01021	0.03305	0.01960	0.56154	0.02597	0.02320	0.01671	0.00879	0.00690	0.00227	0.00611	0.00688	0.04001	0.01165
7	0.00985	0.00756	0.00901	0.00865	0.01069	0.00672	0.00649	0.01273	0.01946	0.02607	0.45541	0.06154	0.30582	0.01656	0.00876	0.00240	0.00360	0.01428	0.00769	0.00672
8	0.01051	0.00759	0.00992	0.00934	0.01109	0.00700	0.00700	0.01401	0.02101	0.02977	0.68888	0.05545	0.07005	0.01518	0.00876	0.00233	0.00350	0.01343	0.00817	0.00700
9	0.01489	0.03840	0.70064	0.02116	0.03213	0.01724	0.02743	0.02351	0.01567	0.02351	0.01332	0.01567	0.00940	0.00705	0.00705	0.00235	0.01097	0.00549	0.00313	0.01097
10	0.01076	0.00734	0.00884	0.00884	0.00910	0.00760	0.00542	0.01127	0.01102	0.01494	0.02271	0.04482	0.02536	0.60663	0.16802	0.00811	0.00966	0.01024	0.00440	0.00491
11	0.03307	0.01301	0.01746	0.01339	0.01914	0.01147	0.01106	0.06524	0.02188	0.66799	0.02876	0.02493	0.01811	0.00918	0.00746	0.00229	0.00640	0.00743	0.00911	0.01263
12	0.01801	0.01366	0.01604	0.01163	0.01810	0.01089	0.00937	0.06480	0.01730	0.09120	0.01507	0.01652	0.01182	0.00609	0.00582	0.00129	0.00576	0.00485	0.00507	0.65671
13	0.01080	0.00720	0.00810	0.00810	0.00810	0.00720	0.00450	0.01080	0.01080	0.01439	0.02339	0.04858	0.02699	0.73910	0.03779	0.00720	0.00720	0.01080	0.00450	0.00450
14	0.01752	0.02003	0.04380	0.03129	0.03880	0.01877	0.66583	0.02378	0.01752	0.02378	0.01502	0.02003	0.01126	0.00626	0.00876	0.00250	0.01252	0.00876	0.00375	0.01001
15	0.12455	0.01781	0.07147	0.37757	0.17494	0.07012	0.01932	0.02131	0.01550	0.02233	0.01283	0.01763	0.00996	0.00717	0.00693	0.00234	0.00944	0.00602	0.00359	0.00917
16	0.00920	0.00702	0.00833	0.00907	0.01040	0.00629	0.00632	0.01089	0.01582	0.02036	0.12638	0.37761	0.28770	0.05617	0.01054	0.00296	0.00416	0.01771	0.00692	0.00615
17	0.01594	0.01268	0.01493	0.01126	0.01699	0.01012	0.00889	0.05182	0.01678	0.05174	0.04779	0.08496	0.01765	0.00793	0.00620	0.00144	0.00546	0.00661	0.00515	0.60565
18	0.01789	0.01714	0.02925	0.12133	0.62085	0.01751	0.02254	0.02236	0.01667	0.02366	0.01388	0.01853	0.01155	0.00671	0.00736	0.00224	0.00894	0.00661	0.00363	0.01137
19	0.02085	0.02137	0.02711	0.07953	0.45947	0.16473	0.02019	0.07366	0.01904	0.02437	0.01369	0.01736	0.01124	0.00706	0.00722	0.00216	0.00981	0.00623	0.00397	0.01094
20	0.01534	0.01454	0.02465	0.51619	0.24587	0.01684	0.02127	0.02013	0.01547	0.02057	0.01343	0.01936	0.01046	0.00718	0.00740	0.00239	0.00957	0.00660	0.00341	0.00931

[dist]
# distance from previous block
# <min> <max>
1	3

[block]
# block no. 2 follows, 27 sequences, length 27
# corresponding to MSA columns:
# 237-263
name=unknown_C
#
# <colnr> <probs for GDERKNQSTAVLIFYWHMCP>
#	G	D	E	R	K	N	Q	S	T	A	V	L	I	F	Y	W	H	M	C	P
0	0.05430	0.01689	0.02614	0.26756	0.41333	0.05169	0.02094	0.02181	0.01622	0.02262	0.01341	0.01830	0.01085	0.00695	0.00721	0.00228	0.00926	0.00639	0.00360	0.01025
1	0.05381	0.01524	0.02342	0.08157	0.40405	0.01528	0.01764	0.05262	0.01764	0.02554	0.07051	0.02605	0.05585	0.00854	0.00735	0.00220	0.00764	0.02935	0.00459	0.08110
2	0.01985	0.74357	0.03890	0.01270	0.01905	0.02937	0.01270	0.02223	0.01508	0.01747	0.01032	0.01191	0.00953	0.00635	0.00476	0.00159	0.00794	0.00397	0.00318	0.00953
3	0.01762	0.01383	0.01827	0.01701	0.10366	0.01245	0.04071	0.10969	0.01891	0.07138	0.04518	0.10900	0.04698	0.00948	0.00702	0.00188	0.00637	0.00824	0.00556	0.33677
4	0.01780	0.01701	0.02861	0.04185	0.60705	0.01755	0.02157	0.02191	0.01623	0.02341	0.01398	0.01881	0.01198	0.00975	0.04686	0.00281	0.06128	0.00668	0.00366	0.01122
5	0.01314	0.00804	0.00928	0.00899	0.01090	0.00794	0.00689	0.05297	0.01858	0.02866	0.25376	0.07633	0.03938	0.01249	0.00712	0.00215	0.00403	0.05539	0.37674	0.00722
6	0.51881	0.01980	0.01419	0.01257	0.01707	0.20065	0.00998	0.02522	0.01566	0.08998	0.01237	0.01362	0.00939	0.00730	0.00542	0.00219	0.00783	0.00454	0.00481	0.00861
7	0.01973	0.01658	0.01750	0.01536	0.01979	0.01906	0.01206	0.12094	0.59583	0.03309	0.02861	0.02642	0.02136	0.00992	0.00754	0.00248	0.00617	0.00817	0.00754	0.01186
8	0.00881	0.00737	0.00768	0.00793	0.01013	0.00623	0.00582	0.01061	0.01653	0.01990	0.07026	0.16702	0.59740	0.01944	0.00888	0.00258	0.00384	0.01645	0.00689	0.00623
9	0.01505	0.03746	0.67034	0.02226	0.06198	0.01726	0.02722	0.02348	0.01573	0.02354	0.01335	0.01580	0.00951	0.00703	0.00707	0.00234	0.01087	0.00554	0.00316	0.01101
10	0.02308	0.02300	0.10965	0.01933	0.02563	0.07045	0.10628	0.32597	0.15690	0.03545	0.01886	0.01950	0.01380	0.00845	0.00754	0.00232	0.00905	0.00702	0.00614	0.01159
11	0.01853	0.55571	0.21519	0.01496	0.02254	0.02614	0.01663	0.02257	0.01524	0.01908	0.01112	0.01291	0.00949	0.00654	0.00537	0.00179	0.00875	0.00437	0.00316	0.00991
12	0.01775	0.01537	0.02010	0.01478	0.02120	0.01360	0.09314	0.11365	0.07351	0.02793	0.01550	0.01735	0.01223	0.00646	0.00636	0.00156	0.00680	0.00561	0.00501	0.51210
13	0.01423	0.01146	0.01546	0.01401	0.01551	0.01393	0.01125	0.01728	0.04704	0.06744	0.02773	0.05593	0.13158	0.02770	0.24039	0.00581	0.26140	0.00921	0.00488	0.00776
14	0.01065	0.00780	0.01113	0.01113	0.01217	0.00884	0.00828	0.01274	0.01169	0.01664	0.02062	0.03324	0.02033	0.19905	0.56873	0.01094	0.01722	0.00855	0.00409	0.00618
15	0.01218	0.01130	0.01870	0.01648	0.04604	0.01060	0.17442	0.01636	0.05467	0.02242	0.10372	0.23415	0.21729	0.01550	0.00883	0.00262	0.00643	0.01441	0.00613	0.00776
16	0.02322	0.08419	0.19704	0.01958	0.02671	0.11930	0.10796	0.19645	0.02241	0.10843	0.01614	0.01736	0.01161	0.00772	0.00720	0.00221	0.01000	0.00627	0.00518	0.01101
17	0.01080	0.00720	0.00810	0.00810	0.00810	0.00720	0.00450	0.01080	0.01080	0.01439	0.02339	0.04858	0.02699	0.73910	0.03779	0.00720	0.00720	0.01080	0.00450	0.00450
18	0.01017	0.00782	0.01063	0.01280	0.06744	0.00730	0.00823	0.01232	0.01626	0.02183	0.17448	0.43125	0.13247	0.01958	0.00909	0.00276	0.00453	0.03741	0.00688	0.00676
19	0.01532	0.05927	0.55465	0.02254	0.09472	0.01731	0.02495	0.02352	0.04356	0.02350	0.01511	0.04565	0.01182	0.00777	0.00712	0.00234	0.01017	0.00630	0.00353	0.01083
20	0.02442	0.01900	0.02186	0.02193	0.15153	0.07522	0.01517	0.34835	0.02654	0.09054	0.01988	0.02563	0.01610	0.01102	0.02847	0.00262	0.00877	0.07521	0.00638	0.01133
21	0.00984	0.00749	0.01050	0.03256	0.06070	0.00716	0.00837	0.01148	0.01452	0.01937	0.03943	0.63958	0.06806	0.02147	0.00924	0.00292	0.00477	0.01947	0.00656	0.00651
22	0.02073	0.02451	0.17685	0.03000	0.29079	0.10437	0.05757	0.08694	0.04027	0.07390	0.01555	0.01798	0.01183	0.00733	0.00730	0.00224	0.00975	0.00638	0.00445	0.01123
23	0.02089	0.02613	0.18296	0.06257	0.23595	0.18752	0.01991	0.02676	0.06533	0.07867	0.01560	0.01782	0.01190	0.00747	0.00715	0.00221	0.01009	0.00609	0.00430	0.01069
24	0.01835	0.10840	0.17694	0.02255	0.07590	0.01792	0.21331	0.06963	0.01786	0.06129	0.01569	0.04300	0.01249	0.00733	0.00726	0.00215	0.00953	0.00699	0.00430	0.10913
25	0.01482	0.02478	0.33043	0.11586	0.02980	0.01453	0.05799	0.02096	0.01589	0.02345	0.05207	0.01871	0.01352	0.00708	0.00686	0.00202	0.00891	0.00598	0.00385	0.23249
26	0.01952	0.07837	0.31742	0.02080	0.10776	0.05134	0.01964	0.02625	0.06468	0.14442	0.03291	0.03829	0.02922	0.00840	0.00715	0.00228	0.00893	0.00682	0.00492	0.01089

[dist]
# distance from previous block
# <min> <max>
1	6

[block]
# block no. 3 follows, 27 sequences, length 9
# corresponding to MSA columns:
# 284,287-293,295
name=unknown_D
#
# <colnr> <probs for GDERKNQSTAVLIFYWHMCP>
#	G	D	E	R	K	N	Q	S	T	A	V	L	I	F	Y	W	H	M	C	P
0	0.01809	0.10984	0.17422	0.02732	0.08796	0.07087	0.35746	0.02390	0.01707	0.02260	0.01377	0.01755	0.01060	0.00656	0.00767	0.00230	0.01142	0.00706	0.00356	0.01019
1	0.01826	0.02046	0.14010	0.01597	0.02119	0.05516	0.01479	0.13074	0.01817	0.02638	0.01393	0.01686	0.01122	0.00845	0.01052	0.00211	0.17416	0.00568	0.06198	0.23388
2	0.01732	0.01515	0.02475	0.03661	0.53417	0.01515	0.01870	0.02151	0.01659	0.02505	0.01634	0.02053	0.01344	0.00709	0.00685	0.00209	0.00758	0.00669	0.18374	0.01064
3	0.01616	0.01250	0.01426	0.01284	0.01612	0.01286	0.00973	0.16958	0.14516	0.02890	0.06214	0.30852	0.03179	0.01476	0.00809	0.00246	0.00561	0.01283	0.00688	0.10881
4	0.01353	0.03099	0.54019	0.01865	0.02718	0.01464	0.02267	0.02046	0.01533	0.02245	0.01972	0.18228	0.01861	0.01081	0.00761	0.00250	0.00943	0.00911	0.00401	0.00983
5	0.01165	0.01482	0.17061	0.01307	0.01629	0.01058	0.01224	0.01499	0.01250	0.01795	0.01928	0.03109	0.01863	0.22217	0.37201	0.00848	0.01452	0.00812	0.00392	0.00708
6	0.02317	0.01685	0.01898	0.01547	0.02012	0.01873	0.01256	0.41042	0.10820	0.06739	0.02034	0.02200	0.01549	0.01991	0.17026	0.00452	0.01052	0.00722	0.00672	0.01113
7	0.01026	0.00733	0.00990	0.01034	0.01103	0.00780	0.00720	0.01175	0.01218	0.01681	0.02642	0.21814	0.02907	0.25651	0.32221	0.00817	0.01196	0.01224	0.00489	0.00582
8	0.01772	0.11236	0.03140	0.02267	0.08237	0.05301	0.27527	0.02211	0.01663	0.02284	0.01353	0.01695	0.01090	0.00612	0.00693	0.00186	0.00932	0.00630	0.00389	0.26782

[dist]
# distance from previous block
# <min> <max>
5	8

[block]
# block no. 4 follows, 27 sequences, length 19
# corresponding to MSA columns:
# 304-321,340
name=unknown_E
#
# <colnr> <probs for GDERKNQSTAVLIFYWHMCP>
#	G	D	E	R	K	N	Q	S	T	A	V	L	I	F	Y	W	H	M	C	P
0	0.01401	0.13049	0.04588	0.01074	0.01424	0.03613	0.00913	0.01758	0.04388	0.06597	0.25339	0.07414	0.22894	0.01391	0.00786	0.00228	0.00528	0.01162	0.00660	0.00793
1	0.06912	0.01490	0.01904	0.01618	0.02051	0.01622	0.09899	0.03184	0.40498	0.05994	0.09109	0.03221	0.02598	0.01055	0.00783	0.00254	0.00662	0.05403	0.00693	0.01050
2	0.02396	0.01868	0.01988	0.01622	0.02140	0.02103	0.01308	0.39353	0.31635	0.03992	0.02323	0.02214	0.01701	0.00942	0.00748	0.00235	0.00717	0.00743	0.00748	0.01224
3	0.01846	0.01595	0.01679	0.01511	0.01930	0.01846	0.01175	0.03945	0.67938	0.03105	0.03022	0.02770	0.02266	0.01007	0.00755	0.00252	0.00588	0.00839	0.00755	0.01175
4	0.01539	0.01319	0.01539	0.01100	0.01759	0.00990	0.00880	0.01869	0.01539	0.02419	0.01319	0.01539	0.01100	0.00550	0.00550	0.00110	0.00550	0.00440	0.00440	0.78449
5	0.00904	0.00646	0.00861	0.01034	0.01077	0.00603	0.00689	0.01034	0.01421	0.01895	0.04092	0.73426	0.04910	0.02326	0.00948	0.00301	0.00431	0.02110	0.00689	0.00603
6	0.00904	0.00646	0.00861	0.01034	0.01077	0.00603	0.00689	0.01034	0.01421	0.01895	0.04092	0.73426	0.04910	0.02326	0.00948	0.00301	0.00431	0.02110	0.00689	0.00603
7	0.01615	0.16166	0.48971	0.02108	0.03074	0.01962	0.11502	0.02332	0.01583	0.02247	0.01303	0.01562	0.00969	0.00682	0.00689	0.00224	0.01065	0.00568	0.00323	0.01058
8	0.01066	0.00772	0.01075	0.01075	0.01167	0.00864	0.00781	0.01250	0.01158	0.01636	0.02096	0.03512	0.02115	0.26548	0.50342	0.01048	0.01599	0.00883	0.00414	0.00597
9	0.00926	0.00697	0.00858	0.00938	0.01063	0.00629	0.00658	0.01115	0.01628	0.02138	0.17817	0.42245	0.22495	0.02047	0.00915	0.00274	0.00400	0.01813	0.00715	0.00629
10	0.02455	0.01523	0.02414	0.06991	0.36668	0.01468	0.01756	0.02833	0.01866	0.31366	0.02051	0.02142	0.01450	0.00777	0.00740	0.00226	0.00780	0.00698	0.00602	0.01194
11	0.02303	0.02252	0.03082	0.02459	0.06200	0.21209	0.31239	0.02717	0.01893	0.14155	0.01677	0.01992	0.01258	0.03095	0.00882	0.00244	0.01131	0.00737	0.00476	0.00999
12	0.01726	0.01520	0.02505	0.39602	0.29535	0.01694	0.02069	0.04918	0.01681	0.05563	0.01448	0.01943	0.01115	0.00726	0.00740	0.00235	0.00923	0.00665	0.00391	0.01000
13	0.01746	0.01671	0.02849	0.18693	0.55855	0.01740	0.02233	0.02198	0.01647	0.02315	0.01380	0.01867	0.01137	0.00678	0.00736	0.00226	0.00904	0.00661	0.00360	0.01102
14	0.01767	0.02035	0.18557	0.02155	0.02818	0.01456	0.27116	0.02312	0.01760	0.12697	0.07756	0.09988	0.02185	0.00987	0.00828	0.00250	0.00940	0.02880	0.00524	0.00987
15	0.01683	0.20380	0.38280	0.02355	0.12298	0.02037	0.08489	0.02312	0.01588	0.02218	0.01285	0.01557	0.00995	0.00674	0.00671	0.00216	0.01008	0.00560	0.00328	0.01064
16	0.01693	0.01621	0.02732	0.24888	0.45935	0.01759	0.02175	0.02134	0.01596	0.02228	0.01349	0.01868	0.01108	0.00723	0.00836	0.00235	0.05060	0.00660	0.00354	0.01048
17	0.01467	0.01456	0.02771	0.32412	0.03893	0.01550	0.25222	0.01963	0.01609	0.02117	0.01939	0.07636	0.01763	0.00990	0.00844	0.00265	0.01004	0.09823	0.00420	0.00854
18	0.11944	0.06483	0.18072	0.37326	0.08237	0.01756	0.02017	0.02087	0.01489	0.02221	0.01271	0.01721	0.00963	0.00714	0.00679	0.00235	0.00940	0.00583	0.00345	0.00917

[dist]
# distance from previous block
# <min> <max>
0	5

[block]
# block no. 5 follows, 27 sequences, length 15
# corresponding to MSA columns:
# 346-351,356-364
name=unknown_F
#
# <colnr> <probs for GDERKNQSTAVLIFYWHMCP>
#	G	D	E	R	K	N	Q	S	T	A	V	L	I	F	Y	W	H	M	C	P
0	0.01474	0.01413	0.02022	0.39391	0.03629	0.04901	0.06147	0.02168	0.12481	0.02139	0.02523	0.06842	0.09762	0.01010	0.00779	0.00249	0.00851	0.00891	0.00470	0.00859
1	0.01671	0.17080	0.45877	0.01795	0.02669	0.01812	0.02149	0.02303	0.01584	0.07232	0.01641	0.08011	0.01366	0.00853	0.00686	0.00226	0.00944	0.00674	0.00393	0.01037
2	0.01527	0.09222	0.65013	0.02051	0.03113	0.01817	0.02630	0.02341	0.01563	0.02305	0.01309	0.01539	0.00941	0.00700	0.00688	0.00229	0.01074	0.00537	0.00314	0.01086
3	0.01628	0.01550	0.02635	0.37073	0.38401	0.01709	0.02174	0.02095	0.01591	0.02171	0.01359	0.01906	0.01086	0.00700	0.00738	0.00233	0.00934	0.00661	0.00349	0.01007
4	0.01615	0.01537	0.02612	0.39066	0.36508	0.01705	0.02168	0.02083	0.01585	0.02155	0.01357	0.01910	0.01081	0.00703	0.00739	0.00234	0.00937	0.00661	0.00348	0.00997
5	0.01547	0.01468	0.02489	0.49572	0.26531	0.01688	0.02134	0.02024	0.01553	0.02073	0.01345	0.01932	0.01052	0.00715	0.00740	0.00238	0.00954	0.00660	0.00342	0.00942
6	0.01714	0.01448	0.02593	0.40046	0.08877	0.01576	0.15347	0.02186	0.01630	0.10352	0.01720	0.06171	0.01362	0.00825	0.00782	0.00247	0.00960	0.00800	0.00435	0.00928
7	0.01565	0.19242	0.23054	0.34385	0.03787	0.01975	0.02081	0.02110	0.01515	0.01998	0.01256	0.01670	0.00966	0.00706	0.00669	0.00223	0.00976	0.00564	0.00322	0.00937
8	0.01531	0.07276	0.21443	0.01888	0.09270	0.09623	0.04150	0.01942	0.01602	0.02066	0.02533	0.11989	0.08990	0.08100	0.01054	0.00285	0.00870	0.04070	0.00449	0.00868
9	0.01613	0.21544	0.53450	0.01904	0.02885	0.02029	0.02373	0.02319	0.01553	0.02199	0.01257	0.01473	0.00943	0.00688	0.00648	0.00216	0.01021	0.00511	0.00314	0.01061
10	0.01543	0.07501	0.29164	0.29426	0.13802	0.01786	0.02307	0.02156	0.01550	0.02145	0.01316	0.01740	0.00996	0.00708	0.00708	0.00232	0.01002	0.00598	0.00328	0.00994
11	0.01642	0.01594	0.02797	0.33515	0.35792	0.01725	0.07953	0.02123	0.01607	0.02194	0.01373	0.01913	0.01091	0.00693	0.00751	0.00235	0.00961	0.00680	0.00352	0.01009
12	0.01654	0.02033	0.12971	0.20096	0.23329	0.01767	0.22800	0.02228	0.01642	0.02272	0.01402	0.01885	0.01081	0.00676	0.00777	0.00239	0.01057	0.00713	0.00353	0.01024
13	0.01771	0.05986	0.02267	0.02785	0.32976	0.01543	0.01603	0.04182	0.08905	0.06928	0.02422	0.05968	0.05167	0.05631	0.00964	0.00271	0.00750	0.08337	0.00525	0.01018
14	0.01669	0.01803	0.07903	0.25132	0.38643	0.01736	0.08014	0.02175	0.01623	0.02252	0.01377	0.01876	0.01096	0.00686	0.00748	0.00233	0.00964	0.00672	0.00353	0.01046

[dist]
# distance from previous block
# <min> <max>
0	5

[block]
# block no. 6 follows, 27 sequences, length 7
# corresponding to MSA columns:
# 370-376
name=unknown_G
#
# <colnr> <probs for GDERKNQSTAVLIFYWHMCP>
#	G	D	E	R	K	N	Q	S	T	A	V	L	I	F	Y	W	H	M	C	P
0	0.01861	0.16945	0.10731	0.02620	0.24003	0.01968	0.07301	0.11234	0.01827	0.02483	0.01474	0.01936	0.01249	0.05529	0.05460	0.00307	0.00973	0.00648	0.00411	0.01040
1	0.07367	0.21992	0.14307	0.06952	0.02667	0.01911	0.16179	0.02206	0.01621	0.06169	0.05704	0.06507	0.01662	0.00837	0.00694	0.00222	0.00886	0.00739	0.00431	0.00948
2	0.06011	0.10949	0.12716	0.02160	0.12182	0.01774	0.11338	0.08259	0.04577	0.07181	0.01605	0.03613	0.01271	0.00740	0.00685	0.00208	0.00845	0.00649	0.00467	0.12769
3	0.01692	0.05831	0.02078	0.07462	0.06460	0.01428	0.10605	0.07667	0.08236	0.07470	0.08514	0.05407	0.12585	0.01092	0.00772	0.00232	0.00699	0.02767	0.05646	0.03357
4	0.06984	0.05701	0.07581	0.13878	0.07742	0.01385	0.01350	0.06647	0.01817	0.11701	0.07081	0.03470	0.19490	0.01104	0.00748	0.00234	0.00689	0.00910	0.00574	0.00915
5	0.01991	0.01872	0.08376	0.14431	0.26624	0.01740	0.06551	0.13733	0.01990	0.07647	0.01560	0.01869	0.01180	0.00727	0.00732	0.00221	0.00891	0.00658	0.00469	0.06737
6	0.01779	0.01958	0.10822	0.15491	0.14746	0.06121	0.06408	0.10456	0.06363	0.02545	0.01719	0.06556	0.01443	0.01031	0.03483	0.00265	0.00946	0.00747	0.00457	0.06664

[dist]
# distance from previous block
# <min> <max>
61	233

[block]
# block no. 7 follows, 27 sequences, length 20
# corresponding to MSA columns:
# 769-788
name=unknown_H
#
# <colnr> <probs for GDERKNQSTAVLIFYWHMCP>
#	G	D	E	R	K	N	Q	S	T	A	V	L	I	F	Y	W	H	M	C	P
0	0.01786	0.03547	0.06216	0.17691	0.20192	0.01695	0.10190	0.07817	0.06281	0.04508	0.01650	0.04241	0.01326	0.00769	0.00737	0.00223	0.00880	0.00716	0.00449	0.09087
1	0.02105	0.15332	0.10711	0.15708	0.11813	0.09936	0.03934	0.04470	0.04113	0.12634	0.01588	0.01800	0.01187	0.00747	0.00685	0.00216	0.00927	0.00605	0.00457	0.01031
2	0.01768	0.13650	0.07404	0.02731	0.27730	0.01825	0.07380	0.06708	0.01759	0.02442	0.05567	0.02134	0.02863	0.02296	0.02569	0.00246	0.02993	0.00688	0.02178	0.05067
3	0.05255	0.06233	0.12120	0.07378	0.09873	0.01723	0.04345	0.13359	0.11214	0.02852	0.07019	0.02389	0.03899	0.02969	0.00804	0.00236	0.00783	0.00730	0.00528	0.06288
4	0.01801	0.11440	0.14585	0.02457	0.18287	0.01825	0.09510	0.06256	0.08599	0.04646	0.01652	0.01946	0.01309	0.01236	0.08160	0.00321	0.01015	0.00661	0.00439	0.03855
5	0.01984	0.02134	0.16035	0.17593	0.07663	0.06437	0.04701	0.09247	0.08350	0.10878	0.01877	0.02065	0.02797	0.00806	0.00732	0.00229	0.00906	0.00675	0.00505	0.04385
6	0.02014	0.09728	0.10933	0.08564	0.21197	0.01988	0.01811	0.19061	0.08979	0.02950	0.01608	0.01817	0.01239	0.00761	0.00701	0.00217	0.00847	0.00630	0.00492	0.04460
7	0.01779	0.01800	0.09099	0.01861	0.08022	0.05573	0.08758	0.11031	0.06072	0.05205	0.13135	0.06552	0.04778	0.00990	0.00760	0.00218	0.00759	0.00870	0.00573	0.12163
8	0.01555	0.09683	0.23473	0.12869	0.08601	0.01628	0.01816	0.04793	0.01573	0.02218	0.01445	0.01944	0.01198	0.05318	0.07929	0.00334	0.01011	0.00605	0.00373	0.11633
9	0.01991	0.02535	0.29919	0.02338	0.14848	0.01647	0.04685	0.09371	0.03950	0.12551	0.01685	0.01833	0.01212	0.00741	0.00716	0.00221	0.00904	0.00624	0.00485	0.07743
10	0.01730	0.01749	0.05652	0.09580	0.40246	0.01758	0.04040	0.02378	0.10135	0.02391	0.01631	0.03816	0.01366	0.00810	0.00891	0.00237	0.07138	0.00717	0.00419	0.03317
11	0.05082	0.01898	0.12023	0.28580	0.26917	0.01724	0.08878	0.02155	0.01586	0.02258	0.01354	0.01841	0.01054	0.00695	0.00736	0.00236	0.00976	0.00656	0.00351	0.01002
12	0.32450	0.01225	0.01252	0.07260	0.01713	0.01340	0.00926	0.09025	0.01824	0.03110	0.21862	0.03249	0.09935	0.01087	0.00683	0.00234	0.00551	0.00856	0.00610	0.00808
13	0.01910	0.01945	0.03079	0.04173	0.56468	0.07840	0.09026	0.02349	0.01733	0.02367	0.01386	0.01811	0.01151	0.00667	0.00744	0.00221	0.00961	0.00668	0.00370	0.01130
14	0.10312	0.01653	0.02354	0.16868	0.28241	0.01772	0.01775	0.15729	0.02022	0.09881	0.01582	0.01859	0.01186	0.00755	0.00710	0.00228	0.00831	0.00644	0.00505	0.01093
15	0.01171	0.00942	0.01473	0.07762	0.08717	0.01078	0.01168	0.01475	0.01270	0.01811	0.01868	0.02722	0.01709	0.04635	0.57515	0.01009	0.01786	0.00770	0.00389	0.00730
16	0.02495	0.02408	0.22133	0.01739	0.02470	0.01858	0.01727	0.31923	0.05280	0.17599	0.01941	0.01916	0.01329	0.00847	0.00733	0.00229	0.00851	0.00656	0.00653	0.01210
17	0.01748	0.10680	0.31587	0.10122	0.22701	0.01826	0.02270	0.02343	0.01622	0.06291	0.01412	0.01706	0.01070	0.00701	0.00695	0.00223	0.00960	0.00589	0.00368	0.01085
18	0.09533	0.09198	0.07852	0.12723	0.08863	0.01529	0.01465	0.02083	0.08967	0.02330	0.02563	0.08428	0.06142	0.01193	0.00763	0.00256	0.00741	0.13981	0.00512	0.00877
19	0.01436	0.01333	0.02224	0.53512	0.15193	0.01567	0.01953	0.01907	0.01584	0.02098	0.08500	0.02334	0.01658	0.00811	0.00755	0.00242	0.00904	0.00732	0.00388	0.00869

[dist]
# distance from previous block
# <min> <max>
41	278

[block]
# block no. 8 follows, 27 sequences, length 6
# corresponding to MSA columns:
# 1150-1155
name=unknown_I
#
# <colnr> <probs for GDERKNQSTAVLIFYWHMCP>
#	G	D	E	R	K	N	Q	S	T	A	V	L	I	F	Y	W	H	M	C	P
0	0.02117	0.10383	0.13988	0.02091	0.07910	0.01960	0.11794	0.19771	0.07504	0.07122	0.01684	0.01826	0.01250	0.00757	0.00713	0.00216	0.00884	0.00651	0.00525	0.06852
1	0.02069	0.07660	0.02599	0.11020	0.32588	0.06733	0.01808	0.11468	0.04435	0.07124	0.01663	0.04597	0.01362	0.00803	0.00721	0.00222	0.00865	0.00696	0.00477	0.01091
2	0.02186	0.10963	0.11567	0.02225	0.16563	0.14914	0.01647	0.08564	0.03859	0.09245	0.01574	0.01739	0.01208	0.00742	0.00667	0.00201	0.00899	0.00579	0.03869	0.06788
3	0.08266	0.10694	0.20441	0.05919	0.07363	0.06736	0.01689	0.11930	0.06312	0.02631	0.01845	0.02132	0.04957	0.04996	0.00854	0.00250	0.00876	0.00653	0.00458	0.00996
4	0.09855	0.06193	0.09956	0.04880	0.12176	0.10304	0.01509	0.13318	0.01975	0.02725	0.06928	0.06372	0.06517	0.00989	0.00768	0.00228	0.03061	0.00782	0.00506	0.00959
5	0.01891	0.09480	0.24980	0.02157	0.08322	0.07427	0.08882	0.06788	0.05837	0.06258	0.01670	0.05709	0.01359	0.00859	0.00824	0.00233	0.05137	0.00703	0.00443	0.01042

[dist]
# distance from previous block
# <min> <max>
0	1

[block]
# block no. 9 follows, 27 sequences, length 41
# corresponding to MSA columns:
# 1157-1197
name=unknown_J
#
# <colnr> <probs for GDERKNQSTAVLIFYWHMCP>
#	G	D	E	R	K	N	Q	S	T	A	V	L	I	F	Y	W	H	M	C	P
0	0.01818	0.16084	0.22881	0.02277	0.17341	0.01870	0.01872	0.05102	0.08343	0.06579	0.01916	0.05425	0.03650	0.00851	0.00695	0.00222	0.00843	0.00701	0.00457	0.01073
1	0.01658	0.06693	0.07786	0.11138	0.22599	0.01553	0.04970	0.02230	0.07546	0.06549	0.08945	0.02949	0.10328	0.00954	0.00757	0.00231	0.00769	0.00846	0.00508	0.00992
2	0.04542	0.12995	0.25751	0.06618	0.15518	0.01943	0.05335	0.02499	0.11131	0.02379	0.01531	0.01773	0.01187	0.00745	0.00738	0.00228	0.03018	0.00611	0.00398	0.01062
3	0.04458	0.02372	0.17626	0.02942	0.29036	0.08120	0.05318	0.06866	0.06619	0.02583	0.01492	0.01764	0.01169	0.00714	0.00711	0.00218	0.00934	0.00621	0.00419	0.06018
4	0.01874	0.15746	0.12366	0.03092	0.34075	0.06281	0.05133	0.03898	0.01689	0.02290	0.01332	0.01673	0.01101	0.00702	0.00742	0.00213	0.03555	0.00596	0.02571	0.01070
5	0.04122	0.07453	0.23538	0.05936	0.19287	0.06712	0.06091	0.04055	0.01669	0.02310	0.01674	0.10651	0.01518	0.00899	0.00731	0.00232	0.00936	0.00782	0.00401	0.01004
6	0.06345	0.01947	0.05817	0.10287	0.39421	0.08106	0.01947	0.05054	0.06027	0.02502	0.01459	0.01801	0.01175	0.00710	0.00706	0.00219	0.00891	0.00626	0.00412	0.04551
7	0.01906	0.50128	0.17573	0.01431	0.02131	0.02422	0.01534	0.02286	0.01598	0.06271	0.05518	0.01631	0.01390	0.00724	0.00567	0.00184	0.00820	0.00511	0.00387	0.00987
8	0.02014	0.01687	0.10271	0.11455	0.05967	0.01340	0.03486	0.06804	0.01843	0.18027	0.04760	0.02057	0.01515	0.00756	0.00689	0.00195	0.00746	0.00636	0.00551	0.25201
9	0.01492	0.08879	0.02583	0.58911	0.04677	0.01801	0.07534	0.01972	0.01510	0.01923	0.01306	0.01900	0.00998	0.00721	0.00726	0.00239	0.00992	0.00651	0.00333	0.00853
10	0.01910	0.05693	0.18063	0.01659	0.04116	0.01566	0.03128	0.14443	0.08661	0.11063	0.08244	0.13554	0.02424	0.01118	0.00769	0.00240	0.00747	0.00946	0.00620	0.01035
11	0.01826	0.02775	0.34984	0.02425	0.03317	0.01707	0.28296	0.02521	0.01712	0.10824	0.01601	0.01863	0.01128	0.00700	0.00779	0.00241	0.01101	0.00706	0.00414	0.01079
12	0.01479	0.01398	0.02365	0.60202	0.16437	0.01670	0.02100	0.01964	0.01521	0.01990	0.01333	0.01954	0.01022	0.00728	0.00741	0.00243	0.00971	0.00660	0.00337	0.00887
13	0.01492	0.01436	0.02462	0.55112	0.12896	0.01716	0.06070	0.01968	0.01506	0.01986	0.01320	0.01941	0.01021	0.00759	0.00852	0.00249	0.05327	0.00673	0.00337	0.00879
14	0.00877	0.00752	0.00752	0.00752	0.01003	0.00627	0.00564	0.01065	0.01692	0.02005	0.07520	0.07144	0.68978	0.01880	0.00877	0.00251	0.00376	0.01567	0.00689	0.00627
15	0.01402	0.01319	0.02227	0.72126	0.05113	0.01649	0.02062	0.01897	0.01484	0.01897	0.01319	0.01979	0.00990	0.00742	0.00742	0.00247	0.00990	0.00660	0.00330	0.00825
16	0.02773	0.03538	0.02104	0.01913	0.02295	0.70930	0.01434	0.02964	0.02104	0.01817	0.01148	0.01339	0.00956	0.00765	0.00669	0.00191	0.01339	0.00478	0.00383	0.00861
17	0.01837	0.01764	0.03013	0.04557	0.69279	0.01764	0.02278	0.02278	0.01690	0.02425	0.01396	0.01837	0.01176	0.00661	0.00735	0.00220	0.00882	0.00661	0.00367	0.01176
18	0.02084	0.65471	0.03666	0.01351	0.01954	0.11469	0.01291	0.02316	0.01583	0.01755	0.01047	0.01209	0.00953	0.00651	0.00501	0.00163	0.00862	0.00407	0.00326	0.00941
19	0.01402	0.01319	0.02227	0.72126	0.05113	0.01649	0.02062	0.01897	0.01484	0.01897	0.01319	0.01979	0.00990	0.00742	0.00742	0.00247	0.00990	0.00660	0.00330	0.00825
20	0.01539	0.01319	0.01539	0.01100	0.01759	0.00990	0.00880	0.01869	0.01539	0.02419	0.01319	0.01539	0.01100	0.00550	0.00550	0.00110	0.00550	0.00440	0.00440	0.78449
