[name]
unknown

[dist]
# distance from previous block
# <min> <max>
4	99

[block]
# block no. 0 follows, 37 sequences, length 208
# corresponding to MSA columns:
# 112-178,182-187,191-220,225-329
name=unknown_A
#
# <colnr> <probs for GDERKNQSTAVLIFYWHMCP>
#	G	D	E	R	K	N	Q	S	T	A	V	L	I	F	Y	W	H	M	C	P
0	0.01192	0.05608	0.04557	0.01018	0.01254	0.07154	0.02647	0.08030	0.03248	0.01995	0.16780	0.18339	0.12338	0.07557	0.00901	0.00232	0.02393	0.01004	0.03117	0.00636
1	0.06606	0.03520	0.01374	0.01093	0.01412	0.01076	0.05831	0.14310	0.04974	0.16064	0.13108	0.12451	0.04060	0.01005	0.00677	0.02553	0.00501	0.00823	0.07789	0.00772
2	0.08927	0.03278	0.08867	0.01300	0.03392	0.15640	0.02692	0.10509	0.05841	0.13197	0.05553	0.06325	0.05732	0.00807	0.00589	0.00182	0.00665	0.00639	0.00484	0.05381
3	0.04083	0.03247	0.05905	0.04741	0.02098	0.03053	0.17671	0.09523	0.10032	0.16780	0.01617	0.01704	0.01166	0.00636	0.00596	0.00179	0.00680	0.00576	0.04169	0.11543
4	0.04087	0.02018	0.30813	0.01518	0.02125	0.01331	0.10011	0.14134	0.03694	0.04141	0.10184	0.04593	0.01618	0.00732	0.00615	0.00189	0.00719	0.00629	0.00421	0.06429
5	0.06365	0.01389	0.06608	0.01266	0.01692	0.01331	0.04917	0.17846	0.17018	0.14236	0.07268	0.02278	0.05190	0.00826	0.00662	0.00194	0.03032	0.02494	0.00562	0.04826
6	0.01625	0.05759	0.03578	0.01295	0.01681	0.05962	0.05460	0.06331	0.30956	0.07908	0.01912	0.01915	0.03101	0.00753	0.00691	0.00186	0.06476	0.00596	0.04001	0.09814
7	0.12732	0.01188	0.03582	0.09595	0.08944	0.01173	0.16415	0.03686	0.01473	0.06428	0.20312	0.02505	0.05709	0.00812	0.00673	0.00198	0.02646	0.00736	0.00453	0.00739
8	0.01386	0.01169	0.01299	0.00973	0.01456	0.03059	0.00768	0.10103	0.01455	0.02149	0.01268	0.04719	0.01116	0.04209	0.00614	0.00134	0.00501	0.00470	0.00401	0.62752
9	0.01119	0.00700	0.04046	0.00869	0.00932	0.00633	0.00637	0.04211	0.00928	0.01248	0.01159	0.04299	0.01147	0.01988	0.02179	0.72159	0.00549	0.00568	0.00292	0.00337
10	0.00969	0.00784	0.01002	0.00993	0.01103	0.05319	0.00756	0.01150	0.01016	0.01396	0.01590	0.02400	0.01508	0.08748	0.63860	0.04400	0.01496	0.00649	0.00327	0.00534
11	0.01240	0.03087	0.72138	0.01723	0.02604	0.01426	0.02206	0.01995	0.04399	0.01965	0.01158	0.01335	0.00822	0.00592	0.00583	0.00194	0.00887	0.00463	0.00274	0.00907
12	0.02015	0.11457	0.01802	0.01362	0.01744	0.36163	0.01082	0.10528	0.12845	0.05806	0.01392	0.01560	0.01117	0.00690	0.00557	0.00167	0.00817	0.02707	0.00424	0.05764
13	0.00755	0.00539	0.00720	0.00862	0.00902	0.00505	0.00583	0.00867	0.01181	0.01572	0.03369	0.75498	0.04029	0.01910	0.00784	0.00250	0.00363	0.04243	0.00568	0.00500
14	0.01269	0.01088	0.01269	0.00907	0.01451	0.00816	0.00725	0.01541	0.01269	0.01995	0.01088	0.01269	0.00907	0.00453	0.00453	0.00091	0.00453	0.00363	0.00363	0.82229
15	0.02625	0.01011	0.01377	0.01075	0.01522	0.00875	0.00880	0.02854	0.01717	0.70624	0.02473	0.06703	0.01669	0.00828	0.00626	0.00193	0.00511	0.00684	0.00746	0.01009
16	0.00866	0.00626	0.00818	0.00770	0.00914	0.00578	0.00578	0.01155	0.01733	0.02455	0.74346	0.04572	0.05776	0.01251	0.00722	0.00193	0.00289	0.01107	0.00674	0.00578
17	0.02484	0.01017	0.01348	0.01058	0.01496	0.00901	0.00866	0.02804	0.05896	0.63780	0.05266	0.02417	0.06121	0.00828	0.00626	0.00192	0.00498	0.00679	0.00735	0.00989
18	0.01062	0.00761	0.01031	0.01137	0.01296	0.00772	0.00986	0.05594	0.01492	0.01948	0.03137	0.08453	0.03386	0.01639	0.00830	0.00275	0.00565	0.64479	0.00567	0.00591
19	0.01676	0.74241	0.03118	0.01080	0.01591	0.06895	0.01056	0.01870	0.01274	0.01444	0.00857	0.00989	0.00786	0.00530	0.00402	0.00133	0.00682	0.00331	0.00265	0.00781
20	0.00874	0.00656	0.00984	0.00984	0.01093	0.00765	0.00765	0.01093	0.00984	0.01421	0.01640	0.02405	0.01530	0.04591	0.76062	0.00984	0.01640	0.00656	0.00328	0.00547
21	0.01515	0.01454	0.02485	0.03757	0.74669	0.01454	0.01879	0.01879	0.01394	0.02000	0.01151	0.01515	0.00970	0.00545	0.00606	0.00182	0.00727	0.00545	0.00303	0.00970
22	0.00866	0.00626	0.00818	0.00770	0.00914	0.00578	0.00578	0.01155	0.01733	0.02455	0.74346	0.04572	0.05776	0.01251	0.00722	0.00193	0.00289	0.01107	0.00674	0.00578
23	0.01346	0.01358	0.01980	0.01666	0.01704	0.01855	0.05661	0.01503	0.00968	0.01503	0.00830	0.01358	0.00811	0.01038	0.01931	0.00264	0.72728	0.00547	0.00270	0.00679
24	0.00739	0.00618	0.00643	0.00643	0.00838	0.00522	0.00480	0.00906	0.01423	0.01733	0.13076	0.07966	0.65255	0.01531	0.00725	0.00207	0.00309	0.01287	0.00579	0.00522
25	0.01593	0.70790	0.10891	0.01122	0.01686	0.02315	0.01177	0.01844	0.01249	0.01493	0.00877	0.01015	0.00784	0.00530	0.00413	0.00138	0.00681	0.00341	0.00261	0.00798
26	0.02046	0.01064	0.01349	0.01003	0.01510	0.00860	0.00817	0.02300	0.01523	0.40455	0.01786	0.01698	0.01227	0.00613	0.00539	0.00143	0.00489	0.00496	0.00570	0.39512
27	0.82811	0.01184	0.00900	0.00805	0.01184	0.01373	0.00663	0.01799	0.01042	0.02746	0.00852	0.00994	0.00663	0.00568	0.00379	0.00189	0.00474	0.00331	0.00379	0.00663
28	0.01515	0.01454	0.02485	0.03757	0.74669	0.01454	0.01879	0.01879	0.01394	0.02000	0.01151	0.01515	0.00970	0.00545	0.00606	0.00182	0.00727	0.00545	0.00303	0.00970
29	0.01228	0.03166	0.75316	0.01745	0.02649	0.01422	0.02262	0.01939	0.01292	0.01939	0.01099	0.01292	0.00775	0.00582	0.00582	0.00194	0.00905	0.00452	0.00258	0.00905
30	0.01637	0.78856	0.03208	0.01047	0.01571	0.02422	0.01047	0.01833	0.01244	0.01440	0.00851	0.00982	0.00786	0.00524	0.00393	0.00131	0.00655	0.00327	0.00262	0.00786
31	0.01141	0.00571	0.00571	0.00571	0.00713	0.00571	0.00428	0.01426	0.01284	0.02282	0.01997	0.02282	0.01569	0.00713	0.00428	0.00143	0.00285	0.00571	0.81886	0.00571
32	0.00875	0.00654	0.00973	0.00973	0.01079	0.00760	0.00752	0.01086	0.00981	0.01413	0.01649	0.02457	0.01553	0.06996	0.73687	0.00971	0.01606	0.00663	0.00329	0.00541
33	0.00936	0.00687	0.00862	0.00833	0.00855	0.00767	0.00555	0.00994	0.00914	0.01265	0.01749	0.03396	0.01932	0.55275	0.17616	0.00636	0.09135	0.00805	0.00351	0.00439
34	0.01445	0.01651	0.03612	0.02580	0.03199	0.01548	0.72446	0.01961	0.01445	0.01961	0.01238	0.01651	0.00929	0.00516	0.00722	0.00206	0.01032	0.00722	0.00310	0.00826
35	0.00875	0.00654	0.00976	0.00976	0.01083	0.00761	0.00756	0.01088	0.00982	0.01415	0.01646	0.02443	0.01547	0.06342	0.74333	0.00975	0.01615	0.00661	0.00329	0.00542
36	0.00981	0.00651	0.00855	0.00789	0.00954	0.00597	0.00597	0.01266	0.01734	0.06869	0.69975	0.04421	0.05517	0.01221	0.00716	0.00192	0.00303	0.01077	0.00679	0.00606
37	0.02042	0.02383	0.02291	0.01893	0.04006	0.45787	0.21762	0.06574	0.01713	0.04182	0.01115	0.01326	0.00872	0.00606	0.00608	0.00175	0.01029	0.00509	0.00346	0.00780
38	0.01420	0.01073	0.01334	0.00973	0.01487	0.00835	0.03034	0.01696	0.01358	0.10390	0.05697	0.01576	0.01273	0.00539	0.00497	0.00112	0.00470	0.00448	0.00425	0.65364
39	0.80696	0.01198	0.00924	0.00821	0.01203	0.01387	0.00676	0.03661	0.01090	0.02776	0.00869	0.01007	0.00673	0.00573	0.00385	0.00189	0.00479	0.00337	0.00385	0.00673
40	0.02711	0.01098	0.01456	0.01116	0.01591	0.00984	0.00922	0.08847	0.01847	0.69096	0.02335	0.02032	0.01475	0.00756	0.00615	0.00189	0.00534	0.00610	0.00745	0.01042
41	0.01529	0.06027	0.01495	0.01234	0.01590	0.01577	0.00974	0.03166	0.69168	0.02493	0.02392	0.02205	0.01803	0.00812	0.00609	0.00203	0.00495	0.00670	0.00601	0.00958
42	0.00882	0.00590	0.00670	0.00678	0.00680	0.00588	0.00382	0.00888	0.00906	0.01208	0.02009	0.08106	0.02326	0.74249	0.02986	0.00574	0.00580	0.00937	0.00382	0.00378
43	0.00875	0.00654	0.00977	0.00977	0.01084	0.00761	0.00757	0.01089	0.00982	0.01416	0.01646	0.02439	0.01545	0.06191	0.74483	0.00975	0.01617	0.00661	0.00329	0.00543
44	0.01029	0.00662	0.00870	0.00798	0.00971	0.00605	0.00605	0.01313	0.01734	0.08736	0.68126	0.04357	0.05407	0.01209	0.00713	0.00192	0.00309	0.01065	0.00681	0.00618
45	0.02266	0.01724	0.01837	0.01425	0.01880	0.03853	0.01175	0.66452	0.02730	0.03651	0.01415	0.01452	0.01020	0.00753	0.00696	0.00188	0.05346	0.00546	0.00584	0.01010
46	0.00892	0.00601	0.00696	0.00701	0.00712	0.00607	0.00414	0.00914	0.00912	0.01221	0.01955	0.04007	0.02227	0.71701	0.07273	0.00606	0.00653	0.03144	0.00375	0.00387
47	0.01560	0.01650	0.03318	0.02392	0.02974	0.01605	0.60608	0.11422	0.01621	0.02200	0.01255	0.01617	0.00940	0.00563	0.00749	0.00205	0.03430	0.00693	0.00349	0.00849
48	0.00866	0.00626	0.00818	0.00770	0.00914	0.00578	0.00578	0.01155	0.01733	0.02455	0.74346	0.04572	0.05776	0.01251	0.00722	0.00193	0.00289	0.01107	0.00674	0.00578
49	0.00772	0.00574	0.00719	0.00784	0.00882	0.00522	0.00550	0.00934	0.01359	0.01807	0.21932	0.44841	0.18733	0.01674	0.00755	0.00226	0.00329	0.01489	0.00595	0.00522
50	0.01190	0.01123	0.01897	0.70101	0.10866	0.01369	0.01717	0.01594	0.01240	0.01605	0.01094	0.01621	0.00830	0.00606	0.00611	0.00202	0.00808	0.00544	0.00275	0.00707
51	0.82811	0.01184	0.00900	0.00805	0.01184	0.01373	0.00663	0.01799	0.01042	0.02746	0.00852	0.00994	0.00663	0.00568	0.00379	0.00189	0.00474	0.00331	0.00379	0.00663
52	0.82811	0.01184	0.00900	0.00805	0.01184	0.01373	0.00663	0.01799	0.01042	0.02746	0.00852	0.00994	0.00663	0.00568	0.00379	0.00189	0.00474	0.00331	0.00379	0.00663
53	0.01637	0.78856	0.03208	0.01047	0.01571	0.02422	0.01047	0.01833	0.01244	0.01440	0.00851	0.00982	0.00786	0.00524	0.00393	0.00131	0.00655	0.00327	0.00262	0.00786
54	0.80657	0.01181	0.00924	0.02816	0.01264	0.01373	0.00690	0.01793	0.01047	0.02715	0.00859	0.01011	0.00667	0.00569	0.00385	0.00190	0.00483	0.00337	0.00376	0.00663
55	0.01179	0.01002	0.01411	0.01841	0.20935	0.04445	0.01217	0.01469	0.01410	0.01850	0.02579	0.08248	0.02733	0.01344	0.00765	0.00248	0.00624	0.45542	0.00482	0.00676
56	0.02653	0.01014	0.01371	0.01059	0.01513	0.00881	0.00872	0.02893	0.01725	0.70869	0.02391	0.02095	0.01518	0.00755	0.00605	0.00187	0.00507	0.00613	0.05464	0.01014
57	0.82811	0.01184	0.00900	0.00805	0.01184	0.01373	0.00663	0.01799	0.01042	0.02746	0.00852	0.00994	0.00663	0.00568	0.00379	0.00189	0.00474	0.00331	0.00379	0.00663
58	0.00881	0.00590	0.00670	0.00679	0.00681	0.00588	0.00383	0.00888	0.00907	0.01210	0.02017	0.08508	0.02336	0.73834	0.02974	0.00572	0.00579	0.00942	0.00383	0.00379
59	0.02735	0.01060	0.01432	0.01098	0.01572	0.00927	0.00907	0.04905	0.01783	0.73127	0.02389	0.02067	0.01502	0.00757	0.00615	0.00189	0.00525	0.00614	0.00754	0.01042
60	0.00866	0.00626	0.00818	0.00770	0.00914	0.00578	0.00578	0.01155	0.01733	0.02455	0.74346	0.04572	0.05776	0.01251	0.00722	0.00193	0.00289	0.01107	0.00674	0.00578
61	0.01175	0.01110	0.01859	0.71525	0.06402	0.01384	0.01691	0.01570	0.01218	0.01574	0.01078	0.01616	0.00820	0.00629	0.00669	0.00206	0.03967	0.00544	0.00273	0.00689
62	0.01811	0.08602	0.01921	0.01546	0.01739	0.36911	0.01241	0.01962	0.01339	0.01482	0.00875	0.01198	0.00795	0.00817	0.01186	0.00204	0.34932	0.00451	0.00290	0.00698
63	0.01269	0.01088	0.01269	0.00907	0.01451	0.00816	0.00725	0.01541	0.01269	0.01995	0.01088	0.01269	0.00907	0.00453	0.00453	0.00091	0.00453	0.00363	0.00363	0.82229
64	0.03793	0.01776	0.07138	0.07819	0.03878	0.16378	0.02996	0.24144	0.01925	0.11306	0.03119	0.06337	0.01344	0.00798	0.00647	0.00191	0.02537	0.02534	0.00484	0.00853
65	0.80751	0.01228	0.00921	0.00825	0.01202	0.03283	0.00676	0.01816	0.01059	0.02714	0.00855	0.00997	0.00666	0.00570	0.00383	0.00189	0.00490	0.00333	0.00377	0.00664
66	0.01460	0.01895	0.23239	0.02057	0.06998	0.01342	0.32420	0.01991	0.03070	0.09435	0.05106	0.03657	0.03048	0.00662	0.00664	0.00200	0.00843	0.00680	0.00378	0.00855
67	0.00740	0.00605	0.00654	0.00674	0.00845	0.00519	0.00493	0.00899	0.01387	0.01711	0.11920	0.18382	0.55869	0.01587	0.00733	0.00213	0.00316	0.01353	0.00578	0.00519
68	0.00866	0.00626	0.00818	0.00770	0.00914	0.00578	0.00578	0.01155	0.01733	0.02455	0.74346	0.04572	0.05776	0.01251	0.00722	0.00193	0.00289	0.01107	0.00674	0.00578
69	0.01262	0.01213	0.01761	0.01764	0.11288	0.01582	0.01283	0.01432	0.01026	0.01548	0.01178	0.08962	0.01210	0.01408	0.08524	0.00320	0.52584	0.00666	0.00307	0.00682
70	0.01269	0.01088	0.01269	0.00907	0.01451	0.00816	0.00725	0.01541	0.01269	0.01995	0.01088	0.01269	0.00907	0.00453	0.00453	0.00091	0.00453	0.00363	0.00363	0.82229
71	0.00874	0.00656	0.00984	0.00984	0.01093	0.00765	0.00765	0.01093	0.00984	0.01421	0.01640	0.02405	0.01530	0.04591	0.76062	0.00984	0.01640	0.00656	0.00328	0.00547
72	0.01380	0.01736	0.10677	0.02391	0.03003	0.01471	0.60989	0.01891	0.01413	0.01934	0.01354	0.06260	0.01103	0.00608	0.00712	0.00208	0.00978	0.00757	0.00320	0.00814
73	0.01050	0.00532	0.00794	0.00800	0.00801	0.00530	0.00533	0.00800	0.00814	0.01085	0.01163	0.05137	0.01192	0.02118	0.02323	0.78668	0.00524	0.00584	0.00279	0.00276
74	0.01279	0.01279	0.02385	0.33529	0.18510	0.01359	0.21959	0.01682	0.01319	0.01770	0.01344	0.08276	0.01163	0.00684	0.00657	0.00204	0.00819	0.00700	0.00315	0.00767
75	0.02038	0.01131	0.01503	0.01138	0.01629	0.00987	0.05009	0.05368	0.06206	0.36928	0.01881	0.01875	0.01322	0.00665	0.00572	0.00160	0.00533	0.02051	0.00579	0.28425
76	0.02092	0.02112	0.01713	0.01462	0.01819	0.32482	0.01148	0.25797	0.15370	0.02476	0.01396	0.01460	0.01073	0.00733	0.00686	0.00183	0.06154	0.00511	0.00468	0.00865
77	0.04853	0.01363	0.01602	0.01231	0.01710	0.01383	0.01017	0.35734	0.02262	0.39478	0.01925	0.01763	0.01267	0.00741	0.00607	0.00187	0.00591	0.00577	0.00678	0.01030
78	0.01574	0.50008	0.26076	0.01272	0.01914	0.02011	0.01425	0.01936	0.01290	0.06075	0.01025	0.01148	0.00827	0.00556	0.00466	0.00155	0.00726	0.00385	0.00291	0.00839
79	0.00874	0.00656	0.00984	0.00984	0.01093	0.00765	0.00765	0.01093	0.00984	0.01421	0.01640	0.02405	0.01530	0.04591	0.76062	0.00984	0.01640	0.00656	0.00328	0.00547
80	0.01544	0.01520	0.02857	0.02230	0.07044	0.01498	0.46077	0.02339	0.19550	0.06356	0.01616	0.01827	0.01201	0.00611	0.00684	0.00204	0.00846	0.00698	0.00414	0.00883
81	0.01637	0.78856	0.03208	0.01047	0.01571	0.02422	0.01047	0.01833	0.01244	0.01440	0.00851	0.00982	0.00786	0.00524	0.00393	0.00131	0.00655	0.00327	0.00262	0.00786
82	0.10996	0.07172	0.06392	0.01958	0.02496	0.01607	0.40403	0.05448	0.11156	0.02171	0.01326	0.01576	0.01008	0.00594	0.00669	0.00199	0.03010	0.00617	0.00367	0.00833
83	0.05537	0.01339	0.01715	0.03739	0.03702	0.03116	0.08806	0.24067	0.08539	0.06543	0.17596	0.02247	0.02125	0.00845	0.00755	0.00198	0.07064	0.00693	0.00536	0.00839
84	0.03809	0.01554	0.01870	0.01606	0.08213	0.01667	0.05495	0.49895	0.04147	0.05627	0.03193	0.01827	0.02894	0.00754	0.00621	0.00187	0.00661	0.02518	0.00560	0.02901
85	0.01503	0.01373	0.01430	0.01288	0.03282	0.09445	0.02746	0.06267	0.34111	0.02289	0.05671	0.02533	0.01878	0.00936	0.02465	0.00208	0.00604	0.08092	0.00522	0.13357
86	0.75833	0.01171	0.00945	0.00830	0.01217	0.01332	0.00684	0.01903	0.01104	0.09052	0.00989	0.01089	0.00737	0.00585	0.00399	0.00189	0.00478	0.00356	0.00412	0.00696
87	0.82811	0.01184	0.00900	0.00805	0.01184	0.01373	0.00663	0.01799	0.01042	0.02746	0.00852	0.00994	0.00663	0.00568	0.00379	0.00189	0.00474	0.00331	0.00379	0.00663
88	0.00875	0.00654	0.00974	0.00974	0.01079	0.00760	0.00753	0.01087	0.00981	0.01413	0.01649	0.02456	0.01553	0.06959	0.73725	0.00971	0.01606	0.00663	0.00329	0.00541
89	0.00874	0.00656	0.00984	0.00984	0.01093	0.00765	0.00765	0.01093	0.00984	0.01421	0.01640	0.02405	0.01530	0.04591	0.76062	0.00984	0.01640	0.00656	0.00328	0.00547
90	0.11263	0.01445	0.01635	0.01282	0.01704	0.01582	0.02905	0.41823	0.02211	0.15270	0.01536	0.01563	0.01090	0.00737	0.00678	0.00189	0.06091	0.00542	0.05517	0.00938
91	0.00878	0.00634	0.00789	0.00745	0.00910	0.00572	0.00560	0.01136	0.01659	0.03936	0.57831	0.04804	0.20663	0.01305	0.00720	0.00196	0.00299	0.01136	0.00653	0.00575
92	0.01141	0.00571	0.00571	0.00571	0.00713	0.00571	0.00428	0.01426	0.01284	0.02282	0.01997	0.02282	0.01569	0.00713	0.00428	0.00143	0.00285	0.00571	0.81886	0.00571
93	0.00768	0.00626	0.00682	0.00681	0.00871	0.00540	0.00519	0.00957	0.01464	0.01824	0.19634	0.05689	0.56399	0.01499	0.00731	0.00208	0.00321	0.05464	0.00589	0.00532
94	0.01624	0.75663	0.03153	0.01070	0.01573	0.02400	0.01059	0.01818	0.01231	0.01442	0.00849	0.00997	0.00786	0.00546	0.00459	0.00137	0.03815	0.00336	0.00262	0.00781
95	0.02287	0.02917	0.01735	0.01577	0.01892	0.76030	0.01183	0.02444	0.01735	0.01498	0.00946	0.01104	0.00788	0.00631	0.00552	0.00158	0.01104	0.00394	0.00315	0.00710
96	0.01443	0.01610	0.03361	0.02434	0.02996	0.01568	0.63388	0.02007	0.05794	0.01965	0.01286	0.01669	0.00978	0.00572	0.00802	0.00211	0.06059	0.00708	0.00326	0.00824
97	0.00889	0.00596	0.00681	0.00681	0.00686	0.00601	0.00388	0.00899	0.00894	0.01197	0.01916	0.03937	0.02196	0.75311	0.06251	0.00610	0.00638	0.00880	0.00369	0.00378
98	0.02349	0.01679	0.01815	0.01392	0.01881	0.01846	0.01150	0.68996	0.02819	0.07573	0.01519	0.01502	0.01066	0.00736	0.00613	0.00184	0.00666	0.00554	0.00620	0.01041
99	0.01175	0.01107	0.01870	0.73196	0.07890	0.01365	0.01709	0.01580	0.01233	0.01587	0.01091	0.01626	0.00824	0.00609	0.00612	0.00203	0.00811	0.00544	0.00274	0.00695
100	0.00889	0.00597	0.00683	0.00683	0.00689	0.00602	0.00390	0.00900	0.00895	0.01198	0.01915	0.03927	0.02191	0.74861	0.06696	0.00613	0.00645	0.00879	0.00369	0.00380
101	0.02731	0.01066	0.01436	0.01101	0.01575	0.00936	0.00909	0.05517	0.01793	0.72502	0.02381	0.02061	0.01498	0.00757	0.00615	0.00189	0.00526	0.00613	0.00752	0.01042
102	0.26873	0.15659	0.01670	0.01052	0.01511	0.01518	0.00902	0.15814	0.01647	0.23852	0.01434	0.01409	0.01014	0.00645	0.00497	0.00175	0.00559	0.00457	0.00513	0.02803
103	0.01478	0.01416	0.02417	0.11358	0.67359	0.01445	0.01860	0.01846	0.01376	0.01955	0.01145	0.01527	0.00954	0.00552	0.00607	0.00184	0.00736	0.00545	0.00300	0.00940
104	0.00767	0.00557	0.00758	0.03630	0.01019	0.00534	0.00620	0.00889	0.01180	0.01570	0.03287	0.73447	0.03917	0.01864	0.00777	0.00248	0.00377	0.03494	0.00557	0.00506
105	0.00858	0.00625	0.00807	0.00762	0.00910	0.00574	0.00571	0.01140	0.01714	0.02410	0.70526	0.04646	0.09624	0.01268	0.00722	0.00193	0.00290	0.01117	0.00668	0.00574
106	0.02287	0.02917	0.01735	0.01577	0.01892	0.76030	0.01183	0.02444	0.01735	0.01498	0.00946	0.01104	0.00788	0.00631	0.00552	0.00158	0.01104	0.00394	0.00315	0.00710
107	0.00740	0.00557	0.00686	0.00789	0.00871	0.00503	0.00540	0.00859	0.01233	0.01587	0.04146	0.58375	0.23263	0.01817	0.00766	0.00237	0.00343	0.01618	0.00568	0.00503
108	0.00874	0.00656	0.00984	0.00984	0.01093	0.00765	0.00765	0.01093	0.00984	0.01421	0.01640	0.02405	0.01530	0.04591	0.76062	0.00984	0.01640	0.00656	0.00328	0.00547
109	0.00755	0.00604	0.00681	0.00733	0.00887	0.00530	0.00544	0.00909	0.01335	0.01646	0.05136	0.25802	0.48181	0.01665	0.00751	0.00226	0.00347	0.08183	0.00568	0.00516
110	0.01641	0.01374	0.01451	0.01270	0.01637	0.01578	0.00998	0.13463	0.63160	0.02752	0.02341	0.02164	0.01747	0.00816	0.00621	0.00204	0.00512	0.00671	0.00621	0.00980
111	0.00866	0.00626	0.00818	0.00770	0.00914	0.00578	0.00578	0.01155	0.01733	0.02455	0.74346	0.04572	0.05776	0.01251	0.00722	0.00193	0.00289	0.01107	0.00674	0.00578
112	0.00771	0.00619	0.00688	0.00676	0.00857	0.00536	0.00505	0.00969	0.01500	0.01915	0.28579	0.07507	0.49800	0.01462	0.00725	0.00203	0.00304	0.01244	0.00603	0.00536
113	0.01266	0.01194	0.01988	0.54569	0.22694	0.01392	0.01717	0.01717	0.04249	0.01720	0.01163	0.01628	0.00900	0.00603	0.00611	0.00198	0.00779	0.00550	0.00295	0.00768
114	0.00891	0.00674	0.00996	0.00981	0.01108	0.00767	0.00764	0.01112	0.00996	0.01445	0.01617	0.02358	0.01505	0.04420	0.72947	0.00947	0.01591	0.00644	0.00329	0.03911
115	0.01607	0.73313	0.08488	0.01098	0.01650	0.02349	0.01136	0.01841	0.01247	0.01477	0.00869	0.01005	0.00785	0.00528	0.00407	0.00136	0.00673	0.00336	0.00262	0.00794
116	0.01488	0.04258	0.20186	0.01831	0.04086	0.01298	0.25922	0.02003	0.04399	0.11741	0.01763	0.04615	0.01486	0.00796	0.00676	0.00211	0.00800	0.11193	0.00414	0.00833
117	0.01050	0.00532	0.00794	0.00800	0.00801	0.00530	0.00533	0.00800	0.00813	0.01084	0.01158	0.05001	0.01186	0.02118	0.02326	0.78815	0.00524	0.00581	0.00278	0.00275
118	0.01481	0.48152	0.29034	0.01369	0.02033	0.02023	0.04825	0.01877	0.01271	0.01643	0.00958	0.01124	0.00789	0.00544	0.00476	0.00157	0.00762	0.00391	0.00263	0.00830
119	0.01459	0.01399	0.02382	0.03200	0.55981	0.01389	0.09179	0.04001	0.03099	0.02053	0.03486	0.01939	0.06362	0.00645	0.00630	0.00187	0.00711	0.00636	0.00349	0.00914
120	0.00879	0.00636	0.00884	0.00884	0.00958	0.00711	0.00640	0.01029	0.00954	0.01347	0.01731	0.02912	0.01751	0.28011	0.52943	0.00860	0.01308	0.00730	0.00342	0.00491
121	0.02131	0.01318	0.01524	0.03325	0.01732	0.01402	0.01015	0.20723	0.29301	0.27432	0.02167	0.01991	0.01510	0.00775	0.00617	0.00195	0.00554	0.00626	0.00656	0.01004
122	0.01467	0.01398	0.02391	0.03523	0.67391	0.01394	0.03496	0.01823	0.01390	0.01979	0.01315	0.03890	0.01176	0.00638	0.00625	0.00189	0.00716	0.03943	0.00323	0.00934
123	0.01228	0.03166	0.75316	0.01745	0.02649	0.01422	0.02262	0.01939	0.01292	0.01939	0.01099	0.01292	0.00775	0.00582	0.00582	0.00194	0.00905	0.00452	0.00258	0.00905
124	0.00757	0.00580	0.00695	0.00764	0.00878	0.00519	0.00542	0.00905	0.01321	0.01696	0.11734	0.41203	0.30828	0.01704	0.00755	0.00228	0.00337	0.03459	0.00579	0.00515
125	0.01324	0.06043	0.66098	0.01683	0.02526	0.04167	0.02108	0.02013	0.03369	0.03503	0.01151	0.01319	0.00823	0.00592	0.00575	0.00190	0.00882	0.00456	0.00282	0.00898
126	0.01455	0.22478	0.47510	0.01557	0.02316	0.01673	0.04919	0.04137	0.01359	0.05632	0.01120	0.01274	0.00831	0.00578	0.00542	0.00178	0.00819	0.00443	0.00298	0.00882
127	0.00795	0.00578	0.00758	0.00883	0.00946	0.00551	0.00620	0.00972	0.03299	0.01642	0.05039	0.64623	0.06132	0.01836	0.00780	0.00248	0.00378	0.08826	0.00572	0.00520
128	0.01948	0.16245	0.09922	0.01635	0.02090	0.45201	0.10828	0.02218	0.01563	0.01596	0.00984	0.01175	0.00805	0.00591	0.00550	0.00163	0.00994	0.00432	0.00299	0.00759
129	0.00808	0.00586	0.00772	0.00872	0.00957	0.00550	0.00638	0.00981	0.01327	0.01772	0.15846	0.47646	0.09033	0.01737	0.00779	0.00242	0.00378	0.13966	0.00586	0.00524
130	0.07682	0.02180	0.01711	0.01434	0.01835	0.33767	0.01130	0.34794	0.05174	0.02714	0.01245	0.01314	0.00941	0.00683	0.00571	0.00174	0.00838	0.00475	0.00469	0.00870
131	0.00891	0.00652	0.00853	0.00874	0.01025	0.00614	0.00704	0.01162	0.01584	0.02151	0.42350	0.05517	0.12887	0.01435	0.00764	0.00225	0.00385	0.24739	0.00624	0.00566
132	0.03205	0.07029	0.33844	0.01878	0.06627	0.09467	0.16926	0.02032	0.01420	0.07164	0.03854	0.01513	0.01054	0.00604	0.00602	0.00188	0.00869	0.00535	0.00332	0.00856
133	0.02287	0.02917	0.01735	0.01577	0.01892	0.76030	0.01183	0.02444	0.01735	0.01498	0.00946	0.01104	0.00788	0.00631	0.00552	0.00158	0.01104	0.00394	0.00315	0.00710
134	0.00889	0.00595	0.00677	0.00674	0.00683	0.00592	0.00383	0.00906	0.00941	0.01264	0.06335	0.04040	0.02441	0.73788	0.02970	0.00569	0.00575	0.00903	0.00389	0.00383
135	0.01523	0.01315	0.01384	0.01246	0.01592	0.01523	0.00969	0.03253	0.73563	0.02561	0.02491	0.02284	0.01869	0.00830	0.00623	0.00208	0.00484	0.00692	0.00623	0.00969
136	0.08448	0.03662	0.09328	0.05951	0.01930	0.15192	0.03489	0.13543	0.18340	0.05561	0.05247	0.03734	0.01442	0.00746	0.00590	0.00189	0.00702	0.00588	0.00473	0.00845
137	0.01860	0.01376	0.01496	0.01243	0.01637	0.01519	0.00995	0.28784	0.34477	0.09204	0.06317	0.02225	0.04392	0.00839	0.00628	0.00196	0.00540	0.00679	0.00631	0.00963
138	0.00728	0.00615	0.00630	0.00638	0.00833	0.00517	0.00474	0.00884	0.01390	0.01667	0.07665	0.10252	0.68491	0.01565	0.00727	0.00209	0.00312	0.01315	0.00571	0.00517
139	0.15229	0.01168	0.01622	0.10778	0.03453	0.01240	0.12517	0.11946	0.06476	0.02435	0.16650	0.02622	0.07658	0.00854	0.00628	0.00199	0.00594	0.02708	0.00483	0.00742
140	0.12452	0.01476	0.01399	0.01341	0.06311	0.12455	0.00963	0.10430	0.26856	0.02346	0.04819	0.02072	0.01578	0.09984	0.00911	0.00240	0.02465	0.00611	0.00486	0.00803
141	0.00957	0.00646	0.00847	0.00786	0.00946	0.00593	0.00593	0.01244	0.01734	0.05968	0.70867	0.04452	0.05570	0.01228	0.00717	0.00192	0.00300	0.01083	0.00678	0.00600
142	0.01245	0.04606	0.70931	0.01765	0.02651	0.01447	0.05129	0.01937	0.01298	0.01930	0.01099	0.01301	0.00782	0.00578	0.00584	0.00193	0.00905	0.00461	0.00261	0.00899
143	0.01320	0.01227	0.02161	0.46662	0.19973	0.01370	0.10256	0.01721	0.01312	0.04112	0.01226	0.01774	0.00965	0.00621	0.00631	0.00201	0.00805	0.02583	0.00308	0.00772
144	0.02268	0.05079	0.01777	0.01562	0.01883	0.73935	0.01179	0.02427	0.01721	0.01496	0.00943	0.01100	0.00788	0.00628	0.00547	0.00157	0.01091	0.00392	0.00314	0.00712
145	0.00743	0.00616	0.00652	0.00665	0.00852	0.00525	0.00498	0.00906	0.01397	0.01700	0.10008	0.11922	0.62017	0.01568	0.00732	0.00212	0.00321	0.03573	0.00575	0.00520
146	0.02157	0.02713	0.01857	0.01636	0.01957	0.66096	0.06340	0.02341	0.01666	0.01529	0.00979	0.01184	0.00817	0.00735	0.02465	0.00185	0.03886	0.00430	0.00314	0.00713
147	0.01464	0.22410	0.43827	0.01487	0.02207	0.01616	0.03738	0.02012	0.03417	0.08004	0.03573	0.01424	0.01039	0.00609	0.00545	0.00178	0.00779	0.00470	0.00327	0.00874
148	0.00935	0.00685	0.00914	0.01020	0.01172	0.00665	0.00873	0.01195	0.01426	0.01840	0.08068	0.06592	0.15644	0.01640	0.00817	0.00264	0.00504	0.54617	0.00571	0.00557
149	0.00777	0.00548	0.00709	0.00826	0.00858	0.00519	0.00543	0.00869	0.01128	0.01502	0.03114	0.63229	0.03712	0.15504	0.01197	0.00311	0.00402	0.03241	0.00533	0.00476
150	0.06592	0.01547	0.03142	0.02285	0.02843	0.01488	0.58062	0.03764	0.01457	0.05406	0.01350	0.01844	0.01051	0.00600	0.00729	0.00209	0.02779	0.03686	0.00352	0.00816
151	0.01133	0.00952	0.01300	0.01178	0.01351	0.01118	0.03832	0.04765	0.12840	0.01763	0.01939	0.02509	0.05725	0.04989	0.37864	0.00609	0.12678	0.02395	0.00400	0.00661
152	0.01407	0.01591	0.03456	0.02487	0.03075	0.01492	0.68585	0.01901	0.01430	0.01939	0.01353	0.05757	0.01096	0.00591	0.00726	0.00209	0.00996	0.00777	0.00323	0.00808
153	0.01637	0.01386	0.01655	0.01416	0.01590	0.10855	0.02904	0.05438	0.01285	0.12881	0.01277	0.01646	0.01068	0.01625	0.15985	0.00376	0.35307	0.00559	0.00379	0.00731
154	0.01203	0.01091	0.01428	0.01287	0.01327	0.03768	0.01019	0.01320	0.01025	0.03043	0.01576	0.13756	0.03561	0.09389	0.07503	0.02315	0.43653	0.00786	0.00350	0.00598
155	0.05035	0.01510	0.01624	0.01290	0.01710	0.01661	0.01047	0.54587	0.06915	0.05615	0.01673	0.04021	0.01328	0.06349	0.00794	0.00219	0.00632	0.02452	0.00589	0.00947
156	0.01165	0.01097	0.01852	0.75189	0.05973	0.01362	0.01704	0.01572	0.01228	0.01575	0.01090	0.01629	0.00820	0.00610	0.00612	0.00203	0.00814	0.00544	0.00273	0.00687
157	0.37922	0.01569	0.01363	0.01145	0.01526	0.13103	0.00927	0.18213	0.01642	0.10714	0.01178	0.01262	0.00872	0.00668	0.00587	0.00188	0.05430	0.00436	0.00457	0.00799
158	0.01282	0.01185	0.01805	0.49898	0.05986	0.03718	0.05040	0.05985	0.05312	0.01817	0.01469	0.04353	0.01255	0.00768	0.00644	0.00210	0.00768	0.07433	0.00353	0.00720
159	0.01228	0.03166	0.75316	0.01745	0.02649	0.01422	0.02262	0.01939	0.01292	0.01939	0.01099	0.01292	0.00775	0.00582	0.00582	0.00194	0.00905	0.00452	0.00258	0.00905
160	0.11863	0.06050	0.06028	0.01155	0.01643	0.01281	0.01012	0.14612	0.05324	0.41947	0.01899	0.01745	0.01262	0.00710	0.00572	0.00186	0.00571	0.00547	0.00621	0.00970
161	0.01135	0.01014	0.01690	0.66579	0.03749	0.01246	0.01539	0.01461	0.01180	0.01509	0.01205	0.01757	0.02564	0.00806	0.00817	0.09511	0.00772	0.00560	0.00278	0.00629
162	0.01607	0.71280	0.03077	0.01102	0.01575	0.02369	0.01076	0.01798	0.01214	0.01443	0.00846	0.01017	0.00787	0.00577	0.00551	0.00144	0.08152	0.00348	0.00262	0.00774
163	0.00862	0.00631	0.00891	0.00912	0.00997	0.00698	0.00676	0.01031	0.01011	0.01415	0.02036	0.11843	0.03576	0.16410	0.51309	0.00796	0.01255	0.02766	0.00375	0.00511
164	0.02402	0.02447	0.01656	0.01455	0.01810	0.57184	0.01112	0.02579	0.01739	0.19959	0.01315	0.01350	0.00971	0.00663	0.00568	0.00166	0.00958	0.00450	0.00426	0.00793
165	0.00745	0.00536	0.00707	0.00843	0.00885	0.00498	0.00564	0.00853	0.01181	0.01566	0.03490	0.75114	0.06947	0.01903	0.00779	0.00247	0.00353	0.01722	0.00568	0.00498
166	0.00742	0.00547	0.00695	0.00813	0.00878	0.00500	0.00551	0.00857	0.01209	0.01578	0.03848	0.65975	0.15856	0.01856	0.00772	0.00242	0.00348	0.01665	0.00568	0.00500
167	0.00970	0.00963	0.06373	0.03567	0.01391	0.02691	0.06865	0.03226	0.03418	0.01807	0.09887	0.46383	0.07065	0.01479	0.00733	0.00227	0.00490	0.01340	0.00521	0.00603
168	0.01690	0.70779	0.03029	0.01067	0.01575	0.04125	0.01040	0.04041	0.01331	0.03656	0.02430	0.01106	0.00917	0.00555	0.00417	0.00136	0.00655	0.00360	0.00297	0.00795
169	0.02287	0.02917	0.01735	0.01577	0.01892	0.76030	0.01183	0.02444	0.01735	0.01498	0.00946	0.01104	0.00788	0.00631	0.00552	0.00158	0.01104	0.00394	0.00315	0.00710
170	0.02204	0.02775	0.01751	0.01654	0.04867	0.69793	0.01205	0.02371	0.01688	0.01517	0.00968	0.01155	0.00813	0.00726	0.02293	0.00180	0.02603	0.00409	0.00314	0.00716
171	0.04155	0.01501	0.01557	0.02805	0.01701	0.06820	0.01012	0.39881	0.07548	0.12943	0.03375	0.01996	0.03583	0.07335	0.00821	0.00220	0.00641	0.00617	0.00578	0.00912
172	0.00874	0.00656	0.00984	0.00984	0.01093	0.00765	0.00765	0.01093	0.00984	0.01421	0.01640	0.02405	0.01530	0.04591	0.76062	0.00984	0.01640	0.00656	0.00328	0.00547
173	0.00842	0.00625	0.00785	0.00745	0.00900	0.00567	0.00559	0.01109	0.01676	0.02320	0.62919	0.04794	0.17287	0.01302	0.00722	0.00195	0.00292	0.01138	0.00656	0.00567
174	0.03911	0.01302	0.02631	0.01974	0.02410	0.01233	0.47504	0.01646	0.01363	0.01891	0.06148	0.10900	0.01780	0.05468	0.00920	0.02863	0.00826	0.04143	0.00378	0.00710
175	0.01562	0.01590	0.01698	0.26953	0.08796	0.18440	0.01347	0.04069	0.20475	0.01925	0.01572	0.01989	0.01271	0.00737	0.00615	0.00197	0.00768	0.04804	0.00404	0.00790
176	0.01034	0.00543	0.00781	0.00779	0.00784	0.00541	0.00511	0.00821	0.00839	0.01123	0.03430	0.02232	0.01364	0.12340	0.02438	0.68729	0.00532	0.00597	0.00292	0.00289
177	0.02271	0.01660	0.01777	0.01369	0.01842	0.01835	0.01129	0.69246	0.02802	0.03783	0.01495	0.01508	0.01066	0.00734	0.00604	0.00182	0.00655	0.00552	0.04472	0.01019
178	0.00747	0.00591	0.00675	0.00730	0.00868	0.00518	0.00525	0.00895	0.01330	0.01667	0.08592	0.32689	0.42528	0.01676	0.00749	0.00224	0.00333	0.03576	0.00574	0.00514
179	0.01349	0.00824	0.00988	0.00904	0.01145	0.00793	0.00703	0.07879	0.06002	0.15014	0.17214	0.14635	0.17164	0.01240	0.00684	0.00205	0.00408	0.05700	0.06451	0.00699
180	0.01439	0.01635	0.03519	0.02528	0.03114	0.01565	0.68652	0.01935	0.01418	0.01935	0.01215	0.01635	0.00922	0.00546	0.00791	0.00210	0.05105	0.00712	0.00307	0.00817
181	0.00747	0.00623	0.00654	0.00661	0.00856	0.00530	0.00501	0.00917	0.01415	0.01718	0.10852	0.07408	0.64514	0.01544	0.00731	0.00210	0.00322	0.04699	0.00576	0.00523
182	0.00908	0.00658	0.00788	0.00792	0.00929	0.00622	0.00572	0.01174	0.05774	0.03748	0.24675	0.18992	0.20167	0.12659	0.01079	0.00270	0.00382	0.04678	0.00579	0.00553
183	0.00967	0.00644	0.00831	0.00777	0.00930	0.00592	0.00576	0.01221	0.01641	0.06515	0.59853	0.06700	0.08136	0.06850	0.00891	0.00224	0.00327	0.01090	0.00649	0.00584
184	0.00762	0.00650	0.00659	0.00652	0.00862	0.00562	0.00490	0.00989	0.04508	0.01717	0.08127	0.05696	0.69201	0.01510	0.00719	0.00206	0.00317	0.01260	0.00574	0.00538
185	0.01088	0.00779	0.00918	0.00891	0.01094	0.00766	0.00678	0.01589	0.15569	0.07544	0.20388	0.17737	0.20958	0.01357	0.00714	0.00215	0.00381	0.06058	0.00618	0.00659
186	0.06261	0.00865	0.01039	0.00890	0.01178	0.00814	0.00695	0.07092	0.01637	0.26073	0.19384	0.07226	0.14166	0.05133	0.00775	0.00215	0.00427	0.00886	0.04499	0.00744
187	0.01642	0.01288	0.01388	0.01230	0.01589	0.01462	0.00962	0.03226	0.66562	0.09632	0.02484	0.02264	0.01834	0.00823	0.00622	0.00206	0.00488	0.00685	0.00636	0.00976
188	0.06238	0.01233	0.01275	0.01140	0.01469	0.01410	0.00891	0.07272	0.55232	0.02615	0.02266	0.02158	0.01707	0.00794	0.00582	0.00196	0.00469	0.00646	0.11506	0.00902
189	0.01513	0.01083	0.01216	0.01059	0.01359	0.01144	0.00828	0.17434	0.21504	0.09172	0.14197	0.08078	0.11721	0.04253	0.00767	0.00219	0.00474	0.02553	0.00619	0.00806
190	0.00812	0.00617	0.00753	0.00795	0.00920	0.00572	0.00573	0.01053	0.04371	0.01880	0.23583	0.34475	0.22187	0.01590	0.00746	0.00222	0.00337	0.03368	0.00599	0.00546
191	0.01445	0.01651	0.03612	0.02580	0.03199	0.01548	0.72446	0.01961	0.01445	0.01961	0.01238	0.01651	0.00929	0.00516	0.00722	0.00206	0.01032	0.00722	0.00310	0.00826
192	0.00901	0.00635	0.00820	0.00768	0.00924	0.00581	0.00578	0.01180	0.01713	0.04061	0.68566	0.04596	0.09850	0.01258	0.00720	0.00193	0.00295	0.01107	0.00669	0.00584
193	0.00888	0.00659	0.00933	0.00929	0.01009	0.00753	0.00690	0.01054	0.00966	0.01374	0.01720	0.04495	0.01722	0.20709	0.56129	0.00860	0.03529	0.00729	0.00341	0.00510
194	0.00890	0.00593	0.00668	0.00668	0.00668	0.00593	0.00371	0.00890	0.00890	0.01187	0.01929	0.04006	0.02225	0.78487	0.03116	0.00593	0.00593	0.00890	0.00371	0.00371
195	0.00859	0.00620	0.00812	0.00775	0.00913	0.00573	0.00577	0.01138	0.01700	0.02403	0.70229	0.08837	0.05676	0.01290	0.00725	0.00196	0.00293	0.01144	0.00668	0.00573
196	0.01190	0.01123	0.01898	0.70023	0.10941	0.01369	0.01717	0.01594	0.01240	0.01606	0.01094	0.01621	0.00831	0.00606	0.00611	0.00202	0.00808	0.00544	0.00275	0.00708
197	0.01475	0.01414	0.02413	0.11879	0.66858	0.01444	0.01859	0.01844	0.01375	0.01951	0.01144	0.01528	0.00953	0.00553	0.00607	0.00184	0.00737	0.00545	0.00300	0.00938
198	0.00746	0.00533	0.00710	0.00852	0.00888	0.00497	0.00568	0.00852	0.01172	0.01563	0.03374	0.78088	0.04049	0.01918	0.00781	0.00249	0.00355	0.01740	0.00568	0.00497
199	0.00890	0.00593	0.00668	0.00668	0.00668	0.00593	0.00371	0.00890	0.00890	0.01187	0.01929	0.04006	0.02225	0.78487	0.03116	0.00593	0.00593	0.00890	0.00371	0.00371
200	0.01457	0.36552	0.40113	0.01429	0.02139	0.05296	0.01676	0.01915	0.01291	0.01698	0.00982	0.01147	0.00780	0.00558	0.00497	0.00164	0.00803	0.00394	0.00263	0.00843
201	0.00906	0.00691	0.00840	0.00791	0.00965	0.00658	0.00597	0.01311	0.08569	0.02334	0.56330	0.04568	0.16605	0.01260	0.00713	0.00196	0.00311	0.01097	0.00652	0.00605
202	0.01505	0.01444	0.02467	0.05779	0.72725	0.01452	0.01874	0.01870	0.01389	0.01988	0.01150	0.01518	0.00965	0.00547	0.00606	0.00182	0.00730	0.00545	0.00302	0.00962
203	0.01823	0.09367	0.01816	0.01296	0.01751	0.12371	0.04077	0.24894	0.11536	0.02532	0.01420	0.03399	0.01131	0.00668	0.00556	0.00159	0.00666	0.00519	0.00464	0.19555
204	0.26591	0.01513	0.01412	0.04290	0.01672	0.09060	0.00969	0.25044	0.11975	0.05806	0.04911	0.01584	0.01255	0.00708	0.00542	0.00188	0.00611	0.00517	0.00508	0.00845
205	0.18596	0.01403	0.01694	0.14379	0.15200	0.03477	0.01250	0.24014	0.03608	0.02614	0.01213	0.01453	0.00937	0.00805	0.02953	0.02198	0.02445	0.00505	0.00418	0.00836
206	0.05904	0.01176	0.01513	0.06258	0.08096	0.01234	0.02739	0.18159	0.01548	0.02251	0.01329	0.01766	0.01133	0.06195	0.16800	0.00364	0.04342	0.00544	0.00399	0.18251
207	0.03413	0.01402	0.01883	0.25354	0.14779	0.01558	0.01416	0.29990	0.03830	0.08301	0.01385	0.01587	0.01010	0.00666	0.00607	0.00191	0.00706	0.00552	0.00461	0.00907

[dist]
# distance from previous block
# <min> <max>
0	5

# created by:
# /home/cegg/simao/soft/augustus-3.2.1/scripts/msa2prfl.pl ./align_prep/EOG090W0CBB.fa
