[name]
unknown

[dist]
# distance from previous block
# <min> <max>
0	10

[block]
# block no. 0 follows, 39 sequences, length 89
# corresponding to MSA columns:
# 10-98
name=unknown_A
#
# <colnr> <probs for GDERKNQSTAVLIFYWHMCP>
#	G	D	E	R	K	N	Q	S	T	A	V	L	I	F	Y	W	H	M	C	P
0	0.02099	0.01674	0.01674	0.01348	0.01767	0.09635	0.01105	0.57341	0.04121	0.03265	0.01557	0.01917	0.01234	0.00792	0.00608	0.00185	0.00680	0.07516	0.00557	0.00925
1	0.66587	0.01129	0.01128	0.00963	0.01321	0.01261	0.08315	0.01665	0.01060	0.02460	0.01103	0.08700	0.00990	0.00672	0.00439	0.00190	0.00503	0.00494	0.00377	0.00641
2	0.00794	0.00706	0.00921	0.00837	0.01070	0.00617	0.07688	0.00991	0.01354	0.01645	0.05216	0.05391	0.60365	0.01414	0.00711	0.00207	0.00394	0.08620	0.00524	0.00533
3	0.02528	0.01047	0.01378	0.01074	0.01520	0.00950	0.00882	0.04499	0.08886	0.67074	0.02320	0.02019	0.01487	0.00738	0.00595	0.00185	0.00503	0.00601	0.00716	0.00999
4	0.05370	0.00924	0.01075	0.01084	0.08430	0.00886	0.00751	0.12662	0.01601	0.08846	0.07648	0.03825	0.39865	0.01113	0.00637	0.00187	0.00424	0.00921	0.00537	0.03213
5	0.02336	0.09053	0.01627	0.01155	0.01592	0.09228	0.00954	0.12531	0.08484	0.43968	0.01915	0.01744	0.01288	0.00700	0.00567	0.00175	0.00593	0.00543	0.00608	0.00942
6	0.01115	0.01002	0.01653	0.70185	0.03740	0.01239	0.01521	0.01498	0.01188	0.01579	0.01138	0.01639	0.00860	0.00601	0.00574	0.00191	0.00738	0.00528	0.08365	0.00647
7	0.00867	0.00742	0.00784	0.00892	0.00953	0.08004	0.00607	0.00975	0.01186	0.01504	0.03028	0.71169	0.03601	0.01730	0.00733	0.00232	0.00414	0.01553	0.00525	0.00501
8	0.17711	0.01129	0.01275	0.01019	0.01431	0.01129	0.00835	0.16772	0.03760	0.37467	0.02249	0.02086	0.09022	0.00775	0.00562	0.00184	0.00502	0.00601	0.00611	0.00881
9	0.01332	0.11003	0.61108	0.01582	0.02378	0.01521	0.01957	0.08925	0.01395	0.02005	0.01071	0.01234	0.00775	0.00571	0.00546	0.00180	0.00826	0.00434	0.00284	0.00875
10	0.01225	0.10597	0.68955	0.01619	0.02457	0.01469	0.02069	0.01863	0.01244	0.01825	0.01038	0.01219	0.00750	0.00556	0.00544	0.00181	0.00850	0.00425	0.00250	0.00863
11	0.01078	0.00998	0.01667	0.70212	0.03756	0.01232	0.01535	0.01443	0.01178	0.01511	0.01269	0.09188	0.01096	0.00716	0.00607	0.00201	0.00744	0.00639	0.00291	0.00640
12	0.01402	0.01326	0.02242	0.03346	0.68173	0.01322	0.01691	0.01746	0.01379	0.01975	0.08413	0.01755	0.01394	0.00594	0.00597	0.00177	0.00661	0.00580	0.00328	0.00899
13	0.09479	0.01104	0.01382	0.01069	0.01521	0.01035	0.00883	0.12070	0.01777	0.60206	0.02084	0.01845	0.01334	0.00713	0.00575	0.00182	0.00519	0.00563	0.00682	0.00975
14	0.01035	0.00517	0.00749	0.00749	0.00762	0.00517	0.00504	0.00830	0.00817	0.01143	0.01116	0.01838	0.01075	0.01920	0.02124	0.74650	0.00490	0.00517	0.08360	0.00286
15	0.01228	0.01111	0.01774	0.70265	0.03852	0.01365	0.01591	0.08609	0.01340	0.01729	0.01087	0.01561	0.00810	0.00603	0.00591	0.00195	0.00775	0.00526	0.00295	0.00691
16	0.01487	0.01353	0.02186	0.03138	0.60418	0.01371	0.01656	0.08821	0.01489	0.02092	0.01356	0.02009	0.01204	0.00662	0.00611	0.00186	0.00681	0.08029	0.00349	0.00902
17	0.01421	0.52664	0.13104	0.01138	0.01607	0.01971	0.01163	0.01684	0.01224	0.01560	0.08181	0.01369	0.01234	0.00639	0.00602	0.00155	0.08818	0.00429	0.00292	0.00744
18	0.01322	0.09006	0.01938	0.01499	0.01549	0.01863	0.01266	0.01457	0.00935	0.01420	0.00781	0.01260	0.00775	0.00983	0.01787	0.00246	0.70498	0.00498	0.00258	0.00658
19	0.01188	0.01007	0.01183	0.00863	0.01350	0.00766	0.00687	0.01452	0.01270	0.01971	0.08358	0.01541	0.01339	0.00514	0.00464	0.00097	0.00422	0.00421	0.00380	0.74726
20	0.00902	0.00647	0.00774	0.00749	0.00753	0.00703	0.00468	0.00925	0.00869	0.01184	0.01743	0.03545	0.01984	0.68065	0.06311	0.00560	0.08262	0.00816	0.00347	0.00395
21	0.79876	0.01138	0.00891	0.00790	0.01160	0.01307	0.00650	0.01788	0.01036	0.05846	0.00889	0.01007	0.00676	0.00557	0.00376	0.00183	0.00459	0.00332	0.00382	0.00656
22	0.00860	0.00573	0.00645	0.00645	0.00645	0.00573	0.00358	0.00860	0.00860	0.01147	0.01863	0.03870	0.02150	0.79217	0.03010	0.00573	0.00573	0.00860	0.00358	0.00358
23	0.00904	0.00675	0.00848	0.00793	0.00953	0.00654	0.00598	0.01330	0.09362	0.02382	0.67525	0.04184	0.05181	0.01166	0.00687	0.00188	0.00299	0.01027	0.00646	0.00598
24	0.02653	0.01006	0.01372	0.01052	0.01510	0.00869	0.00869	0.02882	0.01693	0.75937	0.02333	0.02013	0.01464	0.00732	0.00595	0.00183	0.00503	0.00595	0.00732	0.01006
25	0.01162	0.01125	0.01984	0.66421	0.07265	0.01337	0.09228	0.01565	0.01213	0.01571	0.01069	0.01573	0.00807	0.00578	0.00602	0.00196	0.00806	0.00544	0.00268	0.00685
26	0.01226	0.01051	0.01226	0.00876	0.01401	0.00788	0.00701	0.01489	0.01226	0.01927	0.01051	0.01226	0.00876	0.00438	0.00438	0.00088	0.00438	0.00350	0.00350	0.82832
27	0.01780	0.01171	0.01341	0.01125	0.01475	0.01239	0.00912	0.25511	0.17752	0.16185	0.12158	0.02708	0.03713	0.00905	0.00628	0.00193	0.00507	0.07286	0.02546	0.00865
28	0.01439	0.01380	0.02356	0.08830	0.70518	0.01399	0.01803	0.01794	0.01335	0.01903	0.01108	0.01472	0.00926	0.00531	0.00586	0.00177	0.00709	0.00527	0.00291	0.00917
29	0.06103	0.02620	0.01637	0.01466	0.01789	0.66523	0.01111	0.07046	0.01717	0.03376	0.00976	0.01107	0.00788	0.00616	0.00531	0.00156	0.00997	0.00393	0.00336	0.00712
30	0.01420	0.00985	0.01221	0.00950	0.01379	0.00809	0.02150	0.01737	0.05474	0.15003	0.01693	0.13205	0.01494	0.00727	0.00528	0.00136	0.00448	0.00621	0.00461	0.49559
31	0.01581	0.79572	0.03099	0.01012	0.01518	0.02340	0.01012	0.01771	0.01202	0.01391	0.00822	0.00949	0.00759	0.00506	0.00379	0.00126	0.00632	0.00316	0.00253	0.00759
32	0.79572	0.01166	0.00956	0.00834	0.01209	0.01342	0.02533	0.03248	0.01054	0.02656	0.00846	0.00987	0.00655	0.00551	0.00379	0.00183	0.00475	0.00334	0.00369	0.00652
33	0.01776	0.01453	0.01507	0.01270	0.01654	0.03585	0.01011	0.29036	0.46167	0.02908	0.02004	0.01887	0.01484	0.00763	0.00596	0.00191	0.00551	0.00611	0.00590	0.00955
34	0.00810	0.00537	0.00718	0.00834	0.00888	0.00498	0.00564	0.00918	0.01158	0.04942	0.03217	0.75288	0.03798	0.01801	0.00747	0.00238	0.00350	0.01631	0.00557	0.00505
35	0.02165	0.02746	0.01682	0.01525	0.01815	0.73255	0.01150	0.02317	0.01639	0.01446	0.00908	0.01077	0.00762	0.00630	0.00601	0.00157	0.04751	0.00387	0.00303	0.00684
36	0.00720	0.00519	0.00682	0.00813	0.00855	0.00481	0.00544	0.00825	0.01142	0.01514	0.03385	0.75458	0.07203	0.01836	0.00752	0.00238	0.00341	0.01661	0.00549	0.00481
37	0.00953	0.00681	0.00953	0.01089	0.01225	0.00681	0.00953	0.01225	0.01361	0.01770	0.03131	0.06671	0.03403	0.01634	0.00817	0.00272	0.00545	0.71547	0.00545	0.00545
38	0.01690	0.01700	0.01370	0.01207	0.01526	0.25995	0.00933	0.15633	0.20816	0.02198	0.04325	0.02431	0.15929	0.00870	0.00599	0.00180	0.00660	0.00674	0.00493	0.00771
39	0.01027	0.00514	0.00770	0.00770	0.00770	0.00514	0.00514	0.00770	0.00770	0.01027	0.01027	0.01798	0.01027	0.02054	0.02311	0.82794	0.00514	0.00514	0.00257	0.00257
40	0.01208	0.02904	0.68477	0.01771	0.02616	0.01386	0.09705	0.01875	0.01264	0.01875	0.01076	0.01285	0.00765	0.00555	0.00576	0.00189	0.00887	0.00465	0.00255	0.00866
41	0.01102	0.00551	0.00551	0.00551	0.00689	0.00551	0.00413	0.01378	0.01240	0.02205	0.01929	0.02205	0.01516	0.00689	0.00413	0.00138	0.00276	0.00551	0.82500	0.00551
42	0.02431	0.01112	0.01370	0.01082	0.01510	0.03352	0.00882	0.06967	0.09425	0.58799	0.02228	0.01976	0.01453	0.00733	0.00586	0.00182	0.00517	0.00591	0.03833	0.00971
43	0.00699	0.00599	0.00599	0.00599	0.00799	0.00499	0.00449	0.00849	0.01348	0.01598	0.05991	0.05691	0.75288	0.01498	0.00699	0.00200	0.00300	0.01248	0.00549	0.00499
44	0.01226	0.01051	0.01226	0.00876	0.01401	0.00788	0.00701	0.01489	0.01226	0.01927	0.01051	0.01226	0.00876	0.00438	0.00438	0.00088	0.00438	0.00350	0.00350	0.82832
45	0.83394	0.01144	0.00869	0.00778	0.01144	0.01327	0.00640	0.01738	0.01006	0.02653	0.00823	0.00961	0.00640	0.00549	0.00366	0.00183	0.00457	0.00320	0.00366	0.00640
46	0.01439	0.01368	0.02276	0.03339	0.67698	0.01340	0.01697	0.01781	0.01334	0.01932	0.01106	0.01439	0.00930	0.00518	0.00570	0.00166	0.00675	0.00508	0.00299	0.09587
47	0.01453	0.01394	0.02381	0.05949	0.73294	0.01402	0.01810	0.01805	0.01341	0.01919	0.01110	0.01467	0.00932	0.00529	0.00586	0.00176	0.00705	0.00527	0.00292	0.00928
48	0.61136	0.01276	0.01108	0.00934	0.01327	0.01458	0.00769	0.19972	0.02970	0.02922	0.01007	0.01103	0.00757	0.00595	0.00428	0.00182	0.00507	0.00381	0.00428	0.00739
49	0.01471	0.01270	0.01337	0.01203	0.01538	0.01471	0.00936	0.03142	0.74459	0.02474	0.02407	0.02206	0.01805	0.00802	0.00602	0.00201	0.00468	0.00669	0.00602	0.00936
50	0.01217	0.00978	0.01142	0.00845	0.01298	0.00755	0.00659	0.01446	0.01211	0.04633	0.01413	0.01741	0.04465	0.08819	0.00728	0.00148	0.00448	0.00455	0.00375	0.67224
51	0.01027	0.00514	0.00770	0.00770	0.00770	0.00514	0.00514	0.00770	0.00770	0.01027	0.01027	0.01798	0.01027	0.02054	0.02311	0.82794	0.00514	0.00514	0.00257	0.00257
52	0.01186	0.03059	0.76153	0.01686	0.02560	0.01373	0.02185	0.01873	0.01249	0.01873	0.01061	0.01249	0.00749	0.00562	0.00562	0.00187	0.00874	0.00437	0.00250	0.00874
53	0.76502	0.01209	0.02994	0.00828	0.01214	0.01332	0.00704	0.04017	0.01086	0.04553	0.00888	0.01010	0.00676	0.00559	0.00384	0.00183	0.00476	0.00337	0.00379	0.00668
54	0.83394	0.01144	0.00869	0.00778	0.01144	0.01327	0.00640	0.01738	0.01006	0.02653	0.00823	0.00961	0.00640	0.00549	0.00366	0.00183	0.00457	0.00320	0.00366	0.00640
55	0.01037	0.00861	0.01139	0.01076	0.01210	0.03177	0.05643	0.08499	0.01371	0.01844	0.10217	0.47843	0.03183	0.01458	0.00837	0.00224	0.08004	0.01279	0.00511	0.00587
56	0.00845	0.00634	0.00950	0.00950	0.01056	0.00739	0.00739	0.01056	0.00950	0.01373	0.01584	0.02323	0.01478	0.04435	0.76873	0.00950	0.01584	0.00634	0.00317	0.00528
57	0.01450	0.01418	0.02289	0.13119	0.63241	0.04526	0.01765	0.01798	0.01339	0.01858	0.01096	0.01462	0.00910	0.00539	0.00584	0.00177	0.00729	0.00521	0.00289	0.00890
58	0.00744	0.00536	0.00710	0.00841	0.00894	0.00502	0.00587	0.00867	0.01166	0.01541	0.03372	0.67835	0.07150	0.01813	0.00759	0.00242	0.00362	0.09041	0.00549	0.00488
59	0.01117	0.01051	0.01774	0.77795	0.04073	0.01314	0.01642	0.01511	0.01182	0.01511	0.01051	0.01577	0.00788	0.00591	0.00591	0.00197	0.00788	0.00526	0.00263	0.00657
60	0.00953	0.00681	0.00953	0.01089	0.01225	0.00681	0.00953	0.01225	0.01361	0.01770	0.03131	0.06671	0.03403	0.01634	0.00817	0.00272	0.00545	0.71547	0.00545	0.00545
61	0.00701	0.00590	0.00608	0.00623	0.00805	0.00497	0.00460	0.00846	0.01325	0.01588	0.05705	0.13340	0.67823	0.01535	0.00705	0.00204	0.00304	0.01293	0.00549	0.00497
62	0.00860	0.00573	0.00645	0.00645	0.00645	0.00573	0.00358	0.00860	0.00860	0.01147	0.01863	0.03870	0.02150	0.79217	0.03010	0.00573	0.00573	0.00860	0.00358	0.00358
63	0.01542	0.01554	0.02324	0.03407	0.67743	0.09374	0.01744	0.01873	0.01381	0.01881	0.01091	0.01422	0.00918	0.00536	0.00580	0.00173	0.00741	0.00511	0.00294	0.00910
64	0.01548	0.73083	0.09295	0.01069	0.01606	0.02258	0.01111	0.01779	0.01206	0.01432	0.00842	0.00974	0.00758	0.00511	0.00395	0.00132	0.00653	0.00326	0.00253	0.00769
65	0.01491	0.68879	0.05121	0.01026	0.01501	0.02141	0.01019	0.01698	0.01177	0.01404	0.00910	0.01103	0.00835	0.00923	0.08465	0.00215	0.00740	0.00353	0.00260	0.00738
66	0.00845	0.00634	0.00950	0.00950	0.01056	0.00739	0.00739	0.01056	0.00950	0.01373	0.01584	0.02323	0.01478	0.04435	0.76873	0.00950	0.01584	0.00634	0.00317	0.00528
67	0.01226	0.01051	0.01226	0.00876	0.01401	0.00788	0.00701	0.01489	0.01226	0.01927	0.01051	0.01226	0.00876	0.00438	0.00438	0.00088	0.00438	0.00350	0.00350	0.82832
68	0.01878	0.01677	0.09486	0.01343	0.01812	0.01665	0.01174	0.42639	0.26383	0.03116	0.01709	0.01663	0.01244	0.00725	0.00592	0.00186	0.00614	0.00568	0.00559	0.00969
69	0.02110	0.01579	0.01688	0.01319	0.01768	0.01751	0.01081	0.63113	0.11088	0.03515	0.01676	0.01643	0.03385	0.00745	0.00596	0.00181	0.00619	0.00570	0.00591	0.00982
70	0.01226	0.01051	0.01226	0.00876	0.01401	0.00788	0.00701	0.01489	0.01226	0.01927	0.01051	0.01226	0.00876	0.00438	0.00438	0.00088	0.00438	0.00350	0.00350	0.82832
71	0.01226	0.01051	0.01226	0.00876	0.01401	0.00788	0.00701	0.01489	0.01226	0.01927	0.01051	0.01226	0.00876	0.00438	0.00438	0.00088	0.00438	0.00350	0.00350	0.82832
72	0.01464	0.01405	0.02400	0.03630	0.75528	0.01405	0.01815	0.01815	0.01347	0.01932	0.01112	0.01464	0.00937	0.00527	0.00585	0.00176	0.00703	0.00527	0.00293	0.00937
73	0.01102	0.00551	0.00551	0.00551	0.00689	0.00551	0.00413	0.01378	0.01240	0.02205	0.01929	0.02205	0.01516	0.00689	0.00413	0.00138	0.00276	0.00551	0.82500	0.00551
74	0.01383	0.01320	0.02210	0.03310	0.67634	0.01309	0.01671	0.01713	0.01347	0.01897	0.01628	0.01910	0.08790	0.00629	0.00597	0.00178	0.00660	0.00603	0.00320	0.00891
75	0.00860	0.00573	0.00645	0.00645	0.00645	0.00573	0.00358	0.00860	0.00860	0.01147	0.01863	0.03870	0.02150	0.79217	0.03010	0.00573	0.00573	0.00860	0.00358	0.00358
76	0.01186	0.03059	0.76153	0.01686	0.02560	0.01373	0.02185	0.01873	0.01249	0.01873	0.01061	0.01249	0.00749	0.00562	0.00562	0.00187	0.00874	0.00437	0.00250	0.00874
77	0.01226	0.01051	0.01226	0.00876	0.01401	0.00788	0.00701	0.01489	0.01226	0.01927	0.01051	0.01226	0.00876	0.00438	0.00438	0.00088	0.00438	0.00350	0.00350	0.82832
78	0.01226	0.01051	0.01226	0.00876	0.01401	0.00788	0.00701	0.01489	0.01226	0.01927	0.01051	0.01226	0.00876	0.00438	0.00438	0.00088	0.00438	0.00350	0.00350	0.82832
79	0.00718	0.00524	0.00677	0.00800	0.00852	0.00482	0.00538	0.00826	0.01155	0.01519	0.03548	0.71105	0.11451	0.01815	0.00749	0.00236	0.00338	0.01635	0.00549	0.00482
80	0.00860	0.00573	0.00645	0.00645	0.00645	0.00573	0.00358	0.00860	0.00860	0.01147	0.01863	0.03870	0.02150	0.79217	0.03010	0.00573	0.00573	0.00860	0.00358	0.00358
81	0.01294	0.01294	0.01811	0.01553	0.01553	0.01811	0.01294	0.01423	0.00906	0.01423	0.00776	0.01294	0.00776	0.01035	0.01941	0.00259	0.78134	0.00518	0.00259	0.00647
82	0.01226	0.01051	0.01226	0.00876	0.01401	0.00788	0.00701	0.01489	0.01226	0.01927	0.01051	0.01226	0.00876	0.00438	0.00438	0.00088	0.00438	0.00350	0.00350	0.82832
83	0.02209	0.02819	0.01676	0.01524	0.01828	0.76843	0.01143	0.02361	0.01676	0.01447	0.00914	0.01066	0.00762	0.00609	0.00533	0.00152	0.01066	0.00381	0.00305	0.00686
84	0.00837	0.00604	0.00790	0.00744	0.00883	0.00558	0.00558	0.01116	0.01674	0.02371	0.75216	0.04417	0.05580	0.01209	0.00697	0.00186	0.00279	0.01069	0.00651	0.00558
85	0.00846	0.00627	0.00918	0.00918	0.01013	0.00722	0.00699	0.01035	0.00941	0.01349	0.01614	0.02487	0.01549	0.12334	0.69071	0.00911	0.01477	0.00658	0.00321	0.00510
86	0.01226	0.01051	0.01226	0.00876	0.01401	0.00788	0.00701	0.01489	0.01226	0.01927	0.01051	0.01226	0.00876	0.00438	0.00438	0.00088	0.00438	0.00350	0.00350	0.82832
87	0.02248	0.01656	0.01775	0.01361	0.01834	0.01834	0.01124	0.73556	0.02780	0.03727	0.01420	0.01420	0.01006	0.00710	0.00592	0.00177	0.00651	0.00532	0.00592	0.01006
88	0.83394	0.01144	0.00869	0.00778	0.01144	0.01327	0.00640	0.01738	0.01006	0.02653	0.00823	0.00961	0.00640	0.00549	0.00366	0.00183	0.00457	0.00320	0.00366	0.00640

[dist]
# distance from previous block
# <min> <max>
0	5

[block]
# block no. 1 follows, 39 sequences, length 54
# corresponding to MSA columns:
# 104-157
name=unknown_B
#
# <colnr> <probs for GDERKNQSTAVLIFYWHMCP>
#	G	D	E	R	K	N	Q	S	T	A	V	L	I	F	Y	W	H	M	C	P
0	0.01471	0.01270	0.01337	0.01203	0.01538	0.01471	0.00936	0.03142	0.74459	0.02474	0.02407	0.02206	0.01805	0.00802	0.00602	0.00201	0.00468	0.00669	0.00602	0.00936
1	0.00837	0.00604	0.00790	0.00744	0.00883	0.00558	0.00558	0.01116	0.01674	0.02371	0.75216	0.04417	0.05580	0.01209	0.00697	0.00186	0.00279	0.01069	0.00651	0.00558
2	0.01102	0.00551	0.00551	0.00551	0.00689	0.00551	0.00413	0.01378	0.01240	0.02205	0.01929	0.02205	0.01516	0.00689	0.00413	0.00138	0.00276	0.00551	0.82500	0.00551
3	0.00721	0.00515	0.00686	0.00823	0.00858	0.00480	0.00549	0.00823	0.01132	0.01510	0.03259	0.78831	0.03911	0.01853	0.00755	0.00240	0.00343	0.01681	0.00549	0.00480
4	0.02248	0.01656	0.01775	0.01361	0.01834	0.01834	0.01124	0.73556	0.02780	0.03727	0.01420	0.01420	0.01006	0.00710	0.00592	0.00177	0.00651	0.00532	0.00592	0.01006
5	0.00721	0.00515	0.00686	0.00823	0.00858	0.00480	0.00549	0.00823	0.01132	0.01510	0.03259	0.78831	0.03911	0.01853	0.00755	0.00240	0.00343	0.01681	0.00549	0.00480
6	0.00721	0.00515	0.00686	0.00823	0.00858	0.00480	0.00549	0.00823	0.01132	0.01510	0.03259	0.78831	0.03911	0.01853	0.00755	0.00240	0.00343	0.01681	0.00549	0.00480
7	0.01581	0.79572	0.03099	0.01012	0.01518	0.02340	0.01012	0.01771	0.01202	0.01391	0.00822	0.00949	0.00759	0.00506	0.00379	0.00126	0.00632	0.00316	0.00253	0.00759
8	0.01186	0.03059	0.76153	0.01686	0.02560	0.01373	0.02185	0.01873	0.01249	0.01873	0.01061	0.01249	0.00749	0.00562	0.00562	0.00187	0.00874	0.00437	0.00250	0.00874
9	0.01258	0.15053	0.61464	0.01615	0.02419	0.01531	0.05112	0.01858	0.01248	0.01798	0.01029	0.01216	0.00757	0.00550	0.00539	0.00178	0.00841	0.00429	0.00252	0.00853
10	0.01409	0.01349	0.02302	0.15318	0.64267	0.01391	0.01788	0.01767	0.01321	0.01866	0.01103	0.01481	0.00913	0.00537	0.00586	0.00179	0.00716	0.00527	0.00288	0.00893
11	0.01581	0.79572	0.03099	0.01012	0.01518	0.02340	0.01012	0.01771	0.01202	0.01391	0.00822	0.00949	0.00759	0.00506	0.00379	0.00126	0.00632	0.00316	0.00253	0.00759
12	0.01027	0.00514	0.00770	0.00770	0.00770	0.00514	0.00514	0.00770	0.00770	0.01027	0.01027	0.01798	0.01027	0.02054	0.02311	0.82794	0.00514	0.00514	0.00257	0.00257
13	0.01117	0.01051	0.01774	0.77795	0.04073	0.01314	0.01642	0.01511	0.01182	0.01511	0.01051	0.01577	0.00788	0.00591	0.00591	0.00197	0.00788	0.00526	0.00263	0.00657
14	0.01412	0.01161	0.01326	0.00964	0.01480	0.00978	0.00778	0.14581	0.01509	0.02254	0.01118	0.01261	0.00900	0.00487	0.00466	0.00104	0.00477	0.00383	0.00394	0.67967
15	0.02583	0.01292	0.01420	0.01126	0.01560	0.12842	0.00912	0.02800	0.01690	0.64198	0.02109	0.01864	0.01353	0.00713	0.00585	0.00178	0.00592	0.00561	0.00665	0.00956
16	0.00730	0.00603	0.00642	0.00639	0.00827	0.00515	0.00484	0.00904	0.01400	0.01726	0.16801	0.05525	0.61807	0.01457	0.00703	0.00200	0.00305	0.03660	0.00565	0.00510
17	0.01471	0.01270	0.01337	0.01203	0.01538	0.01471	0.00936	0.03142	0.74459	0.02474	0.02407	0.02206	0.01805	0.00802	0.00602	0.00201	0.00468	0.00669	0.00602	0.00936
18	0.00699	0.00599	0.00599	0.00599	0.00799	0.00499	0.00449	0.00849	0.01348	0.01598	0.05991	0.05691	0.75288	0.01498	0.00699	0.00200	0.00300	0.01248	0.00549	0.00499
19	0.01587	0.01445	0.02302	0.03272	0.63914	0.01473	0.01706	0.13121	0.01573	0.02215	0.01161	0.01457	0.00948	0.00556	0.00586	0.00176	0.00694	0.00528	0.00340	0.00948
20	0.01396	0.01595	0.03490	0.02493	0.03091	0.01496	0.73380	0.01894	0.01396	0.01894	0.01196	0.01595	0.00897	0.00499	0.00698	0.00199	0.00997	0.00698	0.00299	0.00798
21	0.00700	0.00595	0.00603	0.00609	0.00801	0.00498	0.00454	0.00848	0.01339	0.01594	0.05871	0.08888	0.72168	0.01513	0.00701	0.00201	0.00301	0.01267	0.00549	0.00498
22	0.00721	0.00515	0.00686	0.00823	0.00858	0.00480	0.00549	0.00823	0.01132	0.01510	0.03259	0.78831	0.03911	0.01853	0.00755	0.00240	0.00343	0.01681	0.00549	0.00480
23	0.00721	0.00515	0.00686	0.00823	0.00858	0.00480	0.00549	0.00823	0.01132	0.01510	0.03259	0.78831	0.03911	0.01853	0.00755	0.00240	0.00343	0.01681	0.00549	0.00480
24	0.83394	0.01144	0.00869	0.00778	0.01144	0.01327	0.00640	0.01738	0.01006	0.02653	0.00823	0.00961	0.00640	0.00549	0.00366	0.00183	0.00457	0.00320	0.00366	0.00640
25	0.00708	0.00602	0.00611	0.00616	0.00814	0.00506	0.00467	0.00862	0.01348	0.01604	0.05892	0.05725	0.72793	0.01502	0.00703	0.00202	0.00308	0.03688	0.00549	0.00501
26	0.01396	0.01595	0.03490	0.02493	0.03091	0.01496	0.73380	0.01894	0.01396	0.01894	0.01196	0.01595	0.00897	0.00499	0.00698	0.00199	0.00997	0.00698	0.00299	0.00798
27	0.01581	0.79572	0.03099	0.01012	0.01518	0.02340	0.01012	0.01771	0.01202	0.01391	0.00822	0.00949	0.00759	0.00506	0.00379	0.00126	0.00632	0.00316	0.00253	0.00759
28	0.00721	0.00515	0.00686	0.00823	0.00858	0.00480	0.00549	0.00823	0.01132	0.01510	0.03259	0.78831	0.03911	0.01853	0.00755	0.00240	0.00343	0.01681	0.00549	0.00480
29	0.00721	0.00515	0.00686	0.00823	0.00858	0.00480	0.00549	0.00823	0.01132	0.01510	0.03259	0.78831	0.03911	0.01853	0.00755	0.00240	0.00343	0.01681	0.00549	0.00480
30	0.02081	0.02626	0.01962	0.01676	0.02027	0.64968	0.12527	0.02288	0.01632	0.01518	0.00959	0.01150	0.00783	0.00592	0.00559	0.00160	0.01056	0.00431	0.00304	0.00703
31	0.01347	0.03021	0.64416	0.01660	0.02444	0.13267	0.02021	0.01950	0.01316	0.01806	0.01038	0.01220	0.00751	0.00569	0.00557	0.00182	0.00904	0.00428	0.00258	0.00844
32	0.01226	0.01051	0.01226	0.00876	0.01401	0.00788	0.00701	0.01489	0.01226	0.01927	0.01051	0.01226	0.00876	0.00438	0.00438	0.00088	0.00438	0.00350	0.00350	0.82832
33	0.02065	0.02578	0.01697	0.01528	0.01785	0.65018	0.01166	0.02214	0.01554	0.01444	0.00892	0.01102	0.00764	0.00676	0.00755	0.00169	0.13212	0.00402	0.00297	0.00679
34	0.00874	0.00707	0.00790	0.00751	0.00948	0.00675	0.00568	0.01314	0.12997	0.02037	0.32362	0.04646	0.36584	0.01276	0.00683	0.00195	0.00318	0.01087	0.00597	0.00591
35	0.01420	0.01666	0.14023	0.03323	0.64028	0.01400	0.01873	0.01824	0.01331	0.01923	0.01104	0.01430	0.00907	0.00532	0.00582	0.00177	0.00730	0.00513	0.00286	0.00927
36	0.01686	0.67293	0.02890	0.01067	0.01568	0.02260	0.01030	0.13084	0.01450	0.01759	0.00916	0.01023	0.00798	0.00538	0.00413	0.00135	0.00635	0.00350	0.00306	0.00798
37	0.01226	0.01051	0.01226	0.00876	0.01401	0.00788	0.00701	0.01489	0.01226	0.01927	0.01051	0.01226	0.00876	0.00438	0.00438	0.00088	0.00438	0.00350	0.00350	0.82832
38	0.02653	0.01006	0.01372	0.01052	0.01510	0.00869	0.00869	0.02882	0.01693	0.75937	0.02333	0.02013	0.01464	0.00732	0.00595	0.00183	0.00503	0.00595	0.00732	0.01006
39	0.01396	0.01595	0.03490	0.02493	0.03091	0.01496	0.73380	0.01894	0.01396	0.01894	0.01196	0.01595	0.00897	0.00499	0.00698	0.00199	0.00997	0.00698	0.00299	0.00798
40	0.02349	0.00929	0.01264	0.01016	0.01407	0.00808	0.00819	0.02558	0.01604	0.64208	0.02479	0.14119	0.01850	0.00909	0.00620	0.00192	0.00478	0.00766	0.00703	0.00924
41	0.01186	0.03059	0.76153	0.01686	0.02560	0.01373	0.02185	0.01873	0.01249	0.01873	0.01061	0.01249	0.00749	0.00562	0.00562	0.00187	0.00874	0.00437	0.00250	0.00874
42	0.02653	0.01006	0.01372	0.01052	0.01510	0.00869	0.00869	0.02882	0.01693	0.75937	0.02333	0.02013	0.01464	0.00732	0.00595	0.00183	0.00503	0.00595	0.00732	0.01006
43	0.00845	0.00634	0.00950	0.00950	0.01056	0.00739	0.00739	0.01056	0.00950	0.01373	0.01584	0.02323	0.01478	0.04435	0.76873	0.00950	0.01584	0.00634	0.00317	0.00528
44	0.01587	0.01514	0.01391	0.01254	0.01584	0.13349	0.00969	0.03019	0.62989	0.02312	0.02172	0.02027	0.01641	0.00772	0.00591	0.00193	0.00562	0.00623	0.00555	0.00897
45	0.00699	0.00599	0.00599	0.00599	0.00799	0.00499	0.00449	0.00849	0.01348	0.01598	0.05991	0.05691	0.75288	0.01498	0.00699	0.00200	0.00300	0.01248	0.00549	0.00499
46	0.00845	0.00634	0.00950	0.00950	0.01056	0.00739	0.00739	0.01056	0.00950	0.01373	0.01584	0.02323	0.01478	0.04435	0.76873	0.00950	0.01584	0.00634	0.00317	0.00528
47	0.01069	0.00573	0.00619	0.00629	0.00752	0.00573	0.00460	0.03216	0.01237	0.02066	0.02071	0.14235	0.01850	0.00955	0.00586	0.05133	0.00311	0.00726	0.62406	0.00535
48	0.06462	0.01761	0.03046	0.02237	0.02775	0.13360	0.57615	0.01959	0.01416	0.01870	0.01129	0.01474	0.00860	0.00519	0.00652	0.00191	0.00975	0.00625	0.00304	0.00770
49	0.02065	0.14829	0.01944	0.01570	0.06217	0.60559	0.01163	0.02235	0.01581	0.01468	0.00912	0.01072	0.00772	0.00588	0.00512	0.00150	0.00976	0.00379	0.00296	0.00712
50	0.01121	0.01041	0.01700	0.69819	0.03780	0.01287	0.01552	0.01579	0.05593	0.01569	0.01229	0.04991	0.00986	0.00659	0.00599	0.00199	0.00750	0.00585	0.00296	0.00666
51	0.00871	0.00590	0.00756	0.00819	0.00907	0.00543	0.00564	0.00985	0.01140	0.04749	0.02932	0.52535	0.05253	0.13887	0.01086	0.00282	0.00403	0.05735	0.00515	0.05448
52	0.01205	0.02685	0.60173	0.01777	0.02563	0.01351	0.13331	0.01837	0.01279	0.01870	0.01207	0.01630	0.00932	0.00616	0.00599	0.00194	0.00874	0.04760	0.00275	0.00842
53	0.00872	0.00673	0.01002	0.00987	0.01086	0.00804	0.00773	0.01078	0.00948	0.01376	0.01535	0.02261	0.01436	0.04231	0.72361	0.00909	0.06194	0.00627	0.00313	0.00535

[dist]
# distance from previous block
# <min> <max>
0	1

[block]
# block no. 2 follows, 39 sequences, length 13
# corresponding to MSA columns:
# 159-171
name=unknown_C
#
# <colnr> <probs for GDERKNQSTAVLIFYWHMCP>
#	G	D	E	R	K	N	Q	S	T	A	V	L	I	F	Y	W	H	M	C	P
0	0.01214	0.06823	0.38920	0.01366	0.01888	0.11694	0.01482	0.01622	0.01271	0.01677	0.01682	0.24328	0.01694	0.00950	0.00605	0.00195	0.00728	0.00793	0.00347	0.00724
1	0.01171	0.01039	0.01688	0.02439	0.42907	0.01028	0.01317	0.01437	0.01285	0.01784	0.02034	0.25248	0.02167	0.01076	0.00668	0.00208	0.00573	0.10780	0.00404	0.00746
2	0.01149	0.01051	0.01611	0.54870	0.03277	0.01157	0.01362	0.01504	0.01196	0.01635	0.01051	0.01472	0.00814	0.00546	0.00546	0.00164	0.00684	0.00473	0.00289	0.25148
3	0.01359	0.00724	0.00937	0.00816	0.01058	0.00643	0.00636	0.01605	0.01634	0.24189	0.43836	0.03879	0.14079	0.01107	0.00667	0.00187	0.00349	0.00953	0.00661	0.00683
4	0.01185	0.01121	0.01897	0.63216	0.18119	0.01332	0.01676	0.01571	0.01215	0.01594	0.01063	0.01554	0.00818	0.00579	0.00590	0.00193	0.00771	0.00526	0.00269	0.00712
5	0.02438	0.01528	0.01436	0.01179	0.01576	0.23498	0.00937	0.02646	0.01687	0.50386	0.05229	0.01840	0.01442	0.00717	0.00581	0.00174	0.00661	0.00553	0.00601	0.00890
6	0.01451	0.24835	0.03373	0.02051	0.02622	0.01747	0.51812	0.01858	0.01338	0.01744	0.01085	0.01403	0.00856	0.00501	0.00603	0.00178	0.00888	0.00584	0.00285	0.00786
7	0.02191	0.00871	0.01128	0.00903	0.01265	0.00774	0.00733	0.02434	0.01558	0.53962	0.02213	0.02070	0.01479	0.00719	0.00541	0.00170	0.00435	0.00582	0.25102	0.00871
8	0.01349	0.01063	0.01749	0.63383	0.07285	0.01256	0.01543	0.01717	0.01262	0.11916	0.01233	0.01632	0.00890	0.00608	0.00591	0.00194	0.00744	0.00535	0.00330	0.00720
9	0.02299	0.01125	0.01679	0.01820	0.23570	0.01029	0.01151	0.02564	0.01589	0.53881	0.01969	0.01849	0.01307	0.00671	0.00592	0.00181	0.00563	0.00575	0.00601	0.00986
10	0.01064	0.00767	0.00988	0.01048	0.01201	0.00782	0.00856	0.11197	0.01491	0.01965	0.02931	0.27445	0.03220	0.01570	0.00767	0.00249	0.00499	0.40817	0.00552	0.00590
11	0.02421	0.01656	0.01524	0.03629	0.01726	0.25267	0.01008	0.10147	0.01786	0.42171	0.01743	0.01634	0.01170	0.00686	0.00575	0.00173	0.00708	0.00518	0.00566	0.00893
12	0.01674	0.01338	0.01821	0.01417	0.01855	0.05026	0.16054	0.04565	0.23229	0.15395	0.01710	0.01737	0.01257	0.00652	0.00637	0.00174	0.03646	0.00575	0.00485	0.16752

[dist]
# distance from previous block
# <min> <max>
0	4

# created by:
# /home/cegg/simao/soft/augustus-3.2.1/scripts/msa2prfl.pl ./align_prep/EOG090W0F0K.fa
