[name]
unknown

[dist]
# distance from previous block
# <min> <max>
5	129

[block]
# block no. 0 follows, 31 sequences, length 18
# corresponding to MSA columns:
# 278-295
name=unknown_A
#
# <colnr> <probs for GDERKNQSTAVLIFYWHMCP>
#	G	D	E	R	K	N	Q	S	T	A	V	L	I	F	Y	W	H	M	C	P
0	0.05758	0.12131	0.06705	0.01586	0.05691	0.23385	0.02922	0.06806	0.05064	0.06929	0.01772	0.01875	0.06284	0.00857	0.02188	0.00204	0.00865	0.00572	0.00441	0.07965
1	0.01765	0.09320	0.02249	0.01965	0.13297	0.16748	0.09532	0.02318	0.11958	0.02111	0.01863	0.02012	0.06565	0.00740	0.00639	0.00184	0.00805	0.00626	0.00426	0.14875
2	0.06359	0.05926	0.11306	0.01849	0.12384	0.04763	0.05404	0.10752	0.06558	0.08880	0.06888	0.02153	0.04938	0.00790	0.00654	0.00199	0.00724	0.00659	0.00501	0.08313
3	0.01685	0.03430	0.14754	0.03216	0.03636	0.01350	0.04680	0.06834	0.13402	0.09538	0.05072	0.02104	0.03962	0.00756	0.00642	0.00186	0.00670	0.00632	0.00511	0.22941
4	0.16778	0.03809	0.11069	0.01401	0.01952	0.03817	0.03661	0.20299	0.07501	0.04436	0.03993	0.01930	0.01391	0.00776	0.00618	0.00199	0.00699	0.03342	0.00516	0.11812
5	0.05885	0.02749	0.44177	0.02443	0.19546	0.01608	0.05027	0.02235	0.05812	0.02278	0.01332	0.01573	0.00997	0.00654	0.00654	0.00215	0.00912	0.00553	0.00337	0.01015
6	0.01624	0.01540	0.02591	0.07628	0.61878	0.01542	0.01966	0.02025	0.01563	0.02236	0.04998	0.01872	0.01357	0.00652	0.00678	0.00201	0.00781	0.00635	0.00361	0.03871
7	0.01384	0.01735	0.17425	0.01439	0.02011	0.01222	0.06885	0.02095	0.14361	0.02253	0.01937	0.13576	0.01748	0.00886	0.00658	0.00191	0.00662	0.00777	0.00466	0.28289
8	0.01893	0.49812	0.02966	0.01464	0.05875	0.17097	0.01227	0.02117	0.01487	0.01658	0.01075	0.01308	0.00968	0.01033	0.07242	0.00244	0.00943	0.00430	0.00315	0.00848
9	0.01238	0.00695	0.01075	0.01214	0.07805	0.00695	0.00741	0.01009	0.00956	0.01291	0.01198	0.02042	0.01178	0.02204	0.02479	0.72294	0.00616	0.00596	0.00301	0.00374
10	0.01951	0.01879	0.01831	0.05313	0.14313	0.22180	0.01313	0.11552	0.05476	0.05863	0.03490	0.09355	0.04161	0.00961	0.00695	0.00208	0.00816	0.03885	0.00499	0.04260
11	0.04794	0.10357	0.35393	0.02403	0.20889	0.01724	0.04147	0.05743	0.01576	0.04924	0.01286	0.01517	0.00973	0.00646	0.00634	0.00205	0.00885	0.00535	0.00352	0.01017
12	0.01159	0.00708	0.00893	0.00905	0.00991	0.00688	0.00610	0.01264	0.01248	0.08468	0.05312	0.22977	0.03125	0.37219	0.07100	0.00511	0.00652	0.05075	0.00537	0.00560
13	0.01654	0.01586	0.02706	0.11046	0.65148	0.01615	0.02080	0.02065	0.01539	0.02188	0.01280	0.01706	0.01067	0.00617	0.00678	0.00206	0.00822	0.00609	0.00335	0.01052
14	0.01768	0.01852	0.11645	0.03274	0.41884	0.01584	0.12546	0.02322	0.05410	0.08740	0.01509	0.01792	0.01161	0.00649	0.00696	0.00212	0.00855	0.00644	0.00400	0.01057
15	0.01546	0.04259	0.24047	0.10041	0.29964	0.01653	0.14449	0.02101	0.01511	0.02142	0.01271	0.01642	0.00987	0.00622	0.00687	0.00213	0.00943	0.00607	0.00320	0.00995
16	0.01626	0.01585	0.02867	0.03599	0.49996	0.01560	0.16540	0.02060	0.01566	0.02229	0.01478	0.02097	0.01260	0.00681	0.00712	0.00213	0.00856	0.04340	0.03732	0.01005
17	0.01676	0.01600	0.02691	0.03999	0.67274	0.01581	0.02018	0.02076	0.01549	0.02235	0.01282	0.01676	0.01079	0.00603	0.00667	0.00197	0.00793	0.00597	0.00343	0.06065

[dist]
# distance from previous block
# <min> <max>
0	15

[block]
# block no. 1 follows, 31 sequences, length 20
# corresponding to MSA columns:
# 313-316,318-333
name=unknown_B
#
# <colnr> <probs for GDERKNQSTAVLIFYWHMCP>
#	G	D	E	R	K	N	Q	S	T	A	V	L	I	F	Y	W	H	M	C	P
0	0.10960	0.01083	0.01190	0.01099	0.01364	0.01157	0.00841	0.10679	0.15387	0.04805	0.15658	0.15829	0.04615	0.07570	0.00964	0.00271	0.00513	0.04586	0.00638	0.00790
1	0.00982	0.00713	0.00997	0.00997	0.01083	0.00799	0.00727	0.01156	0.01069	0.01512	0.01927	0.03209	0.01937	0.25760	0.52926	0.00972	0.01492	0.00809	0.00380	0.00554
2	0.01714	0.33225	0.33941	0.01551	0.02304	0.04268	0.01765	0.02283	0.05194	0.06045	0.01279	0.01407	0.00986	0.00652	0.00567	0.00187	0.00853	0.00471	0.00347	0.00962
3	0.01015	0.00813	0.01028	0.01152	0.06435	0.00778	0.00772	0.01397	0.07821	0.02196	0.23034	0.23426	0.22509	0.01594	0.00809	0.00239	0.00414	0.03242	0.00651	0.00676
4	0.08529	0.05421	0.01605	0.01220	0.01660	0.01542	0.00996	0.26206	0.11436	0.08736	0.02644	0.02601	0.12666	0.01094	0.03289	0.00236	0.00636	0.00736	0.03168	0.05580
5	0.01209	0.05468	0.03758	0.01549	0.09859	0.01137	0.05785	0.01512	0.01591	0.02236	0.27330	0.12280	0.08785	0.01241	0.00921	0.00227	0.08963	0.01059	0.04353	0.00737
6	0.03713	0.02296	0.25547	0.08752	0.24942	0.04115	0.10447	0.04169	0.01538	0.02202	0.01247	0.01598	0.00969	0.00667	0.00761	0.00218	0.04924	0.00587	0.00332	0.00978
7	0.02854	0.01185	0.01559	0.01208	0.01712	0.01060	0.00993	0.08319	0.02037	0.61160	0.05257	0.02569	0.05018	0.00905	0.00697	0.00212	0.00575	0.00737	0.00821	0.01119
8	0.01699	0.01649	0.02668	0.03972	0.65823	0.04308	0.02024	0.02092	0.01573	0.02205	0.01385	0.01952	0.01207	0.00672	0.00687	0.00207	0.00820	0.03650	0.00353	0.01052
9	0.01558	0.01595	0.04794	0.05294	0.41180	0.01527	0.16884	0.02055	0.04842	0.02184	0.01660	0.10168	0.01502	0.00795	0.00729	0.00220	0.00837	0.00811	0.00389	0.00976
10	0.00843	0.00665	0.00766	0.00839	0.00992	0.00587	0.00613	0.01008	0.01467	0.01827	0.05465	0.32469	0.40600	0.01900	0.00844	0.00256	0.00390	0.07260	0.00635	0.00574
11	0.21000	0.01062	0.01166	0.01072	0.01292	0.03368	0.00822	0.06506	0.01305	0.06184	0.01554	0.04748	0.01418	0.06649	0.20107	0.16272	0.03745	0.00650	0.00428	0.00651
12	0.01565	0.03268	0.64349	0.01867	0.02823	0.01522	0.02354	0.02300	0.01503	0.10135	0.01395	0.01545	0.00961	0.00672	0.00654	0.00216	0.00962	0.00526	0.00352	0.01029
13	0.01632	0.03695	0.12106	0.05721	0.39807	0.01650	0.14020	0.04571	0.03450	0.02267	0.01513	0.01850	0.03236	0.00662	0.00696	0.00211	0.00878	0.00656	0.00362	0.01016
14	0.00851	0.00635	0.00803	0.00896	0.00994	0.00587	0.00624	0.01012	0.01422	0.01873	0.12016	0.49183	0.18548	0.02134	0.04760	0.00305	0.00455	0.01694	0.00634	0.00573
15	0.01436	0.01409	0.02298	0.51026	0.16586	0.03893	0.05820	0.01864	0.01418	0.01854	0.01216	0.01764	0.00949	0.00693	0.00775	0.00226	0.05016	0.00614	0.00314	0.00829
16	0.01414	0.01236	0.01784	0.36683	0.03108	0.05603	0.07359	0.04228	0.01517	0.02085	0.01703	0.04950	0.01426	0.00826	0.00662	0.00214	0.00771	0.04242	0.19443	0.00747
17	0.04223	0.01640	0.02258	0.20774	0.27094	0.05891	0.01723	0.15139	0.01813	0.04618	0.01326	0.01675	0.01037	0.00733	0.00802	0.00217	0.07066	0.00595	0.00413	0.00965
18	0.01758	0.18045	0.02228	0.13912	0.10142	0.09704	0.01339	0.11580	0.07249	0.02381	0.13100	0.02167	0.01979	0.00815	0.00644	0.00196	0.00746	0.00656	0.00471	0.00889
19	0.01357	0.00878	0.00960	0.00920	0.01138	0.00924	0.00694	0.02082	0.19938	0.04701	0.10444	0.11557	0.02708	0.01063	0.00628	0.00201	0.00396	0.00900	0.37748	0.00764

[dist]
# distance from previous block
# <min> <max>
1	5

[block]
# block no. 2 follows, 31 sequences, length 13
# corresponding to MSA columns:
# 339-351
name=unknown_C
#
# <colnr> <probs for GDERKNQSTAVLIFYWHMCP>
#	G	D	E	R	K	N	Q	S	T	A	V	L	I	F	Y	W	H	M	C	P
0	0.03435	0.08438	0.21591	0.04420	0.14029	0.14488	0.01648	0.02156	0.01558	0.07180	0.03755	0.02104	0.01405	0.07603	0.00904	0.00245	0.00882	0.02876	0.00392	0.00891
1	0.01486	0.01468	0.02652	0.37674	0.27411	0.01593	0.13902	0.01947	0.01477	0.01993	0.01270	0.01783	0.00993	0.00640	0.00704	0.00220	0.00921	0.00644	0.00323	0.00900
2	0.01484	0.07937	0.27443	0.01824	0.09612	0.01460	0.04191	0.03596	0.09174	0.05097	0.12356	0.05689	0.02227	0.00918	0.00697	0.00219	0.00749	0.03921	0.00474	0.00929
3	0.01602	0.04662	0.23397	0.02999	0.37063	0.04325	0.03807	0.02171	0.04782	0.02172	0.01466	0.01755	0.02978	0.00688	0.00717	0.00210	0.03243	0.00600	0.00347	0.01016
4	0.01082	0.00776	0.01090	0.01116	0.01229	0.00767	0.03778	0.04120	0.01425	0.05248	0.03391	0.62179	0.03924	0.01911	0.00915	0.00270	0.03806	0.01716	0.00619	0.00636
5	0.03947	0.01020	0.01109	0.01030	0.01295	0.01085	0.00795	0.05814	0.23748	0.02675	0.18465	0.06909	0.11024	0.01172	0.00702	0.00218	0.00438	0.03092	0.14657	0.00803
6	0.01765	0.02323	0.20394	0.05822	0.18669	0.14676	0.08909	0.04714	0.01681	0.05298	0.04586	0.05160	0.01409	0.00763	0.00689	0.00210	0.00928	0.00666	0.00396	0.00942
7	0.01667	0.05619	0.21063	0.02847	0.28476	0.07000	0.13024	0.02304	0.07260	0.02192	0.01379	0.01663	0.01078	0.00647	0.00678	0.00209	0.00926	0.00605	0.00355	0.01007
8	0.00857	0.00625	0.00793	0.00916	0.00988	0.00580	0.00628	0.00986	0.01337	0.01747	0.04102	0.56493	0.14062	0.07547	0.01061	0.00302	0.00422	0.05384	0.00618	0.00552
9	0.01304	0.01200	0.01685	0.01508	0.01548	0.01601	0.01228	0.01475	0.01082	0.01625	0.01367	0.02331	0.01376	0.08060	0.20709	0.00536	0.46540	0.03803	0.00341	0.00681
10	0.06986	0.13981	0.13192	0.01857	0.13210	0.14521	0.01453	0.06337	0.07982	0.02308	0.03759	0.01708	0.01297	0.00716	0.00596	0.00191	0.00798	0.00548	0.07647	0.00914
11	0.00913	0.00705	0.00940	0.03669	0.04319	0.00667	0.00767	0.01093	0.01418	0.01849	0.06335	0.47123	0.17614	0.01893	0.00850	0.00265	0.00444	0.07922	0.00613	0.00601
12	0.00858	0.00618	0.00790	0.00904	0.00965	0.00575	0.00605	0.00984	0.01345	0.01787	0.08881	0.57607	0.09927	0.09383	0.01122	0.00308	0.00414	0.01757	0.00622	0.00550

[dist]
# distance from previous block
# <min> <max>
2	4

[block]
# block no. 3 follows, 31 sequences, length 11
# corresponding to MSA columns:
# 356-366
name=unknown_D
#
# <colnr> <probs for GDERKNQSTAVLIFYWHMCP>
#	G	D	E	R	K	N	Q	S	T	A	V	L	I	F	Y	W	H	M	C	P
0	0.01798	0.09686	0.02455	0.01969	0.08341	0.09281	0.14561	0.09706	0.08427	0.04162	0.01842	0.05539	0.04419	0.00917	0.00928	0.00225	0.11743	0.02647	0.00453	0.00901
1	0.00943	0.00695	0.00961	0.00988	0.01103	0.00745	0.00737	0.01151	0.01231	0.01717	0.06043	0.17097	0.09437	0.07334	0.43185	0.00764	0.01236	0.01067	0.02978	0.00590
2	0.16185	0.03813	0.04795	0.01977	0.15123	0.10253	0.04771	0.19296	0.01970	0.08694	0.01481	0.03946	0.01163	0.00746	0.00629	0.00203	0.00779	0.00592	0.00495	0.03089
3	0.01754	0.01579	0.02613	0.08426	0.52280	0.01606	0.05328	0.07762	0.01701	0.04586	0.01473	0.02012	0.01232	0.00699	0.00698	0.00212	0.00816	0.03786	0.00396	0.01041
4	0.01026	0.00705	0.00872	0.00871	0.01029	0.00644	0.00640	0.01243	0.01622	0.05683	0.29832	0.17729	0.20155	0.09169	0.01093	0.00282	0.00409	0.05712	0.00668	0.00616
5	0.01630	0.01191	0.01225	0.01078	0.01372	0.08974	0.00840	0.08994	0.02002	0.13630	0.32195	0.04193	0.15474	0.01243	0.00758	0.00215	0.00525	0.02981	0.00692	0.00788
6	0.01144	0.00939	0.01396	0.03683	0.08420	0.01004	0.04592	0.01447	0.05016	0.01786	0.02373	0.18649	0.02515	0.16896	0.16624	0.00517	0.04841	0.07031	0.00465	0.00664
7	0.02271	0.01411	0.01616	0.01326	0.01751	0.01488	0.01060	0.25033	0.18022	0.22314	0.02351	0.02653	0.01805	0.09314	0.01014	0.00270	0.00641	0.03926	0.00699	0.01036
8	0.01480	0.01435	0.01948	0.01625	0.01758	0.01837	0.01347	0.01663	0.01129	0.01774	0.00968	0.01480	0.00923	0.01046	0.01865	0.00256	0.58485	0.00556	0.00323	0.18103
9	0.10666	0.67969	0.03296	0.01140	0.01707	0.02576	0.01123	0.02044	0.01365	0.01773	0.00951	0.01099	0.00863	0.00591	0.00437	0.00154	0.00709	0.00366	0.00307	0.00863
10	0.04350	0.00991	0.01221	0.08955	0.01714	0.01075	0.00994	0.04755	0.17361	0.02230	0.03167	0.28507	0.05879	0.01525	0.00798	0.00262	0.00550	0.14313	0.00607	0.00748

[dist]
# distance from previous block
# <min> <max>
0	2

[block]
# block no. 4 follows, 31 sequences, length 12
# corresponding to MSA columns:
# 369-380
name=unknown_E
#
# <colnr> <probs for GDERKNQSTAVLIFYWHMCP>
#	G	D	E	R	K	N	Q	S	T	A	V	L	I	F	Y	W	H	M	C	P
0	0.01013	0.00814	0.00919	0.00885	0.01102	0.00782	0.00665	0.01521	0.12758	0.02337	0.29997	0.09920	0.31722	0.01506	0.00794	0.00228	0.00372	0.01292	0.00689	0.00683
1	0.00930	0.00679	0.00753	0.00750	0.00936	0.00604	0.00556	0.01164	0.01626	0.02202	0.23788	0.10593	0.37298	0.01520	0.00760	0.00219	0.00339	0.01294	0.13386	0.00604
2	0.01579	0.01908	0.08499	0.02644	0.03247	0.01779	0.53665	0.02102	0.01512	0.02102	0.01295	0.01761	0.01004	0.00682	0.01028	0.00241	0.12967	0.00753	0.00335	0.00901
3	0.01238	0.00749	0.00919	0.00902	0.01005	0.00770	0.00639	0.04320	0.06093	0.01904	0.05487	0.07227	0.02179	0.13618	0.01833	0.28777	0.00528	0.04364	0.16917	0.00530
4	0.01078	0.00881	0.01256	0.01272	0.01380	0.00968	0.03424	0.01291	0.01379	0.01855	0.03277	0.31448	0.07339	0.01798	0.01148	0.00290	0.14380	0.24346	0.00560	0.00632
5	0.00825	0.00628	0.00760	0.00867	0.00970	0.00563	0.00597	0.00962	0.01392	0.01780	0.04817	0.52678	0.26681	0.02007	0.00852	0.00262	0.00380	0.01779	0.00635	0.00563
6	0.01839	0.01672	0.02661	0.03777	0.60506	0.01705	0.01971	0.12919	0.01824	0.02569	0.01344	0.01685	0.01097	0.00644	0.00678	0.00204	0.00803	0.00611	0.00394	0.01097
7	0.01254	0.01165	0.01429	0.01410	0.05177	0.08480	0.03508	0.01487	0.01416	0.01899	0.15322	0.11331	0.04605	0.05512	0.21981	0.00504	0.11427	0.00947	0.00468	0.00677
8	0.26092	0.01216	0.01280	0.01052	0.01472	0.01260	0.00858	0.12859	0.01802	0.25707	0.01906	0.01902	0.01336	0.00768	0.00562	0.00199	0.00536	0.00570	0.17701	0.00923
9	0.01967	0.07487	0.08054	0.01948	0.13226	0.08906	0.01457	0.20631	0.11186	0.02735	0.01497	0.01641	0.01166	0.00751	0.00747	0.00198	0.05939	0.00567	0.00479	0.09417
10	0.01712	0.11710	0.09081	0.01855	0.13218	0.01527	0.06665	0.09843	0.01701	0.05676	0.01615	0.01916	0.03753	0.00695	0.00617	0.00174	0.00716	0.02662	0.00433	0.24430
11	0.01709	0.14543	0.28108	0.01800	0.07677	0.05851	0.01735	0.08811	0.01638	0.05605	0.01642	0.04440	0.04682	0.00829	0.00791	0.00211	0.07974	0.00617	0.00395	0.00941

[dist]
# distance from previous block
# <min> <max>
0	4

[block]
# block no. 5 follows, 31 sequences, length 68
# corresponding to MSA columns:
# 385-418,420-453
name=unknown_F
#
# <colnr> <probs for GDERKNQSTAVLIFYWHMCP>
#	G	D	E	R	K	N	Q	S	T	A	V	L	I	F	Y	W	H	M	C	P
0	0.00944	0.00746	0.00861	0.00871	0.01058	0.00696	0.00649	0.01301	0.07415	0.02156	0.22526	0.18823	0.33010	0.01663	0.00817	0.00240	0.00380	0.04539	0.00671	0.00636
1	0.01377	0.01334	0.02346	0.35321	0.19601	0.01464	0.11792	0.01788	0.01442	0.01929	0.01721	0.08839	0.04200	0.00844	0.00769	0.00229	0.03011	0.00797	0.00363	0.00833
2	0.01720	0.07016	0.19349	0.04364	0.08345	0.09671	0.16351	0.03643	0.01597	0.07277	0.01619	0.07543	0.01390	0.00835	0.00765	0.00221	0.03840	0.03139	0.00403	0.00912
3	0.02041	0.05204	0.20883	0.02064	0.06126	0.04055	0.19511	0.11850	0.01866	0.17218	0.01624	0.01756	0.01140	0.00693	0.00696	0.00213	0.00908	0.00637	0.00482	0.01032
4	0.00825	0.00684	0.00722	0.00734	0.00939	0.00581	0.00542	0.01005	0.01566	0.01913	0.12031	0.13476	0.59135	0.01746	0.00815	0.00234	0.00350	0.01477	0.00645	0.00581
5	0.01916	0.01135	0.01344	0.01132	0.01469	0.01139	0.00880	0.16622	0.07346	0.21146	0.11598	0.07185	0.09220	0.11096	0.03365	0.00305	0.00600	0.00932	0.00684	0.00886
6	0.01614	0.12667	0.23253	0.03726	0.11018	0.03775	0.07608	0.04246	0.09314	0.04390	0.01697	0.06491	0.01430	0.00809	0.00662	0.00212	0.00820	0.02606	0.02715	0.00948
7	0.01483	0.02963	0.51742	0.06248	0.16901	0.01614	0.02358	0.04858	0.01535	0.02245	0.01256	0.01523	0.00925	0.00651	0.00659	0.00214	0.00955	0.00536	0.00316	0.01019
8	0.00867	0.00629	0.00824	0.00971	0.01030	0.00595	0.00665	0.01041	0.02999	0.01791	0.03831	0.68477	0.06378	0.02090	0.00871	0.00277	0.00410	0.05046	0.00636	0.00573
9	0.01282	0.01106	0.01589	0.01878	0.17651	0.01130	0.04072	0.04920	0.08980	0.02148	0.03199	0.27956	0.12280	0.01418	0.00847	0.00246	0.03569	0.04386	0.00549	0.00795
10	0.04006	0.07409	0.01621	0.01102	0.01635	0.03630	0.00891	0.08359	0.01614	0.07384	0.01452	0.03810	0.01231	0.04419	0.00693	0.00162	0.00584	0.00518	0.00461	0.49020
11	0.01599	0.08288	0.13000	0.01457	0.01847	0.07550	0.03582	0.12244	0.03742	0.02252	0.06588	0.07598	0.05367	0.05921	0.03419	0.02641	0.10851	0.00779	0.00456	0.00817
12	0.01136	0.00787	0.00965	0.00943	0.01133	0.00755	0.00706	0.01519	0.07948	0.07111	0.26278	0.17539	0.17301	0.05224	0.03865	0.00293	0.00472	0.04671	0.00673	0.00680
13	0.01208	0.00857	0.01196	0.03703	0.07656	0.00805	0.00862	0.01516	0.01765	0.07368	0.44775	0.10646	0.04764	0.01415	0.03427	0.00246	0.00479	0.01116	0.00661	0.05537
14	0.01740	0.10960	0.29751	0.01541	0.02189	0.04883	0.03295	0.05593	0.03723	0.12845	0.04623	0.10356	0.01707	0.00891	0.00665	0.00210	0.00787	0.00730	0.00473	0.03038
15	0.01046	0.00756	0.01030	0.01160	0.01313	0.00740	0.00983	0.01333	0.01575	0.02054	0.08697	0.13602	0.09373	0.01866	0.00918	0.00298	0.00565	0.51431	0.00640	0.00620
16	0.01719	0.01056	0.01232	0.01094	0.01363	0.01078	0.00834	0.18644	0.03970	0.12443	0.04365	0.19264	0.04628	0.07797	0.01051	0.04048	0.00541	0.02763	0.11309	0.00801
17	0.01479	0.01454	0.02671	0.02473	0.16458	0.01425	0.29557	0.04101	0.06932	0.02262	0.05782	0.10885	0.03655	0.01086	0.03236	0.00262	0.00873	0.04066	0.00458	0.00886
18	0.02550	0.01883	0.02014	0.06127	0.02257	0.05434	0.01318	0.57155	0.02948	0.08937	0.01664	0.01684	0.01172	0.00809	0.00681	0.00206	0.00774	0.00612	0.00656	0.01120
19	0.01693	0.01626	0.02777	0.04199	0.71689	0.01626	0.02100	0.02100	0.01558	0.02235	0.01287	0.01693	0.01084	0.00610	0.00677	0.00203	0.00813	0.00610	0.00339	0.01084
20	0.00977	0.00733	0.01100	0.01100	0.01222	0.00855	0.00855	0.01222	0.01100	0.01588	0.01833	0.02688	0.01710	0.05131	0.73245	0.01100	0.01833	0.00733	0.00367	0.00611
21	0.27135	0.01285	0.01439	0.01154	0.01644	0.01287	0.00949	0.07869	0.05111	0.42269	0.02081	0.01910	0.01377	0.00783	0.00606	0.00212	0.00576	0.00588	0.00696	0.01029
22	0.01510	0.01448	0.02137	0.05532	0.24360	0.05063	0.08017	0.04514	0.01565	0.02145	0.08715	0.02643	0.09378	0.03491	0.01085	0.00242	0.13979	0.00785	0.02542	0.00850
23	0.01622	0.01712	0.01576	0.01423	0.01533	0.22420	0.01075	0.01739	0.01296	0.01553	0.01386	0.02404	0.01429	0.24168	0.06470	0.00423	0.26082	0.00682	0.00354	0.00651
24	0.01378	0.00787	0.00850	0.00796	0.01010	0.00792	0.00609	0.03774	0.07713	0.06195	0.12203	0.03074	0.05922	0.00943	0.00577	0.00181	0.00367	0.00776	0.51334	0.00718
25	0.01010	0.00715	0.00912	0.00867	0.01047	0.00653	0.00660	0.01311	0.01870	0.04470	0.57650	0.05356	0.14893	0.01452	0.00810	0.00222	0.00348	0.04371	0.00734	0.00650
26	0.01578	0.01445	0.02317	0.14967	0.37921	0.01517	0.04950	0.06796	0.06936	0.02285	0.01739	0.11231	0.01577	0.00856	0.00712	0.00221	0.00767	0.00803	0.00423	0.00960
27	0.01829	0.01449	0.02002	0.31935	0.09212	0.03977	0.03512	0.14337	0.07175	0.10550	0.03882	0.02117	0.03430	0.00790	0.00694	0.00218	0.00791	0.00676	0.00495	0.00930
28	0.00901	0.00669	0.00856	0.00980	0.01093	0.00623	0.00737	0.01085	0.01436	0.01850	0.04412	0.42248	0.18790	0.01986	0.00879	0.00278	0.00449	0.19514	0.00634	0.00581
29	0.00877	0.00628	0.00812	0.00942	0.01000	0.00592	0.00647	0.01005	0.01314	0.01732	0.03764	0.56175	0.08428	0.10824	0.01185	0.00324	0.00448	0.08146	0.00609	0.00548
30	0.01789	0.03859	0.02644	0.06630	0.51991	0.03742	0.05138	0.02293	0.06475	0.06614	0.01467	0.01776	0.01172	0.00651	0.00677	0.00206	0.00810	0.00623	0.00394	0.01052
31	0.01332	0.01209	0.01509	0.03621	0.06034	0.07478	0.01117	0.04256	0.01318	0.01803	0.04560	0.02385	0.01639	0.06056	0.38149	0.00696	0.15057	0.00699	0.00381	0.00703
32	0.62399	0.01244	0.01009	0.00898	0.01284	0.01420	0.00732	0.06174	0.01339	0.03060	0.01213	0.01389	0.00939	0.00674	0.00449	0.00202	0.00508	0.00431	0.13887	0.00750
33	0.05251	0.07758	0.01879	0.01370	0.01852	0.03737	0.01123	0.37660	0.10517	0.04982	0.02016	0.06512	0.04279	0.00900	0.00656	0.00201	0.00668	0.00702	0.00611	0.07327
34	0.01668	0.08729	0.06288	0.08535	0.14616	0.05387	0.06822	0.05405	0.01566	0.04242	0.01296	0.01636	0.01061	0.02981	0.00739	0.00188	0.02741	0.00539	0.00384	0.25178
35	0.03961	0.04287	0.17519	0.01843	0.09104	0.01563	0.07452	0.14942	0.07898	0.09412	0.03300	0.01946	0.01372	0.04585	0.00805	0.00226	0.00773	0.00630	0.00495	0.07888
36	0.01212	0.01133	0.05553	0.01083	0.01384	0.01032	0.00893	0.05924	0.18986	0.02365	0.11616	0.14408	0.25680	0.01435	0.00778	0.00238	0.00480	0.04381	0.00644	0.00774
37	0.01447	0.01333	0.02241	0.40729	0.31067	0.01492	0.01874	0.01850	0.01429	0.01954	0.01284	0.01811	0.01025	0.00721	0.00746	0.03144	0.00837	0.00609	0.03540	0.00867
38	0.03961	0.02033	0.12562	0.04741	0.20074	0.08740	0.01668	0.15670	0.03938	0.11506	0.01508	0.01682	0.01126	0.00758	0.00794	0.00214	0.06939	0.00587	0.00474	0.01023
39	0.01724	0.03722	0.17282	0.05323	0.23514	0.03698	0.04490	0.08122	0.07007	0.06462	0.01670	0.04992	0.01338	0.00760	0.00665	0.00209	0.00788	0.00662	0.06581	0.00989
40	0.01060	0.00724	0.00892	0.00875	0.01069	0.00649	0.00665	0.01306	0.01713	0.07210	0.32424	0.14259	0.26334	0.01595	0.00818	0.00235	0.00382	0.06442	0.00698	0.00648
41	0.00996	0.00703	0.00853	0.00859	0.01037	0.00627	0.00639	0.01219	0.01651	0.05729	0.27216	0.20872	0.28620	0.01673	0.00822	0.00239	0.00375	0.04557	0.00685	0.00628
42	0.05300	0.18914	0.05653	0.02001	0.12180	0.17670	0.08783	0.09748	0.03801	0.07760	0.01349	0.01509	0.01050	0.00675	0.00615	0.00190	0.00889	0.00536	0.00422	0.00954
43	0.08610	0.01542	0.06812	0.03672	0.11439	0.01438	0.03139	0.15545	0.06098	0.23354	0.04255	0.02052	0.01520	0.01004	0.04310	0.00255	0.00742	0.00650	0.02533	0.01027
44	0.01108	0.00719	0.00843	0.00878	0.00991	0.00710	0.00631	0.04426	0.01398	0.01993	0.03060	0.20547	0.08197	0.19361	0.01453	0.02753	0.00493	0.10322	0.19542	0.00575
45	0.01258	0.01015	0.01285	0.01204	0.01414	0.03156	0.04110	0.08935	0.03891	0.02097	0.02989	0.14130	0.11241	0.06791	0.19307	0.00490	0.02891	0.10663	0.02440	0.00692
46	0.69130	0.01389	0.01217	0.01202	0.06814	0.01583	0.00886	0.06802	0.01340	0.03093	0.01027	0.01194	0.00797	0.00646	0.00462	0.00211	0.00567	0.00406	0.00435	0.00797
47	0.02045	0.05312	0.02035	0.05195	0.03935	0.34333	0.01383	0.07728	0.01677	0.01894	0.01118	0.01469	0.00968	0.01125	0.05647	0.00274	0.22164	0.00528	0.00360	0.00809
48	0.01048	0.00728	0.00872	0.00818	0.01032	0.00643	0.00620	0.01307	0.01788	0.07115	0.41011	0.05508	0.31997	0.01494	0.00799	0.00221	0.00350	0.01282	0.00713	0.00654
49	0.01087	0.00810	0.01007	0.00931	0.01129	0.00792	0.00708	0.04840	0.06242	0.02720	0.56296	0.04747	0.09590	0.01540	0.04290	0.00259	0.00432	0.01165	0.00720	0.00693
50	0.01858	0.01757	0.02535	0.10229	0.49546	0.07247	0.01901	0.12202	0.01818	0.02457	0.01316	0.01662	0.01064	0.00656	0.00674	0.00204	0.00846	0.00597	0.00388	0.01043
51	0.00872	0.00634	0.00823	0.00959	0.01035	0.00593	0.00679	0.01020	0.01363	0.01785	0.04048	0.56524	0.11754	0.04376	0.00958	0.00290	0.00431	0.10666	0.00628	0.00564
52	0.01770	0.01005	0.01258	0.01152	0.01454	0.00988	0.00919	0.05673	0.11816	0.22415	0.10775	0.15217	0.05197	0.01339	0.00775	0.00243	0.00520	0.13219	0.03399	0.00865
53	0.14531	0.01794	0.01713	0.07088	0.04777	0.12593	0.01191	0.28315	0.08040	0.03134	0.01555	0.01683	0.01170	0.00762	0.00613	0.00201	0.00743	0.00565	0.08583	0.00946
54	0.01685	0.01748	0.02073	0.01782	0.01852	0.11511	0.01465	0.04731	0.01260	0.01766	0.00951	0.01468	0.00907	0.01116	0.01962	0.00279	0.61768	0.00579	0.00323	0.00772
55	0.02057	0.01702	0.01994	0.07836	0.17628	0.08583	0.01413	0.24535	0.08696	0.07678	0.07197	0.02179	0.03754	0.00836	0.00691	0.00208	0.00748	0.00690	0.00561	0.01012
56	0.00928	0.00709	0.00826	0.00822	0.00979	0.00654	0.00589	0.01194	0.04308	0.02126	0.28623	0.14996	0.27709	0.11100	0.01153	0.00287	0.00393	0.01355	0.00651	0.00598
57	0.09437	0.01638	0.01813	0.01398	0.01933	0.01727	0.01154	0.43374	0.02632	0.21843	0.01840	0.01766	0.01259	0.00798	0.00655	0.00203	0.00678	0.00604	0.00692	0.04555
58	0.08279	0.01732	0.01732	0.01384	0.01875	0.12807	0.01121	0.23805	0.02293	0.33217	0.03617	0.01921	0.01445	0.00815	0.00660	0.00204	0.00729	0.00617	0.00686	0.01063
59	0.11255	0.01398	0.04353	0.01435	0.08793	0.01221	0.01063	0.07792	0.05104	0.08450	0.05836	0.01795	0.01448	0.00671	0.00578	0.00161	0.00578	0.00538	0.00494	0.37037
60	0.01023	0.00715	0.00892	0.03349	0.01154	0.00651	0.00668	0.01243	0.01624	0.06509	0.25424	0.24987	0.25914	0.01653	0.00814	0.00238	0.00387	0.01445	0.00674	0.00635
61	0.00887	0.00659	0.00797	0.00833	0.00951	0.00601	0.00580	0.01063	0.01512	0.02004	0.23800	0.28280	0.21881	0.11576	0.01182	0.00299	0.00398	0.01488	0.00640	0.00568
62	0.01779	0.28549	0.35822	0.01598	0.02368	0.05372	0.01818	0.06912	0.01605	0.06497	0.01245	0.01383	0.00944	0.00654	0.00580	0.00189	0.00880	0.00473	0.00356	0.00975
63	0.01483	0.09179	0.08698	0.01539	0.07065	0.04749	0.02824	0.07261	0.01552	0.04898	0.02298	0.15180	0.06474	0.01742	0.11418	0.00354	0.06197	0.03504	0.02785	0.00798
64	0.01664	0.00896	0.01142	0.01037	0.01331	0.00822	0.00825	0.04596	0.01749	0.24278	0.12013	0.12310	0.19258	0.01612	0.04430	0.00282	0.00552	0.09699	0.00704	0.00801
65	0.01014	0.00767	0.01089	0.01070	0.01159	0.00893	0.00804	0.01201	0.01075	0.01537	0.01841	0.02985	0.01821	0.19594	0.54296	0.00959	0.06167	0.00779	0.00372	0.00579
66	0.05978	0.01729	0.04562	0.01552	0.05177	0.10466	0.02787	0.27789	0.04348	0.02970	0.07274	0.14474	0.02107	0.01056	0.00739	0.00218	0.02517	0.00861	0.02486	0.00911
67	0.03553	0.02139	0.18752	0.01943	0.12172	0.08409	0.01586	0.07846	0.24667	0.05907	0.01939	0.04877	0.01515	0.00825	0.00675	0.00217	0.00771	0.00676	0.00512	0.01019

[dist]
# distance from previous block
# <min> <max>
0	1

[block]
# block no. 6 follows, 31 sequences, length 25
# corresponding to MSA columns:
# 455-479
name=unknown_G
#
# <colnr> <probs for GDERKNQSTAVLIFYWHMCP>
#	G	D	E	R	K	N	Q	S	T	A	V	L	I	F	Y	W	H	M	C	P
0	0.06376	0.01131	0.01410	0.01128	0.01586	0.01042	0.00919	0.05564	0.05813	0.49386	0.03070	0.02791	0.10232	0.00946	0.00678	0.00212	0.00540	0.00765	0.05375	0.01036
1	0.08878	0.01757	0.01913	0.01968	0.15238	0.07385	0.01330	0.22252	0.26369	0.03089	0.01872	0.01896	0.01416	0.00793	0.00659	0.00213	0.00708	0.00635	0.00574	0.01054
2	0.08550	0.05635	0.10799	0.01553	0.07119	0.14732	0.01272	0.04971	0.02976	0.07060	0.01308	0.01460	0.01020	0.00629	0.00571	0.00164	0.00758	0.00470	0.00419	0.28533
3	0.01690	0.01805	0.18492	0.01860	0.12341	0.02733	0.04666	0.04934	0.05970	0.13952	0.06778	0.06568	0.09062	0.03085	0.00833	0.00234	0.02717	0.00823	0.00523	0.00933
4	0.01533	0.10525	0.34222	0.02244	0.03057	0.01771	0.30429	0.02207	0.03510	0.02138	0.01309	0.01608	0.00975	0.00620	0.00695	0.00216	0.01028	0.00626	0.00325	0.00962
5	0.01590	0.01550	0.02730	0.20749	0.48980	0.01611	0.08726	0.02025	0.01518	0.02115	0.01280	0.01739	0.01038	0.00624	0.00692	0.00212	0.00870	0.00629	0.00331	0.00991
6	0.02053	0.01478	0.01686	0.04978	0.01917	0.09907	0.06754	0.14943	0.03812	0.18676	0.02677	0.05911	0.10495	0.00983	0.00696	0.00211	0.00691	0.02205	0.09020	0.00908
7	0.01329	0.01163	0.01588	0.03619	0.01664	0.04529	0.09252	0.07323	0.01435	0.01937	0.02240	0.05010	0.08578	0.15158	0.20532	0.00537	0.08943	0.00846	0.03630	0.00687
8	0.00985	0.00696	0.00933	0.01067	0.01157	0.00681	0.00823	0.01179	0.01389	0.01827	0.03461	0.32901	0.03945	0.12976	0.01294	0.00353	0.00547	0.32617	0.00600	0.00570
9	0.01433	0.01391	0.02388	0.27958	0.26499	0.01478	0.11371	0.01924	0.04743	0.02040	0.02045	0.02406	0.09764	0.00785	0.00715	0.00221	0.00826	0.00748	0.00381	0.00885
10	0.01593	0.01746	0.03650	0.03038	0.16128	0.01656	0.53501	0.02116	0.01590	0.02179	0.01478	0.05274	0.01210	0.00656	0.00786	0.00228	0.01055	0.00824	0.00358	0.00935
11	0.01451	0.03332	0.66162	0.01877	0.02849	0.01533	0.02385	0.02200	0.01467	0.05336	0.01294	0.01483	0.00910	0.00653	0.00646	0.00211	0.00970	0.00509	0.00319	0.04412
12	0.00965	0.00651	0.00755	0.00784	0.00792	0.00643	0.00455	0.00987	0.01053	0.01404	0.02455	0.17638	0.02865	0.62280	0.02999	0.00592	0.00614	0.01171	0.00455	0.00441
13	0.00978	0.00730	0.01083	0.01083	0.01199	0.00846	0.00834	0.01211	0.01095	0.01576	0.01848	0.02772	0.01747	0.08465	0.69961	0.01079	0.01777	0.00745	0.00369	0.00602
14	0.57789	0.01396	0.01220	0.01043	0.01477	0.01583	0.00860	0.15487	0.01618	0.05167	0.01262	0.01491	0.00979	0.00719	0.00500	0.00211	0.00570	0.02312	0.03484	0.00830
15	0.16460	0.52761	0.12219	0.01223	0.01835	0.02341	0.01270	0.02057	0.01355	0.01955	0.00988	0.01146	0.00851	0.00603	0.00464	0.00168	0.00731	0.00385	0.00316	0.00870
16	0.01112	0.00726	0.00916	0.00975	0.01148	0.00662	0.00749	0.01309	0.01511	0.08851	0.04560	0.31813	0.23816	0.01833	0.00853	0.00266	0.00456	0.17147	0.00655	0.00640
17	0.01226	0.00836	0.01190	0.01128	0.01266	0.00966	0.00878	0.01446	0.01176	0.07730	0.01860	0.02678	0.01693	0.09942	0.50796	0.00863	0.08805	0.00733	0.04131	0.00658
18	0.01694	0.01585	0.02638	0.16823	0.50249	0.01654	0.05029	0.07869	0.01669	0.02323	0.01309	0.01720	0.01057	0.00640	0.00685	0.00209	0.00841	0.00619	0.00363	0.01024
19	0.04878	0.08149	0.02362	0.02247	0.18078	0.13701	0.14393	0.01929	0.01551	0.02010	0.04386	0.17479	0.01942	0.00992	0.00749	0.00218	0.02787	0.00897	0.00420	0.00833
20	0.06838	0.10173	0.03927	0.01240	0.01695	0.04898	0.01058	0.21600	0.05186	0.13907	0.02775	0.02846	0.14400	0.00990	0.00664	0.00208	0.00638	0.03240	0.02782	0.00935
21	0.01769	0.01752	0.02582	0.03709	0.58710	0.07833	0.01931	0.02307	0.08443	0.02249	0.01416	0.01739	0.01166	0.00650	0.00674	0.00204	0.00822	0.00611	0.00375	0.01058
22	0.01786	0.47847	0.08114	0.01306	0.01827	0.11046	0.01236	0.02205	0.08324	0.01796	0.01412	0.07730	0.01314	0.00774	0.00540	0.00175	0.00767	0.00563	0.00370	0.00870
23	0.03679	0.12804	0.16920	0.05115	0.14315	0.10581	0.01638	0.08605	0.01691	0.06685	0.01290	0.01496	0.01002	0.00680	0.00674	0.00192	0.03829	0.00514	0.00393	0.07897
24	0.02122	0.04347	0.11237	0.01979	0.11990	0.24004	0.01518	0.19066	0.05011	0.02578	0.01345	0.01499	0.01043	0.00700	0.00634	0.00187	0.00911	0.00525	0.00443	0.08861

[dist]
# distance from previous block
# <min> <max>
0	7

[block]
# block no. 7 follows, 31 sequences, length 26
# corresponding to MSA columns:
# 487-509,518-520
name=unknown_H
#
# <colnr> <probs for GDERKNQSTAVLIFYWHMCP>
#	G	D	E	R	K	N	Q	S	T	A	V	L	I	F	Y	W	H	M	C	P
0	0.00991	0.00673	0.00922	0.00937	0.01009	0.00701	0.00660	0.01096	0.01204	0.01672	0.12715	0.13747	0.02922	0.18523	0.26535	0.12728	0.00964	0.01017	0.00464	0.00520
1	0.01763	0.07368	0.11830	0.02769	0.33716	0.01597	0.06215	0.04570	0.04665	0.07741	0.01441	0.01680	0.01123	0.00639	0.00647	0.00193	0.00788	0.00581	0.00404	0.10272
2	0.01695	0.21722	0.03760	0.01560	0.07169	0.09056	0.06445	0.06462	0.08822	0.03766	0.06145	0.02613	0.13567	0.00897	0.00643	0.00193	0.00710	0.00730	0.00474	0.03569
3	0.02452	0.01945	0.01712	0.01446	0.01868	0.22950	0.01136	0.17349	0.10917	0.21109	0.02033	0.06008	0.01547	0.00880	0.00670	0.00204	0.00790	0.00678	0.03316	0.00990
4	0.01730	0.13457	0.13977	0.01545	0.06156	0.01466	0.05016	0.02254	0.07394	0.11427	0.01585	0.03511	0.01244	0.00676	0.00596	0.00171	0.00691	0.00558	0.00450	0.26096
5	0.04433	0.19277	0.12386	0.01473	0.01970	0.19309	0.01358	0.07982	0.06933	0.04678	0.01529	0.01952	0.01290	0.01159	0.06881	0.00273	0.00959	0.04852	0.00423	0.00883
6	0.01033	0.00739	0.01019	0.01152	0.01286	0.00725	0.00956	0.01310	0.01564	0.02068	0.11544	0.20973	0.04348	0.01883	0.00915	0.00296	0.00548	0.46381	0.00645	0.00617
7	0.01695	0.01600	0.02573	0.03733	0.60085	0.01638	0.01931	0.02355	0.12994	0.02339	0.01535	0.01836	0.01250	0.00662	0.00680	0.00208	0.00768	0.00637	0.00398	0.01084
8	0.02146	0.04795	0.10486	0.01628	0.07241	0.06149	0.01342	0.19106	0.04037	0.18749	0.03988	0.06124	0.01706	0.00901	0.00684	0.00209	0.00723	0.04046	0.00591	0.05349
9	0.09848	0.01354	0.01612	0.01262	0.01769	0.01334	0.01037	0.18954	0.05045	0.44163	0.02448	0.02221	0.04077	0.00858	0.00668	0.00212	0.00608	0.00674	0.00755	0.01101
10	0.01071	0.00887	0.00963	0.00933	0.01172	0.00881	0.00700	0.01724	0.19721	0.02239	0.15229	0.13333	0.35526	0.01518	0.00786	0.00234	0.00400	0.01295	0.00669	0.00718
11	0.00847	0.00603	0.00801	0.00954	0.00995	0.00566	0.00640	0.00967	0.01306	0.01739	0.03707	0.70963	0.04433	0.04868	0.00972	0.00293	0.00413	0.03753	0.00627	0.00553
12	0.17696	0.01769	0.01883	0.01623	0.05415	0.06501	0.05315	0.29753	0.17486	0.03341	0.01689	0.01728	0.01256	0.00775	0.00638	0.00212	0.00721	0.00602	0.00576	0.01020
13	0.04342	0.01551	0.01829	0.01693	0.09997	0.05507	0.01221	0.17665	0.12661	0.32967	0.02184	0.02049	0.01499	0.00813	0.00677	0.00210	0.00676	0.00655	0.00691	0.01112
14	0.01395	0.01073	0.01216	0.01094	0.01368	0.01140	0.00844	0.09955	0.23333	0.02885	0.33048	0.06637	0.06040	0.01188	0.00741	0.00219	0.00444	0.01019	0.05527	0.00836
15	0.01694	0.01607	0.02634	0.03872	0.63540	0.01634	0.01981	0.02279	0.09588	0.02308	0.01461	0.01793	0.01201	0.00647	0.00679	0.00207	0.00781	0.00629	0.00380	0.01084
16	0.09440	0.04837	0.05701	0.01580	0.09884	0.04890	0.01190	0.09086	0.04849	0.28874	0.02554	0.02450	0.09938	0.00880	0.00661	0.00209	0.00653	0.00703	0.00620	0.01001
17	0.02098	0.02534	0.01682	0.01534	0.01802	0.50935	0.01146	0.02251	0.01712	0.01650	0.01793	0.02200	0.08528	0.09627	0.01112	0.00249	0.07416	0.00625	0.00385	0.00722
18	0.00838	0.00616	0.00786	0.00909	0.00984	0.00564	0.00619	0.00977	0.01385	0.01822	0.08332	0.61088	0.14496	0.02038	0.00860	0.00267	0.00385	0.01828	0.00642	0.00564
19	0.03814	0.08394	0.04929	0.01334	0.01694	0.09646	0.05203	0.07661	0.05982	0.03698	0.12511	0.06094	0.10533	0.01207	0.00743	0.00229	0.00678	0.14303	0.00559	0.00789
20	0.01640	0.01494	0.02456	0.19730	0.25765	0.01653	0.10030	0.02214	0.09502	0.06044	0.01482	0.01851	0.01163	0.00755	0.00915	0.00230	0.11078	0.00656	0.00396	0.00946
21	0.01045	0.00713	0.00855	0.00854	0.01046	0.00637	0.00631	0.01239	0.01558	0.08010	0.15033	0.22816	0.34613	0.01930	0.05538	0.00295	0.00473	0.01426	0.00654	0.00635
22	0.01429	0.00797	0.00993	0.00957	0.01175	0.00719	0.00702	0.03359	0.01563	0.19005	0.04150	0.34496	0.20313	0.05845	0.00954	0.00270	0.00454	0.01424	0.00676	0.00718
23	0.05418	0.12313	0.14302	0.01667	0.02185	0.41998	0.01486	0.09135	0.01880	0.02069	0.01127	0.01289	0.00901	0.00689	0.00599	0.00184	0.01056	0.00457	0.00370	0.00876
24	0.01693	0.01626	0.02777	0.04199	0.71689	0.01626	0.02100	0.02100	0.01558	0.02235	0.01287	0.01693	0.01084	0.00610	0.00677	0.00203	0.00813	0.00610	0.00339	0.01084
25	0.14965	0.02306	0.04315	0.05418	0.14728	0.30512	0.10429	0.03877	0.03420	0.02178	0.01193	0.01452	0.00953	0.00665	0.00629	0.00200	0.00984	0.00530	0.00373	0.00874

[dist]
# distance from previous block
# <min> <max>
0	1

[block]
# block no. 8 follows, 31 sequences, length 20
# corresponding to MSA columns:
# 522-541
name=unknown_I
#
# <colnr> <probs for GDERKNQSTAVLIFYWHMCP>
#	G	D	E	R	K	N	Q	S	T	A	V	L	I	F	Y	W	H	M	C	P
0	0.00897	0.00620	0.00778	0.00882	0.00957	0.00579	0.00600	0.01053	0.01380	0.01903	0.09707	0.53102	0.09262	0.05649	0.00954	0.00276	0.00392	0.01663	0.08778	0.00566
1	0.01034	0.00832	0.01009	0.00985	0.01149	0.00855	0.00737	0.01464	0.10222	0.02238	0.26946	0.21517	0.19392	0.01574	0.00922	0.00242	0.06210	0.01342	0.00656	0.00672
2	0.01906	0.36945	0.09652	0.01835	0.09725	0.18262	0.05121	0.02207	0.01532	0.01779	0.01059	0.01287	0.00910	0.00652	0.00637	0.00178	0.04651	0.00458	0.00314	0.00890
3	0.05455	0.02087	0.01840	0.01541	0.01976	0.20513	0.01233	0.36757	0.08149	0.03193	0.01673	0.01970	0.01326	0.01068	0.04348	0.00251	0.00900	0.04163	0.00569	0.00986
4	0.08798	0.01833	0.07364	0.01490	0.02026	0.05542	0.04025	0.28828	0.12267	0.11786	0.03768	0.01872	0.01427	0.00794	0.00657	0.00205	0.00719	0.00623	0.00608	0.05366
5	0.00830	0.00610	0.00779	0.00915	0.00982	0.00559	0.00618	0.00957	0.01346	0.01761	0.04229	0.65508	0.14231	0.02084	0.00864	0.00271	0.00390	0.01872	0.00635	0.00559
6	0.00960	0.00695	0.00891	0.00892	0.01017	0.00658	0.00639	0.01258	0.03930	0.02382	0.46468	0.22905	0.05510	0.07424	0.01030	0.00267	0.00375	0.01383	0.00695	0.00619
7	0.01633	0.01766	0.02452	0.01998	0.02199	0.11205	0.16476	0.01880	0.01301	0.01775	0.01146	0.04618	0.01078	0.01035	0.01657	0.00267	0.45717	0.00680	0.00331	0.00785
8	0.02361	0.08134	0.01849	0.01352	0.01838	0.01646	0.01110	0.17215	0.27179	0.26317	0.02353	0.02156	0.01654	0.00848	0.00668	0.00212	0.00616	0.00675	0.00708	0.01109
9	0.00939	0.00692	0.00878	0.00845	0.01008	0.00631	0.00629	0.01230	0.01848	0.02564	0.58703	0.09848	0.14662	0.01490	0.00811	0.00221	0.00331	0.01309	0.00730	0.00631
10	0.00863	0.00632	0.00810	0.00940	0.01019	0.00586	0.00660	0.01006	0.01363	0.01779	0.04160	0.56210	0.14068	0.04454	0.00956	0.00287	0.00422	0.08595	0.00627	0.00562
11	0.04437	0.00792	0.00970	0.01003	0.01131	0.03094	0.00728	0.01341	0.01294	0.06952	0.02666	0.34592	0.02842	0.02592	0.18856	0.07290	0.00809	0.01220	0.06778	0.00614
12	0.01514	0.22850	0.48326	0.01820	0.02690	0.01899	0.07726	0.02137	0.01444	0.02020	0.01167	0.01385	0.00884	0.00627	0.00607	0.00199	0.00948	0.00493	0.00295	0.00968
13	0.00985	0.00701	0.00936	0.00936	0.01001	0.00766	0.00651	0.01116	0.01051	0.01467	0.01982	0.03518	0.02071	0.37983	0.40886	0.00897	0.01290	0.00854	0.00389	0.00520
14	0.00857	0.00629	0.00799	0.00918	0.00999	0.00581	0.00637	0.01001	0.01380	0.01807	0.06998	0.54974	0.15171	0.04711	0.00959	0.00284	0.00409	0.05693	0.00632	0.00562
15	0.06055	0.01685	0.05804	0.12778	0.11085	0.05123	0.11551	0.13463	0.06966	0.02566	0.01494	0.01781	0.01149	0.00726	0.00737	0.00210	0.04550	0.00619	0.07558	0.04100
16	0.01620	0.02294	0.28767	0.01750	0.05901	0.09820	0.03559	0.02054	0.01508	0.08595	0.06968	0.05077	0.01703	0.08046	0.01122	0.00265	0.08964	0.00701	0.00416	0.00869
17	0.01672	0.00842	0.00938	0.00846	0.01100	0.00836	0.00666	0.06324	0.03824	0.14461	0.02348	0.02668	0.01806	0.00856	0.00553	0.00180	0.00411	0.03393	0.55502	0.00775
18	0.07341	0.14680	0.14171	0.01619	0.05873	0.01928	0.01447	0.29635	0.04485	0.07917	0.01562	0.03649	0.01195	0.00771	0.00625	0.00201	0.00753	0.00586	0.00525	0.01037
19	0.01557	0.08488	0.29490	0.01716	0.06776	0.05987	0.01671	0.05862	0.11597	0.02359	0.08977	0.04850	0.01818	0.00824	0.00658	0.00205	0.00783	0.00669	0.00446	0.05268

[dist]
# distance from previous block
# <min> <max>
0	2

[block]
# block no. 9 follows, 31 sequences, length 57
# corresponding to MSA columns:
# 544-600
name=unknown_J
#
# <colnr> <probs for GDERKNQSTAVLIFYWHMCP>
#	G	D	E	R	K	N	Q	S	T	A	V	L	I	F	Y	W	H	M	C	P
0	0.01587	0.13847	0.33216	0.01816	0.06694	0.05627	0.05453	0.02206	0.06233	0.05428	0.04947	0.06879	0.01541	0.00806	0.00654	0.00209	0.00847	0.00666	0.00400	0.00941
1	0.01841	0.52664	0.08669	0.01736	0.12562	0.04812	0.01430	0.05846	0.01540	0.01901	0.01066	0.01250	0.00925	0.00611	0.00511	0.00165	0.00784	0.00430	0.00323	0.00933
2	0.01397	0.01263	0.02145	0.45046	0.18132	0.01430	0.05019	0.01812	0.01443	0.03798	0.01592	0.07326	0.01396	0.00837	0.00716	0.00231	0.00842	0.04381	0.00369	0.00825
3	0.02055	0.09596	0.16113	0.01629	0.05038	0.06558	0.01464	0.20262	0.12649	0.10880	0.01850	0.05755	0.01440	0.00838	0.00660	0.00208	0.00765	0.00661	0.00547	0.01031
4	0.01500	0.10920	0.61969	0.01835	0.02779	0.01676	0.02316	0.02210	0.01463	0.05431	0.01269	0.01451	0.00907	0.00653	0.00630	0.00209	0.00962	0.00500	0.00316	0.01005
5	0.00986	0.00770	0.00913	0.00957	0.01127	0.00744	0.00718	0.01396	0.09932	0.02091	0.14035	0.27801	0.24006	0.01738	0.00833	0.00255	0.00419	0.09973	0.00658	0.00649
6	0.00875	0.00668	0.00769	0.00806	0.00968	0.00593	0.00588	0.01072	0.01556	0.02023	0.17456	0.24440	0.36637	0.01741	0.00814	0.00240	0.00362	0.03392	0.04411	0.00588
7	0.01824	0.01722	0.14277	0.01396	0.01888	0.01441	0.01287	0.18896	0.16687	0.10560	0.15561	0.05486	0.02576	0.01001	0.00717	0.00221	0.00636	0.02196	0.00644	0.00984
8	0.01758	0.01274	0.04843	0.01354	0.01692	0.05067	0.05204	0.02201	0.08465	0.20650	0.03005	0.17153	0.06324	0.01325	0.00840	0.00250	0.03453	0.13662	0.00634	0.00850
9	0.01135	0.00704	0.00904	0.00928	0.01061	0.00670	0.00658	0.01293	0.01371	0.09460	0.06115	0.34030	0.12399	0.11849	0.11321	0.00424	0.00641	0.01381	0.03036	0.00621
10	0.03877	0.01395	0.02069	0.18996	0.18573	0.03989	0.07254	0.06256	0.03785	0.11783	0.02175	0.07948	0.07125	0.00894	0.00709	0.00221	0.00759	0.00801	0.00483	0.00909
11	0.05785	0.10750	0.01862	0.01268	0.01796	0.09447	0.01040	0.14986	0.09656	0.05949	0.01483	0.01559	0.01152	0.00668	0.00570	0.00160	0.00669	0.00498	0.00494	0.30207
12	0.01409	0.01205	0.01402	0.01287	0.01422	0.05180	0.00983	0.12190	0.01559	0.02099	0.03996	0.25667	0.04614	0.10177	0.04185	0.00338	0.19962	0.01113	0.00507	0.00705
13	0.00858	0.00660	0.00760	0.00802	0.00939	0.00589	0.00561	0.01016	0.01470	0.01880	0.14089	0.27572	0.34297	0.09987	0.01123	0.00291	0.00394	0.01522	0.00627	0.00562
14	0.01564	0.01059	0.01356	0.05248	0.04962	0.00951	0.00911	0.04152	0.03637	0.14070	0.17747	0.05815	0.08517	0.03126	0.00758	0.00198	0.00512	0.00840	0.00594	0.23983
15	0.01697	0.09386	0.11571	0.01379	0.01817	0.04074	0.04491	0.05029	0.04211	0.13828	0.10123	0.14856	0.02370	0.01068	0.00804	0.00217	0.05869	0.00883	0.00542	0.05786
