[name]
unknown

[dist]
# distance from previous block
# <min> <max>
0	15

[block]
# block no. 0 follows, 30 sequences, length 18
# corresponding to MSA columns:
# 15-32
name=unknown_A
#
# <colnr> <probs for GDERKNQSTAVLIFYWHMCP>
#	G	D	E	R	K	N	Q	S	T	A	V	L	I	F	Y	W	H	M	C	P
0	0.01098	0.00831	0.01136	0.01218	0.01338	0.00890	0.01003	0.01342	0.01437	0.01908	0.03355	0.13916	0.07036	0.07907	0.07276	0.00406	0.07761	0.38948	0.00571	0.00624
1	0.01728	0.02004	0.06612	0.35820	0.15888	0.19022	0.05077	0.02142	0.01590	0.01902	0.01223	0.01666	0.00957	0.00682	0.00684	0.00214	0.01011	0.00582	0.00330	0.00867
2	0.00940	0.00710	0.00857	0.00821	0.00999	0.00639	0.00609	0.01208	0.01815	0.02457	0.48507	0.05629	0.25513	0.05086	0.00955	0.00246	0.00353	0.01313	0.00716	0.00626
3	0.00855	0.00625	0.00804	0.00936	0.01006	0.00574	0.00635	0.00994	0.01400	0.01848	0.07784	0.63325	0.12457	0.02097	0.00879	0.00274	0.00395	0.01886	0.00654	0.00574
4	0.01400	0.03610	0.71860	0.01989	0.03020	0.01621	0.02578	0.02210	0.01473	0.02210	0.01252	0.01473	0.00884	0.00663	0.00663	0.00221	0.01031	0.00516	0.00295	0.01031
5	0.00860	0.00611	0.00807	0.00959	0.00997	0.00573	0.00635	0.00974	0.01317	0.01756	0.03749	0.70866	0.04493	0.06507	0.01048	0.00307	0.00421	0.01927	0.00635	0.00558
6	0.01006	0.00713	0.00947	0.00947	0.01011	0.00777	0.00654	0.01134	0.01070	0.01490	0.02029	0.03627	0.02129	0.39311	0.39159	0.00906	0.01291	0.00877	0.00398	0.00526
7	0.02653	0.01955	0.02094	0.01606	0.02164	0.02164	0.01326	0.68796	0.03281	0.04398	0.01675	0.01675	0.01187	0.00838	0.00698	0.00209	0.00768	0.00628	0.00698	0.01187
8	0.80405	0.01350	0.01026	0.00918	0.01350	0.01565	0.00756	0.02051	0.01188	0.03131	0.00972	0.01134	0.00756	0.00648	0.00432	0.00216	0.00540	0.00378	0.00432	0.00756
9	0.00825	0.00707	0.00707	0.00707	0.00943	0.00589	0.00530	0.01001	0.01591	0.01885	0.07069	0.06716	0.70839	0.01767	0.00825	0.00236	0.00353	0.01473	0.00648	0.00589
10	0.80405	0.01350	0.01026	0.00918	0.01350	0.01565	0.00756	0.02051	0.01188	0.03131	0.00972	0.01134	0.00756	0.00648	0.00432	0.00216	0.00540	0.00378	0.00432	0.00756
11	0.80405	0.01350	0.01026	0.00918	0.01350	0.01565	0.00756	0.02051	0.01188	0.03131	0.00972	0.01134	0.00756	0.00648	0.00432	0.00216	0.00540	0.00378	0.00432	0.00756
12	0.01111	0.00793	0.01108	0.01269	0.01424	0.00791	0.01100	0.01422	0.01593	0.02073	0.03702	0.11292	0.04047	0.01941	0.00960	0.00319	0.00630	0.63143	0.00643	0.00639
13	0.01584	0.01622	0.02129	0.01830	0.01849	0.05869	0.01517	0.01738	0.01117	0.01681	0.00925	0.01513	0.00915	0.01195	0.02202	0.00299	0.70340	0.00602	0.00308	0.00766
14	0.01013	0.00705	0.00986	0.01008	0.01111	0.00771	0.00748	0.01216	0.01212	0.01760	0.05514	0.13741	0.02450	0.09357	0.43903	0.03648	0.01294	0.00962	0.08009	0.00592
15	0.06288	0.01323	0.01674	0.01289	0.01827	0.01239	0.01065	0.14296	0.02178	0.57482	0.02498	0.02206	0.01596	0.00850	0.00690	0.00215	0.00621	0.00676	0.00818	0.01169
16	0.00937	0.00633	0.00794	0.00883	0.00930	0.00601	0.00575	0.00999	0.01243	0.01659	0.03418	0.43116	0.09237	0.19726	0.01687	0.07986	0.00483	0.01534	0.03047	0.00511
17	0.01815	0.02162	0.10236	0.07864	0.40864	0.14317	0.08324	0.02250	0.01639	0.02135	0.01269	0.01639	0.01029	0.00645	0.00690	0.00208	0.00967	0.00599	0.00341	0.01008

[dist]
# distance from previous block
# <min> <max>
0	6

[block]
# block no. 1 follows, 30 sequences, length 60
# corresponding to MSA columns:
# 39-67,69-99
name=unknown_B
#
# <colnr> <probs for GDERKNQSTAVLIFYWHMCP>
#	G	D	E	R	K	N	Q	S	T	A	V	L	I	F	Y	W	H	M	C	P
0	0.07160	0.07853	0.37903	0.07398	0.05645	0.01563	0.01915	0.02139	0.03652	0.05867	0.03383	0.01787	0.01226	0.01176	0.08148	0.00310	0.00987	0.00572	0.00374	0.00942
1	0.02713	0.01800	0.01992	0.01533	0.02083	0.01942	0.01265	0.54853	0.05041	0.16678	0.01908	0.01832	0.01314	0.00846	0.00699	0.00211	0.00730	0.00647	0.00729	0.01184
2	0.52272	0.01722	0.06172	0.01551	0.06113	0.05686	0.10568	0.04506	0.01414	0.02858	0.01103	0.01323	0.00851	0.00650	0.00538	0.00216	0.00728	0.00477	0.00412	0.00839
3	0.01037	0.00781	0.01000	0.01127	0.06524	0.00708	0.00751	0.01266	0.01643	0.04753	0.21363	0.21425	0.29761	0.01660	0.00828	0.00242	0.00414	0.03388	0.00662	0.00666
4	0.01840	0.11841	0.07138	0.04618	0.16484	0.08024	0.03732	0.06460	0.04103	0.05869	0.01374	0.01579	0.01089	0.00641	0.00609	0.00173	0.00774	0.00525	0.00417	0.22709
5	0.47341	0.01167	0.01108	0.00985	0.01328	0.01303	0.00783	0.02004	0.01276	0.11942	0.01490	0.01917	0.01232	0.09290	0.09198	0.00371	0.02836	0.00549	0.03120	0.00760
6	0.01760	0.09978	0.24279	0.07038	0.14444	0.11493	0.07069	0.04831	0.08351	0.02220	0.01393	0.01627	0.01075	0.00688	0.00662	0.00209	0.00947	0.00572	0.00374	0.00989
7	0.00932	0.00709	0.00834	0.00803	0.00996	0.00631	0.00602	0.01201	0.01807	0.02429	0.43356	0.05732	0.31996	0.01544	0.00814	0.00224	0.00339	0.01327	0.03093	0.00631
8	0.01042	0.00826	0.01121	0.03723	0.08229	0.00777	0.00828	0.01355	0.01841	0.02532	0.48860	0.05038	0.18414	0.01387	0.00806	0.00222	0.00405	0.01216	0.00686	0.00694
9	0.04679	0.01236	0.03988	0.01217	0.01680	0.01091	0.01015	0.05308	0.07944	0.45777	0.07607	0.07567	0.02242	0.00987	0.00706	0.00220	0.00566	0.00819	0.04293	0.01057
10	0.03048	0.01320	0.01702	0.01305	0.01848	0.01223	0.01078	0.14733	0.02220	0.59960	0.02566	0.02254	0.01634	0.00859	0.00701	0.00215	0.00624	0.00689	0.00835	0.01187
11	0.01123	0.00752	0.00944	0.00915	0.01118	0.00680	0.00706	0.01394	0.01797	0.07873	0.37673	0.10495	0.21659	0.01574	0.00834	0.00239	0.00396	0.08430	0.00724	0.00675
12	0.01810	0.67326	0.11742	0.01288	0.01937	0.02626	0.01358	0.02104	0.01424	0.01709	0.01004	0.01161	0.00894	0.00605	0.00473	0.00158	0.00780	0.00390	0.00298	0.00912
13	0.00836	0.00707	0.00723	0.00719	0.00950	0.00594	0.00539	0.01023	0.01617	0.01949	0.11490	0.06611	0.66379	0.01744	0.00825	0.00235	0.00352	0.01458	0.00656	0.00594
14	0.02607	0.03326	0.01978	0.01798	0.02157	0.72674	0.01348	0.02787	0.01978	0.01708	0.01079	0.01258	0.00899	0.00719	0.00629	0.00180	0.01258	0.00449	0.00360	0.00809
15	0.01754	0.01695	0.03790	0.01397	0.01854	0.08670	0.01119	0.03173	0.47026	0.02645	0.02289	0.02199	0.01745	0.00828	0.00661	0.00203	0.00631	0.00670	0.00602	0.17051
16	0.01450	0.01071	0.01221	0.01085	0.01339	0.03952	0.00839	0.09510	0.06389	0.07695	0.41641	0.07107	0.08894	0.01304	0.00835	0.00224	0.02832	0.01107	0.00719	0.00787
17	0.03131	0.01188	0.01619	0.01242	0.01781	0.01026	0.01026	0.03401	0.01997	0.71606	0.02753	0.02375	0.01727	0.00864	0.00702	0.00216	0.00594	0.00702	0.00864	0.01188
18	0.02607	0.03326	0.01978	0.01798	0.02157	0.72674	0.01348	0.02787	0.01978	0.01708	0.01079	0.01258	0.00899	0.00719	0.00629	0.00180	0.01258	0.00449	0.00360	0.00809
19	0.02051	0.16019	0.13730	0.01915	0.14356	0.03612	0.01507	0.06082	0.04618	0.19626	0.03722	0.06490	0.01598	0.00834	0.00658	0.00206	0.00744	0.00683	0.00524	0.01024
20	0.00965	0.00709	0.00904	0.00864	0.01031	0.00648	0.00645	0.01271	0.01911	0.02664	0.61542	0.08042	0.13220	0.01491	0.00826	0.00224	0.00335	0.01312	0.00751	0.00648
21	0.00997	0.00748	0.01121	0.01121	0.01246	0.00872	0.00872	0.01246	0.01121	0.01620	0.01869	0.02741	0.01745	0.05234	0.72710	0.01121	0.01869	0.00748	0.00374	0.00623
22	0.05449	0.01590	0.02276	0.16088	0.31579	0.07064	0.03805	0.02377	0.04460	0.14132	0.01644	0.03685	0.01277	0.00738	0.00688	0.00216	0.00817	0.00658	0.00456	0.01001
23	0.01401	0.01343	0.01897	0.01664	0.01694	0.01838	0.01372	0.01577	0.01081	0.01665	0.01141	0.01814	0.01112	0.02170	0.18933	0.00498	0.57104	0.00643	0.00322	0.00730
24	0.02607	0.03326	0.01978	0.01798	0.02157	0.72674	0.01348	0.02787	0.01978	0.01708	0.01079	0.01258	0.00899	0.00719	0.00629	0.00180	0.01258	0.00449	0.00360	0.00809
25	0.01096	0.00825	0.00903	0.00883	0.00917	0.03730	0.00555	0.01147	0.01107	0.01465	0.04885	0.04165	0.02498	0.59627	0.10300	0.00670	0.03363	0.00960	0.00425	0.00481
26	0.13146	0.01281	0.01434	0.04051	0.01757	0.01093	0.00880	0.04132	0.01470	0.02454	0.01216	0.01426	0.00994	0.00555	0.00518	0.00129	0.00546	0.00424	0.00422	0.62073
27	0.05034	0.11949	0.12946	0.01743	0.03993	0.15936	0.06584	0.16326	0.03833	0.07699	0.01418	0.01550	0.01070	0.00727	0.00684	0.00199	0.02983	0.00548	0.00462	0.04314
28	0.05013	0.04288	0.01548	0.01307	0.01671	0.06667	0.01024	0.06959	0.40769	0.02831	0.15340	0.02938	0.04666	0.01011	0.00706	0.00223	0.00576	0.00830	0.00666	0.00967
29	0.01771	0.01560	0.01844	0.02171	0.23316	0.12016	0.01300	0.02122	0.04446	0.09173	0.04189	0.08739	0.04132	0.04344	0.02985	0.00245	0.00762	0.00771	0.00482	0.13630
30	0.01189	0.00881	0.00982	0.01003	0.01156	0.05662	0.00720	0.01390	0.01637	0.07543	0.23072	0.38726	0.09908	0.01729	0.00833	0.00249	0.00453	0.01528	0.00679	0.00660
31	0.01109	0.00831	0.01078	0.01237	0.06006	0.00829	0.00851	0.03768	0.04364	0.02038	0.03567	0.28967	0.11970	0.06983	0.06512	0.00356	0.00612	0.12307	0.05949	0.00665
32	0.02251	0.02616	0.02441	0.01998	0.02456	0.41065	0.17988	0.07538	0.08449	0.02177	0.01408	0.01611	0.01103	0.00720	0.00686	0.00201	0.01108	0.00594	0.02698	0.00893
33	0.01636	0.01541	0.02008	0.40689	0.10039	0.09259	0.01663	0.09602	0.04486	0.02181	0.01483	0.04171	0.01198	0.00972	0.03905	0.00261	0.00932	0.00659	0.02460	0.00854
34	0.02608	0.03273	0.01982	0.01790	0.02158	0.69981	0.01347	0.05308	0.02027	0.01811	0.01101	0.01274	0.00910	0.00724	0.00632	0.00181	0.01240	0.00456	0.00372	0.00823
35	0.00848	0.00703	0.00742	0.00742	0.00959	0.00598	0.00553	0.01043	0.01632	0.02005	0.15582	0.09560	0.59149	0.01740	0.00827	0.00236	0.00352	0.01467	0.00664	0.00598
36	0.01504	0.02097	0.18194	0.02550	0.05336	0.01591	0.44446	0.02080	0.01572	0.02178	0.01658	0.10309	0.01437	0.00791	0.00793	0.00237	0.01045	0.00886	0.00375	0.00922
37	0.07172	0.01815	0.01972	0.01698	0.07275	0.05040	0.01289	0.46188	0.02744	0.12565	0.01738	0.01750	0.01232	0.00807	0.00672	0.00208	0.00744	0.00615	0.03356	0.01120
38	0.00880	0.00644	0.00808	0.00915	0.00996	0.00595	0.00626	0.01019	0.01396	0.01830	0.08200	0.50524	0.15328	0.08947	0.01129	0.00310	0.00427	0.04228	0.00634	0.00565
39	0.02246	0.07379	0.02017	0.01504	0.02004	0.02047	0.01232	0.39132	0.28319	0.03630	0.02063	0.01984	0.01521	0.00861	0.00684	0.00215	0.00685	0.00670	0.00672	0.01134
40	0.01950	0.01350	0.05804	0.01293	0.03865	0.01123	0.01054	0.11182	0.01883	0.20614	0.08991	0.07089	0.02078	0.01000	0.02531	0.00210	0.00613	0.00739	0.03632	0.22999
41	0.04425	0.12604	0.19382	0.04777	0.19016	0.06623	0.11933	0.04228	0.06345	0.02248	0.01352	0.01617	0.01058	0.00662	0.00659	0.00208	0.00920	0.00584	0.00366	0.00993
42	0.01345	0.06677	0.33131	0.09554	0.04648	0.01438	0.01732	0.01949	0.06563	0.01972	0.01646	0.04209	0.01469	0.16648	0.03859	0.00349	0.00899	0.00695	0.00369	0.00848
43	0.00866	0.00694	0.00749	0.00760	0.00942	0.00604	0.00545	0.01036	0.01547	0.01922	0.13479	0.13365	0.49363	0.09663	0.01123	0.00286	0.00391	0.01452	0.00638	0.00577
44	0.02090	0.13539	0.12481	0.01897	0.06647	0.30950	0.05953	0.02603	0.08804	0.04461	0.01440	0.01703	0.01164	0.00740	0.00644	0.00198	0.01003	0.02360	0.00402	0.00921
45	0.01852	0.08413	0.05102	0.03430	0.45518	0.08390	0.10266	0.02256	0.01629	0.04650	0.01323	0.01665	0.01077	0.00634	0.00680	0.00204	0.00903	0.00609	0.00361	0.01039
46	0.00962	0.00698	0.00932	0.03635	0.01228	0.00684	0.00765	0.03200	0.01421	0.01886	0.03611	0.59751	0.04234	0.04513	0.00975	0.00297	0.00472	0.09508	0.00629	0.00598
47	0.18525	0.08667	0.09541	0.03996	0.05391	0.19250	0.11385	0.04348	0.01634	0.06653	0.01248	0.01467	0.00963	0.00694	0.00675	0.00208	0.03532	0.00530	0.00400	0.00894
48	0.01223	0.00837	0.00988	0.00869	0.01169	0.00709	0.00670	0.01480	0.01744	0.10025	0.26948	0.04993	0.31980	0.01378	0.00767	0.00210	0.00395	0.01168	0.00679	0.11766
49	0.02204	0.38331	0.05422	0.01514	0.02013	0.36281	0.01320	0.02429	0.01689	0.01695	0.01033	0.01199	0.00897	0.00658	0.00543	0.00167	0.01003	0.00415	0.00328	0.00859
50	0.06770	0.01038	0.01178	0.01172	0.01425	0.01120	0.00940	0.02204	0.24676	0.02524	0.10097	0.09889	0.05526	0.01384	0.00780	0.00257	0.00521	0.20976	0.06722	0.00801
51	0.00841	0.00699	0.00725	0.00734	0.00944	0.00594	0.00539	0.01012	0.01564	0.01891	0.09084	0.11312	0.60982	0.04805	0.00941	0.00256	0.00369	0.01481	0.00643	0.00583
52	0.00924	0.00680	0.00874	0.00997	0.01072	0.00658	0.00681	0.01195	0.06303	0.01942	0.08974	0.64399	0.04590	0.02038	0.00872	0.00275	0.00410	0.01842	0.00662	0.00613
53	0.01114	0.00796	0.01113	0.01274	0.01430	0.00795	0.01107	0.01428	0.01596	0.02077	0.03700	0.10337	0.04038	0.01937	0.00961	0.00320	0.00634	0.64059	0.00643	0.00640
54	0.02653	0.01955	0.02094	0.01606	0.02164	0.02164	0.01326	0.68796	0.03281	0.04398	0.01675	0.01675	0.01187	0.00838	0.00698	0.00209	0.00768	0.00628	0.00698	0.01187
55	0.01447	0.01240	0.01447	0.01034	0.01654	0.00930	0.00827	0.01757	0.01447	0.02274	0.01240	0.01447	0.01034	0.00517	0.00517	0.00103	0.00517	0.00413	0.00413	0.79742
56	0.01447	0.01240	0.01447	0.01034	0.01654	0.00930	0.00827	0.01757	0.01447	0.02274	0.01240	0.01447	0.01034	0.00517	0.00517	0.00103	0.00517	0.00413	0.00413	0.79742
57	0.01301	0.00650	0.00650	0.00650	0.00813	0.00650	0.00488	0.01626	0.01463	0.02602	0.02276	0.02602	0.01789	0.00813	0.00488	0.00163	0.00325	0.00650	0.79350	0.00650
58	0.01647	0.01882	0.04118	0.02941	0.03647	0.01765	0.68588	0.02235	0.01647	0.02235	0.01412	0.01882	0.01059	0.00588	0.00824	0.00235	0.01176	0.00824	0.00353	0.00941
59	0.01447	0.01240	0.01447	0.01034	0.01654	0.00930	0.00827	0.01757	0.01447	0.02274	0.01240	0.01447	0.01034	0.00517	0.00517	0.00103	0.00517	0.00413	0.00413	0.79742

[dist]
# distance from previous block
# <min> <max>
3	16

[block]
# block no. 2 follows, 30 sequences, length 22
# corresponding to MSA columns:
# 118-126,129-132,139-147
name=unknown_C
#
# <colnr> <probs for GDERKNQSTAVLIFYWHMCP>
#	G	D	E	R	K	N	Q	S	T	A	V	L	I	F	Y	W	H	M	C	P
0	0.01508	0.01499	0.02815	0.11576	0.25652	0.01505	0.25079	0.01928	0.01482	0.02044	0.01486	0.02205	0.01284	0.09507	0.07056	0.00350	0.01032	0.00747	0.00355	0.00890
1	0.01508	0.01743	0.11747	0.12185	0.37574	0.04119	0.01882	0.01927	0.01525	0.02102	0.01757	0.13023	0.01683	0.00925	0.00726	0.00227	0.00815	0.03196	0.00391	0.00943
2	0.06843	0.71172	0.03490	0.01177	0.01763	0.02685	0.01166	0.02087	0.01403	0.01736	0.00970	0.01120	0.00887	0.00600	0.00447	0.00153	0.00733	0.00373	0.00307	0.00887
3	0.01216	0.04053	0.10135	0.01333	0.06354	0.01056	0.01083	0.05480	0.05356	0.02380	0.20819	0.11423	0.19901	0.01371	0.00782	0.00233	0.00538	0.05107	0.00606	0.00773
4	0.02092	0.11480	0.13693	0.01830	0.08304	0.16172	0.03859	0.12261	0.01908	0.11176	0.01719	0.09279	0.01458	0.00871	0.00671	0.00207	0.00868	0.00699	0.00485	0.00967
5	0.01866	0.75896	0.03657	0.01194	0.01791	0.02761	0.01194	0.02090	0.01418	0.01642	0.00970	0.01119	0.00896	0.00597	0.00448	0.00149	0.00746	0.00373	0.00299	0.00896
6	0.01900	0.02165	0.11095	0.12975	0.10099	0.17725	0.03950	0.08641	0.03724	0.04464	0.01354	0.01601	0.01044	0.00677	0.00648	0.00189	0.00901	0.00544	0.00410	0.15895
7	0.01318	0.01240	0.02093	0.73798	0.04806	0.01550	0.01938	0.01783	0.01395	0.01783	0.01240	0.01860	0.00930	0.00698	0.00698	0.00233	0.00930	0.00620	0.00310	0.00775
8	0.02119	0.01556	0.01674	0.01398	0.01839	0.01732	0.01118	0.26691	0.34603	0.08296	0.02363	0.02256	0.01732	0.00889	0.00683	0.00218	0.00610	0.00712	0.08415	0.01095
9	0.01970	0.24097	0.02176	0.01363	0.04063	0.11038	0.01113	0.11668	0.01813	0.07457	0.01729	0.04263	0.01482	0.00862	0.00653	0.00192	0.03301	0.04746	0.15135	0.00879
10	0.05416	0.01624	0.01844	0.01411	0.01965	0.01666	0.01162	0.39415	0.02624	0.24850	0.01938	0.01849	0.01322	0.00806	0.00671	0.00201	0.00680	0.00620	0.00711	0.09226
11	0.00908	0.00632	0.00793	0.00898	0.00924	0.00605	0.00569	0.00987	0.01223	0.01631	0.03268	0.50312	0.03886	0.27889	0.01824	0.00421	0.00500	0.01644	0.00569	0.00516
12	0.01240	0.01007	0.01224	0.01170	0.01372	0.03433	0.04280	0.07693	0.06423	0.02204	0.08306	0.27911	0.11671	0.09318	0.01120	0.00302	0.00565	0.09450	0.00616	0.00693
13	0.01489	0.01440	0.02092	0.06590	0.02048	0.01924	0.04403	0.03907	0.01197	0.01794	0.01105	0.01722	0.01037	0.01650	0.10923	0.00397	0.54546	0.00638	0.00330	0.00768
14	0.00897	0.00667	0.00797	0.00846	0.00957	0.00609	0.00580	0.01053	0.01475	0.01934	0.17323	0.31124	0.22811	0.14136	0.01303	0.00324	0.00421	0.01543	0.00634	0.00567
15	0.00985	0.00693	0.00783	0.00842	0.00997	0.00645	0.00616	0.01241	0.03638	0.02052	0.04605	0.28521	0.27350	0.01684	0.00779	0.00241	0.00389	0.05559	0.17767	0.00615
16	0.06045	0.17709	0.14394	0.01937	0.09388	0.06405	0.07270	0.21334	0.02041	0.05142	0.01361	0.01519	0.01034	0.00698	0.00632	0.00199	0.00862	0.00551	0.00452	0.01025
17	0.00905	0.00682	0.00845	0.00951	0.01063	0.00637	0.00679	0.01129	0.03871	0.01911	0.07095	0.48557	0.19534	0.01996	0.00873	0.00272	0.00416	0.07329	0.00654	0.00601
18	0.00858	0.00659	0.00760	0.00829	0.00963	0.00584	0.00578	0.00986	0.01432	0.01793	0.05272	0.35515	0.37162	0.05107	0.01040	0.03236	0.00398	0.01638	0.00625	0.00562
19	0.01579	0.12265	0.01857	0.01238	0.04743	0.04875	0.00965	0.01875	0.01476	0.02153	0.01196	0.01402	0.01010	0.00543	0.00520	0.00118	0.00602	0.00419	0.00391	0.60773
20	0.01613	0.09369	0.16249	0.06813	0.17110	0.04509	0.13578	0.02057	0.01465	0.02024	0.01280	0.01813	0.01081	0.00789	0.00996	0.00232	0.14853	0.02907	0.00333	0.00930
21	0.00956	0.00671	0.00797	0.00878	0.00987	0.00633	0.00608	0.01185	0.03830	0.01978	0.06653	0.43142	0.16160	0.05560	0.00946	0.00273	0.00400	0.01576	0.12168	0.00598

[dist]
# distance from previous block
# <min> <max>
0	2

[block]
# block no. 3 follows, 30 sequences, length 27
# corresponding to MSA columns:
# 151-177
name=unknown_D
#
# <colnr> <probs for GDERKNQSTAVLIFYWHMCP>
#	G	D	E	R	K	N	Q	S	T	A	V	L	I	F	Y	W	H	M	C	P
0	0.05328	0.05183	0.03895	0.02143	0.15025	0.17379	0.05935	0.10836	0.19857	0.02580	0.01758	0.01993	0.01398	0.00795	0.00679	0.00213	0.00850	0.02656	0.00498	0.00999
1	0.00910	0.00656	0.00843	0.00918	0.01021	0.00604	0.00649	0.01077	0.01521	0.02033	0.20866	0.41238	0.14613	0.01938	0.00962	0.04382	0.00398	0.04129	0.00660	0.00582
2	0.01589	0.04155	0.12202	0.18670	0.32812	0.01681	0.09979	0.02181	0.05841	0.02177	0.01386	0.01776	0.01090	0.00660	0.00698	0.00218	0.00900	0.00634	0.00353	0.00997
3	0.01123	0.00918	0.01284	0.03697	0.05820	0.03024	0.00974	0.01361	0.01205	0.01690	0.04446	0.02839	0.01888	0.11554	0.51003	0.00894	0.04473	0.00769	0.00387	0.00651
4	0.00849	0.00699	0.00746	0.00753	0.00962	0.00597	0.00558	0.01042	0.01621	0.02000	0.15424	0.12298	0.56524	0.01757	0.00830	0.00237	0.00355	0.01487	0.00664	0.00597
5	0.00856	0.00616	0.00813	0.00958	0.01011	0.00572	0.00644	0.00991	0.01378	0.01838	0.07428	0.69067	0.06977	0.02133	0.00885	0.00278	0.00399	0.01929	0.00654	0.00572
6	0.00936	0.00684	0.00895	0.01012	0.01123	0.00643	0.00761	0.01140	0.01511	0.01990	0.11678	0.40755	0.12966	0.01980	0.00894	0.00280	0.00453	0.19038	0.00660	0.00600
7	0.01400	0.03610	0.71860	0.01989	0.03020	0.01621	0.02578	0.02210	0.01473	0.02210	0.01252	0.01473	0.00884	0.00663	0.00663	0.00221	0.01031	0.00516	0.00295	0.01031
8	0.02607	0.03326	0.01978	0.01798	0.02157	0.72674	0.01348	0.02787	0.01978	0.01708	0.01079	0.01258	0.00899	0.00719	0.00629	0.00180	0.01258	0.00449	0.00360	0.00809
9	0.00988	0.00713	0.00933	0.00878	0.01043	0.00658	0.00658	0.01317	0.01975	0.02798	0.70754	0.05213	0.06584	0.01427	0.00823	0.00219	0.00329	0.01262	0.00768	0.00658
10	0.01631	0.01693	0.06611	0.06741	0.54054	0.01584	0.06785	0.02075	0.01595	0.02266	0.04334	0.02114	0.01426	0.00709	0.00715	0.00216	0.00841	0.03199	0.00371	0.01039
11	0.80405	0.01350	0.01026	0.00918	0.01350	0.01565	0.00756	0.02051	0.01188	0.03131	0.00972	0.01134	0.00756	0.00648	0.00432	0.00216	0.00540	0.00378	0.00432	0.00756
12	0.01015	0.00677	0.00761	0.00761	0.00761	0.00677	0.00423	0.01015	0.01015	0.01353	0.02199	0.04567	0.02537	0.75476	0.03552	0.00677	0.00677	0.01015	0.00423	0.00423
13	0.01413	0.03513	0.68067	0.02042	0.03055	0.01629	0.06274	0.02211	0.01483	0.02211	0.01261	0.01496	0.00894	0.00659	0.00672	0.00222	0.01039	0.00533	0.00298	0.01026
14	0.06301	0.01588	0.07868	0.09804	0.17054	0.03454	0.01443	0.10386	0.11141	0.02649	0.09637	0.07153	0.02089	0.00917	0.00692	0.00219	0.00692	0.00783	0.05200	0.00930
15	0.02653	0.01955	0.02094	0.01606	0.02164	0.02164	0.01326	0.68796	0.03281	0.04398	0.01675	0.01675	0.01187	0.00838	0.00698	0.00209	0.00768	0.00628	0.00698	0.01187
16	0.01492	0.04556	0.27136	0.05127	0.05032	0.03895	0.20615	0.02182	0.07402	0.02199	0.04653	0.04660	0.03631	0.03338	0.00825	0.00241	0.00935	0.00756	0.00399	0.00926
17	0.02285	0.01182	0.01495	0.01278	0.01688	0.01155	0.01053	0.08640	0.12140	0.35250	0.08691	0.03720	0.02626	0.01141	0.00767	0.00240	0.00590	0.14268	0.00773	0.01018
18	0.01340	0.01174	0.01853	0.52838	0.03775	0.01467	0.01643	0.01744	0.01368	0.01910	0.01378	0.01947	0.01074	0.00779	0.00851	0.00229	0.09516	0.00624	0.13736	0.00753
19	0.01978	0.14783	0.12194	0.05139	0.10840	0.22573	0.08835	0.07203	0.03883	0.02134	0.01421	0.01639	0.02958	0.00709	0.00648	0.00197	0.00984	0.00567	0.00379	0.00933
20	0.01596	0.01594	0.12140	0.01991	0.10576	0.01253	0.16434	0.04549	0.01653	0.10676	0.02601	0.14574	0.08220	0.01080	0.00762	0.00234	0.00757	0.03489	0.04929	0.00892
21	0.00926	0.00655	0.00854	0.00930	0.00985	0.00647	0.00624	0.01056	0.01288	0.01752	0.09814	0.40038	0.03880	0.21083	0.11697	0.00495	0.00673	0.01492	0.00564	0.00547
22	0.00974	0.00794	0.00978	0.01101	0.06342	0.00727	0.00738	0.01258	0.03919	0.02144	0.20109	0.16940	0.36042	0.01650	0.00825	0.00240	0.00408	0.03498	0.00654	0.00659
23	0.01583	0.05469	0.25272	0.02458	0.16965	0.05503	0.12207	0.02147	0.03941	0.02156	0.04178	0.04043	0.01352	0.00792	0.00873	0.00227	0.08840	0.00671	0.00364	0.00959
24	0.01718	0.01254	0.01513	0.08405	0.07783	0.01359	0.01106	0.08497	0.25302	0.08521	0.02746	0.02758	0.08485	0.00932	0.00672	0.00215	0.00570	0.00776	0.16444	0.00945
25	0.00858	0.00629	0.00808	0.00947	0.01020	0.00579	0.00650	0.00995	0.01383	0.01808	0.04292	0.62741	0.13886	0.02117	0.00884	0.00278	0.00407	0.04496	0.00648	0.00573
26	0.01762	0.04556	0.26546	0.04841	0.16708	0.08517	0.07333	0.07201	0.04474	0.04493	0.01505	0.01876	0.01176	0.00730	0.00684	0.00215	0.00926	0.02788	0.02668	0.01000

[dist]
# distance from previous block
# <min> <max>
0	1

[block]
# block no. 4 follows, 30 sequences, length 30
# corresponding to MSA columns:
# 179-208
name=unknown_E
#
# <colnr> <probs for GDERKNQSTAVLIFYWHMCP>
#	G	D	E	R	K	N	Q	S	T	A	V	L	I	F	Y	W	H	M	C	P
0	0.05005	0.03814	0.06580	0.01204	0.01635	0.06988	0.01035	0.16368	0.01969	0.15065	0.01990	0.04839	0.01524	0.00837	0.00608	0.00191	0.00626	0.00652	0.24788	0.04281
1	0.41717	0.04548	0.01585	0.01392	0.05013	0.11764	0.04164	0.07472	0.03638	0.02736	0.01390	0.07263	0.01223	0.00913	0.02343	0.00237	0.00735	0.00591	0.00454	0.00821
2	0.01013	0.00686	0.00807	0.00807	0.00823	0.00702	0.00480	0.01044	0.01028	0.01387	0.02157	0.04334	0.02436	0.66510	0.12379	0.00733	0.00829	0.00981	0.00417	0.00448
3	0.01663	0.02055	0.16277	0.03819	0.02104	0.11689	0.04160	0.10409	0.03849	0.02369	0.09923	0.02430	0.05473	0.03276	0.02937	0.00264	0.12199	0.00725	0.03525	0.00857
4	0.01070	0.00779	0.01046	0.01029	0.01150	0.00858	0.00759	0.01370	0.06674	0.01741	0.07326	0.03340	0.04835	0.16800	0.40645	0.07406	0.01273	0.00853	0.00444	0.00601
5	0.01539	0.01613	0.03189	0.22231	0.16487	0.01636	0.35257	0.02042	0.01555	0.02102	0.01451	0.04966	0.01185	0.00692	0.00768	0.00231	0.01012	0.00780	0.00353	0.00911
6	0.01419	0.03471	0.66432	0.02065	0.03070	0.01632	0.07867	0.02212	0.01487	0.02212	0.01265	0.01506	0.00898	0.00657	0.00676	0.00222	0.01043	0.00540	0.00299	0.01024
7	0.00981	0.00669	0.00802	0.00831	0.00853	0.00669	0.00506	0.01033	0.01116	0.01502	0.04724	0.18049	0.03013	0.53914	0.07885	0.00618	0.00698	0.01191	0.00474	0.00473
8	0.00895	0.00739	0.00864	0.00894	0.01041	0.00708	0.00655	0.01056	0.01474	0.01863	0.07568	0.29700	0.40384	0.01856	0.00965	0.00257	0.06287	0.01572	0.00624	0.00598
9	0.00850	0.00607	0.00810	0.00972	0.01012	0.00567	0.00648	0.00972	0.01336	0.01781	0.03846	0.75020	0.04615	0.02186	0.00891	0.00283	0.00405	0.01984	0.00648	0.00567
10	0.02258	0.01831	0.01729	0.01424	0.01856	0.11563	0.01138	0.37567	0.12272	0.03472	0.01874	0.01927	0.01396	0.00832	0.00650	0.00200	0.00721	0.00631	0.15639	0.01021
11	0.01504	0.01274	0.01477	0.01060	0.01678	0.00988	0.00850	0.04908	0.01533	0.02374	0.01261	0.01458	0.01041	0.00532	0.00525	0.00108	0.00529	0.00424	0.00427	0.76049
12	0.01818	0.01550	0.01647	0.01516	0.04254	0.06840	0.01157	0.14250	0.27795	0.02790	0.02210	0.05121	0.01814	0.01005	0.00890	0.00231	0.09944	0.03526	0.10684	0.00956
13	0.01780	0.10154	0.07161	0.02403	0.03048	0.06622	0.43105	0.07248	0.04193	0.02314	0.01492	0.01978	0.01184	0.00685	0.00753	0.00223	0.01053	0.03266	0.00394	0.00945
14	0.00987	0.00690	0.00818	0.00818	0.00872	0.00688	0.00517	0.01068	0.01179	0.01579	0.08782	0.06682	0.09458	0.50804	0.11625	0.00637	0.00756	0.01076	0.00476	0.00489
15	0.56830	0.01491	0.01230	0.01104	0.01466	0.07615	0.00889	0.04586	0.01332	0.02807	0.01194	0.05187	0.01044	0.00984	0.03706	0.00262	0.06561	0.00513	0.00435	0.00762
16	0.00892	0.00708	0.00793	0.00773	0.00973	0.00618	0.00574	0.01120	0.01713	0.02206	0.30637	0.06077	0.44393	0.04326	0.00923	0.00246	0.00356	0.01377	0.00685	0.00609
17	0.01447	0.01240	0.01447	0.01034	0.01654	0.00930	0.00827	0.01757	0.01447	0.02274	0.01240	0.01447	0.01034	0.00517	0.00517	0.00103	0.00517	0.00413	0.00413	0.79742
18	0.02537	0.03184	0.01907	0.01737	0.02086	0.68851	0.01303	0.02725	0.01950	0.01755	0.01142	0.01330	0.00946	0.00724	0.00622	0.00179	0.01209	0.00460	0.04553	0.00801
19	0.02317	0.01788	0.01905	0.01538	0.02036	0.02007	0.01245	0.44999	0.27623	0.03857	0.02101	0.02015	0.01532	0.00878	0.00702	0.00219	0.00689	0.00687	0.00702	0.01157
20	0.01318	0.01240	0.02093	0.73798	0.04806	0.01550	0.01938	0.01783	0.01395	0.01783	0.01240	0.01860	0.00930	0.00698	0.00698	0.00233	0.00930	0.00620	0.00310	0.00775
21	0.01375	0.04360	0.01716	0.01687	0.09193	0.01461	0.01196	0.05455	0.03473	0.01998	0.02101	0.24679	0.02239	0.01700	0.06914	0.00333	0.25243	0.01050	0.03062	0.00766
22	0.01318	0.01240	0.02093	0.73798	0.04806	0.01550	0.01938	0.01783	0.01395	0.01783	0.01240	0.01860	0.00930	0.00698	0.00698	0.00233	0.00930	0.00620	0.00310	0.00775
23	0.00998	0.00742	0.01093	0.01093	0.01207	0.00857	0.00836	0.01228	0.01113	0.01599	0.01896	0.02888	0.01808	0.10862	0.67169	0.01086	0.01774	0.00769	0.00378	0.00607
24	0.00997	0.00748	0.01121	0.01121	0.01246	0.00872	0.00872	0.01246	0.01121	0.01620	0.01869	0.02741	0.01745	0.05234	0.72710	0.01121	0.01869	0.00748	0.00374	0.00623
25	0.01040	0.00625	0.00742	0.00836	0.00928	0.00602	0.00580	0.01248	0.01390	0.02128	0.03184	0.44460	0.03423	0.01607	0.00721	0.00232	0.00371	0.01421	0.33859	0.00602
26	0.00866	0.00667	0.00794	0.00863	0.01001	0.00595	0.00617	0.01042	0.01527	0.01961	0.13601	0.36794	0.31342	0.01915	0.00858	0.00257	0.00382	0.03666	0.00663	0.00590
27	0.03131	0.01188	0.01619	0.01242	0.01781	0.01026	0.01026	0.03401	0.01997	0.71606	0.02753	0.02375	0.01727	0.00864	0.00702	0.00216	0.00594	0.00702	0.00864	0.01188
28	0.01637	0.01472	0.02443	0.24277	0.43436	0.01562	0.01937	0.02113	0.04005	0.05126	0.04216	0.01966	0.01339	0.00698	0.00699	0.00217	0.00819	0.00657	0.00387	0.00994
29	0.01465	0.01391	0.02360	0.48720	0.28730	0.01589	0.02011	0.01912	0.01465	0.01962	0.01266	0.01812	0.00993	0.00670	0.00695	0.00223	0.00894	0.00621	0.00323	0.00894

[dist]
# distance from previous block
# <min> <max>
2	4

[block]
# block no. 5 follows, 30 sequences, length 6
# corresponding to MSA columns:
# 213-218
name=unknown_F
#
# <colnr> <probs for GDERKNQSTAVLIFYWHMCP>
#	G	D	E	R	K	N	Q	S	T	A	V	L	I	F	Y	W	H	M	C	P
0	0.07398	0.00712	0.00808	0.00822	0.00862	0.00724	0.00504	0.01078	0.01059	0.01537	0.02200	0.13689	0.02509	0.49911	0.02828	0.10802	0.00619	0.01044	0.00439	0.00454
1	0.05657	0.01623	0.05815	0.09269	0.09798	0.04580	0.09031	0.15744	0.05503	0.02698	0.03514	0.07094	0.03953	0.00871	0.00687	0.00212	0.00750	0.00758	0.06975	0.05470
2	0.05472	0.00921	0.00981	0.01055	0.04650	0.05060	0.00631	0.01245	0.01145	0.01572	0.02143	0.10025	0.02403	0.52857	0.06548	0.00587	0.00752	0.00995	0.00432	0.00523
3	0.04354	0.17416	0.08295	0.01730	0.10050	0.01651	0.05868	0.02071	0.04363	0.06805	0.07175	0.02080	0.04557	0.00798	0.00765	0.00194	0.07048	0.00631	0.00439	0.13713
4	0.06316	0.07481	0.01820	0.12616	0.02195	0.05025	0.04079	0.06234	0.16262	0.04371	0.05442	0.07863	0.01856	0.00914	0.00716	0.00212	0.03216	0.00750	0.04935	0.07697
5	0.11245	0.10083	0.13255	0.07635	0.09804	0.01722	0.06938	0.11418	0.06039	0.05018	0.03340	0.01755	0.01254	0.00715	0.00631	0.00205	0.00775	0.00588	0.03182	0.04399

[dist]
# distance from previous block
# <min> <max>
9	56

[block]
# block no. 6 follows, 30 sequences, length 7
# corresponding to MSA columns:
# 285-291
name=unknown_G
#
# <colnr> <probs for GDERKNQSTAVLIFYWHMCP>
#	G	D	E	R	K	N	Q	S	T	A	V	L	I	F	Y	W	H	M	C	P
0	0.01831	0.05416	0.05079	0.08323	0.14377	0.01642	0.06410	0.15765	0.13248	0.05650	0.01956	0.05615	0.01596	0.00867	0.00696	0.00219	0.00734	0.02927	0.06655	0.00994
1	0.00835	0.00668	0.00747	0.00809	0.00969	0.00580	0.00576	0.00990	0.01492	0.01845	0.05825	0.33093	0.45266	0.01929	0.00850	0.00254	0.00373	0.01670	0.00648	0.00580
2	0.11178	0.10642	0.08601	0.01844	0.11092	0.05695	0.03839	0.22473	0.04453	0.07415	0.01524	0.01646	0.01143	0.00732	0.00624	0.00202	0.00771	0.00567	0.04542	0.01018
3	0.01832	0.17316	0.08880	0.04271	0.16538	0.10053	0.01514	0.07314	0.06046	0.04414	0.01519	0.04818	0.01322	0.04077	0.03062	0.00253	0.04792	0.00631	0.00414	0.00935
4	0.00866	0.00697	0.00777	0.00793	0.00976	0.00621	0.00579	0.01045	0.01517	0.01892	0.10971	0.14877	0.47621	0.06035	0.07242	0.00341	0.00507	0.01434	0.00622	0.00586
5	0.00870	0.00643	0.00814	0.00910	0.01005	0.00587	0.00629	0.01037	0.01492	0.01977	0.16106	0.51025	0.16385	0.01981	0.00867	0.00264	0.00383	0.01769	0.00669	0.00587
6	0.01400	0.03610	0.71860	0.01989	0.03020	0.01621	0.02578	0.02210	0.01473	0.02210	0.01252	0.01473	0.00884	0.00663	0.00663	0.00221	0.01031	0.00516	0.00295	0.01031

[dist]
# distance from previous block
# <min> <max>
4	9

[block]
# block no. 7 follows, 30 sequences, length 10
# corresponding to MSA columns:
# 301-310
name=unknown_H
#
# <colnr> <probs for GDERKNQSTAVLIFYWHMCP>
#	G	D	E	R	K	N	Q	S	T	A	V	L	I	F	Y	W	H	M	C	P
0	0.01982	0.08784	0.23200	0.01552	0.02196	0.10393	0.01553	0.06571	0.11852	0.13555	0.04292	0.01877	0.01449	0.00766	0.00650	0.00201	0.00811	0.00592	0.00507	0.07218
1	0.01703	0.13842	0.09376	0.13050	0.13643	0.04224	0.07289	0.03900	0.03714	0.05985	0.01500	0.04101	0.01220	0.00713	0.00638	0.00195	0.00802	0.00615	0.04260	0.09228
2	0.01061	0.00805	0.01113	0.01089	0.01189	0.00932	0.00813	0.01318	0.03938	0.01615	0.01933	0.03094	0.01899	0.21216	0.49699	0.00936	0.05545	0.00804	0.00395	0.00604
3	0.01192	0.00878	0.01121	0.03879	0.04724	0.02754	0.00849	0.03261	0.04267	0.05833	0.07485	0.47089	0.03757	0.04683	0.04514	0.00320	0.00573	0.01525	0.00614	0.00684
4	0.00891	0.00666	0.00828	0.00880	0.01007	0.00603	0.00625	0.01095	0.01610	0.02148	0.27159	0.35949	0.20319	0.01835	0.00853	0.00251	0.00368	0.01624	0.00688	0.00603
5	0.01920	0.07110	0.01904	0.01448	0.05458	0.05816	0.01113	0.20682	0.07119	0.02834	0.01455	0.01576	0.01144	0.00662	0.00592	0.00156	0.00667	0.00511	0.00500	0.37333
6	0.04605	0.31262	0.14729	0.04231	0.11622	0.07314	0.04034	0.03825	0.01538	0.02021	0.01248	0.04368	0.01091	0.00693	0.00581	0.00185	0.00834	0.00536	0.00346	0.04938
7	0.01840	0.14730	0.13627	0.02726	0.32327	0.07347	0.01809	0.02292	0.03554	0.07382	0.01407	0.01670	0.01126	0.00885	0.04164	0.00244	0.00906	0.00566	0.00382	0.01017
8	0.01043	0.00804	0.00962	0.00981	0.01152	0.00790	0.00730	0.01508	0.11252	0.02253	0.22716	0.22900	0.17046	0.05060	0.00963	0.00272	0.00431	0.07787	0.00679	0.00673
9	0.00857	0.00622	0.00810	0.00946	0.01009	0.00574	0.00639	0.00996	0.01396	0.01854	0.08346	0.65378	0.09786	0.02106	0.00881	0.00276	0.00396	0.01899	0.00655	0.00574

[dist]
# distance from previous block
# <min> <max>
0	1

[block]
# block no. 8 follows, 30 sequences, length 42
# corresponding to MSA columns:
# 312-353
name=unknown_I
#
# <colnr> <probs for GDERKNQSTAVLIFYWHMCP>
#	G	D	E	R	K	N	Q	S	T	A	V	L	I	F	Y	W	H	M	C	P
0	0.01705	0.01673	0.02675	0.15106	0.57342	0.05082	0.02071	0.02116	0.01577	0.02174	0.01290	0.01725	0.01068	0.00638	0.00689	0.00210	0.00866	0.00613	0.00341	0.01039
1	0.01292	0.01181	0.01939	0.47311	0.09429	0.01441	0.01691	0.01686	0.01331	0.01782	0.01369	0.02028	0.01128	0.01745	0.17034	0.00435	0.05433	0.00648	0.00327	0.00768
2	0.08418	0.01038	0.01247	0.01082	0.01404	0.01013	0.00841	0.08786	0.04097	0.22867	0.21413	0.13845	0.05930	0.03794	0.00843	0.00243	0.00499	0.01050	0.00725	0.00865
3	0.03675	0.01516	0.05087	0.09588	0.07275	0.10976	0.05002	0.05722	0.03647	0.05242	0.04428	0.08920	0.01730	0.01634	0.08168	0.14524	0.00901	0.00770	0.00440	0.00756
4	0.00976	0.00924	0.05935	0.00977	0.01190	0.00736	0.00787	0.01323	0.04949	0.02254	0.28298	0.26836	0.18882	0.01657	0.00828	0.00244	0.00419	0.01455	0.00669	0.00664
5	0.01053	0.00782	0.00976	0.01068	0.01187	0.00788	0.00794	0.01436	0.09580	0.01944	0.03589	0.34887	0.06794	0.12558	0.01271	0.00343	0.00524	0.19174	0.00621	0.00632
6	0.01866	0.75896	0.03657	0.01194	0.01791	0.02761	0.01194	0.02090	0.01418	0.01642	0.00970	0.01119	0.00896	0.00597	0.00448	0.00149	0.00746	0.00373	0.00299	0.00896
7	0.00879	0.00711	0.00768	0.00768	0.00971	0.00617	0.00574	0.01075	0.01610	0.02000	0.16474	0.06389	0.52466	0.06978	0.01026	0.00269	0.00388	0.04797	0.00650	0.00591
8	0.01152	0.00866	0.01201	0.15301	0.01834	0.00897	0.03022	0.01555	0.03919	0.02458	0.31847	0.03926	0.09953	0.01137	0.00721	0.00212	0.00483	0.00991	0.17827	0.00697
9	0.08373	0.01343	0.01464	0.01309	0.01608	0.04590	0.02823	0.05042	0.29635	0.02464	0.05004	0.02830	0.06843	0.06488	0.12064	0.00400	0.05498	0.00796	0.00562	0.00867
10	0.01846	0.01594	0.01945	0.02048	0.20116	0.05771	0.01300	0.13927	0.03988	0.04756	0.01624	0.01796	0.03529	0.00681	0.00624	0.00167	0.00687	0.00566	0.00474	0.32562
11	0.01799	0.21044	0.18331	0.01731	0.05389	0.03813	0.07340	0.06836	0.10471	0.06534	0.01578	0.01863	0.01266	0.06058	0.00884	0.00238	0.02827	0.00602	0.00431	0.00965
12	0.02459	0.14000	0.02474	0.01630	0.02198	0.04403	0.05600	0.51685	0.02834	0.03730	0.01526	0.01585	0.01122	0.00779	0.00663	0.00200	0.00806	0.00594	0.00601	0.01112
13	0.04855	0.03169	0.02119	0.16611	0.19028	0.01588	0.04579	0.14036	0.07332	0.06751	0.06563	0.02190	0.01641	0.03193	0.00782	0.00231	0.00749	0.00694	0.02925	0.00965
14	0.19094	0.01809	0.01875	0.35491	0.07538	0.19235	0.01544	0.02114	0.01506	0.02092	0.01145	0.01542	0.00895	0.00687	0.00622	0.00214	0.00919	0.00524	0.00351	0.00800
15	0.02469	0.01839	0.01965	0.01542	0.02062	0.02044	0.01262	0.56906	0.12709	0.04117	0.01865	0.01844	0.01345	0.00852	0.00692	0.00211	0.00720	0.00652	0.03749	0.01154
16	0.01248	0.00680	0.00753	0.00792	0.00950	0.00679	0.00624	0.01565	0.01488	0.02466	0.02624	0.06346	0.02348	0.01092	0.00600	0.00199	0.00393	0.14149	0.60357	0.00646
17	0.01301	0.00650	0.00650	0.00650	0.00813	0.00650	0.00488	0.01626	0.01463	0.02602	0.02276	0.02602	0.01789	0.00813	0.00488	0.00163	0.00325	0.00650	0.79350	0.00650
18	0.01013	0.00678	0.00770	0.00767	0.00776	0.00676	0.00435	0.01031	0.01065	0.01428	0.05776	0.04600	0.02748	0.71611	0.03409	0.00653	0.00658	0.01028	0.00441	0.00435
19	0.01736	0.01499	0.01578	0.01420	0.01815	0.01736	0.01105	0.03708	0.69862	0.02919	0.02840	0.02604	0.02130	0.00947	0.00710	0.00237	0.00552	0.00789	0.00710	0.01105
20	0.01708	0.01639	0.02798	0.07485	0.68069	0.01653	0.02132	0.02125	0.01580	0.02257	0.01309	0.01733	0.01097	0.00625	0.00691	0.00208	0.00834	0.00622	0.00344	0.01090
21	0.12411	0.01262	0.01582	0.01229	0.01757	0.01172	0.01015	0.07921	0.01992	0.58539	0.02461	0.02175	0.01572	0.00836	0.00669	0.00215	0.00600	0.00657	0.00800	0.01135
22	0.00997	0.00748	0.01121	0.01121	0.01246	0.00872	0.00872	0.01246	0.01121	0.01620	0.01869	0.02741	0.01745	0.05234	0.72710	0.01121	0.01869	0.00748	0.00374	0.00623
23	0.33318	0.01511	0.01522	0.06414	0.01925	0.01713	0.01074	0.18615	0.17214	0.07691	0.01696	0.01727	0.01244	0.00778	0.00595	0.00220	0.00629	0.00569	0.00578	0.00967
24	0.01434	0.01400	0.02118	0.33682	0.03148	0.01878	0.01709	0.01725	0.01213	0.01725	0.01060	0.01674	0.00922	0.00990	0.01585	0.00273	0.41772	0.00615	0.00307	0.00769
25	0.01000	0.00736	0.01063	0.01063	0.01168	0.00841	0.00800	0.01209	0.01104	0.01577	0.01922	0.03037	0.01873	0.16595	0.61525	0.01050	0.01676	0.00791	0.00382	0.00591
26	0.01710	0.00990	0.01203	0.01063	0.01362	0.00956	0.00825	0.06777	0.08516	0.20094	0.19059	0.09097	0.12105	0.06577	0.00969	0.00262	0.00497	0.04072	0.03025	0.00841
27	0.01447	0.06159	0.58443	0.02052	0.06145	0.01722	0.02391	0.02146	0.01434	0.02135	0.01208	0.01477	0.00899	0.00717	0.00828	0.00226	0.08744	0.00525	0.00298	0.01001
28	0.80405	0.01350	0.01026	0.00918	0.01350	0.01565	0.00756	0.02051	0.01188	0.03131	0.00972	0.01134	0.00756	0.00648	0.00432	0.00216	0.00540	0.00378	0.00432	0.00756
29	0.01801	0.01531	0.01615	0.01433	0.01840	0.01766	0.01120	0.08349	0.65115	0.03025	0.02757	0.02537	0.02063	0.00939	0.00709	0.00235	0.00568	0.00777	0.00709	0.01110
30	0.80405	0.01350	0.01026	0.00918	0.01350	0.01565	0.00756	0.02051	0.01188	0.03131	0.00972	0.01134	0.00756	0.00648	0.00432	0.00216	0.00540	0.00378	0.00432	0.00756
31	0.02653	0.01955	0.02094	0.01606	0.02164	0.02164	0.01326	0.68796	0.03281	0.04398	0.01675	0.01675	0.01187	0.00838	0.00698	0.00209	0.00768	0.00628	0.00698	0.01187
32	0.01106	0.00743	0.00953	0.00906	0.01097	0.00677	0.00690	0.01403	0.01882	0.06997	0.52136	0.08453	0.13930	0.01492	0.00826	0.00229	0.00369	0.04685	0.00748	0.00679
33	0.00973	0.00709	0.01000	0.01030	0.01117	0.00782	0.00751	0.01155	0.01142	0.01602	0.02289	0.16247	0.02410	0.17235	0.47252	0.00889	0.01389	0.01021	0.00433	0.00577
34	0.01882	0.01345	0.01416	0.01205	0.01571	0.01488	0.00957	0.24389	0.23434	0.03292	0.02255	0.02297	0.01697	0.00863	0.00626	0.00201	0.00542	0.00686	0.28885	0.00969
35	0.01670	0.18687	0.02053	0.01238	0.03632	0.05781	0.01005	0.04014	0.04243	0.02183	0.01247	0.01420	0.01044	0.00577	0.00526	0.00130	0.00632	0.00433	0.00402	0.49084
36	0.01338	0.00894	0.01172	0.01306	0.07632	0.00896	0.00838	0.04952	0.05533	0.07533	0.02769	0.31139	0.02918	0.14123	0.04708	0.03508	0.00603	0.01245	0.06190	0.00704
37	0.02126	0.06762	0.05270	0.01614	0.04400	0.04586	0.04257	0.23931	0.18864	0.08790	0.01941	0.02033	0.01461	0.00814	0.00674	0.00205	0.00724	0.02194	0.00600	0.08753
38	0.01612	0.08771	0.19634	0.15152	0.09248	0.01553	0.03397	0.06780	0.01618	0.05316	0.01501	0.04001	0.01236	0.00749	0.00655	0.00201	0.00813	0.03194	0.00402	0.14166
39	0.01687	0.12488	0.19571	0.01749	0.09068	0.07066	0.01527	0.09827	0.01717	0.04556	0.04221	0.07117	0.06719	0.05261	0.00914	0.00240	0.04176	0.00748	0.00445	0.00902
40	0.03887	0.13731	0.20857	0.06647	0.02408	0.01697	0.08597	0.02329	0.16533	0.02237	0.03690	0.02265	0.06477	0.01047	0.04427	0.00263	0.00851	0.00689	0.00439	0.00928
41	0.01112	0.03725	0.01060	0.00928	0.01139	0.00839	0.00704	0.05530	0.01677	0.02219	0.21135	0.11119	0.21745	0.12621	0.01214	0.00298	0.00477	0.07365	0.00623	0.04470

[dist]
# distance from previous block
# <min> <max>
0	1

[block]
# block no. 9 follows, 30 sequences, length 8
# corresponding to MSA columns:
# 355-362
name=unknown_J
#
# <colnr> <probs for GDERKNQSTAVLIFYWHMCP>
#	G	D	E	R	K	N	Q	S	T	A	V	L	I	F	Y	W	H	M	C	P
0	0.01762	0.07625	0.19659	0.09532	0.12521	0.12016	0.08794	0.06050	0.01682	0.04706	0.01541	0.08112	0.01322	0.00809	0.00691	0.00215	0.00933	0.00698	0.00395	0.00938
1	0.01536	0.01029	0.01212	0.04110	0.03477	0.01022	0.00863	0.08105	0.10383	0.11987	0.11649	0.06468	0.25350	0.01261	0.00742	0.00222	0.00484	0.01057	0.08215	0.00827
2	0.01037	0.00819	0.01213	0.06259	0.01474	0.00850	0.05605	0.01230	0.01244	0.01667	0.02750	0.15453	0.08667	0.23840	0.21568	0.00619	0.00987	0.03669	0.00462	0.00588
3	0.04630	0.04809	0.18283	0.01918	0.11030	0.08308	0.04449	0.09091	0.04963	0.08319	0.01965	0.15452	0.01781	0.00992	0.00706	0.00224	0.00800	0.00843	0.00492	0.00946
4	0.01738	0.05509	0.16243	0.06012	0.15725	0.10161	0.12206	0.04733	0.03764	0.04121	0.01670	0.03781	0.04308	0.00800	0.00815	0.00221	0.06173	0.00681	0.00393	0.00947
5	0.01692	0.01285	0.03561	0.01356	0.06440	0.06388	0.00994	0.10109	0.01925	0.14226	0.15356	0.14220	0.16972	0.01305	0.00768	0.00227	0.00572	0.01108	0.00658	0.00841
6	0.07700	0.06552	0.07918	0.09245	0.25777	0.10648	0.01640	0.05859	0.04883	0.02290	0.01828	0.02230	0.06168	0.00809	0.00669	0.00213	0.00824	0.03394	0.00414	0.00939
