[name]
unknown

[dist]
# distance from previous block
# <min> <max>
2	64

[block]
# block no. 0 follows, 33 sequences, length 15
# corresponding to MSA columns:
# 77-91
name=unknown_A
#
# <colnr> <probs for GDERKNQSTAVLIFYWHMCP>
#	G	D	E	R	K	N	Q	S	T	A	V	L	I	F	Y	W	H	M	C	P
0	0.06292	0.08112	0.15804	0.03210	0.08910	0.08058	0.03318	0.05467	0.01558	0.04854	0.04961	0.03684	0.06932	0.00768	0.00601	0.00182	0.00707	0.00620	0.03639	0.12323
1	0.06347	0.05026	0.14840	0.01734	0.11510	0.13188	0.01384	0.09239	0.07154	0.05773	0.04991	0.04394	0.06991	0.00826	0.00632	0.00196	0.00747	0.00658	0.00459	0.03911
2	0.05365	0.06763	0.11848	0.01393	0.05401	0.03291	0.03568	0.04825	0.13576	0.05363	0.07897	0.08648	0.08421	0.02989	0.00722	0.00212	0.00615	0.00799	0.00504	0.07799
3	0.03679	0.07598	0.09984	0.04918	0.19733	0.06597	0.08990	0.04457	0.05368	0.05242	0.09911	0.02136	0.04014	0.00750	0.00649	0.00195	0.00751	0.00663	0.00430	0.03936
4	0.01162	0.01022	0.03369	0.03939	0.04260	0.00999	0.00882	0.03938	0.17984	0.02358	0.25576	0.04053	0.19966	0.01470	0.05836	0.00273	0.00540	0.01012	0.00611	0.00749
5	0.00829	0.00704	0.00785	0.00867	0.04550	0.00607	0.00592	0.01007	0.01491	0.01818	0.08345	0.12541	0.60297	0.01638	0.00777	0.00225	0.00360	0.01386	0.00601	0.00581
6	0.01562	0.01521	0.05341	0.17452	0.31697	0.01535	0.05036	0.08190	0.11305	0.02318	0.04122	0.02022	0.03523	0.00722	0.00669	0.00207	0.00754	0.00659	0.00417	0.00946
7	0.01320	0.03405	0.73453	0.01876	0.02849	0.01529	0.02432	0.02085	0.01390	0.02085	0.01181	0.01390	0.00834	0.00625	0.00625	0.00208	0.00973	0.00486	0.00278	0.00973
8	0.69452	0.01258	0.01119	0.12048	0.01763	0.01475	0.00881	0.01897	0.01150	0.02763	0.00955	0.01172	0.00738	0.00618	0.00445	0.00206	0.00565	0.00391	0.00390	0.00716
9	0.01703	0.01695	0.08018	0.06916	0.20836	0.05295	0.13079	0.11778	0.06415	0.05408	0.01684	0.08541	0.01422	0.00793	0.00682	0.00209	0.00792	0.00735	0.03068	0.00931
10	0.02954	0.01120	0.01528	0.01171	0.01681	0.00968	0.00968	0.03208	0.01884	0.73213	0.02597	0.02241	0.01630	0.00815	0.00662	0.00204	0.00560	0.00662	0.00815	0.01120
11	0.01483	0.02688	0.45876	0.02309	0.17457	0.01551	0.05623	0.08136	0.01568	0.02269	0.01330	0.04328	0.01046	0.00683	0.00650	0.00208	0.00895	0.00584	0.00337	0.00980
12	0.00789	0.00656	0.00689	0.00705	0.00902	0.00557	0.00519	0.00957	0.01491	0.01811	0.09673	0.14551	0.61043	0.01698	0.00785	0.00227	0.00338	0.01436	0.00617	0.00557
13	0.01050	0.00877	0.03426	0.03222	0.07043	0.00810	0.00828	0.04209	0.04096	0.01983	0.11220	0.35845	0.08171	0.09868	0.01050	0.00280	0.00482	0.01327	0.03575	0.00640
14	0.01397	0.01208	0.05581	0.01234	0.03307	0.03965	0.02811	0.07324	0.12059	0.07423	0.23253	0.15564	0.07465	0.01239	0.00739	0.00221	0.00524	0.03278	0.00625	0.00784

[dist]
# distance from previous block
# <min> <max>
1	3

[block]
# block no. 1 follows, 33 sequences, length 28
# corresponding to MSA columns:
# 95-110,128-139
name=unknown_B
#
# <colnr> <probs for GDERKNQSTAVLIFYWHMCP>
#	G	D	E	R	K	N	Q	S	T	A	V	L	I	F	Y	W	H	M	C	P
0	0.27422	0.03775	0.17211	0.03961	0.19025	0.04024	0.01503	0.02215	0.10737	0.02431	0.01298	0.01481	0.01004	0.00648	0.00562	0.00203	0.00714	0.00500	0.00386	0.00898
1	0.05255	0.02183	0.02180	0.02373	0.22324	0.30285	0.04484	0.07545	0.01678	0.02037	0.01110	0.01405	0.00929	0.00727	0.00861	0.00201	0.12678	0.00520	0.00355	0.00868
2	0.00926	0.00673	0.00871	0.00822	0.00980	0.00619	0.00616	0.01230	0.01849	0.02605	0.69759	0.04975	0.08884	0.01359	0.00777	0.00208	0.00312	0.01199	0.00720	0.00619
3	0.00957	0.00638	0.00718	0.00718	0.00718	0.00638	0.00399	0.00957	0.00957	0.01276	0.02074	0.04308	0.02393	0.76864	0.03351	0.00638	0.00638	0.00957	0.00399	0.00399
4	0.00940	0.00705	0.01058	0.01058	0.01176	0.00823	0.00823	0.01176	0.01058	0.01528	0.01763	0.02586	0.01646	0.04937	0.74255	0.01058	0.01763	0.00705	0.00353	0.00588
5	0.02459	0.03138	0.01866	0.01696	0.02035	0.74221	0.01272	0.02629	0.01866	0.01611	0.01018	0.01187	0.00848	0.00678	0.00594	0.00170	0.01187	0.00424	0.00339	0.00763
6	0.01365	0.01170	0.01365	0.00975	0.01560	0.00878	0.00780	0.01658	0.01365	0.02145	0.01170	0.01365	0.00975	0.00488	0.00488	0.00098	0.00488	0.00390	0.00390	0.80888
7	0.00932	0.00673	0.00880	0.00828	0.00984	0.00621	0.00621	0.01242	0.01863	0.02640	0.72410	0.04918	0.06212	0.01346	0.00776	0.00207	0.00311	0.01191	0.00725	0.00621
8	0.01554	0.01776	0.03885	0.02775	0.03441	0.01665	0.70366	0.02109	0.01554	0.02109	0.01332	0.01776	0.00999	0.00555	0.00777	0.00222	0.01110	0.00777	0.00333	0.00888
9	0.01320	0.03405	0.73453	0.01876	0.02849	0.01529	0.02432	0.02085	0.01390	0.02085	0.01181	0.01390	0.00834	0.00625	0.00625	0.00208	0.00973	0.00486	0.00278	0.00973
10	0.00957	0.00638	0.00718	0.00718	0.00718	0.00638	0.00399	0.00957	0.00957	0.01276	0.02074	0.04308	0.02393	0.76864	0.03351	0.00638	0.00638	0.00957	0.00399	0.00399
11	0.02459	0.03138	0.01866	0.01696	0.02035	0.74221	0.01272	0.02629	0.01866	0.01611	0.01018	0.01187	0.00848	0.00678	0.00594	0.00170	0.01187	0.00424	0.00339	0.00763
12	0.01243	0.01170	0.01975	0.75282	0.04534	0.01463	0.01828	0.01682	0.01316	0.01682	0.01170	0.01755	0.00878	0.00658	0.00658	0.00219	0.00878	0.00585	0.00293	0.00731
13	0.01760	0.77260	0.03450	0.01126	0.01690	0.02605	0.01126	0.01971	0.01338	0.01549	0.00915	0.01056	0.00845	0.00563	0.00422	0.00141	0.00704	0.00352	0.00282	0.00845
14	0.00815	0.00590	0.00773	0.00909	0.00968	0.00548	0.00622	0.00946	0.01305	0.01728	0.05910	0.66671	0.09100	0.02004	0.00837	0.00264	0.00385	0.04472	0.00614	0.00542
15	0.02402	0.01790	0.01976	0.07428	0.02241	0.01995	0.01298	0.65040	0.02953	0.03951	0.01548	0.01595	0.01100	0.00780	0.00659	0.00199	0.00737	0.00592	0.00629	0.01088
16	0.00887	0.00758	0.00838	0.00802	0.01002	0.00723	0.00614	0.01137	0.04143	0.01930	0.15988	0.05583	0.54090	0.01548	0.00885	0.00225	0.06375	0.01270	0.00605	0.00597
17	0.04554	0.01179	0.01503	0.01361	0.07257	0.01143	0.01002	0.12657	0.04766	0.38623	0.04027	0.05602	0.01745	0.00856	0.00640	0.00200	0.00553	0.00704	0.10632	0.00997
18	0.01153	0.00794	0.01058	0.06849	0.01360	0.00776	0.00768	0.04610	0.01878	0.06936	0.59160	0.04346	0.05269	0.01233	0.00755	0.00207	0.00390	0.01082	0.00692	0.00684
19	0.00797	0.00594	0.00743	0.00862	0.00940	0.00539	0.00587	0.00923	0.01313	0.01702	0.04297	0.61010	0.19346	0.01976	0.00827	0.00257	0.00371	0.01765	0.00611	0.00539
20	0.02077	0.01997	0.01820	0.04251	0.09616	0.24120	0.01272	0.19782	0.14622	0.04777	0.01892	0.02087	0.04603	0.00828	0.00655	0.00199	0.00815	0.03145	0.00514	0.00928
21	0.01255	0.01009	0.01344	0.01345	0.07087	0.01026	0.05253	0.01954	0.20447	0.04616	0.19008	0.15773	0.11467	0.01230	0.00732	0.00221	0.00478	0.01093	0.03884	0.00779
22	0.00975	0.00877	0.06647	0.00916	0.01045	0.00755	0.00704	0.01128	0.01073	0.01493	0.02184	0.06935	0.05154	0.40269	0.23916	0.00679	0.00965	0.00895	0.02870	0.00521
23	0.02062	0.01157	0.01477	0.03569	0.07280	0.01136	0.00989	0.14977	0.03537	0.29499	0.04888	0.05771	0.08680	0.10723	0.01029	0.00263	0.00590	0.00816	0.00643	0.00913
24	0.01491	0.02098	0.24254	0.15617	0.26490	0.01569	0.12103	0.04731	0.01505	0.02122	0.01236	0.01598	0.00947	0.00614	0.00663	0.00208	0.00903	0.00584	0.00320	0.00947
25	0.03599	0.17505	0.14081	0.05464	0.02032	0.06268	0.09583	0.01772	0.01441	0.04522	0.04446	0.10092	0.11432	0.01110	0.03653	0.00236	0.00775	0.00799	0.00412	0.00776
26	0.01100	0.00918	0.01417	0.15325	0.12584	0.01018	0.01134	0.01330	0.01219	0.01666	0.02128	0.16185	0.05807	0.04782	0.22198	0.05010	0.04214	0.00915	0.00395	0.00655
27	0.01490	0.03924	0.01855	0.09246	0.12649	0.06969	0.06503	0.06171	0.07019	0.03748	0.05141	0.14360	0.06051	0.01067	0.00863	0.02400	0.06600	0.00874	0.00460	0.02610

[dist]
# distance from previous block
# <min> <max>
0	40

[block]
# block no. 2 follows, 33 sequences, length 72
# corresponding to MSA columns:
# 182-206,208-254
name=unknown_C
#
# <colnr> <probs for GDERKNQSTAVLIFYWHMCP>
#	G	D	E	R	K	N	Q	S	T	A	V	L	I	F	Y	W	H	M	C	P
0	0.04308	0.01329	0.01565	0.03270	0.06827	0.10563	0.06030	0.03909	0.01484	0.04966	0.06756	0.02082	0.01595	0.01612	0.16260	0.00360	0.02756	0.00615	0.09578	0.14137
1	0.01482	0.09116	0.40093	0.04954	0.18702	0.03807	0.08640	0.02065	0.01437	0.02028	0.01180	0.01459	0.00900	0.00607	0.00629	0.00200	0.00923	0.00527	0.00297	0.00955
2	0.01738	0.30378	0.02450	0.01622	0.10912	0.12940	0.03452	0.04857	0.06928	0.01925	0.03615	0.01767	0.03283	0.04644	0.00697	0.00191	0.00745	0.00538	0.00381	0.06935
3	0.57389	0.04807	0.04572	0.01284	0.08652	0.01532	0.00973	0.05511	0.01298	0.02785	0.01011	0.01184	0.00794	0.00609	0.00460	0.00194	0.00576	0.00400	0.00400	0.05570
4	0.00830	0.00642	0.00740	0.00781	0.00922	0.00572	0.00558	0.00992	0.01440	0.01834	0.14308	0.25622	0.36467	0.07805	0.01007	0.00269	0.00378	0.03676	0.00609	0.00548
5	0.01541	0.01326	0.01791	0.27397	0.08853	0.01536	0.01405	0.12250	0.20175	0.02467	0.09326	0.02231	0.01802	0.00830	0.00741	0.00217	0.04039	0.00693	0.00495	0.00885
6	0.00791	0.00667	0.00685	0.00680	0.00897	0.00561	0.00510	0.00969	0.01531	0.01850	0.12117	0.06218	0.66998	0.01641	0.00778	0.00221	0.00332	0.01373	0.00621	0.00561
7	0.00802	0.00573	0.00764	0.00917	0.00955	0.00535	0.00611	0.00917	0.01260	0.01681	0.03628	0.76434	0.04354	0.02062	0.00840	0.00267	0.00382	0.01872	0.00611	0.00535
8	0.01320	0.03405	0.73453	0.01876	0.02849	0.01529	0.02432	0.02085	0.01390	0.02085	0.01181	0.01390	0.00834	0.00625	0.00625	0.00208	0.00973	0.00486	0.00278	0.00973
9	0.02954	0.01120	0.01528	0.01171	0.01681	0.00968	0.00968	0.03208	0.01884	0.73213	0.02597	0.02241	0.01630	0.00815	0.00662	0.00204	0.00560	0.00662	0.00815	0.01120
10	0.00802	0.00573	0.00764	0.00917	0.00955	0.00535	0.00611	0.00917	0.01260	0.01681	0.03628	0.76434	0.04354	0.02062	0.00840	0.00267	0.00382	0.01872	0.00611	0.00535
11	0.02613	0.01667	0.01866	0.01431	0.01953	0.01779	0.01182	0.54087	0.02799	0.21042	0.01829	0.01742	0.01244	0.00796	0.00659	0.00199	0.00684	0.00610	0.00697	0.01120
12	0.02954	0.01120	0.01528	0.01171	0.01681	0.00968	0.00968	0.03208	0.01884	0.73213	0.02597	0.02241	0.01630	0.00815	0.00662	0.00204	0.00560	0.00662	0.00815	0.01120
13	0.01701	0.01446	0.01524	0.01353	0.01736	0.01667	0.01057	0.08401	0.66562	0.02856	0.02599	0.02392	0.01945	0.00886	0.00669	0.00221	0.00536	0.00733	0.00669	0.01048
14	0.81514	0.01273	0.00968	0.00866	0.01273	0.01477	0.00713	0.01935	0.01120	0.02954	0.00917	0.01069	0.00713	0.00611	0.00407	0.00204	0.00509	0.00356	0.00407	0.00713
15	0.00802	0.00573	0.00764	0.00917	0.00955	0.00535	0.00611	0.00917	0.01260	0.01681	0.03628	0.76434	0.04354	0.02062	0.00840	0.00267	0.00382	0.01872	0.00611	0.00535
16	0.01243	0.01170	0.01975	0.75282	0.04534	0.01463	0.01828	0.01682	0.01316	0.01682	0.01170	0.01755	0.00878	0.00658	0.00658	0.00219	0.00878	0.00585	0.00293	0.00731
17	0.05264	0.01824	0.01940	0.01492	0.02015	0.02022	0.01232	0.68164	0.03026	0.04107	0.01557	0.01563	0.01105	0.00784	0.00650	0.00198	0.00717	0.00584	0.00650	0.01105
18	0.00791	0.00667	0.00685	0.00681	0.00897	0.00561	0.00511	0.00970	0.01532	0.01852	0.12293	0.06214	0.66821	0.01640	0.00778	0.00221	0.00331	0.01372	0.00621	0.00561
19	0.01243	0.01170	0.01975	0.75282	0.04534	0.01463	0.01828	0.01682	0.01316	0.01682	0.01170	0.01755	0.00878	0.00658	0.00658	0.00219	0.00878	0.00585	0.00293	0.00731
20	0.00941	0.00703	0.01044	0.01044	0.01157	0.00815	0.00806	0.01167	0.01054	0.01518	0.01776	0.02656	0.01676	0.07863	0.71371	0.01041	0.01718	0.00716	0.00355	0.00580
21	0.02954	0.01120	0.01528	0.01171	0.01681	0.00968	0.00968	0.03208	0.01884	0.73213	0.02597	0.02241	0.01630	0.00815	0.00662	0.00204	0.00560	0.00662	0.00815	0.01120
22	0.01622	0.01607	0.02581	0.06887	0.59128	0.05660	0.05504	0.02000	0.01505	0.02078	0.01325	0.04660	0.01157	0.00653	0.00663	0.00199	0.00810	0.00640	0.00337	0.00984
23	0.01320	0.03405	0.73453	0.01876	0.02849	0.01529	0.02432	0.02085	0.01390	0.02085	0.01181	0.01390	0.00834	0.00625	0.00625	0.00208	0.00973	0.00486	0.00278	0.00973
24	0.00865	0.00666	0.00790	0.00768	0.00945	0.00591	0.00573	0.01110	0.01693	0.02256	0.43314	0.08665	0.32373	0.01505	0.00780	0.00216	0.00323	0.01300	0.00675	0.00591
25	0.03544	0.04834	0.08349	0.01604	0.12566	0.01166	0.02878	0.02032	0.01469	0.13519	0.01397	0.01537	0.01066	0.00576	0.00555	0.00147	0.00614	0.00479	0.00432	0.41235
26	0.60457	0.01438	0.01096	0.00999	0.01358	0.10789	0.00800	0.01923	0.01208	0.02588	0.01044	0.01289	0.00856	0.01202	0.10368	0.00314	0.00766	0.00412	0.00391	0.00703
27	0.01029	0.00796	0.00883	0.00840	0.01021	0.03899	0.00628	0.01272	0.01695	0.04475	0.42656	0.05078	0.22878	0.06660	0.00949	0.00242	0.00396	0.03339	0.00654	0.00610
28	0.01669	0.06712	0.02299	0.15066	0.33979	0.01594	0.03331	0.02369	0.16664	0.07335	0.01618	0.01838	0.01252	0.00679	0.00645	0.00203	0.00728	0.00614	0.00427	0.00978
29	0.01459	0.02649	0.41816	0.04829	0.15450	0.03851	0.14280	0.02122	0.03455	0.02092	0.01255	0.01537	0.00936	0.00616	0.00658	0.00208	0.00954	0.00564	0.00310	0.00958
30	0.00814	0.00668	0.00716	0.00704	0.00911	0.00571	0.00528	0.01013	0.01584	0.01977	0.21838	0.06008	0.57197	0.01593	0.00778	0.00219	0.00328	0.01344	0.00637	0.00571
31	0.00842	0.00666	0.00758	0.00743	0.00930	0.00582	0.00554	0.01065	0.01639	0.02126	0.33403	0.08603	0.42646	0.01552	0.00780	0.00218	0.00326	0.01328	0.00658	0.00582
32	0.02954	0.01120	0.01528	0.01171	0.01681	0.00968	0.00968	0.03208	0.01884	0.73213	0.02597	0.02241	0.01630	0.00815	0.00662	0.00204	0.00560	0.00662	0.00815	0.01120
33	0.02459	0.03138	0.01866	0.01696	0.02035	0.74221	0.01272	0.02629	0.01866	0.01611	0.01018	0.01187	0.00848	0.00678	0.00594	0.00170	0.01187	0.00424	0.00339	0.00763
34	0.01760	0.77260	0.03450	0.01126	0.01690	0.02605	0.01126	0.01971	0.01338	0.01549	0.00915	0.01056	0.00845	0.00563	0.00422	0.00141	0.00704	0.00352	0.00282	0.00845
35	0.00811	0.00626	0.00732	0.00809	0.00932	0.00559	0.00571	0.00951	0.01362	0.01716	0.04886	0.38583	0.34362	0.05774	0.00947	0.00268	0.00384	0.04585	0.00600	0.00540
36	0.02402	0.01726	0.01873	0.01459	0.01951	0.01893	0.01195	0.62975	0.02918	0.06782	0.01765	0.06822	0.01366	0.00880	0.00671	0.00203	0.00694	0.00685	0.00662	0.01079
37	0.01726	0.01777	0.15710	0.07499	0.18996	0.04099	0.05155	0.04564	0.04437	0.14136	0.02013	0.02243	0.07054	0.00790	0.00700	0.00207	0.02441	0.02412	0.00455	0.03585
38	0.04843	0.01914	0.12810	0.04618	0.23648	0.04150	0.14465	0.13613	0.03869	0.07553	0.01423	0.01649	0.01064	0.00652	0.00663	0.00204	0.00844	0.00604	0.00423	0.00991
39	0.02954	0.01120	0.01528	0.01171	0.01681	0.00968	0.00968	0.03208	0.01884	0.73213	0.02597	0.02241	0.01630	0.00815	0.00662	0.00204	0.00560	0.00662	0.00815	0.01120
40	0.00920	0.00670	0.00866	0.00822	0.00978	0.00615	0.00615	0.01218	0.01828	0.02569	0.67085	0.06967	0.09614	0.01382	0.00778	0.00210	0.00314	0.01220	0.00716	0.00615
41	0.01455	0.06650	0.47139	0.01979	0.12163	0.01483	0.02014	0.02101	0.03904	0.06331	0.03783	0.01859	0.04851	0.00714	0.00635	0.00204	0.00838	0.00581	0.00362	0.00954
42	0.02287	0.05269	0.01837	0.01409	0.01875	0.05528	0.01161	0.38929	0.13677	0.12968	0.01968	0.02173	0.01491	0.00865	0.00664	0.00206	0.00684	0.05325	0.00643	0.01040
43	0.00827	0.00679	0.00737	0.00767	0.00972	0.00589	0.00599	0.01015	0.01495	0.01808	0.06030	0.08838	0.58624	0.01706	0.00802	0.00237	0.00381	0.12720	0.00610	0.00564
44	0.04015	0.01868	0.13195	0.15196	0.37388	0.05875	0.05960	0.02073	0.04315	0.02077	0.01259	0.01613	0.00999	0.00621	0.00646	0.00203	0.00851	0.00572	0.00331	0.00944
45	0.01714	0.03406	0.11485	0.18453	0.12920	0.07958	0.07422	0.05260	0.07237	0.09514	0.01483	0.01753	0.01118	0.00883	0.03995	0.00246	0.03247	0.00596	0.00407	0.00903
46	0.02461	0.03095	0.01869	0.01690	0.02035	0.71836	0.01271	0.04873	0.01906	0.01695	0.01036	0.01200	0.00857	0.00682	0.00596	0.00171	0.01172	0.00430	0.00350	0.00775
47	0.00926	0.00688	0.00785	0.00750	0.00958	0.00598	0.00566	0.01153	0.01658	0.05016	0.32181	0.05615	0.43725	0.01507	0.00773	0.00216	0.00334	0.01282	0.00664	0.00604
48	0.01475	0.03308	0.17723	0.10281	0.15618	0.04496	0.02954	0.01871	0.01484	0.08824	0.06229	0.10593	0.06513	0.00932	0.00714	0.00212	0.02670	0.00799	0.02458	0.00845
49	0.05059	0.03326	0.05148	0.04932	0.04288	0.01735	0.01369	0.01714	0.01133	0.06667	0.01138	0.01670	0.01025	0.03814	0.07236	0.00335	0.47732	0.00586	0.00340	0.00754
50	0.02459	0.03138	0.01866	0.01696	0.02035	0.74221	0.01272	0.02629	0.01866	0.01611	0.01018	0.01187	0.00848	0.00678	0.00594	0.00170	0.01187	0.00424	0.00339	0.00763
51	0.22958	0.01922	0.04853	0.05540	0.22727	0.20063	0.05286	0.02116	0.01483	0.02191	0.01197	0.01632	0.01010	0.00675	0.00590	0.00199	0.00836	0.03523	0.00360	0.00839
52	0.00913	0.00664	0.00861	0.00841	0.00987	0.00612	0.00627	0.01194	0.01767	0.02468	0.59215	0.12870	0.09544	0.01456	0.00788	0.00217	0.00329	0.03336	0.00702	0.00608
53	0.07187	0.02771	0.50200	0.01907	0.05790	0.01504	0.08207	0.04333	0.01489	0.08641	0.01319	0.01495	0.00930	0.00639	0.00629	0.00208	0.00899	0.00527	0.00355	0.00968
54	0.04321	0.24069	0.04158	0.03828	0.01973	0.18822	0.03214	0.10053	0.01611	0.04175	0.01084	0.01318	0.00907	0.00756	0.00893	0.00196	0.16948	0.00477	0.00362	0.00836
55	0.00849	0.00683	0.00855	0.01026	0.05929	0.00616	0.00661	0.01006	0.01381	0.01756	0.04777	0.40914	0.33584	0.01789	0.00800	0.00243	0.00389	0.01574	0.00591	0.00579
56	0.00861	0.00670	0.00782	0.00754	0.00940	0.00591	0.00565	0.01105	0.01696	0.02242	0.42076	0.05572	0.36794	0.01494	0.00777	0.00214	0.00321	0.01282	0.00672	0.00591
57	0.01532	0.02001	0.21984	0.04457	0.15221	0.01554	0.07168	0.06255	0.23588	0.02415	0.03664	0.02063	0.03607	0.00757	0.00668	0.00212	0.00754	0.00664	0.00457	0.00979
58	0.01540	0.01161	0.01330	0.01064	0.01525	0.01058	0.00841	0.02257	0.21087	0.10096	0.06424	0.02394	0.07656	0.00787	0.00599	0.00161	0.00481	0.00650	0.00553	0.38335
59	0.02427	0.01952	0.01967	0.01548	0.02020	0.09577	0.01266	0.58830	0.02827	0.03712	0.01474	0.01530	0.01074	0.00803	0.00753	0.00201	0.05812	0.00574	0.00600	0.01055
60	0.01400	0.01380	0.01977	0.01664	0.01758	0.04056	0.08374	0.01589	0.01105	0.01641	0.01128	0.01820	0.01089	0.07426	0.07537	0.00360	0.51246	0.00634	0.03118	0.00699
61	0.05321	0.15739	0.18661	0.01534	0.02143	0.11829	0.03872	0.20736	0.01954	0.10180	0.01366	0.01446	0.01001	0.00683	0.00594	0.00188	0.00829	0.00506	0.00455	0.00963
62	0.01796	0.73398	0.03367	0.01156	0.01708	0.06337	0.01134	0.02006	0.01365	0.01552	0.00921	0.01063	0.00845	0.00569	0.00431	0.00142	0.00729	0.00356	0.00285	0.00841
63	0.02954	0.01120	0.01528	0.01171	0.01681	0.00968	0.00968	0.03208	0.01884	0.73213	0.02597	0.02241	0.01630	0.00815	0.00662	0.00204	0.00560	0.00662	0.00815	0.01120
64	0.01441	0.01104	0.01219	0.01141	0.01428	0.01197	0.00914	0.11208	0.27335	0.02577	0.03158	0.06144	0.11056	0.01190	0.00709	0.00229	0.00509	0.15115	0.11501	0.00826
65	0.01134	0.00890	0.01071	0.01123	0.01313	0.00936	0.00885	0.01827	0.21823	0.02103	0.03553	0.24897	0.09094	0.01604	0.00810	0.00263	0.00497	0.24840	0.00626	0.00709
66	0.00837	0.00599	0.00779	0.00878	0.00941	0.00559	0.00594	0.00981	0.01357	0.01831	0.16298	0.55816	0.06671	0.07360	0.01009	0.00282	0.00386	0.01664	0.00617	0.00541
67	0.01061	0.00758	0.01061	0.01212	0.01364	0.00758	0.01061	0.01364	0.01515	0.01970	0.03486	0.07426	0.03789	0.01819	0.00909	0.00303	0.00606	0.68326	0.00606	0.00606
68	0.01058	0.00825	0.01188	0.01148	0.01273	0.00985	0.00911	0.04046	0.01157	0.01660	0.01746	0.02651	0.01645	0.04263	0.61010	0.00915	0.08812	0.03715	0.00370	0.00623
69	0.01519	0.01580	0.04918	0.04236	0.16880	0.05233	0.22451	0.04184	0.13253	0.02175	0.01873	0.11325	0.01671	0.00982	0.02821	0.00244	0.00841	0.02493	0.00437	0.00885
70	0.02033	0.01932	0.01971	0.01644	0.01904	0.16723	0.01338	0.26806	0.01939	0.02520	0.01155	0.01440	0.00953	0.00925	0.01297	0.00231	0.33331	0.00551	0.00433	0.00874
71	0.01503	0.01370	0.02019	0.31496	0.22280	0.01559	0.01628	0.04246	0.22541	0.02202	0.01654	0.01927	0.01270	0.00713	0.00660	0.00213	0.00740	0.00634	0.00425	0.00921

[dist]
# distance from previous block
# <min> <max>
2	6

[block]
# block no. 3 follows, 33 sequences, length 113
# corresponding to MSA columns:
# 261-373
name=unknown_D
#
# <colnr> <probs for GDERKNQSTAVLIFYWHMCP>
#	G	D	E	R	K	N	Q	S	T	A	V	L	I	F	Y	W	H	M	C	P
0	0.00957	0.00640	0.00729	0.00729	0.00732	0.00644	0.00412	0.00964	0.00960	0.01284	0.02065	0.04254	0.02370	0.74622	0.05560	0.00651	0.00673	0.00950	0.00397	0.00405
1	0.01812	0.45438	0.02708	0.01264	0.01709	0.04462	0.01143	0.02318	0.14180	0.07375	0.01366	0.01458	0.01121	0.00722	0.00714	0.00181	0.10270	0.00479	0.00397	0.00884
2	0.02114	0.00930	0.01226	0.01004	0.01370	0.00818	0.00805	0.02381	0.01821	0.43677	0.22806	0.03330	0.08375	0.01029	0.00692	0.00203	0.00458	0.00866	0.05188	0.00907
3	0.00846	0.00670	0.00762	0.00739	0.00931	0.00585	0.00554	0.01077	0.01662	0.02162	0.35914	0.05705	0.43006	0.01524	0.00777	0.00216	0.00323	0.01301	0.00662	0.00585
4	0.01760	0.77260	0.03450	0.01126	0.01690	0.02605	0.01126	0.01971	0.01338	0.01549	0.00915	0.01056	0.00845	0.00563	0.00422	0.00141	0.00704	0.00352	0.00282	0.00845
5	0.00801	0.00576	0.00761	0.00909	0.00953	0.00535	0.00608	0.00918	0.01268	0.01684	0.03723	0.74244	0.06483	0.02050	0.00838	0.00266	0.00380	0.01856	0.00611	0.00535
6	0.01760	0.77260	0.03450	0.01126	0.01690	0.02605	0.01126	0.01971	0.01338	0.01549	0.00915	0.01056	0.00845	0.00563	0.00422	0.00141	0.00704	0.00352	0.00282	0.00845
7	0.01365	0.01170	0.01365	0.00975	0.01560	0.00878	0.00780	0.01658	0.01365	0.02145	0.01170	0.01365	0.00975	0.00488	0.00488	0.00098	0.00488	0.00390	0.00390	0.80888
8	0.00940	0.00705	0.01058	0.01058	0.01176	0.00823	0.00823	0.01176	0.01058	0.01528	0.01763	0.02586	0.01646	0.04937	0.74255	0.01058	0.01763	0.00705	0.00353	0.00588
9	0.81514	0.01273	0.00968	0.00866	0.01273	0.01477	0.00713	0.01935	0.01120	0.02954	0.00917	0.01069	0.00713	0.00611	0.00407	0.00204	0.00509	0.00356	0.00407	0.00713
10	0.01385	0.00845	0.00903	0.00831	0.01023	0.00922	0.00647	0.07560	0.07372	0.02561	0.02051	0.02307	0.01607	0.00807	0.00617	0.00173	0.05789	0.00620	0.61279	0.00700
11	0.01365	0.01170	0.01365	0.00975	0.01560	0.00878	0.00780	0.01658	0.01365	0.02145	0.01170	0.01365	0.00975	0.00488	0.00488	0.00098	0.00488	0.00390	0.00390	0.80888
12	0.02284	0.01920	0.01841	0.01497	0.01960	0.12089	0.01203	0.44552	0.19729	0.03450	0.01771	0.01740	0.01300	0.00800	0.00652	0.00200	0.00740	0.00606	0.00616	0.01050
13	0.03407	0.01066	0.01549	0.22309	0.05555	0.01131	0.07354	0.01687	0.10621	0.02007	0.07378	0.03673	0.27478	0.01082	0.00714	0.00219	0.00607	0.00944	0.00491	0.00730
14	0.00957	0.00641	0.00730	0.00730	0.00734	0.00645	0.00414	0.00965	0.00961	0.01285	0.02063	0.04247	0.02367	0.74301	0.05878	0.00653	0.00678	0.00948	0.00397	0.00406
15	0.00801	0.00577	0.00759	0.00905	0.00952	0.00536	0.00606	0.00918	0.01271	0.01685	0.03767	0.73239	0.07460	0.02044	0.00837	0.00265	0.00380	0.01850	0.00611	0.00536
16	0.01760	0.77260	0.03450	0.01126	0.01690	0.02605	0.01126	0.01971	0.01338	0.01549	0.00915	0.01056	0.00845	0.00563	0.00422	0.00141	0.00704	0.00352	0.00282	0.00845
17	0.31313	0.01433	0.01484	0.01182	0.01661	0.01534	0.00976	0.26699	0.02038	0.23145	0.01626	0.01581	0.01115	0.00732	0.00568	0.00202	0.00600	0.00526	0.00611	0.00972
18	0.02954	0.01120	0.01528	0.01171	0.01681	0.00968	0.00968	0.03208	0.01884	0.73213	0.02597	0.02241	0.01630	0.00815	0.00662	0.00204	0.00560	0.00662	0.00815	0.01120
19	0.00906	0.00670	0.00847	0.00816	0.00978	0.00611	0.00613	0.01187	0.01775	0.02451	0.57695	0.07930	0.16450	0.01436	0.00783	0.00214	0.00325	0.03007	0.00700	0.00607
20	0.01554	0.01776	0.03885	0.02775	0.03441	0.01665	0.70366	0.02109	0.01554	0.02109	0.01332	0.01776	0.00999	0.00555	0.00777	0.00222	0.01110	0.00777	0.00333	0.00888
21	0.02026	0.01252	0.01364	0.01109	0.01480	0.01329	0.00895	0.32809	0.04253	0.11989	0.01964	0.02035	0.01434	0.00787	0.00580	0.00182	0.00532	0.00614	0.32448	0.00916
22	0.00861	0.00656	0.00791	0.00787	0.00947	0.00586	0.00579	0.01094	0.01652	0.02207	0.40052	0.15916	0.28362	0.01560	0.00786	0.00221	0.00329	0.01358	0.00670	0.00586
23	0.01865	0.04661	0.10542	0.02037	0.15920	0.06266	0.08665	0.14384	0.05159	0.11119	0.08925	0.02145	0.03770	0.00781	0.00669	0.00201	0.00752	0.00678	0.00504	0.00958
24	0.01826	0.60037	0.09226	0.01267	0.01840	0.10171	0.01259	0.04726	0.01467	0.01703	0.00975	0.01119	0.00855	0.00590	0.00467	0.00152	0.00780	0.00381	0.00302	0.00858
25	0.63604	0.08509	0.01302	0.00976	0.01397	0.07814	0.00811	0.02058	0.01240	0.05997	0.01004	0.01133	0.00780	0.00622	0.00437	0.00195	0.00588	0.00376	0.00409	0.00749
26	0.81514	0.01273	0.00968	0.00866	0.01273	0.01477	0.00713	0.01935	0.01120	0.02954	0.00917	0.01069	0.00713	0.00611	0.00407	0.00204	0.00509	0.00356	0.00407	0.00713
27	0.00826	0.00609	0.00780	0.00906	0.00988	0.00563	0.00641	0.00970	0.01329	0.01729	0.04131	0.56985	0.15907	0.01969	0.00837	0.00264	0.00398	0.09013	0.00611	0.00546
28	0.00802	0.00573	0.00764	0.00917	0.00955	0.00535	0.00611	0.00917	0.01260	0.01681	0.03628	0.76434	0.04354	0.02062	0.00840	0.00267	0.00382	0.01872	0.00611	0.00535
29	0.00845	0.00591	0.00784	0.00929	0.00983	0.00558	0.00644	0.00985	0.01289	0.01742	0.03548	0.66891	0.04182	0.01982	0.00829	0.00265	0.00399	0.07757	0.04253	0.00545
30	0.00896	0.00672	0.00830	0.00790	0.00961	0.00606	0.00593	0.01173	0.01778	0.02438	0.56984	0.05250	0.21763	0.01421	0.00777	0.00211	0.00316	0.01237	0.00698	0.00606
31	0.01637	0.01414	0.01489	0.01340	0.01712	0.01637	0.01042	0.03498	0.71568	0.02754	0.02679	0.02456	0.02010	0.00893	0.00670	0.00223	0.00521	0.00744	0.00670	0.01042
32	0.02659	0.01034	0.01372	0.01076	0.01525	0.00907	0.00881	0.02923	0.01798	0.61137	0.02520	0.02277	0.01639	0.00807	0.00628	0.00195	0.00517	0.00654	0.14418	0.01034
33	0.01637	0.01414	0.01489	0.01340	0.01712	0.01637	0.01042	0.03498	0.71568	0.02754	0.02679	0.02456	0.02010	0.00893	0.00670	0.00223	0.00521	0.00744	0.00670	0.01042
34	0.01760	0.77260	0.03450	0.01126	0.01690	0.02605	0.01126	0.01971	0.01338	0.01549	0.00915	0.01056	0.00845	0.00563	0.00422	0.00141	0.00704	0.00352	0.00282	0.00845
35	0.01052	0.00751	0.01050	0.01202	0.01349	0.00750	0.01045	0.01348	0.01506	0.01960	0.03491	0.09885	0.03809	0.01827	0.00907	0.00302	0.00598	0.65958	0.00606	0.00604
36	0.02954	0.01120	0.01528	0.01171	0.01681	0.00968	0.00968	0.03208	0.01884	0.73213	0.02597	0.02241	0.01630	0.00815	0.00662	0.00204	0.00560	0.00662	0.00815	0.01120
37	0.00915	0.00672	0.00856	0.00810	0.00973	0.00614	0.00608	0.01209	0.01823	0.02544	0.65064	0.05076	0.13618	0.01382	0.00777	0.00209	0.00313	0.01213	0.00712	0.00614
38	0.00802	0.00573	0.00764	0.00917	0.00955	0.00535	0.00611	0.00917	0.01260	0.01681	0.03628	0.76434	0.04354	0.02062	0.00840	0.00267	0.00382	0.01872	0.00611	0.00535
39	0.02799	0.01075	0.01446	0.01121	0.01599	0.00936	0.00922	0.03058	0.01839	0.66871	0.02557	0.02260	0.01635	0.00811	0.00644	0.00199	0.00537	0.00658	0.07958	0.01075
40	0.81514	0.01273	0.00968	0.00866	0.01273	0.01477	0.00713	0.01935	0.01120	0.02954	0.00917	0.01069	0.00713	0.00611	0.00407	0.00204	0.00509	0.00356	0.00407	0.00713
41	0.02411	0.03058	0.01873	0.01698	0.02021	0.70840	0.01280	0.02580	0.01825	0.01610	0.01010	0.01199	0.00849	0.00701	0.00667	0.00175	0.04674	0.00431	0.00337	0.00761
42	0.02200	0.01464	0.01635	0.01311	0.01739	0.01571	0.01051	0.37005	0.14003	0.15663	0.06667	0.02299	0.01804	0.07435	0.00902	0.00242	0.00627	0.00701	0.00670	0.01011
43	0.01365	0.01170	0.01365	0.00975	0.01560	0.00878	0.00780	0.01658	0.01365	0.02145	0.01170	0.01365	0.00975	0.00488	0.00488	0.00098	0.00488	0.00390	0.00390	0.80888
44	0.01329	0.03348	0.71014	0.01908	0.02870	0.01534	0.04814	0.02086	0.01396	0.02086	0.01187	0.01403	0.00840	0.00623	0.00631	0.00209	0.00978	0.00497	0.00280	0.00970
45	0.02027	0.01327	0.01500	0.01290	0.01703	0.01439	0.01020	0.03412	0.50920	0.23631	0.02655	0.02392	0.01897	0.00870	0.00668	0.00217	0.00533	0.00720	0.00713	0.01065
46	0.01227	0.00614	0.00614	0.00614	0.00767	0.00614	0.00460	0.01534	0.01381	0.02454	0.02148	0.02454	0.01687	0.00767	0.00460	0.00153	0.00307	0.00614	0.80518	0.00614
47	0.00942	0.00723	0.01046	0.01037	0.01157	0.00832	0.00804	0.01163	0.01091	0.01545	0.02154	0.02907	0.07568	0.06284	0.64211	0.00955	0.03856	0.00765	0.00373	0.00585
48	0.01559	0.01028	0.01222	0.01054	0.01338	0.01050	0.00826	0.17265	0.06824	0.10310	0.34189	0.07093	0.03770	0.01264	0.03334	0.00236	0.00500	0.00953	0.05376	0.00809
49	0.01629	0.01564	0.02672	0.04041	0.72757	0.01564	0.02020	0.02020	0.01499	0.02151	0.01238	0.01629	0.01043	0.00587	0.00652	0.00196	0.00782	0.00587	0.00326	0.01043
50	0.00940	0.00705	0.01058	0.01058	0.01176	0.00823	0.00823	0.01176	0.01058	0.01528	0.01763	0.02586	0.01646	0.04937	0.74255	0.01058	0.01763	0.00705	0.00353	0.00588
51	0.81514	0.01273	0.00968	0.00866	0.01273	0.01477	0.00713	0.01935	0.01120	0.02954	0.00917	0.01069	0.00713	0.00611	0.00407	0.00204	0.00509	0.00356	0.00407	0.00713
52	0.06702	0.01407	0.01634	0.01268	0.01758	0.01432	0.01045	0.31864	0.02332	0.35664	0.02048	0.01911	0.01368	0.00791	0.00635	0.00198	0.00612	0.00614	0.05652	0.01068
53	0.00887	0.00693	0.00807	0.00774	0.00965	0.00624	0.00582	0.01183	0.03831	0.02273	0.41985	0.05453	0.34615	0.01470	0.00774	0.00214	0.00327	0.01263	0.00674	0.00606
54	0.02054	0.01578	0.01735	0.01302	0.01852	0.01582	0.01065	0.43369	0.02412	0.03358	0.01419	0.01496	0.01063	0.00671	0.00591	0.00158	0.00631	0.00513	0.00553	0.32601
55	0.00808	0.00586	0.00763	0.00891	0.00951	0.00541	0.00603	0.00938	0.01315	0.01745	0.07902	0.66554	0.09997	0.01988	0.00831	0.00260	0.00374	0.01792	0.00618	0.00541
56	0.01438	0.01370	0.02296	0.30674	0.41563	0.01492	0.01860	0.01830	0.01416	0.01940	0.01456	0.01892	0.04320	0.00681	0.00705	0.00209	0.03018	0.00623	0.00326	0.00893
57	0.01924	0.01477	0.01566	0.01330	0.01713	0.04369	0.01076	0.34640	0.14779	0.05084	0.02517	0.05150	0.07256	0.03589	0.00798	0.00235	0.00642	0.10288	0.00632	0.00936
58	0.01567	0.01485	0.02457	0.09110	0.58721	0.01471	0.01852	0.01950	0.01468	0.02114	0.01225	0.01606	0.01022	0.00580	0.00632	0.00185	0.00753	0.00562	0.00331	0.10908
59	0.02390	0.01190	0.01427	0.01124	0.01559	0.01156	0.00917	0.19889	0.02059	0.37075	0.02188	0.02093	0.01491	0.00787	0.00609	0.00187	0.00541	0.00624	0.19030	0.03663
60	0.01248	0.00655	0.00659	0.00651	0.00816	0.00666	0.00490	0.01635	0.04997	0.02470	0.02175	0.02454	0.01704	0.00773	0.00471	0.00157	0.00318	0.00620	0.76404	0.00636
61	0.01421	0.01412	0.01979	0.01702	0.01707	0.01970	0.01416	0.01568	0.01010	0.01582	0.00899	0.01485	0.00895	0.01300	0.04971	0.00318	0.72778	0.00581	0.00291	0.00715
62	0.01320	0.03405	0.73453	0.01876	0.02849	0.01529	0.02432	0.02085	0.01390	0.02085	0.01181	0.01390	0.00834	0.00625	0.00625	0.00208	0.00973	0.00486	0.00278	0.00973
63	0.00977	0.00721	0.00949	0.01069	0.01225	0.00694	0.00900	0.01233	0.01489	0.01902	0.04179	0.13570	0.18511	0.01809	0.00875	0.00283	0.00527	0.47892	0.00608	0.00589
64	0.05946	0.01126	0.01506	0.01160	0.01665	0.00987	0.00958	0.03160	0.01855	0.70537	0.02533	0.02196	0.01595	0.00807	0.00652	0.00204	0.00558	0.00650	0.00799	0.01105
65	0.00801	0.00578	0.00759	0.00904	0.00951	0.00536	0.00605	0.00918	0.01273	0.01686	0.03785	0.72822	0.07865	0.02042	0.00837	0.00265	0.00379	0.01847	0.00611	0.00536
66	0.01243	0.01170	0.01975	0.75282	0.04534	0.01463	0.01828	0.01682	0.01316	0.01682	0.01170	0.01755	0.00878	0.00658	0.00658	0.00219	0.00878	0.00585	0.00293	0.00731
67	0.00791	0.00671	0.00685	0.00692	0.00911	0.00565	0.00526	0.00964	0.01501	0.01787	0.06520	0.06387	0.69273	0.01674	0.00784	0.00226	0.00346	0.04523	0.00611	0.00558
68	0.00978	0.00628	0.00839	0.00935	0.01022	0.00581	0.00651	0.01127	0.01372	0.06956	0.10314	0.62091	0.04324	0.01895	0.00823	0.00258	0.00394	0.03589	0.00637	0.00588
69	0.00802	0.00573	0.00764	0.00917	0.00955	0.00535	0.00611	0.00917	0.01260	0.01681	0.03628	0.76434	0.04354	0.02062	0.00840	0.00267	0.00382	0.01872	0.00611	0.00535
70	0.01475	0.01613	0.03297	0.13900	0.03354	0.01649	0.49986	0.01957	0.01442	0.01967	0.01267	0.01758	0.00983	0.00763	0.03004	0.00253	0.09451	0.00722	0.00322	0.00836
71	0.01465	0.00995	0.01121	0.00983	0.01188	0.02986	0.02792	0.11860	0.01587	0.02505	0.01851	0.02232	0.01494	0.03831	0.03051	0.00224	0.08872	0.00622	0.49639	0.00704
72	0.00778	0.00667	0.00667	0.00667	0.00889	0.00556	0.00500	0.00945	0.01501	0.01778	0.06669	0.06336	0.72490	0.01667	0.00778	0.00222	0.00333	0.01389	0.00611	0.00556
73	0.01745	0.02584	0.45550	0.01758	0.02555	0.01400	0.08683	0.04396	0.01587	0.18610	0.03761	0.01741	0.01211	0.00690	0.00655	0.00208	0.00863	0.00581	0.00433	0.00992
74	0.07607	0.01647	0.01851	0.01447	0.01937	0.01799	0.03106	0.45852	0.09615	0.13694	0.01767	0.01732	0.01246	0.00796	0.00687	0.00205	0.02692	0.00607	0.00646	0.01068
75	0.01440	0.01403	0.01963	0.01677	0.01767	0.01867	0.04485	0.01850	0.10959	0.01769	0.01201	0.01675	0.01084	0.01341	0.06704	0.00327	0.56759	0.00618	0.00348	0.00764
76	0.02954	0.01120	0.01528	0.01171	0.01681	0.00968	0.00968	0.03208	0.01884	0.73213	0.02597	0.02241	0.01630	0.00815	0.00662	0.00204	0.00560	0.00662	0.00815	0.01120
77	0.20715	0.02354	0.01593	0.01419	0.01796	0.43891	0.01092	0.02597	0.06718	0.10115	0.01293	0.01371	0.00989	0.00694	0.00564	0.00185	0.00912	0.00458	0.00433	0.00812
78	0.01261	0.01188	0.02006	0.72034	0.07644	0.01467	0.01837	0.01697	0.01325	0.01703	0.01173	0.01749	0.00885	0.00655	0.00658	0.00218	0.00873	0.00585	0.00294	0.00746
79	0.00971	0.00750	0.01116	0.01098	0.01209	0.00895	0.00860	0.01200	0.01055	0.01532	0.01709	0.02517	0.01599	0.04710	0.69915	0.01012	0.06211	0.00698	0.00349	0.00596
80	0.71318	0.01332	0.01133	0.01079	0.05016	0.01525	0.00822	0.07221	0.01292	0.03004	0.00984	0.01138	0.00761	0.00624	0.00439	0.00203	0.00540	0.00387	0.00423	0.00761
81	0.01331	0.01259	0.02132	0.59152	0.19981	0.01486	0.01872	0.01759	0.01358	0.01788	0.01186	0.01727	0.00915	0.00642	0.00657	0.00214	0.00856	0.00585	0.00300	0.00802
82	0.01002	0.00713	0.01055	0.01045	0.01174	0.00819	0.00814	0.01241	0.01091	0.03409	0.01798	0.02573	0.01647	0.04685	0.69771	0.01004	0.01681	0.00701	0.03175	0.00602
83	0.00848	0.00694	0.00733	0.00742	0.00957	0.00608	0.00572	0.01082	0.03393	0.01871	0.08163	0.06173	0.59597	0.01623	0.00778	0.00228	0.00364	0.07890	0.03106	0.00578
84	0.01205	0.01343	0.13279	0.01477	0.09224	0.01024	0.03454	0.01693	0.06205	0.04457	0.38259	0.03602	0.07546	0.01084	0.00771	0.00211	0.02874	0.00942	0.00574	0.00775
85	0.01365	0.01170	0.01365	0.00975	0.01560	0.00878	0.00780	0.01658	0.01365	0.02145	0.01170	0.01365	0.00975	0.00488	0.00488	0.00098	0.00488	0.00390	0.00390	0.80888
86	0.00861	0.00653	0.00942	0.01004	0.01095	0.00609	0.04216	0.01025	0.01353	0.01815	0.10876	0.61183	0.06282	0.01891	0.00830	0.00258	0.00417	0.03516	0.00609	0.00565
87	0.00809	0.00581	0.00770	0.00919	0.00965	0.00542	0.00622	0.00931	0.01274	0.01692	0.03704	0.72538	0.06135	0.02045	0.00841	0.00267	0.00387	0.03830	0.00611	0.00537
88	0.02503	0.01844	0.01976	0.01515	0.02042	0.02042	0.01251	0.70562	0.03095	0.04149	0.01581	0.01581	0.01120	0.00790	0.00659	0.00198	0.00724	0.00593	0.00659	0.01120
89	0.00825	0.00640	0.00745	0.00778	0.00925	0.00567	0.00557	0.01005	0.01497	0.01931	0.20587	0.26488	0.35383	0.03941	0.00872	0.00244	0.00352	0.01473	0.00631	0.00560
90	0.02503	0.01844	0.01976	0.01515	0.02042	0.02042	0.01251	0.70562	0.03095	0.04149	0.01581	0.01581	0.01120	0.00790	0.00659	0.00198	0.00724	0.00593	0.00659	0.01120
91	0.02089	0.00931	0.01237	0.01013	0.01379	0.00816	0.00812	0.02355	0.01845	0.43416	0.26501	0.03487	0.09106	0.01065	0.00710	0.00206	0.00457	0.00901	0.00767	0.00905
92	0.01760	0.77260	0.03450	0.01126	0.01690	0.02605	0.01126	0.01971	0.01338	0.01549	0.00915	0.01056	0.00845	0.00563	0.00422	0.00141	0.00704	0.00352	0.00282	0.00845
93	0.00957	0.00638	0.00718	0.00718	0.00718	0.00638	0.00399	0.00957	0.00957	0.01276	0.02074	0.04308	0.02393	0.76864	0.03351	0.00638	0.00638	0.00957	0.00399	0.00399
94	0.00940	0.00705	0.01058	0.01058	0.01176	0.00823	0.00823	0.01176	0.01058	0.01528	0.01763	0.02586	0.01646	0.04937	0.74255	0.01058	0.01763	0.00705	0.00353	0.00588
95	0.00836	0.00669	0.00747	0.00727	0.00925	0.00580	0.00546	0.01057	0.01637	0.02102	0.31361	0.05803	0.47596	0.01547	0.00777	0.00217	0.00325	0.01315	0.00654	0.00580
96	0.01243	0.01170	0.01975	0.75282	0.04534	0.01463	0.01828	0.01682	0.01316	0.01682	0.01170	0.01755	0.00878	0.00658	0.00658	0.00219	0.00878	0.00585	0.00293	0.00731
97	0.00910	0.00668	0.00855	0.00833	0.00986	0.00613	0.00624	0.01189	0.01763	0.02445	0.57177	0.10813	0.13146	0.01456	0.00787	0.00217	0.00330	0.03883	0.00699	0.00607
98	0.00947	0.00642	0.00726	0.00723	0.00743	0.00633	0.00418	0.00975	0.01040	0.01387	0.06766	0.04442	0.05918	0.68537	0.03066	0.00591	0.00603	0.00992	0.00430	0.00420
99	0.00927	0.00669	0.00877	0.00845	0.00993	0.00619	0.00633	0.01224	0.01812	0.02555	0.65686	0.09898	0.06014	0.01409	0.00785	0.00214	0.00324	0.03189	0.00713	0.00615
100	0.01444	0.01389	0.02401	0.37478	0.37435	0.01521	0.05130	0.01865	0.01416	0.01928	0.01211	0.01695	0.00963	0.00619	0.00661	0.00208	0.00842	0.00595	0.00311	0.00889
101	0.00869	0.00670	0.00793	0.00762	0.00945	0.00594	0.00572	0.01121	0.01715	0.02288	0.45566	0.05497	0.33275	0.01477	0.00777	0.00213	0.00320	0.01272	0.00678	0.00594
102	0.01039	0.00824	0.01010	0.03226	0.01134	0.03681	0.00711	0.01168	0.01064	0.01437	0.01948	0.03304	0.03975	0.35620	0.32209	0.00749	0.05190	0.00814	0.00375	0.00523
103	0.04225	0.01576	0.03379	0.01359	0.01775	0.03704	0.01101	0.23624	0.38976	0.03126	0.08149	0.02296	0.01996	0.00879	0.00664	0.00212	0.00595	0.00709	0.00644	0.01010
104	0.38305	0.01585	0.01519	0.01221	0.01693	0.01786	0.01007	0.39465	0.02200	0.03607	0.01280	0.01349	0.00935	0.00709	0.00545	0.00200	0.00627	0.00486	0.00545	0.00935
105	0.01854	0.01524	0.02880	0.02169	0.05131	0.01432	0.39243	0.02275	0.01571	0.18654	0.01574	0.01810	0.01136	0.00648	0.00804	0.00207	0.05827	0.00686	0.00449	0.10127
106	0.01845	0.06218	0.03511	0.01215	0.03561	0.03010	0.00967	0.12389	0.01759	0.22169	0.04726	0.07834	0.12660	0.04890	0.08080	0.00311	0.02574	0.00842	0.00589	0.00851
107	0.01739	0.01378	0.02320	0.04639	0.33505	0.01376	0.11187	0.02090	0.01557	0.15198	0.06104	0.02264	0.06228	0.00788	0.00803	0.00211	0.06493	0.00716	0.00456	0.00944
108	0.01227	0.00614	0.00614	0.00614	0.00767	0.00614	0.00460	0.01534	0.01381	0.02454	0.02148	0.02454	0.01687	0.00767	0.00460	0.00153	0.00307	0.00614	0.80518	0.00614
109	0.01629	0.01564	0.02672	0.04041	0.72757	0.01564	0.02020	0.02020	0.01499	0.02151	0.01238	0.01629	0.01043	0.00587	0.00652	0.00196	0.00782	0.00587	0.00326	0.01043
110	0.03743	0.09927	0.20772	0.08816	0.14571	0.01416	0.05498	0.01730	0.01317	0.01869	0.01518	0.08690	0.01414	0.07408	0.08239	0.00326	0.00893	0.00699	0.00343	0.00810
111	0.06267	0.01995	0.01722	0.01458	0.01874	0.20794	0.01150	0.27843	0.22293	0.02975	0.03861	0.01804	0.01437	0.00798	0.00635	0.00198	0.00764	0.00598	0.00567	0.00968
112	0.01765	0.01276	0.01432	0.01269	0.01626	0.01385	0.01017	0.15689	0.32411	0.10578	0.02892	0.07223	0.06901	0.01110	0.00717	0.00230	0.00556	0.10311	0.00668	0.00944

[dist]
# distance from previous block
# <min> <max>
0	8

[block]
# block no. 4 follows, 33 sequences, length 24
# corresponding to MSA columns:
# 382-405
name=unknown_E
#
# <colnr> <probs for GDERKNQSTAVLIFYWHMCP>
#	G	D	E	R	K	N	Q	S	T	A	V	L	I	F	Y	W	H	M	C	P
0	0.02254	0.01807	0.01845	0.01482	0.01929	0.07307	0.01203	0.48084	0.14633	0.03528	0.01706	0.01721	0.01256	0.00819	0.00732	0.00204	0.04806	0.00606	0.03037	0.01042
1	0.01775	0.01839	0.02531	0.03631	0.60384	0.14276	0.01889	0.02127	0.01563	0.02056	0.01200	0.01552	0.01009	0.00603	0.00642	0.00191	0.00853	0.00558	0.00328	0.00994
2	0.01022	0.00904	0.01444	0.01291	0.01514	0.00862	0.14770	0.01384	0.07395	0.01875	0.03555	0.44022	0.14092	0.01595	0.00803	0.00247	0.00534	0.01478	0.00560	0.00653
3	0.32047	0.01559	0.01555	0.01238	0.01719	0.01724	0.01022	0.38251	0.02238	0.10561	0.01434	0.01455	0.01018	0.00726	0.00565	0.00200	0.00628	0.00511	0.00580	0.00968
4	0.01134	0.00848	0.01134	0.01207	0.01349	0.00906	0.01002	0.03573	0.05937	0.01978	0.03099	0.17209	0.03348	0.01735	0.01041	0.03688	0.06284	0.43320	0.00575	0.00634
5	0.00903	0.00660	0.00838	0.00815	0.00959	0.00606	0.00597	0.01164	0.01722	0.02388	0.55171	0.12425	0.12893	0.04837	0.00899	0.00234	0.00335	0.01272	0.00686	0.00595
6	0.00988	0.00756	0.01112	0.01164	0.04327	0.00866	0.00836	0.01195	0.01062	0.01523	0.01756	0.02747	0.01699	0.14528	0.59084	0.00939	0.03744	0.00731	0.00356	0.00586
7	0.01469	0.01597	0.03193	0.02367	0.02837	0.01648	0.48580	0.01907	0.01431	0.01999	0.05133	0.01909	0.01282	0.00915	0.04211	0.00271	0.17328	0.00753	0.00345	0.00824
8	0.01227	0.00614	0.00614	0.00614	0.00767	0.00614	0.00460	0.01534	0.01381	0.02454	0.02148	0.02454	0.01687	0.00767	0.00460	0.00153	0.00307	0.00614	0.80518	0.00614
