[name]
unknown

[dist]
# distance from previous block
# <min> <max>
4	53

[block]
# block no. 0 follows, 36 sequences, length 46
# corresponding to MSA columns:
# 62-107
name=unknown_A
#
# <colnr> <probs for GDERKNQSTAVLIFYWHMCP>
#	G	D	E	R	K	N	Q	S	T	A	V	L	I	F	Y	W	H	M	C	P
0	0.01376	0.00871	0.01020	0.00956	0.01173	0.02790	0.00712	0.04095	0.09920	0.16376	0.14685	0.27062	0.09861	0.05113	0.00832	0.00235	0.00438	0.01152	0.00625	0.00705
1	0.08076	0.01020	0.01185	0.01109	0.04152	0.01049	0.00816	0.09092	0.14949	0.15855	0.10055	0.12921	0.08155	0.05060	0.00777	0.00225	0.00474	0.00884	0.03353	0.00793
2	0.04325	0.00829	0.00981	0.00903	0.01129	0.00805	0.00680	0.05575	0.06747	0.12189	0.15814	0.16807	0.14044	0.08862	0.02943	0.00269	0.00466	0.02728	0.00591	0.03311
3	0.00951	0.00685	0.00871	0.00832	0.00993	0.00634	0.02973	0.03142	0.01466	0.03740	0.23777	0.19896	0.22402	0.06509	0.00930	0.02432	0.00383	0.01206	0.05611	0.00565
4	0.00873	0.00678	0.00765	0.00816	0.00909	0.03488	0.00563	0.01022	0.01337	0.01769	0.18281	0.38621	0.13695	0.10496	0.01030	0.00269	0.00397	0.01382	0.03088	0.00522
5	0.00920	0.00640	0.00778	0.00823	0.00920	0.00615	0.00564	0.01149	0.05762	0.03905	0.11230	0.39489	0.11154	0.15110	0.01174	0.00296	0.00403	0.01359	0.03168	0.00544
6	0.03084	0.00737	0.00841	0.00819	0.00975	0.00726	0.00590	0.07245	0.03285	0.03657	0.15067	0.22798	0.14620	0.12413	0.01044	0.00265	0.00408	0.01139	0.09696	0.00589
7	0.01081	0.00710	0.00857	0.00802	0.00952	0.00711	0.03323	0.03599	0.04655	0.02036	0.09698	0.09179	0.06948	0.16837	0.03646	0.00293	0.00461	0.00860	0.32779	0.00574
8	0.03020	0.00749	0.00929	0.00876	0.01050	0.00721	0.02328	0.03123	0.03085	0.10703	0.02519	0.23229	0.04421	0.17238	0.02603	0.00301	0.00483	0.03037	0.15786	0.03798
9	0.00955	0.00637	0.00791	0.00778	0.00904	0.00586	0.00549	0.01136	0.01445	0.06167	0.33524	0.18339	0.13661	0.16294	0.01212	0.00288	0.00383	0.01201	0.00597	0.00551
10	0.04339	0.01942	0.18789	0.04039	0.04667	0.07826	0.28630	0.03883	0.01446	0.01986	0.03397	0.03809	0.03992	0.00812	0.03223	0.00226	0.02540	0.00658	0.00343	0.03451
11	0.01406	0.01695	0.17107	0.03608	0.10860	0.03732	0.08973	0.08160	0.14226	0.02185	0.01867	0.11620	0.01662	0.00994	0.02865	0.00231	0.00734	0.04152	0.03082	0.00840
12	0.52080	0.01074	0.01005	0.00870	0.01231	0.01157	0.00707	0.01951	0.01330	0.16893	0.14355	0.01888	0.01785	0.00742	0.00496	0.00193	0.00458	0.00537	0.00516	0.00735
13	0.03812	0.03383	0.03319	0.01024	0.01191	0.03042	0.04151	0.05082	0.01258	0.01732	0.06734	0.26464	0.02578	0.14038	0.14931	0.04451	0.00748	0.01040	0.00450	0.00569
14	0.02353	0.01427	0.01610	0.01250	0.01705	0.01502	0.01027	0.45242	0.02434	0.23296	0.01821	0.01760	0.01252	0.00752	0.00603	0.00184	0.00599	0.00581	0.09594	0.01007
15	0.00736	0.00631	0.00631	0.00631	0.00842	0.00526	0.00473	0.00894	0.01420	0.01683	0.06312	0.05996	0.73964	0.01578	0.00736	0.00210	0.00316	0.01315	0.00579	0.00526
16	0.01542	0.01480	0.02529	0.03824	0.74217	0.01480	0.01912	0.01912	0.01419	0.02036	0.01172	0.01542	0.00987	0.00555	0.00617	0.00185	0.00740	0.00555	0.00308	0.00987
17	0.01161	0.00581	0.00581	0.00581	0.00726	0.00581	0.00436	0.01452	0.01307	0.02323	0.02033	0.02323	0.01597	0.00726	0.00436	0.00145	0.00290	0.00581	0.81562	0.00581
18	0.01071	0.00545	0.00803	0.00803	0.00803	0.00545	0.00531	0.00818	0.00818	0.01090	0.01138	0.02033	0.01158	0.07009	0.02482	0.76688	0.00545	0.00564	0.00277	0.00277
19	0.01400	0.24220	0.16067	0.01284	0.04253	0.09227	0.01197	0.01832	0.06069	0.01983	0.23671	0.02310	0.02449	0.00806	0.00580	0.00175	0.00640	0.00642	0.00426	0.00768
20	0.01161	0.00581	0.00581	0.00581	0.00726	0.00581	0.00436	0.01452	0.01307	0.02323	0.02033	0.02323	0.01597	0.00726	0.00436	0.00145	0.00290	0.00581	0.81562	0.00581
21	0.01177	0.01107	0.01869	0.76606	0.04291	0.01384	0.01730	0.01592	0.01246	0.01592	0.01107	0.01661	0.00831	0.00623	0.00623	0.00208	0.00831	0.00554	0.00277	0.00692
22	0.02368	0.01745	0.01870	0.01434	0.01932	0.01932	0.01184	0.72139	0.02929	0.03927	0.01496	0.01496	0.01060	0.00748	0.00623	0.00187	0.00686	0.00561	0.00623	0.01060
23	0.01738	0.70508	0.03116	0.01110	0.01634	0.04812	0.01079	0.06930	0.01402	0.01644	0.00915	0.01039	0.00818	0.00552	0.00421	0.00138	0.00683	0.00352	0.00294	0.00816
24	0.02293	0.01806	0.01710	0.03274	0.01878	0.17138	0.01124	0.36767	0.07694	0.15073	0.03876	0.01688	0.01295	0.00750	0.00615	0.00185	0.00728	0.00567	0.00579	0.00959
25	0.01666	0.78478	0.03265	0.01066	0.01599	0.02465	0.01066	0.01866	0.01266	0.01466	0.00866	0.00999	0.00800	0.00533	0.00400	0.00133	0.00666	0.00333	0.00267	0.00800
26	0.01292	0.01107	0.01292	0.00923	0.01477	0.00831	0.00738	0.01569	0.01292	0.02030	0.01107	0.01292	0.00923	0.00461	0.00461	0.00092	0.00461	0.00369	0.00369	0.81912
27	0.01542	0.01480	0.02529	0.03824	0.74217	0.01480	0.01912	0.01912	0.01419	0.02036	0.01172	0.01542	0.00987	0.00555	0.00617	0.00185	0.00740	0.00555	0.00308	0.00987
28	0.01161	0.00581	0.00581	0.00581	0.00726	0.00581	0.00436	0.01452	0.01307	0.02323	0.02033	0.02323	0.01597	0.00726	0.00436	0.00145	0.00290	0.00581	0.81562	0.00581
29	0.20922	0.01158	0.01365	0.01073	0.01535	0.01122	0.00886	0.09294	0.01727	0.51587	0.02005	0.01809	0.01299	0.00725	0.00571	0.00192	0.00534	0.00554	0.00669	0.00972
30	0.01691	0.75640	0.03209	0.01086	0.01611	0.05214	0.01071	0.01889	0.01285	0.01468	0.00870	0.01004	0.00800	0.00537	0.00406	0.00134	0.00683	0.00336	0.00269	0.00797
31	0.01292	0.01107	0.01292	0.00923	0.01477	0.00831	0.00738	0.01569	0.01292	0.02030	0.01107	0.01292	0.00923	0.00461	0.00461	0.00092	0.00461	0.00369	0.00369	0.81912
32	0.00906	0.00604	0.00680	0.00680	0.00680	0.00604	0.00378	0.00906	0.00906	0.01208	0.01963	0.04077	0.02265	0.78103	0.03171	0.00604	0.00604	0.00906	0.00378	0.00378
33	0.01708	0.73661	0.03169	0.01100	0.01620	0.07131	0.01075	0.01905	0.01298	0.01470	0.00872	0.01007	0.00800	0.00540	0.00410	0.00135	0.00695	0.00338	0.00270	0.00795
34	0.02327	0.02970	0.01766	0.01605	0.01926	0.75602	0.01204	0.02488	0.01766	0.01525	0.00963	0.01124	0.00803	0.00642	0.00562	0.00161	0.01124	0.00401	0.00321	0.00722
35	0.02195	0.01659	0.01772	0.01398	0.01866	0.01851	0.01142	0.57567	0.17784	0.03647	0.01716	0.01671	0.01238	0.00769	0.00626	0.00192	0.00645	0.00591	0.00626	0.01044
36	0.01638	0.01382	0.01458	0.01286	0.01654	0.01591	0.01007	0.10706	0.65553	0.02748	0.02424	0.02236	0.01811	0.00835	0.00633	0.00209	0.00514	0.00689	0.00633	0.00994
37	0.00841	0.00604	0.00765	0.00782	0.00878	0.00563	0.00545	0.01028	0.01446	0.01987	0.38287	0.25541	0.09160	0.13387	0.01130	0.00276	0.00363	0.01289	0.00601	0.00528
38	0.01671	0.01158	0.01491	0.01110	0.01607	0.00993	0.05350	0.09698	0.01628	0.16239	0.08800	0.01840	0.01561	0.00639	0.00556	0.00140	0.00520	0.00540	0.00503	0.43954
39	0.00736	0.00631	0.00631	0.00631	0.00842	0.00526	0.00473	0.00894	0.01420	0.01683	0.06312	0.05996	0.73964	0.01578	0.00736	0.00210	0.00316	0.01315	0.00579	0.00526
40	0.01547	0.01323	0.01425	0.01324	0.04053	0.01505	0.00997	0.07245	0.61870	0.02607	0.02668	0.02482	0.06417	0.00876	0.00639	0.00209	0.00502	0.00730	0.00619	0.00961
41	0.01666	0.78478	0.03265	0.01066	0.01599	0.02465	0.01066	0.01866	0.01266	0.01466	0.00866	0.00999	0.00800	0.00533	0.00400	0.00133	0.00666	0.00333	0.00267	0.00800
42	0.01161	0.00581	0.00581	0.00581	0.00726	0.00581	0.00436	0.01452	0.01307	0.02323	0.02033	0.02323	0.01597	0.00726	0.00436	0.00145	0.00290	0.00581	0.81562	0.00581
43	0.01661	0.04151	0.04485	0.14918	0.27561	0.04424	0.11723	0.08149	0.07280	0.07465	0.01385	0.01641	0.01056	0.00622	0.00627	0.00193	0.00778	0.00582	0.00389	0.00910
44	0.01460	0.01663	0.05443	0.07124	0.05221	0.04195	0.50406	0.02049	0.07531	0.01980	0.01394	0.03961	0.01102	0.00624	0.00742	0.00210	0.02998	0.00720	0.00345	0.00832
45	0.01329	0.02424	0.48486	0.01613	0.02320	0.01266	0.07552	0.01942	0.03410	0.07802	0.09519	0.06385	0.01659	0.00765	0.00636	0.00202	0.00785	0.00656	0.00384	0.00865

[dist]
# distance from previous block
# <min> <max>
3	5

[block]
# block no. 1 follows, 36 sequences, length 16
# corresponding to MSA columns:
# 113-128
name=unknown_B
#
# <colnr> <probs for GDERKNQSTAVLIFYWHMCP>
#	G	D	E	R	K	N	Q	S	T	A	V	L	I	F	Y	W	H	M	C	P
0	0.00866	0.00629	0.00805	0.00897	0.00977	0.00611	0.00628	0.04761	0.01292	0.01715	0.03366	0.60018	0.08165	0.03914	0.05254	0.00301	0.00467	0.04233	0.00561	0.00540
1	0.01303	0.01129	0.01383	0.03610	0.05802	0.00887	0.00840	0.01590	0.01298	0.02016	0.01111	0.01319	0.00924	0.00472	0.00476	0.00102	0.00490	0.00386	0.00363	0.74502
2	0.56524	0.11368	0.05035	0.00948	0.01356	0.03458	0.00834	0.01884	0.05027	0.02466	0.01124	0.05619	0.00970	0.00670	0.00440	0.00189	0.00539	0.00449	0.00387	0.00712
3	0.01015	0.00676	0.00837	0.00782	0.00977	0.00604	0.00599	0.01265	0.01658	0.08628	0.46207	0.04888	0.24480	0.01330	0.00730	0.00203	0.00331	0.03520	0.00659	0.00612
4	0.01315	0.01273	0.02236	0.47714	0.25409	0.01431	0.08252	0.01726	0.01319	0.01764	0.01141	0.01627	0.00889	0.00593	0.00631	0.00201	0.00823	0.00571	0.00290	0.00795
5	0.01756	0.01145	0.01376	0.01010	0.01541	0.00938	0.00818	0.07470	0.01545	0.20536	0.01479	0.01517	0.01090	0.00562	0.00516	0.00125	0.00496	0.00449	0.00491	0.55138
6	0.01786	0.01829	0.03408	0.01451	0.03858	0.20484	0.01113	0.06827	0.47100	0.02370	0.02001	0.01924	0.01520	0.00773	0.00613	0.00196	0.00683	0.00609	0.00535	0.00921
7	0.00955	0.00682	0.00947	0.01091	0.01213	0.00675	0.00918	0.01206	0.01386	0.01809	0.03326	0.21255	0.03693	0.01768	0.00847	0.00280	0.00531	0.56283	0.00575	0.00560
8	0.01161	0.00581	0.00581	0.00581	0.00726	0.00581	0.00436	0.01452	0.01307	0.02323	0.02033	0.02323	0.01597	0.00726	0.00436	0.00145	0.00290	0.00581	0.81562	0.00581
9	0.01093	0.00994	0.01638	0.61359	0.03609	0.01207	0.01498	0.01446	0.01235	0.01592	0.01576	0.16968	0.01493	0.00890	0.00658	0.00217	0.00736	0.00799	0.00338	0.00655
10	0.01384	0.01292	0.02165	0.03229	0.59458	0.01284	0.01644	0.01702	0.01373	0.01946	0.01627	0.16873	0.01618	0.00836	0.00653	0.00199	0.00664	0.00800	0.00363	0.00890
11	0.00922	0.00822	0.00952	0.00898	0.01070	0.00871	0.00712	0.01170	0.05209	0.01707	0.04824	0.04925	0.51189	0.01449	0.01002	0.00227	0.15770	0.05175	0.00520	0.00585
12	0.01142	0.01029	0.01695	0.61415	0.03687	0.01250	0.01584	0.01531	0.01284	0.01647	0.01549	0.02742	0.01385	0.00844	0.00671	0.00224	0.00779	0.14539	0.00337	0.00668
13	0.01471	0.01681	0.03676	0.02626	0.03256	0.01576	0.71954	0.01996	0.01471	0.01996	0.01261	0.01681	0.00945	0.00525	0.00735	0.00210	0.01050	0.00735	0.00315	0.00840
14	0.01528	0.01521	0.02760	0.03583	0.59931	0.01500	0.16012	0.01929	0.01429	0.02028	0.01190	0.01570	0.00979	0.00549	0.00641	0.00190	0.00803	0.00591	0.00310	0.00957
15	0.01080	0.00865	0.01428	0.01173	0.01424	0.00804	0.14970	0.01407	0.01664	0.05194	0.51870	0.03992	0.04516	0.04089	0.00828	0.00217	0.00475	0.02755	0.00600	0.00649

[dist]
# distance from previous block
# <min> <max>
0	2

[block]
# block no. 2 follows, 36 sequences, length 7
# corresponding to MSA columns:
# 131-137
name=unknown_C
#
# <colnr> <probs for GDERKNQSTAVLIFYWHMCP>
#	G	D	E	R	K	N	Q	S	T	A	V	L	I	F	Y	W	H	M	C	P
0	0.01137	0.01774	0.27618	0.21633	0.02663	0.01192	0.07913	0.01629	0.01421	0.01980	0.18433	0.02471	0.05893	0.00806	0.00654	0.00202	0.00729	0.00711	0.00387	0.00753
1	0.01082	0.00541	0.00812	0.00812	0.00812	0.00541	0.00541	0.00812	0.00812	0.01082	0.01082	0.01894	0.01082	0.02165	0.02435	0.81872	0.00541	0.00541	0.00271	0.00271
2	0.01155	0.01069	0.01804	0.36652	0.10999	0.01188	0.08826	0.01559	0.04749	0.01733	0.01824	0.22079	0.01795	0.00972	0.00681	0.00218	0.00701	0.00907	0.00383	0.00705
3	0.01046	0.00939	0.01719	0.01437	0.01688	0.00993	0.19872	0.01350	0.01127	0.01594	0.01559	0.02242	0.01393	0.03560	0.55542	0.00789	0.01503	0.00686	0.00329	0.00632
4	0.00843	0.00598	0.00719	0.00758	0.00807	0.00586	0.00486	0.00916	0.01060	0.01398	0.02895	0.23904	0.12055	0.39919	0.09873	0.00500	0.00614	0.01166	0.00453	0.00450
5	0.01496	0.01279	0.01869	0.56441	0.03658	0.01531	0.01584	0.20516	0.01697	0.02218	0.01212	0.01617	0.00892	0.00656	0.00623	0.00202	0.00792	0.00556	0.00370	0.00791
6	0.10569	0.06494	0.01725	0.01315	0.01750	0.07613	0.01071	0.36343	0.21357	0.03109	0.01627	0.01607	0.01208	0.00734	0.00582	0.00189	0.00646	0.00549	0.00555	0.00956

[dist]
# distance from previous block
# <min> <max>
0	6

[block]
# block no. 3 follows, 36 sequences, length 13
# corresponding to MSA columns:
# 144-156
name=unknown_D
#
# <colnr> <probs for GDERKNQSTAVLIFYWHMCP>
#	G	D	E	R	K	N	Q	S	T	A	V	L	I	F	Y	W	H	M	C	P
0	0.01514	0.00921	0.00958	0.00830	0.01078	0.00976	0.00654	0.22113	0.01781	0.02792	0.01876	0.02081	0.01440	0.00732	0.00490	0.00157	0.00406	0.00575	0.57905	0.00721
1	0.02671	0.01261	0.01570	0.01204	0.01690	0.01213	0.00994	0.23234	0.02118	0.53977	0.02177	0.01938	0.01401	0.00764	0.00626	0.00191	0.00576	0.00607	0.00728	0.01060
2	0.00905	0.00637	0.00869	0.00869	0.00932	0.00700	0.00613	0.01019	0.00956	0.01338	0.01754	0.03047	0.01807	0.32748	0.44346	0.04678	0.01207	0.00753	0.00348	0.00474
3	0.01216	0.00674	0.00859	0.00893	0.01053	0.00644	0.00702	0.01451	0.01387	0.11477	0.04719	0.23724	0.02940	0.01355	0.00685	0.00222	0.00421	0.20681	0.24275	0.00622
4	0.48567	0.01952	0.01275	0.01152	0.01510	0.32807	0.00899	0.02109	0.01359	0.02258	0.00908	0.01059	0.00729	0.00605	0.00460	0.00179	0.00754	0.00364	0.00358	0.00695
5	0.24999	0.02633	0.53258	0.01496	0.02261	0.01433	0.01826	0.01932	0.01241	0.02214	0.01045	0.01227	0.00756	0.00588	0.00532	0.00196	0.00793	0.00424	0.00299	0.00849
6	0.01272	0.01107	0.01340	0.01006	0.01458	0.00954	0.00809	0.01532	0.01282	0.01994	0.06291	0.01543	0.01265	0.00602	0.00688	0.00123	0.10471	0.00447	0.00379	0.65437
7	0.48114	0.01082	0.00984	0.00914	0.01212	0.01207	0.00713	0.10760	0.01344	0.02591	0.01700	0.23489	0.01732	0.01002	0.00536	0.00210	0.00473	0.00786	0.00473	0.00676
8	0.01033	0.00895	0.01027	0.10785	0.01525	0.00936	0.00795	0.01690	0.22331	0.01935	0.04340	0.09004	0.38793	0.01263	0.00695	0.00213	0.00438	0.01066	0.00555	0.00681
9	0.06328	0.06981	0.29800	0.01474	0.03634	0.01285	0.07288	0.01891	0.01339	0.06831	0.01249	0.01524	0.00970	0.00588	0.00551	0.00165	0.00714	0.02474	0.00350	0.24565
10	0.53570	0.01238	0.01122	0.05864	0.01526	0.01441	0.00834	0.02248	0.22126	0.02662	0.01371	0.01438	0.01044	0.00659	0.00474	0.00199	0.00508	0.00459	0.00451	0.00767
11	0.01577	0.55939	0.02868	0.01233	0.01610	0.02303	0.01153	0.01759	0.01175	0.01476	0.00852	0.01106	0.00805	0.00696	0.00881	0.00174	0.22967	0.00395	0.00268	0.00765
12	0.35643	0.02369	0.43570	0.01371	0.02065	0.01426	0.01613	0.01913	0.01207	0.02321	0.01012	0.01187	0.00741	0.00586	0.00505	0.00195	0.00735	0.00408	0.00315	0.00817

[dist]
# distance from previous block
# <min> <max>
0	1

[block]
# block no. 4 follows, 36 sequences, length 9
# corresponding to MSA columns:
# 158-166
name=unknown_E
#
# <colnr> <probs for GDERKNQSTAVLIFYWHMCP>
#	G	D	E	R	K	N	Q	S	T	A	V	L	I	F	Y	W	H	M	C	P
0	0.01589	0.00910	0.01278	0.01424	0.14972	0.00873	0.00852	0.01744	0.01270	0.23255	0.01944	0.02922	0.01767	0.36250	0.05930	0.00424	0.00667	0.00743	0.00479	0.00707
1	0.01521	0.00928	0.00965	0.00835	0.01085	0.00983	0.00659	0.22508	0.01790	0.02801	0.01873	0.02077	0.01437	0.00732	0.00491	0.00158	0.00408	0.00575	0.57452	0.00723
2	0.01002	0.00785	0.00934	0.00982	0.01119	0.00822	0.00700	0.01613	0.22643	0.01946	0.07237	0.51025	0.03561	0.01583	0.00744	0.00237	0.00397	0.01416	0.00601	0.00654
3	0.01543	0.00779	0.01088	0.01061	0.01274	0.00735	0.00874	0.01704	0.01411	0.23386	0.02632	0.07244	0.02521	0.01531	0.01088	0.15787	0.00547	0.33561	0.00575	0.00658
4	0.01122	0.01010	0.01653	0.40191	0.16592	0.01141	0.01422	0.01437	0.01263	0.01676	0.01813	0.24288	0.01840	0.01006	0.00673	0.00217	0.00674	0.00917	0.00373	0.00693
5	0.01864	0.01866	0.01562	0.01385	0.01743	0.23647	0.01071	0.10046	0.44729	0.02418	0.01962	0.01883	0.01489	0.00775	0.00611	0.00194	0.00700	0.00600	0.00540	0.00915
6	0.67117	0.15913	0.01363	0.00866	0.01280	0.01601	0.00749	0.01838	0.01099	0.02542	0.00867	0.01010	0.00699	0.00570	0.00388	0.00181	0.00517	0.00337	0.00363	0.00699
7	0.02026	0.01308	0.01479	0.01242	0.01651	0.01410	0.00991	0.12056	0.42852	0.24236	0.02379	0.02158	0.01687	0.00811	0.00630	0.00203	0.00529	0.00663	0.00673	0.01018
8	0.01042	0.15459	0.01336	0.00918	0.01076	0.01048	0.00714	0.01194	0.01023	0.01379	0.01604	0.02657	0.01624	0.25759	0.39728	0.00718	0.01161	0.00675	0.00334	0.00549

[dist]
# distance from previous block
# <min> <max>
0	4

[block]
# block no. 5 follows, 36 sequences, length 6
# corresponding to MSA columns:
# 171-176
name=unknown_F
#
# <colnr> <probs for GDERKNQSTAVLIFYWHMCP>
#	G	D	E	R	K	N	Q	S	T	A	V	L	I	F	Y	W	H	M	C	P
0	0.02015	0.02463	0.01794	0.21992	0.02569	0.55428	0.01347	0.02244	0.01624	0.01543	0.01002	0.01270	0.00810	0.00637	0.00578	0.00173	0.01044	0.00443	0.00309	0.00714
1	0.00765	0.00632	0.00671	0.00661	0.00859	0.00538	0.00496	0.00949	0.01488	0.01843	0.19586	0.05733	0.60590	0.01518	0.00736	0.00208	0.00311	0.01278	0.00600	0.00538
2	0.01248	0.00809	0.00954	0.00869	0.00966	0.00845	0.00587	0.14869	0.01274	0.01703	0.01599	0.02895	0.01663	0.39425	0.02443	0.25653	0.00601	0.00725	0.00393	0.00478
3	0.01074	0.00946	0.01655	0.01420	0.01694	0.00898	0.20139	0.01411	0.01509	0.02027	0.19778	0.08739	0.07216	0.01294	0.00786	0.00238	0.00611	0.27389	0.00531	0.00643
4	0.23337	0.02674	0.54771	0.01516	0.02291	0.01434	0.01860	0.01935	0.01246	0.02197	0.01050	0.01233	0.00758	0.00588	0.00536	0.00196	0.00802	0.00427	0.00296	0.00854
5	0.01198	0.01016	0.01477	0.01801	0.21057	0.01110	0.01103	0.01749	0.15269	0.01820	0.01722	0.02278	0.01514	0.07332	0.36039	0.00600	0.01120	0.00659	0.00389	0.00747

[dist]
# distance from previous block
# <min> <max>
0	1

[block]
# block no. 6 follows, 36 sequences, length 25
# corresponding to MSA columns:
# 178-202
name=unknown_G
#
# <colnr> <probs for GDERKNQSTAVLIFYWHMCP>
#	G	D	E	R	K	N	Q	S	T	A	V	L	I	F	Y	W	H	M	C	P
0	0.01099	0.00588	0.00588	0.00588	0.00743	0.00573	0.00441	0.01370	0.01323	0.02229	0.02662	0.02864	0.12250	0.00851	0.00480	0.00155	0.00294	0.00689	0.69640	0.00573
1	0.01550	0.01338	0.01409	0.01268	0.01620	0.01550	0.00986	0.03311	0.73091	0.02606	0.02536	0.02325	0.01902	0.00845	0.00634	0.00211	0.00493	0.00704	0.00634	0.00986
2	0.01236	0.12048	0.00976	0.00652	0.00854	0.00858	0.00528	0.01513	0.01301	0.02197	0.01861	0.02128	0.01480	0.00698	0.00430	0.00143	0.00346	0.00544	0.69594	0.00613
3	0.06796	0.02843	0.12511	0.01677	0.04992	0.57302	0.01364	0.02350	0.01644	0.01686	0.00989	0.01163	0.00801	0.00627	0.00558	0.00169	0.01041	0.00413	0.00316	0.00760
4	0.14039	0.06045	0.01735	0.01287	0.01752	0.01794	0.01066	0.46139	0.11383	0.06380	0.01538	0.01527	0.01114	0.00724	0.00577	0.00188	0.00624	0.00536	0.00575	0.00979
5	0.01542	0.01480	0.02529	0.03824	0.74217	0.01480	0.01912	0.01912	0.01419	0.02036	0.01172	0.01542	0.00987	0.00555	0.00617	0.00185	0.00740	0.00555	0.00308	0.00987
6	0.01604	0.62600	0.02860	0.01092	0.01574	0.02233	0.01038	0.02035	0.11824	0.01633	0.01159	0.01279	0.01006	0.00820	0.04807	0.00195	0.00699	0.00407	0.00325	0.00813
7	0.82504	0.01205	0.00916	0.00819	0.01205	0.01398	0.00675	0.01832	0.01060	0.02795	0.00868	0.01012	0.00675	0.00578	0.00386	0.00193	0.00482	0.00337	0.00386	0.00675
8	0.01402	0.00651	0.00708	0.00658	0.00853	0.00630	0.00506	0.01685	0.01377	0.12970	0.02095	0.02293	0.01589	0.00733	0.00464	0.00152	0.00326	0.00587	0.69669	0.00651
9	0.02133	0.02638	0.01654	0.01538	0.01833	0.64578	0.01174	0.02312	0.01717	0.01575	0.01307	0.01993	0.01212	0.00801	0.00606	0.00179	0.01043	0.10651	0.00358	0.00700
10	0.07456	0.01369	0.01489	0.01206	0.01606	0.01483	0.00976	0.36973	0.13042	0.09513	0.13986	0.02302	0.04108	0.00865	0.00631	0.00194	0.00553	0.00690	0.00631	0.00928
11	0.26877	0.01229	0.01362	0.01080	0.01536	0.01247	0.00892	0.15232	0.01773	0.40015	0.01801	0.01671	0.01192	0.00709	0.00553	0.00192	0.00544	0.00527	0.00627	0.00943
12	0.14207	0.01660	0.12287	0.01313	0.03624	0.01465	0.01163	0.29045	0.05355	0.04888	0.03492	0.03568	0.03227	0.00729	0.00572	0.00181	0.00618	0.00562	0.00496	0.11549
13	0.06394	0.01172	0.05705	0.03092	0.06526	0.01102	0.08077	0.10916	0.03341	0.02135	0.04488	0.14588	0.17966	0.01402	0.06344	0.00273	0.02848	0.02439	0.00479	0.00715
14	0.01185	0.02513	0.01386	0.01293	0.03391	0.07825	0.06313	0.01400	0.03345	0.01648	0.04219	0.18358	0.05673	0.10665	0.01305	0.03665	0.12208	0.12567	0.00442	0.00600
15	0.03530	0.01232	0.01588	0.09410	0.08184	0.03160	0.04235	0.13041	0.11694	0.04283	0.01715	0.01970	0.03101	0.01214	0.09271	0.00289	0.08289	0.00613	0.12384	0.00798
16	0.14493	0.01216	0.01576	0.01299	0.03260	0.03137	0.11285	0.08432	0.05257	0.05270	0.04641	0.08754	0.03170	0.01035	0.04988	0.02044	0.00654	0.00672	0.00449	0.18367
17	0.07647	0.01645	0.01591	0.01448	0.07286	0.15177	0.01059	0.25723	0.03824	0.04431	0.04327	0.06227	0.01386	0.00862	0.02593	0.00195	0.00706	0.00592	0.00484	0.12798
18	0.03275	0.01127	0.01649	0.03456	0.05097	0.03216	0.14418	0.05168	0.08723	0.01936	0.02242	0.19267	0.06908	0.03224	0.00923	0.06526	0.02658	0.02461	0.00449	0.07280
19	0.00991	0.00652	0.00807	0.00841	0.00945	0.00626	0.00585	0.03079	0.02764	0.05550	0.08010	0.38106	0.09846	0.14446	0.02546	0.02443	0.00444	0.02867	0.03907	0.00546
20	0.03181	0.00964	0.01232	0.01124	0.01304	0.01058	0.02323	0.06856	0.08509	0.10685	0.05699	0.29446	0.05306	0.05076	0.01061	0.00251	0.13596	0.01085	0.00543	0.00701
21	0.02641	0.00813	0.00980	0.05284	0.01254	0.00828	0.00714	0.05688	0.09780	0.04259	0.24770	0.18753	0.13362	0.06965	0.00892	0.00241	0.00422	0.01121	0.00590	0.00643
22	0.03588	0.00805	0.00994	0.00939	0.01142	0.00790	0.00702	0.06131	0.04894	0.15856	0.09670	0.28484	0.05644	0.06707	0.05219	0.00289	0.00510	0.02685	0.04267	0.00683
23	0.13649	0.00948	0.01271	0.01100	0.01358	0.00954	0.11110	0.01517	0.09613	0.01992	0.07692	0.18061	0.13067	0.11563	0.01004	0.00265	0.00521	0.01005	0.00491	0.02820
24	0.28947	0.01060	0.01098	0.00971	0.01296	0.01114	0.00770	0.10410	0.04322	0.14186	0.04048	0.14216	0.05384	0.03236	0.00662	0.00217	0.00490	0.04239	0.00544	0.02788

[dist]
# distance from previous block
# <min> <max>
7	148

# created by:
# /home/cegg/simao/soft/augustus-3.2.1/scripts/msa2prfl.pl ./align_prep/EOG090W0FIQ.fa
