[name]
unknown

[dist]
# distance from previous block
# <min> <max>
0	6

[block]
# block no. 0 follows, 34 sequences, length 11
# corresponding to MSA columns:
# 6-16
name=unknown_A
#
# <colnr> <probs for GDERKNQSTAVLIFYWHMCP>
#	G	D	E	R	K	N	Q	S	T	A	V	L	I	F	Y	W	H	M	C	P
0	0.00787	0.00562	0.00750	0.00900	0.00937	0.00525	0.00600	0.00900	0.01237	0.01649	0.03561	0.76871	0.04274	0.02024	0.00825	0.00262	0.00375	0.01837	0.00600	0.00525
1	0.00828	0.00594	0.00786	0.00872	0.00946	0.00552	0.00603	0.01003	0.01428	0.01953	0.25911	0.53656	0.04861	0.01798	0.00805	0.00243	0.00352	0.01621	0.00636	0.00552
2	0.01435	0.27297	0.51208	0.01604	0.02430	0.01841	0.01974	0.02010	0.01348	0.01877	0.01075	0.01259	0.00822	0.00594	0.00550	0.00183	0.00870	0.00435	0.00274	0.00914
3	0.00822	0.00705	0.00711	0.00700	0.00929	0.00619	0.00528	0.01101	0.06376	0.01812	0.06274	0.05954	0.68068	0.01584	0.00756	0.00218	0.00340	0.01320	0.00604	0.00579
4	0.02319	0.02491	0.01882	0.01611	0.01967	0.43429	0.01260	0.24551	0.02129	0.02381	0.01161	0.01316	0.00920	0.00751	0.00769	0.00188	0.09104	0.00486	0.00429	0.00857
5	0.02029	0.02457	0.01866	0.25534	0.02788	0.51091	0.01424	0.02281	0.01657	0.01604	0.01047	0.01345	0.00842	0.00659	0.00603	0.00182	0.01067	0.00467	0.00318	0.00739
6	0.01305	0.01256	0.01991	0.47696	0.07575	0.01616	0.01683	0.01639	0.01205	0.01647	0.01056	0.01616	0.00867	0.00798	0.01121	0.00236	0.25103	0.00571	0.00288	0.00732
7	0.01107	0.01129	0.01752	0.01387	0.01745	0.04662	0.23234	0.01407	0.01542	0.01922	0.10867	0.04388	0.39792	0.01205	0.00754	0.00214	0.00613	0.01103	0.00509	0.00667
8	0.01070	0.00994	0.01765	0.01416	0.01724	0.00918	0.23244	0.01403	0.01592	0.02158	0.29689	0.14214	0.14644	0.01219	0.00771	0.00219	0.00571	0.01162	0.00554	0.00672
9	0.01132	0.02446	0.50359	0.01538	0.02197	0.01186	0.01811	0.01677	0.01323	0.01918	0.01933	0.25695	0.01932	0.01068	0.00682	0.00223	0.00768	0.00916	0.00378	0.00816
10	0.01170	0.08932	0.44203	0.01474	0.02098	0.01278	0.01699	0.01667	0.01319	0.01872	0.01911	0.25666	0.01933	0.01063	0.00664	0.00217	0.00745	0.00904	0.00379	0.00805

[dist]
# distance from previous block
# <min> <max>
0	5

[block]
# block no. 1 follows, 34 sequences, length 74
# corresponding to MSA columns:
# 22-95
name=unknown_B
#
# <colnr> <probs for GDERKNQSTAVLIFYWHMCP>
#	G	D	E	R	K	N	Q	S	T	A	V	L	I	F	Y	W	H	M	C	P
0	0.01587	0.01359	0.01430	0.01281	0.01643	0.01558	0.00998	0.05727	0.65352	0.02695	0.02826	0.02609	0.06213	0.00919	0.00663	0.00218	0.00507	0.00763	0.00654	0.00997
1	0.00818	0.00730	0.05153	0.00956	0.01049	0.00584	0.00707	0.00969	0.01245	0.01673	0.03417	0.72329	0.04066	0.01939	0.00812	0.00259	0.00410	0.01755	0.00580	0.00551
2	0.01517	0.01347	0.01426	0.01297	0.01569	0.05387	0.01005	0.06827	0.41711	0.02387	0.02562	0.14345	0.04712	0.01102	0.00855	0.00229	0.09372	0.00887	0.00584	0.00878
3	0.01285	0.01268	0.01101	0.01078	0.01252	0.18911	0.00788	0.01583	0.05640	0.02060	0.29958	0.25841	0.04006	0.01349	0.00731	0.00213	0.00550	0.01163	0.00581	0.00642
4	0.01560	0.01481	0.02507	0.03770	0.68897	0.01481	0.01887	0.01920	0.01439	0.02059	0.01265	0.01757	0.01103	0.05190	0.00799	0.00218	0.00759	0.00598	0.00324	0.00985
5	0.00852	0.00657	0.00768	0.00764	0.00904	0.00627	0.00548	0.01005	0.01286	0.01651	0.10068	0.04838	0.35542	0.19581	0.17587	0.00490	0.00702	0.01103	0.00506	0.00523
6	0.01516	0.01418	0.02394	0.15012	0.58116	0.01463	0.01861	0.01902	0.01436	0.02057	0.01259	0.01667	0.01036	0.00597	0.00629	0.00193	0.00754	0.00577	0.05160	0.00950
7	0.02316	0.02883	0.01765	0.01597	0.01930	0.67363	0.01202	0.05191	0.01857	0.01690	0.01354	0.01484	0.05184	0.00729	0.00596	0.00171	0.01097	0.00480	0.00361	0.00751
8	0.02692	0.01126	0.01475	0.01150	0.01614	0.01023	0.00936	0.06890	0.05364	0.61855	0.02466	0.02295	0.01635	0.05403	0.00809	0.00226	0.00562	0.00667	0.00759	0.01053
9	0.01033	0.00956	0.01427	0.01301	0.01489	0.05211	0.14806	0.01238	0.01343	0.01735	0.03103	0.53612	0.06867	0.01625	0.00795	0.00245	0.00564	0.01511	0.00529	0.00609
10	0.02771	0.01364	0.01619	0.01254	0.01750	0.04816	0.01030	0.19089	0.02128	0.53807	0.02239	0.01996	0.01444	0.00787	0.00646	0.00197	0.00618	0.00622	0.00741	0.01082
11	0.69704	0.01274	0.01100	0.07739	0.01588	0.01482	0.00832	0.06040	0.01234	0.02855	0.00962	0.01141	0.00739	0.00615	0.00437	0.00201	0.00546	0.00384	0.00404	0.00725
12	0.06864	0.01305	0.01484	0.01347	0.01461	0.09466	0.01063	0.01608	0.01253	0.06481	0.05230	0.21408	0.02044	0.01266	0.01330	0.00250	0.34118	0.00904	0.00435	0.00684
13	0.01599	0.01535	0.02623	0.03966	0.73262	0.01535	0.01983	0.01983	0.01471	0.02111	0.01215	0.01599	0.01023	0.00576	0.00640	0.00192	0.00768	0.00576	0.00320	0.01023
14	0.01700	0.01349	0.01669	0.01256	0.01781	0.07028	0.08829	0.02031	0.03194	0.14284	0.01523	0.04473	0.01212	0.00626	0.00566	0.00143	0.00613	0.00539	0.00459	0.46726
15	0.01296	0.03342	0.73944	0.01842	0.02797	0.01501	0.02387	0.02046	0.01364	0.02046	0.01160	0.01364	0.00818	0.00614	0.00614	0.00205	0.00955	0.00477	0.00273	0.00955
16	0.02391	0.01762	0.01901	0.01468	0.01968	0.01953	0.01210	0.68134	0.02953	0.03963	0.01559	0.01593	0.01121	0.00949	0.03795	0.00230	0.00754	0.00586	0.00634	0.01077
17	0.01010	0.00864	0.00895	0.00859	0.01116	0.00851	0.00660	0.01646	0.21296	0.02021	0.05334	0.05188	0.50561	0.01428	0.00738	0.00221	0.00389	0.03626	0.00616	0.00681
18	0.01711	0.74829	0.06093	0.01134	0.01702	0.02516	0.01155	0.01939	0.01315	0.01540	0.00908	0.01049	0.00829	0.00555	0.00422	0.00141	0.00701	0.00351	0.00276	0.00834
19	0.00865	0.00662	0.00795	0.00770	0.00946	0.00592	0.00583	0.01118	0.01687	0.02260	0.46244	0.05425	0.30177	0.01453	0.00768	0.00212	0.00324	0.03866	0.00667	0.00586
20	0.01351	0.01158	0.01394	0.06566	0.07926	0.01276	0.01035	0.02465	0.39235	0.02414	0.13637	0.05993	0.08794	0.01039	0.00694	0.00218	0.00507	0.02831	0.00601	0.00865
21	0.00911	0.00672	0.00780	0.00748	0.00944	0.00588	0.00562	0.01138	0.01635	0.04869	0.34991	0.07202	0.39669	0.01478	0.00760	0.00212	0.00327	0.01264	0.00656	0.00594
22	0.02881	0.01128	0.01517	0.01163	0.01663	0.00991	0.00961	0.05837	0.01896	0.70955	0.02510	0.02174	0.01580	0.00799	0.00650	0.00200	0.00556	0.00647	0.00794	0.01100
23	0.01727	0.77681	0.03386	0.01106	0.01658	0.02557	0.01106	0.01935	0.01313	0.01520	0.00898	0.01036	0.00829	0.00553	0.00415	0.00138	0.00691	0.00345	0.00276	0.00829
24	0.00940	0.00626	0.00705	0.00705	0.00705	0.00626	0.00392	0.00940	0.00940	0.01253	0.02036	0.04228	0.02349	0.77292	0.03289	0.00626	0.00626	0.00940	0.00392	0.00392
25	0.01727	0.77681	0.03386	0.01106	0.01658	0.02557	0.01106	0.01935	0.01313	0.01520	0.00898	0.01036	0.00829	0.00553	0.00415	0.00138	0.00691	0.00345	0.00276	0.00829
26	0.81856	0.01250	0.00950	0.00850	0.01250	0.01449	0.00700	0.01899	0.01100	0.02899	0.00900	0.01050	0.00700	0.00600	0.00400	0.00200	0.00500	0.00350	0.00400	0.00700
27	0.01027	0.00685	0.00900	0.00832	0.01004	0.00629	0.00629	0.01329	0.01830	0.06631	0.68923	0.04677	0.05841	0.01291	0.00756	0.00203	0.00319	0.01139	0.00716	0.00637
28	0.00787	0.00562	0.00750	0.00900	0.00937	0.00525	0.00600	0.00900	0.01237	0.01649	0.03561	0.76871	0.04274	0.02024	0.00825	0.00262	0.00375	0.01837	0.00600	0.00525
29	0.00937	0.00638	0.00764	0.00764	0.00784	0.00659	0.00465	0.00978	0.00957	0.01297	0.01982	0.03929	0.02219	0.64454	0.15949	0.00699	0.00822	0.00896	0.00383	0.00424
30	0.01414	0.01414	0.01979	0.01696	0.01696	0.01979	0.01414	0.01555	0.00990	0.01555	0.00848	0.01414	0.00848	0.01131	0.02120	0.00283	0.76110	0.00565	0.00283	0.00707
31	0.00781	0.00655	0.00682	0.00698	0.00903	0.00556	0.00528	0.00949	0.01461	0.01751	0.06208	0.10077	0.65370	0.01666	0.00774	0.00225	0.00345	0.05226	0.00600	0.00547
32	0.02424	0.01794	0.01921	0.01480	0.01991	0.01989	0.01220	0.68511	0.05687	0.04020	0.01593	0.01584	0.01132	0.00780	0.00647	0.00195	0.00703	0.00587	0.00647	0.01096
33	0.02414	0.03079	0.01831	0.01665	0.01998	0.74698	0.01248	0.02580	0.01831	0.01581	0.00999	0.01165	0.00832	0.00666	0.00583	0.00166	0.01165	0.00416	0.00333	0.00749
34	0.00894	0.00682	0.00832	0.00818	0.00988	0.00600	0.00589	0.01094	0.01479	0.02014	0.26995	0.26573	0.18347	0.05233	0.00874	0.00233	0.00366	0.01313	0.00603	0.09475
35	0.20337	0.05457	0.01790	0.01635	0.08392	0.34779	0.01182	0.15057	0.01834	0.02389	0.01095	0.01245	0.00869	0.00658	0.00551	0.00180	0.00873	0.00444	0.00403	0.00832
36	0.69293	0.01361	0.01129	0.01051	0.04131	0.03462	0.00813	0.08308	0.01312	0.02941	0.00975	0.01120	0.00753	0.00617	0.00437	0.00198	0.00547	0.00382	0.00418	0.00750
37	0.01757	0.74511	0.03320	0.01129	0.01673	0.05622	0.01112	0.01962	0.01335	0.01523	0.00903	0.01042	0.00829	0.00558	0.00422	0.00139	0.00711	0.00348	0.00279	0.00826
38	0.01588	0.01524	0.02603	0.06000	0.71312	0.01532	0.01978	0.01974	0.01466	0.02098	0.01213	0.01603	0.01019	0.00578	0.00640	0.00193	0.00770	0.00576	0.00319	0.01015
39	0.01973	0.01600	0.01665	0.01393	0.01820	0.03469	0.01112	0.31050	0.42259	0.03236	0.02151	0.02031	0.01589	0.00830	0.00651	0.00208	0.00608	0.00662	0.00645	0.01047
40	0.01599	0.01535	0.02623	0.03966	0.73262	0.01535	0.01983	0.01983	0.01471	0.02111	0.01215	0.01599	0.01023	0.00576	0.00640	0.00192	0.00768	0.00576	0.00320	0.01023
41	0.00845	0.00645	0.00776	0.00770	0.00929	0.00576	0.00567	0.01074	0.01623	0.02168	0.40341	0.15375	0.28910	0.01528	0.00771	0.00217	0.00322	0.01329	0.00657	0.00576
42	0.01239	0.01160	0.01915	0.72087	0.04314	0.01444	0.01757	0.01738	0.04766	0.01703	0.01221	0.01756	0.00916	0.00657	0.00647	0.00216	0.00844	0.00582	0.00305	0.00733
43	0.01014	0.00827	0.00917	0.00865	0.01094	0.00815	0.00657	0.01615	0.18035	0.02270	0.29339	0.04835	0.32576	0.01347	0.00738	0.00213	0.00362	0.01147	0.00653	0.00679
44	0.02456	0.01810	0.01939	0.01487	0.02004	0.02004	0.01228	0.71107	0.03038	0.04072	0.01551	0.01551	0.01099	0.00776	0.00646	0.00194	0.00711	0.00582	0.00646	0.01099
45	0.00908	0.00685	0.00712	0.00688	0.00925	0.00573	0.00522	0.01077	0.01498	0.06604	0.06276	0.05947	0.68179	0.01580	0.00756	0.00217	0.00342	0.01315	0.00613	0.00583
46	0.02096	0.01540	0.01687	0.01368	0.01783	0.01684	0.01106	0.55563	0.02649	0.03546	0.01991	0.15547	0.01781	0.01043	0.00689	0.00210	0.00645	0.03461	0.00636	0.00974
47	0.00787	0.00562	0.00750	0.00900	0.00937	0.00525	0.00600	0.00900	0.01237	0.01649	0.03561	0.76871	0.04274	0.02024	0.00825	0.00262	0.00375	0.01837	0.00600	0.00525
48	0.01595	0.01546	0.02687	0.03899	0.69505	0.01541	0.05688	0.01988	0.01474	0.02109	0.01220	0.01607	0.01021	0.00574	0.00646	0.00193	0.00785	0.00586	0.00320	0.01015
49	0.00940	0.00626	0.00705	0.00705	0.00705	0.00626	0.00392	0.00940	0.00940	0.01253	0.02036	0.04228	0.02349	0.77292	0.03289	0.00626	0.00626	0.00940	0.00392	0.00392
50	0.00923	0.00692	0.01038	0.01038	0.01154	0.00808	0.00808	0.01154	0.01038	0.01500	0.01731	0.02538	0.01615	0.04846	0.74732	0.01038	0.01731	0.00692	0.00346	0.00577
51	0.06140	0.01618	0.06086	0.03624	0.62300	0.01533	0.05297	0.01986	0.01448	0.02150	0.01199	0.01563	0.00993	0.00577	0.00631	0.00194	0.00777	0.00567	0.00322	0.00994
52	0.01473	0.04951	0.21939	0.02436	0.03164	0.01633	0.50619	0.02059	0.01476	0.02043	0.01254	0.01619	0.00933	0.00563	0.00711	0.00212	0.01040	0.00673	0.00311	0.00891
53	0.00787	0.00562	0.00750	0.00900	0.00937	0.00525	0.00600	0.00900	0.01237	0.01649	0.03561	0.76871	0.04274	0.02024	0.00825	0.00262	0.00375	0.01837	0.00600	0.00525
54	0.01490	0.01845	0.10064	0.06851	0.06814	0.01606	0.57337	0.02040	0.01494	0.02046	0.01280	0.01700	0.00961	0.00558	0.00736	0.00215	0.01048	0.00717	0.00319	0.00878
55	0.01304	0.03283	0.71364	0.01874	0.02818	0.01505	0.04909	0.02047	0.01370	0.02047	0.01165	0.01378	0.00824	0.00611	0.00619	0.00205	0.00960	0.00488	0.00275	0.00952
56	0.01386	0.01373	0.01926	0.01659	0.01666	0.01913	0.01379	0.01532	0.00992	0.01552	0.00898	0.01478	0.00892	0.01342	0.06245	0.00326	0.71885	0.00573	0.00286	0.00699
57	0.81856	0.01250	0.00950	0.00850	0.01250	0.01449	0.00700	0.01899	0.01100	0.02899	0.00900	0.01050	0.00700	0.00600	0.00400	0.00200	0.00500	0.00350	0.00400	0.00700
58	0.02899	0.01100	0.01499	0.01150	0.01649	0.00950	0.00950	0.03149	0.01849	0.73709	0.02549	0.02199	0.01599	0.00800	0.00650	0.00200	0.00550	0.00650	0.00800	0.01100
59	0.01727	0.77681	0.03386	0.01106	0.01658	0.02557	0.01106	0.01935	0.01313	0.01520	0.00898	0.01036	0.00829	0.00553	0.00415	0.00138	0.00691	0.00345	0.00276	0.00829
60	0.01363	0.13286	0.61672	0.01777	0.02666	0.01648	0.04925	0.02032	0.01364	0.01976	0.01130	0.01335	0.00826	0.00603	0.00593	0.00196	0.00925	0.00471	0.00275	0.00935
61	0.00787	0.00562	0.00750	0.00900	0.00937	0.00525	0.00600	0.00900	0.01237	0.01649	0.03561	0.76871	0.04274	0.02024	0.00825	0.00262	0.00375	0.01837	0.00600	0.00525
62	0.00787	0.00562	0.00750	0.00900	0.00937	0.00525	0.00600	0.00900	0.01237	0.01649	0.03561	0.76871	0.04274	0.02024	0.00825	0.00262	0.00375	0.01837	0.00600	0.00525
63	0.01544	0.01477	0.02500	0.06393	0.67167	0.01482	0.01902	0.01918	0.01465	0.02076	0.01479	0.01834	0.04606	0.00631	0.00646	0.00194	0.00749	0.00615	0.00333	0.00989
64	0.01248	0.01189	0.02029	0.69008	0.06447	0.01459	0.04334	0.01674	0.01299	0.01678	0.01149	0.01712	0.00870	0.00652	0.00687	0.00216	0.02746	0.00581	0.00289	0.00733
65	0.01247	0.03000	0.64620	0.01710	0.02563	0.01387	0.02160	0.01941	0.01423	0.02116	0.10316	0.01806	0.01492	0.00704	0.00633	0.00204	0.00872	0.00566	0.00329	0.00911
66	0.00923	0.00692	0.01038	0.01038	0.01154	0.00808	0.00808	0.01154	0.01038	0.01500	0.01731	0.02538	0.01615	0.04846	0.74732	0.01038	0.01731	0.00692	0.00346	0.00577
67	0.81856	0.01250	0.00950	0.00850	0.01250	0.01449	0.00700	0.01899	0.01100	0.02899	0.00900	0.01050	0.00700	0.00600	0.00400	0.00200	0.00500	0.00350	0.00400	0.00700
68	0.03830	0.13263	0.03728	0.01308	0.01861	0.01652	0.04493	0.29662	0.02050	0.06887	0.01353	0.01440	0.01023	0.00637	0.00561	0.00159	0.00650	0.00492	0.00491	0.24462
69	0.00875	0.00665	0.00915	0.00979	0.01044	0.00713	0.00707	0.01023	0.01161	0.01590	0.02904	0.44076	0.06100	0.05101	0.23284	0.00507	0.05951	0.01357	0.00495	0.00550
70	0.00787	0.00562	0.00750	0.00900	0.00937	0.00525	0.00600	0.00900	0.01237	0.01649	0.03561	0.76871	0.04274	0.02024	0.00825	0.00262	0.00375	0.01837	0.00600	0.00525
71	0.01247	0.00991	0.01070	0.00979	0.01264	0.01026	0.00755	0.03996	0.29104	0.05160	0.14928	0.04231	0.30205	0.01235	0.00714	0.00215	0.00415	0.01037	0.00649	0.00779
72	0.01824	0.13850	0.26532	0.01483	0.02129	0.04694	0.03635	0.06751	0.11572	0.15042	0.01598	0.01625	0.01153	0.00679	0.00594	0.00188	0.00753	0.00532	0.00455	0.04909
73	0.01454	0.01173	0.01355	0.01025	0.01546	0.00988	0.00815	0.02007	0.13680	0.05926	0.03674	0.01677	0.01324	0.00590	0.00527	0.00126	0.00483	0.00481	0.00462	0.60688

[dist]
# distance from previous block
# <min> <max>
1	18

[block]
# block no. 2 follows, 34 sequences, length 20
# corresponding to MSA columns:
# 114-133
name=unknown_C
#
# <colnr> <probs for GDERKNQSTAVLIFYWHMCP>
#	G	D	E	R	K	N	Q	S	T	A	V	L	I	F	Y	W	H	M	C	P
0	0.03935	0.38782	0.08505	0.01313	0.01849	0.08562	0.01232	0.17108	0.09020	0.02278	0.01248	0.01328	0.01001	0.00650	0.00521	0.00168	0.00735	0.00453	0.00403	0.00907
1	0.81856	0.01250	0.00950	0.00850	0.01250	0.01449	0.00700	0.01899	0.01100	0.02899	0.00900	0.01050	0.00700	0.00600	0.00400	0.00200	0.00500	0.00350	0.00400	0.00700
2	0.00925	0.00685	0.01000	0.01000	0.01102	0.00787	0.00760	0.01129	0.01027	0.01471	0.01766	0.02733	0.01700	0.13197	0.66497	0.00991	0.01603	0.00721	0.00351	0.00556
3	0.02418	0.02949	0.01842	0.01646	0.01998	0.67211	0.01246	0.09638	0.01955	0.01838	0.01056	0.01205	0.00860	0.00677	0.00589	0.00169	0.01118	0.00433	0.00365	0.00785
4	0.00904	0.00660	0.00849	0.00802	0.00959	0.00605	0.00602	0.01199	0.01805	0.02533	0.68388	0.04922	0.10665	0.01342	0.00762	0.00204	0.00306	0.01182	0.00704	0.00605
5	0.02369	0.01766	0.01890	0.01469	0.01970	0.01963	0.01207	0.64137	0.10150	0.03931	0.01662	0.01640	0.01189	0.00786	0.00648	0.00197	0.00690	0.00597	0.00648	0.01091
6	0.00866	0.00629	0.00816	0.00831	0.00951	0.00579	0.00600	0.01103	0.01624	0.02249	0.47470	0.27423	0.09329	0.01559	0.00782	0.00223	0.00328	0.01388	0.00670	0.00579
7	0.00880	0.00669	0.00954	0.01033	0.01124	0.00641	0.04047	0.01096	0.03926	0.01738	0.03403	0.63303	0.03972	0.01885	0.00822	0.00262	0.00437	0.08652	0.00588	0.00567
8	0.00810	0.00641	0.00717	0.00727	0.00893	0.00561	0.00527	0.00988	0.01487	0.01889	0.20424	0.15905	0.44477	0.05923	0.00916	0.00244	0.00346	0.01364	0.00613	0.00548
9	0.01822	0.67432	0.03172	0.01182	0.01705	0.12468	0.01125	0.02023	0.01384	0.01529	0.00912	0.01054	0.00830	0.00568	0.00438	0.00142	0.00756	0.00355	0.00284	0.00818
10	0.00815	0.00587	0.00778	0.00920	0.00979	0.00550	0.00644	0.00950	0.01277	0.01686	0.03689	0.65653	0.07521	0.01979	0.00829	0.00264	0.00397	0.09348	0.00599	0.00534
11	0.01335	0.07399	0.66524	0.01904	0.06177	0.01561	0.02296	0.02037	0.01367	0.02020	0.01148	0.01357	0.00829	0.00609	0.00604	0.00200	0.00931	0.00475	0.00275	0.00951
12	0.02154	0.15374	0.05837	0.01769	0.06440	0.51244	0.04425	0.02386	0.01685	0.01649	0.01017	0.01206	0.00849	0.00633	0.00568	0.00168	0.01048	0.00433	0.00319	0.00795
13	0.00791	0.00629	0.00710	0.00747	0.00904	0.00548	0.00539	0.00959	0.01453	0.01832	0.14681	0.26482	0.44034	0.01706	0.00781	0.00229	0.00338	0.01474	0.00615	0.00548
14	0.01340	0.01148	0.01340	0.00957	0.01531	0.00861	0.00766	0.01627	0.01340	0.02105	0.01148	0.01340	0.00957	0.00479	0.00479	0.00096	0.00479	0.00383	0.00383	0.81242
15	0.01641	0.16392	0.28071	0.01760	0.06631	0.01717	0.08591	0.07804	0.10602	0.06138	0.01425	0.01549	0.01067	0.00646	0.00599	0.00190	0.00794	0.00535	0.00393	0.03454
16	0.01897	0.59247	0.03002	0.01244	0.01742	0.20382	0.01141	0.02094	0.01441	0.01535	0.00923	0.01068	0.00830	0.00581	0.00456	0.00145	0.00808	0.00363	0.00290	0.00809
17	0.01109	0.00575	0.00847	0.00847	0.00864	0.00585	0.00577	0.00902	0.00885	0.01220	0.01225	0.02036	0.01192	0.02396	0.08693	0.70181	0.00650	0.00575	0.04321	0.00322
18	0.01363	0.03053	0.64051	0.01744	0.02635	0.01453	0.02184	0.02124	0.04834	0.04282	0.01273	0.01440	0.00907	0.00625	0.00609	0.00199	0.00894	0.00490	0.00314	0.05526
19	0.06111	0.12514	0.21644	0.01613	0.02225	0.03753	0.13292	0.06857	0.05932	0.12660	0.03013	0.04794	0.01298	0.00722	0.00621	0.00198	0.00782	0.00618	0.00440	0.00913

[dist]
# distance from previous block
# <min> <max>
0	1

[block]
# block no. 3 follows, 34 sequences, length 28
# corresponding to MSA columns:
# 135-162
name=unknown_D
#
# <colnr> <probs for GDERKNQSTAVLIFYWHMCP>
#	G	D	E	R	K	N	Q	S	T	A	V	L	I	F	Y	W	H	M	C	P
0	0.00878	0.00666	0.00818	0.00868	0.00999	0.00627	0.00631	0.01161	0.05565	0.01987	0.21686	0.34872	0.19258	0.01682	0.00790	0.00238	0.00369	0.05692	0.00631	0.00584
1	0.01276	0.00742	0.00967	0.00864	0.01087	0.00669	0.00665	0.01560	0.01806	0.15871	0.54757	0.04438	0.10253	0.01247	0.00741	0.00204	0.00352	0.01086	0.00720	0.00697
2	0.01538	0.01489	0.02588	0.14651	0.58960	0.01526	0.05890	0.01938	0.01447	0.02040	0.01211	0.01626	0.00997	0.00584	0.00648	0.00197	0.00800	0.00586	0.00315	0.00969
3	0.01614	0.01577	0.02564	0.06909	0.67697	0.04263	0.01948	0.01991	0.01477	0.02072	0.01204	0.01588	0.01009	0.00582	0.00638	0.00192	0.00786	0.00570	0.00319	0.01000
4	0.00830	0.00652	0.00740	0.00727	0.00903	0.00573	0.00536	0.01037	0.01573	0.02038	0.31304	0.08424	0.41687	0.05044	0.00883	0.00233	0.00335	0.01289	0.00632	0.00562
5	0.72138	0.01231	0.01017	0.00887	0.01299	0.01388	0.00731	0.02053	0.01192	0.11615	0.01103	0.01191	0.00810	0.00624	0.00431	0.00200	0.00506	0.00387	0.00449	0.00749
6	0.00787	0.00562	0.00750	0.00900	0.00937	0.00525	0.00600	0.00900	0.01237	0.01649	0.03561	0.76871	0.04274	0.02024	0.00825	0.00262	0.00375	0.01837	0.00600	0.00525
7	0.00787	0.00562	0.00750	0.00900	0.00937	0.00525	0.00600	0.00900	0.01237	0.01649	0.03561	0.76871	0.04274	0.02024	0.00825	0.00262	0.00375	0.01837	0.00600	0.00525
8	0.01599	0.01535	0.02623	0.03966	0.73262	0.01535	0.01983	0.01983	0.01471	0.02111	0.01215	0.01599	0.01023	0.00576	0.00640	0.00192	0.00768	0.00576	0.00320	0.01023
9	0.01220	0.01148	0.01938	0.75739	0.04450	0.01436	0.01794	0.01651	0.01292	0.01651	0.01148	0.01723	0.00861	0.00646	0.00646	0.00215	0.00861	0.00574	0.00287	0.00718
10	0.02080	0.02524	0.01880	0.01675	0.01897	0.50452	0.01304	0.02238	0.01550	0.01573	0.00949	0.01248	0.00838	0.00821	0.01095	0.00205	0.26153	0.00466	0.00316	0.00735
11	0.01204	0.00602	0.00602	0.00602	0.00753	0.00602	0.00452	0.01506	0.01355	0.02409	0.02108	0.02409	0.01656	0.00753	0.00452	0.00151	0.00301	0.00602	0.80879	0.00602
12	0.00940	0.00626	0.00705	0.00705	0.00705	0.00626	0.00392	0.00940	0.00940	0.01253	0.02036	0.04228	0.02349	0.77292	0.03289	0.00626	0.00626	0.00940	0.00392	0.00392
13	0.02899	0.01100	0.01499	0.01150	0.01649	0.00950	0.00950	0.03149	0.01849	0.73709	0.02549	0.02199	0.01599	0.00800	0.00650	0.00200	0.00550	0.00650	0.00800	0.01100
14	0.02456	0.01810	0.01939	0.01487	0.02004	0.02004	0.01228	0.71107	0.03038	0.04072	0.01551	0.01551	0.01099	0.00776	0.00646	0.00194	0.00711	0.00582	0.00646	0.01099
15	0.00906	0.00660	0.00852	0.00804	0.00960	0.00606	0.00603	0.01204	0.01810	0.02546	0.69350	0.04901	0.09696	0.01338	0.00762	0.00204	0.00306	0.01179	0.00705	0.00606
16	0.00940	0.00626	0.00705	0.00705	0.00705	0.00626	0.00392	0.00940	0.00940	0.01253	0.02036	0.04228	0.02349	0.77292	0.03289	0.00626	0.00626	0.00940	0.00392	0.00392
17	0.01296	0.03342	0.73944	0.01842	0.02797	0.01501	0.02387	0.02046	0.01364	0.02046	0.01160	0.01364	0.00818	0.00614	0.00614	0.00205	0.00955	0.00477	0.00273	0.00955
18	0.01551	0.01486	0.02535	0.13113	0.64492	0.01523	0.01959	0.01941	0.01448	0.02052	0.01207	0.01615	0.01003	0.00585	0.00640	0.00195	0.00780	0.00576	0.00316	0.00985
19	0.00923	0.00692	0.01038	0.01038	0.01154	0.00808	0.00808	0.01154	0.01038	0.01500	0.01731	0.02538	0.01615	0.04846	0.74732	0.01038	0.01731	0.00692	0.00346	0.00577
20	0.00940	0.00626	0.00705	0.00705	0.00705	0.00626	0.00392	0.00940	0.00940	0.01253	0.02036	0.04228	0.02349	0.77292	0.03289	0.00626	0.00626	0.00940	0.00392	0.00392
21	0.01650	0.57756	0.10555	0.08327	0.02109	0.04683	0.03590	0.01945	0.01340	0.01607	0.00966	0.01163	0.00836	0.00571	0.00474	0.00156	0.00763	0.00397	0.00281	0.00830
22	0.00950	0.00665	0.00792	0.00791	0.00799	0.00697	0.00484	0.00978	0.00975	0.01317	0.02104	0.10890	0.02420	0.63004	0.06007	0.00591	0.04710	0.00994	0.00403	0.00429
23	0.01525	0.01743	0.03813	0.02723	0.03377	0.01634	0.70915	0.02070	0.01525	0.02070	0.01307	0.01743	0.00980	0.00545	0.00763	0.00218	0.01089	0.00763	0.00327	0.00871
24	0.01468	0.03109	0.64507	0.01780	0.02676	0.01517	0.02223	0.07924	0.01528	0.05544	0.01257	0.01419	0.00878	0.00636	0.00618	0.00204	0.00916	0.00494	0.00329	0.00974
25	0.01572	0.11642	0.16183	0.10465	0.15306	0.06102	0.20433	0.02024	0.01455	0.04589	0.01287	0.03716	0.01035	0.00635	0.00642	0.00198	0.00895	0.00608	0.00331	0.00883
26	0.57891	0.01078	0.00927	0.00857	0.01182	0.01230	0.00692	0.01674	0.01130	0.02541	0.01554	0.01786	0.06801	0.01431	0.13400	0.00346	0.00693	0.00502	0.03624	0.00662
27	0.01399	0.15662	0.33319	0.01413	0.02004	0.03903	0.01548	0.07422	0.01466	0.02020	0.03423	0.08962	0.01465	0.03636	0.06756	0.00277	0.00853	0.00648	0.02999	0.00826

[dist]
# distance from previous block
# <min> <max>
1	9

[block]
# block no. 4 follows, 34 sequences, length 13
# corresponding to MSA columns:
# 177-189
name=unknown_E
#
# <colnr> <probs for GDERKNQSTAVLIFYWHMCP>
#	G	D	E	R	K	N	Q	S	T	A	V	L	I	F	Y	W	H	M	C	P
0	0.40984	0.04896	0.01204	0.01008	0.01341	0.10020	0.00799	0.05376	0.03635	0.04441	0.06275	0.11244	0.01667	0.00867	0.00531	0.00200	0.00563	0.00646	0.03583	0.00720
1	0.01490	0.01709	0.06968	0.02038	0.02487	0.05004	0.31858	0.01869	0.01341	0.01898	0.01122	0.01532	0.00921	0.00718	0.01104	0.00215	0.23303	0.00611	0.00320	0.13491
2	0.01590	0.01560	0.02764	0.03818	0.64953	0.01547	0.10178	0.01993	0.01478	0.02106	0.01226	0.01616	0.01018	0.00572	0.00654	0.00195	0.00806	0.00598	0.00321	0.01005
3	0.01303	0.01226	0.02036	0.59967	0.16308	0.01460	0.01793	0.01787	0.04440	0.01777	0.01225	0.01731	0.00938	0.00644	0.00645	0.00211	0.00830	0.00581	0.00309	0.00784
4	0.02899	0.01100	0.01499	0.01150	0.01649	0.00950	0.00950	0.03149	0.01849	0.73709	0.02549	0.02199	0.01599	0.00800	0.00650	0.00200	0.00550	0.00650	0.00800	0.01100
5	0.00888	0.00659	0.00827	0.00785	0.00949	0.00598	0.00589	0.01168	0.01767	0.02444	0.61365	0.05069	0.17744	0.01376	0.00762	0.00206	0.00309	0.01202	0.00692	0.00598
6	0.00764	0.00655	0.00655	0.00655	0.00873	0.00545	0.00491	0.00927	0.01473	0.01745	0.06546	0.06218	0.73000	0.01636	0.00764	0.00218	0.00327	0.01364	0.00600	0.00545
7	0.01869	0.02447	0.10884	0.02008	0.05170	0.33672	0.16192	0.02188	0.01535	0.01756	0.01063	0.01376	0.00873	0.00720	0.00921	0.00205	0.15473	0.00532	0.00314	0.00802
8	0.00923	0.00692	0.01038	0.01038	0.01154	0.00808	0.00808	0.01154	0.01038	0.01500	0.01731	0.02538	0.01615	0.04846	0.74732	0.01038	0.01731	0.00692	0.00346	0.00577
9	0.01220	0.01148	0.01938	0.75739	0.04450	0.01436	0.01794	0.01651	0.01292	0.01651	0.01148	0.01723	0.00861	0.00646	0.00646	0.00215	0.00861	0.00574	0.00287	0.00718
10	0.01979	0.34752	0.02646	0.01466	0.01941	0.24218	0.07667	0.05796	0.08070	0.04068	0.01210	0.01329	0.00986	0.00635	0.00539	0.00166	0.00852	0.00462	0.00368	0.00848
11	0.01584	0.40744	0.17265	0.01727	0.02388	0.02078	0.21991	0.01996	0.01386	0.01785	0.01070	0.01309	0.00872	0.00562	0.00556	0.00175	0.00860	0.00494	0.00291	0.00866
12	0.01296	0.03342	0.73944	0.01842	0.02797	0.01501	0.02387	0.02046	0.01364	0.02046	0.01160	0.01364	0.00818	0.00614	0.00614	0.00205	0.00955	0.00477	0.00273	0.00955

[dist]
# distance from previous block
# <min> <max>
4	9

[block]
# block no. 5 follows, 34 sequences, length 52
# corresponding to MSA columns:
# 207-258
name=unknown_F
#
# <colnr> <probs for GDERKNQSTAVLIFYWHMCP>
#	G	D	E	R	K	N	Q	S	T	A	V	L	I	F	Y	W	H	M	C	P
0	0.01198	0.01107	0.01841	0.69814	0.04154	0.01372	0.01684	0.01595	0.01264	0.01619	0.01219	0.01921	0.00979	0.06698	0.00855	0.00248	0.00843	0.00603	0.00295	0.00692
1	0.00916	0.00658	0.00851	0.00804	0.00945	0.00611	0.00592	0.01197	0.01759	0.02485	0.67323	0.04779	0.05801	0.07320	0.00962	0.00237	0.00330	0.01150	0.00686	0.00592
2	0.01541	0.01330	0.01397	0.01263	0.01616	0.01523	0.00981	0.03236	0.66518	0.02627	0.02939	0.02711	0.07581	0.00937	0.00666	0.00219	0.00497	0.00781	0.00653	0.00985
3	0.00969	0.00718	0.00911	0.00853	0.01022	0.00688	0.00642	0.01394	0.07377	0.02600	0.67370	0.04636	0.05771	0.01286	0.00754	0.00204	0.00321	0.01134	0.00707	0.00642
4	0.00893	0.00652	0.00838	0.00807	0.00956	0.00598	0.00599	0.01171	0.01754	0.02450	0.62195	0.10625	0.11243	0.01401	0.00767	0.00209	0.00312	0.01237	0.00694	0.00598
5	0.00940	0.00626	0.00705	0.00705	0.00705	0.00626	0.00392	0.00940	0.00940	0.01253	0.02036	0.04228	0.02349	0.77292	0.03289	0.00626	0.00626	0.00940	0.00392	0.00392
6	0.02456	0.01810	0.01939	0.01487	0.02004	0.02004	0.01228	0.71107	0.03038	0.04072	0.01551	0.01551	0.01099	0.00776	0.00646	0.00194	0.00711	0.00582	0.00646	0.01099
7	0.01674	0.01421	0.01499	0.01328	0.01706	0.01638	0.01039	0.08777	0.66641	0.02811	0.02545	0.02343	0.01903	0.00869	0.00657	0.00217	0.00527	0.00719	0.00657	0.01029
8	0.00844	0.00694	0.00848	0.08939	0.01292	0.00651	0.00673	0.01053	0.01475	0.01867	0.17088	0.17751	0.41430	0.01540	0.00761	0.00223	0.00390	0.01325	0.00585	0.00572
9	0.00940	0.00626	0.00705	0.00705	0.00705	0.00626	0.00392	0.00940	0.00940	0.01253	0.02036	0.04228	0.02349	0.77292	0.03289	0.00626	0.00626	0.00940	0.00392	0.00392
10	0.01436	0.01369	0.02328	0.34814	0.43687	0.01492	0.01902	0.01840	0.01394	0.01913	0.01187	0.01652	0.00954	0.00606	0.00642	0.00202	0.00808	0.00575	0.00306	0.00892
11	0.01693	0.69361	0.03232	0.01170	0.01663	0.02494	0.01139	0.01893	0.01278	0.01524	0.00893	0.01078	0.00831	0.00616	0.00601	0.00154	0.08918	0.00369	0.00277	0.00816
12	0.01265	0.06636	0.54116	0.01722	0.05701	0.01400	0.01990	0.01892	0.01448	0.02118	0.13767	0.01967	0.01757	0.00733	0.00631	0.00200	0.00818	0.00597	0.00352	0.00891
13	0.01795	0.70514	0.03243	0.01151	0.01691	0.06041	0.01118	0.05191	0.01419	0.01642	0.00934	0.01067	0.00842	0.00569	0.00434	0.00142	0.00715	0.00360	0.00296	0.00838
14	0.01727	0.77681	0.03386	0.01106	0.01658	0.02557	0.01106	0.01935	0.01313	0.01520	0.00898	0.01036	0.00829	0.00553	0.00415	0.00138	0.00691	0.00345	0.00276	0.00829
15	0.00915	0.00681	0.00865	0.00877	0.01043	0.00631	0.00697	0.01188	0.01664	0.02239	0.40619	0.05766	0.19761	0.01509	0.00796	0.00231	0.00385	0.18882	0.00657	0.00592
16	0.00894	0.00660	0.00836	0.00792	0.00953	0.00601	0.00594	0.01181	0.01782	0.02479	0.64098	0.05012	0.14990	0.01363	0.00762	0.00205	0.00308	0.01194	0.00696	0.00601
17	0.00770	0.00648	0.00668	0.00677	0.00880	0.00546	0.00503	0.00935	0.01468	0.01767	0.08567	0.11226	0.65829	0.01654	0.00768	0.00221	0.00330	0.01391	0.00604	0.00546
18	0.81856	0.01250	0.00950	0.00850	0.01250	0.01449	0.00700	0.01899	0.01100	0.02899	0.00900	0.01050	0.00700	0.00600	0.00400	0.00200	0.00500	0.00350	0.00400	0.00700
19	0.01600	0.01528	0.02568	0.03842	0.69924	0.01539	0.01938	0.02051	0.04764	0.02139	0.01281	0.01637	0.01068	0.00590	0.00641	0.00193	0.00756	0.00583	0.00336	0.01023
20	0.00920	0.00662	0.00879	0.00885	0.01023	0.00621	0.00679	0.01200	0.01701	0.02370	0.53151	0.13947	0.05487	0.01482	0.00791	0.00226	0.00361	0.12340	0.00679	0.00597
21	0.00940	0.00626	0.00705	0.00705	0.00705	0.00626	0.00392	0.00940	0.00940	0.01253	0.02036	0.04228	0.02349	0.77292	0.03289	0.00626	0.00626	0.00940	0.00392	0.00392
22	0.00961	0.00686	0.00949	0.01098	0.01211	0.00674	0.00901	0.01199	0.01408	0.01843	0.03466	0.29379	0.03895	0.01861	0.00871	0.00286	0.00525	0.47618	0.00597	0.00573
23	0.01525	0.01743	0.03813	0.02723	0.03377	0.01634	0.70915	0.02070	0.01525	0.02070	0.01307	0.01743	0.00980	0.00545	0.00763	0.00218	0.01089	0.00763	0.00327	0.00871
24	0.01296	0.03342	0.73944	0.01842	0.02797	0.01501	0.02387	0.02046	0.01364	0.02046	0.01160	0.01364	0.00818	0.00614	0.00614	0.00205	0.00955	0.00477	0.00273	0.00955
25	0.00818	0.00575	0.00741	0.00861	0.00891	0.00545	0.00558	0.00908	0.01178	0.01570	0.03257	0.62375	0.03889	0.17044	0.01316	0.00335	0.00425	0.01658	0.00558	0.00498
26	0.01507	0.01442	0.02457	0.21353	0.56592	0.01511	0.01937	0.01903	0.01428	0.01999	0.01199	0.01629	0.00984	0.00593	0.00641	0.00198	0.00790	0.00575	0.00312	0.00949
27	0.01296	0.03342	0.73944	0.01842	0.02797	0.01501	0.02387	0.02046	0.01364	0.02046	0.01160	0.01364	0.00818	0.00614	0.00614	0.00205	0.00955	0.00477	0.00273	0.00955
28	0.81856	0.01250	0.00950	0.00850	0.01250	0.01449	0.00700	0.01899	0.01100	0.02899	0.00900	0.01050	0.00700	0.00600	0.00400	0.00200	0.00500	0.00350	0.00400	0.00700
29	0.01173	0.01084	0.01808	0.67552	0.04066	0.01336	0.01664	0.01569	0.01286	0.01651	0.01412	0.09944	0.01235	0.00797	0.00666	0.00220	0.00808	0.00712	0.00321	0.00697
30	0.01268	0.01197	0.02024	0.66717	0.13100	0.01448	0.01818	0.01693	0.01315	0.01709	0.01157	0.01707	0.00882	0.00637	0.00645	0.00212	0.00850	0.00574	0.00291	0.00756
31	0.02899	0.01100	0.01499	0.01150	0.01649	0.00950	0.00950	0.03149	0.01849	0.73709	0.02549	0.02199	0.01599	0.00800	0.00650	0.00200	0.00550	0.00650	0.00800	0.01100
32	0.02456	0.01810	0.01939	0.01487	0.02004	0.02004	0.01228	0.71107	0.03038	0.04072	0.01551	0.01551	0.01099	0.00776	0.00646	0.00194	0.00711	0.00582	0.00646	0.01099
33	0.01427	0.01453	0.02196	0.01818	0.01895	0.01938	0.09625	0.01616	0.01053	0.01616	0.00902	0.01453	0.00864	0.01062	0.01960	0.00275	0.67246	0.00589	0.00288	0.00726
34	0.01607	0.01388	0.01461	0.01315	0.01680	0.01607	0.01023	0.03433	0.72094	0.02703	0.02630	0.02411	0.01972	0.00877	0.00657	0.00219	0.00511	0.00731	0.00657	0.01023
35	0.02899	0.01100	0.01499	0.01150	0.01649	0.00950	0.00950	0.03149	0.01849	0.73709	0.02549	0.02199	0.01599	0.00800	0.00650	0.00200	0.00550	0.00650	0.00800	0.01100
36	0.01340	0.01148	0.01340	0.00957	0.01531	0.00861	0.00766	0.01627	0.01340	0.02105	0.01148	0.01340	0.00957	0.00479	0.00479	0.00096	0.00479	0.00383	0.00383	0.81242
37	0.01478	0.01649	0.03513	0.02527	0.03146	0.01533	0.63233	0.01986	0.01500	0.02051	0.01407	0.05374	0.01139	0.00613	0.00748	0.00213	0.01017	0.00792	0.00343	0.05736
38	0.00914	0.00660	0.00864	0.00813	0.00965	0.00610	0.00610	0.01219	0.01829	0.02591	0.72921	0.04827	0.06097	0.01321	0.00762	0.00203	0.00305	0.01169	0.00711	0.00610
39	0.00791	0.00566	0.00753	0.00897	0.00938	0.00528	0.00600	0.00910	0.01256	0.01680	0.05834	0.74510	0.04333	0.02001	0.00823	0.00260	0.00373	0.01815	0.00603	0.00528
40	0.00940	0.00626	0.00705	0.00705	0.00705	0.00626	0.00392	0.00940	0.00940	0.01253	0.02036	0.04228	0.02349	0.77292	0.03289	0.00626	0.00626	0.00940	0.00392	0.00392
41	0.02449	0.02032	0.01920	0.01518	0.02003	0.14749	0.01232	0.59093	0.02826	0.03635	0.01454	0.01484	0.01052	0.00756	0.00635	0.00189	0.00791	0.00553	0.00591	0.01038
42	0.01414	0.01414	0.01979	0.01696	0.01696	0.01979	0.01414	0.01555	0.00990	0.01555	0.00848	0.01414	0.00848	0.01131	0.02120	0.00283	0.76110	0.00565	0.00283	0.00707
43	0.01284	0.01214	0.02054	0.63604	0.16085	0.01452	0.01826	0.01707	0.01322	0.01729	0.01160	0.01702	0.00889	0.00634	0.00645	0.00211	0.00845	0.00574	0.00293	0.00769
44	0.01326	0.08509	0.69041	0.01790	0.02717	0.01574	0.02298	0.02038	0.01361	0.02010	0.01141	0.01341	0.00819	0.00610	0.00600	0.00200	0.00937	0.00468	0.00273	0.00946
45	0.01340	0.01148	0.01340	0.00957	0.01531	0.00861	0.00766	0.01627	0.01340	0.02105	0.01148	0.01340	0.00957	0.00479	0.00479	0.00096	0.00479	0.00383	0.00383	0.81242
46	0.01340	0.01148	0.01340	0.00957	0.01531	0.00861	0.00766	0.01627	0.01340	0.02105	0.01148	0.01340	0.00957	0.00479	0.00479	0.00096	0.00479	0.00383	0.00383	0.81242
47	0.00877	0.00666	0.00942	0.10783	0.01451	0.00675	0.00813	0.01058	0.01285	0.01690	0.03312	0.55620	0.05753	0.01800	0.00808	0.00260	0.00467	0.10622	0.00558	0.00560
48	0.01296	0.03342	0.73944	0.01842	0.02797	0.01501	0.02387	0.02046	0.01364	0.02046	0.01160	0.01364	0.00818	0.00614	0.00614	0.00205	0.00955	0.00477	0.00273	0.00955
49	0.00787	0.00562	0.00750	0.00900	0.00937	0.00525	0.00600	0.00900	0.01237	0.01649	0.03561	0.76871	0.04274	0.02024	0.00825	0.00262	0.00375	0.01837	0.00600	0.00525
50	0.01803	0.01502	0.07533	0.01901	0.02443	0.01284	0.34068	0.02218	0.01598	0.22746	0.05859	0.04438	0.05866	0.00789	0.00757	0.00214	0.02790	0.00794	0.00503	0.00895
51	0.07619	0.34731	0.02455	0.01434	0.03799	0.36783	0.01170	0.02241	0.01549	0.01662	0.00955	0.01114	0.00827	0.00610	0.00500	0.00157	0.00906	0.00386	0.00313	0.00788

[dist]
# distance from previous block
# <min> <max>
0	6

[block]
# block no. 6 follows, 34 sequences, length 14
# corresponding to MSA columns:
# 265-278
name=unknown_G
#
# <colnr> <probs for GDERKNQSTAVLIFYWHMCP>
#	G	D	E	R	K	N	Q	S	T	A	V	L	I	F	Y	W	H	M	C	P
0	0.02019	0.01404	0.01668	0.01598	0.10112	0.01511	0.01139	0.17803	0.31967	0.16517	0.02189	0.02088	0.01585	0.00799	0.00642	0.00204	0.00582	0.00658	0.04483	0.01034
1	0.16061	0.45197	0.12306	0.01165	0.01739	0.02032	0.01189	0.02083	0.01344	0.10132	0.01124	0.01217	0.00893	0.00598	0.00466	0.00165	0.00677	0.00399	0.00358	0.00854
2	0.11834	0.01088	0.01335	0.01070	0.01516	0.01012	0.00873	0.02769	0.07100	0.51677	0.02821	0.02542	0.09727	0.00878	0.00634	0.00204	0.00515	0.00703	0.00719	0.00983
3	0.01967	0.01252	0.01835	0.21244	0.16921	0.01312	0.01393	0.02571	0.14078	0.27760	0.01927	0.01990	0.01356	0.00728	0.00648	0.00206	0.00669	0.00629	0.00543	0.00971
4	0.00888	0.00648	0.00834	0.00811	0.00955	0.00595	0.00599	0.01159	0.01732	0.02416	0.59684	0.13400	0.11009	0.01428	0.00770	0.00211	0.00315	0.01262	0.00690	0.00595
5	0.49402	0.09117	0.01483	0.01093	0.01522	0.10273	0.00905	0.15239	0.01578	0.02833	0.01036	0.01158	0.00805	0.00637	0.00470	0.00189	0.00637	0.00402	0.00427	0.00795
6	0.01770	0.43363	0.20311	0.01407	0.02010	0.17898	0.01450	0.02102	0.01437	0.01662	0.00984	0.01144	0.00827	0.00592	0.00500	0.00161	0.00858	0.00393	0.00288	0.00843
7	0.01999	0.02186	0.01466	0.04322	0.01718	0.45691	0.01027	0.05496	0.01722	0.01955	0.01369	0.01585	0.01097	0.00697	0.00548	0.00165	0.00868	0.00487	0.24881	0.00720
8	0.00806	0.00656	0.00713	0.00699	0.00899	0.00563	0.00524	0.01009	0.01572	0.01982	0.25086	0.05830	0.54312	0.01548	0.00763	0.00214	0.00321	0.01309	0.00631	0.00563
9	0.71474	0.01323	0.01079	0.00933	0.01348	0.01522	0.00769	0.10949	0.01353	0.03052	0.00985	0.01115	0.00752	0.00623	0.00432	0.00199	0.00527	0.00380	0.00432	0.00752
10	0.00925	0.00685	0.01000	0.01000	0.01102	0.00787	0.00760	0.01129	0.01027	0.01472	0.01766	0.02733	0.01700	0.13171	0.66522	0.00991	0.01604	0.00721	0.00351	0.00556
11	0.00830	0.00657	0.00746	0.00724	0.00913	0.00574	0.00543	0.01055	0.01629	0.02115	0.35570	0.05610	0.43744	0.01498	0.00763	0.00212	0.00317	0.01278	0.00649	0.00574
12	0.01607	0.01388	0.01461	0.01315	0.01680	0.01607	0.01023	0.03433	0.72094	0.02703	0.02630	0.02411	0.01972	0.00877	0.00657	0.00219	0.00511	0.00731	0.00657	0.01023
13	0.00940	0.00626	0.00705	0.00705	0.00705	0.00626	0.00392	0.00940	0.00940	0.01253	0.02036	0.04228	0.02349	0.77292	0.03289	0.00626	0.00626	0.00940	0.00392	0.00392

[dist]
# distance from previous block
# <min> <max>
0	13

[block]
# block no. 7 follows, 34 sequences, length 61
# corresponding to MSA columns:
# 292-352
name=unknown_H
#
# <colnr> <probs for GDERKNQSTAVLIFYWHMCP>
#	G	D	E	R	K	N	Q	S	T	A	V	L	I	F	Y	W	H	M	C	P
0	0.01080	0.00785	0.00975	0.00921	0.01089	0.00709	0.00678	0.01326	0.01899	0.02680	0.68107	0.05025	0.09211	0.01426	0.00827	0.00234	0.00367	0.01213	0.00753	0.00693
1	0.00963	0.00690	0.00874	0.01013	0.01066	0.00629	0.00674	0.01028	0.01339	0.01803	0.03661	0.75092	0.04341	0.02096	0.00888	0.00291	0.00435	0.01854	0.00649	0.00614
2	0.01112	0.00752	0.00830	0.00823	0.00840	0.00728	0.00472	0.01067	0.01049	0.01417	0.02176	0.04379	0.02467	0.75366	0.03287	0.00645	0.00679	0.00981	0.00447	0.00484
3	0.01340	0.01148	0.01340	0.00957	0.01531	0.00861	0.00766	0.01627	0.01340	0.02105	0.01148	0.01340	0.00957	0.00479	0.00479	0.00096	0.00479	0.00383	0.00383	0.81242
4	0.01220	0.01148	0.01938	0.75739	0.04450	0.01436	0.01794	0.01651	0.01292	0.01651	0.01148	0.01723	0.00861	0.00646	0.00646	0.00215	0.00861	0.00574	0.00287	0.00718
5	0.01414	0.01414	0.01979	0.01696	0.01696	0.01979	0.01414	0.01555	0.00990	0.01555	0.00848	0.01414	0.00848	0.01131	0.02120	0.00283	0.76110	0.00565	0.00283	0.00707
6	0.01607	0.01388	0.01461	0.01315	0.01680	0.01607	0.01023	0.03433	0.72094	0.02703	0.02630	0.02411	0.01972	0.00877	0.00657	0.00219	0.00511	0.00731	0.00657	0.01023
7	0.02276	0.02400	0.01626	0.01440	0.01778	0.49602	0.01099	0.09397	0.01882	0.08258	0.01359	0.01484	0.01052	0.00702	0.00575	0.00170	0.00934	0.00482	0.12693	0.00793
8	0.01667	0.01321	0.02108	0.30400	0.30267	0.01414	0.01673	0.04585	0.03594	0.12295	0.01434	0.01747	0.01074	0.00648	0.00640	0.00200	0.00754	0.00585	0.00400	0.03195
9	0.01770	0.08383	0.40812	0.01611	0.02343	0.06294	0.03745	0.02415	0.07144	0.17041	0.01542	0.01595	0.01081	0.00671	0.00612	0.00198	0.00832	0.00528	0.00420	0.00965
10	0.02174	0.01221	0.01439	0.01207	0.01623	0.01262	0.00963	0.03215	0.36962	0.34879	0.02569	0.02315	0.01789	0.00836	0.00644	0.00207	0.00519	0.00688	0.04451	0.01038
11	0.01220	0.01148	0.01938	0.75739	0.04450	0.01436	0.01794	0.01651	0.01292	0.01651	0.01148	0.01723	0.00861	0.00646	0.00646	0.00215	0.00861	0.00574	0.00287	0.00718
12	0.01837	0.65909	0.03145	0.01188	0.01712	0.11565	0.01127	0.04239	0.01433	0.01610	0.00932	0.01069	0.00838	0.00574	0.00443	0.00144	0.00751	0.00362	0.00295	0.00828
13	0.02414	0.03079	0.01831	0.01665	0.01998	0.74698	0.01248	0.02580	0.01831	0.01581	0.00999	0.01165	0.00832	0.00666	0.00583	0.00166	0.01165	0.00416	0.00333	0.00749
14	0.01607	0.01388	0.01461	0.01315	0.01680	0.01607	0.01023	0.03433	0.72094	0.02703	0.02630	0.02411	0.01972	0.00877	0.00657	0.00219	0.00511	0.00731	0.00657	0.01023
15	0.00764	0.00655	0.00655	0.00655	0.00873	0.00545	0.00491	0.00927	0.01473	0.01745	0.06546	0.06218	0.73000	0.01636	0.00764	0.00218	0.00327	0.01364	0.00600	0.00545
16	0.02070	0.40405	0.02609	0.01385	0.01828	0.38603	0.01177	0.02257	0.01572	0.01551	0.00948	0.01101	0.00831	0.00609	0.00499	0.00152	0.00928	0.00381	0.00305	0.00789
17	0.00787	0.00562	0.00750	0.00900	0.00937	0.00525	0.00600	0.00900	0.01237	0.01649	0.03561	0.76871	0.04274	0.02024	0.00825	0.00262	0.00375	0.01837	0.00600	0.00525
18	0.00772	0.00641	0.00676	0.00697	0.00886	0.00544	0.00512	0.00933	0.01449	0.01759	0.08323	0.16950	0.60265	0.01685	0.00773	0.00224	0.00334	0.01429	0.00604	0.00544
19	0.01417	0.01424	0.02036	0.01728	0.01748	0.01968	0.03566	0.01571	0.01006	0.01571	0.00862	0.01424	0.00852	0.01113	0.02078	0.00281	0.73787	0.00572	0.00284	0.00712
20	0.01065	0.00778	0.01054	0.01181	0.01345	0.00787	0.01024	0.01446	0.05508	0.01972	0.03467	0.06980	0.05634	0.01729	0.00875	0.00291	0.00582	0.63065	0.00599	0.00618
