[name]
unknown

[dist]
# distance from previous block
# <min> <max>
0	96

[block]
# block no. 0 follows, 36 sequences, length 6
# corresponding to MSA columns:
# 109-114
name=unknown_A
#
# <colnr> <probs for GDERKNQSTAVLIFYWHMCP>
#	G	D	E	R	K	N	Q	S	T	A	V	L	I	F	Y	W	H	M	C	P
0	0.11163	0.00773	0.00982	0.01083	0.01257	0.00794	0.00936	0.01351	0.01409	0.02022	0.07630	0.06122	0.03373	0.01549	0.00793	0.00269	0.00544	0.56806	0.00558	0.00587
1	0.14128	0.06269	0.23748	0.01281	0.01809	0.04817	0.01315	0.02140	0.06614	0.15845	0.06699	0.02297	0.01642	0.00807	0.00595	0.00201	0.00663	0.07820	0.00470	0.00838
2	0.01841	0.01791	0.01923	0.14452	0.20614	0.24650	0.01436	0.02107	0.01480	0.10783	0.01238	0.01518	0.00976	0.00831	0.03566	0.00222	0.08876	0.00519	0.00362	0.00816
3	0.04825	0.00980	0.01199	0.01066	0.01319	0.01070	0.00843	0.15453	0.06712	0.02254	0.10633	0.02382	0.01940	0.02721	0.37454	0.00583	0.01081	0.00671	0.00462	0.06351
4	0.01566	0.01344	0.01874	0.15252	0.24155	0.01485	0.01405	0.16110	0.14383	0.02400	0.04978	0.01942	0.01423	0.03063	0.03548	0.00240	0.02875	0.00624	0.00444	0.00889
5	0.01335	0.01235	0.02054	0.12763	0.49341	0.01265	0.01592	0.01649	0.01331	0.01860	0.01560	0.13479	0.01526	0.05355	0.00796	0.00223	0.00686	0.00764	0.00350	0.00838

[dist]
# distance from previous block
# <min> <max>
2	11

[block]
# block no. 1 follows, 36 sequences, length 14
# corresponding to MSA columns:
# 126-139
name=unknown_B
#
# <colnr> <probs for GDERKNQSTAVLIFYWHMCP>
#	G	D	E	R	K	N	Q	S	T	A	V	L	I	F	Y	W	H	M	C	P
0	0.04310	0.04730	0.10432	0.01383	0.01787	0.34181	0.01179	0.07495	0.08432	0.06862	0.01735	0.05564	0.05471	0.00790	0.00589	0.00181	0.00823	0.00589	0.02671	0.00794
1	0.01237	0.11264	0.05372	0.01052	0.04862	0.02124	0.00840	0.01515	0.01510	0.07437	0.26073	0.07262	0.10198	0.01037	0.00628	0.00183	0.00454	0.03131	0.09004	0.04818
2	0.01566	0.06386	0.43909	0.05213	0.11438	0.01524	0.01915	0.11245	0.01570	0.07621	0.01261	0.01427	0.00908	0.00620	0.00593	0.00191	0.00821	0.00495	0.00355	0.00941
3	0.01416	0.02335	0.35837	0.01791	0.06839	0.06261	0.09688	0.02152	0.12304	0.02055	0.01342	0.01509	0.01009	0.00605	0.00596	0.00183	0.00807	0.00518	0.00347	0.12407
4	0.01285	0.06189	0.29395	0.01491	0.06185	0.01314	0.01469	0.03374	0.06622	0.01959	0.01682	0.01867	0.07276	0.00970	0.05599	0.00233	0.05896	0.00555	0.00354	0.16284
5	0.01149	0.01233	0.12975	0.01089	0.01377	0.04550	0.00960	0.01501	0.05340	0.06164	0.12513	0.31414	0.03098	0.04144	0.00795	0.00231	0.00525	0.04967	0.00524	0.05451
6	0.01565	0.08305	0.29233	0.01939	0.16353	0.01536	0.01667	0.08173	0.14030	0.06491	0.01536	0.03853	0.01190	0.00689	0.00599	0.00193	0.00730	0.00569	0.00407	0.00943
7	0.01629	0.10515	0.02096	0.23098	0.18497	0.06436	0.02706	0.09042	0.09969	0.05750	0.01503	0.01724	0.03028	0.00669	0.00598	0.00189	0.00731	0.00564	0.00396	0.00860
8	0.01729	0.08913	0.20578	0.05540	0.10590	0.15115	0.01543	0.12831	0.13020	0.02231	0.01355	0.01484	0.01035	0.00657	0.00586	0.00185	0.00807	0.00508	0.00393	0.00902
9	0.11769	0.17064	0.07780	0.04058	0.21139	0.05993	0.06345	0.03179	0.05294	0.01958	0.01192	0.01565	0.01020	0.06384	0.00774	0.00212	0.02607	0.00514	0.00335	0.00819
10	0.00877	0.00735	0.00949	0.01154	0.11293	0.00667	0.00716	0.01075	0.01426	0.01836	0.15071	0.19311	0.39680	0.01461	0.00731	0.00213	0.00382	0.01269	0.00556	0.00597
11	0.01303	0.01087	0.01304	0.00978	0.01453	0.00892	0.00779	0.01557	0.01274	0.03980	0.01280	0.06472	0.01148	0.00618	0.00607	0.00119	0.06168	0.00484	0.00387	0.68110
12	0.00771	0.00623	0.00644	0.00649	0.00812	0.00541	0.00458	0.00896	0.01311	0.01586	0.05359	0.07980	0.57516	0.16690	0.01219	0.00289	0.00374	0.01249	0.00539	0.00496
13	0.01524	0.13584	0.13095	0.01601	0.09384	0.08184	0.03001	0.04016	0.06074	0.01921	0.01140	0.01353	0.00936	0.00628	0.00708	0.00165	0.09773	0.00457	0.00339	0.22115

[dist]
# distance from previous block
# <min> <max>
3	9

[block]
# block no. 2 follows, 36 sequences, length 27
# corresponding to MSA columns:
# 153-179
name=unknown_C
#
# <colnr> <probs for GDERKNQSTAVLIFYWHMCP>
#	G	D	E	R	K	N	Q	S	T	A	V	L	I	F	Y	W	H	M	C	P
0	0.04476	0.15286	0.23404	0.01843	0.13438	0.04035	0.05393	0.04931	0.04943	0.12800	0.01353	0.01476	0.01004	0.00629	0.00602	0.00185	0.02393	0.00504	0.00388	0.00915
1	0.01852	0.21317	0.02413	0.03517	0.22309	0.24689	0.03779	0.05968	0.05127	0.01856	0.01118	0.01319	0.00928	0.00602	0.00551	0.00167	0.00837	0.00466	0.00335	0.00851
2	0.00947	0.00676	0.00859	0.00970	0.06613	0.00684	0.00547	0.01003	0.00972	0.01317	0.01955	0.07799	0.02202	0.61087	0.09351	0.00587	0.00697	0.00904	0.00379	0.00449
3	0.01053	0.00786	0.00939	0.01021	0.01127	0.00742	0.00701	0.01285	0.08654	0.01924	0.06751	0.59054	0.09594	0.01868	0.00848	0.00277	0.00440	0.01622	0.00648	0.00666
4	0.01328	0.00794	0.01016	0.00988	0.01064	0.00780	0.00678	0.02994	0.06834	0.01546	0.01763	0.03945	0.05431	0.02037	0.02100	0.62804	0.00585	0.00685	0.02144	0.00487
5	0.01199	0.00855	0.01118	0.01237	0.01384	0.00826	0.01030	0.01400	0.01507	0.01987	0.03318	0.06882	0.03582	0.07926	0.01120	0.00345	0.00641	0.62363	0.00618	0.00662
6	0.01530	0.01510	0.02508	0.10450	0.07822	0.01685	0.23372	0.01780	0.01348	0.01905	0.01657	0.02148	0.06911	0.00978	0.01308	0.00268	0.30867	0.00729	0.00383	0.00843
7	0.00876	0.00637	0.00825	0.00778	0.00927	0.00586	0.00584	0.01165	0.01751	0.02468	0.71370	0.04704	0.08415	0.01285	0.00735	0.00197	0.00295	0.01134	0.00682	0.00586
8	0.01544	0.01537	0.02218	0.15878	0.47060	0.09368	0.01711	0.03605	0.01438	0.01914	0.01233	0.04816	0.01073	0.00659	0.00667	0.00192	0.03294	0.00591	0.00323	0.00879
9	0.53502	0.01318	0.01196	0.00989	0.01408	0.01467	0.00814	0.17324	0.01496	0.02924	0.01032	0.01160	0.00791	0.00617	0.00493	0.00183	0.02672	0.00396	0.00433	0.09784
10	0.76097	0.01309	0.00987	0.00877	0.01263	0.05098	0.00716	0.03993	0.01152	0.02767	0.00891	0.01032	0.00693	0.00587	0.00402	0.00191	0.00520	0.00347	0.00390	0.00689
11	0.01933	0.01529	0.01625	0.01345	0.01766	0.01729	0.01079	0.35517	0.40261	0.03224	0.02049	0.01937	0.01508	0.00800	0.00629	0.00200	0.00583	0.00637	0.00629	0.01021
12	0.01558	0.01490	0.04274	0.07642	0.66137	0.01455	0.01878	0.01935	0.01419	0.04486	0.01211	0.01563	0.00992	0.00567	0.00617	0.00187	0.00742	0.00555	0.00321	0.00972
13	0.00870	0.00677	0.00847	0.00934	0.03312	0.00622	0.00706	0.01095	0.01470	0.01895	0.17915	0.12135	0.31867	0.01562	0.00774	0.00233	0.00405	0.21527	0.00589	0.00565
14	0.01535	0.01333	0.04122	0.39002	0.08373	0.04136	0.03116	0.11756	0.01530	0.07783	0.01343	0.01842	0.01059	0.07516	0.00883	0.00237	0.02688	0.00587	0.00379	0.00779
15	0.06692	0.02873	0.01719	0.01562	0.01887	0.71563	0.01175	0.02452	0.01727	0.01594	0.00958	0.01118	0.00796	0.00639	0.00552	0.00162	0.01089	0.00398	0.00325	0.00720
16	0.00830	0.00597	0.00786	0.00819	0.00919	0.00553	0.00584	0.01045	0.01522	0.02114	0.44017	0.35623	0.05134	0.01561	0.00760	0.00220	0.00323	0.01400	0.00640	0.00553
17	0.00803	0.00594	0.00741	0.00818	0.00904	0.00554	0.00563	0.00984	0.03106	0.01753	0.14928	0.49139	0.14987	0.05970	0.00904	0.00256	0.00360	0.01524	0.00586	0.00527
18	0.18917	0.15411	0.11917	0.03812	0.02036	0.10605	0.10773	0.07045	0.06619	0.05599	0.01212	0.01356	0.00925	0.00614	0.00538	0.00183	0.00756	0.00477	0.00380	0.00826
19	0.00954	0.00752	0.01063	0.01025	0.01125	0.00878	0.00793	0.01195	0.02631	0.01658	0.14338	0.06509	0.02391	0.06725	0.45008	0.00700	0.10473	0.00799	0.00408	0.00576
20	0.02667	0.01075	0.01436	0.01109	0.01573	0.00954	0.00913	0.06756	0.01846	0.66794	0.06309	0.02225	0.01753	0.00797	0.00632	0.00193	0.00526	0.00650	0.00758	0.01034
21	0.01173	0.01003	0.01500	0.01637	0.14179	0.01015	0.07608	0.06442	0.06803	0.02034	0.08340	0.31108	0.06772	0.01295	0.00766	0.00224	0.02805	0.04069	0.00513	0.00713
22	0.07550	0.07960	0.06083	0.05862	0.38087	0.13583	0.01588	0.08352	0.01561	0.02111	0.01116	0.01382	0.00909	0.00591	0.00573	0.00179	0.00786	0.00492	0.00337	0.00897
23	0.04397	0.01946	0.32653	0.01340	0.01936	0.01160	0.01448	0.04224	0.01500	0.25420	0.04788	0.02175	0.06575	0.04614	0.00782	0.00219	0.02825	0.00625	0.00487	0.00887
24	0.00853	0.00586	0.00727	0.00799	0.00835	0.00566	0.00523	0.00916	0.01087	0.01436	0.02839	0.35130	0.06249	0.33445	0.01852	0.03942	0.00485	0.06799	0.00482	0.00449
25	0.03574	0.12822	0.17081	0.03439	0.19343	0.05298	0.01471	0.06150	0.06543	0.02093	0.03603	0.01503	0.01120	0.00608	0.00554	0.00168	0.00704	0.00492	0.00358	0.13074
26	0.03151	0.18609	0.15251	0.01963	0.20058	0.10227	0.01474	0.05625	0.04067	0.07575	0.01354	0.05542	0.01134	0.00680	0.00566	0.00179	0.00748	0.00546	0.00372	0.00881

[dist]
# distance from previous block
# <min> <max>
0	2

[block]
# block no. 3 follows, 36 sequences, length 27
# corresponding to MSA columns:
# 182-208
name=unknown_D
#
# <colnr> <probs for GDERKNQSTAVLIFYWHMCP>
#	G	D	E	R	K	N	Q	S	T	A	V	L	I	F	Y	W	H	M	C	P
0	0.04535	0.03455	0.06383	0.06602	0.03167	0.02996	0.03767	0.01603	0.03195	0.07723	0.03526	0.02201	0.03804	0.06150	0.25988	0.00497	0.12700	0.00641	0.00379	0.00690
1	0.08720	0.03256	0.06570	0.26121	0.14834	0.11401	0.03008	0.02051	0.10905	0.01927	0.01254	0.01551	0.00981	0.00655	0.00654	0.00197	0.04240	0.00527	0.00345	0.00803
2	0.04788	0.01515	0.01477	0.01226	0.01603	0.12169	0.00981	0.23124	0.09677	0.12218	0.06552	0.02119	0.03733	0.00817	0.00651	0.00185	0.03167	0.02532	0.05088	0.06379
3	0.00827	0.00626	0.00764	0.00756	0.00910	0.00563	0.00563	0.01058	0.01586	0.02131	0.43543	0.13426	0.26298	0.01455	0.00745	0.00209	0.00315	0.03027	0.00638	0.00559
4	0.00847	0.00618	0.00795	0.00787	0.00918	0.00567	0.00577	0.01094	0.01627	0.02260	0.54997	0.18602	0.11131	0.01427	0.00746	0.00208	0.00309	0.01264	0.00657	0.00567
5	0.01082	0.00541	0.00812	0.00812	0.00812	0.00541	0.00541	0.00812	0.00812	0.01082	0.01082	0.01894	0.01082	0.02165	0.02435	0.81872	0.00541	0.00541	0.00271	0.00271
6	0.01958	0.01607	0.01666	0.01380	0.01781	0.05292	0.01108	0.35187	0.33277	0.03111	0.01887	0.01831	0.01401	0.00803	0.00699	0.00201	0.04608	0.00615	0.00595	0.00992
7	0.75752	0.01218	0.00976	0.00856	0.01250	0.01394	0.00705	0.04465	0.01163	0.06277	0.00967	0.01083	0.00730	0.00594	0.00406	0.00193	0.00492	0.00359	0.00413	0.00707
8	0.04575	0.01245	0.01449	0.01181	0.01521	0.01333	0.03020	0.31599	0.06668	0.07674	0.18633	0.02637	0.04018	0.06848	0.02965	0.00249	0.02200	0.00750	0.00596	0.00839
9	0.79822	0.03769	0.00994	0.00828	0.01218	0.01433	0.00688	0.01833	0.01067	0.02751	0.00868	0.01012	0.00679	0.00577	0.00386	0.00191	0.00488	0.00337	0.00382	0.00679
10	0.21740	0.01372	0.05112	0.01628	0.10381	0.01300	0.12332	0.03431	0.03260	0.10354	0.04386	0.01587	0.01171	0.00641	0.00643	0.00183	0.05170	0.00530	0.00418	0.14361
11	0.33222	0.01234	0.01316	0.01054	0.01502	0.01276	0.00870	0.14501	0.01704	0.34950	0.01683	0.01589	0.01127	0.00693	0.00534	0.00192	0.00539	0.00505	0.00598	0.00913
12	0.00826	0.00633	0.00758	0.00741	0.00907	0.00565	0.00557	0.01062	0.01603	0.02140	0.43801	0.08144	0.31115	0.01427	0.00742	0.00206	0.00313	0.03259	0.00638	0.00561
13	0.37767	0.01360	0.02920	0.00999	0.01351	0.09831	0.00814	0.05574	0.06092	0.04123	0.09395	0.02000	0.06578	0.00972	0.04443	0.00230	0.00609	0.00563	0.00456	0.03925
14	0.01542	0.01480	0.02529	0.03824	0.74217	0.01480	0.01912	0.01912	0.01419	0.02036	0.01172	0.01542	0.00987	0.00555	0.00617	0.00185	0.00740	0.00555	0.00308	0.00987
15	0.01802	0.01098	0.01287	0.01107	0.01455	0.01144	0.00873	0.02772	0.35445	0.24991	0.15566	0.02688	0.02508	0.00897	0.00644	0.00201	0.00461	0.00753	0.03385	0.00923
16	0.00770	0.00638	0.00677	0.00683	0.00882	0.00546	0.00522	0.00950	0.01455	0.01776	0.12706	0.05938	0.62335	0.01558	0.00745	0.00214	0.00332	0.06150	0.00589	0.00535
17	0.02134	0.01629	0.01738	0.01386	0.01843	0.01823	0.01127	0.52402	0.23049	0.03548	0.01794	0.01734	0.01301	0.00776	0.00626	0.00194	0.00630	0.00602	0.00626	0.01039
18	0.01149	0.00585	0.00600	0.00600	0.00743	0.00590	0.00451	0.01436	0.01293	0.02283	0.02016	0.02329	0.01595	0.00905	0.03848	0.00184	0.00353	0.00585	0.77877	0.00580
19	0.02516	0.01055	0.01388	0.01083	0.01527	0.00943	0.00887	0.07669	0.01844	0.60510	0.07868	0.02466	0.05612	0.00849	0.00640	0.00194	0.00512	0.00695	0.00744	0.00997
20	0.01265	0.03114	0.69845	0.01836	0.02736	0.01456	0.07222	0.01975	0.01326	0.01975	0.01128	0.01341	0.00800	0.00587	0.00602	0.00198	0.00930	0.00480	0.00267	0.00915
21	0.00761	0.00621	0.00675	0.00699	0.00874	0.00534	0.00518	0.00926	0.01412	0.01739	0.11076	0.17213	0.55134	0.01618	0.00750	0.00219	0.00330	0.03786	0.00587	0.00529
22	0.00914	0.00638	0.00807	0.00877	0.00961	0.00623	0.00654	0.01071	0.01239	0.01647	0.07574	0.16519	0.07730	0.27042	0.01589	0.00372	0.00509	0.25875	0.02863	0.00496
23	0.01542	0.01480	0.02529	0.03824	0.74217	0.01480	0.01912	0.01912	0.01419	0.02036	0.01172	0.01542	0.00987	0.00555	0.00617	0.00185	0.00740	0.00555	0.00308	0.00987
24	0.01310	0.01194	0.01912	0.54012	0.11149	0.01405	0.03568	0.06681	0.04856	0.01911	0.05017	0.01826	0.01181	0.00667	0.00632	0.00203	0.00773	0.00597	0.00344	0.00762
25	0.01574	0.06418	0.11894	0.11166	0.28850	0.06237	0.10461	0.08205	0.01515	0.02047	0.01148	0.01471	0.00913	0.00614	0.00689	0.00193	0.04850	0.00542	0.00324	0.00889
26	0.01256	0.01169	0.04872	0.01221	0.01391	0.06616	0.05483	0.01458	0.01131	0.04475	0.01509	0.02342	0.01423	0.18464	0.20752	0.00501	0.17205	0.00658	0.07459	0.00615

[dist]
# distance from previous block
# <min> <max>
1	3

[block]
# block no. 4 follows, 36 sequences, length 14
# corresponding to MSA columns:
# 212-225
name=unknown_E
#
# <colnr> <probs for GDERKNQSTAVLIFYWHMCP>
#	G	D	E	R	K	N	Q	S	T	A	V	L	I	F	Y	W	H	M	C	P
0	0.00883	0.00718	0.03108	0.00950	0.01082	0.00618	0.03051	0.01080	0.03115	0.03588	0.03452	0.60295	0.10208	0.01731	0.00765	0.00239	0.00408	0.01561	0.00561	0.02585
1	0.06039	0.01303	0.01708	0.01491	0.01541	0.04213	0.01229	0.01493	0.00995	0.01568	0.00955	0.01500	0.00922	0.01592	0.13115	0.00375	0.58462	0.00547	0.00290	0.00663
2	0.01471	0.01681	0.03676	0.02626	0.03256	0.01576	0.71954	0.01996	0.01471	0.01996	0.01261	0.01681	0.00945	0.00525	0.00735	0.00210	0.01050	0.00735	0.00315	0.00840
3	0.00807	0.00622	0.00718	0.00714	0.00865	0.00554	0.00516	0.00995	0.01474	0.01925	0.30063	0.12373	0.35810	0.08627	0.00968	0.00246	0.00339	0.01254	0.00599	0.00533
4	0.01714	0.01633	0.01487	0.01332	0.01684	0.14239	0.01031	0.05767	0.58236	0.02471	0.02227	0.02088	0.01682	0.00807	0.00621	0.00202	0.00608	0.00647	0.00580	0.00944
5	0.01404	0.01340	0.02280	0.31305	0.47815	0.01444	0.01844	0.01791	0.01353	0.01868	0.01148	0.01587	0.00928	0.00581	0.00619	0.00194	0.00774	0.00555	0.00296	0.00876
6	0.00786	0.00601	0.00729	0.00814	0.00932	0.00544	0.00596	0.00942	0.01326	0.01687	0.06511	0.39418	0.30248	0.01762	0.00780	0.00240	0.00370	0.10606	0.00581	0.00525
7	0.06634	0.04536	0.01423	0.14446	0.01850	0.01105	0.06787	0.07405	0.03625	0.08235	0.01789	0.07598	0.01462	0.00774	0.00553	0.00182	0.00542	0.00657	0.29674	0.00723
8	0.01047	0.00721	0.01069	0.01001	0.01140	0.00781	0.03964	0.01249	0.01070	0.05783	0.01770	0.02675	0.01656	0.17023	0.50589	0.00797	0.01305	0.00705	0.05086	0.00569
9	0.01207	0.03054	0.01658	0.25187	0.07827	0.01167	0.07098	0.01726	0.10758	0.03731	0.13497	0.06601	0.09661	0.01032	0.02911	0.00229	0.00649	0.00821	0.00454	0.00729
10	0.01527	0.07767	0.08175	0.02435	0.33933	0.01489	0.04354	0.11353	0.06654	0.02256	0.04838	0.07044	0.03920	0.00764	0.00626	0.00191	0.00677	0.00682	0.00411	0.00904
11	0.01200	0.00952	0.01273	0.03091	0.05629	0.00964	0.04938	0.11608	0.05423	0.02413	0.30106	0.05091	0.13715	0.01344	0.05874	0.00253	0.00544	0.00939	0.03939	0.00704
12	0.01429	0.04854	0.45330	0.01943	0.11226	0.04111	0.04932	0.07856	0.02964	0.02145	0.04921	0.01551	0.01129	0.00648	0.00634	0.00194	0.02367	0.00527	0.00333	0.00906
13	0.01403	0.02710	0.52404	0.01976	0.12878	0.05920	0.02018	0.01994	0.01404	0.05096	0.05451	0.01567	0.01150	0.00637	0.00604	0.00193	0.00853	0.00517	0.00320	0.00905

[dist]
# distance from previous block
# <min> <max>
1	11

[block]
# block no. 5 follows, 36 sequences, length 14
# corresponding to MSA columns:
# 237-250
name=unknown_F
#
# <colnr> <probs for GDERKNQSTAVLIFYWHMCP>
#	G	D	E	R	K	N	Q	S	T	A	V	L	I	F	Y	W	H	M	C	P
0	0.01212	0.09587	0.01470	0.12813	0.08069	0.10196	0.00991	0.01490	0.04061	0.01710	0.06125	0.17137	0.20476	0.01142	0.00658	0.00201	0.00584	0.00967	0.00450	0.00662
1	0.04195	0.03904	0.01528	0.04701	0.22000	0.01065	0.01078	0.03705	0.04275	0.07942	0.26839	0.05206	0.09092	0.00966	0.00658	0.00194	0.00504	0.00847	0.00527	0.00775
2	0.04327	0.04098	0.07220	0.01693	0.17827	0.01056	0.04507	0.01803	0.01577	0.14995	0.26551	0.02920	0.07006	0.00900	0.00653	0.00192	0.00542	0.00793	0.00533	0.00806
3	0.07228	0.07207	0.06247	0.04577	0.18109	0.04034	0.14759	0.01872	0.06544	0.04061	0.04497	0.02331	0.12493	0.00780	0.00661	0.00196	0.02500	0.00696	0.00399	0.00809
4	0.01346	0.01374	0.02046	0.38636	0.07202	0.08984	0.12287	0.01707	0.01322	0.01693	0.01227	0.04601	0.01025	0.00858	0.04273	0.00236	0.03721	0.00606	0.00310	0.06545
5	0.01605	0.06725	0.09104	0.08519	0.07763	0.16697	0.15018	0.04674	0.01434	0.01815	0.01104	0.01484	0.00918	0.03386	0.00886	0.00205	0.11209	0.00533	0.00317	0.06605
6	0.01061	0.00837	0.03101	0.12459	0.01550	0.00780	0.00824	0.01401	0.04718	0.07266	0.31226	0.08486	0.21459	0.01216	0.00705	0.00205	0.00429	0.01051	0.00582	0.00644
7	0.01369	0.01071	0.01270	0.00933	0.01451	0.00818	0.00742	0.01633	0.01321	0.07213	0.01341	0.05835	0.01155	0.00571	0.00493	0.00109	0.00460	0.00470	0.00410	0.71336
8	0.01455	0.01965	0.27967	0.01713	0.05401	0.01345	0.12360	0.07524	0.10913	0.06172	0.04076	0.02390	0.03553	0.00798	0.00656	0.00207	0.00751	0.07380	0.02500	0.00874
9	0.00866	0.00789	0.01127	0.00979	0.01236	0.00695	0.11474	0.01088	0.01427	0.01767	0.08233	0.10539	0.52206	0.01435	0.00745	0.00215	0.00440	0.03619	0.00543	0.00577
10	0.01338	0.01331	0.01840	0.13094	0.02005	0.03739	0.01368	0.01512	0.01018	0.01500	0.00921	0.01532	0.00889	0.04694	0.01841	0.00276	0.59592	0.00560	0.00280	0.00670
11	0.00804	0.00704	0.00821	0.12291	0.01371	0.00658	0.00666	0.01001	0.01393	0.01669	0.05513	0.05331	0.62740	0.01431	0.00719	0.00210	0.00395	0.01198	0.00532	0.00551
12	0.00861	0.00655	0.00937	0.12504	0.01447	0.00685	0.00782	0.01028	0.01175	0.01563	0.02794	0.49362	0.03207	0.07943	0.07758	0.00343	0.00583	0.05344	0.00494	0.00533
13	0.00790	0.00580	0.00748	0.00870	0.00948	0.00538	0.00621	0.00930	0.01261	0.01643	0.03857	0.56882	0.14765	0.01863	0.00795	0.00251	0.00384	0.11177	0.00578	0.00519

[dist]
# distance from previous block
# <min> <max>
3	6

[block]
# block no. 6 follows, 36 sequences, length 6
# corresponding to MSA columns:
# 257-262
name=unknown_G
#
# <colnr> <probs for GDERKNQSTAVLIFYWHMCP>
#	G	D	E	R	K	N	Q	S	T	A	V	L	I	F	Y	W	H	M	C	P
0	0.01872	0.35583	0.02423	0.01398	0.04748	0.27553	0.01140	0.04973	0.01502	0.01663	0.00957	0.01128	0.00831	0.00601	0.00558	0.00150	0.04472	0.00389	0.00311	0.07747
1	0.01680	0.13877	0.08349	0.01215	0.01674	0.01472	0.03134	0.12684	0.17116	0.10014	0.03821	0.01980	0.01472	0.08485	0.00831	0.00217	0.00610	0.00588	0.00490	0.10293
2	0.08967	0.14534	0.11928	0.01657	0.09058	0.16413	0.03410	0.16583	0.07672	0.02335	0.01229	0.01353	0.00955	0.00639	0.00553	0.00177	0.00783	0.00476	0.00397	0.00878
3	0.01239	0.07525	0.24222	0.01342	0.01850	0.01244	0.07746	0.07158	0.06834	0.02122	0.11295	0.07196	0.15714	0.00964	0.00653	0.00199	0.00638	0.00824	0.00454	0.00779
4	0.05409	0.04729	0.11483	0.01085	0.01399	0.00985	0.00955	0.03210	0.03494	0.06217	0.02392	0.35039	0.04705	0.01252	0.00737	0.00211	0.04808	0.01065	0.00482	0.10344
5	0.61316	0.09596	0.01368	0.06787	0.07162	0.01519	0.00893	0.01823	0.01124	0.02502	0.00909	0.01101	0.00724	0.00575	0.00423	0.00187	0.00548	0.00370	0.00358	0.00714

[dist]
# distance from previous block
# <min> <max>
0	177

# created by:
# /home/cegg/simao/soft/augustus-3.2.1/scripts/msa2prfl.pl ./align_prep/EOG090W0JJQ.fa
