[name]
unknown

[dist]
# distance from previous block
# <min> <max>
0	21

[block]
# block no. 0 follows, 38 sequences, length 34
# corresponding to MSA columns:
# 21-41,45-57
name=unknown_A
#
# <colnr> <probs for GDERKNQSTAVLIFYWHMCP>
#	G	D	E	R	K	N	Q	S	T	A	V	L	I	F	Y	W	H	M	C	P
0	0.01201	0.00858	0.01074	0.01126	0.01324	0.03526	0.00966	0.03724	0.03731	0.06864	0.02891	0.05740	0.03007	0.01460	0.00777	0.00254	0.00567	0.56646	0.00554	0.03711
1	0.04973	0.01471	0.01840	0.01416	0.01865	0.03361	0.10584	0.35920	0.06034	0.14126	0.05559	0.01733	0.01347	0.00721	0.00650	0.00185	0.03061	0.00592	0.00553	0.04009
2	0.01302	0.01305	0.04767	0.35132	0.39526	0.01356	0.01741	0.01681	0.01287	0.01765	0.01177	0.04148	0.00984	0.00611	0.00603	0.00191	0.00746	0.00572	0.00292	0.00813
3	0.03019	0.01149	0.01370	0.01047	0.01507	0.01041	0.02933	0.06754	0.12340	0.04862	0.04787	0.01600	0.01280	0.00594	0.00561	0.00132	0.03245	0.00477	0.00436	0.50865
4	0.00739	0.00595	0.00659	0.00675	0.00838	0.00515	0.00494	0.00906	0.01390	0.01746	0.17492	0.18416	0.50354	0.01537	0.00721	0.00208	0.00309	0.01316	0.00577	0.00515
5	0.01251	0.00986	0.01122	0.01000	0.01254	0.01057	0.00775	0.09995	0.28572	0.02606	0.39785	0.03319	0.03733	0.01020	0.00661	0.00194	0.00397	0.00876	0.00637	0.00761
6	0.00875	0.00583	0.00656	0.00656	0.00656	0.00583	0.00365	0.00875	0.00875	0.01166	0.01895	0.03937	0.02187	0.78858	0.03062	0.00583	0.00583	0.00875	0.00365	0.00365
7	0.00851	0.00615	0.00804	0.00757	0.00899	0.00568	0.00568	0.01135	0.01703	0.02412	0.74788	0.04494	0.05676	0.01230	0.00710	0.00189	0.00284	0.01088	0.00662	0.00568
8	0.01540	0.01314	0.01385	0.01233	0.01581	0.01517	0.00963	0.07026	0.70119	0.02586	0.02393	0.02201	0.01792	0.00811	0.00612	0.00203	0.00486	0.00673	0.00612	0.00956
9	0.83108	0.01163	0.00884	0.00791	0.01163	0.01350	0.00651	0.01768	0.01024	0.02699	0.00838	0.00977	0.00651	0.00558	0.00372	0.00186	0.00465	0.00326	0.00372	0.00651
10	0.02247	0.02867	0.01705	0.01550	0.01860	0.76443	0.01162	0.02402	0.01705	0.01472	0.00930	0.01085	0.00775	0.00620	0.00542	0.00155	0.01085	0.00387	0.00310	0.00697
11	0.02256	0.01056	0.03404	0.01058	0.01477	0.00910	0.00881	0.06698	0.03164	0.53571	0.09718	0.06887	0.02011	0.00850	0.00620	0.00187	0.00495	0.00708	0.00688	0.03361
12	0.01523	0.01495	0.02408	0.03595	0.71765	0.04851	0.01815	0.01872	0.01385	0.01943	0.01122	0.01470	0.00945	0.00540	0.00593	0.00178	0.00732	0.00529	0.00298	0.00941
13	0.01489	0.01429	0.02442	0.03692	0.75106	0.01429	0.01846	0.01846	0.01370	0.01965	0.01132	0.01489	0.00953	0.00536	0.00596	0.00179	0.00715	0.00536	0.00298	0.00953
14	0.00739	0.00529	0.00704	0.00833	0.00874	0.00493	0.00559	0.00854	0.01182	0.01584	0.07231	0.74413	0.04072	0.01849	0.00765	0.00241	0.00345	0.01676	0.00564	0.00493
15	0.01275	0.03016	0.72350	0.01685	0.02555	0.01374	0.02162	0.01952	0.01291	0.05263	0.01139	0.01306	0.00795	0.00579	0.00573	0.00190	0.00872	0.00452	0.00276	0.00895
16	0.01207	0.03112	0.75741	0.01715	0.02604	0.01397	0.02223	0.01905	0.01270	0.01905	0.01080	0.01270	0.00762	0.00572	0.00572	0.00191	0.00889	0.00445	0.00254	0.00889
17	0.00823	0.00592	0.00733	0.00733	0.00830	0.00552	0.00508	0.00999	0.01388	0.01902	0.39288	0.16839	0.11488	0.19181	0.01259	0.00290	0.00365	0.01161	0.00566	0.00502
18	0.00999	0.00878	0.01145	0.13570	0.09697	0.03479	0.00894	0.01316	0.04098	0.01949	0.28467	0.06621	0.22337	0.01117	0.00672	0.00195	0.00459	0.00969	0.00512	0.00626
19	0.02354	0.01182	0.01651	0.01271	0.01731	0.01122	0.08384	0.11695	0.08554	0.50184	0.02166	0.03817	0.01464	0.00752	0.00620	0.00190	0.00576	0.00642	0.00664	0.00982
20	0.00711	0.00609	0.00609	0.00609	0.00813	0.00508	0.00457	0.00863	0.01371	0.01625	0.06094	0.05789	0.74862	0.01524	0.00711	0.00203	0.00305	0.01270	0.00559	0.00508
21	0.00733	0.00524	0.00698	0.00838	0.00873	0.00489	0.00558	0.00838	0.01152	0.01536	0.03316	0.78466	0.03979	0.01885	0.00768	0.00244	0.00349	0.01710	0.00558	0.00489
22	0.83108	0.01163	0.00884	0.00791	0.01163	0.01350	0.00651	0.01768	0.01024	0.02699	0.00838	0.00977	0.00651	0.00558	0.00372	0.00186	0.00465	0.00326	0.00372	0.00651
23	0.01649	0.03801	0.05826	0.01968	0.22099	0.07697	0.06958	0.04999	0.01468	0.11674	0.03563	0.01541	0.01120	0.00597	0.00613	0.00161	0.03474	0.00510	0.00392	0.19890
24	0.01970	0.06303	0.04402	0.06373	0.10945	0.32132	0.01292	0.17585	0.04797	0.03924	0.01168	0.01324	0.00914	0.00651	0.00616	0.00173	0.03751	0.00469	0.00386	0.00825
25	0.00867	0.00586	0.00664	0.00661	0.00677	0.00579	0.00381	0.00891	0.00945	0.01262	0.06627	0.04042	0.05146	0.71072	0.02826	0.00544	0.00554	0.00903	0.00391	0.00383
26	0.01315	0.01113	0.01324	0.05929	0.01635	0.00913	0.00806	0.06652	0.01358	0.02064	0.01096	0.01285	0.00895	0.00476	0.00467	0.00103	0.00484	0.00381	0.00368	0.71337
27	0.01166	0.00983	0.01493	0.29938	0.07739	0.01147	0.02479	0.03929	0.01177	0.03587	0.01527	0.10593	0.01497	0.16751	0.03960	0.00315	0.10002	0.00742	0.00349	0.00627
28	0.01382	0.01892	0.25520	0.02406	0.29159	0.01352	0.09805	0.01971	0.07695	0.03834	0.01412	0.01831	0.01136	0.00641	0.00610	0.00192	0.00754	0.04405	0.03122	0.00883
29	0.00765	0.00587	0.00703	0.00740	0.00871	0.00525	0.00538	0.00943	0.01392	0.01817	0.23806	0.28530	0.30985	0.01563	0.00733	0.00215	0.00322	0.03859	0.00587	0.00520
30	0.01066	0.01133	0.11698	0.01046	0.03358	0.00881	0.00900	0.01643	0.15132	0.04444	0.29704	0.06017	0.18373	0.01104	0.00667	0.00196	0.00433	0.00945	0.00562	0.00696
31	0.02267	0.02105	0.01719	0.01415	0.01827	0.32323	0.01120	0.37067	0.02243	0.07730	0.01286	0.01332	0.00949	0.00673	0.00573	0.00168	0.00818	0.00477	0.00484	0.03424
32	0.01333	0.01288	0.04041	0.15676	0.27481	0.01301	0.15205	0.01701	0.01334	0.04437	0.06941	0.01980	0.01396	0.00933	0.05843	0.00249	0.05122	0.02603	0.00343	0.00791
33	0.01504	0.01511	0.04531	0.08755	0.63305	0.04079	0.01802	0.03792	0.01407	0.01965	0.01127	0.01475	0.00932	0.00550	0.00594	0.00180	0.00738	0.00528	0.00303	0.00924

[dist]
# distance from previous block
# <min> <max>
0	18

[block]
# block no. 1 follows, 38 sequences, length 46
# corresponding to MSA columns:
# 76-84,86-122
name=unknown_B
#
# <colnr> <probs for GDERKNQSTAVLIFYWHMCP>
#	G	D	E	R	K	N	Q	S	T	A	V	L	I	F	Y	W	H	M	C	P
0	0.00814	0.00597	0.00715	0.00734	0.00876	0.00530	0.00532	0.00993	0.01413	0.03867	0.25451	0.27117	0.31125	0.01524	0.00725	0.00211	0.00318	0.01330	0.00594	0.00534
1	0.01608	0.79220	0.03152	0.01029	0.01544	0.02380	0.01029	0.01801	0.01222	0.01415	0.00836	0.00965	0.00772	0.00515	0.00386	0.00129	0.00643	0.00322	0.00257	0.00772
2	0.00733	0.00524	0.00698	0.00838	0.00873	0.00489	0.00558	0.00838	0.01152	0.01536	0.03316	0.78466	0.03979	0.01885	0.00768	0.00244	0.00349	0.01710	0.00558	0.00489
3	0.01247	0.01069	0.01247	0.00891	0.01426	0.00802	0.00713	0.01515	0.01247	0.01960	0.01069	0.01247	0.00891	0.00446	0.00446	0.00089	0.00446	0.00356	0.00356	0.82536
4	0.01207	0.03112	0.75741	0.01715	0.02604	0.01397	0.02223	0.01905	0.01270	0.01905	0.01080	0.01270	0.00762	0.00572	0.00572	0.00191	0.00889	0.00445	0.00254	0.00889
5	0.00789	0.00566	0.00786	0.00873	0.00936	0.00581	0.00620	0.00937	0.01092	0.01511	0.02688	0.49914	0.03052	0.02745	0.26673	0.00488	0.00779	0.01308	0.03155	0.00508
6	0.01420	0.01623	0.03550	0.02535	0.03144	0.01521	0.72921	0.01927	0.01420	0.01927	0.01217	0.01623	0.00913	0.00507	0.00710	0.00203	0.01014	0.00710	0.00304	0.00811
7	0.83108	0.01163	0.00884	0.00791	0.01163	0.01350	0.00651	0.01768	0.01024	0.02699	0.00838	0.00977	0.00651	0.00558	0.00372	0.00186	0.00465	0.00326	0.00372	0.00651
8	0.01236	0.08607	0.70500	0.01665	0.02527	0.01468	0.02136	0.01898	0.01267	0.01870	0.01062	0.01248	0.00763	0.00567	0.00558	0.00186	0.00871	0.00436	0.00254	0.00881
9	0.00892	0.00675	0.00730	0.00700	0.00909	0.00596	0.00529	0.04513	0.01480	0.05015	0.13278	0.10313	0.55333	0.01442	0.00705	0.00203	0.00332	0.01215	0.00580	0.00561
10	0.01667	0.49020	0.11436	0.01202	0.01704	0.14500	0.01172	0.01979	0.04475	0.03800	0.01077	0.03582	0.00942	0.00603	0.00463	0.00149	0.00726	0.00416	0.00306	0.00780
11	0.01369	0.35686	0.39061	0.01371	0.02048	0.01791	0.01607	0.01851	0.02995	0.01684	0.01034	0.01216	0.00829	0.00746	0.04204	0.00202	0.00809	0.00407	0.00267	0.00823
12	0.00729	0.00610	0.00634	0.00628	0.00824	0.00515	0.00471	0.00898	0.01413	0.01725	0.14832	0.05625	0.66062	0.01486	0.00711	0.00201	0.00302	0.01247	0.00572	0.00515
13	0.01684	0.00964	0.01053	0.00884	0.01173	0.01001	0.00705	0.21712	0.04032	0.13159	0.01892	0.01992	0.01399	0.00717	0.00504	0.00160	0.00426	0.00565	0.45211	0.00768
14	0.00986	0.00869	0.01194	0.16166	0.12276	0.00887	0.00951	0.01352	0.06941	0.01830	0.13392	0.05552	0.33065	0.01114	0.00666	0.00198	0.00473	0.00960	0.00482	0.00645
15	0.04510	0.08301	0.04296	0.05116	0.38463	0.10635	0.06778	0.06763	0.01470	0.01968	0.01213	0.05533	0.01060	0.00632	0.00581	0.00178	0.00751	0.00566	0.00332	0.00853
16	0.01489	0.01429	0.02442	0.03692	0.75106	0.01429	0.01846	0.01846	0.01370	0.01965	0.01132	0.01489	0.00953	0.00536	0.00596	0.00179	0.00715	0.00536	0.00298	0.00953
17	0.01387	0.00639	0.00701	0.00646	0.00841	0.00615	0.00499	0.01659	0.01339	0.14576	0.02032	0.02210	0.01533	0.00708	0.00452	0.00148	0.00319	0.00568	0.68489	0.00639
18	0.01313	0.01290	0.02339	0.20098	0.35927	0.01327	0.16430	0.01684	0.01319	0.01813	0.01368	0.09752	0.01233	0.00689	0.00639	0.00196	0.00758	0.00697	0.00320	0.00809
19	0.01548	0.02277	0.45058	0.01569	0.04520	0.01253	0.03690	0.03765	0.04852	0.17475	0.04940	0.01682	0.01234	0.00753	0.02559	0.00210	0.00773	0.00538	0.00406	0.00899
20	0.02699	0.01024	0.01396	0.01070	0.01536	0.00884	0.00884	0.02932	0.01722	0.75522	0.02373	0.02048	0.01489	0.00745	0.00605	0.00186	0.00512	0.00605	0.00745	0.01024
21	0.02332	0.01025	0.01446	0.01133	0.01538	0.00947	0.03995	0.04525	0.01622	0.57596	0.03817	0.02121	0.01542	0.03232	0.07247	0.00268	0.03401	0.00627	0.00656	0.00931
22	0.01388	0.05310	0.12299	0.35719	0.20775	0.03062	0.01687	0.04036	0.01331	0.04960	0.01132	0.01493	0.00868	0.00600	0.00622	0.00190	0.02910	0.00512	0.00305	0.00800
23	0.01047	0.00961	0.01473	0.08741	0.01723	0.02440	0.14997	0.01299	0.01310	0.03485	0.03441	0.10163	0.31324	0.01248	0.02878	0.00231	0.06772	0.02800	0.03053	0.00614
24	0.00819	0.00603	0.00766	0.00748	0.00884	0.00550	0.00552	0.01063	0.01592	0.02202	0.57042	0.13810	0.14437	0.01349	0.00717	0.00198	0.00295	0.01188	0.00636	0.00550
25	0.05858	0.05076	0.02183	0.08734	0.39949	0.17890	0.05185	0.01920	0.01408	0.01829	0.01132	0.01557	0.00966	0.00599	0.00578	0.00178	0.00796	0.03023	0.00310	0.00829
26	0.73011	0.01204	0.01124	0.01101	0.07257	0.01363	0.03812	0.01781	0.01069	0.02607	0.00878	0.01046	0.00687	0.00554	0.00405	0.00186	0.00509	0.00359	0.00363	0.00683
27	0.01309	0.01067	0.01254	0.00899	0.01430	0.00805	0.00720	0.01575	0.01268	0.05079	0.01125	0.01281	0.00916	0.00458	0.00452	0.00093	0.00448	0.00367	0.00373	0.79080
28	0.00950	0.00633	0.00826	0.00766	0.00924	0.00583	0.00579	0.01231	0.01690	0.05981	0.69022	0.04305	0.05345	0.01190	0.00696	0.00188	0.00295	0.01048	0.03158	0.00590
29	0.00751	0.00588	0.00674	0.00708	0.00847	0.00519	0.00511	0.00909	0.01348	0.01715	0.16056	0.25262	0.40566	0.04170	0.00808	0.00227	0.00328	0.02938	0.00568	0.00508
30	0.00839	0.00636	0.00775	0.00736	0.00900	0.00584	0.00553	0.01137	0.03994	0.02225	0.55772	0.04734	0.22314	0.01287	0.00707	0.00193	0.00295	0.01119	0.00635	0.00566
31	0.01207	0.03112	0.75741	0.01715	0.02604	0.01397	0.02223	0.01905	0.01270	0.01905	0.01080	0.01270	0.00762	0.00572	0.00572	0.00191	0.00889	0.00445	0.00254	0.00889
32	0.01608	0.79220	0.03152	0.01029	0.01544	0.02380	0.01029	0.01801	0.01222	0.01415	0.00836	0.00965	0.00772	0.00515	0.00386	0.00129	0.00643	0.00322	0.00257	0.00772
33	0.01556	0.01322	0.01394	0.01236	0.01587	0.01524	0.00967	0.08442	0.68677	0.02612	0.02373	0.02184	0.01775	0.00809	0.00611	0.00202	0.00490	0.00670	0.00611	0.00958
34	0.01589	0.00941	0.01003	0.00851	0.01119	0.00988	0.00676	0.23774	0.01779	0.07637	0.01829	0.01982	0.01377	0.00710	0.00489	0.00156	0.00414	0.00558	0.51393	0.00735
35	0.00733	0.00524	0.00698	0.00838	0.00873	0.00489	0.00558	0.00838	0.01152	0.01536	0.03316	0.78466	0.03979	0.01885	0.00768	0.00244	0.00349	0.01710	0.00558	0.00489
36	0.04673	0.00587	0.00575	0.00571	0.00721	0.00595	0.00431	0.01418	0.01251	0.02263	0.01914	0.02188	0.01503	0.00695	0.00418	0.00142	0.00288	0.00551	0.78653	0.00565
37	0.00875	0.00583	0.00656	0.00656	0.00656	0.00583	0.00365	0.00875	0.00875	0.01166	0.01895	0.03937	0.02187	0.78858	0.03062	0.00583	0.00583	0.00875	0.00365	0.00365
38	0.02146	0.08190	0.01862	0.01671	0.07250	0.65633	0.01203	0.02318	0.01646	0.01505	0.00938	0.01106	0.00788	0.00606	0.00535	0.00155	0.01026	0.00394	0.00305	0.00722
39	0.02666	0.01077	0.01429	0.01096	0.01562	0.00963	0.00905	0.08574	0.01811	0.69754	0.02299	0.01999	0.01452	0.00743	0.00605	0.00186	0.00524	0.00600	0.00733	0.01024
40	0.00782	0.00559	0.00755	0.00894	0.00951	0.00531	0.00645	0.00923	0.01201	0.01591	0.03288	0.63444	0.03871	0.01838	0.00781	0.00251	0.00392	0.16243	0.00557	0.00502
41	0.17380	0.01656	0.09419	0.04892	0.38470	0.09284	0.03261	0.01869	0.01319	0.02047	0.01083	0.01364	0.00875	0.00561	0.00540	0.00178	0.00715	0.00475	0.03780	0.00832
42	0.75078	0.01271	0.00971	0.00858	0.01233	0.04903	0.00701	0.05533	0.01150	0.02699	0.00874	0.01007	0.00677	0.00570	0.00392	0.00184	0.00505	0.00340	0.00381	0.00673
43	0.00733	0.00524	0.00698	0.00838	0.00873	0.00489	0.00558	0.00838	0.01152	0.01536	0.03316	0.78466	0.03979	0.01885	0.00768	0.00244	0.00349	0.01710	0.00558	0.00489
44	0.01247	0.01069	0.01247	0.00891	0.01426	0.00802	0.00713	0.01515	0.01247	0.01960	0.01069	0.01247	0.00891	0.00446	0.00446	0.00089	0.00446	0.00356	0.00356	0.82536
45	0.83108	0.01163	0.00884	0.00791	0.01163	0.01350	0.00651	0.01768	0.01024	0.02699	0.00838	0.00977	0.00651	0.00558	0.00372	0.00186	0.00465	0.00326	0.00372	0.00651

[dist]
# distance from previous block
# <min> <max>
0	52

[block]
# block no. 2 follows, 38 sequences, length 38
# corresponding to MSA columns:
# 175-212
name=unknown_C
#
# <colnr> <probs for GDERKNQSTAVLIFYWHMCP>
#	G	D	E	R	K	N	Q	S	T	A	V	L	I	F	Y	W	H	M	C	P
0	0.01247	0.01069	0.01247	0.00891	0.01426	0.00802	0.00713	0.01515	0.01247	0.01960	0.01069	0.01247	0.00891	0.00446	0.00446	0.00089	0.00446	0.00356	0.00356	0.82536
1	0.00859	0.00645	0.00967	0.00967	0.01074	0.00752	0.00752	0.01074	0.00967	0.01396	0.01611	0.02363	0.01504	0.04512	0.76474	0.00967	0.01611	0.00645	0.00322	0.00537
2	0.00716	0.00610	0.00617	0.00615	0.00816	0.00510	0.00461	0.00874	0.01384	0.01656	0.08751	0.05739	0.72186	0.01512	0.00711	0.00203	0.00304	0.01263	0.00563	0.00510
3	0.01489	0.01429	0.02442	0.03692	0.75106	0.01429	0.01846	0.01846	0.01370	0.01965	0.01132	0.01489	0.00953	0.00536	0.00596	0.00179	0.00715	0.00536	0.00298	0.00953
4	0.01045	0.00522	0.00784	0.00784	0.00784	0.00522	0.00522	0.00784	0.00784	0.01045	0.01045	0.01829	0.01045	0.02090	0.02351	0.82497	0.00522	0.00522	0.00261	0.00261
5	0.00875	0.00583	0.00656	0.00656	0.00656	0.00583	0.00365	0.00875	0.00875	0.01166	0.01895	0.03937	0.02187	0.78858	0.03062	0.00583	0.00583	0.00875	0.00365	0.00365
6	0.00767	0.00573	0.00821	0.00906	0.00965	0.00536	0.03703	0.00886	0.01155	0.01542	0.03184	0.72984	0.03794	0.04031	0.00831	0.00252	0.00385	0.01643	0.00542	0.00499
7	0.04934	0.42333	0.35037	0.01321	0.01995	0.01903	0.01539	0.01846	0.01235	0.01686	0.00944	0.01100	0.00762	0.00542	0.00467	0.00158	0.00744	0.00376	0.00261	0.00818
8	0.01522	0.01485	0.02363	0.03493	0.68756	0.04656	0.01778	0.01929	0.04547	0.01968	0.01180	0.01504	0.00984	0.00552	0.00594	0.00179	0.00720	0.00536	0.00312	0.00942
9	0.00741	0.00535	0.00703	0.00834	0.00883	0.00498	0.00568	0.00855	0.01174	0.01551	0.03477	0.71347	0.08198	0.01854	0.00767	0.00243	0.00354	0.04366	0.00558	0.00492
10	0.61270	0.01453	0.10082	0.01216	0.05139	0.01376	0.08122	0.01804	0.01109	0.02492	0.00919	0.01101	0.00705	0.00554	0.00441	0.00188	0.00583	0.00388	0.00348	0.00710
11	0.01360	0.01072	0.01261	0.00914	0.01430	0.00834	0.00733	0.03902	0.01343	0.06708	0.03550	0.01410	0.01088	0.00499	0.00469	0.00101	0.00451	0.00402	0.00399	0.72074
12	0.01270	0.15041	0.64363	0.01607	0.02438	0.01551	0.02036	0.01889	0.01263	0.01828	0.01041	0.01222	0.00764	0.00563	0.00542	0.00181	0.00851	0.00425	0.00255	0.00871
13	0.75757	0.01233	0.01001	0.00985	0.05498	0.03760	0.00738	0.01793	0.01066	0.02617	0.00858	0.01011	0.00673	0.00559	0.00391	0.00185	0.00500	0.00340	0.00366	0.00671
14	0.00733	0.00524	0.00698	0.00838	0.00873	0.00489	0.00558	0.00838	0.01152	0.01536	0.03316	0.78466	0.03979	0.01885	0.00768	0.00244	0.00349	0.01710	0.00558	0.00489
15	0.01249	0.01166	0.01459	0.01268	0.01414	0.05359	0.01024	0.03569	0.02910	0.01597	0.01159	0.01686	0.01075	0.03958	0.22648	0.00436	0.34888	0.00542	0.00317	0.12277
16	0.01401	0.03308	0.02206	0.29679	0.36151	0.01413	0.06407	0.01857	0.05754	0.04217	0.01228	0.01590	0.00963	0.00581	0.00601	0.00189	0.00743	0.00553	0.00320	0.00839
17	0.00845	0.00604	0.00827	0.00966	0.01050	0.00585	0.00753	0.01032	0.01262	0.01661	0.03254	0.44451	0.03734	0.01779	0.00798	0.00260	0.00446	0.34617	0.00556	0.00520
18	0.00733	0.00524	0.00698	0.00838	0.00873	0.00489	0.00558	0.00838	0.01152	0.01536	0.03316	0.78466	0.03979	0.01885	0.00768	0.00244	0.00349	0.01710	0.00558	0.00489
19	0.04645	0.11949	0.05433	0.01199	0.01575	0.01459	0.01040	0.07091	0.18754	0.22047	0.06120	0.01872	0.01528	0.00787	0.00768	0.00194	0.11560	0.00580	0.00526	0.00873
20	0.75523	0.01214	0.00943	0.00834	0.01210	0.03929	0.00683	0.01859	0.01089	0.06983	0.00932	0.01045	0.00706	0.00572	0.00392	0.00185	0.00490	0.00344	0.00392	0.00675
21	0.01000	0.00565	0.00786	0.00779	0.00784	0.00583	0.00512	0.00838	0.00819	0.01102	0.01285	0.02388	0.01356	0.22207	0.05712	0.55438	0.02625	0.00620	0.00291	0.00311
22	0.01314	0.15851	0.58159	0.01596	0.02391	0.01580	0.03493	0.03704	0.03169	0.01886	0.01086	0.01256	0.00801	0.00571	0.00545	0.00180	0.00834	0.00438	0.00274	0.00873
23	0.01689	0.69569	0.02969	0.01095	0.01584	0.11742	0.01046	0.01877	0.01283	0.01423	0.00848	0.00980	0.00772	0.00528	0.00406	0.00132	0.00699	0.00330	0.00264	0.00763
24	0.01489	0.01429	0.02442	0.03692	0.75106	0.01429	0.01846	0.01846	0.01370	0.01965	0.01132	0.01489	0.00953	0.00536	0.00596	0.00179	0.00715	0.00536	0.00298	0.00953
25	0.07611	0.01586	0.01677	0.01316	0.01766	0.01762	0.01078	0.60785	0.08159	0.03553	0.01536	0.03735	0.01148	0.00753	0.00592	0.00185	0.00625	0.00572	0.00586	0.00977
26	0.02699	0.01024	0.01396	0.01070	0.01536	0.00884	0.00884	0.02932	0.01722	0.75522	0.02373	0.02048	0.01489	0.00745	0.00605	0.00186	0.00512	0.00605	0.00745	0.01024
27	0.01275	0.02039	0.31176	0.03735	0.07205	0.01367	0.24990	0.01907	0.07051	0.01920	0.02991	0.01660	0.01092	0.00951	0.07700	0.00267	0.00937	0.00591	0.00318	0.00827
28	0.02699	0.01024	0.01396	0.01070	0.01536	0.00884	0.00884	0.02932	0.01722	0.75522	0.02373	0.02048	0.01489	0.00745	0.00605	0.00186	0.00512	0.00605	0.00745	0.01024
29	0.00805	0.00605	0.00745	0.00728	0.00875	0.00545	0.00539	0.01039	0.01567	0.02131	0.50748	0.12079	0.22653	0.01367	0.00716	0.00198	0.00295	0.01194	0.00626	0.00545
30	0.01121	0.00561	0.00561	0.00561	0.00701	0.00561	0.00421	0.01402	0.01262	0.02243	0.01962	0.02243	0.01542	0.00701	0.00421	0.00140	0.00280	0.00561	0.82198	0.00561
31	0.01479	0.01272	0.01347	0.01220	0.01554	0.01469	0.00953	0.03131	0.71586	0.02493	0.02473	0.02397	0.01891	0.00844	0.00619	0.00206	0.00479	0.03037	0.00610	0.00939
32	0.00851	0.00579	0.00677	0.00707	0.00726	0.00571	0.00429	0.00887	0.00961	0.01272	0.02319	0.16463	0.04714	0.60022	0.02503	0.00501	0.00535	0.04474	0.00412	0.00399
33	0.11651	0.01062	0.01353	0.01050	0.01506	0.00970	0.00867	0.05247	0.01683	0.64903	0.02170	0.01907	0.01379	0.00723	0.00579	0.00186	0.00512	0.00572	0.00698	0.00982
34	0.00864	0.00627	0.00879	0.00879	0.00955	0.00704	0.00642	0.01018	0.00941	0.01331	0.01692	0.02810	0.01698	0.25642	0.55609	0.00858	0.01319	0.00710	0.00334	0.00488
35	0.01641	0.01066	0.01237	0.01047	0.01298	0.01199	0.00844	0.16661	0.09899	0.11842	0.01762	0.01894	0.01332	0.00784	0.00770	0.00183	0.13695	0.00570	0.31499	0.00777
36	0.01613	0.05341	0.20460	0.08130	0.02068	0.03687	0.01297	0.12219	0.01553	0.11583	0.01279	0.01398	0.00937	0.00579	0.00535	0.00155	0.00660	0.00453	0.00402	0.25651
37	0.51373	0.09355	0.01347	0.02638	0.01427	0.04628	0.00830	0.14323	0.03161	0.02645	0.01011	0.01141	0.00788	0.00691	0.02339	0.00198	0.00580	0.00387	0.00400	0.00736

[dist]
# distance from previous block
# <min> <max>
2	45

[block]
# block no. 3 follows, 38 sequences, length 58
# corresponding to MSA columns:
# 258-315
name=unknown_D
#
# <colnr> <probs for GDERKNQSTAVLIFYWHMCP>
#	G	D	E	R	K	N	Q	S	T	A	V	L	I	F	Y	W	H	M	C	P
0	0.09471	0.27126	0.04264	0.01154	0.01629	0.01711	0.03096	0.20802	0.03636	0.12324	0.01363	0.03155	0.01056	0.00648	0.00505	0.00163	0.00603	0.00483	0.02482	0.04331
1	0.01360	0.15456	0.46081	0.01533	0.03926	0.03297	0.03508	0.01876	0.01289	0.03969	0.01076	0.01248	0.00811	0.00549	0.00528	0.00166	0.00781	0.00424	0.00286	0.11835
2	0.00887	0.00673	0.00840	0.00758	0.00957	0.00591	0.00574	0.01154	0.01608	0.02268	0.57737	0.04217	0.12650	0.01161	0.00676	0.00178	0.00307	0.01013	0.00611	0.11140
3	0.00878	0.00760	0.01052	0.00984	0.01149	0.00755	0.06773	0.01102	0.03464	0.01678	0.07239	0.27307	0.30851	0.01476	0.00850	0.00224	0.07657	0.04725	0.00515	0.00560
4	0.00733	0.00538	0.00688	0.00803	0.00865	0.00493	0.00544	0.00849	0.01197	0.01570	0.05455	0.66161	0.14267	0.01817	0.00758	0.00237	0.00341	0.01631	0.00561	0.00493
5	0.00875	0.00583	0.00656	0.00656	0.00656	0.00583	0.00365	0.00875	0.00875	0.01166	0.01895	0.03937	0.02187	0.78858	0.03062	0.00583	0.00583	0.00875	0.00365	0.00365
6	0.01384	0.01620	0.06600	0.10483	0.07659	0.01490	0.57777	0.01880	0.01387	0.01887	0.01190	0.01596	0.00897	0.00522	0.00685	0.00201	0.00968	0.00669	0.00298	0.00809
7	0.83108	0.01163	0.00884	0.00791	0.01163	0.01350	0.00651	0.01768	0.01024	0.02699	0.00838	0.00977	0.00651	0.00558	0.00372	0.00186	0.00465	0.00326	0.00372	0.00651
8	0.01137	0.01027	0.01616	0.30447	0.18183	0.01107	0.03412	0.04054	0.01397	0.01853	0.11627	0.05618	0.14309	0.00878	0.00643	0.00196	0.00614	0.00784	0.00400	0.00699
9	0.01452	0.01246	0.01322	0.01192	0.01518	0.01432	0.00926	0.03054	0.69028	0.02509	0.07441	0.02400	0.02101	0.00845	0.00619	0.00203	0.00463	0.00708	0.00616	0.00926
10	0.01478	0.18091	0.22871	0.04869	0.15225	0.01631	0.11553	0.05716	0.03545	0.03944	0.01146	0.01368	0.00891	0.00573	0.00589	0.00176	0.02495	0.00492	0.00316	0.03032
11	0.83108	0.01163	0.00884	0.00791	0.01163	0.01350	0.00651	0.01768	0.01024	0.02699	0.00838	0.00977	0.00651	0.00558	0.00372	0.00186	0.00465	0.00326	0.00372	0.00651
12	0.01400	0.06672	0.06677	0.05591	0.11843	0.01370	0.01130	0.09992	0.26794	0.02258	0.06954	0.04008	0.08657	0.03180	0.00682	0.00203	0.00559	0.00706	0.00489	0.00833
13	0.00711	0.00609	0.00609	0.00609	0.00813	0.00508	0.00457	0.00863	0.01371	0.01625	0.06094	0.05789	0.74862	0.01524	0.00711	0.00203	0.00305	0.01270	0.00559	0.00508
14	0.00851	0.00615	0.00804	0.00757	0.00899	0.00568	0.00568	0.01135	0.01703	0.02412	0.74788	0.04494	0.05676	0.01230	0.00710	0.00189	0.00284	0.01088	0.00662	0.00568
15	0.01731	0.05470	0.18432	0.01376	0.01860	0.05504	0.03074	0.23668	0.03258	0.08972	0.01413	0.01726	0.01115	0.05654	0.03018	0.00232	0.06260	0.02176	0.00437	0.04623
16	0.01247	0.01069	0.01247	0.00891	0.01426	0.00802	0.00713	0.01515	0.01247	0.01960	0.01069	0.01247	0.00891	0.00446	0.00446	0.00089	0.00446	0.00356	0.00356	0.82536
17	0.01136	0.01069	0.01804	0.77412	0.04143	0.01337	0.01671	0.01537	0.01203	0.01537	0.01069	0.01604	0.00802	0.00601	0.00601	0.00200	0.00802	0.00535	0.00267	0.00668
18	0.83108	0.01163	0.00884	0.00791	0.01163	0.01350	0.00651	0.01768	0.01024	0.02699	0.00838	0.00977	0.00651	0.00558	0.00372	0.00186	0.00465	0.00326	0.00372	0.00651
19	0.05011	0.01145	0.01282	0.04227	0.01542	0.01086	0.00821	0.11828	0.13515	0.02336	0.01554	0.01651	0.03259	0.00608	0.00504	0.00137	0.00480	0.00484	0.06597	0.41933
20	0.06825	0.01099	0.01741	0.69318	0.03854	0.01357	0.01581	0.04204	0.01251	0.01701	0.01067	0.01555	0.00800	0.00603	0.00586	0.00199	0.00774	0.00520	0.00287	0.00680
21	0.11201	0.57413	0.06396	0.01058	0.01549	0.06114	0.01034	0.01848	0.03345	0.01633	0.01057	0.01169	0.02989	0.00567	0.00419	0.00144	0.00644	0.00371	0.00293	0.00757
22	0.00875	0.00583	0.00656	0.00656	0.00656	0.00583	0.00365	0.00875	0.00875	0.01166	0.01895	0.03937	0.02187	0.78858	0.03062	0.00583	0.00583	0.00875	0.00365	0.00365
23	0.83108	0.01163	0.00884	0.00791	0.01163	0.01350	0.00651	0.01768	0.01024	0.02699	0.00838	0.00977	0.00651	0.00558	0.00372	0.00186	0.00465	0.00326	0.00372	0.00651
24	0.01045	0.00522	0.00784	0.00784	0.00784	0.00522	0.00522	0.00784	0.00784	0.01045	0.01045	0.01829	0.01045	0.02090	0.02351	0.82497	0.00522	0.00522	0.00261	0.00261
25	0.01608	0.79220	0.03152	0.01029	0.01544	0.02380	0.01029	0.01801	0.01222	0.01415	0.00836	0.00965	0.00772	0.00515	0.00386	0.00129	0.00643	0.00322	0.00257	0.00772
26	0.01316	0.01025	0.01191	0.00879	0.01364	0.00808	0.00701	0.01636	0.03968	0.05658	0.01274	0.01423	0.01021	0.00500	0.00457	0.00103	0.00433	0.00401	0.08537	0.67306
27	0.00995	0.00579	0.00609	0.00602	0.00755	0.00551	0.00451	0.01250	0.01354	0.02145	0.14399	0.03318	0.17024	0.00951	0.00525	0.00161	0.00286	0.00788	0.52704	0.00551
28	0.00875	0.00583	0.00656	0.00656	0.00656	0.00583	0.00365	0.00875	0.00875	0.01166	0.01895	0.03937	0.02187	0.78858	0.03062	0.00583	0.00583	0.00875	0.00365	0.00365
29	0.01320	0.01554	0.07035	0.02297	0.04552	0.01377	0.57921	0.01781	0.01375	0.01875	0.01483	0.11668	0.01307	0.00692	0.00707	0.00207	0.00913	0.00823	0.00335	0.00777
30	0.01261	0.01081	0.01254	0.00909	0.01433	0.00839	0.00726	0.01605	0.05165	0.01990	0.01143	0.01301	0.00942	0.00465	0.00454	0.00095	0.00447	0.00374	0.00370	0.78144
31	0.01453	0.13026	0.09401	0.01415	0.09780	0.08581	0.01100	0.05131	0.07638	0.07663	0.08870	0.14756	0.05174	0.00951	0.00609	0.00188	0.00597	0.02447	0.00459	0.00762
32	0.73574	0.03580	0.01023	0.00865	0.01236	0.08036	0.00708	0.01825	0.01090	0.02553	0.00846	0.00986	0.00666	0.00563	0.00388	0.00182	0.00525	0.00331	0.00363	0.00659
33	0.01064	0.00810	0.01144	0.03970	0.06139	0.00917	0.00864	0.07423	0.01181	0.01686	0.01599	0.02375	0.01477	0.08893	0.49214	0.00714	0.03047	0.02121	0.04757	0.00604
34	0.03665	0.41724	0.12361	0.01295	0.03550	0.18101	0.01206	0.01964	0.04488	0.01592	0.01076	0.04515	0.00960	0.00620	0.00476	0.00154	0.00749	0.00435	0.00301	0.00768
35	0.01338	0.01294	0.05740	0.02314	0.28921	0.01181	0.15628	0.04791	0.01452	0.04712	0.08764	0.13714	0.02004	0.00878	0.00667	0.00201	0.00668	0.04520	0.00415	0.00799
36	0.01519	0.01304	0.01373	0.01229	0.01573	0.01507	0.00958	0.05209	0.71969	0.02553	0.02420	0.02221	0.01813	0.00813	0.00612	0.00203	0.00481	0.00676	0.00612	0.00954
37	0.00861	0.00636	0.00924	0.00924	0.01017	0.00729	0.00699	0.01047	0.00954	0.01365	0.01650	0.02578	0.01597	0.14643	0.66471	0.00915	0.01471	0.00676	0.00328	0.00514
38	0.11486	0.01039	0.01340	0.01040	0.01495	0.00935	0.00859	0.02805	0.01646	0.67565	0.02205	0.01931	0.01398	0.00724	0.00580	0.00186	0.00507	0.00574	0.00704	0.00983
39	0.01218	0.03032	0.71855	0.01759	0.02633	0.01404	0.06028	0.01906	0.01278	0.01906	0.01087	0.01289	0.00770	0.00568	0.00579	0.00191	0.00896	0.00459	0.00257	0.00885
40	0.00843	0.00602	0.00825	0.00964	0.01047	0.00584	0.00750	0.01029	0.01261	0.01659	0.03255	0.44970	0.03737	0.01781	0.00797	0.00260	0.00445	0.34115	0.00556	0.00519
41	0.04426	0.03966	0.01349	0.05025	0.01578	0.00939	0.00786	0.03511	0.01279	0.01996	0.01062	0.01251	0.00876	0.00468	0.00453	0.00103	0.00479	0.00369	0.00355	0.69727
42	0.01563	0.01484	0.02237	0.03178	0.59365	0.05465	0.01665	0.07661	0.04171	0.02089	0.01287	0.04760	0.01110	0.00623	0.00601	0.00181	0.00706	0.00584	0.00346	0.00925
43	0.01556	0.11174	0.42920	0.01493	0.02184	0.01553	0.01698	0.13720	0.04787	0.07559	0.01259	0.01365	0.00911	0.00625	0.00598	0.00182	0.03011	0.00469	0.00366	0.02569
44	0.01186	0.02232	0.43773	0.03023	0.05678	0.04393	0.01663	0.01759	0.04755	0.01956	0.13103	0.04947	0.04005	0.00800	0.00647	0.00195	0.02632	0.02094	0.00367	0.00793
45	0.01489	0.01429	0.02442	0.03692	0.75106	0.01429	0.01846	0.01846	0.01370	0.01965	0.01132	0.01489	0.00953	0.00536	0.00596	0.00179	0.00715	0.00536	0.00298	0.00953
46	0.02167	0.02733	0.01717	0.01552	0.01835	0.69989	0.01176	0.02320	0.01637	0.01470	0.00918	0.01105	0.00776	0.00657	0.00666	0.00164	0.07718	0.00399	0.00306	0.00694
47	0.01515	0.01698	0.15733	0.02752	0.40020	0.01370	0.11739	0.02004	0.04971	0.08329	0.01360	0.03426	0.01076	0.00603	0.00613	0.00188	0.00750	0.00585	0.00351	0.00916
48	0.00716	0.00610	0.00617	0.00615	0.00816	0.00510	0.00461	0.00874	0.01384	0.01655	0.08732	0.05740	0.72205	0.01512	0.00711	0.00203	0.00304	0.01263	0.00563	0.00510
49	0.02287	0.01685	0.01805	0.01384	0.01866	0.01866	0.01143	0.73100	0.02828	0.03791	0.01444	0.01444	0.01023	0.00722	0.00602	0.00181	0.00662	0.00542	0.00602	0.01023
50	0.01316	0.01316	0.01843	0.01579	0.01579	0.01843	0.01316	0.01448	0.00921	0.01448	0.00790	0.01316	0.00790	0.01053	0.01974	0.00263	0.77757	0.00526	0.00263	0.00658
51	0.01136	0.01069	0.01804	0.77412	0.04143	0.01337	0.01671	0.01537	0.01203	0.01537	0.01069	0.01604	0.00802	0.00601	0.00601	0.00200	0.00802	0.00535	0.00267	0.00668
52	0.08470	0.01047	0.01215	0.01063	0.01313	0.01177	0.00836	0.25095	0.03750	0.02312	0.01545	0.02110	0.01356	0.11068	0.34277	0.00573	0.01049	0.00609	0.00433	0.00702
53	0.01284	0.01227	0.02110	0.39865	0.34345	0.01353	0.04717	0.01660	0.01282	0.01737	0.01185	0.04403	0.00989	0.00617	0.00610	0.00193	0.00757	0.00586	0.00293	0.00789
54	0.02699	0.01024	0.01396	0.01070	0.01536	0.00884	0.00884	0.02932	0.01722	0.75522	0.02373	0.02048	0.01489	0.00745	0.00605	0.00186	0.00512	0.00605	0.00745	0.01024
55	0.00870	0.00570	0.00755	0.00834	0.00915	0.00525	0.00577	0.01012	0.01278	0.06144	0.14582	0.60477	0.05776	0.01704	0.00747	0.00231	0.00348	0.01535	0.00586	0.00534
56	0.01698	0.18555	0.20564	0.01458	0.04840	0.05387	0.06656	0.04227	0.04220	0.17229	0.01523	0.04505	0.01210	0.02841	0.00633	0.00190	0.00710	0.02292	0.00412	0.00848
57	0.01471	0.01527	0.13211	0.05403	0.34518	0.01247	0.09790	0.01859	0.01388	0.10379	0.03719	0.07851	0.01429	0.00724	0.00630	0.00193	0.00709	0.02706	0.00381	0.00865

[dist]
# distance from previous block
# <min> <max>
0	1

[block]
# block no. 4 follows, 38 sequences, length 7
# corresponding to MSA columns:
# 317-323
name=unknown_E
#
# <colnr> <probs for GDERKNQSTAVLIFYWHMCP>
#	G	D	E	R	K	N	Q	S	T	A	V	L	I	F	Y	W	H	M	C	P
0	0.01346	0.01223	0.02127	0.23726	0.28905	0.01259	0.12987	0.01704	0.01352	0.06278	0.01879	0.02162	0.10997	0.00697	0.00632	0.00192	0.00719	0.00668	0.00353	0.00794
1	0.01393	0.19553	0.18351	0.04580	0.11679	0.09090	0.07051	0.01799	0.04469	0.01713	0.01439	0.13493	0.01359	0.00773	0.00574	0.00182	0.00733	0.00658	0.00334	0.00776
2	0.01257	0.00906	0.01281	0.01152	0.01266	0.01106	0.00920	0.01431	0.01048	0.11485	0.01475	0.02110	0.01328	0.08784	0.36496	0.00605	0.25741	0.00620	0.00364	0.00628
3	0.00891	0.00641	0.00818	0.11129	0.01160	0.00673	0.00568	0.00960	0.00957	0.01266	0.01973	0.13599	0.02238	0.57899	0.02420	0.00486	0.00582	0.00940	0.00377	0.00422
4	0.03175	0.05689	0.09199	0.04693	0.01513	0.03295	0.00965	0.01872	0.19078	0.06454	0.10143	0.13908	0.09363	0.02809	0.00697	0.00212	0.00518	0.05181	0.00514	0.00724
5	0.08367	0.06560	0.09183	0.01992	0.20865	0.17535	0.06582	0.07075	0.01520	0.05397	0.03228	0.04531	0.03235	0.00677	0.00573	0.00178	0.00758	0.00562	0.00370	0.00813
6	0.06069	0.05512	0.19529	0.05222	0.08397	0.14146	0.05031	0.04348	0.03218	0.04666	0.01478	0.03835	0.03644	0.11312	0.00910	0.00236	0.00766	0.00584	0.00351	0.00745

[dist]
# distance from previous block
# <min> <max>
0	62

# created by:
# /home/cegg/simao/soft/augustus-3.2.1/scripts/msa2prfl.pl ./align_prep/EOG090W0FLB.fa
