[name]
unknown

[dist]
# distance from previous block
# <min> <max>
0	357

[block]
# block no. 0 follows, 27 sequences, length 201
# corresponding to MSA columns:
# 371-484,564-650
name=unknown_A
#
# <colnr> <probs for GDERKNQSTAVLIFYWHMCP>
#	G	D	E	R	K	N	Q	S	T	A	V	L	I	F	Y	W	H	M	C	P
0	0.01196	0.00854	0.01196	0.01367	0.01538	0.00854	0.01196	0.01538	0.01709	0.02222	0.03931	0.08374	0.04272	0.02051	0.01025	0.00342	0.00684	0.64283	0.00684	0.00684
1	0.01080	0.00720	0.00810	0.00810	0.00810	0.00720	0.00450	0.01080	0.01080	0.01439	0.02339	0.04858	0.02699	0.73910	0.03779	0.00720	0.00720	0.01080	0.00450	0.00450
2	0.01539	0.01319	0.01539	0.01100	0.01759	0.00990	0.00880	0.01869	0.01539	0.02419	0.01319	0.01539	0.01100	0.00550	0.00550	0.00110	0.00550	0.00440	0.00440	0.78449
3	0.01061	0.00795	0.01193	0.01193	0.01326	0.00928	0.00928	0.01326	0.01193	0.01723	0.01988	0.02916	0.01856	0.05568	0.70968	0.01193	0.01988	0.00795	0.00398	0.00663
4	0.01539	0.01319	0.01539	0.01100	0.01759	0.00990	0.00880	0.01869	0.01539	0.02419	0.01319	0.01539	0.01100	0.00550	0.00550	0.00110	0.00550	0.00440	0.00440	0.78449
5	0.02822	0.02079	0.02228	0.01708	0.02302	0.02302	0.01411	0.66804	0.03490	0.04679	0.01782	0.01782	0.01262	0.00891	0.00743	0.00223	0.00817	0.00668	0.00743	0.01262
6	0.79154	0.01436	0.01091	0.00976	0.01436	0.01665	0.00804	0.02182	0.01263	0.03331	0.01034	0.01206	0.00804	0.00689	0.00459	0.00230	0.00574	0.00402	0.00459	0.00804
7	0.02465	0.02433	0.02216	0.01981	0.06296	0.29647	0.06273	0.16150	0.06845	0.07876	0.01727	0.04351	0.01403	0.03293	0.00894	0.00238	0.03685	0.00688	0.00535	0.01003
8	0.00904	0.00646	0.00861	0.01034	0.01077	0.00603	0.00689	0.01034	0.01421	0.01895	0.04092	0.73426	0.04910	0.02326	0.00948	0.00301	0.00431	0.02110	0.00689	0.00603
9	0.01624	0.01624	0.02274	0.01949	0.01949	0.02274	0.01624	0.01787	0.01137	0.01787	0.00975	0.01624	0.00975	0.01299	0.02436	0.00325	0.72552	0.00650	0.00325	0.00812
10	0.01179	0.00842	0.01176	0.01347	0.01510	0.00839	0.01166	0.01508	0.01692	0.02202	0.03940	0.12263	0.04311	0.02067	0.01021	0.00339	0.00668	0.60566	0.00684	0.00679
11	0.79154	0.01436	0.01091	0.00976	0.01436	0.01665	0.00804	0.02182	0.01263	0.03331	0.01034	0.01206	0.00804	0.00689	0.00459	0.00230	0.00574	0.00402	0.00459	0.00804
12	0.01624	0.01624	0.02274	0.01949	0.01949	0.02274	0.01624	0.01787	0.01137	0.01787	0.00975	0.01624	0.00975	0.01299	0.02436	0.00325	0.72552	0.00650	0.00325	0.00812
13	0.01066	0.00762	0.00983	0.00943	0.01120	0.00706	0.00717	0.01409	0.02039	0.02885	0.59843	0.05663	0.09076	0.01537	0.00870	0.00238	0.00371	0.05087	0.03988	0.00696
14	0.01402	0.01319	0.02227	0.72126	0.05113	0.01649	0.02062	0.01897	0.01484	0.01897	0.01319	0.01979	0.00990	0.00742	0.00742	0.00247	0.00990	0.00660	0.00330	0.00825
15	0.01111	0.00868	0.01026	0.00965	0.01151	0.03461	0.00724	0.01449	0.02085	0.02891	0.63692	0.05446	0.09322	0.01503	0.00868	0.00233	0.00390	0.01318	0.00795	0.00704
16	0.01061	0.00795	0.01193	0.01193	0.01326	0.00928	0.00928	0.01326	0.01193	0.01723	0.01988	0.02916	0.01856	0.05568	0.70968	0.01193	0.01988	0.00795	0.00398	0.00663
17	0.02021	0.01596	0.01709	0.01491	0.01935	0.01801	0.01173	0.11144	0.53417	0.07698	0.03048	0.02810	0.04746	0.01022	0.00758	0.00247	0.00609	0.00842	0.00762	0.01170
18	0.00918	0.00783	0.00795	0.00794	0.01044	0.00676	0.00594	0.01183	0.04413	0.02046	0.07200	0.09572	0.63706	0.01862	0.00875	0.00253	0.00387	0.01558	0.00692	0.00648
19	0.10405	0.01991	0.02100	0.01624	0.02204	0.02202	0.01341	0.58466	0.03228	0.06535	0.01743	0.01748	0.01235	0.00872	0.00715	0.00224	0.00787	0.00644	0.00720	0.01217
20	0.01985	0.74357	0.03890	0.01270	0.01905	0.02937	0.01270	0.02223	0.01508	0.01747	0.01032	0.01191	0.00953	0.00635	0.00476	0.00159	0.00794	0.00397	0.00318	0.00953
21	0.02625	0.01532	0.01790	0.01448	0.01957	0.01589	0.01170	0.19503	0.21447	0.29769	0.06981	0.02607	0.02154	0.00976	0.00757	0.00235	0.00647	0.00793	0.00821	0.01201
22	0.01123	0.00781	0.00998	0.00994	0.01185	0.00717	0.00767	0.01417	0.01898	0.05399	0.38584	0.13397	0.17037	0.01723	0.00901	0.00260	0.00426	0.10932	0.00765	0.00698
23	0.03286	0.01335	0.01767	0.01355	0.01931	0.01198	0.01119	0.09195	0.02245	0.64046	0.02828	0.02461	0.01787	0.00916	0.00746	0.00229	0.00648	0.00740	0.00903	0.01263
24	0.01402	0.01319	0.02227	0.72126	0.05113	0.01649	0.02062	0.01897	0.01484	0.01897	0.01319	0.01979	0.00990	0.00742	0.00742	0.00247	0.00990	0.00660	0.00330	0.00825
25	0.01077	0.00728	0.00854	0.00854	0.00869	0.00744	0.00505	0.01108	0.01093	0.01472	0.02299	0.04636	0.02602	0.66077	0.11480	0.00774	0.00865	0.01047	0.00444	0.00474
26	0.01351	0.01274	0.02246	0.01851	0.02123	0.01436	0.18526	0.01693	0.01331	0.01909	0.01667	0.02428	0.01495	0.03444	0.39336	0.00778	0.15163	0.00789	0.00378	0.00781
27	0.01402	0.01319	0.02227	0.72126	0.05113	0.01649	0.02062	0.01897	0.01484	0.01897	0.01319	0.01979	0.00990	0.00742	0.00742	0.00247	0.00990	0.00660	0.00330	0.00825
28	0.01105	0.00790	0.01092	0.01263	0.01394	0.00776	0.01038	0.01381	0.01619	0.02120	0.03981	0.28629	0.04471	0.02136	0.01001	0.00329	0.00605	0.44925	0.00685	0.00658
29	0.01949	0.02051	0.05000	0.13263	0.18750	0.20394	0.05537	0.02327	0.01753	0.04495	0.01638	0.04708	0.01357	0.00808	0.00701	0.00215	0.00945	0.00684	0.12498	0.00927
30	0.76313	0.01514	0.01129	0.01011	0.01468	0.04242	0.00827	0.02211	0.01295	0.03274	0.01038	0.01211	0.00810	0.00692	0.00467	0.00228	0.00603	0.00405	0.00457	0.00806
31	0.01687	0.01426	0.02334	0.05636	0.43138	0.01448	0.01756	0.02042	0.01562	0.06368	0.01753	0.04411	0.01572	0.08110	0.13099	0.00436	0.01033	0.00769	0.00422	0.01000
32	0.02697	0.06046	0.02176	0.01891	0.02266	0.65598	0.01436	0.02888	0.02042	0.01813	0.01136	0.01345	0.00957	0.00782	0.00736	0.00196	0.04273	0.00482	0.00378	0.00862
33	0.01051	0.00759	0.00992	0.00934	0.01109	0.00700	0.00700	0.01401	0.02101	0.02977	0.68888	0.05545	0.07005	0.01518	0.00876	0.00233	0.00350	0.01343	0.00817	0.00700
34	0.00949	0.00693	0.00820	0.00901	0.00981	0.00643	0.00589	0.01055	0.01386	0.01788	0.04396	0.37540	0.19541	0.23183	0.01760	0.00412	0.00502	0.01679	0.00619	0.00564
35	0.01658	0.01723	0.02827	0.02259	0.02456	0.02170	0.18669	0.01942	0.01298	0.01942	0.01113	0.01723	0.01014	0.01123	0.02027	0.00305	0.53843	0.00709	0.00338	0.00862
36	0.01539	0.01319	0.01539	0.01100	0.01759	0.00990	0.00880	0.01869	0.01539	0.02419	0.01319	0.01539	0.01100	0.00550	0.00550	0.00110	0.00550	0.00440	0.00440	0.78449
37	0.01041	0.00805	0.00980	0.01068	0.01278	0.00744	0.00889	0.01308	0.01701	0.02116	0.05677	0.07776	0.35757	0.01968	0.00953	0.00297	0.00534	0.33766	0.00686	0.00656
38	0.79154	0.01436	0.01091	0.00976	0.01436	0.01665	0.00804	0.02182	0.01263	0.03331	0.01034	0.01206	0.00804	0.00689	0.00459	0.00230	0.00574	0.00402	0.00459	0.00804
39	0.01241	0.00666	0.00954	0.00954	0.00962	0.00674	0.00629	0.01007	0.00999	0.01340	0.01506	0.02729	0.01558	0.14617	0.07117	0.60870	0.00738	0.00726	0.00348	0.00364
40	0.01985	0.74357	0.03890	0.01270	0.01905	0.02937	0.01270	0.02223	0.01508	0.01747	0.01032	0.01191	0.00953	0.00635	0.00476	0.00159	0.00794	0.00397	0.00318	0.00953
41	0.03244	0.01403	0.01809	0.01387	0.01965	0.01298	0.01146	0.14436	0.02359	0.58646	0.02732	0.02399	0.01739	0.00914	0.00746	0.00229	0.00663	0.00733	0.00889	0.01263
42	0.01080	0.00720	0.00810	0.00810	0.00810	0.00720	0.00450	0.01080	0.01080	0.01439	0.02339	0.04858	0.02699	0.73910	0.03779	0.00720	0.00720	0.01080	0.00450	0.00450
43	0.79154	0.01436	0.01091	0.00976	0.01436	0.01665	0.00804	0.02182	0.01263	0.03331	0.01034	0.01206	0.00804	0.00689	0.00459	0.00230	0.00574	0.00402	0.00459	0.00804
44	0.00904	0.00646	0.00861	0.01034	0.01077	0.00603	0.00689	0.01034	0.01421	0.01895	0.04092	0.73426	0.04910	0.02326	0.00948	0.00301	0.00431	0.02110	0.00689	0.00603
45	0.01539	0.01319	0.01539	0.01100	0.01759	0.00990	0.00880	0.01869	0.01539	0.02419	0.01319	0.01539	0.01100	0.00550	0.00550	0.00110	0.00550	0.00440	0.00440	0.78449
46	0.03331	0.01263	0.01723	0.01321	0.01895	0.01091	0.01091	0.03618	0.02125	0.69794	0.02929	0.02527	0.01838	0.00919	0.00747	0.00230	0.00632	0.00747	0.00919	0.01263
47	0.01489	0.03840	0.70064	0.02116	0.03213	0.01724	0.02743	0.02351	0.01567	0.02351	0.01332	0.01567	0.00940	0.00705	0.00705	0.00235	0.01097	0.00549	0.00313	0.01097
48	0.02773	0.03538	0.02104	0.01913	0.02295	0.70930	0.01434	0.02964	0.02104	0.01817	0.01148	0.01339	0.00956	0.00765	0.00669	0.00191	0.01339	0.00478	0.00383	0.00861
49	0.03331	0.01263	0.01723	0.01321	0.01895	0.01091	0.01091	0.03618	0.02125	0.69794	0.02929	0.02527	0.01838	0.00919	0.00747	0.00230	0.00632	0.00747	0.00919	0.01263
50	0.03331	0.01263	0.01723	0.01321	0.01895	0.01091	0.01091	0.03618	0.02125	0.69794	0.02929	0.02527	0.01838	0.00919	0.00747	0.00230	0.00632	0.00747	0.00919	0.01263
51	0.01161	0.01087	0.01128	0.06592	0.03735	0.07304	0.00885	0.01395	0.01690	0.02025	0.07949	0.11747	0.40706	0.01813	0.03309	0.00286	0.00609	0.05273	0.00617	0.00687
52	0.01633	0.08144	0.31679	0.02568	0.08242	0.01829	0.26925	0.02302	0.01668	0.02351	0.04539	0.01912	0.01314	0.00704	0.00764	0.00234	0.01082	0.00708	0.00365	0.01037
53	0.01576	0.01587	0.02245	0.56891	0.06812	0.08811	0.01970	0.02011	0.01527	0.01898	0.01277	0.01880	0.00991	0.00787	0.00871	0.00247	0.06803	0.00640	0.00336	0.00840
54	0.26099	0.01970	0.02569	0.06668	0.13347	0.12547	0.19213	0.02341	0.01605	0.02545	0.01253	0.01608	0.00993	0.00705	0.00741	0.00232	0.03630	0.00610	0.00397	0.00928
55	0.00999	0.00960	0.05085	0.03871	0.01347	0.00761	0.00811	0.01295	0.01810	0.02362	0.28519	0.08641	0.37545	0.01651	0.00864	0.00246	0.00438	0.01410	0.00697	0.00689
56	0.01983	0.28436	0.13764	0.01403	0.02095	0.04164	0.01388	0.02431	0.04433	0.11040	0.01495	0.01592	0.01161	0.00682	0.00587	0.00173	0.00767	0.00501	0.00449	0.21456
57	0.02015	0.01305	0.01588	0.01158	0.01795	0.01017	0.00936	0.02333	0.01695	0.20290	0.01746	0.01801	0.01295	0.00648	0.00602	0.00142	0.00572	0.00521	0.00567	0.57975
58	0.02323	0.14361	0.12513	0.02139	0.14003	0.04747	0.03689	0.10928	0.06921	0.18427	0.01848	0.01897	0.01340	0.00782	0.00694	0.00217	0.00840	0.00633	0.00558	0.01139
59	0.01689	0.09310	0.22523	0.03954	0.06819	0.04301	0.06571	0.06708	0.11935	0.02649	0.13764	0.02498	0.02288	0.00898	0.00738	0.00228	0.00840	0.00761	0.00512	0.01016
60	0.01289	0.00645	0.00967	0.00967	0.00967	0.00645	0.00645	0.00967	0.00967	0.01289	0.01289	0.02257	0.01289	0.02579	0.02901	0.78401	0.00645	0.00645	0.00322	0.00322
61	0.01846	0.01595	0.01679	0.01511	0.01930	0.01846	0.01175	0.03945	0.67938	0.03105	0.03022	0.02770	0.02266	0.01007	0.00755	0.00252	0.00588	0.00839	0.00755	0.01175
62	0.01653	0.06922	0.16332	0.07884	0.18569	0.04313	0.10866	0.02128	0.01554	0.02176	0.01467	0.04390	0.01252	0.01051	0.04231	0.00284	0.10110	0.00702	0.03142	0.00975
63	0.01925	0.07074	0.05632	0.10458	0.09999	0.05147	0.25698	0.10350	0.01886	0.04779	0.01554	0.04352	0.01253	0.00800	0.00887	0.00240	0.05759	0.00763	0.00436	0.01008
64	0.02773	0.03538	0.02104	0.01913	0.02295	0.70930	0.01434	0.02964	0.02104	0.01817	0.01148	0.01339	0.00956	0.00765	0.00669	0.00191	0.01339	0.00478	0.00383	0.00861
65	0.00884	0.00752	0.00761	0.00759	0.01007	0.00629	0.00569	0.01077	0.01707	0.02040	0.09730	0.07087	0.66747	0.01867	0.00877	0.00250	0.00375	0.01559	0.00694	0.00629
66	0.07030	0.07968	0.18715	0.01961	0.07573	0.13831	0.03834	0.11800	0.04336	0.13550	0.01651	0.01740	0.01197	0.00775	0.00688	0.00219	0.00940	0.00595	0.00515	0.01083
67	0.01845	0.02112	0.08987	0.02431	0.09996	0.09424	0.18171	0.05483	0.10720	0.02391	0.01665	0.02160	0.01369	0.01054	0.03403	0.00286	0.14035	0.03036	0.00441	0.00993
68	0.01196	0.00854	0.01196	0.01367	0.01538	0.00854	0.01196	0.01538	0.01709	0.02222	0.03931	0.08374	0.04272	0.02051	0.01025	0.00342	0.00684	0.64283	0.00684	0.00684
69	0.01650	0.01531	0.02521	0.42670	0.28919	0.01731	0.02104	0.05920	0.01681	0.02261	0.01376	0.01914	0.01076	0.00721	0.00740	0.00236	0.00939	0.00661	0.00369	0.00982
70	0.01818	0.02662	0.25137	0.02646	0.19082	0.12344	0.08629	0.04404	0.04098	0.02330	0.01568	0.02144	0.01307	0.05180	0.00925	0.00260	0.01032	0.03016	0.00395	0.01024
71	0.01752	0.02003	0.04380	0.03129	0.03880	0.01877	0.66583	0.02378	0.01752	0.02378	0.01502	0.02003	0.01126	0.00626	0.00876	0.00250	0.01252	0.00876	0.00375	0.01001
72	0.00952	0.00673	0.00880	0.01019	0.01069	0.00638	0.00688	0.01085	0.01419	0.01895	0.06393	0.57474	0.04652	0.12044	0.01336	0.00358	0.00482	0.05691	0.00661	0.00591
73	0.01726	0.05247	0.17759	0.02996	0.27911	0.06472	0.10799	0.02299	0.04282	0.02314	0.01730	0.06943	0.01534	0.00864	0.00761	0.00236	0.00956	0.03723	0.00407	0.01042
74	0.01776	0.06623	0.07258	0.13549	0.14182	0.01638	0.12763	0.07482	0.01819	0.06993	0.02054	0.05535	0.01840	0.01012	0.00801	0.00252	0.00897	0.12059	0.00492	0.00975
75	0.00903	0.00652	0.00855	0.01017	0.01072	0.00604	0.00682	0.01036	0.01438	0.01902	0.04297	0.69463	0.08740	0.02299	0.00943	0.00298	0.00427	0.02078	0.00689	0.00604
76	0.55644	0.01775	0.01513	0.01285	0.01764	0.11447	0.04805	0.04605	0.01550	0.07986	0.01242	0.01388	0.00936	0.00720	0.00544	0.00225	0.00735	0.00475	0.00487	0.00873
77	0.01269	0.00711	0.00798	0.00806	0.00945	0.00731	0.00587	0.01548	0.01430	0.02386	0.02417	0.06359	0.02135	0.10853	0.12719	0.00418	0.00671	0.00824	0.51739	0.00653
78	0.05343	0.02026	0.02089	0.01650	0.02195	0.05077	0.01345	0.54850	0.07645	0.04288	0.01909	0.04783	0.01453	0.00946	0.00739	0.00227	0.00799	0.00722	0.00716	0.01196
79	0.01080	0.00720	0.00810	0.00810	0.00810	0.00720	0.00450	0.01080	0.01080	0.01439	0.02339	0.04858	0.02699	0.73910	0.03779	0.00720	0.00720	0.01080	0.00450	0.00450
80	0.01953	0.69814	0.08153	0.01325	0.01990	0.02859	0.01365	0.02231	0.01512	0.01786	0.01051	0.01215	0.00952	0.00640	0.00491	0.00164	0.00813	0.00407	0.00317	0.00962
81	0.01327	0.00709	0.01015	0.01004	0.01033	0.00726	0.00681	0.01169	0.05515	0.01413	0.01407	0.02291	0.01356	0.02472	0.02756	0.73094	0.00641	0.00658	0.00352	0.00380
82	0.06906	0.25121	0.06942	0.01877	0.08846	0.14376	0.01509	0.14545	0.01987	0.04557	0.01302	0.01487	0.01052	0.00770	0.00741	0.00205	0.05793	0.00526	0.00441	0.01017
83	0.01631	0.01357	0.02076	0.40818	0.03636	0.01693	0.01734	0.04243	0.01509	0.07237	0.01463	0.02019	0.01149	0.01184	0.05326	0.00317	0.17620	0.00674	0.03458	0.00856
84	0.01489	0.03840	0.70064	0.02116	0.03213	0.01724	0.02743	0.02351	0.01567	0.02351	0.01332	0.01567	0.00940	0.00705	0.00705	0.00235	0.01097	0.00549	0.00313	0.01097
85	0.00982	0.00715	0.00847	0.00909	0.01003	0.00668	0.00614	0.01110	0.01433	0.01858	0.08197	0.27153	0.19477	0.25535	0.01856	0.00424	0.00523	0.05508	0.00618	0.00569
86	0.02793	0.01529	0.01921	0.01495	0.02037	0.01515	0.03887	0.26138	0.02567	0.35013	0.05492	0.02790	0.05047	0.01008	0.00772	0.00233	0.00702	0.03075	0.00809	0.01178
87	0.01846	0.01595	0.01679	0.01511	0.01930	0.01846	0.01175	0.03945	0.67938	0.03105	0.03022	0.02770	0.02266	0.01007	0.00755	0.00252	0.00588	0.00839	0.00755	0.01175
88	0.01540	0.00842	0.00858	0.00802	0.01020	0.00866	0.00616	0.08774	0.01766	0.02975	0.02353	0.02661	0.01833	0.00868	0.00543	0.00178	0.00397	0.00689	0.69665	0.00754
89	0.02248	0.38718	0.03171	0.01675	0.04960	0.05293	0.03488	0.22838	0.02157	0.02736	0.01303	0.01465	0.01068	0.00763	0.00711	0.00196	0.05171	0.00529	0.00460	0.01050
90	0.01612	0.01479	0.04796	0.01221	0.01848	0.01154	0.01026	0.06742	0.01668	0.02543	0.01452	0.04391	0.01250	0.00679	0.00655	0.00140	0.03171	0.00535	0.00462	0.63178
91	0.01853	0.17804	0.34931	0.02012	0.06873	0.04523	0.04001	0.12074	0.01899	0.02589	0.03854	0.01692	0.01238	0.00746	0.00676	0.00215	0.00964	0.00579	0.00406	0.01071
92	0.01061	0.00795	0.01193	0.01193	0.01326	0.00928	0.00928	0.01326	0.01193	0.01723	0.01988	0.02916	0.01856	0.05568	0.70968	0.01193	0.01988	0.00795	0.00398	0.00663
93	0.01061	0.00795	0.01193	0.01193	0.01326	0.00928	0.00928	0.01326	0.01193	0.01723	0.01988	0.02916	0.01856	0.05568	0.70968	0.01193	0.01988	0.00795	0.00398	0.00663
94	0.01680	0.01603	0.02729	0.29009	0.46059	0.01722	0.02200	0.02140	0.01616	0.02234	0.01369	0.01889	0.01108	0.00691	0.00738	0.00230	0.00921	0.00661	0.00354	0.01049
95	0.01258	0.00656	0.00944	0.00944	0.00944	0.00656	0.00616	0.00984	0.00984	0.01312	0.01446	0.02644	0.01499	0.13193	0.03032	0.66842	0.00656	0.00709	0.00341	0.00341
96	0.01846	0.01595	0.01679	0.01511	0.01930	0.01846	0.01175	0.03945	0.67938	0.03105	0.03022	0.02770	0.02266	0.01007	0.00755	0.00252	0.00588	0.00839	0.00755	0.01175
97	0.01752	0.02003	0.04380	0.03129	0.03880	0.01877	0.66583	0.02378	0.01752	0.02378	0.01502	0.02003	0.01126	0.00626	0.00876	0.00250	0.01252	0.00876	0.00375	0.01001
98	0.01645	0.11934	0.17009	0.02519	0.20453	0.01802	0.06669	0.03987	0.01547	0.02174	0.01409	0.01873	0.01190	0.01572	0.11975	0.03622	0.06648	0.00637	0.00361	0.00974
99	0.00901	0.00659	0.00848	0.01000	0.01068	0.00606	0.00674	0.01037	0.01454	0.01908	0.04504	0.65464	0.12606	0.02272	0.00939	0.00295	0.00424	0.02045	0.00689	0.00606
100	0.01080	0.00720	0.00810	0.00810	0.00810	0.00720	0.00450	0.01080	0.01080	0.01439	0.02339	0.04858	0.02699	0.73910	0.03779	0.00720	0.00720	0.01080	0.00450	0.00450
101	0.00903	0.00651	0.00856	0.01021	0.01073	0.00604	0.00683	0.01035	0.01434	0.01900	0.04252	0.70325	0.07907	0.02305	0.00944	0.00299	0.00428	0.02085	0.00689	0.00604
102	0.01436	0.01260	0.02057	0.05152	0.25563	0.01283	0.05495	0.01797	0.01631	0.02225	0.02705	0.14872	0.02839	0.01440	0.00948	0.00284	0.03596	0.24013	0.00528	0.00874
103	0.00940	0.00671	0.00902	0.01074	0.01132	0.00633	0.00750	0.01094	0.01456	0.01934	0.04072	0.65611	0.04833	0.02293	0.00957	0.00306	0.00461	0.09579	0.00688	0.00613
104	0.01160	0.00904	0.01230	0.01177	0.01239	0.01073	0.00867	0.01311	0.01142	0.01630	0.01950	0.03414	0.02020	0.29856	0.35155	0.00878	0.13104	0.00875	0.00405	0.00609
105	0.01883	0.12695	0.25519	0.06863	0.15995	0.15370	0.04177	0.02388	0.01672	0.02129	0.01259	0.01567	0.01002	0.00722	0.00749	0.00218	0.03877	0.00558	0.00342	0.01016
106	0.02148	0.17076	0.10483	0.07666	0.14160	0.06636	0.03811	0.04525	0.01735	0.15020	0.01554	0.01762	0.01179	0.00795	0.00856	0.00223	0.08258	0.00603	0.00462	0.01048
107	0.73691	0.06598	0.01289	0.00997	0.01469	0.01755	0.00837	0.02185	0.01281	0.03219	0.01034	0.01205	0.00815	0.00685	0.00461	0.00225	0.00590	0.00402	0.00449	0.00815
108	0.00916	0.00654	0.00875	0.01047	0.01095	0.00613	0.00709	0.01054	0.01433	0.01908	0.04085	0.70866	0.04885	0.02315	0.00951	0.00303	0.00441	0.04557	0.00689	0.00606
109	0.01937	0.00954	0.01247	0.01073	0.01410	0.00842	0.00840	0.02226	0.02012	0.29698	0.30077	0.09143	0.12696	0.01378	0.00829	0.00239	0.00472	0.01183	0.00833	0.00911
110	0.01061	0.00795	0.01193	0.01193	0.01326	0.00928	0.00928	0.01326	0.01193	0.01723	0.01988	0.02916	0.01856	0.05568	0.70968	0.01193	0.01988	0.00795	0.00398	0.00663
111	0.01630	0.01764	0.03627	0.27256	0.04311	0.01798	0.44021	0.02210	0.01659	0.02210	0.01438	0.01994	0.01079	0.00666	0.00829	0.00249	0.01160	0.00800	0.00360	0.00940
112	0.02066	0.06538	0.02672	0.08020	0.39500	0.21375	0.01901	0.02424	0.01778	0.02189	0.01336	0.01701	0.01114	0.00702	0.00694	0.00209	0.00994	0.00595	0.03163	0.01032
113	0.01541	0.03385	0.55879	0.02363	0.10370	0.01690	0.05228	0.02315	0.01587	0.02364	0.01346	0.01613	0.00983	0.00688	0.00706	0.00227	0.01047	0.00568	0.00330	0.05769
114	0.03003	0.01622	0.06967	0.01461	0.02068	0.01400	0.01277	0.14501	0.06789	0.48881	0.02616	0.02342	0.01699	0.00904	0.00743	0.00230	0.00696	0.00724	0.00831	0.01245
115	0.00971	0.00718	0.00990	0.01069	0.01145	0.00693	0.02646	0.01113	0.01369	0.01830	0.03683	0.51092	0.06860	0.12984	0.08751	0.00453	0.00659	0.01762	0.00614	0.00600
116	0.01051	0.00759	0.00992	0.00934	0.01109	0.00700	0.00700	0.01401	0.02101	0.02977	0.68888	0.05545	0.07005	0.01518	0.00876	0.00233	0.00350	0.01343	0.00817	0.00700
117	0.02773	0.03538	0.02104	0.01913	0.02295	0.70930	0.01434	0.02964	0.02104	0.01817	0.01148	0.01339	0.00956	0.00765	0.00669	0.00191	0.01339	0.00478	0.00383	0.00861
118	0.01289	0.00645	0.00967	0.00967	0.00967	0.00645	0.00645	0.00967	0.00967	0.01289	0.01289	0.02257	0.01289	0.02579	0.02901	0.78401	0.00645	0.00645	0.00322	0.00322
119	0.01985	0.74357	0.03890	0.01270	0.01905	0.02937	0.01270	0.02223	0.01508	0.01747	0.01032	0.01191	0.00953	0.00635	0.00476	0.00159	0.00794	0.00397	0.00318	0.00953
120	0.01539	0.01319	0.01539	0.01100	0.01759	0.00990	0.00880	0.01869	0.01539	0.02419	0.01319	0.01539	0.01100	0.00550	0.00550	0.00110	0.00550	0.00440	0.00440	0.78449
121	0.01012	0.00757	0.00939	0.00893	0.01085	0.00684	0.00670	0.01326	0.02010	0.02760	0.55173	0.05903	0.20855	0.01599	0.00876	0.00237	0.00356	0.01393	0.00789	0.00684
122	0.01985	0.74357	0.03890	0.01270	0.01905	0.02937	0.01270	0.02223	0.01508	0.01747	0.01032	0.01191	0.00953	0.00635	0.00476	0.00159	0.00794	0.00397	0.00318	0.00953
123	0.01752	0.02209	0.14620	0.03274	0.26699	0.04123	0.25485	0.02307	0.01679	0.02364	0.01442	0.01866	0.01134	0.00693	0.00837	0.00235	0.03872	0.00715	0.03641	0.01054
124	0.01846	0.01595	0.01679	0.01511	0.01930	0.01846	0.01175	0.03945	0.67938	0.03105	0.03022	0.02770	0.02266	0.01007	0.00755	0.00252	0.00588	0.00839	0.00755	0.01175
125	0.01051	0.00759	0.00992	0.00934	0.01109	0.00700	0.00700	0.01401	0.02101	0.02977	0.68888	0.05545	0.07005	0.01518	0.00876	0.00233	0.00350	0.01343	0.00817	0.00700
126	0.00904	0.00646	0.00861	0.01034	0.01077	0.00603	0.00689	0.01034	0.01421	0.01895	0.04092	0.73426	0.04910	0.02326	0.00948	0.00301	0.00431	0.02110	0.00689	0.00603
127	0.03331	0.01263	0.01723	0.01321	0.01895	0.01091	0.01091	0.03618	0.02125	0.69794	0.02929	0.02527	0.01838	0.00919	0.00747	0.00230	0.00632	0.00747	0.00919	0.01263
128	0.01962	0.60156	0.13136	0.01428	0.02113	0.06831	0.01488	0.02285	0.01552	0.01836	0.01081	0.01253	0.00951	0.00653	0.00520	0.00172	0.00869	0.00423	0.00321	0.00968
129	0.01489	0.03840	0.70064	0.02116	0.03213	0.01724	0.02743	0.02351	0.01567	0.02351	0.01332	0.01567	0.00940	0.00705	0.00705	0.00235	0.01097	0.00549	0.00313	0.01097
130	0.01752	0.02003	0.04380	0.03129	0.03880	0.01877	0.66583	0.02378	0.01752	0.02378	0.01502	0.02003	0.01126	0.00626	0.00876	0.00250	0.01252	0.00876	0.00375	0.01001
131	0.01034	0.00758	0.00969	0.00916	0.01099	0.00693	0.00687	0.01368	0.02062	0.02883	0.62943	0.05700	0.13008	0.01553	0.00876	0.00235	0.00353	0.01364	0.00805	0.00693
132	0.01985	0.74357	0.03890	0.01270	0.01905	0.02937	0.01270	0.02223	0.01508	0.01747	0.01032	0.01191	0.00953	0.00635	0.00476	0.00159	0.00794	0.00397	0.00318	0.00953
133	0.02172	0.09098	0.32253	0.01679	0.02465	0.01626	0.01845	0.08376	0.01891	0.22875	0.02064	0.02085	0.03592	0.01011	0.03471	0.00264	0.00914	0.00650	0.00551	0.01116
134	0.02438	0.03111	0.06296	0.02194	0.09202	0.51135	0.04130	0.02702	0.01932	0.01915	0.01247	0.01605	0.01067	0.04187	0.00898	0.00229	0.03894	0.00551	0.00378	0.00892
135	0.57124	0.01985	0.01466	0.01290	0.01741	0.19086	0.03365	0.02386	0.01493	0.02915	0.01079	0.01268	0.00854	0.00706	0.00527	0.00221	0.00791	0.00438	0.00437	0.00825
136	0.01523	0.01160	0.01448	0.16038	0.09959	0.05325	0.01158	0.01891	0.01561	0.02414	0.01924	0.02369	0.01533	0.00994	0.03183	0.00237	0.03509	0.00671	0.42311	0.00790
137	0.02840	0.02050	0.02210	0.01694	0.02288	0.02259	0.01400	0.64555	0.03442	0.06997	0.01823	0.01809	0.01283	0.00892	0.00743	0.00223	0.00810	0.00671	0.00749	0.01263
138	0.01289	0.00645	0.00967	0.00967	0.00967	0.00645	0.00645	0.00967	0.00967	0.01289	0.01289	0.02257	0.01289	0.02579	0.02901	0.78401	0.00645	0.00645	0.00322	0.00322
139	0.01402	0.01319	0.02227	0.72126	0.05113	0.01649	0.02062	0.01897	0.01484	0.01897	0.01319	0.01979	0.00990	0.00742	0.00742	0.00247	0.00990	0.00660	0.00330	0.00825
140	0.02822	0.02079	0.02228	0.01708	0.02302	0.02302	0.01411	0.66804	0.03490	0.04679	0.01782	0.01782	0.01262	0.00891	0.00743	0.00223	0.00817	0.00668	0.00743	0.01262
141	0.79154	0.01436	0.01091	0.00976	0.01436	0.01665	0.00804	0.02182	0.01263	0.03331	0.01034	0.01206	0.00804	0.00689	0.00459	0.00230	0.00574	0.00402	0.00459	0.00804
142	0.03257	0.01247	0.01699	0.01308	0.01870	0.01078	0.01078	0.03546	0.02124	0.67629	0.05065	0.02625	0.02005	0.00938	0.00751	0.00230	0.00623	0.00766	0.00916	0.01245
143	0.01578	0.01465	0.02390	0.03350	0.45158	0.01450	0.04010	0.02000	0.03905	0.02322	0.04662	0.09618	0.09303	0.04421	0.00924	0.00258	0.00761	0.00956	0.00466	0.01004
144	0.01182	0.00789	0.01028	0.00951	0.01153	0.00721	0.00719	0.01523	0.02088	0.06975	0.62753	0.05419	0.08869	0.01494	0.00868	0.00234	0.00368	0.01314	0.00819	0.00732
145	0.01498	0.03778	0.67832	0.02150	0.03236	0.01729	0.04912	0.02352	0.01574	0.02352	0.01338	0.01582	0.00947	0.00703	0.00711	0.00236	0.01102	0.00560	0.00316	0.01094
146	0.01837	0.01764	0.03013	0.04557	0.69279	0.01764	0.02278	0.02278	0.01690	0.02425	0.01396	0.01837	0.01176	0.00661	0.00735	0.00220	0.00882	0.00661	0.00367	0.01176
147	0.01667	0.01588	0.02674	0.21728	0.48635	0.01666	0.02119	0.02107	0.01637	0.02264	0.01746	0.02194	0.05219	0.00756	0.00745	0.00229	0.00879	0.00716	0.00377	0.01052
148	0.00950	0.00676	0.00895	0.01026	0.01086	0.00643	0.00701	0.01103	0.01460	0.01964	0.09767	0.56456	0.04787	0.08131	0.03665	0.00362	0.00513	0.04537	0.00671	0.00605
149	0.00904	0.00646	0.00861	0.01034	0.01077	0.00603	0.00689	0.01034	0.01421	0.01895	0.04092	0.73426	0.04910	0.02326	0.00948	0.00301	0.00431	0.02110	0.00689	0.00603
150	0.01893	0.04805	0.02613	0.18626	0.34567	0.13193	0.01958	0.02385	0.05680	0.02196	0.01405	0.01809	0.01147	0.00743	0.00787	0.00225	0.03933	0.00631	0.00381	0.01022
151	0.01752	0.02003	0.04380	0.03129	0.03880	0.01877	0.66583	0.02378	0.01752	0.02378	0.01502	0.02003	0.01126	0.00626	0.00876	0.00250	0.01252	0.00876	0.00375	0.01001
152	0.01289	0.00645	0.00967	0.00967	0.00967	0.00645	0.00645	0.00967	0.00967	0.01289	0.01289	0.02257	0.01289	0.02579	0.02901	0.78401	0.00645	0.00645	0.00322	0.00322
153	0.01080	0.00720	0.00810	0.00810	0.00810	0.00720	0.00450	0.01080	0.01080	0.01439	0.02339	0.04858	0.02699	0.73910	0.03779	0.00720	0.00720	0.01080	0.00450	0.00450
154	0.00964	0.00755	0.00872	0.00843	0.01056	0.00663	0.00632	0.01232	0.01896	0.02489	0.38080	0.06348	0.38117	0.01700	0.00876	0.00242	0.00363	0.01455	0.00753	0.00663
155	0.01636	0.01578	0.02741	0.34914	0.36460	0.01719	0.06025	0.02112	0.01601	0.02184	0.01368	0.01911	0.01089	0.00696	0.00747	0.00234	0.00953	0.00674	0.00351	0.01007
156	0.01905	0.01624	0.01712	0.01523	0.01953	0.01874	0.01189	0.07738	0.64049	0.03200	0.02947	0.02710	0.02206	0.01000	0.00755	0.00250	0.00601	0.00829	0.00755	0.01180
157	0.01892	0.01615	0.01733	0.04037	0.02067	0.01868	0.01221	0.07829	0.61515	0.03161	0.02883	0.02679	0.02158	0.00990	0.00754	0.00250	0.00616	0.00822	0.00739	0.01168
158	0.02200	0.01476	0.02134	0.14797	0.11636	0.04330	0.06211	0.06916	0.01916	0.23605	0.06517	0.02397	0.01792	0.01233	0.06536	0.00307	0.00908	0.00746	0.00596	0.03747
159	0.01077	0.00731	0.00865	0.00865	0.00885	0.00750	0.00519	0.01115	0.01096	0.01481	0.02288	0.04576	0.02577	0.63993	0.13529	0.00788	0.00904	0.01038	0.00442	0.00481
160	0.03279	0.01346	0.01774	0.01360	0.01936	0.01214	0.01124	0.10036	0.02263	0.63180	0.02812	0.02451	0.01779	0.00916	0.00746	0.00229	0.00651	0.00739	0.00901	0.01263
161	0.01776	0.02088	0.15286	0.03673	0.45367	0.01691	0.07355	0.02292	0.01659	0.04872	0.01485	0.01891	0.01194	0.00970	0.04940	0.00284	0.01008	0.00669	0.00380	0.01120
162	0.02277	0.16815	0.08662	0.02012	0.04986	0.06298	0.14683	0.22998	0.02278	0.07259	0.01542	0.01704	0.01155	0.00745	0.00702	0.00211	0.00937	0.00631	0.00513	0.03591
163	0.00904	0.00646	0.00861	0.01034	0.01077	0.00603	0.00689	0.01034	0.01421	0.01895	0.04092	0.73426	0.04910	0.02326	0.00948	0.00301	0.00431	0.02110	0.00689	0.00603
164	0.01149	0.00825	0.01084	0.01145	0.01265	0.00850	0.00831	0.07406	0.01563	0.02114	0.03290	0.45452	0.03717	0.02914	0.16718	0.03349	0.00836	0.04203	0.00615	0.00673
165	0.01822	0.34104	0.28413	0.02049	0.10557	0.02239	0.04274	0.02333	0.01583	0.04526	0.01273	0.01486	0.01013	0.00674	0.00617	0.00200	0.00928	0.00515	0.00346	0.01046
166	0.69934	0.01570	0.05291	0.01066	0.01570	0.01635	0.00938	0.02278	0.01333	0.07245	0.01165	0.01307	0.00874	0.00704	0.00491	0.00230	0.00609	0.00431	0.00478	0.00849
167	0.00904	0.00646	0.00861	0.01034	0.01077	0.00603	0.00689	0.01034	0.01421	0.01895	0.04092	0.73426	0.04910	0.02326	0.00948	0.00301	0.00431	0.02110	0.00689	0.00603
168	0.02213	0.24548	0.13365	0.01841	0.06814	0.17132	0.01609	0.13864	0.02014	0.04458	0.01364	0.01552	0.01090	0.00961	0.03924	0.00244	0.01021	0.00534	0.00432	0.01021
169	0.02026	0.65645	0.03657	0.01311	0.01931	0.02834	0.01273	0.06188	0.05636	0.02004	0.01197	0.01321	0.01050	0.00673	0.00509	0.00168	0.00783	0.00440	0.00369	0.00985
170	0.01655	0.03971	0.01796	0.04452	0.08974	0.01254	0.01113	0.07896	0.01727	0.02566	0.01571	0.05985	0.01374	0.00724	0.00615	0.00154	0.00621	0.00603	0.03520	0.49427
171	0.04115	0.01670	0.05726	0.03601	0.01995	0.07636	0.05110	0.02743	0.30768	0.02591	0.05629	0.05795	0.14654	0.01188	0.00785	0.00249	0.00688	0.03467	0.00635	0.00954
172	0.00971	0.00718	0.00988	0.01233	0.05176	0.00680	0.00771	0.01112	0.01417	0.01900	0.03824	0.65007	0.04552	0.06505	0.01104	0.00322	0.00475	0.01961	0.00655	0.00628
173	0.01660	0.02207	0.19427	0.09547	0.28121	0.01764	0.08783	0.02340	0.07082	0.02353	0.01666	0.02017	0.03131	0.00784	0.00865	0.00240	0.05862	0.00695	0.00390	0.01065
174	0.08529	0.44929	0.22550	0.01514	0.02256	0.05283	0.01659	0.02287	0.01529	0.02059	0.01123	0.01306	0.00936	0.00665	0.00548	0.00188	0.00884	0.00444	0.00331	0.00977
175	0.01289	0.00645	0.00967	0.00967	0.00967	0.00645	0.00645	0.00967	0.00967	0.01289	0.01289	0.02257	0.01289	0.02579	0.02901	0.78401	0.00645	0.00645	0.00322	0.00322
176	0.01617	0.01429	0.02430	0.52054	0.17440	0.01647	0.04445	0.02093	0.01573	0.06115	0.01438	0.01985	0.01082	0.00733	0.00746	0.00241	0.00957	0.00673	0.00374	0.00927
177	0.01985	0.74357	0.03890	0.01270	0.01905	0.02937	0.01270	0.02223	0.01508	0.01747	0.01032	0.01191	0.00953	0.00635	0.00476	0.00159	0.00794	0.00397	0.00318	0.00953
178	0.00896	0.00753	0.00778	0.00771	0.01014	0.00635	0.00579	0.01101	0.01736	0.02109	0.14067	0.06974	0.62367	0.01841	0.00877	0.00249	0.00373	0.01543	0.00703	0.00635
179	0.00975	0.00833	0.00967	0.01095	0.06656	0.00727	0.00724	0.01198	0.01724	0.02134	0.13091	0.08904	0.54836	0.01759	0.00868	0.00248	0.00417	0.01489	0.00676	0.00679
180	0.02302	0.02419	0.02506	0.03103	0.34204	0.28058	0.01798	0.06436	0.01967	0.05123	0.01385	0.01661	0.01122	0.00721	0.00703	0.00205	0.01028	0.00586	0.00421	0.04251
181	0.00918	0.00689	0.00857	0.00984	0.01090	0.00627	0.00693	0.01078	0.01512	0.01947	0.04973	0.51510	0.21552	0.02190	0.00935	0.00291	0.00435	0.06414	0.00689	0.00615
182	0.01752	0.02003	0.04380	0.03129	0.03880	0.01877	0.66583	0.02378	0.01752	0.02378	0.01502	0.02003	0.01126	0.00626	0.00876	0.00250	0.01252	0.00876	0.00375	0.01001
183	0.01658	0.02003	0.13343	0.21567	0.32837	0.01744	0.11684	0.02205	0.01627	0.02269	0.01382	0.01857	0.01084	0.00684	0.00753	0.00234	0.00997	0.00675	0.00351	0.01047
184	0.01817	0.01852	0.02253	0.01931	0.02007	0.09471	0.01591	0.05833	0.01380	0.01964	0.01041	0.01604	0.00990	0.01219	0.02149	0.00305	0.60759	0.00633	0.00356	0.00844
185	0.01289	0.00645	0.00967	0.00967	0.00967	0.00645	0.00645	0.00967	0.00967	0.01289	0.01289	0.02257	0.01289	0.02579	0.02901	0.78401	0.00645	0.00645	0.00322	0.00322
186	0.00879	0.00746	0.00759	0.00769	0.01007	0.00625	0.00572	0.01064	0.01676	0.01999	0.07315	0.11107	0.65148	0.01907	0.00882	0.00254	0.00379	0.01599	0.00689	0.00625
187	0.75928	0.01431	0.01138	0.03928	0.01588	0.01665	0.00856	0.02170	0.01273	0.03271	0.01046	0.01238	0.00812	0.00691	0.00471	0.00230	0.00591	0.00413	0.00454	0.00805
188	0.01692	0.22002	0.43546	0.02042	0.05071	0.04407	0.06916	0.02338	0.01588	0.02180	0.01262	0.01502	0.00965	0.00682	0.00658	0.00214	0.01030	0.00534	0.00323	0.01047
189	0.01501	0.00726	0.00754	0.00730	0.00927	0.00716	0.00553	0.01844	0.01591	0.06812	0.02452	0.02753	0.01899	0.00868	0.00533	0.00176	0.00363	0.00695	0.73378	0.00726
190	0.02264	0.28196	0.04818	0.01586	0.02086	0.31300	0.01348	0.04989	0.09158	0.02063	0.01640	0.01739	0.04291	0.00801	0.00624	0.00192	0.00992	0.00549	0.00426	0.00939
191	0.79154	0.01436	0.01091	0.00976	0.01436	0.01665	0.00804	0.02182	0.01263	0.03331	0.01034	0.01206	0.00804	0.00689	0.00459	0.00230	0.00574	0.00402	0.00459	0.00804
192	0.01471	0.00993	0.01245	0.01150	0.01399	0.01034	0.00883	0.04955	0.11316	0.09263	0.15993	0.06588	0.10208	0.04986	0.21335	0.03756	0.00940	0.01036	0.00642	0.00807
193	0.04943	0.05183	0.02070	0.04908	0.02249	0.18988	0.01333	0.20747	0.06631	0.20337	0.01900	0.01891	0.01351	0.00864	0.00763	0.00221	0.03253	0.00632	0.00640	0.01096
194	0.01064	0.00722	0.00805	0.00805	0.00824	0.00713	0.00458	0.01078	0.01126	0.01482	0.02733	0.05032	0.07735	0.68438	0.03558	0.00684	0.00694	0.01117	0.00468	0.00463
195	0.01922	0.34999	0.11784	0.01967	0.08747	0.09861	0.08227	0.02426	0.06342	0.02056	0.01348	0.01585	0.01122	0.00895	0.03590	0.00238	0.00983	0.00548	0.00369	0.00991
196	0.01010	0.00681	0.00843	0.00924	0.00945	0.00660	0.00574	0.01051	0.01233	0.01644	0.03099	0.36918	0.03653	0.35972	0.02395	0.05211	0.00579	0.01538	0.00555	0.00514
197	0.01690	0.05174	0.05471	0.02824	0.26722	0.06588	0.13181	0.02091	0.01643	0.02237	0.01751	0.11305	0.01646	0.01078	0.03714	0.00260	0.00932	0.00840	0.00418	0.10436
198	0.01117	0.00875	0.01032	0.01055	0.01238	0.00872	0.00765	0.01692	0.14607	0.02399	0.19352	0.32596	0.15946	0.01806	0.00881	0.00267	0.00433	0.01592	0.00732	0.00741
199	0.01539	0.07071	0.05805	0.01464	0.06444	0.01346	0.03159	0.14299	0.02102	0.02798	0.16972	0.04333	0.22348	0.01292	0.00792	0.00232	0.00607	0.03325	0.03195	0.00875
200	0.25011	0.09823	0.02163	0.01507	0.02050	0.04750	0.07466	0.20909	0.02157	0.11574	0.04706	0.01818	0.01407	0.00805	0.00646	0.00220	0.00762	0.00613	0.00587	0.01025

[dist]
# distance from previous block
# <min> <max>
1	9

[block]
# block no. 1 follows, 27 sequences, length 16
# corresponding to MSA columns:
# 660-675
name=unknown_B
#
# <colnr> <probs for GDERKNQSTAVLIFYWHMCP>
#	G	D	E	R	K	N	Q	S	T	A	V	L	I	F	Y	W	H	M	C	P
0	0.04328	0.11165	0.06246	0.07923	0.23343	0.09266	0.01618	0.05528	0.03854	0.02366	0.06056	0.06115	0.07272	0.00941	0.00717	0.00221	0.00821	0.00790	0.00462	0.00969
1	0.01880	0.01632	0.01803	0.05311	0.07298	0.07215	0.01263	0.17716	0.14571	0.02822	0.02430	0.08659	0.05889	0.05064	0.04915	0.00314	0.04570	0.00878	0.00585	0.05187
2	0.00948	0.00716	0.00861	0.00903	0.01047	0.00645	0.00639	0.01151	0.01680	0.02211	0.23530	0.29093	0.25568	0.06237	0.01074	0.00291	0.00408	0.01659	0.00711	0.00629
3	0.02011	0.01799	0.01842	0.13526	0.02498	0.12458	0.01315	0.09696	0.21643	0.06401	0.05389	0.02234	0.01765	0.00859	0.00711	0.00213	0.00783	0.00690	0.00584	0.13582
4	0.00967	0.00724	0.00897	0.00920	0.01074	0.00654	0.00665	0.01214	0.01805	0.02429	0.35323	0.25721	0.21210	0.01840	0.00897	0.00257	0.00380	0.01620	0.00749	0.00654
5	0.01289	0.00645	0.00967	0.00967	0.00967	0.00645	0.00645	0.00967	0.00967	0.01289	0.01289	0.02257	0.01289	0.02579	0.02901	0.78401	0.00645	0.00645	0.00322	0.00322
6	0.01899	0.01576	0.01684	0.01479	0.01898	0.01792	0.01159	0.12281	0.52425	0.03307	0.09555	0.02917	0.02611	0.01043	0.00766	0.00246	0.00595	0.00867	0.00760	0.01139
7	0.02131	0.17292	0.09972	0.07531	0.07755	0.06025	0.04894	0.15881	0.04197	0.08041	0.01546	0.01754	0.01185	0.00863	0.00809	0.04886	0.00874	0.00600	0.00485	0.03280
8	0.01703	0.09363	0.02403	0.05272	0.20399	0.09277	0.05571	0.02110	0.04952	0.02080	0.01784	0.06631	0.01682	0.03837	0.09686	0.00372	0.07279	0.04264	0.00422	0.00913
9	0.01539	0.01319	0.01539	0.01100	0.01759	0.00990	0.00880	0.01869	0.01539	0.02419	0.01319	0.01539	0.01100	0.00550	0.00550	0.00110	0.00550	0.00440	0.00440	0.78449
10	0.01576	0.03351	0.56548	0.02272	0.09895	0.01646	0.02516	0.02343	0.01632	0.05136	0.05104	0.01852	0.01334	0.00754	0.00719	0.00233	0.01015	0.00612	0.00371	0.01090
11	0.01455	0.07514	0.05461	0.01403	0.01573	0.01517	0.01163	0.01647	0.01262	0.05215	0.01836	0.08307	0.01876	0.18646	0.14212	0.00541	0.24343	0.00868	0.00424	0.00737
12	0.00957	0.00723	0.00844	0.00895	0.01032	0.00657	0.00629	0.01124	0.01560	0.02002	0.12602	0.25004	0.29153	0.14322	0.01402	0.00348	0.00464	0.05018	0.00663	0.00601
13	0.01925	0.06886	0.21747	0.03012	0.30836	0.08777	0.02135	0.07891	0.05231	0.02528	0.01447	0.01716	0.01137	0.00720	0.00706	0.00220	0.00962	0.00605	0.00402	0.01116
14	0.05740	0.14087	0.08527	0.09342	0.09335	0.03575	0.01497	0.09209	0.01679	0.02317	0.01838	0.05530	0.04829	0.03797	0.08890	0.00355	0.07384	0.00731	0.00431	0.00906
15	0.02687	0.01191	0.01562	0.01210	0.01737	0.01012	0.00985	0.02991	0.01993	0.47875	0.09464	0.02684	0.02251	0.00915	0.00714	0.00207	0.00574	0.00753	0.04862	0.14333

[dist]
# distance from previous block
# <min> <max>
0	1

[block]
# block no. 2 follows, 27 sequences, length 14
# corresponding to MSA columns:
# 677-690
name=unknown_C
#
# <colnr> <probs for GDERKNQSTAVLIFYWHMCP>
#	G	D	E	R	K	N	Q	S	T	A	V	L	I	F	Y	W	H	M	C	P
0	0.04645	0.01765	0.09397	0.02512	0.24690	0.01541	0.01659	0.10615	0.05318	0.19025	0.02168	0.09645	0.01764	0.00953	0.00751	0.00235	0.00763	0.00826	0.00599	0.01126
1	0.01080	0.00720	0.00810	0.00810	0.00810	0.00720	0.00450	0.01080	0.01080	0.01439	0.02339	0.04858	0.02699	0.73910	0.03779	0.00720	0.00720	0.01080	0.00450	0.00450
2	0.01133	0.00766	0.00943	0.00928	0.01115	0.00688	0.00677	0.01372	0.01801	0.07063	0.30953	0.20334	0.22531	0.05049	0.01015	0.00275	0.00411	0.01514	0.00746	0.00688
3	0.02413	0.01103	0.01447	0.01177	0.01602	0.00988	0.00945	0.05515	0.02151	0.40940	0.24831	0.03761	0.07501	0.01172	0.00797	0.00232	0.00532	0.00988	0.00864	0.01040
4	0.01125	0.00770	0.00941	0.00921	0.01123	0.00685	0.00681	0.01377	0.01842	0.07105	0.32169	0.18673	0.26340	0.01746	0.00881	0.00252	0.00393	0.01519	0.00759	0.00697
5	0.02328	0.04730	0.06492	0.06811	0.11884	0.02036	0.01624	0.35121	0.02546	0.06522	0.01602	0.01775	0.01194	0.00841	0.00851	0.00224	0.06453	0.00638	0.00577	0.05751
6	0.02005	0.03963	0.02415	0.02104	0.12400	0.04006	0.10142	0.18297	0.06182	0.02977	0.01561	0.01766	0.01218	0.00700	0.00684	0.00187	0.00797	0.00613	0.00509	0.27474
7	0.09357	0.05953	0.09817	0.02405	0.17201	0.15046	0.06710	0.08542	0.04852	0.02564	0.01425	0.01698	0.01135	0.00776	0.00801	0.00223	0.05929	0.00602	0.03956	0.01008
8	0.02320	0.02158	0.02224	0.01844	0.02156	0.14797	0.01503	0.28425	0.02270	0.02967	0.01334	0.01636	0.01088	0.01036	0.01426	0.00259	0.30420	0.00626	0.00505	0.01004
9	0.01021	0.00770	0.01009	0.01063	0.01179	0.00765	0.00770	0.01208	0.01451	0.01968	0.08960	0.35728	0.10075	0.08122	0.12387	0.00461	0.03284	0.05392	0.00611	0.03776
10	0.00927	0.00670	0.00841	0.00967	0.01029	0.00623	0.00639	0.01044	0.01404	0.01842	0.04249	0.55480	0.12287	0.12692	0.01351	0.00356	0.00466	0.01895	0.00654	0.00584
11	0.20120	0.06627	0.01929	0.01507	0.01981	0.23563	0.01213	0.12418	0.02054	0.16852	0.01577	0.01626	0.01153	0.00811	0.00703	0.00216	0.03547	0.00547	0.00560	0.00996
12	0.04982	0.01929	0.02641	0.10505	0.24738	0.09061	0.10243	0.09179	0.04985	0.02729	0.05744	0.02249	0.01658	0.00880	0.00845	0.00252	0.03087	0.00750	0.02463	0.01081
13	0.01615	0.03925	0.09347	0.05356	0.08975	0.03586	0.03318	0.03806	0.04280	0.05443	0.06361	0.16694	0.08753	0.01642	0.05026	0.00326	0.00825	0.05576	0.00594	0.04552

[dist]
# distance from previous block
# <min> <max>
23	55

[block]
# block no. 3 follows, 27 sequences, length 7
# corresponding to MSA columns:
# 747-753
name=unknown_D
#
# <colnr> <probs for GDERKNQSTAVLIFYWHMCP>
#	G	D	E	R	K	N	Q	S	T	A	V	L	I	F	Y	W	H	M	C	P
0	0.01497	0.04797	0.01413	0.01240	0.01502	0.07209	0.00969	0.02260	0.19411	0.02535	0.18548	0.06879	0.03569	0.05680	0.04933	0.00326	0.00681	0.09400	0.06322	0.00830
1	0.01291	0.01095	0.01668	0.05434	0.13261	0.01272	0.01265	0.01557	0.01274	0.01833	0.01749	0.02701	0.01659	0.10761	0.39179	0.00811	0.11273	0.00774	0.00384	0.00758
2	0.00926	0.00676	0.00874	0.01011	0.01093	0.00625	0.00701	0.01087	0.01513	0.01997	0.08842	0.57900	0.12476	0.02206	0.00938	0.00293	0.00432	0.05096	0.00697	0.00616
3	0.52604	0.01308	0.01180	0.01020	0.01476	0.01405	0.00833	0.02339	0.01504	0.17296	0.02300	0.02277	0.10097	0.00896	0.00576	0.00232	0.00560	0.00630	0.00588	0.00878
4	0.01562	0.01261	0.01195	0.01080	0.01368	0.10165	0.00819	0.05996	0.01987	0.09150	0.22457	0.04988	0.27943	0.05545	0.00991	0.00261	0.00571	0.01192	0.00697	0.00774
5	0.05285	0.01294	0.01495	0.01114	0.01712	0.01048	0.00889	0.02050	0.04815	0.06373	0.06424	0.01933	0.01616	0.00670	0.00591	0.00138	0.00543	0.00541	0.00511	0.60958
6	0.14446	0.01809	0.01859	0.10857	0.02369	0.06445	0.01298	0.36088	0.02553	0.03681	0.01637	0.01806	0.01210	0.00828	0.00667	0.00219	0.00780	0.00616	0.09795	0.01038

[dist]
# distance from previous block
# <min> <max>
0	2

[block]
