[name]
unknown

[dist]
# distance from previous block
# <min> <max>
0	363

[block]
# block no. 0 follows, 31 sequences, length 26
# corresponding to MSA columns:
# 408-433
name=unknown_A
#
# <colnr> <probs for GDERKNQSTAVLIFYWHMCP>
#	G	D	E	R	K	N	Q	S	T	A	V	L	I	F	Y	W	H	M	C	P
0	0.03667	0.03756	0.16485	0.01769	0.09099	0.03948	0.06249	0.02129	0.07494	0.09346	0.07225	0.08849	0.02259	0.01041	0.00727	0.00229	0.00729	0.10701	0.00513	0.03785
1	0.01229	0.01443	0.14869	0.01175	0.01564	0.03678	0.03758	0.01581	0.01613	0.04758	0.26760	0.03827	0.11898	0.11355	0.01108	0.00269	0.00597	0.00955	0.00547	0.07015
2	0.02056	0.40075	0.02764	0.01469	0.04556	0.17617	0.01231	0.12719	0.04742	0.02131	0.01402	0.01507	0.03684	0.00707	0.00550	0.00171	0.00823	0.00489	0.00399	0.00909
3	0.01693	0.01626	0.02777	0.04199	0.71689	0.01626	0.02100	0.02100	0.01558	0.02235	0.01287	0.01693	0.01084	0.00610	0.00677	0.00203	0.00813	0.00610	0.00339	0.01084
4	0.01848	0.02818	0.49743	0.01735	0.02588	0.01470	0.02054	0.05099	0.04127	0.19472	0.01661	0.01709	0.01125	0.00715	0.00662	0.00216	0.00879	0.00564	0.00456	0.01057
5	0.01520	0.05410	0.60239	0.02027	0.07175	0.01634	0.02352	0.05681	0.01557	0.04350	0.01289	0.01486	0.00921	0.00660	0.00648	0.00213	0.00964	0.00519	0.00329	0.01024
6	0.00983	0.00633	0.00847	0.00970	0.01043	0.00586	0.00660	0.01112	0.01353	0.06457	0.03699	0.70614	0.04335	0.02057	0.00861	0.00273	0.00409	0.01861	0.00649	0.00596
7	0.01476	0.01384	0.02324	0.27770	0.41044	0.01482	0.01871	0.01891	0.01535	0.02125	0.08971	0.02114	0.01616	0.00722	0.00694	0.00213	0.00793	0.00678	0.00372	0.00925
8	0.01889	0.01836	0.06975	0.03510	0.53192	0.06224	0.01944	0.06628	0.01713	0.07472	0.01395	0.01691	0.01107	0.00650	0.00673	0.00203	0.00832	0.00598	0.00396	0.01072
9	0.01366	0.01291	0.02185	0.61440	0.17009	0.01539	0.01937	0.01813	0.01403	0.01837	0.01229	0.01800	0.00944	0.00670	0.00683	0.00223	0.00894	0.00608	0.00310	0.00819
10	0.00834	0.00595	0.00794	0.00953	0.00992	0.00556	0.00635	0.00953	0.01310	0.01746	0.03771	0.75510	0.04525	0.02143	0.00873	0.00278	0.00397	0.01945	0.00635	0.00556
11	0.01741	0.04671	0.01653	0.01390	0.01791	0.01760	0.01095	0.06035	0.64994	0.02863	0.02664	0.02456	0.02002	0.00910	0.00685	0.00227	0.00557	0.00750	0.00679	0.01077
12	0.01552	0.01212	0.01432	0.01030	0.01631	0.00920	0.00826	0.01853	0.01462	0.07879	0.01336	0.01492	0.01068	0.00534	0.00521	0.00110	0.00513	0.00428	0.00441	0.73759
13	0.00878	0.00647	0.00831	0.00948	0.01045	0.00600	0.00685	0.01049	0.01434	0.01877	0.08949	0.49162	0.15764	0.01986	0.00868	0.00271	0.00418	0.11370	0.00643	0.00576
14	0.01615	0.01845	0.04037	0.02884	0.03576	0.01730	0.69204	0.02191	0.01615	0.02191	0.01384	0.01845	0.01038	0.00577	0.00807	0.00231	0.01153	0.00807	0.00346	0.00923
15	0.01034	0.00696	0.01044	0.01044	0.01134	0.00786	0.00786	0.01134	0.01044	0.01482	0.01661	0.02526	0.01571	0.04398	0.54460	0.22127	0.01503	0.00696	0.00348	0.00527
16	0.01515	0.01552	0.02402	0.01968	0.02077	0.02038	0.12188	0.01733	0.01137	0.01733	0.00975	0.01552	0.00920	0.01099	0.02018	0.00289	0.63090	0.00632	0.00307	0.00776
17	0.00968	0.00699	0.00914	0.00861	0.01022	0.00646	0.00646	0.01291	0.01937	0.02743	0.71328	0.05110	0.06455	0.01399	0.00807	0.00215	0.00323	0.01237	0.00753	0.00646
18	0.01702	0.01470	0.01547	0.01392	0.01779	0.01702	0.01083	0.03635	0.70453	0.02862	0.02785	0.02553	0.02088	0.00928	0.00696	0.00232	0.00541	0.00773	0.00696	0.01083
19	0.01615	0.01845	0.04037	0.02884	0.03576	0.01730	0.69204	0.02191	0.01615	0.02191	0.01384	0.01845	0.01038	0.00577	0.00807	0.00231	0.01153	0.00807	0.00346	0.00923
20	0.01372	0.03539	0.72412	0.01950	0.02961	0.01589	0.02528	0.02167	0.01444	0.02167	0.01228	0.01444	0.00867	0.00650	0.00650	0.00217	0.01011	0.00506	0.00289	0.01011
21	0.02201	0.01435	0.02298	0.05697	0.42612	0.01386	0.01677	0.02555	0.01703	0.28776	0.01821	0.01939	0.01309	0.00702	0.00682	0.00207	0.00729	0.00639	0.00530	0.01102
22	0.75184	0.01312	0.01048	0.00923	0.01354	0.01497	0.00760	0.02106	0.01222	0.08052	0.01079	0.01199	0.00810	0.00650	0.00442	0.00212	0.00533	0.00393	0.00454	0.00771
23	0.01702	0.01470	0.01547	0.01392	0.01779	0.01702	0.01083	0.03635	0.70453	0.02862	0.02785	0.02553	0.02088	0.00928	0.00696	0.00232	0.00541	0.00773	0.00696	0.01083
24	0.01372	0.03539	0.72412	0.01950	0.02961	0.01589	0.02528	0.02167	0.01444	0.02167	0.01228	0.01444	0.00867	0.00650	0.00650	0.00217	0.01011	0.00506	0.00289	0.01011
25	0.01292	0.01216	0.02052	0.74312	0.04712	0.01520	0.01900	0.01748	0.01368	0.01748	0.01216	0.01824	0.00912	0.00684	0.00684	0.00228	0.00912	0.00608	0.00304	0.00760

[dist]
# distance from previous block
# <min> <max>
0	9

[block]
# block no. 1 follows, 31 sequences, length 56
# corresponding to MSA columns:
# 443-498
name=unknown_B
#
# <colnr> <probs for GDERKNQSTAVLIFYWHMCP>
#	G	D	E	R	K	N	Q	S	T	A	V	L	I	F	Y	W	H	M	C	P
0	0.01784	0.01205	0.01456	0.01058	0.01649	0.00933	0.00854	0.02080	0.01538	0.17722	0.01545	0.01620	0.01164	0.00582	0.00547	0.00126	0.00523	0.00468	0.00503	0.62643
1	0.00993	0.00671	0.00786	0.00786	0.00800	0.00685	0.00465	0.01021	0.01007	0.01356	0.02119	0.04273	0.02399	0.67889	0.11429	0.00713	0.00796	0.00965	0.00409	0.00437
2	0.01872	0.01554	0.01643	0.01427	0.01844	0.01781	0.01124	0.16062	0.57750	0.03136	0.02569	0.02381	0.01914	0.00908	0.00694	0.00227	0.00581	0.00744	0.00694	0.01098
3	0.80789	0.01323	0.01006	0.00900	0.01323	0.01535	0.00741	0.02011	0.01164	0.03070	0.00953	0.01111	0.00741	0.00635	0.00423	0.00212	0.00529	0.00370	0.00423	0.00741
4	0.01521	0.01047	0.01481	0.01969	0.26462	0.01048	0.01104	0.03742	0.01546	0.04730	0.01889	0.02208	0.01493	0.00732	0.00563	0.00178	0.00518	0.00629	0.46310	0.00830
5	0.00980	0.00723	0.01048	0.01048	0.01152	0.00827	0.00790	0.01188	0.01084	0.01550	0.01880	0.02951	0.01825	0.15549	0.62984	0.01035	0.01661	0.00772	0.00374	0.00582
6	0.02328	0.05985	0.01902	0.01655	0.01988	0.61221	0.01257	0.02514	0.01811	0.01661	0.01150	0.01410	0.00985	0.01254	0.09700	0.00291	0.01288	0.00474	0.00352	0.00774
7	0.01693	0.01626	0.02777	0.04199	0.71689	0.01626	0.02100	0.02100	0.01558	0.02235	0.01287	0.01693	0.01084	0.00610	0.00677	0.00203	0.00813	0.00610	0.00339	0.01084
8	0.01322	0.01038	0.01206	0.01107	0.01241	0.01211	0.00814	0.01942	0.20517	0.02020	0.03959	0.03148	0.02091	0.29051	0.01994	0.00395	0.14078	0.00818	0.11348	0.00699
9	0.01235	0.00972	0.01398	0.01533	0.10322	0.01085	0.01043	0.07333	0.03701	0.01940	0.01792	0.02539	0.01628	0.06980	0.52274	0.00859	0.01515	0.00719	0.00404	0.00727
10	0.01600	0.23984	0.48835	0.01687	0.02550	0.01871	0.02056	0.02201	0.01459	0.06086	0.01235	0.01398	0.00918	0.00643	0.00593	0.00196	0.00907	0.00477	0.00322	0.00982
11	0.04773	0.01678	0.11419	0.08425	0.25824	0.01421	0.01645	0.02557	0.08497	0.21557	0.01798	0.01902	0.01294	0.00716	0.00664	0.00209	0.00736	0.00618	0.00510	0.03755
12	0.80789	0.01323	0.01006	0.00900	0.01323	0.01535	0.00741	0.02011	0.01164	0.03070	0.00953	0.01111	0.00741	0.00635	0.00423	0.00212	0.00529	0.00370	0.00423	0.00741
13	0.01347	0.01105	0.01230	0.01156	0.01430	0.01203	0.00891	0.02478	0.37725	0.02563	0.18146	0.06440	0.09513	0.04887	0.00894	0.00258	0.00485	0.06713	0.00682	0.00853
14	0.00977	0.00733	0.01100	0.01100	0.01222	0.00855	0.00855	0.01222	0.01100	0.01588	0.01833	0.02688	0.01710	0.05131	0.73245	0.01100	0.01833	0.00733	0.00367	0.00611
15	0.01602	0.01330	0.01676	0.03505	0.01847	0.01429	0.07477	0.14992	0.26891	0.02954	0.21584	0.03202	0.06437	0.01038	0.00740	0.00222	0.00580	0.00904	0.00662	0.00927
16	0.01275	0.00638	0.00638	0.00638	0.00797	0.00638	0.00478	0.01594	0.01435	0.02551	0.02232	0.02551	0.01754	0.00797	0.00478	0.00159	0.00319	0.00638	0.79755	0.00638
17	0.00878	0.00693	0.00791	0.00773	0.00968	0.00606	0.00577	0.01114	0.01714	0.02231	0.34571	0.08042	0.41404	0.01601	0.00810	0.00226	0.00338	0.01370	0.00686	0.00606
18	0.01095	0.00723	0.00930	0.00863	0.01049	0.00662	0.00653	0.01406	0.01896	0.06729	0.60891	0.04924	0.09579	0.01360	0.00786	0.00214	0.00339	0.01192	0.04038	0.00672
19	0.01275	0.00638	0.00638	0.00638	0.00797	0.00638	0.00478	0.01594	0.01435	0.02551	0.02232	0.02551	0.01754	0.00797	0.00478	0.00159	0.00319	0.00638	0.79755	0.00638
20	0.09953	0.12054	0.17986	0.06338	0.08022	0.04083	0.03616	0.10545	0.01575	0.02315	0.01149	0.01449	0.00925	0.00774	0.00943	0.00221	0.16248	0.00528	0.00364	0.00911
21	0.01558	0.04445	0.09403	0.02598	0.03245	0.01713	0.54536	0.02096	0.01549	0.02120	0.01448	0.05363	0.01181	0.00692	0.00859	0.00233	0.04898	0.00812	0.00351	0.00902
22	0.01521	0.24846	0.36773	0.01644	0.04953	0.01831	0.01808	0.02111	0.04512	0.02029	0.01410	0.01572	0.03354	0.00665	0.00582	0.00185	0.00828	0.00502	0.00333	0.08541
23	0.00834	0.00595	0.00794	0.00953	0.00992	0.00556	0.00635	0.00953	0.01310	0.01746	0.03771	0.75510	0.04525	0.02143	0.00873	0.00278	0.00397	0.01945	0.00635	0.00556
24	0.00995	0.00663	0.00746	0.00746	0.00746	0.00663	0.00415	0.00995	0.00995	0.01327	0.02156	0.04477	0.02487	0.75957	0.03482	0.00663	0.00663	0.00995	0.00415	0.00415
25	0.02550	0.01822	0.01973	0.01532	0.02063	0.02004	0.01259	0.58621	0.09412	0.08941	0.01823	0.01776	0.01287	0.00833	0.00686	0.00208	0.00721	0.00636	0.00697	0.01156
26	0.02601	0.01916	0.02053	0.01574	0.02122	0.02122	0.01300	0.69408	0.03217	0.04312	0.01643	0.01643	0.01163	0.00821	0.00684	0.00205	0.00753	0.00616	0.00684	0.01163
27	0.01804	0.44099	0.16737	0.01781	0.11333	0.06421	0.01575	0.05605	0.01550	0.01945	0.01092	0.01281	0.00918	0.00620	0.00535	0.00172	0.00827	0.00443	0.00322	0.00941
28	0.01865	0.05820	0.01687	0.01370	0.01787	0.01712	0.01089	0.05831	0.57823	0.09153	0.02630	0.02415	0.01949	0.00897	0.00680	0.00224	0.00564	0.00736	0.00686	0.01081
29	0.01693	0.01626	0.02777	0.04199	0.71689	0.01626	0.02100	0.02100	0.01558	0.02235	0.01287	0.01693	0.01084	0.00610	0.00677	0.00203	0.00813	0.00610	0.00339	0.01084
30	0.00981	0.00717	0.01020	0.01020	0.01114	0.00812	0.00755	0.01170	0.01076	0.01529	0.01906	0.03093	0.01886	0.21161	0.57456	0.01001	0.01568	0.00792	0.00377	0.00566
31	0.01805	0.72598	0.07148	0.01211	0.01818	0.02649	0.01241	0.02055	0.01393	0.01638	0.00965	0.01115	0.00877	0.00589	0.00450	0.00150	0.00746	0.00373	0.00292	0.00885
32	0.02601	0.01916	0.02053	0.01574	0.02122	0.02122	0.01300	0.69408	0.03217	0.04312	0.01643	0.01643	0.01163	0.00821	0.00684	0.00205	0.00753	0.00616	0.00684	0.01163
33	0.72698	0.01365	0.01115	0.00979	0.01391	0.01594	0.00807	0.05920	0.01279	0.03078	0.00990	0.01160	0.00773	0.00671	0.00520	0.00215	0.03851	0.00395	0.00433	0.00766
34	0.01275	0.00638	0.00638	0.00638	0.00797	0.00638	0.00478	0.01594	0.01435	0.02551	0.02232	0.02551	0.01754	0.00797	0.00478	0.00159	0.00319	0.00638	0.79755	0.00638
35	0.80789	0.01323	0.01006	0.00900	0.01323	0.01535	0.00741	0.02011	0.01164	0.03070	0.00953	0.01111	0.00741	0.00635	0.00423	0.00212	0.00529	0.00370	0.00423	0.00741
36	0.01188	0.00594	0.00891	0.00891	0.00891	0.00594	0.00594	0.00891	0.00891	0.01188	0.01188	0.02080	0.01188	0.02377	0.02674	0.80095	0.00594	0.00594	0.00297	0.00297
37	0.01419	0.01216	0.01419	0.01013	0.01621	0.00912	0.00811	0.01723	0.01419	0.02229	0.01216	0.01419	0.01013	0.00507	0.00507	0.00101	0.00507	0.00405	0.00405	0.80139
38	0.03070	0.01164	0.01588	0.01217	0.01746	0.01006	0.01006	0.03334	0.01958	0.72163	0.02699	0.02329	0.01694	0.00847	0.00688	0.00212	0.00582	0.00688	0.00847	0.01164
39	0.00995	0.00663	0.00746	0.00746	0.00746	0.00663	0.00415	0.00995	0.00995	0.01327	0.02156	0.04477	0.02487	0.75957	0.03482	0.00663	0.00663	0.00995	0.00415	0.00415
40	0.02457	0.02935	0.01932	0.04791	0.02206	0.58864	0.01330	0.09448	0.06034	0.02012	0.01224	0.01377	0.00981	0.00729	0.00631	0.00185	0.01131	0.00485	0.00404	0.00846
41	0.01764	0.55334	0.16985	0.01496	0.05420	0.05417	0.01489	0.02103	0.01432	0.01752	0.01026	0.01200	0.00886	0.00604	0.00500	0.00164	0.00812	0.00408	0.00297	0.00911
42	0.00968	0.00699	0.00914	0.00861	0.01022	0.00646	0.00646	0.01291	0.01937	0.02743	0.71328	0.05110	0.06455	0.01399	0.00807	0.00215	0.00323	0.01237	0.00753	0.00646
43	0.00837	0.00604	0.00793	0.00936	0.00990	0.00560	0.00629	0.00966	0.01344	0.01786	0.06240	0.69540	0.08053	0.02097	0.00868	0.00273	0.00392	0.01895	0.00639	0.00560
44	0.01875	0.46885	0.15443	0.01490	0.02146	0.04930	0.07596	0.02230	0.01495	0.08475	0.01209	0.01349	0.00968	0.00625	0.00540	0.00174	0.00824	0.00464	0.00352	0.00929
45	0.01641	0.01772	0.03615	0.03324	0.26385	0.01695	0.46732	0.02161	0.01596	0.02206	0.01352	0.01794	0.01053	0.00588	0.00764	0.00221	0.01039	0.00741	0.00344	0.00977
46	0.73233	0.01534	0.07799	0.01000	0.01479	0.01540	0.00911	0.02026	0.01191	0.02984	0.00979	0.01143	0.00753	0.00636	0.00445	0.00212	0.00575	0.00383	0.00411	0.00767
47	0.01432	0.01339	0.02249	0.30117	0.37413	0.01448	0.01836	0.01820	0.01455	0.01989	0.01581	0.11262	0.01463	0.00835	0.00705	0.00222	0.00796	0.00781	0.00364	0.00894
48	0.00951	0.00699	0.00890	0.00842	0.01011	0.00638	0.00632	0.01257	0.01895	0.02644	0.64182	0.05274	0.13663	0.01436	0.00807	0.00217	0.00325	0.01260	0.00740	0.00638
49	0.01696	0.01575	0.02382	0.03298	0.49251	0.01650	0.01773	0.02593	0.23670	0.02436	0.01768	0.01969	0.01406	0.00712	0.00683	0.00212	0.00726	0.00662	0.00453	0.01083
50	0.00834	0.00595	0.00794	0.00953	0.00992	0.00556	0.00635	0.00953	0.01310	0.01746	0.03771	0.75510	0.04525	0.02143	0.00873	0.00278	0.00397	0.01945	0.00635	0.00556
51	0.01867	0.01655	0.01837	0.01569	0.01854	0.06047	0.01264	0.18772	0.25016	0.02708	0.01843	0.04951	0.01513	0.01026	0.01193	0.00246	0.24430	0.00709	0.00543	0.00956
52	0.01682	0.01543	0.02488	0.14332	0.42466	0.03392	0.06161	0.02081	0.01544	0.05654	0.01338	0.01707	0.01070	0.00620	0.00664	0.00195	0.00810	0.00595	0.00368	0.11289
53	0.01829	0.76368	0.03585	0.01171	0.01756	0.02707	0.01171	0.02049	0.01390	0.01610	0.00951	0.01097	0.00878	0.00585	0.00439	0.00146	0.00732	0.00366	0.00293	0.00878
54	0.01946	0.01332	0.01509	0.01310	0.01723	0.01429	0.01038	0.03294	0.46131	0.18461	0.04931	0.02756	0.02167	0.00946	0.00699	0.00224	0.00546	0.03708	0.00714	0.05133
55	0.02403	0.01818	0.01942	0.01534	0.02046	0.02029	0.01253	0.54976	0.17970	0.03994	0.01893	0.01842	0.01366	0.00845	0.00687	0.00211	0.00706	0.00651	0.00687	0.01146

[dist]
# distance from previous block
# <min> <max>
1	39

[block]
# block no. 2 follows, 31 sequences, length 47
# corresponding to MSA columns:
# 568-578,601-636
name=unknown_C
#
# <colnr> <probs for GDERKNQSTAVLIFYWHMCP>
#	G	D	E	R	K	N	Q	S	T	A	V	L	I	F	Y	W	H	M	C	P
0	0.49272	0.18807	0.11479	0.01135	0.01674	0.04145	0.01104	0.02065	0.01280	0.02566	0.00994	0.01158	0.00794	0.00628	0.00465	0.00196	0.00665	0.00390	0.00373	0.00811
1	0.01151	0.00935	0.01440	0.29338	0.02646	0.01048	0.01367	0.01502	0.01471	0.01905	0.02710	0.11639	0.02827	0.01449	0.00838	0.00278	0.00717	0.35562	0.00505	0.00673
2	0.00924	0.00703	0.00854	0.00831	0.01015	0.00632	0.00633	0.01197	0.01790	0.02406	0.45968	0.05757	0.27612	0.01539	0.00816	0.00227	0.00350	0.05418	0.00707	0.00622
3	0.01292	0.01216	0.02052	0.74312	0.04712	0.01520	0.01900	0.01748	0.01368	0.01748	0.01216	0.01824	0.00912	0.00684	0.00684	0.00228	0.00912	0.00608	0.00304	0.00760
4	0.01702	0.01470	0.01547	0.01392	0.01779	0.01702	0.01083	0.03635	0.70453	0.02862	0.02785	0.02553	0.02088	0.00928	0.00696	0.00232	0.00541	0.00773	0.00696	0.01083
5	0.01372	0.03539	0.72412	0.01950	0.02961	0.01589	0.02528	0.02167	0.01444	0.02167	0.01228	0.01444	0.00867	0.00650	0.00650	0.00217	0.01011	0.00506	0.00289	0.01011
6	0.00968	0.00699	0.00914	0.00861	0.01022	0.00646	0.00646	0.01291	0.01937	0.02743	0.71328	0.05110	0.06455	0.01399	0.00807	0.00215	0.00323	0.01237	0.00753	0.00646
7	0.01626	0.01417	0.01869	0.29584	0.02991	0.01649	0.03882	0.11178	0.30396	0.02559	0.02121	0.02264	0.03792	0.00834	0.00698	0.00227	0.00727	0.00713	0.00529	0.00946
8	0.01275	0.00638	0.00638	0.00638	0.00797	0.00638	0.00478	0.01594	0.01435	0.02551	0.02232	0.02551	0.01754	0.00797	0.00478	0.00159	0.00319	0.00638	0.79755	0.00638
9	0.02667	0.01716	0.01918	0.01481	0.02016	0.01837	0.01220	0.50503	0.06280	0.20276	0.01949	0.01850	0.01335	0.00833	0.00686	0.00208	0.00702	0.00641	0.00723	0.01160
10	0.01717	0.01690	0.02653	0.19538	0.38786	0.06485	0.09861	0.06938	0.01667	0.02232	0.01293	0.01706	0.01032	0.00644	0.00691	0.00210	0.00899	0.00622	0.00358	0.00978
11	0.01275	0.00638	0.00638	0.00638	0.00797	0.00638	0.00478	0.01594	0.01435	0.02551	0.02232	0.02551	0.01754	0.00797	0.00478	0.00159	0.00319	0.00638	0.79755	0.00638
12	0.39754	0.11166	0.01764	0.01268	0.01724	0.16794	0.03394	0.08700	0.01613	0.06636	0.01156	0.01282	0.00893	0.00671	0.00520	0.00196	0.00749	0.00442	0.00439	0.00840
13	0.03012	0.01257	0.01645	0.01261	0.01792	0.01142	0.01042	0.11442	0.02113	0.63837	0.02569	0.02244	0.01628	0.00844	0.00688	0.00211	0.00603	0.00679	0.00827	0.01164
14	0.01497	0.01497	0.02095	0.01796	0.01796	0.02095	0.01497	0.01646	0.01048	0.01646	0.00898	0.01497	0.00898	0.01197	0.02245	0.00299	0.74704	0.00599	0.00299	0.00748
15	0.00906	0.00647	0.00877	0.01035	0.01107	0.00618	0.00761	0.01077	0.01381	0.01827	0.03731	0.57296	0.04367	0.02075	0.00892	0.00288	0.00460	0.19446	0.00634	0.00576
16	0.80789	0.01323	0.01006	0.00900	0.01323	0.01535	0.00741	0.02011	0.01164	0.03070	0.00953	0.01111	0.00741	0.00635	0.00423	0.00212	0.00529	0.00370	0.00423	0.00741
17	0.01497	0.01497	0.02095	0.01796	0.01796	0.02095	0.01497	0.01646	0.01048	0.01646	0.00898	0.01497	0.00898	0.01197	0.02245	0.00299	0.74704	0.00599	0.00299	0.00748
18	0.00968	0.00699	0.00914	0.00861	0.01022	0.00646	0.00646	0.01291	0.01937	0.02743	0.71328	0.05110	0.06455	0.01399	0.00807	0.00215	0.00323	0.01237	0.00753	0.00646
19	0.00995	0.00663	0.00746	0.00746	0.00746	0.00663	0.00415	0.00995	0.00995	0.01327	0.02156	0.04477	0.02487	0.75957	0.03482	0.00663	0.00663	0.00995	0.00415	0.00415
20	0.10338	0.15412	0.18093	0.01615	0.02164	0.37634	0.01509	0.02414	0.01654	0.01921	0.01067	0.01246	0.00863	0.00665	0.00574	0.00184	0.01025	0.00435	0.00335	0.00851
21	0.01829	0.76368	0.03585	0.01171	0.01756	0.02707	0.01171	0.02049	0.01390	0.01610	0.00951	0.01097	0.00878	0.00585	0.00439	0.00146	0.00732	0.00366	0.00293	0.00878
22	0.80789	0.01323	0.01006	0.00900	0.01323	0.01535	0.00741	0.02011	0.01164	0.03070	0.00953	0.01111	0.00741	0.00635	0.00423	0.00212	0.00529	0.00370	0.00423	0.00741
23	0.01419	0.01216	0.01419	0.01013	0.01621	0.00912	0.00811	0.01723	0.01419	0.02229	0.01216	0.01419	0.01013	0.00507	0.00507	0.00101	0.00507	0.00405	0.00405	0.80139
24	0.01825	0.01321	0.02075	0.05518	0.36896	0.01266	0.01530	0.02156	0.01594	0.17212	0.01960	0.11149	0.01714	0.00883	0.00697	0.00210	0.00683	0.02764	0.00498	0.08049
25	0.01419	0.01216	0.01419	0.01013	0.01621	0.00912	0.00811	0.01723	0.01419	0.02229	0.01216	0.01419	0.01013	0.00507	0.00507	0.00101	0.00507	0.00405	0.00405	0.80139
26	0.01837	0.01456	0.01687	0.01678	0.09209	0.01621	0.01192	0.05716	0.52732	0.08984	0.02601	0.02553	0.01965	0.00910	0.00700	0.00229	0.00584	0.02597	0.00669	0.01080
27	0.07374	0.01311	0.02123	0.47311	0.21883	0.01521	0.01821	0.01838	0.01391	0.01969	0.01241	0.01772	0.00978	0.00848	0.03710	0.00257	0.00896	0.00596	0.00325	0.00837
28	0.01632	0.01542	0.02538	0.08286	0.58234	0.01581	0.01935	0.02166	0.07659	0.02239	0.01520	0.04878	0.01307	0.00707	0.00688	0.00210	0.00778	0.00680	0.00381	0.01041
29	0.01292	0.01216	0.02052	0.74312	0.04712	0.01520	0.01900	0.01748	0.01368	0.01748	0.01216	0.01824	0.00912	0.00684	0.00684	0.00228	0.00912	0.00608	0.00304	0.00760
30	0.00990	0.00684	0.00854	0.00854	0.00891	0.00722	0.00548	0.01064	0.01027	0.01406	0.02057	0.03933	0.02251	0.54436	0.24680	0.00796	0.01019	0.00915	0.00400	0.00474
31	0.01275	0.00638	0.00638	0.00638	0.00797	0.00638	0.00478	0.01594	0.01435	0.02551	0.02232	0.02551	0.01754	0.00797	0.00478	0.00159	0.00319	0.00638	0.79755	0.00638
32	0.00809	0.00693	0.00693	0.00693	0.00924	0.00578	0.00520	0.00982	0.01559	0.01848	0.06931	0.06584	0.71411	0.01733	0.00809	0.00231	0.00347	0.01444	0.00635	0.00578
33	0.02556	0.03261	0.01939	0.01763	0.02115	0.73210	0.01322	0.02732	0.01939	0.01674	0.01058	0.01234	0.00881	0.00705	0.00617	0.00176	0.01234	0.00441	0.00353	0.00793
34	0.02601	0.01916	0.02053	0.01574	0.02122	0.02122	0.01300	0.69408	0.03217	0.04312	0.01643	0.01643	0.01163	0.00821	0.00684	0.00205	0.00753	0.00616	0.00684	0.01163
35	0.03070	0.01164	0.01588	0.01217	0.01746	0.01006	0.01006	0.03334	0.01958	0.72163	0.02699	0.02329	0.01694	0.00847	0.00688	0.00212	0.00582	0.00688	0.00847	0.01164
36	0.02661	0.01819	0.01993	0.01528	0.02073	0.01978	0.01262	0.60901	0.03055	0.13047	0.01779	0.01731	0.01232	0.00825	0.00685	0.00206	0.00731	0.00625	0.00705	0.01164
37	0.00819	0.00653	0.00734	0.00799	0.00952	0.00569	0.00567	0.00970	0.01458	0.01807	0.05641	0.34707	0.44120	0.01900	0.00835	0.00250	0.00367	0.01648	0.00635	0.00569
38	0.01953	0.17274	0.17848	0.01582	0.02112	0.21298	0.01511	0.10305	0.01783	0.03969	0.04165	0.01683	0.03453	0.00792	0.00757	0.00198	0.07475	0.00546	0.00400	0.00896
39	0.00995	0.00663	0.00746	0.00746	0.00746	0.00663	0.00415	0.00995	0.00995	0.01327	0.02156	0.04477	0.02487	0.75957	0.03482	0.00663	0.00663	0.00995	0.00415	0.00415
40	0.01165	0.01147	0.04954	0.03874	0.01601	0.01187	0.03712	0.01502	0.04159	0.02049	0.16910	0.06232	0.17891	0.01496	0.03538	0.00282	0.19856	0.07219	0.00524	0.00702
41	0.01663	0.01636	0.08623	0.01331	0.01966	0.03531	0.05689	0.10192	0.01690	0.04725	0.01324	0.01501	0.01037	0.00581	0.00572	0.00140	0.00656	0.00478	0.00437	0.52228
42	0.04826	0.05581	0.01665	0.03363	0.04261	0.03600	0.01061	0.04725	0.01752	0.38222	0.04535	0.05175	0.01805	0.01090	0.03792	0.00248	0.04365	0.02707	0.03463	0.03766
43	0.24520	0.17456	0.12534	0.01756	0.11239	0.06835	0.04769	0.06468	0.01521	0.02410	0.01221	0.04217	0.01033	0.00696	0.00561	0.00198	0.00770	0.00525	0.00382	0.00888
44	0.04096	0.07331	0.20411	0.01997	0.13171	0.01530	0.08370	0.06048	0.06093	0.02399	0.07136	0.01870	0.01499	0.00696	0.00641	0.00191	0.00769	0.00605	0.00415	0.14733
45	0.04355	0.07009	0.24619	0.07602	0.04701	0.01525	0.04257	0.06828	0.07956	0.10217	0.01645	0.04629	0.01269	0.00746	0.00642	0.00202	0.00777	0.00614	0.00453	0.09953
46	0.09357	0.09375	0.04151	0.10994	0.23038	0.04526	0.01500	0.08973	0.07626	0.05391	0.04923	0.01823	0.01381	0.00718	0.00629	0.00201	0.00738	0.00594	0.00447	0.03615

[dist]
# distance from previous block
# <min> <max>
0	51

# created by:
# /home/cegg/simao/soft/augustus-3.2.1/scripts/msa2prfl.pl ./align_prep/EOG090W0DK9.fa
