[name]
unknown

[dist]
# distance from previous block
# <min> <max>
19	286

[block]
# block no. 0 follows, 35 sequences, length 9
# corresponding to MSA columns:
# 426-434
name=unknown_A
#
# <colnr> <probs for GDERKNQSTAVLIFYWHMCP>
#	G	D	E	R	K	N	Q	S	T	A	V	L	I	F	Y	W	H	M	C	P
0	0.01240	0.04538	0.17574	0.01162	0.01594	0.03331	0.01117	0.04640	0.19292	0.02189	0.11673	0.03421	0.23564	0.01057	0.00668	0.00204	0.00554	0.00870	0.00526	0.00788
1	0.00973	0.00841	0.01163	0.01517	0.19075	0.00780	0.00880	0.01191	0.01432	0.01862	0.10816	0.19088	0.35199	0.01394	0.00731	0.00215	0.00437	0.01221	0.00531	0.00655
2	0.02228	0.20975	0.02246	0.01387	0.01882	0.10766	0.01178	0.46045	0.02420	0.03083	0.01299	0.01352	0.00982	0.00694	0.00570	0.00174	0.00746	0.00494	0.00508	0.00972
3	0.01343	0.01322	0.01856	0.01605	0.01616	0.01835	0.01332	0.01490	0.00976	0.01522	0.00914	0.01491	0.00903	0.01452	0.08938	0.00347	0.69525	0.00567	0.00283	0.00682
4	0.01497	0.58754	0.02706	0.01014	0.01458	0.02033	0.00964	0.01724	0.01416	0.01755	0.18989	0.01947	0.02105	0.00731	0.00492	0.00152	0.00584	0.00541	0.00378	0.00760
5	0.01895	0.01292	0.01444	0.01250	0.01642	0.01417	0.00986	0.03301	0.54930	0.20512	0.02562	0.02315	0.01845	0.00842	0.00644	0.00210	0.00511	0.00697	0.00680	0.01023
6	0.01312	0.01313	0.02433	0.50180	0.11448	0.01468	0.19178	0.01758	0.01344	0.01771	0.01173	0.01683	0.00892	0.00602	0.00662	0.00210	0.00892	0.00610	0.00295	0.00774
7	0.01306	0.01225	0.02063	0.41559	0.31046	0.01370	0.01732	0.01684	0.01332	0.01796	0.01358	0.08185	0.01197	0.00725	0.00647	0.00206	0.00769	0.00672	0.00321	0.00805
8	0.00917	0.00639	0.00812	0.00812	0.00853	0.00680	0.00534	0.00999	0.00958	0.01319	0.01889	0.03545	0.02043	0.51065	0.29510	0.00763	0.01011	0.00834	0.00368	0.00451

[dist]
# distance from previous block
# <min> <max>
0	5

[block]
# block no. 1 follows, 35 sequences, length 40
# corresponding to MSA columns:
# 440-479
name=unknown_B
#
# <colnr> <probs for GDERKNQSTAVLIFYWHMCP>
#	G	D	E	R	K	N	Q	S	T	A	V	L	I	F	Y	W	H	M	C	P
0	0.01348	0.01123	0.01864	0.69362	0.04119	0.01366	0.01686	0.01754	0.01318	0.08214	0.01252	0.01734	0.00912	0.00648	0.00635	0.00210	0.00818	0.00571	0.00328	0.00739
1	0.00907	0.00616	0.00723	0.00731	0.00752	0.00613	0.00437	0.00953	0.01030	0.01391	0.08597	0.10129	0.02766	0.61548	0.05775	0.00565	0.00611	0.01005	0.00428	0.00422
2	0.51184	0.01302	0.03468	0.01098	0.01522	0.01359	0.05367	0.07710	0.01393	0.11304	0.01388	0.01815	0.01115	0.00729	0.00515	0.00206	0.00573	0.06708	0.00468	0.00775
3	0.00812	0.00604	0.00842	0.07724	0.01233	0.00597	0.00695	0.00950	0.01219	0.01620	0.03281	0.70423	0.03891	0.01865	0.00794	0.00253	0.00411	0.01691	0.00561	0.00532
4	0.01491	0.01152	0.01364	0.00998	0.01534	0.00929	0.00803	0.03554	0.03163	0.08669	0.01291	0.01425	0.01022	0.00532	0.00536	0.00114	0.02478	0.00418	0.00424	0.68104
5	0.02004	0.01626	0.04675	0.01369	0.01822	0.01718	0.01144	0.44092	0.21438	0.03424	0.08322	0.02033	0.01743	0.00830	0.00647	0.00198	0.00619	0.00658	0.00628	0.01009
6	0.03738	0.01752	0.12352	0.01989	0.19056	0.06551	0.05201	0.12257	0.01602	0.03808	0.01297	0.01691	0.01078	0.07615	0.00868	0.00215	0.02713	0.00545	0.00385	0.15288
7	0.01807	0.18272	0.19653	0.01867	0.08180	0.17939	0.12729	0.02199	0.01507	0.08367	0.01202	0.01382	0.00920	0.00604	0.00584	0.00180	0.00899	0.00496	0.00341	0.00872
8	0.01501	0.01404	0.04584	0.01602	0.01687	0.01784	0.01367	0.01678	0.01082	0.08161	0.01100	0.01694	0.01015	0.01088	0.01845	0.00268	0.63664	0.03404	0.00336	0.00734
9	0.00900	0.00648	0.00769	0.00749	0.00923	0.00577	0.00558	0.01128	0.01594	0.04267	0.37093	0.11675	0.30851	0.01439	0.00739	0.00208	0.00321	0.01242	0.03735	0.00581
10	0.00846	0.00626	0.00800	0.00920	0.00986	0.00612	0.00627	0.01109	0.07700	0.01713	0.03413	0.70484	0.03991	0.01885	0.00795	0.00254	0.00380	0.01705	0.00594	0.00560
11	0.82186	0.01227	0.00932	0.00834	0.01227	0.01423	0.00687	0.01865	0.01080	0.02846	0.00883	0.01031	0.00687	0.00589	0.00393	0.00196	0.00491	0.00344	0.00393	0.00687
12	0.00780	0.00557	0.00742	0.00879	0.00922	0.00520	0.00589	0.00900	0.01246	0.01670	0.07302	0.73342	0.04293	0.01950	0.00806	0.00254	0.00364	0.01768	0.00595	0.00520
13	0.01315	0.01128	0.01315	0.00940	0.01503	0.00846	0.00752	0.01597	0.01315	0.02067	0.01128	0.01315	0.00940	0.00470	0.00470	0.00094	0.00470	0.00376	0.00376	0.81583
14	0.00855	0.00696	0.00763	0.00737	0.00942	0.00630	0.00556	0.01176	0.06675	0.02038	0.26830	0.05414	0.47500	0.01457	0.00742	0.00210	0.00328	0.01235	0.00627	0.00589
15	0.82186	0.01227	0.00932	0.00834	0.01227	0.01423	0.00687	0.01865	0.01080	0.02846	0.00883	0.01031	0.00687	0.00589	0.00393	0.00196	0.00491	0.00344	0.00393	0.00687
16	0.01491	0.01694	0.03645	0.02619	0.03226	0.01623	0.67631	0.02005	0.01469	0.02005	0.01259	0.01694	0.00956	0.00566	0.00821	0.00217	0.05178	0.00738	0.00319	0.00847
17	0.01388	0.01388	0.01943	0.01666	0.01666	0.01943	0.01388	0.01527	0.00972	0.01527	0.00833	0.01388	0.00833	0.01110	0.02082	0.00278	0.76544	0.00555	0.00278	0.00694
18	0.00779	0.00644	0.00683	0.00673	0.00875	0.00548	0.00505	0.00966	0.01514	0.01875	0.19466	0.05839	0.60350	0.01546	0.00749	0.00211	0.00317	0.01302	0.00610	0.00548
19	0.01446	0.01479	0.01853	0.01597	0.01660	0.08598	0.02996	0.01655	0.03750	0.01565	0.01018	0.01602	0.00984	0.05434	0.04425	0.00307	0.58056	0.00577	0.00305	0.00692
20	0.00771	0.00559	0.00729	0.00864	0.00915	0.00517	0.00580	0.00885	0.01233	0.01627	0.03730	0.71626	0.09710	0.01957	0.00805	0.00254	0.00364	0.01766	0.00589	0.00517
21	0.01976	0.01555	0.01612	0.01311	0.01731	0.04215	0.01056	0.43069	0.18438	0.03301	0.05611	0.02334	0.09136	0.00894	0.00652	0.00198	0.00611	0.00706	0.00625	0.00970
22	0.02624	0.01050	0.01414	0.01104	0.01559	0.00924	0.00904	0.02928	0.04280	0.65128	0.09005	0.02403	0.01988	0.00835	0.00648	0.00197	0.00516	0.00687	0.00772	0.01033
23	0.01599	0.03419	0.02085	0.08232	0.32736	0.04163	0.03282	0.06557	0.23647	0.02318	0.04339	0.01918	0.01461	0.00703	0.00634	0.00197	0.00682	0.00628	0.00448	0.00952
24	0.00784	0.00644	0.00690	0.00679	0.00878	0.00550	0.00509	0.00977	0.01527	0.01906	0.21963	0.05788	0.57834	0.01535	0.00749	0.00211	0.00316	0.01294	0.00614	0.00550
25	0.13399	0.29792	0.04084	0.01328	0.01757	0.36686	0.01128	0.02197	0.01501	0.01726	0.00935	0.01087	0.00797	0.00603	0.00488	0.00159	0.00879	0.00376	0.00315	0.00762
26	0.32292	0.27633	0.09388	0.01159	0.01651	0.13307	0.01088	0.03810	0.01338	0.02133	0.00941	0.01088	0.00772	0.00589	0.00453	0.00171	0.00707	0.00371	0.00335	0.00773
27	0.01407	0.24706	0.49890	0.01650	0.02457	0.01779	0.05972	0.01979	0.01334	0.01862	0.01073	0.01268	0.00816	0.00582	0.00555	0.00183	0.00871	0.00448	0.00272	0.00897
28	0.00859	0.00640	0.00807	0.00859	0.00972	0.00589	0.00599	0.01066	0.03478	0.01848	0.16736	0.48899	0.09074	0.04294	0.00850	0.00244	0.00371	0.01492	0.00591	0.05731
29	0.00958	0.00673	0.00837	0.00792	0.00963	0.00620	0.00595	0.01265	0.03442	0.04515	0.54819	0.06891	0.15539	0.01316	0.00733	0.00202	0.00317	0.01148	0.03765	0.00611
30	0.00820	0.00699	0.00717	0.00694	0.00926	0.00605	0.00524	0.01079	0.05328	0.01808	0.08552	0.05686	0.64573	0.01515	0.00734	0.00210	0.00335	0.01265	0.00589	0.03342
31	0.01198	0.01128	0.01903	0.76180	0.04369	0.01409	0.01762	0.01621	0.01268	0.01621	0.01128	0.01691	0.00846	0.00634	0.00634	0.00211	0.00846	0.00564	0.00282	0.00705
32	0.02334	0.01434	0.01655	0.01256	0.01769	0.01427	0.01032	0.36681	0.02295	0.25481	0.01751	0.01681	0.01205	0.00712	0.00604	0.00173	0.00604	0.00554	0.00631	0.16720
33	0.00906	0.00680	0.01020	0.01020	0.01133	0.00793	0.00793	0.01133	0.01020	0.01473	0.01699	0.02492	0.01586	0.04758	0.75191	0.01020	0.01699	0.00680	0.00340	0.00566
34	0.01578	0.01363	0.01434	0.01291	0.01650	0.01578	0.01004	0.03371	0.72602	0.02654	0.02582	0.02367	0.01937	0.00861	0.00646	0.00215	0.00502	0.00717	0.00646	0.01004
35	0.01315	0.01128	0.01315	0.00940	0.01503	0.00846	0.00752	0.01597	0.01315	0.02067	0.01128	0.01315	0.00940	0.00470	0.00470	0.00094	0.00470	0.00376	0.00376	0.81583
36	0.00869	0.00647	0.00807	0.00767	0.00930	0.00586	0.00576	0.01141	0.01727	0.02380	0.60179	0.05009	0.19322	0.01358	0.00749	0.00202	0.00304	0.01185	0.00677	0.00586
37	0.02382	0.01762	0.01887	0.01454	0.01956	0.01953	0.01199	0.69204	0.05459	0.03950	0.01561	0.01553	0.01109	0.00765	0.00635	0.00191	0.00691	0.00576	0.00635	0.01076
38	0.02248	0.01653	0.01800	0.04876	0.01985	0.01835	0.01173	0.61729	0.04527	0.03739	0.01570	0.01611	0.01128	0.00757	0.00621	0.00189	0.00672	0.00576	0.06288	0.01025
39	0.01727	0.74589	0.03253	0.01111	0.01644	0.05895	0.01092	0.01929	0.01313	0.01495	0.00887	0.01024	0.00814	0.00548	0.00415	0.00137	0.00700	0.00342	0.00274	0.00810

[dist]
# distance from previous block
# <min> <max>
0	1

[block]
# block no. 2 follows, 35 sequences, length 71
# corresponding to MSA columns:
# 481-491,517-576
name=unknown_C
#
# <colnr> <probs for GDERKNQSTAVLIFYWHMCP>
#	G	D	E	R	K	N	Q	S	T	A	V	L	I	F	Y	W	H	M	C	P
0	0.01555	0.54716	0.23732	0.01287	0.01934	0.02166	0.01436	0.01914	0.01316	0.01666	0.02675	0.01198	0.00934	0.00578	0.00471	0.00156	0.00744	0.00396	0.00280	0.00845
1	0.01625	0.68130	0.07009	0.01094	0.01629	0.02308	0.01111	0.01864	0.01310	0.01593	0.03357	0.01216	0.01020	0.00579	0.00431	0.00142	0.00664	0.00384	0.03729	0.00804
2	0.01262	0.01156	0.01794	0.05678	0.26665	0.01272	0.02976	0.01584	0.03158	0.01979	0.16217	0.07051	0.05249	0.01173	0.04702	0.00258	0.15829	0.00803	0.00421	0.00771
3	0.80072	0.01241	0.00958	0.00851	0.01246	0.01438	0.00701	0.03714	0.01130	0.02877	0.00900	0.01044	0.00697	0.00593	0.00399	0.00196	0.00496	0.00350	0.00399	0.00697
4	0.00951	0.00724	0.01019	0.00996	0.01072	0.00847	0.00745	0.01116	0.00992	0.01419	0.01698	0.02796	0.01695	0.21889	0.51845	0.00860	0.07730	0.00727	0.00345	0.00534
5	0.00922	0.00663	0.00877	0.00865	0.01010	0.00624	0.00673	0.01212	0.01707	0.02383	0.58031	0.05182	0.05436	0.03581	0.00844	0.00229	0.00363	0.14141	0.00668	0.00590
6	0.01683	0.75794	0.05503	0.01108	0.01662	0.02478	0.01124	0.01903	0.01291	0.01508	0.00890	0.01027	0.00814	0.00545	0.00413	0.00138	0.00686	0.00343	0.00271	0.00818
7	0.00780	0.00555	0.00734	0.00874	0.00909	0.00520	0.00579	0.00885	0.01200	0.01600	0.03422	0.73656	0.04102	0.05750	0.00930	0.00275	0.00380	0.01760	0.00579	0.00509
8	0.00887	0.00648	0.00833	0.00786	0.00941	0.00594	0.00590	0.01176	0.01769	0.02482	0.68389	0.04841	0.11049	0.01320	0.00748	0.00201	0.00301	0.01162	0.00690	0.00594
9	0.00825	0.00646	0.00747	0.00722	0.00903	0.00568	0.00541	0.01056	0.01624	0.02136	0.40531	0.05410	0.39123	0.01449	0.00749	0.00207	0.00310	0.01241	0.00645	0.00568
10	0.01570	0.01507	0.02575	0.03894	0.73748	0.01507	0.01947	0.01947	0.01444	0.02073	0.01193	0.01570	0.01005	0.00565	0.00628	0.00188	0.00754	0.00565	0.00314	0.01005
11	0.00884	0.00648	0.00829	0.00784	0.00939	0.00593	0.00588	0.01171	0.01764	0.02468	0.67286	0.04864	0.12161	0.01325	0.00748	0.00201	0.00301	0.01165	0.00688	0.00593
12	0.00906	0.00680	0.01020	0.01020	0.01133	0.00793	0.00793	0.01133	0.01020	0.01473	0.01699	0.02492	0.01586	0.04758	0.75191	0.01020	0.01699	0.00680	0.00340	0.00566
13	0.01030	0.00784	0.01045	0.06306	0.07949	0.00835	0.00725	0.01122	0.01035	0.01400	0.01911	0.06049	0.02125	0.54335	0.02540	0.00499	0.05068	0.04362	0.00381	0.00498
14	0.01517	0.01453	0.02478	0.14307	0.63754	0.01493	0.01920	0.01900	0.01419	0.02007	0.01184	0.01588	0.00982	0.00575	0.00629	0.00192	0.00767	0.00565	0.00309	0.00962
15	0.06053	0.12792	0.02076	0.01633	0.03812	0.56408	0.04690	0.02377	0.01672	0.01644	0.00983	0.01161	0.00823	0.00628	0.00552	0.00164	0.01037	0.00417	0.00322	0.00757
16	0.01137	0.00880	0.01039	0.00948	0.01169	0.00906	0.00725	0.05261	0.19222	0.02621	0.50583	0.04033	0.06597	0.01171	0.00717	0.00203	0.00370	0.01018	0.00679	0.00720
17	0.01445	0.01483	0.01935	0.01664	0.01683	0.06218	0.01378	0.01585	0.01020	0.01528	0.00841	0.01374	0.00832	0.01084	0.01994	0.00271	0.72142	0.00547	0.00280	0.00696
18	0.01315	0.01128	0.01315	0.00940	0.01503	0.00846	0.00752	0.01597	0.01315	0.02067	0.01128	0.01315	0.00940	0.00470	0.00470	0.00094	0.00470	0.00376	0.00376	0.81583
19	0.01545	0.01482	0.02529	0.08790	0.69049	0.01501	0.01934	0.01925	0.01433	0.02042	0.01189	0.01578	0.00994	0.00570	0.00628	0.00190	0.00760	0.00565	0.00312	0.00985
20	0.00921	0.00620	0.00716	0.00716	0.00725	0.00628	0.00415	0.00938	0.00930	0.01248	0.01977	0.04028	0.02253	0.72287	0.08573	0.00645	0.00696	0.00905	0.00381	0.00398
21	0.01315	0.01128	0.01315	0.00940	0.01503	0.00846	0.00752	0.01597	0.01315	0.02067	0.01128	0.01315	0.00940	0.00470	0.00470	0.00094	0.00470	0.00376	0.00376	0.81583
22	0.04339	0.22067	0.31523	0.01480	0.02157	0.06452	0.04499	0.02226	0.01449	0.16183	0.01330	0.01412	0.00962	0.00623	0.00556	0.00181	0.00796	0.00473	0.00381	0.00909
23	0.82186	0.01227	0.00932	0.00834	0.01227	0.01423	0.00687	0.01865	0.01080	0.02846	0.00883	0.01031	0.00687	0.00589	0.00393	0.00196	0.00491	0.00344	0.00393	0.00687
24	0.82186	0.01227	0.00932	0.00834	0.01227	0.01423	0.00687	0.01865	0.01080	0.02846	0.00883	0.01031	0.00687	0.00589	0.00393	0.00196	0.00491	0.00344	0.00393	0.00687
25	0.01570	0.01507	0.02575	0.03894	0.73748	0.01507	0.01947	0.01947	0.01444	0.02073	0.01193	0.01570	0.01005	0.00565	0.00628	0.00188	0.00754	0.00565	0.00314	0.01005
26	0.00977	0.00698	0.00970	0.01116	0.01242	0.00691	0.00943	0.01236	0.01416	0.01848	0.03384	0.19953	0.03750	0.01795	0.00864	0.00286	0.00545	0.57129	0.00585	0.00572
27	0.02241	0.01692	0.01808	0.01425	0.01902	0.01888	0.01164	0.57647	0.17247	0.03723	0.01740	0.01696	0.01255	0.00782	0.00637	0.00195	0.00658	0.00601	0.00637	0.01064
28	0.01497	0.01711	0.03743	0.02674	0.03316	0.01604	0.71444	0.02032	0.01497	0.02032	0.01283	0.01711	0.00963	0.00535	0.00749	0.00214	0.01070	0.00749	0.00321	0.00856
29	0.01083	0.00935	0.01340	0.01239	0.01305	0.01204	0.00989	0.01266	0.00997	0.01480	0.01398	0.02174	0.01348	0.07169	0.44776	0.00728	0.28999	0.00647	0.00319	0.00604
30	0.00773	0.00552	0.00736	0.00883	0.00920	0.00515	0.00589	0.00883	0.01215	0.01619	0.03497	0.77291	0.04196	0.01987	0.00810	0.00258	0.00368	0.01803	0.00589	0.00515
31	0.01559	0.16380	0.47914	0.01648	0.02398	0.15869	0.01907	0.02091	0.01419	0.01830	0.01063	0.01245	0.00808	0.00602	0.00562	0.00182	0.00932	0.00434	0.00280	0.00877
32	0.03832	0.04854	0.10169	0.01775	0.05737	0.23785	0.09901	0.23553	0.02024	0.06470	0.01290	0.01421	0.00962	0.00664	0.00613	0.00185	0.00893	0.00523	0.00438	0.00912
33	0.00923	0.00659	0.00908	0.01054	0.01157	0.00644	0.00849	0.01142	0.01362	0.01787	0.03414	0.35197	0.03869	0.01846	0.00850	0.00278	0.00498	0.42421	0.00586	0.00557
34	0.01765	0.01793	0.07439	0.06636	0.44518	0.10118	0.01736	0.08717	0.03645	0.05651	0.01295	0.01556	0.01021	0.00619	0.00622	0.00189	0.00794	0.00548	0.00373	0.00964
35	0.00759	0.00622	0.00670	0.00703	0.00874	0.00533	0.00510	0.00912	0.01403	0.01716	0.07689	0.22464	0.55575	0.01685	0.00764	0.00224	0.00331	0.01440	0.00592	0.00533
36	0.74520	0.01295	0.00970	0.00879	0.01253	0.05325	0.00712	0.01860	0.01124	0.02726	0.00998	0.04223	0.00841	0.00651	0.00420	0.00197	0.00521	0.00408	0.00397	0.00682
37	0.01599	0.60238	0.18203	0.01253	0.01864	0.02277	0.01358	0.01912	0.01291	0.01602	0.00934	0.01096	0.00812	0.00571	0.00495	0.00153	0.02862	0.00372	0.00271	0.00837
38	0.01558	0.01386	0.01733	0.05522	0.19244	0.01553	0.01269	0.02942	0.51937	0.02463	0.02176	0.02141	0.01658	0.00778	0.00641	0.00209	0.00580	0.00673	0.00548	0.00990
39	0.00778	0.00644	0.00682	0.00673	0.00874	0.00548	0.00504	0.00966	0.01513	0.01873	0.19293	0.05843	0.60525	0.01547	0.00749	0.00211	0.00317	0.01302	0.00610	0.00548
40	0.06680	0.44798	0.06380	0.01173	0.01714	0.02039	0.01120	0.12769	0.01629	0.14452	0.01272	0.01308	0.00976	0.00624	0.00491	0.00161	0.00660	0.00433	0.00422	0.00899
41	0.00891	0.00632	0.00750	0.00729	0.00816	0.00599	0.00484	0.01033	0.01343	0.01825	0.31697	0.04628	0.12448	0.37270	0.01915	0.00397	0.00450	0.01065	0.00537	0.00490
42	0.01209	0.01113	0.01858	0.70188	0.06335	0.01372	0.01702	0.01624	0.01277	0.01672	0.01176	0.01721	0.00889	0.00637	0.00625	0.00208	0.00815	0.00565	0.04306	0.00708
43	0.82186	0.01227	0.00932	0.00834	0.01227	0.01423	0.00687	0.01865	0.01080	0.02846	0.00883	0.01031	0.00687	0.00589	0.00393	0.00196	0.00491	0.00344	0.00393	0.00687
44	0.01315	0.01128	0.01315	0.00940	0.01503	0.00846	0.00752	0.01597	0.01315	0.02067	0.01128	0.01315	0.00940	0.00470	0.00470	0.00094	0.00470	0.00376	0.00376	0.81583
45	0.02302	0.01702	0.01830	0.01425	0.01904	0.01882	0.01168	0.65784	0.05274	0.03834	0.01657	0.05317	0.01263	0.00826	0.00644	0.00195	0.00675	0.00637	0.00633	0.01048
46	0.82186	0.01227	0.00932	0.00834	0.01227	0.01423	0.00687	0.01865	0.01080	0.02846	0.00883	0.01031	0.00687	0.00589	0.00393	0.00196	0.00491	0.00344	0.00393	0.00687
47	0.01233	0.01164	0.01967	0.69315	0.10959	0.01419	0.01779	0.01652	0.01285	0.01664	0.01134	0.01680	0.00861	0.00628	0.00634	0.00209	0.00837	0.00564	0.00285	0.00733
48	0.00773	0.00552	0.00736	0.00883	0.00920	0.00515	0.00589	0.00883	0.01215	0.01619	0.03497	0.77291	0.04196	0.01987	0.00810	0.00258	0.00368	0.01803	0.00589	0.00515
49	0.01333	0.01389	0.02658	0.02182	0.09652	0.03060	0.40340	0.01762	0.01567	0.02128	0.18861	0.02775	0.05685	0.00809	0.00736	0.00209	0.00805	0.02834	0.00431	0.00783
50	0.00906	0.00680	0.01020	0.01020	0.01133	0.00793	0.00793	0.01133	0.01020	0.01473	0.01699	0.02492	0.01586	0.04758	0.75191	0.01020	0.01699	0.00680	0.00340	0.00566
51	0.01348	0.01145	0.01622	0.01750	0.14463	0.06897	0.09767	0.01628	0.03041	0.08018	0.02573	0.32917	0.04592	0.01288	0.00735	0.00227	0.00619	0.06137	0.00503	0.00728
52	0.82186	0.01227	0.00932	0.00834	0.01227	0.01423	0.00687	0.01865	0.01080	0.02846	0.00883	0.01031	0.00687	0.00589	0.00393	0.00196	0.00491	0.00344	0.00393	0.00687
53	0.03872	0.02138	0.02117	0.09092	0.14658	0.35237	0.09843	0.02139	0.01546	0.01775	0.01090	0.01392	0.00894	0.00651	0.00707	0.00185	0.06441	0.00505	0.02646	0.03070
54	0.82186	0.01227	0.00932	0.00834	0.01227	0.01423	0.00687	0.01865	0.01080	0.02846	0.00883	0.01031	0.00687	0.00589	0.00393	0.00196	0.00491	0.00344	0.00393	0.00687
55	0.01629	0.01771	0.09193	0.06054	0.19944	0.12408	0.05521	0.04310	0.17375	0.04565	0.06955	0.04288	0.01643	0.00761	0.00644	0.00198	0.00743	0.00661	0.00446	0.00892
56	0.00914	0.00615	0.00695	0.00698	0.00707	0.00610	0.00397	0.00928	0.00962	0.01281	0.03802	0.05965	0.04126	0.72306	0.03054	0.00587	0.00595	0.00959	0.00401	0.00396
57	0.02163	0.01408	0.01659	0.01325	0.01746	0.01480	0.03262	0.42664	0.02375	0.17384	0.02078	0.15788	0.01754	0.00988	0.00672	0.00205	0.00617	0.00820	0.00646	0.00967
58	0.00770	0.00648	0.00671	0.00678	0.00886	0.00549	0.00517	0.00943	0.01458	0.01751	0.08370	0.06123	0.67271	0.01605	0.00757	0.00218	0.00336	0.05314	0.00592	0.00540
59	0.01509	0.01445	0.02465	0.15678	0.62438	0.01491	0.01917	0.01894	0.01416	0.01999	0.01183	0.01590	0.00979	0.00576	0.00629	0.00192	0.00769	0.00565	0.00309	0.00956
60	0.01401	0.01253	0.01867	0.02568	0.41057	0.04230	0.01392	0.01705	0.01477	0.04491	0.10127	0.11506	0.05598	0.00915	0.00666	0.00196	0.00621	0.02937	0.00434	0.05559
61	0.00867	0.03912	0.00962	0.01077	0.05215	0.00665	0.00703	0.01002	0.01239	0.01649	0.03247	0.67440	0.03849	0.01836	0.00784	0.00249	0.00411	0.03777	0.00559	0.00559
62	0.01197	0.01119	0.01836	0.66321	0.06214	0.01342	0.01654	0.01599	0.01284	0.01665	0.01355	0.01853	0.03947	0.00664	0.00629	0.00204	0.00799	0.00586	0.00301	0.05429
63	0.01599	0.01545	0.02490	0.07969	0.65215	0.04031	0.01891	0.03918	0.01490	0.02083	0.01191	0.01561	0.00991	0.00578	0.00627	0.00189	0.00771	0.00560	0.00322	0.00980
64	0.05739	0.51022	0.12018	0.01177	0.01735	0.02069	0.01197	0.04892	0.01401	0.08465	0.01203	0.04431	0.01031	0.00646	0.00480	0.00160	0.00677	0.00456	0.00353	0.00847
65	0.01405	0.01125	0.01325	0.00951	0.01510	0.00851	0.00762	0.01685	0.01345	0.06278	0.01208	0.01365	0.00976	0.00488	0.00480	0.00100	0.00474	0.00391	0.00400	0.76883
66	0.01548	0.01120	0.01339	0.00968	0.01521	0.00859	0.00779	0.01825	0.01392	0.13044	0.01337	0.01444	0.01036	0.00518	0.00495	0.00110	0.00480	0.00416	0.00438	0.69330
67	0.01387	0.01349	0.06107	0.01848	0.14141	0.03490	0.13470	0.01994	0.13116	0.05700	0.20839	0.02752	0.04600	0.01093	0.05041	0.00250	0.00703	0.00799	0.00501	0.00823
68	0.01228	0.03635	0.14314	0.01486	0.11034	0.01167	0.01188	0.01783	0.12682	0.04370	0.05059	0.03423	0.28456	0.01072	0.00773	0.00210	0.05983	0.00871	0.00482	0.00782
69	0.00995	0.00696	0.00937	0.00891	0.01044	0.00699	0.00681	0.01249	0.01515	0.05687	0.40586	0.07109	0.09633	0.02230	0.20369	0.00421	0.03043	0.01023	0.00582	0.00609
70	0.01656	0.04021	0.06828	0.06163	0.13991	0.18518	0.01319	0.06037	0.15345	0.02092	0.07176	0.02058	0.03830	0.03183	0.00785	0.00208	0.04896	0.00626	0.00431	0.00836

[dist]
# distance from previous block
# <min> <max>
0	3

[block]
# block no. 3 follows, 35 sequences, length 24
# corresponding to MSA columns:
# 580-585,595-612
name=unknown_D
#
# <colnr> <probs for GDERKNQSTAVLIFYWHMCP>
#	G	D	E	R	K	N	Q	S	T	A	V	L	I	F	Y	W	H	M	C	P
0	0.00950	0.00654	0.00834	0.00817	0.00972	0.00595	0.00608	0.01194	0.01639	0.05572	0.46683	0.17187	0.15013	0.01448	0.00758	0.00214	0.00334	0.03268	0.00665	0.00597
1	0.09737	0.01882	0.01459	0.01271	0.01607	0.31985	0.00984	0.09877	0.01862	0.12672	0.18062	0.02156	0.02142	0.00828	0.00612	0.00183	0.00749	0.00625	0.00520	0.00787
2	0.00975	0.00697	0.00968	0.01114	0.01240	0.00690	0.00940	0.01233	0.01414	0.01846	0.03385	0.20420	0.03754	0.01797	0.00864	0.00286	0.00543	0.56679	0.00585	0.00571
3	0.00753	0.00630	0.00656	0.00677	0.00866	0.00533	0.00497	0.00907	0.01413	0.01700	0.06009	0.16255	0.63611	0.01661	0.00758	0.00220	0.00328	0.01405	0.00589	0.00533
4	0.02800	0.01153	0.01518	0.01164	0.01656	0.01042	0.00961	0.10338	0.01939	0.66767	0.02399	0.02092	0.01518	0.00783	0.00638	0.00196	0.00557	0.00631	0.00769	0.01080
5	0.82186	0.01227	0.00932	0.00834	0.01227	0.01423	0.00687	0.01865	0.01080	0.02846	0.00883	0.01031	0.00687	0.00589	0.00393	0.00196	0.00491	0.00344	0.00393	0.00687
6	0.82186	0.01227	0.00932	0.00834	0.01227	0.01423	0.00687	0.01865	0.01080	0.02846	0.00883	0.01031	0.00687	0.00589	0.00393	0.00196	0.00491	0.00344	0.00393	0.00687
7	0.01609	0.01352	0.01438	0.01273	0.01631	0.01546	0.00995	0.09604	0.61178	0.02772	0.07398	0.02453	0.02137	0.00882	0.00652	0.00212	0.00506	0.00733	0.00648	0.00983
8	0.82186	0.01227	0.00932	0.00834	0.01227	0.01423	0.00687	0.01865	0.01080	0.02846	0.00883	0.01031	0.00687	0.00589	0.00393	0.00196	0.00491	0.00344	0.00393	0.00687
9	0.00757	0.00643	0.00652	0.00650	0.00861	0.00538	0.00487	0.00923	0.01462	0.01752	0.09476	0.06043	0.70417	0.01593	0.00750	0.00214	0.00320	0.01330	0.00594	0.00538
10	0.01676	0.01341	0.01437	0.01278	0.01647	0.01528	0.00999	0.03349	0.67119	0.08194	0.02576	0.02351	0.01908	0.00855	0.00645	0.00214	0.00505	0.00711	0.00656	0.01010
11	0.01315	0.01128	0.01315	0.00940	0.01503	0.00846	0.00752	0.01597	0.01315	0.02067	0.01128	0.01315	0.00940	0.00470	0.00470	0.00094	0.00470	0.00376	0.00376	0.81583
12	0.01003	0.00724	0.00996	0.01132	0.01283	0.00717	0.00985	0.01286	0.01459	0.01886	0.03572	0.07083	0.08497	0.01742	0.00867	0.00287	0.00566	0.64750	0.00584	0.00581
13	0.00773	0.00552	0.00736	0.00883	0.00920	0.00515	0.00589	0.00883	0.01215	0.01619	0.03497	0.77291	0.04196	0.01987	0.00810	0.00258	0.00368	0.01803	0.00589	0.00515
14	0.01497	0.01711	0.03743	0.02674	0.03316	0.01604	0.71444	0.02032	0.01497	0.02032	0.01283	0.01711	0.00963	0.00535	0.00749	0.00214	0.01070	0.00749	0.00321	0.00856
15	0.00771	0.00558	0.00730	0.00868	0.00916	0.00517	0.00582	0.00885	0.01229	0.01625	0.03679	0.72859	0.08510	0.01964	0.00806	0.00255	0.00365	0.01775	0.00589	0.00517
16	0.00901	0.00666	0.00749	0.00716	0.00924	0.00575	0.00541	0.01110	0.01574	0.05613	0.27242	0.05478	0.48704	0.01468	0.00744	0.00209	0.00325	0.01244	0.00633	0.00583
17	0.01303	0.01286	0.01926	0.65544	0.07135	0.06652	0.01721	0.01697	0.01305	0.01633	0.01111	0.01638	0.00850	0.00647	0.00673	0.00209	0.03112	0.00553	0.00286	0.00720
18	0.01696	0.08157	0.19541	0.01596	0.02007	0.01674	0.04972	0.04424	0.01338	0.15178	0.01265	0.01509	0.00975	0.00840	0.01203	0.00226	0.31616	0.00542	0.00383	0.00855
19	0.00804	0.00648	0.00718	0.00710	0.00902	0.00562	0.00538	0.01011	0.01549	0.01965	0.25945	0.05747	0.50837	0.01522	0.00754	0.00213	0.00326	0.04071	0.00621	0.00556
20	0.01074	0.00736	0.00860	0.00873	0.01039	0.00730	0.00644	0.01519	0.12454	0.04992	0.11565	0.29068	0.12726	0.01405	0.00700	0.00218	0.00376	0.03588	0.14790	0.00642
21	0.01590	0.01532	0.02418	0.09639	0.54211	0.04704	0.04962	0.04421	0.04535	0.02108	0.01274	0.01619	0.01038	0.00597	0.00628	0.00191	0.00769	0.00574	0.02234	0.00954
22	0.05135	0.49050	0.02791	0.08448	0.08821	0.04828	0.01239	0.01924	0.03794	0.01665	0.00995	0.01214	0.00871	0.00613	0.00588	0.00165	0.06337	0.00414	0.00297	0.00812
23	0.03770	0.01467	0.03401	0.01242	0.03280	0.05611	0.00996	0.20690	0.06067	0.10952	0.04550	0.01666	0.01309	0.00662	0.00567	0.00155	0.00592	0.00519	0.00515	0.31988

[dist]
# distance from previous block
# <min> <max>
0	2

[block]
# block no. 4 follows, 35 sequences, length 44
# corresponding to MSA columns:
# 615-658
name=unknown_E
#
# <colnr> <probs for GDERKNQSTAVLIFYWHMCP>
#	G	D	E	R	K	N	Q	S	T	A	V	L	I	F	Y	W	H	M	C	P
0	0.01696	0.78087	0.03324	0.01085	0.01628	0.02510	0.01085	0.01900	0.01289	0.01493	0.00882	0.01018	0.00814	0.00543	0.00407	0.00136	0.00678	0.00339	0.00271	0.00814
1	0.04769	0.01925	0.09448	0.04553	0.22508	0.14994	0.01514	0.10713	0.06168	0.05637	0.01291	0.01500	0.01010	0.00690	0.00741	0.00194	0.07938	0.00525	0.00395	0.03488
2	0.01578	0.01363	0.01434	0.01291	0.01650	0.01578	0.01004	0.03371	0.72602	0.02654	0.02582	0.02367	0.01937	0.00861	0.00646	0.00215	0.00502	0.00717	0.00646	0.01004
3	0.01448	0.04997	0.27940	0.02675	0.23850	0.01563	0.24336	0.01994	0.01419	0.02016	0.01192	0.01515	0.00914	0.00568	0.00650	0.00199	0.00916	0.00582	0.00299	0.00927
4	0.00942	0.00660	0.00853	0.00926	0.01040	0.00636	0.00686	0.01216	0.05134	0.03766	0.16306	0.41615	0.06966	0.01685	0.00785	0.00244	0.00399	0.12916	0.02638	0.00585
5	0.02358	0.01389	0.01726	0.07833	0.06527	0.01441	0.01166	0.30788	0.04404	0.30415	0.01893	0.01836	0.01286	0.00750	0.00630	0.00194	0.00635	0.00601	0.03105	0.01025
6	0.00773	0.00552	0.00736	0.00883	0.00920	0.00515	0.00589	0.00883	0.01215	0.01619	0.03497	0.77291	0.04196	0.01987	0.00810	0.00258	0.00368	0.01803	0.00589	0.00515
7	0.00770	0.00564	0.00724	0.00852	0.00912	0.00518	0.00575	0.00887	0.01244	0.01632	0.03872	0.68173	0.13072	0.01939	0.00802	0.00252	0.00362	0.01744	0.00589	0.00518
8	0.00919	0.00629	0.00761	0.00761	0.00785	0.00653	0.00471	0.00967	0.00943	0.01281	0.01935	0.03800	0.02154	0.62256	0.18470	0.00701	0.00845	0.00871	0.00375	0.00423
9	0.02846	0.01080	0.01472	0.01129	0.01619	0.00932	0.00932	0.03092	0.01816	0.74187	0.02503	0.02159	0.01570	0.00785	0.00638	0.00196	0.00540	0.00638	0.00785	0.01080
10	0.02370	0.03023	0.01798	0.01634	0.01961	0.75158	0.01226	0.02533	0.01798	0.01553	0.00981	0.01144	0.00817	0.00654	0.00572	0.00163	0.01144	0.00409	0.00327	0.00735
11	0.01483	0.01683	0.03656	0.06170	0.03366	0.01595	0.68130	0.02013	0.01486	0.02013	0.01276	0.01710	0.00957	0.00539	0.00743	0.00214	0.01059	0.00740	0.00319	0.00848
12	0.01809	0.01478	0.01565	0.01338	0.01738	0.01686	0.01060	0.22309	0.53287	0.03027	0.02288	0.02133	0.01699	0.00833	0.00642	0.00208	0.00556	0.00677	0.00642	0.01025
13	0.01272	0.03281	0.74418	0.01808	0.02746	0.01473	0.02344	0.02009	0.01339	0.02009	0.01138	0.01339	0.00804	0.00603	0.00603	0.00201	0.00938	0.00469	0.00268	0.00938
14	0.04172	0.20814	0.08246	0.04628	0.34767	0.06813	0.03786	0.06043	0.01497	0.02010	0.01108	0.01374	0.00918	0.00582	0.00564	0.00176	0.00777	0.00490	0.00321	0.00915
15	0.01696	0.78087	0.03324	0.01085	0.01628	0.02510	0.01085	0.01900	0.01289	0.01493	0.00882	0.01018	0.00814	0.00543	0.00407	0.00136	0.00678	0.00339	0.00271	0.00814
16	0.00750	0.00643	0.00643	0.00643	0.00857	0.00536	0.00482	0.00910	0.01446	0.01714	0.06427	0.06105	0.73490	0.01607	0.00750	0.00214	0.00321	0.01339	0.00589	0.00536
17	0.00773	0.00552	0.00736	0.00883	0.00920	0.00515	0.00589	0.00883	0.01215	0.01619	0.03497	0.77291	0.04196	0.01987	0.00810	0.00258	0.00368	0.01803	0.00589	0.00515
18	0.00800	0.00572	0.00762	0.00881	0.00938	0.00535	0.00606	0.00944	0.01307	0.01763	0.13573	0.64329	0.04434	0.01880	0.00803	0.00250	0.00366	0.04122	0.00604	0.00530
19	0.01236	0.01166	0.01970	0.68897	0.11359	0.01419	0.01780	0.01654	0.01286	0.01666	0.01134	0.01679	0.00862	0.00627	0.00634	0.00209	0.00836	0.00564	0.00285	0.00735
20	0.01757	0.27108	0.16758	0.01654	0.10605	0.14880	0.01419	0.02092	0.01448	0.06801	0.01127	0.01282	0.00901	0.00586	0.00525	0.00160	0.00791	0.00429	0.00333	0.09346
21	0.01300	0.06212	0.68201	0.01820	0.02728	0.01521	0.05580	0.02006	0.01345	0.01989	0.01135	0.01344	0.00812	0.00597	0.00602	0.00199	0.00933	0.00477	0.00271	0.00929
22	0.00771	0.00558	0.00730	0.00867	0.00916	0.00517	0.00581	0.00885	0.01231	0.01626	0.03700	0.72351	0.09005	0.01961	0.00806	0.00255	0.00365	0.01771	0.00589	0.00517
23	0.01484	0.40728	0.38830	0.01446	0.02186	0.01992	0.01714	0.01954	0.01314	0.01750	0.01010	0.01178	0.00809	0.00573	0.00505	0.00168	0.00808	0.00404	0.00270	0.00876
24	0.03555	0.18145	0.34582	0.04105	0.08392	0.04164	0.04477	0.02008	0.05618	0.01978	0.06185	0.01600	0.01255	0.00650	0.00577	0.00187	0.00796	0.00521	0.00333	0.00874
25	0.00938	0.00656	0.00831	0.00855	0.00990	0.00628	0.00622	0.01187	0.03943	0.04768	0.20675	0.31305	0.15380	0.01956	0.09477	0.00318	0.00509	0.01314	0.03060	0.00587
26	0.02632	0.01235	0.03794	0.01338	0.01860	0.01056	0.09242	0.04876	0.01798	0.61725	0.02294	0.02066	0.01464	0.00750	0.00650	0.00198	0.00618	0.00644	0.00712	0.01049
27	0.01820	0.01597	0.08656	0.13696	0.25065	0.03746	0.08190	0.06529	0.05126	0.16954	0.01539	0.01726	0.01120	0.00651	0.00640	0.00198	0.00766	0.00592	0.00439	0.00950
28	0.01768	0.08052	0.14891	0.07924	0.27826	0.23047	0.01699	0.02132	0.01514	0.03768	0.01128	0.01388	0.00904	0.00607	0.00591	0.00181	0.00895	0.00487	0.00317	0.00880
29	0.01222	0.01095	0.01531	0.03639	0.01506	0.01434	0.01114	0.04118	0.01073	0.01587	0.01253	0.01984	0.01210	0.07881	0.27323	0.00553	0.39887	0.00626	0.00321	0.00643
30	0.01574	0.01389	0.04256	0.01186	0.01749	0.03982	0.05794	0.09317	0.01557	0.06394	0.01255	0.01408	0.00983	0.00536	0.00526	0.00125	0.00584	0.00443	0.00418	0.56525
31	0.07426	0.33790	0.15289	0.01501	0.05366	0.12773	0.03505	0.09993	0.01565	0.02018	0.01042	0.01199	0.00848	0.00599	0.00512	0.00167	0.00797	0.00422	0.00332	0.00856
32	0.01488	0.01635	0.03416	0.08132	0.15219	0.01574	0.54793	0.01988	0.01472	0.02009	0.01257	0.01686	0.00961	0.00547	0.00720	0.00209	0.01000	0.00705	0.00317	0.00870
33	0.00905	0.00611	0.00708	0.00720	0.00735	0.00603	0.00422	0.00940	0.01020	0.01371	0.07640	0.11734	0.02784	0.64031	0.02789	0.00546	0.00565	0.01031	0.00430	0.00414
34	0.01556	0.01576	0.04902	0.03751	0.67028	0.01512	0.06393	0.01954	0.01445	0.02068	0.01197	0.01572	0.00996	0.00564	0.00635	0.00190	0.00780	0.00574	0.00313	0.00993
35	0.00841	0.00619	0.00816	0.00868	0.00953	0.00593	0.00615	0.01029	0.01444	0.01986	0.31275	0.44261	0.06595	0.01676	0.00823	0.00234	0.02704	0.01492	0.00623	0.00554
36	0.01102	0.00551	0.00826	0.00826	0.00826	0.00551	0.00551	0.00826	0.00826	0.01102	0.01102	0.01928	0.01102	0.02204	0.02479	0.81543	0.00551	0.00551	0.00275	0.00275
37	0.00907	0.00677	0.01008	0.01008	0.01118	0.00787	0.00779	0.01126	0.01016	0.01464	0.01710	0.02549	0.01611	0.07258	0.72725	0.01006	0.01662	0.00688	0.00341	0.00560
38	0.01578	0.01363	0.01434	0.01291	0.01650	0.01578	0.01004	0.03371	0.72602	0.02654	0.02582	0.02367	0.01937	0.00861	0.00646	0.00215	0.00502	0.00717	0.00646	0.01004
39	0.00832	0.00618	0.00775	0.00794	0.00922	0.00562	0.00573	0.01048	0.01554	0.02108	0.39608	0.26778	0.18367	0.01563	0.00767	0.00220	0.00324	0.01381	0.00645	0.00562
40	0.01696	0.78087	0.03324	0.01085	0.01628	0.02510	0.01085	0.01900	0.01289	0.01493	0.00882	0.01018	0.00814	0.00543	0.00407	0.00136	0.00678	0.00339	0.00271	0.00814
41	0.01448	0.01287	0.01800	0.29371	0.13888	0.01488	0.01434	0.06801	0.24419	0.02228	0.05585	0.02037	0.01519	0.00756	0.00689	0.00209	0.03080	0.00646	0.00450	0.00866
42	0.04197	0.01302	0.03793	0.01135	0.01667	0.01125	0.00955	0.15378	0.01816	0.30049	0.01722	0.01671	0.01196	0.00653	0.00567	0.00157	0.00555	0.00515	0.00578	0.30967
43	0.08644	0.01598	0.03902	0.01540	0.09052	0.07187	0.01140	0.26346	0.11663	0.05772	0.05027	0.04769	0.01492	0.00776	0.00606	0.00187	0.00641	0.00617	0.00531	0.08510

[dist]
# distance from previous block
# <min> <max>
2	16

[block]
# block no. 5 follows, 35 sequences, length 56
# corresponding to MSA columns:
# 675-730
name=unknown_F
#
# <colnr> <probs for GDERKNQSTAVLIFYWHMCP>
#	G	D	E	R	K	N	Q	S	T	A	V	L	I	F	Y	W	H	M	C	P
0	0.01102	0.00551	0.00826	0.00826	0.00826	0.00551	0.00551	0.00826	0.00826	0.01102	0.01102	0.01928	0.01102	0.02204	0.02479	0.81543	0.00551	0.00551	0.00275	0.00275
1	0.01725	0.01439	0.02080	0.02639	0.39885	0.01457	0.01493	0.09880	0.14414	0.07456	0.01564	0.01721	0.01213	0.00645	0.00615	0.00184	0.00656	0.00577	0.00449	0.09908
2	0.00964	0.00776	0.01266	0.01162	0.01321	0.00862	0.07608	0.01209	0.01061	0.01514	0.01675	0.02504	0.01563	0.08177	0.64212	0.00920	0.01581	0.00699	0.00340	0.00585
3	0.10093	0.01876	0.03941	0.01425	0.01918	0.08256	0.01191	0.56826	0.02647	0.03616	0.01403	0.01437	0.01010	0.00731	0.00605	0.00189	0.00724	0.00532	0.00574	0.01007
4	0.01479	0.01301	0.03393	0.01515	0.09387	0.01359	0.03204	0.10150	0.35056	0.02642	0.17561	0.02804	0.05525	0.00926	0.00671	0.00206	0.00529	0.00797	0.00598	0.00900
5	0.82186	0.01227	0.00932	0.00834	0.01227	0.01423	0.00687	0.01865	0.01080	0.02846	0.00883	0.01031	0.00687	0.00589	0.00393	0.00196	0.00491	0.00344	0.00393	0.00687
6	0.00966	0.00686	0.00832	0.00808	0.00817	0.00743	0.00510	0.00990	0.00932	0.01273	0.01848	0.03711	0.02085	0.62846	0.09179	0.02832	0.07290	0.00860	0.00368	0.00424
7	0.00811	0.00645	0.00728	0.00707	0.00895	0.00562	0.00531	0.01030	0.01592	0.02060	0.34324	0.05536	0.45377	0.01478	0.00749	0.00208	0.00312	0.01259	0.00635	0.00562
8	0.02232	0.02511	0.01786	0.01626	0.04250	0.49200	0.01212	0.14417	0.12659	0.02152	0.01321	0.01407	0.01037	0.00700	0.00596	0.00177	0.00959	0.00488	0.00427	0.00843
9	0.02025	0.41215	0.11290	0.01193	0.01762	0.01832	0.01185	0.02351	0.03421	0.25836	0.01500	0.01474	0.01096	0.00640	0.00514	0.00166	0.00659	0.00465	0.00453	0.00923
10	0.01582	0.30250	0.26068	0.01519	0.02145	0.06188	0.07881	0.03850	0.03556	0.03854	0.04325	0.01453	0.01115	0.00641	0.00597	0.00178	0.03116	0.00490	0.00332	0.00860
11	0.01040	0.00751	0.01036	0.01172	0.01325	0.00758	0.01022	0.01381	0.03774	0.01923	0.03334	0.07000	0.03595	0.01723	0.00869	0.00290	0.00581	0.67242	0.00586	0.00598
12	0.00775	0.00644	0.00682	0.00704	0.00901	0.00551	0.00536	0.00944	0.01432	0.01724	0.05970	0.10806	0.62938	0.01644	0.00765	0.00224	0.00347	0.07287	0.00589	0.00538
13	0.07468	0.01640	0.07860	0.06217	0.39536	0.01532	0.10699	0.09860	0.01600	0.05667	0.01274	0.01560	0.00989	0.00601	0.00626	0.00195	0.00777	0.00570	0.00374	0.00956
14	0.03205	0.21922	0.31829	0.01797	0.09809	0.07509	0.04865	0.02120	0.04215	0.05404	0.01191	0.01357	0.00916	0.00603	0.00559	0.00181	0.00829	0.00469	0.00323	0.00898
15	0.01467	0.01522	0.01929	0.04351	0.01789	0.08354	0.01387	0.01619	0.01055	0.01532	0.00856	0.01377	0.00832	0.01053	0.01897	0.00265	0.67192	0.00543	0.00282	0.00698
16	0.00834	0.00599	0.00804	0.00946	0.01016	0.00569	0.00693	0.00992	0.01283	0.01692	0.03558	0.57481	0.06332	0.01916	0.00824	0.00265	0.00420	0.18651	0.00588	0.00533
17	0.00909	0.00621	0.00748	0.00759	0.00780	0.00637	0.00465	0.00954	0.00959	0.01297	0.02054	0.08965	0.02320	0.60560	0.14782	0.00656	0.00774	0.00944	0.00391	0.00423
18	0.01486	0.01345	0.06257	0.01064	0.01644	0.01021	0.00916	0.09819	0.01526	0.04463	0.01216	0.01367	0.00966	0.00522	0.00503	0.00115	0.00530	0.00413	0.00411	0.64417
19	0.01569	0.01241	0.05459	0.01020	0.01593	0.00895	0.00872	0.01870	0.01400	0.14102	0.01358	0.01458	0.01037	0.00530	0.00505	0.00117	0.00508	0.00425	0.00438	0.63604
20	0.08608	0.01659	0.01703	0.01341	0.01805	0.06551	0.01096	0.48408	0.02532	0.13127	0.05619	0.01726	0.01374	0.00774	0.00618	0.00190	0.00668	0.00584	0.00619	0.00999
21	0.01786	0.13564	0.11928	0.01510	0.06572	0.09125	0.03084	0.17638	0.01766	0.04330	0.01211	0.01352	0.00943	0.00600	0.00548	0.00156	0.00722	0.00459	0.00404	0.22301
22	0.01774	0.62385	0.04934	0.01176	0.01705	0.07242	0.01133	0.06869	0.04595	0.01736	0.01015	0.01130	0.00882	0.00581	0.00450	0.00147	0.00710	0.00380	0.00317	0.00839
23	0.01582	0.01365	0.01390	0.01240	0.01577	0.05018	0.00964	0.07719	0.53946	0.02672	0.10728	0.02528	0.02289	0.00891	0.00647	0.00207	0.00517	0.00739	0.03043	0.00936
24	0.00777	0.00597	0.00705	0.00785	0.00897	0.00534	0.00550	0.00909	0.01306	0.01651	0.04642	0.42881	0.32702	0.04815	0.00883	0.00255	0.00365	0.03643	0.00581	0.00521
25	0.00978	0.00706	0.00871	0.00818	0.00988	0.00682	0.00617	0.01403	0.07962	0.02512	0.58855	0.04368	0.07409	0.01220	0.00713	0.00197	0.00317	0.01067	0.07684	0.00632
26	0.00781	0.00558	0.00743	0.00878	0.00922	0.00521	0.00590	0.00903	0.01252	0.01679	0.07989	0.72630	0.04311	0.01943	0.00806	0.00254	0.00364	0.01761	0.00596	0.00521
27	0.00969	0.00696	0.00959	0.01100	0.01230	0.00686	0.00928	0.01225	0.01417	0.01843	0.03488	0.19396	0.06147	0.01789	0.00860	0.00283	0.00537	0.55290	0.00585	0.00570
28	0.01183	0.00591	0.00591	0.00591	0.00739	0.00591	0.00443	0.01478	0.01330	0.02365	0.02069	0.02365	0.01626	0.00739	0.00443	0.00148	0.00296	0.00591	0.81227	0.00591
29	0.82186	0.01227	0.00932	0.00834	0.01227	0.01423	0.00687	0.01865	0.01080	0.02846	0.00883	0.01031	0.00687	0.00589	0.00393	0.00196	0.00491	0.00344	0.00393	0.00687
30	0.01315	0.01128	0.01315	0.00940	0.01503	0.00846	0.00752	0.01597	0.01315	0.02067	0.01128	0.01315	0.00940	0.00470	0.00470	0.00094	0.00470	0.00376	0.00376	0.81583
31	0.01429	0.01140	0.01336	0.00967	0.01515	0.00889	0.00776	0.04434	0.01418	0.05912	0.02857	0.01445	0.01093	0.00517	0.00491	0.00106	0.00479	0.00415	0.00415	0.72368
32	0.01337	0.01107	0.01300	0.00943	0.01486	0.00837	0.00751	0.01612	0.01325	0.03945	0.01245	0.03949	0.01068	0.00530	0.00486	0.00102	0.00468	0.00432	0.00394	0.76683
33	0.01022	0.00730	0.01022	0.01168	0.01314	0.00730	0.01022	0.01314	0.01460	0.01899	0.03359	0.07156	0.03651	0.01752	0.00876	0.00292	0.00584	0.69478	0.00584	0.00584
34	0.00791	0.00644	0.00700	0.00686	0.00882	0.00553	0.00514	0.00990	0.01543	0.01944	0.24984	0.05727	0.54790	0.01521	0.00749	0.00210	0.00315	0.01286	0.00619	0.00553
35	0.02286	0.02880	0.01928	0.01808	0.06064	0.67758	0.04371	0.02478	0.01765	0.01603	0.01006	0.01193	0.00834	0.00643	0.00583	0.00167	0.01119	0.00432	0.00326	0.00756
36	0.00978	0.00703	0.00875	0.00850	0.00921	0.00753	0.00581	0.03805	0.01088	0.01485	0.03959	0.03585	0.06154	0.43583	0.25377	0.00682	0.02879	0.00853	0.00397	0.00491
37	0.02736	0.01104	0.01469	0.01143	0.01622	0.00988	0.00939	0.03116	0.07963	0.67975	0.02510	0.02177	0.01602	0.00792	0.00639	0.00198	0.00537	0.00645	0.00773	0.01073
38	0.01183	0.00591	0.00591	0.00591	0.00739	0.00591	0.00443	0.01478	0.01330	0.02365	0.02069	0.02365	0.01626	0.00739	0.00443	0.00148	0.00296	0.00591	0.81227	0.00591
39	0.01396	0.01646	0.06906	0.01149	0.01455	0.22670	0.00938	0.01843	0.11926	0.01856	0.06656	0.10020	0.26727	0.01159	0.00676	0.00202	0.00641	0.00939	0.00500	0.00695
40	0.01315	0.01128	0.01315	0.00940	0.01503	0.00846	0.00752	0.01597	0.01315	0.02067	0.01128	0.01315	0.00940	0.00470	0.00470	0.00094	0.00470	0.00376	0.00376	0.81583
41	0.09456	0.02101	0.01634	0.01384	0.01791	0.36243	0.01085	0.11406	0.01891	0.24713	0.01517	0.01500	0.01075	0.00703	0.00585	0.00180	0.00842	0.00495	0.00515	0.00883
42	0.00773	0.00552	0.00736	0.00883	0.00920	0.00515	0.00589	0.00883	0.01215	0.01619	0.03497	0.77291	0.04196	0.01987	0.00810	0.00258	0.00368	0.01803	0.00589	0.00515
43	0.01550	0.49843	0.26915	0.01450	0.05188	0.02121	0.01542	0.01938	0.01313	0.01690	0.00981	0.01149	0.00819	0.00564	0.00482	0.00160	0.00768	0.00392	0.00272	0.00864
44	0.01521	0.01480	0.02368	0.12767	0.57717	0.04711	0.01827	0.01886	0.01414	0.01959	0.01204	0.01619	0.01009	0.00814	0.04826	0.00237	0.00836	0.00565	0.00312	0.00930
45	0.00782	0.00562	0.00743	0.00881	0.00929	0.00523	0.00597	0.00903	0.01242	0.01651	0.05207	0.71517	0.06438	0.01953	0.00808	0.00256	0.00371	0.03527	0.00591	0.00520
46	0.75688	0.01340	0.03166	0.00963	0.03189	0.03274	0.00782	0.01888	0.01115	0.02769	0.00901	0.01057	0.00702	0.00590	0.00409	0.00195	0.00527	0.00355	0.00385	0.00704
47	0.00964	0.00757	0.01096	0.01060	0.01154	0.00906	0.00823	0.01168	0.01051	0.01522	0.05657	0.02608	0.01797	0.09420	0.57093	0.00856	0.10434	0.00709	0.00356	0.00570
