[name]
unknown

[dist]
# distance from previous block
# <min> <max>
0	17

[block]
# block no. 0 follows, 28 sequences, length 17
# corresponding to MSA columns:
# 17-33
name=unknown_A
#
# <colnr> <probs for GDERKNQSTAVLIFYWHMCP>
#	G	D	E	R	K	N	Q	S	T	A	V	L	I	F	Y	W	H	M	C	P
0	0.01916	0.04426	0.01691	0.01433	0.01790	0.05067	0.03774	0.13526	0.08771	0.12433	0.02867	0.13298	0.02707	0.01366	0.00817	0.00260	0.00693	0.19034	0.03210	0.00920
1	0.02071	0.63051	0.03519	0.01348	0.01929	0.14258	0.01270	0.02297	0.01574	0.01722	0.01029	0.01190	0.00933	0.00643	0.00498	0.00161	0.00866	0.00402	0.00321	0.00918
2	0.01510	0.01327	0.01624	0.04669	0.01905	0.01148	0.01003	0.01822	0.01459	0.02271	0.01252	0.01538	0.01057	0.00633	0.00764	0.00139	0.09050	0.00465	0.00412	0.65951
3	0.01101	0.00871	0.01289	0.01253	0.01368	0.01059	0.00986	0.01350	0.01162	0.01694	0.01834	0.02711	0.01719	0.04975	0.63681	0.01071	0.10066	0.00763	0.00381	0.00666
4	0.01481	0.03623	0.66131	0.02233	0.07638	0.01691	0.02655	0.02297	0.01543	0.02307	0.01309	0.01552	0.00936	0.00688	0.00693	0.00229	0.01060	0.00545	0.00310	0.01079
5	0.01639	0.01895	0.07096	0.03031	0.13190	0.01701	0.48456	0.02193	0.01668	0.02291	0.01679	0.08489	0.01439	0.00774	0.00836	0.00245	0.01092	0.00921	0.00391	0.00975
6	0.01703	0.01796	0.03575	0.06562	0.27975	0.01749	0.37797	0.02229	0.01659	0.02298	0.01445	0.01938	0.01145	0.00833	0.03759	0.00273	0.01112	0.00768	0.00364	0.01022
7	0.00886	0.00633	0.00843	0.01012	0.01054	0.00590	0.00675	0.01012	0.01392	0.01856	0.04006	0.73979	0.04808	0.02277	0.00928	0.00295	0.00422	0.02066	0.00675	0.00590
8	0.01015	0.00708	0.00947	0.01002	0.01077	0.00745	0.00703	0.01179	0.01240	0.01749	0.02716	0.26215	0.02968	0.19398	0.28969	0.00717	0.01072	0.01249	0.05746	0.00586
9	0.02114	0.01684	0.02289	0.01978	0.07549	0.07754	0.14573	0.09459	0.10733	0.15608	0.02231	0.02506	0.04398	0.06596	0.03791	0.00305	0.04069	0.00787	0.00574	0.01003
10	0.01046	0.00752	0.01007	0.01047	0.01197	0.00713	0.00818	0.01353	0.01847	0.02545	0.41138	0.16894	0.05799	0.01754	0.00909	0.00268	0.00446	0.19057	0.00744	0.00666
11	0.01056	0.00710	0.00821	0.00821	0.00831	0.00720	0.00476	0.01075	0.01065	0.01430	0.02264	0.04613	0.02580	0.69250	0.08818	0.00740	0.00798	0.01036	0.00437	0.00456
12	0.01730	0.10053	0.17827	0.07508	0.25274	0.04665	0.18124	0.02267	0.01629	0.02220	0.01327	0.01704	0.01046	0.00655	0.00718	0.00220	0.01013	0.00641	0.00343	0.01035
13	0.02644	0.02014	0.02038	0.01625	0.02158	0.08228	0.01318	0.45586	0.13986	0.09868	0.01990	0.01931	0.01422	0.00883	0.00723	0.00221	0.00792	0.00672	0.00713	0.01187
14	0.01266	0.00823	0.00973	0.00928	0.01016	0.00923	0.00672	0.01464	0.01287	0.02071	0.02111	0.03224	0.01983	0.24980	0.07723	0.00446	0.10810	0.00802	0.35884	0.00615
15	0.01700	0.43549	0.13575	0.01392	0.01974	0.02179	0.03410	0.04860	0.01566	0.02003	0.01650	0.13610	0.01632	0.00930	0.00604	0.00197	0.00765	0.00730	0.02770	0.00904
16	0.01679	0.04427	0.03928	0.03426	0.05222	0.01418	0.02719	0.09766	0.16690	0.07860	0.16280	0.03471	0.11487	0.01376	0.04746	0.00285	0.02690	0.00939	0.00651	0.00942

[dist]
# distance from previous block
# <min> <max>
1	7

[block]
# block no. 1 follows, 28 sequences, length 21
# corresponding to MSA columns:
# 41-61
name=unknown_B
#
# <colnr> <probs for GDERKNQSTAVLIFYWHMCP>
#	G	D	E	R	K	N	Q	S	T	A	V	L	I	F	Y	W	H	M	C	P
0	0.45897	0.01943	0.12511	0.01300	0.01866	0.04371	0.01217	0.09549	0.07403	0.03143	0.01324	0.01450	0.00999	0.00724	0.00556	0.00221	0.00700	0.00487	0.00479	0.03862
1	0.09827	0.01598	0.07735	0.06104	0.09565	0.01512	0.01384	0.14909	0.04473	0.13730	0.04000	0.10209	0.01862	0.01309	0.05506	0.00299	0.03577	0.00822	0.00584	0.00993
2	0.00886	0.00633	0.00843	0.01012	0.01054	0.00590	0.00675	0.01012	0.01392	0.01856	0.04006	0.73979	0.04808	0.02277	0.00928	0.00295	0.00422	0.02066	0.00675	0.00590
3	0.02051	0.48684	0.06635	0.01650	0.04594	0.06959	0.07095	0.10690	0.01795	0.02191	0.01179	0.01359	0.00994	0.00666	0.00566	0.00179	0.00870	0.00485	0.00375	0.00985
4	0.04294	0.02318	0.29095	0.25012	0.12252	0.01590	0.02145	0.02227	0.01558	0.07755	0.01426	0.01763	0.01039	0.00707	0.00695	0.00227	0.00938	0.00593	0.00377	0.03991
5	0.02144	0.20421	0.11692	0.04711	0.10933	0.13572	0.03787	0.14489	0.02014	0.05486	0.03303	0.01660	0.01229	0.00742	0.00653	0.00201	0.00922	0.00570	0.00446	0.01024
6	0.39563	0.01691	0.01535	0.01268	0.01764	0.07708	0.01034	0.17228	0.01977	0.17556	0.01577	0.01591	0.01114	0.00773	0.00589	0.00220	0.00693	0.00530	0.00600	0.00988
7	0.00941	0.00650	0.00873	0.00991	0.01050	0.00609	0.00673	0.01064	0.01460	0.01975	0.14326	0.56719	0.04831	0.02171	0.01082	0.07089	0.00427	0.01821	0.00664	0.00582
8	0.01449	0.01325	0.04151	0.12842	0.02309	0.01377	0.08180	0.08470	0.09306	0.02387	0.08849	0.18661	0.02726	0.07607	0.01186	0.00297	0.06400	0.01103	0.00550	0.00824
9	0.02052	0.01915	0.06053	0.13911	0.10716	0.06189	0.21518	0.12162	0.01949	0.10484	0.01580	0.01888	0.01162	0.00751	0.00838	0.00234	0.04395	0.00705	0.00471	0.01027
10	0.00886	0.00633	0.00843	0.01012	0.01054	0.00590	0.00675	0.01012	0.01392	0.01856	0.04006	0.73979	0.04808	0.02277	0.00928	0.00295	0.00422	0.02066	0.00675	0.00590
11	0.01355	0.00678	0.00678	0.00678	0.00847	0.00678	0.00508	0.01694	0.01524	0.02710	0.02371	0.02710	0.01863	0.00847	0.00508	0.00169	0.00339	0.00678	0.78489	0.00678
12	0.09341	0.16246	0.15012	0.01946	0.02544	0.07685	0.15941	0.08363	0.01694	0.02380	0.01233	0.01533	0.00986	0.00764	0.00904	0.00227	0.11280	0.00585	0.00381	0.00956
13	0.01847	0.01534	0.02206	0.02561	0.25787	0.01596	0.05573	0.12352	0.15822	0.05944	0.02308	0.15018	0.02072	0.01055	0.00772	0.00239	0.00725	0.00957	0.00577	0.01057
14	0.00886	0.00633	0.00843	0.01012	0.01054	0.00590	0.00675	0.01012	0.01392	0.01856	0.04006	0.73979	0.04808	0.02277	0.00928	0.00295	0.00422	0.02066	0.00675	0.00590
15	0.01612	0.02401	0.23321	0.02506	0.03243	0.01789	0.36045	0.02218	0.01575	0.02251	0.01346	0.01762	0.01029	0.00713	0.00979	0.00241	0.10098	0.00710	0.00348	0.05813
16	0.00886	0.00633	0.00843	0.01012	0.01054	0.00590	0.00675	0.01012	0.01392	0.01856	0.04006	0.73979	0.04808	0.02277	0.00928	0.00295	0.00422	0.02066	0.00675	0.00590
17	0.01617	0.13817	0.31108	0.10511	0.11042	0.01907	0.06879	0.02341	0.07339	0.02215	0.01409	0.01692	0.01083	0.00719	0.00737	0.00224	0.03390	0.00592	0.00358	0.01021
18	0.05211	0.30315	0.35036	0.01817	0.02655	0.02151	0.09102	0.02250	0.01519	0.02125	0.01198	0.01426	0.00939	0.00655	0.00613	0.00203	0.00955	0.00510	0.00322	0.00998
19	0.01789	0.01777	0.02868	0.28247	0.10178	0.06141	0.21028	0.10566	0.01822	0.02386	0.01381	0.01848	0.01057	0.00736	0.00852	0.00238	0.05045	0.00698	0.00395	0.00948
20	0.45230	0.01438	0.01505	0.01252	0.01664	0.01622	0.05031	0.09534	0.01568	0.08167	0.01400	0.01719	0.01113	0.05443	0.00901	0.00261	0.06826	0.00553	0.03915	0.00858

[dist]
# distance from previous block
# <min> <max>
0	1

[block]
# block no. 2 follows, 28 sequences, length 10
# corresponding to MSA columns:
# 63-72
name=unknown_C
#
# <colnr> <probs for GDERKNQSTAVLIFYWHMCP>
#	G	D	E	R	K	N	Q	S	T	A	V	L	I	F	Y	W	H	M	C	P
0	0.05846	0.01855	0.12378	0.06598	0.08880	0.01615	0.01535	0.16756	0.04037	0.13801	0.04558	0.02186	0.04329	0.00880	0.00821	0.00224	0.05781	0.00685	0.00566	0.06670
1	0.01726	0.11125	0.19796	0.06879	0.07217	0.01552	0.04143	0.02340	0.07833	0.11674	0.09422	0.09052	0.02211	0.00972	0.00724	0.00228	0.00769	0.00829	0.00525	0.00980
2	0.01178	0.00707	0.00947	0.01047	0.01153	0.00649	0.00723	0.01323	0.01476	0.10286	0.03866	0.65188	0.04438	0.02108	0.00904	0.00287	0.00446	0.01902	0.00702	0.00670
3	0.01035	0.00865	0.01053	0.01189	0.07645	0.00793	0.00781	0.01365	0.04984	0.02261	0.20298	0.10767	0.41032	0.01637	0.00845	0.00242	0.00424	0.01404	0.00676	0.00706
4	0.02020	0.07516	0.13232	0.04431	0.17294	0.01750	0.05026	0.18215	0.02085	0.09269	0.06217	0.02181	0.01640	0.04886	0.00881	0.00245	0.00829	0.00698	0.00522	0.01061
5	0.04876	0.01660	0.09944	0.06440	0.01970	0.06941	0.02954	0.09560	0.07788	0.07448	0.02236	0.02394	0.04689	0.00864	0.00642	0.00208	0.00679	0.00689	0.27115	0.00902
6	0.00893	0.00650	0.00842	0.00979	0.01050	0.00599	0.00664	0.01040	0.01463	0.01940	0.08885	0.62808	0.11147	0.02181	0.00916	0.00286	0.00411	0.01963	0.00684	0.00599
7	0.03792	0.00932	0.01324	0.01245	0.01435	0.00910	0.07099	0.04092	0.03641	0.06980	0.03182	0.40818	0.03513	0.13462	0.01326	0.00346	0.00592	0.03989	0.00621	0.00703
8	0.14741	0.07349	0.10246	0.02087	0.14293	0.03816	0.07770	0.09226	0.06025	0.09808	0.01643	0.01806	0.01231	0.00740	0.00653	0.00216	0.00794	0.00611	0.05918	0.01026
9	0.10297	0.10103	0.12438	0.09580	0.02337	0.09098	0.01463	0.07875	0.03848	0.07272	0.02135	0.02278	0.09497	0.00929	0.00830	0.00228	0.07727	0.00675	0.00471	0.00918

[dist]
# distance from previous block
# <min> <max>
1	12

[block]
# block no. 3 follows, 28 sequences, length 21
# corresponding to MSA columns:
# 85-105
name=unknown_D
#
# <colnr> <probs for GDERKNQSTAVLIFYWHMCP>
#	G	D	E	R	K	N	Q	S	T	A	V	L	I	F	Y	W	H	M	C	P
0	0.14541	0.01412	0.01949	0.33149	0.08062	0.01692	0.01594	0.09479	0.01614	0.02431	0.01481	0.07556	0.01291	0.00922	0.00900	0.00248	0.09679	0.00719	0.00422	0.00860
1	0.01242	0.00797	0.01002	0.00919	0.01150	0.00713	0.00700	0.01545	0.01976	0.10251	0.48975	0.05430	0.19537	0.01495	0.00844	0.00232	0.00379	0.01296	0.00785	0.00732
2	0.02177	0.01735	0.01854	0.01526	0.02027	0.01924	0.01222	0.29924	0.36321	0.03621	0.02324	0.02216	0.01722	0.00903	0.00718	0.00224	0.00665	0.00721	0.00710	0.07465
3	0.01057	0.00705	0.00793	0.00793	0.00793	0.00705	0.00440	0.01057	0.01057	0.01409	0.02290	0.04757	0.02643	0.74454	0.03700	0.00705	0.00705	0.01057	0.00440	0.00440
4	0.03840	0.06535	0.14418	0.03894	0.04617	0.01516	0.03777	0.06350	0.14857	0.08103	0.04283	0.02582	0.07126	0.01268	0.06362	0.00296	0.00816	0.00748	0.04932	0.03679
5	0.01660	0.11851	0.36401	0.02201	0.03047	0.05700	0.21499	0.02305	0.01610	0.02223	0.01347	0.01647	0.01012	0.00668	0.00704	0.00221	0.01068	0.00615	0.03218	0.01002
6	0.01057	0.00705	0.00793	0.00793	0.00793	0.00705	0.00440	0.01057	0.01057	0.01409	0.02290	0.04757	0.02643	0.74454	0.03700	0.00705	0.00705	0.01057	0.00440	0.00440
7	0.01529	0.01421	0.02405	0.42598	0.29573	0.01602	0.02022	0.01949	0.01502	0.02021	0.01319	0.01900	0.01055	0.00798	0.00843	0.04659	0.00910	0.00646	0.00337	0.00911
8	0.02011	0.31150	0.23125	0.01630	0.02317	0.16833	0.01688	0.04709	0.01725	0.04534	0.03307	0.01504	0.01153	0.00714	0.00604	0.00191	0.00960	0.00500	0.00374	0.00970
9	0.42074	0.01365	0.01399	0.01142	0.01648	0.01418	0.00942	0.06234	0.01723	0.32739	0.01864	0.01777	0.01254	0.00784	0.00588	0.00225	0.00600	0.00555	0.00662	0.01008
10	0.00909	0.00642	0.00837	0.00983	0.01019	0.00606	0.00643	0.01018	0.01347	0.01796	0.03776	0.64701	0.04517	0.11952	0.01299	0.00350	0.00460	0.01931	0.00643	0.00570
11	0.00904	0.00647	0.00860	0.01000	0.01058	0.00603	0.00676	0.01058	0.01476	0.01990	0.12308	0.65295	0.05068	0.02177	0.00919	0.00287	0.00412	0.01971	0.00691	0.00603
12	0.02396	0.01833	0.01911	0.04557	0.02124	0.12212	0.01307	0.12948	0.19128	0.19419	0.02098	0.02091	0.01527	0.00945	0.00975	0.00239	0.11896	0.00685	0.00640	0.01070
13	0.00990	0.00737	0.00925	0.00963	0.01043	0.00730	0.00663	0.01141	0.01470	0.01982	0.17386	0.32992	0.11770	0.17917	0.01599	0.00367	0.04556	0.01549	0.00629	0.00591
14	0.00883	0.00641	0.00834	0.00989	0.01048	0.00592	0.00665	0.01015	0.01414	0.01865	0.04288	0.68368	0.10238	0.02241	0.00922	0.00291	0.00417	0.02022	0.00675	0.00592
15	0.55858	0.17711	0.01724	0.01064	0.01548	0.01922	0.00919	0.02290	0.06934	0.02899	0.01175	0.01306	0.00939	0.00689	0.00478	0.00211	0.00611	0.00428	0.00443	0.00850
16	0.13958	0.02202	0.12146	0.02029	0.13003	0.12385	0.01553	0.09997	0.13537	0.09650	0.01738	0.01813	0.01290	0.00783	0.00670	0.00222	0.00835	0.00605	0.00529	0.01055
17	0.08007	0.11121	0.22140	0.01495	0.02055	0.03904	0.01527	0.05628	0.07122	0.04161	0.02211	0.03030	0.05975	0.06938	0.01001	0.00275	0.03308	0.08723	0.00475	0.00904
18	0.01531	0.15109	0.08560	0.04221	0.02539	0.01637	0.25637	0.01914	0.01519	0.02041	0.04004	0.08754	0.01727	0.06988	0.01099	0.04687	0.00897	0.00841	0.00401	0.05895
19	0.10863	0.21124	0.12752	0.04746	0.07735	0.08361	0.03976	0.10613	0.01796	0.02483	0.03462	0.01768	0.03579	0.00777	0.00680	0.00208	0.03120	0.00578	0.00420	0.00960
20	0.16711	0.04281	0.11768	0.06226	0.02260	0.03573	0.03810	0.15831	0.07329	0.07804	0.01713	0.04415	0.01327	0.00816	0.00651	0.00217	0.00755	0.00637	0.03299	0.06577

[dist]
# distance from previous block
# <min> <max>
12	151

[block]
# block no. 4 follows, 28 sequences, length 16
# corresponding to MSA columns:
# 259-274
name=unknown_E
#
# <colnr> <probs for GDERKNQSTAVLIFYWHMCP>
#	G	D	E	R	K	N	Q	S	T	A	V	L	I	F	Y	W	H	M	C	P
0	0.01673	0.01732	0.01367	0.01267	0.01506	0.24421	0.00904	0.01907	0.04776	0.01808	0.02121	0.11718	0.03540	0.23156	0.05589	0.00405	0.00909	0.00896	0.00463	0.09843
1	0.08919	0.12190	0.01769	0.04641	0.01757	0.08063	0.01014	0.09112	0.01932	0.05309	0.21972	0.02958	0.06481	0.00996	0.00680	0.00200	0.00634	0.00794	0.00578	0.10001
2	0.01890	0.01412	0.01454	0.01297	0.01604	0.08938	0.00991	0.10007	0.14389	0.12492	0.09581	0.08210	0.02668	0.11800	0.07384	0.00383	0.00795	0.03167	0.00648	0.00890
3	0.32448	0.01913	0.01495	0.01350	0.01738	0.19494	0.01069	0.12997	0.01864	0.02866	0.01708	0.08848	0.01594	0.01001	0.00645	0.00231	0.00790	0.06584	0.00518	0.00846
4	0.01929	0.01458	0.01666	0.02752	0.03131	0.01493	0.01092	0.23391	0.11579	0.04710	0.01934	0.03626	0.01531	0.01256	0.07370	0.00281	0.00757	0.00666	0.07789	0.21591
5	0.01625	0.01592	0.04911	0.11036	0.29415	0.01689	0.01731	0.02295	0.14003	0.02238	0.01694	0.02270	0.01456	0.08920	0.01295	0.00294	0.11412	0.00719	0.00427	0.00978
6	0.01629	0.01525	0.02557	0.13061	0.51149	0.01559	0.01976	0.02055	0.01687	0.02385	0.11356	0.02350	0.01964	0.00781	0.00741	0.00221	0.00801	0.00745	0.00419	0.01037
7	0.01116	0.00875	0.01264	0.01237	0.01361	0.01023	0.00985	0.01385	0.01348	0.01928	0.11953	0.03672	0.02715	0.04002	0.45337	0.00839	0.09917	0.07897	0.00472	0.00674
8	0.45269	0.12631	0.02010	0.01401	0.01893	0.14910	0.08273	0.02307	0.01479	0.02654	0.01083	0.01289	0.00871	0.00674	0.00536	0.00210	0.00807	0.00458	0.00406	0.00840
9	0.01660	0.01734	0.02182	0.32998	0.03319	0.12124	0.01751	0.01966	0.01402	0.01801	0.01127	0.01702	0.00958	0.00956	0.01403	0.00266	0.30900	0.00616	0.00329	0.00808
10	0.01549	0.09487	0.02722	0.33408	0.13481	0.01696	0.14008	0.01929	0.01475	0.01935	0.01302	0.01869	0.01051	0.00893	0.00970	0.09447	0.00941	0.00656	0.00335	0.00846
11	0.02072	0.01528	0.01694	0.01435	0.01822	0.01657	0.01126	0.41871	0.05201	0.03571	0.02580	0.26982	0.02520	0.01367	0.00798	0.00246	0.00659	0.01153	0.00709	0.01008
12	0.08930	0.01734	0.08180	0.29399	0.06397	0.09620	0.01585	0.01969	0.01522	0.02122	0.01549	0.09598	0.01390	0.00860	0.00683	0.00218	0.00852	0.00716	0.00396	0.12281
13	0.01645	0.01841	0.14525	0.01333	0.02051	0.01254	0.01264	0.09618	0.01736	0.02616	0.01347	0.01540	0.01066	0.00606	0.00589	0.00144	0.00669	0.00477	0.00442	0.55236
14	0.01618	0.01775	0.06211	0.14098	0.14638	0.11723	0.05351	0.02062	0.04729	0.02171	0.09155	0.10622	0.02159	0.01022	0.00887	0.00235	0.06723	0.00866	0.00455	0.03499
15	0.01846	0.05681	0.11193	0.07600	0.08742	0.14667	0.07903	0.06702	0.08095	0.03607	0.01881	0.02155	0.04910	0.01332	0.08537	0.00326	0.02750	0.00688	0.00441	0.00945

[dist]
# distance from previous block
# <min> <max>
81	269

[block]
# block no. 5 follows, 28 sequences, length 21
# corresponding to MSA columns:
# 575-595
name=unknown_F
#
# <colnr> <probs for GDERKNQSTAVLIFYWHMCP>
#	G	D	E	R	K	N	Q	S	T	A	V	L	I	F	Y	W	H	M	C	P
0	0.12875	0.07209	0.15361	0.01926	0.06477	0.04579	0.11612	0.07215	0.05044	0.04652	0.01722	0.10076	0.01517	0.00930	0.00811	0.00237	0.05573	0.00773	0.00459	0.00951
1	0.05050	0.01669	0.04291	0.01479	0.01897	0.09078	0.04692	0.12712	0.15740	0.06933	0.02739	0.13730	0.06370	0.01184	0.00763	0.00238	0.00715	0.04956	0.00624	0.05139
2	0.44140	0.08915	0.16914	0.01324	0.01940	0.01831	0.01326	0.08927	0.04097	0.03029	0.01225	0.01374	0.00931	0.00705	0.00544	0.00220	0.00721	0.00468	0.00444	0.00924
3	0.04739	0.01322	0.05117	0.04035	0.04121	0.01306	0.01066	0.10008	0.14086	0.04808	0.04935	0.09161	0.08617	0.12488	0.04908	0.00358	0.02792	0.00962	0.04319	0.00853
4	0.01244	0.00841	0.01005	0.00991	0.01216	0.00783	0.00745	0.01622	0.07496	0.09308	0.16671	0.22428	0.26010	0.01722	0.00860	0.00257	0.00437	0.04902	0.00726	0.00735
5	0.02082	0.01751	0.01932	0.08131	0.06507	0.09286	0.01328	0.19711	0.05312	0.07044	0.01718	0.04042	0.01400	0.00862	0.00792	0.00205	0.05220	0.02726	0.00541	0.19412
6	0.05874	0.01410	0.01595	0.05197	0.03906	0.05583	0.01089	0.12529	0.05757	0.21574	0.14765	0.03084	0.08541	0.01036	0.00737	0.00220	0.00634	0.00847	0.00701	0.04921
7	0.02039	0.21024	0.21444	0.01792	0.02457	0.08389	0.06338	0.13761	0.01898	0.05720	0.01346	0.01538	0.01038	0.00767	0.00803	0.00214	0.07433	0.00555	0.00421	0.01022
8	0.04437	0.06324	0.01776	0.05191	0.01918	0.04105	0.04397	0.11068	0.14291	0.10010	0.10635	0.08271	0.06735	0.04641	0.00896	0.00257	0.00662	0.02814	0.00644	0.00929
9	0.00914	0.00707	0.00818	0.00852	0.01012	0.00628	0.00607	0.01103	0.01630	0.02096	0.18942	0.24957	0.34748	0.06349	0.01052	0.00284	0.00398	0.01606	0.00686	0.00612
10	0.01092	0.00754	0.00906	0.00907	0.01107	0.00668	0.00674	0.01317	0.01732	0.07073	0.22379	0.21593	0.31256	0.01787	0.00870	0.00254	0.00403	0.03831	0.00723	0.00674
11	0.01792	0.25172	0.37823	0.01750	0.02575	0.06578	0.01999	0.06773	0.05060	0.02279	0.01316	0.01482	0.01012	0.00701	0.00625	0.00205	0.00955	0.00510	0.00363	0.01031
12	0.01511	0.00977	0.01321	0.01268	0.01525	0.00952	0.04092	0.02000	0.10860	0.13679	0.03792	0.29346	0.08975	0.01695	0.00876	0.00278	0.00562	0.14772	0.00706	0.00814
13	0.01241	0.00639	0.00930	0.00930	0.00930	0.00639	0.00611	0.00959	0.00959	0.01278	0.01373	0.02484	0.01411	0.10268	0.02933	0.70439	0.00639	0.00677	0.00329	0.00329
14	0.01612	0.08056	0.54842	0.02234	0.09792	0.01807	0.02458	0.06678	0.01670	0.02425	0.01321	0.01552	0.00966	0.00694	0.00681	0.00223	0.01015	0.00547	0.00341	0.01084
15	0.06080	0.01534	0.01767	0.15514	0.02439	0.08627	0.03480	0.17151	0.02071	0.08099	0.07761	0.13999	0.02380	0.01156	0.00769	0.00242	0.00767	0.04677	0.00592	0.00896
16	0.06818	0.01345	0.01669	0.01301	0.01832	0.01271	0.01070	0.14681	0.02253	0.49368	0.04973	0.02621	0.05511	0.00954	0.00727	0.00225	0.00626	0.00763	0.00831	0.01162
17	0.55040	0.01829	0.01589	0.01339	0.01811	0.12922	0.06778	0.06826	0.01563	0.03033	0.01121	0.01310	0.00870	0.00695	0.00538	0.00220	0.00757	0.00465	0.00450	0.00844
18	0.00941	0.00740	0.00849	0.00822	0.01032	0.00648	0.00616	0.01201	0.01849	0.02421	0.37229	0.06243	0.39475	0.01670	0.00858	0.00237	0.00356	0.01429	0.00735	0.00648
19	0.01790	0.03664	0.01721	0.07969	0.02069	0.01323	0.01099	0.06531	0.08994	0.10255	0.04205	0.04371	0.01606	0.00803	0.00735	0.00180	0.04565	0.00639	0.00539	0.36941
20	0.08180	0.17043	0.06474	0.11121	0.05237	0.19850	0.01500	0.15579	0.02027	0.04680	0.01316	0.01512	0.01024	0.00737	0.00633	0.00202	0.00943	0.00527	0.00444	0.00970

[dist]
# distance from previous block
# <min> <max>
0	1

[block]
# block no. 6 follows, 28 sequences, length 12
# corresponding to MSA columns:
# 597-602,604-609
name=unknown_G
#
# <colnr> <probs for GDERKNQSTAVLIFYWHMCP>
#	G	D	E	R	K	N	Q	S	T	A	V	L	I	F	Y	W	H	M	C	P
0	0.01893	0.05150	0.05933	0.23145	0.14958	0.03462	0.01692	0.10090	0.07814	0.09115	0.03362	0.02193	0.01463	0.00813	0.00715	0.00224	0.00826	0.02600	0.00497	0.04054
1	0.12675	0.01839	0.07828	0.15111	0.04843	0.07056	0.07845	0.14613	0.03980	0.06626	0.01775	0.09371	0.01498	0.00914	0.00714	0.00234	0.00848	0.00771	0.00508	0.00951
2	0.00897	0.00648	0.00852	0.01010	0.01070	0.00603	0.00690	0.01036	0.01420	0.01876	0.04201	0.66998	0.08668	0.02239	0.00927	0.00294	0.00430	0.04871	0.00675	0.00595
3	0.00881	0.00651	0.00824	0.00962	0.01041	0.00595	0.00653	0.01018	0.01440	0.01875	0.04614	0.61856	0.16539	0.02198	0.00915	0.00286	0.00412	0.01970	0.00675	0.00595
4	0.01652	0.01551	0.02336	0.06717	0.02401	0.04335	0.15811	0.05637	0.07532	0.04459	0.01960	0.15520	0.01873	0.01201	0.01304	0.00273	0.23119	0.00971	0.00478	0.00870
5	0.02026	0.31546	0.19562	0.01513	0.02183	0.08112	0.01557	0.04459	0.05347	0.10932	0.03582	0.01802	0.02938	0.00767	0.00616	0.00197	0.00844	0.00562	0.00450	0.01005
6	0.07918	0.00713	0.00882	0.01026	0.01112	0.00697	0.00714	0.01141	0.01394	0.01999	0.03730	0.63682	0.04413	0.02119	0.00890	0.00291	0.00449	0.05562	0.00654	0.00613
7	0.67526	0.01729	0.01224	0.01100	0.01538	0.12599	0.00884	0.02257	0.01366	0.03029	0.01030	0.01201	0.00811	0.00686	0.00482	0.00219	0.00680	0.00405	0.00438	0.00796
8	0.01028	0.00708	0.00801	0.00804	0.00843	0.00689	0.00478	0.01075	0.01200	0.01587	0.07436	0.07915	0.09854	0.59092	0.03102	0.00609	0.00634	0.01165	0.00499	0.00481
9	0.07569	0.27846	0.02567	0.01742	0.10167	0.11510	0.01296	0.08053	0.09943	0.02309	0.01488	0.01774	0.01267	0.04514	0.04848	0.00274	0.00886	0.00562	0.00435	0.00950
10	0.13031	0.24884	0.10295	0.03130	0.02008	0.02024	0.01311	0.13062	0.07799	0.06066	0.03805	0.04549	0.01487	0.00826	0.00609	0.00206	0.00724	0.00615	0.02586	0.00982
11	0.02090	0.11712	0.08192	0.07785	0.09244	0.09901	0.01485	0.16660	0.03644	0.06361	0.01525	0.01704	0.01169	0.00734	0.00645	0.00193	0.00828	0.00567	0.04539	0.11023

[dist]
# distance from previous block
# <min> <max>
0	4

[block]
# block no. 7 follows, 28 sequences, length 21
# corresponding to MSA columns:
# 614-634
name=unknown_H
#
# <colnr> <probs for GDERKNQSTAVLIFYWHMCP>
#	G	D	E	R	K	N	Q	S	T	A	V	L	I	F	Y	W	H	M	C	P
0	0.01814	0.09326	0.24233	0.06197	0.02735	0.01745	0.11381	0.06348	0.11704	0.08770	0.04758	0.02033	0.01514	0.00779	0.00711	0.00223	0.00878	0.00675	0.00487	0.03690
1	0.00928	0.00718	0.00846	0.00859	0.01036	0.00636	0.00627	0.01160	0.01752	0.02297	0.29932	0.20121	0.32879	0.01798	0.00873	0.00249	0.00370	0.01561	0.00722	0.00636
2	0.02302	0.07170	0.02523	0.10402	0.12690	0.31126	0.07016	0.13687	0.02098	0.02399	0.01307	0.01574	0.01037	0.00733	0.00690	0.00206	0.01076	0.00574	0.00422	0.00969
3	0.01046	0.00787	0.00953	0.00972	0.01139	0.00722	0.00691	0.04333	0.01638	0.02193	0.14812	0.38879	0.16530	0.05145	0.00992	0.00277	0.00438	0.01618	0.00670	0.06165
4	0.02273	0.01400	0.01833	0.01450	0.01926	0.01391	0.07092	0.17960	0.09197	0.24604	0.12947	0.03184	0.09315	0.01060	0.00775	0.00230	0.00645	0.00903	0.00756	0.01058
5	0.05599	0.23857	0.23310	0.01879	0.02634	0.02144	0.13806	0.11319	0.04469	0.02523	0.01361	0.01564	0.01047	0.00692	0.00651	0.00210	0.00933	0.00573	0.00401	0.01027
6	0.00905	0.00648	0.00861	0.00999	0.01059	0.00603	0.00676	0.01061	0.01482	0.02000	0.12909	0.64666	0.05086	0.02170	0.00918	0.00286	0.00411	0.01964	0.00692	0.00603
7	0.05111	0.01832	0.12799	0.01426	0.01953	0.05450	0.01302	0.10072	0.14795	0.19300	0.10176	0.02536	0.02188	0.00927	0.00708	0.00223	0.00688	0.00745	0.06721	0.01045
8	0.02171	0.02153	0.04885	0.07239	0.14824	0.20149	0.04497	0.11724	0.05859	0.06915	0.01660	0.02009	0.01314	0.00830	0.00781	0.00220	0.04118	0.02636	0.05022	0.00994
9	0.01847	0.00970	0.01234	0.01060	0.01397	0.00876	0.00840	0.04837	0.02035	0.26114	0.29920	0.04640	0.16277	0.01341	0.00814	0.00234	0.00474	0.03403	0.00804	0.00886
10	0.00903	0.00662	0.00853	0.00999	0.01078	0.00612	0.00695	0.01054	0.01449	0.01894	0.04453	0.59880	0.13616	0.02197	0.00924	0.00291	0.00433	0.06730	0.00674	0.00600
11	0.01758	0.20065	0.39978	0.01730	0.02555	0.04437	0.02005	0.09670	0.01753	0.02431	0.01352	0.01544	0.01024	0.00708	0.00628	0.00206	0.00932	0.00523	0.05677	0.01024
12	0.01761	0.24920	0.34380	0.02164	0.13176	0.02099	0.02074	0.07341	0.01683	0.02311	0.01259	0.01481	0.00985	0.00677	0.00630	0.00204	0.00930	0.00519	0.00349	0.01056
13	0.01497	0.06516	0.63087	0.02111	0.03142	0.01747	0.07379	0.02299	0.01546	0.02280	0.01305	0.01551	0.00935	0.00682	0.00694	0.00228	0.01073	0.00555	0.00312	0.01062
14	0.01041	0.00802	0.01048	0.01058	0.01230	0.00755	0.03243	0.01231	0.01539	0.04262	0.05022	0.34588	0.29424	0.01933	0.00963	0.00276	0.03700	0.06579	0.00655	0.00651
15	0.01557	0.01521	0.02722	0.24195	0.28570	0.01578	0.14522	0.02006	0.01576	0.02161	0.01615	0.08787	0.01435	0.00817	0.00762	0.00233	0.00911	0.00816	0.00383	0.03835
16	0.20075	0.01586	0.01699	0.16900	0.02479	0.07098	0.01264	0.14857	0.05155	0.12947	0.01970	0.05247	0.03960	0.00895	0.00673	0.00229	0.00751	0.00695	0.00569	0.00951
17	0.01140	0.00992	0.01261	0.01218	0.01394	0.03969	0.04673	0.01332	0.01469	0.01929	0.03672	0.38674	0.12808	0.04844	0.01107	0.00288	0.06211	0.05707	0.00587	0.06725
18	0.11942	0.10694	0.06714	0.09013	0.02413	0.15057	0.05587	0.08375	0.03999	0.06579	0.04418	0.01764	0.01323	0.00796	0.00757	0.00215	0.05432	0.00589	0.00460	0.03875
19	0.06992	0.18317	0.19983	0.01761	0.06195	0.06030	0.01655	0.13890	0.01914	0.09966	0.01517	0.03387	0.01179	0.00791	0.00703	0.00212	0.03416	0.00582	0.00472	0.01041
20	0.08434	0.09661	0.18459	0.01579	0.02232	0.01759	0.04398	0.15984	0.07810	0.10494	0.06990	0.02039	0.01666	0.00820	0.00677	0.00215	0.00774	0.00650	0.00557	0.04803

[dist]
# distance from previous block
# <min> <max>
1	20

[block]
# block no. 8 follows, 28 sequences, length 158
# corresponding to MSA columns:
# 661-818
name=unknown_I
#
# <colnr> <probs for GDERKNQSTAVLIFYWHMCP>
#	G	D	E	R	K	N	Q	S	T	A	V	L	I	F	Y	W	H	M	C	P
0	0.01994	0.01528	0.01577	0.10464	0.02094	0.12849	0.01154	0.06502	0.10066	0.15526	0.07068	0.11246	0.02435	0.04569	0.00894	0.00257	0.00736	0.04159	0.03982	0.00901
1	0.00922	0.00662	0.00873	0.01007	0.01076	0.00619	0.00696	0.01083	0.01481	0.01981	0.11128	0.58622	0.07015	0.04030	0.00994	0.00299	0.00434	0.05791	0.00682	0.00602
2	0.01043	0.00759	0.00981	0.01071	0.01191	0.00718	0.00766	0.04244	0.01564	0.02111	0.08098	0.55957	0.04524	0.02043	0.00901	0.00281	0.00464	0.07942	0.00672	0.04669
3	0.01516	0.01470	0.02403	0.19767	0.20825	0.04395	0.11579	0.01868	0.01512	0.02026	0.01794	0.14814	0.01739	0.01093	0.00997	0.03991	0.06018	0.00925	0.00404	0.00863
4	0.14138	0.05001	0.01706	0.01242	0.01792	0.01241	0.01037	0.03272	0.01929	0.57305	0.02507	0.02222	0.01610	0.00853	0.00677	0.00221	0.00619	0.00665	0.00805	0.01157
5	0.02330	0.01530	0.01588	0.01348	0.01742	0.10550	0.01059	0.15263	0.04645	0.24661	0.09749	0.12573	0.02563	0.01289	0.03187	0.00260	0.00724	0.00935	0.03007	0.00994
6	0.01143	0.00754	0.00991	0.01077	0.01190	0.00727	0.00762	0.04376	0.01550	0.06214	0.05846	0.58020	0.04345	0.02255	0.04546	0.00331	0.00536	0.03988	0.00680	0.00670
7	0.02198	0.01340	0.04557	0.01273	0.01725	0.01229	0.01062	0.08554	0.15088	0.28997	0.16263	0.03403	0.08883	0.01105	0.00767	0.00231	0.00570	0.00921	0.00787	0.01048
8	0.00930	0.00685	0.00875	0.01007	0.01086	0.00649	0.00686	0.01153	0.04335	0.01962	0.07126	0.62734	0.09757	0.02153	0.00911	0.00286	0.00421	0.01939	0.00683	0.00621
9	0.01580	0.01325	0.02294	0.04462	0.02300	0.01421	0.19825	0.05253	0.01532	0.07943	0.01836	0.05666	0.01591	0.02641	0.27761	0.00602	0.09848	0.00829	0.00447	0.00844
10	0.01790	0.01683	0.03101	0.15650	0.11331	0.01700	0.31715	0.06336	0.06286	0.06748	0.01912	0.02247	0.04474	0.00756	0.00793	0.00238	0.00986	0.00803	0.00454	0.00995
11	0.01838	0.01766	0.15223	0.01425	0.01931	0.01385	0.01325	0.15844	0.10674	0.12032	0.07247	0.14622	0.09107	0.01222	0.00777	0.00241	0.00666	0.01026	0.00659	0.00989
12	0.01437	0.03191	0.54838	0.12156	0.03351	0.01647	0.05188	0.02192	0.01513	0.02210	0.01340	0.01673	0.00978	0.00919	0.04078	0.00277	0.01107	0.00578	0.00316	0.01012
13	0.01169	0.00785	0.00965	0.00958	0.01152	0.00720	0.00703	0.01475	0.04623	0.08162	0.25689	0.26483	0.20878	0.01743	0.00863	0.00254	0.00407	0.01528	0.00737	0.00706
14	0.06607	0.01785	0.08954	0.20170	0.16187	0.04098	0.04869	0.05842	0.08083	0.06799	0.01609	0.01918	0.01220	0.00777	0.00784	0.00232	0.04524	0.00648	0.03907	0.00986
15	0.02233	0.01761	0.01775	0.01484	0.01882	0.13184	0.04202	0.23584	0.07372	0.09678	0.02070	0.08189	0.01698	0.01091	0.00868	0.06020	0.00767	0.00776	0.10408	0.00958
16	0.01102	0.00752	0.00972	0.01052	0.01171	0.00722	0.00746	0.04294	0.01562	0.05086	0.07306	0.53523	0.08484	0.02269	0.05223	0.00336	0.00541	0.03521	0.00676	0.00662
17	0.05745	0.01795	0.02388	0.35348	0.19721	0.12966	0.04952	0.02148	0.01588	0.02059	0.01264	0.01753	0.01004	0.00724	0.00767	0.00229	0.03684	0.00614	0.00349	0.00902
18	0.01753	0.01755	0.05288	0.08762	0.02703	0.07535	0.20808	0.06661	0.12258	0.05355	0.04276	0.13346	0.02039	0.01033	0.00842	0.00246	0.02917	0.00963	0.00527	0.00935
19	0.01957	0.01290	0.01502	0.07377	0.01900	0.03655	0.01071	0.15474	0.06407	0.16454	0.10248	0.09697	0.10772	0.01228	0.00777	0.00237	0.00619	0.04041	0.04357	0.00936
20	0.04132	0.00852	0.01060	0.01043	0.01243	0.00819	0.00775	0.03482	0.01577	0.12627	0.06131	0.26142	0.13005	0.10654	0.07807	0.00403	0.00653	0.06225	0.00653	0.00717
21	0.01494	0.11465	0.38062	0.17201	0.05138	0.01755	0.02152	0.02112	0.01517	0.02158	0.03513	0.01768	0.01177	0.00741	0.00723	0.00223	0.03264	0.00581	0.03996	0.00962
22	0.05492	0.01813	0.03223	0.02414	0.02928	0.05319	0.38732	0.02289	0.01641	0.08109	0.04956	0.02041	0.01407	0.00822	0.01119	0.00253	0.15292	0.00785	0.00430	0.00935
23	0.01301	0.00915	0.01351	0.01276	0.01506	0.00865	0.07052	0.01641	0.04445	0.08738	0.12869	0.30328	0.09394	0.01742	0.00894	0.00276	0.00554	0.13426	0.00687	0.00742
24	0.01687	0.01517	0.01873	0.12946	0.02327	0.08414	0.04949	0.06855	0.07143	0.05143	0.09458	0.07538	0.03893	0.01268	0.03568	0.00283	0.16002	0.00860	0.03425	0.00851
25	0.21922	0.10846	0.14482	0.01276	0.01868	0.01507	0.01255	0.02576	0.01627	0.24515	0.01819	0.01836	0.01279	0.00763	0.00594	0.00211	0.00677	0.00561	0.09395	0.00991
26	0.01458	0.03760	0.70688	0.02072	0.03146	0.01688	0.02686	0.02302	0.01535	0.02302	0.01304	0.01535	0.00921	0.00691	0.00691	0.00230	0.01074	0.00537	0.00307	0.01074
27	0.01831	0.02008	0.02219	0.44039	0.10538	0.23296	0.01849	0.02218	0.01661	0.01884	0.01247	0.01730	0.00977	0.00726	0.00704	0.00223	0.01065	0.00591	0.00343	0.00852
28	0.01775	0.34972	0.19389	0.01925	0.12463	0.02120	0.01686	0.04070	0.01588	0.04445	0.01502	0.08230	0.01365	0.00814	0.00619	0.00200	0.00824	0.00641	0.00384	0.00988
29	0.01799	0.01727	0.02950	0.04462	0.69919	0.01727	0.02231	0.02231	0.01655	0.02375	0.01367	0.01799	0.01151	0.00648	0.00720	0.00216	0.00864	0.00648	0.00360	0.01151
30	0.00886	0.00633	0.00843	0.01012	0.01054	0.00590	0.00675	0.01012	0.01392	0.01856	0.04006	0.73979	0.04808	0.02277	0.00928	0.00295	0.00422	0.02066	0.00675	0.00590
31	0.01418	0.01316	0.02181	0.49584	0.16082	0.01562	0.01886	0.01842	0.01438	0.01912	0.01389	0.02111	0.01145	0.04972	0.05506	0.00324	0.03476	0.00676	0.00340	0.00839
32	0.02288	0.01583	0.05237	0.01430	0.01887	0.07212	0.03989	0.12491	0.06175	0.24801	0.08991	0.05670	0.02358	0.01041	0.00746	0.00228	0.00696	0.04830	0.07331	0.01017
33	0.01972	0.72390	0.03753	0.01258	0.01879	0.02855	0.01249	0.04419	0.01544	0.01809	0.01036	0.01186	0.00943	0.00630	0.00475	0.00158	0.00778	0.00398	0.00325	0.00943
34	0.01499	0.01566	0.01249	0.01200	0.01424	0.22615	0.00885	0.01730	0.01877	0.02225	0.26865	0.16362	0.14801	0.01453	0.00807	0.00230	0.00661	0.01219	0.00626	0.00706
35	0.12107	0.01429	0.02006	0.02272	0.22873	0.01423	0.03797	0.06138	0.04977	0.21913	0.02282	0.02587	0.04997	0.04997	0.00878	0.00255	0.00711	0.02717	0.00594	0.01045
36	0.01713	0.16107	0.52398	0.01852	0.02799	0.01840	0.02279	0.02396	0.01576	0.08574	0.01399	0.01557	0.01005	0.00698	0.00655	0.00216	0.00979	0.00529	0.00363	0.01064
37	0.03118	0.01205	0.01641	0.01269	0.01806	0.01044	0.01044	0.03403	0.02079	0.66073	0.07163	0.02665	0.02125	0.00937	0.00739	0.00225	0.00601	0.00769	0.00893	0.01202
38	0.02715	0.03464	0.02060	0.01873	0.02247	0.71536	0.01404	0.02903	0.02060	0.01779	0.01124	0.01311	0.00936	0.00749	0.00655	0.00187	0.01311	0.00468	0.00375	0.00843
39	0.01873	0.07786	0.14046	0.14959	0.05462	0.11704	0.15678	0.02334	0.01639	0.07903	0.01427	0.01780	0.01090	0.00913	0.03442	0.00263	0.05726	0.00639	0.00389	0.00945
40	0.01373	0.01292	0.02180	0.72707	0.05006	0.01615	0.02019	0.01857	0.01453	0.01857	0.01292	0.01938	0.00969	0.00727	0.00727	0.00242	0.00969	0.00646	0.00323	0.00807
41	0.02817	0.01138	0.01530	0.01212	0.01700	0.00987	0.00986	0.03092	0.02028	0.57357	0.09436	0.05495	0.06728	0.01062	0.00758	0.00229	0.00570	0.00883	0.00868	0.01123
42	0.02339	0.01768	0.01942	0.14724	0.04462	0.10535	0.01389	0.22094	0.08252	0.15988	0.04180	0.05511	0.01693	0.00926	0.00733	0.00226	0.00810	0.00747	0.00632	0.01049
43	0.00945	0.00700	0.00890	0.01018	0.01106	0.00666	0.00705	0.01189	0.04862	0.01975	0.06691	0.59756	0.10450	0.02135	0.00912	0.00287	0.00430	0.03973	0.00683	0.00627
44	0.00907	0.00644	0.00850	0.01006	0.01049	0.00607	0.00673	0.01031	0.01376	0.01833	0.03875	0.66771	0.04628	0.07601	0.01135	0.00327	0.00451	0.03996	0.00657	0.00582
45	0.03211	0.01248	0.01685	0.01300	0.01857	0.01094	0.01071	0.03554	0.04397	0.68076	0.02871	0.02482	0.01814	0.00903	0.00731	0.00226	0.00617	0.00734	0.00894	0.01234
46	0.01806	0.01774	0.03721	0.02692	0.03355	0.01653	0.54525	0.02354	0.01763	0.09268	0.05685	0.04509	0.01629	0.00746	0.00847	0.00244	0.01086	0.00910	0.00457	0.00977
47	0.01506	0.10761	0.64105	0.01990	0.03020	0.01805	0.02544	0.02290	0.01529	0.02244	0.01276	0.01498	0.00922	0.00684	0.00669	0.00223	0.01045	0.00523	0.00307	0.01060
48	0.00962	0.00740	0.00879	0.00845	0.01045	0.00658	0.00633	0.01243	0.01900	0.02541	0.45124	0.06045	0.31504	0.01625	0.00858	0.00235	0.00353	0.01401	0.00751	0.00658
49	0.01943	0.74891	0.03809	0.01244	0.01866	0.02876	0.01244	0.02177	0.01477	0.01710	0.01011	0.01166	0.00933	0.00622	0.00466	0.00155	0.00777	0.00389	0.00311	0.00933
50	0.01584	0.22207	0.53344	0.01857	0.02814	0.01996	0.02312	0.02270	0.01520	0.02149	0.01228	0.01439	0.00924	0.00673	0.00632	0.00211	0.00997	0.00499	0.00308	0.01038
51	0.01942	0.02091	0.02346	0.25026	0.03210	0.21570	0.07562	0.07390	0.01729	0.02070	0.01221	0.01670	0.00990	0.00856	0.01088	0.00242	0.17147	0.00613	0.00373	0.00864
52	0.01600	0.01619	0.02384	0.01997	0.02053	0.02197	0.06609	0.01794	0.01159	0.01794	0.00994	0.01619	0.00966	0.01222	0.02269	0.00312	0.67631	0.00653	0.00322	0.00809
53	0.02563	0.05192	0.01730	0.01324	0.01788	0.05811	0.01078	0.11786	0.04646	0.36738	0.08029	0.06909	0.04678	0.01073	0.00748	0.00228	0.00655	0.03186	0.00769	0.01070
54	0.01781	0.01644	0.02185	0.36148	0.15264	0.07808	0.01771	0.12410	0.03999	0.02443	0.01652	0.02045	0.03342	0.00787	0.00716	0.00227	0.00899	0.00668	0.03275	0.00938
55	0.00990	0.00763	0.01077	0.01140	0.01280	0.00713	0.04144	0.01203	0.01533	0.02004	0.06801	0.43558	0.14403	0.02040	0.00927	0.00291	0.00504	0.15331	0.00663	0.00634
56	0.01495	0.09194	0.65578	0.02009	0.03048	0.01779	0.02576	0.02292	0.01530	0.02257	0.01282	0.01507	0.00922	0.00685	0.00673	0.00224	0.01052	0.00526	0.00307	0.01063
57	0.02003	0.15075	0.10815	0.07043	0.18933	0.06365	0.08300	0.02491	0.04632	0.11694	0.01547	0.01774	0.01183	0.00736	0.00763	0.00217	0.04338	0.00617	0.00435	0.01039
58	0.02263	0.02319	0.14526	0.01694	0.04313	0.16406	0.01487	0.19604	0.02218	0.12590	0.04500	0.02283	0.04950	0.03924	0.03445	0.00271	0.00934	0.00694	0.00565	0.01016
59	0.01773	0.01408	0.01624	0.09331	0.02100	0.01579	0.01173	0.18749	0.26951	0.03056	0.06025	0.15659	0.02536	0.01188	0.00768	0.00245	0.00627	0.01010	0.03206	0.00991
60	0.01660	0.01814	0.05807	0.11499	0.26417	0.04113	0.26785	0.02149	0.01642	0.02229	0.01607	0.07866	0.01400	0.00785	0.00787	0.00236	0.01001	0.00835	0.00383	0.00985
61	0.02229	0.02287	0.07377	0.02295	0.12846	0.21136	0.11725	0.08690	0.05858	0.10820	0.01886	0.04604	0.03235	0.00838	0.00736	0.00220	0.00977	0.00720	0.00505	0.01016
62	0.01747	0.02233	0.15811	0.06242	0.07598	0.04673	0.33651	0.08180	0.01799	0.02443	0.01548	0.05469	0.01254	0.00770	0.00842	0.00240	0.03312	0.00794	0.00401	0.00992
63	0.01063	0.00764	0.00964	0.04561	0.01285	0.00710	0.00737	0.01296	0.01691	0.05140	0.23642	0.23148	0.23691	0.04440	0.00974	0.00272	0.00439	0.03826	0.00694	0.00661
64	0.01569	0.01515	0.02615	0.39151	0.30513	0.01693	0.06078	0.02030	0.01538	0.02087	0.01322	0.01873	0.01049	0.00706	0.00786	0.00234	0.03286	0.00659	0.00340	0.00954
65	0.01485	0.01478	0.02520	0.08098	0.02639	0.04732	0.26948	0.05294	0.01670	0.02213	0.04595	0.25734	0.02500	0.01260	0.00942	0.00261	0.05101	0.01211	0.00496	0.00823
66	0.01155	0.00773	0.01091	0.01127	0.01277	0.00713	0.03611	0.01349	0.01542	0.07852	0.07124	0.50389	0.09547	0.01992	0.00906	0.00283	0.00487	0.07417	0.00686	0.00676
67	0.01458	0.03760	0.70688	0.02072	0.03146	0.01688	0.02686	0.02302	0.01535	0.02302	0.01304	0.01535	0.00921	0.00691	0.00691	0.00230	0.01074	0.00537	0.00307	0.01074
68	0.01753	0.01592	0.03187	0.02373	0.02925	0.01508	0.42771	0.02218	0.01706	0.11140	0.05213	0.13190	0.02024	0.00971	0.00912	0.00252	0.03790	0.01039	0.00502	0.00933
69	0.01493	0.01426	0.02452	0.52988	0.21276	0.01651	0.04478	0.01969	0.01514	0.02005	0.01318	0.01904	0.01020	0.00703	0.00730	0.00236	0.00952	0.00654	0.00334	0.00900
70	0.01631	0.01659	0.02220	0.01907	0.01921	0.04756	0.01584	0.01791	0.01148	0.01750	0.00960	0.01580	0.00954	0.01253	0.02322	0.00313	0.70503	0.00630	0.00320	0.00797
71	0.08736	0.01625	0.01867	0.01496	0.01990	0.06621	0.03635	0.12951	0.10768	0.34520	0.02263	0.02133	0.01546	0.00892	0.00815	0.00231	0.05381	0.00684	0.00722	0.01124
72	0.04037	0.14606	0.44324	0.01911	0.05182	0.01912	0.02153	0.08474	0.04019	0.04850	0.01404	0.01568	0.01032	0.00712	0.00655	0.00217	0.00946	0.00541	0.00389	0.01070
73	0.01956	0.01232	0.04486	0.01425	0.04934	0.01079	0.03509	0.02466	0.09524	0.26240	0.07942	0.08912	0.14650	0.01284	0.00805	0.00247	0.00596	0.07026	0.00727	0.00962
74	0.01104	0.00780	0.00962	0.00955	0.01143	0.00722	0.00710	0.01436	0.04760	0.05614	0.32759	0.21021	0.19649	0.01711	0.00868	0.00252	0.00401	0.03721	0.00742	0.00694
75	0.01518	0.01456	0.02518	0.48711	0.24406	0.01660	0.05396	0.01993	0.01527	0.02036	0.01324	0.01897	0.01030	0.00697	0.00731	0.00234	0.00950	0.00657	0.00336	0.00919
76	0.05034	0.27272	0.29479	0.01546	0.02288	0.01959	0.01727	0.04816	0.01675	0.08245	0.08062	0.01868	0.01593	0.00770	0.00626	0.00203	0.00829	0.00579	0.00431	0.00997
77	0.01333	0.00767	0.00996	0.01020	0.01195	0.00690	0.00732	0.01514	0.01612	0.14601	0.09990	0.46073	0.12856	0.01897	0.00876	0.00270	0.00444	0.01685	0.00727	0.00721
78	0.02287	0.01669	0.01919	0.01577	0.02072	0.01832	0.04052	0.22080	0.37450	0.13075	0.02532	0.02367	0.01828	0.00925	0.00740	0.00235	0.00674	0.00762	0.00743	0.01180
79	0.05753	0.09804	0.06602	0.01642	0.02183	0.11144	0.07398	0.10953	0.08056	0.21509	0.01959	0.04009	0.01452	0.00858	0.00754	0.00221	0.03372	0.00678	0.00596	0.01055
80	0.01557	0.02087	0.15910	0.18751	0.03848	0.01711	0.37825	0.02164	0.01610	0.02197	0.01498	0.04690	0.01183	0.00718	0.00800	0.00244	0.01107	0.00797	0.00358	0.00943
81	0.01487	0.00948	0.01223	0.01177	0.01386	0.03287	0.03414	0.01687	0.01559	0.14544	0.03514	0.28969	0.08599	0.10909	0.05192	0.00377	0.00669	0.09680	0.00648	0.00731
82	0.09423	0.01747	0.01944	0.01653	0.05266	0.06838	0.03804	0.23597	0.10671	0.22028	0.02242	0.02159	0.03562	0.00877	0.00709	0.00224	0.00745	0.00695	0.00693	0.01124
83	0.04252	0.01549	0.01654	0.06864	0.03886	0.09906	0.01174	0.17059	0.04441	0.13421	0.05807	0.14480	0.02363	0.03667	0.03149	0.00283	0.00775	0.03699	0.00635	0.00933
84	0.01610	0.26096	0.49687	0.01812	0.02744	0.02061	0.02233	0.02263	0.01517	0.02116	0.01212	0.01419	0.00925	0.00669	0.00620	0.00207	0.00981	0.00491	0.00308	0.01030
85	0.01450	0.01386	0.02390	0.59667	0.14198	0.01642	0.05156	0.01933	0.01495	0.01953	0.01311	0.01919	0.01001	0.00710	0.00732	0.00239	0.00966	0.00656	0.00330	0.00865
86	0.01575	0.20971	0.54505	0.01871	0.02836	0.01976	0.02337	0.02272	0.01521	0.02159	0.01233	0.01445	0.00924	0.00674	0.00636	0.00212	0.01002	0.00501	0.00308	0.01040
87	0.01823	0.01820	0.02778	0.12198	0.11281	0.08667	0.20339	0.04653	0.04852	0.04609	0.01554	0.02167	0.01285	0.00877	0.01080	0.00252	0.14441	0.03968	0.00417	0.00940
88	0.01628	0.01121	0.01368	0.01256	0.01492	0.03618	0.03220	0.10105	0.07639	0.08815	0.04612	0.22714	0.04502	0.04398	0.01325	0.15374	0.00624	0.04818	0.00613	0.00756
89	0.02564	0.01590	0.01780	0.01438	0.01926	0.03528	0.01160	0.27326	0.13757	0.24740	0.04887	0.05728	0.01965	0.00985	0.00736	0.00227	0.00671	0.00794	0.03056	0.01144
90	0.05464	0.01642	0.01849	0.01501	0.01948	0.09858	0.05599	0.15610	0.04304	0.24981	0.07501	0.07505	0.02099	0.01007	0.00789	0.00228	0.03058	0.00820	0.03209	0.01029
91	0.01435	0.01063	0.01464	0.01330	0.01587	0.01081	0.06499	0.04054	0.12129	0.08061	0.12259	0.24255	0.07411	0.04059	0.01012	0.00282	0.03246	0.07288	0.00675	0.00810
