[name]
unknown

[dist]
# distance from previous block
# <min> <max>
0	9

[block]
# block no. 0 follows, 35 sequences, length 15
# corresponding to MSA columns:
# 9-23
name=unknown_A
#
# <colnr> <probs for GDERKNQSTAVLIFYWHMCP>
#	G	D	E	R	K	N	Q	S	T	A	V	L	I	F	Y	W	H	M	C	P
0	0.01163	0.00812	0.00946	0.00892	0.00996	0.00856	0.00610	0.10939	0.04076	0.01737	0.02008	0.06934	0.02133	0.45850	0.09233	0.05138	0.00707	0.04003	0.00438	0.00532
1	0.56521	0.01147	0.00996	0.00874	0.01241	0.01283	0.00711	0.04913	0.04098	0.08649	0.04563	0.01513	0.01171	0.00672	0.00455	0.00192	0.00474	0.00456	0.09339	0.00734
2	0.01490	0.28829	0.25361	0.06847	0.14966	0.01850	0.08527	0.01937	0.01351	0.01817	0.01072	0.01326	0.00861	0.00571	0.00555	0.00178	0.00822	0.00474	0.00283	0.00883
3	0.01503	0.01849	0.15002	0.16286	0.44266	0.06251	0.01937	0.01938	0.01418	0.01947	0.01158	0.01524	0.00929	0.00590	0.00621	0.00193	0.00828	0.00538	0.00301	0.00922
4	0.14316	0.01140	0.01390	0.01095	0.01547	0.01085	0.00899	0.09727	0.01825	0.51271	0.07421	0.02120	0.01718	0.00792	0.00610	0.00196	0.00531	0.00626	0.00706	0.00986
5	0.00891	0.00649	0.00775	0.00777	0.00838	0.00655	0.00512	0.00977	0.01107	0.01469	0.07305	0.11436	0.14734	0.42237	0.09925	0.00516	0.03226	0.01056	0.00451	0.00466
6	0.01687	0.11139	0.23069	0.02186	0.21728	0.08765	0.03690	0.07287	0.03751	0.06203	0.03728	0.01564	0.01141	0.00642	0.00598	0.00186	0.00805	0.00530	0.00371	0.00928
7	0.00773	0.00552	0.00736	0.00883	0.00920	0.00515	0.00589	0.00883	0.01215	0.01619	0.03497	0.77291	0.04196	0.01987	0.00810	0.00258	0.00368	0.01803	0.00589	0.00515
8	0.00794	0.00620	0.00720	0.00746	0.00897	0.00546	0.00540	0.00977	0.01475	0.01902	0.22867	0.24581	0.37815	0.01628	0.00765	0.00222	0.00328	0.01413	0.00617	0.00546
9	0.04505	0.01451	0.02134	0.14567	0.42901	0.04936	0.01639	0.04619	0.07919	0.02160	0.05891	0.01821	0.01363	0.00662	0.00627	0.00194	0.00723	0.00600	0.00379	0.00910
10	0.01403	0.08769	0.57299	0.01754	0.02584	0.04180	0.05475	0.04133	0.04878	0.02044	0.01202	0.01381	0.00876	0.00614	0.00597	0.00196	0.00903	0.00485	0.00302	0.00924
11	0.00975	0.00705	0.00937	0.00996	0.01067	0.00737	0.00712	0.03795	0.01273	0.04244	0.03049	0.61129	0.03544	0.01930	0.04079	0.00287	0.07863	0.01545	0.00557	0.00577
12	0.03770	0.23493	0.23453	0.01636	0.04324	0.04404	0.09443	0.08679	0.07588	0.04159	0.01265	0.01413	0.00973	0.00630	0.00594	0.00184	0.02231	0.00499	0.00363	0.00901
13	0.01198	0.04628	0.01916	0.44894	0.03287	0.01308	0.09030	0.01623	0.03934	0.01728	0.01711	0.11093	0.01599	0.00910	0.00684	0.00223	0.00765	0.08398	0.00368	0.00702
14	0.01982	0.01577	0.01605	0.04758	0.01814	0.09534	0.01087	0.34288	0.11280	0.05656	0.01671	0.01780	0.01258	0.01031	0.05578	0.00245	0.03336	0.00583	0.10026	0.00911

[dist]
# distance from previous block
# <min> <max>
0	2

[block]
# block no. 1 follows, 35 sequences, length 30
# corresponding to MSA columns:
# 26-55
name=unknown_B
#
# <colnr> <probs for GDERKNQSTAVLIFYWHMCP>
#	G	D	E	R	K	N	Q	S	T	A	V	L	I	F	Y	W	H	M	C	P
0	0.04024	0.35914	0.18891	0.07135	0.02237	0.01903	0.09298	0.04339	0.01393	0.04216	0.01132	0.01335	0.00897	0.00588	0.00523	0.00171	0.00767	0.00461	0.03935	0.00842
1	0.03930	0.10065	0.12302	0.01302	0.01753	0.10709	0.01170	0.04647	0.26274	0.06839	0.02066	0.07657	0.04271	0.00848	0.00607	0.00195	0.00656	0.00676	0.00496	0.03537
2	0.00791	0.00632	0.00715	0.00770	0.00932	0.00556	0.00578	0.00956	0.01391	0.01715	0.05314	0.23601	0.47519	0.01718	0.00781	0.00235	0.00367	0.10304	0.00588	0.00537
3	0.01331	0.08607	0.04549	0.05087	0.08445	0.01118	0.03300	0.01634	0.01321	0.01951	0.01303	0.07362	0.01182	0.00621	0.00528	0.00134	0.00565	0.00528	0.00366	0.50064
4	0.01580	0.01309	0.01570	0.01175	0.01694	0.06600	0.06972	0.03670	0.01461	0.09774	0.01395	0.04882	0.01151	0.00600	0.00540	0.00131	0.00582	0.00509	0.00428	0.53979
5	0.00920	0.00627	0.00752	0.00752	0.00773	0.00648	0.00459	0.00961	0.00940	0.01274	0.01944	0.03848	0.02174	0.64352	0.16401	0.00689	0.00813	0.00878	0.00376	0.00418
6	0.02200	0.15526	0.05879	0.01552	0.01947	0.59188	0.01261	0.02400	0.01689	0.01567	0.00973	0.01133	0.00816	0.00633	0.00546	0.00161	0.01056	0.00400	0.00315	0.00759
7	0.06939	0.35152	0.18951	0.01283	0.01859	0.04184	0.01323	0.04967	0.10356	0.04683	0.03912	0.01465	0.01173	0.00648	0.00516	0.00172	0.00699	0.00469	0.00377	0.00868
8	0.01590	0.39970	0.21118	0.01360	0.01954	0.01919	0.04901	0.01991	0.03071	0.06784	0.05982	0.01509	0.01245	0.00653	0.00580	0.00172	0.03517	0.00485	0.00346	0.00852
9	0.26494	0.06885	0.01213	0.01025	0.03293	0.01198	0.00777	0.07216	0.07361	0.02437	0.13724	0.18321	0.05589	0.01079	0.00603	0.00207	0.00465	0.00885	0.00522	0.00706
10	0.00862	0.00631	0.00787	0.00786	0.00912	0.00581	0.00568	0.01079	0.01551	0.02117	0.42853	0.16172	0.15600	0.09566	0.01025	0.00257	0.00355	0.03117	0.00628	0.00553
11	0.04336	0.01336	0.01884	0.55180	0.10129	0.07382	0.01638	0.01866	0.06724	0.01780	0.01223	0.01663	0.00935	0.00645	0.00621	0.00205	0.00822	0.00555	0.00320	0.00756
12	0.01697	0.01728	0.13532	0.01889	0.02468	0.01413	0.30678	0.10453	0.05652	0.12865	0.01933	0.05952	0.05138	0.00761	0.00694	0.00209	0.00819	0.00754	0.00465	0.00901
13	0.00936	0.00664	0.00816	0.00768	0.00950	0.00595	0.00580	0.01194	0.01700	0.05213	0.51970	0.05013	0.24524	0.01362	0.00744	0.00203	0.00315	0.01180	0.00672	0.00601
14	0.01006	0.00772	0.00830	0.00895	0.01001	0.05913	0.00621	0.01140	0.01320	0.04916	0.05772	0.50769	0.12068	0.05588	0.00885	0.00255	0.00433	0.01480	0.03779	0.00558
15	0.01413	0.03038	0.58688	0.01777	0.02595	0.08632	0.04501	0.02177	0.07496	0.02021	0.01252	0.01421	0.00907	0.00627	0.00608	0.00199	0.00925	0.00494	0.00308	0.00921
16	0.01279	0.08651	0.65803	0.01701	0.02577	0.01506	0.02166	0.01950	0.01341	0.01958	0.01363	0.01535	0.04151	0.00645	0.00595	0.00197	0.00890	0.00499	0.00283	0.00910
17	0.00904	0.00679	0.00822	0.00881	0.01057	0.00628	0.00725	0.01140	0.01474	0.01896	0.10262	0.06253	0.33779	0.01599	0.00788	0.00243	0.00433	0.30971	0.04901	0.00565
18	0.01579	0.03793	0.02490	0.11390	0.28527	0.08724	0.15978	0.04283	0.04777	0.02021	0.04461	0.01722	0.01211	0.00662	0.00740	0.00200	0.05605	0.00614	0.00352	0.00872
19	0.03439	0.01289	0.08764	0.01406	0.04067	0.01116	0.09561	0.06735	0.05423	0.13694	0.17654	0.09841	0.02606	0.01085	0.02524	0.00230	0.04013	0.02419	0.03330	0.00805
20	0.00964	0.00644	0.00809	0.00882	0.00997	0.00599	0.00617	0.01171	0.04585	0.07214	0.03855	0.56541	0.15158	0.01782	0.00779	0.00244	0.00380	0.01589	0.00606	0.00584
21	0.01068	0.00926	0.00999	0.00971	0.01080	0.08637	0.00706	0.01218	0.01134	0.01472	0.04878	0.03152	0.07038	0.25174	0.35865	0.00699	0.03284	0.00784	0.00382	0.00534
22	0.01466	0.19085	0.36315	0.04770	0.06752	0.01740	0.11533	0.04607	0.04330	0.01988	0.01179	0.01397	0.00898	0.00596	0.00586	0.00188	0.00858	0.00503	0.00308	0.00902
23	0.01699	0.06740	0.24227	0.01616	0.04035	0.01333	0.11312	0.05294	0.01501	0.18747	0.01683	0.04259	0.01329	0.05008	0.04783	0.00268	0.02248	0.02592	0.00443	0.00883
24	0.02152	0.02704	0.01643	0.01501	0.01813	0.65133	0.01126	0.02315	0.01750	0.01574	0.01712	0.01811	0.10581	0.00782	0.00596	0.00170	0.01033	0.00534	0.00362	0.00709
25	0.01227	0.01427	0.12273	0.04250	0.03073	0.04145	0.11713	0.02915	0.01377	0.01909	0.09092	0.09975	0.04118	0.01375	0.06801	0.02419	0.09954	0.07088	0.04167	0.00701
26	0.01876	0.08711	0.14928	0.04776	0.05780	0.10094	0.07111	0.05070	0.08149	0.18055	0.03260	0.03520	0.01318	0.00737	0.00676	0.00196	0.03777	0.00597	0.00464	0.00905
27	0.01691	0.47956	0.02772	0.01270	0.01726	0.06306	0.07322	0.01914	0.01360	0.07127	0.01460	0.04983	0.04922	0.00730	0.00618	0.00169	0.05987	0.00538	0.00350	0.00797
28	0.02058	0.01023	0.01315	0.01089	0.01452	0.00966	0.00889	0.12052	0.01937	0.37013	0.21861	0.03306	0.02930	0.01025	0.00693	0.00207	0.00501	0.08071	0.00719	0.00895
29	0.06056	0.02002	0.06082	0.04902	0.03879	0.30818	0.07256	0.04033	0.04869	0.03872	0.03110	0.07872	0.03899	0.00956	0.01971	0.00214	0.00871	0.06173	0.00416	0.00752

[dist]
# distance from previous block
# <min> <max>
3	15

[block]
# block no. 2 follows, 35 sequences, length 76
# corresponding to MSA columns:
# 71-146
name=unknown_C
#
# <colnr> <probs for GDERKNQSTAVLIFYWHMCP>
#	G	D	E	R	K	N	Q	S	T	A	V	L	I	F	Y	W	H	M	C	P
0	0.06622	0.33377	0.07145	0.01341	0.01806	0.19904	0.03152	0.04679	0.06150	0.03843	0.01138	0.01286	0.00940	0.00759	0.02853	0.00193	0.03215	0.00435	0.00348	0.00815
1	0.06306	0.01411	0.04110	0.18856	0.09423	0.07625	0.01283	0.04313	0.12806	0.11663	0.01866	0.06386	0.03572	0.00827	0.00678	0.00205	0.03226	0.01969	0.00466	0.03010
2	0.02166	0.01745	0.01873	0.06550	0.07703	0.12411	0.03361	0.30728	0.12500	0.11994	0.01663	0.01691	0.01203	0.00733	0.00630	0.00193	0.00740	0.00581	0.00553	0.00981
3	0.00982	0.00690	0.00904	0.03009	0.01099	0.00683	0.00658	0.03063	0.01219	0.03874	0.04506	0.37745	0.02984	0.16149	0.14099	0.00439	0.00676	0.01237	0.00497	0.05488
4	0.03770	0.00710	0.00926	0.00983	0.02940	0.00732	0.00683	0.03183	0.01187	0.01649	0.06568	0.20708	0.04844	0.16353	0.08100	0.15045	0.02661	0.07995	0.00457	0.00505
5	0.01634	0.01340	0.01461	0.01125	0.01609	0.05635	0.00901	0.08460	0.09336	0.07862	0.01405	0.01509	0.01097	0.00612	0.00616	0.00139	0.04893	0.00464	0.00453	0.49449
6	0.12309	0.01174	0.01269	0.01148	0.01452	0.01284	0.00900	0.19201	0.18917	0.05484	0.02391	0.22174	0.02270	0.01162	0.00670	0.00223	0.00521	0.06032	0.00595	0.00823
7	0.00837	0.00629	0.00776	0.00788	0.00930	0.00569	0.00580	0.01059	0.01569	0.02109	0.38749	0.20840	0.22958	0.01541	0.00766	0.00219	0.00329	0.03545	0.00643	0.00564
8	0.07539	0.01509	0.02050	0.04637	0.12468	0.10743	0.14894	0.03963	0.01456	0.04198	0.04169	0.04696	0.05714	0.00898	0.00893	0.00218	0.12707	0.06074	0.00400	0.00773
9	0.00954	0.00667	0.00841	0.00853	0.00960	0.00667	0.00605	0.01154	0.03594	0.04001	0.11032	0.18350	0.11618	0.22288	0.16584	0.00493	0.00709	0.03583	0.00505	0.00540
10	0.01198	0.01128	0.01903	0.76180	0.04369	0.01409	0.01762	0.01621	0.01268	0.01621	0.01128	0.01691	0.00846	0.00634	0.00634	0.00211	0.00846	0.00564	0.00282	0.00705
11	0.01395	0.01409	0.02061	0.01732	0.01774	0.01921	0.05988	0.01560	0.01006	0.01560	0.00862	0.01409	0.00841	0.01073	0.01994	0.00273	0.71588	0.00568	0.00280	0.00705
12	0.02273	0.01298	0.03709	0.01359	0.06312	0.04441	0.01042	0.06455	0.12656	0.41902	0.02387	0.02274	0.04462	0.03008	0.03253	0.00237	0.00628	0.00664	0.00655	0.00985
13	0.02343	0.00991	0.01323	0.01081	0.01471	0.00884	0.00864	0.05642	0.01756	0.53938	0.06348	0.16114	0.02263	0.01032	0.00675	0.00208	0.00503	0.00876	0.00738	0.00950
14	0.00791	0.00592	0.00739	0.00838	0.00932	0.00539	0.00592	0.00937	0.01322	0.01716	0.08355	0.50915	0.21237	0.01838	0.00796	0.00246	0.00367	0.06123	0.00595	0.00530
15	0.04042	0.02156	0.23294	0.02334	0.15780	0.08050	0.22623	0.02094	0.06265	0.02041	0.01363	0.04598	0.01099	0.00653	0.00653	0.00202	0.00895	0.00632	0.00340	0.00887
16	0.01198	0.01128	0.01903	0.76180	0.04369	0.01409	0.01762	0.01621	0.01268	0.01621	0.01128	0.01691	0.00846	0.00634	0.00634	0.00211	0.00846	0.00564	0.00282	0.00705
17	0.02275	0.02838	0.02015	0.01743	0.02110	0.64641	0.08943	0.04775	0.01804	0.01687	0.01032	0.01219	0.00842	0.00644	0.00594	0.00170	0.01121	0.00451	0.00336	0.00760
18	0.01438	0.01365	0.02310	0.03335	0.59163	0.01350	0.04228	0.01784	0.01439	0.02027	0.03657	0.07585	0.05999	0.00756	0.00657	0.00196	0.00697	0.00729	0.00363	0.00922
19	0.01198	0.01128	0.01903	0.76180	0.04369	0.01409	0.01762	0.01621	0.01268	0.01621	0.01128	0.01691	0.00846	0.00634	0.00634	0.00211	0.00846	0.00564	0.00282	0.00705
20	0.01183	0.00591	0.00591	0.00591	0.00739	0.00591	0.00443	0.01478	0.01330	0.02365	0.02069	0.02365	0.01626	0.00739	0.00443	0.00148	0.00296	0.00591	0.81227	0.00591
21	0.00849	0.00638	0.00795	0.00873	0.00971	0.00610	0.00609	0.01120	0.06643	0.01850	0.14552	0.52295	0.12315	0.01753	0.00781	0.00240	0.00362	0.01568	0.00610	0.00567
22	0.00812	0.00580	0.00781	0.00928	0.00981	0.00549	0.00656	0.00950	0.01253	0.01663	0.03475	0.66408	0.04111	0.01951	0.00820	0.00263	0.00402	0.12305	0.00588	0.00526
23	0.02699	0.01097	0.01459	0.01134	0.01606	0.00981	0.00931	0.04575	0.05865	0.66149	0.04865	0.02243	0.01728	0.00806	0.00642	0.00197	0.00533	0.00658	0.00771	0.01059
24	0.00906	0.00680	0.01020	0.01020	0.01133	0.00793	0.00793	0.01133	0.01020	0.01473	0.01699	0.02492	0.01586	0.04758	0.75191	0.01020	0.01699	0.00680	0.00340	0.00566
25	0.00879	0.00711	0.00983	0.01010	0.01087	0.00739	0.02977	0.01024	0.01252	0.01686	0.07516	0.53227	0.11271	0.01747	0.00959	0.00251	0.10056	0.01522	0.00547	0.00556
26	0.01031	0.00782	0.01112	0.01068	0.01182	0.00928	0.00833	0.04323	0.01103	0.01597	0.01616	0.02381	0.01505	0.06305	0.58728	0.03491	0.08122	0.00665	0.02644	0.00586
27	0.02068	0.04337	0.07486	0.04217	0.03921	0.47282	0.05173	0.06963	0.01705	0.01789	0.01039	0.01266	0.00849	0.00692	0.00741	0.00184	0.08705	0.00465	0.00335	0.00784
28	0.01198	0.01128	0.01903	0.76180	0.04369	0.01409	0.01762	0.01621	0.01268	0.01621	0.01128	0.01691	0.00846	0.00634	0.00634	0.00211	0.00846	0.00564	0.00282	0.00705
29	0.00908	0.00640	0.00831	0.00932	0.01027	0.00617	0.00690	0.03210	0.01379	0.01866	0.08625	0.47983	0.06209	0.01765	0.00791	0.00251	0.00414	0.16167	0.05136	0.00559
30	0.01338	0.01412	0.04666	0.21482	0.11503	0.05274	0.20555	0.01719	0.01383	0.01823	0.03195	0.06622	0.01532	0.04272	0.00869	0.00237	0.03806	0.07203	0.00358	0.00752
31	0.01264	0.01136	0.01875	0.44672	0.21591	0.01300	0.01604	0.01643	0.01306	0.01798	0.01341	0.04490	0.01112	0.00859	0.03946	0.00237	0.00793	0.00617	0.07658	0.00758
32	0.00764	0.00589	0.00698	0.00786	0.00895	0.00523	0.00546	0.00894	0.01308	0.01658	0.04681	0.48523	0.32200	0.01834	0.00785	0.00240	0.00349	0.01616	0.00589	0.00523
33	0.01344	0.01277	0.02167	0.47788	0.31620	0.01448	0.01835	0.01749	0.01338	0.01798	0.01153	0.01644	0.00908	0.00607	0.00632	0.00202	0.00810	0.00564	0.00295	0.00823
34	0.01748	0.07813	0.12513	0.05312	0.09073	0.08461	0.19694	0.02265	0.07230	0.13134	0.01539	0.03978	0.01183	0.00686	0.00675	0.00199	0.02564	0.00628	0.00413	0.00892
35	0.00950	0.00676	0.00875	0.00956	0.01090	0.00645	0.00745	0.01206	0.03573	0.03822	0.12159	0.30608	0.13611	0.01706	0.00807	0.00254	0.00436	0.24693	0.00607	0.00581
36	0.01198	0.01128	0.01903	0.76180	0.04369	0.01409	0.01762	0.01621	0.01268	0.01621	0.01128	0.01691	0.00846	0.00634	0.00634	0.00211	0.00846	0.00564	0.00282	0.00705
37	0.01102	0.00551	0.00826	0.00826	0.00826	0.00551	0.00551	0.00826	0.00826	0.01102	0.01102	0.01928	0.01102	0.02204	0.02479	0.81543	0.00551	0.00551	0.00275	0.00275
38	0.01349	0.08868	0.50956	0.01864	0.05305	0.01635	0.06389	0.01929	0.01296	0.01901	0.01085	0.01353	0.00826	0.00666	0.00812	0.00207	0.11903	0.00492	0.00275	0.00890
39	0.00872	0.00596	0.00714	0.00760	0.00779	0.00581	0.00462	0.00922	0.01058	0.01418	0.05698	0.28415	0.03098	0.49187	0.02316	0.00478	0.00519	0.01225	0.00466	0.00437
40	0.82186	0.01227	0.00932	0.00834	0.01227	0.01423	0.00687	0.01865	0.01080	0.02846	0.00883	0.01031	0.00687	0.00589	0.00393	0.00196	0.00491	0.00344	0.00393	0.00687
41	0.02122	0.01548	0.01703	0.01302	0.01812	0.01606	0.01066	0.45818	0.07229	0.08012	0.01564	0.01572	0.01136	0.00700	0.00596	0.00169	0.00620	0.00539	0.00583	0.20301
42	0.04009	0.00712	0.00720	0.00704	0.00924	0.00644	0.00529	0.01127	0.06069	0.01859	0.10135	0.05523	0.59733	0.03552	0.00796	0.00223	0.00346	0.01236	0.00587	0.00572
43	0.00768	0.00570	0.00718	0.00837	0.00908	0.00519	0.00568	0.00889	0.01259	0.01638	0.04065	0.63482	0.17638	0.01914	0.00798	0.00249	0.00359	0.01713	0.00589	0.00519
44	0.04218	0.01205	0.01321	0.00963	0.01511	0.03766	0.00768	0.01643	0.01326	0.02075	0.01113	0.01299	0.00926	0.00481	0.00471	0.00100	0.00497	0.00376	0.00375	0.75566
45	0.04161	0.03386	0.01547	0.01140	0.01647	0.01152	0.03109	0.08161	0.11405	0.22257	0.01732	0.01707	0.01253	0.00643	0.00559	0.00155	0.00538	0.00522	0.00544	0.34383
46	0.01477	0.39436	0.40058	0.01459	0.02206	0.01974	0.01736	0.01956	0.01315	0.01759	0.01014	0.01184	0.00809	0.00574	0.00508	0.00169	0.00812	0.00406	0.00270	0.00878
47	0.00766	0.00640	0.00668	0.00668	0.00869	0.00542	0.00498	0.00940	0.01475	0.01799	0.13451	0.08533	0.63800	0.01587	0.00752	0.00214	0.00321	0.01335	0.00601	0.00542
48	0.01651	0.01597	0.02292	0.07132	0.51658	0.07975	0.01729	0.06311	0.06344	0.02153	0.01369	0.01809	0.01151	0.00655	0.00635	0.00193	0.00766	0.03262	0.00366	0.00953
49	0.01936	0.01751	0.16524	0.01481	0.02017	0.01424	0.06635	0.22191	0.08562	0.17796	0.01867	0.02172	0.01411	0.02712	0.04051	0.00251	0.00759	0.04959	0.00547	0.00956
50	0.02165	0.02307	0.01711	0.01498	0.01828	0.45905	0.03364	0.11139	0.01844	0.07425	0.01429	0.07725	0.01232	0.00804	0.00654	0.00182	0.03371	0.00587	0.04050	0.00783
51	0.00776	0.00558	0.00731	0.00867	0.00910	0.00519	0.00578	0.00886	0.01216	0.01612	0.03583	0.71888	0.07247	0.04258	0.00880	0.00266	0.00373	0.01756	0.00583	0.00512
52	0.01623	0.01253	0.01193	0.01060	0.01343	0.09358	0.00825	0.18827	0.09350	0.04728	0.02445	0.09983	0.08073	0.00979	0.00607	0.00189	0.00535	0.02700	0.24157	0.00772
53	0.01678	0.14487	0.33759	0.01673	0.04474	0.13425	0.06200	0.02137	0.01460	0.08743	0.01277	0.03416	0.00993	0.00647	0.00582	0.00183	0.00867	0.00509	0.00344	0.03147
54	0.06434	0.01355	0.03584	0.01162	0.01686	0.03398	0.03677	0.13081	0.01675	0.15030	0.01486	0.03622	0.01142	0.00633	0.00549	0.00148	0.00574	0.00509	0.00489	0.39765
55	0.01272	0.03281	0.74418	0.01808	0.02746	0.01473	0.02344	0.02009	0.01339	0.02009	0.01138	0.01339	0.00804	0.00603	0.00603	0.00201	0.00938	0.00469	0.00268	0.00938
56	0.01016	0.00859	0.00902	0.00871	0.01061	0.05377	0.00656	0.04368	0.03602	0.02093	0.27742	0.13087	0.27538	0.01599	0.04722	0.00255	0.00472	0.02572	0.00600	0.00607
57	0.04548	0.08158	0.11951	0.02127	0.05823	0.03413	0.36667	0.04371	0.05107	0.07664	0.01424	0.03351	0.01092	0.00626	0.00663	0.00202	0.00890	0.00657	0.00381	0.00884
58	0.01074	0.00563	0.00816	0.00816	0.00820	0.00567	0.00538	0.00848	0.00844	0.01130	0.01231	0.02220	0.01266	0.11570	0.04898	0.69015	0.00596	0.00601	0.00291	0.00298
59	0.00917	0.00613	0.00694	0.00699	0.00701	0.00611	0.00392	0.00921	0.00934	0.01245	0.02058	0.07017	0.02380	0.74738	0.03134	0.00601	0.00605	0.00957	0.00392	0.00390
60	0.06631	0.02348	0.02096	0.03380	0.04120	0.40671	0.12987	0.12389	0.04036	0.03700	0.01196	0.01371	0.00929	0.00652	0.00607	0.00182	0.00981	0.00508	0.00392	0.00825
61	0.02096	0.02007	0.02079	0.02382	0.28278	0.24175	0.01462	0.18906	0.03712	0.06872	0.01323	0.01485	0.01023	0.00660	0.00613	0.00182	0.00841	0.00527	0.00432	0.00945
62	0.00906	0.00680	0.01020	0.01020	0.01133	0.00793	0.00793	0.01133	0.01020	0.01473	0.01699	0.02492	0.01586	0.04758	0.75191	0.01020	0.01699	0.00680	0.00340	0.00566
63	0.02414	0.02083	0.01862	0.01495	0.01955	0.21241	0.01202	0.51213	0.02633	0.05598	0.01411	0.01443	0.01026	0.00734	0.00618	0.00183	0.00811	0.00530	0.00558	0.00988
64	0.01518	0.01422	0.02309	0.18922	0.50303	0.01507	0.01800	0.04200	0.07835	0.02089	0.01314	0.01666	0.01057	0.00613	0.00631	0.00196	0.00749	0.00579	0.00347	0.00943
65	0.01854	0.01416	0.01443	0.01217	0.01572	0.07619	0.00969	0.34094	0.04464	0.07554	0.02553	0.10426	0.11665	0.01215	0.03991	0.00239	0.00660	0.03121	0.03071	0.00858
66	0.00773	0.00552	0.00736	0.00883	0.00920	0.00515	0.00589	0.00883	0.01215	0.01619	0.03497	0.77291	0.04196	0.01987	0.00810	0.00258	0.00368	0.01803	0.00589	0.00515
67	0.05559	0.01092	0.01430	0.01120	0.01586	0.00988	0.00918	0.03008	0.07056	0.64030	0.04683	0.02215	0.01705	0.00800	0.00633	0.00198	0.00528	0.00649	0.00758	0.01045
68	0.07042	0.01754	0.04937	0.03888	0.08224	0.16348	0.03383	0.11224	0.18525	0.08350	0.03609	0.01929	0.01426	0.05658	0.00780	0.00221	0.00731	0.00602	0.00492	0.00878
69	0.00907	0.00677	0.01008	0.01008	0.01118	0.00787	0.00779	0.01126	0.01016	0.01464	0.01709	0.02549	0.01611	0.07247	0.72735	0.01006	0.01662	0.00688	0.00341	0.00560
70	0.01022	0.00730	0.01022	0.01168	0.01314	0.00730	0.01022	0.01314	0.01460	0.01899	0.03359	0.07156	0.03651	0.01752	0.00876	0.00292	0.00584	0.69478	0.00584	0.00584
71	0.01440	0.01183	0.01909	0.39632	0.21209	0.01319	0.01611	0.03936	0.01431	0.07549	0.01527	0.02290	0.01269	0.00754	0.00653	0.00211	0.00751	0.07870	0.02652	0.00806
72	0.05449	0.01686	0.01797	0.01406	0.01890	0.01870	0.01154	0.58771	0.11240	0.05764	0.01653	0.01623	0.01180	0.00767	0.00627	0.00194	0.00662	0.00582	0.00631	0.01055
73	0.00841	0.00639	0.00706	0.00715	0.00886	0.00556	0.00517	0.00998	0.01416	0.03790	0.12455	0.17340	0.47843	0.07276	0.00941	0.00249	0.00355	0.01344	0.00591	0.00543
74	0.72545	0.01227	0.01006	0.00879	0.01267	0.01403	0.00723	0.01830	0.01092	0.02729	0.00899	0.01068	0.00712	0.00603	0.00474	0.00192	0.03900	0.00355	0.00386	0.06707
75	0.12540	0.41270	0.18477	0.01295	0.01878	0.07466	0.03309	0.01948	0.01308	0.01809	0.00980	0.01161	0.00821	0.00689	0.02577	0.00187	0.00784	0.00395	0.00295	0.00812

[dist]
# distance from previous block
# <min> <max>
2	7

[block]
# block no. 3 follows, 35 sequences, length 61
# corresponding to MSA columns:
# 154-168,177-222
name=unknown_D
#
# <colnr> <probs for GDERKNQSTAVLIFYWHMCP>
#	G	D	E	R	K	N	Q	S	T	A	V	L	I	F	Y	W	H	M	C	P
0	0.02169	0.25444	0.02254	0.01470	0.01862	0.53459	0.01184	0.02344	0.01646	0.01535	0.00951	0.01106	0.00816	0.00621	0.00523	0.00155	0.01005	0.00388	0.00310	0.00759
1	0.00769	0.00566	0.00721	0.00845	0.00910	0.00518	0.00572	0.00888	0.01251	0.01634	0.03959	0.66053	0.15135	0.01927	0.00800	0.00251	0.00361	0.01730	0.00589	0.00518
2	0.01759	0.01253	0.01403	0.01240	0.01603	0.01378	0.00983	0.05100	0.50340	0.15173	0.05349	0.02738	0.02126	0.00925	0.00664	0.00216	0.00512	0.05597	0.00667	0.00974
3	0.06420	0.01643	0.07175	0.01616	0.02039	0.12168	0.19878	0.03548	0.10775	0.04299	0.15261	0.02684	0.02237	0.00861	0.00682	0.00207	0.00753	0.06484	0.00478	0.00792
4	0.01945	0.50315	0.02759	0.01289	0.01751	0.29389	0.01137	0.02134	0.01477	0.01515	0.00918	0.01064	0.00815	0.00584	0.00468	0.00146	0.00851	0.00365	0.00292	0.00785
5	0.00938	0.00718	0.00883	0.00951	0.01094	0.00708	0.00724	0.01325	0.10183	0.01914	0.10314	0.32624	0.15966	0.01664	0.00789	0.00248	0.00421	0.17329	0.00605	0.00603
6	0.01402	0.03546	0.02061	0.15926	0.32432	0.01373	0.04791	0.05100	0.07745	0.02093	0.06554	0.08980	0.03615	0.00819	0.00658	0.00202	0.00680	0.00755	0.00410	0.00856
7	0.01315	0.01128	0.01315	0.00940	0.01503	0.00846	0.00752	0.01597	0.01315	0.02067	0.01128	0.01315	0.00940	0.00470	0.00470	0.00094	0.00470	0.00376	0.00376	0.81583
8	0.01315	0.01128	0.01315	0.00940	0.01503	0.00846	0.00752	0.01597	0.01315	0.02067	0.01128	0.01315	0.00940	0.00470	0.00470	0.00094	0.00470	0.00376	0.00376	0.81583
9	0.01566	0.01519	0.02644	0.03822	0.69614	0.01513	0.06026	0.01952	0.01448	0.02070	0.01199	0.01578	0.01002	0.00563	0.00635	0.00190	0.00772	0.00576	0.00314	0.00996
10	0.02303	0.01669	0.01937	0.01492	0.01991	0.01813	0.05724	0.54020	0.10055	0.09835	0.01703	0.01679	0.01204	0.00759	0.00643	0.00195	0.00688	0.00604	0.00628	0.01057
11	0.00804	0.00585	0.00769	0.00887	0.00954	0.00534	0.00598	0.00924	0.01220	0.01645	0.03360	0.72913	0.04008	0.01900	0.00790	0.00248	0.00374	0.01721	0.00577	0.05187
12	0.00990	0.00779	0.01019	0.01004	0.01108	0.03571	0.00761	0.01184	0.01047	0.01481	0.01698	0.02618	0.01628	0.13893	0.57590	0.00875	0.03962	0.00694	0.03545	0.00554
13	0.00791	0.00641	0.00703	0.00695	0.00884	0.00552	0.00518	0.00988	0.01533	0.01938	0.24672	0.08549	0.52244	0.01537	0.00752	0.00212	0.00317	0.01305	0.00619	0.00552
14	0.01272	0.03281	0.74418	0.01808	0.02746	0.01473	0.02344	0.02009	0.01339	0.02009	0.01138	0.01339	0.00804	0.00603	0.00603	0.00201	0.00938	0.00469	0.00268	0.00938
15	0.00898	0.00648	0.00848	0.00798	0.00948	0.00599	0.00599	0.01197	0.01796	0.02544	0.73413	0.04739	0.05986	0.01297	0.00748	0.00200	0.00299	0.01147	0.00698	0.00599
16	0.01255	0.01176	0.01977	0.53748	0.20468	0.01368	0.01721	0.01645	0.01306	0.01727	0.01313	0.07085	0.01123	0.00715	0.00645	0.00209	0.00790	0.00653	0.00311	0.00762
17	0.01320	0.00724	0.00738	0.00689	0.00877	0.00746	0.00529	0.09342	0.01516	0.02548	0.02008	0.02271	0.01565	0.00742	0.00465	0.00153	0.00341	0.00589	0.72193	0.00646
18	0.00921	0.00755	0.00891	0.00944	0.01050	0.04948	0.01979	0.01098	0.01412	0.01854	0.19464	0.47505	0.07832	0.01692	0.00781	0.00238	0.00420	0.05066	0.00593	0.00558
19	0.01291	0.01367	0.12689	0.01287	0.01678	0.01097	0.08429	0.05634	0.14234	0.04931	0.24680	0.05863	0.06827	0.01025	0.00694	0.00208	0.00559	0.03436	0.03285	0.00786
20	0.01737	0.73494	0.03231	0.01119	0.01649	0.06955	0.01094	0.01938	0.01320	0.01496	0.00888	0.01025	0.00814	0.00550	0.00417	0.00137	0.00707	0.00343	0.00275	0.00809
21	0.00939	0.00715	0.01030	0.01013	0.01103	0.00840	0.00771	0.01127	0.01002	0.01441	0.01688	0.02663	0.01643	0.15079	0.60181	0.00914	0.06254	0.00707	0.00342	0.00548
22	0.82186	0.01227	0.00932	0.00834	0.01227	0.01423	0.00687	0.01865	0.01080	0.02846	0.00883	0.01031	0.00687	0.00589	0.00393	0.00196	0.00491	0.00344	0.00393	0.00687
23	0.01501	0.01439	0.02472	0.10639	0.62204	0.01461	0.03887	0.01876	0.01420	0.02010	0.01281	0.04583	0.01115	0.00627	0.00639	0.00194	0.00756	0.00619	0.00322	0.00953
24	0.00867	0.00596	0.00728	0.00781	0.00802	0.00590	0.00484	0.00921	0.01034	0.01386	0.02524	0.30580	0.02948	0.45767	0.06763	0.00510	0.00592	0.01227	0.00456	0.00443
25	0.01272	0.03281	0.74418	0.01808	0.02746	0.01473	0.02344	0.02009	0.01339	0.02009	0.01138	0.01339	0.00804	0.00603	0.00603	0.00201	0.00938	0.00469	0.00268	0.00938
26	0.00787	0.00561	0.00729	0.00857	0.00896	0.00526	0.00565	0.00888	0.01193	0.01584	0.03438	0.67919	0.06113	0.09441	0.01046	0.00292	0.00391	0.01703	0.00569	0.00503
27	0.01607	0.33082	0.35073	0.01494	0.02181	0.13035	0.01673	0.02045	0.01389	0.01734	0.01012	0.01181	0.00810	0.00587	0.00520	0.00169	0.00865	0.00408	0.00278	0.00858
28	0.01898	0.52931	0.02821	0.01228	0.01729	0.12681	0.01121	0.12835	0.04145	0.01930	0.01055	0.01161	0.00895	0.00604	0.00474	0.00151	0.00741	0.00398	0.00349	0.00851
29	0.82186	0.01227	0.00932	0.00834	0.01227	0.01423	0.00687	0.01865	0.01080	0.02846	0.00883	0.01031	0.00687	0.00589	0.00393	0.00196	0.00491	0.00344	0.00393	0.00687
30	0.01516	0.18265	0.36195	0.01798	0.02536	0.01762	0.16677	0.08056	0.03600	0.02098	0.01192	0.01398	0.00897	0.00597	0.00597	0.00190	0.00878	0.00518	0.00323	0.00909
31	0.01029	0.00821	0.00930	0.00863	0.01060	0.02915	0.00655	0.03762	0.08250	0.02431	0.50853	0.04543	0.16916	0.01273	0.00730	0.00202	0.00360	0.01100	0.00662	0.00645
32	0.00842	0.00641	0.00774	0.00752	0.00916	0.00573	0.00560	0.01085	0.01648	0.02219	0.47468	0.09410	0.27925	0.01438	0.00752	0.00208	0.00310	0.01248	0.00656	0.00573
33	0.01198	0.00974	0.01105	0.01101	0.01253	0.05747	0.00841	0.05352	0.06919	0.04338	0.05286	0.33784	0.07193	0.01656	0.03737	0.00274	0.07188	0.10856	0.00551	0.00649
34	0.00772	0.00557	0.00731	0.00869	0.00916	0.00516	0.00583	0.00885	0.01228	0.01625	0.03668	0.73113	0.08263	0.01965	0.00806	0.00255	0.00365	0.01776	0.00589	0.00516
35	0.01606	0.01605	0.02557	0.05708	0.60133	0.06298	0.06804	0.02019	0.03360	0.02038	0.01221	0.01577	0.01010	0.00579	0.00634	0.00190	0.00797	0.00572	0.00323	0.00968
36	0.01541	0.01545	0.04647	0.05848	0.64982	0.01490	0.04626	0.01933	0.01435	0.02056	0.01192	0.01566	0.00991	0.00565	0.00628	0.00188	0.00766	0.00565	0.00314	0.03125
37	0.02252	0.10230	0.01954	0.01583	0.01913	0.64189	0.01221	0.02418	0.01704	0.01545	0.00963	0.01145	0.00818	0.00667	0.00637	0.00167	0.05125	0.00410	0.00319	0.00741
38	0.06784	0.01591	0.01673	0.01360	0.01806	0.01791	0.01100	0.42195	0.28718	0.03431	0.01879	0.01807	0.01374	0.00788	0.00624	0.00200	0.00613	0.00612	0.00624	0.01028
39	0.01255	0.01219	0.02178	0.13516	0.02463	0.01286	0.26323	0.01766	0.07972	0.01925	0.06049	0.02391	0.06597	0.01425	0.12797	0.00344	0.05466	0.00753	0.03536	0.00741
40	0.01346	0.01326	0.01862	0.01609	0.01619	0.01842	0.01336	0.01492	0.00976	0.01522	0.00909	0.01485	0.00899	0.01431	0.08514	0.00343	0.69960	0.00566	0.00283	0.00683
41	0.00925	0.00736	0.00917	0.00968	0.01030	0.03469	0.00687	0.01056	0.01130	0.01519	0.02557	0.39852	0.02910	0.12849	0.21372	0.00510	0.05262	0.01255	0.00466	0.00530
42	0.00785	0.00565	0.00748	0.00890	0.00939	0.00527	0.00608	0.00907	0.01236	0.01638	0.03593	0.71029	0.06617	0.01961	0.00811	0.00258	0.00378	0.05401	0.00589	0.00520
43	0.01374	0.01162	0.01347	0.00967	0.01528	0.00906	0.00776	0.05337	0.01405	0.02170	0.01149	0.01327	0.00947	0.00485	0.00479	0.00099	0.00482	0.00386	0.00390	0.77284
44	0.01293	0.01156	0.01910	0.66550	0.08255	0.01404	0.01716	0.01755	0.03824	0.04320	0.01233	0.01725	0.00920	0.00644	0.00634	0.00210	0.00817	0.00572	0.00315	0.00747
45	0.02427	0.01358	0.01603	0.01258	0.01715	0.01385	0.01027	0.33724	0.04692	0.33778	0.04276	0.06379	0.01650	0.00863	0.00650	0.00198	0.00592	0.00695	0.00699	0.01029
46	0.04462	0.02081	0.28490	0.01942	0.02595	0.01400	0.29873	0.01935	0.04750	0.02077	0.05805	0.02045	0.05550	0.00824	0.03145	0.00234	0.00905	0.00687	0.00358	0.00842
47	0.01131	0.00600	0.00625	0.00619	0.00770	0.00590	0.00464	0.01422	0.01393	0.02363	0.11207	0.02803	0.04852	0.00842	0.00493	0.00157	0.00297	0.00689	0.68092	0.00590
48	0.01269	0.03061	0.66432	0.01834	0.02714	0.01445	0.07231	0.01966	0.01346	0.01995	0.01242	0.04373	0.00949	0.00653	0.00621	0.00204	0.00924	0.00542	0.00284	0.00915
49	0.01722	0.01586	0.10022	0.01289	0.01812	0.03455	0.02558	0.13085	0.09481	0.10404	0.01482	0.01569	0.01115	0.00662	0.00672	0.00164	0.06004	0.00506	0.00470	0.31941
50	0.00773	0.00552	0.00736	0.00883	0.00920	0.00515	0.00589	0.00883	0.01215	0.01619	0.03497	0.77291	0.04196	0.01987	0.00810	0.00258	0.00368	0.01803	0.00589	0.00515
51	0.00774	0.00644	0.00676	0.00668	0.00872	0.00546	0.00501	0.00957	0.01502	0.01847	0.17217	0.05885	0.62616	0.01557	0.00750	0.00212	0.00318	0.01308	0.00607	0.00546
52	0.01174	0.01102	0.01835	0.72147	0.04182	0.01363	0.01693	0.01583	0.01278	0.01626	0.01411	0.01927	0.04725	0.00686	0.00640	0.00212	0.00818	0.00605	0.00298	0.00696
53	0.01467	0.01648	0.03547	0.04820	0.05825	0.01559	0.64522	0.01979	0.01479	0.02008	0.01349	0.04211	0.01068	0.00587	0.00743	0.00214	0.01028	0.00772	0.00328	0.00845
54	0.82186	0.01227	0.00932	0.00834	0.01227	0.01423	0.00687	0.01865	0.01080	0.02846	0.00883	0.01031	0.00687	0.00589	0.00393	0.00196	0.00491	0.00344	0.00393	0.00687
55	0.00810	0.00645	0.00726	0.00706	0.00894	0.00561	0.00529	0.01027	0.01588	0.02052	0.33694	0.05549	0.46012	0.01481	0.00749	0.00208	0.00312	0.01261	0.00634	0.00561
56	0.00782	0.00556	0.00734	0.00872	0.00907	0.00521	0.00577	0.00886	0.01198	0.01597	0.03410	0.73079	0.04087	0.06348	0.00949	0.00278	0.00382	0.01753	0.00577	0.00508
57	0.01363	0.02631	0.45726	0.02178	0.05431	0.01531	0.26214	0.02004	0.01389	0.02008	0.01183	0.01477	0.00866	0.00590	0.00689	0.00207	0.02747	0.00571	0.00288	0.00906
58	0.01405	0.01440	0.02232	0.01827	0.01930	0.01889	0.12631	0.01608	0.01056	0.01608	0.00905	0.01440	0.00854	0.01018	0.01868	0.00267	0.64431	0.00586	0.00285	0.00720
59	0.00902	0.00778	0.00824	0.00839	0.03046	0.02795	0.00607	0.01076	0.01454	0.03248	0.09402	0.07615	0.58577	0.01503	0.00803	0.00215	0.03929	0.01242	0.00569	0.00576
60	0.04824	0.04017	0.01362	0.01111	0.01452	0.09241	0.00877	0.11322	0.14377	0.11885	0.16826	0.05042	0.09890	0.00977	0.00646	0.00193	0.00544	0.00796	0.00597	0.04020

[dist]
# distance from previous block
# <min> <max>
0	1

# created by:
# /home/cegg/simao/soft/augustus-3.2.1/scripts/msa2prfl.pl ./align_prep/EOG090W0F2Q.fa
