[name]
unknown

[dist]
# distance from previous block
# <min> <max>
0	21

[block]
# block no. 0 follows, 38 sequences, length 27
# corresponding to MSA columns:
# 21-47
name=unknown_A
#
# <colnr> <probs for GDERKNQSTAVLIFYWHMCP>
#	G	D	E	R	K	N	Q	S	T	A	V	L	I	F	Y	W	H	M	C	P
0	0.00983	0.00836	0.05408	0.01144	0.01327	0.00734	0.01044	0.01285	0.01378	0.01807	0.03060	0.06458	0.03302	0.01597	0.00816	0.00272	0.00574	0.66865	0.00536	0.00574
1	0.01421	0.12688	0.54105	0.01542	0.02301	0.03493	0.01859	0.02062	0.05629	0.07654	0.01227	0.01345	0.00885	0.00594	0.00552	0.00182	0.00808	0.00454	0.00316	0.00883
2	0.04043	0.35557	0.39177	0.01352	0.02034	0.01783	0.01593	0.01825	0.01259	0.01742	0.03933	0.01259	0.00960	0.00573	0.00491	0.00164	0.00746	0.00414	0.00276	0.00818
3	0.00821	0.00606	0.00767	0.00789	0.00917	0.00559	0.00593	0.01038	0.01471	0.01987	0.37379	0.18898	0.17020	0.04111	0.00817	0.00227	0.00346	0.10520	0.00600	0.00534
4	0.00752	0.00543	0.00717	0.00849	0.00901	0.00507	0.00588	0.00874	0.01183	0.01563	0.03454	0.68427	0.07739	0.01846	0.00770	0.00245	0.00364	0.07625	0.00558	0.00495
5	0.01768	0.32730	0.13533	0.01340	0.01822	0.28977	0.01252	0.02164	0.08153	0.01613	0.01057	0.01174	0.00870	0.00589	0.00492	0.00155	0.00825	0.00397	0.00309	0.00780
6	0.01300	0.12189	0.54385	0.01538	0.02279	0.04049	0.01853	0.01984	0.07529	0.01906	0.04638	0.01462	0.01087	0.00618	0.00558	0.00183	0.00802	0.00478	0.00306	0.00858
7	0.01008	0.00803	0.00927	0.00863	0.01070	0.00817	0.00657	0.01666	0.21860	0.02311	0.43199	0.04079	0.16055	0.01163	0.00683	0.00196	0.00341	0.01004	0.00631	0.00665
8	0.10644	0.00680	0.00806	0.00755	0.00927	0.00658	0.00573	0.01200	0.01609	0.02416	0.63272	0.04126	0.07804	0.01161	0.00669	0.00189	0.00306	0.01004	0.00624	0.00575
9	0.01854	0.01504	0.04051	0.01256	0.01751	0.01482	0.02613	0.43270	0.05602	0.03040	0.01410	0.03261	0.01082	0.00664	0.00562	0.00157	0.00598	0.00522	0.00512	0.24808
10	0.01799	0.01514	0.04896	0.01481	0.02015	0.01423	0.15903	0.30535	0.03576	0.07443	0.01366	0.01479	0.01003	0.00602	0.00582	0.00162	0.00673	0.00531	0.00471	0.22547
11	0.01461	0.15326	0.47605	0.01657	0.05254	0.01570	0.05187	0.07119	0.01413	0.06334	0.01151	0.01304	0.00841	0.00579	0.00553	0.00179	0.00808	0.00457	0.00313	0.00886
12	0.01461	0.56230	0.20919	0.01176	0.01766	0.02037	0.01293	0.01777	0.01242	0.01547	0.01179	0.01299	0.04746	0.00583	0.00449	0.00148	0.00686	0.00403	0.00273	0.00787
13	0.00745	0.00529	0.00694	0.00822	0.00854	0.00497	0.00542	0.00841	0.01128	0.01504	0.03194	0.72084	0.03825	0.08476	0.00964	0.00273	0.00369	0.01639	0.00542	0.00478
14	0.01395	0.08450	0.18991	0.10138	0.38989	0.01503	0.08357	0.01833	0.01323	0.01859	0.01096	0.01418	0.00876	0.00546	0.00583	0.00181	0.00784	0.00513	0.00282	0.00882
15	0.01452	0.01417	0.02251	0.15450	0.54965	0.04336	0.01741	0.01829	0.03109	0.01862	0.01127	0.01501	0.00934	0.00585	0.00669	0.00186	0.04873	0.00533	0.00299	0.00881
16	0.00991	0.00785	0.00775	0.00762	0.00799	0.07095	0.00469	0.01024	0.00955	0.01214	0.01786	0.03544	0.02002	0.65146	0.09771	0.00583	0.00723	0.00811	0.00356	0.00409
17	0.01207	0.03112	0.75741	0.01715	0.02604	0.01397	0.02223	0.01905	0.01270	0.01905	0.01080	0.01270	0.00762	0.00572	0.00572	0.00191	0.00889	0.00445	0.00254	0.00889
18	0.01486	0.01381	0.06413	0.22323	0.26886	0.03309	0.07651	0.01901	0.03749	0.09666	0.01407	0.01698	0.02274	0.00624	0.00633	0.00189	0.02611	0.00567	0.04405	0.00828
19	0.01140	0.01117	0.05785	0.01631	0.19559	0.03923	0.04348	0.01425	0.01458	0.04752	0.17916	0.04946	0.25734	0.01058	0.00667	0.00193	0.00516	0.02654	0.00482	0.00696
20	0.00861	0.00639	0.00940	0.00940	0.01038	0.00737	0.00719	0.01057	0.00959	0.01377	0.01636	0.02498	0.01563	0.10888	0.70179	0.00934	0.01523	0.00664	0.00326	0.00522
21	0.01552	0.01563	0.01594	0.01424	0.01557	0.19985	0.01145	0.04491	0.01285	0.04701	0.01362	0.08404	0.01348	0.01125	0.03047	0.00246	0.37378	0.06764	0.00360	0.00671
22	0.01271	0.10706	0.33255	0.22130	0.07929	0.01535	0.05166	0.01754	0.01232	0.01720	0.01036	0.01361	0.00797	0.00607	0.00681	0.00192	0.07085	0.00481	0.00264	0.00799
23	0.01402	0.02108	0.28634	0.02157	0.02842	0.01456	0.43108	0.01954	0.01369	0.05319	0.01212	0.01512	0.00884	0.00554	0.00688	0.00199	0.02842	0.00608	0.00306	0.00845
24	0.00837	0.00557	0.00742	0.00839	0.00906	0.00516	0.00575	0.00968	0.01239	0.05063	0.11192	0.66725	0.04051	0.01759	0.00754	0.00236	0.00349	0.01590	0.00579	0.00522
25	0.06149	0.03031	0.24290	0.05320	0.04859	0.01361	0.04271	0.09497	0.04722	0.02016	0.01498	0.04895	0.03951	0.01281	0.11122	0.00307	0.09705	0.00597	0.00355	0.00773
26	0.01559	0.05643	0.09368	0.08094	0.09739	0.03213	0.08971	0.14929	0.07153	0.08180	0.02744	0.14442	0.01596	0.00850	0.00627	0.00195	0.00666	0.00751	0.00454	0.00827

[dist]
# distance from previous block
# <min> <max>
0	2

[block]
# block no. 1 follows, 38 sequences, length 38
# corresponding to MSA columns:
# 50-87
name=unknown_B
#
# <colnr> <probs for GDERKNQSTAVLIFYWHMCP>
#	G	D	E	R	K	N	Q	S	T	A	V	L	I	F	Y	W	H	M	C	P
0	0.40760	0.04389	0.03844	0.01328	0.08117	0.14115	0.01000	0.14360	0.01515	0.04134	0.01027	0.01155	0.00790	0.00598	0.00473	0.00177	0.00647	0.00403	0.00395	0.00771
1	0.02905	0.12073	0.14896	0.10173	0.06100	0.15240	0.01338	0.12087	0.08348	0.02014	0.02638	0.01509	0.01059	0.02573	0.00695	0.03945	0.00760	0.00494	0.00364	0.00791
2	0.01153	0.00679	0.00883	0.00804	0.01000	0.00612	0.00613	0.01404	0.01639	0.15004	0.51275	0.09384	0.10755	0.01217	0.00696	0.00194	0.00330	0.01063	0.00660	0.00636
3	0.01789	0.06949	0.01677	0.04752	0.01796	0.01692	0.01063	0.29667	0.38403	0.02880	0.01889	0.01820	0.01404	0.00749	0.00592	0.00190	0.00574	0.00595	0.00567	0.00953
4	0.01424	0.01300	0.01731	0.01433	0.03807	0.07520	0.13709	0.03253	0.09369	0.06760	0.07494	0.04859	0.08360	0.00833	0.00801	0.00186	0.11125	0.00694	0.00437	0.14904
5	0.01420	0.05769	0.21328	0.02701	0.41031	0.01480	0.04282	0.02029	0.10340	0.01989	0.01269	0.01504	0.01003	0.00578	0.00585	0.00183	0.00737	0.00526	0.00324	0.00922
6	0.02064	0.01101	0.01338	0.01104	0.01488	0.01102	0.00884	0.07878	0.24033	0.38678	0.09222	0.04605	0.02034	0.00845	0.00622	0.00193	0.00485	0.00703	0.00680	0.00942
7	0.01451	0.01521	0.02925	0.02707	0.24508	0.01490	0.42010	0.02072	0.11091	0.02017	0.01356	0.01666	0.01048	0.00557	0.00663	0.00196	0.00853	0.00654	0.00343	0.00873
8	0.00875	0.00583	0.00656	0.00656	0.00656	0.00583	0.00365	0.00875	0.00875	0.01166	0.01895	0.03937	0.02187	0.78858	0.03062	0.00583	0.00583	0.00875	0.00365	0.00365
9	0.07637	0.08464	0.50987	0.01655	0.02397	0.08383	0.08570	0.01935	0.01302	0.01892	0.01042	0.01241	0.00770	0.00565	0.00553	0.00183	0.00868	0.00446	0.00273	0.00837
10	0.00861	0.00639	0.00937	0.00937	0.01034	0.00736	0.00714	0.01055	0.00958	0.01374	0.01639	0.02516	0.01570	0.11742	0.69335	0.00930	0.01511	0.00667	0.00326	0.00520
11	0.02699	0.01024	0.01396	0.01070	0.01536	0.00884	0.00884	0.02932	0.01722	0.75522	0.02373	0.02048	0.01489	0.00745	0.00605	0.00186	0.00512	0.00605	0.00745	0.01024
12	0.01132	0.00719	0.00879	0.00859	0.00915	0.03847	0.00592	0.04919	0.03080	0.01327	0.01428	0.08037	0.01473	0.10680	0.02050	0.54349	0.00547	0.02455	0.00334	0.00378
13	0.01121	0.00561	0.00561	0.00561	0.00701	0.00561	0.00421	0.01402	0.01262	0.02243	0.01962	0.02243	0.01542	0.00701	0.00421	0.00140	0.00280	0.00561	0.82198	0.00561
14	0.00733	0.00524	0.00698	0.00838	0.00873	0.00489	0.00558	0.00838	0.01152	0.01536	0.03316	0.78466	0.03979	0.01885	0.00768	0.00244	0.00349	0.01710	0.00558	0.00489
15	0.00847	0.00615	0.00798	0.00752	0.00896	0.00566	0.00564	0.01126	0.01692	0.02387	0.72559	0.04536	0.07922	0.01239	0.00710	0.00190	0.00284	0.01094	0.00659	0.00566
16	0.01136	0.01069	0.01804	0.77412	0.04143	0.01337	0.01671	0.01537	0.01203	0.01537	0.01069	0.01604	0.00802	0.00601	0.00601	0.00200	0.00802	0.00535	0.00267	0.00668
17	0.02197	0.01599	0.01710	0.01321	0.01776	0.01765	0.01088	0.67598	0.02708	0.03672	0.01484	0.01506	0.01063	0.00721	0.00588	0.00177	0.00633	0.00543	0.06863	0.00988
18	0.01543	0.01401	0.02106	0.22466	0.43236	0.06644	0.01647	0.01935	0.03922	0.07483	0.01243	0.01560	0.00973	0.00585	0.00595	0.00184	0.00740	0.00536	0.00336	0.00866
19	0.00888	0.00690	0.01020	0.01007	0.01102	0.00822	0.00785	0.01090	0.00973	0.01408	0.01640	0.06358	0.01582	0.04106	0.66704	0.00874	0.07387	0.00693	0.00330	0.00544
20	0.09654	0.01187	0.01402	0.01245	0.07135	0.01152	0.00917	0.09720	0.14255	0.16806	0.01609	0.01632	0.01192	0.00759	0.03191	0.00185	0.00550	0.00503	0.00500	0.26407
21	0.06860	0.01473	0.01580	0.01270	0.01692	0.16890	0.06454	0.02650	0.06419	0.43560	0.03748	0.01828	0.01378	0.00707	0.00590	0.00182	0.00660	0.00569	0.00588	0.00902
22	0.01608	0.79220	0.03152	0.01029	0.01544	0.02380	0.01029	0.01801	0.01222	0.01415	0.00836	0.00965	0.00772	0.00515	0.00386	0.00129	0.00643	0.00322	0.00257	0.00772
23	0.00739	0.00616	0.00649	0.00655	0.00849	0.00525	0.00501	0.00910	0.01396	0.01693	0.10779	0.05767	0.64914	0.01512	0.00719	0.00207	0.00321	0.06167	0.00566	0.00515
24	0.01344	0.01175	0.01966	0.48635	0.15018	0.01375	0.05152	0.01704	0.01253	0.07294	0.01159	0.01592	0.00883	0.00641	0.00740	0.00202	0.08261	0.00548	0.00310	0.00747
25	0.01603	0.01571	0.02296	0.06689	0.59588	0.08751	0.01722	0.06899	0.01497	0.02026	0.01131	0.01452	0.00934	0.00560	0.00591	0.00177	0.00751	0.00522	0.00319	0.00920
26	0.83108	0.01163	0.00884	0.00791	0.01163	0.01350	0.00651	0.01768	0.01024	0.02699	0.00838	0.00977	0.00651	0.00558	0.00372	0.00186	0.00465	0.00326	0.00372	0.00651
27	0.00749	0.00648	0.00646	0.00654	0.00842	0.02073	0.00484	0.00901	0.01368	0.01637	0.07757	0.12332	0.64783	0.01529	0.00713	0.00206	0.00324	0.01287	0.00557	0.00512
28	0.02771	0.00952	0.06740	0.01216	0.08363	0.00818	0.00932	0.01427	0.06477	0.01974	0.11275	0.10756	0.11564	0.01222	0.00679	0.00215	0.00475	0.21140	0.10363	0.00640
29	0.00744	0.00541	0.00705	0.00831	0.00887	0.00502	0.00571	0.00863	0.01185	0.01559	0.03571	0.67670	0.10640	0.01838	0.00766	0.00242	0.00356	0.05477	0.00558	0.00494
30	0.00762	0.00537	0.00698	0.00815	0.00846	0.00509	0.00537	0.00853	0.01112	0.01482	0.03082	0.64645	0.03675	0.14383	0.01142	0.00300	0.00392	0.03233	0.00527	0.00470
31	0.01235	0.02931	0.67538	0.01883	0.07406	0.01405	0.05502	0.01902	0.01284	0.01910	0.01089	0.01301	0.00782	0.00566	0.00580	0.00190	0.00883	0.00463	0.00259	0.00890
32	0.01578	0.27467	0.32737	0.01410	0.02037	0.12446	0.01536	0.04086	0.05924	0.03947	0.01114	0.01234	0.00863	0.00585	0.00512	0.00166	0.00794	0.00419	0.00310	0.00836
33	0.00732	0.00527	0.00695	0.00829	0.00870	0.00489	0.00555	0.00839	0.01160	0.01539	0.03420	0.75726	0.06651	0.01871	0.00766	0.00243	0.00347	0.01694	0.00558	0.00489
34	0.01237	0.00742	0.00918	0.00858	0.01007	0.00767	0.00635	0.07075	0.01246	0.10153	0.01954	0.03114	0.01853	0.28453	0.19708	0.00510	0.00783	0.06102	0.12309	0.00578
35	0.03381	0.01774	0.09728	0.15186	0.18379	0.14127	0.05319	0.08374	0.06081	0.03364	0.01207	0.01471	0.00941	0.00640	0.00676	0.00188	0.05902	0.00517	0.01925	0.00820
36	0.01596	0.07175	0.14248	0.03337	0.09771	0.17927	0.03514	0.06809	0.14205	0.01969	0.03051	0.03299	0.03067	0.00730	0.00688	0.00187	0.06670	0.00560	0.00383	0.00816
37	0.05909	0.21309	0.02120	0.01386	0.01623	0.12607	0.02723	0.03131	0.01176	0.01585	0.00856	0.01183	0.00787	0.00788	0.01172	0.00200	0.37146	0.00442	0.00285	0.03572

[dist]
# distance from previous block
# <min> <max>
0	1

[block]
# block no. 2 follows, 38 sequences, length 37
# corresponding to MSA columns:
# 89-125
name=unknown_C
#
# <colnr> <probs for GDERKNQSTAVLIFYWHMCP>
#	G	D	E	R	K	N	Q	S	T	A	V	L	I	F	Y	W	H	M	C	P
0	0.06459	0.08934	0.24463	0.01176	0.01776	0.01200	0.01226	0.04707	0.01368	0.09178	0.03638	0.01559	0.03663	0.00601	0.00514	0.00150	0.00608	0.00465	0.00381	0.27933
1	0.01470	0.14532	0.46086	0.01595	0.02329	0.01638	0.06285	0.13902	0.02920	0.02160	0.01138	0.01293	0.00837	0.00589	0.00557	0.00180	0.00813	0.00463	0.00323	0.00890
2	0.45121	0.04430	0.14828	0.04547	0.01694	0.09817	0.01084	0.03408	0.03870	0.04876	0.01027	0.01164	0.00776	0.00587	0.00460	0.00183	0.00640	0.00391	0.00361	0.00737
3	0.01370	0.01334	0.02347	0.26983	0.45564	0.01409	0.08718	0.01756	0.01322	0.01826	0.01120	0.01538	0.00901	0.00554	0.00609	0.00188	0.00772	0.00553	0.00289	0.00849
4	0.01136	0.01069	0.01804	0.77412	0.04143	0.01337	0.01671	0.01537	0.01203	0.01537	0.01069	0.01604	0.00802	0.00601	0.00601	0.00200	0.00802	0.00535	0.00267	0.00668
5	0.01608	0.79220	0.03152	0.01029	0.01544	0.02380	0.01029	0.01801	0.01222	0.01415	0.00836	0.00965	0.00772	0.00515	0.00386	0.00129	0.00643	0.00322	0.00257	0.00772
6	0.00946	0.00653	0.00906	0.00896	0.01019	0.00741	0.00695	0.02887	0.01071	0.01623	0.01677	0.02317	0.01500	0.03660	0.59465	0.00783	0.01323	0.00625	0.16658	0.00554
7	0.00743	0.00567	0.00684	0.00756	0.00863	0.00508	0.00534	0.00886	0.01290	0.01660	0.11318	0.43634	0.29268	0.01687	0.00744	0.00225	0.00332	0.03229	0.00569	0.00505
8	0.00861	0.00637	0.00929	0.00929	0.01024	0.00732	0.00705	0.01050	0.00956	0.01369	0.01646	0.02554	0.01587	0.13514	0.67586	0.00920	0.01487	0.00672	0.00327	0.00516
9	0.00875	0.00656	0.00952	0.00944	0.01034	0.00762	0.00718	0.01059	0.00953	0.01368	0.01624	0.02540	0.01573	0.14209	0.64581	0.00895	0.03742	0.00671	0.00326	0.00518
10	0.00730	0.00533	0.00688	0.00812	0.00866	0.00491	0.00547	0.00841	0.01176	0.01546	0.03627	0.70313	0.11930	0.01844	0.00761	0.00240	0.00344	0.01661	0.00558	0.00491
11	0.02579	0.00999	0.01349	0.01042	0.01492	0.00861	0.00858	0.02807	0.01701	0.71061	0.02598	0.02273	0.05918	0.00792	0.00611	0.00187	0.00499	0.00645	0.00733	0.00993
12	0.00759	0.00592	0.00667	0.00696	0.00832	0.00526	0.00498	0.00902	0.01304	0.01643	0.12171	0.20617	0.41835	0.10481	0.00998	0.00257	0.00353	0.03829	0.00547	0.00495
13	0.74371	0.01148	0.00940	0.00821	0.01204	0.01299	0.00677	0.01895	0.01100	0.10612	0.01004	0.01094	0.00743	0.00579	0.00398	0.00186	0.00470	0.00356	0.00413	0.00692
14	0.01747	0.02103	0.04534	0.01446	0.04113	0.44569	0.01104	0.02012	0.04458	0.01555	0.01196	0.01505	0.01024	0.01575	0.18824	0.00358	0.03863	0.00479	0.02854	0.00680
15	0.02413	0.01088	0.01388	0.01107	0.01542	0.01030	0.00900	0.02995	0.18946	0.58129	0.02391	0.02094	0.01572	0.00762	0.00607	0.00190	0.00503	0.00623	0.00713	0.01007
16	0.01183	0.01117	0.01889	0.67598	0.13590	0.01349	0.01694	0.01578	0.01225	0.01594	0.01078	0.01589	0.00822	0.00593	0.00601	0.00198	0.00790	0.00535	0.00271	0.00706
17	0.00744	0.00581	0.00679	0.00745	0.00873	0.00516	0.00541	0.00892	0.01295	0.01630	0.07137	0.35186	0.38363	0.01670	0.00743	0.00225	0.00341	0.06771	0.00562	0.00506
18	0.01460	0.01400	0.02389	0.09764	0.69261	0.01422	0.01832	0.01821	0.01356	0.01930	0.01126	0.01498	0.00940	0.00541	0.00596	0.00180	0.00722	0.00536	0.00295	0.00929
19	0.01415	0.14114	0.51844	0.01630	0.02374	0.11671	0.05155	0.01958	0.01329	0.01776	0.01030	0.01217	0.00772	0.00567	0.00547	0.00177	0.00885	0.00431	0.00264	0.00843
20	0.00870	0.00633	0.00929	0.00929	0.01021	0.00725	0.00705	0.01041	0.00949	0.01357	0.01608	0.02479	0.01542	0.11145	0.65960	0.05156	0.01461	0.00659	0.00323	0.00507
21	0.01928	0.04961	0.01869	0.04951	0.01984	0.16807	0.06937	0.29206	0.20310	0.02649	0.01533	0.01576	0.01149	0.00694	0.00592	0.00182	0.00735	0.00550	0.00492	0.00896
22	0.01523	0.03394	0.07453	0.08066	0.38363	0.06007	0.06614	0.05185	0.13434	0.02056	0.01342	0.01577	0.01060	0.00600	0.00597	0.00184	0.00733	0.00552	0.00358	0.00901
23	0.11934	0.01083	0.01364	0.01059	0.01514	0.01002	0.00874	0.07407	0.01714	0.62422	0.02135	0.01885	0.01362	0.00722	0.00578	0.00186	0.00516	0.00569	0.00692	0.00981
24	0.00828	0.00633	0.00884	0.01070	0.05420	0.00632	0.00708	0.00963	0.01172	0.01578	0.03043	0.64113	0.03590	0.01742	0.00825	0.00244	0.04398	0.07101	0.00527	0.00531
25	0.04017	0.01687	0.04803	0.06608	0.27120	0.12291	0.09598	0.08582	0.01469	0.03322	0.01093	0.01407	0.00888	0.00659	0.00826	0.00194	0.13750	0.00525	0.00330	0.00832
26	0.00861	0.00637	0.00931	0.00931	0.01026	0.00732	0.00707	0.01051	0.00956	0.01370	0.01644	0.02545	0.01583	0.13108	0.67986	0.00922	0.01492	0.00671	0.00327	0.00517
27	0.00905	0.00624	0.00750	0.00723	0.00874	0.00589	0.00540	0.01216	0.04179	0.02252	0.46949	0.07532	0.12702	0.01178	0.00653	0.00185	0.00296	0.01022	0.16263	0.00570
28	0.01321	0.01303	0.02111	0.45125	0.27607	0.04830	0.05756	0.01702	0.01294	0.01699	0.01092	0.01543	0.00857	0.00575	0.00603	0.00191	0.00798	0.00538	0.00282	0.00773
29	0.03975	0.01138	0.01424	0.03022	0.01617	0.01112	0.00945	0.15618	0.07665	0.46587	0.04760	0.02264	0.01653	0.00806	0.00616	0.00192	0.00537	0.04434	0.00675	0.00960
30	0.00875	0.00583	0.00656	0.00656	0.00656	0.00583	0.00365	0.00875	0.00875	0.01166	0.01895	0.03937	0.02187	0.78858	0.03062	0.00583	0.00583	0.00875	0.00365	0.00365
31	0.00733	0.00524	0.00698	0.00838	0.00873	0.00489	0.00558	0.00838	0.01152	0.01536	0.03316	0.78466	0.03979	0.01885	0.00768	0.00244	0.00349	0.01710	0.00558	0.00489
32	0.01536	0.11167	0.29636	0.01713	0.02345	0.07736	0.17792	0.09216	0.06091	0.03580	0.01267	0.02984	0.00974	0.00616	0.00590	0.00184	0.00837	0.00540	0.00345	0.00854
33	0.00737	0.00605	0.00649	0.00650	0.00831	0.00517	0.00483	0.00910	0.01416	0.01758	0.18001	0.10149	0.58219	0.01495	0.00714	0.00203	0.00304	0.01265	0.00577	0.00517
34	0.01207	0.03112	0.75741	0.01715	0.02604	0.01397	0.02223	0.01905	0.01270	0.01905	0.01080	0.01270	0.00762	0.00572	0.00572	0.00191	0.00889	0.00445	0.00254	0.00889
35	0.01365	0.01224	0.04357	0.00981	0.01524	0.00949	0.00824	0.09776	0.01430	0.02169	0.01113	0.01271	0.00901	0.00483	0.00469	0.00104	0.00489	0.00381	0.00380	0.69810
36	0.33374	0.06454	0.03980	0.01130	0.01510	0.24680	0.00927	0.04201	0.03200	0.10810	0.01152	0.01297	0.00895	0.03388	0.00569	0.00188	0.00699	0.00416	0.00398	0.00734

[dist]
# distance from previous block
# <min> <max>
0	1

[block]
# block no. 3 follows, 38 sequences, length 27
# corresponding to MSA columns:
# 127-142,162-172
name=unknown_D
#
# <colnr> <probs for GDERKNQSTAVLIFYWHMCP>
#	G	D	E	R	K	N	Q	S	T	A	V	L	I	F	Y	W	H	M	C	P
0	0.01318	0.07366	0.05110	0.01660	0.03223	0.01362	0.25589	0.07572	0.04171	0.01928	0.01823	0.15675	0.04232	0.00927	0.00807	0.00207	0.09098	0.03569	0.00397	0.03966
1	0.01420	0.01623	0.03550	0.02535	0.03144	0.01521	0.72921	0.01927	0.01420	0.01927	0.01217	0.01623	0.00913	0.00507	0.00710	0.00203	0.01014	0.00710	0.00304	0.00811
2	0.00860	0.00620	0.00816	0.00782	0.00923	0.00576	0.00596	0.01143	0.01680	0.02369	0.69749	0.04655	0.05520	0.01260	0.00718	0.00195	0.00303	0.06013	0.00655	0.00567
3	0.01336	0.01291	0.01959	0.12321	0.02236	0.06505	0.22259	0.11317	0.01530	0.01979	0.03488	0.17452	0.08721	0.00968	0.00728	0.00207	0.03682	0.00894	0.00421	0.00707
4	0.04716	0.07876	0.04578	0.04281	0.01718	0.03195	0.04416	0.17644	0.04369	0.10977	0.03412	0.07440	0.01555	0.01111	0.05221	0.00248	0.09810	0.06170	0.00472	0.00791
5	0.00733	0.00524	0.00698	0.00838	0.00873	0.00489	0.00558	0.00838	0.01152	0.01536	0.03316	0.78466	0.03979	0.01885	0.00768	0.00244	0.00349	0.01710	0.00558	0.00489
6	0.01322	0.08928	0.58640	0.01774	0.05238	0.05882	0.06260	0.01925	0.01304	0.01845	0.01062	0.01264	0.00780	0.00565	0.00564	0.00184	0.00882	0.00451	0.00262	0.00866
7	0.01599	0.07913	0.21437	0.11827	0.05604	0.05403	0.04170	0.05379	0.10896	0.13191	0.05542	0.01737	0.01318	0.00671	0.00585	0.00186	0.00710	0.00553	0.00423	0.00856
8	0.01023	0.00836	0.01127	0.01045	0.01206	0.02856	0.05091	0.01331	0.05909	0.03344	0.12580	0.15940	0.09974	0.02138	0.21309	0.00417	0.06999	0.02583	0.03692	0.00599
9	0.00740	0.00616	0.00649	0.00655	0.00850	0.00525	0.00501	0.00911	0.01397	0.01696	0.11012	0.05763	0.64677	0.01511	0.00719	0.00207	0.00321	0.06168	0.00566	0.00516
10	0.01449	0.07734	0.09435	0.16742	0.41962	0.06023	0.04549	0.01828	0.01340	0.01806	0.01083	0.01429	0.00880	0.00554	0.00579	0.00179	0.00776	0.00508	0.00286	0.00859
11	0.01507	0.01425	0.02392	0.06443	0.69506	0.01443	0.01812	0.04622	0.01420	0.02020	0.01141	0.01492	0.00950	0.00546	0.00596	0.00180	0.00716	0.00536	0.00308	0.00945
12	0.01327	0.01636	0.14898	0.25011	0.31715	0.01409	0.11770	0.01776	0.01310	0.01823	0.01116	0.01504	0.00870	0.00557	0.00609	0.00191	0.00812	0.00544	0.00282	0.00838
13	0.01113	0.00847	0.01035	0.01077	0.01267	0.02673	0.00916	0.09465	0.01540	0.01981	0.03262	0.05722	0.12718	0.01622	0.03766	0.00280	0.00587	0.48980	0.00545	0.00604
14	0.01524	0.28458	0.30069	0.01575	0.07768	0.09587	0.01553	0.03920	0.06933	0.01797	0.01101	0.01244	0.00871	0.00577	0.00512	0.00166	0.00775	0.00425	0.00301	0.00843
15	0.01474	0.01479	0.02289	0.11274	0.52523	0.07285	0.06274	0.01847	0.02769	0.01874	0.01346	0.01671	0.04008	0.00594	0.00604	0.00182	0.00751	0.00569	0.00313	0.00874
16	0.01257	0.12570	0.66721	0.01629	0.02472	0.01519	0.02074	0.01892	0.01264	0.01844	0.01049	0.01232	0.00763	0.00564	0.00548	0.00183	0.00859	0.00429	0.00254	0.00875
17	0.54367	0.00972	0.00853	0.00821	0.01106	0.01080	0.00664	0.01513	0.01144	0.02381	0.05833	0.09840	0.06832	0.00932	0.00511	0.00205	0.00444	0.09453	0.00442	0.00609
18	0.01162	0.00746	0.01034	0.01167	0.08300	0.00714	0.00769	0.01417	0.04672	0.12474	0.13487	0.38170	0.03343	0.03679	0.02586	0.00248	0.00451	0.04368	0.00566	0.00645
19	0.01258	0.01038	0.01628	0.02232	0.37670	0.01012	0.01218	0.01538	0.01405	0.06399	0.14855	0.08346	0.10335	0.02902	0.04006	0.00234	0.00588	0.02127	0.00444	0.00767
20	0.63957	0.07400	0.05501	0.00892	0.01315	0.01387	0.00796	0.01894	0.01123	0.09745	0.01003	0.01099	0.00750	0.00574	0.00408	0.00182	0.00509	0.00360	0.00393	0.00712
21	0.01079	0.00698	0.00915	0.00953	0.01136	0.00658	0.00798	0.01321	0.01442	0.09370	0.11886	0.05773	0.17819	0.03224	0.00820	0.00250	0.00469	0.40217	0.00583	0.00590
22	0.02543	0.01031	0.01374	0.01072	0.01517	0.00922	0.00879	0.02893	0.07404	0.67358	0.04782	0.02144	0.01655	0.00766	0.00609	0.00188	0.00502	0.00627	0.00731	0.01003
23	0.00808	0.00603	0.00759	0.00798	0.00927	0.00554	0.00603	0.01015	0.01438	0.01915	0.29850	0.23721	0.20820	0.01529	0.00743	0.00220	0.00347	0.12223	0.00595	0.00532
24	0.02510	0.01066	0.01390	0.01095	0.01540	0.00981	0.00895	0.02973	0.13101	0.64032	0.02385	0.02079	0.01544	0.00756	0.00606	0.00189	0.00506	0.00617	0.00724	0.01013
25	0.76477	0.01157	0.00913	0.00811	0.01176	0.01332	0.00665	0.04268	0.01119	0.02725	0.04245	0.01155	0.00895	0.00595	0.00396	0.00186	0.00464	0.00368	0.00394	0.00661
26	0.70656	0.01171	0.00975	0.00854	0.01232	0.01330	0.00705	0.06013	0.01187	0.07611	0.01043	0.01241	0.00809	0.00612	0.00414	0.00188	0.00483	0.02365	0.00416	0.00695

[dist]
# distance from previous block
# <min> <max>
4	6

[block]
# block no. 4 follows, 38 sequences, length 13
# corresponding to MSA columns:
# 179-191
name=unknown_E
#
# <colnr> <probs for GDERKNQSTAVLIFYWHMCP>
#	G	D	E	R	K	N	Q	S	T	A	V	L	I	F	Y	W	H	M	C	P
0	0.60401	0.01091	0.00982	0.00854	0.01224	0.01193	0.00695	0.01957	0.01182	0.18257	0.01331	0.06327	0.01051	0.00686	0.00448	0.00190	0.00468	0.00477	0.00465	0.00721
1	0.47607	0.01196	0.01161	0.00960	0.01371	0.01291	0.00789	0.11269	0.03971	0.23063	0.01398	0.01378	0.00973	0.00640	0.00475	0.00186	0.00504	0.00443	0.00513	0.00813
2	0.00756	0.00589	0.00686	0.00709	0.00852	0.00520	0.00514	0.00933	0.01407	0.01822	0.24525	0.24123	0.37346	0.01535	0.00725	0.00210	0.00310	0.01332	0.00587	0.00520
3	0.00861	0.00593	0.00765	0.00787	0.00904	0.00542	0.00565	0.01057	0.01447	0.04793	0.36212	0.34604	0.11601	0.01506	0.00729	0.00213	0.00321	0.01340	0.00613	0.00547
4	0.66469	0.01230	0.01027	0.00896	0.01276	0.01417	0.00733	0.09154	0.08754	0.02791	0.01066	0.01156	0.00812	0.00602	0.00420	0.00187	0.00486	0.00384	0.00420	0.00720
5	0.00757	0.00551	0.00717	0.00826	0.00894	0.00511	0.00577	0.00893	0.01237	0.01639	0.09851	0.60223	0.10932	0.01778	0.00761	0.00238	0.00353	0.06195	0.00567	0.00502
6	0.61958	0.01081	0.00933	0.00836	0.01175	0.01209	0.00673	0.04251	0.01187	0.08147	0.04918	0.08841	0.01306	0.00742	0.00454	0.00192	0.00455	0.00528	0.00441	0.00673
7	0.00935	0.00710	0.00798	0.00784	0.00948	0.00676	0.00583	0.08000	0.01430	0.01827	0.09559	0.13141	0.34150	0.14919	0.01128	0.00278	0.00418	0.08639	0.00537	0.00541
8	0.02488	0.01058	0.01396	0.01106	0.01541	0.00965	0.00919	0.09887	0.01801	0.61023	0.02359	0.02450	0.01635	0.00832	0.00627	0.00194	0.00531	0.07499	0.00711	0.00978
9	0.01091	0.00654	0.00873	0.00932	0.01075	0.00608	0.00718	0.01269	0.01323	0.12569	0.03375	0.40022	0.09493	0.01620	0.00757	0.00242	0.00429	0.21776	0.00585	0.00589
10	0.01905	0.00954	0.01225	0.01049	0.01377	0.00908	0.00848	0.08640	0.06748	0.36996	0.12214	0.10708	0.02543	0.01048	0.00665	0.00205	0.00481	0.09977	0.00668	0.00842
11	0.09928	0.01469	0.02027	0.10105	0.40409	0.04384	0.01509	0.16387	0.03994	0.02368	0.01194	0.01448	0.00944	0.00595	0.00573	0.00182	0.00694	0.00515	0.00375	0.00898
12	0.04321	0.01408	0.02068	0.17975	0.41419	0.05766	0.01585	0.06925	0.01482	0.09466	0.01245	0.01525	0.00961	0.00589	0.00588	0.00183	0.00722	0.00528	0.00361	0.00883

[dist]
# distance from previous block
# <min> <max>
0	6

# created by:
# /home/cegg/simao/soft/augustus-3.2.1/scripts/msa2prfl.pl ./align_prep/EOG090W0HNK.fa
