[name]
unknown

[dist]
# distance from previous block
# <min> <max>
0	45

[block]
# block no. 0 follows, 34 sequences, length 85
# corresponding to MSA columns:
# 50-134
name=unknown_A
#
# <colnr> <probs for GDERKNQSTAVLIFYWHMCP>
#	G	D	E	R	K	N	Q	S	T	A	V	L	I	F	Y	W	H	M	C	P
0	0.01135	0.00867	0.01300	0.01310	0.01511	0.00872	0.06772	0.04405	0.01524	0.02002	0.03057	0.06298	0.03253	0.03623	0.04208	0.00327	0.00692	0.55652	0.00559	0.00634
1	0.08503	0.01179	0.01321	0.00979	0.01515	0.00981	0.00784	0.04714	0.03897	0.02297	0.03413	0.01469	0.01135	0.00542	0.00494	0.00117	0.00486	0.00425	0.00416	0.65335
2	0.00940	0.00626	0.00705	0.00705	0.00705	0.00626	0.00392	0.00940	0.00940	0.01253	0.02036	0.04228	0.02349	0.77292	0.03289	0.00626	0.00626	0.00940	0.00392	0.00392
3	0.01627	0.01894	0.15701	0.02464	0.18284	0.01559	0.24824	0.04988	0.13466	0.06279	0.01562	0.01773	0.01167	0.00643	0.00680	0.00208	0.00851	0.00651	0.00410	0.00967
4	0.01236	0.01165	0.01966	0.72753	0.07314	0.01440	0.01802	0.01665	0.01299	0.01670	0.01151	0.01718	0.00868	0.00643	0.00646	0.00214	0.00857	0.00574	0.00288	0.00730
5	0.00938	0.00632	0.00733	0.00733	0.00742	0.00642	0.00426	0.00958	0.00948	0.01274	0.02010	0.04086	0.02287	0.71211	0.09286	0.00661	0.00719	0.00919	0.00388	0.00407
6	0.00914	0.00660	0.00864	0.00813	0.00965	0.00610	0.00610	0.01219	0.01829	0.02591	0.72921	0.04827	0.06097	0.01321	0.00762	0.00203	0.00305	0.01169	0.00711	0.00610
7	0.01358	0.02911	0.55036	0.02079	0.02953	0.01537	0.20864	0.02053	0.01408	0.02053	0.01199	0.01466	0.00862	0.00595	0.00654	0.00208	0.00991	0.00554	0.00287	0.00932
8	0.01713	0.01432	0.01523	0.01311	0.01717	0.01605	0.01032	0.13526	0.55702	0.02860	0.02342	0.02191	0.01755	0.00828	0.00641	0.00205	0.00539	0.00679	0.00633	0.07768
9	0.81856	0.01250	0.00950	0.00850	0.01250	0.01449	0.00700	0.01899	0.01100	0.02899	0.00900	0.01050	0.00700	0.00600	0.00400	0.00200	0.00500	0.00350	0.00400	0.00700
10	0.01220	0.01148	0.01938	0.75739	0.04450	0.01436	0.01794	0.01651	0.01292	0.01651	0.01148	0.01723	0.00861	0.00646	0.00646	0.00215	0.00861	0.00574	0.00287	0.00718
11	0.00888	0.00659	0.00827	0.00785	0.00949	0.00598	0.00589	0.01168	0.01767	0.02444	0.61359	0.05069	0.17750	0.01376	0.00762	0.00206	0.00309	0.01203	0.00692	0.00598
12	0.02899	0.01100	0.01499	0.01150	0.01649	0.00950	0.00950	0.03149	0.01849	0.73709	0.02549	0.02199	0.01599	0.00800	0.00650	0.00200	0.00550	0.00650	0.00800	0.01100
13	0.01082	0.00881	0.01381	0.06079	0.17459	0.00946	0.01070	0.01313	0.01183	0.01665	0.03344	0.12980	0.01918	0.05719	0.35791	0.04168	0.01147	0.00836	0.00380	0.00659
14	0.01047	0.00680	0.00798	0.00751	0.00949	0.00611	0.00569	0.01300	0.01638	0.07241	0.34860	0.04735	0.27480	0.01302	0.00707	0.00200	0.00329	0.01110	0.13071	0.00621
15	0.02647	0.01546	0.01745	0.01347	0.01850	0.04105	0.01108	0.39210	0.02480	0.34198	0.01965	0.01819	0.01307	0.00782	0.00646	0.00196	0.00657	0.00605	0.00702	0.01087
16	0.05267	0.43397	0.06510	0.05569	0.01816	0.03789	0.01140	0.04427	0.01468	0.10082	0.06524	0.01595	0.01347	0.00839	0.03597	0.00201	0.00718	0.00487	0.00392	0.00836
17	0.81856	0.01250	0.00950	0.00850	0.01250	0.01449	0.00700	0.01899	0.01100	0.02899	0.00900	0.01050	0.00700	0.00600	0.00400	0.00200	0.00500	0.00350	0.00400	0.00700
18	0.01378	0.01202	0.01561	0.10872	0.09754	0.01041	0.01040	0.04104	0.01411	0.02108	0.01307	0.01548	0.02783	0.00550	0.00531	0.00128	0.00564	0.00460	0.00378	0.57281
19	0.01119	0.03884	0.01234	0.01118	0.01268	0.06586	0.02658	0.03719	0.01235	0.01639	0.02056	0.20239	0.02142	0.06546	0.38828	0.00661	0.03105	0.00939	0.00414	0.00609
20	0.01638	0.01534	0.04535	0.12903	0.43079	0.01490	0.14838	0.02057	0.01487	0.08157	0.01336	0.01688	0.01038	0.00599	0.00664	0.00201	0.00827	0.00614	0.00357	0.00959
21	0.81856	0.01250	0.00950	0.00850	0.01250	0.01449	0.00700	0.01899	0.01100	0.02899	0.00900	0.01050	0.00700	0.00600	0.00400	0.00200	0.00500	0.00350	0.00400	0.00700
22	0.01494	0.01428	0.02433	0.23871	0.54178	0.01508	0.01931	0.01891	0.01422	0.01983	0.01197	0.01633	0.00979	0.00595	0.00641	0.00198	0.00794	0.00575	0.00311	0.00939
23	0.00787	0.00562	0.00750	0.00900	0.00937	0.00525	0.00600	0.00900	0.01237	0.01649	0.03561	0.76871	0.04274	0.02024	0.00825	0.00262	0.00375	0.01837	0.00600	0.00525
24	0.01122	0.00675	0.00840	0.00782	0.00958	0.00631	0.00593	0.01422	0.01710	0.07347	0.50219	0.04036	0.04667	0.01142	0.00676	0.00190	0.00320	0.00990	0.21039	0.00641
25	0.02597	0.01247	0.01541	0.01209	0.01682	0.01211	0.00990	0.16348	0.09718	0.49234	0.02344	0.02105	0.01545	0.00801	0.00641	0.00199	0.00566	0.00643	0.04310	0.01069
26	0.00776	0.00655	0.00672	0.00668	0.00881	0.00551	0.00501	0.00952	0.01503	0.01816	0.12117	0.06101	0.67383	0.01610	0.00764	0.00217	0.00325	0.01347	0.00609	0.00551
27	0.00914	0.00660	0.00864	0.00813	0.00965	0.00610	0.00610	0.01219	0.01829	0.02591	0.72921	0.04827	0.06097	0.01321	0.00762	0.00203	0.00305	0.01169	0.00711	0.00610
28	0.01803	0.69518	0.03216	0.01167	0.01695	0.10450	0.01121	0.02005	0.01370	0.01527	0.00909	0.01051	0.00830	0.00565	0.00433	0.00141	0.00743	0.00353	0.00283	0.00820
29	0.00877	0.00659	0.00811	0.00773	0.00942	0.00594	0.00580	0.01146	0.01740	0.02379	0.56251	0.05176	0.22899	0.01400	0.00762	0.00207	0.00310	0.01218	0.00683	0.00594
30	0.00764	0.00655	0.00655	0.00655	0.00873	0.00545	0.00491	0.00927	0.01473	0.01745	0.06546	0.06218	0.73000	0.01636	0.00764	0.00218	0.00327	0.01364	0.00600	0.00545
31	0.01797	0.70249	0.03235	0.01156	0.01692	0.07541	0.01119	0.04040	0.01400	0.01600	0.00925	0.01061	0.00837	0.00567	0.00433	0.00142	0.00724	0.00357	0.00291	0.00832
32	0.01525	0.01743	0.03813	0.02723	0.03377	0.01634	0.70915	0.02070	0.01525	0.02070	0.01307	0.01743	0.00980	0.00545	0.00763	0.00218	0.01089	0.00763	0.00327	0.00871
33	0.02029	0.02273	0.01655	0.01498	0.01846	0.39860	0.01141	0.02987	0.35322	0.02116	0.01776	0.01759	0.01376	0.00766	0.00618	0.00192	0.00854	0.00566	0.00488	0.00880
34	0.01237	0.01166	0.01968	0.72553	0.07505	0.01440	0.01803	0.01666	0.01300	0.01671	0.01151	0.01717	0.00869	0.00643	0.00646	0.00214	0.00857	0.00574	0.00289	0.00731
35	0.01567	0.00805	0.01073	0.00924	0.01190	0.00722	0.00722	0.01854	0.01836	0.25984	0.49773	0.03962	0.04617	0.01149	0.00725	0.00202	0.00385	0.00998	0.00740	0.00771
36	0.00787	0.00562	0.00750	0.00900	0.00937	0.00525	0.00600	0.00900	0.01237	0.01649	0.03561	0.76871	0.04274	0.02024	0.00825	0.00262	0.00375	0.01837	0.00600	0.00525
37	0.00931	0.00671	0.00828	0.00782	0.00961	0.00603	0.00589	0.01199	0.01739	0.04342	0.54123	0.05107	0.22959	0.01387	0.00759	0.00207	0.00317	0.01204	0.00685	0.00607
38	0.01727	0.77681	0.03386	0.01106	0.01658	0.02557	0.01106	0.01935	0.01313	0.01520	0.00898	0.01036	0.00829	0.00553	0.00415	0.00138	0.00691	0.00345	0.00276	0.00829
39	0.81856	0.01250	0.00950	0.00850	0.01250	0.01449	0.00700	0.01899	0.01100	0.02899	0.00900	0.01050	0.00700	0.00600	0.00400	0.00200	0.00500	0.00350	0.00400	0.00700
40	0.01340	0.01148	0.01340	0.00957	0.01531	0.00861	0.00766	0.01627	0.01340	0.02105	0.01148	0.01340	0.00957	0.00479	0.00479	0.00096	0.00479	0.00383	0.00383	0.81242
41	0.08316	0.01567	0.17708	0.01375	0.04826	0.01185	0.01232	0.05706	0.08819	0.14413	0.02160	0.19923	0.01957	0.01044	0.00707	0.00218	0.03258	0.00869	0.03869	0.00848
42	0.02090	0.01584	0.01700	0.01392	0.01839	0.01773	0.01121	0.37022	0.34456	0.06769	0.02090	0.01974	0.01521	0.00823	0.00652	0.00206	0.00612	0.00653	0.00659	0.01064
43	0.54145	0.01521	0.01328	0.05779	0.10134	0.11853	0.00993	0.01966	0.01263	0.02512	0.01034	0.03090	0.00857	0.00645	0.00480	0.00197	0.00645	0.00437	0.00379	0.00742
44	0.00902	0.00660	0.00847	0.00800	0.00958	0.00604	0.00600	0.01196	0.01800	0.02523	0.67563	0.04939	0.11498	0.01346	0.00762	0.00204	0.00307	0.01184	0.00702	0.00604
45	0.01445	0.01211	0.01396	0.01007	0.01576	0.00969	0.00809	0.08149	0.01499	0.02290	0.01186	0.01360	0.00970	0.00506	0.00494	0.00105	0.00500	0.00401	0.00408	0.73719
46	0.01220	0.01148	0.01938	0.75739	0.04450	0.01436	0.01794	0.01651	0.01292	0.01651	0.01148	0.01723	0.00861	0.00646	0.00646	0.00215	0.00861	0.00574	0.00287	0.00718
47	0.20891	0.01462	0.02478	0.01856	0.02363	0.01472	0.37288	0.05231	0.06052	0.02418	0.01602	0.01861	0.04193	0.00655	0.00637	0.00207	0.00793	0.00666	0.07061	0.00814
48	0.11375	0.01972	0.18859	0.02041	0.02714	0.01508	0.35675	0.04920	0.01497	0.04894	0.01267	0.01549	0.00936	0.00581	0.00652	0.00201	0.00901	0.00605	0.00359	0.07495
49	0.00897	0.00685	0.00889	0.00934	0.01089	0.00677	0.00745	0.01123	0.01367	0.01784	0.09057	0.09301	0.25200	0.02585	0.21780	0.00474	0.00799	0.19509	0.00535	0.00571
50	0.01308	0.01146	0.01844	0.63131	0.03963	0.01342	0.01629	0.01713	0.01322	0.04831	0.01209	0.01695	0.00905	0.00632	0.00625	0.00200	0.00800	0.00553	0.00321	0.10830
51	0.00815	0.00582	0.00767	0.00877	0.00932	0.00543	0.00593	0.00955	0.01325	0.01792	0.15200	0.61693	0.04501	0.05038	0.00917	0.00268	0.00374	0.01687	0.00610	0.00534
52	0.02422	0.02831	0.01852	0.01630	0.01999	0.60462	0.01244	0.16001	0.02067	0.02069	0.01107	0.01241	0.00884	0.00687	0.00595	0.00172	0.01076	0.00449	0.00394	0.00818
53	0.01588	0.06662	0.13114	0.02206	0.02749	0.10124	0.37321	0.02030	0.01434	0.01890	0.01149	0.01525	0.00909	0.00668	0.00929	0.00216	0.13712	0.00624	0.00309	0.00839
54	0.00785	0.00570	0.00742	0.00880	0.00932	0.00527	0.00591	0.00902	0.01256	0.01657	0.03807	0.71062	0.09924	0.01992	0.00820	0.00259	0.00371	0.01798	0.00600	0.00527
55	0.01405	0.01402	0.01977	0.04940	0.01817	0.01955	0.01430	0.01559	0.01003	0.01559	0.00861	0.01427	0.00849	0.01110	0.02056	0.00280	0.72813	0.00566	0.00283	0.00707
56	0.00787	0.00562	0.00750	0.00900	0.00937	0.00525	0.00600	0.00900	0.01237	0.01649	0.03561	0.76871	0.04274	0.02024	0.00825	0.00262	0.00375	0.01837	0.00600	0.00525
57	0.01607	0.01388	0.01461	0.01315	0.01680	0.01607	0.01023	0.03433	0.72094	0.02703	0.02630	0.02411	0.01972	0.00877	0.00657	0.00219	0.00511	0.00731	0.00657	0.01023
58	0.01599	0.01535	0.02623	0.03966	0.73262	0.01535	0.01983	0.01983	0.01471	0.02111	0.01215	0.01599	0.01023	0.00576	0.00640	0.00192	0.00768	0.00576	0.00320	0.01023
59	0.00930	0.00638	0.00780	0.00785	0.00812	0.00662	0.00491	0.00985	0.00973	0.01322	0.02028	0.06648	0.02262	0.58533	0.18843	0.00703	0.00859	0.00920	0.00390	0.00437
60	0.01230	0.01129	0.01858	0.55520	0.11273	0.01352	0.01640	0.01620	0.01332	0.01775	0.05534	0.05194	0.01361	0.00759	0.00706	0.00215	0.03429	0.00665	0.02675	0.00732
61	0.00797	0.00625	0.00721	0.00762	0.00909	0.00550	0.00547	0.00968	0.01456	0.01857	0.16765	0.29165	0.39163	0.01710	0.00783	0.00230	0.00339	0.01486	0.00619	0.00550
62	0.01546	0.01555	0.02247	0.29065	0.38441	0.09566	0.01792	0.01919	0.01443	0.01889	0.01165	0.01586	0.00942	0.00607	0.00630	0.00194	0.00835	0.00551	0.00312	0.03717
63	0.00937	0.00635	0.00748	0.00748	0.00762	0.00650	0.00445	0.00967	0.00952	0.01285	0.01997	0.04011	0.02255	0.67994	0.12458	0.00679	0.00768	0.00908	0.00386	0.00415
64	0.05014	0.01150	0.01333	0.00965	0.01526	0.00893	0.00774	0.01736	0.01362	0.06708	0.01227	0.01382	0.00987	0.00504	0.00486	0.00107	0.00484	0.00398	0.00410	0.72554
65	0.00971	0.00712	0.00926	0.00903	0.00945	0.00798	0.00622	0.01066	0.00979	0.01366	0.01832	0.03395	0.01966	0.45089	0.29047	0.00748	0.06963	0.00821	0.00367	0.00483
66	0.01696	0.01439	0.01562	0.01449	0.04850	0.01645	0.01086	0.10446	0.61780	0.02820	0.02455	0.02285	0.01839	0.00853	0.00656	0.00215	0.00543	0.00708	0.00642	0.01031
67	0.30291	0.03608	0.01369	0.01044	0.01511	0.01175	0.00868	0.02676	0.01572	0.46795	0.01923	0.01763	0.01262	0.00722	0.00555	0.00198	0.00537	0.00536	0.00644	0.00952
68	0.01943	0.01514	0.01869	0.07388	0.06800	0.01565	0.03762	0.33824	0.03935	0.05953	0.01431	0.01565	0.01069	0.00682	0.00655	0.00175	0.03087	0.00542	0.00512	0.21729
69	0.01685	0.01392	0.01479	0.01315	0.01690	0.01597	0.01027	0.05805	0.67073	0.05370	0.02589	0.02373	0.01928	0.00870	0.00657	0.00218	0.00520	0.00722	0.00662	0.01028
70	0.01296	0.01226	0.02075	0.61376	0.18221	0.01455	0.01832	0.01717	0.01328	0.01743	0.01162	0.01698	0.00894	0.00632	0.00645	0.00211	0.00843	0.00575	0.00294	0.00779
71	0.01044	0.00841	0.04204	0.00922	0.01158	0.00689	0.03277	0.01328	0.01675	0.07071	0.42222	0.09875	0.20516	0.01348	0.00753	0.00211	0.00389	0.01181	0.00650	0.00647
72	0.00914	0.00660	0.00864	0.00813	0.00965	0.00610	0.00610	0.01219	0.01829	0.02591	0.72921	0.04827	0.06097	0.01321	0.00762	0.00203	0.00305	0.01169	0.00711	0.00610
73	0.01257	0.01186	0.02004	0.68837	0.11068	0.01445	0.01813	0.01683	0.01309	0.01695	0.01155	0.01711	0.00877	0.00639	0.00645	0.00213	0.00852	0.00574	0.00290	0.00747
74	0.01602	0.04844	0.02701	0.03794	0.67474	0.01583	0.04592	0.01984	0.01466	0.02084	0.01205	0.01580	0.01013	0.00574	0.00635	0.00191	0.00777	0.00573	0.00318	0.01009
75	0.02761	0.01157	0.01564	0.01289	0.04836	0.01040	0.01006	0.07734	0.01914	0.63934	0.04197	0.02194	0.01653	0.00801	0.00652	0.00199	0.00564	0.00655	0.00766	0.01084
76	0.01066	0.00561	0.00826	0.00852	0.00858	0.00555	0.00568	0.00852	0.00908	0.01211	0.01534	0.14602	0.01654	0.02207	0.02238	0.67545	0.00530	0.00776	0.00334	0.00322
77	0.01448	0.06898	0.28148	0.02036	0.16169	0.03063	0.05205	0.04071	0.12911	0.02192	0.05894	0.03851	0.03778	0.00758	0.00640	0.00202	0.00761	0.00649	0.00404	0.00922
78	0.05168	0.26020	0.14348	0.01707	0.12001	0.03508	0.04059	0.02240	0.05038	0.15035	0.01403	0.01517	0.01065	0.00692	0.00626	0.03031	0.00725	0.00501	0.00406	0.00912
79	0.15317	0.05743	0.04553	0.01252	0.04095	0.04060	0.01003	0.16658	0.01760	0.22913	0.01714	0.01996	0.01322	0.11083	0.03550	0.00280	0.00682	0.00590	0.00545	0.00883
80	0.01790	0.14086	0.07618	0.02780	0.37965	0.19114	0.03704	0.02124	0.01526	0.01886	0.01112	0.01394	0.00932	0.00595	0.00592	0.00179	0.00873	0.00500	0.00313	0.00918
81	0.00811	0.00634	0.00722	0.00769	0.00913	0.00564	0.00556	0.00965	0.01389	0.01742	0.08917	0.24731	0.40772	0.07708	0.00988	0.00267	0.00380	0.06047	0.00589	0.00535
82	0.01803	0.31282	0.05133	0.05192	0.19095	0.17717	0.01424	0.04493	0.01532	0.01808	0.01150	0.01533	0.01014	0.00651	0.00551	0.00172	0.00825	0.03443	0.00326	0.00857
83	0.01533	0.06743	0.54270	0.01917	0.08165	0.01499	0.04165	0.02163	0.01430	0.10258	0.01314	0.01473	0.00930	0.00627	0.00614	0.00200	0.00884	0.00507	0.00339	0.00968
84	0.01450	0.01435	0.04227	0.05287	0.45618	0.01381	0.11058	0.03521	0.01469	0.02059	0.01641	0.14702	0.01575	0.00831	0.00688	0.00209	0.00749	0.00818	0.00375	0.00907

[dist]
# distance from previous block
# <min> <max>
0	1

[block]
# block no. 1 follows, 34 sequences, length 12
# corresponding to MSA columns:
# 136-147
name=unknown_B
#
# <colnr> <probs for GDERKNQSTAVLIFYWHMCP>
#	G	D	E	R	K	N	Q	S	T	A	V	L	I	F	Y	W	H	M	C	P
0	0.07422	0.03531	0.11212	0.08320	0.18075	0.01492	0.01481	0.15349	0.04695	0.19681	0.01615	0.01697	0.01148	0.00692	0.00620	0.00198	0.00706	0.00567	0.00506	0.00994
1	0.01719	0.07016	0.22294	0.01897	0.09948	0.03427	0.13455	0.02229	0.04023	0.16506	0.09440	0.02015	0.01651	0.00720	0.00653	0.00199	0.00777	0.00646	0.00457	0.00927
2	0.13121	0.01589	0.01639	0.01340	0.01789	0.01792	0.01085	0.38467	0.26334	0.03443	0.01829	0.01775	0.01342	0.00786	0.00616	0.00203	0.00614	0.00601	0.00616	0.01018
3	0.01424	0.01110	0.01661	0.09849	0.08106	0.01088	0.07745	0.07456	0.01621	0.07197	0.08906	0.06954	0.02381	0.01053	0.00715	0.00215	0.00637	0.18502	0.00510	0.12870
4	0.01122	0.00561	0.00842	0.00842	0.00842	0.00561	0.00561	0.00842	0.00842	0.01122	0.01122	0.01964	0.01122	0.02245	0.02525	0.81201	0.00561	0.00561	0.00281	0.00281
5	0.02391	0.01269	0.01660	0.01281	0.01747	0.01232	0.05313	0.20712	0.02031	0.38555	0.02073	0.02044	0.01425	0.02895	0.04388	0.00245	0.00670	0.00635	0.05134	0.04299
6	0.10360	0.01672	0.13592	0.12553	0.25472	0.01426	0.09954	0.01983	0.03759	0.05017	0.06850	0.01837	0.01376	0.00667	0.00635	0.00203	0.00766	0.00611	0.00378	0.00887
7	0.01551	0.01558	0.02238	0.21722	0.42610	0.09957	0.01757	0.01917	0.01492	0.01965	0.06013	0.01798	0.01302	0.00654	0.00643	0.00196	0.00806	0.00597	0.00339	0.00886
8	0.01466	0.01018	0.05980	0.01016	0.01314	0.00842	0.00842	0.07837	0.01731	0.17993	0.22118	0.20207	0.12377	0.01309	0.00731	0.00217	0.00458	0.01131	0.00656	0.00757
9	0.01935	0.01797	0.18065	0.01903	0.09320	0.01332	0.15772	0.08241	0.01728	0.24438	0.05384	0.02053	0.03500	0.00732	0.00673	0.00204	0.00767	0.00668	0.00515	0.00973
10	0.02495	0.05591	0.01866	0.01734	0.12736	0.23309	0.01206	0.02738	0.01759	0.37419	0.01796	0.01738	0.01242	0.00713	0.00616	0.00186	0.00775	0.00553	0.00560	0.00969
11	0.01384	0.01302	0.02136	0.13043	0.49011	0.01321	0.01657	0.01737	0.01467	0.02020	0.05996	0.02490	0.12103	0.00786	0.00666	0.00200	0.00688	0.00727	0.00379	0.00887

[dist]
# distance from previous block
# <min> <max>
1	21

[block]
# block no. 2 follows, 34 sequences, length 46
# corresponding to MSA columns:
# 169-214
name=unknown_C
#
# <colnr> <probs for GDERKNQSTAVLIFYWHMCP>
#	G	D	E	R	K	N	Q	S	T	A	V	L	I	F	Y	W	H	M	C	P
0	0.01220	0.01148	0.01938	0.75739	0.04450	0.01436	0.01794	0.01651	0.01292	0.01651	0.01148	0.01723	0.00861	0.00646	0.00646	0.00215	0.00861	0.00574	0.00287	0.00718
1	0.01865	0.01103	0.01442	0.12149	0.04207	0.01134	0.01035	0.15253	0.03310	0.23174	0.06300	0.14482	0.02115	0.03880	0.00772	0.00225	0.00578	0.00858	0.05256	0.00861
2	0.01882	0.02284	0.19655	0.02007	0.07814	0.15103	0.15830	0.13604	0.01810	0.07928	0.03271	0.01614	0.01121	0.00678	0.00686	0.00199	0.02591	0.00583	0.00414	0.00925
3	0.00868	0.00620	0.00843	0.00992	0.01065	0.00595	0.00740	0.01040	0.01317	0.01740	0.03517	0.54693	0.04097	0.01948	0.00846	0.00274	0.00445	0.23216	0.00598	0.00547
4	0.02082	0.05424	0.01795	0.01443	0.01860	0.18480	0.01147	0.25897	0.29598	0.02852	0.01815	0.01774	0.01366	0.00780	0.00625	0.00195	0.00736	0.00591	0.00562	0.00977
5	0.01727	0.77681	0.03386	0.01106	0.01658	0.02557	0.01106	0.01935	0.01313	0.01520	0.00898	0.01036	0.00829	0.00553	0.00415	0.00138	0.00691	0.00345	0.00276	0.00829
6	0.00938	0.00633	0.00736	0.00736	0.00747	0.00644	0.00431	0.00960	0.00949	0.01276	0.02007	0.04069	0.02280	0.70459	0.10027	0.00665	0.00731	0.00916	0.00387	0.00409
7	0.01690	0.71250	0.09490	0.01169	0.01757	0.02465	0.01216	0.01944	0.01317	0.01566	0.00921	0.01065	0.00828	0.00558	0.00432	0.00144	0.00714	0.00357	0.00276	0.00840
8	0.01220	0.01148	0.01938	0.75739	0.04450	0.01436	0.01794	0.01651	0.01292	0.01651	0.01148	0.01723	0.00861	0.00646	0.00646	0.00215	0.00861	0.00574	0.00287	0.00718
9	0.00940	0.00626	0.00705	0.00705	0.00705	0.00626	0.00392	0.00940	0.00940	0.01253	0.02036	0.04228	0.02349	0.77292	0.03289	0.00626	0.00626	0.00940	0.00392	0.00392
10	0.01599	0.01535	0.02623	0.03966	0.73262	0.01535	0.01983	0.01983	0.01471	0.02111	0.01215	0.01599	0.01023	0.00576	0.00640	0.00192	0.00768	0.00576	0.00320	0.01023
11	0.00786	0.00566	0.00746	0.00891	0.00935	0.00526	0.00596	0.00901	0.01246	0.01653	0.03673	0.74235	0.06837	0.02010	0.00822	0.00261	0.00373	0.01819	0.00600	0.00526
12	0.04568	0.03697	0.01916	0.60295	0.03881	0.01524	0.01639	0.06808	0.05847	0.01938	0.01252	0.01704	0.00941	0.00665	0.00629	0.00211	0.00809	0.00568	0.00340	0.00767
13	0.01499	0.01383	0.01804	0.15270	0.23153	0.09930	0.01391	0.06046	0.01490	0.04214	0.01713	0.15385	0.01644	0.01346	0.08489	0.00298	0.02942	0.00801	0.00404	0.00797
14	0.02638	0.01042	0.01416	0.01105	0.01559	0.00905	0.00905	0.02895	0.01847	0.64344	0.11816	0.02545	0.02192	0.00868	0.00665	0.00200	0.00518	0.00718	0.00788	0.01035
15	0.01325	0.01255	0.02127	0.55899	0.23472	0.01463	0.01847	0.01743	0.01342	0.01778	0.01167	0.01689	0.00906	0.00627	0.00644	0.00209	0.00835	0.00575	0.00296	0.00802
16	0.01509	0.01405	0.02512	0.26710	0.11892	0.01475	0.23932	0.08649	0.01628	0.04394	0.08060	0.02005	0.01460	0.00686	0.00694	0.00210	0.00847	0.00694	0.00395	0.00844
17	0.01302	0.01289	0.08497	0.05278	0.08519	0.01113	0.08426	0.07555	0.01669	0.05465	0.18642	0.03508	0.20471	0.01068	0.00777	0.00211	0.03997	0.00922	0.00521	0.00767
18	0.01253	0.01182	0.01997	0.69530	0.10403	0.01444	0.01811	0.01680	0.01307	0.01691	0.01154	0.01712	0.00875	0.00640	0.00645	0.00213	0.00853	0.00574	0.00290	0.00744
19	0.02433	0.02999	0.01818	0.01644	0.01983	0.71697	0.01236	0.02603	0.01832	0.04517	0.01062	0.01207	0.00864	0.00671	0.00585	0.00168	0.01140	0.00426	0.00352	0.00763
20	0.01615	0.01347	0.02202	0.22215	0.37962	0.01458	0.01721	0.01970	0.01432	0.10327	0.03263	0.01772	0.01169	0.00694	0.00788	0.00208	0.07975	0.00599	0.00374	0.00910
21	0.01021	0.00676	0.00835	0.00875	0.01040	0.00607	0.00658	0.01201	0.01444	0.08572	0.08392	0.31725	0.27668	0.01702	0.00793	0.00243	0.00402	0.10921	0.00624	0.00601
22	0.01131	0.01016	0.01596	0.49486	0.04966	0.01193	0.01416	0.01549	0.04239	0.01803	0.08790	0.10324	0.08010	0.00949	0.00686	0.00219	0.00694	0.00838	0.00403	0.00692
23	0.01690	0.01612	0.07793	0.01383	0.01819	0.01649	0.01167	0.12094	0.57016	0.02824	0.02363	0.02209	0.01759	0.00841	0.00652	0.00215	0.00576	0.00689	0.00623	0.01027
24	0.01863	0.04793	0.09181	0.01198	0.01647	0.12586	0.01050	0.06306	0.04106	0.20819	0.04264	0.04946	0.15721	0.00938	0.00641	0.00190	0.00642	0.00748	0.00550	0.07809
25	0.02116	0.01232	0.07002	0.01238	0.01690	0.01009	0.05511	0.02564	0.07503	0.41097	0.18948	0.02742	0.02590	0.00898	0.00681	0.00204	0.00555	0.00773	0.00697	0.00952
26	0.00935	0.00645	0.00797	0.00797	0.00829	0.00676	0.00506	0.00999	0.00967	0.01321	0.01952	0.03762	0.02147	0.57311	0.22993	0.00740	0.00931	0.00871	0.00379	0.00443
27	0.01297	0.01174	0.01429	0.06753	0.15110	0.08744	0.01067	0.04715	0.04226	0.01803	0.02016	0.19822	0.02085	0.12206	0.14216	0.00419	0.00862	0.00933	0.00428	0.00694
28	0.01531	0.01335	0.01891	0.24394	0.21032	0.03172	0.01481	0.08579	0.13557	0.03862	0.03494	0.02010	0.01373	0.03474	0.05806	0.00276	0.00800	0.00636	0.00424	0.00871
29	0.00795	0.00575	0.00755	0.00895	0.00948	0.00534	0.00609	0.00918	0.01262	0.01666	0.03749	0.69672	0.08702	0.01990	0.00823	0.00261	0.00380	0.04336	0.00600	0.00529
30	0.01538	0.01456	0.02434	0.10543	0.60243	0.01493	0.01879	0.01988	0.04645	0.02086	0.01372	0.01904	0.01172	0.00651	0.00652	0.00200	0.00757	0.03665	0.00344	0.00975
31	0.01521	0.01471	0.02331	0.13040	0.54139	0.04740	0.01795	0.01894	0.01498	0.02072	0.07960	0.01900	0.01472	0.00659	0.00649	0.00195	0.00754	0.00624	0.00353	0.00932
32	0.01666	0.01707	0.13148	0.12496	0.30050	0.03913	0.01692	0.04057	0.07464	0.10588	0.05650	0.01890	0.01408	0.00695	0.00645	0.00200	0.00747	0.00611	0.00425	0.00949
33	0.02178	0.03763	0.01631	0.01382	0.06600	0.01143	0.03778	0.04394	0.12581	0.39204	0.12135	0.02577	0.03938	0.00869	0.00665	0.00202	0.00550	0.00739	0.00687	0.00983
34	0.04950	0.01347	0.01973	0.05244	0.35583	0.01367	0.01440	0.12853	0.01769	0.11050	0.08579	0.04475	0.04922	0.00801	0.00656	0.00199	0.00649	0.00707	0.00490	0.00944
35	0.01779	0.01560	0.03885	0.20532	0.35454	0.05736	0.01713	0.09866	0.01662	0.09573	0.01361	0.01655	0.01036	0.00644	0.00639	0.00197	0.00789	0.00572	0.00398	0.00949
36	0.04736	0.19841	0.07269	0.07888	0.08451	0.18662	0.01308	0.04446	0.01614	0.14572	0.04392	0.01583	0.01216	0.00679	0.00571	0.00178	0.00794	0.00508	0.00421	0.00870
37	0.41684	0.01356	0.01433	0.05676	0.12484	0.03793	0.01045	0.07943	0.03160	0.08161	0.01305	0.04375	0.01049	0.00691	0.00522	0.00197	0.00599	0.00512	0.00445	0.03570
38	0.01612	0.01290	0.04760	0.03374	0.09902	0.01284	0.01140	0.05944	0.28721	0.11006	0.11181	0.03027	0.02395	0.04002	0.00792	0.00233	0.00571	0.07260	0.00599	0.00907
39	0.01360	0.02835	0.02866	0.04546	0.06053	0.00925	0.00875	0.04372	0.04653	0.10995	0.08354	0.24178	0.02680	0.11803	0.01051	0.00265	0.00526	0.01030	0.00537	0.10094
40	0.12524	0.01109	0.01535	0.09527	0.18470	0.01168	0.01143	0.01930	0.05830	0.13582	0.01749	0.05549	0.01512	0.11649	0.09659	0.00360	0.00765	0.00687	0.00452	0.00799
41	0.22024	0.01409	0.01792	0.05525	0.28508	0.03485	0.01323	0.06515	0.09503	0.07022	0.04287	0.01801	0.02752	0.00699	0.00588	0.00199	0.00642	0.00576	0.00449	0.00904
42	0.05768	0.04493	0.02097	0.05846	0.34488	0.02939	0.03388	0.06188	0.07396	0.10205	0.01714	0.09584	0.01475	0.00794	0.00643	0.00202	0.00682	0.00711	0.00451	0.00936
43	0.05570	0.01614	0.06788	0.04225	0.26156	0.06971	0.01401	0.06294	0.04766	0.07649	0.03798	0.01658	0.01224	0.00635	0.00592	0.00173	0.00689	0.00536	0.00419	0.18841
44	0.05623	0.01336	0.02020	0.07491	0.39950	0.01361	0.01507	0.06819	0.04252	0.08867	0.08147	0.02240	0.06054	0.00760	0.00649	0.00198	0.00658	0.00680	0.00454	0.00933
45	0.01718	0.11033	0.05374	0.02229	0.28880	0.01421	0.01409	0.04873	0.03478	0.12189	0.04590	0.02130	0.01497	0.00728	0.00615	0.00183	0.00658	0.05421	0.00446	0.11129

[dist]
# distance from previous block
# <min> <max>
3	77

# created by:
# /home/cegg/simao/soft/augustus-3.2.1/scripts/msa2prfl.pl ./align_prep/EOG090W0GDV.fa
