[name]
unknown

[dist]
# distance from previous block
# <min> <max>
0	77

[block]
# block no. 0 follows, 29 sequences, length 57
# corresponding to MSA columns:
# 82-138
name=unknown_A
#
# <colnr> <probs for GDERKNQSTAVLIFYWHMCP>
#	G	D	E	R	K	N	Q	S	T	A	V	L	I	F	Y	W	H	M	C	P
0	0.01924	0.01613	0.04124	0.16222	0.32594	0.01649	0.01820	0.13081	0.04374	0.08760	0.01715	0.02228	0.01370	0.00798	0.00725	0.00226	0.00817	0.04422	0.00482	0.01057
1	0.01397	0.03312	0.62536	0.01873	0.02816	0.01531	0.02376	0.02163	0.01532	0.02316	0.05342	0.01801	0.01300	0.00732	0.00674	0.00221	0.00963	0.00579	0.05529	0.01005
2	0.01012	0.00753	0.00809	0.00778	0.01029	0.00638	0.00589	0.01218	0.01698	0.06433	0.14747	0.06381	0.58004	0.01702	0.00833	0.00237	0.00373	0.01426	0.00690	0.00649
3	0.01836	0.01769	0.05697	0.01690	0.02123	0.09242	0.10497	0.02946	0.32193	0.07963	0.02334	0.06862	0.01874	0.01248	0.05523	0.00298	0.03510	0.00818	0.00583	0.00994
4	0.07095	0.01504	0.06525	0.01728	0.08794	0.01269	0.05513	0.05338	0.01938	0.49263	0.02337	0.02170	0.01526	0.00812	0.00705	0.00221	0.00700	0.00682	0.00727	0.01152
5	0.00857	0.00722	0.00743	0.00738	0.00971	0.00608	0.00553	0.01052	0.01660	0.02011	0.13137	0.06708	0.64266	0.01771	0.00841	0.00239	0.00358	0.01483	0.00673	0.00608
6	0.00880	0.00625	0.00823	0.00976	0.01014	0.00587	0.00644	0.00995	0.01339	0.01785	0.03800	0.69324	0.04552	0.07632	0.01110	0.00319	0.00434	0.01951	0.00644	0.00567
7	0.01762	0.01692	0.02890	0.04371	0.70533	0.01692	0.02185	0.02185	0.01621	0.02326	0.01339	0.01762	0.01128	0.00634	0.00705	0.00211	0.00846	0.00634	0.00352	0.01128
8	0.09270	0.45384	0.02949	0.01465	0.04386	0.19175	0.01246	0.02374	0.04597	0.01913	0.01115	0.01268	0.00966	0.00661	0.00521	0.00172	0.00861	0.00428	0.00353	0.00897
9	0.03195	0.01212	0.01652	0.01267	0.01818	0.01047	0.01047	0.03470	0.02038	0.71026	0.02809	0.02424	0.01763	0.00881	0.00716	0.00220	0.00606	0.00716	0.00881	0.01212
10	0.01939	0.58860	0.07802	0.01539	0.06488	0.09509	0.01388	0.02214	0.01518	0.01762	0.01042	0.01220	0.00928	0.00627	0.00506	0.00164	0.00837	0.00414	0.00314	0.00928
11	0.00868	0.00620	0.00826	0.00991	0.01033	0.00578	0.00661	0.00991	0.01363	0.01818	0.03925	0.74510	0.04710	0.02231	0.00909	0.00289	0.00413	0.02024	0.00661	0.00578
12	0.07665	0.04168	0.09419	0.01493	0.02060	0.03545	0.01324	0.22467	0.17886	0.19449	0.02113	0.02010	0.01485	0.00844	0.00684	0.00221	0.00716	0.00654	0.00670	0.01125
13	0.02138	0.02063	0.05056	0.01850	0.08564	0.14708	0.01388	0.22019	0.23144	0.03067	0.05031	0.02272	0.01766	0.00898	0.00715	0.00221	0.00801	0.02639	0.00601	0.01058
14	0.01458	0.01200	0.01355	0.01314	0.01617	0.01320	0.01058	0.02706	0.39127	0.02614	0.06576	0.04821	0.09373	0.01374	0.00820	0.00267	0.00563	0.20825	0.00700	0.00913
15	0.02729	0.01959	0.02115	0.01622	0.02191	0.02156	0.01340	0.65245	0.03289	0.07485	0.01759	0.01742	0.01236	0.00856	0.00712	0.00214	0.00776	0.00644	0.00720	0.01211
16	0.02774	0.01287	0.01630	0.01303	0.01806	0.01228	0.01058	0.05806	0.16505	0.50950	0.05797	0.02577	0.02052	0.00924	0.00723	0.00225	0.00591	0.00758	0.00837	0.01169
17	0.01814	0.01791	0.02840	0.04224	0.66570	0.05776	0.02138	0.02223	0.01644	0.02292	0.01326	0.01735	0.01116	0.00640	0.00701	0.00210	0.00871	0.00624	0.00353	0.01110
18	0.01702	0.01779	0.07203	0.10704	0.60034	0.01679	0.02194	0.02155	0.01595	0.02274	0.01329	0.01759	0.01097	0.00644	0.00704	0.00215	0.00869	0.00627	0.00346	0.01091
19	0.00997	0.00720	0.00942	0.00903	0.01061	0.00665	0.00671	0.01318	0.01967	0.02778	0.65240	0.10456	0.06570	0.01513	0.00845	0.00229	0.00342	0.01342	0.00775	0.00665
20	0.01252	0.01166	0.01876	0.59961	0.04181	0.01402	0.01714	0.01673	0.01460	0.01838	0.02356	0.02807	0.13657	0.00912	0.00736	0.00238	0.00841	0.00792	0.00380	0.00756
21	0.01498	0.01985	0.15281	0.02562	0.07382	0.01552	0.40406	0.02042	0.01590	0.02197	0.01845	0.14686	0.01695	0.00904	0.00815	0.00244	0.01013	0.00982	0.00402	0.00920
22	0.01673	0.04294	0.11783	0.03085	0.15842	0.01794	0.46252	0.02256	0.01642	0.02268	0.01389	0.01820	0.01063	0.00616	0.00785	0.00231	0.01105	0.00752	0.00350	0.01000
23	0.00886	0.00662	0.00824	0.00912	0.01022	0.00600	0.00635	0.01060	0.01538	0.02024	0.16302	0.46607	0.20341	0.01995	0.00881	0.00266	0.00387	0.01774	0.00683	0.00600
24	0.01444	0.03570	0.66986	0.02092	0.03123	0.01663	0.06817	0.02257	0.01515	0.02257	0.01288	0.01530	0.00913	0.00672	0.00687	0.00226	0.01062	0.00546	0.00304	0.01046
25	0.09784	0.06846	0.19393	0.02712	0.29260	0.01728	0.03599	0.04657	0.06207	0.07017	0.01485	0.01704	0.01137	0.00691	0.00661	0.00215	0.00833	0.00589	0.00418	0.01063
26	0.01829	0.06700	0.02747	0.03700	0.54839	0.09362	0.01952	0.02208	0.01674	0.02248	0.04983	0.01860	0.01391	0.00688	0.00689	0.00205	0.00861	0.00634	0.00374	0.01056
27	0.00886	0.00628	0.00821	0.00967	0.01004	0.00591	0.00635	0.00996	0.01327	0.01769	0.03737	0.66711	0.04473	0.10353	0.01212	0.00334	0.00444	0.01914	0.00635	0.00562
28	0.16432	0.36858	0.09290	0.01672	0.09413	0.11975	0.01396	0.02241	0.01507	0.02092	0.01071	0.01266	0.00910	0.00645	0.00527	0.00183	0.00832	0.00434	0.00343	0.00912
29	0.01416	0.00874	0.01019	0.00932	0.01184	0.00852	0.00716	0.01952	0.10930	0.10369	0.28639	0.04158	0.12259	0.01212	0.00725	0.00213	0.00399	0.01029	0.20341	0.00783
30	0.02079	0.54284	0.03312	0.01504	0.05900	0.04792	0.01306	0.15288	0.01853	0.02274	0.01157	0.01295	0.00985	0.00663	0.00528	0.00169	0.00787	0.00450	0.00390	0.00983
31	0.00878	0.00624	0.00823	0.00978	0.01016	0.00586	0.00646	0.00994	0.01342	0.01790	0.03817	0.70034	0.04574	0.06893	0.01083	0.00315	0.00431	0.01961	0.00646	0.00569
32	0.01982	0.01515	0.01782	0.01495	0.01905	0.01658	0.04406	0.28135	0.21936	0.05736	0.02472	0.14464	0.02136	0.01395	0.05298	0.00295	0.00742	0.00944	0.00675	0.01030
33	0.02320	0.15385	0.16398	0.01646	0.02303	0.07864	0.01579	0.35443	0.02482	0.05762	0.01486	0.01559	0.01092	0.00766	0.00654	0.00203	0.00868	0.00560	0.00535	0.01095
34	0.01395	0.01317	0.02226	0.65010	0.12767	0.01595	0.02002	0.01863	0.01447	0.01880	0.01274	0.01882	0.00971	0.00703	0.00711	0.00234	0.00937	0.00633	0.00321	0.00831
35	0.01747	0.01676	0.02863	0.06904	0.68120	0.01688	0.02178	0.02172	0.01614	0.02308	0.01337	0.01767	0.01121	0.00637	0.00705	0.00212	0.00850	0.00634	0.00351	0.01116
36	0.01750	0.01765	0.05406	0.04285	0.68053	0.01690	0.02202	0.02188	0.01617	0.02324	0.01337	0.01753	0.01120	0.00636	0.00704	0.00212	0.00854	0.00630	0.00351	0.01125
37	0.01385	0.03210	0.58586	0.01962	0.02879	0.01539	0.06548	0.02124	0.01533	0.02260	0.05159	0.06563	0.01477	0.00816	0.00711	0.00231	0.00981	0.00686	0.00354	0.00995
38	0.00932	0.00712	0.00813	0.00806	0.00967	0.00639	0.00572	0.01128	0.01632	0.02128	0.26794	0.10301	0.33331	0.14544	0.01333	0.00317	0.00414	0.01384	0.00661	0.00593
39	0.01904	0.75404	0.03731	0.01218	0.01828	0.02818	0.01218	0.02132	0.01447	0.01675	0.00990	0.01142	0.00914	0.00609	0.00457	0.00152	0.00761	0.00381	0.00305	0.00914
40	0.01855	0.29131	0.17513	0.02174	0.15621	0.06223	0.05298	0.06723	0.05127	0.02216	0.01295	0.01504	0.01046	0.00670	0.00614	0.00194	0.00884	0.00529	0.00368	0.01013
41	0.00877	0.00664	0.00814	0.00928	0.01039	0.00601	0.00655	0.01032	0.01462	0.01871	0.04937	0.49263	0.25032	0.02081	0.00893	0.00277	0.00412	0.05914	0.00661	0.00590
42	0.01008	0.00734	0.00952	0.00916	0.01088	0.00678	0.00699	0.01333	0.01963	0.02742	0.61194	0.05619	0.10595	0.01516	0.00851	0.00233	0.00361	0.06087	0.00766	0.00666
43	0.01147	0.00820	0.01147	0.01311	0.01475	0.00820	0.01147	0.01475	0.01639	0.02131	0.03770	0.08032	0.04098	0.01967	0.00984	0.00328	0.00656	0.65741	0.00656	0.00656
44	0.01841	0.20821	0.39145	0.01775	0.02617	0.01854	0.06449	0.02418	0.01586	0.12962	0.01460	0.01588	0.01053	0.00687	0.00640	0.00208	0.00920	0.00542	0.00397	0.01037
45	0.01314	0.00804	0.01022	0.00967	0.01108	0.00870	0.00730	0.01546	0.01378	0.06512	0.08477	0.03087	0.02281	0.11814	0.19768	0.02888	0.06627	0.00795	0.27350	0.00661
46	0.00922	0.00688	0.00858	0.00893	0.01031	0.00623	0.00640	0.01150	0.01699	0.02287	0.33161	0.30364	0.19458	0.01806	0.00865	0.00251	0.00369	0.01596	0.00714	0.00623
47	0.02275	0.02701	0.05298	0.02345	0.09263	0.36924	0.17243	0.09601	0.02003	0.02240	0.01273	0.01541	0.01008	0.00714	0.00740	0.00207	0.02698	0.00592	0.00397	0.00936
48	0.02006	0.02684	0.31509	0.01879	0.02628	0.06421	0.07380	0.20830	0.06027	0.07285	0.01660	0.03583	0.01231	0.00794	0.00709	0.00223	0.00932	0.00647	0.00496	0.01076
49	0.01697	0.01641	0.02742	0.03195	0.35724	0.04136	0.16362	0.06094	0.01740	0.02369	0.01857	0.07389	0.01731	0.00920	0.00782	0.00237	0.00883	0.09078	0.00436	0.00988
50	0.06335	0.09039	0.16450	0.05024	0.03071	0.08111	0.32372	0.02325	0.01621	0.05292	0.01355	0.01681	0.01021	0.00663	0.00756	0.00224	0.02681	0.00659	0.00370	0.00952
51	0.01931	0.28854	0.13790	0.02009	0.14542	0.02151	0.01630	0.17196	0.01946	0.02581	0.03512	0.01818	0.01313	0.00756	0.00626	0.00197	0.00811	0.02878	0.00433	0.01026
52	0.12333	0.09659	0.22013	0.02357	0.20883	0.01890	0.01851	0.16052	0.01878	0.02811	0.01318	0.01535	0.01012	0.00694	0.00638	0.00211	0.00844	0.00546	0.00420	0.01055
53	0.15718	0.10961	0.23368	0.02092	0.15577	0.05781	0.01755	0.05270	0.04027	0.05366	0.01337	0.01526	0.01024	0.00684	0.00614	0.00208	0.00841	0.00522	0.00401	0.02926
54	0.06759	0.14136	0.22695	0.02452	0.24101	0.01790	0.01881	0.04776	0.01613	0.06322	0.01337	0.01565	0.01040	0.00660	0.00629	0.00200	0.00836	0.00537	0.00384	0.06286
55	0.03678	0.22226	0.10498	0.02398	0.22707	0.04493	0.06038	0.04286	0.02856	0.05247	0.01360	0.01630	0.01107	0.00907	0.04462	0.00245	0.00905	0.00559	0.00383	0.04016
56	0.08958	0.14283	0.23326	0.02461	0.21963	0.03638	0.04334	0.08734	0.01703	0.02477	0.01267	0.01518	0.00994	0.00668	0.00636	0.00207	0.00885	0.00542	0.00373	0.01033

[dist]
# distance from previous block
# <min> <max>
2	42

[block]
# block no. 1 follows, 29 sequences, length 6
# corresponding to MSA columns:
# 196-201
name=unknown_B
#
# <colnr> <probs for GDERKNQSTAVLIFYWHMCP>
#	G	D	E	R	K	N	Q	S	T	A	V	L	I	F	Y	W	H	M	C	P
0	0.01713	0.24209	0.39989	0.01931	0.07656	0.02047	0.02066	0.08485	0.01671	0.02304	0.01240	0.01437	0.00952	0.00671	0.00618	0.00202	0.00927	0.00503	0.00345	0.01033
1	0.01784	0.03109	0.50705	0.02055	0.06969	0.01709	0.02281	0.13510	0.01859	0.07255	0.01458	0.01616	0.01026	0.00718	0.00687	0.00222	0.00964	0.00565	0.00413	0.01095
2	0.01725	0.14192	0.42237	0.01747	0.02573	0.01873	0.02022	0.15205	0.01896	0.02650	0.06181	0.01758	0.01376	0.00756	0.00661	0.00212	0.00904	0.00580	0.00417	0.01036
3	0.01854	0.11500	0.28374	0.01584	0.02295	0.01740	0.01675	0.14221	0.07961	0.07518	0.01636	0.01864	0.01257	0.05457	0.00837	0.00234	0.00821	0.00591	0.00474	0.08107
4	0.01715	0.02856	0.44576	0.02084	0.08825	0.01662	0.02176	0.09820	0.01722	0.07372	0.01460	0.01692	0.01071	0.01000	0.04789	0.00279	0.04870	0.00581	0.00399	0.01051
5	0.01551	0.13920	0.42795	0.02354	0.17324	0.01788	0.02223	0.02175	0.01546	0.02213	0.04741	0.01698	0.01247	0.00697	0.00658	0.00211	0.00928	0.00566	0.00337	0.01028

[dist]
# distance from previous block
# <min> <max>
39	107

[block]
# block no. 2 follows, 29 sequences, length 34
# corresponding to MSA columns:
# 324-357
name=unknown_C
#
# <colnr> <probs for GDERKNQSTAVLIFYWHMCP>
#	G	D	E	R	K	N	Q	S	T	A	V	L	I	F	Y	W	H	M	C	P
0	0.33637	0.01463	0.01877	0.04990	0.28103	0.01553	0.01398	0.02306	0.03979	0.10082	0.03421	0.01729	0.01246	0.00711	0.00604	0.00218	0.00679	0.00567	0.00470	0.00966
1	0.42710	0.01364	0.01607	0.22972	0.09552	0.01561	0.01298	0.02123	0.01379	0.07747	0.01245	0.01535	0.00935	0.00690	0.00569	0.00225	0.00704	0.00510	0.00427	0.00846
2	0.28069	0.01545	0.02108	0.06278	0.35717	0.01634	0.01577	0.05524	0.01591	0.07711	0.01345	0.01612	0.01050	0.00676	0.00618	0.00216	0.00732	0.00557	0.00437	0.01002
3	0.51284	0.01519	0.01439	0.01314	0.05392	0.01701	0.01003	0.16150	0.04412	0.07915	0.01357	0.01449	0.01004	0.00727	0.00542	0.00219	0.00620	0.00491	0.00533	0.00926
4	0.33049	0.01658	0.01648	0.01648	0.10003	0.05257	0.01163	0.13586	0.19780	0.03176	0.01666	0.01727	0.01268	0.00775	0.00603	0.00222	0.00665	0.00573	0.00547	0.00985
5	0.76464	0.01345	0.01029	0.00924	0.01352	0.01555	0.00759	0.02074	0.01224	0.03170	0.01051	0.01224	0.00819	0.00669	0.00443	0.00218	0.00541	0.00398	0.03974	0.00766
6	0.01023	0.00740	0.01028	0.01028	0.01114	0.00827	0.00744	0.01197	0.01110	0.01567	0.02014	0.03389	0.02037	0.27450	0.50395	0.01000	0.01521	0.00849	0.00397	0.00571
7	0.01824	0.01668	0.01624	0.01465	0.01856	0.08010	0.01134	0.03616	0.60944	0.02864	0.05043	0.02625	0.02217	0.00962	0.00721	0.00236	0.00620	0.00791	0.00695	0.01085
8	0.01513	0.01438	0.02440	0.45440	0.31410	0.01626	0.02061	0.01967	0.01504	0.02024	0.01295	0.01843	0.01021	0.00681	0.00709	0.00227	0.00908	0.00633	0.00331	0.00927
9	0.02523	0.01299	0.01787	0.01377	0.01918	0.01173	0.06171	0.03069	0.11099	0.42776	0.05199	0.02384	0.01855	0.00838	0.00702	0.00207	0.00623	0.00714	0.00743	0.13545
10	0.01048	0.00769	0.01032	0.01046	0.01189	0.00835	0.00816	0.01293	0.01325	0.01878	0.03119	0.08747	0.13711	0.03519	0.37449	0.00709	0.03993	0.06714	0.10169	0.00637
11	0.01988	0.02061	0.01999	0.06874	0.15051	0.21313	0.01452	0.03091	0.33339	0.02435	0.01997	0.02057	0.01546	0.00822	0.00697	0.00219	0.00843	0.00665	0.00528	0.01021
12	0.00868	0.00620	0.00826	0.00991	0.01033	0.00578	0.00661	0.00991	0.01363	0.01818	0.03925	0.74510	0.04710	0.02231	0.00909	0.00289	0.00413	0.02024	0.00661	0.00578
13	0.02598	0.01940	0.02076	0.01616	0.02167	0.02157	0.01327	0.60671	0.11013	0.04312	0.01848	0.01820	0.01323	0.00868	0.00714	0.00217	0.00758	0.00660	0.00714	0.01201
14	0.01505	0.06189	0.01626	0.01066	0.01697	0.01073	0.00869	0.01815	0.01475	0.02277	0.01247	0.01454	0.01045	0.00533	0.00523	0.00109	0.00543	0.00419	0.00414	0.74121
15	0.01629	0.03403	0.63377	0.01943	0.02938	0.01585	0.02451	0.02393	0.01564	0.10066	0.01452	0.01608	0.01000	0.00700	0.00681	0.00225	0.01002	0.00548	0.00367	0.01070
16	0.00868	0.00620	0.00826	0.00991	0.01033	0.00578	0.00661	0.00991	0.01363	0.01818	0.03925	0.74510	0.04710	0.02231	0.00909	0.00289	0.00413	0.02024	0.00661	0.00578
17	0.03066	0.01419	0.01781	0.01365	0.01921	0.01354	0.01128	0.20601	0.02385	0.53406	0.02518	0.02235	0.01617	0.00874	0.00715	0.00219	0.00653	0.00696	0.00837	0.01212
18	0.02838	0.01666	0.13122	0.01464	0.02103	0.01211	0.03626	0.05412	0.01983	0.55185	0.02475	0.02232	0.01580	0.00837	0.00714	0.00222	0.00705	0.00687	0.00763	0.01177
19	0.00910	0.00666	0.00856	0.00932	0.01035	0.00611	0.00652	0.01109	0.01602	0.02165	0.25695	0.44879	0.12389	0.01934	0.00879	0.00263	0.00383	0.01730	0.00701	0.00611
20	0.01071	0.00756	0.01004	0.01026	0.01192	0.00722	0.00825	0.01404	0.01861	0.02599	0.44176	0.06111	0.05583	0.01599	0.00872	0.00256	0.00445	0.23213	0.04618	0.00666
21	0.80005	0.01377	0.01047	0.00936	0.01377	0.01597	0.00771	0.02093	0.01212	0.03195	0.00991	0.01157	0.00771	0.00661	0.00441	0.00220	0.00551	0.00386	0.00441	0.00771
22	0.02569	0.01648	0.07057	0.01876	0.06840	0.01438	0.13249	0.13278	0.02099	0.36658	0.02171	0.02120	0.01453	0.00795	0.00727	0.00221	0.00779	0.00706	0.03184	0.01132
23	0.01727	0.25492	0.31436	0.02076	0.11515	0.02068	0.04515	0.06578	0.04226	0.02259	0.01293	0.01499	0.01011	0.00670	0.00622	0.00201	0.00904	0.00526	0.00354	0.01029
24	0.02073	0.02226	0.17576	0.01960	0.02637	0.01852	0.16136	0.29039	0.07504	0.05797	0.04769	0.01972	0.01457	0.00797	0.00739	0.00225	0.00890	0.00704	0.00556	0.01091
25	0.01089	0.00778	0.01080	0.01244	0.01382	0.00769	0.01045	0.01374	0.01581	0.02065	0.03803	0.22013	0.04227	0.02023	0.00968	0.00320	0.00605	0.52341	0.00657	0.00639
26	0.02411	0.01236	0.01572	0.01170	0.01758	0.01002	0.00954	0.02706	0.01782	0.39705	0.02106	0.01992	0.01440	0.00720	0.00630	0.00168	0.00570	0.00582	0.00672	0.36823
27	0.01345	0.01266	0.02136	0.73264	0.04904	0.01582	0.01978	0.01819	0.01424	0.01819	0.01266	0.01898	0.00949	0.00712	0.00712	0.00237	0.00949	0.00633	0.00316	0.00791
28	0.01519	0.01494	0.02084	0.01789	0.01823	0.02046	0.01485	0.01688	0.01110	0.01734	0.01012	0.01636	0.00995	0.01486	0.06843	0.00358	0.66002	0.00624	0.00321	0.03951
29	0.01410	0.03558	0.68295	0.01981	0.02996	0.01612	0.02548	0.02216	0.01525	0.02281	0.04207	0.01666	0.01149	0.00710	0.00683	0.00225	0.01022	0.00559	0.00321	0.01036
30	0.01008	0.00728	0.00952	0.00896	0.01064	0.00672	0.00672	0.01344	0.02016	0.02855	0.70158	0.05319	0.06719	0.01456	0.00840	0.00224	0.00336	0.01288	0.00784	0.00672
31	0.01008	0.00728	0.00952	0.00896	0.01064	0.00672	0.00672	0.01344	0.02016	0.02855	0.70158	0.05319	0.06719	0.01456	0.00840	0.00224	0.00336	0.01288	0.00784	0.00672
32	0.01731	0.01652	0.02769	0.09424	0.62152	0.01688	0.02117	0.02238	0.04983	0.02321	0.01412	0.01817	0.01167	0.00657	0.00706	0.00215	0.00840	0.00643	0.00368	0.01102
33	0.01763	0.01745	0.02726	0.13879	0.56778	0.06353	0.02102	0.02178	0.01620	0.02216	0.01313	0.01750	0.01089	0.00652	0.00702	0.00213	0.00890	0.00623	0.00348	0.01061

[dist]
# distance from previous block
# <min> <max>
0	11

[block]
# block no. 3 follows, 29 sequences, length 38
# corresponding to MSA columns:
# 370-407
name=unknown_D
#
# <colnr> <probs for GDERKNQSTAVLIFYWHMCP>
#	G	D	E	R	K	N	Q	S	T	A	V	L	I	F	Y	W	H	M	C	P
0	0.01904	0.75404	0.03731	0.01218	0.01828	0.02818	0.01218	0.02132	0.01447	0.01675	0.00990	0.01142	0.00914	0.00609	0.00457	0.00152	0.00761	0.00381	0.00305	0.00914
1	0.01477	0.01266	0.01477	0.01055	0.01687	0.00949	0.00844	0.01793	0.01477	0.02320	0.01266	0.01477	0.01055	0.00527	0.00527	0.00105	0.00527	0.00422	0.00422	0.79328
2	0.01942	0.01888	0.02732	0.03858	0.57223	0.08653	0.02025	0.08628	0.01827	0.02478	0.01352	0.01710	0.01115	0.00665	0.00699	0.00209	0.00883	0.00618	0.00389	0.01106
3	0.02660	0.03394	0.02018	0.01834	0.02201	0.72116	0.01376	0.02843	0.02018	0.01743	0.01101	0.01284	0.00917	0.00734	0.00642	0.00183	0.01284	0.00459	0.00367	0.00825
4	0.01717	0.01646	0.02809	0.11790	0.63466	0.01680	0.02163	0.02146	0.01600	0.02272	0.01331	0.01777	0.01109	0.00643	0.00706	0.00214	0.00857	0.00634	0.00349	0.01092
5	0.01638	0.01837	0.03937	0.11995	0.03873	0.01773	0.59503	0.02222	0.01648	0.02222	0.01418	0.01918	0.01064	0.00615	0.00824	0.00240	0.01168	0.00814	0.00355	0.00939
6	0.01031	0.00708	0.00867	0.00867	0.00898	0.00739	0.00544	0.01093	0.01062	0.01447	0.02161	0.04204	0.02391	0.57919	0.20410	0.00802	0.00988	0.00969	0.00419	0.00482
7	0.02915	0.01150	0.01563	0.01219	0.01721	0.00999	0.00999	0.03198	0.02035	0.62300	0.11430	0.02794	0.02397	0.00955	0.00732	0.00221	0.00571	0.00789	0.00869	0.01143
8	0.00842	0.00721	0.00721	0.00721	0.00962	0.00601	0.00541	0.01022	0.01623	0.01924	0.07213	0.06853	0.70244	0.01803	0.00842	0.00240	0.00361	0.01503	0.00661	0.00601
9	0.01327	0.00664	0.00664	0.00664	0.00830	0.00664	0.00498	0.01659	0.01493	0.02655	0.02323	0.02655	0.01825	0.00830	0.00498	0.00166	0.00332	0.00664	0.78928	0.00664
10	0.01981	0.68037	0.03556	0.01281	0.01866	0.09907	0.01235	0.02205	0.01505	0.01682	0.01001	0.01157	0.00914	0.00622	0.00476	0.00155	0.00815	0.00389	0.00311	0.00905
11	0.01805	0.53866	0.15022	0.01759	0.10834	0.02477	0.01581	0.02160	0.01479	0.01856	0.01083	0.01283	0.00939	0.00624	0.00526	0.00172	0.00821	0.00438	0.00310	0.00965
12	0.01827	0.18129	0.37708	0.01874	0.02707	0.04012	0.10125	0.02409	0.01599	0.11073	0.01432	0.01592	0.01039	0.00681	0.00655	0.00210	0.00959	0.00557	0.00386	0.01026
13	0.00909	0.00648	0.00866	0.01025	0.01081	0.00613	0.00716	0.01055	0.01388	0.01843	0.03848	0.63620	0.04559	0.04656	0.01010	0.00308	0.00454	0.10166	0.00653	0.00583
14	0.01106	0.00952	0.04456	0.04349	0.01505	0.00903	0.01044	0.01351	0.01412	0.01890	0.03103	0.22536	0.03447	0.13083	0.03866	0.00392	0.05339	0.28070	0.00560	0.00635
15	0.01763	0.01686	0.02844	0.04265	0.68038	0.01695	0.02147	0.02243	0.04078	0.02350	0.01396	0.01795	0.01166	0.00646	0.00706	0.00213	0.00836	0.00641	0.00366	0.01128
16	0.00994	0.00727	0.00933	0.00881	0.01055	0.00666	0.00661	0.01317	0.01983	0.02779	0.64959	0.05446	0.11965	0.01484	0.00840	0.00225	0.00338	0.01306	0.00774	0.00666
17	0.00954	0.00743	0.00845	0.00890	0.01073	0.00674	0.00689	0.01147	0.01539	0.01898	0.05534	0.06843	0.42157	0.12844	0.01298	0.00332	0.00490	0.18836	0.00625	0.00590
18	0.64128	0.01522	0.01380	0.01515	0.12212	0.04951	0.01021	0.02143	0.01314	0.02990	0.01051	0.01257	0.00834	0.00660	0.00491	0.00217	0.00632	0.00428	0.00423	0.00829
19	0.01115	0.00864	0.01031	0.00965	0.01184	0.00850	0.00731	0.01715	0.13487	0.02741	0.49469	0.05086	0.15179	0.01422	0.00820	0.00229	0.00379	0.01236	0.00756	0.00740
20	0.01784	0.01691	0.02864	0.09729	0.56529	0.01723	0.06314	0.06394	0.01720	0.02421	0.01364	0.01780	0.01116	0.00653	0.00715	0.00216	0.00873	0.00648	0.00373	0.01095
21	0.01345	0.01266	0.02136	0.73264	0.04904	0.01582	0.01978	0.01819	0.01424	0.01819	0.01266	0.01898	0.00949	0.00712	0.00712	0.00237	0.00949	0.00633	0.00316	0.00791
22	0.01036	0.00690	0.00777	0.00777	0.00777	0.00690	0.00431	0.01036	0.01036	0.01381	0.02244	0.04660	0.02589	0.74975	0.03624	0.00690	0.00690	0.01036	0.00431	0.00431
23	0.01345	0.01266	0.02136	0.73264	0.04904	0.01582	0.01978	0.01819	0.01424	0.01819	0.01266	0.01898	0.00949	0.00712	0.00712	0.00237	0.00949	0.00633	0.00316	0.00791
24	0.01941	0.01478	0.01610	0.01409	0.01840	0.01644	0.01105	0.03661	0.57837	0.11662	0.02819	0.02578	0.02075	0.00937	0.00715	0.00233	0.00567	0.00778	0.00732	0.04377
25	0.01036	0.00690	0.00777	0.00777	0.00777	0.00690	0.00431	0.01036	0.01036	0.01381	0.02244	0.04660	0.02589	0.74975	0.03624	0.00690	0.00690	0.01036	0.00431	0.00431
26	0.80005	0.01377	0.01047	0.00936	0.01377	0.01597	0.00771	0.02093	0.01212	0.03195	0.00991	0.01157	0.00771	0.00661	0.00441	0.00220	0.00551	0.00386	0.00441	0.00771
27	0.01147	0.00820	0.01147	0.01311	0.01475	0.00820	0.01147	0.01475	0.01639	0.02131	0.03770	0.08032	0.04098	0.01967	0.00984	0.00328	0.00656	0.65741	0.00656	0.00656
28	0.01087	0.00777	0.01078	0.01243	0.01380	0.00768	0.01043	0.01371	0.01580	0.02064	0.03803	0.22329	0.04230	0.02024	0.00967	0.00320	0.00604	0.52037	0.00657	0.00639
29	0.01762	0.01692	0.02890	0.04371	0.70533	0.01692	0.02185	0.02185	0.01621	0.02326	0.01339	0.01762	0.01128	0.00634	0.00705	0.00211	0.00846	0.00634	0.00352	0.01128
30	0.01111	0.00897	0.01309	0.01256	0.01356	0.01104	0.00988	0.01339	0.01131	0.01654	0.01753	0.02651	0.01664	0.07132	0.57723	0.00985	0.14174	0.00749	0.00371	0.00653
31	0.00868	0.00620	0.00826	0.00991	0.01033	0.00578	0.00661	0.00991	0.01363	0.01818	0.03925	0.74510	0.04710	0.02231	0.00909	0.00289	0.00413	0.02024	0.00661	0.00578
32	0.01733	0.01650	0.02807	0.04225	0.67250	0.01650	0.02136	0.02152	0.01622	0.02317	0.01455	0.02060	0.01269	0.00698	0.00718	0.00217	0.00837	0.03730	0.00367	0.01105
33	0.02005	0.08536	0.02011	0.04614	0.06351	0.24728	0.01250	0.04440	0.14577	0.02240	0.01514	0.01650	0.01214	0.00709	0.00620	0.00176	0.00848	0.00531	0.00451	0.21534
34	0.01558	0.01558	0.02181	0.01869	0.01869	0.02181	0.01558	0.01714	0.01091	0.01714	0.00935	0.01558	0.00935	0.01246	0.02337	0.00312	0.73672	0.00623	0.00312	0.00779
35	0.01036	0.00690	0.00777	0.00777	0.00777	0.00690	0.00431	0.01036	0.01036	0.01381	0.02244	0.04660	0.02589	0.74975	0.03624	0.00690	0.00690	0.01036	0.00431	0.00431
36	0.00946	0.00720	0.00936	0.01056	0.04054	0.00661	0.00708	0.01162	0.01632	0.02191	0.25542	0.36234	0.17856	0.01832	0.00865	0.00256	0.00397	0.01628	0.00687	0.00636
37	0.01992	0.55960	0.07657	0.01492	0.05232	0.05059	0.01375	0.10192	0.01710	0.02087	0.01116	0.01268	0.00959	0.00649	0.00520	0.00168	0.00805	0.00436	0.00358	0.00966

[dist]
# distance from previous block
# <min> <max>
0	1

# created by:
# /home/cegg/simao/soft/augustus-3.2.1/scripts/msa2prfl.pl ./align_prep/EOG090W0L7F.fa
