[name]
unknown

[dist]
# distance from previous block
# <min> <max>
0	21

[block]
# block no. 0 follows, 37 sequences, length 24
# corresponding to MSA columns:
# 21-44
name=unknown_A
#
# <colnr> <probs for GDERKNQSTAVLIFYWHMCP>
#	G	D	E	R	K	N	Q	S	T	A	V	L	I	F	Y	W	H	M	C	P
0	0.03625	0.32161	0.22098	0.01362	0.04285	0.07328	0.01367	0.03776	0.01376	0.06438	0.01146	0.01385	0.00935	0.00600	0.00502	0.00159	0.00726	0.02597	0.00328	0.07805
1	0.01187	0.04926	0.01350	0.02726	0.12964	0.03392	0.00910	0.03016	0.13189	0.02018	0.13048	0.10312	0.18858	0.01050	0.00642	0.00188	0.00478	0.00900	0.00503	0.08344
2	0.00776	0.00616	0.00678	0.00671	0.00836	0.00539	0.00488	0.00949	0.01427	0.01811	0.23103	0.07802	0.47782	0.08681	0.00949	0.00241	0.00333	0.01222	0.00577	0.00518
3	0.01571	0.01738	0.14349	0.02484	0.31216	0.04687	0.10779	0.03855	0.08298	0.07886	0.05896	0.01783	0.01351	0.00643	0.00624	0.00190	0.00745	0.00600	0.00394	0.00912
4	0.01224	0.01216	0.10155	0.03538	0.01430	0.05489	0.00921	0.04706	0.05585	0.07094	0.28510	0.11157	0.11203	0.01102	0.00669	0.00195	0.00491	0.00941	0.00553	0.03821
5	0.78344	0.01280	0.00946	0.00848	0.01223	0.05515	0.00692	0.01835	0.01080	0.02677	0.00858	0.01000	0.00670	0.00572	0.00388	0.00188	0.00508	0.00335	0.00375	0.00666
6	0.01706	0.35356	0.09491	0.01599	0.07948	0.08552	0.07910	0.11370	0.05126	0.01964	0.01106	0.01267	0.00902	0.00597	0.00555	0.00165	0.02744	0.00453	0.00339	0.00849
7	0.00950	0.00708	0.01039	0.01011	0.01090	0.00843	0.00778	0.01084	0.00950	0.01368	0.01484	0.02281	0.01417	0.06799	0.55239	0.12088	0.09409	0.00635	0.00315	0.00514
8	0.00807	0.00616	0.00740	0.00724	0.00882	0.00550	0.00537	0.01034	0.01569	0.02102	0.44726	0.10905	0.29768	0.01410	0.00727	0.00202	0.00302	0.01223	0.00628	0.00550
9	0.00856	0.00637	0.00736	0.00703	0.00891	0.00557	0.00530	0.01073	0.01557	0.04522	0.36352	0.05175	0.41424	0.01390	0.00719	0.00200	0.00308	0.01187	0.00622	0.00562
10	0.00794	0.00610	0.00713	0.00710	0.00859	0.00544	0.00516	0.00987	0.01473	0.01935	0.32920	0.13701	0.34211	0.06221	0.00877	0.00230	0.00324	0.01245	0.00598	0.00530
11	0.01417	0.01649	0.07954	0.07270	0.17919	0.01539	0.42030	0.01872	0.01363	0.01897	0.01161	0.01568	0.00908	0.00584	0.00802	0.00206	0.08086	0.00639	0.00299	0.00837
12	0.01283	0.01243	0.02183	0.49612	0.23781	0.01404	0.08366	0.01689	0.01292	0.01723	0.01120	0.01601	0.00869	0.00584	0.00621	0.00198	0.00811	0.00561	0.00284	0.00774
13	0.01295	0.01459	0.05985	0.02184	0.06976	0.01369	0.43832	0.01692	0.01330	0.01835	0.01591	0.16253	0.01510	0.00847	0.00853	0.00219	0.08783	0.00875	0.00352	0.00759
14	0.14765	0.08901	0.06419	0.01850	0.16844	0.33332	0.01290	0.04116	0.01517	0.04189	0.01035	0.01213	0.00835	0.00598	0.00527	0.00169	0.00844	0.00425	0.00337	0.00794
15	0.00939	0.00712	0.01032	0.01151	0.07850	0.00780	0.00754	0.01107	0.00995	0.01407	0.01678	0.02788	0.01680	0.25746	0.47749	0.00795	0.01249	0.00714	0.00338	0.00535
16	0.01396	0.01214	0.01614	0.06861	0.21644	0.01332	0.01179	0.05705	0.28306	0.02160	0.05145	0.02389	0.03817	0.10871	0.00994	0.00251	0.03128	0.00691	0.00468	0.00835
17	0.01515	0.01454	0.02485	0.03757	0.74669	0.01454	0.01879	0.01879	0.01394	0.02000	0.01151	0.01515	0.00970	0.00545	0.00606	0.00182	0.00727	0.00545	0.00303	0.00970
18	0.00762	0.00553	0.00719	0.00822	0.00887	0.00511	0.00562	0.00899	0.01273	0.01702	0.14149	0.61564	0.09754	0.01790	0.00768	0.00237	0.00342	0.01611	0.00584	0.00511
19	0.01326	0.01102	0.01715	0.01440	0.01604	0.01327	0.10377	0.01550	0.01132	0.08465	0.03090	0.04242	0.01325	0.01907	0.20959	0.00433	0.33190	0.00652	0.03485	0.00681
20	0.01392	0.01342	0.02309	0.15888	0.49065	0.01409	0.06642	0.01745	0.01329	0.01866	0.01264	0.06259	0.01121	0.00669	0.00704	0.00196	0.04992	0.00631	0.00313	0.00864
21	0.00890	0.00604	0.00768	0.00784	0.00876	0.00568	0.00541	0.01053	0.01351	0.04260	0.30285	0.27464	0.06890	0.17802	0.02811	0.00312	0.00410	0.01242	0.00568	0.00521
22	0.08422	0.01686	0.08579	0.01580	0.08649	0.06146	0.03603	0.25697	0.17373	0.05285	0.05609	0.01770	0.01416	0.00725	0.00598	0.00190	0.00655	0.00583	0.00513	0.00922
23	0.03045	0.01990	0.25682	0.08757	0.09279	0.07043	0.03092	0.12720	0.01615	0.10311	0.01528	0.07649	0.01253	0.00760	0.00615	0.00196	0.00759	0.02428	0.00414	0.00864

[dist]
# distance from previous block
# <min> <max>
2	10

[block]
# block no. 1 follows, 37 sequences, length 7
# corresponding to MSA columns:
# 56-62
name=unknown_B
#
# <colnr> <probs for GDERKNQSTAVLIFYWHMCP>
#	G	D	E	R	K	N	Q	S	T	A	V	L	I	F	Y	W	H	M	C	P
0	0.01552	0.03236	0.01554	0.01372	0.05572	0.05512	0.03141	0.14730	0.29047	0.02423	0.05361	0.02439	0.09883	0.02866	0.00778	0.00207	0.05565	0.00705	0.00526	0.03533
1	0.01084	0.00676	0.00852	0.00842	0.00998	0.00623	0.00612	0.03737	0.01468	0.11038	0.21593	0.34619	0.13730	0.04189	0.00813	0.00231	0.00372	0.01305	0.00613	0.00603
2	0.01503	0.01201	0.01251	0.01167	0.01420	0.08587	0.00926	0.05995	0.22747	0.09278	0.02589	0.07601	0.06137	0.06164	0.00904	0.00247	0.03949	0.17025	0.00553	0.00757
3	0.00751	0.00550	0.00706	0.00817	0.00882	0.00505	0.00555	0.00876	0.01238	0.01633	0.08414	0.63825	0.13349	0.01826	0.00770	0.00239	0.00345	0.01640	0.00575	0.00505
4	0.82811	0.01184	0.00900	0.00805	0.01184	0.01373	0.00663	0.01799	0.01042	0.02746	0.00852	0.00994	0.00663	0.00568	0.00379	0.00189	0.00474	0.00331	0.00379	0.00663
5	0.01632	0.01561	0.02172	0.19305	0.41258	0.09107	0.01665	0.12069	0.01605	0.02121	0.01162	0.01492	0.00928	0.00596	0.00603	0.00184	0.00777	0.00530	0.00342	0.00890
6	0.01347	0.40393	0.17952	0.05818	0.01772	0.01730	0.01204	0.01627	0.01185	0.01512	0.01216	0.04660	0.01178	0.14971	0.00964	0.00239	0.00695	0.00526	0.00294	0.00717

[dist]
# distance from previous block
# <min> <max>
0	1

[block]
# block no. 2 follows, 37 sequences, length 21
# corresponding to MSA columns:
# 64-84
name=unknown_C
#
# <colnr> <probs for GDERKNQSTAVLIFYWHMCP>
#	G	D	E	R	K	N	Q	S	T	A	V	L	I	F	Y	W	H	M	C	P
0	0.01429	0.03873	0.04191	0.07586	0.10995	0.08092	0.15920	0.04498	0.07980	0.03817	0.01919	0.06657	0.06453	0.05280	0.00809	0.00220	0.02261	0.02648	0.04614	0.00759
1	0.00789	0.00601	0.00726	0.00740	0.00879	0.00538	0.00538	0.00989	0.01483	0.01969	0.34269	0.22925	0.28308	0.01514	0.00737	0.00211	0.00312	0.01323	0.00613	0.00538
2	0.01514	0.11906	0.44067	0.01750	0.04603	0.11936	0.07750	0.06067	0.01455	0.01932	0.01082	0.01276	0.00812	0.00584	0.00569	0.00181	0.00894	0.00460	0.00293	0.00867
3	0.00852	0.00623	0.00820	0.00936	0.01031	0.00602	0.00710	0.01079	0.03674	0.01721	0.06036	0.45158	0.08492	0.01760	0.00791	0.00253	0.00422	0.23929	0.00572	0.00538
4	0.10372	0.08039	0.16275	0.12486	0.12892	0.01636	0.01493	0.20775	0.04170	0.02463	0.01198	0.01399	0.00908	0.00637	0.00599	0.00188	0.02712	0.00493	0.00387	0.00879
5	0.18159	0.03889	0.10287	0.01261	0.01672	0.23865	0.01103	0.06114	0.01513	0.11525	0.01373	0.04504	0.01123	0.00729	0.00582	0.00182	0.02883	0.03024	0.02820	0.03392
6	0.01008	0.00657	0.00777	0.00754	0.00948	0.00573	0.00562	0.01191	0.01464	0.10942	0.18833	0.19307	0.37787	0.01464	0.00721	0.00210	0.00341	0.01259	0.00613	0.00590
7	0.00951	0.05399	0.07883	0.00841	0.01103	0.00736	0.00726	0.01173	0.01396	0.05502	0.13828	0.19185	0.36248	0.01392	0.00697	0.00207	0.00403	0.01187	0.00545	0.00600
8	0.55753	0.10210	0.05149	0.02755	0.01477	0.12520	0.00889	0.01900	0.01184	0.02347	0.00884	0.01039	0.00705	0.00574	0.00422	0.00179	0.00617	0.00351	0.00348	0.00696
9	0.01478	0.01753	0.13434	0.04892	0.24790	0.04275	0.20113	0.05929	0.01437	0.02026	0.01198	0.01537	0.00946	0.00617	0.00745	0.00195	0.07640	0.00573	0.05566	0.00855
10	0.01385	0.01309	0.03755	0.08035	0.13268	0.04866	0.01079	0.06105	0.01405	0.02024	0.01247	0.05768	0.01088	0.00597	0.00529	0.00136	0.00583	0.00503	0.00368	0.45950
11	0.00908	0.00655	0.00864	0.00837	0.00953	0.00681	0.00610	0.01085	0.01106	0.01584	0.11462	0.03149	0.04850	0.22293	0.36696	0.00658	0.01011	0.00776	0.04611	0.05210
12	0.14930	0.00745	0.00895	0.00850	0.00933	0.00825	0.00606	0.02674	0.00935	0.01520	0.01209	0.02041	0.01194	0.13979	0.04174	0.41649	0.06372	0.00561	0.03490	0.00418
13	0.01864	0.08190	0.01832	0.01407	0.04105	0.01657	0.04698	0.26819	0.29820	0.07638	0.04257	0.01895	0.01518	0.00755	0.00607	0.00190	0.00596	0.00617	0.00572	0.00962
14	0.01465	0.01256	0.01288	0.01171	0.01478	0.05602	0.00910	0.02744	0.51961	0.04695	0.09784	0.02747	0.05575	0.01047	0.03238	0.00232	0.00536	0.02802	0.00600	0.00870
15	0.00887	0.00607	0.00736	0.00736	0.00759	0.00630	0.00456	0.00934	0.00910	0.01237	0.01866	0.03661	0.02076	0.62560	0.18838	0.00678	0.00819	0.00840	0.00362	0.00409
16	0.01388	0.01606	0.11607	0.11760	0.41395	0.01432	0.10979	0.01803	0.01329	0.01885	0.01160	0.01558	0.00944	0.00784	0.04573	0.00234	0.03832	0.00562	0.00295	0.00875
17	0.00924	0.00664	0.00910	0.01028	0.01153	0.00650	0.00856	0.01172	0.01399	0.01841	0.10445	0.19115	0.06034	0.01683	0.00818	0.00265	0.00492	0.49425	0.00576	0.00552
18	0.01032	0.04024	0.11893	0.01275	0.10881	0.00869	0.00971	0.01344	0.01433	0.02028	0.24628	0.09773	0.14248	0.03056	0.00708	0.00201	0.00466	0.00926	0.09581	0.00662
19	0.01376	0.01358	0.05321	0.01206	0.01658	0.07062	0.08007	0.08617	0.01498	0.02099	0.05620	0.12220	0.01621	0.00758	0.00572	0.00150	0.00586	0.00659	0.00419	0.39191
20	0.01484	0.01324	0.01913	0.02484	0.39024	0.03275	0.01407	0.11969	0.01586	0.02187	0.05705	0.05525	0.05002	0.02746	0.00777	0.00204	0.05062	0.04596	0.00409	0.03320

[dist]
# distance from previous block
# <min> <max>
19	35

[block]
# block no. 3 follows, 37 sequences, length 68
# corresponding to MSA columns:
# 126-193
name=unknown_D
#
# <colnr> <probs for GDERKNQSTAVLIFYWHMCP>
#	G	D	E	R	K	N	Q	S	T	A	V	L	I	F	Y	W	H	M	C	P
0	0.01435	0.03109	0.18670	0.01509	0.10335	0.01185	0.01270	0.14355	0.03141	0.07648	0.14483	0.09577	0.07432	0.00952	0.00648	0.00197	0.00595	0.02144	0.00499	0.00817
1	0.01623	0.07422	0.20083	0.01455	0.05579	0.01455	0.02775	0.19174	0.10462	0.06096	0.04250	0.03261	0.02775	0.00713	0.00582	0.00179	0.00651	0.00576	0.02846	0.08043
2	0.02063	0.07303	0.07041	0.01311	0.01793	0.01751	0.01150	0.54304	0.02464	0.03365	0.01458	0.01514	0.01064	0.00706	0.00573	0.00176	0.00644	0.00530	0.09831	0.00959
3	0.71154	0.06771	0.01133	0.00866	0.01263	0.01486	0.00727	0.06958	0.01190	0.02734	0.00897	0.01028	0.00699	0.00577	0.00397	0.00185	0.00501	0.00347	0.00387	0.00699
4	0.01617	0.02864	0.04194	0.09572	0.07155	0.04705	0.02544	0.08790	0.13751	0.13685	0.05119	0.09151	0.03215	0.00981	0.02371	0.00219	0.04532	0.02405	0.02306	0.00823
5	0.01628	0.73211	0.03075	0.01062	0.01573	0.02357	0.01042	0.01936	0.06508	0.01522	0.00970	0.01077	0.00864	0.00546	0.00410	0.00137	0.00642	0.00354	0.00288	0.00799
6	0.02287	0.02917	0.01735	0.01577	0.01892	0.76030	0.01183	0.02444	0.01735	0.01498	0.00946	0.01104	0.00788	0.00631	0.00552	0.00158	0.01104	0.00394	0.00315	0.00710
7	0.01156	0.01088	0.01836	0.77016	0.04216	0.01360	0.01700	0.01564	0.01224	0.01564	0.01088	0.01632	0.00816	0.00612	0.00612	0.00204	0.00816	0.00544	0.00272	0.00680
8	0.01920	0.09815	0.01713	0.01338	0.01646	0.37381	0.01045	0.11105	0.08299	0.01919	0.01281	0.01553	0.01079	0.06350	0.00812	0.00200	0.05265	0.00491	0.06041	0.00746
9	0.00723	0.00620	0.00620	0.00620	0.00827	0.00517	0.00465	0.00878	0.01395	0.01654	0.06201	0.05891	0.74421	0.01550	0.00723	0.00207	0.00310	0.01292	0.00568	0.00517
10	0.01366	0.01254	0.01251	0.08341	0.03082	0.11866	0.00899	0.05448	0.18809	0.02094	0.12931	0.06285	0.07456	0.06255	0.00792	0.00214	0.00567	0.00768	0.04890	0.05432
11	0.04642	0.70242	0.03011	0.01079	0.01581	0.07992	0.01044	0.01878	0.01274	0.01492	0.00858	0.00992	0.00781	0.00533	0.00404	0.00135	0.00682	0.00333	0.00270	0.00775
12	0.01704	0.68835	0.03006	0.01109	0.01606	0.10366	0.01060	0.01932	0.02979	0.01473	0.00899	0.01025	0.00811	0.00542	0.00415	0.00136	0.00699	0.00343	0.00276	0.00782
13	0.66679	0.01229	0.01058	0.08847	0.01550	0.04063	0.00804	0.01867	0.01127	0.06762	0.00971	0.01128	0.00733	0.00586	0.00423	0.00190	0.00535	0.00372	0.00387	0.00688
14	0.01555	0.08950	0.09929	0.07565	0.15716	0.01599	0.14911	0.11513	0.15373	0.02263	0.01453	0.01639	0.01112	0.00631	0.00605	0.00189	0.00737	0.00578	0.02787	0.00894
15	0.02319	0.01647	0.01785	0.01377	0.01859	0.01808	0.01135	0.64262	0.06151	0.08985	0.01587	0.01553	0.01115	0.00741	0.00613	0.00185	0.00653	0.00563	0.00623	0.01038
16	0.01445	0.01651	0.03612	0.02580	0.03199	0.01548	0.72446	0.01961	0.01445	0.01961	0.01238	0.01651	0.00929	0.00516	0.00722	0.00206	0.01032	0.00722	0.00310	0.00826
17	0.05924	0.01341	0.01731	0.03662	0.24728	0.04836	0.01243	0.16097	0.05353	0.13725	0.01800	0.11935	0.01559	0.00848	0.00625	0.00196	0.00625	0.02389	0.00497	0.00888
18	0.00746	0.00533	0.00710	0.00852	0.00888	0.00497	0.00568	0.00852	0.01172	0.01563	0.03374	0.78088	0.04049	0.01918	0.00781	0.00249	0.00355	0.01740	0.00568	0.00497
19	0.02051	0.01593	0.01825	0.03724	0.10136	0.01762	0.01222	0.49600	0.15981	0.03340	0.01616	0.01633	0.01183	0.00728	0.00614	0.00189	0.00648	0.00577	0.00570	0.01009
20	0.01736	0.01373	0.01842	0.04426	0.25924	0.01438	0.01309	0.19715	0.14284	0.07782	0.01613	0.01814	0.01251	0.00869	0.04215	0.00222	0.00679	0.01970	0.00478	0.07060
21	0.01420	0.16114	0.45221	0.01536	0.02263	0.01515	0.06274	0.03656	0.01374	0.07409	0.01537	0.01653	0.06110	0.00653	0.00571	0.00184	0.00791	0.00522	0.00331	0.00864
22	0.01441	0.34829	0.39734	0.01479	0.02199	0.01861	0.04803	0.03976	0.01325	0.01787	0.01012	0.01183	0.00794	0.00559	0.00509	0.00168	0.00798	0.00415	0.00273	0.00855
23	0.00723	0.00620	0.00620	0.00620	0.00827	0.00517	0.00465	0.00878	0.01395	0.01654	0.06201	0.05891	0.74421	0.01550	0.00723	0.00207	0.00310	0.01292	0.00568	0.00517
24	0.01333	0.09111	0.27954	0.01291	0.01781	0.07330	0.02977	0.03392	0.01416	0.06472	0.08276	0.15890	0.05424	0.00948	0.00618	0.00193	0.00666	0.00792	0.03384	0.00754
25	0.18570	0.05098	0.07816	0.02026	0.17651	0.07356	0.16704	0.06538	0.01473	0.07430	0.02986	0.01476	0.01021	0.00597	0.00572	0.00186	0.00752	0.00530	0.00377	0.00841
26	0.00786	0.00560	0.00750	0.00888	0.00938	0.00531	0.00625	0.00916	0.01199	0.01591	0.03309	0.65108	0.03913	0.04268	0.00864	0.00264	0.00394	0.12032	0.00561	0.00503
27	0.01255	0.01237	0.02236	0.54046	0.13505	0.01406	0.14198	0.01676	0.01286	0.01693	0.01123	0.01620	0.00857	0.00586	0.00631	0.00201	0.00842	0.00576	0.00283	0.00745
28	0.01543	0.24113	0.38731	0.01510	0.02206	0.05605	0.03534	0.10582	0.03214	0.02025	0.01103	0.01250	0.00841	0.00591	0.00536	0.00174	0.00810	0.00439	0.00315	0.00877
29	0.07721	0.11320	0.19485	0.01426	0.04180	0.03712	0.03286	0.14876	0.06579	0.19294	0.01518	0.01527	0.01073	0.00657	0.00564	0.00183	0.00688	0.00509	0.00476	0.00927
30	0.45978	0.01212	0.07023	0.00913	0.01275	0.01181	0.00806	0.03765	0.01216	0.08708	0.01344	0.05061	0.01086	0.00772	0.01999	0.00203	0.02621	0.00490	0.13647	0.00701
31	0.01451	0.01406	0.06575	0.01765	0.18774	0.11689	0.01159	0.06972	0.01496	0.07218	0.02211	0.28540	0.04276	0.01127	0.00668	0.00206	0.00628	0.02625	0.00465	0.00750
32	0.04825	0.07189	0.09098	0.05331	0.08620	0.05762	0.01293	0.35262	0.05121	0.04995	0.03390	0.01526	0.01129	0.00681	0.00581	0.00179	0.00694	0.00526	0.00482	0.03317
33	0.28264	0.01411	0.01448	0.01145	0.01598	0.01528	0.00945	0.35917	0.02049	0.15544	0.01420	0.01415	0.00996	0.00677	0.00533	0.00184	0.00577	0.00486	0.00555	0.03310
34	0.01753	0.01613	0.02180	0.08230	0.31611	0.07675	0.06970	0.20127	0.09312	0.02456	0.01357	0.01569	0.01052	0.00633	0.00614	0.00187	0.00749	0.00563	0.00415	0.00933
35	0.04483	0.06260	0.37949	0.01931	0.12504	0.09287	0.06937	0.03700	0.01428	0.05858	0.03304	0.01446	0.01004	0.00606	0.00582	0.00185	0.00838	0.00499	0.00326	0.00874
36	0.00739	0.00623	0.00642	0.00645	0.00847	0.00526	0.00489	0.00905	0.01411	0.01697	0.09214	0.05867	0.68740	0.01542	0.00728	0.00209	0.00318	0.03764	0.00573	0.00521
37	0.00804	0.00621	0.00733	0.00710	0.00877	0.00550	0.00531	0.01032	0.01576	0.02097	0.44030	0.07273	0.34168	0.01395	0.00724	0.00200	0.00300	0.01202	0.00627	0.00550
38	0.36373	0.03937	0.28382	0.01267	0.01842	0.06786	0.01339	0.05748	0.05329	0.02378	0.01074	0.01208	0.00803	0.00600	0.00492	0.00188	0.00692	0.00412	0.00353	0.00795
39	0.01677	0.01478	0.02242	0.02473	0.30688	0.01591	0.10228	0.14996	0.11062	0.05000	0.01396	0.01622	0.01093	0.00691	0.00809	0.00200	0.10823	0.00589	0.00414	0.00928
40	0.00743	0.00545	0.00697	0.00819	0.00879	0.00500	0.00553	0.00856	0.01204	0.01576	0.03784	0.67623	0.14249	0.01864	0.00773	0.00243	0.00349	0.01675	0.00568	0.00500
41	0.00764	0.00622	0.00676	0.00662	0.00852	0.00534	0.00497	0.00957	0.01491	0.01880	0.25455	0.05518	0.55025	0.01466	0.00723	0.00203	0.00304	0.01240	0.00598	0.00534
42	0.01569	0.02480	0.46643	0.01574	0.02291	0.03181	0.03482	0.09599	0.07725	0.10926	0.03694	0.01596	0.01145	0.00660	0.00599	0.00193	0.00787	0.00528	0.00402	0.00924
43	0.02288	0.02884	0.01738	0.01572	0.01893	0.73955	0.01182	0.04409	0.01767	0.01564	0.00961	0.01114	0.00796	0.00634	0.00554	0.00158	0.01092	0.00399	0.00324	0.00719
44	0.02323	0.01830	0.01827	0.01425	0.01898	0.09042	0.01165	0.65865	0.02768	0.03630	0.01419	0.01434	0.01017	0.00725	0.00607	0.00181	0.00715	0.00536	0.00584	0.01009
45	0.01596	0.01408	0.02017	0.04344	0.43859	0.05186	0.01489	0.07081	0.09823	0.06069	0.06792	0.04622	0.01556	0.00710	0.00621	0.00188	0.00660	0.00643	0.00423	0.00913
46	0.01859	0.01482	0.01573	0.01314	0.01720	0.01680	0.01050	0.32244	0.44024	0.03103	0.02064	0.01944	0.01523	0.00791	0.00618	0.00198	0.00563	0.00633	0.00618	0.00999
47	0.00889	0.00598	0.00690	0.00690	0.00698	0.00606	0.00399	0.00905	0.00897	0.01204	0.01908	0.03891	0.02176	0.73209	0.08327	0.00621	0.00668	0.00873	0.00368	0.00383
48	0.01780	0.12744	0.02094	0.03554	0.12640	0.13356	0.04764	0.06276	0.03713	0.11230	0.02899	0.03297	0.01154	0.00762	0.00877	0.00194	0.16904	0.00551	0.00393	0.00819
49	0.01769	0.06940	0.10859	0.06859	0.02086	0.14350	0.08280	0.10337	0.08596	0.11730	0.03772	0.04690	0.01453	0.00779	0.00618	0.00192	0.00754	0.04644	0.00457	0.00835
50	0.01480	0.01419	0.02422	0.10805	0.67891	0.01445	0.01861	0.01848	0.01377	0.01958	0.01145	0.01526	0.00955	0.00552	0.00607	0.00184	0.00736	0.00545	0.00300	0.00942
51	0.01581	0.01344	0.01417	0.01258	0.01614	0.01550	0.00983	0.08303	0.68418	0.02655	0.02417	0.02225	0.01808	0.00824	0.00622	0.00206	0.00498	0.00682	0.00622	0.00974
52	0.03842	0.02789	0.59803	0.07140	0.05240	0.01452	0.02078	0.07051	0.01399	0.02079	0.01119	0.01328	0.00801	0.00593	0.00581	0.00193	0.00862	0.00466	0.00291	0.00893
53	0.00880	0.00650	0.00944	0.00949	0.01046	0.00741	0.00723	0.01074	0.00987	0.01406	0.01733	0.02768	0.01689	0.13823	0.64152	0.00909	0.01469	0.03188	0.00342	0.00525
54	0.02387	0.01618	0.01777	0.01362	0.01850	0.01754	0.01125	0.62583	0.02716	0.14132	0.01606	0.01558	0.01109	0.00738	0.00613	0.00185	0.00652	0.00560	0.00633	0.01041
55	0.01450	0.01637	0.03531	0.02664	0.08305	0.01541	0.67405	0.01955	0.01441	0.01964	0.01232	0.01641	0.00932	0.00518	0.00714	0.00205	0.01010	0.00710	0.00309	0.00836
56	0.01358	0.04908	0.63445	0.01727	0.02570	0.01477	0.05293	0.07008	0.01421	0.03568	0.01152	0.01329	0.00817	0.00592	0.00586	0.00192	0.00880	0.00472	0.00296	0.00911
57	0.01515	0.01454	0.02485	0.03757	0.74669	0.01454	0.01879	0.01879	0.01394	0.02000	0.01151	0.01515	0.00970	0.00545	0.00606	0.00182	0.00727	0.00545	0.00303	0.00970
58	0.00874	0.00656	0.00984	0.00984	0.01093	0.00765	0.00765	0.01093	0.00984	0.01421	0.01640	0.02405	0.01530	0.04591	0.76062	0.00984	0.01640	0.00656	0.00328	0.00547
59	0.00747	0.00571	0.00686	0.00764	0.00868	0.00510	0.00532	0.00884	0.01292	0.01660	0.09546	0.47045	0.29216	0.01738	0.00756	0.00230	0.00334	0.01535	0.00576	0.00510
60	0.01450	0.01358	0.02264	0.11208	0.59239	0.01391	0.01739	0.04304	0.01413	0.01988	0.01318	0.07103	0.01180	0.00659	0.00620	0.00189	0.00708	0.00632	0.00330	0.00907
61	0.01490	0.01429	0.02440	0.08821	0.69799	0.01448	0.01866	0.01857	0.01382	0.01970	0.01147	0.01523	0.00959	0.00550	0.00606	0.00183	0.00733	0.00545	0.00301	0.00950
62	0.01515	0.01454	0.02485	0.03757	0.74669	0.01454	0.01879	0.01879	0.01394	0.02000	0.01151	0.01515	0.00970	0.00545	0.00606	0.00182	0.00727	0.00545	0.00303	0.00970
63	0.01244	0.03056	0.70096	0.01805	0.02689	0.01431	0.07371	0.01940	0.01303	0.01940	0.01109	0.01318	0.00787	0.00577	0.00592	0.00195	0.00914	0.00472	0.00262	0.00899
64	0.01525	0.01441	0.02429	0.12382	0.56551	0.01480	0.06144	0.06900	0.01482	0.02077	0.01172	0.01534	0.00954	0.00565	0.00614	0.00186	0.00753	0.00557	0.00322	0.00931
65	0.01515	0.01454	0.02485	0.03757	0.74669	0.01454	0.01879	0.01879	0.01394	0.02000	0.01151	0.01515	0.00970	0.00545	0.00606	0.00182	0.00727	0.00545	0.00303	0.00970
66	0.00908	0.00705	0.01047	0.01028	0.01130	0.00844	0.00806	0.01120	0.00980	0.01425	0.01580	0.02329	0.01478	0.04339	0.70772	0.00933	0.07049	0.00647	0.00324	0.00555
67	0.01007	0.00700	0.00863	0.00947	0.06144	0.00723	0.00562	0.02495	0.01045	0.01498	0.01919	0.08225	0.02067	0.50528	0.04000	0.00465	0.03364	0.00849	0.12117	0.00480

[dist]
# distance from previous block
# <min> <max>
0	2

[block]
# block no. 4 follows, 37 sequences, length 19
# corresponding to MSA columns:
# 196-214
name=unknown_E
#
# <colnr> <probs for GDERKNQSTAVLIFYWHMCP>
#	G	D	E	R	K	N	Q	S	T	A	V	L	I	F	Y	W	H	M	C	P
0	0.01262	0.02376	0.44102	0.18789	0.08520	0.01427	0.11229	0.01853	0.01305	0.01863	0.01118	0.01432	0.00819	0.00577	0.00609	0.00197	0.00888	0.00515	0.00272	0.00849
1	0.00919	0.00682	0.00956	0.01032	0.05548	0.00733	0.00685	0.01079	0.01045	0.01471	0.08253	0.03086	0.02112	0.29028	0.39875	0.00730	0.01107	0.00769	0.00372	0.00516
2	0.00756	0.00594	0.00684	0.00720	0.00862	0.00521	0.00518	0.00919	0.01385	0.01768	0.17442	0.28431	0.40001	0.01613	0.00741	0.00217	0.00320	0.01400	0.00587	0.00521
3	0.01463	0.01379	0.03730	0.01654	0.03431	0.01384	0.23389	0.12676	0.22954	0.02402	0.06638	0.09064	0.05254	0.00864	0.00676	0.00206	0.00667	0.00821	0.00504	0.00845
4	0.00776	0.00624	0.00687	0.00679	0.00860	0.00542	0.00510	0.00965	0.01468	0.01855	0.23847	0.05521	0.51623	0.03909	0.00803	0.00218	0.00322	0.03671	0.00590	0.00530
5	0.01181	0.01054	0.01665	0.39203	0.11585	0.01272	0.01402	0.01476	0.01184	0.01644	0.01367	0.09811	0.01247	0.00874	0.00897	0.02818	0.13085	0.00673	0.06890	0.00672
6	0.01389	0.01325	0.02267	0.21036	0.43301	0.01358	0.07467	0.01751	0.01330	0.01867	0.01135	0.01541	0.00926	0.00592	0.00649	0.02292	0.00744	0.00543	0.00300	0.08186
7	0.01318	0.01132	0.01291	0.00972	0.01478	0.00952	0.00772	0.01871	0.15200	0.02104	0.01358	0.01465	0.01092	0.00526	0.00486	0.00113	0.00459	0.00426	0.00413	0.66571
8	0.01733	0.01459	0.01443	0.01247	0.01607	0.06998	0.00981	0.19284	0.45218	0.02761	0.02094	0.02006	0.01568	0.00783	0.00598	0.00192	0.00556	0.00626	0.07915	0.00931
9	0.00742	0.00590	0.00666	0.00712	0.00855	0.00515	0.00509	0.00890	0.01343	0.01683	0.10377	0.30921	0.44728	0.01656	0.00743	0.00220	0.00324	0.01434	0.00576	0.00515
10	0.01401	0.01198	0.01714	0.51399	0.03335	0.03719	0.01468	0.12654	0.01524	0.04304	0.01401	0.04955	0.01160	0.00747	0.00627	0.00203	0.00753	0.04621	0.00372	0.02444
11	0.01271	0.00865	0.01039	0.01007	0.01198	0.00876	0.00754	0.16751	0.03757	0.07415	0.03000	0.45600	0.06710	0.01511	0.00729	0.00229	0.00451	0.05570	0.00593	0.00674
12	0.00761	0.00583	0.00701	0.00777	0.00891	0.00523	0.00557	0.00909	0.01308	0.01671	0.08895	0.41243	0.30969	0.01721	0.00760	0.00231	0.00348	0.06064	0.00575	0.00514
13	0.01775	0.01153	0.01685	0.01363	0.01688	0.01211	0.11087	0.05064	0.10885	0.25773	0.03780	0.10480	0.04018	0.00950	0.00893	0.00214	0.13882	0.00780	0.02482	0.00839
14	0.01390	0.24516	0.41153	0.01711	0.04884	0.01728	0.10946	0.01940	0.03004	0.01816	0.01080	0.01281	0.00831	0.00561	0.00548	0.00177	0.00834	0.00460	0.00276	0.00864
15	0.00988	0.00681	0.00794	0.00766	0.00972	0.00607	0.00595	0.01220	0.02852	0.08475	0.21144	0.05231	0.40631	0.03667	0.00795	0.00222	0.00364	0.08805	0.00605	0.00588
16	0.00861	0.00618	0.00845	0.00884	0.00952	0.00662	0.00637	0.01004	0.01027	0.01416	0.02176	0.18179	0.02359	0.23550	0.36259	0.00683	0.01028	0.05964	0.00404	0.00491
17	0.00899	0.00625	0.00836	0.00851	0.00909	0.00678	0.00600	0.01011	0.00993	0.01410	0.01964	0.14678	0.02087	0.25461	0.31940	0.05165	0.03051	0.00879	0.05488	0.00476
18	0.08772	0.01368	0.01894	0.44636	0.12001	0.07084	0.04362	0.09204	0.01450	0.01976	0.01110	0.01504	0.00847	0.00611	0.00590	0.00194	0.00790	0.00522	0.00326	0.00760

[dist]
# distance from previous block
# <min> <max>
0	5

[block]
# block no. 5 follows, 37 sequences, length 27
# corresponding to MSA columns:
# 220-246
name=unknown_F
#
# <colnr> <probs for GDERKNQSTAVLIFYWHMCP>
#	G	D	E	R	K	N	Q	S	T	A	V	L	I	F	Y	W	H	M	C	P
0	0.07068	0.01183	0.02125	0.15956	0.02502	0.01190	0.28637	0.01618	0.03709	0.01870	0.01755	0.19315	0.01700	0.00896	0.00673	0.00209	0.00728	0.02583	0.00387	0.05897
1	0.01677	0.66223	0.06351	0.01188	0.03691	0.02302	0.01137	0.08281	0.01399	0.01699	0.00927	0.01055	0.00813	0.00546	0.00427	0.00140	0.00670	0.00359	0.00295	0.00819
2	0.01563	0.01242	0.01777	0.06818	0.01946	0.01270	0.10823	0.08922	0.06067	0.10869	0.02950	0.05149	0.01278	0.00746	0.00819	0.00181	0.12993	0.00602	0.00438	0.23546
3	0.13310	0.09964	0.12950	0.01212	0.01666	0.06572	0.02834	0.11968	0.06279	0.09401	0.01523	0.06723	0.01291	0.07100	0.00759	0.00215	0.00652	0.00588	0.00439	0.04555
4	0.01563	0.01462	0.02419	0.05751	0.67349	0.01484	0.01822	0.06964	0.01496	0.02121	0.01172	0.01515	0.00970	0.00561	0.00607	0.00183	0.00726	0.00546	0.00324	0.00966
5	0.02689	0.00725	0.00793	0.00766	0.00975	0.00676	0.00583	0.04433	0.05444	0.03501	0.16179	0.11857	0.44086	0.01426	0.00712	0.00209	0.00353	0.03412	0.00590	0.00589
6	0.10708	0.00906	0.01119	0.01070	0.01273	0.02718	0.05386	0.08132	0.01401	0.02019	0.02606	0.26360	0.05919	0.04078	0.04686	0.00281	0.00578	0.16527	0.03619	0.00612
7	0.69361	0.01197	0.00941	0.00837	0.01192	0.03108	0.00677	0.05329	0.01155	0.02680	0.00987	0.01217	0.00798	0.04148	0.00522	0.00205	0.00496	0.00380	0.04105	0.00666
8	0.00779	0.00579	0.00732	0.00830	0.00923	0.00532	0.00597	0.00931	0.01290	0.01680	0.09102	0.48450	0.19371	0.01762	0.00772	0.00240	0.00366	0.09974	0.00575	0.00515
9	0.01156	0.01088	0.01836	0.77016	0.04216	0.01360	0.01700	0.01564	0.01224	0.01564	0.01088	0.01632	0.00816	0.00612	0.00612	0.00204	0.00816	0.00544	0.00272	0.00680
10	0.00946	0.03002	0.00980	0.00944	0.01116	0.00741	0.00769	0.01162	0.01317	0.01736	0.07881	0.09896	0.17524	0.06059	0.07099	0.00315	0.03121	0.28454	0.00509	0.06429
11	0.01637	0.78856	0.03208	0.01047	0.01571	0.02422	0.01047	0.01833	0.01244	0.01440	0.00851	0.00982	0.00786	0.00524	0.00393	0.00131	0.00655	0.00327	0.00262	0.00786
12	0.01764	0.06816	0.01574	0.01232	0.01619	0.01554	0.00990	0.13498	0.47994	0.10406	0.02188	0.02051	0.01620	0.00897	0.02817	0.00219	0.00563	0.00636	0.00601	0.00962
13	0.00744	0.00538	0.00705	0.00838	0.00884	0.00498	0.00562	0.00854	0.01185	0.01568	0.03545	0.73725	0.08301	0.01896	0.00778	0.00246	0.00352	0.01713	0.00568	0.00498
14	0.04940	0.01523	0.01681	0.01297	0.01768	0.01635	0.01070	0.53884	0.02538	0.18207	0.01659	0.01606	0.01143	0.00733	0.00599	0.00184	0.00623	0.00558	0.03339	0.01013
15	0.01418	0.01608	0.03501	0.02514	0.03111	0.01508	0.69695	0.01918	0.01434	0.01946	0.01320	0.04576	0.01048	0.00570	0.00725	0.00208	0.01006	0.00761	0.00319	0.00813
16	0.00761	0.00607	0.00687	0.00741	0.00895	0.00534	0.00554	0.00918	0.01338	0.01651	0.05107	0.24995	0.47512	0.01664	0.00753	0.00227	0.00352	0.09620	0.00568	0.00517
17	0.00864	0.00656	0.00766	0.00806	0.00932	0.00621	0.00572	0.04279	0.03720	0.01745	0.07243	0.36778	0.25842	0.08780	0.00966	0.00262	0.00386	0.03685	0.00558	0.00538
18	0.01930	0.01496	0.01611	0.01320	0.01731	0.01684	0.01065	0.41839	0.29482	0.03212	0.01867	0.01837	0.01385	0.01017	0.05425	0.00244	0.00664	0.00611	0.00598	0.00982
19	0.01335	0.00744	0.01059	0.00997	0.01196	0.00765	0.00787	0.01551	0.01232	0.19902	0.02228	0.08844	0.04292	0.03129	0.43788	0.00655	0.01143	0.05209	0.00478	0.00667
20	0.06721	0.01326	0.01455	0.01179	0.01560	0.01419	0.00950	0.43394	0.02286	0.09589	0.09225	0.11054	0.05234	0.00955	0.00635	0.00194	0.00556	0.00773	0.00610	0.00884
21	0.26590	0.18537	0.01799	0.01224	0.01609	0.35222	0.00995	0.04447	0.01458	0.01943	0.00915	0.01057	0.00758	0.00592	0.00467	0.00162	0.00803	0.00366	0.00333	0.00723
22	0.00927	0.00645	0.00769	0.00730	0.00909	0.00572	0.00544	0.01141	0.01545	0.06683	0.37438	0.07333	0.32120	0.04918	0.00828	0.00218	0.00328	0.01159	0.00621	0.00571
23	0.01532	0.01536	0.02652	0.04052	0.10773	0.04710	0.35318	0.09251	0.01507	0.02090	0.01238	0.01601	0.00973	0.00649	0.00853	0.00203	0.12227	0.00625	0.07400	0.00811
24	0.07178	0.01331	0.01480	0.01179	0.01561	0.01438	0.00958	0.36579	0.04452	0.09883	0.01501	0.01605	0.01115	0.00825	0.00783	0.06084	0.05414	0.00531	0.08285	0.07818
25	0.08288	0.20073	0.12164	0.01415	0.06887	0.11814	0.02488	0.01782	0.03407	0.01749	0.04004	0.01934	0.02690	0.07300	0.03350	0.00242	0.05845	0.03502	0.00339	0.00728
26	0.71829	0.01168	0.01000	0.06311	0.01426	0.01342	0.00753	0.01858	0.01100	0.07272	0.00969	0.01110	0.00728	0.00583	0.00411	0.00190	0.00501	0.00365	0.00395	0.00688

[dist]
# distance from previous block
# <min> <max>
0	82

[block]
# block no. 6 follows, 37 sequences, length 23
# corresponding to MSA columns:
# 329-351
name=unknown_G
#
# <colnr> <probs for GDERKNQSTAVLIFYWHMCP>
#	G	D	E	R	K	N	Q	S	T	A	V	L	I	F	Y	W	H	M	C	P
0	0.01590	0.01639	0.01395	0.07833	0.03565	0.25999	0.01015	0.04310	0.19962	0.01969	0.05542	0.13675	0.01889	0.00918	0.00615	0.00191	0.00688	0.00748	0.05719	0.00741
1	0.00959	0.00763	0.01078	0.01032	0.01101	0.00926	0.00789	0.01120	0.00958	0.01385	0.01550	0.02528	0.01538	0.18254	0.49039	0.00783	0.14658	0.00680	0.00326	0.00534
2	0.00880	0.00599	0.00764	0.00841	0.00944	0.00550	0.00603	0.01028	0.01291	0.05382	0.08551	0.47555	0.15788	0.04288	0.00843	0.00250	0.00380	0.08348	0.00578	0.00536
3	0.00774	0.00557	0.00736	0.00844	0.00906	0.00519	0.00584	0.00918	0.01277	0.01718	0.14769	0.61574	0.06176	0.01793	0.00773	0.00240	0.00352	0.04393	0.00585	0.00513
4	0.00876	0.00644	0.00924	0.00921	0.01015	0.00726	0.00692	0.01066	0.01018	0.01451	0.06375	0.02794	0.01912	0.15874	0.59851	0.00872	0.01390	0.00721	0.00357	0.00521
5	0.01419	0.31961	0.45491	0.01468	0.02214	0.01818	0.01764	0.04157	0.01325	0.01810	0.01016	0.01180	0.00788	0.00564	0.00511	0.00170	0.00802	0.00408	0.00271	0.00864
6	0.02276	0.01890	0.01820	0.04311	0.01985	0.14130	0.01187	0.58326	0.02626	0.03381	0.01369	0.01415	0.00991	0.00713	0.00602	0.00180	0.00750	0.00525	0.00550	0.00973
7	0.82811	0.01184	0.00900	0.00805	0.01184	0.01373	0.00663	0.01799	0.01042	0.02746	0.00852	0.00994	0.00663	0.00568	0.00379	0.00189	0.00474	0.00331	0.00379	0.00663
8	0.01699	0.01396	0.01390	0.01196	0.01528	0.06501	0.00930	0.21797	0.35827	0.02686	0.02008	0.02147	0.01576	0.08272	0.00838	0.00229	0.00571	0.00641	0.07890	0.00878
9	0.01863	0.01903	0.02335	0.01817	0.02248	0.22794	0.26608	0.17688	0.01791	0.03711	0.01265	0.03430	0.01012	0.00759	0.00788	0.05747	0.02458	0.00598	0.00391	0.00795
10	0.72068	0.01165	0.00970	0.00843	0.01235	0.01310	0.00695	0.01958	0.01137	0.12454	0.01062	0.01141	0.00777	0.00594	0.00411	0.00189	0.00480	0.00370	0.00430	0.00714
11	0.00743	0.00543	0.00700	0.00826	0.00881	0.00499	0.00556	0.00855	0.01198	0.01573	0.03698	0.69817	0.12110	0.01876	0.00775	0.00244	0.00350	0.01689	0.00568	0.00499
12	0.02916	0.00723	0.00893	0.00846	0.01045	0.00653	0.00635	0.02945	0.01481	0.02106	0.32028	0.23951	0.07213	0.01308	0.00689	0.00196	0.00365	0.05201	0.00573	0.14229
13	0.15862	0.01100	0.01262	0.00985	0.01437	0.01013	0.00799	0.05772	0.04863	0.27642	0.06558	0.01786	0.01457	0.00665	0.00531	0.00159	0.00482	0.00520	0.00548	0.26560
14	0.02746	0.01042	0.01421	0.01089	0.01563	0.00900	0.00900	0.02983	0.01752	0.75093	0.02415	0.02083	0.01515	0.00758	0.00616	0.00189	0.00521	0.00616	0.00758	0.01042
15	0.09794	0.01180	0.01432	0.01130	0.01581	0.01150	0.00931	0.14880	0.06507	0.49686	0.02136	0.02015	0.01430	0.00765	0.00600	0.00192	0.00542	0.02375	0.00685	0.00990
16	0.00849	0.00625	0.00783	0.00869	0.00980	0.00591	0.00667	0.01016	0.01272	0.01629	0.03807	0.23840	0.20759	0.12786	0.01127	0.00300	0.00455	0.26599	0.00538	0.00508
17	0.00783	0.00570	0.00743	0.00870	0.00928	0.00542	0.00599	0.00952	0.03531	0.01612	0.03446	0.69211	0.06622	0.01857	0.00777	0.00247	0.00368	0.05255	0.00570	0.00517
18	0.02111	0.04451	0.05205	0.01525	0.01881	0.49137	0.01223	0.13235	0.06693	0.01952	0.01127	0.01262	0.00901	0.00685	0.00663	0.00174	0.06167	0.00449	0.00375	0.00787
19	0.09193	0.01226	0.01505	0.20319	0.02186	0.04040	0.02908	0.19675	0.01694	0.12063	0.01602	0.06938	0.01309	0.04851	0.03590	0.00243	0.00687	0.00639	0.04546	0.00784
20	0.00767	0.00600	0.00701	0.00766	0.00904	0.00534	0.00567	0.00923	0.01328	0.01663	0.06524	0.31026	0.39729	0.01688	0.00758	0.00230	0.00356	0.09850	0.00570	0.00517
21	0.57052	0.01355	0.01157	0.00970	0.01381	0.04206	0.00794	0.16993	0.01477	0.02888	0.01004	0.01119	0.00765	0.00598	0.00440	0.00180	0.00538	0.00383	0.00425	0.06275
22	0.04100	0.10106	0.12174	0.01299	0.03622	0.03316	0.02525	0.15333	0.01741	0.27531	0.01804	0.01821	0.03861	0.03209	0.00656	0.00191	0.00639	0.00557	0.00524	0.04991

[dist]
# distance from previous block
# <min> <max>
0	2

[block]
# block no. 7 follows, 37 sequences, length 11
# corresponding to MSA columns:
# 354-360,365-368
name=unknown_H
#
# <colnr> <probs for GDERKNQSTAVLIFYWHMCP>
#	G	D	E	R	K	N	Q	S	T	A	V	L	I	F	Y	W	H	M	C	P
0	0.12611	0.06157	0.22578	0.01419	0.04056	0.06806	0.01363	0.17417	0.06623	0.06797	0.01331	0.01450	0.00993	0.00880	0.05111	0.00231	0.00775	0.00486	0.00418	0.02497
1	0.54086	0.01175	0.01102	0.00915	0.01333	0.01258	0.00753	0.06245	0.01335	0.20257	0.01280	0.01301	0.00905	0.00617	0.00454	0.00183	0.00496	0.00415	0.00483	0.05406
2	0.01563	0.01492	0.01773	0.14908	0.10951	0.11319	0.03019	0.11291	0.12031	0.02062	0.01460	0.06375	0.01246	0.00891	0.02329	0.00221	0.13629	0.00627	0.02020	0.00794
3	0.00761	0.00544	0.00726	0.00860	0.00905	0.00509	0.00586	0.00882	0.01204	0.01610	0.06230	0.72152	0.04096	0.01881	0.00782	0.00248	0.00361	0.04587	0.00572	0.00503
4	0.00807	0.00644	0.00727	0.00722	0.00896	0.00580	0.00535	0.01070	0.04781	0.01934	0.26928	0.13591	0.41654	0.01466	0.00725	0.00207	0.00317	0.01258	0.00604	0.00554
5	0.01481	0.01599	0.01581	0.01411	0.01533	0.22485	0.01123	0.01651	0.01246	0.01564	0.07975	0.01764	0.01397	0.01573	0.14282	0.00353	0.35428	0.00571	0.00330	0.00651
6	0.00849	0.00588	0.00777	0.00888	0.00971	0.00550	0.00645	0.01000	0.01269	0.03743	0.06180	0.55044	0.09239	0.01792	0.00781	0.00248	0.00391	0.13940	0.00577	0.00529
7	0.09205	0.01313	0.01649	0.01409	0.01560	0.01692	0.01161	0.13072	0.06534	0.02052	0.01124	0.01505	0.00980	0.01313	0.09124	0.00316	0.44346	0.00542	0.00366	0.00738
8	0.01203	0.00993	0.01163	0.00914	0.01337	0.00803	0.00709	0.05626	0.01351	0.02004	0.01789	0.17070	0.04637	0.00813	0.00541	0.00133	0.00441	0.00693	0.00428	0.57352
9	0.70254	0.01137	0.00944	0.00830	0.01204	0.01280	0.00680	0.01873	0.01151	0.09602	0.05440	0.01314	0.01053	0.00627	0.00422	0.00190	0.00467	0.00405	0.00433	0.00694
10	0.01948	0.09268	0.01814	0.08635	0.01996	0.50209	0.01183	0.02212	0.04929	0.01603	0.05341	0.01416	0.01136	0.00690	0.00639	0.00170	0.05288	0.00466	0.00339	0.00716

[dist]
# distance from previous block
# <min> <max>
0	1

[block]
# block no. 8 follows, 37 sequences, length 43
# corresponding to MSA columns:
# 370-412
name=unknown_I
#
# <colnr> <probs for GDERKNQSTAVLIFYWHMCP>
#	G	D	E	R	K	N	Q	S	T	A	V	L	I	F	Y	W	H	M	C	P
0	0.01129	0.01269	0.10025	0.01285	0.01575	0.04667	0.10331	0.01540	0.06835	0.01912	0.17964	0.10330	0.06811	0.06686	0.03972	0.00272	0.06298	0.05968	0.00467	0.00663
1	0.01587	0.01252	0.01292	0.00988	0.01457	0.08808	0.00784	0.04846	0.01447	0.10832	0.01338	0.01458	0.01038	0.00546	0.00488	0.00119	0.00523	0.00425	0.08446	0.52326
2	0.01463	0.01565	0.03219	0.02456	0.08164	0.01479	0.58155	0.04730	0.01484	0.02056	0.01273	0.01650	0.00967	0.00534	0.00685	0.00196	0.00936	0.00681	0.04320	0.03988
3	0.01435	0.01203	0.01926	0.05368	0.42048	0.01212	0.02828	0.01859	0.06888	0.07291	0.03152	0.10666	0.01786	0.00878	0.00659	0.00205	0.00636	0.08681	0.00425	0.00856
4	0.01469	0.01433	0.02436	0.01840	0.02306	0.06216	0.37494	0.04341	0.05474	0.06102	0.05381	0.05291	0.05501	0.00849	0.02426	0.00216	0.00818	0.03625	0.00420	0.06363
5	0.04141	0.00922	0.01209	0.00989	0.01362	0.00810	0.00789	0.02395	0.01597	0.53912	0.02895	0.12078	0.09766	0.03316	0.00717	0.00211	0.00478	0.00832	0.00693	0.00887
6	0.00894	0.00651	0.00786	0.00782	0.00938	0.00589	0.00567	0.01114	0.03208	0.04129	0.24028	0.24600	0.22261	0.06394	0.00875	0.00234	0.00357	0.02461	0.00583	0.04551
7	0.01070	0.01048	0.03753	0.10224	0.01870	0.04161	0.14828	0.02544	0.01298	0.01715	0.05302	0.35821	0.02611	0.03368	0.04230	0.00269	0.02066	0.02756	0.00447	0.00621
8	0.10518	0.01088	0.01390	0.01077	0.01542	0.00995	0.00890	0.06274	0.01738	0.64568	0.02217	0.01947	0.01409	0.00738	0.00592	0.00189	0.00524	0.00585	0.00714	0.01005
9	0.00920	0.00657	0.00910	0.01051	0.01163	0.00647	0.00871	0.01153	0.01344	0.01757	0.03278	0.26596	0.03668	0.01754	0.00828	0.00273	0.00506	0.51515	0.00565	0.00545
10	0.02162	0.06200	0.01961	0.01734	0.05890	0.63929	0.05748	0.02355	0.01676	0.01552	0.00972	0.01155	0.00807	0.00614	0.00558	0.00161	0.01059	0.00420	0.00312	0.00734
11	0.00863	0.00593	0.00727	0.00752	0.00776	0.00605	0.00470	0.00917	0.00954	0.01290	0.02128	0.16430	0.02423	0.53130	0.14800	0.00599	0.00726	0.00997	0.00398	0.00422
12	0.01499	0.06306	0.01568	0.01217	0.06253	0.01214	0.00917	0.13026	0.10380	0.02332	0.02869	0.01492	0.01145	0.00571	0.00511	0.00130	0.00519	0.00458	0.00430	0.47161
13	0.01388	0.08645	0.12858	0.10536	0.20555	0.03393	0.11844	0.03432	0.03180	0.01898	0.02832	0.04326	0.01162	0.02105	0.01955	0.00201	0.00770	0.00585	0.00330	0.08006
14	0.01371	0.07748	0.57813	0.01741	0.05256	0.01551	0.02027	0.08364	0.01422	0.02063	0.01105	0.01299	0.00809	0.00613	0.00638	0.00192	0.04333	0.00461	0.00293	0.00901
15	0.01401	0.01519	0.03112	0.06450	0.14577	0.01484	0.50552	0.01848	0.01388	0.01904	0.01306	0.05517	0.01083	0.00622	0.00759	0.00207	0.04404	0.00728	0.00318	0.00817
16	0.01123	0.03996	0.01298	0.03425	0.02917	0.03764	0.07596	0.03885	0.02392	0.04834	0.03992	0.33730	0.08404	0.07608	0.02516	0.00270	0.00561	0.06579	0.00498	0.00613
17	0.08815	0.18383	0.07665	0.03093	0.08265	0.17189	0.07973	0.12324	0.01638	0.07501	0.01162	0.01306	0.00896	0.00605	0.00541	0.00171	0.00789	0.00465	0.00378	0.00842
18	0.01213	0.01104	0.01817	0.58032	0.07295	0.01304	0.05007	0.04390	0.01322	0.01747	0.01422	0.01870	0.04492	0.00661	0.00611	0.00198	0.00758	0.00591	0.05465	0.00701
19	0.00953	0.00623	0.00766	0.00810	0.00889	0.00644	0.00588	0.01135	0.01218	0.01837	0.06490	0.33136	0.02912	0.07047	0.00922	0.00239	0.05771	0.05587	0.27900	0.00533
20	0.01018	0.00817	0.00933	0.00883	0.01080	0.00826	0.00679	0.07956	0.07959	0.02066	0.16418	0.14670	0.32514	0.01388	0.00787	0.00214	0.04580	0.04008	0.00579	0.00625
21	0.01934	0.01642	0.01550	0.01300	0.01649	0.15203	0.01030	0.28158	0.16280	0.06720	0.07373	0.01926	0.01593	0.02591	0.00739	0.00197	0.04847	0.00605	0.03789	0.00875
22	0.00944	0.00643	0.00843	0.00783	0.00941	0.00591	0.00591	0.01230	0.01734	0.05445	0.71385	0.04470	0.05600	0.01231	0.00718	0.00192	0.00298	0.01087	0.00677	0.00597
23	0.02109	0.02439	0.01874	0.05773	0.13758	0.51042	0.01319	0.10948	0.01794	0.01873	0.01051	0.01242	0.00850	0.00629	0.00571	0.00167	0.00975	0.00446	0.00348	0.00791
24	0.00755	0.00590	0.00674	0.00716	0.00849	0.00521	0.00507	0.00901	0.01333	0.01688	0.12519	0.29654	0.39969	0.05409	0.00860	0.00238	0.00337	0.01401	0.00570	0.00510
25	0.01217	0.00946	0.01236	0.01302	0.08391	0.03722	0.00900	0.04273	0.07559	0.05674	0.01690	0.02356	0.01518	0.11382	0.42491	0.00673	0.02965	0.00655	0.00389	0.00661
26	0.09489	0.16547	0.01950	0.01260	0.01725	0.04823	0.01065	0.39863	0.08824	0.06565	0.01414	0.01423	0.01047	0.00685	0.00547	0.00175	0.00644	0.00498	0.00520	0.00937
27	0.00919	0.00611	0.00760	0.00762	0.00851	0.00575	0.00516	0.01062	0.01310	0.04906	0.27616	0.21679	0.07387	0.26551	0.01511	0.00337	0.00415	0.01174	0.00549	0.00508
28	0.00858	0.00690	0.00782	0.00887	0.00954	0.04409	0.00603	0.01025	0.03879	0.01586	0.03287	0.65350	0.06845	0.04685	0.00849	0.00254	0.00405	0.01581	0.00550	0.00522
29	0.01298	0.01510	0.11917	0.56180	0.06368	0.05053	0.01729	0.05550	0.01355	0.01753	0.01106	0.01546	0.00827	0.00613	0.00605	0.00198	0.00831	0.00525	0.00292	0.00743
30	0.01483	0.02827	0.08041	0.01786	0.16290	0.03963	0.07489	0.04356	0.01430	0.11040	0.02009	0.10490	0.04655	0.00956	0.00758	0.01586	0.05306	0.07666	0.07091	0.00778
