[name]
unknown

[dist]
# distance from previous block
# <min> <max>
0	68

[block]
# block no. 0 follows, 31 sequences, length 92
# corresponding to MSA columns:
# 69-80,83-162
name=unknown_A
#
# <colnr> <probs for GDERKNQSTAVLIFYWHMCP>
#	G	D	E	R	K	N	Q	S	T	A	V	L	I	F	Y	W	H	M	C	P
0	0.00887	0.00739	0.00784	0.00786	0.01013	0.00654	0.00604	0.01168	0.04927	0.01975	0.10834	0.06383	0.57999	0.01684	0.00814	0.00237	0.00378	0.06877	0.00646	0.00611
1	0.01806	0.08670	0.11200	0.02035	0.16524	0.11932	0.01491	0.11554	0.13077	0.02451	0.04074	0.05020	0.05516	0.00857	0.00667	0.00206	0.00781	0.00698	0.00478	0.00961
2	0.06665	0.08694	0.01863	0.01465	0.04963	0.11677	0.01135	0.30228	0.06044	0.03085	0.01608	0.01736	0.01234	0.00874	0.02437	0.00212	0.00750	0.00569	0.13810	0.00951
3	0.01352	0.00937	0.01328	0.13951	0.06817	0.00939	0.01033	0.01682	0.04874	0.11414	0.06548	0.32948	0.06784	0.01406	0.00768	0.00238	0.00546	0.01252	0.00583	0.04601
4	0.06851	0.09746	0.30925	0.02388	0.19857	0.01749	0.07101	0.05729	0.05165	0.02339	0.01312	0.01549	0.01006	0.00650	0.00637	0.00207	0.00875	0.00552	0.00357	0.01003
5	0.01922	0.27014	0.04330	0.01389	0.03351	0.08208	0.01180	0.09416	0.18209	0.06319	0.01838	0.01871	0.03454	0.00789	0.00648	0.00192	0.03469	0.00580	0.04875	0.00946
6	0.00841	0.00601	0.00800	0.00948	0.00994	0.00560	0.00636	0.00970	0.01343	0.01799	0.07309	0.71823	0.04626	0.02104	0.00870	0.00275	0.00393	0.01908	0.00641	0.00560
7	0.26859	0.04816	0.11760	0.04032	0.04184	0.05513	0.04568	0.02400	0.16180	0.04844	0.04986	0.04061	0.01516	0.00790	0.00603	0.00216	0.00689	0.00618	0.00479	0.00885
8	0.03534	0.05727	0.17194	0.05363	0.04853	0.03730	0.04137	0.11297	0.01730	0.05848	0.02934	0.01603	0.01140	0.00647	0.00604	0.00171	0.00743	0.00521	0.00431	0.27794
9	0.01107	0.00755	0.01012	0.00984	0.01090	0.00813	0.00713	0.01266	0.01189	0.05631	0.05713	0.07489	0.05686	0.26314	0.33424	0.00750	0.04093	0.00933	0.00453	0.00584
10	0.01026	0.00687	0.00783	0.00788	0.00909	0.00634	0.00529	0.01147	0.01344	0.05181	0.07879	0.16624	0.24095	0.29182	0.01786	0.00393	0.00481	0.01269	0.04715	0.00549
11	0.02081	0.05544	0.12709	0.05447	0.11871	0.05654	0.05055	0.16065	0.01965	0.17304	0.03437	0.06592	0.01513	0.00833	0.00685	0.00211	0.00786	0.00702	0.00535	0.01011
12	0.05630	0.07508	0.06562	0.06526	0.13512	0.10074	0.05322	0.14945	0.09082	0.09173	0.01602	0.01801	0.01226	0.03183	0.00743	0.00219	0.00815	0.00604	0.00488	0.00985
13	0.01555	0.01565	0.02451	0.15271	0.17942	0.07195	0.16823	0.01992	0.04830	0.01983	0.01526	0.01973	0.03132	0.01068	0.05098	0.03772	0.08002	0.00679	0.02295	0.00848
14	0.01852	0.59988	0.11665	0.01316	0.01938	0.06446	0.01348	0.05366	0.01516	0.01811	0.01024	0.01173	0.00891	0.00611	0.00486	0.00159	0.00794	0.00399	0.00315	0.00903
15	0.02132	0.02525	0.02054	0.01885	0.05456	0.44413	0.04910	0.02342	0.01656	0.01772	0.01114	0.01428	0.00954	0.00819	0.01020	0.00210	0.19110	0.00518	0.04888	0.00794
16	0.02416	0.01772	0.01904	0.01610	0.05386	0.05573	0.01237	0.43947	0.10878	0.11244	0.01874	0.01953	0.01381	0.04637	0.00824	0.00231	0.00732	0.00653	0.00656	0.01093
17	0.01460	0.01697	0.11494	0.13082	0.18678	0.07479	0.03397	0.04394	0.03230	0.02266	0.16628	0.02834	0.08646	0.00919	0.00713	0.00213	0.00746	0.00799	0.00464	0.00859
18	0.02500	0.02921	0.01929	0.01689	0.02089	0.57227	0.01290	0.13915	0.02125	0.02150	0.01165	0.01313	0.00936	0.00714	0.00622	0.00177	0.01112	0.00468	0.00411	0.05246
19	0.01408	0.05319	0.01768	0.03256	0.08603	0.06720	0.08894	0.01872	0.11407	0.01875	0.04456	0.02950	0.01939	0.26637	0.09589	0.00460	0.00886	0.00798	0.00434	0.00730
20	0.01107	0.00873	0.01172	0.06714	0.01478	0.00878	0.03577	0.05097	0.03485	0.02270	0.28145	0.06172	0.16204	0.09845	0.07015	0.00347	0.00611	0.03751	0.00598	0.00663
21	0.01176	0.01015	0.01268	0.01216	0.01324	0.04729	0.00936	0.03535	0.01257	0.01721	0.02232	0.15990	0.05477	0.07011	0.33184	0.00655	0.15245	0.00960	0.00428	0.00642
22	0.01242	0.00989	0.01290	0.04679	0.01496	0.01033	0.05420	0.07428	0.11294	0.02087	0.06013	0.16945	0.08919	0.22536	0.05220	0.00403	0.00665	0.01114	0.00542	0.00687
23	0.02517	0.01886	0.02076	0.01599	0.02140	0.02084	0.03150	0.63418	0.07410	0.04162	0.01707	0.01705	0.01218	0.00821	0.00689	0.00208	0.00751	0.00631	0.00676	0.01152
24	0.01784	0.28066	0.23796	0.01887	0.11443	0.08663	0.01709	0.07599	0.01629	0.02115	0.01158	0.01353	0.00932	0.00634	0.00574	0.00180	0.00864	0.00469	0.00340	0.04803
25	0.00903	0.00689	0.00829	0.00810	0.00986	0.00615	0.00602	0.01158	0.01757	0.02357	0.43833	0.11236	0.28595	0.01573	0.00813	0.00226	0.00337	0.01365	0.00703	0.00615
26	0.01419	0.01216	0.01419	0.01013	0.01621	0.00912	0.00811	0.01723	0.01419	0.02229	0.01216	0.01419	0.01013	0.00507	0.00507	0.00101	0.00507	0.00405	0.00405	0.80139
27	0.01750	0.20855	0.19886	0.02013	0.05405	0.03914	0.21728	0.04404	0.01588	0.06319	0.01304	0.01539	0.00997	0.00622	0.00640	0.00195	0.00922	0.00572	0.00363	0.04982
28	0.00974	0.04920	0.00975	0.00855	0.01079	0.00773	0.00669	0.03352	0.01618	0.02020	0.12572	0.13839	0.43724	0.01667	0.00805	0.00238	0.00414	0.08254	0.00630	0.00624
29	0.01275	0.00638	0.00638	0.00638	0.00797	0.00638	0.00478	0.01594	0.01435	0.02551	0.02232	0.02551	0.01754	0.00797	0.00478	0.00159	0.00319	0.00638	0.79755	0.00638
30	0.01599	0.01523	0.02601	0.11111	0.58282	0.01550	0.03738	0.01991	0.01511	0.02134	0.01384	0.03824	0.01215	0.03680	0.00799	0.00227	0.00815	0.00666	0.00346	0.01005
31	0.01855	0.30217	0.14621	0.03581	0.05781	0.08478	0.01484	0.09670	0.13796	0.02259	0.01430	0.01535	0.01132	0.00697	0.00582	0.00188	0.00802	0.00514	0.00413	0.00968
32	0.01485	0.06531	0.48989	0.01863	0.04305	0.05677	0.05080	0.04820	0.01531	0.02156	0.03197	0.01723	0.01149	0.03593	0.04768	0.00275	0.01016	0.00565	0.00334	0.00943
33	0.01545	0.05548	0.01646	0.01254	0.06498	0.01069	0.00931	0.01849	0.01454	0.05746	0.01281	0.01466	0.01045	0.00536	0.00524	0.00117	0.00545	0.00432	0.00417	0.66099
34	0.01275	0.00638	0.00638	0.00638	0.00797	0.00638	0.00478	0.01594	0.01435	0.02551	0.02232	0.02551	0.01754	0.00797	0.00478	0.00159	0.00319	0.00638	0.79755	0.00638
35	0.01107	0.00956	0.01561	0.01355	0.01636	0.00891	0.15384	0.01433	0.01628	0.02169	0.17290	0.10286	0.18998	0.01453	0.00835	0.00250	0.00589	0.17942	0.03559	0.00679
36	0.00952	0.00627	0.00830	0.00955	0.01016	0.00583	0.00642	0.01072	0.01325	0.05184	0.03633	0.68194	0.04279	0.05946	0.01001	0.00295	0.00420	0.01833	0.00634	0.00578
37	0.80789	0.01323	0.01006	0.00900	0.01323	0.01535	0.00741	0.02011	0.01164	0.03070	0.00953	0.01111	0.00741	0.00635	0.00423	0.00212	0.00529	0.00370	0.00423	0.00741
38	0.00915	0.00697	0.00840	0.00805	0.00989	0.00623	0.00604	0.01188	0.01811	0.02444	0.49805	0.05603	0.28165	0.01510	0.00807	0.00220	0.00331	0.01306	0.00714	0.00623
39	0.01829	0.76368	0.03585	0.01171	0.01756	0.02707	0.01171	0.02049	0.01390	0.01610	0.00951	0.01097	0.00878	0.00585	0.00439	0.00146	0.00732	0.00366	0.00293	0.00878
40	0.01372	0.03539	0.72412	0.01950	0.02961	0.01589	0.02528	0.02167	0.01444	0.02167	0.01228	0.01444	0.00867	0.00650	0.00650	0.00217	0.01011	0.00506	0.00289	0.01011
41	0.03070	0.01164	0.01588	0.01217	0.01746	0.01006	0.01006	0.03334	0.01958	0.72163	0.02699	0.02329	0.01694	0.00847	0.00688	0.00212	0.00582	0.00688	0.00847	0.01164
42	0.80789	0.01323	0.01006	0.00900	0.01323	0.01535	0.00741	0.02011	0.01164	0.03070	0.00953	0.01111	0.00741	0.00635	0.00423	0.00212	0.00529	0.00370	0.00423	0.00741
43	0.01292	0.01216	0.02052	0.74312	0.04712	0.01520	0.01900	0.01748	0.01368	0.01748	0.01216	0.01824	0.00912	0.00684	0.00684	0.00228	0.00912	0.00608	0.00304	0.00760
44	0.80789	0.01323	0.01006	0.00900	0.01323	0.01535	0.00741	0.02011	0.01164	0.03070	0.00953	0.01111	0.00741	0.00635	0.00423	0.00212	0.00529	0.00370	0.00423	0.00741
45	0.01419	0.01216	0.01419	0.01013	0.01621	0.00912	0.00811	0.01723	0.01419	0.02229	0.01216	0.01419	0.01013	0.00507	0.00507	0.00101	0.00507	0.00405	0.00405	0.80139
46	0.01010	0.00743	0.00951	0.00891	0.01065	0.00706	0.00671	0.01425	0.05863	0.02750	0.67400	0.04964	0.06205	0.01372	0.00801	0.00216	0.00335	0.01211	0.00750	0.00671
47	0.00834	0.00595	0.00794	0.00953	0.00992	0.00556	0.00635	0.00953	0.01310	0.01746	0.03771	0.75510	0.04525	0.02143	0.00873	0.00278	0.00397	0.01945	0.00635	0.00556
48	0.80789	0.01323	0.01006	0.00900	0.01323	0.01535	0.00741	0.02011	0.01164	0.03070	0.00953	0.01111	0.00741	0.00635	0.00423	0.00212	0.00529	0.00370	0.00423	0.00741
49	0.01419	0.01216	0.01419	0.01013	0.01621	0.00912	0.00811	0.01723	0.01419	0.02229	0.01216	0.01419	0.01013	0.00507	0.00507	0.00101	0.00507	0.00405	0.00405	0.80139
50	0.01102	0.00787	0.01102	0.01260	0.01417	0.00787	0.01102	0.01417	0.01575	0.02047	0.03622	0.07717	0.03937	0.01890	0.00945	0.00315	0.00630	0.67084	0.00630	0.00630
51	0.00968	0.00699	0.00914	0.00861	0.01022	0.00646	0.00646	0.01291	0.01937	0.02743	0.71328	0.05110	0.06455	0.01399	0.00807	0.00215	0.00323	0.01237	0.00753	0.00646
52	0.00977	0.00733	0.01100	0.01100	0.01222	0.00855	0.00855	0.01222	0.01100	0.01588	0.01833	0.02688	0.01710	0.05131	0.73245	0.01100	0.01833	0.00733	0.00367	0.00611
53	0.80789	0.01323	0.01006	0.00900	0.01323	0.01535	0.00741	0.02011	0.01164	0.03070	0.00953	0.01111	0.00741	0.00635	0.00423	0.00212	0.00529	0.00370	0.00423	0.00741
54	0.00997	0.00841	0.00881	0.00845	0.01097	0.00798	0.00641	0.01521	0.14621	0.02148	0.13935	0.05644	0.50459	0.01540	0.00787	0.00229	0.00380	0.01292	0.00661	0.00681
55	0.02486	0.01129	0.01406	0.01130	0.01554	0.01065	0.00914	0.12577	0.01994	0.43120	0.02504	0.06469	0.01790	0.00907	0.00653	0.00203	0.00540	0.00739	0.17804	0.01016
56	0.00983	0.00709	0.00979	0.00979	0.01060	0.00790	0.00706	0.01145	0.01064	0.01499	0.01942	0.03295	0.01974	0.29188	0.49549	0.00951	0.01435	0.00822	0.00383	0.00544
57	0.01738	0.00820	0.00920	0.00814	0.01074	0.00796	0.00637	0.05515	0.01642	0.17894	0.02303	0.02455	0.01710	0.00809	0.00535	0.00173	0.00399	0.00648	0.58338	0.00780
58	0.01385	0.01154	0.01347	0.00984	0.01541	0.00882	0.00783	0.01691	0.01449	0.02277	0.05290	0.01693	0.01366	0.00574	0.00522	0.00111	0.00486	0.00466	0.04816	0.71185
59	0.01027	0.00850	0.01180	0.01530	0.14494	0.00812	0.00906	0.01288	0.04237	0.01909	0.03984	0.42584	0.19168	0.01707	0.00814	0.00251	0.00471	0.01527	0.00581	0.00683
60	0.06184	0.07045	0.10940	0.01748	0.07026	0.15547	0.01441	0.30528	0.04085	0.02988	0.01508	0.05134	0.01216	0.00805	0.00647	0.00202	0.00846	0.00609	0.00506	0.00996
61	0.01824	0.01986	0.09952	0.07933	0.27954	0.05706	0.17499	0.14144	0.01863	0.02523	0.01349	0.01678	0.01042	0.00654	0.00703	0.00212	0.00932	0.00636	0.00395	0.01015
62	0.01897	0.01915	0.08056	0.02875	0.35286	0.11030	0.05280	0.08001	0.01791	0.07627	0.04382	0.02137	0.01467	0.00763	0.00695	0.00210	0.00850	0.04299	0.00438	0.01001
63	0.05035	0.09689	0.16811	0.02196	0.06052	0.05545	0.27511	0.09382	0.04179	0.05007	0.01397	0.01644	0.01045	0.00651	0.00686	0.00211	0.00960	0.00631	0.00399	0.00969
64	0.01317	0.01249	0.08775	0.01309	0.04362	0.03795	0.04331	0.04091	0.01630	0.08508	0.12423	0.27525	0.15029	0.01452	0.00784	0.00237	0.00561	0.01278	0.00598	0.00747
65	0.00853	0.00621	0.00812	0.00944	0.01012	0.00569	0.00637	0.00981	0.01324	0.01768	0.03807	0.70117	0.07083	0.02069	0.00858	0.00270	0.00399	0.01870	0.00627	0.03380
66	0.01546	0.04192	0.13042	0.01916	0.18216	0.01242	0.01384	0.05785	0.03621	0.09665	0.19173	0.06029	0.09271	0.01022	0.00719	0.00214	0.00626	0.00884	0.00553	0.00901
67	0.05791	0.28248	0.17722	0.01729	0.08447	0.05961	0.03206	0.10686	0.01723	0.08627	0.01303	0.01433	0.01002	0.00664	0.00577	0.00187	0.00816	0.00494	0.00406	0.00977
68	0.01109	0.00749	0.00956	0.01036	0.01153	0.00730	0.00735	0.04828	0.04856	0.05984	0.03543	0.60759	0.04040	0.01929	0.00847	0.00270	0.00444	0.04729	0.00653	0.00652
69	0.70773	0.01485	0.05112	0.01059	0.01530	0.01564	0.03651	0.04087	0.01261	0.03022	0.01007	0.01176	0.00773	0.00639	0.00460	0.00213	0.00588	0.00403	0.00421	0.00776
70	0.01240	0.00641	0.00651	0.00651	0.00791	0.00641	0.00470	0.01518	0.01379	0.02396	0.02222	0.02794	0.01846	0.10290	0.00858	0.00223	0.00362	0.00683	0.69734	0.00609
71	0.02938	0.09145	0.01800	0.01212	0.01747	0.01186	0.01023	0.03198	0.01898	0.64675	0.02514	0.02198	0.01607	0.00819	0.00662	0.00205	0.00598	0.00654	0.00788	0.01134
72	0.01829	0.76368	0.03585	0.01171	0.01756	0.02707	0.01171	0.02049	0.01390	0.01610	0.00951	0.01097	0.00878	0.00585	0.00439	0.00146	0.00732	0.00366	0.00293	0.00878
73	0.02601	0.01916	0.02053	0.01574	0.02122	0.02122	0.01300	0.69408	0.03217	0.04312	0.01643	0.01643	0.01163	0.00821	0.00684	0.00205	0.00753	0.00616	0.00684	0.01163
74	0.01693	0.01626	0.02777	0.04199	0.71689	0.01626	0.02100	0.02100	0.01558	0.02235	0.01287	0.01693	0.01084	0.00610	0.00677	0.00203	0.00813	0.00610	0.00339	0.01084
75	0.01983	0.01592	0.04094	0.01706	0.02210	0.01593	0.16683	0.20175	0.17912	0.11613	0.10959	0.02425	0.02087	0.00863	0.00731	0.00220	0.00726	0.00782	0.00628	0.01019
76	0.00834	0.00595	0.00794	0.00953	0.00992	0.00556	0.00635	0.00953	0.01310	0.01746	0.03771	0.75510	0.04525	0.02143	0.00873	0.00278	0.00397	0.01945	0.00635	0.00556
77	0.01802	0.01625	0.01698	0.01654	0.07507	0.06537	0.01192	0.06638	0.56968	0.02801	0.02491	0.02350	0.01880	0.00882	0.00689	0.00225	0.00620	0.00730	0.00643	0.01067
78	0.01395	0.07238	0.68916	0.01910	0.02900	0.01646	0.02459	0.02161	0.01442	0.02138	0.01214	0.01427	0.00867	0.00647	0.00639	0.00213	0.00997	0.00498	0.00289	0.01004
79	0.03448	0.07028	0.48293	0.02159	0.09933	0.03725	0.07879	0.02242	0.04980	0.02189	0.01299	0.01527	0.00964	0.00651	0.00650	0.00212	0.00958	0.00543	0.00325	0.00995
80	0.01756	0.01606	0.02794	0.03587	0.51727	0.01581	0.12384	0.04527	0.01649	0.06293	0.01626	0.01951	0.03985	0.00671	0.00704	0.00209	0.00831	0.00679	0.00393	0.01045
81	0.01292	0.01216	0.02052	0.74312	0.04712	0.01520	0.01900	0.01748	0.01368	0.01748	0.01216	0.01824	0.00912	0.00684	0.00684	0.00228	0.00912	0.00608	0.00304	0.00760
82	0.01620	0.46368	0.27832	0.01430	0.02142	0.02197	0.01623	0.02049	0.01440	0.01870	0.04943	0.01442	0.01183	0.00653	0.00534	0.00175	0.00808	0.00464	0.00317	0.00912
83	0.01507	0.04248	0.23273	0.01708	0.09371	0.01294	0.03169	0.05206	0.03221	0.08583	0.10188	0.05815	0.08437	0.03055	0.00825	0.00233	0.02698	0.03512	0.02770	0.00886
84	0.00817	0.00685	0.00711	0.00722	0.00934	0.00578	0.00535	0.00992	0.01553	0.01875	0.09242	0.12448	0.63058	0.01755	0.00814	0.00234	0.00350	0.01479	0.00640	0.00578
85	0.00970	0.00653	0.00754	0.00778	0.00784	0.00647	0.00449	0.00988	0.01044	0.01392	0.02406	0.15505	0.02804	0.64497	0.03077	0.00603	0.00622	0.01142	0.00449	0.00436
86	0.09411	0.27640	0.13911	0.01424	0.01994	0.12445	0.01368	0.11655	0.07495	0.02366	0.03509	0.01501	0.01183	0.00706	0.00565	0.00186	0.00805	0.00497	0.00416	0.00924
87	0.03645	0.07384	0.16588	0.02823	0.34798	0.11465	0.01860	0.02212	0.04894	0.02127	0.01407	0.05192	0.01207	0.00721	0.00651	0.00204	0.00864	0.00616	0.00361	0.00980
88	0.00932	0.00736	0.00856	0.00910	0.01090	0.00684	0.00697	0.01233	0.05700	0.01968	0.08492	0.22317	0.35915	0.01792	0.00842	0.00257	0.00422	0.13897	0.00644	0.00616
89	0.03559	0.01323	0.00999	0.00965	0.01162	0.19210	0.00711	0.01809	0.01523	0.02207	0.02031	0.08697	0.01786	0.04706	0.00700	0.00201	0.00582	0.00714	0.46455	0.00661
90	0.01913	0.08753	0.10374	0.05629	0.15995	0.01719	0.07432	0.09763	0.17556	0.11232	0.01811	0.01900	0.01343	0.00738	0.00670	0.00211	0.00765	0.00640	0.00510	0.01045
91	0.04685	0.02216	0.17274	0.02262	0.14969	0.14133	0.10612	0.03954	0.01573	0.04101	0.01498	0.09069	0.01334	0.00860	0.00848	0.00223	0.08392	0.00712	0.00385	0.00900

[dist]
# distance from previous block
# <min> <max>
0	4

[block]
# block no. 1 follows, 31 sequences, length 74
# corresponding to MSA columns:
# 167-197,200-236,238-243
name=unknown_B
#
# <colnr> <probs for GDERKNQSTAVLIFYWHMCP>
#	G	D	E	R	K	N	Q	S	T	A	V	L	I	F	Y	W	H	M	C	P
0	0.04795	0.21212	0.23541	0.04137	0.04878	0.11966	0.01645	0.11760	0.03715	0.02320	0.03223	0.01501	0.01112	0.00694	0.00597	0.00192	0.00874	0.00508	0.00387	0.00944
1	0.01612	0.07049	0.01734	0.04369	0.14027	0.05806	0.01157	0.09131	0.04155	0.04241	0.01759	0.04709	0.01514	0.04129	0.13708	0.00373	0.03480	0.00677	0.15544	0.00826
2	0.00956	0.00755	0.00876	0.00886	0.01090	0.00699	0.00692	0.01296	0.05757	0.02173	0.22681	0.08118	0.36642	0.01638	0.00827	0.00243	0.00404	0.12966	0.00668	0.00634
3	0.76870	0.01338	0.01093	0.01063	0.04810	0.01539	0.00808	0.02015	0.01184	0.03028	0.00969	0.01140	0.00758	0.00634	0.00436	0.00211	0.00543	0.00382	0.00419	0.00758
4	0.01182	0.00598	0.00897	0.00897	0.00901	0.00602	0.00602	0.00901	0.00897	0.01200	0.01207	0.02098	0.01204	0.02458	0.04767	0.77752	0.00631	0.00598	0.00299	0.00306
5	0.08041	0.01570	0.11958	0.01405	0.04128	0.01203	0.01250	0.06959	0.01881	0.48905	0.02370	0.02170	0.03359	0.00818	0.00667	0.00212	0.00653	0.00653	0.00704	0.01094
6	0.01107	0.00753	0.00956	0.00884	0.01083	0.00696	0.00670	0.01466	0.04186	0.06967	0.58440	0.04998	0.12413	0.01382	0.00796	0.00217	0.00348	0.01208	0.00745	0.00686
7	0.01550	0.22992	0.48128	0.01846	0.06015	0.04279	0.02102	0.02150	0.01452	0.02004	0.01151	0.01357	0.00881	0.00632	0.00594	0.00196	0.00934	0.00471	0.00294	0.00972
8	0.01411	0.00800	0.01027	0.00916	0.01168	0.00713	0.00706	0.01691	0.01865	0.18153	0.43790	0.06449	0.15913	0.01347	0.00782	0.00219	0.00387	0.01165	0.00752	0.00749
9	0.00809	0.00693	0.00693	0.00693	0.00924	0.00578	0.00520	0.00982	0.01559	0.01848	0.06931	0.06584	0.71411	0.01733	0.00809	0.00231	0.00347	0.01444	0.00635	0.00578
10	0.02669	0.01807	0.01985	0.01522	0.02067	0.01959	0.01257	0.59798	0.03034	0.14180	0.01796	0.01742	0.01241	0.00825	0.00685	0.00206	0.00728	0.00626	0.00708	0.01164
11	0.01517	0.01213	0.01429	0.01025	0.01629	0.00918	0.00822	0.01819	0.01451	0.06395	0.01304	0.01473	0.01054	0.00527	0.00517	0.00108	0.00511	0.00422	0.00432	0.75434
12	0.02392	0.02947	0.01959	0.04192	0.06314	0.60624	0.01366	0.02739	0.07679	0.01810	0.01222	0.01391	0.00996	0.00717	0.00629	0.00184	0.01140	0.00484	0.00379	0.00834
13	0.01345	0.08104	0.03763	0.01087	0.01376	0.01191	0.00893	0.11244	0.07134	0.02517	0.27557	0.03593	0.07621	0.07148	0.12055	0.00378	0.00720	0.00925	0.00589	0.00761
14	0.00809	0.00693	0.00693	0.00693	0.00924	0.00578	0.00520	0.00982	0.01559	0.01848	0.06931	0.06584	0.71411	0.01733	0.00809	0.00231	0.00347	0.01444	0.00635	0.00578
15	0.02411	0.01476	0.01647	0.01299	0.01759	0.01559	0.01061	0.39073	0.04410	0.19048	0.02029	0.02005	0.01427	0.00825	0.00644	0.00198	0.00621	0.00641	0.16812	0.01054
16	0.02337	0.02774	0.01831	0.01667	0.02020	0.54843	0.01273	0.06019	0.11225	0.01991	0.01505	0.01901	0.01279	0.00827	0.00655	0.00195	0.01073	0.05313	0.00435	0.00839
17	0.02322	0.01780	0.01750	0.01398	0.01847	0.08580	0.01132	0.49048	0.02727	0.03697	0.01709	0.01791	0.01259	0.00805	0.00635	0.00193	0.00709	0.00604	0.16994	0.01020
18	0.01102	0.00787	0.01102	0.01260	0.01417	0.00787	0.01102	0.01417	0.01575	0.02047	0.03622	0.07717	0.03937	0.01890	0.00945	0.00315	0.00630	0.67084	0.00630	0.00630
19	0.00902	0.00658	0.00928	0.01012	0.01087	0.00691	0.00726	0.01073	0.01208	0.01665	0.02868	0.41314	0.03223	0.05503	0.32982	0.00652	0.01040	0.01382	0.00510	0.00576
20	0.04133	0.01305	0.02039	0.62143	0.06346	0.01586	0.01804	0.08809	0.01559	0.02074	0.01254	0.01777	0.00938	0.00694	0.00675	0.00224	0.00879	0.00601	0.00349	0.00811
21	0.01292	0.01216	0.02052	0.74312	0.04712	0.01520	0.01900	0.01748	0.01368	0.01748	0.01216	0.01824	0.00912	0.00684	0.00684	0.00228	0.00912	0.00608	0.00304	0.00760
22	0.02061	0.01660	0.02382	0.01900	0.04696	0.01739	0.18999	0.24093	0.19946	0.09336	0.04536	0.02122	0.01611	0.00801	0.00724	0.00220	0.00774	0.00736	0.00604	0.01058
23	0.01693	0.01626	0.02777	0.04199	0.71689	0.01626	0.02100	0.02100	0.01558	0.02235	0.01287	0.01693	0.01084	0.00610	0.00677	0.00203	0.00813	0.00610	0.00339	0.01084
24	0.01240	0.00992	0.01297	0.06795	0.01561	0.01170	0.00975	0.01753	0.11388	0.02178	0.15420	0.02953	0.04616	0.01961	0.16645	0.00417	0.14149	0.00809	0.12953	0.00725
25	0.02601	0.01916	0.02053	0.01574	0.02122	0.02122	0.01300	0.69408	0.03217	0.04312	0.01643	0.01643	0.01163	0.00821	0.00684	0.00205	0.00753	0.00616	0.00684	0.01163
26	0.00834	0.00595	0.00794	0.00953	0.00992	0.00556	0.00635	0.00953	0.01310	0.01746	0.03771	0.75510	0.04525	0.02143	0.00873	0.00278	0.00397	0.01945	0.00635	0.00556
27	0.02556	0.03261	0.01939	0.01763	0.02115	0.73210	0.01322	0.02732	0.01939	0.01674	0.01058	0.01234	0.00881	0.00705	0.00617	0.00176	0.01234	0.00441	0.00353	0.00793
28	0.01417	0.03138	0.57302	0.04689	0.05531	0.01609	0.12447	0.02153	0.01471	0.02158	0.01253	0.01526	0.00901	0.00639	0.00676	0.00219	0.01022	0.00558	0.00300	0.00992
29	0.00981	0.00752	0.00906	0.00858	0.01052	0.00703	0.00646	0.01381	0.06647	0.02537	0.51077	0.05285	0.21732	0.01446	0.00800	0.00220	0.00344	0.01254	0.00721	0.00660
30	0.02626	0.01875	0.02028	0.01555	0.02101	0.02060	0.01284	0.65783	0.03148	0.08034	0.01701	0.01680	0.01193	0.00823	0.00685	0.00206	0.00743	0.00620	0.00693	0.01164
31	0.01206	0.01001	0.01520	0.01477	0.01657	0.01090	0.07196	0.01510	0.01487	0.01984	0.03070	0.06080	0.05543	0.01648	0.01153	0.00302	0.13473	0.47382	0.00548	0.00675
32	0.02111	0.31883	0.02500	0.01433	0.01880	0.32736	0.01199	0.05719	0.05964	0.01893	0.03675	0.01574	0.03314	0.00732	0.00567	0.00172	0.00911	0.00497	0.00388	0.00851
33	0.02660	0.01820	0.01994	0.01529	0.02074	0.01979	0.01263	0.60983	0.03056	0.12963	0.01777	0.01730	0.01231	0.00825	0.00685	0.00206	0.00731	0.00625	0.00705	0.01164
34	0.02994	0.01181	0.01585	0.01227	0.01748	0.01044	0.01010	0.03351	0.05716	0.68361	0.02704	0.02341	0.01715	0.00851	0.00688	0.00213	0.00580	0.00693	0.00838	0.01160
35	0.00962	0.00744	0.00811	0.00797	0.01030	0.00654	0.00613	0.01226	0.03921	0.04587	0.14361	0.06192	0.53708	0.01643	0.00810	0.00234	0.00379	0.06040	0.00659	0.00628
36	0.36352	0.04602	0.12136	0.01337	0.01863	0.13236	0.01224	0.12663	0.04262	0.04810	0.01235	0.01351	0.00930	0.00693	0.00547	0.00204	0.00758	0.00464	0.00450	0.00885
37	0.00834	0.00595	0.00794	0.00953	0.00992	0.00556	0.00635	0.00953	0.01310	0.01746	0.03771	0.75510	0.04525	0.02143	0.00873	0.00278	0.00397	0.01945	0.00635	0.00556
38	0.00972	0.00720	0.00772	0.00751	0.00989	0.00609	0.00566	0.01158	0.01596	0.06657	0.10324	0.09624	0.59508	0.01673	0.00804	0.00231	0.00364	0.01405	0.00657	0.00620
39	0.01651	0.01665	0.02837	0.09393	0.39915	0.03713	0.16286	0.02154	0.05302	0.02155	0.01345	0.01755	0.01094	0.00678	0.00835	0.00220	0.07007	0.00655	0.00354	0.00986
40	0.04629	0.03690	0.03912	0.13227	0.24697	0.01455	0.09226	0.04049	0.03894	0.11293	0.01838	0.07432	0.01577	0.00859	0.00710	0.00224	0.00775	0.05110	0.00463	0.00942
41	0.02722	0.01121	0.01498	0.01181	0.01654	0.00997	0.00963	0.03086	0.05728	0.59338	0.11608	0.02702	0.02333	0.00923	0.00704	0.00213	0.00546	0.00764	0.00826	0.01093
42	0.01098	0.00867	0.01167	0.01214	0.07522	0.00772	0.04808	0.01330	0.01597	0.06476	0.11231	0.12340	0.43968	0.01517	0.00795	0.00231	0.00455	0.01314	0.00615	0.00685
43	0.01725	0.26476	0.36492	0.01794	0.07219	0.04362	0.01889	0.04578	0.01545	0.06222	0.01240	0.01403	0.00946	0.00646	0.00587	0.00191	0.00881	0.00481	0.00343	0.00981
44	0.10426	0.03633	0.08853	0.03534	0.01969	0.06222	0.01213	0.10728	0.01926	0.39613	0.02073	0.03686	0.01420	0.00813	0.00650	0.00209	0.00695	0.00632	0.00659	0.01047
45	0.80789	0.01323	0.01006	0.00900	0.01323	0.01535	0.00741	0.02011	0.01164	0.03070	0.00953	0.01111	0.00741	0.00635	0.00423	0.00212	0.00529	0.00370	0.00423	0.00741
46	0.01335	0.00782	0.01022	0.00915	0.01146	0.00706	0.00703	0.01639	0.01920	0.15084	0.55547	0.04695	0.09169	0.01318	0.00786	0.00215	0.00370	0.01151	0.00763	0.00734
47	0.02297	0.02833	0.01967	0.08369	0.04904	0.58146	0.03104	0.02508	0.01812	0.01696	0.01151	0.01502	0.00986	0.04932	0.00791	0.00211	0.01155	0.00503	0.00351	0.00783
48	0.00859	0.00686	0.00769	0.00768	0.00960	0.00596	0.00568	0.01072	0.01649	0.02106	0.25900	0.12652	0.45660	0.01671	0.00814	0.00231	0.00344	0.01429	0.00671	0.00596
49	0.02385	0.01485	0.04176	0.01531	0.06657	0.03859	0.01177	0.10615	0.18782	0.33685	0.06458	0.02357	0.01912	0.00868	0.00692	0.00214	0.00630	0.00713	0.00714	0.01090
50	0.01460	0.09538	0.56561	0.01802	0.02661	0.01665	0.02214	0.02119	0.01434	0.04509	0.01434	0.01631	0.03396	0.00727	0.00749	0.00217	0.06051	0.00539	0.00322	0.00971
51	0.00930	0.00699	0.00864	0.00844	0.01019	0.00633	0.00640	0.01206	0.01794	0.02433	0.48087	0.08143	0.23199	0.01541	0.00818	0.00227	0.00350	0.05239	0.00711	0.00624
52	0.00980	0.00723	0.01048	0.01048	0.01152	0.00827	0.00791	0.01188	0.01084	0.01550	0.01880	0.02950	0.01824	0.15519	0.63013	0.01036	0.01661	0.00771	0.00374	0.00582
53	0.00960	0.00699	0.00902	0.00852	0.01017	0.00642	0.00639	0.01274	0.01916	0.02694	0.67795	0.05191	0.10019	0.01417	0.00807	0.00216	0.00324	0.01249	0.00747	0.00642
54	0.01829	0.76368	0.03585	0.01171	0.01756	0.02707	0.01171	0.02049	0.01390	0.01610	0.00951	0.01097	0.00878	0.00585	0.00439	0.00146	0.00732	0.00366	0.00293	0.00878
55	0.01702	0.01470	0.01547	0.01392	0.01779	0.01702	0.01083	0.03635	0.70453	0.02862	0.02785	0.02553	0.02088	0.00928	0.00696	0.00232	0.00541	0.00773	0.00696	0.01083
56	0.00968	0.00699	0.00914	0.00861	0.01022	0.00646	0.00646	0.01291	0.01937	0.02743	0.71328	0.05110	0.06455	0.01399	0.00807	0.00215	0.00323	0.01237	0.00753	0.00646
57	0.80789	0.01323	0.01006	0.00900	0.01323	0.01535	0.00741	0.02011	0.01164	0.03070	0.00953	0.01111	0.00741	0.00635	0.00423	0.00212	0.00529	0.00370	0.00423	0.00741
58	0.01431	0.01268	0.01715	0.04458	0.18786	0.01080	0.01143	0.01759	0.01478	0.02211	0.04146	0.01921	0.05091	0.00639	0.00583	0.00142	0.00581	0.00550	0.00411	0.50608
59	0.01706	0.01207	0.01448	0.01049	0.01643	0.00928	0.00845	0.02003	0.01512	0.14388	0.01474	0.01577	0.01132	0.00566	0.00538	0.00121	0.00520	0.00454	0.00482	0.66408
60	0.01404	0.07085	0.66467	0.01946	0.02924	0.01649	0.04932	0.02162	0.01448	0.02140	0.01220	0.01442	0.00874	0.00644	0.00645	0.00214	0.01003	0.00510	0.00291	0.01001
61	0.01727	0.01631	0.02709	0.04009	0.66803	0.01646	0.02036	0.04621	0.03918	0.02332	0.01350	0.01720	0.01120	0.00628	0.00678	0.00204	0.00802	0.00615	0.00363	0.01087
62	0.00977	0.00733	0.01100	0.01100	0.01222	0.00855	0.00855	0.01222	0.01100	0.01588	0.01833	0.02688	0.01710	0.05131	0.73245	0.01100	0.01833	0.00733	0.00367	0.00611
63	0.01597	0.01966	0.08905	0.02817	0.03532	0.01720	0.64457	0.02190	0.01603	0.02190	0.01373	0.01817	0.01026	0.00582	0.00796	0.00230	0.01143	0.00786	0.00342	0.00929
64	0.02496	0.06581	0.21706	0.01434	0.02103	0.01316	0.01456	0.05263	0.01822	0.45589	0.02137	0.01978	0.01390	0.00774	0.00662	0.00209	0.00719	0.00614	0.00649	0.01103
65	0.01523	0.01428	0.02412	0.17632	0.49136	0.01501	0.01902	0.01919	0.01473	0.02066	0.01396	0.01994	0.01196	0.01131	0.08238	0.00305	0.00933	0.02513	0.00343	0.00958
66	0.00834	0.00595	0.00794	0.00953	0.00992	0.00556	0.00635	0.00953	0.01310	0.01746	0.03771	0.75510	0.04525	0.02143	0.00873	0.00278	0.00397	0.01945	0.00635	0.00556
67	0.01771	0.01944	0.16077	0.02580	0.24259	0.01571	0.11732	0.14012	0.01836	0.06697	0.01701	0.09547	0.01451	0.00827	0.00714	0.00219	0.00833	0.00766	0.00453	0.01009
68	0.13467	0.06407	0.16435	0.03848	0.11591	0.01667	0.09309	0.14022	0.01804	0.11201	0.01504	0.03185	0.01130	0.00717	0.00642	0.00211	0.00801	0.00601	0.00467	0.00993
69	0.00993	0.00747	0.00863	0.05999	0.01247	0.00673	0.00659	0.01184	0.01535	0.06030	0.07909	0.13142	0.50440	0.04404	0.00899	0.00250	0.00417	0.01369	0.00620	0.00619
70	0.00985	0.00659	0.00749	0.00758	0.00761	0.00657	0.00428	0.00992	0.01014	0.01352	0.02252	0.08709	0.02609	0.71559	0.03327	0.00640	0.00647	0.01051	0.00428	0.00423
71	0.01419	0.01216	0.01419	0.01013	0.01621	0.00912	0.00811	0.01723	0.01419	0.02229	0.01216	0.01419	0.01013	0.00507	0.00507	0.00101	0.00507	0.00405	0.00405	0.80139
72	0.18963	0.09329	0.19557	0.01779	0.05778	0.16156	0.07361	0.05949	0.01577	0.02311	0.01131	0.01358	0.00887	0.00680	0.00671	0.00205	0.04565	0.00492	0.00361	0.00888
73	0.00933	0.00673	0.00814	0.00839	0.00943	0.00645	0.00582	0.01088	0.01367	0.01833	0.14784	0.17985	0.17754	0.22928	0.08752	0.00445	0.00596	0.03289	0.03204	0.00546

[dist]
# distance from previous block
# <min> <max>
0	1

[block]
# block no. 2 follows, 31 sequences, length 40
# corresponding to MSA columns:
# 245,246,266-303
name=unknown_C
#
# <colnr> <probs for GDERKNQSTAVLIFYWHMCP>
#	G	D	E	R	K	N	Q	S	T	A	V	L	I	F	Y	W	H	M	C	P
0	0.05014	0.04382	0.05094	0.03618	0.56454	0.09452	0.01943	0.02165	0.01574	0.02185	0.01235	0.01591	0.01033	0.00622	0.00651	0.00199	0.00851	0.00570	0.00340	0.01029
1	0.00854	0.00695	0.00755	0.00740	0.00952	0.00597	0.00555	0.01069	0.01666	0.02101	0.25084	0.06169	0.53100	0.01638	0.00808	0.00227	0.00340	0.01386	0.00669	0.00597
2	0.01564	0.01330	0.01470	0.01387	0.03983	0.01501	0.01035	0.03144	0.55297	0.02819	0.15584	0.03003	0.02873	0.01006	0.00716	0.00228	0.00510	0.00855	0.00695	0.01001
3	0.00968	0.00699	0.00914	0.00861	0.01022	0.00646	0.00646	0.01291	0.01937	0.02743	0.71328	0.05110	0.06455	0.01399	0.00807	0.00215	0.00323	0.01237	0.00753	0.00646
4	0.02932	0.01239	0.01657	0.05033	0.01936	0.01140	0.01080	0.09616	0.02049	0.61985	0.02521	0.02236	0.01602	0.00836	0.00687	0.00212	0.00616	0.00677	0.00803	0.01143
5	0.01840	0.01754	0.02651	0.03779	0.60251	0.05972	0.01970	0.09165	0.01754	0.02418	0.01310	0.01660	0.01080	0.00637	0.00674	0.00202	0.00832	0.00600	0.00376	0.01075
6	0.01693	0.01626	0.02777	0.04199	0.71689	0.01626	0.02100	0.02100	0.01558	0.02235	0.01287	0.01693	0.01084	0.00610	0.00677	0.00203	0.00813	0.00610	0.00339	0.01084
7	0.03070	0.01164	0.01588	0.01217	0.01746	0.01006	0.01006	0.03334	0.01958	0.72163	0.02699	0.02329	0.01694	0.00847	0.00688	0.00212	0.00582	0.00688	0.00847	0.01164
8	0.01829	0.76368	0.03585	0.01171	0.01756	0.02707	0.01171	0.02049	0.01390	0.01610	0.00951	0.01097	0.00878	0.00585	0.00439	0.00146	0.00732	0.00366	0.00293	0.00878
9	0.02655	0.01829	0.01999	0.01533	0.02078	0.01992	0.01266	0.61719	0.03070	0.12207	0.01765	0.01722	0.01225	0.00824	0.00685	0.00206	0.00733	0.00624	0.00703	0.01164
10	0.01486	0.01282	0.01487	0.01566	0.09193	0.01416	0.01073	0.02816	0.46090	0.02531	0.03162	0.13733	0.08923	0.01151	0.00731	0.00236	0.00531	0.00994	0.00642	0.00956
11	0.00982	0.00716	0.01015	0.01015	0.01108	0.00809	0.00749	0.01167	0.01074	0.01525	0.01910	0.03117	0.01897	0.22129	0.56503	0.00995	0.01552	0.00796	0.00378	0.00564
12	0.01459	0.01197	0.01407	0.01019	0.01608	0.00905	0.00812	0.01756	0.01434	0.04614	0.01339	0.03547	0.01136	0.00565	0.00523	0.00110	0.00506	0.00459	0.00427	0.75178
13	0.00856	0.00691	0.00722	0.00714	0.00931	0.00590	0.00536	0.01058	0.01607	0.02013	0.15877	0.06161	0.58468	0.01636	0.00791	0.00225	0.00342	0.01372	0.04820	0.00590
14	0.00968	0.00699	0.00914	0.00861	0.01022	0.00646	0.00646	0.01291	0.01937	0.02743	0.71328	0.05110	0.06455	0.01399	0.00807	0.00215	0.00323	0.01237	0.00753	0.00646
15	0.11114	0.01852	0.01939	0.01501	0.02035	0.02058	0.01239	0.62069	0.02993	0.04176	0.01567	0.01585	0.01117	0.00801	0.00656	0.00206	0.00728	0.00589	0.00656	0.01117
16	0.02983	0.01142	0.01557	0.01207	0.01717	0.00988	0.00991	0.03242	0.01933	0.69445	0.02740	0.05153	0.01803	0.00897	0.00695	0.00214	0.00575	0.00737	0.00839	0.01141
17	0.03070	0.01164	0.01588	0.01217	0.01746	0.01006	0.01006	0.03334	0.01958	0.72163	0.02699	0.02329	0.01694	0.00847	0.00688	0.00212	0.00582	0.00688	0.00847	0.01164
18	0.02601	0.01916	0.02053	0.01574	0.02122	0.02122	0.01300	0.69408	0.03217	0.04312	0.01643	0.01643	0.01163	0.00821	0.00684	0.00205	0.00753	0.00616	0.00684	0.01163
19	0.00809	0.00693	0.00693	0.00693	0.00924	0.00578	0.00520	0.00982	0.01559	0.01848	0.06931	0.06584	0.71411	0.01733	0.00809	0.00231	0.00347	0.01444	0.00635	0.00578
20	0.01314	0.00658	0.00686	0.00670	0.00842	0.00650	0.00506	0.01631	0.01483	0.04809	0.06558	0.02703	0.02045	0.00836	0.00506	0.00165	0.00328	0.00677	0.72280	0.00655
21	0.03070	0.01164	0.01588	0.01217	0.01746	0.01006	0.01006	0.03334	0.01958	0.72163	0.02699	0.02329	0.01694	0.00847	0.00688	0.00212	0.00582	0.00688	0.00847	0.01164
22	0.01693	0.01626	0.02777	0.04199	0.71689	0.01626	0.02100	0.02100	0.01558	0.02235	0.01287	0.01693	0.01084	0.00610	0.00677	0.00203	0.00813	0.00610	0.00339	0.01084
23	0.00968	0.00699	0.00914	0.00861	0.01022	0.00646	0.00646	0.01291	0.01937	0.02743	0.71328	0.05110	0.06455	0.01399	0.00807	0.00215	0.00323	0.01237	0.00753	0.00646
24	0.02016	0.01501	0.01624	0.01352	0.01775	0.01652	0.01081	0.30256	0.27504	0.07004	0.06110	0.04313	0.06120	0.00978	0.00700	0.00218	0.00596	0.00792	0.03366	0.01040
25	0.01292	0.01216	0.02052	0.74312	0.04712	0.01520	0.01900	0.01748	0.01368	0.01748	0.01216	0.01824	0.00912	0.00684	0.00684	0.00228	0.00912	0.00608	0.00304	0.00760
26	0.01829	0.76368	0.03585	0.01171	0.01756	0.02707	0.01171	0.02049	0.01390	0.01610	0.00951	0.01097	0.00878	0.00585	0.00439	0.00146	0.00732	0.00366	0.00293	0.00878
27	0.01332	0.01270	0.01797	0.07773	0.01876	0.01644	0.03265	0.01576	0.02960	0.01774	0.06203	0.02547	0.09078	0.05228	0.04749	0.00328	0.44732	0.00768	0.00385	0.00715
28	0.02858	0.01133	0.01501	0.01167	0.01656	0.01005	0.00959	0.05472	0.01945	0.62193	0.02611	0.02329	0.01681	0.00840	0.00665	0.00206	0.00559	0.00680	0.09433	0.01107
29	0.00831	0.00607	0.00782	0.00922	0.00984	0.00558	0.00621	0.00956	0.01339	0.01758	0.04144	0.67360	0.12434	0.02095	0.00866	0.00272	0.00391	0.01886	0.00635	0.00558
30	0.05660	0.01498	0.02533	0.25088	0.44277	0.01595	0.05504	0.01994	0.01483	0.02129	0.01253	0.01711	0.01012	0.00632	0.00673	0.00213	0.00846	0.00607	0.00333	0.00960
31	0.04926	0.00903	0.01155	0.01007	0.01299	0.00842	0.00784	0.02062	0.05222	0.24731	0.39045	0.08392	0.04375	0.01216	0.00752	0.00219	0.00429	0.01050	0.00759	0.00830
32	0.01176	0.00599	0.00882	0.00882	0.00882	0.00599	0.00583	0.00898	0.00898	0.01197	0.01250	0.02231	0.01271	0.07031	0.02725	0.75070	0.00599	0.00620	0.00305	0.00305
33	0.04879	0.04042	0.05466	0.08673	0.24304	0.03660	0.21470	0.04945	0.07258	0.02295	0.01706	0.02005	0.04745	0.00703	0.00704	0.00216	0.00877	0.00698	0.00397	0.00956
34	0.01012	0.00666	0.00761	0.00761	0.00778	0.00673	0.00445	0.01046	0.01029	0.01420	0.02141	0.04248	0.02394	0.66953	0.07478	0.00658	0.00712	0.00957	0.05431	0.00440
35	0.04700	0.01460	0.05725	0.27283	0.10852	0.01435	0.06081	0.03925	0.05826	0.02160	0.01395	0.03648	0.01130	0.00699	0.00694	0.00199	0.03072	0.00607	0.00382	0.18727
36	0.01426	0.12087	0.64333	0.01858	0.02820	0.01720	0.02368	0.02153	0.01438	0.02101	0.01195	0.01404	0.00868	0.00642	0.00625	0.00208	0.00978	0.00489	0.00289	0.00995
37	0.45998	0.03612	0.05130	0.03400	0.01546	0.04177	0.00919	0.03661	0.05373	0.02732	0.07982	0.05582	0.05794	0.00869	0.00555	0.00215	0.00572	0.00638	0.00481	0.00765
38	0.01370	0.09273	0.03348	0.01584	0.12201	0.01251	0.01071	0.08843	0.06745	0.02283	0.08904	0.30054	0.05119	0.01338	0.00737	0.00227	0.00556	0.01175	0.00557	0.03363
39	0.01693	0.13945	0.25363	0.01780	0.06129	0.15613	0.06633	0.02137	0.01608	0.04062	0.06403	0.02032	0.06288	0.00773	0.00644	0.00196	0.00892	0.00619	0.00384	0.02805

[dist]
# distance from previous block
# <min> <max>
0	4

[block]
# block no. 3 follows, 31 sequences, length 20
# corresponding to MSA columns:
# 308-327
name=unknown_D
#
# <colnr> <probs for GDERKNQSTAVLIFYWHMCP>
#	G	D	E	R	K	N	Q	S	T	A	V	L	I	F	Y	W	H	M	C	P
0	0.07856	0.10292	0.22068	0.01896	0.10011	0.01734	0.04929	0.07742	0.03528	0.06950	0.03544	0.01655	0.01191	0.00754	0.00821	0.00213	0.09849	0.00566	0.00410	0.03992
1	0.05343	0.07733	0.05982	0.04226	0.04409	0.10886	0.01211	0.18930	0.12813	0.02698	0.05618	0.07682	0.07660	0.00976	0.00674	0.00211	0.00712	0.00778	0.00546	0.00914
2	0.08097	0.11734	0.25769	0.02026	0.13131	0.04815	0.05022	0.10126	0.01720	0.06156	0.04229	0.01646	0.01213	0.00695	0.00628	0.00203	0.00841	0.00558	0.00409	0.00981
3	0.01040	0.00714	0.00921	0.00907	0.00951	0.00778	0.00614	0.01108	0.01038	0.01459	0.01922	0.03516	0.02039	0.41741	0.24298	0.07646	0.04280	0.00849	0.03691	0.00488
4	0.80789	0.01323	0.01006	0.00900	0.01323	0.01535	0.00741	0.02011	0.01164	0.03070	0.00953	0.01111	0.00741	0.00635	0.00423	0.00212	0.00529	0.00370	0.00423	0.00741
5	0.02601	0.01916	0.02053	0.01574	0.02122	0.02122	0.01300	0.69408	0.03217	0.04312	0.01643	0.01643	0.01163	0.00821	0.00684	0.00205	0.00753	0.00616	0.00684	0.01163
6	0.80789	0.01323	0.01006	0.00900	0.01323	0.01535	0.00741	0.02011	0.01164	0.03070	0.00953	0.01111	0.00741	0.00635	0.00423	0.00212	0.00529	0.00370	0.00423	0.00741
7	0.00977	0.00733	0.01100	0.01100	0.01222	0.00855	0.00855	0.01222	0.01100	0.01588	0.01833	0.02688	0.01710	0.05131	0.73245	0.01100	0.01833	0.00733	0.00367	0.00611
8	0.01419	0.01216	0.01419	0.01013	0.01621	0.00912	0.00811	0.01723	0.01419	0.02229	0.01216	0.01419	0.01013	0.00507	0.00507	0.00101	0.00507	0.00405	0.00405	0.80139
9	0.38989	0.02204	0.01496	0.01334	0.01733	0.32586	0.01041	0.06631	0.04283	0.02536	0.01112	0.01253	0.00880	0.00688	0.00534	0.00197	0.00849	0.00432	0.00420	0.00803
10	0.01829	0.76368	0.03585	0.01171	0.01756	0.02707	0.01171	0.02049	0.01390	0.01610	0.00951	0.01097	0.00878	0.00585	0.00439	0.00146	0.00732	0.00366	0.00293	0.00878
11	0.01419	0.01216	0.01419	0.01013	0.01621	0.00912	0.00811	0.01723	0.01419	0.02229	0.01216	0.01419	0.01013	0.00507	0.00507	0.00101	0.00507	0.00405	0.00405	0.80139
12	0.01194	0.06377	0.08313	0.01073	0.01364	0.03095	0.00937	0.01567	0.03897	0.04751	0.36267	0.12994	0.08682	0.01355	0.00769	0.00225	0.00493	0.05293	0.00634	0.00718
13	0.01702	0.01470	0.01547	0.01392	0.01779	0.01702	0.01083	0.03635	0.70453	0.02862	0.02785	0.02553	0.02088	0.00928	0.00696	0.00232	0.00541	0.00773	0.00696	0.01083
14	0.01662	0.01612	0.02808	0.08747	0.62974	0.01625	0.06314	0.02082	0.01549	0.02200	0.01288	0.01711	0.01069	0.00612	0.00686	0.00207	0.00841	0.00622	0.00337	0.01052
15	0.01802	0.01632	0.02447	0.14567	0.45309	0.04717	0.01864	0.08264	0.05632	0.05007	0.01437	0.01762	0.01136	0.00672	0.00678	0.00208	0.00817	0.00615	0.00405	0.01031
16	0.01053	0.00645	0.00806	0.00806	0.00811	0.00651	0.00488	0.00974	0.00968	0.01296	0.01849	0.03673	0.02060	0.50596	0.06299	0.24706	0.00694	0.00862	0.00377	0.00388
17	0.00861	0.00621	0.00822	0.00973	0.01035	0.00582	0.00680	0.01004	0.01350	0.01784	0.03908	0.64893	0.07703	0.02096	0.00878	0.00280	0.00419	0.08913	0.00635	0.00565
18	0.09810	0.01438	0.01831	0.06893	0.02116	0.01541	0.08015	0.23264	0.10298	0.10625	0.04025	0.06757	0.01832	0.03051	0.00783	0.00239	0.00695	0.05233	0.00603	0.00950
19	0.07430	0.10349	0.30874	0.01898	0.09768	0.09927	0.01799	0.06010	0.04606	0.09082	0.01399	0.01532	0.01033	0.00685	0.00619	0.00202	0.00876	0.00520	0.00405	0.00987

[dist]
# distance from previous block
# <min> <max>
0	1

[block]
# block no. 4 follows, 31 sequences, length 24
# corresponding to MSA columns:
# 329-352
name=unknown_E
#
# <colnr> <probs for GDERKNQSTAVLIFYWHMCP>
#	G	D	E	R	K	N	Q	S	T	A	V	L	I	F	Y	W	H	M	C	P
0	0.00938	0.00707	0.00852	0.03479	0.01110	0.00661	0.00648	0.01163	0.01571	0.02089	0.24069	0.11198	0.28655	0.08465	0.03110	0.00296	0.00451	0.05148	0.04797	0.00594
1	0.01833	0.68671	0.07722	0.01245	0.01846	0.05765	0.01260	0.02086	0.01418	0.01647	0.00973	0.01125	0.00877	0.00595	0.00460	0.00152	0.00771	0.00378	0.00295	0.00882
2	0.03450	0.01381	0.03578	0.03666	0.04528	0.05435	0.08050	0.03954	0.01480	0.02119	0.01755	0.14256	0.01716	0.01118	0.03962	0.00228	0.04800	0.02961	0.00436	0.31128
3	0.00916	0.00684	0.00852	0.00838	0.00997	0.00619	0.00618	0.01180	0.01772	0.02419	0.48587	0.15013	0.19846	0.01570	0.00816	0.00227	0.00338	0.01377	0.00712	0.00619
4	0.00995	0.00663	0.00746	0.00746	0.00746	0.00663	0.00415	0.00995	0.00995	0.01327	0.02156	0.04477	0.02487	0.75957	0.03482	0.00663	0.00663	0.00995	0.00415	0.00415
5	0.80789	0.01323	0.01006	0.00900	0.01323	0.01535	0.00741	0.02011	0.01164	0.03070	0.00953	0.01111	0.00741	0.00635	0.00423	0.00212	0.00529	0.00370	0.00423	0.00741
6	0.00991	0.00679	0.00827	0.00827	0.00855	0.00707	0.00516	0.01047	0.01019	0.01387	0.02081	0.04066	0.02309	0.59688	0.19507	0.00763	0.00932	0.00935	0.00404	0.00460
7	0.01532	0.01283	0.01479	0.01067	0.01669	0.01028	0.00858	0.08209	0.01591	0.02429	0.01257	0.01440	0.01028	0.00537	0.00524	0.00111	0.00530	0.00426	0.00432	0.72570
8	0.01523	0.01518	0.02797	0.26510	0.03492	0.01636	0.30036	0.07686	0.01600	0.02146	0.01487	0.07276	0.01254	0.00802	0.00880	0.00237	0.07102	0.00791	0.00379	0.00847
9	0.00849	0.00639	0.00790	0.00893	0.00999	0.00580	0.00630	0.01006	0.01430	0.01850	0.08602	0.48652	0.23026	0.01973	0.00855	0.00263	0.00392	0.05359	0.00642	0.00571
10	0.00968	0.00699	0.00914	0.00861	0.01022	0.00646	0.00646	0.01291	0.01937	0.02743	0.71328	0.05110	0.06455	0.01399	0.00807	0.00215	0.00323	0.01237	0.00753	0.00646
