[name]
unknown

[dist]
# distance from previous block
# <min> <max>
0	31

[block]
# block no. 0 follows, 30 sequences, length 18
# corresponding to MSA columns:
# 31-48
name=unknown_A
#
# <colnr> <probs for GDERKNQSTAVLIFYWHMCP>
#	G	D	E	R	K	N	Q	S	T	A	V	L	I	F	Y	W	H	M	C	P
0	0.01124	0.00803	0.01124	0.01285	0.01446	0.00803	0.01124	0.01446	0.01606	0.02088	0.03695	0.07871	0.04016	0.01928	0.00964	0.00321	0.00643	0.66426	0.00643	0.00643
1	0.01400	0.03610	0.71860	0.01989	0.03020	0.01621	0.02578	0.02210	0.01473	0.02210	0.01252	0.01473	0.00884	0.00663	0.00663	0.00221	0.01031	0.00516	0.00295	0.01031
2	0.00987	0.00665	0.00769	0.00797	0.00804	0.00658	0.00461	0.01007	0.01070	0.01426	0.02480	0.16577	0.02891	0.62982	0.03098	0.00610	0.00630	0.01180	0.00461	0.00447
3	0.01447	0.01240	0.01447	0.01034	0.01654	0.00930	0.00827	0.01757	0.01447	0.02274	0.01240	0.01447	0.01034	0.00517	0.00517	0.00103	0.00517	0.00413	0.00413	0.79742
4	0.06053	0.08656	0.02166	0.01706	0.01913	0.22310	0.01395	0.05528	0.01480	0.01901	0.01010	0.01401	0.00915	0.00973	0.01472	0.00246	0.39185	0.00532	0.00347	0.00810
5	0.00854	0.00628	0.00801	0.00927	0.01003	0.00575	0.00631	0.00995	0.01409	0.01853	0.08017	0.60923	0.14662	0.02082	0.00877	0.00273	0.00393	0.01867	0.00654	0.00575
6	0.80405	0.01350	0.01026	0.00918	0.01350	0.01565	0.00756	0.02051	0.01188	0.03131	0.00972	0.01134	0.00756	0.00648	0.00432	0.00216	0.00540	0.00378	0.00432	0.00756
7	0.01697	0.05910	0.20843	0.06787	0.21299	0.05385	0.21167	0.02239	0.01591	0.04494	0.01341	0.01682	0.01025	0.00639	0.00707	0.00216	0.00996	0.00634	0.00348	0.00998
8	0.01670	0.01766	0.02116	0.01827	0.01875	0.11519	0.01503	0.01827	0.01190	0.01683	0.00938	0.01491	0.00914	0.01155	0.02069	0.00289	0.64497	0.00589	0.00313	0.00769
9	0.01301	0.00650	0.00650	0.00650	0.00813	0.00650	0.00488	0.01626	0.01463	0.02602	0.02276	0.02602	0.01789	0.00813	0.00488	0.00163	0.00325	0.00650	0.79350	0.00650
10	0.02482	0.02006	0.02067	0.01724	0.05163	0.09113	0.01342	0.52933	0.02866	0.03768	0.01578	0.01738	0.01191	0.03685	0.00888	0.00230	0.04894	0.00624	0.00616	0.01093
11	0.01496	0.06696	0.35563	0.05135	0.08757	0.05274	0.11549	0.02082	0.01498	0.02079	0.01426	0.01952	0.01158	0.01168	0.07969	0.00312	0.01093	0.03521	0.00335	0.00937
12	0.08938	0.01885	0.07995	0.07926	0.18438	0.06602	0.06482	0.16721	0.01962	0.09928	0.01487	0.01684	0.01103	0.00704	0.00665	0.00207	0.00829	0.00593	0.00482	0.05370
13	0.02074	0.04977	0.05266	0.01491	0.01943	0.09673	0.01231	0.26360	0.25542	0.03074	0.02001	0.02152	0.01564	0.06300	0.02991	0.00274	0.00786	0.00678	0.00599	0.01026
14	0.01301	0.00650	0.00650	0.00650	0.00813	0.00650	0.00488	0.01626	0.01463	0.02602	0.02276	0.02602	0.01789	0.00813	0.00488	0.00163	0.00325	0.00650	0.79350	0.00650
15	0.02452	0.03046	0.02081	0.02076	0.09816	0.61078	0.01446	0.02657	0.01887	0.01770	0.01096	0.01325	0.00923	0.00735	0.00723	0.00189	0.05029	0.00477	0.00355	0.00840
16	0.01568	0.01512	0.02624	0.30546	0.42235	0.01623	0.05769	0.02011	0.01519	0.02089	0.01291	0.01786	0.01036	0.00649	0.00701	0.00218	0.00887	0.00632	0.00332	0.00971
17	0.00850	0.00607	0.00810	0.00972	0.01012	0.00567	0.00648	0.00972	0.01336	0.01781	0.03846	0.75020	0.04615	0.02186	0.00891	0.00283	0.00405	0.01984	0.00648	0.00567

[dist]
# distance from previous block
# <min> <max>
0	19

[block]
# block no. 1 follows, 30 sequences, length 7
# corresponding to MSA columns:
# 68-74
name=unknown_B
#
# <colnr> <probs for GDERKNQSTAVLIFYWHMCP>
#	G	D	E	R	K	N	Q	S	T	A	V	L	I	F	Y	W	H	M	C	P
0	0.01737	0.53475	0.20520	0.01498	0.02209	0.02418	0.05705	0.02128	0.01446	0.01819	0.01067	0.01254	0.00903	0.00613	0.00524	0.00172	0.00843	0.00436	0.00301	0.00932
1	0.00964	0.00665	0.00789	0.00828	0.00857	0.00655	0.00506	0.01015	0.01128	0.01499	0.02834	0.21973	0.06448	0.50140	0.06239	0.00580	0.00653	0.01264	0.00487	0.00477
2	0.00850	0.00607	0.00810	0.00972	0.01012	0.00567	0.00648	0.00972	0.01336	0.01781	0.03846	0.75020	0.04615	0.02186	0.00891	0.00283	0.00405	0.01984	0.00648	0.00567
3	0.01368	0.01153	0.01304	0.00988	0.01510	0.00922	0.00785	0.05718	0.01596	0.02309	0.02706	0.02762	0.18273	0.00845	0.00604	0.00143	0.00492	0.00688	0.00489	0.55345
4	0.01343	0.00991	0.01159	0.01109	0.01331	0.01005	0.00847	0.17808	0.01935	0.02558	0.09925	0.29301	0.13903	0.04443	0.00936	0.00271	0.00518	0.09219	0.00662	0.00735
5	0.01660	0.01548	0.02556	0.25619	0.46168	0.01657	0.02026	0.06319	0.01638	0.02262	0.01314	0.01765	0.01056	0.00659	0.00693	0.00215	0.00856	0.00622	0.00357	0.01008
6	0.01623	0.01311	0.00978	0.00934	0.01145	0.18428	0.00700	0.01912	0.01590	0.02381	0.01981	0.02270	0.01569	0.00790	0.00523	0.00167	0.00556	0.00601	0.59853	0.00690

[dist]
# distance from previous block
# <min> <max>
0	5

[block]
# block no. 2 follows, 30 sequences, length 22
# corresponding to MSA columns:
# 80-101
name=unknown_C
#
# <colnr> <probs for GDERKNQSTAVLIFYWHMCP>
#	G	D	E	R	K	N	Q	S	T	A	V	L	I	F	Y	W	H	M	C	P
0	0.08598	0.58172	0.03131	0.01223	0.01773	0.05829	0.01154	0.02292	0.08738	0.01909	0.01175	0.01286	0.01016	0.00644	0.00483	0.00166	0.00732	0.00422	0.00357	0.00902
1	0.10850	0.01500	0.01625	0.01295	0.01793	0.08849	0.01053	0.10318	0.02053	0.47299	0.04685	0.02153	0.01652	0.00843	0.00670	0.00211	0.00669	0.00653	0.00744	0.01084
2	0.01270	0.00653	0.00662	0.00662	0.00807	0.00653	0.00481	0.01561	0.01415	0.02468	0.02268	0.02812	0.01869	0.08791	0.00815	0.00218	0.00363	0.00689	0.70916	0.00626
3	0.14564	0.08747	0.08388	0.04997	0.18054	0.01683	0.06010	0.09535	0.06350	0.04596	0.01511	0.01732	0.01168	0.00701	0.00613	0.00205	0.00734	0.00580	0.08870	0.00960
4	0.05764	0.04805	0.13891	0.02484	0.23925	0.05953	0.06208	0.09989	0.01821	0.13318	0.01623	0.04317	0.01260	0.00751	0.00680	0.00212	0.00836	0.00648	0.00473	0.01042
5	0.00937	0.00887	0.04893	0.00896	0.01131	0.00704	0.00722	0.01246	0.04169	0.02155	0.22123	0.17749	0.36527	0.01660	0.00822	0.00239	0.00402	0.01428	0.00660	0.00647
6	0.01182	0.00970	0.00942	0.00922	0.00978	0.08397	0.00585	0.01236	0.01133	0.01428	0.02033	0.03958	0.02251	0.57655	0.12920	0.00686	0.00906	0.00917	0.00409	0.00492
7	0.01445	0.00790	0.00805	0.00752	0.00957	0.00812	0.00577	0.08803	0.01658	0.02794	0.02212	0.02503	0.01724	0.00816	0.00510	0.00168	0.00373	0.00648	0.70945	0.00708
8	0.02081	0.04448	0.06821	0.01743	0.04378	0.03941	0.08513	0.22791	0.17216	0.08339	0.01887	0.01956	0.01398	0.00832	0.00799	0.00220	0.05826	0.00668	0.05095	0.01048
9	0.01856	0.36367	0.22626	0.01589	0.03887	0.05553	0.01629	0.10643	0.05816	0.02245	0.01265	0.01400	0.01008	0.00673	0.00571	0.00185	0.00844	0.00480	0.00376	0.00984
10	0.01527	0.01527	0.02137	0.01832	0.01832	0.02137	0.01527	0.01679	0.01069	0.01679	0.00916	0.01527	0.00916	0.01221	0.02290	0.00305	0.74198	0.00611	0.00305	0.00763
11	0.00963	0.00707	0.00850	0.00856	0.00958	0.00706	0.00591	0.01086	0.01222	0.01593	0.03505	0.04835	0.21016	0.35109	0.19765	0.00652	0.00881	0.03697	0.00481	0.00526
12	0.02342	0.02081	0.05083	0.01609	0.02090	0.12675	0.01336	0.34953	0.17511	0.06131	0.01823	0.01828	0.01344	0.00859	0.00780	0.00217	0.05009	0.00634	0.00616	0.01080
13	0.00997	0.00748	0.01121	0.01121	0.01246	0.00872	0.00872	0.01246	0.01121	0.01620	0.01869	0.02741	0.01745	0.05234	0.72710	0.01121	0.01869	0.00748	0.00374	0.00623
14	0.01451	0.07660	0.10144	0.01460	0.03879	0.04850	0.06105	0.02056	0.12575	0.05496	0.13052	0.15881	0.07993	0.01217	0.00752	0.00231	0.00646	0.03144	0.00569	0.00839
15	0.07136	0.04423	0.05543	0.11847	0.13504	0.21678	0.06743	0.08187	0.07464	0.02298	0.01354	0.01618	0.01066	0.00727	0.00718	0.00211	0.03574	0.00574	0.00407	0.00927
16	0.01527	0.01527	0.02137	0.01832	0.01832	0.02137	0.01527	0.01679	0.01069	0.01679	0.00916	0.01527	0.00916	0.01221	0.02290	0.00305	0.74198	0.00611	0.00305	0.00763
17	0.04613	0.04945	0.10612	0.01704	0.02211	0.38188	0.01457	0.19149	0.04118	0.04636	0.01343	0.01453	0.01025	0.00747	0.00644	0.00195	0.01033	0.00515	0.00461	0.00951
18	0.01301	0.00650	0.00650	0.00650	0.00813	0.00650	0.00488	0.01626	0.01463	0.02602	0.02276	0.02602	0.01789	0.00813	0.00488	0.00163	0.00325	0.00650	0.79350	0.00650
19	0.01621	0.04051	0.04517	0.01441	0.08205	0.01184	0.01083	0.02067	0.06275	0.06910	0.01443	0.01607	0.01149	0.00606	0.00607	0.00141	0.02452	0.00486	0.00446	0.53706
20	0.10835	0.02153	0.12562	0.01697	0.05356	0.09088	0.01456	0.30626	0.06188	0.05817	0.01605	0.03979	0.01235	0.00832	0.00720	0.00216	0.03433	0.00620	0.00547	0.01033
21	0.12945	0.01291	0.01569	0.01211	0.01748	0.01197	0.00997	0.09513	0.01954	0.47825	0.02235	0.02034	0.01465	0.00792	0.00644	0.00202	0.00595	0.00618	0.00738	0.10427

[dist]
# distance from previous block
# <min> <max>
0	2

[block]
# block no. 3 follows, 30 sequences, length 18
# corresponding to MSA columns:
# 104-121
name=unknown_D
#
# <colnr> <probs for GDERKNQSTAVLIFYWHMCP>
#	G	D	E	R	K	N	Q	S	T	A	V	L	I	F	Y	W	H	M	C	P
0	0.01732	0.01696	0.04812	0.10791	0.48481	0.01691	0.05830	0.06622	0.06986	0.02414	0.01452	0.01806	0.01163	0.00668	0.00700	0.00214	0.00840	0.00643	0.00392	0.01065
1	0.01672	0.01602	0.02733	0.13639	0.62197	0.01644	0.02114	0.02093	0.01563	0.02213	0.01303	0.01745	0.01082	0.00632	0.00692	0.00211	0.00843	0.00622	0.00341	0.01061
2	0.02043	0.58562	0.03256	0.01338	0.01879	0.19460	0.01231	0.02256	0.01552	0.01658	0.00996	0.01153	0.00896	0.00626	0.00491	0.00157	0.00869	0.00391	0.00313	0.00875
3	0.01292	0.01206	0.01141	0.01070	0.01252	0.13450	0.00801	0.01549	0.01820	0.02356	0.43625	0.04493	0.08695	0.07946	0.01094	0.00261	0.03367	0.03282	0.00636	0.00663
4	0.01647	0.01882	0.04118	0.02941	0.03647	0.01765	0.68588	0.02235	0.01647	0.02235	0.01412	0.01882	0.01059	0.00588	0.00824	0.00235	0.01176	0.00824	0.00353	0.00941
5	0.00980	0.00713	0.00922	0.00870	0.01038	0.00655	0.00652	0.01302	0.01957	0.02754	0.67688	0.05285	0.09678	0.01443	0.00823	0.00220	0.00330	0.01272	0.00762	0.00655
6	0.01447	0.01240	0.01447	0.01034	0.01654	0.00930	0.00827	0.01757	0.01447	0.02274	0.01240	0.01447	0.01034	0.00517	0.00517	0.00103	0.00517	0.00413	0.00413	0.79742
7	0.01118	0.04053	0.01279	0.01051	0.01292	0.00890	0.05171	0.03830	0.03838	0.02577	0.45381	0.09555	0.14471	0.01400	0.00804	0.00224	0.00433	0.01237	0.00692	0.00703
8	0.01301	0.00650	0.00650	0.00650	0.00813	0.00650	0.00488	0.01626	0.01463	0.02602	0.02276	0.02602	0.01789	0.00813	0.00488	0.00163	0.00325	0.00650	0.79350	0.00650
9	0.01447	0.01240	0.01447	0.01034	0.01654	0.00930	0.00827	0.01757	0.01447	0.02274	0.01240	0.01447	0.01034	0.00517	0.00517	0.00103	0.00517	0.00413	0.00413	0.79742
10	0.00861	0.00622	0.00818	0.00970	0.01027	0.00579	0.00662	0.00994	0.01362	0.01801	0.04023	0.68172	0.08356	0.02151	0.00890	0.00282	0.00412	0.04798	0.00648	0.00571
11	0.01301	0.00650	0.00650	0.00650	0.00813	0.00650	0.00488	0.01626	0.01463	0.02602	0.02276	0.02602	0.01789	0.00813	0.00488	0.00163	0.00325	0.00650	0.79350	0.00650
12	0.24959	0.04741	0.01719	0.03673	0.01942	0.38952	0.01182	0.04700	0.01709	0.02234	0.01214	0.01635	0.01046	0.00783	0.00642	0.00204	0.03270	0.04196	0.00403	0.00797
13	0.02021	0.06504	0.15530	0.01809	0.12184	0.05705	0.01462	0.04617	0.03668	0.22487	0.10727	0.02542	0.05921	0.00886	0.00694	0.00211	0.00722	0.00731	0.00576	0.01001
14	0.01408	0.01199	0.01405	0.01030	0.01612	0.00906	0.00815	0.01705	0.01440	0.02241	0.01412	0.06290	0.01269	0.00627	0.00541	0.00115	0.00509	0.00517	0.00429	0.74530
15	0.00938	0.00711	0.00864	0.00826	0.01012	0.00637	0.00620	0.01222	0.01859	0.02522	0.51498	0.05667	0.26013	0.01530	0.00824	0.00224	0.00337	0.01326	0.00732	0.00637
16	0.01447	0.01240	0.01447	0.01034	0.01654	0.00930	0.00827	0.01757	0.01447	0.02274	0.01240	0.01447	0.01034	0.00517	0.00517	0.00103	0.00517	0.00413	0.00413	0.79742
17	0.13025	0.01349	0.01481	0.01270	0.01650	0.01471	0.03164	0.15551	0.23321	0.04974	0.10796	0.03114	0.08115	0.04318	0.00829	0.00248	0.00580	0.03173	0.00647	0.00924

[dist]
# distance from previous block
# <min> <max>
4	5

[block]
# block no. 4 follows, 30 sequences, length 16
# corresponding to MSA columns:
# 132-142,144-148
name=unknown_E
#
# <colnr> <probs for GDERKNQSTAVLIFYWHMCP>
#	G	D	E	R	K	N	Q	S	T	A	V	L	I	F	Y	W	H	M	C	P
0	0.01444	0.01407	0.06405	0.01101	0.01750	0.00979	0.00950	0.01789	0.01449	0.02269	0.01241	0.01449	0.01023	0.00527	0.00527	0.00112	0.00553	0.00421	0.00405	0.74199
1	0.01866	0.75896	0.03657	0.01194	0.01791	0.02761	0.01194	0.02090	0.01418	0.01642	0.00970	0.01119	0.00896	0.00597	0.00448	0.00149	0.00746	0.00373	0.00299	0.00896
2	0.00919	0.00695	0.00852	0.00892	0.01036	0.00644	0.00657	0.01124	0.01548	0.02032	0.19717	0.22025	0.25482	0.06917	0.06094	0.00342	0.00514	0.07274	0.00640	0.00596
3	0.02583	0.01210	0.01538	0.01245	0.01712	0.01152	0.01005	0.03253	0.17714	0.48477	0.09908	0.02726	0.02330	0.00942	0.00716	0.00221	0.00556	0.00781	0.00818	0.01113
4	0.00988	0.00713	0.00933	0.00878	0.01043	0.00658	0.00658	0.01317	0.01975	0.02798	0.70754	0.05213	0.06584	0.01427	0.00823	0.00219	0.00329	0.01262	0.00768	0.00658
5	0.59793	0.01576	0.01303	0.01109	0.01565	0.05125	0.00908	0.16559	0.01680	0.03337	0.01129	0.01257	0.00856	0.00692	0.00499	0.00213	0.00624	0.00436	0.00486	0.00852
6	0.02063	0.01286	0.02173	0.04131	0.02252	0.01203	0.20102	0.05733	0.01786	0.28710	0.02537	0.18128	0.02189	0.01102	0.00786	0.00240	0.00739	0.03251	0.00638	0.00951
7	0.01527	0.01527	0.02137	0.01832	0.01832	0.02137	0.01527	0.01679	0.01069	0.01679	0.00916	0.01527	0.00916	0.01221	0.02290	0.00305	0.74198	0.00611	0.00305	0.00763
8	0.00877	0.00724	0.00780	0.00808	0.01031	0.00627	0.00634	0.01079	0.01593	0.01921	0.06478	0.06918	0.59127	0.01795	0.00849	0.00251	0.00404	0.12858	0.00647	0.00598
9	0.01866	0.75896	0.03657	0.01194	0.01791	0.02761	0.01194	0.02090	0.01418	0.01642	0.00970	0.01119	0.00896	0.00597	0.00448	0.00149	0.00746	0.00373	0.00299	0.00896
10	0.02243	0.07247	0.02476	0.04670	0.12560	0.33209	0.09568	0.12645	0.04660	0.02311	0.01311	0.01530	0.01041	0.00707	0.00666	0.00197	0.01039	0.00561	0.00416	0.00942
11	0.01686	0.39930	0.08666	0.01640	0.02209	0.04401	0.17482	0.02012	0.01441	0.01793	0.01267	0.01798	0.01154	0.10653	0.00978	0.00247	0.00880	0.00582	0.00330	0.00851
12	0.01301	0.00650	0.00650	0.00650	0.00813	0.00650	0.00488	0.01626	0.01463	0.02602	0.02276	0.02602	0.01789	0.00813	0.00488	0.00163	0.00325	0.00650	0.79350	0.00650
13	0.01647	0.01676	0.03137	0.07631	0.32401	0.01665	0.28395	0.02245	0.06632	0.02271	0.01556	0.02109	0.01269	0.00690	0.00756	0.00227	0.00945	0.03362	0.00385	0.01001
14	0.02617	0.01990	0.06281	0.01598	0.02184	0.02035	0.01377	0.59245	0.03063	0.09935	0.01741	0.01722	0.01214	0.00829	0.00696	0.00211	0.00769	0.00628	0.00688	0.01177
15	0.01852	0.51536	0.16045	0.01531	0.05385	0.02438	0.01508	0.08840	0.01624	0.02055	0.01110	0.01270	0.00933	0.00635	0.00524	0.00171	0.00805	0.00437	0.00340	0.00960

[dist]
# distance from previous block
# <min> <max>
1	7

[block]
# block no. 5 follows, 30 sequences, length 47
# corresponding to MSA columns:
# 156-202
name=unknown_F
#
# <colnr> <probs for GDERKNQSTAVLIFYWHMCP>
#	G	D	E	R	K	N	Q	S	T	A	V	L	I	F	Y	W	H	M	C	P
0	0.01677	0.01593	0.02703	0.04050	0.66332	0.01590	0.02040	0.02085	0.01615	0.02315	0.06059	0.01965	0.01480	0.00677	0.00700	0.00208	0.00795	0.00666	0.00374	0.01075
1	0.06345	0.00754	0.00840	0.00806	0.01020	0.00690	0.00609	0.01229	0.01752	0.02420	0.38012	0.05594	0.34409	0.01523	0.00797	0.00226	0.00354	0.01294	0.00692	0.00635
2	0.01122	0.00782	0.00943	0.00909	0.00979	0.00827	0.00598	0.05706	0.01197	0.01628	0.02080	0.03910	0.02245	0.52715	0.20743	0.00756	0.00983	0.00921	0.00429	0.00525
3	0.02060	0.01509	0.01645	0.01404	0.01842	0.01673	0.01113	0.14900	0.46542	0.12726	0.02766	0.02547	0.04190	0.00943	0.00711	0.00229	0.00589	0.00772	0.00727	0.01113
4	0.02607	0.03326	0.01978	0.01798	0.02157	0.72674	0.01348	0.02787	0.01978	0.01708	0.01079	0.01258	0.00899	0.00719	0.00629	0.00180	0.01258	0.00449	0.00360	0.00809
5	0.01594	0.01569	0.02447	0.35602	0.36975	0.05860	0.02002	0.02018	0.01525	0.02021	0.01266	0.01759	0.01014	0.00662	0.00690	0.00217	0.00901	0.00611	0.00330	0.00938
6	0.01301	0.00650	0.00650	0.00650	0.00813	0.00650	0.00488	0.01626	0.01463	0.02602	0.02276	0.02602	0.01789	0.00813	0.00488	0.00163	0.00325	0.00650	0.79350	0.00650
7	0.02463	0.02056	0.02019	0.01623	0.02100	0.11590	0.01315	0.47732	0.11055	0.03683	0.01688	0.01723	0.01245	0.00859	0.00792	0.00215	0.05490	0.00623	0.00629	0.01099
8	0.01785	0.01142	0.01404	0.03728	0.01598	0.01206	0.00958	0.18270	0.04169	0.13558	0.09290	0.03152	0.02317	0.15442	0.16096	0.00490	0.00899	0.03057	0.00600	0.00841
9	0.06443	0.01622	0.02646	0.08716	0.59859	0.01664	0.02014	0.04597	0.01615	0.02376	0.01301	0.01699	0.01076	0.00637	0.00676	0.00210	0.00816	0.00607	0.00361	0.01065
10	0.50352	0.01776	0.01443	0.01431	0.07601	0.15220	0.01031	0.04601	0.03975	0.05292	0.01178	0.01326	0.00913	0.00684	0.00521	0.00209	0.00713	0.00448	0.00445	0.00839
11	0.01301	0.00650	0.00650	0.00650	0.00813	0.00650	0.00488	0.01626	0.01463	0.02602	0.02276	0.02602	0.01789	0.00813	0.00488	0.00163	0.00325	0.00650	0.79350	0.00650
12	0.01719	0.01653	0.02805	0.04188	0.68431	0.01677	0.02118	0.02124	0.01569	0.02256	0.01297	0.01719	0.01098	0.00645	0.00753	0.00211	0.03679	0.00621	0.00344	0.01092
13	0.01408	0.01502	0.06509	0.13333	0.13090	0.07407	0.03770	0.01967	0.09553	0.02262	0.17041	0.03357	0.13846	0.01040	0.00742	0.00222	0.00693	0.00902	0.00519	0.00836
14	0.01705	0.01635	0.02792	0.08050	0.67529	0.01652	0.02131	0.02122	0.01578	0.02253	0.01309	0.01734	0.01096	0.00626	0.00691	0.00209	0.00834	0.00622	0.00344	0.01087
15	0.01400	0.03610	0.71860	0.01989	0.03020	0.01621	0.02578	0.02210	0.01473	0.02210	0.01252	0.01473	0.00884	0.00663	0.00663	0.00221	0.01031	0.00516	0.00295	0.01031
16	0.00905	0.00675	0.00850	0.00944	0.01065	0.00620	0.00693	0.01098	0.01526	0.01994	0.13969	0.39198	0.20279	0.01943	0.00877	0.00269	0.00418	0.11417	0.00664	0.00596
17	0.00934	0.00706	0.00862	0.00835	0.01013	0.00634	0.00622	0.01209	0.01832	0.02485	0.49142	0.09420	0.24626	0.01564	0.00827	0.00228	0.00340	0.01361	0.00728	0.00634
18	0.01520	0.01317	0.01820	0.06046	0.02108	0.01076	0.09157	0.01873	0.01487	0.04586	0.01312	0.01559	0.01053	0.00549	0.00572	0.00132	0.00627	0.00487	0.00415	0.62305
19	0.00959	0.00694	0.00883	0.00869	0.01004	0.00642	0.00625	0.01216	0.01763	0.02448	0.50035	0.15444	0.10300	0.08688	0.01096	0.00274	0.00375	0.01358	0.00709	0.00618
20	0.01500	0.05593	0.01759	0.07588	0.11645	0.07761	0.03448	0.04465	0.12714	0.02333	0.13732	0.12437	0.07442	0.01119	0.00731	0.00222	0.00649	0.00971	0.03050	0.00842
21	0.01301	0.00650	0.00650	0.00650	0.00813	0.00650	0.00488	0.01626	0.01463	0.02602	0.02276	0.02602	0.01789	0.00813	0.00488	0.00163	0.00325	0.00650	0.79350	0.00650
22	0.16285	0.08472	0.04421	0.08719	0.02224	0.10687	0.01301	0.27481	0.04000	0.03069	0.03405	0.01613	0.01187	0.00782	0.00680	0.00209	0.03443	0.00556	0.00508	0.00957
23	0.01686	0.25256	0.25086	0.01845	0.02564	0.04403	0.16034	0.06124	0.01652	0.02192	0.05782	0.01702	0.01318	0.00689	0.00642	0.00200	0.00920	0.00591	0.00366	0.00947
24	0.01301	0.00650	0.00650	0.00650	0.00813	0.00650	0.00488	0.01626	0.01463	0.02602	0.02276	0.02602	0.01789	0.00813	0.00488	0.00163	0.00325	0.00650	0.79350	0.00650
25	0.15863	0.01730	0.04250	0.06720	0.25043	0.04204	0.01572	0.18725	0.01886	0.02842	0.01360	0.03497	0.01114	0.00784	0.00793	0.00221	0.07354	0.00606	0.00450	0.00987
26	0.01428	0.01169	0.01698	0.09050	0.10325	0.03535	0.07134	0.07186	0.01635	0.05287	0.02653	0.29328	0.02805	0.04297	0.00920	0.00272	0.00685	0.09269	0.00546	0.00778
27	0.02607	0.03326	0.01978	0.01798	0.02157	0.72674	0.01348	0.02787	0.01978	0.01708	0.01079	0.01258	0.00899	0.00719	0.00629	0.00180	0.01258	0.00449	0.00360	0.00809
28	0.01011	0.00692	0.00841	0.00841	0.00868	0.00720	0.00522	0.01066	0.01038	0.01412	0.02126	0.04164	0.02362	0.59988	0.18801	0.00775	0.00940	0.00956	0.00412	0.00467
29	0.01301	0.00650	0.00650	0.00650	0.00813	0.00650	0.00488	0.01626	0.01463	0.02602	0.02276	0.02602	0.01789	0.00813	0.00488	0.00163	0.00325	0.00650	0.79350	0.00650
30	0.00855	0.00615	0.00802	0.00949	0.00999	0.00572	0.00633	0.00975	0.01338	0.01771	0.03959	0.68692	0.08126	0.04897	0.00986	0.00295	0.00412	0.01920	0.00639	0.00563
31	0.01603	0.01532	0.02609	0.25312	0.51062	0.01625	0.02080	0.02033	0.01530	0.02129	0.01291	0.01767	0.01052	0.00645	0.00693	0.00215	0.00860	0.00621	0.00335	0.01005
32	0.01527	0.01527	0.02137	0.01832	0.01832	0.02137	0.01527	0.01679	0.01069	0.01679	0.00916	0.01527	0.00916	0.01221	0.02290	0.00305	0.74198	0.00611	0.00305	0.00763
33	0.01318	0.01240	0.02093	0.73798	0.04806	0.01550	0.01938	0.01783	0.01395	0.01783	0.01240	0.01860	0.00930	0.00698	0.00698	0.00233	0.00930	0.00620	0.00310	0.00775
34	0.01527	0.01527	0.02137	0.01832	0.01832	0.02137	0.01527	0.01679	0.01069	0.01679	0.00916	0.01527	0.00916	0.01221	0.02290	0.00305	0.74198	0.00611	0.00305	0.00763
35	0.01714	0.01294	0.01480	0.01190	0.01686	0.01221	0.00941	0.02636	0.26878	0.10438	0.06757	0.02238	0.01898	0.00778	0.00630	0.00173	0.00526	0.00643	0.00599	0.36279
36	0.01816	0.05741	0.01794	0.01359	0.01774	0.01385	0.08010	0.10245	0.18284	0.13682	0.14981	0.03204	0.09977	0.01032	0.00729	0.00219	0.00592	0.00889	0.03339	0.00947
37	0.01813	0.71396	0.03494	0.01175	0.01746	0.02635	0.01162	0.02043	0.01451	0.01711	0.05147	0.01364	0.01236	0.00647	0.00470	0.00153	0.00721	0.00426	0.00327	0.00881
38	0.01527	0.01527	0.02137	0.01832	0.01832	0.02137	0.01527	0.01679	0.01069	0.01679	0.00916	0.01527	0.00916	0.01221	0.02290	0.00305	0.74198	0.00611	0.00305	0.00763
39	0.04759	0.16119	0.09832	0.01862	0.04929	0.12031	0.15082	0.06429	0.01782	0.16048	0.01596	0.01838	0.01207	0.00729	0.00662	0.00205	0.00901	0.02538	0.00471	0.00978
40	0.01301	0.00650	0.00650	0.00650	0.00813	0.00650	0.00488	0.01626	0.01463	0.02602	0.02276	0.02602	0.01789	0.00813	0.00488	0.00163	0.00325	0.00650	0.79350	0.00650
41	0.06139	0.01814	0.14920	0.07094	0.15464	0.03658	0.12938	0.02032	0.01609	0.07847	0.06337	0.02725	0.12630	0.00884	0.00722	0.00222	0.00804	0.00797	0.00456	0.00909
42	0.65326	0.01332	0.01136	0.03304	0.01511	0.01499	0.00824	0.04403	0.01316	0.05391	0.01173	0.03581	0.00949	0.00705	0.00479	0.00212	0.00557	0.00459	0.00458	0.05387
43	0.04696	0.01527	0.02395	0.07163	0.28704	0.01504	0.09311	0.09257	0.01819	0.15017	0.03728	0.01926	0.01359	0.00705	0.00689	0.00205	0.00774	0.00653	0.00496	0.08070
44	0.04507	0.04422	0.16884	0.01670	0.06797	0.04101	0.01475	0.17230	0.04053	0.12102	0.01927	0.07796	0.01609	0.00917	0.00687	0.00214	0.00751	0.04621	0.00544	0.07691
45	0.13338	0.02025	0.21204	0.01576	0.04557	0.01525	0.01498	0.07514	0.16409	0.20450	0.01971	0.01922	0.01379	0.00784	0.00653	0.00221	0.00720	0.00614	0.00580	0.01061
46	0.13467	0.01551	0.01795	0.03845	0.04431	0.06329	0.05162	0.16006	0.06644	0.23731	0.04326	0.02305	0.03993	0.00869	0.00680	0.00218	0.00702	0.02294	0.00641	0.01013

[dist]
# distance from previous block
# <min> <max>
1	24

[block]
# block no. 6 follows, 30 sequences, length 6
# corresponding to MSA columns:
# 227-232
name=unknown_G
#
# <colnr> <probs for GDERKNQSTAVLIFYWHMCP>
#	G	D	E	R	K	N	Q	S	T	A	V	L	I	F	Y	W	H	M	C	P
0	0.01432	0.01314	0.02001	0.17621	0.24298	0.05079	0.05104	0.01723	0.01474	0.01934	0.02074	0.09625	0.05437	0.01188	0.00978	0.09116	0.00782	0.07616	0.00410	0.00794
1	0.01714	0.01081	0.01553	0.29326	0.02721	0.01154	0.01253	0.02150	0.05821	0.20337	0.06046	0.06799	0.10899	0.01018	0.00721	0.00227	0.00653	0.00869	0.04800	0.00856
2	0.08463	0.00914	0.01131	0.01045	0.01303	0.00869	0.00777	0.02008	0.04266	0.25222	0.07129	0.29466	0.03114	0.09708	0.01075	0.00293	0.00511	0.01219	0.00686	0.00801
3	0.01877	0.16179	0.27129	0.01904	0.05479	0.16013	0.06645	0.07489	0.06807	0.02231	0.01331	0.01507	0.01027	0.00689	0.00636	0.00201	0.00971	0.00532	0.00376	0.00976
4	0.02980	0.01422	0.01746	0.01486	0.05955	0.06590	0.01134	0.07012	0.02045	0.58319	0.02478	0.02212	0.01596	0.00837	0.00695	0.00212	0.00668	0.00674	0.00785	0.01154
5	0.02063	0.00999	0.01464	0.01253	0.01600	0.00894	0.05580	0.02310	0.01730	0.36751	0.06248	0.27417	0.02991	0.01368	0.00792	0.00245	0.00560	0.04085	0.00741	0.00911

[dist]
# distance from previous block
# <min> <max>
0	41

[block]
# block no. 7 follows, 30 sequences, length 32
# corresponding to MSA columns:
# 274-282,284-306
name=unknown_H
#
# <colnr> <probs for GDERKNQSTAVLIFYWHMCP>
#	G	D	E	R	K	N	Q	S	T	A	V	L	I	F	Y	W	H	M	C	P
0	0.04284	0.03633	0.01876	0.17909	0.02543	0.17085	0.05442	0.04104	0.06893	0.06504	0.06716	0.07320	0.01770	0.00866	0.00679	0.00205	0.00815	0.00722	0.00474	0.10162
1	0.13247	0.06439	0.01871	0.03900	0.05437	0.17310	0.04262	0.06004	0.10242	0.08241	0.03985	0.01802	0.01386	0.00744	0.00613	0.00193	0.00768	0.00572	0.03827	0.09156
2	0.16556	0.01622	0.01674	0.01346	0.01828	0.08375	0.03227	0.21165	0.02121	0.15679	0.06596	0.02125	0.01645	0.00834	0.00646	0.00202	0.00691	0.03048	0.00606	0.10014
3	0.01958	0.01987	0.08788	0.05936	0.06874	0.12549	0.03052	0.16271	0.11531	0.05541	0.05434	0.02083	0.03624	0.00831	0.00732	0.00206	0.03124	0.00658	0.00523	0.08297
4	0.03934	0.01469	0.01677	0.01408	0.01788	0.09358	0.07679	0.06762	0.12302	0.07559	0.04257	0.12211	0.08918	0.01255	0.03742	0.00254	0.03277	0.00909	0.00560	0.10681
5	0.01380	0.00929	0.01082	0.00990	0.01196	0.00922	0.00712	0.06190	0.09119	0.08179	0.13060	0.09352	0.08290	0.28020	0.01771	0.00389	0.00557	0.03220	0.00604	0.04036
6	0.01902	0.01756	0.04972	0.15070	0.12455	0.04603	0.21571	0.10113	0.08780	0.09237	0.01656	0.01916	0.01220	0.00712	0.00732	0.00223	0.00916	0.00697	0.00469	0.01001
7	0.02201	0.04710	0.11665	0.03886	0.08723	0.26099	0.01483	0.07396	0.06346	0.12915	0.01953	0.02010	0.05936	0.00815	0.00671	0.00204	0.00914	0.00622	0.00491	0.00960
8	0.00889	0.00692	0.00810	0.00825	0.00992	0.00624	0.00600	0.01092	0.01589	0.02058	0.22002	0.17976	0.35814	0.05037	0.05525	0.00315	0.00466	0.01444	0.00651	0.00598
9	0.01638	0.01854	0.03962	0.02854	0.03505	0.01794	0.63333	0.02192	0.01602	0.02192	0.01373	0.01854	0.01048	0.00638	0.00938	0.00241	0.06899	0.00807	0.00349	0.00927
10	0.80405	0.01350	0.01026	0.00918	0.01350	0.01565	0.00756	0.02051	0.01188	0.03131	0.00972	0.01134	0.00756	0.00648	0.00432	0.00216	0.00540	0.00378	0.00432	0.00756
11	0.07515	0.02234	0.02033	0.01718	0.02155	0.27210	0.09113	0.09510	0.26239	0.02565	0.01798	0.01844	0.01376	0.00792	0.00674	0.00212	0.00899	0.00627	0.00522	0.00964
12	0.01040	0.00759	0.01017	0.01157	0.01308	0.00736	0.00968	0.01310	0.01561	0.02012	0.04176	0.18471	0.13171	0.01947	0.00933	0.00304	0.00565	0.47298	0.00644	0.00623
13	0.02381	0.01793	0.01913	0.01522	0.02026	0.02001	0.01239	0.50714	0.18848	0.03976	0.01974	0.01932	0.01433	0.00862	0.00692	0.00214	0.00699	0.00667	0.03968	0.01145
14	0.01416	0.06208	0.69408	0.01960	0.02976	0.01662	0.02529	0.02206	0.01471	0.02190	0.01242	0.01461	0.00884	0.00661	0.00655	0.00218	0.01021	0.00511	0.00295	0.01026
15	0.01866	0.75896	0.03657	0.01194	0.01791	0.02761	0.01194	0.02090	0.01418	0.01642	0.00970	0.01119	0.00896	0.00597	0.00448	0.00149	0.00746	0.00373	0.00299	0.00896
16	0.01400	0.03610	0.71860	0.01989	0.03020	0.01621	0.02578	0.02210	0.01473	0.02210	0.01252	0.01473	0.00884	0.00663	0.00663	0.00221	0.01031	0.00516	0.00295	0.01031
17	0.03131	0.01188	0.01619	0.01242	0.01781	0.01026	0.01026	0.03401	0.01997	0.71606	0.02753	0.02375	0.01727	0.00864	0.00702	0.00216	0.00594	0.00702	0.00864	0.01188
18	0.00857	0.00610	0.00808	0.00963	0.01002	0.00571	0.00639	0.00973	0.01323	0.01764	0.03779	0.72165	0.04531	0.05157	0.00999	0.00299	0.00416	0.01945	0.00639	0.00561
19	0.03087	0.01259	0.01663	0.01275	0.01817	0.01131	0.01054	0.09470	0.02116	0.65369	0.02653	0.02310	0.01677	0.00861	0.00701	0.00215	0.00610	0.00695	0.00848	0.01188
20	0.01370	0.01303	0.02145	0.60251	0.08553	0.01632	0.01898	0.01792	0.01366	0.01801	0.01203	0.01809	0.00939	0.00760	0.00901	0.00240	0.10312	0.00619	0.00312	0.00794
21	0.03131	0.01188	0.01619	0.01242	0.01781	0.01026	0.01026	0.03401	0.01997	0.71606	0.02753	0.02375	0.01727	0.00864	0.00702	0.00216	0.00594	0.00702	0.00864	0.01188
22	0.00846	0.00623	0.00794	0.00930	0.01001	0.00570	0.00629	0.00976	0.01376	0.01798	0.04355	0.64245	0.15062	0.02120	0.00880	0.00276	0.00397	0.01903	0.00648	0.00570
23	0.02457	0.01404	0.02440	0.01926	0.05842	0.01282	0.22458	0.02834	0.01811	0.41789	0.02201	0.02209	0.01485	0.01036	0.05222	0.00278	0.00869	0.00739	0.00645	0.01070
24	0.01889	0.01054	0.05585	0.01143	0.01473	0.00836	0.00930	0.02121	0.01647	0.32598	0.03337	0.35572	0.05864	0.01491	0.00790	0.00248	0.00525	0.01306	0.00721	0.00870
25	0.02653	0.01955	0.02094	0.01606	0.02164	0.02164	0.01326	0.68796	0.03281	0.04398	0.01675	0.01675	0.01187	0.00838	0.00698	0.00209	0.00768	0.00628	0.00698	0.01187
26	0.00937	0.00688	0.00898	0.01034	0.01145	0.00649	0.00788	0.01134	0.01467	0.01900	0.04312	0.41743	0.15020	0.02033	0.00904	0.00288	0.00476	0.23341	0.00646	0.00596
27	0.01530	0.03987	0.07862	0.05198	0.02867	0.01462	0.37681	0.02012	0.01606	0.05634	0.02203	0.07569	0.04715	0.00976	0.00816	0.00247	0.00945	0.11377	0.00448	0.00866
28	0.01620	0.37757	0.39641	0.01613	0.02440	0.02159	0.01924	0.02153	0.01447	0.01942	0.01119	0.01306	0.00889	0.00632	0.00561	0.00187	0.00897	0.00448	0.00296	0.00967
29	0.01826	0.02568	0.26188	0.01817	0.02450	0.15456	0.09615	0.11253	0.04668	0.04507	0.01916	0.07970	0.04871	0.00889	0.00710	0.00219	0.00938	0.00742	0.00451	0.00945
30	0.08458	0.23225	0.16158	0.01826	0.08578	0.09724	0.05462	0.07051	0.01658	0.04266	0.03636	0.01542	0.01156	0.00709	0.00666	0.00198	0.03833	0.00528	0.00385	0.00939
31	0.07607	0.09489	0.13463	0.10712	0.08784	0.08255	0.10557	0.02243	0.06556	0.04533	0.07158	0.01939	0.01524	0.00737	0.00662	0.00208	0.00850	0.00633	0.00418	0.03671

[dist]
# distance from previous block
# <min> <max>
5	36

[block]
# block no. 8 follows, 30 sequences, length 8
# corresponding to MSA columns:
# 348-355
name=unknown_I
#
# <colnr> <probs for GDERKNQSTAVLIFYWHMCP>
#	G	D	E	R	K	N	Q	S	T	A	V	L	I	F	Y	W	H	M	C	P
0	0.07249	0.01578	0.05292	0.13999	0.02418	0.04911	0.04114	0.10290	0.09353	0.08592	0.05385	0.01951	0.01487	0.00744	0.00645	0.00193	0.00712	0.00610	0.00511	0.19965
1	0.08020	0.04403	0.02027	0.01519	0.01961	0.03990	0.15541	0.11677	0.04846	0.02803	0.24621	0.02838	0.02932	0.00923	0.00715	0.00206	0.00673	0.00830	0.00568	0.08906
2	0.12304	0.01472	0.01891	0.09082	0.02281	0.01494	0.08094	0.14367	0.09742	0.12264	0.01693	0.01796	0.01238	0.00715	0.00637	0.00195	0.00692	0.00595	0.00546	0.18901
3	0.19157	0.04530	0.01678	0.07481	0.01996	0.11029	0.01120	0.16371	0.11136	0.05110	0.01509	0.01673	0.01162	0.00896	0.00791	0.07188	0.00732	0.00550	0.00503	0.05389
4	0.13422	0.10744	0.12453	0.01433	0.01970	0.14831	0.01312	0.16584	0.01946	0.08972	0.01765	0.01904	0.05332	0.03559	0.00727	0.00219	0.00818	0.00585	0.00492	0.00933
5	0.10599	0.01715	0.02045	0.06719	0.02289	0.05417	0.08010	0.29655	0.06237	0.12020	0.04346	0.01903	0.01416	0.00823	0.00745	0.00219	0.03560	0.00654	0.00600	0.01027
6	0.01641	0.01693	0.02231	0.34847	0.25268	0.13725	0.01823	0.02020	0.01553	0.01928	0.01394	0.06168	0.01205	0.00768	0.00696	0.00219	0.00922	0.00674	0.00350	0.00874
7	0.02034	0.49290	0.07090	0.01552	0.06844	0.08270	0.01358	0.08937	0.01696	0.05522	0.01180	0.01313	0.00981	0.00650	0.00530	0.00169	0.00805	0.00447	0.00375	0.00955

[dist]
# distance from previous block
# <min> <max>
0	136

# created by:
# /home/cegg/simao/soft/augustus-3.2.1/scripts/msa2prfl.pl ./align_prep/EOG090W0ASA.fa
