[name]
unknown

[dist]
# distance from previous block
# <min> <max>
19	48

[block]
# block no. 0 follows, 33 sequences, length 15
# corresponding to MSA columns:
# 63-77
name=unknown_A
#
# <colnr> <probs for GDERKNQSTAVLIFYWHMCP>
#	G	D	E	R	K	N	Q	S	T	A	V	L	I	F	Y	W	H	M	C	P
0	0.01998	0.20781	0.22307	0.01556	0.02168	0.20242	0.01547	0.15203	0.01838	0.04818	0.01203	0.01325	0.00923	0.00662	0.00576	0.00180	0.00900	0.00465	0.00386	0.00922
1	0.08771	0.09652	0.29200	0.01541	0.02100	0.01664	0.01636	0.08090	0.01464	0.03923	0.01345	0.01909	0.01142	0.00838	0.00900	0.00220	0.14953	0.06496	0.00372	0.03785
2	0.01672	0.01196	0.01337	0.01152	0.01517	0.01232	0.00935	0.19863	0.14492	0.07594	0.02904	0.03451	0.12230	0.01068	0.00682	0.00209	0.00539	0.11264	0.08140	0.08523
3	0.01893	0.63779	0.03186	0.01196	0.01753	0.02504	0.01149	0.14232	0.01652	0.02014	0.01034	0.01150	0.00894	0.00604	0.00465	0.00151	0.00708	0.00395	0.00349	0.00894
4	0.02274	0.15264	0.02184	0.01421	0.01932	0.02080	0.01204	0.52672	0.05953	0.03525	0.01520	0.01564	0.01131	0.00901	0.03218	0.00219	0.00748	0.00561	0.00581	0.01048
5	0.01893	0.63779	0.03186	0.01196	0.01753	0.02504	0.01149	0.14232	0.01652	0.02014	0.01034	0.01150	0.00894	0.00604	0.00465	0.00151	0.00708	0.00395	0.00349	0.00894
6	0.01868	0.59577	0.07169	0.01239	0.01819	0.02443	0.01223	0.14238	0.01655	0.02044	0.01049	0.01169	0.00893	0.00607	0.00476	0.00155	0.00723	0.00403	0.00349	0.00901
7	0.02503	0.01844	0.01976	0.01515	0.02042	0.02042	0.01251	0.70562	0.03095	0.04149	0.01581	0.01581	0.01120	0.00790	0.00659	0.00198	0.00724	0.00593	0.00659	0.01120
8	0.02503	0.01844	0.01976	0.01515	0.02042	0.02042	0.01251	0.70562	0.03095	0.04149	0.01581	0.01581	0.01120	0.00790	0.00659	0.00198	0.00724	0.00593	0.00659	0.01120
9	0.01350	0.08358	0.68758	0.01826	0.02772	0.01601	0.02345	0.02077	0.01386	0.02049	0.01164	0.01368	0.00835	0.00621	0.00612	0.00204	0.00955	0.00477	0.00278	0.00964
10	0.01037	0.00741	0.01034	0.01185	0.01326	0.00737	0.01020	0.01323	0.01492	0.01944	0.03499	0.13752	0.03841	0.01841	0.00903	0.00300	0.00586	0.62234	0.00607	0.00600
11	0.01795	0.57893	0.02986	0.01194	0.01721	0.02389	0.01121	0.07527	0.14027	0.01965	0.01282	0.01347	0.01074	0.00640	0.00485	0.00160	0.00673	0.00441	0.00380	0.00901
12	0.05627	0.02755	0.54005	0.01652	0.02457	0.01383	0.02004	0.02120	0.01427	0.10448	0.03736	0.01670	0.01154	0.00960	0.05561	0.00265	0.00932	0.00538	0.00367	0.00939
13	0.12932	0.11519	0.19610	0.01485	0.02039	0.23618	0.01426	0.08506	0.03775	0.05587	0.02972	0.01421	0.01054	0.00682	0.00571	0.00187	0.00870	0.00477	0.00397	0.00872
14	0.01320	0.03405	0.73453	0.01876	0.02849	0.01529	0.02432	0.02085	0.01390	0.02085	0.01181	0.01390	0.00834	0.00625	0.00625	0.00208	0.00973	0.00486	0.00278	0.00973

[dist]
# distance from previous block
# <min> <max>
0	2

[block]
# block no. 1 follows, 33 sequences, length 121
# corresponding to MSA columns:
# 80-200
name=unknown_B
#
# <colnr> <probs for GDERKNQSTAVLIFYWHMCP>
#	G	D	E	R	K	N	Q	S	T	A	V	L	I	F	Y	W	H	M	C	P
0	0.01130	0.00631	0.00646	0.00654	0.00821	0.00609	0.00498	0.01409	0.01411	0.02296	0.03112	0.03471	0.15862	0.00998	0.00546	0.00174	0.00327	0.04107	0.60698	0.00602
1	0.06459	0.09280	0.58616	0.01741	0.02584	0.01645	0.02153	0.02035	0.01345	0.02065	0.01123	0.01345	0.00829	0.00652	0.00690	0.00207	0.05542	0.00473	0.00287	0.00930
2	0.01423	0.01404	0.02176	0.46632	0.23249	0.06114	0.03600	0.01825	0.01407	0.01819	0.01257	0.03902	0.01028	0.00679	0.00661	0.00211	0.00862	0.00618	0.00315	0.00818
3	0.01223	0.01141	0.01895	0.63439	0.08513	0.01379	0.01715	0.01630	0.01334	0.01716	0.01566	0.05626	0.04590	0.00772	0.00673	0.00220	0.00820	0.00688	0.00326	0.00733
4	0.01214	0.01138	0.01891	0.70541	0.04303	0.01405	0.01744	0.01635	0.01328	0.01688	0.01519	0.02046	0.05427	0.00722	0.00666	0.00220	0.00843	0.00636	0.00313	0.00720
5	0.02129	0.04687	0.01796	0.06016	0.02014	0.21855	0.01189	0.18965	0.17279	0.08927	0.05406	0.01884	0.01520	0.00805	0.00677	0.00198	0.02569	0.00607	0.00544	0.00934
6	0.01482	0.11994	0.59234	0.01757	0.02634	0.05520	0.02173	0.02135	0.01424	0.04150	0.01184	0.01366	0.00860	0.00627	0.00601	0.00198	0.00940	0.00473	0.00298	0.00951
7	0.01152	0.00693	0.00807	0.00799	0.00912	0.00752	0.00597	0.01395	0.01275	0.02122	0.02161	0.11021	0.01962	0.06195	0.08088	0.00298	0.07218	0.00786	0.51169	0.00598
8	0.01062	0.00884	0.01087	0.01098	0.01268	0.05363	0.04496	0.01304	0.01510	0.01967	0.12795	0.24465	0.12477	0.01610	0.00807	0.00250	0.00521	0.21895	0.04533	0.00608
9	0.01466	0.24677	0.36760	0.01709	0.02424	0.01839	0.09599	0.01983	0.01381	0.01897	0.01246	0.01712	0.01040	0.00701	0.00681	0.00200	0.04808	0.04682	0.00306	0.00890
10	0.02075	0.16587	0.02052	0.01476	0.01834	0.43361	0.01175	0.04817	0.05308	0.01764	0.01589	0.01709	0.07184	0.00789	0.00684	0.00180	0.05726	0.00527	0.00378	0.00785
11	0.00809	0.00584	0.00766	0.00898	0.00953	0.00541	0.00606	0.00939	0.01311	0.01747	0.08176	0.68264	0.07976	0.01996	0.00833	0.00261	0.00375	0.01803	0.00618	0.00541
12	0.01879	0.07116	0.06133	0.01279	0.01712	0.01279	0.05444	0.11265	0.09381	0.21760	0.17202	0.06465	0.04260	0.00970	0.00685	0.00206	0.00581	0.00826	0.00640	0.00917
13	0.01892	0.49579	0.08443	0.01317	0.01868	0.06246	0.01274	0.15177	0.01693	0.02095	0.01067	0.01207	0.00898	0.00645	0.00572	0.00165	0.04186	0.00423	0.00357	0.00897
14	0.00810	0.00585	0.00769	0.00912	0.00966	0.00544	0.00621	0.00935	0.01285	0.01697	0.03811	0.69577	0.08549	0.02029	0.00839	0.00266	0.00387	0.04268	0.00611	0.00539
15	0.01320	0.03405	0.73453	0.01876	0.02849	0.01529	0.02432	0.02085	0.01390	0.02085	0.01181	0.01390	0.00834	0.00625	0.00625	0.00208	0.00973	0.00486	0.00278	0.00973
16	0.01389	0.01447	0.06477	0.49294	0.16649	0.03911	0.01827	0.03870	0.01437	0.01880	0.01305	0.01965	0.01055	0.00705	0.00665	0.00216	0.00858	0.03915	0.00326	0.00810
17	0.01554	0.01776	0.03885	0.02775	0.03441	0.01665	0.70366	0.02109	0.01554	0.02109	0.01332	0.01776	0.00999	0.00555	0.00777	0.00222	0.01110	0.00777	0.00333	0.00888
18	0.00957	0.00638	0.00718	0.00718	0.00718	0.00638	0.00399	0.00957	0.00957	0.01276	0.02074	0.04308	0.02393	0.76864	0.03351	0.00638	0.00638	0.00957	0.00399	0.00399
19	0.11070	0.01720	0.05082	0.05916	0.01925	0.12184	0.01146	0.14495	0.23358	0.06422	0.02037	0.06654	0.03436	0.00874	0.00637	0.00209	0.00686	0.00688	0.00549	0.00913
20	0.01000	0.00955	0.03789	0.01240	0.01451	0.00881	0.11243	0.01240	0.01409	0.01890	0.12221	0.33758	0.16697	0.01542	0.00917	0.00244	0.06973	0.01370	0.00544	0.00634
21	0.00802	0.00573	0.00764	0.00917	0.00955	0.00535	0.00611	0.00917	0.01260	0.01681	0.03628	0.76434	0.04354	0.02062	0.00840	0.00267	0.00382	0.01872	0.00611	0.00535
22	0.01345	0.01274	0.02159	0.56481	0.22538	0.01489	0.01879	0.01771	0.01365	0.01806	0.01188	0.01722	0.00921	0.00639	0.00656	0.00213	0.00852	0.00585	0.00301	0.00814
23	0.01348	0.07975	0.69121	0.01830	0.02778	0.01595	0.02352	0.02078	0.01387	0.02052	0.01165	0.01369	0.00835	0.00622	0.00613	0.00204	0.00956	0.00478	0.00278	0.00965
24	0.01535	0.06495	0.03604	0.07181	0.06979	0.01681	0.56547	0.02042	0.01516	0.02039	0.01343	0.03424	0.01060	0.00598	0.00742	0.00216	0.01036	0.00753	0.00333	0.00876
25	0.00825	0.00608	0.00807	0.00914	0.00988	0.00590	0.00637	0.00968	0.01251	0.01664	0.03632	0.54791	0.11648	0.02548	0.14379	0.00408	0.00631	0.01601	0.00563	0.00547
26	0.00941	0.00703	0.01047	0.01047	0.01160	0.00817	0.00809	0.01168	0.01055	0.01520	0.01774	0.02644	0.01671	0.07353	0.71874	0.01044	0.01726	0.00714	0.00354	0.00581
27	0.01358	0.01376	0.05832	0.26168	0.26871	0.01407	0.04174	0.01769	0.03032	0.01889	0.03731	0.02062	0.01312	0.07299	0.05063	0.00296	0.04548	0.00649	0.00340	0.00823
28	0.01320	0.03405	0.73453	0.01876	0.02849	0.01529	0.02432	0.02085	0.01390	0.02085	0.01181	0.01390	0.00834	0.00625	0.00625	0.00208	0.00973	0.00486	0.00278	0.00973
29	0.01308	0.01236	0.02092	0.63294	0.16014	0.01480	0.01861	0.01739	0.01347	0.01761	0.01182	0.01734	0.00905	0.00646	0.00657	0.00215	0.00862	0.00585	0.00298	0.00784
30	0.00912	0.00733	0.00897	0.01007	0.04710	0.00675	0.00733	0.01121	0.01457	0.01827	0.06774	0.08323	0.41191	0.05492	0.04555	0.00303	0.00509	0.17617	0.00575	0.00588
31	0.02027	0.01686	0.01722	0.01675	0.09783	0.13110	0.01185	0.12262	0.29998	0.12202	0.05813	0.02142	0.01766	0.00824	0.00659	0.00205	0.00679	0.00667	0.00599	0.00996
32	0.01487	0.01668	0.03605	0.02609	0.03218	0.01564	0.64128	0.02002	0.01528	0.02070	0.01537	0.08452	0.01299	0.00690	0.00783	0.00226	0.01045	0.00875	0.00358	0.00856
33	0.00974	0.00793	0.00882	0.00836	0.01015	0.04236	0.00627	0.01246	0.01784	0.02401	0.54529	0.05043	0.20425	0.01383	0.00768	0.00209	0.00359	0.01196	0.00681	0.00614
34	0.01600	0.47547	0.27884	0.01538	0.05749	0.02175	0.01629	0.02014	0.01364	0.01767	0.01025	0.01202	0.00851	0.00586	0.00505	0.00167	0.00802	0.00411	0.00283	0.00900
35	0.01615	0.01423	0.02071	0.17900	0.06297	0.01630	0.10536	0.08614	0.22698	0.04911	0.01773	0.04182	0.01397	0.00839	0.00887	0.00228	0.10919	0.00700	0.00475	0.00904
36	0.01693	0.01832	0.03083	0.03248	0.35922	0.09916	0.30279	0.02127	0.01564	0.02072	0.01252	0.01640	0.01002	0.00584	0.00697	0.00204	0.00964	0.00647	0.00330	0.00947
37	0.00842	0.00608	0.00788	0.00919	0.00978	0.00572	0.00621	0.02585	0.01316	0.01744	0.03729	0.71185	0.07637	0.02013	0.00833	0.00263	0.00388	0.01817	0.00612	0.00550
38	0.18624	0.02958	0.06943	0.03692	0.01858	0.03680	0.08197	0.05915	0.01567	0.18845	0.05351	0.07696	0.05318	0.00902	0.00731	0.00215	0.05413	0.00726	0.00524	0.00847
39	0.01389	0.12753	0.60795	0.01829	0.02733	0.01674	0.05893	0.02072	0.01392	0.02018	0.01155	0.01368	0.00844	0.00614	0.00608	0.00201	0.00946	0.00485	0.00281	0.00952
40	0.00871	0.00660	0.00802	0.00789	0.00952	0.00592	0.00583	0.01115	0.01685	0.02271	0.44732	0.13448	0.26050	0.01524	0.00784	0.00218	0.00326	0.01328	0.00678	0.00592
41	0.01404	0.01531	0.06723	0.50443	0.15607	0.05996	0.05388	0.01845	0.01398	0.01803	0.01181	0.01677	0.00907	0.00640	0.00657	0.00212	0.00899	0.00579	0.00302	0.00809
42	0.16235	0.01635	0.10453	0.05787	0.01798	0.09239	0.01126	0.13417	0.01752	0.04975	0.10282	0.05030	0.04411	0.00893	0.00617	0.00203	0.00653	0.02877	0.07820	0.00799
43	0.69789	0.01585	0.11566	0.01013	0.01504	0.01484	0.00964	0.01957	0.01160	0.02827	0.00955	0.01116	0.00731	0.00613	0.00439	0.00204	0.00577	0.00375	0.00388	0.00751
44	0.01350	0.01381	0.06419	0.45037	0.16685	0.01459	0.01771	0.01939	0.08668	0.01924	0.01487	0.02142	0.01208	0.00741	0.00672	0.00220	0.00811	0.04899	0.00357	0.00829
45	0.02451	0.01511	0.01710	0.01337	0.01810	0.01593	0.01094	0.45000	0.02575	0.21931	0.01990	0.05804	0.01460	0.00863	0.00657	0.00200	0.00637	0.00680	0.05638	0.01057
46	0.01461	0.04695	0.28687	0.02295	0.07232	0.01611	0.30586	0.02029	0.01438	0.02054	0.01219	0.01557	0.00927	0.00616	0.00771	0.00209	0.05666	0.00609	0.00312	0.06024
47	0.01359	0.09829	0.67364	0.01811	0.02748	0.01622	0.02319	0.02075	0.01385	0.02038	0.01158	0.01361	0.00835	0.00620	0.00608	0.00203	0.00950	0.00475	0.00278	0.00962
48	0.00942	0.00701	0.01036	0.01036	0.01147	0.00811	0.00796	0.01162	0.01052	0.01512	0.01783	0.02695	0.01693	0.09498	0.69760	0.01031	0.01692	0.00721	0.00356	0.00576
49	0.00845	0.00616	0.00834	0.04721	0.01129	0.00596	0.00663	0.00987	0.01301	0.01745	0.09570	0.62348	0.04237	0.05920	0.00959	0.00279	0.00415	0.01696	0.00594	0.00545
50	0.13093	0.01287	0.02195	0.01905	0.10153	0.01243	0.26149	0.01812	0.01551	0.06119	0.14989	0.02893	0.11992	0.00881	0.00703	0.00213	0.00701	0.00849	0.00479	0.00797
51	0.01381	0.01222	0.01555	0.01126	0.01685	0.00986	0.05120	0.01682	0.01358	0.02113	0.01164	0.01394	0.00971	0.00527	0.00593	0.00115	0.04473	0.00424	0.00381	0.71729
52	0.00884	0.00692	0.01056	0.01073	0.01180	0.00646	0.06850	0.01061	0.01356	0.01829	0.11290	0.61578	0.04267	0.01846	0.00827	0.00256	0.00439	0.01696	0.00599	0.00576
53	0.01513	0.04677	0.24791	0.06155	0.12586	0.01642	0.32659	0.04136	0.01524	0.02130	0.01259	0.01608	0.00947	0.00593	0.00693	0.00211	0.00987	0.00634	0.00321	0.00933
54	0.01412	0.02352	0.36120	0.21446	0.07681	0.01519	0.13741	0.02015	0.01421	0.04297	0.01253	0.01594	0.00912	0.00626	0.00663	0.00213	0.00946	0.00574	0.00312	0.00904
55	0.00802	0.00573	0.00764	0.00917	0.00955	0.00535	0.00611	0.00917	0.01260	0.01681	0.03628	0.76434	0.04354	0.02062	0.00840	0.00267	0.00382	0.01872	0.00611	0.00535
56	0.01681	0.15616	0.05697	0.06333	0.18083	0.01738	0.28428	0.03929	0.01554	0.06578	0.03225	0.01705	0.01152	0.00616	0.00662	0.00198	0.00879	0.00635	0.00368	0.00922
57	0.01503	0.21244	0.39219	0.02061	0.15401	0.01808	0.01959	0.02120	0.05144	0.02000	0.01206	0.01408	0.00938	0.00617	0.00582	0.00190	0.00847	0.00485	0.00309	0.00958
58	0.02052	0.02330	0.01743	0.06282	0.04404	0.45746	0.03051	0.02363	0.05447	0.05353	0.08804	0.02070	0.05937	0.00818	0.00642	0.00187	0.00944	0.00615	0.00432	0.00779
59	0.01043	0.00753	0.01070	0.01220	0.03150	0.00773	0.00995	0.01325	0.01411	0.01892	0.03074	0.10386	0.03287	0.02342	0.14417	0.00433	0.00801	0.47861	0.03157	0.00610
60	0.01628	0.05888	0.08090	0.27413	0.19807	0.13849	0.05981	0.04225	0.01524	0.01905	0.01192	0.01616	0.00957	0.02373	0.00699	0.00209	0.00910	0.00558	0.00323	0.00851
61	0.01583	0.01327	0.01289	0.01143	0.01476	0.08141	0.00889	0.09662	0.27013	0.06975	0.09104	0.03565	0.22859	0.01120	0.00701	0.00213	0.00537	0.00918	0.00634	0.00852
62	0.01348	0.01277	0.02164	0.55976	0.23022	0.01490	0.01880	0.01774	0.01366	0.01809	0.01189	0.01721	0.00922	0.00639	0.00656	0.00213	0.00852	0.00585	0.00302	0.00816
63	0.01370	0.01489	0.09698	0.01695	0.13746	0.03923	0.01229	0.02257	0.26550	0.02262	0.06484	0.06954	0.15709	0.01059	0.00700	0.00218	0.00590	0.02655	0.00541	0.00872
64	0.01365	0.03112	0.61394	0.02105	0.06968	0.01546	0.10179	0.02084	0.01415	0.02091	0.01202	0.01448	0.00865	0.00615	0.00644	0.00209	0.00978	0.00525	0.00287	0.00967
65	0.00932	0.00673	0.00880	0.00828	0.00984	0.00621	0.00621	0.01242	0.01863	0.02640	0.72410	0.04918	0.06212	0.01346	0.00776	0.00207	0.00311	0.01191	0.00725	0.00621
66	0.02926	0.01210	0.01550	0.01198	0.01702	0.03667	0.00985	0.04692	0.01911	0.69056	0.02517	0.02188	0.01590	0.00809	0.00659	0.00202	0.00587	0.00652	0.00794	0.01107
67	0.28461	0.16049	0.25346	0.01469	0.05678	0.05421	0.01462	0.02093	0.01344	0.05736	0.01107	0.01265	0.00846	0.00619	0.00516	0.00192	0.00749	0.00429	0.00354	0.00862
68	0.00878	0.00712	0.00840	0.00890	0.04460	0.00630	0.00613	0.01100	0.01606	0.02074	0.28633	0.05555	0.44118	0.03955	0.00855	0.00229	0.00358	0.01268	0.00629	0.00597
69	0.00816	0.00583	0.00780	0.00932	0.00977	0.00547	0.00635	0.00941	0.01274	0.01696	0.03621	0.72749	0.04324	0.02049	0.00844	0.00269	0.00394	0.05420	0.00611	0.00539
70	0.01420	0.01351	0.02295	0.42590	0.35841	0.01509	0.01916	0.01837	0.01400	0.01897	0.01201	0.01697	0.00953	0.00625	0.00655	0.00208	0.00834	0.00586	0.00308	0.00874
71	0.01612	0.05825	0.07604	0.12604	0.23757	0.08208	0.26744	0.02064	0.01512	0.01988	0.01223	0.01614	0.00963	0.00594	0.00679	0.00204	0.00959	0.00622	0.00320	0.00905
72	0.00920	0.00651	0.00858	0.00897	0.00952	0.00684	0.00616	0.01038	0.01078	0.01477	0.02356	0.19859	0.02612	0.32617	0.27563	0.00692	0.00974	0.03217	0.00437	0.00502
73	0.01305	0.01203	0.01975	0.71673	0.04412	0.01491	0.01800	0.05051	0.01403	0.01803	0.01190	0.01747	0.00889	0.00665	0.00658	0.00218	0.00870	0.00585	0.00310	0.00750
74	0.00825	0.00593	0.00786	0.00924	0.00981	0.00554	0.00637	0.00963	0.01315	0.01753	0.07374	0.66347	0.06256	0.01998	0.00840	0.00265	0.00391	0.06037	0.00617	0.00544
75	0.01795	0.04351	0.23789	0.02027	0.06258	0.11494	0.19020	0.02452	0.09420	0.10647	0.01531	0.01685	0.01116	0.00664	0.00665	0.00205	0.00919	0.00603	0.00411	0.00948
76	0.02461	0.03074	0.01871	0.01687	0.02036	0.70690	0.01271	0.05952	0.01926	0.01735	0.01045	0.01206	0.00861	0.00684	0.00597	0.00171	0.01165	0.00432	0.00355	0.00781
77	0.00813	0.00668	0.00715	0.00703	0.00911	0.00571	0.00528	0.01012	0.01583	0.01974	0.21580	0.06014	0.57457	0.01594	0.00778	0.00219	0.00328	0.01344	0.00637	0.00571
78	0.01614	0.02112	0.16559	0.24114	0.06889	0.15744	0.12181	0.02055	0.01487	0.04000	0.01259	0.03350	0.00995	0.00696	0.00727	0.00210	0.04250	0.00596	0.00330	0.00833
79	0.02045	0.02457	0.01881	0.01675	0.01890	0.46284	0.01307	0.02205	0.01550	0.01607	0.01143	0.01441	0.03134	0.00878	0.01155	0.00213	0.27555	0.00509	0.00330	0.00741
80	0.01594	0.01529	0.02466	0.03299	0.50730	0.03862	0.07188	0.05430	0.01554	0.02160	0.01517	0.10174	0.01410	0.00785	0.00732	0.00208	0.03287	0.00743	0.00375	0.00956
81	0.01001	0.00675	0.00851	0.00842	0.00910	0.00706	0.00566	0.01104	0.01053	0.03302	0.02207	0.03718	0.05529	0.44713	0.27478	0.00740	0.01001	0.00876	0.02232	0.00495
82	0.01357	0.12253	0.35695	0.01650	0.02302	0.01498	0.09912	0.05417	0.01471	0.02051	0.03196	0.15059	0.01643	0.00996	0.02417	0.00231	0.00838	0.00780	0.00377	0.00858
83	0.06961	0.01430	0.01684	0.01298	0.01809	0.01442	0.01072	0.31180	0.02348	0.40710	0.02084	0.01903	0.01368	0.00794	0.00647	0.00201	0.00626	0.00617	0.00728	0.01098
84	0.01320	0.03405	0.73453	0.01876	0.02849	0.01529	0.02432	0.02085	0.01390	0.02085	0.01181	0.01390	0.00834	0.00625	0.00625	0.00208	0.00973	0.00486	0.00278	0.00973
85	0.01318	0.02855	0.58547	0.01679	0.02492	0.01347	0.02070	0.01958	0.01406	0.05505	0.01784	0.09727	0.04784	0.00840	0.00658	0.00215	0.00858	0.00688	0.00356	0.00913
86	0.01389	0.01410	0.02884	0.04506	0.02731	0.01326	0.46660	0.01812	0.01490	0.04580	0.02147	0.18683	0.05264	0.00959	0.00783	0.00231	0.00882	0.01041	0.00425	0.00796
87	0.02954	0.01120	0.01528	0.01171	0.01681	0.00968	0.00968	0.03208	0.01884	0.73213	0.02597	0.02241	0.01630	0.00815	0.00662	0.00204	0.00560	0.00662	0.00815	0.01120
88	0.02737	0.01153	0.01491	0.01157	0.01634	0.01055	0.00951	0.10628	0.01972	0.58661	0.02440	0.02187	0.01578	0.00807	0.00642	0.00198	0.00554	0.00650	0.08434	0.01072
89	0.01475	0.01231	0.03881	0.05581	0.09885	0.05369	0.06017	0.05304	0.01558	0.10170	0.09830	0.23118	0.02623	0.02712	0.04766	0.00278	0.03874	0.01035	0.00522	0.00772
90	0.01554	0.01776	0.03885	0.02775	0.03441	0.01665	0.70366	0.02109	0.01554	0.02109	0.01332	0.01776	0.00999	0.00555	0.00777	0.00222	0.01110	0.00777	0.00333	0.00888
91	0.02259	0.02804	0.01895	0.01702	0.01975	0.60017	0.01305	0.02423	0.01697	0.01606	0.00987	0.01237	0.00851	0.00772	0.00902	0.00193	0.15837	0.00454	0.00329	0.00755
92	0.00919	0.00636	0.00794	0.00829	0.00860	0.00650	0.00529	0.00990	0.01046	0.01417	0.02370	0.20474	0.02699	0.45982	0.16356	0.00634	0.00795	0.01118	0.00439	0.00466
93	0.01493	0.02930	0.52540	0.02025	0.02887	0.03898	0.16774	0.02167	0.01466	0.05809	0.01282	0.01510	0.00911	0.00622	0.00659	0.00210	0.00987	0.00555	0.00320	0.00956
94	0.02499	0.01952	0.01967	0.01530	0.02041	0.08050	0.01253	0.64907	0.02993	0.03938	0.01534	0.01548	0.01097	0.00781	0.00653	0.00195	0.00763	0.00579	0.00632	0.01090
95	0.01320	0.03405	0.73453	0.01876	0.02849	0.01529	0.02432	0.02085	0.01390	0.02085	0.01181	0.01390	0.00834	0.00625	0.00625	0.00208	0.00973	0.00486	0.00278	0.00973
96	0.01626	0.01575	0.02731	0.03979	0.69367	0.01569	0.05363	0.02025	0.01502	0.02149	0.01243	0.01637	0.01041	0.00585	0.00658	0.00197	0.00798	0.00596	0.00326	0.01035
97	0.07263	0.01781	0.08271	0.06536	0.08260	0.07732	0.19874	0.13718	0.01772	0.02452	0.05211	0.02113	0.03950	0.00772	0.00729	0.00211	0.03364	0.02869	0.02253	0.00868
98	0.00844	0.00605	0.00806	0.00952	0.01012	0.00571	0.00673	0.00986	0.01300	0.01720	0.03651	0.62896	0.05857	0.03375	0.00895	0.00278	0.00420	0.12008	0.00607	0.00544
99	0.01781	0.00930	0.01270	0.01103	0.01409	0.00855	0.03741	0.03634	0.05121	0.30261	0.11926	0.24762	0.07779	0.01301	0.00742	0.00226	0.00486	0.01143	0.00698	0.00832
100	0.01096	0.00681	0.00969	0.02479	0.02683	0.00686	0.00728	0.01150	0.01224	0.03776	0.11914	0.09128	0.06247	0.02344	0.13628	0.30488	0.00711	0.06691	0.02874	0.00505
101	0.01760	0.77260	0.03450	0.01126	0.01690	0.02605	0.01126	0.01971	0.01338	0.01549	0.00915	0.01056	0.00845	0.00563	0.00422	0.00141	0.00704	0.00352	0.00282	0.00845
102	0.03756	0.05534	0.06292	0.06203	0.04325	0.07899	0.07746	0.10835	0.06680	0.13630	0.01713	0.01947	0.01307	0.02973	0.09776	0.00312	0.00876	0.00615	0.06702	0.00878
103	0.00836	0.00662	0.00766	0.00811	0.00972	0.00601	0.00608	0.01008	0.01396	0.01738	0.05118	0.19052	0.42856	0.05333	0.07285	0.00330	0.00511	0.08984	0.00579	0.00553
104	0.01320	0.01301	0.05353	0.10374	0.10560	0.01433	0.04734	0.05223	0.01288	0.01836	0.01450	0.06638	0.01359	0.03686	0.19603	0.00457	0.21574	0.00708	0.00354	0.00750
105	0.03600	0.24944	0.28203	0.04656	0.02316	0.06842	0.01654	0.16316	0.01752	0.02325	0.01168	0.01325	0.00897	0.00646	0.00566	0.00184	0.00841	0.00465	0.00366	0.00935
106	0.05441	0.34510	0.36819	0.01554	0.02310	0.01989	0.05145	0.02031	0.01363	0.01901	0.01063	0.01252	0.00841	0.00595	0.00536	0.00180	0.00843	0.00437	0.00289	0.00902
107	0.00807	0.00578	0.00759	0.00902	0.00945	0.00539	0.00600	0.00919	0.01258	0.01670	0.03675	0.71718	0.06509	0.04571	0.00923	0.00278	0.00389	0.01825	0.00604	0.00531
108	0.01340	0.01887	0.20761	0.01814	0.02332	0.05890	0.20183	0.01810	0.01501	0.01991	0.02305	0.03689	0.06954	0.01064	0.00802	0.00242	0.02809	0.21417	0.00422	0.00788
109	0.05383	0.21882	0.50420	0.01633	0.02459	0.03696	0.01989	0.02063	0.01376	0.01980	0.01097	0.01285	0.00831	0.00610	0.00563	0.00190	0.00888	0.00445	0.00287	0.00922
110	0.01562	0.01583	0.05904	0.13514	0.51860	0.01557	0.01904	0.02143	0.09371	0.02151	0.01389	0.01728	0.01119	0.00633	0.00653	0.00203	0.00775	0.00599	0.00358	0.00996
111	0.00786	0.00667	0.00678	0.00676	0.00894	0.00559	0.00507	0.00961	0.01520	0.01824	0.10179	0.06260	0.68951	0.01650	0.00778	0.00221	0.00332	0.01379	0.00617	0.00559
112	0.01254	0.01184	0.01977	0.71420	0.04387	0.01492	0.01808	0.01677	0.01300	0.01677	0.01154	0.01739	0.00877	0.00684	0.00737	0.00223	0.04804	0.00585	0.00292	0.00731
113	0.01272	0.01185	0.01979	0.61685	0.10763	0.01436	0.01785	0.01690	0.01341	0.01744	0.01330	0.02128	0.01094	0.00743	0.00709	0.00224	0.02555	0.05267	0.00317	0.00752
114	0.00802	0.00573	0.00764	0.00917	0.00955	0.00535	0.00611	0.00917	0.01260	0.01681	0.03628	0.76434	0.04354	0.02062	0.00840	0.00267	0.00382	0.01872	0.00611	0.00535
115	0.01320	0.03405	0.73453	0.01876	0.02849	0.01529	0.02432	0.02085	0.01390	0.02085	0.01181	0.01390	0.00834	0.00625	0.00625	0.00208	0.00973	0.00486	0.00278	0.00973
116	0.01332	0.05344	0.71616	0.01857	0.02819	0.01557	0.02398	0.02082	0.01389	0.02071	0.01174	0.01381	0.00834	0.00624	0.00620	0.00207	0.00966	0.00483	0.00278	0.00970
117	0.01737	0.73463	0.07049	0.01165	0.01749	0.02550	0.01194	0.01977	0.01340	0.01576	0.00929	0.01073	0.00844	0.00566	0.00433	0.00144	0.00718	0.00359	0.00281	0.00851
118	0.05472	0.01240	0.01962	0.62802	0.08007	0.01506	0.01745	0.06090	0.01429	0.01930	0.01187	0.01702	0.00894	0.00660	0.00645	0.00216	0.00844	0.00574	0.00324	0.00772
119	0.02035	0.02360	0.01934	0.01700	0.01907	0.40271	0.01341	0.05684	0.01570	0.01730	0.00982	0.01313	0.00869	0.00883	0.01253	0.00221	0.32352	0.00496	0.00334	0.00763
120	0.02490	0.02886	0.01861	0.01648	0.02018	0.62199	0.01254	0.10429	0.02007	0.05583	0.01163	0.01286	0.00919	0.00698	0.00605	0.00175	0.01102	0.00456	0.00400	0.00822

[dist]
# distance from previous block
# <min> <max>
0	1

[block]
# block no. 2 follows, 33 sequences, length 8
# corresponding to MSA columns:
# 202-209
name=unknown_C
#
# <colnr> <probs for GDERKNQSTAVLIFYWHMCP>
#	G	D	E	R	K	N	Q	S	T	A	V	L	I	F	Y	W	H	M	C	P
0	0.01745	0.55126	0.17051	0.01332	0.01953	0.09748	0.01398	0.02061	0.01402	0.01661	0.00978	0.01135	0.00843	0.00587	0.00480	0.00157	0.00807	0.00386	0.00287	0.00862
1	0.00844	0.00671	0.00747	0.00777	0.00954	0.00594	0.00588	0.01022	0.01464	0.01811	0.09593	0.11253	0.48172	0.07664	0.01005	0.00269	0.00399	0.11018	0.00601	0.00553
2	0.02047	0.01821	0.01861	0.01550	0.01891	0.11452	0.01252	0.29954	0.17862	0.02885	0.01582	0.01692	0.01223	0.00886	0.01013	0.00221	0.18717	0.00601	0.00530	0.00959
3	0.01764	0.08735	0.01411	0.01031	0.01297	0.01046	0.00808	0.07599	0.03787	0.19896	0.11838	0.02364	0.01991	0.01431	0.01388	0.31166	0.00556	0.00668	0.00526	0.00697
4	0.19568	0.38545	0.08073	0.01157	0.01708	0.01983	0.01121	0.05937	0.01476	0.13269	0.01237	0.01300	0.00953	0.00631	0.00486	0.00173	0.00661	0.00425	0.00413	0.00884
5	0.01211	0.20808	0.10628	0.01136	0.01443	0.01241	0.01049	0.01409	0.01285	0.01672	0.02236	0.24248	0.02440	0.01482	0.00967	0.11839	0.00607	0.13214	0.00436	0.00647
6	0.16978	0.00796	0.00952	0.00876	0.01041	0.00794	0.00630	0.01185	0.00982	0.01644	0.01103	0.01726	0.01035	0.01698	0.01847	0.53360	0.00547	0.00503	0.00325	0.11978
7	0.26888	0.01087	0.01111	0.01028	0.01319	0.01180	0.00792	0.08923	0.11625	0.06522	0.09247	0.22896	0.02563	0.01162	0.00643	0.00224	0.00480	0.00962	0.00582	0.00765

[dist]
# distance from previous block
# <min> <max>
6	38

[block]
# block no. 3 follows, 33 sequences, length 40
# corresponding to MSA columns:
# 248-287
name=unknown_D
#
# <colnr> <probs for GDERKNQSTAVLIFYWHMCP>
#	G	D	E	R	K	N	Q	S	T	A	V	L	I	F	Y	W	H	M	C	P
0	0.09548	0.04661	0.05475	0.30255	0.02878	0.18846	0.01432	0.06118	0.05829	0.02018	0.01370	0.06217	0.01152	0.00763	0.00620	0.00204	0.00851	0.00601	0.00379	0.00784
1	0.25006	0.01573	0.01640	0.06661	0.01875	0.07020	0.01162	0.20468	0.01701	0.02691	0.01212	0.04212	0.01021	0.00861	0.00972	0.00225	0.19882	0.00555	0.00440	0.00823
2	0.06488	0.01565	0.09449	0.08677	0.02072	0.01376	0.01189	0.15688	0.12428	0.02611	0.01587	0.05230	0.01284	0.00726	0.00594	0.00176	0.00629	0.00584	0.00476	0.27171
3	0.23734	0.03910	0.14416	0.09548	0.02267	0.01595	0.06282	0.18254	0.01772	0.06566	0.04726	0.01621	0.01188	0.00702	0.00591	0.00205	0.00724	0.00547	0.00460	0.00891
4	0.01271	0.01198	0.02025	0.70169	0.09430	0.01470	0.01842	0.01706	0.01329	0.01716	0.01175	0.01746	0.00889	0.00653	0.00658	0.00218	0.00871	0.00585	0.00295	0.00754
5	0.01406	0.01336	0.02268	0.45287	0.33258	0.01505	0.01909	0.01824	0.01393	0.01879	0.01199	0.01702	0.00947	0.00628	0.00655	0.00209	0.00837	0.00586	0.00307	0.00862
6	0.01546	0.01479	0.02522	0.19420	0.58029	0.01542	0.01979	0.01947	0.01460	0.02050	0.01224	0.01657	0.01007	0.00602	0.00653	0.00201	0.00803	0.00586	0.00319	0.00976
7	0.02325	0.01140	0.01463	0.01094	0.01633	0.00932	0.00893	0.02594	0.01679	0.45073	0.02032	0.01894	0.01370	0.00685	0.00593	0.00162	0.00531	0.00554	0.00647	0.32705
8	0.00955	0.00705	0.00897	0.00850	0.01014	0.00665	0.00637	0.01328	0.05199	0.02576	0.63915	0.07559	0.08478	0.01363	0.00774	0.00211	0.00324	0.01202	0.00713	0.00636
9	0.01863	0.01507	0.01606	0.01368	0.01776	0.01710	0.01085	0.23540	0.47622	0.03168	0.05722	0.02312	0.01945	0.00884	0.00672	0.00215	0.00572	0.00720	0.00669	0.01045
10	0.00932	0.00673	0.00880	0.00828	0.00984	0.00621	0.00621	0.01242	0.01863	0.02640	0.72410	0.04918	0.06212	0.01346	0.00776	0.00207	0.00311	0.01191	0.00725	0.00621
11	0.02454	0.01706	0.01800	0.01428	0.01915	0.06169	0.01161	0.41924	0.13699	0.17905	0.01930	0.01831	0.01349	0.00805	0.00657	0.00201	0.00687	0.00621	0.00673	0.01086
12	0.81514	0.01273	0.00968	0.00866	0.01273	0.01477	0.00713	0.01935	0.01120	0.02954	0.00917	0.01069	0.00713	0.00611	0.00407	0.00204	0.00509	0.00356	0.00407	0.00713
13	0.01365	0.01170	0.01365	0.00975	0.01560	0.00878	0.00780	0.01658	0.01365	0.02145	0.01170	0.01365	0.00975	0.00488	0.00488	0.00098	0.00488	0.00390	0.00390	0.80888
14	0.00942	0.00700	0.01031	0.01031	0.01139	0.00808	0.00789	0.01158	0.01050	0.01508	0.01788	0.02724	0.01706	0.10709	0.68565	0.01024	0.01673	0.00726	0.00356	0.00573
15	0.00799	0.00668	0.00696	0.00689	0.00902	0.00565	0.00516	0.00985	0.01549	0.01894	0.15523	0.06145	0.63564	0.01624	0.00778	0.00220	0.00330	0.01363	0.00627	0.00565
16	0.00922	0.00673	0.00867	0.00818	0.00978	0.00617	0.00614	0.01224	0.01841	0.02587	0.68391	0.05004	0.10263	0.01366	0.00777	0.00208	0.00312	0.01203	0.00718	0.00617
17	0.00940	0.00705	0.01058	0.01058	0.01176	0.00823	0.00823	0.01176	0.01058	0.01528	0.01763	0.02586	0.01646	0.04937	0.74255	0.01058	0.01763	0.00705	0.00353	0.00588
18	0.01061	0.00758	0.01061	0.01212	0.01364	0.00758	0.01061	0.01364	0.01515	0.01970	0.03486	0.07426	0.03789	0.01819	0.00909	0.00303	0.00606	0.68326	0.00606	0.00606
19	0.00802	0.00573	0.00764	0.00917	0.00955	0.00535	0.00611	0.00917	0.01260	0.01681	0.03628	0.76434	0.04354	0.02062	0.00840	0.00267	0.00382	0.01872	0.00611	0.00535
20	0.01838	0.01874	0.01945	0.23798	0.08984	0.23156	0.01490	0.07386	0.05221	0.04671	0.01271	0.01597	0.01006	0.00852	0.02621	0.00229	0.10308	0.00551	0.00378	0.00824
21	0.01532	0.37913	0.33306	0.01433	0.02175	0.01970	0.01653	0.01989	0.01363	0.01839	0.01055	0.01230	0.00853	0.00582	0.00516	0.00166	0.00798	0.00414	0.00291	0.08924
22	0.02080	0.02226	0.29127	0.01666	0.02359	0.04114	0.08529	0.10937	0.03935	0.25806	0.01752	0.01758	0.01184	0.00711	0.00657	0.00206	0.00814	0.00592	0.00522	0.01025
23	0.01647	0.58239	0.21479	0.01320	0.01988	0.02328	0.01463	0.02001	0.01351	0.01687	0.00984	0.01142	0.00842	0.00579	0.00475	0.00158	0.00773	0.00387	0.00281	0.00878
24	0.00778	0.00667	0.00667	0.00667	0.00889	0.00556	0.00500	0.00945	0.01501	0.01778	0.06669	0.06336	0.72490	0.01667	0.00778	0.00222	0.00333	0.01389	0.00611	0.00556
25	0.00889	0.00656	0.00890	0.01020	0.01080	0.00657	0.00748	0.01044	0.01301	0.01736	0.03457	0.58176	0.04057	0.01965	0.00923	0.00276	0.04300	0.15674	0.00593	0.00559
26	0.01335	0.05865	0.71121	0.01851	0.02811	0.01565	0.02389	0.02081	0.01388	0.02067	0.01173	0.01379	0.00834	0.00623	0.00619	0.00206	0.00964	0.00482	0.00278	0.00969
27	0.01760	0.77260	0.03450	0.01126	0.01690	0.02605	0.01126	0.01971	0.01338	0.01549	0.00915	0.01056	0.00845	0.00563	0.00422	0.00141	0.00704	0.00352	0.00282	0.00845
28	0.01144	0.00572	0.00858	0.00858	0.00858	0.00572	0.00572	0.00858	0.00858	0.01144	0.01144	0.02001	0.01144	0.02287	0.02573	0.80846	0.00572	0.00572	0.00286	0.00286
29	0.02146	0.01372	0.01556	0.01307	0.01740	0.01475	0.01043	0.11068	0.42044	0.24858	0.02528	0.02289	0.01790	0.00857	0.00666	0.00214	0.00556	0.00701	0.00714	0.01075
30	0.01407	0.00858	0.01032	0.00963	0.01218	0.00811	0.00735	0.03355	0.09723	0.17054	0.12016	0.20986	0.22296	0.01437	0.00757	0.00229	0.00429	0.03272	0.00675	0.00748
31	0.00778	0.00667	0.00667	0.00667	0.00889	0.00556	0.00500	0.00945	0.01501	0.01778	0.06669	0.06336	0.72490	0.01667	0.00778	0.00222	0.00333	0.01389	0.00611	0.00556
32	0.01459	0.01390	0.02364	0.35523	0.42609	0.01519	0.01936	0.01871	0.01418	0.01944	0.01208	0.01685	0.00970	0.00618	0.00655	0.00206	0.00824	0.00586	0.00311	0.00905
33	0.01606	0.01540	0.02629	0.08396	0.68587	0.01558	0.02009	0.02000	0.01488	0.02122	0.01234	0.01637	0.01033	0.00591	0.00652	0.00197	0.00788	0.00586	0.00324	0.01024
34	0.02829	0.01320	0.01652	0.01266	0.01780	0.01264	0.01046	0.21821	0.02219	0.54127	0.02316	0.02058	0.01489	0.00808	0.00661	0.00202	0.00606	0.00643	0.00772	0.01120
35	0.00977	0.00621	0.00822	0.00928	0.01011	0.00571	0.00636	0.01105	0.01321	0.07517	0.03662	0.67679	0.06762	0.01945	0.00823	0.00260	0.00395	0.01754	0.00628	0.00583
36	0.06373	0.01550	0.02052	0.02399	0.29513	0.01645	0.01454	0.20217	0.16303	0.09214	0.01727	0.01810	0.01296	0.00724	0.00645	0.00203	0.00679	0.00615	0.00531	0.01051
37	0.04357	0.01298	0.01698	0.25717	0.08896	0.03397	0.01323	0.15866	0.06876	0.02582	0.18697	0.02488	0.02315	0.00862	0.00677	0.00208	0.00670	0.00733	0.00508	0.00834
38	0.01796	0.01408	0.01693	0.25086	0.02578	0.04100	0.01276	0.30840	0.02077	0.02819	0.01536	0.01883	0.01179	0.03533	0.03444	0.00244	0.00764	0.00604	0.12276	0.00863
39	0.01722	0.01589	0.02270	0.05503	0.41533	0.05288	0.03520	0.05707	0.15873	0.04174	0.01569	0.01784	0.01238	0.00666	0.00649	0.00197	0.00739	0.00608	0.00428	0.04943

[dist]
# distance from previous block
# <min> <max>
0	102

# created by:
# /home/cegg/simao/soft/augustus-3.2.1/scripts/msa2prfl.pl ./align_prep/EOG090W0IOD.fa
