[name]
unknown

[dist]
# distance from previous block
# <min> <max>
145	473

[block]
# block no. 0 follows, 26 sequences, length 12
# corresponding to MSA columns:
# 731-742
name=unknown_A
#
# <colnr> <probs for GDERKNQSTAVLIFYWHMCP>
#	G	D	E	R	K	N	Q	S	T	A	V	L	I	F	Y	W	H	M	C	P
0	0.01705	0.01396	0.01792	0.29388	0.03044	0.04218	0.01418	0.13796	0.03550	0.04735	0.06795	0.06007	0.07040	0.10475	0.01189	0.00310	0.00819	0.00912	0.00541	0.00868
1	0.04501	0.01891	0.10690	0.01643	0.04806	0.01594	0.01411	0.20221	0.05937	0.22314	0.02092	0.02158	0.01499	0.04033	0.00857	0.00239	0.00758	0.00678	0.00674	0.12007
2	0.09145	0.01942	0.02237	0.01957	0.05919	0.12082	0.11319	0.03329	0.28786	0.11903	0.02270	0.02257	0.01677	0.00870	0.00748	0.00241	0.00843	0.00745	0.00628	0.01103
3	0.01768	0.01455	0.02265	0.40662	0.15105	0.01587	0.01853	0.04988	0.01709	0.08227	0.01529	0.01974	0.01149	0.00739	0.00729	0.00225	0.00887	0.00650	0.00432	0.12068
4	0.02048	0.01939	0.02464	0.02444	0.15569	0.10768	0.09905	0.17668	0.02151	0.02798	0.02143	0.08503	0.05260	0.01090	0.00997	0.00252	0.08901	0.03559	0.00527	0.01013
5	0.01468	0.01408	0.07350	0.01349	0.01629	0.04387	0.01088	0.12416	0.06735	0.02544	0.03310	0.45995	0.03638	0.01807	0.00883	0.00279	0.00623	0.01591	0.00669	0.00830
6	0.01756	0.01772	0.02565	0.38491	0.28900	0.09341	0.02119	0.02207	0.01667	0.02133	0.01358	0.01895	0.01079	0.00730	0.00747	0.00236	0.01009	0.00654	0.00358	0.00983
7	0.06908	0.16955	0.02600	0.01762	0.02289	0.30814	0.06129	0.11090	0.02140	0.10374	0.01471	0.01584	0.01129	0.00776	0.00667	0.00204	0.01051	0.00556	0.00495	0.01008
8	0.47508	0.01897	0.07521	0.04069	0.01985	0.06812	0.01194	0.09517	0.01728	0.09599	0.01374	0.01501	0.01006	0.00759	0.00579	0.00232	0.00742	0.00504	0.00522	0.00950
9	0.02170	0.01861	0.02574	0.03191	0.36102	0.01978	0.01846	0.21115	0.15372	0.03283	0.01873	0.02052	0.01450	0.00814	0.00757	0.00232	0.00822	0.00714	0.00566	0.01227
10	0.01599	0.01435	0.02081	0.01835	0.09428	0.01260	0.09716	0.04487	0.01669	0.02463	0.01790	0.11776	0.01690	0.00881	0.00755	0.00183	0.03016	0.00792	0.00477	0.42667
11	0.07853	0.01707	0.09572	0.32679	0.12089	0.01649	0.01863	0.04839	0.06553	0.06179	0.04287	0.04302	0.01536	0.00856	0.00743	0.00246	0.00874	0.00733	0.00464	0.00976

[dist]
# distance from previous block
# <min> <max>
110	287

[block]
# block no. 1 follows, 26 sequences, length 9
# corresponding to MSA columns:
# 1164-1172
name=unknown_B
#
# <colnr> <probs for GDERKNQSTAVLIFYWHMCP>
#	G	D	E	R	K	N	Q	S	T	A	V	L	I	F	Y	W	H	M	C	P
0	0.01164	0.00823	0.00983	0.00971	0.01117	0.00795	0.00683	0.05495	0.01785	0.02455	0.24940	0.21369	0.11430	0.16333	0.01486	0.00354	0.00488	0.01445	0.05217	0.00669
1	0.01721	0.09244	0.08101	0.01979	0.14987	0.01407	0.01422	0.02095	0.01648	0.12007	0.10387	0.02733	0.02247	0.02473	0.23578	0.00549	0.01175	0.00783	0.00517	0.00948
2	0.01822	0.16780	0.02276	0.01851	0.12480	0.01804	0.01289	0.14401	0.09170	0.02890	0.15200	0.11696	0.02961	0.01145	0.00755	0.00229	0.00670	0.00968	0.00614	0.00998
3	0.01554	0.01618	0.08694	0.02077	0.16971	0.01317	0.01422	0.02196	0.11215	0.02463	0.02184	0.15973	0.02072	0.01032	0.00732	0.00211	0.00677	0.00911	0.00517	0.26164
4	0.02188	0.16657	0.10495	0.01442	0.02139	0.01792	0.01352	0.15040	0.02053	0.12555	0.01624	0.01701	0.01217	0.00723	0.00634	0.00179	0.00747	0.00546	0.00541	0.26374
5	0.02007	0.06690	0.09575	0.03852	0.50982	0.01807	0.02184	0.02471	0.01748	0.09202	0.01555	0.01878	0.01231	0.00705	0.00732	0.00224	0.00891	0.00655	0.00424	0.01188
6	0.01719	0.11496	0.25185	0.01530	0.02121	0.01701	0.01570	0.14587	0.01820	0.02489	0.01751	0.02699	0.01617	0.24583	0.01729	0.00390	0.00898	0.00743	0.00453	0.00918
7	0.01303	0.00879	0.01109	0.01235	0.06337	0.00782	0.00821	0.01508	0.01695	0.10662	0.05453	0.27792	0.33867	0.01849	0.00892	0.00268	0.00476	0.01605	0.00709	0.00759
8	0.01644	0.08894	0.29041	0.01574	0.02238	0.05257	0.01691	0.05465	0.01777	0.07029	0.03079	0.11916	0.14920	0.01194	0.00769	0.00242	0.00824	0.00975	0.00517	0.00955

[dist]
# distance from previous block
# <min> <max>
1	12

[block]
# block no. 2 follows, 26 sequences, length 9
# corresponding to MSA columns:
# 1185-1193
name=unknown_C
#
# <colnr> <probs for GDERKNQSTAVLIFYWHMCP>
#	G	D	E	R	K	N	Q	S	T	A	V	L	I	F	Y	W	H	M	C	P
0	0.05551	0.32826	0.23496	0.01663	0.02393	0.11872	0.01753	0.02569	0.07379	0.02181	0.01343	0.01498	0.01080	0.00725	0.00610	0.00203	0.00955	0.00505	0.00378	0.01018
1	0.00924	0.00758	0.00818	0.00858	0.01075	0.00653	0.00642	0.01117	0.01686	0.02046	0.06865	0.17943	0.53674	0.02006	0.00918	0.00271	0.00415	0.05986	0.00704	0.00640
2	0.04291	0.13325	0.17839	0.01336	0.01833	0.01383	0.01360	0.01816	0.01803	0.02522	0.25985	0.04294	0.09457	0.01272	0.00789	0.00241	0.00664	0.08352	0.00588	0.00849
3	0.01632	0.01996	0.13113	0.02703	0.14648	0.01601	0.26849	0.04606	0.01822	0.02529	0.07887	0.06216	0.06518	0.00923	0.00831	0.00243	0.00962	0.00938	0.00467	0.03515
4	0.06281	0.01771	0.02280	0.02029	0.08657	0.12449	0.14489	0.02573	0.04295	0.16691	0.12813	0.02988	0.07333	0.00988	0.00792	0.00235	0.00847	0.00881	0.00616	0.00992
5	0.01750	0.11510	0.17739	0.05365	0.02383	0.01557	0.07546	0.02343	0.06550	0.11784	0.10239	0.03218	0.12754	0.01046	0.00766	0.00235	0.00779	0.00887	0.00568	0.00984
6	0.05739	0.09766	0.08293	0.01479	0.01916	0.01876	0.01286	0.16609	0.15917	0.02899	0.05204	0.02634	0.01934	0.13416	0.01405	0.00325	0.06976	0.00769	0.00573	0.00985
7	0.02067	0.02450	0.05919	0.11207	0.11826	0.23758	0.15289	0.02550	0.04911	0.02155	0.01384	0.01775	0.01113	0.00808	0.00966	0.00240	0.09560	0.00664	0.00389	0.00969
8	0.02182	0.21971	0.05735	0.01505	0.02075	0.06424	0.04428	0.16007	0.05198	0.08629	0.05875	0.02193	0.03919	0.00864	0.00672	0.00203	0.00783	0.00672	0.04716	0.05950

[dist]
# distance from previous block
# <min> <max>
56	780

[block]
# block no. 3 follows, 26 sequences, length 32
# corresponding to MSA columns:
# 2414-2445
name=unknown_D
#
# <colnr> <probs for GDERKNQSTAVLIFYWHMCP>
#	G	D	E	R	K	N	Q	S	T	A	V	L	I	F	Y	W	H	M	C	P
0	0.01171	0.01101	0.03442	0.01035	0.01314	0.04301	0.00809	0.01504	0.04960	0.02235	0.13599	0.14989	0.30824	0.05687	0.01027	0.00276	0.00520	0.03556	0.00661	0.06989
1	0.01696	0.11853	0.11468	0.01661	0.02162	0.10409	0.09515	0.02124	0.04133	0.04500	0.04342	0.21928	0.02427	0.01209	0.00772	0.00235	0.00832	0.01058	0.00512	0.07164
2	0.05363	0.05436	0.41281	0.01794	0.02600	0.03937	0.02056	0.02284	0.05168	0.02436	0.05004	0.07526	0.01679	0.00916	0.00771	0.00234	0.03086	0.00724	0.00422	0.07282
3	0.02131	0.21967	0.02446	0.01482	0.02001	0.02232	0.01254	0.20140	0.26335	0.03208	0.07377	0.02330	0.02047	0.00932	0.00698	0.00221	0.00704	0.00724	0.00648	0.01122
4	0.01912	0.09182	0.17808	0.01423	0.02185	0.01404	0.01423	0.02361	0.01676	0.13533	0.01597	0.01713	0.01196	0.00671	0.00625	0.00168	0.00732	0.00524	0.00488	0.39380
5	0.01790	0.11069	0.51723	0.02021	0.02992	0.07416	0.02427	0.07620	0.01799	0.02487	0.01351	0.01560	0.00990	0.00733	0.00696	0.00227	0.01085	0.00548	0.00362	0.01100
6	0.01824	0.26792	0.06708	0.01486	0.01981	0.04023	0.04502	0.10540	0.09758	0.02514	0.05735	0.16501	0.02350	0.01140	0.00718	0.00227	0.00747	0.00945	0.00545	0.00964
7	0.01579	0.07186	0.02302	0.20928	0.18355	0.01486	0.05663	0.01918	0.01584	0.05710	0.02179	0.20373	0.02162	0.01225	0.00883	0.03238	0.00804	0.01056	0.00476	0.00895
8	0.02413	0.01598	0.05332	0.17272	0.18586	0.01491	0.06859	0.02841	0.01872	0.30862	0.02085	0.02211	0.01436	0.00805	0.00768	0.00238	0.00855	0.00725	0.00606	0.01145
9	0.01779	0.02201	0.19007	0.10255	0.20201	0.01705	0.14528	0.02332	0.01691	0.07754	0.01909	0.02235	0.05251	0.00822	0.00880	0.00246	0.04967	0.00753	0.00423	0.01061
10	0.01870	0.01822	0.03190	0.04539	0.63446	0.01811	0.07404	0.02336	0.01732	0.02474	0.01435	0.01891	0.01197	0.00673	0.00762	0.00228	0.00931	0.00693	0.00376	0.01187
11	0.01674	0.03709	0.63908	0.02096	0.03173	0.01709	0.02665	0.02507	0.01648	0.07832	0.01494	0.01681	0.01035	0.00738	0.00724	0.00240	0.01082	0.00577	0.00371	0.01135
12	0.02297	0.02025	0.02050	0.05145	0.02296	0.15824	0.05438	0.26546	0.04541	0.06255	0.02424	0.08409	0.06971	0.01338	0.04679	0.00290	0.00962	0.00872	0.00618	0.01019
13	0.01305	0.01207	0.01579	0.01405	0.01520	0.01481	0.01135	0.01517	0.01531	0.02132	0.16134	0.04214	0.23408	0.01558	0.01678	0.00290	0.35514	0.01096	0.00547	0.00748
14	0.00947	0.00670	0.00873	0.01026	0.01065	0.00632	0.00672	0.01062	0.01407	0.01876	0.03948	0.64015	0.04723	0.11611	0.01345	0.00364	0.00478	0.02019	0.00672	0.00596
15	0.01529	0.01523	0.02854	0.29460	0.13552	0.01606	0.21612	0.02009	0.01622	0.02169	0.01863	0.13140	0.01712	0.00964	0.00832	0.00258	0.00988	0.00976	0.00415	0.00916
16	0.02238	0.02068	0.02081	0.01764	0.02134	0.20665	0.06939	0.09687	0.07474	0.10656	0.03966	0.10728	0.04045	0.01148	0.01023	0.00250	0.10693	0.00895	0.00582	0.00965
17	0.00924	0.00660	0.00880	0.01056	0.01100	0.00616	0.00704	0.01056	0.01452	0.01936	0.04181	0.72848	0.05017	0.02376	0.00968	0.00308	0.00440	0.02156	0.00704	0.00616
18	0.78701	0.01467	0.01115	0.00997	0.01467	0.01702	0.00821	0.02230	0.01291	0.03403	0.01056	0.01232	0.00821	0.00704	0.00469	0.00235	0.00587	0.00411	0.00469	0.00821
19	0.00924	0.00660	0.00880	0.01056	0.01100	0.00616	0.00704	0.01056	0.01452	0.01936	0.04181	0.72848	0.05017	0.02376	0.00968	0.00308	0.00440	0.02156	0.00704	0.00616
20	0.01214	0.01715	0.19606	0.01590	0.02016	0.01098	0.09255	0.01613	0.01555	0.02162	0.07393	0.35354	0.03436	0.07043	0.01107	0.00311	0.00741	0.01442	0.00553	0.00796
21	0.02275	0.01822	0.01934	0.01622	0.02120	0.02068	0.01295	0.28208	0.42431	0.03799	0.02594	0.02437	0.01916	0.00983	0.00767	0.00246	0.00692	0.00790	0.00767	0.01235
22	0.01305	0.01143	0.01566	0.01471	0.01507	0.01432	0.01143	0.01418	0.01296	0.01838	0.02702	0.27529	0.07933	0.01864	0.01860	0.07132	0.34400	0.01271	0.00495	0.00694
23	0.01736	0.02449	0.22999	0.11241	0.24301	0.01823	0.17285	0.04627	0.01746	0.02464	0.01438	0.01850	0.01099	0.00699	0.00777	0.00240	0.01065	0.00693	0.00370	0.01097
24	0.02942	0.01479	0.04918	0.07995	0.11320	0.01286	0.01440	0.03300	0.02029	0.51307	0.02565	0.02395	0.01670	0.00878	0.00759	0.00235	0.00733	0.00734	0.00783	0.01232
25	0.03199	0.01246	0.01695	0.01315	0.01866	0.01080	0.01080	0.03498	0.02169	0.63333	0.08720	0.02853	0.02341	0.00993	0.00774	0.00235	0.00620	0.00816	0.00930	0.01240
26	0.02118	0.08653	0.32573	0.02343	0.14146	0.06134	0.02137	0.06109	0.01862	0.14398	0.01652	0.01790	0.01186	0.00760	0.00714	0.00227	0.00973	0.00606	0.00469	0.01147
27	0.01566	0.03182	0.47900	0.02500	0.12444	0.01762	0.05660	0.02279	0.01586	0.02345	0.01492	0.05257	0.01212	0.00842	0.00887	0.00250	0.06723	0.00682	0.00352	0.01079
28	0.01998	0.01593	0.11016	0.29867	0.03329	0.01366	0.01677	0.02440	0.01752	0.23392	0.02589	0.06129	0.07590	0.00996	0.00778	0.00248	0.00824	0.00844	0.00578	0.00993
29	0.01603	0.01628	0.05749	0.24647	0.33996	0.01618	0.04831	0.02069	0.01652	0.02276	0.03811	0.07686	0.01697	0.00899	0.00787	0.00246	0.00904	0.02488	0.00410	0.01005
30	0.01842	0.01762	0.02530	0.02192	0.07721	0.11802	0.22360	0.03913	0.01845	0.08122	0.02886	0.17178	0.10014	0.01208	0.00851	0.00252	0.00915	0.01143	0.00547	0.00917
31	0.01758	0.02217	0.21294	0.11886	0.16786	0.03822	0.04320	0.02274	0.01631	0.07351	0.01670	0.04993	0.01353	0.00880	0.00919	0.00245	0.08293	0.00717	0.06575	0.01017

[dist]
# distance from previous block
# <min> <max>
0	60

[block]
# block no. 4 follows, 26 sequences, length 10
# corresponding to MSA columns:
# 2506-2515
name=unknown_E
#
# <colnr> <probs for GDERKNQSTAVLIFYWHMCP>
#	G	D	E	R	K	N	Q	S	T	A	V	L	I	F	Y	W	H	M	C	P
0	0.07396	0.01823	0.02477	0.02838	0.26780	0.04582	0.04497	0.12365	0.09069	0.02819	0.01667	0.04527	0.01406	0.00933	0.01049	0.00252	0.13213	0.00734	0.00491	0.01082
1	0.08996	0.17438	0.16326	0.01694	0.02301	0.06850	0.05844	0.11975	0.01926	0.02680	0.06797	0.02108	0.04497	0.00898	0.00824	0.00227	0.06494	0.00668	0.00469	0.00989
2	0.01789	0.11122	0.28668	0.02454	0.10620	0.04270	0.15025	0.07019	0.01811	0.02479	0.01595	0.04553	0.01325	0.00817	0.00754	0.00236	0.01038	0.02959	0.00402	0.01064
3	0.01664	0.01263	0.01563	0.01399	0.01696	0.01437	0.01111	0.19189	0.09534	0.02743	0.02097	0.02649	0.01781	0.03853	0.43408	0.00839	0.01541	0.00783	0.00544	0.00904
4	0.02145	0.01758	0.01861	0.01596	0.02071	0.02007	0.01263	0.20117	0.50734	0.03590	0.02759	0.02568	0.02050	0.00998	0.00768	0.00250	0.00661	0.00812	0.00768	0.01224
5	0.67555	0.01368	0.01100	0.00991	0.01419	0.01560	0.00806	0.02115	0.01414	0.03351	0.10698	0.01869	0.01731	0.00826	0.00530	0.00235	0.00554	0.00549	0.00522	0.00806
6	0.02096	0.01733	0.01833	0.01586	0.02052	0.01984	0.01251	0.17068	0.53862	0.03511	0.02821	0.02618	0.02100	0.01004	0.00769	0.00251	0.00650	0.00821	0.00769	0.01219
7	0.00967	0.00691	0.00929	0.01105	0.01168	0.00653	0.00779	0.01130	0.01494	0.01984	0.04157	0.63617	0.04923	0.02336	0.00980	0.00314	0.00477	0.10965	0.00703	0.00628
8	0.01877	0.01802	0.03079	0.04656	0.68612	0.01802	0.02328	0.02328	0.01727	0.02478	0.01427	0.01877	0.01201	0.00676	0.00751	0.00225	0.00901	0.00676	0.00375	0.01201
9	0.01887	0.01629	0.01715	0.01544	0.01972	0.01887	0.01201	0.04031	0.67241	0.03173	0.03087	0.02830	0.02315	0.01029	0.00772	0.00257	0.00600	0.00858	0.00772	0.01201

[dist]
# distance from previous block
# <min> <max>
0	1

[block]
# block no. 5 follows, 26 sequences, length 8
# corresponding to MSA columns:
# 2517-2524
name=unknown_F
#
# <colnr> <probs for GDERKNQSTAVLIFYWHMCP>
#	G	D	E	R	K	N	Q	S	T	A	V	L	I	F	Y	W	H	M	C	P
0	0.01031	0.00774	0.00955	0.00910	0.01107	0.00698	0.00682	0.01350	0.02047	0.02805	0.53763	0.06056	0.21753	0.01639	0.00895	0.00243	0.00364	0.01426	0.00804	0.00698
1	0.00901	0.00751	0.00787	0.00815	0.01037	0.00636	0.00597	0.01083	0.01684	0.02031	0.07115	0.17949	0.58021	0.01995	0.00908	0.00265	0.00393	0.01691	0.00704	0.00636
2	0.01735	0.01657	0.02821	0.26105	0.48277	0.01765	0.02257	0.02203	0.01660	0.02305	0.01402	0.01924	0.01140	0.00702	0.00753	0.00234	0.00936	0.00675	0.00363	0.01086
3	0.13597	0.00835	0.00939	0.00983	0.01159	0.00822	0.00710	0.01350	0.01645	0.02481	0.21025	0.35155	0.12931	0.01829	0.00859	0.00271	0.00435	0.01595	0.00701	0.00679
4	0.14869	0.02585	0.02491	0.02004	0.02538	0.30555	0.15735	0.11773	0.02104	0.02688	0.01337	0.01573	0.01043	0.00745	0.00701	0.00216	0.01103	0.00593	0.00458	0.04891
5	0.01802	0.01644	0.02669	0.38592	0.18817	0.01842	0.08236	0.12495	0.01923	0.02568	0.01461	0.01959	0.01113	0.00753	0.00770	0.00243	0.00984	0.00697	0.00419	0.01013
6	0.26396	0.07222	0.17097	0.01891	0.08684	0.13490	0.01631	0.10624	0.01857	0.02899	0.01278	0.01475	0.00986	0.00741	0.00628	0.00223	0.00915	0.00518	0.00441	0.01005
7	0.02141	0.06865	0.14607	0.02565	0.21543	0.01969	0.01868	0.21540	0.07802	0.05583	0.04824	0.02050	0.01566	0.00832	0.00740	0.00228	0.00855	0.00691	0.00552	0.01179

[dist]
# distance from previous block
# <min> <max>
3	62

[block]
# block no. 6 follows, 26 sequences, length 8
# corresponding to MSA columns:
# 2591-2598
name=unknown_G
#
# <colnr> <probs for GDERKNQSTAVLIFYWHMCP>
#	G	D	E	R	K	N	Q	S	T	A	V	L	I	F	Y	W	H	M	C	P
0	0.13569	0.01844	0.01786	0.01402	0.01983	0.08417	0.01127	0.21892	0.05932	0.03298	0.01531	0.01650	0.01183	0.00738	0.00633	0.00182	0.00731	0.00542	0.00560	0.31001
1	0.01100	0.00867	0.01224	0.01578	0.11149	0.00826	0.00969	0.01302	0.01540	0.02042	0.04100	0.44790	0.12012	0.05348	0.01070	0.00313	0.00541	0.07877	0.00643	0.00707
2	0.01877	0.01802	0.03079	0.04656	0.68612	0.01802	0.02328	0.02328	0.01727	0.02478	0.01427	0.01877	0.01201	0.00676	0.00751	0.00225	0.00901	0.00676	0.00375	0.01201
3	0.01158	0.00835	0.01143	0.01307	0.01468	0.00820	0.01105	0.01465	0.01701	0.02207	0.04268	0.18024	0.08425	0.02126	0.01026	0.00337	0.00641	0.50560	0.00700	0.00683
4	0.01790	0.01446	0.01588	0.01396	0.01776	0.01604	0.01091	0.12462	0.38211	0.03372	0.22484	0.03533	0.03619	0.01168	0.00807	0.00247	0.00562	0.00986	0.00789	0.01068
5	0.00994	0.00690	0.00859	0.00967	0.00993	0.00663	0.00608	0.01075	0.01316	0.01754	0.03480	0.46281	0.04133	0.30149	0.02100	0.00475	0.00556	0.01744	0.00608	0.00555
6	0.01866	0.02053	0.03782	0.03340	0.18881	0.06399	0.40356	0.02385	0.01737	0.02344	0.01432	0.01924	0.01136	0.00725	0.01005	0.00252	0.08174	0.00794	0.00377	0.01037
7	0.01857	0.01860	0.03408	0.04312	0.53394	0.01830	0.17282	0.02352	0.01742	0.02467	0.01452	0.01917	0.01190	0.00667	0.00785	0.00232	0.00990	0.00727	0.00377	0.01159

[dist]
# distance from previous block
# <min> <max>
41	142

[block]
# block no. 7 follows, 26 sequences, length 56
# corresponding to MSA columns:
# 2766-2821
name=unknown_H
#
# <colnr> <probs for GDERKNQSTAVLIFYWHMCP>
#	G	D	E	R	K	N	Q	S	T	A	V	L	I	F	Y	W	H	M	C	P
0	0.10696	0.18082	0.10888	0.02685	0.28743	0.01922	0.01776	0.02278	0.01678	0.05047	0.07900	0.02020	0.01687	0.00774	0.00670	0.00216	0.00808	0.00642	0.00435	0.01052
1	0.01913	0.28696	0.20586	0.01778	0.04928	0.02138	0.05081	0.09723	0.01861	0.05344	0.04479	0.07006	0.01630	0.00878	0.00677	0.00215	0.00870	0.00702	0.00456	0.01037
2	0.05314	0.01813	0.09966	0.22124	0.18110	0.01694	0.08161	0.02402	0.11902	0.02432	0.02138	0.02445	0.06508	0.00854	0.00765	0.00246	0.00891	0.00772	0.00451	0.01012
3	0.04698	0.02189	0.18076	0.02830	0.16738	0.01652	0.24733	0.02297	0.01695	0.05932	0.01848	0.10370	0.01606	0.00891	0.00811	0.00250	0.01004	0.00899	0.00439	0.01040
4	0.02586	0.02287	0.07504	0.02150	0.12015	0.12739	0.01606	0.31194	0.02684	0.11115	0.05263	0.02031	0.01579	0.00878	0.00750	0.00225	0.00904	0.00687	0.00635	0.01169
5	0.00918	0.00684	0.00855	0.00991	0.01083	0.00622	0.00675	0.01063	0.01514	0.01962	0.04968	0.58117	0.19240	0.02274	0.00952	0.00296	0.00428	0.02031	0.00704	0.00622
6	0.01040	0.00749	0.00984	0.00977	0.01126	0.00693	0.00713	0.01347	0.01991	0.02793	0.53821	0.20764	0.06676	0.01736	0.00911	0.00254	0.00376	0.01548	0.00806	0.00693
7	0.00896	0.00768	0.00768	0.00768	0.01025	0.00640	0.00576	0.01089	0.01729	0.02049	0.07684	0.07300	0.68304	0.01921	0.00896	0.00256	0.00384	0.01601	0.00704	0.00640
8	0.01573	0.01348	0.01573	0.01123	0.01798	0.01011	0.00899	0.01910	0.01573	0.02472	0.01348	0.01573	0.01123	0.00562	0.00562	0.00112	0.00562	0.00449	0.00449	0.77980
9	0.01521	0.03923	0.69413	0.02162	0.03283	0.01762	0.02802	0.02402	0.01601	0.02402	0.01361	0.01601	0.00961	0.00721	0.00721	0.00240	0.01121	0.00560	0.00320	0.01121
10	0.01877	0.01802	0.03079	0.04656	0.68612	0.01802	0.02328	0.02328	0.01727	0.02478	0.01427	0.01877	0.01201	0.00676	0.00751	0.00225	0.00901	0.00676	0.00375	0.01201
11	0.03257	0.01526	0.01906	0.01461	0.02054	0.01464	0.01207	0.21291	0.02565	0.50986	0.02662	0.02367	0.01712	0.00931	0.00762	0.00233	0.00699	0.00740	0.00888	0.01291
12	0.02883	0.02125	0.02276	0.01745	0.02352	0.02352	0.01442	0.66082	0.03566	0.04780	0.01821	0.01821	0.01290	0.00911	0.00759	0.00228	0.00835	0.00683	0.00759	0.01290
13	0.02883	0.02125	0.02276	0.01745	0.02352	0.02352	0.01442	0.66082	0.03566	0.04780	0.01821	0.01821	0.01290	0.00911	0.00759	0.00228	0.00835	0.00683	0.00759	0.01290
14	0.01103	0.00735	0.00827	0.00827	0.00827	0.00735	0.00460	0.01103	0.01103	0.01471	0.02390	0.04964	0.02758	0.73343	0.03861	0.00735	0.00735	0.01103	0.00460	0.00460
15	0.02578	0.02174	0.02504	0.02635	0.22142	0.08849	0.01709	0.40859	0.02878	0.03806	0.01640	0.01793	0.01233	0.00828	0.00749	0.00224	0.00907	0.00662	0.00608	0.01223
16	0.00973	0.00762	0.00824	0.00814	0.00999	0.00675	0.00574	0.01151	0.01660	0.02090	0.16904	0.06494	0.43057	0.17909	0.01562	0.00361	0.00459	0.01450	0.00672	0.00613
17	0.01659	0.01659	0.02323	0.01991	0.01991	0.02323	0.01659	0.01825	0.01162	0.01825	0.00996	0.01659	0.00996	0.01328	0.02489	0.00332	0.71955	0.00664	0.00332	0.00830
18	0.01573	0.01348	0.01573	0.01123	0.01798	0.01011	0.00899	0.01910	0.01573	0.02472	0.01348	0.01573	0.01123	0.00562	0.00562	0.00112	0.00562	0.00449	0.00449	0.77980
19	0.53592	0.05283	0.20529	0.01339	0.02001	0.01775	0.01402	0.02280	0.01389	0.03051	0.01142	0.01336	0.00867	0.00706	0.00541	0.00233	0.00747	0.00453	0.00421	0.00913
20	0.01432	0.01348	0.02275	0.71520	0.05224	0.01685	0.02107	0.01938	0.01517	0.01938	0.01348	0.02022	0.01011	0.00758	0.00758	0.00253	0.01011	0.00674	0.00337	0.00843
21	0.00927	0.00677	0.00873	0.01020	0.01093	0.00623	0.00690	0.01074	0.01510	0.01991	0.07031	0.62984	0.12130	0.02294	0.00957	0.00300	0.00431	0.02064	0.00709	0.00623
22	0.01414	0.00707	0.00707	0.00707	0.00884	0.00707	0.00530	0.01767	0.01591	0.02828	0.02474	0.02828	0.01944	0.00884	0.00530	0.00177	0.00353	0.00707	0.77554	0.00707
23	0.02123	0.04840	0.14908	0.05651	0.18305	0.01593	0.07845	0.05035	0.01874	0.18700	0.02107	0.02776	0.01674	0.00923	0.00787	0.00247	0.00890	0.08061	0.00552	0.01111
24	0.02028	0.73799	0.03975	0.01298	0.01947	0.03001	0.01298	0.02271	0.01541	0.01785	0.01055	0.01217	0.00973	0.00649	0.00487	0.00162	0.00811	0.00406	0.00324	0.00973
25	0.01678	0.02210	0.14180	0.02472	0.03147	0.06849	0.37255	0.02265	0.01860	0.02508	0.15210	0.02667	0.02344	0.00851	0.00850	0.00245	0.01070	0.00908	0.00467	0.00965
26	0.01414	0.00707	0.00707	0.00707	0.00884	0.00707	0.00530	0.01767	0.01591	0.02828	0.02474	0.02828	0.01944	0.00884	0.00530	0.00177	0.00353	0.00707	0.77554	0.00707
27	0.01560	0.01025	0.01138	0.01027	0.01219	0.01088	0.00738	0.14860	0.01767	0.02575	0.02256	0.03490	0.02128	0.30418	0.09540	0.00525	0.00790	0.00872	0.22259	0.00726
28	0.01084	0.00813	0.01219	0.01219	0.01354	0.00948	0.00948	0.01354	0.01219	0.01761	0.02032	0.02980	0.01896	0.05689	0.70337	0.01219	0.02032	0.00813	0.00406	0.00677
29	0.01414	0.00707	0.00707	0.00707	0.00884	0.00707	0.00530	0.01767	0.01591	0.02828	0.02474	0.02828	0.01944	0.00884	0.00530	0.00177	0.00353	0.00707	0.77554	0.00707
30	0.27136	0.01330	0.01334	0.01163	0.01465	0.01493	0.00882	0.16124	0.01730	0.02888	0.01742	0.02752	0.01657	0.25263	0.07027	0.00477	0.03479	0.00742	0.00521	0.00796
31	0.78701	0.01467	0.01115	0.00997	0.01467	0.01702	0.00821	0.02230	0.01291	0.03403	0.01056	0.01232	0.00821	0.00704	0.00469	0.00235	0.00587	0.00411	0.00469	0.00821
32	0.01877	0.01802	0.03079	0.04656	0.68612	0.01802	0.02328	0.02328	0.01727	0.02478	0.01427	0.01877	0.01201	0.00676	0.00751	0.00225	0.00901	0.00676	0.00375	0.01201
33	0.01103	0.00735	0.00827	0.00827	0.00827	0.00735	0.00460	0.01103	0.01103	0.01471	0.02390	0.04964	0.02758	0.73343	0.03861	0.00735	0.00735	0.01103	0.00460	0.00460
34	0.78701	0.01467	0.01115	0.00997	0.01467	0.01702	0.00821	0.02230	0.01291	0.03403	0.01056	0.01232	0.00821	0.00704	0.00469	0.00235	0.00587	0.00411	0.00469	0.00821
35	0.01477	0.01073	0.01274	0.01250	0.01453	0.01106	0.00912	0.19396	0.02048	0.02738	0.03515	0.52816	0.03966	0.01963	0.00909	0.00285	0.00551	0.01741	0.00720	0.00806
36	0.01045	0.00745	0.00998	0.01047	0.01113	0.00786	0.00722	0.01190	0.01248	0.01717	0.02753	0.23322	0.03053	0.26488	0.29417	0.00807	0.01166	0.01285	0.00507	0.00590
37	0.02028	0.73799	0.03975	0.01298	0.01947	0.03001	0.01298	0.02271	0.01541	0.01785	0.01055	0.01217	0.00973	0.00649	0.00487	0.00162	0.00811	0.00406	0.00324	0.00973
38	0.01887	0.01629	0.01715	0.01544	0.01972	0.01887	0.01201	0.04031	0.67241	0.03173	0.03087	0.02830	0.02315	0.01029	0.00772	0.00257	0.00600	0.00858	0.00772	0.01201
39	0.01573	0.01348	0.01573	0.01123	0.01798	0.01011	0.00899	0.01910	0.01573	0.02472	0.01348	0.01573	0.01123	0.00562	0.00562	0.00112	0.00562	0.00449	0.00449	0.77980
40	0.01360	0.00754	0.00852	0.00902	0.01078	0.00754	0.00725	0.01712	0.01635	0.02671	0.02909	0.04443	0.02627	0.01225	0.00676	0.00225	0.00451	0.18418	0.55878	0.00705
41	0.01659	0.01659	0.02323	0.01991	0.01991	0.02323	0.01659	0.01825	0.01162	0.01825	0.00996	0.01659	0.00996	0.01328	0.02489	0.00332	0.71955	0.00664	0.00332	0.00830
42	0.00952	0.00740	0.00866	0.00900	0.01075	0.00654	0.00650	0.01172	0.01764	0.02285	0.23038	0.25345	0.33945	0.01949	0.00916	0.00266	0.00393	0.01696	0.00740	0.00654
43	0.20325	0.01330	0.01615	0.01270	0.01831	0.01247	0.01049	0.03367	0.01973	0.54364	0.02557	0.02278	0.01640	0.00886	0.00697	0.00235	0.00632	0.00684	0.00833	0.01185
44	0.01956	0.01939	0.03992	0.02885	0.03608	0.01837	0.54408	0.02680	0.06992	0.09028	0.01800	0.02160	0.01314	0.00699	0.00872	0.00254	0.01163	0.00879	0.00469	0.01063
45	0.01042	0.00815	0.00971	0.01049	0.01269	0.00744	0.00865	0.01304	0.01737	0.02148	0.06044	0.07861	0.39724	0.01999	0.00964	0.00298	0.00525	0.29272	0.00702	0.00666
46	0.01877	0.01802	0.03079	0.04656	0.68612	0.01802	0.02328	0.02328	0.01727	0.02478	0.01427	0.01877	0.01201	0.00676	0.00751	0.00225	0.00901	0.00676	0.00375	0.01201
47	0.02836	0.02101	0.02249	0.01736	0.02334	0.02330	0.01430	0.63105	0.06621	0.04703	0.01882	0.01869	0.01339	0.00916	0.00759	0.00229	0.00823	0.00691	0.00759	0.01286
48	0.01906	0.21776	0.02220	0.01316	0.01762	0.01860	0.01119	0.15677	0.09976	0.05584	0.17438	0.05905	0.05853	0.01143	0.00740	0.00224	0.00644	0.03217	0.00656	0.00982
49	0.01542	0.06769	0.66748	0.02127	0.03228	0.01812	0.02741	0.02397	0.01599	0.02377	0.01349	0.01586	0.00961	0.00718	0.00711	0.00237	0.01108	0.00554	0.00320	0.01115
50	0.01432	0.01348	0.02275	0.71520	0.05224	0.01685	0.02107	0.01938	0.01517	0.01938	0.01348	0.02022	0.01011	0.00758	0.00758	0.00253	0.01011	0.00674	0.00337	0.00843
51	0.01689	0.01849	0.03855	0.22466	0.04320	0.01852	0.47877	0.02291	0.01713	0.02291	0.01482	0.02039	0.01111	0.00673	0.00857	0.00255	0.01203	0.00833	0.00370	0.00972
52	0.01969	0.05565	0.03266	0.08647	0.24436	0.12425	0.22550	0.02561	0.06631	0.02342	0.01521	0.01904	0.01207	0.00712	0.00777	0.00232	0.01077	0.00718	0.00404	0.01055
53	0.01888	0.01858	0.02959	0.10438	0.59498	0.05406	0.02263	0.02330	0.01731	0.02397	0.01406	0.01863	0.01173	0.00689	0.00748	0.00226	0.00935	0.00666	0.00373	0.01153
54	0.00919	0.00769	0.00800	0.00792	0.01038	0.00650	0.00594	0.01132	0.01782	0.02175	0.15357	0.07093	0.60552	0.01874	0.00896	0.00254	0.00381	0.01572	0.00721	0.00650
55	0.00924	0.00660	0.00880	0.01056	0.01100	0.00616	0.00704	0.01056	0.01452	0.01936	0.04181	0.72848	0.05017	0.02376	0.00968	0.00308	0.00440	0.02156	0.00704	0.00616

[dist]
# distance from previous block
# <min> <max>
0	1

[block]
# block no. 8 follows, 26 sequences, length 32
# corresponding to MSA columns:
# 2823-2854
name=unknown_I
#
# <colnr> <probs for GDERKNQSTAVLIFYWHMCP>
#	G	D	E	R	K	N	Q	S	T	A	V	L	I	F	Y	W	H	M	C	P
0	0.06152	0.10235	0.09029	0.01421	0.01967	0.08480	0.01282	0.02807	0.01920	0.31397	0.07592	0.02707	0.07184	0.00993	0.00787	0.00228	0.03322	0.00764	0.00675	0.01059
1	0.02184	0.02193	0.01667	0.01493	0.01872	0.29765	0.01142	0.05899	0.12149	0.08239	0.08154	0.03344	0.16458	0.01147	0.00771	0.00227	0.00868	0.00889	0.00618	0.00921
2	0.01480	0.03700	0.64714	0.02086	0.03133	0.01683	0.02659	0.02310	0.01591	0.02370	0.01554	0.06486	0.01239	0.00834	0.00738	0.00245	0.01074	0.00670	0.00347	0.01086
3	0.01553	0.02346	0.27033	0.17472	0.14606	0.01611	0.02119	0.02287	0.06663	0.02438	0.07812	0.02216	0.01713	0.00812	0.00744	0.00233	0.00909	0.00697	0.00425	0.06312
4	0.01766	0.01729	0.02693	0.03295	0.34579	0.02068	0.01986	0.02071	0.01438	0.02145	0.01207	0.01766	0.01096	0.01009	0.01639	0.00280	0.37198	0.00670	0.00353	0.01012
5	0.00919	0.00681	0.00858	0.01000	0.01085	0.00621	0.00679	0.01062	0.01506	0.01958	0.04866	0.60024	0.17399	0.02287	0.00954	0.00298	0.00429	0.02048	0.00704	0.00621
6	0.01961	0.01796	0.01819	0.01734	0.05386	0.07320	0.01279	0.03864	0.58740	0.03033	0.02851	0.02665	0.02152	0.00991	0.00764	0.00251	0.00677	0.00819	0.00721	0.01175
7	0.01415	0.01254	0.01865	0.10998	0.23515	0.01247	0.01424	0.01862	0.04888	0.02442	0.15498	0.08418	0.13889	0.01187	0.00805	0.00235	0.00652	0.01057	0.00561	0.06788
8	0.02028	0.73799	0.03975	0.01298	0.01947	0.03001	0.01298	0.02271	0.01541	0.01785	0.01055	0.01217	0.00973	0.00649	0.00487	0.00162	0.00811	0.00406	0.00324	0.00973
9	0.02875	0.02365	0.02256	0.01779	0.02351	0.13322	0.01446	0.55903	0.03338	0.04308	0.01716	0.01748	0.01239	0.00890	0.00747	0.00222	0.00921	0.00652	0.00699	0.01224
10	0.01414	0.00707	0.00707	0.00707	0.00884	0.00707	0.00530	0.01767	0.01591	0.02828	0.02474	0.02828	0.01944	0.00884	0.00530	0.00177	0.00353	0.00707	0.77554	0.00707
11	0.00924	0.00660	0.00880	0.01056	0.01100	0.00616	0.00704	0.01056	0.01452	0.01936	0.04181	0.72848	0.05017	0.02376	0.00968	0.00308	0.00440	0.02156	0.00704	0.00616
12	0.01414	0.00707	0.00707	0.00707	0.00884	0.00707	0.00530	0.01767	0.01591	0.02828	0.02474	0.02828	0.01944	0.00884	0.00530	0.00177	0.00353	0.00707	0.77554	0.00707
13	0.02028	0.73799	0.03975	0.01298	0.01947	0.03001	0.01298	0.02271	0.01541	0.01785	0.01055	0.01217	0.00973	0.00649	0.00487	0.00162	0.00811	0.00406	0.00324	0.00973
14	0.03403	0.01291	0.01760	0.01350	0.01936	0.01115	0.01115	0.03697	0.02171	0.69137	0.02992	0.02582	0.01878	0.00939	0.00763	0.00235	0.00645	0.00763	0.00939	0.01291
15	0.01414	0.00707	0.00707	0.00707	0.00884	0.00707	0.00530	0.01767	0.01591	0.02828	0.02474	0.02828	0.01944	0.00884	0.00530	0.00177	0.00353	0.00707	0.77554	0.00707
16	0.01091	0.00785	0.01079	0.01079	0.01166	0.00872	0.00774	0.01265	0.01178	0.01657	0.02160	0.03689	0.02204	0.29870	0.46577	0.01046	0.01568	0.00916	0.00425	0.00599
17	0.01432	0.01348	0.02275	0.71520	0.05224	0.01685	0.02107	0.01938	0.01517	0.01938	0.01348	0.02022	0.01011	0.00758	0.00758	0.00253	0.01011	0.00674	0.00337	0.00843
18	0.01659	0.01659	0.02323	0.01991	0.01991	0.02323	0.01659	0.01825	0.01162	0.01825	0.00996	0.01659	0.00996	0.01328	0.02489	0.00332	0.71955	0.00664	0.00332	0.00830
19	0.01060	0.00775	0.00995	0.00940	0.01125	0.00710	0.00705	0.01405	0.02115	0.02966	0.63593	0.05791	0.11823	0.01579	0.00895	0.00240	0.00360	0.01389	0.00825	0.00710
20	0.02028	0.73799	0.03975	0.01298	0.01947	0.03001	0.01298	0.02271	0.01541	0.01785	0.01055	0.01217	0.00973	0.00649	0.00487	0.00162	0.00811	0.00406	0.00324	0.00973
21	0.01432	0.01348	0.02275	0.71520	0.05224	0.01685	0.02107	0.01938	0.01517	0.01938	0.01348	0.02022	0.01011	0.00758	0.00758	0.00253	0.01011	0.00674	0.00337	0.00843
22	0.01713	0.01634	0.02782	0.29383	0.45170	0.01759	0.02246	0.02184	0.01649	0.02278	0.01398	0.01931	0.01131	0.00706	0.00754	0.00235	0.00942	0.00675	0.00361	0.01069
23	0.03331	0.01407	0.01832	0.01405	0.01994	0.01287	0.01160	0.12384	0.02365	0.60175	0.02829	0.02476	0.01796	0.00935	0.00762	0.00234	0.00672	0.00752	0.00914	0.01291
24	0.02833	0.03615	0.02149	0.01954	0.02345	0.70298	0.01466	0.03029	0.02149	0.01856	0.01172	0.01368	0.00977	0.00782	0.00684	0.00195	0.01368	0.00489	0.00391	0.00879
25	0.01775	0.01120	0.01260	0.01144	0.01468	0.01167	0.00895	0.02715	0.23882	0.12281	0.11391	0.03642	0.06399	0.01133	0.00733	0.00232	0.00495	0.03637	0.23676	0.00953
26	0.02016	0.01610	0.01810	0.01333	0.01985	0.01464	0.01082	0.23587	0.02246	0.03251	0.01508	0.01657	0.01180	0.00680	0.00628	0.00151	0.00654	0.00528	0.00554	0.52074
27	0.02351	0.01809	0.01990	0.01493	0.02127	0.01807	0.01221	0.40006	0.02756	0.03842	0.01629	0.01720	0.01222	0.00769	0.00679	0.00181	0.00724	0.00588	0.00633	0.32453
28	0.01403	0.01173	0.01610	0.01464	0.01742	0.01332	0.05484	0.02332	0.23560	0.02284	0.02354	0.02865	0.01987	0.03769	0.42077	0.00828	0.01497	0.00833	0.00528	0.00878
29	0.01991	0.02023	0.02283	0.18476	0.20085	0.16688	0.01746	0.05472	0.15069	0.02486	0.04903	0.02170	0.01622	0.00841	0.00749	0.00232	0.00939	0.00705	0.00489	0.01029
30	0.01860	0.01817	0.02214	0.02884	0.30384	0.13876	0.01711	0.05596	0.01887	0.02394	0.02289	0.08944	0.02284	0.01209	0.00833	0.00259	0.00894	0.17185	0.00508	0.00972
31	0.01696	0.01737	0.02978	0.24465	0.23444	0.05398	0.18702	0.02175	0.01681	0.02224	0.01627	0.07354	0.01409	0.00827	0.00804	0.00246	0.01024	0.00836	0.00392	0.00982

[dist]
# distance from previous block
# <min> <max>
7	71

[block]
# block no. 9 follows, 26 sequences, length 31
# corresponding to MSA columns:
# 2930-2960
name=unknown_J
#
# <colnr> <probs for GDERKNQSTAVLIFYWHMCP>
#	G	D	E	R	K	N	Q	S	T	A	V	L	I	F	Y	W	H	M	C	P
0	0.13469	0.14170	0.05326	0.06533	0.02649	0.02010	0.15629	0.11173	0.01911	0.13154	0.01596	0.01795	0.01179	0.00789	0.00808	0.00234	0.05370	0.00648	0.00515	0.01043
1	0.08850	0.01349	0.01845	0.07809	0.08372	0.04627	0.08136	0.01943	0.01638	0.07159	0.07176	0.18354	0.02578	0.05723	0.00970	0.00268	0.00727	0.01056	0.00547	0.10873
2	0.01971	0.01610	0.02317	0.20676	0.05727	0.05015	0.10688	0.14174	0.02091	0.09003	0.02337	0.03380	0.04357	0.01070	0.00832	0.00260	0.00914	0.12039	0.00563	0.00977
3	0.01523	0.01695	0.11087	0.05749	0.04444	0.01390	0.15296	0.07039	0.04323	0.02597	0.14158	0.05621	0.07124	0.07371	0.01094	0.00287	0.00817	0.03108	0.00550	0.04727
4	0.11772	0.04051	0.05708	0.13271	0.02558	0.08539	0.01468	0.11732	0.06070	0.11483	0.01930	0.04766	0.01579	0.01002	0.00870	0.00250	0.06498	0.04901	0.00562	0.00991
5	0.06933	0.01517	0.02093	0.02494	0.24346	0.01658	0.01525	0.06726	0.08407	0.05364	0.05173	0.04982	0.11232	0.01114	0.01061	0.00255	0.12691	0.00883	0.00540	0.01006
6	0.01414	0.00707	0.00707	0.00707	0.00884	0.00707	0.00530	0.01767	0.01591	0.02828	0.02474	0.02828	0.01944	0.00884	0.00530	0.00177	0.00353	0.00707	0.77554	0.00707
7	0.04903	0.01572	0.01772	0.01537	0.01803	0.07573	0.01226	0.10047	0.03766	0.13411	0.05730	0.12821	0.06347	0.01335	0.01308	0.00273	0.22062	0.00976	0.00610	0.00928
8	0.01755	0.01019	0.01290	0.01142	0.01458	0.00973	0.00896	0.02325	0.10685	0.19303	0.38065	0.04732	0.07615	0.01371	0.00853	0.00246	0.00478	0.04036	0.00841	0.00918
9	0.01513	0.01530	0.06352	0.25792	0.10948	0.01505	0.05697	0.04500	0.09129	0.02343	0.02505	0.11712	0.07582	0.01078	0.00795	0.00249	0.00819	0.00965	0.00494	0.04491
10	0.24589	0.30495	0.15437	0.01523	0.02198	0.06840	0.05066	0.02344	0.01534	0.02420	0.01148	0.01351	0.00936	0.00687	0.00562	0.00206	0.00867	0.00469	0.00374	0.00953
11	0.01414	0.00707	0.00707	0.00707	0.00884	0.00707	0.00530	0.01767	0.01591	0.02828	0.02474	0.02828	0.01944	0.00884	0.00530	0.00177	0.00353	0.00707	0.77554	0.00707
12	0.08094	0.01756	0.01816	0.21068	0.02782	0.13883	0.01393	0.08817	0.08662	0.07235	0.09999	0.04757	0.04599	0.01002	0.00752	0.00238	0.00837	0.00810	0.00571	0.00930
13	0.02436	0.19060	0.17390	0.01919	0.08352	0.13417	0.01699	0.02845	0.01856	0.21462	0.01736	0.01782	0.01253	0.00773	0.00675	0.00212	0.00934	0.00581	0.00517	0.01103
14	0.04996	0.01679	0.06403	0.01382	0.01948	0.04345	0.01185	0.09300	0.04800	0.13718	0.08257	0.02206	0.01872	0.00848	0.00779	0.00193	0.04657	0.00654	0.00598	0.30181
15	0.03135	0.01356	0.01762	0.01372	0.01928	0.01246	0.01126	0.09668	0.05314	0.55628	0.06995	0.02713	0.02173	0.00979	0.00771	0.00235	0.00644	0.00798	0.00907	0.01250
16	0.05067	0.10997	0.02190	0.21517	0.06990	0.04426	0.01491	0.09107	0.05928	0.07905	0.10873	0.02785	0.02215	0.00968	0.00743	0.00236	0.00795	0.04251	0.00553	0.00963
17	0.01878	0.01937	0.02382	0.02013	0.02149	0.11095	0.05189	0.06052	0.01479	0.02047	0.01135	0.01697	0.01050	0.01337	0.04308	0.00333	0.52017	0.00660	0.00372	0.00871
18	0.02280	0.01907	0.02062	0.01684	0.02075	0.06329	0.01375	0.35406	0.05087	0.03449	0.02387	0.02504	0.09950	0.01142	0.01201	0.00256	0.18425	0.00792	0.00624	0.01062
19	0.00963	0.00724	0.00893	0.00951	0.01091	0.00653	0.00675	0.01181	0.01739	0.02308	0.24930	0.35174	0.21948	0.02003	0.00927	0.00273	0.00400	0.01770	0.00745	0.00653
20	0.01570	0.01489	0.02524	0.50793	0.24874	0.01721	0.02175	0.02059	0.01582	0.02105	0.01373	0.01977	0.01070	0.00733	0.00756	0.00244	0.00977	0.00675	0.00349	0.00954
21	0.01471	0.01388	0.02345	0.65700	0.10742	0.01695	0.02126	0.01972	0.01535	0.01985	0.01355	0.02010	0.01028	0.00751	0.00758	0.00250	0.01002	0.00674	0.00340	0.00874
22	0.01739	0.01661	0.02830	0.25383	0.48962	0.01766	0.02259	0.02207	0.01662	0.02311	0.01402	0.01922	0.01142	0.00701	0.00753	0.00234	0.00935	0.00675	0.00364	0.01090
23	0.01327	0.00676	0.00908	0.00908	0.00952	0.00676	0.00614	0.01188	0.01145	0.01701	0.01675	0.02613	0.01569	0.06949	0.02423	0.53545	0.00589	0.00700	0.19411	0.00431
24	0.00953	0.00720	0.00862	0.00954	0.01079	0.00653	0.00669	0.01115	0.01559	0.01996	0.07697	0.38565	0.26259	0.08352	0.01197	0.00327	0.00458	0.05279	0.00688	0.00619
25	0.01137	0.00978	0.01463	0.18499	0.02289	0.00998	0.05385	0.01454	0.01695	0.02211	0.17354	0.17302	0.20691	0.03982	0.00976	0.00278	0.00616	0.01363	0.00611	0.00721
26	0.01877	0.01802	0.03079	0.04656	0.68612	0.01802	0.02328	0.02328	0.01727	0.02478	0.01427	0.01877	0.01201	0.00676	0.00751	0.00225	0.00901	0.00676	0.00375	0.01201
27	0.01428	0.01096	0.01314	0.03889	0.01683	0.01118	0.01089	0.11873	0.05276	0.02635	0.04656	0.06561	0.23466	0.01749	0.00930	0.00293	0.00630	0.28808	0.00700	0.00805
28	0.01489	0.01364	0.02230	0.30892	0.26193	0.01483	0.01833	0.01931	0.01725	0.02349	0.14884	0.02953	0.05632	0.00944	0.00790	0.00241	0.00813	0.00858	0.00467	0.00932
29	0.02049	0.01634	0.02478	0.13436	0.33892	0.01660	0.01842	0.10726	0.01962	0.10095	0.01728	0.04395	0.01384	0.00796	0.00743	0.00222	0.00830	0.00714	0.00502	0.08912
30	0.15886	0.01788	0.02167	0.02456	0.22128	0.04587	0.01550	0.16627	0.10222	0.03130	0.01659	0.01909	0.01317	0.01159	0.05483	0.00304	0.05367	0.00654	0.00527	0.01081

[dist]
# distance from previous block
# <min> <max>
0	37

[block]
# block no. 10 follows, 26 sequences, length 36
# corresponding to MSA columns:
# 3003-3038
name=unknown_K
#
# <colnr> <probs for GDERKNQSTAVLIFYWHMCP>
#	G	D	E	R	K	N	Q	S	T	A	V	L	I	F	Y	W	H	M	C	P
0	0.01944	0.01620	0.01952	0.01679	0.01957	0.07013	0.05133	0.14291	0.06181	0.07865	0.02363	0.21287	0.02313	0.01400	0.01259	0.00278	0.18834	0.01096	0.00599	0.00935
1	0.01982	0.02116	0.07307	0.01759	0.02125	0.12568	0.01481	0.09182	0.21707	0.02612	0.01951	0.05724	0.01637	0.01090	0.01225	0.00261	0.20267	0.00760	0.00541	0.03705
2	0.02054	0.01743	0.01658	0.01463	0.01827	0.11575	0.01135	0.21512	0.15515	0.03118	0.02443	0.13198	0.02156	0.01518	0.06255	0.00314	0.00841	0.00932	0.09752	0.00990
3	0.01038	0.00793	0.00968	0.01001	0.01202	0.00723	0.00791	0.01321	0.01856	0.02419	0.26030	0.09833	0.29697	0.01866	0.00937	0.00276	0.00458	0.17367	0.00745	0.00678
4	0.04795	0.01517	0.01706	0.01338	0.01843	0.01497	0.01061	0.24489	0.06110	0.03150	0.01603	0.01858	0.01278	0.01098	0.01080	0.14416	0.00679	0.00593	0.00557	0.29333
5	0.00972	0.00717	0.00830	0.00897	0.00991	0.00661	0.00589	0.01081	0.01426	0.01824	0.04680	0.31640	0.23497	0.24539	0.01855	0.00427	0.00516	0.01657	0.00627	0.00574
6	0.01414	0.00707	0.00707	0.00707	0.00884	0.00707	0.00530	0.01767	0.01591	0.02828	0.02474	0.02828	0.01944	0.00884	0.00530	0.00177	0.00353	0.00707	0.77554	0.00707
7	0.08079	0.14923	0.16255	0.01671	0.02283	0.07153	0.09076	0.04865	0.01875	0.07133	0.16724	0.02544	0.02470	0.00914	0.00721	0.00223	0.00842	0.00759	0.00524	0.00965
8	0.05026	0.02500	0.22831	0.01952	0.07663	0.08681	0.01781	0.10053	0.08254	0.15617	0.04387	0.02069	0.01558	0.00842	0.00729	0.00229	0.00888	0.00665	0.00573	0.03702
9	0.01659	0.01659	0.02323	0.01991	0.01991	0.02323	0.01659	0.01825	0.01162	0.01825	0.00996	0.01659	0.00996	0.01328	0.02489	0.00332	0.71955	0.00664	0.00332	0.00830
10	0.01158	0.00907	0.01302	0.01261	0.01361	0.01089	0.00969	0.01378	0.01196	0.01729	0.01953	0.03090	0.01904	0.14494	0.52749	0.01042	0.10515	0.00834	0.00404	0.00666
11	0.07610	0.10749	0.10015	0.13060	0.02740	0.12910	0.01597	0.14010	0.09763	0.07952	0.01683	0.01821	0.01253	0.00814	0.00692	0.00225	0.00919	0.00611	0.00525	0.01051
12	0.02294	0.01625	0.06105	0.02186	0.15121	0.01473	0.06539	0.03073	0.16235	0.25983	0.02822	0.05236	0.05842	0.00982	0.00786	0.00244	0.00740	0.00866	0.00689	0.01159
13	0.00949	0.00732	0.00867	0.00915	0.01078	0.00650	0.00655	0.01161	0.01734	0.02251	0.21204	0.29918	0.31180	0.01991	0.00921	0.00270	0.00397	0.01740	0.00736	0.00650
14	0.05102	0.02203	0.23675	0.01550	0.02237	0.01484	0.01599	0.14706	0.02123	0.17641	0.03187	0.03096	0.15988	0.01068	0.00766	0.00240	0.00777	0.00851	0.00632	0.01074
15	0.01601	0.05872	0.02579	0.12887	0.02779	0.01763	0.15532	0.01972	0.01494	0.02144	0.01599	0.02080	0.03671	0.01043	0.03205	0.00270	0.20426	0.00708	0.04915	0.13461
16	0.01152	0.00801	0.00950	0.00984	0.01079	0.00796	0.00658	0.05356	0.01485	0.02016	0.03448	0.31073	0.08551	0.27188	0.05584	0.00488	0.00643	0.01483	0.05650	0.00616
17	0.01493	0.01081	0.01346	0.01366	0.01595	0.01117	0.01108	0.15554	0.02053	0.02716	0.03587	0.27283	0.03896	0.01924	0.00959	0.00310	0.00647	0.30453	0.00713	0.00802
18	0.18661	0.01259	0.01378	0.01334	0.05463	0.01303	0.00974	0.02527	0.16293	0.13681	0.10533	0.03714	0.17548	0.01183	0.00745	0.00244	0.00547	0.00959	0.00701	0.00952
19	0.01414	0.00707	0.00707	0.00707	0.00884	0.00707	0.00530	0.01767	0.01591	0.02828	0.02474	0.02828	0.01944	0.00884	0.00530	0.00177	0.00353	0.00707	0.77554	0.00707
20	0.02556	0.01173	0.01537	0.01248	0.01696	0.01073	0.01003	0.04919	0.06123	0.42206	0.23663	0.03552	0.03562	0.01138	0.00805	0.00237	0.00557	0.00959	0.00890	0.01103
