[name]
unknown

[dist]
# distance from previous block
# <min> <max>
9	563

[block]
# block no. 0 follows, 28 sequences, length 33
# corresponding to MSA columns:
# 565-597
name=unknown_A
#
# <colnr> <probs for GDERKNQSTAVLIFYWHMCP>
#	G	D	E	R	K	N	Q	S	T	A	V	L	I	F	Y	W	H	M	C	P
0	0.24893	0.01637	0.01929	0.02148	0.19200	0.05404	0.04218	0.06212	0.14915	0.04928	0.04336	0.03973	0.01589	0.00825	0.00658	0.00228	0.00714	0.00675	0.00526	0.00993
1	0.17821	0.01737	0.02525	0.03628	0.52869	0.04775	0.01898	0.02241	0.01587	0.02531	0.01284	0.01651	0.01067	0.00658	0.00661	0.00216	0.00821	0.00588	0.00379	0.01063
2	0.52353	0.01391	0.01317	0.01098	0.01589	0.01498	0.00905	0.06280	0.01614	0.23451	0.01610	0.01600	0.01116	0.00753	0.00550	0.00225	0.00593	0.00510	0.00600	0.00948
3	0.01799	0.01727	0.02950	0.04462	0.69919	0.01727	0.02231	0.02231	0.01655	0.02375	0.01367	0.01799	0.01151	0.00648	0.00720	0.00216	0.00864	0.00648	0.00360	0.01151
4	0.01530	0.01476	0.02207	0.54759	0.11705	0.05198	0.01927	0.02144	0.07960	0.02024	0.01452	0.01965	0.01108	0.00744	0.00724	0.00237	0.00937	0.00654	0.00370	0.00880
5	0.01229	0.00637	0.00942	0.00949	0.00960	0.00632	0.00637	0.00973	0.01032	0.01385	0.05082	0.06422	0.01763	0.02456	0.02627	0.70209	0.00604	0.00749	0.00362	0.00351
6	0.02098	0.01626	0.02594	0.05635	0.11796	0.01571	0.19066	0.14449	0.02044	0.14609	0.02069	0.02227	0.05298	0.00784	0.00746	0.00215	0.00840	0.00745	0.00550	0.11038
7	0.01750	0.01677	0.02862	0.12297	0.62467	0.01714	0.02207	0.02188	0.01632	0.02315	0.01359	0.01815	0.01130	0.00657	0.00720	0.00219	0.00876	0.00647	0.00356	0.01112
8	0.79588	0.01406	0.01068	0.00956	0.01406	0.01631	0.00787	0.02137	0.01237	0.03261	0.01012	0.01181	0.00787	0.00675	0.00450	0.00225	0.00562	0.00394	0.00450	0.00787
9	0.06176	0.02024	0.06353	0.02617	0.03191	0.06013	0.44666	0.02242	0.01589	0.02240	0.01321	0.01791	0.01040	0.00751	0.01100	0.00254	0.14587	0.00754	0.00361	0.00931
10	0.02825	0.01938	0.02121	0.01626	0.02205	0.02108	0.01343	0.59612	0.03253	0.12698	0.01884	0.01835	0.01306	0.00876	0.00728	0.00219	0.00778	0.00664	0.00748	0.01236
11	0.02691	0.01782	0.01956	0.01516	0.02053	0.01922	0.01247	0.51570	0.03032	0.13847	0.01971	0.01949	0.01381	0.00874	0.00705	0.00214	0.00727	0.00668	0.08717	0.01179
12	0.02287	0.01843	0.01857	0.01522	0.01976	0.08081	0.01217	0.40421	0.11559	0.03746	0.11575	0.06233	0.02327	0.01039	0.00752	0.00225	0.00731	0.00829	0.00705	0.01077
13	0.02707	0.02008	0.02150	0.01661	0.02233	0.02228	0.01368	0.63733	0.07272	0.04490	0.01817	0.01802	0.01294	0.00879	0.00728	0.00220	0.00787	0.00664	0.00728	0.01231
14	0.02715	0.03464	0.02060	0.01873	0.02247	0.71536	0.01404	0.02903	0.02060	0.01779	0.01124	0.01311	0.00936	0.00749	0.00655	0.00187	0.01311	0.00468	0.00375	0.00843
15	0.01507	0.01292	0.01507	0.01077	0.01723	0.00969	0.00861	0.01830	0.01507	0.02369	0.01292	0.01507	0.01077	0.00538	0.00538	0.00108	0.00538	0.00431	0.00431	0.78898
16	0.04598	0.05189	0.52959	0.02158	0.06777	0.01756	0.06111	0.04975	0.04406	0.02451	0.01385	0.01608	0.01006	0.00701	0.00690	0.00228	0.01011	0.00569	0.00354	0.01068
17	0.01679	0.01575	0.05865	0.05819	0.02262	0.01547	0.10900	0.08618	0.27790	0.04787	0.10281	0.03204	0.10362	0.01043	0.00779	0.00240	0.00694	0.00922	0.00638	0.00996
18	0.01877	0.01867	0.02281	0.04083	0.19550	0.14007	0.07927	0.06204	0.13501	0.02439	0.02080	0.03069	0.01852	0.01007	0.00829	0.00245	0.03081	0.12618	0.00506	0.00977
19	0.01768	0.01695	0.02894	0.09453	0.65172	0.01719	0.02215	0.02204	0.01640	0.02337	0.01362	0.01809	0.01138	0.00653	0.00720	0.00218	0.00871	0.00648	0.00357	0.01126
20	0.01408	0.01316	0.01850	0.01637	0.01672	0.01775	0.01332	0.01583	0.01124	0.01710	0.01307	0.02139	0.01297	0.07337	0.20749	0.00569	0.49415	0.00702	0.00345	0.00733
21	0.01373	0.01292	0.02180	0.72707	0.05006	0.01615	0.02019	0.01857	0.01453	0.01857	0.01292	0.01938	0.00969	0.00727	0.00727	0.00242	0.00969	0.00646	0.00323	0.00807
22	0.01709	0.17862	0.22498	0.01662	0.04772	0.04460	0.03454	0.03984	0.01635	0.08626	0.02090	0.17435	0.02004	0.01096	0.00716	0.00230	0.00807	0.03551	0.00477	0.00934
23	0.01900	0.01557	0.02815	0.02989	0.28528	0.01488	0.20527	0.02337	0.01766	0.13745	0.06854	0.04775	0.01946	0.00868	0.00794	0.00236	0.00864	0.04461	0.00512	0.01038
24	0.03154	0.01213	0.01653	0.01275	0.01819	0.01050	0.01050	0.03438	0.02079	0.67185	0.06065	0.02616	0.02042	0.00928	0.00737	0.00225	0.00605	0.00759	0.00895	0.01211
25	0.01693	0.01531	0.02535	0.25524	0.36470	0.01634	0.04592	0.02250	0.06401	0.05233	0.01735	0.02125	0.03570	0.00748	0.00734	0.00229	0.00863	0.00702	0.00410	0.01021
26	0.15490	0.01711	0.01776	0.01419	0.01900	0.01899	0.01155	0.44798	0.04626	0.03925	0.01665	0.01783	0.01236	0.00967	0.00827	0.06251	0.00707	0.00615	0.06204	0.01047
27	0.06129	0.01244	0.01956	0.49506	0.06651	0.01462	0.01754	0.01966	0.01530	0.07274	0.01783	0.02869	0.01512	0.00926	0.00752	0.00253	0.00869	0.10303	0.00428	0.00832
28	0.01057	0.00705	0.00793	0.00793	0.00793	0.00705	0.00440	0.01057	0.01057	0.01409	0.02290	0.04757	0.02643	0.74454	0.03700	0.00705	0.00705	0.01057	0.00440	0.00440
29	0.01047	0.00701	0.00796	0.00805	0.00808	0.00698	0.00454	0.01055	0.01076	0.01435	0.02387	0.08653	0.02765	0.70391	0.03544	0.00682	0.00689	0.01114	0.00454	0.00449
30	0.04900	0.01878	0.03754	0.06130	0.13599	0.01826	0.48477	0.05784	0.01767	0.02473	0.01444	0.01893	0.01099	0.00639	0.00808	0.00238	0.01111	0.00788	0.00387	0.01005
31	0.01721	0.13069	0.24030	0.01575	0.02309	0.01682	0.03498	0.05958	0.05233	0.05006	0.01421	0.01598	0.01099	0.00690	0.00694	0.00185	0.03927	0.00525	0.00418	0.25360
32	0.02353	0.02747	0.04817	0.01676	0.02033	0.47416	0.01315	0.02572	0.01903	0.07241	0.04457	0.04795	0.04743	0.03348	0.00897	0.00226	0.05496	0.00668	0.00455	0.00841

[dist]
# distance from previous block
# <min> <max>
1	12

[block]
# block no. 1 follows, 28 sequences, length 21
# corresponding to MSA columns:
# 610-630
name=unknown_B
#
# <colnr> <probs for GDERKNQSTAVLIFYWHMCP>
#	G	D	E	R	K	N	Q	S	T	A	V	L	I	F	Y	W	H	M	C	P
0	0.47495	0.04047	0.01490	0.03219	0.01757	0.05940	0.00997	0.11131	0.05686	0.07446	0.01369	0.01471	0.01027	0.00733	0.00546	0.00217	0.00662	0.00488	0.00519	0.03760
1	0.05449	0.04231	0.08269	0.01715	0.06003	0.04709	0.01411	0.29616	0.11155	0.10437	0.01840	0.01852	0.01336	0.00810	0.00686	0.00211	0.00767	0.00627	0.00622	0.08255
2	0.13731	0.01956	0.01808	0.01475	0.01987	0.12364	0.01182	0.26990	0.12983	0.06136	0.01725	0.01750	0.01284	0.00801	0.00654	0.00205	0.00766	0.00589	0.00604	0.11008
3	0.36452	0.01606	0.01549	0.01524	0.08190	0.07897	0.01091	0.07081	0.06912	0.14052	0.01744	0.06006	0.01387	0.00850	0.00611	0.00226	0.00678	0.00632	0.00564	0.00949
4	0.00883	0.00643	0.00833	0.00985	0.01047	0.00593	0.00663	0.01015	0.01418	0.01866	0.04339	0.67335	0.11237	0.02234	0.00921	0.00290	0.00416	0.02014	0.00675	0.00593
5	0.01858	0.01586	0.01672	0.01489	0.01909	0.01831	0.01163	0.07161	0.65227	0.03121	0.02896	0.02662	0.02168	0.00980	0.00739	0.00245	0.00587	0.00813	0.00739	0.01155
6	0.01495	0.01293	0.04423	0.03837	0.06120	0.01248	0.05253	0.12031	0.08640	0.02632	0.05808	0.18489	0.08501	0.01411	0.00822	0.00257	0.00644	0.10925	0.05313	0.00857
7	0.08201	0.26140	0.37109	0.01808	0.02653	0.02078	0.08234	0.02251	0.01509	0.02196	0.01202	0.01428	0.00931	0.00660	0.00615	0.00207	0.00951	0.00508	0.00326	0.00996
8	0.02844	0.12514	0.01962	0.01272	0.01804	0.01350	0.01073	0.05391	0.01999	0.51764	0.04813	0.06052	0.01970	0.00947	0.00705	0.00218	0.00630	0.00764	0.00788	0.01139
9	0.00929	0.00672	0.00879	0.00970	0.01061	0.00621	0.00673	0.01126	0.01611	0.02191	0.24636	0.49660	0.08247	0.02011	0.00903	0.00272	0.00395	0.01808	0.00714	0.00621
10	0.01481	0.01641	0.09068	0.13843	0.17892	0.01527	0.12466	0.01985	0.04237	0.02191	0.04310	0.11472	0.01990	0.01054	0.00932	0.00255	0.06940	0.05368	0.00438	0.00910
11	0.01724	0.01634	0.02673	0.07048	0.57142	0.01662	0.02030	0.02280	0.07271	0.02383	0.01859	0.02195	0.05355	0.00751	0.00730	0.00221	0.00814	0.00716	0.00409	0.01104
12	0.01531	0.01510	0.02110	0.01833	0.01837	0.02089	0.01513	0.01687	0.01137	0.01758	0.01211	0.07672	0.01278	0.01357	0.02263	0.00316	0.67016	0.00756	0.00348	0.00778
13	0.01983	0.50437	0.15496	0.01495	0.02158	0.13929	0.01528	0.02318	0.01583	0.01827	0.01082	0.01256	0.00931	0.00655	0.00538	0.00174	0.00918	0.00428	0.00321	0.00943
14	0.02926	0.01375	0.02075	0.01564	0.02139	0.01240	0.10821	0.07139	0.02107	0.54096	0.04904	0.02457	0.01838	0.00876	0.00754	0.00228	0.00709	0.00765	0.00808	0.01180
15	0.01079	0.00835	0.01050	0.09232	0.01534	0.00833	0.00833	0.03318	0.01549	0.01987	0.08372	0.14967	0.23077	0.17675	0.01492	0.00363	0.00572	0.10015	0.00592	0.00627
16	0.01556	0.01821	0.07639	0.02284	0.02813	0.07321	0.36566	0.02025	0.01683	0.02202	0.04570	0.15439	0.02245	0.01094	0.00856	0.00256	0.00993	0.07308	0.00464	0.00865
17	0.29416	0.04264	0.01666	0.01329	0.01816	0.07606	0.01080	0.15467	0.13476	0.14431	0.01807	0.01779	0.01306	0.00809	0.00618	0.00222	0.00691	0.00580	0.00617	0.01022
18	0.04123	0.01033	0.03113	0.07251	0.04355	0.01060	0.01014	0.01606	0.03469	0.06289	0.08284	0.05998	0.10962	0.11058	0.18852	0.04056	0.05309	0.00946	0.00505	0.00717
19	0.16221	0.02243	0.13674	0.02499	0.21246	0.11991	0.06623	0.04733	0.04663	0.02508	0.01420	0.03957	0.01174	0.00769	0.00729	0.00225	0.03303	0.00625	0.00410	0.00986
20	0.04743	0.01434	0.01882	0.03582	0.04930	0.01411	0.05117	0.08410	0.04749	0.12539	0.01978	0.02117	0.05463	0.00838	0.00880	0.00198	0.09970	0.00648	0.00533	0.28578

[dist]
# distance from previous block
# <min> <max>
8	39

[block]
# block no. 2 follows, 28 sequences, length 21
# corresponding to MSA columns:
# 674-694
name=unknown_C
#
# <colnr> <probs for GDERKNQSTAVLIFYWHMCP>
#	G	D	E	R	K	N	Q	S	T	A	V	L	I	F	Y	W	H	M	C	P
0	0.11435	0.07015	0.04117	0.04393	0.01960	0.01595	0.05081	0.15160	0.11293	0.04664	0.06004	0.07731	0.07714	0.02754	0.02976	0.00266	0.00710	0.00852	0.00583	0.03697
1	0.10569	0.12573	0.06067	0.01414	0.01849	0.05903	0.02612	0.07787	0.09057	0.08943	0.01822	0.07036	0.01553	0.01418	0.07870	0.02339	0.06040	0.00701	0.00509	0.03938
2	0.30993	0.06874	0.01882	0.10921	0.06860	0.01901	0.01269	0.18943	0.08613	0.03218	0.01455	0.01619	0.01104	0.00758	0.00606	0.00222	0.00714	0.00553	0.00517	0.00976
3	0.02032	0.01768	0.06694	0.01538	0.02033	0.01814	0.01290	0.13374	0.49131	0.08051	0.02649	0.02464	0.01947	0.00942	0.00734	0.00240	0.00648	0.00769	0.00718	0.01164
4	0.01277	0.00781	0.00973	0.00964	0.01120	0.00772	0.00715	0.01480	0.01431	0.07970	0.05175	0.06808	0.10791	0.21842	0.14401	0.00536	0.00803	0.09462	0.12053	0.00647
5	0.02060	0.08421	0.07987	0.03104	0.34225	0.11187	0.06568	0.13081	0.01979	0.02594	0.01369	0.01663	0.01097	0.00697	0.00698	0.00210	0.00947	0.00609	0.00415	0.01088
6	0.01946	0.01689	0.02077	0.01719	0.02199	0.01882	0.09915	0.13666	0.49527	0.03189	0.02571	0.02461	0.01917	0.00919	0.00753	0.00242	0.00696	0.00800	0.00689	0.01142
7	0.01345	0.00812	0.01013	0.03274	0.01188	0.00787	0.00678	0.01493	0.01446	0.10864	0.13366	0.04779	0.08206	0.39185	0.04414	0.00509	0.00655	0.04773	0.00583	0.00629
8	0.01831	0.21780	0.07209	0.02652	0.21303	0.04398	0.16633	0.02480	0.10464	0.02248	0.01492	0.01753	0.01201	0.00683	0.00681	0.00210	0.00912	0.00636	0.00396	0.01038
9	0.01984	0.01649	0.01743	0.01515	0.01957	0.01890	0.01193	0.15609	0.56573	0.03325	0.02735	0.02534	0.02038	0.00965	0.00737	0.00241	0.00617	0.00791	0.00737	0.01166
10	0.01057	0.00705	0.00793	0.00793	0.00793	0.00705	0.00440	0.01057	0.01057	0.01409	0.02290	0.04757	0.02643	0.74454	0.03700	0.00705	0.00705	0.01057	0.00440	0.00440
11	0.03261	0.01237	0.01687	0.01293	0.01856	0.01068	0.01068	0.03543	0.02081	0.70423	0.02868	0.02474	0.01799	0.00900	0.00731	0.00225	0.00619	0.00731	0.00900	0.01237
12	0.02691	0.02000	0.02141	0.01658	0.02227	0.02221	0.01364	0.62693	0.08338	0.04465	0.01837	0.01818	0.01310	0.00881	0.00728	0.00220	0.00783	0.00667	0.00728	0.01230
13	0.02109	0.28565	0.09767	0.01776	0.02375	0.19674	0.10145	0.07465	0.07534	0.02198	0.01350	0.01519	0.01088	0.00709	0.00631	0.00195	0.00984	0.00542	0.00402	0.00972
14	0.01143	0.00701	0.01011	0.01011	0.01062	0.00752	0.00711	0.01102	0.01051	0.01453	0.01691	0.02856	0.01694	0.14734	0.30093	0.36190	0.01162	0.00755	0.00364	0.00466
15	0.02496	0.01903	0.02031	0.01619	0.02153	0.02130	0.01317	0.49717	0.21630	0.04151	0.02084	0.02015	0.01511	0.00904	0.00731	0.00226	0.00737	0.00701	0.00731	0.01212
16	0.05376	0.07583	0.02161	0.01649	0.02134	0.28211	0.05457	0.13018	0.03696	0.17954	0.01721	0.01760	0.01253	0.00792	0.00672	0.00204	0.00945	0.00590	0.03815	0.01007
17	0.01383	0.00803	0.00846	0.00822	0.01021	0.00840	0.00624	0.01944	0.10380	0.02703	0.05227	0.02832	0.02116	0.01159	0.04669	0.00240	0.00463	0.00729	0.60462	0.00739
18	0.02541	0.01926	0.02056	0.01628	0.02170	0.02150	0.01328	0.52687	0.18588	0.04223	0.02028	0.01970	0.01465	0.00899	0.00730	0.00225	0.00748	0.00693	0.00730	0.01216
19	0.02619	0.03305	0.02074	0.01876	0.02218	0.65623	0.01420	0.02804	0.01979	0.01776	0.01109	0.01335	0.00938	0.00794	0.00803	0.00198	0.07438	0.00482	0.00370	0.00839
20	0.01154	0.00939	0.01404	0.01318	0.01565	0.00898	0.08435	0.01548	0.04131	0.02359	0.20728	0.10041	0.14941	0.01669	0.00914	0.00278	0.00585	0.25708	0.00672	0.00713

[dist]
# distance from previous block
# <min> <max>
0	4

[block]
# block no. 3 follows, 28 sequences, length 43
# corresponding to MSA columns:
# 699-741
name=unknown_D
#
# <colnr> <probs for GDERKNQSTAVLIFYWHMCP>
#	G	D	E	R	K	N	Q	S	T	A	V	L	I	F	Y	W	H	M	C	P
0	0.00962	0.00669	0.00838	0.00930	0.00959	0.00652	0.00590	0.01044	0.01245	0.01667	0.03214	0.42564	0.03790	0.31735	0.05336	0.00502	0.00608	0.01597	0.00566	0.00532
1	0.00895	0.00650	0.00845	0.00982	0.01051	0.00600	0.00666	0.01044	0.01468	0.01952	0.09688	0.62918	0.10204	0.02177	0.00916	0.00286	0.00411	0.01961	0.00685	0.00600
2	0.02037	0.03901	0.05533	0.02108	0.13366	0.16456	0.04517	0.06939	0.16839	0.07045	0.06389	0.02669	0.01986	0.00940	0.00742	0.00228	0.00850	0.05886	0.00557	0.01010
3	0.22006	0.01773	0.01829	0.12608	0.07809	0.13935	0.01375	0.04446	0.01580	0.02427	0.07571	0.01873	0.01492	0.00897	0.00986	0.00239	0.15282	0.00611	0.00426	0.00838
4	0.01057	0.00705	0.00793	0.00793	0.00793	0.00705	0.00440	0.01057	0.01057	0.01409	0.02290	0.04757	0.02643	0.74454	0.03700	0.00705	0.00705	0.01057	0.00440	0.00440
5	0.01545	0.06767	0.11959	0.30786	0.03887	0.01747	0.23138	0.02140	0.03465	0.02130	0.01427	0.01896	0.01078	0.00691	0.00738	0.00233	0.01015	0.00689	0.03758	0.00911
6	0.02551	0.01607	0.01845	0.01427	0.01986	0.01623	0.01166	0.30953	0.08733	0.22249	0.04186	0.02111	0.01630	0.00854	0.00702	0.00205	0.00671	0.00674	0.00729	0.14096
7	0.02317	0.19951	0.02579	0.05992	0.10002	0.23526	0.01462	0.18641	0.02160	0.02562	0.01327	0.01519	0.01065	0.00739	0.00635	0.00193	0.00954	0.00533	0.02854	0.00991
8	0.02760	0.02132	0.02173	0.01686	0.02254	0.06915	0.01383	0.63151	0.03326	0.04393	0.01703	0.01716	0.01216	0.00864	0.00722	0.00216	0.00834	0.00642	0.00703	0.01210
9	0.02289	0.13895	0.02132	0.01403	0.01872	0.01358	0.08200	0.02563	0.01769	0.34082	0.02702	0.13644	0.03951	0.03692	0.00847	0.00247	0.00679	0.03004	0.00676	0.00993
10	0.01000	0.00767	0.00985	0.01064	0.01176	0.00763	0.00786	0.01241	0.03281	0.02070	0.12485	0.41143	0.14265	0.01988	0.00997	0.00285	0.04609	0.09782	0.00671	0.00642
11	0.01617	0.01670	0.02671	0.02157	0.02316	0.02143	0.15748	0.01874	0.01243	0.01874	0.01065	0.01670	0.00986	0.01130	0.02056	0.00302	0.57628	0.00684	0.00329	0.00835
12	0.01799	0.01727	0.02950	0.04462	0.69919	0.01727	0.02231	0.02231	0.01655	0.02375	0.01367	0.01799	0.01151	0.00648	0.00720	0.00216	0.00864	0.00648	0.00360	0.01151
13	0.01569	0.11072	0.60554	0.01967	0.02972	0.01838	0.02475	0.05318	0.01616	0.02346	0.01294	0.01506	0.00937	0.00692	0.00669	0.00222	0.01031	0.00527	0.00327	0.01067
14	0.01171	0.00837	0.01171	0.01339	0.01506	0.00837	0.01171	0.01506	0.01673	0.02175	0.03849	0.08199	0.04183	0.02008	0.01004	0.00335	0.00669	0.65027	0.00669	0.00669
15	0.00883	0.00641	0.00835	0.00990	0.01048	0.00592	0.00665	0.01015	0.01413	0.01864	0.04277	0.68578	0.10034	0.02242	0.00922	0.00291	0.00417	0.02024	0.00675	0.00592
16	0.03261	0.01237	0.01687	0.01293	0.01856	0.01068	0.01068	0.03543	0.02081	0.70423	0.02868	0.02474	0.01799	0.00900	0.00731	0.00225	0.00619	0.00731	0.00900	0.01237
17	0.00967	0.00745	0.00885	0.00864	0.01066	0.00664	0.00657	0.01244	0.01872	0.02483	0.40386	0.06224	0.32586	0.01660	0.00866	0.00241	0.00371	0.04823	0.00742	0.00655
18	0.00884	0.00638	0.00838	0.00998	0.01051	0.00592	0.00669	0.01014	0.01405	0.01861	0.04174	0.70634	0.08045	0.02256	0.00924	0.00293	0.00419	0.02040	0.00675	0.00592
19	0.03045	0.01454	0.01805	0.01398	0.01956	0.01407	0.01150	0.19242	0.06704	0.49930	0.02598	0.02311	0.01688	0.00899	0.00731	0.00225	0.00660	0.00718	0.00847	0.01231
20	0.03261	0.01237	0.01687	0.01293	0.01856	0.01068	0.01068	0.03543	0.02081	0.70423	0.02868	0.02474	0.01799	0.00900	0.00731	0.00225	0.00619	0.00731	0.00900	0.01237
21	0.00944	0.00707	0.00877	0.00903	0.01052	0.00639	0.00651	0.01183	0.01756	0.02362	0.34550	0.27151	0.20932	0.01816	0.00880	0.00253	0.00373	0.01600	0.00732	0.00639
22	0.01918	0.01574	0.01674	0.01482	0.01908	0.01802	0.01160	0.07263	0.62414	0.05853	0.02890	0.02651	0.02149	0.00977	0.00739	0.00244	0.00589	0.00809	0.00745	0.01159
23	0.01477	0.06582	0.68035	0.02039	0.03095	0.01735	0.02629	0.02297	0.01532	0.02279	0.01293	0.01520	0.00921	0.00688	0.00682	0.00227	0.01063	0.00531	0.00307	0.01069
24	0.00976	0.00741	0.00898	0.00859	0.01053	0.00663	0.00644	0.01269	0.01932	0.02617	0.50084	0.05920	0.26496	0.01597	0.00858	0.00234	0.00351	0.01383	0.00761	0.00663
25	0.00859	0.00736	0.00736	0.00736	0.00982	0.00614	0.00552	0.01043	0.01657	0.01964	0.07364	0.06996	0.69624	0.01841	0.00859	0.00245	0.00368	0.01534	0.00675	0.00614
26	0.01708	0.01637	0.02776	0.17800	0.54958	0.01721	0.02168	0.02142	0.01598	0.02253	0.01339	0.01820	0.01109	0.00683	0.00775	0.00224	0.03217	0.00647	0.00351	0.01072
27	0.01781	0.02834	0.38248	0.02241	0.03113	0.01743	0.20763	0.08056	0.04712	0.07147	0.01568	0.01789	0.01116	0.00711	0.00746	0.00234	0.01041	0.00664	0.00419	0.01076
28	0.05593	0.02662	0.04952	0.09098	0.13542	0.37110	0.12206	0.02550	0.01829	0.02053	0.01236	0.01554	0.00993	0.00704	0.00697	0.00209	0.01153	0.00575	0.00367	0.00917
29	0.74672	0.01446	0.01140	0.01002	0.01460	0.01671	0.00825	0.06319	0.01377	0.03346	0.01059	0.01217	0.00816	0.00687	0.00468	0.00224	0.00578	0.00410	0.00468	0.00816
30	0.79588	0.01406	0.01068	0.00956	0.01406	0.01631	0.00787	0.02137	0.01237	0.03261	0.01012	0.01181	0.00787	0.00675	0.00450	0.00225	0.00562	0.00394	0.00450	0.00787
31	0.04910	0.01904	0.02089	0.02252	0.18145	0.09635	0.01469	0.16297	0.29555	0.03065	0.02058	0.02087	0.01570	0.00845	0.00713	0.00226	0.00771	0.00691	0.00596	0.01121
32	0.05386	0.03462	0.60541	0.02116	0.03125	0.01700	0.09079	0.02296	0.01538	0.02353	0.01307	0.01560	0.00932	0.00682	0.00695	0.00231	0.01064	0.00562	0.00320	0.01051
33	0.02348	0.06031	0.02067	0.01573	0.02092	0.02118	0.01285	0.39207	0.28448	0.03822	0.02171	0.02085	0.01598	0.00902	0.00717	0.00226	0.00712	0.00704	0.00708	0.01186
34	0.02608	0.02020	0.02045	0.01632	0.02164	0.07694	0.01324	0.47000	0.15383	0.07600	0.01981	0.01929	0.01425	0.00885	0.00724	0.00221	0.00790	0.00675	0.00710	0.01189
35	0.01801	0.01608	0.01616	0.01459	0.01850	0.05722	0.01130	0.03618	0.59732	0.02959	0.07913	0.02838	0.02498	0.01011	0.00744	0.00242	0.00600	0.00839	0.00723	0.01098
36	0.01458	0.03760	0.70688	0.02072	0.03146	0.01688	0.02686	0.02302	0.01535	0.02302	0.01304	0.01535	0.00921	0.00691	0.00691	0.00230	0.01074	0.00537	0.00307	0.01074
37	0.01038	0.00779	0.01168	0.01168	0.01298	0.00909	0.00909	0.01298	0.01168	0.01687	0.01947	0.02856	0.01817	0.05452	0.71573	0.01168	0.01947	0.00779	0.00389	0.00649
38	0.01039	0.00717	0.00888	0.00901	0.00936	0.00746	0.00573	0.01112	0.01110	0.01511	0.02337	0.09553	0.02606	0.52122	0.20060	0.00787	0.00987	0.01066	0.00446	0.00503
39	0.16332	0.01031	0.01212	0.01077	0.01426	0.00987	0.00837	0.02324	0.01668	0.30381	0.02949	0.22263	0.04755	0.01268	0.00717	0.00240	0.00519	0.01062	0.08053	0.00901
40	0.02782	0.01225	0.01595	0.01289	0.01764	0.01126	0.01037	0.09164	0.04245	0.50915	0.02950	0.14020	0.02248	0.01124	0.00763	0.00236	0.00602	0.00943	0.00842	0.01129
41	0.00886	0.00633	0.00843	0.01012	0.01054	0.00590	0.00675	0.01012	0.01392	0.01856	0.04006	0.73979	0.04808	0.02277	0.00928	0.00295	0.00422	0.02066	0.00675	0.00590
42	0.01120	0.00816	0.01100	0.01226	0.01403	0.00796	0.01051	0.01438	0.01709	0.02223	0.10693	0.07786	0.12188	0.01937	0.00973	0.00314	0.00602	0.51279	0.00683	0.00664

[dist]
# distance from previous block
# <min> <max>
0	2

[block]
# block no. 4 follows, 28 sequences, length 6
# corresponding to MSA columns:
# 744-749
name=unknown_E
#
# <colnr> <probs for GDERKNQSTAVLIFYWHMCP>
#	G	D	E	R	K	N	Q	S	T	A	V	L	I	F	Y	W	H	M	C	P
0	0.01841	0.02394	0.25475	0.01714	0.02381	0.01839	0.01716	0.13575	0.35041	0.03035	0.02194	0.02151	0.01614	0.00866	0.00721	0.00236	0.00783	0.00697	0.00589	0.01138
1	0.02107	0.01615	0.02078	0.01695	0.02191	0.01744	0.10551	0.09765	0.42762	0.13244	0.02616	0.02476	0.01902	0.00909	0.00754	0.00240	0.00696	0.00797	0.00710	0.01148
2	0.00891	0.00665	0.00829	0.00941	0.01040	0.00603	0.00648	0.01047	0.01504	0.01962	0.09855	0.53329	0.19807	0.02116	0.00907	0.00279	0.00403	0.01886	0.00685	0.00603
3	0.07431	0.20957	0.37828	0.01930	0.07182	0.08750	0.02036	0.02312	0.01558	0.02180	0.01197	0.01414	0.00931	0.00675	0.00616	0.00206	0.00972	0.00491	0.00329	0.01001
4	0.02328	0.01419	0.01695	0.04928	0.01965	0.05876	0.03425	0.10999	0.07754	0.29313	0.14384	0.03121	0.07452	0.01045	0.00762	0.00227	0.00657	0.00871	0.00748	0.01032
5	0.02115	0.01532	0.06579	0.01339	0.01810	0.01425	0.01147	0.19021	0.13904	0.17547	0.12143	0.03069	0.08043	0.01050	0.00742	0.00226	0.00612	0.00859	0.05793	0.01044

[dist]
# distance from previous block
# <min> <max>
0	5

[block]
# block no. 5 follows, 28 sequences, length 45
# corresponding to MSA columns:
# 755-799
name=unknown_F
#
# <colnr> <probs for GDERKNQSTAVLIFYWHMCP>
#	G	D	E	R	K	N	Q	S	T	A	V	L	I	F	Y	W	H	M	C	P
0	0.07462	0.07601	0.31121	0.05636	0.14966	0.05606	0.03854	0.04355	0.08197	0.02437	0.01444	0.01672	0.01098	0.00714	0.00673	0.00222	0.00933	0.00578	0.00388	0.01042
1	0.02028	0.10691	0.22779	0.01676	0.02349	0.06602	0.01675	0.18642	0.16343	0.04988	0.01955	0.01979	0.03433	0.00836	0.00689	0.00220	0.00847	0.00642	0.00537	0.01090
2	0.01685	0.25514	0.43848	0.01845	0.02729	0.05864	0.04670	0.02297	0.01553	0.02093	0.01211	0.01426	0.00932	0.00670	0.00626	0.00205	0.01002	0.00500	0.00314	0.01015
3	0.01726	0.11105	0.29128	0.08765	0.04638	0.07638	0.01901	0.08133	0.07477	0.02392	0.01838	0.02294	0.03922	0.00863	0.00701	0.00227	0.00922	0.04910	0.00429	0.00991
4	0.02363	0.21771	0.02820	0.01719	0.02303	0.07460	0.08836	0.33920	0.06449	0.03252	0.01541	0.01638	0.01175	0.00773	0.00667	0.00204	0.00867	0.00602	0.00549	0.01091
5	0.01010	0.00772	0.00938	0.00968	0.01142	0.00726	0.00725	0.01359	0.05715	0.02335	0.26308	0.22812	0.22398	0.01798	0.00883	0.00261	0.00416	0.08044	0.00719	0.00669
6	0.04067	0.01272	0.01491	0.01252	0.01647	0.03219	0.00998	0.04697	0.13884	0.30354	0.10042	0.03379	0.11878	0.03091	0.00932	0.00249	0.04882	0.00905	0.00751	0.01008
7	0.03261	0.01237	0.01687	0.01293	0.01856	0.01068	0.01068	0.03543	0.02081	0.70423	0.02868	0.02474	0.01799	0.00900	0.00731	0.00225	0.00619	0.00731	0.00900	0.01237
8	0.13693	0.01098	0.01177	0.01062	0.01406	0.01116	0.00828	0.02279	0.16456	0.13596	0.12347	0.07888	0.21633	0.01298	0.00752	0.00240	0.00484	0.01072	0.00706	0.00868
9	0.00912	0.00678	0.00850	0.00935	0.01047	0.00616	0.00652	0.01098	0.01592	0.02111	0.19154	0.45290	0.18376	0.02014	0.00898	0.00270	0.00393	0.01793	0.00703	0.00616
10	0.02540	0.01810	0.02055	0.01643	0.02162	0.05621	0.04896	0.36891	0.09100	0.15172	0.02211	0.02585	0.01693	0.00979	0.00759	0.00233	0.00786	0.07014	0.00713	0.01137
11	0.00886	0.00633	0.00843	0.01012	0.01054	0.00590	0.00675	0.01012	0.01392	0.01856	0.04006	0.73979	0.04808	0.02277	0.00928	0.00295	0.00422	0.02066	0.00675	0.00590
12	0.00884	0.00640	0.00836	0.00994	0.01049	0.00592	0.00667	0.01014	0.01409	0.01863	0.04231	0.69503	0.09139	0.02248	0.00923	0.00292	0.00418	0.02031	0.00675	0.00592
13	0.35376	0.06662	0.01796	0.01517	0.06808	0.09213	0.01144	0.15333	0.01912	0.11915	0.01436	0.01519	0.01060	0.00745	0.00584	0.00214	0.00733	0.00515	0.00539	0.00977
14	0.01171	0.00837	0.01171	0.01339	0.01506	0.00837	0.01171	0.01506	0.01673	0.02175	0.03849	0.08199	0.04183	0.02008	0.01004	0.00335	0.00669	0.65027	0.00669	0.00669
15	0.59998	0.01385	0.03740	0.00998	0.01440	0.01458	0.00851	0.02167	0.01380	0.08114	0.05029	0.01653	0.01291	0.00751	0.00507	0.00221	0.00555	0.00499	0.07145	0.00817
16	0.00908	0.00728	0.00807	0.00837	0.01031	0.00636	0.00621	0.01103	0.01636	0.02034	0.12522	0.16581	0.47024	0.04661	0.00988	0.00275	0.00407	0.05909	0.00678	0.00615
17	0.01764	0.01724	0.02782	0.16048	0.56022	0.04571	0.02161	0.02194	0.01637	0.02262	0.01344	0.01803	0.01111	0.00665	0.00718	0.00219	0.00900	0.00640	0.00354	0.01080
18	0.08077	0.01977	0.02122	0.01789	0.04833	0.08113	0.05718	0.33888	0.19588	0.03609	0.01913	0.01929	0.01415	0.00850	0.00712	0.00225	0.00801	0.00675	0.00641	0.01126
19	0.01071	0.00788	0.01008	0.00945	0.01130	0.00747	0.00711	0.01507	0.05683	0.02922	0.65909	0.05282	0.06606	0.01459	0.00851	0.00230	0.00356	0.01288	0.00797	0.00711
20	0.01600	0.01347	0.01557	0.01121	0.01762	0.01064	0.00900	0.06676	0.01648	0.02532	0.01325	0.01525	0.01088	0.00563	0.00552	0.00116	0.00558	0.00447	0.00453	0.73167
21	0.01839	0.04172	0.15300	0.04539	0.14581	0.01560	0.15667	0.04289	0.01760	0.12921	0.06574	0.02476	0.06430	0.00861	0.00822	0.00232	0.03681	0.00784	0.00494	0.01016
22	0.07128	0.02249	0.06619	0.01544	0.02092	0.22168	0.01295	0.15162	0.04050	0.16996	0.01692	0.01715	0.01222	0.00772	0.00661	0.00196	0.00873	0.00564	0.00571	0.12433
23	0.01024	0.00748	0.00965	0.00925	0.01101	0.00689	0.00703	0.01355	0.02007	0.02804	0.61351	0.05697	0.11343	0.01541	0.00866	0.00236	0.00363	0.04820	0.00784	0.00680
24	0.00886	0.00633	0.00843	0.01012	0.01054	0.00590	0.00675	0.01012	0.01392	0.01856	0.04006	0.73979	0.04808	0.02277	0.00928	0.00295	0.00422	0.02066	0.00675	0.00590
25	0.07413	0.01700	0.02391	0.40930	0.15744	0.10302	0.07222	0.02112	0.01569	0.02081	0.01278	0.01782	0.00995	0.00702	0.00707	0.00230	0.00984	0.00623	0.00349	0.00885
26	0.01411	0.01199	0.01939	0.07857	0.28533	0.01188	0.03972	0.01725	0.01591	0.04769	0.06525	0.27125	0.06471	0.01334	0.00813	0.00249	0.00668	0.01232	0.00528	0.00874
27	0.01766	0.01847	0.03165	0.14260	0.29656	0.06416	0.24199	0.02328	0.04820	0.02270	0.01449	0.01886	0.01142	0.00671	0.00764	0.00229	0.01019	0.00715	0.00376	0.01019
28	0.01055	0.00712	0.00828	0.00828	0.00840	0.00724	0.00484	0.01080	0.01067	0.01435	0.02258	0.04579	0.02565	0.67991	0.10057	0.00748	0.00821	0.01031	0.00436	0.00460
29	0.16702	0.06254	0.11621	0.01528	0.02142	0.06034	0.01402	0.29188	0.02361	0.13583	0.01639	0.01663	0.01159	0.00793	0.00653	0.00217	0.00797	0.00575	0.00599	0.01091
30	0.01773	0.19130	0.29690	0.04704	0.04784	0.01871	0.12257	0.02332	0.01616	0.08509	0.03436	0.01744	0.01224	0.00701	0.00672	0.00211	0.00940	0.00599	0.00393	0.03413
31	0.01902	0.01254	0.01456	0.01310	0.01675	0.01318	0.01033	0.06564	0.29559	0.16937	0.05923	0.12122	0.07254	0.01290	0.00797	0.00254	0.00565	0.07024	0.00756	0.01007
32	0.10648	0.01721	0.01914	0.01481	0.02043	0.01818	0.01223	0.40766	0.02777	0.25198	0.02025	0.01918	0.01369	0.00861	0.00700	0.00221	0.00719	0.00652	0.00754	0.01191
33	0.01951	0.09801	0.07311	0.02729	0.17165	0.01903	0.26221	0.07941	0.05736	0.07695	0.01592	0.01870	0.01210	0.00709	0.00790	0.00227	0.02929	0.00709	0.00448	0.01063
34	0.01677	0.01261	0.01444	0.01368	0.04789	0.01330	0.01008	0.06256	0.30933	0.09278	0.14820	0.03911	0.16436	0.01212	0.00781	0.00238	0.00525	0.01022	0.00733	0.00978
35	0.00984	0.00684	0.00836	0.00909	0.00949	0.00660	0.00581	0.01072	0.01286	0.01712	0.06384	0.33256	0.05985	0.36210	0.02231	0.00485	0.00560	0.04121	0.00570	0.00528
36	0.01273	0.01016	0.01406	0.01305	0.01527	0.01016	0.07326	0.08320	0.07453	0.02357	0.08007	0.37766	0.07374	0.05692	0.01030	0.00295	0.00573	0.04867	0.00651	0.00747
37	0.02043	0.10503	0.07800	0.05142	0.02939	0.18288	0.26813	0.06138	0.03727	0.04175	0.01393	0.01696	0.01079	0.00720	0.00807	0.00222	0.04497	0.00657	0.00401	0.00960
38	0.01022	0.00841	0.00871	0.00922	0.01074	0.04502	0.00652	0.01199	0.01578	0.02015	0.10633	0.32710	0.28279	0.04690	0.00965	0.00274	0.00450	0.01600	0.05103	0.00620
39	0.00921	0.00665	0.00880	0.01038	0.01109	0.00624	0.00732	0.01079	0.01444	0.01904	0.04185	0.61403	0.08578	0.02216	0.00934	0.00297	0.00451	0.10262	0.00674	0.00602
40	0.09455	0.02177	0.09942	0.01881	0.04354	0.14754	0.11454	0.06568	0.14746	0.12409	0.01915	0.02104	0.01437	0.00824	0.00714	0.00228	0.00898	0.02565	0.00547	0.01027
41	0.01663	0.09902	0.02773	0.28480	0.38976	0.01818	0.02043	0.02091	0.01563	0.02114	0.01300	0.01777	0.01061	0.00673	0.00693	0.00218	0.00891	0.00618	0.00341	0.01004
42	0.01307	0.01163	0.01210	0.01164	0.01267	0.10410	0.00836	0.01449	0.01241	0.01595	0.01907	0.03311	0.01967	0.31605	0.30936	0.00799	0.05991	0.00837	0.00403	0.00603
43	0.02198	0.01165	0.01408	0.01179	0.01589	0.01115	0.00955	0.11582	0.05823	0.29567	0.08643	0.03885	0.15295	0.01198	0.00767	0.00233	0.00556	0.05328	0.06525	0.00991
44	0.01832	0.21324	0.26600	0.06575	0.02788	0.02046	0.09399	0.10479	0.03985	0.04284	0.01398	0.01605	0.01058	0.00700	0.00658	0.00209	0.00930	0.00569	0.00402	0.03156

[dist]
# distance from previous block
# <min> <max>
3	5

[block]
# block no. 6 follows, 28 sequences, length 35
# corresponding to MSA columns:
# 805-839
name=unknown_G
#
# <colnr> <probs for GDERKNQSTAVLIFYWHMCP>
#	G	D	E	R	K	N	Q	S	T	A	V	L	I	F	Y	W	H	M	C	P
0	0.01682	0.01386	0.01370	0.01266	0.01571	0.09204	0.00957	0.06907	0.19539	0.07828	0.08554	0.21283	0.10564	0.01396	0.00794	0.00243	0.00597	0.01188	0.00682	0.02987
1	0.00903	0.00733	0.00805	0.00830	0.01039	0.00635	0.00625	0.01108	0.01671	0.02068	0.13374	0.14528	0.50821	0.01865	0.00877	0.00256	0.00393	0.06158	0.00688	0.00623
2	0.00987	0.00756	0.00922	0.00982	0.01139	0.00699	0.00712	0.01273	0.04834	0.02127	0.13767	0.37976	0.19986	0.01919	0.00884	0.00268	0.00427	0.06148	0.00686	0.03509
3	0.01459	0.01378	0.02297	0.47275	0.23739	0.01572	0.01971	0.01906	0.01528	0.02017	0.01771	0.02278	0.06192	0.00787	0.00735	0.00235	0.00893	0.00713	0.00360	0.00894
4	0.07880	0.01695	0.01878	0.01571	0.01899	0.05290	0.01280	0.27014	0.06364	0.03062	0.03721	0.02086	0.03353	0.01525	0.09130	0.00353	0.19699	0.00690	0.00546	0.00963
5	0.01196	0.00857	0.00950	0.00943	0.01149	0.00861	0.00698	0.01784	0.14228	0.02483	0.14276	0.17954	0.17244	0.01457	0.00760	0.00233	0.00406	0.01252	0.20530	0.00738
6	0.00877	0.00723	0.00752	0.00769	0.00975	0.00618	0.00556	0.01041	0.01584	0.01910	0.06632	0.13608	0.57888	0.07490	0.01085	0.00286	0.00400	0.01551	0.00657	0.00598
7	0.62182	0.07018	0.01443	0.01093	0.01556	0.01817	0.00918	0.09734	0.01505	0.03247	0.01095	0.01259	0.00856	0.00714	0.00548	0.00222	0.03042	0.00432	0.00467	0.00851
8	0.01261	0.00689	0.00689	0.00689	0.00873	0.00665	0.00517	0.01570	0.01550	0.02568	0.03320	0.03524	0.14739	0.01036	0.00575	0.00184	0.00344	0.00840	0.63704	0.00665
9	0.00900	0.00653	0.00850	0.00981	0.01053	0.00603	0.00667	0.01055	0.01486	0.01983	0.11644	0.61360	0.09766	0.02156	0.00915	0.00284	0.00409	0.01943	0.00689	0.00603
10	0.08572	0.01774	0.01889	0.01476	0.02000	0.01939	0.01214	0.50211	0.02935	0.09226	0.01844	0.01865	0.01315	0.00856	0.00681	0.00214	0.00716	0.00643	0.09492	0.01139
11	0.01487	0.00886	0.01135	0.01034	0.01286	0.00831	0.00788	0.01920	0.07109	0.15470	0.42215	0.12574	0.07465	0.01440	0.00833	0.00238	0.00423	0.01260	0.00796	0.00812
12	0.00968	0.00698	0.00901	0.01025	0.01102	0.00663	0.00700	0.03699	0.01519	0.02029	0.07815	0.65207	0.06620	0.02163	0.00914	0.00287	0.00431	0.01951	0.00684	0.00623
13	0.00896	0.00640	0.00856	0.01024	0.01071	0.00600	0.00693	0.01031	0.01402	0.01868	0.04000	0.71499	0.04784	0.02267	0.00931	0.00297	0.00431	0.04440	0.00675	0.00593
14	0.01382	0.01289	0.02186	0.67875	0.04812	0.01586	0.03917	0.01865	0.01464	0.01904	0.01338	0.01968	0.01007	0.00728	0.00722	0.00240	0.00953	0.00654	0.03304	0.00808
15	0.02697	0.01476	0.04318	0.01597	0.07136	0.01353	0.01227	0.15947	0.03715	0.40221	0.06892	0.02553	0.01991	0.04402	0.00878	0.00247	0.00675	0.00759	0.00770	0.01148
16	0.01594	0.01766	0.03785	0.02763	0.03397	0.01656	0.57530	0.02136	0.01668	0.02259	0.01842	0.12503	0.01645	0.00856	0.00868	0.00252	0.01108	0.01035	0.00413	0.00923
17	0.01741	0.32212	0.40472	0.01701	0.02569	0.02135	0.02028	0.02312	0.01538	0.05371	0.01262	0.01432	0.00968	0.00673	0.00603	0.00200	0.00933	0.00487	0.00337	0.01025
18	0.04334	0.01063	0.03614	0.01195	0.01488	0.01012	0.00960	0.04941	0.01525	0.17553	0.02314	0.10326	0.02074	0.08537	0.31804	0.00674	0.01201	0.00886	0.00557	0.03944
19	0.05636	0.04910	0.01672	0.01286	0.01746	0.03954	0.01047	0.12893	0.02103	0.36189	0.02968	0.10803	0.07248	0.01131	0.00744	0.00232	0.00639	0.02992	0.00756	0.01049
20	0.01499	0.01140	0.01557	0.01333	0.01643	0.01148	0.07554	0.09348	0.11815	0.06308	0.32161	0.14342	0.04405	0.01344	0.00830	0.00241	0.00543	0.01205	0.00726	0.00859
21	0.01263	0.00631	0.00947	0.00947	0.00947	0.00631	0.00631	0.00947	0.00947	0.01263	0.01263	0.02210	0.01263	0.02525	0.02841	0.78851	0.00631	0.00631	0.00316	0.00316
22	0.06262	0.01907	0.02004	0.02026	0.13406	0.11540	0.01385	0.18259	0.21376	0.09498	0.02065	0.03681	0.01575	0.00875	0.00710	0.00224	0.00779	0.00702	0.00621	0.01104
23	0.01801	0.12511	0.04756	0.01752	0.02178	0.18539	0.13636	0.05509	0.01729	0.02077	0.03575	0.08108	0.01776	0.01767	0.13563	0.00391	0.01168	0.03886	0.00433	0.00842
24	0.02294	0.02190	0.15099	0.07021	0.02545	0.01924	0.01611	0.41564	0.02699	0.06161	0.03839	0.01851	0.01349	0.00827	0.00713	0.00216	0.00827	0.00642	0.00607	0.06022
25	0.02550	0.01842	0.02121	0.01887	0.09762	0.01980	0.01391	0.50192	0.02983	0.09218	0.02212	0.02203	0.06419	0.00922	0.00737	0.00220	0.00761	0.00726	0.00695	0.01180
26	0.01774	0.01531	0.01628	0.01434	0.01871	0.01713	0.01118	0.03633	0.61036	0.02965	0.02771	0.02576	0.02090	0.00936	0.00717	0.00231	0.00571	0.00778	0.00705	0.09922
27	0.01318	0.01010	0.01481	0.01341	0.01565	0.01016	0.08342	0.03588	0.06698	0.04711	0.12351	0.20124	0.07406	0.06777	0.01278	0.05865	0.03512	0.10279	0.00615	0.00724
28	0.07549	0.01721	0.03149	0.12549	0.24786	0.01792	0.26750	0.02167	0.01570	0.02298	0.01332	0.01814	0.01063	0.00704	0.00904	0.00240	0.07562	0.00707	0.00361	0.00981
29	0.00981	0.00732	0.00924	0.00925	0.01067	0.00710	0.00671	0.01201	0.01570	0.02121	0.24882	0.12868	0.18995	0.12019	0.16537	0.00505	0.00752	0.01299	0.00622	0.00619
30	0.00988	0.00684	0.00805	0.00859	0.00890	0.00662	0.00523	0.01042	0.01206	0.01591	0.03198	0.27028	0.08076	0.46257	0.02613	0.00541	0.00590	0.01413	0.00532	0.00501
31	0.03856	0.48944	0.06655	0.01430	0.01976	0.11840	0.01346	0.02378	0.06708	0.01893	0.01187	0.01355	0.01030	0.00719	0.00663	0.00184	0.06090	0.00458	0.00356	0.00931
32	0.06965	0.01408	0.01652	0.01343	0.01814	0.01431	0.01076	0.18189	0.11921	0.32674	0.02569	0.07765	0.01941	0.04767	0.00882	0.00256	0.00641	0.00824	0.00770	0.01109
33	0.00924	0.00720	0.00844	0.00886	0.01061	0.00640	0.00657	0.01138	0.01675	0.02147	0.18882	0.23034	0.36110	0.01888	0.00887	0.00261	0.00399	0.06520	0.00700	0.00627
34	0.00883	0.00644	0.00831	0.00981	0.01046	0.00593	0.00661	0.01016	0.01422	0.01868	0.04385	0.66422	0.12120	0.02228	0.00920	0.00290	0.00416	0.02006	0.00675	0.00593

[dist]
# distance from previous block
# <min> <max>
0	1

[block]
# block no. 7 follows, 28 sequences, length 28
# corresponding to MSA columns:
# 841-845,855-877
name=unknown_H
#
# <colnr> <probs for GDERKNQSTAVLIFYWHMCP>
#	G	D	E	R	K	N	Q	S	T	A	V	L	I	F	Y	W	H	M	C	P
0	0.02507	0.01455	0.01709	0.01358	0.01884	0.01442	0.01100	0.16838	0.16565	0.30282	0.02714	0.02508	0.05431	0.00922	0.00717	0.00216	0.00625	0.00744	0.00762	0.10223
1	0.01057	0.00705	0.00793	0.00793	0.00793	0.00705	0.00440	0.01057	0.01057	0.01409	0.02290	0.04757	0.02643	0.74454	0.03700	0.00705	0.00705	0.01057	0.00440	0.00440
2	0.01751	0.01383	0.01478	0.01292	0.01668	0.01522	0.01014	0.15584	0.34045	0.03172	0.11122	0.03359	0.10647	0.01114	0.00746	0.00232	0.00547	0.00921	0.07398	0.01007
3	0.01297	0.01123	0.01157	0.01102	0.01387	0.03083	0.00833	0.02214	0.27651	0.02446	0.10426	0.12299	0.29144	0.01495	0.00814	0.00248	0.00479	0.01267	0.00702	0.00832
4	0.01555	0.01532	0.02131	0.01835	0.01835	0.02126	0.01514	0.01704	0.01110	0.01727	0.01043	0.01800	0.01066	0.06120	0.02473	0.00344	0.68326	0.00664	0.00326	0.00772
5	0.02696	0.01851	0.02031	0.01589	0.02143	0.02017	0.01302	0.48895	0.12751	0.13931	0.02086	0.01993	0.01462	0.00893	0.00730	0.00223	0.00741	0.00690	0.00754	0.01224
6	0.01796	0.01737	0.03005	0.04404	0.67206	0.01732	0.04900	0.02235	0.01658	0.02373	0.01372	0.01806	0.01149	0.00646	0.00725	0.00217	0.00878	0.00656	0.00360	0.01144
7	0.01507	0.01292	0.01507	0.01077	0.01723	0.00969	0.00861	0.01830	0.01507	0.02369	0.01292	0.01507	0.01077	0.00538	0.00538	0.00108	0.00538	0.00431	0.00431	0.78898
8	0.01765	0.01692	0.02889	0.09897	0.64750	0.01718	0.02214	0.02201	0.01639	0.02334	0.01361	0.01810	0.01137	0.00654	0.00720	0.00218	0.00872	0.00648	0.00357	0.01124
9	0.00996	0.00719	0.00891	0.00877	0.01038	0.00651	0.00641	0.01199	0.01758	0.02363	0.38393	0.11461	0.23690	0.01776	0.01095	0.09390	0.00390	0.01362	0.00698	0.00614
10	0.01373	0.01292	0.02180	0.72707	0.05006	0.01615	0.02019	0.01857	0.01453	0.01857	0.01292	0.01938	0.00969	0.00727	0.00727	0.00242	0.00969	0.00646	0.00323	0.00807
11	0.01799	0.01727	0.02950	0.04462	0.69919	0.01727	0.02231	0.02231	0.01655	0.02375	0.01367	0.01799	0.01151	0.00648	0.00720	0.00216	0.00864	0.00648	0.00360	0.01151
12	0.02885	0.01309	0.01634	0.01276	0.01784	0.01240	0.01047	0.15643	0.02257	0.47730	0.02578	0.02368	0.01700	0.00887	0.00697	0.00215	0.00612	0.00708	0.12273	0.01155
13	0.07458	0.01276	0.01671	0.01289	0.01846	0.01143	0.01064	0.05834	0.02083	0.64275	0.02724	0.02376	0.01723	0.00886	0.00715	0.00225	0.00622	0.00710	0.00868	0.01212
14	0.01716	0.01961	0.04289	0.03064	0.03799	0.01838	0.67279	0.02328	0.01716	0.02328	0.01471	0.01961	0.01103	0.00613	0.00858	0.00245	0.01225	0.00858	0.00368	0.00980
15	0.01643	0.01687	0.02270	0.02045	0.05865	0.07561	0.05441	0.01857	0.01261	0.01815	0.01123	0.01730	0.01060	0.01580	0.09085	0.00384	0.51791	0.00651	0.00335	0.00815
16	0.20803	0.01453	0.01574	0.01262	0.01783	0.06810	0.01030	0.03168	0.01885	0.49483	0.02301	0.02084	0.01497	0.00836	0.00660	0.00222	0.00661	0.00632	0.00754	0.01102
17	0.00939	0.00736	0.00849	0.00829	0.01033	0.00646	0.00619	0.01195	0.01834	0.02402	0.36120	0.08606	0.38213	0.01691	0.00861	0.00239	0.00358	0.01451	0.00733	0.00646
18	0.01663	0.00951	0.01131	0.05771	0.01480	0.00944	0.00816	0.05738	0.05104	0.14037	0.12613	0.03546	0.11902	0.01085	0.00682	0.00209	0.00471	0.00900	0.30130	0.00827
19	0.02461	0.01421	0.01683	0.01374	0.01825	0.01448	0.01100	0.26221	0.06938	0.26733	0.07062	0.13678	0.02432	0.01151	0.00770	0.00235	0.00632	0.00958	0.00784	0.01093
20	0.00899	0.00732	0.00795	0.00793	0.01009	0.00628	0.00590	0.01115	0.01730	0.02170	0.21062	0.10681	0.51686	0.01788	0.00863	0.00245	0.00366	0.01517	0.00703	0.00628
21	0.00899	0.00665	0.00840	0.00949	0.01045	0.00607	0.00654	0.01063	0.01524	0.02008	0.12851	0.53103	0.16936	0.02098	0.00906	0.00278	0.00402	0.01875	0.00691	0.00607
22	0.06895	0.01548	0.02420	0.06703	0.41611	0.01692	0.01841	0.02006	0.01501	0.02242	0.01615	0.02337	0.03376	0.03082	0.01116	0.00259	0.14051	0.04340	0.00386	0.00980
23	0.44347	0.06739	0.01626	0.01250	0.01732	0.11958	0.01025	0.12494	0.01787	0.09222	0.01310	0.01403	0.00980	0.00733	0.00549	0.00214	0.00728	0.00475	0.00513	0.00915
24	0.02553	0.10383	0.02347	0.01794	0.07525	0.02141	0.01385	0.47835	0.02884	0.08403	0.01792	0.04503	0.01369	0.00881	0.00704	0.00214	0.00776	0.00682	0.00659	0.01169
25	0.07031	0.11099	0.05969	0.01342	0.06052	0.01451	0.01077	0.11995	0.01795	0.06495	0.01857	0.02121	0.01457	0.01225	0.07294	0.00283	0.00731	0.00618	0.29218	0.00889
26	0.01047	0.03610	0.00993	0.00882	0.01000	0.00836	0.00609	0.01165	0.01384	0.01795	0.10998	0.09530	0.23141	0.33479	0.02174	0.00448	0.04549	0.01242	0.00552	0.00567
27	0.01453	0.01050	0.01426	0.01386	0.01656	0.01061	0.04851	0.04457	0.10141	0.06924	0.03648	0.06235	0.08614	0.05669	0.01071	0.00320	0.00669	0.37912	0.00667	0.00790

[dist]
# distance from previous block
# <min> <max>
0	33

[block]
# block no. 8 follows, 28 sequences, length 18
# corresponding to MSA columns:
# 911-928
name=unknown_I
#
