[name]
unknown

[dist]
# distance from previous block
# <min> <max>
18	503

[block]
# block no. 0 follows, 26 sequences, length 78
# corresponding to MSA columns:
# 1311-1335,1365-1405,1410-1421
name=unknown_A
#
# <colnr> <probs for GDERKNQSTAVLIFYWHMCP>
#	G	D	E	R	K	N	Q	S	T	A	V	L	I	F	Y	W	H	M	C	P
0	0.13163	0.01489	0.01576	0.01365	0.01796	0.01626	0.01096	0.16407	0.23575	0.08321	0.08371	0.03374	0.08358	0.01143	0.00764	0.00250	0.00619	0.04927	0.00732	0.01048
1	0.02028	0.02181	0.01979	0.01650	0.02122	0.26728	0.07963	0.02502	0.07713	0.02303	0.01973	0.02373	0.04459	0.00858	0.00698	0.00195	0.00920	0.03775	0.06844	0.20737
2	0.02113	0.01835	0.01914	0.01609	0.02066	0.07501	0.03912	0.18386	0.34408	0.03228	0.02405	0.02558	0.01886	0.07422	0.01032	0.00280	0.00758	0.00787	0.00676	0.05223
3	0.03211	0.01248	0.01699	0.01317	0.01870	0.01082	0.01082	0.03509	0.02169	0.63676	0.08380	0.02837	0.02314	0.00989	0.00774	0.00235	0.00622	0.00813	0.00930	0.01243
4	0.03360	0.01360	0.01803	0.01382	0.01971	0.01217	0.01142	0.08850	0.02286	0.63820	0.02896	0.02519	0.01829	0.00936	0.00762	0.00234	0.00661	0.00756	0.00924	0.01291
5	0.01709	0.01805	0.03133	0.02445	0.02734	0.02171	0.25815	0.02053	0.01398	0.02053	0.01198	0.01805	0.01054	0.01069	0.01889	0.00303	0.45362	0.00751	0.00351	0.00902
6	0.01084	0.00813	0.01219	0.01219	0.01354	0.00948	0.00948	0.01354	0.01219	0.01761	0.02032	0.02980	0.01896	0.05689	0.70337	0.01219	0.02032	0.00813	0.00406	0.00677
7	0.00924	0.00660	0.00880	0.01056	0.01100	0.00616	0.00704	0.01056	0.01452	0.01936	0.04181	0.72848	0.05017	0.02376	0.00968	0.00308	0.00440	0.02156	0.00704	0.00616
8	0.01672	0.01856	0.03983	0.02904	0.03572	0.01740	0.56934	0.02242	0.01744	0.02362	0.01897	0.11743	0.01680	0.00877	0.00905	0.00263	0.01164	0.01068	0.00428	0.00967
9	0.01135	0.00889	0.01318	0.01288	0.01412	0.01071	0.01012	0.01397	0.01214	0.01767	0.01939	0.02861	0.01816	0.05298	0.64255	0.01139	0.08300	0.00799	0.00400	0.00691
10	0.01567	0.10188	0.63547	0.02084	0.03163	0.01873	0.02668	0.02390	0.01596	0.02347	0.01334	0.01567	0.00962	0.00714	0.00700	0.00233	0.01093	0.00547	0.00321	0.01108
11	0.00982	0.00701	0.00947	0.01122	0.01192	0.00666	0.00805	0.01156	0.01509	0.02001	0.04149	0.60367	0.04890	0.02322	0.00984	0.00316	0.00490	0.14067	0.00703	0.00632
12	0.01637	0.01346	0.01579	0.01131	0.01802	0.01015	0.00906	0.01973	0.01594	0.04812	0.01406	0.01608	0.01150	0.00575	0.00569	0.00117	0.00565	0.00460	0.00467	0.75288
13	0.02028	0.73799	0.03975	0.01298	0.01947	0.03001	0.01298	0.02271	0.01541	0.01785	0.01055	0.01217	0.00973	0.00649	0.00487	0.00162	0.00811	0.00406	0.00324	0.00973
14	0.01521	0.03923	0.69413	0.02162	0.03283	0.01762	0.02802	0.02402	0.01601	0.02402	0.01361	0.01601	0.00961	0.00721	0.00721	0.00240	0.01121	0.00560	0.00320	0.01121
15	0.01074	0.00775	0.01014	0.00954	0.01133	0.00716	0.00716	0.01431	0.02147	0.03042	0.68211	0.05666	0.07157	0.01551	0.00895	0.00239	0.00358	0.01372	0.00835	0.00716
16	0.00922	0.00670	0.00870	0.01030	0.01093	0.00618	0.00693	0.01059	0.01477	0.01946	0.04495	0.66972	0.10690	0.02336	0.00962	0.00303	0.00435	0.02107	0.00704	0.00618
17	0.00924	0.00660	0.00880	0.01056	0.01100	0.00616	0.00704	0.01056	0.01452	0.01936	0.04181	0.72848	0.05017	0.02376	0.00968	0.00308	0.00440	0.02156	0.00704	0.00616
18	0.01995	0.01380	0.01542	0.01378	0.01771	0.01505	0.01070	0.03435	0.42644	0.14335	0.05242	0.09157	0.02610	0.01139	0.00772	0.00251	0.00565	0.00962	0.07140	0.01107
19	0.00912	0.00769	0.00790	0.00785	0.01034	0.00647	0.00589	0.01119	0.01766	0.02138	0.13110	0.07153	0.62822	0.01888	0.00896	0.00255	0.00382	0.01580	0.00716	0.00647
20	0.01088	0.00729	0.00832	0.00846	0.00850	0.00726	0.00480	0.01099	0.01132	0.01509	0.02538	0.10572	0.02944	0.67480	0.03622	0.00700	0.00711	0.01190	0.00480	0.00473
21	0.06281	0.02477	0.02173	0.01761	0.02298	0.20416	0.01413	0.44484	0.05032	0.03889	0.01652	0.01704	0.01217	0.00870	0.00726	0.00220	0.00958	0.00624	0.00648	0.01157
22	0.01131	0.00883	0.01310	0.01283	0.01407	0.01062	0.01007	0.01393	0.01214	0.01766	0.01946	0.02871	0.01822	0.05328	0.64732	0.01146	0.07808	0.00800	0.00400	0.00690
23	0.00933	0.00664	0.00878	0.01045	0.01087	0.00622	0.00693	0.01058	0.01436	0.01914	0.04096	0.69637	0.04910	0.05733	0.01105	0.00328	0.00454	0.02106	0.00693	0.00609
24	0.01134	0.00841	0.01084	0.01201	0.01330	0.00851	0.00905	0.01561	0.08980	0.02178	0.05742	0.39847	0.04396	0.04992	0.03461	0.00360	0.00595	0.19145	0.00694	0.00704
25	0.01521	0.03923	0.69413	0.02162	0.03283	0.01762	0.02802	0.02402	0.01601	0.02402	0.01361	0.01601	0.00961	0.00721	0.00721	0.00240	0.01121	0.00560	0.00320	0.01121
26	0.01730	0.01897	0.03939	0.08914	0.12237	0.01824	0.49338	0.02313	0.01757	0.02377	0.01796	0.02271	0.04323	0.00715	0.00865	0.00252	0.01166	0.00882	0.00394	0.01013
27	0.02028	0.73799	0.03975	0.01298	0.01947	0.03001	0.01298	0.02271	0.01541	0.01785	0.01055	0.01217	0.00973	0.00649	0.00487	0.00162	0.00811	0.00406	0.00324	0.00973
28	0.00924	0.00660	0.00880	0.01056	0.01100	0.00616	0.00704	0.01056	0.01452	0.01936	0.04181	0.72848	0.05017	0.02376	0.00968	0.00308	0.00440	0.02156	0.00704	0.00616
29	0.01414	0.00707	0.00707	0.00707	0.00884	0.00707	0.00530	0.01767	0.01591	0.02828	0.02474	0.02828	0.01944	0.00884	0.00530	0.00177	0.00353	0.00707	0.77554	0.00707
30	0.01432	0.01348	0.02275	0.71520	0.05224	0.01685	0.02107	0.01938	0.01517	0.01938	0.01348	0.02022	0.01011	0.00758	0.00758	0.00253	0.01011	0.00674	0.00337	0.00843
31	0.01033	0.00756	0.00973	0.00978	0.01137	0.00696	0.00724	0.01329	0.01946	0.02685	0.46337	0.19664	0.12422	0.01780	0.00917	0.00260	0.00393	0.04493	0.00789	0.00687
32	0.03030	0.01889	0.02131	0.01633	0.02235	0.02003	0.01349	0.48465	0.03172	0.22954	0.02152	0.02036	0.01456	0.00919	0.00760	0.00230	0.00781	0.00705	0.00810	0.01290
33	0.01541	0.01647	0.03440	0.02580	0.03139	0.01543	0.47086	0.02034	0.01693	0.02288	0.02297	0.22444	0.02265	0.01140	0.00916	0.00271	0.01037	0.01258	0.00476	0.00906
34	0.01074	0.00775	0.01014	0.00954	0.01133	0.00716	0.00716	0.01431	0.02147	0.03042	0.68211	0.05666	0.07157	0.01551	0.00895	0.00239	0.00358	0.01372	0.00835	0.00716
35	0.01414	0.00707	0.00707	0.00707	0.00884	0.00707	0.00530	0.01767	0.01591	0.02828	0.02474	0.02828	0.01944	0.00884	0.00530	0.00177	0.00353	0.00707	0.77554	0.00707
36	0.01837	0.01762	0.03007	0.10650	0.62929	0.01792	0.02308	0.02293	0.01708	0.02430	0.01420	0.01890	0.01184	0.00683	0.00752	0.00228	0.00911	0.00676	0.00372	0.01169
37	0.01432	0.01348	0.02275	0.71520	0.05224	0.01685	0.02107	0.01938	0.01517	0.01938	0.01348	0.02022	0.01011	0.00758	0.00758	0.00253	0.01011	0.00674	0.00337	0.00843
38	0.01103	0.00735	0.00827	0.00827	0.00827	0.00735	0.00460	0.01103	0.01103	0.01471	0.02390	0.04964	0.02758	0.73343	0.03861	0.00735	0.00735	0.01103	0.00460	0.00460
39	0.02038	0.02396	0.03494	0.12615	0.03680	0.21484	0.38281	0.02531	0.01854	0.02195	0.01404	0.01848	0.01081	0.00697	0.00815	0.00238	0.01266	0.00747	0.00379	0.00956
40	0.02116	0.01471	0.01657	0.01429	0.01861	0.01594	0.01126	0.09102	0.38949	0.15239	0.13764	0.03165	0.02948	0.01089	0.00789	0.00247	0.00589	0.00910	0.00811	0.01144
41	0.00896	0.00768	0.00768	0.00768	0.01025	0.00640	0.00576	0.01089	0.01729	0.02049	0.07684	0.07300	0.68304	0.01921	0.00896	0.00256	0.00384	0.01601	0.00704	0.00640
42	0.03403	0.01291	0.01760	0.01350	0.01936	0.01115	0.01115	0.03697	0.02171	0.69137	0.02992	0.02582	0.01878	0.00939	0.00763	0.00235	0.00645	0.00763	0.00939	0.01291
43	0.02833	0.03615	0.02149	0.01954	0.02345	0.70298	0.01466	0.03029	0.02149	0.01856	0.01172	0.01368	0.00977	0.00782	0.00684	0.00195	0.01368	0.00489	0.00391	0.00879
44	0.02028	0.73799	0.03975	0.01298	0.01947	0.03001	0.01298	0.02271	0.01541	0.01785	0.01055	0.01217	0.00973	0.00649	0.00487	0.00162	0.00811	0.00406	0.00324	0.00973
45	0.01919	0.01721	0.01712	0.01603	0.04182	0.08265	0.01197	0.05941	0.47188	0.03057	0.08606	0.02873	0.02525	0.01028	0.00761	0.00243	0.00659	0.00848	0.04567	0.01105
46	0.05644	0.03792	0.65765	0.02100	0.03186	0.01758	0.02697	0.02393	0.01585	0.02456	0.01345	0.01582	0.00953	0.00720	0.00707	0.00240	0.01092	0.00552	0.00328	0.01105
47	0.00922	0.00667	0.00873	0.01038	0.01095	0.00618	0.00696	0.01058	0.01470	0.01943	0.04400	0.68746	0.08977	0.02348	0.00964	0.00305	0.00437	0.02122	0.00704	0.00618
48	0.01318	0.00659	0.00988	0.00988	0.00988	0.00659	0.00659	0.00988	0.00988	0.01318	0.01318	0.02306	0.01318	0.02635	0.02964	0.77931	0.00659	0.00659	0.00329	0.00329
49	0.01816	0.01730	0.02946	0.07280	0.62357	0.01752	0.02245	0.02259	0.01691	0.02417	0.01456	0.01942	0.01231	0.00947	0.04468	0.00280	0.00966	0.00683	0.00375	0.01158
50	0.02023	0.01754	0.02318	0.36937	0.09714	0.05034	0.01845	0.22788	0.04985	0.02951	0.01573	0.01949	0.01171	0.00812	0.00755	0.00240	0.00943	0.00676	0.00497	0.01036
51	0.00936	0.00669	0.00894	0.01070	0.01119	0.00627	0.00725	0.01077	0.01464	0.01950	0.04174	0.70238	0.04990	0.02365	0.00971	0.00310	0.00451	0.04647	0.00704	0.00619
52	0.01084	0.00813	0.01219	0.01219	0.01354	0.00948	0.00948	0.01354	0.01219	0.01761	0.02032	0.02980	0.01896	0.05689	0.70337	0.01219	0.02032	0.00813	0.00406	0.00677
53	0.01783	0.02025	0.04361	0.03133	0.03859	0.01940	0.62427	0.02397	0.01757	0.02397	0.01506	0.02025	0.01143	0.00676	0.00980	0.00260	0.05054	0.00883	0.00381	0.01013
54	0.02562	0.02198	0.02796	0.02120	0.02722	0.07433	0.16897	0.43092	0.02923	0.03859	0.01665	0.01833	0.01219	0.00855	0.00864	0.00237	0.04210	0.00718	0.00621	0.01174
55	0.01060	0.00765	0.01002	0.00963	0.01130	0.00707	0.00715	0.01398	0.02085	0.02943	0.62471	0.11689	0.06965	0.01625	0.00901	0.00245	0.00365	0.01442	0.00823	0.00707
56	0.01090	0.00786	0.01086	0.01086	0.01175	0.00876	0.00782	0.01269	0.01180	0.01662	0.02154	0.03654	0.02189	0.28694	0.47733	0.01055	0.01591	0.00911	0.00424	0.00603
57	0.01534	0.03835	0.66341	0.02211	0.03315	0.01769	0.05785	0.02403	0.01610	0.02403	0.01369	0.01622	0.00970	0.00717	0.00729	0.00241	0.01128	0.00576	0.00323	0.01116
58	0.01084	0.00813	0.01219	0.01219	0.01354	0.00948	0.00948	0.01354	0.01219	0.01761	0.02032	0.02980	0.01896	0.05689	0.70337	0.01219	0.02032	0.00813	0.00406	0.00677
59	0.02028	0.73799	0.03975	0.01298	0.01947	0.03001	0.01298	0.02271	0.01541	0.01785	0.01055	0.01217	0.00973	0.00649	0.00487	0.00162	0.00811	0.00406	0.00324	0.00973
60	0.01029	0.00759	0.00974	0.01100	0.01193	0.00740	0.00766	0.01355	0.06961	0.02150	0.09824	0.58561	0.04960	0.02180	0.00948	0.00299	0.00456	0.04345	0.00721	0.00676
61	0.01573	0.01348	0.01573	0.01123	0.01798	0.01011	0.00899	0.01910	0.01573	0.02472	0.01348	0.01573	0.01123	0.00562	0.00562	0.00112	0.00562	0.00449	0.00449	0.77980
62	0.00924	0.00660	0.00880	0.01056	0.01100	0.00616	0.00704	0.01056	0.01452	0.01936	0.04181	0.72848	0.05017	0.02376	0.00968	0.00308	0.00440	0.02156	0.00704	0.00616
63	0.01113	0.00747	0.00860	0.00874	0.00889	0.00747	0.00523	0.01142	0.01156	0.01537	0.02524	0.05260	0.02890	0.67457	0.03628	0.00703	0.00732	0.06258	0.00479	0.00479
64	0.02708	0.03393	0.02151	0.01945	0.02304	0.62609	0.01474	0.02960	0.04041	0.01894	0.01216	0.01436	0.01019	0.00834	0.00836	0.00209	0.07176	0.00514	0.00397	0.00885
65	0.01623	0.01378	0.01600	0.01147	0.01819	0.01063	0.00920	0.04385	0.01650	0.02561	0.01366	0.01582	0.01130	0.00575	0.00569	0.00117	0.00572	0.00458	0.00461	0.75022
66	0.06958	0.02577	0.33219	0.01789	0.02624	0.01519	0.04406	0.04877	0.01882	0.29683	0.02027	0.02002	0.01343	0.00811	0.00731	0.00238	0.00893	0.00651	0.00597	0.01174
67	0.01461	0.01257	0.01589	0.01231	0.01753	0.01036	0.03422	0.01768	0.01559	0.02367	0.03991	0.13623	0.01965	0.00938	0.00750	0.00166	0.04133	0.00792	0.00496	0.55701
68	0.05279	0.00745	0.00727	0.00721	0.00913	0.00757	0.00545	0.01791	0.01576	0.02857	0.02403	0.02748	0.01888	0.00875	0.00527	0.00180	0.00365	0.00692	0.73699	0.00713
69	0.01728	0.01632	0.02781	0.21725	0.38363	0.01714	0.07350	0.04748	0.01786	0.02471	0.06897	0.02237	0.01638	0.00776	0.00777	0.00236	0.00914	0.00751	0.00419	0.01056
70	0.01109	0.00742	0.00847	0.00856	0.00865	0.00742	0.00498	0.01126	0.01135	0.01511	0.02471	0.05143	0.02838	0.69780	0.03720	0.00716	0.00734	0.04224	0.00472	0.00472
71	0.01534	0.02894	0.42815	0.01808	0.02614	0.04879	0.04099	0.02192	0.01763	0.05159	0.13423	0.02898	0.08713	0.00990	0.00773	0.00240	0.00916	0.00817	0.00476	0.00996
72	0.01103	0.00735	0.00827	0.00827	0.00827	0.00735	0.00460	0.01103	0.01103	0.01471	0.02390	0.04964	0.02758	0.73343	0.03861	0.00735	0.00735	0.01103	0.00460	0.00460
73	0.01186	0.01703	0.21073	0.01302	0.01769	0.01019	0.01331	0.01673	0.01908	0.02675	0.36900	0.04840	0.14067	0.01385	0.00851	0.00247	0.00601	0.03987	0.00659	0.00823
74	0.02488	0.02095	0.02468	0.02753	0.26112	0.10925	0.01707	0.26276	0.02497	0.08761	0.01665	0.01831	0.01257	0.00793	0.00736	0.00217	0.00899	0.00649	0.00571	0.05301
75	0.01760	0.01256	0.01546	0.04343	0.01868	0.01040	0.00966	0.04017	0.01788	0.11645	0.11039	0.05203	0.02227	0.00844	0.00667	0.00164	0.00568	0.00707	0.00585	0.47767
76	0.01839	0.23018	0.38690	0.01811	0.02687	0.02148	0.02101	0.11435	0.01889	0.02597	0.04148	0.01696	0.01272	0.00763	0.00668	0.00217	0.00962	0.00569	0.00406	0.01087
77	0.01670	0.27033	0.44533	0.01820	0.02741	0.02127	0.02207	0.02315	0.01606	0.02226	0.04294	0.01658	0.01246	0.00734	0.00651	0.00214	0.00983	0.00546	0.00345	0.01053

[dist]
# distance from previous block
# <min> <max>
0	1

[block]
# block no. 1 follows, 26 sequences, length 27
# corresponding to MSA columns:
# 1423-1449
name=unknown_B
#
# <colnr> <probs for GDERKNQSTAVLIFYWHMCP>
#	G	D	E	R	K	N	Q	S	T	A	V	L	I	F	Y	W	H	M	C	P
0	0.02634	0.01744	0.01898	0.01489	0.02005	0.01882	0.01219	0.46235	0.03011	0.11146	0.02079	0.02109	0.01487	0.00908	0.00712	0.00218	0.00715	0.00696	0.16642	0.01170
1	0.04994	0.33300	0.38921	0.01748	0.02643	0.02282	0.02084	0.02340	0.01563	0.02184	0.01219	0.01424	0.00960	0.00690	0.00611	0.00207	0.00968	0.00489	0.00328	0.01046
2	0.01339	0.00941	0.01337	0.01284	0.01415	0.01085	0.00988	0.01556	0.01323	0.07591	0.02341	0.14099	0.02330	0.08851	0.39217	0.00832	0.11229	0.01023	0.00493	0.00726
3	0.02598	0.12863	0.02123	0.01352	0.01930	0.01425	0.03685	0.04826	0.01956	0.37572	0.02635	0.05406	0.05098	0.00935	0.00710	0.00210	0.00669	0.00764	0.00719	0.12524
4	0.02833	0.03615	0.02149	0.01954	0.02345	0.70298	0.01466	0.03029	0.02149	0.01856	0.01172	0.01368	0.00977	0.00782	0.00684	0.00195	0.01368	0.00489	0.00391	0.00879
5	0.01658	0.01345	0.01582	0.01134	0.01804	0.01016	0.00909	0.01993	0.01601	0.05580	0.01425	0.01620	0.01159	0.00579	0.00571	0.00118	0.00566	0.00464	0.00472	0.74404
6	0.01318	0.00659	0.00988	0.00988	0.00988	0.00659	0.00659	0.00988	0.00988	0.01318	0.01318	0.02306	0.01318	0.02635	0.02964	0.77931	0.00659	0.00659	0.00329	0.00329
7	0.01877	0.01802	0.03079	0.04656	0.68612	0.01802	0.02328	0.02328	0.01727	0.02478	0.01427	0.01877	0.01201	0.00676	0.00751	0.00225	0.00901	0.00676	0.00375	0.01201
8	0.01521	0.03923	0.69413	0.02162	0.03283	0.01762	0.02802	0.02402	0.01601	0.02402	0.01361	0.01601	0.00961	0.00721	0.00721	0.00240	0.01121	0.00560	0.00320	0.01121
9	0.02883	0.02125	0.02276	0.01745	0.02352	0.02352	0.01442	0.66082	0.03566	0.04780	0.01821	0.01821	0.01290	0.00911	0.00759	0.00228	0.00835	0.00683	0.00759	0.01290
10	0.01103	0.00735	0.00827	0.00827	0.00827	0.00735	0.00460	0.01103	0.01103	0.01471	0.02390	0.04964	0.02758	0.73343	0.03861	0.00735	0.00735	0.01103	0.00460	0.00460
11	0.01477	0.01418	0.02380	0.59825	0.04766	0.01775	0.04915	0.01946	0.01485	0.01946	0.01313	0.01978	0.01015	0.00824	0.00979	0.00263	0.09824	0.00683	0.00338	0.00849
12	0.01784	0.02026	0.04366	0.03135	0.03864	0.01939	0.62581	0.02399	0.01758	0.02399	0.01507	0.02026	0.01143	0.00675	0.00976	0.00260	0.04885	0.00883	0.00381	0.01013
13	0.00924	0.00660	0.00880	0.01056	0.01100	0.00616	0.00704	0.01056	0.01452	0.01936	0.04181	0.72848	0.05017	0.02376	0.00968	0.00308	0.00440	0.02156	0.00704	0.00616
14	0.01166	0.00944	0.01263	0.01254	0.01401	0.04204	0.00972	0.01433	0.01263	0.01765	0.01991	0.02904	0.01853	0.05458	0.67067	0.01171	0.02001	0.00797	0.00406	0.00687
15	0.01412	0.01315	0.02186	0.62639	0.04759	0.01647	0.01988	0.01883	0.01477	0.01918	0.01393	0.02090	0.01087	0.01207	0.06832	0.00339	0.03972	0.00686	0.00343	0.00828
16	0.78701	0.01467	0.01115	0.00997	0.01467	0.01702	0.00821	0.02230	0.01291	0.03403	0.01056	0.01232	0.00821	0.00704	0.00469	0.00235	0.00587	0.00411	0.00469	0.00821
17	0.01263	0.00865	0.01045	0.00959	0.01208	0.00788	0.00732	0.04098	0.02080	0.07647	0.42477	0.05779	0.25011	0.01592	0.00880	0.00243	0.00406	0.01369	0.00800	0.00758
18	0.01659	0.01659	0.02323	0.01991	0.01991	0.02323	0.01659	0.01825	0.01162	0.01825	0.00996	0.01659	0.00996	0.01328	0.02489	0.00332	0.71955	0.00664	0.00332	0.00830
19	0.01074	0.00775	0.01014	0.00954	0.01133	0.00716	0.00716	0.01431	0.02147	0.03042	0.68211	0.05666	0.07157	0.01551	0.00895	0.00239	0.00358	0.01372	0.00835	0.00716
20	0.01432	0.01348	0.02275	0.71520	0.05224	0.01685	0.02107	0.01938	0.01517	0.01938	0.01348	0.02022	0.01011	0.00758	0.00758	0.00253	0.01011	0.00674	0.00337	0.00843
21	0.01580	0.01323	0.01745	0.03640	0.02004	0.01062	0.05779	0.01922	0.01596	0.04815	0.01730	0.09404	0.01572	0.00785	0.00645	0.00153	0.00620	0.00687	0.00486	0.58452
22	0.72155	0.01652	0.01204	0.01080	0.01543	0.07620	0.00877	0.02299	0.01365	0.03270	0.01066	0.01244	0.00835	0.00711	0.00488	0.00231	0.00654	0.00417	0.00463	0.00826
23	0.01302	0.00892	0.01242	0.01187	0.01311	0.01010	0.00889	0.01497	0.01255	0.06620	0.02115	0.03357	0.02047	0.22293	0.43120	0.00956	0.06903	0.00872	0.00453	0.00678
24	0.01839	0.01992	0.04125	0.08986	0.03955	0.01930	0.55644	0.07044	0.01897	0.02559	0.01539	0.02028	0.01149	0.00669	0.00873	0.00253	0.01223	0.00861	0.00407	0.01027
25	0.02045	0.41426	0.17595	0.01527	0.02254	0.07909	0.01589	0.02434	0.01653	0.06910	0.01297	0.01443	0.01050	0.00689	0.00580	0.00183	0.00890	0.00476	0.00385	0.07665
26	0.01412	0.01231	0.01893	0.12730	0.24888	0.01261	0.01487	0.04411	0.01699	0.02293	0.05276	0.25829	0.09672	0.01415	0.00844	0.00260	0.00691	0.01281	0.00544	0.00885

[dist]
# distance from previous block
# <min> <max>
7	87

[block]
# block no. 2 follows, 26 sequences, length 16
# corresponding to MSA columns:
# 1546-1561
name=unknown_C
#
# <colnr> <probs for GDERKNQSTAVLIFYWHMCP>
#	G	D	E	R	K	N	Q	S	T	A	V	L	I	F	Y	W	H	M	C	P
0	0.01234	0.00816	0.00962	0.00921	0.01168	0.00712	0.00691	0.01475	0.01857	0.09969	0.23034	0.14548	0.36276	0.01766	0.00890	0.00255	0.00414	0.01513	0.00766	0.00732
1	0.01101	0.00744	0.00872	0.00872	0.00888	0.00760	0.00515	0.01132	0.01116	0.01504	0.02349	0.04737	0.02659	0.65612	0.11457	0.00791	0.00884	0.01070	0.00454	0.00484
2	0.00960	0.00695	0.00879	0.00986	0.01065	0.00645	0.00664	0.01112	0.01530	0.02034	0.12394	0.49524	0.11914	0.10333	0.01282	0.00343	0.00457	0.01877	0.00693	0.00613
3	0.01794	0.01883	0.02303	0.01987	0.02032	0.10091	0.01637	0.01963	0.01275	0.01829	0.01016	0.01626	0.00994	0.01265	0.02283	0.00316	0.63888	0.00644	0.00339	0.00835
4	0.07661	0.01471	0.01870	0.01649	0.06783	0.01457	0.01241	0.08872	0.11671	0.43025	0.02611	0.02390	0.01750	0.00928	0.00796	0.00240	0.02808	0.00739	0.00811	0.01228
5	0.73143	0.06710	0.01322	0.01019	0.01502	0.01796	0.00856	0.02233	0.01309	0.03286	0.01056	0.01231	0.00832	0.00700	0.00471	0.00229	0.00603	0.00410	0.00459	0.00832
6	0.01662	0.01463	0.01676	0.01526	0.01810	0.01740	0.01193	0.03042	0.41880	0.02682	0.03079	0.11650	0.06309	0.01311	0.01147	0.00278	0.14835	0.01026	0.00671	0.01020
7	0.01084	0.00813	0.01219	0.01219	0.01354	0.00948	0.00948	0.01354	0.01219	0.01761	0.02032	0.02980	0.01896	0.05689	0.70337	0.01219	0.02032	0.00813	0.00406	0.00677
8	0.01615	0.01568	0.02736	0.42152	0.21535	0.01755	0.10124	0.02199	0.04668	0.02199	0.01473	0.02025	0.01139	0.00734	0.00774	0.00246	0.00997	0.00711	0.00373	0.00976
9	0.61903	0.01790	0.09743	0.01194	0.01742	0.01726	0.01105	0.02418	0.07434	0.03256	0.01282	0.01426	0.00977	0.00736	0.00529	0.00237	0.00655	0.00471	0.00479	0.00894
10	0.01521	0.03923	0.69413	0.02162	0.03283	0.01762	0.02802	0.02402	0.01601	0.02402	0.01361	0.01601	0.00961	0.00721	0.00721	0.00240	0.01121	0.00560	0.00320	0.01121
11	0.01131	0.00744	0.00893	0.00900	0.00951	0.00770	0.00576	0.01235	0.01201	0.01717	0.02400	0.06983	0.02573	0.47914	0.16621	0.00745	0.00935	0.01037	0.10136	0.00540
12	0.00924	0.00660	0.00880	0.01056	0.01100	0.00616	0.00704	0.01056	0.01452	0.01936	0.04181	0.72848	0.05017	0.02376	0.00968	0.00308	0.00440	0.02156	0.00704	0.00616
13	0.01358	0.00837	0.01079	0.00991	0.01200	0.00778	0.00737	0.01642	0.01919	0.10971	0.42452	0.05125	0.09990	0.11347	0.05903	0.00371	0.00558	0.01239	0.00760	0.00746
14	0.00914	0.00769	0.00792	0.00786	0.01035	0.00648	0.00590	0.01122	0.01770	0.02146	0.13578	0.07141	0.62350	0.01885	0.00896	0.00254	0.00382	0.01579	0.00717	0.00648
15	0.01994	0.69142	0.08337	0.01355	0.02036	0.02919	0.01398	0.02280	0.01545	0.01826	0.01075	0.01242	0.00973	0.00654	0.00502	0.00167	0.00832	0.00416	0.00324	0.00983

[dist]
# distance from previous block
# <min> <max>
0	1

[block]
# block no. 3 follows, 26 sequences, length 81
# corresponding to MSA columns:
# 1563-1572,1574-1644
name=unknown_D
#
# <colnr> <probs for GDERKNQSTAVLIFYWHMCP>
#	G	D	E	R	K	N	Q	S	T	A	V	L	I	F	Y	W	H	M	C	P
0	0.02639	0.01953	0.02044	0.01621	0.02160	0.04187	0.01320	0.48159	0.11807	0.06514	0.02067	0.02055	0.01494	0.00921	0.00739	0.00226	0.00772	0.00705	0.07402	0.01215
1	0.02028	0.73799	0.03975	0.01298	0.01947	0.03001	0.01298	0.02271	0.01541	0.01785	0.01055	0.01217	0.00973	0.00649	0.00487	0.00162	0.00811	0.00406	0.00324	0.00973
2	0.01047	0.00774	0.00978	0.00927	0.01117	0.00705	0.00695	0.01381	0.02086	0.02896	0.59306	0.05906	0.16153	0.01605	0.00895	0.00241	0.00362	0.01405	0.00816	0.00705
3	0.03135	0.01472	0.02020	0.01545	0.02138	0.01376	0.05816	0.11735	0.05942	0.52308	0.02741	0.02458	0.01773	0.00919	0.00772	0.00237	0.00713	0.00767	0.00866	0.01266
4	0.00923	0.00665	0.00875	0.01044	0.01097	0.00617	0.00699	0.01058	0.01464	0.01941	0.04330	0.70060	0.07708	0.02357	0.00965	0.00306	0.00438	0.02133	0.00704	0.00617
5	0.00915	0.00769	0.00794	0.00788	0.01036	0.00648	0.00591	0.01125	0.01773	0.02154	0.14065	0.07127	0.61858	0.01882	0.00896	0.00254	0.00381	0.01577	0.00718	0.00648
6	0.78701	0.01467	0.01115	0.00997	0.01467	0.01702	0.00821	0.02230	0.01291	0.03403	0.01056	0.01232	0.00821	0.00704	0.00469	0.00235	0.00587	0.00411	0.00469	0.00821
7	0.03260	0.01249	0.01685	0.01303	0.01861	0.01086	0.01073	0.03558	0.02129	0.64371	0.02955	0.02599	0.01882	0.00935	0.00746	0.00231	0.00624	0.00759	0.06446	0.01249
8	0.03403	0.01291	0.01760	0.01350	0.01936	0.01115	0.01115	0.03697	0.02171	0.69137	0.02992	0.02582	0.01878	0.00939	0.00763	0.00235	0.00645	0.00763	0.00939	0.01291
9	0.01859	0.01451	0.01681	0.01254	0.01885	0.01236	0.01019	0.12867	0.01948	0.05869	0.01651	0.02049	0.01366	0.00723	0.00631	0.00151	0.00619	0.04009	0.00538	0.57193
10	0.78701	0.01467	0.01115	0.00997	0.01467	0.01702	0.00821	0.02230	0.01291	0.03403	0.01056	0.01232	0.00821	0.00704	0.00469	0.00235	0.00587	0.00411	0.00469	0.00821
11	0.02833	0.03615	0.02149	0.01954	0.02345	0.70298	0.01466	0.03029	0.02149	0.01856	0.01172	0.01368	0.00977	0.00782	0.00684	0.00195	0.01368	0.00489	0.00391	0.00879
12	0.01074	0.00775	0.01014	0.00954	0.01133	0.00716	0.00716	0.01431	0.02147	0.03042	0.68211	0.05666	0.07157	0.01551	0.00895	0.00239	0.00358	0.01372	0.00835	0.00716
13	0.03403	0.01291	0.01760	0.01350	0.01936	0.01115	0.01115	0.03697	0.02171	0.69137	0.02992	0.02582	0.01878	0.00939	0.00763	0.00235	0.00645	0.00763	0.00939	0.01291
14	0.01553	0.08302	0.65313	0.02108	0.03199	0.01839	0.02708	0.02394	0.01598	0.02363	0.01342	0.01577	0.00962	0.00716	0.00706	0.00235	0.01102	0.00551	0.00321	0.01112
15	0.02957	0.02006	0.02203	0.01689	0.02293	0.02176	0.01395	0.57193	0.03367	0.13951	0.01988	0.01929	0.01374	0.00915	0.00759	0.00229	0.00808	0.00694	0.00784	0.01290
16	0.01052	0.00774	0.00984	0.00932	0.01120	0.00706	0.00699	0.01390	0.02096	0.02921	0.60825	0.05865	0.14619	0.01596	0.00895	0.00241	0.00361	0.01400	0.00819	0.00706
17	0.00940	0.00770	0.00828	0.00814	0.01051	0.00659	0.00610	0.01172	0.01831	0.02290	0.22397	0.06903	0.53440	0.01831	0.00896	0.00252	0.00378	0.01545	0.00736	0.00659
18	0.00924	0.00660	0.00880	0.01056	0.01100	0.00616	0.00704	0.01056	0.01452	0.01936	0.04181	0.72848	0.05017	0.02376	0.00968	0.00308	0.00440	0.02156	0.00704	0.00616
19	0.01550	0.07916	0.65674	0.02113	0.03207	0.01832	0.02716	0.02395	0.01598	0.02367	0.01344	0.01579	0.00962	0.00717	0.00707	0.00236	0.01103	0.00552	0.00321	0.01113
20	0.01432	0.01348	0.02275	0.71520	0.05224	0.01685	0.02107	0.01938	0.01517	0.01938	0.01348	0.02022	0.01011	0.00758	0.00758	0.00253	0.01011	0.00674	0.00337	0.00843
21	0.01605	0.03813	0.65273	0.02136	0.03226	0.01798	0.02719	0.06329	0.01723	0.02549	0.01390	0.01615	0.00981	0.00732	0.00723	0.00239	0.01103	0.00568	0.00347	0.01131
22	0.02834	0.01782	0.02013	0.01590	0.02155	0.01898	0.01298	0.35446	0.15968	0.23186	0.02417	0.02245	0.01667	0.00943	0.00763	0.00236	0.00732	0.00741	0.00814	0.01272
23	0.18434	0.03385	0.54446	0.01907	0.02885	0.01748	0.02368	0.02364	0.01533	0.02621	0.01294	0.01520	0.00930	0.00717	0.00666	0.00239	0.01004	0.00528	0.00353	0.01055
24	0.02883	0.02125	0.02276	0.01745	0.02352	0.02352	0.01442	0.66082	0.03566	0.04780	0.01821	0.01821	0.01290	0.00911	0.00759	0.00228	0.00835	0.00683	0.00759	0.01290
25	0.01887	0.01629	0.01715	0.01544	0.01972	0.01887	0.01201	0.04031	0.67241	0.03173	0.03087	0.02830	0.02315	0.01029	0.00772	0.00257	0.00600	0.00858	0.00772	0.01201
26	0.01054	0.00766	0.00996	0.00987	0.01152	0.00709	0.00741	0.01371	0.02003	0.02785	0.51826	0.14928	0.10175	0.01719	0.00915	0.00256	0.00394	0.05725	0.00801	0.00697
27	0.01334	0.01000	0.01305	0.01422	0.01639	0.01043	0.01219	0.01984	0.12744	0.02422	0.03860	0.07594	0.04021	0.01916	0.01001	0.00334	0.00682	0.52986	0.00711	0.00783
28	0.01103	0.00735	0.00827	0.00827	0.00827	0.00735	0.00460	0.01103	0.01103	0.01471	0.02390	0.04964	0.02758	0.73343	0.03861	0.00735	0.00735	0.01103	0.00460	0.00460
29	0.01230	0.00812	0.01052	0.00971	0.01184	0.00740	0.00736	0.01573	0.02123	0.07730	0.59731	0.05547	0.10609	0.01530	0.00885	0.00239	0.00380	0.01342	0.00834	0.00752
30	0.01553	0.08302	0.65313	0.02108	0.03199	0.01839	0.02708	0.02394	0.01598	0.02363	0.01342	0.01577	0.00962	0.00716	0.00706	0.00235	0.01102	0.00551	0.00321	0.01112
31	0.78701	0.01467	0.01115	0.00997	0.01467	0.01702	0.00821	0.02230	0.01291	0.03403	0.01056	0.01232	0.00821	0.00704	0.00469	0.00235	0.00587	0.00411	0.00469	0.00821
32	0.03403	0.01291	0.01760	0.01350	0.01936	0.01115	0.01115	0.03697	0.02171	0.69137	0.02992	0.02582	0.01878	0.00939	0.00763	0.00235	0.00645	0.00763	0.00939	0.01291
33	0.01946	0.01933	0.03012	0.04462	0.63848	0.06726	0.02266	0.02378	0.01757	0.02433	0.01408	0.01841	0.01185	0.00683	0.00746	0.00223	0.00935	0.00662	0.00377	0.01178
34	0.01712	0.01704	0.02334	0.26195	0.06119	0.09767	0.09027	0.05058	0.05691	0.02171	0.01565	0.02114	0.01277	0.01680	0.13033	0.00420	0.08116	0.00713	0.00408	0.00895
35	0.03366	0.01351	0.01797	0.01378	0.01966	0.01204	0.01138	0.08181	0.02271	0.64511	0.02908	0.02527	0.01835	0.00937	0.00762	0.00234	0.00659	0.00757	0.00926	0.01291
36	0.01084	0.00813	0.01219	0.01219	0.01354	0.00948	0.00948	0.01354	0.01219	0.01761	0.02032	0.02980	0.01896	0.05689	0.70337	0.01219	0.02032	0.00813	0.00406	0.00677
37	0.02309	0.01039	0.01371	0.01153	0.01545	0.00914	0.00911	0.02594	0.02033	0.38472	0.18944	0.10939	0.09438	0.01317	0.00820	0.00243	0.00524	0.01123	0.03301	0.01009
38	0.78701	0.01467	0.01115	0.00997	0.01467	0.01702	0.00821	0.02230	0.01291	0.03403	0.01056	0.01232	0.00821	0.00704	0.00469	0.00235	0.00587	0.00411	0.00469	0.00821
39	0.01533	0.01474	0.02081	0.01822	0.01852	0.02022	0.01504	0.01722	0.01174	0.01811	0.01223	0.01949	0.01193	0.02283	0.17357	0.00526	0.56632	0.00696	0.00348	0.00796
40	0.01018	0.00728	0.00986	0.01148	0.01237	0.00696	0.00854	0.01226	0.01576	0.02095	0.07792	0.50539	0.04952	0.02248	0.00987	0.00316	0.00510	0.19737	0.00710	0.00645
41	0.01887	0.01629	0.01715	0.01544	0.01972	0.01887	0.01201	0.04031	0.67241	0.03173	0.03087	0.02830	0.02315	0.01029	0.00772	0.00257	0.00600	0.00858	0.00772	0.01201
42	0.00923	0.00666	0.00874	0.01040	0.01096	0.00617	0.00697	0.01058	0.01468	0.01943	0.04375	0.69204	0.08535	0.02351	0.00964	0.00305	0.00437	0.02125	0.00704	0.00617
43	0.01877	0.01802	0.03079	0.04656	0.68612	0.01802	0.02328	0.02328	0.01727	0.02478	0.01427	0.01877	0.01201	0.00676	0.00751	0.00225	0.00901	0.00676	0.00375	0.01201
44	0.01103	0.00735	0.00827	0.00827	0.00827	0.00735	0.00460	0.01103	0.01103	0.01471	0.02390	0.04964	0.02758	0.73343	0.03861	0.00735	0.00735	0.01103	0.00460	0.00460
45	0.02531	0.01922	0.02063	0.01648	0.02185	0.02139	0.01339	0.47093	0.18874	0.04284	0.06221	0.02302	0.01900	0.00979	0.00770	0.00235	0.00749	0.00768	0.00767	0.01233
46	0.01573	0.01348	0.01573	0.01123	0.01798	0.01011	0.00899	0.01910	0.01573	0.02472	0.01348	0.01573	0.01123	0.00562	0.00562	0.00112	0.00562	0.00449	0.00449	0.77980
47	0.01957	0.64037	0.13117	0.01419	0.02133	0.02828	0.01508	0.02290	0.01550	0.01871	0.01097	0.01270	0.00972	0.00659	0.00519	0.00173	0.00854	0.00427	0.00324	0.00994
48	0.01455	0.00862	0.01126	0.01010	0.01262	0.00779	0.00775	0.01793	0.02128	0.14085	0.53895	0.05239	0.09670	0.01469	0.00873	0.00239	0.00408	0.01282	0.00845	0.00808
49	0.06362	0.01638	0.01946	0.01657	0.02131	0.01831	0.07319	0.03755	0.53175	0.07249	0.02818	0.02649	0.02092	0.00968	0.00766	0.00254	0.00667	0.00830	0.00728	0.01168
50	0.02915	0.02073	0.02245	0.01721	0.02327	0.02276	0.01422	0.62236	0.03480	0.08749	0.01893	0.01868	0.01326	0.00912	0.00759	0.00228	0.00823	0.00688	0.00770	0.01290
51	0.01945	0.01752	0.01742	0.01569	0.01995	0.06105	0.01217	0.03969	0.63228	0.03092	0.02969	0.02740	0.02233	0.01014	0.00766	0.00253	0.00648	0.00835	0.00748	0.01181
52	0.01131	0.00831	0.01069	0.01020	0.01213	0.00794	0.00780	0.01590	0.05838	0.02994	0.59876	0.05712	0.06680	0.01560	0.00899	0.00248	0.00396	0.05809	0.00822	0.00742
53	0.02064	0.01641	0.02001	0.01497	0.02132	0.01541	0.05759	0.20247	0.08480	0.06020	0.01731	0.01840	0.01319	0.00726	0.00670	0.00174	0.00697	0.00600	0.00583	0.40278
54	0.01659	0.01659	0.02323	0.01991	0.01991	0.02323	0.01659	0.01825	0.01162	0.01825	0.00996	0.01659	0.00996	0.01328	0.02489	0.00332	0.71955	0.00664	0.00332	0.00830
55	0.01659	0.01659	0.02323	0.01991	0.01991	0.02323	0.01659	0.01825	0.01162	0.01825	0.00996	0.01659	0.00996	0.01328	0.02489	0.00332	0.71955	0.00664	0.00332	0.00830
56	0.01877	0.01802	0.03079	0.04656	0.68612	0.01802	0.02328	0.02328	0.01727	0.02478	0.01427	0.01877	0.01201	0.00676	0.00751	0.00225	0.00901	0.00676	0.00375	0.01201
57	0.01659	0.01659	0.02323	0.01991	0.01991	0.02323	0.01659	0.01825	0.01162	0.01825	0.00996	0.01659	0.00996	0.01328	0.02489	0.00332	0.71955	0.00664	0.00332	0.00830
58	0.01084	0.00813	0.01219	0.01219	0.01354	0.00948	0.00948	0.01354	0.01219	0.01761	0.02032	0.02980	0.01896	0.05689	0.70337	0.01219	0.02032	0.00813	0.00406	0.00677
59	0.01528	0.00740	0.00767	0.00744	0.00944	0.00730	0.00564	0.01878	0.01624	0.06617	0.02504	0.02814	0.01940	0.00887	0.00544	0.00180	0.00370	0.00710	0.73176	0.00740
60	0.00923	0.00666	0.00874	0.01040	0.01096	0.00617	0.00697	0.01058	0.01468	0.01943	0.04375	0.69204	0.08535	0.02351	0.00964	0.00305	0.00437	0.02125	0.00704	0.00617
61	0.01632	0.19236	0.55073	0.01973	0.02990	0.02033	0.02473	0.02373	0.01588	0.02267	0.01294	0.01517	0.00964	0.00705	0.00669	0.00223	0.01053	0.00527	0.00321	0.01089
62	0.00998	0.00772	0.00909	0.00875	0.01087	0.00683	0.00656	0.01284	0.01968	0.02616	0.42256	0.06367	0.33378	0.01709	0.00895	0.00246	0.00369	0.01470	0.00779	0.00683
63	0.65885	0.01578	0.01311	0.01124	0.01617	0.01812	0.00926	0.13023	0.01675	0.03636	0.01185	0.01332	0.00901	0.00739	0.00518	0.00234	0.00629	0.00457	0.00518	0.00901
64	0.01607	0.15739	0.58348	0.02016	0.03057	0.01971	0.02548	0.02380	0.01591	0.02298	0.01309	0.01536	0.00963	0.00709	0.00681	0.00227	0.01069	0.00534	0.00321	0.01096
65	0.02775	0.03493	0.02123	0.01929	0.02322	0.66080	0.01449	0.03091	0.06163	0.01938	0.01291	0.01458	0.01060	0.00797	0.00689	0.00199	0.01321	0.00511	0.00414	0.00899
66	0.01543	0.00831	0.00845	0.00798	0.01013	0.00851	0.00610	0.07413	0.01764	0.02999	0.02417	0.02739	0.01887	0.00886	0.00550	0.00181	0.00396	0.00705	0.70813	0.00758
67	0.02883	0.02125	0.02276	0.01745	0.02352	0.02352	0.01442	0.66082	0.03566	0.04780	0.01821	0.01821	0.01290	0.00911	0.00759	0.00228	0.00835	0.00683	0.00759	0.01290
68	0.01573	0.01348	0.01573	0.01123	0.01798	0.01011	0.00899	0.01910	0.01573	0.02472	0.01348	0.01573	0.01123	0.00562	0.00562	0.00112	0.00562	0.00449	0.00449	0.77980
69	0.01887	0.01629	0.01715	0.01544	0.01972	0.01887	0.01201	0.04031	0.67241	0.03173	0.03087	0.02830	0.02315	0.01029	0.00772	0.00257	0.00600	0.00858	0.00772	0.01201
70	0.00979	0.00772	0.00882	0.00855	0.01075	0.00675	0.00641	0.01248	0.01923	0.02509	0.35760	0.06542	0.39940	0.01749	0.00896	0.00248	0.00372	0.01495	0.00765	0.00675
71	0.02028	0.73799	0.03975	0.01298	0.01947	0.03001	0.01298	0.02271	0.01541	0.01785	0.01055	0.01217	0.00973	0.00649	0.00487	0.00162	0.00811	0.00406	0.00324	0.00973
72	0.01917	0.02088	0.02285	0.01983	0.02069	0.17219	0.01617	0.02089	0.01378	0.01832	0.01034	0.01596	0.00992	0.01208	0.02094	0.00302	0.56487	0.00625	0.00345	0.00841
73	0.01414	0.00707	0.00707	0.00707	0.00884	0.00707	0.00530	0.01767	0.01591	0.02828	0.02474	0.02828	0.01944	0.00884	0.00530	0.00177	0.00353	0.00707	0.77554	0.00707
74	0.00908	0.00769	0.00784	0.00780	0.01031	0.00645	0.00585	0.01110	0.01755	0.02111	0.11476	0.07197	0.64472	0.01898	0.00896	0.00255	0.00383	0.01586	0.00713	0.00645
75	0.00896	0.00768	0.00768	0.00768	0.01025	0.00640	0.00576	0.01089	0.01729	0.02049	0.07684	0.07300	0.68304	0.01921	0.00896	0.00256	0.00384	0.01601	0.00704	0.00640
76	0.01432	0.01348	0.02275	0.71520	0.05224	0.01685	0.02107	0.01938	0.01517	0.01938	0.01348	0.02022	0.01011	0.00758	0.00758	0.00253	0.01011	0.00674	0.00337	0.00843
77	0.02883	0.02125	0.02276	0.01745	0.02352	0.02352	0.01442	0.66082	0.03566	0.04780	0.01821	0.01821	0.01290	0.00911	0.00759	0.00228	0.00835	0.00683	0.00759	0.01290
78	0.02323	0.01746	0.01890	0.01583	0.02072	0.01947	0.01262	0.26991	0.35864	0.08457	0.02658	0.05604	0.02024	0.01039	0.00775	0.00247	0.00684	0.00844	0.00776	0.01214
79	0.02883	0.02125	0.02276	0.01745	0.02352	0.02352	0.01442	0.66082	0.03566	0.04780	0.01821	0.01821	0.01290	0.00911	0.00759	0.00228	0.00835	0.00683	0.00759	0.01290
80	0.01074	0.00775	0.01014	0.00954	0.01133	0.00716	0.00716	0.01431	0.02147	0.03042	0.68211	0.05666	0.07157	0.01551	0.00895	0.00239	0.00358	0.01372	0.00835	0.00716

[dist]
# distance from previous block
# <min> <max>
0	14

[block]
# block no. 4 follows, 26 sequences, length 432
# corresponding to MSA columns:
# 1659-2032,2034,2035,2039-2094
name=unknown_E
#
# <colnr> <probs for GDERKNQSTAVLIFYWHMCP>
#	G	D	E	R	K	N	Q	S	T	A	V	L	I	F	Y	W	H	M	C	P
0	0.01074	0.00775	0.01014	0.00954	0.01133	0.00716	0.00716	0.01431	0.02147	0.03042	0.68211	0.05666	0.07157	0.01551	0.00895	0.00239	0.00358	0.01372	0.00835	0.00716
1	0.78701	0.01467	0.01115	0.00997	0.01467	0.01702	0.00821	0.02230	0.01291	0.03403	0.01056	0.01232	0.00821	0.00704	0.00469	0.00235	0.00587	0.00411	0.00469	0.00821
2	0.03368	0.01348	0.01795	0.01377	0.01965	0.01199	0.01137	0.07953	0.02266	0.64746	0.02913	0.02530	0.01838	0.00937	0.00763	0.00234	0.00658	0.00757	0.00927	0.01291
3	0.03300	0.01314	0.01757	0.01363	0.01939	0.01167	0.01121	0.03719	0.06611	0.64636	0.02999	0.02599	0.01907	0.00945	0.00763	0.00236	0.00642	0.00769	0.00927	0.01285
4	0.01074	0.00775	0.01014	0.00954	0.01133	0.00716	0.00716	0.01431	0.02147	0.03042	0.68211	0.05666	0.07157	0.01551	0.00895	0.00239	0.00358	0.01372	0.00835	0.00716
5	0.01414	0.00707	0.00707	0.00707	0.00884	0.00707	0.00530	0.01767	0.01591	0.02828	0.02474	0.02828	0.01944	0.00884	0.00530	0.00177	0.00353	0.00707	0.77554	0.00707
6	0.01067	0.00775	0.01004	0.00947	0.01129	0.00713	0.00710	0.01418	0.02131	0.03003	0.65826	0.05730	0.09567	0.01565	0.00895	0.00239	0.00359	0.01381	0.00830	0.00713
7	0.16531	0.02073	0.01998	0.01589	0.02141	0.07626	0.01298	0.46976	0.02970	0.04192	0.01854	0.01887	0.03738	0.00901	0.00706	0.00227	0.00815	0.00653	0.00675	0.01147
8	0.78701	0.01467	0.01115	0.00997	0.01467	0.01702	0.00821	0.02230	0.01291	0.03403	0.01056	0.01232	0.00821	0.00704	0.00469	0.00235	0.00587	0.00411	0.00469	0.00821
9	0.04437	0.00871	0.01125	0.01055	0.01289	0.00816	0.00822	0.01738	0.02047	0.10929	0.48446	0.07939	0.05891	0.01532	0.00881	0.00252	0.00441	0.07891	0.00814	0.00784
10	0.59452	0.01905	0.01387	0.01225	0.01690	0.14229	0.00983	0.06961	0.01610	0.03221	0.01132	0.01299	0.00883	0.00733	0.00529	0.00227	0.00747	0.00444	0.00476	0.00866
11	0.03382	0.01325	0.01781	0.01366	0.01953	0.01165	0.01128	0.06249	0.02228	0.66504	0.02945	0.02551	0.01854	0.00938	0.00763	0.00234	0.00653	0.00760	0.00931	0.01291
12	0.02833	0.03615	0.02149	0.01954	0.02345	0.70298	0.01466	0.03029	0.02149	0.01856	0.01172	0.01368	0.00977	0.00782	0.00684	0.00195	0.01368	0.00489	0.00391	0.00879
13	0.01573	0.01348	0.01573	0.01123	0.01798	0.01011	0.00899	0.01910	0.01573	0.02472	0.01348	0.01573	0.01123	0.00562	0.00562	0.00112	0.00562	0.00449	0.00449	0.77980
14	0.01124	0.00891	0.01108	0.01063	0.01239	0.00904	0.00802	0.01523	0.06323	0.02598	0.37252	0.15373	0.17398	0.01687	0.01034	0.00261	0.06511	0.01435	0.00744	0.00730
15	0.00948	0.00770	0.00840	0.00823	0.01056	0.00662	0.00617	0.01189	0.01851	0.02340	0.25398	0.06822	0.50409	0.01813	0.00896	0.00251	0.00376	0.01534	0.00743	0.00662
16	0.01665	0.01585	0.02695	0.36572	0.38355	0.01746	0.02222	0.02142	0.01627	0.02220	0.01389	0.01946	0.01111	0.00715	0.00754	0.00238	0.00954	0.00675	0.00357	0.01030
17	0.02175	0.02534	0.02068	0.01856	0.02077	0.36966	0.01453	0.02371	0.01677	0.01832	0.01243	0.01709	0.01122	0.01705	0.11794	0.00396	0.25223	0.00596	0.00373	0.00832
18	0.01414	0.00707	0.00707	0.00707	0.00884	0.00707	0.00530	0.01767	0.01591	0.02828	0.02474	0.02828	0.01944	0.00884	0.00530	0.00177	0.00353	0.00707	0.77554	0.00707
19	0.02028	0.73799	0.03975	0.01298	0.01947	0.03001	0.01298	0.02271	0.01541	0.01785	0.01055	0.01217	0.00973	0.00649	0.00487	0.00162	0.00811	0.00406	0.00324	0.00973
20	0.00896	0.00768	0.00768	0.00768	0.01025	0.00640	0.00576	0.01089	0.01729	0.02049	0.07684	0.07300	0.68304	0.01921	0.00896	0.00256	0.00384	0.01601	0.00704	0.00640
21	0.02883	0.02125	0.02276	0.01745	0.02352	0.02352	0.01442	0.66082	0.03566	0.04780	0.01821	0.01821	0.01290	0.00911	0.00759	0.00228	0.00835	0.00683	0.00759	0.01290
22	0.02028	0.73799	0.03975	0.01298	0.01947	0.03001	0.01298	0.02271	0.01541	0.01785	0.01055	0.01217	0.00973	0.00649	0.00487	0.00162	0.00811	0.00406	0.00324	0.00973
23	0.01414	0.00707	0.00707	0.00707	0.00884	0.00707	0.00530	0.01767	0.01591	0.02828	0.02474	0.02828	0.01944	0.00884	0.00530	0.00177	0.00353	0.00707	0.77554	0.00707
24	0.01521	0.03923	0.69413	0.02162	0.03283	0.01762	0.02802	0.02402	0.01601	0.02402	0.01361	0.01601	0.00961	0.00721	0.00721	0.00240	0.01121	0.00560	0.00320	0.01121
25	0.02833	0.03615	0.02149	0.01954	0.02345	0.70298	0.01466	0.03029	0.02149	0.01856	0.01172	0.01368	0.00977	0.00782	0.00684	0.00195	0.01368	0.00489	0.00391	0.00879
26	0.01074	0.00775	0.01014	0.00954	0.01133	0.00716	0.00716	0.01431	0.02147	0.03042	0.68211	0.05666	0.07157	0.01551	0.00895	0.00239	0.00358	0.01372	0.00835	0.00716
27	0.78701	0.01467	0.01115	0.00997	0.01467	0.01702	0.00821	0.02230	0.01291	0.03403	0.01056	0.01232	0.00821	0.00704	0.00469	0.00235	0.00587	0.00411	0.00469	0.00821
28	0.00924	0.00660	0.00880	0.01056	0.01100	0.00616	0.00704	0.01056	0.01452	0.01936	0.04181	0.72848	0.05017	0.02376	0.00968	0.00308	0.00440	0.02156	0.00704	0.00616
29	0.01084	0.00813	0.01219	0.01219	0.01354	0.00948	0.00948	0.01354	0.01219	0.01761	0.02032	0.02980	0.01896	0.05689	0.70337	0.01219	0.02032	0.00813	0.00406	0.00677
30	0.01074	0.00775	0.01014	0.00954	0.01133	0.00716	0.00716	0.01431	0.02147	0.03042	0.68211	0.05666	0.07157	0.01551	0.00895	0.00239	0.00358	0.01372	0.00835	0.00716
31	0.01887	0.01629	0.01715	0.01544	0.01972	0.01887	0.01201	0.04031	0.67241	0.03173	0.03087	0.02830	0.02315	0.01029	0.00772	0.00257	0.00600	0.00858	0.00772	0.01201
32	0.02028	0.73799	0.03975	0.01298	0.01947	0.03001	0.01298	0.02271	0.01541	0.01785	0.01055	0.01217	0.00973	0.00649	0.00487	0.00162	0.00811	0.00406	0.00324	0.00973
33	0.01085	0.00807	0.01189	0.01189	0.01314	0.00932	0.00910	0.01335	0.01210	0.01738	0.02060	0.03134	0.01963	0.10945	0.65173	0.01181	0.01931	0.00835	0.00410	0.00660
34	0.03403	0.01291	0.01760	0.01350	0.01936	0.01115	0.01115	0.03697	0.02171	0.69137	0.02992	0.02582	0.01878	0.00939	0.00763	0.00235	0.00645	0.00763	0.00939	0.01291
