[name]
unknown

[dist]
# distance from previous block
# <min> <max>
0	101

[block]
# block no. 0 follows, 38 sequences, length 43
# corresponding to MSA columns:
# 121-163
name=unknown_A
#
# <colnr> <probs for GDERKNQSTAVLIFYWHMCP>
#	G	D	E	R	K	N	Q	S	T	A	V	L	I	F	Y	W	H	M	C	P
0	0.13053	0.00817	0.01025	0.01179	0.07600	0.00833	0.00817	0.04026	0.02938	0.05363	0.02600	0.37160	0.02842	0.01404	0.00691	0.00231	0.00463	0.15816	0.00519	0.00623
1	0.01463	0.01603	0.10005	0.06629	0.54913	0.01459	0.05716	0.04517	0.01393	0.01987	0.01127	0.01471	0.00921	0.00567	0.00651	0.00185	0.03637	0.00536	0.00302	0.00917
2	0.01507	0.01238	0.01488	0.01304	0.08817	0.01144	0.00939	0.18404	0.05017	0.02388	0.01255	0.01420	0.01003	0.00742	0.04338	0.00169	0.00583	0.00447	0.00418	0.47377
3	0.04557	0.10022	0.10543	0.02720	0.43445	0.03629	0.06172	0.04131	0.01383	0.01969	0.01089	0.01372	0.00892	0.00540	0.00560	0.00171	0.00730	0.00492	0.00305	0.05278
4	0.00934	0.00987	0.08933	0.00925	0.01161	0.00819	0.00794	0.01258	0.06246	0.01699	0.10052	0.05766	0.25333	0.11055	0.13255	0.00370	0.05401	0.00907	0.00452	0.03654
5	0.01246	0.01146	0.04059	0.00922	0.01470	0.00824	0.00770	0.01529	0.01248	0.01958	0.01070	0.01248	0.00886	0.00450	0.00450	0.00093	0.00462	0.00360	0.00353	0.79454
6	0.00996	0.01027	0.07169	0.01206	0.01474	0.00870	0.12614	0.01441	0.10192	0.01879	0.12219	0.31330	0.10538	0.01296	0.00712	0.00218	0.00509	0.03152	0.00513	0.00644
7	0.00902	0.00685	0.00994	0.00981	0.01076	0.00810	0.00762	0.01104	0.00986	0.01446	0.01659	0.06228	0.01591	0.05332	0.61578	0.00826	0.07351	0.00690	0.04458	0.00542
8	0.03633	0.33133	0.11808	0.01130	0.01674	0.08949	0.01093	0.03245	0.01320	0.03125	0.00989	0.01132	0.00822	0.00521	0.00452	0.00131	0.00652	0.00365	0.00311	0.25515
9	0.01269	0.01103	0.06090	0.00976	0.01285	0.03514	0.00811	0.05316	0.15699	0.06360	0.18827	0.08842	0.09387	0.00979	0.00614	0.00181	0.00445	0.00827	0.08502	0.08973
10	0.00733	0.00542	0.00685	0.00793	0.00862	0.00495	0.00540	0.00852	0.01210	0.01580	0.06121	0.62760	0.17034	0.01797	0.00756	0.00235	0.00339	0.01609	0.00562	0.00495
11	0.02179	0.02757	0.01661	0.01511	0.01813	0.72724	0.01133	0.02340	0.01705	0.01518	0.04550	0.01252	0.01015	0.00650	0.00551	0.00157	0.01046	0.00422	0.00327	0.00691
12	0.00786	0.00604	0.00709	0.00698	0.00849	0.00538	0.00512	0.00988	0.01483	0.01959	0.37407	0.10808	0.33755	0.05220	0.00830	0.00219	0.00312	0.01201	0.00597	0.00527
13	0.01399	0.01609	0.06427	0.08427	0.09538	0.01491	0.53438	0.01964	0.05761	0.01934	0.01266	0.01631	0.00956	0.00539	0.00679	0.00200	0.00933	0.00667	0.00317	0.00825
14	0.00739	0.00598	0.00660	0.00698	0.00860	0.00520	0.00520	0.00894	0.01336	0.01640	0.07064	0.20672	0.53128	0.01600	0.00732	0.00217	0.00332	0.06718	0.00561	0.00509
15	0.01432	0.01367	0.02128	0.19338	0.47160	0.03311	0.01661	0.01988	0.11855	0.01939	0.01303	0.01613	0.01043	0.00593	0.00598	0.00186	0.00708	0.00553	0.00337	0.00884
16	0.76683	0.01205	0.00957	0.00838	0.01219	0.01391	0.00691	0.07439	0.01167	0.02786	0.00886	0.01014	0.00681	0.00571	0.00391	0.00186	0.00481	0.00343	0.00391	0.00681
17	0.00882	0.00675	0.00995	0.00982	0.01079	0.00798	0.00762	0.01083	0.00960	0.01388	0.01584	0.02385	0.01501	0.07816	0.69393	0.00914	0.05295	0.00650	0.00321	0.00535
18	0.01587	0.69858	0.02915	0.01036	0.01515	0.05987	0.01004	0.01785	0.01280	0.01488	0.06027	0.01219	0.01116	0.00570	0.00417	0.00134	0.00640	0.00379	0.00288	0.00754
19	0.00866	0.00620	0.00842	0.00842	0.00906	0.00684	0.00596	0.00994	0.00930	0.01304	0.01726	0.02996	0.01779	0.34424	0.46938	0.00812	0.01198	0.00737	0.00339	0.00468
20	0.01680	0.01062	0.01287	0.00970	0.01454	0.00882	0.00780	0.02069	0.08102	0.23412	0.03937	0.01676	0.01305	0.00592	0.00516	0.00131	0.00462	0.00482	0.00503	0.48699
21	0.00803	0.00620	0.00786	0.00782	0.00931	0.00560	0.01952	0.01015	0.01468	0.01951	0.33839	0.19271	0.26698	0.01460	0.00729	0.00210	0.00333	0.05459	0.00596	0.00538
22	0.00745	0.00533	0.00709	0.00829	0.00875	0.00497	0.00559	0.00868	0.01208	0.01625	0.10580	0.70947	0.04151	0.01818	0.00762	0.00239	0.00342	0.01647	0.00569	0.00497
23	0.01214	0.03063	0.73383	0.01741	0.02621	0.01401	0.04533	0.01906	0.01275	0.01906	0.01084	0.01282	0.00767	0.00569	0.00576	0.00191	0.00893	0.00453	0.00256	0.00887
24	0.02244	0.01847	0.01807	0.01587	0.08005	0.16573	0.01186	0.47638	0.02397	0.08712	0.01387	0.01423	0.01004	0.00688	0.00590	0.00176	0.00739	0.00515	0.00529	0.00952
25	0.00903	0.00645	0.00903	0.00895	0.00988	0.00738	0.00676	0.01091	0.00984	0.01456	0.01667	0.02548	0.01587	0.14740	0.55602	0.00803	0.03450	0.00665	0.09141	0.00518
26	0.01413	0.01604	0.03445	0.02477	0.03048	0.01541	0.68509	0.01897	0.01389	0.01897	0.01191	0.01604	0.00905	0.00541	0.00788	0.00207	0.05743	0.00699	0.00302	0.00802
27	0.04156	0.01422	0.02019	0.17921	0.31421	0.01539	0.01509	0.25875	0.01828	0.04657	0.01252	0.01498	0.00952	0.00619	0.00592	0.00184	0.00701	0.00533	0.00409	0.00911
28	0.00903	0.00852	0.07715	0.00917	0.01050	0.00688	0.04110	0.01020	0.01018	0.01380	0.02165	0.20772	0.04415	0.36950	0.07714	0.05828	0.00644	0.00993	0.00392	0.00474
29	0.00878	0.00627	0.00729	0.00709	0.00890	0.00547	0.00529	0.01072	0.01475	0.06296	0.27600	0.13088	0.40532	0.01422	0.00710	0.00202	0.00315	0.01220	0.00603	0.00556
30	0.01323	0.01337	0.01730	0.01505	0.01538	0.06552	0.01239	0.01465	0.00977	0.01443	0.00896	0.01425	0.00873	0.01434	0.10690	0.00339	0.63781	0.00531	0.00273	0.00646
31	0.04302	0.03789	0.02019	0.21894	0.34951	0.10643	0.01546	0.04324	0.02837	0.01865	0.01304	0.01716	0.03021	0.00634	0.00587	0.00184	0.00750	0.02500	0.00324	0.00811
32	0.00794	0.00623	0.00735	0.00744	0.00896	0.00577	0.00548	0.01037	0.04130	0.01837	0.23692	0.18726	0.34247	0.01720	0.06668	0.00267	0.00416	0.01232	0.00570	0.00539
33	0.02504	0.01013	0.01354	0.01066	0.01496	0.00900	0.00869	0.04835	0.03734	0.65771	0.02420	0.07828	0.01674	0.00832	0.00617	0.00191	0.00503	0.00689	0.00723	0.00981
34	0.01460	0.15861	0.27061	0.06422	0.15947	0.04393	0.01620	0.07799	0.06276	0.01999	0.03254	0.01554	0.01089	0.00628	0.00558	0.00178	0.00744	0.01962	0.00336	0.00859
35	0.01693	0.01394	0.01510	0.01253	0.01580	0.13897	0.06958	0.15195	0.05060	0.12546	0.11134	0.02488	0.10165	0.01254	0.08573	0.00268	0.03045	0.00706	0.00511	0.00770
36	0.00888	0.00638	0.00862	0.00986	0.01094	0.00623	0.00802	0.01098	0.01297	0.01689	0.03313	0.25598	0.07410	0.05605	0.00920	0.00280	0.00488	0.45339	0.00546	0.00525
37	0.20080	0.45617	0.04093	0.01130	0.01607	0.08514	0.04692	0.05187	0.01306	0.01858	0.00898	0.01041	0.00764	0.00544	0.00427	0.00152	0.00667	0.00361	0.00306	0.00755
38	0.00765	0.00585	0.00667	0.00694	0.00812	0.00525	0.00481	0.00898	0.01277	0.01634	0.14418	0.23055	0.34893	0.15210	0.01139	0.00278	0.00362	0.01282	0.00539	0.00486
39	0.01566	0.34623	0.23510	0.01455	0.02051	0.10869	0.08491	0.03999	0.05029	0.01735	0.01053	0.01209	0.00844	0.00564	0.00507	0.00162	0.00795	0.00427	0.00295	0.00816
40	0.00817	0.00617	0.00757	0.00732	0.00891	0.00557	0.00556	0.01064	0.01593	0.02159	0.51830	0.04973	0.25156	0.01334	0.00716	0.00197	0.00303	0.04569	0.00628	0.00550
41	0.01568	0.20493	0.35112	0.01369	0.02013	0.01575	0.01527	0.09250	0.04869	0.10347	0.01479	0.03169	0.03367	0.00663	0.00545	0.00177	0.00715	0.00508	0.00379	0.00872
42	0.01649	0.47694	0.15353	0.01289	0.01842	0.10367	0.04865	0.01987	0.03490	0.05027	0.01028	0.01153	0.00843	0.00556	0.00469	0.00151	0.00743	0.00394	0.00298	0.00803

[dist]
# distance from previous block
# <min> <max>
0	1

[block]
# block no. 1 follows, 38 sequences, length 92
# corresponding to MSA columns:
# 165-256
name=unknown_B
#
# <colnr> <probs for GDERKNQSTAVLIFYWHMCP>
#	G	D	E	R	K	N	Q	S	T	A	V	L	I	F	Y	W	H	M	C	P
0	0.00990	0.00555	0.00816	0.00816	0.00841	0.00579	0.00563	0.00857	0.00832	0.01134	0.01235	0.02102	0.01232	0.08171	0.19320	0.57990	0.00775	0.00576	0.00283	0.00332
1	0.02523	0.01029	0.01378	0.01049	0.01522	0.00874	0.00863	0.02759	0.01664	0.66575	0.02215	0.01950	0.01416	0.00708	0.00586	0.00174	0.00504	0.00575	0.00697	0.10938
2	0.01145	0.00948	0.01204	0.01099	0.01296	0.01027	0.05490	0.04114	0.25172	0.01962	0.07362	0.19961	0.04702	0.13253	0.02818	0.00292	0.04096	0.02864	0.00519	0.00677
3	0.01247	0.01069	0.01247	0.00891	0.01426	0.00802	0.00713	0.01515	0.01247	0.01960	0.01069	0.01247	0.00891	0.00446	0.00446	0.00089	0.00446	0.00356	0.00356	0.82536
4	0.01642	0.01080	0.01362	0.01078	0.01444	0.01053	0.00880	0.06628	0.01401	0.19683	0.01499	0.01739	0.01169	0.00915	0.04994	0.00205	0.13788	0.02499	0.04878	0.32062
5	0.01385	0.01467	0.02922	0.07446	0.17514	0.01431	0.45477	0.01908	0.05474	0.01972	0.05777	0.01806	0.01258	0.00581	0.00674	0.00197	0.00865	0.00685	0.00340	0.00824
6	0.01448	0.09338	0.24149	0.02067	0.17481	0.05127	0.08623	0.05962	0.02739	0.01892	0.01094	0.01381	0.00880	0.00756	0.03034	0.00215	0.12170	0.00503	0.00301	0.00839
7	0.00999	0.00810	0.02862	0.00995	0.01146	0.00792	0.03128	0.01377	0.11370	0.03712	0.04455	0.30305	0.06523	0.12450	0.06969	0.00338	0.02719	0.07958	0.00503	0.00590
8	0.01523	0.01534	0.04477	0.02767	0.41657	0.06351	0.11397	0.04246	0.05653	0.03767	0.01452	0.03674	0.03551	0.00660	0.00685	0.00189	0.04575	0.00613	0.00351	0.00877
9	0.00841	0.00622	0.00743	0.00707	0.00881	0.00552	0.00533	0.01073	0.01576	0.03831	0.46655	0.04935	0.32195	0.01331	0.00708	0.00194	0.00297	0.01146	0.00624	0.00555
10	0.01396	0.01468	0.05072	0.04347	0.11418	0.01383	0.39101	0.08094	0.05488	0.02086	0.03455	0.06478	0.05865	0.00713	0.00677	0.00200	0.00806	0.00761	0.00383	0.00810
11	0.01297	0.01209	0.01908	0.43557	0.23705	0.01390	0.01597	0.01909	0.13746	0.01826	0.01323	0.01681	0.01022	0.00620	0.00602	0.00195	0.00721	0.00560	0.00335	0.00797
12	0.00840	0.00597	0.00794	0.00823	0.00874	0.00634	0.00565	0.00951	0.00969	0.01337	0.02064	0.18371	0.02265	0.32241	0.33238	0.00675	0.00965	0.00948	0.00386	0.00462
13	0.01423	0.01354	0.02305	0.09929	0.64840	0.01384	0.01770	0.01777	0.01333	0.01897	0.01153	0.01547	0.00970	0.00763	0.04816	0.00224	0.00772	0.00542	0.00297	0.00905
14	0.01339	0.01237	0.05518	0.01213	0.06757	0.01004	0.00937	0.05898	0.03572	0.03491	0.01262	0.05161	0.01085	0.00595	0.00575	0.00129	0.04462	0.00476	0.00382	0.54907
15	0.10523	0.01895	0.01902	0.05156	0.12335	0.29461	0.09938	0.05405	0.03562	0.03857	0.01163	0.03232	0.00963	0.00755	0.02560	0.00202	0.05464	0.00516	0.00350	0.00761
16	0.13784	0.01582	0.01641	0.01288	0.01743	0.01765	0.01059	0.57798	0.07768	0.03542	0.01431	0.01436	0.01029	0.00706	0.00570	0.00183	0.00620	0.00521	0.00570	0.00965
17	0.01692	0.01522	0.10237	0.01285	0.01716	0.01452	0.01122	0.15690	0.42123	0.09632	0.02132	0.03870	0.01614	0.00807	0.00613	0.00199	0.00561	0.02208	0.00578	0.00945
18	0.01050	0.00833	0.01039	0.00965	0.03034	0.04184	0.04653	0.01338	0.03399	0.06377	0.40456	0.06286	0.21655	0.01195	0.00692	0.00193	0.00398	0.01044	0.00592	0.00617
19	0.00867	0.00641	0.00752	0.00721	0.00903	0.00574	0.00546	0.01119	0.03148	0.04521	0.37778	0.06416	0.35779	0.01354	0.00708	0.00198	0.00311	0.02486	0.00614	0.00564
20	0.01493	0.31676	0.27828	0.01436	0.05970	0.07952	0.01451	0.01914	0.03222	0.03833	0.04461	0.01379	0.01078	0.00598	0.00503	0.00162	0.00732	0.00442	0.03057	0.00812
21	0.04277	0.01307	0.01538	0.01319	0.05685	0.03248	0.01010	0.22898	0.11693	0.34461	0.04838	0.01915	0.01499	0.00747	0.00601	0.00186	0.00566	0.00600	0.00637	0.00974
22	0.01276	0.09337	0.57635	0.01792	0.02603	0.01501	0.13808	0.01900	0.01291	0.01867	0.01082	0.01302	0.00788	0.00556	0.00579	0.00187	0.00889	0.00478	0.00263	0.00866
23	0.00859	0.00645	0.00967	0.00967	0.01074	0.00752	0.00752	0.01074	0.00967	0.01396	0.01611	0.02363	0.01504	0.04512	0.76474	0.00967	0.01611	0.00645	0.00322	0.00537
24	0.01579	0.04603	0.01882	0.05314	0.26975	0.20227	0.02700	0.05323	0.04349	0.01832	0.03405	0.05678	0.05766	0.02942	0.00736	0.00194	0.04724	0.00627	0.00364	0.00778
25	0.00740	0.00529	0.00706	0.00846	0.00884	0.00495	0.00571	0.00850	0.01159	0.01544	0.03312	0.76337	0.03963	0.01878	0.00770	0.00245	0.00355	0.03770	0.00558	0.00491
26	0.01681	0.01535	0.01941	0.06838	0.30449	0.11200	0.03258	0.04100	0.19789	0.08131	0.01535	0.01677	0.01183	0.00660	0.00644	0.00187	0.03312	0.00563	0.00420	0.00896
27	0.01041	0.00793	0.00947	0.00940	0.02876	0.00795	0.00694	0.01530	0.15204	0.05434	0.23250	0.12960	0.23251	0.01285	0.00732	0.00208	0.02531	0.04293	0.00591	0.00647
28	0.00860	0.00643	0.00956	0.00956	0.01060	0.00746	0.00739	0.01068	0.00964	0.01389	0.01621	0.02416	0.01527	0.06980	0.74037	0.00954	0.01577	0.00652	0.00324	0.00531
29	0.01260	0.04949	0.60194	0.04254	0.05025	0.03714	0.06241	0.01881	0.01283	0.01855	0.01093	0.01326	0.00800	0.00680	0.02737	0.00210	0.00907	0.00467	0.00263	0.00860
30	0.01136	0.01069	0.01804	0.77412	0.04143	0.01337	0.01671	0.01537	0.01203	0.01537	0.01069	0.01604	0.00802	0.00601	0.00601	0.00200	0.00802	0.00535	0.00267	0.00668
31	0.01941	0.09894	0.01712	0.01377	0.01690	0.50070	0.01061	0.03469	0.11277	0.01657	0.03176	0.01472	0.01129	0.03233	0.04137	0.00211	0.00941	0.00468	0.00362	0.00723
32	0.00827	0.00643	0.00758	0.00752	0.00910	0.00596	0.00554	0.01131	0.06330	0.02007	0.34837	0.17101	0.28519	0.01411	0.00713	0.00204	0.00315	0.01226	0.00607	0.00560
33	0.04097	0.01501	0.03123	0.02341	0.05690	0.01430	0.59487	0.01829	0.01402	0.01948	0.03904	0.01964	0.03589	0.00610	0.00722	0.00204	0.02440	0.02604	0.00333	0.00783
34	0.00766	0.00601	0.00697	0.00720	0.00873	0.00531	0.00536	0.00950	0.01413	0.01812	0.22109	0.18768	0.40442	0.01527	0.00729	0.00212	0.00324	0.05886	0.00583	0.00522
35	0.01724	0.01439	0.08883	0.01212	0.01622	0.03908	0.02628	0.23300	0.12051	0.13225	0.15062	0.04338	0.06178	0.00879	0.00630	0.00190	0.00565	0.00726	0.00579	0.00860
36	0.01744	0.45895	0.11647	0.01319	0.03222	0.23988	0.01231	0.01991	0.01373	0.01503	0.00900	0.01048	0.00775	0.00553	0.00459	0.00145	0.00805	0.00360	0.00273	0.00768
37	0.00939	0.00631	0.00804	0.00774	0.00930	0.00571	0.00573	0.01174	0.01542	0.06222	0.46507	0.18344	0.11112	0.01314	0.00698	0.00196	0.00315	0.01158	0.03289	0.02907
38	0.01548	0.06832	0.03461	0.01381	0.05812	0.02774	0.07422	0.15965	0.12553	0.02342	0.01412	0.03618	0.01138	0.00618	0.00543	0.00150	0.00592	0.00521	0.00431	0.30887
39	0.02240	0.01361	0.01561	0.01223	0.01661	0.01424	0.01001	0.39591	0.08238	0.26227	0.07542	0.01938	0.01600	0.00777	0.00612	0.00185	0.00570	0.00616	0.00652	0.00982
40	0.01252	0.01070	0.01179	0.01019	0.01325	0.02940	0.00789	0.01987	0.28566	0.02033	0.07043	0.04322	0.10213	0.00971	0.00809	0.06968	0.04749	0.00689	0.00487	0.21587
41	0.04472	0.00986	0.01558	0.06093	0.10448	0.00954	0.12960	0.01579	0.03860	0.09660	0.16045	0.10608	0.16222	0.01017	0.00668	0.00199	0.00537	0.00927	0.00500	0.00706
42	0.07427	0.00676	0.00872	0.00891	0.01031	0.00703	0.00676	0.01227	0.01148	0.07542	0.02424	0.25475	0.04789	0.04428	0.27057	0.00490	0.00827	0.06641	0.05109	0.00568
43	0.08196	0.01183	0.01379	0.01013	0.01528	0.01026	0.03200	0.11841	0.01474	0.04201	0.01143	0.01287	0.00907	0.00504	0.00475	0.00117	0.00499	0.00399	0.00401	0.59230
44	0.00905	0.00722	0.00906	0.00860	0.01056	0.00677	0.04035	0.01250	0.08787	0.03497	0.16793	0.19861	0.33681	0.01412	0.00713	0.00211	0.00373	0.03100	0.00574	0.00587
45	0.00808	0.00564	0.00684	0.00738	0.00770	0.00547	0.00464	0.00873	0.01036	0.01377	0.04496	0.33271	0.07212	0.39655	0.04456	0.00431	0.00502	0.01223	0.00458	0.00433
46	0.00771	0.00584	0.00693	0.00761	0.00856	0.00541	0.00521	0.00937	0.03674	0.01579	0.05873	0.44345	0.24712	0.10052	0.00992	0.00266	0.00364	0.01438	0.00542	0.00499
47	0.01198	0.03429	0.12120	0.56617	0.03670	0.01382	0.06069	0.03395	0.01261	0.01661	0.01096	0.01557	0.00825	0.00688	0.02453	0.00216	0.00839	0.00530	0.00277	0.00716
48	0.01244	0.00749	0.00921	0.00868	0.01080	0.00705	0.00659	0.01583	0.08717	0.16708	0.17186	0.18495	0.18252	0.04901	0.00806	0.00227	0.00396	0.05230	0.00612	0.00660
49	0.01075	0.00668	0.00822	0.00825	0.00990	0.00614	0.00608	0.03959	0.01400	0.11321	0.09579	0.36577	0.20701	0.01497	0.00710	0.00217	0.00370	0.03649	0.03823	0.00595
50	0.01296	0.02126	0.33582	0.08200	0.02788	0.01390	0.29535	0.01839	0.01331	0.03695	0.01436	0.01707	0.04964	0.00619	0.00673	0.00199	0.02894	0.00607	0.00304	0.00817
51	0.04636	0.01143	0.05113	0.01095	0.01559	0.00966	0.00939	0.02829	0.07835	0.61608	0.02262	0.02002	0.01461	0.00736	0.00593	0.00187	0.00520	0.00595	0.02934	0.00988
52	0.05486	0.01143	0.01384	0.01109	0.01523	0.01133	0.00901	0.15647	0.11118	0.43337	0.02159	0.04876	0.01513	0.00862	0.02148	0.00204	0.00542	0.00634	0.03328	0.00954
53	0.00837	0.00614	0.00816	0.00881	0.00969	0.00588	0.02596	0.02782	0.03270	0.01702	0.05571	0.62244	0.06964	0.01683	0.00734	0.00231	0.00371	0.01520	0.05097	0.00531
54	0.01247	0.01069	0.01247	0.00891	0.01426	0.00802	0.00713	0.01515	0.01247	0.01960	0.01069	0.01247	0.00891	0.00446	0.00446	0.00089	0.00446	0.00356	0.00356	0.82536
55	0.01337	0.02318	0.43768	0.01691	0.02380	0.01339	0.14170	0.03847	0.01362	0.06028	0.03780	0.01635	0.03425	0.00647	0.00679	0.00191	0.05132	0.00550	0.00329	0.05391
56	0.83108	0.01163	0.00884	0.00791	0.01163	0.01350	0.00651	0.01768	0.01024	0.02699	0.00838	0.00977	0.00651	0.00558	0.00372	0.00186	0.00465	0.00326	0.00372	0.00651
57	0.00906	0.00656	0.00806	0.00761	0.00921	0.00625	0.00573	0.01275	0.06525	0.02344	0.58532	0.04257	0.10474	0.01181	0.00679	0.00187	0.00298	0.01031	0.07380	0.00588
58	0.01610	0.01498	0.04796	0.01712	0.13638	0.05184	0.03732	0.16669	0.31111	0.02490	0.01980	0.05040	0.03462	0.00805	0.00640	0.00196	0.01783	0.02244	0.00508	0.00903
59	0.00833	0.00569	0.00732	0.00806	0.00877	0.00531	0.00552	0.00961	0.01230	0.03892	0.13141	0.50354	0.07838	0.11411	0.01042	0.00276	0.00378	0.03520	0.00554	0.00503
60	0.01783	0.09696	0.07789	0.05478	0.07407	0.19123	0.04468	0.14351	0.08427	0.04043	0.01219	0.01393	0.00957	0.00688	0.00743	0.00185	0.10547	0.00495	0.00381	0.00826
61	0.00812	0.00608	0.00753	0.00728	0.00877	0.00549	0.00542	0.01054	0.01593	0.02178	0.54612	0.09237	0.21571	0.01337	0.00713	0.00196	0.00293	0.01167	0.00632	0.00549
62	0.01407	0.08437	0.06372	0.07784	0.01905	0.06391	0.06759	0.07653	0.02771	0.01830	0.08960	0.01789	0.01417	0.03933	0.01207	0.00226	0.29507	0.00588	0.00351	0.00713
63	0.01210	0.02190	0.42089	0.01543	0.04880	0.01255	0.03966	0.03379	0.05778	0.01923	0.01659	0.03884	0.07115	0.00843	0.03199	0.00212	0.04331	0.00578	0.00335	0.09633
64	0.01202	0.01128	0.01588	0.03928	0.01494	0.01528	0.01146	0.01330	0.00929	0.01408	0.01011	0.01698	0.01010	0.07742	0.12486	0.03176	0.55741	0.00571	0.00280	0.00605
65	0.01493	0.15979	0.14305	0.03480	0.01890	0.05779	0.05205	0.05649	0.31353	0.02102	0.01730	0.05596	0.01394	0.00736	0.00573	0.00186	0.00651	0.00602	0.00440	0.00858
66	0.03552	0.16236	0.23033	0.01395	0.05938	0.01387	0.04584	0.05456	0.01344	0.01941	0.02678	0.01420	0.02680	0.00594	0.00547	0.01778	0.00657	0.00450	0.00326	0.24005
67	0.01447	0.09181	0.47463	0.01589	0.04312	0.03144	0.04091	0.04647	0.01382	0.09237	0.02999	0.03182	0.01053	0.00675	0.00622	0.02483	0.00788	0.00510	0.00337	0.00858
68	0.01175	0.12201	0.01612	0.01333	0.08227	0.01316	0.02385	0.01434	0.04526	0.01663	0.05504	0.07362	0.13525	0.03973	0.05168	0.00260	0.21783	0.00753	0.05144	0.00657
69	0.01282	0.10002	0.64020	0.01598	0.02413	0.01443	0.02012	0.01904	0.01295	0.04350	0.03565	0.01376	0.00952	0.00594	0.00560	0.00185	0.00833	0.00460	0.00284	0.00872
70	0.01348	0.10306	0.41906	0.04534	0.06360	0.08922	0.03586	0.01915	0.05190	0.01830	0.03360	0.03349	0.03508	0.00661	0.00571	0.00183	0.00803	0.00529	0.00312	0.00824
71	0.05742	0.05815	0.01497	0.09791	0.16604	0.02867	0.01046	0.03301	0.03640	0.12316	0.06794	0.06823	0.17325	0.01019	0.02647	0.00210	0.00569	0.00778	0.00468	0.00746
72	0.01168	0.01101	0.01861	0.70836	0.10474	0.01345	0.01686	0.01565	0.01218	0.01575	0.01075	0.01594	0.00815	0.00596	0.00601	0.00199	0.00794	0.00535	0.00270	0.00694
73	0.00860	0.00640	0.00945	0.00945	0.01044	0.00740	0.00724	0.01060	0.00960	0.01380	0.01632	0.02476	0.01553	0.09829	0.71224	0.00939	0.01538	0.00661	0.00325	0.00525
74	0.00804	0.00613	0.00739	0.00707	0.00870	0.00548	0.00530	0.01044	0.01591	0.02148	0.51706	0.04929	0.28923	0.01329	0.00710	0.00194	0.00291	0.01149	0.00627	0.00548
75	0.01247	0.01069	0.01247	0.00891	0.01426	0.00802	0.00713	0.01515	0.01247	0.01960	0.01069	0.01247	0.00891	0.00446	0.00446	0.00089	0.00446	0.00356	0.00356	0.82536
76	0.01633	0.76312	0.03097	0.01049	0.01556	0.05201	0.01034	0.01824	0.01241	0.01418	0.00840	0.00970	0.00772	0.00519	0.00392	0.00130	0.00660	0.00324	0.00259	0.00769
77	0.01345	0.01275	0.01803	0.12269	0.35088	0.07396	0.01394	0.03843	0.03411	0.01865	0.05482	0.10527	0.01655	0.01106	0.06750	0.00255	0.00752	0.02634	0.00371	0.00779
78	0.01328	0.19042	0.44199	0.04712	0.02536	0.01628	0.14763	0.01872	0.01284	0.01790	0.01052	0.01282	0.00793	0.00549	0.00558	0.00180	0.00856	0.00470	0.00264	0.00841
79	0.00842	0.00551	0.00737	0.00851	0.00909	0.00511	0.00577	0.00954	0.01183	0.05650	0.03263	0.74216	0.03840	0.01821	0.00759	0.00241	0.00358	0.01649	0.00569	0.00518
80	0.00964	0.00814	0.01054	0.01295	0.12750	0.03050	0.00792	0.03067	0.01305	0.01714	0.07138	0.40085	0.16162	0.04033	0.00821	0.00231	0.02353	0.01279	0.00502	0.00591
81	0.01484	0.37171	0.30774	0.01470	0.02135	0.01850	0.09565	0.03656	0.01318	0.03991	0.01034	0.01200	0.00812	0.00548	0.00505	0.00164	0.00775	0.00426	0.00285	0.00835
82	0.00747	0.00537	0.00712	0.00846	0.00894	0.00502	0.00580	0.00864	0.01175	0.01556	0.03413	0.71186	0.06646	0.01857	0.00770	0.00245	0.00360	0.06059	0.00558	0.00493
83	0.01465	0.01431	0.02517	0.07099	0.64871	0.01434	0.08603	0.01839	0.01367	0.01941	0.01137	0.01507	0.00942	0.00536	0.00607	0.00182	0.00747	0.00552	0.00297	0.00926
84	0.01758	0.05304	0.05207	0.01852	0.08999	0.01509	0.22124	0.13470	0.18402	0.12561	0.01665	0.01739	0.01214	0.00651	0.00624	0.00191	0.00714	0.00616	0.00478	0.00921
85	0.01327	0.02299	0.37408	0.02192	0.08203	0.01455	0.31965	0.01952	0.03714	0.01939	0.01186	0.01467	0.00875	0.00550	0.00633	0.00195	0.00915	0.00571	0.00290	0.00863
86	0.00740	0.00529	0.00704	0.00833	0.00874	0.00493	0.00559	0.00854	0.01182	0.01584	0.07290	0.74352	0.04073	0.01848	0.00765	0.00241	0.00345	0.01676	0.00564	0.00493
87	0.01474	0.39039	0.32872	0.01389	0.02055	0.01852	0.04885	0.01934	0.03307	0.04604	0.01060	0.01200	0.00833	0.00555	0.00492	0.00162	0.00752	0.00412	0.00287	0.00837
88	0.03113	0.16206	0.21747	0.09707	0.04324	0.01637	0.01441	0.08992	0.15357	0.05477	0.01372	0.01493	0.01038	0.00659	0.00626	0.00185	0.04882	0.00498	0.00385	0.00859
89	0.00915	0.00628	0.00832	0.00908	0.01032	0.00599	0.00707	0.01109	0.01313	0.05118	0.08720	0.31375	0.13312	0.01825	0.05469	0.00288	0.00491	0.24254	0.00559	0.00546
90	0.47296	0.01334	0.05619	0.03740	0.11827	0.01341	0.09739	0.01800	0.03607	0.02372	0.02711	0.01459	0.03704	0.00610	0.00490	0.00189	0.00591	0.00478	0.00365	0.00729
91	0.45103	0.01381	0.01410	0.01483	0.14249	0.08026	0.03404	0.04961	0.03740	0.07909	0.02616	0.01312	0.00944	0.00601	0.00480	0.00183	0.00591	0.00438	0.00403	0.00765

[dist]
# distance from previous block
# <min> <max>
0	12

# created by:
# /home/cegg/simao/soft/augustus-3.2.1/scripts/msa2prfl.pl ./align_prep/EOG090W0MM4.fa
