[name]
unknown

[dist]
# distance from previous block
# <min> <max>
1	59

[block]
# block no. 0 follows, 40 sequences, length 83
# corresponding to MSA columns:
# 59-141
name=unknown_A
#
# <colnr> <probs for GDERKNQSTAVLIFYWHMCP>
#	G	D	E	R	K	N	Q	S	T	A	V	L	I	F	Y	W	H	M	C	P
0	0.22708	0.01320	0.01389	0.01125	0.01523	0.03008	0.02796	0.28150	0.11795	0.13473	0.05874	0.01641	0.01327	0.00695	0.00535	0.00180	0.00543	0.00530	0.00537	0.00851
1	0.01504	0.01220	0.01321	0.01129	0.01488	0.01333	0.00889	0.12043	0.49450	0.04458	0.07216	0.02099	0.01813	0.00760	0.00577	0.00179	0.00468	0.00628	0.00567	0.10855
2	0.01310	0.01237	0.02096	0.29710	0.48674	0.01328	0.01689	0.01668	0.01265	0.01761	0.01094	0.01497	0.00885	0.00545	0.00573	0.00179	0.00709	0.00518	0.02446	0.00814
3	0.00823	0.00594	0.00777	0.00732	0.00869	0.00549	0.00549	0.01097	0.01646	0.02332	0.75629	0.04344	0.05487	0.01189	0.00686	0.00183	0.00274	0.01052	0.00640	0.00549
4	0.00789	0.00612	0.00721	0.00690	0.00856	0.00553	0.00518	0.01055	0.03677	0.02042	0.46629	0.04762	0.32405	0.01286	0.00684	0.00189	0.00288	0.01108	0.00600	0.00537
5	0.01373	0.01569	0.03431	0.02451	0.03039	0.01471	0.73824	0.01863	0.01373	0.01863	0.01176	0.01569	0.00882	0.00490	0.00686	0.00196	0.00980	0.00686	0.00294	0.00784
6	0.00775	0.00593	0.00711	0.00681	0.00839	0.00528	0.00511	0.01005	0.01533	0.02063	0.50985	0.04786	0.30299	0.01289	0.00686	0.00188	0.00281	0.01114	0.00605	0.00528
7	0.01446	0.01249	0.01315	0.01183	0.01512	0.01446	0.00920	0.03090	0.74885	0.02433	0.02367	0.02170	0.01775	0.00789	0.00592	0.00197	0.00460	0.00657	0.00592	0.00920
8	0.02172	0.02772	0.01648	0.01498	0.01798	0.77228	0.01124	0.02322	0.01648	0.01423	0.00899	0.01049	0.00749	0.00599	0.00524	0.00150	0.01049	0.00375	0.00300	0.00674
9	0.00687	0.00589	0.00589	0.00589	0.00785	0.00491	0.00442	0.00835	0.01325	0.01571	0.05891	0.05596	0.75700	0.01473	0.00687	0.00196	0.00295	0.01227	0.00540	0.00491
10	0.02609	0.00990	0.01350	0.01035	0.01484	0.00855	0.00855	0.02834	0.01664	0.76338	0.02294	0.01979	0.01439	0.00720	0.00585	0.00180	0.00495	0.00585	0.00720	0.00990
11	0.01206	0.01034	0.01206	0.00861	0.01378	0.00775	0.00689	0.01464	0.01206	0.01895	0.01034	0.01206	0.00861	0.00431	0.00431	0.00086	0.00431	0.00345	0.00345	0.83118
12	0.01373	0.01569	0.03431	0.02451	0.03039	0.01471	0.73824	0.01863	0.01373	0.01863	0.01176	0.01569	0.00882	0.00490	0.00686	0.00196	0.00980	0.00686	0.00294	0.00784
13	0.02528	0.01008	0.01347	0.01045	0.01486	0.00896	0.00859	0.02852	0.06801	0.71153	0.02299	0.01993	0.01463	0.00725	0.00585	0.00181	0.00492	0.00590	0.00711	0.00985
14	0.01446	0.01249	0.01315	0.01183	0.01512	0.01446	0.00920	0.03090	0.74885	0.02433	0.02367	0.02170	0.01775	0.00789	0.00592	0.00197	0.00460	0.00657	0.00592	0.00920
15	0.01423	0.01365	0.02331	0.07099	0.72532	0.01377	0.01777	0.01771	0.01316	0.01880	0.01091	0.01445	0.00914	0.00521	0.00576	0.00174	0.00695	0.00518	0.00286	0.00908
16	0.01555	0.79913	0.03047	0.00995	0.01493	0.02301	0.00995	0.01741	0.01182	0.01368	0.00808	0.00933	0.00746	0.00498	0.00373	0.00124	0.00622	0.00311	0.00249	0.00746
17	0.01373	0.01569	0.03431	0.02451	0.03039	0.01471	0.73824	0.01863	0.01373	0.01863	0.01176	0.01569	0.00882	0.00490	0.00686	0.00196	0.00980	0.00686	0.00294	0.00784
18	0.00937	0.00669	0.00937	0.01071	0.01205	0.00669	0.00937	0.01205	0.01339	0.01740	0.03079	0.06560	0.03347	0.01606	0.00803	0.00268	0.00535	0.72021	0.00535	0.00535
19	0.01390	0.01543	0.03221	0.02328	0.02857	0.01511	0.64632	0.04156	0.01371	0.01877	0.01145	0.01535	0.00875	0.00547	0.00798	0.00201	0.08273	0.00664	0.00300	0.00777
20	0.01623	0.01249	0.01324	0.01157	0.01500	0.03383	0.00908	0.07898	0.54991	0.11429	0.04554	0.02211	0.03543	0.00798	0.00594	0.00192	0.00483	0.00657	0.00599	0.00905
21	0.00715	0.00509	0.00673	0.00802	0.00834	0.00476	0.00531	0.00811	0.01101	0.01468	0.03143	0.75759	0.03767	0.05353	0.00843	0.00251	0.00348	0.01616	0.00531	0.00467
22	0.00839	0.00561	0.00636	0.00642	0.00644	0.00560	0.00361	0.00844	0.00858	0.01144	0.01895	0.07230	0.02193	0.76032	0.02859	0.00549	0.00553	0.00882	0.00361	0.00358
23	0.83671	0.01125	0.00855	0.00765	0.01125	0.01305	0.00630	0.01709	0.00990	0.02609	0.00810	0.00945	0.00630	0.00540	0.00360	0.00180	0.00450	0.00315	0.00360	0.00630
24	0.01062	0.00970	0.01007	0.00976	0.01099	0.12007	0.00727	0.01282	0.04401	0.01384	0.01729	0.04718	0.04216	0.16586	0.42387	0.00655	0.03241	0.00676	0.00343	0.00532
25	0.00709	0.00530	0.00659	0.00752	0.00830	0.00480	0.00516	0.00829	0.01189	0.01544	0.07151	0.57812	0.21470	0.01708	0.00726	0.00224	0.00324	0.01522	0.00544	0.00480
26	0.80535	0.01102	0.00843	0.00756	0.01108	0.01276	0.00621	0.01696	0.00998	0.02592	0.00851	0.00991	0.00662	0.00545	0.00362	0.00178	0.00443	0.00324	0.03490	0.00626
27	0.01439	0.01382	0.02360	0.03569	0.75936	0.01382	0.01785	0.01785	0.01324	0.01900	0.01094	0.01439	0.00921	0.00518	0.00576	0.00173	0.00691	0.00518	0.00288	0.00921
28	0.00692	0.00589	0.00595	0.00594	0.00788	0.00493	0.00445	0.00843	0.01336	0.01596	0.08151	0.05556	0.73425	0.01464	0.00687	0.00196	0.00294	0.01222	0.00543	0.00493
29	0.01255	0.20638	0.59700	0.01506	0.02282	0.01568	0.01884	0.01819	0.01217	0.01733	0.00990	0.01160	0.00739	0.00540	0.00511	0.00170	0.00805	0.00402	0.00246	0.00833
30	0.01431	0.52495	0.24026	0.01286	0.01893	0.01972	0.06433	0.01778	0.01208	0.01538	0.00901	0.01062	0.00753	0.00513	0.00446	0.00146	0.00715	0.00371	0.00251	0.00781
31	0.00687	0.00589	0.00589	0.00589	0.00785	0.00491	0.00442	0.00835	0.01325	0.01571	0.05891	0.05596	0.75700	0.01473	0.00687	0.00196	0.00295	0.01227	0.00540	0.00491
32	0.01117	0.01071	0.01863	0.72854	0.03937	0.01305	0.06681	0.01512	0.01178	0.01512	0.01044	0.01552	0.00783	0.00575	0.00589	0.00194	0.00790	0.00529	0.00261	0.00656
33	0.00709	0.00506	0.00675	0.00810	0.00843	0.00472	0.00540	0.00810	0.01113	0.01484	0.03205	0.79184	0.03846	0.01822	0.00742	0.00236	0.00337	0.01653	0.00540	0.00472
34	0.00831	0.00623	0.00935	0.00935	0.01038	0.00727	0.00727	0.01038	0.00935	0.01350	0.01558	0.02285	0.01454	0.04361	0.77259	0.00935	0.01558	0.00623	0.00312	0.00519
35	0.01206	0.01034	0.01206	0.00861	0.01378	0.00775	0.00689	0.01464	0.01206	0.01895	0.01034	0.01206	0.00861	0.00431	0.00431	0.00086	0.00431	0.00345	0.00345	0.83118
36	0.01497	0.01274	0.01343	0.01194	0.01531	0.01470	0.00933	0.07738	0.70156	0.02513	0.02303	0.02119	0.01724	0.00783	0.00591	0.00196	0.00472	0.00649	0.00591	0.00925
37	0.00707	0.00590	0.00617	0.00610	0.00798	0.00499	0.00457	0.00873	0.01372	0.01682	0.16108	0.05413	0.65413	0.01431	0.00687	0.00194	0.00292	0.01202	0.00555	0.00499
38	0.01098	0.01034	0.01744	0.78165	0.04005	0.01292	0.01615	0.01486	0.01163	0.01486	0.01034	0.01550	0.00775	0.00581	0.00581	0.00194	0.00775	0.00517	0.00258	0.00646
39	0.01527	0.74518	0.08204	0.01041	0.01564	0.02234	0.01076	0.01748	0.01185	0.01401	0.00825	0.00954	0.00746	0.00501	0.00386	0.00129	0.00639	0.00319	0.00249	0.00754
40	0.00823	0.00594	0.00777	0.00732	0.00869	0.00549	0.00549	0.01097	0.01646	0.02332	0.75629	0.04344	0.05487	0.01189	0.00686	0.00183	0.00274	0.01052	0.00640	0.00549
41	0.02375	0.01366	0.01582	0.01213	0.01672	0.01413	0.01002	0.44698	0.02294	0.33585	0.01766	0.01636	0.01174	0.00707	0.00583	0.00177	0.00580	0.00549	0.00639	0.00989
42	0.00932	0.00573	0.00679	0.00652	0.00789	0.00546	0.00489	0.01205	0.01468	0.02264	0.44849	0.03436	0.03819	0.00975	0.00569	0.00163	0.00273	0.00839	0.34935	0.00546
43	0.01206	0.01034	0.01206	0.00861	0.01378	0.00775	0.00689	0.01464	0.01206	0.01895	0.01034	0.01206	0.00861	0.00431	0.00431	0.00086	0.00431	0.00345	0.00345	0.83118
44	0.06635	0.00632	0.00783	0.00734	0.00887	0.00602	0.00554	0.01140	0.01600	0.02351	0.70380	0.04105	0.05146	0.01143	0.00663	0.00183	0.00287	0.01000	0.00620	0.00554
45	0.01280	0.01387	0.02885	0.07488	0.02763	0.01330	0.56515	0.01767	0.03558	0.01918	0.11461	0.01967	0.01536	0.00602	0.00676	0.00194	0.00853	0.00724	0.00348	0.00746
46	0.02211	0.01629	0.01745	0.01338	0.01803	0.01803	0.01105	0.73997	0.02734	0.03665	0.01396	0.01396	0.00989	0.00698	0.00582	0.00175	0.00640	0.00524	0.00582	0.00989
47	0.01071	0.00997	0.01669	0.72738	0.03783	0.01234	0.01540	0.01438	0.01159	0.01486	0.01186	0.06997	0.00991	0.00668	0.00593	0.00197	0.00744	0.00597	0.00278	0.00634
48	0.00697	0.00589	0.00602	0.00599	0.00791	0.00495	0.00449	0.00853	0.01348	0.01624	0.10783	0.05509	0.70774	0.01453	0.00687	0.00195	0.00293	0.01215	0.00547	0.00495
49	0.01084	0.00542	0.00542	0.00542	0.00678	0.00542	0.00407	0.01355	0.01220	0.02168	0.01897	0.02168	0.01491	0.00678	0.00407	0.00136	0.00271	0.00542	0.82791	0.00542
50	0.00831	0.00623	0.00935	0.00935	0.01038	0.00727	0.00727	0.01038	0.00935	0.01350	0.01558	0.02285	0.01454	0.04361	0.77259	0.00935	0.01558	0.00623	0.00312	0.00519
51	0.00791	0.00593	0.00733	0.00698	0.00849	0.00535	0.00524	0.01036	0.01571	0.02154	0.59297	0.04637	0.21930	0.01255	0.00686	0.00186	0.00279	0.01093	0.00617	0.00535
52	0.01439	0.01382	0.02360	0.03569	0.75936	0.01382	0.01785	0.01785	0.01324	0.01900	0.01094	0.01439	0.00921	0.00518	0.00576	0.00173	0.00691	0.00518	0.00288	0.00921
53	0.00841	0.00584	0.00735	0.00735	0.00770	0.00618	0.00478	0.00910	0.00875	0.01202	0.01740	0.03296	0.01893	0.54387	0.27833	0.00688	0.00896	0.00771	0.00339	0.00408
54	0.01184	0.00925	0.01191	0.01072	0.01188	0.01098	0.00841	0.03788	0.08128	0.06304	0.08843	0.02882	0.05581	0.17334	0.07863	0.00352	0.24686	0.05710	0.00421	0.00606
55	0.01465	0.62111	0.20062	0.01148	0.01730	0.02081	0.01262	0.01765	0.01192	0.01478	0.00863	0.01001	0.00744	0.00510	0.00415	0.00138	0.00677	0.00338	0.00248	0.00772
56	0.01810	0.01362	0.01748	0.01341	0.01781	0.01411	0.10519	0.32761	0.11183	0.10323	0.05550	0.01707	0.01341	0.00683	0.00617	0.00171	0.02614	0.00572	0.00522	0.11982
57	0.12647	0.01361	0.04205	0.01121	0.01514	0.04856	0.00936	0.27917	0.08926	0.15901	0.12868	0.01941	0.01763	0.00755	0.00566	0.00179	0.00544	0.00590	0.00561	0.00849
58	0.01476	0.00973	0.01073	0.00925	0.01179	0.02621	0.02585	0.14401	0.14517	0.07253	0.01822	0.01948	0.01385	0.00755	0.00593	0.03310	0.02063	0.00560	0.39844	0.00716
59	0.00819	0.00594	0.00772	0.00727	0.00866	0.00547	0.00545	0.01089	0.01636	0.02309	0.73516	0.04382	0.07614	0.01197	0.00686	0.00183	0.00275	0.01057	0.00637	0.00547
60	0.33542	0.01256	0.01192	0.00964	0.01381	0.07429	0.00782	0.08605	0.01414	0.20957	0.01285	0.01303	0.00919	0.00584	0.00464	0.00159	0.00524	0.00412	0.00462	0.16365
61	0.00795	0.00590	0.00740	0.00709	0.00853	0.00536	0.00529	0.01040	0.01570	0.02166	0.60619	0.07272	0.17903	0.01262	0.00688	0.00187	0.00280	0.01105	0.00619	0.00536
62	0.02598	0.01007	0.01360	0.01043	0.01493	0.00880	0.00861	0.04729	0.01693	0.74403	0.02270	0.01964	0.01427	0.00719	0.00585	0.00180	0.00499	0.00583	0.00716	0.00990
63	0.01373	0.01569	0.03431	0.02451	0.03039	0.01471	0.73824	0.01863	0.01373	0.01863	0.01176	0.01569	0.00882	0.00490	0.00686	0.00196	0.00980	0.00686	0.00294	0.00784
64	0.01272	0.01272	0.01781	0.01527	0.01527	0.01781	0.01272	0.01399	0.00891	0.01399	0.00763	0.01272	0.00763	0.01018	0.01908	0.00254	0.78499	0.00509	0.00254	0.00636
65	0.00844	0.00603	0.00831	0.00965	0.01058	0.00589	0.00776	0.01044	0.01247	0.01636	0.03130	0.36034	0.03549	0.01694	0.00778	0.00255	0.00455	0.43462	0.00537	0.00510
66	0.01446	0.01249	0.01315	0.01183	0.01512	0.01446	0.00920	0.03090	0.74885	0.02433	0.02367	0.02170	0.01775	0.00789	0.00592	0.00197	0.00460	0.00657	0.00592	0.00920
67	0.02172	0.02772	0.01648	0.01498	0.01798	0.77228	0.01124	0.02322	0.01648	0.01423	0.00899	0.01049	0.00749	0.00599	0.00524	0.00150	0.01049	0.00375	0.00300	0.00674
68	0.01446	0.01249	0.01315	0.01183	0.01512	0.01446	0.00920	0.03090	0.74885	0.02433	0.02367	0.02170	0.01775	0.00789	0.00592	0.00197	0.00460	0.00657	0.00592	0.00920
69	0.00823	0.00594	0.00777	0.00732	0.00869	0.00549	0.00549	0.01097	0.01646	0.02332	0.75629	0.04344	0.05487	0.01189	0.00686	0.00183	0.00274	0.01052	0.00640	0.00549
70	0.00846	0.00564	0.00634	0.00634	0.00634	0.00564	0.00352	0.00846	0.00846	0.01128	0.01832	0.03805	0.02114	0.79563	0.02960	0.00564	0.00564	0.00846	0.00352	0.00352
71	0.00687	0.00589	0.00589	0.00589	0.00785	0.00491	0.00442	0.00835	0.01325	0.01571	0.05891	0.05596	0.75700	0.01473	0.00687	0.00196	0.00295	0.01227	0.00540	0.00491
72	0.01555	0.79913	0.03047	0.00995	0.01493	0.02301	0.00995	0.01741	0.01182	0.01368	0.00808	0.00933	0.00746	0.00498	0.00373	0.00124	0.00622	0.00311	0.00249	0.00746
73	0.01098	0.01034	0.01744	0.78165	0.04005	0.01292	0.01615	0.01486	0.01163	0.01486	0.01034	0.01550	0.00775	0.00581	0.00581	0.00194	0.00775	0.00517	0.00258	0.00646
74	0.02563	0.00979	0.01335	0.01027	0.01469	0.00847	0.00847	0.02789	0.01664	0.74425	0.04190	0.02040	0.01544	0.00732	0.00587	0.00180	0.00489	0.00597	0.00718	0.00978
75	0.00714	0.00510	0.00679	0.00806	0.00845	0.00476	0.00540	0.00823	0.01138	0.01523	0.06495	0.75784	0.03921	0.01793	0.00740	0.00234	0.00335	0.01626	0.00544	0.00476
76	0.00692	0.00589	0.00596	0.00595	0.00789	0.00493	0.00446	0.00845	0.01338	0.01600	0.08539	0.05549	0.73034	0.01462	0.00687	0.00196	0.00294	0.01221	0.00544	0.00493
77	0.00840	0.00591	0.00762	0.00719	0.00856	0.00548	0.00539	0.01114	0.01618	0.02321	0.70796	0.04201	0.05225	0.01155	0.00668	0.00180	0.00274	0.01018	0.06025	0.00548
78	0.00818	0.00685	0.00724	0.00698	0.00903	0.00637	0.00528	0.01201	0.11915	0.01819	0.16774	0.04901	0.53644	0.01328	0.00673	0.00194	0.00315	0.01117	0.00564	0.00562
79	0.01206	0.01034	0.01206	0.00861	0.01378	0.00775	0.00689	0.01464	0.01206	0.01895	0.01034	0.01206	0.00861	0.00431	0.00431	0.00086	0.00431	0.00345	0.00345	0.83118
80	0.00835	0.00597	0.00793	0.00778	0.00878	0.00602	0.00571	0.01021	0.01257	0.01757	0.34637	0.03752	0.05684	0.16975	0.21745	0.02606	0.00692	0.03845	0.00480	0.00494
81	0.04073	0.01344	0.05078	0.01699	0.02146	0.01246	0.35161	0.13257	0.01559	0.05525	0.06045	0.13195	0.03204	0.00795	0.00651	0.00193	0.00717	0.00800	0.00423	0.02889
82	0.04388	0.01840	0.01587	0.01303	0.01698	0.25327	0.01037	0.34682	0.04759	0.13551	0.01404	0.01408	0.01011	0.00669	0.00554	0.00168	0.00726	0.00485	0.02536	0.00867

[dist]
# distance from previous block
# <min> <max>
0	7

[block]
# block no. 1 follows, 40 sequences, length 12
# corresponding to MSA columns:
# 149-160
name=unknown_B
#
# <colnr> <probs for GDERKNQSTAVLIFYWHMCP>
#	G	D	E	R	K	N	Q	S	T	A	V	L	I	F	Y	W	H	M	C	P
0	0.00687	0.00589	0.00589	0.00589	0.00785	0.00491	0.00442	0.00835	0.01325	0.01571	0.05891	0.05596	0.75700	0.01473	0.00687	0.00196	0.00295	0.01227	0.00540	0.00491
1	0.01206	0.01034	0.01206	0.00861	0.01378	0.00775	0.00689	0.01464	0.01206	0.01895	0.01034	0.01206	0.00861	0.00431	0.00431	0.00086	0.00431	0.00345	0.00345	0.83118
2	0.01493	0.67668	0.14751	0.01101	0.01656	0.02150	0.01179	0.01757	0.01189	0.01444	0.00846	0.00980	0.00745	0.00506	0.00402	0.00134	0.00660	0.00330	0.00248	0.00764
3	0.01166	0.03008	0.76550	0.01657	0.02517	0.01351	0.02149	0.01842	0.01228	0.01842	0.01044	0.01228	0.00737	0.00552	0.00552	0.00184	0.00859	0.00430	0.00246	0.00859
4	0.01050	0.00996	0.01831	0.01484	0.01732	0.01058	0.25441	0.01329	0.01086	0.01527	0.01470	0.06987	0.01376	0.05763	0.35915	0.00558	0.08762	0.00709	0.00317	0.00610
5	0.01157	0.01077	0.01812	0.49396	0.22663	0.01249	0.01556	0.01512	0.01179	0.01579	0.01111	0.01607	0.00893	0.01008	0.09574	0.00275	0.00845	0.00530	0.00272	0.00704
6	0.02609	0.00990	0.01350	0.01035	0.01484	0.00855	0.00855	0.02834	0.01664	0.76338	0.02294	0.01979	0.01439	0.00720	0.00585	0.00180	0.00495	0.00585	0.00720	0.00990
7	0.00717	0.00510	0.00672	0.00799	0.00830	0.00478	0.00528	0.00812	0.01096	0.01462	0.03118	0.74392	0.03736	0.06763	0.00883	0.00257	0.00352	0.01602	0.00528	0.00465
8	0.01218	0.10499	0.64568	0.01644	0.02450	0.01452	0.06675	0.01833	0.01233	0.01796	0.01029	0.01221	0.00747	0.00543	0.00543	0.00179	0.00844	0.00435	0.00249	0.00843
9	0.00815	0.00603	0.00784	0.00889	0.01006	0.00572	0.00712	0.01007	0.01268	0.01627	0.03716	0.28281	0.18910	0.01643	0.00760	0.00243	0.00424	0.35696	0.00538	0.00507
10	0.01757	0.01173	0.01329	0.01141	0.01489	0.01266	0.00906	0.15011	0.37226	0.19039	0.02279	0.08649	0.01796	0.00874	0.00609	0.00195	0.00491	0.03260	0.00612	0.00896
11	0.01995	0.01629	0.01743	0.12238	0.17116	0.21007	0.01253	0.12330	0.01673	0.21254	0.01389	0.01487	0.01000	0.00625	0.00566	0.00172	0.00737	0.00499	0.00440	0.00847

[dist]
# distance from previous block
# <min> <max>
0	17

[block]
# block no. 2 follows, 40 sequences, length 62
# corresponding to MSA columns:
# 178-239
name=unknown_C
#
# <colnr> <probs for GDERKNQSTAVLIFYWHMCP>
#	G	D	E	R	K	N	Q	S	T	A	V	L	I	F	Y	W	H	M	C	P
0	0.04033	0.01487	0.01376	0.01123	0.01494	0.16533	0.00890	0.25348	0.01900	0.07890	0.13843	0.01985	0.04696	0.00745	0.00561	0.00158	0.00598	0.00579	0.00498	0.14263
1	0.06217	0.14568	0.51370	0.01451	0.02166	0.07169	0.01731	0.01836	0.01237	0.01786	0.00982	0.01151	0.00739	0.00541	0.00505	0.00167	0.00791	0.00396	0.00262	0.04934
2	0.01534	0.01234	0.01397	0.01035	0.01520	0.01138	0.00841	0.25017	0.01693	0.02456	0.01144	0.01270	0.00900	0.00534	0.00522	0.00120	0.02712	0.00407	0.00419	0.54108
3	0.01416	0.01367	0.02187	0.12382	0.61231	0.04584	0.01684	0.01755	0.01315	0.01840	0.01109	0.01463	0.00918	0.00535	0.00568	0.00173	0.00701	0.00513	0.03397	0.00863
4	0.00709	0.00506	0.00675	0.00810	0.00843	0.00472	0.00540	0.00810	0.01113	0.01484	0.03205	0.79184	0.03846	0.01822	0.00742	0.00236	0.00337	0.01653	0.00540	0.00472
5	0.01289	0.01031	0.01214	0.00872	0.01384	0.00780	0.00699	0.01546	0.01233	0.06329	0.01109	0.01252	0.00896	0.00448	0.00440	0.00092	0.00434	0.00359	0.00367	0.78227
6	0.01476	0.01056	0.01255	0.00925	0.01417	0.00852	0.00749	0.06456	0.01380	0.13213	0.01306	0.01489	0.01028	0.00526	0.00475	0.00111	0.00457	0.02459	0.00422	0.62949
7	0.06415	0.04388	0.15011	0.01480	0.01751	0.22238	0.01341	0.01758	0.01172	0.01556	0.00854	0.01174	0.00746	0.00777	0.01151	0.00205	0.36582	0.00441	0.00271	0.00689
8	0.00827	0.00596	0.00779	0.00739	0.00874	0.00552	0.00556	0.01096	0.01622	0.02292	0.72146	0.04396	0.05361	0.02714	0.00733	0.00193	0.00287	0.03060	0.00632	0.00545
9	0.01033	0.00821	0.00922	0.00842	0.01064	0.00833	0.00647	0.06937	0.18464	0.02249	0.34369	0.03963	0.23304	0.01137	0.00657	0.00189	0.00350	0.00969	0.00598	0.00651
10	0.02174	0.02710	0.01653	0.01489	0.01798	0.73149	0.01123	0.06198	0.01707	0.01544	0.00926	0.01067	0.00762	0.00605	0.00527	0.00151	0.01027	0.00383	0.00315	0.00691
11	0.01652	0.01380	0.02108	0.17605	0.02523	0.04638	0.22201	0.12354	0.12807	0.12611	0.01496	0.01661	0.01082	0.00634	0.00643	0.00190	0.02565	0.00592	0.00432	0.00826
12	0.00844	0.00620	0.00713	0.00721	0.00873	0.00566	0.00521	0.01074	0.05283	0.04879	0.14661	0.24149	0.35630	0.05770	0.00817	0.00224	0.00335	0.01234	0.00554	0.00531
13	0.01278	0.11917	0.52888	0.01672	0.02411	0.01509	0.11773	0.04133	0.01279	0.01832	0.01036	0.01246	0.00767	0.00557	0.00595	0.00181	0.03374	0.00456	0.00264	0.00832
14	0.80120	0.01102	0.00843	0.00757	0.01110	0.01270	0.00622	0.01672	0.01004	0.02565	0.01027	0.01144	0.03842	0.00580	0.00374	0.00181	0.00443	0.00354	0.00368	0.00624
15	0.01122	0.00931	0.01321	0.01116	0.01384	0.00928	0.12235	0.06705	0.12806	0.03967	0.13414	0.08118	0.19532	0.05898	0.04082	0.00252	0.00541	0.04484	0.00510	0.00655
16	0.14358	0.01108	0.04410	0.00956	0.01397	0.00925	0.03399	0.05145	0.01290	0.04968	0.03541	0.05875	0.04644	0.00660	0.00494	0.00139	0.00473	0.02700	0.00401	0.43120
17	0.04773	0.01195	0.07805	0.00930	0.01455	0.00844	0.00817	0.01550	0.01231	0.04840	0.03468	0.01327	0.01011	0.00482	0.00453	0.00106	0.00467	0.00383	0.00361	0.66504
18	0.01885	0.10529	0.06168	0.01573	0.01960	0.51249	0.11830	0.02119	0.01509	0.01502	0.00963	0.01170	0.00794	0.00712	0.03429	0.00185	0.01003	0.00426	0.00291	0.00702
19	0.01342	0.01493	0.03080	0.06491	0.02856	0.01509	0.58504	0.01770	0.01286	0.01770	0.01104	0.01521	0.00858	0.00578	0.00871	0.00205	0.13073	0.00649	0.00286	0.00754
20	0.00824	0.00595	0.00781	0.00738	0.00870	0.00556	0.00552	0.01090	0.01600	0.02266	0.71044	0.04249	0.05251	0.03022	0.03814	0.00221	0.00332	0.01030	0.00621	0.00543
21	0.00717	0.00587	0.00634	0.00638	0.00814	0.00504	0.00478	0.00885	0.01364	0.01691	0.16655	0.09808	0.58338	0.01452	0.00694	0.00199	0.00301	0.03187	0.00556	0.00500
22	0.01273	0.01088	0.01628	0.05747	0.13133	0.01128	0.11210	0.01947	0.21469	0.06140	0.15917	0.05109	0.08233	0.00860	0.00661	0.00192	0.02234	0.00778	0.00488	0.00765
23	0.01478	0.01265	0.01332	0.01190	0.01524	0.01461	0.00928	0.05984	0.71940	0.02483	0.02327	0.02138	0.01743	0.00785	0.00591	0.00196	0.00468	0.00652	0.00591	0.00923
24	0.01114	0.01019	0.01240	0.01145	0.01270	0.05332	0.00919	0.01487	0.10833	0.01616	0.06137	0.02617	0.08129	0.02038	0.23515	0.00432	0.24290	0.05865	0.00386	0.00616
25	0.01555	0.79913	0.03047	0.00995	0.01493	0.02301	0.00995	0.01741	0.01182	0.01368	0.00808	0.00933	0.00746	0.00498	0.00373	0.00124	0.00622	0.00311	0.00249	0.00746
26	0.01262	0.01065	0.01304	0.00951	0.01442	0.00860	0.02964	0.01566	0.03616	0.04038	0.01107	0.01273	0.00905	0.00475	0.00506	0.00102	0.03497	0.00379	0.00358	0.72329
27	0.01440	0.01480	0.01956	0.13468	0.39427	0.13922	0.01497	0.01729	0.01328	0.01727	0.05109	0.02929	0.01203	0.00669	0.00707	0.00183	0.08067	0.02070	0.00311	0.00778
28	0.00723	0.00519	0.00690	0.00821	0.00866	0.00486	0.00563	0.00836	0.01134	0.01504	0.03268	0.72474	0.05726	0.01798	0.00745	0.00237	0.00349	0.06245	0.00540	0.00477
29	0.01291	0.12870	0.22463	0.01100	0.01547	0.01130	0.01122	0.01740	0.07530	0.11836	0.12277	0.10505	0.10409	0.00912	0.00588	0.00183	0.00543	0.00757	0.00457	0.00740
30	0.05190	0.11597	0.18842	0.01238	0.01786	0.01411	0.01222	0.19799	0.03076	0.27853	0.01544	0.01496	0.01056	0.00642	0.00541	0.00173	0.00627	0.00491	0.00502	0.00914
31	0.02046	0.02334	0.04579	0.01404	0.01706	0.55153	0.01102	0.02216	0.01533	0.10477	0.01113	0.01334	0.00907	0.04901	0.00768	0.00185	0.06759	0.00438	0.00348	0.00700
32	0.60488	0.01549	0.01084	0.00967	0.01316	0.19960	0.00770	0.04681	0.01219	0.02359	0.00854	0.00988	0.00673	0.00561	0.00409	0.00172	0.00604	0.00338	0.00354	0.00655
33	0.00737	0.00514	0.00674	0.00790	0.00836	0.00481	0.00533	0.00859	0.01154	0.01578	0.07871	0.70031	0.03823	0.01717	0.00720	0.00227	0.00330	0.01552	0.05092	0.00481
34	0.01340	0.01029	0.01220	0.00878	0.01388	0.00783	0.00705	0.01595	0.01250	0.09003	0.01154	0.01280	0.00917	0.00458	0.00445	0.00095	0.00437	0.00367	0.00380	0.75277
35	0.04631	0.01445	0.16935	0.01201	0.04401	0.01027	0.02320	0.08292	0.04338	0.03905	0.05558	0.10884	0.01509	0.00721	0.00539	0.00154	0.00542	0.00606	0.00403	0.30590
36	0.00831	0.00623	0.00935	0.00935	0.01038	0.00727	0.00727	0.01038	0.00935	0.01350	0.01558	0.02285	0.01454	0.04361	0.77259	0.00935	0.01558	0.00623	0.00312	0.00519
37	0.01206	0.01034	0.01206	0.00861	0.01378	0.00775	0.00689	0.01464	0.01206	0.01895	0.01034	0.01206	0.00861	0.00431	0.00431	0.00086	0.00431	0.00345	0.00345	0.83118
38	0.01481	0.01150	0.01415	0.02871	0.01558	0.04255	0.03762	0.01727	0.01268	0.13583	0.01202	0.01352	0.00936	0.00556	0.00640	0.00130	0.09305	0.00420	0.00388	0.52001
39	0.00713	0.00510	0.00679	0.00807	0.00844	0.00475	0.00540	0.00821	0.01135	0.01519	0.06161	0.76129	0.03913	0.01796	0.00740	0.00234	0.00335	0.01629	0.00544	0.00475
40	0.01206	0.01034	0.01206	0.00861	0.01378	0.00775	0.00689	0.01464	0.01206	0.01895	0.01034	0.01206	0.00861	0.00431	0.00431	0.00086	0.00431	0.00345	0.00345	0.83118
41	0.14745	0.01080	0.01224	0.00994	0.01368	0.01094	0.00807	0.16739	0.06803	0.30439	0.11010	0.02270	0.07316	0.00805	0.00569	0.00182	0.00473	0.00640	0.00604	0.00838
42	0.01701	0.01711	0.01493	0.01404	0.05628	0.28303	0.01027	0.05022	0.15864	0.06609	0.01518	0.01808	0.03154	0.08952	0.01021	0.00224	0.12883	0.00551	0.00400	0.00725
43	0.00843	0.00629	0.00870	0.00900	0.00993	0.00693	0.00671	0.01096	0.05390	0.01443	0.02081	0.21009	0.02173	0.09656	0.45310	0.00667	0.01079	0.03584	0.00395	0.00519
44	0.01555	0.79913	0.03047	0.00995	0.01493	0.02301	0.00995	0.01741	0.01182	0.01368	0.00808	0.00933	0.00746	0.00498	0.00373	0.00124	0.00622	0.00311	0.00249	0.00746
45	0.05550	0.05676	0.01636	0.01209	0.01646	0.01592	0.01001	0.47622	0.09153	0.13301	0.01735	0.01674	0.04101	0.00723	0.00567	0.00176	0.00580	0.00553	0.00573	0.00934
46	0.01249	0.01094	0.01598	0.48744	0.09674	0.05667	0.01367	0.01582	0.01303	0.06978	0.09391	0.02064	0.05481	0.00701	0.00595	0.00187	0.00683	0.00610	0.00353	0.00678
47	0.01353	0.01285	0.02141	0.22443	0.53166	0.01363	0.01690	0.01786	0.05664	0.01826	0.01154	0.01511	0.00935	0.00550	0.00578	0.00180	0.00699	0.00526	0.00298	0.00851
48	0.00699	0.00585	0.00608	0.00613	0.00795	0.00494	0.00456	0.00853	0.01337	0.01623	0.10948	0.09885	0.66168	0.01472	0.00690	0.00198	0.00296	0.01240	0.00547	0.00494
49	0.01244	0.07512	0.69336	0.01595	0.02417	0.01388	0.02031	0.01873	0.01241	0.04624	0.01077	0.01239	0.00764	0.00556	0.00543	0.00180	0.00832	0.00428	0.00264	0.00858
50	0.01166	0.03008	0.76550	0.01657	0.02517	0.01351	0.02149	0.01842	0.01228	0.01842	0.01044	0.01228	0.00737	0.00552	0.00552	0.00184	0.00859	0.00430	0.00246	0.00859
51	0.00957	0.00783	0.00812	0.00766	0.01007	0.00764	0.00586	0.01516	0.21482	0.04206	0.04810	0.04542	0.53071	0.01261	0.00658	0.00196	0.00346	0.01051	0.00560	0.00625
52	0.01098	0.01034	0.01744	0.78165	0.04005	0.01292	0.01615	0.01486	0.01163	0.01486	0.01034	0.01550	0.00775	0.00581	0.00581	0.00194	0.00775	0.00517	0.00258	0.00646
53	0.01098	0.01034	0.01744	0.78165	0.04005	0.01292	0.01615	0.01486	0.01163	0.01486	0.01034	0.01550	0.00775	0.00581	0.00581	0.00194	0.00775	0.00517	0.00258	0.00646
54	0.01446	0.01249	0.01315	0.01183	0.01512	0.01446	0.00920	0.03090	0.74885	0.02433	0.02367	0.02170	0.01775	0.00789	0.00592	0.00197	0.00460	0.00657	0.00592	0.00920
55	0.00728	0.00548	0.00674	0.00733	0.00833	0.00494	0.00515	0.00879	0.01287	0.01693	0.19796	0.42922	0.23605	0.01589	0.00715	0.00214	0.00312	0.01406	0.00562	0.00494
56	0.00781	0.00599	0.00841	0.00848	0.00961	0.00551	0.04578	0.00959	0.01296	0.01754	0.22542	0.44864	0.12444	0.01516	0.00711	0.00213	0.00350	0.01367	0.02311	0.00513
57	0.00871	0.00604	0.00747	0.00719	0.00877	0.00541	0.00536	0.01090	0.01503	0.06019	0.45284	0.12985	0.23439	0.01309	0.00687	0.00192	0.00299	0.01140	0.00607	0.00549
58	0.10129	0.00918	0.01126	0.00969	0.01244	0.00929	0.03834	0.08523	0.05845	0.18929	0.08228	0.15862	0.08047	0.00990	0.00634	0.00190	0.02940	0.00830	0.09119	0.00714
59	0.05426	0.23820	0.02077	0.01361	0.01737	0.47045	0.04070	0.05184	0.01527	0.01572	0.00903	0.01049	0.00759	0.00568	0.00485	0.00147	0.00886	0.00374	0.00300	0.00710
60	0.00778	0.00581	0.00725	0.00762	0.00870	0.00546	0.00547	0.00991	0.03435	0.01780	0.26031	0.32592	0.17187	0.04642	0.03296	0.00248	0.00369	0.03553	0.00558	0.00511
61	0.11436	0.45138	0.12290	0.04502	0.10121	0.01855	0.01213	0.01786	0.01198	0.04474	0.00937	0.01095	0.00778	0.00524	0.00435	0.00149	0.00642	0.00369	0.00284	0.00772

[dist]
# distance from previous block
# <min> <max>
0	1

[block]
# block no. 3 follows, 40 sequences, length 14
# corresponding to MSA columns:
# 241-254
name=unknown_D
#
# <colnr> <probs for GDERKNQSTAVLIFYWHMCP>
#	G	D	E	R	K	N	Q	S	T	A	V	L	I	F	Y	W	H	M	C	P
0	0.01928	0.11975	0.10997	0.01293	0.01784	0.05109	0.01174	0.37027	0.11748	0.09049	0.01458	0.01451	0.01058	0.00663	0.00550	0.00171	0.00647	0.00500	0.00497	0.00918
1	0.00936	0.00652	0.00779	0.00756	0.00908	0.00622	0.00554	0.01193	0.09330	0.04380	0.19375	0.10743	0.27833	0.01452	0.01001	0.17094	0.00362	0.00995	0.00515	0.00518
2	0.05676	0.01313	0.01517	0.16889	0.02091	0.01488	0.01096	0.26324	0.27695	0.02629	0.01614	0.01667	0.01197	0.00683	0.00565	0.00181	0.00582	0.00549	0.00494	0.05748
3	0.04414	0.03341	0.03758	0.01202	0.03804	0.03876	0.02781	0.13574	0.17442	0.17505	0.04360	0.17592	0.01932	0.00936	0.00607	0.00192	0.00523	0.00794	0.00552	0.00814
4	0.01405	0.33482	0.17960	0.01704	0.02310	0.01782	0.30032	0.01809	0.01266	0.01659	0.01001	0.01244	0.00798	0.00506	0.00533	0.00165	0.00811	0.00483	0.00266	0.00784
5	0.01480	0.16166	0.19501	0.01801	0.02361	0.09696	0.29685	0.01889	0.01314	0.04191	0.01062	0.01316	0.00822	0.00558	0.00655	0.00179	0.05744	0.00513	0.00287	0.00780
6	0.00721	0.00537	0.00672	0.00750	0.00835	0.00488	0.00520	0.00859	0.01240	0.01632	0.14824	0.51981	0.19515	0.01650	0.00722	0.00220	0.00319	0.01470	0.00555	0.00488
7	0.00765	0.00591	0.00711	0.00778	0.00916	0.00537	0.00603	0.00939	0.01292	0.01628	0.07462	0.23562	0.35892	0.01581	0.00732	0.00225	0.00369	0.20373	0.00543	0.00501
8	0.01475	0.46461	0.24862	0.01317	0.01913	0.07693	0.05668	0.01823	0.01242	0.01543	0.00907	0.01067	0.00752	0.00521	0.00457	0.00148	0.00747	0.00373	0.00254	0.00777
9	0.00924	0.00673	0.00829	0.00796	0.00819	0.00758	0.00539	0.00990	0.00907	0.01299	0.01719	0.06865	0.01882	0.50379	0.08605	0.00492	0.12568	0.00788	0.07735	0.00433
10	0.00992	0.00599	0.00694	0.00668	0.00705	0.00588	0.00394	0.01011	0.00914	0.07381	0.01871	0.03654	0.02058	0.73008	0.02762	0.00532	0.00558	0.00824	0.00383	0.00405
11	0.19080	0.01368	0.01705	0.01501	0.09061	0.01469	0.09980	0.31626	0.04995	0.04935	0.03590	0.01507	0.01104	0.00640	0.00542	0.00177	0.00605	0.00524	0.04750	0.00842
12	0.01547	0.01568	0.04165	0.13144	0.14666	0.12394	0.14766	0.08547	0.09156	0.04284	0.01321	0.03988	0.01060	0.00647	0.00650	0.00183	0.04081	0.00575	0.00366	0.02892
13	0.02291	0.01219	0.01341	0.01085	0.01453	0.11979	0.00876	0.02504	0.01586	0.52996	0.05043	0.01914	0.01472	0.00737	0.00646	0.00177	0.05143	0.00566	0.06098	0.00875

[dist]
# distance from previous block
# <min> <max>
0	1

[block]
# block no. 4 follows, 40 sequences, length 12
# corresponding to MSA columns:
# 256-267
name=unknown_E
#
# <colnr> <probs for GDERKNQSTAVLIFYWHMCP>
#	G	D	E	R	K	N	Q	S	T	A	V	L	I	F	Y	W	H	M	C	P
0	0.63349	0.01012	0.00853	0.00763	0.01086	0.01130	0.00619	0.01627	0.01135	0.05984	0.12089	0.01737	0.05351	0.00693	0.00435	0.00181	0.00418	0.00484	0.00427	0.00628
1	0.01224	0.14432	0.65631	0.01559	0.02365	0.01492	0.01977	0.01827	0.01221	0.01771	0.01009	0.01184	0.00738	0.00544	0.00526	0.00175	0.00824	0.00412	0.00246	0.00843
2	0.00808	0.00598	0.00756	0.00728	0.00874	0.00546	0.00553	0.01061	0.01578	0.02178	0.60540	0.04665	0.16550	0.01257	0.00693	0.00190	0.00292	0.04977	0.00618	0.00539
3	0.01504	0.01457	0.02303	0.03384	0.69524	0.04992	0.01727	0.04633	0.01395	0.01946	0.01096	0.01419	0.00916	0.00529	0.00574	0.00172	0.00706	0.00512	0.00300	0.00912
4	0.00831	0.00623	0.00935	0.00935	0.01038	0.00727	0.00727	0.01038	0.00935	0.01350	0.01558	0.02285	0.01454	0.04361	0.77259	0.00935	0.01558	0.00623	0.00312	0.00519
5	0.01129	0.00660	0.00858	0.00836	0.01007	0.00607	0.00629	0.01361	0.03425	0.15686	0.24756	0.29438	0.09986	0.01357	0.00691	0.00207	0.00360	0.05793	0.00604	0.00609
6	0.01116	0.01052	0.01777	0.74216	0.07813	0.01297	0.01624	0.01502	0.01171	0.01508	0.01037	0.01545	0.00783	0.00578	0.00581	0.00193	0.00771	0.00517	0.00260	0.00661
7	0.00907	0.00643	0.00793	0.00828	0.02733	0.00661	0.00534	0.01089	0.07417	0.01389	0.04858	0.11452	0.05545	0.39457	0.09532	0.08262	0.00603	0.02439	0.00401	0.00454
8	0.01354	0.00628	0.00704	0.00643	0.00837	0.00600	0.00497	0.01617	0.01323	0.15949	0.05647	0.02241	0.01680	0.00711	0.00454	0.00146	0.00313	0.00575	0.63455	0.00625
9	0.01463	0.05470	0.21198	0.01443	0.06768	0.02960	0.01295	0.15947	0.23185	0.02339	0.06089	0.04358	0.01526	0.02605	0.00634	0.00193	0.00622	0.00602	0.00452	0.00854
10	0.01207	0.01229	0.04662	0.57124	0.11464	0.05245	0.01556	0.01634	0.04106	0.01604	0.01118	0.01547	0.00854	0.00586	0.00571	0.00187	0.00752	0.00513	0.03348	0.00693
11	0.01472	0.40851	0.22569	0.01213	0.01790	0.04317	0.01289	0.05827	0.06348	0.01737	0.01031	0.01147	0.00836	0.00542	0.00457	0.00146	0.00676	0.00383	0.00299	0.07070

[dist]
# distance from previous block
# <min> <max>
3	6

[block]
# block no. 5 follows, 40 sequences, length 67
# corresponding to MSA columns:
# 274-340
name=unknown_F
#
# <colnr> <probs for GDERKNQSTAVLIFYWHMCP>
#	G	D	E	R	K	N	Q	S	T	A	V	L	I	F	Y	W	H	M	C	P
0	0.00923	0.00772	0.00998	0.00971	0.01069	0.04277	0.00747	0.01099	0.00981	0.01356	0.01740	0.04620	0.05213	0.09470	0.54945	0.00750	0.08542	0.00678	0.00327	0.00522
1	0.04087	0.00889	0.01167	0.00957	0.01323	0.00792	0.00789	0.02364	0.01548	0.54569	0.02504	0.02678	0.05759	0.00850	0.00591	0.00186	0.00464	0.08457	0.09170	0.00857
2	0.00749	0.00535	0.00721	0.00856	0.00908	0.00507	0.00610	0.00880	0.01153	0.01530	0.03183	0.66292	0.03757	0.01784	0.00753	0.00242	0.00373	0.14144	0.00539	0.00484
3	0.00813	0.00601	0.00717	0.00702	0.00866	0.00535	0.00532	0.01025	0.01471	0.03865	0.37675	0.08951	0.33940	0.01348	0.00693	0.00195	0.00305	0.04644	0.00591	0.00532
4	0.01166	0.03008	0.76550	0.01657	0.02517	0.01351	0.02149	0.01842	0.01228	0.01842	0.01044	0.01228	0.00737	0.00552	0.00552	0.00184	0.00859	0.00430	0.00246	0.00859
5	0.00834	0.00566	0.00674	0.00710	0.00730	0.00561	0.00446	0.00879	0.00942	0.01251	0.02185	0.15992	0.02522	0.58795	0.02375	0.00480	0.00525	0.08743	0.00402	0.00391
6	0.01661	0.01249	0.01289	0.01086	0.01417	0.03145	0.00864	0.29488	0.27066	0.02808	0.01845	0.01850	0.01381	0.00722	0.00539	0.00172	0.00494	0.00571	0.21511	0.00844
7	0.01271	0.23742	0.56733	0.01479	0.02241	0.01607	0.01838	0.01815	0.01215	0.01714	0.00980	0.01148	0.00739	0.00538	0.00504	0.00168	0.00795	0.00398	0.00246	0.00829
8	0.01373	0.01569	0.03431	0.02451	0.03039	0.01471	0.73824	0.01863	0.01373	0.01863	0.01176	0.01569	0.00882	0.00490	0.00686	0.00196	0.00980	0.00686	0.00294	0.00784
9	0.05273	0.01457	0.09638	0.05428	0.05520	0.03813	0.01105	0.16444	0.12991	0.09640	0.01526	0.03250	0.01184	0.00665	0.00546	0.00165	0.00585	0.02405	0.00457	0.17908
10	0.02118	0.04107	0.01748	0.01302	0.01747	0.03787	0.04429	0.54322	0.02383	0.10781	0.01476	0.01487	0.01047	0.00680	0.00567	0.00171	0.00629	0.00527	0.05758	0.00934
11	0.00737	0.00588	0.00660	0.00647	0.00817	0.00511	0.00483	0.00928	0.01434	0.01842	0.30902	0.07492	0.48141	0.01382	0.00689	0.00193	0.00289	0.01178	0.00576	0.00511
12	0.00763	0.00618	0.00669	0.00646	0.00834	0.00540	0.00487	0.02806	0.01447	0.01828	0.24315	0.05154	0.55091	0.01377	0.00684	0.00192	0.00298	0.01162	0.00568	0.00519
13	0.01806	0.01646	0.06181	0.01588	0.12205	0.17585	0.01164	0.10765	0.02987	0.15120	0.01310	0.01445	0.00995	0.00826	0.04523	0.00205	0.07530	0.00480	0.00411	0.11226
14	0.08751	0.01000	0.01312	0.01014	0.01457	0.00889	0.00838	0.02749	0.01613	0.70752	0.02182	0.01901	0.01378	0.00706	0.00568	0.00180	0.00491	0.00564	0.00692	0.00962
15	0.00716	0.00511	0.00683	0.00818	0.00855	0.00478	0.00552	0.00822	0.01120	0.01492	0.03201	0.76912	0.03831	0.01815	0.00744	0.00237	0.00344	0.03854	0.00540	0.00474
16	0.01331	0.01308	0.02352	0.08022	0.47349	0.01317	0.15811	0.01681	0.01295	0.01816	0.01306	0.07722	0.01182	0.00656	0.00650	0.00188	0.02740	0.02141	0.00311	0.00825
17	0.00831	0.00603	0.00838	0.01000	0.02956	0.00585	0.00753	0.01015	0.01221	0.01612	0.03093	0.44154	0.03543	0.01690	0.00766	0.00249	0.00437	0.33611	0.00531	0.00513
18	0.01982	0.02416	0.01944	0.01643	0.01974	0.56058	0.12597	0.05650	0.01601	0.01599	0.00957	0.01164	0.00783	0.00618	0.00655	0.00166	0.06741	0.00441	0.00309	0.00704
19	0.77032	0.04945	0.03456	0.00805	0.01188	0.01354	0.00697	0.01715	0.01007	0.02525	0.00817	0.00953	0.00639	0.00538	0.00367	0.00177	0.00472	0.00318	0.00351	0.00643
20	0.01479	0.01432	0.06344	0.01998	0.18290	0.01405	0.15162	0.16336	0.11805	0.02278	0.03490	0.03948	0.01430	0.00760	0.00696	0.00196	0.04790	0.06902	0.00423	0.00835
21	0.01293	0.08544	0.33113	0.01453	0.02020	0.03107	0.09356	0.05154	0.07605	0.03837	0.03891	0.03373	0.03184	0.00896	0.04441	0.00223	0.00768	0.05067	0.00359	0.02316
22	0.00750	0.00526	0.00660	0.00749	0.00778	0.00501	0.00480	0.00821	0.01039	0.01379	0.02873	0.53920	0.05611	0.25447	0.01415	0.00335	0.00405	0.01394	0.00483	0.00436
23	0.03348	0.07977	0.01863	0.06008	0.21491	0.14282	0.03104	0.03340	0.01432	0.19550	0.01462	0.04770	0.01184	0.00700	0.00630	0.00178	0.04398	0.03057	0.00412	0.00813
24	0.65196	0.12313	0.04192	0.00866	0.01262	0.04899	0.00763	0.01747	0.01056	0.02351	0.00823	0.00959	0.00656	0.00537	0.00377	0.00171	0.00517	0.00322	0.00337	0.00657
25	0.11881	0.01399	0.02016	0.14553	0.28895	0.08034	0.11054	0.03584	0.03145	0.01892	0.01098	0.01436	0.00888	0.00767	0.04741	0.00222	0.02802	0.00511	0.00310	0.00772
26	0.01262	0.01056	0.01289	0.05305	0.05031	0.02337	0.00895	0.04539	0.15316	0.04410	0.07090	0.02208	0.06707	0.01069	0.07108	0.00229	0.07039	0.02356	0.00434	0.24321
27	0.00721	0.00569	0.00652	0.00690	0.00829	0.00500	0.00503	0.00876	0.01307	0.01653	0.14243	0.26675	0.42959	0.01541	0.00707	0.00209	0.00313	0.04005	0.00553	0.00495
28	0.01589	0.01760	0.08004	0.02595	0.38556	0.14211	0.08146	0.08789	0.01491	0.01953	0.01128	0.01487	0.00935	0.00600	0.00644	0.00178	0.04451	0.02315	0.00320	0.00846
29	0.00774	0.00583	0.00717	0.00712	0.00852	0.00526	0.00529	0.00991	0.01481	0.01998	0.45252	0.14679	0.24178	0.01361	0.00697	0.00196	0.00295	0.03058	0.00597	0.00523
30	0.04660	0.00877	0.01204	0.01094	0.01249	0.01032	0.04222	0.02984	0.09671	0.01660	0.03382	0.04636	0.03817	0.04332	0.38099	0.00571	0.13159	0.00661	0.02082	0.00607
31	0.01272	0.01272	0.01781	0.01527	0.01527	0.01781	0.01272	0.01399	0.00891	0.01399	0.00763	0.01272	0.00763	0.01018	0.01908	0.00254	0.78499	0.00509	0.00254	0.00636
32	0.02300	0.01486	0.01656	0.01270	0.01732	0.01591	0.01049	0.58038	0.02494	0.19963	0.01598	0.01527	0.01090	0.00703	0.00582	0.00176	0.00607	0.00537	0.00613	0.00989
33	0.01322	0.01133	0.01200	0.01088	0.01390	0.01282	0.00843	0.02710	0.61953	0.02331	0.07607	0.02690	0.10142	0.00891	0.00608	0.00196	0.00430	0.00746	0.00589	0.00849
34	0.01267	0.06084	0.02867	0.02023	0.02508	0.01340	0.54283	0.01686	0.01357	0.01843	0.09769	0.03864	0.01516	0.00864	0.05797	0.00241	0.00900	0.00726	0.00338	0.00729
35	0.04348	0.01229	0.01395	0.01073	0.01528	0.05770	0.00874	0.15288	0.01737	0.40241	0.01729	0.01619	0.01167	0.00640	0.00541	0.00156	0.00540	0.00501	0.00577	0.19048
36	0.00687	0.00589	0.00589	0.00589	0.00785	0.00491	0.00442	0.00835	0.01325	0.01571	0.05891	0.05596	0.75700	0.01473	0.00687	0.00196	0.00295	0.01227	0.00540	0.00491
37	0.01391	0.05826	0.03059	0.00929	0.01219	0.00951	0.00766	0.05549	0.14225	0.15949	0.21398	0.05153	0.10961	0.00988	0.00614	0.00185	0.00419	0.04349	0.05340	0.00728
38	0.01439	0.01382	0.02360	0.03569	0.75936	0.01382	0.01785	0.01785	0.01324	0.01900	0.01094	0.01439	0.00921	0.00518	0.00576	0.00173	0.00691	0.00518	0.00288	0.00921
39	0.01206	0.01034	0.01206	0.00861	0.01378	0.00775	0.00689	0.01464	0.01206	0.01895	0.01034	0.01206	0.00861	0.00431	0.00431	0.00086	0.00431	0.00345	0.00345	0.83118
40	0.01277	0.02138	0.33439	0.02091	0.02779	0.01401	0.42549	0.01838	0.01312	0.01851	0.01169	0.01552	0.00883	0.00543	0.00634	0.00193	0.00920	0.02342	0.00280	0.00809
41	0.02307	0.01033	0.01332	0.01042	0.01479	0.00938	0.00850	0.02753	0.12853	0.58450	0.02194	0.01940	0.01440	0.00705	0.00572	0.00174	0.00484	0.00575	0.00667	0.08210
42	0.01439	0.01382	0.02360	0.03569	0.75936	0.01382	0.01785	0.01785	0.01324	0.01900	0.01094	0.01439	0.00921	0.00518	0.00576	0.00173	0.00691	0.00518	0.00288	0.00921
43	0.02185	0.01616	0.01731	0.01333	0.01794	0.01792	0.01099	0.71657	0.05114	0.03624	0.01428	0.01422	0.01015	0.00701	0.00582	0.00175	0.00634	0.00528	0.00582	0.00987
44	0.02118	0.09563	0.01771	0.01454	0.01771	0.70631	0.01112	0.02271	0.01607	0.01418	0.00891	0.01038	0.00749	0.00590	0.00511	0.00148	0.01011	0.00369	0.00295	0.00681
45	0.01166	0.03008	0.76550	0.01657	0.02517	0.01351	0.02149	0.01842	0.01228	0.01842	0.01044	0.01228	0.00737	0.00552	0.00552	0.00184	0.00859	0.00430	0.00246	0.00859
46	0.02536	0.00975	0.01321	0.01018	0.01458	0.00841	0.00839	0.02758	0.01652	0.73510	0.02430	0.02116	0.04249	0.00748	0.00589	0.00181	0.00487	0.00609	0.00713	0.00971
47	0.02609	0.00990	0.01350	0.01035	0.01484	0.00855	0.00855	0.02834	0.01664	0.76338	0.02294	0.01979	0.01439	0.00720	0.00585	0.00180	0.00495	0.00585	0.00720	0.00990
48	0.01373	0.01569	0.03431	0.02451	0.03039	0.01471	0.73824	0.01863	0.01373	0.01863	0.01176	0.01569	0.00882	0.00490	0.00686	0.00196	0.00980	0.00686	0.00294	0.00784
49	0.01375	0.01178	0.01972	0.39729	0.34361	0.01292	0.01621	0.01730	0.01275	0.08191	0.01169	0.01541	0.00895	0.00567	0.00579	0.00184	0.00715	0.00523	0.00311	0.00793
50	0.01166	0.03008	0.76550	0.01657	0.02517	0.01351	0.02149	0.01842	0.01228	0.01842	0.01044	0.01228	0.00737	0.00552	0.00552	0.00184	0.00859	0.00430	0.00246	0.00859
51	0.00687	0.00589	0.00589	0.00589	0.00785	0.00491	0.00442	0.00835	0.01325	0.01571	0.05891	0.05596	0.75700	0.01473	0.00687	0.00196	0.00295	0.01227	0.00540	0.00491
52	0.01185	0.02881	0.70112	0.01727	0.02563	0.01361	0.08459	0.01843	0.01240	0.01843	0.01055	0.01258	0.00749	0.00547	0.00564	0.00185	0.00870	0.00452	0.00250	0.00853
