[name]
unknown

[dist]
# distance from previous block
# <min> <max>
0	216

[block]
# block no. 0 follows, 32 sequences, length 43
# corresponding to MSA columns:
# 216-258
name=unknown_A
#
# <colnr> <probs for GDERKNQSTAVLIFYWHMCP>
#	G	D	E	R	K	N	Q	S	T	A	V	L	I	F	Y	W	H	M	C	P
0	0.01684	0.28231	0.21207	0.01444	0.02032	0.04842	0.01499	0.12815	0.01710	0.02219	0.01607	0.04952	0.01479	0.00878	0.00620	0.00202	0.00787	0.10490	0.00411	0.00890
1	0.04600	0.52639	0.09646	0.01259	0.01808	0.07418	0.01246	0.04097	0.01429	0.01767	0.01066	0.01277	0.00938	0.01002	0.07118	0.00241	0.00870	0.00417	0.00314	0.00848
2	0.01659	0.55298	0.18880	0.01377	0.02033	0.02317	0.03953	0.02014	0.01374	0.01720	0.01037	0.01230	0.00891	0.00733	0.02873	0.00192	0.00829	0.00417	0.00290	0.00883
3	0.00833	0.00590	0.00774	0.00915	0.00950	0.00555	0.00602	0.00938	0.01255	0.01673	0.03544	0.69024	0.04244	0.09324	0.01105	0.00309	0.00415	0.01817	0.00602	0.00532
4	0.01391	0.01193	0.01391	0.00994	0.01590	0.00894	0.00795	0.01690	0.01391	0.02186	0.01193	0.01391	0.00994	0.00497	0.00497	0.00099	0.00497	0.00398	0.00398	0.80521
5	0.01818	0.04134	0.09368	0.05216	0.14779	0.07039	0.01478	0.13231	0.30459	0.02674	0.01887	0.01930	0.01431	0.00772	0.00659	0.00210	0.00731	0.00635	0.00522	0.01026
6	0.01713	0.13982	0.39565	0.01806	0.04594	0.10363	0.04394	0.06492	0.04680	0.04482	0.01292	0.01452	0.00964	0.00660	0.00615	0.00197	0.00926	0.00506	0.00355	0.00963
7	0.00969	0.00676	0.00859	0.00859	0.00903	0.00720	0.00565	0.01057	0.01013	0.01395	0.01998	0.03746	0.02160	0.50199	0.29253	0.00808	0.01072	0.00881	0.00389	0.00477
8	0.01770	0.68402	0.03566	0.01337	0.01923	0.02547	0.08855	0.02025	0.01388	0.01643	0.00981	0.01159	0.00879	0.00573	0.00471	0.00153	0.00764	0.00407	0.00293	0.00866
9	0.00980	0.00669	0.00864	0.00877	0.01015	0.00611	0.00634	0.01209	0.01648	0.05360	0.38670	0.30260	0.11402	0.01637	0.00810	0.00234	0.00356	0.01455	0.00691	0.00618
10	0.00833	0.00681	0.00735	0.00722	0.00931	0.00584	0.00541	0.01041	0.01624	0.02038	0.23491	0.06087	0.55126	0.01615	0.00793	0.00223	0.00334	0.01364	0.00653	0.00584
11	0.00915	0.00685	0.00849	0.00808	0.00981	0.00618	0.00606	0.01199	0.01817	0.02495	0.57400	0.05334	0.20933	0.01445	0.00792	0.00214	0.00322	0.01259	0.00713	0.00618
12	0.00891	0.00675	0.00813	0.00807	0.00969	0.00608	0.00597	0.01126	0.01666	0.02225	0.38685	0.12416	0.27317	0.04885	0.00919	0.00245	0.00356	0.03534	0.00671	0.00592
13	0.81159	0.01298	0.00986	0.00882	0.01298	0.01505	0.00727	0.01972	0.01142	0.03010	0.00934	0.01090	0.00727	0.00623	0.00415	0.00208	0.00519	0.00363	0.00415	0.00727
14	0.01669	0.01441	0.01517	0.01365	0.01745	0.01669	0.01062	0.03565	0.71021	0.02807	0.02731	0.02503	0.02048	0.00910	0.00683	0.00228	0.00531	0.00759	0.00683	0.01062
15	0.81159	0.01298	0.00986	0.00882	0.01298	0.01505	0.00727	0.01972	0.01142	0.03010	0.00934	0.01090	0.00727	0.00623	0.00415	0.00208	0.00519	0.00363	0.00415	0.00727
16	0.01022	0.00719	0.00950	0.01039	0.01147	0.00710	0.00824	0.01240	0.01426	0.01892	0.11637	0.10515	0.03833	0.21135	0.01551	0.00383	0.00575	0.38265	0.00578	0.00561
17	0.01395	0.01146	0.01426	0.01213	0.01565	0.01168	0.05751	0.02361	0.30169	0.04998	0.22559	0.03401	0.09409	0.01042	0.00711	0.00208	0.00493	0.00909	0.00643	0.09434
18	0.01346	0.03471	0.72942	0.01912	0.02904	0.01558	0.02479	0.02125	0.01417	0.02125	0.01204	0.01417	0.00850	0.00637	0.00637	0.00212	0.00992	0.00496	0.00283	0.00992
19	0.02551	0.01879	0.02014	0.01544	0.02081	0.02081	0.01275	0.69996	0.03155	0.04229	0.01611	0.01611	0.01141	0.00805	0.00671	0.00201	0.00738	0.00604	0.00671	0.01141
20	0.00942	0.00685	0.00713	0.00698	0.00917	0.00593	0.00526	0.01148	0.01548	0.04082	0.10577	0.05604	0.54082	0.01505	0.00738	0.00214	0.00341	0.01254	0.13234	0.00598
21	0.00888	0.00672	0.00819	0.00807	0.00971	0.00603	0.00596	0.01137	0.01716	0.02315	0.44561	0.14170	0.25182	0.01557	0.00800	0.00223	0.00332	0.01358	0.00691	0.00603
22	0.02937	0.01260	0.01630	0.01250	0.01772	0.01162	0.01033	0.13969	0.02118	0.61719	0.02481	0.02176	0.01578	0.00826	0.00674	0.00207	0.00598	0.00663	0.00805	0.01142
23	0.03010	0.01142	0.01557	0.01194	0.01713	0.00986	0.00986	0.03270	0.01920	0.72698	0.02647	0.02284	0.01661	0.00830	0.00675	0.00208	0.00571	0.00675	0.00830	0.01142
24	0.02992	0.01172	0.01576	0.01208	0.01728	0.01031	0.00998	0.06018	0.01971	0.69878	0.02604	0.02256	0.01640	0.00829	0.00675	0.00207	0.00578	0.00672	0.00824	0.01142
25	0.05320	0.01032	0.01333	0.01080	0.01494	0.00936	0.00872	0.02748	0.04309	0.49945	0.09168	0.05792	0.02215	0.00928	0.00662	0.00206	0.00506	0.00767	0.09696	0.00991
26	0.02579	0.01834	0.01985	0.01522	0.02058	0.02013	0.01257	0.65850	0.03078	0.08483	0.01675	0.01653	0.01173	0.00807	0.00671	0.00202	0.00728	0.00608	0.00681	0.01141
27	0.01267	0.01193	0.02013	0.74806	0.04621	0.01491	0.01863	0.01714	0.01342	0.01714	0.01193	0.01789	0.00894	0.00671	0.00671	0.00224	0.00894	0.00596	0.00298	0.00745
28	0.00881	0.00728	0.00778	0.00757	0.00979	0.00649	0.00570	0.01189	0.05926	0.02060	0.20326	0.05906	0.53720	0.01581	0.00786	0.00223	0.00347	0.01332	0.00651	0.00611
29	0.77899	0.01305	0.01030	0.00918	0.01317	0.01528	0.00757	0.01958	0.01137	0.02953	0.00932	0.01105	0.00733	0.00645	0.00488	0.00211	0.03573	0.00372	0.00410	0.00727
30	0.01661	0.01594	0.02724	0.04119	0.72233	0.01594	0.02059	0.02059	0.01528	0.02192	0.01262	0.01661	0.01063	0.00598	0.00664	0.00199	0.00797	0.00598	0.00332	0.01063
31	0.01741	0.01726	0.02128	0.16669	0.23643	0.12304	0.03689	0.04997	0.21603	0.02267	0.01653	0.01864	0.01285	0.00722	0.00666	0.00209	0.00809	0.00625	0.00441	0.00956
32	0.00940	0.00685	0.00883	0.00834	0.00996	0.00629	0.00625	0.01247	0.01876	0.02636	0.67835	0.05102	0.10409	0.01392	0.00791	0.00212	0.00318	0.01226	0.00731	0.00629
33	0.00818	0.00584	0.00779	0.00934	0.00973	0.00545	0.00623	0.00934	0.01285	0.01713	0.03698	0.75981	0.04438	0.02102	0.00856	0.00273	0.00389	0.01908	0.00623	0.00545
34	0.01474	0.01487	0.02161	0.01821	0.01858	0.02035	0.05258	0.01644	0.01058	0.01644	0.00907	0.01487	0.00888	0.01141	0.02124	0.00290	0.71083	0.00599	0.00296	0.00743
35	0.00898	0.00648	0.00781	0.00859	0.00992	0.00578	0.00612	0.01048	0.01412	0.04312	0.04835	0.43995	0.30039	0.01893	0.00829	0.00254	0.00387	0.04421	0.00630	0.00578
36	0.01794	0.76823	0.03516	0.01148	0.01722	0.02655	0.01148	0.02009	0.01363	0.01579	0.00933	0.01076	0.00861	0.00574	0.00431	0.00144	0.00718	0.00359	0.00287	0.00861
37	0.02034	0.01617	0.02063	0.09864	0.08545	0.01708	0.06181	0.38591	0.02363	0.03247	0.01480	0.01657	0.01102	0.00709	0.00645	0.00189	0.00735	0.00587	0.04052	0.12631
38	0.02452	0.05382	0.01972	0.01690	0.02053	0.60883	0.01295	0.10178	0.01994	0.01930	0.01093	0.01260	0.00896	0.00717	0.00662	0.00179	0.03711	0.00454	0.00379	0.00820
39	0.01659	0.23974	0.38509	0.01619	0.02369	0.06808	0.01846	0.08754	0.01610	0.02139	0.01252	0.01579	0.01007	0.00690	0.00592	0.00193	0.00889	0.03232	0.00340	0.00939
40	0.01017	0.00798	0.01163	0.01130	0.01228	0.00962	0.00879	0.01229	0.01065	0.01546	0.01717	0.02630	0.01642	0.09681	0.60720	0.00960	0.09955	0.00722	0.00355	0.00601
41	0.00959	0.00719	0.01078	0.01078	0.01198	0.00839	0.00839	0.01198	0.01078	0.01558	0.01797	0.02636	0.01677	0.05032	0.73760	0.01078	0.01797	0.00719	0.00359	0.00599
42	0.81159	0.01298	0.00986	0.00882	0.01298	0.01505	0.00727	0.01972	0.01142	0.03010	0.00934	0.01090	0.00727	0.00623	0.00415	0.00208	0.00519	0.00363	0.00415	0.00727

[dist]
# distance from previous block
# <min> <max>
0	1

[block]
# block no. 1 follows, 32 sequences, length 18
# corresponding to MSA columns:
# 260-277
name=unknown_B
#
# <colnr> <probs for GDERKNQSTAVLIFYWHMCP>
#	G	D	E	R	K	N	Q	S	T	A	V	L	I	F	Y	W	H	M	C	P
0	0.52546	0.15665	0.05657	0.01218	0.01725	0.01747	0.09091	0.02008	0.01251	0.02592	0.00999	0.01190	0.00793	0.00608	0.00475	0.00198	0.00654	0.00420	0.00375	0.00787
1	0.01316	0.01072	0.01310	0.01196	0.01400	0.04843	0.05845	0.13875	0.01728	0.02282	0.11300	0.36469	0.03413	0.09431	0.01066	0.00283	0.00570	0.01322	0.00588	0.00690
2	0.01166	0.00583	0.00874	0.00874	0.00874	0.00583	0.00583	0.00874	0.00874	0.01166	0.01166	0.02040	0.01166	0.02331	0.02622	0.80478	0.00583	0.00583	0.00291	0.00291
3	0.10977	0.01388	0.01600	0.01252	0.01756	0.04362	0.01028	0.15916	0.02076	0.49316	0.02202	0.01985	0.01431	0.00798	0.00644	0.00205	0.00625	0.00619	0.00736	0.01083
4	0.02270	0.01740	0.01856	0.01487	0.01974	0.01950	0.01207	0.48830	0.24779	0.03776	0.01968	0.01895	0.01430	0.00839	0.00675	0.00210	0.00672	0.00653	0.00675	0.01116
5	0.00957	0.00648	0.00762	0.00779	0.00792	0.00653	0.00462	0.00988	0.01017	0.01364	0.02262	0.12013	0.02600	0.63120	0.08313	0.00641	0.00707	0.01058	0.00427	0.00436
6	0.07006	0.02682	0.01854	0.01616	0.02013	0.48781	0.01246	0.18455	0.05986	0.02392	0.01260	0.01369	0.00987	0.00726	0.00614	0.00185	0.01022	0.00487	0.00445	0.00876
7	0.00872	0.00618	0.00775	0.00879	0.00926	0.00587	0.00581	0.00971	0.01232	0.01625	0.03478	0.48541	0.08465	0.21940	0.01540	0.00372	0.00468	0.05053	0.00565	0.00513
8	0.01570	0.40128	0.38247	0.01530	0.02313	0.02106	0.01814	0.02067	0.01390	0.01852	0.01069	0.01247	0.00856	0.00606	0.00534	0.00178	0.00855	0.00427	0.00285	0.00926
9	0.20911	0.01600	0.01607	0.01303	0.01749	0.09152	0.01063	0.19241	0.01981	0.27257	0.01703	0.01671	0.01178	0.00785	0.00710	0.00208	0.05742	0.00553	0.00607	0.00979
10	0.00865	0.00627	0.00758	0.00833	0.00899	0.00591	0.00547	0.00962	0.01232	0.01605	0.03744	0.39165	0.16433	0.23893	0.04374	0.00405	0.00510	0.01497	0.00550	0.00511
11	0.01533	0.01888	0.14734	0.04250	0.02370	0.09653	0.20450	0.05756	0.04399	0.02201	0.02002	0.07423	0.04555	0.00894	0.00704	0.00217	0.00845	0.05567	0.09731	0.00828
12	0.01839	0.01748	0.06571	0.02961	0.37361	0.05406	0.09817	0.07062	0.06297	0.08691	0.01602	0.02000	0.01279	0.00711	0.00689	0.00209	0.00820	0.03483	0.00435	0.01018
13	0.01037	0.00704	0.00961	0.04765	0.01151	0.00743	0.00698	0.01020	0.01103	0.01460	0.02569	0.18927	0.11161	0.11845	0.04380	0.29624	0.05932	0.01035	0.00424	0.00463
14	0.04664	0.00880	0.01102	0.01099	0.03625	0.00827	0.00804	0.05420	0.01623	0.17914	0.06094	0.28372	0.17011	0.01511	0.00771	0.00240	0.00473	0.06163	0.00658	0.00749
15	0.06119	0.17921	0.29323	0.01973	0.11532	0.10072	0.05232	0.02230	0.03489	0.04443	0.01223	0.01418	0.00946	0.00635	0.00593	0.00193	0.00888	0.00495	0.00338	0.00938
16	0.05166	0.16421	0.12726	0.07018	0.07177	0.06653	0.09934	0.09561	0.05210	0.06340	0.03613	0.01846	0.04025	0.00726	0.00628	0.00198	0.00810	0.00603	0.00426	0.00918
17	0.07741	0.04171	0.09661	0.04304	0.01672	0.03694	0.03315	0.07018	0.05358	0.02238	0.05342	0.12854	0.03850	0.10457	0.00987	0.00257	0.00624	0.00836	0.07207	0.08414

[dist]
# distance from previous block
# <min> <max>
0	31

[block]
# block no. 2 follows, 32 sequences, length 16
# corresponding to MSA columns:
# 310-325
name=unknown_C
#
# <colnr> <probs for GDERKNQSTAVLIFYWHMCP>
#	G	D	E	R	K	N	Q	S	T	A	V	L	I	F	Y	W	H	M	C	P
0	0.01727	0.01464	0.01789	0.07939	0.04602	0.10304	0.07157	0.13916	0.01771	0.07819	0.06557	0.04668	0.01809	0.05048	0.14030	0.00391	0.04648	0.03061	0.00484	0.00816
1	0.01879	0.05753	0.01835	0.01507	0.05436	0.05099	0.04796	0.30621	0.07613	0.02910	0.04217	0.09140	0.01837	0.10215	0.01013	0.00261	0.00695	0.00794	0.03478	0.00902
2	0.01944	0.01918	0.10483	0.01744	0.06783	0.13064	0.07323	0.06600	0.14523	0.13446	0.05186	0.02065	0.01577	0.03449	0.00832	0.00223	0.04026	0.00654	0.00516	0.03642
3	0.00875	0.00668	0.00803	0.00801	0.00965	0.00596	0.00589	0.01109	0.01676	0.02234	0.38712	0.16508	0.28833	0.01599	0.00802	0.00226	0.00336	0.01391	0.00681	0.00596
4	0.01520	0.01930	0.20144	0.18028	0.08014	0.04631	0.01669	0.10455	0.09919	0.02281	0.01656	0.06922	0.01376	0.01184	0.07075	0.00293	0.00907	0.00685	0.00419	0.00895
5	0.02410	0.07251	0.02001	0.01698	0.02038	0.65829	0.01297	0.02584	0.01824	0.01637	0.01023	0.01217	0.00865	0.00711	0.00682	0.00178	0.05200	0.00436	0.00340	0.00780
6	0.08668	0.00759	0.00857	0.00832	0.01021	0.00715	0.00603	0.01322	0.01480	0.08246	0.18341	0.17334	0.23049	0.12451	0.01141	0.00290	0.00426	0.01231	0.00614	0.00619
7	0.04817	0.06205	0.13488	0.05556	0.13645	0.01607	0.06294	0.15606	0.08074	0.07481	0.05492	0.02115	0.05088	0.00788	0.00663	0.00207	0.00741	0.00668	0.00493	0.00973
8	0.01195	0.01849	0.26748	0.01697	0.06871	0.01184	0.08729	0.01634	0.01307	0.01857	0.01930	0.05678	0.05780	0.10555	0.19508	0.00486	0.01092	0.00763	0.00362	0.00775
9	0.01624	0.04363	0.24638	0.02399	0.20682	0.08801	0.07801	0.02403	0.14467	0.02201	0.01622	0.01803	0.02781	0.00700	0.00661	0.00208	0.00867	0.00608	0.00389	0.00981
10	0.01178	0.00782	0.05854	0.00946	0.01014	0.00650	0.00714	0.00961	0.00912	0.01232	0.01168	0.01997	0.01144	0.02214	0.02485	0.74932	0.00611	0.00577	0.00291	0.00340
11	0.01332	0.01261	0.01453	0.01317	0.01375	0.08925	0.01009	0.01454	0.01113	0.01511	0.01444	0.02550	0.01503	0.24797	0.15747	0.00536	0.30999	0.00714	0.00346	0.00614
12	0.01093	0.01160	0.07836	0.00958	0.01285	0.03632	0.00828	0.04757	0.05063	0.02188	0.18102	0.04880	0.40185	0.01370	0.00749	0.00214	0.00466	0.01142	0.00600	0.03495
13	0.01605	0.03552	0.05572	0.01141	0.01576	0.01190	0.00964	0.17866	0.01879	0.05358	0.13043	0.02700	0.02217	0.08601	0.00919	0.00222	0.00580	0.03980	0.02707	0.24326
14	0.01724	0.05024	0.28767	0.03579	0.11486	0.11335	0.01761	0.06328	0.06306	0.06900	0.01601	0.07678	0.01329	0.00811	0.00689	0.00210	0.02463	0.00652	0.00414	0.00944
15	0.04123	0.16245	0.35423	0.01989	0.13421	0.01732	0.01882	0.02297	0.07522	0.07228	0.01393	0.01540	0.01045	0.00657	0.00603	0.00199	0.00825	0.00518	0.00370	0.00988

[dist]
# distance from previous block
# <min> <max>
1	97

[block]
# block no. 3 follows, 32 sequences, length 56
# corresponding to MSA columns:
# 423-478
name=unknown_D
#
# <colnr> <probs for GDERKNQSTAVLIFYWHMCP>
#	G	D	E	R	K	N	Q	S	T	A	V	L	I	F	Y	W	H	M	C	P
0	0.07142	0.04048	0.01662	0.03623	0.12960	0.10213	0.01126	0.06529	0.09164	0.08527	0.17977	0.02599	0.04641	0.00886	0.00658	0.00196	0.00632	0.00732	0.00547	0.06139
1	0.01818	0.06990	0.06517	0.02406	0.23257	0.06123	0.10013	0.08834	0.16122	0.05089	0.01621	0.01778	0.01250	0.00689	0.00656	0.00200	0.00786	0.00617	0.00454	0.04781
2	0.08937	0.06905	0.08651	0.05290	0.04428	0.05554	0.09576	0.07721	0.01633	0.04341	0.11406	0.03542	0.05192	0.00883	0.00793	0.00211	0.07630	0.00714	0.05779	0.00816
3	0.01138	0.00785	0.05696	0.00962	0.01039	0.00663	0.00730	0.00984	0.00955	0.01297	0.01399	0.07519	0.01422	0.02385	0.07207	0.63760	0.00678	0.00684	0.00320	0.00378
4	0.02176	0.01818	0.01749	0.01451	0.01879	0.11250	0.01155	0.38614	0.18438	0.03327	0.01955	0.06766	0.01556	0.00900	0.00670	0.00207	0.00713	0.00705	0.03655	0.01016
5	0.01270	0.01301	0.07133	0.17427	0.10801	0.01165	0.12119	0.01635	0.01486	0.04672	0.06517	0.03402	0.21048	0.06031	0.00910	0.00248	0.00715	0.00907	0.00448	0.00764
6	0.01700	0.18726	0.40283	0.01838	0.07228	0.03892	0.03733	0.04556	0.01538	0.08640	0.01297	0.01452	0.00957	0.00645	0.00603	0.00195	0.00882	0.00500	0.00355	0.00979
7	0.01734	0.07412	0.02282	0.17788	0.29731	0.04390	0.01632	0.10082	0.07237	0.04950	0.01548	0.05508	0.01287	0.00750	0.00658	0.00206	0.00769	0.00656	0.00423	0.00955
8	0.00846	0.00655	0.00758	0.00811	0.00954	0.00585	0.00584	0.01007	0.01443	0.01825	0.10336	0.27559	0.36444	0.07386	0.01017	0.00277	0.00395	0.05947	0.00615	0.00557
9	0.01323	0.01033	0.01623	0.09829	0.24669	0.01036	0.01278	0.01593	0.01447	0.07208	0.04021	0.32656	0.02761	0.01334	0.00764	0.00240	0.00602	0.05288	0.00511	0.00786
10	0.01934	0.01785	0.10645	0.04880	0.36329	0.01564	0.07626	0.11098	0.01788	0.13480	0.01524	0.01740	0.01134	0.00665	0.00675	0.00205	0.00808	0.00615	0.00448	0.01055
11	0.01321	0.02329	0.36300	0.02158	0.11219	0.01380	0.14783	0.01876	0.01435	0.02053	0.01755	0.16895	0.01648	0.00921	0.00715	0.00226	0.00870	0.00856	0.00370	0.00892
12	0.06853	0.01555	0.01634	0.01363	0.01732	0.06435	0.01095	0.36997	0.04188	0.03063	0.01614	0.01941	0.01304	0.04303	0.20757	0.00456	0.02642	0.00625	0.00532	0.00909
13	0.01293	0.01219	0.02060	0.70084	0.09138	0.01498	0.01877	0.01737	0.01354	0.01746	0.01197	0.01780	0.00906	0.00666	0.00670	0.00222	0.00888	0.00596	0.00300	0.00767
14	0.01468	0.01397	0.02375	0.38776	0.39083	0.01544	0.01963	0.01890	0.01437	0.01958	0.01228	0.01724	0.00980	0.00634	0.00667	0.00211	0.00845	0.00597	0.00315	0.00907
15	0.00976	0.00651	0.00732	0.00732	0.00732	0.00651	0.00407	0.00976	0.00976	0.01301	0.02114	0.04391	0.02439	0.76419	0.03415	0.00651	0.00651	0.00976	0.00407	0.00407
16	0.02510	0.03084	0.01911	0.01713	0.02075	0.67545	0.01295	0.08486	0.02010	0.01865	0.01087	0.01245	0.00888	0.00701	0.00611	0.00175	0.01169	0.00447	0.00374	0.00809
17	0.00808	0.00640	0.00728	0.00792	0.00937	0.00560	0.00561	0.00960	0.01438	0.01798	0.07520	0.35563	0.41611	0.01858	0.00820	0.00245	0.00360	0.01616	0.00627	0.00560
18	0.01794	0.76823	0.03516	0.01148	0.01722	0.02655	0.01148	0.02009	0.01363	0.01579	0.00933	0.01076	0.00861	0.00574	0.00431	0.00144	0.00718	0.00359	0.00287	0.00861
19	0.00851	0.00623	0.00806	0.00941	0.01009	0.00588	0.00648	0.01029	0.03196	0.01764	0.03895	0.65584	0.09351	0.02028	0.00850	0.00270	0.00400	0.04978	0.00624	0.00564
20	0.02141	0.01125	0.01332	0.01108	0.01492	0.01121	0.00885	0.10625	0.14161	0.30600	0.04655	0.04678	0.04145	0.00912	0.00644	0.00202	0.00507	0.00747	0.17955	0.00965
21	0.01391	0.01193	0.01391	0.00994	0.01590	0.00894	0.00795	0.01690	0.01391	0.02186	0.01193	0.01391	0.00994	0.00497	0.00497	0.00099	0.00497	0.00398	0.00398	0.80521
22	0.01612	0.01544	0.02635	0.12886	0.63847	0.01581	0.02035	0.02016	0.01505	0.02133	0.01254	0.01677	0.01042	0.00607	0.00665	0.00202	0.00809	0.00598	0.00328	0.01023
23	0.00832	0.00612	0.00780	0.00885	0.00968	0.00560	0.00608	0.00984	0.01404	0.01861	0.13436	0.56256	0.14462	0.01944	0.00838	0.00257	0.00372	0.01742	0.00639	0.00560
24	0.01113	0.00923	0.01205	0.01164	0.01326	0.05224	0.07119	0.01289	0.01404	0.05120	0.03572	0.50094	0.12119	0.01735	0.00858	0.00254	0.02717	0.01554	0.00580	0.00629
25	0.00957	0.00675	0.00886	0.00898	0.00953	0.00725	0.00611	0.01070	0.01043	0.01443	0.02094	0.08933	0.02256	0.39838	0.33844	0.00809	0.01130	0.00933	0.00402	0.00501
26	0.02695	0.01443	0.01706	0.01317	0.01821	0.01457	0.01085	0.33248	0.02445	0.37508	0.02152	0.01994	0.01430	0.00816	0.00661	0.00202	0.00631	0.00640	0.05640	0.01110
27	0.05875	0.01448	0.02031	0.34863	0.17789	0.05923	0.01631	0.07100	0.01628	0.13176	0.01443	0.01755	0.01057	0.00689	0.00653	0.00210	0.00812	0.00587	0.00425	0.00904
28	0.81159	0.01298	0.00986	0.00882	0.01298	0.01505	0.00727	0.01972	0.01142	0.03010	0.00934	0.01090	0.00727	0.00623	0.00415	0.00208	0.00519	0.00363	0.00415	0.00727
29	0.01666	0.11771	0.18173	0.04165	0.12647	0.01540	0.01508	0.10660	0.01697	0.05712	0.06016	0.01721	0.01358	0.00673	0.00601	0.00176	0.00718	0.00545	0.00422	0.18231
30	0.00914	0.00647	0.00861	0.00997	0.01065	0.00624	0.00730	0.01072	0.01323	0.01748	0.03462	0.47294	0.04025	0.11126	0.01190	0.00329	0.00488	0.20960	0.00595	0.00549
31	0.00950	0.00686	0.00897	0.00844	0.01002	0.00633	0.00633	0.01266	0.01899	0.02691	0.71879	0.05012	0.06331	0.01372	0.00791	0.00211	0.00317	0.01213	0.00739	0.00633
32	0.01467	0.10633	0.44538	0.02169	0.07997	0.01720	0.15424	0.02095	0.01439	0.02060	0.01199	0.01478	0.00901	0.00632	0.00702	0.00210	0.03530	0.00550	0.00299	0.00957
33	0.00827	0.00591	0.00787	0.00928	0.00975	0.00551	0.00624	0.00957	0.01327	0.01779	0.08344	0.71145	0.04567	0.02052	0.00852	0.00268	0.00384	0.01860	0.00631	0.00551
34	0.00818	0.00584	0.00779	0.00934	0.00973	0.00545	0.00623	0.00934	0.01285	0.01713	0.03698	0.75981	0.04438	0.02102	0.00856	0.00273	0.00389	0.01908	0.00623	0.00545
35	0.00801	0.00668	0.00699	0.00717	0.00918	0.00566	0.00528	0.00969	0.01511	0.01829	0.08528	0.15116	0.61369	0.01739	0.00801	0.00232	0.00345	0.01471	0.00627	0.00566
36	0.02210	0.01892	0.07380	0.08481	0.13199	0.01915	0.01538	0.48407	0.02614	0.03535	0.01490	0.01620	0.01086	0.00749	0.00668	0.00204	0.00780	0.00594	0.00557	0.01083
37	0.02551	0.01879	0.02014	0.01544	0.02081	0.02081	0.01275	0.69996	0.03155	0.04229	0.01611	0.01611	0.01141	0.00805	0.00671	0.00201	0.00738	0.00604	0.00671	0.01141
38	0.02293	0.02992	0.07242	0.01761	0.02167	0.59732	0.06010	0.02545	0.01819	0.01756	0.01130	0.01332	0.00917	0.00683	0.00613	0.00179	0.01143	0.00471	0.04419	0.00795
39	0.00829	0.00681	0.00730	0.00718	0.00929	0.00582	0.00538	0.01033	0.01615	0.02016	0.21862	0.06123	0.56770	0.01624	0.00793	0.00223	0.00334	0.01369	0.00650	0.00582
40	0.02258	0.01162	0.01387	0.01120	0.01500	0.01176	0.00911	0.17995	0.01993	0.30673	0.02171	0.02157	0.01520	0.00827	0.00686	0.00194	0.04340	0.00638	0.26337	0.00954
41	0.01320	0.01247	0.02108	0.65267	0.13746	0.01505	0.01890	0.01761	0.01367	0.01779	0.01202	0.01772	0.00917	0.00661	0.00670	0.00220	0.00881	0.00597	0.00303	0.00788
42	0.00959	0.00719	0.01078	0.01078	0.01198	0.00839	0.00839	0.01198	0.01078	0.01558	0.01797	0.02636	0.01677	0.05032	0.73760	0.01078	0.01797	0.00719	0.00359	0.00599
43	0.02462	0.01209	0.01497	0.01199	0.01654	0.01160	0.00973	0.11171	0.11703	0.44521	0.07558	0.02727	0.07180	0.00940	0.00692	0.00211	0.00551	0.00769	0.00769	0.01053
44	0.01346	0.03471	0.72942	0.01912	0.02904	0.01558	0.02479	0.02125	0.01417	0.02125	0.01204	0.01417	0.00850	0.00637	0.00637	0.00212	0.00992	0.00496	0.00283	0.00992
45	0.00974	0.00657	0.00764	0.00764	0.00775	0.00668	0.00447	0.00996	0.00985	0.01325	0.02085	0.04228	0.02369	0.69786	0.09951	0.00690	0.00757	0.00952	0.00402	0.00424
46	0.01251	0.01172	0.01985	0.53912	0.08485	0.01389	0.05161	0.01646	0.01350	0.01766	0.01554	0.12328	0.01416	0.00878	0.00745	0.00231	0.02846	0.00793	0.00349	0.00746
47	0.02592	0.01518	0.01572	0.01264	0.01711	0.11517	0.01019	0.17161	0.02108	0.38071	0.02133	0.02018	0.01445	0.00798	0.00635	0.00194	0.00661	0.00618	0.11947	0.01017
48	0.00929	0.00674	0.00875	0.00848	0.00995	0.00620	0.00627	0.01217	0.01815	0.02545	0.61573	0.13170	0.08659	0.01468	0.00799	0.00219	0.00326	0.01301	0.00721	0.00620
49	0.02172	0.26004	0.02444	0.01553	0.06584	0.06985	0.01241	0.26018	0.10452	0.07966	0.01541	0.01572	0.01174	0.00724	0.00590	0.00184	0.00730	0.00537	0.00516	0.01011
50	0.01539	0.01584	0.02130	0.42664	0.16038	0.11856	0.01769	0.01901	0.01416	0.01777	0.01144	0.01644	0.00919	0.00723	0.00850	0.00221	0.10137	0.00572	0.00310	0.00806
51	0.00907	0.00684	0.00838	0.00800	0.00976	0.00615	0.00600	0.01184	0.01799	0.02453	0.54293	0.05403	0.24066	0.01460	0.00792	0.00215	0.00323	0.01268	0.00707	0.00615
52	0.01348	0.00725	0.00917	0.00928	0.01087	0.00678	0.00666	0.02947	0.01453	0.15014	0.03110	0.43985	0.03259	0.04468	0.00844	0.00251	0.00426	0.01371	0.15844	0.00678
53	0.01450	0.01221	0.01328	0.01238	0.01557	0.01364	0.00974	0.02849	0.49897	0.02594	0.08390	0.03738	0.10018	0.01145	0.00733	0.00236	0.00506	0.09167	0.00673	0.00923
54	0.01117	0.00822	0.01126	0.06286	0.01360	0.03521	0.03422	0.01182	0.01159	0.01549	0.06183	0.08784	0.04198	0.11770	0.18180	0.25305	0.00889	0.00840	0.01801	0.00506
55	0.01034	0.00828	0.01050	0.05983	0.01386	0.03528	0.00869	0.01216	0.01318	0.01715	0.03079	0.28915	0.07824	0.07492	0.09875	0.02887	0.03605	0.16295	0.00519	0.00581

[dist]
# distance from previous block
# <min> <max>
1	3

[block]
# block no. 4 follows, 32 sequences, length 38
# corresponding to MSA columns:
# 487-524
name=unknown_E
#
# <colnr> <probs for GDERKNQSTAVLIFYWHMCP>
#	G	D	E	R	K	N	Q	S	T	A	V	L	I	F	Y	W	H	M	C	P
0	0.50483	0.13195	0.01595	0.01111	0.01546	0.14277	0.00924	0.06324	0.01433	0.02630	0.00994	0.01141	0.00797	0.00639	0.00466	0.00191	0.00683	0.00390	0.00399	0.00782
1	0.01593	0.01796	0.11930	0.07065	0.31552	0.03802	0.15120	0.02030	0.01508	0.05518	0.01538	0.08368	0.01338	0.00768	0.00747	0.00217	0.03055	0.00738	0.00375	0.00943
2	0.00811	0.00610	0.00751	0.00865	0.00955	0.00551	0.00592	0.00942	0.01352	0.01740	0.04548	0.56927	0.22944	0.01992	0.00839	0.00260	0.00376	0.01773	0.00623	0.00551
3	0.01377	0.08216	0.31204	0.01475	0.02053	0.05044	0.01574	0.02121	0.13496	0.02178	0.08983	0.08745	0.04378	0.00992	0.00685	0.00219	0.00738	0.05187	0.00462	0.00871
4	0.01580	0.01610	0.08356	0.05157	0.02193	0.05545	0.14402	0.09003	0.08906	0.04847	0.13393	0.06432	0.02202	0.00864	0.00694	0.00200	0.00720	0.00783	0.00510	0.12605
5	0.00950	0.00686	0.00897	0.00844	0.01002	0.00633	0.00633	0.01266	0.01899	0.02691	0.71879	0.05012	0.06331	0.01372	0.00791	0.00211	0.00317	0.01213	0.00739	0.00633
6	0.01391	0.01193	0.01391	0.00994	0.01590	0.00894	0.00795	0.01690	0.01391	0.02186	0.01193	0.01391	0.00994	0.00497	0.00497	0.00099	0.00497	0.00398	0.00398	0.80521
7	0.07654	0.00685	0.00683	0.00674	0.00849	0.00709	0.00513	0.01574	0.01365	0.02484	0.02064	0.02396	0.01637	0.01033	0.05014	0.00218	0.00421	0.00610	0.68784	0.00632
8	0.02471	0.01840	0.01969	0.01528	0.02051	0.02044	0.01256	0.64014	0.09266	0.04101	0.01712	0.01691	0.01223	0.00815	0.00672	0.00204	0.00720	0.00618	0.00672	0.01134
9	0.01346	0.01273	0.02155	0.60596	0.18213	0.01512	0.01903	0.01784	0.01379	0.01810	0.01207	0.01763	0.00928	0.00656	0.00670	0.00219	0.00875	0.00597	0.00305	0.00809
10	0.02717	0.01549	0.01802	0.01388	0.01912	0.01599	0.01145	0.39222	0.04956	0.33419	0.02092	0.01929	0.01394	0.00820	0.00673	0.00205	0.00660	0.00640	0.00740	0.01139
11	0.01775	0.70068	0.03556	0.01299	0.01883	0.02569	0.07330	0.02022	0.01383	0.01630	0.00971	0.01142	0.00875	0.00573	0.00463	0.00151	0.00755	0.00398	0.00292	0.00865
12	0.00937	0.00685	0.00879	0.00831	0.00995	0.00628	0.00623	0.01242	0.01870	0.02620	0.66649	0.05128	0.11605	0.01398	0.00792	0.00212	0.00318	0.01230	0.00729	0.00628
13	0.00976	0.00651	0.00732	0.00732	0.00732	0.00651	0.00407	0.00976	0.00976	0.01301	0.02114	0.04391	0.02439	0.76419	0.03415	0.00651	0.00651	0.00976	0.00407	0.00407
14	0.02648	0.01714	0.01732	0.01396	0.01875	0.13352	0.01124	0.21141	0.10279	0.34459	0.02113	0.01951	0.01435	0.00810	0.00663	0.00203	0.00717	0.00626	0.00691	0.01072
15	0.02038	0.01980	0.01737	0.01660	0.07481	0.22995	0.01197	0.14996	0.26432	0.02642	0.01860	0.01891	0.01425	0.00790	0.00637	0.00198	0.00771	0.00609	0.07708	0.00953
16	0.01665	0.01819	0.08480	0.13806	0.46936	0.07019	0.01954	0.03992	0.03928	0.02153	0.01290	0.01652	0.01041	0.00635	0.00659	0.00203	0.00848	0.00582	0.00345	0.00992
17	0.02029	0.10759	0.01976	0.01665	0.09057	0.13938	0.01216	0.06104	0.24769	0.12672	0.02051	0.02026	0.03664	0.00821	0.00710	0.00204	0.04189	0.00631	0.00543	0.00974
18	0.00930	0.00666	0.00863	0.00849	0.00973	0.00620	0.00611	0.01185	0.01715	0.02404	0.54356	0.16657	0.05669	0.08250	0.01038	0.00261	0.00359	0.01306	0.00690	0.00598
19	0.08669	0.02011	0.01803	0.01491	0.01945	0.16663	0.01190	0.36649	0.17096	0.03299	0.01676	0.01676	0.01243	0.00790	0.00640	0.00202	0.00774	0.00582	0.00586	0.01016
20	0.00896	0.00685	0.00825	0.00810	0.00989	0.00614	0.00614	0.01152	0.01724	0.02299	0.41989	0.08119	0.29956	0.01543	0.00802	0.00224	0.00345	0.05124	0.00686	0.00605
21	0.00900	0.00684	0.00828	0.00792	0.00972	0.00612	0.00594	0.01170	0.01782	0.02413	0.51325	0.05469	0.27059	0.01475	0.00792	0.00216	0.00324	0.01277	0.00702	0.00612
22	0.01421	0.13570	0.59432	0.01858	0.02774	0.01718	0.06064	0.02110	0.01419	0.02050	0.01175	0.01391	0.00861	0.00625	0.00617	0.00204	0.00961	0.00493	0.00287	0.00969
23	0.01661	0.01594	0.02724	0.04119	0.72233	0.01594	0.02059	0.02059	0.01528	0.02192	0.01262	0.01661	0.01063	0.00598	0.00664	0.00199	0.00797	0.00598	0.00332	0.01063
24	0.01267	0.01193	0.02013	0.74806	0.04621	0.01491	0.01863	0.01714	0.01342	0.01714	0.01193	0.01789	0.00894	0.00671	0.00671	0.00224	0.00894	0.00596	0.00298	0.00745
25	0.00926	0.00682	0.00890	0.01016	0.01139	0.00646	0.00798	0.01135	0.01441	0.01858	0.04213	0.33769	0.16760	0.01921	0.00875	0.00280	0.00478	0.29974	0.00621	0.00580
26	0.00818	0.00584	0.00779	0.00934	0.00973	0.00545	0.00623	0.00934	0.01285	0.01713	0.03698	0.75981	0.04438	0.02102	0.00856	0.00273	0.00389	0.01908	0.00623	0.00545
27	0.01074	0.00767	0.01071	0.01214	0.01368	0.00765	0.01056	0.01383	0.01565	0.02046	0.07379	0.07426	0.04000	0.01827	0.00919	0.00303	0.00601	0.63992	0.00625	0.00619
28	0.01624	0.01604	0.02876	0.08301	0.57120	0.01604	0.12806	0.02052	0.01525	0.02156	0.01273	0.01692	0.01045	0.00597	0.00685	0.00205	0.00856	0.00629	0.00331	0.01018
29	0.01102	0.00690	0.00878	0.00923	0.01028	0.00652	0.00653	0.01239	0.01337	0.08085	0.06665	0.31776	0.07829	0.22781	0.01562	0.00372	0.00505	0.10762	0.00586	0.00576
30	0.00820	0.00603	0.00760	0.00883	0.00952	0.00553	0.00595	0.00941	0.01314	0.01713	0.04161	0.61162	0.15861	0.05118	0.00952	0.00280	0.00392	0.01785	0.00614	0.00543
31	0.01704	0.01602	0.01600	0.01438	0.01799	0.10497	0.03538	0.03185	0.53553	0.02553	0.02554	0.05625	0.02056	0.00968	0.00697	0.00227	0.00635	0.04168	0.00623	0.00977
32	0.01996	0.01430	0.01910	0.01517	0.01954	0.01493	0.10834	0.27701	0.09134	0.13064	0.04540	0.08703	0.03617	0.01322	0.07295	0.00295	0.00790	0.00823	0.00617	0.00967
33	0.01101	0.00633	0.00658	0.00674	0.00823	0.00607	0.00489	0.01348	0.01394	0.02218	0.03244	0.10965	0.15819	0.05334	0.00738	0.00210	0.00345	0.00932	0.51874	0.00593
34	0.01472	0.06423	0.01636	0.01335	0.01624	0.09338	0.08577	0.01770	0.01682	0.08597	0.20231	0.10081	0.03470	0.01292	0.00777	0.00235	0.00650	0.19497	0.00584	0.00731
35	0.06251	0.16287	0.26109	0.01512	0.02155	0.08275	0.01569	0.11385	0.09127	0.06359	0.03847	0.01630	0.01246	0.00717	0.00600	0.00196	0.00805	0.00534	0.00438	0.00957
36	0.06822	0.01109	0.01743	0.01456	0.01711	0.01219	0.14185	0.03900	0.03008	0.04287	0.01645	0.02421	0.01489	0.12069	0.31643	0.00639	0.08833	0.00723	0.00393	0.00705
37	0.32406	0.01982	0.12834	0.01695	0.11845	0.11996	0.01324	0.04283	0.07200	0.02529	0.01222	0.01390	0.00951	0.00654	0.00548	0.00198	0.00740	0.00470	0.00401	0.05333

[dist]
# distance from previous block
# <min> <max>
4	15

[block]
# block no. 5 follows, 32 sequences, length 13
# corresponding to MSA columns:
# 598-610
name=unknown_F
#
# <colnr> <probs for GDERKNQSTAVLIFYWHMCP>
#	G	D	E	R	K	N	Q	S	T	A	V	L	I	F	Y	W	H	M	C	P
0	0.20422	0.21489	0.12107	0.01221	0.01721	0.04495	0.03520	0.04719	0.01403	0.05829	0.01438	0.01850	0.03072	0.10908	0.00914	0.00248	0.00711	0.00538	0.00394	0.03002
1	0.01034	0.00725	0.00914	0.00873	0.00989	0.00703	0.00593	0.01102	0.01083	0.01507	0.02070	0.09427	0.04057	0.33504	0.17404	0.10610	0.00831	0.00886	0.00405	0.11283
2	0.01574	0.14937	0.17389	0.24379	0.11229	0.08472	0.03536	0.02129	0.06513	0.01918	0.01260	0.01571	0.00983	0.00655	0.00620	0.00200	0.00882	0.00536	0.00331	0.00885
3	0.17488	0.41304	0.02554	0.01246	0.01726	0.19758	0.01099	0.02223	0.03999	0.01919	0.01024	0.01164	0.00879	0.00625	0.00479	0.00166	0.00792	0.00392	0.00341	0.00822
4	0.12411	0.01498	0.02377	0.11127	0.53289	0.01553	0.01826	0.02048	0.01468	0.04395	0.01252	0.01616	0.01018	0.00616	0.00632	0.00203	0.00763	0.00568	0.00355	0.00986
5	0.01692	0.01443	0.01666	0.01691	0.11242	0.01593	0.01168	0.11059	0.45623	0.02793	0.02697	0.02585	0.07680	0.00910	0.00683	0.00217	0.00575	0.00764	0.00621	0.03299
6	0.00965	0.00646	0.00735	0.00745	0.00748	0.00644	0.00421	0.00973	0.00996	0.01328	0.02218	0.09081	0.02570	0.71550	0.03248	0.00626	0.00633	0.01037	0.00421	0.00416
7	0.01052	0.00882	0.01265	0.09368	0.12781	0.00897	0.00981	0.01277	0.01418	0.01896	0.12225	0.25171	0.15757	0.07900	0.01057	0.00272	0.03369	0.01246	0.00525	0.00660
8	0.01669	0.23832	0.44961	0.01612	0.02431	0.01799	0.01928	0.02228	0.01461	0.10324	0.01299	0.01424	0.00949	0.00642	0.00584	0.00193	0.00865	0.00478	0.00349	0.00973
9	0.00942	0.00685	0.00960	0.00976	0.01067	0.00748	0.00714	0.01128	0.01157	0.01628	0.08030	0.13073	0.02582	0.17249	0.45006	0.00819	0.01274	0.00968	0.00436	0.00560
10	0.00875	0.00625	0.00845	0.01001	0.01065	0.00595	0.00724	0.01034	0.01342	0.01778	0.03666	0.60952	0.04311	0.02048	0.00872	0.00281	0.00439	0.16365	0.00622	0.00561
11	0.01809	0.04932	0.02571	0.05246	0.32601	0.11403	0.11149	0.06605	0.11158	0.02271	0.01444	0.01709	0.01152	0.00675	0.00699	0.00204	0.02373	0.00615	0.00400	0.00982
12	0.01776	0.15238	0.06691	0.01704	0.04387	0.01820	0.10573	0.09803	0.13505	0.07485	0.01739	0.02214	0.01437	0.00878	0.00896	0.00223	0.11955	0.06275	0.00474	0.00928

[dist]
# distance from previous block
# <min> <max>
0	1

[block]
# block no. 6 follows, 32 sequences, length 82
# corresponding to MSA columns:
# 612-693
name=unknown_G
#
# <colnr> <probs for GDERKNQSTAVLIFYWHMCP>
#	G	D	E	R	K	N	Q	S	T	A	V	L	I	F	Y	W	H	M	C	P
0	0.10895	0.01881	0.02251	0.11340	0.32157	0.16573	0.04284	0.08719	0.01699	0.02310	0.01208	0.01519	0.00969	0.00648	0.00630	0.00199	0.00870	0.00545	0.00373	0.00929
1	0.00833	0.00609	0.00784	0.00893	0.00970	0.00560	0.00611	0.00984	0.01398	0.01860	0.13499	0.58164	0.12457	0.01955	0.00840	0.00259	0.00374	0.01755	0.00639	0.00560
2	0.01603	0.01383	0.01488	0.01278	0.01708	0.01486	0.00999	0.03123	0.54603	0.02661	0.02368	0.02241	0.01800	0.00813	0.00639	0.00197	0.00523	0.00673	0.00615	0.19798
3	0.01511	0.11315	0.24811	0.01315	0.02006	0.01320	0.01388	0.01953	0.01462	0.06897	0.05408	0.01633	0.01289	0.00626	0.00563	0.00155	0.00679	0.00491	0.00396	0.34783
4	0.01808	0.04711	0.02013	0.02257	0.22901	0.28186	0.01416	0.02053	0.01606	0.01841	0.02021	0.02382	0.11398	0.00904	0.00831	0.00206	0.08985	0.03272	0.00385	0.00825
5	0.00846	0.00630	0.00774	0.00845	0.00947	0.00573	0.00584	0.01005	0.01436	0.01891	0.16925	0.41856	0.20597	0.06650	0.00994	0.00275	0.00381	0.01603	0.00630	0.00557
6	0.01431	0.01116	0.01453	0.02904	0.06784	0.03811	0.07040	0.05236	0.05741	0.10727	0.07263	0.08411	0.30553	0.01364	0.02888	0.00246	0.00595	0.01073	0.00587	0.00777
7	0.01649	0.01674	0.02019	0.10184	0.04210	0.10768	0.01477	0.05630	0.05105	0.01855	0.01088	0.01543	0.00963	0.01006	0.01618	0.00259	0.47239	0.00580	0.00344	0.00791
8	0.01048	0.00762	0.01145	0.01078	0.01230	0.00839	0.04790	0.01304	0.01160	0.01743	0.01861	0.02677	0.01695	0.08606	0.51957	0.00837	0.01421	0.00723	0.14514	0.00609
9	0.00886	0.00680	0.00812	0.00786	0.00965	0.00605	0.00587	0.01141	0.01740	0.02328	0.45164	0.08043	0.30791	0.01520	0.00794	0.00219	0.00328	0.01314	0.00691	0.00605
10	0.00904	0.00646	0.00875	0.01015	0.01096	0.00617	0.00757	0.01090	0.01404	0.01869	0.08575	0.51020	0.04407	0.01977	0.00872	0.00279	0.00450	0.20943	0.00630	0.00572
11	0.01224	0.01169	0.02187	0.01755	0.02065	0.01237	0.25849	0.01569	0.01255	0.01770	0.01577	0.02293	0.01398	0.04962	0.40082	0.00699	0.07105	0.00742	0.00348	0.00715
12	0.02859	0.01319	0.01659	0.01279	0.01797	0.01258	0.01054	0.18365	0.04625	0.54767	0.02416	0.02139	0.01557	0.00828	0.00674	0.00207	0.00607	0.00662	0.00789	0.01139
13	0.00832	0.00689	0.00734	0.00744	0.00959	0.00591	0.00573	0.01026	0.01559	0.01898	0.11439	0.06452	0.60583	0.01689	0.00805	0.00233	0.00364	0.07622	0.00631	0.00576
14	0.02812	0.01147	0.01503	0.01166	0.01652	0.01032	0.00959	0.07946	0.01962	0.61149	0.02529	0.02255	0.01629	0.00824	0.00655	0.00202	0.00559	0.00665	0.08262	0.01093
15	0.07368	0.00837	0.01105	0.01206	0.01404	0.00842	0.01048	0.01556	0.01538	0.06630	0.03293	0.06730	0.03479	0.01693	0.00871	0.00295	0.00607	0.58224	0.00616	0.00660
16	0.28041	0.01188	0.01232	0.01030	0.01422	0.01249	0.00834	0.12295	0.03800	0.19926	0.09822	0.02142	0.01833	0.00816	0.00574	0.00201	0.00513	0.00620	0.11586	0.00874
17	0.06291	0.11751	0.01871	0.01397	0.01812	0.15769	0.01120	0.09169	0.38430	0.02561	0.01965	0.01906	0.01507	0.00798	0.00619	0.00202	0.00705	0.00607	0.00550	0.00969
18	0.03900	0.28842	0.12281	0.05801	0.04718	0.06217	0.05744	0.05305	0.04794	0.04232	0.01310	0.01497	0.01042	0.00643	0.00552	0.00176	0.00764	0.00495	0.06428	0.05260
19	0.04930	0.10903	0.15696	0.04783	0.20183	0.08362	0.01684	0.10135	0.03574	0.05899	0.01300	0.01522	0.01015	0.00703	0.00736	0.00203	0.06483	0.00534	0.00393	0.00964
20	0.01668	0.01410	0.01505	0.01358	0.01726	0.01618	0.01064	0.07226	0.61745	0.02820	0.02733	0.04598	0.02150	0.00983	0.00699	0.00231	0.00544	0.04213	0.00677	0.01031
21	0.01920	0.01510	0.01660	0.01293	0.01806	0.01527	0.01042	0.31656	0.13802	0.03160	0.01724	0.04422	0.01361	0.00759	0.00617	0.00172	0.00604	0.00603	0.00572	0.29788
22	0.01172	0.00660	0.00708	0.00716	0.00835	0.00665	0.00511	0.01433	0.02760	0.02145	0.02284	0.03399	0.02085	0.21381	0.01307	0.00303	0.00432	0.05822	0.50807	0.00575
23	0.01147	0.01566	0.19553	0.23614	0.05940	0.01161	0.01566	0.01562	0.01364	0.01856	0.02230	0.21922	0.04592	0.01306	0.03402	0.00269	0.00777	0.05006	0.00415	0.00750
24	0.01639	0.19212	0.42977	0.01726	0.02527	0.04428	0.06371	0.02253	0.03607	0.07373	0.01305	0.01459	0.00962	0.00644	0.00605	0.00197	0.00903	0.00504	0.00344	0.00963
25	0.75219	0.01286	0.01030	0.00906	0.01329	0.01466	0.00746	0.02071	0.01201	0.08307	0.01064	0.01181	0.00798	0.00639	0.00435	0.00208	0.00523	0.00387	0.00447	0.00758
26	0.00964	0.00683	0.00874	0.00893	0.01042	0.00640	0.00687	0.01240	0.01685	0.02348	0.39626	0.14560	0.11394	0.01537	0.00799	0.00234	0.00381	0.13074	0.06727	0.00612
27	0.01777	0.03756	0.26220	0.06073	0.17580	0.12354	0.07715	0.07368	0.01682	0.05793	0.01406	0.01635	0.02269	0.00673	0.00657	0.00203	0.00932	0.00570	0.00372	0.00964
28	0.04507	0.01746	0.07425	0.40782	0.07949	0.13025	0.01692	0.05262	0.01575	0.07879	0.01306	0.01668	0.00967	0.00685	0.00649	0.00210	0.00898	0.00561	0.00373	0.00841
29	0.01631	0.01118	0.01229	0.01095	0.01433	0.01179	0.00854	0.02677	0.35437	0.13711	0.05915	0.03365	0.16400	0.01061	0.00684	0.00216	0.00466	0.00881	0.09740	0.00909
30	0.01606	0.01606	0.02939	0.10457	0.50202	0.01608	0.17502	0.02047	0.01523	0.02138	0.01277	0.01707	0.01037	0.00597	0.00694	0.00208	0.00883	0.00642	0.00331	0.00997
31	0.01537	0.05792	0.02214	0.20874	0.21655	0.01640	0.03241	0.02024	0.07917	0.04570	0.01520	0.02178	0.01301	0.00854	0.00961	0.00232	0.14524	0.05705	0.00387	0.00875
32	0.00974	0.00657	0.00764	0.00764	0.00776	0.00668	0.00447	0.00997	0.00985	0.01325	0.02084	0.04226	0.02368	0.69720	0.10016	0.00691	0.00758	0.00952	0.00402	0.00425
33	0.00830	0.00589	0.00775	0.00919	0.00955	0.00553	0.00606	0.00937	0.01261	0.01682	0.03578	0.70540	0.04286	0.07750	0.01051	0.00301	0.00409	0.01837	0.00606	0.00534
34	0.04341	0.04455	0.04513	0.01664	0.04052	0.34188	0.03930	0.12624	0.08450	0.04440	0.01638	0.04575	0.01405	0.00857	0.00658	0.00202	0.00925	0.05743	0.00469	0.00872
35	0.02464	0.01899	0.01916	0.01499	0.01997	0.07432	0.01225	0.60480	0.02947	0.03921	0.01604	0.01638	0.01157	0.00795	0.00653	0.00196	0.00747	0.00592	0.05756	0.01080
36	0.00829	0.00608	0.00779	0.00891	0.00968	0.00558	0.00609	0.00976	0.01387	0.01838	0.11934	0.58764	0.13459	0.01966	0.00841	0.00259	0.00374	0.01764	0.00636	0.00558
37	0.81159	0.01298	0.00986	0.00882	0.01298	0.01505	0.00727	0.01972	0.01142	0.03010	0.00934	0.01090	0.00727	0.00623	0.00415	0.00208	0.00519	0.00363	0.00415	0.00727
38	0.01230	0.01130	0.01877	0.65722	0.04173	0.01400	0.01712	0.01638	0.01303	0.01680	0.01286	0.01996	0.01035	0.05394	0.05530	0.00304	0.00938	0.00626	0.00308	0.00716
39	0.00960	0.00712	0.01043	0.01043	0.01151	0.00820	0.00795	0.01176	0.01068	0.01532	0.01829	0.02813	0.01754	0.12247	0.66651	0.01035	0.01681	0.00745	0.00364	0.00580
40	0.81159	0.01298	0.00986	0.00882	0.01298	0.01505	0.00727	0.01972	0.01142	0.03010	0.00934	0.01090	0.00727	0.00623	0.00415	0.00208	0.00519	0.00363	0.00415	0.00727
41	0.02314	0.02821	0.02027	0.02052	0.11576	0.56993	0.01413	0.03916	0.01810	0.01769	0.01068	0.01299	0.00898	0.00718	0.00736	0.00186	0.06767	0.00470	0.00347	0.00821
42	0.01875	0.01544	0.01633	0.01407	0.01823	0.01765	0.01112	0.19113	0.55138	0.03140	0.02469	0.02295	0.01836	0.00886	0.00680	0.00221	0.00580	0.00722	0.00680	0.01081
43	0.01417	0.01208	0.01405	0.01006	0.01601	0.00921	0.00806	0.03214	0.01431	0.02232	0.01202	0.01396	0.00997	0.00504	0.00501	0.00102	0.00502	0.00402	0.00404	0.78749
44	0.00974	0.00657	0.00764	0.00764	0.00776	0.00668	0.00447	0.00997	0.00985	0.01325	0.02084	0.04226	0.02368	0.69720	0.10016	0.00691	0.00758	0.00952	0.00402	0.00425
45	0.00815	0.00594	0.00768	0.00908	0.00966	0.00547	0.00611	0.00937	0.01310	0.01723	0.04024	0.68679	0.11530	0.02060	0.00850	0.00268	0.00384	0.01856	0.00623	0.00547
46	0.01074	0.00618	0.00818	0.00818	0.00822	0.00622	0.00513	0.00931	0.00926	0.01239	0.01609	0.03105	0.01749	0.35338	0.05444	0.42259	0.00655	0.00762	0.00345	0.00353
47	0.01565	0.01300	0.01483	0.01090	0.01666	0.01101	0.00876	0.11073	0.05714	0.02500	0.01340	0.01486	0.01076	0.00563	0.00531	0.00121	0.00532	0.00447	0.00451	0.65084
48	0.01035	0.00739	0.01028	0.01182	0.01316	0.00732	0.01000	0.01309	0.01499	0.01956	0.03578	0.19688	0.03964	0.01898	0.00914	0.00302	0.00577	0.56059	0.00619	0.00605
49	0.00960	0.00712	0.01046	0.01046	0.01154	0.00821	0.00798	0.01177	0.01069	0.01534	0.01827	0.02801	0.01749	0.11731	0.67159	0.01038	0.01690	0.00743	0.00364	0.00581
