[name]
unknown

[dist]
# distance from previous block
# <min> <max>
20	247

[block]
# block no. 0 follows, 32 sequences, length 18
# corresponding to MSA columns:
# 307-324
name=unknown_A
#
# <colnr> <probs for GDERKNQSTAVLIFYWHMCP>
#	G	D	E	R	K	N	Q	S	T	A	V	L	I	F	Y	W	H	M	C	P
0	0.07428	0.14532	0.16097	0.01659	0.10255	0.01601	0.01395	0.06963	0.11061	0.05076	0.03112	0.08981	0.01657	0.02456	0.00686	0.00215	0.00688	0.02658	0.00460	0.03021
1	0.06483	0.15166	0.10612	0.05611	0.04379	0.06149	0.03800	0.06518	0.05946	0.02143	0.05770	0.03115	0.01402	0.00910	0.02352	0.00227	0.14431	0.00593	0.00395	0.03998
2	0.14857	0.04614	0.01573	0.01236	0.01629	0.06032	0.04642	0.12081	0.01747	0.13001	0.04156	0.09176	0.09065	0.01010	0.00705	0.00210	0.03173	0.03677	0.00554	0.06863
3	0.08621	0.01723	0.01859	0.01938	0.16408	0.10552	0.01287	0.15372	0.19714	0.08141	0.01752	0.01795	0.01320	0.00742	0.00632	0.00199	0.00709	0.00593	0.00537	0.06107
4	0.01371	0.06844	0.18637	0.01252	0.01699	0.04388	0.01220	0.07576	0.05313	0.04181	0.21020	0.09082	0.10703	0.01202	0.02365	0.00231	0.00642	0.00925	0.00543	0.00805
5	0.06539	0.01605	0.01723	0.01628	0.10166	0.09997	0.01154	0.16133	0.09103	0.15103	0.01721	0.01786	0.01277	0.00910	0.03834	0.00224	0.00737	0.00572	0.02570	0.13219
6	0.01824	0.52730	0.12764	0.01255	0.01852	0.02187	0.01294	0.02124	0.01419	0.10146	0.01231	0.01368	0.01007	0.00899	0.05183	0.00221	0.00807	0.00439	0.00356	0.00896
7	0.04301	0.09750	0.13219	0.24160	0.02749	0.01509	0.03669	0.06493	0.05106	0.05215	0.04948	0.03780	0.04512	0.01132	0.06411	0.00279	0.00850	0.00669	0.00415	0.00833
8	0.01238	0.01058	0.01430	0.14819	0.01931	0.01242	0.01093	0.03782	0.08063	0.02269	0.28342	0.03320	0.07731	0.01143	0.01057	0.00232	0.16922	0.00897	0.02702	0.00728
9	0.01310	0.01236	0.02089	0.67171	0.11924	0.01502	0.01885	0.01752	0.01362	0.01766	0.01200	0.01775	0.00913	0.00663	0.00670	0.00221	0.00884	0.00596	0.00302	0.00780
10	0.01895	0.51455	0.11821	0.01371	0.01947	0.18173	0.01347	0.02171	0.01489	0.01661	0.00990	0.01148	0.00860	0.00608	0.00495	0.00159	0.00860	0.00392	0.00299	0.00859
11	0.01994	0.00890	0.01178	0.01032	0.01324	0.00794	0.00778	0.02170	0.01580	0.38985	0.03003	0.24203	0.04795	0.12671	0.01146	0.00294	0.00523	0.01103	0.00699	0.00839
12	0.01166	0.00583	0.00874	0.00874	0.00874	0.00583	0.00583	0.00874	0.00874	0.01166	0.01166	0.02040	0.01166	0.02331	0.02622	0.80478	0.00583	0.00583	0.00291	0.00291
13	0.01135	0.01488	0.18918	0.01181	0.01650	0.00925	0.06233	0.01491	0.01531	0.06554	0.04729	0.04584	0.44384	0.01294	0.00747	0.00222	0.00576	0.01092	0.00531	0.00735
14	0.01233	0.01037	0.01206	0.00962	0.01409	0.00829	0.00743	0.01554	0.04410	0.02087	0.02360	0.14890	0.10107	0.00935	0.00602	0.00150	0.00461	0.00795	0.00476	0.53754
15	0.05002	0.01597	0.01681	0.01288	0.01826	0.04896	0.01044	0.31208	0.05942	0.05935	0.01497	0.01562	0.01125	0.00679	0.00591	0.00162	0.00640	0.00517	0.00546	0.32264
16	0.01574	0.13948	0.32668	0.06313	0.02395	0.05546	0.01726	0.04600	0.07083	0.04567	0.06738	0.01777	0.01415	0.00735	0.00669	0.00199	0.03196	0.00563	0.00392	0.03897
17	0.01435	0.01722	0.14463	0.13279	0.09583	0.04083	0.05967	0.04676	0.08037	0.02144	0.08431	0.04654	0.01785	0.05792	0.01001	0.00247	0.07567	0.00721	0.00419	0.03993

[dist]
# distance from previous block
# <min> <max>
2	22

[block]
# block no. 1 follows, 32 sequences, length 8
# corresponding to MSA columns:
# 347-354
name=unknown_B
#
# <colnr> <probs for GDERKNQSTAVLIFYWHMCP>
#	G	D	E	R	K	N	Q	S	T	A	V	L	I	F	Y	W	H	M	C	P
0	0.01672	0.01371	0.01436	0.01479	0.07820	0.13278	0.01046	0.06765	0.01703	0.11743	0.06018	0.18659	0.10347	0.01304	0.00830	0.00232	0.04744	0.08203	0.00569	0.00781
1	0.01191	0.01015	0.01036	0.01088	0.01214	0.08952	0.00768	0.08432	0.01552	0.01971	0.03178	0.59695	0.03687	0.01806	0.00809	0.00254	0.00519	0.01604	0.00597	0.00634
2	0.01542	0.01331	0.01396	0.01266	0.01623	0.01509	0.00982	0.03189	0.60961	0.02663	0.03320	0.03076	0.12169	0.01025	0.00699	0.00227	0.00503	0.00854	0.00674	0.00990
3	0.01230	0.00932	0.01149	0.01174	0.01397	0.00961	0.00982	0.06868	0.11531	0.02341	0.10877	0.06002	0.11331	0.01572	0.00843	0.00270	0.00552	0.38628	0.00644	0.00716
4	0.01391	0.01193	0.01391	0.00994	0.01590	0.00894	0.00795	0.01690	0.01391	0.02186	0.01193	0.01391	0.00994	0.00497	0.00497	0.00099	0.00497	0.00398	0.00398	0.80521
5	0.59672	0.01296	0.01169	0.00988	0.01432	0.01424	0.00814	0.06082	0.01425	0.18297	0.01346	0.01380	0.00954	0.00678	0.00486	0.00207	0.00543	0.00445	0.00520	0.00841
6	0.00948	0.00721	0.00880	0.00873	0.01035	0.00681	0.00641	0.01316	0.06972	0.02332	0.40256	0.20205	0.17524	0.01552	0.00797	0.00228	0.00353	0.01363	0.00689	0.00635
7	0.01601	0.01219	0.01592	0.01365	0.01654	0.01342	0.06005	0.08628	0.19275	0.09420	0.10676	0.11616	0.04921	0.01156	0.00947	0.00236	0.11353	0.03027	0.03106	0.00861

[dist]
# distance from previous block
# <min> <max>
0	1

[block]
# block no. 2 follows, 32 sequences, length 25
# corresponding to MSA columns:
# 356-380
name=unknown_C
#
# <colnr> <probs for GDERKNQSTAVLIFYWHMCP>
#	G	D	E	R	K	N	Q	S	T	A	V	L	I	F	Y	W	H	M	C	P
0	0.01758	0.04424	0.20765	0.06035	0.02607	0.01398	0.20302	0.02251	0.01611	0.17998	0.08896	0.02104	0.01655	0.00745	0.00729	0.00212	0.02409	0.00693	0.00473	0.02936
1	0.18862	0.02652	0.39453	0.01588	0.02303	0.07649	0.01770	0.04600	0.10727	0.02438	0.01348	0.01480	0.00994	0.00681	0.00594	0.00210	0.00838	0.00500	0.00383	0.00930
2	0.01572	0.47788	0.20875	0.01376	0.02004	0.02126	0.03709	0.01932	0.01376	0.01750	0.01303	0.08968	0.01235	0.00749	0.00539	0.00177	0.00767	0.00569	0.00323	0.00863
3	0.00899	0.00647	0.00861	0.01003	0.01085	0.00617	0.00745	0.01072	0.01364	0.01792	0.03766	0.49799	0.07746	0.04454	0.00958	0.00293	0.00463	0.21259	0.00614	0.00563
4	0.08041	0.01475	0.01441	0.01202	0.01607	0.12617	0.02650	0.06019	0.09246	0.08386	0.12032	0.06168	0.04467	0.00882	0.00632	0.00181	0.00615	0.00717	0.00542	0.21080
5	0.01792	0.69457	0.03284	0.01142	0.01682	0.05415	0.01115	0.02011	0.01388	0.01634	0.01009	0.01164	0.00911	0.00591	0.00440	0.00145	0.00714	0.00377	0.04885	0.00844
6	0.06169	0.01298	0.05392	0.01101	0.01548	0.05022	0.00908	0.01900	0.03535	0.12809	0.02130	0.17621	0.03841	0.00963	0.00624	0.00177	0.00552	0.00808	0.00518	0.33083
7	0.00887	0.00710	0.00798	0.00793	0.00986	0.00641	0.00588	0.01184	0.05256	0.02108	0.25136	0.13988	0.41293	0.01610	0.00794	0.00228	0.00349	0.01380	0.00660	0.00609
8	0.10858	0.01495	0.04489	0.08389	0.16277	0.01489	0.11552	0.05701	0.09217	0.16604	0.01694	0.01862	0.01243	0.00848	0.02954	0.00241	0.02992	0.00634	0.00493	0.00967
9	0.01761	0.06905	0.33239	0.01781	0.02495	0.07519	0.11874	0.05042	0.03402	0.12019	0.03474	0.01894	0.04107	0.00731	0.00664	0.00207	0.00890	0.00619	0.00425	0.00956
10	0.04327	0.01021	0.01324	0.01120	0.01506	0.00933	0.00897	0.02602	0.06513	0.45080	0.05120	0.13847	0.06546	0.01147	0.00721	0.00226	0.00521	0.04839	0.00751	0.00957
11	0.01362	0.00895	0.01089	0.00975	0.01233	0.00861	0.00765	0.08893	0.04272	0.10617	0.39283	0.04652	0.15538	0.01318	0.00771	0.00219	0.00421	0.05375	0.00714	0.00748
12	0.04381	0.01478	0.01521	0.05641	0.05819	0.12932	0.02767	0.09859	0.10775	0.07080	0.11423	0.09803	0.11564	0.01083	0.00705	0.00214	0.00652	0.00904	0.00570	0.00828
13	0.01463	0.01475	0.04818	0.06918	0.11547	0.01577	0.15566	0.05369	0.05068	0.02093	0.05701	0.06378	0.01667	0.03187	0.02973	0.00275	0.20400	0.02292	0.00405	0.00829
14	0.01115	0.00891	0.01190	0.01129	0.01203	0.01067	0.00859	0.01345	0.03495	0.01766	0.07957	0.12852	0.02391	0.14149	0.20263	0.00528	0.19521	0.00926	0.06737	0.00615
15	0.00895	0.00610	0.00785	0.00885	0.00947	0.00586	0.00601	0.01046	0.01315	0.01839	0.09362	0.52147	0.04010	0.08334	0.04853	0.00329	0.00471	0.01572	0.08862	0.00552
16	0.64389	0.09360	0.01299	0.00922	0.01373	0.01565	0.00779	0.01947	0.01191	0.02772	0.00961	0.01120	0.00769	0.00605	0.00425	0.00190	0.00538	0.00366	0.00400	0.09030
17	0.01618	0.08467	0.43674	0.01682	0.02465	0.04187	0.03488	0.10853	0.01703	0.04771	0.05507	0.01660	0.01256	0.00697	0.00631	0.00198	0.00867	0.00547	0.00389	0.05337
18	0.04573	0.19312	0.17135	0.01397	0.02013	0.01620	0.03803	0.08800	0.01763	0.26348	0.05546	0.01853	0.01460	0.00742	0.00612	0.00194	0.00714	0.00581	0.00538	0.00996
19	0.01360	0.03086	0.61195	0.01762	0.02647	0.01486	0.02203	0.06062	0.01532	0.02218	0.01810	0.01952	0.08255	0.00758	0.00656	0.00213	0.00909	0.00598	0.00342	0.00956
20	0.02223	0.01399	0.03336	0.01270	0.01641	0.09821	0.01024	0.06041	0.05802	0.34567	0.06059	0.15457	0.02240	0.01087	0.00785	0.00221	0.04536	0.00887	0.00671	0.00934
21	0.08122	0.01477	0.01727	0.03486	0.01894	0.08824	0.09940	0.17210	0.01939	0.10266	0.02604	0.03053	0.12342	0.00991	0.00691	0.00215	0.00704	0.07630	0.06031	0.00851
22	0.01598	0.01632	0.02622	0.09943	0.12834	0.05885	0.21469	0.05961	0.01484	0.02025	0.01285	0.04321	0.01111	0.00941	0.02987	0.00260	0.21750	0.00692	0.00352	0.00850
23	0.01267	0.01193	0.02013	0.74806	0.04621	0.01491	0.01863	0.01714	0.01342	0.01714	0.01193	0.01789	0.00894	0.00671	0.00671	0.00224	0.00894	0.00596	0.00298	0.00745
24	0.06638	0.03872	0.02299	0.06473	0.37150	0.21029	0.01666	0.03823	0.03940	0.02099	0.01212	0.01516	0.01003	0.00666	0.00691	0.00197	0.03896	0.00538	0.00356	0.00934

[dist]
# distance from previous block
# <min> <max>
1	2

[block]
# block no. 3 follows, 32 sequences, length 41
# corresponding to MSA columns:
# 385-425
name=unknown_D
#
# <colnr> <probs for GDERKNQSTAVLIFYWHMCP>
#	G	D	E	R	K	N	Q	S	T	A	V	L	I	F	Y	W	H	M	C	P
0	0.01105	0.00972	0.01308	0.03269	0.01488	0.05226	0.08295	0.02893	0.01456	0.01924	0.08419	0.49019	0.03597	0.01616	0.00796	0.00242	0.00544	0.01475	0.00562	0.05794
1	0.07385	0.01588	0.01538	0.09108	0.01986	0.11701	0.01112	0.09852	0.32007	0.02640	0.07001	0.04365	0.01930	0.00885	0.00655	0.00213	0.00658	0.00711	0.03756	0.00910
2	0.01878	0.01065	0.03117	0.01133	0.01484	0.00967	0.00932	0.04657	0.01735	0.29491	0.17629	0.07641	0.04414	0.01336	0.05281	0.00267	0.05138	0.03703	0.00667	0.07466
3	0.02052	0.20967	0.18286	0.01563	0.02175	0.08889	0.03090	0.23405	0.02012	0.06698	0.01323	0.01434	0.00997	0.00709	0.00658	0.00191	0.03613	0.00510	0.00445	0.00983
4	0.01914	0.51656	0.05758	0.01323	0.01849	0.06374	0.01254	0.13166	0.01662	0.02041	0.01056	0.01216	0.00908	0.00669	0.00628	0.00169	0.06679	0.00427	0.00354	0.00897
5	0.00934	0.00673	0.00882	0.00855	0.00999	0.00622	0.00632	0.01226	0.01824	0.02571	0.63543	0.13689	0.06100	0.01461	0.00799	0.00219	0.00325	0.01298	0.00724	0.00622
6	0.01783	0.01493	0.01583	0.01373	0.01786	0.01691	0.01080	0.13111	0.57825	0.02983	0.02494	0.02320	0.01866	0.00875	0.00672	0.00218	0.00559	0.00719	0.00667	0.04899
7	0.01462	0.01623	0.03404	0.08287	0.03277	0.01542	0.55925	0.01970	0.01558	0.02074	0.02009	0.02377	0.09682	0.00713	0.00782	0.00226	0.01016	0.00853	0.00371	0.00851
8	0.01794	0.76823	0.03516	0.01148	0.01722	0.02655	0.01148	0.02009	0.01363	0.01579	0.00933	0.01076	0.00861	0.00574	0.00431	0.00144	0.00718	0.00359	0.00287	0.00861
9	0.01415	0.14804	0.62216	0.01794	0.02721	0.01728	0.02273	0.02107	0.01408	0.02041	0.01162	0.01364	0.00852	0.00628	0.00606	0.00202	0.00949	0.00475	0.00284	0.00971
10	0.01513	0.01322	0.01933	0.51063	0.09669	0.05820	0.01656	0.01953	0.04118	0.07411	0.01421	0.01969	0.01107	0.05330	0.00835	0.00243	0.00851	0.00622	0.00368	0.00798
11	0.81159	0.01298	0.00986	0.00882	0.01298	0.01505	0.00727	0.01972	0.01142	0.03010	0.00934	0.01090	0.00727	0.00623	0.00415	0.00208	0.00519	0.00363	0.00415	0.00727
12	0.00814	0.00598	0.00764	0.00897	0.00964	0.00548	0.00607	0.00938	0.01320	0.01727	0.04146	0.65933	0.14196	0.02044	0.00847	0.00266	0.00382	0.01836	0.00623	0.00548
13	0.01283	0.01209	0.02041	0.71978	0.07327	0.01495	0.01871	0.01728	0.01349	0.01733	0.01195	0.01784	0.00901	0.00668	0.00671	0.00223	0.00891	0.00596	0.00300	0.00758
14	0.01782	0.02603	0.33358	0.01829	0.04755	0.08707	0.04022	0.18132	0.08425	0.02618	0.01519	0.01813	0.01166	0.00767	0.00707	0.00214	0.02915	0.03245	0.00435	0.00990
15	0.00818	0.00584	0.00779	0.00934	0.00973	0.00545	0.00623	0.00934	0.01285	0.01713	0.03698	0.75981	0.04438	0.02102	0.00856	0.00273	0.00389	0.01908	0.00623	0.00545
16	0.00808	0.00673	0.00706	0.00714	0.00920	0.00570	0.00529	0.00987	0.01542	0.01880	0.12163	0.11859	0.60934	0.01703	0.00798	0.00229	0.00342	0.01438	0.00633	0.00570
17	0.01747	0.02088	0.11085	0.08193	0.07371	0.12069	0.33351	0.03748	0.01602	0.05204	0.01306	0.01661	0.00992	0.00660	0.00815	0.00218	0.05981	0.00655	0.00357	0.00898
18	0.02330	0.10850	0.08949	0.01354	0.01858	0.07031	0.01212	0.04576	0.10866	0.34807	0.03946	0.02009	0.01544	0.00812	0.00722	0.00205	0.04678	0.00619	0.00617	0.01018
19	0.56246	0.03647	0.06698	0.01288	0.05858	0.01630	0.01054	0.04673	0.01260	0.02750	0.00996	0.01211	0.00794	0.00689	0.00653	0.00215	0.08735	0.00422	0.00394	0.00788
20	0.01416	0.00743	0.00805	0.00753	0.00953	0.00755	0.00580	0.05908	0.01521	0.06828	0.02150	0.02443	0.01677	0.01124	0.06320	0.00236	0.00473	0.00635	0.63992	0.00687
21	0.00948	0.00683	0.00940	0.00958	0.01033	0.00749	0.00684	0.01102	0.01071	0.01498	0.02105	0.11359	0.02215	0.26209	0.44424	0.00859	0.01295	0.00929	0.00403	0.00535
22	0.01293	0.01221	0.02050	0.69040	0.07948	0.01513	0.01861	0.01729	0.01342	0.01735	0.01187	0.01773	0.00903	0.00682	0.00717	0.00224	0.03125	0.00596	0.00300	0.00761
23	0.02850	0.01350	0.01680	0.01293	0.01813	0.01301	0.01067	0.21353	0.04088	0.52297	0.02369	0.02107	0.01530	0.00826	0.00674	0.00206	0.00615	0.00658	0.00783	0.01140
24	0.05933	0.01148	0.01536	0.01182	0.01697	0.01006	0.00976	0.03221	0.01891	0.70092	0.02583	0.02239	0.01626	0.00823	0.00665	0.00208	0.00569	0.00663	0.00815	0.01126
25	0.00890	0.00681	0.00817	0.00789	0.00968	0.00607	0.00589	0.01149	0.01750	0.02351	0.46844	0.07727	0.29381	0.01510	0.00794	0.00218	0.00327	0.01306	0.00694	0.00607
26	0.02510	0.02853	0.01822	0.01630	0.01990	0.62104	0.01234	0.02699	0.01904	0.10369	0.03878	0.01483	0.01166	0.00734	0.00620	0.00179	0.01099	0.00491	0.00420	0.00817
27	0.00818	0.00584	0.00779	0.00934	0.00973	0.00545	0.00623	0.00934	0.01285	0.01713	0.03698	0.75981	0.04438	0.02102	0.00856	0.00273	0.00389	0.01908	0.00623	0.00545
28	0.01855	0.01510	0.01597	0.01378	0.01785	0.01723	0.01088	0.18761	0.52718	0.03122	0.02452	0.02298	0.01827	0.00881	0.00672	0.00219	0.00570	0.00718	0.03762	0.01063
29	0.48344	0.01358	0.01303	0.01072	0.01534	0.01474	0.00885	0.13887	0.01678	0.20534	0.01475	0.01475	0.01029	0.00706	0.00523	0.00207	0.00569	0.00482	0.00562	0.00900
30	0.01340	0.01254	0.02047	0.61660	0.11383	0.01516	0.01820	0.01897	0.06900	0.01851	0.01322	0.01832	0.01004	0.00682	0.00671	0.00221	0.00856	0.00609	0.00332	0.00803
31	0.00818	0.00584	0.00779	0.00934	0.00973	0.00545	0.00623	0.00934	0.01285	0.01713	0.03698	0.75981	0.04438	0.02102	0.00856	0.00273	0.00389	0.01908	0.00623	0.00545
32	0.00817	0.00587	0.00775	0.00926	0.00971	0.00546	0.00619	0.00935	0.01293	0.01716	0.03801	0.73669	0.06684	0.02089	0.00854	0.00271	0.00388	0.01891	0.00623	0.00546
33	0.05168	0.01515	0.01657	0.01362	0.01812	0.01658	0.01092	0.26815	0.30228	0.15610	0.02236	0.02152	0.01622	0.03047	0.00747	0.00226	0.00614	0.00681	0.00687	0.01072
34	0.01295	0.01080	0.01009	0.00931	0.01191	0.09630	0.00709	0.04738	0.01749	0.07712	0.18189	0.07208	0.39210	0.01413	0.00756	0.00216	0.00481	0.01174	0.00631	0.00678
35	0.01195	0.00846	0.01288	0.04879	0.07270	0.00939	0.00989	0.01453	0.01192	0.07266	0.01800	0.02536	0.01609	0.06132	0.56401	0.00883	0.01541	0.00707	0.00393	0.00682
36	0.65175	0.01321	0.01301	0.01081	0.01530	0.01459	0.06474	0.02143	0.01272	0.11319	0.01175	0.01293	0.00863	0.00643	0.00478	0.00209	0.00576	0.00436	0.00459	0.00791
37	0.01584	0.01810	0.03959	0.02828	0.03507	0.01697	0.69796	0.02149	0.01584	0.02149	0.01357	0.01810	0.01018	0.00566	0.00792	0.00226	0.01131	0.00792	0.00339	0.00905
38	0.81159	0.01298	0.00986	0.00882	0.01298	0.01505	0.00727	0.01972	0.01142	0.03010	0.00934	0.01090	0.00727	0.00623	0.00415	0.00208	0.00519	0.00363	0.00415	0.00727
39	0.01178	0.00779	0.01109	0.09732	0.01526	0.00830	0.00856	0.01379	0.01251	0.08637	0.03931	0.17629	0.02461	0.16506	0.25993	0.00603	0.00999	0.03495	0.00478	0.00625
40	0.64814	0.01693	0.01176	0.01058	0.01459	0.16513	0.00845	0.02119	0.01300	0.02726	0.00956	0.01115	0.00755	0.00637	0.00455	0.00200	0.00663	0.00378	0.00401	0.00737

[dist]
# distance from previous block
# <min> <max>
0	1

[block]
# block no. 4 follows, 32 sequences, length 40
# corresponding to MSA columns:
# 435-474
name=unknown_E
#
# <colnr> <probs for GDERKNQSTAVLIFYWHMCP>
#	G	D	E	R	K	N	Q	S	T	A	V	L	I	F	Y	W	H	M	C	P
0	0.01440	0.01371	0.02316	0.42694	0.33267	0.01551	0.01935	0.01858	0.01412	0.01915	0.01213	0.01725	0.00966	0.00654	0.00712	0.00215	0.02967	0.00597	0.00312	0.00880
1	0.08867	0.01186	0.01646	0.01327	0.01752	0.01143	0.11290	0.07154	0.06238	0.23063	0.03326	0.03536	0.18926	0.01074	0.00720	0.00224	0.00608	0.06412	0.00630	0.00879
2	0.44358	0.06769	0.01630	0.01291	0.01660	0.18104	0.04075	0.02099	0.01335	0.02389	0.00970	0.01196	0.00799	0.00702	0.00702	0.00207	0.10159	0.00426	0.00372	0.00756
3	0.05060	0.01566	0.02796	0.08288	0.05157	0.03709	0.33228	0.01892	0.01383	0.01965	0.01319	0.01952	0.01117	0.01122	0.06866	0.00309	0.17985	0.03136	0.00341	0.00812
4	0.08448	0.01216	0.01363	0.01005	0.01573	0.00992	0.00804	0.01819	0.05255	0.02294	0.01256	0.01427	0.01029	0.00531	0.00500	0.00116	0.00501	0.00415	0.00415	0.69043
5	0.02154	0.01483	0.01653	0.01347	0.01786	0.01596	0.01094	0.35031	0.16862	0.13112	0.08225	0.02653	0.05133	0.00964	0.00701	0.00214	0.00613	0.03649	0.00697	0.01033
6	0.01641	0.01575	0.02689	0.07576	0.68926	0.01589	0.02050	0.02042	0.01519	0.02169	0.01259	0.01667	0.01055	0.00601	0.00665	0.00200	0.00802	0.00598	0.00330	0.01047
7	0.01468	0.01468	0.02055	0.01762	0.01762	0.02055	0.01468	0.01615	0.01028	0.01615	0.00881	0.01468	0.00881	0.01174	0.02202	0.00294	0.75191	0.00587	0.00294	0.00734
8	0.02055	0.01633	0.01734	0.01444	0.01892	0.01849	0.01155	0.32638	0.41320	0.03429	0.02241	0.02113	0.01651	0.00864	0.00678	0.00216	0.00622	0.00691	0.00678	0.01097
9	0.01322	0.01167	0.01521	0.01158	0.01642	0.00993	0.06523	0.01707	0.05216	0.02179	0.06834	0.04749	0.07806	0.00776	0.00662	0.00150	0.03662	0.00657	0.00455	0.50820
10	0.01487	0.01514	0.01939	0.07752	0.01968	0.07922	0.01422	0.01670	0.01132	0.01620	0.01014	0.01592	0.00962	0.01487	0.09266	0.00358	0.55277	0.00588	0.00305	0.00725
11	0.02503	0.01856	0.01987	0.01534	0.02063	0.02058	0.01264	0.66390	0.06839	0.04152	0.01672	0.01659	0.01190	0.00811	0.00672	0.00203	0.00727	0.00612	0.00672	0.01137
12	0.00825	0.00609	0.00772	0.00883	0.00964	0.00556	0.00604	0.00968	0.01379	0.01813	0.10057	0.58061	0.16111	0.01971	0.00840	0.00259	0.00375	0.01764	0.00633	0.00556
13	0.01584	0.01810	0.03959	0.02828	0.03507	0.01697	0.69796	0.02149	0.01584	0.02149	0.01357	0.01810	0.01018	0.00566	0.00792	0.00226	0.01131	0.00792	0.00339	0.00905
14	0.00818	0.00584	0.00779	0.00934	0.00973	0.00545	0.00623	0.00934	0.01285	0.01713	0.03698	0.75981	0.04438	0.02102	0.00856	0.00273	0.00389	0.01908	0.00623	0.00545
15	0.01166	0.00583	0.00874	0.00874	0.00874	0.00583	0.00583	0.00874	0.00874	0.01166	0.01166	0.02040	0.01166	0.02331	0.02622	0.80478	0.00583	0.00583	0.00291	0.00291
16	0.01013	0.00762	0.01095	0.01008	0.01097	0.00774	0.06642	0.01124	0.01077	0.01465	0.02111	0.09729	0.02316	0.48237	0.18066	0.00673	0.00917	0.00982	0.00408	0.00503
17	0.01669	0.01441	0.01517	0.01365	0.01745	0.01669	0.01062	0.03565	0.71021	0.02807	0.02731	0.02503	0.02048	0.00910	0.00683	0.00228	0.00531	0.00759	0.00683	0.01062
18	0.01267	0.01193	0.02013	0.74806	0.04621	0.01491	0.01863	0.01714	0.01342	0.01714	0.01193	0.01789	0.00894	0.00671	0.00671	0.00224	0.00894	0.00596	0.00298	0.00745
19	0.00850	0.00619	0.00748	0.00836	0.00903	0.00574	0.00549	0.00950	0.01261	0.01636	0.03950	0.45240	0.17535	0.19433	0.01443	0.00352	0.00441	0.01590	0.00572	0.00517
20	0.02603	0.01302	0.01569	0.01227	0.01700	0.01284	0.01006	0.23056	0.03981	0.41011	0.02277	0.02117	0.01523	0.00819	0.00646	0.00199	0.00586	0.00649	0.11375	0.01071
21	0.00828	0.00592	0.00788	0.00927	0.00976	0.00552	0.00624	0.00962	0.01336	0.01794	0.09358	0.70090	0.04595	0.02042	0.00851	0.00267	0.00383	0.01850	0.00632	0.00552
22	0.00861	0.00629	0.00847	0.00987	0.01034	0.00615	0.00689	0.00995	0.01298	0.01734	0.03591	0.67783	0.04270	0.02050	0.00908	0.00276	0.02937	0.07325	0.00611	0.00557
23	0.01586	0.00902	0.01122	0.00993	0.01270	0.00863	0.00776	0.04534	0.08132	0.19423	0.32391	0.07028	0.07022	0.01193	0.00730	0.00213	0.00427	0.03259	0.07330	0.00805
24	0.01611	0.01544	0.02635	0.12959	0.63778	0.01581	0.02035	0.02016	0.01505	0.02132	0.01253	0.01677	0.01042	0.00607	0.00665	0.00202	0.00809	0.00598	0.00328	0.01023
25	0.00858	0.00652	0.00796	0.00901	0.01000	0.00611	0.00621	0.01083	0.05115	0.01794	0.04340	0.56422	0.19441	0.01947	0.00833	0.00260	0.00386	0.01735	0.00626	0.00578
26	0.25507	0.01549	0.01901	0.21535	0.22763	0.08611	0.01504	0.01981	0.01375	0.02230	0.01105	0.01470	0.00889	0.00662	0.00659	0.00210	0.04358	0.00510	0.00348	0.00834
27	0.01713	0.01956	0.19897	0.01907	0.02502	0.03471	0.22842	0.06343	0.01637	0.12997	0.01821	0.08186	0.01510	0.01053	0.04276	0.00267	0.02675	0.03577	0.00457	0.00913
28	0.01005	0.00743	0.00917	0.00925	0.01027	0.00778	0.00647	0.01306	0.08034	0.01710	0.06943	0.14457	0.07631	0.28828	0.19874	0.00596	0.00843	0.02675	0.00494	0.00569
29	0.04971	0.10741	0.37182	0.01891	0.05896	0.03598	0.08914	0.06896	0.07692	0.04008	0.01375	0.01543	0.01019	0.00662	0.00629	0.00205	0.00885	0.00544	0.00374	0.00975
30	0.00974	0.00720	0.00844	0.00822	0.01033	0.00620	0.00606	0.01176	0.01552	0.04981	0.18746	0.22175	0.33541	0.01592	0.00778	0.00223	0.00370	0.01376	0.00637	0.07236
31	0.01738	0.00824	0.01111	0.01035	0.01282	0.00735	0.00774	0.01930	0.01597	0.31239	0.08702	0.39746	0.03437	0.01516	0.00776	0.00241	0.00459	0.01341	0.00718	0.00800
32	0.01487	0.08887	0.23391	0.12357	0.09520	0.03058	0.12254	0.06529	0.01534	0.02087	0.01482	0.07864	0.01298	0.04400	0.00803	0.00233	0.00876	0.00699	0.00361	0.00879
33	0.01982	0.08354	0.02090	0.01956	0.16604	0.09394	0.04974	0.10943	0.06108	0.14423	0.12038	0.02393	0.02053	0.00842	0.00674	0.00201	0.00715	0.02754	0.00548	0.00951
34	0.01346	0.03471	0.72942	0.01912	0.02904	0.01558	0.02479	0.02125	0.01417	0.02125	0.01204	0.01417	0.00850	0.00637	0.00637	0.00212	0.00992	0.00496	0.00283	0.00992
35	0.02859	0.01305	0.01669	0.01287	0.01790	0.01250	0.01063	0.16848	0.02139	0.56035	0.02369	0.02116	0.01525	0.00838	0.00731	0.00210	0.03404	0.00657	0.00778	0.01126
36	0.01760	0.02649	0.39590	0.05263	0.08606	0.05059	0.04545	0.11757	0.03583	0.08721	0.01433	0.01592	0.01022	0.00683	0.00655	0.00209	0.00901	0.00555	0.00407	0.01009
37	0.01520	0.01088	0.01325	0.03509	0.01587	0.00877	0.00816	0.01821	0.01523	0.10928	0.10869	0.02059	0.01825	0.00676	0.00563	0.00135	0.00486	0.00560	0.04822	0.53012
38	0.01011	0.00638	0.00759	0.00759	0.00759	0.00638	0.00440	0.00957	0.00957	0.01276	0.01936	0.03949	0.02200	0.62499	0.03266	0.15649	0.00638	0.00902	0.00385	0.00385
39	0.47205	0.07924	0.04407	0.00981	0.01326	0.01386	0.00832	0.01732	0.01131	0.03816	0.01096	0.03092	0.00951	0.01052	0.00980	0.18039	0.02546	0.00466	0.00381	0.00658

[dist]
# distance from previous block
# <min> <max>
0	1

[block]
# block no. 5 follows, 32 sequences, length 12
# corresponding to MSA columns:
# 476-487
name=unknown_F
#
# <colnr> <probs for GDERKNQSTAVLIFYWHMCP>
#	G	D	E	R	K	N	Q	S	T	A	V	L	I	F	Y	W	H	M	C	P
0	0.01865	0.16869	0.02766	0.01892	0.04206	0.16012	0.22413	0.06691	0.01660	0.04599	0.01398	0.05161	0.01183	0.00742	0.00741	0.00199	0.05538	0.00645	0.04561	0.00857
1	0.00850	0.00591	0.00768	0.00904	0.00946	0.00557	0.00599	0.00967	0.01266	0.01718	0.03506	0.67027	0.04157	0.07782	0.01036	0.00296	0.00406	0.01776	0.04312	0.00538
2	0.02083	0.37246	0.02628	0.01390	0.01873	0.22281	0.01197	0.11769	0.09792	0.02104	0.01263	0.01352	0.01038	0.00678	0.00542	0.00169	0.00836	0.00459	0.00402	0.00900
3	0.10945	0.01752	0.02171	0.20823	0.31926	0.14162	0.01689	0.04998	0.01572	0.02160	0.01183	0.01546	0.00951	0.00644	0.00627	0.00202	0.00859	0.00542	0.00350	0.00899
4	0.01502	0.06291	0.01589	0.01068	0.01617	0.01100	0.00876	0.01782	0.01389	0.05528	0.01224	0.01419	0.01009	0.00566	0.00622	0.00121	0.05817	0.00422	0.00404	0.65652
5	0.01794	0.76823	0.03516	0.01148	0.01722	0.02655	0.01148	0.02009	0.01363	0.01579	0.00933	0.01076	0.00861	0.00574	0.00431	0.00144	0.00718	0.00359	0.00287	0.00861
6	0.00968	0.00694	0.00940	0.01022	0.01148	0.00666	0.00808	0.01231	0.01603	0.02173	0.27603	0.23988	0.04875	0.01747	0.00861	0.00265	0.00454	0.27686	0.00662	0.00605
7	0.00968	0.00682	0.00892	0.00892	0.00948	0.00738	0.00607	0.01079	0.01023	0.01420	0.01967	0.03578	0.02086	0.43332	0.36019	0.00849	0.01182	0.00857	0.00385	0.00496
8	0.00965	0.00692	0.00941	0.00941	0.01013	0.00764	0.00667	0.01110	0.01038	0.01456	0.01923	0.03334	0.01980	0.33419	0.45787	0.00908	0.01341	0.00821	0.00378	0.00523
9	0.01577	0.10881	0.31520	0.05123	0.02603	0.01635	0.12634	0.05052	0.07920	0.05884	0.01664	0.01822	0.04037	0.00701	0.00648	0.00204	0.00856	0.00605	0.00394	0.04239
10	0.01005	0.00705	0.00833	0.00814	0.00821	0.00748	0.00496	0.01027	0.00984	0.01334	0.02020	0.04115	0.02302	0.67921	0.07100	0.00651	0.05350	0.00938	0.00397	0.00437
11	0.01032	0.00821	0.01169	0.04960	0.01417	0.00960	0.00910	0.01385	0.05821	0.01670	0.02145	0.02805	0.06617	0.04129	0.56859	0.00883	0.04622	0.00759	0.00394	0.00641

[dist]
# distance from previous block
# <min> <max>
0	1

[block]
# block no. 6 follows, 32 sequences, length 21
# corresponding to MSA columns:
# 489-509
name=unknown_G
#
# <colnr> <probs for GDERKNQSTAVLIFYWHMCP>
#	G	D	E	R	K	N	Q	S	T	A	V	L	I	F	Y	W	H	M	C	P
0	0.01438	0.01474	0.09188	0.01127	0.01756	0.01037	0.01005	0.04262	0.04001	0.02276	0.01265	0.01443	0.01022	0.00538	0.00525	0.00120	0.00561	0.00429	0.00405	0.66127
1	0.01447	0.15591	0.53809	0.01884	0.02771	0.01757	0.09566	0.02108	0.01426	0.02036	0.01175	0.01402	0.00870	0.00619	0.00620	0.00202	0.00961	0.00505	0.00290	0.00960
2	0.01154	0.00848	0.01339	0.04792	0.01617	0.00824	0.08379	0.01412	0.01452	0.06356	0.03206	0.35533	0.03518	0.01699	0.00854	0.00274	0.00586	0.24912	0.00588	0.00657
3	0.01032	0.00817	0.01178	0.01137	0.01227	0.00990	0.00881	0.01233	0.01060	0.01538	0.01702	0.02662	0.01648	0.12240	0.56030	0.00921	0.12023	0.00728	0.00355	0.00597
4	0.44400	0.01654	0.06010	0.01621	0.13657	0.07007	0.01154	0.06115	0.01444	0.05056	0.01128	0.01306	0.00874	0.00635	0.00515	0.00197	0.00663	0.00444	0.00415	0.05705
5	0.37529	0.14886	0.01721	0.01156	0.01605	0.06383	0.00969	0.11143	0.14151	0.02792	0.01354	0.01419	0.01052	0.00694	0.00512	0.00197	0.00629	0.00470	0.00470	0.00868
6	0.01435	0.01364	0.02316	0.44651	0.33465	0.01535	0.01947	0.01861	0.01421	0.01918	0.01222	0.01734	0.00966	0.00640	0.00668	0.00213	0.00853	0.00597	0.00313	0.00881
7	0.01542	0.01303	0.01705	0.03716	0.15885	0.01352	0.01224	0.11067	0.13923	0.02441	0.02066	0.13085	0.01931	0.01015	0.00775	0.00212	0.04890	0.05981	0.00513	0.15376
8	0.81159	0.01298	0.00986	0.00882	0.01298	0.01505	0.00727	0.01972	0.01142	0.03010	0.00934	0.01090	0.00727	0.00623	0.00415	0.00208	0.00519	0.00363	0.00415	0.00727
9	0.02374	0.01792	0.01914	0.01508	0.02014	0.01998	0.01233	0.56697	0.16741	0.03944	0.01835	0.01790	0.01323	0.00826	0.00674	0.00207	0.00697	0.00635	0.00674	0.01125
10	0.00954	0.00711	0.00915	0.01020	0.01173	0.00672	0.00831	0.01194	0.01513	0.01939	0.07726	0.19012	0.21843	0.01833	0.00873	0.00276	0.00491	0.35805	0.00626	0.00593
11	0.02234	0.01016	0.01338	0.01063	0.01490	0.00871	0.00857	0.02507	0.01837	0.44892	0.18868	0.03048	0.06459	0.00967	0.00689	0.00198	0.00491	0.00810	0.00751	0.09612
12	0.01916	0.01426	0.01563	0.01194	0.01693	0.01411	0.00970	0.33887	0.02226	0.03200	0.01549	0.01672	0.01179	0.00688	0.00575	0.00157	0.00581	0.00531	0.13249	0.30334
13	0.00976	0.00651	0.00732	0.00732	0.00732	0.00651	0.00407	0.00976	0.00976	0.01301	0.02114	0.04391	0.02439	0.76419	0.03415	0.00651	0.00651	0.00976	0.00407	0.00407
14	0.02495	0.01798	0.02205	0.01674	0.02218	0.05667	0.11253	0.43605	0.02620	0.16958	0.01742	0.01748	0.01208	0.00769	0.00686	0.00205	0.00789	0.00636	0.00636	0.01087
15	0.00974	0.00661	0.00788	0.00828	0.00855	0.00657	0.00529	0.01032	0.01094	0.01450	0.02502	0.12845	0.02871	0.57209	0.02765	0.00558	0.00617	0.10851	0.00462	0.00453
16	0.01267	0.01193	0.02013	0.74806	0.04621	0.01491	0.01863	0.01714	0.01342	0.01714	0.01193	0.01789	0.00894	0.00671	0.00671	0.00224	0.00894	0.00596	0.00298	0.00745
17	0.00818	0.00584	0.00779	0.00934	0.00973	0.00545	0.00623	0.00934	0.01285	0.01713	0.03698	0.75981	0.04438	0.02102	0.00856	0.00273	0.00389	0.01908	0.00623	0.00545
18	0.00818	0.00584	0.00779	0.00934	0.00973	0.00545	0.00623	0.00934	0.01285	0.01713	0.03698	0.75981	0.04438	0.02102	0.00856	0.00273	0.00389	0.01908	0.00623	0.00545
19	0.00829	0.00606	0.00781	0.00895	0.00969	0.00557	0.00611	0.00974	0.01381	0.01833	0.11620	0.60239	0.12283	0.01975	0.00842	0.00260	0.00376	0.01775	0.00636	0.00557
20	0.02991	0.01173	0.01576	0.01209	0.01728	0.01032	0.00998	0.06088	0.01973	0.69807	0.02603	0.02255	0.01639	0.00829	0.00675	0.00207	0.00578	0.00672	0.00824	0.01142

[dist]
# distance from previous block
# <min> <max>
0	1

[block]
# block no. 7 follows, 32 sequences, length 12
# corresponding to MSA columns:
# 511-522
name=unknown_H
#
# <colnr> <probs for GDERKNQSTAVLIFYWHMCP>
#	G	D	E	R	K	N	Q	S	T	A	V	L	I	F	Y	W	H	M	C	P
0	0.01424	0.03057	0.58775	0.01806	0.02673	0.01557	0.02209	0.05536	0.08565	0.02291	0.01492	0.01834	0.01131	0.00732	0.00658	0.00218	0.00915	0.03779	0.00359	0.00988
1	0.00852	0.00661	0.00782	0.00861	0.00990	0.00604	0.00611	0.01066	0.03930	0.01833	0.07137	0.42568	0.29776	0.01875	0.00826	0.00253	0.00381	0.03788	0.00629	0.00577
2	0.01391	0.01193	0.01391	0.00994	0.01590	0.00894	0.00795	0.01690	0.01391	0.02186	0.01193	0.01391	0.00994	0.00497	0.00497	0.00099	0.00497	0.00398	0.00398	0.80521
3	0.04713	0.01119	0.01434	0.01213	0.01578	0.01104	0.04336	0.13882	0.03327	0.22104	0.05291	0.08103	0.13701	0.01461	0.05982	0.00289	0.00661	0.08180	0.00653	0.00869
4	0.01095	0.00911	0.01339	0.01374	0.05850	0.01098	0.01006	0.01314	0.01106	0.01605	0.01749	0.02545	0.03535	0.07215	0.50372	0.00831	0.15337	0.00718	0.00355	0.00644
5	0.01004	0.00646	0.00792	0.00850	0.00951	0.00643	0.00601	0.01254	0.03288	0.02035	0.09457	0.34587	0.03374	0.05587	0.07993	0.00329	0.00514	0.01266	0.24239	0.00590
6	0.47656	0.01592	0.01400	0.01368	0.07933	0.10019	0.00986	0.07688	0.04937	0.04563	0.01179	0.01316	0.00912	0.00656	0.00506	0.00197	0.00644	0.00442	0.00443	0.05565
7	0.01805	0.01724	0.02354	0.13709	0.35396	0.11354	0.05750	0.07475	0.03841	0.04435	0.01386	0.01708	0.01094	0.00661	0.00657	0.00200	0.00845	0.00596	0.04053	0.00956
8	0.05406	0.01158	0.01381	0.01103	0.01507	0.01109	0.00885	0.01719	0.05435	0.02114	0.01545	0.01826	0.03820	0.01173	0.08673	0.00253	0.11387	0.00527	0.03755	0.45222
9	0.06421	0.01627	0.04932	0.13942	0.28176	0.01699	0.08432	0.12238	0.05039	0.02445	0.01329	0.01669	0.01048	0.00706	0.00799	0.00217	0.07321	0.00607	0.00395	0.00959
10	0.01318	0.06079	0.23032	0.05366	0.02307	0.01328	0.13397	0.05766	0.01583	0.02178	0.09510	0.14741	0.04461	0.01059	0.00731	0.00227	0.00766	0.04882	0.00452	0.00818
11	0.05851	0.01299	0.01620	0.01255	0.01768	0.01240	0.01034	0.15882	0.04796	0.54358	0.02389	0.02119	0.01542	0.00821	0.00665	0.00207	0.00599	0.00653	0.00779	0.01123

[dist]
# distance from previous block
# <min> <max>
3	10

[block]
# block no. 8 follows, 32 sequences, length 18
# corresponding to MSA columns:
# 533-541,593-601
name=unknown_I
#
# <colnr> <probs for GDERKNQSTAVLIFYWHMCP>
#	G	D	E	R	K	N	Q	S	T	A	V	L	I	F	Y	W	H	M	C	P
0	0.00948	0.00678	0.00870	0.01018	0.01068	0.00622	0.00678	0.01029	0.01359	0.01825	0.03769	0.74678	0.04484	0.02154	0.00903	0.00293	0.00433	0.01919	0.00659	0.00611
1	0.01566	0.01201	0.01430	0.01277	0.01521	0.01329	0.00985	0.17592	0.09999	0.02482	0.05320	0.02914	0.04930	0.10696	0.28467	0.00610	0.05505	0.00804	0.00541	0.00832
2	0.01829	0.05203	0.23908	0.05325	0.09023	0.03521	0.01593	0.12253	0.01749	0.13105	0.02925	0.01862	0.01265	0.05639	0.00815	0.00224	0.00782	0.00583	0.00459	0.07935
3	0.00871	0.00654	0.00815	0.00885	0.01013	0.00597	0.00652	0.01068	0.01510	0.01981	0.18829	0.34378	0.22512	0.01812	0.00835	0.00252	0.00389	0.09723	0.00647	0.00578
4	0.00938	0.00725	0.01020	0.01166	0.03983	0.00764	0.00804	0.01097	0.01255	0.01715	0.03076	0.52411	0.03566	0.02404	0.12129	0.00396	0.06600	0.04811	0.00544	0.00593
5	0.05456	0.05590	0.01548	0.01152	0.01572	0.01206	0.00945	0.12828	0.04086	0.34545	0.18424	0.02715	0.02597	0.01066	0.03008	0.00232	0.00582	0.00762	0.00717	0.00970
6	0.01377	0.01114	0.01206	0.01101	0.01410	0.01196	0.00850	0.02521	0.39643	0.05009	0.15541	0.03899	0.20003	0.01181	0.00728	0.00224	0.00449	0.00995	0.00683	0.00869
7	0.01301	0.00915	0.01050	0.00947	0.01199	0.00917	0.00730	0.07385	0.12457	0.06118	0.33272	0.04173	0.15543	0.01216	0.00723	0.00209	0.00400	0.01035	0.09657	0.00754
8	0.01879	0.02120	0.06280	0.15251	0.17739	0.24099	0.01623	0.09062	0.01721	0.02070	0.01350	0.01657	0.03209	0.00756	0.00804	0.00207	0.08365	0.00566	0.00368	0.00873
9	0.01536	0.02207	0.23520	0.02950	0.26209	0.01637	0.24838	0.02090	0.01494	0.02135	0.01262	0.01632	0.00979	0.00622	0.00762	0.00216	0.03987	0.00633	0.00319	0.00976
10	0.00839	0.00695	0.00744	0.00769	0.00984	0.00600	0.00602	0.01032	0.01532	0.01844	0.06276	0.06636	0.61027	0.01724	0.00814	0.00240	0.00385	0.12062	0.00622	0.00575
11	0.01078	0.00917	0.01379	0.13168	0.15422	0.00941	0.01116	0.01340	0.01408	0.01875	0.06935	0.25225	0.14367	0.01723	0.07159	0.00311	0.00668	0.03777	0.00498	0.00693
12	0.03424	0.04926	0.17865	0.07861	0.05046	0.03027	0.04632	0.16328	0.04947	0.08537	0.01875	0.08869	0.03135	0.00879	0.00697	0.00213	0.02269	0.00726	0.03815	0.00928
13	0.01885	0.02187	0.01619	0.01489	0.01712	0.41820	0.01128	0.02056	0.01525	0.01589	0.01296	0.01859	0.01199	0.08412	0.18537	0.00445	0.09629	0.00566	0.00348	0.00698
14	0.00895	0.00623	0.00786	0.00863	0.00893	0.00615	0.00552	0.00975	0.01139	0.01529	0.02875	0.39880	0.03367	0.33118	0.08348	0.00500	0.00622	0.01417	0.00510	0.00492
15	0.04950	0.06459	0.19838	0.04186	0.19908	0.08281	0.07292	0.08047	0.01658	0.05110	0.01571	0.04820	0.03456	0.00742	0.00653	0.00205	0.00851	0.00635	0.00393	0.00944
16	0.07974	0.04933	0.05361	0.09472	0.07741	0.10086	0.08470	0.14355	0.01877	0.15454	0.01639	0.01947	0.01238	0.00756	0.00651	0.00206	0.00804	0.03555	0.02541	0.00940
17	0.42882	0.04042	0.01201	0.06964	0.04383	0.01293	0.00873	0.01735	0.04140	0.02450	0.01809	0.21988	0.01843	0.01046	0.00580	0.00225	0.00533	0.00836	0.00466	0.00711

[dist]
# distance from previous block
# <min> <max>
2	19

[block]
# block no. 9 follows, 32 sequences, length 40
# corresponding to MSA columns:
# 622-661
name=unknown_J
#
# <colnr> <probs for GDERKNQSTAVLIFYWHMCP>
#	G	D	E	R	K	N	Q	S	T	A	V	L	I	F	Y	W	H	M	C	P
0	0.07516	0.10476	0.11853	0.04976	0.20451	0.05649	0.07240	0.05184	0.05578	0.10514	0.01446	0.01624	0.01094	0.00659	0.00622	0.00197	0.00796	0.00560	0.00421	0.03146
1	0.06750	0.21730	0.20396	0.01538	0.06531	0.03290	0.03308	0.02055	0.05012	0.04937	0.01691	0.03960	0.05669	0.00735	0.00578	0.00183	0.00728	0.00576	0.00387	0.09947
2	0.02604	0.01752	0.10521	0.01436	0.02021	0.01538	0.01297	0.32502	0.02402	0.33894	0.02014	0.01881	0.01333	0.00796	0.00669	0.00205	0.00696	0.00622	0.00693	0.01123
3	0.04698	0.01236	0.08824	0.04237	0.07789	0.01022	0.05069	0.01723	0.04589	0.08362	0.07176	0.13448	0.13311	0.03630	0.00842	0.00252	0.00610	0.11874	0.00546	0.00764
4	0.04032	0.04249	0.17461	0.20572	0.17433	0.05313	0.11207	0.03933	0.03879	0.02119	0.02733	0.01699	0.01087	0.00657	0.00663	0.00210	0.00898	0.00598	0.00346	0.00909
5	0.00895	0.00621	0.00771	0.00843	0.00877	0.00597	0.00535	0.00983	0.01216	0.01636	0.09473	0.39859	0.03795	0.32587	0.01902	0.00422	0.00490	0.01459	0.00545	0.00496
6	0.01166	0.00583	0.00874	0.00874	0.00874	0.00583	0.00583	0.00874	0.00874	0.01166	0.01166	0.02040	0.01166	0.02331	0.02622	0.80478	0.00583	0.00583	0.00291	0.00291
7	0.04771	0.01515	0.02027	0.04810	0.21036	0.05161	0.06247	0.13764	0.10531	0.06144	0.01921	0.09594	0.03122	0.00936	0.00789	0.02388	0.03038	0.00773	0.00498	0.00935
8	0.19684	0.05497	0.09210	0.12346	0.06224	0.03569	0.01298	0.13161	0.03601	0.10067	0.01666	0.01889	0.04094	0.04096	0.00723	0.00226	0.00710	0.00582	0.00472	0.00885
9	0.01267	0.01193	0.02013	0.74806	0.04621	0.01491	0.01863	0.01714	0.01342	0.01714	0.01193	0.01789	0.00894	0.00671	0.00671	0.00224	0.00894	0.00596	0.00298	0.00745
10	0.04760	0.02113	0.30680	0.15979	0.09740	0.01387	0.06371	0.01941	0.01487	0.04326	0.09967	0.02037	0.01619	0.00736	0.00661	0.00211	0.00819	0.00638	0.03648	0.00880
11	0.01835	0.01554	0.09738	0.01665	0.11422	0.01359	0.01271	0.19025	0.07637	0.13335	0.02832	0.04924	0.14307	0.03278	0.00785	0.00228	0.00645	0.02624	0.00586	0.00950
12	0.01303	0.01219	0.02052	0.63829	0.12000	0.01472	0.01852	0.01739	0.01371	0.01780	0.01300	0.02020	0.01039	0.00713	0.00681	0.00225	0.00872	0.03442	0.00315	0.00775
13	0.01007	0.00787	0.00925	0.00873	0.01078	0.00756	0.00660	0.01500	0.11163	0.02481	0.45833	0.05043	0.22576	0.01393	0.00777	0.00217	0.00352	0.01204	0.00701	0.00674
14	0.00940	0.00734	0.01088	0.01135	0.01230	0.00724	0.05259	0.01114	0.01323	0.01770	0.03355	0.55613	0.03915	0.03938	0.00992	0.00286	0.03796	0.11618	0.00583	0.00584
15	0.01241	0.01126	0.01555	0.01341	0.01463	0.01377	0.05075	0.01443	0.01272	0.01849	0.06310	0.03103	0.18422	0.03807	0.01534	0.00265	0.37088	0.00850	0.10205	0.00674
16	0.02494	0.01561	0.01741	0.01353	0.01839	0.01658	0.01112	0.46708	0.02665	0.19293	0.01913	0.01870	0.01328	0.00808	0.00647	0.00197	0.00649	0.00622	0.10463	0.01078
17	0.00823	0.00681	0.00721	0.00711	0.00925	0.00579	0.00533	0.01021	0.01600	0.01980	0.19229	0.06181	0.59425	0.01637	0.00793	0.00224	0.00335	0.01377	0.00645	0.00579
18	0.01112	0.00779	0.00935	0.00866	0.01088	0.00725	0.00659	0.01515	0.07517	0.07446	0.43075	0.05013	0.23945	0.01386	0.00775	0.00216	0.00359	0.01194	0.00708	0.00686
19	0.02441	0.03099	0.02048	0.01807	0.02176	0.68591	0.06179	0.02642	0.01879	0.01678	0.01060	0.01253	0.00875	0.00682	0.00618	0.00177	0.01204	0.00458	0.00345	0.00787
20	0.01258	0.00681	0.00715	0.00690	0.00861	0.00681	0.00522	0.04096	0.01541	0.02593	0.11826	0.02816	0.02337	0.00864	0.00521	0.00166	0.00329	0.00706	0.66149	0.00646
21	0.06166	0.01228	0.01583	0.01219	0.01736	0.01126	0.01007	0.10426	0.02022	0.62443	0.02465	0.02162	0.01566	0.00819	0.00664	0.00207	0.00587	0.00654	0.00796	0.01125
22	0.01018	0.00704	0.00889	0.00937	0.01067	0.00669	0.00666	0.01318	0.06445	0.05669	0.18900	0.45494	0.10148	0.01757	0.00815	0.00249	0.00389	0.01568	0.00663	0.00634
23	0.05734	0.01309	0.04541	0.01255	0.01592	0.03676	0.01064	0.16343	0.03400	0.12423	0.02710	0.09332	0.08033	0.01351	0.03311	0.00266	0.04493	0.14739	0.03593	0.00836
24	0.01300	0.00870	0.01174	0.01132	0.01351	0.00846	0.03443	0.06009	0.03341	0.08792	0.16731	0.19673	0.07248	0.01539	0.00816	0.00253	0.00511	0.21372	0.02893	0.00708
25	0.01637	0.01571	0.02682	0.08292	0.68242	0.01588	0.02048	0.02039	0.01517	0.02164	0.01258	0.01668	0.01053	0.00602	0.00665	0.00201	0.00803	0.00598	0.00330	0.01044
26	0.01960	0.25261	0.02479	0.01951	0.15789	0.29795	0.01352	0.02190	0.01604	0.01743	0.01455	0.01642	0.05971	0.00726	0.00634	0.00177	0.03566	0.00518	0.00343	0.00843
27	0.00966	0.00691	0.00937	0.00937	0.01008	0.00762	0.00662	0.01107	0.01037	0.01453	0.01927	0.03352	0.01988	0.34146	0.45071	0.00904	0.01330	0.00824	0.00379	0.00521
28	0.04126	0.10818	0.07583	0.03453	0.01713	0.07555	0.01082	0.17990	0.04301	0.02580	0.11347	0.02976	0.16295	0.01001	0.00657	0.00199	0.00634	0.00792	0.04068	0.00831
29	0.00848	0.00605	0.00813	0.00969	0.01021	0.00571	0.00675	0.00986	0.01314	0.01746	0.03682	0.68191	0.04372	0.02074	0.00864	0.00277	0.00415	0.09401	0.00622	0.00553
30	0.04492	0.01029	0.01316	0.01062	0.01489	0.00912	0.00860	0.02635	0.03972	0.49274	0.08664	0.03293	0.15947	0.01041	0.00700	0.00212	0.00503	0.00857	0.00767	0.00976
31	0.01269	0.20489	0.03941	0.01084	0.01396	0.01397	0.00939	0.01705	0.09909	0.02012	0.13927	0.09467	0.17462	0.01235	0.00796	0.00217	0.05836	0.05651	0.00528	0.00740
32	0.01581	0.25325	0.25185	0.04714	0.07151	0.01915	0.16247	0.04354	0.01513	0.02039	0.03233	0.01537	0.01074	0.00628	0.00615	0.00193	0.00892	0.00552	0.00327	0.00923
33	0.00981	0.00793	0.00888	0.00873	0.01084	0.00760	0.00657	0.01457	0.12509	0.02183	0.22014	0.13153	0.35141	0.01542	0.00786	0.00230	0.00378	0.03251	0.00661	0.00660
34	0.00894	0.00647	0.00843	0.00959	0.01041	0.00621	0.00697	0.01051	0.01322	0.01735	0.03721	0.43596	0.10764	0.09668	0.04876	0.00355	0.00531	0.15539	0.00586	0.00551
