[name]
unknown

[dist]
# distance from previous block
# <min> <max>
0	28

[block]
# block no. 0 follows, 31 sequences, length 161
# corresponding to MSA columns:
# 28-53,58-192
name=unknown_A
#
# <colnr> <probs for GDERKNQSTAVLIFYWHMCP>
#	G	D	E	R	K	N	Q	S	T	A	V	L	I	F	Y	W	H	M	C	P
0	0.01376	0.01005	0.01411	0.01472	0.04220	0.01020	0.03960	0.09512	0.01779	0.04278	0.03185	0.06388	0.03323	0.01634	0.00892	0.00292	0.00671	0.52226	0.00620	0.00736
1	0.08358	0.01492	0.01622	0.01324	0.01771	0.04444	0.01066	0.23271	0.13191	0.21857	0.02056	0.02086	0.01495	0.03380	0.07156	0.00300	0.00762	0.00651	0.00653	0.03066
2	0.04466	0.04099	0.04696	0.01501	0.02004	0.15307	0.03300	0.25929	0.02199	0.11450	0.01571	0.03687	0.01204	0.00782	0.00696	0.00191	0.03456	0.00586	0.00541	0.12335
3	0.00995	0.00663	0.00746	0.00746	0.00746	0.00663	0.00415	0.00995	0.00995	0.01327	0.02156	0.04477	0.02487	0.75957	0.03482	0.00663	0.00663	0.00995	0.00415	0.00415
4	0.01605	0.01546	0.02687	0.05916	0.58899	0.01543	0.06939	0.02002	0.01536	0.02178	0.01495	0.07728	0.01356	0.00734	0.00703	0.00212	0.00807	0.00733	0.00362	0.01019
5	0.01635	0.01487	0.02407	0.12235	0.48685	0.01466	0.01810	0.02025	0.01521	0.04256	0.01307	0.01679	0.01068	0.00607	0.00648	0.00188	0.00763	0.00575	0.00361	0.15276
6	0.01220	0.00993	0.01123	0.01120	0.01334	0.01066	0.00823	0.02152	0.31729	0.02300	0.07364	0.34029	0.08910	0.01535	0.00787	0.00250	0.00452	0.01351	0.00669	0.00794
7	0.02482	0.05777	0.01976	0.01721	0.02083	0.66693	0.01303	0.02758	0.05746	0.01738	0.01150	0.01303	0.00949	0.00713	0.00615	0.00178	0.01177	0.00457	0.00370	0.00812
8	0.01582	0.04232	0.01567	0.01522	0.09732	0.01319	0.01055	0.05033	0.26865	0.08353	0.19932	0.05225	0.05492	0.01214	0.03578	0.00254	0.00577	0.00898	0.00647	0.00922
9	0.01782	0.01555	0.02612	0.11761	0.49220	0.01599	0.05682	0.04225	0.01605	0.08276	0.01402	0.01763	0.01109	0.00667	0.00748	0.00212	0.03733	0.00627	0.00388	0.01034
10	0.01314	0.01059	0.01368	0.09718	0.07648	0.04930	0.03716	0.01590	0.01651	0.08589	0.17504	0.10674	0.24943	0.01300	0.00767	0.00224	0.00555	0.01128	0.00588	0.00734
11	0.00984	0.00687	0.00875	0.00880	0.00925	0.00730	0.00580	0.01076	0.01042	0.01433	0.02085	0.05860	0.02265	0.48264	0.28608	0.00810	0.01078	0.00927	0.00403	0.00489
12	0.05076	0.01404	0.02132	0.04870	0.09918	0.01390	0.13842	0.07196	0.09327	0.19350	0.02011	0.08029	0.01593	0.00848	0.00738	0.00215	0.02620	0.00766	0.00559	0.08117
13	0.01680	0.01621	0.02819	0.11099	0.54200	0.01647	0.09770	0.04796	0.01612	0.02264	0.01305	0.01722	0.01064	0.00622	0.00693	0.00209	0.00860	0.00632	0.00350	0.01035
14	0.02030	0.01505	0.01757	0.04611	0.09827	0.05552	0.01181	0.12351	0.14235	0.15836	0.01999	0.02008	0.03313	0.00757	0.00643	0.00186	0.00652	0.00618	0.00574	0.20365
15	0.34454	0.01489	0.03760	0.04222	0.03736	0.03190	0.01063	0.10624	0.07930	0.20768	0.01680	0.01676	0.01182	0.00742	0.00577	0.00213	0.00627	0.00540	0.00575	0.00952
16	0.01717	0.01593	0.04281	0.01824	0.06457	0.01458	0.17899	0.15867	0.06123	0.02714	0.05362	0.01863	0.01420	0.00675	0.00660	0.00178	0.00741	0.00632	0.00478	0.28056
17	0.01337	0.05637	0.19171	0.01907	0.16803	0.03309	0.01484	0.01836	0.03852	0.02406	0.31108	0.03069	0.03331	0.00967	0.00712	0.00209	0.00653	0.00839	0.00512	0.00860
18	0.01026	0.00970	0.06513	0.01009	0.01225	0.00790	0.00813	0.03982	0.05443	0.02190	0.20218	0.32544	0.15550	0.03411	0.00874	0.00254	0.00447	0.01437	0.00637	0.00667
19	0.01788	0.01513	0.01596	0.01410	0.01812	0.01742	0.01104	0.09969	0.63979	0.03001	0.02675	0.02465	0.01999	0.00918	0.00695	0.00229	0.00562	0.00758	0.00695	0.01091
20	0.01438	0.03619	0.15077	0.01282	0.01923	0.01184	0.03127	0.03753	0.03397	0.02240	0.01560	0.01737	0.04678	0.00642	0.00617	0.00147	0.02780	0.00511	0.00403	0.49884
21	0.01804	0.72300	0.07429	0.01214	0.01823	0.02645	0.01246	0.02055	0.01393	0.01641	0.00967	0.01117	0.00877	0.00589	0.00451	0.00150	0.00747	0.00374	0.00292	0.00885
22	0.01856	0.01867	0.01552	0.01399	0.01703	0.24820	0.01079	0.04660	0.21962	0.04223	0.06900	0.02468	0.06502	0.01197	0.05099	0.00263	0.05929	0.00712	0.04956	0.00853
23	0.00941	0.00995	0.07496	0.01060	0.05076	0.00739	0.00818	0.01186	0.01530	0.01960	0.12703	0.14396	0.41450	0.05449	0.00934	0.00255	0.00454	0.01328	0.00588	0.00642
24	0.00978	0.00729	0.01081	0.01081	0.01197	0.00845	0.00832	0.01210	0.01094	0.01575	0.01849	0.02781	0.01751	0.08818	0.69613	0.01077	0.01772	0.00747	0.00369	0.00601
25	0.01188	0.00594	0.00891	0.00891	0.00891	0.00594	0.00594	0.00891	0.00891	0.01188	0.01188	0.02080	0.01188	0.02377	0.02674	0.80095	0.00594	0.00594	0.00297	0.00297
26	0.01719	0.07530	0.02780	0.06707	0.60945	0.04331	0.01990	0.02105	0.01551	0.02146	0.01249	0.01635	0.01053	0.00614	0.00657	0.00199	0.00826	0.00584	0.00334	0.01044
27	0.01666	0.01699	0.02893	0.13585	0.44601	0.05359	0.15940	0.02103	0.01563	0.02129	0.01285	0.01719	0.01040	0.00618	0.00702	0.00211	0.00919	0.00642	0.00336	0.00990
28	0.00911	0.00676	0.00905	0.00990	0.01042	0.00700	0.00688	0.01040	0.01231	0.01668	0.03194	0.49037	0.05532	0.11292	0.13447	0.00462	0.04537	0.01544	0.00546	0.00559
29	0.36072	0.01492	0.01444	0.03895	0.03923	0.05282	0.01030	0.11359	0.12817	0.10965	0.01675	0.01872	0.01278	0.00787	0.00581	0.00217	0.00630	0.03222	0.00549	0.00911
30	0.01540	0.03773	0.01563	0.01443	0.09534	0.01041	0.03057	0.05561	0.01776	0.11254	0.25678	0.09264	0.03280	0.01031	0.00701	0.00193	0.00521	0.00906	0.00602	0.17284
31	0.01480	0.01252	0.01452	0.01043	0.01647	0.00975	0.00836	0.05246	0.01512	0.02338	0.01238	0.01430	0.01021	0.00523	0.00516	0.00107	0.00519	0.00416	0.00420	0.76027
32	0.01220	0.01123	0.09243	0.01055	0.01359	0.00868	0.00924	0.01730	0.07702	0.07411	0.52768	0.04282	0.05117	0.01235	0.00771	0.00217	0.00438	0.01076	0.00701	0.00760
33	0.00885	0.00642	0.00841	0.00952	0.00992	0.00629	0.00639	0.01000	0.01294	0.01742	0.06983	0.60308	0.04240	0.11290	0.01245	0.00323	0.03101	0.01741	0.00602	0.00550
34	0.00957	0.00680	0.00864	0.00871	0.01017	0.00618	0.00633	0.01198	0.01700	0.04022	0.40618	0.25665	0.15309	0.01650	0.00823	0.00236	0.00354	0.01459	0.00704	0.00622
35	0.01693	0.01626	0.02777	0.04199	0.71689	0.01626	0.02100	0.02100	0.01558	0.02235	0.01287	0.01693	0.01084	0.00610	0.00677	0.00203	0.00813	0.00610	0.00339	0.01084
36	0.01372	0.03539	0.72412	0.01950	0.02961	0.01589	0.02528	0.02167	0.01444	0.02167	0.01228	0.01444	0.00867	0.00650	0.00650	0.00217	0.01011	0.00506	0.00289	0.01011
37	0.01053	0.00759	0.00901	0.00867	0.00867	0.00828	0.00539	0.01070	0.01001	0.01363	0.02011	0.04134	0.02304	0.67353	0.03340	0.00621	0.09185	0.00949	0.00401	0.00453
38	0.71756	0.01430	0.01103	0.00978	0.01402	0.04509	0.00798	0.04615	0.03813	0.03051	0.01050	0.01189	0.00812	0.00656	0.00451	0.00211	0.00567	0.00397	0.00440	0.00771
39	0.01941	0.01230	0.01484	0.01117	0.01677	0.01031	0.00900	0.02421	0.09524	0.23048	0.01836	0.01819	0.01339	0.00656	0.00582	0.00149	0.00533	0.00532	0.00570	0.47613
40	0.00824	0.00694	0.00714	0.00709	0.00933	0.00584	0.00532	0.01011	0.01595	0.01932	0.12983	0.06446	0.65306	0.01701	0.00808	0.00230	0.00344	0.01424	0.00646	0.00584
41	0.01876	0.71651	0.03479	0.01209	0.01779	0.07256	0.01180	0.02093	0.01426	0.01614	0.00958	0.01106	0.00878	0.00593	0.00450	0.00148	0.00764	0.00371	0.00297	0.00872
42	0.01036	0.00774	0.01123	0.01106	0.01240	0.00895	0.00858	0.03670	0.01173	0.01678	0.01835	0.02703	0.01714	0.07085	0.68556	0.01054	0.01759	0.00737	0.00379	0.00625
43	0.00828	0.00678	0.00731	0.00751	0.00944	0.00581	0.00550	0.01007	0.01557	0.01920	0.12727	0.17368	0.54455	0.01765	0.00819	0.00237	0.00352	0.01503	0.00647	0.00581
44	0.01853	0.73997	0.03532	0.01190	0.01768	0.04994	0.01176	0.02071	0.01408	0.01612	0.00955	0.01102	0.00878	0.00589	0.00445	0.00147	0.00748	0.00368	0.00295	0.00875
45	0.00995	0.00663	0.00746	0.00746	0.00746	0.00663	0.00415	0.00995	0.00995	0.01327	0.02156	0.04477	0.02487	0.75957	0.03482	0.00663	0.00663	0.00995	0.00415	0.00415
46	0.02599	0.01956	0.02050	0.01580	0.02121	0.04238	0.01301	0.67422	0.03179	0.04233	0.01625	0.01630	0.01155	0.00818	0.00682	0.00204	0.00767	0.00611	0.00675	0.01152
47	0.01466	0.01244	0.01444	0.01036	0.01642	0.00961	0.00830	0.04460	0.01491	0.02314	0.01233	0.01428	0.01019	0.00519	0.00514	0.00106	0.00517	0.00414	0.00417	0.76945
48	0.01155	0.00845	0.00988	0.00902	0.01135	0.00800	0.00690	0.09073	0.01941	0.04408	0.38512	0.07810	0.26241	0.01452	0.00793	0.00221	0.00389	0.01244	0.00706	0.00694
49	0.01425	0.11921	0.64491	0.01860	0.02822	0.01718	0.02372	0.02153	0.01438	0.02103	0.01196	0.01404	0.00868	0.00643	0.00626	0.00209	0.00979	0.00489	0.00289	0.00996
50	0.01419	0.01216	0.01419	0.01013	0.01621	0.00912	0.00811	0.01723	0.01419	0.02229	0.01216	0.01419	0.01013	0.00507	0.00507	0.00101	0.00507	0.00405	0.00405	0.80139
51	0.01345	0.09842	0.01819	0.01414	0.01549	0.04347	0.01168	0.01546	0.01144	0.01617	0.01325	0.01969	0.01256	0.02854	0.33491	0.00632	0.31022	0.00625	0.00330	0.00704
52	0.01346	0.01308	0.01422	0.01335	0.01471	0.13454	0.01045	0.01554	0.01230	0.01607	0.01532	0.02260	0.01435	0.05472	0.45579	0.00779	0.15491	0.00664	0.00353	0.00663
53	0.00995	0.00663	0.00746	0.00746	0.00746	0.00663	0.00415	0.00995	0.00995	0.01327	0.02156	0.04477	0.02487	0.75957	0.03482	0.00663	0.00663	0.00995	0.00415	0.00415
54	0.02828	0.01111	0.01510	0.01176	0.01663	0.00964	0.00964	0.03099	0.01956	0.64173	0.10597	0.02649	0.02242	0.00910	0.00702	0.00212	0.00552	0.00751	0.00836	0.01105
55	0.01317	0.00772	0.01015	0.00924	0.01142	0.00699	0.00703	0.01610	0.01881	0.14669	0.52245	0.09887	0.07699	0.01369	0.00791	0.00220	0.00374	0.01201	0.00757	0.00726
56	0.01702	0.01470	0.01547	0.01392	0.01779	0.01702	0.01083	0.03635	0.70453	0.02862	0.02785	0.02553	0.02088	0.00928	0.00696	0.00232	0.00541	0.00773	0.00696	0.01083
57	0.01365	0.00725	0.00734	0.00701	0.00887	0.00738	0.00534	0.06200	0.01556	0.02670	0.02192	0.02489	0.01713	0.00799	0.00492	0.00163	0.00348	0.00636	0.74384	0.00673
58	0.02601	0.01916	0.02053	0.01574	0.02122	0.02122	0.01300	0.69408	0.03217	0.04312	0.01643	0.01643	0.01163	0.00821	0.00684	0.00205	0.00753	0.00616	0.00684	0.01163
59	0.01177	0.00735	0.00958	0.00888	0.01078	0.00674	0.00671	0.01483	0.01877	0.09294	0.57416	0.08644	0.05649	0.01356	0.00782	0.00215	0.00351	0.01193	0.04868	0.00690
60	0.01292	0.01216	0.02052	0.74312	0.04712	0.01520	0.01900	0.01748	0.01368	0.01748	0.01216	0.01824	0.00912	0.00684	0.00684	0.00228	0.00912	0.00608	0.00304	0.00760
61	0.00950	0.00695	0.00891	0.00851	0.01013	0.00636	0.00635	0.01252	0.01880	0.02629	0.63261	0.08079	0.11759	0.01456	0.00810	0.00219	0.00328	0.01283	0.00739	0.00636
62	0.01615	0.01845	0.04037	0.02884	0.03576	0.01730	0.69204	0.02191	0.01615	0.02191	0.01384	0.01845	0.01038	0.00577	0.00807	0.00231	0.01153	0.00807	0.00346	0.00923
63	0.00875	0.00692	0.00787	0.00770	0.00966	0.00605	0.00575	0.01107	0.01705	0.02210	0.33103	0.08330	0.42626	0.01610	0.00810	0.00226	0.00339	0.01377	0.00683	0.00605
64	0.00977	0.00733	0.01100	0.01100	0.01222	0.00855	0.00855	0.01222	0.01100	0.01588	0.01833	0.02688	0.01710	0.05131	0.73245	0.01100	0.01833	0.00733	0.00367	0.00611
65	0.02472	0.11794	0.02136	0.01686	0.02073	0.62200	0.01303	0.05212	0.01923	0.01768	0.01067	0.01233	0.00892	0.00695	0.00599	0.00174	0.01156	0.00439	0.00358	0.00817
66	0.01415	0.01143	0.01353	0.01014	0.01554	0.00875	0.00798	0.01696	0.01427	0.04860	0.01567	0.09981	0.01444	0.00708	0.00556	0.00126	0.00497	0.00593	0.00449	0.67947
67	0.00842	0.00685	0.00746	0.00750	0.00950	0.00589	0.00555	0.01040	0.01610	0.02014	0.19261	0.12792	0.52368	0.01706	0.00814	0.00232	0.00347	0.01451	0.00658	0.00589
68	0.01728	0.01483	0.01562	0.01398	0.01789	0.01714	0.01089	0.05568	0.68477	0.02904	0.02751	0.02526	0.02061	0.00925	0.00696	0.00231	0.00548	0.00769	0.00696	0.01085
69	0.01643	0.01564	0.02661	0.08646	0.64437	0.01584	0.02046	0.02049	0.01546	0.02196	0.01378	0.01949	0.01190	0.00667	0.00689	0.00209	0.00812	0.03342	0.00348	0.01044
70	0.00908	0.00666	0.00859	0.00967	0.01046	0.00641	0.00665	0.01172	0.05773	0.01963	0.13614	0.60575	0.04654	0.01957	0.00852	0.00266	0.00395	0.01767	0.00656	0.00602
71	0.00980	0.00715	0.00929	0.00870	0.01044	0.00652	0.00651	0.01294	0.01892	0.02684	0.65973	0.07742	0.06170	0.01394	0.00798	0.00213	0.00333	0.01233	0.00735	0.03695
72	0.01583	0.01079	0.01387	0.01212	0.01481	0.01145	0.02864	0.02252	0.18905	0.14488	0.25172	0.07396	0.05338	0.01224	0.00972	0.02823	0.08190	0.00972	0.00672	0.00845
73	0.01694	0.01621	0.02740	0.04116	0.69616	0.01628	0.02069	0.02145	0.03600	0.02254	0.01331	0.01719	0.01113	0.00619	0.00678	0.00204	0.00805	0.00614	0.00349	0.01084
74	0.02528	0.03145	0.01930	0.01742	0.02104	0.67901	0.01313	0.05459	0.04323	0.01821	0.01140	0.01295	0.00934	0.00717	0.00622	0.00179	0.01191	0.00459	0.00378	0.00818
75	0.00843	0.00624	0.00798	0.00914	0.00992	0.00584	0.00627	0.00979	0.01330	0.01743	0.04138	0.56569	0.15861	0.03929	0.06310	0.00339	0.00501	0.01747	0.00610	0.00560
76	0.02546	0.02013	0.02015	0.01581	0.02102	0.08529	0.01290	0.59702	0.06857	0.03992	0.01653	0.01656	0.01190	0.00817	0.00679	0.00204	0.00785	0.00609	0.00655	0.01125
77	0.01431	0.01349	0.02234	0.49887	0.23990	0.01561	0.01912	0.01955	0.05282	0.01952	0.01324	0.01827	0.01028	0.00676	0.00683	0.00221	0.00862	0.00618	0.00336	0.00872
78	0.00995	0.00663	0.00746	0.00746	0.00746	0.00663	0.00415	0.00995	0.00995	0.01327	0.02156	0.04477	0.02487	0.75957	0.03482	0.00663	0.00663	0.00995	0.00415	0.00415
79	0.01447	0.01518	0.05396	0.25142	0.22467	0.01500	0.19055	0.01911	0.01534	0.02099	0.07433	0.04332	0.01582	0.00741	0.00729	0.00222	0.00883	0.00751	0.00373	0.00885
80	0.01453	0.05946	0.55191	0.02320	0.13567	0.01645	0.06134	0.02153	0.01469	0.02157	0.01235	0.01492	0.00910	0.00637	0.00655	0.00213	0.00978	0.00533	0.00300	0.01012
81	0.02390	0.01738	0.05619	0.01421	0.01877	0.12475	0.01188	0.07251	0.17621	0.30884	0.04858	0.02181	0.01720	0.00870	0.00762	0.00215	0.04557	0.00671	0.00662	0.01038
82	0.03070	0.01164	0.01588	0.01217	0.01746	0.01006	0.01006	0.03334	0.01958	0.72163	0.02699	0.02329	0.01694	0.00847	0.00688	0.00212	0.00582	0.00688	0.00847	0.01164
83	0.00998	0.00751	0.01088	0.01078	0.01179	0.00874	0.00820	0.01207	0.01084	0.01556	0.01842	0.02882	0.01784	0.14379	0.61456	0.01013	0.04285	0.00763	0.00370	0.00590
84	0.80789	0.01323	0.01006	0.00900	0.01323	0.01535	0.00741	0.02011	0.01164	0.03070	0.00953	0.01111	0.00741	0.00635	0.00423	0.00212	0.00529	0.00370	0.00423	0.00741
85	0.56220	0.01273	0.01190	0.01000	0.01457	0.01367	0.00825	0.02429	0.01415	0.24912	0.01505	0.01496	0.01042	0.00702	0.00507	0.00212	0.00546	0.00471	0.00557	0.00875
86	0.01774	0.01302	0.01440	0.01305	0.04074	0.01426	0.00986	0.18184	0.27617	0.05024	0.09838	0.02583	0.02229	0.00912	0.00656	0.00206	0.00528	0.00749	0.18208	0.00957
87	0.00995	0.00663	0.00746	0.00746	0.00746	0.00663	0.00415	0.00995	0.00995	0.01327	0.02156	0.04477	0.02487	0.75957	0.03482	0.00663	0.00663	0.00995	0.00415	0.00415
88	0.01305	0.01229	0.02075	0.72115	0.06811	0.01523	0.01906	0.01759	0.01374	0.01763	0.01218	0.01820	0.00917	0.00682	0.00684	0.00227	0.00909	0.00608	0.00305	0.00770
89	0.02135	0.01833	0.02446	0.13260	0.12980	0.09335	0.13048	0.25041	0.02175	0.08748	0.01509	0.01727	0.01107	0.00717	0.00697	0.00210	0.00891	0.00634	0.00496	0.01010
90	0.01829	0.76368	0.03585	0.01171	0.01756	0.02707	0.01171	0.02049	0.01390	0.01610	0.00951	0.01097	0.00878	0.00585	0.00439	0.00146	0.00732	0.00366	0.00293	0.00878
91	0.80789	0.01323	0.01006	0.00900	0.01323	0.01535	0.00741	0.02011	0.01164	0.03070	0.00953	0.01111	0.00741	0.00635	0.00423	0.00212	0.00529	0.00370	0.00423	0.00741
92	0.01495	0.01475	0.02370	0.39563	0.26945	0.05173	0.06232	0.01915	0.01475	0.01937	0.01341	0.04581	0.01115	0.00709	0.00694	0.00219	0.00891	0.00664	0.00334	0.00873
93	0.00834	0.00595	0.00794	0.00953	0.00992	0.00556	0.00635	0.00953	0.01310	0.01746	0.03771	0.75510	0.04525	0.02143	0.00873	0.00278	0.00397	0.01945	0.00635	0.00556
94	0.00827	0.00622	0.00766	0.00881	0.00974	0.00562	0.00603	0.00961	0.01378	0.01774	0.04637	0.56614	0.22862	0.02031	0.00855	0.00265	0.00383	0.01808	0.00635	0.00562
95	0.01384	0.00713	0.00817	0.00767	0.00968	0.00677	0.00583	0.01686	0.01609	0.10559	0.18195	0.05518	0.05047	0.01011	0.00600	0.00184	0.00353	0.00846	0.47789	0.00696
96	0.02895	0.01145	0.01544	0.01200	0.01702	0.01005	0.00985	0.03215	0.04103	0.65639	0.07004	0.02510	0.02004	0.00884	0.00696	0.00213	0.00565	0.00725	0.00836	0.01129
97	0.80789	0.01323	0.01006	0.00900	0.01323	0.01535	0.00741	0.02011	0.01164	0.03070	0.00953	0.01111	0.00741	0.00635	0.00423	0.00212	0.00529	0.00370	0.00423	0.00741
98	0.43082	0.20624	0.01860	0.01094	0.01577	0.01921	0.00953	0.15076	0.01632	0.02902	0.01260	0.01370	0.02909	0.00690	0.00489	0.00194	0.00619	0.00448	0.00447	0.00853
99	0.01526	0.10076	0.58433	0.01954	0.06359	0.01662	0.02294	0.02217	0.01474	0.06028	0.01287	0.01474	0.00925	0.00653	0.00634	0.00209	0.00951	0.00508	0.00323	0.01011
100	0.01393	0.03395	0.66603	0.02029	0.03013	0.01601	0.08192	0.02169	0.01459	0.02169	0.01241	0.01478	0.00881	0.00644	0.00663	0.00218	0.01023	0.00531	0.00294	0.01004
101	0.27674	0.01492	0.01646	0.01449	0.05914	0.04339	0.03511	0.13940	0.03759	0.19029	0.01609	0.01662	0.01155	0.00754	0.00673	0.00210	0.04502	0.00551	0.02829	0.03302
102	0.03819	0.01349	0.01576	0.01471	0.05474	0.11016	0.05561	0.03437	0.01712	0.08961	0.24521	0.11729	0.03270	0.01165	0.00912	0.00225	0.09141	0.00966	0.02921	0.00774
103	0.00951	0.00699	0.00891	0.00843	0.01012	0.00638	0.00632	0.01258	0.01896	0.02647	0.64393	0.05269	0.13450	0.01435	0.00807	0.00217	0.00325	0.01260	0.00740	0.00638
104	0.01577	0.01507	0.02567	0.24537	0.52261	0.01595	0.02042	0.01998	0.01503	0.02094	0.01266	0.01731	0.01034	0.00631	0.00679	0.00210	0.00842	0.00609	0.00329	0.00990
105	0.00842	0.00602	0.00804	0.00963	0.01006	0.00563	0.00650	0.00968	0.01318	0.01756	0.03766	0.73311	0.04506	0.02135	0.00876	0.00279	0.00404	0.04058	0.00635	0.00558
106	0.00995	0.00663	0.00746	0.00746	0.00746	0.00663	0.00415	0.00995	0.00995	0.01327	0.02156	0.04477	0.02487	0.75957	0.03482	0.00663	0.00663	0.00995	0.00415	0.00415
107	0.01854	0.73879	0.03529	0.01191	0.01768	0.05108	0.01176	0.02072	0.01409	0.01612	0.00955	0.01102	0.00878	0.00589	0.00445	0.00147	0.00749	0.00368	0.00295	0.00875
108	0.01303	0.00916	0.01105	0.00996	0.01254	0.00901	0.00765	0.01949	0.16272	0.08561	0.44896	0.04319	0.09107	0.01247	0.00765	0.00216	0.00398	0.01081	0.00731	0.03217
109	0.06674	0.02056	0.04830	0.01712	0.02199	0.14404	0.09266	0.28048	0.10153	0.06641	0.01593	0.01688	0.01181	0.00793	0.00773	0.00213	0.05620	0.00610	0.00541	0.01005
110	0.02210	0.01722	0.01833	0.01495	0.01973	0.01939	0.01206	0.40836	0.32424	0.03682	0.02139	0.02038	0.01565	0.00868	0.00689	0.00217	0.00661	0.00684	0.00689	0.01128
111	0.01701	0.01690	0.02612	0.13911	0.57056	0.06943	0.02014	0.02097	0.01559	0.02125	0.01260	0.01677	0.01044	0.00627	0.00674	0.00205	0.00858	0.00597	0.00335	0.01016
112	0.02508	0.02271	0.01975	0.01613	0.02089	0.22913	0.01287	0.44064	0.08779	0.03411	0.01572	0.01603	0.01162	0.00797	0.00666	0.00199	0.00875	0.00578	0.00588	0.01048
113	0.00932	0.00704	0.00884	0.00931	0.01086	0.00631	0.00684	0.01133	0.01500	0.02011	0.15843	0.37732	0.15933	0.01777	0.00828	0.00248	0.00410	0.08789	0.00636	0.07308
114	0.00834	0.00595	0.00794	0.00953	0.00992	0.00556	0.00635	0.00953	0.01310	0.01746	0.03771	0.75510	0.04525	0.02143	0.00873	0.00278	0.00397	0.01945	0.00635	0.00556
115	0.01292	0.01216	0.02052	0.74312	0.04712	0.01520	0.01900	0.01748	0.01368	0.01748	0.01216	0.01824	0.00912	0.00684	0.00684	0.00228	0.00912	0.00608	0.00304	0.00760
116	0.00865	0.00645	0.00805	0.00871	0.00986	0.00585	0.00613	0.01051	0.01535	0.02041	0.22920	0.41289	0.19591	0.01851	0.00841	0.00251	0.00366	0.01643	0.00667	0.00585
117	0.00995	0.00663	0.00746	0.00746	0.00746	0.00663	0.00415	0.00995	0.00995	0.01327	0.02156	0.04477	0.02487	0.75957	0.03482	0.00663	0.00663	0.00995	0.00415	0.00415
118	0.01918	0.01707	0.02364	0.08299	0.34604	0.05455	0.03458	0.15658	0.09976	0.04577	0.01543	0.01784	0.01203	0.00728	0.00742	0.00212	0.03639	0.00628	0.00460	0.01045
119	0.76634	0.01291	0.01001	0.00898	0.01307	0.01488	0.00736	0.01974	0.01205	0.03053	0.04616	0.01320	0.01038	0.00675	0.00443	0.00212	0.00518	0.00416	0.00441	0.00736
120	0.01497	0.01497	0.02095	0.01796	0.01796	0.02095	0.01497	0.01646	0.01048	0.01646	0.00898	0.01497	0.00898	0.01197	0.02245	0.00299	0.74704	0.00599	0.00299	0.00748
121	0.01815	0.01704	0.06552	0.06599	0.27889	0.01695	0.03640	0.11818	0.23730	0.04689	0.01848	0.01975	0.01408	0.00753	0.00687	0.00216	0.00739	0.00664	0.00510	0.01069
122	0.14900	0.01363	0.01569	0.01233	0.01742	0.04067	0.01013	0.11142	0.01989	0.50549	0.02238	0.02016	0.01451	0.00806	0.00644	0.00210	0.00620	0.00621	0.00743	0.01085
123	0.02192	0.01192	0.01498	0.01109	0.01680	0.00956	0.00902	0.02478	0.01671	0.34995	0.01911	0.01845	0.01332	0.00666	0.00592	0.00153	0.00542	0.00538	0.00612	0.43137
124	0.00960	0.00699	0.00903	0.00852	0.01017	0.00642	0.00639	0.01275	0.01917	0.02697	0.68006	0.05186	0.09806	0.01416	0.00807	0.00216	0.00324	0.01248	0.00747	0.00642
125	0.01471	0.01459	0.02058	0.04382	0.01881	0.02030	0.01488	0.01635	0.01061	0.01648	0.00943	0.01551	0.00928	0.01320	0.04730	0.00325	0.69440	0.00604	0.00302	0.00744
126	0.01292	0.01216	0.02052	0.74312	0.04712	0.01520	0.01900	0.01748	0.01368	0.01748	0.01216	0.01824	0.00912	0.00684	0.00684	0.00228	0.00912	0.00608	0.00304	0.00760
127	0.01641	0.01219	0.01325	0.01192	0.01525	0.01351	0.00926	0.02999	0.46063	0.07726	0.10888	0.02842	0.02528	0.00957	0.00673	0.00217	0.00482	0.00801	0.13681	0.00963
128	0.01293	0.01130	0.01176	0.01082	0.01178	0.09692	0.02797	0.03648	0.01252	0.01593	0.03881	0.05668	0.02195	0.46853	0.07295	0.00550	0.06852	0.00894	0.00418	0.00553
129	0.01005	0.00662	0.00742	0.00742	0.00748	0.00662	0.00417	0.01016	0.01011	0.01370	0.02158	0.04408	0.02461	0.73267	0.03375	0.00645	0.00651	0.00982	0.03254	0.00423
130	0.01622	0.01328	0.01437	0.01311	0.01660	0.01500	0.01017	0.03214	0.56624	0.05224	0.06789	0.07095	0.04156	0.01067	0.00722	0.00235	0.00520	0.02773	0.00698	0.01006
131	0.02133	0.01506	0.03555	0.03901	0.10146	0.03325	0.03355	0.14751	0.07414	0.21761	0.02179	0.04252	0.05068	0.00892	0.00828	0.00215	0.07347	0.00712	0.00593	0.06067
132	0.10523	0.62586	0.03177	0.01186	0.01736	0.07952	0.01135	0.02097	0.01407	0.01774	0.00959	0.01109	0.00863	0.00600	0.00451	0.00156	0.00748	0.00372	0.00312	0.00857
133	0.10032	0.07217	0.02293	0.09158	0.18731	0.11548	0.11470	0.03956	0.01554	0.02124	0.01633	0.14056	0.01566	0.00892	0.00678	0.00215	0.00824	0.00798	0.00404	0.00850
134	0.01206	0.01002	0.01186	0.01135	0.01352	0.01057	0.00848	0.01878	0.21129	0.02149	0.05164	0.33097	0.07868	0.01479	0.00889	0.00241	0.06664	0.01266	0.00602	0.09787
135	0.01567	0.01628	0.02602	0.06357	0.10574	0.04110	0.16724	0.01861	0.01280	0.01844	0.01075	0.01608	0.00951	0.00946	0.01603	0.00265	0.43218	0.00642	0.00316	0.00829
136	0.00831	0.00683	0.00732	0.00743	0.00944	0.00583	0.00548	0.01016	0.01577	0.01946	0.14453	0.14336	0.55759	0.01739	0.00816	0.00234	0.00349	0.01476	0.00650	0.00583
137	0.04557	0.01131	0.01394	0.01142	0.01568	0.01069	0.00918	0.06624	0.10149	0.40772	0.08397	0.05237	0.11893	0.01053	0.00713	0.00219	0.00528	0.00869	0.00764	0.01003
138	0.02601	0.01916	0.02053	0.01574	0.02122	0.02122	0.01300	0.69408	0.03217	0.04312	0.01643	0.01643	0.01163	0.00821	0.00684	0.00205	0.00753	0.00616	0.00684	0.01163
139	0.00993	0.00669	0.00777	0.00777	0.00788	0.00680	0.00454	0.01015	0.01004	0.01350	0.02127	0.04319	0.02418	0.69681	0.09663	0.00702	0.00767	0.00972	0.00410	0.00432
140	0.05832	0.01864	0.01993	0.01533	0.02075	0.02057	0.01267	0.64214	0.03086	0.06748	0.01653	0.01646	0.01166	0.00815	0.00674	0.00206	0.00737	0.00609	0.00680	0.01146
141	0.01829	0.76368	0.03585	0.01171	0.01756	0.02707	0.01171	0.02049	0.01390	0.01610	0.00951	0.01097	0.00878	0.00585	0.00439	0.00146	0.00732	0.00366	0.00293	0.00878
142	0.01829	0.76368	0.03585	0.01171	0.01756	0.02707	0.01171	0.02049	0.01390	0.01610	0.00951	0.01097	0.00878	0.00585	0.00439	0.00146	0.00732	0.00366	0.00293	0.00878
143	0.01678	0.01622	0.02804	0.06300	0.66949	0.01626	0.04737	0.02092	0.01554	0.02218	0.01289	0.01703	0.01077	0.00611	0.00683	0.00205	0.00829	0.00617	0.00338	0.01067
144	0.02009	0.01622	0.01720	0.01454	0.01896	0.01845	0.01157	0.26085	0.47504	0.03357	0.02395	0.02242	0.01773	0.00892	0.00692	0.00223	0.00614	0.00720	0.00692	0.01110
145	0.00997	0.00739	0.00934	0.00879	0.01056	0.00697	0.00661	0.01395	0.05481	0.02697	0.63985	0.05064	0.10036	0.01394	0.00801	0.00217	0.00336	0.01225	0.00743	0.00664
146	0.04106	0.01284	0.01871	0.19822	0.20037	0.01355	0.01438	0.07573	0.04425	0.14932	0.05015	0.02278	0.04328	0.00798	0.00668	0.00210	0.00687	0.00687	0.07549	0.00936
147	0.00845	0.00622	0.00792	0.00902	0.00985	0.00569	0.00618	0.00995	0.01420	0.01875	0.11913	0.56785	0.15179	0.01995	0.00856	0.00263	0.00381	0.01787	0.00648	0.00569
148	0.01170	0.00594	0.00886	0.00894	0.00897	0.00592	0.00596	0.00894	0.00913	0.01217	0.01323	0.05902	0.01362	0.02365	0.02580	0.75940	0.00584	0.00664	0.00315	0.00311
149	0.01829	0.76368	0.03585	0.01171	0.01756	0.02707	0.01171	0.02049	0.01390	0.01610	0.00951	0.01097	0.00878	0.00585	0.00439	0.00146	0.00732	0.00366	0.00293	0.00878
150	0.00846	0.00695	0.00745	0.00732	0.00947	0.00593	0.00549	0.01054	0.01648	0.02058	0.21988	0.06239	0.56223	0.01655	0.00808	0.00227	0.00341	0.01396	0.00663	0.00593
151	0.08120	0.01269	0.01475	0.01115	0.01670	0.01109	0.00902	0.06169	0.06487	0.20392	0.01710	0.01720	0.01251	0.00652	0.00570	0.00153	0.00544	0.00513	0.00556	0.43620
152	0.02142	0.01799	0.01735	0.01454	0.01887	0.10027	0.01156	0.30698	0.29505	0.03304	0.02070	0.02023	0.01540	0.00848	0.00666	0.00209	0.00692	0.00660	0.06534	0.01050
153	0.01372	0.03539	0.72412	0.01950	0.02961	0.01589	0.02528	0.02167	0.01444	0.02167	0.01228	0.01444	0.00867	0.00650	0.00650	0.00217	0.01011	0.00506	0.00289	0.01011
154	0.01648	0.01896	0.13336	0.07548	0.51755	0.01632	0.02078	0.04099	0.05179	0.02290	0.01362	0.01706	0.01096	0.00643	0.00675	0.00208	0.00833	0.00602	0.00358	0.01057
155	0.01688	0.01831	0.07530	0.06531	0.16953	0.10032	0.19249	0.05757	0.03519	0.04436	0.09754	0.02373	0.05617	0.00800	0.00726	0.00214	0.00872	0.00759	0.00445	0.00911
156	0.00902	0.00694	0.00832	0.00880	0.01033	0.00636	0.00648	0.01155	0.03676	0.02057	0.19545	0.28810	0.27949	0.01782	0.00837	0.00249	0.00386	0.06662	0.00662	0.00605
157	0.01676	0.01265	0.01692	0.01454	0.03854	0.03371	0.08814	0.09839	0.06552	0.12110	0.11099	0.05600	0.14006	0.03824	0.00986	0.00245	0.07480	0.02633	0.02657	0.00844
158	0.01933	0.01705	0.03793	0.01581	0.04666	0.05815	0.03640	0.21233	0.35143	0.03073	0.02325	0.02268	0.03885	0.00872	0.00683	0.00216	0.00667	0.00713	0.04749	0.01041
159	0.01001	0.00677	0.00817	0.00817	0.00849	0.00703	0.00510	0.01064	0.01033	0.01426	0.02090	0.04029	0.02296	0.58266	0.18134	0.00737	0.00898	0.00927	0.03261	0.00464
160	0.02159	0.04835	0.12321	0.05845	0.07954	0.12957	0.01506	0.23282	0.08537	0.09159	0.01632	0.01718	0.01196	0.00756	0.00655	0.00203	0.00831	0.00584	0.02850	0.01021

[dist]
# distance from previous block
# <min> <max>
0	1

[block]
# block no. 1 follows, 31 sequences, length 36
# corresponding to MSA columns:
# 194-229
name=unknown_B
#
# <colnr> <probs for GDERKNQSTAVLIFYWHMCP>
#	G	D	E	R	K	N	Q	S	T	A	V	L	I	F	Y	W	H	M	C	P
0	0.06396	0.21152	0.38026	0.01579	0.02356	0.01826	0.01818	0.04864	0.04253	0.09685	0.01377	0.01484	0.01010	0.00672	0.00591	0.00198	0.00839	0.00497	0.00389	0.00987
1	0.01497	0.01497	0.02095	0.01796	0.01796	0.02095	0.01497	0.01646	0.01048	0.01646	0.00898	0.01497	0.00898	0.01197	0.02245	0.00299	0.74704	0.00599	0.00299	0.00748
2	0.01899	0.06899	0.08617	0.01505	0.01975	0.11268	0.03555	0.12058	0.30680	0.04484	0.02011	0.02024	0.01525	0.00993	0.03749	0.00247	0.00788	0.00646	0.04086	0.00991
3	0.01811	0.73430	0.06361	0.01202	0.01805	0.02662	0.01225	0.02053	0.01392	0.01632	0.00962	0.01111	0.00878	0.00588	0.00447	0.00149	0.00743	0.00371	0.00293	0.00883
4	0.00977	0.00733	0.01100	0.01100	0.01222	0.00855	0.00855	0.01222	0.01100	0.01588	0.01833	0.02688	0.01710	0.05131	0.73245	0.01100	0.01833	0.00733	0.00367	0.00611
5	0.00888	0.00696	0.00804	0.00777	0.00973	0.00612	0.00583	0.01136	0.01748	0.02295	0.39103	0.05848	0.38960	0.01566	0.00808	0.00223	0.00335	0.01341	0.00694	0.00612
6	0.01292	0.01216	0.02052	0.74312	0.04712	0.01520	0.01900	0.01748	0.01368	0.01748	0.01216	0.01824	0.00912	0.00684	0.00684	0.00228	0.00912	0.00608	0.00304	0.00760
7	0.03070	0.01164	0.01588	0.01217	0.01746	0.01006	0.01006	0.03334	0.01958	0.72163	0.02699	0.02329	0.01694	0.00847	0.00688	0.00212	0.00582	0.00688	0.00847	0.01164
8	0.80789	0.01323	0.01006	0.00900	0.01323	0.01535	0.00741	0.02011	0.01164	0.03070	0.00953	0.01111	0.00741	0.00635	0.00423	0.00212	0.00529	0.00370	0.00423	0.00741
9	0.06667	0.01210	0.01558	0.01215	0.01718	0.01111	0.00998	0.07604	0.04176	0.58860	0.05725	0.02360	0.01845	0.00863	0.00681	0.00212	0.00578	0.00696	0.00806	0.01117
10	0.01176	0.00876	0.01078	0.01007	0.01244	0.00850	0.00782	0.01734	0.12472	0.04391	0.41570	0.07256	0.06879	0.01335	0.00782	0.00223	0.00415	0.08460	0.00699	0.06771
11	0.02324	0.02142	0.01874	0.01557	0.01944	0.23512	0.01242	0.34488	0.02400	0.03029	0.01444	0.01598	0.01111	0.00825	0.00816	0.00202	0.09097	0.00563	0.08881	0.00949
12	0.01423	0.01200	0.01401	0.01025	0.01596	0.00931	0.00815	0.03959	0.01491	0.02297	0.03466	0.04352	0.01318	0.00607	0.00536	0.00115	0.00505	0.00496	0.00434	0.72033
13	0.01408	0.01093	0.01433	0.01222	0.01533	0.03601	0.08409	0.04146	0.09857	0.09177	0.25628	0.07441	0.17679	0.01271	0.00779	0.00226	0.00531	0.03125	0.00660	0.00782
14	0.02328	0.01594	0.01776	0.01404	0.01868	0.01711	0.01142	0.49148	0.02795	0.11257	0.10873	0.06869	0.02117	0.00983	0.00713	0.00212	0.00656	0.00788	0.00708	0.01058
15	0.04799	0.01405	0.04815	0.01312	0.05714	0.01170	0.01026	0.08090	0.06610	0.07705	0.01513	0.01639	0.01171	0.00620	0.00562	0.00146	0.00571	0.00496	0.03676	0.46958
16	0.01875	0.50071	0.03002	0.01348	0.01813	0.08788	0.01230	0.05437	0.06599	0.01845	0.01123	0.01301	0.00985	0.00720	0.00742	0.00180	0.11266	0.00448	0.00348	0.00881
17	0.01017	0.00814	0.00932	0.00935	0.01148	0.00785	0.00724	0.01495	0.11720	0.02196	0.18364	0.11647	0.32642	0.01606	0.00818	0.00244	0.00417	0.11157	0.00667	0.00671
18	0.00897	0.00663	0.00802	0.00831	0.00945	0.00614	0.00576	0.01065	0.01473	0.01955	0.22162	0.24784	0.20881	0.15495	0.03452	0.00345	0.00456	0.01424	0.00618	0.00561
19	0.00848	0.00632	0.00790	0.00882	0.00982	0.00574	0.00611	0.01010	0.01459	0.01919	0.14670	0.49823	0.19420	0.01941	0.00849	0.00258	0.00375	0.01729	0.00653	0.00574
20	0.02622	0.01883	0.02032	0.01558	0.02105	0.02072	0.01287	0.66461	0.03161	0.07337	0.01690	0.01673	0.01187	0.00822	0.00685	0.00206	0.00745	0.00619	0.00692	0.01164
21	0.80789	0.01323	0.01006	0.00900	0.01323	0.01535	0.00741	0.02011	0.01164	0.03070	0.00953	0.01111	0.00741	0.00635	0.00423	0.00212	0.00529	0.00370	0.00423	0.00741
22	0.59767	0.01420	0.01218	0.01035	0.01473	0.01620	0.00851	0.16787	0.01628	0.03317	0.01166	0.01298	0.00883	0.00684	0.00483	0.00208	0.00568	0.00437	0.04329	0.00829
23	0.00977	0.00733	0.01100	0.01100	0.01222	0.00855	0.00855	0.01222	0.01100	0.01588	0.01833	0.02688	0.01710	0.05131	0.73245	0.01100	0.01833	0.00733	0.00367	0.00611
24	0.01829	0.76368	0.03585	0.01171	0.01756	0.02707	0.01171	0.02049	0.01390	0.01610	0.00951	0.01097	0.00878	0.00585	0.00439	0.00146	0.00732	0.00366	0.00293	0.00878
25	0.24524	0.01734	0.01967	0.08245	0.23762	0.11915	0.01467	0.04945	0.01487	0.02365	0.01116	0.01443	0.00921	0.00724	0.00805	0.00217	0.10601	0.00515	0.00372	0.00876
26	0.01447	0.01240	0.01794	0.02088	0.21795	0.01303	0.04388	0.04190	0.10266	0.04111	0.04537	0.06509	0.13621	0.04538	0.03226	0.00275	0.07592	0.02530	0.03696	0.00854
27	0.00894	0.00689	0.00817	0.00800	0.00981	0.00612	0.00594	0.01142	0.01739	0.02310	0.40450	0.10922	0.32406	0.01588	0.00812	0.00226	0.00338	0.01373	0.00697	0.00612
28	0.01685	0.01728	0.02450	0.13538	0.40057	0.11694	0.05281	0.02051	0.01529	0.02006	0.01281	0.01733	0.01075	0.01040	0.06936	0.00285	0.03755	0.00606	0.00337	0.00935
29	0.01008	0.00718	0.00983	0.01126	0.01240	0.00703	0.00909	0.01249	0.01484	0.01954	0.06498	0.28875	0.04173	0.04851	0.01016	0.00313	0.00545	0.41129	0.00628	0.00599
30	0.00980	0.00724	0.01054	0.01054	0.01160	0.00830	0.00798	0.01192	0.01086	0.01554	0.01874	0.02920	0.01811	0.14323	0.64191	0.01043	0.01681	0.00767	0.00373	0.00585
31	0.01829	0.76368	0.03585	0.01171	0.01756	0.02707	0.01171	0.02049	0.01390	0.01610	0.00951	0.01097	0.00878	0.00585	0.00439	0.00146	0.00732	0.00366	0.00293	0.00878
32	0.01801	0.01397	0.01520	0.01384	0.03834	0.01559	0.01051	0.11813	0.45959	0.06360	0.02721	0.02583	0.05094	0.00924	0.00677	0.00219	0.00548	0.00761	0.08766	0.01029
33	0.01292	0.01216	0.02052	0.74312	0.04712	0.01520	0.01900	0.01748	0.01368	0.01748	0.01216	0.01824	0.00912	0.00684	0.00684	0.00228	0.00912	0.00608	0.00304	0.00760
34	0.01889	0.01478	0.01667	0.01433	0.01848	0.01650	0.03195	0.12982	0.49146	0.08153	0.04439	0.02638	0.02077	0.00943	0.00709	0.00229	0.00591	0.03170	0.00694	0.01067
35	0.01964	0.04748	0.25320	0.02214	0.12371	0.23883	0.06795	0.10528	0.01841	0.02273	0.01238	0.01459	0.00951	0.00675	0.00654	0.00200	0.01024	0.00532	0.00368	0.00963

[dist]
# distance from previous block
# <min> <max>
0	1

[block]
# block no. 2 follows, 31 sequences, length 37
# corresponding to MSA columns:
# 231-267
name=unknown_C
#
# <colnr> <probs for GDERKNQSTAVLIFYWHMCP>
#	G	D	E	R	K	N	Q	S	T	A	V	L	I	F	Y	W	H	M	C	P
0	0.01977	0.03894	0.14374	0.02680	0.29995	0.03780	0.06026	0.05469	0.06419	0.16137	0.01664	0.01813	0.01225	0.00695	0.00676	0.00209	0.00812	0.00620	0.00470	0.01066
1	0.01499	0.01403	0.05612	0.01651	0.10656	0.01260	0.05500	0.11163	0.09827	0.02594	0.12309	0.05579	0.10513	0.00961	0.00695	0.00197	0.00603	0.00836	0.00545	0.16598
2	0.01147	0.00960	0.01260	0.01100	0.01375	0.00938	0.06718	0.03936	0.12828	0.02477	0.31089	0.06439	0.24333	0.01349	0.00787	0.00225	0.00454	0.01183	0.00668	0.00735
3	0.01063	0.00790	0.01174	0.07497	0.01487	0.00791	0.05898	0.01240	0.01282	0.03426	0.02789	0.35000	0.03118	0.21036	0.03943	0.00393	0.00628	0.04219	0.03637	0.00588
4	0.02207	0.01891	0.01856	0.01599	0.03971	0.10543	0.01238	0.32937	0.30081	0.03349	0.02021	0.01961	0.01499	0.00844	0.00681	0.00212	0.00728	0.00658	0.00639	0.01084
5	0.00924	0.00677	0.00867	0.00863	0.01006	0.00620	0.00630	0.01189	0.01768	0.02445	0.50704	0.19880	0.12707	0.01587	0.00821	0.00230	0.00341	0.01405	0.00717	0.00620
6	0.02243	0.34974	0.02665	0.01489	0.01959	0.36666	0.01254	0.07925	0.01805	0.01863	0.01059	0.01208	0.00903	0.00662	0.00545	0.00166	0.00976	0.00422	0.00354	0.00861
7	0.01497	0.01497	0.02095	0.01796	0.01796	0.02095	0.01497	0.01646	0.01048	0.01646	0.00898	0.01497	0.00898	0.01197	0.02245	0.00299	0.74704	0.00599	0.00299	0.00748
8	0.56720	0.09729	0.15383	0.01136	0.01693	0.01670	0.01139	0.02046	0.01244	0.02736	0.01007	0.01176	0.00780	0.00633	0.00470	0.00206	0.00646	0.00397	0.00383	0.00809
9	0.02484	0.01465	0.01732	0.01364	0.01811	0.01543	0.01113	0.33308	0.02398	0.27162	0.04398	0.02169	0.01602	0.04320	0.02851	0.00257	0.05268	0.00682	0.03017	0.01057
10	0.01475	0.01214	0.01424	0.01020	0.01626	0.00915	0.00817	0.01778	0.01437	0.04625	0.01267	0.01450	0.01037	0.00518	0.00513	0.00105	0.00509	0.00415	0.00420	0.77433
11	0.00955	0.00699	0.00897	0.00847	0.01014	0.00640	0.00635	0.01266	0.01906	0.02672	0.66168	0.05228	0.11660	0.01425	0.00807	0.00216	0.00325	0.01254	0.00744	0.00640
12	0.01372	0.03539	0.72412	0.01950	0.02961	0.01589	0.02528	0.02167	0.01444	0.02167	0.01228	0.01444	0.00867	0.00650	0.00650	0.00217	0.01011	0.00506	0.00289	0.01011
13	0.02628	0.01873	0.02026	0.01554	0.02100	0.02057	0.01283	0.65604	0.03144	0.08217	0.01703	0.01682	0.01194	0.00823	0.00685	0.00206	0.00743	0.00620	0.00694	0.01164
14	0.01001	0.00747	0.00949	0.01010	0.01145	0.00734	0.00754	0.01392	0.08396	0.02193	0.22957	0.34502	0.07368	0.01754	0.00846	0.00260	0.00426	0.12246	0.00674	0.00646
15	0.00833	0.00622	0.00776	0.00890	0.00978	0.00564	0.00609	0.00973	0.01391	0.01809	0.07150	0.57036	0.19839	0.02020	0.00856	0.00265	0.00383	0.01803	0.00640	0.00564
16	0.00995	0.00663	0.00746	0.00746	0.00746	0.00663	0.00415	0.00995	0.00995	0.01327	0.02156	0.04477	0.02487	0.75957	0.03482	0.00663	0.00663	0.00995	0.00415	0.00415
17	0.00840	0.00605	0.00797	0.00939	0.00992	0.00562	0.00632	0.00973	0.01354	0.01807	0.07766	0.69128	0.06897	0.02087	0.00867	0.00273	0.00391	0.01887	0.00642	0.00562
18	0.01419	0.01216	0.01419	0.01013	0.01621	0.00912	0.00811	0.01723	0.01419	0.02229	0.01216	0.01419	0.01013	0.00507	0.00507	0.00101	0.00507	0.00405	0.00405	0.80139
19	0.02390	0.01819	0.01881	0.01512	0.02005	0.05729	0.01224	0.43957	0.20976	0.08274	0.01985	0.01909	0.01430	0.00845	0.00684	0.00211	0.00711	0.00653	0.00681	0.01122
20	0.80789	0.01323	0.01006	0.00900	0.01323	0.01535	0.00741	0.02011	0.01164	0.03070	0.00953	0.01111	0.00741	0.00635	0.00423	0.00212	0.00529	0.00370	0.00423	0.00741
21	0.68021	0.01420	0.01177	0.01010	0.01453	0.01631	0.00832	0.13017	0.01499	0.03272	0.01065	0.01198	0.00810	0.00665	0.00466	0.00211	0.00566	0.00411	0.00466	0.00810
22	0.00954	0.00715	0.00770	0.00753	0.00984	0.00607	0.00565	0.01142	0.01601	0.05968	0.12089	0.10146	0.57948	0.01676	0.00805	0.00231	0.00361	0.01411	0.00658	0.00616
23	0.00995	0.00663	0.00746	0.00746	0.00746	0.00663	0.00415	0.00995	0.00995	0.01327	0.02156	0.04477	0.02487	0.75957	0.03482	0.00663	0.00663	0.00995	0.00415	0.00415
24	0.00834	0.00644	0.00761	0.00837	0.00966	0.00572	0.00588	0.00992	0.01464	0.01868	0.10471	0.41159	0.32571	0.01913	0.00841	0.00253	0.00370	0.01680	0.00645	0.00572
25	0.02533	0.01883	0.02015	0.01560	0.02096	0.02090	0.01284	0.64440	0.08295	0.04202	0.01729	0.01711	0.01233	0.00829	0.00685	0.00207	0.00737	0.00628	0.00685	0.01157
26	0.03049	0.01198	0.01608	0.01233	0.01763	0.01055	0.01019	0.06264	0.02014	0.69154	0.02652	0.02298	0.01670	0.00846	0.00688	0.00211	0.00590	0.00685	0.00840	0.01164
27	0.80789	0.01323	0.01006	0.00900	0.01323	0.01535	0.00741	0.02011	0.01164	0.03070	0.00953	0.01111	0.00741	0.00635	0.00423	0.00212	0.00529	0.00370	0.00423	0.00741
28	0.76886	0.01318	0.01057	0.04504	0.01489	0.01534	0.00798	0.01998	0.01174	0.03005	0.00966	0.01146	0.00749	0.00637	0.00436	0.00212	0.00548	0.00382	0.00418	0.00742
29	0.01783	0.01564	0.01589	0.01417	0.01811	0.04548	0.01104	0.07109	0.64160	0.02892	0.02655	0.02452	0.01991	0.00914	0.00692	0.00228	0.00580	0.00752	0.00682	0.01076
30	0.01488	0.15939	0.46465	0.01916	0.02768	0.01772	0.13101	0.02128	0.01462	0.02087	0.01242	0.01491	0.00930	0.00632	0.00632	0.00204	0.00959	0.00535	0.03286	0.00959
31	0.00877	0.00697	0.00792	0.00796	0.00992	0.00611	0.00604	0.01101	0.01656	0.02114	0.24979	0.09768	0.44457	0.01669	0.00821	0.00235	0.00363	0.06200	0.00669	0.00600
32	0.01476	0.01404	0.02385	0.42143	0.35443	0.01568	0.01992	0.01909	0.01455	0.01971	0.01249	0.01764	0.00991	0.00650	0.00681	0.00217	0.00866	0.00609	0.00320	0.00909
33	0.00966	0.00736	0.00955	0.06375	0.01273	0.00701	0.00709	0.01260	0.01791	0.02457	0.52152	0.05092	0.17126	0.04347	0.00904	0.00237	0.00385	0.01216	0.00685	0.00633
34	0.01155	0.00597	0.00879	0.00891	0.00894	0.00594	0.00591	0.00899	0.00926	0.01235	0.01417	0.07708	0.01485	0.04886	0.02566	0.71339	0.00582	0.00710	0.00327	0.00321
35	0.07793	0.70700	0.03390	0.01150	0.01723	0.02619	0.01138	0.02046	0.01373	0.01720	0.00951	0.01099	0.00868	0.00589	0.00438	0.00151	0.00716	0.00366	0.00303	0.00868
36	0.02104	0.01023	0.01275	0.01063	0.01462	0.00919	0.00844	0.02495	0.08011	0.37874	0.03556	0.09599	0.16164	0.01127	0.00709	0.00214	0.00497	0.00942	0.04620	0.05504

[dist]
# distance from previous block
# <min> <max>
0	1

[block]
# block no. 3 follows, 31 sequences, length 64
# corresponding to MSA columns:
# 269-332
name=unknown_D
#
# <colnr> <probs for GDERKNQSTAVLIFYWHMCP>
#	G	D	E	R	K	N	Q	S	T	A	V	L	I	F	Y	W	H	M	C	P
0	0.00967	0.00669	0.00793	0.00822	0.00918	0.00622	0.00545	0.01084	0.01343	0.03874	0.11333	0.25648	0.18522	0.27728	0.01758	0.00393	0.00476	0.01387	0.00578	0.00540
1	0.02696	0.01500	0.01629	0.01319	0.01789	0.09886	0.01070	0.11945	0.06630	0.44139	0.02384	0.02352	0.01646	0.00873	0.00681	0.00210	0.00672	0.03397	0.04112	0.01069
2	0.73624	0.01426	0.01128	0.01088	0.04542	0.04826	0.00829	0.02048	0.01218	0.02968	0.00973	0.01143	0.00763	0.00637	0.00444	0.00210	0.00574	0.00384	0.00416	0.00759
3	0.65529	0.01207	0.00964	0.00867	0.01251	0.01373	0.00706	0.01984	0.01232	0.05087	0.01213	0.01382	0.00934	0.00668	0.00440	0.00203	0.00497	0.00423	0.13303	0.00737
