[name]
unknown

[dist]
# distance from previous block
# <min> <max>
11	50

[block]
# block no. 0 follows, 30 sequences, length 23
# corresponding to MSA columns:
# 102-124
name=unknown_A
#
# <colnr> <probs for GDERKNQSTAVLIFYWHMCP>
#	G	D	E	R	K	N	Q	S	T	A	V	L	I	F	Y	W	H	M	C	P
0	0.30080	0.01298	0.01454	0.01225	0.01609	0.03752	0.06514	0.07973	0.01622	0.10479	0.07797	0.12500	0.02033	0.01052	0.00734	0.03820	0.00609	0.00798	0.00549	0.04102
1	0.04146	0.01487	0.02782	0.14069	0.13584	0.01496	0.29552	0.01916	0.01518	0.02132	0.05082	0.05922	0.01597	0.05781	0.00985	0.00258	0.02884	0.00820	0.00390	0.03597
2	0.02038	0.02201	0.02068	0.02244	0.18251	0.28254	0.03561	0.05713	0.18593	0.02291	0.02006	0.02104	0.05964	0.00824	0.00686	0.00207	0.00898	0.00662	0.00477	0.00958
3	0.01782	0.01594	0.06436	0.05068	0.02069	0.01399	0.02967	0.23283	0.02062	0.02930	0.04874	0.04828	0.01488	0.00755	0.00633	0.00169	0.00657	0.00618	0.00517	0.35870
4	0.03952	0.01714	0.05346	0.03483	0.06597	0.07591	0.01295	0.05136	0.35859	0.08879	0.05299	0.02301	0.01869	0.00909	0.00819	0.00230	0.06383	0.00715	0.00602	0.01022
5	0.01629	0.31208	0.33256	0.01943	0.07188	0.02080	0.09442	0.02162	0.01479	0.01998	0.01165	0.01400	0.00923	0.00626	0.00600	0.00194	0.00924	0.00502	0.00306	0.00974
6	0.01406	0.06362	0.60802	0.01954	0.02904	0.01625	0.06847	0.02144	0.01489	0.02171	0.01551	0.01756	0.04497	0.00712	0.00673	0.00220	0.00994	0.00580	0.00317	0.00997
7	0.00879	0.00637	0.00837	0.00987	0.01056	0.00595	0.00692	0.01027	0.01386	0.01824	0.04074	0.62282	0.09573	0.02125	0.00894	0.00284	0.00428	0.09196	0.00647	0.00577
8	0.01082	0.00827	0.01001	0.00989	0.01170	0.00824	0.00732	0.04691	0.08786	0.02354	0.25330	0.24619	0.15223	0.01937	0.06848	0.00317	0.00528	0.01378	0.00672	0.00690
9	0.01494	0.27887	0.40639	0.01574	0.02368	0.01893	0.01877	0.02033	0.01468	0.01980	0.01811	0.01943	0.08760	0.00765	0.00608	0.00198	0.00858	0.00575	0.00336	0.00935
10	0.11388	0.01343	0.01419	0.01162	0.01569	0.01439	0.00941	0.27793	0.05397	0.12409	0.01981	0.02044	0.01444	0.00816	0.00600	0.00197	0.00566	0.00623	0.25910	0.00960
11	0.00867	0.00636	0.00817	0.00943	0.01023	0.00586	0.00652	0.01018	0.01424	0.01875	0.08662	0.58331	0.13731	0.02069	0.00880	0.00274	0.00403	0.04574	0.00655	0.00579
12	0.01839	0.01711	0.02434	0.16802	0.38766	0.06064	0.01854	0.11992	0.07111	0.02509	0.01456	0.01784	0.01151	0.00699	0.00691	0.00213	0.00844	0.00625	0.00419	0.01036
13	0.01285	0.00972	0.01072	0.00991	0.01260	0.00956	0.00757	0.14076	0.04720	0.04184	0.07033	0.18131	0.35962	0.01725	0.03371	0.00270	0.00510	0.01327	0.00660	0.00739
14	0.01649	0.01240	0.01443	0.09384	0.01932	0.01374	0.01058	0.02871	0.38755	0.09218	0.10082	0.03042	0.06874	0.01005	0.00710	0.00227	0.00545	0.00846	0.06788	0.00959
15	0.01080	0.00749	0.00914	0.00959	0.01088	0.00715	0.00669	0.03791	0.04214	0.05128	0.08560	0.43974	0.13929	0.09465	0.01128	0.00305	0.00448	0.01602	0.00647	0.00634
16	0.04207	0.04995	0.06853	0.04027	0.14290	0.15468	0.09349	0.07517	0.03702	0.14054	0.01531	0.01715	0.01148	0.00760	0.00818	0.00216	0.07290	0.00607	0.00467	0.00988
17	0.06924	0.16160	0.33333	0.01693	0.04553	0.07214	0.04152	0.03473	0.03403	0.02237	0.01342	0.01553	0.01033	0.00678	0.00594	0.00198	0.00865	0.00514	0.09149	0.00932
18	0.01773	0.05194	0.05552	0.01564	0.07252	0.04808	0.06058	0.08723	0.01678	0.11970	0.09417	0.02421	0.01916	0.04059	0.06122	0.16486	0.00793	0.00713	0.02702	0.00800
19	0.05654	0.05796	0.13772	0.08868	0.10663	0.03958	0.14923	0.12741	0.01818	0.05297	0.01382	0.01644	0.01040	0.00665	0.00670	0.00204	0.00885	0.00598	0.00421	0.09001
20	0.10267	0.05135	0.06392	0.04001	0.10566	0.10988	0.01281	0.09417	0.06517	0.07632	0.05203	0.05607	0.01609	0.00820	0.00638	0.00198	0.00730	0.00653	0.02489	0.09857
21	0.10104	0.01495	0.03719	0.04464	0.08456	0.01445	0.08883	0.11572	0.08585	0.16843	0.07114	0.02130	0.01704	0.00785	0.00675	0.00207	0.00691	0.00676	0.00582	0.09870
22	0.13664	0.06087	0.16797	0.01690	0.05788	0.10271	0.05844	0.10245	0.01801	0.09956	0.04238	0.01866	0.03737	0.00761	0.00639	0.00205	0.00817	0.00596	0.00475	0.04523

[dist]
# distance from previous block
# <min> <max>
7	46

[block]
# block no. 1 follows, 30 sequences, length 23
# corresponding to MSA columns:
# 171-193
name=unknown_B
#
# <colnr> <probs for GDERKNQSTAVLIFYWHMCP>
#	G	D	E	R	K	N	Q	S	T	A	V	L	I	F	Y	W	H	M	C	P
0	0.01322	0.01917	0.26047	0.01718	0.08687	0.01230	0.01546	0.07103	0.04836	0.02295	0.05840	0.29282	0.02672	0.01295	0.00764	0.00243	0.00698	0.01135	0.00508	0.00862
1	0.04764	0.12517	0.04786	0.01658	0.07723	0.03005	0.09177	0.04256	0.08755	0.05497	0.02092	0.10118	0.05212	0.00915	0.00702	0.00203	0.02710	0.00781	0.03662	0.11469
2	0.01709	0.01841	0.09786	0.01688	0.08248	0.13816	0.04456	0.08601	0.07463	0.04917	0.08381	0.08742	0.09076	0.03998	0.00833	0.00235	0.00754	0.00878	0.03711	0.00867
3	0.05253	0.01698	0.05844	0.05720	0.31206	0.06831	0.04340	0.08471	0.01715	0.06677	0.01654	0.07663	0.01437	0.01196	0.06950	0.00295	0.00913	0.00726	0.00439	0.00971
4	0.04067	0.01124	0.07402	0.01116	0.01393	0.00937	0.00932	0.04346	0.07508	0.05325	0.11161	0.26419	0.07198	0.04944	0.00909	0.00265	0.00523	0.06627	0.04129	0.03676
5	0.01839	0.08534	0.16111	0.01819	0.04423	0.08365	0.10647	0.10971	0.09388	0.05992	0.07685	0.04052	0.01741	0.00852	0.00775	0.00218	0.04426	0.00707	0.00489	0.00966
6	0.07387	0.13051	0.37873	0.01655	0.02416	0.08747	0.01857	0.07971	0.01674	0.02369	0.04463	0.01570	0.01177	0.00703	0.00617	0.00200	0.00900	0.00520	0.00374	0.04476
7	0.01499	0.02130	0.20136	0.01534	0.01983	0.14294	0.03897	0.01988	0.05222	0.02212	0.19343	0.02981	0.09417	0.01051	0.00905	0.00225	0.09050	0.00824	0.00486	0.00823
8	0.09764	0.24851	0.16938	0.01464	0.02087	0.03958	0.04936	0.11022	0.03926	0.04430	0.03692	0.01611	0.01227	0.00705	0.00581	0.00191	0.00774	0.00529	0.03942	0.03373
9	0.01326	0.01436	0.08638	0.49432	0.07060	0.01445	0.01786	0.01862	0.04781	0.01969	0.04769	0.06495	0.01490	0.00822	0.00706	0.00228	0.00840	0.00725	0.00376	0.03814
10	0.09556	0.02102	0.09317	0.07994	0.23141	0.13627	0.01675	0.13445	0.05782	0.04744	0.01421	0.01637	0.01092	0.00713	0.00656	0.00209	0.00869	0.00572	0.00444	0.01005
11	0.04893	0.26527	0.28170	0.01994	0.12200	0.11125	0.01839	0.02229	0.01525	0.02009	0.01136	0.01354	0.00916	0.00642	0.00584	0.00190	0.00920	0.00471	0.00317	0.00959
12	0.00976	0.00736	0.00878	0.00941	0.01083	0.00707	0.00676	0.01326	0.08053	0.02073	0.11554	0.39231	0.19414	0.01817	0.00835	0.00257	0.00404	0.04012	0.04387	0.00640
13	0.01769	0.01596	0.02531	0.06291	0.52950	0.01633	0.01892	0.11260	0.01818	0.02549	0.04123	0.05437	0.01490	0.00762	0.00707	0.00213	0.00785	0.00713	0.00424	0.01061
14	0.00978	0.00815	0.00867	0.00836	0.01079	0.00756	0.00632	0.01426	0.10836	0.02200	0.18761	0.05874	0.49239	0.01591	0.00809	0.00233	0.00376	0.01340	0.00679	0.00672
15	0.34944	0.01494	0.01358	0.01179	0.01588	0.04909	0.00943	0.13803	0.17262	0.03155	0.08447	0.02168	0.04355	0.00869	0.00602	0.00219	0.00588	0.00644	0.00578	0.00896
16	0.01560	0.00829	0.01086	0.00979	0.01229	0.00744	0.00743	0.01819	0.01825	0.21865	0.34948	0.15063	0.08854	0.04127	0.00900	0.00246	0.00429	0.01218	0.00756	0.00780
17	0.01727	0.01658	0.02832	0.04283	0.71123	0.01658	0.02142	0.02142	0.01589	0.02280	0.01313	0.01727	0.01105	0.00622	0.00691	0.00207	0.00829	0.00622	0.00345	0.01105
18	0.00880	0.00690	0.00797	0.00810	0.00987	0.00607	0.00592	0.01094	0.01663	0.02151	0.26340	0.19066	0.38357	0.01740	0.00837	0.00240	0.00356	0.01503	0.00685	0.00607
19	0.01015	0.00677	0.00761	0.00761	0.00761	0.00677	0.00423	0.01015	0.01015	0.01353	0.02199	0.04567	0.02537	0.75476	0.03552	0.00677	0.00677	0.01015	0.00423	0.00423
20	0.00909	0.00684	0.00848	0.00909	0.01050	0.00623	0.00672	0.01122	0.01600	0.02103	0.21693	0.30493	0.23626	0.01847	0.00863	0.00258	0.00398	0.09017	0.00678	0.00605
21	0.02373	0.11581	0.02119	0.01562	0.02028	0.33396	0.01247	0.17556	0.07939	0.05057	0.01425	0.01507	0.01110	0.00738	0.00622	0.00182	0.00937	0.00515	0.00481	0.07621
22	0.02099	0.05374	0.12446	0.05837	0.12865	0.05572	0.03284	0.29168	0.02234	0.05776	0.01511	0.01787	0.01164	0.04407	0.00871	0.00235	0.03215	0.00616	0.00501	0.01040

[dist]
# distance from previous block
# <min> <max>
0	2

[block]
# block no. 2 follows, 30 sequences, length 18
# corresponding to MSA columns:
# 196-213
name=unknown_C
#
# <colnr> <probs for GDERKNQSTAVLIFYWHMCP>
#	G	D	E	R	K	N	Q	S	T	A	V	L	I	F	Y	W	H	M	C	P
0	0.08298	0.16141	0.01863	0.01223	0.01619	0.10411	0.01001	0.04447	0.04613	0.05084	0.01520	0.03814	0.01351	0.05754	0.13020	0.00363	0.03363	0.00584	0.00426	0.15105
1	0.02131	0.21359	0.04972	0.01734	0.08252	0.04728	0.01378	0.30486	0.04379	0.02926	0.01426	0.01660	0.01152	0.04118	0.00872	0.00222	0.06125	0.00571	0.00494	0.01016
2	0.05192	0.04626	0.08562	0.04421	0.14298	0.01612	0.04317	0.10432	0.12130	0.06721	0.10549	0.02253	0.01944	0.00860	0.00805	0.00219	0.06048	0.00705	0.00524	0.03781
3	0.04406	0.10376	0.26745	0.01793	0.04902	0.12570	0.04294	0.08774	0.05461	0.06949	0.01528	0.01836	0.01191	0.00757	0.00653	0.00208	0.00909	0.03411	0.00430	0.02808
4	0.07919	0.01280	0.01465	0.03878	0.04035	0.03068	0.01019	0.14087	0.09953	0.18476	0.02611	0.11817	0.05899	0.01232	0.03619	0.00259	0.00644	0.00871	0.06929	0.00937
5	0.00882	0.00659	0.00821	0.00887	0.01005	0.00597	0.00624	0.01073	0.01568	0.02084	0.22926	0.40642	0.19913	0.01884	0.00857	0.00255	0.00373	0.01672	0.00681	0.00597
6	0.01682	0.02001	0.15929	0.02594	0.21682	0.05553	0.16092	0.02223	0.04587	0.07169	0.02028	0.05644	0.05627	0.00847	0.00739	0.00225	0.00883	0.03088	0.00434	0.00972
7	0.04427	0.06083	0.50654	0.02027	0.02921	0.04961	0.11654	0.05248	0.01590	0.02300	0.01265	0.01504	0.00919	0.00660	0.00669	0.00218	0.01021	0.00550	0.00329	0.01000
8	0.02903	0.01173	0.01549	0.01214	0.01717	0.01051	0.00994	0.03300	0.06897	0.61838	0.02726	0.02407	0.01761	0.00866	0.00688	0.00214	0.00572	0.00705	0.06280	0.01144
9	0.00968	0.00681	0.00855	0.00898	0.01035	0.00616	0.00640	0.01170	0.01609	0.04593	0.25117	0.36909	0.18686	0.01819	0.00850	0.00251	0.00378	0.01611	0.00693	0.00622
10	0.07531	0.20232	0.25526	0.04716	0.05456	0.16090	0.04302	0.02321	0.04061	0.02054	0.01197	0.01406	0.00944	0.00665	0.00599	0.00196	0.00948	0.00489	0.00339	0.00927
11	0.05610	0.01824	0.06489	0.02409	0.19580	0.08558	0.12173	0.06857	0.04506	0.13567	0.01628	0.01865	0.01234	0.01059	0.06006	0.00284	0.04233	0.00648	0.00472	0.00998
12	0.06130	0.00880	0.01061	0.01017	0.01243	0.00867	0.00759	0.01892	0.09649	0.13780	0.18885	0.27798	0.03843	0.01439	0.00762	0.00238	0.00437	0.01257	0.07291	0.00772
13	0.00980	0.00656	0.00807	0.00886	0.00940	0.00637	0.00591	0.01104	0.01285	0.01781	0.06132	0.34536	0.03645	0.27919	0.01795	0.00411	0.00509	0.06573	0.08279	0.00534
14	0.01874	0.07584	0.12642	0.02191	0.15629	0.05253	0.06702	0.15757	0.10192	0.04302	0.01748	0.07354	0.01462	0.00857	0.00748	0.00219	0.03262	0.00722	0.00485	0.01017
15	0.01638	0.01186	0.04099	0.01176	0.01511	0.01137	0.00953	0.10294	0.14021	0.13340	0.08542	0.11850	0.13592	0.03597	0.09458	0.00351	0.00699	0.01033	0.00656	0.00869
16	0.00902	0.00617	0.00787	0.00923	0.00986	0.00578	0.00624	0.01050	0.01362	0.01882	0.03800	0.63586	0.07118	0.02007	0.00841	0.00267	0.00393	0.01805	0.09896	0.00578
17	0.02044	0.02194	0.06729	0.05338	0.30278	0.20747	0.04013	0.07578	0.01806	0.05421	0.01344	0.01631	0.01069	0.00713	0.00750	0.00207	0.04422	0.00580	0.02150	0.00988

[dist]
# distance from previous block
# <min> <max>
0	2

[block]
# block no. 3 follows, 30 sequences, length 11
# corresponding to MSA columns:
# 216-226
name=unknown_D
#
# <colnr> <probs for GDERKNQSTAVLIFYWHMCP>
#	G	D	E	R	K	N	Q	S	T	A	V	L	I	F	Y	W	H	M	C	P
0	0.01628	0.01283	0.01455	0.01359	0.04242	0.04882	0.01018	0.10722	0.13244	0.05722	0.06155	0.02835	0.07299	0.05346	0.11981	0.00383	0.08958	0.00789	0.09859	0.00841
1	0.01117	0.00765	0.00905	0.00856	0.01092	0.00663	0.00643	0.01346	0.01700	0.08570	0.24617	0.14614	0.33676	0.01581	0.00807	0.00229	0.00383	0.01358	0.00692	0.04385
2	0.06091	0.36524	0.20549	0.01527	0.02215	0.07821	0.05780	0.02155	0.01481	0.01965	0.01102	0.01298	0.00907	0.00619	0.00546	0.00175	0.00856	0.00448	0.00323	0.07619
3	0.02573	0.08168	0.02162	0.01658	0.02133	0.33017	0.01326	0.34890	0.02570	0.03013	0.01361	0.01451	0.01039	0.00768	0.00649	0.00192	0.00981	0.00531	0.00520	0.01000
4	0.00911	0.00654	0.00864	0.00930	0.01026	0.00607	0.00652	0.01124	0.01618	0.02230	0.33341	0.44247	0.05483	0.01851	0.00861	0.00255	0.00372	0.01666	0.00701	0.00607
5	0.00941	0.00711	0.00868	0.00829	0.01014	0.00639	0.00622	0.01227	0.01865	0.02537	0.52533	0.05643	0.24969	0.01524	0.00824	0.00224	0.00336	0.01322	0.00734	0.00639
6	0.00869	0.00650	0.00810	0.00914	0.01019	0.00592	0.00643	0.01030	0.01464	0.01904	0.09991	0.49000	0.21311	0.02008	0.00872	0.00268	0.00398	0.05017	0.00657	0.00583
7	0.02792	0.01409	0.01866	0.01426	0.01961	0.01355	0.05373	0.20571	0.02315	0.45574	0.06127	0.02314	0.01809	0.00870	0.00715	0.00216	0.00662	0.00721	0.00782	0.01143
8	0.01037	0.00770	0.01152	0.01115	0.01247	0.00847	0.03763	0.01269	0.01178	0.01707	0.02091	0.09347	0.02058	0.11872	0.50393	0.00889	0.01466	0.00883	0.06302	0.00613
9	0.04091	0.01707	0.02099	0.06588	0.12132	0.09083	0.05120	0.11086	0.10314	0.05482	0.01535	0.01811	0.01222	0.01070	0.04866	0.00273	0.14492	0.00625	0.00461	0.05943
10	0.10948	0.01489	0.04368	0.05761	0.12200	0.01363	0.06334	0.10058	0.01673	0.04931	0.01440	0.04487	0.01191	0.00738	0.00676	0.02413	0.00688	0.00589	0.00447	0.28206

[dist]
# distance from previous block
# <min> <max>
3	52

[block]
# block no. 4 follows, 30 sequences, length 81
# corresponding to MSA columns:
# 280-360
name=unknown_E
#
# <colnr> <probs for GDERKNQSTAVLIFYWHMCP>
#	G	D	E	R	K	N	Q	S	T	A	V	L	I	F	Y	W	H	M	C	P
0	0.01059	0.03864	0.01183	0.01291	0.08212	0.00837	0.00832	0.03343	0.01569	0.02102	0.15694	0.42014	0.11883	0.01736	0.00827	0.00251	0.00454	0.01550	0.00626	0.00673
1	0.08997	0.06510	0.05763	0.01515	0.02030	0.11400	0.06686	0.19382	0.05087	0.07552	0.04454	0.05516	0.01523	0.00823	0.00653	0.00199	0.00775	0.00659	0.00533	0.09944
2	0.11597	0.05190	0.17002	0.04530	0.04422	0.13128	0.07574	0.18277	0.01972	0.02741	0.01501	0.01683	0.03002	0.00740	0.00644	0.00208	0.00891	0.00577	0.03369	0.00952
3	0.00862	0.00634	0.00785	0.00899	0.00973	0.00582	0.00602	0.00982	0.01353	0.01758	0.04308	0.54514	0.17335	0.09562	0.01149	0.00314	0.00422	0.01785	0.00625	0.00557
4	0.01647	0.01622	0.02889	0.08747	0.49593	0.01656	0.12864	0.02075	0.01543	0.02184	0.01329	0.01795	0.01103	0.00836	0.03725	0.00255	0.04113	0.00659	0.00344	0.01021
5	0.01819	0.04978	0.15610	0.05634	0.09762	0.08816	0.05624	0.18092	0.01974	0.02623	0.06013	0.08363	0.01696	0.00917	0.00794	0.00221	0.04893	0.00750	0.00471	0.00951
6	0.00866	0.00639	0.00804	0.00908	0.00996	0.00584	0.00622	0.01017	0.01445	0.01903	0.11908	0.53083	0.16584	0.04007	0.00943	0.00278	0.00395	0.01785	0.00655	0.00577
7	0.01191	0.00620	0.00930	0.00930	0.00943	0.00633	0.00633	0.00943	0.00930	0.01253	0.01277	0.02183	0.01265	0.02703	0.09682	0.71889	0.00732	0.00620	0.00310	0.00335
8	0.02040	0.01802	0.08763	0.04682	0.14133	0.04044	0.03003	0.17791	0.16803	0.11226	0.04098	0.02171	0.01613	0.03703	0.00811	0.00236	0.00751	0.00693	0.00578	0.01060
9	0.05770	0.01005	0.01302	0.01340	0.08382	0.00989	0.03460	0.03837	0.07465	0.05248	0.27113	0.06017	0.17426	0.01234	0.00748	0.00221	0.00474	0.01068	0.06121	0.00778
10	0.00862	0.00626	0.00814	0.00941	0.01010	0.00578	0.00639	0.01010	0.01423	0.01896	0.11080	0.62270	0.10126	0.02073	0.00878	0.00273	0.00393	0.01868	0.00660	0.00578
11	0.01409	0.03244	0.59864	0.09365	0.03247	0.01624	0.07285	0.02168	0.01478	0.02168	0.01263	0.01542	0.00901	0.00661	0.00678	0.00223	0.01032	0.00549	0.00300	0.00999
12	0.06574	0.18230	0.32718	0.05541	0.04858	0.04717	0.08508	0.02165	0.01501	0.04167	0.01453	0.01665	0.03619	0.00692	0.00627	0.00206	0.00913	0.00556	0.00346	0.00944
13	0.01113	0.01116	0.07550	0.01218	0.01427	0.03067	0.04335	0.01362	0.01187	0.01647	0.01918	0.05554	0.01903	0.21483	0.41044	0.00830	0.01398	0.00831	0.00387	0.00630
14	0.01802	0.01129	0.04099	0.01406	0.08516	0.00999	0.01017	0.04330	0.04856	0.22725	0.31180	0.03529	0.03706	0.03086	0.00818	0.00228	0.00517	0.00930	0.04223	0.00902
15	0.06093	0.07273	0.08679	0.11091	0.23220	0.03645	0.05836	0.01991	0.03702	0.03865	0.01887	0.11307	0.04363	0.00918	0.00744	0.00224	0.03041	0.00804	0.00414	0.00904
16	0.02020	0.10309	0.07437	0.02144	0.15351	0.03887	0.08590	0.12489	0.01864	0.13795	0.01869	0.04424	0.03159	0.00870	0.00803	0.00220	0.05649	0.03612	0.00504	0.01002
17	0.33772	0.03500	0.04446	0.02399	0.23987	0.06258	0.11844	0.02162	0.01452	0.02565	0.01164	0.01457	0.00931	0.00634	0.00595	0.00212	0.00798	0.00533	0.00380	0.00911
18	0.01672	0.01653	0.02975	0.11186	0.52866	0.01665	0.13401	0.02121	0.01579	0.02221	0.01322	0.01767	0.01079	0.00624	0.00714	0.00215	0.00898	0.00656	0.00343	0.01044
19	0.00868	0.00680	0.00778	0.00812	0.00973	0.00599	0.00582	0.01051	0.01571	0.02005	0.17645	0.24926	0.38688	0.04439	0.00939	0.00261	0.00374	0.01557	0.00662	0.00590
20	0.08296	0.05539	0.10719	0.01555	0.06762	0.06499	0.01281	0.10819	0.08005	0.04171	0.02142	0.07493	0.05720	0.01102	0.02817	0.00246	0.05169	0.02514	0.08263	0.00886
21	0.01922	0.04462	0.03258	0.10552	0.03264	0.01897	0.38234	0.22328	0.02105	0.02817	0.01456	0.01790	0.01077	0.00677	0.00758	0.00224	0.01009	0.00725	0.00451	0.00995
22	0.03931	0.00685	0.00819	0.00882	0.01014	0.00631	0.00624	0.01097	0.01536	0.02085	0.19370	0.39400	0.21698	0.01853	0.00841	0.00255	0.00380	0.01633	0.00666	0.00600
23	0.80405	0.01350	0.01026	0.00918	0.01350	0.01565	0.00756	0.02051	0.01188	0.03131	0.00972	0.01134	0.00756	0.00648	0.00432	0.00216	0.00540	0.00378	0.00432	0.00756
24	0.00878	0.00692	0.00792	0.00804	0.00985	0.00606	0.00589	0.01091	0.01662	0.02141	0.25610	0.18081	0.40114	0.01738	0.00836	0.00239	0.00355	0.01498	0.00684	0.00606
25	0.02934	0.01503	0.01815	0.01391	0.01939	0.01494	0.01149	0.30304	0.02525	0.43957	0.02310	0.02087	0.01505	0.00853	0.00700	0.00213	0.00665	0.00672	0.00796	0.01187
26	0.01926	0.69969	0.03520	0.01243	0.01821	0.08470	0.01207	0.02146	0.01464	0.01647	0.00979	0.01131	0.00896	0.00607	0.00463	0.00152	0.00788	0.00379	0.00303	0.00888
27	0.00922	0.00682	0.00868	0.00937	0.01065	0.00628	0.00691	0.01140	0.01605	0.02140	0.24207	0.33523	0.16936	0.01853	0.00868	0.00261	0.00404	0.09978	0.00683	0.00608
28	0.06950	0.49666	0.13195	0.01368	0.01997	0.07569	0.01389	0.07220	0.01593	0.02034	0.01073	0.01224	0.00907	0.00637	0.00510	0.00171	0.00814	0.00419	0.00341	0.00922
29	0.06795	0.01504	0.08064	0.01326	0.01753	0.01422	0.01129	0.05124	0.35178	0.11391	0.06664	0.09991	0.04520	0.01066	0.00715	0.00234	0.00575	0.00891	0.00667	0.00992
30	0.06967	0.29456	0.18830	0.01558	0.02193	0.13921	0.04006	0.04649	0.06421	0.04169	0.01279	0.01415	0.01012	0.00676	0.00576	0.00189	0.00883	0.00484	0.00378	0.00939
31	0.01837	0.01258	0.01624	0.01430	0.03595	0.01296	0.05894	0.13099	0.16874	0.13883	0.08184	0.12836	0.04225	0.01154	0.00751	0.00233	0.00594	0.04557	0.05733	0.00943
32	0.00938	0.00655	0.00773	0.00830	0.00868	0.00629	0.00513	0.00998	0.01186	0.01558	0.03273	0.29549	0.10218	0.42215	0.02339	0.00493	0.00548	0.01402	0.00525	0.00490
33	0.01238	0.01111	0.03703	0.14944	0.08243	0.01053	0.08081	0.01578	0.01572	0.04769	0.10600	0.07445	0.23008	0.01368	0.03969	0.00268	0.00683	0.01043	0.04568	0.00753
34	0.01884	0.14579	0.23283	0.04276	0.04684	0.09272	0.10880	0.06724	0.03746	0.08927	0.01532	0.04451	0.01203	0.00746	0.00664	0.00208	0.00920	0.00625	0.00420	0.00976
35	0.00863	0.00627	0.00805	0.00930	0.00997	0.00579	0.00627	0.00998	0.01388	0.01837	0.08203	0.60917	0.11390	0.05092	0.00989	0.00291	0.00406	0.01848	0.00646	0.00569
36	0.01131	0.00891	0.01206	0.01139	0.01196	0.01076	0.00851	0.01279	0.01087	0.01582	0.01786	0.03080	0.01829	0.27675	0.31307	0.00756	0.17305	0.00803	0.03433	0.00588
37	0.06314	0.08350	0.24474	0.04741	0.04759	0.16103	0.11323	0.04680	0.04302	0.06539	0.01373	0.01571	0.01025	0.00687	0.00657	0.00209	0.00984	0.00561	0.00391	0.00958
38	0.04163	0.08690	0.04176	0.01147	0.01401	0.01218	0.00928	0.10761	0.05708	0.05575	0.01549	0.02200	0.01365	0.01798	0.04131	0.40128	0.00697	0.03286	0.00431	0.00647
39	0.02772	0.01299	0.01753	0.01571	0.08832	0.01208	0.01151	0.11435	0.02117	0.51024	0.07395	0.02426	0.01947	0.00877	0.00709	0.00214	0.00621	0.00725	0.00783	0.01141
40	0.03912	0.02040	0.02346	0.13808	0.16572	0.19729	0.08886	0.11031	0.08046	0.04708	0.01477	0.01726	0.01135	0.00721	0.00688	0.00211	0.00945	0.00613	0.00442	0.00964
41	0.01002	0.00832	0.03280	0.00912	0.01113	0.00724	0.00715	0.01353	0.03834	0.02515	0.50072	0.05073	0.15245	0.05432	0.04578	0.00291	0.00458	0.01215	0.00695	0.00660
42	0.01755	0.09103	0.02705	0.05538	0.42028	0.01676	0.06520	0.02129	0.01563	0.06984	0.03445	0.01842	0.01289	0.00833	0.03031	0.00236	0.04618	0.00632	0.00390	0.03683
43	0.01403	0.01183	0.01377	0.01006	0.01563	0.00904	0.00786	0.01682	0.01403	0.02180	0.01338	0.01764	0.01187	0.08144	0.00826	0.00162	0.00533	0.00475	0.00414	0.71671
44	0.04551	0.01865	0.01787	0.01490	0.01945	0.12028	0.01186	0.27167	0.24653	0.09865	0.04728	0.02107	0.01702	0.00876	0.00690	0.00215	0.00728	0.00679	0.00664	0.01073
45	0.00826	0.00703	0.00711	0.00718	0.00946	0.00588	0.00535	0.01000	0.01580	0.01881	0.06930	0.09674	0.67972	0.01785	0.00828	0.00238	0.00356	0.01495	0.00648	0.00588
46	0.01645	0.00878	0.01110	0.00983	0.01278	0.00786	0.00760	0.01953	0.04025	0.24455	0.25756	0.11663	0.19109	0.01385	0.00788	0.00229	0.00434	0.01189	0.00758	0.00817
47	0.01647	0.01882	0.04118	0.02941	0.03647	0.01765	0.68588	0.02235	0.01647	0.02235	0.01412	0.01882	0.01059	0.00588	0.00824	0.00235	0.01176	0.00824	0.00353	0.00941
48	0.00848	0.00703	0.00742	0.00742	0.00959	0.00598	0.00553	0.01043	0.01632	0.02005	0.15620	0.09469	0.59203	0.01739	0.00827	0.00236	0.00352	0.01466	0.00664	0.00598
49	0.05953	0.03047	0.01935	0.01729	0.02112	0.60358	0.01313	0.09348	0.04202	0.02075	0.01189	0.01337	0.00960	0.00735	0.00630	0.00186	0.01156	0.00475	0.00407	0.00854
50	0.00848	0.00617	0.00799	0.00945	0.01005	0.00569	0.00636	0.00975	0.01362	0.01792	0.04174	0.68070	0.11354	0.02144	0.00884	0.00279	0.00400	0.01932	0.00648	0.00569
51	0.02963	0.01412	0.03879	0.01318	0.01861	0.04074	0.01110	0.07368	0.05084	0.59370	0.02575	0.02268	0.01652	0.00854	0.00698	0.00215	0.00644	0.00685	0.00808	0.01163
52	0.05554	0.01538	0.01649	0.01398	0.01827	0.04032	0.01113	0.13548	0.36622	0.16447	0.04860	0.02367	0.01927	0.00918	0.00741	0.00227	0.02715	0.00729	0.00705	0.01083
53	0.01361	0.00709	0.00715	0.00693	0.00873	0.00718	0.00525	0.04620	0.01544	0.02682	0.02250	0.02560	0.01762	0.00814	0.00497	0.00165	0.00345	0.00649	0.75844	0.00674
54	0.01301	0.00650	0.00650	0.00650	0.00813	0.00650	0.00488	0.01626	0.01463	0.02602	0.02276	0.02602	0.01789	0.00813	0.00488	0.00163	0.00325	0.00650	0.79350	0.00650
55	0.00995	0.00722	0.00944	0.00913	0.01080	0.00670	0.00701	0.01318	0.01923	0.02691	0.61465	0.05541	0.08811	0.01491	0.00837	0.00230	0.00362	0.07901	0.00751	0.00654
56	0.01034	0.00767	0.00985	0.00894	0.01105	0.00686	0.00676	0.01362	0.01922	0.02745	0.63681	0.04829	0.06020	0.01334	0.00792	0.00208	0.00348	0.01176	0.00732	0.08705
57	0.01447	0.01240	0.01447	0.01034	0.01654	0.00930	0.00827	0.01757	0.01447	0.02274	0.01240	0.01447	0.01034	0.00517	0.00517	0.00103	0.00517	0.00413	0.00413	0.79742
58	0.01568	0.01249	0.01490	0.01084	0.01671	0.00991	0.00872	0.01868	0.01468	0.07073	0.01331	0.01515	0.01077	0.00572	0.00609	0.00120	0.03806	0.00442	0.00440	0.70754
59	0.05680	0.01477	0.08346	0.01520	0.04901	0.01259	0.06809	0.04800	0.10889	0.29822	0.07344	0.02408	0.01926	0.00849	0.00684	0.00215	0.00645	0.00722	0.08679	0.01024
60	0.00850	0.00607	0.00810	0.00972	0.01012	0.00567	0.00648	0.00972	0.01336	0.01781	0.03846	0.75020	0.04615	0.02186	0.00891	0.00283	0.00405	0.01984	0.00648	0.00567
61	0.01578	0.01724	0.03573	0.02757	0.08163	0.01668	0.52552	0.02099	0.01639	0.02260	0.08429	0.02187	0.01615	0.00717	0.00908	0.00236	0.05749	0.00840	0.00392	0.00913
62	0.01892	0.05769	0.35084	0.01761	0.02511	0.05146	0.06687	0.05956	0.07226	0.15188	0.04768	0.01912	0.01424	0.00760	0.00683	0.00217	0.00877	0.00624	0.00483	0.01034
63	0.01013	0.00685	0.00803	0.00803	0.00817	0.00699	0.00475	0.01041	0.01027	0.01384	0.02161	0.04356	0.02446	0.67371	0.11532	0.00728	0.00814	0.00984	0.00417	0.00446
64	0.01674	0.00957	0.01033	0.00933	0.01209	0.00999	0.00725	0.04808	0.17137	0.11200	0.02441	0.02540	0.01836	0.00851	0.00572	0.00188	0.00426	0.00687	0.48943	0.00839
65	0.03736	0.01651	0.02486	0.08292	0.45119	0.03549	0.03927	0.04592	0.14896	0.02443	0.01604	0.01883	0.01279	0.00699	0.00691	0.00215	0.00795	0.00650	0.00428	0.01063
66	0.01858	0.07001	0.25679	0.02048	0.06990	0.01538	0.16344	0.02439	0.04057	0.17085	0.01829	0.04984	0.01407	0.00793	0.00714	0.00224	0.00883	0.02640	0.00473	0.01013
67	0.02170	0.02601	0.02039	0.04598	0.02143	0.44652	0.01435	0.02351	0.01629	0.01701	0.01027	0.01378	0.00906	0.00898	0.01227	0.00227	0.27375	0.00514	0.00338	0.00791
68	0.04077	0.51580	0.19644	0.01394	0.02066	0.04881	0.01505	0.02115	0.01435	0.01822	0.01069	0.01260	0.00915	0.00764	0.02771	0.00200	0.00861	0.00422	0.00306	0.00912
69	0.00880	0.00702	0.00789	0.00783	0.00981	0.00610	0.00581	0.01104	0.01700	0.02180	0.27906	0.11143	0.44808	0.01685	0.00829	0.00234	0.00349	0.01440	0.00688	0.00610
70	0.01624	0.01830	0.03951	0.02906	0.05791	0.01718	0.63740	0.02197	0.01658	0.02259	0.04100	0.02006	0.01275	0.00622	0.00819	0.00234	0.01132	0.00834	0.00369	0.00936
71	0.00850	0.00607	0.00810	0.00972	0.01012	0.00567	0.00648	0.00972	0.01336	0.01781	0.03846	0.75020	0.04615	0.02186	0.00891	0.00283	0.00405	0.01984	0.00648	0.00567
72	0.01090	0.00978	0.00969	0.01084	0.01168	0.10407	0.00743	0.01219	0.01424	0.01771	0.03468	0.64954	0.04108	0.01986	0.00855	0.00269	0.00521	0.01774	0.00608	0.00600
73	0.01736	0.01499	0.01578	0.01420	0.01815	0.01736	0.01105	0.03708	0.69862	0.02919	0.02840	0.02604	0.02130	0.00947	0.00710	0.00237	0.00552	0.00789	0.00710	0.01105
74	0.01534	0.01526	0.02117	0.01817	0.01831	0.02123	0.01511	0.01755	0.03620	0.01725	0.00987	0.01567	0.00961	0.01211	0.02231	0.00303	0.71467	0.00617	0.00320	0.00776
75	0.13292	0.02059	0.01898	0.01521	0.02027	0.14130	0.01233	0.44140	0.02689	0.08074	0.01546	0.01575	0.01113	0.00793	0.00650	0.00206	0.00810	0.00568	0.00614	0.01063
76	0.01866	0.75896	0.03657	0.01194	0.01791	0.02761	0.01194	0.02090	0.01418	0.01642	0.00970	0.01119	0.00896	0.00597	0.00448	0.00149	0.00746	0.00373	0.00299	0.00896
77	0.01539	0.01308	0.01470	0.01066	0.01675	0.03321	0.00851	0.01843	0.01482	0.04449	0.01283	0.01470	0.01051	0.00535	0.00526	0.00109	0.00544	0.00424	0.00426	0.74629
78	0.03697	0.06280	0.16447	0.01724	0.02309	0.06051	0.16572	0.05652	0.01646	0.07838	0.01756	0.09385	0.01507	0.02528	0.00748	0.00218	0.00832	0.00754	0.05843	0.08214
79	0.01392	0.19918	0.17282	0.01502	0.02041	0.01540	0.11305	0.01810	0.01576	0.02153	0.15721	0.09721	0.04834	0.00979	0.00685	0.00207	0.00721	0.00857	0.02789	0.02965
80	0.00867	0.00690	0.00808	0.00864	0.01005	0.00630	0.00618	0.01030	0.01493	0.01896	0.09792	0.35316	0.36471	0.01905	0.00896	0.00257	0.02576	0.01649	0.00646	0.00590

[dist]
# distance from previous block
# <min> <max>
10	81

[block]
# block no. 5 follows, 30 sequences, length 6
# corresponding to MSA columns:
# 442-447
name=unknown_F
#
# <colnr> <probs for GDERKNQSTAVLIFYWHMCP>
#	G	D	E	R	K	N	Q	S	T	A	V	L	I	F	Y	W	H	M	C	P
0	0.01452	0.01093	0.01323	0.01351	0.06536	0.05499	0.00934	0.03880	0.05682	0.07808	0.10809	0.10503	0.02554	0.07946	0.19678	0.05640	0.00935	0.00904	0.00523	0.04950
1	0.05537	0.01803	0.05842	0.11102	0.14317	0.07739	0.08052	0.10036	0.10403	0.02479	0.01504	0.01786	0.01178	0.00773	0.00843	0.00221	0.08535	0.00624	0.03525	0.03699
2	0.01419	0.01129	0.06457	0.01279	0.05109	0.00957	0.00971	0.05817	0.06120	0.10900	0.15060	0.26657	0.08567	0.05127	0.00931	0.00263	0.00526	0.01270	0.00649	0.00791
3	0.05501	0.18651	0.02433	0.01785	0.09120	0.06690	0.08491	0.06383	0.04372	0.04727	0.07297	0.02171	0.05009	0.01125	0.05228	0.00266	0.08750	0.00674	0.00444	0.00882
4	0.01212	0.00606	0.00909	0.00909	0.00909	0.00606	0.00606	0.00909	0.00909	0.01212	0.01212	0.02121	0.01212	0.02424	0.02727	0.79697	0.00606	0.00606	0.00303	0.00303
5	0.01565	0.00984	0.01145	0.01023	0.01306	0.00969	0.00781	0.06812	0.11809	0.14338	0.17477	0.09226	0.16451	0.06822	0.00964	0.00259	0.00475	0.01087	0.05693	0.00814

[dist]
# distance from previous block
# <min> <max>
0	1

[block]
# block no. 6 follows, 30 sequences, length 24
# corresponding to MSA columns:
# 449-472
name=unknown_G
#
# <colnr> <probs for GDERKNQSTAVLIFYWHMCP>
#	G	D	E	R	K	N	Q	S	T	A	V	L	I	F	Y	W	H	M	C	P
0	0.01474	0.00973	0.01152	0.01083	0.01329	0.00981	0.00816	0.06344	0.14596	0.11184	0.13402	0.23123	0.09682	0.04721	0.00909	0.00262	0.00481	0.03177	0.03513	0.00802
1	0.01318	0.01240	0.02093	0.73798	0.04806	0.01550	0.01938	0.01783	0.01395	0.01783	0.01240	0.01860	0.00930	0.00698	0.00698	0.00233	0.00930	0.00620	0.00310	0.00775
2	0.01070	0.00779	0.01066	0.01046	0.01155	0.00874	0.00772	0.03969	0.01182	0.01664	0.01949	0.03181	0.01932	0.23679	0.51403	0.00966	0.01508	0.00814	0.00400	0.00593
3	0.01466	0.01582	0.03297	0.02448	0.02982	0.01506	0.50737	0.01941	0.01582	0.02154	0.04700	0.15807	0.01952	0.00945	0.00885	0.00246	0.03440	0.01053	0.00424	0.00853
4	0.03935	0.01105	0.09521	0.00997	0.01305	0.00810	0.00886	0.01478	0.01817	0.05369	0.45388	0.04774	0.17272	0.01346	0.00785	0.00222	0.00437	0.01156	0.00681	0.00716
5	0.01613	0.01567	0.02188	0.01842	0.01931	0.02098	0.04446	0.05895	0.05398	0.01944	0.01101	0.01617	0.01012	0.01154	0.02033	0.00292	0.62064	0.00632	0.00356	0.00818
6	0.00903	0.00684	0.00842	0.00864	0.01014	0.00622	0.00627	0.01128	0.01654	0.02208	0.31216	0.24740	0.24350	0.01888	0.03765	0.00278	0.00420	0.01500	0.00684	0.00612
7	0.01558	0.01463	0.02459	0.17285	0.49830	0.01516	0.01923	0.01972	0.01598	0.02247	0.09717	0.02175	0.01736	0.00734	0.00708	0.00214	0.00788	0.00699	0.00390	0.00987
8	0.01301	0.00650	0.00650	0.00650	0.00813	0.00650	0.00488	0.01626	0.01463	0.02602	0.02276	0.02602	0.01789	0.00813	0.00488	0.00163	0.00325	0.00650	0.79350	0.00650
9	0.01318	0.01240	0.02093	0.73798	0.04806	0.01550	0.01938	0.01783	0.01395	0.01783	0.01240	0.01860	0.00930	0.00698	0.00698	0.00233	0.00930	0.00620	0.00310	0.00775
10	0.80405	0.01350	0.01026	0.00918	0.01350	0.01565	0.00756	0.02051	0.01188	0.03131	0.00972	0.01134	0.00756	0.00648	0.00432	0.00216	0.00540	0.00378	0.00432	0.00756
11	0.00949	0.00712	0.00879	0.00837	0.01019	0.00642	0.00628	0.01242	0.01884	0.02581	0.55578	0.05571	0.21897	0.01508	0.00823	0.00223	0.00335	0.01312	0.00740	0.00642
12	0.00849	0.00611	0.00805	0.00961	0.01009	0.00568	0.00643	0.00973	0.01347	0.01786	0.03981	0.72157	0.07391	0.02169	0.00888	0.00281	0.00403	0.01962	0.00648	0.00568
13	0.02316	0.01345	0.01555	0.01281	0.01730	0.01387	0.01029	0.14223	0.23781	0.28678	0.02869	0.02651	0.06627	0.00946	0.00698	0.00219	0.00574	0.00768	0.06242	0.01081
14	0.02340	0.01496	0.01815	0.05962	0.06249	0.01585	0.01238	0.24293	0.16636	0.22440	0.02314	0.06793	0.01737	0.00933	0.00714	0.00223	0.00664	0.00769	0.00699	0.01100
15	0.01727	0.01658	0.02832	0.04283	0.71123	0.01658	0.02142	0.02142	0.01589	0.02280	0.01313	0.01727	0.01105	0.00622	0.00691	0.00207	0.00829	0.00622	0.00345	0.01105
16	0.80405	0.01350	0.01026	0.00918	0.01350	0.01565	0.00756	0.02051	0.01188	0.03131	0.00972	0.01134	0.00756	0.00648	0.00432	0.00216	0.00540	0.00378	0.00432	0.00756
17	0.01001	0.00733	0.01046	0.01046	0.01145	0.00831	0.00779	0.01198	0.01099	0.01564	0.01938	0.03122	0.01910	0.19869	0.58301	0.01029	0.01621	0.00803	0.00384	0.00581
18	0.00857	0.00674	0.00767	0.00815	0.00970	0.00592	0.00579	0.01026	0.01528	0.01931	0.12734	0.29089	0.39608	0.04403	0.00940	0.00265	0.00379	0.01603	0.00653	0.00584
19	0.01059	0.00709	0.00905	0.00897	0.01057	0.00653	0.00665	0.01329	0.01766	0.05311	0.42131	0.19608	0.10945	0.01567	0.00815	0.00234	0.00368	0.03544	0.05781	0.00654
20	0.21410	0.01594	0.01545	0.05602	0.06240	0.12955	0.03069	0.11859	0.01722	0.02662	0.01538	0.04193	0.01274	0.01168	0.06898	0.00283	0.00826	0.00601	0.13740	0.00822
21	0.01431	0.00792	0.00982	0.00918	0.01139	0.00711	0.00676	0.01631	0.01629	0.17924	0.16506	0.18646	0.18529	0.10475	0.01125	0.00288	0.00452	0.01268	0.04162	0.00717
22	0.05031	0.06227	0.07539	0.06053	0.02464	0.12494	0.12492	0.17551	0.10420	0.04995	0.04408	0.01869	0.01399	0.00787	0.00738	0.00215	0.03193	0.00648	0.00502	0.00975
23	0.01475	0.01500	0.04900	0.21850	0.31110	0.03817	0.03557	0.01851	0.01475	0.02007	0.01686	0.13961	0.01617	0.00942	0.00819	0.00233	0.05085	0.00844	0.00383	0.00891

[dist]
# distance from previous block
# <min> <max>
0	18

# created by:
# /home/cegg/simao/soft/augustus-3.2.1/scripts/msa2prfl.pl ./align_prep/EOG090W08E4.fa
