[name]
unknown

[dist]
# distance from previous block
# <min> <max>
6	94

[block]
# block no. 0 follows, 32 sequences, length 17
# corresponding to MSA columns:
# 144-160
name=unknown_A
#
# <colnr> <probs for GDERKNQSTAVLIFYWHMCP>
#	G	D	E	R	K	N	Q	S	T	A	V	L	I	F	Y	W	H	M	C	P
0	0.01762	0.04767	0.02728	0.06895	0.50154	0.05743	0.08028	0.07734	0.01674	0.02279	0.01270	0.01627	0.01038	0.00620	0.00664	0.00199	0.00847	0.00597	0.00358	0.01016
1	0.01006	0.00771	0.00999	0.01170	0.08699	0.00699	0.00748	0.01214	0.01539	0.04705	0.16141	0.24652	0.31956	0.01602	0.00792	0.00233	0.00408	0.01400	0.00619	0.00648
2	0.00825	0.00587	0.00776	0.00925	0.00962	0.00550	0.00613	0.00936	0.01270	0.01693	0.03624	0.72612	0.04344	0.05599	0.00977	0.00290	0.00402	0.01864	0.00613	0.00538
3	0.02526	0.01829	0.01929	0.01596	0.04852	0.07636	0.01249	0.46887	0.07214	0.14714	0.01788	0.01746	0.01257	0.00799	0.00667	0.00202	0.00739	0.00611	0.00657	0.01104
4	0.01626	0.01467	0.02523	0.23660	0.45393	0.01535	0.05644	0.02039	0.01502	0.06215	0.01330	0.01741	0.01049	0.00630	0.00674	0.00208	0.00829	0.00613	0.00352	0.00970
5	0.01531	0.01231	0.01541	0.01333	0.08952	0.00974	0.00940	0.01837	0.01442	0.07061	0.01300	0.01481	0.01047	0.00530	0.00527	0.00117	0.00533	0.00438	0.00421	0.66763
6	0.00976	0.00651	0.00732	0.00732	0.00732	0.00651	0.00407	0.00976	0.00976	0.01301	0.02114	0.04391	0.02439	0.76419	0.03415	0.00651	0.00651	0.00976	0.00407	0.00407
7	0.01622	0.01569	0.02720	0.10269	0.63023	0.01590	0.05264	0.02033	0.01514	0.02148	0.01261	0.01679	0.01046	0.00603	0.00671	0.00203	0.00822	0.00607	0.00329	0.01027
8	0.00920	0.00677	0.00782	0.00755	0.00941	0.00606	0.00567	0.01179	0.01700	0.02323	0.38603	0.05311	0.31775	0.01437	0.00757	0.00211	0.00325	0.01230	0.09295	0.00606
9	0.01391	0.01193	0.01391	0.00994	0.01590	0.00894	0.00795	0.01690	0.01391	0.02186	0.01193	0.01391	0.00994	0.00497	0.00497	0.00099	0.00497	0.00398	0.00398	0.80521
10	0.00874	0.05168	0.00882	0.00761	0.00987	0.00700	0.00589	0.01054	0.01514	0.01832	0.08437	0.11747	0.56643	0.01661	0.00783	0.00229	0.00379	0.04566	0.00607	0.00587
11	0.01777	0.04880	0.04055	0.01077	0.01647	0.01038	0.00913	0.03967	0.01569	0.18257	0.01839	0.01872	0.05133	0.00658	0.00561	0.00140	0.00540	0.00526	0.00507	0.49043
12	0.30444	0.05405	0.01639	0.01405	0.01784	0.45264	0.01088	0.02402	0.01610	0.02126	0.00997	0.01162	0.00815	0.00662	0.00531	0.00184	0.00945	0.00405	0.00368	0.00763
13	0.00959	0.00719	0.01078	0.01078	0.01198	0.00839	0.00839	0.01198	0.01078	0.01558	0.01797	0.02636	0.01677	0.05032	0.73760	0.01078	0.01797	0.00719	0.00359	0.00599
14	0.01289	0.01511	0.11922	0.03430	0.02069	0.02847	0.17595	0.03752	0.06923	0.02414	0.29156	0.03395	0.08761	0.01016	0.00751	0.00217	0.00673	0.00942	0.00543	0.00797
15	0.25490	0.04450	0.01256	0.00990	0.01387	0.01177	0.00783	0.07795	0.01452	0.02503	0.01723	0.17526	0.01695	0.00925	0.00562	0.00183	0.00505	0.00740	0.03544	0.25314
16	0.12004	0.12768	0.16796	0.01408	0.01998	0.01858	0.01375	0.31685	0.02146	0.03114	0.03190	0.01568	0.01156	0.00727	0.00589	0.00194	0.00725	0.00533	0.05193	0.00974

[dist]
# distance from previous block
# <min> <max>
0	4

[block]
# block no. 1 follows, 32 sequences, length 37
# corresponding to MSA columns:
# 165-201
name=unknown_B
#
# <colnr> <probs for GDERKNQSTAVLIFYWHMCP>
#	G	D	E	R	K	N	Q	S	T	A	V	L	I	F	Y	W	H	M	C	P
0	0.25041	0.01647	0.01513	0.04224	0.04218	0.10637	0.01065	0.12500	0.22892	0.02839	0.01663	0.01712	0.01265	0.00749	0.00581	0.00204	0.00659	0.00554	0.03037	0.03003
1	0.01372	0.01299	0.02201	0.56046	0.22566	0.01518	0.01915	0.01806	0.01391	0.01841	0.01211	0.01755	0.00939	0.00651	0.00669	0.00217	0.00869	0.00597	0.00307	0.00830
2	0.01978	0.01409	0.01446	0.01227	0.01584	0.07690	0.00964	0.18020	0.16916	0.14014	0.08615	0.02481	0.02036	0.04759	0.03641	0.00257	0.00653	0.00716	0.10673	0.00923
3	0.00818	0.00584	0.00779	0.00934	0.00973	0.00545	0.00623	0.00934	0.01285	0.01713	0.03698	0.75981	0.04438	0.02102	0.00856	0.00273	0.00389	0.01908	0.00623	0.00545
4	0.81159	0.01298	0.00986	0.00882	0.01298	0.01505	0.00727	0.01972	0.01142	0.03010	0.00934	0.01090	0.00727	0.00623	0.00415	0.00208	0.00519	0.00363	0.00415	0.00727
5	0.01071	0.00741	0.00957	0.00999	0.01159	0.00706	0.00786	0.03123	0.01620	0.04894	0.21237	0.20442	0.12375	0.04060	0.00924	0.00271	0.00464	0.22890	0.00653	0.00629
6	0.05282	0.01278	0.02084	0.50161	0.19170	0.01508	0.01797	0.01780	0.01352	0.01874	0.01208	0.01748	0.00953	0.00840	0.03561	0.00253	0.03439	0.00590	0.00314	0.00809
7	0.01258	0.01143	0.01880	0.48498	0.14602	0.01329	0.01642	0.01628	0.01347	0.01771	0.01598	0.09511	0.01484	0.06199	0.00891	0.00258	0.00802	0.03056	0.00354	0.00748
8	0.02078	0.04134	0.01670	0.01289	0.01740	0.03827	0.01045	0.29100	0.14475	0.11795	0.06802	0.02337	0.05792	0.00878	0.00657	0.00196	0.00610	0.00697	0.03394	0.07485
9	0.31332	0.01276	0.01591	0.04893	0.01810	0.03114	0.12815	0.01927	0.05353	0.05853	0.04580	0.02376	0.06830	0.10121	0.00943	0.00265	0.00659	0.00680	0.00457	0.03124
10	0.06600	0.00942	0.01122	0.00943	0.01284	0.00845	0.00738	0.04101	0.01711	0.14930	0.26216	0.06631	0.09083	0.01061	0.00670	0.00188	0.00431	0.00895	0.04556	0.17053
11	0.01297	0.01218	0.02033	0.67452	0.08786	0.01474	0.01834	0.01735	0.01355	0.01763	0.01197	0.01765	0.00909	0.00659	0.00664	0.00217	0.00873	0.00589	0.00304	0.03874
12	0.01298	0.01178	0.01955	0.62759	0.09896	0.01427	0.01763	0.01730	0.01363	0.01820	0.01282	0.01838	0.00977	0.00674	0.00653	0.00216	0.00838	0.00599	0.06971	0.00762
13	0.02253	0.01223	0.01519	0.01132	0.01687	0.01032	0.00924	0.07841	0.01782	0.35889	0.01918	0.01833	0.01323	0.00680	0.00595	0.00159	0.00551	0.00546	0.00625	0.36487
14	0.00818	0.00584	0.00779	0.00934	0.00973	0.00545	0.00623	0.00934	0.01285	0.01713	0.03698	0.75981	0.04438	0.02102	0.00856	0.00273	0.00389	0.01908	0.00623	0.00545
15	0.01402	0.01371	0.01929	0.01673	0.01689	0.01898	0.01387	0.01561	0.01034	0.01607	0.00999	0.01619	0.00984	0.01672	0.11431	0.00395	0.65726	0.00604	0.00302	0.00717
16	0.01794	0.76823	0.03516	0.01148	0.01722	0.02655	0.01148	0.02009	0.01363	0.01579	0.00933	0.01076	0.00861	0.00574	0.00431	0.00144	0.00718	0.00359	0.00287	0.00861
17	0.01391	0.01193	0.01391	0.00994	0.01590	0.00894	0.00795	0.01690	0.01391	0.02186	0.01193	0.01391	0.00994	0.00497	0.00497	0.00099	0.00497	0.00398	0.00398	0.80521
18	0.01660	0.21093	0.05240	0.01596	0.06437	0.17299	0.05831	0.02018	0.05488	0.01782	0.01575	0.04596	0.01475	0.05370	0.10777	0.00337	0.00985	0.05270	0.00379	0.00789
19	0.01940	0.02220	0.35269	0.01532	0.02225	0.01272	0.01680	0.02552	0.06451	0.28025	0.02061	0.06324	0.01537	0.00852	0.00676	0.00218	0.00758	0.02852	0.00542	0.01014
20	0.01619	0.01002	0.01159	0.00908	0.01331	0.00849	0.00721	0.04102	0.01533	0.12874	0.01784	0.01934	0.01361	0.00660	0.00519	0.00139	0.00449	0.00528	0.29382	0.37144
21	0.08282	0.07388	0.01929	0.01632	0.01996	0.64203	0.01246	0.02588	0.01814	0.01740	0.01023	0.01193	0.00854	0.00679	0.00581	0.00174	0.01130	0.00423	0.00347	0.00779
22	0.02990	0.01175	0.01578	0.01210	0.01730	0.01036	0.00999	0.06290	0.01976	0.69599	0.02600	0.02253	0.01637	0.00829	0.00675	0.00207	0.00579	0.00672	0.00823	0.01142
23	0.00818	0.00584	0.00779	0.00934	0.00973	0.00545	0.00623	0.00934	0.01285	0.01713	0.03698	0.75981	0.04438	0.02102	0.00856	0.00273	0.00389	0.01908	0.00623	0.00545
24	0.00916	0.00685	0.00850	0.00809	0.00982	0.00619	0.00607	0.01201	0.01820	0.02502	0.57896	0.05323	0.20433	0.01442	0.00792	0.00214	0.00322	0.01257	0.00714	0.00619
25	0.00844	0.00605	0.00803	0.00916	0.00979	0.00563	0.00625	0.01002	0.01410	0.01913	0.17623	0.61487	0.04825	0.01953	0.00843	0.00260	0.00374	0.01766	0.00647	0.00563
26	0.00988	0.00831	0.04267	0.01052	0.01195	0.00838	0.00839	0.01221	0.01090	0.01578	0.01828	0.02826	0.01750	0.14831	0.58049	0.00948	0.01549	0.00742	0.02988	0.00590
27	0.01744	0.01876	0.17449	0.09651	0.02340	0.01610	0.01492	0.14536	0.24753	0.07191	0.03766	0.02048	0.01531	0.00966	0.03287	0.00250	0.03330	0.00655	0.00536	0.00991
28	0.01391	0.01193	0.01391	0.00994	0.01590	0.00894	0.00795	0.01690	0.01391	0.02186	0.01193	0.01391	0.00994	0.00497	0.00497	0.00099	0.00497	0.00398	0.00398	0.80521
29	0.01351	0.01243	0.03543	0.01146	0.01706	0.00944	0.06277	0.01686	0.01470	0.02244	0.09944	0.01873	0.01651	0.00614	0.00561	0.00126	0.00539	0.00532	0.00432	0.62118
30	0.01448	0.04413	0.37134	0.01563	0.02239	0.05545	0.04086	0.02076	0.06342	0.05973	0.03637	0.02313	0.09955	0.01096	0.05466	0.00263	0.00882	0.00667	0.00409	0.04492
31	0.01060	0.00834	0.01171	0.01269	0.05893	0.00829	0.03518	0.05154	0.01446	0.01920	0.03407	0.31304	0.13181	0.04594	0.12554	0.00400	0.00719	0.09555	0.00546	0.00644
32	0.02139	0.06163	0.06607	0.01452	0.01999	0.01873	0.01255	0.42001	0.15015	0.03453	0.01701	0.01704	0.01253	0.00766	0.00638	0.00192	0.00690	0.00588	0.00595	0.09914
33	0.01736	0.02779	0.51635	0.01685	0.02541	0.01382	0.02021	0.02363	0.01532	0.18541	0.01539	0.01617	0.01048	0.00673	0.00637	0.00204	0.00861	0.00531	0.00418	0.06257
34	0.01479	0.05958	0.06802	0.01736	0.01834	0.02057	0.01516	0.01671	0.01073	0.01646	0.00905	0.01442	0.00878	0.01104	0.01997	0.00280	0.66003	0.00568	0.00293	0.00758
35	0.01516	0.24743	0.43909	0.01961	0.11127	0.01884	0.02037	0.02083	0.01415	0.01973	0.01132	0.01347	0.00880	0.00614	0.00580	0.00191	0.00887	0.00468	0.00290	0.00962
36	0.01659	0.01463	0.02458	0.24613	0.43053	0.01543	0.04282	0.04195	0.01552	0.06752	0.01347	0.01743	0.01054	0.00640	0.00672	0.00208	0.00821	0.00609	0.00366	0.00972

[dist]
# distance from previous block
# <min> <max>
4	17

[block]
# block no. 2 follows, 32 sequences, length 37
# corresponding to MSA columns:
# 219-255
name=unknown_C
#
# <colnr> <probs for GDERKNQSTAVLIFYWHMCP>
#	G	D	E	R	K	N	Q	S	T	A	V	L	I	F	Y	W	H	M	C	P
0	0.12059	0.12076	0.08995	0.01423	0.01907	0.17149	0.03230	0.15380	0.10296	0.02581	0.01449	0.01557	0.01118	0.00714	0.00577	0.00190	0.00784	0.00519	0.07097	0.00899
1	0.01676	0.09731	0.06905	0.03038	0.43662	0.07109	0.03815	0.02120	0.04581	0.02096	0.01430	0.01714	0.03107	0.00643	0.00632	0.00189	0.00799	0.00578	0.00353	0.05820
2	0.01283	0.01211	0.02100	0.01777	0.05853	0.01182	0.24022	0.01672	0.03639	0.04009	0.07325	0.06140	0.22385	0.01179	0.00899	0.00238	0.06257	0.07568	0.00501	0.00759
3	0.01169	0.01055	0.01769	0.01757	0.11302	0.00969	0.14680	0.01440	0.01393	0.01934	0.02535	0.40206	0.02795	0.01357	0.00765	0.00228	0.00609	0.01287	0.00494	0.12256
4	0.00950	0.00686	0.00897	0.00844	0.01002	0.00633	0.00633	0.01266	0.01899	0.02691	0.71879	0.05012	0.06331	0.01372	0.00791	0.00211	0.00317	0.01213	0.00739	0.00633
5	0.01679	0.01423	0.01987	0.01684	0.01755	0.01909	0.01402	0.01841	0.01150	0.11323	0.01122	0.01579	0.00987	0.01127	0.01993	0.00282	0.65000	0.00599	0.00367	0.00790
6	0.00950	0.00686	0.00897	0.00844	0.01002	0.00633	0.00633	0.01266	0.01899	0.02691	0.71879	0.05012	0.06331	0.01372	0.00791	0.00211	0.00317	0.01213	0.00739	0.00633
7	0.00955	0.00689	0.00904	0.00859	0.01017	0.00638	0.00650	0.01271	0.01886	0.02665	0.69259	0.05110	0.06236	0.01390	0.00797	0.00215	0.00328	0.03763	0.00734	0.00633
8	0.00967	0.00681	0.00869	0.00822	0.00982	0.00630	0.00617	0.01279	0.01850	0.02647	0.64411	0.04870	0.08182	0.01338	0.00767	0.00207	0.00317	0.01176	0.06757	0.00630
9	0.01794	0.76823	0.03516	0.01148	0.01722	0.02655	0.01148	0.02009	0.01363	0.01579	0.00933	0.01076	0.00861	0.00574	0.00431	0.00144	0.00718	0.00359	0.00287	0.00861
10	0.01391	0.01193	0.01391	0.00994	0.01590	0.00894	0.00795	0.01690	0.01391	0.02186	0.01193	0.01391	0.00994	0.00497	0.00497	0.00099	0.00497	0.00398	0.00398	0.80521
11	0.01076	0.00792	0.01005	0.00968	0.01165	0.00747	0.02766	0.03439	0.05677	0.05280	0.22253	0.25686	0.21367	0.01589	0.00800	0.00237	0.00414	0.03419	0.00659	0.00661
12	0.00818	0.00584	0.00779	0.00934	0.00973	0.00545	0.00623	0.00934	0.01285	0.01713	0.03698	0.75981	0.04438	0.02102	0.00856	0.00273	0.00389	0.01908	0.00623	0.00545
13	0.22465	0.01382	0.01390	0.03695	0.01641	0.01544	0.00952	0.29152	0.07392	0.03319	0.01641	0.01756	0.01229	0.00756	0.00559	0.00195	0.00573	0.00558	0.18903	0.00895
14	0.02430	0.07549	0.02039	0.01824	0.06577	0.61471	0.01323	0.02624	0.01845	0.04798	0.01116	0.01278	0.00912	0.00684	0.00601	0.00174	0.01125	0.00449	0.00363	0.00817
15	0.00838	0.00682	0.00743	0.00727	0.00934	0.00586	0.00545	0.01051	0.01636	0.02067	0.25624	0.06039	0.52976	0.01605	0.00793	0.00222	0.00333	0.01357	0.00657	0.00586
16	0.00818	0.00584	0.00779	0.00934	0.00973	0.00545	0.00623	0.00934	0.01285	0.01713	0.03698	0.75981	0.04438	0.02102	0.00856	0.00273	0.00389	0.01908	0.00623	0.00545
17	0.01267	0.01193	0.02013	0.74806	0.04621	0.01491	0.01863	0.01714	0.01342	0.01714	0.01193	0.01789	0.00894	0.00671	0.00671	0.00224	0.00894	0.00596	0.00298	0.00745
18	0.01391	0.01193	0.01391	0.00994	0.01590	0.00894	0.00795	0.01690	0.01391	0.02186	0.01193	0.01391	0.00994	0.00497	0.00497	0.00099	0.00497	0.00398	0.00398	0.80521
19	0.01468	0.01468	0.02055	0.01762	0.01762	0.02055	0.01468	0.01615	0.01028	0.01615	0.00881	0.01468	0.00881	0.01174	0.02202	0.00294	0.75191	0.00587	0.00294	0.00734
20	0.01584	0.01810	0.03959	0.02828	0.03507	0.01697	0.69796	0.02149	0.01584	0.02149	0.01357	0.01810	0.01018	0.00566	0.00792	0.00226	0.01131	0.00792	0.00339	0.00905
21	0.01267	0.01193	0.02013	0.74806	0.04621	0.01491	0.01863	0.01714	0.01342	0.01714	0.01193	0.01789	0.00894	0.00671	0.00671	0.00224	0.00894	0.00596	0.00298	0.00745
22	0.01365	0.06590	0.69990	0.01880	0.02854	0.01605	0.02422	0.02120	0.01414	0.02102	0.01193	0.01402	0.00850	0.00635	0.00629	0.00210	0.00980	0.00490	0.00283	0.00986
23	0.81159	0.01298	0.00986	0.00882	0.01298	0.01505	0.00727	0.01972	0.01142	0.03010	0.00934	0.01090	0.00727	0.00623	0.00415	0.00208	0.00519	0.00363	0.00415	0.00727
24	0.00950	0.00686	0.00897	0.00844	0.01002	0.00633	0.00633	0.01266	0.01899	0.02691	0.71879	0.05012	0.06331	0.01372	0.00791	0.00211	0.00317	0.01213	0.00739	0.00633
25	0.01535	0.01479	0.02555	0.26006	0.48362	0.01566	0.04841	0.01956	0.01472	0.02042	0.01245	0.01707	0.01009	0.00619	0.00672	0.00208	0.00841	0.00606	0.00322	0.00958
26	0.00976	0.00651	0.00732	0.00732	0.00732	0.00651	0.00407	0.00976	0.00976	0.01301	0.02114	0.04391	0.02439	0.76419	0.03415	0.00651	0.00651	0.00976	0.00407	0.00407
27	0.01081	0.00772	0.01081	0.01236	0.01390	0.00772	0.01081	0.01390	0.01545	0.02008	0.03553	0.07569	0.03862	0.01854	0.00927	0.00309	0.00618	0.67717	0.00618	0.00618
28	0.00959	0.00719	0.01078	0.01078	0.01198	0.00839	0.00839	0.01198	0.01078	0.01558	0.01797	0.02636	0.01677	0.05032	0.73760	0.01078	0.01797	0.00719	0.00359	0.00599
29	0.01554	0.37538	0.40698	0.01557	0.02355	0.02068	0.01861	0.02071	0.01392	0.01871	0.01078	0.01259	0.00855	0.00608	0.00541	0.00180	0.00864	0.00432	0.00285	0.00931
30	0.01251	0.00625	0.00625	0.00625	0.00782	0.00625	0.00469	0.01563	0.01407	0.02502	0.02189	0.02502	0.01720	0.00782	0.00469	0.00156	0.00313	0.00625	0.80144	0.00625
31	0.00950	0.00686	0.00897	0.00844	0.01002	0.00633	0.00633	0.01266	0.01899	0.02691	0.71879	0.05012	0.06331	0.01372	0.00791	0.00211	0.00317	0.01213	0.00739	0.00633
32	0.01613	0.01791	0.13829	0.01460	0.01945	0.01650	0.01306	0.03317	0.59023	0.02689	0.02468	0.02316	0.01842	0.00863	0.00675	0.00225	0.00610	0.00713	0.00614	0.01050
33	0.77973	0.01291	0.01009	0.00895	0.01315	0.01484	0.00737	0.02025	0.01174	0.05851	0.01004	0.01139	0.00765	0.00631	0.00426	0.00208	0.00521	0.00376	0.00432	0.00744
34	0.01648	0.01317	0.02179	0.05193	0.39265	0.01284	0.05820	0.02016	0.01654	0.11673	0.16115	0.02606	0.04604	0.00825	0.00704	0.00206	0.00677	0.00774	0.00491	0.00948
35	0.01412	0.01364	0.02479	0.39338	0.16876	0.01489	0.17164	0.01866	0.01437	0.01965	0.01321	0.01825	0.01019	0.00642	0.00681	0.00214	0.00884	0.00643	0.06548	0.00832
36	0.28226	0.00891	0.00798	0.00760	0.01046	0.00891	0.00592	0.01327	0.01421	0.02278	0.09009	0.04532	0.43407	0.01311	0.00664	0.00219	0.00399	0.01044	0.00560	0.00625

[dist]
# distance from previous block
# <min> <max>
0	1

[block]
# block no. 3 follows, 32 sequences, length 72
# corresponding to MSA columns:
# 257-328
name=unknown_D
#
# <colnr> <probs for GDERKNQSTAVLIFYWHMCP>
#	G	D	E	R	K	N	Q	S	T	A	V	L	I	F	Y	W	H	M	C	P
0	0.15091	0.27528	0.06620	0.01384	0.01869	0.29049	0.01215	0.04524	0.01608	0.04141	0.01064	0.01204	0.00873	0.00645	0.00522	0.00173	0.00883	0.00413	0.00359	0.00834
1	0.09445	0.01118	0.01302	0.01068	0.01403	0.01112	0.00814	0.14129	0.01742	0.29680	0.02123	0.02778	0.01750	0.26757	0.01591	0.00359	0.00623	0.00737	0.00619	0.00851
2	0.01443	0.01437	0.01415	0.01293	0.01493	0.19461	0.04742	0.03837	0.01365	0.01652	0.01632	0.02518	0.01557	0.16742	0.35647	0.00692	0.01364	0.00694	0.00374	0.00644
3	0.81159	0.01298	0.00986	0.00882	0.01298	0.01505	0.00727	0.01972	0.01142	0.03010	0.00934	0.01090	0.00727	0.00623	0.00415	0.00208	0.00519	0.00363	0.00415	0.00727
4	0.01251	0.00625	0.00625	0.00625	0.00782	0.00625	0.00469	0.01563	0.01407	0.02502	0.02189	0.02502	0.01720	0.00782	0.00469	0.00156	0.00313	0.00625	0.80144	0.00625
5	0.00793	0.00680	0.00680	0.00680	0.00906	0.00566	0.00510	0.00963	0.01529	0.01813	0.06797	0.06457	0.71961	0.01699	0.00793	0.00227	0.00340	0.01416	0.00623	0.00566
6	0.01081	0.00772	0.01081	0.01236	0.01390	0.00772	0.01081	0.01390	0.01545	0.02008	0.03553	0.07569	0.03862	0.01854	0.00927	0.00309	0.00618	0.67717	0.00618	0.00618
7	0.03010	0.01142	0.01557	0.01194	0.01713	0.00986	0.00986	0.03270	0.01920	0.72698	0.02647	0.02284	0.01661	0.00830	0.00675	0.00208	0.00571	0.00675	0.00830	0.01142
8	0.01794	0.76823	0.03516	0.01148	0.01722	0.02655	0.01148	0.02009	0.01363	0.01579	0.00933	0.01076	0.00861	0.00574	0.00431	0.00144	0.00718	0.00359	0.00287	0.00861
9	0.01346	0.03471	0.72942	0.01912	0.02904	0.01558	0.02479	0.02125	0.01417	0.02125	0.01204	0.01417	0.00850	0.00637	0.00637	0.00212	0.00992	0.00496	0.00283	0.00992
10	0.01081	0.00772	0.01081	0.01236	0.01390	0.00772	0.01081	0.01390	0.01545	0.02008	0.03553	0.07569	0.03862	0.01854	0.00927	0.00309	0.00618	0.67717	0.00618	0.00618
11	0.81159	0.01298	0.00986	0.00882	0.01298	0.01505	0.00727	0.01972	0.01142	0.03010	0.00934	0.01090	0.00727	0.00623	0.00415	0.00208	0.00519	0.00363	0.00415	0.00727
12	0.00818	0.00584	0.00779	0.00934	0.00973	0.00545	0.00623	0.00934	0.01285	0.01713	0.03698	0.75981	0.04438	0.02102	0.00856	0.00273	0.00389	0.01908	0.00623	0.00545
13	0.81159	0.01298	0.00986	0.00882	0.01298	0.01505	0.00727	0.01972	0.01142	0.03010	0.00934	0.01090	0.00727	0.00623	0.00415	0.00208	0.00519	0.00363	0.00415	0.00727
14	0.01661	0.01594	0.02724	0.04119	0.72233	0.01594	0.02059	0.02059	0.01528	0.02192	0.01262	0.01661	0.01063	0.00598	0.00664	0.00199	0.00797	0.00598	0.00332	0.01063
15	0.01669	0.01441	0.01517	0.01365	0.01745	0.01669	0.01062	0.03565	0.71021	0.02807	0.02731	0.02503	0.02048	0.00910	0.00683	0.00228	0.00531	0.00759	0.00683	0.01062
16	0.00818	0.00584	0.00779	0.00934	0.00973	0.00545	0.00623	0.00934	0.01285	0.01713	0.03698	0.75981	0.04438	0.02102	0.00856	0.00273	0.00389	0.01908	0.00623	0.00545
17	0.01584	0.01810	0.03959	0.02828	0.03507	0.01697	0.69796	0.02149	0.01584	0.02149	0.01357	0.01810	0.01018	0.00566	0.00792	0.00226	0.01131	0.00792	0.00339	0.00905
18	0.01251	0.00625	0.00625	0.00625	0.00782	0.00625	0.00469	0.01563	0.01407	0.02502	0.02189	0.02502	0.01720	0.00782	0.00469	0.00156	0.00313	0.00625	0.80144	0.00625
19	0.00838	0.00681	0.00742	0.00727	0.00934	0.00586	0.00545	0.01050	0.01635	0.02064	0.25410	0.06044	0.53192	0.01606	0.00793	0.00222	0.00333	0.01358	0.00656	0.00586
20	0.01669	0.01441	0.01517	0.01365	0.01745	0.01669	0.01062	0.03565	0.71021	0.02807	0.02731	0.02503	0.02048	0.00910	0.00683	0.00228	0.00531	0.00759	0.00683	0.01062
21	0.00818	0.00584	0.00779	0.00934	0.00973	0.00545	0.00623	0.00934	0.01285	0.01713	0.03698	0.75981	0.04438	0.02102	0.00856	0.00273	0.00389	0.01908	0.00623	0.00545
22	0.01104	0.00810	0.01016	0.01054	0.01204	0.00814	0.00795	0.07619	0.05883	0.02261	0.17064	0.38018	0.04262	0.01718	0.00828	0.00258	0.00457	0.13519	0.00653	0.00662
23	0.01166	0.00583	0.00874	0.00874	0.00874	0.00583	0.00583	0.00874	0.00874	0.01166	0.01166	0.02040	0.01166	0.02331	0.02622	0.80478	0.00583	0.00583	0.00291	0.00291
24	0.01669	0.01441	0.01517	0.01365	0.01745	0.01669	0.01062	0.03565	0.71021	0.02807	0.02731	0.02503	0.02048	0.00910	0.00683	0.00228	0.00531	0.00759	0.00683	0.01062
25	0.00818	0.00584	0.00779	0.00934	0.00973	0.00545	0.00623	0.00934	0.01285	0.01713	0.03698	0.75981	0.04438	0.02102	0.00856	0.00273	0.00389	0.01908	0.00623	0.00545
26	0.00827	0.00592	0.00787	0.00928	0.00975	0.00552	0.00624	0.00959	0.01331	0.01786	0.08798	0.70673	0.04579	0.02048	0.00852	0.00268	0.00384	0.01856	0.00632	0.00552
27	0.01382	0.01310	0.02220	0.54225	0.24307	0.01521	0.01920	0.01815	0.01396	0.01853	0.01213	0.01752	0.00943	0.00650	0.00669	0.00217	0.00866	0.00597	0.00308	0.00838
28	0.01584	0.01810	0.03959	0.02828	0.03507	0.01697	0.69796	0.02149	0.01584	0.02149	0.01357	0.01810	0.01018	0.00566	0.00792	0.00226	0.01131	0.00792	0.00339	0.00905
29	0.56530	0.01480	0.01308	0.01090	0.01543	0.01686	0.00899	0.23285	0.01773	0.03392	0.01146	0.01253	0.00857	0.00680	0.00495	0.00206	0.00588	0.00439	0.00495	0.00857
30	0.01386	0.01173	0.01364	0.00981	0.01562	0.00885	0.00784	0.01685	0.01392	0.02198	0.01228	0.01431	0.01020	0.00507	0.00496	0.00101	0.00490	0.00406	0.03219	0.77694
31	0.01518	0.33633	0.41829	0.01557	0.02342	0.01980	0.01859	0.02038	0.01380	0.01871	0.01123	0.01378	0.00909	0.03207	0.00647	0.00199	0.00867	0.00456	0.00289	0.00918
32	0.01940	0.00828	0.00990	0.00848	0.01147	0.00767	0.00672	0.02232	0.01608	0.30001	0.02368	0.02416	0.01697	0.00801	0.00550	0.00176	0.00414	0.00645	0.49073	0.00828
33	0.01642	0.01575	0.02690	0.07492	0.69007	0.01589	0.02050	0.02043	0.01519	0.02169	0.01259	0.01667	0.01055	0.00601	0.00665	0.00200	0.00802	0.00598	0.00331	0.01048
34	0.03925	0.01194	0.01385	0.00998	0.01586	0.00917	0.00800	0.01758	0.01404	0.04878	0.01240	0.01416	0.01011	0.00513	0.00501	0.00107	0.00500	0.00407	0.00414	0.75047
35	0.01395	0.01397	0.08197	0.01288	0.01636	0.01340	0.01071	0.02680	0.44512	0.02434	0.02953	0.21135	0.04675	0.01210	0.00726	0.00237	0.00534	0.01044	0.00627	0.00909
36	0.00807	0.00680	0.00700	0.00695	0.00915	0.00573	0.00521	0.00991	0.01564	0.01894	0.12805	0.06324	0.65902	0.01669	0.00793	0.00225	0.00338	0.01397	0.00634	0.00573
37	0.01833	0.21346	0.16319	0.01476	0.02036	0.12372	0.03968	0.12889	0.08473	0.02330	0.01591	0.01702	0.03500	0.00726	0.00588	0.00186	0.00801	0.00546	0.06407	0.00912
38	0.01624	0.01557	0.02658	0.10644	0.65992	0.01585	0.02041	0.02027	0.01511	0.02148	0.01256	0.01673	0.01047	0.00605	0.00665	0.00202	0.00806	0.00598	0.00329	0.01034
39	0.05841	0.01106	0.01474	0.01149	0.01631	0.00974	0.00944	0.03035	0.01888	0.63542	0.08972	0.02490	0.02056	0.00872	0.00675	0.00208	0.00545	0.00712	0.00806	0.01079
40	0.00830	0.00681	0.00732	0.00719	0.00929	0.00582	0.00539	0.01035	0.01618	0.02022	0.22350	0.06112	0.56277	0.01621	0.00793	0.00223	0.00334	0.01368	0.00651	0.00582
41	0.00821	0.00681	0.00719	0.00709	0.00924	0.00578	0.00532	0.01018	0.01596	0.01971	0.18553	0.06196	0.60106	0.01640	0.00793	0.00224	0.00336	0.01380	0.00644	0.00578
42	0.00950	0.00686	0.00897	0.00844	0.01002	0.00633	0.00633	0.01266	0.01899	0.02691	0.71879	0.05012	0.06331	0.01372	0.00791	0.00211	0.00317	0.01213	0.00739	0.00633
43	0.02142	0.01031	0.01218	0.01005	0.01366	0.01006	0.00807	0.11249	0.04944	0.30775	0.02321	0.02299	0.01636	0.00810	0.00587	0.00186	0.00481	0.00648	0.34572	0.00918
44	0.01391	0.01193	0.01391	0.00994	0.01590	0.00894	0.00795	0.01690	0.01391	0.02186	0.01193	0.01391	0.00994	0.00497	0.00497	0.00099	0.00497	0.00398	0.00398	0.80521
45	0.02551	0.01879	0.02014	0.01544	0.02081	0.02081	0.01275	0.69996	0.03155	0.04229	0.01611	0.01611	0.01141	0.00805	0.00671	0.00201	0.00738	0.00604	0.00671	0.01141
46	0.02551	0.01879	0.02014	0.01544	0.02081	0.02081	0.01275	0.69996	0.03155	0.04229	0.01611	0.01611	0.01141	0.00805	0.00671	0.00201	0.00738	0.00604	0.00671	0.01141
47	0.00818	0.00584	0.00779	0.00934	0.00973	0.00545	0.00623	0.00934	0.01285	0.01713	0.03698	0.75981	0.04438	0.02102	0.00856	0.00273	0.00389	0.01908	0.00623	0.00545
48	0.00950	0.00686	0.00897	0.00844	0.01002	0.00633	0.00633	0.01266	0.01899	0.02691	0.71879	0.05012	0.06331	0.01372	0.00791	0.00211	0.00317	0.01213	0.00739	0.00633
49	0.01631	0.01564	0.02669	0.09523	0.67064	0.01586	0.02044	0.02033	0.01514	0.02156	0.01257	0.01670	0.01050	0.00603	0.00665	0.00201	0.00805	0.00598	0.00330	0.01039
50	0.02506	0.03198	0.01901	0.01729	0.02074	0.73725	0.01296	0.02679	0.01901	0.01642	0.01037	0.01210	0.00864	0.00691	0.00605	0.00173	0.01210	0.00432	0.00346	0.00778
51	0.01166	0.00583	0.00874	0.00874	0.00874	0.00583	0.00583	0.00874	0.00874	0.01166	0.01166	0.02040	0.01166	0.02331	0.02622	0.80478	0.00583	0.00583	0.00291	0.00291
52	0.01342	0.01496	0.15374	0.01448	0.01845	0.01197	0.07564	0.09277	0.01450	0.04475	0.01659	0.02247	0.01417	0.05218	0.40066	0.00691	0.01385	0.00675	0.00396	0.00778
53	0.02273	0.02756	0.02128	0.02388	0.21428	0.53827	0.01507	0.02508	0.01798	0.01794	0.01099	0.01334	0.00919	0.00666	0.00621	0.00180	0.01096	0.00478	0.00342	0.00856
54	0.01346	0.03471	0.72942	0.01912	0.02904	0.01558	0.02479	0.02125	0.01417	0.02125	0.01204	0.01417	0.00850	0.00637	0.00637	0.00212	0.00992	0.00496	0.00283	0.00992
55	0.00873	0.00667	0.00702	0.00702	0.00830	0.00603	0.00465	0.00969	0.01288	0.01590	0.04757	0.05557	0.41676	0.34249	0.01935	0.00411	0.00475	0.01224	0.00529	0.00497
56	0.17679	0.04803	0.01769	0.01470	0.01776	0.24179	0.05916	0.02189	0.08108	0.02036	0.01356	0.01866	0.01201	0.07245	0.02964	0.00273	0.11588	0.02428	0.00395	0.00761
57	0.01661	0.01594	0.02724	0.04119	0.72233	0.01594	0.02059	0.02059	0.01528	0.02192	0.01262	0.01661	0.01063	0.00598	0.00664	0.00199	0.00797	0.00598	0.00332	0.01063
58	0.01166	0.00583	0.00874	0.00874	0.00874	0.00583	0.00583	0.00874	0.00874	0.01166	0.01166	0.02040	0.01166	0.02331	0.02622	0.80478	0.00583	0.00583	0.00291	0.00291
59	0.00818	0.00584	0.00779	0.00934	0.00973	0.00545	0.00623	0.00934	0.01285	0.01713	0.03698	0.75981	0.04438	0.02102	0.00856	0.00273	0.00389	0.01908	0.00623	0.00545
60	0.34849	0.01527	0.01690	0.01572	0.08113	0.07814	0.07240	0.06162	0.01479	0.09116	0.01343	0.04008	0.01082	0.00761	0.00716	0.00214	0.07836	0.00556	0.03089	0.00832
61	0.45713	0.01670	0.01527	0.01334	0.03581	0.14061	0.07791	0.06471	0.01480	0.02701	0.01150	0.01348	0.00897	0.00653	0.00514	0.00199	0.00705	0.00462	0.06962	0.00781
62	0.01261	0.01179	0.01982	0.72357	0.04514	0.01467	0.01837	0.01704	0.01348	0.01724	0.01271	0.01981	0.00993	0.00710	0.00679	0.00226	0.00885	0.02831	0.00309	0.00741
63	0.00914	0.00672	0.00861	0.00879	0.01022	0.00620	0.00658	0.01169	0.01687	0.02302	0.42217	0.20212	0.14534	0.01615	0.00818	0.00236	0.00364	0.07928	0.00687	0.00604
64	0.02111	0.02274	0.02073	0.03896	0.06184	0.32728	0.05600	0.15150	0.01903	0.02219	0.01245	0.03682	0.01055	0.00814	0.00899	0.00205	0.13116	0.00570	0.00407	0.03871
65	0.01902	0.00975	0.01149	0.00945	0.01306	0.00905	0.00752	0.06624	0.04100	0.24239	0.04493	0.02306	0.01728	0.00783	0.00568	0.00171	0.00453	0.00632	0.34045	0.11922
66	0.00832	0.00594	0.00794	0.00942	0.00989	0.00556	0.00640	0.00962	0.01315	0.01757	0.06050	0.71055	0.04482	0.02068	0.00857	0.00272	0.00395	0.04262	0.00627	0.00551
67	0.02487	0.01121	0.01443	0.01122	0.01605	0.00978	0.00916	0.06463	0.01885	0.50772	0.05192	0.02708	0.09629	0.00908	0.00672	0.00198	0.00538	0.00741	0.00747	0.09875
68	0.00903	0.00705	0.00838	0.00910	0.01093	0.00641	0.00733	0.01119	0.01512	0.01876	0.05304	0.13289	0.40386	0.01794	0.00849	0.00261	0.00448	0.26134	0.00621	0.00584
69	0.01758	0.55001	0.19245	0.01338	0.02004	0.02329	0.01451	0.04384	0.01455	0.04178	0.01075	0.01213	0.00895	0.00605	0.00494	0.00163	0.00776	0.00409	0.00317	0.00910
70	0.66505	0.01495	0.01170	0.01018	0.01443	0.06445	0.00830	0.10110	0.01433	0.03063	0.01022	0.01160	0.00785	0.00649	0.00458	0.00205	0.00592	0.00397	0.00441	0.00779
71	0.65844	0.01452	0.05908	0.01007	0.01461	0.01507	0.00884	0.02173	0.07637	0.05244	0.01175	0.01282	0.00888	0.00657	0.00464	0.00210	0.00554	0.00419	0.00445	0.00789

[dist]
# distance from previous block
# <min> <max>
2	16

[block]
# block no. 4 follows, 32 sequences, length 11
# corresponding to MSA columns:
# 345-355
name=unknown_E
#
# <colnr> <probs for GDERKNQSTAVLIFYWHMCP>
#	G	D	E	R	K	N	Q	S	T	A	V	L	I	F	Y	W	H	M	C	P
0	0.01361	0.01071	0.01122	0.01025	0.01314	0.04015	0.00788	0.02135	0.24378	0.07933	0.19323	0.04296	0.26042	0.01258	0.00739	0.00220	0.00452	0.01057	0.00673	0.00798
1	0.01424	0.20955	0.16380	0.04375	0.06553	0.01641	0.01345	0.02123	0.16295	0.02049	0.02710	0.02716	0.16969	0.00915	0.00632	0.00201	0.00661	0.00733	0.00449	0.00873
2	0.01525	0.01740	0.16010	0.25747	0.16972	0.03351	0.01757	0.02091	0.07114	0.07461	0.01635	0.06866	0.01350	0.02621	0.00742	0.00228	0.00808	0.00690	0.00400	0.00893
3	0.01828	0.03289	0.05867	0.11061	0.23535	0.05460	0.10350	0.04429	0.03705	0.14349	0.01752	0.08288	0.01442	0.00797	0.00691	0.00212	0.00798	0.00736	0.00460	0.00952
4	0.00832	0.00595	0.00792	0.00924	0.00976	0.00555	0.00624	0.00971	0.01353	0.01821	0.11228	0.68143	0.04647	0.02021	0.00849	0.00266	0.00381	0.01831	0.00636	0.00555
5	0.01516	0.02209	0.25339	0.13022	0.11088	0.06018	0.09107	0.02348	0.15633	0.02173	0.01709	0.01917	0.03473	0.00724	0.00674	0.00215	0.00867	0.00634	0.00394	0.00941
6	0.15016	0.01997	0.09274	0.04455	0.02796	0.09621	0.35222	0.06066	0.04887	0.02370	0.01311	0.01608	0.00989	0.00629	0.00678	0.00215	0.00967	0.00635	0.00381	0.00885
7	0.00974	0.00659	0.00773	0.00773	0.00788	0.00673	0.00458	0.01002	0.00988	0.01332	0.02076	0.04181	0.02348	0.67886	0.11823	0.00702	0.00788	0.00945	0.00401	0.00430
8	0.01331	0.00856	0.01140	0.01181	0.01397	0.00839	0.01009	0.05153	0.01700	0.09526	0.09804	0.06410	0.07519	0.01639	0.00867	0.00279	0.00576	0.47421	0.00654	0.00698
9	0.01919	0.01457	0.02028	0.01984	0.13937	0.07910	0.11076	0.02422	0.09320	0.19634	0.05923	0.02630	0.01861	0.01183	0.06158	0.00283	0.02576	0.06225	0.00544	0.00931
10	0.10401	0.06165	0.01726	0.01392	0.01814	0.22352	0.01098	0.10220	0.26027	0.02526	0.01690	0.01703	0.01306	0.00749	0.00600	0.00190	0.00755	0.00551	0.00508	0.08230

[dist]
# distance from previous block
# <min> <max>
1	4

[block]
# block no. 5 follows, 32 sequences, length 27
# corresponding to MSA columns:
# 360-386
name=unknown_F
#
# <colnr> <probs for GDERKNQSTAVLIFYWHMCP>
#	G	D	E	R	K	N	Q	S	T	A	V	L	I	F	Y	W	H	M	C	P
0	0.16780	0.01412	0.01847	0.28449	0.02887	0.06219	0.08044	0.03932	0.07140	0.10416	0.01667	0.02018	0.02994	0.00755	0.00642	0.00218	0.00774	0.02523	0.00448	0.00833
1	0.01325	0.01278	0.01982	0.68657	0.04388	0.04532	0.01795	0.01754	0.01367	0.01731	0.01186	0.01748	0.00897	0.00665	0.00661	0.00216	0.00891	0.00581	0.00304	0.04040
2	0.01312	0.01042	0.01165	0.04137	0.01400	0.05021	0.02912	0.01780	0.09574	0.02272	0.09306	0.07219	0.08416	0.00989	0.00700	0.00190	0.04457	0.00812	0.27718	0.09577
3	0.29309	0.01195	0.01265	0.01052	0.01465	0.01232	0.00852	0.08500	0.05618	0.23442	0.12954	0.02359	0.04208	0.00864	0.00603	0.00206	0.00517	0.00666	0.00632	0.03061
4	0.01755	0.01768	0.01765	0.01518	0.01879	0.17084	0.07212	0.06252	0.32427	0.02355	0.02529	0.02522	0.09719	0.01047	0.02786	0.00241	0.04949	0.00749	0.00541	0.00902
5	0.01391	0.01193	0.01391	0.00994	0.01590	0.00894	0.00795	0.01690	0.01391	0.02186	0.01193	0.01391	0.00994	0.00497	0.00497	0.00099	0.00497	0.00398	0.00398	0.80521
6	0.00894	0.00679	0.00823	0.00797	0.00971	0.00608	0.00594	0.01156	0.01755	0.02371	0.48344	0.08750	0.26794	0.01508	0.00795	0.00219	0.00327	0.01309	0.00697	0.00608
7	0.00818	0.00584	0.00779	0.00934	0.00973	0.00545	0.00623	0.00934	0.01285	0.01713	0.03698	0.75981	0.04438	0.02102	0.00856	0.00273	0.00389	0.01908	0.00623	0.00545
8	0.00802	0.00668	0.00700	0.00718	0.00918	0.00566	0.00529	0.00971	0.01512	0.01833	0.08874	0.15198	0.60929	0.01738	0.00801	0.00232	0.00345	0.01471	0.00627	0.00566
9	0.00795	0.00671	0.00689	0.00702	0.00912	0.00565	0.00520	0.00960	0.01508	0.01804	0.06521	0.12663	0.65934	0.01735	0.00799	0.00231	0.00344	0.01460	0.00623	0.00565
10	0.02551	0.01879	0.02014	0.01544	0.02081	0.02081	0.01275	0.69996	0.03155	0.04229	0.01611	0.01611	0.01141	0.00805	0.00671	0.00201	0.00738	0.00604	0.00671	0.01141
11	0.00959	0.00719	0.01078	0.01078	0.01198	0.00839	0.00839	0.01198	0.01078	0.01558	0.01797	0.02636	0.01677	0.05032	0.73760	0.01078	0.01797	0.00719	0.00359	0.00599
12	0.01346	0.03471	0.72942	0.01912	0.02904	0.01558	0.02479	0.02125	0.01417	0.02125	0.01204	0.01417	0.00850	0.00637	0.00637	0.00212	0.00992	0.00496	0.00283	0.00992
13	0.01669	0.01441	0.01517	0.01365	0.01745	0.01669	0.01062	0.03565	0.71021	0.02807	0.02731	0.02503	0.02048	0.00910	0.00683	0.00228	0.00531	0.00759	0.00683	0.01062
14	0.00976	0.00651	0.00732	0.00732	0.00732	0.00651	0.00407	0.00976	0.00976	0.01301	0.02114	0.04391	0.02439	0.76419	0.03415	0.00651	0.00651	0.00976	0.00407	0.00407
15	0.01267	0.01193	0.02013	0.74806	0.04621	0.01491	0.01863	0.01714	0.01342	0.01714	0.01193	0.01789	0.00894	0.00671	0.00671	0.00224	0.00894	0.00596	0.00298	0.00745
16	0.00838	0.00646	0.00772	0.00862	0.00994	0.00580	0.00629	0.00999	0.01418	0.01789	0.04983	0.38809	0.32736	0.01904	0.00838	0.00257	0.00395	0.09364	0.00622	0.00562
17	0.01197	0.01070	0.01536	0.01399	0.01462	0.01409	0.01134	0.01393	0.01055	0.01584	0.01368	0.02089	0.01304	0.03224	0.40227	0.00711	0.36190	0.00657	0.00329	0.00662
18	0.02791	0.01359	0.01678	0.01292	0.01804	0.01320	0.01065	0.24295	0.02310	0.48547	0.04795	0.02169	0.01664	0.00842	0.00678	0.00206	0.00615	0.00672	0.00777	0.01123
19	0.04317	0.13551	0.09732	0.01943	0.10402	0.16803	0.03635	0.08371	0.01577	0.02039	0.01084	0.01385	0.00916	0.00789	0.01016	0.00213	0.20495	0.00513	0.00347	0.00871
20	0.00856	0.00687	0.00767	0.00760	0.00962	0.00598	0.00578	0.01077	0.01640	0.02083	0.25878	0.06092	0.48710	0.01611	0.00800	0.00227	0.00349	0.05082	0.00657	0.00589
21	0.00818	0.00584	0.00779	0.00934	0.00973	0.00545	0.00623	0.00934	0.01285	0.01713	0.03698	0.75981	0.04438	0.02102	0.00856	0.00273	0.00389	0.01908	0.00623	0.00545
22	0.01546	0.01455	0.01611	0.01421	0.01514	0.11431	0.01149	0.01745	0.01259	0.01881	0.01290	0.01739	0.01127	0.00992	0.01470	0.00236	0.42900	0.00577	0.23949	0.00708
23	0.01971	0.03760	0.02577	0.10860	0.18027	0.07735	0.17476	0.12728	0.05060	0.10844	0.01536	0.01762	0.01140	0.00680	0.00687	0.00207	0.00871	0.00640	0.00458	0.00981
24	0.21346	0.13699	0.01936	0.01332	0.01795	0.14216	0.01105	0.27059	0.04193	0.02944	0.01283	0.01394	0.00995	0.00848	0.02962	0.00219	0.00791	0.00486	0.00483	0.00915
25	0.08487	0.05397	0.60370	0.01745	0.02651	0.01550	0.02187	0.02083	0.01389	0.02191	0.01171	0.01376	0.00847	0.00626	0.00603	0.00204	0.00913	0.00474	0.00302	0.05433
26	0.00988	0.00755	0.00916	0.00872	0.01064	0.00717	0.00663	0.01416	0.07984	0.02504	0.50465	0.05164	0.18779	0.01412	0.00787	0.00219	0.00351	0.03579	0.00707	0.00658

[dist]
# distance from previous block
# <min> <max>
0	12

[block]
# block no. 6 follows, 32 sequences, length 50
# corresponding to MSA columns:
# 399-404,421-464
name=unknown_G
#
# <colnr> <probs for GDERKNQSTAVLIFYWHMCP>
#	G	D	E	R	K	N	Q	S	T	A	V	L	I	F	Y	W	H	M	C	P
0	0.81159	0.01298	0.00986	0.00882	0.01298	0.01505	0.00727	0.01972	0.01142	0.03010	0.00934	0.01090	0.00727	0.00623	0.00415	0.00208	0.00519	0.00363	0.00415	0.00727
1	0.01051	0.00662	0.00884	0.00987	0.01091	0.00614	0.00709	0.01206	0.01384	0.08267	0.03687	0.58385	0.06366	0.01941	0.00846	0.00270	0.00433	0.09966	0.00641	0.00610
2	0.00950	0.00686	0.00897	0.00844	0.01002	0.00633	0.00633	0.01266	0.01899	0.02691	0.71879	0.05012	0.06331	0.01372	0.00791	0.00211	0.00317	0.01213	0.00739	0.00633
3	0.00822	0.00616	0.00766	0.00882	0.00973	0.00560	0.00613	0.00960	0.01357	0.01750	0.04477	0.55652	0.21503	0.01990	0.00843	0.00262	0.00386	0.04414	0.00623	0.00553
4	0.01251	0.00625	0.00625	0.00625	0.00782	0.00625	0.00469	0.01563	0.01407	0.02502	0.02189	0.02502	0.01720	0.00782	0.00469	0.00156	0.00313	0.00625	0.80144	0.00625
5	0.01794	0.76823	0.03516	0.01148	0.01722	0.02655	0.01148	0.02009	0.01363	0.01579	0.00933	0.01076	0.00861	0.00574	0.00431	0.00144	0.00718	0.00359	0.00287	0.00861
6	0.01346	0.03471	0.72942	0.01912	0.02904	0.01558	0.02479	0.02125	0.01417	0.02125	0.01204	0.01417	0.00850	0.00637	0.00637	0.00212	0.00992	0.00496	0.00283	0.00992
7	0.81159	0.01298	0.00986	0.00882	0.01298	0.01505	0.00727	0.01972	0.01142	0.03010	0.00934	0.01090	0.00727	0.00623	0.00415	0.00208	0.00519	0.00363	0.00415	0.00727
8	0.01468	0.01468	0.02055	0.01762	0.01762	0.02055	0.01468	0.01615	0.01028	0.01615	0.00881	0.01468	0.00881	0.01174	0.02202	0.00294	0.75191	0.00587	0.00294	0.00734
9	0.01267	0.01193	0.02013	0.74806	0.04621	0.01491	0.01863	0.01714	0.01342	0.01714	0.01193	0.01789	0.00894	0.00671	0.00671	0.00224	0.00894	0.00596	0.00298	0.00745
10	0.00818	0.00584	0.00779	0.00934	0.00973	0.00545	0.00623	0.00934	0.01285	0.01713	0.03698	0.75981	0.04438	0.02102	0.00856	0.00273	0.00389	0.01908	0.00623	0.00545
11	0.01661	0.01594	0.02724	0.04119	0.72233	0.01594	0.02059	0.02059	0.01528	0.02192	0.01262	0.01661	0.01063	0.00598	0.00664	0.00199	0.00797	0.00598	0.00332	0.01063
12	0.02506	0.03198	0.01901	0.01729	0.02074	0.73725	0.01296	0.02679	0.01901	0.01642	0.01037	0.01210	0.00864	0.00691	0.00605	0.00173	0.01210	0.00432	0.00346	0.00778
13	0.01991	0.01386	0.01518	0.04588	0.01722	0.01532	0.01020	0.40108	0.02376	0.03409	0.01774	0.01933	0.01328	0.00803	0.00650	0.00189	0.03067	0.00611	0.29069	0.00925
14	0.01430	0.17222	0.59927	0.01769	0.02683	0.01764	0.02230	0.02103	0.01407	0.02023	0.01153	0.01353	0.00852	0.00626	0.00599	0.00200	0.00940	0.00470	0.00284	0.00967
15	0.02506	0.03198	0.01901	0.01729	0.02074	0.73725	0.01296	0.02679	0.01901	0.01642	0.01037	0.01210	0.00864	0.00691	0.00605	0.00173	0.01210	0.00432	0.00346	0.00778
16	0.01370	0.01468	0.03071	0.02299	0.02799	0.01375	0.50481	0.01810	0.01500	0.02027	0.02011	0.22521	0.01973	0.00995	0.00810	0.00239	0.00924	0.01103	0.00419	0.00804
17	0.01669	0.01441	0.01517	0.01365	0.01745	0.01669	0.01062	0.03565	0.71021	0.02807	0.02731	0.02503	0.02048	0.00910	0.00683	0.00228	0.00531	0.00759	0.00683	0.01062
18	0.00959	0.00719	0.01078	0.01078	0.01198	0.00839	0.00839	0.01198	0.01078	0.01558	0.01797	0.02636	0.01677	0.05032	0.73760	0.01078	0.01797	0.00719	0.00359	0.00599
19	0.01528	0.01702	0.03633	0.07943	0.05748	0.01626	0.59503	0.02059	0.01551	0.02100	0.01450	0.05211	0.01168	0.00645	0.00782	0.00227	0.01069	0.00823	0.00349	0.00882
20	0.02971	0.01206	0.01597	0.01224	0.01745	0.01081	0.01011	0.09061	0.02028	0.66756	0.02557	0.02225	0.01616	0.00828	0.00674	0.00207	0.00585	0.00669	0.00817	0.01142
21	0.00818	0.00584	0.00779	0.00934	0.00973	0.00545	0.00623	0.00934	0.01285	0.01713	0.03698	0.75981	0.04438	0.02102	0.00856	0.00273	0.00389	0.01908	0.00623	0.00545
22	0.01098	0.00800	0.01087	0.01221	0.01389	0.00806	0.01060	0.01475	0.04736	0.02038	0.03633	0.07296	0.06258	0.01805	0.00911	0.00302	0.00604	0.62226	0.00621	0.00636
23	0.72346	0.01336	0.01040	0.03451	0.01420	0.04100	0.00776	0.01973	0.01187	0.02896	0.00997	0.01175	0.00777	0.00633	0.00433	0.00205	0.00549	0.00384	0.03596	0.00725
24	0.00818	0.00584	0.00779	0.00934	0.00973	0.00545	0.00623	0.00934	0.01285	0.01713	0.03698	0.75981	0.04438	0.02102	0.00856	0.00273	0.00389	0.01908	0.00623	0.00545
25	0.01678	0.01700	0.02798	0.08254	0.53990	0.06151	0.11409	0.02089	0.01547	0.02121	0.01257	0.01661	0.01033	0.00604	0.00679	0.00203	0.00876	0.00614	0.00332	0.01003
26	0.02296	0.01217	0.01470	0.01222	0.01639	0.01232	0.00974	0.05329	0.27510	0.36605	0.02526	0.02337	0.01758	0.00955	0.00796	0.05478	0.00551	0.00695	0.04379	0.01033
27	0.01624	0.01556	0.02657	0.10779	0.65863	0.01585	0.02041	0.02027	0.01510	0.02147	0.01256	0.01673	0.01047	0.00605	0.00665	0.00202	0.00806	0.00598	0.00329	0.01033
28	0.01306	0.01232	0.02083	0.67809	0.11315	0.01501	0.01883	0.01749	0.01360	0.01762	0.01199	0.01776	0.00911	0.00664	0.00670	0.00221	0.00885	0.00596	0.00302	0.00777
29	0.01267	0.01193	0.02013	0.74806	0.04621	0.01491	0.01863	0.01714	0.01342	0.01714	0.01193	0.01789	0.00894	0.00671	0.00671	0.00224	0.00894	0.00596	0.00298	0.00745
30	0.00926	0.00685	0.00864	0.00820	0.00988	0.00623	0.00615	0.01221	0.01844	0.02559	0.62148	0.05228	0.16145	0.01421	0.00792	0.00213	0.00320	0.01244	0.00721	0.00623
31	0.00818	0.00584	0.00779	0.00934	0.00973	0.00545	0.00623	0.00934	0.01285	0.01713	0.03698	0.75981	0.04438	0.02102	0.00856	0.00273	0.00389	0.01908	0.00623	0.00545
32	0.00815	0.00595	0.00767	0.00905	0.00965	0.00547	0.00610	0.00938	0.01313	0.01724	0.04057	0.67922	0.12265	0.02055	0.00849	0.00267	0.00384	0.01851	0.00623	0.00547
