[name]
unknown

[dist]
# distance from previous block
# <min> <max>
7	35

[block]
# block no. 0 follows, 36 sequences, length 25
# corresponding to MSA columns:
# 44-61,71-77
name=unknown_A
#
# <colnr> <probs for GDERKNQSTAVLIFYWHMCP>
#	G	D	E	R	K	N	Q	S	T	A	V	L	I	F	Y	W	H	M	C	P
0	0.02475	0.00735	0.00879	0.00876	0.01016	0.00730	0.00630	0.06254	0.03100	0.05629	0.09822	0.35679	0.12173	0.09154	0.00999	0.00262	0.02415	0.01270	0.05307	0.00595
1	0.01381	0.00843	0.01042	0.00968	0.01174	0.00844	0.00723	0.05068	0.09987	0.16135	0.08109	0.24088	0.09498	0.08073	0.04062	0.03197	0.02451	0.01077	0.00587	0.00693
2	0.08272	0.02710	0.05306	0.00952	0.01190	0.00878	0.00765	0.03288	0.07820	0.06455	0.13986	0.24065	0.07186	0.05698	0.03407	0.03195	0.00495	0.01042	0.00535	0.02753
3	0.06862	0.00918	0.01052	0.00972	0.01203	0.00948	0.00745	0.12252	0.06550	0.05927	0.07594	0.16440	0.11551	0.08482	0.09093	0.00334	0.00607	0.05005	0.00542	0.02923
4	0.13317	0.04052	0.09330	0.03010	0.01542	0.01216	0.01005	0.09121	0.03362	0.04941	0.06580	0.10374	0.04659	0.03760	0.05161	0.00256	0.07465	0.00713	0.00446	0.09690
5	0.01341	0.00996	0.02809	0.01008	0.01268	0.00966	0.02514	0.10261	0.10071	0.08579	0.09888	0.12043	0.13483	0.12937	0.01090	0.00265	0.02410	0.00947	0.03339	0.03788
6	0.05490	0.01298	0.01420	0.02977	0.01586	0.03756	0.00966	0.20178	0.18240	0.11863	0.05664	0.04271	0.05165	0.02646	0.00787	0.00210	0.06544	0.00692	0.05377	0.00868
7	0.01584	0.04512	0.10606	0.03054	0.01628	0.03137	0.01053	0.12224	0.08829	0.12445	0.04744	0.09068	0.05987	0.02477	0.04386	0.02323	0.00637	0.02531	0.03255	0.05518
8	0.05631	0.03146	0.01635	0.01240	0.01694	0.01243	0.04435	0.14188	0.08406	0.44020	0.04520	0.02010	0.01543	0.00773	0.00654	0.00195	0.02379	0.00624	0.00669	0.00996
9	0.03295	0.07031	0.12558	0.03896	0.05348	0.08220	0.01142	0.10348	0.03996	0.04471	0.07602	0.02478	0.12426	0.01303	0.07588	0.05685	0.00747	0.00681	0.00435	0.00746
10	0.03947	0.16528	0.01815	0.01176	0.01597	0.06972	0.00981	0.17839	0.11395	0.19256	0.01876	0.01887	0.03692	0.02897	0.02669	0.00212	0.00647	0.00571	0.03143	0.00900
11	0.01537	0.00856	0.00890	0.00797	0.01028	0.03310	0.00618	0.09683	0.01564	0.12135	0.02061	0.05849	0.01625	0.00792	0.00504	0.00162	0.00399	0.00637	0.54854	0.00700
12	0.07605	0.01455	0.02014	0.12170	0.37451	0.06065	0.01520	0.06321	0.05810	0.04759	0.01328	0.01684	0.01075	0.00633	0.00596	0.00186	0.00709	0.02329	0.00377	0.05914
13	0.75006	0.01177	0.00944	0.00835	0.01218	0.01341	0.00686	0.01879	0.01127	0.06986	0.03499	0.01204	0.00906	0.00614	0.00412	0.00193	0.00478	0.00382	0.00419	0.00694
14	0.01291	0.00723	0.00747	0.00700	0.00884	0.00744	0.00535	0.10156	0.01502	0.02485	0.02035	0.05908	0.01654	0.00789	0.00476	0.00156	0.00343	0.00637	0.67601	0.00636
15	0.00868	0.00632	0.00817	0.00780	0.00925	0.00581	0.00582	0.01146	0.01717	0.02411	0.66896	0.08433	0.09227	0.01324	0.00738	0.00200	0.00298	0.01169	0.00675	0.00581
16	0.01578	0.15628	0.22459	0.01573	0.02216	0.05986	0.13081	0.11114	0.01566	0.02128	0.01136	0.01328	0.00879	0.00569	0.00559	0.00164	0.00790	0.00476	0.00343	0.16428
17	0.00764	0.00555	0.00722	0.00843	0.00900	0.00513	0.00570	0.00888	0.01246	0.01652	0.07850	0.67342	0.10096	0.01880	0.00787	0.00246	0.00354	0.01695	0.00585	0.00513
18	0.01704	0.74063	0.03177	0.01098	0.01618	0.06742	0.01074	0.01902	0.01295	0.01469	0.00872	0.01007	0.00800	0.00539	0.00409	0.00135	0.00693	0.00337	0.00270	0.00795
19	0.01640	0.07398	0.30606	0.04220	0.04353	0.01623	0.05802	0.19366	0.10799	0.04301	0.02999	0.01598	0.01143	0.00674	0.00606	0.00193	0.00768	0.00548	0.00425	0.00940
20	0.00940	0.00701	0.00923	0.00919	0.01016	0.00755	0.00675	0.03714	0.01177	0.01603	0.06088	0.18750	0.11224	0.12321	0.26543	0.05376	0.05293	0.01011	0.00441	0.00531
21	0.02185	0.01887	0.01739	0.01415	0.01847	0.16254	0.01134	0.46097	0.12699	0.03187	0.01712	0.01702	0.03731	0.00771	0.00617	0.00186	0.00731	0.00577	0.00564	0.00964
22	0.00908	0.00602	0.00685	0.00685	0.00696	0.00596	0.00392	0.00900	0.00927	0.01225	0.02132	0.04045	0.05838	0.69716	0.03004	0.05399	0.00586	0.00905	0.00381	0.00379
23	0.01684	0.51154	0.14033	0.01315	0.01861	0.13019	0.03145	0.01965	0.01342	0.01568	0.00928	0.01097	0.00803	0.00577	0.00518	0.00154	0.03379	0.00381	0.00275	0.00804
24	0.01487	0.01429	0.02460	0.08236	0.64494	0.01441	0.04367	0.01855	0.01401	0.01989	0.01257	0.04447	0.01095	0.00611	0.00628	0.00190	0.00743	0.00608	0.00317	0.00945

[dist]
# distance from previous block
# <min> <max>
0	23

[block]
# block no. 1 follows, 36 sequences, length 33
# corresponding to MSA columns:
# 101-115,125-142
name=unknown_B
#
# <colnr> <probs for GDERKNQSTAVLIFYWHMCP>
#	G	D	E	R	K	N	Q	S	T	A	V	L	I	F	Y	W	H	M	C	P
0	0.00947	0.00744	0.00870	0.00831	0.01023	0.00722	0.00631	0.01427	0.12702	0.02256	0.40994	0.06877	0.23075	0.01320	0.00725	0.00206	0.00340	0.03036	0.00643	0.00631
1	0.00870	0.00707	0.00781	0.00773	0.00964	0.00662	0.00574	0.01247	0.10265	0.01955	0.19633	0.14848	0.41500	0.01474	0.00731	0.00213	0.00339	0.01262	0.00608	0.00593
2	0.01746	0.01578	0.08723	0.03729	0.10548	0.04242	0.06289	0.16656	0.01755	0.10477	0.04085	0.01616	0.01196	0.00626	0.00583	0.00163	0.00665	0.00530	0.00453	0.24340
3	0.01424	0.01360	0.02316	0.27321	0.51642	0.01449	0.01853	0.01809	0.01363	0.01892	0.01151	0.01581	0.00936	0.00577	0.00619	0.00192	0.00769	0.00555	0.00298	0.00892
4	0.00906	0.00604	0.00680	0.00680	0.00680	0.00604	0.00378	0.00906	0.00906	0.01208	0.01963	0.04077	0.02265	0.78103	0.03171	0.00604	0.00604	0.00906	0.00378	0.00378
5	0.03139	0.07416	0.10821	0.16243	0.30400	0.03712	0.03835	0.03752	0.01393	0.01953	0.01122	0.01445	0.00901	0.00566	0.00577	0.00175	0.00752	0.00500	0.00312	0.10983
6	0.02148	0.00980	0.01322	0.01083	0.01449	0.00932	0.00878	0.07320	0.01659	0.46000	0.06665	0.02321	0.01784	0.01819	0.20210	0.00404	0.00824	0.00664	0.00641	0.00899
7	0.02087	0.01310	0.01501	0.01219	0.01631	0.01382	0.00984	0.25549	0.21535	0.23213	0.10743	0.02276	0.02003	0.00844	0.00641	0.00196	0.00543	0.00686	0.00675	0.00983
8	0.00901	0.00596	0.00775	0.00850	0.00945	0.00545	0.00592	0.01048	0.01330	0.06273	0.13538	0.56469	0.10293	0.01750	0.00771	0.00238	0.00358	0.01570	0.00606	0.00554
9	0.00846	0.00628	0.00767	0.00744	0.00900	0.00567	0.00554	0.01093	0.01627	0.02229	0.50079	0.09507	0.22980	0.01377	0.00730	0.00202	0.00304	0.01199	0.03103	0.00567
10	0.01542	0.01480	0.02529	0.03824	0.74217	0.01480	0.01912	0.01912	0.01419	0.02036	0.01172	0.01542	0.00987	0.00555	0.00617	0.00185	0.00740	0.00555	0.00308	0.00987
11	0.00901	0.00602	0.00681	0.00687	0.00688	0.00600	0.00385	0.00905	0.00917	0.01222	0.02018	0.06841	0.02335	0.75245	0.03082	0.00591	0.00595	0.00939	0.00385	0.00382
12	0.01666	0.78478	0.03265	0.01066	0.01599	0.02465	0.01066	0.01866	0.01266	0.01466	0.00866	0.00999	0.00800	0.00533	0.00400	0.00133	0.00666	0.00333	0.00267	0.00800
13	0.01028	0.05679	0.01221	0.00964	0.01206	0.00883	0.05709	0.01488	0.10410	0.02262	0.43026	0.04173	0.17180	0.01177	0.00702	0.00198	0.00399	0.01032	0.00607	0.00657
14	0.02479	0.01043	0.01374	0.01083	0.01521	0.00931	0.00891	0.07080	0.01816	0.59430	0.05629	0.02639	0.06902	0.00882	0.00647	0.00197	0.00517	0.03217	0.00738	0.00985
15	0.00900	0.00627	0.00797	0.00797	0.00837	0.00668	0.00524	0.00981	0.00941	0.01295	0.01856	0.03483	0.02007	0.51332	0.29590	0.00749	0.00992	0.00819	0.00362	0.00443
16	0.01399	0.01104	0.01303	0.00936	0.01485	0.00837	0.00751	0.01673	0.01327	0.07182	0.01203	0.01351	0.00967	0.00483	0.00473	0.00099	0.00466	0.00387	0.00398	0.76176
17	0.00891	0.00664	0.00986	0.00986	0.01091	0.00770	0.00759	0.01103	0.00997	0.01435	0.01683	0.02527	0.01592	0.08259	0.72095	0.00982	0.01617	0.00679	0.00336	0.00548
18	0.82504	0.01205	0.00916	0.00819	0.01205	0.01398	0.00675	0.01832	0.01060	0.02795	0.00868	0.01012	0.00675	0.00578	0.00386	0.00193	0.00482	0.00337	0.00386	0.00675
19	0.05600	0.26177	0.30928	0.01386	0.02056	0.01675	0.03707	0.02083	0.04274	0.10067	0.01239	0.01343	0.00930	0.00594	0.00524	0.00171	0.00735	0.00446	0.00351	0.05714
20	0.01527	0.01479	0.02565	0.06006	0.68599	0.01482	0.05327	0.01906	0.01416	0.02020	0.01174	0.01553	0.00980	0.00556	0.00623	0.00187	0.00758	0.00564	0.00308	0.00971
21	0.01368	0.01376	0.01981	0.01676	0.01702	0.01895	0.04256	0.01520	0.00975	0.01520	0.00836	0.01376	0.00823	0.01067	0.01991	0.00270	0.73852	0.00553	0.00274	0.00688
22	0.01458	0.28698	0.46033	0.01525	0.02277	0.06444	0.01814	0.01969	0.01327	0.01773	0.01023	0.01196	0.00794	0.00575	0.00525	0.00173	0.00847	0.00414	0.00268	0.00867
23	0.01953	0.01589	0.17037	0.01441	0.01986	0.01162	0.10768	0.02525	0.10422	0.33711	0.09021	0.02166	0.01773	0.00759	0.00646	0.00199	0.00654	0.00665	0.00578	0.00946
24	0.00902	0.00619	0.00757	0.00757	0.00784	0.00646	0.00474	0.00956	0.00929	0.01265	0.01892	0.03686	0.02095	0.60460	0.20583	0.00700	0.00860	0.00849	0.00367	0.00420
25	0.10082	0.01321	0.08269	0.01148	0.01575	0.01185	0.01000	0.04332	0.23532	0.26100	0.10569	0.02386	0.04105	0.00839	0.00617	0.00200	0.00521	0.00682	0.00622	0.00915
26	0.08135	0.07063	0.09356	0.02091	0.23947	0.05095	0.04715	0.03931	0.05075	0.22244	0.01547	0.01624	0.01120	0.00641	0.00588	0.00187	0.00695	0.00541	0.00460	0.00945
27	0.00861	0.00612	0.00752	0.00764	0.00848	0.00578	0.00522	0.01013	0.01338	0.01820	0.29429	0.17348	0.10106	0.26945	0.01559	0.00346	0.00421	0.03689	0.00552	0.00498
28	0.02495	0.01247	0.01508	0.01169	0.01624	0.01229	0.00961	0.26361	0.02127	0.43755	0.02091	0.01928	0.01384	0.00759	0.00607	0.00186	0.00560	0.00600	0.08393	0.01015
29	0.01658	0.03974	0.23526	0.07424	0.14635	0.01296	0.10049	0.02102	0.01450	0.18860	0.01635	0.06110	0.01280	0.00726	0.00637	0.00200	0.00760	0.02352	0.00422	0.00903
30	0.03987	0.14951	0.19723	0.01416	0.02018	0.01538	0.06351	0.12239	0.04811	0.24532	0.01606	0.01597	0.01117	0.00665	0.00581	0.00185	0.00704	0.00531	0.00493	0.00954
31	0.02050	0.01085	0.01308	0.01077	0.01445	0.01067	0.00851	0.10970	0.14458	0.35723	0.04651	0.04713	0.07842	0.08761	0.00903	0.00240	0.00521	0.00763	0.00665	0.00905
32	0.01566	0.01228	0.01845	0.06952	0.17466	0.03469	0.06268	0.01875	0.03322	0.14082	0.03493	0.01970	0.01335	0.04716	0.12682	0.00352	0.15550	0.00626	0.00405	0.00798

[dist]
# distance from previous block
# <min> <max>
0	6

[block]
# block no. 2 follows, 36 sequences, length 30
# corresponding to MSA columns:
# 153-182
name=unknown_C
#
# <colnr> <probs for GDERKNQSTAVLIFYWHMCP>
#	G	D	E	R	K	N	Q	S	T	A	V	L	I	F	Y	W	H	M	C	P
0	0.01724	0.34085	0.02327	0.01307	0.04942	0.04051	0.03915	0.10572	0.09103	0.08107	0.10644	0.01951	0.01733	0.00737	0.00552	0.00171	0.00623	0.02152	0.00456	0.00848
1	0.01678	0.01473	0.01399	0.01213	0.01524	0.13252	0.00948	0.19556	0.17341	0.04452	0.14581	0.06139	0.08893	0.00988	0.00707	0.00198	0.03477	0.00790	0.00572	0.00819
2	0.03653	0.20667	0.06020	0.01664	0.12252	0.07698	0.06042	0.09339	0.01516	0.02027	0.01314	0.01500	0.04184	0.00631	0.00601	0.00161	0.04101	0.00490	0.00355	0.15785
3	0.01669	0.56960	0.13240	0.01334	0.04734	0.09758	0.01290	0.01946	0.01330	0.01567	0.00924	0.01079	0.00806	0.00553	0.00452	0.00147	0.00752	0.00367	0.00273	0.00816
4	0.00761	0.00557	0.00716	0.00836	0.00897	0.00512	0.00566	0.00882	0.01242	0.01636	0.06443	0.66305	0.12595	0.01881	0.00786	0.00246	0.00353	0.01692	0.00582	0.00512
5	0.00758	0.00565	0.00700	0.00805	0.00882	0.00514	0.00547	0.00875	0.01239	0.01601	0.04080	0.58310	0.20803	0.04143	0.00852	0.00253	0.00358	0.01636	0.00572	0.00507
6	0.00836	0.00636	0.00748	0.00746	0.00886	0.00582	0.00535	0.01062	0.03286	0.01954	0.31490	0.15397	0.27446	0.10380	0.01024	0.00257	0.00352	0.01244	0.00598	0.00542
7	0.26896	0.01083	0.01254	0.01004	0.01440	0.01045	0.00826	0.02575	0.01563	0.49141	0.05633	0.01914	0.01501	0.00738	0.00559	0.00193	0.00503	0.00564	0.00650	0.00919
8	0.01313	0.02324	0.40658	0.01712	0.02383	0.01413	0.12539	0.02197	0.18070	0.02093	0.01663	0.07950	0.01349	0.00754	0.00641	0.00207	0.00794	0.00668	0.00384	0.00889
9	0.00882	0.00637	0.00833	0.00784	0.00931	0.00588	0.00588	0.01176	0.01764	0.02499	0.73888	0.04654	0.05879	0.01274	0.00735	0.00196	0.00294	0.01127	0.00686	0.00588
10	0.70712	0.01246	0.01228	0.04713	0.01554	0.01414	0.07588	0.01836	0.01109	0.02659	0.00917	0.01108	0.00708	0.00575	0.00431	0.00195	0.00554	0.00386	0.00373	0.00692
11	0.00839	0.00635	0.00773	0.00738	0.00904	0.00569	0.00554	0.01092	0.01661	0.02256	0.53784	0.05053	0.26135	0.01364	0.00735	0.00200	0.00300	0.01183	0.00654	0.00569
12	0.01527	0.01465	0.02502	0.06798	0.71360	0.01476	0.01905	0.01899	0.01412	0.02017	0.01169	0.01547	0.00981	0.00558	0.00617	0.00186	0.00744	0.00555	0.00307	0.00975
13	0.01612	0.73096	0.03108	0.01062	0.01565	0.02349	0.01046	0.01814	0.01248	0.01465	0.00922	0.01100	0.00852	0.00819	0.05604	0.00193	0.00736	0.00356	0.00271	0.00783
14	0.00891	0.00662	0.00973	0.00973	0.01074	0.00763	0.00743	0.01094	0.00993	0.01425	0.01695	0.02591	0.01620	0.11138	0.69254	0.00966	0.01575	0.00689	0.00338	0.00541
15	0.82504	0.01205	0.00916	0.00819	0.01205	0.01398	0.00675	0.01832	0.01060	0.02795	0.00868	0.01012	0.00675	0.00578	0.00386	0.00193	0.00482	0.00337	0.00386	0.00675
16	0.01621	0.32303	0.31624	0.01518	0.03856	0.15783	0.01607	0.02027	0.01383	0.01694	0.00993	0.01162	0.00801	0.00578	0.00512	0.00165	0.00856	0.00402	0.00276	0.00838
17	0.01487	0.01461	0.02368	0.05627	0.55725	0.05009	0.06686	0.01836	0.01416	0.01954	0.01402	0.07804	0.01288	0.00701	0.00643	0.00194	0.00749	0.02407	0.00337	0.00905
18	0.01472	0.40834	0.35649	0.01397	0.02098	0.01962	0.01623	0.01980	0.04569	0.01748	0.01057	0.01203	0.00845	0.00574	0.00498	0.00166	0.00774	0.00408	0.00282	0.00863
19	0.02327	0.02970	0.01766	0.01605	0.01926	0.75602	0.01204	0.02488	0.01766	0.01525	0.00963	0.01124	0.00803	0.00642	0.00562	0.00161	0.01124	0.00401	0.00321	0.00722
20	0.01860	0.01764	0.15629	0.03871	0.14997	0.01479	0.04333	0.24722	0.04110	0.12390	0.03819	0.01809	0.01283	0.04227	0.00741	0.00211	0.00715	0.00595	0.00488	0.00954
21	0.01599	0.39944	0.22974	0.01403	0.04230	0.01856	0.04271	0.01973	0.01371	0.08671	0.05398	0.01454	0.01177	0.00616	0.00515	0.00165	0.00721	0.00467	0.00341	0.00853
22	0.00774	0.00549	0.00719	0.00848	0.00881	0.00516	0.00558	0.00871	0.01164	0.01551	0.03284	0.70171	0.03931	0.09737	0.01038	0.00289	0.00386	0.01683	0.00558	0.00493
23	0.21179	0.01080	0.01303	0.01031	0.01479	0.01016	0.00849	0.02696	0.01615	0.55636	0.04450	0.01948	0.01485	0.00743	0.00574	0.00193	0.00511	0.00576	0.00679	0.00956
24	0.01484	0.13170	0.19015	0.04993	0.29796	0.01531	0.08187	0.01901	0.01374	0.05453	0.01336	0.06570	0.01143	0.00664	0.00603	0.00188	0.00766	0.00603	0.00332	0.00892
25	0.01303	0.01249	0.02134	0.50250	0.21197	0.01429	0.06598	0.01777	0.04585	0.01775	0.01199	0.01664	0.00926	0.00610	0.00630	0.00202	0.00808	0.00574	0.00304	0.00788
26	0.00920	0.00679	0.00926	0.00912	0.00975	0.00770	0.00657	0.01054	0.00963	0.01359	0.01737	0.03010	0.01788	0.32333	0.44390	0.00813	0.05120	0.00752	0.00347	0.00495
27	0.44875	0.05372	0.01586	0.01734	0.20970	0.07922	0.01095	0.03740	0.01301	0.04894	0.01028	0.01214	0.00816	0.00586	0.00478	0.00185	0.00623	0.00417	0.00372	0.00792
28	0.00968	0.00670	0.00767	0.00726	0.00938	0.00579	0.00550	0.01172	0.01545	0.08631	0.25313	0.07443	0.45574	0.01428	0.00728	0.00206	0.00331	0.01211	0.00627	0.00592
29	0.08262	0.18008	0.02074	0.01720	0.15755	0.06371	0.01205	0.11488	0.09250	0.02214	0.01338	0.01682	0.01134	0.00704	0.00649	0.00180	0.05935	0.04038	0.00400	0.07593

[dist]
# distance from previous block
# <min> <max>
1	3

[block]
# block no. 3 follows, 36 sequences, length 12
# corresponding to MSA columns:
# 186-197
name=unknown_D
#
# <colnr> <probs for GDERKNQSTAVLIFYWHMCP>
#	G	D	E	R	K	N	Q	S	T	A	V	L	I	F	Y	W	H	M	C	P
0	0.01825	0.35874	0.06871	0.01744	0.14728	0.18305	0.01320	0.05315	0.03441	0.03735	0.01074	0.01232	0.00895	0.00589	0.00508	0.00159	0.00788	0.00424	0.00326	0.00847
1	0.00875	0.00605	0.00753	0.00780	0.00810	0.00621	0.00497	0.00940	0.00980	0.01329	0.02184	0.17787	0.02476	0.48732	0.17372	0.00617	0.00773	0.01023	0.00407	0.00438
2	0.01292	0.01107	0.01292	0.00923	0.01477	0.00831	0.00738	0.01569	0.01292	0.02030	0.01107	0.01292	0.00923	0.00461	0.00461	0.00092	0.00461	0.00369	0.00369	0.81912
3	0.10938	0.01006	0.01191	0.01067	0.03770	0.01011	0.00809	0.11652	0.05362	0.17352	0.32558	0.03102	0.05658	0.00983	0.00648	0.00195	0.00444	0.00821	0.00641	0.00791
4	0.00804	0.00627	0.00730	0.00718	0.00887	0.00553	0.00533	0.01021	0.01561	0.02048	0.36903	0.10478	0.37974	0.01466	0.00740	0.00207	0.00309	0.01262	0.00627	0.00553
5	0.01251	0.01140	0.01886	0.12387	0.33783	0.01189	0.04909	0.01544	0.01300	0.01795	0.01784	0.15557	0.01817	0.07044	0.00936	0.00246	0.03883	0.06410	0.00377	0.00762
6	0.00759	0.00542	0.00723	0.00868	0.00904	0.00506	0.00578	0.00868	0.01193	0.01591	0.03434	0.77697	0.04121	0.01952	0.00795	0.00253	0.00361	0.01771	0.00578	0.00506
7	0.00906	0.00604	0.00680	0.00680	0.00680	0.00604	0.00378	0.00906	0.00906	0.01208	0.01963	0.04077	0.02265	0.78103	0.03171	0.00604	0.00604	0.00906	0.00378	0.00378
8	0.01232	0.01171	0.01320	0.05068	0.11891	0.11291	0.00978	0.03722	0.01511	0.01947	0.19859	0.19022	0.10779	0.01199	0.00788	0.00209	0.05835	0.01016	0.00496	0.00667
9	0.17192	0.05193	0.06408	0.02056	0.14712	0.08385	0.20952	0.02039	0.01394	0.08464	0.01250	0.01579	0.00983	0.00634	0.00665	0.00197	0.04465	0.02234	0.00367	0.00831
10	0.45206	0.16934	0.05102	0.01124	0.01571	0.11066	0.04234	0.04999	0.01303	0.02344	0.00937	0.01090	0.00750	0.00583	0.00447	0.00178	0.00656	0.00379	0.00355	0.00742
11	0.04457	0.03957	0.04920	0.02282	0.29327	0.06237	0.07154	0.05119	0.04835	0.04641	0.05274	0.10331	0.04158	0.00860	0.00647	0.00199	0.00681	0.03657	0.00423	0.00839

[dist]
# distance from previous block
# <min> <max>
8	13

[block]
# block no. 4 follows, 36 sequences, length 11
# corresponding to MSA columns:
# 211-221
name=unknown_E
#
# <colnr> <probs for GDERKNQSTAVLIFYWHMCP>
#	G	D	E	R	K	N	Q	S	T	A	V	L	I	F	Y	W	H	M	C	P
0	0.06921	0.26175	0.31899	0.01617	0.08734	0.01708	0.03395	0.01886	0.01294	0.01882	0.01030	0.01224	0.00820	0.00555	0.00511	0.00166	0.00754	0.00419	0.00288	0.08722
1	0.00903	0.00596	0.00722	0.00728	0.00769	0.00577	0.00458	0.00925	0.01080	0.01444	0.12475	0.10755	0.08408	0.42635	0.02304	0.12869	0.00506	0.00993	0.00439	0.00414
2	0.01671	0.01515	0.01538	0.01462	0.06038	0.07979	0.01074	0.07695	0.57976	0.02565	0.02249	0.02119	0.01696	0.00804	0.00626	0.00204	0.00575	0.00660	0.00587	0.00968
3	0.07012	0.00972	0.03345	0.01009	0.01320	0.00877	0.03300	0.04804	0.05459	0.21205	0.18021	0.13896	0.13932	0.01146	0.00677	0.00206	0.00455	0.00982	0.00625	0.00757
4	0.01789	0.40711	0.20625	0.01302	0.01911	0.06090	0.01369	0.06710	0.01481	0.11015	0.01177	0.01259	0.00908	0.00598	0.00500	0.00162	0.00739	0.00421	0.00356	0.00875
5	0.01924	0.07713	0.08333	0.04020	0.13413	0.37163	0.01406	0.07927	0.01644	0.01836	0.01071	0.01310	0.00883	0.00810	0.03662	0.00209	0.05076	0.00462	0.00332	0.00805
6	0.00759	0.00576	0.00689	0.00776	0.00870	0.00518	0.00531	0.00879	0.01255	0.01601	0.04343	0.49018	0.28038	0.05983	0.00905	0.00258	0.00359	0.01567	0.00567	0.00506
7	0.01349	0.01279	0.02192	0.29411	0.38244	0.01371	0.05923	0.01710	0.01313	0.01799	0.01227	0.01826	0.01046	0.07717	0.00861	0.00233	0.00779	0.00598	0.00304	0.00817
8	0.01657	0.05855	0.02285	0.25233	0.17914	0.14638	0.11214	0.05429	0.03271	0.04832	0.01212	0.01535	0.00939	0.00611	0.00615	0.00189	0.00857	0.00547	0.00342	0.00825
9	0.00897	0.00602	0.00690	0.00695	0.00704	0.00598	0.00399	0.00918	0.00965	0.01294	0.05700	0.08073	0.02549	0.70094	0.02919	0.00564	0.00575	0.00964	0.00404	0.00395
10	0.00807	0.00620	0.00738	0.00737	0.00892	0.00551	0.00542	0.01020	0.01544	0.02044	0.36951	0.16229	0.32087	0.01495	0.00745	0.00210	0.00313	0.01297	0.00628	0.00551

[dist]
# distance from previous block
# <min> <max>
0	11

[block]
# block no. 5 follows, 36 sequences, length 30
# corresponding to MSA columns:
# 233-262
name=unknown_F
#
# <colnr> <probs for GDERKNQSTAVLIFYWHMCP>
#	G	D	E	R	K	N	Q	S	T	A	V	L	I	F	Y	W	H	M	C	P
0	0.01498	0.01368	0.01963	0.41468	0.18168	0.04432	0.01607	0.11797	0.07679	0.02098	0.01292	0.01648	0.00986	0.00646	0.00620	0.00198	0.00774	0.00562	0.00365	0.00832
1	0.01919	0.07486	0.09467	0.04460	0.07287	0.01622	0.07554	0.30282	0.05484	0.10265	0.05239	0.01844	0.01376	0.00731	0.00624	0.00191	0.00702	0.02002	0.00515	0.00950
2	0.01792	0.02004	0.02092	0.02306	0.23718	0.28894	0.04898	0.02149	0.06841	0.01778	0.01129	0.01417	0.00951	0.00718	0.00897	0.00197	0.16553	0.00516	0.00331	0.00819
3	0.01940	0.01504	0.01608	0.01334	0.01753	0.01694	0.01069	0.32856	0.40751	0.05410	0.02087	0.01962	0.01529	0.00801	0.00629	0.00200	0.00577	0.00640	0.00634	0.01020
4	0.26304	0.13786	0.13597	0.03935	0.01831	0.09908	0.03017	0.02136	0.06671	0.08550	0.01212	0.01320	0.00918	0.00613	0.00502	0.00179	0.00686	0.00436	0.00386	0.04014
5	0.00901	0.00617	0.00772	0.00804	0.00935	0.00556	0.00576	0.01078	0.01432	0.05932	0.23051	0.37355	0.20441	0.01617	0.00756	0.00225	0.00342	0.01429	0.00618	0.00564
6	0.00918	0.00706	0.01040	0.01024	0.01124	0.00837	0.00795	0.01126	0.00994	0.01439	0.01632	0.02456	0.01545	0.07681	0.68148	0.00941	0.06033	0.00671	0.00332	0.00556
7	0.00752	0.00603	0.00672	0.00715	0.00866	0.00523	0.00513	0.00902	0.01367	0.01700	0.09204	0.28832	0.47806	0.01680	0.00755	0.00223	0.00329	0.01450	0.00585	0.00523
8	0.69560	0.01277	0.01106	0.01052	0.05354	0.01459	0.00797	0.09231	0.01277	0.02872	0.00951	0.01093	0.00733	0.00595	0.00423	0.00192	0.00518	0.00373	0.00406	0.00733
9	0.00987	0.00721	0.01062	0.15524	0.04804	0.00740	0.00876	0.01173	0.01246	0.05686	0.02835	0.55573	0.03209	0.01570	0.00745	0.00238	0.00477	0.01421	0.00520	0.00594
10	0.01439	0.13062	0.07748	0.01036	0.01613	0.01160	0.00937	0.03357	0.01351	0.05303	0.01142	0.01292	0.00924	0.00504	0.00474	0.00114	0.00539	0.00388	0.00369	0.57247
11	0.82504	0.01205	0.00916	0.00819	0.01205	0.01398	0.00675	0.01832	0.01060	0.02795	0.00868	0.01012	0.00675	0.00578	0.00386	0.00193	0.00482	0.00337	0.00386	0.00675
12	0.01161	0.00581	0.00581	0.00581	0.00726	0.00581	0.00436	0.01452	0.01307	0.02323	0.02033	0.02323	0.01597	0.00726	0.00436	0.00145	0.00290	0.00581	0.81562	0.00581
13	0.00886	0.00660	0.00814	0.00846	0.00970	0.00629	0.00605	0.03874	0.04162	0.02003	0.24623	0.39964	0.14406	0.01608	0.00756	0.00226	0.00353	0.01427	0.00614	0.00573
14	0.01303	0.02416	0.44556	0.11335	0.20708	0.01414	0.02076	0.01880	0.01338	0.01938	0.01230	0.01675	0.00972	0.00638	0.00614	0.00200	0.00849	0.03675	0.00290	0.00894
15	0.01498	0.07265	0.23999	0.07386	0.08295	0.05149	0.14874	0.06228	0.06763	0.04316	0.06967	0.01767	0.01357	0.00664	0.00626	0.00193	0.00810	0.00596	0.00378	0.00868
16	0.00932	0.00601	0.00737	0.00779	0.00820	0.00578	0.00490	0.00996	0.01089	0.04760	0.04793	0.34026	0.03100	0.41158	0.02011	0.00430	0.00492	0.01253	0.00487	0.00468
17	0.01777	0.60710	0.05955	0.01200	0.01708	0.16599	0.01144	0.01991	0.01365	0.01498	0.00895	0.01037	0.00800	0.00557	0.00439	0.00141	0.00766	0.00352	0.00277	0.00790
18	0.01390	0.10209	0.16918	0.23483	0.27878	0.01536	0.01785	0.03607	0.01364	0.01870	0.01189	0.03884	0.00984	0.00629	0.00595	0.00190	0.00780	0.00550	0.00302	0.00856
19	0.00909	0.00592	0.00773	0.00859	0.00949	0.00542	0.00594	0.01043	0.01290	0.06836	0.08045	0.61656	0.09974	0.01794	0.00774	0.00242	0.00365	0.01611	0.00599	0.00552
20	0.02392	0.00964	0.01309	0.01052	0.01453	0.00840	0.00848	0.02623	0.01716	0.59845	0.09233	0.10704	0.02232	0.00948	0.00655	0.00200	0.00489	0.00800	0.00742	0.00955
21	0.01533	0.01640	0.15926	0.04859	0.22003	0.03145	0.04132	0.03627	0.09238	0.10696	0.05909	0.02435	0.06898	0.00803	0.00646	0.00200	0.00683	0.04292	0.00450	0.00884
22	0.01674	0.10598	0.19207	0.05730	0.25973	0.17821	0.01695	0.04706	0.03411	0.01913	0.01126	0.01363	0.00900	0.00598	0.00576	0.00179	0.00854	0.00479	0.00315	0.00882
23	0.00899	0.00612	0.00730	0.00734	0.00752	0.00628	0.00445	0.00936	0.00929	0.01256	0.01964	0.06123	0.02215	0.64565	0.14117	0.00654	0.00758	0.00897	0.00377	0.00409
24	0.03863	0.01070	0.01451	0.06551	0.11336	0.01069	0.01073	0.09814	0.03942	0.22500	0.11601	0.05063	0.05484	0.01002	0.00677	0.00210	0.00556	0.11308	0.00590	0.00840
25	0.03291	0.08180	0.01908	0.03303	0.08511	0.22831	0.06929	0.08161	0.11082	0.07065	0.02966	0.07623	0.01430	0.00777	0.00603	0.00185	0.00764	0.00636	0.02933	0.00824
26	0.05057	0.01422	0.07012	0.05785	0.10065	0.01310	0.06058	0.17316	0.05993	0.14016	0.06061	0.05000	0.04397	0.00785	0.00625	0.00190	0.00630	0.00671	0.00516	0.07092
27	0.11172	0.11570	0.04719	0.01674	0.12669	0.07134	0.06224	0.09879	0.05262	0.06707	0.04047	0.03678	0.01252	0.00684	0.00605	0.00178	0.02995	0.00549	0.00419	0.08581
28	0.03529	0.31488	0.22293	0.01495	0.05831	0.10439	0.01448	0.01995	0.04887	0.01753	0.01088	0.01278	0.00895	0.00703	0.02186	0.00189	0.05048	0.00431	0.02202	0.00823
29	0.01740	0.07989	0.14928	0.01852	0.16290	0.04359	0.03939	0.13923	0.03160	0.10622	0.04469	0.01741	0.03133	0.00673	0.00593	0.00177	0.00698	0.00558	0.00439	0.08715

[dist]
# distance from previous block
# <min> <max>
4	8

[block]
# block no. 6 follows, 36 sequences, length 7
# corresponding to MSA columns:
# 271-277
name=unknown_G
#
# <colnr> <probs for GDERKNQSTAVLIFYWHMCP>
#	G	D	E	R	K	N	Q	S	T	A	V	L	I	F	Y	W	H	M	C	P
0	0.01432	0.08420	0.10870	0.08128	0.17750	0.06486	0.09416	0.04781	0.01434	0.04369	0.01709	0.19060	0.01662	0.00904	0.00646	0.00201	0.00728	0.00817	0.00390	0.00798
1	0.04254	0.07670	0.31046	0.02262	0.20168	0.08915	0.10467	0.01972	0.01383	0.01922	0.01125	0.01402	0.00880	0.00708	0.03032	0.00214	0.00904	0.00505	0.00293	0.00879
2	0.01743	0.01069	0.01481	0.05180	0.13977	0.01067	0.01079	0.02299	0.14928	0.25224	0.11615	0.07948	0.02381	0.00961	0.00670	0.00207	0.00535	0.06155	0.00603	0.00879
3	0.01618	0.01995	0.29518	0.01895	0.08578	0.01270	0.16938	0.02108	0.01476	0.17903	0.05142	0.05775	0.01430	0.00719	0.00651	0.00201	0.00788	0.00666	0.00427	0.00901
4	0.01649	0.07995	0.13154	0.07535	0.20412	0.04625	0.09197	0.02101	0.04729	0.12321	0.01432	0.03425	0.01111	0.00635	0.00601	0.00183	0.00746	0.00568	0.00390	0.07192
5	0.01329	0.01001	0.05168	0.01272	0.05823	0.00852	0.06391	0.04111	0.01540	0.14336	0.15025	0.21056	0.11645	0.01263	0.00722	0.00218	0.00507	0.06444	0.00577	0.00719
6	0.01415	0.01057	0.07022	0.01215	0.03290	0.00897	0.07776	0.01590	0.01274	0.16559	0.05239	0.07352	0.07401	0.14503	0.05033	0.12300	0.04161	0.00801	0.00460	0.00656

[dist]
# distance from previous block
# <min> <max>
5	7

[block]
# block no. 7 follows, 36 sequences, length 19
# corresponding to MSA columns:
# 285-303
name=unknown_H
#
# <colnr> <probs for GDERKNQSTAVLIFYWHMCP>
#	G	D	E	R	K	N	Q	S	T	A	V	L	I	F	Y	W	H	M	C	P
0	0.01661	0.06875	0.14111	0.10929	0.22925	0.01437	0.01547	0.05743	0.09947	0.13105	0.01598	0.04723	0.01245	0.00701	0.00610	0.00193	0.00697	0.00602	0.00430	0.00924
1	0.01563	0.20147	0.27037	0.01803	0.08382	0.03037	0.10810	0.06566	0.01462	0.05399	0.03183	0.01450	0.01026	0.00632	0.00654	0.00185	0.04940	0.00511	0.00336	0.00877
2	0.01629	0.01564	0.02395	0.21167	0.18583	0.10197	0.18836	0.02043	0.03569	0.08346	0.01292	0.01623	0.00985	0.00628	0.00710	0.00200	0.04453	0.00591	0.00353	0.00838
3	0.04001	0.01538	0.06420	0.10302	0.15690	0.07982	0.09543	0.06150	0.05349	0.14988	0.05909	0.01997	0.04212	0.00715	0.00630	0.00192	0.00723	0.00630	0.00457	0.02572
4	0.02183	0.01579	0.01604	0.01303	0.01717	0.11492	0.01045	0.27368	0.09534	0.20343	0.01822	0.05893	0.01382	0.00811	0.00670	0.00188	0.03583	0.00624	0.00587	0.06272
5	0.08344	0.01047	0.01336	0.01072	0.01480	0.00981	0.00867	0.06475	0.03167	0.52785	0.02252	0.05073	0.01595	0.04706	0.05662	0.00268	0.00606	0.00664	0.00677	0.00943
6	0.01497	0.01999	0.22487	0.05441	0.30430	0.04401	0.12846	0.01971	0.01411	0.04590	0.01202	0.01493	0.00928	0.00568	0.00617	0.00186	0.00832	0.00541	0.00317	0.06242
7	0.01093	0.00786	0.00911	0.00858	0.01068	0.00767	0.00652	0.01567	0.13798	0.06983	0.25606	0.04582	0.24492	0.08404	0.00945	0.00246	0.00398	0.05581	0.00615	0.00649
8	0.00890	0.00668	0.01001	0.01001	0.01113	0.00779	0.00779	0.01113	0.01001	0.01446	0.01669	0.02448	0.01558	0.04673	0.75634	0.01001	0.01669	0.00668	0.00334	0.00556
9	0.00934	0.00737	0.01062	0.01322	0.13149	0.00699	0.00801	0.01156	0.01448	0.02002	0.29035	0.35671	0.06662	0.01457	0.00741	0.00219	0.00398	0.01316	0.00573	0.00617
10	0.01396	0.01245	0.01821	0.02320	0.33306	0.01282	0.03533	0.06556	0.16133	0.02177	0.02370	0.11720	0.09499	0.00943	0.00667	0.00205	0.00599	0.02896	0.00466	0.00866
11	0.00957	0.00749	0.00904	0.00911	0.01062	0.00779	0.00673	0.01410	0.14266	0.01808	0.08849	0.20076	0.15987	0.08991	0.16826	0.00424	0.00678	0.03516	0.00527	0.00605
12	0.01041	0.00793	0.01215	0.01264	0.01446	0.00785	0.06602	0.01346	0.01437	0.01875	0.03138	0.06606	0.03377	0.01627	0.00851	0.00281	0.00611	0.64557	0.00553	0.00595
13	0.01308	0.01858	0.24914	0.26226	0.18158	0.01388	0.04534	0.04303	0.01414	0.01976	0.06886	0.01758	0.01262	0.00651	0.00625	0.00198	0.00801	0.00577	0.00325	0.00837
14	0.01543	0.01450	0.02412	0.12558	0.61688	0.01494	0.01850	0.05769	0.01481	0.02086	0.01182	0.01554	0.00972	0.00574	0.00618	0.00188	0.00748	0.00555	0.00322	0.00955
15	0.00976	0.06818	0.00981	0.00813	0.01029	0.00758	0.00645	0.03041	0.01476	0.04294	0.13042	0.14098	0.38462	0.01473	0.00725	0.00216	0.00395	0.09593	0.00574	0.00591
16	0.01176	0.00947	0.01088	0.01040	0.01218	0.08039	0.03595	0.01368	0.01406	0.08025	0.11817	0.27534	0.14267	0.01692	0.06694	0.00285	0.03470	0.05181	0.00541	0.00616
17	0.07873	0.09330	0.46084	0.01760	0.07104	0.01560	0.05183	0.07552	0.01450	0.04855	0.01166	0.01340	0.00851	0.00599	0.00571	0.00190	0.00825	0.00473	0.00326	0.00907
18	0.04217	0.01629	0.12595	0.12259	0.29130	0.03725	0.05689	0.04568	0.04001	0.02033	0.04111	0.07502	0.01374	0.00744	0.00685	0.00201	0.03668	0.00660	0.00359	0.00850

[dist]
# distance from previous block
# <min> <max>
2	10

[block]
# block no. 8 follows, 36 sequences, length 14
# corresponding to MSA columns:
# 314-327
name=unknown_I
#
# <colnr> <probs for GDERKNQSTAVLIFYWHMCP>
#	G	D	E	R	K	N	Q	S	T	A	V	L	I	F	Y	W	H	M	C	P
0	0.15969	0.25250	0.22006	0.01321	0.04182	0.01654	0.03283	0.04962	0.01380	0.02089	0.07626	0.01713	0.04845	0.00684	0.00522	0.00177	0.00667	0.00515	0.00358	0.00797
1	0.00901	0.00613	0.00725	0.00717	0.00748	0.00613	0.00438	0.00963	0.01051	0.01433	0.13612	0.04065	0.02806	0.60887	0.07466	0.00564	0.00623	0.00926	0.00425	0.00423
2	0.01070	0.00803	0.00940	0.00862	0.01067	0.00785	0.00659	0.10713	0.03964	0.02413	0.39618	0.07548	0.19808	0.04078	0.00811	0.00218	0.00379	0.02992	0.00634	0.00639
3	0.03721	0.08366	0.21360	0.02217	0.19328	0.05636	0.14227	0.02126	0.06518	0.06349	0.01301	0.01509	0.00991	0.00594	0.00602	0.00187	0.00813	0.00539	0.00350	0.03265
4	0.03996	0.18031	0.06615	0.01500	0.01932	0.11333	0.11227	0.07433	0.15911	0.03830	0.01486	0.05031	0.01230	0.00746	0.00701	0.00191	0.06968	0.00589	0.00411	0.00839
5	0.01324	0.13228	0.59423	0.01750	0.02595	0.01595	0.07821	0.01961	0.01321	0.01907	0.01096	0.01303	0.00803	0.00579	0.00578	0.00190	0.00897	0.00466	0.00268	0.00898
6	0.01281	0.01250	0.06810	0.07566	0.05914	0.03397	0.08135	0.04397	0.10279	0.04281	0.03682	0.11389	0.07712	0.11468	0.02420	0.00283	0.03965	0.04601	0.00454	0.00716
7	0.03318	0.03973	0.07551	0.02159	0.26186	0.01397	0.04972	0.09089	0.11287	0.02236	0.01467	0.03667	0.01210	0.00976	0.06719	0.00246	0.00751	0.00582	0.00399	0.11815
8	0.01337	0.01193	0.01869	0.66486	0.03974	0.01458	0.01657	0.11089	0.01472	0.01906	0.01160	0.01639	0.00861	0.00640	0.00623	0.00205	0.00811	0.00555	0.00323	0.00742
9	0.00845	0.00616	0.00799	0.00824	0.00945	0.00570	0.00610	0.01075	0.01548	0.02124	0.42750	0.25448	0.10855	0.01526	0.00762	0.00221	0.00338	0.06947	0.00638	0.00559
10	0.04226	0.01817	0.18048	0.04639	0.19172	0.04477	0.15913	0.03628	0.03192	0.09472	0.01530	0.08316	0.01271	0.00721	0.00643	0.00200	0.00791	0.00676	0.00389	0.00878
11	0.20793	0.01451	0.01676	0.12929	0.24187	0.11657	0.01288	0.04230	0.01379	0.02087	0.01377	0.11625	0.01289	0.00777	0.00579	0.00196	0.00692	0.00646	0.00371	0.00771
12	0.00778	0.00576	0.00699	0.00782	0.00860	0.00527	0.00526	0.00891	0.01231	0.01596	0.06625	0.47697	0.20785	0.12087	0.01099	0.00288	0.00380	0.01520	0.00555	0.00497
13	0.01010	0.00768	0.01051	0.01292	0.11664	0.00728	0.00814	0.03219	0.01383	0.04335	0.05643	0.38206	0.18772	0.01552	0.00749	0.00231	0.00437	0.06972	0.00550	0.00624

[dist]
# distance from previous block
# <min> <max>
0	1

[block]
# block no. 9 follows, 36 sequences, length 7
# corresponding to MSA columns:
# 329-335
name=unknown_J
#
# <colnr> <probs for GDERKNQSTAVLIFYWHMCP>
#	G	D	E	R	K	N	Q	S	T	A	V	L	I	F	Y	W	H	M	C	P
0	0.01758	0.07291	0.11879	0.05922	0.35759	0.04484	0.04937	0.04750	0.01519	0.13738	0.01355	0.01559	0.01023	0.00606	0.00603	0.00185	0.00757	0.00540	0.00385	0.00949
1	0.67294	0.06197	0.10394	0.00955	0.01417	0.01469	0.00904	0.01851	0.01105	0.02610	0.00899	0.01050	0.00697	0.00577	0.00412	0.00190	0.00549	0.00353	0.00363	0.00713
2	0.01735	0.01846	0.02342	0.03279	0.56465	0.19682	0.01738	0.02054	0.01504	0.01910	0.01121	0.01439	0.00942	0.00576	0.00603	0.00179	0.00834	0.00517	0.00312	0.00922
3	0.01004	0.00891	0.00891	0.00900	0.01045	0.09515	0.00661	0.01209	0.01538	0.01978	0.32213	0.25132	0.14659	0.01454	0.00737	0.00214	0.00428	0.04368	0.00591	0.00571
4	0.01986	0.01873	0.10456	0.01496	0.05027	0.08956	0.01260	0.33807	0.10327	0.06275	0.01499	0.01537	0.01100	0.00687	0.00594	0.00177	0.00702	0.00528	0.00513	0.11202
5	0.01677	0.17847	0.12311	0.01842	0.17940	0.05969	0.01381	0.05993	0.10531	0.07120	0.01360	0.01479	0.01060	0.00612	0.00549	0.00167	0.00690	0.00488	0.00392	0.10591
6	0.01432	0.07695	0.33671	0.04435	0.07995	0.03250	0.07821	0.01970	0.03727	0.08229	0.10022	0.03960	0.01621	0.00724	0.00620	0.00194	0.00764	0.00622	0.00388	0.00860

[dist]
# distance from previous block
# <min> <max>
0	5

[block]
# block no. 10 follows, 36 sequences, length 15
# corresponding to MSA columns:
# 341-355
name=unknown_K
#
# <colnr> <probs for GDERKNQSTAVLIFYWHMCP>
#	G	D	E	R	K	N	Q	S	T	A	V	L	I	F	Y	W	H	M	C	P
0	0.10932	0.01679	0.11994	0.01758	0.06070	0.04313	0.19282	0.07694	0.12638	0.04145	0.03336	0.06065	0.01383	0.00872	0.03163	0.00231	0.02509	0.00670	0.00426	0.00843
1	0.01175	0.01448	0.14078	0.06047	0.08412	0.03358	0.11240	0.01533	0.03379	0.01717	0.02031	0.13144	0.07044	0.13117	0.04309	0.00309	0.05736	0.00853	0.00378	0.00694
2	0.01232	0.01137	0.01890	0.44665	0.23127	0.01287	0.01603	0.01616	0.01374	0.01856	0.12445	0.02094	0.01659	0.00705	0.00639	0.00200	0.00722	0.00643	0.00349	0.00758
3	0.01134	0.00720	0.00979	0.11173	0.01462	0.00697	0.00769	0.01322	0.01359	0.13010	0.06593	0.39090	0.16293	0.01488	0.00732	0.00227	0.00440	0.01315	0.00572	0.00625
4	0.02177	0.02720	0.01788	0.01610	0.01881	0.64140	0.01229	0.02334	0.01639	0.01521	0.00940	0.01161	0.00805	0.00712	0.00792	0.00178	0.12919	0.00424	0.00313	0.00716
5	0.01002	0.00996	0.00833	0.00802	0.01021	0.12210	0.00601	0.01177	0.01517	0.01761	0.13978	0.05070	0.54023	0.01394	0.00709	0.00201	0.00439	0.01149	0.00552	0.00564
6	0.00931	0.12686	0.01154	0.00934	0.01061	0.00838	0.00708	0.01077	0.01235	0.01606	0.03018	0.56799	0.03536	0.01702	0.00742	0.00239	0.00436	0.10210	0.00529	0.00560
7	0.01327	0.01785	0.18634	0.09321	0.15764	0.01415	0.24314	0.01792	0.01351	0.01893	0.01423	0.07371	0.01253	0.00749	0.00763	0.00213	0.05619	0.03859	0.00327	0.00824
8	0.02217	0.13567	0.01998	0.01319	0.01804	0.01866	0.01115	0.50551	0.04601	0.09593	0.04190	0.01614	0.01264	0.00739	0.00593	0.00180	0.00649	0.00556	0.00583	0.01000
9	0.00897	0.00600	0.00682	0.00692	0.00694	0.00598	0.00390	0.00904	0.00924	0.01233	0.02057	0.08780	0.02384	0.73239	0.03019	0.00582	0.00589	0.00961	0.00390	0.00386
10	0.05875	0.01560	0.11597	0.13602	0.11150	0.01471	0.06762	0.06108	0.18053	0.03386	0.01615	0.06520	0.01326	0.00787	0.00750	0.00211	0.07303	0.00657	0.00418	0.00852
11	0.05866	0.01122	0.01330	0.04837	0.03383	0.02929	0.00930	0.15180	0.01653	0.05911	0.12803	0.13452	0.07339	0.01135	0.02387	0.00219	0.09540	0.00845	0.00513	0.08624
12	0.04621	0.15828	0.05800	0.11667	0.08270	0.05168	0.01200	0.01777	0.02873	0.07557	0.03097	0.05459	0.03099	0.02630	0.06408	0.00257	0.08020	0.00596	0.00373	0.05300
13	0.01632	0.18665	0.08425	0.06902	0.14463	0.13142	0.01352	0.08086	0.03328	0.01956	0.03139	0.03672	0.01238	0.00710	0.00601	0.00176	0.02454	0.03691	0.00363	0.06005
14	0.01348	0.06936	0.12763	0.01466	0.09978	0.05795	0.01144	0.05496	0.04732	0.06566	0.04981	0.28780	0.05141	0.01164	0.00668	0.00209	0.00592	0.01008	0.00481	0.00752

[dist]
# distance from previous block
# <min> <max>
0	14

# created by:
# /home/cegg/simao/soft/augustus-3.2.1/scripts/msa2prfl.pl ./align_prep/EOG090W0CCL.fa
