[name]
unknown

[dist]
# distance from previous block
# <min> <max>
5	72

[block]
# block no. 0 follows, 28 sequences, length 14
# corresponding to MSA columns:
# 73-86
name=unknown_A
#
# <colnr> <probs for GDERKNQSTAVLIFYWHMCP>
#	G	D	E	R	K	N	Q	S	T	A	V	L	I	F	Y	W	H	M	C	P
0	0.08690	0.12362	0.56006	0.01867	0.02828	0.01830	0.02333	0.02271	0.01500	0.02317	0.01241	0.01457	0.00910	0.00681	0.00641	0.00220	0.00990	0.00506	0.00321	0.01030
1	0.01035	0.01039	0.07804	0.00991	0.01267	0.00769	0.00855	0.01394	0.01921	0.02652	0.49542	0.05379	0.19657	0.01483	0.00841	0.00232	0.00421	0.01285	0.00725	0.00709
2	0.01373	0.01292	0.02180	0.72707	0.05006	0.01615	0.02019	0.01857	0.01453	0.01857	0.01292	0.01938	0.00969	0.00727	0.00727	0.00242	0.00969	0.00646	0.00323	0.00807
3	0.01530	0.09395	0.54324	0.02064	0.03042	0.01769	0.09645	0.02271	0.01549	0.02259	0.01298	0.01550	0.00950	0.00669	0.00683	0.00220	0.01040	0.00555	0.00320	0.04870
4	0.00883	0.00642	0.00834	0.00987	0.01048	0.00593	0.00664	0.01015	0.01416	0.01865	0.04311	0.67902	0.10688	0.02238	0.00922	0.00291	0.00417	0.02018	0.00675	0.00593
5	0.01772	0.01700	0.02902	0.08767	0.65825	0.01720	0.02217	0.02207	0.01642	0.02342	0.01363	0.01808	0.01140	0.00653	0.00720	0.00218	0.00870	0.00648	0.00357	0.01130
6	0.00881	0.00652	0.00824	0.00961	0.01041	0.00595	0.00652	0.01018	0.01441	0.01876	0.04630	0.61548	0.16837	0.02196	0.00915	0.00286	0.00412	0.01968	0.00675	0.00595
7	0.79588	0.01406	0.01068	0.00956	0.01406	0.01631	0.00787	0.02137	0.01237	0.03261	0.01012	0.01181	0.00787	0.00675	0.00450	0.00225	0.00562	0.00394	0.00450	0.00787
8	0.01980	0.01458	0.02169	0.01618	0.02193	0.01335	0.16549	0.08894	0.05953	0.14243	0.01878	0.02019	0.01385	0.00715	0.00674	0.00187	0.00718	0.00658	0.09823	0.25552
9	0.02251	0.01781	0.01893	0.01569	0.02059	0.02015	0.01258	0.33347	0.38401	0.03754	0.02396	0.02264	0.01764	0.00934	0.00734	0.00233	0.00679	0.00744	0.00734	0.01190
10	0.01056	0.00711	0.00824	0.00824	0.00835	0.00722	0.00480	0.01077	0.01066	0.01433	0.02262	0.04598	0.02574	0.68676	0.09383	0.00744	0.00809	0.01034	0.00436	0.00458
11	0.01908	0.01899	0.01641	0.01514	0.01869	0.18341	0.01151	0.03270	0.44120	0.02588	0.02653	0.11453	0.02242	0.01094	0.00743	0.00239	0.00732	0.00896	0.00644	0.01006
12	0.05375	0.09032	0.02101	0.01563	0.02075	0.29288	0.01249	0.20224	0.02233	0.02715	0.01313	0.01451	0.01041	0.00725	0.00626	0.00178	0.00936	0.00501	0.00479	0.16894
13	0.05293	0.07645	0.02239	0.04503	0.19800	0.24173	0.01457	0.02321	0.01709	0.02151	0.01224	0.01494	0.01024	0.00653	0.00620	0.00174	0.00906	0.00502	0.00382	0.21728

[dist]
# distance from previous block
# <min> <max>
0	2

[block]
# block no. 1 follows, 28 sequences, length 8
# corresponding to MSA columns:
# 89-96
name=unknown_B
#
# <colnr> <probs for GDERKNQSTAVLIFYWHMCP>
#	G	D	E	R	K	N	Q	S	T	A	V	L	I	F	Y	W	H	M	C	P
0	0.14796	0.01711	0.01868	0.09450	0.02331	0.01924	0.01294	0.33435	0.15426	0.07733	0.01880	0.01908	0.01359	0.00848	0.00685	0.00228	0.00726	0.00649	0.00650	0.01099
1	0.02082	0.01984	0.08055	0.01742	0.05264	0.05097	0.01414	0.21245	0.38399	0.03313	0.02317	0.02232	0.01722	0.00902	0.00727	0.00233	0.00729	0.00726	0.00663	0.01153
2	0.02686	0.01376	0.02072	0.01670	0.04997	0.01268	0.10425	0.08799	0.02128	0.44465	0.09970	0.02639	0.02190	0.00912	0.00762	0.00227	0.00700	0.00804	0.00775	0.01135
3	0.01052	0.00723	0.00885	0.00885	0.00917	0.00755	0.00556	0.01116	0.01084	0.01478	0.02206	0.04288	0.02439	0.57440	0.20435	0.00819	0.01011	0.00988	0.00428	0.00492
4	0.01590	0.01590	0.02226	0.01908	0.01908	0.02226	0.01590	0.01749	0.01113	0.01749	0.00954	0.01590	0.00954	0.01272	0.02385	0.00318	0.73123	0.00636	0.00318	0.00795
5	0.01887	0.01601	0.01688	0.01495	0.01920	0.01845	0.01170	0.09109	0.63231	0.03168	0.02859	0.02632	0.02138	0.00977	0.00739	0.00244	0.00594	0.00808	0.00739	0.01158
6	0.00898	0.00706	0.00814	0.00876	0.01041	0.00622	0.00635	0.01083	0.01600	0.02018	0.11378	0.30055	0.38734	0.01969	0.00890	0.00265	0.00399	0.04717	0.00685	0.00614
7	0.01722	0.01649	0.02812	0.16773	0.58210	0.01707	0.02193	0.02163	0.01619	0.02281	0.01354	0.01824	0.01119	0.00662	0.00721	0.00221	0.00883	0.00647	0.00353	0.01089

[dist]
# distance from previous block
# <min> <max>
0	54

[block]
# block no. 2 follows, 28 sequences, length 49
# corresponding to MSA columns:
# 151-159,161-200
name=unknown_C
#
# <colnr> <probs for GDERKNQSTAVLIFYWHMCP>
#	G	D	E	R	K	N	Q	S	T	A	V	L	I	F	Y	W	H	M	C	P
0	0.01061	0.00811	0.01211	0.01198	0.01323	0.00962	0.00936	0.01316	0.01166	0.01690	0.01907	0.02805	0.01782	0.05283	0.68787	0.01134	0.04813	0.00773	0.00387	0.00655
1	0.01943	0.74891	0.03809	0.01244	0.01866	0.02876	0.01244	0.02177	0.01477	0.01710	0.01011	0.01166	0.00933	0.00622	0.00466	0.00155	0.00777	0.00389	0.00311	0.00933
2	0.01057	0.00705	0.00793	0.00793	0.00793	0.00705	0.00440	0.01057	0.01057	0.01409	0.02290	0.04757	0.02643	0.74454	0.03700	0.00705	0.00705	0.01057	0.00440	0.00440
3	0.01799	0.01727	0.02950	0.04462	0.69919	0.01727	0.02231	0.02231	0.01655	0.02375	0.01367	0.01799	0.01151	0.00648	0.00720	0.00216	0.00864	0.00648	0.00360	0.01151
4	0.01507	0.01292	0.01507	0.01077	0.01723	0.00969	0.00861	0.01830	0.01507	0.02369	0.01292	0.01507	0.01077	0.00538	0.00538	0.00108	0.00538	0.00431	0.00431	0.78898
5	0.03261	0.01237	0.01687	0.01293	0.01856	0.01068	0.01068	0.03543	0.02081	0.70423	0.02868	0.02474	0.01799	0.00900	0.00731	0.00225	0.00619	0.00731	0.00900	0.01237
6	0.02763	0.02036	0.02182	0.01672	0.02254	0.02254	0.01382	0.67496	0.03418	0.04581	0.01745	0.01745	0.01236	0.00873	0.00727	0.00218	0.00800	0.00654	0.00727	0.01236
7	0.01029	0.00743	0.00972	0.00914	0.01086	0.00686	0.00686	0.01372	0.02058	0.02915	0.69536	0.05430	0.06859	0.01486	0.00857	0.00229	0.00343	0.01315	0.00800	0.00686
8	0.01943	0.74891	0.03809	0.01244	0.01866	0.02876	0.01244	0.02177	0.01477	0.01710	0.01011	0.01166	0.00933	0.00622	0.00466	0.00155	0.00777	0.00389	0.00311	0.00933
9	0.01340	0.06131	0.01484	0.01333	0.06550	0.01176	0.00949	0.02058	0.16798	0.02764	0.39742	0.04126	0.06699	0.01220	0.00779	0.00222	0.00474	0.01057	0.00699	0.04399
10	0.02602	0.02511	0.02172	0.01882	0.05002	0.27779	0.01443	0.35179	0.02641	0.03207	0.01430	0.01574	0.01097	0.00853	0.00847	0.00216	0.07386	0.00584	0.00546	0.01049
11	0.01728	0.01655	0.02823	0.15782	0.59152	0.01709	0.02196	0.02169	0.01622	0.02289	0.01355	0.01822	0.01121	0.00661	0.00721	0.00220	0.00881	0.00647	0.00354	0.01094
12	0.01204	0.01158	0.07397	0.01512	0.07045	0.00941	0.01234	0.01578	0.01717	0.02314	0.14858	0.06247	0.10583	0.01620	0.00896	0.00280	0.00630	0.34439	0.00626	0.03720
13	0.03261	0.01237	0.01687	0.01293	0.01856	0.01068	0.01068	0.03543	0.02081	0.70423	0.02868	0.02474	0.01799	0.00900	0.00731	0.00225	0.00619	0.00731	0.00900	0.01237
14	0.02035	0.01711	0.01965	0.13006	0.02555	0.05425	0.04007	0.15914	0.35892	0.06127	0.02295	0.02285	0.01695	0.00891	0.00735	0.00236	0.00749	0.00740	0.00644	0.01094
15	0.01011	0.00729	0.00955	0.00927	0.01082	0.00674	0.00684	0.01326	0.01973	0.02781	0.61246	0.14102	0.06599	0.01586	0.00866	0.00237	0.00353	0.01410	0.00784	0.00674
16	0.01960	0.51791	0.16281	0.01416	0.02110	0.02447	0.01499	0.02391	0.04417	0.07849	0.01311	0.01416	0.01061	0.00675	0.00544	0.00180	0.00812	0.00465	0.00380	0.00996
17	0.01098	0.00815	0.01031	0.00964	0.01157	0.00785	0.00727	0.01592	0.07942	0.02926	0.63649	0.05189	0.06448	0.01442	0.00847	0.00230	0.00363	0.01271	0.00795	0.00727
18	0.66361	0.01511	0.04070	0.01047	0.01542	0.01593	0.00902	0.04253	0.01371	0.06306	0.01147	0.01290	0.00868	0.00685	0.00486	0.00219	0.00593	0.00425	0.00472	0.04858
19	0.06348	0.04502	0.01976	0.01565	0.02060	0.07045	0.01273	0.36142	0.21769	0.03667	0.02073	0.02212	0.01586	0.00925	0.00714	0.00227	0.00754	0.03362	0.00674	0.01126
20	0.02558	0.06113	0.02112	0.01909	0.05072	0.62142	0.01396	0.02766	0.02019	0.01860	0.04654	0.01538	0.01251	0.00778	0.00661	0.00189	0.01220	0.00516	0.00393	0.00851
21	0.02608	0.03215	0.02198	0.02013	0.04879	0.60760	0.04199	0.05791	0.02065	0.01953	0.01171	0.01385	0.00966	0.00760	0.00720	0.00196	0.03351	0.00505	0.00388	0.00877
22	0.01805	0.01909	0.06177	0.02441	0.03077	0.01831	0.39761	0.08460	0.19028	0.02705	0.01940	0.02300	0.01484	0.00776	0.00813	0.00245	0.00998	0.02707	0.00501	0.01042
23	0.01057	0.00766	0.01011	0.01012	0.01185	0.00720	0.00800	0.01392	0.01947	0.02695	0.50879	0.06174	0.08716	0.01629	0.00894	0.00255	0.00424	0.17002	0.00763	0.00679
24	0.01782	0.01532	0.01624	0.01474	0.01874	0.01768	0.01151	0.03766	0.65860	0.03005	0.02995	0.02937	0.02300	0.01028	0.00750	0.00250	0.00579	0.03456	0.00737	0.01131
25	0.01029	0.00743	0.00972	0.00914	0.01086	0.00686	0.00686	0.01372	0.02058	0.02915	0.69536	0.05430	0.06859	0.01486	0.00857	0.00229	0.00343	0.01315	0.00800	0.00686
26	0.01808	0.01561	0.01644	0.01479	0.01890	0.01808	0.01151	0.03863	0.68606	0.03041	0.02959	0.02712	0.02219	0.00986	0.00740	0.00247	0.00575	0.00822	0.00740	0.01151
27	0.01029	0.00743	0.00972	0.00914	0.01086	0.00686	0.00686	0.01372	0.02058	0.02915	0.69536	0.05430	0.06859	0.01486	0.00857	0.00229	0.00343	0.01315	0.00800	0.00686
28	0.01507	0.01292	0.01507	0.01077	0.01723	0.00969	0.00861	0.01830	0.01507	0.02369	0.01292	0.01507	0.01077	0.00538	0.00538	0.00108	0.00538	0.00431	0.00431	0.78898
29	0.01818	0.01969	0.02193	0.01901	0.01977	0.16244	0.01553	0.01983	0.01305	0.01755	0.00988	0.01534	0.00951	0.01166	0.02036	0.00292	0.58599	0.00602	0.00329	0.00805
30	0.00981	0.00694	0.00906	0.01039	0.01103	0.00665	0.00704	0.03925	0.01465	0.01954	0.03810	0.68269	0.04525	0.02225	0.00987	0.03076	0.00446	0.01954	0.00664	0.00609
31	0.01780	0.57103	0.11951	0.01328	0.01953	0.02473	0.01381	0.02103	0.01537	0.01896	0.06351	0.01837	0.01519	0.00755	0.00547	0.00178	0.00777	0.03248	0.00363	0.00921
32	0.64048	0.01598	0.01288	0.01110	0.01577	0.04910	0.00908	0.12416	0.01616	0.03401	0.01132	0.01275	0.00864	0.00709	0.00503	0.00222	0.00634	0.00438	0.00490	0.00860
33	0.03098	0.01500	0.01850	0.01418	0.01987	0.01458	0.01171	0.24567	0.02520	0.48777	0.02499	0.02234	0.01614	0.00891	0.00730	0.00223	0.00678	0.00706	0.00843	0.01237
34	0.75588	0.05192	0.01210	0.00971	0.01429	0.01695	0.00811	0.02139	0.01249	0.03181	0.01012	0.01180	0.00795	0.00672	0.00451	0.00221	0.00573	0.00393	0.00443	0.00795
35	0.01200	0.00956	0.01101	0.01027	0.01276	0.00966	0.00781	0.01960	0.19432	0.02760	0.39781	0.05027	0.18053	0.01425	0.00827	0.00237	0.00409	0.01229	0.00760	0.00793
36	0.01527	0.01437	0.04538	0.01226	0.01885	0.01074	0.04005	0.01957	0.04275	0.02392	0.01369	0.01579	0.01118	0.00567	0.00568	0.00125	0.00594	0.00471	0.00435	0.68859
37	0.01765	0.01923	0.02740	0.02203	0.02441	0.10894	0.18586	0.02045	0.01389	0.01903	0.01109	0.01651	0.00990	0.01035	0.01771	0.00283	0.45411	0.00672	0.00338	0.00849
38	0.01808	0.01561	0.01644	0.01479	0.01890	0.01808	0.01151	0.03863	0.68606	0.03041	0.02959	0.02712	0.02219	0.00986	0.00740	0.00247	0.00575	0.00822	0.00740	0.01151
39	0.01007	0.00742	0.00942	0.00892	0.01073	0.00677	0.00669	0.01330	0.02006	0.02794	0.61599	0.05630	0.14872	0.01531	0.00858	0.00231	0.00346	0.01343	0.00784	0.00677
40	0.01053	0.00720	0.00869	0.00869	0.00895	0.00746	0.00535	0.01106	0.01080	0.01466	0.02221	0.04372	0.02476	0.60498	0.17427	0.00798	0.00956	0.01001	0.00430	0.00483
41	0.01799	0.01727	0.02950	0.04462	0.69919	0.01727	0.02231	0.02231	0.01655	0.02375	0.01367	0.01799	0.01151	0.00648	0.00720	0.00216	0.00864	0.00648	0.00360	0.01151
42	0.79588	0.01406	0.01068	0.00956	0.01406	0.01631	0.00787	0.02137	0.01237	0.03261	0.01012	0.01181	0.00787	0.00675	0.00450	0.00225	0.00562	0.00394	0.00450	0.00787
43	0.02743	0.02626	0.02131	0.01755	0.02251	0.30847	0.01391	0.40838	0.02857	0.03425	0.01489	0.01566	0.01112	0.00822	0.00698	0.00205	0.01011	0.00578	0.00582	0.01074
44	0.01692	0.01906	0.04051	0.05841	0.03709	0.01858	0.59759	0.02266	0.01661	0.02266	0.01425	0.01933	0.01086	0.00666	0.00965	0.00250	0.06511	0.00833	0.00362	0.00960
45	0.01510	0.01432	0.02429	0.50671	0.25966	0.01651	0.02087	0.01978	0.01519	0.02024	0.01316	0.01893	0.01028	0.00701	0.00724	0.00234	0.00935	0.00647	0.00335	0.00919
46	0.01691	0.10790	0.05074	0.01705	0.12619	0.01404	0.01228	0.02121	0.04638	0.05055	0.01409	0.01606	0.01145	0.00608	0.00582	0.00147	0.00649	0.00494	0.00432	0.46603
47	0.01085	0.00805	0.01175	0.01162	0.01289	0.00945	0.00907	0.01346	0.01193	0.01766	0.01938	0.02793	0.01785	0.04936	0.63420	0.01059	0.04747	0.00765	0.06227	0.00657
48	0.01966	0.01729	0.02386	0.01920	0.02334	0.04661	0.15334	0.06926	0.27166	0.08675	0.02052	0.02173	0.01559	0.00944	0.01116	0.00256	0.16439	0.00757	0.00568	0.01038

[dist]
# distance from previous block
# <min> <max>
0	1

[block]
# block no. 3 follows, 28 sequences, length 39
# corresponding to MSA columns:
# 202-240
name=unknown_D
#
# <colnr> <probs for GDERKNQSTAVLIFYWHMCP>
#	G	D	E	R	K	N	Q	S	T	A	V	L	I	F	Y	W	H	M	C	P
0	0.01799	0.01727	0.02950	0.04462	0.69919	0.01727	0.02231	0.02231	0.01655	0.02375	0.01367	0.01799	0.01151	0.00648	0.00720	0.00216	0.00864	0.00648	0.00360	0.01151
1	0.01475	0.06286	0.68313	0.02042	0.03101	0.01730	0.02634	0.02298	0.01533	0.02281	0.01294	0.01522	0.00921	0.00688	0.00683	0.00228	0.01064	0.00532	0.00307	0.01069
2	0.01336	0.00684	0.00707	0.00707	0.00874	0.00691	0.00532	0.01670	0.01503	0.02649	0.02346	0.02719	0.01860	0.01120	0.04728	0.00229	0.00434	0.00684	0.73851	0.00676
3	0.00998	0.00725	0.00940	0.00922	0.01076	0.00667	0.00678	0.01299	0.01931	0.02700	0.56097	0.16621	0.09362	0.01630	0.00869	0.00240	0.00357	0.01446	0.00774	0.00667
4	0.00907	0.00653	0.00866	0.01027	0.01088	0.00611	0.00710	0.01053	0.01425	0.01885	0.04126	0.66075	0.07307	0.02239	0.00931	0.00296	0.00439	0.07089	0.00674	0.00598
5	0.00859	0.00736	0.00736	0.00736	0.00982	0.00614	0.00552	0.01043	0.01657	0.01964	0.07364	0.06996	0.69624	0.01841	0.00859	0.00245	0.00368	0.01534	0.00675	0.00614
6	0.00924	0.00738	0.00819	0.00819	0.01002	0.00679	0.00593	0.01088	0.01469	0.01820	0.05563	0.05907	0.46468	0.15197	0.13243	0.00481	0.00693	0.01323	0.00586	0.00589
7	0.02029	0.66941	0.03614	0.01314	0.01908	0.10518	0.01262	0.02257	0.01542	0.01718	0.01023	0.01182	0.00933	0.00636	0.00487	0.00159	0.00837	0.00398	0.00318	0.00923
8	0.01596	0.01570	0.02419	0.43770	0.25246	0.05764	0.02031	0.02032	0.01537	0.02012	0.01291	0.01842	0.01024	0.00728	0.00795	0.00234	0.04218	0.00636	0.00337	0.00918
9	0.01537	0.03541	0.15149	0.07943	0.07424	0.05116	0.01429	0.04931	0.03685	0.06505	0.26575	0.03427	0.07582	0.01082	0.00765	0.00226	0.00692	0.00918	0.00584	0.00889
10	0.01808	0.01561	0.01644	0.01479	0.01890	0.01808	0.01151	0.03863	0.68606	0.03041	0.02959	0.02712	0.02219	0.00986	0.00740	0.00247	0.00575	0.00822	0.00740	0.01151
11	0.69035	0.01557	0.01211	0.05287	0.01684	0.07003	0.00908	0.02179	0.01313	0.03064	0.01037	0.01236	0.00809	0.00684	0.00482	0.00223	0.00644	0.00414	0.00437	0.00793
12	0.05057	0.11215	0.49883	0.01804	0.02712	0.01714	0.02190	0.02401	0.01597	0.10432	0.03513	0.01709	0.01201	0.00731	0.00665	0.00221	0.00943	0.00561	0.00399	0.01054
13	0.00877	0.00736	0.00755	0.00751	0.00983	0.00622	0.00558	0.01067	0.01666	0.02013	0.11611	0.06813	0.63030	0.04139	0.00950	0.00259	0.00377	0.01503	0.00676	0.00613
14	0.01643	0.01419	0.01553	0.06115	0.01965	0.01618	0.01124	0.03317	0.54029	0.02841	0.06249	0.03239	0.09569	0.01083	0.00757	0.00245	0.00569	0.00908	0.00708	0.01050
15	0.00891	0.00643	0.00834	0.00983	0.01038	0.00597	0.00656	0.01016	0.01397	0.01844	0.04177	0.66159	0.09417	0.05333	0.01041	0.00309	0.00430	0.01985	0.00665	0.00586
16	0.01458	0.03760	0.70688	0.02072	0.03146	0.01688	0.02686	0.02302	0.01535	0.02302	0.01304	0.01535	0.00921	0.00691	0.00691	0.00230	0.01074	0.00537	0.00307	0.01074
17	0.01811	0.01694	0.02805	0.12621	0.57479	0.01748	0.02148	0.06529	0.01748	0.02458	0.01383	0.01812	0.01135	0.00672	0.00721	0.00219	0.00872	0.00648	0.00380	0.01115
18	0.00886	0.00633	0.00843	0.01012	0.01054	0.00590	0.00675	0.01012	0.01392	0.01856	0.04006	0.73979	0.04808	0.02277	0.00928	0.00295	0.00422	0.02066	0.00675	0.00590
19	0.05242	0.02437	0.02025	0.01689	0.02171	0.25946	0.01336	0.33983	0.12205	0.03354	0.01680	0.01715	0.01259	0.00840	0.00695	0.00212	0.00935	0.00606	0.00598	0.01074
20	0.06884	0.01649	0.01833	0.01495	0.01874	0.03642	0.01223	0.29986	0.05057	0.09799	0.01770	0.01918	0.01329	0.00944	0.01022	0.00233	0.15705	0.00648	0.11965	0.01023
21	0.02715	0.03464	0.02060	0.01873	0.02247	0.71536	0.01404	0.02903	0.02060	0.01779	0.01124	0.01311	0.00936	0.00749	0.00655	0.00187	0.01311	0.00468	0.00375	0.00843
22	0.00878	0.00739	0.00754	0.00760	0.00992	0.00625	0.00569	0.01060	0.01633	0.01948	0.07032	0.06945	0.64587	0.04838	0.00981	0.00267	0.00393	0.03724	0.00665	0.00608
23	0.01659	0.01879	0.04053	0.02909	0.03612	0.01757	0.62838	0.02243	0.01712	0.02304	0.01863	0.02296	0.05664	0.00694	0.00858	0.00245	0.01168	0.00903	0.00388	0.00956
24	0.01013	0.00731	0.00957	0.00925	0.01082	0.00675	0.00685	0.01332	0.01983	0.02797	0.62211	0.13092	0.06629	0.01574	0.00865	0.00236	0.00352	0.01399	0.00786	0.00675
25	0.01799	0.01727	0.02950	0.04462	0.69919	0.01727	0.02231	0.02231	0.01655	0.02375	0.01367	0.01799	0.01151	0.00648	0.00720	0.00216	0.00864	0.00648	0.00360	0.01151
26	0.01799	0.01727	0.02950	0.04462	0.69919	0.01727	0.02231	0.02231	0.01655	0.02375	0.01367	0.01799	0.01151	0.00648	0.00720	0.00216	0.00864	0.00648	0.00360	0.01151
27	0.01808	0.01561	0.01644	0.01479	0.01890	0.01808	0.01151	0.03863	0.68606	0.03041	0.02959	0.02712	0.02219	0.00986	0.00740	0.00247	0.00575	0.00822	0.00740	0.01151
28	0.01373	0.01292	0.02180	0.72707	0.05006	0.01615	0.02019	0.01857	0.01453	0.01857	0.01292	0.01938	0.00969	0.00727	0.00727	0.00242	0.00969	0.00646	0.00323	0.00807
29	0.02228	0.01899	0.05150	0.01774	0.05138	0.07582	0.06098	0.24645	0.17990	0.08898	0.04131	0.05119	0.01793	0.00929	0.00737	0.00227	0.00778	0.00772	0.03017	0.01094
30	0.01454	0.08894	0.57766	0.01898	0.02836	0.01674	0.02373	0.02195	0.01571	0.02292	0.05938	0.02067	0.01464	0.00798	0.00699	0.00229	0.00984	0.03491	0.00356	0.01019
31	0.05342	0.01555	0.01679	0.01420	0.01854	0.07393	0.03718	0.10779	0.19072	0.04852	0.07352	0.02827	0.02150	0.01269	0.05582	0.00280	0.00771	0.06156	0.00601	0.15349
32	0.02131	0.01849	0.02161	0.02463	0.23964	0.10311	0.01525	0.11656	0.19024	0.08670	0.02102	0.02167	0.03536	0.00830	0.00715	0.00217	0.00786	0.00695	0.00568	0.04631
33	0.02193	0.02022	0.02457	0.06761	0.21295	0.12808	0.06398	0.19400	0.05800	0.05199	0.01549	0.01781	0.01195	0.00773	0.00786	0.00217	0.03948	0.00639	0.00497	0.04283
34	0.01772	0.01693	0.02670	0.02808	0.26460	0.05657	0.16203	0.02175	0.01663	0.05296	0.03871	0.04365	0.01456	0.00746	0.00792	0.00206	0.03895	0.00714	0.00425	0.17131
35	0.01780	0.01490	0.01972	0.01633	0.04865	0.01449	0.08466	0.18676	0.04963	0.02863	0.02068	0.10110	0.03633	0.00971	0.00773	0.00203	0.03171	0.03442	0.00550	0.26924
36	0.01729	0.01380	0.01653	0.06543	0.01933	0.05489	0.03723	0.12644	0.04643	0.07847	0.08127	0.14978	0.06942	0.04970	0.01078	0.00263	0.07591	0.01021	0.00594	0.06853
37	0.05100	0.01430	0.01828	0.01472	0.01922	0.05386	0.10516	0.09343	0.03781	0.05451	0.05199	0.19167	0.02296	0.01093	0.00731	0.00209	0.00682	0.00974	0.00557	0.22863
38	0.09187	0.06393	0.02150	0.01685	0.04366	0.05632	0.14254	0.09944	0.03434	0.05522	0.04434	0.10654	0.07918	0.04153	0.00870	0.00250	0.00766	0.03440	0.00539	0.04407

[dist]
# distance from previous block
# <min> <max>
12	50

[block]
# block no. 4 follows, 28 sequences, length 16
# corresponding to MSA columns:
# 308-315,317-324
name=unknown_E
#
# <colnr> <probs for GDERKNQSTAVLIFYWHMCP>
#	G	D	E	R	K	N	Q	S	T	A	V	L	I	F	Y	W	H	M	C	P
0	0.01828	0.01576	0.02332	0.40342	0.17002	0.01808	0.01890	0.19468	0.02018	0.02687	0.01428	0.01859	0.01076	0.00750	0.00725	0.00231	0.00903	0.00649	0.00438	0.00989
1	0.12572	0.01446	0.01815	0.01463	0.01903	0.03917	0.09834	0.09769	0.05597	0.09126	0.05131	0.09084	0.09263	0.01052	0.00808	0.00225	0.04588	0.00877	0.00577	0.10953
2	0.02180	0.01642	0.01851	0.01582	0.04430	0.04643	0.01229	0.21564	0.13217	0.12401	0.02425	0.02424	0.07656	0.00986	0.00932	0.00226	0.10012	0.00739	0.00636	0.09225
3	0.09863	0.02330	0.02303	0.01839	0.02353	0.20828	0.09820	0.32308	0.04092	0.03302	0.01481	0.01621	0.01111	0.00800	0.00740	0.00217	0.02792	0.00609	0.00549	0.01041
4	0.01796	0.01616	0.02501	0.20734	0.37230	0.01693	0.01917	0.11126	0.01833	0.02550	0.01393	0.01796	0.01110	0.00687	0.00703	0.00211	0.00847	0.00625	0.00409	0.09222
5	0.01948	0.01671	0.02113	0.11544	0.02602	0.01883	0.08250	0.17435	0.37953	0.03142	0.02305	0.02313	0.01713	0.00886	0.00747	0.00240	0.00747	0.00764	0.00640	0.01104
6	0.01914	0.01877	0.02447	0.21708	0.27373	0.11477	0.01883	0.10581	0.01828	0.02373	0.01319	0.01740	0.01063	0.00777	0.00888	0.00230	0.08516	0.00622	0.00395	0.00990
7	0.01397	0.01120	0.01549	0.01260	0.01611	0.01058	0.07777	0.10671	0.02127	0.02986	0.42431	0.04097	0.06553	0.01198	0.00798	0.00214	0.00525	0.01068	0.00694	0.10866
8	0.02024	0.01433	0.01626	0.01382	0.01791	0.01562	0.01101	0.19571	0.25867	0.11584	0.08775	0.02883	0.05177	0.01604	0.09876	0.00354	0.00785	0.00837	0.00714	0.01053
9	0.02336	0.01974	0.02023	0.01666	0.02105	0.08453	0.01345	0.35013	0.21551	0.03522	0.01932	0.01961	0.01452	0.00945	0.00938	0.00236	0.10099	0.00683	0.00646	0.01119
10	0.35721	0.01677	0.01756	0.08179	0.09167	0.06269	0.01290	0.11230	0.04228	0.02925	0.01251	0.01513	0.00990	0.00798	0.00815	0.00235	0.10060	0.00532	0.00457	0.00908
11	0.04968	0.02000	0.02332	0.07699	0.27699	0.12854	0.01682	0.22235	0.02230	0.02930	0.01750	0.01974	0.04818	0.00804	0.00710	0.00216	0.00885	0.00660	0.00492	0.01062
12	0.01940	0.01727	0.02351	0.31510	0.25331	0.11256	0.01880	0.02340	0.01684	0.10847	0.01496	0.01875	0.01131	0.00726	0.00715	0.00224	0.00937	0.00633	0.00416	0.00980
13	0.01600	0.01425	0.02133	0.23073	0.18494	0.01535	0.01632	0.02039	0.04086	0.04377	0.03526	0.01914	0.01295	0.00779	0.00915	0.00214	0.10782	0.00625	0.00406	0.19149
14	0.02088	0.09014	0.12218	0.11479	0.02614	0.18421	0.01567	0.09493	0.12621	0.06291	0.01632	0.01766	0.01233	0.00772	0.00671	0.00208	0.00920	0.00584	0.00480	0.05927
15	0.01557	0.07666	0.04199	0.07761	0.02022	0.08060	0.01104	0.02013	0.07406	0.02199	0.03782	0.11887	0.03660	0.00929	0.00655	0.00181	0.00669	0.00768	0.00478	0.33004

[dist]
# distance from previous block
# <min> <max>
12	48

[block]
# block no. 5 follows, 28 sequences, length 28
# corresponding to MSA columns:
# 387-414
name=unknown_F
#
# <colnr> <probs for GDERKNQSTAVLIFYWHMCP>
#	G	D	E	R	K	N	Q	S	T	A	V	L	I	F	Y	W	H	M	C	P
0	0.04595	0.04692	0.03774	0.01688	0.05653	0.21312	0.01289	0.19706	0.04730	0.07174	0.01618	0.04386	0.01308	0.00929	0.00804	0.04960	0.00874	0.00621	0.00527	0.09359
1	0.09656	0.02211	0.01871	0.01612	0.02001	0.23890	0.01275	0.22710	0.07878	0.02941	0.03435	0.05101	0.01563	0.00978	0.00849	0.00228	0.07331	0.02959	0.00552	0.00960
2	0.17483	0.01745	0.01579	0.01341	0.01774	0.14194	0.01058	0.08778	0.10015	0.12502	0.07462	0.04631	0.01864	0.00902	0.00702	0.00212	0.02624	0.00680	0.00594	0.09860
3	0.02023	0.01853	0.02710	0.02024	0.02640	0.08212	0.26004	0.09757	0.08379	0.08585	0.01693	0.01887	0.01265	0.00698	0.00727	0.00203	0.00910	0.00684	0.00506	0.19241
4	0.02435	0.06333	0.02513	0.01803	0.02387	0.04416	0.12528	0.39820	0.02727	0.08476	0.05101	0.01960	0.01501	0.00829	0.00731	0.00215	0.00843	0.00697	0.00633	0.04053
5	0.01976	0.01607	0.01980	0.01656	0.02126	0.01774	0.08714	0.07305	0.51574	0.08774	0.02711	0.02551	0.01999	0.00930	0.00752	0.00243	0.00666	0.00809	0.00710	0.01143
6	0.01189	0.00825	0.01064	0.01110	0.01241	0.00807	0.00788	0.05246	0.01545	0.05727	0.03539	0.58963	0.04074	0.01987	0.00949	0.00278	0.03635	0.01765	0.00662	0.04607
7	0.02515	0.01277	0.01617	0.01223	0.01808	0.01076	0.00996	0.02919	0.05892	0.40809	0.02282	0.02126	0.01554	0.00769	0.00659	0.00182	0.00586	0.00624	0.00714	0.30372
8	0.02763	0.02036	0.02182	0.01672	0.02254	0.02254	0.01382	0.67496	0.03418	0.04581	0.01745	0.01745	0.01236	0.00873	0.00727	0.00218	0.00800	0.00654	0.00727	0.01236
9	0.00878	0.00662	0.00813	0.00935	0.01034	0.00597	0.00640	0.01021	0.01466	0.01886	0.04951	0.55134	0.23043	0.02155	0.00908	0.00281	0.00407	0.01917	0.00675	0.00597
10	0.01536	0.01318	0.01520	0.01116	0.01739	0.01050	0.00889	0.02027	0.07986	0.02434	0.01453	0.01624	0.01187	0.00582	0.00558	0.00121	0.00542	0.00468	0.00460	0.71391
11	0.01279	0.00929	0.01207	0.01273	0.01482	0.00934	0.01080	0.07816	0.01874	0.02465	0.11177	0.09335	0.08559	0.01838	0.00949	0.00304	0.00618	0.45469	0.00690	0.00720
12	0.00865	0.00714	0.00759	0.00795	0.00997	0.00609	0.00578	0.01037	0.01601	0.01941	0.06656	0.21118	0.55958	0.01933	0.00874	0.00256	0.00379	0.01646	0.00675	0.00609
13	0.51501	0.01372	0.01174	0.04899	0.01601	0.05435	0.00892	0.02018	0.03554	0.02830	0.04131	0.08922	0.01692	0.03462	0.00685	0.00253	0.00616	0.03706	0.00493	0.00763
14	0.01543	0.19551	0.07875	0.01244	0.01633	0.01489	0.01116	0.08861	0.01732	0.05200	0.04602	0.21971	0.08411	0.04200	0.00868	0.00257	0.00646	0.07416	0.00562	0.00823
15	0.01949	0.64504	0.07522	0.01347	0.01963	0.06721	0.01347	0.02213	0.01503	0.01749	0.01032	0.01208	0.00933	0.00653	0.00548	0.00166	0.02987	0.00409	0.00315	0.00932
16	0.01972	0.39226	0.15098	0.01525	0.02124	0.18785	0.01501	0.02297	0.01615	0.01837	0.01252	0.01687	0.01128	0.03939	0.00713	0.00207	0.00950	0.02893	0.00344	0.00905
17	0.13142	0.32582	0.11430	0.01322	0.01886	0.08746	0.01277	0.02257	0.01538	0.08512	0.01578	0.01855	0.03748	0.06436	0.00802	0.00231	0.00800	0.00544	0.00416	0.00900
18	0.04320	0.19578	0.02041	0.01200	0.01620	0.03904	0.03452	0.07632	0.04113	0.02149	0.01615	0.02459	0.01553	0.22682	0.01502	0.00325	0.00725	0.00658	0.00438	0.18034
19	0.08283	0.11502	0.04398	0.01255	0.01690	0.01547	0.01063	0.09542	0.12443	0.17379	0.02200	0.02642	0.01771	0.10255	0.03393	0.00310	0.00705	0.03103	0.05553	0.00963
20	0.01575	0.01417	0.03855	0.01228	0.01659	0.07764	0.02901	0.03573	0.01601	0.05913	0.04439	0.15888	0.02186	0.08705	0.00997	0.00236	0.00652	0.00883	0.00514	0.34016
21	0.10377	0.01337	0.01709	0.05519	0.02013	0.01332	0.06904	0.12663	0.04806	0.04785	0.06397	0.07455	0.06009	0.01068	0.00730	0.00222	0.00661	0.08389	0.00576	0.17050
22	0.01736	0.05859	0.05309	0.01423	0.01901	0.01348	0.07451	0.06038	0.12476	0.10321	0.08814	0.05496	0.04862	0.04954	0.00892	0.00241	0.00664	0.04811	0.00599	0.14805
23	0.11216	0.01496	0.01769	0.01374	0.01911	0.01480	0.04366	0.14613	0.09715	0.11374	0.03989	0.01929	0.01483	0.00777	0.00708	0.00192	0.03418	0.00609	0.00587	0.26994
24	0.05076	0.05198	0.02020	0.01512	0.02009	0.01603	0.07314	0.23885	0.06117	0.13522	0.07303	0.08154	0.02142	0.01010	0.00737	0.00222	0.00697	0.03114	0.00663	0.07703
25	0.09642	0.01401	0.01604	0.03137	0.01791	0.04050	0.02724	0.14258	0.01899	0.06899	0.08567	0.09017	0.02235	0.04742	0.00989	0.00244	0.06445	0.03760	0.00572	0.16024
26	0.04855	0.01554	0.01561	0.01303	0.01735	0.10436	0.01038	0.08843	0.06987	0.10613	0.05206	0.02555	0.04184	0.01155	0.04545	0.00248	0.03521	0.03931	0.04486	0.21242
27	0.05727	0.03374	0.01915	0.01712	0.08935	0.01489	0.04497	0.16571	0.03982	0.14392	0.02433	0.05300	0.07375	0.03088	0.04146	0.00278	0.03512	0.02425	0.00602	0.08247

[dist]
# distance from previous block
# <min> <max>
7	194

[block]
# block no. 6 follows, 28 sequences, length 9
# corresponding to MSA columns:
# 640-648
name=unknown_G
#
# <colnr> <probs for GDERKNQSTAVLIFYWHMCP>
#	G	D	E	R	K	N	Q	S	T	A	V	L	I	F	Y	W	H	M	C	P
0	0.06671	0.09709	0.09914	0.01439	0.04150	0.01467	0.04523	0.12603	0.02023	0.05622	0.22210	0.03389	0.11174	0.01090	0.00737	0.00221	0.00643	0.00909	0.00605	0.00901
1	0.38108	0.01458	0.03690	0.03338	0.01689	0.01532	0.00986	0.12159	0.07348	0.06161	0.05594	0.02389	0.09017	0.00918	0.00613	0.00227	0.00594	0.00678	0.02612	0.00889
2	0.19568	0.04943	0.18377	0.01391	0.02003	0.01505	0.01381	0.06507	0.07155	0.18723	0.06252	0.02292	0.05165	0.00877	0.00662	0.00226	0.00701	0.00674	0.00588	0.01010
3	0.01023	0.00837	0.01303	0.01254	0.01427	0.00778	0.09076	0.01255	0.01553	0.02066	0.11304	0.45837	0.11168	0.01916	0.00909	0.00279	0.00526	0.06179	0.00650	0.00658
4	0.02134	0.08840	0.09702	0.01540	0.02068	0.01907	0.01367	0.38381	0.05396	0.03459	0.02118	0.15771	0.01909	0.01107	0.00738	0.00230	0.00745	0.00898	0.00631	0.01060
5	0.02210	0.41391	0.06259	0.01419	0.02031	0.02449	0.01330	0.19642	0.07639	0.07044	0.01501	0.01550	0.01176	0.00740	0.00586	0.00188	0.00770	0.00524	0.00494	0.01057
6	0.02640	0.07883	0.02280	0.01626	0.02201	0.02278	0.01357	0.58408	0.07175	0.04257	0.01759	0.01757	0.01271	0.00859	0.00707	0.00215	0.00785	0.00643	0.00694	0.01207
7	0.02554	0.01905	0.02035	0.01588	0.02132	0.02099	0.01303	0.58182	0.07601	0.04278	0.02257	0.02212	0.06548	0.00954	0.00738	0.00222	0.00752	0.00733	0.00724	0.01183
8	0.02476	0.08277	0.09891	0.01666	0.02293	0.02209	0.01497	0.49911	0.08047	0.03970	0.01728	0.01748	0.01251	0.00840	0.00702	0.00216	0.00811	0.00632	0.00647	0.01186

[dist]
# distance from previous block
# <min> <max>
3	7

[block]
# block no. 7 follows, 28 sequences, length 7
# corresponding to MSA columns:
# 656-662
name=unknown_H
#
# <colnr> <probs for GDERKNQSTAVLIFYWHMCP>
#	G	D	E	R	K	N	Q	S	T	A	V	L	I	F	Y	W	H	M	C	P
0	0.21827	0.24245	0.06952	0.01402	0.01981	0.07120	0.01278	0.22240	0.02056	0.03026	0.01264	0.01382	0.00988	0.00726	0.00570	0.00199	0.00787	0.00487	0.00478	0.00992
1	0.02622	0.07962	0.06262	0.01661	0.02275	0.02271	0.01446	0.58512	0.03154	0.04220	0.01661	0.01687	0.01194	0.00842	0.00704	0.00214	0.00814	0.00626	0.00670	0.01203
2	0.05721	0.56188	0.07679	0.01346	0.01982	0.02650	0.01334	0.11779	0.01754	0.02243	0.01137	0.01275	0.00970	0.00666	0.00518	0.00173	0.00789	0.00437	0.00378	0.00979
3	0.02334	0.09180	0.02196	0.06921	0.02275	0.12607	0.01358	0.35541	0.02570	0.03313	0.05808	0.01894	0.01501	0.00883	0.00800	0.00215	0.05606	0.00641	0.03326	0.01031
4	0.16532	0.27613	0.16457	0.01436	0.02069	0.02127	0.01459	0.08537	0.01609	0.02464	0.01162	0.01362	0.00946	0.00712	0.00685	0.00198	0.06206	0.00468	0.00388	0.07570
5	0.02346	0.08287	0.06569	0.01660	0.02173	0.06790	0.01436	0.39648	0.07001	0.03486	0.01626	0.01757	0.01236	0.01102	0.04324	0.00270	0.07981	0.00627	0.00586	0.01096
6	0.12575	0.31098	0.14493	0.01407	0.01989	0.07313	0.01385	0.02367	0.10162	0.02218	0.01577	0.07623	0.01406	0.00838	0.00592	0.00204	0.00783	0.00620	0.00421	0.00930

[dist]
# distance from previous block
# <min> <max>
3	85

[block]
# block no. 8 follows, 28 sequences, length 22
# corresponding to MSA columns:
# 768-789
name=unknown_I
#
# <colnr> <probs for GDERKNQSTAVLIFYWHMCP>
#	G	D	E	R	K	N	Q	S	T	A	V	L	I	F	Y	W	H	M	C	P
0	0.02117	0.01647	0.01786	0.04925	0.02001	0.07066	0.01189	0.23196	0.07951	0.09437	0.04209	0.04705	0.01750	0.08399	0.01179	0.00271	0.07855	0.00748	0.00599	0.08969
1	0.04948	0.01658	0.01654	0.03596	0.01902	0.11084	0.01111	0.13711	0.06535	0.04941	0.05584	0.05925	0.04121	0.00968	0.00770	0.00202	0.04237	0.03866	0.00556	0.22629
2	0.02198	0.09107	0.01952	0.01462	0.01914	0.16769	0.01172	0.17041	0.10216	0.08101	0.01976	0.06313	0.01691	0.03824	0.00808	0.00226	0.00804	0.03826	0.00574	0.10027
3	0.10725	0.01717	0.01540	0.06181	0.01893	0.19023	0.01136	0.03811	0.06062	0.04587	0.02194	0.18702	0.02207	0.02974	0.00940	0.00256	0.06579	0.05493	0.00520	0.03460
4	0.13470	0.01603	0.01843	0.01713	0.08902	0.01719	0.01241	0.31429	0.02357	0.08702	0.01948	0.11644	0.01679	0.01012	0.00760	0.00228	0.03130	0.00804	0.00626	0.05193
5	0.01346	0.00912	0.01125	0.01117	0.01309	0.00903	0.00873	0.07904	0.01751	0.05911	0.10765	0.10613	0.10536	0.17841	0.01524	0.00376	0.00604	0.23245	0.00652	0.00695
6	0.01740	0.04189	0.01790	0.01513	0.08470	0.03016	0.01083	0.08253	0.04589	0.04795	0.01595	0.05482	0.01362	0.00713	0.00610	0.00152	0.00621	0.00586	0.00488	0.48953
7	0.02269	0.22272	0.02362	0.01447	0.01962	0.15421	0.01209	0.07886	0.17576	0.11731	0.01823	0.01808	0.01389	0.00783	0.00629	0.00193	0.00794	0.00576	0.00546	0.07323
8	0.02103	0.22461	0.02515	0.04243	0.02054	0.16151	0.01365	0.05758	0.01662	0.08676	0.03017	0.01660	0.01220	0.01042	0.03314	0.00253	0.20615	0.00565	0.00421	0.00903
9	0.00975	0.05262	0.01037	0.00995	0.01095	0.00750	0.00697	0.01132	0.01475	0.01963	0.11918	0.55647	0.07249	0.04985	0.01000	0.00293	0.00444	0.01809	0.00658	0.00618
10	0.00886	0.00633	0.00843	0.01012	0.01054	0.00590	0.00675	0.01012	0.01392	0.01856	0.04006	0.73979	0.04808	0.02277	0.00928	0.00295	0.00422	0.02066	0.00675	0.00590
11	0.02262	0.02582	0.02477	0.02240	0.08525	0.35269	0.13779	0.05440	0.15616	0.02302	0.01610	0.01780	0.01261	0.00768	0.00719	0.00214	0.01085	0.00637	0.00460	0.00974
12	0.01923	0.32180	0.24199	0.01936	0.09024	0.15270	0.01819	0.02357	0.01622	0.01973	0.01158	0.01370	0.00951	0.00670	0.00596	0.00191	0.00978	0.00475	0.00326	0.00981
13	0.01943	0.74891	0.03809	0.01244	0.01866	0.02876	0.01244	0.02177	0.01477	0.01710	0.01011	0.01166	0.00933	0.00622	0.00466	0.00155	0.00777	0.00389	0.00311	0.00933
14	0.00886	0.00633	0.00843	0.01012	0.01054	0.00590	0.00675	0.01012	0.01392	0.01856	0.04006	0.73979	0.04808	0.02277	0.00928	0.00295	0.00422	0.02066	0.00675	0.00590
15	0.01554	0.01360	0.02566	0.02036	0.05669	0.01300	0.33447	0.02032	0.01625	0.02506	0.01879	0.02297	0.01454	0.00722	0.00691	0.00209	0.00801	0.00765	0.36237	0.00850
16	0.00886	0.00633	0.00843	0.01012	0.01054	0.00590	0.00675	0.01012	0.01392	0.01856	0.04006	0.73979	0.04808	0.02277	0.00928	0.00295	0.00422	0.02066	0.00675	0.00590
17	0.02763	0.02036	0.02182	0.01672	0.02254	0.02254	0.01382	0.67496	0.03418	0.04581	0.01745	0.01745	0.01236	0.00873	0.00727	0.00218	0.00800	0.00654	0.00727	0.01236
18	0.01781	0.14843	0.47116	0.01864	0.02774	0.01985	0.02210	0.14508	0.01879	0.02635	0.01340	0.01515	0.00982	0.00714	0.00662	0.00216	0.00975	0.00535	0.00386	0.01082
19	0.02695	0.02274	0.02125	0.01698	0.02230	0.15219	0.01372	0.51433	0.07209	0.03960	0.01704	0.01724	0.01241	0.00856	0.00714	0.00214	0.00882	0.00630	0.00662	0.01157
20	0.33424	0.02368	0.17514	0.01502	0.02117	0.11021	0.01446	0.17586	0.01925	0.03154	0.01266	0.01412	0.00943	0.00735	0.00597	0.00220	0.00835	0.00498	0.00472	0.00966
21	0.06352	0.02007	0.02129	0.01639	0.02215	0.02225	0.01354	0.64442	0.03316	0.04519	0.01711	0.01719	0.01215	0.00863	0.00714	0.00218	0.00789	0.00642	0.00714	0.01215

[dist]
# distance from previous block
# <min> <max>
1	5

# created by:
# /home/cegg/simao/soft/augustus-3.2.1/scripts/msa2prfl.pl ./align_prep/EOG090W0FEP.fa
