[name]
unknown

[dist]
# distance from previous block
# <min> <max>
0	46

[block]
# block no. 0 follows, 33 sequences, length 24
# corresponding to MSA columns:
# 46-69
name=unknown_A
#
# <colnr> <probs for GDERKNQSTAVLIFYWHMCP>
#	G	D	E	R	K	N	Q	S	T	A	V	L	I	F	Y	W	H	M	C	P
0	0.01517	0.05075	0.01410	0.01134	0.01437	0.00980	0.04921	0.05249	0.01523	0.14045	0.04461	0.11418	0.02317	0.07009	0.07468	0.00317	0.00672	0.11982	0.07828	0.09237
1	0.03914	0.63930	0.03137	0.04952	0.01841	0.02439	0.01152	0.05005	0.05213	0.01771	0.01053	0.01191	0.00918	0.00597	0.00458	0.00153	0.00699	0.00396	0.00323	0.00858
2	0.00852	0.00635	0.00783	0.00886	0.00967	0.00602	0.00601	0.01056	0.04884	0.01723	0.03947	0.56745	0.14723	0.07088	0.00995	0.00284	0.00399	0.01676	0.00600	0.00555
3	0.00816	0.00676	0.00720	0.00731	0.00941	0.00580	0.00562	0.01006	0.01528	0.01859	0.11156	0.06336	0.61132	0.01658	0.00790	0.00229	0.00358	0.07736	0.00619	0.00565
4	0.08214	0.01456	0.02366	0.15253	0.52546	0.01514	0.01834	0.02012	0.01455	0.05344	0.01262	0.01631	0.01015	0.00611	0.00633	0.00200	0.00765	0.00571	0.00349	0.00968
5	0.01637	0.01414	0.01489	0.01340	0.01712	0.01637	0.01042	0.03498	0.71568	0.02754	0.02679	0.02456	0.02010	0.00893	0.00670	0.00223	0.00521	0.00744	0.00670	0.01042
6	0.00780	0.00660	0.00674	0.00684	0.00894	0.00554	0.00508	0.00943	0.01484	0.01772	0.06460	0.11159	0.67801	0.01694	0.00782	0.00225	0.00337	0.01423	0.00611	0.00554
7	0.08681	0.14396	0.42776	0.01679	0.02438	0.08347	0.05583	0.02166	0.04445	0.02067	0.01175	0.01358	0.00886	0.00627	0.00582	0.00195	0.00898	0.00475	0.00316	0.00909
8	0.01664	0.50108	0.25069	0.01392	0.02069	0.06376	0.01540	0.02044	0.01384	0.01719	0.01004	0.01167	0.00842	0.00589	0.00495	0.00163	0.00815	0.00398	0.00284	0.00880
9	0.07816	0.67117	0.07382	0.01151	0.01726	0.02456	0.01172	0.01975	0.01324	0.01688	0.00931	0.01077	0.00834	0.00571	0.00433	0.00150	0.00705	0.00360	0.00291	0.00842
10	0.01819	0.20595	0.32052	0.01646	0.02380	0.01681	0.10013	0.02310	0.01507	0.17798	0.01450	0.01545	0.01034	0.00644	0.00603	0.00193	0.00832	0.00528	0.00405	0.00964
11	0.01451	0.25362	0.52642	0.01653	0.02505	0.01849	0.02044	0.02051	0.01374	0.01926	0.01102	0.01291	0.00837	0.00607	0.00565	0.00188	0.00893	0.00446	0.00279	0.00935
12	0.00906	0.00672	0.00844	0.00801	0.00968	0.00610	0.00601	0.01192	0.01802	0.02494	0.61260	0.05158	0.17452	0.01400	0.00777	0.00210	0.00314	0.01224	0.00705	0.00610
13	0.01337	0.02389	0.40987	0.01490	0.02248	0.01279	0.01700	0.02010	0.06779	0.02187	0.05375	0.01666	0.01277	0.00644	0.00594	0.00174	0.00747	0.00516	0.00369	0.26233
14	0.01922	0.43058	0.02660	0.01331	0.01763	0.26952	0.01158	0.02120	0.01506	0.01599	0.02878	0.01299	0.01031	0.00881	0.04553	0.00207	0.03547	0.00426	0.00317	0.00793
15	0.00908	0.00633	0.00802	0.00847	0.00883	0.00645	0.00549	0.00990	0.01068	0.01449	0.02474	0.25478	0.02825	0.39774	0.17160	0.00614	0.00793	0.01178	0.00453	0.00478
16	0.02503	0.01844	0.01976	0.01515	0.02042	0.02042	0.01251	0.70562	0.03095	0.04149	0.01581	0.01581	0.01120	0.00790	0.00659	0.00198	0.00724	0.00593	0.00659	0.01120
17	0.01371	0.11986	0.65320	0.01789	0.02715	0.01654	0.02281	0.02072	0.01384	0.02023	0.01150	0.01351	0.00835	0.00618	0.00602	0.00201	0.00942	0.00471	0.00278	0.00958
18	0.01775	0.19048	0.19831	0.01803	0.10149	0.14632	0.03153	0.08059	0.03514	0.02093	0.01177	0.01359	0.00938	0.00622	0.00571	0.00173	0.00848	0.00470	0.00352	0.09436
19	0.02503	0.01844	0.01976	0.01515	0.02042	0.02042	0.01251	0.70562	0.03095	0.04149	0.01581	0.01581	0.01120	0.00790	0.00659	0.00198	0.00724	0.00593	0.00659	0.01120
20	0.01688	0.65238	0.14845	0.01249	0.01878	0.02430	0.01339	0.01990	0.01346	0.01636	0.00959	0.01110	0.00843	0.00573	0.00455	0.00152	0.00748	0.00374	0.00281	0.00866
21	0.01545	0.09632	0.25718	0.01317	0.01866	0.03225	0.01377	0.02080	0.06417	0.13402	0.18198	0.04389	0.06244	0.00924	0.00661	0.00203	0.00654	0.00760	0.00520	0.00869
22	0.01333	0.03317	0.69693	0.01925	0.02881	0.01536	0.06104	0.02086	0.01399	0.02086	0.01190	0.01411	0.00843	0.00622	0.00634	0.00209	0.00980	0.00502	0.00281	0.00968
23	0.01195	0.18627	0.19693	0.01149	0.01602	0.01286	0.01179	0.01574	0.01560	0.02122	0.28552	0.07156	0.09693	0.01057	0.00662	0.00197	0.00572	0.00880	0.00496	0.00749

[dist]
# distance from previous block
# <min> <max>
0	2

[block]
# block no. 1 follows, 33 sequences, length 10
# corresponding to MSA columns:
# 72-81
name=unknown_B
#
# <colnr> <probs for GDERKNQSTAVLIFYWHMCP>
#	G	D	E	R	K	N	Q	S	T	A	V	L	I	F	Y	W	H	M	C	P
0	0.01587	0.29311	0.38809	0.01581	0.02313	0.05735	0.01817	0.04739	0.01445	0.01928	0.01080	0.01271	0.00851	0.00638	0.00626	0.00186	0.04429	0.00444	0.00298	0.00911
1	0.00972	0.00665	0.00853	0.00853	0.00916	0.00714	0.00583	0.01097	0.01035	0.01480	0.01949	0.03427	0.02019	0.40183	0.33126	0.00776	0.01087	0.00823	0.06945	0.00496
2	0.01554	0.01776	0.03885	0.02775	0.03441	0.01665	0.70366	0.02109	0.01554	0.02109	0.01332	0.01776	0.00999	0.00555	0.00777	0.00222	0.01110	0.00777	0.00333	0.00888
3	0.01365	0.01170	0.01365	0.00975	0.01560	0.00878	0.00780	0.01658	0.01365	0.02145	0.01170	0.01365	0.00975	0.00488	0.00488	0.00098	0.00488	0.00390	0.00390	0.80888
4	0.01628	0.01429	0.01858	0.18859	0.11923	0.01664	0.01411	0.10344	0.32453	0.02489	0.01866	0.02002	0.01425	0.00807	0.00784	0.00221	0.06726	0.00656	0.00504	0.00953
5	0.01562	0.01484	0.02517	0.08412	0.63965	0.01500	0.01922	0.01951	0.01510	0.02151	0.05614	0.01840	0.01350	0.00638	0.00660	0.00198	0.00759	0.00624	0.00348	0.00997
6	0.01377	0.01524	0.06122	0.08414	0.12835	0.01445	0.33081	0.01795	0.01428	0.01959	0.01792	0.13356	0.03884	0.00889	0.00864	0.00230	0.06917	0.00893	0.00375	0.00822
7	0.01567	0.01697	0.09098	0.14993	0.47225	0.01571	0.07515	0.04582	0.01525	0.02143	0.01243	0.01637	0.00997	0.00607	0.00661	0.00203	0.00839	0.00593	0.00329	0.00977
8	0.01566	0.01528	0.02213	0.11178	0.36738	0.07086	0.03961	0.05287	0.01560	0.02098	0.05850	0.02141	0.06636	0.00794	0.00823	0.00209	0.08385	0.00676	0.00381	0.00890
9	0.01720	0.01567	0.02417	0.07693	0.42321	0.06138	0.08360	0.02213	0.07278	0.07846	0.01566	0.05165	0.01294	0.00705	0.00672	0.00204	0.00788	0.00672	0.00406	0.00973

[dist]
# distance from previous block
# <min> <max>
0	2

[block]
# block no. 2 follows, 33 sequences, length 12
# corresponding to MSA columns:
# 84-95
name=unknown_C
#
# <colnr> <probs for GDERKNQSTAVLIFYWHMCP>
#	G	D	E	R	K	N	Q	S	T	A	V	L	I	F	Y	W	H	M	C	P
0	0.01548	0.01557	0.04770	0.05855	0.26750	0.08263	0.05449	0.07572	0.03838	0.02304	0.15368	0.04451	0.04942	0.00875	0.00743	0.00206	0.03416	0.00767	0.00457	0.00870
1	0.05197	0.01395	0.01945	0.02166	0.24137	0.01421	0.03602	0.13849	0.10239	0.18670	0.05088	0.05956	0.01697	0.00821	0.00667	0.00207	0.00648	0.00716	0.00570	0.01009
2	0.06794	0.46842	0.12680	0.01439	0.02033	0.02140	0.10998	0.01953	0.01343	0.01790	0.01064	0.01301	0.00907	0.00852	0.05191	0.00224	0.00852	0.00453	0.00301	0.00843
3	0.01061	0.05999	0.11128	0.00907	0.01081	0.00891	0.00732	0.01182	0.01043	0.01408	0.01873	0.03687	0.02074	0.61188	0.02777	0.00546	0.00690	0.00852	0.00374	0.00509
4	0.01703	0.46531	0.11974	0.01236	0.01776	0.07380	0.01233	0.03808	0.01525	0.04549	0.11096	0.01711	0.01636	0.00705	0.00527	0.00165	0.00714	0.00511	0.00378	0.00842
5	0.03896	0.19707	0.06736	0.01736	0.13798	0.06383	0.01289	0.10843	0.12143	0.02364	0.04631	0.01703	0.01363	0.00693	0.00574	0.00177	0.00687	0.00543	0.02875	0.07858
6	0.26856	0.23231	0.19368	0.01451	0.06093	0.06676	0.01379	0.04593	0.01392	0.02258	0.01031	0.01203	0.00823	0.00611	0.00501	0.00184	0.00745	0.00414	0.00341	0.00851
7	0.01169	0.00990	0.00879	0.00856	0.00903	0.10990	0.00522	0.01192	0.01085	0.01324	0.01926	0.03869	0.02176	0.66146	0.02963	0.00572	0.00715	0.00882	0.00391	0.00450
8	0.01762	0.01896	0.13261	0.02526	0.17525	0.04285	0.26654	0.02271	0.03818	0.12084	0.01468	0.01731	0.01091	0.00664	0.00795	0.00214	0.05950	0.00650	0.00399	0.00955
9	0.00957	0.00638	0.00718	0.00718	0.00718	0.00638	0.00399	0.00957	0.00957	0.01276	0.02074	0.04308	0.02393	0.76864	0.03351	0.00638	0.00638	0.00957	0.00399	0.00399
10	0.04813	0.00727	0.00856	0.00821	0.00979	0.00696	0.00600	0.03155	0.01621	0.02276	0.40015	0.07418	0.15636	0.14032	0.01193	0.00286	0.00402	0.03256	0.00627	0.00589
11	0.07467	0.05402	0.01821	0.01403	0.01868	0.10169	0.01140	0.34133	0.16690	0.10603	0.01773	0.01726	0.01285	0.00779	0.00626	0.00198	0.00704	0.00585	0.00606	0.01023

[dist]
# distance from previous block
# <min> <max>
0	2

[block]
# block no. 3 follows, 33 sequences, length 33
# corresponding to MSA columns:
# 98-130
name=unknown_D
#
# <colnr> <probs for GDERKNQSTAVLIFYWHMCP>
#	G	D	E	R	K	N	Q	S	T	A	V	L	I	F	Y	W	H	M	C	P
0	0.02030	0.10552	0.17132	0.02053	0.16592	0.01724	0.04004	0.21902	0.01977	0.13492	0.01499	0.01599	0.01087	0.00684	0.00628	0.00195	0.00774	0.00559	0.00481	0.01034
1	0.01455	0.25965	0.52070	0.01647	0.02495	0.01858	0.02033	0.02050	0.01374	0.01921	0.01100	0.01288	0.00837	0.00606	0.00563	0.00188	0.00891	0.00445	0.00279	0.00934
2	0.00964	0.00741	0.01104	0.01090	0.01202	0.00880	0.00853	0.01195	0.01056	0.01531	0.01720	0.02531	0.01608	0.04756	0.70793	0.01021	0.05311	0.00699	0.00350	0.00594
3	0.02459	0.03138	0.01866	0.01696	0.02035	0.74221	0.01272	0.02629	0.01866	0.01611	0.01018	0.01187	0.00848	0.00678	0.00594	0.00170	0.01187	0.00424	0.00339	0.00763
4	0.01579	0.01474	0.02524	0.02883	0.34854	0.01551	0.14723	0.02022	0.05469	0.05296	0.01480	0.05334	0.01273	0.00943	0.03898	0.00255	0.12439	0.00700	0.00378	0.00924
5	0.01874	0.65390	0.03203	0.01207	0.01745	0.10162	0.01149	0.05695	0.01487	0.01694	0.00962	0.01098	0.00860	0.00588	0.00453	0.00147	0.00756	0.00372	0.00308	0.00851
6	0.01742	0.01508	0.03176	0.01318	0.01750	0.04367	0.01056	0.07711	0.49317	0.05928	0.02285	0.02156	0.01711	0.00810	0.00639	0.00200	0.00568	0.00661	0.00614	0.12483
7	0.01144	0.00572	0.00858	0.00858	0.00858	0.00572	0.00572	0.00858	0.00858	0.01144	0.01144	0.02001	0.01144	0.02287	0.02573	0.80846	0.00572	0.00572	0.00286	0.00286
8	0.02056	0.45906	0.02780	0.01367	0.01836	0.32898	0.01188	0.02249	0.01561	0.01575	0.00959	0.01112	0.00846	0.00612	0.00495	0.00153	0.00908	0.00382	0.00306	0.00810
9	0.01802	0.72802	0.03354	0.01161	0.01710	0.06912	0.01135	0.02011	0.01369	0.01553	0.00921	0.01064	0.00845	0.00570	0.00433	0.00143	0.00733	0.00356	0.00285	0.00840
10	0.00809	0.00583	0.00769	0.00915	0.00965	0.00542	0.00620	0.00932	0.01278	0.01694	0.03752	0.71358	0.07201	0.02038	0.00840	0.00267	0.00387	0.03901	0.00611	0.00538
11	0.05585	0.01421	0.01646	0.01505	0.03808	0.08137	0.05297	0.14739	0.09767	0.06911	0.02225	0.03537	0.02042	0.01280	0.03901	0.00274	0.04747	0.21790	0.00550	0.00838
12	0.01629	0.01564	0.02672	0.04041	0.72757	0.01564	0.02020	0.02020	0.01499	0.02151	0.01238	0.01629	0.01043	0.00587	0.00652	0.00196	0.00782	0.00587	0.00326	0.01043
13	0.00943	0.00696	0.01008	0.01008	0.01108	0.00796	0.00761	0.01144	0.01043	0.01491	0.01809	0.02839	0.01755	0.15484	0.63859	0.00996	0.01598	0.00742	0.00359	0.00560
14	0.00865	0.00670	0.00788	0.00758	0.00943	0.00593	0.00569	0.01114	0.01707	0.02268	0.43996	0.05530	0.34858	0.01485	0.00777	0.00214	0.00320	0.01277	0.00676	0.00593
15	0.01700	0.01643	0.02572	0.08120	0.61904	0.04916	0.01948	0.02123	0.04374	0.02172	0.01340	0.01729	0.01118	0.00647	0.00675	0.00208	0.00813	0.00604	0.00359	0.01038
16	0.01366	0.01276	0.02124	0.62727	0.15930	0.01508	0.01875	0.01777	0.01383	0.01815	0.01240	0.01812	0.00962	0.00685	0.00681	0.00226	0.00878	0.00603	0.00319	0.00813
17	0.04571	0.01734	0.02448	0.08743	0.53741	0.09825	0.01849	0.02157	0.04383	0.02158	0.01313	0.01681	0.01091	0.00655	0.00662	0.00206	0.00832	0.00584	0.00362	0.01004
18	0.05989	0.01277	0.01379	0.01155	0.01536	0.08656	0.00909	0.02499	0.06911	0.33117	0.22150	0.02880	0.02849	0.00969	0.00692	0.00208	0.00566	0.00783	0.00704	0.04772
19	0.01686	0.01581	0.02365	0.24295	0.40990	0.05093	0.01849	0.07757	0.03657	0.02224	0.01336	0.01743	0.01075	0.00677	0.00676	0.00213	0.00834	0.00602	0.00375	0.00972
20	0.15907	0.01621	0.01754	0.01499	0.01893	0.10179	0.10315	0.02767	0.35524	0.02528	0.02054	0.05612	0.01655	0.00970	0.02575	0.00248	0.00723	0.00712	0.00545	0.00920
21	0.01671	0.01668	0.05824	0.03645	0.60842	0.01598	0.01942	0.02226	0.09475	0.02266	0.01457	0.01791	0.01198	0.00663	0.00677	0.00210	0.00779	0.00618	0.00383	0.01066
22	0.01173	0.00921	0.01076	0.01074	0.01257	0.00957	0.00782	0.01894	0.24563	0.02333	0.20901	0.33234	0.04081	0.01521	0.00791	0.00248	0.00431	0.01333	0.00677	0.00755
23	0.01801	0.65505	0.10654	0.01269	0.01865	0.05809	0.01290	0.02049	0.01403	0.01663	0.01008	0.01181	0.00901	0.00615	0.00478	0.00160	0.00772	0.00390	0.00305	0.00883
24	0.01744	0.62662	0.12868	0.01353	0.01977	0.02428	0.05012	0.02030	0.01392	0.01706	0.01034	0.01223	0.00908	0.00611	0.00495	0.00165	0.00780	0.00413	0.00305	0.00893
25	0.01666	0.01581	0.02665	0.07489	0.68828	0.01587	0.02024	0.02039	0.01524	0.02178	0.01293	0.01714	0.01090	0.00630	0.00676	0.00207	0.00804	0.00605	0.00345	0.01055
26	0.00841	0.00712	0.00712	0.00710	0.00936	0.00593	0.00528	0.00990	0.01535	0.01832	0.06675	0.06369	0.71865	0.01696	0.00801	0.00233	0.00355	0.01400	0.00629	0.00587
27	0.02132	0.05123	0.08176	0.04069	0.26958	0.05843	0.03715	0.02462	0.01671	0.26975	0.01968	0.02054	0.04263	0.00760	0.00673	0.00209	0.00753	0.00642	0.00524	0.01032
28	0.04311	0.01761	0.06319	0.13194	0.41784	0.09191	0.01803	0.02195	0.01568	0.09339	0.01388	0.01710	0.01092	0.00672	0.00663	0.00209	0.00835	0.00582	0.00393	0.00991
29	0.01295	0.00978	0.03773	0.17721	0.01958	0.00918	0.01002	0.01584	0.01626	0.10644	0.28181	0.03935	0.15033	0.04761	0.03431	0.00272	0.00583	0.00984	0.00592	0.00727
30	0.01173	0.01052	0.01625	0.45539	0.07357	0.01191	0.01426	0.01491	0.01391	0.01783	0.02651	0.12980	0.15499	0.01084	0.00731	0.00236	0.00714	0.00938	0.00422	0.00718
31	0.05220	0.04830	0.04367	0.07470	0.21997	0.07966	0.10262	0.04159	0.03302	0.17163	0.03156	0.02043	0.01380	0.00752	0.00681	0.00213	0.00806	0.02776	0.00483	0.00975
32	0.08471	0.11513	0.19548	0.01950	0.12136	0.08164	0.06177	0.11818	0.03582	0.05524	0.01432	0.04151	0.01153	0.00739	0.00633	0.00207	0.00833	0.00584	0.00425	0.00962

[dist]
# distance from previous block
# <min> <max>
1	34

[block]
# block no. 4 follows, 33 sequences, length 28
# corresponding to MSA columns:
# 166-193
name=unknown_E
#
# <colnr> <probs for GDERKNQSTAVLIFYWHMCP>
#	G	D	E	R	K	N	Q	S	T	A	V	L	I	F	Y	W	H	M	C	P
0	0.06804	0.16968	0.12994	0.03587	0.07134	0.07817	0.05145	0.07603	0.03672	0.07111	0.06652	0.01707	0.01382	0.00713	0.00651	0.00188	0.03740	0.00552	0.00418	0.05161
1	0.10526	0.18928	0.14052	0.01599	0.04913	0.05776	0.06597	0.08395	0.04357	0.08064	0.01350	0.01620	0.01073	0.00728	0.00717	0.00200	0.07299	0.02502	0.00407	0.00896
2	0.06492	0.25050	0.15041	0.01356	0.01880	0.07017	0.03315	0.09236	0.03313	0.05927	0.04031	0.05896	0.01398	0.01071	0.06042	0.00250	0.00823	0.00590	0.00412	0.00859
3	0.03699	0.34592	0.15187	0.01460	0.04493	0.12481	0.01374	0.04710	0.01482	0.01833	0.01431	0.03622	0.05221	0.00744	0.00635	0.00180	0.05159	0.00522	0.00338	0.00838
4	0.09817	0.26890	0.13863	0.01311	0.01866	0.03921	0.01279	0.17834	0.04382	0.04264	0.07450	0.01653	0.01423	0.00720	0.00559	0.00182	0.00702	0.00527	0.00448	0.00908
5	0.08652	0.26837	0.35419	0.01447	0.02148	0.01834	0.01657	0.04071	0.03497	0.02063	0.03440	0.01495	0.01092	0.03025	0.00633	0.00200	0.00792	0.00480	0.00332	0.00885
6	0.01022	0.00788	0.00893	0.00844	0.01066	0.00719	0.00638	0.06391	0.01583	0.02049	0.13667	0.10824	0.35789	0.05375	0.00981	0.04266	0.00421	0.05443	0.00586	0.06657
7	0.04910	0.20244	0.03911	0.01171	0.01575	0.03901	0.01004	0.20322	0.01803	0.04043	0.05538	0.04225	0.01595	0.07838	0.08544	0.00308	0.00772	0.00624	0.03018	0.04653
8	0.00846	0.00670	0.00906	0.00943	0.01074	0.00608	0.04078	0.01011	0.01375	0.01775	0.06946	0.47568	0.23935	0.01838	0.00819	0.00251	0.00409	0.03783	0.00601	0.00564
9	0.02386	0.01753	0.01881	0.01455	0.01942	0.01936	0.01187	0.65304	0.02934	0.03932	0.01618	0.01787	0.01216	0.06537	0.00862	0.00231	0.00718	0.00620	0.00639	0.01065
10	0.01671	0.45166	0.24820	0.01546	0.05622	0.07632	0.01584	0.02058	0.01402	0.01748	0.01021	0.01197	0.00852	0.00592	0.00509	0.00167	0.00827	0.00411	0.00287	0.00888
11	0.01761	0.66798	0.09471	0.01213	0.01809	0.02481	0.01247	0.05643	0.01436	0.01734	0.00974	0.01113	0.00859	0.00581	0.00453	0.00150	0.00729	0.00377	0.00301	0.00871
12	0.01405	0.17637	0.59963	0.01732	0.02626	0.01736	0.02181	0.02063	0.01380	0.01982	0.01130	0.01326	0.00836	0.00613	0.00586	0.00195	0.00921	0.00461	0.00279	0.00948
13	0.00823	0.00584	0.00771	0.00912	0.00951	0.00550	0.00611	0.00935	0.01246	0.01660	0.03506	0.68559	0.04186	0.07705	0.01032	0.00297	0.00409	0.04139	0.00595	0.00527
14	0.01533	0.01485	0.02611	0.10696	0.53081	0.01498	0.09587	0.01941	0.01513	0.02135	0.06349	0.01894	0.01392	0.00645	0.00675	0.00202	0.00795	0.00651	0.00352	0.00964
15	0.01550	0.01527	0.02327	0.05011	0.39595	0.03979	0.01734	0.01838	0.01307	0.01887	0.01107	0.01581	0.00985	0.00950	0.03699	0.00259	0.28880	0.00582	0.00312	0.00889
16	0.01760	0.77260	0.03450	0.01126	0.01690	0.02605	0.01126	0.01971	0.01338	0.01549	0.00915	0.01056	0.00845	0.00563	0.00422	0.00141	0.00704	0.00352	0.00282	0.00845
17	0.01885	0.04669	0.05755	0.01715	0.10434	0.31497	0.01237	0.04255	0.05499	0.06210	0.04853	0.06803	0.08513	0.01008	0.02615	0.00216	0.00867	0.00706	0.00448	0.00814
18	0.00848	0.00650	0.00726	0.00765	0.00893	0.00588	0.00536	0.00974	0.01322	0.01649	0.04734	0.18522	0.37558	0.20600	0.01444	0.00341	0.00439	0.06336	0.00558	0.00516
19	0.01465	0.01396	0.02375	0.34411	0.43673	0.01521	0.01939	0.01876	0.01421	0.01951	0.01209	0.01683	0.00972	0.00617	0.00654	0.00206	0.00823	0.00586	0.00312	0.00910
20	0.01331	0.03849	0.10448	0.01229	0.01578	0.03559	0.01063	0.02309	0.30978	0.02385	0.17707	0.15442	0.03101	0.01140	0.00706	0.00221	0.00536	0.00979	0.00599	0.00840
21	0.01571	0.01504	0.02566	0.14833	0.62422	0.01549	0.01991	0.01969	0.01471	0.02080	0.01228	0.01648	0.01018	0.00597	0.00653	0.00199	0.00797	0.00586	0.00321	0.00996
22	0.01443	0.09452	0.47235	0.01911	0.07042	0.01652	0.05863	0.02300	0.12708	0.02150	0.01411	0.01569	0.01047	0.00657	0.00625	0.00205	0.00872	0.00539	0.00348	0.00972
23	0.01721	0.01615	0.02470	0.07901	0.55371	0.04164	0.01855	0.08841	0.05399	0.02332	0.01337	0.01661	0.01085	0.00631	0.00652	0.00198	0.00783	0.00590	0.00375	0.01022
24	0.01595	0.01497	0.02503	0.07577	0.62384	0.01518	0.01910	0.04287	0.01535	0.02172	0.01387	0.04518	0.01223	0.00681	0.00665	0.00202	0.00766	0.02228	0.00353	0.01000
25	0.27495	0.01200	0.03207	0.01506	0.12389	0.01197	0.04244	0.05369	0.01522	0.06082	0.14723	0.09851	0.06761	0.00970	0.00628	0.00211	0.00545	0.00811	0.00513	0.00776
26	0.09461	0.01519	0.02245	0.06509	0.46431	0.01592	0.01675	0.10553	0.07310	0.02493	0.01489	0.01751	0.02751	0.00667	0.00634	0.00201	0.00721	0.00596	0.00408	0.00994
27	0.03861	0.01495	0.02366	0.09744	0.54394	0.03915	0.01803	0.02017	0.01509	0.05909	0.03453	0.03973	0.01295	0.00675	0.00653	0.00200	0.00759	0.00635	0.00372	0.00974

[dist]
# distance from previous block
# <min> <max>
0	23

[block]
# block no. 5 follows, 33 sequences, length 10
# corresponding to MSA columns:
# 217-226
name=unknown_F
#
# <colnr> <probs for GDERKNQSTAVLIFYWHMCP>
#	G	D	E	R	K	N	Q	S	T	A	V	L	I	F	Y	W	H	M	C	P
0	0.05796	0.17551	0.32193	0.01606	0.02299	0.08021	0.06270	0.06913	0.01589	0.07170	0.03855	0.01518	0.01116	0.00663	0.00592	0.00191	0.00853	0.00513	0.00375	0.00918
1	0.13194	0.05400	0.25106	0.01522	0.04644	0.03519	0.05760	0.02001	0.04956	0.04724	0.01575	0.03529	0.04010	0.00899	0.04101	0.00230	0.00786	0.00567	0.00386	0.13089
2	0.01563	0.15135	0.36454	0.01829	0.08121	0.09238	0.03932	0.02142	0.04612	0.01988	0.01196	0.01391	0.00926	0.00614	0.00584	0.00183	0.00873	0.00477	0.00319	0.08423
3	0.01562	0.06268	0.24322	0.02168	0.19052	0.01477	0.05480	0.06812	0.06102	0.06364	0.01749	0.10433	0.01534	0.00851	0.00669	0.00212	0.00769	0.02812	0.00424	0.00939
4	0.01393	0.17261	0.06370	0.01190	0.01545	0.06474	0.01080	0.06452	0.04765	0.02012	0.03086	0.04403	0.16200	0.01253	0.00712	0.00226	0.00642	0.23694	0.00505	0.00737
5	0.01299	0.08452	0.10893	0.01431	0.04842	0.06396	0.09527	0.01538	0.01240	0.01616	0.01775	0.02865	0.04488	0.32153	0.05563	0.00424	0.03728	0.00755	0.00359	0.00657
6	0.00957	0.00638	0.00718	0.00718	0.00718	0.00638	0.00399	0.00957	0.00957	0.01276	0.02074	0.04308	0.02393	0.76864	0.03351	0.00638	0.00638	0.00957	0.00399	0.00399
7	0.01555	0.17388	0.52055	0.01678	0.02522	0.01748	0.02039	0.06871	0.01519	0.05074	0.01217	0.01374	0.00889	0.00633	0.00590	0.00195	0.00887	0.00475	0.00327	0.00965
8	0.01479	0.22170	0.45034	0.01807	0.07691	0.01817	0.01967	0.02151	0.06341	0.01999	0.01223	0.01397	0.00935	0.00625	0.00578	0.00191	0.00857	0.00477	0.00310	0.00950
9	0.01579	0.01046	0.05050	0.03253	0.01420	0.00907	0.00851	0.03705	0.07306	0.18904	0.10932	0.03254	0.13856	0.04109	0.04195	0.00253	0.00542	0.00829	0.13395	0.04616

[dist]
# distance from previous block
# <min> <max>
0	3

[block]
# block no. 6 follows, 33 sequences, length 42
# corresponding to MSA columns:
# 230-271
name=unknown_G
#
# <colnr> <probs for GDERKNQSTAVLIFYWHMCP>
#	G	D	E	R	K	N	Q	S	T	A	V	L	I	F	Y	W	H	M	C	P
0	0.07422	0.04408	0.03684	0.01384	0.04334	0.18084	0.01081	0.08085	0.08996	0.14872	0.01763	0.03632	0.03119	0.00746	0.00595	0.00177	0.00712	0.00570	0.00508	0.15826
1	0.01625	0.05598	0.01446	0.01278	0.04236	0.21861	0.00922	0.08234	0.03715	0.01958	0.05913	0.02650	0.05905	0.16070	0.09679	0.00371	0.00878	0.00703	0.06259	0.00698
2	0.08579	0.25030	0.28985	0.01486	0.02150	0.01857	0.03985	0.04692	0.10402	0.02157	0.01376	0.01646	0.01105	0.00688	0.00568	0.00193	0.00775	0.03047	0.00369	0.00909
3	0.04470	0.09402	0.34905	0.01648	0.02341	0.03609	0.07332	0.06366	0.11302	0.04003	0.03751	0.03459	0.01303	0.00721	0.00626	0.00202	0.00814	0.00591	0.00404	0.02749
4	0.04754	0.06268	0.01524	0.01204	0.01486	0.09705	0.03298	0.04417	0.01529	0.11888	0.06450	0.05204	0.18159	0.01547	0.09315	0.00312	0.10860	0.00830	0.00503	0.00746
5	0.06520	0.01267	0.01467	0.01231	0.01614	0.04988	0.03401	0.07220	0.17781	0.26535	0.12771	0.07902	0.02446	0.00973	0.00680	0.00212	0.00562	0.00817	0.00678	0.00936
6	0.02283	0.01836	0.01845	0.01485	0.01959	0.07518	0.01200	0.48519	0.20146	0.03604	0.01812	0.01769	0.01321	0.00807	0.00656	0.00202	0.00709	0.00618	0.00637	0.01073
7	0.00957	0.00638	0.00718	0.00718	0.00718	0.00638	0.00399	0.00957	0.00957	0.01276	0.02074	0.04308	0.02393	0.76864	0.03351	0.00638	0.00638	0.00957	0.00399	0.00399
8	0.01039	0.00862	0.01243	0.01166	0.01318	0.03693	0.05198	0.01275	0.01113	0.01550	0.01730	0.02606	0.01629	0.09729	0.61619	0.00940	0.01618	0.00717	0.00354	0.00600
9	0.01549	0.02068	0.14684	0.02470	0.03133	0.06423	0.50948	0.02097	0.01546	0.02064	0.01411	0.02000	0.01123	0.00647	0.00748	0.00221	0.01064	0.04588	0.00340	0.00877
10	0.01061	0.00758	0.01061	0.01212	0.01364	0.00758	0.01061	0.01364	0.01515	0.01970	0.03486	0.07426	0.03789	0.01819	0.00909	0.00303	0.00606	0.68326	0.00606	0.00606
11	0.02434	0.05779	0.01922	0.01676	0.02023	0.71669	0.01267	0.02605	0.01847	0.01609	0.01014	0.01183	0.00848	0.00674	0.00587	0.00169	0.01170	0.00421	0.00337	0.00766
12	0.00802	0.00573	0.00764	0.00917	0.00955	0.00535	0.00611	0.00917	0.01260	0.01681	0.03628	0.76434	0.04354	0.02062	0.00840	0.00267	0.00382	0.01872	0.00611	0.00535
13	0.02503	0.01844	0.01976	0.01515	0.02042	0.02042	0.01251	0.70562	0.03095	0.04149	0.01581	0.01581	0.01120	0.00790	0.00659	0.00198	0.00724	0.00593	0.00659	0.01120
14	0.01243	0.01170	0.01975	0.75282	0.04534	0.01463	0.01828	0.01682	0.01316	0.01682	0.01170	0.01755	0.00878	0.00658	0.00658	0.00219	0.00878	0.00585	0.00293	0.00731
15	0.01365	0.01170	0.01365	0.00975	0.01560	0.00878	0.00780	0.01658	0.01365	0.02145	0.01170	0.01365	0.00975	0.00488	0.00488	0.00098	0.00488	0.00390	0.00390	0.80888
16	0.00809	0.00586	0.00767	0.00909	0.00964	0.00544	0.00618	0.00934	0.01287	0.01698	0.03845	0.68974	0.09291	0.02025	0.00838	0.00265	0.00386	0.04110	0.00611	0.00539
17	0.00886	0.00633	0.00860	0.01013	0.01088	0.00607	0.00757	0.01062	0.01343	0.01775	0.03582	0.53997	0.04170	0.01983	0.00863	0.00279	0.00455	0.23479	0.00610	0.00558
18	0.01571	0.01504	0.02566	0.14874	0.62382	0.01549	0.01991	0.01969	0.01471	0.02079	0.01228	0.01648	0.01018	0.00597	0.00653	0.00199	0.00797	0.00586	0.00321	0.00995
19	0.02954	0.01120	0.01528	0.01171	0.01681	0.00968	0.00968	0.03208	0.01884	0.73213	0.02597	0.02241	0.01630	0.00815	0.00662	0.00204	0.00560	0.00662	0.00815	0.01120
20	0.00799	0.00666	0.00699	0.00708	0.00915	0.00566	0.00533	0.00978	0.01514	0.01838	0.10792	0.09581	0.62469	0.01670	0.00785	0.00226	0.00344	0.03735	0.00619	0.00561
21	0.32077	0.01359	0.01555	0.01277	0.01715	0.01475	0.08040	0.07569	0.20104	0.12767	0.04546	0.01864	0.01463	0.00751	0.00584	0.00210	0.00589	0.00596	0.00558	0.00902
22	0.02000	0.06075	0.08442	0.01213	0.01663	0.01257	0.01072	0.11267	0.10386	0.26798	0.17968	0.02680	0.02537	0.02757	0.00735	0.00213	0.00571	0.00753	0.00662	0.00949
23	0.00955	0.00685	0.00935	0.01073	0.01187	0.00666	0.00864	0.01187	0.01441	0.01893	0.06874	0.31855	0.06059	0.01879	0.00875	0.00284	0.00505	0.39590	0.00614	0.00580
24	0.30738	0.01975	0.01842	0.02089	0.21477	0.25010	0.03891	0.02190	0.01483	0.02265	0.01054	0.01290	0.00859	0.00624	0.00549	0.00191	0.00827	0.00458	0.00360	0.00828
25	0.00950	0.00667	0.00865	0.00865	0.00916	0.00718	0.00583	0.01052	0.01001	0.01386	0.01940	0.03562	0.02069	0.45701	0.34071	0.00820	0.01126	0.00848	0.00379	0.00481
26	0.00949	0.00732	0.00858	0.00822	0.01001	0.00691	0.00607	0.01327	0.07867	0.02277	0.40296	0.07151	0.24453	0.06912	0.00957	0.00246	0.00362	0.01211	0.00660	0.00621
27	0.01403	0.01365	0.01841	0.01579	0.01722	0.06404	0.06867	0.03829	0.03284	0.01769	0.03851	0.01923	0.01323	0.02086	0.21346	0.00476	0.37216	0.00645	0.00352	0.00719
28	0.01365	0.01170	0.01365	0.00975	0.01560	0.00878	0.00780	0.01658	0.01365	0.02145	0.01170	0.01365	0.00975	0.00488	0.00488	0.00098	0.00488	0.00390	0.00390	0.80888
29	0.01637	0.01414	0.01489	0.01340	0.01712	0.01637	0.01042	0.03498	0.71568	0.02754	0.02679	0.02456	0.02010	0.00893	0.00670	0.00223	0.00521	0.00744	0.00670	0.01042
30	0.01365	0.01170	0.01365	0.00975	0.01560	0.00878	0.00780	0.01658	0.01365	0.02145	0.01170	0.01365	0.00975	0.00488	0.00488	0.00098	0.00488	0.00390	0.00390	0.80888
31	0.00778	0.00667	0.00667	0.00667	0.00889	0.00556	0.00500	0.00945	0.01501	0.01778	0.06669	0.06336	0.72490	0.01667	0.00778	0.00222	0.00333	0.01389	0.00611	0.00556
32	0.01554	0.01776	0.03885	0.02775	0.03441	0.01665	0.70366	0.02109	0.01554	0.02109	0.01332	0.01776	0.00999	0.00555	0.00777	0.00222	0.01110	0.00777	0.00333	0.00888
33	0.02830	0.01319	0.01651	0.01266	0.01780	0.01263	0.01046	0.21712	0.02217	0.54239	0.02318	0.02059	0.01489	0.00808	0.00661	0.00202	0.00605	0.00643	0.00772	0.01120
34	0.02663	0.01399	0.01833	0.01399	0.01919	0.01370	0.06105	0.23562	0.04990	0.44307	0.02200	0.02015	0.01444	0.00792	0.00670	0.00204	0.00648	0.00653	0.00727	0.01100
35	0.01783	0.01382	0.01493	0.01321	0.01708	0.01563	0.01034	0.03466	0.63863	0.10544	0.02670	0.02432	0.01968	0.00884	0.00669	0.00221	0.00525	0.00735	0.00686	0.01051
36	0.00789	0.00667	0.00681	0.00678	0.00896	0.00560	0.00508	0.00965	0.01525	0.01837	0.11165	0.06239	0.67957	0.01645	0.00778	0.00221	0.00332	0.01376	0.00619	0.00560
37	0.01365	0.01170	0.01365	0.00975	0.01560	0.00878	0.00780	0.01658	0.01365	0.02145	0.01170	0.01365	0.00975	0.00488	0.00488	0.00098	0.00488	0.00390	0.00390	0.80888
38	0.00911	0.00694	0.00848	0.00809	0.00999	0.00618	0.00612	0.01174	0.01706	0.02321	0.45971	0.07851	0.23857	0.01437	0.00771	0.00212	0.00339	0.03821	0.00669	0.04381
39	0.02807	0.01088	0.01481	0.01146	0.01630	0.00942	0.00942	0.03065	0.01883	0.68080	0.07676	0.02435	0.01963	0.00853	0.00670	0.00204	0.00542	0.00700	0.00808	0.01084
40	0.00811	0.00579	0.00774	0.00927	0.00969	0.00542	0.00627	0.00932	0.01269	0.01691	0.03623	0.74027	0.04334	0.02054	0.00843	0.00269	0.00390	0.04189	0.00611	0.00537
41	0.00994	0.01031	0.09712	0.01219	0.01437	0.00784	0.03695	0.01277	0.01387	0.01858	0.03191	0.37659	0.03582	0.01737	0.00839	0.00272	0.00568	0.27570	0.00559	0.00629

[dist]
# distance from previous block
# <min> <max>
0	10

[block]
# block no. 7 follows, 33 sequences, length 22
# corresponding to MSA columns:
# 285-306
name=unknown_H
#
# <colnr> <probs for GDERKNQSTAVLIFYWHMCP>
#	G	D	E	R	K	N	Q	S	T	A	V	L	I	F	Y	W	H	M	C	P
0	0.81514	0.01273	0.00968	0.00866	0.01273	0.01477	0.00713	0.01935	0.01120	0.02954	0.00917	0.01069	0.00713	0.00611	0.00407	0.00204	0.00509	0.00356	0.00407	0.00713
1	0.01637	0.01414	0.01489	0.01340	0.01712	0.01637	0.01042	0.03498	0.71568	0.02754	0.02679	0.02456	0.02010	0.00893	0.00670	0.00223	0.00521	0.00744	0.00670	0.01042
2	0.81514	0.01273	0.00968	0.00866	0.01273	0.01477	0.00713	0.01935	0.01120	0.02954	0.00917	0.01069	0.00713	0.00611	0.00407	0.00204	0.00509	0.00356	0.00407	0.00713
3	0.01629	0.01564	0.02672	0.04041	0.72757	0.01564	0.02020	0.02020	0.01499	0.02151	0.01238	0.01629	0.01043	0.00587	0.00652	0.00196	0.00782	0.00587	0.00326	0.01043
4	0.01637	0.01414	0.01489	0.01340	0.01712	0.01637	0.01042	0.03498	0.71568	0.02754	0.02679	0.02456	0.02010	0.00893	0.00670	0.00223	0.00521	0.00744	0.00670	0.01042
5	0.10320	0.01135	0.01475	0.01143	0.01642	0.01015	0.00944	0.03089	0.01813	0.66626	0.02440	0.02131	0.01544	0.00796	0.00638	0.00204	0.00555	0.00633	0.00777	0.01082
6	0.02954	0.01120	0.01528	0.01171	0.01681	0.00968	0.00968	0.03208	0.01884	0.73213	0.02597	0.02241	0.01630	0.00815	0.00662	0.00204	0.00560	0.00662	0.00815	0.01120
7	0.00942	0.00699	0.01026	0.01026	0.01133	0.00806	0.00783	0.01155	0.01049	0.01505	0.01793	0.02748	0.01716	0.11681	0.67607	0.01019	0.01658	0.00729	0.00357	0.00570
8	0.01047	0.00753	0.01042	0.01186	0.01341	0.00748	0.01034	0.01344	0.01515	0.01961	0.03638	0.07374	0.07081	0.01811	0.00903	0.00299	0.00593	0.65118	0.00606	0.00604
9	0.00806	0.00586	0.00760	0.00889	0.00950	0.00541	0.00601	0.00934	0.01310	0.01733	0.07040	0.66611	0.10827	0.01993	0.00832	0.00260	0.00374	0.01795	0.00616	0.00541
10	0.01365	0.01170	0.01365	0.00975	0.01560	0.00878	0.00780	0.01658	0.01365	0.02145	0.01170	0.01365	0.00975	0.00488	0.00488	0.00098	0.00488	0.00390	0.00390	0.80888
11	0.01441	0.01229	0.01308	0.01190	0.01518	0.01376	0.00920	0.02896	0.54195	0.02605	0.10804	0.03266	0.12334	0.01051	0.00697	0.00221	0.00472	0.00883	0.00668	0.00928
12	0.00805	0.00583	0.00762	0.00897	0.00952	0.00539	0.00604	0.00930	0.01298	0.01722	0.06320	0.69271	0.08864	0.02011	0.00834	0.00262	0.00376	0.01815	0.00615	0.00539
13	0.01320	0.03405	0.73453	0.01876	0.02849	0.01529	0.02432	0.02085	0.01390	0.02085	0.01181	0.01390	0.00834	0.00625	0.00625	0.00208	0.00973	0.00486	0.00278	0.00973
14	0.01243	0.01170	0.01975	0.75282	0.04534	0.01463	0.01828	0.01682	0.01316	0.01682	0.01170	0.01755	0.00878	0.00658	0.00658	0.00219	0.00878	0.00585	0.00293	0.00731
15	0.00802	0.00573	0.00764	0.00917	0.00955	0.00535	0.00611	0.00917	0.01260	0.01681	0.03628	0.76434	0.04354	0.02062	0.00840	0.00267	0.00382	0.01872	0.00611	0.00535
16	0.00829	0.00596	0.00789	0.00917	0.00979	0.00557	0.00635	0.00974	0.01340	0.01791	0.10173	0.63301	0.06822	0.01968	0.00836	0.00262	0.00387	0.05675	0.00621	0.00548
17	0.00942	0.00701	0.01033	0.01033	0.01143	0.00810	0.00792	0.01160	0.01051	0.01510	0.01786	0.02710	0.01700	0.10127	0.69139	0.01028	0.01682	0.00724	0.00356	0.00574
18	0.01416	0.01347	0.02288	0.43317	0.35145	0.01508	0.01914	0.01834	0.01398	0.01892	0.01201	0.01699	0.00952	0.00626	0.00655	0.00209	0.00835	0.00586	0.00307	0.00871
19	0.01380	0.01183	0.01372	0.00994	0.01568	0.00918	0.00794	0.01755	0.05077	0.02177	0.01250	0.01423	0.01030	0.00509	0.00497	0.00104	0.00489	0.00409	0.00405	0.76667
20	0.01435	0.01174	0.01339	0.05948	0.05362	0.06133	0.01003	0.11040	0.11459	0.04507	0.09112	0.24955	0.05051	0.01328	0.00747	0.00233	0.00573	0.07240	0.00588	0.00772
21	0.30562	0.16411	0.06828	0.01249	0.01715	0.14511	0.03334	0.02247	0.07159	0.05834	0.03784	0.01445	0.01131	0.00673	0.00518	0.00188	0.00715	0.00468	0.00413	0.00815

[dist]
# distance from previous block
# <min> <max>
0	2

[block]
# block no. 8 follows, 33 sequences, length 141
# corresponding to MSA columns:
# 309-449
name=unknown_I
#
# <colnr> <probs for GDERKNQSTAVLIFYWHMCP>
#	G	D	E	R	K	N	Q	S	T	A	V	L	I	F	Y	W	H	M	C	P
0	0.02326	0.01309	0.01595	0.04537	0.01851	0.01288	0.01042	0.17868	0.10994	0.33858	0.02167	0.04552	0.01540	0.00813	0.00645	0.00194	0.00590	0.00660	0.00676	0.11496
1	0.00950	0.00740	0.00911	0.04135	0.01163	0.00705	0.00670	0.01325	0.06070	0.02382	0.47910	0.04991	0.22851	0.01370	0.00765	0.00213	0.00355	0.01187	0.00673	0.00635
2	0.01751	0.01471	0.01553	0.01363	0.01755	0.01691	0.01070	0.12333	0.62548	0.02938	0.02535	0.02341	0.01892	0.00880	0.00668	0.00220	0.00548	0.00724	0.00668	0.01052
3	0.01243	0.01170	0.01975	0.75282	0.04534	0.01463	0.01828	0.01682	0.01316	0.01682	0.01170	0.01755	0.00878	0.00658	0.00658	0.00219	0.00878	0.00585	0.00293	0.00731
4	0.00932	0.00673	0.00880	0.00828	0.00984	0.00621	0.00621	0.01242	0.01863	0.02640	0.72410	0.04918	0.06212	0.01346	0.00776	0.00207	0.00311	0.01191	0.00725	0.00621
5	0.00802	0.00573	0.00764	0.00917	0.00955	0.00535	0.00611	0.00917	0.01260	0.01681	0.03628	0.76434	0.04354	0.02062	0.00840	0.00267	0.00382	0.01872	0.00611	0.00535
6	0.00941	0.00669	0.00849	0.00804	0.00963	0.00616	0.00603	0.01242	0.01809	0.02572	0.63578	0.04852	0.10261	0.01330	0.00756	0.00205	0.00312	0.01166	0.05858	0.00616
7	0.00806	0.00576	0.00767	0.00914	0.00956	0.00537	0.00611	0.00927	0.01279	0.01710	0.05729	0.74250	0.04411	0.02041	0.00838	0.00266	0.00380	0.01851	0.00615	0.00537
8	0.00932	0.00673	0.00880	0.00828	0.00984	0.00621	0.00621	0.01242	0.01863	0.02640	0.72410	0.04918	0.06212	0.01346	0.00776	0.00207	0.00311	0.01191	0.00725	0.00621
9	0.01365	0.01170	0.01365	0.00975	0.01560	0.00878	0.00780	0.01658	0.01365	0.02145	0.01170	0.01365	0.00975	0.00488	0.00488	0.00098	0.00488	0.00390	0.00390	0.80888
10	0.01637	0.01414	0.01489	0.01340	0.01712	0.01637	0.01042	0.03498	0.71568	0.02754	0.02679	0.02456	0.02010	0.00893	0.00670	0.00223	0.00521	0.00744	0.00670	0.01042
11	0.01243	0.01170	0.01975	0.75282	0.04534	0.01463	0.01828	0.01682	0.01316	0.01682	0.01170	0.01755	0.00878	0.00658	0.00658	0.00219	0.00878	0.00585	0.00293	0.00731
12	0.01320	0.03405	0.73453	0.01876	0.02849	0.01529	0.02432	0.02085	0.01390	0.02085	0.01181	0.01390	0.00834	0.00625	0.00625	0.00208	0.00973	0.00486	0.00278	0.00973
13	0.00802	0.00573	0.00764	0.00917	0.00955	0.00535	0.00611	0.00917	0.01260	0.01681	0.03628	0.76434	0.04354	0.02062	0.00840	0.00267	0.00382	0.01872	0.00611	0.00535
14	0.81514	0.01273	0.00968	0.00866	0.01273	0.01477	0.00713	0.01935	0.01120	0.02954	0.00917	0.01069	0.00713	0.00611	0.00407	0.00204	0.00509	0.00356	0.00407	0.00713
15	0.01673	0.00838	0.01111	0.00949	0.01237	0.00747	0.00745	0.01957	0.01858	0.28661	0.44230	0.03981	0.06948	0.01162	0.00734	0.00206	0.00404	0.01003	0.00754	0.00803
16	0.01554	0.01776	0.03885	0.02775	0.03441	0.01665	0.70366	0.02109	0.01554	0.02109	0.01332	0.01776	0.00999	0.00555	0.00777	0.00222	0.01110	0.00777	0.00333	0.00888
17	0.00932	0.00673	0.00880	0.00828	0.00984	0.00621	0.00621	0.01242	0.01863	0.02640	0.72410	0.04918	0.06212	0.01346	0.00776	0.00207	0.00311	0.01191	0.00725	0.00621
18	0.00980	0.00764	0.01134	0.01111	0.01219	0.00917	0.00872	0.01208	0.01054	0.01533	0.01692	0.02496	0.01584	0.04638	0.68549	0.00997	0.07611	0.00695	0.00348	0.00598
19	0.01560	0.01747	0.03695	0.02661	0.03304	0.01663	0.64880	0.02219	0.07095	0.02160	0.01439	0.01830	0.01079	0.00582	0.00768	0.00222	0.01063	0.00774	0.00360	0.00900
20	0.00932	0.00673	0.00880	0.00828	0.00984	0.00621	0.00621	0.01242	0.01863	0.02640	0.72410	0.04918	0.06212	0.01346	0.00776	0.00207	0.00311	0.01191	0.00725	0.00621
21	0.01756	0.01446	0.01535	0.01351	0.01742	0.01656	0.01059	0.09746	0.63151	0.04936	0.02575	0.02368	0.01916	0.00881	0.00669	0.00220	0.00541	0.00728	0.00673	0.01052
22	0.01558	0.01491	0.02543	0.17194	0.60162	0.01545	0.01985	0.01958	0.01465	0.02064	0.01226	0.01653	0.01012	0.00600	0.00653	0.00200	0.00800	0.00586	0.00320	0.00985
23	0.01546	0.01829	0.06147	0.02745	0.03421	0.01660	0.68157	0.02108	0.01548	0.02108	0.01327	0.01763	0.00994	0.00557	0.00772	0.00222	0.01105	0.00767	0.00331	0.00891
24	0.00801	0.00579	0.00758	0.00902	0.00951	0.00536	0.00604	0.00918	0.01275	0.01686	0.03812	0.72194	0.08476	0.02039	0.00837	0.00265	0.00379	0.01842	0.00611	0.00536
25	0.02113	0.01204	0.01364	0.01117	0.01503	0.01248	0.00900	0.21241	0.11842	0.22548	0.02191	0.02155	0.01561	0.00804	0.00600	0.00189	0.00522	0.00640	0.25306	0.00953
26	0.01556	0.01769	0.03845	0.02816	0.05695	0.01662	0.68143	0.02106	0.01552	0.02110	0.01329	0.01771	0.01000	0.00556	0.00773	0.00221	0.01099	0.00771	0.00333	0.00893
27	0.00993	0.00703	0.00837	0.00815	0.00823	0.00753	0.00504	0.01018	0.00967	0.01315	0.01964	0.03985	0.02232	0.66681	0.07682	0.00638	0.06355	0.00913	0.00388	0.00435
28	0.01707	0.01435	0.01514	0.01333	0.01718	0.01641	0.01045	0.11630	0.60196	0.02884	0.02713	0.02512	0.04877	0.00913	0.00673	0.00220	0.00538	0.00753	0.00666	0.01031
29	0.02008	0.10778	0.02051	0.08987	0.02203	0.15521	0.03351	0.21858	0.21565	0.02662	0.01654	0.01713	0.01257	0.00751	0.00625	0.00196	0.00780	0.00580	0.00510	0.00952
30	0.00820	0.00665	0.00728	0.00720	0.00917	0.00572	0.00537	0.01023	0.01587	0.02003	0.24029	0.08919	0.51981	0.01598	0.00780	0.00220	0.00329	0.01357	0.00641	0.00572
31	0.01552	0.28121	0.35696	0.01646	0.02392	0.01931	0.07743	0.04327	0.06994	0.02023	0.01235	0.01401	0.00954	0.00625	0.00574	0.00188	0.00850	0.00490	0.00327	0.00932
32	0.00999	0.00714	0.00851	0.00800	0.01004	0.00642	0.00606	0.01295	0.03592	0.05997	0.42552	0.05238	0.30422	0.01425	0.00768	0.00213	0.00338	0.01225	0.00686	0.00634
33	0.74026	0.01259	0.01021	0.00895	0.01312	0.01428	0.00737	0.02057	0.01193	0.09650	0.01077	0.01181	0.00800	0.00631	0.00432	0.00204	0.00514	0.00386	0.00446	0.00752
34	0.00800	0.00580	0.00756	0.00897	0.00950	0.00536	0.00602	0.00919	0.01280	0.01688	0.03874	0.70784	0.09846	0.02031	0.00835	0.00264	0.00378	0.01833	0.00611	0.00536
35	0.02713	0.01506	0.01766	0.01354	0.01873	0.01540	0.01119	0.39082	0.02529	0.36429	0.02056	0.01889	0.01358	0.00802	0.00660	0.00200	0.00648	0.00625	0.00732	0.01120
36	0.00882	0.00671	0.00810	0.00776	0.00953	0.00600	0.00582	0.01145	0.01745	0.02359	0.50936	0.05381	0.27861	0.01451	0.00777	0.00212	0.00318	0.01256	0.00688	0.00600
37	0.81514	0.01273	0.00968	0.00866	0.01273	0.01477	0.00713	0.01935	0.01120	0.02954	0.00917	0.01069	0.00713	0.00611	0.00407	0.00204	0.00509	0.00356	0.00407	0.00713
38	0.81514	0.01273	0.00968	0.00866	0.01273	0.01477	0.00713	0.01935	0.01120	0.02954	0.00917	0.01069	0.00713	0.00611	0.00407	0.00204	0.00509	0.00356	0.00407	0.00713
39	0.00802	0.00573	0.00764	0.00917	0.00955	0.00535	0.00611	0.00917	0.01260	0.01681	0.03628	0.76434	0.04354	0.02062	0.00840	0.00267	0.00382	0.01872	0.00611	0.00535
40	0.01760	0.77260	0.03450	0.01126	0.01690	0.02605	0.01126	0.01971	0.01338	0.01549	0.00915	0.01056	0.00845	0.00563	0.00422	0.00141	0.00704	0.00352	0.00282	0.00845
41	0.00885	0.00637	0.00838	0.00860	0.00973	0.00590	0.00618	0.01125	0.01645	0.02293	0.47526	0.30791	0.05540	0.01605	0.00800	0.00229	0.00336	0.01437	0.00684	0.00590
42	0.01629	0.01564	0.02672	0.04041	0.72757	0.01564	0.02020	0.02020	0.01499	0.02151	0.01238	0.01629	0.01043	0.00587	0.00652	0.00196	0.00782	0.00587	0.00326	0.01043
43	0.01751	0.00977	0.01217	0.01051	0.01374	0.00953	0.00828	0.02333	0.15729	0.26659	0.22505	0.03462	0.09936	0.01389	0.06531	0.00278	0.00555	0.00901	0.00704	0.00867
44	0.01554	0.01776	0.03885	0.02775	0.03441	0.01665	0.70366	0.02109	0.01554	0.02109	0.01332	0.01776	0.00999	0.00555	0.00777	0.00222	0.01110	0.00777	0.00333	0.00888
45	0.01320	0.03405	0.73453	0.01876	0.02849	0.01529	0.02432	0.02085	0.01390	0.02085	0.01181	0.01390	0.00834	0.00625	0.00625	0.00208	0.00973	0.00486	0.00278	0.00973
46	0.07212	0.01501	0.01578	0.01295	0.01734	0.06758	0.01040	0.21997	0.15700	0.25184	0.02262	0.05576	0.03416	0.00882	0.00653	0.00207	0.00627	0.00699	0.00668	0.01011
47	0.01055	0.00728	0.00899	0.00835	0.01035	0.00667	0.00633	0.01389	0.04378	0.07007	0.51277	0.04957	0.19919	0.01363	0.00765	0.00211	0.00339	0.01182	0.00704	0.00655
48	0.00802	0.00573	0.00764	0.00917	0.00955	0.00535	0.00611	0.00917	0.01260	0.01681	0.03628	0.76434	0.04354	0.02062	0.00840	0.00267	0.00382	0.01872	0.00611	0.00535
49	0.01243	0.01170	0.01975	0.75282	0.04534	0.01463	0.01828	0.01682	0.01316	0.01682	0.01170	0.01755	0.00878	0.00658	0.00658	0.00219	0.00878	0.00585	0.00293	0.00731
