[name]
unknown

[dist]
# distance from previous block
# <min> <max>
0	50

[block]
# block no. 0 follows, 35 sequences, length 15
# corresponding to MSA columns:
# 56-70
name=unknown_A
#
# <colnr> <probs for GDERKNQSTAVLIFYWHMCP>
#	G	D	E	R	K	N	Q	S	T	A	V	L	I	F	Y	W	H	M	C	P
0	0.00850	0.00654	0.00743	0.00766	0.00918	0.00594	0.00575	0.01015	0.01375	0.01726	0.11035	0.05786	0.39780	0.16963	0.01274	0.00309	0.00428	0.14132	0.00557	0.00520
1	0.06784	0.04644	0.37922	0.04743	0.04548	0.05565	0.01686	0.03401	0.01453	0.08165	0.06919	0.01979	0.04523	0.00755	0.00650	0.00200	0.02840	0.01980	0.00386	0.00856
2	0.01543	0.01379	0.01790	0.15475	0.10566	0.08272	0.07465	0.12360	0.05940	0.04620	0.07521	0.08349	0.07076	0.00934	0.00680	0.00207	0.00701	0.03843	0.00477	0.00802
3	0.00871	0.00656	0.00812	0.00835	0.00966	0.00618	0.00602	0.01171	0.05772	0.02094	0.33990	0.30789	0.15325	0.01565	0.00764	0.00223	0.00339	0.01386	0.00639	0.00583
4	0.06202	0.00769	0.01069	0.09442	0.05925	0.00797	0.00800	0.01243	0.01168	0.05645	0.07672	0.18621	0.02319	0.12737	0.03985	0.19127	0.00581	0.00921	0.00434	0.00543
5	0.01423	0.01437	0.02025	0.40926	0.25232	0.09958	0.01683	0.01786	0.01394	0.01757	0.01436	0.01845	0.05077	0.00671	0.00632	0.00199	0.00822	0.00591	0.00315	0.00791
6	0.01492	0.01695	0.03652	0.02622	0.03231	0.01622	0.67872	0.02006	0.01471	0.02006	0.01260	0.01695	0.00956	0.00564	0.00817	0.00217	0.04917	0.00739	0.00319	0.00847
7	0.02728	0.01089	0.01460	0.01127	0.01601	0.00962	0.00928	0.06046	0.01867	0.67433	0.06053	0.02262	0.01772	0.00810	0.00643	0.00196	0.00535	0.00661	0.00774	0.01055
8	0.00989	0.00691	0.00955	0.01020	0.03184	0.00647	0.03156	0.01135	0.01289	0.05568	0.05308	0.38210	0.12654	0.10916	0.01137	0.02887	0.00464	0.08680	0.00550	0.00561
9	0.01518	0.05294	0.04848	0.08196	0.33603	0.03767	0.03564	0.01950	0.06465	0.06675	0.05438	0.06571	0.03522	0.02409	0.00745	0.00208	0.03247	0.00700	0.00407	0.00874
10	0.01556	0.01320	0.01388	0.01253	0.01600	0.01524	0.00973	0.03267	0.68696	0.02638	0.02554	0.02367	0.01920	0.00854	0.00634	0.00211	0.00491	0.00710	0.05062	0.00981
11	0.00923	0.00615	0.00692	0.00692	0.00692	0.00615	0.00384	0.00923	0.00923	0.01230	0.01999	0.04151	0.02306	0.77705	0.03229	0.00615	0.00615	0.00923	0.00384	0.00384
12	0.07189	0.16400	0.10513	0.07695	0.05125	0.01742	0.01302	0.19840	0.11115	0.10800	0.01516	0.01572	0.01116	0.00686	0.00573	0.00187	0.00680	0.00526	0.00481	0.00941
13	0.13570	0.09673	0.04373	0.16813	0.04534	0.10358	0.10179	0.08235	0.01471	0.02091	0.01149	0.01469	0.00912	0.00717	0.00709	0.04313	0.03198	0.00511	0.04965	0.00759
14	0.04639	0.01285	0.01837	0.20762	0.17216	0.03083	0.04354	0.03788	0.13248	0.08472	0.03188	0.04143	0.01382	0.00754	0.00701	0.00205	0.04586	0.00643	0.04863	0.00850

[dist]
# distance from previous block
# <min> <max>
1	7

[block]
# block no. 1 follows, 35 sequences, length 28
# corresponding to MSA columns:
# 78-105
name=unknown_B
#
# <colnr> <probs for GDERKNQSTAVLIFYWHMCP>
#	G	D	E	R	K	N	Q	S	T	A	V	L	I	F	Y	W	H	M	C	P
0	0.05599	0.04645	0.03635	0.04793	0.04869	0.02625	0.00957	0.13632	0.06057	0.02267	0.07314	0.18117	0.06539	0.03713	0.06210	0.00281	0.02928	0.00916	0.04172	0.00732
1	0.01054	0.00873	0.06137	0.00834	0.00955	0.00749	0.00611	0.05548	0.01165	0.01637	0.02095	0.12425	0.02271	0.49405	0.02268	0.00462	0.00578	0.00937	0.09490	0.00508
2	0.01654	0.07626	0.19724	0.01789	0.05837	0.10920	0.14283	0.08803	0.01595	0.06421	0.03297	0.07219	0.01350	0.03129	0.00769	0.00211	0.03473	0.00661	0.00394	0.00848
3	0.01755	0.01934	0.17417	0.02083	0.19728	0.07413	0.03697	0.13632	0.08356	0.08742	0.01789	0.04559	0.04517	0.00758	0.00638	0.00197	0.00749	0.00639	0.00453	0.00944
4	0.02346	0.02882	0.01831	0.01697	0.04360	0.67363	0.01248	0.07550	0.01872	0.01748	0.01027	0.01186	0.00843	0.00659	0.00578	0.00166	0.01098	0.00426	0.00349	0.00769
5	0.00841	0.00585	0.00739	0.00835	0.00866	0.00564	0.00545	0.00924	0.01129	0.01502	0.02967	0.47379	0.03504	0.28302	0.01655	0.00384	0.00468	0.05818	0.00517	0.00474
6	0.01879	0.08106	0.12653	0.01709	0.05901	0.10597	0.11819	0.12334	0.01717	0.14251	0.01624	0.08834	0.01337	0.00798	0.00690	0.00198	0.03534	0.00673	0.00458	0.00889
7	0.01488	0.01276	0.01903	0.02370	0.32617	0.02958	0.04424	0.08316	0.01601	0.05534	0.07321	0.09923	0.07769	0.00972	0.00751	0.00210	0.04079	0.05183	0.00460	0.00846
8	0.00791	0.00565	0.00757	0.00904	0.00949	0.00531	0.00620	0.00915	0.01232	0.01640	0.03486	0.72179	0.04156	0.01970	0.00815	0.00260	0.00384	0.06736	0.00589	0.00520
9	0.01363	0.01242	0.01965	0.15834	0.38265	0.01306	0.01527	0.04055	0.03606	0.01999	0.05660	0.04776	0.09139	0.00858	0.00757	0.02738	0.02966	0.00724	0.00386	0.00834
10	0.01949	0.01491	0.01890	0.12931	0.02288	0.06802	0.08778	0.24331	0.04423	0.13741	0.01693	0.06468	0.01325	0.00881	0.02020	0.00218	0.04588	0.00672	0.02618	0.00894
11	0.00882	0.00743	0.03052	0.01081	0.01207	0.00657	0.05870	0.01076	0.01296	0.01735	0.05612	0.56358	0.03842	0.01783	0.00808	0.00256	0.00466	0.12146	0.00563	0.00565
12	0.01335	0.00868	0.01090	0.01080	0.01308	0.00872	0.00873	0.01883	0.15434	0.12633	0.10253	0.14695	0.07443	0.01414	0.00767	0.00245	0.00488	0.25954	0.00638	0.00728
13	0.01874	0.41139	0.12932	0.01368	0.01904	0.22759	0.01312	0.06820	0.01554	0.01753	0.00990	0.01133	0.00831	0.00597	0.00497	0.00156	0.00848	0.00393	0.00311	0.00828
14	0.01661	0.01857	0.14467	0.05392	0.32629	0.04821	0.17905	0.02112	0.01488	0.09531	0.01330	0.01611	0.01007	0.00594	0.00650	0.00197	0.00855	0.00592	0.00357	0.00944
15	0.00885	0.00692	0.00815	0.00870	0.01004	0.00670	0.00618	0.01249	0.10901	0.01855	0.09591	0.43382	0.21727	0.01685	0.00768	0.00236	0.00369	0.01488	0.00605	0.00593
16	0.01620	0.01395	0.01546	0.01500	0.07216	0.01592	0.01087	0.06718	0.63598	0.02677	0.02421	0.02263	0.01821	0.00833	0.00644	0.00212	0.00531	0.00698	0.00619	0.01008
17	0.02250	0.01079	0.01432	0.01251	0.05165	0.01017	0.00951	0.10870	0.01805	0.44701	0.04806	0.07906	0.04491	0.01282	0.07681	0.00278	0.00650	0.00760	0.00676	0.00949
18	0.01598	0.07540	0.38342	0.15249	0.05124	0.05754	0.01860	0.03832	0.01457	0.11490	0.01302	0.01491	0.00928	0.00634	0.00600	0.00195	0.00851	0.00502	0.00353	0.00900
19	0.01721	0.75272	0.03267	0.01106	0.01641	0.05235	0.01091	0.01923	0.01308	0.01495	0.00886	0.01022	0.00814	0.00547	0.00413	0.00137	0.00696	0.00342	0.00273	0.00811
20	0.00835	0.00625	0.00775	0.00781	0.00920	0.00565	0.00569	0.01059	0.01583	0.02141	0.41995	0.21503	0.21270	0.01525	0.00763	0.00216	0.00320	0.01341	0.00648	0.00565
21	0.12985	0.03627	0.01814	0.03167	0.12747	0.23545	0.03810	0.10962	0.03787	0.02195	0.01292	0.05246	0.01114	0.00853	0.02626	0.00214	0.06207	0.00560	0.02443	0.00805
22	0.00812	0.00586	0.00740	0.00823	0.00885	0.00554	0.00552	0.00928	0.01224	0.01625	0.08757	0.47874	0.11533	0.15137	0.04612	0.00345	0.00461	0.01499	0.00550	0.00503
23	0.01689	0.41343	0.09884	0.03146	0.05204	0.12577	0.03885	0.03543	0.01409	0.01688	0.01118	0.01305	0.02684	0.00626	0.00580	0.00162	0.04678	0.00436	0.00303	0.03741
24	0.01395	0.04251	0.21120	0.07109	0.16032	0.04694	0.01532	0.03233	0.05754	0.01973	0.01370	0.04863	0.01171	0.03584	0.02981	0.00221	0.02647	0.00571	0.00351	0.15150
25	0.01766	0.06972	0.19947	0.06160	0.07562	0.06273	0.08650	0.16995	0.07249	0.07290	0.01498	0.04196	0.01154	0.00709	0.00626	0.00196	0.00797	0.00596	0.00435	0.00930
26	0.00970	0.00862	0.02898	0.01106	0.04773	0.03890	0.03338	0.01154	0.01333	0.01756	0.13128	0.32450	0.11159	0.12261	0.03621	0.00311	0.00533	0.03360	0.00524	0.00573
27	0.01279	0.00862	0.01050	0.01026	0.01203	0.00873	0.00769	0.13266	0.04174	0.07081	0.06470	0.35752	0.03223	0.09582	0.01023	0.00280	0.00492	0.10333	0.00596	0.00667

[dist]
# distance from previous block
# <min> <max>
3	11

[block]
# block no. 2 follows, 35 sequences, length 60
# corresponding to MSA columns:
# 117-130,133-178
name=unknown_C
#
# <colnr> <probs for GDERKNQSTAVLIFYWHMCP>
#	G	D	E	R	K	N	Q	S	T	A	V	L	I	F	Y	W	H	M	C	P
0	0.03740	0.03670	0.05661	0.10705	0.03757	0.08145	0.01103	0.11969	0.01692	0.08090	0.09069	0.02019	0.04903	0.00731	0.00588	0.00167	0.00635	0.00586	0.00463	0.22309
1	0.08749	0.03915	0.06081	0.03548	0.04112	0.21357	0.17548	0.05471	0.05107	0.04278	0.01388	0.01624	0.02718	0.00827	0.03265	0.00223	0.05718	0.00568	0.02700	0.00802
2	0.01517	0.01633	0.08644	0.18385	0.22983	0.07756	0.01576	0.06989	0.01479	0.02003	0.03279	0.01601	0.01071	0.00719	0.00793	0.02968	0.06954	0.00540	0.00341	0.08768
3	0.02651	0.01236	0.06571	0.01166	0.01692	0.00965	0.01021	0.02932	0.01754	0.65109	0.02330	0.02055	0.01481	0.00755	0.00626	0.00191	0.00564	0.00611	0.00726	0.05562
4	0.01423	0.01124	0.01326	0.00953	0.01512	0.00852	0.00764	0.01702	0.01351	0.07117	0.01224	0.01375	0.00984	0.00492	0.00482	0.00101	0.00475	0.00394	0.00405	0.75946
5	0.01025	0.00663	0.00815	0.00814	0.00967	0.00644	0.00638	0.01358	0.03315	0.02374	0.36925	0.04390	0.04118	0.01197	0.00675	0.00201	0.00355	0.13424	0.25499	0.00604
6	0.07172	0.01201	0.01241	0.01114	0.01433	0.01359	0.00868	0.07501	0.45996	0.02638	0.02368	0.02310	0.03768	0.00872	0.00645	0.02448	0.00474	0.00672	0.15041	0.00880
7	0.01111	0.00848	0.01017	0.00981	0.01119	0.05949	0.00739	0.01318	0.01230	0.05195	0.13048	0.02946	0.02319	0.12997	0.43535	0.00717	0.01210	0.00761	0.02375	0.00586
8	0.00837	0.00661	0.00763	0.00781	0.00967	0.00588	0.00614	0.01054	0.01527	0.01936	0.20788	0.06007	0.44660	0.01566	0.00774	0.00226	0.00368	0.14710	0.00613	0.00559
9	0.08540	0.29417	0.14130	0.01484	0.03811	0.03882	0.03395	0.05942	0.01322	0.01881	0.00971	0.01232	0.00831	0.00715	0.00892	0.00195	0.19790	0.00448	0.00308	0.00813
10	0.00778	0.00641	0.00683	0.00678	0.00875	0.00547	0.00507	0.00962	0.01503	0.01863	0.18629	0.07994	0.59022	0.01561	0.00751	0.00213	0.00319	0.01318	0.00609	0.00547
11	0.00936	0.00700	0.02815	0.00828	0.00899	0.00674	0.00580	0.01051	0.01031	0.01448	0.02094	0.10444	0.02267	0.43236	0.19754	0.00623	0.00835	0.03251	0.06057	0.00476
12	0.01352	0.15064	0.59384	0.01740	0.02599	0.01645	0.05817	0.01993	0.01340	0.01928	0.01105	0.01308	0.00814	0.00590	0.00579	0.00191	0.00903	0.00463	0.00271	0.00914
13	0.02109	0.28552	0.02336	0.01431	0.01838	0.40768	0.01181	0.08890	0.01708	0.01765	0.00994	0.01145	0.00842	0.00642	0.00573	0.00160	0.03531	0.00405	0.00336	0.00794
14	0.01652	0.22822	0.16456	0.01715	0.09241	0.03546	0.07183	0.13194	0.03452	0.02183	0.01187	0.01384	0.00946	0.00715	0.02455	0.00193	0.02642	0.00487	0.00360	0.08186
15	0.01416	0.25047	0.01976	0.14855	0.01961	0.07421	0.01088	0.01731	0.04928	0.03520	0.03736	0.06254	0.08882	0.01190	0.06884	0.00256	0.05166	0.00665	0.02306	0.00720
16	0.00991	0.00654	0.00778	0.00761	0.00887	0.00602	0.00524	0.01133	0.01358	0.06821	0.20545	0.13958	0.20244	0.26147	0.01551	0.00345	0.00432	0.01168	0.00563	0.00537
17	0.01907	0.01513	0.01552	0.01319	0.01720	0.05506	0.01045	0.21071	0.42769	0.08393	0.02346	0.02194	0.04081	0.00844	0.00642	0.00204	0.00584	0.00678	0.00634	0.00999
18	0.00906	0.00691	0.00861	0.00938	0.01111	0.00645	0.00783	0.01146	0.01472	0.01858	0.08217	0.06608	0.31855	0.01670	0.00819	0.00256	0.00464	0.38544	0.00592	0.00565
19	0.23425	0.01647	0.01710	0.01352	0.01820	0.08232	0.05953	0.33117	0.02117	0.12608	0.01418	0.01456	0.01009	0.00694	0.00574	0.00192	0.00689	0.00518	0.00541	0.00929
20	0.00832	0.00647	0.00762	0.00780	0.00948	0.00577	0.00596	0.01047	0.01533	0.01983	0.26327	0.12677	0.37307	0.01567	0.00771	0.00224	0.00352	0.09889	0.00622	0.00559
21	0.00923	0.00615	0.00692	0.00692	0.00692	0.00615	0.00384	0.00923	0.00923	0.01230	0.01999	0.04151	0.02306	0.77705	0.03229	0.00615	0.00615	0.00923	0.00384	0.00384
22	0.00822	0.00642	0.00744	0.00725	0.00903	0.00565	0.00541	0.01047	0.01606	0.02108	0.38422	0.07871	0.38791	0.01471	0.00751	0.00209	0.00312	0.01263	0.00641	0.00565
23	0.00810	0.00579	0.00774	0.00897	0.00957	0.00544	0.00627	0.00959	0.01308	0.01759	0.12232	0.62263	0.04374	0.01881	0.00808	0.00253	0.00378	0.07463	0.00602	0.00532
24	0.01405	0.01344	0.02256	0.33253	0.40373	0.01498	0.01832	0.01784	0.01340	0.01850	0.01141	0.01607	0.00928	0.00632	0.00732	0.00204	0.06098	0.00564	0.00298	0.00861
25	0.11157	0.10350	0.09835	0.03689	0.06969	0.01525	0.07067	0.07294	0.03148	0.02179	0.01123	0.01361	0.00908	0.00626	0.00700	0.00173	0.08958	0.00471	0.00359	0.22110
26	0.55090	0.08857	0.01361	0.01029	0.01431	0.14706	0.00845	0.03938	0.01308	0.05219	0.00979	0.01106	0.00767	0.00608	0.00442	0.00185	0.00633	0.00372	0.00391	0.00733
27	0.03511	0.01219	0.03418	0.01242	0.01559	0.03469	0.05863	0.18596	0.03627	0.08142	0.09700	0.03055	0.03933	0.09500	0.12777	0.00380	0.00808	0.07907	0.00527	0.00767
28	0.01603	0.01413	0.02041	0.16095	0.18476	0.01551	0.08126	0.08602	0.28491	0.04241	0.01778	0.01919	0.01345	0.00710	0.00648	0.00206	0.00696	0.00642	0.00475	0.00942
29	0.00870	0.00640	0.00836	0.00957	0.01069	0.00606	0.00746	0.01063	0.01355	0.01749	0.03951	0.36394	0.16044	0.01826	0.00826	0.00264	0.00448	0.29220	0.00587	0.00547
30	0.01315	0.01128	0.01315	0.00940	0.01503	0.00846	0.00752	0.01597	0.01315	0.02067	0.01128	0.01315	0.00940	0.00470	0.00470	0.00094	0.00470	0.00376	0.00376	0.81583
31	0.00822	0.00597	0.00785	0.00918	0.00994	0.00561	0.00667	0.00974	0.01287	0.01686	0.03755	0.56026	0.10852	0.01902	0.00817	0.00260	0.00408	0.15568	0.00588	0.00531
32	0.01388	0.01388	0.01943	0.01666	0.01666	0.01943	0.01388	0.01527	0.00972	0.01527	0.00833	0.01388	0.00833	0.01110	0.02082	0.00278	0.76544	0.00555	0.00278	0.00694
33	0.01763	0.70678	0.03174	0.01140	0.01661	0.09681	0.01099	0.01962	0.01339	0.01498	0.00892	0.01030	0.00814	0.00554	0.00423	0.00138	0.00724	0.00346	0.00277	0.00806
34	0.01388	0.01388	0.01943	0.01666	0.01666	0.01943	0.01388	0.01527	0.00972	0.01527	0.00833	0.01388	0.00833	0.01110	0.02082	0.00278	0.76544	0.00555	0.00278	0.00694
35	0.01315	0.01128	0.01315	0.00940	0.01503	0.00846	0.00752	0.01597	0.01315	0.02067	0.01128	0.01315	0.00940	0.00470	0.00470	0.00094	0.00470	0.00376	0.00376	0.81583
36	0.14109	0.01465	0.11016	0.06811	0.02030	0.03790	0.13264	0.03506	0.01355	0.02092	0.01732	0.09373	0.01636	0.00951	0.00764	0.00222	0.06916	0.10990	0.07256	0.00722
37	0.01022	0.00730	0.01022	0.01168	0.01314	0.00730	0.01022	0.01314	0.01460	0.01899	0.03359	0.07156	0.03651	0.01752	0.00876	0.00292	0.00584	0.69478	0.00584	0.00584
38	0.01251	0.01205	0.01564	0.01392	0.01451	0.04996	0.01128	0.01409	0.01054	0.01516	0.01495	0.02091	0.06166	0.04946	0.20463	0.00468	0.45793	0.00648	0.00322	0.00641
39	0.82186	0.01227	0.00932	0.00834	0.01227	0.01423	0.00687	0.01865	0.01080	0.02846	0.00883	0.01031	0.00687	0.00589	0.00393	0.00196	0.00491	0.00344	0.00393	0.00687
40	0.00777	0.00587	0.00707	0.00794	0.00889	0.00529	0.00544	0.00903	0.01292	0.01658	0.06436	0.48505	0.26518	0.05638	0.00910	0.00260	0.00363	0.01590	0.00582	0.00518
41	0.00809	0.00568	0.00710	0.00824	0.00894	0.00525	0.00561	0.00944	0.01256	0.01703	0.03742	0.60795	0.12998	0.01818	0.00767	0.00241	0.00355	0.01626	0.08338	0.00525
42	0.01504	0.01439	0.02455	0.16830	0.61332	0.01490	0.01914	0.01889	0.01413	0.01992	0.01182	0.01592	0.00976	0.00578	0.00629	0.00193	0.00770	0.00565	0.00308	0.00951
43	0.03707	0.00664	0.00833	0.00785	0.00943	0.00626	0.00591	0.01239	0.01739	0.02542	0.65997	0.04448	0.05503	0.01234	0.00715	0.00196	0.00306	0.01081	0.06250	0.00601
44	0.00786	0.00633	0.00700	0.00706	0.00885	0.00547	0.00521	0.00972	0.01498	0.01890	0.21211	0.14035	0.50230	0.01581	0.00756	0.00216	0.00322	0.01349	0.00614	0.00547
45	0.03929	0.01348	0.01535	0.01430	0.06572	0.09379	0.01047	0.10567	0.03719	0.20665	0.01738	0.07547	0.01447	0.03783	0.03323	0.08086	0.11901	0.00673	0.00503	0.00808
46	0.82186	0.01227	0.00932	0.00834	0.01227	0.01423	0.00687	0.01865	0.01080	0.02846	0.00883	0.01031	0.00687	0.00589	0.00393	0.00196	0.00491	0.00344	0.00393	0.00687
47	0.01693	0.01308	0.01956	0.02210	0.26691	0.01323	0.07642	0.08961	0.11967	0.11356	0.07326	0.02316	0.03524	0.00775	0.00649	0.00197	0.00632	0.02389	0.06161	0.00926
48	0.00853	0.00625	0.00800	0.00801	0.00931	0.00572	0.00584	0.01093	0.01623	0.02239	0.49878	0.21725	0.12937	0.01491	0.00763	0.00215	0.00318	0.01320	0.00661	0.00572
49	0.01436	0.01621	0.09745	0.18365	0.31467	0.03583	0.07122	0.01872	0.03200	0.01899	0.01251	0.01782	0.01047	0.00699	0.00811	0.00211	0.09529	0.03177	0.00318	0.00864
50	0.00799	0.00643	0.00714	0.00713	0.00899	0.00558	0.00536	0.00997	0.01526	0.01931	0.23564	0.09344	0.50120	0.01550	0.00757	0.00215	0.00327	0.03638	0.00617	0.00553
51	0.01639	0.09137	0.02567	0.15185	0.06868	0.15848	0.24169	0.02193	0.10401	0.01903	0.01335	0.01621	0.01040	0.00624	0.00634	0.00193	0.00898	0.00592	0.02330	0.00822
52	0.02320	0.01868	0.01821	0.01442	0.01908	0.10956	0.01171	0.57046	0.06481	0.03568	0.01531	0.01550	0.01111	0.00753	0.00621	0.00187	0.00729	0.00559	0.03362	0.01016
53	0.00911	0.00660	0.00919	0.00917	0.00999	0.00735	0.00668	0.01074	0.01018	0.01439	0.04224	0.03048	0.01944	0.25716	0.51869	0.00875	0.01338	0.00766	0.00365	0.00515
54	0.02098	0.01621	0.01728	0.01396	0.01848	0.01821	0.01130	0.45995	0.29130	0.03493	0.01921	0.01840	0.01401	0.00799	0.00639	0.00200	0.00624	0.00626	0.00639	0.01051
55	0.01096	0.01180	0.10616	0.01381	0.05839	0.00940	0.08642	0.01404	0.03694	0.03626	0.02726	0.26676	0.09822	0.13196	0.01176	0.00291	0.03473	0.03098	0.00466	0.00657
56	0.01392	0.06177	0.09454	0.03790	0.14173	0.10871	0.12812	0.01777	0.03881	0.01873	0.06118	0.08186	0.10778	0.02919	0.02823	0.00232	0.00778	0.00795	0.00400	0.00771
57	0.09416	0.07135	0.05771	0.01109	0.01535	0.04887	0.00938	0.06121	0.14101	0.07581	0.02064	0.11059	0.05805	0.00866	0.00582	0.00179	0.00552	0.00699	0.00493	0.19108
58	0.06946	0.14444	0.11203	0.07153	0.09510	0.11207	0.05386	0.03717	0.03163	0.04175	0.03369	0.06051	0.01298	0.00997	0.05803	0.00242	0.00830	0.00588	0.00368	0.03550
59	0.01546	0.08774	0.09001	0.08980	0.11812	0.05721	0.03680	0.10573	0.05658	0.02232	0.05701	0.03739	0.01392	0.00688	0.00586	0.00172	0.00683	0.00575	0.02433	0.16054

[dist]
# distance from previous block
# <min> <max>
5	30

[block]
# block no. 3 follows, 35 sequences, length 16
# corresponding to MSA columns:
# 209-224
name=unknown_D
#
# <colnr> <probs for GDERKNQSTAVLIFYWHMCP>
#	G	D	E	R	K	N	Q	S	T	A	V	L	I	F	Y	W	H	M	C	P
0	0.07079	0.01495	0.09225	0.12333	0.19383	0.03057	0.03372	0.06454	0.06136	0.10304	0.06301	0.05215	0.03392	0.00787	0.00671	0.00203	0.02605	0.00671	0.00448	0.00870
1	0.01400	0.01675	0.18995	0.07682	0.01988	0.01349	0.01319	0.14461	0.12522	0.02358	0.07473	0.07521	0.08631	0.04082	0.00856	0.00229	0.05374	0.00781	0.00483	0.00824
2	0.00910	0.00696	0.00886	0.00936	0.03099	0.00678	0.00657	0.01180	0.04186	0.02067	0.30727	0.27444	0.15373	0.01499	0.00801	0.00222	0.03277	0.01309	0.03462	0.00593
3	0.01280	0.05169	0.01367	0.01262	0.06195	0.01084	0.02991	0.06062	0.15975	0.04510	0.09414	0.19618	0.07736	0.05868	0.02634	0.00260	0.00537	0.05055	0.00553	0.02429
4	0.02086	0.01010	0.01437	0.01138	0.01526	0.00913	0.05620	0.05447	0.01840	0.42265	0.26024	0.02961	0.02980	0.00938	0.00682	0.00198	0.00503	0.00812	0.00718	0.00904
5	0.01367	0.01666	0.15003	0.03560	0.07450	0.07367	0.06932	0.05461	0.13236	0.02079	0.06519	0.06238	0.09281	0.05900	0.04889	0.00275	0.00755	0.00780	0.00449	0.00793
6	0.01507	0.01209	0.01883	0.14710	0.28850	0.01230	0.03166	0.06520	0.01578	0.08826	0.09704	0.06335	0.04241	0.00842	0.00664	0.00200	0.00651	0.03374	0.00453	0.04059
7	0.01418	0.04128	0.23532	0.01676	0.06816	0.06092	0.03329	0.06013	0.03284	0.01951	0.01645	0.03910	0.06137	0.02829	0.01052	0.00227	0.19573	0.01943	0.03643	0.00800
8	0.03879	0.03549	0.10598	0.07622	0.04485	0.04271	0.14865	0.05769	0.08676	0.08215	0.04168	0.01728	0.01259	0.00639	0.00609	0.00179	0.00728	0.00575	0.00426	0.17762
9	0.04410	0.17551	0.20435	0.01316	0.01931	0.01556	0.03450	0.09744	0.06358	0.04376	0.01462	0.01564	0.03727	0.00637	0.00543	0.00164	0.00675	0.00492	0.00393	0.19216
10	0.01396	0.01224	0.05293	0.11224	0.09694	0.04086	0.02949	0.07958	0.04164	0.07283	0.15652	0.06184	0.11290	0.01030	0.00686	0.00207	0.00593	0.05501	0.02820	0.00766
11	0.01146	0.06275	0.06144	0.01021	0.01282	0.01056	0.00845	0.05749	0.13454	0.02030	0.10204	0.18188	0.17208	0.06903	0.02908	0.00266	0.03031	0.01061	0.00537	0.00691
12	0.01122	0.00676	0.00860	0.00819	0.00993	0.00618	0.00611	0.01373	0.01626	0.10627	0.41178	0.16645	0.09406	0.01319	0.00714	0.00205	0.00340	0.01155	0.09078	0.00635
13	0.04352	0.16086	0.04932	0.06179	0.01906	0.05597	0.02985	0.14098	0.19036	0.02358	0.01525	0.01648	0.01193	0.00750	0.00732	0.00194	0.09086	0.00547	0.05930	0.00868
14	0.01795	0.01598	0.11011	0.01451	0.06633	0.03774	0.01197	0.17422	0.08812	0.13074	0.05644	0.02100	0.04259	0.04208	0.00792	0.00206	0.03647	0.00627	0.00522	0.11228
15	0.10735	0.04018	0.08054	0.01455	0.01881	0.24825	0.03316	0.13885	0.13218	0.05354	0.03210	0.01564	0.01191	0.00727	0.00647	0.00191	0.03884	0.00526	0.00456	0.00862

[dist]
# distance from previous block
# <min> <max>
0	4

[block]
# block no. 4 follows, 35 sequences, length 18
# corresponding to MSA columns:
# 229-246
name=unknown_E
#
# <colnr> <probs for GDERKNQSTAVLIFYWHMCP>
#	G	D	E	R	K	N	Q	S	T	A	V	L	I	F	Y	W	H	M	C	P
0	0.06315	0.22911	0.05610	0.01305	0.01806	0.04308	0.01167	0.33035	0.04601	0.07112	0.01463	0.01684	0.01151	0.00735	0.00568	0.00181	0.00686	0.03922	0.00500	0.00940
1	0.14586	0.13765	0.16479	0.01335	0.05900	0.01475	0.01220	0.06666	0.05353	0.02266	0.01195	0.01350	0.00943	0.00584	0.00504	0.00159	0.00629	0.00434	0.03090	0.22068
2	0.02056	0.01085	0.01285	0.01047	0.01432	0.01066	0.00842	0.11443	0.12430	0.30966	0.04497	0.02192	0.01681	0.00781	0.00587	0.00181	0.00485	0.00632	0.19743	0.05568
3	0.04069	0.00716	0.00790	0.00725	0.00936	0.00695	0.00559	0.03494	0.01509	0.11034	0.14230	0.02882	0.06381	0.00883	0.00539	0.00169	0.00344	0.00723	0.48659	0.00664
4	0.00993	0.00746	0.00916	0.00915	0.01073	0.00750	0.00690	0.01466	0.12439	0.02196	0.32003	0.17880	0.08292	0.03997	0.03164	0.00260	0.00427	0.08071	0.03088	0.00632
5	0.00780	0.00555	0.00734	0.00875	0.00910	0.00520	0.00580	0.00885	0.01201	0.01602	0.03429	0.73977	0.04110	0.05419	0.00919	0.00274	0.00379	0.01764	0.00580	0.00509
6	0.01597	0.05934	0.07121	0.08003	0.02000	0.01641	0.01194	0.08717	0.50975	0.02558	0.02158	0.02081	0.01618	0.00795	0.00627	0.00207	0.00592	0.00651	0.00562	0.00968
7	0.01392	0.01140	0.01359	0.00990	0.01518	0.00912	0.00796	0.01665	0.01320	0.05471	0.01176	0.01360	0.00964	0.00521	0.00569	0.00109	0.04792	0.00399	0.00390	0.73157
8	0.01476	0.03783	0.05355	0.12529	0.07208	0.08001	0.01174	0.09000	0.18255	0.02103	0.02055	0.08420	0.05338	0.09674	0.00972	0.00253	0.02396	0.00757	0.00461	0.00792
9	0.01527	0.13242	0.22686	0.08283	0.12760	0.05814	0.01592	0.10229	0.03775	0.02137	0.04290	0.03478	0.04474	0.00748	0.00607	0.00191	0.00762	0.02157	0.00380	0.00869
10	0.09659	0.01289	0.02002	0.33996	0.23296	0.01474	0.03787	0.04852	0.01364	0.02017	0.01161	0.01588	0.00919	0.00650	0.00705	0.00205	0.06085	0.00548	0.03597	0.00804
11	0.02370	0.03023	0.01798	0.01634	0.01961	0.75158	0.01226	0.02533	0.01798	0.01553	0.00981	0.01144	0.00817	0.00654	0.00572	0.00163	0.01144	0.00409	0.00327	0.00735
12	0.00820	0.00607	0.00777	0.00840	0.00925	0.00593	0.00587	0.00958	0.01203	0.01595	0.06301	0.36670	0.16134	0.11926	0.16568	0.00450	0.00664	0.01348	0.00516	0.00517
13	0.01388	0.01388	0.01943	0.01666	0.01666	0.01943	0.01388	0.01527	0.00972	0.01527	0.00833	0.01388	0.00833	0.01110	0.02082	0.00278	0.76544	0.00555	0.00278	0.00694
14	0.01338	0.05336	0.63107	0.01828	0.02691	0.01543	0.06776	0.04094	0.01386	0.02039	0.01142	0.01361	0.00824	0.00618	0.00655	0.00202	0.03363	0.00489	0.00283	0.00925
15	0.00751	0.00638	0.00647	0.00654	0.00860	0.00535	0.00487	0.00909	0.01435	0.01709	0.06283	0.09604	0.70085	0.01625	0.00753	0.00216	0.00324	0.01362	0.00589	0.00535
16	0.01649	0.01671	0.12790	0.05114	0.06117	0.01517	0.05350	0.17542	0.22983	0.04789	0.01993	0.05383	0.03624	0.00829	0.00689	0.00207	0.02993	0.00690	0.03140	0.00931
17	0.02087	0.01285	0.01613	0.01283	0.01672	0.01359	0.05380	0.22505	0.08861	0.23169	0.01932	0.01941	0.01374	0.00788	0.00729	0.00195	0.06866	0.00618	0.15407	0.00937

[dist]
# distance from previous block
# <min> <max>
4	9

[block]
# block no. 5 follows, 35 sequences, length 14
# corresponding to MSA columns:
# 257-270
name=unknown_F
#
# <colnr> <probs for GDERKNQSTAVLIFYWHMCP>
#	G	D	E	R	K	N	Q	S	T	A	V	L	I	F	Y	W	H	M	C	P
0	0.02750	0.01098	0.01459	0.01124	0.01601	0.00976	0.00927	0.06864	0.01860	0.67164	0.02429	0.02132	0.01545	0.00782	0.00629	0.00194	0.00538	0.00632	0.04236	0.01059
1	0.02735	0.01055	0.01436	0.01110	0.01581	0.00913	0.00913	0.02983	0.01815	0.70084	0.06564	0.02307	0.01823	0.00814	0.00644	0.00196	0.00526	0.00667	0.00780	0.01052
2	0.00923	0.00615	0.00692	0.00692	0.00692	0.00615	0.00384	0.00923	0.00923	0.01230	0.01999	0.04151	0.02306	0.77705	0.03229	0.00615	0.00615	0.00923	0.00384	0.00384
3	0.00829	0.00585	0.00731	0.00808	0.00854	0.00554	0.00526	0.00930	0.01203	0.01611	0.10829	0.44949	0.06910	0.23910	0.01504	0.00353	0.00430	0.01455	0.00541	0.00487
4	0.01696	0.78087	0.03324	0.01085	0.01628	0.02510	0.01085	0.01900	0.01289	0.01493	0.00882	0.01018	0.00814	0.00543	0.00407	0.00136	0.00678	0.00339	0.00271	0.00814
5	0.00783	0.00644	0.00689	0.00678	0.00878	0.00550	0.00508	0.00976	0.01525	0.01902	0.21635	0.05795	0.58164	0.01536	0.00749	0.00211	0.00316	0.01295	0.00614	0.00550
6	0.00773	0.00552	0.00736	0.00883	0.00920	0.00515	0.00589	0.00883	0.01215	0.01619	0.03497	0.77291	0.04196	0.01987	0.00810	0.00258	0.00368	0.01803	0.00589	0.00515
7	0.06373	0.01423	0.01655	0.01275	0.01769	0.01456	0.01053	0.36148	0.02345	0.36917	0.01953	0.01799	0.01291	0.00765	0.00625	0.00193	0.00614	0.00592	0.00694	0.01061
8	0.01315	0.01128	0.01315	0.00940	0.01503	0.00846	0.00752	0.01597	0.01315	0.02067	0.01128	0.01315	0.00940	0.00470	0.00470	0.00094	0.00470	0.00376	0.00376	0.81583
9	0.01315	0.01128	0.01315	0.00940	0.01503	0.00846	0.00752	0.01597	0.01315	0.02067	0.01128	0.01315	0.00940	0.00470	0.00470	0.00094	0.00470	0.00376	0.00376	0.81583
10	0.00906	0.00680	0.01020	0.01020	0.01133	0.00793	0.00793	0.01133	0.01020	0.01473	0.01699	0.02492	0.01586	0.04758	0.75191	0.01020	0.01699	0.00680	0.00340	0.00566
11	0.06094	0.32640	0.12464	0.01333	0.04514	0.10643	0.01210	0.05760	0.01393	0.01810	0.01141	0.01542	0.01024	0.09337	0.00864	0.00217	0.03839	0.00471	0.02927	0.00777
12	0.01915	0.01402	0.05576	0.01248	0.01674	0.01381	0.01048	0.17954	0.28255	0.18138	0.09706	0.02459	0.04607	0.00880	0.00653	0.00203	0.00550	0.00721	0.00655	0.00974
13	0.01661	0.30301	0.04024	0.03208	0.01612	0.15689	0.01009	0.03616	0.01483	0.06821	0.04973	0.10776	0.06407	0.02861	0.00633	0.00184	0.00685	0.00681	0.00411	0.02963

[dist]
# distance from previous block
# <min> <max>
0	6

[block]
# block no. 6 follows, 35 sequences, length 12
# corresponding to MSA columns:
# 277-288
name=unknown_G
#
# <colnr> <probs for GDERKNQSTAVLIFYWHMCP>
#	G	D	E	R	K	N	Q	S	T	A	V	L	I	F	Y	W	H	M	C	P
0	0.48162	0.04113	0.09130	0.01222	0.05204	0.01524	0.01039	0.11834	0.04087	0.06781	0.01169	0.01272	0.00870	0.00633	0.00484	0.00194	0.00590	0.00430	0.00436	0.00823
1	0.01480	0.01381	0.07806	0.01592	0.10349	0.01121	0.08585	0.07130	0.03751	0.07609	0.01870	0.10013	0.05214	0.00783	0.00612	0.00170	0.00612	0.00697	0.00447	0.28777
2	0.01289	0.01260	0.01937	0.60157	0.03878	0.05249	0.05488	0.01689	0.01314	0.01688	0.01128	0.01624	0.00861	0.00612	0.00620	0.00197	0.00834	0.00546	0.00296	0.09334
3	0.01421	0.01332	0.06309	0.13471	0.09230	0.01208	0.10333	0.05556	0.07090	0.06025	0.07276	0.08890	0.01744	0.00790	0.00641	0.00188	0.00659	0.00722	0.00443	0.16672
4	0.01153	0.00601	0.00637	0.00637	0.00781	0.00613	0.00481	0.01441	0.01297	0.02270	0.02030	0.02379	0.01622	0.01167	0.08409	0.00241	0.00445	0.00601	0.72607	0.00589
5	0.03938	0.01554	0.01669	0.11627	0.02039	0.12609	0.01224	0.09758	0.17598	0.02102	0.01461	0.01737	0.01185	0.01256	0.08917	0.00305	0.19224	0.00580	0.00418	0.00800
6	0.00913	0.00652	0.00881	0.00881	0.00947	0.00718	0.00621	0.01044	0.00979	0.01370	0.01826	0.03192	0.01890	0.35521	0.44843	0.00849	0.01242	0.00782	0.00359	0.00490
7	0.00913	0.00652	0.00877	0.00877	0.00941	0.00716	0.00616	0.01042	0.00977	0.01367	0.01829	0.03213	0.01899	0.36433	0.43944	0.00844	0.01228	0.00785	0.00359	0.00487
8	0.01409	0.01465	0.08473	0.26322	0.22919	0.01407	0.09736	0.01898	0.05214	0.04929	0.01428	0.05519	0.01177	0.00802	0.02533	0.00228	0.02692	0.00654	0.00352	0.00845
9	0.01353	0.01858	0.26288	0.03734	0.12997	0.01241	0.03922	0.04110	0.07886	0.05165	0.15061	0.02431	0.06128	0.00812	0.00648	0.00196	0.00675	0.00700	0.00446	0.04348
10	0.05656	0.01190	0.07126	0.01268	0.06016	0.02524	0.02944	0.04023	0.11074	0.11043	0.16188	0.14461	0.09336	0.01104	0.00677	0.00209	0.00510	0.00952	0.02923	0.00775
11	0.13425	0.05134	0.01750	0.05510	0.13179	0.07043	0.04625	0.08723	0.01553	0.09049	0.01647	0.07137	0.04206	0.00748	0.00579	0.00179	0.00646	0.00618	0.00440	0.13809

[dist]
# distance from previous block
# <min> <max>
1	25

[block]
# block no. 7 follows, 35 sequences, length 25
# corresponding to MSA columns:
# 314-338
name=unknown_H
#
# <colnr> <probs for GDERKNQSTAVLIFYWHMCP>
#	G	D	E	R	K	N	Q	S	T	A	V	L	I	F	Y	W	H	M	C	P
0	0.14629	0.03898	0.09309	0.11420	0.04779	0.01268	0.01138	0.07128	0.08031	0.06629	0.03520	0.06532	0.08268	0.00826	0.00590	0.00191	0.00593	0.00668	0.00457	0.10124
1	0.06114	0.15190	0.15891	0.03807	0.03871	0.17837	0.01308	0.08196	0.01584	0.02055	0.05193	0.04319	0.01266	0.00693	0.00556	0.00170	0.00773	0.00519	0.00372	0.10288
2	0.01306	0.01508	0.15871	0.08265	0.11457	0.01169	0.10176	0.03647	0.01467	0.06206	0.11840	0.13413	0.03939	0.01110	0.03639	0.00244	0.02652	0.00862	0.00441	0.00787
3	0.01001	0.00846	0.03803	0.01033	0.02669	0.00763	0.03034	0.02888	0.03645	0.02191	0.38447	0.09677	0.06016	0.08357	0.06501	0.00311	0.00536	0.07079	0.00583	0.00621
4	0.01282	0.01341	0.07403	0.14239	0.13935	0.01258	0.14531	0.01781	0.07826	0.01995	0.10249	0.02373	0.05705	0.01005	0.03518	0.04601	0.02717	0.00722	0.02746	0.00772
5	0.00785	0.00561	0.00749	0.00890	0.00934	0.00525	0.00603	0.00907	0.01241	0.01658	0.05746	0.72689	0.04236	0.01958	0.00810	0.00257	0.00373	0.03967	0.00592	0.00520
6	0.01239	0.01607	0.18354	0.07609	0.06155	0.01226	0.12360	0.05509	0.03502	0.02086	0.11716	0.13467	0.06574	0.00995	0.00767	0.00216	0.04521	0.00886	0.00437	0.00774
7	0.01435	0.01628	0.17890	0.13668	0.14375	0.01282	0.05272	0.04035	0.05066	0.07433	0.10806	0.02102	0.01719	0.00746	0.00674	0.00199	0.02917	0.00644	0.07266	0.00845
8	0.00935	0.00771	0.00831	0.00815	0.01029	0.00740	0.00618	0.01397	0.14025	0.01949	0.11836	0.07989	0.44550	0.04545	0.00841	0.00235	0.00380	0.05291	0.00601	0.00621
9	0.01552	0.06761	0.15698	0.06713	0.06120	0.08128	0.01302	0.06496	0.03810	0.04430	0.03601	0.01513	0.01119	0.00603	0.00552	0.00154	0.00691	0.00476	0.00383	0.29897
10	0.06894	0.04024	0.04549	0.03785	0.01871	0.03635	0.03414	0.29657	0.13811	0.07900	0.08012	0.01927	0.01619	0.00772	0.00616	0.00190	0.00632	0.00615	0.00566	0.05510
11	0.01322	0.01142	0.01352	0.01007	0.01514	0.00942	0.00811	0.01654	0.04085	0.02050	0.01231	0.01534	0.01052	0.00565	0.00594	0.00117	0.05431	0.02441	0.00386	0.70771
12	0.04695	0.05419	0.07095	0.03468	0.04767	0.03590	0.03358	0.12748	0.01657	0.04837	0.08865	0.05747	0.01650	0.00728	0.00576	0.00160	0.00596	0.00602	0.00454	0.28989
13	0.04640	0.19003	0.14021	0.01284	0.01706	0.04622	0.01212	0.12354	0.07703	0.02097	0.01328	0.03985	0.01126	0.00948	0.00941	0.11185	0.07276	0.00536	0.03250	0.00782
14	0.00913	0.00651	0.00876	0.00876	0.00939	0.00715	0.00614	0.01041	0.00977	0.01366	0.01831	0.03221	0.01902	0.36785	0.43597	0.00842	0.01223	0.00786	0.00359	0.00486
15	0.01028	0.03785	0.01077	0.01024	0.03083	0.00790	0.00738	0.01070	0.00970	0.01349	0.01445	0.02253	0.01385	0.05760	0.41590	0.30054	0.01183	0.00624	0.00314	0.00478
16	0.01755	0.01341	0.01300	0.01115	0.01440	0.07204	0.00879	0.23741	0.19345	0.02877	0.01939	0.02008	0.01468	0.00769	0.00562	0.00179	0.00538	0.00601	0.30084	0.00855
17	0.03360	0.56473	0.05774	0.05362	0.01817	0.03752	0.01161	0.03771	0.05799	0.01719	0.03082	0.01284	0.01037	0.00616	0.00507	0.00157	0.02772	0.00417	0.00321	0.00818
18	0.01739	0.01452	0.04313	0.01369	0.03720	0.03861	0.03548	0.24938	0.20984	0.04536	0.06083	0.02449	0.06814	0.00976	0.00777	0.05664	0.00607	0.02432	0.02850	0.00887
19	0.03862	0.01018	0.05430	0.01102	0.03941	0.00867	0.00861	0.01934	0.06737	0.24163	0.10098	0.15360	0.11203	0.05606	0.03229	0.00260	0.00525	0.00969	0.02059	0.00779
20	0.01367	0.10373	0.12772	0.01665	0.11797	0.01333	0.05571	0.01768	0.03363	0.01968	0.03464	0.03560	0.01341	0.00710	0.00667	0.00170	0.05213	0.05207	0.00366	0.27327
21	0.01069	0.00790	0.01095	0.01051	0.01224	0.00889	0.00820	0.01477	0.09205	0.04277	0.01806	0.02419	0.01600	0.04001	0.61052	0.00862	0.01472	0.00670	0.00392	0.03826
22	0.01276	0.06080	0.07584	0.03406	0.03669	0.01168	0.04744	0.03490	0.13712	0.03989	0.02271	0.23813	0.03985	0.02942	0.02669	0.00237	0.03583	0.00950	0.00480	0.09952
23	0.59831	0.04170	0.12450	0.01018	0.01491	0.01450	0.00973	0.01950	0.05077	0.02650	0.03340	0.01270	0.00948	0.00627	0.00451	0.00196	0.00561	0.00409	0.00393	0.00745
24	0.01522	0.01350	0.06449	0.01192	0.03670	0.01046	0.02768	0.06040	0.05958	0.07680	0.01354	0.01477	0.01052	0.00549	0.00524	0.00128	0.00546	0.00450	0.00429	0.55818

[dist]
# distance from previous block
# <min> <max>
0	45

# created by:
# /home/cegg/simao/soft/augustus-3.2.1/scripts/msa2prfl.pl ./align_prep/EOG090W0GNI.fa
