[name]
unknown

[dist]
# distance from previous block
# <min> <max>
7	317

[block]
# block no. 0 follows, 36 sequences, length 6
# corresponding to MSA columns:
# 346-351
name=unknown_A
#
# <colnr> <probs for GDERKNQSTAVLIFYWHMCP>
#	G	D	E	R	K	N	Q	S	T	A	V	L	I	F	Y	W	H	M	C	P
0	0.10807	0.01282	0.01998	0.02763	0.46105	0.01366	0.01507	0.01717	0.01261	0.01969	0.01207	0.01643	0.01049	0.01398	0.15283	0.00351	0.06578	0.00551	0.00320	0.00844
1	0.02110	0.01617	0.01724	0.01381	0.01834	0.01811	0.01122	0.50376	0.25114	0.03509	0.01825	0.01758	0.01326	0.00779	0.00627	0.00195	0.00625	0.00606	0.00627	0.01036
2	0.01775	0.01539	0.01542	0.01174	0.01682	0.09888	0.00943	0.25466	0.01899	0.02611	0.01222	0.01341	0.00955	0.00579	0.00528	0.00132	0.00614	0.00438	0.00449	0.45224
3	0.02214	0.01479	0.01658	0.01280	0.01769	0.01538	0.01048	0.41566	0.09678	0.17272	0.01734	0.01673	0.01220	0.00722	0.00602	0.00177	0.00604	0.00561	0.00617	0.12588
4	0.01243	0.01089	0.01443	0.01136	0.01568	0.00947	0.08056	0.01725	0.11535	0.02023	0.01779	0.16336	0.01687	0.00813	0.00579	0.00153	0.00507	0.00727	0.00442	0.46211
5	0.02046	0.01404	0.01811	0.01436	0.01882	0.04042	0.11117	0.14175	0.25124	0.24099	0.04657	0.02077	0.01624	0.00770	0.00646	0.00199	0.00630	0.00667	0.00618	0.00976

[dist]
# distance from previous block
# <min> <max>
0	1

[block]
# block no. 1 follows, 36 sequences, length 9
# corresponding to MSA columns:
# 353-361
name=unknown_B
#
# <colnr> <probs for GDERKNQSTAVLIFYWHMCP>
#	G	D	E	R	K	N	Q	S	T	A	V	L	I	F	Y	W	H	M	C	P
0	0.16292	0.01179	0.01324	0.06489	0.05732	0.03709	0.00920	0.05728	0.07429	0.15427	0.04807	0.03490	0.08853	0.00782	0.00569	0.00178	0.00534	0.00624	0.00506	0.15428
1	0.12274	0.01253	0.01758	0.01856	0.20207	0.01240	0.06218	0.05630	0.07927	0.20129	0.05477	0.01869	0.01442	0.00682	0.00588	0.00185	0.00593	0.00589	0.03447	0.06635
2	0.01684	0.01361	0.02021	0.04660	0.21125	0.01330	0.09968	0.12643	0.07085	0.09459	0.05304	0.01787	0.01357	0.00645	0.00610	0.00174	0.00655	0.00590	0.00458	0.17082
3	0.09891	0.01205	0.01335	0.08465	0.01733	0.03436	0.00944	0.15314	0.09589	0.02398	0.01831	0.14709	0.01713	0.00917	0.00602	0.00186	0.00556	0.04670	0.00486	0.20019
4	0.16051	0.01072	0.01182	0.00948	0.01364	0.00989	0.00752	0.06427	0.04369	0.08879	0.10386	0.07551	0.01833	0.00757	0.00539	0.00155	0.00459	0.00612	0.00491	0.35183
5	0.12265	0.01179	0.01454	0.05423	0.01716	0.01160	0.06222	0.12320	0.06709	0.07291	0.01941	0.10191	0.06218	0.00821	0.00584	0.00176	0.00549	0.00691	0.00483	0.22607
6	0.27609	0.01409	0.10421	0.04950	0.01683	0.01254	0.01034	0.09151	0.03691	0.09997	0.01538	0.10795	0.01324	0.00799	0.00586	0.00193	0.02663	0.00615	0.00457	0.09834
7	0.10447	0.01278	0.01489	0.01229	0.01585	0.05014	0.05614	0.19736	0.01798	0.13190	0.06068	0.13889	0.03826	0.00977	0.00694	0.00200	0.03731	0.02742	0.00547	0.05946
8	0.23456	0.01148	0.01294	0.04077	0.06971	0.01167	0.00895	0.07174	0.08095	0.08420	0.07194	0.07476	0.01639	0.00766	0.00547	0.00178	0.00507	0.00614	0.00483	0.17899

[dist]
# distance from previous block
# <min> <max>
23	97

[block]
# block no. 2 follows, 36 sequences, length 17
# corresponding to MSA columns:
# 468-484
name=unknown_C
#
# <colnr> <probs for GDERKNQSTAVLIFYWHMCP>
#	G	D	E	R	K	N	Q	S	T	A	V	L	I	F	Y	W	H	M	C	P
0	0.06438	0.08091	0.21504	0.01333	0.03735	0.03594	0.05808	0.03875	0.05544	0.03138	0.08932	0.05202	0.06263	0.00824	0.00590	0.00189	0.00630	0.01868	0.11673	0.00768
1	0.06414	0.16668	0.05944	0.01668	0.02186	0.11073	0.22200	0.08244	0.07268	0.04039	0.01253	0.01438	0.00975	0.00606	0.00607	0.00178	0.02223	0.00531	0.00375	0.06109
2	0.05098	0.17206	0.06309	0.01492	0.03991	0.17378	0.07220	0.07797	0.10890	0.02025	0.01551	0.02152	0.01359	0.00904	0.02977	0.00215	0.00805	0.09424	0.00407	0.00803
3	0.13986	0.03342	0.01554	0.03904	0.13109	0.04254	0.02110	0.05394	0.02992	0.15616	0.05101	0.01885	0.01396	0.04332	0.08555	0.00283	0.02378	0.00566	0.00457	0.08786
4	0.46450	0.11671	0.01376	0.00961	0.01352	0.06166	0.00804	0.09369	0.03302	0.03968	0.01130	0.01254	0.00880	0.00620	0.00440	0.00178	0.00551	0.00404	0.08384	0.00742
5	0.06571	0.03974	0.12671	0.06009	0.21962	0.12548	0.10343	0.06703	0.01499	0.02054	0.01198	0.01506	0.00957	0.00860	0.05459	0.00238	0.00890	0.00530	0.03184	0.00843
6	0.00912	0.00904	0.08127	0.01007	0.01212	0.00672	0.00834	0.01130	0.01255	0.01726	0.02894	0.49629	0.03310	0.01596	0.00744	0.00233	0.00462	0.12090	0.00520	0.10743
7	0.62241	0.01254	0.01103	0.00933	0.01345	0.01403	0.00769	0.10784	0.01387	0.12165	0.01150	0.01215	0.00834	0.00624	0.00446	0.00192	0.00514	0.00402	0.00465	0.00772
8	0.19982	0.06921	0.02271	0.01664	0.02129	0.10820	0.26470	0.05773	0.09775	0.02235	0.01464	0.03250	0.03212	0.00663	0.00595	0.00195	0.00784	0.00603	0.00395	0.00797
9	0.19402	0.10459	0.01070	0.00842	0.01049	0.00957	0.00644	0.01215	0.01210	0.01863	0.03007	0.38860	0.14471	0.01401	0.00643	0.00217	0.00419	0.01191	0.00496	0.00584
10	0.01163	0.01140	0.12809	0.01028	0.01296	0.00862	0.00926	0.01446	0.01416	0.09090	0.28044	0.03555	0.06683	0.15298	0.05159	0.00321	0.05825	0.02773	0.00515	0.00651
11	0.01199	0.00910	0.08085	0.00858	0.01009	0.00718	0.00655	0.01265	0.01044	0.10456	0.01829	0.03281	0.01878	0.51056	0.02505	0.10949	0.00618	0.00780	0.00402	0.00503
12	0.01444	0.01578	0.11553	0.05712	0.53379	0.01360	0.01771	0.01851	0.01385	0.02048	0.01270	0.01615	0.01032	0.00584	0.00591	0.00182	0.00710	0.00546	0.10469	0.00917
13	0.01067	0.00682	0.00958	0.10617	0.01423	0.00671	0.00765	0.01233	0.01281	0.10735	0.03105	0.56186	0.05606	0.01622	0.00750	0.00238	0.00441	0.01457	0.00564	0.00600
14	0.09239	0.01171	0.01797	0.48838	0.13809	0.01328	0.01526	0.01659	0.01259	0.01831	0.01093	0.01533	0.00850	0.00588	0.00578	0.00188	0.00736	0.00509	0.00304	0.11164
15	0.01052	0.00879	0.01340	0.01207	0.01391	0.00995	0.07808	0.01488	0.10299	0.01641	0.01718	0.02385	0.01543	0.06917	0.52363	0.00774	0.04509	0.00685	0.00370	0.00637
16	0.11630	0.04312	0.03692	0.09125	0.25441	0.01167	0.03469	0.01519	0.01292	0.01937	0.03900	0.24010	0.03980	0.01021	0.00641	0.00208	0.00592	0.00914	0.00409	0.00740

[dist]
# distance from previous block
# <min> <max>
0	1

[block]
# block no. 3 follows, 36 sequences, length 10
# corresponding to MSA columns:
# 486-495
name=unknown_D
#
# <colnr> <probs for GDERKNQSTAVLIFYWHMCP>
#	G	D	E	R	K	N	Q	S	T	A	V	L	I	F	Y	W	H	M	C	P
0	0.01667	0.19847	0.43299	0.01476	0.02217	0.01567	0.01732	0.02171	0.01402	0.17028	0.01341	0.01412	0.00949	0.00616	0.00556	0.00182	0.00782	0.00466	0.00370	0.00922
1	0.01427	0.01422	0.02596	0.23435	0.39859	0.01475	0.16934	0.01843	0.01383	0.01906	0.01173	0.01604	0.00935	0.00567	0.00644	0.00197	0.00832	0.00594	0.00301	0.00875
2	0.02108	0.02353	0.02001	0.02216	0.22688	0.42945	0.01404	0.13072	0.01846	0.02042	0.01105	0.01301	0.00895	0.00633	0.00587	0.00172	0.00946	0.00470	0.00364	0.00850
3	0.02303	0.01111	0.01381	0.01122	0.01549	0.01070	0.00906	0.02971	0.22022	0.49280	0.02739	0.02439	0.06504	0.00846	0.00636	0.00199	0.00505	0.00695	0.00719	0.01003
4	0.00759	0.00542	0.00723	0.00868	0.00904	0.00506	0.00578	0.00868	0.01193	0.01591	0.03434	0.77697	0.04121	0.01952	0.00795	0.00253	0.00361	0.01771	0.00578	0.00506
5	0.03806	0.00936	0.01102	0.03278	0.01322	0.00942	0.00802	0.16094	0.01854	0.07083	0.25985	0.04234	0.18475	0.01216	0.00708	0.00209	0.00455	0.10174	0.00619	0.00707
6	0.01192	0.00868	0.01049	0.00919	0.01140	0.00868	0.00712	0.15988	0.02007	0.02797	0.58778	0.03995	0.04873	0.01164	0.00712	0.00194	0.00376	0.01009	0.00673	0.00686
7	0.02267	0.01508	0.01674	0.01327	0.01788	0.01631	0.01082	0.41687	0.19029	0.18381	0.01939	0.01819	0.01357	0.00775	0.00626	0.00194	0.00608	0.00608	0.00657	0.01043
8	0.01250	0.00724	0.00918	0.00819	0.01050	0.00643	0.00632	0.01504	0.01695	0.17385	0.44654	0.04410	0.19406	0.01233	0.00713	0.00198	0.00348	0.01062	0.00681	0.00673
9	0.18008	0.00835	0.00897	0.00827	0.01053	0.00849	0.00637	0.06822	0.01624	0.02503	0.39217	0.08726	0.13387	0.01173	0.00657	0.00200	0.00371	0.00986	0.00597	0.00629

[dist]
# distance from previous block
# <min> <max>
8	50

[block]
# block no. 4 follows, 36 sequences, length 41
# corresponding to MSA columns:
# 546-586
name=unknown_E
#
# <colnr> <probs for GDERKNQSTAVLIFYWHMCP>
#	G	D	E	R	K	N	Q	S	T	A	V	L	I	F	Y	W	H	M	C	P
0	0.07355	0.01382	0.01536	0.01232	0.01672	0.01475	0.01002	0.30230	0.18032	0.23175	0.01977	0.01857	0.01379	0.00764	0.00604	0.00193	0.00570	0.00598	0.03967	0.00999
1	0.01971	0.01491	0.01607	0.01294	0.01720	0.01632	0.01043	0.45440	0.17557	0.03306	0.01842	0.06702	0.01453	0.00829	0.00619	0.00189	0.00593	0.00660	0.03922	0.06132
2	0.01666	0.78478	0.03265	0.01066	0.01599	0.02465	0.01066	0.01866	0.01266	0.01466	0.00866	0.00999	0.00800	0.00533	0.00400	0.00133	0.00666	0.00333	0.00267	0.00800
3	0.01292	0.01107	0.01292	0.00923	0.01477	0.00831	0.00738	0.01569	0.01292	0.02030	0.01107	0.01292	0.00923	0.00461	0.00461	0.00092	0.00461	0.00369	0.00369	0.81912
4	0.00890	0.00668	0.01001	0.01001	0.01113	0.00779	0.00779	0.01113	0.01001	0.01446	0.01669	0.02448	0.01558	0.04673	0.75634	0.01001	0.01669	0.00668	0.00334	0.00556
5	0.00882	0.00637	0.00833	0.00784	0.00931	0.00588	0.00588	0.01176	0.01764	0.02499	0.73888	0.04654	0.05879	0.01274	0.00735	0.00196	0.00294	0.01127	0.00686	0.00588
6	0.01542	0.01480	0.02529	0.03824	0.74217	0.01480	0.01912	0.01912	0.01419	0.02036	0.01172	0.01542	0.00987	0.00555	0.00617	0.00185	0.00740	0.00555	0.00308	0.00987
7	0.00759	0.00542	0.00723	0.00868	0.00904	0.00506	0.00578	0.00868	0.01193	0.01591	0.03434	0.77697	0.04121	0.01952	0.00795	0.00253	0.00361	0.01771	0.00578	0.00506
8	0.01476	0.01667	0.03596	0.02711	0.08258	0.01569	0.67017	0.01990	0.01467	0.01999	0.01254	0.01671	0.00948	0.00527	0.00727	0.00208	0.01029	0.00723	0.00315	0.00851
9	0.00759	0.00542	0.00723	0.00868	0.00904	0.00506	0.00578	0.00868	0.01193	0.01591	0.03434	0.77697	0.04121	0.01952	0.00795	0.00253	0.00361	0.01771	0.00578	0.00506
10	0.00759	0.00542	0.00723	0.00868	0.00904	0.00506	0.00578	0.00868	0.01193	0.01591	0.03434	0.77697	0.04121	0.01952	0.00795	0.00253	0.00361	0.01771	0.00578	0.00506
11	0.01292	0.01107	0.01292	0.00923	0.01477	0.00831	0.00738	0.01569	0.01292	0.02030	0.01107	0.01292	0.00923	0.00461	0.00461	0.00092	0.00461	0.00369	0.00369	0.81912
12	0.05492	0.64600	0.12827	0.01150	0.01728	0.02276	0.01214	0.01879	0.01263	0.01598	0.00900	0.01043	0.00792	0.00543	0.00425	0.00145	0.00692	0.00351	0.00272	0.00810
13	0.01542	0.01480	0.02529	0.03824	0.74217	0.01480	0.01912	0.01912	0.01419	0.02036	0.01172	0.01542	0.00987	0.00555	0.00617	0.00185	0.00740	0.00555	0.00308	0.00987
14	0.01456	0.01653	0.03590	0.06179	0.03306	0.01566	0.68581	0.01976	0.01460	0.01976	0.01253	0.01680	0.00940	0.00530	0.00730	0.00210	0.01040	0.00727	0.00313	0.00833
15	0.01377	0.03843	0.02027	0.01660	0.01703	0.01912	0.04352	0.01532	0.00986	0.01519	0.00838	0.01365	0.00823	0.01049	0.01936	0.00266	0.71298	0.00547	0.00274	0.00692
16	0.01448	0.01397	0.02395	0.15192	0.48793	0.01487	0.06728	0.01795	0.01332	0.01882	0.01131	0.01563	0.00945	0.00661	0.00816	0.02486	0.08204	0.00566	0.00299	0.00879
17	0.00978	0.00676	0.00875	0.00812	0.00978	0.00631	0.00613	0.01316	0.04019	0.05329	0.68833	0.04481	0.05583	0.01241	0.00727	0.00196	0.00309	0.01094	0.00688	0.00619
18	0.01542	0.01480	0.02529	0.03824	0.74217	0.01480	0.01912	0.01912	0.01419	0.02036	0.01172	0.01542	0.00987	0.00555	0.00617	0.00185	0.00740	0.00555	0.00308	0.00987
19	0.01550	0.01338	0.01409	0.01268	0.01620	0.01550	0.00986	0.03311	0.73091	0.02606	0.02536	0.02325	0.01902	0.00845	0.00634	0.00211	0.00493	0.00704	0.00634	0.00986
20	0.01177	0.01107	0.01869	0.76606	0.04291	0.01384	0.01730	0.01592	0.01246	0.01592	0.01107	0.01661	0.00831	0.00623	0.00623	0.00208	0.00831	0.00554	0.00277	0.00692
21	0.00882	0.00637	0.00833	0.00784	0.00931	0.00588	0.00588	0.01176	0.01764	0.02499	0.73888	0.04654	0.05879	0.01274	0.00735	0.00196	0.00294	0.01127	0.00686	0.00588
22	0.00802	0.00575	0.00761	0.00838	0.00913	0.00535	0.00582	0.00975	0.01393	0.01908	0.28089	0.52136	0.04736	0.01715	0.00774	0.00233	0.00338	0.01546	0.00616	0.00535
23	0.01177	0.01107	0.01869	0.76606	0.04291	0.01384	0.01730	0.01592	0.01246	0.01592	0.01107	0.01661	0.00831	0.00623	0.00623	0.00208	0.00831	0.00554	0.00277	0.00692
24	0.01998	0.02345	0.02086	0.02536	0.32262	0.44498	0.01501	0.02246	0.01620	0.01739	0.01051	0.01299	0.00880	0.00606	0.00585	0.00171	0.00963	0.00466	0.00316	0.00833
25	0.01637	0.01382	0.01458	0.01286	0.01653	0.01591	0.01007	0.10655	0.65605	0.02747	0.02425	0.02236	0.01812	0.00835	0.00633	0.00209	0.00514	0.00689	0.00633	0.00994
26	0.01221	0.01131	0.01832	0.64491	0.06918	0.01391	0.01644	0.01712	0.05970	0.01695	0.01222	0.01710	0.00928	0.00650	0.00656	0.00207	0.02791	0.00564	0.02546	0.00721
27	0.02058	0.25094	0.02133	0.01381	0.01753	0.49252	0.01114	0.02238	0.01589	0.01558	0.01003	0.01163	0.00852	0.00615	0.00506	0.00151	0.00936	0.00393	0.05474	0.00736
28	0.01292	0.01107	0.01292	0.00923	0.01477	0.00831	0.00738	0.01569	0.01292	0.02030	0.01107	0.01292	0.00923	0.00461	0.00461	0.00092	0.00461	0.00369	0.00369	0.81912
29	0.00891	0.00676	0.00930	0.00850	0.01018	0.00621	0.03502	0.01179	0.01708	0.02388	0.63621	0.06770	0.10899	0.01286	0.00737	0.00199	0.00329	0.01144	0.00659	0.00591
30	0.00890	0.00668	0.01001	0.01001	0.01113	0.00779	0.00779	0.01113	0.01001	0.01446	0.01669	0.02448	0.01558	0.04673	0.75634	0.01001	0.01669	0.00668	0.00334	0.00556
31	0.01713	0.69292	0.05368	0.01137	0.01663	0.09053	0.01117	0.01925	0.01313	0.01487	0.00883	0.01021	0.00800	0.00545	0.00420	0.00138	0.00716	0.00343	0.00271	0.00796
32	0.01250	0.03223	0.74875	0.01776	0.02697	0.01447	0.02302	0.01973	0.01315	0.01973	0.01118	0.01315	0.00789	0.00592	0.00592	0.00197	0.00921	0.00460	0.00263	0.00921
33	0.01666	0.78478	0.03265	0.01066	0.01599	0.02465	0.01066	0.01866	0.01266	0.01466	0.00866	0.00999	0.00800	0.00533	0.00400	0.00133	0.00666	0.00333	0.00267	0.00800
34	0.00906	0.00604	0.00680	0.00680	0.00680	0.00604	0.00378	0.00906	0.00906	0.01208	0.01963	0.04077	0.02265	0.78103	0.03171	0.00604	0.00604	0.00906	0.00378	0.00378
35	0.01550	0.01338	0.01409	0.01268	0.01620	0.01550	0.00986	0.03311	0.73091	0.02606	0.02536	0.02325	0.01902	0.00845	0.00634	0.00211	0.00493	0.00704	0.00634	0.00986
36	0.00906	0.00604	0.00680	0.00680	0.00680	0.00604	0.00378	0.00906	0.00906	0.01208	0.01963	0.04077	0.02265	0.78103	0.03171	0.00604	0.00604	0.00906	0.00378	0.00378
37	0.00895	0.00649	0.00908	0.00908	0.00988	0.00728	0.00663	0.01053	0.00974	0.01378	0.01754	0.02918	0.01762	0.25880	0.54706	0.00887	0.01361	0.00736	0.00346	0.00505
38	0.82504	0.01205	0.00916	0.00819	0.01205	0.01398	0.00675	0.01832	0.01060	0.02795	0.00868	0.01012	0.00675	0.00578	0.00386	0.00193	0.00482	0.00337	0.00386	0.00675
39	0.00743	0.00606	0.00657	0.00697	0.00859	0.00520	0.00503	0.00887	0.01357	0.01657	0.05511	0.25949	0.54528	0.01682	0.00753	0.00222	0.00328	0.01442	0.00579	0.00520
40	0.04289	0.02100	0.01725	0.01449	0.01845	0.30116	0.01143	0.29190	0.10626	0.07255	0.01442	0.01475	0.01075	0.00725	0.00632	0.00182	0.02811	0.00515	0.00503	0.00902

[dist]
# distance from previous block
# <min> <max>
1	17

[block]
# block no. 5 follows, 36 sequences, length 34
# corresponding to MSA columns:
# 604-637
name=unknown_F
#
# <colnr> <probs for GDERKNQSTAVLIFYWHMCP>
#	G	D	E	R	K	N	Q	S	T	A	V	L	I	F	Y	W	H	M	C	P
0	0.01989	0.10386	0.01895	0.01429	0.01784	0.29787	0.02952	0.16388	0.07940	0.04457	0.07205	0.01642	0.01391	0.00760	0.00710	0.00182	0.07300	0.00539	0.00442	0.00820
1	0.06014	0.17310	0.14122	0.02084	0.02725	0.01725	0.43275	0.01957	0.01383	0.01931	0.01138	0.01452	0.00878	0.00540	0.00627	0.00192	0.00922	0.00591	0.00302	0.00835
2	0.05336	0.00579	0.00734	0.00865	0.00921	0.00556	0.00584	0.00922	0.01185	0.01658	0.03290	0.73403	0.03928	0.01875	0.00772	0.00250	0.00368	0.01691	0.00568	0.00516
3	0.01628	0.01487	0.05445	0.02069	0.06478	0.01298	0.39829	0.02057	0.01505	0.14051	0.05493	0.01845	0.01314	0.00603	0.00667	0.00188	0.00818	0.00668	0.00417	0.12140
4	0.16261	0.01976	0.04559	0.01899	0.17645	0.22939	0.01292	0.19052	0.01830	0.05189	0.01182	0.01330	0.00910	0.00640	0.00561	0.00181	0.00791	0.00473	0.00417	0.00873
5	0.00849	0.00684	0.00775	0.00813	0.01008	0.00623	0.00655	0.01106	0.04102	0.01773	0.05247	0.06175	0.49692	0.01594	0.00771	0.00234	0.00401	0.22360	0.00579	0.00558
6	0.01944	0.01534	0.01631	0.01348	0.01770	0.01734	0.01082	0.36444	0.39316	0.03242	0.02035	0.01926	0.01496	0.00798	0.00629	0.00200	0.00586	0.00635	0.00629	0.01022
7	0.00759	0.00542	0.00723	0.00868	0.00904	0.00506	0.00578	0.00868	0.01193	0.01591	0.03434	0.77697	0.04121	0.01952	0.00795	0.00253	0.00361	0.01771	0.00578	0.00506
8	0.01363	0.01363	0.01908	0.01636	0.01636	0.01908	0.01363	0.01499	0.00954	0.01499	0.00818	0.01363	0.00818	0.01091	0.02045	0.00273	0.76963	0.00545	0.00273	0.00682
9	0.00906	0.00604	0.00680	0.00680	0.00680	0.00604	0.00378	0.00906	0.00906	0.01208	0.01963	0.04077	0.02265	0.78103	0.03171	0.00604	0.00604	0.00906	0.00378	0.00378
10	0.00863	0.00636	0.00807	0.00764	0.00919	0.00580	0.00573	0.01139	0.01719	0.02392	0.65074	0.04829	0.14759	0.01313	0.00735	0.00198	0.00297	0.01151	0.00672	0.00580
11	0.00861	0.00636	0.00803	0.00762	0.00918	0.00579	0.00571	0.01135	0.01714	0.02380	0.64025	0.04850	0.15816	0.01318	0.00735	0.00198	0.00297	0.01154	0.00670	0.00579
12	0.00774	0.00553	0.00740	0.00885	0.00928	0.00519	0.00605	0.00894	0.01208	0.01608	0.03426	0.73307	0.04088	0.01938	0.00799	0.00255	0.00375	0.06011	0.00578	0.00510
13	0.02368	0.01745	0.01870	0.01434	0.01932	0.01932	0.01184	0.72139	0.02929	0.03927	0.01496	0.01496	0.01060	0.00748	0.00623	0.00187	0.00686	0.00561	0.00623	0.01060
14	0.00906	0.00604	0.00680	0.00680	0.00680	0.00604	0.00378	0.00906	0.00906	0.01208	0.01963	0.04077	0.02265	0.78103	0.03171	0.00604	0.00604	0.00906	0.00378	0.00378
15	0.01666	0.78478	0.03265	0.01066	0.01599	0.02465	0.01066	0.01866	0.01266	0.01466	0.00866	0.00999	0.00800	0.00533	0.00400	0.00133	0.00666	0.00333	0.00267	0.00800
16	0.01177	0.01107	0.01869	0.76606	0.04291	0.01384	0.01730	0.01592	0.01246	0.01592	0.01107	0.01661	0.00831	0.00623	0.00623	0.00208	0.00831	0.00554	0.00277	0.00692
17	0.00890	0.00668	0.01001	0.01001	0.01113	0.00779	0.00779	0.01113	0.01001	0.01446	0.01669	0.02448	0.01558	0.04673	0.75634	0.01001	0.01669	0.00668	0.00334	0.00556
18	0.02368	0.01745	0.01870	0.01434	0.01932	0.01932	0.01184	0.72139	0.02929	0.03927	0.01496	0.01496	0.01060	0.00748	0.00623	0.00187	0.00686	0.00561	0.00623	0.01060
19	0.01177	0.01107	0.01869	0.76606	0.04291	0.01384	0.01730	0.01592	0.01246	0.01592	0.01107	0.01661	0.00831	0.00623	0.00623	0.00208	0.00831	0.00554	0.00277	0.00692
20	0.01666	0.78478	0.03265	0.01066	0.01599	0.02465	0.01066	0.01866	0.01266	0.01466	0.00866	0.00999	0.00800	0.00533	0.00400	0.00133	0.00666	0.00333	0.00267	0.00800
21	0.01615	0.69226	0.12068	0.01153	0.01734	0.02340	0.01218	0.01879	0.01272	0.01528	0.00897	0.01038	0.00798	0.00540	0.00423	0.00141	0.00698	0.00349	0.00266	0.00814
22	0.00803	0.00640	0.00724	0.00720	0.00906	0.00561	0.00552	0.01014	0.01529	0.01952	0.27168	0.05660	0.47029	0.01495	0.00746	0.00212	0.00330	0.06798	0.00612	0.00549
23	0.00736	0.00631	0.00631	0.00631	0.00842	0.00526	0.00473	0.00894	0.01420	0.01683	0.06312	0.05996	0.73964	0.01578	0.00736	0.00210	0.00316	0.01315	0.00579	0.00526
24	0.82504	0.01205	0.00916	0.00819	0.01205	0.01398	0.00675	0.01832	0.01060	0.02795	0.00868	0.01012	0.00675	0.00578	0.00386	0.00193	0.00482	0.00337	0.00386	0.00675
25	0.01250	0.03223	0.74875	0.01776	0.02697	0.01447	0.02302	0.01973	0.01315	0.01973	0.01118	0.01315	0.00789	0.00592	0.00592	0.00197	0.00921	0.00460	0.00263	0.00921
26	0.00864	0.00623	0.00817	0.00796	0.00927	0.00576	0.00587	0.01131	0.01681	0.02367	0.63671	0.15247	0.05624	0.01372	0.00744	0.00204	0.00304	0.01220	0.00670	0.00576
27	0.00980	0.00723	0.00861	0.00825	0.00949	0.00728	0.00578	0.01382	0.11800	0.02049	0.36511	0.08221	0.04044	0.25909	0.01506	0.00332	0.00426	0.01031	0.00573	0.00574
28	0.01283	0.00650	0.00672	0.00639	0.00813	0.00651	0.00487	0.04412	0.01394	0.05590	0.02029	0.02280	0.01573	0.00729	0.00452	0.00149	0.00317	0.00582	0.74677	0.00622
29	0.04191	0.01200	0.01424	0.01068	0.01580	0.01063	0.00869	0.13071	0.03555	0.25557	0.01630	0.01607	0.01160	0.00618	0.00542	0.00145	0.00520	0.00489	0.00544	0.39168
30	0.00759	0.00542	0.00723	0.00868	0.00904	0.00506	0.00578	0.00868	0.01193	0.01591	0.03434	0.77697	0.04121	0.01952	0.00795	0.00253	0.00361	0.01771	0.00578	0.00506
31	0.12412	0.07639	0.01804	0.01334	0.01788	0.12392	0.01095	0.42339	0.05979	0.05300	0.01375	0.01405	0.01012	0.00701	0.00568	0.00181	0.00706	0.00502	0.00528	0.00939
32	0.10425	0.01653	0.01678	0.01359	0.01799	0.07492	0.02911	0.37548	0.19894	0.06376	0.01683	0.01654	0.01226	0.00741	0.00600	0.00192	0.00654	0.00568	0.00576	0.00970
33	0.00814	0.00622	0.00748	0.00743	0.00896	0.00555	0.00547	0.01035	0.01565	0.02089	0.40631	0.15348	0.29199	0.01474	0.00744	0.00209	0.00311	0.01282	0.00634	0.00555

[dist]
# distance from previous block
# <min> <max>
4	25

[block]
# block no. 6 follows, 36 sequences, length 16
# corresponding to MSA columns:
# 664-679
name=unknown_G
#
# <colnr> <probs for GDERKNQSTAVLIFYWHMCP>
#	G	D	E	R	K	N	Q	S	T	A	V	L	I	F	Y	W	H	M	C	P
0	0.05864	0.02431	0.01812	0.01835	0.11979	0.50656	0.01259	0.04795	0.03493	0.06427	0.01137	0.01290	0.00907	0.00656	0.00610	0.00173	0.03061	0.00451	0.00368	0.00796
1	0.01392	0.01876	0.16479	0.07017	0.02941	0.01596	0.42469	0.01881	0.01339	0.01881	0.01149	0.01557	0.00887	0.00641	0.00925	0.00218	0.13995	0.00640	0.00296	0.00819
2	0.01724	0.01825	0.12791	0.02130	0.02727	0.05125	0.42376	0.02187	0.01497	0.15436	0.01428	0.01670	0.01022	0.00613	0.00750	0.00206	0.04574	0.00652	0.00391	0.00879
3	0.00848	0.00672	0.00952	0.00964	0.01104	0.00620	0.05465	0.01038	0.01354	0.01771	0.11395	0.39900	0.19204	0.01671	0.00781	0.00239	0.00419	0.10483	0.00571	0.00551
4	0.02262	0.01391	0.01598	0.01284	0.01728	0.01467	0.01054	0.33735	0.14932	0.25418	0.02101	0.02212	0.01530	0.00839	0.00642	0.00200	0.00596	0.05329	0.00668	0.01014
5	0.00763	0.00561	0.00725	0.00842	0.00906	0.00524	0.00575	0.00885	0.01214	0.01596	0.03741	0.63579	0.13762	0.02047	0.04843	0.00288	0.00426	0.01648	0.00565	0.00512
6	0.01600	0.01033	0.01122	0.03792	0.01343	0.01116	0.00781	0.19256	0.13288	0.06199	0.01967	0.02085	0.01482	0.00749	0.00530	0.00171	0.00452	0.00597	0.41647	0.00791
7	0.01288	0.01237	0.02145	0.53600	0.22123	0.01420	0.05936	0.01698	0.01303	0.01729	0.01133	0.01632	0.00877	0.00600	0.00628	0.00202	0.00820	0.00565	0.00287	0.00776
8	0.01473	0.17674	0.46071	0.01822	0.09458	0.09484	0.01907	0.02001	0.01364	0.01833	0.01058	0.01256	0.00812	0.00582	0.00554	0.00180	0.00875	0.00439	0.00274	0.00883
9	0.00736	0.00631	0.00631	0.00631	0.00842	0.00526	0.00473	0.00894	0.01420	0.01683	0.06312	0.05996	0.73964	0.01578	0.00736	0.00210	0.00316	0.01315	0.00579	0.00526
10	0.01317	0.01275	0.02428	0.01845	0.02215	0.01301	0.38187	0.01694	0.01323	0.01951	0.01531	0.06972	0.01310	0.00887	0.03327	0.00234	0.12065	0.00741	0.18672	0.00726
11	0.01292	0.01107	0.01292	0.00923	0.01477	0.00831	0.00738	0.01569	0.01292	0.02030	0.01107	0.01292	0.00923	0.00461	0.00461	0.00092	0.00461	0.00369	0.00369	0.81912
12	0.01177	0.01107	0.01869	0.76606	0.04291	0.01384	0.01730	0.01592	0.01246	0.01592	0.01107	0.01661	0.00831	0.00623	0.00623	0.00208	0.00831	0.00554	0.00277	0.00692
13	0.02306	0.01783	0.01818	0.01415	0.01892	0.06580	0.01160	0.65101	0.02800	0.03692	0.01637	0.01636	0.03700	0.00771	0.00623	0.00186	0.00700	0.00578	0.00602	0.01019
14	0.00764	0.00548	0.00718	0.00852	0.00893	0.00510	0.00567	0.00870	0.01190	0.01580	0.03482	0.72431	0.06528	0.04756	0.00881	0.00265	0.00369	0.01723	0.00571	0.00502
15	0.01542	0.01480	0.02529	0.03824	0.74217	0.01480	0.01912	0.01912	0.01419	0.02036	0.01172	0.01542	0.00987	0.00555	0.00617	0.00185	0.00740	0.00555	0.00308	0.00987

[dist]
# distance from previous block
# <min> <max>
0	24

[block]
# block no. 7 follows, 36 sequences, length 41
# corresponding to MSA columns:
# 704-744
name=unknown_H
#
# <colnr> <probs for GDERKNQSTAVLIFYWHMCP>
#	G	D	E	R	K	N	Q	S	T	A	V	L	I	F	Y	W	H	M	C	P
0	0.00756	0.00638	0.00659	0.00670	0.00875	0.00540	0.00513	0.00924	0.01421	0.01697	0.06087	0.06073	0.68722	0.01589	0.00746	0.00216	0.00335	0.06432	0.00578	0.00530
1	0.01323	0.01341	0.02525	0.42646	0.14856	0.01458	0.23244	0.01765	0.01342	0.01785	0.01164	0.01649	0.00890	0.00582	0.00656	0.00205	0.00884	0.00609	0.00293	0.00783
2	0.02285	0.01390	0.01575	0.01232	0.01664	0.01460	0.01000	0.41568	0.04257	0.23288	0.01858	0.01933	0.01338	0.06508	0.00803	0.00218	0.00608	0.00610	0.05426	0.00979
3	0.01427	0.01603	0.03465	0.02489	0.03083	0.01502	0.66638	0.01935	0.01492	0.02033	0.06670	0.01902	0.01313	0.00581	0.00735	0.00209	0.00994	0.00764	0.00343	0.00822
4	0.79778	0.01223	0.00948	0.00840	0.01230	0.01416	0.00692	0.04223	0.01124	0.02834	0.00889	0.01029	0.00688	0.00584	0.00394	0.00193	0.00489	0.00345	0.00394	0.00688
5	0.01177	0.01107	0.01869	0.76606	0.04291	0.01384	0.01730	0.01592	0.01246	0.01592	0.01107	0.01661	0.00831	0.00623	0.00623	0.00208	0.00831	0.00554	0.00277	0.00692
6	0.82504	0.01205	0.00916	0.00819	0.01205	0.01398	0.00675	0.01832	0.01060	0.02795	0.00868	0.01012	0.00675	0.00578	0.00386	0.00193	0.00482	0.00337	0.00386	0.00675
7	0.01250	0.03223	0.74875	0.01776	0.02697	0.01447	0.02302	0.01973	0.01315	0.01973	0.01118	0.01315	0.00789	0.00592	0.00592	0.00197	0.00921	0.00460	0.00263	0.00921
8	0.00765	0.00564	0.00716	0.00823	0.00896	0.00515	0.00562	0.00895	0.01272	0.01673	0.09151	0.60554	0.15651	0.01840	0.00781	0.00242	0.00349	0.01649	0.00586	0.00515
9	0.00759	0.00542	0.00723	0.00868	0.00904	0.00506	0.00578	0.00868	0.01193	0.01591	0.03434	0.77697	0.04121	0.01952	0.00795	0.00253	0.00361	0.01771	0.00578	0.00506
10	0.00843	0.00632	0.00781	0.00751	0.00909	0.00570	0.00560	0.01098	0.01662	0.02274	0.55411	0.07544	0.21934	0.01370	0.00737	0.00201	0.00301	0.01194	0.00657	0.00570
11	0.02368	0.01745	0.01870	0.01434	0.01932	0.01932	0.01184	0.72139	0.02929	0.03927	0.01496	0.01496	0.01060	0.00748	0.00623	0.00187	0.00686	0.00561	0.00623	0.01060
12	0.00770	0.00547	0.00720	0.00854	0.00887	0.00513	0.00563	0.00870	0.01172	0.01562	0.03325	0.72222	0.03983	0.07615	0.00972	0.00279	0.00380	0.01707	0.00563	0.00497
13	0.01161	0.00581	0.00581	0.00581	0.00726	0.00581	0.00436	0.01452	0.01307	0.02323	0.02033	0.02323	0.01597	0.00726	0.00436	0.00145	0.00290	0.00581	0.81562	0.00581
14	0.01082	0.00541	0.00812	0.00812	0.00812	0.00541	0.00541	0.00812	0.00812	0.01082	0.01082	0.01894	0.01082	0.02165	0.02435	0.81872	0.00541	0.00541	0.00271	0.00271
15	0.01471	0.01681	0.03676	0.02626	0.03256	0.01576	0.71954	0.01996	0.01471	0.01996	0.01261	0.01681	0.00945	0.00525	0.00735	0.00210	0.01050	0.00735	0.00315	0.00840
16	0.01372	0.01155	0.01335	0.00961	0.01510	0.00912	0.00771	0.06817	0.01414	0.02171	0.01136	0.01307	0.00933	0.00483	0.00473	0.00099	0.00478	0.00383	0.00388	0.75899
17	0.04731	0.00999	0.01324	0.01041	0.01473	0.00875	0.00851	0.02700	0.01737	0.61571	0.08769	0.02566	0.06754	0.00863	0.00636	0.00194	0.00494	0.00707	0.00740	0.00973
18	0.02495	0.01199	0.01427	0.01143	0.01578	0.05995	0.00925	0.02926	0.10767	0.56446	0.06536	0.02227	0.01791	0.00801	0.00629	0.00193	0.00552	0.00650	0.00719	0.01001
19	0.13692	0.02047	0.01605	0.01353	0.01757	0.32826	0.01066	0.18582	0.01939	0.17291	0.01380	0.01399	0.00996	0.00684	0.00565	0.00178	0.00810	0.00475	0.00492	0.00863
20	0.01220	0.01172	0.02043	0.66760	0.08388	0.01404	0.06963	0.01641	0.01273	0.01648	0.01123	0.01655	0.00848	0.00612	0.00631	0.00206	0.00842	0.00567	0.00282	0.00721
21	0.00759	0.00542	0.00723	0.00868	0.00904	0.00506	0.00578	0.00868	0.01193	0.01591	0.03434	0.77697	0.04121	0.01952	0.00795	0.00253	0.00361	0.01771	0.00578	0.00506
22	0.01688	0.01407	0.01487	0.01296	0.01673	0.01614	0.01020	0.14918	0.61259	0.02829	0.02361	0.02185	0.01760	0.00829	0.00632	0.00207	0.00526	0.00680	0.00632	0.00999
23	0.00882	0.00637	0.00833	0.00784	0.00931	0.00588	0.00588	0.01176	0.01764	0.02499	0.73888	0.04654	0.05879	0.01274	0.00735	0.00196	0.00294	0.01127	0.00686	0.00588
24	0.00884	0.00634	0.00821	0.00776	0.00912	0.00589	0.00572	0.01156	0.01700	0.02403	0.68539	0.04611	0.05610	0.06987	0.00916	0.00226	0.00317	0.01110	0.00663	0.00572
25	0.00832	0.00604	0.00784	0.00805	0.00917	0.00556	0.00579	0.01054	0.01548	0.02141	0.45959	0.29999	0.08848	0.01524	0.00756	0.00216	0.00318	0.01360	0.00643	0.00556
26	0.00759	0.00542	0.00723	0.00868	0.00904	0.00506	0.00578	0.00868	0.01193	0.01591	0.03434	0.77697	0.04121	0.01952	0.00795	0.00253	0.00361	0.01771	0.00578	0.00506
27	0.01542	0.01480	0.02529	0.03824	0.74217	0.01480	0.01912	0.01912	0.01419	0.02036	0.01172	0.01542	0.00987	0.00555	0.00617	0.00185	0.00740	0.00555	0.00308	0.00987
28	0.02795	0.01060	0.01446	0.01109	0.01591	0.00916	0.00916	0.03036	0.01783	0.74648	0.02458	0.02121	0.01542	0.00771	0.00627	0.00193	0.00530	0.00627	0.00771	0.01060
29	0.01196	0.01146	0.01990	0.71635	0.04222	0.01397	0.06449	0.01619	0.01261	0.01619	0.01118	0.01662	0.00838	0.00616	0.00630	0.00208	0.00845	0.00566	0.00279	0.00702
30	0.02327	0.02970	0.01766	0.01605	0.01926	0.75602	0.01204	0.02488	0.01766	0.01525	0.00963	0.01124	0.00803	0.00642	0.00562	0.00161	0.01124	0.00401	0.00321	0.00722
31	0.00759	0.00542	0.00723	0.00868	0.00904	0.00506	0.00578	0.00868	0.01193	0.01591	0.03434	0.77697	0.04121	0.01952	0.00795	0.00253	0.00361	0.01771	0.00578	0.00506
32	0.01292	0.01107	0.01292	0.00923	0.01477	0.00831	0.00738	0.01569	0.01292	0.02030	0.01107	0.01292	0.00923	0.00461	0.00461	0.00092	0.00461	0.00369	0.00369	0.81912
33	0.01443	0.01379	0.02350	0.23587	0.55229	0.01454	0.01863	0.01825	0.01372	0.01915	0.01154	0.01574	0.00944	0.00574	0.00618	0.00191	0.00765	0.00555	0.00300	0.00907
34	0.01004	0.00717	0.01004	0.01147	0.01291	0.00717	0.01004	0.01291	0.01434	0.01865	0.03299	0.07028	0.03586	0.01721	0.00861	0.00287	0.00574	0.70023	0.00574	0.00574
35	0.01666	0.78478	0.03265	0.01066	0.01599	0.02465	0.01066	0.01866	0.01266	0.01466	0.00866	0.00999	0.00800	0.00533	0.00400	0.00133	0.00666	0.00333	0.00267	0.00800
36	0.00882	0.00637	0.00833	0.00784	0.00931	0.00588	0.00588	0.01176	0.01764	0.02499	0.73888	0.04654	0.05879	0.01274	0.00735	0.00196	0.00294	0.01127	0.00686	0.00588
37	0.01550	0.01338	0.01409	0.01268	0.01620	0.01550	0.00986	0.03311	0.73091	0.02606	0.02536	0.02325	0.01902	0.00845	0.00634	0.00211	0.00493	0.00704	0.00634	0.00986
38	0.82504	0.01205	0.00916	0.00819	0.01205	0.01398	0.00675	0.01832	0.01060	0.02795	0.00868	0.01012	0.00675	0.00578	0.00386	0.00193	0.00482	0.00337	0.00386	0.00675
39	0.00759	0.00542	0.00723	0.00868	0.00904	0.00506	0.00578	0.00868	0.01193	0.01591	0.03434	0.77697	0.04121	0.01952	0.00795	0.00253	0.00361	0.01771	0.00578	0.00506
40	0.02769	0.01102	0.01472	0.01128	0.01611	0.00978	0.00932	0.07275	0.01854	0.70310	0.02399	0.02082	0.01513	0.00770	0.00626	0.00192	0.00540	0.00623	0.00762	0.01060

[dist]
# distance from previous block
# <min> <max>
0	16

[block]
# block no. 8 follows, 36 sequences, length 42
# corresponding to MSA columns:
# 761-802
name=unknown_I
#
# <colnr> <probs for GDERKNQSTAVLIFYWHMCP>
#	G	D	E	R	K	N	Q	S	T	A	V	L	I	F	Y	W	H	M	C	P
0	0.01719	0.65396	0.03030	0.01142	0.01636	0.02373	0.01098	0.09178	0.01419	0.01725	0.00929	0.01075	0.00828	0.00592	0.00531	0.00148	0.05686	0.00371	0.00304	0.00819
1	0.01292	0.01107	0.01292	0.00923	0.01477	0.00831	0.00738	0.01569	0.01292	0.02030	0.01107	0.01292	0.00923	0.00461	0.00461	0.00092	0.00461	0.00369	0.00369	0.81912
2	0.00890	0.00668	0.01001	0.01001	0.01113	0.00779	0.00779	0.01113	0.01001	0.01446	0.01669	0.02448	0.01558	0.04673	0.75634	0.01001	0.01669	0.00668	0.00334	0.00556
3	0.00882	0.00637	0.00833	0.00784	0.00931	0.00588	0.00588	0.01176	0.01764	0.02499	0.73888	0.04654	0.05879	0.01274	0.00735	0.00196	0.00294	0.01127	0.00686	0.00588
4	0.01542	0.01480	0.02529	0.03824	0.74217	0.01480	0.01912	0.01912	0.01419	0.02036	0.01172	0.01542	0.00987	0.00555	0.00617	0.00185	0.00740	0.00555	0.00308	0.00987
5	0.00821	0.00658	0.00749	0.00795	0.00984	0.00587	0.00642	0.01020	0.01425	0.01741	0.05357	0.06323	0.51666	0.01623	0.00776	0.00235	0.00397	0.23084	0.00577	0.00541
6	0.00890	0.00668	0.01001	0.01001	0.01113	0.00779	0.00779	0.01113	0.01001	0.01446	0.01669	0.02448	0.01558	0.04673	0.75634	0.01001	0.01669	0.00668	0.00334	0.00556
7	0.00759	0.00542	0.00723	0.00868	0.00904	0.00506	0.00578	0.00868	0.01193	0.01591	0.03434	0.77697	0.04121	0.01952	0.00795	0.00253	0.00361	0.01771	0.00578	0.00506
8	0.00781	0.00561	0.00746	0.00881	0.00933	0.00526	0.00609	0.00911	0.01235	0.01641	0.05552	0.68003	0.06080	0.01904	0.00797	0.00253	0.00375	0.07117	0.00581	0.00514
9	0.00915	0.00656	0.00942	0.00939	0.01052	0.00743	0.00723	0.01142	0.01077	0.01589	0.06460	0.02630	0.01867	0.06285	0.61659	0.00858	0.01420	0.00697	0.07793	0.00555
10	0.07474	0.02661	0.01890	0.01645	0.01997	0.61102	0.08545	0.02359	0.01669	0.01656	0.01006	0.01208	0.00828	0.00728	0.02467	0.00189	0.01088	0.00439	0.00325	0.00727
11	0.47119	0.01560	0.01387	0.01154	0.01571	0.09528	0.03871	0.20321	0.03797	0.02915	0.01108	0.01218	0.00837	0.00635	0.00489	0.00189	0.00628	0.00430	0.00445	0.00797
12	0.01454	0.01621	0.03456	0.02691	0.10584	0.01529	0.62200	0.01948	0.01456	0.01986	0.01326	0.04267	0.01058	0.00577	0.00725	0.00209	0.00994	0.00752	0.00323	0.00844
13	0.01175	0.01052	0.01734	0.68669	0.03919	0.01300	0.01595	0.01577	0.01252	0.01668	0.01204	0.01730	0.00911	0.00634	0.00603	0.00201	0.00774	0.00557	0.08763	0.00681
14	0.00746	0.00632	0.00644	0.00641	0.00847	0.00530	0.00481	0.00913	0.01443	0.01737	0.10756	0.05908	0.69487	0.01558	0.00736	0.00209	0.00314	0.01303	0.00586	0.00530
15	0.02781	0.01084	0.01461	0.01120	0.01602	0.00951	0.00925	0.05452	0.01823	0.72176	0.02424	0.02099	0.01525	0.00770	0.00626	0.00193	0.00536	0.00624	0.00766	0.01060
16	0.01542	0.01480	0.02529	0.03824	0.74217	0.01480	0.01912	0.01912	0.01419	0.02036	0.01172	0.01542	0.00987	0.00555	0.00617	0.00185	0.00740	0.00555	0.00308	0.00987
17	0.01512	0.01450	0.02475	0.09760	0.68514	0.01473	0.01897	0.01886	0.01405	0.01999	0.01167	0.01552	0.00974	0.00561	0.00617	0.00187	0.00748	0.00555	0.00306	0.00963
18	0.01486	0.01401	0.02370	0.03545	0.66603	0.01401	0.01817	0.01847	0.01420	0.02018	0.01394	0.02115	0.01258	0.00677	0.00642	0.00196	0.00723	0.07808	0.00336	0.00944
19	0.01550	0.01338	0.01409	0.01268	0.01620	0.01550	0.00986	0.03311	0.73091	0.02606	0.02536	0.02325	0.01902	0.00845	0.00634	0.00211	0.00493	0.00704	0.00634	0.00986
20	0.01349	0.01326	0.01860	0.04455	0.01705	0.01841	0.01344	0.01501	0.00978	0.01532	0.00872	0.01409	0.00846	0.01060	0.01934	0.00266	0.71345	0.00547	0.03153	0.00678
21	0.00874	0.00637	0.00823	0.00776	0.00926	0.00585	0.00582	0.01161	0.01746	0.02457	0.70452	0.04722	0.09341	0.01289	0.00735	0.00197	0.00295	0.01136	0.00680	0.00585
22	0.01542	0.01480	0.02529	0.03824	0.74217	0.01480	0.01912	0.01912	0.01419	0.02036	0.01172	0.01542	0.00987	0.00555	0.00617	0.00185	0.00740	0.00555	0.00308	0.00987
23	0.01473	0.01387	0.02346	0.06124	0.64125	0.01397	0.01811	0.01836	0.01414	0.02002	0.01392	0.02119	0.01253	0.00679	0.00642	0.00196	0.00726	0.07808	0.00335	0.00933
24	0.01196	0.01134	0.01873	0.68779	0.04014	0.01439	0.01692	0.01582	0.01215	0.01582	0.01077	0.01630	0.00829	0.00672	0.00771	0.00214	0.08779	0.00553	0.00276	0.00691
25	0.01550	0.01338	0.01409	0.01268	0.01620	0.01550	0.00986	0.03311	0.73091	0.02606	0.02536	0.02325	0.01902	0.00845	0.00634	0.00211	0.00493	0.00704	0.00634	0.00986
26	0.00759	0.00542	0.00723	0.00868	0.00904	0.00506	0.00578	0.00868	0.01193	0.01591	0.03434	0.77697	0.04121	0.01952	0.00795	0.00253	0.00361	0.01771	0.00578	0.00506
27	0.02311	0.02187	0.01785	0.01472	0.01889	0.30878	0.01166	0.42310	0.02416	0.02927	0.01305	0.01378	0.00977	0.00706	0.00593	0.00175	0.00844	0.00499	0.03273	0.00910
28	0.01292	0.01107	0.01292	0.00923	0.01477	0.00831	0.00738	0.01569	0.01292	0.02030	0.01107	0.01292	0.00923	0.00461	0.00461	0.00092	0.00461	0.00369	0.00369	0.81912
29	0.00860	0.00636	0.00803	0.00761	0.00918	0.00579	0.00571	0.01134	0.01713	0.02378	0.63897	0.04853	0.15945	0.01319	0.00735	0.00198	0.00297	0.01155	0.00670	0.00579
30	0.00906	0.00604	0.00680	0.00680	0.00680	0.00604	0.00378	0.00906	0.00906	0.01208	0.01963	0.04077	0.02265	0.78103	0.03171	0.00604	0.00604	0.00906	0.00378	0.00378
31	0.02327	0.02970	0.01766	0.01605	0.01926	0.75602	0.01204	0.02488	0.01766	0.01525	0.00963	0.01124	0.00803	0.00642	0.00562	0.00161	0.01124	0.00401	0.00321	0.00722
32	0.01250	0.03223	0.74875	0.01776	0.02697	0.01447	0.02302	0.01973	0.01315	0.01973	0.01118	0.01315	0.00789	0.00592	0.00592	0.00197	0.00921	0.00460	0.00263	0.00921
33	0.02256	0.01679	0.01810	0.01380	0.01885	0.01817	0.01138	0.64772	0.02758	0.03729	0.01455	0.01475	0.01045	0.00718	0.00606	0.00177	0.00662	0.00541	0.00597	0.09501
34	0.00899	0.00605	0.00677	0.00677	0.00687	0.00601	0.00382	0.00906	0.00928	0.01229	0.02152	0.04161	0.05380	0.74779	0.03065	0.00587	0.00592	0.00924	0.00386	0.00384
35	0.04450	0.00761	0.00978	0.00859	0.01098	0.00696	0.00667	0.01642	0.01732	0.19899	0.51931	0.03942	0.06584	0.01135	0.00695	0.00195	0.00359	0.00981	0.00692	0.00703
36	0.00896	0.00600	0.00682	0.00692	0.00694	0.00598	0.00391	0.00904	0.00925	0.01233	0.02060	0.08918	0.02387	0.73096	0.03015	0.00581	0.00588	0.00963	0.00391	0.00386
37	0.01501	0.48628	0.31670	0.01348	0.02034	0.02061	0.01556	0.01908	0.01286	0.01667	0.00966	0.01125	0.00795	0.00556	0.00476	0.00159	0.00767	0.00384	0.00265	0.00848
38	0.00753	0.00632	0.00654	0.00648	0.00852	0.00533	0.00486	0.00926	0.01459	0.01775	0.13958	0.05844	0.66260	0.01544	0.00736	0.00209	0.00313	0.01294	0.00591	0.00533
39	0.01292	0.01107	0.01292	0.00923	0.01477	0.00831	0.00738	0.01569	0.01292	0.02030	0.01107	0.01292	0.00923	0.00461	0.00461	0.00092	0.00461	0.00369	0.00369	0.81912
40	0.02236	0.01819	0.01816	0.01470	0.01889	0.26436	0.10074	0.08615	0.03452	0.26631	0.04916	0.01943	0.04335	0.00750	0.00627	0.00185	0.00792	0.00610	0.00532	0.00874
41	0.50426	0.01389	0.01171	0.01010	0.01407	0.09084	0.00815	0.04289	0.07314	0.15879	0.01327	0.01351	0.00961	0.00648	0.00476	0.00191	0.00565	0.00434	0.00477	0.00788

[dist]
# distance from previous block
# <min> <max>
1	51

[block]
# block no. 9 follows, 36 sequences, length 24
# corresponding to MSA columns:
# 854-877
name=unknown_J
#
# <colnr> <probs for GDERKNQSTAVLIFYWHMCP>
#	G	D	E	R	K	N	Q	S	T	A	V	L	I	F	Y	W	H	M	C	P
0	0.07785	0.13724	0.37887	0.01470	0.02112	0.01561	0.01655	0.02067	0.01324	0.13928	0.01248	0.01384	0.00910	0.00670	0.00723	0.00195	0.09651	0.00469	0.00358	0.00879
1	0.40346	0.01414	0.04621	0.01144	0.02987	0.01484	0.00946	0.17826	0.11285	0.08392	0.01432	0.03225	0.01086	0.00700	0.00514	0.00195	0.00555	0.00503	0.00499	0.00846
2	0.00759	0.00542	0.00723	0.00868	0.00904	0.00506	0.00578	0.00868	0.01193	0.01591	0.03434	0.77697	0.04121	0.01952	0.00795	0.00253	0.00361	0.01771	0.00578	0.00506
3	0.03905	0.39318	0.13689	0.01322	0.03135	0.06952	0.01278	0.13655	0.03030	0.06734	0.01156	0.01247	0.00911	0.00608	0.00500	0.00162	0.00724	0.00425	0.00372	0.00877
4	0.15980	0.02220	0.01582	0.01546	0.07307	0.44702	0.01105	0.03383	0.01567	0.03126	0.01285	0.01447	0.04300	0.00696	0.00608	0.00176	0.04316	0.00465	0.03459	0.00730
5	0.00883	0.00659	0.00823	0.00778	0.00941	0.00610	0.00585	0.01205	0.04007	0.02389	0.62222	0.04765	0.15196	0.01302	0.00732	0.00198	0.00303	0.01139	0.00669	0.00592
6	0.02306	0.01773	0.01799	0.01404	0.01873	0.06957	0.01149	0.63857	0.02769	0.03682	0.01485	0.01511	0.01068	0.00740	0.00610	0.00183	0.00696	0.00551	0.04574	0.01013
7	0.00758	0.00547	0.00718	0.00855	0.00900	0.00507	0.00573	0.00869	0.01205	0.01595	0.03586	0.73922	0.07797	0.01932	0.00792	0.00251	0.00359	0.01747	0.00578	0.00507
8	0.01261	0.03147	0.71381	0.01818	0.02724	0.01453	0.05720	0.01974	0.01323	0.01974	0.01125	0.01333	0.00797	0.00589	0.00599	0.00198	0.00927	0.00474	0.00266	0.00917
9	0.00825	0.00581	0.00692	0.00752	0.00792	0.00554	0.00472	0.00889	0.01086	0.01423	0.03084	0.35013	0.11399	0.37413	0.01896	0.00412	0.00469	0.01315	0.00485	0.00448
10	0.01198	0.00858	0.01037	0.01033	0.01228	0.00864	0.00815	0.15238	0.01655	0.03986	0.03394	0.30098	0.13228	0.01563	0.00767	0.00242	0.00485	0.21067	0.00591	0.00653
11	0.00813	0.00581	0.00784	0.00920	0.00982	0.00552	0.00664	0.00966	0.01267	0.01686	0.06585	0.60331	0.04094	0.01875	0.00806	0.00257	0.00401	0.15331	0.00582	0.00523
12	0.00822	0.00595	0.00808	0.00930	0.01003	0.00581	0.00682	0.00981	0.01227	0.01632	0.03311	0.52126	0.06371	0.02209	0.09532	0.00345	0.00554	0.15214	0.00549	0.00526
13	0.01606	0.63124	0.02995	0.01180	0.01606	0.02354	0.01125	0.01793	0.01204	0.01473	0.00857	0.01072	0.00803	0.00644	0.00727	0.00161	0.15857	0.00375	0.00268	0.00776
