[name]
unknown

[dist]
# distance from previous block
# <min> <max>
6	1016

[block]
# block no. 0 follows, 35 sequences, length 54
# corresponding to MSA columns:
# 1783-1836
name=unknown_A
#
# <colnr> <probs for GDERKNQSTAVLIFYWHMCP>
#	G	D	E	R	K	N	Q	S	T	A	V	L	I	F	Y	W	H	M	C	P
0	0.08045	0.04534	0.14133	0.01345	0.01871	0.01317	0.07874	0.07328	0.12889	0.06755	0.01621	0.05390	0.01326	0.04358	0.00709	0.00199	0.00646	0.00605	0.00448	0.18607
1	0.11462	0.01517	0.12037	0.01338	0.01864	0.01217	0.08778	0.07738	0.06180	0.18662	0.05103	0.05462	0.01509	0.00743	0.00602	0.00186	0.00628	0.00629	0.00513	0.13831
2	0.01301	0.11782	0.30184	0.04956	0.02044	0.01277	0.01446	0.01726	0.01320	0.04624	0.01586	0.15218	0.01485	0.00829	0.00590	0.00181	0.00683	0.00688	0.00370	0.17713
3	0.01426	0.01357	0.01941	0.10197	0.35415	0.07259	0.04098	0.01771	0.03313	0.03615	0.05331	0.04293	0.11847	0.04473	0.00780	0.00217	0.00697	0.00749	0.00399	0.00821
4	0.01492	0.01420	0.02394	0.03593	0.66743	0.01413	0.01811	0.01846	0.01434	0.02034	0.01557	0.05388	0.04682	0.00683	0.00643	0.00193	0.00714	0.00662	0.00340	0.00959
5	0.01540	0.01588	0.06022	0.06230	0.64554	0.01507	0.05340	0.01943	0.01436	0.02052	0.01193	0.01570	0.00988	0.00568	0.00633	0.00191	0.00781	0.00570	0.00311	0.00984
6	0.00859	0.00631	0.00805	0.00796	0.00933	0.00577	0.00584	0.01110	0.01654	0.02288	0.53569	0.17752	0.13176	0.01454	0.00759	0.00211	0.00314	0.01285	0.00667	0.00577
7	0.01369	0.01159	0.01344	0.00965	0.01526	0.00900	0.00774	0.05004	0.01397	0.02161	0.01147	0.01326	0.00946	0.00484	0.00478	0.00099	0.00481	0.00385	0.00388	0.77667
8	0.01022	0.00730	0.01022	0.01168	0.01314	0.00730	0.01022	0.01314	0.01460	0.01899	0.03359	0.07156	0.03651	0.01752	0.00876	0.00292	0.00584	0.69478	0.00584	0.00584
9	0.02370	0.03023	0.01798	0.01634	0.01961	0.75158	0.01226	0.02533	0.01798	0.01553	0.00981	0.01144	0.00817	0.00654	0.00572	0.00163	0.01144	0.00409	0.00327	0.00735
10	0.01570	0.01507	0.02575	0.03894	0.73748	0.01507	0.01947	0.01947	0.01444	0.02073	0.01193	0.01570	0.01005	0.00565	0.00628	0.00188	0.00754	0.00565	0.00314	0.01005
11	0.00825	0.00646	0.00747	0.00721	0.00903	0.00567	0.00541	0.01055	0.01623	0.02134	0.40305	0.05414	0.39350	0.01450	0.00749	0.00207	0.00310	0.01242	0.00644	0.00567
12	0.01477	0.01799	0.08326	0.02566	0.03195	0.01613	0.63352	0.02005	0.01460	0.02005	0.01251	0.01670	0.00946	0.00568	0.00806	0.00216	0.04856	0.00720	0.00315	0.00853
13	0.00898	0.00648	0.00848	0.00798	0.00948	0.00599	0.00599	0.01197	0.01796	0.02544	0.73413	0.04739	0.05986	0.01297	0.00748	0.00200	0.00299	0.01147	0.00698	0.00599
14	0.82186	0.01227	0.00932	0.00834	0.01227	0.01423	0.00687	0.01865	0.01080	0.02846	0.00883	0.01031	0.00687	0.00589	0.00393	0.00196	0.00491	0.00344	0.00393	0.00687
15	0.08118	0.01512	0.01619	0.01320	0.01707	0.09606	0.01072	0.16262	0.07922	0.30618	0.01791	0.01747	0.01252	0.00805	0.00820	0.00205	0.11509	0.00573	0.00592	0.00951
16	0.04936	0.01092	0.01457	0.01126	0.01610	0.00966	0.00928	0.03067	0.03988	0.70058	0.02462	0.02135	0.01558	0.00782	0.00632	0.00197	0.00537	0.00633	0.00770	0.01067
17	0.01446	0.01123	0.01329	0.00956	0.01513	0.00853	0.00767	0.01725	0.01358	0.08233	0.01245	0.01388	0.00994	0.00497	0.00484	0.00103	0.00476	0.00398	0.00411	0.74700
18	0.02412	0.01777	0.01904	0.01460	0.01967	0.01967	0.01206	0.71633	0.02983	0.03998	0.01523	0.01523	0.01079	0.00762	0.00635	0.00190	0.00698	0.00571	0.00635	0.01079
19	0.01315	0.01128	0.01315	0.00940	0.01503	0.00846	0.00752	0.01597	0.01315	0.02067	0.01128	0.01315	0.00940	0.00470	0.00470	0.00094	0.00470	0.00376	0.00376	0.81583
20	0.02370	0.03023	0.01798	0.01634	0.01961	0.75158	0.01226	0.02533	0.01798	0.01553	0.00981	0.01144	0.00817	0.00654	0.00572	0.00163	0.01144	0.00409	0.00327	0.00735
21	0.00772	0.00555	0.00733	0.00876	0.00918	0.00516	0.00585	0.00884	0.01222	0.01622	0.03590	0.75029	0.06398	0.01975	0.00808	0.00256	0.00367	0.01789	0.00589	0.00516
22	0.01570	0.01507	0.02575	0.03894	0.73748	0.01507	0.01947	0.01947	0.01444	0.02073	0.01193	0.01570	0.01005	0.00565	0.00628	0.00188	0.00754	0.00565	0.00314	0.01005
23	0.01878	0.01269	0.07236	0.01326	0.06327	0.01119	0.01051	0.05175	0.17779	0.27546	0.15737	0.02578	0.02377	0.00867	0.00647	0.00198	0.00525	0.00729	0.04704	0.00930
24	0.01001	0.00673	0.00873	0.00809	0.00981	0.00614	0.00612	0.01290	0.01779	0.06569	0.66019	0.04661	0.09130	0.01283	0.00742	0.00200	0.00314	0.01128	0.00698	0.00623
25	0.01365	0.01317	0.02291	0.42655	0.31811	0.01461	0.06443	0.01777	0.01353	0.01827	0.01164	0.01645	0.00917	0.00600	0.00639	0.00202	0.00824	0.00577	0.00297	0.00834
26	0.02412	0.01777	0.01904	0.01460	0.01967	0.01967	0.01206	0.71633	0.02983	0.03998	0.01523	0.01523	0.01079	0.00762	0.00635	0.00190	0.00698	0.00571	0.00635	0.01079
27	0.01570	0.01507	0.02575	0.03894	0.73748	0.01507	0.01947	0.01947	0.01444	0.02073	0.01193	0.01570	0.01005	0.00565	0.00628	0.00188	0.00754	0.00565	0.00314	0.01005
28	0.00758	0.00643	0.00654	0.00651	0.00862	0.00539	0.00489	0.00927	0.01466	0.01761	0.10229	0.06028	0.69658	0.01589	0.00750	0.00213	0.00320	0.01328	0.00595	0.00539
29	0.82186	0.01227	0.00932	0.00834	0.01227	0.01423	0.00687	0.01865	0.01080	0.02846	0.00883	0.01031	0.00687	0.00589	0.00393	0.00196	0.00491	0.00344	0.00393	0.00687
30	0.02412	0.01777	0.01904	0.01460	0.01967	0.01967	0.01206	0.71633	0.02983	0.03998	0.01523	0.01523	0.01079	0.00762	0.00635	0.00190	0.00698	0.00571	0.00635	0.01079
31	0.00773	0.00552	0.00736	0.00883	0.00920	0.00515	0.00589	0.00883	0.01215	0.01619	0.03497	0.77291	0.04196	0.01987	0.00810	0.00258	0.00368	0.01803	0.00589	0.00515
32	0.01612	0.34451	0.27164	0.01585	0.02271	0.01916	0.12188	0.04300	0.01423	0.05957	0.01142	0.01313	0.00885	0.00583	0.00545	0.00175	0.00818	0.00470	0.00319	0.00886
33	0.02370	0.03023	0.01798	0.01634	0.01961	0.75158	0.01226	0.02533	0.01798	0.01553	0.00981	0.01144	0.00817	0.00654	0.00572	0.00163	0.01144	0.00409	0.00327	0.00735
34	0.02469	0.01171	0.01518	0.01308	0.05254	0.01121	0.01001	0.03103	0.19260	0.52914	0.02456	0.02181	0.01632	0.00793	0.00639	0.00201	0.00541	0.00654	0.00727	0.01057
35	0.04120	0.01499	0.01652	0.01426	0.04508	0.01656	0.01100	0.35793	0.26151	0.07747	0.02024	0.06138	0.01563	0.00854	0.00642	0.00203	0.00600	0.00688	0.00627	0.01009
36	0.01062	0.00909	0.01319	0.01229	0.01305	0.01166	0.00986	0.01260	0.01004	0.01490	0.01419	0.02135	0.01342	0.03576	0.51509	0.00779	0.25943	0.00639	0.00320	0.00608
37	0.01552	0.01481	0.02483	0.07444	0.66589	0.01506	0.01890	0.02002	0.05014	0.02079	0.01260	0.01616	0.01044	0.00584	0.00629	0.00191	0.00746	0.00573	0.00329	0.00990
38	0.01315	0.01128	0.01315	0.00940	0.01503	0.00846	0.00752	0.01597	0.01315	0.02067	0.01128	0.01315	0.00940	0.00470	0.00470	0.00094	0.00470	0.00376	0.00376	0.81583
39	0.82186	0.01227	0.00932	0.00834	0.01227	0.01423	0.00687	0.01865	0.01080	0.02846	0.00883	0.01031	0.00687	0.00589	0.00393	0.00196	0.00491	0.00344	0.00393	0.00687
40	0.82186	0.01227	0.00932	0.00834	0.01227	0.01423	0.00687	0.01865	0.01080	0.02846	0.00883	0.01031	0.00687	0.00589	0.00393	0.00196	0.00491	0.00344	0.00393	0.00687
41	0.82186	0.01227	0.00932	0.00834	0.01227	0.01423	0.00687	0.01865	0.01080	0.02846	0.00883	0.01031	0.00687	0.00589	0.00393	0.00196	0.00491	0.00344	0.00393	0.00687
42	0.01769	0.01965	0.02365	0.05543	0.31933	0.24122	0.09583	0.02070	0.01492	0.01822	0.01090	0.01437	0.00915	0.00661	0.00809	0.00196	0.10523	0.00537	0.00313	0.00854
43	0.00869	0.00647	0.00808	0.00768	0.00930	0.00586	0.00576	0.01142	0.01728	0.02384	0.60495	0.05002	0.19004	0.01357	0.00749	0.00202	0.00304	0.01184	0.00677	0.00586
44	0.01536	0.01473	0.02514	0.10458	0.67448	0.01498	0.01930	0.01917	0.01429	0.02032	0.01187	0.01581	0.00990	0.00572	0.00629	0.00191	0.00762	0.00565	0.00311	0.00978
45	0.00750	0.00643	0.00643	0.00643	0.00857	0.00536	0.00482	0.00910	0.01446	0.01714	0.06427	0.06105	0.73490	0.01607	0.00750	0.00214	0.00321	0.01339	0.00589	0.00536
46	0.01272	0.03281	0.74418	0.01808	0.02746	0.01473	0.02344	0.02009	0.01339	0.02009	0.01138	0.01339	0.00804	0.00603	0.00603	0.00201	0.00938	0.00469	0.00268	0.00938
47	0.02193	0.02257	0.01766	0.01516	0.01892	0.35624	0.01183	0.23996	0.15726	0.02518	0.01450	0.01505	0.01113	0.00744	0.00663	0.00186	0.03770	0.00524	0.00481	0.00891
48	0.01386	0.01323	0.02225	0.37537	0.37245	0.01486	0.01829	0.01771	0.01335	0.01831	0.01142	0.01616	0.00921	0.00628	0.00713	0.00204	0.05099	0.00564	0.00297	0.00847
49	0.01570	0.01507	0.02575	0.03894	0.73748	0.01507	0.01947	0.01947	0.01444	0.02073	0.01193	0.01570	0.01005	0.00565	0.00628	0.00188	0.00754	0.00565	0.00314	0.01005
50	0.00774	0.00583	0.00717	0.00811	0.00904	0.00526	0.00560	0.00909	0.01313	0.01700	0.08434	0.53215	0.23574	0.01841	0.00789	0.00242	0.00351	0.01636	0.00595	0.00526
51	0.01616	0.50256	0.24607	0.01342	0.01988	0.07350	0.01474	0.01977	0.01340	0.01652	0.00966	0.01123	0.00811	0.00569	0.00478	0.00157	0.00789	0.00383	0.00274	0.00846
52	0.00884	0.00616	0.00688	0.00695	0.00744	0.00590	0.00422	0.00914	0.01049	0.01351	0.03017	0.07974	0.18120	0.54363	0.02536	0.03603	0.00536	0.01042	0.00435	0.00420
53	0.05596	0.01776	0.04498	0.02469	0.31856	0.06864	0.01530	0.32368	0.02120	0.02908	0.01306	0.01488	0.01003	0.00659	0.00616	0.00188	0.00751	0.00544	0.00457	0.01002

[dist]
# distance from previous block
# <min> <max>
0	1

[block]
# block no. 1 follows, 35 sequences, length 82
# corresponding to MSA columns:
# 1838-1857,1880-1912,1924-1952
name=unknown_B
#
# <colnr> <probs for GDERKNQSTAVLIFYWHMCP>
#	G	D	E	R	K	N	Q	S	T	A	V	L	I	F	Y	W	H	M	C	P
0	0.02531	0.01039	0.01378	0.01085	0.01531	0.00918	0.00886	0.02849	0.05231	0.61703	0.06806	0.02585	0.06734	0.00874	0.00652	0.00199	0.00509	0.00718	0.00760	0.01012
1	0.11446	0.01364	0.02204	0.01719	0.04012	0.01345	0.24355	0.02544	0.10375	0.28447	0.01823	0.01860	0.01269	0.00695	0.00700	0.00207	0.03520	0.00645	0.00537	0.00934
2	0.01467	0.01217	0.01397	0.01011	0.01567	0.01000	0.00814	0.11249	0.01545	0.02333	0.01182	0.01344	0.00959	0.00510	0.00493	0.00107	0.00501	0.00403	0.00412	0.70489
3	0.01421	0.01355	0.02305	0.32953	0.45858	0.01468	0.01873	0.01816	0.01374	0.01891	0.01167	0.01619	0.00941	0.00593	0.00631	0.00198	0.00791	0.00565	0.00301	0.00884
4	0.00750	0.00643	0.00643	0.00643	0.00857	0.00536	0.00482	0.00910	0.01446	0.01714	0.06427	0.06105	0.73490	0.01607	0.00750	0.00214	0.00321	0.01339	0.00589	0.00536
5	0.02094	0.02091	0.34718	0.01443	0.02134	0.01197	0.01578	0.02606	0.03546	0.39322	0.01883	0.01791	0.01231	0.00704	0.00622	0.00199	0.00720	0.00563	0.00546	0.01013
6	0.02846	0.01080	0.01472	0.01129	0.01619	0.00932	0.00932	0.03092	0.01816	0.74187	0.02503	0.02159	0.01570	0.00785	0.00638	0.00196	0.00540	0.00638	0.00785	0.01080
7	0.01543	0.01475	0.02512	0.03791	0.71267	0.01474	0.01901	0.01911	0.01437	0.02057	0.01272	0.04150	0.01114	0.00614	0.00634	0.00191	0.00741	0.00607	0.00323	0.00988
8	0.02370	0.03023	0.01798	0.01634	0.01961	0.75158	0.01226	0.02533	0.01798	0.01553	0.00981	0.01144	0.00817	0.00654	0.00572	0.00163	0.01144	0.00409	0.00327	0.00735
9	0.01492	0.42046	0.37577	0.01434	0.02167	0.02011	0.01692	0.01952	0.01313	0.01741	0.01006	0.01173	0.00809	0.00572	0.00501	0.00167	0.00803	0.00402	0.00270	0.00874
10	0.01907	0.01382	0.02142	0.04550	0.33520	0.01399	0.06117	0.04397	0.11750	0.21003	0.01735	0.01843	0.01275	0.00689	0.00692	0.00200	0.03293	0.00618	0.00492	0.00998
11	0.00906	0.00680	0.01020	0.01020	0.01133	0.00793	0.00793	0.01133	0.01020	0.01473	0.01699	0.02492	0.01586	0.04758	0.75191	0.01020	0.01699	0.00680	0.00340	0.00566
12	0.01360	0.01066	0.01330	0.01176	0.01469	0.01127	0.04954	0.04453	0.30691	0.05984	0.25939	0.03639	0.05443	0.01085	0.00710	0.00216	0.00479	0.07424	0.00643	0.00814
13	0.01311	0.01128	0.01336	0.03515	0.01601	0.00865	0.00786	0.01598	0.01314	0.02052	0.01128	0.01328	0.00936	0.00475	0.00475	0.00098	0.00483	0.00382	0.00373	0.78815
14	0.18221	0.01518	0.01881	0.09704	0.20576	0.01680	0.01354	0.30437	0.01970	0.02957	0.01249	0.01449	0.00950	0.00672	0.00621	0.00196	0.02653	0.00522	0.00457	0.00932
15	0.82186	0.01227	0.00932	0.00834	0.01227	0.01423	0.00687	0.01865	0.01080	0.02846	0.00883	0.01031	0.00687	0.00589	0.00393	0.00196	0.00491	0.00344	0.00393	0.00687
16	0.82186	0.01227	0.00932	0.00834	0.01227	0.01423	0.00687	0.01865	0.01080	0.02846	0.00883	0.01031	0.00687	0.00589	0.00393	0.00196	0.00491	0.00344	0.00393	0.00687
17	0.01673	0.48958	0.23616	0.01309	0.01961	0.02091	0.01442	0.04371	0.01395	0.06460	0.01083	0.01202	0.00869	0.00583	0.00486	0.00160	0.00745	0.00404	0.00316	0.00876
18	0.01570	0.01507	0.02575	0.03894	0.73748	0.01507	0.01947	0.01947	0.01444	0.02073	0.01193	0.01570	0.01005	0.00565	0.00628	0.00188	0.00754	0.00565	0.00314	0.01005
19	0.01570	0.01507	0.02575	0.03894	0.73748	0.01507	0.01947	0.01947	0.01444	0.02073	0.01193	0.01570	0.01005	0.00565	0.00628	0.00188	0.00754	0.00565	0.00314	0.01005
20	0.00750	0.00643	0.00643	0.00643	0.00857	0.00536	0.00482	0.00910	0.01446	0.01714	0.06427	0.06105	0.73490	0.01607	0.00750	0.00214	0.00321	0.01339	0.00589	0.00536
21	0.01291	0.01358	0.09323	0.01471	0.01903	0.01127	0.19581	0.07525	0.05626	0.03970	0.19521	0.05688	0.14119	0.00988	0.00708	0.00204	0.00631	0.00915	0.00515	0.03534
22	0.01703	0.01614	0.02639	0.01995	0.02480	0.01709	0.33238	0.17356	0.18209	0.02553	0.01592	0.01791	0.01200	0.00714	0.00828	0.00215	0.08096	0.00684	0.00460	0.00923
23	0.01318	0.01216	0.01744	0.04318	0.06586	0.03718	0.13966	0.02109	0.22867	0.02350	0.25865	0.03111	0.04573	0.00948	0.00702	0.00208	0.00589	0.02458	0.00554	0.00801
24	0.01570	0.01507	0.02575	0.03894	0.73748	0.01507	0.01947	0.01947	0.01444	0.02073	0.01193	0.01570	0.01005	0.00565	0.00628	0.00188	0.00754	0.00565	0.00314	0.01005
25	0.00773	0.00552	0.00736	0.00883	0.00920	0.00515	0.00589	0.00883	0.01215	0.01619	0.03497	0.77291	0.04196	0.01987	0.00810	0.00258	0.00368	0.01803	0.00589	0.00515
26	0.01544	0.01872	0.10284	0.02316	0.02913	0.06292	0.50151	0.02120	0.05472	0.03741	0.03796	0.01779	0.01174	0.00615	0.00751	0.00210	0.03055	0.00703	0.00357	0.00856
27	0.01102	0.00551	0.00826	0.00826	0.00826	0.00551	0.00551	0.00826	0.00826	0.01102	0.01102	0.01928	0.01102	0.02204	0.02479	0.81543	0.00551	0.00551	0.00275	0.00275
28	0.02277	0.02830	0.04283	0.01616	0.01969	0.62264	0.01260	0.07754	0.04258	0.01790	0.01077	0.01229	0.00875	0.00682	0.00628	0.00172	0.03463	0.00438	0.00357	0.00776
29	0.02846	0.01080	0.01472	0.01129	0.01619	0.00932	0.00932	0.03092	0.01816	0.74187	0.02503	0.02159	0.01570	0.00785	0.00638	0.00196	0.00540	0.00638	0.00785	0.01080
30	0.01601	0.01517	0.02550	0.03804	0.71094	0.01524	0.01920	0.04523	0.01501	0.02144	0.01205	0.01568	0.01008	0.00572	0.00628	0.00188	0.00752	0.00565	0.00326	0.01008
31	0.01929	0.01491	0.01645	0.01231	0.01763	0.01474	0.01006	0.40805	0.02249	0.03148	0.01349	0.01432	0.01018	0.00633	0.00562	0.00148	0.00598	0.00485	0.00521	0.36514
32	0.01570	0.01507	0.02575	0.03894	0.73748	0.01507	0.01947	0.01947	0.01444	0.02073	0.01193	0.01570	0.01005	0.00565	0.00628	0.00188	0.00754	0.00565	0.00314	0.01005
33	0.00812	0.00645	0.00729	0.00708	0.00895	0.00562	0.00531	0.01031	0.01593	0.02062	0.34495	0.05533	0.45205	0.01477	0.00749	0.00208	0.00312	0.01259	0.00635	0.00562
34	0.82186	0.01227	0.00932	0.00834	0.01227	0.01423	0.00687	0.01865	0.01080	0.02846	0.00883	0.01031	0.00687	0.00589	0.00393	0.00196	0.00491	0.00344	0.00393	0.00687
35	0.02412	0.01777	0.01904	0.01460	0.01967	0.01967	0.01206	0.71633	0.02983	0.03998	0.01523	0.01523	0.01079	0.00762	0.00635	0.00190	0.00698	0.00571	0.00635	0.01079
36	0.00773	0.00552	0.00736	0.00883	0.00920	0.00515	0.00589	0.00883	0.01215	0.01619	0.03497	0.77291	0.04196	0.01987	0.00810	0.00258	0.00368	0.01803	0.00589	0.00515
37	0.01412	0.23890	0.47688	0.01693	0.02492	0.01774	0.08835	0.01981	0.01341	0.01868	0.01082	0.01287	0.00822	0.00579	0.00563	0.00184	0.00879	0.00461	0.00274	0.00895
38	0.02370	0.03023	0.01798	0.01634	0.01961	0.75158	0.01226	0.02533	0.01798	0.01553	0.00981	0.01144	0.00817	0.00654	0.00572	0.00163	0.01144	0.00409	0.00327	0.00735
39	0.02566	0.01162	0.01511	0.01254	0.03912	0.01093	0.00984	0.04809	0.14648	0.57215	0.02451	0.02162	0.01607	0.00791	0.00639	0.00199	0.00544	0.00648	0.00741	0.01064
40	0.02053	0.01512	0.01554	0.01323	0.01707	0.09447	0.01049	0.09621	0.36773	0.20648	0.02198	0.02051	0.01585	0.00823	0.00708	0.00206	0.04490	0.00642	0.00626	0.00985
41	0.01169	0.01065	0.01522	0.01371	0.01423	0.01419	0.01117	0.01347	0.00993	0.01502	0.01227	0.01891	0.01176	0.02772	0.35383	0.00616	0.42452	0.00612	0.00306	0.00636
42	0.01550	0.01486	0.02538	0.07864	0.69937	0.01502	0.01937	0.01929	0.01435	0.02048	0.01190	0.01577	0.00996	0.00569	0.00628	0.00190	0.00759	0.00565	0.00312	0.00988
43	0.01315	0.01128	0.01315	0.00940	0.01503	0.00846	0.00752	0.01597	0.01315	0.02067	0.01128	0.01315	0.00940	0.00470	0.00470	0.00094	0.00470	0.00376	0.00376	0.81583
44	0.71389	0.01264	0.01152	0.01244	0.10940	0.01434	0.00856	0.01876	0.01128	0.02743	0.00925	0.01103	0.00730	0.00586	0.00424	0.00195	0.00526	0.00373	0.00382	0.00730
45	0.82186	0.01227	0.00932	0.00834	0.01227	0.01423	0.00687	0.01865	0.01080	0.02846	0.00883	0.01031	0.00687	0.00589	0.00393	0.00196	0.00491	0.00344	0.00393	0.00687
46	0.82186	0.01227	0.00932	0.00834	0.01227	0.01423	0.00687	0.01865	0.01080	0.02846	0.00883	0.01031	0.00687	0.00589	0.00393	0.00196	0.00491	0.00344	0.00393	0.00687
47	0.01663	0.72219	0.08901	0.01142	0.01716	0.02429	0.01184	0.01908	0.01293	0.01533	0.00902	0.01043	0.00813	0.00547	0.00422	0.00141	0.00699	0.00349	0.00271	0.00824
48	0.01570	0.01507	0.02575	0.03894	0.73748	0.01507	0.01947	0.01947	0.01444	0.02073	0.01193	0.01570	0.01005	0.00565	0.00628	0.00188	0.00754	0.00565	0.00314	0.01005
49	0.01546	0.01483	0.02532	0.08517	0.69310	0.01501	0.01935	0.01926	0.01433	0.02044	0.01189	0.01578	0.00995	0.00570	0.00628	0.00190	0.00760	0.00565	0.00312	0.00986
50	0.00750	0.00643	0.00643	0.00643	0.00857	0.00536	0.00482	0.00910	0.01446	0.01714	0.06427	0.06105	0.73490	0.01607	0.00750	0.00214	0.00321	0.01339	0.00589	0.00536
51	0.01243	0.03133	0.70276	0.01743	0.02640	0.01421	0.02239	0.01947	0.01345	0.01992	0.01435	0.01607	0.04885	0.00659	0.00611	0.00202	0.00903	0.00518	0.00286	0.00915
52	0.01787	0.01570	0.05653	0.01353	0.01782	0.01655	0.01126	0.23629	0.45348	0.03016	0.04623	0.02139	0.01756	0.00832	0.00643	0.00206	0.00578	0.00674	0.00623	0.01009
53	0.00873	0.00669	0.00890	0.00856	0.01015	0.00610	0.02870	0.01122	0.01611	0.02192	0.44152	0.16878	0.18441	0.01462	0.00763	0.00216	0.00350	0.03805	0.00643	0.00581
54	0.01570	0.01507	0.02575	0.03894	0.73748	0.01507	0.01947	0.01947	0.01444	0.02073	0.01193	0.01570	0.01005	0.00565	0.00628	0.00188	0.00754	0.00565	0.00314	0.01005
55	0.00946	0.00720	0.00896	0.00981	0.01095	0.00722	0.00705	0.01359	0.13146	0.01831	0.03269	0.55965	0.03681	0.01737	0.00780	0.00250	0.00414	0.08203	0.00592	0.02708
56	0.01672	0.73794	0.07404	0.01127	0.01692	0.02451	0.01158	0.01906	0.01292	0.01522	0.00897	0.01036	0.00814	0.00546	0.00418	0.00139	0.00693	0.00347	0.00271	0.00821
57	0.00923	0.00615	0.00692	0.00692	0.00692	0.00615	0.00384	0.00923	0.00923	0.01230	0.01999	0.04151	0.02306	0.77705	0.03229	0.00615	0.00615	0.00923	0.00384	0.00384
58	0.04354	0.01507	0.02496	0.03707	0.68837	0.01520	0.01879	0.04305	0.01484	0.02164	0.01194	0.01550	0.00997	0.00573	0.00620	0.00189	0.00743	0.00558	0.00328	0.00997
59	0.05590	0.41242	0.34516	0.01391	0.02100	0.01998	0.01620	0.01946	0.01301	0.01789	0.00995	0.01160	0.00803	0.00571	0.00492	0.00167	0.00783	0.00396	0.00276	0.00862
60	0.01535	0.01471	0.02511	0.10743	0.67174	0.01498	0.01929	0.01916	0.01428	0.02030	0.01187	0.01582	0.00990	0.00572	0.00629	0.00191	0.00762	0.00565	0.00311	0.00976
61	0.02846	0.01080	0.01472	0.01129	0.01619	0.00932	0.00932	0.03092	0.01816	0.74187	0.02503	0.02159	0.01570	0.00785	0.00638	0.00196	0.00540	0.00638	0.00785	0.01080
62	0.01618	0.01506	0.02473	0.08398	0.63025	0.01541	0.01871	0.07943	0.01566	0.02209	0.01217	0.01574	0.01001	0.00587	0.00629	0.00190	0.00755	0.00566	0.00340	0.00992
63	0.01451	0.01208	0.01388	0.01004	0.01561	0.00984	0.00808	0.10265	0.01522	0.02306	0.01177	0.01341	0.00957	0.00506	0.00490	0.00106	0.00498	0.00400	0.00408	0.71621
64	0.01538	0.01475	0.02517	0.10135	0.67757	0.01499	0.01931	0.01919	0.01429	0.02034	0.01188	0.01581	0.00991	0.00571	0.00629	0.00190	0.00762	0.00565	0.00311	0.00979
65	0.01011	0.00745	0.00915	0.00837	0.01025	0.00709	0.00637	0.07245	0.01857	0.02572	0.59300	0.04622	0.13529	0.01287	0.00739	0.00200	0.00336	0.01120	0.00680	0.00633
66	0.70910	0.01206	0.01009	0.00876	0.01283	0.01353	0.00722	0.02039	0.01184	0.12986	0.01113	0.01191	0.00813	0.00617	0.00427	0.00196	0.00498	0.00385	0.00448	0.00743
67	0.02307	0.01721	0.01904	0.07911	0.02175	0.01919	0.01254	0.65587	0.02835	0.03793	0.01489	0.01538	0.01059	0.00751	0.00635	0.00192	0.00711	0.00571	0.00604	0.01047
68	0.01539	0.01457	0.02378	0.09819	0.58988	0.01507	0.01816	0.02092	0.10085	0.02104	0.01357	0.01677	0.01104	0.00607	0.00631	0.00194	0.00731	0.00584	0.00352	0.00979
69	0.01714	0.58688	0.06163	0.07597	0.01893	0.02166	0.01172	0.01967	0.01353	0.08153	0.03306	0.01309	0.01045	0.00599	0.00467	0.00153	0.00680	0.00417	0.00332	0.00828
70	0.02301	0.02880	0.01766	0.01605	0.01934	0.68805	0.01207	0.02606	0.07911	0.01648	0.01119	0.01250	0.00914	0.00672	0.00578	0.00168	0.01089	0.00435	0.00354	0.00759
71	0.01132	0.00737	0.00900	0.00850	0.01084	0.00642	0.00655	0.01345	0.01514	0.11414	0.17299	0.16095	0.27537	0.01416	0.00732	0.00213	0.00391	0.07808	0.00616	0.07618
72	0.11428	0.01473	0.02132	0.02889	0.47025	0.01548	0.01577	0.08185	0.13103	0.02427	0.01410	0.01630	0.01124	0.00633	0.00603	0.00194	0.00676	0.00564	0.00405	0.00973
73	0.01301	0.01234	0.01702	0.01495	0.01550	0.01666	0.01228	0.01602	0.07167	0.01612	0.01169	0.01709	0.01089	0.01869	0.17589	0.00431	0.53976	0.00596	0.00323	0.00693
74	0.01401	0.01152	0.01920	0.01809	0.13466	0.01112	0.18298	0.04060	0.05533	0.07632	0.22634	0.02924	0.06563	0.00880	0.00685	0.00198	0.00605	0.00837	0.07492	0.00797
75	0.01443	0.01124	0.01329	0.00955	0.01513	0.00853	0.00767	0.01722	0.01357	0.08088	0.01242	0.01386	0.00992	0.00496	0.00484	0.00103	0.00476	0.00398	0.00410	0.74863
76	0.75336	0.01214	0.00979	0.00860	0.01261	0.01381	0.00708	0.01971	0.01143	0.09006	0.01023	0.01128	0.00763	0.00606	0.00414	0.00196	0.00495	0.00369	0.00426	0.00721
77	0.82186	0.01227	0.00932	0.00834	0.01227	0.01423	0.00687	0.01865	0.01080	0.02846	0.00883	0.01031	0.00687	0.00589	0.00393	0.00196	0.00491	0.00344	0.00393	0.00687
78	0.75200	0.01404	0.07277	0.00918	0.01358	0.01427	0.00830	0.01877	0.01102	0.02774	0.00905	0.01057	0.00697	0.00590	0.00411	0.00197	0.00529	0.00354	0.00382	0.00709
79	0.01890	0.33798	0.04363	0.01301	0.04160	0.09954	0.01110	0.05470	0.11665	0.11559	0.01419	0.01453	0.01104	0.00639	0.00519	0.00161	0.00679	0.00466	0.00426	0.07864
80	0.00979	0.00744	0.00870	0.00803	0.01005	0.00696	0.00612	0.07183	0.01781	0.02391	0.44704	0.04920	0.28238	0.01355	0.00739	0.00204	0.00341	0.01162	0.00656	0.00619
81	0.01538	0.01475	0.02517	0.10135	0.67757	0.01499	0.01931	0.01919	0.01429	0.02034	0.01188	0.01581	0.00991	0.00571	0.00629	0.00190	0.00762	0.00565	0.00311	0.00979

[dist]
# distance from previous block
# <min> <max>
0	266

# created by:
# /home/cegg/simao/soft/augustus-3.2.1/scripts/msa2prfl.pl ./align_prep/EOG090W02M7.fa
