[name]
unknown

[dist]
# distance from previous block
# <min> <max>
4	61

[block]
# block no. 0 follows, 32 sequences, length 36
# corresponding to MSA columns:
# 62-97
name=unknown_A
#
# <colnr> <probs for GDERKNQSTAVLIFYWHMCP>
#	G	D	E	R	K	N	Q	S	T	A	V	L	I	F	Y	W	H	M	C	P
0	0.06983	0.00822	0.00983	0.00940	0.01110	0.00828	0.00686	0.01600	0.04824	0.11480	0.13855	0.18221	0.03193	0.18885	0.01395	0.00329	0.02769	0.03992	0.06441	0.00660
1	0.01209	0.00784	0.00955	0.00951	0.01121	0.00754	0.00688	0.05683	0.04607	0.08723	0.11615	0.37811	0.11992	0.05280	0.00913	0.00261	0.00429	0.01418	0.04137	0.00671
2	0.09229	0.00962	0.01046	0.01078	0.02974	0.03261	0.00759	0.04278	0.09977	0.05753	0.03039	0.35197	0.07494	0.06797	0.00920	0.00267	0.00491	0.01256	0.04525	0.00697
3	0.05200	0.01040	0.01227	0.01056	0.01346	0.01057	0.00821	0.12718	0.04924	0.17247	0.18906	0.08681	0.06140	0.07243	0.00966	0.00249	0.02841	0.00926	0.06595	0.00817
4	0.03964	0.00945	0.01095	0.01034	0.01249	0.00990	0.00783	0.08254	0.11120	0.06805	0.09768	0.20717	0.06930	0.06588	0.02713	0.00279	0.02528	0.04009	0.09495	0.00736
5	0.01552	0.00961	0.01165	0.01055	0.01309	0.00967	0.00811	0.11182	0.06550	0.13894	0.14067	0.15259	0.07004	0.07143	0.06123	0.00317	0.00589	0.04291	0.04984	0.00777
6	0.05029	0.00964	0.01105	0.01013	0.01255	0.00978	0.00757	0.11006	0.07776	0.09577	0.09457	0.23030	0.05134	0.08793	0.00977	0.00264	0.00486	0.01092	0.08509	0.02795
7	0.13729	0.01210	0.01339	0.01126	0.01502	0.01270	0.00903	0.13709	0.11829	0.15464	0.11994	0.02716	0.08036	0.01126	0.03791	0.00245	0.02377	0.00752	0.02616	0.04266
8	0.04722	0.01163	0.01260	0.01111	0.01418	0.03366	0.00852	0.09900	0.18053	0.10607	0.05979	0.09527	0.05401	0.08571	0.05157	0.00302	0.00614	0.00856	0.06305	0.04836
9	0.04060	0.07973	0.11554	0.01309	0.03848	0.01320	0.01140	0.11401	0.04112	0.10324	0.02328	0.07063	0.09794	0.04977	0.04668	0.07221	0.03043	0.00768	0.00496	0.02600
10	0.08488	0.01228	0.01434	0.01306	0.05376	0.01267	0.00969	0.11566	0.17661	0.16261	0.17412	0.02817	0.04339	0.02632	0.00736	0.00217	0.00530	0.00785	0.00660	0.04315
11	0.01756	0.01472	0.03788	0.01322	0.01657	0.10249	0.04957	0.06774	0.08248	0.11726	0.02118	0.08159	0.04383	0.07383	0.01041	0.00244	0.08022	0.00764	0.08239	0.07698
12	0.04595	0.01409	0.01704	0.17809	0.02389	0.06769	0.04761	0.11013	0.12633	0.09161	0.04950	0.07836	0.01735	0.00871	0.00665	0.00208	0.00693	0.00737	0.03664	0.06397
13	0.02209	0.01699	0.01736	0.01419	0.01859	0.06945	0.01134	0.36273	0.21357	0.08581	0.04742	0.02132	0.01669	0.04165	0.00795	0.00227	0.00683	0.00679	0.00654	0.01041
14	0.01379	0.03966	0.01234	0.01045	0.01325	0.01072	0.00812	0.02179	0.24403	0.08745	0.30875	0.07052	0.10779	0.01206	0.00734	0.00218	0.00430	0.01034	0.00694	0.00817
15	0.09573	0.14491	0.01973	0.01351	0.01778	0.16140	0.03275	0.20178	0.04101	0.04356	0.05210	0.02042	0.06850	0.01050	0.04595	0.00238	0.00816	0.00617	0.00493	0.00872
16	0.12610	0.07853	0.01893	0.01459	0.03995	0.08518	0.01157	0.31873	0.13377	0.05337	0.01599	0.01619	0.01192	0.00751	0.00607	0.00195	0.00705	0.00555	0.00562	0.04141
17	0.01027	0.00814	0.01173	0.01138	0.01225	0.00983	0.00879	0.01225	0.01071	0.01549	0.01782	0.06003	0.01761	0.11044	0.53507	0.00888	0.12189	0.00779	0.00367	0.00598
18	0.00863	0.00667	0.00899	0.00948	0.01052	0.00613	0.03756	0.01000	0.01320	0.01713	0.04087	0.50905	0.18296	0.09250	0.01092	0.00298	0.00439	0.01661	0.00589	0.00552
19	0.15654	0.01570	0.01601	0.01332	0.01775	0.01776	0.01073	0.30372	0.29115	0.03413	0.01948	0.01896	0.01441	0.00814	0.00625	0.00211	0.00607	0.00623	0.03129	0.01023
20	0.01797	0.04727	0.08143	0.01728	0.10415	0.01372	0.06689	0.09185	0.10665	0.13508	0.05152	0.07532	0.01749	0.00829	0.00660	0.00195	0.00660	0.00723	0.00536	0.13737
21	0.04994	0.04615	0.05810	0.04042	0.08571	0.06567	0.05068	0.15477	0.09134	0.20416	0.02042	0.05356	0.03212	0.00835	0.00666	0.00208	0.00719	0.00692	0.00579	0.00999
22	0.01838	0.68511	0.05566	0.01219	0.01788	0.08419	0.01202	0.02067	0.01409	0.01601	0.00950	0.01098	0.00861	0.00586	0.00451	0.00148	0.00766	0.00369	0.00292	0.00858
23	0.01261	0.01143	0.01890	0.20629	0.24956	0.01197	0.05218	0.01579	0.01406	0.01907	0.05125	0.18636	0.04371	0.06615	0.00928	0.00258	0.00703	0.00979	0.00421	0.00776
24	0.01955	0.06945	0.04006	0.04287	0.12066	0.11519	0.11581	0.05985	0.08164	0.14952	0.05664	0.02247	0.06018	0.00800	0.00677	0.00203	0.00784	0.00698	0.00510	0.00938
25	0.01330	0.01265	0.02086	0.59043	0.10725	0.01570	0.01833	0.01735	0.01321	0.01748	0.01161	0.01737	0.00909	0.00726	0.00859	0.00230	0.10052	0.00595	0.00301	0.00774
26	0.00978	0.00641	0.00853	0.00950	0.01022	0.00614	0.00655	0.01107	0.01279	0.05534	0.03302	0.54945	0.03813	0.10789	0.06911	0.00378	0.00551	0.04521	0.00588	0.00569
27	0.04075	0.01524	0.02457	0.04589	0.31024	0.05054	0.15687	0.02084	0.04259	0.07320	0.01727	0.11490	0.01550	0.00844	0.00756	0.00219	0.03187	0.00806	0.00424	0.00925
28	0.01732	0.01787	0.05102	0.02701	0.26969	0.07169	0.16484	0.08040	0.09909	0.02349	0.01513	0.03682	0.01232	0.00711	0.00746	0.00208	0.03729	0.00668	0.00413	0.04857
29	0.01031	0.00757	0.00903	0.00856	0.01059	0.00707	0.00645	0.01423	0.07391	0.04915	0.42056	0.08233	0.24619	0.01441	0.00782	0.00219	0.00353	0.01246	0.00699	0.00663
30	0.00896	0.00626	0.00769	0.00832	0.00875	0.00599	0.00531	0.00988	0.01235	0.01655	0.10581	0.36334	0.06443	0.32361	0.01892	0.00418	0.00486	0.01432	0.00547	0.00499
31	0.01788	0.04987	0.23754	0.01578	0.05024	0.05715	0.01504	0.13861	0.06197	0.11022	0.11631	0.06177	0.02051	0.00889	0.00675	0.00208	0.00735	0.00726	0.00529	0.00950
32	0.01702	0.14994	0.12293	0.01905	0.14682	0.03533	0.05156	0.08876	0.04694	0.04108	0.03097	0.01591	0.01173	0.00637	0.00592	0.00171	0.00736	0.00527	0.00405	0.19127
33	0.51021	0.01323	0.01230	0.01038	0.01473	0.01457	0.00850	0.10488	0.04957	0.15017	0.04409	0.01592	0.01239	0.00726	0.00520	0.00208	0.00546	0.00501	0.00544	0.00860
34	0.00914	0.00620	0.00769	0.00832	0.00865	0.00597	0.00527	0.00967	0.01169	0.01560	0.06680	0.34936	0.05662	0.33134	0.02040	0.05857	0.00506	0.01375	0.00516	0.00475
35	0.03514	0.10885	0.02476	0.02071	0.14467	0.06648	0.16669	0.07791	0.05732	0.05997	0.07720	0.02224	0.05938	0.00772	0.00668	0.00197	0.00771	0.00703	0.00461	0.04293

[dist]
# distance from previous block
# <min> <max>
0	3

[block]
# block no. 1 follows, 32 sequences, length 20
# corresponding to MSA columns:
# 101-120
name=unknown_B
#
# <colnr> <probs for GDERKNQSTAVLIFYWHMCP>
#	G	D	E	R	K	N	Q	S	T	A	V	L	I	F	Y	W	H	M	C	P
0	0.04081	0.01580	0.07336	0.01614	0.06945	0.01520	0.03565	0.31721	0.02157	0.05330	0.02059	0.20604	0.01944	0.01103	0.00764	0.00223	0.03350	0.00925	0.00571	0.02608
1	0.14003	0.09800	0.02304	0.02041	0.14320	0.20524	0.09551	0.09934	0.07181	0.02380	0.01286	0.01475	0.01020	0.00667	0.00605	0.00194	0.00867	0.00531	0.00410	0.00907
2	0.01771	0.73088	0.07051	0.01187	0.01782	0.02599	0.01216	0.02015	0.01366	0.01606	0.00947	0.01094	0.00861	0.00577	0.00441	0.00147	0.00732	0.00366	0.00287	0.00868
3	0.00884	0.00648	0.00805	0.00859	0.00960	0.00593	0.00586	0.01033	0.01383	0.01857	0.15813	0.41258	0.12770	0.12709	0.01196	0.00304	0.00413	0.01526	0.00603	0.03798
4	0.01968	0.01527	0.02269	0.01713	0.02228	0.05057	0.22027	0.13626	0.04771	0.16595	0.09688	0.02321	0.03861	0.00795	0.00706	0.00202	0.00759	0.00745	0.00565	0.08576
5	0.04926	0.01608	0.04270	0.01487	0.04287	0.01639	0.01197	0.32841	0.14780	0.20160	0.02082	0.04379	0.01512	0.00854	0.00671	0.00210	0.00653	0.00680	0.00676	0.01086
6	0.01194	0.00907	0.01099	0.01021	0.01227	0.00926	0.00776	0.05770	0.08835	0.04636	0.26050	0.19605	0.13844	0.01427	0.00874	0.00229	0.05832	0.01212	0.00644	0.03890
7	0.01069	0.00867	0.01234	0.01172	0.01248	0.01068	0.00908	0.01253	0.01052	0.01532	0.01650	0.02648	0.01621	0.14749	0.48257	0.00849	0.17141	0.00729	0.00352	0.00599
8	0.01029	0.00814	0.01218	0.01149	0.01261	0.00946	0.03494	0.01235	0.01077	0.01544	0.01753	0.02788	0.01707	0.16087	0.53391	0.00909	0.07894	0.00752	0.00361	0.00591
9	0.16487	0.01387	0.01592	0.01243	0.01749	0.01400	0.01026	0.22733	0.02149	0.40356	0.02043	0.01877	0.01345	0.00787	0.00629	0.00206	0.00611	0.00600	0.00711	0.01069
10	0.03583	0.01026	0.01190	0.01042	0.01332	0.01036	0.00811	0.13889	0.08769	0.09871	0.30722	0.09113	0.12396	0.01245	0.00743	0.00217	0.00452	0.01059	0.00699	0.00805
11	0.01396	0.01048	0.01469	0.01759	0.17764	0.01058	0.01074	0.07275	0.03612	0.07818	0.06546	0.26548	0.09186	0.03735	0.03855	0.00280	0.03072	0.01158	0.00556	0.00789
12	0.49156	0.01791	0.01293	0.01148	0.01535	0.20319	0.00908	0.07012	0.01540	0.02718	0.06158	0.01443	0.01199	0.00708	0.00510	0.00198	0.00700	0.00460	0.00439	0.00763
13	0.04686	0.00828	0.01024	0.01046	0.03639	0.00864	0.00725	0.06534	0.01376	0.01924	0.07616	0.11650	0.11747	0.20537	0.22232	0.00572	0.00890	0.01010	0.00488	0.00610
14	0.05305	0.02009	0.13704	0.04899	0.28379	0.07642	0.11088	0.04580	0.03868	0.04701	0.01313	0.01617	0.01030	0.00679	0.00774	0.00212	0.06277	0.00591	0.00368	0.00963
15	0.01211	0.01052	0.03140	0.01054	0.01244	0.06714	0.00790	0.03631	0.03311	0.04735	0.08126	0.37105	0.09166	0.07308	0.01016	0.00267	0.02744	0.01329	0.00570	0.05486
16	0.01156	0.00868	0.01095	0.01063	0.01251	0.00857	0.03199	0.04591	0.11461	0.04530	0.05331	0.40599	0.09687	0.07050	0.00980	0.00274	0.00475	0.01414	0.00610	0.03508
17	0.17445	0.09974	0.02045	0.01977	0.18410	0.19545	0.01303	0.04631	0.01588	0.07869	0.01211	0.01400	0.00966	0.00667	0.00630	0.00187	0.03828	0.00480	0.00401	0.05441
18	0.04456	0.06955	0.35353	0.01588	0.02276	0.01419	0.06306	0.03896	0.03187	0.12893	0.01660	0.05926	0.01337	0.06244	0.00844	0.00240	0.00811	0.00649	0.00427	0.03534
19	0.01684	0.11856	0.08886	0.01448	0.06245	0.01387	0.03892	0.04470	0.09811	0.11093	0.07580	0.04554	0.01750	0.00761	0.00611	0.00176	0.00623	0.00636	0.00498	0.22039

[dist]
# distance from previous block
# <min> <max>
0	18

[block]
# block no. 2 follows, 32 sequences, length 11
# corresponding to MSA columns:
# 140-150
name=unknown_C
#
# <colnr> <probs for GDERKNQSTAVLIFYWHMCP>
#	G	D	E	R	K	N	Q	S	T	A	V	L	I	F	Y	W	H	M	C	P
0	0.05250	0.27389	0.21718	0.01710	0.09563	0.05947	0.01571	0.04214	0.03417	0.08881	0.01291	0.01421	0.00996	0.00641	0.00561	0.00181	0.00794	0.00476	0.00378	0.03601
1	0.01302	0.00998	0.01179	0.01151	0.03273	0.04755	0.03284	0.05593	0.05610	0.07382	0.10949	0.28678	0.13718	0.07752	0.00997	0.00270	0.00521	0.01286	0.00606	0.00697
2	0.01359	0.00730	0.00741	0.00702	0.00890	0.00747	0.00536	0.07279	0.01553	0.02646	0.02141	0.02427	0.01671	0.00784	0.00486	0.00160	0.00348	0.00624	0.73507	0.00668
3	0.02028	0.01873	0.11544	0.02758	0.32873	0.06553	0.07648	0.05104	0.01702	0.18931	0.01589	0.01756	0.01162	0.00670	0.00670	0.00204	0.00824	0.00608	0.00459	0.01042
4	0.01276	0.01273	0.06020	0.13729	0.16826	0.01281	0.05421	0.01556	0.01238	0.01729	0.01559	0.04717	0.01524	0.21159	0.08759	0.00424	0.09677	0.00753	0.00351	0.00725
5	0.00930	0.00642	0.00804	0.00875	0.00984	0.00584	0.00607	0.01082	0.01420	0.04897	0.12304	0.47249	0.17909	0.05260	0.00945	0.00270	0.00391	0.01631	0.00636	0.00579
6	0.05999	0.05542	0.01352	0.01322	0.09576	0.03508	0.00880	0.03379	0.01482	0.04366	0.09644	0.14087	0.18270	0.08988	0.01038	0.00258	0.03494	0.01029	0.00518	0.05267
7	0.04023	0.05678	0.12035	0.02505	0.27780	0.01642	0.05520	0.09961	0.11227	0.10569	0.01632	0.01771	0.01224	0.00693	0.00654	0.00205	0.00762	0.00608	0.00469	0.01042
8	0.01740	0.01483	0.03480	0.01281	0.01588	0.10824	0.01013	0.22509	0.03888	0.05777	0.07063	0.19544	0.02393	0.04226	0.09691	0.00338	0.00809	0.00961	0.00571	0.00820
9	0.01436	0.01050	0.01322	0.01303	0.05494	0.04621	0.00936	0.01635	0.01386	0.11816	0.09208	0.09116	0.07641	0.10587	0.14652	0.00436	0.13210	0.00898	0.02543	0.00709
10	0.25718	0.06169	0.06306	0.01742	0.11502	0.06889	0.06424	0.08310	0.06217	0.07903	0.01398	0.01575	0.01073	0.00931	0.04915	0.00254	0.00796	0.00534	0.00446	0.00898

[dist]
# distance from previous block
# <min> <max>
1	4

[block]
# block no. 3 follows, 32 sequences, length 21
# corresponding to MSA columns:
# 155-175
name=unknown_D
#
# <colnr> <probs for GDERKNQSTAVLIFYWHMCP>
#	G	D	E	R	K	N	Q	S	T	A	V	L	I	F	Y	W	H	M	C	P
0	0.04351	0.01670	0.06079	0.01540	0.09151	0.16599	0.01127	0.03959	0.06388	0.05692	0.10729	0.08994	0.07034	0.00988	0.00668	0.00198	0.00682	0.02383	0.03018	0.08749
1	0.02030	0.08816	0.03780	0.01379	0.01801	0.14613	0.01127	0.10746	0.28068	0.10949	0.04361	0.03905	0.01731	0.00852	0.00644	0.00203	0.00696	0.00667	0.02661	0.00970
2	0.01448	0.00938	0.01142	0.00971	0.01277	0.00852	0.00738	0.03449	0.05214	0.13143	0.16728	0.03490	0.07116	0.15374	0.05083	0.00319	0.00571	0.03009	0.00578	0.18559
3	0.01412	0.14250	0.62740	0.01800	0.02730	0.01719	0.02284	0.02108	0.01409	0.02045	0.01164	0.01367	0.00852	0.00628	0.00607	0.00202	0.00951	0.00476	0.00284	0.00972
4	0.01676	0.05412	0.08846	0.03663	0.19284	0.05224	0.08309	0.07303	0.11046	0.06321	0.09186	0.04797	0.04278	0.00844	0.00688	0.00209	0.00736	0.00751	0.00489	0.00940
5	0.03936	0.12851	0.01742	0.01230	0.01572	0.09998	0.03309	0.02096	0.06576	0.15585	0.04393	0.08941	0.12418	0.01346	0.06037	0.00273	0.05524	0.00829	0.00530	0.00813
6	0.01000	0.00735	0.00977	0.00958	0.01014	0.00828	0.00675	0.01120	0.01027	0.01440	0.01888	0.03391	0.01987	0.38552	0.35874	0.00825	0.05984	0.00832	0.00377	0.00517
7	0.01165	0.01029	0.01362	0.01361	0.04869	0.06267	0.03127	0.01396	0.01166	0.01602	0.01653	0.02483	0.01556	0.08664	0.52570	0.00855	0.07179	0.00701	0.00355	0.00643
8	0.08986	0.00863	0.01041	0.00981	0.01226	0.00829	0.00741	0.04544	0.01558	0.18264	0.07788	0.29720	0.13052	0.01693	0.05277	0.00288	0.00534	0.01235	0.00644	0.00736
9	0.04963	0.00935	0.01105	0.00999	0.01295	0.00899	0.00769	0.02069	0.12671	0.20938	0.13282	0.15891	0.18828	0.01320	0.00738	0.00226	0.00444	0.01124	0.00695	0.00810
10	0.21228	0.01580	0.01532	0.01287	0.01710	0.06955	0.01033	0.24284	0.14361	0.09537	0.01774	0.03947	0.01361	0.01078	0.05202	0.00263	0.00724	0.00613	0.00581	0.00949
11	0.01960	0.01163	0.01366	0.01167	0.01548	0.01181	0.00922	0.06373	0.26111	0.26368	0.09399	0.06556	0.10784	0.01071	0.00711	0.00220	0.00507	0.00896	0.00727	0.00971
12	0.01538	0.00925	0.01201	0.04829	0.01363	0.02794	0.00824	0.08843	0.03249	0.08051	0.01404	0.01999	0.01221	0.01924	0.04450	0.51226	0.02622	0.00600	0.00397	0.00540
13	0.01828	0.01701	0.02392	0.10048	0.38219	0.08488	0.05477	0.07254	0.10087	0.05645	0.01508	0.01766	0.01178	0.00676	0.00670	0.00205	0.00817	0.00616	0.00421	0.01005
14	0.02034	0.01508	0.01433	0.01255	0.01603	0.15309	0.00970	0.08665	0.12244	0.21362	0.07080	0.13692	0.07725	0.01107	0.00706	0.00215	0.00644	0.00912	0.00645	0.00891
15	0.06013	0.00784	0.00886	0.00925	0.01085	0.00775	0.00662	0.04635	0.06625	0.02038	0.05731	0.42026	0.19925	0.03612	0.00854	0.00259	0.00418	0.01503	0.00614	0.00628
16	0.39885	0.03842	0.03443	0.05131	0.07588	0.01441	0.01031	0.07947	0.01480	0.09762	0.01428	0.06730	0.01184	0.00757	0.00541	0.00203	0.00595	0.00564	0.00472	0.05974
17	0.03095	0.03098	0.01267	0.01238	0.07349	0.10021	0.02744	0.06054	0.03863	0.02391	0.03517	0.02308	0.01625	0.05510	0.00722	0.00202	0.00558	0.00631	0.43076	0.00731
18	0.01575	0.01355	0.07182	0.01488	0.06737	0.01241	0.09255	0.14382	0.05513	0.02674	0.01817	0.02088	0.01410	0.01002	0.05187	0.00241	0.00687	0.00636	0.32519	0.03010
19	0.20064	0.06747	0.17852	0.01731	0.02370	0.05003	0.19400	0.04072	0.03282	0.05571	0.01273	0.01485	0.00954	0.00623	0.00605	0.00200	0.00836	0.00542	0.00387	0.07004
20	0.07243	0.04031	0.05397	0.05898	0.22912	0.01493	0.09782	0.09130	0.04028	0.05624	0.01731	0.01940	0.05637	0.00700	0.00641	0.00193	0.00733	0.00628	0.00431	0.11828

[dist]
# distance from previous block
# <min> <max>
13	36

[block]
# block no. 4 follows, 32 sequences, length 17
# corresponding to MSA columns:
# 213-229
name=unknown_E
#
# <colnr> <probs for GDERKNQSTAVLIFYWHMCP>
#	G	D	E	R	K	N	Q	S	T	A	V	L	I	F	Y	W	H	M	C	P
0	0.05095	0.06841	0.02472	0.02852	0.37930	0.04132	0.04429	0.19819	0.01942	0.02688	0.01416	0.01839	0.01172	0.00709	0.00655	0.00201	0.00784	0.03567	0.00435	0.01020
1	0.01581	0.30418	0.33599	0.01494	0.02242	0.05777	0.01692	0.02053	0.01420	0.01904	0.01093	0.01276	0.00874	0.00598	0.00540	0.00169	0.00835	0.00428	0.00304	0.11705
2	0.04873	0.07804	0.01688	0.01588	0.12199	0.01399	0.01073	0.06737	0.20846	0.09971	0.06417	0.09342	0.05255	0.06783	0.00883	0.00247	0.00580	0.00842	0.00573	0.00900
3	0.10446	0.01611	0.01735	0.01375	0.01866	0.01746	0.01123	0.42056	0.10837	0.13376	0.01867	0.03767	0.01366	0.00830	0.00647	0.00205	0.00652	0.00638	0.00660	0.03197
4	0.02139	0.01734	0.01821	0.01566	0.04432	0.04765	0.01213	0.36374	0.32164	0.03442	0.02056	0.01980	0.01516	0.00838	0.00673	0.00211	0.00670	0.00663	0.00651	0.01090
5	0.05613	0.01033	0.01167	0.01058	0.01373	0.01031	0.00834	0.06839	0.14880	0.11378	0.06407	0.10598	0.19082	0.02799	0.00784	0.00235	0.00493	0.08182	0.00640	0.05573
6	0.01667	0.01422	0.02386	0.01919	0.06479	0.01334	0.25561	0.10845	0.01771	0.08031	0.06234	0.08457	0.01826	0.00841	0.00716	0.00203	0.00763	0.03494	0.00493	0.15560
7	0.01641	0.25607	0.43841	0.01620	0.02433	0.01894	0.01924	0.06212	0.01531	0.05742	0.01221	0.01370	0.00913	0.00638	0.00578	0.00191	0.00871	0.00470	0.00336	0.00969
8	0.00837	0.00639	0.00772	0.00848	0.00973	0.00574	0.00606	0.01005	0.01455	0.01875	0.12623	0.39791	0.28610	0.01863	0.00830	0.00251	0.00375	0.04870	0.00636	0.00566
9	0.01009	0.00778	0.01154	0.12189	0.01629	0.00902	0.00912	0.01234	0.01099	0.01533	0.01766	0.02841	0.01703	0.17923	0.49327	0.00868	0.01443	0.00749	0.00359	0.00585
10	0.01133	0.00930	0.01386	0.01264	0.01402	0.01102	0.04491	0.04067	0.01173	0.01685	0.01654	0.02512	0.01561	0.09579	0.50809	0.00848	0.12681	0.00718	0.00365	0.00642
11	0.02643	0.01361	0.01697	0.13604	0.02258	0.06414	0.01180	0.08621	0.01927	0.49866	0.02199	0.02066	0.01431	0.00792	0.00669	0.00207	0.00686	0.00638	0.00693	0.01049
12	0.01085	0.00705	0.00913	0.00879	0.01040	0.00653	0.00646	0.01329	0.01672	0.08007	0.42069	0.16588	0.10155	0.06415	0.04526	0.00292	0.00445	0.01262	0.00678	0.00639
13	0.04780	0.01925	0.12447	0.01487	0.01896	0.14132	0.04057	0.10957	0.08395	0.06367	0.04856	0.05865	0.01656	0.06088	0.06519	0.00309	0.06240	0.00701	0.00475	0.00850
14	0.18208	0.01347	0.01457	0.01205	0.01647	0.01430	0.00974	0.15070	0.19020	0.23645	0.04826	0.02234	0.04338	0.00857	0.00633	0.00212	0.00563	0.00668	0.00670	0.00998
15	0.01154	0.00873	0.01301	0.01234	0.01351	0.00932	0.06107	0.01320	0.01292	0.06834	0.02849	0.47412	0.03215	0.04677	0.03460	0.00308	0.13055	0.01438	0.00544	0.00644
16	0.01772	0.01629	0.02274	0.02861	0.38653	0.06780	0.04106	0.09369	0.09864	0.04133	0.08218	0.02056	0.01682	0.00757	0.00722	0.00206	0.02790	0.00673	0.00459	0.00996

[dist]
# distance from previous block
# <min> <max>
8	12

[block]
# block no. 5 follows, 32 sequences, length 8
# corresponding to MSA columns:
# 243-250
name=unknown_F
#
# <colnr> <probs for GDERKNQSTAVLIFYWHMCP>
#	G	D	E	R	K	N	Q	S	T	A	V	L	I	F	Y	W	H	M	C	P
0	0.07546	0.01152	0.01651	0.11199	0.10481	0.01148	0.06454	0.06458	0.01647	0.05354	0.16255	0.09240	0.07206	0.00985	0.00688	0.00205	0.00600	0.00871	0.00516	0.10344
1	0.02084	0.11347	0.15495	0.01540	0.05438	0.03692	0.01387	0.10855	0.12926	0.20727	0.01836	0.01801	0.01309	0.00734	0.00624	0.00194	0.00708	0.00577	0.00548	0.06178
2	0.01688	0.07868	0.02696	0.07173	0.52619	0.05020	0.04746	0.02159	0.05629	0.02126	0.01312	0.01654	0.01085	0.00621	0.00649	0.00198	0.00813	0.00588	0.00348	0.01010
3	0.01031	0.00682	0.00853	0.00870	0.01027	0.00612	0.00629	0.01229	0.01570	0.07883	0.23728	0.33253	0.20732	0.01694	0.00808	0.00239	0.00372	0.01492	0.00673	0.00624
4	0.09239	0.00907	0.01153	0.01139	0.05798	0.00858	0.00811	0.01805	0.01678	0.19541	0.26804	0.09718	0.12554	0.01356	0.03431	0.00248	0.00493	0.01025	0.00665	0.00777
5	0.01649	0.01626	0.02906	0.03928	0.62063	0.01609	0.12083	0.02073	0.01536	0.02186	0.01276	0.01683	0.01056	0.00593	0.00683	0.00203	0.00847	0.00627	0.00333	0.01039
6	0.01825	0.01667	0.01739	0.07386	0.07920	0.17369	0.04550	0.06457	0.15716	0.09052	0.02327	0.13625	0.05430	0.01012	0.00700	0.00216	0.00747	0.00857	0.00533	0.00873
7	0.00845	0.00627	0.00791	0.00890	0.00988	0.00574	0.00629	0.01008	0.01426	0.01871	0.12706	0.49009	0.18350	0.01916	0.00840	0.00258	0.00384	0.05687	0.00637	0.00565

[dist]
# distance from previous block
# <min> <max>
0	2

[block]
# block no. 6 follows, 32 sequences, length 22
# corresponding to MSA columns:
# 253-274
name=unknown_G
#
# <colnr> <probs for GDERKNQSTAVLIFYWHMCP>
#	G	D	E	R	K	N	Q	S	T	A	V	L	I	F	Y	W	H	M	C	P
0	0.01599	0.00961	0.01302	0.04046	0.08029	0.00925	0.00951	0.05145	0.04467	0.19810	0.08781	0.26907	0.09065	0.01376	0.00762	0.00235	0.00512	0.03667	0.00650	0.00812
1	0.00824	0.00586	0.00777	0.00927	0.00964	0.00549	0.00615	0.00936	0.01273	0.01697	0.03637	0.73233	0.04361	0.04954	0.00955	0.00287	0.00399	0.01872	0.00615	0.00540
2	0.01565	0.01483	0.02516	0.14962	0.57520	0.01530	0.01971	0.01966	0.01500	0.02107	0.01386	0.02029	0.01202	0.00683	0.00681	0.00210	0.00802	0.04556	0.00344	0.00987
3	0.01646	0.01837	0.11795	0.06225	0.57675	0.01608	0.02072	0.05102	0.01580	0.02258	0.01268	0.01631	0.01033	0.00615	0.00661	0.00202	0.00823	0.00585	0.00340	0.01046
4	0.01800	0.69110	0.07537	0.01220	0.01808	0.05859	0.01233	0.02047	0.01391	0.01614	0.00954	0.01103	0.00861	0.00583	0.00451	0.00149	0.00756	0.00370	0.00290	0.00865
5	0.05630	0.73172	0.03394	0.01135	0.01702	0.02599	0.01128	0.02007	0.01353	0.01648	0.00933	0.01077	0.00855	0.00576	0.00430	0.00147	0.00708	0.00359	0.00293	0.00855
6	0.09873	0.01905	0.01836	0.01476	0.01960	0.09645	0.01196	0.47220	0.12146	0.03641	0.01639	0.01641	0.01197	0.00790	0.00641	0.00203	0.00740	0.00584	0.00614	0.01052
7	0.00958	0.00704	0.00900	0.00951	0.01073	0.00660	0.00672	0.01106	0.01344	0.03877	0.05162	0.54238	0.12360	0.01828	0.00875	0.00251	0.03836	0.01613	0.00598	0.06995
8	0.01706	0.01354	0.01865	0.01523	0.01881	0.04812	0.14500	0.15222	0.09696	0.08118	0.06579	0.16887	0.02238	0.01217	0.00937	0.08432	0.00689	0.00953	0.00560	0.00830
9	0.09277	0.02600	0.01860	0.01595	0.02010	0.43902	0.01241	0.24811	0.02249	0.02612	0.01217	0.01332	0.00944	0.00723	0.00611	0.00185	0.00995	0.00483	0.00459	0.00893
10	0.00847	0.00617	0.00813	0.00927	0.00996	0.00590	0.00642	0.00990	0.01303	0.01736	0.06207	0.56090	0.09592	0.04544	0.08667	0.00364	0.00546	0.03382	0.00593	0.00554
11	0.77906	0.01291	0.01010	0.00895	0.01315	0.01484	0.00737	0.02026	0.01174	0.05911	0.01006	0.01140	0.00766	0.00631	0.00426	0.00208	0.00521	0.00376	0.00433	0.00744
12	0.01084	0.00881	0.01269	0.01203	0.01294	0.01097	0.00952	0.01298	0.01076	0.01597	0.01617	0.02425	0.01525	0.06242	0.52835	0.00855	0.18118	0.00694	0.03313	0.00624
13	0.12177	0.01117	0.01311	0.01099	0.01486	0.01105	0.00878	0.06730	0.10809	0.31202	0.15079	0.06200	0.05926	0.01011	0.00678	0.00214	0.00504	0.00831	0.00712	0.00932
14	0.00941	0.00636	0.00742	0.00776	0.00784	0.00628	0.00454	0.00967	0.01043	0.01391	0.02459	0.19991	0.02875	0.60225	0.02858	0.00568	0.00594	0.01179	0.00454	0.00437
15	0.01784	0.01681	0.01916	0.01653	0.01776	0.14033	0.01349	0.01953	0.01277	0.09442	0.01156	0.01583	0.01011	0.01283	0.05998	0.00310	0.50072	0.00578	0.00365	0.00778
16	0.01132	0.00730	0.00869	0.00827	0.01048	0.00638	0.00622	0.01348	0.01653	0.11369	0.24252	0.14595	0.35322	0.01545	0.00785	0.00226	0.00370	0.01326	0.00683	0.00658
17	0.02871	0.01161	0.01532	0.01183	0.01681	0.01040	0.00975	0.07802	0.01975	0.63635	0.02547	0.02250	0.01628	0.00826	0.00662	0.00204	0.00567	0.00667	0.05684	0.01110
18	0.04649	0.01550	0.06026	0.01322	0.01857	0.01435	0.01141	0.28143	0.03998	0.30110	0.02288	0.02151	0.05690	0.00838	0.00660	0.00201	0.00639	0.00659	0.00682	0.05962
19	0.01467	0.12743	0.22589	0.01636	0.02147	0.06896	0.09974	0.01859	0.01416	0.03682	0.01910	0.13256	0.05992	0.00991	0.00870	0.00222	0.10343	0.00801	0.00385	0.00821
20	0.00839	0.00605	0.00788	0.00926	0.00983	0.00565	0.00633	0.00966	0.01303	0.01719	0.03829	0.63691	0.08953	0.05499	0.00975	0.00289	0.00412	0.05867	0.00613	0.00545
21	0.69283	0.04841	0.01242	0.01079	0.04545	0.01596	0.00838	0.05990	0.01288	0.02979	0.00989	0.01146	0.00772	0.00630	0.00442	0.00204	0.00554	0.00388	0.00421	0.00772

[dist]
# distance from previous block
# <min> <max>
0	4

[block]
# block no. 7 follows, 32 sequences, length 18
# corresponding to MSA columns:
# 279-296
name=unknown_H
#
# <colnr> <probs for GDERKNQSTAVLIFYWHMCP>
#	G	D	E	R	K	N	Q	S	T	A	V	L	I	F	Y	W	H	M	C	P
0	0.49180	0.01273	0.01244	0.01028	0.01487	0.01351	0.00848	0.06048	0.01526	0.27868	0.01580	0.01542	0.01081	0.00706	0.00521	0.00207	0.00549	0.00487	0.00577	0.00896
1	0.05879	0.01558	0.05511	0.01596	0.08482	0.03653	0.01223	0.16622	0.12140	0.30569	0.04375	0.02077	0.01598	0.00809	0.00662	0.00208	0.00652	0.00652	0.00664	0.01068
2	0.01122	0.00730	0.00849	0.00815	0.00854	0.00745	0.00499	0.06034	0.01119	0.01494	0.01923	0.03804	0.02137	0.58808	0.03084	0.13603	0.00646	0.00885	0.00407	0.00442
3	0.04571	0.01046	0.01289	0.01089	0.01471	0.00992	0.00875	0.02570	0.13061	0.35566	0.13469	0.03512	0.12472	0.01086	0.00713	0.00219	0.00494	0.03829	0.00741	0.00936
4	0.01739	0.00991	0.01332	0.01133	0.01396	0.00981	0.04394	0.05144	0.05178	0.23606	0.02489	0.08846	0.04824	0.24281	0.07793	0.00427	0.03195	0.00901	0.00578	0.00772
5	0.01972	0.41004	0.13234	0.01415	0.02012	0.06772	0.04551	0.04084	0.01544	0.13330	0.01295	0.01393	0.01005	0.00658	0.00592	0.00176	0.03177	0.00469	0.00392	0.00926
6	0.01323	0.01255	0.02000	0.49902	0.07243	0.01594	0.01709	0.01673	0.01258	0.01696	0.01163	0.01826	0.00972	0.04331	0.01172	0.00259	0.18965	0.00612	0.00304	0.00743
7	0.01188	0.00756	0.00869	0.00799	0.01058	0.00649	0.00614	0.01404	0.01673	0.13533	0.20217	0.05466	0.46312	0.01487	0.00773	0.00220	0.00372	0.01252	0.00682	0.00674
8	0.01346	0.03471	0.72942	0.01912	0.02904	0.01558	0.02479	0.02125	0.01417	0.02125	0.01204	0.01417	0.00850	0.00637	0.00637	0.00212	0.00992	0.00496	0.00283	0.00992
9	0.14637	0.53550	0.13504	0.01219	0.01830	0.02304	0.01279	0.02021	0.01335	0.01893	0.00974	0.01130	0.00838	0.00591	0.00459	0.00164	0.00726	0.00380	0.00307	0.00859
10	0.02153	0.00942	0.01263	0.01061	0.01418	0.00827	0.00837	0.02397	0.01796	0.44350	0.16516	0.14989	0.06134	0.01181	0.00732	0.00220	0.00482	0.01013	0.00770	0.00920
11	0.00872	0.00673	0.00790	0.00817	0.00978	0.00603	0.00607	0.01074	0.01555	0.02007	0.21897	0.17407	0.34730	0.05515	0.00949	0.00260	0.00384	0.07666	0.00640	0.00576
12	0.01154	0.00721	0.00939	0.00888	0.01073	0.00655	0.00664	0.01422	0.01778	0.10496	0.48699	0.16336	0.09681	0.01449	0.00789	0.00222	0.00359	0.01278	0.00723	0.00673
13	0.01816	0.01701	0.03569	0.02562	0.03215	0.01581	0.58603	0.02332	0.01638	0.13625	0.01567	0.01887	0.01123	0.00609	0.00773	0.00223	0.01040	0.00773	0.00419	0.00944
14	0.03010	0.01142	0.01557	0.01194	0.01713	0.00986	0.00986	0.03270	0.01920	0.72698	0.02647	0.02284	0.01661	0.00830	0.00675	0.00208	0.00571	0.00675	0.00830	0.01142
15	0.01794	0.76823	0.03516	0.01148	0.01722	0.02655	0.01148	0.02009	0.01363	0.01579	0.00933	0.01076	0.00861	0.00574	0.00431	0.00144	0.00718	0.00359	0.00287	0.00861
16	0.01346	0.03471	0.72942	0.01912	0.02904	0.01558	0.02479	0.02125	0.01417	0.02125	0.01204	0.01417	0.00850	0.00637	0.00637	0.00212	0.00992	0.00496	0.00283	0.00992
17	0.01086	0.00839	0.01009	0.00940	0.01147	0.00840	0.00712	0.01715	0.15955	0.02656	0.53502	0.04596	0.09786	0.01299	0.00769	0.00215	0.00362	0.01134	0.00720	0.00716

[dist]
# distance from previous block
# <min> <max>
0	14

[block]
# block no. 8 follows, 32 sequences, length 13
# corresponding to MSA columns:
# 316-328
name=unknown_I
#
# <colnr> <probs for GDERKNQSTAVLIFYWHMCP>
#	G	D	E	R	K	N	Q	S	T	A	V	L	I	F	Y	W	H	M	C	P
0	0.08225	0.01579	0.01781	0.01374	0.01897	0.01656	0.01135	0.41765	0.02580	0.28217	0.01928	0.01811	0.01295	0.00801	0.00655	0.00204	0.00664	0.00612	0.00709	0.01112
1	0.00922	0.00656	0.00834	0.00940	0.00999	0.00633	0.00629	0.04339	0.01340	0.01788	0.03408	0.63836	0.04039	0.10846	0.01151	0.00314	0.00437	0.01733	0.00600	0.00558
2	0.00843	0.00635	0.00781	0.00844	0.00963	0.00572	0.00595	0.01023	0.01501	0.01979	0.21251	0.39997	0.22943	0.01815	0.00824	0.00245	0.00358	0.01606	0.00651	0.00572
3	0.00905	0.00695	0.00831	0.00825	0.00994	0.00636	0.00608	0.01200	0.04212	0.02258	0.37646	0.16678	0.26901	0.01576	0.00798	0.00226	0.00343	0.01372	0.00681	0.00613
4	0.07674	0.02300	0.01715	0.03974	0.01991	0.36484	0.01193	0.07288	0.26003	0.02315	0.01663	0.01698	0.01286	0.00770	0.00625	0.00198	0.00884	0.00558	0.00488	0.00896
5	0.70659	0.01335	0.01078	0.00954	0.01371	0.01544	0.00780	0.05000	0.07527	0.03044	0.01125	0.01240	0.00863	0.00657	0.00450	0.00209	0.00529	0.00409	0.00450	0.00774
6	0.04253	0.00871	0.01081	0.00951	0.01264	0.00769	0.00740	0.01951	0.01673	0.30483	0.11135	0.15712	0.23697	0.01347	0.00744	0.00224	0.00444	0.01143	0.00712	0.00807
7	0.01077	0.00761	0.00946	0.00945	0.01027	0.00810	0.00647	0.01333	0.07407	0.03733	0.02424	0.19002	0.02610	0.35139	0.16357	0.00592	0.03065	0.01084	0.00478	0.00565
8	0.07696	0.01553	0.02339	0.27430	0.36812	0.06459	0.04267	0.01982	0.01463	0.02055	0.01202	0.01635	0.00965	0.00630	0.00648	0.00207	0.00849	0.00575	0.00328	0.00905
9	0.01073	0.00745	0.00928	0.00954	0.01079	0.00722	0.00673	0.07296	0.01576	0.04125	0.16762	0.45161	0.06825	0.07561	0.01018	0.00280	0.00430	0.01529	0.00639	0.00623
10	0.02163	0.01433	0.01625	0.01293	0.01750	0.01498	0.01050	0.32786	0.09499	0.14960	0.01915	0.01952	0.01399	0.01165	0.07227	0.00269	0.00725	0.00621	0.06682	0.09988
11	0.11002	0.06202	0.04575	0.01911	0.15617	0.08574	0.01335	0.16317	0.16092	0.09310	0.01683	0.01731	0.01260	0.00737	0.00622	0.00202	0.00720	0.00579	0.00525	0.01006
12	0.02014	0.01378	0.01524	0.01284	0.01669	0.03976	0.01035	0.24731	0.13238	0.15208	0.08921	0.03072	0.05743	0.03316	0.03549	0.00263	0.00660	0.06798	0.00669	0.00951

[dist]
# distance from previous block
# <min> <max>
1	6

[block]
# block no. 9 follows, 32 sequences, length 39
# corresponding to MSA columns:
# 335-373
name=unknown_J
#
# <colnr> <probs for GDERKNQSTAVLIFYWHMCP>
#	G	D	E	R	K	N	Q	S	T	A	V	L	I	F	Y	W	H	M	C	P
0	0.01496	0.01171	0.01386	0.01007	0.01582	0.00891	0.00804	0.01786	0.01428	0.07439	0.01373	0.03603	0.01143	0.00568	0.00521	0.00112	0.00499	0.00462	0.00436	0.72292
1	0.00853	0.00623	0.00772	0.00852	0.00933	0.00575	0.00575	0.00990	0.01366	0.01805	0.13215	0.44857	0.15693	0.12232	0.01192	0.00309	0.00407	0.01603	0.00609	0.00541
2	0.01995	0.07093	0.01898	0.01640	0.07481	0.09962	0.01213	0.16168	0.36797	0.05487	0.02072	0.02005	0.01559	0.00813	0.00652	0.00207	0.00685	0.00647	0.00592	0.01034
3	0.04014	0.01548	0.07681	0.01521	0.04022	0.03899	0.08543	0.14640	0.01901	0.23007	0.06954	0.02242	0.01709	0.05393	0.05033	0.00277	0.00777	0.00684	0.00578	0.05578
4	0.01669	0.16843	0.19563	0.01753	0.02367	0.03797	0.18291	0.02149	0.02991	0.09796	0.07575	0.02034	0.03836	0.00754	0.00717	0.00204	0.03680	0.00660	0.00419	0.00902
5	0.01584	0.01810	0.03959	0.02828	0.03507	0.01697	0.69796	0.02149	0.01584	0.02149	0.01357	0.01810	0.01018	0.00566	0.00792	0.00226	0.01131	0.00792	0.00339	0.00905
6	0.02236	0.01083	0.01380	0.04582	0.01675	0.01015	0.00934	0.02725	0.11783	0.43207	0.05464	0.03196	0.15685	0.01022	0.00703	0.00215	0.00527	0.00845	0.00740	0.00983
7	0.01148	0.11820	0.05886	0.01210	0.06442	0.01064	0.00940	0.01479	0.01708	0.02380	0.47258	0.03814	0.04496	0.01413	0.05853	0.00262	0.00555	0.00967	0.00589	0.00717
8	0.01661	0.01594	0.02724	0.04119	0.72233	0.01594	0.02059	0.02059	0.01528	0.02192	0.01262	0.01661	0.01063	0.00598	0.00664	0.00199	0.00797	0.00598	0.00332	0.01063
9	0.00931	0.00638	0.00752	0.00796	0.00819	0.00623	0.00485	0.00976	0.01093	0.01447	0.02743	0.23107	0.05654	0.52263	0.02584	0.00527	0.00570	0.03064	0.00477	0.00454
10	0.07053	0.01265	0.01565	0.01235	0.01731	0.01219	0.01011	0.09841	0.11678	0.52323	0.02463	0.02183	0.01613	0.00828	0.00661	0.00210	0.00579	0.00662	0.00771	0.01108
11	0.02248	0.02708	0.05158	0.01627	0.02017	0.49461	0.01285	0.07683	0.14488	0.02102	0.03887	0.01617	0.01291	0.00761	0.00632	0.00188	0.01011	0.00534	0.00441	0.00861
12	0.00959	0.00719	0.01078	0.01078	0.01198	0.00839	0.00839	0.01198	0.01078	0.01558	0.01797	0.02636	0.01677	0.05032	0.73760	0.01078	0.01797	0.00719	0.00359	0.00599
13	0.00897	0.00621	0.00752	0.00824	0.00849	0.00599	0.00510	0.00956	0.01136	0.01508	0.02997	0.37482	0.05625	0.39704	0.02149	0.00462	0.00520	0.01420	0.00513	0.00476
14	0.00814	0.00597	0.00765	0.00898	0.00964	0.00548	0.00607	0.00938	0.01319	0.01727	0.04136	0.66162	0.13974	0.02045	0.00847	0.00266	0.00382	0.01838	0.00623	0.00548
15	0.02410	0.01870	0.02075	0.01606	0.02131	0.03976	0.05195	0.57933	0.09491	0.03903	0.01687	0.01696	0.01213	0.00799	0.00677	0.00205	0.00754	0.00625	0.00644	0.01110
16	0.01267	0.01193	0.02013	0.74806	0.04621	0.01491	0.01863	0.01714	0.01342	0.01714	0.01193	0.01789	0.00894	0.00671	0.00671	0.00224	0.00894	0.00596	0.00298	0.00745
17	0.01405	0.01274	0.02111	0.43669	0.24933	0.01441	0.01784	0.01847	0.03118	0.03572	0.03047	0.06118	0.01320	0.00756	0.00683	0.00218	0.00806	0.00692	0.00359	0.00846
18	0.02315	0.01729	0.01852	0.01459	0.01935	0.01919	0.01182	0.55977	0.12047	0.03820	0.01798	0.01938	0.01359	0.06467	0.00878	0.00238	0.00704	0.00652	0.00653	0.01076
19	0.00938	0.00685	0.00881	0.00832	0.00995	0.00628	0.00624	0.01244	0.01872	0.02625	0.67018	0.05120	0.11233	0.01396	0.00792	0.00212	0.00318	0.01229	0.00730	0.00628
20	0.01638	0.01836	0.03613	0.02743	0.07261	0.05089	0.57646	0.02273	0.06669	0.02176	0.01437	0.01824	0.01089	0.00599	0.00768	0.00222	0.01072	0.00761	0.00364	0.00920
21	0.01896	0.01655	0.01726	0.01474	0.01886	0.07104	0.03788	0.18296	0.45376	0.02975	0.02334	0.04823	0.01802	0.00900	0.00685	0.00219	0.00647	0.00742	0.00639	0.01034
22	0.01834	0.01229	0.01463	0.01098	0.01643	0.01042	0.00884	0.06494	0.07021	0.18105	0.03737	0.01797	0.01390	0.00648	0.00571	0.00143	0.00526	0.00524	0.00543	0.49307
23	0.01618	0.01677	0.06716	0.08417	0.64015	0.01586	0.02071	0.02041	0.01510	0.02158	0.01254	0.01655	0.01040	0.00605	0.00663	0.00202	0.00814	0.00592	0.00327	0.01039
24	0.81159	0.01298	0.00986	0.00882	0.01298	0.01505	0.00727	0.01972	0.01142	0.03010	0.00934	0.01090	0.00727	0.00623	0.00415	0.00208	0.00519	0.00363	0.00415	0.00727
25	0.02137	0.00952	0.01259	0.01031	0.01407	0.00832	0.00826	0.02404	0.01872	0.43490	0.24417	0.03574	0.10683	0.01091	0.00723	0.00211	0.00468	0.00921	0.00780	0.00923
26	0.01359	0.00999	0.01266	0.01160	0.01346	0.01106	0.00900	0.09813	0.07540	0.05615	0.17270	0.15529	0.04638	0.01878	0.10326	0.05189	0.10256	0.02512	0.00573	0.00726
27	0.03906	0.01364	0.01478	0.01331	0.04251	0.07746	0.00997	0.19175	0.02016	0.16306	0.11356	0.14139	0.05783	0.03352	0.00846	0.00230	0.03293	0.00929	0.00631	0.00872
28	0.00823	0.00586	0.00777	0.00928	0.00965	0.00548	0.00616	0.00936	0.01275	0.01700	0.03647	0.73668	0.04373	0.04504	0.00939	0.00285	0.00398	0.01877	0.00616	0.00541
29	0.00910	0.00632	0.00805	0.00892	0.00993	0.00575	0.00619	0.01063	0.01418	0.04468	0.11866	0.53846	0.15614	0.01907	0.00832	0.00256	0.00380	0.01703	0.00644	0.00581
30	0.01871	0.06292	0.35804	0.01809	0.02555	0.08702	0.06718	0.23360	0.02015	0.02711	0.01313	0.01469	0.00955	0.00687	0.00646	0.00203	0.00931	0.00538	0.00415	0.01005
31	0.08434	0.01228	0.01502	0.01185	0.01644	0.01187	0.00969	0.16075	0.02103	0.42984	0.13141	0.02488	0.02219	0.00895	0.00673	0.00207	0.00560	0.00722	0.00754	0.01031
32	0.01328	0.00752	0.00961	0.00963	0.01151	0.00683	0.00699	0.01545	0.03664	0.17470	0.05592	0.44798	0.14341	0.01703	0.00799	0.00248	0.00424	0.01505	0.00673	0.00699
33	0.04060	0.06002	0.02155	0.07690	0.25287	0.12181	0.03874	0.02350	0.14927	0.03909	0.03963	0.05350	0.01532	0.00795	0.00703	0.00207	0.02980	0.00674	0.00438	0.00924
34	0.01733	0.01213	0.01300	0.01172	0.01488	0.06384	0.00912	0.04550	0.21803	0.17229	0.11986	0.12150	0.09208	0.01201	0.00733	0.00226	0.00538	0.04619	0.00680	0.00873
35	0.00841	0.00613	0.00794	0.00921	0.00989	0.00575	0.00637	0.00975	0.01308	0.01720	0.03909	0.58975	0.11788	0.04825	0.03645	0.00313	0.00458	0.05558	0.00605	0.00549
36	0.02485	0.01309	0.01571	0.01258	0.01730	0.01303	0.01022	0.15753	0.16352	0.40209	0.02772	0.02507	0.06779	0.00906	0.00684	0.00212	0.00577	0.00733	0.00755	0.01083
37	0.05573	0.13723	0.01978	0.01374	0.01823	0.16988	0.01125	0.18448	0.12494	0.12904	0.05733	0.01849	0.01533	0.00789	0.00618	0.00192	0.00746	0.00588	0.00560	0.00962
38	0.02175	0.12725	0.06620	0.01571	0.02017	0.27343	0.02913	0.16286	0.05181	0.06458	0.01403	0.01627	0.01119	0.00890	0.02811	0.00219	0.05216	0.02072	0.00448	0.00904

[dist]
# distance from previous block
# <min> <max>
0	2

[block]
# block no. 10 follows, 32 sequences, length 12
# corresponding to MSA columns:
# 376-387
name=unknown_K
#
# <colnr> <probs for GDERKNQSTAVLIFYWHMCP>
#	G	D	E	R	K	N	Q	S	T	A	V	L	I	F	Y	W	H	M	C	P
0	0.01496	0.03532	0.05407	0.01552	0.09866	0.04059	0.02946	0.10244	0.04086	0.03461	0.01862	0.02858	0.04210	0.29966	0.01879	0.00382	0.08415	0.00763	0.00432	0.02584
1	0.01292	0.03699	0.19973	0.01504	0.01984	0.02833	0.09995	0.04170	0.01555	0.02151	0.13952	0.04935	0.12949	0.01150	0.03242	0.00245	0.08013	0.00845	0.00454	0.05060
2	0.01940	0.01531	0.01877	0.06763	0.18330	0.05957	0.01342	0.18434	0.13128	0.10547	0.02135	0.09293	0.03886	0.00917	0.00690	0.00213	0.00692	0.00778	0.00561	0.00985
3	0.01351	0.01150	0.01348	0.00990	0.01547	0.00870	0.00783	0.01636	0.01384	0.02153	0.01370	0.06662	0.01237	0.00610	0.00522	0.00112	0.00489	0.00504	0.00413	0.74870
4	0.01144	0.00780	0.00936	0.00864	0.01092	0.00720	0.00659	0.01524	0.06752	0.08892	0.40651	0.05021	0.25633	0.01389	0.00773	0.00217	0.00363	0.01193	0.00708	0.00691
5	0.01638	0.00924	0.01018	0.00884	0.01158	0.00929	0.00695	0.14078	0.01840	0.11202	0.09198	0.02815	0.06623	0.00909	0.00583	0.00181	0.00423	0.00736	0.43389	0.00777
6	0.00849	0.00677	0.00761	0.00751	0.00944	0.00589	0.00559	0.01068	0.01647	0.02116	0.29509	0.09528	0.45422	0.01605	0.00796	0.00223	0.00334	0.01370	0.00664	0.00589
7	0.06767	0.01432	0.01852	0.07110	0.02153	0.01549	0.09762	0.10427	0.32263	0.12306	0.02386	0.02333	0.04928	0.00846	0.00682	0.00220	0.00653	0.00729	0.00610	0.00993
8	0.00880	0.00661	0.00855	0.00937	0.01028	0.00636	0.00673	0.01053	0.01431	0.01911	0.15722	0.46924	0.13626	0.01870	0.00893	0.00259	0.03239	0.06197	0.00630	0.00575
9	0.01988	0.06225	0.05990	0.01309	0.05402	0.01219	0.01061	0.12711	0.01917	0.25291	0.09613	0.02935	0.13931	0.00964	0.00675	0.00198	0.00575	0.00789	0.00635	0.06570
10	0.45057	0.10628	0.11701	0.01270	0.03686	0.05164	0.01155	0.10268	0.01497	0.02776	0.01068	0.01219	0.00826	0.00644	0.00496	0.00198	0.00677	0.00421	0.00407	0.00842
11	0.13798	0.04114	0.13675	0.01618	0.05759	0.19474	0.03419	0.10230	0.06030	0.02460	0.05860	0.01654	0.01328	0.00716	0.00602	0.00190	0.00820	0.00539	0.00432	0.07282

[dist]
# distance from previous block
# <min> <max>
0	6

[block]
# block no. 11 follows, 32 sequences, length 18
# corresponding to MSA columns:
# 394-411
name=unknown_L
#
# <colnr> <probs for GDERKNQSTAVLIFYWHMCP>
#	G	D	E	R	K	N	Q	S	T	A	V	L	I	F	Y	W	H	M	C	P
0	0.01534	0.26727	0.27975	0.02001	0.10557	0.01884	0.11864	0.02017	0.01430	0.01936	0.01283	0.05515	0.01102	0.00683	0.00608	0.00194	0.00867	0.00585	0.00317	0.00920
1	0.02018	0.08421	0.06467	0.02327	0.14376	0.06195	0.21291	0.21169	0.02026	0.07052	0.01428	0.01638	0.01068	0.00667	0.00679	0.00202	0.00892	0.00625	0.00454	0.01005
2	0.01608	0.07288	0.01806	0.01211	0.01794	0.04449	0.05196	0.09053	0.01611	0.02330	0.01220	0.01408	0.00995	0.00549	0.00533	0.00125	0.00611	0.00443	0.00412	0.57359
3	0.01367	0.07419	0.07977	0.04984	0.14000	0.01271	0.01241	0.09076	0.04577	0.02251	0.09463	0.20333	0.05433	0.03233	0.00797	0.00236	0.00617	0.04408	0.00514	0.00806
4	0.00857	0.00637	0.00798	0.00853	0.00970	0.00579	0.00604	0.01051	0.01540	0.02061	0.27180	0.38211	0.18646	0.01776	0.00822	0.00243	0.00355	0.01576	0.00662	0.00579
5	0.03585	0.01818	0.07391	0.10619	0.11580	0.09829	0.01441	0.11668	0.25942	0.04450	0.01825	0.01922	0.01381	0.00878	0.02538	0.00233	0.00784	0.00628	0.00509	0.00980
6	0.00910	0.00681	0.00826	0.00791	0.00956	0.00617	0.00582	0.01162	0.01728	0.02347	0.48971	0.05352	0.23645	0.07309	0.00996	0.00249	0.00349	0.01249	0.00682	0.00598
7	0.05009	0.01411	0.02310	0.19130	0.34282	0.01470	0.05408	0.02205	0.01533	0.15882	0.01496	0.01790	0.01120	0.00679	0.00718	0.00211	0.03334	0.00613	0.00424	0.00974
8	0.00896	0.00675	0.00828	0.00808	0.00974	0.00607	0.00599	0.01155	0.01745	0.02368	0.48302	0.11666	0.23870	0.01525	0.00798	0.00221	0.00329	0.01329	0.00697	0.00607
9	0.01715	0.01202	0.01294	0.01106	0.01427	0.01303	0.00873	0.25121	0.14361	0.03142	0.10937	0.04819	0.02249	0.00928	0.00628	0.00195	0.00499	0.00756	0.26568	0.00876
