[name]
unknown

[dist]
# distance from previous block
# <min> <max>
0	177

[block]
# block no. 0 follows, 38 sequences, length 6
# corresponding to MSA columns:
# 177-182
name=unknown_A
#
# <colnr> <probs for GDERKNQSTAVLIFYWHMCP>
#	G	D	E	R	K	N	Q	S	T	A	V	L	I	F	Y	W	H	M	C	P
0	0.00750	0.00586	0.00681	0.00710	0.00850	0.00516	0.00512	0.00920	0.01385	0.01784	0.21422	0.26576	0.38042	0.01559	0.00727	0.00212	0.00313	0.01355	0.00583	0.00516
1	0.01391	0.02972	0.58837	0.01742	0.02518	0.13662	0.06763	0.01988	0.01351	0.01836	0.01064	0.01263	0.00774	0.00575	0.00576	0.00186	0.00929	0.00453	0.00267	0.00853
2	0.00775	0.00605	0.00687	0.00678	0.00835	0.00534	0.00495	0.00960	0.01439	0.01866	0.30103	0.09286	0.40628	0.07368	0.00894	0.00230	0.00321	0.01199	0.00581	0.00517
3	0.00810	0.00608	0.00816	0.06630	0.01121	0.00596	0.00635	0.00991	0.01304	0.01762	0.23369	0.37403	0.10002	0.06250	0.04618	0.00278	0.00438	0.01306	0.00542	0.00521
4	0.04180	0.09550	0.01815	0.01389	0.04286	0.10799	0.04405	0.30646	0.13537	0.02682	0.01561	0.05324	0.01253	0.00738	0.00571	0.00178	0.00659	0.00583	0.04973	0.00872
5	0.02024	0.01078	0.01295	0.01069	0.01444	0.01083	0.00857	0.07850	0.23189	0.36302	0.08366	0.02284	0.01914	0.00801	0.00600	0.00187	0.00473	0.00659	0.07600	0.00925

[dist]
# distance from previous block
# <min> <max>
8	13

[block]
# block no. 1 follows, 38 sequences, length 15
# corresponding to MSA columns:
# 196-210
name=unknown_B
#
# <colnr> <probs for GDERKNQSTAVLIFYWHMCP>
#	G	D	E	R	K	N	Q	S	T	A	V	L	I	F	Y	W	H	M	C	P
0	0.17947	0.03811	0.08712	0.06051	0.01803	0.05024	0.03263	0.08633	0.05187	0.10469	0.01267	0.01373	0.00944	0.00582	0.00506	0.00159	0.00601	0.00444	0.00417	0.22808
1	0.01859	0.20424	0.07288	0.06220	0.01956	0.08236	0.03415	0.22219	0.12448	0.08094	0.01416	0.01466	0.01061	0.00654	0.00548	0.00172	0.00691	0.00498	0.00451	0.00885
2	0.01608	0.04256	0.01372	0.01123	0.01465	0.01313	0.00896	0.11855	0.38016	0.11244	0.12154	0.02659	0.05875	0.00896	0.00624	0.00196	0.00479	0.02476	0.00615	0.00879
3	0.01589	0.04906	0.01519	0.01302	0.04231	0.03773	0.00993	0.12237	0.50596	0.02563	0.05745	0.02101	0.01780	0.00784	0.00598	0.00191	0.00525	0.00642	0.00569	0.03355
4	0.00766	0.00606	0.00677	0.00667	0.00832	0.00531	0.00490	0.00948	0.01434	0.01837	0.27124	0.08151	0.45805	0.06426	0.00864	0.00225	0.00318	0.01205	0.00578	0.00516
5	0.27144	0.01247	0.01652	0.08854	0.18881	0.01317	0.05853	0.09135	0.01444	0.11889	0.01546	0.01688	0.05585	0.00656	0.00543	0.00187	0.00607	0.00537	0.00424	0.00811
6	0.01660	0.29606	0.22259	0.01489	0.06623	0.11037	0.03109	0.02008	0.01356	0.10185	0.01155	0.01301	0.00901	0.00753	0.03968	0.00198	0.00807	0.00434	0.00326	0.00825
7	0.00760	0.00569	0.00707	0.00762	0.00866	0.00515	0.00537	0.00926	0.01355	0.01798	0.23666	0.41170	0.20933	0.01620	0.00739	0.00220	0.00321	0.01436	0.00587	0.00515
8	0.01399	0.01337	0.02279	0.22510	0.56992	0.01406	0.01801	0.01767	0.01327	0.01856	0.01116	0.01518	0.00914	0.00553	0.00597	0.00184	0.00737	0.00536	0.00290	0.00880
9	0.01577	0.01619	0.11747	0.04301	0.25493	0.05630	0.10702	0.03540	0.04302	0.11053	0.03856	0.03261	0.01240	0.00794	0.03096	0.00217	0.05731	0.00598	0.00384	0.00860
10	0.04101	0.04032	0.24048	0.01822	0.14458	0.01190	0.10334	0.03160	0.01317	0.04782	0.01819	0.18804	0.03918	0.00978	0.02347	0.00218	0.00710	0.00808	0.00378	0.00777
11	0.00751	0.00597	0.00674	0.00685	0.00845	0.00520	0.00502	0.00929	0.01421	0.01814	0.23354	0.17288	0.45482	0.01507	0.00720	0.00206	0.00307	0.01294	0.00585	0.00520
12	0.01458	0.01368	0.04136	0.01566	0.01788	0.04729	0.13212	0.06933	0.01245	0.06672	0.01175	0.01645	0.01014	0.04010	0.10373	0.02804	0.34244	0.00581	0.00340	0.00708
13	0.04026	0.03695	0.09653	0.08209	0.34874	0.06944	0.08823	0.07044	0.01455	0.03990	0.01138	0.01434	0.00903	0.00593	0.00659	0.00186	0.04652	0.00523	0.00326	0.00871
14	0.03570	0.01436	0.04172	0.01628	0.11865	0.14543	0.08464	0.05099	0.07278	0.04794	0.02198	0.22000	0.06432	0.01033	0.00652	0.00201	0.00657	0.02802	0.00449	0.00729

[dist]
# distance from previous block
# <min> <max>
1	3

[block]
# block no. 2 follows, 38 sequences, length 12
# corresponding to MSA columns:
# 214-225
name=unknown_C
#
# <colnr> <probs for GDERKNQSTAVLIFYWHMCP>
#	G	D	E	R	K	N	Q	S	T	A	V	L	I	F	Y	W	H	M	C	P
0	0.05154	0.03884	0.01711	0.05966	0.13160	0.01372	0.01144	0.18902	0.11559	0.28210	0.01791	0.01746	0.01250	0.00694	0.00587	0.00185	0.00593	0.00566	0.00567	0.00960
1	0.00968	0.00767	0.00959	0.00886	0.01137	0.00648	0.00661	0.01158	0.01193	0.01718	0.02268	0.36977	0.02509	0.01458	0.05792	0.00232	0.00488	0.05521	0.00459	0.34201
2	0.06081	0.01180	0.01568	0.01534	0.09973	0.05037	0.06187	0.10272	0.05015	0.03564	0.03032	0.01885	0.01293	0.02202	0.30417	0.00498	0.08567	0.00592	0.00380	0.00722
3	0.01318	0.00862	0.01050	0.00841	0.01202	0.00705	0.00663	0.01565	0.01478	0.15482	0.22223	0.03017	0.14330	0.00889	0.00590	0.00153	0.00391	0.00750	0.00544	0.31947
4	0.01543	0.15845	0.27983	0.01584	0.02131	0.05240	0.09016	0.08361	0.01400	0.05625	0.01090	0.01308	0.00846	0.00667	0.00810	0.00191	0.14732	0.00480	0.00321	0.00828
5	0.01136	0.01069	0.01804	0.77412	0.04143	0.01337	0.01671	0.01537	0.01203	0.01537	0.01069	0.01604	0.00802	0.00601	0.00601	0.00200	0.00802	0.00535	0.00267	0.00668
6	0.01319	0.01469	0.03133	0.02277	0.02813	0.01373	0.62478	0.01771	0.01394	0.01876	0.01685	0.08393	0.05562	0.00684	0.00715	0.00206	0.00916	0.00828	0.00341	0.00766
7	0.02106	0.01554	0.07853	0.01254	0.01723	0.01500	0.01099	0.46616	0.02316	0.14637	0.01627	0.01629	0.01142	0.00710	0.00576	0.00177	0.00607	0.00546	0.11376	0.00951
8	0.00732	0.00552	0.00677	0.00768	0.00856	0.00498	0.00530	0.00858	0.01240	0.01601	0.07304	0.54181	0.24524	0.01751	0.00749	0.00230	0.00333	0.01555	0.00563	0.00498
9	0.07072	0.01127	0.01829	0.61457	0.13991	0.01351	0.01622	0.01597	0.01214	0.01681	0.01061	0.01543	0.00813	0.00589	0.00584	0.00196	0.00765	0.00520	0.00279	0.00707
10	0.01087	0.00860	0.00996	0.00981	0.01143	0.05081	0.02596	0.07296	0.03669	0.04276	0.05080	0.51618	0.06097	0.01502	0.00710	0.00219	0.00446	0.01338	0.00543	0.04464
11	0.06079	0.14411	0.52211	0.01579	0.02329	0.06937	0.04749	0.01918	0.01286	0.01847	0.01024	0.01208	0.00764	0.00563	0.00536	0.00179	0.00847	0.00426	0.00267	0.00841

[dist]
# distance from previous block
# <min> <max>
0	1

[block]
# block no. 3 follows, 38 sequences, length 14
# corresponding to MSA columns:
# 227-240
name=unknown_D
#
# <colnr> <probs for GDERKNQSTAVLIFYWHMCP>
#	G	D	E	R	K	N	Q	S	T	A	V	L	I	F	Y	W	H	M	C	P
0	0.01375	0.01262	0.01954	0.17861	0.42953	0.03552	0.01515	0.01717	0.01322	0.01898	0.01210	0.01572	0.00985	0.00564	0.00560	0.00170	0.00667	0.00519	0.10455	0.07888
1	0.73000	0.10844	0.01165	0.00821	0.01211	0.01477	0.00698	0.01772	0.01048	0.02540	0.00837	0.00976	0.00666	0.00553	0.00374	0.00179	0.00487	0.00325	0.00358	0.00666
2	0.01400	0.01324	0.02263	0.07796	0.58870	0.01336	0.04467	0.01756	0.01363	0.01917	0.01386	0.02158	0.01253	0.00678	0.00630	0.00193	0.00712	0.09289	0.00328	0.00881
3	0.17314	0.11924	0.01621	0.01121	0.01545	0.09092	0.00930	0.18625	0.08210	0.15113	0.01614	0.01594	0.03959	0.00685	0.00523	0.00172	0.00599	0.00500	0.00496	0.04363
4	0.00849	0.00864	0.06961	0.01018	0.01221	0.00667	0.06934	0.01051	0.01226	0.01633	0.03332	0.49942	0.15403	0.01537	0.00724	0.00223	0.00446	0.01389	0.00503	0.04078
5	0.01622	0.01460	0.02145	0.07731	0.49508	0.05509	0.01585	0.08834	0.01526	0.05574	0.01200	0.01475	0.00960	0.00565	0.00581	0.00172	0.00703	0.00516	0.00352	0.07980
6	0.01656	0.63677	0.08765	0.01149	0.01668	0.11487	0.01141	0.01884	0.01286	0.01461	0.00867	0.01004	0.00772	0.00532	0.00420	0.00137	0.00718	0.00340	0.00264	0.00772
7	0.01873	0.15657	0.12891	0.01514	0.08161	0.04976	0.01284	0.21849	0.12188	0.11542	0.01491	0.01510	0.01097	0.00658	0.00557	0.00175	0.00670	0.00508	0.00469	0.00928
8	0.01529	0.22612	0.23822	0.01364	0.01932	0.01570	0.07071	0.08213	0.05914	0.08403	0.10394	0.01758	0.01537	0.00676	0.00558	0.00174	0.00681	0.00549	0.00404	0.00839
9	0.01607	0.01504	0.07390	0.01290	0.01698	0.01551	0.01086	0.14891	0.56179	0.02683	0.02169	0.02031	0.01613	0.00781	0.00607	0.00199	0.00541	0.00638	0.00582	0.00959
10	0.00791	0.00585	0.00742	0.00801	0.00896	0.00547	0.00563	0.01006	0.03683	0.01841	0.25126	0.45996	0.11954	0.01615	0.00739	0.00222	0.00329	0.01443	0.00591	0.00529
11	0.08015	0.01839	0.19885	0.04069	0.25126	0.02801	0.13353	0.04094	0.01351	0.05367	0.01142	0.01422	0.00883	0.00605	0.00710	0.00194	0.07440	0.00526	0.00321	0.00859
12	0.06963	0.04718	0.08168	0.01526	0.07687	0.08525	0.01226	0.40580	0.04970	0.05691	0.01473	0.01518	0.02871	0.00692	0.00574	0.00179	0.00690	0.00523	0.00498	0.00928
13	0.00922	0.00652	0.00823	0.00881	0.00978	0.00639	0.00622	0.05592	0.01297	0.04412	0.03385	0.60096	0.11443	0.01700	0.00785	0.00234	0.02924	0.01506	0.00558	0.00550

[dist]
# distance from previous block
# <min> <max>
3	5

[block]
# block no. 4 follows, 38 sequences, length 43
# corresponding to MSA columns:
# 246-288
name=unknown_E
#
# <colnr> <probs for GDERKNQSTAVLIFYWHMCP>
#	G	D	E	R	K	N	Q	S	T	A	V	L	I	F	Y	W	H	M	C	P
0	0.27974	0.11874	0.01662	0.04753	0.01686	0.03615	0.00981	0.31022	0.03395	0.06006	0.01199	0.01272	0.00891	0.00637	0.00498	0.00176	0.00604	0.00444	0.00465	0.00844
1	0.01441	0.01467	0.05710	0.09905	0.51823	0.01433	0.05392	0.02004	0.10991	0.01995	0.01303	0.01596	0.01045	0.00579	0.00603	0.00186	0.00714	0.00560	0.00335	0.00917
2	0.00748	0.00558	0.00696	0.00773	0.00863	0.00506	0.00537	0.00894	0.01294	0.01704	0.16054	0.49598	0.20194	0.01693	0.00745	0.00226	0.00328	0.01506	0.00576	0.00506
3	0.00861	0.00637	0.00927	0.00927	0.01020	0.00730	0.00702	0.01049	0.00955	0.01367	0.01648	0.02565	0.01592	0.14066	0.67040	0.00918	0.01479	0.00674	0.00328	0.00515
4	0.00815	0.00593	0.00767	0.00776	0.00883	0.00564	0.00558	0.01015	0.01402	0.01935	0.38862	0.21647	0.10241	0.08311	0.08575	0.00315	0.00460	0.01186	0.00570	0.00524
5	0.01435	0.01374	0.02315	0.08359	0.62968	0.01394	0.03472	0.01844	0.04225	0.01945	0.01366	0.01690	0.03731	0.00588	0.00604	0.00183	0.00703	0.00573	0.00318	0.00914
6	0.01608	0.79220	0.03152	0.01029	0.01544	0.02380	0.01029	0.01801	0.01222	0.01415	0.00836	0.00965	0.00772	0.00515	0.00386	0.00129	0.00643	0.00322	0.00257	0.00772
7	0.00733	0.00524	0.00698	0.00838	0.00873	0.00489	0.00558	0.00838	0.01152	0.01536	0.03316	0.78466	0.03979	0.01885	0.00768	0.00244	0.00349	0.01710	0.00558	0.00489
8	0.83108	0.01163	0.00884	0.00791	0.01163	0.01350	0.00651	0.01768	0.01024	0.02699	0.00838	0.00977	0.00651	0.00558	0.00372	0.00186	0.00465	0.00326	0.00372	0.00651
9	0.01216	0.01036	0.01214	0.00888	0.01392	0.00783	0.00703	0.01474	0.01242	0.01934	0.01206	0.05947	0.01079	0.00533	0.00465	0.00099	0.00440	0.00439	0.00369	0.77543
10	0.01420	0.01623	0.03550	0.02535	0.03144	0.01521	0.72921	0.01927	0.01420	0.01927	0.01217	0.01623	0.00913	0.00507	0.00710	0.00203	0.01014	0.00710	0.00304	0.00811
11	0.00720	0.00610	0.00623	0.00619	0.00818	0.00512	0.00465	0.00882	0.01394	0.01678	0.10718	0.05702	0.70205	0.01504	0.00711	0.00202	0.00303	0.01257	0.00566	0.00512
12	0.55602	0.01316	0.01183	0.00981	0.01390	0.01489	0.00809	0.23443	0.01597	0.05744	0.01079	0.01159	0.00795	0.00615	0.00451	0.00184	0.00527	0.00402	0.00456	0.00778
13	0.01038	0.00527	0.00791	0.00791	0.00795	0.00532	0.00532	0.00795	0.00791	0.01059	0.01067	0.01850	0.01063	0.02185	0.05274	0.79282	0.00565	0.00527	0.00264	0.00272
14	0.01572	0.07058	0.02286	0.14446	0.46928	0.05105	0.01646	0.10107	0.01519	0.02049	0.01128	0.01445	0.00916	0.00570	0.00580	0.00178	0.00734	0.00514	0.00326	0.00892
15	0.09483	0.01422	0.01322	0.01201	0.01526	0.09890	0.00928	0.02858	0.55368	0.02371	0.02161	0.05539	0.01701	0.00819	0.00588	0.00199	0.00538	0.00661	0.00552	0.00873
16	0.00851	0.00615	0.00804	0.00757	0.00899	0.00568	0.00568	0.01135	0.01703	0.02412	0.74788	0.04494	0.05676	0.01230	0.00710	0.00189	0.00284	0.01088	0.00662	0.00568
17	0.00875	0.00583	0.00656	0.00656	0.00656	0.00583	0.00365	0.00875	0.00875	0.01166	0.01895	0.03937	0.02187	0.78858	0.03062	0.00583	0.00583	0.00875	0.00365	0.00365
18	0.00753	0.00543	0.00699	0.00799	0.00855	0.00505	0.00538	0.00871	0.01203	0.01602	0.10440	0.60273	0.09461	0.07320	0.00922	0.00260	0.00356	0.01555	0.00555	0.00489
19	0.01942	0.00844	0.01132	0.00951	0.01270	0.00743	0.00750	0.02163	0.01606	0.46075	0.16395	0.15282	0.04289	0.01042	0.00650	0.00196	0.00432	0.00894	0.02519	0.00827
20	0.01207	0.03112	0.75741	0.01715	0.02604	0.01397	0.02223	0.01905	0.01270	0.01905	0.01080	0.01270	0.00762	0.00572	0.00572	0.00191	0.00889	0.00445	0.00254	0.00889
21	0.00859	0.00645	0.00967	0.00967	0.01074	0.00752	0.00752	0.01074	0.00967	0.01396	0.01611	0.02363	0.01504	0.04512	0.76474	0.00967	0.01611	0.00645	0.00322	0.00537
22	0.02496	0.00974	0.01319	0.01034	0.01451	0.00847	0.00837	0.02709	0.01644	0.67553	0.02388	0.05721	0.01648	0.05551	0.00762	0.00213	0.00509	0.00673	0.00713	0.00959
23	0.83108	0.01163	0.00884	0.00791	0.01163	0.01350	0.00651	0.01768	0.01024	0.02699	0.00838	0.00977	0.00651	0.00558	0.00372	0.00186	0.00465	0.00326	0.00372	0.00651
24	0.01247	0.01069	0.01247	0.00891	0.01426	0.00802	0.00713	0.01515	0.01247	0.01960	0.01069	0.01247	0.00891	0.00446	0.00446	0.00089	0.00446	0.00356	0.00356	0.82536
25	0.00736	0.00541	0.00681	0.00791	0.00852	0.00496	0.00532	0.00844	0.01175	0.01533	0.03715	0.62699	0.15811	0.05488	0.00867	0.00254	0.00353	0.01596	0.00549	0.00486
26	0.04409	0.00632	0.00724	0.00700	0.00810	0.00603	0.00475	0.01044	0.01261	0.03557	0.25960	0.05941	0.16160	0.33280	0.01664	0.00355	0.00426	0.01002	0.00508	0.00486
27	0.00815	0.00603	0.00762	0.00753	0.00889	0.00550	0.00558	0.01052	0.01565	0.02149	0.52118	0.15237	0.16373	0.01379	0.00721	0.00201	0.00303	0.02797	0.00629	0.00547
28	0.00859	0.00645	0.00967	0.00967	0.01074	0.00752	0.00752	0.01074	0.00967	0.01396	0.01611	0.02363	0.01504	0.04512	0.76474	0.00967	0.01611	0.00645	0.00322	0.00537
29	0.06677	0.00597	0.00728	0.00824	0.00909	0.00576	0.00580	0.00954	0.01192	0.01672	0.06691	0.54333	0.09519	0.05295	0.00844	0.00252	0.00378	0.06932	0.00541	0.00505
30	0.01015	0.00581	0.00788	0.00800	0.00884	0.00552	0.00561	0.00984	0.01057	0.06640	0.02621	0.22056	0.14527	0.01998	0.06258	0.36342	0.00509	0.00967	0.00426	0.00434
31	0.00826	0.00594	0.00720	0.00743	0.00828	0.00560	0.00514	0.00964	0.01255	0.01675	0.21785	0.17567	0.14767	0.27193	0.01510	0.00339	0.00419	0.06745	0.00521	0.00476
32	0.01146	0.00699	0.01011	0.00961	0.01116	0.00760	0.00745	0.01348	0.01077	0.12870	0.01750	0.02427	0.01551	0.09267	0.59442	0.00818	0.01367	0.00655	0.00391	0.00600
33	0.03385	0.01272	0.02457	0.04881	0.05866	0.01241	0.40291	0.01737	0.05776	0.03497	0.01701	0.14831	0.01573	0.04041	0.04392	0.00259	0.00832	0.00854	0.00379	0.00736
34	0.01117	0.01034	0.01722	0.71901	0.03893	0.01282	0.01577	0.01489	0.01179	0.01510	0.01129	0.01771	0.00901	0.06221	0.00778	0.00228	0.00786	0.00559	0.00274	0.00646
35	0.01290	0.01068	0.01252	0.00896	0.01429	0.00804	0.00718	0.01556	0.01261	0.04114	0.01107	0.01271	0.00909	0.00454	0.00450	0.00092	0.00447	0.00364	0.00368	0.80150
36	0.01313	0.01033	0.09750	0.01029	0.01211	0.00881	0.00864	0.08613	0.01120	0.05992	0.01153	0.01700	0.01018	0.01614	0.01828	0.53418	0.06125	0.00521	0.00325	0.00489
37	0.00777	0.00557	0.00665	0.00738	0.00820	0.00512	0.00501	0.00898	0.01194	0.01589	0.05868	0.44160	0.20567	0.11229	0.01012	0.00267	0.00361	0.01400	0.06400	0.00485
38	0.00813	0.00583	0.00671	0.00688	0.00756	0.00549	0.00442	0.00899	0.01134	0.01485	0.12240	0.16374	0.19068	0.39540	0.01875	0.00395	0.00446	0.01123	0.00476	0.00442
39	0.00860	0.00643	0.00958	0.00958	0.01062	0.00747	0.00741	0.01069	0.00964	0.01390	0.01619	0.02408	0.01523	0.06607	0.74406	0.00956	0.01582	0.00651	0.00323	0.00532
40	0.75733	0.01171	0.00944	0.00826	0.01208	0.01337	0.00681	0.04029	0.01122	0.07164	0.00950	0.01057	0.00714	0.00575	0.00393	0.00186	0.00474	0.00349	0.00402	0.00686
41	0.07607	0.24368	0.11372	0.01529	0.10283	0.14809	0.01251	0.03714	0.05095	0.09376	0.02808	0.01359	0.01026	0.00617	0.00542	0.00166	0.02446	0.00448	0.00364	0.00820
42	0.10583	0.02844	0.05145	0.01474	0.09633	0.02754	0.07382	0.06498	0.07870	0.23221	0.14334	0.02158	0.01952	0.00754	0.00599	0.00187	0.00573	0.00645	0.00540	0.00853

[dist]
# distance from previous block
# <min> <max>
3	34

[block]
# block no. 5 follows, 38 sequences, length 108
# corresponding to MSA columns:
# 323-389,403-443
name=unknown_F
#
# <colnr> <probs for GDERKNQSTAVLIFYWHMCP>
#	G	D	E	R	K	N	Q	S	T	A	V	L	I	F	Y	W	H	M	C	P
0	0.00923	0.00685	0.00854	0.00827	0.01024	0.00628	0.00647	0.01138	0.01350	0.03972	0.16991	0.08413	0.23788	0.03919	0.11556	0.00321	0.00559	0.12556	0.00522	0.09327
1	0.08395	0.09233	0.07395	0.01482	0.03988	0.03480	0.04482	0.31938	0.01865	0.04506	0.01170	0.01338	0.00902	0.00728	0.00841	0.00194	0.16269	0.00498	0.00430	0.00866
2	0.01198	0.06955	0.01412	0.01118	0.01366	0.02765	0.08065	0.06447	0.12492	0.01892	0.02159	0.25685	0.02184	0.07989	0.06247	0.00285	0.00608	0.00949	0.05346	0.04839
3	0.04848	0.01089	0.01134	0.01024	0.01289	0.04515	0.00791	0.05677	0.33181	0.02471	0.30962	0.03096	0.05487	0.00977	0.00640	0.00194	0.00431	0.00824	0.00606	0.00765
4	0.01991	0.00923	0.01211	0.00994	0.01343	0.00853	0.00797	0.02388	0.09074	0.44881	0.22744	0.02767	0.02704	0.01021	0.03296	0.00216	0.00483	0.00750	0.00693	0.00871
5	0.01522	0.01597	0.01850	0.01754	0.08971	0.15387	0.03025	0.03683	0.05397	0.01638	0.01010	0.01403	0.00905	0.01043	0.04813	0.00260	0.44193	0.00521	0.00308	0.00720
6	0.00814	0.00602	0.00708	0.00700	0.00848	0.00549	0.00518	0.00950	0.01321	0.01710	0.19766	0.04640	0.39504	0.04523	0.06670	0.10259	0.00439	0.02533	0.02453	0.00490
7	0.02699	0.01024	0.01396	0.01070	0.01536	0.00884	0.00884	0.02932	0.01722	0.75522	0.02373	0.02048	0.01489	0.00745	0.00605	0.00186	0.00512	0.00605	0.00745	0.01024
8	0.06140	0.00979	0.01301	0.01029	0.01447	0.00865	0.00838	0.02662	0.01651	0.64114	0.05523	0.07181	0.01799	0.00833	0.00610	0.00190	0.00489	0.00687	0.00712	0.00951
9	0.14890	0.00782	0.00864	0.00778	0.01038	0.00742	0.00606	0.01541	0.01436	0.17605	0.18342	0.08086	0.23431	0.01104	0.00616	0.00192	0.00372	0.00914	0.06005	0.00655
10	0.01151	0.00591	0.00613	0.00606	0.00752	0.00591	0.00452	0.01451	0.03113	0.04202	0.02046	0.05741	0.01674	0.02653	0.00510	0.00159	0.00302	0.00625	0.72194	0.00575
11	0.00995	0.00555	0.00833	0.00833	0.00861	0.00584	0.00584	0.00861	0.00833	0.01139	0.01196	0.01971	0.01168	0.02737	0.22152	0.60718	0.00813	0.00555	0.00278	0.00335
12	0.01701	0.01307	0.01403	0.01186	0.01550	0.01448	0.00940	0.24815	0.38026	0.06326	0.04212	0.02395	0.08042	0.03017	0.00687	0.00206	0.00519	0.00700	0.00605	0.00913
13	0.04838	0.00649	0.00752	0.00738	0.00885	0.00603	0.00523	0.01128	0.01302	0.07858	0.17397	0.18459	0.23159	0.17625	0.01189	0.00286	0.00392	0.01136	0.00545	0.00535
14	0.01316	0.01316	0.01843	0.01579	0.01579	0.01843	0.01316	0.01448	0.00921	0.01448	0.00790	0.01316	0.00790	0.01053	0.01974	0.00263	0.77757	0.00526	0.00263	0.00658
15	0.00859	0.00645	0.00967	0.00967	0.01074	0.00752	0.00752	0.01074	0.00967	0.01396	0.01611	0.02363	0.01504	0.04512	0.76474	0.00967	0.01611	0.00645	0.00322	0.00537
16	0.05692	0.00889	0.01158	0.00963	0.01297	0.00806	0.00763	0.02246	0.03379	0.45872	0.16607	0.10943	0.02575	0.03123	0.00701	0.00205	0.00448	0.00818	0.00677	0.00838
17	0.01489	0.01429	0.02442	0.03692	0.75106	0.01429	0.01846	0.01846	0.01370	0.01965	0.01132	0.01489	0.00953	0.00536	0.00596	0.00179	0.00715	0.00536	0.00298	0.00953
18	0.01136	0.01069	0.01804	0.77412	0.04143	0.01337	0.01671	0.01537	0.01203	0.01537	0.01069	0.01604	0.00802	0.00601	0.00601	0.00200	0.00802	0.00535	0.00267	0.00668
19	0.00731	0.00545	0.00681	0.00785	0.00860	0.00495	0.00536	0.00850	0.01214	0.01577	0.05644	0.60475	0.19841	0.01788	0.00754	0.00234	0.00338	0.01597	0.00561	0.00495
20	0.00770	0.00544	0.00712	0.00814	0.00848	0.00527	0.00537	0.00864	0.01085	0.01455	0.02911	0.58302	0.03443	0.16660	0.07231	0.00366	0.00494	0.01467	0.00503	0.00469
21	0.01207	0.03112	0.75741	0.01715	0.02604	0.01397	0.02223	0.01905	0.01270	0.01905	0.01080	0.01270	0.00762	0.00572	0.00572	0.00191	0.00889	0.00445	0.00254	0.00889
22	0.01531	0.01309	0.01380	0.01231	0.01577	0.01512	0.00961	0.06244	0.70916	0.02572	0.02405	0.02210	0.01801	0.00812	0.00612	0.00203	0.00484	0.00674	0.00612	0.00955
23	0.00835	0.00589	0.00720	0.00763	0.00888	0.00526	0.00543	0.00991	0.01340	0.05074	0.16304	0.39547	0.26455	0.01608	0.00733	0.00219	0.00331	0.01416	0.00585	0.00532
24	0.00875	0.00583	0.00656	0.00656	0.00656	0.00583	0.00365	0.00875	0.00875	0.01166	0.01895	0.03937	0.02187	0.78858	0.03062	0.00583	0.00583	0.00875	0.00365	0.00365
25	0.00832	0.00614	0.00777	0.00737	0.00887	0.00559	0.00552	0.01098	0.01657	0.02304	0.65353	0.04672	0.15179	0.01270	0.00710	0.00191	0.00287	0.01113	0.00648	0.00559
26	0.01316	0.01316	0.01843	0.01579	0.01579	0.01843	0.01316	0.01448	0.00921	0.01448	0.00790	0.01316	0.00790	0.01053	0.01974	0.00263	0.77757	0.00526	0.00263	0.00658
27	0.01136	0.01069	0.01804	0.77412	0.04143	0.01337	0.01671	0.01537	0.01203	0.01537	0.01069	0.01604	0.00802	0.00601	0.00601	0.00200	0.00802	0.00535	0.00267	0.00668
28	0.00875	0.00583	0.00656	0.00656	0.00656	0.00583	0.00365	0.00875	0.00875	0.01166	0.01895	0.03937	0.02187	0.78858	0.03062	0.00583	0.00583	0.00875	0.00365	0.00365
29	0.02287	0.01685	0.01805	0.01384	0.01866	0.01866	0.01143	0.73100	0.02828	0.03791	0.01444	0.01444	0.01023	0.00722	0.00602	0.00181	0.00662	0.00542	0.00602	0.01023
30	0.01325	0.01322	0.01874	0.01690	0.05438	0.01821	0.01344	0.01469	0.00945	0.01475	0.00808	0.01325	0.00798	0.01026	0.01902	0.00259	0.73714	0.00527	0.00265	0.00674
31	0.19461	0.01190	0.01356	0.01068	0.01513	0.02740	0.00880	0.12996	0.01738	0.48147	0.01884	0.01714	0.01230	0.00700	0.00554	0.00185	0.00536	0.00533	0.00636	0.00939
32	0.01496	0.01292	0.01360	0.01224	0.01564	0.01496	0.00952	0.03197	0.74019	0.02516	0.02448	0.02244	0.01836	0.00816	0.00612	0.00204	0.00476	0.00680	0.00612	0.00952
33	0.00969	0.00692	0.00969	0.01108	0.01246	0.00692	0.00969	0.01246	0.01385	0.01800	0.03185	0.06786	0.03462	0.01662	0.00831	0.00277	0.00554	0.71057	0.00554	0.00554
34	0.01247	0.01069	0.01247	0.00891	0.01426	0.00802	0.00713	0.01515	0.01247	0.01960	0.01069	0.01247	0.00891	0.00446	0.00446	0.00089	0.00446	0.00356	0.00356	0.82536
35	0.00741	0.00547	0.00686	0.00792	0.00860	0.00502	0.00540	0.00854	0.01185	0.01541	0.03766	0.59491	0.17193	0.05535	0.00870	0.00254	0.00357	0.03250	0.00549	0.00488
36	0.01163	0.00994	0.01572	0.46797	0.04916	0.01156	0.03875	0.03062	0.03218	0.03320	0.01434	0.02380	0.01287	0.17753	0.01154	0.00287	0.00729	0.03939	0.00332	0.00633
37	0.02249	0.02816	0.01709	0.01543	0.01860	0.73192	0.01162	0.05484	0.01754	0.01573	0.00952	0.01101	0.00786	0.00624	0.00545	0.00156	0.01066	0.00394	0.00323	0.00712
38	0.00733	0.00524	0.00698	0.00838	0.00873	0.00489	0.00558	0.00838	0.01152	0.01536	0.03316	0.78466	0.03979	0.01885	0.00768	0.00244	0.00349	0.01710	0.00558	0.00489
39	0.00875	0.00583	0.00656	0.00656	0.00656	0.00583	0.00365	0.00875	0.00875	0.01166	0.01895	0.03937	0.02187	0.78858	0.03062	0.00583	0.00583	0.00875	0.00365	0.00365
40	0.01463	0.01403	0.02395	0.09080	0.69920	0.01423	0.01833	0.01824	0.01358	0.01934	0.01127	0.01497	0.00942	0.00541	0.00596	0.00180	0.00721	0.00536	0.00296	0.00932
41	0.02247	0.02867	0.01705	0.01550	0.01860	0.76443	0.01162	0.02402	0.01705	0.01472	0.00930	0.01085	0.00775	0.00620	0.00542	0.00155	0.01085	0.00387	0.00310	0.00697
42	0.01207	0.00643	0.00652	0.00621	0.00786	0.00656	0.00473	0.06656	0.01376	0.02356	0.01924	0.02184	0.01504	0.00702	0.00434	0.00143	0.00308	0.00559	0.76219	0.00595
43	0.07564	0.01486	0.01604	0.01262	0.01705	0.01618	0.01033	0.51416	0.07478	0.11879	0.01749	0.03920	0.02968	0.00774	0.00595	0.00186	0.00601	0.00596	0.00602	0.00965
44	0.00859	0.00645	0.00967	0.00967	0.01074	0.00752	0.00752	0.01074	0.00967	0.01396	0.01611	0.02363	0.01504	0.04512	0.76474	0.00967	0.01611	0.00645	0.00322	0.00537
45	0.00859	0.00645	0.00967	0.00967	0.01074	0.00752	0.00752	0.01074	0.00967	0.01396	0.01611	0.02363	0.01504	0.04512	0.76474	0.00967	0.01611	0.00645	0.00322	0.00537
46	0.01045	0.00522	0.00784	0.00784	0.00784	0.00522	0.00522	0.00784	0.00784	0.01045	0.01045	0.01829	0.01045	0.02090	0.02351	0.82497	0.00522	0.00522	0.00261	0.00261
47	0.27718	0.00775	0.00815	0.00841	0.01024	0.00804	0.00621	0.01305	0.01163	0.07300	0.02503	0.43927	0.04412	0.01355	0.00628	0.00221	0.00403	0.03090	0.00511	0.00583
48	0.00875	0.00583	0.00656	0.00656	0.00656	0.00583	0.00365	0.00875	0.00875	0.01166	0.01895	0.03937	0.02187	0.78858	0.03062	0.00583	0.00583	0.00875	0.00365	0.00365
49	0.02005	0.01153	0.01351	0.01137	0.01525	0.01202	0.00906	0.03026	0.40483	0.34070	0.02401	0.02159	0.01677	0.00782	0.00603	0.00194	0.00485	0.00644	0.03226	0.00971
50	0.05827	0.00833	0.01083	0.00971	0.01263	0.00759	0.00781	0.01963	0.01495	0.36834	0.05665	0.17142	0.08379	0.01184	0.00675	0.00214	0.00462	0.13062	0.00641	0.00767
51	0.00869	0.00641	0.00951	0.00951	0.01060	0.00745	0.00739	0.01087	0.00978	0.01429	0.01625	0.02359	0.01505	0.04367	0.73583	0.00935	0.01561	0.00641	0.03435	0.00538
52	0.00833	0.00610	0.00781	0.00747	0.00890	0.00558	0.00557	0.01096	0.01647	0.02299	0.65158	0.07974	0.12028	0.01287	0.00712	0.00193	0.00289	0.01133	0.00648	0.00558
53	0.02614	0.01160	0.01481	0.01135	0.01604	0.01087	0.00938	0.17433	0.01951	0.60698	0.02181	0.01923	0.01393	0.00740	0.00604	0.00185	0.00543	0.00592	0.00715	0.01024
54	0.00859	0.00643	0.00960	0.00958	0.01067	0.00744	0.00744	0.01077	0.00999	0.01441	0.04801	0.02456	0.01686	0.04369	0.73172	0.00933	0.01553	0.00664	0.00337	0.00538
55	0.01304	0.01304	0.01877	0.01594	0.01621	0.01792	0.04018	0.01453	0.00942	0.01464	0.00835	0.01365	0.00819	0.01153	0.04539	0.00286	0.72169	0.00538	0.00267	0.00660
56	0.00867	0.00649	0.00808	0.00762	0.00922	0.00607	0.00573	0.01206	0.05354	0.02318	0.62404	0.04543	0.14233	0.01246	0.00705	0.00192	0.00296	0.01090	0.00647	0.00580
57	0.02247	0.02867	0.01705	0.01550	0.01860	0.76443	0.01162	0.02402	0.01705	0.01472	0.00930	0.01085	0.00775	0.00620	0.00542	0.00155	0.01085	0.00387	0.00310	0.00697
58	0.01316	0.01316	0.01843	0.01579	0.01579	0.01843	0.01316	0.01448	0.00921	0.01448	0.00790	0.01316	0.00790	0.01053	0.01974	0.00263	0.77757	0.00526	0.00263	0.00658
59	0.01247	0.01069	0.01247	0.00891	0.01426	0.00802	0.00713	0.01515	0.01247	0.01960	0.01069	0.01247	0.00891	0.00446	0.00446	0.00089	0.00446	0.00356	0.00356	0.82536
60	0.00799	0.00600	0.00850	0.01010	0.04529	0.00568	0.02223	0.00923	0.01158	0.01550	0.03076	0.66834	0.03646	0.06295	0.00894	0.00261	0.00400	0.03341	0.00529	0.00513
61	0.00886	0.00650	0.00881	0.00869	0.00928	0.00733	0.00621	0.01010	0.00927	0.01306	0.01689	0.02953	0.01748	0.34461	0.43362	0.00780	0.04654	0.00732	0.00337	0.00473
62	0.01526	0.01307	0.01377	0.01230	0.01576	0.01510	0.00959	0.05854	0.71313	0.02565	0.02410	0.02214	0.01805	0.00813	0.00612	0.00203	0.00483	0.00675	0.00612	0.00955
63	0.02162	0.01570	0.12362	0.01259	0.01796	0.01307	0.01154	0.27130	0.03639	0.30608	0.01729	0.01647	0.01167	0.00683	0.00583	0.00175	0.00612	0.00536	0.00581	0.09300
64	0.01286	0.01068	0.01251	0.00896	0.01429	0.00804	0.00717	0.01553	0.01260	0.03934	0.01104	0.01269	0.00907	0.00454	0.00450	0.00092	0.00447	0.00363	0.00367	0.80348
65	0.10266	0.03386	0.01346	0.01078	0.01428	0.10196	0.00864	0.31232	0.01933	0.02784	0.01482	0.03955	0.01171	0.00706	0.00516	0.00164	0.00571	0.00529	0.21888	0.04504
66	0.03875	0.01216	0.01482	0.05346	0.06734	0.06556	0.05799	0.09322	0.10620	0.05988	0.01897	0.06972	0.01739	0.06446	0.00799	0.00221	0.00616	0.11991	0.02420	0.09962
67	0.05368	0.00853	0.01027	0.01008	0.02906	0.00862	0.00748	0.06181	0.10838	0.11439	0.05661	0.23538	0.04159	0.02906	0.00781	0.03955	0.00446	0.07736	0.07053	0.02535
68	0.01266	0.01178	0.02207	0.03524	0.05854	0.01148	0.33886	0.01728	0.07260	0.04079	0.05272	0.13582	0.01783	0.01062	0.04871	0.02353	0.00764	0.00842	0.06619	0.00724
69	0.01073	0.00742	0.00955	0.00871	0.01027	0.00725	0.02862	0.06660	0.01466	0.05553	0.29704	0.06047	0.07334	0.23857	0.03408	0.00332	0.00491	0.05788	0.00539	0.00566
70	0.01077	0.00697	0.00952	0.00910	0.01036	0.00748	0.00692	0.03083	0.01116	0.06894	0.03785	0.04499	0.09814	0.06254	0.33028	0.15555	0.04455	0.02236	0.02639	0.00530
71	0.18239	0.00817	0.00885	0.00812	0.01058	0.00806	0.00619	0.01567	0.04473	0.15570	0.12717	0.13266	0.18351	0.07241	0.00809	0.00230	0.00409	0.00929	0.00555	0.00646
72	0.67385	0.01184	0.01014	0.00868	0.01260	0.01330	0.00716	0.07096	0.01240	0.11697	0.01070	0.01142	0.00781	0.00593	0.00417	0.00186	0.00485	0.00376	0.00435	0.00724
73	0.00950	0.00624	0.00809	0.00874	0.00972	0.00594	0.00611	0.02853	0.03912	0.07011	0.09944	0.61365	0.03812	0.01674	0.00741	0.00232	0.00367	0.01507	0.00585	0.00564
74	0.16423	0.01006	0.01227	0.00982	0.01386	0.00944	0.00797	0.02512	0.03394	0.52568	0.05427	0.02153	0.03345	0.04303	0.00684	0.00205	0.00491	0.00608	0.00651	0.00894
75	0.21451	0.00893	0.00958	0.00890	0.01169	0.00903	0.00711	0.04361	0.04884	0.15272	0.03044	0.13211	0.18663	0.01147	0.00623	0.00210	0.00441	0.09938	0.00550	0.00680
76	0.00875	0.00583	0.00656	0.00656	0.00656	0.00583	0.00365	0.00875	0.00875	0.01166	0.01895	0.03937	0.02187	0.78858	0.03062	0.00583	0.00583	0.00875	0.00365	0.00365
77	0.01474	0.00797	0.00990	0.00887	0.01143	0.00733	0.00679	0.03650	0.06012	0.25773	0.13427	0.19300	0.18376	0.03001	0.00733	0.00212	0.00405	0.01056	0.00633	0.00717
78	0.00769	0.00563	0.00687	0.00751	0.00826	0.00519	0.00506	0.00888	0.01217	0.01601	0.12856	0.41646	0.17606	0.15335	0.01155	0.00289	0.00373	0.01397	0.00538	0.00481
79	0.04297	0.00795	0.00808	0.00725	0.00938	0.00836	0.00565	0.14967	0.01549	0.02552	0.01824	0.02046	0.01412	0.00700	0.00453	0.00149	0.00359	0.00549	0.63826	0.00651
80	0.01207	0.03112	0.75741	0.01715	0.02604	0.01397	0.02223	0.01905	0.01270	0.01905	0.01080	0.01270	0.00762	0.00572	0.00572	0.00191	0.00889	0.00445	0.00254	0.00889
81	0.00779	0.00586	0.00807	0.00863	0.00941	0.00544	0.03288	0.00914	0.01216	0.01620	0.10537	0.56900	0.09697	0.07191	0.00918	0.00258	0.00381	0.01515	0.00545	0.00502
82	0.83108	0.01163	0.00884	0.00791	0.01163	0.01350	0.00651	0.01768	0.01024	0.02699	0.00838	0.00977	0.00651	0.00558	0.00372	0.00186	0.00465	0.00326	0.00372	0.00651
83	0.02247	0.02867	0.01705	0.01550	0.01860	0.76443	0.01162	0.02402	0.01705	0.01472	0.00930	0.01085	0.00775	0.00620	0.00542	0.00155	0.01085	0.00387	0.00310	0.00697
84	0.00775	0.00541	0.00685	0.00783	0.00808	0.00517	0.00500	0.00849	0.01069	0.01425	0.02890	0.56116	0.03441	0.24967	0.01456	0.00346	0.00419	0.01460	0.00500	0.00451
85	0.02203	0.01619	0.01737	0.01341	0.01793	0.01789	0.01097	0.68787	0.02712	0.03635	0.01471	0.01593	0.01093	0.05388	0.00749	0.00205	0.00657	0.00562	0.00588	0.00984
86	0.00753	0.00631	0.00657	0.00647	0.00847	0.00546	0.00486	0.00970	0.03689	0.01750	0.14432	0.05519	0.64060	0.01465	0.00708	0.00201	0.00308	0.01229	0.00573	0.00529
87	0.01316	0.01316	0.01843	0.01579	0.01579	0.01843	0.01316	0.01448	0.00921	0.01448	0.00790	0.01316	0.00790	0.01053	0.01974	0.00263	0.77757	0.00526	0.00263	0.00658
88	0.00757	0.00576	0.00699	0.00761	0.00875	0.00518	0.00546	0.00915	0.01328	0.01724	0.16118	0.38420	0.27942	0.01644	0.00742	0.00223	0.00333	0.04792	0.00576	0.00511
89	0.02014	0.00924	0.01184	0.01015	0.01333	0.02599	0.00791	0.04746	0.01570	0.46362	0.02621	0.27617	0.02290	0.01123	0.00658	0.00205	0.00476	0.00968	0.00667	0.00837
90	0.00737	0.00525	0.00697	0.00832	0.00866	0.00492	0.00552	0.00839	0.01143	0.01524	0.03271	0.76146	0.03923	0.04281	0.00839	0.00255	0.00356	0.01684	0.00552	0.00485
91	0.01184	0.01118	0.01890	0.67494	0.13690	0.01349	0.01694	0.01579	0.01225	0.01595	0.01078	0.01588	0.00822	0.00593	0.00601	0.00198	0.00790	0.00535	0.00271	0.00707
92	0.02112	0.19006	0.02011	0.01440	0.01793	0.60789	0.01134	0.02275	0.01603	0.01460	0.00910	0.01060	0.00774	0.00598	0.00509	0.00149	0.00992	0.00374	0.00299	0.00713
93	0.00733	0.00524	0.00698	0.00838	0.00873	0.00489	0.00558	0.00838	0.01152	0.01536	0.03316	0.78466	0.03979	0.01885	0.00768	0.00244	0.00349	0.01710	0.00558	0.00489
94	0.01136	0.01069	0.01804	0.77412	0.04143	0.01337	0.01671	0.01537	0.01203	0.01537	0.01069	0.01604	0.00802	0.00601	0.00601	0.00200	0.00802	0.00535	0.00267	0.00668
95	0.01247	0.01069	0.01247	0.00891	0.01426	0.00802	0.00713	0.01515	0.01247	0.01960	0.01069	0.01247	0.00891	0.00446	0.00446	0.00089	0.00446	0.00356	0.00356	0.82536
96	0.01719	0.01147	0.04680	0.00987	0.01515	0.00856	0.00837	0.01995	0.01403	0.25966	0.01495	0.01510	0.01080	0.00549	0.00503	0.00125	0.00487	0.00442	0.00478	0.52225
97	0.83108	0.01163	0.00884	0.00791	0.01163	0.01350	0.00651	0.01768	0.01024	0.02699	0.00838	0.00977	0.00651	0.00558	0.00372	0.00186	0.00465	0.00326	0.00372	0.00651
98	0.01722	0.01404	0.01487	0.01270	0.01650	0.01602	0.01007	0.23164	0.53684	0.02881	0.02162	0.02016	0.01604	0.00789	0.00609	0.00197	0.00529	0.00641	0.00609	0.00972
99	0.01634	0.01479	0.01811	0.02159	0.28577	0.07194	0.01306	0.06884	0.35391	0.04470	0.01786	0.01824	0.01372	0.00691	0.00600	0.00189	0.00622	0.00594	0.00477	0.00939
100	0.00886	0.00835	0.06848	0.04314	0.01179	0.00666	0.00745	0.01202	0.01629	0.02293	0.62132	0.04168	0.08478	0.01163	0.00694	0.00191	0.00357	0.01020	0.00606	0.00595
101	0.01148	0.01082	0.01827	0.74827	0.06632	0.01340	0.01677	0.01548	0.01209	0.01552	0.01071	0.01600	0.00807	0.00599	0.00601	0.00200	0.00799	0.00535	0.00268	0.00678
102	0.01462	0.01376	0.02298	0.16812	0.59043	0.01433	0.01783	0.05033	0.01406	0.01972	0.01135	0.01507	0.00929	0.00556	0.00597	0.00183	0.00728	0.00536	0.00306	0.00905
103	0.00719	0.00610	0.00621	0.00618	0.00818	0.00511	0.00464	0.00879	0.01391	0.01671	0.10117	0.05714	0.70810	0.01506	0.00711	0.00202	0.00303	0.01259	0.00565	0.00511
104	0.01247	0.01069	0.01247	0.00891	0.01426	0.00802	0.00713	0.01515	0.01247	0.01960	0.01069	0.01247	0.00891	0.00446	0.00446	0.00089	0.00446	0.00356	0.00356	0.82536
105	0.00994	0.00788	0.01156	0.01393	0.15741	0.00760	0.00880	0.01290	0.01578	0.02219	0.49011	0.04147	0.04348	0.01224	0.02445	0.00217	0.00436	0.10165	0.00568	0.00642
106	0.01665	0.01063	0.01293	0.00951	0.01461	0.00846	0.00768	0.01965	0.03532	0.22746	0.01478	0.01503	0.01088	0.00541	0.00495	0.00120	0.00465	0.00436	0.00474	0.57111
107	0.01634	0.36579	0.02212	0.01168	0.01589	0.07804	0.01010	0.05024	0.32930	0.01984	0.01566	0.01547	0.01243	0.00661	0.00504	0.00165	0.00606	0.00490	0.00428	0.00853

[dist]
# distance from previous block
# <min> <max>
0	1

[block]
# block no. 6 follows, 38 sequences, length 75
# corresponding to MSA columns:
# 445-519
name=unknown_G
#
# <colnr> <probs for GDERKNQSTAVLIFYWHMCP>
#	G	D	E	R	K	N	Q	S	T	A	V	L	I	F	Y	W	H	M	C	P
0	0.02210	0.02767	0.01678	0.01520	0.01826	0.72051	0.01139	0.04497	0.01715	0.01534	0.00973	0.01176	0.00822	0.02826	0.00615	0.00168	0.01058	0.00406	0.00320	0.00698
1	0.01192	0.01007	0.01181	0.00878	0.01353	0.00769	0.00688	0.01437	0.01226	0.01897	0.01282	0.07626	0.01189	0.03396	0.00566	0.00120	0.00443	0.00485	0.00373	0.72893
2	0.00822	0.00558	0.00676	0.00732	0.00746	0.00544	0.00446	0.00858	0.00984	0.01312	0.02444	0.33789	0.02877	0.46031	0.02123	0.02518	0.00488	0.01201	0.00440	0.00412
3	0.01577	0.01332	0.01405	0.01240	0.01595	0.01534	0.00972	0.10289	0.66795	0.02646	0.02347	0.02163	0.01754	0.00807	0.00611	0.00202	0.00495	0.00666	0.00611	0.00959
4	0.03269	0.01164	0.01734	0.01999	0.25058	0.04785	0.08742	0.03761	0.01384	0.10547	0.02040	0.18542	0.05067	0.03254	0.00792	0.03570	0.00621	0.02479	0.00437	0.00754
5	0.00733	0.00524	0.00698	0.00838	0.00873	0.00489	0.00558	0.00838	0.01152	0.01536	0.03316	0.78466	0.03979	0.01885	0.00768	0.00244	0.00349	0.01710	0.00558	0.00489
6	0.00867	0.00580	0.00658	0.00666	0.00668	0.00578	0.00375	0.00873	0.00890	0.01187	0.01975	0.08087	0.02287	0.74572	0.02934	0.00564	0.00570	0.00921	0.00375	0.00371
7	0.02130	0.10722	0.04106	0.01489	0.01843	0.59186	0.01183	0.07526	0.01706	0.01650	0.00959	0.01110	0.00793	0.00625	0.00565	0.00158	0.02795	0.00397	0.00323	0.00734
8	0.00868	0.00618	0.00780	0.00819	0.00868	0.00631	0.00550	0.03039	0.01092	0.01477	0.04628	0.33567	0.02894	0.31211	0.10646	0.00456	0.02207	0.02723	0.00455	0.00471
9	0.00851	0.00615	0.00804	0.00757	0.00899	0.00568	0.00568	0.01135	0.01703	0.02412	0.74788	0.04494	0.05676	0.01230	0.00710	0.00189	0.00284	0.01088	0.00662	0.00568
10	0.02287	0.01685	0.01805	0.01384	0.01866	0.01866	0.01143	0.73100	0.02828	0.03791	0.01444	0.01444	0.01023	0.00722	0.00602	0.00181	0.00662	0.00542	0.00602	0.01023
11	0.01121	0.00561	0.00561	0.00561	0.00701	0.00561	0.00421	0.01402	0.01262	0.02243	0.01962	0.02243	0.01542	0.00701	0.00421	0.00140	0.00280	0.00561	0.82198	0.00561
12	0.01247	0.01069	0.01247	0.00891	0.01426	0.00802	0.00713	0.01515	0.01247	0.01960	0.01069	0.01247	0.00891	0.00446	0.00446	0.00089	0.00446	0.00356	0.00356	0.82536
13	0.02247	0.02867	0.01705	0.01550	0.01860	0.76443	0.01162	0.02402	0.01705	0.01472	0.00930	0.01085	0.00775	0.00620	0.00542	0.00155	0.01085	0.00387	0.00310	0.00697
14	0.00859	0.00645	0.00967	0.00967	0.01074	0.00752	0.00752	0.01074	0.00967	0.01396	0.01611	0.02363	0.01504	0.04512	0.76474	0.00967	0.01611	0.00645	0.00322	0.00537
15	0.01496	0.01292	0.01360	0.01224	0.01564	0.01496	0.00952	0.03197	0.74019	0.02516	0.02448	0.02244	0.01836	0.00816	0.00612	0.00204	0.00476	0.00680	0.00612	0.00952
16	0.00859	0.00645	0.00967	0.00967	0.01074	0.00752	0.00752	0.01074	0.00967	0.01396	0.01611	0.02363	0.01504	0.04512	0.76474	0.00967	0.01611	0.00645	0.00322	0.00537
17	0.01207	0.03112	0.75741	0.01715	0.02604	0.01397	0.02223	0.01905	0.01270	0.01905	0.01080	0.01270	0.00762	0.00572	0.00572	0.00191	0.00889	0.00445	0.00254	0.00889
18	0.00808	0.00595	0.00658	0.00659	0.00747	0.00558	0.00428	0.00888	0.01110	0.01414	0.06791	0.06700	0.29679	0.41443	0.04660	0.00427	0.00496	0.01048	0.00455	0.00437
19	0.67123	0.01054	0.00857	0.00789	0.01103	0.01203	0.00631	0.01609	0.01035	0.02450	0.01240	0.03763	0.03218	0.07144	0.02549	0.00243	0.00498	0.02489	0.00387	0.00613
20	0.02330	0.01497	0.01674	0.01297	0.01764	0.01601	0.01067	0.51070	0.07686	0.21075	0.01742	0.01648	0.01195	0.00734	0.00603	0.00184	0.00612	0.00567	0.00637	0.01018
21	0.01045	0.00522	0.00784	0.00784	0.00784	0.00522	0.00522	0.00784	0.00784	0.01045	0.01045	0.01829	0.01045	0.02090	0.02351	0.82497	0.00522	0.00522	0.00261	0.00261
22	0.00768	0.00578	0.00702	0.00750	0.00861	0.00523	0.00533	0.00928	0.01338	0.01756	0.20704	0.33842	0.25399	0.05414	0.00852	0.00237	0.00338	0.03395	0.00573	0.00509
23	0.36777	0.01255	0.01200	0.00995	0.01350	0.01398	0.00794	0.28268	0.01700	0.04838	0.01287	0.01643	0.01059	0.12062	0.00858	0.00241	0.00553	0.00500	0.02467	0.00756
24	0.00874	0.00585	0.00664	0.00664	0.00667	0.00587	0.00374	0.00880	0.00877	0.01172	0.01888	0.03897	0.02170	0.76979	0.04918	0.00593	0.00609	0.00869	0.00363	0.00369
25	0.01798	0.01419	0.01513	0.01274	0.01666	0.01605	0.01015	0.26959	0.47864	0.04917	0.02105	0.01967	0.01550	0.00782	0.00608	0.00196	0.00540	0.00631	0.00612	0.00978
26	0.00757	0.00599	0.00683	0.00698	0.00856	0.00525	0.00516	0.00939	0.01420	0.01814	0.22903	0.17312	0.43840	0.01512	0.00723	0.00208	0.00314	0.03273	0.00585	0.00521
27	0.00921	0.00658	0.00914	0.01052	0.01170	0.00651	0.00885	0.01162	0.01337	0.01746	0.03212	0.21494	0.03568	0.01708	0.00818	0.00270	0.00512	0.56827	0.00555	0.00541
28	0.01496	0.01292	0.01360	0.01224	0.01564	0.01496	0.00952	0.03197	0.74019	0.02516	0.02448	0.02244	0.01836	0.00816	0.00612	0.00204	0.00476	0.00680	0.00612	0.00952
29	0.04766	0.01570	0.02333	0.02039	0.13455	0.01661	0.21295	0.32359	0.06247	0.02771	0.01341	0.01525	0.01005	0.00648	0.00684	0.00192	0.04153	0.00587	0.00449	0.00919
30	0.01121	0.00561	0.00561	0.00561	0.00701	0.00561	0.00421	0.01402	0.01262	0.02243	0.01962	0.02243	0.01542	0.00701	0.00421	0.00140	0.00280	0.00561	0.82198	0.00561
31	0.00951	0.00634	0.00796	0.00849	0.00962	0.00602	0.00596	0.01193	0.06489	0.07386	0.08012	0.52391	0.10695	0.04436	0.00818	0.00242	0.00371	0.01436	0.00576	0.00566
32	0.01392	0.01065	0.01262	0.00909	0.01437	0.00810	0.00730	0.01656	0.01295	0.09280	0.01199	0.01327	0.00951	0.00475	0.00461	0.00099	0.00452	0.00381	0.00395	0.74425
33	0.02561	0.01016	0.01368	0.01059	0.01502	0.00893	0.00870	0.04948	0.01754	0.68354	0.07280	0.02196	0.01760	0.00777	0.00612	0.00186	0.00501	0.00636	0.00735	0.00993
34	0.44273	0.00929	0.00894	0.00837	0.01098	0.01020	0.00648	0.01564	0.01095	0.09334	0.01594	0.14788	0.01534	0.07622	0.10113	0.00325	0.00602	0.00674	0.00434	0.00623
35	0.00740	0.00555	0.00684	0.00778	0.00862	0.00504	0.00538	0.00865	0.01225	0.01584	0.06182	0.53544	0.22497	0.03619	0.00808	0.00241	0.00346	0.03375	0.00557	0.00495
