[name]
unknown

[dist]
# distance from previous block
# <min> <max>
6	79

[block]
# block no. 0 follows, 28 sequences, length 67
# corresponding to MSA columns:
# 87-153
name=unknown_A
#
# <colnr> <probs for GDERKNQSTAVLIFYWHMCP>
#	G	D	E	R	K	N	Q	S	T	A	V	L	I	F	Y	W	H	M	C	P
0	0.01899	0.68323	0.09985	0.01320	0.01984	0.02767	0.01377	0.02188	0.01482	0.01765	0.01038	0.01200	0.00932	0.00628	0.00487	0.00162	0.00805	0.00402	0.00311	0.00946
1	0.01671	0.01596	0.02719	0.24949	0.50432	0.01693	0.02167	0.02119	0.01595	0.02219	0.01345	0.01841	0.01097	0.00671	0.00722	0.00224	0.00895	0.00647	0.00349	0.01048
2	0.01430	0.01375	0.02397	0.62427	0.09647	0.01640	0.07005	0.01920	0.01488	0.01931	0.01311	0.01930	0.00992	0.00712	0.00736	0.00241	0.00981	0.00662	0.00329	0.00846
3	0.00891	0.00637	0.00848	0.01009	0.01055	0.00594	0.00675	0.01025	0.01416	0.01895	0.06415	0.71460	0.04883	0.02248	0.00925	0.00293	0.00419	0.02039	0.00679	0.00594
4	0.01030	0.00794	0.01005	0.01058	0.03759	0.00737	0.00747	0.01362	0.03906	0.02502	0.38741	0.14795	0.20915	0.01649	0.00864	0.00246	0.00400	0.04071	0.00730	0.00688
5	0.02971	0.01703	0.01975	0.01514	0.02088	0.01760	0.01251	0.40820	0.02860	0.32045	0.02213	0.02049	0.01471	0.00884	0.00729	0.00221	0.00724	0.00686	0.00799	0.01237
6	0.24347	0.01284	0.01516	0.01200	0.01731	0.01224	0.00991	0.03154	0.01848	0.51870	0.02355	0.02117	0.01520	0.00838	0.00653	0.00225	0.00603	0.00638	0.00775	0.01113
7	0.00978	0.00707	0.00929	0.00980	0.01103	0.00658	0.00715	0.01230	0.01753	0.02409	0.36556	0.32610	0.07947	0.01850	0.00897	0.00264	0.00400	0.06634	0.00736	0.00645
8	0.01926	0.72411	0.06141	0.01273	0.01910	0.02835	0.01294	0.02181	0.01479	0.01731	0.01021	0.01179	0.00932	0.00624	0.00474	0.00158	0.00788	0.00394	0.00311	0.00938
9	0.00985	0.00718	0.01013	0.01085	0.01172	0.00766	0.00791	0.01176	0.01265	0.01749	0.02845	0.30902	0.03133	0.09442	0.36211	0.00762	0.01210	0.03650	0.00515	0.00611
10	0.01042	0.00765	0.01096	0.01096	0.01201	0.00870	0.00819	0.01252	0.01147	0.01634	0.02013	0.03220	0.01975	0.18660	0.58581	0.01079	0.01709	0.00832	0.00399	0.00609
11	0.01057	0.00705	0.00793	0.00793	0.00793	0.00705	0.00440	0.01057	0.01057	0.01409	0.02290	0.04757	0.02643	0.74454	0.03700	0.00705	0.00705	0.01057	0.00440	0.00440
12	0.00891	0.00711	0.00804	0.00871	0.01045	0.00623	0.00639	0.01068	0.01573	0.01945	0.06014	0.28672	0.43747	0.01994	0.00892	0.00268	0.00408	0.06548	0.00674	0.00610
13	0.01593	0.02749	0.35182	0.04534	0.03352	0.01758	0.28869	0.02444	0.07800	0.02368	0.01525	0.01829	0.01116	0.00687	0.00764	0.00238	0.01087	0.00697	0.00372	0.01035
14	0.01350	0.04912	0.32953	0.01734	0.02351	0.01336	0.04380	0.01923	0.01605	0.02222	0.02499	0.04679	0.02466	0.01306	0.00836	0.00277	0.00878	0.30937	0.00480	0.00875
15	0.02044	0.65574	0.03581	0.01326	0.01915	0.11833	0.01265	0.02271	0.01553	0.01719	0.01025	0.01185	0.00933	0.00638	0.00491	0.00160	0.00847	0.00399	0.00319	0.00921
16	0.57158	0.01256	0.01065	0.00943	0.01354	0.01397	0.00768	0.02210	0.01381	0.10486	0.01460	0.01598	0.01092	0.00730	0.00491	0.00215	0.00528	0.00482	0.14571	0.00816
17	0.02374	0.01859	0.01929	0.01584	0.02084	0.04688	0.01272	0.35493	0.31049	0.06331	0.02280	0.02168	0.01664	0.00917	0.00730	0.00229	0.00717	0.00721	0.00725	0.01185
18	0.01373	0.01292	0.02180	0.72707	0.05006	0.01615	0.02019	0.01857	0.01453	0.01857	0.01292	0.01938	0.00969	0.00727	0.00727	0.00242	0.00969	0.00646	0.00323	0.00807
19	0.01055	0.00713	0.00834	0.00834	0.00848	0.00727	0.00491	0.01083	0.01069	0.01440	0.02253	0.04550	0.02553	0.66948	0.11083	0.00755	0.00840	0.01027	0.00435	0.00463
20	0.01799	0.01727	0.02950	0.04462	0.69919	0.01727	0.02231	0.02231	0.01655	0.02375	0.01367	0.01799	0.01151	0.00648	0.00720	0.00216	0.00864	0.00648	0.00360	0.01151
21	0.01251	0.00802	0.00949	0.00904	0.01130	0.00746	0.00699	0.01612	0.04263	0.07515	0.29357	0.05179	0.20600	0.01428	0.00788	0.00229	0.00401	0.05788	0.15636	0.00722
22	0.02471	0.01891	0.02017	0.01613	0.02143	0.02118	0.01311	0.48060	0.23328	0.04111	0.02116	0.02041	0.01536	0.00907	0.00731	0.00227	0.00731	0.00706	0.00731	0.01210
23	0.00961	0.00705	0.00932	0.00975	0.01097	0.00677	0.00704	0.01194	0.01633	0.02241	0.28844	0.31546	0.10630	0.02420	0.11568	0.00398	0.00618	0.01542	0.00679	0.00637
24	0.01633	0.01092	0.01285	0.01029	0.01495	0.00906	0.00820	0.01990	0.03981	0.12906	0.05463	0.03173	0.12805	0.00958	0.00657	0.00175	0.00500	0.03575	0.09440	0.36118
25	0.01043	0.00759	0.01070	0.01070	0.01166	0.00855	0.00786	0.01235	0.01139	0.01615	0.02037	0.03353	0.02033	0.23510	0.53811	0.01047	0.01622	0.00852	0.00403	0.00594
26	0.01969	0.01703	0.02756	0.07460	0.18579	0.04565	0.19500	0.08913	0.01859	0.09884	0.01759	0.02355	0.01415	0.00841	0.00883	0.00239	0.05891	0.05089	0.03328	0.01012
27	0.01507	0.01292	0.01507	0.01077	0.01723	0.00969	0.00861	0.01830	0.01507	0.02369	0.01292	0.01507	0.01077	0.00538	0.00538	0.00108	0.00538	0.00431	0.00431	0.78898
28	0.01038	0.00779	0.01168	0.01168	0.01298	0.00909	0.00909	0.01298	0.01168	0.01687	0.01947	0.02856	0.01817	0.05452	0.71573	0.01168	0.01947	0.00779	0.00389	0.00649
29	0.01006	0.00683	0.00808	0.00859	0.00871	0.00670	0.00511	0.01044	0.01158	0.01543	0.02806	0.25538	0.03293	0.52786	0.02868	0.00582	0.00620	0.01360	0.00511	0.00485
30	0.00972	0.00707	0.00988	0.01064	0.01142	0.00747	0.00761	0.01148	0.01258	0.01737	0.02900	0.34850	0.03231	0.10404	0.33700	0.00735	0.01150	0.01381	0.00522	0.00604
31	0.00919	0.00727	0.00826	0.00826	0.01024	0.00635	0.00610	0.01149	0.01762	0.02269	0.27717	0.13761	0.41657	0.01770	0.00866	0.00245	0.00366	0.01519	0.00717	0.00635
32	0.01052	0.00858	0.01218	0.10126	0.08306	0.00852	0.01007	0.01280	0.01501	0.01954	0.04077	0.39409	0.16965	0.01818	0.00875	0.00274	0.00541	0.06604	0.00600	0.00683
33	0.01715	0.01076	0.01221	0.01039	0.01415	0.01029	0.00813	0.02399	0.15858	0.12835	0.08286	0.02871	0.05323	0.00925	0.00642	0.00191	0.00471	0.00762	0.25146	0.15982
34	0.01599	0.07578	0.14106	0.32721	0.20793	0.01799	0.02087	0.04459	0.01581	0.02149	0.01296	0.01755	0.01014	0.00717	0.00756	0.00228	0.03445	0.00608	0.00343	0.00965
35	0.01651	0.09164	0.17365	0.06215	0.33030	0.01764	0.10508	0.02165	0.01624	0.02268	0.03696	0.02021	0.03859	0.00725	0.00717	0.00220	0.00916	0.00681	0.00369	0.01042
36	0.26471	0.15180	0.17641	0.01767	0.07447	0.10853	0.04569	0.04379	0.01576	0.02514	0.01164	0.01376	0.00919	0.00680	0.00582	0.00209	0.00872	0.00484	0.00382	0.00936
37	0.01798	0.01568	0.02050	0.01702	0.02089	0.06489	0.13827	0.07419	0.20550	0.04895	0.02339	0.05529	0.01961	0.01029	0.00871	0.00243	0.05979	0.06667	0.12049	0.00945
38	0.03922	0.01419	0.08849	0.01288	0.01629	0.01275	0.01121	0.10770	0.01732	0.09417	0.03269	0.08931	0.17952	0.08657	0.06793	0.00367	0.10210	0.01006	0.00568	0.00828
39	0.01335	0.01619	0.11375	0.01958	0.02406	0.01339	0.25297	0.01759	0.01555	0.02152	0.07334	0.21849	0.05029	0.01457	0.04233	0.00304	0.06513	0.01180	0.00483	0.00822
40	0.01458	0.03760	0.70688	0.02072	0.03146	0.01688	0.02686	0.02302	0.01535	0.02302	0.01304	0.01535	0.00921	0.00691	0.00691	0.00230	0.01074	0.00537	0.00307	0.01074
41	0.01013	0.00731	0.00958	0.00925	0.01083	0.00676	0.00685	0.01333	0.01986	0.02801	0.62459	0.12833	0.06637	0.01572	0.00865	0.00236	0.00351	0.01396	0.00787	0.00676
42	0.02600	0.01599	0.01813	0.01430	0.01951	0.01663	0.01168	0.34569	0.08828	0.23896	0.02858	0.02674	0.09576	0.01006	0.00745	0.00226	0.00674	0.00797	0.00774	0.01155
43	0.01791	0.01475	0.02145	0.15565	0.10044	0.01602	0.09121	0.02884	0.28900	0.09280	0.04889	0.05212	0.01970	0.00917	0.00760	0.00241	0.00747	0.00832	0.00591	0.01034
44	0.07182	0.00776	0.00897	0.00888	0.00952	0.00822	0.00571	0.01195	0.01096	0.01615	0.02115	0.04058	0.02316	0.53450	0.18443	0.00770	0.00968	0.00944	0.00430	0.00514
45	0.00884	0.00641	0.00835	0.00991	0.01049	0.00592	0.00665	0.01015	0.01412	0.01864	0.04269	0.68736	0.09881	0.02243	0.00922	0.00291	0.00418	0.02025	0.00675	0.00592
46	0.12044	0.01748	0.01990	0.01715	0.04668	0.07198	0.07301	0.22572	0.11607	0.05756	0.01985	0.09217	0.01673	0.01134	0.03158	0.00267	0.03568	0.00799	0.00593	0.01007
47	0.01664	0.01589	0.02706	0.26108	0.49330	0.01692	0.02164	0.02112	0.01591	0.02211	0.01343	0.01843	0.01094	0.00673	0.00722	0.00224	0.00897	0.00647	0.00348	0.01042
48	0.01767	0.01695	0.02893	0.09568	0.65063	0.01719	0.02215	0.02203	0.01640	0.02336	0.01362	0.01809	0.01138	0.00654	0.00720	0.00218	0.00871	0.00648	0.00357	0.01126
49	0.01043	0.00762	0.01082	0.01082	0.01182	0.00862	0.00801	0.01243	0.01143	0.01624	0.02026	0.03291	0.02006	0.21269	0.56014	0.01062	0.01662	0.00843	0.00401	0.00601
50	0.09625	0.04734	0.04199	0.01484	0.02010	0.08531	0.01243	0.31665	0.07908	0.12679	0.02250	0.02196	0.06456	0.00913	0.00695	0.00219	0.00760	0.00689	0.00658	0.01086
51	0.70438	0.01524	0.01178	0.01043	0.01494	0.04567	0.00851	0.05102	0.03599	0.03251	0.01114	0.01262	0.00861	0.00697	0.00480	0.00224	0.00604	0.00422	0.00469	0.00821
52	0.01541	0.01464	0.02510	0.04401	0.04799	0.01456	0.27005	0.07227	0.10371	0.02435	0.04671	0.11295	0.09411	0.06762	0.01052	0.00283	0.00834	0.01066	0.00530	0.00887
53	0.01118	0.00733	0.00909	0.00946	0.01112	0.00654	0.00678	0.01305	0.01624	0.08366	0.14027	0.38825	0.23157	0.01916	0.00880	0.00265	0.00414	0.01687	0.00713	0.00670
54	0.05166	0.04221	0.01921	0.01501	0.01907	0.01504	0.06229	0.11826	0.08354	0.23564	0.04659	0.13215	0.02169	0.01135	0.00941	0.00246	0.08828	0.00926	0.00675	0.01012
55	0.12618	0.01757	0.02473	0.08707	0.41757	0.03992	0.01845	0.13417	0.01898	0.02816	0.01370	0.01701	0.01095	0.00699	0.00682	0.00219	0.00834	0.00608	0.00433	0.01080
56	0.01122	0.00762	0.00895	0.00868	0.01086	0.00671	0.00648	0.01362	0.01777	0.07611	0.25813	0.14403	0.33965	0.01673	0.00844	0.00242	0.00385	0.01437	0.03752	0.00684
57	0.01542	0.14447	0.57812	0.01988	0.02979	0.01874	0.05150	0.02284	0.01533	0.02214	0.01267	0.01497	0.00930	0.00677	0.00664	0.00220	0.01036	0.00528	0.00310	0.01049
58	0.01401	0.01223	0.01484	0.01333	0.01536	0.01431	0.01065	0.06027	0.13623	0.02372	0.11311	0.06713	0.20494	0.01437	0.01295	0.00269	0.22284	0.03290	0.00597	0.00813
59	0.00930	0.00727	0.00843	0.00840	0.01032	0.00640	0.00620	0.01171	0.01786	0.02332	0.31855	0.14316	0.36807	0.01751	0.00867	0.00245	0.00364	0.01509	0.00725	0.00640
60	0.01847	0.02039	0.16096	0.01840	0.04312	0.03846	0.08691	0.15850	0.13414	0.05442	0.01889	0.02141	0.01458	0.01776	0.15572	0.00427	0.01115	0.00704	0.00519	0.01023
61	0.01799	0.01727	0.02950	0.04462	0.69919	0.01727	0.02231	0.02231	0.01655	0.02375	0.01367	0.01799	0.01151	0.00648	0.00720	0.00216	0.00864	0.00648	0.00360	0.01151
62	0.01458	0.03760	0.70688	0.02072	0.03146	0.01688	0.02686	0.02302	0.01535	0.02302	0.01304	0.01535	0.00921	0.00691	0.00691	0.00230	0.01074	0.00537	0.00307	0.01074
63	0.01943	0.74891	0.03809	0.01244	0.01866	0.02876	0.01244	0.02177	0.01477	0.01710	0.01011	0.01166	0.00933	0.00622	0.00466	0.00155	0.00777	0.00389	0.00311	0.00933
64	0.00886	0.00633	0.00843	0.01012	0.01054	0.00590	0.00675	0.01012	0.01392	0.01856	0.04006	0.73979	0.04808	0.02277	0.00928	0.00295	0.00422	0.02066	0.00675	0.00590
65	0.01943	0.74891	0.03809	0.01244	0.01866	0.02876	0.01244	0.02177	0.01477	0.01710	0.01011	0.01166	0.00933	0.00622	0.00466	0.00155	0.00777	0.00389	0.00311	0.00933
66	0.00921	0.00658	0.00885	0.01053	0.01111	0.00621	0.00737	0.01074	0.01427	0.01896	0.03987	0.65725	0.04729	0.02244	0.00937	0.00300	0.00453	0.09967	0.00674	0.00600

[dist]
# distance from previous block
# <min> <max>
0	35

[block]
# block no. 1 follows, 28 sequences, length 56
# corresponding to MSA columns:
# 193-223,226-250
name=unknown_B
#
# <colnr> <probs for GDERKNQSTAVLIFYWHMCP>
#	G	D	E	R	K	N	Q	S	T	A	V	L	I	F	Y	W	H	M	C	P
0	0.01605	0.01277	0.01505	0.01116	0.01717	0.01004	0.00895	0.04338	0.01608	0.05719	0.01575	0.04457	0.01364	0.00684	0.00585	0.00132	0.00552	0.02795	0.00482	0.66588
1	0.02715	0.03464	0.02060	0.01873	0.02247	0.71536	0.01404	0.02903	0.02060	0.01779	0.01124	0.01311	0.00936	0.00749	0.00655	0.00187	0.01311	0.00468	0.00375	0.00843
2	0.01590	0.01590	0.02226	0.01908	0.01908	0.02226	0.01590	0.01749	0.01113	0.01749	0.00954	0.01590	0.00954	0.01272	0.02385	0.00318	0.73123	0.00636	0.00318	0.00795
3	0.00886	0.00633	0.00843	0.01012	0.01054	0.00590	0.00675	0.01012	0.01392	0.01856	0.04006	0.73979	0.04808	0.02277	0.00928	0.00295	0.00422	0.02066	0.00675	0.00590
4	0.01794	0.01321	0.01436	0.01206	0.01596	0.01366	0.00960	0.25759	0.09175	0.06582	0.13080	0.04205	0.25899	0.01305	0.00792	0.00232	0.00556	0.01071	0.00729	0.00936
5	0.79588	0.01406	0.01068	0.00956	0.01406	0.01631	0.00787	0.02137	0.01237	0.03261	0.01012	0.01181	0.00787	0.00675	0.00450	0.00225	0.00562	0.00394	0.00450	0.00787
6	0.01012	0.00822	0.01013	0.01236	0.05379	0.03457	0.00789	0.01165	0.01458	0.01895	0.04030	0.60615	0.10245	0.02077	0.00898	0.00282	0.00479	0.01867	0.00643	0.00637
7	0.01726	0.01671	0.02919	0.06737	0.58109	0.01670	0.07638	0.02158	0.01638	0.02323	0.01517	0.05762	0.01340	0.00737	0.00743	0.00224	0.00874	0.00743	0.00376	0.01093
8	0.01690	0.01901	0.04032	0.06356	0.03716	0.01857	0.59188	0.02262	0.01658	0.02262	0.01423	0.01932	0.01085	0.00668	0.00966	0.00250	0.06603	0.00831	0.00362	0.00958
9	0.01772	0.05405	0.04518	0.17434	0.32070	0.08198	0.07832	0.02248	0.04049	0.02155	0.01348	0.01777	0.01098	0.00728	0.00839	0.00227	0.06301	0.00640	0.00361	0.00999
10	0.01045	0.00765	0.01096	0.01124	0.01235	0.00853	0.00857	0.01268	0.01219	0.01710	0.02321	0.08208	0.02364	0.14325	0.50544	0.00964	0.01549	0.07491	0.00443	0.00619
11	0.00878	0.00663	0.00812	0.00930	0.01033	0.00597	0.00638	0.01021	0.01470	0.01888	0.05004	0.54077	0.24066	0.02148	0.00907	0.00280	0.00406	0.01908	0.00675	0.00597
12	0.01799	0.01727	0.02950	0.04462	0.69919	0.01727	0.02231	0.02231	0.01655	0.02375	0.01367	0.01799	0.01151	0.00648	0.00720	0.00216	0.00864	0.00648	0.00360	0.01151
13	0.00900	0.00647	0.00855	0.01009	0.01068	0.00603	0.00687	0.01043	0.01436	0.01910	0.06607	0.66672	0.07299	0.02222	0.00925	0.00292	0.00425	0.04121	0.00679	0.00598
14	0.02467	0.01855	0.02075	0.01758	0.05891	0.02048	0.01357	0.53038	0.07263	0.04071	0.01897	0.04519	0.01463	0.01218	0.05372	0.00285	0.00850	0.00724	0.00683	0.01164
15	0.01057	0.00705	0.00793	0.00793	0.00793	0.00705	0.00440	0.01057	0.01057	0.01409	0.02290	0.04757	0.02643	0.74454	0.03700	0.00705	0.00705	0.01057	0.00440	0.00440
16	0.01707	0.01039	0.03567	0.01182	0.01472	0.00932	0.00950	0.03508	0.01669	0.21234	0.06504	0.22004	0.08117	0.04568	0.08442	0.00370	0.03279	0.05794	0.00675	0.02987
17	0.02613	0.02955	0.02032	0.01786	0.02205	0.49576	0.01369	0.15528	0.10477	0.02476	0.01469	0.01567	0.01152	0.00802	0.00680	0.00201	0.01122	0.00548	0.00488	0.00957
18	0.01423	0.01303	0.01983	0.01609	0.02012	0.01298	0.18049	0.05301	0.17116	0.02563	0.12957	0.07928	0.19267	0.01259	0.00832	0.00247	0.00665	0.02686	0.00630	0.00872
19	0.04196	0.01923	0.01638	0.01553	0.04489	0.21492	0.01142	0.05030	0.26323	0.02630	0.15209	0.02949	0.06302	0.01034	0.00735	0.00223	0.00749	0.00828	0.00619	0.00937
20	0.02011	0.43382	0.07567	0.01436	0.02017	0.05626	0.05061	0.02355	0.03280	0.10537	0.04031	0.01842	0.04000	0.00777	0.00648	0.00190	0.03278	0.00570	0.00434	0.00958
21	0.01026	0.00733	0.01005	0.01173	0.01277	0.00712	0.00919	0.01255	0.01530	0.02013	0.03929	0.41582	0.04500	0.02145	0.00965	0.00315	0.00544	0.33075	0.00672	0.00629
22	0.01626	0.01601	0.01799	0.01625	0.01958	0.13516	0.09888	0.02377	0.18727	0.02300	0.03065	0.11592	0.06817	0.01361	0.00840	0.00265	0.00787	0.18408	0.00597	0.00851
23	0.01868	0.04653	0.02934	0.04150	0.62752	0.01808	0.02136	0.06535	0.01764	0.02494	0.01378	0.01770	0.01148	0.00661	0.00710	0.00214	0.00856	0.00638	0.00382	0.01148
24	0.01029	0.00743	0.00972	0.00914	0.01086	0.00686	0.00686	0.01372	0.02058	0.02915	0.69536	0.05430	0.06859	0.01486	0.00857	0.00229	0.00343	0.01315	0.00800	0.00686
25	0.01476	0.01398	0.02367	0.56147	0.20758	0.01642	0.02070	0.01948	0.01502	0.01983	0.01310	0.01904	0.01013	0.00708	0.00725	0.00236	0.00943	0.00646	0.00332	0.00891
26	0.01537	0.01466	0.02504	0.39165	0.21244	0.01619	0.09137	0.04551	0.01628	0.02159	0.01804	0.02276	0.06189	0.00783	0.00749	0.00235	0.00918	0.00737	0.00380	0.00918
27	0.04552	0.31342	0.35166	0.01591	0.02401	0.02064	0.01857	0.02158	0.01507	0.02089	0.01515	0.01679	0.04751	0.00721	0.00597	0.00197	0.00878	0.00525	0.00339	0.04073
28	0.00882	0.00712	0.00785	0.00820	0.01009	0.00615	0.00595	0.01067	0.01630	0.02027	0.12420	0.23115	0.47955	0.01913	0.00876	0.00256	0.00379	0.01643	0.00687	0.00615
29	0.01789	0.01267	0.01462	0.01517	0.05352	0.08159	0.01163	0.06070	0.01869	0.14412	0.05638	0.14369	0.03266	0.01554	0.00872	0.00277	0.00699	0.28752	0.00673	0.00839
30	0.02413	0.01571	0.01999	0.15954	0.09328	0.04925	0.01440	0.13576	0.08506	0.26288	0.02073	0.02103	0.01443	0.00821	0.00717	0.00221	0.00769	0.00676	0.00641	0.04536
31	0.02841	0.01263	0.01638	0.01283	0.01785	0.01162	0.01048	0.11552	0.02252	0.51091	0.13318	0.02849	0.02530	0.00989	0.00751	0.00225	0.00598	0.00814	0.00861	0.01149
32	0.01127	0.00765	0.01003	0.00931	0.01120	0.00703	0.00703	0.01467	0.02059	0.05888	0.66600	0.05300	0.06636	0.01460	0.00852	0.00228	0.00355	0.01289	0.00805	0.00710
33	0.01780	0.01813	0.02576	0.24333	0.38963	0.10627	0.02034	0.02184	0.01623	0.02117	0.01296	0.01769	0.01061	0.00712	0.00787	0.00225	0.04135	0.00624	0.00349	0.00994
34	0.01559	0.01442	0.02327	0.12836	0.42536	0.01484	0.01801	0.02048	0.05320	0.02350	0.09298	0.05333	0.06722	0.00912	0.00754	0.00228	0.00755	0.00844	0.00457	0.00996
35	0.02719	0.03370	0.02068	0.01859	0.02248	0.66964	0.01403	0.07165	0.02150	0.01964	0.01165	0.01340	0.00956	0.00757	0.00660	0.00189	0.01277	0.00480	0.00398	0.00869
36	0.01648	0.01542	0.02499	0.16168	0.41605	0.01625	0.03598	0.02287	0.10161	0.02384	0.05873	0.04093	0.01705	0.00800	0.00741	0.00228	0.00811	0.00754	0.00437	0.01040
37	0.01463	0.03550	0.64683	0.02168	0.06797	0.01658	0.02596	0.02268	0.01558	0.02326	0.03495	0.01674	0.01124	0.00714	0.00698	0.00229	0.01039	0.00568	0.00326	0.01066
38	0.01381	0.01299	0.02162	0.61153	0.11213	0.01560	0.01943	0.01841	0.01487	0.01916	0.01700	0.02258	0.05517	0.00792	0.00735	0.00240	0.00919	0.00705	0.00350	0.00829
39	0.01620	0.11902	0.52222	0.01991	0.02921	0.01895	0.05658	0.06569	0.01645	0.02362	0.01294	0.01529	0.00954	0.00713	0.00741	0.00225	0.03823	0.00547	0.00339	0.01053
40	0.01834	0.01729	0.02850	0.04195	0.63691	0.01751	0.02140	0.04677	0.05445	0.02491	0.01470	0.01848	0.01214	0.00675	0.00721	0.00218	0.00845	0.00658	0.00394	0.01154
41	0.12966	0.01853	0.01950	0.01729	0.06869	0.07220	0.01306	0.33407	0.05115	0.07405	0.06095	0.01950	0.01566	0.00897	0.00819	0.00226	0.06283	0.00657	0.00620	0.01065
42	0.02468	0.08276	0.02258	0.04357	0.06481	0.54360	0.01480	0.02681	0.01897	0.01811	0.01123	0.01374	0.00952	0.00775	0.00787	0.00199	0.07002	0.00493	0.00363	0.00863
43	0.01981	0.01746	0.01695	0.01504	0.01918	0.09071	0.01170	0.07139	0.53282	0.05459	0.05048	0.02600	0.02179	0.00970	0.00734	0.00237	0.00658	0.00790	0.00709	0.01110
44	0.01089	0.00842	0.01137	0.01107	0.01189	0.00967	0.00816	0.01251	0.01172	0.01639	0.02395	0.06007	0.06944	0.24689	0.36415	0.00840	0.09531	0.00942	0.00427	0.00600
45	0.01038	0.00779	0.01168	0.01168	0.01298	0.00909	0.00909	0.01298	0.01168	0.01687	0.01947	0.02856	0.01817	0.05452	0.71573	0.01168	0.01947	0.00779	0.00389	0.00649
46	0.02064	0.01447	0.01666	0.01470	0.01872	0.01561	0.01212	0.23874	0.19032	0.10364	0.02839	0.05771	0.02493	0.01271	0.00817	0.00262	0.00677	0.19546	0.00730	0.01033
47	0.01784	0.16440	0.26404	0.02381	0.08861	0.09369	0.20193	0.02343	0.01640	0.02149	0.01282	0.01583	0.00996	0.00658	0.00694	0.00214	0.01067	0.00601	0.00336	0.01004
48	0.01091	0.00779	0.01079	0.01247	0.01379	0.00767	0.01031	0.01367	0.01594	0.02085	0.03893	0.26752	0.04359	0.02084	0.00983	0.00324	0.00600	0.47270	0.00671	0.00647
49	0.00917	0.00640	0.00861	0.01021	0.01065	0.00602	0.00691	0.01027	0.01378	0.01835	0.03851	0.67656	0.04591	0.02281	0.01035	0.04589	0.00442	0.04286	0.00655	0.00578
50	0.02607	0.01738	0.05765	0.01708	0.06557	0.01686	0.01355	0.24523	0.15869	0.26869	0.02330	0.02185	0.01607	0.00880	0.00728	0.00227	0.00711	0.00708	0.00742	0.01205
51	0.02361	0.07610	0.02158	0.01878	0.08068	0.22754	0.01391	0.20694	0.12250	0.05481	0.01854	0.02234	0.01506	0.00900	0.00709	0.00217	0.00906	0.05433	0.00563	0.01033
52	0.02455	0.01450	0.01696	0.01373	0.01841	0.01488	0.01107	0.25574	0.10364	0.25801	0.09165	0.07413	0.04787	0.01082	0.00760	0.00231	0.00628	0.00888	0.00788	0.01108
53	0.01044	0.01000	0.04732	0.01101	0.01231	0.05338	0.00815	0.01211	0.01442	0.01859	0.03772	0.58139	0.07843	0.05568	0.01028	0.00302	0.00527	0.01799	0.00623	0.00628
54	0.02448	0.01853	0.01949	0.01612	0.02053	0.15900	0.05805	0.09077	0.14155	0.23761	0.04854	0.05389	0.01879	0.00966	0.00829	0.00230	0.04755	0.00771	0.00664	0.01048
55	0.07938	0.04351	0.02241	0.03509	0.02265	0.06292	0.12528	0.16969	0.06446	0.10645	0.06249	0.02256	0.04257	0.00875	0.00796	0.00221	0.04302	0.00727	0.00578	0.06557

[dist]
# distance from previous block
# <min> <max>
0	28

[block]
# block no. 2 follows, 28 sequences, length 29
# corresponding to MSA columns:
# 279-307
name=unknown_C
#
# <colnr> <probs for GDERKNQSTAVLIFYWHMCP>
#	G	D	E	R	K	N	Q	S	T	A	V	L	I	F	Y	W	H	M	C	P
0	0.01471	0.03666	0.67237	0.02123	0.03180	0.01696	0.06042	0.02303	0.01544	0.02303	0.01313	0.01557	0.00930	0.00687	0.00699	0.00231	0.01082	0.00554	0.00310	0.01069
1	0.01336	0.01210	0.01711	0.01540	0.01591	0.01603	0.01242	0.01524	0.01131	0.01701	0.01437	0.02309	0.01411	0.08051	0.29614	0.00679	0.40122	0.00722	0.00355	0.00713
2	0.01943	0.74891	0.03809	0.01244	0.01866	0.02876	0.01244	0.02177	0.01477	0.01710	0.01011	0.01166	0.00933	0.00622	0.00466	0.00155	0.00777	0.00389	0.00311	0.00933
3	0.01002	0.00742	0.00934	0.00886	0.01069	0.00674	0.00665	0.01320	0.01994	0.02764	0.59695	0.05678	0.16794	0.01542	0.00858	0.00231	0.00347	0.01349	0.00780	0.00674
4	0.01507	0.01292	0.01507	0.01077	0.01723	0.00969	0.00861	0.01830	0.01507	0.02369	0.01292	0.01507	0.01077	0.00538	0.00538	0.00108	0.00538	0.00431	0.00431	0.78898
5	0.01229	0.01052	0.01504	0.01395	0.01471	0.01347	0.01109	0.01435	0.01141	0.01688	0.01631	0.02560	0.01581	0.09066	0.42828	0.00842	0.26317	0.00750	0.00369	0.00684
6	0.01590	0.01590	0.02226	0.01908	0.01908	0.02226	0.01590	0.01749	0.01113	0.01749	0.00954	0.01590	0.00954	0.01272	0.02385	0.00318	0.73123	0.00636	0.00318	0.00795
7	0.01063	0.00829	0.01187	0.01052	0.01270	0.00761	0.05413	0.01411	0.01998	0.02788	0.59152	0.05322	0.12042	0.01456	0.00858	0.00231	0.00408	0.01302	0.00758	0.00700
8	0.01373	0.01292	0.02180	0.72707	0.05006	0.01615	0.02019	0.01857	0.01453	0.01857	0.01292	0.01938	0.00969	0.00727	0.00727	0.00242	0.00969	0.00646	0.00323	0.00807
9	0.01029	0.00743	0.00972	0.00914	0.01086	0.00686	0.00686	0.01372	0.02058	0.02915	0.69536	0.05430	0.06859	0.01486	0.00857	0.00229	0.00343	0.01315	0.00800	0.00686
10	0.02787	0.01998	0.02158	0.01654	0.02235	0.02198	0.01367	0.64449	0.03354	0.07718	0.01799	0.01780	0.01263	0.00874	0.00727	0.00218	0.00791	0.00658	0.00735	0.01236
11	0.00927	0.00795	0.00801	0.00789	0.01046	0.00699	0.00595	0.01244	0.06422	0.02040	0.07050	0.06691	0.64827	0.01780	0.00851	0.00246	0.00383	0.01483	0.00680	0.00652
12	0.01943	0.74891	0.03809	0.01244	0.01866	0.02876	0.01244	0.02177	0.01477	0.01710	0.01011	0.01166	0.00933	0.00622	0.00466	0.00155	0.00777	0.00389	0.00311	0.00933
13	0.01460	0.01018	0.01118	0.01155	0.01344	0.07030	0.00870	0.01663	0.01625	0.11888	0.03733	0.37971	0.08416	0.01808	0.00868	0.00274	0.00566	0.12811	0.03656	0.00726
14	0.07424	0.02041	0.06155	0.13084	0.35576	0.12478	0.06237	0.04340	0.01713	0.02336	0.01309	0.01695	0.01054	0.00683	0.00699	0.00219	0.00958	0.00610	0.00373	0.01017
15	0.00879	0.00737	0.00763	0.00757	0.00994	0.00622	0.00568	0.01081	0.01703	0.02073	0.14527	0.06815	0.62393	0.01800	0.00859	0.00244	0.00365	0.01509	0.00689	0.00622
16	0.01070	0.00704	0.00788	0.00788	0.00795	0.00704	0.00443	0.01085	0.01078	0.01467	0.02294	0.04666	0.02608	0.71173	0.03558	0.00681	0.00688	0.01040	0.03920	0.00451
17	0.01261	0.00696	0.00762	0.00746	0.00916	0.00680	0.00559	0.01601	0.01678	0.02769	0.21739	0.03494	0.03304	0.01031	0.00609	0.00186	0.00340	0.00861	0.56086	0.00680
18	0.79588	0.01406	0.01068	0.00956	0.01406	0.01631	0.00787	0.02137	0.01237	0.03261	0.01012	0.01181	0.00787	0.00675	0.00450	0.00225	0.00562	0.00394	0.00450	0.00787
19	0.01734	0.01459	0.01865	0.01692	0.05433	0.06763	0.10379	0.08118	0.15150	0.07371	0.04812	0.21195	0.05339	0.01262	0.00795	0.00245	0.00698	0.01132	0.03643	0.00916
20	0.01263	0.00631	0.00947	0.00947	0.00947	0.00631	0.00631	0.00947	0.00947	0.01263	0.01263	0.02210	0.01263	0.02525	0.02841	0.78851	0.00631	0.00631	0.00316	0.00316
21	0.01038	0.00779	0.01168	0.01168	0.01298	0.00909	0.00909	0.01298	0.01168	0.01687	0.01947	0.02856	0.01817	0.05452	0.71573	0.01168	0.01947	0.00779	0.00389	0.00649
22	0.02507	0.02319	0.02010	0.01680	0.02160	0.21718	0.01329	0.33056	0.19617	0.03397	0.01878	0.01868	0.01401	0.00867	0.00710	0.00217	0.00887	0.00644	0.00631	0.01103
23	0.00998	0.00748	0.00929	0.00901	0.01089	0.00679	0.00687	0.01303	0.01937	0.02639	0.50367	0.05987	0.21582	0.01605	0.00868	0.00240	0.00371	0.05642	0.00762	0.00668
24	0.01628	0.01527	0.02577	0.28509	0.43852	0.01641	0.02080	0.02075	0.01578	0.02206	0.01385	0.01888	0.01118	0.00684	0.00713	0.00223	0.00878	0.00648	0.03781	0.01009
25	0.04799	0.03894	0.01501	0.01209	0.01593	0.01526	0.00971	0.23801	0.14914	0.03275	0.02651	0.02702	0.08231	0.01100	0.02750	0.00239	0.00610	0.00763	0.22515	0.00958
26	0.01455	0.01412	0.02279	0.57321	0.08905	0.03909	0.04692	0.01910	0.01473	0.01898	0.01310	0.01930	0.01017	0.00920	0.03507	0.00277	0.03966	0.00654	0.00331	0.00832
27	0.66267	0.01515	0.01261	0.01080	0.01553	0.01739	0.00890	0.13470	0.01615	0.03490	0.01139	0.01279	0.00865	0.00709	0.00498	0.00224	0.00603	0.00439	0.00498	0.00865
28	0.19805	0.04453	0.01643	0.01324	0.01783	0.10373	0.01060	0.11371	0.17126	0.09164	0.04919	0.02203	0.04673	0.00877	0.00647	0.00215	0.00684	0.00659	0.00603	0.06419

[dist]
# distance from previous block
# <min> <max>
1	3

[block]
# block no. 3 follows, 28 sequences, length 138
# corresponding to MSA columns:
# 311-448
name=unknown_D
#
# <colnr> <probs for GDERKNQSTAVLIFYWHMCP>
#	G	D	E	R	K	N	Q	S	T	A	V	L	I	F	Y	W	H	M	C	P
0	0.01563	0.01138	0.01525	0.01238	0.01690	0.00958	0.05474	0.01908	0.03582	0.10814	0.04883	0.17427	0.04711	0.01126	0.00721	0.00197	0.00568	0.04678	0.00580	0.35219
1	0.01649	0.01288	0.01522	0.01094	0.01733	0.00977	0.00878	0.01969	0.01554	0.07871	0.01419	0.01585	0.01135	0.00568	0.00554	0.00117	0.00545	0.00455	0.00469	0.72618
2	0.01228	0.06102	0.01297	0.01157	0.04992	0.01077	0.00826	0.03736	0.11654	0.02327	0.15493	0.07476	0.32135	0.06124	0.00986	0.00265	0.00487	0.01225	0.00649	0.00764
3	0.00876	0.00735	0.00746	0.00745	0.00974	0.00621	0.00549	0.01053	0.01633	0.01958	0.08834	0.06819	0.63886	0.06114	0.01027	0.00272	0.00387	0.01500	0.00665	0.00605
4	0.01761	0.01449	0.01542	0.01380	0.01776	0.01630	0.01075	0.05362	0.54943	0.05377	0.05478	0.03224	0.09630	0.01088	0.00756	0.00244	0.00554	0.00906	0.00740	0.01083
5	0.01510	0.01346	0.02114	0.24329	0.18612	0.01357	0.05653	0.01922	0.01536	0.02230	0.01526	0.04141	0.01267	0.00716	0.00668	0.00196	0.00766	0.00654	0.09084	0.20373
6	0.01498	0.01476	0.02230	0.62611	0.09735	0.06483	0.01992	0.01958	0.01511	0.01891	0.01286	0.01884	0.00981	0.00722	0.00721	0.00236	0.00985	0.00634	0.00329	0.00836
7	0.01672	0.19250	0.12135	0.01328	0.01942	0.06333	0.01256	0.04880	0.01649	0.02255	0.05204	0.06681	0.01597	0.00783	0.00604	0.00167	0.00718	0.00611	0.00431	0.30504
8	0.01910	0.69948	0.08457	0.01301	0.01955	0.02794	0.01344	0.02185	0.01481	0.01751	0.01031	0.01192	0.00932	0.00627	0.00482	0.00161	0.00798	0.00399	0.00311	0.00943
9	0.00878	0.00714	0.00780	0.00829	0.01020	0.00616	0.00607	0.01053	0.01590	0.01944	0.06375	0.24160	0.50617	0.01959	0.00882	0.00262	0.00393	0.04038	0.00675	0.00610
10	0.00879	0.00690	0.00795	0.00868	0.01019	0.00606	0.00613	0.01044	0.01556	0.01957	0.08610	0.36996	0.37748	0.02021	0.00890	0.00267	0.00391	0.01763	0.00680	0.00606
11	0.01586	0.22494	0.53074	0.01854	0.02809	0.02001	0.02306	0.02269	0.01519	0.02146	0.01227	0.01438	0.00924	0.00673	0.00632	0.00211	0.00996	0.00498	0.00308	0.01037
12	0.01417	0.01287	0.01885	0.45148	0.03711	0.01446	0.01588	0.02046	0.09851	0.02110	0.01922	0.02304	0.05917	0.00801	0.00702	0.00217	0.00796	0.00689	0.00420	0.15746
13	0.01426	0.01223	0.01411	0.01034	0.01630	0.00925	0.00823	0.01732	0.01526	0.02318	0.02049	0.02192	0.09624	0.00701	0.00578	0.00125	0.00517	0.00568	0.00461	0.69136
14	0.01693	0.38267	0.38244	0.01670	0.02525	0.02265	0.01986	0.02241	0.01507	0.02015	0.01162	0.01356	0.00927	0.00657	0.00582	0.00194	0.00930	0.00465	0.00309	0.01006
15	0.01478	0.01262	0.01455	0.01099	0.01679	0.01016	0.00877	0.01950	0.07641	0.02395	0.01954	0.02228	0.06051	0.00720	0.00595	0.00138	0.00534	0.02760	0.00484	0.63684
16	0.00904	0.00738	0.00798	0.00783	0.01009	0.00633	0.00587	0.01129	0.01762	0.02213	0.23665	0.06585	0.53168	0.01748	0.00859	0.00241	0.00362	0.01477	0.00708	0.00633
17	0.01023	0.00743	0.00964	0.00909	0.01083	0.00684	0.00682	0.01361	0.02045	0.02884	0.67542	0.05480	0.08872	0.01497	0.00857	0.00229	0.00344	0.01322	0.00796	0.00684
18	0.00884	0.00638	0.00838	0.00997	0.01050	0.00592	0.00668	0.01014	0.01406	0.01862	0.04190	0.70319	0.08350	0.02253	0.00924	0.00292	0.00419	0.02037	0.00675	0.00592
19	0.03261	0.01237	0.01687	0.01293	0.01856	0.01068	0.01068	0.03543	0.02081	0.70423	0.02868	0.02474	0.01799	0.00900	0.00731	0.00225	0.00619	0.00731	0.00900	0.01237
20	0.01049	0.00735	0.00946	0.00946	0.00999	0.00788	0.00631	0.01155	0.01102	0.01523	0.02151	0.03983	0.02307	0.46355	0.31339	0.00893	0.01211	0.00944	0.00420	0.00525
21	0.01943	0.74891	0.03809	0.01244	0.01866	0.02876	0.01244	0.02177	0.01477	0.01710	0.01011	0.01166	0.00933	0.00622	0.00466	0.00155	0.00777	0.00389	0.00311	0.00933
22	0.00859	0.00736	0.00736	0.00736	0.00982	0.00614	0.00552	0.01043	0.01657	0.01964	0.07364	0.06996	0.69624	0.01841	0.00859	0.00245	0.00368	0.01534	0.00675	0.00614
23	0.01458	0.03760	0.70688	0.02072	0.03146	0.01688	0.02686	0.02302	0.01535	0.02302	0.01304	0.01535	0.00921	0.00691	0.00691	0.00230	0.01074	0.00537	0.00307	0.01074
24	0.01777	0.01500	0.01577	0.01424	0.01818	0.01729	0.01106	0.03712	0.63944	0.03018	0.02918	0.02712	0.02194	0.00977	0.00724	0.00241	0.00559	0.00812	0.06143	0.01118
25	0.01808	0.01561	0.01644	0.01479	0.01890	0.01808	0.01151	0.03863	0.68606	0.03041	0.02959	0.02712	0.02219	0.00986	0.00740	0.00247	0.00575	0.00822	0.00740	0.01151
26	0.01799	0.01727	0.02950	0.04462	0.69919	0.01727	0.02231	0.02231	0.01655	0.02375	0.01367	0.01799	0.01151	0.00648	0.00720	0.00216	0.00864	0.00648	0.00360	0.01151
27	0.00943	0.00725	0.01083	0.01155	0.01245	0.00677	0.05303	0.01104	0.01414	0.01888	0.03830	0.68974	0.04550	0.02162	0.00923	0.00292	0.00478	0.01982	0.00653	0.00618
28	0.01507	0.01292	0.01507	0.01077	0.01723	0.00969	0.00861	0.01830	0.01507	0.02369	0.01292	0.01507	0.01077	0.00538	0.00538	0.00108	0.00538	0.00431	0.00431	0.78898
29	0.00886	0.00633	0.00843	0.01012	0.01054	0.00590	0.00675	0.01012	0.01392	0.01856	0.04006	0.73979	0.04808	0.02277	0.00928	0.00295	0.00422	0.02066	0.00675	0.00590
30	0.01799	0.01727	0.02950	0.04462	0.69919	0.01727	0.02231	0.02231	0.01655	0.02375	0.01367	0.01799	0.01151	0.00648	0.00720	0.00216	0.00864	0.00648	0.00360	0.01151
31	0.01057	0.00705	0.00793	0.00793	0.00793	0.00705	0.00440	0.01057	0.01057	0.01409	0.02290	0.04757	0.02643	0.74454	0.03700	0.00705	0.00705	0.01057	0.00440	0.00440
32	0.01507	0.01292	0.01507	0.01077	0.01723	0.00969	0.00861	0.01830	0.01507	0.02369	0.01292	0.01507	0.01077	0.00538	0.00538	0.00108	0.00538	0.00431	0.00431	0.78898
33	0.02000	0.69828	0.03696	0.01274	0.01893	0.02833	0.01253	0.06716	0.01612	0.01910	0.01062	0.01206	0.00954	0.00639	0.00485	0.00160	0.00779	0.00407	0.00340	0.00954
34	0.03056	0.01341	0.01729	0.01335	0.01878	0.01242	0.01099	0.13928	0.02299	0.55868	0.06375	0.02518	0.01987	0.00928	0.00737	0.00224	0.00633	0.00751	0.00866	0.01206
35	0.02172	0.09817	0.03213	0.02267	0.02865	0.17778	0.30958	0.09740	0.05631	0.06197	0.01533	0.01777	0.01162	0.00709	0.00743	0.00219	0.01083	0.00689	0.00453	0.00996
36	0.01868	0.01542	0.01632	0.01431	0.01833	0.01752	0.01112	0.13635	0.50760	0.03124	0.02887	0.02873	0.04689	0.06371	0.00959	0.00275	0.00612	0.00840	0.00713	0.01092
37	0.01943	0.74891	0.03809	0.01244	0.01866	0.02876	0.01244	0.02177	0.01477	0.01710	0.01011	0.01166	0.00933	0.00622	0.00466	0.00155	0.00777	0.00389	0.00311	0.00933
38	0.01716	0.01961	0.04289	0.03064	0.03799	0.01838	0.67279	0.02328	0.01716	0.02328	0.01471	0.01961	0.01103	0.00613	0.00858	0.00245	0.01225	0.00858	0.00368	0.00980
39	0.00864	0.00737	0.00744	0.00742	0.00985	0.00616	0.00556	0.01053	0.01669	0.01993	0.09273	0.06947	0.67697	0.01830	0.00859	0.00245	0.00367	0.01527	0.00679	0.00616
40	0.01136	0.00825	0.01122	0.01270	0.01446	0.00811	0.01101	0.01453	0.01671	0.02151	0.04249	0.08062	0.11629	0.01989	0.00988	0.00325	0.00635	0.57803	0.00670	0.00663
41	0.01171	0.00837	0.01171	0.01339	0.01506	0.00837	0.01171	0.01506	0.01673	0.02175	0.03849	0.08199	0.04183	0.02008	0.01004	0.00335	0.00669	0.65027	0.00669	0.00669
42	0.00859	0.00736	0.00736	0.00736	0.00982	0.00614	0.00552	0.01043	0.01657	0.01964	0.07364	0.06996	0.69624	0.01841	0.00859	0.00245	0.00368	0.01534	0.00675	0.00614
43	0.02763	0.02036	0.02182	0.01672	0.02254	0.02254	0.01382	0.67496	0.03418	0.04581	0.01745	0.01745	0.01236	0.00873	0.00727	0.00218	0.00800	0.00654	0.00727	0.01236
44	0.01038	0.00779	0.01168	0.01168	0.01298	0.00909	0.00909	0.01298	0.01168	0.01687	0.01947	0.02856	0.01817	0.05452	0.71573	0.01168	0.01947	0.00779	0.00389	0.00649
45	0.01171	0.00837	0.01171	0.01339	0.01506	0.00837	0.01171	0.01506	0.01673	0.02175	0.03849	0.08199	0.04183	0.02008	0.01004	0.00335	0.00669	0.65027	0.00669	0.00669
46	0.00879	0.00733	0.00767	0.00768	0.00997	0.00621	0.00572	0.01078	0.01689	0.02064	0.14056	0.09790	0.59848	0.01821	0.00862	0.00246	0.00368	0.01534	0.00689	0.00621
47	0.01943	0.74891	0.03809	0.01244	0.01866	0.02876	0.01244	0.02177	0.01477	0.01710	0.01011	0.01166	0.00933	0.00622	0.00466	0.00155	0.00777	0.00389	0.00311	0.00933
48	0.73165	0.01392	0.01120	0.00984	0.01444	0.01583	0.00811	0.02255	0.01308	0.08914	0.01168	0.01290	0.00872	0.00694	0.00474	0.00225	0.00567	0.00422	0.00488	0.00825
49	0.01706	0.02030	0.06854	0.03025	0.03774	0.01832	0.64785	0.02327	0.01709	0.02327	0.01464	0.01944	0.01096	0.00616	0.00851	0.00245	0.01220	0.00845	0.00365	0.00984
50	0.79588	0.01406	0.01068	0.00956	0.01406	0.01631	0.00787	0.02137	0.01237	0.03261	0.01012	0.01181	0.00787	0.00675	0.00450	0.00225	0.00562	0.00394	0.00450	0.00787
51	0.01043	0.00761	0.01078	0.01078	0.01176	0.00859	0.00796	0.01240	0.01141	0.01620	0.02030	0.03314	0.02016	0.22086	0.55211	0.01056	0.01648	0.00846	0.00402	0.00599
52	0.00886	0.00633	0.00843	0.01012	0.01054	0.00590	0.00675	0.01012	0.01392	0.01856	0.04006	0.73979	0.04808	0.02277	0.00928	0.00295	0.00422	0.02066	0.00675	0.00590
53	0.00859	0.00736	0.00736	0.00736	0.00982	0.00614	0.00552	0.01043	0.01657	0.01964	0.07364	0.06996	0.69624	0.01841	0.00859	0.00245	0.00368	0.01534	0.00675	0.00614
54	0.01859	0.01733	0.01641	0.01483	0.01881	0.09676	0.01147	0.03599	0.57376	0.02838	0.02991	0.02787	0.05756	0.01006	0.00737	0.00240	0.00648	0.00821	0.00695	0.01086
55	0.02715	0.03464	0.02060	0.01873	0.02247	0.71536	0.01404	0.02903	0.02060	0.01779	0.01124	0.01311	0.00936	0.00749	0.00655	0.00187	0.01311	0.00468	0.00375	0.00843
56	0.01373	0.01292	0.02180	0.72707	0.05006	0.01615	0.02019	0.01857	0.01453	0.01857	0.01292	0.01938	0.00969	0.00727	0.00727	0.00242	0.00969	0.00646	0.00323	0.00807
57	0.01477	0.06507	0.68104	0.02040	0.03097	0.01734	0.02630	0.02297	0.01532	0.02279	0.01293	0.01520	0.00921	0.00688	0.00682	0.00227	0.01063	0.00531	0.00307	0.01069
58	0.00861	0.00729	0.00744	0.00757	0.00987	0.00612	0.00562	0.01041	0.01637	0.01955	0.07109	0.12073	0.64712	0.01874	0.00864	0.00249	0.00372	0.01574	0.00675	0.00612
59	0.00877	0.00734	0.00764	0.00763	0.00995	0.00620	0.00570	0.01075	0.01689	0.02057	0.13551	0.08934	0.61242	0.01819	0.00861	0.00245	0.00367	0.01529	0.00688	0.00620
60	0.02780	0.02009	0.02165	0.01659	0.02241	0.02214	0.01371	0.65304	0.03372	0.06838	0.01784	0.01770	0.01255	0.00874	0.00727	0.00218	0.00794	0.00657	0.00733	0.01236
61	0.04936	0.01883	0.08264	0.01874	0.09002	0.04074	0.03844	0.24611	0.06460	0.20130	0.05965	0.02164	0.01701	0.00863	0.00726	0.00223	0.00771	0.00704	0.00666	0.01138
62	0.01978	0.64091	0.08047	0.01352	0.01982	0.08694	0.01352	0.02247	0.01531	0.01755	0.01040	0.01203	0.00932	0.00637	0.00497	0.00163	0.00843	0.00405	0.00316	0.00934
63	0.00953	0.00740	0.00866	0.00835	0.01039	0.00653	0.00626	0.01224	0.01878	0.02488	0.41661	0.06132	0.35000	0.01645	0.00858	0.00236	0.00354	0.01413	0.00744	0.00653
64	0.01764	0.28672	0.32232	0.07205	0.05344	0.09150	0.01977	0.02282	0.01566	0.02009	0.01184	0.01422	0.00939	0.00673	0.00611	0.00200	0.00977	0.00490	0.00318	0.00984
65	0.02032	0.66855	0.03618	0.01306	0.01909	0.07849	0.01261	0.04774	0.01595	0.01827	0.01047	0.01199	0.00945	0.00641	0.00490	0.00160	0.00817	0.00405	0.00332	0.00938
66	0.01057	0.00705	0.00793	0.00793	0.00793	0.00705	0.00440	0.01057	0.01057	0.01409	0.02290	0.04757	0.02643	0.74454	0.03700	0.00705	0.00705	0.01057	0.00440	0.00440
67	0.01458	0.03760	0.70688	0.02072	0.03146	0.01688	0.02686	0.02302	0.01535	0.02302	0.01304	0.01535	0.00921	0.00691	0.00691	0.00230	0.01074	0.00537	0.00307	0.01074
68	0.01038	0.00779	0.01168	0.01168	0.01298	0.00909	0.00909	0.01298	0.01168	0.01687	0.01947	0.02856	0.01817	0.05452	0.71573	0.01168	0.01947	0.00779	0.00389	0.00649
69	0.01903	0.01608	0.01697	0.01498	0.01926	0.01852	0.01173	0.10158	0.62157	0.03193	0.02839	0.02616	0.02122	0.00975	0.00738	0.00244	0.00597	0.00805	0.00738	0.01159
70	0.01507	0.01292	0.01507	0.01077	0.01723	0.00969	0.00861	0.01830	0.01507	0.02369	0.01292	0.01507	0.01077	0.00538	0.00538	0.00108	0.00538	0.00431	0.00431	0.78898
71	0.01799	0.01727	0.02950	0.04462	0.69919	0.01727	0.02231	0.02231	0.01655	0.02375	0.01367	0.01799	0.01151	0.00648	0.00720	0.00216	0.00864	0.00648	0.00360	0.01151
72	0.01507	0.01292	0.01507	0.01077	0.01723	0.00969	0.00861	0.01830	0.01507	0.02369	0.01292	0.01507	0.01077	0.00538	0.00538	0.00108	0.00538	0.00431	0.00431	0.78898
73	0.01458	0.03760	0.70688	0.02072	0.03146	0.01688	0.02686	0.02302	0.01535	0.02302	0.01304	0.01535	0.00921	0.00691	0.00691	0.00230	0.01074	0.00537	0.00307	0.01074
74	0.01057	0.00705	0.00793	0.00793	0.00793	0.00705	0.00440	0.01057	0.01057	0.01409	0.02290	0.04757	0.02643	0.74454	0.03700	0.00705	0.00705	0.01057	0.00440	0.00440
75	0.01458	0.03760	0.70688	0.02072	0.03146	0.01688	0.02686	0.02302	0.01535	0.02302	0.01304	0.01535	0.00921	0.00691	0.00691	0.00230	0.01074	0.00537	0.00307	0.01074
76	0.79588	0.01406	0.01068	0.00956	0.01406	0.01631	0.00787	0.02137	0.01237	0.03261	0.01012	0.01181	0.00787	0.00675	0.00450	0.00225	0.00562	0.00394	0.00450	0.00787
77	0.01613	0.01679	0.01673	0.01520	0.03849	0.19850	0.06818	0.01842	0.01611	0.01955	0.07165	0.11614	0.05958	0.12312	0.06151	0.00352	0.02936	0.00936	0.00474	0.09692
78	0.01057	0.00705	0.00793	0.00793	0.00793	0.00705	0.00440	0.01057	0.01057	0.01409	0.02290	0.04757	0.02643	0.74454	0.03700	0.00705	0.00705	0.01057	0.00440	0.00440
79	0.01364	0.01170	0.01340	0.04101	0.05324	0.01240	0.00993	0.02395	0.30389	0.02534	0.10166	0.04589	0.26347	0.01342	0.00801	0.00246	0.00517	0.03571	0.00682	0.00889
80	0.00960	0.00737	0.00879	0.00851	0.01046	0.00655	0.00635	0.01235	0.01883	0.02520	0.43841	0.08471	0.30358	0.01648	0.00861	0.00237	0.00355	0.01424	0.00749	0.00655
81	0.01076	0.00705	0.00848	0.00848	0.00862	0.00719	0.00509	0.01072	0.01058	0.01424	0.02152	0.04301	0.02418	0.59966	0.10813	0.08542	0.00829	0.00985	0.00423	0.00450
82	0.02715	0.03464	0.02060	0.01873	0.02247	0.71536	0.01404	0.02903	0.02060	0.01779	0.01124	0.01311	0.00936	0.00749	0.00655	0.00187	0.01311	0.00468	0.00375	0.00843
83	0.01458	0.03760	0.70688	0.02072	0.03146	0.01688	0.02686	0.02302	0.01535	0.02302	0.01304	0.01535	0.00921	0.00691	0.00691	0.00230	0.01074	0.00537	0.00307	0.01074
84	0.01767	0.01688	0.13100	0.01376	0.03991	0.01116	0.01234	0.02168	0.01604	0.13133	0.01628	0.03867	0.01280	0.00677	0.00611	0.00156	0.00647	0.00552	0.00490	0.48916
85	0.02590	0.15113	0.02350	0.01764	0.02185	0.58201	0.01377	0.04738	0.02006	0.01853	0.01124	0.01300	0.00945	0.00732	0.00627	0.00183	0.01208	0.00461	0.00375	0.00869
86	0.01458	0.03760	0.70688	0.02072	0.03146	0.01688	0.02686	0.02302	0.01535	0.02302	0.01304	0.01535	0.00921	0.00691	0.00691	0.00230	0.01074	0.00537	0.00307	0.01074
