[name]
unknown

[dist]
# distance from previous block
# <min> <max>
0	18

[block]
# block no. 0 follows, 28 sequences, length 45
# corresponding to MSA columns:
# 18-59,82-84
name=unknown_A
#
# <colnr> <probs for GDERKNQSTAVLIFYWHMCP>
#	G	D	E	R	K	N	Q	S	T	A	V	L	I	F	Y	W	H	M	C	P
0	0.01552	0.05454	0.29191	0.05885	0.25394	0.01627	0.02133	0.02196	0.04953	0.02283	0.01743	0.06456	0.01537	0.00881	0.00732	0.00235	0.00892	0.05431	0.00396	0.01028
1	0.01761	0.10629	0.18069	0.06615	0.09563	0.01750	0.11651	0.09205	0.05734	0.05798	0.01857	0.10720	0.01611	0.00912	0.00733	0.00230	0.00872	0.00815	0.00468	0.01004
2	0.01750	0.06340	0.11078	0.25894	0.25634	0.08733	0.02023	0.04437	0.03251	0.02188	0.01340	0.01745	0.01057	0.00703	0.00698	0.00221	0.00955	0.00604	0.00361	0.00988
3	0.01005	0.00740	0.00868	0.00861	0.01060	0.00651	0.00636	0.01240	0.01772	0.04628	0.28651	0.16569	0.35186	0.01750	0.00865	0.00246	0.00376	0.01511	0.00727	0.00657
4	0.01079	0.00803	0.00900	0.00878	0.01104	0.00736	0.00656	0.01445	0.06670	0.04626	0.21389	0.12547	0.37304	0.01653	0.00835	0.00242	0.00390	0.01410	0.04641	0.00693
5	0.02188	0.07737	0.09234	0.04691	0.04562	0.11814	0.23312	0.02756	0.06729	0.17082	0.01775	0.01928	0.01279	0.00736	0.00738	0.00223	0.00990	0.00692	0.00500	0.01032
6	0.01635	0.05438	0.08676	0.31658	0.21437	0.06852	0.07017	0.02096	0.01566	0.02041	0.01336	0.01884	0.01079	0.03330	0.00820	0.00243	0.00976	0.00642	0.00342	0.00931
7	0.00935	0.00683	0.00843	0.00922	0.01006	0.00647	0.00621	0.01066	0.01386	0.01822	0.07332	0.38599	0.16088	0.17528	0.06700	0.00433	0.00580	0.01626	0.00611	0.00572
8	0.02580	0.03256	0.01970	0.01809	0.02159	0.66306	0.01351	0.02763	0.02011	0.01785	0.01336	0.06667	0.01222	0.00862	0.00676	0.00195	0.01245	0.00586	0.00397	0.00824
9	0.01913	0.02302	0.19040	0.04813	0.17718	0.11869	0.04587	0.04935	0.03558	0.09249	0.04377	0.04637	0.01602	0.01025	0.03448	0.00262	0.00966	0.02223	0.00464	0.01011
10	0.01602	0.02548	0.32713	0.05988	0.16270	0.01660	0.09592	0.06956	0.01734	0.02478	0.05924	0.04409	0.01536	0.00808	0.00778	0.00233	0.02624	0.00715	0.00401	0.01029
11	0.00909	0.00686	0.00834	0.00914	0.01028	0.00633	0.00633	0.01062	0.01462	0.01891	0.07976	0.39341	0.24428	0.08486	0.05888	0.00370	0.00528	0.01693	0.00642	0.00593
12	0.74994	0.01425	0.01180	0.01163	0.05453	0.01636	0.00872	0.02142	0.01262	0.03209	0.01033	0.01217	0.00809	0.00673	0.00466	0.00224	0.00580	0.00409	0.00445	0.00809
13	0.09042	0.05662	0.06336	0.02333	0.20712	0.06269	0.01583	0.23414	0.04830	0.07309	0.01572	0.01714	0.01187	0.00754	0.00674	0.00211	0.00813	0.00599	0.00533	0.04454
14	0.02088	0.55768	0.06805	0.01417	0.02013	0.15910	0.01351	0.04024	0.01642	0.01828	0.01066	0.01227	0.00941	0.00656	0.00521	0.00167	0.00895	0.00418	0.00334	0.00931
15	0.01220	0.00807	0.00982	0.00975	0.01132	0.00764	0.00688	0.05199	0.01662	0.07053	0.16043	0.30145	0.13596	0.14700	0.01371	0.00339	0.00486	0.01494	0.00676	0.00669
16	0.01744	0.07610	0.08464	0.02634	0.27117	0.12558	0.03958	0.04510	0.01701	0.02183	0.01928	0.18469	0.01933	0.01052	0.00741	0.00228	0.00854	0.00928	0.00441	0.00945
17	0.12864	0.11078	0.02353	0.04508	0.08852	0.34240	0.06091	0.02619	0.01796	0.07384	0.01285	0.01483	0.01017	0.00715	0.00634	0.00200	0.01031	0.00521	0.00414	0.00915
18	0.00983	0.00716	0.00911	0.01009	0.01103	0.00685	0.00698	0.03859	0.01532	0.02040	0.08904	0.55671	0.10152	0.04157	0.03636	0.00326	0.00492	0.01831	0.00669	0.00625
19	0.06964	0.04715	0.18723	0.01793	0.05112	0.05956	0.02916	0.15637	0.01934	0.05109	0.07366	0.01973	0.01581	0.00907	0.00978	0.00235	0.13244	0.00651	0.03226	0.00982
20	0.05168	0.01995	0.04848	0.19672	0.33891	0.13873	0.05833	0.02265	0.01660	0.02183	0.01296	0.01721	0.01045	0.00684	0.00706	0.00220	0.00982	0.00614	0.00356	0.00989
21	0.02118	0.01202	0.01307	0.01095	0.01471	0.04088	0.00872	0.13204	0.02069	0.22845	0.05496	0.03230	0.13220	0.01051	0.00688	0.00209	0.00545	0.00846	0.23511	0.00933
22	0.05180	0.06481	0.06842	0.14654	0.11817	0.01601	0.01544	0.08506	0.01703	0.13676	0.01678	0.02023	0.01297	0.01632	0.13582	0.00398	0.05295	0.00649	0.00479	0.00965
23	0.01675	0.15410	0.23902	0.04414	0.08418	0.07087	0.05799	0.04904	0.01648	0.02189	0.04087	0.06158	0.04112	0.00893	0.00815	0.00224	0.06213	0.00708	0.00394	0.00949
24	0.00935	0.00670	0.00855	0.00968	0.01036	0.00629	0.00657	0.01075	0.01432	0.01901	0.09333	0.49871	0.09608	0.12670	0.01324	0.00348	0.00465	0.04992	0.00651	0.00582
25	0.01327	0.01315	0.07672	0.08215	0.02013	0.01277	0.04956	0.01666	0.01561	0.04872	0.21018	0.11349	0.03215	0.01772	0.09212	0.00364	0.15871	0.01020	0.00529	0.00777
26	0.01932	0.15030	0.20389	0.04580	0.17303	0.15650	0.08040	0.04822	0.01739	0.02190	0.01264	0.01545	0.01006	0.00682	0.00670	0.00207	0.01025	0.00560	0.00354	0.01011
27	0.01979	0.09004	0.15230	0.05656	0.10780	0.17220	0.06458	0.10078	0.01847	0.02339	0.01339	0.01651	0.01071	0.00958	0.03796	0.00257	0.06356	0.00586	0.02426	0.00971
28	0.01129	0.00766	0.01066	0.06312	0.01412	0.00803	0.00822	0.01318	0.01323	0.05233	0.02838	0.31621	0.03076	0.13285	0.21958	0.00597	0.00956	0.01320	0.03527	0.00638
29	0.01627	0.01985	0.14797	0.08759	0.25836	0.05046	0.08295	0.05271	0.01753	0.02411	0.09251	0.07939	0.02018	0.00900	0.00758	0.00230	0.00872	0.00828	0.00441	0.00983
30	0.02017	0.06220	0.15014	0.01968	0.09779	0.04341	0.06277	0.08738	0.12076	0.14316	0.03910	0.08371	0.01838	0.00937	0.00735	0.00230	0.00797	0.00804	0.00573	0.01061
31	0.01607	0.10500	0.22604	0.16714	0.06582	0.04418	0.12023	0.04440	0.01626	0.02168	0.01740	0.02059	0.06049	0.00792	0.00776	0.00228	0.03686	0.00677	0.00368	0.00945
32	0.01341	0.01199	0.01887	0.07731	0.32484	0.01189	0.01459	0.01656	0.01603	0.02184	0.07935	0.21273	0.12483	0.01306	0.00804	0.00243	0.00648	0.01188	0.00516	0.00870
33	0.02055	0.11599	0.14620	0.04180	0.16338	0.14561	0.04221	0.06548	0.01802	0.08280	0.01618	0.01824	0.03545	0.00786	0.00776	0.00215	0.04985	0.00609	0.00426	0.01012
34	0.01978	0.10158	0.15141	0.08408	0.02595	0.14514	0.06412	0.07960	0.05764	0.06720	0.04093	0.03741	0.01432	0.00859	0.00841	0.00225	0.07083	0.00660	0.00454	0.00963
35	0.00947	0.00755	0.00866	0.00925	0.01092	0.00703	0.00662	0.01248	0.06460	0.01986	0.05398	0.35042	0.34408	0.02105	0.03641	0.00303	0.00468	0.01679	0.00669	0.00645
36	0.01751	0.02731	0.40727	0.06813	0.07855	0.01580	0.03581	0.06994	0.01753	0.10396	0.04905	0.01954	0.01394	0.00935	0.03257	0.00262	0.00977	0.00638	0.00440	0.01056
37	0.02028	0.05246	0.08693	0.08051	0.26101	0.10994	0.12220	0.10871	0.01930	0.04851	0.01427	0.01737	0.01107	0.00702	0.00722	0.00218	0.00985	0.00640	0.00420	0.01057
38	0.02100	0.01721	0.04138	0.07589	0.14536	0.04197	0.03946	0.23240	0.09409	0.08073	0.02041	0.08373	0.01670	0.00939	0.00736	0.00228	0.00773	0.00800	0.04425	0.01065
39	0.00907	0.00656	0.00852	0.00999	0.01065	0.00611	0.00684	0.01046	0.01418	0.01866	0.04216	0.61674	0.10204	0.05058	0.01035	0.00309	0.00443	0.05700	0.00665	0.00591
40	0.02431	0.12625	0.02248	0.01614	0.02102	0.23351	0.01308	0.27104	0.12195	0.03011	0.01815	0.01846	0.03502	0.00848	0.00675	0.00205	0.00905	0.00614	0.00561	0.01040
41	0.01100	0.00771	0.01046	0.01093	0.01217	0.00780	0.00824	0.01324	0.01528	0.04677	0.15247	0.29571	0.06771	0.05074	0.13197	0.00450	0.03324	0.10715	0.00635	0.00657
42	0.05001	0.09748	0.11248	0.01525	0.04402	0.09270	0.01331	0.04919	0.06691	0.22136	0.11079	0.02357	0.02097	0.00877	0.00688	0.00210	0.00744	0.00694	0.00611	0.04372
43	0.02261	0.24535	0.11858	0.01659	0.02302	0.08029	0.04094	0.28787	0.04732	0.03030	0.01444	0.01548	0.01107	0.00756	0.00643	0.00200	0.00880	0.00557	0.00502	0.01077
44	0.01993	0.08893	0.20156	0.01627	0.02290	0.09975	0.01585	0.12077	0.16058	0.05557	0.01735	0.01791	0.01301	0.00769	0.00664	0.00204	0.00840	0.00587	0.00509	0.11389

[dist]
# distance from previous block
# <min> <max>
0	3

[block]
# block no. 1 follows, 28 sequences, length 41
# corresponding to MSA columns:
# 88-128
name=unknown_B
#
# <colnr> <probs for GDERKNQSTAVLIFYWHMCP>
#	G	D	E	R	K	N	Q	S	T	A	V	L	I	F	Y	W	H	M	C	P
0	0.01549	0.01508	0.10000	0.01217	0.01789	0.01087	0.01099	0.04812	0.04566	0.06624	0.10356	0.02821	0.07833	0.00893	0.00669	0.00175	0.00589	0.03068	0.00544	0.38799
1	0.02409	0.04979	0.02041	0.01508	0.02069	0.04590	0.01240	0.45414	0.05769	0.03827	0.01695	0.01750	0.01256	0.00805	0.00672	0.00195	0.00744	0.00607	0.04091	0.14339
2	0.01947	0.01819	0.07344	0.03083	0.37724	0.01727	0.01855	0.19163	0.02100	0.02946	0.01732	0.02372	0.01459	0.00838	0.00733	0.00225	0.00816	0.06231	0.04786	0.01100
3	0.00982	0.00727	0.00897	0.00889	0.01034	0.00680	0.00638	0.01212	0.01687	0.02286	0.34283	0.12987	0.18906	0.12515	0.06702	0.00380	0.00532	0.01365	0.00676	0.00622
4	0.11547	0.01662	0.02536	0.06219	0.36872	0.01717	0.07577	0.11428	0.01839	0.05674	0.01492	0.01907	0.01206	0.04234	0.00843	0.00245	0.00836	0.00659	0.00449	0.01058
5	0.06486	0.01719	0.03927	0.01913	0.13260	0.06578	0.01345	0.18739	0.05716	0.20815	0.04441	0.02494	0.07469	0.00926	0.00722	0.00222	0.00732	0.00747	0.00657	0.01091
6	0.05767	0.01121	0.01458	0.01193	0.01624	0.01024	0.00970	0.05362	0.02071	0.42913	0.20959	0.03498	0.03238	0.01107	0.00768	0.00231	0.00551	0.04272	0.00834	0.01038
7	0.00972	0.00759	0.00915	0.00994	0.03983	0.00688	0.00663	0.01171	0.01629	0.02119	0.20901	0.17226	0.31676	0.11555	0.01247	0.00310	0.00438	0.01467	0.00660	0.00627
8	0.01690	0.06332	0.27301	0.06125	0.16988	0.01794	0.18878	0.02288	0.01601	0.04820	0.01387	0.01736	0.01052	0.00694	0.00806	0.00231	0.04229	0.00651	0.00357	0.01040
9	0.04231	0.11495	0.07086	0.01708	0.07741	0.09225	0.01361	0.15414	0.07502	0.05377	0.01975	0.02288	0.04109	0.00908	0.00769	0.00217	0.05139	0.03428	0.09047	0.00979
10	0.05934	0.01296	0.03975	0.01403	0.01831	0.01193	0.10639	0.07859	0.04968	0.16264	0.21664	0.03477	0.08649	0.01081	0.00764	0.00227	0.00614	0.00951	0.06292	0.00918
11	0.01716	0.07865	0.28186	0.05902	0.03045	0.06630	0.19754	0.06924	0.01734	0.02330	0.01622	0.01909	0.04294	0.00765	0.00805	0.00230	0.04248	0.00675	0.00378	0.00986
12	0.01958	0.10679	0.02407	0.07183	0.08770	0.07030	0.08089	0.16394	0.01931	0.04514	0.01710	0.02027	0.04157	0.01128	0.03420	0.05911	0.07684	0.00670	0.03408	0.00928
13	0.01652	0.04249	0.01733	0.04172	0.10726	0.07214	0.04039	0.02144	0.08957	0.10019	0.18072	0.06864	0.14786	0.01191	0.00778	0.00229	0.00637	0.01027	0.00627	0.00883
14	0.04143	0.01387	0.01493	0.03655	0.04009	0.06448	0.01053	0.11879	0.12353	0.08763	0.08075	0.08991	0.05307	0.01254	0.03267	0.00260	0.03329	0.00890	0.12534	0.00912
15	0.06760	0.25699	0.09641	0.01748	0.07492	0.05294	0.06751	0.02371	0.06467	0.08048	0.09257	0.02050	0.01799	0.00807	0.00691	0.00207	0.02845	0.00640	0.00468	0.00964
16	0.01827	0.10947	0.27595	0.07847	0.07652	0.04981	0.11878	0.11873	0.04046	0.02543	0.01410	0.01667	0.01059	0.00710	0.00700	0.00221	0.00994	0.00608	0.00400	0.01044
17	0.01076	0.00802	0.00911	0.00922	0.01112	0.00751	0.00670	0.01406	0.07201	0.04380	0.10161	0.20010	0.32665	0.10332	0.01199	0.00312	0.00456	0.04302	0.00670	0.00663
18	0.05377	0.26182	0.23554	0.01810	0.04599	0.13089	0.05193	0.05325	0.04592	0.02209	0.01271	0.01456	0.01009	0.00692	0.00616	0.00200	0.00960	0.00510	0.00368	0.00988
19	0.01621	0.08318	0.18869	0.02320	0.16643	0.04982	0.09518	0.04560	0.01570	0.02136	0.01604	0.05350	0.01485	0.13973	0.01304	0.00311	0.03381	0.00751	0.00386	0.00919
20	0.01521	0.01284	0.06993	0.01818	0.11234	0.01098	0.07945	0.01862	0.01603	0.10085	0.05366	0.24727	0.02819	0.01336	0.00845	0.00250	0.02973	0.04854	0.10540	0.00846
21	0.01555	0.01517	0.10892	0.04455	0.10421	0.01241	0.03588	0.09530	0.03776	0.07353	0.05994	0.22587	0.09252	0.01357	0.00809	0.00251	0.00675	0.03260	0.00592	0.00895
22	0.01763	0.11135	0.36162	0.05253	0.10249	0.04521	0.02083	0.02485	0.07081	0.07749	0.01614	0.01921	0.01234	0.00766	0.00686	0.00223	0.00930	0.02682	0.00412	0.01052
23	0.01888	0.01956	0.07588	0.21314	0.22532	0.08383	0.04442	0.13695	0.03879	0.02600	0.03757	0.01916	0.01303	0.00758	0.00725	0.00224	0.00927	0.00659	0.00438	0.01018
24	0.04604	0.01060	0.01266	0.07245	0.01646	0.01133	0.00929	0.11978	0.04702	0.04746	0.05955	0.24669	0.08672	0.06437	0.01034	0.00280	0.03100	0.01216	0.08553	0.00777
25	0.01826	0.12041	0.21239	0.03825	0.06532	0.05918	0.03805	0.04362	0.11970	0.08769	0.04088	0.04407	0.04225	0.00906	0.00707	0.00225	0.00830	0.02812	0.00502	0.01011
26	0.06143	0.10661	0.14947	0.03869	0.07956	0.04025	0.06458	0.07067	0.01791	0.16234	0.04744	0.02223	0.03688	0.04109	0.00869	0.00242	0.02767	0.00685	0.00516	0.01004
27	0.00999	0.00690	0.00838	0.00886	0.00953	0.00666	0.00580	0.01126	0.01365	0.01865	0.11688	0.27209	0.08688	0.29648	0.05074	0.00471	0.00579	0.01419	0.04702	0.00554
28	0.04322	0.08603	0.14322	0.08471	0.02397	0.01654	0.05654	0.15727	0.01948	0.06247	0.02440	0.05761	0.09861	0.01017	0.00778	0.00232	0.03147	0.03218	0.03255	0.00946
29	0.09110	0.07226	0.14614	0.02356	0.18780	0.06025	0.07379	0.05282	0.04385	0.09130	0.04302	0.05097	0.01539	0.00813	0.00697	0.00222	0.00848	0.00698	0.00472	0.01023
30	0.01841	0.15166	0.07622	0.06218	0.32711	0.05706	0.01783	0.04524	0.03588	0.04902	0.01633	0.08119	0.01458	0.00828	0.00688	0.00214	0.00834	0.00717	0.00419	0.01029
31	0.00902	0.00703	0.00819	0.00864	0.01027	0.00620	0.00620	0.01098	0.01649	0.02118	0.18650	0.28944	0.35563	0.01915	0.00882	0.00259	0.00381	0.01667	0.00700	0.00620
32	0.05223	0.10168	0.10903	0.08238	0.17741	0.04073	0.09618	0.06927	0.10033	0.02510	0.03843	0.02147	0.01491	0.00792	0.00709	0.00225	0.00868	0.03027	0.00449	0.01015
33	0.04621	0.06336	0.29683	0.04086	0.13130	0.04386	0.03791	0.02360	0.07136	0.05285	0.01646	0.06126	0.01351	0.00819	0.00735	0.00225	0.02716	0.00674	0.00416	0.04480
34	0.05144	0.04428	0.02234	0.15621	0.13146	0.04601	0.08833	0.04197	0.03161	0.06563	0.06697	0.02563	0.01796	0.07336	0.03587	0.00309	0.05855	0.02587	0.00458	0.00885
35	0.00980	0.00849	0.03332	0.00995	0.01173	0.00735	0.00762	0.01254	0.04482	0.01953	0.04826	0.31333	0.27021	0.06669	0.04456	0.00344	0.00545	0.07015	0.00636	0.00641
36	0.07786	0.08116	0.22242	0.02114	0.12590	0.05104	0.05831	0.10955	0.01837	0.02608	0.04796	0.02182	0.06899	0.00846	0.00744	0.00223	0.03009	0.00682	0.00442	0.00994
37	0.04219	0.07485	0.29196	0.05354	0.25202	0.01764	0.05082	0.02386	0.05136	0.05295	0.01458	0.01723	0.01111	0.00694	0.00690	0.00222	0.00924	0.00601	0.00381	0.01078
38	0.01861	0.06893	0.01812	0.01446	0.01766	0.11928	0.01154	0.11914	0.17174	0.02625	0.09896	0.02450	0.02120	0.01472	0.07838	0.02536	0.09130	0.00735	0.04338	0.00911
39	0.01758	0.15750	0.17499	0.09849	0.05422	0.09010	0.11633	0.04329	0.01639	0.02186	0.01369	0.01700	0.01081	0.00728	0.00747	0.00213	0.04767	0.00592	0.08800	0.00931
40	0.04892	0.07618	0.10152	0.08643	0.26730	0.01701	0.08049	0.05390	0.01699	0.07417	0.01442	0.01737	0.01118	0.00672	0.00680	0.00206	0.00853	0.00607	0.00417	0.09978

[dist]
# distance from previous block
# <min> <max>
0	1

[block]
# block no. 2 follows, 28 sequences, length 37
# corresponding to MSA columns:
# 130-166
name=unknown_C
#
# <colnr> <probs for GDERKNQSTAVLIFYWHMCP>
#	G	D	E	R	K	N	Q	S	T	A	V	L	I	F	Y	W	H	M	C	P
0	0.01568	0.01270	0.01579	0.13038	0.06787	0.06074	0.01246	0.06658	0.04238	0.07166	0.02917	0.19806	0.07610	0.01603	0.04261	0.00305	0.03504	0.08980	0.00570	0.00820
1	0.07241	0.09810	0.14792	0.04024	0.02111	0.08636	0.01404	0.12038	0.09745	0.05218	0.02035	0.07336	0.04334	0.03411	0.00886	0.03996	0.00799	0.00742	0.00509	0.00935
2	0.11001	0.11061	0.27799	0.07956	0.08000	0.01760	0.07212	0.02147	0.01489	0.04108	0.01421	0.04742	0.01169	0.00942	0.03290	0.00262	0.03685	0.00630	0.00371	0.00956
3	0.01088	0.00775	0.00958	0.00969	0.01151	0.00720	0.00724	0.01410	0.04599	0.05133	0.28300	0.23159	0.20082	0.01761	0.00876	0.00258	0.00414	0.06204	0.00732	0.00686
4	0.05198	0.05211	0.05604	0.05027	0.15260	0.08109	0.22635	0.05222	0.01779	0.10574	0.01739	0.02005	0.03623	0.00760	0.00812	0.00228	0.04038	0.00714	0.00453	0.01008
5	0.10999	0.08570	0.27186	0.05321	0.19944	0.04805	0.01995	0.04134	0.04138	0.02439	0.01328	0.01587	0.01030	0.00688	0.00649	0.00215	0.00899	0.00549	0.00373	0.03152
6	0.01623	0.15038	0.02073	0.10518	0.04857	0.04498	0.01265	0.07220	0.01613	0.04755	0.03750	0.02616	0.09579	0.01982	0.16519	0.00433	0.09630	0.00745	0.00448	0.00836
7	0.00936	0.00696	0.00825	0.00890	0.00999	0.00639	0.00611	0.01080	0.01466	0.01893	0.09882	0.31415	0.23881	0.17046	0.01480	0.00362	0.00468	0.04218	0.00636	0.00577
8	0.04960	0.37432	0.07798	0.01633	0.05152	0.10000	0.04877	0.04355	0.04948	0.10488	0.01428	0.01532	0.01124	0.00702	0.00588	0.00189	0.00849	0.00515	0.00433	0.00996
9	0.01831	0.07669	0.05422	0.03497	0.42886	0.01774	0.12717	0.02348	0.04434	0.05662	0.03709	0.01954	0.01379	0.00695	0.00727	0.00218	0.00883	0.00690	0.00411	0.01092
10	0.00900	0.00731	0.00797	0.00796	0.01011	0.00628	0.00591	0.01116	0.01729	0.02172	0.21254	0.11358	0.50797	0.01791	0.00864	0.00245	0.00366	0.01522	0.00703	0.00628
11	0.13836	0.09380	0.04917	0.17868	0.05760	0.18900	0.01502	0.09999	0.06892	0.02484	0.01363	0.01607	0.01062	0.00745	0.00641	0.00213	0.00922	0.00549	0.00433	0.00927
12	0.01809	0.04902	0.12525	0.05434	0.13484	0.06980	0.16719	0.02414	0.07182	0.07473	0.04408	0.02080	0.01483	0.01087	0.05584	0.00293	0.03993	0.00712	0.00443	0.00993
13	0.00886	0.00633	0.00843	0.01012	0.01054	0.00590	0.00675	0.01012	0.01392	0.01856	0.04006	0.73979	0.04808	0.02277	0.00928	0.00295	0.00422	0.02066	0.00675	0.00590
14	0.01686	0.16585	0.35041	0.02202	0.03057	0.05294	0.21608	0.02315	0.01603	0.02174	0.01290	0.01582	0.00978	0.00657	0.00697	0.00219	0.01075	0.00602	0.00329	0.01009
15	0.01841	0.01998	0.05587	0.09383	0.24898	0.12766	0.14581	0.02455	0.08710	0.02316	0.01583	0.01921	0.01248	0.00717	0.00722	0.00220	0.00954	0.00676	0.06430	0.00997
16	0.01864	0.01161	0.01469	0.01283	0.01611	0.01169	0.03548	0.12310	0.09885	0.16511	0.10286	0.19519	0.03130	0.04110	0.00907	0.00264	0.00578	0.04004	0.05473	0.00917
17	0.01353	0.01028	0.01430	0.07775	0.07449	0.01045	0.02810	0.06662	0.05294	0.05311	0.14138	0.30438	0.06535	0.04151	0.00941	0.00272	0.00570	0.01372	0.00638	0.00786
18	0.05549	0.05149	0.16204	0.04433	0.02738	0.01832	0.16105	0.19572	0.02125	0.14012	0.01674	0.01823	0.01185	0.00774	0.00787	0.00230	0.03526	0.00665	0.00535	0.01085
19	0.01038	0.00779	0.01168	0.01168	0.01298	0.00909	0.00909	0.01298	0.01168	0.01687	0.01947	0.02856	0.01817	0.05452	0.71573	0.01168	0.01947	0.00779	0.00389	0.00649
20	0.00959	0.00682	0.00882	0.01005	0.01067	0.00656	0.00695	0.01094	0.01366	0.01808	0.03724	0.47050	0.06960	0.16122	0.04140	0.00409	0.00562	0.09626	0.00619	0.00575
21	0.01744	0.01678	0.05176	0.18458	0.22479	0.05487	0.07192	0.07234	0.01727	0.05083	0.01686	0.05700	0.01454	0.01163	0.05380	0.00297	0.03403	0.03268	0.00430	0.00959
22	0.01123	0.00851	0.00976	0.03315	0.01220	0.00819	0.00692	0.07175	0.01686	0.02165	0.11973	0.14669	0.30800	0.14684	0.01432	0.03299	0.00502	0.01353	0.00627	0.00640
23	0.00935	0.00726	0.00871	0.00896	0.01071	0.00663	0.00666	0.01159	0.01660	0.02160	0.21356	0.19153	0.32976	0.02174	0.07340	0.00339	0.00528	0.04015	0.00679	0.00632
24	0.01732	0.02079	0.14295	0.03230	0.26884	0.01686	0.27982	0.02282	0.01666	0.05234	0.01581	0.05091	0.01287	0.00725	0.00780	0.00234	0.01011	0.00780	0.00392	0.01050
25	0.01652	0.25946	0.05372	0.10178	0.08149	0.01855	0.01336	0.02009	0.03686	0.04525	0.01540	0.02066	0.01345	0.07637	0.06587	0.00322	0.06336	0.00614	0.07983	0.00861
26	0.00902	0.00734	0.00798	0.00791	0.01010	0.00630	0.00590	0.01123	0.01745	0.02193	0.22484	0.09245	0.51679	0.01771	0.00861	0.00243	0.00364	0.01501	0.00706	0.00630
27	0.01598	0.06431	0.39092	0.02570	0.08900	0.01800	0.24634	0.02299	0.01604	0.02288	0.01352	0.01684	0.01003	0.00657	0.00739	0.00230	0.01094	0.00649	0.00332	0.01042
28	0.01988	0.22691	0.21144	0.01820	0.05233	0.15948	0.04820	0.05295	0.01719	0.05397	0.01351	0.01636	0.01095	0.03498	0.03201	0.00250	0.01021	0.00544	0.00382	0.00966
29	0.00868	0.00702	0.00772	0.00827	0.01006	0.00606	0.00593	0.01033	0.01570	0.01928	0.06260	0.29026	0.48307	0.01984	0.00882	0.00262	0.00386	0.01709	0.00675	0.00606
30	0.09126	0.01992	0.01960	0.01550	0.02072	0.07696	0.01265	0.51593	0.02975	0.04096	0.01682	0.01738	0.01223	0.00844	0.00681	0.00212	0.00785	0.00619	0.06767	0.01123
31	0.02148	0.16989	0.05490	0.08348	0.07774	0.15836	0.12114	0.09267	0.01924	0.08348	0.04001	0.01792	0.01313	0.00743	0.00684	0.00207	0.00963	0.00622	0.00452	0.00983
32	0.04449	0.02683	0.38149	0.05498	0.07997	0.01593	0.08083	0.05097	0.01705	0.12684	0.01606	0.01794	0.01132	0.00726	0.00703	0.00227	0.00943	0.00614	0.03252	0.01066
33	0.00948	0.00702	0.00900	0.01036	0.01148	0.00654	0.00769	0.01136	0.01511	0.01953	0.04630	0.45142	0.17420	0.02127	0.00932	0.00295	0.00470	0.16942	0.00674	0.00614
34	0.03905	0.02676	0.31779	0.02246	0.08951	0.04289	0.11396	0.08644	0.12148	0.04429	0.01657	0.01829	0.01218	0.00745	0.00721	0.00231	0.00957	0.00647	0.00448	0.01083
35	0.04109	0.01764	0.02143	0.06961	0.09665	0.10642	0.09143	0.12199	0.12625	0.08308	0.09975	0.02578	0.04813	0.00917	0.00748	0.00226	0.00807	0.00792	0.00586	0.01000
36	0.05441	0.01676	0.09399	0.01374	0.01867	0.01519	0.01229	0.24313	0.02238	0.17617	0.02020	0.02136	0.01463	0.02628	0.00814	0.00227	0.04132	0.00661	0.18213	0.01034

[dist]
# distance from previous block
# <min> <max>
3	8

[block]
# block no. 3 follows, 28 sequences, length 12
# corresponding to MSA columns:
# 175-186
name=unknown_D
#
# <colnr> <probs for GDERKNQSTAVLIFYWHMCP>
#	G	D	E	R	K	N	Q	S	T	A	V	L	I	F	Y	W	H	M	C	P
0	0.01743	0.05877	0.35846	0.02013	0.06401	0.05100	0.08343	0.05641	0.01692	0.06995	0.01634	0.01946	0.02821	0.04721	0.00859	0.00243	0.00958	0.00630	0.00406	0.06130
1	0.02017	0.01767	0.02712	0.09123	0.31698	0.01847	0.09893	0.22813	0.02191	0.03000	0.01611	0.05033	0.01320	0.00794	0.00749	0.00226	0.00877	0.00739	0.00488	0.01103
2	0.01433	0.00976	0.01278	0.01200	0.01468	0.00956	0.04529	0.01969	0.11400	0.08800	0.05280	0.19865	0.09695	0.01484	0.00807	0.00254	0.00535	0.12377	0.12347	0.03346
3	0.01092	0.00765	0.00907	0.00868	0.01089	0.00673	0.00652	0.01347	0.01840	0.06865	0.33658	0.10417	0.33851	0.01655	0.00854	0.00240	0.00377	0.01422	0.00744	0.00684
4	0.02150	0.04623	0.05478	0.01477	0.01916	0.13418	0.01214	0.09340	0.22591	0.14263	0.05794	0.10204	0.02231	0.01057	0.00736	0.00230	0.00736	0.00860	0.00660	0.01024
5	0.06307	0.01129	0.04572	0.05016	0.01551	0.04807	0.00961	0.03962	0.01566	0.02112	0.03697	0.35031	0.13725	0.01918	0.04017	0.00311	0.00640	0.07392	0.00595	0.00692
6	0.01043	0.00759	0.01070	0.01070	0.01165	0.00855	0.00786	0.01235	0.01139	0.01614	0.02037	0.03355	0.02034	0.23582	0.53739	0.01046	0.01621	0.00852	0.00403	0.00594
7	0.12373	0.01297	0.04472	0.01507	0.09360	0.04411	0.01060	0.02036	0.05051	0.12073	0.11981	0.17755	0.08195	0.01266	0.00746	0.00238	0.00581	0.01077	0.03668	0.00854
8	0.02270	0.07316	0.08486	0.09960	0.05657	0.22436	0.01503	0.08905	0.08007	0.11764	0.01697	0.01822	0.01263	0.00787	0.00674	0.00209	0.00928	0.00596	0.04731	0.00992
9	0.00912	0.00652	0.00874	0.01043	0.01096	0.00613	0.00721	0.01058	0.01418	0.01885	0.03992	0.67843	0.04749	0.02252	0.00935	0.00299	0.00445	0.07940	0.00674	0.00598
10	0.01739	0.01382	0.01575	0.01661	0.10944	0.05247	0.01117	0.13371	0.14094	0.02817	0.04813	0.05718	0.02015	0.03454	0.08302	0.00328	0.00772	0.00793	0.18937	0.00921
11	0.13956	0.11479	0.37364	0.01881	0.05727	0.13524	0.01986	0.02359	0.01575	0.02299	0.01197	0.01412	0.00915	0.00688	0.00622	0.00213	0.00990	0.00491	0.00344	0.00978

[dist]
# distance from previous block
# <min> <max>
4	16

[block]
# block no. 4 follows, 28 sequences, length 44
# corresponding to MSA columns:
# 203-246
name=unknown_E
#
# <colnr> <probs for GDERKNQSTAVLIFYWHMCP>
#	G	D	E	R	K	N	Q	S	T	A	V	L	I	F	Y	W	H	M	C	P
0	0.01636	0.01210	0.01392	0.01203	0.01507	0.01274	0.00935	0.24615	0.03905	0.03131	0.23211	0.08962	0.09096	0.06480	0.07772	0.00353	0.00694	0.01076	0.00691	0.00858
1	0.02089	0.05410	0.17094	0.02241	0.11516	0.13668	0.11134	0.10350	0.01969	0.09219	0.04620	0.01910	0.01405	0.00765	0.00713	0.00216	0.00961	0.00653	0.03037	0.01031
2	0.07336	0.01155	0.01485	0.01310	0.05055	0.01115	0.03868	0.07447	0.01879	0.29120	0.02337	0.02366	0.01651	0.00837	0.00634	0.00204	0.00563	0.00685	0.29972	0.00982
3	0.05630	0.01734	0.07144	0.06123	0.02286	0.05073	0.07704	0.04203	0.03911	0.02293	0.03461	0.01778	0.01254	0.00926	0.02542	0.00235	0.18608	0.00601	0.00411	0.24084
4	0.01768	0.01785	0.01954	0.01707	0.01829	0.14000	0.01368	0.06804	0.01453	0.01932	0.01268	0.01969	0.01214	0.08090	0.09436	0.00413	0.41184	0.00661	0.00377	0.00790
5	0.00946	0.00731	0.01060	0.04768	0.01376	0.00700	0.03700	0.01116	0.01422	0.01882	0.03918	0.63814	0.07606	0.02102	0.00911	0.00288	0.00483	0.01914	0.00643	0.00620
6	0.01547	0.01333	0.02201	0.07410	0.33448	0.01316	0.05910	0.01922	0.01700	0.05817	0.11932	0.09994	0.07547	0.01085	0.00792	0.00237	0.00720	0.03632	0.00515	0.00942
7	0.01914	0.04073	0.01848	0.01551	0.01922	0.12209	0.04390	0.16594	0.17699	0.02763	0.02692	0.11494	0.06544	0.01210	0.00844	0.00245	0.03758	0.06686	0.00614	0.00947
8	0.01071	0.00795	0.01104	0.01088	0.01171	0.00910	0.00797	0.01245	0.01131	0.01604	0.02005	0.03383	0.02031	0.26626	0.47171	0.00983	0.05032	0.00858	0.00402	0.00592
9	0.01869	0.00970	0.01236	0.01099	0.01399	0.00892	0.00837	0.06358	0.01897	0.26102	0.15699	0.21953	0.10002	0.05037	0.00962	0.00269	0.00510	0.01270	0.00768	0.00871
10	0.01687	0.01973	0.09762	0.17587	0.23173	0.11616	0.01853	0.02161	0.04222	0.02113	0.01913	0.02458	0.06324	0.00897	0.00850	0.00235	0.05921	0.03918	0.00399	0.00937
11	0.01829	0.19782	0.30144	0.11573	0.02945	0.08896	0.04512	0.05572	0.01684	0.04787	0.01305	0.01545	0.00988	0.00699	0.00650	0.00210	0.00988	0.00536	0.00363	0.00992
12	0.01611	0.01365	0.01488	0.01358	0.01710	0.01552	0.01053	0.03233	0.52237	0.02853	0.10182	0.03195	0.05472	0.01503	0.07542	0.00333	0.00673	0.00900	0.00710	0.01030
13	0.02012	0.01034	0.01335	0.01191	0.01510	0.00989	0.00917	0.02455	0.09724	0.30511	0.09555	0.25317	0.05397	0.01437	0.00856	0.00253	0.02551	0.01238	0.00777	0.00940
14	0.01440	0.01304	0.01742	0.01684	0.06643	0.01606	0.01243	0.04952	0.04733	0.02005	0.02462	0.07635	0.11738	0.08807	0.05276	0.00369	0.34202	0.00924	0.00455	0.00779
15	0.01156	0.00928	0.01307	0.03660	0.01415	0.01126	0.00959	0.01342	0.01141	0.01637	0.01825	0.03051	0.01829	0.21208	0.39976	0.00868	0.14739	0.00815	0.00386	0.00631
16	0.01256	0.00636	0.00953	0.00953	0.00957	0.00639	0.00639	0.00957	0.00953	0.01275	0.01282	0.02228	0.01279	0.02610	0.04831	0.76602	0.00669	0.00636	0.00318	0.00325
17	0.01524	0.01493	0.02100	0.01820	0.01836	0.02069	0.01509	0.01695	0.01120	0.01742	0.01073	0.01741	0.01057	0.01771	0.10646	0.00420	0.64625	0.00653	0.00327	0.00778
18	0.06127	0.16723	0.05908	0.02315	0.18056	0.32294	0.01598	0.05047	0.01838	0.02114	0.01186	0.01419	0.00990	0.00699	0.00628	0.00193	0.01034	0.00502	0.00373	0.00956
19	0.01310	0.00962	0.01191	0.01122	0.01331	0.03741	0.03333	0.01533	0.01685	0.09539	0.17278	0.27769	0.19182	0.01691	0.00939	0.00258	0.04271	0.01464	0.00681	0.00721
20	0.00881	0.00649	0.00826	0.00968	0.01043	0.00594	0.00655	0.01017	0.01434	0.01873	0.04543	0.63264	0.15176	0.02208	0.00917	0.00287	0.00413	0.01981	0.00675	0.00594
21	0.01729	0.01673	0.04845	0.06606	0.51812	0.01635	0.02006	0.05438	0.03931	0.02439	0.01718	0.07238	0.01554	0.00844	0.00746	0.00229	0.00823	0.03229	0.00422	0.01080
22	0.01811	0.21541	0.37117	0.01949	0.05191	0.04441	0.06199	0.07175	0.01712	0.04563	0.01320	0.01516	0.00997	0.00689	0.00648	0.00209	0.00973	0.00536	0.00367	0.01044
23	0.01723	0.01859	0.07722	0.17549	0.44378	0.04827	0.02127	0.02228	0.03807	0.02240	0.01374	0.01808	0.01117	0.00705	0.00776	0.00226	0.03489	0.00636	0.00360	0.01051
24	0.00979	0.00695	0.00841	0.00892	0.00949	0.00681	0.00575	0.01068	0.01245	0.01643	0.03405	0.25575	0.11616	0.36315	0.09784	0.00574	0.00711	0.01390	0.00535	0.00529
25	0.02503	0.01793	0.01919	0.01529	0.02030	0.04360	0.01240	0.44048	0.09285	0.11096	0.08805	0.04039	0.02030	0.00978	0.00744	0.00223	0.00722	0.00773	0.00740	0.01143
26	0.01927	0.01632	0.02127	0.15014	0.23672	0.08014	0.01622	0.07307	0.08039	0.09893	0.02334	0.02714	0.07597	0.00921	0.00745	0.00230	0.00811	0.03875	0.00520	0.01005
27	0.01670	0.13047	0.49237	0.02030	0.06078	0.04962	0.02296	0.02326	0.01555	0.04695	0.01300	0.01525	0.00969	0.00719	0.00749	0.00222	0.04714	0.00532	0.00336	0.01040
28	0.01057	0.00734	0.00929	0.00937	0.00986	0.00775	0.00623	0.01155	0.01123	0.01535	0.02262	0.04338	0.02463	0.49313	0.24711	0.00831	0.01090	0.04187	0.00436	0.00517
29	0.05626	0.15815	0.41266	0.01795	0.02600	0.13489	0.02044	0.02319	0.01591	0.02141	0.01321	0.04419	0.01080	0.00753	0.00644	0.00213	0.01010	0.00556	0.00341	0.00977
30	0.02256	0.28104	0.11284	0.01402	0.02009	0.06837	0.01343	0.05892	0.04564	0.21053	0.02160	0.02112	0.06344	0.00835	0.00635	0.00200	0.00772	0.00625	0.00544	0.01029
31	0.01120	0.00763	0.00930	0.00896	0.01105	0.00678	0.00669	0.01378	0.01841	0.07480	0.35578	0.14519	0.27019	0.01662	0.00858	0.00242	0.00382	0.01440	0.00750	0.00691
32	0.00916	0.00655	0.00879	0.01047	0.01103	0.00617	0.00728	0.01065	0.01422	0.01890	0.03989	0.66897	0.04740	0.02248	0.00936	0.00299	0.00448	0.08846	0.00674	0.00599
33	0.01782	0.01709	0.02919	0.07268	0.67251	0.01723	0.02222	0.02215	0.01647	0.02354	0.01364	0.01805	0.01144	0.00651	0.00720	0.00217	0.00868	0.00648	0.00358	0.01137
34	0.02465	0.01833	0.01977	0.01601	0.02086	0.09782	0.04610	0.23291	0.16632	0.17902	0.04009	0.02330	0.03907	0.00935	0.00790	0.00228	0.03074	0.00741	0.00695	0.01111
35	0.00941	0.00712	0.00879	0.00975	0.01117	0.00651	0.00728	0.01140	0.01580	0.02029	0.09942	0.34842	0.25995	0.02026	0.00914	0.00281	0.00444	0.13501	0.00683	0.00620
36	0.01663	0.01569	0.02656	0.18579	0.51188	0.01637	0.02108	0.02098	0.01614	0.02251	0.01536	0.02304	0.01338	0.00765	0.00742	0.00230	0.00871	0.05431	0.00375	0.01043
37	0.01263	0.00631	0.00947	0.00947	0.00947	0.00631	0.00631	0.00947	0.00947	0.01263	0.01263	0.02210	0.01263	0.02525	0.02841	0.78851	0.00631	0.00631	0.00316	0.00316
38	0.12556	0.01302	0.01466	0.01084	0.01693	0.01072	0.00874	0.02061	0.01533	0.09985	0.01427	0.01568	0.01116	0.00597	0.00547	0.00137	0.00550	0.00459	0.00485	0.59488
39	0.01449	0.01371	0.01460	0.01286	0.01440	0.12673	0.06670	0.01582	0.01356	0.01696	0.02259	0.03654	0.06976	0.38565	0.02428	0.00475	0.08780	0.00912	0.04352	0.00619
40	0.01297	0.00924	0.01239	0.01447	0.10701	0.00906	0.00925	0.01723	0.06567	0.04869	0.22825	0.18519	0.06379	0.01392	0.00782	0.00235	0.00469	0.03326	0.14695	0.00779
41	0.27287	0.06033	0.15502	0.01523	0.02118	0.13923	0.01434	0.15651	0.05349	0.02993	0.01338	0.01466	0.01011	0.00744	0.00605	0.00216	0.00853	0.00510	0.00473	0.00971
42	0.08513	0.01971	0.02662	0.07357	0.02799	0.12543	0.23606	0.05894	0.14883	0.04770	0.01681	0.01921	0.01279	0.00790	0.00857	0.00238	0.06082	0.00706	0.00477	0.00972
43	0.02384	0.05471	0.02267	0.01827	0.02274	0.38737	0.08562	0.15258	0.03911	0.02496	0.06068	0.01971	0.03887	0.00847	0.00707	0.00205	0.01065	0.00647	0.00488	0.00927

[dist]
# distance from previous block
# <min> <max>
8	11

[block]
# block no. 5 follows, 28 sequences, length 20
# corresponding to MSA columns:
# 258-277
name=unknown_F
#
# <colnr> <probs for GDERKNQSTAVLIFYWHMCP>
#	G	D	E	R	K	N	Q	S	T	A	V	L	I	F	Y	W	H	M	C	P
0	0.01005	0.00797	0.00922	0.00985	0.01170	0.00753	0.00742	0.01371	0.07904	0.02064	0.05359	0.27780	0.32951	0.01922	0.00891	0.00275	0.00450	0.11313	0.00680	0.00666
1	0.02060	0.01741	0.01802	0.01548	0.01892	0.12931	0.03006	0.08008	0.20352	0.11933	0.09666	0.04714	0.03888	0.01074	0.00998	0.00242	0.11714	0.00820	0.00630	0.00980
2	0.01667	0.01609	0.02792	0.24872	0.46840	0.01699	0.05702	0.02124	0.01598	0.02217	0.01350	0.01850	0.01094	0.00670	0.00729	0.00225	0.00915	0.00659	0.00349	0.01039
3	0.01512	0.00807	0.01008	0.00961	0.01099	0.00758	0.00642	0.01607	0.01373	0.17114	0.02854	0.21733	0.02999	0.39597	0.02329	0.00493	0.00614	0.01238	0.00603	0.00658
4	0.01845	0.01806	0.03360	0.03097	0.21722	0.01773	0.34877	0.06746	0.07800	0.04754	0.03675	0.02089	0.01419	0.00708	0.00796	0.00234	0.00993	0.00793	0.00452	0.01059
5	0.01364	0.01272	0.01370	0.05429	0.01697	0.08755	0.04499	0.06129	0.07535	0.02242	0.06999	0.20156	0.26642	0.01533	0.00825	0.00248	0.00612	0.01318	0.00619	0.00756
6	0.07118	0.00720	0.00863	0.00961	0.01077	0.00687	0.00670	0.01148	0.01493	0.02109	0.12132	0.51501	0.12886	0.02000	0.00873	0.00275	0.00417	0.01776	0.00672	0.00620
7	0.02496	0.01352	0.01614	0.01335	0.01815	0.01360	0.01071	0.05866	0.27602	0.36711	0.03216	0.02895	0.07298	0.01006	0.00744	0.00235	0.00589	0.00826	0.00814	0.01155
8	0.01492	0.03308	0.56932	0.08015	0.08523	0.01690	0.02533	0.02323	0.04256	0.02301	0.01375	0.01636	0.00996	0.00702	0.00698	0.00231	0.01029	0.00566	0.00330	0.01062
9	0.01140	0.00861	0.01240	0.06797	0.01551	0.01016	0.00971	0.01401	0.01239	0.01830	0.02002	0.06930	0.01894	0.06616	0.44941	0.00835	0.07277	0.00831	0.09963	0.00665
10	0.00913	0.00652	0.00874	0.01043	0.01097	0.00614	0.00722	0.01059	0.01418	0.01886	0.03992	0.67762	0.04749	0.02252	0.00935	0.00299	0.00445	0.08017	0.00674	0.00598
11	0.00971	0.00676	0.00830	0.00907	0.00940	0.00658	0.00571	0.01046	0.01235	0.01644	0.03236	0.36274	0.05961	0.36058	0.05253	0.00522	0.00617	0.01522	0.00553	0.00524
12	0.01278	0.01230	0.02249	0.10182	0.02491	0.01266	0.22616	0.01607	0.01479	0.02000	0.02583	0.35454	0.02798	0.01461	0.01014	0.00275	0.07378	0.01375	0.00501	0.00762
13	0.00915	0.00702	0.00838	0.00881	0.01036	0.00626	0.00632	0.01123	0.01676	0.02190	0.23411	0.29705	0.29859	0.01893	0.00882	0.00258	0.00380	0.01657	0.00710	0.00626
14	0.01769	0.02103	0.11693	0.03127	0.19879	0.01844	0.35021	0.06708	0.01759	0.02456	0.01413	0.01833	0.01093	0.00687	0.00885	0.00239	0.05328	0.00740	0.00380	0.01041
15	0.01304	0.01164	0.06795	0.01174	0.01432	0.00997	0.00952	0.13339	0.01850	0.02512	0.08212	0.41124	0.09485	0.01735	0.00843	0.00261	0.00531	0.01524	0.04006	0.00761
16	0.01463	0.01254	0.01455	0.01053	0.01672	0.00945	0.00840	0.01777	0.01518	0.02341	0.01706	0.01881	0.05748	0.00627	0.00560	0.00117	0.00527	0.00506	0.00447	0.73562
17	0.14030	0.03675	0.15894	0.01731	0.10378	0.01403	0.01433	0.06508	0.01691	0.10379	0.05657	0.07084	0.04655	0.01187	0.04858	0.00275	0.00783	0.00750	0.00515	0.07115
18	0.07781	0.14204	0.33824	0.01662	0.02397	0.01844	0.01847	0.05560	0.06119	0.02382	0.01394	0.01630	0.01089	0.01054	0.05540	0.00280	0.04881	0.00543	0.00383	0.05588
19	0.01701	0.06722	0.12980	0.01941	0.09169	0.01513	0.09414	0.06911	0.09454	0.07568	0.02311	0.12292	0.02135	0.05421	0.00949	0.00273	0.00792	0.06965	0.00536	0.00954

[dist]
# distance from previous block
# <min> <max>
1	22

[block]
# block no. 6 follows, 28 sequences, length 63
# corresponding to MSA columns:
# 300-321,323-363
name=unknown_G
#
# <colnr> <probs for GDERKNQSTAVLIFYWHMCP>
#	G	D	E	R	K	N	Q	S	T	A	V	L	I	F	Y	W	H	M	C	P
0	0.02272	0.01583	0.01646	0.01335	0.01780	0.05760	0.01072	0.29623	0.07388	0.11495	0.06484	0.02306	0.01848	0.00893	0.00677	0.00204	0.00652	0.00700	0.16925	0.05357
1	0.01345	0.01014	0.01347	0.03427	0.01602	0.01039	0.04876	0.02013	0.18512	0.06852	0.03577	0.41558	0.06481	0.01690	0.00853	0.00271	0.00537	0.01521	0.00677	0.00808
2	0.01393	0.01164	0.01381	0.01047	0.01581	0.00901	0.00822	0.01706	0.01585	0.02419	0.11984	0.06867	0.02212	0.00798	0.00613	0.00139	0.00501	0.00674	0.00504	0.61710
3	0.01127	0.00974	0.00985	0.00955	0.01169	0.05549	0.00711	0.01474	0.06022	0.02304	0.26802	0.08054	0.30796	0.06380	0.01031	0.00271	0.00472	0.03563	0.00685	0.00677
4	0.01741	0.01890	0.15295	0.06092	0.13983	0.01564	0.05639	0.10092	0.08774	0.06758	0.04520	0.09129	0.01926	0.01163	0.03431	0.00276	0.03379	0.02821	0.00520	0.01006
5	0.01085	0.01024	0.04154	0.01167	0.01311	0.05370	0.03142	0.01264	0.01419	0.01840	0.03455	0.49774	0.06516	0.08749	0.05818	0.00376	0.00661	0.01653	0.00588	0.00633
6	0.00959	0.00731	0.01081	0.01151	0.01242	0.00687	0.05055	0.01120	0.01410	0.01881	0.03763	0.63758	0.04450	0.05144	0.01041	0.00310	0.00496	0.04464	0.00645	0.00613
7	0.01066	0.00776	0.00936	0.00949	0.01127	0.00722	0.00690	0.01406	0.06100	0.04684	0.24823	0.27910	0.22522	0.01786	0.00869	0.00256	0.00400	0.01566	0.00725	0.00685
8	0.01875	0.01651	0.06976	0.28795	0.24253	0.01608	0.06262	0.04713	0.01707	0.12741	0.01587	0.01946	0.01169	0.00724	0.00731	0.00230	0.00900	0.00667	0.00440	0.01025
9	0.01622	0.01288	0.01519	0.01091	0.01731	0.00976	0.00875	0.01943	0.01545	0.06834	0.01395	0.01571	0.01124	0.00562	0.00551	0.00115	0.00544	0.00450	0.00461	0.73802
10	0.00952	0.00679	0.00905	0.01004	0.01058	0.00682	0.00681	0.01084	0.01278	0.01733	0.03224	0.45038	0.03734	0.16860	0.16980	0.00566	0.00811	0.01589	0.00567	0.00574
11	0.09587	0.01465	0.02311	0.43733	0.18986	0.01685	0.04138	0.05623	0.01594	0.02284	0.01311	0.01819	0.01011	0.00708	0.00701	0.00233	0.00903	0.00628	0.00368	0.00912
12	0.01614	0.01559	0.02751	0.04993	0.26541	0.01555	0.20366	0.06252	0.01750	0.02402	0.04945	0.10373	0.06993	0.00983	0.00859	0.00240	0.03440	0.00960	0.00461	0.00963
13	0.01401	0.01321	0.02231	0.68229	0.09266	0.01622	0.02033	0.01882	0.01467	0.01891	0.01297	0.01929	0.00981	0.00722	0.00726	0.00241	0.00962	0.00646	0.00325	0.00830
14	0.01057	0.00705	0.00793	0.00793	0.00793	0.00705	0.00440	0.01057	0.01057	0.01409	0.02290	0.04757	0.02643	0.74454	0.03700	0.00705	0.00705	0.01057	0.00440	0.00440
15	0.01279	0.01312	0.07342	0.01550	0.04321	0.01116	0.10203	0.04038	0.07769	0.02268	0.05569	0.15619	0.19136	0.04045	0.00957	0.00279	0.00664	0.11147	0.00592	0.00794
16	0.01044	0.00758	0.01060	0.01060	0.01153	0.00850	0.00774	0.01229	0.01136	0.01608	0.02046	0.03402	0.02055	0.25292	0.52057	0.01035	0.01590	0.00859	0.00404	0.00589
17	0.01590	0.01590	0.02226	0.01908	0.01908	0.02226	0.01590	0.01749	0.01113	0.01749	0.00954	0.01590	0.00954	0.01272	0.02385	0.00318	0.73123	0.00636	0.00318	0.00795
18	0.01057	0.00705	0.00793	0.00793	0.00793	0.00705	0.00440	0.01057	0.01057	0.01409	0.02290	0.04757	0.02643	0.74454	0.03700	0.00705	0.00705	0.01057	0.00440	0.00440
19	0.01706	0.01420	0.01631	0.05398	0.01974	0.01639	0.01195	0.09708	0.40564	0.02828	0.02671	0.05958	0.02217	0.01576	0.08332	0.00352	0.03441	0.05722	0.00655	0.01014
20	0.73209	0.01518	0.01156	0.01024	0.01476	0.04597	0.00838	0.04845	0.01361	0.03253	0.01047	0.01209	0.00812	0.00686	0.00470	0.00223	0.00604	0.00407	0.00458	0.00808
21	0.02391	0.01720	0.01760	0.01428	0.01911	0.09777	0.01141	0.21756	0.11608	0.18409	0.10801	0.02444	0.02174	0.00926	0.00720	0.00211	0.00704	0.00736	0.00707	0.08677
22	0.01591	0.01515	0.02575	0.37773	0.38235	0.01672	0.02127	0.02048	0.01557	0.02122	0.01331	0.01867	0.01062	0.00686	0.00723	0.00229	0.00915	0.00647	0.00342	0.00984
23	0.01612	0.01775	0.03767	0.02874	0.07106	0.01670	0.55013	0.02152	0.01670	0.02270	0.01795	0.11318	0.01587	0.00831	0.00859	0.00250	0.01101	0.01003	0.00407	0.00939
24	0.01808	0.01561	0.01644	0.01479	0.01890	0.01808	0.01151	0.03863	0.68606	0.03041	0.02959	0.02712	0.02219	0.00986	0.00740	0.00247	0.00575	0.00822	0.00740	0.01151
25	0.02758	0.03291	0.02031	0.01828	0.02217	0.66056	0.01378	0.02952	0.02062	0.07117	0.01259	0.01401	0.01003	0.00761	0.00661	0.00190	0.01257	0.00489	0.00415	0.00873
26	0.01373	0.01292	0.02180	0.72707	0.05006	0.01615	0.02019	0.01857	0.01453	0.01857	0.01292	0.01938	0.00969	0.00727	0.00727	0.00242	0.00969	0.00646	0.00323	0.00807
27	0.01264	0.01055	0.01636	0.04007	0.01826	0.00940	0.11817	0.01545	0.01542	0.04504	0.05529	0.33279	0.08246	0.01452	0.00809	0.00235	0.00601	0.01340	0.00570	0.17803
28	0.01943	0.74891	0.03809	0.01244	0.01866	0.02876	0.01244	0.02177	0.01477	0.01710	0.01011	0.01166	0.00933	0.00622	0.00466	0.00155	0.00777	0.00389	0.00311	0.00933
29	0.01725	0.01651	0.02816	0.16374	0.58589	0.01708	0.02194	0.02166	0.01620	0.02284	0.01354	0.01823	0.01120	0.00661	0.00721	0.00220	0.00882	0.00647	0.00353	0.01091
30	0.01507	0.01292	0.01507	0.01077	0.01723	0.00969	0.00861	0.01830	0.01507	0.02369	0.01292	0.01507	0.01077	0.00538	0.00538	0.00108	0.00538	0.00431	0.00431	0.78898
31	0.01458	0.03760	0.70688	0.02072	0.03146	0.01688	0.02686	0.02302	0.01535	0.02302	0.01304	0.01535	0.00921	0.00691	0.00691	0.00230	0.01074	0.00537	0.00307	0.01074
32	0.01244	0.00644	0.00965	0.00965	0.00976	0.00654	0.00654	0.00976	0.00965	0.01298	0.01319	0.02263	0.01309	0.02768	0.08547	0.72402	0.00741	0.00644	0.00322	0.00343
33	0.01049	0.00738	0.00962	0.00962	0.01021	0.00797	0.00652	0.01166	0.01107	0.01535	0.02135	0.03898	0.02270	0.43279	0.34365	0.00914	0.01266	0.00931	0.00417	0.00535
34	0.01024	0.00706	0.00871	0.00901	0.00932	0.00723	0.00568	0.01094	0.01136	0.01539	0.02526	0.16487	0.02868	0.49059	0.15803	0.00719	0.00886	0.01182	0.00472	0.00505
