[name]
unknown

[dist]
# distance from previous block
# <min> <max>
0	60

[block]
# block no. 0 follows, 31 sequences, length 7
# corresponding to MSA columns:
# 61-67
name=unknown_A
#
# <colnr> <probs for GDERKNQSTAVLIFYWHMCP>
#	G	D	E	R	K	N	Q	S	T	A	V	L	I	F	Y	W	H	M	C	P
0	0.01994	0.01702	0.01683	0.01423	0.01833	0.17361	0.05334	0.11302	0.08703	0.12735	0.02707	0.03122	0.11592	0.01019	0.00712	0.00212	0.00749	0.08143	0.00579	0.07096
1	0.01814	0.01305	0.01691	0.04579	0.09585	0.01362	0.03849	0.20439	0.08492	0.09732	0.10823	0.09442	0.04246	0.03486	0.00805	0.00231	0.00617	0.00882	0.05693	0.00926
2	0.01532	0.09673	0.02149	0.51048	0.03767	0.01679	0.01649	0.11389	0.01604	0.02063	0.01246	0.01733	0.00962	0.00801	0.00784	0.05333	0.00849	0.00581	0.00357	0.00801
3	0.13221	0.01495	0.01397	0.03886	0.01640	0.12247	0.00953	0.15005	0.03932	0.10962	0.05795	0.08764	0.01931	0.09844	0.00981	0.00263	0.00680	0.00766	0.05413	0.00825
4	0.00993	0.00816	0.01245	0.01132	0.01299	0.00761	0.10362	0.01183	0.01394	0.01848	0.11458	0.30426	0.13950	0.18252	0.01429	0.00343	0.00548	0.01411	0.00558	0.00590
5	0.13429	0.01422	0.01536	0.01268	0.01690	0.01529	0.01019	0.29880	0.09125	0.13923	0.04945	0.10195	0.01894	0.00980	0.00667	0.00217	0.00598	0.00783	0.03915	0.00984
6	0.01490	0.01259	0.01594	0.08511	0.11254	0.01385	0.01183	0.06795	0.30537	0.02590	0.12416	0.13098	0.02762	0.01097	0.00733	0.00230	0.00574	0.00960	0.00610	0.00919

[dist]
# distance from previous block
# <min> <max>
2	7

[block]
# block no. 1 follows, 31 sequences, length 17
# corresponding to MSA columns:
# 75-91
name=unknown_B
#
# <colnr> <probs for GDERKNQSTAVLIFYWHMCP>
#	G	D	E	R	K	N	Q	S	T	A	V	L	I	F	Y	W	H	M	C	P
0	0.01948	0.29778	0.02926	0.01848	0.08556	0.10594	0.12014	0.12016	0.04814	0.02258	0.01262	0.01452	0.01027	0.00645	0.00592	0.00178	0.00845	0.00524	0.00395	0.06330
1	0.12070	0.16699	0.05702	0.01605	0.09131	0.04799	0.05680	0.10821	0.01723	0.07281	0.02311	0.05368	0.12295	0.00898	0.00631	0.00203	0.00695	0.00724	0.00479	0.00884
2	0.18008	0.05476	0.05364	0.04735	0.06727	0.10366	0.03828	0.23937	0.06439	0.04922	0.01414	0.01544	0.01064	0.00738	0.00653	0.00207	0.02567	0.00546	0.00499	0.00967
3	0.01766	0.25906	0.30802	0.01900	0.09645	0.11601	0.01839	0.05433	0.01591	0.02037	0.01145	0.01344	0.00909	0.00641	0.00584	0.00187	0.00921	0.00470	0.00323	0.00955
4	0.29418	0.01497	0.01623	0.11960	0.02171	0.01665	0.01152	0.26408	0.02051	0.13625	0.01500	0.01588	0.01060	0.00741	0.00595	0.00212	0.00674	0.00541	0.00563	0.00959
5	0.01188	0.00594	0.00891	0.00891	0.00891	0.00594	0.00594	0.00891	0.00891	0.01188	0.01188	0.02080	0.01188	0.02377	0.02674	0.80095	0.00594	0.00594	0.00297	0.00297
6	0.00871	0.00619	0.00775	0.00884	0.00928	0.00583	0.00573	0.00965	0.01252	0.01652	0.03611	0.53353	0.08897	0.19929	0.01498	0.00367	0.00458	0.01679	0.00582	0.00523
7	0.02506	0.02025	0.01942	0.01539	0.02032	0.12290	0.01249	0.55255	0.02913	0.03813	0.01597	0.01644	0.01162	0.00803	0.00661	0.00198	0.00793	0.00592	0.05910	0.01075
8	0.01693	0.01626	0.02777	0.04199	0.71689	0.01626	0.02100	0.02100	0.01558	0.02235	0.01287	0.01693	0.01084	0.00610	0.00677	0.00203	0.00813	0.00610	0.00339	0.01084
9	0.00830	0.00610	0.00779	0.00914	0.00982	0.00559	0.00618	0.00957	0.01347	0.01762	0.04242	0.65232	0.14498	0.02082	0.00864	0.00271	0.00389	0.01870	0.00635	0.00559
10	0.05121	0.00745	0.00892	0.00959	0.01049	0.00745	0.00657	0.05561	0.01370	0.01904	0.03113	0.47499	0.03620	0.18630	0.01430	0.00358	0.00499	0.04695	0.00577	0.00577
11	0.01188	0.00863	0.01068	0.00957	0.01170	0.00844	0.00734	0.10454	0.02109	0.02954	0.61954	0.04644	0.05743	0.01321	0.00790	0.00214	0.00381	0.01154	0.00744	0.00715
12	0.01292	0.01216	0.02052	0.74312	0.04712	0.01520	0.01900	0.01748	0.01368	0.01748	0.01216	0.01824	0.00912	0.00684	0.00684	0.00228	0.00912	0.00608	0.00304	0.00760
13	0.01584	0.01547	0.02715	0.21254	0.43004	0.01617	0.11034	0.02090	0.04425	0.02135	0.01346	0.01782	0.01077	0.00637	0.00697	0.00214	0.00872	0.00643	0.00346	0.00982
14	0.00825	0.00691	0.00721	0.00740	0.00954	0.00587	0.00558	0.01002	0.01544	0.01852	0.06549	0.11239	0.63473	0.01768	0.00820	0.00238	0.00365	0.04861	0.00635	0.00579
15	0.01537	0.03321	0.62947	0.01899	0.02848	0.01661	0.02363	0.11212	0.01683	0.02455	0.01284	0.01471	0.00907	0.00673	0.00655	0.00215	0.00976	0.00520	0.00342	0.01032
16	0.01419	0.01216	0.01419	0.01013	0.01621	0.00912	0.00811	0.01723	0.01419	0.02229	0.01216	0.01419	0.01013	0.00507	0.00507	0.00101	0.00507	0.00405	0.00405	0.80139

[dist]
# distance from previous block
# <min> <max>
0	3

[block]
# block no. 2 follows, 31 sequences, length 45
# corresponding to MSA columns:
# 95-139
name=unknown_C
#
# <colnr> <probs for GDERKNQSTAVLIFYWHMCP>
#	G	D	E	R	K	N	Q	S	T	A	V	L	I	F	Y	W	H	M	C	P
0	0.01801	0.01519	0.01603	0.01412	0.01817	0.01748	0.01107	0.10915	0.63012	0.03022	0.02658	0.02452	0.01986	0.00916	0.00695	0.00229	0.00565	0.00756	0.00695	0.01092
1	0.01693	0.01626	0.02777	0.04199	0.71689	0.01626	0.02100	0.02100	0.01558	0.02235	0.01287	0.01693	0.01084	0.00610	0.00677	0.00203	0.00813	0.00610	0.00339	0.01084
2	0.01423	0.03527	0.69373	0.01942	0.02925	0.04677	0.02476	0.02191	0.01466	0.02145	0.01220	0.01435	0.00867	0.00652	0.00649	0.00215	0.01021	0.00503	0.00292	0.01002
3	0.02492	0.01852	0.01995	0.01522	0.02076	0.02010	0.01255	0.63176	0.03051	0.04120	0.01603	0.01622	0.01150	0.00792	0.00668	0.00196	0.00730	0.00597	0.00659	0.08434
4	0.01497	0.01497	0.02095	0.01796	0.01796	0.02095	0.01497	0.01646	0.01048	0.01646	0.00898	0.01497	0.00898	0.01197	0.02245	0.00299	0.74704	0.00599	0.00299	0.00748
5	0.02601	0.01916	0.02053	0.01574	0.02122	0.02122	0.01300	0.69408	0.03217	0.04312	0.01643	0.01643	0.01163	0.00821	0.00684	0.00205	0.00753	0.00616	0.00684	0.01163
6	0.01292	0.01216	0.02052	0.74312	0.04712	0.01520	0.01900	0.01748	0.01368	0.01748	0.01216	0.01824	0.00912	0.00684	0.00684	0.00228	0.00912	0.00608	0.00304	0.00760
7	0.01060	0.00766	0.01048	0.01193	0.01348	0.00754	0.01023	0.01349	0.01554	0.02010	0.03888	0.12669	0.09173	0.01897	0.00929	0.00306	0.00591	0.57192	0.00631	0.00620
8	0.00834	0.00595	0.00794	0.00953	0.00992	0.00556	0.00635	0.00953	0.01310	0.01746	0.03771	0.75510	0.04525	0.02143	0.00873	0.00278	0.00397	0.01945	0.00635	0.00556
9	0.02627	0.01875	0.02027	0.01554	0.02101	0.02060	0.01284	0.65739	0.03147	0.08079	0.01701	0.01681	0.01193	0.00823	0.00685	0.00206	0.00743	0.00620	0.00693	0.01164
10	0.01829	0.76368	0.03585	0.01171	0.01756	0.02707	0.01171	0.02049	0.01390	0.01610	0.00951	0.01097	0.00878	0.00585	0.00439	0.00146	0.00732	0.00366	0.00293	0.00878
11	0.01693	0.01626	0.02777	0.04199	0.71689	0.01626	0.02100	0.02100	0.01558	0.02235	0.01287	0.01693	0.01084	0.00610	0.00677	0.00203	0.00813	0.00610	0.00339	0.01084
12	0.08172	0.07441	0.55388	0.01814	0.02688	0.01618	0.05879	0.02097	0.01407	0.02176	0.01237	0.01548	0.00936	0.03888	0.00749	0.00232	0.00946	0.00523	0.00309	0.00950
13	0.00921	0.04112	0.04853	0.00830	0.01097	0.00740	0.00692	0.01162	0.01622	0.02054	0.20745	0.08107	0.47523	0.01562	0.00786	0.00225	0.00396	0.01316	0.00628	0.00629
14	0.00824	0.00694	0.00715	0.00710	0.00934	0.00584	0.00532	0.01012	0.01597	0.01936	0.13284	0.06439	0.65003	0.01700	0.00808	0.00229	0.00344	0.01423	0.00647	0.00584
15	0.00977	0.00733	0.01100	0.01100	0.01222	0.00855	0.00855	0.01222	0.01100	0.01588	0.01833	0.02688	0.01710	0.05131	0.73245	0.01100	0.01833	0.00733	0.00367	0.00611
16	0.02447	0.02045	0.25619	0.01502	0.02196	0.01317	0.01551	0.09688	0.01913	0.41529	0.02093	0.01959	0.01359	0.00778	0.00675	0.00213	0.00745	0.00619	0.00641	0.01112
17	0.00832	0.00600	0.00789	0.00940	0.00989	0.00557	0.00630	0.00954	0.01322	0.01751	0.03923	0.72181	0.07755	0.02124	0.00870	0.00276	0.00394	0.01921	0.00635	0.00557
18	0.01562	0.01644	0.02818	0.02190	0.02503	0.03728	0.29574	0.03625	0.01379	0.01949	0.01299	0.06160	0.01184	0.00974	0.01480	0.00264	0.35730	0.00764	0.00351	0.00821
19	0.01702	0.01470	0.01547	0.01392	0.01779	0.01702	0.01083	0.03635	0.70453	0.02862	0.02785	0.02553	0.02088	0.00928	0.00696	0.00232	0.00541	0.00773	0.00696	0.01083
20	0.01501	0.01509	0.02162	0.01834	0.01857	0.02083	0.03831	0.01665	0.01067	0.01665	0.00915	0.01509	0.00903	0.01176	0.02196	0.00297	0.72168	0.00606	0.00301	0.00754
21	0.02556	0.03261	0.01939	0.01763	0.02115	0.73210	0.01322	0.02732	0.01939	0.01674	0.01058	0.01234	0.00881	0.00705	0.00617	0.00176	0.01234	0.00441	0.00353	0.00793
22	0.00910	0.00694	0.00819	0.00796	0.00961	0.00635	0.00580	0.01129	0.01617	0.02142	0.33145	0.05447	0.30802	0.11324	0.05711	0.00334	0.00471	0.01254	0.00640	0.00587
23	0.01345	0.01270	0.02147	0.65102	0.13510	0.01534	0.01926	0.01794	0.01393	0.01812	0.01225	0.01807	0.00935	0.00674	0.00683	0.00225	0.00899	0.00608	0.00309	0.00803
24	0.01541	0.01212	0.01431	0.01028	0.01631	0.00919	0.00825	0.01842	0.01459	0.07427	0.01326	0.01486	0.01064	0.00532	0.00520	0.00110	0.00512	0.00426	0.00438	0.74269
25	0.04605	0.70242	0.03416	0.01190	0.01758	0.06062	0.01163	0.02080	0.01409	0.01663	0.00956	0.01105	0.00873	0.00593	0.00447	0.00150	0.00749	0.00370	0.00300	0.00869
26	0.02408	0.01790	0.02009	0.01722	0.07574	0.01966	0.01309	0.58398	0.02925	0.03966	0.01649	0.01727	0.01205	0.00953	0.03193	0.00234	0.00774	0.00621	0.04465	0.01113
27	0.01288	0.01101	0.01661	0.07896	0.11834	0.01159	0.05747	0.04115	0.05436	0.02227	0.13851	0.04244	0.08541	0.01553	0.06560	0.00315	0.04313	0.16855	0.00531	0.00772
28	0.11402	0.35385	0.13297	0.01607	0.07043	0.02062	0.06594	0.05966	0.01546	0.02201	0.06074	0.01568	0.01298	0.00674	0.00555	0.00184	0.00759	0.00515	0.00371	0.00900
29	0.01912	0.06577	0.08660	0.04714	0.38017	0.09607	0.04373	0.03877	0.01654	0.09424	0.01390	0.01647	0.01086	0.00649	0.00654	0.00197	0.00852	0.00575	0.00396	0.03741
30	0.00977	0.00733	0.01100	0.01100	0.01222	0.00855	0.00855	0.01222	0.01100	0.01588	0.01833	0.02688	0.01710	0.05131	0.73245	0.01100	0.01833	0.00733	0.00367	0.00611
31	0.00841	0.00607	0.00799	0.00950	0.01003	0.00565	0.00645	0.00970	0.01332	0.01762	0.03927	0.69667	0.07918	0.02114	0.00872	0.00277	0.00402	0.04154	0.00635	0.00559
32	0.02001	0.02286	0.16605	0.02268	0.16688	0.15705	0.07639	0.07189	0.07807	0.10711	0.03413	0.01803	0.01304	0.00726	0.00678	0.00207	0.00898	0.00613	0.00459	0.01001
33	0.02521	0.03187	0.01923	0.01747	0.02101	0.70287	0.01312	0.02769	0.04740	0.01723	0.01128	0.01288	0.00931	0.00714	0.00620	0.00179	0.01205	0.00454	0.00367	0.00805
34	0.00987	0.00720	0.01026	0.01021	0.01150	0.00804	0.00784	0.01232	0.01219	0.01761	0.09172	0.03147	0.05073	0.06759	0.56492	0.00907	0.01494	0.00817	0.04827	0.00608
35	0.01686	0.01971	0.14814	0.03414	0.45171	0.01641	0.10641	0.03838	0.01583	0.04347	0.01328	0.01681	0.01055	0.00643	0.00739	0.00212	0.03216	0.00619	0.00354	0.01045
36	0.01799	0.02593	0.24444	0.02336	0.12991	0.16220	0.13890	0.05682	0.09132	0.02260	0.01418	0.01639	0.01079	0.00680	0.00682	0.00210	0.00989	0.00596	0.00383	0.00977
37	0.02077	0.01888	0.01720	0.01489	0.01871	0.17777	0.01170	0.16325	0.29125	0.06463	0.02127	0.02120	0.03303	0.01106	0.04559	0.00262	0.04376	0.00669	0.00587	0.00984
38	0.01080	0.00721	0.00947	0.00884	0.01061	0.00662	0.00665	0.01391	0.01913	0.06559	0.64870	0.07715	0.06115	0.01397	0.00803	0.00217	0.00340	0.01234	0.00754	0.00671
39	0.02064	0.20272	0.08974	0.04534	0.04530	0.18033	0.16941	0.02427	0.01659	0.12264	0.01377	0.01556	0.01042	0.00659	0.00635	0.00193	0.00953	0.00560	0.00402	0.00925
40	0.00886	0.00651	0.00829	0.00922	0.00977	0.00638	0.00621	0.00997	0.01262	0.01672	0.03632	0.50150	0.10808	0.15245	0.04854	0.00381	0.02735	0.01627	0.00573	0.00541
41	0.00856	0.00693	0.00748	0.00736	0.00939	0.00598	0.00545	0.01056	0.01622	0.02036	0.22038	0.06132	0.52622	0.05228	0.00937	0.00248	0.00356	0.01373	0.00653	0.00586
42	0.04121	0.04827	0.12007	0.04053	0.10071	0.14414	0.04544	0.04448	0.05295	0.02017	0.01180	0.01527	0.00988	0.00860	0.01195	0.00235	0.26427	0.00564	0.00353	0.00876
43	0.05472	0.08173	0.05270	0.01498	0.02058	0.02025	0.01294	0.50853	0.05028	0.09118	0.01658	0.01650	0.01181	0.00792	0.00653	0.00202	0.00734	0.00591	0.00636	0.01114
44	0.01579	0.01571	0.02765	0.16162	0.37664	0.01694	0.13584	0.01986	0.01459	0.02054	0.01234	0.01714	0.01018	0.00703	0.00931	0.00226	0.11736	0.00642	0.00328	0.00949

[dist]
# distance from previous block
# <min> <max>
1	4

[block]
# block no. 3 follows, 31 sequences, length 42
# corresponding to MSA columns:
# 144-185
name=unknown_D
#
# <colnr> <probs for GDERKNQSTAVLIFYWHMCP>
#	G	D	E	R	K	N	Q	S	T	A	V	L	I	F	Y	W	H	M	C	P
0	0.01080	0.00926	0.03785	0.01300	0.07106	0.03592	0.00869	0.01259	0.01393	0.04503	0.03408	0.58637	0.05819	0.01838	0.00829	0.00261	0.00494	0.01654	0.00594	0.00651
1	0.09274	0.07603	0.02074	0.01832	0.10329	0.23557	0.03799	0.12422	0.04658	0.09857	0.04904	0.01721	0.01353	0.00764	0.00678	0.00198	0.02988	0.00573	0.00486	0.00932
2	0.01138	0.00750	0.00926	0.00910	0.01067	0.00764	0.02251	0.01495	0.05132	0.02303	0.13151	0.17455	0.05815	0.01493	0.05012	0.00264	0.02694	0.03183	0.33544	0.00652
3	0.01503	0.10248	0.54407	0.02009	0.04560	0.05138	0.08538	0.02183	0.01482	0.02094	0.01209	0.01445	0.00890	0.00639	0.00644	0.00209	0.01004	0.00520	0.00299	0.00982
4	0.00834	0.00595	0.00794	0.00953	0.00992	0.00556	0.00635	0.00953	0.01310	0.01746	0.03771	0.75510	0.04525	0.02143	0.00873	0.00278	0.00397	0.01945	0.00635	0.00556
5	0.00946	0.00698	0.00883	0.00837	0.01008	0.00636	0.00628	0.01247	0.01883	0.02616	0.62181	0.05320	0.15681	0.01446	0.00807	0.00217	0.00326	0.01267	0.00736	0.00636
6	0.48078	0.01294	0.01274	0.01051	0.01520	0.01368	0.00867	0.05858	0.01561	0.28751	0.01635	0.01589	0.01115	0.00723	0.00534	0.00211	0.00560	0.00500	0.00593	0.00919
7	0.02601	0.01916	0.02053	0.01574	0.02122	0.02122	0.01300	0.69408	0.03217	0.04312	0.01643	0.01643	0.01163	0.00821	0.00684	0.00205	0.00753	0.00616	0.00684	0.01163
8	0.01188	0.00594	0.00891	0.00891	0.00891	0.00594	0.00594	0.00891	0.00891	0.01188	0.01188	0.02080	0.01188	0.02377	0.02674	0.80095	0.00594	0.00594	0.00297	0.00297
9	0.01686	0.01465	0.01514	0.01375	0.01744	0.03923	0.01080	0.05951	0.57764	0.02781	0.02901	0.03016	0.04728	0.01020	0.00716	0.00235	0.00572	0.05827	0.00677	0.01023
10	0.00968	0.00699	0.00914	0.00861	0.01022	0.00646	0.00646	0.01291	0.01937	0.02743	0.71328	0.05110	0.06455	0.01399	0.00807	0.00215	0.00323	0.01237	0.00753	0.00646
11	0.01767	0.02579	0.27582	0.01845	0.02446	0.15978	0.09781	0.08036	0.03749	0.04140	0.04919	0.04918	0.01414	0.00828	0.00816	0.00219	0.07001	0.00657	0.00409	0.00917
12	0.01065	0.00716	0.00941	0.00884	0.01057	0.00658	0.00663	0.01373	0.01901	0.06152	0.63901	0.09138	0.06103	0.01415	0.00805	0.00219	0.00340	0.01252	0.00751	0.00666
13	0.80789	0.01323	0.01006	0.00900	0.01323	0.01535	0.00741	0.02011	0.01164	0.03070	0.00953	0.01111	0.00741	0.00635	0.00423	0.00212	0.00529	0.00370	0.00423	0.00741
14	0.01829	0.76368	0.03585	0.01171	0.01756	0.02707	0.01171	0.02049	0.01390	0.01610	0.00951	0.01097	0.00878	0.00585	0.00439	0.00146	0.00732	0.00366	0.00293	0.00878
15	0.01124	0.00986	0.01727	0.01540	0.01796	0.00937	0.18429	0.01429	0.01490	0.01967	0.03265	0.30322	0.06771	0.01635	0.00877	0.00276	0.00667	0.23527	0.00559	0.00676
16	0.01829	0.76368	0.03585	0.01171	0.01756	0.02707	0.01171	0.02049	0.01390	0.01610	0.00951	0.01097	0.00878	0.00585	0.00439	0.00146	0.00732	0.00366	0.00293	0.00878
17	0.01615	0.01845	0.04037	0.02884	0.03576	0.01730	0.69204	0.02191	0.01615	0.02191	0.01384	0.01845	0.01038	0.00577	0.00807	0.00231	0.01153	0.00807	0.00346	0.00923
18	0.02431	0.01027	0.01304	0.01057	0.01471	0.00931	0.00854	0.02798	0.05670	0.47381	0.02813	0.02622	0.05432	0.00886	0.00643	0.00201	0.00503	0.00721	0.20257	0.00999
19	0.00845	0.00609	0.00794	0.00926	0.00982	0.00566	0.00622	0.00975	0.01350	0.01796	0.07810	0.65279	0.08278	0.04498	0.00951	0.00284	0.00399	0.01845	0.00635	0.00557
20	0.01553	0.01590	0.02087	0.01794	0.01813	0.05871	0.01487	0.01704	0.01095	0.01648	0.00907	0.01483	0.00897	0.01171	0.02159	0.00293	0.70804	0.00590	0.00302	0.00751
21	0.00834	0.00595	0.00794	0.00953	0.00992	0.00556	0.00635	0.00953	0.01310	0.01746	0.03771	0.75510	0.04525	0.02143	0.00873	0.00278	0.00397	0.01945	0.00635	0.00556
22	0.01188	0.00594	0.00891	0.00891	0.00891	0.00594	0.00594	0.00891	0.00891	0.01188	0.01188	0.02080	0.01188	0.02377	0.02674	0.80095	0.00594	0.00594	0.00297	0.00297
23	0.01534	0.01478	0.02606	0.30924	0.28621	0.01585	0.13174	0.04535	0.01558	0.02111	0.01390	0.02028	0.01136	0.00696	0.00714	0.00222	0.00898	0.03521	0.00352	0.00915
24	0.01008	0.00763	0.01099	0.01083	0.01180	0.00892	0.00823	0.01210	0.01081	0.01552	0.01832	0.02895	0.01785	0.15625	0.58934	0.00991	0.05524	0.00765	0.00370	0.00588
25	0.01748	0.01481	0.01661	0.01608	0.07481	0.01674	0.01162	0.10073	0.53799	0.02951	0.06717	0.02545	0.02178	0.00920	0.00700	0.00226	0.00572	0.00772	0.00669	0.01065
26	0.80789	0.01323	0.01006	0.00900	0.01323	0.01535	0.00741	0.02011	0.01164	0.03070	0.00953	0.01111	0.00741	0.00635	0.00423	0.00212	0.00529	0.00370	0.00423	0.00741
27	0.80789	0.01323	0.01006	0.00900	0.01323	0.01535	0.00741	0.02011	0.01164	0.03070	0.00953	0.01111	0.00741	0.00635	0.00423	0.00212	0.00529	0.00370	0.00423	0.00741
28	0.00989	0.00686	0.00861	0.00861	0.00901	0.00726	0.00558	0.01069	0.01029	0.01412	0.02050	0.03894	0.02234	0.52896	0.26197	0.00805	0.01044	0.00910	0.00399	0.00478
29	0.01784	0.06509	0.45117	0.01807	0.02612	0.03439	0.05535	0.05259	0.01607	0.14000	0.01467	0.01603	0.01030	0.00712	0.00734	0.00216	0.04596	0.00553	0.00405	0.01014
30	0.06030	0.01574	0.05142	0.09137	0.26686	0.03309	0.03403	0.09255	0.06090	0.09997	0.01857	0.02329	0.03245	0.00808	0.00686	0.00215	0.00751	0.05422	0.00483	0.03583
31	0.00856	0.00695	0.00758	0.00742	0.00953	0.00598	0.00557	0.01073	0.01670	0.02112	0.25889	0.06150	0.52289	0.01634	0.00808	0.00226	0.00340	0.01383	0.00670	0.00598
32	0.01829	0.76368	0.03585	0.01171	0.01756	0.02707	0.01171	0.02049	0.01390	0.01610	0.00951	0.01097	0.00878	0.00585	0.00439	0.00146	0.00732	0.00366	0.00293	0.00878
33	0.01719	0.04647	0.02453	0.10976	0.15850	0.08960	0.14837	0.11683	0.01754	0.02279	0.01689	0.08911	0.03170	0.00983	0.02763	0.00244	0.04995	0.00775	0.00420	0.00892
34	0.02467	0.01118	0.01438	0.01169	0.01592	0.01052	0.00934	0.02970	0.12280	0.48035	0.06041	0.02679	0.02051	0.06534	0.03777	0.00282	0.00611	0.00751	0.03186	0.01033
35	0.01746	0.02025	0.06773	0.06915	0.25849	0.16181	0.19334	0.02160	0.01625	0.02050	0.01466	0.04674	0.01278	0.00748	0.00718	0.00215	0.00980	0.03980	0.00364	0.00918
36	0.01603	0.05398	0.12866	0.06434	0.15878	0.05962	0.03387	0.02027	0.04186	0.10285	0.02421	0.11155	0.09363	0.01213	0.04554	0.00265	0.00798	0.00850	0.00471	0.00884
37	0.01275	0.10055	0.11573	0.01300	0.01683	0.01209	0.06985	0.01705	0.06055	0.04861	0.13361	0.19693	0.12704	0.01286	0.00789	0.00229	0.02811	0.01115	0.00542	0.00770
38	0.00917	0.00659	0.00841	0.00952	0.01021	0.00628	0.00644	0.03690	0.01398	0.01861	0.06047	0.63172	0.06898	0.06541	0.01020	0.00294	0.00423	0.01791	0.00628	0.00575
39	0.12538	0.01473	0.01700	0.03901	0.10027	0.05038	0.01168	0.20795	0.01917	0.12053	0.01627	0.05855	0.01322	0.01021	0.00942	0.09489	0.03625	0.00646	0.00527	0.04335
40	0.01856	0.04851	0.04788	0.05350	0.22350	0.12779	0.15213	0.06927	0.01707	0.05888	0.01518	0.07104	0.01305	0.00791	0.00776	0.00214	0.04524	0.00713	0.00409	0.00938
41	0.02003	0.53451	0.06612	0.01333	0.01911	0.09482	0.01274	0.13067	0.01744	0.02083	0.01088	0.01217	0.00924	0.00639	0.00507	0.00162	0.00798	0.00421	0.00362	0.00923

[dist]
# distance from previous block
# <min> <max>
0	1

[block]
# block no. 4 follows, 31 sequences, length 82
# corresponding to MSA columns:
# 187-193,197-271
name=unknown_E
#
# <colnr> <probs for GDERKNQSTAVLIFYWHMCP>
#	G	D	E	R	K	N	Q	S	T	A	V	L	I	F	Y	W	H	M	C	P
0	0.01645	0.05144	0.24495	0.02228	0.16799	0.10193	0.07697	0.02130	0.01582	0.03918	0.05798	0.01749	0.01332	0.00673	0.00649	0.00191	0.00873	0.00579	0.00372	0.11952
1	0.01941	0.28917	0.25219	0.01503	0.02213	0.02022	0.01609	0.15723	0.01828	0.08890	0.01348	0.01442	0.01011	0.00676	0.00581	0.00186	0.00806	0.00492	0.00425	0.03168
2	0.01063	0.00753	0.01054	0.01034	0.01132	0.00850	0.00766	0.01241	0.01097	0.03679	0.01913	0.03104	0.01886	0.23309	0.50590	0.00933	0.03830	0.00795	0.00392	0.00581
3	0.01359	0.01315	0.02165	0.04517	0.04804	0.04659	0.23873	0.04211	0.03586	0.02313	0.20673	0.13948	0.05622	0.01133	0.00794	0.00231	0.00728	0.02752	0.00535	0.00781
4	0.04254	0.01716	0.02468	0.13289	0.29749	0.06871	0.08734	0.14415	0.01884	0.07883	0.01433	0.01717	0.01091	0.00681	0.00682	0.00209	0.00857	0.00618	0.00440	0.01009
5	0.00833	0.00599	0.00790	0.00943	0.00990	0.00557	0.00631	0.00954	0.01319	0.01750	0.03890	0.72906	0.07052	0.02128	0.00871	0.00276	0.00395	0.01926	0.00635	0.00557
6	0.01325	0.04073	0.09388	0.01471	0.01825	0.03341	0.11738	0.05839	0.03291	0.02162	0.09918	0.13674	0.04688	0.07532	0.01071	0.02451	0.00710	0.14244	0.00520	0.00739
7	0.01882	0.05992	0.07534	0.03160	0.40085	0.09361	0.09511	0.07589	0.01734	0.04720	0.01329	0.01630	0.01058	0.00643	0.00672	0.00202	0.00893	0.00597	0.00380	0.01027
8	0.01383	0.08304	0.65330	0.01854	0.02810	0.01628	0.02368	0.02118	0.01445	0.02118	0.01407	0.01599	0.03312	0.00683	0.00641	0.00212	0.00969	0.00529	0.00301	0.00987
9	0.01430	0.01469	0.02591	0.51886	0.04298	0.04401	0.20317	0.01908	0.01458	0.01867	0.01256	0.01807	0.00945	0.00655	0.00715	0.00227	0.00991	0.00656	0.00317	0.00806
10	0.66718	0.01357	0.01129	0.00976	0.01411	0.01541	0.00803	0.08982	0.01424	0.06188	0.01295	0.01398	0.03127	0.00699	0.00474	0.00212	0.00549	0.00445	0.00476	0.00798
11	0.04863	0.01975	0.02184	0.04646	0.24248	0.18346	0.04474	0.12771	0.10561	0.04293	0.01693	0.01857	0.03539	0.00750	0.00668	0.00204	0.00854	0.00622	0.00465	0.00984
12	0.00940	0.00680	0.00907	0.00941	0.01020	0.00713	0.00662	0.01090	0.01177	0.01613	0.05271	0.19841	0.06720	0.22838	0.31661	0.00716	0.01059	0.01134	0.00470	0.00546
13	0.00862	0.00626	0.00813	0.00911	0.00994	0.00578	0.00628	0.01031	0.01470	0.01978	0.19135	0.54266	0.10290	0.01944	0.00853	0.00260	0.00376	0.01747	0.00661	0.00578
14	0.01292	0.01216	0.02052	0.74312	0.04712	0.01520	0.01900	0.01748	0.01368	0.01748	0.01216	0.01824	0.00912	0.00684	0.00684	0.00228	0.00912	0.00608	0.00304	0.00760
15	0.02656	0.01828	0.01998	0.01532	0.02077	0.01990	0.01266	0.61617	0.03068	0.12312	0.01767	0.01723	0.01226	0.00824	0.00685	0.00206	0.00733	0.00624	0.00704	0.01164
16	0.01292	0.01216	0.02052	0.74312	0.04712	0.01520	0.01900	0.01748	0.01368	0.01748	0.01216	0.01824	0.00912	0.00684	0.00684	0.00228	0.00912	0.00608	0.00304	0.00760
17	0.01476	0.01467	0.02056	0.01769	0.01774	0.02047	0.01472	0.01630	0.01050	0.01644	0.00935	0.01544	0.00930	0.01352	0.05041	0.00331	0.71835	0.00604	0.00302	0.00743
18	0.00834	0.00595	0.00794	0.00953	0.00992	0.00556	0.00635	0.00953	0.01310	0.01746	0.03771	0.75510	0.04525	0.02143	0.00873	0.00278	0.00397	0.01945	0.00635	0.00556
19	0.01615	0.01845	0.04037	0.02884	0.03576	0.01730	0.69204	0.02191	0.01615	0.02191	0.01384	0.01845	0.01038	0.00577	0.00807	0.00231	0.01153	0.00807	0.00346	0.00923
20	0.00995	0.00754	0.01115	0.01106	0.01219	0.00886	0.00856	0.01225	0.01093	0.01578	0.01817	0.02731	0.01720	0.08221	0.67798	0.01054	0.04119	0.00741	0.00367	0.00606
21	0.00832	0.00600	0.00789	0.00941	0.00989	0.00557	0.00630	0.00954	0.01321	0.01751	0.03909	0.72487	0.07458	0.02125	0.00870	0.00276	0.00395	0.01923	0.00635	0.00557
22	0.00834	0.00595	0.00794	0.00953	0.00992	0.00556	0.00635	0.00953	0.01310	0.01746	0.03771	0.75510	0.04525	0.02143	0.00873	0.00278	0.00397	0.01945	0.00635	0.00556
23	0.02895	0.01237	0.01746	0.01397	0.04191	0.01094	0.04038	0.05485	0.01958	0.62360	0.02514	0.02236	0.01606	0.00816	0.00687	0.00209	0.00619	0.00680	0.00789	0.03442
24	0.00995	0.00663	0.00746	0.00746	0.00746	0.00663	0.00415	0.00995	0.00995	0.01327	0.02156	0.04477	0.02487	0.75957	0.03482	0.00663	0.00663	0.00995	0.00415	0.00415
25	0.02599	0.01977	0.02048	0.01583	0.02121	0.05349	0.01301	0.66380	0.03159	0.04192	0.01616	0.01624	0.01151	0.00816	0.00681	0.00204	0.00775	0.00608	0.00669	0.01147
26	0.00980	0.00723	0.01047	0.01047	0.01151	0.00827	0.00789	0.01188	0.01084	0.01549	0.01881	0.02955	0.01826	0.15703	0.62832	0.01034	0.01658	0.00772	0.00374	0.00582
27	0.01188	0.00594	0.00891	0.00891	0.00891	0.00594	0.00594	0.00891	0.00891	0.01188	0.01188	0.02080	0.01188	0.02377	0.02674	0.80095	0.00594	0.00594	0.00297	0.00297
28	0.01419	0.01216	0.01419	0.01013	0.01621	0.00912	0.00811	0.01723	0.01419	0.02229	0.01216	0.01419	0.01013	0.00507	0.00507	0.00101	0.00507	0.00405	0.00405	0.80139
29	0.01574	0.01820	0.08181	0.02115	0.04904	0.06732	0.32682	0.02112	0.04733	0.02238	0.07262	0.01976	0.01513	0.00663	0.00705	0.00195	0.00895	0.00695	0.00405	0.18600
30	0.06914	0.00839	0.00887	0.00856	0.01096	0.00788	0.00642	0.06855	0.01632	0.02183	0.08474	0.20037	0.40608	0.01605	0.00773	0.00232	0.00409	0.01356	0.00622	0.03193
31	0.04417	0.07349	0.28427	0.04983	0.06530	0.01458	0.08617	0.02153	0.04271	0.09822	0.09223	0.06263	0.01852	0.00836	0.00682	0.00216	0.00797	0.00725	0.00451	0.00930
32	0.01538	0.01280	0.01592	0.01571	0.10189	0.03319	0.03108	0.14156	0.03621	0.02426	0.02098	0.19716	0.02111	0.06793	0.00906	0.00234	0.00621	0.02735	0.00515	0.21472
33	0.01292	0.01216	0.02052	0.74312	0.04712	0.01520	0.01900	0.01748	0.01368	0.01748	0.01216	0.01824	0.00912	0.00684	0.00684	0.00228	0.00912	0.00608	0.00304	0.00760
34	0.04017	0.06346	0.21073	0.02183	0.16015	0.06311	0.05178	0.14913	0.07675	0.04695	0.01467	0.01628	0.01105	0.00694	0.00650	0.00203	0.00845	0.00571	0.00439	0.03992
35	0.60189	0.05584	0.01240	0.00949	0.01413	0.01497	0.00787	0.02007	0.03121	0.02833	0.01049	0.01204	0.00833	0.00618	0.00446	0.00189	0.00537	0.00387	0.00420	0.14696
36	0.04270	0.04292	0.02094	0.02234	0.23044	0.11988	0.01410	0.15906	0.01910	0.05000	0.03072	0.01670	0.01213	0.00715	0.00703	0.00188	0.04342	0.00562	0.03448	0.11939
37	0.02475	0.03126	0.01951	0.01765	0.02091	0.67776	0.01335	0.02649	0.01871	0.01672	0.01045	0.01254	0.00883	0.00743	0.00741	0.00186	0.06848	0.00453	0.00348	0.00790
38	0.00908	0.00785	0.00933	0.01107	0.08699	0.00690	0.00706	0.01101	0.01531	0.01879	0.05960	0.13706	0.56260	0.01655	0.00801	0.00233	0.00403	0.01408	0.00603	0.00631
39	0.00977	0.00733	0.01100	0.01100	0.01222	0.00855	0.00855	0.01222	0.01100	0.01588	0.01833	0.02688	0.01710	0.05131	0.73245	0.01100	0.01833	0.00733	0.00367	0.00611
40	0.01372	0.03539	0.72412	0.01950	0.02961	0.01589	0.02528	0.02167	0.01444	0.02167	0.01228	0.01444	0.00867	0.00650	0.00650	0.00217	0.01011	0.00506	0.00289	0.01011
41	0.00893	0.00719	0.00810	0.00851	0.01061	0.00636	0.00681	0.01109	0.01574	0.01928	0.07883	0.06849	0.51265	0.01766	0.00845	0.00253	0.00423	0.19223	0.00637	0.00594
42	0.01292	0.01216	0.02052	0.74312	0.04712	0.01520	0.01900	0.01748	0.01368	0.01748	0.01216	0.01824	0.00912	0.00684	0.00684	0.00228	0.00912	0.00608	0.00304	0.00760
43	0.02601	0.01916	0.02053	0.01574	0.02122	0.02122	0.01300	0.69408	0.03217	0.04312	0.01643	0.01643	0.01163	0.00821	0.00684	0.00205	0.00753	0.00616	0.00684	0.01163
44	0.00977	0.00733	0.01100	0.01100	0.01222	0.00855	0.00855	0.01222	0.01100	0.01588	0.01833	0.02688	0.01710	0.05131	0.73245	0.01100	0.01833	0.00733	0.00367	0.00611
45	0.02002	0.01499	0.01885	0.28989	0.02968	0.03531	0.01435	0.25490	0.07353	0.11331	0.01951	0.02105	0.04774	0.00824	0.00690	0.00217	0.00768	0.00671	0.00550	0.00965
46	0.00834	0.00595	0.00794	0.00953	0.00992	0.00556	0.00635	0.00953	0.01310	0.01746	0.03771	0.75510	0.04525	0.02143	0.00873	0.00278	0.00397	0.01945	0.00635	0.00556
47	0.01679	0.01610	0.02714	0.06031	0.61831	0.01632	0.04661	0.02206	0.06657	0.02265	0.01400	0.01767	0.01151	0.00634	0.00684	0.00207	0.00809	0.00629	0.00364	0.01068
48	0.01419	0.01216	0.01419	0.01013	0.01621	0.00912	0.00811	0.01723	0.01419	0.02229	0.01216	0.01419	0.01013	0.00507	0.00507	0.00101	0.00507	0.00405	0.00405	0.80139
49	0.80789	0.01323	0.01006	0.00900	0.01323	0.01535	0.00741	0.02011	0.01164	0.03070	0.00953	0.01111	0.00741	0.00635	0.00423	0.00212	0.00529	0.00370	0.00423	0.00741
50	0.01743	0.01556	0.01566	0.01410	0.01795	0.05159	0.01094	0.03592	0.67140	0.02804	0.02701	0.02489	0.02030	0.00917	0.00692	0.00229	0.00575	0.00757	0.00680	0.01069
51	0.01102	0.00787	0.01102	0.01260	0.01417	0.00787	0.01102	0.01417	0.01575	0.02047	0.03622	0.07717	0.03937	0.01890	0.00945	0.00315	0.00630	0.67084	0.00630	0.00630
52	0.00816	0.00693	0.00704	0.00701	0.00929	0.00581	0.00526	0.00997	0.01578	0.01891	0.10044	0.06513	0.68271	0.01717	0.00808	0.00230	0.00345	0.01434	0.00641	0.00581
53	0.01372	0.03539	0.72412	0.01950	0.02961	0.01589	0.02528	0.02167	0.01444	0.02167	0.01228	0.01444	0.00867	0.00650	0.00650	0.00217	0.01011	0.00506	0.00289	0.01011
54	0.01188	0.00594	0.00891	0.00891	0.00891	0.00594	0.00594	0.00891	0.00891	0.01188	0.01188	0.02080	0.01188	0.02377	0.02674	0.80095	0.00594	0.00594	0.00297	0.00297
55	0.80789	0.01323	0.01006	0.00900	0.01323	0.01535	0.00741	0.02011	0.01164	0.03070	0.00953	0.01111	0.00741	0.00635	0.00423	0.00212	0.00529	0.00370	0.00423	0.00741
56	0.02556	0.03261	0.01939	0.01763	0.02115	0.73210	0.01322	0.02732	0.01939	0.01674	0.01058	0.01234	0.00881	0.00705	0.00617	0.00176	0.01234	0.00441	0.00353	0.00793
57	0.02556	0.03261	0.01939	0.01763	0.02115	0.73210	0.01322	0.02732	0.01939	0.01674	0.01058	0.01234	0.00881	0.00705	0.00617	0.00176	0.01234	0.00441	0.00353	0.00793
58	0.01188	0.00594	0.00891	0.00891	0.00891	0.00594	0.00594	0.00891	0.00891	0.01188	0.01188	0.02080	0.01188	0.02377	0.02674	0.80095	0.00594	0.00594	0.00297	0.00297
59	0.03070	0.01164	0.01588	0.01217	0.01746	0.01006	0.01006	0.03334	0.01958	0.72163	0.02699	0.02329	0.01694	0.00847	0.00688	0.00212	0.00582	0.00688	0.00847	0.01164
60	0.01330	0.01254	0.02120	0.67721	0.11008	0.01530	0.01919	0.01781	0.01386	0.01794	0.01223	0.01812	0.00928	0.00677	0.00683	0.00226	0.00903	0.00608	0.00307	0.00790
61	0.14970	0.01189	0.01499	0.01169	0.01682	0.01087	0.00965	0.03132	0.01837	0.61583	0.02432	0.02142	0.01548	0.00814	0.00647	0.00212	0.00574	0.00639	0.00782	0.01099
62	0.00820	0.00682	0.00717	0.00733	0.00937	0.00578	0.00540	0.00994	0.01549	0.01882	0.09884	0.14740	0.60062	0.01764	0.00816	0.00236	0.00351	0.01493	0.00641	0.00578
63	0.02453	0.03054	0.01948	0.01846	0.05249	0.64665	0.01339	0.02770	0.06994	0.01788	0.01196	0.01352	0.00980	0.00717	0.00625	0.00182	0.01163	0.00473	0.00377	0.00828
64	0.01061	0.00819	0.01109	0.01064	0.01120	0.00964	0.00777	0.01196	0.01051	0.01494	0.01821	0.03214	0.01895	0.32368	0.35299	0.00809	0.12194	0.00816	0.00375	0.00554
65	0.01292	0.01216	0.02052	0.74312	0.04712	0.01520	0.01900	0.01748	0.01368	0.01748	0.01216	0.01824	0.00912	0.00684	0.00684	0.00228	0.00912	0.00608	0.00304	0.00760
66	0.01465	0.01460	0.02680	0.40704	0.21229	0.01594	0.17074	0.01936	0.01471	0.01970	0.01272	0.01796	0.00983	0.00641	0.00710	0.00222	0.00941	0.00653	0.00322	0.00878
67	0.05299	0.02800	0.01892	0.01696	0.02023	0.54320	0.01298	0.05107	0.07633	0.01920	0.01203	0.01383	0.00990	0.00778	0.00792	0.00196	0.08965	0.00489	0.00391	0.00824
68	0.02431	0.03044	0.01976	0.04480	0.02221	0.65466	0.03801	0.02637	0.01889	0.01726	0.01115	0.01323	0.00918	0.00703	0.00622	0.00180	0.01188	0.00467	0.03024	0.00791
69	0.02265	0.34197	0.02625	0.01493	0.01950	0.40804	0.01247	0.02463	0.01707	0.04089	0.01069	0.01214	0.00908	0.00659	0.00544	0.00165	0.00998	0.00417	0.00344	0.00842
70	0.01372	0.03539	0.72412	0.01950	0.02961	0.01589	0.02528	0.02167	0.01444	0.02167	0.01228	0.01444	0.00867	0.00650	0.00650	0.00217	0.01011	0.00506	0.00289	0.01011
71	0.02778	0.01145	0.01521	0.01164	0.01685	0.00976	0.00956	0.03050	0.01866	0.60137	0.02493	0.02227	0.01612	0.00802	0.00655	0.00195	0.00560	0.00651	0.04607	0.10919
72	0.00993	0.00669	0.00776	0.00776	0.00786	0.00679	0.00452	0.01014	0.01004	0.01349	0.02128	0.04326	0.02422	0.69991	0.09358	0.00700	0.00762	0.00973	0.00410	0.00431
73	0.03070	0.01164	0.01588	0.01217	0.01746	0.01006	0.01006	0.03334	0.01958	0.72163	0.02699	0.02329	0.01694	0.00847	0.00688	0.00212	0.00582	0.00688	0.00847	0.01164
74	0.71650	0.01275	0.01029	0.00913	0.01325	0.01450	0.00748	0.02032	0.01255	0.06578	0.05599	0.01433	0.01160	0.00695	0.00462	0.00212	0.00519	0.00443	0.00466	0.00756
75	0.00982	0.00670	0.00805	0.00816	0.00837	0.00687	0.00499	0.01028	0.01032	0.01395	0.02209	0.08793	0.02496	0.59951	0.14370	0.00707	0.00831	0.01015	0.00421	0.00455
76	0.00989	0.00665	0.00765	0.00783	0.00793	0.00662	0.00460	0.01011	0.01042	0.01386	0.02327	0.09224	0.02685	0.67814	0.03198	0.00622	0.00645	0.04057	0.00439	0.00433
77	0.02497	0.01835	0.01969	0.01520	0.02033	0.02027	0.01243	0.64977	0.03073	0.04118	0.01676	0.01826	0.01249	0.05687	0.00866	0.00235	0.00747	0.00640	0.00667	0.01115
78	0.01709	0.01801	0.03878	0.02776	0.03457	0.01683	0.64788	0.02265	0.01637	0.06723	0.01469	0.01877	0.01081	0.00594	0.00800	0.00229	0.01116	0.00800	0.00378	0.00938
79	0.00900	0.05595	0.00915	0.00750	0.00993	0.00726	0.00582	0.01099	0.01607	0.01973	0.16620	0.05998	0.56680	0.01606	0.00784	0.00223	0.00368	0.01342	0.00632	0.00608
80	0.75641	0.01316	0.01073	0.05654	0.01543	0.01534	0.00816	0.01994	0.01177	0.02984	0.00970	0.01158	0.00752	0.00638	0.00440	0.00213	0.00554	0.00386	0.00416	0.00742
81	0.01407	0.01213	0.02022	0.69579	0.04520	0.01487	0.01842	0.01851	0.01406	0.06308	0.01312	0.01857	0.00963	0.00695	0.00684	0.00227	0.00891	0.00613	0.00339	0.00786

[dist]
# distance from previous block
# <min> <max>
0	5

[block]
# block no. 5 follows, 31 sequences, length 52
# corresponding to MSA columns:
# 277-280,302-328,333-346,357-363
name=unknown_F
#
# <colnr> <probs for GDERKNQSTAVLIFYWHMCP>
#	G	D	E	R	K	N	Q	S	T	A	V	L	I	F	Y	W	H	M	C	P
0	0.01493	0.01482	0.02060	0.01755	0.01787	0.02033	0.01461	0.01650	0.01067	0.01677	0.00915	0.01493	0.00904	0.01161	0.02154	0.00289	0.70814	0.00589	0.00305	0.04911
1	0.00818	0.00688	0.00710	0.00715	0.00933	0.00580	0.00532	0.00996	0.01566	0.01889	0.10111	0.10121	0.64530	0.01737	0.00812	0.00233	0.00348	0.01459	0.00641	0.00580
2	0.01211	0.00660	0.01056	0.00996	0.01032	0.00654	0.04191	0.00959	0.00929	0.01241	0.01199	0.02067	0.01180	0.02282	0.02576	0.75908	0.00623	0.00605	0.00300	0.00330
3	0.01368	0.00757	0.00810	0.04565	0.01094	0.00787	0.00610	0.06307	0.01555	0.02631	0.02138	0.02450	0.01668	0.00793	0.00503	0.00166	0.00380	0.00635	0.70103	0.00681
4	0.00978	0.00728	0.01077	0.01077	0.01191	0.00843	0.00827	0.01207	0.01093	0.01571	0.01853	0.02804	0.01761	0.09726	0.68719	0.01071	0.01757	0.00750	0.00370	0.00598
5	0.06667	0.01858	0.08299	0.03350	0.49166	0.05046	0.01910	0.07424	0.03271	0.02414	0.01302	0.01625	0.01059	0.00661	0.00705	0.00207	0.03040	0.00582	0.00375	0.01039
6	0.02143	0.45601	0.02930	0.01368	0.01907	0.13503	0.01228	0.19719	0.01952	0.02324	0.01148	0.01261	0.00953	0.00665	0.00531	0.00166	0.00815	0.00443	0.00404	0.00939
7	0.00857	0.00613	0.00821	0.00956	0.01001	0.00591	0.00644	0.00981	0.01272	0.01708	0.03492	0.64455	0.04137	0.06505	0.08112	0.00380	0.00552	0.01774	0.00597	0.00553
8	0.01632	0.01843	0.03456	0.02550	0.03129	0.07778	0.53469	0.02167	0.03662	0.02109	0.01535	0.06138	0.01274	0.00828	0.02729	0.00254	0.03361	0.00833	0.00373	0.00881
9	0.08562	0.11722	0.02270	0.01579	0.03931	0.01673	0.11007	0.18404	0.04781	0.21784	0.06090	0.01994	0.01579	0.00780	0.00657	0.00205	0.00711	0.00654	0.00600	0.01019
10	0.01292	0.01216	0.02052	0.74312	0.04712	0.01520	0.01900	0.01748	0.01368	0.01748	0.01216	0.01824	0.00912	0.00684	0.00684	0.00228	0.00912	0.00608	0.00304	0.00760
11	0.01636	0.01549	0.02581	0.09970	0.59322	0.01588	0.01987	0.02127	0.05340	0.02220	0.01454	0.01987	0.01236	0.00684	0.00689	0.00211	0.00799	0.03213	0.00367	0.01038
12	0.01411	0.09711	0.66579	0.01884	0.02859	0.01684	0.02413	0.02157	0.01440	0.02119	0.01204	0.01415	0.00868	0.00645	0.00632	0.00211	0.00987	0.00494	0.00289	0.01000
13	0.01644	0.01419	0.01492	0.01347	0.01724	0.01629	0.01046	0.03463	0.65983	0.02796	0.03054	0.02814	0.06586	0.00980	0.00703	0.00232	0.00529	0.00817	0.00692	0.01050
14	0.01292	0.01216	0.02052	0.74312	0.04712	0.01520	0.01900	0.01748	0.01368	0.01748	0.01216	0.01824	0.00912	0.00684	0.00684	0.00228	0.00912	0.00608	0.00304	0.00760
15	0.01397	0.07554	0.68618	0.01907	0.02895	0.01650	0.02453	0.02160	0.01441	0.02136	0.01212	0.01425	0.00867	0.00646	0.00638	0.00213	0.00996	0.00498	0.00289	0.01004
16	0.02526	0.01818	0.01857	0.01482	0.01961	0.10315	0.01203	0.42067	0.02615	0.16722	0.01793	0.01827	0.01285	0.01235	0.07790	0.00291	0.00884	0.00620	0.00644	0.01065
17	0.02992	0.01182	0.01585	0.01227	0.01748	0.01045	0.01010	0.03351	0.05834	0.68241	0.02704	0.02341	0.01716	0.00851	0.00688	0.00213	0.00580	0.00693	0.00838	0.01160
18	0.01188	0.00594	0.00891	0.00891	0.00891	0.00594	0.00594	0.00891	0.00891	0.01188	0.01188	0.02080	0.01188	0.02377	0.02674	0.80095	0.00594	0.00594	0.00297	0.00297
19	0.01420	0.01285	0.02052	0.67181	0.04458	0.01579	0.01841	0.08381	0.01549	0.01999	0.01258	0.01806	0.00937	0.00697	0.00684	0.00226	0.00896	0.00609	0.00341	0.00800
20	0.02294	0.01921	0.02105	0.01673	0.02163	0.09908	0.07913	0.44766	0.07119	0.03495	0.01813	0.04307	0.01454	0.00898	0.00712	0.00215	0.00814	0.04778	0.00610	0.01041
21	0.01419	0.01216	0.01419	0.01013	0.01621	0.00912	0.00811	0.01723	0.01419	0.02229	0.01216	0.01419	0.01013	0.00507	0.00507	0.00101	0.00507	0.00405	0.00405	0.80139
22	0.80789	0.01323	0.01006	0.00900	0.01323	0.01535	0.00741	0.02011	0.01164	0.03070	0.00953	0.01111	0.00741	0.00635	0.00423	0.00212	0.00529	0.00370	0.00423	0.00741
23	0.01188	0.00594	0.00891	0.00891	0.00891	0.00594	0.00594	0.00891	0.00891	0.01188	0.01188	0.02080	0.01188	0.02377	0.02674	0.80095	0.00594	0.00594	0.00297	0.00297
24	0.01829	0.76368	0.03585	0.01171	0.01756	0.02707	0.01171	0.02049	0.01390	0.01610	0.00951	0.01097	0.00878	0.00585	0.00439	0.00146	0.00732	0.00366	0.00293	0.00878
25	0.01525	0.03173	0.56141	0.02071	0.07306	0.04480	0.04297	0.05677	0.04820	0.02294	0.01324	0.01526	0.00959	0.00669	0.00659	0.00215	0.00976	0.00537	0.00336	0.01016
26	0.01275	0.00638	0.00638	0.00638	0.00797	0.00638	0.00478	0.01594	0.01435	0.02551	0.02232	0.02551	0.01754	0.00797	0.00478	0.00159	0.00319	0.00638	0.79755	0.00638
27	0.00968	0.00699	0.00914	0.00861	0.01022	0.00646	0.00646	0.01291	0.01937	0.02743	0.71328	0.05110	0.06455	0.01399	0.00807	0.00215	0.00323	0.01237	0.00753	0.00646
28	0.02817	0.01385	0.06423	0.01428	0.02005	0.01114	0.07790	0.03146	0.01891	0.60761	0.02475	0.02224	0.01576	0.00808	0.00697	0.00214	0.00666	0.00688	0.00761	0.01131
29	0.00977	0.00733	0.01100	0.01100	0.01222	0.00855	0.00855	0.01222	0.01100	0.01588	0.01833	0.02688	0.01710	0.05131	0.73245	0.01100	0.01833	0.00733	0.00367	0.00611
30	0.01702	0.01470	0.01547	0.01392	0.01779	0.01702	0.01083	0.03635	0.70453	0.02862	0.02785	0.02553	0.02088	0.00928	0.00696	0.00232	0.00541	0.00773	0.00696	0.01083
31	0.00968	0.00699	0.00914	0.00861	0.01022	0.00646	0.00646	0.01291	0.01937	0.02743	0.71328	0.05110	0.06455	0.01399	0.00807	0.00215	0.00323	0.01237	0.00753	0.00646
32	0.01419	0.01216	0.01419	0.01013	0.01621	0.00912	0.00811	0.01723	0.01419	0.02229	0.01216	0.01419	0.01013	0.00507	0.00507	0.00101	0.00507	0.00405	0.00405	0.80139
33	0.00834	0.00595	0.00794	0.00953	0.00992	0.00556	0.00635	0.00953	0.01310	0.01746	0.03771	0.75510	0.04525	0.02143	0.00873	0.00278	0.00397	0.01945	0.00635	0.00556
34	0.00809	0.00693	0.00693	0.00693	0.00924	0.00578	0.00520	0.00982	0.01559	0.01848	0.06931	0.06584	0.71411	0.01733	0.00809	0.00231	0.00347	0.01444	0.00635	0.00578
35	0.01350	0.01305	0.02294	0.62676	0.09027	0.01548	0.08511	0.01815	0.01405	0.01824	0.01237	0.01817	0.00936	0.00669	0.00696	0.00227	0.00929	0.00628	0.00310	0.00797
36	0.01422	0.11457	0.64929	0.01865	0.02830	0.01710	0.02380	0.02154	0.01439	0.02106	0.01198	0.01407	0.00868	0.00643	0.00627	0.00209	0.00981	0.00490	0.00289	0.00997
37	0.01126	0.00814	0.01120	0.01265	0.01432	0.00823	0.01102	0.01504	0.04264	0.02079	0.03590	0.07516	0.03865	0.01852	0.00935	0.00312	0.00627	0.64496	0.00633	0.00648
38	0.01524	0.06149	0.02295	0.01817	0.01892	0.02113	0.05209	0.01701	0.01100	0.01674	0.00928	0.01491	0.00905	0.01125	0.02054	0.00286	0.66073	0.00596	0.00302	0.00766
39	0.01780	0.01139	0.01192	0.01010	0.01321	0.01223	0.00803	0.26714	0.04510	0.03212	0.02034	0.02215	0.01547	0.00811	0.00562	0.00179	0.00487	0.00634	0.47779	0.00847
40	0.01305	0.01234	0.02055	0.69607	0.04523	0.01557	0.01874	0.01741	0.01347	0.01741	0.01195	0.01803	0.00911	0.00717	0.00785	0.00233	0.05700	0.00607	0.00304	0.00759
41	0.00829	0.00694	0.00722	0.00715	0.00937	0.00586	0.00536	0.01022	0.01608	0.01964	0.15258	0.06394	0.63012	0.01689	0.00808	0.00229	0.00343	0.01417	0.00651	0.00586
42	0.00856	0.00612	0.00820	0.00979	0.01028	0.00575	0.00675	0.00992	0.01332	0.01772	0.03758	0.69766	0.04475	0.02122	0.00879	0.00281	0.00417	0.07464	0.00635	0.00562
