[name]
unknown

[dist]
# distance from previous block
# <min> <max>
0	29

[block]
# block no. 0 follows, 34 sequences, length 19
# corresponding to MSA columns:
# 29-47
name=unknown_A
#
# <colnr> <probs for GDERKNQSTAVLIFYWHMCP>
#	G	D	E	R	K	N	Q	S	T	A	V	L	I	F	Y	W	H	M	C	P
0	0.01009	0.00710	0.00948	0.01049	0.01161	0.00708	0.00856	0.01232	0.01367	0.01796	0.06559	0.06396	0.03494	0.20727	0.01488	0.00375	0.00588	0.48442	0.00550	0.00545
1	0.00787	0.00562	0.00750	0.00900	0.00937	0.00525	0.00600	0.00900	0.01237	0.01649	0.03561	0.76871	0.04274	0.02024	0.00825	0.00262	0.00375	0.01837	0.00600	0.00525
2	0.01751	0.01459	0.01542	0.01344	0.01735	0.01674	0.01058	0.14900	0.60394	0.02935	0.02447	0.02265	0.01824	0.00860	0.00656	0.00215	0.00545	0.00705	0.00656	0.01036
3	0.02456	0.01810	0.01939	0.01487	0.02004	0.02004	0.01228	0.71107	0.03038	0.04072	0.01551	0.01551	0.01099	0.00776	0.00646	0.00194	0.00711	0.00582	0.00646	0.01099
4	0.01529	0.01456	0.02503	0.03586	0.61995	0.01448	0.05308	0.01912	0.01492	0.02122	0.04832	0.02100	0.01427	0.00682	0.00667	0.00200	0.00751	0.04663	0.00355	0.00970
5	0.01655	0.00777	0.00875	0.00772	0.01021	0.00752	0.00605	0.05363	0.01552	0.18835	0.02181	0.02318	0.01615	0.00765	0.00507	0.00164	0.00379	0.00612	0.58511	0.00741
6	0.00806	0.00613	0.00747	0.00846	0.00957	0.00555	0.00608	0.00955	0.01343	0.01712	0.04565	0.45550	0.27665	0.01867	0.00811	0.00251	0.00381	0.08629	0.00599	0.00539
7	0.01542	0.01462	0.02475	0.03700	0.67174	0.01457	0.01867	0.01919	0.01501	0.02151	0.07253	0.01871	0.01451	0.00638	0.00650	0.00193	0.00729	0.00626	0.00353	0.00989
8	0.67532	0.01401	0.01122	0.01106	0.05664	0.07594	0.00821	0.01938	0.01209	0.02730	0.03395	0.01222	0.00915	0.00629	0.00442	0.00197	0.00565	0.00397	0.00400	0.00720
9	0.00914	0.00660	0.00864	0.00813	0.00965	0.00610	0.00610	0.01219	0.01829	0.02591	0.72921	0.04827	0.06097	0.01321	0.00762	0.00203	0.00305	0.01169	0.00711	0.00610
10	0.01635	0.01509	0.01794	0.01980	0.19643	0.08444	0.03355	0.09167	0.26150	0.02518	0.12683	0.02454	0.04119	0.00849	0.00667	0.00202	0.00639	0.00732	0.00537	0.00924
11	0.01093	0.00851	0.01089	0.00981	0.01197	0.00856	0.03322	0.01725	0.16488	0.02588	0.52812	0.04113	0.04872	0.01177	0.00728	0.00205	0.00377	0.01040	0.03781	0.00706
12	0.81856	0.01250	0.00950	0.00850	0.01250	0.01449	0.00700	0.01899	0.01100	0.02899	0.00900	0.01050	0.00700	0.00600	0.00400	0.00200	0.00500	0.00350	0.00400	0.00700
13	0.00924	0.00687	0.01010	0.01010	0.01116	0.00792	0.00773	0.01136	0.01030	0.01479	0.01756	0.02681	0.01677	0.10958	0.68704	0.01004	0.01638	0.00713	0.00350	0.00561
14	0.01340	0.01148	0.01340	0.00957	0.01531	0.00861	0.00766	0.01627	0.01340	0.02105	0.01148	0.01340	0.00957	0.00479	0.00479	0.00096	0.00479	0.00383	0.00383	0.81242
15	0.00787	0.00562	0.00750	0.00900	0.00937	0.00525	0.00600	0.00900	0.01237	0.01649	0.03561	0.76871	0.04274	0.02024	0.00825	0.00262	0.00375	0.01837	0.00600	0.00525
16	0.30530	0.01377	0.01925	0.05941	0.27745	0.01443	0.07170	0.02120	0.03513	0.10551	0.01301	0.01513	0.00990	0.00620	0.00566	0.00200	0.00671	0.00523	0.00412	0.00888
17	0.00785	0.00622	0.00706	0.00755	0.00903	0.00544	0.00540	0.00942	0.01419	0.01782	0.11072	0.31256	0.42897	0.01748	0.00785	0.00233	0.00342	0.01516	0.00609	0.00544
18	0.01686	0.01889	0.05252	0.01423	0.01775	0.25632	0.05556	0.04596	0.19271	0.02163	0.11860	0.04496	0.07143	0.00947	0.00672	0.00202	0.00753	0.03375	0.00508	0.00802

[dist]
# distance from previous block
# <min> <max>
0	25

[block]
# block no. 1 follows, 34 sequences, length 39
# corresponding to MSA columns:
# 73-106,113-117
name=unknown_B
#
# <colnr> <probs for GDERKNQSTAVLIFYWHMCP>
#	G	D	E	R	K	N	Q	S	T	A	V	L	I	F	Y	W	H	M	C	P
0	0.02167	0.00947	0.01210	0.00980	0.01383	0.00811	0.00792	0.02387	0.01720	0.49042	0.03919	0.03577	0.26073	0.01087	0.00689	0.00206	0.00474	0.00894	0.00731	0.00910
1	0.01715	0.01471	0.01796	0.14149	0.16985	0.08687	0.01371	0.07275	0.19401	0.08058	0.01920	0.02476	0.01578	0.02225	0.00716	0.00220	0.00715	0.07846	0.00493	0.00900
2	0.05609	0.37989	0.12758	0.01882	0.18734	0.04299	0.01454	0.01931	0.01362	0.01826	0.02568	0.01367	0.01013	0.00779	0.03805	0.00206	0.00790	0.00454	0.00306	0.00868
3	0.01100	0.00979	0.01528	0.01725	0.18731	0.00919	0.07942	0.01409	0.01613	0.02188	0.29941	0.04121	0.22910	0.01150	0.00733	0.00206	0.00502	0.01038	0.00547	0.00718
4	0.01531	0.16907	0.05152	0.18701	0.39387	0.01722	0.03911	0.01907	0.01399	0.01889	0.01138	0.01508	0.00941	0.00587	0.00598	0.00187	0.00789	0.00531	0.00303	0.00911
5	0.00899	0.00765	0.03693	0.00821	0.01019	0.00632	0.00656	0.01193	0.01739	0.02399	0.56720	0.04971	0.19377	0.01357	0.00757	0.00206	0.00335	0.01181	0.00672	0.00610
6	0.01620	0.01443	0.09031	0.01245	0.03032	0.02935	0.01059	0.25187	0.05214	0.05054	0.19885	0.06592	0.07520	0.01014	0.00675	0.00200	0.00562	0.00841	0.06041	0.00848
7	0.01431	0.14253	0.55912	0.01763	0.02619	0.01691	0.05951	0.05500	0.01450	0.02071	0.01149	0.01346	0.00843	0.00609	0.00594	0.00195	0.00911	0.00479	0.00295	0.00939
8	0.01337	0.01002	0.01270	0.01086	0.01369	0.01011	0.04670	0.10485	0.13072	0.06228	0.39109	0.03859	0.10549	0.01142	0.00726	0.00207	0.00447	0.00995	0.00667	0.00770
9	0.05208	0.48625	0.19867	0.01309	0.01929	0.05827	0.01395	0.02075	0.05280	0.01775	0.01062	0.01198	0.00885	0.00593	0.00483	0.00163	0.00759	0.00402	0.00305	0.00860
10	0.00938	0.00632	0.00732	0.00732	0.00741	0.00641	0.00426	0.00957	0.00948	0.01273	0.02011	0.04090	0.02289	0.71360	0.09139	0.00660	0.00717	0.00919	0.00388	0.00407
11	0.02383	0.06389	0.01900	0.01640	0.01982	0.71498	0.01242	0.02551	0.01808	0.01579	0.00994	0.01159	0.00832	0.00661	0.00575	0.00165	0.01144	0.00413	0.00330	0.00753
12	0.01588	0.01351	0.03529	0.01103	0.01660	0.01141	0.00916	0.18058	0.01759	0.02586	0.03699	0.01510	0.01162	0.00581	0.00532	0.00126	0.00541	0.00459	0.00453	0.57247
13	0.01511	0.07791	0.49123	0.01613	0.02383	0.01504	0.01902	0.02318	0.11740	0.08975	0.03982	0.01695	0.01246	0.00690	0.00615	0.00202	0.00811	0.00546	0.00395	0.00958
14	0.00939	0.00628	0.00714	0.00714	0.00717	0.00631	0.00403	0.00945	0.00942	0.01260	0.02028	0.04182	0.02329	0.75313	0.05241	0.00638	0.00657	0.00933	0.00390	0.00397
15	0.00828	0.00662	0.00745	0.00736	0.00929	0.00578	0.00561	0.01046	0.01590	0.02032	0.28023	0.05825	0.47274	0.01542	0.00770	0.00218	0.00335	0.05103	0.00636	0.00569
16	0.05675	0.01870	0.18962	0.01537	0.02149	0.01432	0.08741	0.19082	0.03549	0.25360	0.01898	0.01873	0.03370	0.00741	0.00645	0.00202	0.00732	0.00615	0.00561	0.01005
17	0.01259	0.01188	0.02008	0.68452	0.11437	0.01446	0.01814	0.01685	0.01310	0.01698	0.01155	0.01710	0.00878	0.00639	0.00645	0.00213	0.00852	0.00574	0.00290	0.00749
18	0.00841	0.00649	0.00777	0.00832	0.00985	0.00585	0.00632	0.01037	0.01472	0.01882	0.15169	0.23251	0.34180	0.01709	0.00801	0.00241	0.00383	0.13400	0.00616	0.00559
19	0.00776	0.00623	0.00694	0.00743	0.00898	0.00540	0.00532	0.00927	0.01403	0.01739	0.07576	0.30393	0.47373	0.01760	0.00785	0.00233	0.00343	0.01520	0.00603	0.00540
20	0.01340	0.01148	0.01340	0.00957	0.01531	0.00861	0.00766	0.01627	0.01340	0.02105	0.01148	0.01340	0.00957	0.00479	0.00479	0.00096	0.00479	0.00383	0.00383	0.81242
21	0.01540	0.01475	0.02516	0.15138	0.62551	0.01520	0.01954	0.01931	0.01443	0.02039	0.01205	0.01618	0.00998	0.00587	0.00641	0.00196	0.00782	0.00575	0.00315	0.00976
22	0.00790	0.00570	0.00749	0.00885	0.00935	0.00528	0.00595	0.00910	0.01266	0.01682	0.05747	0.71378	0.07605	0.01985	0.00820	0.00259	0.00371	0.01795	0.00603	0.00528
23	0.01736	0.69937	0.07284	0.01174	0.01739	0.05938	0.01185	0.01972	0.01340	0.01553	0.00918	0.01061	0.00829	0.00562	0.00434	0.00143	0.00728	0.00356	0.00279	0.00832
24	0.01094	0.00580	0.00870	0.00870	0.00886	0.00596	0.00596	0.00886	0.00870	0.01176	0.01209	0.02046	0.01193	0.02616	0.12841	0.69748	0.00728	0.00580	0.00290	0.00323
25	0.05327	0.04666	0.11217	0.01469	0.01997	0.14079	0.01305	0.32693	0.07738	0.08579	0.01510	0.01536	0.01096	0.00722	0.00610	0.00188	0.00775	0.00534	0.00527	0.03430
26	0.01957	0.01048	0.01300	0.01095	0.01455	0.01028	0.00869	0.02654	0.21032	0.33214	0.23448	0.03036	0.03035	0.00975	0.00685	0.00206	0.00467	0.00826	0.00735	0.00933
27	0.00813	0.00597	0.00755	0.00839	0.00924	0.00547	0.00578	0.00965	0.01374	0.01827	0.16952	0.49909	0.15246	0.04405	0.00888	0.00257	0.00363	0.01607	0.00614	0.00539
28	0.01106	0.00830	0.01264	0.05055	0.08899	0.00940	0.00952	0.01203	0.01052	0.01477	0.01579	0.02274	0.04107	0.02965	0.32693	0.24153	0.07922	0.00651	0.00326	0.00555
29	0.11847	0.05041	0.01701	0.04242	0.24571	0.11057	0.01196	0.01773	0.03442	0.02026	0.06616	0.08909	0.09268	0.04708	0.00760	0.00220	0.00660	0.00769	0.00422	0.00774
30	0.02836	0.01144	0.01520	0.01172	0.01668	0.01023	0.00966	0.06541	0.04154	0.67973	0.02502	0.02174	0.01586	0.00801	0.00650	0.00200	0.00557	0.00649	0.00788	0.01097
31	0.02899	0.01100	0.01499	0.01150	0.01649	0.00950	0.00950	0.03149	0.01849	0.73709	0.02549	0.02199	0.01599	0.00800	0.00650	0.00200	0.00550	0.00650	0.00800	0.01100
32	0.01483	0.22532	0.32866	0.01928	0.02680	0.01823	0.23916	0.02024	0.01402	0.01914	0.01137	0.01398	0.00873	0.00576	0.00609	0.00191	0.00928	0.00533	0.00291	0.00895
33	0.04548	0.01537	0.01674	0.01330	0.01772	0.01678	0.01083	0.47675	0.09985	0.07593	0.12341	0.02151	0.01952	0.00864	0.00658	0.00198	0.00614	0.00682	0.00658	0.01006
34	0.01020	0.00692	0.00805	0.00770	0.00982	0.00602	0.00580	0.01226	0.01587	0.09117	0.24302	0.11981	0.40964	0.01502	0.00758	0.00216	0.00348	0.01282	0.00651	0.00616
35	0.66820	0.08170	0.08412	0.00971	0.01439	0.01552	0.00903	0.01917	0.01145	0.02693	0.00925	0.01080	0.00723	0.00597	0.00422	0.00195	0.00562	0.00362	0.00376	0.00736
36	0.01228	0.01101	0.01673	0.01635	0.08499	0.01304	0.07309	0.01439	0.01183	0.01755	0.01791	0.19601	0.01868	0.04007	0.05423	0.00303	0.29389	0.00909	0.08905	0.00680
37	0.06479	0.01205	0.01427	0.01190	0.01558	0.05493	0.04387	0.07772	0.08117	0.25128	0.11886	0.13582	0.02444	0.01010	0.00670	0.00204	0.00557	0.00861	0.00634	0.05396
38	0.27914	0.25859	0.18151	0.01214	0.01767	0.07458	0.01243	0.01959	0.01323	0.02155	0.04972	0.01335	0.01078	0.00633	0.00487	0.00179	0.00703	0.00428	0.00345	0.00796

[dist]
# distance from previous block
# <min> <max>
0	1

[block]
# block no. 2 follows, 34 sequences, length 58
# corresponding to MSA columns:
# 119-176
name=unknown_C
#
# <colnr> <probs for GDERKNQSTAVLIFYWHMCP>
#	G	D	E	R	K	N	Q	S	T	A	V	L	I	F	Y	W	H	M	C	P
0	0.00837	0.00641	0.00786	0.00852	0.00984	0.00565	0.00599	0.00982	0.01311	0.01721	0.04087	0.50856	0.21024	0.01786	0.00781	0.00238	0.00378	0.03380	0.00581	0.07612
1	0.01374	0.07862	0.01519	0.00970	0.01542	0.01010	0.00795	0.01654	0.01337	0.02054	0.01126	0.01313	0.00946	0.00485	0.00473	0.00099	0.00497	0.00380	0.00373	0.74188
2	0.01779	0.04496	0.08866	0.07577	0.17686	0.01451	0.21478	0.05056	0.01582	0.15085	0.01470	0.01693	0.01076	0.00615	0.00654	0.00194	0.00815	0.00610	0.00419	0.07396
3	0.01621	0.04231	0.18801	0.01362	0.01875	0.02888	0.04648	0.09030	0.14218	0.12124	0.11598	0.02702	0.10277	0.00909	0.00666	0.00205	0.00642	0.00758	0.00549	0.00896
4	0.01079	0.01012	0.01339	0.01199	0.01419	0.07229	0.11425	0.01307	0.01469	0.01894	0.14989	0.34381	0.13240	0.01457	0.00764	0.00226	0.00539	0.01323	0.00546	0.03165
5	0.01163	0.03524	0.05281	0.01024	0.01370	0.00839	0.05448	0.01452	0.01524	0.06141	0.19758	0.09278	0.19025	0.01137	0.00681	0.00191	0.00469	0.02663	0.03841	0.15192
6	0.01583	0.14595	0.28992	0.01763	0.07119	0.03794	0.09403	0.05165	0.01512	0.06169	0.03627	0.01532	0.01103	0.00621	0.00591	0.00179	0.00807	0.00519	0.00359	0.10566
7	0.04899	0.29968	0.04659	0.01662	0.10296	0.25962	0.01270	0.02323	0.07721	0.03962	0.01179	0.01312	0.00972	0.00632	0.00531	0.00167	0.00837	0.00443	0.00354	0.00850
8	0.01057	0.00787	0.00994	0.00942	0.01071	0.00853	0.00694	0.07217	0.01283	0.01749	0.06438	0.03486	0.10797	0.24583	0.32129	0.00674	0.03379	0.00860	0.00436	0.00571
9	0.03686	0.07718	0.49734	0.01582	0.02355	0.01443	0.01888	0.02177	0.04623	0.11078	0.06457	0.01730	0.01339	0.00695	0.00612	0.00200	0.00808	0.00547	0.00391	0.00936
10	0.06589	0.07294	0.18761	0.01671	0.04735	0.27686	0.03625	0.06863	0.11188	0.03666	0.01331	0.01446	0.01020	0.00674	0.00592	0.00188	0.00900	0.00497	0.00393	0.00880
11	0.02166	0.30038	0.02393	0.01463	0.01875	0.48629	0.01197	0.02347	0.01644	0.01559	0.00962	0.01119	0.00831	0.00625	0.00522	0.00156	0.00994	0.00391	0.00312	0.00778
12	0.01480	0.02572	0.42621	0.01642	0.02324	0.06862	0.03454	0.04240	0.09483	0.04527	0.04496	0.01834	0.03867	0.00751	0.00720	0.00206	0.05299	0.00581	0.00384	0.02655
13	0.01424	0.28805	0.43121	0.01565	0.02319	0.01815	0.04156	0.01944	0.01345	0.01843	0.01209	0.05484	0.01021	0.00669	0.00562	0.00185	0.00836	0.00517	0.00294	0.00885
14	0.00899	0.00609	0.00717	0.00757	0.00767	0.00599	0.00447	0.00929	0.01019	0.01359	0.02445	0.23693	0.02865	0.57124	0.02628	0.00529	0.00559	0.01180	0.00447	0.00427
15	0.00787	0.00562	0.00750	0.00900	0.00937	0.00525	0.00600	0.00900	0.01237	0.01649	0.03561	0.76871	0.04274	0.02024	0.00825	0.00262	0.00375	0.01837	0.00600	0.00525
16	0.01558	0.01561	0.02867	0.08113	0.52158	0.01553	0.18582	0.01983	0.01473	0.02072	0.01233	0.01641	0.01003	0.00573	0.00670	0.00200	0.00851	0.00621	0.00319	0.00968
17	0.01596	0.01467	0.02510	0.08280	0.60405	0.01475	0.04428	0.01980	0.01477	0.04769	0.01362	0.01887	0.01153	0.00641	0.00656	0.00199	0.00770	0.03614	0.00348	0.00982
18	0.01397	0.00748	0.01000	0.00935	0.01144	0.00677	0.00706	0.01631	0.01653	0.20798	0.32656	0.25253	0.04336	0.01402	0.00754	0.00222	0.00396	0.02880	0.00699	0.00712
19	0.01414	0.01414	0.01979	0.01696	0.01696	0.01979	0.01414	0.01555	0.00990	0.01555	0.00848	0.01414	0.00848	0.01131	0.02120	0.00283	0.76110	0.00565	0.00283	0.00707
20	0.01409	0.01400	0.02016	0.07923	0.06450	0.01906	0.01481	0.01590	0.01045	0.01598	0.00896	0.01451	0.00860	0.01056	0.01906	0.00271	0.65161	0.00567	0.00285	0.00728
21	0.01063	0.00675	0.00888	0.00864	0.01020	0.00617	0.00636	0.01308	0.01664	0.08992	0.46130	0.23918	0.06801	0.01468	0.00768	0.00219	0.00347	0.01304	0.00687	0.00631
22	0.00787	0.00562	0.00750	0.00900	0.00937	0.00525	0.00600	0.00900	0.01237	0.01649	0.03561	0.76871	0.04274	0.02024	0.00825	0.00262	0.00375	0.01837	0.00600	0.00525
23	0.00826	0.00585	0.00765	0.00888	0.00932	0.00554	0.00599	0.00943	0.01238	0.01654	0.06203	0.60758	0.04073	0.11498	0.01138	0.00308	0.00416	0.05528	0.00578	0.00515
24	0.01296	0.03342	0.73944	0.01842	0.02797	0.01501	0.02387	0.02046	0.01364	0.02046	0.01160	0.01364	0.00818	0.00614	0.00614	0.00205	0.00955	0.00477	0.00273	0.00955
25	0.00855	0.00658	0.00781	0.00750	0.00929	0.00584	0.00563	0.01104	0.01688	0.02257	0.46724	0.05376	0.32501	0.01445	0.00763	0.00209	0.00314	0.01246	0.00667	0.00584
26	0.01486	0.36027	0.42922	0.01518	0.02296	0.01965	0.01824	0.01997	0.01342	0.01815	0.01045	0.01220	0.00823	0.00587	0.00526	0.00175	0.00839	0.00419	0.00274	0.00900
27	0.00872	0.00659	0.00805	0.00768	0.00939	0.00591	0.00576	0.01137	0.01728	0.02352	0.54141	0.05220	0.25025	0.01410	0.00763	0.00207	0.00311	0.01224	0.00680	0.00591
28	0.00873	0.00967	0.09430	0.00878	0.01145	0.00677	0.00773	0.01136	0.01513	0.01967	0.20498	0.13762	0.38899	0.01494	0.00757	0.00221	0.00411	0.03405	0.00586	0.00608
29	0.01829	0.06042	0.32713	0.01669	0.02294	0.27640	0.01705	0.07514	0.08739	0.02076	0.01268	0.01398	0.00960	0.00668	0.00601	0.00189	0.00956	0.00483	0.00361	0.00894
30	0.81856	0.01250	0.00950	0.00850	0.01250	0.01449	0.00700	0.01899	0.01100	0.02899	0.00900	0.01050	0.00700	0.00600	0.00400	0.00200	0.00500	0.00350	0.00400	0.00700
31	0.01557	0.25849	0.24358	0.01681	0.02312	0.01881	0.14083	0.07990	0.01483	0.02002	0.01158	0.01423	0.00927	0.00892	0.05332	0.00242	0.05118	0.00515	0.00322	0.00876
32	0.00787	0.00562	0.00750	0.00900	0.00937	0.00525	0.00600	0.00900	0.01237	0.01649	0.03561	0.76871	0.04274	0.02024	0.00825	0.00262	0.00375	0.01837	0.00600	0.00525
33	0.01030	0.01328	0.16793	0.01091	0.01440	0.00915	0.01024	0.01575	0.12015	0.02032	0.11971	0.21571	0.21978	0.01356	0.00730	0.00224	0.00500	0.01167	0.00551	0.00709
34	0.01204	0.00602	0.00602	0.00602	0.00753	0.00602	0.00452	0.01506	0.01355	0.02409	0.02108	0.02409	0.01656	0.00753	0.00452	0.00151	0.00301	0.00602	0.80879	0.00602
35	0.01340	0.01148	0.01340	0.00957	0.01531	0.00861	0.00766	0.01627	0.01340	0.02105	0.01148	0.01340	0.00957	0.00479	0.00479	0.00096	0.00479	0.00383	0.00383	0.81242
36	0.01296	0.03342	0.73944	0.01842	0.02797	0.01501	0.02387	0.02046	0.01364	0.02046	0.01160	0.01364	0.00818	0.00614	0.00614	0.00205	0.00955	0.00477	0.00273	0.00955
37	0.02023	0.01595	0.01695	0.01399	0.01839	0.01802	0.01123	0.36616	0.38234	0.03374	0.02101	0.01989	0.01544	0.00827	0.00652	0.00207	0.00609	0.00658	0.00652	0.01060
38	0.74858	0.04604	0.01094	0.00897	0.01301	0.04786	0.00742	0.01931	0.01142	0.02781	0.00904	0.01054	0.00711	0.00601	0.00409	0.00196	0.00538	0.00353	0.00392	0.00708
39	0.01220	0.01148	0.01938	0.75739	0.04450	0.01436	0.01794	0.01651	0.01292	0.01651	0.01148	0.01723	0.00861	0.00646	0.00646	0.00215	0.00861	0.00574	0.00287	0.00718
40	0.01328	0.01252	0.02127	0.07664	0.36858	0.01236	0.09709	0.01691	0.01530	0.02111	0.14656	0.02901	0.10717	0.00868	0.00698	0.00204	0.00672	0.02509	0.00429	0.00842
41	0.00940	0.00626	0.00705	0.00705	0.00705	0.00626	0.00392	0.00940	0.00940	0.01253	0.02036	0.04228	0.02349	0.77292	0.03289	0.00626	0.00626	0.00940	0.00392	0.00392
42	0.01386	0.01176	0.01364	0.00979	0.01551	0.00908	0.00785	0.04474	0.01409	0.02186	0.01165	0.01349	0.00963	0.00491	0.00485	0.00100	0.00488	0.00391	0.00394	0.77958
43	0.00764	0.00655	0.00655	0.00655	0.00873	0.00545	0.00491	0.00927	0.01473	0.01745	0.06546	0.06218	0.73000	0.01636	0.00764	0.00218	0.00327	0.01364	0.00600	0.00545
44	0.02221	0.02187	0.01728	0.01493	0.01886	0.32904	0.01161	0.18148	0.22320	0.06904	0.01687	0.01673	0.01267	0.00759	0.00623	0.00190	0.00838	0.00558	0.00525	0.00927
45	0.01878	0.38257	0.02666	0.04505	0.13264	0.18565	0.01283	0.04965	0.01529	0.03538	0.01085	0.01331	0.00940	0.02990	0.00602	0.00175	0.00812	0.00443	0.00329	0.00842
46	0.81856	0.01250	0.00950	0.00850	0.01250	0.01449	0.00700	0.01899	0.01100	0.02899	0.00900	0.01050	0.00700	0.00600	0.00400	0.00200	0.00500	0.00350	0.00400	0.00700
47	0.00768	0.00655	0.00661	0.00659	0.00876	0.00547	0.00495	0.00936	0.01484	0.01772	0.08612	0.06175	0.70917	0.01627	0.00764	0.00218	0.00327	0.01358	0.00603	0.00547
48	0.01405	0.01146	0.01347	0.00965	0.01536	0.00865	0.00773	0.01690	0.01361	0.05095	0.01207	0.01376	0.00984	0.00492	0.00486	0.00100	0.00481	0.00394	0.00400	0.77897
49	0.02414	0.03079	0.01831	0.01665	0.01998	0.74698	0.01248	0.02580	0.01831	0.01581	0.00999	0.01165	0.00832	0.00666	0.00583	0.00166	0.01165	0.00416	0.00333	0.00749
50	0.01033	0.00738	0.01032	0.01180	0.01326	0.00737	0.01027	0.01324	0.01479	0.01924	0.03426	0.09570	0.03737	0.01793	0.00890	0.00296	0.00588	0.66713	0.00595	0.00593
51	0.00787	0.00562	0.00750	0.00900	0.00937	0.00525	0.00600	0.00900	0.01237	0.01649	0.03561	0.76871	0.04274	0.02024	0.00825	0.00262	0.00375	0.01837	0.00600	0.00525
52	0.00791	0.00569	0.00751	0.00889	0.00936	0.00529	0.00597	0.00913	0.01267	0.01688	0.06268	0.71924	0.06514	0.01986	0.00820	0.00259	0.00371	0.01797	0.00604	0.00529
53	0.02336	0.02872	0.01817	0.01636	0.01969	0.64952	0.01238	0.05465	0.06281	0.01755	0.01120	0.01267	0.00916	0.00697	0.00635	0.00174	0.03279	0.00447	0.00365	0.00780
54	0.01296	0.03342	0.73944	0.01842	0.02797	0.01501	0.02387	0.02046	0.01364	0.02046	0.01160	0.01364	0.00818	0.00614	0.00614	0.00205	0.00955	0.00477	0.00273	0.00955
55	0.01922	0.55985	0.02868	0.01162	0.01662	0.06689	0.01088	0.02132	0.01413	0.13112	0.01196	0.01292	0.00980	0.00760	0.02996	0.00184	0.02920	0.00417	0.00366	0.00856
56	0.01296	0.03342	0.73944	0.01842	0.02797	0.01501	0.02387	0.02046	0.01364	0.02046	0.01160	0.01364	0.00818	0.00614	0.00614	0.00205	0.00955	0.00477	0.00273	0.00955
57	0.00955	0.00667	0.00869	0.00821	0.00979	0.00613	0.00615	0.01247	0.01796	0.04301	0.66566	0.07750	0.07684	0.01345	0.00762	0.00206	0.00314	0.01188	0.00706	0.00617

[dist]
# distance from previous block
# <min> <max>
0	11

# created by:
# /home/cegg/simao/soft/augustus-3.2.1/scripts/msa2prfl.pl ./align_prep/EOG090W0LM4.fa
