[name]
unknown

[dist]
# distance from previous block
# <min> <max>
0	56

[block]
# block no. 0 follows, 39 sequences, length 36
# corresponding to MSA columns:
# 56-91
name=unknown_A
#
# <colnr> <probs for GDERKNQSTAVLIFYWHMCP>
#	G	D	E	R	K	N	Q	S	T	A	V	L	I	F	Y	W	H	M	C	P
0	0.01861	0.01529	0.01552	0.01287	0.01625	0.14516	0.04900	0.32678	0.01978	0.07963	0.01667	0.04202	0.01466	0.11845	0.00954	0.00241	0.00702	0.07748	0.00497	0.00788
1	0.01580	0.50804	0.14369	0.01181	0.01718	0.12549	0.01194	0.01849	0.01278	0.01515	0.00890	0.01033	0.00766	0.00524	0.00434	0.00137	0.00717	0.00347	0.00267	0.06846
2	0.01076	0.00627	0.00707	0.00657	0.00828	0.00600	0.00490	0.01286	0.01152	0.01934	0.01696	0.02136	0.01417	0.05412	0.07897	0.06968	0.00457	0.00545	0.52030	0.12086
3	0.00860	0.00573	0.00645	0.00645	0.00645	0.00573	0.00358	0.00860	0.00860	0.01147	0.01863	0.03870	0.02150	0.79217	0.03010	0.00573	0.00573	0.00860	0.00358	0.00358
4	0.06969	0.01448	0.01544	0.01210	0.01661	0.02931	0.00986	0.41555	0.11835	0.10167	0.01541	0.01520	0.01111	0.00674	0.00557	0.00168	0.00578	0.00515	0.00553	0.12476
5	0.00711	0.00592	0.00621	0.00631	0.00811	0.00502	0.00467	0.00866	0.01352	0.01647	0.10862	0.12451	0.63436	0.01510	0.00704	0.00202	0.00302	0.01275	0.00557	0.00502
6	0.83394	0.01144	0.00869	0.00778	0.01144	0.01327	0.00640	0.01738	0.01006	0.02653	0.00823	0.00961	0.00640	0.00549	0.00366	0.00183	0.00457	0.00320	0.00366	0.00640
7	0.02139	0.01602	0.01713	0.01339	0.01792	0.01783	0.01098	0.63653	0.12861	0.03551	0.01559	0.01530	0.01118	0.00723	0.00593	0.00181	0.00625	0.00552	0.00593	0.00996
8	0.01222	0.01091	0.01410	0.01191	0.01513	0.01149	0.10969	0.03863	0.36928	0.02190	0.10102	0.03199	0.20692	0.00973	0.00649	0.00198	0.00486	0.00855	0.00550	0.00771
9	0.00821	0.00592	0.00776	0.00755	0.00880	0.00547	0.00557	0.01075	0.01598	0.02250	0.65096	0.14883	0.05345	0.01300	0.00706	0.00194	0.00288	0.01156	0.00637	0.00547
10	0.01883	0.01048	0.02989	0.06777	0.01584	0.02895	0.00950	0.04007	0.01418	0.36993	0.05728	0.06735	0.01593	0.01009	0.01000	0.09984	0.11448	0.00652	0.00533	0.00773
11	0.01044	0.00589	0.00626	0.00613	0.00761	0.00582	0.00461	0.01362	0.03876	0.02213	0.15963	0.02807	0.06205	0.00834	0.00489	0.00152	0.00284	0.00690	0.59887	0.00563
12	0.01374	0.01560	0.12481	0.14048	0.40803	0.01399	0.01678	0.02024	0.14873	0.01961	0.01336	0.01588	0.01049	0.00593	0.00586	0.00185	0.00696	0.00540	0.00340	0.00886
13	0.01496	0.01323	0.01349	0.01214	0.01548	0.04038	0.00943	0.03116	0.71981	0.02439	0.02356	0.02168	0.01770	0.00796	0.00599	0.00199	0.00488	0.00659	0.00592	0.00928
14	0.01087	0.00564	0.00592	0.00605	0.00743	0.00564	0.00468	0.01363	0.01252	0.02161	0.02050	0.02655	0.01706	0.00784	0.00454	0.00151	0.00303	0.07704	0.74243	0.00551
15	0.00905	0.00700	0.00901	0.00887	0.00959	0.02882	0.00644	0.01041	0.00939	0.01301	0.01628	0.02765	0.01656	0.29151	0.47256	0.00776	0.04099	0.00698	0.00328	0.00480
16	0.19436	0.15992	0.05978	0.01334	0.03765	0.36040	0.01091	0.05576	0.01456	0.01846	0.00915	0.01066	0.00752	0.00585	0.00499	0.00160	0.02095	0.00373	0.00319	0.00722
17	0.01466	0.26331	0.14946	0.04308	0.29083	0.01689	0.06727	0.01869	0.03365	0.03387	0.01080	0.01311	0.00879	0.00538	0.00525	0.00165	0.00722	0.00463	0.00291	0.00854
18	0.01274	0.03629	0.38618	0.01449	0.01957	0.12341	0.01561	0.01693	0.01282	0.01728	0.06409	0.09381	0.03517	0.00835	0.00781	0.00197	0.11653	0.00629	0.00325	0.00741
19	0.00720	0.00595	0.00627	0.00628	0.00808	0.00507	0.00465	0.00878	0.01362	0.01671	0.13711	0.09213	0.61811	0.03432	0.00760	0.00210	0.00306	0.01240	0.00556	0.00502
20	0.01305	0.02704	0.60122	0.01594	0.02362	0.01421	0.01931	0.07361	0.11658	0.02095	0.01277	0.01396	0.00917	0.00607	0.00570	0.00188	0.00800	0.00477	0.00325	0.00892
21	0.83394	0.01144	0.00869	0.00778	0.01144	0.01327	0.00640	0.01738	0.01006	0.02653	0.00823	0.00961	0.00640	0.00549	0.00366	0.00183	0.00457	0.00320	0.00366	0.00640
22	0.01207	0.02911	0.68832	0.01767	0.02613	0.01386	0.09357	0.01875	0.01263	0.01875	0.01075	0.01283	0.00764	0.00555	0.00576	0.00189	0.00886	0.00463	0.00255	0.00866
23	0.00837	0.00604	0.00790	0.00744	0.00883	0.00558	0.00558	0.01116	0.01674	0.02371	0.75216	0.04417	0.05580	0.01209	0.00697	0.00186	0.00279	0.01069	0.00651	0.00558
24	0.00840	0.00659	0.01013	0.01001	0.01125	0.00620	0.07630	0.01040	0.01303	0.01764	0.18494	0.46345	0.03915	0.01556	0.00745	0.00229	0.00418	0.10223	0.00546	0.00536
25	0.02476	0.01062	0.01379	0.01082	0.01523	0.00981	0.00886	0.04923	0.11957	0.63558	0.02318	0.02023	0.01499	0.00741	0.00596	0.00185	0.00502	0.00603	0.00710	0.00997
26	0.00858	0.00582	0.00688	0.00688	0.00703	0.00597	0.00412	0.00888	0.00873	0.01178	0.01824	0.03652	0.02056	0.68700	0.13398	0.00626	0.00715	0.00828	0.00352	0.00382
27	0.01526	0.68812	0.13373	0.01107	0.01664	0.02204	0.01177	0.01785	0.01208	0.01459	0.00856	0.00991	0.00758	0.00514	0.00405	0.00135	0.00666	0.00333	0.00253	0.00775
28	0.01169	0.01063	0.01468	0.01170	0.01487	0.01045	0.07015	0.01391	0.01146	0.01728	0.01382	0.14841	0.01384	0.00836	0.00883	0.00166	0.19451	0.00653	0.00358	0.41363
29	0.07740	0.01834	0.04573	0.01915	0.02412	0.16755	0.37371	0.12032	0.01599	0.02109	0.01126	0.01389	0.00859	0.00565	0.00639	0.00183	0.02504	0.00560	0.00346	0.03490
30	0.01345	0.01124	0.01221	0.01099	0.01391	0.01264	0.00852	0.04974	0.54672	0.02491	0.19809	0.02710	0.02683	0.00897	0.00624	0.00196	0.00429	0.00760	0.00613	0.00848
31	0.01429	0.01369	0.02337	0.11102	0.68329	0.01396	0.01798	0.01784	0.01330	0.01890	0.01106	0.01475	0.00922	0.00533	0.00586	0.00178	0.00711	0.00527	0.00290	0.00909
32	0.00905	0.00655	0.00892	0.01010	0.01141	0.00641	0.00857	0.01151	0.01349	0.01753	0.06183	0.13775	0.09251	0.01628	0.00797	0.00260	0.00494	0.56174	0.00550	0.00535
33	0.00721	0.00515	0.00686	0.00823	0.00858	0.00480	0.00549	0.00823	0.01132	0.01510	0.03259	0.78831	0.03911	0.01853	0.00755	0.00240	0.00343	0.01681	0.00549	0.00480
34	0.00721	0.00600	0.00630	0.00622	0.00812	0.00509	0.00467	0.00891	0.01400	0.01721	0.17071	0.05487	0.64130	0.01452	0.00699	0.00198	0.00296	0.01220	0.00565	0.00509
35	0.00738	0.00527	0.00706	0.00843	0.00885	0.00495	0.00579	0.00853	0.01149	0.01529	0.03250	0.73486	0.03874	0.01837	0.00759	0.00243	0.00358	0.06856	0.00549	0.00485

[dist]
# distance from previous block
# <min> <max>
0	28

[block]
# block no. 1 follows, 39 sequences, length 6
# corresponding to MSA columns:
# 120-125
name=unknown_B
#
# <colnr> <probs for GDERKNQSTAVLIFYWHMCP>
#	G	D	E	R	K	N	Q	S	T	A	V	L	I	F	Y	W	H	M	C	P
0	0.01504	0.01585	0.10041	0.08195	0.54271	0.01446	0.01760	0.10296	0.01495	0.02110	0.01139	0.01444	0.00915	0.00557	0.00584	0.00179	0.00720	0.00518	0.00322	0.00919
1	0.01342	0.00935	0.00800	0.00745	0.00933	0.10386	0.00567	0.07711	0.01428	0.02239	0.01756	0.01992	0.01376	0.00681	0.00444	0.00143	0.00409	0.00528	0.64978	0.00607
2	0.01458	0.01307	0.01413	0.07318	0.01726	0.10631	0.03130	0.08981	0.01452	0.04565	0.01313	0.08061	0.01153	0.00636	0.00519	0.00134	0.00580	0.00523	0.00391	0.44708
3	0.11806	0.01440	0.01553	0.01197	0.01661	0.01528	0.00986	0.47505	0.02253	0.13518	0.01438	0.01428	0.01013	0.00665	0.00549	0.00169	0.00585	0.00497	0.00559	0.09651
4	0.01724	0.01598	0.11193	0.01748	0.16493	0.01464	0.01296	0.30901	0.10554	0.06050	0.04586	0.01931	0.06300	0.00739	0.00599	0.00183	0.00623	0.00607	0.00495	0.00916
5	0.01901	0.11090	0.01758	0.01307	0.01657	0.25059	0.01054	0.22704	0.12917	0.02297	0.01331	0.01415	0.01039	0.00689	0.00630	0.00170	0.05996	0.00481	0.05690	0.00813

[dist]
# distance from previous block
# <min> <max>
2	6

[block]
# block no. 2 follows, 39 sequences, length 23
# corresponding to MSA columns:
# 132-154
name=unknown_C
#
# <colnr> <probs for GDERKNQSTAVLIFYWHMCP>
#	G	D	E	R	K	N	Q	S	T	A	V	L	I	F	Y	W	H	M	C	P
0	0.03453	0.01505	0.04676	0.09486	0.25139	0.03526	0.06124	0.19926	0.10464	0.03597	0.01338	0.01531	0.01025	0.00635	0.00637	0.00184	0.03522	0.00542	0.00410	0.02280
1	0.00906	0.00660	0.00854	0.08833	0.01235	0.00675	0.00674	0.01192	0.06697	0.01703	0.03991	0.44369	0.02859	0.04484	0.02465	0.00239	0.00428	0.01196	0.12988	0.03551
2	0.01899	0.02140	0.01491	0.01346	0.01612	0.48509	0.01023	0.10742	0.01664	0.01785	0.01287	0.08442	0.01167	0.00903	0.03409	0.00197	0.04573	0.00548	0.06575	0.00688
3	0.01786	0.54560	0.02635	0.01179	0.01619	0.26618	0.01054	0.01963	0.01356	0.01410	0.00852	0.00987	0.00760	0.00540	0.00430	0.00135	0.00774	0.00337	0.00270	0.00735
4	0.00881	0.00696	0.01029	0.00897	0.01083	0.00641	0.07285	0.01173	0.01630	0.02284	0.64462	0.04228	0.09084	0.01160	0.00698	0.00188	0.00347	0.01045	0.00613	0.00577
5	0.01304	0.01193	0.01427	0.01260	0.01374	0.06505	0.01002	0.08135	0.06697	0.01672	0.01283	0.01905	0.01200	0.11294	0.18534	0.00433	0.33206	0.00589	0.00344	0.00643
6	0.00763	0.00600	0.00667	0.00659	0.00817	0.00530	0.00484	0.00934	0.01379	0.01759	0.24078	0.05165	0.45566	0.10575	0.00974	0.00242	0.00334	0.03418	0.00554	0.00500
7	0.00806	0.00598	0.00753	0.00739	0.00879	0.00545	0.00553	0.01046	0.01555	0.02134	0.53805	0.11850	0.17338	0.01336	0.00708	0.00197	0.00298	0.03701	0.00620	0.00540
8	0.02209	0.02819	0.01676	0.01524	0.01828	0.76843	0.01143	0.02361	0.01676	0.01447	0.00914	0.01066	0.00762	0.00609	0.00533	0.00152	0.01066	0.00381	0.00305	0.00686
9	0.00721	0.00515	0.00686	0.00823	0.00858	0.00480	0.00549	0.00823	0.01132	0.01510	0.03259	0.78831	0.03911	0.01853	0.00755	0.00240	0.00343	0.01681	0.00549	0.00480
10	0.02106	0.08817	0.04941	0.01424	0.01928	0.01689	0.09209	0.46162	0.02267	0.13380	0.01454	0.01473	0.01025	0.00665	0.00583	0.00176	0.00676	0.00536	0.00534	0.00955
11	0.00795	0.00592	0.00788	0.00883	0.00920	0.00605	0.00619	0.00904	0.01108	0.01490	0.02933	0.60343	0.03472	0.08927	0.01058	0.00275	0.06247	0.07046	0.00509	0.00487
12	0.00952	0.00581	0.00687	0.00661	0.00799	0.00555	0.00495	0.01229	0.01486	0.02299	0.43505	0.03460	0.03821	0.00984	0.00575	0.00165	0.00278	0.00845	0.36066	0.00555
13	0.02018	0.01540	0.01818	0.01721	0.14159	0.01675	0.01227	0.56044	0.02432	0.03278	0.01498	0.01824	0.01175	0.00749	0.00608	0.00184	0.00651	0.05901	0.00538	0.00959
14	0.01683	0.48579	0.13572	0.01243	0.01752	0.21264	0.01219	0.01937	0.01330	0.01477	0.00881	0.01023	0.00758	0.00541	0.00446	0.00142	0.00779	0.00351	0.00266	0.00757
15	0.00786	0.00585	0.00732	0.00733	0.00862	0.00531	0.00535	0.01004	0.01498	0.02043	0.46929	0.20302	0.18482	0.01399	0.00710	0.00200	0.00296	0.01232	0.00610	0.00531
16	0.01419	0.01763	0.10101	0.02427	0.13020	0.07114	0.48165	0.01875	0.01394	0.01852	0.01338	0.01664	0.03787	0.00556	0.00657	0.00191	0.00922	0.00646	0.00304	0.00804
17	0.00807	0.00603	0.00749	0.00713	0.00865	0.00545	0.00535	0.01058	0.01604	0.02205	0.60289	0.04692	0.20611	0.01271	0.00698	0.00189	0.00283	0.01108	0.00629	0.00545
18	0.01228	0.01134	0.01794	0.02566	0.48378	0.01114	0.01348	0.01572	0.03727	0.01941	0.11974	0.02721	0.16369	0.00819	0.00623	0.00183	0.00559	0.00747	0.00401	0.00799
19	0.01358	0.01305	0.02248	0.25808	0.51789	0.01381	0.04071	0.01726	0.01299	0.01805	0.01097	0.01502	0.00891	0.00545	0.00591	0.00183	0.00738	0.00532	0.00284	0.00848
20	0.01186	0.03059	0.76153	0.01686	0.02560	0.01373	0.02185	0.01873	0.01249	0.01873	0.01061	0.01249	0.00749	0.00562	0.00562	0.00187	0.00874	0.00437	0.00250	0.00874
21	0.01231	0.00679	0.00880	0.00784	0.00987	0.00620	0.00604	0.01500	0.01628	0.17085	0.52222	0.03682	0.04290	0.01054	0.00644	0.00180	0.00324	0.00915	0.10046	0.00647
22	0.01795	0.01820	0.01554	0.01504	0.08454	0.27628	0.01072	0.14818	0.22532	0.02213	0.01855	0.01868	0.06771	0.00743	0.00577	0.00176	0.00712	0.00573	0.02515	0.00819

[dist]
# distance from previous block
# <min> <max>
0	4

[block]
# block no. 3 follows, 39 sequences, length 12
# corresponding to MSA columns:
# 159-170
name=unknown_D
#
# <colnr> <probs for GDERKNQSTAVLIFYWHMCP>
#	G	D	E	R	K	N	Q	S	T	A	V	L	I	F	Y	W	H	M	C	P
0	0.01894	0.01527	0.01416	0.01227	0.01565	0.18234	0.00970	0.10621	0.23483	0.17865	0.04464	0.02253	0.04205	0.00826	0.00635	0.00188	0.02507	0.04726	0.00550	0.00845
1	0.03725	0.01204	0.13245	0.00984	0.01343	0.00881	0.00891	0.04964	0.06297	0.02013	0.16335	0.10521	0.06920	0.08392	0.00826	0.00211	0.00488	0.02077	0.00459	0.18224
2	0.04093	0.01398	0.01373	0.01103	0.01498	0.15554	0.03998	0.08613	0.04012	0.02114	0.13556	0.03456	0.01743	0.00675	0.00536	0.00140	0.00577	0.00548	0.00426	0.34586
3	0.06073	0.16470	0.46768	0.01643	0.02377	0.01564	0.13511	0.01850	0.01250	0.01835	0.01027	0.01234	0.00769	0.00541	0.00540	0.00178	0.00826	0.00451	0.00265	0.00827
4	0.01440	0.11453	0.08621	0.01212	0.01740	0.01201	0.10336	0.07209	0.01423	0.07454	0.04375	0.01599	0.03681	0.00577	0.00519	0.00138	0.00585	0.00492	0.00388	0.35556
5	0.01240	0.01059	0.01227	0.00916	0.01408	0.00851	0.00733	0.01640	0.08338	0.01974	0.01260	0.01524	0.01060	0.00518	0.00468	0.00105	0.00445	0.03027	0.00382	0.71827
6	0.01423	0.01596	0.08185	0.02277	0.09751	0.03828	0.48364	0.01868	0.01412	0.05736	0.05607	0.04465	0.01295	0.00611	0.00668	0.00194	0.00871	0.00703	0.00347	0.00799
7	0.01874	0.01470	0.01739	0.05527	0.11376	0.01555	0.01158	0.44595	0.06101	0.03009	0.01352	0.01443	0.01007	0.00639	0.00565	0.00164	0.00619	0.00508	0.00496	0.14802
8	0.00717	0.00528	0.00672	0.00787	0.00848	0.00483	0.00533	0.00828	0.01167	0.01524	0.03706	0.66886	0.15568	0.01795	0.00746	0.00234	0.00336	0.01610	0.00549	0.00483
9	0.02133	0.12260	0.01857	0.01452	0.01790	0.63749	0.01125	0.05962	0.01674	0.01558	0.00929	0.01070	0.00774	0.00602	0.00517	0.00150	0.00991	0.00381	0.00313	0.00711
10	0.00721	0.00515	0.00686	0.00823	0.00858	0.00480	0.00549	0.00823	0.01132	0.01510	0.03259	0.78831	0.03911	0.01853	0.00755	0.00240	0.00343	0.01681	0.00549	0.00480
11	0.01371	0.01831	0.15756	0.01869	0.02358	0.09734	0.32041	0.01771	0.01298	0.01747	0.01194	0.05435	0.01012	0.00774	0.03050	0.00216	0.10967	0.00616	0.00303	0.06656

[dist]
# distance from previous block
# <min> <max>
0	11

[block]
# block no. 4 follows, 39 sequences, length 40
# corresponding to MSA columns:
# 182-221
name=unknown_E
#
# <colnr> <probs for GDERKNQSTAVLIFYWHMCP>
#	G	D	E	R	K	N	Q	S	T	A	V	L	I	F	Y	W	H	M	C	P
0	0.01162	0.01122	0.02018	0.52950	0.06162	0.01280	0.14614	0.01560	0.01247	0.01624	0.01310	0.02139	0.01102	0.00687	0.00635	0.00205	0.00796	0.08404	0.00302	0.00680
1	0.00725	0.00545	0.00672	0.00756	0.00844	0.00492	0.00523	0.00856	0.01238	0.01608	0.10248	0.52628	0.23319	0.01701	0.00735	0.00225	0.00326	0.01511	0.00558	0.00492
2	0.01877	0.09628	0.02016	0.09101	0.14520	0.36800	0.03932	0.10231	0.03175	0.01827	0.01051	0.01254	0.00848	0.00595	0.00547	0.00164	0.00874	0.00448	0.00332	0.00778
3	0.01464	0.01623	0.08680	0.05348	0.03426	0.13911	0.08103	0.07310	0.23866	0.02056	0.02163	0.05892	0.08576	0.00850	0.00621	0.00194	0.00674	0.04006	0.00454	0.00784
4	0.01117	0.01051	0.01774	0.77795	0.04073	0.01314	0.01642	0.01511	0.01182	0.01511	0.01051	0.01577	0.00788	0.00591	0.00591	0.00197	0.00788	0.00526	0.00263	0.00657
5	0.00879	0.00602	0.00787	0.00785	0.00914	0.00564	0.00577	0.01090	0.01430	0.05465	0.38822	0.24017	0.11386	0.01693	0.07959	0.00274	0.00433	0.01186	0.00586	0.00550
6	0.01161	0.01121	0.01970	0.66927	0.07429	0.01336	0.08592	0.01563	0.01211	0.01568	0.01068	0.01573	0.00806	0.00579	0.00601	0.00196	0.00804	0.00542	0.00268	0.00684
7	0.01890	0.02209	0.01861	0.01822	0.11711	0.47962	0.08170	0.02156	0.03732	0.03529	0.01114	0.01350	0.00916	0.00961	0.07826	0.00238	0.01028	0.00469	0.00324	0.00731
8	0.01744	0.01576	0.02444	0.01842	0.02324	0.07644	0.34635	0.12909	0.14008	0.10703	0.01533	0.01671	0.01118	0.00628	0.00667	0.00192	0.02429	0.00627	0.00443	0.00864
9	0.00854	0.00666	0.00782	0.00742	0.00919	0.00626	0.00560	0.01225	0.08500	0.02138	0.46504	0.04608	0.27154	0.01261	0.00689	0.00192	0.00303	0.01088	0.00614	0.00575
10	0.01272	0.14622	0.56055	0.01681	0.02465	0.01537	0.10712	0.01860	0.01259	0.01802	0.01041	0.01245	0.00769	0.00546	0.00550	0.00179	0.00852	0.00450	0.00256	0.00847
11	0.01395	0.03102	0.24286	0.05483	0.06494	0.05441	0.19752	0.03959	0.03975	0.02931	0.01108	0.01410	0.00862	0.00658	0.00875	0.00202	0.16430	0.00537	0.00300	0.00799
12	0.01338	0.01277	0.02174	0.30412	0.49724	0.01372	0.01753	0.01705	0.01287	0.01780	0.01090	0.01504	0.00883	0.00550	0.00588	0.00183	0.00734	0.00526	0.00282	0.00836
13	0.01352	0.01509	0.09486	0.18873	0.33895	0.01404	0.13836	0.01895	0.08270	0.01881	0.01232	0.01560	0.00963	0.00565	0.00605	0.00188	0.00765	0.00560	0.00313	0.00847
14	0.01252	0.04830	0.01549	0.38227	0.05302	0.08521	0.01237	0.01722	0.10198	0.01699	0.01540	0.10727	0.01352	0.00770	0.00579	0.00188	0.00664	0.00658	0.08306	0.00678
15	0.00944	0.00719	0.00990	0.00980	0.01113	0.00719	0.04595	0.07873	0.01307	0.01746	0.03900	0.43395	0.07081	0.05565	0.10152	0.00334	0.00583	0.06946	0.00503	0.00555
16	0.02738	0.00577	0.00719	0.00750	0.00857	0.00542	0.00537	0.01028	0.01390	0.01988	0.34989	0.33009	0.08107	0.01409	0.00685	0.00203	0.00309	0.01249	0.08390	0.00526
17	0.01641	0.01315	0.01876	0.16584	0.19984	0.03129	0.05864	0.16105	0.08597	0.09722	0.01585	0.02057	0.01267	0.00719	0.00616	0.00193	0.00679	0.06768	0.00442	0.00855
18	0.02479	0.01286	0.01545	0.01185	0.01649	0.01284	0.00979	0.33241	0.02160	0.44919	0.01941	0.01758	0.01267	0.00722	0.00593	0.00181	0.00567	0.00568	0.00672	0.01006
19	0.00893	0.00733	0.01088	0.11381	0.11294	0.00750	0.00890	0.01091	0.01183	0.01575	0.02794	0.40007	0.10144	0.01708	0.07953	0.00291	0.00573	0.04621	0.00455	0.00574
20	0.01861	0.01827	0.02031	0.09475	0.08938	0.23333	0.11692	0.17745	0.01726	0.06456	0.01169	0.01386	0.00896	0.00654	0.00718	0.00183	0.08206	0.00514	0.00382	0.00807
21	0.02341	0.01260	0.09705	0.01116	0.01627	0.00949	0.01008	0.04927	0.01634	0.58299	0.02040	0.01834	0.01313	0.00684	0.00576	0.00174	0.00543	0.00552	0.00637	0.08780
22	0.30414	0.17120	0.01635	0.01104	0.01441	0.20355	0.00916	0.05683	0.01309	0.02018	0.00931	0.01106	0.00772	0.00618	0.00577	0.00169	0.08161	0.00377	0.04603	0.00691
23	0.01180	0.00677	0.00897	0.00807	0.01002	0.00614	0.00617	0.01440	0.01649	0.16448	0.57483	0.07827	0.04703	0.01151	0.00681	0.00188	0.00325	0.01010	0.00661	0.00640
24	0.07385	0.05582	0.01680	0.01261	0.01700	0.01728	0.01038	0.48711	0.17674	0.03232	0.01550	0.01527	0.01135	0.00702	0.00565	0.00178	0.00594	0.00532	0.00556	0.02669
25	0.01300	0.01202	0.06314	0.01062	0.01564	0.00912	0.05319	0.03754	0.01314	0.05430	0.04254	0.04181	0.01199	0.00569	0.00534	0.00122	0.02482	0.00476	0.00383	0.57627
26	0.01184	0.08828	0.54732	0.08908	0.02447	0.01372	0.02937	0.01733	0.01204	0.01730	0.01119	0.01511	0.00889	0.08046	0.00785	0.00220	0.00819	0.00480	0.00262	0.00793
27	0.64405	0.01111	0.00988	0.00842	0.01230	0.01219	0.00694	0.02007	0.01168	0.19889	0.01178	0.01208	0.00834	0.00592	0.00420	0.00183	0.00468	0.00385	0.00452	0.00727
28	0.01333	0.01468	0.03116	0.09664	0.03033	0.01411	0.60510	0.01802	0.01372	0.01847	0.01341	0.02009	0.01092	0.00600	0.00697	0.00205	0.00940	0.06480	0.00316	0.00763
29	0.01579	0.01751	0.14574	0.11104	0.19009	0.10386	0.09869	0.07039	0.01487	0.08962	0.01389	0.03724	0.01132	0.00676	0.00608	0.00188	0.00779	0.04552	0.00368	0.00824
30	0.00743	0.00531	0.00712	0.00849	0.00893	0.00500	0.00588	0.00862	0.01154	0.01535	0.03247	0.71848	0.03862	0.01832	0.00761	0.00243	0.00363	0.08442	0.00549	0.00487
31	0.00856	0.00589	0.00724	0.00724	0.00751	0.00616	0.00457	0.00911	0.00883	0.01205	0.01791	0.03471	0.01977	0.59943	0.22047	0.00671	0.00834	0.00802	0.00348	0.00402
32	0.01056	0.00919	0.01188	0.21277	0.01910	0.03251	0.00985	0.03998	0.08381	0.01746	0.05078	0.17285	0.14683	0.01245	0.02337	0.00231	0.04565	0.08791	0.00456	0.00619
33	0.01857	0.00989	0.01230	0.01064	0.01392	0.00978	0.00851	0.07081	0.17510	0.34474	0.05413	0.13470	0.02208	0.01011	0.00644	0.00203	0.00478	0.07645	0.00647	0.00854
34	0.00712	0.00576	0.00624	0.00659	0.00807	0.00498	0.00471	0.00843	0.01269	0.01554	0.05093	0.24474	0.53452	0.05226	0.00821	0.00228	0.00324	0.01342	0.00540	0.00488
35	0.04735	0.01229	0.01417	0.01135	0.01538	0.01277	0.00921	0.26872	0.13924	0.28416	0.08913	0.02040	0.01729	0.00775	0.00594	0.00183	0.00521	0.00621	0.02230	0.00931
36	0.01427	0.01367	0.02334	0.11510	0.67935	0.01395	0.01797	0.01783	0.01329	0.01887	0.01106	0.01476	0.00921	0.00534	0.00586	0.00178	0.00712	0.00527	0.00290	0.00907
37	0.01355	0.01250	0.01746	0.08718	0.01998	0.01417	0.13274	0.02434	0.41543	0.02151	0.05729	0.02233	0.01710	0.00805	0.00759	0.00208	0.08096	0.03263	0.00486	0.00824
38	0.00758	0.00585	0.00638	0.00650	0.00768	0.00532	0.00443	0.00860	0.01156	0.01437	0.04239	0.11614	0.42353	0.26090	0.05001	0.00356	0.00450	0.01137	0.00478	0.00455
39	0.22372	0.08344	0.01918	0.01743	0.15186	0.15764	0.10476	0.04307	0.08008	0.02078	0.01113	0.01291	0.00887	0.00570	0.00513	0.00171	0.00709	0.00458	0.00351	0.03742

[dist]
# distance from previous block
# <min> <max>
1	3

[block]
# block no. 5 follows, 39 sequences, length 13
# corresponding to MSA columns:
# 225-237
name=unknown_F
#
# <colnr> <probs for GDERKNQSTAVLIFYWHMCP>
#	G	D	E	R	K	N	Q	S	T	A	V	L	I	F	Y	W	H	M	C	P
0	0.00866	0.00634	0.00765	0.00734	0.00901	0.00580	0.00549	0.01147	0.04372	0.04280	0.44408	0.10120	0.25823	0.01312	0.00695	0.00195	0.00304	0.01138	0.00614	0.00563
1	0.01657	0.01266	0.01492	0.11593	0.01906	0.01399	0.02842	0.27305	0.22362	0.06634	0.02217	0.02203	0.09452	0.00802	0.00602	0.00188	0.00564	0.00657	0.04001	0.00858
2	0.01027	0.00514	0.00770	0.00770	0.00770	0.00514	0.00514	0.00770	0.00770	0.01027	0.01027	0.01798	0.01027	0.02054	0.02311	0.82794	0.00514	0.00514	0.00257	0.00257
3	0.01717	0.03669	0.02614	0.08817	0.04612	0.13074	0.36163	0.13051	0.01647	0.06942	0.01238	0.01493	0.00918	0.00573	0.00629	0.00185	0.00886	0.00587	0.00369	0.00816
4	0.57313	0.01517	0.01062	0.00959	0.01293	0.19872	0.00758	0.01846	0.01221	0.02335	0.06327	0.01241	0.01034	0.00612	0.00432	0.00176	0.00594	0.00390	0.00372	0.00645
5	0.01509	0.07000	0.01793	0.01460	0.09814	0.01238	0.08578	0.14429	0.04837	0.05554	0.04865	0.05383	0.01341	0.00643	0.00547	0.00149	0.00570	0.00561	0.00427	0.29301
6	0.11039	0.09810	0.08015	0.01383	0.01785	0.44562	0.01160	0.12133	0.01675	0.01929	0.00978	0.01108	0.00781	0.00603	0.00511	0.00160	0.00884	0.00394	0.00342	0.00748
7	0.00796	0.09325	0.00875	0.00645	0.00878	0.00703	0.00511	0.00951	0.01332	0.01575	0.05420	0.05167	0.67053	0.01388	0.00664	0.00192	0.00336	0.01145	0.00516	0.00528
8	0.01002	0.00853	0.01399	0.06197	0.01557	0.00827	0.14582	0.03818	0.01557	0.02156	0.43269	0.12034	0.03953	0.01100	0.00697	0.00198	0.00478	0.03163	0.00541	0.00617
9	0.00810	0.00603	0.00753	0.00716	0.00867	0.00547	0.00537	0.01064	0.01610	0.02221	0.61717	0.04666	0.19173	0.01265	0.00698	0.00189	0.00283	0.01104	0.00631	0.00547
10	0.01090	0.00608	0.00810	0.00811	0.00891	0.00594	0.00568	0.01113	0.01039	0.09545	0.02049	0.16839	0.02153	0.22652	0.06755	0.21633	0.00564	0.07099	0.02727	0.00459
11	0.01745	0.17830	0.05377	0.01543	0.05894	0.38064	0.08621	0.01975	0.01478	0.01545	0.01503	0.01639	0.09019	0.00669	0.00542	0.00160	0.00858	0.00507	0.00318	0.00714
12	0.01618	0.13910	0.13818	0.01864	0.07461	0.20143	0.20772	0.03859	0.04787	0.01764	0.01089	0.01317	0.00863	0.00578	0.00620	0.00175	0.03768	0.00498	0.00305	0.00792

[dist]
# distance from previous block
# <min> <max>
0	4

[block]
# block no. 6 follows, 39 sequences, length 15
# corresponding to MSA columns:
# 242-256
name=unknown_G
#
# <colnr> <probs for GDERKNQSTAVLIFYWHMCP>
#	G	D	E	R	K	N	Q	S	T	A	V	L	I	F	Y	W	H	M	C	P
0	0.00837	0.00604	0.00790	0.00744	0.00883	0.00558	0.00558	0.01116	0.01674	0.02371	0.75216	0.04417	0.05580	0.01209	0.00697	0.00186	0.00279	0.01069	0.00651	0.00558
1	0.01229	0.01029	0.01125	0.01048	0.01309	0.01140	0.00807	0.02381	0.48520	0.02282	0.14091	0.09326	0.08483	0.01039	0.00645	0.00204	0.00418	0.03535	0.00599	0.00790
2	0.00709	0.00599	0.00612	0.00609	0.00805	0.00503	0.00457	0.00867	0.01371	0.01652	0.10821	0.05602	0.70424	0.01478	0.00699	0.00199	0.00298	0.01236	0.00556	0.00503
3	0.01657	0.08375	0.01670	0.06279	0.10067	0.01467	0.01074	0.17716	0.26199	0.08293	0.03467	0.01990	0.04806	0.00742	0.00576	0.00182	0.00554	0.00607	0.03400	0.00881
4	0.01356	0.01047	0.01240	0.00892	0.01411	0.00796	0.00716	0.01616	0.01269	0.08649	0.01168	0.01298	0.00929	0.00465	0.00452	0.00096	0.00444	0.00373	0.00385	0.75401
5	0.01226	0.01051	0.01226	0.00876	0.01401	0.00788	0.00701	0.01489	0.01226	0.01927	0.01051	0.01226	0.00876	0.00438	0.00438	0.00088	0.00438	0.00350	0.00350	0.82832
6	0.00845	0.00634	0.00950	0.00950	0.01056	0.00739	0.00739	0.01056	0.00950	0.01373	0.01584	0.02323	0.01478	0.04435	0.76873	0.00950	0.01584	0.00634	0.00317	0.00528
7	0.01478	0.01306	0.02267	0.20831	0.36114	0.01353	0.12868	0.01927	0.05517	0.08577	0.01296	0.01604	0.00992	0.00572	0.00606	0.00187	0.00738	0.00568	0.00344	0.00854
8	0.01139	0.00774	0.00948	0.00883	0.01091	0.00755	0.00664	0.01631	0.15220	0.09968	0.32143	0.20183	0.05803	0.01195	0.00669	0.00196	0.00361	0.01049	0.00610	0.04718
9	0.01405	0.32616	0.43248	0.01404	0.02111	0.01776	0.01665	0.06268	0.01325	0.01801	0.00991	0.01143	0.00769	0.00549	0.00493	0.00163	0.00767	0.00396	0.00272	0.00838
10	0.02106	0.15404	0.01909	0.01440	0.01777	0.64626	0.01121	0.02265	0.01598	0.01438	0.00899	0.01047	0.00761	0.00592	0.00508	0.00148	0.00995	0.00370	0.00296	0.00698
11	0.00782	0.00599	0.00716	0.00695	0.00852	0.00533	0.00518	0.01006	0.01531	0.02052	0.46848	0.08187	0.30853	0.01343	0.00701	0.00193	0.00289	0.01162	0.00609	0.00533
12	0.01201	0.01269	0.05588	0.19269	0.12736	0.04053	0.08224	0.01624	0.07447	0.01729	0.03842	0.05688	0.12804	0.00862	0.00802	0.00203	0.10861	0.00721	0.00367	0.00710
13	0.50447	0.01099	0.01033	0.00892	0.01242	0.01218	0.00726	0.09982	0.01309	0.12658	0.01277	0.03720	0.00999	0.00990	0.07385	0.00252	0.00579	0.00460	0.03017	0.00714
14	0.01732	0.17006	0.05971	0.01422	0.06219	0.24085	0.01124	0.08731	0.12703	0.04130	0.01445	0.08382	0.01261	0.00747	0.00579	0.00172	0.02545	0.00566	0.00397	0.00784

[dist]
# distance from previous block
# <min> <max>
0	8

[block]
# block no. 7 follows, 39 sequences, length 20
# corresponding to MSA columns:
# 265-284
name=unknown_H
#
# <colnr> <probs for GDERKNQSTAVLIFYWHMCP>
#	G	D	E	R	K	N	Q	S	T	A	V	L	I	F	Y	W	H	M	C	P
0	0.01663	0.16676	0.14799	0.04541	0.05645	0.30925	0.03562	0.01990	0.03756	0.01587	0.01123	0.05623	0.00987	0.00669	0.00595	0.00169	0.04154	0.00491	0.00305	0.00741
1	0.01758	0.03638	0.05963	0.01530	0.07916	0.04858	0.08055	0.33367	0.03527	0.02713	0.01324	0.01457	0.00999	0.00616	0.00554	0.00161	0.00652	0.00508	0.07393	0.13012
2	0.05708	0.01383	0.02005	0.13490	0.37713	0.04574	0.03687	0.12662	0.01538	0.02147	0.01279	0.01819	0.01085	0.00649	0.00591	0.00184	0.00701	0.05825	0.00358	0.02601
3	0.03239	0.01373	0.16013	0.01204	0.01636	0.00995	0.04623	0.09084	0.01517	0.26111	0.02119	0.22907	0.01889	0.00980	0.00628	0.00197	0.00568	0.00849	0.00532	0.03538
4	0.01021	0.00618	0.00810	0.00812	0.00936	0.00630	0.00600	0.01199	0.01128	0.08316	0.02374	0.20130	0.06315	0.08816	0.28048	0.00495	0.00805	0.00909	0.15490	0.00549
5	0.08912	0.04696	0.04283	0.03315	0.06911	0.20509	0.02386	0.08679	0.09707	0.03432	0.01992	0.04462	0.10353	0.00819	0.00575	0.00180	0.00673	0.04411	0.00424	0.03280
6	0.01027	0.00860	0.01219	0.01128	0.01199	0.01102	0.00906	0.01215	0.00961	0.01466	0.01329	0.01948	0.01233	0.02890	0.43378	0.00632	0.28597	0.00585	0.07752	0.00572
7	0.00751	0.00601	0.00671	0.00654	0.00831	0.00521	0.00490	0.00949	0.01471	0.01889	0.32017	0.05212	0.49080	0.01389	0.00698	0.00195	0.00292	0.01181	0.00587	0.00521
8	0.01323	0.01300	0.02325	0.31419	0.37881	0.01384	0.12333	0.01712	0.01292	0.01768	0.01102	0.01526	0.00875	0.00547	0.00604	0.00187	0.00778	0.00552	0.00282	0.00811
9	0.01399	0.01515	0.09021	0.11815	0.60851	0.01392	0.01829	0.01786	0.01319	0.01879	0.01101	0.01457	0.00903	0.00537	0.00584	0.00179	0.00728	0.00519	0.00285	0.00900
10	0.00814	0.00598	0.00757	0.00772	0.00895	0.00554	0.00578	0.01028	0.01450	0.01967	0.39774	0.16216	0.15489	0.06374	0.00869	0.00232	0.00345	0.10178	0.00588	0.00523
11	0.00833	0.00637	0.00829	0.06481	0.01107	0.00604	0.00619	0.01097	0.01577	0.02165	0.56978	0.04438	0.18000	0.01216	0.00690	0.00189	0.00321	0.01062	0.00603	0.00555
12	0.01235	0.02391	0.50051	0.01726	0.06380	0.01298	0.08336	0.05594	0.01329	0.01915	0.01314	0.01913	0.01095	0.06528	0.00780	0.00223	0.00816	0.05956	0.00306	0.00814
13	0.01674	0.01705	0.02094	0.07410	0.38664	0.20538	0.05478	0.01972	0.01432	0.05752	0.01124	0.01389	0.00904	0.00555	0.00568	0.00166	0.00787	0.00490	0.00322	0.06977
14	0.01184	0.01028	0.01371	0.07050	0.01436	0.01306	0.00965	0.06618	0.01054	0.01506	0.01251	0.02247	0.01293	0.27703	0.05471	0.00386	0.36600	0.00641	0.00320	0.00571
15	0.01131	0.00989	0.03380	0.00943	0.01127	0.06566	0.00743	0.05134	0.02425	0.01775	0.09282	0.08939	0.09440	0.12174	0.01170	0.05508	0.06455	0.08226	0.07886	0.06708
16	0.01614	0.01478	0.04766	0.08671	0.28930	0.11953	0.01333	0.08348	0.01519	0.09515	0.01640	0.07466	0.04344	0.00732	0.00587	0.00179	0.00677	0.00628	0.04805	0.00814
17	0.04831	0.35485	0.04650	0.05635	0.08612	0.05011	0.10815	0.02045	0.14102	0.01771	0.01200	0.01350	0.00974	0.00571	0.00502	0.00163	0.00685	0.00466	0.00331	0.00801
18	0.05752	0.01245	0.01760	0.11306	0.05366	0.05543	0.16314	0.07192	0.13914	0.02055	0.01782	0.10003	0.02735	0.00925	0.03148	0.00220	0.00688	0.02757	0.06559	0.00737
19	0.07706	0.01162	0.03219	0.03623	0.01508	0.06759	0.04191	0.04891	0.02786	0.26874	0.01849	0.09834	0.01528	0.07903	0.00810	0.00214	0.01735	0.00668	0.04913	0.07827

[dist]
# distance from previous block
# <min> <max>
0	178

# created by:
# /home/cegg/simao/soft/augustus-3.2.1/scripts/msa2prfl.pl ./align_prep/EOG090W0FOY.fa
