[name]
unknown

[dist]
# distance from previous block
# <min> <max>
0	26

[block]
# block no. 0 follows, 37 sequences, length 37
# corresponding to MSA columns:
# 26-62
name=unknown_A
#
# <colnr> <probs for GDERKNQSTAVLIFYWHMCP>
#	G	D	E	R	K	N	Q	S	T	A	V	L	I	F	Y	W	H	M	C	P
0	0.00978	0.00699	0.00977	0.01118	0.01255	0.00698	0.00972	0.01254	0.01401	0.01823	0.03246	0.09319	0.03541	0.01699	0.00843	0.00281	0.00557	0.68215	0.00564	0.00561
1	0.02466	0.01213	0.03054	0.01144	0.01603	0.03577	0.00951	0.07165	0.09342	0.55666	0.03949	0.02057	0.01569	0.00761	0.00612	0.00188	0.00548	0.00614	0.00698	0.02823
2	0.00761	0.00544	0.00728	0.00870	0.00912	0.00510	0.00595	0.00879	0.01187	0.01580	0.03365	0.73588	0.04015	0.01903	0.00785	0.00251	0.00368	0.06090	0.00568	0.00501
3	0.02287	0.02917	0.01735	0.01577	0.01892	0.76030	0.01183	0.02444	0.01735	0.01498	0.00946	0.01104	0.00788	0.00631	0.00552	0.00158	0.01104	0.00394	0.00315	0.00710
4	0.01341	0.01021	0.01220	0.00913	0.01395	0.00788	0.00722	0.01596	0.01319	0.08391	0.03852	0.08003	0.01391	0.00632	0.00505	0.00116	0.00445	0.00527	0.00425	0.65397
5	0.01895	0.01496	0.02603	0.01914	0.02448	0.05003	0.38786	0.07723	0.01643	0.22648	0.01630	0.03931	0.01185	0.00645	0.00668	0.00195	0.00825	0.00680	0.00469	0.03613
6	0.00874	0.00656	0.00984	0.00984	0.01093	0.00765	0.00765	0.01093	0.00984	0.01421	0.01640	0.02405	0.01530	0.04591	0.76062	0.00984	0.01640	0.00656	0.00328	0.00547
7	0.01283	0.17368	0.56961	0.01551	0.02336	0.01558	0.01926	0.01869	0.01311	0.01876	0.05647	0.01439	0.01091	0.00613	0.00555	0.00182	0.00819	0.00470	0.00285	0.00862
8	0.02121	0.18580	0.11570	0.01154	0.01669	0.01317	0.01096	0.02489	0.05111	0.40945	0.06392	0.01900	0.01539	0.00717	0.00569	0.00178	0.00585	0.00564	0.00570	0.00934
9	0.00723	0.00620	0.00620	0.00620	0.00827	0.00517	0.00465	0.00878	0.01395	0.01654	0.06201	0.05891	0.74421	0.01550	0.00723	0.00207	0.00310	0.01292	0.00568	0.00517
10	0.82811	0.01184	0.00900	0.00805	0.01184	0.01373	0.00663	0.01799	0.01042	0.02746	0.00852	0.00994	0.00663	0.00568	0.00379	0.00189	0.00474	0.00331	0.00379	0.00663
11	0.01494	0.01433	0.02446	0.08120	0.70473	0.01449	0.01868	0.01860	0.01384	0.01974	0.01148	0.01522	0.00960	0.00549	0.00606	0.00183	0.00732	0.00545	0.00301	0.00952
12	0.69404	0.01301	0.03489	0.01009	0.04086	0.01427	0.00813	0.06952	0.01195	0.02744	0.00916	0.01066	0.00709	0.00591	0.00447	0.00191	0.02200	0.00364	0.00387	0.00710
13	0.00890	0.00593	0.00668	0.00668	0.00668	0.00593	0.00371	0.00890	0.00890	0.01187	0.01929	0.04006	0.02225	0.78487	0.03116	0.00593	0.00593	0.00890	0.00371	0.00371
14	0.00862	0.00626	0.00812	0.00765	0.00912	0.00576	0.00574	0.01146	0.01721	0.02428	0.72037	0.04617	0.08102	0.01262	0.00722	0.00193	0.00290	0.01113	0.00670	0.00576
15	0.01542	0.01876	0.12189	0.02243	0.02853	0.05956	0.50195	0.04265	0.06293	0.04382	0.01332	0.01624	0.00986	0.00566	0.00681	0.00201	0.00957	0.00658	0.00348	0.00852
16	0.01445	0.01651	0.03612	0.02580	0.03199	0.01548	0.72446	0.01961	0.01445	0.01961	0.01238	0.01651	0.00929	0.00516	0.00722	0.00206	0.01032	0.00722	0.00310	0.00826
17	0.00874	0.00656	0.00984	0.00984	0.01093	0.00765	0.00765	0.01093	0.00984	0.01421	0.01640	0.02405	0.01530	0.04591	0.76062	0.00984	0.01640	0.00656	0.00328	0.00547
18	0.00874	0.00656	0.00984	0.00984	0.01093	0.00765	0.00765	0.01093	0.00984	0.01421	0.01640	0.02405	0.01530	0.04591	0.76062	0.00984	0.01640	0.00656	0.00328	0.00547
19	0.02254	0.01036	0.01333	0.01096	0.01487	0.00974	0.00882	0.06535	0.10760	0.50179	0.02523	0.12220	0.01927	0.00946	0.00645	0.00202	0.00504	0.02849	0.00702	0.00947
20	0.00835	0.00615	0.00798	0.00909	0.01004	0.00589	0.00679	0.01051	0.03640	0.01705	0.06045	0.46977	0.11410	0.01762	0.00785	0.00249	0.00406	0.19434	0.00572	0.00535
21	0.00890	0.00593	0.00668	0.00668	0.00668	0.00593	0.00371	0.00890	0.00890	0.01187	0.01929	0.04006	0.02225	0.78487	0.03116	0.00593	0.00593	0.00890	0.00371	0.00371
22	0.01637	0.78856	0.03208	0.01047	0.01571	0.02422	0.01047	0.01833	0.01244	0.01440	0.00851	0.00982	0.00786	0.00524	0.00393	0.00131	0.00655	0.00327	0.00262	0.00786
23	0.01693	0.72250	0.03080	0.01093	0.01599	0.08825	0.01059	0.01886	0.01286	0.01445	0.00859	0.00993	0.00786	0.00533	0.00407	0.00133	0.00694	0.00333	0.00267	0.00779
24	0.01410	0.01123	0.01380	0.01005	0.01525	0.00904	0.03464	0.06028	0.01427	0.06485	0.04802	0.01507	0.01192	0.00531	0.00496	0.00112	0.00485	0.00440	0.00415	0.65271
25	0.02100	0.01250	0.01320	0.01125	0.01478	0.11631	0.00886	0.02518	0.11385	0.39077	0.07670	0.09786	0.03574	0.00937	0.00639	0.00196	0.00563	0.02347	0.00643	0.00875
26	0.01542	0.01807	0.07555	0.02245	0.02814	0.08084	0.51504	0.06463	0.05091	0.02054	0.01350	0.04097	0.01062	0.00605	0.00689	0.00201	0.00959	0.00698	0.00350	0.00830
27	0.01156	0.01088	0.01836	0.77016	0.04216	0.01360	0.01700	0.01564	0.01224	0.01564	0.01088	0.01632	0.00816	0.00612	0.00612	0.00204	0.00816	0.00544	0.00272	0.00680
28	0.04462	0.01427	0.08195	0.01107	0.01619	0.05727	0.00970	0.06290	0.01469	0.15547	0.01348	0.01437	0.01009	0.00582	0.00567	0.00139	0.03482	0.00441	0.02091	0.42090
29	0.02119	0.02495	0.01826	0.06197	0.06539	0.54470	0.02986	0.09165	0.05187	0.01823	0.01098	0.01265	0.00880	0.00641	0.00572	0.00168	0.00991	0.00450	0.00355	0.00771
30	0.00764	0.00547	0.00726	0.00840	0.00892	0.00509	0.00570	0.00898	0.01256	0.01696	0.13995	0.67087	0.04307	0.01818	0.00772	0.00240	0.00345	0.01645	0.00584	0.00509
31	0.01296	0.00728	0.00914	0.00808	0.01052	0.00641	0.00627	0.01535	0.01644	0.20370	0.37579	0.04315	0.23657	0.01211	0.00696	0.00196	0.00353	0.01035	0.00666	0.00677
32	0.02289	0.02846	0.01741	0.01567	0.01893	0.71615	0.01182	0.06624	0.01803	0.01639	0.00977	0.01126	0.00804	0.00637	0.00556	0.00159	0.01078	0.00404	0.00333	0.00729
33	0.00919	0.00647	0.00865	0.00977	0.01067	0.00640	0.00775	0.01107	0.01254	0.01644	0.02993	0.20354	0.03355	0.17802	0.01308	0.00340	0.00529	0.42389	0.00524	0.00510
34	0.00874	0.00656	0.00984	0.00984	0.01093	0.00765	0.00765	0.01093	0.00984	0.01421	0.01640	0.02405	0.01530	0.04591	0.76062	0.00984	0.01640	0.00656	0.00328	0.00547
35	0.05052	0.02717	0.01718	0.01531	0.01869	0.64807	0.01163	0.10624	0.01845	0.01817	0.01004	0.01143	0.00814	0.00641	0.00553	0.00162	0.01032	0.00410	0.00352	0.00747
36	0.02136	0.01106	0.02956	0.01095	0.01500	0.01028	0.00901	0.05367	0.16953	0.43883	0.12202	0.02511	0.03838	0.00854	0.00633	0.00194	0.00491	0.00708	0.00697	0.00948

[dist]
# distance from previous block
# <min> <max>
0	26

[block]
# block no. 1 follows, 37 sequences, length 55
# corresponding to MSA columns:
# 89-143
name=unknown_B
#
# <colnr> <probs for GDERKNQSTAVLIFYWHMCP>
#	G	D	E	R	K	N	Q	S	T	A	V	L	I	F	Y	W	H	M	C	P
0	0.01690	0.09306	0.05519	0.01236	0.01621	0.03882	0.01037	0.23517	0.23334	0.05162	0.02048	0.15314	0.01792	0.00942	0.00620	0.00197	0.00579	0.00774	0.00549	0.00879
1	0.02327	0.01715	0.01837	0.01408	0.01898	0.01898	0.01163	0.72628	0.02878	0.03858	0.01470	0.01470	0.01041	0.00735	0.00612	0.00184	0.00674	0.00551	0.00612	0.01041
2	0.00890	0.00593	0.00668	0.00668	0.00668	0.00593	0.00371	0.00890	0.00890	0.01187	0.01929	0.04006	0.02225	0.78487	0.03116	0.00593	0.00593	0.00890	0.00371	0.00371
3	0.00986	0.00705	0.00986	0.01127	0.01268	0.00705	0.00986	0.01268	0.01409	0.01832	0.03241	0.06905	0.03523	0.01691	0.00845	0.00282	0.00564	0.70549	0.00564	0.00564
4	0.01608	0.01357	0.01432	0.01263	0.01624	0.01562	0.00989	0.10584	0.66093	0.02698	0.02383	0.02198	0.01781	0.00820	0.00622	0.00205	0.00504	0.00677	0.00622	0.00977
5	0.00890	0.00593	0.00668	0.00668	0.00668	0.00593	0.00371	0.00890	0.00890	0.01187	0.01929	0.04006	0.02225	0.78487	0.03116	0.00593	0.00593	0.00890	0.00371	0.00371
6	0.01228	0.03166	0.75316	0.01745	0.02649	0.01422	0.02262	0.01939	0.01292	0.01939	0.01099	0.01292	0.00775	0.00582	0.00582	0.00194	0.00905	0.00452	0.00258	0.00905
7	0.82811	0.01184	0.00900	0.00805	0.01184	0.01373	0.00663	0.01799	0.01042	0.02746	0.00852	0.00994	0.00663	0.00568	0.00379	0.00189	0.00474	0.00331	0.00379	0.00663
8	0.01122	0.01040	0.01425	0.01348	0.04800	0.06109	0.10897	0.01455	0.05554	0.01858	0.12866	0.18044	0.10494	0.03201	0.00863	0.00234	0.04817	0.12736	0.00498	0.00638
9	0.01445	0.01651	0.03612	0.02580	0.03199	0.01548	0.72446	0.01961	0.01445	0.01961	0.01238	0.01651	0.00929	0.00516	0.00722	0.00206	0.01032	0.00722	0.00310	0.00826
10	0.00750	0.00582	0.00675	0.00744	0.00861	0.00517	0.00524	0.00880	0.01271	0.01597	0.04630	0.38556	0.36970	0.05248	0.00863	0.00246	0.00352	0.03674	0.00559	0.00503
11	0.01445	0.01651	0.03612	0.02580	0.03199	0.01548	0.72446	0.01961	0.01445	0.01961	0.01238	0.01651	0.00929	0.00516	0.00722	0.00206	0.01032	0.00722	0.00310	0.00826
12	0.82811	0.01184	0.00900	0.00805	0.01184	0.01373	0.00663	0.01799	0.01042	0.02746	0.00852	0.00994	0.00663	0.00568	0.00379	0.00189	0.00474	0.00331	0.00379	0.00663
13	0.05769	0.01169	0.01476	0.01136	0.01609	0.01099	0.00938	0.15533	0.01928	0.59410	0.02184	0.01930	0.01396	0.00746	0.00606	0.00188	0.00547	0.00593	0.00717	0.01027
14	0.01370	0.03686	0.01146	0.00999	0.03462	0.00802	0.00763	0.01646	0.03757	0.17277	0.13123	0.12286	0.14472	0.01131	0.00658	0.00192	0.00438	0.08347	0.00572	0.13874
15	0.05286	0.01527	0.02369	0.03496	0.67096	0.05760	0.01783	0.01908	0.01397	0.02005	0.01126	0.01467	0.00945	0.00551	0.00592	0.00181	0.00737	0.00527	0.00307	0.00941
16	0.00723	0.00620	0.00620	0.00620	0.00827	0.00517	0.00465	0.00878	0.01395	0.01654	0.06201	0.05891	0.74421	0.01550	0.00723	0.00207	0.00310	0.01292	0.00568	0.00517
17	0.00931	0.00665	0.00923	0.01064	0.01181	0.00657	0.00890	0.01173	0.01355	0.01770	0.03272	0.23265	0.03644	0.01743	0.00831	0.00274	0.00516	0.54735	0.00565	0.00548
18	0.01236	0.03111	0.72700	0.01775	0.02669	0.01426	0.04822	0.01939	0.01298	0.01939	0.01104	0.01305	0.00781	0.00579	0.00587	0.00194	0.00909	0.00462	0.00260	0.00902
19	0.01515	0.01454	0.02485	0.03757	0.74669	0.01454	0.01879	0.01879	0.01394	0.02000	0.01151	0.01515	0.00970	0.00545	0.00606	0.00182	0.00727	0.00545	0.00303	0.00970
20	0.00769	0.00549	0.00714	0.00822	0.00871	0.00513	0.00550	0.00886	0.01211	0.01622	0.10266	0.62611	0.06302	0.08062	0.00963	0.00270	0.00367	0.01595	0.00562	0.00495
21	0.01863	0.01952	0.02073	0.01680	0.02101	0.24853	0.17492	0.13049	0.24015	0.02284	0.01568	0.01649	0.01192	0.00682	0.00622	0.00188	0.00832	0.00585	0.00453	0.00866
22	0.06877	0.01700	0.01755	0.01363	0.01838	0.05207	0.01121	0.61302	0.02656	0.07906	0.01467	0.01463	0.01036	0.00722	0.00597	0.00183	0.00673	0.00535	0.00594	0.01005
23	0.00746	0.00533	0.00710	0.00852	0.00888	0.00497	0.00568	0.00852	0.01172	0.01563	0.03374	0.78088	0.04049	0.01918	0.00781	0.00249	0.00355	0.01740	0.00568	0.00497
24	0.08563	0.01405	0.01556	0.01271	0.01696	0.01535	0.03254	0.25092	0.32279	0.09390	0.01905	0.01823	0.01390	0.00741	0.00592	0.00190	0.00563	0.00593	0.00587	0.05576
25	0.00890	0.00593	0.00668	0.00668	0.00668	0.00593	0.00371	0.00890	0.00890	0.01187	0.01929	0.04006	0.02225	0.78487	0.03116	0.00593	0.00593	0.00890	0.00371	0.00371
26	0.01449	0.01639	0.03544	0.02651	0.07500	0.01542	0.68199	0.01956	0.01442	0.01963	0.01233	0.01643	0.00931	0.00518	0.00715	0.00205	0.01014	0.00712	0.00309	0.00834
27	0.01563	0.01545	0.02438	0.03622	0.70163	0.06072	0.01836	0.01914	0.01415	0.01969	0.01139	0.01490	0.00958	0.00551	0.00603	0.00180	0.00751	0.00536	0.00304	0.00954
28	0.00723	0.00620	0.00620	0.00620	0.00827	0.00517	0.00465	0.00878	0.01395	0.01654	0.06201	0.05891	0.74421	0.01550	0.00723	0.00207	0.00310	0.01292	0.00568	0.00517
29	0.05778	0.02199	0.05630	0.01479	0.01877	0.35939	0.04419	0.10938	0.18409	0.05229	0.01445	0.01492	0.01099	0.00684	0.00580	0.00179	0.00842	0.00506	0.00440	0.00837
30	0.01156	0.01088	0.01836	0.77016	0.04216	0.01360	0.01700	0.01564	0.01224	0.01564	0.01088	0.01632	0.00816	0.00612	0.00612	0.00204	0.00816	0.00544	0.00272	0.00680
31	0.00953	0.00654	0.00769	0.00740	0.00935	0.00573	0.00560	0.01157	0.01517	0.08278	0.27408	0.10833	0.38807	0.01418	0.00721	0.00206	0.00331	0.02939	0.00618	0.00581
32	0.00753	0.00610	0.00663	0.00672	0.00843	0.00526	0.00492	0.00919	0.01409	0.01756	0.16499	0.13962	0.53457	0.03698	0.00797	0.00220	0.00320	0.01303	0.00580	0.00520
33	0.01523	0.01315	0.01384	0.01246	0.01592	0.01523	0.00969	0.03253	0.73563	0.02561	0.02491	0.02284	0.01869	0.00830	0.00623	0.00208	0.00484	0.00692	0.00623	0.00969
34	0.05024	0.01241	0.03721	0.01165	0.01634	0.01151	0.00980	0.12665	0.11153	0.51244	0.02203	0.01965	0.01445	0.00752	0.00608	0.00191	0.00548	0.00602	0.00693	0.01016
35	0.00831	0.00624	0.00769	0.00733	0.00893	0.00563	0.00550	0.01087	0.01650	0.02257	0.57562	0.04897	0.22682	0.01325	0.00722	0.00196	0.00294	0.01153	0.00648	0.00563
36	0.01637	0.78856	0.03208	0.01047	0.01571	0.02422	0.01047	0.01833	0.01244	0.01440	0.00851	0.00982	0.00786	0.00524	0.00393	0.00131	0.00655	0.00327	0.00262	0.00786
37	0.02327	0.01715	0.01837	0.01408	0.01898	0.01898	0.01163	0.72628	0.02878	0.03858	0.01470	0.01470	0.01041	0.00735	0.00612	0.00184	0.00674	0.00551	0.00612	0.01041
38	0.01445	0.01651	0.03612	0.02580	0.03199	0.01548	0.72446	0.01961	0.01445	0.01961	0.01238	0.01651	0.00929	0.00516	0.00722	0.00206	0.01032	0.00722	0.00310	0.00826
39	0.01269	0.01088	0.01269	0.00907	0.01451	0.00816	0.00725	0.01541	0.01269	0.01995	0.01088	0.01269	0.00907	0.00453	0.00453	0.00091	0.00453	0.00363	0.00363	0.82229
40	0.01039	0.00764	0.01025	0.01139	0.01300	0.00784	0.00985	0.01462	0.08444	0.01903	0.03168	0.06454	0.03362	0.01607	0.00824	0.00275	0.00556	0.63738	0.00569	0.00603
41	0.00951	0.00641	0.00717	0.00699	0.00719	0.00648	0.00404	0.03913	0.00974	0.01299	0.01909	0.03899	0.02176	0.75211	0.03010	0.00576	0.00597	0.00876	0.00381	0.00399
42	0.01637	0.78856	0.03208	0.01047	0.01571	0.02422	0.01047	0.01833	0.01244	0.01440	0.00851	0.00982	0.00786	0.00524	0.00393	0.00131	0.00655	0.00327	0.00262	0.00786
43	0.82811	0.01184	0.00900	0.00805	0.01184	0.01373	0.00663	0.01799	0.01042	0.02746	0.00852	0.00994	0.00663	0.00568	0.00379	0.00189	0.00474	0.00331	0.00379	0.00663
44	0.82811	0.01184	0.00900	0.00805	0.01184	0.01373	0.00663	0.01799	0.01042	0.02746	0.00852	0.00994	0.00663	0.00568	0.00379	0.00189	0.00474	0.00331	0.00379	0.00663
45	0.00850	0.00625	0.00795	0.00753	0.00904	0.00571	0.00564	0.01123	0.01693	0.02362	0.66422	0.04726	0.13758	0.01286	0.00722	0.00194	0.00291	0.01129	0.00662	0.00571
46	0.00745	0.00537	0.00705	0.00840	0.00885	0.00498	0.00563	0.00854	0.01184	0.01568	0.03528	0.74145	0.07892	0.01898	0.00778	0.00246	0.00353	0.01716	0.00568	0.00498
47	0.00728	0.00620	0.00627	0.00625	0.00830	0.00519	0.00469	0.00887	0.01406	0.01680	0.08408	0.05848	0.72197	0.01541	0.00723	0.00206	0.00309	0.01286	0.00572	0.00519
48	0.02072	0.04423	0.01666	0.01461	0.01767	0.57858	0.01112	0.04204	0.07530	0.01676	0.01333	0.01455	0.04012	0.00705	0.00612	0.00167	0.03754	0.00470	0.02998	0.00727
49	0.00866	0.00626	0.00818	0.00770	0.00914	0.00578	0.00578	0.01155	0.01733	0.02455	0.74346	0.04572	0.05776	0.01251	0.00722	0.00193	0.00289	0.01107	0.00674	0.00578
50	0.00745	0.00536	0.00707	0.00844	0.00886	0.00498	0.00565	0.00853	0.01180	0.01566	0.03471	0.75609	0.06465	0.01905	0.00779	0.00247	0.00354	0.01725	0.00568	0.00498
51	0.82811	0.01184	0.00900	0.00805	0.01184	0.01373	0.00663	0.01799	0.01042	0.02746	0.00852	0.00994	0.00663	0.00568	0.00379	0.00189	0.00474	0.00331	0.00379	0.00663
52	0.01167	0.01110	0.01905	0.74135	0.04177	0.01367	0.04438	0.01579	0.01233	0.01579	0.01094	0.01633	0.00820	0.00608	0.00616	0.00204	0.00824	0.00551	0.00273	0.00686
53	0.00746	0.00533	0.00710	0.00852	0.00888	0.00497	0.00568	0.00852	0.01172	0.01563	0.03374	0.78088	0.04049	0.01918	0.00781	0.00249	0.00355	0.01740	0.00568	0.00497
54	0.01457	0.01618	0.03423	0.02777	0.15166	0.01532	0.60630	0.01947	0.01436	0.01967	0.01224	0.01628	0.00936	0.00521	0.00703	0.00202	0.00981	0.00693	0.00308	0.00850

[dist]
# distance from previous block
# <min> <max>
0	94

# created by:
# /home/cegg/simao/soft/augustus-3.2.1/scripts/msa2prfl.pl ./align_prep/EOG090W0HXF.fa
