[name]
unknown

[dist]
# distance from previous block
# <min> <max>
0	24

[block]
# block no. 0 follows, 32 sequences, length 15
# corresponding to MSA columns:
# 24-38
name=unknown_A
#
# <colnr> <probs for GDERKNQSTAVLIFYWHMCP>
#	G	D	E	R	K	N	Q	S	T	A	V	L	I	F	Y	W	H	M	C	P
0	0.01547	0.01430	0.01243	0.01161	0.01411	0.19591	0.00895	0.01907	0.06466	0.03890	0.02061	0.02573	0.04937	0.02065	0.21535	0.00438	0.01018	0.03901	0.16548	0.05385
1	0.01514	0.06248	0.39356	0.04606	0.15521	0.01685	0.09684	0.05319	0.01511	0.02172	0.01219	0.01512	0.00925	0.00660	0.00743	0.00213	0.05266	0.00554	0.00318	0.00973
2	0.00932	0.00702	0.00871	0.00826	0.01010	0.00627	0.00617	0.01205	0.01759	0.02427	0.51032	0.10211	0.18553	0.01445	0.00782	0.00213	0.00335	0.01263	0.00692	0.04500
3	0.01238	0.01209	0.04854	0.01471	0.07920	0.01269	0.01102	0.03897	0.05747	0.01989	0.08532	0.03642	0.22578	0.05688	0.03515	0.00292	0.21441	0.02405	0.00482	0.00728
4	0.00937	0.00843	0.05046	0.00877	0.01093	0.00670	0.00716	0.01244	0.01775	0.02447	0.52280	0.07696	0.19032	0.01421	0.00785	0.00216	0.00363	0.01238	0.00685	0.00637
5	0.00821	0.00601	0.00771	0.00897	0.00966	0.00552	0.00609	0.00954	0.01346	0.01772	0.07326	0.63550	0.13341	0.02015	0.00845	0.00264	0.00379	0.01811	0.00628	0.00552
6	0.01526	0.01085	0.01404	0.01175	0.01379	0.01153	0.06054	0.15151	0.01544	0.07061	0.01891	0.03168	0.01857	0.40478	0.04436	0.00471	0.06375	0.00821	0.02292	0.00680
7	0.01789	0.24170	0.23552	0.01444	0.02060	0.09130	0.01498	0.06450	0.05228	0.08244	0.08805	0.01819	0.01584	0.00743	0.00598	0.00188	0.00787	0.00561	0.00431	0.00920
8	0.81159	0.01298	0.00986	0.00882	0.01298	0.01505	0.00727	0.01972	0.01142	0.03010	0.00934	0.01090	0.00727	0.00623	0.00415	0.00208	0.00519	0.00363	0.00415	0.00727
9	0.00959	0.00715	0.01061	0.01061	0.01175	0.00829	0.00817	0.01187	0.01073	0.01545	0.01813	0.02725	0.01716	0.08638	0.70207	0.01057	0.01739	0.00732	0.00362	0.00589
10	0.02443	0.01806	0.01932	0.01491	0.02009	0.01988	0.01229	0.65777	0.03055	0.04081	0.01928	0.01907	0.05470	0.00860	0.00679	0.00203	0.00714	0.00654	0.00668	0.01106
11	0.03672	0.04384	0.04029	0.21948	0.25921	0.04272	0.01661	0.02057	0.09356	0.02016	0.01394	0.01794	0.01136	0.01057	0.06623	0.00284	0.06546	0.00600	0.00362	0.00886
12	0.01537	0.04214	0.05056	0.06981	0.08996	0.04879	0.08545	0.04175	0.08318	0.07117	0.05500	0.09495	0.06323	0.03544	0.02660	0.00240	0.00716	0.00818	0.00485	0.10402
13	0.03832	0.09953	0.11887	0.01206	0.01598	0.05496	0.01103	0.05747	0.11226	0.02188	0.07912	0.11328	0.14466	0.03270	0.00774	0.00232	0.00616	0.05857	0.00526	0.00782
14	0.05896	0.21226	0.24277	0.01728	0.06324	0.09873	0.05272	0.05422	0.03993	0.08128	0.01310	0.01447	0.00994	0.00654	0.00587	0.00190	0.00856	0.00499	0.00382	0.00943

[dist]
# distance from previous block
# <min> <max>
0	7

[block]
# block no. 1 follows, 32 sequences, length 15
# corresponding to MSA columns:
# 46-60
name=unknown_B
#
# <colnr> <probs for GDERKNQSTAVLIFYWHMCP>
#	G	D	E	R	K	N	Q	S	T	A	V	L	I	F	Y	W	H	M	C	P
0	0.25055	0.05135	0.09833	0.03420	0.03931	0.21939	0.07904	0.06058	0.03151	0.04149	0.02882	0.01447	0.01037	0.00677	0.00580	0.00198	0.00860	0.00502	0.00402	0.00841
1	0.18534	0.07865	0.07005	0.06351	0.04889	0.04431	0.01096	0.04527	0.04711	0.10597	0.04675	0.02207	0.06470	0.02855	0.05313	0.00265	0.00709	0.00626	0.04037	0.02838
2	0.01156	0.00844	0.01106	0.01173	0.01345	0.00871	0.00977	0.05614	0.04646	0.02099	0.05612	0.08899	0.05312	0.06786	0.07893	0.00386	0.00707	0.43334	0.00591	0.00651
3	0.01333	0.10015	0.05244	0.15865	0.11002	0.04449	0.04026	0.01693	0.03027	0.01869	0.05004	0.09268	0.05631	0.01512	0.10565	0.00331	0.03350	0.02661	0.02391	0.00765
4	0.03010	0.01142	0.01557	0.01194	0.01713	0.00986	0.00986	0.03270	0.01920	0.72698	0.02647	0.02284	0.01661	0.00830	0.00675	0.00208	0.00571	0.00675	0.00830	0.01142
5	0.02506	0.03198	0.01901	0.01729	0.02074	0.73725	0.01296	0.02679	0.01901	0.01642	0.01037	0.01210	0.00864	0.00691	0.00605	0.00173	0.01210	0.00432	0.00346	0.00778
6	0.01499	0.00775	0.00818	0.00749	0.00967	0.00780	0.00579	0.07673	0.01599	0.08035	0.02174	0.02407	0.01665	0.00788	0.00502	0.00164	0.00370	0.00627	0.67119	0.00710
7	0.02165	0.01688	0.01797	0.01466	0.01934	0.01901	0.01182	0.40941	0.32838	0.03607	0.02101	0.02001	0.01538	0.00851	0.00676	0.00213	0.00648	0.00672	0.00676	0.01107
8	0.01380	0.00777	0.00808	0.00749	0.00950	0.00796	0.00576	0.09536	0.01649	0.02718	0.07465	0.02590	0.02006	0.00830	0.00517	0.00166	0.00363	0.00668	0.64770	0.00686
9	0.01657	0.01398	0.01490	0.01328	0.01696	0.01597	0.01035	0.07581	0.60168	0.02886	0.09192	0.02684	0.02395	0.00947	0.00692	0.00224	0.00524	0.00792	0.00687	0.01027
10	0.00823	0.00593	0.00780	0.00918	0.00972	0.00550	0.00618	0.00952	0.01327	0.01767	0.07298	0.69226	0.07597	0.02047	0.00850	0.00267	0.00383	0.01850	0.00629	0.00550
11	0.00822	0.00666	0.00730	0.00745	0.00932	0.00574	0.00547	0.01008	0.01553	0.01941	0.16945	0.16725	0.51055	0.01707	0.00802	0.00231	0.00344	0.01457	0.00642	0.00574
12	0.01503	0.01444	0.02415	0.13679	0.43330	0.01482	0.07710	0.02013	0.06784	0.02125	0.01972	0.02276	0.08795	0.00749	0.00692	0.00210	0.00771	0.00715	0.00386	0.00949
13	0.52722	0.01271	0.01143	0.00989	0.01403	0.01416	0.00805	0.05313	0.08926	0.12653	0.01483	0.01529	0.01086	0.00702	0.00495	0.00206	0.00523	0.00478	0.06025	0.00832
14	0.01608	0.01688	0.07595	0.16522	0.11932	0.05312	0.10158	0.07884	0.08224	0.02288	0.01397	0.01676	0.01081	0.00640	0.00640	0.00187	0.00796	0.00575	0.00401	0.19397

[dist]
# distance from previous block
# <min> <max>
0	2

[block]
# block no. 2 follows, 32 sequences, length 19
# corresponding to MSA columns:
# 63-81
name=unknown_C
#
# <colnr> <probs for GDERKNQSTAVLIFYWHMCP>
#	G	D	E	R	K	N	Q	S	T	A	V	L	I	F	Y	W	H	M	C	P
0	0.01478	0.01335	0.01976	0.05791	0.27322	0.01466	0.01448	0.04097	0.05282	0.02118	0.05900	0.02035	0.01509	0.03422	0.06204	0.00287	0.16326	0.00645	0.02486	0.08873
1	0.02105	0.02578	0.01651	0.01531	0.01811	0.55390	0.01140	0.02265	0.01747	0.01653	0.01796	0.10705	0.06439	0.03027	0.00776	0.00206	0.03357	0.00701	0.00399	0.00723
2	0.00959	0.00708	0.00814	0.00792	0.01004	0.00620	0.00608	0.01189	0.01666	0.05195	0.27328	0.05884	0.43315	0.01566	0.00796	0.00226	0.00361	0.05683	0.00669	0.00616
3	0.00822	0.00673	0.00725	0.00728	0.00928	0.00576	0.00540	0.01013	0.01574	0.01957	0.17821	0.11592	0.55373	0.01674	0.00798	0.00227	0.00340	0.01419	0.00643	0.00576
4	0.00936	0.00685	0.00879	0.00830	0.00994	0.00627	0.00623	0.01241	0.01868	0.02617	0.66381	0.05134	0.11876	0.01399	0.00792	0.00212	0.00319	0.01231	0.00729	0.00627
5	0.01794	0.76823	0.03516	0.01148	0.01722	0.02655	0.01148	0.02009	0.01363	0.01579	0.00933	0.01076	0.00861	0.00574	0.00431	0.00144	0.00718	0.00359	0.00287	0.00861
6	0.01669	0.01441	0.01517	0.01365	0.01745	0.01669	0.01062	0.03565	0.71021	0.02807	0.02731	0.02503	0.02048	0.00910	0.00683	0.00228	0.00531	0.00759	0.00683	0.01062
7	0.01019	0.00728	0.01009	0.01164	0.01291	0.00718	0.00972	0.01282	0.01483	0.01938	0.03587	0.23808	0.03998	0.01913	0.00910	0.00300	0.00564	0.52095	0.00619	0.00601
8	0.01784	0.01629	0.01574	0.01408	0.01790	0.08704	0.01093	0.06031	0.61680	0.02748	0.02523	0.02343	0.01898	0.00885	0.00675	0.00221	0.00605	0.00721	0.00649	0.01037
9	0.02493	0.01266	0.01580	0.01191	0.01734	0.01125	0.00977	0.12827	0.01959	0.42923	0.02089	0.01936	0.01398	0.00734	0.00625	0.00177	0.00576	0.00587	0.00687	0.23116
10	0.01166	0.00583	0.00874	0.00874	0.00874	0.00583	0.00583	0.00874	0.00874	0.01166	0.01166	0.02040	0.01166	0.02331	0.02622	0.80478	0.00583	0.00583	0.00291	0.00291
11	0.01868	0.69522	0.03370	0.01187	0.01757	0.02599	0.01161	0.08632	0.01538	0.01837	0.00999	0.01128	0.00888	0.00597	0.00454	0.00149	0.00720	0.00383	0.00324	0.00888
12	0.28695	0.05119	0.02009	0.17784	0.22431	0.01634	0.03852	0.07086	0.01473	0.02490	0.01149	0.01467	0.00907	0.00635	0.00575	0.00206	0.00727	0.00513	0.00377	0.00871
13	0.01678	0.27566	0.33222	0.01758	0.04894	0.03815	0.06671	0.09158	0.01608	0.02154	0.01165	0.01355	0.00904	0.00629	0.00583	0.00188	0.00883	0.00485	0.00332	0.00955
14	0.01342	0.01178	0.01855	0.13153	0.24243	0.01255	0.03658	0.01733	0.04597	0.03854	0.12202	0.12713	0.05420	0.01159	0.02801	0.00249	0.06382	0.00922	0.00465	0.00819
15	0.00812	0.00633	0.00739	0.00813	0.00944	0.00559	0.00571	0.00963	0.01425	0.01804	0.08268	0.40797	0.35515	0.01884	0.00824	0.00249	0.00363	0.01650	0.00628	0.00559
16	0.01038	0.00911	0.03073	0.05618	0.07436	0.00827	0.03585	0.03146	0.01533	0.02043	0.12720	0.25152	0.23738	0.01479	0.00770	0.00231	0.00482	0.01306	0.04246	0.00665
17	0.01841	0.07765	0.21578	0.05385	0.07864	0.11280	0.10491	0.12845	0.01824	0.06069	0.03896	0.01808	0.01251	0.00722	0.00662	0.00204	0.00904	0.02248	0.00418	0.00946
18	0.21766	0.01370	0.04859	0.07541	0.08847	0.04083	0.01151	0.02416	0.01560	0.30173	0.01928	0.08340	0.01484	0.00841	0.00621	0.00213	0.00636	0.00675	0.00571	0.00924

[dist]
# distance from previous block
# <min> <max>
1	14

[block]
# block no. 3 follows, 32 sequences, length 30
# corresponding to MSA columns:
# 97-126
name=unknown_D
#
# <colnr> <probs for GDERKNQSTAVLIFYWHMCP>
#	G	D	E	R	K	N	Q	S	T	A	V	L	I	F	Y	W	H	M	C	P
0	0.01390	0.01725	0.12746	0.01641	0.01885	0.06551	0.05655	0.01663	0.01228	0.01728	0.01598	0.06036	0.05377	0.04344	0.07816	0.00345	0.36461	0.00722	0.00346	0.00743
1	0.35115	0.07046	0.04483	0.01481	0.05621	0.19013	0.03185	0.04244	0.01446	0.02370	0.01025	0.01242	0.00836	0.00683	0.00661	0.00199	0.07224	0.00438	0.00375	0.03316
2	0.00872	0.00668	0.00873	0.00911	0.01037	0.00609	0.02464	0.01056	0.01472	0.01941	0.18013	0.39200	0.20302	0.04132	0.00909	0.00261	0.00398	0.03673	0.00632	0.00575
3	0.04570	0.01808	0.10177	0.01814	0.08667	0.05603	0.07632	0.12169	0.23231	0.07202	0.01927	0.04210	0.01486	0.00816	0.00714	0.00215	0.02958	0.00683	0.03130	0.00989
4	0.01349	0.01045	0.01227	0.01031	0.04113	0.00871	0.00765	0.01724	0.04422	0.02325	0.06374	0.01970	0.01587	0.00648	0.00525	0.00130	0.00453	0.00533	0.19923	0.48982
5	0.01950	0.29576	0.15743	0.01683	0.05940	0.11292	0.06124	0.08434	0.03435	0.08014	0.01294	0.01424	0.01004	0.00653	0.00577	0.00181	0.00849	0.00495	0.00390	0.00942
6	0.01824	0.56437	0.09721	0.01435	0.04152	0.04587	0.05055	0.04263	0.01478	0.04155	0.01074	0.01228	0.00911	0.00600	0.00498	0.00161	0.00779	0.00423	0.00323	0.00898
7	0.00823	0.00681	0.00722	0.00711	0.00925	0.00579	0.00534	0.01021	0.01601	0.01982	0.19341	0.06179	0.59312	0.01636	0.00793	0.00224	0.00335	0.01377	0.00645	0.00579
8	0.01885	0.35674	0.05132	0.01590	0.04413	0.17921	0.03216	0.04516	0.01491	0.01750	0.01002	0.01256	0.00887	0.00732	0.00860	0.00189	0.15873	0.00455	0.00318	0.00840
9	0.00957	0.00695	0.00947	0.00942	0.01035	0.00754	0.00683	0.01134	0.01151	0.01613	0.09416	0.03515	0.04805	0.24788	0.43626	0.00837	0.01266	0.00868	0.00422	0.00547
10	0.00938	0.00677	0.00886	0.00852	0.01000	0.00625	0.00632	0.01236	0.01844	0.02602	0.65714	0.11430	0.06160	0.01438	0.00797	0.00217	0.00323	0.01276	0.00728	0.00625
11	0.00928	0.00685	0.00867	0.00821	0.00989	0.00624	0.00616	0.01224	0.01848	0.02568	0.62797	0.05214	0.15490	0.01417	0.00792	0.00213	0.00320	0.01242	0.00723	0.00624
12	0.01482	0.00849	0.00872	0.00789	0.01013	0.00884	0.00613	0.13741	0.01718	0.02809	0.02086	0.02343	0.01617	0.00786	0.00505	0.00164	0.00388	0.00622	0.66002	0.00717
13	0.01777	0.01495	0.01578	0.01387	0.01786	0.01719	0.01088	0.11679	0.62733	0.02981	0.02594	0.02394	0.01937	0.00898	0.00681	0.00224	0.00556	0.00740	0.00681	0.01072
14	0.01468	0.01468	0.02055	0.01762	0.01762	0.02055	0.01468	0.01615	0.01028	0.01615	0.00881	0.01468	0.00881	0.01174	0.02202	0.00294	0.75191	0.00587	0.00294	0.00734
15	0.67202	0.01401	0.01169	0.01000	0.01437	0.01607	0.00824	0.14050	0.01499	0.03227	0.01054	0.01182	0.00800	0.00655	0.00461	0.00207	0.00558	0.00406	0.00461	0.00800
16	0.01468	0.01468	0.02055	0.01762	0.01762	0.02055	0.01468	0.01615	0.01028	0.01615	0.00881	0.01468	0.00881	0.01174	0.02202	0.00294	0.75191	0.00587	0.00294	0.00734
17	0.02558	0.01718	0.01899	0.01461	0.01991	0.01845	0.01204	0.54227	0.05387	0.15534	0.01812	0.01749	0.01256	0.00804	0.00667	0.00200	0.00695	0.00615	0.00689	0.03689
18	0.01794	0.76823	0.03516	0.01148	0.01722	0.02655	0.01148	0.02009	0.01363	0.01579	0.00933	0.01076	0.00861	0.00574	0.00431	0.00144	0.00718	0.00359	0.00287	0.00861
19	0.01468	0.01468	0.02055	0.01762	0.01762	0.02055	0.01468	0.01615	0.01028	0.01615	0.00881	0.01468	0.00881	0.01174	0.02202	0.00294	0.75191	0.00587	0.00294	0.00734
20	0.00903	0.00698	0.00759	0.00760	0.00955	0.00629	0.00564	0.01180	0.04538	0.02062	0.17291	0.13153	0.43755	0.01567	0.00765	0.00222	0.00347	0.01333	0.07917	0.00602
21	0.81159	0.01298	0.00986	0.00882	0.01298	0.01505	0.00727	0.01972	0.01142	0.03010	0.00934	0.01090	0.00727	0.00623	0.00415	0.00208	0.00519	0.00363	0.00415	0.00727
22	0.02073	0.02311	0.01461	0.01348	0.01629	0.48516	0.01011	0.02295	0.01731	0.01939	0.01434	0.01655	0.01159	0.00723	0.00558	0.00167	0.00901	0.00499	0.27865	0.00725
23	0.02429	0.03065	0.01857	0.01702	0.02037	0.69737	0.01285	0.02609	0.01882	0.01662	0.01175	0.01558	0.01028	0.00755	0.00623	0.00180	0.01178	0.04111	0.00361	0.00769
24	0.01948	0.02299	0.01654	0.01527	0.01778	0.45833	0.01165	0.02140	0.01582	0.01614	0.01265	0.01675	0.01121	0.02087	0.23665	0.00465	0.06585	0.00533	0.00346	0.00719
25	0.00818	0.00584	0.00779	0.00934	0.00973	0.00545	0.00623	0.00934	0.01285	0.01713	0.03698	0.75981	0.04438	0.02102	0.00856	0.00273	0.00389	0.01908	0.00623	0.00545
26	0.00976	0.00651	0.00732	0.00732	0.00732	0.00651	0.00407	0.00976	0.00976	0.01301	0.02114	0.04391	0.02439	0.76419	0.03415	0.00651	0.00651	0.00976	0.00407	0.00407
27	0.01144	0.00984	0.01466	0.04517	0.03845	0.00977	0.09642	0.01654	0.12879	0.02027	0.05016	0.41622	0.03176	0.01470	0.00779	0.00241	0.00547	0.01355	0.00562	0.06098
28	0.04124	0.07336	0.06339	0.06753	0.12845	0.28223	0.01457	0.07695	0.01754	0.07504	0.01356	0.01707	0.01105	0.00862	0.02701	0.00221	0.03830	0.02901	0.00406	0.00881
29	0.03010	0.01142	0.01557	0.01194	0.01713	0.00986	0.00986	0.03270	0.01920	0.72698	0.02647	0.02284	0.01661	0.00830	0.00675	0.00208	0.00571	0.00675	0.00830	0.01142

[dist]
# distance from previous block
# <min> <max>
0	1

[block]
# block no. 4 follows, 32 sequences, length 15
# corresponding to MSA columns:
# 128-142
name=unknown_E
#
# <colnr> <probs for GDERKNQSTAVLIFYWHMCP>
#	G	D	E	R	K	N	Q	S	T	A	V	L	I	F	Y	W	H	M	C	P
0	0.01303	0.01755	0.21629	0.04114	0.17127	0.01223	0.04575	0.01783	0.05350	0.02047	0.06545	0.08195	0.06341	0.01126	0.00912	0.08373	0.00729	0.05635	0.00420	0.00819
1	0.01478	0.01497	0.02216	0.01852	0.01909	0.02025	0.07239	0.01660	0.01075	0.01660	0.00921	0.01497	0.00892	0.01123	0.02083	0.00288	0.68935	0.00604	0.00297	0.00748
2	0.00837	0.00670	0.00726	0.00749	0.00923	0.00586	0.00545	0.00995	0.01458	0.01793	0.08633	0.14139	0.50465	0.09916	0.01094	0.00282	0.00392	0.04642	0.00604	0.00552
3	0.00943	0.00690	0.00888	0.00850	0.01013	0.00634	0.00645	0.01247	0.01851	0.02584	0.63076	0.05259	0.11699	0.01423	0.00798	0.00217	0.00333	0.04501	0.00723	0.00627
4	0.81159	0.01298	0.00986	0.00882	0.01298	0.01505	0.00727	0.01972	0.01142	0.03010	0.00934	0.01090	0.00727	0.00623	0.00415	0.00208	0.00519	0.00363	0.00415	0.00727
5	0.01634	0.01123	0.01390	0.01216	0.01449	0.01261	0.00948	0.10247	0.11237	0.12915	0.02254	0.05054	0.05222	0.14102	0.15146	0.00462	0.12208	0.00798	0.00534	0.00799
6	0.01770	0.06761	0.01502	0.01145	0.01487	0.06619	0.03198	0.18887	0.11274	0.02829	0.01917	0.02062	0.01473	0.00776	0.00566	0.00180	0.00569	0.00610	0.35525	0.00849
7	0.01099	0.00727	0.00881	0.00829	0.01029	0.00651	0.00624	0.01335	0.01691	0.08799	0.35961	0.05267	0.26641	0.07798	0.01008	0.00257	0.00387	0.03700	0.00677	0.00639
8	0.02181	0.01884	0.05812	0.01787	0.02285	0.01994	0.11560	0.46031	0.02508	0.03413	0.01441	0.01609	0.01068	0.00818	0.00923	0.00220	0.12261	0.00624	0.00545	0.01036
9	0.01468	0.01389	0.01925	0.16717	0.05827	0.06723	0.08167	0.05877	0.01377	0.01861	0.01377	0.02151	0.01255	0.13031	0.06739	0.00361	0.19008	0.00672	0.03342	0.00733
10	0.20196	0.01602	0.10555	0.28607	0.19733	0.01550	0.01701	0.01904	0.01336	0.02180	0.01137	0.01535	0.00889	0.00659	0.00667	0.00216	0.03826	0.00529	0.00332	0.00847
11	0.01841	0.37711	0.11672	0.01407	0.01945	0.12874	0.01341	0.05154	0.13773	0.01983	0.01325	0.01425	0.01081	0.00688	0.00595	0.00179	0.03243	0.00475	0.00381	0.00908
12	0.01149	0.01018	0.04419	0.12915	0.10276	0.00960	0.01076	0.04379	0.01489	0.02038	0.07514	0.22534	0.12141	0.04911	0.00863	0.00249	0.00561	0.03088	0.07723	0.00696
13	0.00966	0.00690	0.00931	0.00931	0.01000	0.00759	0.00655	0.01104	0.01035	0.01449	0.01932	0.03380	0.02001	0.35302	0.43932	0.00897	0.01311	0.00828	0.00379	0.00517
14	0.01078	0.00951	0.04719	0.01192	0.04310	0.00929	0.00880	0.01303	0.02900	0.01622	0.02061	0.08964	0.02164	0.27754	0.23571	0.00633	0.06418	0.05547	0.00413	0.02589

[dist]
# distance from previous block
# <min> <max>
10	18

[block]
# block no. 5 follows, 32 sequences, length 21
# corresponding to MSA columns:
# 173-193
name=unknown_F
#
# <colnr> <probs for GDERKNQSTAVLIFYWHMCP>
#	G	D	E	R	K	N	Q	S	T	A	V	L	I	F	Y	W	H	M	C	P
0	0.20139	0.17068	0.16012	0.03797	0.05356	0.09471	0.01386	0.04238	0.01401	0.02148	0.01126	0.01402	0.00929	0.01090	0.07792	0.00282	0.04719	0.00469	0.00345	0.00830
1	0.00905	0.00669	0.00845	0.00832	0.00983	0.00609	0.00612	0.01168	0.01748	0.02404	0.51279	0.15983	0.16411	0.01534	0.00801	0.00223	0.00331	0.01351	0.00703	0.00609
2	0.01330	0.01354	0.07057	0.07173	0.31859	0.01234	0.03266	0.01737	0.03388	0.02128	0.14019	0.05531	0.04585	0.05262	0.06893	0.00306	0.00779	0.00816	0.00434	0.00848
3	0.00915	0.00679	0.00852	0.00820	0.00984	0.00616	0.00611	0.01194	0.01800	0.02482	0.56605	0.09082	0.17940	0.01469	0.00795	0.00217	0.00325	0.01287	0.00712	0.00616
4	0.01069	0.00969	0.03940	0.04614	0.01493	0.00876	0.04826	0.03577	0.06713	0.02167	0.17421	0.15212	0.24186	0.01469	0.00793	0.00238	0.00498	0.08653	0.00606	0.00681
5	0.04461	0.01197	0.01626	0.10659	0.02065	0.01106	0.03693	0.02237	0.01533	0.26550	0.01713	0.01876	0.01253	0.03531	0.00791	0.00192	0.04596	0.00565	0.00528	0.29826
6	0.01711	0.01462	0.01541	0.01374	0.01761	0.01689	0.01072	0.06750	0.67767	0.02875	0.02677	0.02461	0.02005	0.00905	0.00682	0.00226	0.00541	0.00751	0.00682	0.01066
7	0.01391	0.01193	0.01391	0.00994	0.01590	0.00894	0.00795	0.01690	0.01391	0.02186	0.01193	0.01391	0.00994	0.00497	0.00497	0.00099	0.00497	0.00398	0.00398	0.80521
8	0.81159	0.01298	0.00986	0.00882	0.01298	0.01505	0.00727	0.01972	0.01142	0.03010	0.00934	0.01090	0.00727	0.00623	0.00415	0.00208	0.00519	0.00363	0.00415	0.00727
9	0.01468	0.01468	0.02055	0.01762	0.01762	0.02055	0.01468	0.01615	0.01028	0.01615	0.00881	0.01468	0.00881	0.01174	0.02202	0.00294	0.75191	0.00587	0.00294	0.00734
10	0.01630	0.01397	0.01488	0.01357	0.01721	0.01610	0.01063	0.03421	0.66416	0.02754	0.02785	0.02839	0.02168	0.00973	0.00699	0.00233	0.00537	0.05197	0.00678	0.01033
11	0.01524	0.00974	0.01222	0.01164	0.01365	0.02740	0.00896	0.06467	0.01565	0.15976	0.02919	0.37351	0.03064	0.01563	0.00930	0.00254	0.07769	0.08758	0.00622	0.02875
12	0.02143	0.06419	0.13977	0.01701	0.02311	0.03845	0.11215	0.26378	0.09409	0.13265	0.01720	0.01756	0.01222	0.00741	0.00669	0.00206	0.00803	0.00620	0.00552	0.01047
13	0.01559	0.41859	0.02282	0.00983	0.01355	0.01817	0.00902	0.01808	0.01358	0.01944	0.01423	0.01663	0.01200	0.00696	0.00563	0.00159	0.05495	0.00479	0.31696	0.00760
14	0.00936	0.00685	0.00878	0.00830	0.00994	0.00627	0.00622	0.01240	0.01867	0.02614	0.66222	0.05138	0.12036	0.01400	0.00792	0.00212	0.00319	0.01231	0.00729	0.00627
15	0.02259	0.01735	0.01850	0.01485	0.01970	0.01945	0.01205	0.48058	0.25567	0.03759	0.01981	0.01906	0.01441	0.00840	0.00675	0.00210	0.00670	0.00655	0.00675	0.01115
16	0.00944	0.00681	0.00891	0.00848	0.01001	0.00629	0.00633	0.01251	0.01871	0.02645	0.68723	0.08298	0.06243	0.01406	0.00794	0.00214	0.00320	0.01246	0.00733	0.00629
17	0.00842	0.00635	0.00779	0.00841	0.00961	0.00572	0.00593	0.01021	0.01500	0.01973	0.20764	0.39371	0.24082	0.01814	0.00823	0.00245	0.00358	0.01603	0.00650	0.00572
18	0.01135	0.00728	0.00947	0.00868	0.01064	0.00663	0.00660	0.01438	0.01882	0.09211	0.61907	0.04833	0.09400	0.01338	0.00781	0.00212	0.00342	0.01174	0.00741	0.00677
19	0.04632	0.12327	0.13338	0.12372	0.10099	0.09191	0.09268	0.04165	0.01525	0.04452	0.01599	0.01867	0.05673	0.00856	0.02799	0.00229	0.03774	0.00605	0.00366	0.00864
20	0.04567	0.08167	0.01870	0.01537	0.04303	0.20822	0.01176	0.13924	0.29026	0.02612	0.04037	0.01903	0.01548	0.00802	0.00634	0.00200	0.00762	0.00610	0.00540	0.00959

[dist]
# distance from previous block
# <min> <max>
1	8

[block]
# block no. 6 follows, 32 sequences, length 22
# corresponding to MSA columns:
# 212-233
name=unknown_G
#
# <colnr> <probs for GDERKNQSTAVLIFYWHMCP>
#	G	D	E	R	K	N	Q	S	T	A	V	L	I	F	Y	W	H	M	C	P
0	0.00929	0.00706	0.00848	0.00814	0.00985	0.00656	0.00602	0.01224	0.03837	0.02282	0.42313	0.05207	0.24886	0.07394	0.04124	0.00287	0.00419	0.01219	0.00661	0.00608
1	0.17039	0.01278	0.01416	0.01143	0.01597	0.06364	0.00929	0.02803	0.01775	0.48245	0.08690	0.02243	0.01869	0.00833	0.00633	0.00205	0.00584	0.00651	0.00711	0.00992
2	0.00902	0.06237	0.00943	0.00773	0.00993	0.00731	0.00593	0.01102	0.01574	0.01974	0.19980	0.12205	0.46485	0.01584	0.00772	0.00221	0.00367	0.01341	0.00623	0.00600
3	0.01705	0.01255	0.01447	0.01412	0.06711	0.01373	0.01017	0.02984	0.43951	0.10413	0.08133	0.02620	0.02238	0.00900	0.00662	0.00213	0.00510	0.00758	0.10716	0.00981
4	0.75413	0.01340	0.01061	0.00931	0.01355	0.01547	0.00767	0.06944	0.01289	0.03100	0.00984	0.01128	0.00757	0.00636	0.00434	0.00207	0.00535	0.00381	0.00434	0.00757
5	0.01794	0.76823	0.03516	0.01148	0.01722	0.02655	0.01148	0.02009	0.01363	0.01579	0.00933	0.01076	0.00861	0.00574	0.00431	0.00144	0.00718	0.00359	0.00287	0.00861
6	0.00818	0.00584	0.00779	0.00934	0.00973	0.00545	0.00623	0.00934	0.01285	0.01713	0.03698	0.75981	0.04438	0.02102	0.00856	0.00273	0.00389	0.01908	0.00623	0.00545
7	0.00976	0.00651	0.00732	0.00732	0.00732	0.00651	0.00407	0.00976	0.00976	0.01301	0.02114	0.04391	0.02439	0.76419	0.03415	0.00651	0.00651	0.00976	0.00407	0.00407
8	0.01346	0.03471	0.72942	0.01912	0.02904	0.01558	0.02479	0.02125	0.01417	0.02125	0.01204	0.01417	0.00850	0.00637	0.00637	0.00212	0.00992	0.00496	0.00283	0.00992
9	0.01640	0.01588	0.02330	0.24379	0.36752	0.07973	0.03791	0.05374	0.01583	0.02119	0.01291	0.01705	0.01033	0.00647	0.00655	0.00203	0.00844	0.00590	0.04584	0.00920
10	0.01345	0.05320	0.45417	0.06716	0.08744	0.01478	0.06262	0.01954	0.01444	0.02084	0.07009	0.01938	0.01420	0.05070	0.00817	0.00236	0.00893	0.00611	0.00336	0.00909
11	0.01486	0.06815	0.56486	0.04319	0.02879	0.03835	0.07835	0.02169	0.01460	0.04824	0.01254	0.01472	0.00898	0.00639	0.00641	0.00209	0.00977	0.00522	0.00312	0.00969
12	0.01794	0.76823	0.03516	0.01148	0.01722	0.02655	0.01148	0.02009	0.01363	0.01579	0.00933	0.01076	0.00861	0.00574	0.00431	0.00144	0.00718	0.00359	0.00287	0.00861
13	0.00816	0.00646	0.00735	0.00785	0.00939	0.00565	0.00561	0.00981	0.01478	0.01859	0.11785	0.30869	0.41988	0.01811	0.00815	0.00241	0.00355	0.01571	0.00634	0.00565
14	0.01507	0.10615	0.09724	0.05406	0.06676	0.03588	0.04826	0.03614	0.09772	0.07381	0.08684	0.10452	0.04155	0.09509	0.00989	0.00261	0.00676	0.00852	0.00494	0.00820
15	0.02158	0.35628	0.02720	0.01508	0.01984	0.33939	0.04864	0.04603	0.01688	0.03783	0.01074	0.01227	0.00903	0.00641	0.00542	0.00165	0.00954	0.00432	0.00344	0.00844
16	0.01658	0.11756	0.17911	0.01398	0.02067	0.01418	0.05841	0.04843	0.04517	0.08820	0.01391	0.01524	0.01060	0.00605	0.00571	0.00159	0.00697	0.00490	0.00417	0.32857
17	0.04108	0.04045	0.08344	0.07077	0.02277	0.08015	0.06273	0.26785	0.08954	0.05859	0.01625	0.03327	0.01252	0.01058	0.05296	0.00264	0.03335	0.00632	0.00513	0.00962
18	0.00818	0.00660	0.00730	0.00772	0.00946	0.00572	0.00565	0.00987	0.01488	0.01839	0.09154	0.23581	0.49481	0.01788	0.00814	0.00240	0.00361	0.04010	0.00629	0.00566
19	0.01166	0.00583	0.00874	0.00874	0.00874	0.00583	0.00583	0.00874	0.00874	0.01166	0.01166	0.02040	0.01166	0.02331	0.02622	0.80478	0.00583	0.00583	0.00291	0.00291
20	0.01309	0.01319	0.04953	0.08824	0.28785	0.01231	0.10399	0.01663	0.01471	0.01997	0.02535	0.16267	0.10808	0.01083	0.00746	0.00228	0.00715	0.04404	0.00433	0.00831
21	0.01905	0.15895	0.19002	0.01592	0.04893	0.11482	0.01486	0.17308	0.03846	0.05206	0.03362	0.01646	0.01219	0.00928	0.04223	0.00233	0.00873	0.00541	0.03420	0.00940

[dist]
# distance from previous block
# <min> <max>
0	1

[block]
# block no. 7 follows, 32 sequences, length 37
# corresponding to MSA columns:
# 235-271
name=unknown_H
#
# <colnr> <probs for GDERKNQSTAVLIFYWHMCP>
#	G	D	E	R	K	N	Q	S	T	A	V	L	I	F	Y	W	H	M	C	P
0	0.36044	0.01208	0.01316	0.01062	0.01537	0.01206	0.00876	0.02721	0.01591	0.43240	0.01923	0.01779	0.01266	0.00743	0.00565	0.00208	0.00549	0.00543	0.00655	0.00966
1	0.56918	0.01348	0.01173	0.01038	0.01434	0.04197	0.02693	0.02179	0.10534	0.04967	0.01549	0.04762	0.03373	0.00767	0.00508	0.00213	0.00554	0.00541	0.00475	0.00778
2	0.02109	0.01600	0.01770	0.01436	0.03790	0.01686	0.01132	0.46834	0.04948	0.03541	0.04538	0.05381	0.04071	0.00870	0.00662	0.00191	0.00648	0.00690	0.00618	0.13485
3	0.01469	0.22159	0.49180	0.04537	0.02694	0.01844	0.05251	0.02081	0.01408	0.01970	0.01141	0.01362	0.00862	0.00619	0.00593	0.00196	0.00924	0.00478	0.00287	0.00945
4	0.01724	0.22199	0.02186	0.01401	0.01765	0.17923	0.06855	0.09443	0.01680	0.01978	0.01912	0.24077	0.01997	0.01092	0.00657	0.00203	0.00766	0.00912	0.00450	0.00781
5	0.01424	0.01901	0.22247	0.08338	0.06564	0.01265	0.10624	0.01903	0.01444	0.04511	0.01477	0.05807	0.01246	0.00706	0.00640	0.00185	0.00776	0.02543	0.00378	0.26021
6	0.01599	0.04198	0.25299	0.07738	0.27960	0.06180	0.08058	0.04010	0.01528	0.02117	0.01218	0.01551	0.00956	0.00649	0.00725	0.00209	0.04149	0.00565	0.00322	0.00969
7	0.01277	0.00986	0.01354	0.04545	0.04748	0.00997	0.05081	0.08266	0.08066	0.04805	0.13705	0.30225	0.08053	0.01447	0.00783	0.00239	0.00522	0.03543	0.00613	0.00744
8	0.01584	0.01810	0.03959	0.02828	0.03507	0.01697	0.69796	0.02149	0.01584	0.02149	0.01357	0.01810	0.01018	0.00566	0.00792	0.00226	0.01131	0.00792	0.00339	0.00905
9	0.01778	0.01643	0.13677	0.24715	0.04959	0.01411	0.05793	0.10671	0.01738	0.15841	0.04776	0.02174	0.01449	0.00913	0.02947	0.00244	0.00833	0.03040	0.00481	0.00917
10	0.01514	0.01463	0.09732	0.04447	0.16753	0.01241	0.10105	0.05790	0.03357	0.08930	0.04160	0.12964	0.08089	0.01258	0.04817	0.00272	0.00773	0.02977	0.00490	0.00869
11	0.01973	0.02272	0.06733	0.01646	0.02012	0.32533	0.05368	0.09951	0.06690	0.02091	0.01527	0.02129	0.01330	0.01159	0.04960	0.03318	0.06159	0.06911	0.00423	0.00815
12	0.01267	0.01193	0.02013	0.74806	0.04621	0.01491	0.01863	0.01714	0.01342	0.01714	0.01193	0.01789	0.00894	0.00671	0.00671	0.00224	0.00894	0.00596	0.00298	0.00745
13	0.01843	0.04218	0.01873	0.05361	0.09041	0.07891	0.05319	0.18610	0.03292	0.08754	0.02067	0.12661	0.04209	0.03512	0.02969	0.00254	0.04040	0.00831	0.02376	0.00880
14	0.01423	0.01331	0.04443	0.24973	0.29755	0.01387	0.01694	0.01794	0.01387	0.04223	0.01500	0.04432	0.01315	0.03579	0.09039	0.00329	0.03619	0.02567	0.00358	0.00852
15	0.00858	0.00686	0.00774	0.00783	0.00978	0.00601	0.00598	0.01074	0.01608	0.02035	0.21780	0.09291	0.46983	0.01654	0.00808	0.00233	0.00363	0.07659	0.00650	0.00586
16	0.01299	0.00741	0.00928	0.00910	0.01118	0.00654	0.00670	0.01477	0.01539	0.17337	0.09189	0.34575	0.23653	0.01655	0.00794	0.00241	0.00409	0.01446	0.00677	0.00688
17	0.01859	0.09822	0.17232	0.04569	0.14819	0.19986	0.06411	0.04326	0.01647	0.06204	0.01501	0.04074	0.03179	0.00730	0.00640	0.00196	0.00920	0.00596	0.00379	0.00909
18	0.01015	0.00714	0.00902	0.00980	0.01108	0.00691	0.00719	0.01293	0.06000	0.04903	0.03871	0.42418	0.13579	0.04505	0.04322	0.00315	0.00506	0.10925	0.00616	0.00617
19	0.02498	0.01029	0.01340	0.01067	0.01489	0.00922	0.00868	0.04754	0.01856	0.51718	0.07889	0.02517	0.02019	0.00862	0.00644	0.00198	0.00506	0.00705	0.16117	0.01003
20	0.04704	0.54516	0.09679	0.01298	0.01879	0.10067	0.01282	0.06497	0.01534	0.01860	0.01013	0.01158	0.00874	0.00609	0.00484	0.00159	0.00790	0.00396	0.00322	0.00878
21	0.01048	0.00736	0.00999	0.00976	0.01020	0.00826	0.00692	0.01084	0.01017	0.01411	0.01876	0.05721	0.03684	0.26679	0.24723	0.17569	0.08266	0.00821	0.00370	0.00483
22	0.00800	0.00680	0.00689	0.00687	0.00911	0.00569	0.00515	0.00976	0.01546	0.01852	0.09683	0.06393	0.69051	0.01685	0.00793	0.00226	0.00339	0.01407	0.00628	0.00569
23	0.00853	0.00682	0.00763	0.00743	0.00943	0.00592	0.00557	0.01080	0.01672	0.02150	0.31824	0.05902	0.46724	0.01573	0.00792	0.00221	0.00331	0.01338	0.00668	0.00592
24	0.01391	0.01193	0.01391	0.00994	0.01590	0.00894	0.00795	0.01690	0.01391	0.02186	0.01193	0.01391	0.00994	0.00497	0.00497	0.00099	0.00497	0.00398	0.00398	0.80521
25	0.81159	0.01298	0.00986	0.00882	0.01298	0.01505	0.00727	0.01972	0.01142	0.03010	0.00934	0.01090	0.00727	0.00623	0.00415	0.00208	0.00519	0.00363	0.00415	0.00727
26	0.01468	0.01468	0.02055	0.01762	0.01762	0.02055	0.01468	0.01615	0.01028	0.01615	0.00881	0.01468	0.00881	0.01174	0.02202	0.00294	0.75191	0.00587	0.00294	0.00734
27	0.81159	0.01298	0.00986	0.00882	0.01298	0.01505	0.00727	0.01972	0.01142	0.03010	0.00934	0.01090	0.00727	0.00623	0.00415	0.00208	0.00519	0.00363	0.00415	0.00727
28	0.07055	0.01357	0.03811	0.05299	0.08155	0.01158	0.06455	0.01863	0.01411	0.05481	0.01251	0.01493	0.01001	0.00573	0.00611	0.00147	0.03285	0.00477	0.00396	0.48723
29	0.09125	0.00892	0.01165	0.03760	0.04534	0.00894	0.01035	0.01539	0.01498	0.05606	0.03243	0.08937	0.08449	0.01536	0.00815	0.00271	0.00587	0.42019	0.00578	0.03517
30	0.00976	0.00651	0.00732	0.00732	0.00732	0.00651	0.00407	0.00976	0.00976	0.01301	0.02114	0.04391	0.02439	0.76419	0.03415	0.00651	0.00651	0.00976	0.00407	0.00407
31	0.01891	0.01604	0.07247	0.14448	0.33875	0.01521	0.03490	0.07990	0.01687	0.15193	0.01522	0.01772	0.01131	0.00689	0.00714	0.00209	0.02950	0.00610	0.00443	0.01015
32	0.01020	0.00814	0.00994	0.01018	0.04352	0.03314	0.00712	0.01313	0.01822	0.02509	0.57301	0.07980	0.11564	0.01372	0.00782	0.00213	0.00377	0.01205	0.00690	0.00649
33	0.01747	0.09484	0.01798	0.01427	0.03945	0.06863	0.01102	0.05354	0.48165	0.02568	0.02202	0.02106	0.01685	0.00810	0.00633	0.00202	0.00611	0.00651	0.00581	0.08067
34	0.01863	0.15137	0.18877	0.03822	0.07205	0.09122	0.08551	0.07956	0.01665	0.10077	0.01435	0.04218	0.01137	0.00728	0.00685	0.00198	0.03516	0.00587	0.00410	0.02811
35	0.01636	0.09852	0.23562	0.07662	0.10319	0.04104	0.06688	0.09100	0.03570	0.04633	0.06826	0.01855	0.01436	0.00731	0.00680	0.00203	0.02527	0.00607	0.03080	0.00929
36	0.01211	0.03103	0.04416	0.01170	0.01444	0.03135	0.04140	0.01542	0.03748	0.05056	0.08300	0.08500	0.16720	0.05404	0.00942	0.00271	0.00586	0.26172	0.00574	0.03565

[dist]
# distance from previous block
# <min> <max>
0	395

# created by:
# /home/cegg/simao/soft/augustus-3.2.1/scripts/msa2prfl.pl ./align_prep/EOG090W0KMC.fa
