[name]
unknown

[dist]
# distance from previous block
# <min> <max>
0	60

[block]
# block no. 0 follows, 35 sequences, length 45
# corresponding to MSA columns:
# 74-118
name=unknown_A
#
# <colnr> <probs for GDERKNQSTAVLIFYWHMCP>
#	G	D	E	R	K	N	Q	S	T	A	V	L	I	F	Y	W	H	M	C	P
0	0.07223	0.01503	0.10845	0.09031	0.23737	0.04162	0.01437	0.03261	0.02925	0.04142	0.07445	0.07763	0.01795	0.00840	0.00637	0.00199	0.00672	0.05489	0.00413	0.06481
1	0.06695	0.01353	0.01756	0.16902	0.12427	0.04822	0.04343	0.13567	0.03249	0.03550	0.03981	0.01889	0.02758	0.04673	0.02605	0.00223	0.00716	0.00586	0.00417	0.13489
2	0.01358	0.01306	0.04764	0.12310	0.06783	0.06196	0.04993	0.12520	0.01745	0.02286	0.18675	0.05179	0.15301	0.01020	0.00723	0.00204	0.02522	0.00868	0.00503	0.00744
3	0.06817	0.00903	0.01129	0.01058	0.03153	0.00922	0.03884	0.05354	0.03319	0.01800	0.03357	0.07209	0.02141	0.37655	0.01935	0.00404	0.03343	0.07542	0.00434	0.07641
4	0.04937	0.01023	0.04631	0.00936	0.01103	0.05981	0.00702	0.02774	0.03724	0.01696	0.05428	0.14450	0.05032	0.34192	0.01781	0.00388	0.00591	0.06033	0.00455	0.04143
5	0.07801	0.12515	0.12386	0.01398	0.01876	0.14473	0.03731	0.05465	0.20434	0.02157	0.01472	0.01568	0.01152	0.00809	0.02923	0.00209	0.02696	0.00514	0.00416	0.06004
6	0.07203	0.23616	0.07334	0.01532	0.05911	0.23716	0.03182	0.07457	0.01562	0.01922	0.01023	0.01208	0.00851	0.00623	0.00595	0.00166	0.04527	0.00424	0.00336	0.06813
7	0.01856	0.07352	0.20958	0.01332	0.01901	0.07373	0.01321	0.05002	0.04113	0.21953	0.01759	0.05216	0.01373	0.00766	0.00603	0.00184	0.00695	0.03827	0.00488	0.11929
8	0.01558	0.31991	0.30214	0.01460	0.02127	0.07977	0.03552	0.02087	0.06353	0.01819	0.01131	0.01280	0.00899	0.00593	0.00525	0.00169	0.00805	0.00434	0.00307	0.04718
9	0.00914	0.00581	0.00787	0.00848	0.00881	0.00573	0.00570	0.00918	0.01070	0.01439	0.05202	0.32748	0.02856	0.15739	0.07211	0.23110	0.00565	0.03105	0.00451	0.00434
10	0.01603	0.57564	0.08938	0.01277	0.05314	0.02140	0.01187	0.03147	0.01336	0.03097	0.01213	0.08363	0.01165	0.00695	0.00482	0.00158	0.00672	0.00511	0.00321	0.00816
11	0.01837	0.06722	0.10117	0.06848	0.20115	0.03589	0.06688	0.17932	0.01827	0.10856	0.04610	0.01732	0.01268	0.00760	0.02137	0.00208	0.00770	0.00587	0.00451	0.00946
12	0.00819	0.00623	0.00764	0.00845	0.00972	0.00568	0.00631	0.00994	0.01383	0.01770	0.09556	0.34213	0.28591	0.01761	0.00796	0.00244	0.00386	0.13946	0.00596	0.00541
13	0.06149	0.01223	0.01641	0.01270	0.01754	0.01163	0.05892	0.09020	0.09547	0.51983	0.02267	0.02044	0.01485	0.00765	0.00635	0.00199	0.00585	0.00635	0.00707	0.01038
14	0.01381	0.01259	0.01947	0.12468	0.28930	0.04921	0.07428	0.01713	0.01483	0.04839	0.10793	0.08909	0.06103	0.00912	0.00686	0.00206	0.00683	0.04107	0.00429	0.00802
15	0.01171	0.01136	0.03473	0.01350	0.03022	0.05502	0.01080	0.01384	0.01068	0.01523	0.01351	0.02005	0.01263	0.03133	0.43525	0.00689	0.25756	0.00615	0.00316	0.00638
16	0.00871	0.00590	0.00724	0.00781	0.00798	0.00579	0.00482	0.00909	0.01035	0.01383	0.02535	0.32353	0.02970	0.43305	0.04297	0.03705	0.00547	0.01242	0.00458	0.00436
17	0.00844	0.00660	0.00769	0.00775	0.00938	0.00602	0.00568	0.01119	0.04907	0.02019	0.28253	0.20049	0.33099	0.01545	0.00757	0.00218	0.00332	0.01340	0.00629	0.00575
18	0.58640	0.01308	0.01133	0.00968	0.01361	0.01493	0.00786	0.16144	0.03686	0.02983	0.01132	0.01354	0.00900	0.05095	0.00614	0.00220	0.00541	0.00435	0.00450	0.00760
19	0.07804	0.02510	0.01669	0.01502	0.01848	0.52003	0.01143	0.05723	0.15984	0.01972	0.01319	0.01398	0.01044	0.00695	0.00577	0.00177	0.00950	0.00473	0.00409	0.00801
20	0.03879	0.01537	0.01689	0.01651	0.09241	0.17605	0.08224	0.05955	0.03074	0.01924	0.02117	0.16348	0.06738	0.02778	0.00842	0.00220	0.06454	0.05349	0.00436	0.03939
21	0.01365	0.01556	0.09814	0.07012	0.03676	0.05700	0.23785	0.01806	0.03908	0.02911	0.01438	0.03213	0.01200	0.03056	0.14670	0.00365	0.06296	0.00657	0.04438	0.03134
22	0.01220	0.01150	0.01942	0.71997	0.08384	0.01415	0.01773	0.01640	0.01279	0.01647	0.01131	0.01684	0.00855	0.00630	0.00634	0.00210	0.00840	0.00564	0.00284	0.00722
23	0.00957	0.00721	0.01018	0.00960	0.01085	0.00765	0.02737	0.01126	0.01024	0.01455	0.01740	0.02904	0.01747	0.27084	0.45328	0.00805	0.01256	0.00736	0.00356	0.06193
24	0.01198	0.01128	0.01903	0.76180	0.04369	0.01409	0.01762	0.01621	0.01268	0.01621	0.01128	0.01691	0.00846	0.00634	0.00634	0.00211	0.00846	0.00564	0.00282	0.00705
25	0.01311	0.10173	0.67868	0.01742	0.02643	0.01569	0.02228	0.01999	0.01335	0.01961	0.01115	0.01310	0.00805	0.00597	0.00585	0.00195	0.00914	0.00457	0.00268	0.00926
26	0.02333	0.02963	0.01803	0.01635	0.01950	0.72429	0.01232	0.02496	0.01767	0.01552	0.00975	0.01153	0.00818	0.00671	0.00628	0.00168	0.03955	0.00414	0.00325	0.00734
27	0.00781	0.00649	0.00686	0.00692	0.00896	0.00554	0.00529	0.00962	0.01476	0.01795	0.11685	0.06067	0.63084	0.01592	0.00758	0.00218	0.00338	0.06096	0.00598	0.00544
28	0.00778	0.00644	0.00682	0.00672	0.00874	0.00548	0.00504	0.00965	0.01513	0.01873	0.19262	0.05843	0.60556	0.01547	0.00749	0.00211	0.00317	0.01302	0.00610	0.00548
29	0.00765	0.00638	0.00667	0.00670	0.00869	0.00540	0.00499	0.00936	0.01467	0.01788	0.12638	0.09781	0.63368	0.01598	0.00753	0.00215	0.00322	0.01345	0.00599	0.00540
30	0.01315	0.01128	0.01315	0.00940	0.01503	0.00846	0.00752	0.01597	0.01315	0.02067	0.01128	0.01315	0.00940	0.00470	0.00470	0.00094	0.00470	0.00376	0.00376	0.81583
31	0.01437	0.01303	0.02091	0.40461	0.27783	0.01466	0.01735	0.08607	0.01507	0.02023	0.01295	0.01894	0.01057	0.00676	0.00644	0.00205	0.00787	0.03849	0.00342	0.00839
32	0.03168	0.01371	0.01368	0.01211	0.01518	0.09899	0.00958	0.14620	0.17640	0.09280	0.04036	0.07216	0.08625	0.02972	0.00795	0.00223	0.03968	0.07221	0.03086	0.00825
33	0.01161	0.01048	0.01119	0.01091	0.01260	0.12130	0.04193	0.01360	0.01455	0.03933	0.14788	0.32759	0.08390	0.01693	0.05491	0.00277	0.00612	0.06092	0.00543	0.00606
34	0.79351	0.01222	0.00952	0.00845	0.01241	0.01406	0.00696	0.01909	0.01106	0.05395	0.00941	0.01071	0.00719	0.00596	0.00401	0.00196	0.00492	0.00354	0.00407	0.00701
35	0.05891	0.01112	0.01318	0.06202	0.01667	0.00909	0.00816	0.01628	0.01330	0.03596	0.04245	0.01490	0.01148	0.00530	0.00492	0.00115	0.00491	0.00426	0.00393	0.66201
36	0.05477	0.00681	0.00833	0.00785	0.00955	0.00639	0.00592	0.01207	0.01721	0.02480	0.62751	0.04663	0.12300	0.01287	0.00728	0.00201	0.00312	0.01121	0.00670	0.00597
37	0.01522	0.06856	0.05430	0.03827	0.15254	0.01467	0.25646	0.05044	0.04965	0.05701	0.01754	0.02013	0.06432	0.00910	0.04897	0.00242	0.02264	0.00675	0.00389	0.04712
38	0.00762	0.00630	0.00668	0.00687	0.00871	0.00536	0.00504	0.00923	0.01433	0.01748	0.09876	0.16393	0.59493	0.01644	0.00758	0.00220	0.00327	0.01395	0.00595	0.00536
39	0.01552	0.01489	0.02542	0.07422	0.70362	0.01503	0.01938	0.01931	0.01436	0.02050	0.01190	0.01576	0.00997	0.00569	0.00628	0.00190	0.00758	0.00565	0.00312	0.00990
40	0.01837	0.01491	0.01580	0.01343	0.01748	0.01699	0.01067	0.24553	0.50999	0.03071	0.02253	0.02105	0.01670	0.00830	0.00642	0.00207	0.00563	0.00672	0.00642	0.01027
41	0.02098	0.08409	0.02042	0.03872	0.08586	0.53535	0.04823	0.02317	0.01696	0.01669	0.04464	0.01388	0.01089	0.00661	0.00584	0.00169	0.01020	0.00474	0.00338	0.00765
42	0.01268	0.06773	0.61333	0.01733	0.02566	0.01455	0.05428	0.01922	0.01355	0.01985	0.03826	0.05057	0.01157	0.00687	0.00615	0.00201	0.00881	0.00563	0.00301	0.00895
43	0.01292	0.03145	0.68264	0.01884	0.02795	0.01485	0.08361	0.02011	0.01353	0.02011	0.01151	0.01372	0.00817	0.00597	0.00615	0.00202	0.00949	0.00493	0.00272	0.00930
44	0.01600	0.01687	0.05974	0.03619	0.63608	0.05771	0.04515	0.01987	0.01462	0.02038	0.01182	0.01540	0.00983	0.00571	0.00628	0.00189	0.00797	0.00558	0.00313	0.00981

[dist]
# distance from previous block
# <min> <max>
0	4

[block]
# block no. 1 follows, 35 sequences, length 36
# corresponding to MSA columns:
# 123-142,150-165
name=unknown_B
#
# <colnr> <probs for GDERKNQSTAVLIFYWHMCP>
#	G	D	E	R	K	N	Q	S	T	A	V	L	I	F	Y	W	H	M	C	P
0	0.05450	0.00891	0.01051	0.00923	0.01172	0.00876	0.00688	0.01971	0.12292	0.21235	0.16374	0.03453	0.07824	0.21452	0.01347	0.00313	0.00489	0.00861	0.00607	0.00731
1	0.01083	0.00683	0.00854	0.00850	0.00963	0.00655	0.00615	0.01234	0.01314	0.07673	0.16475	0.06968	0.07117	0.34483	0.01842	0.00401	0.00518	0.15199	0.00537	0.00537
2	0.01315	0.10850	0.67226	0.01735	0.02633	0.01578	0.02217	0.01998	0.01334	0.01957	0.01113	0.01307	0.00805	0.00597	0.00583	0.00194	0.00911	0.00456	0.00268	0.00925
3	0.02412	0.01777	0.01904	0.01460	0.01967	0.01967	0.01206	0.71633	0.02983	0.03998	0.01523	0.01523	0.01079	0.00762	0.00635	0.00190	0.00698	0.00571	0.00635	0.01079
4	0.01183	0.00591	0.00591	0.00591	0.00739	0.00591	0.00443	0.01478	0.01330	0.02365	0.02069	0.02365	0.01626	0.00739	0.00443	0.00148	0.00296	0.00591	0.81227	0.00591
5	0.09779	0.00990	0.01140	0.00965	0.01305	0.00949	0.00749	0.02111	0.12404	0.22312	0.09797	0.05564	0.08948	0.08995	0.00894	0.00235	0.00476	0.00779	0.00595	0.11012
6	0.06946	0.00660	0.00710	0.00702	0.00732	0.00675	0.00407	0.00992	0.00934	0.01350	0.01916	0.03920	0.02186	0.71990	0.03019	0.00584	0.00606	0.00880	0.00385	0.00407
7	0.01570	0.01507	0.02575	0.03894	0.73748	0.01507	0.01947	0.01947	0.01444	0.02073	0.01193	0.01570	0.01005	0.00565	0.00628	0.00188	0.00754	0.00565	0.00314	0.01005
8	0.02196	0.01639	0.01749	0.01383	0.01845	0.01824	0.01129	0.55619	0.15407	0.03669	0.01743	0.01720	0.01262	0.00778	0.00626	0.00193	0.00641	0.00598	0.04939	0.01039
9	0.01179	0.00711	0.00850	0.00812	0.00994	0.00649	0.00587	0.01387	0.03431	0.13418	0.13392	0.18012	0.23324	0.14079	0.01140	0.00282	0.00415	0.01173	0.03548	0.00618
10	0.01082	0.00805	0.00993	0.01061	0.01242	0.00828	0.00876	0.01607	0.13851	0.02025	0.03468	0.11594	0.10956	0.01516	0.00781	0.00255	0.00499	0.38672	0.07241	0.00647
11	0.02426	0.01670	0.01828	0.01410	0.01909	0.01819	0.01162	0.59826	0.06139	0.12708	0.01696	0.01643	0.01181	0.00769	0.00636	0.00192	0.00669	0.00586	0.00654	0.01075
12	0.01288	0.00746	0.00772	0.00734	0.00921	0.00778	0.00558	0.06817	0.07845	0.02473	0.02149	0.06187	0.01747	0.00816	0.00495	0.00163	0.00348	0.00664	0.63840	0.00661
13	0.00889	0.00645	0.00820	0.00778	0.00920	0.00595	0.00572	0.01153	0.01698	0.02373	0.62506	0.04793	0.10743	0.07617	0.00953	0.00235	0.00327	0.01143	0.00664	0.00576
14	0.00894	0.00647	0.00784	0.00833	0.00988	0.00583	0.00631	0.01079	0.01432	0.04452	0.12091	0.26661	0.32069	0.01678	0.00784	0.00237	0.00384	0.12602	0.00607	0.00564
15	0.82186	0.01227	0.00932	0.00834	0.01227	0.01423	0.00687	0.01865	0.01080	0.02846	0.00883	0.01031	0.00687	0.00589	0.00393	0.00196	0.00491	0.00344	0.00393	0.00687
16	0.00908	0.00672	0.00981	0.00981	0.01081	0.00772	0.00745	0.01108	0.01008	0.01444	0.01735	0.02688	0.01671	0.13383	0.66683	0.00972	0.01571	0.00708	0.00345	0.00545
17	0.75648	0.01215	0.00977	0.00859	0.01259	0.01383	0.00707	0.01966	0.01140	0.08725	0.01017	0.01124	0.00760	0.00605	0.00413	0.00196	0.00495	0.00368	0.00425	0.00719
18	0.00777	0.00567	0.00722	0.00844	0.00901	0.00523	0.00566	0.00889	0.01230	0.01613	0.03799	0.64755	0.12932	0.05531	0.00917	0.00269	0.00374	0.01702	0.00579	0.00512
19	0.82186	0.01227	0.00932	0.00834	0.01227	0.01423	0.00687	0.01865	0.01080	0.02846	0.00883	0.01031	0.00687	0.00589	0.00393	0.00196	0.00491	0.00344	0.00393	0.00687
20	0.11044	0.01059	0.01355	0.01062	0.01516	0.00958	0.00873	0.02833	0.01713	0.61226	0.04038	0.02114	0.01588	0.00775	0.00605	0.00194	0.00516	0.00617	0.04912	0.01001
21	0.02686	0.01044	0.01421	0.01101	0.01564	0.00905	0.00905	0.02936	0.01814	0.68283	0.08346	0.02372	0.01934	0.00827	0.00647	0.00197	0.00520	0.00680	0.00778	0.01040
22	0.00797	0.00638	0.00705	0.00728	0.00899	0.00558	0.00541	0.00967	0.01427	0.01774	0.12360	0.14243	0.49652	0.05683	0.00898	0.00245	0.00360	0.06402	0.00589	0.00535
23	0.82186	0.01227	0.00932	0.00834	0.01227	0.01423	0.00687	0.01865	0.01080	0.02846	0.00883	0.01031	0.00687	0.00589	0.00393	0.00196	0.00491	0.00344	0.00393	0.00687
24	0.00800	0.00552	0.00744	0.00879	0.00912	0.00518	0.00586	0.00879	0.01183	0.01577	0.03299	0.71081	0.03941	0.02005	0.00947	0.06956	0.00383	0.01700	0.00563	0.00496
25	0.00923	0.00615	0.00692	0.00692	0.00692	0.00615	0.00384	0.00923	0.00923	0.01230	0.01999	0.04151	0.02306	0.77705	0.03229	0.00615	0.00615	0.00923	0.00384	0.00384
26	0.01997	0.01571	0.01670	0.01376	0.01809	0.01774	0.01105	0.37683	0.37608	0.03329	0.02050	0.01943	0.01505	0.00811	0.00640	0.00203	0.00601	0.00644	0.00640	0.01042
27	0.02499	0.01373	0.01617	0.01252	0.01714	0.01395	0.01020	0.35144	0.02298	0.35792	0.02005	0.02008	0.01394	0.06475	0.00828	0.00225	0.00620	0.00628	0.00685	0.01028
28	0.06660	0.01748	0.01852	0.01426	0.01928	0.01938	0.01178	0.67917	0.02881	0.03937	0.01489	0.01497	0.01058	0.00752	0.00622	0.00191	0.00687	0.00559	0.00622	0.01058
29	0.00976	0.00657	0.00869	0.00852	0.00998	0.00608	0.00640	0.01240	0.01674	0.05739	0.53343	0.17447	0.05314	0.01423	0.00762	0.00215	0.00341	0.05618	0.00676	0.00606
30	0.08857	0.02428	0.01568	0.01445	0.01740	0.53913	0.01097	0.04139	0.01671	0.01740	0.01302	0.01973	0.01209	0.06473	0.00786	0.00213	0.00981	0.07394	0.00371	0.00700
31	0.01315	0.01128	0.01315	0.00940	0.01503	0.00846	0.00752	0.01597	0.01315	0.02067	0.01128	0.01315	0.00940	0.00470	0.00470	0.00094	0.00470	0.00376	0.00376	0.81583
32	0.02206	0.02205	0.01708	0.01461	0.01858	0.36059	0.01136	0.18442	0.15210	0.06999	0.01508	0.01532	0.01140	0.00715	0.00599	0.00178	0.00848	0.00516	0.00488	0.05191
33	0.00991	0.00732	0.00892	0.00881	0.01047	0.00702	0.00684	0.05641	0.01615	0.02154	0.29672	0.07047	0.18945	0.09685	0.01039	0.00269	0.00429	0.16377	0.00609	0.00588
34	0.02125	0.01154	0.01400	0.01144	0.01574	0.01122	0.00921	0.04621	0.23678	0.37070	0.04855	0.02445	0.04036	0.00842	0.00636	0.00195	0.00512	0.02212	0.00685	0.08773
35	0.10505	0.24114	0.01966	0.01131	0.01549	0.01663	0.02728	0.18936	0.04122	0.05594	0.08954	0.07663	0.05167	0.00857	0.00571	0.00182	0.00578	0.00673	0.00494	0.02554

[dist]
# distance from previous block
# <min> <max>
0	60

[block]
# block no. 2 follows, 35 sequences, length 89
# corresponding to MSA columns:
# 226-265,281-329
name=unknown_C
#
# <colnr> <probs for GDERKNQSTAVLIFYWHMCP>
#	G	D	E	R	K	N	Q	S	T	A	V	L	I	F	Y	W	H	M	C	P
0	0.05114	0.08724	0.35903	0.01555	0.02241	0.01397	0.08390	0.02182	0.03441	0.16581	0.05572	0.01823	0.02896	0.00695	0.00611	0.00196	0.00768	0.00577	0.00424	0.00911
1	0.01530	0.01555	0.06777	0.11090	0.44157	0.01494	0.08544	0.01966	0.03389	0.04433	0.01250	0.01606	0.01004	0.00618	0.00724	0.00198	0.05437	0.00578	0.00333	0.03317
2	0.01620	0.01835	0.04929	0.02483	0.13753	0.11159	0.38971	0.02232	0.10084	0.02051	0.01378	0.01672	0.01062	0.00594	0.00682	0.00200	0.00940	0.00653	0.00360	0.03343
3	0.01485	0.01673	0.03584	0.02560	0.03196	0.01554	0.66799	0.02004	0.01485	0.02034	0.01273	0.01685	0.00961	0.00530	0.00730	0.00206	0.01030	0.00724	0.00324	0.06160
4	0.01657	0.01402	0.01479	0.01307	0.01680	0.01615	0.01023	0.09868	0.65975	0.02782	0.02481	0.02287	0.01855	0.00851	0.00644	0.00213	0.00521	0.00703	0.00644	0.01011
5	0.02293	0.00957	0.01295	0.01035	0.01429	0.00838	0.00838	0.02553	0.01810	0.53836	0.22646	0.02892	0.02825	0.00931	0.00669	0.00197	0.00471	0.00783	0.00761	0.00943
6	0.01258	0.01189	0.02011	0.64576	0.15507	0.01425	0.01792	0.01673	0.01297	0.01693	0.01138	0.01672	0.00871	0.00623	0.00633	0.00208	0.00831	0.00564	0.00287	0.00753
7	0.01286	0.03190	0.70293	0.01859	0.02779	0.01481	0.06377	0.02010	0.01349	0.02010	0.01147	0.01361	0.00813	0.00599	0.00611	0.00202	0.00945	0.00485	0.00271	0.00933
8	0.00863	0.00683	0.00781	0.00750	0.00941	0.00620	0.00565	0.01175	0.05329	0.02156	0.37984	0.05262	0.37749	0.01421	0.00744	0.00207	0.00320	0.01216	0.00644	0.00590
9	0.00854	0.00591	0.00707	0.00766	0.00792	0.00571	0.00471	0.00906	0.01066	0.01411	0.02828	0.33456	0.06780	0.43498	0.02133	0.00451	0.00501	0.01296	0.00477	0.00445
10	0.01186	0.01104	0.01775	0.60498	0.07412	0.01325	0.01593	0.01642	0.04707	0.01704	0.01789	0.02208	0.08975	0.00750	0.00647	0.00211	0.00766	0.00657	0.00335	0.00716
11	0.01376	0.21512	0.57092	0.01632	0.02473	0.01726	0.02037	0.01982	0.01327	0.01883	0.01076	0.01261	0.00806	0.00588	0.00555	0.00185	0.00874	0.00437	0.00269	0.00907
12	0.01002	0.00714	0.00991	0.01133	0.01266	0.00711	0.00971	0.01271	0.01425	0.01857	0.03322	0.11896	0.03643	0.04333	0.00951	0.00301	0.00570	0.62491	0.00578	0.00573
13	0.05672	0.01380	0.02290	0.25129	0.49425	0.01474	0.01826	0.01846	0.01373	0.01979	0.01158	0.01578	0.00941	0.00587	0.00618	0.00196	0.00767	0.00553	0.00309	0.00899
14	0.09029	0.01589	0.01634	0.01501	0.06656	0.10039	0.02530	0.17925	0.26685	0.08497	0.04296	0.02031	0.01572	0.00794	0.00622	0.00200	0.00645	0.02247	0.00566	0.00941
15	0.01825	0.01391	0.01504	0.01298	0.01691	0.01566	0.01025	0.12874	0.55610	0.10189	0.02426	0.02228	0.01779	0.00839	0.00643	0.00210	0.00533	0.00689	0.00658	0.01022
16	0.01613	0.01259	0.01398	0.01274	0.01611	0.01409	0.01024	0.09693	0.47402	0.06369	0.02633	0.03256	0.02185	0.01030	0.00691	0.00228	0.00540	0.14818	0.00639	0.00929
17	0.01056	0.00879	0.01170	0.01142	0.01208	0.01029	0.00869	0.04804	0.01286	0.01789	0.07466	0.42276	0.04764	0.01599	0.01176	0.00256	0.23115	0.03005	0.00506	0.00606
18	0.20360	0.01635	0.01665	0.01311	0.01787	0.01828	0.01080	0.52976	0.05539	0.03681	0.01424	0.01448	0.01027	0.00727	0.00581	0.00193	0.00643	0.00526	0.00581	0.00987
19	0.00980	0.00789	0.01162	0.01119	0.01215	0.00970	0.00885	0.01193	0.01012	0.01481	0.01566	0.02322	0.01470	0.04196	0.63935	0.00905	0.13223	0.00661	0.00330	0.00586
20	0.21686	0.01115	0.01344	0.01059	0.01526	0.01049	0.00874	0.02800	0.01641	0.57247	0.02118	0.01891	0.01361	0.00739	0.00580	0.00196	0.00528	0.00568	0.00692	0.00986
21	0.01570	0.01507	0.02575	0.03894	0.73748	0.01507	0.01947	0.01947	0.01444	0.02073	0.01193	0.01570	0.01005	0.00565	0.00628	0.00188	0.00754	0.00565	0.00314	0.01005
22	0.02374	0.02885	0.01810	0.01615	0.01962	0.67028	0.01224	0.10209	0.01929	0.01824	0.01041	0.01186	0.00846	0.00666	0.00579	0.00166	0.01094	0.00427	0.00361	0.00774
23	0.00923	0.00615	0.00692	0.00692	0.00692	0.00615	0.00384	0.00923	0.00923	0.01230	0.01999	0.04151	0.02306	0.77705	0.03229	0.00615	0.00615	0.00923	0.00384	0.00384
24	0.02846	0.01080	0.01472	0.01129	0.01619	0.00932	0.00932	0.03092	0.01816	0.74187	0.02503	0.02159	0.01570	0.00785	0.00638	0.00196	0.00540	0.00638	0.00785	0.01080
25	0.00943	0.00653	0.00828	0.00862	0.01010	0.00598	0.00653	0.01154	0.01502	0.05421	0.24351	0.25815	0.19841	0.01608	0.00781	0.00234	0.00380	0.12154	0.00629	0.00582
26	0.00812	0.00632	0.00713	0.00714	0.00869	0.00560	0.00513	0.00987	0.01461	0.01877	0.23889	0.12403	0.40501	0.10012	0.01031	0.00259	0.00352	0.01285	0.00596	0.00534
27	0.82186	0.01227	0.00932	0.00834	0.01227	0.01423	0.00687	0.01865	0.01080	0.02846	0.00883	0.01031	0.00687	0.00589	0.00393	0.00196	0.00491	0.00344	0.00393	0.00687
28	0.04379	0.00875	0.01108	0.00934	0.01235	0.00800	0.00719	0.02197	0.01495	0.40292	0.02363	0.07164	0.01902	0.16365	0.01138	0.00279	0.00506	0.02173	0.13270	0.00807
29	0.01088	0.00683	0.00884	0.00832	0.01006	0.00621	0.00621	0.01340	0.01678	0.10293	0.50068	0.13799	0.10064	0.03164	0.00803	0.00218	0.00344	0.01183	0.00679	0.00632
30	0.00951	0.00612	0.00681	0.00681	0.00697	0.00612	0.00391	0.00984	0.00968	0.01356	0.02007	0.03953	0.02231	0.69156	0.02919	0.00563	0.00580	0.00886	0.09364	0.00407
31	0.02448	0.01475	0.01691	0.01312	0.01791	0.01544	0.01078	0.42262	0.06181	0.27197	0.04987	0.01917	0.01497	0.00798	0.00641	0.00194	0.00618	0.00626	0.00688	0.01055
32	0.25504	0.01113	0.01275	0.01027	0.01470	0.01082	0.00843	0.02644	0.04622	0.47049	0.02233	0.02037	0.04860	0.00772	0.00573	0.00198	0.00513	0.00591	0.00657	0.00937
33	0.00870	0.00647	0.00810	0.00769	0.00931	0.00587	0.00577	0.01144	0.01730	0.02389	0.60909	0.04994	0.18586	0.01355	0.00749	0.00202	0.00303	0.01183	0.00678	0.00587
34	0.10260	0.03053	0.66255	0.01700	0.02577	0.01468	0.02160	0.01993	0.01311	0.02102	0.01110	0.01305	0.00791	0.00601	0.00579	0.00200	0.00888	0.00455	0.00282	0.00910
35	0.01183	0.00591	0.00591	0.00591	0.00739	0.00591	0.00443	0.01478	0.01330	0.02365	0.02069	0.02365	0.01626	0.00739	0.00443	0.00148	0.00296	0.00591	0.81227	0.00591
36	0.01959	0.01205	0.01346	0.01136	0.01505	0.02852	0.00903	0.10933	0.26937	0.23577	0.07255	0.02344	0.01940	0.00835	0.00618	0.00195	0.00507	0.00682	0.12329	0.00941
37	0.00750	0.00643	0.00643	0.00643	0.00857	0.00536	0.00482	0.00910	0.01446	0.01714	0.06427	0.06105	0.73490	0.01607	0.00750	0.00214	0.00321	0.01339	0.00589	0.00536
38	0.01272	0.03281	0.74418	0.01808	0.02746	0.01473	0.02344	0.02009	0.01339	0.02009	0.01138	0.01339	0.00804	0.00603	0.00603	0.00201	0.00938	0.00469	0.00268	0.00938
39	0.02345	0.01744	0.01866	0.01446	0.01942	0.01936	0.01190	0.66175	0.08549	0.03891	0.01608	0.01591	0.01147	0.00769	0.00635	0.00192	0.00682	0.00583	0.00635	0.01073
40	0.01596	0.01057	0.01576	0.01536	0.09335	0.01157	0.03770	0.04819	0.01350	0.18854	0.01681	0.02077	0.01361	0.02485	0.32495	0.00557	0.12424	0.00637	0.00445	0.00788
41	0.01240	0.01154	0.01851	0.67862	0.04067	0.01428	0.01678	0.01815	0.09192	0.01736	0.01289	0.01766	0.00967	0.00659	0.00636	0.00212	0.00807	0.00581	0.00322	0.00738
42	0.82186	0.01227	0.00932	0.00834	0.01227	0.01423	0.00687	0.01865	0.01080	0.02846	0.00883	0.01031	0.00687	0.00589	0.00393	0.00196	0.00491	0.00344	0.00393	0.00687
43	0.01375	0.01260	0.02044	0.09792	0.46353	0.01285	0.01562	0.01808	0.05007	0.02171	0.18478	0.02376	0.02224	0.00761	0.00658	0.00195	0.00642	0.00711	0.00419	0.00880
44	0.02179	0.01688	0.01740	0.01404	0.01857	0.05630	0.01135	0.44697	0.23662	0.06479	0.01853	0.01783	0.01342	0.00787	0.00635	0.00197	0.00656	0.00609	0.00628	0.01039
45	0.01771	0.69749	0.03155	0.01146	0.01665	0.10580	0.01101	0.01970	0.01346	0.01499	0.00893	0.01032	0.00814	0.00555	0.00425	0.00139	0.00730	0.00347	0.00278	0.00805
46	0.01065	0.00551	0.00816	0.00833	0.00837	0.00547	0.00555	0.00833	0.00870	0.01159	0.01368	0.10300	0.01446	0.02180	0.02294	0.72514	0.00531	0.00690	0.00310	0.00302
47	0.01428	0.01353	0.02294	0.26794	0.48531	0.01443	0.01848	0.01816	0.01389	0.01921	0.01266	0.01850	0.01068	0.00638	0.00641	0.00200	0.00776	0.03538	0.00315	0.00891
48	0.02190	0.02759	0.01669	0.01524	0.01839	0.66869	0.01143	0.02353	0.01759	0.01571	0.01586	0.01695	0.08890	0.00760	0.00592	0.00169	0.01053	0.00512	0.00356	0.00713
49	0.68987	0.01462	0.09121	0.00966	0.01418	0.01437	0.00888	0.01960	0.04845	0.02743	0.01000	0.01135	0.00765	0.00605	0.00429	0.00198	0.00541	0.00377	0.00392	0.00731
50	0.01785	0.01317	0.01441	0.01265	0.01645	0.01472	0.00992	0.03325	0.61041	0.14337	0.02569	0.02333	0.01877	0.00848	0.00644	0.00212	0.00508	0.00704	0.00668	0.01016
51	0.00988	0.00706	0.00993	0.00983	0.01112	0.00803	0.00761	0.03836	0.01137	0.01674	0.01811	0.05668	0.01684	0.04040	0.60850	0.00858	0.01448	0.00714	0.09347	0.00586
52	0.02846	0.01080	0.01472	0.01129	0.01619	0.00932	0.00932	0.03092	0.01816	0.74187	0.02503	0.02159	0.01570	0.00785	0.00638	0.00196	0.00540	0.00638	0.00785	0.01080
53	0.82186	0.01227	0.00932	0.00834	0.01227	0.01423	0.00687	0.01865	0.01080	0.02846	0.00883	0.01031	0.00687	0.00589	0.00393	0.00196	0.00491	0.00344	0.00393	0.00687
54	0.51880	0.01154	0.01114	0.00934	0.01351	0.01223	0.00768	0.02260	0.01359	0.27311	0.04192	0.01559	0.01191	0.00683	0.00490	0.00196	0.00500	0.00475	0.00539	0.00818
55	0.00853	0.00633	0.00785	0.00782	0.00920	0.00577	0.00572	0.01079	0.01581	0.02148	0.43573	0.16197	0.19297	0.05469	0.00891	0.00235	0.00338	0.02871	0.00640	0.00561
56	0.01719	0.01331	0.01439	0.01273	0.01646	0.01506	0.00996	0.03340	0.64739	0.10600	0.02573	0.02344	0.01896	0.00852	0.00645	0.00213	0.00506	0.00708	0.00661	0.01013
57	0.82186	0.01227	0.00932	0.00834	0.01227	0.01423	0.00687	0.01865	0.01080	0.02846	0.00883	0.01031	0.00687	0.00589	0.00393	0.00196	0.00491	0.00344	0.00393	0.00687
58	0.79507	0.01222	0.00951	0.00844	0.01240	0.01407	0.00695	0.01906	0.01104	0.05255	0.00938	0.01069	0.00717	0.00596	0.00401	0.00196	0.00492	0.00353	0.00406	0.00700
59	0.00796	0.00597	0.00744	0.00843	0.00942	0.00545	0.00603	0.00946	0.01325	0.01712	0.07387	0.48574	0.22497	0.01834	0.00798	0.00247	0.00373	0.08113	0.00593	0.00531
60	0.00752	0.00633	0.00653	0.00668	0.00864	0.00533	0.00493	0.00908	0.01422	0.01704	0.06118	0.13612	0.66183	0.01647	0.00756	0.00219	0.00326	0.01388	0.00589	0.00533
61	0.82186	0.01227	0.00932	0.00834	0.01227	0.01423	0.00687	0.01865	0.01080	0.02846	0.00883	0.01031	0.00687	0.00589	0.00393	0.00196	0.00491	0.00344	0.00393	0.00687
62	0.00772	0.00555	0.00733	0.00876	0.00918	0.00516	0.00586	0.00884	0.01221	0.01622	0.03583	0.75189	0.06242	0.01976	0.00808	0.00256	0.00367	0.01790	0.00589	0.00516
63	0.01198	0.01128	0.01903	0.76180	0.04369	0.01409	0.01762	0.01621	0.01268	0.01621	0.01128	0.01691	0.00846	0.00634	0.00634	0.00211	0.00846	0.00564	0.00282	0.00705
64	0.10522	0.01094	0.01420	0.01100	0.01581	0.00980	0.00909	0.02973	0.01745	0.67286	0.02346	0.02050	0.01485	0.00766	0.00614	0.00196	0.00535	0.00609	0.00747	0.01042
65	0.82186	0.01227	0.00932	0.00834	0.01227	0.01423	0.00687	0.01865	0.01080	0.02846	0.00883	0.01031	0.00687	0.00589	0.00393	0.00196	0.00491	0.00344	0.00393	0.00687
66	0.01064	0.00683	0.00855	0.00809	0.00998	0.00610	0.00607	0.01301	0.01643	0.10192	0.41121	0.13931	0.20977	0.01399	0.00744	0.00210	0.00340	0.01218	0.00669	0.00627
67	0.01559	0.01496	0.02554	0.06097	0.71634	0.01504	0.01941	0.01937	0.01439	0.02059	0.01191	0.01574	0.01000	0.00567	0.00628	0.00189	0.00756	0.00565	0.00313	0.00996
68	0.02846	0.01080	0.01472	0.01129	0.01619	0.00932	0.00932	0.03092	0.01816	0.74187	0.02503	0.02159	0.01570	0.00785	0.00638	0.00196	0.00540	0.00638	0.00785	0.01080
69	0.79848	0.01223	0.00948	0.00843	0.01238	0.01409	0.00694	0.01901	0.01101	0.04949	0.00931	0.01064	0.00713	0.00595	0.00400	0.00196	0.00492	0.00352	0.00404	0.00699
70	0.00787	0.00618	0.00715	0.00772	0.00916	0.00546	0.00564	0.00949	0.01392	0.01752	0.09925	0.30594	0.40105	0.01726	0.00779	0.00233	0.00354	0.06140	0.00596	0.00536
71	0.00866	0.00626	0.00725	0.00723	0.00814	0.00585	0.00478	0.00990	0.01295	0.01717	0.22050	0.10160	0.19585	0.34567	0.01829	0.00387	0.00446	0.01142	0.00529	0.00485
72	0.82186	0.01227	0.00932	0.00834	0.01227	0.01423	0.00687	0.01865	0.01080	0.02846	0.00883	0.01031	0.00687	0.00589	0.00393	0.00196	0.00491	0.00344	0.00393	0.00687
73	0.08560	0.01090	0.01433	0.01107	0.01591	0.00968	0.00915	0.03003	0.01763	0.69049	0.02386	0.02078	0.01507	0.00771	0.00620	0.00196	0.00536	0.00617	0.00757	0.01051
74	0.02419	0.00980	0.01335	0.01088	0.01492	0.00858	0.00884	0.02654	0.01725	0.58591	0.05725	0.11202	0.02183	0.01001	0.00676	0.00209	0.00512	0.04752	0.00747	0.00965
75	0.73325	0.01288	0.01040	0.00904	0.01309	0.01484	0.00745	0.09615	0.01291	0.02974	0.00954	0.01085	0.00731	0.00608	0.00419	0.00196	0.00514	0.00369	0.00419	0.00731
76	0.09949	0.00683	0.00719	0.00708	0.00751	0.00705	0.00418	0.01027	0.00940	0.01410	0.01875	0.03805	0.02126	0.69139	0.02914	0.00569	0.00601	0.00858	0.00385	0.00418
77	0.02846	0.01080	0.01472	0.01129	0.01619	0.00932	0.00932	0.03092	0.01816	0.74187	0.02503	0.02159	0.01570	0.00785	0.00638	0.00196	0.00540	0.00638	0.00785	0.01080
78	0.02763	0.01061	0.01445	0.01115	0.01591	0.00918	0.00918	0.03010	0.01815	0.71115	0.05544	0.02270	0.01760	0.00807	0.00643	0.00196	0.00529	0.00660	0.00781	0.01059
79	0.00923	0.00615	0.00692	0.00692	0.00692	0.00615	0.00384	0.00923	0.00923	0.01230	0.01999	0.04151	0.02306	0.77705	0.03229	0.00615	0.00615	0.00923	0.00384	0.00384
80	0.02230	0.01641	0.01774	0.01396	0.01851	0.01806	0.01137	0.63774	0.02786	0.03734	0.01742	0.09939	0.01425	0.00898	0.00654	0.00198	0.00661	0.00708	0.00630	0.01016
81	0.01601	0.01374	0.01447	0.01296	0.01658	0.01588	0.01010	0.05227	0.70709	0.02690	0.02553	0.02344	0.01913	0.00858	0.00645	0.00214	0.00507	0.00713	0.00645	0.01006
82	0.01812	0.00850	0.01130	0.00949	0.01261	0.00751	0.00751	0.02073	0.01771	0.36486	0.34247	0.05600	0.07429	0.01090	0.00698	0.00200	0.00417	0.00934	0.00731	0.00821
83	0.00999	0.00695	0.00758	0.00723	0.00963	0.00590	0.00558	0.01180	0.01503	0.09807	0.08764	0.05648	0.59939	0.01508	0.00742	0.00215	0.00355	0.03839	0.00615	0.00601
84	0.01683	0.69564	0.03114	0.01108	0.01631	0.02407	0.01076	0.02063	0.09210	0.01622	0.01071	0.01168	0.00939	0.00578	0.00434	0.00145	0.00659	0.00381	0.00313	0.00835
85	0.00906	0.00680	0.01020	0.01020	0.01133	0.00793	0.00793	0.01133	0.01020	0.01473	0.01699	0.02492	0.01586	0.04758	0.75191	0.01020	0.01699	0.00680	0.00340	0.00566
86	0.00907	0.00677	0.01005	0.01005	0.01114	0.00785	0.00775	0.01124	0.01015	0.01462	0.01712	0.02564	0.01617	0.07905	0.72087	0.01002	0.01652	0.00690	0.00342	0.00559
87	0.01012	0.00727	0.01008	0.01148	0.01297	0.00723	0.01002	0.01299	0.01460	0.01891	0.03475	0.07116	0.06302	0.01747	0.00871	0.00289	0.00574	0.66892	0.00584	0.00582
88	0.01441	0.01496	0.01890	0.26428	0.02591	0.11195	0.01478	0.01679	0.01178	0.01560	0.00970	0.01483	0.00852	0.00977	0.03085	0.00258	0.39912	0.00542	0.00287	0.00700

[dist]
# distance from previous block
# <min> <max>
0	34

# created by:
# /home/cegg/simao/soft/augustus-3.2.1/scripts/msa2prfl.pl ./align_prep/EOG090W0GLZ.fa
