[name]
unknown

[dist]
# distance from previous block
# <min> <max>
5	202

[block]
# block no. 0 follows, 34 sequences, length 31
# corresponding to MSA columns:
# 220-250
name=unknown_A
#
# <colnr> <probs for GDERKNQSTAVLIFYWHMCP>
#	G	D	E	R	K	N	Q	S	T	A	V	L	I	F	Y	W	H	M	C	P
0	0.06782	0.01587	0.01995	0.05652	0.05487	0.06060	0.10632	0.22717	0.11532	0.02637	0.01554	0.03965	0.01275	0.04973	0.00973	0.00237	0.09927	0.00655	0.00476	0.00885
1	0.01359	0.09588	0.61882	0.01879	0.06506	0.01596	0.02215	0.02073	0.03416	0.02024	0.01183	0.01379	0.00864	0.00614	0.00599	0.00199	0.00909	0.00479	0.00287	0.00950
2	0.00914	0.00660	0.00864	0.00813	0.00965	0.00610	0.00610	0.01219	0.01829	0.02591	0.72921	0.04827	0.06097	0.01321	0.00762	0.00203	0.00305	0.01169	0.00711	0.00610
3	0.00775	0.00658	0.00670	0.00676	0.00892	0.00553	0.00513	0.00944	0.01473	0.01753	0.06419	0.06262	0.70194	0.01642	0.00769	0.00221	0.00338	0.04099	0.00600	0.00547
4	0.02414	0.03079	0.01831	0.01665	0.01998	0.74698	0.01248	0.02580	0.01831	0.01581	0.00999	0.01165	0.00832	0.00666	0.00583	0.00166	0.01165	0.00416	0.00333	0.00749
5	0.01002	0.00709	0.00892	0.00883	0.01042	0.00762	0.00679	0.01339	0.05751	0.01834	0.02785	0.03195	0.15130	0.03037	0.38795	0.00625	0.01056	0.00801	0.19079	0.00605
6	0.00923	0.00692	0.01038	0.01038	0.01154	0.00808	0.00808	0.01154	0.01038	0.01500	0.01731	0.02538	0.01615	0.04846	0.74732	0.01038	0.01731	0.00692	0.00346	0.00577
7	0.00786	0.00568	0.00744	0.00884	0.00933	0.00526	0.00593	0.00901	0.01252	0.01656	0.03751	0.72379	0.08643	0.02000	0.00821	0.00260	0.00372	0.01807	0.00600	0.00526
8	0.00787	0.00562	0.00750	0.00900	0.00937	0.00525	0.00600	0.00900	0.01237	0.01649	0.03561	0.76871	0.04274	0.02024	0.00825	0.00262	0.00375	0.01837	0.00600	0.00525
9	0.02456	0.01810	0.01939	0.01487	0.02004	0.02004	0.01228	0.71107	0.03038	0.04072	0.01551	0.01551	0.01099	0.00776	0.00646	0.00194	0.00711	0.00582	0.00646	0.01099
10	0.00786	0.00568	0.00744	0.00884	0.00933	0.00526	0.00593	0.00901	0.01252	0.01656	0.03751	0.72379	0.08643	0.02000	0.00821	0.00260	0.00372	0.01807	0.00600	0.00526
11	0.07530	0.01132	0.01481	0.01143	0.01637	0.01014	0.00944	0.05297	0.01844	0.67267	0.02419	0.02110	0.01530	0.00787	0.00635	0.00200	0.00552	0.00630	0.00771	0.01076
12	0.01139	0.00850	0.01010	0.00920	0.01122	0.00852	0.00693	0.09254	0.08278	0.02579	0.46256	0.07201	0.09131	0.06728	0.00924	0.00237	0.00397	0.01085	0.00664	0.00679
13	0.02899	0.01100	0.01499	0.01150	0.01649	0.00950	0.00950	0.03149	0.01849	0.73709	0.02549	0.02199	0.01599	0.00800	0.00650	0.00200	0.00550	0.00650	0.00800	0.01100
14	0.01727	0.77681	0.03386	0.01106	0.01658	0.02557	0.01106	0.01935	0.01313	0.01520	0.00898	0.01036	0.00829	0.00553	0.00415	0.00138	0.00691	0.00345	0.00276	0.00829
15	0.00787	0.00562	0.00750	0.00900	0.00937	0.00525	0.00600	0.00900	0.01237	0.01649	0.03561	0.76871	0.04274	0.02024	0.00825	0.00262	0.00375	0.01837	0.00600	0.00525
16	0.00805	0.00588	0.00754	0.00880	0.00948	0.00544	0.00608	0.00933	0.01277	0.01670	0.03914	0.60815	0.13493	0.04052	0.00889	0.00269	0.00390	0.06050	0.00594	0.00528
17	0.01166	0.00608	0.00619	0.00616	0.00770	0.00600	0.00462	0.01460	0.01386	0.02384	0.06121	0.02736	0.05606	0.00829	0.00484	0.00157	0.00303	0.00672	0.72420	0.00600
18	0.81856	0.01250	0.00950	0.00850	0.01250	0.01449	0.00700	0.01899	0.01100	0.02899	0.00900	0.01050	0.00700	0.00600	0.00400	0.00200	0.00500	0.00350	0.00400	0.00700
19	0.00827	0.00575	0.00752	0.00872	0.00928	0.00539	0.00591	0.00971	0.01306	0.01795	0.10603	0.64684	0.04293	0.01870	0.00794	0.00249	0.00363	0.01689	0.05760	0.00539
20	0.00819	0.00591	0.00739	0.00832	0.00893	0.00550	0.00553	0.00933	0.01258	0.01662	0.08645	0.51148	0.12235	0.14531	0.01226	0.00314	0.00406	0.01582	0.00573	0.00511
21	0.00877	0.00659	0.00812	0.00774	0.00942	0.00594	0.00580	0.01147	0.01741	0.02382	0.56522	0.05170	0.22625	0.01399	0.00762	0.00207	0.00310	0.01217	0.00684	0.00594
22	0.00909	0.00660	0.00857	0.00808	0.00962	0.00607	0.00606	0.01209	0.01817	0.02562	0.70671	0.04874	0.08365	0.01332	0.00762	0.00204	0.00306	0.01175	0.00708	0.00607
23	0.01384	0.01174	0.01363	0.00978	0.01550	0.00906	0.00784	0.04357	0.01407	0.02183	0.01164	0.01348	0.00963	0.00490	0.00485	0.00100	0.00488	0.00391	0.00393	0.78093
24	0.00809	0.00572	0.00743	0.00871	0.00903	0.00540	0.00570	0.00905	0.01194	0.01592	0.03340	0.66335	0.03994	0.12941	0.01182	0.00315	0.00411	0.01707	0.00570	0.00505
25	0.02366	0.01744	0.01886	0.01460	0.01954	0.01933	0.01203	0.66992	0.02920	0.03921	0.01562	0.01609	0.01129	0.01015	0.05005	0.00244	0.00771	0.00588	0.00629	0.01068
26	0.00895	0.00660	0.00837	0.00793	0.00954	0.00602	0.00595	0.01182	0.01784	0.02484	0.64534	0.05002	0.14550	0.01361	0.00762	0.00205	0.00308	0.01193	0.00697	0.00602
27	0.00916	0.00685	0.01023	0.01031	0.01142	0.00792	0.00796	0.01140	0.01049	0.01508	0.01830	0.06588	0.01760	0.04692	0.70705	0.00996	0.01657	0.00755	0.00360	0.00574
28	0.01440	0.01145	0.01350	0.00969	0.01539	0.00867	0.00777	0.01725	0.01373	0.06698	0.01238	0.01395	0.00998	0.00499	0.00489	0.00102	0.00483	0.00400	0.00410	0.76102
29	0.02799	0.01155	0.01521	0.01177	0.01670	0.01045	0.00969	0.06796	0.06046	0.65812	0.02501	0.02177	0.01595	0.00803	0.00650	0.00201	0.00556	0.00651	0.00783	0.01095
30	0.00843	0.00614	0.00771	0.00842	0.00931	0.00570	0.00589	0.00998	0.01364	0.01813	0.17085	0.39618	0.14255	0.10984	0.01108	0.00291	0.00399	0.05796	0.00596	0.00532

[dist]
# distance from previous block
# <min> <max>
0	6

[block]
# block no. 1 follows, 34 sequences, length 79
# corresponding to MSA columns:
# 257-335
name=unknown_B
#
# <colnr> <probs for GDERKNQSTAVLIFYWHMCP>
#	G	D	E	R	K	N	Q	S	T	A	V	L	I	F	Y	W	H	M	C	P
0	0.01214	0.01037	0.04892	0.01046	0.01327	0.00956	0.00863	0.03717	0.17361	0.04440	0.38222	0.03791	0.04007	0.01321	0.04536	0.00249	0.00502	0.04881	0.00634	0.05002
1	0.25650	0.01407	0.02201	0.14944	0.09288	0.01510	0.21694	0.05470	0.01430	0.02366	0.04930	0.01660	0.01152	0.00652	0.00656	0.00209	0.03010	0.00594	0.00377	0.00800
2	0.01497	0.01850	0.19661	0.25408	0.15384	0.01509	0.10444	0.04011	0.01440	0.06564	0.01268	0.01626	0.00947	0.00654	0.00733	0.00211	0.04996	0.00579	0.00338	0.00882
3	0.01122	0.00561	0.00842	0.00842	0.00842	0.00561	0.00561	0.00842	0.00842	0.01122	0.01122	0.01964	0.01122	0.02245	0.02525	0.81201	0.00561	0.00561	0.00281	0.00281
4	0.00921	0.00675	0.00873	0.00864	0.01023	0.00627	0.00675	0.01208	0.01726	0.02376	0.52739	0.05434	0.13167	0.01441	0.00786	0.00222	0.00361	0.13603	0.00677	0.00600
5	0.00948	0.00728	0.01119	0.01076	0.01203	0.00825	0.03502	0.01172	0.01049	0.01502	0.01740	0.02648	0.01652	0.10703	0.65911	0.00972	0.01614	0.00716	0.00349	0.00573
6	0.75948	0.03975	0.03876	0.00897	0.01324	0.01490	0.00779	0.01906	0.01117	0.02818	0.00910	0.01061	0.00709	0.00599	0.00409	0.00198	0.00524	0.00355	0.00391	0.00714
7	0.01767	0.68811	0.06015	0.01169	0.01730	0.04446	0.01166	0.05558	0.01419	0.01675	0.00945	0.01080	0.00843	0.00570	0.00439	0.00144	0.00715	0.00365	0.00297	0.00846
8	0.00803	0.00634	0.00723	0.00747	0.00908	0.00555	0.00543	0.00986	0.01498	0.01912	0.20656	0.22303	0.42131	0.01656	0.00777	0.00225	0.00333	0.01430	0.00625	0.00555
9	0.00921	0.00676	0.00875	0.00880	0.01036	0.00629	0.00691	0.01202	0.01693	0.02316	0.47481	0.07539	0.13627	0.01482	0.00793	0.00228	0.00374	0.16292	0.00669	0.00596
10	0.01204	0.00602	0.00602	0.00602	0.00753	0.00602	0.00452	0.01506	0.01355	0.02409	0.02108	0.02409	0.01656	0.00753	0.00452	0.00151	0.00301	0.00602	0.80879	0.00602
11	0.01256	0.01153	0.01897	0.69616	0.04218	0.01424	0.01739	0.04136	0.01364	0.01751	0.01268	0.01974	0.01002	0.00703	0.00657	0.00218	0.00844	0.03739	0.00314	0.00726
12	0.00822	0.00602	0.00746	0.00845	0.00921	0.00559	0.00581	0.00942	0.01260	0.01633	0.03923	0.47951	0.17418	0.12394	0.01160	0.00307	0.00416	0.06432	0.00571	0.00515
13	0.01386	0.00906	0.01098	0.00980	0.01242	0.00903	0.00757	0.02046	0.18950	0.13714	0.41289	0.03898	0.07880	0.01147	0.00719	0.00207	0.00395	0.00991	0.00706	0.00784
14	0.77686	0.01242	0.00979	0.00866	0.01271	0.01423	0.00713	0.01965	0.01139	0.06639	0.00987	0.01110	0.00747	0.00610	0.00413	0.00200	0.00502	0.00366	0.00421	0.00721
15	0.00923	0.00692	0.01038	0.01038	0.01154	0.00808	0.00808	0.01154	0.01038	0.01500	0.01731	0.02538	0.01615	0.04846	0.74732	0.01038	0.01731	0.00692	0.00346	0.00577
16	0.00816	0.00600	0.00765	0.00843	0.00935	0.00549	0.00587	0.00984	0.01419	0.01899	0.21369	0.48829	0.14441	0.01793	0.00800	0.00241	0.00351	0.01602	0.00628	0.00549
17	0.01296	0.03342	0.73944	0.01842	0.02797	0.01501	0.02387	0.02046	0.01364	0.02046	0.01160	0.01364	0.00818	0.00614	0.00614	0.00205	0.00955	0.00477	0.00273	0.00955
18	0.00914	0.00660	0.00864	0.00813	0.00965	0.00610	0.00610	0.01219	0.01829	0.02591	0.72921	0.04827	0.06097	0.01321	0.00762	0.00203	0.00305	0.01169	0.00711	0.00610
19	0.01607	0.01388	0.01461	0.01315	0.01680	0.01607	0.01023	0.03433	0.72094	0.02703	0.02630	0.02411	0.01972	0.00877	0.00657	0.00219	0.00511	0.00731	0.00657	0.01023
20	0.00787	0.00562	0.00750	0.00900	0.00937	0.00525	0.00600	0.00900	0.01237	0.01649	0.03561	0.76871	0.04274	0.02024	0.00825	0.00262	0.00375	0.01837	0.00600	0.00525
21	0.01103	0.00568	0.00827	0.00827	0.00827	0.00568	0.00543	0.00852	0.00852	0.01136	0.01218	0.02202	0.01251	0.10116	0.02605	0.72750	0.00568	0.00601	0.00292	0.00292
22	0.02615	0.01442	0.01654	0.01287	0.01770	0.04643	0.01055	0.29230	0.02306	0.40343	0.05353	0.02025	0.01580	0.00809	0.00651	0.00196	0.00628	0.00637	0.00716	0.01061
23	0.00866	0.00659	0.00796	0.00762	0.00936	0.00589	0.00572	0.01125	0.01715	0.02319	0.51589	0.05274	0.27598	0.01422	0.00763	0.00208	0.00312	0.01231	0.00676	0.00589
24	0.02286	0.01737	0.01915	0.01495	0.01990	0.01926	0.03265	0.57734	0.14545	0.03784	0.01724	0.01701	0.01241	0.00786	0.00652	0.00199	0.00689	0.00612	0.00639	0.01079
25	0.00927	0.00668	0.00883	0.00866	0.01014	0.00624	0.00666	0.01223	0.01762	0.02470	0.61217	0.07775	0.05716	0.01408	0.00782	0.00218	0.00346	0.10139	0.00692	0.00605
26	0.00925	0.00685	0.01000	0.01000	0.01102	0.00787	0.00759	0.01129	0.01027	0.01471	0.01766	0.02734	0.01700	0.13241	0.66453	0.00991	0.01603	0.00721	0.00351	0.00555
27	0.01646	0.01408	0.01483	0.01323	0.01695	0.01625	0.01032	0.06567	0.68897	0.02766	0.02580	0.02371	0.01932	0.00872	0.00657	0.00218	0.00521	0.00724	0.00657	0.01026
28	0.00940	0.00626	0.00705	0.00705	0.00705	0.00626	0.00392	0.00940	0.00940	0.01253	0.02036	0.04228	0.02349	0.77292	0.03289	0.00626	0.00626	0.00940	0.00392	0.00392
29	0.01041	0.00744	0.01041	0.01190	0.01339	0.00744	0.01041	0.01339	0.01487	0.01934	0.03421	0.07288	0.03719	0.01785	0.00892	0.00297	0.00595	0.68913	0.00595	0.00595
30	0.01122	0.00561	0.00842	0.00842	0.00842	0.00561	0.00561	0.00842	0.00842	0.01122	0.01122	0.01964	0.01122	0.02245	0.02525	0.81201	0.00561	0.00561	0.00281	0.00281
31	0.00806	0.00668	0.00713	0.00735	0.00943	0.00575	0.00574	0.00989	0.01475	0.01774	0.06073	0.06380	0.62532	0.01659	0.00783	0.00230	0.00368	0.11570	0.00599	0.00553
32	0.02476	0.01778	0.01919	0.01472	0.01988	0.01957	0.01216	0.68064	0.02985	0.07190	0.01596	0.01580	0.01121	0.00777	0.00647	0.00194	0.00704	0.00585	0.00653	0.01099
33	0.00914	0.00660	0.00864	0.00813	0.00965	0.00610	0.00610	0.01219	0.01829	0.02591	0.72921	0.04827	0.06097	0.01321	0.00762	0.00203	0.00305	0.01169	0.00711	0.00610
34	0.01727	0.77681	0.03386	0.01106	0.01658	0.02557	0.01106	0.01935	0.01313	0.01520	0.00898	0.01036	0.00829	0.00553	0.00415	0.00138	0.00691	0.00345	0.00276	0.00829
35	0.01220	0.01148	0.01938	0.75739	0.04450	0.01436	0.01794	0.01651	0.01292	0.01651	0.01148	0.01723	0.00861	0.00646	0.00646	0.00215	0.00861	0.00574	0.00287	0.00718
36	0.00923	0.00692	0.01038	0.01038	0.01154	0.00808	0.00808	0.01154	0.01038	0.01500	0.01731	0.02538	0.01615	0.04846	0.74732	0.01038	0.01731	0.00692	0.00346	0.00577
37	0.00787	0.00562	0.00750	0.00900	0.00937	0.00525	0.00600	0.00900	0.01237	0.01649	0.03561	0.76871	0.04274	0.02024	0.00825	0.00262	0.00375	0.01837	0.00600	0.00525
38	0.02899	0.01100	0.01499	0.01150	0.01649	0.00950	0.00950	0.03149	0.01849	0.73709	0.02549	0.02199	0.01599	0.00800	0.00650	0.00200	0.00550	0.00650	0.00800	0.01100
39	0.00947	0.00675	0.00832	0.00784	0.00966	0.00605	0.00591	0.01213	0.01737	0.04931	0.53156	0.05093	0.23304	0.01384	0.00758	0.00207	0.00319	0.01201	0.00686	0.00611
40	0.01220	0.01148	0.01938	0.75739	0.04450	0.01436	0.01794	0.01651	0.01292	0.01651	0.01148	0.01723	0.00861	0.00646	0.00646	0.00215	0.00861	0.00574	0.00287	0.00718
41	0.01599	0.01535	0.02623	0.03966	0.73262	0.01535	0.01983	0.01983	0.01471	0.02111	0.01215	0.01599	0.01023	0.00576	0.00640	0.00192	0.00768	0.00576	0.00320	0.01023
42	0.01340	0.01148	0.01340	0.00957	0.01531	0.00861	0.00766	0.01627	0.01340	0.02105	0.01148	0.01340	0.00957	0.00479	0.00479	0.00096	0.00479	0.00383	0.00383	0.81242
43	0.00787	0.00562	0.00750	0.00900	0.00937	0.00525	0.00600	0.00900	0.01237	0.01649	0.03561	0.76871	0.04274	0.02024	0.00825	0.00262	0.00375	0.01837	0.00600	0.00525
44	0.01220	0.01148	0.01938	0.75739	0.04450	0.01436	0.01794	0.01651	0.01292	0.01651	0.01148	0.01723	0.00861	0.00646	0.00646	0.00215	0.00861	0.00574	0.00287	0.00718
45	0.00923	0.00692	0.01038	0.01038	0.01154	0.00808	0.00808	0.01154	0.01038	0.01500	0.01731	0.02538	0.01615	0.04846	0.74732	0.01038	0.01731	0.00692	0.00346	0.00577
46	0.01369	0.16010	0.61921	0.01716	0.02603	0.01681	0.02169	0.02027	0.01355	0.01957	0.01115	0.01308	0.00820	0.00603	0.00580	0.00193	0.00910	0.00455	0.00273	0.00933
47	0.01607	0.01388	0.01461	0.01315	0.01680	0.01607	0.01023	0.03433	0.72094	0.02703	0.02630	0.02411	0.01972	0.00877	0.00657	0.00219	0.00511	0.00731	0.00657	0.01023
48	0.00886	0.00650	0.00830	0.00805	0.00953	0.00594	0.00596	0.01156	0.01731	0.02405	0.58813	0.12336	0.12985	0.01426	0.00769	0.00211	0.00314	0.01257	0.00688	0.00594
49	0.01525	0.01743	0.03813	0.02723	0.03377	0.01634	0.70915	0.02070	0.01525	0.02070	0.01307	0.01743	0.00980	0.00545	0.00763	0.00218	0.01089	0.00763	0.00327	0.00871
50	0.01607	0.01388	0.01461	0.01315	0.01680	0.01607	0.01023	0.03433	0.72094	0.02703	0.02630	0.02411	0.01972	0.00877	0.00657	0.00219	0.00511	0.00731	0.00657	0.01023
51	0.01551	0.01486	0.02535	0.13148	0.64459	0.01522	0.01959	0.01940	0.01448	0.02052	0.01207	0.01615	0.01003	0.00585	0.00640	0.00195	0.00780	0.00576	0.00316	0.00984
52	0.01590	0.01362	0.01433	0.01284	0.01646	0.01561	0.01000	0.05755	0.65569	0.02698	0.02813	0.02596	0.05975	0.00916	0.00663	0.00218	0.00508	0.00761	0.00654	0.00998
53	0.01220	0.01148	0.01938	0.75739	0.04450	0.01436	0.01794	0.01651	0.01292	0.01651	0.01148	0.01723	0.00861	0.00646	0.00646	0.00215	0.00861	0.00574	0.00287	0.00718
54	0.01309	0.00703	0.00713	0.00676	0.00857	0.00719	0.00516	0.07293	0.01495	0.02547	0.02062	0.02338	0.01610	0.00755	0.00468	0.00154	0.00335	0.00601	0.74208	0.00644
55	0.01525	0.01743	0.03813	0.02723	0.03377	0.01634	0.70915	0.02070	0.01525	0.02070	0.01307	0.01743	0.00980	0.00545	0.00763	0.00218	0.01089	0.00763	0.00327	0.00871
56	0.01204	0.00602	0.00602	0.00602	0.00753	0.00602	0.00452	0.01506	0.01355	0.02409	0.02108	0.02409	0.01656	0.00753	0.00452	0.00151	0.00301	0.00602	0.80879	0.00602
57	0.01122	0.00561	0.00842	0.00842	0.00842	0.00561	0.00561	0.00842	0.00842	0.01122	0.01122	0.01964	0.01122	0.02245	0.02525	0.81201	0.00561	0.00561	0.00281	0.00281
58	0.01041	0.00744	0.01041	0.01190	0.01339	0.00744	0.01041	0.01339	0.01487	0.01934	0.03421	0.07288	0.03719	0.01785	0.00892	0.00297	0.00595	0.68913	0.00595	0.00595
59	0.01846	0.00854	0.01125	0.00944	0.01254	0.00763	0.00747	0.02125	0.01789	0.34862	0.33543	0.03380	0.03589	0.01025	0.00679	0.00196	0.00416	0.00874	0.09160	0.00831
60	0.00931	0.00623	0.00707	0.00716	0.00718	0.00621	0.00403	0.00937	0.00957	0.01275	0.02123	0.08354	0.02458	0.73017	0.03149	0.00606	0.00612	0.00991	0.00403	0.00399
61	0.01607	0.01388	0.01461	0.01315	0.01680	0.01607	0.01023	0.03433	0.72094	0.02703	0.02630	0.02411	0.01972	0.00877	0.00657	0.00219	0.00511	0.00731	0.00657	0.01023
62	0.01122	0.00561	0.00842	0.00842	0.00842	0.00561	0.00561	0.00842	0.00842	0.01122	0.01122	0.01964	0.01122	0.02245	0.02525	0.81201	0.00561	0.00561	0.00281	0.00281
63	0.00794	0.00656	0.00696	0.00686	0.00891	0.00558	0.00514	0.00985	0.01543	0.01913	0.19694	0.05943	0.59747	0.01574	0.00763	0.00215	0.00323	0.01325	0.00622	0.00558
64	0.02456	0.01810	0.01939	0.01487	0.02004	0.02004	0.01228	0.71107	0.03038	0.04072	0.01551	0.01551	0.01099	0.00776	0.00646	0.00194	0.00711	0.00582	0.00646	0.01099
65	0.02459	0.01096	0.01431	0.01138	0.01570	0.01007	0.00933	0.10461	0.01965	0.51630	0.13343	0.02760	0.02332	0.00922	0.00678	0.00204	0.00532	0.03779	0.00760	0.01001
66	0.06786	0.01087	0.01411	0.01111	0.01565	0.00983	0.00908	0.05920	0.01819	0.59432	0.04364	0.05646	0.01778	0.00858	0.00642	0.00201	0.00532	0.00699	0.03234	0.01023
67	0.01006	0.00718	0.01001	0.01150	0.01283	0.00713	0.00980	0.01278	0.01453	0.01894	0.03441	0.16961	0.03796	0.01818	0.00883	0.00293	0.00564	0.59589	0.00596	0.00585
68	0.00870	0.00622	0.00845	0.00995	0.01068	0.00596	0.00744	0.01043	0.01319	0.01742	0.03515	0.54115	0.04092	0.01946	0.00847	0.00274	0.00447	0.23773	0.00598	0.00548
69	0.01204	0.00602	0.00602	0.00602	0.00753	0.00602	0.00452	0.01506	0.01355	0.02409	0.02108	0.02409	0.01656	0.00753	0.00452	0.00151	0.00301	0.00602	0.80879	0.00602
70	0.01204	0.00640	0.00664	0.00664	0.00815	0.00643	0.00494	0.03849	0.01401	0.02387	0.02241	0.10189	0.01911	0.00887	0.00498	0.00164	0.00323	0.00731	0.69684	0.00611
71	0.01340	0.01148	0.01340	0.00957	0.01531	0.00861	0.00766	0.01627	0.01340	0.02105	0.01148	0.01340	0.00957	0.00479	0.00479	0.00096	0.00479	0.00383	0.00383	0.81242
72	0.01457	0.01218	0.01403	0.01013	0.01581	0.00981	0.00814	0.08914	0.01518	0.02312	0.01191	0.01362	0.00972	0.00510	0.00496	0.00106	0.00503	0.00404	0.00410	0.72837
73	0.00784	0.00575	0.00737	0.00866	0.00928	0.00528	0.00585	0.00904	0.01270	0.01663	0.03976	0.67050	0.13827	0.01970	0.00816	0.00256	0.00368	0.01771	0.00600	0.00528
74	0.00822	0.00562	0.00759	0.00894	0.00927	0.00529	0.00596	0.00894	0.01196	0.01594	0.03305	0.69014	0.03943	0.02047	0.01003	0.08751	0.00394	0.01703	0.00566	0.00499
75	0.70986	0.01321	0.01031	0.00924	0.01318	0.03729	0.00751	0.02081	0.08568	0.02838	0.01084	0.01196	0.00837	0.00631	0.00433	0.00201	0.00522	0.00392	0.00425	0.00735
76	0.00961	0.00927	0.08490	0.00938	0.01076	0.00765	0.00741	0.01117	0.01035	0.01438	0.01960	0.08546	0.02104	0.42150	0.24320	0.00680	0.00975	0.00880	0.00380	0.00516
77	0.02062	0.05175	0.05788	0.01915	0.11629	0.40843	0.02976	0.08031	0.08004	0.01985	0.01263	0.01448	0.01019	0.00865	0.04035	0.00219	0.01013	0.00501	0.00381	0.00847
78	0.01573	0.05694	0.10940	0.02874	0.37172	0.03305	0.13554	0.01991	0.01469	0.04818	0.01393	0.04424	0.01184	0.00664	0.00651	0.00196	0.00810	0.02395	0.00352	0.04539

[dist]
# distance from previous block
# <min> <max>
0	1

[block]
# block no. 2 follows, 34 sequences, length 104
# corresponding to MSA columns:
# 337-376,381-444
name=unknown_C
#
# <colnr> <probs for GDERKNQSTAVLIFYWHMCP>
#	G	D	E	R	K	N	Q	S	T	A	V	L	I	F	Y	W	H	M	C	P
0	0.01601	0.01140	0.01367	0.00989	0.01551	0.00876	0.00796	0.01882	0.01425	0.14084	0.01383	0.01484	0.01064	0.00532	0.00507	0.00113	0.00490	0.00427	0.00453	0.67835
1	0.01206	0.01173	0.01198	0.04033	0.06033	0.11329	0.00878	0.01519	0.06344	0.01896	0.13944	0.11344	0.26066	0.03342	0.00897	0.00227	0.06336	0.01051	0.00523	0.00660
2	0.00998	0.00880	0.06190	0.00946	0.02909	0.00770	0.00664	0.01148	0.02840	0.01412	0.01915	0.03626	0.02072	0.55859	0.14574	0.00640	0.00831	0.00850	0.00380	0.00496
3	0.01884	0.60766	0.03037	0.01227	0.01735	0.16788	0.01137	0.04051	0.01465	0.01606	0.00937	0.01077	0.00838	0.00582	0.00454	0.00145	0.00785	0.00366	0.00298	0.00821
4	0.01661	0.04007	0.14062	0.14468	0.20131	0.12960	0.01639	0.04313	0.03683	0.04675	0.01241	0.01510	0.00969	0.00633	0.00638	0.00185	0.02543	0.00514	0.00353	0.09816
5	0.01416	0.29663	0.30465	0.01503	0.04163	0.01756	0.03618	0.01905	0.03411	0.01887	0.06730	0.03662	0.01455	0.00859	0.03111	0.00213	0.00799	0.02193	0.00340	0.00852
6	0.02525	0.01269	0.01552	0.01237	0.01707	0.01257	0.01007	0.12804	0.18937	0.46783	0.02428	0.02159	0.01619	0.00815	0.00651	0.00204	0.00563	0.00660	0.00744	0.01081
7	0.01067	0.00891	0.01152	0.01098	0.01155	0.03117	0.00822	0.01202	0.01042	0.01461	0.01768	0.09662	0.01872	0.23473	0.29981	0.00660	0.17824	0.00831	0.00368	0.00555
8	0.00801	0.00656	0.00707	0.00694	0.00896	0.00562	0.00521	0.01000	0.01562	0.01957	0.23156	0.05870	0.56257	0.01557	0.00763	0.00214	0.00322	0.01315	0.00628	0.00562
9	0.01204	0.00602	0.00602	0.00602	0.00753	0.00602	0.00452	0.01506	0.01355	0.02409	0.02108	0.02409	0.01656	0.00753	0.00452	0.00151	0.00301	0.00602	0.80879	0.00602
10	0.01007	0.00720	0.00999	0.01135	0.01272	0.00712	0.00967	0.01286	0.01485	0.01950	0.08209	0.14186	0.03938	0.01777	0.00877	0.00287	0.00553	0.57448	0.00603	0.00589
11	0.00825	0.00603	0.00790	0.00904	0.00978	0.00548	0.00611	0.00950	0.01244	0.01681	0.03396	0.71683	0.04046	0.01918	0.00801	0.00251	0.00382	0.01737	0.00585	0.06069
12	0.01785	0.58247	0.08831	0.01351	0.04481	0.12667	0.01262	0.02037	0.01396	0.01593	0.00945	0.01102	0.00836	0.00575	0.00463	0.00150	0.00782	0.00375	0.00286	0.00835
13	0.01122	0.00561	0.00842	0.00842	0.00842	0.00561	0.00561	0.00842	0.00842	0.01122	0.01122	0.01964	0.01122	0.02245	0.02525	0.81201	0.00561	0.00561	0.00281	0.00281
14	0.57302	0.04431	0.01348	0.06076	0.06285	0.06566	0.00945	0.06654	0.01327	0.02701	0.00988	0.01171	0.00773	0.00616	0.00462	0.00195	0.00609	0.00400	0.00395	0.00758
15	0.02154	0.16057	0.02089	0.01531	0.01889	0.48244	0.01214	0.04627	0.07803	0.01744	0.01129	0.01279	0.00940	0.00699	0.00667	0.00175	0.06157	0.00446	0.00357	0.00795
16	0.01090	0.00800	0.01078	0.01201	0.01368	0.00818	0.01040	0.01520	0.07602	0.02000	0.03353	0.06866	0.03567	0.01706	0.00872	0.00291	0.00588	0.63009	0.00600	0.00632
17	0.02463	0.01003	0.01380	0.01120	0.01530	0.00896	0.00918	0.02691	0.01705	0.57158	0.04154	0.02648	0.01839	0.01302	0.07173	0.04089	0.00650	0.05595	0.00719	0.00968
18	0.02899	0.01100	0.01499	0.01150	0.01649	0.00950	0.00950	0.03149	0.01849	0.73709	0.02549	0.02199	0.01599	0.00800	0.00650	0.00200	0.00550	0.00650	0.00800	0.01100
19	0.00923	0.00692	0.01038	0.01038	0.01154	0.00808	0.00808	0.01154	0.01038	0.01500	0.01731	0.02538	0.01615	0.04846	0.74732	0.01038	0.01731	0.00692	0.00346	0.00577
20	0.02166	0.01665	0.01775	0.01428	0.01893	0.01868	0.01158	0.47947	0.26671	0.03604	0.01920	0.01845	0.01398	0.00810	0.00650	0.00203	0.00643	0.00633	0.00650	0.01073
21	0.01591	0.00840	0.01040	0.00897	0.01202	0.00744	0.00705	0.01883	0.04244	0.27453	0.23346	0.04276	0.26707	0.01226	0.00719	0.00208	0.00406	0.01035	0.00703	0.00776
22	0.01607	0.01388	0.01461	0.01315	0.01680	0.01607	0.01023	0.03433	0.72094	0.02703	0.02630	0.02411	0.01972	0.00877	0.00657	0.00219	0.00511	0.00731	0.00657	0.01023
23	0.00800	0.00575	0.00761	0.00901	0.00952	0.00536	0.00614	0.00926	0.01269	0.01687	0.05365	0.70030	0.06561	0.01985	0.00824	0.00261	0.00380	0.04442	0.00602	0.00530
24	0.12133	0.01301	0.01528	0.01190	0.01671	0.01296	0.00982	0.22174	0.02079	0.43115	0.02055	0.01886	0.01352	0.00767	0.00612	0.00197	0.00581	0.00593	0.03452	0.01035
25	0.00812	0.00684	0.00708	0.00697	0.00914	0.00594	0.00524	0.01055	0.04286	0.01869	0.13133	0.05927	0.63412	0.01574	0.00759	0.00217	0.00332	0.01319	0.00614	0.00571
26	0.00787	0.00562	0.00750	0.00900	0.00937	0.00525	0.00600	0.00900	0.01237	0.01649	0.03561	0.76871	0.04274	0.02024	0.00825	0.00262	0.00375	0.01837	0.00600	0.00525
27	0.00899	0.00660	0.00842	0.00797	0.00956	0.00603	0.00598	0.01190	0.01793	0.02505	0.66185	0.04968	0.12886	0.01353	0.00762	0.00205	0.00307	0.01188	0.00700	0.00603
28	0.00787	0.00562	0.00750	0.00900	0.00937	0.00525	0.00600	0.00900	0.01237	0.01649	0.03561	0.76871	0.04274	0.02024	0.00825	0.00262	0.00375	0.01837	0.00600	0.00525
29	0.78256	0.01223	0.00946	0.00848	0.01237	0.01412	0.00696	0.01869	0.01132	0.02885	0.04104	0.01218	0.00940	0.00632	0.00416	0.00200	0.00491	0.00386	0.00414	0.00696
30	0.01340	0.01148	0.01340	0.00957	0.01531	0.00861	0.00766	0.01627	0.01340	0.02105	0.01148	0.01340	0.00957	0.00479	0.00479	0.00096	0.00479	0.00383	0.00383	0.81242
31	0.02418	0.01791	0.01918	0.01479	0.01989	0.01986	0.01219	0.68097	0.06110	0.04011	0.01599	0.01590	0.01138	0.00780	0.00647	0.00195	0.00702	0.00588	0.00647	0.01095
32	0.00872	0.00631	0.00826	0.00854	0.00970	0.00585	0.00622	0.01106	0.01599	0.02210	0.43746	0.29423	0.07772	0.01593	0.00790	0.00228	0.00343	0.04588	0.00664	0.00578
33	0.00773	0.00649	0.00661	0.00668	0.00868	0.00548	0.00492	0.00927	0.01438	0.01719	0.06205	0.09452	0.66625	0.05020	0.00879	0.00238	0.00343	0.01367	0.00591	0.00538
34	0.01914	0.01541	0.01634	0.01377	0.01797	0.01751	0.01097	0.27925	0.47103	0.03198	0.02240	0.02100	0.01656	0.00840	0.00653	0.00210	0.00584	0.00677	0.00653	0.01050
35	0.00776	0.00659	0.00672	0.00678	0.00893	0.00554	0.00515	0.00946	0.01473	0.01754	0.06407	0.06266	0.69917	0.01643	0.00769	0.00222	0.00339	0.04369	0.00600	0.00548
36	0.00948	0.00705	0.00888	0.00841	0.01007	0.00669	0.00630	0.01339	0.06400	0.02523	0.62558	0.07219	0.09154	0.01332	0.00757	0.00207	0.00322	0.01173	0.00698	0.00631
37	0.00985	0.00783	0.01157	0.01121	0.01222	0.00955	0.00884	0.01204	0.01032	0.01507	0.01620	0.02397	0.01519	0.04378	0.65588	0.00943	0.11097	0.00676	0.00338	0.00593
38	0.01960	0.01987	0.01597	0.01434	0.01794	0.28028	0.01101	0.03111	0.43363	0.05636	0.02036	0.01950	0.01542	0.00797	0.00630	0.00199	0.00750	0.00613	0.00547	0.00927
39	0.00923	0.00692	0.01038	0.01038	0.01154	0.00808	0.00808	0.01154	0.01038	0.01500	0.01731	0.02538	0.01615	0.04846	0.74732	0.01038	0.01731	0.00692	0.00346	0.00577
40	0.27564	0.01199	0.01178	0.01030	0.01334	0.01346	0.00791	0.15419	0.14707	0.02631	0.01639	0.02160	0.01415	0.16648	0.02881	0.03912	0.00596	0.00610	0.02190	0.00751
41	0.00923	0.00692	0.01038	0.01038	0.01154	0.00808	0.00808	0.01154	0.01038	0.01500	0.01731	0.02538	0.01615	0.04846	0.74732	0.01038	0.01731	0.00692	0.00346	0.00577
42	0.00764	0.00655	0.00655	0.00655	0.00873	0.00545	0.00491	0.00927	0.01473	0.01745	0.06546	0.06218	0.73000	0.01636	0.00764	0.00218	0.00327	0.01364	0.00600	0.00545
43	0.00940	0.00626	0.00705	0.00705	0.00705	0.00626	0.00392	0.00940	0.00940	0.01253	0.02036	0.04228	0.02349	0.77292	0.03289	0.00626	0.00626	0.00940	0.00392	0.00392
44	0.01874	0.01565	0.01585	0.04117	0.01811	0.08542	0.01085	0.30793	0.19831	0.03013	0.09106	0.05726	0.03941	0.00952	0.00674	0.00206	0.00641	0.03003	0.00607	0.00927
45	0.01053	0.00762	0.01044	0.01167	0.01325	0.00767	0.01009	0.01409	0.04186	0.02010	0.08414	0.06926	0.03824	0.01717	0.00874	0.00288	0.00571	0.61435	0.00606	0.00612
46	0.01113	0.00857	0.01275	0.01600	0.12353	0.00861	0.01161	0.01415	0.01456	0.01932	0.03008	0.08384	0.03224	0.01751	0.04324	0.00315	0.00668	0.53106	0.00541	0.00658
47	0.01283	0.01186	0.01955	0.65273	0.09515	0.01438	0.01753	0.04256	0.01369	0.01777	0.01240	0.03915	0.00983	0.00686	0.00651	0.00214	0.00834	0.00612	0.00312	0.00750
48	0.01473	0.01402	0.02381	0.22133	0.53138	0.01474	0.01885	0.01859	0.01417	0.01977	0.01283	0.04337	0.01099	0.00646	0.00648	0.00200	0.00777	0.00621	0.00322	0.00928
49	0.00821	0.00602	0.00771	0.00845	0.00938	0.00552	0.00590	0.00995	0.01436	0.01933	0.23960	0.47584	0.13039	0.01775	0.00799	0.00240	0.00349	0.01587	0.00632	0.00552
50	0.01404	0.01362	0.02184	0.43452	0.29028	0.03751	0.01824	0.01794	0.01356	0.01809	0.01151	0.01644	0.00918	0.00648	0.00724	0.00209	0.05043	0.00569	0.00300	0.00828
51	0.02371	0.01791	0.01926	0.04413	0.02077	0.04350	0.01252	0.61348	0.02809	0.05500	0.01511	0.01555	0.01082	0.00783	0.00710	0.00198	0.04082	0.00577	0.00610	0.01055
52	0.81856	0.01250	0.00950	0.00850	0.01250	0.01449	0.00700	0.01899	0.01100	0.02899	0.00900	0.01050	0.00700	0.00600	0.00400	0.00200	0.00500	0.00350	0.00400	0.00700
53	0.01417	0.01100	0.10218	0.01027	0.01358	0.00806	0.00918	0.01763	0.01750	0.18758	0.45543	0.03717	0.04262	0.01224	0.03047	0.00229	0.00488	0.00948	0.00665	0.00764
54	0.01450	0.01102	0.01328	0.00999	0.01497	0.00883	0.00794	0.01713	0.01369	0.09218	0.01489	0.08045	0.01308	0.00671	0.00588	0.00128	0.03341	0.00544	0.00440	0.63092
55	0.00806	0.00656	0.00704	0.00728	0.00913	0.00570	0.00547	0.00969	0.01423	0.01725	0.05733	0.10419	0.56861	0.06892	0.00955	0.00257	0.00378	0.08339	0.00585	0.00539
56	0.01414	0.01414	0.01979	0.01696	0.01696	0.01979	0.01414	0.01555	0.00990	0.01555	0.00848	0.01414	0.00848	0.01131	0.02120	0.00283	0.76110	0.00565	0.00283	0.00707
57	0.01727	0.77681	0.03386	0.01106	0.01658	0.02557	0.01106	0.01935	0.01313	0.01520	0.00898	0.01036	0.00829	0.00553	0.00415	0.00138	0.00691	0.00345	0.00276	0.00829
58	0.01584	0.01520	0.02596	0.06788	0.70556	0.01531	0.01976	0.01970	0.01464	0.02093	0.01213	0.01604	0.01017	0.00578	0.00640	0.00193	0.00771	0.00576	0.00319	0.01011
59	0.01296	0.03342	0.73944	0.01842	0.02797	0.01501	0.02387	0.02046	0.01364	0.02046	0.01160	0.01364	0.00818	0.00614	0.00614	0.00205	0.00955	0.00477	0.00273	0.00955
60	0.00923	0.00692	0.01038	0.01038	0.01154	0.00808	0.00808	0.01154	0.01038	0.01500	0.01731	0.02538	0.01615	0.04846	0.74732	0.01038	0.01731	0.00692	0.00346	0.00577
61	0.02825	0.01082	0.01469	0.01133	0.01614	0.00937	0.00929	0.03065	0.01815	0.70965	0.02530	0.02276	0.01628	0.03697	0.00750	0.00216	0.00553	0.00661	0.00784	0.01073
62	0.01607	0.01388	0.01461	0.01315	0.01680	0.01607	0.01023	0.03433	0.72094	0.02703	0.02630	0.02411	0.01972	0.00877	0.00657	0.00219	0.00511	0.00731	0.00657	0.01023
63	0.02899	0.01100	0.01499	0.01150	0.01649	0.00950	0.00950	0.03149	0.01849	0.73709	0.02549	0.02199	0.01599	0.00800	0.00650	0.00200	0.00550	0.00650	0.00800	0.01100
64	0.00787	0.00562	0.00750	0.00900	0.00937	0.00525	0.00600	0.00900	0.01237	0.01649	0.03561	0.76871	0.04274	0.02024	0.00825	0.00262	0.00375	0.01837	0.00600	0.00525
65	0.02663	0.01419	0.01690	0.01302	0.01805	0.01432	0.01074	0.32846	0.04683	0.40948	0.02116	0.01923	0.01393	0.00792	0.00649	0.00198	0.00619	0.00623	0.00728	0.01097
66	0.01296	0.03342	0.73944	0.01842	0.02797	0.01501	0.02387	0.02046	0.01364	0.02046	0.01160	0.01364	0.00818	0.00614	0.00614	0.00205	0.00955	0.00477	0.00273	0.00955
67	0.02438	0.02939	0.01820	0.01634	0.01981	0.68507	0.01234	0.05174	0.01877	0.05066	0.01092	0.01228	0.00878	0.00676	0.00588	0.00169	0.01119	0.00433	0.00367	0.00779
68	0.00787	0.00562	0.00750	0.00900	0.00937	0.00525	0.00600	0.00900	0.01237	0.01649	0.03561	0.76871	0.04274	0.02024	0.00825	0.00262	0.00375	0.01837	0.00600	0.00525
69	0.02592	0.01534	0.01761	0.01357	0.01862	0.01601	0.01118	0.43771	0.04889	0.29739	0.01955	0.01819	0.01313	0.00788	0.00648	0.00197	0.00645	0.00612	0.00703	0.01097
70	0.02414	0.03079	0.01831	0.01665	0.01998	0.74698	0.01248	0.02580	0.01831	0.01581	0.00999	0.01165	0.00832	0.00666	0.00583	0.00166	0.01165	0.00416	0.00333	0.00749
71	0.01340	0.01148	0.01340	0.00957	0.01531	0.00861	0.00766	0.01627	0.01340	0.02105	0.01148	0.01340	0.00957	0.00479	0.00479	0.00096	0.00479	0.00383	0.00383	0.81242
72	0.02416	0.01790	0.01917	0.01479	0.01989	0.01985	0.01218	0.67925	0.06285	0.04008	0.01602	0.01592	0.01140	0.00780	0.00647	0.00195	0.00702	0.00589	0.00647	0.01095
73	0.01414	0.01414	0.01979	0.01696	0.01696	0.01979	0.01414	0.01555	0.00990	0.01555	0.00848	0.01414	0.00848	0.01131	0.02120	0.00283	0.76110	0.00565	0.00283	0.00707
74	0.00915	0.00659	0.00791	0.00816	0.00976	0.00608	0.00633	0.01102	0.01452	0.01916	0.16229	0.07628	0.31959	0.01699	0.03091	0.07264	0.00436	0.14218	0.07061	0.00548
75	0.01041	0.00744	0.01041	0.01190	0.01339	0.00744	0.01041	0.01339	0.01487	0.01934	0.03421	0.07288	0.03719	0.01785	0.00892	0.00297	0.00595	0.68913	0.00595	0.00595
76	0.02456	0.01810	0.01939	0.01487	0.02004	0.02004	0.01228	0.71107	0.03038	0.04072	0.01551	0.01551	0.01099	0.00776	0.00646	0.00194	0.00711	0.00582	0.00646	0.01099
77	0.00940	0.00626	0.00705	0.00705	0.00705	0.00626	0.00392	0.00940	0.00940	0.01253	0.02036	0.04228	0.02349	0.77292	0.03289	0.00626	0.00626	0.00940	0.00392	0.00392
78	0.01431	0.00794	0.01029	0.00918	0.01159	0.00724	0.00705	0.03845	0.01784	0.20092	0.41392	0.12310	0.08656	0.01273	0.00738	0.00210	0.00388	0.01109	0.00712	0.00733
79	0.00787	0.00562	0.00750	0.00900	0.00937	0.00525	0.00600	0.00900	0.01237	0.01649	0.03561	0.76871	0.04274	0.02024	0.00825	0.00262	0.00375	0.01837	0.00600	0.00525
80	0.00881	0.00659	0.00817	0.00778	0.00945	0.00595	0.00583	0.01154	0.01750	0.02403	0.58148	0.05136	0.20987	0.01391	0.00762	0.00207	0.00310	0.01212	0.00687	0.00595
81	0.01187	0.00773	0.00949	0.00928	0.01081	0.00762	0.00694	0.05245	0.03653	0.07071	0.16508	0.11795	0.06026	0.22306	0.01460	0.00342	0.00504	0.14369	0.03738	0.00610
82	0.01818	0.01092	0.01304	0.01141	0.01479	0.01113	0.00903	0.08042	0.22449	0.23627	0.10925	0.10837	0.05781	0.01110	0.00704	0.00219	0.00498	0.05362	0.00692	0.00903
83	0.00940	0.00626	0.00705	0.00705	0.00705	0.00626	0.00392	0.00940	0.00940	0.01253	0.02036	0.04228	0.02349	0.77292	0.03289	0.00626	0.00626	0.00940	0.00392	0.00392
84	0.01161	0.00621	0.00869	0.00859	0.00894	0.00636	0.00586	0.01063	0.05769	0.01315	0.01291	0.02024	0.01216	0.02053	0.02261	0.70322	0.00541	0.00575	0.05594	0.00353
85	0.00886	0.00631	0.00806	0.00873	0.00990	0.00579	0.00636	0.01073	0.01450	0.03550	0.19695	0.39738	0.16317	0.01747	0.00803	0.00244	0.00377	0.08408	0.00629	0.00568
86	0.02456	0.01810	0.01939	0.01487	0.02004	0.02004	0.01228	0.71107	0.03038	0.04072	0.01551	0.01551	0.01099	0.00776	0.00646	0.00194	0.00711	0.00582	0.00646	0.01099
87	0.01122	0.00561	0.00842	0.00842	0.00842	0.00561	0.00561	0.00842	0.00842	0.01122	0.01122	0.01964	0.01122	0.02245	0.02525	0.81201	0.00561	0.00561	0.00281	0.00281
88	0.06101	0.01183	0.01358	0.01171	0.01538	0.01235	0.00921	0.09995	0.26139	0.24255	0.02686	0.13887	0.04611	0.01034	0.00670	0.00216	0.00516	0.00865	0.00675	0.00943
89	0.01340	0.01148	0.01340	0.00957	0.01531	0.00861	0.00766	0.01627	0.01340	0.02105	0.01148	0.01340	0.00957	0.00479	0.00479	0.00096	0.00479	0.00383	0.00383	0.81242
90	0.00946	0.00660	0.00950	0.00956	0.01036	0.00737	0.00703	0.01071	0.01006	0.01419	0.01771	0.05547	0.01769	0.15794	0.51615	0.11039	0.01359	0.00758	0.00355	0.00508
91	0.01604	0.00830	0.01010	0.00880	0.01199	0.00714	0.00701	0.01816	0.01638	0.29367	0.08629	0.04654	0.38336	0.01306	0.00726	0.00214	0.00425	0.04504	0.00683	0.00764
92	0.50082	0.01112	0.00995	0.00902	0.01228	0.01236	0.00715	0.05269	0.03999	0.04978	0.08158	0.05849	0.04269	0.05963	0.00705	0.00236	0.00493	0.02625	0.00486	0.00699
93	0.00845	0.00627	0.00783	0.00809	0.00933	0.00570	0.00579	0.01054	0.01550	0.02096	0.36231	0.28455	0.18195	0.03235	0.00837	0.00234	0.00339	0.01418	0.00647	0.00565
94	0.01292	0.01221	0.02067	0.62222	0.17410	0.01454	0.01830	0.01713	0.01326	0.01738	0.01161	0.01699	0.00892	0.00633	0.00645	0.00211	0.00844	0.00574	0.00293	0.00775
95	0.01018	0.00657	0.00813	0.00861	0.01001	0.00592	0.00618	0.01163	0.01366	0.08991	0.04229	0.41012	0.23689	0.05819	0.00926	0.00265	0.00405	0.05382	0.00609	0.00586
96	0.00937	0.00683	0.01024	0.01024	0.01131	0.00790	0.00790	0.01131	0.01024	0.01473	0.01687	0.02497	0.01580	0.04660	0.69565	0.06774	0.01647	0.00683	0.00341	0.00556
97	0.03321	0.02824	0.55647	0.01761	0.02600	0.01433	0.06815	0.03826	0.01466	0.09932	0.01483	0.01621	0.03040	0.00663	0.00628	0.00205	0.00885	0.00542	0.00356	0.00951
98	0.09343	0.01072	0.06190	0.01147	0.01384	0.01045	0.02812	0.05158	0.01369	0.03890	0.14732	0.10225	0.02451	0.02435	0.26904	0.00510	0.07364	0.00832	0.00461	0.00676
99	0.00975	0.00709	0.00858	0.03597	0.01044	0.00699	0.00596	0.01257	0.06058	0.02002	0.30591	0.06000	0.12414	0.23197	0.01519	0.02709	0.00444	0.01051	0.03723	0.00558
100	0.04077	0.01631	0.03621	0.01364	0.01733	0.11219	0.01103	0.08995	0.44610	0.02576	0.02313	0.02644	0.01868	0.00925	0.00664	0.00218	0.00638	0.08280	0.00588	0.00934
101	0.67056	0.07686	0.01281	0.00959	0.01381	0.03574	0.02662	0.01985	0.01185	0.06054	0.00991	0.01125	0.00764	0.00606	0.00428	0.00194	0.00553	0.00377	0.00405	0.00735
102	0.01583	0.12149	0.12231	0.01555	0.04654	0.06652	0.09653	0.10491	0.03359	0.02202	0.05466	0.04669	0.01429	0.03239	0.00733	0.00191	0.02952	0.00606	0.00405	0.15783
103	0.01319	0.01431	0.10419	0.15258	0.16515	0.01234	0.01406	0.03635	0.05571	0.02118	0.10565	0.04971	0.04247	0.00801	0.00685	0.00190	0.03133	0.00686	0.00416	0.15399

[dist]
# distance from previous block
# <min> <max>
1	3

[block]
# block no. 3 follows, 34 sequences, length 45
# corresponding to MSA columns:
# 456-500
name=unknown_D
#
# <colnr> <probs for GDERKNQSTAVLIFYWHMCP>
#	G	D	E	R	K	N	Q	S	T	A	V	L	I	F	Y	W	H	M	C	P
0	0.01256	0.01098	0.01099	0.01015	0.01244	0.08974	0.00796	0.09804	0.01815	0.02325	0.28383	0.04561	0.22684	0.01313	0.00787	0.00215	0.02946	0.08411	0.00605	0.00669
1	0.01380	0.01216	0.01520	0.03555	0.01743	0.01047	0.04383	0.01867	0.09932	0.02143	0.01326	0.01505	0.01075	0.00557	0.00575	0.00127	0.03055	0.00457	0.00407	0.62128
2	0.01026	0.00821	0.00984	0.01005	0.01049	0.03468	0.00719	0.01128	0.01146	0.01523	0.02494	0.26484	0.02867	0.30262	0.01938	0.00404	0.11110	0.10586	0.00466	0.00518
3	0.00781	0.00586	0.00725	0.00836	0.00920	0.00530	0.00572	0.00907	0.01298	0.01674	0.04336	0.58533	0.22111	0.01924	0.00809	0.00251	0.00363	0.01714	0.00600	0.00530
4	0.01570	0.01691	0.02175	0.01813	0.01938	0.12365	0.09612	0.01763	0.01174	0.01620	0.00924	0.01417	0.00862	0.00995	0.01739	0.00258	0.56489	0.00567	0.00295	0.00732
5	0.00940	0.00626	0.00705	0.00705	0.00705	0.00626	0.00392	0.00940	0.00940	0.01253	0.02036	0.04228	0.02349	0.77292	0.03289	0.00626	0.00626	0.00940	0.00392	0.00392
6	0.38702	0.01265	0.01281	0.01061	0.01495	0.01349	0.00867	0.11131	0.06916	0.25296	0.01704	0.03659	0.01227	0.00745	0.00541	0.00202	0.00540	0.00543	0.00582	0.00896
7	0.01062	0.00698	0.00875	0.00822	0.01016	0.00626	0.00625	0.01321	0.01716	0.08913	0.46587	0.08071	0.20672	0.01387	0.00758	0.00211	0.00343	0.02975	0.00686	0.00636
8	0.00919	0.00654	0.00836	0.00794	0.00920	0.00613	0.00571	0.01170	0.01673	0.02356	0.60464	0.04721	0.05438	0.14671	0.01206	0.00278	0.00361	0.01128	0.00655	0.00571
9	0.01122	0.00561	0.00842	0.00842	0.00842	0.00561	0.00561	0.00842	0.00842	0.01122	0.01122	0.01964	0.01122	0.02245	0.02525	0.81201	0.00561	0.00561	0.00281	0.00281
10	0.00820	0.00607	0.00749	0.00827	0.00920	0.00557	0.00574	0.00964	0.01346	0.01762	0.12540	0.43184	0.19983	0.08364	0.01019	0.00278	0.00385	0.03995	0.00595	0.00531
11	0.81856	0.01250	0.00950	0.00850	0.01250	0.01449	0.00700	0.01899	0.01100	0.02899	0.00900	0.01050	0.00700	0.00600	0.00400	0.00200	0.00500	0.00350	0.00400	0.00700
12	0.00852	0.00658	0.00762	0.00745	0.00915	0.00586	0.00553	0.01069	0.01586	0.02080	0.34865	0.05496	0.36146	0.07405	0.00964	0.00246	0.00350	0.03526	0.00632	0.00563
13	0.01088	0.00726	0.00922	0.00991	0.01117	0.00714	0.00709	0.01446	0.10569	0.07932	0.03346	0.57029	0.03715	0.01757	0.00792	0.00253	0.00419	0.05209	0.00624	0.00643
14	0.02414	0.03079	0.01831	0.01665	0.01998	0.74698	0.01248	0.02580	0.01831	0.01581	0.00999	0.01165	0.00832	0.00666	0.00583	0.00166	0.01165	0.00416	0.00333	0.00749
15	0.02369	0.01726	0.01846	0.01425	0.01917	0.01906	0.01174	0.66267	0.02921	0.03956	0.01590	0.01611	0.01138	0.00774	0.00633	0.00191	0.00683	0.00583	0.06226	0.01064
16	0.01020	0.00645	0.00764	0.00762	0.00803	0.00629	0.00464	0.01070	0.01089	0.05198	0.07240	0.13840	0.02829	0.57926	0.02645	0.00526	0.00566	0.01060	0.00463	0.00462
17	0.01122	0.00561	0.00842	0.00842	0.00842	0.00561	0.00561	0.00842	0.00842	0.01122	0.01122	0.01964	0.01122	0.02245	0.02525	0.81201	0.00561	0.00561	0.00281	0.00281
18	0.01599	0.01535	0.02623	0.03966	0.73262	0.01535	0.01983	0.01983	0.01471	0.02111	0.01215	0.01599	0.01023	0.00576	0.00640	0.00192	0.00768	0.00576	0.00320	0.01023
19	0.05398	0.01149	0.01298	0.01065	0.01461	0.01137	0.00858	0.18754	0.06863	0.24993	0.03573	0.03345	0.25219	0.01069	0.00677	0.00206	0.00510	0.00864	0.00669	0.00892
20	0.00826	0.00634	0.00753	0.00781	0.00925	0.00566	0.00567	0.01018	0.01504	0.01963	0.25143	0.24264	0.31745	0.03467	0.00843	0.00237	0.00347	0.03234	0.00628	0.00557
21	0.00803	0.00656	0.00709	0.00696	0.00897	0.00562	0.00522	0.01003	0.01565	0.01964	0.23730	0.05858	0.55678	0.01555	0.00763	0.00214	0.00321	0.01313	0.00629	0.00562
22	0.00865	0.00620	0.00849	0.00987	0.01060	0.00604	0.00732	0.01035	0.01288	0.01713	0.03384	0.52789	0.03923	0.02178	0.06522	0.00331	0.00537	0.19456	0.00579	0.00547
23	0.11459	0.01012	0.01066	0.00995	0.01267	0.01066	0.00774	0.10708	0.15048	0.02431	0.08283	0.14906	0.21631	0.01295	0.00699	0.00224	0.00457	0.05349	0.00599	0.00732
24	0.01907	0.01366	0.01511	0.01285	0.01668	0.01495	0.01028	0.23965	0.30555	0.11032	0.02411	0.02744	0.03520	0.05645	0.00838	0.00241	0.00588	0.06584	0.00647	0.00968
