[name]
unknown

[dist]
# distance from previous block
# <min> <max>
0	378

[block]
# block no. 0 follows, 33 sequences, length 26
# corresponding to MSA columns:
# 499-524
name=unknown_A
#
# <colnr> <probs for GDERKNQSTAVLIFYWHMCP>
#	G	D	E	R	K	N	Q	S	T	A	V	L	I	F	Y	W	H	M	C	P
0	0.00998	0.00728	0.00980	0.01112	0.01262	0.00709	0.00943	0.01265	0.01489	0.01917	0.03920	0.13970	0.12916	0.01822	0.00885	0.00289	0.00548	0.53046	0.00607	0.00593
1	0.00778	0.00667	0.00667	0.00667	0.00889	0.00556	0.00500	0.00945	0.01501	0.01778	0.06669	0.06336	0.72490	0.01667	0.00778	0.00222	0.00333	0.01389	0.00611	0.00556
2	0.00894	0.00659	0.00817	0.00817	0.00954	0.00605	0.00596	0.01122	0.01615	0.02192	0.41194	0.14717	0.18011	0.08580	0.01032	0.00263	0.00368	0.04336	0.00652	0.00576
3	0.11221	0.00729	0.00794	0.00765	0.00917	0.00726	0.00547	0.01281	0.01442	0.02249	0.29721	0.05768	0.08363	0.18944	0.01287	0.00302	0.00416	0.00970	0.12985	0.00573
4	0.00778	0.00667	0.00667	0.00667	0.00889	0.00556	0.00500	0.00945	0.01501	0.01778	0.06669	0.06336	0.72490	0.01667	0.00778	0.00222	0.00333	0.01389	0.00611	0.00556
5	0.01144	0.00572	0.00858	0.00858	0.00858	0.00572	0.00572	0.00858	0.00858	0.01144	0.01144	0.02001	0.01144	0.02287	0.02573	0.80846	0.00572	0.00572	0.00286	0.00286
6	0.00923	0.00683	0.00788	0.00784	0.00899	0.00649	0.00533	0.01141	0.04600	0.01861	0.21616	0.12568	0.20289	0.27858	0.01678	0.00368	0.00448	0.01209	0.00569	0.00538
7	0.00815	0.00661	0.00701	0.00701	0.00886	0.00571	0.00509	0.00979	0.01479	0.01824	0.13727	0.08887	0.54948	0.09155	0.01037	0.00264	0.00363	0.01343	0.00603	0.00547
8	0.05893	0.01126	0.01507	0.01160	0.01665	0.00987	0.00958	0.03161	0.01856	0.70585	0.02534	0.02197	0.01595	0.00807	0.00653	0.00204	0.00558	0.00651	0.00800	0.01105
9	0.00890	0.00652	0.00809	0.00899	0.00988	0.00616	0.00617	0.04230	0.01385	0.01820	0.05800	0.57856	0.13808	0.05176	0.00930	0.00272	0.00400	0.01684	0.00607	0.00562
10	0.05280	0.01331	0.01455	0.01256	0.01628	0.01465	0.00989	0.16792	0.35439	0.09786	0.09308	0.08069	0.02326	0.00986	0.00679	0.00217	0.00535	0.00818	0.00671	0.00971
11	0.01555	0.01206	0.01321	0.01171	0.01506	0.01307	0.00922	0.11733	0.34981	0.06074	0.13061	0.03508	0.13717	0.01103	0.00711	0.00220	0.00495	0.03837	0.00671	0.00901
12	0.01637	0.01414	0.01489	0.01340	0.01712	0.01637	0.01042	0.03498	0.71568	0.02754	0.02679	0.02456	0.02010	0.00893	0.00670	0.00223	0.00521	0.00744	0.00670	0.01042
13	0.01172	0.00877	0.00967	0.00913	0.01158	0.00846	0.00695	0.10506	0.06413	0.05145	0.06756	0.18990	0.38429	0.01535	0.00765	0.00229	0.00423	0.02864	0.00633	0.00686
14	0.01365	0.01170	0.01365	0.00975	0.01560	0.00878	0.00780	0.01658	0.01365	0.02145	0.01170	0.01365	0.00975	0.00488	0.00488	0.00098	0.00488	0.00390	0.00390	0.80888
15	0.01129	0.00572	0.00854	0.00860	0.00862	0.00570	0.00573	0.00860	0.00874	0.01166	0.01247	0.05093	0.01277	0.02278	0.02501	0.77499	0.00564	0.00626	0.00299	0.00296
16	0.01899	0.00861	0.01163	0.01032	0.01323	0.00764	0.00791	0.02111	0.01658	0.37660	0.12843	0.29138	0.03252	0.01336	0.00742	0.00227	0.00461	0.01169	0.00729	0.00840
17	0.00837	0.00619	0.00765	0.00867	0.00956	0.00572	0.00608	0.00971	0.01311	0.01691	0.04168	0.46215	0.19975	0.09416	0.01083	0.00297	0.00418	0.08109	0.00589	0.00533
18	0.00955	0.00647	0.00760	0.00760	0.00775	0.00661	0.00451	0.00984	0.00970	0.01308	0.02036	0.04095	0.02301	0.67941	0.12147	0.00690	0.00778	0.00926	0.00393	0.00422
19	0.00957	0.00638	0.00718	0.00718	0.00718	0.00638	0.00399	0.00957	0.00957	0.01276	0.02074	0.04308	0.02393	0.76864	0.03351	0.00638	0.00638	0.00957	0.00399	0.00399
20	0.01711	0.65477	0.08459	0.01322	0.01924	0.02447	0.07216	0.01991	0.01360	0.01635	0.00970	0.01142	0.00857	0.00567	0.00468	0.00153	0.00758	0.00398	0.00286	0.00858
21	0.00800	0.00582	0.00754	0.00892	0.00948	0.00537	0.00600	0.00919	0.01284	0.01690	0.03923	0.69640	0.10958	0.02024	0.00834	0.00263	0.00377	0.01825	0.00611	0.00537
22	0.00917	0.00672	0.00859	0.00813	0.00974	0.00615	0.00609	0.01213	0.01828	0.02556	0.66038	0.05055	0.12635	0.01377	0.00777	0.00209	0.00313	0.01210	0.00714	0.00615
23	0.01339	0.00970	0.01197	0.01072	0.04568	0.00846	0.00784	0.05712	0.01693	0.08494	0.24688	0.06422	0.13154	0.01045	0.00668	0.00177	0.00439	0.00893	0.00587	0.25250
24	0.01148	0.00724	0.00857	0.00820	0.01027	0.00641	0.00612	0.01333	0.01533	0.12029	0.15887	0.12144	0.34179	0.09733	0.01054	0.00271	0.00412	0.04330	0.00635	0.00630
25	0.01307	0.09263	0.06052	0.01017	0.01296	0.01116	0.00829	0.06465	0.04351	0.04163	0.01891	0.02907	0.03727	0.30851	0.13860	0.00498	0.00829	0.00731	0.00420	0.08425

[dist]
# distance from previous block
# <min> <max>
2	12

[block]
# block no. 1 follows, 33 sequences, length 55
# corresponding to MSA columns:
# 537-591
name=unknown_B
#
# <colnr> <probs for GDERKNQSTAVLIFYWHMCP>
#	G	D	E	R	K	N	Q	S	T	A	V	L	I	F	Y	W	H	M	C	P
0	0.01405	0.01227	0.01614	0.04125	0.01849	0.01007	0.06843	0.04320	0.01453	0.02191	0.01318	0.01734	0.01122	0.00580	0.00547	0.00127	0.00572	0.03906	0.00403	0.63657
1	0.01774	0.41235	0.11058	0.01363	0.01882	0.15567	0.01306	0.02044	0.01413	0.01678	0.00983	0.01182	0.00857	0.00640	0.00645	0.00164	0.07779	0.00405	0.00302	0.07722
2	0.00971	0.00805	0.01234	0.01095	0.01302	0.00742	0.10167	0.01241	0.01596	0.02161	0.33237	0.18944	0.15819	0.04339	0.00892	0.00243	0.00460	0.03518	0.00613	0.00621
3	0.01479	0.01581	0.06974	0.17616	0.08417	0.04375	0.21905	0.07939	0.01532	0.02055	0.01429	0.04569	0.01205	0.03457	0.09425	0.00328	0.03832	0.00702	0.00362	0.00819
4	0.00825	0.00585	0.00763	0.00890	0.00928	0.00550	0.00587	0.00934	0.01249	0.01671	0.06188	0.65106	0.04198	0.10825	0.01133	0.00309	0.00409	0.01737	0.00591	0.00522
5	0.01227	0.00614	0.00614	0.00614	0.00767	0.00614	0.00460	0.01534	0.01381	0.02454	0.02148	0.02454	0.01687	0.00767	0.00460	0.00153	0.00307	0.00614	0.80518	0.00614
6	0.00930	0.00788	0.01222	0.01129	0.01319	0.00722	0.10810	0.01152	0.01442	0.01896	0.12752	0.38400	0.19677	0.01653	0.00811	0.00244	0.00475	0.03389	0.00585	0.00604
7	0.01373	0.12297	0.65025	0.01786	0.02710	0.01658	0.02275	0.02071	0.01384	0.02020	0.01149	0.01350	0.00835	0.00618	0.00601	0.00200	0.00941	0.00470	0.00278	0.00958
8	0.01028	0.00925	0.04765	0.03358	0.01334	0.00806	0.03446	0.01481	0.06960	0.02514	0.54404	0.04424	0.09493	0.01244	0.00757	0.00210	0.00410	0.01099	0.00662	0.00680
9	0.01144	0.00572	0.00858	0.00858	0.00858	0.00572	0.00572	0.00858	0.00858	0.01144	0.01144	0.02001	0.01144	0.02287	0.02573	0.80846	0.00572	0.00572	0.00286	0.00286
10	0.01365	0.01170	0.01365	0.00975	0.01560	0.00878	0.00780	0.01658	0.01365	0.02145	0.01170	0.01365	0.00975	0.00488	0.00488	0.00098	0.00488	0.00390	0.00390	0.80888
11	0.01689	0.18574	0.11488	0.07321	0.02105	0.15153	0.01319	0.01999	0.01430	0.03697	0.01095	0.01329	0.00903	0.00646	0.00695	0.00166	0.08208	0.00442	0.00335	0.21404
12	0.27176	0.01310	0.01443	0.01251	0.05183	0.03193	0.03301	0.06297	0.01385	0.02443	0.01162	0.01421	0.00957	0.00988	0.07216	0.00244	0.03677	0.00453	0.00399	0.30502
13	0.01289	0.01412	0.12902	0.03835	0.01788	0.01162	0.04687	0.08083	0.14928	0.02219	0.02678	0.24184	0.04565	0.04192	0.00850	0.00256	0.00623	0.09024	0.00540	0.00784
14	0.02080	0.44068	0.02772	0.01338	0.01844	0.17916	0.01186	0.17767	0.01853	0.02156	0.01089	0.01204	0.00908	0.00640	0.00513	0.00160	0.00813	0.00422	0.00380	0.00890
15	0.65223	0.04062	0.13473	0.01047	0.01557	0.01522	0.01021	0.01962	0.01173	0.02760	0.00962	0.01124	0.00738	0.00612	0.00445	0.00203	0.00595	0.00379	0.00381	0.00762
16	0.02107	0.04606	0.01779	0.05207	0.03686	0.12218	0.01163	0.24608	0.10407	0.12477	0.08370	0.02143	0.03690	0.00859	0.00713	0.00201	0.03574	0.00662	0.00584	0.00949
17	0.00811	0.00579	0.00774	0.00927	0.00969	0.00542	0.00626	0.00932	0.01269	0.01690	0.03624	0.74101	0.04335	0.02054	0.00843	0.00269	0.00390	0.04118	0.00611	0.00537
18	0.00945	0.00689	0.00976	0.00976	0.01066	0.00779	0.00721	0.01123	0.01034	0.01468	0.01838	0.03000	0.01825	0.22214	0.57224	0.00957	0.01493	0.00766	0.00364	0.00542
19	0.00957	0.00638	0.00718	0.00718	0.00718	0.00638	0.00399	0.00957	0.00957	0.01276	0.02074	0.04308	0.02393	0.76864	0.03351	0.00638	0.00638	0.00957	0.00399	0.00399
20	0.00823	0.00589	0.00782	0.00902	0.00959	0.00549	0.00613	0.00969	0.01357	0.01834	0.14651	0.64973	0.04652	0.01948	0.00830	0.00258	0.00371	0.01762	0.00629	0.00549
21	0.00869	0.00688	0.00774	0.00797	0.00959	0.00632	0.00572	0.01136	0.05814	0.01895	0.13998	0.23794	0.37387	0.06485	0.00952	0.00259	0.00374	0.01419	0.00616	0.00579
22	0.34216	0.01165	0.01281	0.01037	0.01493	0.01158	0.00853	0.02629	0.01579	0.42620	0.04468	0.01871	0.01431	0.00753	0.00565	0.00204	0.00531	0.00559	0.00649	0.00940
23	0.02357	0.02968	0.01881	0.01699	0.02004	0.66988	0.01289	0.02524	0.01780	0.01609	0.01002	0.01213	0.00850	0.00726	0.00751	0.00181	0.08647	0.00439	0.00334	0.00759
24	0.00833	0.00595	0.00799	0.00952	0.01003	0.00561	0.00664	0.00970	0.01291	0.01715	0.03612	0.68256	0.04287	0.02034	0.00848	0.00272	0.00409	0.09747	0.00611	0.00543
25	0.00969	0.00736	0.00912	0.00947	0.01103	0.00715	0.00722	0.01361	0.08580	0.02153	0.25370	0.23956	0.14722	0.01620	0.00806	0.00244	0.00407	0.13397	0.00652	0.00628
26	0.01485	0.00759	0.00957	0.00891	0.01044	0.00708	0.00608	0.01583	0.01288	0.21670	0.02576	0.20161	0.02625	0.38356	0.02020	0.00431	0.00558	0.01082	0.00565	0.00633
27	0.01227	0.00614	0.00614	0.00614	0.00767	0.00614	0.00460	0.01534	0.01381	0.02454	0.02148	0.02454	0.01687	0.00767	0.00460	0.00153	0.00307	0.00614	0.80518	0.00614
28	0.00940	0.00705	0.01058	0.01058	0.01176	0.00823	0.00823	0.01176	0.01058	0.01528	0.01763	0.02586	0.01646	0.04937	0.74255	0.01058	0.01763	0.00705	0.00353	0.00588
29	0.00840	0.00652	0.00765	0.00774	0.00937	0.00576	0.00566	0.01051	0.01593	0.02084	0.30824	0.18780	0.34956	0.01620	0.00789	0.00225	0.00334	0.01404	0.00654	0.00576
30	0.00810	0.00584	0.00760	0.00891	0.00943	0.00543	0.00597	0.00931	0.01285	0.01705	0.06049	0.67090	0.08704	0.04599	0.00921	0.00275	0.00385	0.01787	0.00608	0.00534
31	0.01365	0.01170	0.01365	0.00975	0.01560	0.00878	0.00780	0.01658	0.01365	0.02145	0.01170	0.01365	0.00975	0.00488	0.00488	0.00098	0.00488	0.00390	0.00390	0.80888
32	0.01098	0.00807	0.01081	0.01205	0.01370	0.00825	0.01030	0.01533	0.08014	0.02024	0.03420	0.11468	0.03660	0.01748	0.00883	0.00293	0.00584	0.57703	0.00612	0.00642
33	0.01116	0.00849	0.00925	0.00851	0.01105	0.00801	0.00653	0.09078	0.05167	0.04629	0.17259	0.07935	0.44257	0.01460	0.00758	0.00218	0.00392	0.01227	0.00646	0.00673
34	0.00812	0.00580	0.00775	0.00928	0.00970	0.00543	0.00628	0.00933	0.01270	0.01691	0.03623	0.73841	0.04333	0.02053	0.00843	0.00269	0.00390	0.04368	0.00611	0.00537
35	0.00778	0.00667	0.00667	0.00667	0.00889	0.00556	0.00500	0.00945	0.01501	0.01778	0.06669	0.06336	0.72490	0.01667	0.00778	0.00222	0.00333	0.01389	0.00611	0.00556
36	0.02047	0.01617	0.01719	0.01422	0.01868	0.01829	0.01141	0.35214	0.39186	0.03414	0.02160	0.02042	0.01589	0.00845	0.00665	0.00211	0.00617	0.00673	0.00665	0.01079
37	0.00914	0.00668	0.00882	0.01008	0.01123	0.00636	0.00790	0.01123	0.01421	0.01847	0.06005	0.35046	0.13421	0.01883	0.00860	0.00275	0.00470	0.30444	0.00612	0.00571
38	0.01227	0.00614	0.00614	0.00614	0.00767	0.00614	0.00460	0.01534	0.01381	0.02454	0.02148	0.02454	0.01687	0.00767	0.00460	0.00153	0.00307	0.00614	0.80518	0.00614
39	0.00940	0.00705	0.01058	0.01058	0.01176	0.00823	0.00823	0.01176	0.01058	0.01528	0.01763	0.02586	0.01646	0.04937	0.74255	0.01058	0.01763	0.00705	0.00353	0.00588
40	0.00855	0.00670	0.00773	0.00747	0.00936	0.00588	0.00561	0.01093	0.01682	0.02208	0.39471	0.05628	0.39420	0.01507	0.00777	0.00215	0.00322	0.01290	0.00668	0.00588
41	0.00912	0.00601	0.00803	0.00930	0.00992	0.00557	0.00629	0.01034	0.01292	0.05331	0.03576	0.72648	0.04215	0.01999	0.00831	0.00264	0.00391	0.01810	0.00622	0.00565
42	0.00778	0.00667	0.00667	0.00667	0.00889	0.00556	0.00500	0.00945	0.01501	0.01778	0.06669	0.06336	0.72490	0.01667	0.00778	0.00222	0.00333	0.01389	0.00611	0.00556
43	0.01131	0.00580	0.00870	0.00870	0.00877	0.00587	0.00587	0.00877	0.00870	0.01167	0.01182	0.02038	0.01175	0.02452	0.07035	0.75879	0.00646	0.00580	0.00290	0.00305
44	0.00796	0.00668	0.00692	0.00686	0.00900	0.00564	0.00515	0.00980	0.01544	0.01881	0.14467	0.06167	0.64628	0.01629	0.00778	0.00220	0.00331	0.01366	0.00625	0.00564
45	0.01614	0.01549	0.02645	0.06799	0.70116	0.01560	0.02013	0.02007	0.01492	0.02133	0.01236	0.01634	0.01036	0.00589	0.00652	0.00196	0.00786	0.00587	0.00325	0.01031
46	0.00932	0.00673	0.00880	0.00828	0.00984	0.00621	0.00621	0.01242	0.01863	0.02640	0.72410	0.04918	0.06212	0.01346	0.00776	0.00207	0.00311	0.01191	0.00725	0.00621
47	0.01538	0.00863	0.01089	0.00976	0.01132	0.00893	0.00717	0.14855	0.01433	0.06514	0.01453	0.01992	0.01241	0.01700	0.01798	0.49274	0.00567	0.00587	0.10830	0.00546
48	0.01460	0.01380	0.02047	0.39406	0.21258	0.03668	0.01696	0.02178	0.16152	0.02025	0.01500	0.01854	0.01157	0.00690	0.00657	0.00213	0.00787	0.00614	0.00382	0.00877
49	0.01243	0.01170	0.01975	0.75282	0.04534	0.01463	0.01828	0.01682	0.01316	0.01682	0.01170	0.01755	0.00878	0.00658	0.00658	0.00219	0.00878	0.00585	0.00293	0.00731
50	0.02033	0.11452	0.02137	0.01560	0.01885	0.15259	0.01291	0.25255	0.04481	0.02496	0.01207	0.01430	0.00987	0.00859	0.01092	0.00215	0.24500	0.00532	0.00436	0.00891
51	0.00778	0.00667	0.00667	0.00667	0.00889	0.00556	0.00500	0.00945	0.01501	0.01778	0.06669	0.06336	0.72490	0.01667	0.00778	0.00222	0.00333	0.01389	0.00611	0.00556
52	0.01365	0.01170	0.01365	0.00975	0.01560	0.00878	0.00780	0.01658	0.01365	0.02145	0.01170	0.01365	0.00975	0.00488	0.00488	0.00098	0.00488	0.00390	0.00390	0.80888
53	0.27514	0.01481	0.01403	0.01223	0.01628	0.03733	0.00973	0.12824	0.36812	0.02990	0.01902	0.01844	0.01428	0.00781	0.00581	0.00212	0.00566	0.00588	0.00574	0.00939
54	0.01722	0.70904	0.09474	0.01191	0.01789	0.02512	0.01239	0.01981	0.01342	0.01595	0.00938	0.01085	0.00844	0.00569	0.00440	0.00147	0.00727	0.00364	0.00281	0.00856

[dist]
# distance from previous block
# <min> <max>
3	6

[block]
# block no. 2 follows, 33 sequences, length 41
# corresponding to MSA columns:
# 598-638
name=unknown_C
#
# <colnr> <probs for GDERKNQSTAVLIFYWHMCP>
#	G	D	E	R	K	N	Q	S	T	A	V	L	I	F	Y	W	H	M	C	P
0	0.01112	0.00840	0.01219	0.01494	0.08870	0.00837	0.01145	0.01420	0.01513	0.01983	0.03345	0.06783	0.05566	0.01684	0.00878	0.00289	0.00617	0.59177	0.00577	0.00651
1	0.01456	0.26238	0.51811	0.01645	0.02491	0.01862	0.02029	0.02050	0.01374	0.01919	0.01099	0.01287	0.00837	0.00606	0.00563	0.00188	0.00890	0.00445	0.00279	0.00933
2	0.01277	0.01204	0.02035	0.69142	0.10414	0.01471	0.01845	0.01711	0.01332	0.01722	0.01176	0.01744	0.00892	0.00652	0.00658	0.00217	0.00869	0.00585	0.00295	0.00758
3	0.00954	0.00719	0.00914	0.01015	0.01185	0.00680	0.00851	0.01202	0.01499	0.01893	0.04572	0.10025	0.27134	0.01778	0.00862	0.00274	0.00504	0.42744	0.00608	0.00586
4	0.01554	0.01776	0.03885	0.02775	0.03441	0.01665	0.70366	0.02109	0.01554	0.02109	0.01332	0.01776	0.00999	0.00555	0.00777	0.00222	0.01110	0.00777	0.00333	0.00888
5	0.01554	0.01776	0.03885	0.02775	0.03441	0.01665	0.70366	0.02109	0.01554	0.02109	0.01332	0.01776	0.00999	0.00555	0.00777	0.00222	0.01110	0.00777	0.00333	0.00888
6	0.01621	0.01586	0.02800	0.03907	0.65456	0.01575	0.09219	0.02030	0.01505	0.02146	0.01248	0.01645	0.01038	0.00583	0.00665	0.00198	0.00817	0.00607	0.00327	0.01026
7	0.02503	0.01844	0.01976	0.01515	0.02042	0.02042	0.01251	0.70562	0.03095	0.04149	0.01581	0.01581	0.01120	0.00790	0.00659	0.00198	0.00724	0.00593	0.00659	0.01120
8	0.01629	0.01564	0.02672	0.04041	0.72757	0.01564	0.02020	0.02020	0.01499	0.02151	0.01238	0.01629	0.01043	0.00587	0.00652	0.00196	0.00782	0.00587	0.00326	0.01043
9	0.00898	0.00672	0.00833	0.00793	0.00963	0.00607	0.00594	0.01176	0.01783	0.02449	0.57862	0.05231	0.20879	0.01417	0.00777	0.00210	0.00316	0.01235	0.00700	0.00607
10	0.01629	0.01564	0.02672	0.04041	0.72757	0.01564	0.02020	0.02020	0.01499	0.02151	0.01238	0.01629	0.01043	0.00587	0.00652	0.00196	0.00782	0.00587	0.00326	0.01043
11	0.00932	0.00673	0.00880	0.00828	0.00984	0.00621	0.00621	0.01242	0.01863	0.02640	0.72410	0.04918	0.06212	0.01346	0.00776	0.00207	0.00311	0.01191	0.00725	0.00621
12	0.00912	0.00672	0.00852	0.00807	0.00971	0.00613	0.00605	0.01204	0.01816	0.02528	0.63879	0.05102	0.14812	0.01388	0.00777	0.00209	0.00314	0.01216	0.00710	0.00613
13	0.01629	0.01564	0.02672	0.04041	0.72757	0.01564	0.02020	0.02020	0.01499	0.02151	0.01238	0.01629	0.01043	0.00587	0.00652	0.00196	0.00782	0.00587	0.00326	0.01043
14	0.01061	0.00758	0.01061	0.01212	0.01364	0.00758	0.01061	0.01364	0.01515	0.01970	0.03486	0.07426	0.03789	0.01819	0.00909	0.00303	0.00606	0.68326	0.00606	0.00606
15	0.00802	0.00573	0.00764	0.00917	0.00955	0.00535	0.00611	0.00917	0.01260	0.01681	0.03628	0.76434	0.04354	0.02062	0.00840	0.00267	0.00382	0.01872	0.00611	0.00535
16	0.01138	0.00720	0.00939	0.00857	0.01053	0.00655	0.00652	0.01437	0.01850	0.10036	0.62228	0.04697	0.08581	0.01304	0.00764	0.00207	0.00338	0.01143	0.00729	0.00671
17	0.01763	0.00849	0.01139	0.00981	0.01272	0.00757	0.00765	0.02030	0.01809	0.32044	0.35978	0.11331	0.04100	0.01199	0.00735	0.00212	0.00422	0.01041	0.00750	0.00821
18	0.00932	0.00673	0.00880	0.00828	0.00984	0.00621	0.00621	0.01242	0.01863	0.02640	0.72410	0.04918	0.06212	0.01346	0.00776	0.00207	0.00311	0.01191	0.00725	0.00621
19	0.00932	0.00673	0.00880	0.00828	0.00984	0.00621	0.00621	0.01242	0.01863	0.02640	0.72410	0.04918	0.06212	0.01346	0.00776	0.00207	0.00311	0.01191	0.00725	0.00621
20	0.00778	0.00667	0.00667	0.00667	0.00889	0.00556	0.00500	0.00945	0.01501	0.01778	0.06669	0.06336	0.72490	0.01667	0.00778	0.00222	0.00333	0.01389	0.00611	0.00556
21	0.00801	0.00578	0.00759	0.00903	0.00951	0.00536	0.00605	0.00918	0.01273	0.01686	0.03792	0.72672	0.08011	0.02041	0.00837	0.00265	0.00379	0.01846	0.00611	0.00536
22	0.00957	0.00638	0.00718	0.00718	0.00718	0.00638	0.00399	0.00957	0.00957	0.01276	0.02074	0.04308	0.02393	0.76864	0.03351	0.00638	0.00638	0.00957	0.00399	0.00399
23	0.00926	0.00673	0.00873	0.00823	0.00980	0.00619	0.00617	0.01232	0.01851	0.02610	0.70143	0.04966	0.08497	0.01357	0.00777	0.00208	0.00311	0.01197	0.00721	0.00619
24	0.00813	0.00588	0.00769	0.00893	0.00954	0.00544	0.00605	0.00949	0.01332	0.01778	0.10383	0.65440	0.08574	0.01971	0.00830	0.00259	0.00372	0.01778	0.00622	0.00544
25	0.02503	0.01844	0.01976	0.01515	0.02042	0.02042	0.01251	0.70562	0.03095	0.04149	0.01581	0.01581	0.01120	0.00790	0.00659	0.00198	0.00724	0.00593	0.00659	0.01120
26	0.01144	0.00572	0.00858	0.00858	0.00858	0.00572	0.00572	0.00858	0.00858	0.01144	0.01144	0.02001	0.01144	0.02287	0.02573	0.80846	0.00572	0.00572	0.00286	0.00286
27	0.00831	0.00589	0.00775	0.00913	0.00954	0.00557	0.00615	0.00945	0.01244	0.01657	0.03469	0.65682	0.04132	0.09360	0.01089	0.00306	0.00419	0.05348	0.00590	0.00525
28	0.01365	0.01170	0.01365	0.00975	0.01560	0.00878	0.00780	0.01658	0.01365	0.02145	0.01170	0.01365	0.00975	0.00488	0.00488	0.00098	0.00488	0.00390	0.00390	0.80888
29	0.00802	0.00573	0.00764	0.00917	0.00955	0.00535	0.00611	0.00917	0.01260	0.01681	0.03628	0.76434	0.04354	0.02062	0.00840	0.00267	0.00382	0.01872	0.00611	0.00535
30	0.00940	0.00705	0.01058	0.01058	0.01176	0.00823	0.00823	0.01176	0.01058	0.01528	0.01763	0.02586	0.01646	0.04937	0.74255	0.01058	0.01763	0.00705	0.00353	0.00588
31	0.01277	0.00779	0.00991	0.00923	0.01139	0.00725	0.00702	0.01631	0.05970	0.14028	0.38561	0.14931	0.11202	0.01378	0.00764	0.00220	0.00385	0.02977	0.00706	0.00710
32	0.00778	0.00667	0.00667	0.00667	0.00889	0.00556	0.00500	0.00945	0.01501	0.01778	0.06669	0.06336	0.72490	0.01667	0.00778	0.00222	0.00333	0.01389	0.00611	0.00556
33	0.00956	0.00640	0.00728	0.00725	0.00734	0.00637	0.00412	0.00975	0.01012	0.01359	0.06347	0.04345	0.02625	0.72276	0.03194	0.00612	0.00618	0.00972	0.00419	0.00412
34	0.02737	0.01169	0.01521	0.01199	0.01686	0.01078	0.00980	0.03256	0.13346	0.61624	0.02611	0.02276	0.01692	0.00828	0.00663	0.00207	0.00554	0.00676	0.00791	0.01107
35	0.01153	0.01052	0.01693	0.57654	0.03684	0.01257	0.01530	0.01547	0.01408	0.01818	0.11096	0.02653	0.09120	0.00855	0.00686	0.00218	0.00746	0.00749	0.00383	0.00698
36	0.00888	0.00760	0.00910	0.01068	0.08487	0.00672	0.00696	0.01087	0.01502	0.01856	0.08530	0.10086	0.55092	0.01570	0.00774	0.00225	0.00394	0.04206	0.00586	0.00611
37	0.01629	0.01564	0.02672	0.04041	0.72757	0.01564	0.02020	0.02020	0.01499	0.02151	0.01238	0.01629	0.01043	0.00587	0.00652	0.00196	0.00782	0.00587	0.00326	0.01043
38	0.00871	0.00605	0.00759	0.00855	0.00884	0.00583	0.00551	0.00951	0.01158	0.01542	0.03042	0.46613	0.03598	0.29980	0.01780	0.00407	0.00487	0.04315	0.00532	0.00487
39	0.76714	0.01308	0.01029	0.00905	0.01320	0.01511	0.00746	0.06104	0.01240	0.03026	0.00957	0.01100	0.00738	0.00622	0.00423	0.00203	0.00522	0.00371	0.00423	0.00738
40	0.59474	0.01377	0.01254	0.01177	0.05748	0.01558	0.00889	0.14571	0.01532	0.03115	0.03383	0.01323	0.00987	0.00667	0.00481	0.00202	0.00559	0.00441	0.00459	0.00805

[dist]
# distance from previous block
# <min> <max>
0	1

[block]
# block no. 3 follows, 33 sequences, length 8
# corresponding to MSA columns:
# 640-647
name=unknown_D
#
# <colnr> <probs for GDERKNQSTAVLIFYWHMCP>
#	G	D	E	R	K	N	Q	S	T	A	V	L	I	F	Y	W	H	M	C	P
0	0.01049	0.10554	0.01170	0.00862	0.01101	0.04226	0.00667	0.01241	0.01500	0.01888	0.17025	0.16441	0.30435	0.03937	0.00805	0.00222	0.00442	0.01190	0.00560	0.04687
1	0.02029	0.03697	0.12937	0.01613	0.04360	0.04958	0.07153	0.21008	0.09621	0.14642	0.04959	0.01883	0.01450	0.00749	0.00651	0.00196	0.00734	0.00620	0.00551	0.06187
2	0.06708	0.05192	0.14030	0.02007	0.14905	0.04997	0.09084	0.08389	0.01617	0.07591	0.01667	0.01998	0.04737	0.00752	0.00708	0.00200	0.04293	0.03210	0.00419	0.07495
3	0.01283	0.01271	0.13066	0.10912	0.04583	0.01010	0.01177	0.06716	0.01288	0.01736	0.01689	0.02445	0.05696	0.01550	0.01559	0.37387	0.00685	0.05002	0.00357	0.00589
4	0.01320	0.03405	0.73453	0.01876	0.02849	0.01529	0.02432	0.02085	0.01390	0.02085	0.01181	0.01390	0.00834	0.00625	0.00625	0.00208	0.00973	0.00486	0.00278	0.00973
5	0.01491	0.19164	0.46369	0.01592	0.02362	0.01740	0.01888	0.07926	0.01493	0.02085	0.01227	0.01558	0.00981	0.06499	0.00794	0.00226	0.00867	0.00503	0.00321	0.00914
6	0.01571	0.12008	0.52765	0.01757	0.02571	0.14338	0.02077	0.02166	0.01467	0.01939	0.01122	0.01315	0.00838	0.00627	0.00596	0.00194	0.00979	0.00460	0.00289	0.00921
7	0.00952	0.00679	0.00799	0.00821	0.01003	0.00600	0.00616	0.01141	0.01511	0.06008	0.13285	0.22588	0.38474	0.01686	0.00797	0.00237	0.00379	0.07192	0.00636	0.00596

[dist]
# distance from previous block
# <min> <max>
0	1

[block]
# block no. 4 follows, 33 sequences, length 23
# corresponding to MSA columns:
# 651-673
name=unknown_E
#
# <colnr> <probs for GDERKNQSTAVLIFYWHMCP>
#	G	D	E	R	K	N	Q	S	T	A	V	L	I	F	Y	W	H	M	C	P
0	0.01685	0.01611	0.01843	0.01647	0.09516	0.14709	0.07754	0.01977	0.01505	0.06529	0.01456	0.01673	0.03518	0.00776	0.03099	0.00184	0.03546	0.00525	0.00398	0.36048
1	0.01052	0.00862	0.01121	0.01339	0.13250	0.00803	0.00843	0.01333	0.03541	0.04181	0.11645	0.04952	0.42335	0.01616	0.05448	0.00272	0.00522	0.03636	0.00565	0.00681
2	0.01978	0.00897	0.01191	0.01004	0.01334	0.00792	0.00788	0.02219	0.01757	0.39732	0.21772	0.10945	0.07700	0.03796	0.00813	0.00228	0.00463	0.00986	0.00742	0.00864
3	0.01742	0.01281	0.01434	0.01298	0.01659	0.01421	0.01034	0.03160	0.52018	0.12528	0.02780	0.03119	0.02205	0.01011	0.00702	0.00232	0.00538	0.10163	0.00681	0.00992
4	0.01365	0.01170	0.01365	0.00975	0.01560	0.00878	0.00780	0.01658	0.01365	0.02145	0.01170	0.01365	0.00975	0.00488	0.00488	0.00098	0.00488	0.00390	0.00390	0.80888
5	0.00821	0.00654	0.00722	0.00734	0.00905	0.00570	0.00531	0.00997	0.01501	0.01892	0.18071	0.15417	0.46712	0.06356	0.00947	0.00252	0.00355	0.01391	0.00619	0.00555
6	0.02954	0.01120	0.01528	0.01171	0.01681	0.00968	0.00968	0.03208	0.01884	0.73213	0.02597	0.02241	0.01630	0.00815	0.00662	0.00204	0.00560	0.00662	0.00815	0.01120
7	0.01554	0.01776	0.03885	0.02775	0.03441	0.01665	0.70366	0.02109	0.01554	0.02109	0.01332	0.01776	0.00999	0.00555	0.00777	0.00222	0.01110	0.00777	0.00333	0.00888
8	0.01144	0.00572	0.00858	0.00858	0.00858	0.00572	0.00572	0.00858	0.00858	0.01144	0.01144	0.02001	0.01144	0.02287	0.02573	0.80846	0.00572	0.00572	0.00286	0.00286
9	0.00819	0.00585	0.00783	0.00936	0.00981	0.00549	0.00640	0.00945	0.01277	0.01699	0.03619	0.72026	0.04318	0.02047	0.00845	0.00270	0.00396	0.06117	0.00611	0.00539
10	0.81514	0.01273	0.00968	0.00866	0.01273	0.01477	0.00713	0.01935	0.01120	0.02954	0.00917	0.01069	0.00713	0.00611	0.00407	0.00204	0.00509	0.00356	0.00407	0.00713
11	0.05509	0.01471	0.01721	0.01324	0.01838	0.01497	0.01094	0.35254	0.02434	0.37830	0.02054	0.01885	0.01354	0.00796	0.00651	0.00201	0.00637	0.00618	0.00726	0.01106
12	0.02549	0.01769	0.01930	0.01479	0.02004	0.01931	0.01222	0.63619	0.02970	0.11269	0.01685	0.01649	0.01172	0.00793	0.00659	0.00198	0.00707	0.00600	0.00675	0.01120
13	0.02459	0.03138	0.01866	0.01696	0.02035	0.74221	0.01272	0.02629	0.01866	0.01611	0.01018	0.01187	0.00848	0.00678	0.00594	0.00170	0.01187	0.00424	0.00339	0.00763
14	0.02503	0.01844	0.01976	0.01515	0.02042	0.02042	0.01251	0.70562	0.03095	0.04149	0.01581	0.01581	0.01120	0.00790	0.00659	0.00198	0.00724	0.00593	0.00659	0.01120
15	0.01308	0.00692	0.00700	0.00671	0.00848	0.00704	0.00511	0.05928	0.01490	0.02562	0.02111	0.02399	0.01651	0.00768	0.00473	0.00156	0.00333	0.00612	0.75435	0.00646
16	0.00780	0.00661	0.00673	0.00682	0.00893	0.00554	0.00507	0.00943	0.01486	0.01772	0.06480	0.10687	0.68261	0.01692	0.00782	0.00225	0.00336	0.01419	0.00611	0.00554
17	0.02459	0.03138	0.01866	0.01696	0.02035	0.74221	0.01272	0.02629	0.01866	0.01611	0.01018	0.01187	0.00848	0.00678	0.00594	0.00170	0.01187	0.00424	0.00339	0.00763
18	0.01365	0.01170	0.01365	0.00975	0.01560	0.00878	0.00780	0.01658	0.01365	0.02145	0.01170	0.01365	0.00975	0.00488	0.00488	0.00098	0.00488	0.00390	0.00390	0.80888
19	0.00788	0.00667	0.00680	0.00677	0.00895	0.00560	0.00508	0.00964	0.01524	0.01833	0.10854	0.06245	0.68271	0.01647	0.00778	0.00221	0.00332	0.01377	0.00619	0.00560
20	0.00802	0.00573	0.00764	0.00917	0.00955	0.00535	0.00611	0.00917	0.01260	0.01681	0.03628	0.76434	0.04354	0.02062	0.00840	0.00267	0.00382	0.01872	0.00611	0.00535
21	0.00940	0.00705	0.01058	0.01058	0.01176	0.00823	0.00823	0.01176	0.01058	0.01528	0.01763	0.02586	0.01646	0.04937	0.74255	0.01058	0.01763	0.00705	0.00353	0.00588
22	0.02905	0.01199	0.01576	0.01208	0.01720	0.01084	0.00998	0.10501	0.02015	0.65736	0.02487	0.02169	0.01574	0.00812	0.00662	0.00203	0.00578	0.00655	0.00798	0.01120

[dist]
# distance from previous block
# <min> <max>
1	2

[block]
# block no. 5 follows, 33 sequences, length 30
# corresponding to MSA columns:
# 676-705
name=unknown_F
#
# <colnr> <probs for GDERKNQSTAVLIFYWHMCP>
#	G	D	E	R	K	N	Q	S	T	A	V	L	I	F	Y	W	H	M	C	P
0	0.02459	0.03138	0.01866	0.01696	0.02035	0.74221	0.01272	0.02629	0.01866	0.01611	0.01018	0.01187	0.00848	0.00678	0.00594	0.00170	0.01187	0.00424	0.00339	0.00763
1	0.01724	0.01920	0.07733	0.03553	0.57696	0.11785	0.01945	0.02111	0.01543	0.02070	0.01203	0.01550	0.01000	0.00602	0.00642	0.00193	0.00853	0.00556	0.00324	0.00998
2	0.01629	0.01564	0.02672	0.04041	0.72757	0.01564	0.02020	0.02020	0.01499	0.02151	0.01238	0.01629	0.01043	0.00587	0.00652	0.00196	0.00782	0.00587	0.00326	0.01043
3	0.00942	0.00698	0.01023	0.01023	0.01128	0.00804	0.00779	0.01153	0.01048	0.01502	0.01796	0.02764	0.01723	0.12381	0.66917	0.01015	0.01647	0.00731	0.00357	0.00568
4	0.01243	0.01170	0.01975	0.75282	0.04534	0.01463	0.01828	0.01682	0.01316	0.01682	0.01170	0.01755	0.00878	0.00658	0.00658	0.00219	0.00878	0.00585	0.00293	0.00731
5	0.01320	0.01249	0.02114	0.61038	0.18175	0.01483	0.01867	0.01750	0.01353	0.01776	0.01184	0.01730	0.00911	0.00644	0.00657	0.00215	0.00858	0.00585	0.00299	0.00794
6	0.81514	0.01273	0.00968	0.00866	0.01273	0.01477	0.00713	0.01935	0.01120	0.02954	0.00917	0.01069	0.00713	0.00611	0.00407	0.00204	0.00509	0.00356	0.00407	0.00713
7	0.00957	0.00638	0.00718	0.00718	0.00718	0.00638	0.00399	0.00957	0.00957	0.01276	0.02074	0.04308	0.02393	0.76864	0.03351	0.00638	0.00638	0.00957	0.00399	0.00399
8	0.01534	0.00842	0.01086	0.00996	0.01266	0.00774	0.00797	0.01864	0.04724	0.22516	0.24604	0.08003	0.13879	0.01338	0.00766	0.00229	0.00449	0.12863	0.00705	0.00766
9	0.06588	0.01127	0.01502	0.01157	0.01662	0.00991	0.00956	0.03149	0.01849	0.69963	0.02519	0.02187	0.01587	0.00805	0.00650	0.00204	0.00558	0.00648	0.00796	0.01102
10	0.00778	0.00667	0.00667	0.00667	0.00889	0.00556	0.00500	0.00945	0.01501	0.01778	0.06669	0.06336	0.72490	0.01667	0.00778	0.00222	0.00333	0.01389	0.00611	0.00556
11	0.00808	0.00647	0.00725	0.00763	0.00931	0.00564	0.00558	0.00980	0.01476	0.01842	0.12004	0.23675	0.46935	0.01740	0.00798	0.00235	0.00353	0.03786	0.00622	0.00558
12	0.01525	0.01472	0.02551	0.22546	0.51519	0.01543	0.05378	0.01937	0.01454	0.02026	0.01225	0.01669	0.00998	0.00604	0.00660	0.00203	0.00823	0.00596	0.00318	0.00954
13	0.02503	0.01844	0.01976	0.01515	0.02042	0.02042	0.01251	0.70562	0.03095	0.04149	0.01581	0.01581	0.01120	0.00790	0.00659	0.00198	0.00724	0.00593	0.00659	0.01120
14	0.18137	0.01216	0.01805	0.55346	0.07963	0.01472	0.01605	0.01756	0.01286	0.01978	0.01121	0.01603	0.00853	0.00644	0.00605	0.00215	0.00794	0.00537	0.00319	0.00746
15	0.01648	0.01504	0.02422	0.22824	0.42193	0.01608	0.03934	0.11712	0.01679	0.02308	0.01272	0.01661	0.01008	0.00634	0.00658	0.00203	0.00810	0.00593	0.00365	0.00965
16	0.01227	0.00614	0.00614	0.00614	0.00767	0.00614	0.00460	0.01534	0.01381	0.02454	0.02148	0.02454	0.01687	0.00767	0.00460	0.00153	0.00307	0.00614	0.80518	0.00614
17	0.01221	0.00611	0.00631	0.00631	0.00774	0.00611	0.00468	0.01485	0.01342	0.02359	0.02074	0.02421	0.01648	0.00878	0.00615	0.06052	0.00326	0.00611	0.74654	0.00590
18	0.74201	0.01290	0.01039	0.00909	0.01326	0.01476	0.00749	0.04949	0.01243	0.06508	0.01029	0.01150	0.00776	0.00629	0.00431	0.00203	0.00521	0.00382	0.00439	0.00751
19	0.01495	0.01473	0.02043	0.42964	0.18240	0.08371	0.01706	0.02098	0.11291	0.01925	0.01382	0.01774	0.01069	0.00678	0.00652	0.00210	0.00837	0.00593	0.00357	0.00844
20	0.00799	0.00583	0.00753	0.00889	0.00948	0.00537	0.00599	0.00920	0.01287	0.01691	0.03968	0.68601	0.11968	0.02018	0.00833	0.00262	0.00377	0.01818	0.00611	0.00537
21	0.01243	0.01170	0.01975	0.75282	0.04534	0.01463	0.01828	0.01682	0.01316	0.01682	0.01170	0.01755	0.00878	0.00658	0.00658	0.00219	0.00878	0.00585	0.00293	0.00731
22	0.00940	0.00705	0.01058	0.01058	0.01176	0.00823	0.00823	0.01176	0.01058	0.01528	0.01763	0.02586	0.01646	0.04937	0.74255	0.01058	0.01763	0.00705	0.00353	0.00588
23	0.01018	0.07926	0.01284	0.01064	0.01224	0.00991	0.00852	0.01251	0.01084	0.01530	0.01683	0.02442	0.01570	0.04525	0.67291	0.00972	0.01663	0.00672	0.00346	0.00612
24	0.01542	0.21758	0.49176	0.01654	0.02483	0.01847	0.01994	0.08515	0.01538	0.02145	0.01152	0.01324	0.00864	0.00625	0.00578	0.00191	0.00882	0.00463	0.00315	0.00955
25	0.02044	0.01595	0.01551	0.01353	0.01751	0.11846	0.01058	0.03310	0.46283	0.18102	0.02424	0.02228	0.01760	0.00845	0.00657	0.00211	0.00625	0.00680	0.00655	0.01019
26	0.00919	0.00669	0.00843	0.00802	0.00949	0.00616	0.00588	0.01186	0.01742	0.02425	0.59183	0.05002	0.12498	0.08501	0.01019	0.00249	0.00344	0.01189	0.00683	0.00594
27	0.05353	0.01169	0.01689	0.01296	0.01789	0.01051	0.07485	0.02946	0.04081	0.57341	0.06844	0.02333	0.01841	0.00819	0.00672	0.00206	0.00593	0.00698	0.00745	0.01050
28	0.01116	0.00769	0.01009	0.08210	0.01471	0.00739	0.00858	0.01349	0.01482	0.08546	0.04283	0.17976	0.26770	0.01601	0.00805	0.00252	0.00497	0.21032	0.00598	0.00637
29	0.01944	0.01135	0.01614	0.01377	0.01759	0.01102	0.07979	0.08757	0.06918	0.27226	0.02809	0.04096	0.04293	0.01171	0.00764	0.00242	0.00638	0.24621	0.00662	0.00894

[dist]
# distance from previous block
# <min> <max>
4	38

[block]
# block no. 6 follows, 33 sequences, length 11
# corresponding to MSA columns:
# 744-754
name=unknown_G
#
# <colnr> <probs for GDERKNQSTAVLIFYWHMCP>
#	G	D	E	R	K	N	Q	S	T	A	V	L	I	F	Y	W	H	M	C	P
0	0.02503	0.01844	0.01976	0.01515	0.02042	0.02042	0.01251	0.70562	0.03095	0.04149	0.01581	0.01581	0.01120	0.00790	0.00659	0.00198	0.00724	0.00593	0.00659	0.01120
1	0.01232	0.00931	0.01180	0.04566	0.01509	0.01006	0.00988	0.01906	0.21831	0.02078	0.04979	0.08151	0.02873	0.01557	0.01051	0.11416	0.00569	0.30916	0.00570	0.00692
2	0.01297	0.01225	0.02071	0.65424	0.13974	0.01477	0.01855	0.01729	0.01342	0.01747	0.01180	0.01738	0.00900	0.00648	0.00657	0.00216	0.00864	0.00585	0.00297	0.00774
3	0.01685	0.01720	0.02775	0.03678	0.57494	0.07405	0.11417	0.02081	0.01536	0.02102	0.01234	0.01614	0.01021	0.00590	0.00664	0.00197	0.00860	0.00600	0.00328	0.00999
4	0.02198	0.13340	0.02354	0.02007	0.17444	0.02024	0.01400	0.45070	0.02477	0.03314	0.01404	0.01511	0.01061	0.00711	0.00621	0.00188	0.00734	0.00554	0.00528	0.01061
5	0.02208	0.01628	0.01783	0.01374	0.01863	0.01733	0.01119	0.53812	0.02631	0.03575	0.01479	0.01585	0.01100	0.00877	0.00802	0.07345	0.00675	0.00560	0.00584	0.13269
6	0.01517	0.01280	0.01674	0.01472	0.01633	0.01596	0.01220	0.16547	0.01552	0.02193	0.01598	0.02612	0.01521	0.01915	0.15721	0.00421	0.33347	0.10987	0.00430	0.00764
7	0.01251	0.00763	0.01097	0.01043	0.01209	0.00827	0.00805	0.01466	0.01175	0.12489	0.01921	0.02698	0.01715	0.11186	0.56195	0.00887	0.01471	0.00723	0.00428	0.00651
8	0.01226	0.01150	0.01393	0.01271	0.01417	0.09325	0.03314	0.01462	0.01314	0.01785	0.15291	0.02638	0.02277	0.02886	0.35367	0.00617	0.15460	0.00746	0.00411	0.00650
9	0.01851	0.02055	0.01795	0.01566	0.01855	0.32171	0.05981	0.02203	0.08372	0.01997	0.11593	0.02436	0.07541	0.00983	0.00925	0.00219	0.12341	0.00712	0.00467	0.02937
10	0.05919	0.02631	0.01863	0.01668	0.01963	0.51216	0.01278	0.06421	0.01777	0.01891	0.01140	0.01423	0.00976	0.01007	0.04310	0.00248	0.12587	0.00494	0.00382	0.00808

[dist]
# distance from previous block
# <min> <max>
10	25

[block]
# block no. 7 follows, 33 sequences, length 9
# corresponding to MSA columns:
# 780-788
name=unknown_H
#
# <colnr> <probs for GDERKNQSTAVLIFYWHMCP>
#	G	D	E	R	K	N	Q	S	T	A	V	L	I	F	Y	W	H	M	C	P
0	0.19248	0.16584	0.01973	0.01345	0.01770	0.22843	0.01107	0.15351	0.07420	0.02463	0.01212	0.01322	0.00964	0.00695	0.00589	0.00185	0.03184	0.00458	0.00429	0.00857
1	0.02385	0.01636	0.01577	0.01313	0.01744	0.17050	0.01039	0.05974	0.16908	0.33244	0.05248	0.02109	0.01693	0.00810	0.00646	0.00196	0.00681	0.00637	0.00651	0.04460
2	0.01041	0.00838	0.01125	0.01022	0.01144	0.00921	0.00797	0.01316	0.01679	0.02413	0.57012	0.04169	0.05061	0.01304	0.01074	0.00224	0.16527	0.01058	0.00631	0.00642
3	0.02544	0.02040	0.01901	0.01515	0.01999	0.17454	0.01224	0.48296	0.02693	0.11442	0.01575	0.01571	0.01119	0.00769	0.00645	0.00192	0.00805	0.00564	0.00608	0.01043
4	0.00947	0.00678	0.00919	0.00919	0.00988	0.00747	0.00649	0.01086	0.01017	0.01425	0.01891	0.03291	0.01952	0.34371	0.45240	0.00886	0.01303	0.00808	0.00372	0.00510
5	0.00857	0.00646	0.00708	0.00708	0.00882	0.00559	0.00516	0.00926	0.01362	0.01642	0.05480	0.05403	0.57135	0.01801	0.01164	0.17574	0.00385	0.01213	0.00541	0.00498
6	0.01106	0.00804	0.01059	0.01011	0.01138	0.00898	0.00750	0.08271	0.01240	0.01729	0.01830	0.02958	0.01798	0.24380	0.47077	0.00853	0.01345	0.00763	0.00397	0.00590
7	0.02186	0.09493	0.15515	0.01673	0.02159	0.50967	0.01477	0.05657	0.01788	0.01814	0.01066	0.01233	0.00858	0.00664	0.00588	0.00176	0.01084	0.00438	0.00338	0.00827
8	0.01965	0.04896	0.07241	0.01752	0.02106	0.22067	0.07331	0.16815	0.01782	0.02223	0.01126	0.01411	0.00923	0.00833	0.01111	0.00219	0.24418	0.00540	0.00385	0.00855

[dist]
# distance from previous block
# <min> <max>
0	477

# created by:
# /home/cegg/simao/soft/augustus-3.2.1/scripts/msa2prfl.pl ./align_prep/EOG090W05WF.fa
