[name]
unknown

[dist]
# distance from previous block
# <min> <max>
0	159

[block]
# block no. 0 follows, 31 sequences, length 26
# corresponding to MSA columns:
# 174-199
name=unknown_A
#
# <colnr> <probs for GDERKNQSTAVLIFYWHMCP>
#	G	D	E	R	K	N	Q	S	T	A	V	L	I	F	Y	W	H	M	C	P
0	0.01844	0.01658	0.07241	0.01543	0.07696	0.07348	0.01201	0.13609	0.07086	0.08479	0.03960	0.04298	0.01588	0.00803	0.00637	0.00182	0.00670	0.03085	0.04806	0.22265
1	0.01608	0.01136	0.01374	0.01030	0.01562	0.00888	0.00819	0.01898	0.01537	0.13007	0.07122	0.05530	0.01723	0.00711	0.00577	0.00136	0.00498	0.00591	0.00512	0.57742
2	0.00919	0.00669	0.00848	0.00963	0.01043	0.00635	0.00659	0.04354	0.01424	0.01882	0.03915	0.66385	0.09654	0.02045	0.00859	0.00271	0.00411	0.01839	0.00638	0.00588
3	0.01492	0.04659	0.07246	0.06733	0.04137	0.01454	0.03475	0.06897	0.29409	0.02598	0.14185	0.05161	0.07608	0.01020	0.00715	0.00223	0.00601	0.00871	0.00598	0.00918
4	0.00990	0.00684	0.00853	0.00853	0.00889	0.00721	0.00547	0.01063	0.01026	0.01405	0.02058	0.03938	0.02253	0.54614	0.24505	0.00795	0.01016	0.00916	0.00400	0.00474
5	0.01623	0.08200	0.24194	0.09013	0.22231	0.06504	0.05198	0.02321	0.10040	0.02158	0.01410	0.01664	0.01093	0.00671	0.00655	0.00208	0.00888	0.00576	0.00362	0.00988
6	0.00882	0.00692	0.00797	0.00778	0.00971	0.00607	0.00581	0.01120	0.01720	0.02248	0.35863	0.08458	0.39647	0.01597	0.00810	0.00226	0.00338	0.01369	0.00688	0.00607
7	0.00986	0.00806	0.01115	0.05132	0.06897	0.00768	0.03303	0.01178	0.01423	0.01854	0.09918	0.25480	0.23377	0.13183	0.01226	0.00308	0.00506	0.01367	0.00559	0.00615
8	0.05550	0.03497	0.01743	0.01410	0.04786	0.01364	0.01105	0.15461	0.08016	0.43876	0.02309	0.02124	0.01545	0.00953	0.02855	0.00237	0.00660	0.00659	0.00736	0.01113
9	0.01483	0.02865	0.48837	0.02469	0.20550	0.01577	0.02292	0.04572	0.01560	0.02287	0.04262	0.01673	0.01173	0.00678	0.00665	0.00213	0.00921	0.00568	0.00336	0.01020
10	0.01275	0.00638	0.00638	0.00638	0.00797	0.00638	0.00478	0.01594	0.01435	0.02551	0.02232	0.02551	0.01754	0.00797	0.00478	0.00159	0.00319	0.00638	0.79755	0.00638
11	0.11021	0.01815	0.03751	0.05013	0.18110	0.06316	0.06866	0.26364	0.02104	0.02998	0.01348	0.01569	0.01035	0.00712	0.00705	0.00204	0.03526	0.00575	0.00474	0.05495
12	0.01623	0.01281	0.01512	0.06279	0.04501	0.01406	0.01074	0.12565	0.30152	0.04925	0.23411	0.03110	0.03156	0.01025	0.00726	0.00221	0.00543	0.00872	0.00676	0.00942
13	0.02172	0.01703	0.01812	0.01487	0.01958	0.01921	0.01197	0.38038	0.35285	0.03620	0.02187	0.02077	0.01605	0.00872	0.00690	0.00218	0.00652	0.00691	0.00690	0.01125
14	0.01761	0.01778	0.02635	0.08749	0.59405	0.09521	0.02000	0.02145	0.01587	0.02140	0.01257	0.01652	0.01050	0.00625	0.00671	0.00202	0.00866	0.00591	0.00338	0.01029
15	0.06605	0.01172	0.01561	0.01203	0.01727	0.01030	0.00993	0.03274	0.01922	0.69019	0.02620	0.02273	0.01650	0.00837	0.00676	0.00212	0.00580	0.00674	0.00828	0.01145
16	0.01292	0.01216	0.02052	0.74312	0.04712	0.01520	0.01900	0.01748	0.01368	0.01748	0.01216	0.01824	0.00912	0.00684	0.00684	0.00228	0.00912	0.00608	0.00304	0.00760
17	0.01740	0.01176	0.01452	0.09900	0.01916	0.01252	0.01052	0.07872	0.22490	0.15434	0.20575	0.03278	0.05105	0.01048	0.00731	0.00223	0.00549	0.02592	0.00687	0.00924
18	0.51728	0.01465	0.01347	0.01113	0.01581	0.01636	0.00918	0.20142	0.01796	0.10681	0.01321	0.01381	0.00954	0.00707	0.00521	0.00210	0.00594	0.00469	0.00538	0.00898
19	0.01168	0.00971	0.01422	0.12802	0.14259	0.00997	0.01120	0.04651	0.01585	0.02140	0.15017	0.25978	0.10235	0.01492	0.02810	0.00261	0.00590	0.01227	0.00547	0.00730
20	0.01058	0.00770	0.01043	0.01182	0.01344	0.00755	0.01017	0.01350	0.01564	0.02013	0.04021	0.09904	0.11975	0.01880	0.00926	0.00304	0.00588	0.57053	0.00631	0.00621
21	0.05431	0.01403	0.01644	0.04640	0.06800	0.04965	0.04754	0.13569	0.18849	0.02718	0.12045	0.03065	0.12163	0.01175	0.03520	0.00253	0.00672	0.00852	0.00589	0.00893
22	0.00848	0.00607	0.00807	0.00942	0.00996	0.00566	0.00636	0.00990	0.01379	0.01857	0.11238	0.67729	0.04738	0.02061	0.00866	0.00271	0.00389	0.01867	0.00648	0.00566
23	0.01303	0.01079	0.01438	0.21264	0.02310	0.01007	0.01057	0.01636	0.01500	0.04061	0.10632	0.02609	0.09411	0.00818	0.00631	0.00169	0.00576	0.00692	0.02384	0.35423
24	0.01492	0.01672	0.07741	0.01852	0.01960	0.02041	0.04285	0.01709	0.01102	0.01709	0.00944	0.01507	0.00901	0.01129	0.02061	0.00290	0.65929	0.00600	0.00300	0.00776
25	0.10909	0.01526	0.01818	0.01519	0.01785	0.04621	0.03689	0.13969	0.07086	0.07251	0.01453	0.01731	0.01164	0.01076	0.03533	0.00270	0.29181	0.00604	0.05943	0.00872

[dist]
# distance from previous block
# <min> <max>
0	1

[block]
# block no. 1 follows, 31 sequences, length 25
# corresponding to MSA columns:
# 201-225
name=unknown_B
#
# <colnr> <probs for GDERKNQSTAVLIFYWHMCP>
#	G	D	E	R	K	N	Q	S	T	A	V	L	I	F	Y	W	H	M	C	P
0	0.01544	0.25393	0.20949	0.01477	0.02037	0.01912	0.01520	0.01976	0.03706	0.01939	0.03614	0.01511	0.01138	0.00757	0.00897	0.00195	0.15905	0.00501	0.00340	0.12689
1	0.00968	0.00699	0.00914	0.00861	0.01022	0.00646	0.00646	0.01291	0.01937	0.02743	0.71328	0.05110	0.06455	0.01399	0.00807	0.00215	0.00323	0.01237	0.00753	0.00646
2	0.01837	0.48483	0.14073	0.06094	0.02193	0.13612	0.01455	0.02156	0.01484	0.01717	0.01029	0.01220	0.00879	0.00621	0.00516	0.00167	0.00867	0.00415	0.00302	0.00878
3	0.01748	0.01378	0.01498	0.01353	0.01726	0.01556	0.01057	0.03399	0.59003	0.08366	0.02856	0.06079	0.02242	0.01016	0.00714	0.00236	0.00542	0.03481	0.00703	0.01047
4	0.01419	0.01216	0.01419	0.01013	0.01621	0.00912	0.00811	0.01723	0.01419	0.02229	0.01216	0.01419	0.01013	0.00507	0.00507	0.00101	0.00507	0.00405	0.00405	0.80139
5	0.00968	0.00699	0.00914	0.00861	0.01022	0.00646	0.00646	0.01291	0.01937	0.02743	0.71328	0.05110	0.06455	0.01399	0.00807	0.00215	0.00323	0.01237	0.00753	0.00646
6	0.00995	0.00663	0.00746	0.00746	0.00746	0.00663	0.00415	0.00995	0.00995	0.01327	0.02156	0.04477	0.02487	0.75957	0.03482	0.00663	0.00663	0.00995	0.00415	0.00415
7	0.01102	0.00787	0.01102	0.01260	0.01417	0.00787	0.01102	0.01417	0.01575	0.02047	0.03622	0.07717	0.03937	0.01890	0.00945	0.00315	0.00630	0.67084	0.00630	0.00630
8	0.01419	0.01216	0.01419	0.01013	0.01621	0.00912	0.00811	0.01723	0.01419	0.02229	0.01216	0.01419	0.01013	0.00507	0.00507	0.00101	0.00507	0.00405	0.00405	0.80139
9	0.00968	0.00699	0.00914	0.00861	0.01022	0.00646	0.00646	0.01291	0.01937	0.02743	0.71328	0.05110	0.06455	0.01399	0.00807	0.00215	0.00323	0.01237	0.00753	0.00646
10	0.80789	0.01323	0.01006	0.00900	0.01323	0.01535	0.00741	0.02011	0.01164	0.03070	0.00953	0.01111	0.00741	0.00635	0.00423	0.00212	0.00529	0.00370	0.00423	0.00741
11	0.01702	0.01470	0.01547	0.01392	0.01779	0.01702	0.01083	0.03635	0.70453	0.02862	0.02785	0.02553	0.02088	0.00928	0.00696	0.00232	0.00541	0.00773	0.00696	0.01083
12	0.01627	0.01806	0.03795	0.02950	0.10450	0.01718	0.59239	0.02248	0.04753	0.02227	0.01438	0.01862	0.01091	0.00596	0.00789	0.00228	0.01091	0.00786	0.00361	0.00946
13	0.80789	0.01323	0.01006	0.00900	0.01323	0.01535	0.00741	0.02011	0.01164	0.03070	0.00953	0.01111	0.00741	0.00635	0.00423	0.00212	0.00529	0.00370	0.00423	0.00741
14	0.01702	0.01470	0.01547	0.01392	0.01779	0.01702	0.01083	0.03635	0.70453	0.02862	0.02785	0.02553	0.02088	0.00928	0.00696	0.00232	0.00541	0.00773	0.00696	0.01083
15	0.00875	0.00630	0.00838	0.00983	0.01051	0.00592	0.00697	0.01031	0.01379	0.01827	0.06213	0.60863	0.07054	0.02066	0.00879	0.00279	0.00425	0.11109	0.00638	0.00570
16	0.01693	0.01626	0.02777	0.04199	0.71689	0.01626	0.02100	0.02100	0.01558	0.02235	0.01287	0.01693	0.01084	0.00610	0.00677	0.00203	0.00813	0.00610	0.00339	0.01084
17	0.80789	0.01323	0.01006	0.00900	0.01323	0.01535	0.00741	0.02011	0.01164	0.03070	0.00953	0.01111	0.00741	0.00635	0.00423	0.00212	0.00529	0.00370	0.00423	0.00741
18	0.00868	0.00642	0.00815	0.00916	0.01016	0.00589	0.00651	0.01039	0.01461	0.01924	0.13584	0.48190	0.16928	0.01947	0.00858	0.00264	0.00395	0.06684	0.00651	0.00578
19	0.00840	0.00600	0.00800	0.00948	0.00994	0.00560	0.00636	0.00969	0.01339	0.01794	0.06963	0.72183	0.04616	0.02108	0.00870	0.00275	0.00393	0.01911	0.00641	0.00560
20	0.01438	0.01275	0.01403	0.01038	0.01597	0.04466	0.00822	0.01737	0.01487	0.02244	0.06947	0.01712	0.01452	0.00589	0.00537	0.00114	0.00528	0.00475	0.00431	0.69707
21	0.01658	0.38532	0.20918	0.01817	0.02536	0.02170	0.19422	0.02116	0.01463	0.01902	0.01134	0.01381	0.00917	0.00599	0.00589	0.00186	0.00913	0.00517	0.00306	0.00923
22	0.01615	0.01845	0.04037	0.02884	0.03576	0.01730	0.69204	0.02191	0.01615	0.02191	0.01384	0.01845	0.01038	0.00577	0.00807	0.00231	0.01153	0.00807	0.00346	0.00923
23	0.00832	0.00600	0.00789	0.00940	0.00989	0.00557	0.00630	0.00954	0.01322	0.01751	0.03923	0.72190	0.07746	0.02124	0.00870	0.00276	0.00394	0.01921	0.00635	0.00557
24	0.01235	0.02211	0.35991	0.01806	0.09989	0.01260	0.01764	0.01751	0.01468	0.02072	0.05665	0.07456	0.13138	0.01248	0.04353	0.00272	0.03034	0.04015	0.00415	0.00857

[dist]
# distance from previous block
# <min> <max>
0	2

[block]
# block no. 2 follows, 31 sequences, length 70
# corresponding to MSA columns:
# 228-241,245-300
name=unknown_C
#
# <colnr> <probs for GDERKNQSTAVLIFYWHMCP>
#	G	D	E	R	K	N	Q	S	T	A	V	L	I	F	Y	W	H	M	C	P
0	0.01963	0.12974	0.16124	0.02040	0.10998	0.15423	0.08781	0.05086	0.09603	0.08313	0.01504	0.01641	0.01141	0.00694	0.00644	0.00200	0.00903	0.00569	0.00425	0.00978
1	0.00884	0.00631	0.00852	0.01010	0.01072	0.00599	0.00723	0.01040	0.01360	0.01803	0.03743	0.62791	0.04415	0.02096	0.00887	0.00285	0.00441	0.14166	0.00634	0.00570
2	0.20244	0.29786	0.05439	0.01354	0.01838	0.27554	0.01186	0.02289	0.01536	0.01993	0.01002	0.01165	0.00847	0.00642	0.00508	0.00175	0.00877	0.00400	0.00344	0.00822
3	0.01210	0.00640	0.00663	0.00672	0.00826	0.00629	0.00498	0.01508	0.01452	0.02469	0.05395	0.08167	0.05222	0.00961	0.00535	0.00174	0.00326	0.00793	0.67231	0.00629
4	0.01586	0.01847	0.06406	0.08390	0.08230	0.01702	0.57001	0.02150	0.01586	0.02160	0.01359	0.01818	0.01025	0.00590	0.00783	0.00228	0.01107	0.00767	0.00340	0.00925
5	0.00809	0.00693	0.00693	0.00693	0.00924	0.00578	0.00520	0.00982	0.01559	0.01848	0.06931	0.06584	0.71411	0.01733	0.00809	0.00231	0.00347	0.01444	0.00635	0.00578
6	0.00934	0.00716	0.00877	0.00962	0.01132	0.00659	0.00771	0.01160	0.01541	0.01943	0.07435	0.17467	0.32368	0.01845	0.00872	0.00271	0.00465	0.27348	0.00637	0.00597
7	0.00834	0.00595	0.00794	0.00953	0.00992	0.00556	0.00635	0.00953	0.01310	0.01746	0.03771	0.75510	0.04525	0.02143	0.00873	0.00278	0.00397	0.01945	0.00635	0.00556
8	0.53815	0.01353	0.01260	0.01050	0.01512	0.01478	0.00866	0.09957	0.01582	0.19314	0.01438	0.01455	0.01011	0.00706	0.00515	0.00211	0.00567	0.00472	0.00552	0.00887
9	0.02556	0.03261	0.01939	0.01763	0.02115	0.73210	0.01322	0.02732	0.01939	0.01674	0.01058	0.01234	0.00881	0.00705	0.00617	0.00176	0.01234	0.00441	0.00353	0.00793
10	0.01702	0.01470	0.01547	0.01392	0.01779	0.01702	0.01083	0.03635	0.70453	0.02862	0.02785	0.02553	0.02088	0.00928	0.00696	0.00232	0.00541	0.00773	0.00696	0.01083
11	0.00977	0.00733	0.01100	0.01100	0.01222	0.00855	0.00855	0.01222	0.01100	0.01588	0.01833	0.02688	0.01710	0.05131	0.73245	0.01100	0.01833	0.00733	0.00367	0.00611
12	0.01497	0.01497	0.02095	0.01796	0.01796	0.02095	0.01497	0.01646	0.01048	0.01646	0.00898	0.01497	0.00898	0.01197	0.02245	0.00299	0.74704	0.00599	0.00299	0.00748
13	0.00834	0.00595	0.00794	0.00953	0.00992	0.00556	0.00635	0.00953	0.01310	0.01746	0.03771	0.75510	0.04525	0.02143	0.00873	0.00278	0.00397	0.01945	0.00635	0.00556
14	0.80789	0.01323	0.01006	0.00900	0.01323	0.01535	0.00741	0.02011	0.01164	0.03070	0.00953	0.01111	0.00741	0.00635	0.00423	0.00212	0.00529	0.00370	0.00423	0.00741
15	0.01591	0.01536	0.01390	0.01346	0.01614	0.15752	0.01027	0.02530	0.31312	0.02252	0.02778	0.20260	0.02662	0.01296	0.00754	0.00242	0.00658	0.09555	0.00604	0.00841
16	0.01391	0.01320	0.02217	0.55523	0.19690	0.01567	0.01928	0.01823	0.01398	0.01854	0.01219	0.01781	0.00950	0.00688	0.00747	0.00225	0.03926	0.00608	0.00312	0.00832
17	0.01419	0.01216	0.01419	0.01013	0.01621	0.00912	0.00811	0.01723	0.01419	0.02229	0.01216	0.01419	0.01013	0.00507	0.00507	0.00101	0.00507	0.00405	0.00405	0.80139
18	0.80789	0.01323	0.01006	0.00900	0.01323	0.01535	0.00741	0.02011	0.01164	0.03070	0.00953	0.01111	0.00741	0.00635	0.00423	0.00212	0.00529	0.00370	0.00423	0.00741
19	0.01472	0.01118	0.01323	0.04292	0.01618	0.01045	0.00882	0.02048	0.14372	0.09195	0.07209	0.05184	0.14935	0.00986	0.00713	0.00186	0.03010	0.00811	0.00567	0.29033
20	0.01598	0.16431	0.42096	0.01854	0.05104	0.03942	0.06291	0.04135	0.03707	0.04022	0.01317	0.01577	0.01013	0.03207	0.00721	0.00218	0.00923	0.00534	0.00341	0.00968
21	0.00993	0.00814	0.00890	0.00864	0.01091	0.00775	0.00649	0.01483	0.12868	0.02211	0.20749	0.10545	0.40442	0.01555	0.00794	0.00231	0.00377	0.01323	0.00672	0.00674
22	0.00859	0.00630	0.00812	0.00942	0.01022	0.00583	0.00662	0.01011	0.01391	0.01824	0.06666	0.57388	0.13679	0.02037	0.00868	0.00273	0.00408	0.07736	0.00639	0.00569
23	0.01596	0.06046	0.12791	0.09011	0.41838	0.01662	0.10765	0.02071	0.01525	0.02141	0.01334	0.01828	0.01104	0.00652	0.00685	0.00211	0.00883	0.02520	0.00336	0.01002
24	0.01719	0.01631	0.02779	0.03770	0.57602	0.01633	0.08557	0.06819	0.01672	0.02360	0.01410	0.04327	0.01207	0.00676	0.00697	0.00209	0.00827	0.00677	0.00374	0.01055
25	0.02847	0.01116	0.01510	0.01174	0.01668	0.00966	0.00964	0.03113	0.01942	0.64987	0.07403	0.02669	0.04561	0.00916	0.00700	0.00213	0.00556	0.00752	0.00833	0.01108
26	0.75371	0.01457	0.01070	0.00959	0.01378	0.06499	0.00781	0.02061	0.01218	0.02973	0.00960	0.01120	0.00751	0.00640	0.00437	0.00209	0.00578	0.00375	0.00418	0.00745
27	0.80789	0.01323	0.01006	0.00900	0.01323	0.01535	0.00741	0.02011	0.01164	0.03070	0.00953	0.01111	0.00741	0.00635	0.00423	0.00212	0.00529	0.00370	0.00423	0.00741
28	0.00834	0.00595	0.00794	0.00953	0.00992	0.00556	0.00635	0.00953	0.01310	0.01746	0.03771	0.75510	0.04525	0.02143	0.00873	0.00278	0.00397	0.01945	0.00635	0.00556
29	0.01497	0.01497	0.02095	0.01796	0.01796	0.02095	0.01497	0.01646	0.01048	0.01646	0.00898	0.01497	0.00898	0.01197	0.02245	0.00299	0.74704	0.00599	0.00299	0.00748
30	0.01826	0.01800	0.02569	0.09090	0.54860	0.11263	0.01943	0.02200	0.01608	0.04475	0.01298	0.01662	0.01064	0.00636	0.00670	0.00202	0.00869	0.00589	0.00355	0.01023
31	0.00995	0.00663	0.00746	0.00746	0.00746	0.00663	0.00415	0.00995	0.00995	0.01327	0.02156	0.04477	0.02487	0.75957	0.03482	0.00663	0.00663	0.00995	0.00415	0.00415
32	0.01079	0.00780	0.01069	0.01214	0.01377	0.00770	0.01055	0.01382	0.01574	0.02031	0.03890	0.07625	0.09400	0.01877	0.00934	0.00308	0.00607	0.61770	0.00630	0.00626
33	0.33013	0.02325	0.01556	0.01385	0.01782	0.38314	0.01074	0.04520	0.01678	0.07045	0.01145	0.01272	0.00890	0.00691	0.00548	0.00193	0.00901	0.00435	0.00423	0.00809
34	0.01188	0.00594	0.00891	0.00891	0.00891	0.00594	0.00594	0.00891	0.00891	0.01188	0.01188	0.02080	0.01188	0.02377	0.02674	0.80095	0.00594	0.00594	0.00297	0.00297
35	0.04737	0.12968	0.02235	0.02111	0.21239	0.20007	0.01351	0.02146	0.01578	0.02027	0.01146	0.01389	0.00969	0.00603	0.00569	0.00160	0.00813	0.00464	0.00357	0.23131
36	0.04670	0.01384	0.02028	0.63369	0.06937	0.06713	0.01818	0.01843	0.01408	0.01816	0.01196	0.01747	0.00909	0.00681	0.00668	0.00223	0.00916	0.00586	0.00314	0.00774
37	0.05502	0.01274	0.01561	0.01216	0.01724	0.04233	0.00996	0.05659	0.01940	0.59057	0.02456	0.02187	0.01582	0.00818	0.00662	0.00204	0.00603	0.00651	0.03605	0.04068
38	0.00829	0.00614	0.00774	0.00902	0.00979	0.00560	0.00613	0.00958	0.01358	0.01766	0.04383	0.62164	0.17476	0.02064	0.00861	0.00269	0.00387	0.01848	0.00635	0.00560
39	0.00834	0.00595	0.00794	0.00953	0.00992	0.00556	0.00635	0.00953	0.01310	0.01746	0.03771	0.75510	0.04525	0.02143	0.00873	0.00278	0.00397	0.01945	0.00635	0.00556
40	0.01702	0.01470	0.01547	0.01392	0.01779	0.01702	0.01083	0.03635	0.70453	0.02862	0.02785	0.02553	0.02088	0.00928	0.00696	0.00232	0.00541	0.00773	0.00696	0.01083
41	0.01829	0.76368	0.03585	0.01171	0.01756	0.02707	0.01171	0.02049	0.01390	0.01610	0.00951	0.01097	0.00878	0.00585	0.00439	0.00146	0.00732	0.00366	0.00293	0.00878
42	0.02601	0.01916	0.02053	0.01574	0.02122	0.02122	0.01300	0.69408	0.03217	0.04312	0.01643	0.01643	0.01163	0.00821	0.00684	0.00205	0.00753	0.00616	0.00684	0.01163
43	0.80789	0.01323	0.01006	0.00900	0.01323	0.01535	0.00741	0.02011	0.01164	0.03070	0.00953	0.01111	0.00741	0.00635	0.00423	0.00212	0.00529	0.00370	0.00423	0.00741
44	0.80789	0.01323	0.01006	0.00900	0.01323	0.01535	0.00741	0.02011	0.01164	0.03070	0.00953	0.01111	0.00741	0.00635	0.00423	0.00212	0.00529	0.00370	0.00423	0.00741
45	0.00995	0.00663	0.00746	0.00746	0.00746	0.00663	0.00415	0.00995	0.00995	0.01327	0.02156	0.04477	0.02487	0.75957	0.03482	0.00663	0.00663	0.00995	0.00415	0.00415
46	0.01615	0.01845	0.04037	0.02884	0.03576	0.01730	0.69204	0.02191	0.01615	0.02191	0.01384	0.01845	0.01038	0.00577	0.00807	0.00231	0.01153	0.00807	0.00346	0.00923
47	0.01102	0.00787	0.01102	0.01260	0.01417	0.00787	0.01102	0.01417	0.01575	0.02047	0.03622	0.07717	0.03937	0.01890	0.00945	0.00315	0.00630	0.67084	0.00630	0.00630
48	0.00968	0.00699	0.00914	0.00861	0.01022	0.00646	0.00646	0.01291	0.01937	0.02743	0.71328	0.05110	0.06455	0.01399	0.00807	0.00215	0.00323	0.01237	0.00753	0.00646
49	0.02601	0.01916	0.02053	0.01574	0.02122	0.02122	0.01300	0.69408	0.03217	0.04312	0.01643	0.01643	0.01163	0.00821	0.00684	0.00205	0.00753	0.00616	0.00684	0.01163
50	0.00834	0.00595	0.00794	0.00953	0.00992	0.00556	0.00635	0.00953	0.01310	0.01746	0.03771	0.75510	0.04525	0.02143	0.00873	0.00278	0.00397	0.01945	0.00635	0.00556
51	0.00840	0.00602	0.00807	0.00959	0.01003	0.00569	0.00645	0.00965	0.01300	0.01739	0.03684	0.72264	0.04399	0.02277	0.04099	0.00314	0.00461	0.01891	0.00623	0.00558
52	0.01670	0.07990	0.11840	0.03194	0.34709	0.01756	0.22308	0.04289	0.01601	0.02229	0.01293	0.01658	0.01029	0.00609	0.00694	0.00209	0.00932	0.00637	0.00342	0.01012
53	0.00834	0.00595	0.00794	0.00953	0.00992	0.00556	0.00635	0.00953	0.01310	0.01746	0.03771	0.75510	0.04525	0.02143	0.00873	0.00278	0.00397	0.01945	0.00635	0.00556
54	0.03070	0.01164	0.01588	0.01217	0.01746	0.01006	0.01006	0.03334	0.01958	0.72163	0.02699	0.02329	0.01694	0.00847	0.00688	0.00212	0.00582	0.00688	0.00847	0.01164
55	0.01440	0.03070	0.55092	0.02244	0.10408	0.01623	0.07573	0.02192	0.03670	0.02182	0.01286	0.01540	0.00944	0.00666	0.00716	0.00219	0.03265	0.00552	0.00312	0.01006
56	0.00809	0.00693	0.00693	0.00693	0.00924	0.00578	0.00520	0.00982	0.01559	0.01848	0.06931	0.06584	0.71411	0.01733	0.00809	0.00231	0.00347	0.01444	0.00635	0.00578
57	0.01758	0.16665	0.02059	0.01558	0.06692	0.04501	0.01181	0.03174	0.49184	0.02522	0.02247	0.02150	0.01730	0.00828	0.00640	0.00211	0.00624	0.00668	0.00577	0.01031
58	0.01372	0.03539	0.72412	0.01950	0.02961	0.01589	0.02528	0.02167	0.01444	0.02167	0.01228	0.01444	0.00867	0.00650	0.00650	0.00217	0.01011	0.00506	0.00289	0.01011
59	0.01496	0.05136	0.52472	0.04644	0.04967	0.06243	0.09186	0.02171	0.01481	0.02095	0.01217	0.01485	0.00894	0.00660	0.00706	0.00216	0.03121	0.00538	0.00301	0.00970
60	0.80789	0.01323	0.01006	0.00900	0.01323	0.01535	0.00741	0.02011	0.01164	0.03070	0.00953	0.01111	0.00741	0.00635	0.00423	0.00212	0.00529	0.00370	0.00423	0.00741
61	0.00968	0.00699	0.00914	0.00861	0.01022	0.00646	0.00646	0.01291	0.01937	0.02743	0.71328	0.05110	0.06455	0.01399	0.00807	0.00215	0.00323	0.01237	0.00753	0.00646
62	0.01896	0.02073	0.02419	0.07975	0.39838	0.24076	0.04053	0.02227	0.01656	0.02003	0.01324	0.04853	0.01160	0.00712	0.00672	0.00201	0.00945	0.00623	0.00354	0.00942
63	0.00995	0.00663	0.00746	0.00746	0.00746	0.00663	0.00415	0.00995	0.00995	0.01327	0.02156	0.04477	0.02487	0.75957	0.03482	0.00663	0.00663	0.00995	0.00415	0.00415
64	0.01604	0.01672	0.05310	0.14216	0.29431	0.01626	0.24905	0.03858	0.03714	0.02227	0.01394	0.01811	0.01090	0.00633	0.00716	0.00216	0.00925	0.00680	0.03010	0.00963
65	0.02601	0.01916	0.02053	0.01574	0.02122	0.02122	0.01300	0.69408	0.03217	0.04312	0.01643	0.01643	0.01163	0.00821	0.00684	0.00205	0.00753	0.00616	0.00684	0.01163
66	0.01326	0.01118	0.01320	0.01004	0.01522	0.00856	0.00783	0.01601	0.01401	0.02153	0.01621	0.13151	0.01569	0.00766	0.00565	0.00129	0.00489	0.00649	0.00442	0.67537
67	0.01233	0.01111	0.01122	0.01094	0.01214	0.12253	0.00791	0.01390	0.01200	0.01520	0.01811	0.03017	0.01822	0.26587	0.39920	0.00817	0.01372	0.00769	0.00379	0.00578
68	0.01930	0.53012	0.08830	0.01417	0.01993	0.16744	0.03855	0.02201	0.01513	0.01689	0.01011	0.01181	0.00884	0.00614	0.00506	0.00161	0.00871	0.00409	0.00306	0.00873
69	0.22367	0.07615	0.17631	0.01673	0.04506	0.17776	0.06405	0.07465	0.04471	0.02448	0.01208	0.01385	0.00931	0.00672	0.00586	0.00202	0.00881	0.00491	0.00391	0.00894

[dist]
# distance from previous block
# <min> <max>
0	1

[block]
# block no. 3 follows, 31 sequences, length 33
# corresponding to MSA columns:
# 307-339
name=unknown_D
#
# <colnr> <probs for GDERKNQSTAVLIFYWHMCP>
#	G	D	E	R	K	N	Q	S	T	A	V	L	I	F	Y	W	H	M	C	P
0	0.02468	0.01721	0.01985	0.01732	0.08288	0.01853	0.01298	0.48676	0.06519	0.12824	0.01886	0.04399	0.01395	0.00858	0.00692	0.00210	0.00712	0.00680	0.00673	0.01130
1	0.01427	0.07210	0.51330	0.01953	0.06478	0.01590	0.04863	0.04810	0.01501	0.02174	0.01399	0.05218	0.01128	0.00977	0.04781	0.00265	0.00995	0.00604	0.00332	0.00965
2	0.01327	0.00803	0.00851	0.00787	0.01001	0.00805	0.00604	0.09411	0.01733	0.02698	0.12917	0.03324	0.11056	0.01005	0.00592	0.00182	0.00374	0.00824	0.49014	0.00693
3	0.01111	0.00814	0.01162	0.01383	0.04881	0.00811	0.01116	0.01416	0.01554	0.02034	0.03517	0.12605	0.03840	0.01846	0.00926	0.00307	0.00621	0.58792	0.00616	0.00647
4	0.00834	0.00595	0.00794	0.00953	0.00992	0.00556	0.00635	0.00953	0.01310	0.01746	0.03771	0.75510	0.04525	0.02143	0.00873	0.00278	0.00397	0.01945	0.00635	0.00556
5	0.01749	0.01493	0.01574	0.01402	0.01797	0.01724	0.01094	0.07083	0.66929	0.02938	0.02725	0.02505	0.02040	0.00923	0.00696	0.00231	0.00553	0.00765	0.00696	0.01087
6	0.01419	0.01216	0.01419	0.01013	0.01621	0.00912	0.00811	0.01723	0.01419	0.02229	0.01216	0.01419	0.01013	0.00507	0.00507	0.00101	0.00507	0.00405	0.00405	0.80139
7	0.01372	0.03539	0.72412	0.01950	0.02961	0.01589	0.02528	0.02167	0.01444	0.02167	0.01228	0.01444	0.00867	0.00650	0.00650	0.00217	0.01011	0.00506	0.00289	0.01011
8	0.01448	0.01734	0.11954	0.15634	0.05271	0.01897	0.01741	0.01756	0.01184	0.01762	0.01020	0.01559	0.00904	0.01000	0.01665	0.00270	0.47512	0.00588	0.00300	0.00801
9	0.02601	0.01916	0.02053	0.01574	0.02122	0.02122	0.01300	0.69408	0.03217	0.04312	0.01643	0.01643	0.01163	0.00821	0.00684	0.00205	0.00753	0.00616	0.00684	0.01163
10	0.00862	0.00727	0.00754	0.00761	0.00991	0.00632	0.00584	0.01106	0.03925	0.01898	0.06534	0.06533	0.63835	0.01717	0.00815	0.00238	0.00375	0.06477	0.00637	0.00599
11	0.01469	0.02481	0.34033	0.02560	0.14390	0.01574	0.24001	0.02085	0.01510	0.02159	0.01454	0.06427	0.01196	0.00717	0.00720	0.00223	0.00985	0.00714	0.00338	0.00965
12	0.00811	0.00684	0.00702	0.00716	0.00930	0.00576	0.00530	0.00979	0.01537	0.01839	0.06646	0.12800	0.65379	0.01770	0.00814	0.00235	0.00351	0.01489	0.00635	0.00576
13	0.01615	0.01845	0.04037	0.02884	0.03576	0.01730	0.69204	0.02191	0.01615	0.02191	0.01384	0.01845	0.01038	0.00577	0.00807	0.00231	0.01153	0.00807	0.00346	0.00923
14	0.02556	0.03261	0.01939	0.01763	0.02115	0.73210	0.01322	0.02732	0.01939	0.01674	0.01058	0.01234	0.00881	0.00705	0.00617	0.00176	0.01234	0.00441	0.00353	0.00793
15	0.02305	0.06091	0.01610	0.01191	0.01634	0.01278	0.00976	0.11974	0.10793	0.34532	0.10595	0.02759	0.06206	0.00950	0.00685	0.00209	0.00556	0.00773	0.03862	0.01021
16	0.00810	0.00687	0.00700	0.00710	0.00929	0.00576	0.00527	0.00980	0.01543	0.01842	0.06725	0.11062	0.67066	0.01759	0.00813	0.00234	0.00350	0.01476	0.00635	0.00576
17	0.80789	0.01323	0.01006	0.00900	0.01323	0.01535	0.00741	0.02011	0.01164	0.03070	0.00953	0.01111	0.00741	0.00635	0.00423	0.00212	0.00529	0.00370	0.00423	0.00741
18	0.06190	0.01171	0.01564	0.01204	0.01729	0.01027	0.00995	0.03281	0.01926	0.69389	0.02629	0.02280	0.01655	0.00838	0.00677	0.00212	0.00580	0.00675	0.00830	0.01147
19	0.01829	0.76368	0.03585	0.01171	0.01756	0.02707	0.01171	0.02049	0.01390	0.01610	0.00951	0.01097	0.00878	0.00585	0.00439	0.00146	0.00732	0.00366	0.00293	0.00878
20	0.00809	0.00693	0.00693	0.00693	0.00924	0.00578	0.00520	0.00982	0.01559	0.01848	0.06931	0.06584	0.71411	0.01733	0.00809	0.00231	0.00347	0.01444	0.00635	0.00578
21	0.01052	0.00753	0.00885	0.00908	0.01133	0.00673	0.00736	0.01280	0.01603	0.06508	0.07838	0.06607	0.43812	0.01712	0.00843	0.00255	0.00449	0.21668	0.00651	0.00634
22	0.01102	0.00787	0.01102	0.01260	0.01417	0.00787	0.01102	0.01417	0.01575	0.02047	0.03622	0.07717	0.03937	0.01890	0.00945	0.00315	0.00630	0.67084	0.00630	0.00630
23	0.01604	0.01810	0.03888	0.02777	0.03465	0.01684	0.65320	0.02165	0.01604	0.02194	0.01375	0.01821	0.01037	0.00573	0.00790	0.00223	0.01117	0.00785	0.00349	0.05421
24	0.00834	0.00595	0.00794	0.00953	0.00992	0.00556	0.00635	0.00953	0.01310	0.01746	0.03771	0.75510	0.04525	0.02143	0.00873	0.00278	0.00397	0.01945	0.00635	0.00556
25	0.01829	0.76368	0.03585	0.01171	0.01756	0.02707	0.01171	0.02049	0.01390	0.01610	0.00951	0.01097	0.00878	0.00585	0.00439	0.00146	0.00732	0.00366	0.00293	0.00878
26	0.01829	0.76368	0.03585	0.01171	0.01756	0.02707	0.01171	0.02049	0.01390	0.01610	0.00951	0.01097	0.00878	0.00585	0.00439	0.00146	0.00732	0.00366	0.00293	0.00878
27	0.00968	0.00699	0.00914	0.00861	0.01022	0.00646	0.00646	0.01291	0.01937	0.02743	0.71328	0.05110	0.06455	0.01399	0.00807	0.00215	0.00323	0.01237	0.00753	0.00646
28	0.00962	0.00699	0.00906	0.00854	0.01018	0.00643	0.00641	0.01279	0.01922	0.02708	0.68772	0.05169	0.09034	0.01412	0.00807	0.00216	0.00324	0.01245	0.00748	0.00643
29	0.01830	0.01631	0.02600	0.11513	0.38799	0.01726	0.07941	0.14372	0.01823	0.04395	0.01366	0.01718	0.01079	0.00697	0.00789	0.00215	0.05440	0.00630	0.00410	0.01027
30	0.01873	0.01518	0.01623	0.01392	0.01801	0.01717	0.01101	0.20811	0.46448	0.03234	0.08714	0.02544	0.02241	0.00943	0.00703	0.00223	0.00577	0.00774	0.00698	0.01064
31	0.01571	0.01356	0.01510	0.01495	0.06200	0.01529	0.01076	0.03141	0.55780	0.02662	0.03012	0.09358	0.06181	0.01064	0.00717	0.00234	0.00535	0.00907	0.00664	0.01006
32	0.01655	0.01456	0.01596	0.01391	0.01745	0.05753	0.04873	0.09327	0.40063	0.02730	0.09907	0.07024	0.04334	0.03989	0.00832	0.00244	0.00606	0.00884	0.00644	0.00948

[dist]
# distance from previous block
# <min> <max>
0	1

[block]
# block no. 4 follows, 31 sequences, length 168
# corresponding to MSA columns:
# 341-422,433-479,490-528
name=unknown_E
#
# <colnr> <probs for GDERKNQSTAVLIFYWHMCP>
#	G	D	E	R	K	N	Q	S	T	A	V	L	I	F	Y	W	H	M	C	P
0	0.01711	0.16270	0.01960	0.01397	0.03852	0.01829	0.01105	0.06649	0.45008	0.02663	0.08324	0.02413	0.02151	0.00886	0.00654	0.00211	0.00580	0.00720	0.00610	0.01008
1	0.65043	0.01373	0.03774	0.01184	0.06416	0.01474	0.00907	0.01955	0.01229	0.02888	0.03733	0.01399	0.01039	0.00892	0.04178	0.00257	0.00626	0.00444	0.00422	0.00765
2	0.01588	0.05277	0.03923	0.01117	0.01715	0.06478	0.00932	0.01892	0.01478	0.04859	0.01248	0.01424	0.01018	0.00544	0.00523	0.00117	0.00593	0.00420	0.00409	0.64445
3	0.01292	0.01216	0.02052	0.74312	0.04712	0.01520	0.01900	0.01748	0.01368	0.01748	0.01216	0.01824	0.00912	0.00684	0.00684	0.00228	0.00912	0.00608	0.00304	0.00760
4	0.00943	0.00698	0.00879	0.00834	0.01006	0.00635	0.00625	0.01241	0.01876	0.02599	0.60951	0.05348	0.16922	0.01452	0.00807	0.00218	0.00327	0.01271	0.00734	0.00635
5	0.01479	0.03154	0.59226	0.02086	0.08888	0.01580	0.02344	0.02297	0.06066	0.04534	0.01385	0.01569	0.00994	0.00671	0.00657	0.00216	0.00948	0.00539	0.00339	0.01027
6	0.01372	0.03539	0.72412	0.01950	0.02961	0.01589	0.02528	0.02167	0.01444	0.02167	0.01228	0.01444	0.00867	0.00650	0.00650	0.00217	0.01011	0.00506	0.00289	0.01011
7	0.03019	0.01246	0.01638	0.01256	0.01787	0.01127	0.01038	0.10519	0.02095	0.64785	0.02584	0.02254	0.01636	0.00844	0.00688	0.00211	0.00601	0.00680	0.00829	0.01164
8	0.01113	0.00809	0.01097	0.01208	0.01378	0.00813	0.01034	0.01512	0.05140	0.02191	0.13541	0.07070	0.04213	0.01769	0.00912	0.00296	0.00580	0.54015	0.00651	0.00655
9	0.04557	0.04370	0.13506	0.01645	0.01896	0.09620	0.01491	0.01790	0.01255	0.01795	0.01298	0.08525	0.01273	0.01315	0.05408	0.00305	0.38148	0.00685	0.00344	0.00775
10	0.01292	0.01216	0.02052	0.74312	0.04712	0.01520	0.01900	0.01748	0.01368	0.01748	0.01216	0.01824	0.00912	0.00684	0.00684	0.00228	0.00912	0.00608	0.00304	0.00760
11	0.01702	0.01470	0.01547	0.01392	0.01779	0.01702	0.01083	0.03635	0.70453	0.02862	0.02785	0.02553	0.02088	0.00928	0.00696	0.00232	0.00541	0.00773	0.00696	0.01083
12	0.01440	0.01163	0.01238	0.01113	0.01446	0.01238	0.00866	0.08364	0.32454	0.04534	0.06449	0.04085	0.28508	0.01336	0.02436	0.00248	0.00510	0.01026	0.00670	0.00875
13	0.01292	0.01216	0.02052	0.74312	0.04712	0.01520	0.01900	0.01748	0.01368	0.01748	0.01216	0.01824	0.00912	0.00684	0.00684	0.00228	0.00912	0.00608	0.00304	0.00760
14	0.01188	0.00594	0.00891	0.00891	0.00891	0.00594	0.00594	0.00891	0.00891	0.01188	0.01188	0.02080	0.01188	0.02377	0.02674	0.80095	0.00594	0.00594	0.00297	0.00297
15	0.00860	0.00621	0.00807	0.00915	0.00987	0.00576	0.00624	0.01014	0.01426	0.01915	0.15657	0.56996	0.09102	0.03929	0.00926	0.00274	0.00388	0.01765	0.00650	0.00569
16	0.01829	0.76368	0.03585	0.01171	0.01756	0.02707	0.01171	0.02049	0.01390	0.01610	0.00951	0.01097	0.00878	0.00585	0.00439	0.00146	0.00732	0.00366	0.00293	0.00878
17	0.01292	0.01216	0.02052	0.74312	0.04712	0.01520	0.01900	0.01748	0.01368	0.01748	0.01216	0.01824	0.00912	0.00684	0.00684	0.00228	0.00912	0.00608	0.00304	0.00760
18	0.01351	0.00711	0.00718	0.00691	0.00873	0.00722	0.00525	0.05464	0.01536	0.02651	0.02198	0.02499	0.01720	0.00798	0.00490	0.00162	0.00344	0.00636	0.75242	0.00668
19	0.00878	0.00659	0.00803	0.00901	0.01006	0.00606	0.00623	0.02926	0.01431	0.01847	0.04554	0.54978	0.22295	0.01996	0.00851	0.00263	0.00394	0.01773	0.00637	0.00579
20	0.09101	0.01950	0.14342	0.02440	0.24634	0.01686	0.04315	0.18522	0.05966	0.05294	0.01563	0.01895	0.01222	0.00745	0.00668	0.00214	0.00789	0.03143	0.00472	0.01038
21	0.02852	0.01156	0.01546	0.01200	0.01696	0.01023	0.00986	0.06179	0.02014	0.62581	0.09042	0.02556	0.02113	0.00897	0.00699	0.00212	0.00566	0.00736	0.00831	0.01116
22	0.01594	0.01659	0.02081	0.01793	0.01825	0.08622	0.01481	0.01746	0.01130	0.01649	0.00913	0.01473	0.00897	0.01152	0.02096	0.00288	0.67962	0.00584	0.00304	0.00752
23	0.04402	0.04321	0.19406	0.02308	0.13382	0.01604	0.19287	0.06544	0.05447	0.14134	0.01618	0.01787	0.01165	0.00681	0.00693	0.00215	0.00880	0.00644	0.00456	0.01026
24	0.01493	0.01517	0.02114	0.57820	0.11391	0.10580	0.01848	0.01909	0.01460	0.01790	0.01203	0.01736	0.00926	0.00679	0.00675	0.00219	0.00942	0.00587	0.00314	0.00798
25	0.04405	0.18515	0.01998	0.01168	0.01729	0.08406	0.00985	0.05773	0.01604	0.08789	0.01296	0.01416	0.01034	0.00597	0.00526	0.00139	0.00649	0.00437	0.00432	0.40101
26	0.01869	0.36808	0.09171	0.01525	0.02056	0.10015	0.06403	0.04385	0.09678	0.03989	0.01304	0.01456	0.01066	0.00709	0.00698	0.00189	0.06882	0.00504	0.00379	0.00915
27	0.01677	0.30099	0.32999	0.01554	0.02294	0.02022	0.01747	0.04929	0.10603	0.04005	0.01386	0.01493	0.01065	0.00675	0.00580	0.00192	0.00824	0.00498	0.00374	0.00981
28	0.01615	0.01845	0.04037	0.02884	0.03576	0.01730	0.69204	0.02191	0.01615	0.02191	0.01384	0.01845	0.01038	0.00577	0.00807	0.00231	0.01153	0.00807	0.00346	0.00923
29	0.02559	0.02286	0.02004	0.01622	0.02109	0.22432	0.01299	0.48210	0.05035	0.03511	0.01512	0.01555	0.01113	0.00792	0.00665	0.00198	0.00883	0.00571	0.00590	0.01055
30	0.00819	0.00677	0.00718	0.00743	0.00939	0.00576	0.00544	0.00988	0.01531	0.01864	0.08800	0.18246	0.57613	0.01790	0.00819	0.00238	0.00354	0.01521	0.00640	0.00576
31	0.00995	0.00663	0.00746	0.00746	0.00746	0.00663	0.00415	0.00995	0.00995	0.01327	0.02156	0.04477	0.02487	0.75957	0.03482	0.00663	0.00663	0.00995	0.00415	0.00415
32	0.01419	0.01216	0.01419	0.01013	0.01621	0.00912	0.00811	0.01723	0.01419	0.02229	0.01216	0.01419	0.01013	0.00507	0.00507	0.00101	0.00507	0.00405	0.00405	0.80139
33	0.00809	0.00693	0.00693	0.00693	0.00924	0.00578	0.00520	0.00982	0.01559	0.01848	0.06931	0.06584	0.71411	0.01733	0.00809	0.00231	0.00347	0.01444	0.00635	0.00578
34	0.00960	0.00699	0.00902	0.00852	0.01017	0.00642	0.00639	0.01274	0.01916	0.02695	0.67822	0.05191	0.09992	0.01417	0.00807	0.00216	0.00324	0.01249	0.00747	0.00642
35	0.01615	0.01845	0.04037	0.02884	0.03576	0.01730	0.69204	0.02191	0.01615	0.02191	0.01384	0.01845	0.01038	0.00577	0.00807	0.00231	0.01153	0.00807	0.00346	0.00923
36	0.80789	0.01323	0.01006	0.00900	0.01323	0.01535	0.00741	0.02011	0.01164	0.03070	0.00953	0.01111	0.00741	0.00635	0.00423	0.00212	0.00529	0.00370	0.00423	0.00741
37	0.62977	0.01291	0.01092	0.00977	0.01384	0.01468	0.00790	0.02221	0.08758	0.07546	0.01411	0.05142	0.01143	0.00758	0.00493	0.00217	0.00527	0.00516	0.00492	0.00797
38	0.00834	0.00595	0.00794	0.00953	0.00992	0.00556	0.00635	0.00953	0.01310	0.01746	0.03771	0.75510	0.04525	0.02143	0.00873	0.00278	0.00397	0.01945	0.00635	0.00556
39	0.01850	0.40146	0.03061	0.01554	0.02075	0.09770	0.13106	0.08494	0.01628	0.01966	0.01211	0.01528	0.01050	0.03456	0.06155	0.00259	0.00942	0.00524	0.00356	0.00869
40	0.01514	0.01418	0.06208	0.03677	0.06413	0.01159	0.01087	0.09989	0.04325	0.02482	0.05518	0.05287	0.03655	0.00745	0.00604	0.00156	0.00584	0.00620	0.00472	0.44087
41	0.01612	0.20736	0.30386	0.01742	0.08153	0.06664	0.01721	0.02091	0.01530	0.04086	0.07233	0.01705	0.01407	0.00692	0.00601	0.00185	0.00826	0.00535	0.00365	0.07729
42	0.00834	0.00595	0.00794	0.00953	0.00992	0.00556	0.00635	0.00953	0.01310	0.01746	0.03771	0.75510	0.04525	0.02143	0.00873	0.00278	0.00397	0.01945	0.00635	0.00556
43	0.01292	0.01216	0.02052	0.74312	0.04712	0.01520	0.01900	0.01748	0.01368	0.01748	0.01216	0.01824	0.00912	0.00684	0.00684	0.00228	0.00912	0.00608	0.00304	0.00760
44	0.01550	0.01469	0.06431	0.04032	0.13930	0.01432	0.03219	0.12333	0.16224	0.02523	0.02725	0.06801	0.10945	0.01269	0.04115	0.00273	0.02954	0.06319	0.00540	0.00914
45	0.01485	0.02202	0.27614	0.08748	0.20879	0.01496	0.12967	0.02039	0.01533	0.04232	0.03653	0.02122	0.06469	0.00739	0.00703	0.00217	0.00892	0.00687	0.00368	0.00956
46	0.01950	0.01288	0.01358	0.01114	0.01471	0.01393	0.00896	0.36095	0.02341	0.03447	0.01932	0.02089	0.01453	0.00809	0.00583	0.00183	0.00540	0.00627	0.39527	0.00905
47	0.02493	0.01038	0.01395	0.01113	0.01546	0.00905	0.00902	0.02767	0.01935	0.53333	0.18316	0.03149	0.05966	0.01011	0.00720	0.00213	0.00513	0.00846	0.00816	0.01021
48	0.01904	0.06007	0.06869	0.06655	0.25715	0.06174	0.06367	0.13381	0.01849	0.08447	0.01634	0.06932	0.01359	0.00788	0.00678	0.00208	0.00805	0.00695	0.02543	0.00990
49	0.06218	0.11038	0.14134	0.02059	0.05207	0.01619	0.27915	0.02293	0.01577	0.14647	0.01643	0.05740	0.01283	0.00728	0.00693	0.00215	0.00888	0.00714	0.00440	0.00951
50	0.01012	0.00855	0.01301	0.01265	0.01359	0.00911	0.07069	0.01178	0.01296	0.01771	0.03090	0.56865	0.03623	0.01848	0.01087	0.00277	0.12395	0.01624	0.00555	0.00620
51	0.01299	0.01006	0.01115	0.01072	0.01351	0.01037	0.00852	0.04539	0.22857	0.04585	0.04413	0.07061	0.27630	0.01428	0.00781	0.00244	0.00484	0.13760	0.03699	0.00786
52	0.01651	0.06208	0.19323	0.04839	0.20643	0.01742	0.22765	0.06698	0.05158	0.02328	0.01383	0.01694	0.01059	0.00640	0.00700	0.00214	0.00945	0.00642	0.00367	0.01002
53	0.01339	0.01264	0.02137	0.66061	0.12594	0.01532	0.01923	0.01789	0.01390	0.01805	0.01224	0.01809	0.00932	0.00675	0.00683	0.00225	0.00900	0.00608	0.00308	0.00798
54	0.01885	0.17076	0.11111	0.02263	0.17925	0.18543	0.07410	0.04701	0.01638	0.02022	0.01162	0.01425	0.00957	0.00653	0.00674	0.00187	0.03786	0.00514	0.00343	0.05725
55	0.01063	0.00783	0.00988	0.00914	0.01101	0.00754	0.00692	0.03637	0.05888	0.02801	0.65154	0.04852	0.06034	0.01353	0.00797	0.00216	0.00349	0.01191	0.00748	0.00687
56	0.02008	0.02278	0.01984	0.28065	0.05329	0.36949	0.01527	0.05928	0.01760	0.01894	0.01163	0.01495	0.00922	0.00689	0.00641	0.00193	0.01036	0.00514	0.00356	0.05268
57	0.80789	0.01323	0.01006	0.00900	0.01323	0.01535	0.00741	0.02011	0.01164	0.03070	0.00953	0.01111	0.00741	0.00635	0.00423	0.00212	0.00529	0.00370	0.00423	0.00741
58	0.00988	0.00691	0.00886	0.00886	0.00934	0.00739	0.00589	0.01085	0.01036	0.01430	0.02028	0.03770	0.02180	0.47972	0.31047	0.00836	0.01125	0.00891	0.00396	0.00492
59	0.03070	0.01164	0.01588	0.01217	0.01746	0.01006	0.01006	0.03334	0.01958	0.72163	0.02699	0.02329	0.01694	0.00847	0.00688	0.00212	0.00582	0.00688	0.00847	0.01164
60	0.00890	0.00696	0.00806	0.00778	0.00974	0.00612	0.00584	0.01139	0.01751	0.02303	0.39633	0.05836	0.38425	0.01563	0.00808	0.00223	0.00334	0.01339	0.00695	0.00612
61	0.80789	0.01323	0.01006	0.00900	0.01323	0.01535	0.00741	0.02011	0.01164	0.03070	0.00953	0.01111	0.00741	0.00635	0.00423	0.00212	0.00529	0.00370	0.00423	0.00741
62	0.80789	0.01323	0.01006	0.00900	0.01323	0.01535	0.00741	0.02011	0.01164	0.03070	0.00953	0.01111	0.00741	0.00635	0.00423	0.00212	0.00529	0.00370	0.00423	0.00741
63	0.00832	0.00600	0.00789	0.00941	0.00989	0.00557	0.00630	0.00954	0.01321	0.01751	0.03916	0.72344	0.07597	0.02125	0.00870	0.00276	0.00395	0.01922	0.00635	0.00557
64	0.02601	0.01916	0.02053	0.01574	0.02122	0.02122	0.01300	0.69408	0.03217	0.04312	0.01643	0.01643	0.01163	0.00821	0.00684	0.00205	0.00753	0.00616	0.00684	0.01163
65	0.80789	0.01323	0.01006	0.00900	0.01323	0.01535	0.00741	0.02011	0.01164	0.03070	0.00953	0.01111	0.00741	0.00635	0.00423	0.00212	0.00529	0.00370	0.00423	0.00741
66	0.80789	0.01323	0.01006	0.00900	0.01323	0.01535	0.00741	0.02011	0.01164	0.03070	0.00953	0.01111	0.00741	0.00635	0.00423	0.00212	0.00529	0.00370	0.00423	0.00741
67	0.01372	0.03539	0.72412	0.01950	0.02961	0.01589	0.02528	0.02167	0.01444	0.02167	0.01228	0.01444	0.00867	0.00650	0.00650	0.00217	0.01011	0.00506	0.00289	0.01011
68	0.02555	0.01963	0.07473	0.01566	0.02147	0.01963	0.01365	0.57215	0.02946	0.11298	0.01722	0.01699	0.01196	0.00811	0.00682	0.00207	0.00755	0.00615	0.00671	0.01152
69	0.01693	0.01626	0.02777	0.04199	0.71689	0.01626	0.02100	0.02100	0.01558	0.02235	0.01287	0.01693	0.01084	0.00610	0.00677	0.00203	0.00813	0.00610	0.00339	0.01084
70	0.01788	0.55070	0.08911	0.01361	0.01883	0.06847	0.01338	0.02042	0.01379	0.01665	0.00973	0.01192	0.00880	0.00687	0.00729	0.00176	0.11503	0.00416	0.00297	0.00865
71	0.01709	0.52548	0.21355	0.01382	0.02060	0.04991	0.01511	0.02075	0.01430	0.01764	0.01196	0.01347	0.02863	0.00639	0.00511	0.00168	0.00812	0.00435	0.00304	0.00901
72	0.00995	0.00663	0.00746	0.00746	0.00746	0.00663	0.00415	0.00995	0.00995	0.01327	0.02156	0.04477	0.02487	0.75957	0.03482	0.00663	0.00663	0.00995	0.00415	0.00415
73	0.01188	0.00594	0.00891	0.00891	0.00891	0.00594	0.00594	0.00891	0.00891	0.01188	0.01188	0.02080	0.01188	0.02377	0.02674	0.80095	0.00594	0.00594	0.00297	0.00297
74	0.01509	0.01431	0.02400	0.33765	0.39718	0.01544	0.01949	0.01931	0.01470	0.02028	0.01253	0.01735	0.01007	0.00636	0.00671	0.00209	0.00839	0.00598	0.00327	0.04977
75	0.01136	0.00864	0.01095	0.01169	0.01369	0.00877	0.00983	0.01662	0.11335	0.02193	0.09563	0.06619	0.12974	0.01692	0.00880	0.00284	0.00554	0.43413	0.00650	0.00688
76	0.00968	0.00699	0.00914	0.00861	0.01022	0.00646	0.00646	0.01291	0.01937	0.02743	0.71328	0.05110	0.06455	0.01399	0.00807	0.00215	0.00323	0.01237	0.00753	0.00646
77	0.01653	0.03719	0.02074	0.01795	0.04267	0.07925	0.01432	0.07149	0.01333	0.01883	0.01107	0.03964	0.01067	0.01231	0.03835	0.00296	0.53502	0.00629	0.00349	0.00790
78	0.00879	0.00637	0.00823	0.00937	0.01004	0.00602	0.00635	0.01066	0.03228	0.01874	0.11495	0.60253	0.06507	0.05404	0.00979	0.00286	0.00403	0.01774	0.00640	0.00574
79	0.06006	0.01361	0.01418	0.01168	0.01547	0.01491	0.00940	0.34507	0.08225	0.03453	0.01930	0.02039	0.01446	0.00812	0.00594	0.00190	0.00558	0.00625	0.30755	0.00935
80	0.01791	0.01479	0.01572	0.01394	0.01794	0.01696	0.01090	0.06646	0.64952	0.05370	0.02729	0.02503	0.02032	0.00920	0.00695	0.00230	0.00553	0.00763	0.00701	0.01089
81	0.04191	0.41867	0.11133	0.01535	0.05186	0.17630	0.01393	0.04226	0.01588	0.04116	0.01099	0.01251	0.00918	0.00637	0.00528	0.00169	0.00867	0.00427	0.00340	0.00899
82	0.01034	0.00832	0.00985	0.05184	0.01302	0.03081	0.00759	0.01222	0.01452	0.04296	0.07824	0.27680	0.28645	0.01979	0.06842	0.00317	0.03969	0.01391	0.00583	0.00623
