[name]
unknown

[dist]
# distance from previous block
# <min> <max>
0	126

[block]
# block no. 0 follows, 27 sequences, length 19
# corresponding to MSA columns:
# 151-169
name=unknown_A
#
# <colnr> <probs for GDERKNQSTAVLIFYWHMCP>
#	G	D	E	R	K	N	Q	S	T	A	V	L	I	F	Y	W	H	M	C	P
0	0.01168	0.00835	0.01164	0.01335	0.01494	0.00830	0.01148	0.01490	0.01681	0.02190	0.03946	0.14599	0.04333	0.02077	0.01018	0.00338	0.00659	0.58333	0.00684	0.00676
1	0.79154	0.01436	0.01091	0.00976	0.01436	0.01665	0.00804	0.02182	0.01263	0.03331	0.01034	0.01206	0.00804	0.00689	0.00459	0.00230	0.00574	0.00402	0.00459	0.00804
2	0.00977	0.00684	0.00873	0.00997	0.01038	0.00656	0.00661	0.01087	0.01347	0.01792	0.03581	0.48767	0.04231	0.22644	0.01758	0.00424	0.00533	0.06764	0.00621	0.00566
3	0.02275	0.01808	0.01920	0.01597	0.02094	0.02047	0.01279	0.31552	0.39633	0.03796	0.02477	0.02336	0.01825	0.00956	0.00750	0.00239	0.00688	0.00764	0.00750	0.01213
4	0.01921	0.01478	0.02540	0.12199	0.02867	0.01517	0.21347	0.07247	0.01819	0.15230	0.02237	0.13010	0.01964	0.01099	0.00964	0.00262	0.06583	0.04203	0.00559	0.00955
5	0.01384	0.00692	0.00692	0.00692	0.00865	0.00692	0.00519	0.01730	0.01557	0.02768	0.02422	0.02768	0.01903	0.00865	0.00519	0.00173	0.00346	0.00692	0.78031	0.00692
6	0.79154	0.01436	0.01091	0.00976	0.01436	0.01665	0.00804	0.02182	0.01263	0.03331	0.01034	0.01206	0.00804	0.00689	0.00459	0.00230	0.00574	0.00402	0.00459	0.00804
7	0.01743	0.01910	0.03935	0.07505	0.08265	0.01853	0.52870	0.02465	0.06997	0.02408	0.01604	0.02051	0.01212	0.00666	0.00848	0.00248	0.01157	0.00845	0.00402	0.01016
8	0.01075	0.00739	0.00908	0.00908	0.00942	0.00773	0.00572	0.01143	0.01109	0.01512	0.02249	0.04361	0.02483	0.56430	0.20964	0.00841	0.01044	0.01007	0.00436	0.00504
9	0.00969	0.00688	0.00889	0.01026	0.01085	0.00654	0.00706	0.01104	0.01408	0.01862	0.03902	0.51484	0.06823	0.14376	0.01433	0.00375	0.00508	0.09472	0.00648	0.00588
10	0.00926	0.00680	0.00855	0.00984	0.01068	0.00628	0.00675	0.01068	0.01461	0.01900	0.04582	0.53590	0.16264	0.07116	0.01132	0.00323	0.00453	0.05022	0.00673	0.00601
11	0.02535	0.01937	0.02066	0.01650	0.02193	0.02168	0.01341	0.48286	0.22476	0.04215	0.02147	0.02073	0.01558	0.00925	0.00746	0.00231	0.00749	0.00719	0.00746	0.01237
12	0.01131	0.00888	0.01281	0.01241	0.01343	0.01068	0.00958	0.01354	0.01173	0.01699	0.01905	0.02980	0.01845	0.12809	0.55010	0.01034	0.10420	0.00810	0.00395	0.00657
13	0.01965	0.01673	0.02039	0.10576	0.12274	0.01892	0.01487	0.14679	0.38621	0.03140	0.02355	0.02360	0.01772	0.00903	0.00749	0.00241	0.00721	0.00761	0.00644	0.01148
14	0.06663	0.01269	0.08264	0.01485	0.06903	0.01123	0.01166	0.01748	0.01549	0.06038	0.15847	0.05580	0.02779	0.02565	0.23679	0.00547	0.04611	0.00877	0.06503	0.00805
15	0.05996	0.01725	0.01841	0.10768	0.05739	0.08675	0.01344	0.20603	0.14375	0.03153	0.07552	0.02699	0.02053	0.00982	0.00739	0.00234	0.00767	0.04716	0.05035	0.01006
16	0.01383	0.00949	0.01111	0.01058	0.01315	0.00929	0.00829	0.06915	0.04693	0.02632	0.08231	0.14249	0.05248	0.01501	0.03287	0.00264	0.00547	0.11288	0.23652	0.09921
17	0.01973	0.23841	0.11255	0.01503	0.01995	0.18685	0.01362	0.08479	0.01778	0.02095	0.01545	0.05501	0.01454	0.10632	0.04629	0.00316	0.01001	0.00658	0.00414	0.00882
18	0.01491	0.22275	0.14430	0.01312	0.01811	0.01626	0.01291	0.01989	0.05820	0.02268	0.12150	0.07584	0.02496	0.01427	0.07071	0.00298	0.00800	0.02493	0.06654	0.04714

[dist]
# distance from previous block
# <min> <max>
9	19

[block]
# block no. 1 follows, 27 sequences, length 22
# corresponding to MSA columns:
# 195-216
name=unknown_B
#
# <colnr> <probs for GDERKNQSTAVLIFYWHMCP>
#	G	D	E	R	K	N	Q	S	T	A	V	L	I	F	Y	W	H	M	C	P
0	0.01449	0.01256	0.01713	0.01527	0.01620	0.01612	0.01222	0.06467	0.01329	0.01943	0.01558	0.02473	0.01512	0.11143	0.27162	0.00675	0.33436	0.00753	0.00397	0.00751
1	0.01112	0.00695	0.00892	0.00912	0.00945	0.00691	0.00586	0.01055	0.01134	0.01505	0.02539	0.11982	0.07109	0.32050	0.08051	0.26035	0.00734	0.01070	0.00449	0.00455
2	0.01283	0.00719	0.01057	0.01047	0.01051	0.00765	0.00723	0.01035	0.01018	0.01378	0.01501	0.08188	0.01570	0.02461	0.02702	0.65922	0.06076	0.00768	0.00353	0.00383
3	0.02077	0.01327	0.01720	0.05535	0.11120	0.01326	0.01205	0.14323	0.04902	0.19688	0.05592	0.07702	0.14401	0.04554	0.00926	0.00260	0.00653	0.00991	0.00689	0.01008
4	0.01105	0.00730	0.00906	0.00904	0.00946	0.00756	0.00580	0.01161	0.01148	0.01594	0.04313	0.04154	0.02503	0.47759	0.17944	0.07310	0.00959	0.00974	0.03751	0.00503
5	0.01427	0.01490	0.07202	0.09465	0.02455	0.01347	0.15329	0.04686	0.10887	0.02613	0.20261	0.03805	0.13567	0.01140	0.00827	0.00244	0.00728	0.01045	0.00598	0.00885
6	0.01539	0.01319	0.01539	0.01100	0.01759	0.00990	0.00880	0.01869	0.01539	0.02419	0.01319	0.01539	0.01100	0.00550	0.00550	0.00110	0.00550	0.00440	0.00440	0.78449
7	0.22805	0.01827	0.01790	0.04568	0.01945	0.13508	0.01284	0.04891	0.04159	0.02374	0.01251	0.01716	0.01098	0.03985	0.04632	0.00322	0.26012	0.00586	0.00415	0.00832
8	0.04866	0.01631	0.06268	0.16814	0.17476	0.01625	0.15202	0.02008	0.01548	0.02195	0.01712	0.02825	0.01554	0.05772	0.01143	0.00290	0.07408	0.08351	0.00402	0.00908
9	0.01488	0.01255	0.01903	0.07513	0.22391	0.01222	0.03459	0.04280	0.01757	0.03930	0.15445	0.13049	0.05093	0.04086	0.00906	0.00246	0.00664	0.01033	0.00548	0.09733
10	0.01592	0.00909	0.01172	0.01139	0.01355	0.00859	0.00835	0.07124	0.01822	0.16539	0.11198	0.44611	0.04202	0.01816	0.00880	0.00272	0.00496	0.01613	0.00757	0.00808
11	0.01646	0.01597	0.02335	0.44962	0.13617	0.06907	0.04764	0.06321	0.01719	0.02180	0.01739	0.02217	0.05234	0.00807	0.00750	0.00238	0.00963	0.00712	0.00391	0.00903
12	0.01589	0.01427	0.02277	0.11589	0.30909	0.01467	0.04681	0.04172	0.01630	0.02324	0.01903	0.07215	0.03889	0.01271	0.06635	0.00304	0.03233	0.00800	0.05210	0.07475
13	0.01048	0.00754	0.00962	0.00935	0.01059	0.00743	0.00664	0.01274	0.01619	0.02247	0.33575	0.04977	0.09221	0.22425	0.14759	0.00549	0.00760	0.01183	0.00628	0.00619
14	0.02168	0.01259	0.01540	0.01281	0.01590	0.01321	0.00983	0.16300	0.01928	0.22300	0.02250	0.03084	0.01924	0.25316	0.07057	0.00468	0.06844	0.00835	0.00638	0.00913
15	0.01838	0.02481	0.24741	0.02821	0.23009	0.01896	0.06581	0.11726	0.04939	0.02688	0.01468	0.01773	0.01137	0.00792	0.00923	0.00240	0.08770	0.00647	0.00418	0.01111
16	0.01232	0.00974	0.01332	0.08792	0.01672	0.01096	0.01000	0.01562	0.01796	0.02615	0.41716	0.04127	0.04677	0.01322	0.01114	0.00245	0.13895	0.01069	0.09029	0.00734
17	0.01645	0.01369	0.01603	0.14088	0.06377	0.04469	0.01224	0.02625	0.24709	0.02620	0.02270	0.02585	0.01789	0.00888	0.00680	0.00218	0.00650	0.02766	0.19970	0.07454
18	0.00899	0.00666	0.00841	0.00981	0.01063	0.00607	0.00666	0.01040	0.01472	0.01916	0.04732	0.61055	0.16868	0.02243	0.00934	0.00292	0.00420	0.02009	0.00689	0.00607
19	0.01080	0.00720	0.00810	0.00810	0.00810	0.00720	0.00450	0.01080	0.01080	0.01439	0.02339	0.04858	0.02699	0.73910	0.03779	0.00720	0.00720	0.01080	0.00450	0.00450
20	0.27100	0.30915	0.02708	0.01947	0.17220	0.02227	0.01356	0.04960	0.01554	0.02542	0.01148	0.01369	0.00969	0.00670	0.00541	0.00199	0.00744	0.00471	0.00393	0.00969
21	0.02059	0.43557	0.03063	0.01479	0.01946	0.16326	0.01309	0.04857	0.01659	0.01895	0.01295	0.06393	0.01248	0.00868	0.00787	0.00197	0.09208	0.00575	0.00375	0.00906

[dist]
# distance from previous block
# <min> <max>
0	1

[block]
# block no. 2 follows, 27 sequences, length 15
# corresponding to MSA columns:
# 223-237
name=unknown_C
#
# <colnr> <probs for GDERKNQSTAVLIFYWHMCP>
#	G	D	E	R	K	N	Q	S	T	A	V	L	I	F	Y	W	H	M	C	P
0	0.01612	0.06842	0.02445	0.07611	0.11312	0.01745	0.09722	0.01935	0.01406	0.05191	0.01489	0.02079	0.01294	0.02142	0.19699	0.00507	0.21001	0.00705	0.00384	0.00879
1	0.39919	0.01563	0.01374	0.03598	0.01721	0.06318	0.00982	0.09810	0.11014	0.03233	0.06737	0.01977	0.01637	0.00841	0.00594	0.00226	0.00636	0.00602	0.06322	0.00897
2	0.01149	0.00863	0.01037	0.00977	0.01203	0.00813	0.00756	0.06205	0.02067	0.02790	0.42682	0.05905	0.22683	0.01608	0.00878	0.00246	0.00418	0.06232	0.00768	0.00722
3	0.16038	0.30100	0.09411	0.01348	0.01851	0.02079	0.01290	0.05075	0.01473	0.02238	0.01299	0.01654	0.01132	0.01755	0.15641	0.00413	0.05408	0.00527	0.00381	0.00884
4	0.01881	0.07558	0.13228	0.13072	0.09742	0.13410	0.01717	0.10725	0.01968	0.02529	0.11607	0.02231	0.01944	0.00888	0.00805	0.00225	0.04345	0.00697	0.00468	0.00960
5	0.01422	0.04526	0.17046	0.01638	0.06858	0.09292	0.01403	0.01885	0.05474	0.02126	0.03399	0.21861	0.15186	0.01421	0.00805	0.00251	0.00742	0.03291	0.00534	0.00841
6	0.01374	0.12226	0.02014	0.06273	0.20282	0.01353	0.01300	0.01655	0.01596	0.02151	0.10638	0.30101	0.03299	0.01416	0.00796	0.00246	0.00634	0.01269	0.00538	0.00840
7	0.01926	0.05280	0.04323	0.02197	0.17828	0.09996	0.01434	0.12689	0.14710	0.02648	0.02103	0.09704	0.01906	0.08703	0.01063	0.00282	0.00808	0.00854	0.00542	0.01002
8	0.00946	0.00747	0.00852	0.00841	0.01049	0.00653	0.00625	0.01192	0.01830	0.02370	0.30806	0.11068	0.40840	0.01772	0.00881	0.00248	0.00370	0.01518	0.00738	0.00653
9	0.01907	0.01353	0.01570	0.01355	0.01725	0.01429	0.01098	0.24468	0.09899	0.07339	0.24578	0.04188	0.03771	0.01290	0.00831	0.00248	0.00605	0.10597	0.00770	0.00978
10	0.01012	0.00762	0.00896	0.00940	0.01098	0.00704	0.00704	0.01207	0.01591	0.02029	0.11854	0.11303	0.29539	0.17171	0.01530	0.00372	0.00519	0.15510	0.00651	0.00608
11	0.02054	0.01308	0.01511	0.01333	0.01721	0.01367	0.01089	0.15822	0.16021	0.15135	0.03166	0.04001	0.06792	0.01229	0.00787	0.00251	0.00618	0.14259	0.10531	0.01007
12	0.01752	0.02003	0.04380	0.03129	0.03880	0.01877	0.66583	0.02378	0.01752	0.02378	0.01502	0.02003	0.01126	0.00626	0.00876	0.00250	0.01252	0.00876	0.00375	0.01001
13	0.01245	0.00661	0.00934	0.00934	0.00934	0.00661	0.00603	0.00991	0.00991	0.01321	0.01512	0.02808	0.01588	0.17692	0.03087	0.61943	0.00661	0.00737	0.00349	0.00349
14	0.01644	0.01475	0.02056	0.02311	0.25428	0.01261	0.01370	0.02013	0.01592	0.02421	0.01346	0.01644	0.01126	0.00589	0.00615	0.00149	0.00666	0.00518	0.00414	0.51361

[dist]
# distance from previous block
# <min> <max>
0	1

[block]
# block no. 3 follows, 27 sequences, length 13
# corresponding to MSA columns:
# 239-251
name=unknown_D
#
# <colnr> <probs for GDERKNQSTAVLIFYWHMCP>
#	G	D	E	R	K	N	Q	S	T	A	V	L	I	F	Y	W	H	M	C	P
0	0.01983	0.01548	0.01774	0.01721	0.06023	0.06277	0.01315	0.10560	0.18991	0.10287	0.02698	0.05684	0.02399	0.01275	0.00980	0.00271	0.07548	0.17006	0.00662	0.00999
1	0.01984	0.46139	0.17858	0.01608	0.02321	0.09065	0.04237	0.05409	0.01682	0.02048	0.01162	0.01347	0.00972	0.00674	0.00573	0.00185	0.00930	0.00469	0.00345	0.00992
2	0.01580	0.01472	0.01927	0.16648	0.02616	0.06106	0.06318	0.02053	0.05733	0.02218	0.01662	0.02312	0.01416	0.01107	0.04895	0.00264	0.07167	0.04534	0.04916	0.25054
3	0.05663	0.01921	0.02354	0.13356	0.07005	0.15061	0.12544	0.07515	0.06341	0.05634	0.01626	0.01964	0.01264	0.01090	0.05136	0.00290	0.04645	0.00676	0.04973	0.00944
4	0.01448	0.01321	0.02030	0.06749	0.32276	0.01358	0.01545	0.01853	0.04324	0.02300	0.09247	0.11079	0.14406	0.01205	0.00906	0.00246	0.05212	0.01056	0.00515	0.00925
5	0.00947	0.00691	0.00895	0.01010	0.01106	0.00639	0.00713	0.01134	0.01585	0.02114	0.15530	0.50530	0.11834	0.02123	0.00933	0.00287	0.00429	0.06162	0.00711	0.00628
6	0.00968	0.00727	0.00897	0.00915	0.01074	0.00656	0.00663	0.01219	0.01818	0.02446	0.36286	0.24029	0.21938	0.01824	0.00895	0.00256	0.00378	0.01603	0.00751	0.00656
7	0.01030	0.00744	0.00835	0.00812	0.01020	0.00666	0.00609	0.01308	0.01827	0.02510	0.30336	0.05783	0.33648	0.01567	0.00816	0.00231	0.00361	0.01331	0.13899	0.00666
8	0.01368	0.01248	0.01783	0.01606	0.01666	0.01662	0.01308	0.01577	0.01162	0.01758	0.01435	0.02211	0.01375	0.03238	0.33566	0.00719	0.40499	0.00716	0.00358	0.00744
9	0.79154	0.01436	0.01091	0.00976	0.01436	0.01665	0.00804	0.02182	0.01263	0.03331	0.01034	0.01206	0.00804	0.00689	0.00459	0.00230	0.00574	0.00402	0.00459	0.00804
10	0.01813	0.05355	0.01402	0.01163	0.01467	0.05068	0.00895	0.04718	0.05680	0.18054	0.09362	0.24700	0.09522	0.01468	0.00798	0.00245	0.00558	0.01257	0.05607	0.00869
11	0.07032	0.01545	0.01652	0.01338	0.01784	0.05502	0.01085	0.22913	0.02332	0.23169	0.02156	0.02164	0.01524	0.00891	0.00742	0.00216	0.03651	0.00670	0.18569	0.01062
12	0.05872	0.13596	0.17829	0.01640	0.02274	0.01895	0.04651	0.09086	0.17038	0.09686	0.05771	0.02138	0.01724	0.00862	0.00739	0.00228	0.02656	0.00680	0.00560	0.01076

[dist]
# distance from previous block
# <min> <max>
0	11

[block]
# block no. 4 follows, 27 sequences, length 16
# corresponding to MSA columns:
# 266-281
name=unknown_E
#
# <colnr> <probs for GDERKNQSTAVLIFYWHMCP>
#	G	D	E	R	K	N	Q	S	T	A	V	L	I	F	Y	W	H	M	C	P
0	0.01900	0.04509	0.09997	0.02282	0.08236	0.08232	0.18924	0.09374	0.15120	0.02641	0.02135	0.02308	0.05828	0.00869	0.00848	0.00239	0.04242	0.00777	0.00500	0.01040
1	0.01813	0.10949	0.19509	0.01908	0.02607	0.07262	0.15517	0.06319	0.07241	0.02489	0.01575	0.01808	0.01211	0.00717	0.00685	0.00207	0.00930	0.00626	0.06934	0.09695
2	0.06229	0.15952	0.02176	0.01402	0.01934	0.06087	0.01176	0.13563	0.13823	0.06817	0.01791	0.01984	0.01425	0.00821	0.00694	0.00197	0.02964	0.02611	0.00555	0.17799
3	0.01954	0.23486	0.25422	0.01840	0.02613	0.01997	0.12005	0.05406	0.01735	0.10504	0.01543	0.01716	0.01147	0.00715	0.00663	0.00211	0.00925	0.00593	0.04478	0.01047
4	0.01526	0.17219	0.08169	0.21114	0.05494	0.01803	0.01623	0.01896	0.01485	0.01979	0.01741	0.08102	0.01681	0.01050	0.00935	0.00243	0.09958	0.08079	0.00403	0.05504
5	0.02518	0.01511	0.01742	0.01381	0.01850	0.01562	0.01114	0.32893	0.02669	0.21508	0.11543	0.02751	0.02344	0.05358	0.00930	0.00253	0.00668	0.00810	0.05494	0.01101
6	0.01064	0.00781	0.01119	0.01119	0.01226	0.00888	0.00835	0.01278	0.01171	0.01668	0.02056	0.03293	0.02019	0.18826	0.57934	0.01101	0.01742	0.00851	0.00408	0.00622
7	0.00930	0.00709	0.00855	0.00913	0.01059	0.00634	0.00649	0.01131	0.01675	0.02188	0.20572	0.34642	0.27397	0.01982	0.00906	0.00268	0.00393	0.01742	0.00719	0.00634
8	0.02070	0.01706	0.01805	0.01556	0.02016	0.01951	0.01229	0.18376	0.53142	0.03467	0.02737	0.02543	0.02036	0.00981	0.00752	0.00245	0.00640	0.00800	0.00752	0.01195
9	0.00981	0.00763	0.00933	0.00944	0.01135	0.00715	0.00723	0.01232	0.01691	0.02208	0.21199	0.10530	0.32332	0.02467	0.12911	0.00419	0.00676	0.06816	0.00670	0.00654
10	0.01282	0.01038	0.01176	0.01120	0.01376	0.01079	0.00843	0.02192	0.25193	0.02709	0.26288	0.13989	0.15757	0.01509	0.00843	0.00252	0.00449	0.01307	0.00756	0.00842
11	0.08209	0.01512	0.01937	0.15826	0.14036	0.01719	0.01508	0.02965	0.33985	0.02718	0.02297	0.02659	0.01826	0.00932	0.00741	0.00249	0.00721	0.04537	0.00576	0.01046
12	0.01016	0.00742	0.00955	0.00934	0.01096	0.00681	0.00688	0.01322	0.01972	0.02745	0.54744	0.15394	0.11616	0.01662	0.00886	0.00245	0.00364	0.01470	0.00789	0.00681
13	0.01539	0.01319	0.01539	0.01100	0.01759	0.00990	0.00880	0.01869	0.01539	0.02419	0.01319	0.01539	0.01100	0.00550	0.00550	0.00110	0.00550	0.00440	0.00440	0.78449
14	0.02110	0.01703	0.02230	0.12888	0.19203	0.01863	0.01601	0.30074	0.05828	0.03241	0.01746	0.02234	0.01419	0.09293	0.01094	0.00285	0.00836	0.00722	0.00554	0.01076
15	0.01046	0.00790	0.01014	0.01067	0.01238	0.00694	0.00757	0.01228	0.01462	0.02017	0.03540	0.55420	0.04127	0.01962	0.00875	0.00267	0.00469	0.05574	0.00640	0.15813

[dist]
# distance from previous block
# <min> <max>
0	1

[block]
# block no. 5 follows, 27 sequences, length 11
# corresponding to MSA columns:
# 283-293
name=unknown_F
#
# <colnr> <probs for GDERKNQSTAVLIFYWHMCP>
#	G	D	E	R	K	N	Q	S	T	A	V	L	I	F	Y	W	H	M	C	P
0	0.38032	0.02245	0.01703	0.01585	0.05377	0.24533	0.01183	0.12608	0.01912	0.02998	0.01208	0.01373	0.00945	0.00744	0.00587	0.00216	0.00880	0.00482	0.00474	0.00914
1	0.01384	0.00692	0.00692	0.00692	0.00865	0.00692	0.00519	0.01730	0.01557	0.02768	0.02422	0.02768	0.01903	0.00865	0.00519	0.00173	0.00346	0.00692	0.78031	0.00692
2	0.01424	0.01291	0.02104	0.15225	0.25969	0.01357	0.04012	0.01765	0.01543	0.02126	0.02299	0.23634	0.02405	0.01274	0.00903	0.00259	0.04482	0.04346	0.00473	0.03109
3	0.01920	0.35674	0.14002	0.01940	0.09674	0.06809	0.01692	0.05168	0.01608	0.02064	0.01153	0.01428	0.00993	0.00774	0.00875	0.00209	0.12174	0.00508	0.00347	0.00987
4	0.01384	0.00692	0.00692	0.00692	0.00865	0.00692	0.00519	0.01730	0.01557	0.02768	0.02422	0.02768	0.01903	0.00865	0.00519	0.00173	0.00346	0.00692	0.78031	0.00692
5	0.01828	0.01625	0.02337	0.09343	0.21179	0.07500	0.08521	0.05714	0.01759	0.07680	0.02089	0.15420	0.01988	0.01115	0.00918	0.00252	0.05940	0.03335	0.00500	0.00957
6	0.08631	0.01762	0.06866	0.17296	0.28702	0.01701	0.07010	0.06853	0.01782	0.10052	0.01551	0.01881	0.01166	0.00725	0.00724	0.00231	0.00888	0.00658	0.00452	0.01069
7	0.01406	0.01381	0.01226	0.01204	0.01387	0.16256	0.00889	0.01622	0.01778	0.02176	0.21456	0.20658	0.12339	0.05645	0.01076	0.00278	0.03366	0.04533	0.00629	0.00693
8	0.02103	0.01276	0.01657	0.19090	0.02496	0.03498	0.01236	0.09491	0.01897	0.23712	0.02575	0.12171	0.04192	0.07388	0.01028	0.00283	0.00728	0.00944	0.03296	0.00940
9	0.05117	0.21014	0.05426	0.09233	0.02273	0.01810	0.01305	0.11025	0.01911	0.19119	0.01931	0.07968	0.01563	0.00896	0.00664	0.00210	0.00736	0.00707	0.00570	0.06524
10	0.02179	0.13119	0.07734	0.06644	0.04943	0.03810	0.01442	0.23286	0.07198	0.08315	0.01855	0.06353	0.01496	0.00886	0.00694	0.00213	0.00785	0.00702	0.00574	0.07773

[dist]
# distance from previous block
# <min> <max>
15	35

[block]
# block no. 6 follows, 27 sequences, length 29
# corresponding to MSA columns:
# 330-337,342-362
name=unknown_G
#
# <colnr> <probs for GDERKNQSTAVLIFYWHMCP>
#	G	D	E	R	K	N	Q	S	T	A	V	L	I	F	Y	W	H	M	C	P
0	0.00986	0.00746	0.00909	0.00890	0.01075	0.00669	0.00659	0.01267	0.01916	0.02587	0.44568	0.12479	0.25136	0.01702	0.00883	0.00245	0.00366	0.01482	0.00767	0.00669
1	0.01624	0.01624	0.02274	0.01949	0.01949	0.02274	0.01624	0.01787	0.01137	0.01787	0.00975	0.01624	0.00975	0.01299	0.02436	0.00325	0.72552	0.00650	0.00325	0.00812
2	0.01707	0.01450	0.01589	0.01460	0.01828	0.01674	0.01141	0.03471	0.55644	0.02872	0.02915	0.03033	0.02295	0.01696	0.10683	0.00389	0.00790	0.03580	0.00702	0.01081
3	0.01878	0.01587	0.02273	0.06735	0.31190	0.01674	0.01720	0.11410	0.14023	0.04573	0.02285	0.03074	0.03429	0.00993	0.00785	0.00246	0.00779	0.09704	0.00555	0.01088
4	0.01059	0.00763	0.01049	0.01054	0.01144	0.00837	0.00758	0.01241	0.01219	0.01713	0.05875	0.06903	0.02538	0.26152	0.43284	0.00954	0.01438	0.00973	0.00450	0.00597
5	0.01933	0.13707	0.16636	0.13319	0.02719	0.01980	0.01663	0.21730	0.05610	0.02827	0.01616	0.02056	0.01306	0.08579	0.01017	0.00274	0.00879	0.00651	0.00485	0.01014
6	0.01548	0.01286	0.01279	0.01171	0.01443	0.08807	0.00901	0.09534	0.04793	0.02744	0.23667	0.07690	0.07406	0.05267	0.00952	0.00256	0.00593	0.06816	0.08926	0.04922
7	0.01884	0.01572	0.01539	0.01348	0.01727	0.08903	0.01057	0.14841	0.20734	0.06344	0.13953	0.03818	0.14889	0.01225	0.00792	0.00238	0.00641	0.02806	0.00717	0.00972
8	0.02176	0.10516	0.20827	0.01859	0.02580	0.02045	0.07678	0.26369	0.02302	0.06840	0.01551	0.01699	0.01138	0.00793	0.00790	0.00221	0.04480	0.00617	0.00520	0.04999
9	0.02036	0.09345	0.02005	0.01326	0.01948	0.01633	0.01100	0.21090	0.05901	0.05173	0.01572	0.01674	0.01221	0.00696	0.00616	0.00160	0.00659	0.00535	0.00548	0.40761
10	0.10398	0.13173	0.01793	0.01248	0.01594	0.05327	0.01002	0.12141	0.08366	0.02515	0.01830	0.02474	0.01630	0.13490	0.15968	0.00496	0.01001	0.00695	0.04011	0.00849
11	0.01653	0.01376	0.01694	0.01250	0.01856	0.01146	0.04487	0.08779	0.01755	0.02654	0.01554	0.04670	0.01321	0.00682	0.00603	0.00141	0.00601	0.00571	0.04612	0.58594
12	0.01775	0.01570	0.02528	0.18013	0.29176	0.01637	0.07181	0.07185	0.04848	0.04563	0.01807	0.02624	0.01535	0.00860	0.00772	0.00238	0.00872	0.07464	0.00461	0.04893
13	0.01078	0.00728	0.00851	0.00851	0.00865	0.00742	0.00501	0.01106	0.01092	0.01470	0.02302	0.04651	0.02609	0.66622	0.10944	0.00770	0.00855	0.01049	0.00444	0.00473
14	0.01804	0.19065	0.26878	0.14742	0.03179	0.12630	0.07404	0.02336	0.01637	0.02052	0.01248	0.01559	0.00970	0.00699	0.00669	0.00215	0.01059	0.00551	0.00333	0.00971
15	0.01918	0.01308	0.01578	0.01146	0.01788	0.01011	0.00924	0.02238	0.01663	0.16645	0.01659	0.01748	0.01255	0.00628	0.00591	0.00135	0.00567	0.00505	0.00541	0.62151
16	0.01778	0.03701	0.05744	0.10249	0.10144	0.07823	0.01505	0.05764	0.11202	0.05259	0.08867	0.02400	0.01962	0.01391	0.07636	0.00329	0.10000	0.00739	0.00506	0.03000
17	0.01020	0.00800	0.00953	0.00934	0.01146	0.00751	0.00715	0.01365	0.04568	0.02394	0.29402	0.05958	0.32130	0.02129	0.08710	0.00354	0.00572	0.04707	0.00707	0.00684
18	0.02135	0.01972	0.02027	0.01673	0.02034	0.17711	0.08161	0.18121	0.02118	0.02830	0.01655	0.01941	0.01304	0.00888	0.00934	0.00220	0.11594	0.00650	0.21110	0.00922
19	0.00935	0.00668	0.00896	0.01069	0.01125	0.00629	0.00742	0.01087	0.01451	0.01929	0.04075	0.66608	0.04843	0.02297	0.00956	0.00306	0.00457	0.08627	0.00689	0.00611
20	0.02296	0.01981	0.01877	0.05468	0.12253	0.24520	0.01338	0.02556	0.01891	0.18789	0.02559	0.11627	0.07483	0.01084	0.00756	0.00227	0.00877	0.00886	0.00576	0.00953
21	0.01300	0.00893	0.01178	0.04972	0.01453	0.01015	0.00904	0.05061	0.01463	0.02248	0.02147	0.06571	0.01915	0.03120	0.33000	0.00663	0.04778	0.00812	0.25787	0.00718
22	0.01750	0.05630	0.08940	0.01334	0.01942	0.01327	0.02739	0.10519	0.01745	0.04357	0.01411	0.01689	0.01143	0.00898	0.00914	0.10577	0.00688	0.00526	0.00456	0.41416
23	0.23142	0.09694	0.16615	0.01630	0.02223	0.27035	0.01528	0.06047	0.01780	0.02492	0.01180	0.01362	0.00928	0.00726	0.00606	0.00210	0.00999	0.00475	0.00402	0.00927
24	0.01516	0.01430	0.02168	0.16929	0.02692	0.01759	0.08420	0.02119	0.11962	0.02061	0.01643	0.02247	0.01403	0.04382	0.12555	0.00441	0.24254	0.00745	0.00416	0.00856
25	0.00942	0.00739	0.00852	0.00857	0.01051	0.00649	0.00630	0.01178	0.01795	0.02328	0.28422	0.16254	0.38020	0.01819	0.00887	0.00252	0.00375	0.01568	0.00734	0.00649
26	0.00972	0.00733	0.00899	0.00906	0.01073	0.00659	0.00661	0.01230	0.01844	0.02479	0.38217	0.20574	0.23461	0.01790	0.00892	0.00253	0.00375	0.01569	0.00755	0.00659
27	0.00978	0.00769	0.00880	0.00896	0.01104	0.00685	0.00692	0.01216	0.01748	0.02216	0.19598	0.06886	0.41510	0.05777	0.01061	0.00288	0.00441	0.11914	0.00702	0.00642
28	0.02118	0.02329	0.01661	0.01503	0.01840	0.36863	0.01145	0.09457	0.02056	0.02249	0.04673	0.02832	0.13816	0.01525	0.08211	0.00313	0.01088	0.00772	0.04723	0.00827

[dist]
# distance from previous block
# <min> <max>
0	1

[block]
# block no. 7 follows, 27 sequences, length 19
# corresponding to MSA columns:
# 364-382
name=unknown_H
#
# <colnr> <probs for GDERKNQSTAVLIFYWHMCP>
#	G	D	E	R	K	N	Q	S	T	A	V	L	I	F	Y	W	H	M	C	P
0	0.38020	0.02376	0.01594	0.01440	0.01862	0.32144	0.01117	0.02698	0.08138	0.02643	0.01278	0.01417	0.01014	0.00754	0.00581	0.00215	0.00912	0.00478	0.00454	0.00865
1	0.20408	0.09380	0.02091	0.01594	0.02008	0.24082	0.01293	0.15682	0.01995	0.02749	0.01215	0.01426	0.00986	0.00837	0.00871	0.00223	0.11251	0.00516	0.00460	0.00932
2	0.01108	0.00803	0.00961	0.00940	0.00963	0.00860	0.00599	0.01153	0.01142	0.01540	0.02580	0.07742	0.06463	0.56205	0.07004	0.00663	0.07199	0.01101	0.00461	0.00511
3	0.00960	0.00731	0.00870	0.00947	0.01094	0.00665	0.00694	0.01144	0.01577	0.02005	0.08777	0.28161	0.29925	0.08334	0.01175	0.00320	0.00467	0.10865	0.00674	0.00616
4	0.01624	0.01624	0.02274	0.01949	0.01949	0.02274	0.01624	0.01787	0.01137	0.01787	0.00975	0.01624	0.00975	0.01299	0.02436	0.00325	0.72552	0.00650	0.00325	0.00812
5	0.01312	0.00975	0.01157	0.01128	0.01389	0.00973	0.00899	0.01978	0.15465	0.05681	0.22263	0.05882	0.20119	0.01597	0.00880	0.00267	0.00496	0.15988	0.00747	0.00802
6	0.00923	0.00679	0.00869	0.01003	0.01092	0.00625	0.00697	0.01084	0.01513	0.01983	0.07783	0.56199	0.15041	0.02202	0.00937	0.00292	0.00432	0.05336	0.00695	0.00616
7	0.01905	0.02273	0.08737	0.25207	0.03181	0.22316	0.01757	0.04343	0.01680	0.02033	0.01278	0.01718	0.01029	0.00861	0.01023	0.00239	0.14492	0.00595	0.04466	0.00867
8	0.01087	0.00781	0.00924	0.00874	0.01102	0.00688	0.00661	0.01364	0.01925	0.05829	0.39074	0.06090	0.33597	0.01645	0.00870	0.00241	0.00375	0.01410	0.00767	0.00696
9	0.05686	0.29444	0.12316	0.14403	0.06711	0.02242	0.05116	0.08944	0.04418	0.02367	0.01329	0.01591	0.01058	0.00709	0.00630	0.00208	0.00883	0.00552	0.00394	0.00999
10	0.01124	0.00856	0.01033	0.01098	0.01231	0.00872	0.00774	0.01649	0.14324	0.02186	0.09023	0.43283	0.06407	0.08966	0.01181	0.00327	0.00489	0.03776	0.00689	0.00710
11	0.01651	0.33609	0.15405	0.01399	0.01955	0.03533	0.01405	0.05144	0.01651	0.02142	0.08193	0.10396	0.02102	0.01378	0.06752	0.00291	0.00882	0.00770	0.00439	0.00902
12	0.01744	0.04595	0.05314	0.01970	0.12125	0.07683	0.03869	0.04559	0.10056	0.05737	0.05606	0.08515	0.05406	0.01189	0.00872	0.00247	0.04275	0.10562	0.00563	0.05115
13	0.06320	0.01371	0.01651	0.01283	0.01821	0.01243	0.03960	0.10944	0.05143	0.08585	0.03706	0.08495	0.04843	0.00905	0.00671	0.00183	0.00606	0.00758	0.00579	0.36932
14	0.01876	0.08641	0.02253	0.13363	0.18114	0.04971	0.01491	0.05359	0.01791	0.08635	0.07504	0.02096	0.01682	0.00763	0.00679	0.00194	0.00764	0.00645	0.00483	0.18694
15	0.05415	0.01614	0.03758	0.05962	0.04881	0.04912	0.13634	0.11092	0.03284	0.06244	0.11084	0.02548	0.03431	0.00918	0.00849	0.00226	0.05475	0.00790	0.08426	0.05458
16	0.04650	0.07874	0.06009	0.06154	0.18097	0.01753	0.08566	0.10241	0.07686	0.05837	0.04929	0.02023	0.01530	0.00761	0.00704	0.00211	0.00806	0.00673	0.00499	0.10995
17	0.05697	0.01933	0.02026	0.12011	0.02542	0.14917	0.04803	0.14965	0.11524	0.05998	0.01748	0.02026	0.01363	0.03445	0.04334	0.00288	0.03685	0.00663	0.00531	0.05500
18	0.07061	0.01925	0.04883	0.05500	0.06134	0.09440	0.17791	0.16335	0.02161	0.02940	0.11280	0.02593	0.02095	0.00906	0.00775	0.00232	0.00911	0.03688	0.00537	0.02812

[dist]
# distance from previous block
# <min> <max>
38	159

[block]
# block no. 8 follows, 27 sequences, length 11
# corresponding to MSA columns:
# 573-583
name=unknown_I
#
# <colnr> <probs for GDERKNQSTAVLIFYWHMCP>
#	G	D	E	R	K	N	Q	S	T	A	V	L	I	F	Y	W	H	M	C	P
0	0.02479	0.01807	0.01800	0.01479	0.01964	0.09956	0.01184	0.25566	0.13678	0.17562	0.02988	0.02828	0.11282	0.01044	0.00756	0.00229	0.00738	0.00821	0.00731	0.01108
1	0.01289	0.01044	0.01459	0.22812	0.02472	0.01125	0.01223	0.06517	0.01903	0.02526	0.24818	0.04807	0.13325	0.01362	0.00846	0.00255	0.00633	0.10190	0.00625	0.00768
2	0.01228	0.00841	0.01127	0.09754	0.01605	0.00826	0.00846	0.01487	0.01722	0.07399	0.28626	0.16426	0.11300	0.11989	0.01280	0.00318	0.00520	0.01328	0.00677	0.00698
3	0.14821	0.19842	0.05689	0.01422	0.01911	0.04778	0.09207	0.02055	0.01588	0.07543	0.02589	0.12655	0.10894	0.01089	0.00687	0.00226	0.00731	0.00903	0.00503	0.00866
4	0.01769	0.02003	0.13863	0.11229	0.20684	0.04906	0.08168	0.07100	0.01832	0.06074	0.02391	0.02732	0.10496	0.00915	0.00770	0.00236	0.00897	0.02457	0.00466	0.01010
5	0.01404	0.01537	0.10828	0.01720	0.13044	0.01211	0.01274	0.10925	0.01934	0.02509	0.04810	0.04710	0.38436	0.01371	0.00810	0.00239	0.00624	0.01145	0.00591	0.00876
6	0.01064	0.01227	0.10376	0.01066	0.01434	0.00823	0.00942	0.01348	0.01579	0.02082	0.04840	0.23746	0.32318	0.01650	0.00826	0.00242	0.00515	0.01414	0.00602	0.11906
7	0.01996	0.07727	0.20599	0.13990	0.03318	0.01703	0.19251	0.02556	0.01723	0.17369	0.01711	0.01940	0.01201	0.00733	0.00749	0.00234	0.00993	0.00688	0.00469	0.01052
8	0.01753	0.51393	0.03220	0.13247	0.02364	0.02430	0.01355	0.02038	0.01459	0.01769	0.01219	0.01573	0.01089	0.01364	0.10686	0.00323	0.00999	0.00499	0.00331	0.00889
9	0.01112	0.00717	0.00889	0.00889	0.00907	0.00736	0.00548	0.01094	0.01076	0.01453	0.02114	0.04152	0.02345	0.52494	0.12820	0.13928	0.00881	0.00967	0.00421	0.00457
10	0.02304	0.11449	0.01894	0.01271	0.01740	0.03935	0.01059	0.24284	0.02312	0.13426	0.02000	0.02078	0.01478	0.00833	0.00630	0.00194	0.00653	0.00634	0.23328	0.04498

[dist]
# distance from previous block
# <min> <max>
0	1

[block]
# block no. 9 follows, 27 sequences, length 8
# corresponding to MSA columns:
# 585-592
name=unknown_J
#
# <colnr> <probs for GDERKNQSTAVLIFYWHMCP>
#	G	D	E	R	K	N	Q	S	T	A	V	L	I	F	Y	W	H	M	C	P
0	0.01773	0.43190	0.25763	0.01535	0.02327	0.02329	0.01722	0.02229	0.01531	0.02019	0.01162	0.01353	0.00964	0.00650	0.00561	0.00179	0.00870	0.00452	0.00329	0.09063
1	0.01169	0.08573	0.04209	0.01065	0.01300	0.01056	0.00868	0.01445	0.03359	0.01931	0.08139	0.06697	0.17135	0.17743	0.16027	0.00544	0.00891	0.06640	0.00534	0.00676
2	0.01861	0.15722	0.43937	0.01891	0.02789	0.05430	0.02201	0.13141	0.01905	0.02610	0.01347	0.01527	0.00997	0.00727	0.00670	0.00218	0.01010	0.00539	0.00389	0.01088
3	0.01649	0.06359	0.02231	0.01731	0.02150	0.05314	0.15234	0.02680	0.26797	0.02605	0.11628	0.10573	0.02876	0.01141	0.00807	0.00249	0.00740	0.03654	0.00622	0.00959
4	0.01640	0.20820	0.48214	0.01859	0.02787	0.02030	0.02253	0.02454	0.07122	0.02267	0.01401	0.01577	0.01055	0.00714	0.00654	0.00218	0.00981	0.00536	0.00352	0.01069
5	0.07439	0.01457	0.07295	0.01398	0.01809	0.01297	0.05214	0.10688	0.06186	0.02723	0.09606	0.18251	0.07207	0.01308	0.00841	0.00243	0.03141	0.03349	0.00603	0.09948
6	0.06932	0.01886	0.08702	0.05894	0.02063	0.12415	0.01291	0.12823	0.07774	0.02735	0.11069	0.05567	0.02300	0.03893	0.08579	0.00350	0.00933	0.00805	0.03089	0.00899
7	0.01642	0.04943	0.15917	0.01531	0.02041	0.01418	0.06222	0.04333	0.07192	0.08617	0.02943	0.03065	0.15934	0.01241	0.01127	0.08369	0.07032	0.00847	0.00518	0.05069

[dist]
# distance from previous block
# <min> <max>
38	194

[block]
# block no. 10 follows, 27 sequences, length 18
# corresponding to MSA columns:
# 926-943
name=unknown_K
#
# <colnr> <probs for GDERKNQSTAVLIFYWHMCP>
#	G	D	E	R	K	N	Q	S	T	A	V	L	I	F	Y	W	H	M	C	P
0	0.11282	0.01896	0.01941	0.01618	0.02066	0.12826	0.06426	0.13344	0.19178	0.08482	0.05526	0.02385	0.04603	0.00950	0.00801	0.00235	0.04050	0.00745	0.00622	0.01025
1	0.01907	0.05240	0.07526	0.05500	0.07719	0.08911	0.06407	0.09601	0.04624	0.05249	0.01670	0.07530	0.01467	0.01111	0.02821	0.00268	0.16059	0.00755	0.00466	0.05169
2	0.02116	0.01928	0.05840	0.02381	0.20767	0.07295	0.01577	0.19581	0.12282	0.06284	0.05188	0.02527	0.07050	0.00932	0.00751	0.00228	0.00793	0.00775	0.00595	0.01109
3	0.01732	0.10594	0.02186	0.05160	0.04641	0.01718	0.06476	0.12800	0.10957	0.02613	0.02362	0.14725	0.03801	0.01179	0.00891	0.00242	0.06243	0.04380	0.00558	0.06740
4	0.01573	0.01566	0.01699	0.10795	0.12512	0.14767	0.01368	0.01928	0.03428	0.02137	0.06177	0.08239	0.13241	0.01355	0.00833	0.00258	0.00800	0.15971	0.00540	0.00812
5	0.01991	0.08084	0.05558	0.01656	0.07225	0.08586	0.01265	0.07293	0.11256	0.13602	0.02779	0.16701	0.05283	0.01234	0.00772	0.00242	0.00723	0.04141	0.00630	0.00978
6	0.01816	0.22459	0.22453	0.01496	0.02148	0.04856	0.01572	0.05140	0.01729	0.09217	0.05079	0.02463	0.09061	0.01250	0.05926	0.00284	0.00915	0.00697	0.00470	0.00969
7	0.02707	0.01289	0.01885	0.12305	0.09668	0.01219	0.01337	0.03047	0.01979	0.47230	0.07451	0.02595	0.02024	0.00909	0.00754	0.00232	0.00692	0.00769	0.00762	0.01146
8	0.02085	0.02695	0.37471	0.01779	0.02592	0.01587	0.01977	0.09745	0.06869	0.19193	0.02031	0.05353	0.01485	0.00878	0.00735	0.00237	0.00882	0.00707	0.00560	0.01138
9	0.02055	0.01981	0.02669	0.12240	0.43887	0.12598	0.02015	0.06030	0.01851	0.05522	0.01441	0.01806	0.01154	0.00713	0.00727	0.00220	0.00952	0.00637	0.00412	0.01092
10	0.02915	0.01275	0.01657	0.01320	0.01838	0.01178	0.01073	0.03491	0.12456	0.53959	0.08238	0.02807	0.02320	0.00981	0.00758	0.00233	0.00602	0.00809	0.00885	0.01204
11	0.01062	0.00789	0.01162	0.01162	0.01284	0.00911	0.00890	0.01306	0.01184	0.01701	0.02017	0.03072	0.01924	0.11054	0.65575	0.01155	0.01887	0.00818	0.00402	0.00646
12	0.01489	0.03840	0.70064	0.02116	0.03213	0.01724	0.02743	0.02351	0.01567	0.02351	0.01332	0.01567	0.00940	0.00705	0.00705	0.00235	0.01097	0.00549	0.00313	0.01097
13	0.01080	0.00720	0.00810	0.00810	0.00810	0.00720	0.00450	0.01080	0.01080	0.01439	0.02339	0.04858	0.02699	0.73910	0.03779	0.00720	0.00720	0.01080	0.00450	0.00450
14	0.01968	0.01525	0.01627	0.01372	0.01797	0.01668	0.01092	0.26609	0.24473	0.03487	0.08316	0.03317	0.12938	0.01135	0.00766	0.00235	0.00607	0.00923	0.05091	0.01056
15	0.01670	0.29638	0.45855	0.01807	0.02735	0.02168	0.02204	0.02304	0.01546	0.02130	0.01222	0.01430	0.00945	0.00680	0.00622	0.00207	0.00986	0.00493	0.00315	0.01044
16	0.01725	0.37406	0.38565	0.01713	0.02591	0.02302	0.02042	0.02290	0.01539	0.02063	0.01189	0.01388	0.00946	0.00672	0.00596	0.00199	0.00953	0.00476	0.00315	0.01028
17	0.05622	0.02672	0.01954	0.01703	0.02145	0.40631	0.01315	0.09091	0.11479	0.13611	0.01762	0.01774	0.01310	0.00833	0.00693	0.00211	0.01038	0.00588	0.00560	0.01007

[dist]
# distance from previous block
# <min> <max>
1	6

[block]
# block no. 11 follows, 27 sequences, length 23
# corresponding to MSA columns:
# 950-972
name=unknown_L
#
# <colnr> <probs for GDERKNQSTAVLIFYWHMCP>
#	G	D	E	R	K	N	Q	S	T	A	V	L	I	F	Y	W	H	M	C	P
0	0.05058	0.01595	0.02263	0.07420	0.31765	0.01648	0.01664	0.02731	0.20297	0.05824	0.01897	0.02079	0.01477	0.00764	0.00707	0.00218	0.00741	0.00677	0.00513	0.10661
1	0.04527	0.06841	0.01017	0.00795	0.01007	0.00937	0.00621	0.01729	0.01492	0.02566	0.02214	0.02680	0.01812	0.04495	0.06034	0.00277	0.00534	0.00681	0.59039	0.00705
2	0.01438	0.03584	0.64315	0.02003	0.03030	0.01633	0.02562	0.02244	0.01578	0.02322	0.01845	0.02030	0.06583	0.00803	0.00720	0.00236	0.01037	0.00633	0.00345	0.01058
3	0.01837	0.01764	0.03013	0.04557	0.69279	0.01764	0.02278	0.02278	0.01690	0.02425	0.01396	0.01837	0.01176	0.00661	0.00735	0.00220	0.00882	0.00661	0.00367	0.01176
4	0.00892	0.00694	0.00812	0.00907	0.01043	0.00614	0.00633	0.01048	0.01543	0.01945	0.05634	0.43607	0.33733	0.02125	0.00916	0.00279	0.00406	0.01866	0.00689	0.00614
5	0.02822	0.02079	0.02228	0.01708	0.02302	0.02302	0.01411	0.66804	0.03490	0.04679	0.01782	0.01782	0.01262	0.00891	0.00743	0.00223	0.00817	0.00668	0.00743	0.01262
6	0.02107	0.01459	0.01632	0.01375	0.01800	0.01537	0.01104	0.28112	0.11734	0.11198	0.06494	0.09030	0.12843	0.01278	0.00805	0.00246	0.00633	0.04821	0.00752	0.01037
7	0.01057	0.00710	0.00816	0.00839	0.00845	0.00704	0.00481	0.01074	0.01124	0.01499	0.02569	0.13843	0.02989	0.64531	0.03408	0.00665	0.00682	0.01215	0.00481	0.00470
8	0.01402	0.01319	0.02227	0.72126	0.05113	0.01649	0.02062	0.01897	0.01484	0.01897	0.01319	0.01979	0.00990	0.00742	0.00742	0.00247	0.00990	0.00660	0.00330	0.00825
9	0.01721	0.01632	0.02765	0.10287	0.57904	0.01657	0.02127	0.02141	0.01650	0.02334	0.01613	0.07787	0.01469	0.00807	0.00753	0.00230	0.00854	0.00781	0.00391	0.01097
10	0.01455	0.01374	0.02323	0.63855	0.12967	0.01663	0.02088	0.01943	0.01510	0.01961	0.01329	0.01962	0.01012	0.00732	0.00741	0.00244	0.00976	0.00660	0.00334	0.00868
11	0.01402	0.01319	0.02227	0.72126	0.05113	0.01649	0.02062	0.01897	0.01484	0.01897	0.01319	0.01979	0.00990	0.00742	0.00742	0.00247	0.00990	0.00660	0.00330	0.00825
12	0.00904	0.00646	0.00861	0.01034	0.01077	0.00603	0.00689	0.01034	0.01421	0.01895	0.04092	0.73426	0.04910	0.02326	0.00948	0.00301	0.00431	0.02110	0.00689	0.00603
13	0.03331	0.01263	0.01723	0.01321	0.01895	0.01091	0.01091	0.03618	0.02125	0.69794	0.02929	0.02527	0.01838	0.00919	0.00747	0.00230	0.00632	0.00747	0.00919	0.01263
14	0.01865	0.57321	0.19876	0.01475	0.02221	0.02644	0.01626	0.02254	0.01523	0.01893	0.01105	0.01282	0.00950	0.00652	0.00532	0.00177	0.00867	0.00434	0.00317	0.00988
15	0.01796	0.01721	0.02938	0.11026	0.63136	0.01753	0.02258	0.02242	0.01671	0.02375	0.01389	0.01851	0.01158	0.00669	0.00736	0.00223	0.00892	0.00661	0.00364	0.01142
16	0.01837	0.01764	0.03013	0.04557	0.69279	0.01764	0.02278	0.02278	0.01690	0.02425	0.01396	0.01837	0.01176	0.00661	0.00735	0.00220	0.00882	0.00661	0.00367	0.01176
17	0.01061	0.00795	0.01193	0.01193	0.01326	0.00928	0.00928	0.01326	0.01193	0.01723	0.01988	0.02916	0.01856	0.05568	0.70968	0.01193	0.01988	0.00795	0.00398	0.00663
18	0.01489	0.03840	0.70064	0.02116	0.03213	0.01724	0.02743	0.02351	0.01567	0.02351	0.01332	0.01567	0.00940	0.00705	0.00705	0.00235	0.01097	0.00549	0.00313	0.01097
19	0.01080	0.00720	0.00810	0.00810	0.00810	0.00720	0.00450	0.01080	0.01080	0.01439	0.02339	0.04858	0.02699	0.73910	0.03779	0.00720	0.00720	0.01080	0.00450	0.00450
20	0.02171	0.01480	0.01605	0.04675	0.01854	0.01618	0.01081	0.37309	0.02610	0.03770	0.02019	0.02191	0.01509	0.00873	0.00652	0.00204	0.00634	0.00678	0.32055	0.01010
21	0.01571	0.23246	0.42432	0.01724	0.02570	0.01931	0.02062	0.02191	0.01621	0.02263	0.10092	0.01982	0.01738	0.00792	0.00663	0.00213	0.00914	0.00610	0.00381	0.01005
22	0.01793	0.47135	0.29436	0.01597	0.02410	0.02469	0.01839	0.02272	0.01531	0.01980	0.01148	0.01336	0.00948	0.00662	0.00565	0.00188	0.00911	0.00455	0.00316	0.01008

[dist]
# distance from previous block
# <min> <max>
2	5

[block]
# block no. 12 follows, 27 sequences, length 15
# corresponding to MSA columns:
# 978-992
name=unknown_M
#
# <colnr> <probs for GDERKNQSTAVLIFYWHMCP>
#	G	D	E	R	K	N	Q	S	T	A	V	L	I	F	Y	W	H	M	C	P
0	0.01712	0.03621	0.60530	0.02041	0.03054	0.05967	0.02533	0.02488	0.01644	0.07567	0.01445	0.01628	0.01011	0.00726	0.00706	0.00232	0.01076	0.00560	0.00365	0.01095
1	0.02532	0.03149	0.01948	0.01776	0.02129	0.61108	0.01332	0.02746	0.02103	0.01979	0.10621	0.01927	0.01802	0.00870	0.00698	0.00197	0.01201	0.00599	0.00443	0.00838
2	0.00894	0.00753	0.00775	0.00770	0.01013	0.00634	0.00577	0.01098	0.01731	0.02099	0.13418	0.06991	0.63023	0.01845	0.00877	0.00249	0.00374	0.01545	0.00702	0.00634
3	0.01026	0.00897	0.04059	0.00941	0.01177	0.00728	0.00758	0.01358	0.01972	0.02699	0.50032	0.05777	0.22682	0.01574	0.00868	0.00238	0.00391	0.01364	0.00761	0.00699
4	0.01539	0.01319	0.01539	0.01100	0.01759	0.00990	0.00880	0.01869	0.01539	0.02419	0.01319	0.01539	0.01100	0.00550	0.00550	0.00110	0.00550	0.00440	0.00440	0.78449
5	0.01077	0.00731	0.00867	0.00867	0.00887	0.00751	0.00521	0.01116	0.01096	0.01482	0.02287	0.04569	0.02573	0.63733	0.13785	0.00790	0.00909	0.01037	0.00442	0.00482
6	0.01928	0.01986	0.02076	0.16644	0.15330	0.20651	0.01578	0.02562	0.14887	0.02152	0.01646	0.01993	0.01329	0.01129	0.03349	0.07770	0.00986	0.00649	0.00438	0.00917
7	0.01570	0.01408	0.02130	0.24663	0.16241	0.01644	0.01685	0.07332	0.01718	0.02379	0.11582	0.06487	0.02172	0.01051	0.01093	0.00256	0.14383	0.00844	0.00465	0.00898
8	0.01161	0.00972	0.01335	0.01262	0.01501	0.00949	0.07021	0.01687	0.11649	0.02270	0.09833	0.28619	0.19249	0.01768	0.00897	0.00276	0.00537	0.07585	0.00680	0.00748
9	0.01410	0.01558	0.08649	0.65498	0.04933	0.01656	0.02126	0.01940	0.01492	0.01940	0.01321	0.01940	0.00985	0.00739	0.00739	0.00246	0.01000	0.00649	0.00328	0.00850
10	0.09676	0.15660	0.02280	0.11512	0.02435	0.12160	0.01351	0.16994	0.07949	0.08010	0.01688	0.04203	0.01336	0.00846	0.00663	0.00216	0.00842	0.00633	0.00536	0.01008
11	0.02093	0.02007	0.08522	0.11696	0.05785	0.05437	0.20903	0.14331	0.02059	0.10178	0.01632	0.01894	0.01186	0.00731	0.00757	0.00224	0.00978	0.00695	0.00498	0.08394
12	0.14686	0.01561	0.05447	0.11061	0.02161	0.04279	0.01196	0.16609	0.02026	0.06557	0.08842	0.03098	0.11751	0.06477	0.00950	0.00269	0.00711	0.00839	0.00586	0.00893
13	0.01895	0.01654	0.05246	0.24949	0.22137	0.01673	0.06917	0.10504	0.01882	0.08983	0.01728	0.06038	0.01392	0.00836	0.00761	0.00238	0.00895	0.00765	0.00473	0.01034
14	0.01989	0.01763	0.02114	0.08821	0.11315	0.12324	0.04118	0.06087	0.07558	0.09489	0.01737	0.02156	0.01411	0.04050	0.10812	0.00391	0.11735	0.00698	0.00482	0.00951

[dist]
# distance from previous block
# <min> <max>
19	80

[block]
# block no. 13 follows, 27 sequences, length 7
# corresponding to MSA columns:
# 1103-1109
name=unknown_N
#
# <colnr> <probs for GDERKNQSTAVLIFYWHMCP>
#	G	D	E	R	K	N	Q	S	T	A	V	L	I	F	Y	W	H	M	C	P
0	0.01403	0.01196	0.01765	0.34955	0.03193	0.01411	0.01490	0.08629	0.01654	0.02189	0.02288	0.26272	0.02354	0.01340	0.00941	0.00269	0.06204	0.01154	0.00497	0.00796
1	0.02214	0.01796	0.02411	0.27457	0.03459	0.02028	0.07196	0.37697	0.02612	0.03470	0.01590	0.01873	0.01152	0.00814	0.00754	0.00234	0.00917	0.00683	0.00561	0.01081
2	0.01539	0.01319	0.01539	0.01100	0.01759	0.00990	0.00880	0.01869	0.01539	0.02419	0.01319	0.01539	0.01100	0.00550	0.00550	0.00110	0.00550	0.00440	0.00440	0.78449
3	0.01502	0.01292	0.01370	0.01253	0.01591	0.07471	0.00967	0.07679	0.01761	0.02363	0.02714	0.27141	0.02913	0.01450	0.00791	0.00231	0.00629	0.11370	0.00587	0.24926
