[name]
unknown

[dist]
# distance from previous block
# <min> <max>
0	17

[block]
# block no. 0 follows, 41 sequences, length 83
# corresponding to MSA columns:
# 17-99
name=unknown_A
#
# <colnr> <probs for GDERKNQSTAVLIFYWHMCP>
#	G	D	E	R	K	N	Q	S	T	A	V	L	I	F	Y	W	H	M	C	P
0	0.01011	0.00723	0.00983	0.01110	0.01248	0.00710	0.00956	0.01247	0.01368	0.01790	0.03087	0.06499	0.03340	0.01623	0.00823	0.00278	0.00555	0.71524	0.00553	0.00572
1	0.01080	0.01017	0.01716	0.78523	0.03940	0.01271	0.01589	0.01461	0.01144	0.01461	0.01017	0.01525	0.00762	0.00572	0.00572	0.00191	0.00762	0.00508	0.00254	0.00635
2	0.01080	0.01017	0.01716	0.78523	0.03940	0.01271	0.01589	0.01461	0.01144	0.01461	0.01017	0.01525	0.00762	0.00572	0.00572	0.00191	0.00762	0.00508	0.00254	0.00635
3	0.03815	0.01093	0.01818	0.59909	0.19400	0.01290	0.01593	0.01532	0.01172	0.01584	0.01022	0.01482	0.00789	0.00557	0.00564	0.00186	0.00734	0.00502	0.00264	0.00693
4	0.02094	0.00917	0.01212	0.00942	0.01346	0.00780	0.00767	0.02323	0.01563	0.54636	0.11667	0.02257	0.04250	0.00752	0.00571	0.00165	0.00444	0.00622	0.00642	0.12048
5	0.83938	0.01106	0.00841	0.00752	0.01106	0.01283	0.00619	0.01681	0.00973	0.02566	0.00796	0.00929	0.00619	0.00531	0.00354	0.00177	0.00442	0.00310	0.00354	0.00619
6	0.00767	0.00568	0.00717	0.00720	0.00844	0.00518	0.00530	0.00981	0.01453	0.01985	0.47674	0.19774	0.16894	0.01352	0.00689	0.00195	0.00292	0.02942	0.00591	0.00515
7	0.80717	0.01101	0.00860	0.00763	0.01120	0.01266	0.00628	0.01725	0.01000	0.05503	0.00854	0.00969	0.00651	0.00538	0.00363	0.00177	0.00444	0.00320	0.00368	0.00633
8	0.05288	0.00978	0.01311	0.01009	0.01448	0.00855	0.00833	0.02751	0.01615	0.74246	0.02208	0.01913	0.01389	0.00702	0.00568	0.00177	0.00485	0.00566	0.00696	0.00962
9	0.00680	0.00580	0.00585	0.00584	0.00775	0.00485	0.00438	0.00828	0.01313	0.01567	0.07853	0.05469	0.74025	0.01440	0.00676	0.00193	0.00289	0.01202	0.00534	0.00485
10	0.01326	0.01459	0.02906	0.02202	0.04948	0.01526	0.52346	0.01708	0.01221	0.01711	0.01046	0.01461	0.00838	0.00622	0.00994	0.00208	0.21842	0.00623	0.00279	0.00737
11	0.01488	0.01442	0.02525	0.03366	0.64198	0.01415	0.12818	0.01822	0.01361	0.01939	0.01173	0.01551	0.00981	0.00563	0.00619	0.00189	0.00749	0.00562	0.00314	0.00926
12	0.01447	0.01634	0.04967	0.02359	0.05742	0.03957	0.59550	0.01855	0.01361	0.01854	0.01188	0.01600	0.00932	0.00594	0.00808	0.00211	0.08163	0.00661	0.00314	0.00804
13	0.01486	0.01447	0.02359	0.11269	0.58748	0.04418	0.07701	0.01806	0.01354	0.01880	0.01154	0.01538	0.00962	0.00575	0.00610	0.00189	0.00752	0.00545	0.00311	0.00897
14	0.00803	0.00583	0.00756	0.02739	0.00970	0.00547	0.00592	0.00886	0.01148	0.01534	0.03182	0.70838	0.06100	0.03681	0.02359	0.00266	0.00402	0.01557	0.00542	0.00514
15	0.01467	0.05360	0.60044	0.01582	0.02344	0.01332	0.03674	0.02011	0.01328	0.13280	0.01295	0.01437	0.00917	0.00622	0.00582	0.00194	0.00810	0.00476	0.00344	0.00901
16	0.01791	0.01412	0.02751	0.03776	0.02591	0.01302	0.49608	0.02164	0.01482	0.24354	0.01568	0.01778	0.01111	0.00610	0.00677	0.00203	0.00839	0.00666	0.00444	0.00871
17	0.01259	0.08238	0.70938	0.01634	0.02453	0.01435	0.02054	0.01858	0.01257	0.01856	0.01097	0.01307	0.00808	0.00597	0.00568	0.00193	0.00854	0.00443	0.00272	0.00879
18	0.01430	0.01345	0.02242	0.18674	0.60755	0.01384	0.01744	0.01751	0.01322	0.01862	0.01149	0.01554	0.00958	0.00580	0.00604	0.00190	0.00723	0.00536	0.00307	0.00892
19	0.00905	0.00669	0.00945	0.00946	0.01044	0.00743	0.00712	0.01061	0.00974	0.01395	0.01690	0.05093	0.01643	0.11184	0.67133	0.00868	0.01416	0.00693	0.00347	0.00540
20	0.01341	0.01254	0.02082	0.38480	0.41641	0.01360	0.01700	0.01673	0.01280	0.01755	0.01133	0.01582	0.00920	0.00596	0.00605	0.00195	0.00745	0.00536	0.00299	0.00821
21	0.01580	0.73161	0.08826	0.01087	0.01606	0.02220	0.01101	0.01775	0.01219	0.01465	0.00902	0.01063	0.00816	0.00552	0.00420	0.00143	0.00658	0.00345	0.00275	0.00786
22	0.01498	0.01414	0.02364	0.03533	0.75366	0.01401	0.01778	0.01810	0.01354	0.01945	0.01161	0.01532	0.00987	0.00567	0.00602	0.00186	0.00706	0.00537	0.00313	0.00947
23	0.79682	0.01184	0.00938	0.00835	0.01197	0.01346	0.00676	0.04593	0.01097	0.02673	0.00908	0.01069	0.00718	0.00595	0.00402	0.00192	0.00480	0.00348	0.00391	0.00678
24	0.01680	0.01476	0.01404	0.01245	0.01578	0.10998	0.00962	0.09494	0.53877	0.04329	0.02109	0.02027	0.01599	0.00793	0.00602	0.00199	0.00565	0.00619	0.03534	0.00910
25	0.01320	0.12793	0.59672	0.01644	0.02410	0.03340	0.06858	0.01865	0.01274	0.01820	0.01088	0.01308	0.00819	0.00591	0.00566	0.00189	0.00852	0.00452	0.00277	0.00863
26	0.00787	0.00614	0.00694	0.00751	0.00881	0.00536	0.00534	0.00892	0.01269	0.01597	0.04608	0.36368	0.42234	0.01641	0.00738	0.00228	0.00348	0.04198	0.00557	0.00523
27	0.01430	0.01585	0.03349	0.02418	0.02978	0.01498	0.70843	0.01870	0.01385	0.01893	0.01228	0.01647	0.00945	0.00558	0.00750	0.00210	0.03592	0.00694	0.00318	0.00809
28	0.01255	0.07449	0.71693	0.01641	0.02463	0.01425	0.02066	0.01859	0.01258	0.01861	0.01099	0.01310	0.00808	0.00598	0.00570	0.00193	0.00856	0.00444	0.00272	0.00880
29	0.02084	0.02238	0.01659	0.06172	0.01904	0.47090	0.01129	0.26782	0.01955	0.02154	0.01059	0.01178	0.00819	0.00621	0.00538	0.00158	0.00878	0.00427	0.00387	0.00767
30	0.01316	0.01595	0.07821	0.02309	0.02886	0.01406	0.67341	0.01796	0.01333	0.01818	0.01216	0.04127	0.00956	0.00530	0.00669	0.00193	0.00936	0.00691	0.00294	0.00766
31	0.00777	0.00535	0.00637	0.00685	0.00704	0.00519	0.00417	0.00819	0.00946	0.01254	0.02449	0.31304	0.05604	0.48482	0.02032	0.00423	0.00463	0.01135	0.00421	0.00395
32	0.01182	0.06721	0.67463	0.01659	0.02465	0.01384	0.07711	0.01808	0.01217	0.01790	0.01025	0.01219	0.00736	0.00536	0.00545	0.00179	0.00843	0.00437	0.00245	0.00834
33	0.01282	0.01491	0.05714	0.02206	0.02724	0.01368	0.62355	0.01723	0.01304	0.01781	0.01311	0.08333	0.01113	0.00619	0.00722	0.00198	0.03963	0.00742	0.00307	0.00742
34	0.00922	0.00658	0.00922	0.01053	0.01185	0.00658	0.00922	0.01185	0.01317	0.01712	0.03029	0.06452	0.03292	0.01580	0.00790	0.00263	0.00527	0.72480	0.00527	0.00527
35	0.01610	0.01295	0.01384	0.01176	0.01527	0.01463	0.00933	0.25275	0.46653	0.02765	0.07899	0.02066	0.01794	0.00779	0.00586	0.00186	0.00494	0.00636	0.00583	0.00897
36	0.01404	0.01347	0.02300	0.06137	0.73796	0.01356	0.01750	0.01745	0.01297	0.01854	0.01074	0.01419	0.00901	0.00512	0.00566	0.00171	0.00682	0.00510	0.00282	0.00897
37	0.01342	0.01521	0.03251	0.02341	0.02875	0.01470	0.68658	0.01797	0.01314	0.01797	0.01126	0.01521	0.00859	0.00522	0.00767	0.00197	0.06933	0.00662	0.00286	0.00760
38	0.00817	0.00584	0.00800	0.00920	0.01010	0.00567	0.00728	0.01011	0.01242	0.01643	0.08037	0.37749	0.03646	0.01643	0.00756	0.00244	0.00425	0.37141	0.00536	0.00501
39	0.03988	0.15128	0.57606	0.01550	0.02304	0.01484	0.06779	0.01793	0.01202	0.01764	0.00991	0.01175	0.00732	0.00530	0.00518	0.00172	0.00803	0.00417	0.00249	0.00815
40	0.01040	0.00711	0.00883	0.00811	0.00997	0.00694	0.00617	0.01500	0.12710	0.08401	0.54577	0.06508	0.06082	0.01101	0.00654	0.00184	0.00318	0.00963	0.00623	0.00627
41	0.00804	0.00543	0.00632	0.00659	0.00666	0.00536	0.00384	0.00825	0.00886	0.01181	0.02079	0.19299	0.02429	0.63865	0.02464	0.00488	0.00509	0.00995	0.00384	0.00371
42	0.01149	0.01149	0.04349	0.61097	0.18229	0.01290	0.01639	0.01531	0.01177	0.01554	0.01029	0.01493	0.00790	0.00559	0.00570	0.00186	0.00749	0.00506	0.00259	0.00696
43	0.03066	0.04070	0.24957	0.01125	0.01556	0.02998	0.01144	0.05900	0.10021	0.04792	0.25154	0.04454	0.06679	0.00862	0.00593	0.00181	0.00538	0.00718	0.00466	0.00725
44	0.04830	0.02355	0.01733	0.01840	0.16018	0.57604	0.01218	0.02129	0.01511	0.01530	0.00913	0.01109	0.00766	0.00587	0.00569	0.00156	0.03736	0.00398	0.00293	0.00707
45	0.00697	0.00498	0.00664	0.00796	0.00830	0.00465	0.00531	0.00796	0.01095	0.01460	0.03153	0.79525	0.03783	0.01792	0.00730	0.00232	0.00332	0.01626	0.00531	0.00465
46	0.01147	0.02959	0.76934	0.01630	0.02476	0.01328	0.02113	0.01811	0.01208	0.01811	0.01026	0.01208	0.00725	0.00543	0.00543	0.00181	0.00845	0.00423	0.00242	0.00845
47	0.01210	0.15707	0.64738	0.01523	0.02309	0.01483	0.01926	0.01795	0.01200	0.01735	0.00988	0.01160	0.00726	0.00535	0.00514	0.00171	0.00807	0.00403	0.00242	0.00827
48	0.00832	0.00555	0.00624	0.00624	0.00624	0.00555	0.00347	0.00832	0.00832	0.01109	0.01802	0.03743	0.02080	0.79898	0.02911	0.00555	0.00555	0.00832	0.00347	0.00347
49	0.02539	0.01017	0.01355	0.01039	0.01482	0.00906	0.00858	0.07792	0.01711	0.71618	0.02195	0.01907	0.01385	0.00706	0.00575	0.00177	0.00497	0.00571	0.00698	0.00973
50	0.01788	0.03775	0.04172	0.04209	0.01631	0.01316	0.00992	0.29364	0.13714	0.16293	0.03877	0.03827	0.05825	0.00830	0.00594	0.00185	0.00546	0.05648	0.00559	0.00856
51	0.01448	0.01390	0.02261	0.06076	0.69298	0.03336	0.01710	0.04207	0.01352	0.01900	0.01079	0.01408	0.00899	0.00520	0.00565	0.00170	0.00690	0.00506	0.00292	0.00892
52	0.01199	0.01175	0.01652	0.01432	0.01444	0.01627	0.01187	0.01334	0.00881	0.01371	0.00845	0.01371	0.00832	0.01396	0.10977	0.00331	0.69563	0.00514	0.00257	0.00612
53	0.01351	0.01293	0.02204	0.18043	0.62306	0.01342	0.01723	0.01698	0.01272	0.01790	0.01064	0.01437	0.00878	0.00522	0.00567	0.00174	0.00696	0.00509	0.00278	0.00854
54	0.01914	0.02101	0.07002	0.01524	0.04400	0.35070	0.05400	0.19703	0.05281	0.04708	0.02848	0.01338	0.00985	0.00647	0.00618	0.00168	0.04646	0.00472	0.00391	0.00783
55	0.01230	0.17734	0.60255	0.01568	0.04750	0.01509	0.01884	0.01791	0.01202	0.01724	0.00984	0.01159	0.00732	0.00532	0.00510	0.00169	0.00795	0.00403	0.00244	0.00826
56	0.00676	0.00579	0.00579	0.00579	0.00773	0.00483	0.00435	0.00821	0.01304	0.01545	0.05794	0.05505	0.76098	0.01449	0.00676	0.00193	0.00290	0.01207	0.00531	0.00483
57	0.01325	0.01267	0.02158	0.23754	0.56794	0.01335	0.01710	0.01676	0.01260	0.01759	0.01060	0.01445	0.00867	0.00526	0.00568	0.00175	0.00702	0.00509	0.00275	0.00833
58	0.01426	0.01349	0.02263	0.07780	0.69175	0.01370	0.01719	0.04616	0.01348	0.01914	0.01084	0.01420	0.00900	0.00520	0.00567	0.00171	0.00682	0.00510	0.00293	0.00893
59	0.02137	0.02726	0.01621	0.01474	0.01768	0.77602	0.01105	0.02284	0.01621	0.01400	0.00884	0.01031	0.00737	0.00589	0.00516	0.00147	0.01031	0.00368	0.00295	0.00663
60	0.03810	0.01136	0.01348	0.01017	0.01478	0.01042	0.00831	0.19539	0.01714	0.29092	0.03052	0.01560	0.01167	0.00606	0.00517	0.00143	0.00493	0.00479	0.00533	0.30442
61	0.01325	0.01624	0.13728	0.07865	0.05348	0.01360	0.43484	0.01917	0.08579	0.04070	0.03979	0.01656	0.01106	0.00559	0.00632	0.00189	0.00832	0.00626	0.00333	0.00788
62	0.00832	0.00555	0.00624	0.00624	0.00624	0.00555	0.00347	0.00832	0.00832	0.01109	0.01802	0.03743	0.02080	0.79898	0.02911	0.00555	0.00555	0.00832	0.00347	0.00347
63	0.01080	0.01017	0.01716	0.78523	0.03940	0.01271	0.01589	0.01461	0.01144	0.01461	0.01017	0.01525	0.00762	0.00572	0.00572	0.00191	0.00762	0.00508	0.00254	0.00635
64	0.01179	0.01118	0.01894	0.56395	0.25295	0.01297	0.01638	0.01548	0.01191	0.01582	0.01034	0.01493	0.00805	0.00554	0.00570	0.00185	0.00738	0.00509	0.00263	0.00715
65	0.01350	0.01543	0.03375	0.02411	0.02989	0.01446	0.74253	0.01832	0.01350	0.01832	0.01157	0.01543	0.00868	0.00482	0.00675	0.00193	0.00964	0.00675	0.00289	0.00771
66	0.00832	0.00555	0.00624	0.00624	0.00624	0.00555	0.00347	0.00832	0.00832	0.01109	0.01802	0.03743	0.02080	0.79898	0.02911	0.00555	0.00555	0.00832	0.00347	0.00347
67	0.01369	0.01462	0.02838	0.02089	0.02602	0.01440	0.55322	0.02144	0.20435	0.01977	0.01459	0.01695	0.01095	0.00558	0.00651	0.00193	0.00832	0.00668	0.00365	0.00806
68	0.01197	0.10810	0.66387	0.01545	0.02334	0.01428	0.01950	0.01850	0.04112	0.01787	0.01054	0.01214	0.00766	0.00547	0.00527	0.00176	0.00806	0.00419	0.00255	0.00836
69	0.00922	0.00658	0.00922	0.01053	0.01185	0.00658	0.00922	0.01185	0.01317	0.01712	0.03029	0.06452	0.03292	0.01580	0.00790	0.00263	0.00527	0.72480	0.00527	0.00527
70	0.01066	0.00533	0.00533	0.00533	0.00666	0.00533	0.00400	0.01333	0.01200	0.02132	0.01866	0.02132	0.01466	0.00666	0.00400	0.00133	0.00267	0.00533	0.83073	0.00533
71	0.02566	0.00973	0.01327	0.01018	0.01460	0.00841	0.00841	0.02788	0.01637	0.76726	0.02257	0.01947	0.01416	0.00708	0.00575	0.00177	0.00487	0.00575	0.00708	0.00973
72	0.02341	0.01253	0.01492	0.01150	0.01590	0.01263	0.00947	0.35875	0.02111	0.41131	0.01869	0.03509	0.01267	0.00724	0.00577	0.00176	0.00549	0.00572	0.00641	0.00961
73	0.00676	0.00579	0.00579	0.00579	0.00773	0.00483	0.00435	0.00821	0.01304	0.01545	0.05794	0.05505	0.76098	0.01449	0.00676	0.00193	0.00290	0.01207	0.00531	0.00483
74	0.83938	0.01106	0.00841	0.00752	0.01106	0.01283	0.00619	0.01681	0.00973	0.02566	0.00796	0.00929	0.00619	0.00531	0.00354	0.00177	0.00442	0.00310	0.00354	0.00619
75	0.00810	0.00585	0.00765	0.00720	0.00855	0.00540	0.00540	0.01079	0.01619	0.02294	0.76028	0.04273	0.05397	0.01169	0.00675	0.00180	0.00270	0.01034	0.00630	0.00540
76	0.01529	0.80242	0.02997	0.00979	0.01468	0.02263	0.00979	0.01713	0.01162	0.01346	0.00795	0.00918	0.00734	0.00489	0.00367	0.00122	0.00612	0.00306	0.00245	0.00734
77	0.01186	0.01017	0.01186	0.00847	0.01356	0.00762	0.00678	0.01440	0.01186	0.01864	0.01017	0.01186	0.00847	0.00424	0.00424	0.00085	0.00424	0.00339	0.00339	0.83395
78	0.00697	0.00498	0.00664	0.00796	0.00830	0.00465	0.00531	0.00796	0.01095	0.01460	0.03153	0.79525	0.03783	0.01792	0.00730	0.00232	0.00332	0.01626	0.00531	0.00465
79	0.02457	0.01086	0.01389	0.01072	0.01512	0.01015	0.00883	0.14447	0.04725	0.61892	0.02116	0.01861	0.01357	0.00707	0.00575	0.00177	0.00509	0.00568	0.00681	0.00971
80	0.02103	0.01567	0.01677	0.01302	0.01747	0.01741	0.01070	0.67681	0.09547	0.03490	0.01463	0.01445	0.01046	0.00695	0.00573	0.00174	0.00613	0.00527	0.00573	0.00966
81	0.59676	0.01286	0.01043	0.05389	0.01385	0.09507	0.00762	0.06672	0.01210	0.04066	0.03869	0.01160	0.00871	0.00579	0.00416	0.00174	0.00531	0.00376	0.00375	0.00654
82	0.01416	0.01359	0.02322	0.03511	0.76330	0.01359	0.01755	0.01755	0.01302	0.01869	0.01076	0.01416	0.00906	0.00510	0.00566	0.00170	0.00680	0.00510	0.00283	0.00906

[dist]
# distance from previous block
# <min> <max>
0	1

[block]
# block no. 1 follows, 41 sequences, length 25
# corresponding to MSA columns:
# 101-125
name=unknown_B
#
# <colnr> <probs for GDERKNQSTAVLIFYWHMCP>
#	G	D	E	R	K	N	Q	S	T	A	V	L	I	F	Y	W	H	M	C	P
0	0.83938	0.01106	0.00841	0.00752	0.01106	0.01283	0.00619	0.01681	0.00973	0.02566	0.00796	0.00929	0.00619	0.00531	0.00354	0.00177	0.00442	0.00310	0.00354	0.00619
1	0.00829	0.00558	0.00639	0.00634	0.00649	0.00553	0.00367	0.00859	0.00917	0.01237	0.09816	0.03800	0.02438	0.71398	0.02670	0.00514	0.00524	0.00854	0.00377	0.00367
2	0.00994	0.00497	0.00745	0.00745	0.00745	0.00497	0.00497	0.00745	0.00745	0.00994	0.00994	0.01739	0.00994	0.01987	0.02235	0.83358	0.00497	0.00497	0.00248	0.00248
3	0.02174	0.01602	0.01717	0.01316	0.01774	0.01774	0.01087	0.74423	0.02689	0.03605	0.01373	0.01373	0.00973	0.00687	0.00572	0.00172	0.00629	0.00515	0.00572	0.00973
4	0.00792	0.00584	0.00740	0.00701	0.00844	0.00532	0.00526	0.01045	0.01577	0.02194	0.66628	0.04438	0.14860	0.01207	0.00675	0.00182	0.00273	0.01058	0.00616	0.00532
5	0.00697	0.00498	0.00664	0.00796	0.00830	0.00465	0.00531	0.00796	0.01095	0.01460	0.03153	0.79525	0.03783	0.01792	0.00730	0.00232	0.00332	0.01626	0.00531	0.00465
6	0.74768	0.01288	0.00928	0.00833	0.01180	0.09838	0.00674	0.01749	0.01046	0.02436	0.00806	0.00941	0.00633	0.00538	0.00372	0.00174	0.00508	0.00316	0.00347	0.00624
7	0.00756	0.00598	0.00696	0.00749	0.00909	0.00537	0.00598	0.00935	0.01291	0.01591	0.04695	0.11851	0.46937	0.01519	0.00717	0.00219	0.00369	0.24008	0.00530	0.00495
8	0.83938	0.01106	0.00841	0.00752	0.01106	0.01283	0.00619	0.01681	0.00973	0.02566	0.00796	0.00929	0.00619	0.00531	0.00354	0.00177	0.00442	0.00310	0.00354	0.00619
9	0.01529	0.80242	0.02997	0.00979	0.01468	0.02263	0.00979	0.01713	0.01162	0.01346	0.00795	0.00918	0.00734	0.00489	0.00367	0.00122	0.00612	0.00306	0.00245	0.00734
10	0.00831	0.00557	0.00635	0.00635	0.00639	0.00560	0.00360	0.00839	0.00835	0.01117	0.01792	0.03688	0.02056	0.77110	0.05666	0.00568	0.00591	0.00824	0.00345	0.00353
11	0.00818	0.00611	0.00908	0.00908	0.01006	0.00709	0.00701	0.01014	0.00916	0.01319	0.01543	0.02305	0.01455	0.07227	0.74729	0.00905	0.01494	0.00621	0.00308	0.00504
12	0.00820	0.00602	0.00865	0.00865	0.00948	0.00686	0.00647	0.00987	0.00903	0.01288	0.01582	0.02522	0.01549	0.18160	0.63925	0.00852	0.01353	0.00653	0.00314	0.00481
13	0.01147	0.02959	0.76934	0.01630	0.02476	0.01328	0.02113	0.01811	0.01208	0.01811	0.01026	0.01208	0.00725	0.00543	0.00543	0.00181	0.00845	0.00423	0.00242	0.00845
14	0.00696	0.00502	0.00659	0.00785	0.00827	0.00466	0.00526	0.00798	0.01106	0.01465	0.03294	0.75569	0.07648	0.01774	0.00727	0.00230	0.00330	0.01604	0.00531	0.00466
15	0.22464	0.01277	0.01375	0.01081	0.01508	0.01352	0.00892	0.33414	0.01927	0.26898	0.01515	0.01448	0.01028	0.00655	0.00519	0.00175	0.00537	0.00484	0.00562	0.00886
16	0.00795	0.00584	0.00745	0.00704	0.00846	0.00534	0.00528	0.01051	0.01585	0.02213	0.68446	0.04406	0.13030	0.01200	0.00675	0.00181	0.00272	0.01053	0.00619	0.00534
17	0.01354	0.01533	0.03319	0.02470	0.06924	0.01442	0.70363	0.01828	0.01347	0.01834	0.01153	0.01536	0.00870	0.00484	0.00669	0.00192	0.00949	0.00666	0.00289	0.00779
18	0.00704	0.00581	0.00619	0.00609	0.00790	0.00495	0.00457	0.00876	0.01371	0.01704	0.20698	0.05243	0.61095	0.01389	0.00676	0.00190	0.00286	0.01171	0.00552	0.00495
19	0.00794	0.00584	0.00743	0.00703	0.00845	0.00533	0.00527	0.01049	0.01582	0.02206	0.67779	0.04417	0.13701	0.01202	0.00675	0.00181	0.00272	0.01055	0.00618	0.00533
20	0.01147	0.02959	0.76934	0.01630	0.02476	0.01328	0.02113	0.01811	0.01208	0.01811	0.01026	0.01208	0.00725	0.00543	0.00543	0.00181	0.00845	0.00423	0.00242	0.00845
21	0.00795	0.00584	0.00745	0.00704	0.00846	0.00534	0.00528	0.01051	0.01585	0.02213	0.68446	0.04406	0.13030	0.01200	0.00675	0.00181	0.00272	0.01053	0.00619	0.00534
22	0.01066	0.00533	0.00533	0.00533	0.00666	0.00533	0.00400	0.01333	0.01200	0.02132	0.01866	0.02132	0.01466	0.00666	0.00400	0.00133	0.00267	0.00533	0.83073	0.00533
23	0.00722	0.00519	0.00691	0.00819	0.00869	0.00487	0.00573	0.00842	0.01127	0.01492	0.03218	0.68921	0.05919	0.01757	0.00735	0.00235	0.00353	0.09719	0.00530	0.00472
24	0.05500	0.01018	0.01335	0.01027	0.01467	0.00916	0.00848	0.07331	0.01680	0.69351	0.02147	0.01873	0.01359	0.00700	0.00567	0.00177	0.00494	0.00562	0.00686	0.00961

[dist]
# distance from previous block
# <min> <max>
0	17

[block]
# block no. 2 follows, 41 sequences, length 24
# corresponding to MSA columns:
# 143-166
name=unknown_C
#
# <colnr> <probs for GDERKNQSTAVLIFYWHMCP>
#	G	D	E	R	K	N	Q	S	T	A	V	L	I	F	Y	W	H	M	C	P
0	0.01480	0.01091	0.01231	0.01106	0.01392	0.01215	0.00861	0.05471	0.47370	0.12052	0.02358	0.13698	0.01968	0.00939	0.00655	0.00200	0.03351	0.02151	0.00577	0.00834
1	0.02207	0.02269	0.01594	0.01378	0.01723	0.52957	0.01063	0.14889	0.01809	0.13043	0.01174	0.01228	0.00879	0.00624	0.00534	0.00156	0.00880	0.00425	0.00405	0.00763
2	0.01230	0.06716	0.15480	0.01255	0.01531	0.01307	0.01179	0.05715	0.01120	0.05716	0.01189	0.01604	0.01025	0.01962	0.27075	0.00447	0.23948	0.00516	0.00311	0.00674
3	0.01536	0.01364	0.02088	0.07296	0.52855	0.01413	0.01549	0.17739	0.01599	0.02216	0.01313	0.01564	0.03697	0.00587	0.00572	0.00172	0.00659	0.00537	0.00354	0.00889
4	0.01824	0.02069	0.01477	0.01338	0.01645	0.44191	0.01018	0.02615	0.33934	0.01835	0.01517	0.01515	0.01179	0.00671	0.00545	0.00168	0.00778	0.00490	0.00421	0.00769
5	0.83938	0.01106	0.00841	0.00752	0.01106	0.01283	0.00619	0.01681	0.00973	0.02566	0.00796	0.00929	0.00619	0.00531	0.00354	0.00177	0.00442	0.00310	0.00354	0.00619
6	0.83938	0.01106	0.00841	0.00752	0.01106	0.01283	0.00619	0.01681	0.00973	0.02566	0.00796	0.00929	0.00619	0.00531	0.00354	0.00177	0.00442	0.00310	0.00354	0.00619
7	0.00730	0.00522	0.00702	0.00835	0.00883	0.00494	0.00589	0.00855	0.01128	0.01498	0.03134	0.68601	0.03710	0.01760	0.00739	0.00237	0.00361	0.12218	0.00530	0.00474
8	0.00731	0.00584	0.00664	0.00711	0.00868	0.00517	0.00551	0.00894	0.01275	0.01567	0.04820	0.16768	0.50036	0.01527	0.00708	0.00214	0.00346	0.16200	0.00530	0.00489
9	0.10606	0.04771	0.25791	0.06378	0.01984	0.01464	0.01348	0.24211	0.09271	0.04113	0.01288	0.01381	0.00937	0.00618	0.00527	0.00176	0.00653	0.00470	0.03174	0.00840
10	0.00699	0.00520	0.00654	0.00758	0.00828	0.00474	0.00522	0.00813	0.01146	0.01486	0.03713	0.61496	0.19220	0.01712	0.00720	0.00225	0.00329	0.03682	0.00531	0.00470
11	0.03378	0.43758	0.13717	0.01356	0.07467	0.06407	0.01231	0.10894	0.01386	0.01771	0.00928	0.01075	0.00774	0.00547	0.00492	0.00148	0.03217	0.00376	0.00294	0.00784
12	0.01161	0.05781	0.74235	0.01606	0.02439	0.01363	0.02072	0.01808	0.01206	0.01794	0.01018	0.01197	0.00725	0.00541	0.00537	0.00179	0.00837	0.00418	0.00242	0.00841
13	0.00701	0.00501	0.00668	0.00793	0.00831	0.00467	0.00531	0.00807	0.01115	0.01492	0.05946	0.76641	0.03845	0.01768	0.00728	0.00230	0.00329	0.01603	0.00535	0.00467
14	0.01130	0.01068	0.01806	0.67310	0.14761	0.01284	0.01613	0.01505	0.01167	0.01522	0.01026	0.01509	0.00784	0.00563	0.00571	0.00188	0.00750	0.00509	0.00258	0.00676
15	0.01459	0.12284	0.19320	0.12374	0.05961	0.13194	0.07347	0.05271	0.12484	0.01803	0.01193	0.01372	0.00919	0.00590	0.00562	0.00173	0.02112	0.00475	0.00324	0.00781
16	0.01101	0.01036	0.01733	0.67080	0.09883	0.01267	0.01556	0.01461	0.01147	0.01493	0.01084	0.04109	0.00875	0.00621	0.00619	0.00192	0.03278	0.00545	0.00266	0.00652
17	0.00697	0.00498	0.00664	0.00796	0.00830	0.00465	0.00531	0.00796	0.01095	0.01460	0.03153	0.79525	0.03783	0.01792	0.00730	0.00232	0.00332	0.01626	0.00531	0.00465
18	0.00801	0.00650	0.00876	0.00828	0.01007	0.00588	0.05286	0.01024	0.01399	0.01829	0.28009	0.09656	0.32579	0.01336	0.00696	0.00202	0.00365	0.11797	0.00547	0.00525
19	0.01660	0.01245	0.02084	0.10989	0.30303	0.02611	0.13744	0.01983	0.01380	0.21855	0.01548	0.01719	0.03537	0.00607	0.00615	0.00180	0.02114	0.00576	0.00403	0.00847
20	0.02438	0.01179	0.01455	0.01115	0.01563	0.01146	0.00921	0.26234	0.01982	0.52793	0.01967	0.01759	0.01271	0.00701	0.00574	0.00175	0.00533	0.00555	0.00664	0.00973
21	0.01102	0.01039	0.01754	0.73709	0.08585	0.01276	0.01599	0.01480	0.01154	0.01488	0.01020	0.01518	0.00772	0.00568	0.00572	0.00189	0.00757	0.00508	0.00256	0.00653
22	0.63568	0.01141	0.01057	0.12433	0.01595	0.01329	0.00810	0.08752	0.01166	0.02503	0.00886	0.01062	0.00675	0.00552	0.00408	0.00179	0.00509	0.00359	0.00360	0.00656
23	0.06565	0.01278	0.02357	0.30898	0.19717	0.01351	0.26160	0.01667	0.01238	0.01749	0.01063	0.01468	0.00821	0.00525	0.00592	0.00186	0.00792	0.00552	0.00279	0.00741

[dist]
# distance from previous block
# <min> <max>
0	3

[block]
# block no. 3 follows, 41 sequences, length 31
# corresponding to MSA columns:
# 170-200
name=unknown_D
#
# <colnr> <probs for GDERKNQSTAVLIFYWHMCP>
#	G	D	E	R	K	N	Q	S	T	A	V	L	I	F	Y	W	H	M	C	P
0	0.01434	0.01255	0.01915	0.01561	0.01696	0.01594	0.10987	0.01620	0.01038	0.11152	0.00999	0.01380	0.00852	0.00894	0.01548	0.00233	0.58305	0.00534	0.00315	0.00690
1	0.01350	0.01543	0.03375	0.02411	0.02989	0.01446	0.74253	0.01832	0.01350	0.01832	0.01157	0.01543	0.00868	0.00482	0.00675	0.00193	0.00964	0.00675	0.00289	0.00771
2	0.01304	0.21249	0.55823	0.01447	0.02189	0.01528	0.01784	0.01833	0.01217	0.05193	0.01029	0.01173	0.00759	0.00538	0.00503	0.00167	0.00773	0.00402	0.00264	0.00825
3	0.00688	0.00575	0.00599	0.00603	0.00782	0.00486	0.00449	0.00840	0.01316	0.01599	0.11168	0.09770	0.66270	0.01447	0.00679	0.00194	0.00291	0.01218	0.00539	0.00486
4	0.01559	0.01281	0.01361	0.01177	0.01521	0.01459	0.00928	0.18548	0.56030	0.02653	0.05520	0.02066	0.01746	0.00775	0.00584	0.00188	0.00483	0.00636	0.00582	0.00903
5	0.01654	0.01702	0.01566	0.01520	0.10056	0.30786	0.06566	0.05374	0.08670	0.05601	0.07667	0.01964	0.07091	0.00719	0.00562	0.00166	0.00712	0.00581	0.06324	0.00719
6	0.01318	0.37576	0.43816	0.01338	0.02024	0.01747	0.01605	0.01767	0.01187	0.01603	0.00923	0.01078	0.00729	0.00519	0.00464	0.00155	0.00741	0.00370	0.00243	0.00795
7	0.01529	0.80242	0.02997	0.00979	0.01468	0.02263	0.00979	0.01713	0.01162	0.01346	0.00795	0.00918	0.00734	0.00489	0.00367	0.00122	0.00612	0.00306	0.00245	0.00734
8	0.00694	0.00535	0.00635	0.00705	0.00808	0.00476	0.00493	0.00820	0.01205	0.01536	0.07873	0.45988	0.32938	0.01623	0.00706	0.00214	0.00312	0.01428	0.00536	0.00476
9	0.00700	0.00509	0.00661	0.00774	0.00826	0.00470	0.00523	0.00812	0.01138	0.01506	0.06748	0.69520	0.10239	0.01733	0.00723	0.00226	0.00325	0.01562	0.00536	0.00470
10	0.01427	0.00841	0.01271	0.16384	0.01808	0.00845	0.06150	0.01707	0.01340	0.21703	0.03825	0.08604	0.01883	0.00915	0.00605	0.00194	0.00528	0.14259	0.15029	0.00681
11	0.02546	0.01005	0.01347	0.01033	0.01476	0.00888	0.00853	0.06431	0.01691	0.73007	0.02212	0.01918	0.01393	0.00707	0.00575	0.00177	0.00494	0.00572	0.00701	0.00973
12	0.02284	0.01007	0.01302	0.01030	0.01437	0.00936	0.00840	0.05683	0.11347	0.59041	0.07079	0.02100	0.01703	0.00746	0.00583	0.00179	0.00474	0.00612	0.00681	0.00936
13	0.04373	0.01461	0.04224	0.12216	0.52893	0.06807	0.06264	0.01761	0.01295	0.01807	0.01049	0.01386	0.00859	0.00523	0.00562	0.00173	0.00729	0.00500	0.00282	0.00835
14	0.01416	0.01359	0.02322	0.03511	0.76330	0.01359	0.01755	0.01755	0.01302	0.01869	0.01076	0.01416	0.00906	0.00510	0.00566	0.00170	0.00680	0.00510	0.00283	0.00906
15	0.00697	0.00498	0.00664	0.00796	0.00830	0.00465	0.00531	0.00796	0.01095	0.01460	0.03153	0.79525	0.03783	0.01792	0.00730	0.00232	0.00332	0.01626	0.00531	0.00465
16	0.01410	0.04989	0.01955	0.23767	0.31969	0.05203	0.01466	0.10068	0.02841	0.01875	0.01190	0.01514	0.02317	0.00726	0.03352	0.00203	0.03539	0.00513	0.00317	0.00786
17	0.00766	0.00634	0.00746	0.00823	0.05281	0.00561	0.00579	0.00954	0.01354	0.01697	0.16075	0.05172	0.53201	0.01364	0.00681	0.00197	0.00334	0.08529	0.00531	0.00521
18	0.00791	0.00537	0.00636	0.00676	0.00686	0.00527	0.00402	0.00821	0.00912	0.01215	0.02211	0.26710	0.02596	0.56226	0.02250	0.00457	0.00487	0.01073	0.00402	0.00382
19	0.83938	0.01106	0.00841	0.00752	0.01106	0.01283	0.00619	0.01681	0.00973	0.02566	0.00796	0.00929	0.00619	0.00531	0.00354	0.00177	0.00442	0.00310	0.00354	0.00619
20	0.02063	0.02343	0.01618	0.03451	0.01806	0.54619	0.01099	0.16823	0.07359	0.01919	0.01094	0.01196	0.00861	0.00623	0.00534	0.00157	0.00900	0.00422	0.00371	0.00743
21	0.77795	0.01143	0.00907	0.00795	0.01156	0.01320	0.00655	0.07147	0.01102	0.02644	0.00840	0.00963	0.00646	0.00543	0.00370	0.00177	0.00457	0.00325	0.00370	0.00646
22	0.00832	0.00555	0.00624	0.00624	0.00624	0.00555	0.00347	0.00832	0.00832	0.01109	0.01802	0.03743	0.02080	0.79898	0.02911	0.00555	0.00555	0.00832	0.00347	0.00347
23	0.01541	0.01357	0.01671	0.07104	0.11438	0.06164	0.06594	0.19585	0.23216	0.02419	0.09344	0.02033	0.01670	0.00733	0.00595	0.00183	0.00604	0.02440	0.00481	0.00829
24	0.00786	0.00580	0.00735	0.00705	0.00843	0.00529	0.00526	0.01031	0.01552	0.02154	0.63213	0.08210	0.14534	0.01237	0.00678	0.00184	0.00276	0.01087	0.00612	0.00529
25	0.00823	0.00678	0.00853	0.00821	0.00929	0.00718	0.00622	0.00988	0.01242	0.01671	0.22752	0.15691	0.26341	0.05132	0.05239	0.00262	0.13172	0.01061	0.00491	0.00514
26	0.01444	0.01273	0.01670	0.04188	0.09501	0.02992	0.08065	0.15182	0.05859	0.02173	0.01167	0.01346	0.00923	0.00538	0.00559	0.00138	0.03387	0.00453	0.00379	0.38763
27	0.00760	0.00569	0.00710	0.00739	0.00862	0.00519	0.00551	0.00955	0.01377	0.01837	0.32620	0.23811	0.22287	0.01439	0.00701	0.00205	0.00317	0.08666	0.00570	0.00505
28	0.76436	0.01152	0.00921	0.00804	0.01167	0.01328	0.00662	0.08356	0.01131	0.02662	0.00849	0.00970	0.00652	0.00545	0.00374	0.00176	0.00460	0.00329	0.00374	0.00652
29	0.05290	0.04953	0.02239	0.11137	0.51823	0.01421	0.05885	0.01696	0.01236	0.01796	0.01025	0.01377	0.00856	0.00550	0.00648	0.00177	0.06286	0.00500	0.00280	0.00827
30	0.71148	0.04071	0.01017	0.00838	0.01199	0.06029	0.00690	0.06007	0.01121	0.02512	0.00836	0.00961	0.00652	0.00542	0.00377	0.00173	0.00496	0.00325	0.00359	0.00647

[dist]
# distance from previous block
# <min> <max>
0	4

[block]
# block no. 4 follows, 41 sequences, length 22
# corresponding to MSA columns:
# 205-226
name=unknown_E
#
# <colnr> <probs for GDERKNQSTAVLIFYWHMCP>
#	G	D	E	R	K	N	Q	S	T	A	V	L	I	F	Y	W	H	M	C	P
0	0.00892	0.00681	0.00983	0.00950	0.01018	0.00817	0.00727	0.01024	0.00889	0.01282	0.01411	0.02233	0.01373	0.11876	0.52909	0.07918	0.11622	0.00612	0.00298	0.00485
1	0.00768	0.00568	0.00732	0.00828	0.00928	0.00532	0.00632	0.00937	0.01236	0.01607	0.08310	0.38310	0.17583	0.01622	0.00734	0.00231	0.00379	0.23035	0.00536	0.00492
2	0.00796	0.00584	0.00746	0.00706	0.00846	0.00534	0.00529	0.01054	0.01588	0.02220	0.69115	0.04394	0.12356	0.01197	0.00675	0.00181	0.00272	0.01051	0.00620	0.00534
3	0.01350	0.01543	0.03375	0.02411	0.02989	0.01446	0.74253	0.01832	0.01350	0.01832	0.01157	0.01543	0.00868	0.00482	0.00675	0.00193	0.00964	0.00675	0.00289	0.00771
4	0.02174	0.01602	0.01717	0.01316	0.01774	0.01774	0.01087	0.74423	0.02689	0.03605	0.01373	0.01373	0.00973	0.00687	0.00572	0.00172	0.00629	0.00515	0.00572	0.00973
5	0.00748	0.00582	0.00679	0.00655	0.00816	0.00513	0.00491	0.00959	0.01473	0.01946	0.43413	0.04845	0.38229	0.01299	0.00675	0.00186	0.00279	0.01115	0.00584	0.00513
6	0.01387	0.01010	0.01207	0.00872	0.01371	0.00774	0.00701	0.01636	0.01252	0.12738	0.01197	0.01297	0.00930	0.00465	0.00446	0.00098	0.00433	0.00373	0.00392	0.71423
7	0.76149	0.01093	0.00887	0.00778	0.01140	0.01241	0.00641	0.01787	0.01037	0.09665	0.00936	0.01027	0.00696	0.00548	0.00375	0.00177	0.00447	0.00335	0.00388	0.00653
8	0.01147	0.02959	0.76934	0.01630	0.02476	0.01328	0.02113	0.01811	0.01208	0.01811	0.01026	0.01208	0.00725	0.00543	0.00543	0.00181	0.00845	0.00423	0.00242	0.00845
9	0.00711	0.00508	0.00680	0.00813	0.00853	0.00477	0.00556	0.00821	0.01109	0.01476	0.03145	0.74822	0.03751	0.01778	0.00734	0.00234	0.00344	0.06186	0.00531	0.00469
10	0.02147	0.01710	0.01693	0.01328	0.01764	0.09810	0.01083	0.64550	0.04831	0.03333	0.01351	0.01361	0.00972	0.00679	0.00567	0.00170	0.00667	0.00504	0.00543	0.00938
11	0.00832	0.00604	0.00813	0.00933	0.01041	0.00585	0.00760	0.01036	0.01250	0.01622	0.03330	0.27816	0.10405	0.01630	0.00762	0.00248	0.00447	0.44854	0.00528	0.00504
12	0.01457	0.58861	0.11427	0.01282	0.01826	0.02026	0.12870	0.01743	0.01198	0.01477	0.00879	0.01051	0.00754	0.00494	0.00436	0.00140	0.00695	0.00378	0.00251	0.00753
13	0.01245	0.01821	0.24079	0.01762	0.02151	0.01553	0.19422	0.01615	0.01089	0.01615	0.00931	0.01310	0.00772	0.00740	0.01193	0.00216	0.36980	0.00521	0.00257	0.00726
14	0.01500	0.01267	0.01337	0.01180	0.01517	0.01459	0.00924	0.10387	0.67823	0.02517	0.02230	0.02056	0.01666	0.00767	0.00581	0.00192	0.00471	0.00633	0.00581	0.00912
15	0.01891	0.01169	0.01400	0.01362	0.10138	0.05987	0.00962	0.09989	0.13145	0.31352	0.02047	0.08768	0.01631	0.03315	0.00668	0.00197	0.00545	0.04022	0.00563	0.00850
16	0.00945	0.00617	0.00770	0.00719	0.00893	0.00552	0.00544	0.01171	0.01519	0.09399	0.48273	0.08067	0.21922	0.01222	0.00668	0.00185	0.00299	0.01060	0.00609	0.00565
17	0.00709	0.00511	0.00675	0.00802	0.00848	0.00477	0.00550	0.00821	0.01118	0.01479	0.03269	0.71734	0.07137	0.01763	0.00731	0.00232	0.00341	0.05803	0.00531	0.00469
18	0.05285	0.01579	0.06088	0.03232	0.03881	0.04868	0.31457	0.16080	0.15000	0.02270	0.01360	0.01538	0.01019	0.00603	0.00642	0.00187	0.03109	0.00584	0.00396	0.00823
19	0.01443	0.01096	0.01886	0.04039	0.08301	0.01061	0.23466	0.06382	0.01451	0.15359	0.09149	0.12310	0.03984	0.00830	0.00658	0.00189	0.02310	0.00793	0.04552	0.00741
20	0.02259	0.00954	0.01253	0.00992	0.01392	0.00859	0.00808	0.02609	0.08466	0.61511	0.07176	0.02280	0.05196	0.00779	0.00587	0.00180	0.00460	0.00641	0.00683	0.00916
21	0.06223	0.05452	0.08273	0.01233	0.01714	0.01534	0.01093	0.43807	0.04819	0.17896	0.01497	0.01456	0.01038	0.00664	0.00549	0.00172	0.00603	0.00503	0.00543	0.00930

[dist]
# distance from previous block
# <min> <max>
2	8

[block]
# block no. 5 follows, 41 sequences, length 39
# corresponding to MSA columns:
# 235-273
name=unknown_F
#
# <colnr> <probs for GDERKNQSTAVLIFYWHMCP>
#	G	D	E	R	K	N	Q	S	T	A	V	L	I	F	Y	W	H	M	C	P
0	0.43277	0.01077	0.01095	0.00898	0.01287	0.01127	0.00739	0.07885	0.01388	0.31138	0.04003	0.01471	0.01119	0.00633	0.00467	0.00177	0.00468	0.00453	0.00517	0.00781
1	0.06844	0.00786	0.00942	0.00889	0.00991	0.03223	0.00670	0.03046	0.01005	0.03386	0.01431	0.02278	0.01369	0.15189	0.20743	0.14276	0.09859	0.03179	0.09402	0.00492
2	0.00842	0.00615	0.00734	0.00697	0.00867	0.00557	0.00525	0.01105	0.03869	0.04704	0.44056	0.06694	0.30108	0.01256	0.00670	0.00186	0.00292	0.01083	0.00593	0.00545
3	0.01876	0.01481	0.01535	0.01247	0.01639	0.04236	0.01002	0.45517	0.26958	0.03039	0.01691	0.01696	0.01261	0.03357	0.00652	0.00191	0.00581	0.00565	0.00558	0.00919
4	0.01086	0.00888	0.01350	0.05165	0.15439	0.00886	0.06259	0.02701	0.04072	0.04432	0.23262	0.10281	0.09867	0.01020	0.00676	0.00192	0.02487	0.05983	0.03300	0.00654
5	0.04848	0.01650	0.04092	0.01355	0.03671	0.06300	0.01106	0.57922	0.04367	0.06934	0.01375	0.01382	0.00979	0.00670	0.00561	0.00171	0.00644	0.00503	0.00537	0.00934
6	0.01153	0.09228	0.04785	0.01100	0.01387	0.03119	0.08464	0.06867	0.03344	0.04497	0.06996	0.12942	0.14667	0.01404	0.08184	0.00266	0.00632	0.09878	0.00451	0.00636
7	0.00703	0.00510	0.00665	0.00776	0.00827	0.00471	0.00525	0.00818	0.01146	0.01524	0.08417	0.69073	0.08983	0.01724	0.00722	0.00226	0.00325	0.01555	0.00538	0.00471
8	0.01048	0.01023	0.05442	0.08008	0.08238	0.00937	0.12144	0.01464	0.07372	0.01776	0.02790	0.03477	0.20277	0.01034	0.01918	0.00209	0.00570	0.13238	0.08389	0.00644
9	0.07605	0.11202	0.08252	0.06264	0.18890	0.09428	0.01292	0.18473	0.03503	0.04585	0.01202	0.01358	0.02114	0.00606	0.00560	0.00168	0.02840	0.00467	0.00370	0.00821
10	0.01485	0.19260	0.23068	0.04436	0.10911	0.10924	0.10922	0.04270	0.01352	0.04442	0.03110	0.01319	0.00932	0.00554	0.00528	0.00164	0.00774	0.00462	0.00299	0.00789
11	0.00743	0.00572	0.00857	0.00912	0.00984	0.00535	0.05790	0.00870	0.01113	0.01487	0.03010	0.73962	0.03575	0.01699	0.00726	0.00229	0.00377	0.01558	0.00514	0.00486
12	0.40850	0.01268	0.01394	0.14653	0.14020	0.05908	0.01071	0.05968	0.01190	0.02173	0.00916	0.01165	0.00728	0.00579	0.00553	0.00181	0.05957	0.00405	0.00328	0.00693
13	0.00994	0.00497	0.00745	0.00745	0.00745	0.00497	0.00497	0.00745	0.00745	0.00994	0.00994	0.01739	0.00994	0.01987	0.02235	0.83358	0.00497	0.00497	0.00248	0.00248
14	0.01450	0.07947	0.40308	0.01433	0.02054	0.09207	0.01568	0.11202	0.13441	0.02058	0.01250	0.01340	0.00927	0.00597	0.00535	0.00172	0.00746	0.00455	0.00347	0.02966
15	0.02571	0.08255	0.32854	0.05264	0.06471	0.01319	0.05314	0.08205	0.03480	0.07294	0.02814	0.04055	0.01057	0.00611	0.00541	0.00169	0.00690	0.00506	0.00348	0.08182
16	0.01254	0.14053	0.26739	0.01243	0.01710	0.03999	0.03140	0.01762	0.10197	0.03878	0.01402	0.01751	0.02705	0.08926	0.08550	0.00284	0.04252	0.00519	0.00327	0.03309
17	0.01080	0.01017	0.01716	0.78523	0.03940	0.01271	0.01589	0.01461	0.01144	0.01461	0.01017	0.01525	0.00762	0.00572	0.00572	0.00191	0.00762	0.00508	0.00254	0.00635
18	0.02399	0.01052	0.01353	0.01058	0.01487	0.00982	0.00867	0.08266	0.10580	0.62221	0.02198	0.01926	0.01422	0.00715	0.00576	0.00179	0.00493	0.00579	0.00682	0.00965
19	0.01331	0.01715	0.14986	0.13646	0.20327	0.06786	0.27070	0.01760	0.01297	0.01742	0.01129	0.03496	0.00906	0.00555	0.00602	0.00183	0.00835	0.00572	0.00281	0.00780
20	0.01395	0.01459	0.02365	0.16158	0.34660	0.09014	0.20182	0.01756	0.01319	0.01735	0.01136	0.01606	0.00938	0.00559	0.00598	0.00180	0.00797	0.03066	0.00289	0.00786
21	0.05209	0.01051	0.01342	0.01038	0.01466	0.00977	0.00855	0.12986	0.01765	0.60350	0.05369	0.01933	0.01502	0.00719	0.00572	0.00176	0.00496	0.00578	0.00673	0.00942
22	0.00706	0.00516	0.00664	0.00763	0.00825	0.00475	0.00520	0.00829	0.01174	0.01556	0.10982	0.62959	0.12552	0.01687	0.00718	0.00222	0.00320	0.01515	0.00541	0.00475
23	0.01591	0.36657	0.21894	0.01315	0.01859	0.16922	0.03597	0.07042	0.01380	0.01654	0.00926	0.01068	0.00753	0.00537	0.00467	0.00148	0.00768	0.00375	0.00279	0.00767
24	0.06604	0.01150	0.01638	0.01816	0.20521	0.01383	0.01195	0.06613	0.01136	0.01729	0.01129	0.04977	0.01065	0.03153	0.12646	0.00326	0.31353	0.00566	0.00311	0.00691
25	0.00885	0.00615	0.00834	0.00925	0.01045	0.00593	0.00753	0.01104	0.01313	0.03654	0.12930	0.23040	0.07225	0.01546	0.00749	0.00239	0.00434	0.41044	0.00546	0.00523
26	0.00762	0.00566	0.00712	0.00733	0.00853	0.00517	0.00541	0.00963	0.01405	0.01898	0.39126	0.23942	0.18629	0.01409	0.00696	0.00201	0.00306	0.05655	0.00579	0.00509
27	0.14386	0.02765	0.01922	0.06630	0.32035	0.05174	0.07045	0.14229	0.03809	0.02222	0.01269	0.01480	0.03386	0.00588	0.00541	0.00174	0.00657	0.00509	0.00360	0.00817
28	0.01240	0.06380	0.55792	0.01615	0.02342	0.01373	0.09332	0.06940	0.01326	0.01906	0.01177	0.03574	0.00925	0.00613	0.00563	0.00183	0.00806	0.02806	0.00287	0.00821
29	0.83938	0.01106	0.00841	0.00752	0.01106	0.01283	0.00619	0.01681	0.00973	0.02566	0.00796	0.00929	0.00619	0.00531	0.00354	0.00177	0.00442	0.00310	0.00354	0.00619
30	0.00703	0.00506	0.00668	0.00794	0.00838	0.00471	0.00538	0.00809	0.01111	0.01471	0.03267	0.74055	0.06993	0.01770	0.00729	0.00231	0.00336	0.03711	0.00531	0.00467
31	0.02288	0.00898	0.01199	0.00941	0.01329	0.00787	0.00770	0.02517	0.01581	0.63535	0.05964	0.02089	0.01625	0.00726	0.00558	0.00172	0.00448	0.00593	0.11084	0.00896
32	0.00994	0.00497	0.00745	0.00745	0.00745	0.00497	0.00497	0.00745	0.00745	0.00994	0.00994	0.01739	0.00994	0.01987	0.02235	0.83358	0.00497	0.00497	0.00248	0.00248
33	0.00725	0.00562	0.00660	0.00676	0.00813	0.00497	0.00492	0.00900	0.01357	0.01770	0.28109	0.22587	0.35925	0.01439	0.00688	0.00198	0.00293	0.01250	0.00563	0.00497
34	0.01529	0.80242	0.02997	0.00979	0.01468	0.02263	0.00979	0.01713	0.01162	0.01346	0.00795	0.00918	0.00734	0.00489	0.00367	0.00122	0.00612	0.00306	0.00245	0.00734
35	0.01372	0.04130	0.14306	0.03169	0.14542	0.07825	0.04307	0.09706	0.13189	0.02004	0.04159	0.13987	0.01600	0.00820	0.00615	0.00186	0.02201	0.00701	0.00405	0.00777
36	0.01437	0.01502	0.03229	0.02311	0.02880	0.01403	0.69016	0.01900	0.01371	0.07175	0.01236	0.01572	0.00907	0.00498	0.00668	0.00192	0.00930	0.00668	0.00319	0.00786
37	0.16869	0.15028	0.03430	0.01229	0.01655	0.17591	0.06191	0.16687	0.01609	0.11625	0.01150	0.01221	0.00860	0.00585	0.00491	0.00160	0.00684	0.00426	0.00405	0.02104
38	0.10661	0.09289	0.21063	0.01255	0.04312	0.04668	0.02407	0.07940	0.04601	0.03337	0.06317	0.01609	0.01234	0.00619	0.00507	0.00158	0.00611	0.02940	0.00365	0.16107

[dist]
# distance from previous block
# <min> <max>
0	3

[block]
# block no. 6 follows, 41 sequences, length 14
# corresponding to MSA columns:
# 277-290
name=unknown_G
#
# <colnr> <probs for GDERKNQSTAVLIFYWHMCP>
#	G	D	E	R	K	N	Q	S	T	A	V	L	I	F	Y	W	H	M	C	P
0	0.03639	0.04592	0.55208	0.01708	0.02444	0.01344	0.16294	0.01768	0.01210	0.01794	0.01038	0.01278	0.00760	0.00584	0.00624	0.03353	0.00838	0.00469	0.00255	0.00798
1	0.01334	0.08000	0.04358	0.03534	0.29568	0.03524	0.01227	0.03135	0.10613	0.01874	0.03911	0.04562	0.02842	0.00641	0.00578	0.00159	0.03114	0.00546	0.00357	0.16124
2	0.01487	0.01142	0.01244	0.03602	0.01435	0.04880	0.00868	0.31697	0.06008	0.04132	0.02160	0.31609	0.02179	0.01143	0.00639	0.00199	0.00522	0.03790	0.00534	0.00730
3	0.00817	0.00613	0.00919	0.00919	0.01021	0.00715	0.00715	0.01021	0.00919	0.01328	0.01532	0.02247	0.01430	0.04290	0.77631	0.00919	0.01532	0.00613	0.00306	0.00511
4	0.00982	0.00519	0.00715	0.00715	0.00752	0.00529	0.00493	0.00895	0.00858	0.01260	0.01262	0.01967	0.01186	0.05775	0.09699	0.54267	0.00561	0.00532	0.16696	0.00337
5	0.00800	0.00541	0.00633	0.00664	0.00672	0.00534	0.00389	0.00824	0.00893	0.01191	0.02116	0.21355	0.02475	0.61746	0.02404	0.00480	0.00503	0.01016	0.00389	0.00374
6	0.01089	0.00914	0.01082	0.00837	0.01251	0.00703	0.00649	0.01312	0.01168	0.01784	0.01441	0.16733	0.01430	0.00695	0.00484	0.00114	0.00405	0.00594	0.00377	0.66937
7	0.01954	0.01390	0.01482	0.01161	0.01554	0.01528	0.00951	0.59918	0.02394	0.03313	0.01471	0.01524	0.01071	0.00683	0.00538	0.00164	0.00557	0.00519	0.16945	0.00885
8	0.00858	0.00724	0.01220	0.01123	0.01270	0.00684	0.15178	0.01038	0.01141	0.01524	0.02626	0.51062	0.03011	0.08467	0.00918	0.00256	0.00494	0.07418	0.00466	0.00520
9	0.00801	0.00559	0.00615	0.00615	0.00653	0.00540	0.00364	0.00830	0.00925	0.01196	0.02595	0.04093	0.16769	0.64329	0.02468	0.00483	0.00502	0.00906	0.00383	0.00374
