[name]
unknown

[dist]
# distance from previous block
# <min> <max>
0	6

[block]
# block no. 0 follows, 31 sequences, length 29
# corresponding to MSA columns:
# 43-71
name=unknown_A
#
# <colnr> <probs for GDERKNQSTAVLIFYWHMCP>
#	G	D	E	R	K	N	Q	S	T	A	V	L	I	F	Y	W	H	M	C	P
0	0.07298	0.01037	0.01357	0.01198	0.01577	0.00969	0.01005	0.02529	0.03638	0.39465	0.06275	0.04156	0.02612	0.01204	0.00761	0.00246	0.00580	0.22420	0.00740	0.00934
1	0.07935	0.09231	0.04530	0.01301	0.01811	0.05477	0.01115	0.16392	0.07337	0.29794	0.02315	0.02175	0.05886	0.00848	0.00646	0.00205	0.00663	0.00653	0.00653	0.01035
2	0.02126	0.01695	0.01738	0.01459	0.01901	0.05737	0.01161	0.27901	0.36453	0.06721	0.02288	0.04131	0.01726	0.00906	0.00692	0.00219	0.00656	0.00725	0.00679	0.01086
3	0.00995	0.00663	0.00746	0.00746	0.00746	0.00663	0.00415	0.00995	0.00995	0.01327	0.02156	0.04477	0.02487	0.75957	0.03482	0.00663	0.00663	0.00995	0.00415	0.00415
4	0.01811	0.73510	0.06286	0.01201	0.01803	0.02663	0.01224	0.02053	0.01392	0.01631	0.00962	0.01111	0.00878	0.00588	0.00447	0.00149	0.00743	0.00371	0.00293	0.00883
5	0.01326	0.01230	0.01918	0.01499	0.01853	0.01231	0.14656	0.01659	0.01553	0.02272	0.24293	0.02737	0.02788	0.00956	0.01022	0.00205	0.15748	0.00800	0.00486	0.21768
6	0.01575	0.01915	0.15970	0.01454	0.01851	0.12526	0.01332	0.10897	0.04996	0.02132	0.01601	0.02141	0.01380	0.07318	0.26884	0.00558	0.03611	0.00640	0.00408	0.00810
7	0.01829	0.76368	0.03585	0.01171	0.01756	0.02707	0.01171	0.02049	0.01390	0.01610	0.00951	0.01097	0.00878	0.00585	0.00439	0.00146	0.00732	0.00366	0.00293	0.00878
8	0.01470	0.01435	0.04972	0.28121	0.36571	0.01466	0.01884	0.01857	0.01445	0.01982	0.01404	0.02143	0.01206	0.00835	0.00826	0.05433	0.00829	0.04892	0.00341	0.00888
9	0.02430	0.11332	0.02067	0.01458	0.01944	0.14677	0.01199	0.32406	0.07932	0.12095	0.01704	0.01700	0.01244	0.00782	0.00634	0.00194	0.00779	0.00576	0.03814	0.01034
10	0.02530	0.01780	0.01943	0.01500	0.02021	0.01940	0.01235	0.59941	0.03037	0.09366	0.06270	0.01921	0.01549	0.00861	0.00693	0.00206	0.00712	0.00662	0.00701	0.01130
11	0.01188	0.00594	0.00891	0.00891	0.00891	0.00594	0.00594	0.00891	0.00891	0.01188	0.01188	0.02080	0.01188	0.02377	0.02674	0.80095	0.00594	0.00594	0.00297	0.00297
12	0.00978	0.00728	0.01076	0.01076	0.01191	0.00843	0.00826	0.01207	0.01093	0.01571	0.01854	0.02804	0.01761	0.09753	0.68693	0.01071	0.01756	0.00750	0.00370	0.00598
13	0.00995	0.00663	0.00746	0.00746	0.00746	0.00663	0.00415	0.00995	0.00995	0.01327	0.02156	0.04477	0.02487	0.75957	0.03482	0.00663	0.00663	0.00995	0.00415	0.00415
14	0.80789	0.01323	0.01006	0.00900	0.01323	0.01535	0.00741	0.02011	0.01164	0.03070	0.00953	0.01111	0.00741	0.00635	0.00423	0.00212	0.00529	0.00370	0.00423	0.00741
15	0.07293	0.01436	0.01901	0.01417	0.01988	0.01340	0.09439	0.16776	0.01968	0.22946	0.01740	0.01763	0.01228	0.00689	0.00629	0.00179	0.00663	0.00580	0.00587	0.25439
16	0.01040	0.00755	0.01024	0.01165	0.01316	0.00738	0.00987	0.01317	0.01542	0.01991	0.03979	0.15714	0.10918	0.01904	0.00922	0.00302	0.00573	0.52566	0.00631	0.00616
17	0.02599	0.01976	0.02048	0.01582	0.02121	0.05256	0.01301	0.66468	0.03160	0.04195	0.01617	0.01625	0.01151	0.00816	0.00681	0.00204	0.00774	0.00608	0.00670	0.01147
18	0.01292	0.01216	0.02052	0.74312	0.04712	0.01520	0.01900	0.01748	0.01368	0.01748	0.01216	0.01824	0.00912	0.00684	0.00684	0.00228	0.00912	0.00608	0.00304	0.00760
19	0.01735	0.01879	0.07463	0.02686	0.05840	0.01699	0.53740	0.04977	0.01673	0.06774	0.01452	0.01830	0.01073	0.00629	0.00826	0.00229	0.03395	0.00761	0.00387	0.00953
20	0.01701	0.53723	0.21125	0.01463	0.02163	0.02369	0.05269	0.02087	0.01416	0.01783	0.01045	0.01227	0.00884	0.00601	0.00513	0.00169	0.00826	0.00426	0.00295	0.00914
21	0.03070	0.01164	0.01588	0.01217	0.01746	0.01006	0.01006	0.03334	0.01958	0.72163	0.02699	0.02329	0.01694	0.00847	0.00688	0.00212	0.00582	0.00688	0.00847	0.01164
22	0.01904	0.01634	0.01657	0.01443	0.01857	0.05131	0.01133	0.15497	0.55072	0.03069	0.02497	0.02326	0.01864	0.00898	0.00690	0.00225	0.00612	0.00729	0.00678	0.01084
23	0.01724	0.53588	0.16982	0.01668	0.09951	0.02365	0.01542	0.02078	0.01420	0.01790	0.01044	0.01233	0.00899	0.00601	0.00507	0.00167	0.00796	0.00421	0.00297	0.00927
24	0.00845	0.00615	0.00797	0.00920	0.00989	0.00567	0.00626	0.00990	0.01396	0.01857	0.10967	0.62250	0.10594	0.02031	0.00861	0.00267	0.00385	0.01828	0.00647	0.00567
25	0.00834	0.00595	0.00794	0.00953	0.00992	0.00556	0.00635	0.00953	0.01310	0.01746	0.03771	0.75510	0.04525	0.02143	0.00873	0.00278	0.00397	0.01945	0.00635	0.00556
26	0.01077	0.00890	0.04403	0.01249	0.01430	0.00793	0.01104	0.01388	0.01532	0.02011	0.03531	0.16912	0.03876	0.01867	0.00921	0.00305	0.00615	0.54845	0.00615	0.00637
27	0.20178	0.02080	0.01697	0.01518	0.04683	0.26853	0.01148	0.12547	0.03989	0.16792	0.01516	0.01548	0.01101	0.00738	0.00603	0.00198	0.00834	0.00518	0.00528	0.00932
28	0.01372	0.03539	0.72412	0.01950	0.02961	0.01589	0.02528	0.02167	0.01444	0.02167	0.01228	0.01444	0.00867	0.00650	0.00650	0.00217	0.01011	0.00506	0.00289	0.01011

[dist]
# distance from previous block
# <min> <max>
0	1

[block]
# block no. 1 follows, 31 sequences, length 36
# corresponding to MSA columns:
# 73-94,113,114,121-132
name=unknown_B
#
# <colnr> <probs for GDERKNQSTAVLIFYWHMCP>
#	G	D	E	R	K	N	Q	S	T	A	V	L	I	F	Y	W	H	M	C	P
0	0.05379	0.03427	0.68809	0.01897	0.02878	0.01586	0.02438	0.02159	0.01430	0.02212	0.01214	0.01428	0.00860	0.00649	0.00639	0.00216	0.00987	0.00499	0.00296	0.00997
1	0.49523	0.01423	0.01421	0.15191	0.02139	0.01652	0.01078	0.15699	0.01622	0.03068	0.01144	0.01357	0.00860	0.00682	0.00527	0.00214	0.00649	0.00466	0.00454	0.00831
2	0.80789	0.01323	0.01006	0.00900	0.01323	0.01535	0.00741	0.02011	0.01164	0.03070	0.00953	0.01111	0.00741	0.00635	0.00423	0.00212	0.00529	0.00370	0.00423	0.00741
3	0.00968	0.00699	0.00914	0.00861	0.01022	0.00646	0.00646	0.01291	0.01937	0.02743	0.71328	0.05110	0.06455	0.01399	0.00807	0.00215	0.00323	0.01237	0.00753	0.00646
4	0.00995	0.00663	0.00746	0.00746	0.00746	0.00663	0.00415	0.00995	0.00995	0.01327	0.02156	0.04477	0.02487	0.75957	0.03482	0.00663	0.00663	0.00995	0.00415	0.00415
5	0.00834	0.00595	0.00794	0.00953	0.00992	0.00556	0.00635	0.00953	0.01310	0.01746	0.03771	0.75510	0.04525	0.02143	0.00873	0.00278	0.00397	0.01945	0.00635	0.00556
6	0.00954	0.00699	0.00895	0.00846	0.01014	0.00640	0.00635	0.01264	0.01904	0.02666	0.65729	0.05239	0.12103	0.01428	0.00807	0.00217	0.00325	0.01255	0.00743	0.00640
7	0.01292	0.01216	0.02052	0.74312	0.04712	0.01520	0.01900	0.01748	0.01368	0.01748	0.01216	0.01824	0.00912	0.00684	0.00684	0.00228	0.00912	0.00608	0.00304	0.00760
8	0.01831	0.68592	0.07896	0.01246	0.01848	0.05664	0.01264	0.02085	0.01417	0.01648	0.00973	0.01125	0.00877	0.00595	0.00460	0.00152	0.00771	0.00378	0.00295	0.00883
9	0.02601	0.01916	0.02053	0.01574	0.02122	0.02122	0.01300	0.69408	0.03217	0.04312	0.01643	0.01643	0.01163	0.00821	0.00684	0.00205	0.00753	0.00616	0.00684	0.01163
10	0.01813	0.01754	0.01692	0.01799	0.12897	0.17604	0.01202	0.02727	0.29005	0.05821	0.02843	0.02779	0.13213	0.00957	0.00694	0.00214	0.00711	0.00780	0.00559	0.00937
11	0.02260	0.01747	0.01861	0.01505	0.01992	0.01962	0.01218	0.44474	0.28706	0.03762	0.02075	0.01988	0.01514	0.00862	0.00689	0.00215	0.00673	0.00676	0.00689	0.01133
12	0.01079	0.00849	0.00902	0.00899	0.03420	0.00784	0.00652	0.08379	0.01723	0.02198	0.05683	0.05468	0.54228	0.01499	0.00756	0.00220	0.00403	0.01243	0.08953	0.00663
13	0.01646	0.01343	0.03973	0.01474	0.01720	0.01487	0.04669	0.08343	0.04065	0.11090	0.17248	0.04756	0.05203	0.01151	0.01307	0.00249	0.28059	0.00839	0.00544	0.00834
14	0.80789	0.01323	0.01006	0.00900	0.01323	0.01535	0.00741	0.02011	0.01164	0.03070	0.00953	0.01111	0.00741	0.00635	0.00423	0.00212	0.00529	0.00370	0.00423	0.00741
15	0.01829	0.76368	0.03585	0.01171	0.01756	0.02707	0.01171	0.02049	0.01390	0.01610	0.00951	0.01097	0.00878	0.00585	0.00439	0.00146	0.00732	0.00366	0.00293	0.00878
16	0.00986	0.00701	0.00935	0.00935	0.01001	0.00766	0.00650	0.01116	0.01051	0.01467	0.01983	0.03520	0.02072	0.38057	0.40814	0.00897	0.01289	0.00855	0.00389	0.00520
17	0.00968	0.00699	0.00914	0.00861	0.01022	0.00646	0.00646	0.01291	0.01937	0.02743	0.71328	0.05110	0.06455	0.01399	0.00807	0.00215	0.00323	0.01237	0.00753	0.00646
18	0.00834	0.00595	0.00794	0.00953	0.00992	0.00556	0.00635	0.00953	0.01310	0.01746	0.03771	0.75510	0.04525	0.02143	0.00873	0.00278	0.00397	0.01945	0.00635	0.00556
19	0.01275	0.00638	0.00638	0.00638	0.00797	0.00638	0.00478	0.01594	0.01435	0.02551	0.02232	0.02551	0.01754	0.00797	0.00478	0.00159	0.00319	0.00638	0.79755	0.00638
20	0.00968	0.00699	0.00914	0.00861	0.01022	0.00646	0.00646	0.01291	0.01937	0.02743	0.71328	0.05110	0.06455	0.01399	0.00807	0.00215	0.00323	0.01237	0.00753	0.00646
21	0.01391	0.01317	0.02232	0.56945	0.21303	0.01546	0.01949	0.01835	0.01415	0.01869	0.01234	0.01792	0.00955	0.00666	0.00682	0.00222	0.00887	0.00608	0.00313	0.00840
22	0.01372	0.03539	0.72412	0.01950	0.02961	0.01589	0.02528	0.02167	0.01444	0.02167	0.01228	0.01444	0.00867	0.00650	0.00650	0.00217	0.01011	0.00506	0.00289	0.01011
23	0.01869	0.72366	0.03495	0.01203	0.01776	0.06566	0.01179	0.02086	0.01420	0.01613	0.00957	0.01105	0.00878	0.00592	0.00449	0.00148	0.00759	0.00370	0.00296	0.00873
24	0.05767	0.06349	0.01992	0.01473	0.01988	0.02012	0.01217	0.47835	0.15156	0.06521	0.01819	0.01778	0.01317	0.00819	0.00660	0.00207	0.00697	0.00621	0.00658	0.01113
25	0.01669	0.01600	0.02732	0.08502	0.67579	0.01619	0.02087	0.02078	0.01546	0.02205	0.01283	0.01701	0.01073	0.00614	0.00678	0.00205	0.00819	0.00609	0.00337	0.01064
26	0.00968	0.00699	0.00914	0.00861	0.01022	0.00646	0.00646	0.01291	0.01937	0.02743	0.71328	0.05110	0.06455	0.01399	0.00807	0.00215	0.00323	0.01237	0.00753	0.00646
27	0.02601	0.01916	0.02053	0.01574	0.02122	0.02122	0.01300	0.69408	0.03217	0.04312	0.01643	0.01643	0.01163	0.00821	0.00684	0.00205	0.00753	0.00616	0.00684	0.01163
28	0.01701	0.01837	0.02065	0.01790	0.01858	0.15806	0.01463	0.01856	0.01220	0.01652	0.00929	0.01446	0.00895	0.01102	0.01931	0.00276	0.60539	0.00568	0.00310	0.00757
29	0.00977	0.00733	0.01100	0.01100	0.01222	0.00855	0.00855	0.01222	0.01100	0.01588	0.01833	0.02688	0.01710	0.05131	0.73245	0.01100	0.01833	0.00733	0.00367	0.00611
30	0.00809	0.00693	0.00693	0.00693	0.00924	0.00578	0.00520	0.00982	0.01559	0.01848	0.06931	0.06584	0.71411	0.01733	0.00809	0.00231	0.00347	0.01444	0.00635	0.00578
31	0.00809	0.00693	0.00693	0.00693	0.00924	0.00578	0.00520	0.00982	0.01559	0.01848	0.06931	0.06584	0.71411	0.01733	0.00809	0.00231	0.00347	0.01444	0.00635	0.00578
32	0.02501	0.03157	0.01992	0.01918	0.06544	0.68653	0.01371	0.02692	0.01915	0.01710	0.01072	0.01263	0.00894	0.00699	0.00621	0.00178	0.01207	0.00451	0.00352	0.00812
33	0.01682	0.01608	0.02657	0.03873	0.62949	0.01659	0.01998	0.02170	0.05912	0.02239	0.01358	0.01736	0.01136	0.00666	0.00775	0.00211	0.05330	0.00619	0.00359	0.01063
34	0.00998	0.00748	0.00855	0.00860	0.01066	0.00679	0.00651	0.01296	0.05366	0.04828	0.15535	0.16579	0.39671	0.01678	0.00818	0.00241	0.00392	0.06435	0.00664	0.00639
35	0.01509	0.01641	0.03372	0.02464	0.03035	0.01568	0.52529	0.01999	0.01568	0.02166	0.05779	0.06422	0.01569	0.00757	0.00885	0.00229	0.05710	0.00865	0.00389	0.05543

[dist]
# distance from previous block
# <min> <max>
0	1

[block]
# block no. 2 follows, 31 sequences, length 41
# corresponding to MSA columns:
# 134-174
name=unknown_C
#
# <colnr> <probs for GDERKNQSTAVLIFYWHMCP>
#	G	D	E	R	K	N	Q	S	T	A	V	L	I	F	Y	W	H	M	C	P
0	0.04725	0.04444	0.07857	0.05985	0.06462	0.04667	0.43027	0.02302	0.01616	0.09945	0.01463	0.01786	0.01073	0.00626	0.00737	0.00220	0.01018	0.00708	0.00397	0.00941
1	0.25285	0.17765	0.02266	0.01505	0.01962	0.22155	0.08986	0.05866	0.01589	0.02273	0.01067	0.01273	0.00873	0.00671	0.00617	0.00193	0.03985	0.00463	0.00376	0.00829
2	0.10225	0.55404	0.11492	0.01302	0.01918	0.04379	0.03317	0.02082	0.01394	0.01851	0.01000	0.01166	0.00867	0.00601	0.00478	0.00165	0.00770	0.00398	0.00309	0.00878
3	0.01558	0.01615	0.03204	0.02371	0.02919	0.01585	0.48911	0.02206	0.08217	0.02263	0.01684	0.02222	0.01334	0.00720	0.00835	0.00230	0.04525	0.03571	0.09142	0.00886
4	0.01240	0.01133	0.04612	0.01222	0.05900	0.01058	0.00903	0.04504	0.19073	0.02359	0.14325	0.04317	0.26418	0.06592	0.00941	0.00254	0.00493	0.01056	0.02818	0.00783
5	0.01423	0.01191	0.01643	0.24296	0.08768	0.04457	0.01320	0.04961	0.01634	0.05562	0.16717	0.06044	0.05115	0.01182	0.03314	0.00257	0.05545	0.03411	0.02385	0.00776
6	0.00980	0.00723	0.01048	0.01048	0.01152	0.00827	0.00791	0.01189	0.01084	0.01550	0.01880	0.02948	0.01824	0.15447	0.63084	0.01036	0.01662	0.00771	0.00373	0.00582
7	0.01338	0.01262	0.02134	0.66360	0.12309	0.01532	0.01923	0.01788	0.01390	0.01803	0.01224	0.01809	0.00931	0.00676	0.00683	0.00225	0.00901	0.00608	0.00308	0.00797
8	0.00809	0.00693	0.00693	0.00693	0.00924	0.00578	0.00520	0.00982	0.01559	0.01848	0.06931	0.06584	0.71411	0.01733	0.00809	0.00231	0.00347	0.01444	0.00635	0.00578
9	0.80789	0.01323	0.01006	0.00900	0.01323	0.01535	0.00741	0.02011	0.01164	0.03070	0.00953	0.01111	0.00741	0.00635	0.00423	0.00212	0.00529	0.00370	0.00423	0.00741
10	0.01829	0.76368	0.03585	0.01171	0.01756	0.02707	0.01171	0.02049	0.01390	0.01610	0.00951	0.01097	0.00878	0.00585	0.00439	0.00146	0.00732	0.00366	0.00293	0.00878
11	0.01599	0.01815	0.03941	0.06326	0.03630	0.01720	0.65960	0.02170	0.01603	0.02170	0.01376	0.01844	0.01032	0.00582	0.00801	0.00231	0.01142	0.00798	0.00344	0.00915
12	0.01517	0.01204	0.01464	0.01393	0.04212	0.01279	0.03087	0.15646	0.18619	0.02719	0.09043	0.13386	0.08577	0.01330	0.00785	0.00245	0.00575	0.13406	0.00649	0.00861
13	0.00995	0.00663	0.00746	0.00746	0.00746	0.00663	0.00415	0.00995	0.00995	0.01327	0.02156	0.04477	0.02487	0.75957	0.03482	0.00663	0.00663	0.00995	0.00415	0.00415
14	0.01980	0.12386	0.10351	0.01552	0.06533	0.05853	0.03335	0.09618	0.01755	0.14471	0.01484	0.01578	0.01109	0.00649	0.00592	0.00167	0.00721	0.00511	0.00474	0.24879
15	0.01933	0.57643	0.03180	0.06045	0.02017	0.12907	0.01246	0.04970	0.01546	0.01742	0.01013	0.01188	0.00893	0.00619	0.00491	0.00159	0.00818	0.00403	0.00319	0.00870
16	0.00863	0.00640	0.00800	0.00905	0.01001	0.00587	0.00636	0.01016	0.01411	0.01839	0.08785	0.48391	0.18949	0.04852	0.00961	0.00281	0.00408	0.06473	0.00634	0.00566
17	0.01422	0.01389	0.06139	0.01139	0.01776	0.00984	0.03267	0.01768	0.01427	0.02224	0.01223	0.01435	0.01005	0.00518	0.00526	0.00113	0.00562	0.00426	0.00396	0.72262
18	0.04154	0.18279	0.04520	0.07201	0.10591	0.16686	0.01424	0.17748	0.01971	0.07495	0.01326	0.01486	0.01027	0.00711	0.00646	0.00191	0.02619	0.00519	0.00445	0.00960
19	0.00842	0.00602	0.00802	0.00947	0.00994	0.00562	0.00636	0.00975	0.01351	0.01811	0.08177	0.70918	0.04651	0.02095	0.00869	0.00274	0.00392	0.01899	0.00643	0.00562
20	0.00833	0.00599	0.00790	0.00943	0.00990	0.00556	0.00631	0.00954	0.01319	0.01750	0.03883	0.73061	0.06901	0.02129	0.00871	0.00276	0.00395	0.01927	0.00635	0.00556
21	0.02536	0.01518	0.01692	0.01372	0.01854	0.04953	0.01107	0.17491	0.22702	0.33552	0.02420	0.02196	0.01659	0.00859	0.00686	0.00215	0.00638	0.00686	0.00743	0.01122
22	0.00995	0.00663	0.00746	0.00746	0.00746	0.00663	0.00415	0.00995	0.00995	0.01327	0.02156	0.04477	0.02487	0.75957	0.03482	0.00663	0.00663	0.00995	0.00415	0.00415
23	0.00977	0.00733	0.01100	0.01100	0.01222	0.00855	0.00855	0.01222	0.01100	0.01588	0.01833	0.02688	0.01710	0.05131	0.73245	0.01100	0.01833	0.00733	0.00367	0.00611
24	0.01666	0.01566	0.02493	0.08750	0.53673	0.01632	0.01894	0.02363	0.14517	0.02318	0.01564	0.01865	0.01260	0.00675	0.00681	0.00210	0.00769	0.00640	0.00403	0.01060
25	0.00833	0.00599	0.00791	0.00944	0.00990	0.00556	0.00631	0.00954	0.01318	0.01750	0.03872	0.73301	0.06668	0.02130	0.00871	0.00276	0.00395	0.01929	0.00635	0.00556
26	0.01497	0.01497	0.02095	0.01796	0.01796	0.02095	0.01497	0.01646	0.01048	0.01646	0.00898	0.01497	0.00898	0.01197	0.02245	0.00299	0.74704	0.00599	0.00299	0.00748
27	0.00977	0.00733	0.01100	0.01100	0.01222	0.00855	0.00855	0.01222	0.01100	0.01588	0.01833	0.02688	0.01710	0.05131	0.73245	0.01100	0.01833	0.00733	0.00367	0.00611
28	0.00834	0.00595	0.00794	0.00953	0.00992	0.00556	0.00635	0.00953	0.01310	0.01746	0.03771	0.75510	0.04525	0.02143	0.00873	0.00278	0.00397	0.01945	0.00635	0.00556
29	0.01829	0.76368	0.03585	0.01171	0.01756	0.02707	0.01171	0.02049	0.01390	0.01610	0.00951	0.01097	0.00878	0.00585	0.00439	0.00146	0.00732	0.00366	0.00293	0.00878
30	0.01702	0.01470	0.01547	0.01392	0.01779	0.01702	0.01083	0.03635	0.70453	0.02862	0.02785	0.02553	0.02088	0.00928	0.00696	0.00232	0.00541	0.00773	0.00696	0.01083
31	0.01768	0.01455	0.01549	0.01384	0.01777	0.01668	0.01079	0.03621	0.67131	0.06222	0.02780	0.02542	0.02069	0.00924	0.00696	0.00231	0.00543	0.00769	0.00703	0.01087
32	0.01456	0.01238	0.01439	0.01031	0.01637	0.00951	0.00826	0.03879	0.01476	0.02296	0.01230	0.01426	0.01018	0.00517	0.00512	0.00105	0.00515	0.00412	0.00414	0.77622
33	0.00834	0.00595	0.00794	0.00953	0.00992	0.00556	0.00635	0.00953	0.01310	0.01746	0.03771	0.75510	0.04525	0.02143	0.00873	0.00278	0.00397	0.01945	0.00635	0.00556
34	0.01002	0.00888	0.01196	0.20984	0.05926	0.00898	0.00994	0.01276	0.01534	0.01907	0.09721	0.04905	0.43537	0.01360	0.00767	0.00227	0.00525	0.01154	0.00537	0.00661
35	0.01307	0.01231	0.02079	0.71688	0.07219	0.01524	0.01907	0.01761	0.01375	0.01766	0.01219	0.01819	0.00918	0.00681	0.00684	0.00227	0.00908	0.00608	0.00305	0.00772
36	0.01419	0.01216	0.01419	0.01013	0.01621	0.00912	0.00811	0.01723	0.01419	0.02229	0.01216	0.01419	0.01013	0.00507	0.00507	0.00101	0.00507	0.00405	0.00405	0.80139
37	0.02771	0.01095	0.01492	0.01189	0.01658	0.00954	0.00971	0.03029	0.01896	0.62363	0.04891	0.07914	0.02126	0.00996	0.00715	0.00220	0.00563	0.03252	0.00821	0.01085
38	0.01723	0.01381	0.01611	0.01238	0.01734	0.04653	0.04514	0.12984	0.01806	0.07586	0.04484	0.03736	0.06534	0.00785	0.00663	0.00162	0.02841	0.00637	0.02797	0.38131
39	0.01540	0.01491	0.02602	0.29844	0.42166	0.01594	0.06887	0.01977	0.01492	0.02053	0.01268	0.01752	0.01017	0.00635	0.00689	0.00214	0.00874	0.00623	0.00326	0.00953
40	0.01662	0.01458	0.02454	0.26902	0.44728	0.01546	0.01955	0.02074	0.01525	0.07141	0.01366	0.01782	0.01072	0.00651	0.00680	0.00212	0.00828	0.00615	0.00364	0.00984

[dist]
# distance from previous block
# <min> <max>
0	15

[block]
# block no. 3 follows, 31 sequences, length 13
# corresponding to MSA columns:
# 190-202
name=unknown_D
#
# <colnr> <probs for GDERKNQSTAVLIFYWHMCP>
#	G	D	E	R	K	N	Q	S	T	A	V	L	I	F	Y	W	H	M	C	P
0	0.01276	0.03148	0.01233	0.01047	0.01337	0.00930	0.03952	0.01764	0.11340	0.08086	0.15639	0.10678	0.24137	0.01459	0.02878	0.00249	0.00502	0.03194	0.02855	0.04295
1	0.01458	0.07061	0.51509	0.02142	0.03050	0.01685	0.19199	0.02166	0.01484	0.02143	0.01252	0.01526	0.00910	0.00628	0.00678	0.00216	0.01032	0.00574	0.00303	0.00982
2	0.01528	0.01445	0.02445	0.20837	0.49930	0.01515	0.01935	0.01924	0.01492	0.02079	0.01467	0.07591	0.01316	0.00749	0.00694	0.00215	0.00804	0.00715	0.00354	0.00964
3	0.00946	0.00698	0.00884	0.00837	0.01008	0.00636	0.00628	0.01248	0.01884	0.02619	0.62357	0.05316	0.15504	0.01445	0.00807	0.00217	0.00326	0.01266	0.00737	0.00636
4	0.00861	0.00712	0.00805	0.04209	0.01136	0.00634	0.00629	0.01064	0.01568	0.01939	0.13395	0.13128	0.51952	0.01693	0.00814	0.00237	0.00385	0.03614	0.00633	0.00593
5	0.28465	0.01216	0.01397	0.01113	0.01608	0.01178	0.00919	0.02902	0.01699	0.49586	0.02128	0.01931	0.01382	0.00778	0.00602	0.00212	0.00565	0.00584	0.00708	0.01026
6	0.01659	0.01590	0.02714	0.10245	0.65913	0.01616	0.02082	0.02069	0.01541	0.02193	0.01281	0.01705	0.01069	0.00616	0.00678	0.00205	0.00821	0.00609	0.00336	0.01056
7	0.00983	0.00709	0.00977	0.00977	0.01057	0.00789	0.00703	0.01143	0.01063	0.01498	0.01944	0.03306	0.01979	0.29616	0.49127	0.00949	0.01428	0.00824	0.00383	0.00543
8	0.01829	0.76368	0.03585	0.01171	0.01756	0.02707	0.01171	0.02049	0.01390	0.01610	0.00951	0.01097	0.00878	0.00585	0.00439	0.00146	0.00732	0.00366	0.00293	0.00878
9	0.00995	0.00663	0.00746	0.00746	0.00746	0.00663	0.00415	0.00995	0.00995	0.01327	0.02156	0.04477	0.02487	0.75957	0.03482	0.00663	0.00663	0.00995	0.00415	0.00415
10	0.01484	0.24081	0.38412	0.01788	0.08161	0.01806	0.01882	0.02026	0.01495	0.02078	0.09267	0.01789	0.01535	0.00715	0.00610	0.00195	0.00834	0.00559	0.00348	0.00936
11	0.75036	0.01367	0.01083	0.00949	0.01382	0.01578	0.00782	0.06970	0.01315	0.03161	0.01003	0.01150	0.00772	0.00649	0.00443	0.00211	0.00546	0.00389	0.00443	0.00772
12	0.02181	0.02066	0.02061	0.06862	0.04272	0.21089	0.06166	0.29866	0.02347	0.02912	0.06615	0.02072	0.01558	0.00857	0.00743	0.00209	0.03179	0.03476	0.00525	0.00942

[dist]
# distance from previous block
# <min> <max>
0	33

[block]
# block no. 4 follows, 31 sequences, length 49
# corresponding to MSA columns:
# 236-284
name=unknown_E
#
# <colnr> <probs for GDERKNQSTAVLIFYWHMCP>
#	G	D	E	R	K	N	Q	S	T	A	V	L	I	F	Y	W	H	M	C	P
0	0.01803	0.72285	0.07444	0.01214	0.01823	0.02644	0.01247	0.02055	0.01393	0.01641	0.00967	0.01117	0.00877	0.00589	0.00451	0.00150	0.00747	0.00374	0.00292	0.00885
1	0.01930	0.01503	0.02383	0.01863	0.06218	0.01372	0.21482	0.09560	0.04120	0.15171	0.01639	0.01790	0.01201	0.00644	0.00665	0.00182	0.00759	0.00624	0.00504	0.26391
2	0.01803	0.72145	0.07577	0.01216	0.01826	0.02642	0.01249	0.02055	0.01393	0.01642	0.00967	0.01118	0.00877	0.00589	0.00451	0.00150	0.00748	0.00374	0.00292	0.00886
3	0.01829	0.76368	0.03585	0.01171	0.01756	0.02707	0.01171	0.02049	0.01390	0.01610	0.00951	0.01097	0.00878	0.00585	0.00439	0.00146	0.00732	0.00366	0.00293	0.00878
4	0.00834	0.00595	0.00794	0.00953	0.00992	0.00556	0.00635	0.00953	0.01310	0.01746	0.03771	0.75510	0.04525	0.02143	0.00873	0.00278	0.00397	0.01945	0.00635	0.00556
5	0.01393	0.01163	0.01355	0.00986	0.01551	0.00886	0.00785	0.01698	0.01440	0.02268	0.04064	0.01629	0.01271	0.00558	0.00517	0.00109	0.00489	0.00451	0.04868	0.72517
6	0.00995	0.00663	0.00746	0.00746	0.00746	0.00663	0.00415	0.00995	0.00995	0.01327	0.02156	0.04477	0.02487	0.75957	0.03482	0.00663	0.00663	0.00995	0.00415	0.00415
7	0.01489	0.01428	0.02475	0.42988	0.25702	0.01592	0.08529	0.03918	0.01507	0.02022	0.01268	0.01779	0.00986	0.00654	0.00694	0.00220	0.00899	0.00628	0.00330	0.00890
8	0.01589	0.01519	0.02589	0.22399	0.54304	0.01598	0.02048	0.02008	0.01509	0.02109	0.01268	0.01727	0.01039	0.00629	0.00679	0.00210	0.00839	0.00609	0.00330	0.01000
9	0.80789	0.01323	0.01006	0.00900	0.01323	0.01535	0.00741	0.02011	0.01164	0.03070	0.00953	0.01111	0.00741	0.00635	0.00423	0.00212	0.00529	0.00370	0.00423	0.00741
10	0.01439	0.14262	0.62278	0.01835	0.02784	0.01753	0.02328	0.02149	0.01436	0.02085	0.01187	0.01393	0.00868	0.00640	0.00619	0.00206	0.00970	0.00485	0.00289	0.00991
11	0.00877	0.00723	0.00826	0.04789	0.01158	0.00647	0.00629	0.01105	0.01647	0.02076	0.23412	0.05938	0.50589	0.01588	0.00801	0.00227	0.00371	0.01344	0.00648	0.00605
12	0.00834	0.00595	0.00794	0.00953	0.00992	0.00556	0.00635	0.00953	0.01310	0.01746	0.03771	0.75510	0.04525	0.02143	0.00873	0.00278	0.00397	0.01945	0.00635	0.00556
13	0.01587	0.01515	0.06164	0.01410	0.01793	0.01590	0.01170	0.03184	0.55286	0.02652	0.02663	0.04914	0.02131	0.01166	0.03504	0.00272	0.02917	0.04433	0.00639	0.01009
14	0.00878	0.00696	0.00789	0.00766	0.00966	0.00607	0.00574	0.01116	0.01722	0.02235	0.34777	0.05947	0.43323	0.01588	0.00808	0.00224	0.00336	0.01355	0.00686	0.00607
15	0.00877	0.00692	0.00790	0.00774	0.00968	0.00605	0.00577	0.01111	0.01708	0.02221	0.33916	0.08634	0.41476	0.01608	0.00810	0.00226	0.00338	0.01376	0.00685	0.00605
16	0.02174	0.01874	0.02019	0.13153	0.05202	0.13136	0.03395	0.32065	0.04166	0.05713	0.01528	0.01819	0.01180	0.05000	0.00908	0.00236	0.04323	0.00620	0.00522	0.00967
17	0.01671	0.01603	0.02737	0.08058	0.68003	0.01620	0.02089	0.02080	0.01547	0.02208	0.01283	0.01700	0.01074	0.00614	0.00678	0.00205	0.00818	0.00609	0.00337	0.01066
18	0.01813	0.72853	0.03515	0.01200	0.01758	0.02678	0.01186	0.02030	0.01374	0.01611	0.00949	0.01116	0.00879	0.00614	0.00524	0.00154	0.04205	0.00377	0.00293	0.00872
19	0.01372	0.03539	0.72412	0.01950	0.02961	0.01589	0.02528	0.02167	0.01444	0.02167	0.01228	0.01444	0.00867	0.00650	0.00650	0.00217	0.01011	0.00506	0.00289	0.01011
20	0.01505	0.24648	0.52463	0.01724	0.02612	0.01913	0.02134	0.02132	0.01429	0.02005	0.01148	0.01344	0.00870	0.00631	0.00589	0.00196	0.00930	0.00465	0.00290	0.00973
21	0.04578	0.01894	0.07071	0.02730	0.03405	0.01728	0.61336	0.02166	0.01572	0.02206	0.01345	0.01788	0.01014	0.00602	0.00831	0.00232	0.03472	0.00770	0.00345	0.00914
22	0.01188	0.00594	0.00891	0.00891	0.00891	0.00594	0.00594	0.00891	0.00891	0.01188	0.01188	0.02080	0.01188	0.02377	0.02674	0.80095	0.00594	0.00594	0.00297	0.00297
23	0.01188	0.00594	0.00891	0.00891	0.00891	0.00594	0.00594	0.00891	0.00891	0.01188	0.01188	0.02080	0.01188	0.02377	0.02674	0.80095	0.00594	0.00594	0.00297	0.00297
24	0.01702	0.01470	0.01547	0.01392	0.01779	0.01702	0.01083	0.03635	0.70453	0.02862	0.02785	0.02553	0.02088	0.00928	0.00696	0.00232	0.00541	0.00773	0.00696	0.01083
25	0.03070	0.01164	0.01588	0.01217	0.01746	0.01006	0.01006	0.03334	0.01958	0.72163	0.02699	0.02329	0.01694	0.00847	0.00688	0.00212	0.00582	0.00688	0.00847	0.01164
26	0.01415	0.01334	0.02251	0.47728	0.27167	0.01521	0.01917	0.01848	0.01455	0.01952	0.04031	0.01911	0.01191	0.00687	0.00687	0.00219	0.00855	0.00634	0.00334	0.00865
27	0.02556	0.03261	0.01939	0.01763	0.02115	0.73210	0.01322	0.02732	0.01939	0.01674	0.01058	0.01234	0.00881	0.00705	0.00617	0.00176	0.01234	0.00441	0.00353	0.00793
28	0.08002	0.01774	0.01984	0.05609	0.02212	0.03840	0.03551	0.48362	0.02720	0.12620	0.01681	0.01699	0.01176	0.00792	0.00669	0.00208	0.00751	0.00609	0.00645	0.01093
29	0.01501	0.05322	0.01696	0.04302	0.06351	0.01201	0.07040	0.10891	0.03999	0.07271	0.09918	0.23240	0.02931	0.06892	0.00970	0.00267	0.00620	0.04217	0.00577	0.00795
30	0.80789	0.01323	0.01006	0.00900	0.01323	0.01535	0.00741	0.02011	0.01164	0.03070	0.00953	0.01111	0.00741	0.00635	0.00423	0.00212	0.00529	0.00370	0.00423	0.00741
31	0.01547	0.01732	0.06008	0.10350	0.14946	0.01684	0.38895	0.02031	0.01504	0.02080	0.01372	0.04190	0.01126	0.00712	0.00917	0.00234	0.08666	0.00757	0.00343	0.00906
32	0.01453	0.01189	0.01395	0.07100	0.05650	0.01281	0.01023	0.04715	0.31981	0.05199	0.09989	0.03688	0.20225	0.01136	0.00733	0.00227	0.00524	0.00959	0.00640	0.00892
33	0.80789	0.01323	0.01006	0.00900	0.01323	0.01535	0.00741	0.02011	0.01164	0.03070	0.00953	0.01111	0.00741	0.00635	0.00423	0.00212	0.00529	0.00370	0.00423	0.00741
34	0.02158	0.01811	0.02649	0.01980	0.02546	0.01893	0.24287	0.42424	0.02557	0.03436	0.01685	0.06232	0.01327	0.00819	0.00738	0.00218	0.00867	0.00762	0.00567	0.01045
35	0.00841	0.00694	0.00738	0.00727	0.00944	0.00591	0.00545	0.01045	0.01636	0.02030	0.20021	0.06285	0.58207	0.01665	0.00808	0.00228	0.00342	0.01402	0.00659	0.00591
36	0.01419	0.01216	0.01419	0.01013	0.01621	0.00912	0.00811	0.01723	0.01419	0.02229	0.01216	0.01419	0.01013	0.00507	0.00507	0.00101	0.00507	0.00405	0.00405	0.80139
37	0.00968	0.00699	0.00914	0.00861	0.01022	0.00646	0.00646	0.01291	0.01937	0.02743	0.71328	0.05110	0.06455	0.01399	0.00807	0.00215	0.00323	0.01237	0.00753	0.00646
38	0.01419	0.01216	0.01419	0.01013	0.01621	0.00912	0.00811	0.01723	0.01419	0.02229	0.01216	0.01419	0.01013	0.00507	0.00507	0.00101	0.00507	0.00405	0.00405	0.80139
39	0.00977	0.00733	0.01100	0.01100	0.01222	0.00855	0.00855	0.01222	0.01100	0.01588	0.01833	0.02688	0.01710	0.05131	0.73245	0.01100	0.01833	0.00733	0.00367	0.00611
40	0.00940	0.00698	0.00875	0.00830	0.01004	0.00633	0.00623	0.01235	0.01869	0.02582	0.59726	0.05376	0.18158	0.01459	0.00807	0.00218	0.00327	0.01274	0.00732	0.00633
41	0.01604	0.01940	0.09081	0.02667	0.03354	0.01716	0.57459	0.02329	0.08262	0.02254	0.01508	0.01883	0.01126	0.00616	0.00784	0.00230	0.01083	0.00781	0.00375	0.00945
42	0.01557	0.01489	0.02559	0.23434	0.48010	0.01568	0.04465	0.01980	0.01508	0.02092	0.01359	0.01963	0.01142	0.00677	0.00694	0.00215	0.00846	0.03130	0.00340	0.00971
43	0.00949	0.00716	0.00986	0.00990	0.01133	0.00774	0.00761	0.01180	0.01241	0.01723	0.05654	0.06276	0.15555	0.04064	0.51123	0.00833	0.01379	0.00933	0.03126	0.00605
44	0.01510	0.28915	0.42358	0.01648	0.02447	0.01929	0.03832	0.02059	0.01423	0.01949	0.01275	0.05410	0.01077	0.00707	0.00593	0.00196	0.00883	0.00544	0.00311	0.00937
45	0.09100	0.29821	0.40576	0.01566	0.02367	0.01990	0.01864	0.02109	0.01398	0.02050	0.01101	0.01286	0.00859	0.00625	0.00552	0.00191	0.00864	0.00442	0.00303	0.00937
46	0.11713	0.23504	0.02425	0.01482	0.01971	0.18247	0.07607	0.09402	0.06373	0.02264	0.01261	0.01434	0.01027	0.00828	0.03227	0.00214	0.00879	0.00495	0.00405	0.05243
47	0.03938	0.03832	0.06051	0.01604	0.02023	0.10264	0.11890	0.13105	0.04178	0.06263	0.05009	0.05727	0.10420	0.01045	0.00852	0.00228	0.06779	0.05414	0.00518	0.00861
48	0.10503	0.06964	0.11185	0.04165	0.01882	0.06360	0.01296	0.05678	0.03816	0.04954	0.04356	0.10998	0.03808	0.01042	0.01008	0.00232	0.17370	0.00756	0.00444	0.03183

[dist]
# distance from previous block
# <min> <max>
12	54

[block]
# block no. 5 follows, 31 sequences, length 74
# corresponding to MSA columns:
# 347-369,372-422
name=unknown_F
#
# <colnr> <probs for GDERKNQSTAVLIFYWHMCP>
#	G	D	E	R	K	N	Q	S	T	A	V	L	I	F	Y	W	H	M	C	P
0	0.03928	0.01595	0.06767	0.01646	0.02085	0.06919	0.16011	0.03847	0.07199	0.08908	0.06392	0.09411	0.02016	0.03072	0.00897	0.00234	0.05499	0.04204	0.00503	0.08868
1	0.04043	0.13077	0.10184	0.05361	0.02202	0.12974	0.05410	0.11797	0.09064	0.09929	0.03678	0.01829	0.01357	0.02846	0.00712	0.00210	0.00818	0.00590	0.00486	0.03432
2	0.09661	0.05564	0.12402	0.01442	0.01950	0.03607	0.01315	0.17326	0.18446	0.10239	0.04050	0.03794	0.01572	0.00862	0.00734	0.00218	0.04588	0.00656	0.00572	0.01002
3	0.06004	0.01482	0.01487	0.01238	0.01670	0.09000	0.00978	0.09449	0.17944	0.15169	0.09279	0.02497	0.05857	0.00885	0.00657	0.00195	0.00605	0.00708	0.00625	0.14271
4	0.01390	0.01135	0.01406	0.01257	0.01550	0.02901	0.06195	0.05492	0.19684	0.04836	0.10093	0.16072	0.11707	0.04323	0.00885	0.00255	0.00559	0.06576	0.00627	0.03056
5	0.01462	0.01388	0.02394	0.29837	0.33381	0.01492	0.07486	0.01858	0.01431	0.01952	0.01362	0.02054	0.01167	0.08738	0.00992	0.00264	0.00862	0.00667	0.00335	0.00878
6	0.01402	0.01329	0.02251	0.55036	0.23126	0.01549	0.01955	0.01845	0.01420	0.01882	0.01235	0.01788	0.00959	0.00664	0.00682	0.00221	0.00885	0.00608	0.00314	0.00849
7	0.02314	0.01865	0.01826	0.01487	0.01960	0.10371	0.01193	0.37160	0.20017	0.06989	0.01921	0.01879	0.01404	0.00825	0.00668	0.00204	0.00727	0.00633	0.02895	0.03661
8	0.02290	0.15495	0.02536	0.01831	0.02275	0.50400	0.11557	0.02534	0.01796	0.01742	0.01089	0.01303	0.00904	0.00665	0.00615	0.00179	0.01136	0.00483	0.00341	0.00827
9	0.00931	0.00720	0.00865	0.00937	0.01095	0.00674	0.00711	0.01213	0.04936	0.01964	0.09171	0.28438	0.28775	0.01834	0.00851	0.00262	0.00429	0.14938	0.00645	0.00611
10	0.01962	0.02368	0.03262	0.02470	0.03036	0.28115	0.44147	0.02391	0.01734	0.02001	0.01264	0.01620	0.00980	0.00624	0.00737	0.00211	0.01183	0.00672	0.00348	0.00875
11	0.01292	0.01216	0.02052	0.74312	0.04712	0.01520	0.01900	0.01748	0.01368	0.01748	0.01216	0.01824	0.00912	0.00684	0.00684	0.00228	0.00912	0.00608	0.00304	0.00760
12	0.01687	0.01604	0.02559	0.03251	0.44283	0.01659	0.09025	0.02551	0.21353	0.02410	0.01728	0.01956	0.01367	0.00698	0.00697	0.00214	0.00771	0.00678	0.00442	0.01066
13	0.00834	0.00595	0.00794	0.00953	0.00992	0.00556	0.00635	0.00953	0.01310	0.01746	0.03771	0.75510	0.04525	0.02143	0.00873	0.00278	0.00397	0.01945	0.00635	0.00556
14	0.01419	0.01216	0.01419	0.01013	0.01621	0.00912	0.00811	0.01723	0.01419	0.02229	0.01216	0.01419	0.01013	0.00507	0.00507	0.00101	0.00507	0.00405	0.00405	0.80139
15	0.03070	0.01164	0.01588	0.01217	0.01746	0.01006	0.01006	0.03334	0.01958	0.72163	0.02699	0.02329	0.01694	0.00847	0.00688	0.00212	0.00582	0.00688	0.00847	0.01164
16	0.01016	0.00768	0.01091	0.05636	0.05985	0.00810	0.00836	0.01188	0.01201	0.01638	0.02471	0.23378	0.02718	0.22609	0.21557	0.00602	0.00936	0.04515	0.00461	0.00585
17	0.03070	0.01164	0.01588	0.01217	0.01746	0.01006	0.01006	0.03334	0.01958	0.72163	0.02699	0.02329	0.01694	0.00847	0.00688	0.00212	0.00582	0.00688	0.00847	0.01164
18	0.01388	0.01312	0.02201	0.49712	0.24523	0.01505	0.01891	0.01815	0.01434	0.01898	0.01522	0.02022	0.04472	0.00714	0.00688	0.00221	0.00854	0.00650	0.00331	0.00848
19	0.00968	0.00699	0.00914	0.00861	0.01022	0.00646	0.00646	0.01291	0.01937	0.02743	0.71328	0.05110	0.06455	0.01399	0.00807	0.00215	0.00323	0.01237	0.00753	0.00646
20	0.01672	0.01604	0.02739	0.07894	0.68159	0.01620	0.02089	0.02081	0.01548	0.02209	0.01283	0.01700	0.01075	0.00613	0.00678	0.00204	0.00818	0.00609	0.00337	0.01067
21	0.01615	0.01845	0.04037	0.02884	0.03576	0.01730	0.69204	0.02191	0.01615	0.02191	0.01384	0.01845	0.01038	0.00577	0.00807	0.00231	0.01153	0.00807	0.00346	0.00923
22	0.02542	0.01490	0.09198	0.01318	0.01857	0.01219	0.01177	0.11909	0.05680	0.44912	0.09267	0.02431	0.02030	0.00882	0.00696	0.00213	0.00623	0.00718	0.00748	0.01092
23	0.01292	0.01216	0.02052	0.74312	0.04712	0.01520	0.01900	0.01748	0.01368	0.01748	0.01216	0.01824	0.00912	0.00684	0.00684	0.00228	0.00912	0.00608	0.00304	0.00760
24	0.00960	0.00699	0.00903	0.00852	0.01017	0.00642	0.00639	0.01276	0.01918	0.02699	0.68123	0.05184	0.09688	0.01415	0.00807	0.00216	0.00324	0.01248	0.00747	0.00642
25	0.01419	0.01216	0.01419	0.01013	0.01621	0.00912	0.00811	0.01723	0.01419	0.02229	0.01216	0.01419	0.01013	0.00507	0.00507	0.00101	0.00507	0.00405	0.00405	0.80139
26	0.02556	0.03261	0.01939	0.01763	0.02115	0.73210	0.01322	0.02732	0.01939	0.01674	0.01058	0.01234	0.00881	0.00705	0.00617	0.00176	0.01234	0.00441	0.00353	0.00793
27	0.03070	0.01164	0.01588	0.01217	0.01746	0.01006	0.01006	0.03334	0.01958	0.72163	0.02699	0.02329	0.01694	0.00847	0.00688	0.00212	0.00582	0.00688	0.00847	0.01164
28	0.00977	0.00733	0.01100	0.01100	0.01222	0.00855	0.00855	0.01222	0.01100	0.01588	0.01833	0.02688	0.01710	0.05131	0.73245	0.01100	0.01833	0.00733	0.00367	0.00611
29	0.01829	0.76368	0.03585	0.01171	0.01756	0.02707	0.01171	0.02049	0.01390	0.01610	0.00951	0.01097	0.00878	0.00585	0.00439	0.00146	0.00732	0.00366	0.00293	0.00878
30	0.01652	0.04472	0.10274	0.05911	0.59846	0.01657	0.02107	0.02095	0.01534	0.02191	0.01267	0.01649	0.01048	0.00615	0.00666	0.00203	0.00834	0.00590	0.00331	0.01059
31	0.01702	0.01470	0.01547	0.01392	0.01779	0.01702	0.01083	0.03635	0.70453	0.02862	0.02785	0.02553	0.02088	0.00928	0.00696	0.00232	0.00541	0.00773	0.00696	0.01083
32	0.03070	0.01164	0.01588	0.01217	0.01746	0.01006	0.01006	0.03334	0.01958	0.72163	0.02699	0.02329	0.01694	0.00847	0.00688	0.00212	0.00582	0.00688	0.00847	0.01164
33	0.00834	0.00595	0.00794	0.00953	0.00992	0.00556	0.00635	0.00953	0.01310	0.01746	0.03771	0.75510	0.04525	0.02143	0.00873	0.00278	0.00397	0.01945	0.00635	0.00556
34	0.01673	0.01605	0.02740	0.07785	0.68264	0.01620	0.02089	0.02082	0.01548	0.02210	0.01283	0.01700	0.01075	0.00613	0.00678	0.00204	0.00818	0.00609	0.00337	0.01067
35	0.00834	0.00595	0.00794	0.00953	0.00992	0.00556	0.00635	0.00953	0.01310	0.01746	0.03771	0.75510	0.04525	0.02143	0.00873	0.00278	0.00397	0.01945	0.00635	0.00556
36	0.01501	0.03455	0.64837	0.01922	0.02870	0.06440	0.02397	0.04902	0.01549	0.02219	0.01233	0.01438	0.00880	0.00661	0.00649	0.00213	0.01016	0.00506	0.00309	0.01002
37	0.00952	0.00847	0.04630	0.00879	0.01101	0.00679	0.00715	0.01264	0.01822	0.02502	0.52469	0.05264	0.21457	0.01438	0.00799	0.00219	0.00365	0.01247	0.00701	0.00649
38	0.80789	0.01323	0.01006	0.00900	0.01323	0.01535	0.00741	0.02011	0.01164	0.03070	0.00953	0.01111	0.00741	0.00635	0.00423	0.00212	0.00529	0.00370	0.00423	0.00741
39	0.01845	0.62752	0.07837	0.01414	0.05340	0.07625	0.01315	0.02108	0.01441	0.01681	0.00993	0.01159	0.00888	0.00599	0.00477	0.00156	0.00789	0.00392	0.00299	0.00891
40	0.01001	0.00808	0.00910	0.00898	0.01124	0.00768	0.00699	0.01457	0.10636	0.02212	0.20704	0.05871	0.38529	0.01572	0.00812	0.00239	0.00404	0.10022	0.00670	0.00666
41	0.00822	0.00694	0.00712	0.00707	0.00932	0.00583	0.00530	0.01008	0.01591	0.01923	0.12349	0.06460	0.65946	0.01705	0.00808	0.00230	0.00345	0.01426	0.00645	0.00583
42	0.01695	0.01597	0.02551	0.03683	0.58829	0.01640	0.01913	0.02382	0.14231	0.02350	0.01562	0.01851	0.01268	0.00668	0.00681	0.00208	0.00763	0.00640	0.00404	0.01084
43	0.00968	0.00699	0.00914	0.00861	0.01022	0.00646	0.00646	0.01291	0.01937	0.02743	0.71328	0.05110	0.06455	0.01399	0.00807	0.00215	0.00323	0.01237	0.00753	0.00646
44	0.01607	0.01382	0.01459	0.01327	0.01690	0.01580	0.01027	0.03349	0.63033	0.02749	0.03104	0.05751	0.06861	0.01031	0.00711	0.00234	0.00522	0.00866	0.00690	0.01028
45	0.01693	0.01626	0.02777	0.04199	0.71689	0.01626	0.02100	0.02100	0.01558	0.02235	0.01287	0.01693	0.01084	0.00610	0.00677	0.00203	0.00813	0.00610	0.00339	0.01084
46	0.01398	0.01136	0.01312	0.01300	0.01580	0.01250	0.01063	0.02544	0.37255	0.02459	0.03358	0.04984	0.06430	0.01384	0.00809	0.00268	0.00570	0.29377	0.00665	0.00862
47	0.02558	0.03192	0.01945	0.01753	0.02115	0.69575	0.01321	0.06142	0.02004	0.01809	0.01087	0.01255	0.00896	0.00711	0.00620	0.00178	0.01209	0.00450	0.00369	0.00812
48	0.00826	0.00699	0.00717	0.00726	0.00953	0.00590	0.00554	0.01007	0.01560	0.01860	0.06736	0.06651	0.67444	0.01742	0.00817	0.00236	0.00363	0.05304	0.00635	0.00581
49	0.02556	0.03261	0.01939	0.01763	0.02115	0.73210	0.01322	0.02732	0.01939	0.01674	0.01058	0.01234	0.00881	0.00705	0.00617	0.00176	0.01234	0.00441	0.00353	0.00793
50	0.80789	0.01323	0.01006	0.00900	0.01323	0.01535	0.00741	0.02011	0.01164	0.03070	0.00953	0.01111	0.00741	0.00635	0.00423	0.00212	0.00529	0.00370	0.00423	0.00741
51	0.01615	0.01845	0.04037	0.02884	0.03576	0.01730	0.69204	0.02191	0.01615	0.02191	0.01384	0.01845	0.01038	0.00577	0.00807	0.00231	0.01153	0.00807	0.00346	0.00923
52	0.01188	0.00594	0.00891	0.00891	0.00891	0.00594	0.00594	0.00891	0.00891	0.01188	0.01188	0.02080	0.01188	0.02377	0.02674	0.80095	0.00594	0.00594	0.00297	0.00297
53	0.01372	0.03539	0.72412	0.01950	0.02961	0.01589	0.02528	0.02167	0.01444	0.02167	0.01228	0.01444	0.00867	0.00650	0.00650	0.00217	0.01011	0.00506	0.00289	0.01011
54	0.80789	0.01323	0.01006	0.00900	0.01323	0.01535	0.00741	0.02011	0.01164	0.03070	0.00953	0.01111	0.00741	0.00635	0.00423	0.00212	0.00529	0.00370	0.00423	0.00741
55	0.01372	0.03539	0.72412	0.01950	0.02961	0.01589	0.02528	0.02167	0.01444	0.02167	0.01228	0.01444	0.00867	0.00650	0.00650	0.00217	0.01011	0.00506	0.00289	0.01011
56	0.00842	0.00599	0.00791	0.00942	0.00980	0.00561	0.00624	0.00955	0.01294	0.01726	0.03690	0.71974	0.04423	0.05817	0.01003	0.00297	0.00410	0.01898	0.00624	0.00549
57	0.01989	0.02289	0.02139	0.11742	0.14676	0.34454	0.01576	0.02236	0.01587	0.01777	0.01081	0.01454	0.00925	0.00801	0.01018	0.00217	0.18348	0.00530	0.00331	0.00830
58	0.80789	0.01323	0.01006	0.00900	0.01323	0.01535	0.00741	0.02011	0.01164	0.03070	0.00953	0.01111	0.00741	0.00635	0.00423	0.00212	0.00529	0.00370	0.00423	0.00741
59	0.01638	0.01570	0.02678	0.13775	0.62542	0.01611	0.02072	0.02052	0.01532	0.02169	0.01277	0.01711	0.01060	0.00620	0.00678	0.00207	0.00826	0.00609	0.00334	0.01039
60	0.01182	0.01003	0.01298	0.01495	0.13246	0.02948	0.00946	0.01638	0.08140	0.02442	0.37636	0.04277	0.14576	0.01442	0.04485	0.00261	0.00534	0.01070	0.00628	0.00753
61	0.80789	0.01323	0.01006	0.00900	0.01323	0.01535	0.00741	0.02011	0.01164	0.03070	0.00953	0.01111	0.00741	0.00635	0.00423	0.00212	0.00529	0.00370	0.00423	0.00741
62	0.01442	0.01412	0.01974	0.01707	0.01715	0.01955	0.01410	0.01592	0.01049	0.01630	0.01011	0.01696	0.01016	0.04464	0.07062	0.00368	0.66838	0.00624	0.00308	0.00726
63	0.00995	0.00663	0.00746	0.00746	0.00746	0.00663	0.00415	0.00995	0.00995	0.01327	0.02156	0.04477	0.02487	0.75957	0.03482	0.00663	0.00663	0.00995	0.00415	0.00415
64	0.01419	0.01216	0.01419	0.01013	0.01621	0.00912	0.00811	0.01723	0.01419	0.02229	0.01216	0.01419	0.01013	0.00507	0.00507	0.00101	0.00507	0.00405	0.00405	0.80139
65	0.00995	0.00663	0.00746	0.00746	0.00746	0.00663	0.00415	0.00995	0.00995	0.01327	0.02156	0.04477	0.02487	0.75957	0.03482	0.00663	0.00663	0.00995	0.00415	0.00415
66	0.01702	0.01470	0.01547	0.01392	0.01779	0.01702	0.01083	0.03635	0.70453	0.02862	0.02785	0.02553	0.02088	0.00928	0.00696	0.00232	0.00541	0.00773	0.00696	0.01083
67	0.01469	0.01457	0.02043	0.01759	0.01766	0.02030	0.01463	0.01624	0.01050	0.01643	0.00947	0.01560	0.00941	0.01405	0.05987	0.00342	0.70864	0.00606	0.00303	0.00741
