[name]
unknown

[dist]
# distance from previous block
# <min> <max>
0	37

[block]
# block no. 0 follows, 30 sequences, length 16
# corresponding to MSA columns:
# 37-52
name=unknown_A
#
# <colnr> <probs for GDERKNQSTAVLIFYWHMCP>
#	G	D	E	R	K	N	Q	S	T	A	V	L	I	F	Y	W	H	M	C	P
0	0.01053	0.00757	0.01039	0.01193	0.01331	0.00744	0.00997	0.01325	0.01548	0.02014	0.03875	0.22102	0.07074	0.01976	0.00942	0.00309	0.00579	0.49872	0.00644	0.00624
1	0.01766	0.01618	0.02128	0.01784	0.01903	0.02143	0.01484	0.15953	0.01539	0.02258	0.01078	0.01558	0.00974	0.01140	0.01951	0.00285	0.58582	0.00614	0.00389	0.00853
2	0.01295	0.01179	0.04177	0.01154	0.03622	0.00891	0.00895	0.01587	0.01437	0.02163	0.04318	0.17283	0.02015	0.01073	0.03063	0.00188	0.00562	0.00800	0.00468	0.51831
3	0.01629	0.01420	0.02143	0.53784	0.08691	0.01688	0.01822	0.16059	0.01809	0.02372	0.01338	0.01812	0.00997	0.00722	0.00697	0.00226	0.00889	0.00622	0.00395	0.00885
4	0.02421	0.02937	0.01893	0.01717	0.02084	0.57587	0.01296	0.02983	0.16415	0.01965	0.01453	0.01545	0.01161	0.00768	0.00646	0.00192	0.01108	0.00522	0.00434	0.00872
5	0.01095	0.00946	0.01245	0.09104	0.09642	0.00874	0.00936	0.01369	0.01594	0.02104	0.14222	0.07923	0.32784	0.01314	0.00755	0.00213	0.00493	0.01127	0.00561	0.11697
6	0.01028	0.00696	0.01011	0.01030	0.01108	0.00765	0.00753	0.01124	0.01091	0.01529	0.01978	0.10851	0.02019	0.10143	0.44031	0.17702	0.01337	0.00878	0.00394	0.00532
7	0.01950	0.01517	0.02320	0.23590	0.33927	0.04890	0.01808	0.02337	0.01638	0.16853	0.01587	0.01881	0.01177	0.00700	0.00692	0.00215	0.00829	0.00630	0.00446	0.01013
8	0.01552	0.01569	0.06889	0.05236	0.15499	0.03933	0.07748	0.06114	0.18531	0.02422	0.03937	0.17616	0.02220	0.01077	0.00747	0.00234	0.00712	0.00975	0.02059	0.00930
9	0.01908	0.01553	0.09631	0.04043	0.06557	0.01191	0.07636	0.02295	0.01639	0.21200	0.04145	0.02018	0.02873	0.00721	0.00688	0.00182	0.02409	0.00619	0.00524	0.28168
10	0.01447	0.01240	0.01447	0.01034	0.01654	0.00930	0.00827	0.01757	0.01447	0.02274	0.01240	0.01447	0.01034	0.00517	0.00517	0.00103	0.00517	0.00413	0.00413	0.79742
11	0.01900	0.38395	0.02585	0.01298	0.01740	0.20408	0.01125	0.04547	0.01750	0.02006	0.15866	0.02046	0.02117	0.00814	0.00584	0.00174	0.00791	0.00591	0.00429	0.00833
12	0.01034	0.00719	0.00916	0.00950	0.01011	0.00746	0.00669	0.01156	0.01164	0.01567	0.02446	0.04875	0.02680	0.44669	0.17933	0.00697	0.00927	0.14868	0.00459	0.00513
13	0.18498	0.01593	0.02120	0.02656	0.32952	0.03569	0.03771	0.05598	0.14913	0.02653	0.01638	0.04233	0.01346	0.00755	0.00649	0.00218	0.00720	0.00651	0.00463	0.01003
14	0.01616	0.06136	0.12154	0.04722	0.14062	0.01446	0.20478	0.02047	0.01562	0.09436	0.02001	0.17361	0.01856	0.00977	0.00754	0.00232	0.00838	0.00947	0.00456	0.00919
15	0.00866	0.00619	0.00828	0.00990	0.01037	0.00581	0.00676	0.00999	0.01352	0.01799	0.03837	0.71101	0.04580	0.02171	0.00895	0.00286	0.00419	0.05745	0.00647	0.00571

[dist]
# distance from previous block
# <min> <max>
0	2

[block]
# block no. 1 follows, 30 sequences, length 74
# corresponding to MSA columns:
# 55-128
name=unknown_B
#
# <colnr> <probs for GDERKNQSTAVLIFYWHMCP>
#	G	D	E	R	K	N	Q	S	T	A	V	L	I	F	Y	W	H	M	C	P
0	0.05382	0.01155	0.01520	0.04952	0.01819	0.01081	0.01017	0.02994	0.07817	0.49648	0.12429	0.02733	0.02387	0.00936	0.00710	0.00219	0.00568	0.00774	0.00792	0.01067
1	0.00998	0.00892	0.03557	0.01255	0.09188	0.00754	0.00834	0.01232	0.01547	0.02040	0.11316	0.24404	0.32137	0.01628	0.00804	0.00240	0.00443	0.01417	0.04645	0.00669
2	0.01567	0.10408	0.04554	0.02487	0.21391	0.03340	0.18108	0.03901	0.05089	0.02163	0.02059	0.15638	0.04275	0.00971	0.00736	0.00224	0.00809	0.00930	0.00437	0.00913
3	0.01129	0.03751	0.01178	0.01066	0.01196	0.04361	0.00802	0.01317	0.01185	0.01617	0.02117	0.03155	0.05356	0.19233	0.43566	0.00842	0.03676	0.00805	0.03044	0.00604
4	0.01538	0.01438	0.05002	0.03692	0.08065	0.01148	0.01101	0.05102	0.05053	0.02390	0.01350	0.01556	0.01093	0.00576	0.00564	0.00134	0.00596	0.00473	0.00427	0.58702
5	0.05448	0.16525	0.50290	0.01713	0.02577	0.01761	0.02093	0.02167	0.01489	0.04069	0.04789	0.01608	0.01195	0.00695	0.00621	0.00207	0.00907	0.00526	0.00342	0.00978
6	0.00988	0.00668	0.00777	0.00799	0.00814	0.00659	0.00469	0.01024	0.01113	0.01492	0.05962	0.15276	0.03059	0.60574	0.03009	0.00594	0.00618	0.01174	0.00475	0.00457
7	0.01594	0.01328	0.01975	0.54288	0.06449	0.04843	0.01722	0.02067	0.03794	0.09072	0.01497	0.01942	0.01101	0.00727	0.00684	0.00224	0.00864	0.00628	0.04364	0.00836
8	0.01808	0.03988	0.08504	0.06420	0.25889	0.05760	0.17041	0.09030	0.01772	0.04709	0.01508	0.05224	0.01245	0.00728	0.00714	0.00214	0.00909	0.00704	0.00411	0.03422
9	0.01179	0.01018	0.01336	0.01308	0.04903	0.03308	0.03145	0.01407	0.01498	0.02044	0.22503	0.04208	0.12050	0.13948	0.07489	0.00390	0.12707	0.04365	0.00532	0.00661
10	0.01940	0.01004	0.01230	0.01060	0.01388	0.00973	0.00830	0.03970	0.12095	0.26550	0.14490	0.05685	0.05345	0.01125	0.00800	0.04286	0.00482	0.00871	0.14977	0.00896
11	0.01684	0.01647	0.04128	0.07099	0.19205	0.08108	0.03639	0.07572	0.18833	0.02464	0.06381	0.02689	0.07741	0.04717	0.00861	0.00243	0.00741	0.00783	0.00517	0.00947
12	0.01267	0.01142	0.01769	0.01481	0.01818	0.01120	0.16316	0.01928	0.15354	0.02339	0.15185	0.16747	0.11896	0.01312	0.00809	0.00241	0.00607	0.04475	0.00605	0.03589
13	0.03997	0.51014	0.23072	0.01431	0.02141	0.04370	0.01582	0.02143	0.01443	0.01849	0.01054	0.01225	0.00888	0.00621	0.00514	0.00173	0.00836	0.00416	0.00303	0.00928
14	0.00866	0.00646	0.00794	0.00887	0.00985	0.00587	0.00609	0.01015	0.01445	0.01885	0.11117	0.47847	0.20973	0.05699	0.01002	0.00285	0.00398	0.01739	0.00648	0.00574
15	0.02467	0.05775	0.01960	0.01513	0.02001	0.13174	0.01223	0.29126	0.18337	0.14225	0.01988	0.01909	0.01433	0.00836	0.00678	0.00209	0.00767	0.00636	0.00653	0.01092
16	0.80405	0.01350	0.01026	0.00918	0.01350	0.01565	0.00756	0.02051	0.01188	0.03131	0.00972	0.01134	0.00756	0.00648	0.00432	0.00216	0.00540	0.00378	0.00432	0.00756
17	0.01717	0.01673	0.02737	0.10608	0.62811	0.03916	0.02098	0.02129	0.01584	0.02216	0.01298	0.01724	0.01083	0.00632	0.00690	0.00209	0.00852	0.00616	0.00343	0.01065
18	0.01046	0.00764	0.00962	0.00915	0.01090	0.00721	0.00683	0.04749	0.01939	0.02695	0.54679	0.13500	0.10587	0.01511	0.00825	0.00228	0.00363	0.01330	0.00742	0.00670
19	0.05092	0.01513	0.02103	0.12267	0.27202	0.01646	0.01575	0.14808	0.12811	0.02739	0.03461	0.02024	0.01445	0.00995	0.04448	0.00263	0.00799	0.00663	0.03136	0.01009
20	0.00868	0.00669	0.00787	0.00854	0.00992	0.00597	0.00608	0.01035	0.01503	0.01917	0.11472	0.34512	0.32825	0.04559	0.00954	0.00273	0.00394	0.03947	0.00651	0.00582
21	0.02208	0.42348	0.02880	0.01473	0.01960	0.35081	0.01265	0.02412	0.01677	0.01672	0.01020	0.01184	0.00897	0.00653	0.00532	0.00163	0.00983	0.00408	0.00327	0.00856
22	0.01012	0.00688	0.00821	0.00821	0.00842	0.00709	0.00498	0.01053	0.01033	0.01398	0.02144	0.04262	0.02405	0.63744	0.15103	0.00751	0.00876	0.00970	0.00415	0.00456
23	0.01655	0.01596	0.02757	0.15929	0.57381	0.01644	0.04650	0.02085	0.01559	0.02194	0.01304	0.01755	0.01074	0.00633	0.00697	0.00213	0.00859	0.00629	0.00340	0.01044
24	0.02127	0.32061	0.02792	0.06373	0.07846	0.32214	0.03440	0.02374	0.01675	0.01749	0.01075	0.01298	0.00921	0.00657	0.00572	0.00175	0.00995	0.00455	0.00331	0.00870
25	0.01416	0.02078	0.28251	0.07951	0.08051	0.01284	0.05349	0.01931	0.01549	0.05527	0.08762	0.08693	0.03779	0.00892	0.00700	0.00211	0.00778	0.00778	0.00436	0.11587
26	0.14078	0.02298	0.29653	0.09863	0.12512	0.03692	0.01858	0.02178	0.03076	0.05831	0.03722	0.01858	0.01251	0.00732	0.00646	0.00218	0.00840	0.02311	0.00394	0.02988
27	0.02581	0.01393	0.01652	0.01327	0.01813	0.01416	0.01076	0.16960	0.19006	0.36672	0.02523	0.02299	0.01718	0.00876	0.00691	0.00217	0.00604	0.00705	0.05336	0.01136
28	0.00878	0.00634	0.00831	0.00939	0.01015	0.00587	0.00644	0.01045	0.01482	0.01999	0.17989	0.57153	0.08200	0.02007	0.00873	0.00268	0.00387	0.01808	0.00673	0.00587
29	0.01376	0.01289	0.02191	0.52498	0.07947	0.01559	0.06380	0.01759	0.01356	0.01790	0.01222	0.01841	0.00969	0.00865	0.01013	0.06140	0.08090	0.00632	0.00314	0.00769
30	0.01995	0.01372	0.10524	0.01225	0.01676	0.01043	0.01099	0.08100	0.01927	0.29537	0.16028	0.11536	0.08565	0.01172	0.00752	0.00226	0.00573	0.00992	0.00714	0.00944
31	0.00858	0.00611	0.00807	0.00961	0.01000	0.00572	0.00636	0.00974	0.01320	0.01760	0.03763	0.71473	0.04511	0.05876	0.01025	0.00303	0.00419	0.01935	0.00636	0.00560
32	0.01938	0.01503	0.01620	0.01417	0.01837	0.01699	0.01114	0.08533	0.58375	0.09629	0.02745	0.02512	0.02021	0.00931	0.00708	0.00233	0.00572	0.00769	0.00724	0.01119
33	0.01598	0.01747	0.12148	0.10924	0.25267	0.01524	0.08692	0.05021	0.09108	0.02417	0.01639	0.01953	0.01271	0.00708	0.00672	0.00211	0.00794	0.00651	0.12682	0.00972
34	0.01596	0.01148	0.01275	0.01164	0.01470	0.01247	0.00917	0.06765	0.31228	0.06142	0.13369	0.03418	0.02848	0.01071	0.00703	0.00223	0.00493	0.06741	0.17275	0.00906
35	0.00874	0.00610	0.00801	0.00955	0.01002	0.00571	0.00639	0.01006	0.01343	0.01824	0.03765	0.71268	0.04469	0.02115	0.00870	0.00277	0.00401	0.01915	0.04725	0.00571
36	0.00850	0.00607	0.00810	0.00972	0.01012	0.00567	0.00648	0.00972	0.01336	0.01781	0.03846	0.75020	0.04615	0.02186	0.00891	0.00283	0.00405	0.01984	0.00648	0.00567
37	0.01557	0.01536	0.05950	0.05693	0.43780	0.01470	0.03706	0.01928	0.01523	0.03962	0.03575	0.13555	0.01798	0.00944	0.00837	0.00229	0.05722	0.00858	0.00412	0.00966
38	0.01544	0.02072	0.20149	0.11129	0.27944	0.01761	0.02068	0.01996	0.01401	0.02047	0.01185	0.01626	0.00979	0.00798	0.01103	0.00239	0.20090	0.00592	0.00318	0.00959
39	0.01709	0.62296	0.03186	0.01169	0.01676	0.02413	0.01121	0.01929	0.01361	0.01629	0.01144	0.01474	0.01076	0.03796	0.11199	0.00310	0.00909	0.00450	0.00314	0.00839
40	0.01024	0.00676	0.00780	0.00780	0.00784	0.00680	0.00447	0.01017	0.01013	0.01355	0.02140	0.04389	0.02447	0.69639	0.05813	0.04477	0.00713	0.00986	0.00415	0.00424
41	0.27460	0.16050	0.02271	0.01647	0.05554	0.21170	0.08497	0.04323	0.01578	0.02325	0.01086	0.01303	0.00889	0.00670	0.00599	0.00197	0.02680	0.00471	0.00379	0.00848
42	0.00850	0.00607	0.00810	0.00972	0.01012	0.00567	0.00648	0.00972	0.01336	0.01781	0.03846	0.75020	0.04615	0.02186	0.00891	0.00283	0.00405	0.01984	0.00648	0.00567
43	0.01872	0.22088	0.07321	0.01968	0.10689	0.12694	0.05626	0.06407	0.05590	0.02052	0.01257	0.01585	0.01076	0.03066	0.00990	0.00223	0.13657	0.00554	0.00371	0.00914
44	0.00945	0.00707	0.00877	0.00845	0.01019	0.00639	0.00630	0.01231	0.01860	0.02549	0.53564	0.08863	0.20625	0.01538	0.00827	0.00226	0.00338	0.01343	0.00736	0.00639
45	0.01770	0.23028	0.31830	0.01890	0.07293	0.09857	0.03693	0.05661	0.04895	0.02148	0.01262	0.01446	0.00984	0.00669	0.00611	0.00196	0.00932	0.00504	0.00348	0.00983
46	0.00904	0.00710	0.00779	0.00813	0.00964	0.00648	0.00565	0.01110	0.04300	0.01806	0.05200	0.23316	0.38945	0.15175	0.01330	0.00327	0.00433	0.01489	0.00610	0.00575
47	0.01718	0.01192	0.01440	0.01060	0.01631	0.00927	0.00850	0.02022	0.01586	0.14858	0.06677	0.01895	0.01571	0.00647	0.00573	0.00132	0.00517	0.00529	0.00521	0.59655
48	0.01488	0.01185	0.03635	0.01245	0.04869	0.00966	0.00938	0.04169	0.04048	0.08229	0.08261	0.17555	0.02397	0.01019	0.00666	0.00179	0.00524	0.00882	0.00547	0.37196
49	0.23266	0.16753	0.05421	0.01484	0.03701	0.24694	0.01228	0.09618	0.03931	0.02448	0.01164	0.01309	0.00935	0.00691	0.00554	0.00191	0.00867	0.00453	0.00412	0.00881
50	0.01811	0.01664	0.02375	0.15987	0.33345	0.05312	0.01800	0.14084	0.01809	0.02457	0.01343	0.01749	0.01091	0.00956	0.04288	0.00264	0.07657	0.00619	0.00401	0.00990
51	0.00864	0.00617	0.00826	0.00988	0.01034	0.00579	0.00672	0.00996	0.01350	0.01797	0.03838	0.71579	0.04585	0.02173	0.00894	0.00285	0.00417	0.05286	0.00648	0.00571
52	0.01013	0.00837	0.00911	0.00878	0.01067	0.04259	0.00654	0.01278	0.01826	0.02415	0.44578	0.09083	0.25570	0.01533	0.00817	0.00226	0.00387	0.01322	0.00705	0.00640
53	0.01447	0.01240	0.01447	0.01034	0.01654	0.00930	0.00827	0.01757	0.01447	0.02274	0.01240	0.01447	0.01034	0.00517	0.00517	0.00103	0.00517	0.00413	0.00413	0.79742
54	0.02024	0.01435	0.01586	0.01383	0.01808	0.01589	0.01088	0.03645	0.55862	0.17089	0.02822	0.02556	0.02047	0.00930	0.00708	0.00232	0.00561	0.00771	0.00742	0.01122
55	0.00860	0.00634	0.00805	0.00918	0.01004	0.00580	0.00629	0.01011	0.01442	0.01900	0.11019	0.56687	0.15874	0.02041	0.00873	0.00269	0.00389	0.01827	0.00660	0.00580
56	0.01607	0.01235	0.01463	0.01053	0.01666	0.00939	0.00846	0.01913	0.01499	0.08863	0.01384	0.01535	0.01100	0.00550	0.00534	0.00114	0.00524	0.00441	0.00456	0.72276
57	0.00919	0.00659	0.00859	0.00996	0.01056	0.00628	0.00674	0.03567	0.01410	0.01882	0.03763	0.72214	0.04484	0.02135	0.00883	0.00281	0.00419	0.01932	0.00650	0.00591
58	0.01318	0.01240	0.02093	0.73798	0.04806	0.01550	0.01938	0.01783	0.01395	0.01783	0.01240	0.01860	0.00930	0.00698	0.00698	0.00233	0.00930	0.00620	0.00310	0.00775
59	0.00869	0.00621	0.00831	0.00993	0.01041	0.00583	0.00680	0.01004	0.01354	0.01802	0.03836	0.70484	0.04575	0.02169	0.00896	0.00286	0.00421	0.06337	0.00647	0.00572
60	0.02607	0.03326	0.01978	0.01798	0.02157	0.72674	0.01348	0.02787	0.01978	0.01708	0.01079	0.01258	0.00899	0.00719	0.00629	0.00180	0.01258	0.00449	0.00360	0.00809
61	0.00997	0.00748	0.01121	0.01121	0.01246	0.00872	0.00872	0.01246	0.01121	0.01620	0.01869	0.02741	0.01745	0.05234	0.72710	0.01121	0.01869	0.00748	0.00374	0.00623
62	0.00849	0.00693	0.00750	0.00767	0.00965	0.00595	0.00563	0.01037	0.01602	0.01984	0.14568	0.16437	0.53194	0.01785	0.00834	0.00241	0.00358	0.01521	0.00663	0.00595
63	0.00917	0.00699	0.00942	0.01057	0.01094	0.00723	0.00735	0.01042	0.01309	0.01771	0.03555	0.67718	0.04248	0.02090	0.01030	0.00286	0.07737	0.01847	0.00614	0.00586
64	0.01212	0.00606	0.00909	0.00909	0.00909	0.00606	0.00606	0.00909	0.00909	0.01212	0.01212	0.02121	0.01212	0.02424	0.02727	0.79697	0.00606	0.00606	0.00303	0.00303
65	0.00864	0.00671	0.00790	0.00861	0.01005	0.00596	0.00620	0.01038	0.01517	0.01928	0.10846	0.35273	0.34379	0.01923	0.00859	0.00259	0.00388	0.04940	0.00658	0.00588
66	0.01452	0.03540	0.68919	0.01973	0.02984	0.01644	0.02525	0.05017	0.01549	0.02302	0.01270	0.01482	0.00897	0.00670	0.00664	0.00221	0.01020	0.00520	0.00312	0.01038
67	0.01866	0.75896	0.03657	0.01194	0.01791	0.02761	0.01194	0.02090	0.01418	0.01642	0.00970	0.01119	0.00896	0.00597	0.00448	0.00149	0.00746	0.00373	0.00299	0.00896
68	0.00851	0.00625	0.00799	0.00931	0.01003	0.00573	0.00632	0.00988	0.01394	0.01832	0.06643	0.62912	0.14056	0.02100	0.00879	0.00274	0.00395	0.01886	0.00652	0.00573
69	0.04740	0.00915	0.05755	0.01053	0.01247	0.00749	0.00865	0.01251	0.01510	0.02081	0.12536	0.34610	0.13522	0.01801	0.00850	0.00269	0.00485	0.14498	0.00628	0.00638
70	0.04527	0.08366	0.08780	0.04282	0.12287	0.14356	0.04310	0.09915	0.05104	0.13134	0.03218	0.03578	0.01373	0.00794	0.00711	0.00209	0.02944	0.00630	0.00494	0.00988
71	0.01707	0.01227	0.03964	0.01290	0.01567	0.01258	0.01067	0.07413	0.01604	0.15673	0.05635	0.07403	0.07287	0.05641	0.07270	0.00338	0.17589	0.02947	0.03202	0.05918
72	0.01932	0.01166	0.01416	0.03412	0.01622	0.01202	0.00968	0.20362	0.02034	0.17811	0.04806	0.18693	0.05987	0.01410	0.03160	0.02929	0.02570	0.01015	0.06617	0.00888
73	0.25093	0.04230	0.04261	0.08762	0.23365	0.07566	0.04964	0.07451	0.01625	0.02598	0.03190	0.01600	0.01116	0.00683	0.00612	0.00210	0.00790	0.00553	0.00407	0.00924

[dist]
# distance from previous block
# <min> <max>
1	7

[block]
# block no. 2 follows, 30 sequences, length 21
# corresponding to MSA columns:
# 136-156
name=unknown_C
#
# <colnr> <probs for GDERKNQSTAVLIFYWHMCP>
#	G	D	E	R	K	N	Q	S	T	A	V	L	I	F	Y	W	H	M	C	P
0	0.05961	0.05462	0.25261	0.04112	0.06608	0.06615	0.07556	0.08302	0.07340	0.04322	0.01614	0.06553	0.01321	0.00794	0.00671	0.00213	0.00860	0.00665	0.00432	0.05337
1	0.01192	0.00764	0.00937	0.00869	0.01091	0.00679	0.00656	0.01450	0.01809	0.10704	0.38787	0.07706	0.25355	0.03789	0.00896	0.00240	0.00382	0.01276	0.00728	0.00690
2	0.01462	0.01311	0.01898	0.17986	0.12375	0.01569	0.01465	0.07457	0.01523	0.02124	0.04911	0.06531	0.07555	0.01196	0.03210	0.00274	0.22675	0.00803	0.02862	0.00814
3	0.80405	0.01350	0.01026	0.00918	0.01350	0.01565	0.00756	0.02051	0.01188	0.03131	0.00972	0.01134	0.00756	0.00648	0.00432	0.00216	0.00540	0.00378	0.00432	0.00756
4	0.00852	0.00689	0.00758	0.00782	0.00970	0.00594	0.00571	0.01040	0.01595	0.01993	0.15361	0.19730	0.49022	0.01801	0.00837	0.00243	0.00360	0.01542	0.00665	0.00594
5	0.01866	0.75896	0.03657	0.01194	0.01791	0.02761	0.01194	0.02090	0.01418	0.01642	0.00970	0.01119	0.00896	0.00597	0.00448	0.00149	0.00746	0.00373	0.00299	0.00896
6	0.00836	0.00707	0.00723	0.00719	0.00950	0.00594	0.00539	0.01024	0.01618	0.01951	0.11653	0.06608	0.66215	0.01743	0.00825	0.00234	0.00352	0.01458	0.00657	0.00594
7	0.80405	0.01350	0.01026	0.00918	0.01350	0.01565	0.00756	0.02051	0.01188	0.03131	0.00972	0.01134	0.00756	0.00648	0.00432	0.00216	0.00540	0.00378	0.00432	0.00756
8	0.01691	0.01239	0.01315	0.01190	0.01526	0.01385	0.00924	0.03095	0.46426	0.06763	0.02674	0.02590	0.02009	0.00904	0.00646	0.00214	0.00490	0.00744	0.23194	0.00980
9	0.80405	0.01350	0.01026	0.00918	0.01350	0.01565	0.00756	0.02051	0.01188	0.03131	0.00972	0.01134	0.00756	0.00648	0.00432	0.00216	0.00540	0.00378	0.00432	0.00756
10	0.03057	0.01306	0.01693	0.01298	0.01840	0.01201	0.01072	0.13502	0.02196	0.61224	0.02587	0.02267	0.01644	0.00860	0.00701	0.00215	0.00621	0.00690	0.00838	0.01187
11	0.01928	0.01396	0.01518	0.01241	0.01630	0.01487	0.00996	0.39029	0.02577	0.03519	0.14067	0.05463	0.11258	0.01098	0.00718	0.00212	0.00580	0.00891	0.09452	0.00941
12	0.01491	0.00746	0.00783	0.00734	0.00941	0.00743	0.00563	0.04666	0.01581	0.07646	0.02285	0.02545	0.01758	0.00818	0.00512	0.00168	0.00364	0.00653	0.70291	0.00712
13	0.00846	0.00708	0.00736	0.00729	0.00955	0.00598	0.00547	0.01042	0.01640	0.02002	0.15228	0.06523	0.62608	0.01724	0.00825	0.00234	0.00350	0.01446	0.00663	0.00598
14	0.00997	0.00748	0.01121	0.01121	0.01246	0.00872	0.00872	0.01246	0.01121	0.01620	0.01869	0.02741	0.01745	0.05234	0.72710	0.01121	0.01869	0.00748	0.00374	0.00623
15	0.01778	0.01302	0.01504	0.01113	0.01682	0.01109	0.00897	0.12254	0.01782	0.09016	0.01524	0.01653	0.01177	0.00620	0.00560	0.00135	0.00548	0.00491	0.06348	0.54506
16	0.00849	0.00613	0.00804	0.00957	0.01008	0.00568	0.00641	0.00973	0.01351	0.01787	0.04030	0.71123	0.08393	0.02162	0.00887	0.00281	0.00402	0.01955	0.00648	0.00568
17	0.00858	0.00613	0.00816	0.00967	0.01014	0.00572	0.00648	0.00990	0.01371	0.01836	0.07457	0.71253	0.04722	0.02145	0.00887	0.00280	0.00401	0.01945	0.00654	0.00572
18	0.11834	0.01020	0.01229	0.01026	0.01379	0.00957	0.00791	0.02417	0.01605	0.38018	0.02549	0.05396	0.04031	0.17529	0.01299	0.00318	0.00572	0.00797	0.06347	0.00886
19	0.02747	0.01262	0.01603	0.01251	0.01747	0.01180	0.01025	0.14987	0.02211	0.50043	0.08999	0.02697	0.05073	0.00950	0.00718	0.00216	0.00591	0.00773	0.00815	0.01113
20	0.01723	0.01662	0.02493	0.17556	0.37866	0.07941	0.06358	0.02190	0.04312	0.04537	0.05419	0.01981	0.01428	0.00711	0.00704	0.00214	0.00864	0.00666	0.00397	0.00978

[dist]
# distance from previous block
# <min> <max>
0	2

[block]
# block no. 3 follows, 30 sequences, length 39
# corresponding to MSA columns:
# 159-197
name=unknown_D
#
# <colnr> <probs for GDERKNQSTAVLIFYWHMCP>
#	G	D	E	R	K	N	Q	S	T	A	V	L	I	F	Y	W	H	M	C	P
0	0.01551	0.01413	0.01919	0.09687	0.26872	0.06278	0.01484	0.03957	0.05451	0.04060	0.02646	0.06482	0.12146	0.01196	0.02957	0.00259	0.03077	0.07204	0.00476	0.00883
1	0.01727	0.01792	0.01699	0.03968	0.10691	0.23305	0.01225	0.04462	0.06250	0.01912	0.01669	0.05305	0.01543	0.08741	0.19061	0.00481	0.04264	0.00706	0.00412	0.00786
2	0.25065	0.01679	0.04504	0.10523	0.17867	0.06050	0.05399	0.08248	0.01587	0.02602	0.01240	0.01557	0.00982	0.00713	0.00719	0.00218	0.05800	0.00548	0.03799	0.00897
3	0.01425	0.00904	0.01065	0.01013	0.01104	0.04985	0.00714	0.05970	0.04317	0.01649	0.01392	0.02098	0.01278	0.02023	0.02199	0.59770	0.00632	0.00610	0.06394	0.00458
4	0.01832	0.01781	0.04106	0.15548	0.18339	0.09592	0.07422	0.10589	0.01724	0.04748	0.01364	0.01808	0.01108	0.03100	0.03193	0.00268	0.11518	0.00634	0.00401	0.00925
5	0.01113	0.00799	0.01108	0.01262	0.01426	0.00795	0.01101	0.01428	0.01606	0.02080	0.03828	0.07826	0.06651	0.01921	0.00958	0.00318	0.00631	0.63865	0.00643	0.00640
6	0.01025	0.00826	0.00953	0.00958	0.01134	0.00822	0.00701	0.01475	0.11928	0.02126	0.14773	0.25501	0.26824	0.04092	0.00964	0.00264	0.02862	0.01442	0.00657	0.00672
7	0.32223	0.01224	0.01351	0.01092	0.01574	0.01212	0.00899	0.02811	0.01667	0.42614	0.02059	0.01917	0.01363	0.00780	0.00590	0.00213	0.00561	0.00577	0.04271	0.01000
8	0.01405	0.01153	0.01280	0.01219	0.01489	0.01268	0.00917	0.04601	0.39158	0.02587	0.09625	0.23853	0.05772	0.01376	0.00777	0.00248	0.00488	0.01198	0.00695	0.00891
9	0.01473	0.14935	0.61174	0.01864	0.02828	0.01799	0.02361	0.02191	0.01465	0.02121	0.01208	0.01418	0.00886	0.00653	0.00629	0.00210	0.00987	0.00493	0.00295	0.01010
10	0.01286	0.01048	0.01301	0.01440	0.11530	0.01025	0.00935	0.11174	0.04088	0.02512	0.17460	0.09582	0.31101	0.01400	0.00787	0.00228	0.00489	0.01197	0.00636	0.00781
11	0.01924	0.52038	0.03080	0.01491	0.07092	0.11617	0.01238	0.02158	0.01543	0.04330	0.03719	0.04493	0.01305	0.00722	0.00532	0.00168	0.00785	0.00514	0.00363	0.00889
12	0.01771	0.09272	0.17358	0.04429	0.09116	0.05201	0.05531	0.09720	0.03354	0.04907	0.01396	0.01598	0.01075	0.00655	0.00620	0.00181	0.00800	0.00536	0.02590	0.19889
13	0.01749	0.13658	0.24077	0.04501	0.05544	0.03886	0.05301	0.11059	0.10759	0.04481	0.01832	0.04749	0.03767	0.00815	0.00667	0.00213	0.00830	0.00665	0.00454	0.00993
14	0.02572	0.02258	0.01989	0.01609	0.02094	0.21093	0.01290	0.47592	0.02837	0.03582	0.01545	0.01610	0.01140	0.00804	0.00669	0.00199	0.00878	0.00581	0.04602	0.01058
15	0.01100	0.00778	0.00950	0.00922	0.01099	0.00744	0.00682	0.01364	0.03761	0.06663	0.23910	0.18020	0.24171	0.06366	0.03211	0.00295	0.03294	0.01350	0.00663	0.00658
16	0.01613	0.07373	0.29420	0.02020	0.09209	0.07201	0.07739	0.04409	0.10438	0.02257	0.01855	0.02248	0.04458	0.03064	0.00778	0.00233	0.00895	0.03414	0.00411	0.00964
17	0.01671	0.01148	0.01354	0.01182	0.01454	0.01274	0.00935	0.19828	0.05836	0.05595	0.02094	0.02497	0.03618	0.04577	0.20846	0.02665	0.04670	0.00714	0.17218	0.00824
18	0.03131	0.01188	0.01619	0.01242	0.01781	0.01026	0.01026	0.03401	0.01997	0.71606	0.02753	0.02375	0.01727	0.00864	0.00702	0.00216	0.00594	0.00702	0.00864	0.01188
19	0.01488	0.01324	0.02150	0.20188	0.14792	0.01397	0.11654	0.04419	0.09245	0.04482	0.07086	0.10686	0.06066	0.00988	0.00755	0.00233	0.00756	0.00922	0.00489	0.00880
20	0.10114	0.04314	0.17055	0.08642	0.18707	0.06581	0.05144	0.08616	0.01713	0.07511	0.01474	0.04451	0.01172	0.00743	0.00663	0.00215	0.00856	0.00623	0.00424	0.00981
21	0.02460	0.03051	0.01979	0.01773	0.02127	0.62758	0.03317	0.02734	0.04846	0.01809	0.01205	0.01393	0.00991	0.00743	0.00681	0.00187	0.03279	0.00487	0.03361	0.00818
22	0.00946	0.00712	0.00875	0.00834	0.01017	0.00641	0.00625	0.01236	0.01876	0.02563	0.54355	0.05600	0.23130	0.01514	0.00823	0.00224	0.00335	0.01316	0.00737	0.00641
23	0.01756	0.02131	0.25525	0.06972	0.24754	0.01451	0.04196	0.02270	0.01607	0.13764	0.03801	0.05594	0.01470	0.00784	0.00702	0.00220	0.00838	0.00695	0.00441	0.01027
24	0.05145	0.01916	0.04075	0.32543	0.08534	0.19254	0.01654	0.04478	0.05752	0.04364	0.01340	0.01698	0.01034	0.00746	0.00750	0.00219	0.04672	0.00577	0.00385	0.00862
25	0.02607	0.03326	0.01978	0.01798	0.02157	0.72674	0.01348	0.02787	0.01978	0.01708	0.01079	0.01258	0.00899	0.00719	0.00629	0.00180	0.01258	0.00449	0.00360	0.00809
26	0.11849	0.04900	0.09693	0.02101	0.12082	0.25454	0.05647	0.08204	0.01747	0.02286	0.01169	0.01433	0.00946	0.00743	0.00809	0.00211	0.08910	0.00526	0.00381	0.00908
27	0.00864	0.00616	0.00817	0.00973	0.01015	0.00578	0.00653	0.00987	0.01331	0.01774	0.03778	0.70366	0.04518	0.05008	0.00996	0.00300	0.00422	0.03803	0.00639	0.00563
28	0.04226	0.10084	0.25989	0.02322	0.06662	0.01772	0.29341	0.02234	0.04006	0.02234	0.01373	0.01684	0.01039	0.00638	0.00696	0.00217	0.00994	0.00643	0.02882	0.00965
29	0.09622	0.20947	0.07703	0.01809	0.09310	0.12075	0.01450	0.09946	0.03706	0.02273	0.01172	0.01414	0.00978	0.00777	0.00879	0.00209	0.13919	0.00506	0.00385	0.00919
30	0.01067	0.05725	0.01201	0.01121	0.03218	0.00864	0.02929	0.03299	0.01393	0.01862	0.03291	0.44955	0.07593	0.10792	0.04174	0.00344	0.00565	0.01508	0.03474	0.00626
31	0.00854	0.00708	0.00748	0.00738	0.00961	0.00602	0.00553	0.01059	0.01660	0.02051	0.18617	0.06443	0.59189	0.01706	0.00824	0.00233	0.00349	0.01435	0.00670	0.00602
32	0.01664	0.05444	0.24840	0.07072	0.17247	0.04469	0.06487	0.04901	0.16280	0.02386	0.01613	0.01807	0.01226	0.00718	0.00683	0.00218	0.00876	0.00620	0.00417	0.01031
33	0.00950	0.00708	0.00883	0.00847	0.01021	0.00641	0.00632	0.01241	0.01876	0.02579	0.55620	0.07992	0.19388	0.01522	0.00826	0.00225	0.00337	0.01330	0.00740	0.00641
34	0.01245	0.01005	0.01406	0.04100	0.16279	0.01013	0.01055	0.05597	0.01608	0.02203	0.12104	0.08095	0.15899	0.07636	0.10949	0.00385	0.00745	0.03393	0.04532	0.00748
35	0.04654	0.03965	0.06399	0.10107	0.22090	0.01488	0.06228	0.04174	0.04185	0.12256	0.01733	0.07384	0.01436	0.00818	0.00749	0.00215	0.03652	0.00717	0.00467	0.07284
36	0.01387	0.01277	0.02064	0.01625	0.02002	0.04733	0.22815	0.01855	0.04776	0.05023	0.36369	0.03781	0.07053	0.01092	0.00804	0.00224	0.00672	0.01047	0.00608	0.00793
37	0.01820	0.20213	0.15933	0.02324	0.21278	0.09523	0.04147	0.02283	0.03845	0.04560	0.01293	0.01517	0.01039	0.00644	0.00612	0.00187	0.00865	0.00522	0.00362	0.07032
38	0.12408	0.12347	0.11881	0.03843	0.16998	0.01772	0.10962	0.07556	0.03940	0.06851	0.01488	0.04324	0.01198	0.00726	0.00646	0.00211	0.00812	0.00629	0.00428	0.00980

[dist]
# distance from previous block
# <min> <max>
0	2

[block]
# block no. 4 follows, 30 sequences, length 10
# corresponding to MSA columns:
# 200-209
name=unknown_E
#
# <colnr> <probs for GDERKNQSTAVLIFYWHMCP>
#	G	D	E	R	K	N	Q	S	T	A	V	L	I	F	Y	W	H	M	C	P
0	0.16604	0.15123	0.19913	0.03857	0.02315	0.08262	0.06256	0.08646	0.08425	0.02505	0.01344	0.01501	0.01029	0.00694	0.00600	0.00206	0.00845	0.00522	0.00411	0.00944
1	0.01793	0.04408	0.01855	0.04093	0.06540	0.10199	0.04799	0.11255	0.25090	0.02647	0.04781	0.02919	0.07040	0.00986	0.00716	0.00224	0.00714	0.05537	0.03456	0.00948
2	0.00953	0.00718	0.00813	0.00827	0.01026	0.00634	0.00620	0.01143	0.01565	0.04369	0.10563	0.15173	0.45932	0.04406	0.03502	0.00292	0.00451	0.05753	0.00646	0.00611
3	0.00904	0.00643	0.00781	0.00869	0.00918	0.00607	0.00557	0.00990	0.01255	0.01646	0.03648	0.42966	0.11479	0.27352	0.01799	0.00413	0.00492	0.01592	0.00570	0.00520
4	0.01700	0.07068	0.06447	0.08250	0.29847	0.04143	0.10649	0.04291	0.01643	0.05105	0.03986	0.05326	0.01484	0.00759	0.00688	0.00210	0.00820	0.00710	0.05913	0.00961
5	0.21850	0.18354	0.18184	0.01674	0.07577	0.01914	0.04245	0.06661	0.09051	0.02548	0.01332	0.01483	0.01036	0.00681	0.00573	0.00204	0.00763	0.00508	0.00409	0.00951
6	0.01474	0.00882	0.01111	0.01001	0.01238	0.00850	0.00758	0.06503	0.01762	0.14917	0.24284	0.09169	0.11594	0.10490	0.10408	0.00394	0.00657	0.01095	0.00667	0.00746
7	0.00945	0.00677	0.00844	0.00893	0.00986	0.00638	0.00621	0.01113	0.01477	0.01985	0.21730	0.27471	0.11290	0.19473	0.01509	0.00358	0.00462	0.06338	0.00626	0.00565
8	0.04444	0.22350	0.22123	0.04291	0.08978	0.07188	0.04116	0.02092	0.01494	0.02020	0.01329	0.01868	0.01151	0.00747	0.00676	0.00201	0.03546	0.05288	0.00346	0.05751
9	0.04172	0.23120	0.22811	0.01829	0.08761	0.05976	0.04012	0.02285	0.06133	0.04826	0.01414	0.01692	0.01137	0.00725	0.00671	0.00202	0.03778	0.02012	0.03492	0.00952

[dist]
# distance from previous block
# <min> <max>
0	7

[block]
# block no. 5 follows, 30 sequences, length 18
# corresponding to MSA columns:
# 217-234
name=unknown_F
#
# <colnr> <probs for GDERKNQSTAVLIFYWHMCP>
#	G	D	E	R	K	N	Q	S	T	A	V	L	I	F	Y	W	H	M	C	P
0	0.12451	0.05315	0.23072	0.01715	0.07880	0.06239	0.04129	0.01995	0.03697	0.02374	0.14476	0.05019	0.04342	0.00917	0.00730	0.00220	0.03370	0.00742	0.00451	0.00867
1	0.03818	0.08427	0.04141	0.08607	0.08518	0.04083	0.12839	0.02244	0.15092	0.02307	0.08342	0.02523	0.06171	0.00982	0.02943	0.00240	0.00776	0.00758	0.02970	0.04220
2	0.01053	0.00791	0.01139	0.01239	0.05954	0.00872	0.00834	0.01243	0.01124	0.01591	0.01923	0.03184	0.01923	0.24671	0.48265	0.00933	0.01462	0.00814	0.00386	0.00600
3	0.01846	0.39014	0.02835	0.01435	0.01873	0.05307	0.03692	0.06998	0.10301	0.02071	0.01322	0.01514	0.01119	0.00785	0.00854	0.00198	0.13958	0.00518	0.03453	0.00908
4	0.01015	0.00677	0.00761	0.00761	0.00761	0.00677	0.00423	0.01015	0.01015	0.01353	0.02199	0.04567	0.02537	0.75476	0.03552	0.00677	0.00677	0.01015	0.00423	0.00423
5	0.01499	0.01008	0.01067	0.00983	0.01240	0.01088	0.00755	0.07943	0.21199	0.02825	0.07339	0.05868	0.02300	0.00957	0.00611	0.00197	0.00432	0.00790	0.41077	0.00823
6	0.01044	0.00754	0.01027	0.01176	0.01316	0.00737	0.00979	0.01311	0.01546	0.02007	0.03962	0.22496	0.08780	0.01973	0.00938	0.00307	0.00570	0.47811	0.00644	0.00622
7	0.01301	0.00650	0.00650	0.00650	0.00813	0.00650	0.00488	0.01626	0.01463	0.02602	0.02276	0.02602	0.01789	0.00813	0.00488	0.00163	0.00325	0.00650	0.79350	0.00650
8	0.02607	0.03326	0.01978	0.01798	0.02157	0.72674	0.01348	0.02787	0.01978	0.01708	0.01079	0.01258	0.00899	0.00719	0.00629	0.00180	0.01258	0.00449	0.00360	0.00809
9	0.01447	0.01240	0.01447	0.01034	0.01654	0.00930	0.00827	0.01757	0.01447	0.02274	0.01240	0.01447	0.01034	0.00517	0.00517	0.00103	0.00517	0.00413	0.00413	0.79742
10	0.01447	0.01240	0.01447	0.01034	0.01654	0.00930	0.00827	0.01757	0.01447	0.02274	0.01240	0.01447	0.01034	0.00517	0.00517	0.00103	0.00517	0.00413	0.00413	0.79742
11	0.01015	0.00677	0.00761	0.00761	0.00761	0.00677	0.00423	0.01015	0.01015	0.01353	0.02199	0.04567	0.02537	0.75476	0.03552	0.00677	0.00677	0.01015	0.00423	0.00423
12	0.01010	0.00694	0.00848	0.00848	0.00878	0.00724	0.00531	0.01071	0.01041	0.01417	0.02119	0.04127	0.02346	0.58553	0.20214	0.00784	0.00964	0.00950	0.00411	0.00471
13	0.11924	0.30170	0.12992	0.04096	0.05138	0.02154	0.01439	0.17696	0.01857	0.04796	0.01258	0.01396	0.00981	0.00683	0.00564	0.00190	0.00773	0.00485	0.00428	0.00980
14	0.02216	0.08436	0.04373	0.01529	0.02028	0.07864	0.03416	0.32978	0.15845	0.05624	0.02006	0.02080	0.03666	0.03829	0.00794	0.00228	0.00763	0.00671	0.00605	0.01050
15	0.04396	0.18128	0.22896	0.01577	0.02200	0.09171	0.04388	0.04683	0.05761	0.07002	0.05110	0.04408	0.01476	0.00796	0.00679	0.00203	0.02948	0.00613	0.00430	0.03135
16	0.06498	0.07735	0.08334	0.04299	0.14305	0.08854	0.05408	0.06627	0.04097	0.09091	0.01798	0.12108	0.01611	0.00943	0.00780	0.00223	0.05111	0.00780	0.00471	0.00928
17	0.09948	0.06347	0.24663	0.01732	0.04590	0.04230	0.06277	0.08985	0.03838	0.07022	0.01475	0.01784	0.01142	0.00744	0.00706	0.00209	0.03762	0.02829	0.00433	0.09284

[dist]
# distance from previous block
# <min> <max>
2	10

[block]
# block no. 6 follows, 30 sequences, length 91
# corresponding to MSA columns:
# 245-308,310-336
name=unknown_G
#
# <colnr> <probs for GDERKNQSTAVLIFYWHMCP>
#	G	D	E	R	K	N	Q	S	T	A	V	L	I	F	Y	W	H	M	C	P
0	0.07518	0.01627	0.03933	0.06923	0.15661	0.05822	0.01357	0.10684	0.13826	0.02618	0.03743	0.02158	0.05673	0.00820	0.00718	0.00205	0.03413	0.00660	0.00496	0.12146
1	0.11658	0.06883	0.12440	0.01603	0.07027	0.03814	0.05054	0.10501	0.01756	0.09792	0.04430	0.04300	0.05672	0.03192	0.00737	0.00217	0.00722	0.00680	0.00497	0.09024
2	0.01707	0.04428	0.04611	0.16818	0.28394	0.04116	0.03905	0.10273	0.03696	0.02396	0.04165	0.04558	0.01422	0.00782	0.00747	0.00215	0.03291	0.00684	0.00418	0.03376
3	0.01438	0.01296	0.02213	0.52430	0.13906	0.01499	0.05825	0.01881	0.01458	0.04078	0.01425	0.04097	0.01131	0.00735	0.00702	0.00228	0.00882	0.00677	0.03264	0.00834
4	0.01570	0.01403	0.05854	0.09186	0.07087	0.01226	0.03804	0.04557	0.10033	0.06882	0.01948	0.10526	0.01719	0.00882	0.00669	0.00192	0.00648	0.02821	0.00500	0.28491
5	0.04260	0.01626	0.11300	0.04229	0.04177	0.01271	0.06206	0.02176	0.04194	0.13011	0.01608	0.04110	0.01265	0.00732	0.00743	0.00184	0.05903	0.00595	0.00469	0.31943
6	0.01600	0.01291	0.01501	0.01084	0.01696	0.01025	0.00871	0.06745	0.01603	0.05097	0.01330	0.01500	0.01072	0.00554	0.00537	0.00115	0.00538	0.00440	0.00452	0.70949
7	0.01866	0.01735	0.02165	0.29944	0.12676	0.09931	0.01680	0.18023	0.01915	0.02478	0.01308	0.01686	0.01015	0.00763	0.00822	0.00220	0.07278	0.00595	0.00417	0.03486
8	0.08341	0.03056	0.01900	0.01707	0.02086	0.62324	0.01293	0.05293	0.01970	0.04271	0.01150	0.01303	0.00927	0.00723	0.00620	0.00185	0.01164	0.00460	0.00395	0.00832
9	0.05108	0.01177	0.01505	0.01209	0.01639	0.01138	0.00986	0.09613	0.01955	0.44199	0.06676	0.02454	0.01919	0.01220	0.06033	0.00281	0.03540	0.00714	0.07599	0.01035
10	0.01431	0.01191	0.01553	0.09624	0.04207	0.01147	0.03177	0.08241	0.03715	0.02229	0.01848	0.12841	0.01806	0.11220	0.01105	0.00252	0.02821	0.00811	0.00467	0.30315
11	0.01836	0.01629	0.06717	0.01393	0.01835	0.01664	0.01172	0.16450	0.41940	0.03122	0.02410	0.02333	0.01801	0.00885	0.00673	0.00220	0.00600	0.00717	0.11551	0.01053
12	0.64044	0.01315	0.01151	0.00986	0.01441	0.01451	0.00813	0.02337	0.01359	0.17629	0.01349	0.01396	0.00961	0.00693	0.00489	0.00216	0.00551	0.00446	0.00523	0.00847
13	0.02323	0.01934	0.01989	0.01594	0.02055	0.10164	0.03865	0.43072	0.10393	0.03526	0.03960	0.02015	0.01499	0.05131	0.00911	0.00240	0.02983	0.00675	0.00621	0.01051
14	0.04911	0.11188	0.06228	0.01554	0.05904	0.08484	0.05014	0.09508	0.01873	0.12535	0.13386	0.09772	0.02489	0.01023	0.00703	0.00215	0.00709	0.03041	0.00567	0.00899
15	0.19928	0.07416	0.21108	0.01501	0.04213	0.10342	0.01432	0.06072	0.04189	0.02522	0.10191	0.02007	0.01725	0.03703	0.00728	0.00227	0.00781	0.00601	0.00442	0.00873
16	0.01424	0.03455	0.66697	0.01947	0.02932	0.01629	0.02470	0.02320	0.06497	0.02262	0.01369	0.01556	0.00976	0.00684	0.00666	0.00222	0.00996	0.00536	0.00325	0.01037
17	0.00972	0.00657	0.00873	0.00957	0.01049	0.00608	0.00665	0.01154	0.01530	0.04670	0.21487	0.53847	0.05027	0.01936	0.00866	0.00264	0.00392	0.01745	0.00688	0.00614
18	0.01559	0.01158	0.03387	0.06021	0.03806	0.01139	0.00995	0.09854	0.11689	0.09487	0.25087	0.06316	0.06104	0.06600	0.00955	0.00256	0.00544	0.00978	0.03219	0.00845
19	0.01423	0.00968	0.01114	0.01010	0.01245	0.01009	0.00766	0.04283	0.15705	0.07775	0.21461	0.03816	0.09398	0.09522	0.01091	0.00269	0.03223	0.00962	0.14181	0.00778
20	0.01623	0.09603	0.23434	0.02217	0.13609	0.01597	0.13706	0.02195	0.04083	0.06339	0.05310	0.04088	0.01487	0.00736	0.00683	0.00207	0.00854	0.00672	0.00409	0.07149
21	0.80405	0.01350	0.01026	0.00918	0.01350	0.01565	0.00756	0.02051	0.01188	0.03131	0.00972	0.01134	0.00756	0.00648	0.00432	0.00216	0.00540	0.00378	0.00432	0.00756
22	0.80405	0.01350	0.01026	0.00918	0.01350	0.01565	0.00756	0.02051	0.01188	0.03131	0.00972	0.01134	0.00756	0.00648	0.00432	0.00216	0.00540	0.00378	0.00432	0.00756
23	0.01400	0.03610	0.71860	0.01989	0.03020	0.01621	0.02578	0.02210	0.01473	0.02210	0.01252	0.01473	0.00884	0.00663	0.00663	0.00221	0.01031	0.00516	0.00295	0.01031
24	0.01055	0.00835	0.01123	0.09504	0.03738	0.00840	0.00869	0.01455	0.06312	0.02366	0.35421	0.19460	0.11388	0.01478	0.00811	0.00237	0.00448	0.01309	0.00660	0.00690
25	0.10370	0.03992	0.08847	0.06743	0.09158	0.04039	0.13615	0.09549	0.03903	0.20381	0.01722	0.01832	0.01215	0.00725	0.00680	0.00217	0.00824	0.00636	0.00530	0.01024
26	0.01014	0.00679	0.00774	0.00774	0.00779	0.00684	0.00439	0.01023	0.01019	0.01363	0.02187	0.04500	0.02508	0.72895	0.06093	0.00693	0.00720	0.01005	0.00421	0.00430
27	0.00923	0.00708	0.00846	0.00818	0.01005	0.00630	0.00611	0.01190	0.01813	0.02429	0.45133	0.08033	0.30180	0.01577	0.00826	0.00228	0.00341	0.01363	0.00720	0.00630
28	0.04144	0.01738	0.10875	0.06864	0.07739	0.01566	0.16395	0.09167	0.13213	0.02517	0.03895	0.08929	0.03902	0.00954	0.00795	0.00237	0.03044	0.02596	0.00494	0.00935
29	0.01609	0.01603	0.02541	0.29981	0.28536	0.06345	0.10056	0.02103	0.04067	0.02082	0.01367	0.01824	0.01078	0.00671	0.00700	0.00218	0.00913	0.00641	0.02737	0.00927
30	0.00922	0.00721	0.00854	0.00930	0.01111	0.00652	0.00735	0.01135	0.01555	0.01932	0.05500	0.18003	0.39388	0.01884	0.00879	0.00270	0.00452	0.21828	0.00646	0.00602
31	0.00857	0.00698	0.00761	0.00783	0.00982	0.00602	0.00583	0.01048	0.01597	0.01975	0.13188	0.15930	0.52476	0.01795	0.00839	0.00244	0.00369	0.04019	0.00660	0.00595
32	0.01712	0.21255	0.34635	0.01888	0.05136	0.10513	0.06733	0.02341	0.05738	0.02056	0.01272	0.01468	0.00986	0.00664	0.00621	0.00200	0.00961	0.00515	0.00335	0.00971
33	0.01526	0.23133	0.53440	0.01774	0.02688	0.01929	0.02204	0.02177	0.01458	0.02056	0.01176	0.01378	0.00887	0.00645	0.00605	0.00202	0.00954	0.00477	0.00296	0.00995
34	0.02653	0.01955	0.02094	0.01606	0.02164	0.02164	0.01326	0.68796	0.03281	0.04398	0.01675	0.01675	0.01187	0.00838	0.00698	0.00209	0.00768	0.00628	0.00698	0.01187
35	0.01300	0.01135	0.05633	0.01762	0.15287	0.00982	0.03178	0.01645	0.04073	0.06895	0.11234	0.28826	0.07885	0.03794	0.00890	0.00259	0.00572	0.03284	0.00582	0.00786
36	0.01543	0.02202	0.26167	0.02378	0.19558	0.03885	0.07659	0.02172	0.06615	0.04797	0.05558	0.08756	0.03838	0.00890	0.00722	0.00224	0.00835	0.00796	0.00434	0.00970
37	0.01067	0.00798	0.01016	0.01062	0.01168	0.02564	0.00782	0.01236	0.01407	0.03987	0.10066	0.37670	0.08411	0.02386	0.11527	0.03313	0.05035	0.05302	0.00586	0.00617
38	0.16919	0.01534	0.02337	0.08139	0.39158	0.01584	0.06123	0.04690	0.01553	0.04314	0.01332	0.01744	0.01093	0.03406	0.00751	0.00227	0.00780	0.00599	0.00393	0.03324
39	0.07538	0.20978	0.20229	0.04588	0.06262	0.09033	0.05409	0.04308	0.06476	0.02178	0.01272	0.01478	0.01009	0.00682	0.00647	0.00198	0.02999	0.00513	0.00366	0.03838
40	0.04336	0.01605	0.04334	0.27633	0.33103	0.03865	0.05858	0.04482	0.01584	0.02188	0.01364	0.01940	0.01117	0.00702	0.00699	0.00221	0.00885	0.02780	0.00359	0.00947
41	0.00957	0.00724	0.00821	0.00788	0.01006	0.00629	0.00594	0.01195	0.01749	0.04373	0.31116	0.06012	0.44322	0.01610	0.00820	0.00229	0.00352	0.01369	0.00700	0.00634
42	0.01684	0.01571	0.07299	0.23390	0.27045	0.01530	0.01784	0.06483	0.06179	0.07117	0.03466	0.04100	0.01423	0.00772	0.00697	0.00219	0.00794	0.00688	0.02786	0.00974
43	0.00862	0.00694	0.00768	0.00779	0.00973	0.00600	0.00573	0.01063	0.01635	0.02060	0.19831	0.15891	0.48314	0.01755	0.00834	0.00239	0.00356	0.01500	0.00673	0.00600
44	0.01001	0.00733	0.01045	0.01045	0.01144	0.00831	0.00777	0.01197	0.01099	0.01563	0.01939	0.03128	0.01912	0.20093	0.58080	0.01027	0.01617	0.00804	0.00384	0.00581
45	0.01924	0.01593	0.01684	0.01458	0.01886	0.01824	0.01150	0.17072	0.56191	0.03223	0.02601	0.02413	0.01936	0.00924	0.00708	0.00231	0.00597	0.00756	0.00708	0.01121
46	0.01907	0.01553	0.01658	0.01425	0.01843	0.01761	0.01126	0.19742	0.48114	0.03278	0.07712	0.02571	0.02234	0.00956	0.00716	0.00229	0.00589	0.00785	0.00711	0.01091
47	0.01124	0.00803	0.01124	0.01285	0.01446	0.00803	0.01124	0.01446	0.01606	0.02088	0.03695	0.07871	0.04016	0.01928	0.00964	0.00321	0.00643	0.66426	0.00643	0.00643
48	0.00916	0.00666	0.00820	0.00877	0.00973	0.00619	0.00603	0.01075	0.01466	0.01951	0.18832	0.33175	0.15361	0.15848	0.01372	0.00337	0.00438	0.03474	0.00632	0.00566
49	0.80405	0.01350	0.01026	0.00918	0.01350	0.01565	0.00756	0.02051	0.01188	0.03131	0.00972	0.01134	0.00756	0.00648	0.00432	0.00216	0.00540	0.00378	0.00432	0.00756
50	0.01439	0.01347	0.02053	0.08720	0.06208	0.01681	0.07657	0.01711	0.01313	0.01977	0.07165	0.04270	0.01630	0.01078	0.01540	0.00262	0.39354	0.00733	0.09088	0.00774
51	0.01704	0.01634	0.02790	0.08250	0.67338	0.01652	0.02130	0.02121	0.01578	0.02251	0.01308	0.01735	0.01095	0.00626	0.00691	0.00209	0.00835	0.00622	0.00343	0.01087
52	0.02411	0.01713	0.02088	0.08808	0.11470	0.01855	0.01430	0.43669	0.02665	0.11576	0.01731	0.01813	0.01234	0.00798	0.00690	0.00211	0.00756	0.00636	0.03329	0.01118
53	0.02584	0.04722	0.02086	0.01655	0.02140	0.27203	0.01323	0.41324	0.04772	0.03313	0.01477	0.01538	0.01104	0.00791	0.00666	0.00198	0.00935	0.00562	0.00566	0.01041
54	0.00911	0.00650	0.00855	0.00936	0.01008	0.00621	0.00641	0.01079	0.01445	0.01975	0.19954	0.45652	0.04688	0.09965	0.05907	0.00365	0.00512	0.01622	0.00635	0.00578
55	0.06790	0.04185	0.06376	0.01428	0.01953	0.06541	0.06082	0.17028	0.01967	0.09011	0.04020	0.06289	0.03576	0.00875	0.00664	0.00195	0.00713	0.03255	0.00540	0.18512
