[name]
unknown

[dist]
# distance from previous block
# <min> <max>
0	202

[block]
# block no. 0 follows, 34 sequences, length 21
# corresponding to MSA columns:
# 202-222
name=unknown_A
#
# <colnr> <probs for GDERKNQSTAVLIFYWHMCP>
#	G	D	E	R	K	N	Q	S	T	A	V	L	I	F	Y	W	H	M	C	P
0	0.07246	0.01523	0.01753	0.07159	0.03745	0.09497	0.01291	0.07907	0.08015	0.02030	0.01358	0.01995	0.01219	0.01087	0.03199	0.00264	0.33511	0.06038	0.00391	0.00771
1	0.01419	0.00938	0.01143	0.01029	0.01270	0.00894	0.00782	0.06543	0.05274	0.10619	0.43752	0.04239	0.10377	0.01592	0.06727	0.00297	0.00541	0.01057	0.00716	0.00787
2	0.01057	0.00801	0.00968	0.00955	0.01140	0.00693	0.00680	0.01212	0.01530	0.02118	0.22267	0.35977	0.12690	0.01619	0.00804	0.00241	0.00419	0.01396	0.00641	0.12792
3	0.01041	0.06940	0.01051	0.00856	0.01081	0.00815	0.00649	0.01201	0.01630	0.02093	0.24615	0.09935	0.42500	0.01558	0.00796	0.00236	0.00407	0.01283	0.00649	0.00663
4	0.69804	0.01287	0.01099	0.06179	0.01536	0.01493	0.00819	0.07433	0.01269	0.02905	0.00969	0.01137	0.00743	0.00617	0.00437	0.00201	0.00542	0.00384	0.00412	0.00733
5	0.81856	0.01250	0.00950	0.00850	0.01250	0.01449	0.00700	0.01899	0.01100	0.02899	0.00900	0.01050	0.00700	0.00600	0.00400	0.00200	0.00500	0.00350	0.00400	0.00700
6	0.81856	0.01250	0.00950	0.00850	0.01250	0.01449	0.00700	0.01899	0.01100	0.02899	0.00900	0.01050	0.00700	0.00600	0.00400	0.00200	0.00500	0.00350	0.00400	0.00700
7	0.01685	0.01427	0.01505	0.01331	0.01710	0.01644	0.01042	0.09652	0.65749	0.02829	0.02531	0.02332	0.01892	0.00867	0.00656	0.00217	0.00530	0.00717	0.00656	0.01030
8	0.81856	0.01250	0.00950	0.00850	0.01250	0.01449	0.00700	0.01899	0.01100	0.02899	0.00900	0.01050	0.00700	0.00600	0.00400	0.00200	0.00500	0.00350	0.00400	0.00700
9	0.00937	0.00636	0.00752	0.00752	0.00768	0.00652	0.00451	0.00970	0.00954	0.01288	0.01993	0.03989	0.02245	0.67020	0.13419	0.00685	0.00783	0.00905	0.00385	0.00418
10	0.00803	0.00650	0.00713	0.00711	0.00900	0.00560	0.00528	0.00998	0.01544	0.01948	0.22785	0.10853	0.51576	0.01586	0.00768	0.00218	0.00325	0.01349	0.00628	0.00560
11	0.81856	0.01250	0.00950	0.00850	0.01250	0.01449	0.00700	0.01899	0.01100	0.02899	0.00900	0.01050	0.00700	0.00600	0.00400	0.00200	0.00500	0.00350	0.00400	0.00700
12	0.01912	0.01550	0.01880	0.13876	0.09355	0.01758	0.01346	0.32838	0.20989	0.03044	0.01720	0.01810	0.01279	0.00772	0.00690	0.00206	0.02811	0.00619	0.00548	0.00997
13	0.06412	0.01274	0.01656	0.17547	0.02247	0.05894	0.04956	0.06195	0.01563	0.21718	0.03336	0.01915	0.01310	0.00898	0.03063	0.00231	0.08677	0.00603	0.09671	0.00833
14	0.00790	0.00586	0.00727	0.00836	0.00911	0.00535	0.00565	0.00908	0.01272	0.01649	0.04123	0.57716	0.18993	0.05998	0.00944	0.00272	0.00378	0.01686	0.00589	0.00522
15	0.01886	0.01239	0.01345	0.01192	0.03733	0.05348	0.00908	0.14492	0.13819	0.18401	0.09118	0.02658	0.07874	0.00904	0.00633	0.00194	0.00531	0.00736	0.14103	0.00889
16	0.01833	0.04021	0.02136	0.04099	0.19912	0.20319	0.07918	0.08122	0.09716	0.03611	0.01485	0.01926	0.01249	0.05214	0.00844	0.00222	0.03241	0.02849	0.00410	0.00872
17	0.01605	0.01022	0.01369	0.01213	0.01440	0.01094	0.03219	0.07098	0.06036	0.18851	0.02554	0.27779	0.03949	0.01438	0.03731	0.00267	0.12894	0.01064	0.02595	0.00781
18	0.00794	0.00565	0.00748	0.00890	0.00926	0.00530	0.00590	0.00902	0.01223	0.01631	0.03489	0.73431	0.04182	0.05588	0.00941	0.00280	0.00387	0.01794	0.00590	0.00519
19	0.01508	0.01273	0.01920	0.22249	0.24394	0.01411	0.01503	0.08191	0.04964	0.05455	0.01725	0.09299	0.03226	0.00859	0.00778	0.00214	0.06745	0.00732	0.02703	0.00852
20	0.03896	0.01910	0.08734	0.03622	0.12434	0.13077	0.11576	0.12733	0.09182	0.09825	0.01572	0.03693	0.01211	0.00731	0.00690	0.00202	0.02895	0.00622	0.00461	0.00934

[dist]
# distance from previous block
# <min> <max>
0	4

[block]
# block no. 1 follows, 34 sequences, length 12
# corresponding to MSA columns:
# 227-238
name=unknown_B
#
# <colnr> <probs for GDERKNQSTAVLIFYWHMCP>
#	G	D	E	R	K	N	Q	S	T	A	V	L	I	F	Y	W	H	M	C	P
0	0.01695	0.04227	0.09174	0.06120	0.24476	0.09305	0.12163	0.04056	0.01543	0.08665	0.01536	0.08116	0.01310	0.00753	0.00684	0.00201	0.02226	0.00687	0.02170	0.00893
1	0.67770	0.05426	0.01192	0.00956	0.01364	0.07096	0.00788	0.05309	0.01260	0.02783	0.00939	0.01082	0.00736	0.00611	0.00426	0.00194	0.00571	0.00366	0.00400	0.00730
2	0.01164	0.00748	0.01042	0.00993	0.01160	0.00793	0.00768	0.01381	0.01259	0.10792	0.08553	0.06824	0.09326	0.05981	0.43357	0.00704	0.03187	0.00858	0.00474	0.00637
3	0.10731	0.08750	0.08283	0.25019	0.02703	0.03631	0.03949	0.14559	0.06867	0.04471	0.01359	0.01595	0.01017	0.00675	0.00590	0.00198	0.00746	0.00538	0.03467	0.00852
4	0.01024	0.00740	0.00888	0.00823	0.01020	0.00703	0.00623	0.01448	0.07788	0.02489	0.48725	0.04219	0.09847	0.01187	0.00697	0.00193	0.00333	0.01029	0.11538	0.04687
5	0.01453	0.01261	0.01315	0.01203	0.01504	0.03847	0.00926	0.05209	0.46984	0.02489	0.08028	0.09778	0.09310	0.01084	0.00722	0.00221	0.02243	0.00907	0.00630	0.00886
6	0.01074	0.00942	0.00975	0.01027	0.04854	0.06258	0.00713	0.01445	0.08581	0.02039	0.17578	0.13507	0.30934	0.01366	0.00721	0.00212	0.00431	0.01163	0.05534	0.00647
7	0.00847	0.00658	0.00770	0.00742	0.00924	0.00581	0.00556	0.01088	0.01669	0.02212	0.43182	0.05450	0.36072	0.01462	0.00763	0.00210	0.00315	0.01256	0.00661	0.00581
8	0.02340	0.01698	0.01815	0.01404	0.01888	0.01874	0.01156	0.64640	0.02882	0.03918	0.01603	0.01631	0.01151	0.00774	0.00628	0.00190	0.00673	0.00584	0.08102	0.01053
9	0.01323	0.01315	0.01929	0.69355	0.04239	0.07750	0.01747	0.01731	0.01338	0.01645	0.01136	0.01675	0.00859	0.00648	0.00641	0.00211	0.00888	0.00561	0.00291	0.00720
10	0.01187	0.01189	0.08278	0.01813	0.13930	0.01006	0.06458	0.01560	0.01501	0.02032	0.07691	0.05175	0.02956	0.01344	0.00804	0.00258	0.00674	0.40914	0.00506	0.00723
11	0.01356	0.01355	0.07606	0.01060	0.01651	0.00972	0.00924	0.01797	0.06568	0.02144	0.01259	0.01421	0.01020	0.00520	0.00503	0.00114	0.00522	0.00417	0.00394	0.68397

[dist]
# distance from previous block
# <min> <max>
0	1

[block]
# block no. 2 follows, 34 sequences, length 63
# corresponding to MSA columns:
# 240-302
name=unknown_C
#
# <colnr> <probs for GDERKNQSTAVLIFYWHMCP>
#	G	D	E	R	K	N	Q	S	T	A	V	L	I	F	Y	W	H	M	C	P
0	0.66120	0.01309	0.01282	0.01071	0.01485	0.01482	0.06571	0.04305	0.01229	0.05868	0.01025	0.01187	0.00781	0.00630	0.00513	0.00204	0.03367	0.00413	0.00415	0.00745
1	0.01470	0.01172	0.04564	0.04729	0.01649	0.00942	0.00901	0.06665	0.01525	0.10198	0.03557	0.11098	0.06609	0.00838	0.00593	0.00157	0.00517	0.00704	0.00488	0.41624
2	0.09363	0.01875	0.02351	0.04299	0.21553	0.19891	0.16214	0.02052	0.01476	0.01955	0.01195	0.01673	0.01021	0.02548	0.00838	0.00214	0.07901	0.02419	0.00337	0.00827
3	0.01466	0.01580	0.05226	0.51164	0.03694	0.12513	0.04389	0.01850	0.01374	0.03214	0.01140	0.01610	0.00875	0.00684	0.00752	0.00212	0.06651	0.00554	0.00306	0.00747
4	0.00820	0.00664	0.00738	0.00776	0.00965	0.00582	0.00603	0.01008	0.01466	0.01794	0.07441	0.11836	0.53292	0.01685	0.00792	0.00236	0.00379	0.13765	0.00602	0.00555
5	0.02106	0.01636	0.01742	0.01416	0.01870	0.01840	0.01143	0.43215	0.31500	0.03508	0.01996	0.01906	0.01459	0.00817	0.00651	0.00204	0.00629	0.00643	0.00651	0.01067
6	0.01122	0.00561	0.00842	0.00842	0.00842	0.00561	0.00561	0.00842	0.00842	0.01122	0.01122	0.01964	0.01122	0.02245	0.02525	0.81201	0.00561	0.00561	0.00281	0.00281
7	0.01523	0.07178	0.07457	0.01536	0.04193	0.08658	0.04639	0.08596	0.07527	0.02002	0.01993	0.08486	0.08700	0.02975	0.01123	0.00235	0.21220	0.00754	0.00420	0.00783
8	0.01650	0.46670	0.23740	0.01502	0.05576	0.02097	0.03174	0.02034	0.01368	0.05354	0.01083	0.01235	0.00878	0.00584	0.00504	0.00165	0.00774	0.00420	0.00305	0.00890
9	0.00807	0.00591	0.00759	0.00855	0.00935	0.00543	0.00589	0.00961	0.01372	0.01831	0.16429	0.55528	0.12717	0.01852	0.00806	0.00247	0.00357	0.01660	0.00620	0.00543
10	0.01486	0.02226	0.33604	0.02150	0.16399	0.03039	0.09522	0.02011	0.01439	0.06792	0.02741	0.03873	0.01202	0.00694	0.00676	0.00202	0.03012	0.00605	0.07423	0.00907
11	0.01657	0.01711	0.08894	0.16285	0.28222	0.07162	0.01658	0.10160	0.07166	0.04315	0.01560	0.04212	0.02696	0.00723	0.00645	0.00201	0.00778	0.00627	0.00404	0.00923
12	0.01974	0.10958	0.04970	0.01865	0.13355	0.21364	0.05198	0.13950	0.01845	0.06710	0.05376	0.01683	0.01315	0.00801	0.02453	0.00202	0.00847	0.00555	0.03699	0.00881
13	0.81856	0.01250	0.00950	0.00850	0.01250	0.01449	0.00700	0.01899	0.01100	0.02899	0.00900	0.01050	0.00700	0.00600	0.00400	0.00200	0.00500	0.00350	0.00400	0.00700
14	0.00782	0.00583	0.00728	0.00844	0.00923	0.00530	0.00575	0.00906	0.01291	0.01671	0.04240	0.60804	0.19902	0.01936	0.00811	0.00252	0.00364	0.01729	0.00600	0.00530
15	0.01345	0.01163	0.01410	0.03901	0.04306	0.00908	0.00850	0.01641	0.01343	0.02088	0.01151	0.01364	0.00956	0.00488	0.00491	0.00104	0.00504	0.00397	0.00377	0.75213
16	0.04361	0.04585	0.17325	0.02327	0.25918	0.05291	0.01670	0.18094	0.03368	0.07090	0.02981	0.01609	0.01143	0.00672	0.00622	0.00194	0.00773	0.00555	0.00434	0.00991
17	0.22556	0.27264	0.02163	0.01221	0.01677	0.11858	0.04512	0.05880	0.01421	0.02114	0.01021	0.01214	0.00859	0.00750	0.03065	0.00196	0.03054	0.00413	0.00352	0.08409
18	0.01324	0.01073	0.01168	0.01072	0.01345	0.01179	0.00819	0.02481	0.42116	0.02534	0.20309	0.03339	0.07824	0.03924	0.00776	0.00226	0.00437	0.00881	0.06339	0.00834
19	0.01790	0.06294	0.01757	0.01546	0.07636	0.06736	0.01139	0.15966	0.35890	0.02706	0.03576	0.02024	0.01611	0.00811	0.00680	0.00202	0.03421	0.00641	0.04612	0.00964
20	0.06337	0.01186	0.01514	0.01170	0.01659	0.01099	0.00965	0.11832	0.01969	0.59564	0.04277	0.02136	0.01618	0.00802	0.00641	0.00199	0.00562	0.00642	0.00759	0.01068
21	0.00909	0.00660	0.00856	0.00807	0.00962	0.00607	0.00605	0.01208	0.01816	0.02560	0.70455	0.04878	0.08582	0.01333	0.00762	0.00204	0.00306	0.01176	0.00707	0.00607
22	0.00858	0.00658	0.00785	0.00753	0.00930	0.00586	0.00565	0.01110	0.01695	0.02273	0.47963	0.05350	0.31253	0.01440	0.00763	0.00209	0.00313	0.01242	0.00669	0.00586
23	0.02417	0.02966	0.01841	0.01649	0.01998	0.68203	0.01247	0.08703	0.01939	0.01804	0.01048	0.01200	0.00856	0.00676	0.00588	0.00169	0.01125	0.00431	0.00361	0.00780
24	0.00935	0.00638	0.00832	0.00892	0.00995	0.00601	0.00635	0.01166	0.03251	0.04256	0.24698	0.45928	0.04590	0.01694	0.00787	0.00239	0.00368	0.03807	0.03101	0.00586
25	0.02671	0.01117	0.01461	0.01150	0.01619	0.01020	0.00940	0.03123	0.10712	0.62032	0.02543	0.02234	0.01649	0.00808	0.00643	0.00200	0.00536	0.00658	0.03814	0.01071
26	0.81856	0.01250	0.00950	0.00850	0.01250	0.01449	0.00700	0.01899	0.01100	0.02899	0.00900	0.01050	0.00700	0.00600	0.00400	0.00200	0.00500	0.00350	0.00400	0.00700
27	0.01493	0.01789	0.07201	0.02629	0.03280	0.01597	0.65565	0.02036	0.01509	0.02057	0.01363	0.03814	0.01064	0.00589	0.00757	0.00218	0.01063	0.00778	0.00332	0.00866
28	0.02369	0.03012	0.01931	0.01718	0.02067	0.71016	0.04760	0.02554	0.01816	0.01606	0.01014	0.01194	0.00840	0.00660	0.00592	0.00169	0.01161	0.00434	0.00333	0.00755
29	0.00896	0.00680	0.00817	0.00779	0.00949	0.00624	0.00579	0.01194	0.03888	0.02293	0.48775	0.05106	0.24294	0.05223	0.00887	0.00229	0.00334	0.01197	0.00663	0.00594
30	0.00815	0.00582	0.00781	0.00931	0.00981	0.00549	0.00648	0.00947	0.01264	0.01680	0.03546	0.69299	0.04213	0.01998	0.00832	0.00266	0.00399	0.09136	0.00599	0.00532
31	0.01818	0.67792	0.03180	0.01180	0.01703	0.12120	0.01125	0.02020	0.01382	0.01528	0.00912	0.01054	0.00830	0.00568	0.00437	0.00142	0.00754	0.00355	0.00284	0.00819
32	0.01334	0.01007	0.01201	0.00931	0.01360	0.00802	0.00721	0.01544	0.01298	0.06091	0.01614	0.02240	0.03433	0.10584	0.01006	0.05233	0.00508	0.03929	0.00419	0.54743
33	0.01596	0.01337	0.01636	0.08435	0.11545	0.01485	0.01199	0.14733	0.32402	0.02613	0.02374	0.09403	0.04624	0.00960	0.00678	0.00217	0.00596	0.02669	0.00567	0.00931
34	0.01365	0.01355	0.02442	0.43451	0.17966	0.01521	0.15221	0.01794	0.01358	0.01820	0.01178	0.01686	0.00916	0.00636	0.00740	0.00214	0.04614	0.00611	0.00301	0.00809
35	0.01318	0.01150	0.01914	0.63819	0.08439	0.01383	0.01726	0.01730	0.01341	0.05263	0.01337	0.02019	0.01052	0.00707	0.00658	0.00217	0.00827	0.04022	0.00330	0.00750
36	0.01122	0.00561	0.00842	0.00842	0.00842	0.00561	0.00561	0.00842	0.00842	0.01122	0.01122	0.01964	0.01122	0.02245	0.02525	0.81201	0.00561	0.00561	0.00281	0.00281
37	0.01898	0.01612	0.01620	0.01385	0.01792	0.06233	0.01095	0.22599	0.48145	0.03023	0.02223	0.02090	0.01654	0.00835	0.00650	0.00209	0.00608	0.00669	0.00634	0.01027
38	0.01602	0.03183	0.07106	0.01248	0.04500	0.01157	0.01035	0.09557	0.02959	0.07597	0.01315	0.01455	0.01026	0.00578	0.00577	0.00135	0.02779	0.00451	0.00432	0.51308
39	0.67350	0.04447	0.08161	0.01095	0.04652	0.01501	0.00936	0.01919	0.01150	0.02727	0.00939	0.01104	0.00731	0.00598	0.00432	0.00198	0.00563	0.00372	0.00379	0.00744
40	0.00931	0.00627	0.00728	0.00735	0.00744	0.00633	0.00428	0.00951	0.00961	0.01288	0.02092	0.07721	0.02399	0.69054	0.07615	0.00634	0.00683	0.00969	0.00399	0.00410
41	0.01593	0.01553	0.02727	0.03857	0.67153	0.01544	0.08008	0.01991	0.01476	0.02107	0.01223	0.01612	0.01020	0.00573	0.00650	0.00194	0.00796	0.00592	0.00320	0.01010
42	0.01596	0.01828	0.06636	0.02487	0.03105	0.06108	0.58104	0.02098	0.01539	0.04818	0.01415	0.04553	0.01113	0.00621	0.00743	0.00215	0.01040	0.00764	0.00354	0.00863
43	0.02176	0.05486	0.12395	0.01643	0.02068	0.59090	0.01388	0.02434	0.01746	0.01682	0.03479	0.01315	0.01010	0.00677	0.00588	0.00172	0.01089	0.00449	0.00335	0.00777
44	0.00905	0.00660	0.00851	0.00803	0.00960	0.00606	0.00602	0.01201	0.01807	0.02538	0.68788	0.04913	0.10262	0.01341	0.00762	0.00204	0.00306	0.01181	0.00704	0.00606
45	0.01116	0.00661	0.00983	0.02918	0.06023	0.00670	0.00684	0.00971	0.00939	0.01259	0.01443	0.02349	0.03723	0.10215	0.06018	0.58058	0.00641	0.00637	0.00310	0.00380
46	0.02245	0.11379	0.02003	0.01650	0.06331	0.43508	0.01226	0.06406	0.09027	0.08292	0.01337	0.01418	0.01044	0.00687	0.00584	0.00175	0.00937	0.00480	0.00418	0.00854
47	0.02456	0.01810	0.01939	0.01487	0.02004	0.02004	0.01228	0.71107	0.03038	0.04072	0.01551	0.01551	0.01099	0.00776	0.00646	0.00194	0.00711	0.00582	0.00646	0.01099
48	0.01220	0.01148	0.01938	0.75739	0.04450	0.01436	0.01794	0.01651	0.01292	0.01651	0.01148	0.01723	0.00861	0.00646	0.00646	0.00215	0.00861	0.00574	0.00287	0.00718
49	0.00856	0.00658	0.00783	0.00752	0.00930	0.00585	0.00564	0.01107	0.01692	0.02265	0.47315	0.05363	0.31906	0.01443	0.00763	0.00209	0.00313	0.01244	0.00668	0.00585
50	0.02064	0.02572	0.05677	0.01963	0.11160	0.48351	0.04501	0.02411	0.06063	0.01760	0.01184	0.01409	0.00974	0.00880	0.04376	0.00224	0.02783	0.00492	0.00348	0.00808
51	0.01785	0.01476	0.01561	0.01351	0.01748	0.01690	0.01066	0.17614	0.57624	0.02990	0.02404	0.02231	0.01789	0.00855	0.00655	0.00214	0.00553	0.00699	0.00655	0.01039
52	0.03797	0.01606	0.01579	0.01364	0.01762	0.07868	0.01074	0.17150	0.48172	0.05068	0.02227	0.02090	0.01655	0.00829	0.00642	0.00208	0.00609	0.00662	0.00626	0.01010
53	0.01725	0.01431	0.04665	0.05259	0.39083	0.01356	0.06343	0.05515	0.02968	0.13327	0.01793	0.06601	0.03452	0.02712	0.00733	0.00213	0.00717	0.00711	0.00443	0.00955
54	0.02063	0.01471	0.03586	0.01322	0.01754	0.05033	0.02548	0.17029	0.25263	0.20879	0.04352	0.02492	0.04957	0.00891	0.00667	0.00208	0.00609	0.03230	0.00654	0.00991
55	0.00824	0.00578	0.00751	0.00884	0.00943	0.00541	0.00607	0.00959	0.01268	0.01714	0.03618	0.65407	0.07553	0.01917	0.00803	0.00255	0.00379	0.05061	0.05403	0.00534
56	0.02441	0.01157	0.01502	0.01244	0.04023	0.01087	0.00973	0.14078	0.02031	0.47506	0.14403	0.02522	0.02268	0.00877	0.00668	0.00199	0.00542	0.00725	0.00743	0.01013
57	0.01662	0.05312	0.11554	0.11572	0.29105	0.08606	0.07337	0.08577	0.01587	0.02119	0.01182	0.01513	0.00944	0.00648	0.00724	0.00199	0.05549	0.00552	0.00339	0.00918
58	0.02772	0.01091	0.01475	0.01152	0.01628	0.00958	0.00949	0.04725	0.01851	0.67771	0.02579	0.04519	0.01727	0.00864	0.00662	0.00204	0.00550	0.02670	0.00784	0.01068
59	0.00843	0.00693	0.00729	0.00707	0.00924	0.00603	0.00534	0.03278	0.01580	0.01954	0.16738	0.05848	0.60199	0.01559	0.00760	0.00215	0.00336	0.01308	0.00619	0.00574
60	0.01724	0.04040	0.12224	0.01676	0.06853	0.11476	0.09959	0.09192	0.07017	0.09509	0.05107	0.07152	0.04571	0.05606	0.00828	0.00228	0.00766	0.00742	0.00475	0.00856
61	0.01938	0.03880	0.13513	0.07688	0.17343	0.21622	0.01533	0.05844	0.01648	0.11795	0.01387	0.01630	0.01067	0.03282	0.00702	0.00202	0.00862	0.00534	0.02638	0.00890
62	0.02531	0.01325	0.01590	0.01254	0.01728	0.01331	0.01024	0.21424	0.13475	0.41813	0.02283	0.02064	0.01526	0.00804	0.00645	0.00200	0.00581	0.00643	0.02685	0.01075

[dist]
# distance from previous block
# <min> <max>
0	4

[block]
# block no. 3 follows, 34 sequences, length 12
# corresponding to MSA columns:
# 307-317,325
name=unknown_D
#
# <colnr> <probs for GDERKNQSTAVLIFYWHMCP>
#	G	D	E	R	K	N	Q	S	T	A	V	L	I	F	Y	W	H	M	C	P
0	0.05941	0.07531	0.02523	0.07199	0.39677	0.09662	0.09474	0.02071	0.03912	0.02038	0.01204	0.01523	0.00987	0.00593	0.00614	0.00188	0.00816	0.00549	0.00335	0.03162
1	0.01685	0.01011	0.01266	0.00976	0.01422	0.00823	0.00780	0.01965	0.01611	0.23004	0.19716	0.02471	0.02444	0.00785	0.00600	0.00153	0.00455	0.00659	0.00587	0.37586
2	0.03876	0.05886	0.12742	0.08145	0.22793	0.01571	0.01583	0.13290	0.08499	0.12962	0.01562	0.01688	0.01149	0.00680	0.00622	0.00197	0.00726	0.00570	0.00465	0.00993
3	0.01429	0.00944	0.01230	0.10578	0.01652	0.00959	0.00892	0.09809	0.04359	0.12496	0.40708	0.03644	0.06463	0.01094	0.00714	0.00204	0.00466	0.00943	0.00656	0.00761
4	0.00938	0.00632	0.00732	0.00732	0.00741	0.00641	0.00425	0.00957	0.00948	0.01273	0.02011	0.04092	0.02290	0.71438	0.09062	0.00660	0.00716	0.00920	0.00388	0.00406
5	0.00975	0.00702	0.00863	0.00837	0.01009	0.00654	0.00621	0.01311	0.05785	0.04765	0.42855	0.16025	0.18268	0.01446	0.00762	0.00216	0.00341	0.01266	0.00673	0.00625
6	0.01887	0.01886	0.01581	0.01413	0.01767	0.23154	0.01088	0.09857	0.40672	0.02454	0.02089	0.05891	0.01670	0.00865	0.00643	0.00203	0.00717	0.00681	0.00558	0.00923
7	0.00901	0.00746	0.00804	0.00804	0.01015	0.00696	0.00609	0.01291	0.10552	0.01933	0.10524	0.12198	0.48716	0.01559	0.00763	0.00226	0.00369	0.05068	0.00615	0.00612
8	0.01976	0.01475	0.01661	0.10852	0.02070	0.01636	0.01144	0.45185	0.06148	0.03315	0.02022	0.02091	0.06987	0.00831	0.00635	0.00195	0.00643	0.00654	0.09532	0.00946
9	0.71535	0.01313	0.01318	0.01090	0.01523	0.01473	0.09721	0.01921	0.01154	0.02792	0.00952	0.01139	0.00736	0.00593	0.00446	0.00202	0.00576	0.00403	0.00390	0.00722
10	0.00914	0.00660	0.00864	0.00813	0.00965	0.00610	0.00610	0.01219	0.01829	0.02591	0.72921	0.04827	0.06097	0.01321	0.00762	0.00203	0.00305	0.01169	0.00711	0.00610
11	0.25790	0.01457	0.04247	0.10777	0.02046	0.01511	0.01126	0.23901	0.01912	0.18983	0.01517	0.01564	0.01052	0.00706	0.00573	0.00200	0.00641	0.00524	0.00548	0.00927

[dist]
# distance from previous block
# <min> <max>
3	16

[block]
# block no. 4 follows, 34 sequences, length 22
# corresponding to MSA columns:
# 342-363
name=unknown_E
#
# <colnr> <probs for GDERKNQSTAVLIFYWHMCP>
#	G	D	E	R	K	N	Q	S	T	A	V	L	I	F	Y	W	H	M	C	P
0	0.19149	0.00968	0.02643	0.00869	0.01144	0.00972	0.00694	0.01787	0.12250	0.02515	0.17632	0.05331	0.06973	0.00946	0.00576	0.00191	0.00405	0.00767	0.20383	0.03803
1	0.09859	0.03587	0.25268	0.01676	0.08756	0.01397	0.05396	0.03830	0.13031	0.02312	0.06898	0.01970	0.03518	0.00836	0.02613	0.00219	0.00730	0.00606	0.00419	0.07077
2	0.15822	0.05615	0.21464	0.01630	0.08215	0.05546	0.01468	0.17677	0.05105	0.05352	0.01308	0.01426	0.00972	0.00657	0.00571	0.00190	0.00741	0.00491	0.00431	0.05321
3	0.01059	0.00844	0.00958	0.00932	0.01004	0.04888	0.00643	0.01221	0.03715	0.01421	0.01852	0.03309	0.01944	0.42699	0.27166	0.00712	0.03938	0.00805	0.00379	0.00510
4	0.01727	0.77681	0.03386	0.01106	0.01658	0.02557	0.01106	0.01935	0.01313	0.01520	0.00898	0.01036	0.00829	0.00553	0.00415	0.00138	0.00691	0.00345	0.00276	0.00829
5	0.00936	0.00640	0.00772	0.00772	0.00796	0.00663	0.00476	0.00983	0.00960	0.01303	0.01974	0.03886	0.02200	0.62598	0.17780	0.00710	0.00850	0.00889	0.00382	0.00429
6	0.00893	0.00630	0.00831	0.00953	0.01018	0.00611	0.00698	0.01042	0.01260	0.01664	0.03239	0.42146	0.03750	0.15725	0.01297	0.00340	0.00489	0.22331	0.00560	0.00522
7	0.02456	0.01810	0.01939	0.01487	0.02004	0.02004	0.01228	0.71107	0.03038	0.04072	0.01551	0.01551	0.01099	0.00776	0.00646	0.00194	0.00711	0.00582	0.00646	0.01099
8	0.06012	0.01909	0.19540	0.21904	0.27786	0.03409	0.04264	0.04023	0.01436	0.02064	0.01174	0.01536	0.00909	0.00612	0.00624	0.00202	0.00842	0.00541	0.00315	0.00899
9	0.00787	0.00562	0.00750	0.00900	0.00937	0.00525	0.00600	0.00900	0.01237	0.01649	0.03561	0.76871	0.04274	0.02024	0.00825	0.00262	0.00375	0.01837	0.00600	0.00525
10	0.01355	0.00698	0.00740	0.00702	0.00888	0.00698	0.00534	0.05494	0.01473	0.06794	0.02184	0.06481	0.01767	0.00828	0.00495	0.00162	0.00343	0.00672	0.67036	0.00656
11	0.01213	0.01134	0.01513	0.03657	0.09161	0.03715	0.03166	0.01542	0.06646	0.01866	0.09256	0.16327	0.13893	0.01268	0.01131	0.00239	0.22104	0.00998	0.00468	0.00703
12	0.01800	0.15611	0.38485	0.01522	0.02247	0.04563	0.01720	0.02372	0.05066	0.18389	0.01500	0.01543	0.01058	0.00661	0.00588	0.00191	0.00802	0.00504	0.00416	0.00961
13	0.01122	0.00561	0.00842	0.00842	0.00842	0.00561	0.00561	0.00842	0.00842	0.01122	0.01122	0.01964	0.01122	0.02245	0.02525	0.81201	0.00561	0.00561	0.00281	0.00281
14	0.01296	0.03342	0.73944	0.01842	0.02797	0.01501	0.02387	0.02046	0.01364	0.02046	0.01160	0.01364	0.00818	0.00614	0.00614	0.00205	0.00955	0.00477	0.00273	0.00955
15	0.04485	0.01766	0.15373	0.09681	0.24952	0.03445	0.05509	0.06006	0.01566	0.13945	0.01465	0.01695	0.01087	0.00797	0.03297	0.00228	0.00816	0.00573	0.02370	0.00944
16	0.02749	0.01107	0.01481	0.01145	0.01623	0.00981	0.00942	0.06465	0.01908	0.65624	0.07011	0.02335	0.01862	0.00832	0.00657	0.00200	0.00542	0.00680	0.00786	0.01068
17	0.06651	0.01107	0.01473	0.01135	0.01630	0.00973	0.00938	0.03090	0.01814	0.70344	0.02471	0.02145	0.01557	0.00790	0.00638	0.00200	0.00547	0.00636	0.00781	0.01081
18	0.01645	0.04861	0.07515	0.04778	0.28715	0.08475	0.10258	0.02234	0.11450	0.04664	0.05050	0.01832	0.01377	0.00693	0.00703	0.00200	0.03602	0.00621	0.00399	0.00926
19	0.00934	0.00698	0.00886	0.03618	0.01149	0.00689	0.00686	0.05060	0.04038	0.01887	0.07414	0.57405	0.09502	0.01790	0.00793	0.00248	0.00409	0.01603	0.00600	0.00590
20	0.07810	0.10198	0.01676	0.01186	0.04154	0.04291	0.00932	0.10782	0.01604	0.08983	0.01401	0.05215	0.01166	0.00654	0.00530	0.00146	0.00575	0.00508	0.00451	0.37736
21	0.03898	0.11577	0.07012	0.01894	0.20584	0.01425	0.01291	0.10132	0.01650	0.11756	0.04612	0.07197	0.02989	0.00781	0.00604	0.00183	0.00632	0.00656	0.02712	0.08415

[dist]
# distance from previous block
# <min> <max>
1	5

[block]
# block no. 5 follows, 34 sequences, length 59
# corresponding to MSA columns:
# 369-427
name=unknown_F
#
# <colnr> <probs for GDERKNQSTAVLIFYWHMCP>
#	G	D	E	R	K	N	Q	S	T	A	V	L	I	F	Y	W	H	M	C	P
0	0.01154	0.00757	0.00833	0.00789	0.00992	0.00754	0.00599	0.01660	0.12097	0.04224	0.22052	0.03710	0.15156	0.01078	0.00625	0.00188	0.00344	0.00906	0.31410	0.00670
1	0.01262	0.01191	0.02013	0.67910	0.11956	0.01446	0.01815	0.01687	0.01312	0.01701	0.01156	0.01709	0.00879	0.00638	0.00645	0.00213	0.00851	0.00574	0.00291	0.00751
2	0.08965	0.05589	0.02311	0.03697	0.04741	0.05002	0.26776	0.03487	0.07512	0.05488	0.07363	0.05764	0.03239	0.00777	0.00658	0.00203	0.00748	0.00748	0.06117	0.00813
3	0.01078	0.00771	0.00950	0.00871	0.01071	0.00740	0.00663	0.04069	0.06841	0.05100	0.56425	0.04569	0.11793	0.01280	0.00746	0.00205	0.00346	0.01115	0.00698	0.00669
4	0.01379	0.01227	0.01510	0.06095	0.14744	0.03033	0.01125	0.02345	0.32302	0.02326	0.11112	0.03197	0.12484	0.00997	0.00688	0.00213	0.00547	0.03248	0.00562	0.00866
5	0.00799	0.00636	0.00718	0.00740	0.00905	0.00554	0.00539	0.00980	0.01493	0.01895	0.19304	0.21305	0.44536	0.01657	0.00777	0.00225	0.00333	0.01427	0.00622	0.00554
6	0.01220	0.01148	0.01938	0.75739	0.04450	0.01436	0.01794	0.01651	0.01292	0.01651	0.01148	0.01723	0.00861	0.00646	0.00646	0.00215	0.00861	0.00574	0.00287	0.00718
7	0.02171	0.01625	0.01732	0.01382	0.01838	0.01810	0.01124	0.50618	0.18562	0.03639	0.01837	0.01810	0.01338	0.00797	0.00634	0.00196	0.00635	0.00617	0.06591	0.01045
8	0.81856	0.01250	0.00950	0.00850	0.01250	0.01449	0.00700	0.01899	0.01100	0.02899	0.00900	0.01050	0.00700	0.00600	0.00400	0.00200	0.00500	0.00350	0.00400	0.00700
9	0.01090	0.00729	0.00929	0.00862	0.01051	0.00683	0.00652	0.01458	0.05630	0.07950	0.57000	0.07858	0.08995	0.01306	0.00751	0.00207	0.00339	0.01146	0.00704	0.00662
10	0.00910	0.00660	0.00857	0.00808	0.00962	0.00608	0.00606	0.01210	0.01817	0.02563	0.70724	0.04873	0.08311	0.01331	0.00762	0.00204	0.00306	0.01175	0.00708	0.00608
11	0.00800	0.00593	0.00747	0.00841	0.00929	0.00540	0.00580	0.00949	0.01363	0.01796	0.13606	0.53445	0.17740	0.01854	0.00804	0.00246	0.00356	0.01655	0.00615	0.00540
12	0.81856	0.01250	0.00950	0.00850	0.01250	0.01449	0.00700	0.01899	0.01100	0.02899	0.00900	0.01050	0.00700	0.00600	0.00400	0.00200	0.00500	0.00350	0.00400	0.00700
13	0.01262	0.01196	0.01991	0.65189	0.09319	0.01482	0.01781	0.01668	0.01284	0.01678	0.01132	0.01692	0.00872	0.00675	0.00750	0.00218	0.06208	0.00574	0.00289	0.00739
14	0.15422	0.11307	0.17034	0.01491	0.02020	0.19792	0.05278	0.03939	0.13805	0.02175	0.01318	0.01430	0.01020	0.00663	0.00563	0.00190	0.00823	0.00487	0.00388	0.00856
15	0.81856	0.01250	0.00950	0.00850	0.01250	0.01449	0.00700	0.01899	0.01100	0.02899	0.00900	0.01050	0.00700	0.00600	0.00400	0.00200	0.00500	0.00350	0.00400	0.00700
16	0.81856	0.01250	0.00950	0.00850	0.01250	0.01449	0.00700	0.01899	0.01100	0.02899	0.00900	0.01050	0.00700	0.00600	0.00400	0.00200	0.00500	0.00350	0.00400	0.00700
17	0.01026	0.00739	0.01020	0.01161	0.01313	0.00733	0.01011	0.01316	0.01487	0.01923	0.03592	0.07230	0.07510	0.01777	0.00885	0.00293	0.00580	0.65216	0.00595	0.00592
18	0.00783	0.00655	0.00681	0.00675	0.00884	0.00554	0.00506	0.00964	0.01518	0.01852	0.14934	0.06042	0.64544	0.01597	0.00763	0.00216	0.00324	0.01339	0.00614	0.00554
19	0.06016	0.01536	0.02805	0.08077	0.38017	0.01522	0.24094	0.02051	0.01478	0.06208	0.01300	0.01658	0.01014	0.00585	0.00667	0.00203	0.00851	0.00628	0.00352	0.00940
20	0.01885	0.01755	0.02893	0.02144	0.02705	0.05818	0.39475	0.22377	0.01999	0.05894	0.01534	0.01978	0.01185	0.00699	0.00720	0.00211	0.00931	0.04414	0.00457	0.00927
21	0.00905	0.00650	0.00798	0.00868	0.00998	0.00597	0.00629	0.01107	0.03205	0.04356	0.08195	0.42202	0.23942	0.01781	0.00799	0.00246	0.00385	0.07149	0.00614	0.00575
22	0.00990	0.00689	0.00959	0.01033	0.04897	0.00717	0.00687	0.01051	0.01053	0.01426	0.02261	0.03182	0.11144	0.18202	0.29095	0.19971	0.00988	0.00794	0.00372	0.00489
23	0.00875	0.00654	0.00860	0.04322	0.01153	0.00640	0.00696	0.01092	0.03831	0.01775	0.09111	0.47538	0.11943	0.01903	0.03337	0.02216	0.00457	0.06455	0.00580	0.00561
24	0.01340	0.01148	0.01340	0.00957	0.01531	0.00861	0.00766	0.01627	0.01340	0.02105	0.01148	0.01340	0.00957	0.00479	0.00479	0.00096	0.00479	0.00383	0.00383	0.81242
25	0.00940	0.00626	0.00705	0.00705	0.00705	0.00626	0.00392	0.00940	0.00940	0.01253	0.02036	0.04228	0.02349	0.77292	0.03289	0.00626	0.00626	0.00940	0.00392	0.00392
26	0.01094	0.00839	0.01155	0.01272	0.08894	0.02825	0.03109	0.01185	0.01082	0.01459	0.01806	0.05226	0.01906	0.33003	0.17584	0.11877	0.00887	0.03904	0.00370	0.00523
27	0.00874	0.00602	0.00758	0.00853	0.00892	0.00582	0.00567	0.00971	0.01163	0.01563	0.02993	0.43721	0.03500	0.27401	0.01654	0.00386	0.00479	0.07866	0.02684	0.00489
28	0.79287	0.01229	0.00939	0.00842	0.01234	0.01422	0.00692	0.01887	0.01108	0.02883	0.00938	0.01093	0.00730	0.00605	0.00402	0.00198	0.00493	0.00358	0.02964	0.00697
29	0.00898	0.00609	0.00801	0.00886	0.00961	0.00569	0.00612	0.01049	0.01354	0.04063	0.16564	0.52982	0.04370	0.07584	0.00998	0.00278	0.00394	0.03867	0.00611	0.00551
30	0.81856	0.01250	0.00950	0.00850	0.01250	0.01449	0.00700	0.01899	0.01100	0.02899	0.00900	0.01050	0.00700	0.00600	0.00400	0.00200	0.00500	0.00350	0.00400	0.00700
31	0.81856	0.01250	0.00950	0.00850	0.01250	0.01449	0.00700	0.01899	0.01100	0.02899	0.00900	0.01050	0.00700	0.00600	0.00400	0.00200	0.00500	0.00350	0.00400	0.00700
32	0.01315	0.01122	0.01313	0.00954	0.01504	0.00846	0.00758	0.01594	0.01335	0.02085	0.01259	0.04790	0.01109	0.00549	0.00494	0.00103	0.00474	0.00449	0.00393	0.77556
33	0.00832	0.00638	0.00766	0.00800	0.00947	0.00572	0.00590	0.01033	0.01518	0.01983	0.25179	0.24085	0.30994	0.01653	0.00787	0.00230	0.00350	0.05845	0.00632	0.00562
34	0.71287	0.01211	0.00998	0.00892	0.01286	0.01372	0.00738	0.01969	0.01180	0.08498	0.01165	0.01471	0.00931	0.00678	0.00446	0.00205	0.00509	0.03996	0.00442	0.00726
35	0.02089	0.13773	0.02056	0.05817	0.04550	0.11745	0.01204	0.27724	0.11298	0.07046	0.01517	0.01570	0.01140	0.00710	0.00594	0.00181	0.00732	0.00534	0.00509	0.05208
36	0.81856	0.01250	0.00950	0.00850	0.01250	0.01449	0.00700	0.01899	0.01100	0.02899	0.00900	0.01050	0.00700	0.00600	0.00400	0.00200	0.00500	0.00350	0.00400	0.00700
37	0.01907	0.08467	0.04630	0.06540	0.20856	0.20426	0.04096	0.10980	0.07751	0.04121	0.01390	0.03479	0.01130	0.00696	0.00617	0.00188	0.00842	0.00567	0.00407	0.00909
38	0.01515	0.01714	0.03654	0.02634	0.03231	0.01664	0.64890	0.02025	0.01479	0.02025	0.01267	0.01714	0.00969	0.00595	0.00880	0.00223	0.07593	0.00745	0.00323	0.00857
39	0.01044	0.07451	0.01208	0.00943	0.01159	0.00950	0.00738	0.01231	0.01181	0.01608	0.02610	0.03199	0.16922	0.12439	0.28937	0.00560	0.05093	0.00790	0.00402	0.11533
40	0.00915	0.00651	0.00884	0.01025	0.01113	0.00633	0.00796	0.01108	0.01338	0.01761	0.03412	0.40221	0.03908	0.06031	0.00991	0.00299	0.00492	0.33285	0.00586	0.00550
41	0.01340	0.01148	0.01340	0.00957	0.01531	0.00861	0.00766	0.01627	0.01340	0.02105	0.01148	0.01340	0.00957	0.00479	0.00479	0.00096	0.00479	0.00383	0.00383	0.81242
42	0.01122	0.00561	0.00842	0.00842	0.00842	0.00561	0.00561	0.00842	0.00842	0.01122	0.01122	0.01964	0.01122	0.02245	0.02525	0.81201	0.00561	0.00561	0.00281	0.00281
43	0.00769	0.00655	0.00662	0.00660	0.00876	0.00548	0.00495	0.00938	0.01485	0.01776	0.08918	0.06169	0.70608	0.01625	0.00764	0.00218	0.00326	0.01357	0.00604	0.00548
44	0.01399	0.01392	0.01951	0.01677	0.01680	0.01944	0.01396	0.01543	0.00991	0.01553	0.00874	0.01447	0.00871	0.01242	0.04286	0.00305	0.73891	0.00569	0.00285	0.00703
45	0.00871	0.00651	0.00759	0.00789	0.00957	0.00575	0.00586	0.01053	0.01476	0.03899	0.14765	0.23525	0.39654	0.01675	0.00784	0.00232	0.00361	0.06197	0.00621	0.00569
46	0.04407	0.15862	0.14718	0.03620	0.11637	0.04224	0.06940	0.03916	0.08985	0.01994	0.01387	0.01636	0.02750	0.00869	0.03307	0.00232	0.11742	0.00556	0.00354	0.00865
47	0.01727	0.77681	0.03386	0.01106	0.01658	0.02557	0.01106	0.01935	0.01313	0.01520	0.00898	0.01036	0.00829	0.00553	0.00415	0.00138	0.00691	0.00345	0.00276	0.00829
48	0.00835	0.00613	0.00793	0.00921	0.00996	0.00580	0.00650	0.01019	0.03183	0.01718	0.03796	0.60589	0.10493	0.01931	0.00822	0.00261	0.00399	0.09253	0.00601	0.00548
49	0.01428	0.00804	0.00894	0.00808	0.01044	0.00797	0.00626	0.05719	0.07027	0.11048	0.12574	0.03033	0.08958	0.00932	0.00575	0.00178	0.00373	0.00768	0.41694	0.00718
50	0.08734	0.01980	0.05448	0.27006	0.02865	0.25295	0.06032	0.08846	0.01643	0.02046	0.01159	0.01472	0.00892	0.00656	0.00604	0.00194	0.00916	0.00513	0.02917	0.00782
51	0.00830	0.00593	0.00798	0.00948	0.01004	0.00561	0.00673	0.00973	0.01279	0.01697	0.03538	0.65269	0.04181	0.01984	0.00836	0.00268	0.00412	0.13020	0.00599	0.00537
52	0.00839	0.00638	0.00687	0.00694	0.00814	0.00578	0.00462	0.00940	0.01262	0.01575	0.06839	0.09530	0.39052	0.31280	0.01756	0.00380	0.00446	0.01219	0.00522	0.00486
53	0.01133	0.01063	0.01805	0.05702	0.08568	0.01060	0.17390	0.01465	0.03072	0.01932	0.10221	0.20966	0.14036	0.01242	0.00842	0.00231	0.05117	0.02967	0.00486	0.00700
54	0.01105	0.01030	0.05059	0.01049	0.01127	0.03473	0.00796	0.01211	0.01016	0.01402	0.01666	0.03163	0.01807	0.45229	0.12137	0.00570	0.16494	0.00787	0.00355	0.00524
55	0.02380	0.01105	0.01386	0.01106	0.01530	0.01035	0.00897	0.12422	0.03721	0.46501	0.05073	0.05335	0.06875	0.00918	0.00654	0.00200	0.00523	0.00752	0.06606	0.00983
56	0.00795	0.00638	0.00712	0.00742	0.00911	0.00554	0.00545	0.00969	0.01466	0.01834	0.14037	0.21540	0.47769	0.01686	0.00780	0.00228	0.00342	0.03288	0.00614	0.00550
57	0.01343	0.02838	0.54396	0.02181	0.12257	0.01487	0.09596	0.02003	0.01399	0.02047	0.01364	0.01600	0.03298	0.00636	0.00638	0.00205	0.00923	0.00551	0.00296	0.00941
58	0.06335	0.05128	0.01949	0.06585	0.14925	0.46880	0.01355	0.02347	0.03279	0.01796	0.01105	0.01328	0.00909	0.00648	0.00580	0.00176	0.00985	0.00461	0.02430	0.00799

[dist]
# distance from previous block
# <min> <max>
1	5

[block]
# block no. 6 follows, 34 sequences, length 83
# corresponding to MSA columns:
# 433-515
name=unknown_G
#
# <colnr> <probs for GDERKNQSTAVLIFYWHMCP>
#	G	D	E	R	K	N	Q	S	T	A	V	L	I	F	Y	W	H	M	C	P
0	0.00923	0.00823	0.05479	0.00853	0.01060	0.00653	0.00700	0.01227	0.01702	0.02386	0.53042	0.08443	0.14560	0.01333	0.00744	0.00206	0.00353	0.01164	0.03728	0.00618
1	0.01740	0.01819	0.12573	0.08665	0.16999	0.03714	0.06764	0.15322	0.15802	0.05061	0.01591	0.01739	0.01191	0.00690	0.00644	0.00200	0.00760	0.00599	0.00459	0.03668
2	0.81856	0.01250	0.00950	0.00850	0.01250	0.01449	0.00700	0.01899	0.01100	0.02899	0.00900	0.01050	0.00700	0.00600	0.00400	0.00200	0.00500	0.00350	0.00400	0.00700
3	0.00939	0.00727	0.00877	0.00803	0.01018	0.00646	0.00608	0.01249	0.03591	0.02344	0.48072	0.04752	0.21499	0.01302	0.00732	0.00197	0.00333	0.01126	0.00651	0.08537
4	0.00846	0.00602	0.00795	0.00887	0.00946	0.00581	0.00610	0.00987	0.01275	0.01728	0.12604	0.49071	0.04047	0.11727	0.06792	0.00362	0.00511	0.04535	0.00569	0.00526
5	0.02387	0.03034	0.01835	0.01665	0.01989	0.72729	0.01253	0.02552	0.01808	0.01581	0.00995	0.01172	0.00833	0.00678	0.00624	0.00170	0.03194	0.00420	0.00332	0.00748
6	0.56518	0.01201	0.01126	0.00946	0.01378	0.01289	0.00780	0.02300	0.01340	0.25623	0.01429	0.01419	0.00988	0.00664	0.00480	0.00200	0.00516	0.00446	0.00528	0.00828
7	0.00914	0.00660	0.00864	0.00813	0.00965	0.00610	0.00610	0.01219	0.01829	0.02591	0.72921	0.04827	0.06097	0.01321	0.00762	0.00203	0.00305	0.01169	0.00711	0.00610
8	0.02899	0.01100	0.01499	0.01150	0.01649	0.00950	0.00950	0.03149	0.01849	0.73709	0.02549	0.02199	0.01599	0.00800	0.00650	0.00200	0.00550	0.00650	0.00800	0.01100
9	0.01340	0.01148	0.01340	0.00957	0.01531	0.00861	0.00766	0.01627	0.01340	0.02105	0.01148	0.01340	0.00957	0.00479	0.00479	0.00096	0.00479	0.00383	0.00383	0.81242
10	0.01531	0.13622	0.26733	0.02030	0.02707	0.07528	0.28178	0.02042	0.01434	0.01910	0.01168	0.01475	0.00904	0.00706	0.02539	0.00220	0.03532	0.00570	0.00301	0.00870
11	0.00986	0.00826	0.00943	0.00876	0.01104	0.02678	0.02561	0.04480	0.01580	0.02042	0.18547	0.17499	0.34866	0.01460	0.00743	0.00212	0.00404	0.01258	0.00595	0.06340
12	0.01024	0.00706	0.00813	0.00766	0.00977	0.00637	0.00581	0.01315	0.03989	0.06856	0.31466	0.04990	0.34470	0.01365	0.00727	0.00206	0.00337	0.01160	0.06986	0.00627
13	0.01667	0.01421	0.01556	0.04141	0.04011	0.01633	0.01098	0.09232	0.61296	0.02766	0.02438	0.02285	0.01826	0.00850	0.00656	0.00216	0.00550	0.00707	0.00633	0.01018
14	0.02414	0.03079	0.01831	0.01665	0.01998	0.74698	0.01248	0.02580	0.01831	0.01581	0.00999	0.01165	0.00832	0.00666	0.00583	0.00166	0.01165	0.00416	0.00333	0.00749
15	0.07548	0.01589	0.11988	0.04692	0.35333	0.01320	0.01615	0.02159	0.01492	0.18022	0.01644	0.06943	0.01323	0.00736	0.00634	0.00202	0.00701	0.00651	0.00444	0.00964
16	0.03727	0.21884	0.44710	0.01799	0.05657	0.01780	0.07974	0.02013	0.01362	0.01942	0.01101	0.01316	0.00841	0.00590	0.00571	0.00188	0.00879	0.00470	0.00284	0.00912
17	0.00940	0.00626	0.00705	0.00705	0.00705	0.00626	0.00392	0.00940	0.00940	0.01253	0.02036	0.04228	0.02349	0.77292	0.03289	0.00626	0.00626	0.00940	0.00392	0.00392
18	0.02137	0.01473	0.01627	0.01340	0.01782	0.01613	0.01077	0.25898	0.35689	0.16730	0.02256	0.02084	0.01610	0.00828	0.00652	0.00207	0.00585	0.00666	0.00681	0.01063
19	0.01717	0.05846	0.02645	0.03292	0.50977	0.06952	0.08322	0.06781	0.03303	0.02184	0.01248	0.01567	0.01023	0.00599	0.00636	0.00190	0.00813	0.00573	0.00349	0.00984
20	0.02516	0.01246	0.01501	0.01199	0.01650	0.03820	0.00972	0.09196	0.11938	0.49601	0.07415	0.02319	0.01899	0.00841	0.00656	0.00201	0.00564	0.00683	0.00742	0.01041
21	0.00921	0.00619	0.00710	0.00728	0.00733	0.00614	0.00417	0.00935	0.00976	0.01301	0.02221	0.13067	0.02583	0.68134	0.02989	0.00582	0.00596	0.01049	0.00417	0.00408
22	0.14195	0.01121	0.01421	0.01107	0.01592	0.01021	0.00914	0.02970	0.01742	0.63579	0.02313	0.02035	0.01471	0.00771	0.00614	0.00200	0.00543	0.00607	0.00743	0.01042
23	0.01999	0.08593	0.02255	0.11307	0.25945	0.01720	0.01508	0.26156	0.02020	0.10123	0.01434	0.01608	0.01072	0.00675	0.00623	0.00191	0.00730	0.00564	0.00476	0.01002
24	0.02760	0.01146	0.01507	0.01175	0.01662	0.01042	0.00964	0.04943	0.08790	0.64915	0.02531	0.02203	0.01623	0.00807	0.00650	0.00202	0.00550	0.00656	0.00782	0.01092
25	0.00861	0.00615	0.00822	0.00960	0.01028	0.00588	0.00702	0.01018	0.01292	0.01705	0.03510	0.53139	0.05570	0.06000	0.00974	0.00290	0.00445	0.19358	0.00587	0.00536
26	0.05394	0.05045	0.01629	0.14879	0.05173	0.12081	0.01151	0.07390	0.01390	0.01813	0.03437	0.01867	0.03234	0.02831	0.03450	0.17141	0.10503	0.00578	0.00354	0.00660
27	0.01220	0.01148	0.01938	0.75739	0.04450	0.01436	0.01794	0.01651	0.01292	0.01651	0.01148	0.01723	0.00861	0.00646	0.00646	0.00215	0.00861	0.00574	0.00287	0.00718
28	0.01340	0.01148	0.01340	0.00957	0.01531	0.00861	0.00766	0.01627	0.01340	0.02105	0.01148	0.01340	0.00957	0.00479	0.00479	0.00096	0.00479	0.00383	0.00383	0.81242
29	0.06269	0.00982	0.01248	0.00998	0.01406	0.00887	0.00813	0.02677	0.01690	0.52448	0.02359	0.02197	0.01570	0.00778	0.00588	0.00188	0.00485	0.00623	0.20838	0.00956
30	0.00917	0.00685	0.00866	0.00998	0.05693	0.00652	0.00621	0.01040	0.01241	0.01632	0.08140	0.22926	0.16001	0.29754	0.01716	0.00383	0.00494	0.05208	0.00511	0.00522
31	0.00854	0.00638	0.00687	0.00690	0.00795	0.00586	0.00449	0.00940	0.01214	0.01524	0.05998	0.07259	0.34679	0.38655	0.02001	0.00419	0.00474	0.01165	0.00501	0.00471
32	0.08069	0.01249	0.01443	0.05396	0.05560	0.03617	0.00922	0.01867	0.03495	0.07292	0.01271	0.01439	0.01006	0.00545	0.00512	0.00130	0.00548	0.00432	0.00412	0.54794
33	0.00872	0.00629	0.00829	0.00875	0.00984	0.00586	0.00639	0.01098	0.01560	0.02148	0.38438	0.33336	0.06639	0.01643	0.00798	0.00235	0.00357	0.07106	0.00655	0.00574
34	0.05670	0.01154	0.01319	0.00951	0.01516	0.00893	0.00762	0.01642	0.01327	0.02148	0.01135	0.01324	0.00943	0.00485	0.00474	0.00101	0.00480	0.00381	0.00384	0.76911
35	0.01639	0.03969	0.36050	0.01651	0.05782	0.01429	0.01698	0.12418	0.03621	0.11075	0.01814	0.08639	0.03659	0.00842	0.00685	0.00209	0.02758	0.00679	0.00447	0.00937
36	0.01091	0.00741	0.00980	0.00882	0.00973	0.00715	0.05198	0.01155	0.01054	0.05250	0.02054	0.07101	0.02257	0.62153	0.02775	0.00542	0.00637	0.00934	0.00418	0.03090
37	0.01357	0.00787	0.01024	0.00936	0.01167	0.00726	0.00736	0.03675	0.01779	0.16744	0.41361	0.08292	0.08839	0.01307	0.00754	0.00217	0.00403	0.08482	0.00702	0.00713
38	0.00818	0.00595	0.00772	0.00857	0.00939	0.00549	0.00594	0.00985	0.01410	0.01903	0.21881	0.52380	0.10305	0.01810	0.00803	0.00243	0.00353	0.01624	0.00629	0.00549
39	0.01940	0.10553	0.10567	0.03598	0.09597	0.35713	0.07708	0.04464	0.01632	0.01806	0.01100	0.01352	0.00901	0.00792	0.03259	0.00211	0.03169	0.00486	0.00326	0.00824
40	0.03226	0.00796	0.00958	0.00921	0.01108	0.00766	0.00667	0.04820	0.05128	0.13195	0.09693	0.30089	0.11932	0.12328	0.01109	0.00287	0.00452	0.01249	0.00612	0.00664
41	0.01220	0.00709	0.00895	0.00905	0.01093	0.00640	0.00686	0.01407	0.01459	0.14817	0.06086	0.31867	0.20197	0.01597	0.00767	0.00238	0.00417	0.09854	0.04497	0.00649
42	0.00906	0.00616	0.00732	0.00765	0.00779	0.00614	0.00459	0.00943	0.01009	0.01351	0.02347	0.19752	0.02723	0.57218	0.06601	0.00570	0.00632	0.01119	0.00434	0.00430
43	0.33776	0.04043	0.01554	0.01260	0.01674	0.18020	0.01018	0.22143	0.01850	0.04981	0.01158	0.01267	0.00881	0.00687	0.00576	0.00192	0.03169	0.00448	0.00461	0.00842
44	0.08659	0.06053	0.20350	0.02355	0.28503	0.03230	0.01689	0.05988	0.01510	0.06358	0.01241	0.01458	0.00959	0.00603	0.00584	0.00184	0.00753	0.00501	0.00365	0.08654
