[name]
unknown

[dist]
# distance from previous block
# <min> <max>
0	27

[block]
# block no. 0 follows, 36 sequences, length 10
# corresponding to MSA columns:
# 27-36
name=unknown_A
#
# <colnr> <probs for GDERKNQSTAVLIFYWHMCP>
#	G	D	E	R	K	N	Q	S	T	A	V	L	I	F	Y	W	H	M	C	P
0	0.01679	0.00886	0.01141	0.00957	0.01278	0.00797	0.00766	0.05426	0.01755	0.28537	0.31060	0.03530	0.07236	0.01045	0.00676	0.00192	0.00429	0.04856	0.00677	0.07076
1	0.13025	0.01045	0.01090	0.00935	0.01254	0.04189	0.00737	0.08319	0.04520	0.14283	0.21362	0.03269	0.17128	0.01016	0.00631	0.00191	0.00454	0.00828	0.00594	0.05130
2	0.01006	0.00560	0.00777	0.00784	0.00811	0.00546	0.00522	0.00847	0.00937	0.01236	0.04687	0.06993	0.08267	0.09933	0.02193	0.57974	0.00507	0.00745	0.00344	0.00331
3	0.02368	0.01745	0.01870	0.01434	0.01932	0.01932	0.01184	0.72139	0.02929	0.03927	0.01496	0.01496	0.01060	0.00748	0.00623	0.00187	0.00686	0.00561	0.00623	0.01060
4	0.08364	0.01563	0.01812	0.09250	0.12879	0.04868	0.01270	0.34058	0.09644	0.07872	0.01511	0.01595	0.01106	0.00700	0.00602	0.00191	0.00681	0.00554	0.00521	0.00959
5	0.00821	0.00595	0.00746	0.00848	0.00901	0.00574	0.00562	0.00995	0.04699	0.01583	0.03269	0.59419	0.06472	0.14020	0.01164	0.00305	0.00405	0.01563	0.00549	0.00510
6	0.10261	0.00985	0.01290	0.22711	0.02097	0.01075	0.01016	0.09423	0.01482	0.10843	0.05936	0.20289	0.04065	0.04848	0.00774	0.00232	0.00573	0.00901	0.00495	0.00705
7	0.04353	0.01332	0.01628	0.32762	0.06604	0.09951	0.01315	0.09009	0.01507	0.03824	0.01532	0.10087	0.01387	0.00827	0.00625	0.00197	0.00729	0.04406	0.00393	0.07531
8	0.04923	0.01219	0.01300	0.01126	0.03261	0.05937	0.00858	0.18393	0.01786	0.13592	0.02516	0.13343	0.12171	0.00984	0.00621	0.00183	0.00536	0.00809	0.02832	0.13607
9	0.03765	0.01134	0.01298	0.02864	0.01473	0.04891	0.02835	0.14120	0.08604	0.16510	0.07473	0.17729	0.06584	0.06775	0.00856	0.00236	0.00547	0.00932	0.00589	0.00784

[dist]
# distance from previous block
# <min> <max>
15	36

[block]
# block no. 1 follows, 36 sequences, length 123
# corresponding to MSA columns:
# 76-198
name=unknown_B
#
# <colnr> <probs for GDERKNQSTAVLIFYWHMCP>
#	G	D	E	R	K	N	Q	S	T	A	V	L	I	F	Y	W	H	M	C	P
0	0.01326	0.01158	0.01435	0.01351	0.04875	0.02551	0.03651	0.03666	0.30810	0.02308	0.19521	0.05513	0.02756	0.01112	0.02580	0.00235	0.10091	0.03705	0.00557	0.00799
1	0.00949	0.00671	0.00868	0.00956	0.01055	0.00663	0.00757	0.01131	0.01257	0.01634	0.03067	0.07672	0.07761	0.26396	0.01598	0.00384	0.00562	0.41603	0.00511	0.00506
2	0.01554	0.03350	0.06724	0.01156	0.01616	0.08109	0.02769	0.04770	0.12925	0.09151	0.08276	0.02150	0.06514	0.00741	0.00578	0.00160	0.00573	0.00604	0.00486	0.27793
3	0.00772	0.00615	0.00699	0.00729	0.00886	0.00541	0.00534	0.00943	0.01405	0.01774	0.14842	0.22166	0.44893	0.01705	0.02681	0.00240	0.00364	0.03090	0.00587	0.00532
4	0.01409	0.01357	0.04396	0.01963	0.13718	0.01317	0.20537	0.02203	0.22650	0.04719	0.07359	0.07301	0.06507	0.00850	0.00682	0.00207	0.00666	0.00817	0.00483	0.00857
5	0.04899	0.01130	0.01319	0.00971	0.01492	0.00927	0.00783	0.06191	0.01466	0.11909	0.03600	0.01510	0.01160	0.00551	0.00499	0.00119	0.00480	0.00438	0.00450	0.60105
6	0.02273	0.01698	0.01816	0.01414	0.01896	0.01888	0.01161	0.64104	0.11120	0.03773	0.01617	0.01593	0.01158	0.00759	0.00625	0.00190	0.00663	0.00578	0.00625	0.01051
7	0.01276	0.01254	0.01906	0.66896	0.08766	0.06230	0.01708	0.01672	0.01291	0.01617	0.01102	0.01618	0.00839	0.00620	0.00619	0.00203	0.00844	0.00544	0.00282	0.00714
8	0.01019	0.00571	0.00777	0.00784	0.00791	0.00571	0.00510	0.00868	0.00875	0.01164	0.01490	0.02888	0.01607	0.27677	0.02603	0.50422	0.00564	0.04176	0.00322	0.00322
9	0.01449	0.01632	0.03511	0.02534	0.03123	0.01554	0.66735	0.01951	0.01451	0.01973	0.01324	0.01876	0.01043	0.00591	0.00786	0.00215	0.03694	0.03408	0.00324	0.00824
10	0.01071	0.00545	0.00803	0.00803	0.00803	0.00545	0.00530	0.00818	0.00818	0.01090	0.01140	0.02036	0.01159	0.07117	0.02483	0.76573	0.00545	0.00565	0.00278	0.00278
11	0.01639	0.11269	0.02008	0.03125	0.01727	0.09371	0.01262	0.04753	0.04775	0.06425	0.01065	0.01402	0.00925	0.00917	0.01435	0.00230	0.46056	0.00518	0.00342	0.00756
12	0.01525	0.01463	0.02497	0.07305	0.70872	0.01476	0.01903	0.01897	0.01410	0.02014	0.01169	0.01548	0.00979	0.00558	0.00617	0.00186	0.00745	0.00555	0.00307	0.00973
13	0.01088	0.00799	0.00874	0.00840	0.00942	0.00854	0.00554	0.01569	0.19920	0.01636	0.02146	0.03608	0.02171	0.52934	0.02341	0.00475	0.00561	0.02338	0.03800	0.00550
14	0.01542	0.01480	0.02529	0.03824	0.74217	0.01480	0.01912	0.01912	0.01419	0.02036	0.01172	0.01542	0.00987	0.00555	0.00617	0.00185	0.00740	0.00555	0.00308	0.00987
15	0.01666	0.78478	0.03265	0.01066	0.01599	0.02465	0.01066	0.01866	0.01266	0.01466	0.00866	0.00999	0.00800	0.00533	0.00400	0.00133	0.00666	0.00333	0.00267	0.00800
16	0.00886	0.00635	0.00837	0.00935	0.01016	0.00634	0.00677	0.01117	0.06354	0.01652	0.03096	0.48692	0.05175	0.02048	0.06417	0.07116	0.00511	0.11128	0.00538	0.00535
17	0.00908	0.00620	0.00775	0.00818	0.00885	0.00599	0.00550	0.01068	0.03099	0.03352	0.15808	0.33241	0.03688	0.27016	0.01567	0.00358	0.00446	0.04161	0.00537	0.00507
18	0.01426	0.01468	0.01899	0.01634	0.01655	0.06714	0.01353	0.01564	0.01007	0.01501	0.00827	0.01348	0.00817	0.01061	0.01948	0.00265	0.72017	0.00536	0.00276	0.00684
19	0.00889	0.00617	0.00776	0.00794	0.00831	0.00643	0.00518	0.00965	0.00972	0.01325	0.02067	0.11354	0.02299	0.49093	0.22074	0.00666	0.00860	0.02423	0.00391	0.00442
20	0.00890	0.00668	0.01001	0.01001	0.01113	0.00779	0.00779	0.01113	0.01001	0.01446	0.01669	0.02448	0.01558	0.04673	0.75634	0.01001	0.01669	0.00668	0.00334	0.00556
21	0.00962	0.00728	0.00853	0.00820	0.00967	0.00722	0.00590	0.01374	0.11829	0.02057	0.33568	0.07578	0.13471	0.18935	0.01285	0.00298	0.00405	0.02389	0.00586	0.00585
22	0.00935	0.00667	0.00898	0.01020	0.01128	0.00656	0.00829	0.01149	0.01326	0.01729	0.03284	0.20333	0.06185	0.10594	0.01111	0.00314	0.00526	0.46227	0.00552	0.00536
23	0.00807	0.00595	0.00758	0.00819	0.00923	0.00546	0.00587	0.00991	0.01421	0.01908	0.26324	0.40048	0.15170	0.01668	0.00770	0.00230	0.00344	0.04940	0.00612	0.00539
24	0.73494	0.01189	0.00976	0.00852	0.01249	0.01343	0.00702	0.01968	0.01142	0.10918	0.01047	0.01137	0.00773	0.00600	0.00413	0.00193	0.00487	0.00370	0.00429	0.00718
25	0.01328	0.00711	0.00931	0.00881	0.01071	0.00642	0.00649	0.01516	0.01492	0.20785	0.21797	0.29668	0.08061	0.06410	0.00887	0.00243	0.00401	0.01220	0.00644	0.00664
26	0.02943	0.00645	0.00641	0.00641	0.00853	0.00549	0.00481	0.00919	0.01406	0.01711	0.06102	0.07422	0.70466	0.01559	0.00728	0.00211	0.00321	0.01299	0.00573	0.00530
27	0.01292	0.01107	0.01292	0.00923	0.01477	0.00831	0.00738	0.01569	0.01292	0.02030	0.01107	0.01292	0.00923	0.00461	0.00461	0.00092	0.00461	0.00369	0.00369	0.81912
28	0.01079	0.00701	0.00872	0.00853	0.01022	0.00653	0.00633	0.04798	0.01566	0.08716	0.26684	0.28132	0.15162	0.01465	0.00734	0.00217	0.00367	0.02984	0.02743	0.00618
29	0.36027	0.01259	0.01191	0.01044	0.01402	0.01427	0.00830	0.13584	0.22484	0.02791	0.03229	0.05377	0.03382	0.02723	0.00602	0.00211	0.00507	0.00605	0.00517	0.00807
30	0.08599	0.00785	0.00968	0.00911	0.01150	0.00723	0.00685	0.01678	0.01409	0.26022	0.03284	0.35870	0.12657	0.01387	0.00695	0.00222	0.00422	0.01201	0.00626	0.00708
31	0.05625	0.00669	0.00725	0.00746	0.00907	0.00623	0.00537	0.01066	0.04115	0.01814	0.11776	0.23438	0.37510	0.06544	0.00885	0.00244	0.00360	0.01303	0.00567	0.00544
32	0.01075	0.00782	0.00887	0.00824	0.01052	0.00752	0.00629	0.01567	0.13949	0.06904	0.28730	0.04527	0.30867	0.01266	0.00701	0.00202	0.00352	0.01076	0.03194	0.00664
33	0.00996	0.00653	0.00775	0.00792	0.00848	0.00648	0.00501	0.01147	0.05424	0.05049	0.02457	0.25633	0.02756	0.47061	0.02188	0.00456	0.00522	0.01136	0.00472	0.00486
34	0.03786	0.00674	0.00928	0.00930	0.01046	0.00764	0.00714	0.01163	0.01042	0.01581	0.01757	0.02665	0.01654	0.09884	0.56777	0.00827	0.01360	0.02952	0.08947	0.00549
35	0.01851	0.00994	0.01202	0.01011	0.01343	0.00984	0.00803	0.07278	0.15351	0.28884	0.18877	0.02731	0.02588	0.00893	0.00625	0.00190	0.00445	0.00746	0.12337	0.00868
36	0.02279	0.02841	0.01743	0.01577	0.01898	0.70129	0.01188	0.05133	0.01784	0.01615	0.01008	0.01184	0.00839	0.00787	0.03197	0.00191	0.01126	0.00417	0.00333	0.00730
37	0.00811	0.00634	0.00735	0.00709	0.00887	0.00558	0.00532	0.01039	0.01596	0.02101	0.40954	0.05308	0.39061	0.01422	0.00736	0.00203	0.00304	0.01218	0.00634	0.00558
38	0.00906	0.00604	0.00680	0.00680	0.00680	0.00604	0.00378	0.00906	0.00906	0.01208	0.01963	0.04077	0.02265	0.78103	0.03171	0.00604	0.00604	0.00906	0.00378	0.00378
39	0.00787	0.00633	0.00701	0.00684	0.00873	0.00547	0.00513	0.00992	0.01539	0.01966	0.29773	0.05530	0.50326	0.01472	0.00736	0.00205	0.00308	0.01250	0.00616	0.00547
40	0.82504	0.01205	0.00916	0.00819	0.01205	0.01398	0.00675	0.01832	0.01060	0.02795	0.00868	0.01012	0.00675	0.00578	0.00386	0.00193	0.00482	0.00337	0.00386	0.00675
41	0.01292	0.01107	0.01292	0.00923	0.01477	0.00831	0.00738	0.01569	0.01292	0.02030	0.01107	0.01292	0.00923	0.00461	0.00461	0.00092	0.00461	0.00369	0.00369	0.81912
42	0.02786	0.01076	0.01456	0.01116	0.01598	0.00939	0.00922	0.04611	0.01809	0.73037	0.02436	0.02106	0.01531	0.00771	0.00626	0.00193	0.00534	0.00625	0.00768	0.01060
43	0.01514	0.01513	0.03864	0.01965	0.07749	0.01552	0.26820	0.02700	0.40164	0.02328	0.01940	0.02010	0.01462	0.00702	0.00669	0.00209	0.00723	0.00699	0.00486	0.00932
44	0.00759	0.00542	0.00723	0.00868	0.00904	0.00506	0.00578	0.00868	0.01193	0.01591	0.03434	0.77697	0.04121	0.01952	0.00795	0.00253	0.00361	0.01771	0.00578	0.00506
45	0.01757	0.01717	0.16337	0.01401	0.01900	0.01453	0.03747	0.14811	0.27656	0.12748	0.06629	0.02056	0.01683	0.00789	0.00663	0.00202	0.02289	0.00644	0.00561	0.00959
46	0.01265	0.02449	0.47941	0.01464	0.02250	0.01221	0.01730	0.01825	0.01307	0.01994	0.01114	0.01307	0.00838	0.00544	0.00544	0.00159	0.00753	0.00427	0.00302	0.30567
47	0.00831	0.00705	0.00726	0.00708	0.00929	0.00637	0.00534	0.01164	0.08895	0.01834	0.10480	0.05524	0.61877	0.01481	0.00726	0.00210	0.00333	0.01239	0.00592	0.00578
48	0.01292	0.01107	0.01292	0.00923	0.01477	0.00831	0.00738	0.01569	0.01292	0.02030	0.01107	0.01292	0.00923	0.00461	0.00461	0.00092	0.00461	0.00369	0.00369	0.81912
49	0.01395	0.02977	0.65501	0.01716	0.02568	0.01440	0.02146	0.04394	0.01392	0.06922	0.01213	0.01377	0.00850	0.00623	0.00635	0.00199	0.02939	0.00477	0.00310	0.00928
50	0.64267	0.16617	0.01406	0.00890	0.01303	0.03612	0.00767	0.01856	0.01120	0.02497	0.00870	0.01013	0.00703	0.00571	0.00393	0.00180	0.00536	0.00338	0.00360	0.00701
51	0.00890	0.00668	0.01001	0.01001	0.01113	0.00779	0.00779	0.01113	0.01001	0.01446	0.01669	0.02448	0.01558	0.04673	0.75634	0.01001	0.01669	0.00668	0.00334	0.00556
52	0.01309	0.01778	0.23030	0.01297	0.01765	0.04318	0.01274	0.02302	0.30002	0.02304	0.17509	0.02660	0.06013	0.00890	0.00645	0.00202	0.00594	0.00741	0.00519	0.00847
53	0.01292	0.01107	0.01292	0.00923	0.01477	0.00831	0.00738	0.01569	0.01292	0.02030	0.01107	0.01292	0.00923	0.00461	0.00461	0.00092	0.00461	0.00369	0.00369	0.81912
54	0.01499	0.01513	0.05331	0.05512	0.67128	0.01453	0.01885	0.01879	0.01396	0.02002	0.01185	0.01567	0.00994	0.00697	0.03141	0.00214	0.00781	0.00555	0.00307	0.00962
55	0.01269	0.01369	0.07016	0.01534	0.01671	0.01595	0.04840	0.01480	0.01025	0.01561	0.01045	0.01641	0.00994	0.04587	0.12766	0.00378	0.50335	0.00574	0.00291	0.04028
56	0.01082	0.00541	0.00812	0.00812	0.00812	0.00541	0.00541	0.00812	0.00812	0.01082	0.01082	0.01894	0.01082	0.02165	0.02435	0.81872	0.00541	0.00541	0.00271	0.00271
57	0.01250	0.03223	0.74875	0.01776	0.02697	0.01447	0.02302	0.01973	0.01315	0.01973	0.01118	0.01315	0.00789	0.00592	0.00592	0.00197	0.00921	0.00460	0.00263	0.00921
58	0.00890	0.00668	0.01001	0.01001	0.01113	0.00779	0.00779	0.01113	0.01001	0.01446	0.01669	0.02448	0.01558	0.04673	0.75634	0.01001	0.01669	0.00668	0.00334	0.00556
59	0.01136	0.01120	0.05848	0.01283	0.01398	0.01282	0.01078	0.02886	0.01036	0.01533	0.01317	0.02071	0.01267	0.09579	0.33285	0.00606	0.31708	0.00625	0.00315	0.00624
60	0.01369	0.01378	0.06834	0.47384	0.19521	0.01431	0.04405	0.05015	0.01389	0.03661	0.01180	0.01617	0.00895	0.00612	0.00624	0.00201	0.00810	0.00557	0.00313	0.00804
61	0.01608	0.01606	0.01886	0.01606	0.01709	0.10827	0.01321	0.10619	0.01304	0.01812	0.00922	0.01351	0.00847	0.00993	0.01684	0.00248	0.58070	0.00530	0.00323	0.00735
62	0.01292	0.01107	0.01292	0.00923	0.01477	0.00831	0.00738	0.01569	0.01292	0.02030	0.01107	0.01292	0.00923	0.00461	0.00461	0.00092	0.00461	0.00369	0.00369	0.81912
63	0.00745	0.00632	0.00643	0.00640	0.00847	0.00530	0.00480	0.00911	0.01441	0.01732	0.10347	0.05916	0.69898	0.01560	0.00736	0.00210	0.00314	0.01304	0.00585	0.00530
64	0.01723	0.01437	0.01593	0.01417	0.04115	0.01630	0.02573	0.17957	0.54195	0.02857	0.02241	0.02108	0.01671	0.00808	0.00633	0.00205	0.00554	0.00669	0.00614	0.00999
65	0.01177	0.01107	0.01869	0.76606	0.04291	0.01384	0.01730	0.01592	0.01246	0.01592	0.01107	0.01661	0.00831	0.00623	0.00623	0.00208	0.00831	0.00554	0.00277	0.00692
66	0.00913	0.00602	0.00685	0.00685	0.00685	0.00602	0.00384	0.00903	0.00903	0.01203	0.01930	0.03995	0.02221	0.75245	0.03144	0.03662	0.00602	0.00892	0.00374	0.00374
67	0.00770	0.00598	0.00686	0.00747	0.00871	0.00532	0.00528	0.00901	0.01293	0.01618	0.04737	0.33511	0.38520	0.07739	0.00955	0.00261	0.00367	0.04294	0.00563	0.00509
68	0.02560	0.01236	0.01611	0.01234	0.01712	0.01179	0.03716	0.19969	0.02053	0.51412	0.05122	0.02054	0.01579	0.00777	0.00634	0.00192	0.00579	0.00635	0.00714	0.01032
69	0.01214	0.01287	0.06728	0.64778	0.08587	0.01400	0.03996	0.01650	0.01268	0.01658	0.01117	0.01632	0.00841	0.00614	0.00624	0.00206	0.00838	0.00553	0.00279	0.00730
70	0.00975	0.00798	0.01083	0.01058	0.01171	0.03662	0.00826	0.01192	0.01053	0.01489	0.04092	0.02404	0.01631	0.04170	0.65411	0.00894	0.06511	0.00665	0.00342	0.00572
71	0.00817	0.00627	0.00726	0.00746	0.00900	0.00561	0.00556	0.01007	0.01445	0.01871	0.21489	0.14307	0.37229	0.05733	0.00881	0.00239	0.00355	0.07623	0.02349	0.00536
72	0.01000	0.00772	0.01050	0.01021	0.01108	0.00839	0.02952	0.04646	0.01194	0.01636	0.04166	0.27479	0.02681	0.20762	0.13257	0.00454	0.08585	0.05397	0.00456	0.00545
73	0.10182	0.01718	0.01489	0.01260	0.01648	0.22206	0.02713	0.04087	0.18868	0.02158	0.04396	0.01621	0.01306	0.00680	0.00596	0.00166	0.03081	0.00507	0.00437	0.20882
74	0.02263	0.02139	0.01782	0.01470	0.01894	0.28454	0.01165	0.39845	0.07965	0.02909	0.01375	0.01421	0.01029	0.00710	0.00598	0.00177	0.00823	0.00510	0.00509	0.02962
75	0.01286	0.05579	0.01500	0.01034	0.01513	0.01016	0.03753	0.01544	0.01266	0.01912	0.01367	0.01622	0.04636	0.03023	0.00690	0.00135	0.06335	0.00460	0.00364	0.60964
76	0.01471	0.01681	0.03676	0.02626	0.03256	0.01576	0.71954	0.01996	0.01471	0.01996	0.01261	0.01681	0.00945	0.00525	0.00735	0.00210	0.01050	0.00735	0.00315	0.00840
77	0.01399	0.01829	0.14866	0.02446	0.08268	0.01471	0.49159	0.01923	0.01438	0.01983	0.01413	0.02088	0.01159	0.00645	0.00714	0.00213	0.00964	0.06852	0.00329	0.00840
78	0.06740	0.30264	0.41406	0.01451	0.02174	0.04632	0.01708	0.01945	0.01298	0.01827	0.01005	0.01174	0.00786	0.00572	0.00508	0.00172	0.00808	0.00404	0.00275	0.00853
79	0.00890	0.00668	0.01001	0.01001	0.01113	0.00779	0.00779	0.01113	0.01001	0.01446	0.01669	0.02448	0.01558	0.04673	0.75634	0.01001	0.01669	0.00668	0.00334	0.00556
80	0.01250	0.03223	0.74875	0.01776	0.02697	0.01447	0.02302	0.01973	0.01315	0.01973	0.01118	0.01315	0.00789	0.00592	0.00592	0.00197	0.00921	0.00460	0.00263	0.00921
81	0.01484	0.01417	0.02412	0.10341	0.65557	0.01441	0.01854	0.01850	0.01396	0.01981	0.01237	0.03952	0.01071	0.00605	0.00623	0.00189	0.00736	0.00593	0.00314	0.00945
82	0.01266	0.00879	0.01161	0.01068	0.01261	0.00947	0.02709	0.08153	0.07786	0.07417	0.02013	0.03119	0.01884	0.18216	0.31302	0.00613	0.01033	0.08064	0.00456	0.00654
83	0.00879	0.00589	0.00785	0.00901	0.00976	0.00556	0.00646	0.01032	0.01274	0.03996	0.06125	0.59262	0.03934	0.01807	0.00783	0.00250	0.00392	0.11555	0.03720	0.00539
84	0.01467	0.01319	0.01795	0.01528	0.01585	0.01768	0.01259	0.06140	0.01121	0.05266	0.01025	0.01603	0.00973	0.06534	0.01962	0.00287	0.62763	0.00576	0.00328	0.00703
85	0.01408	0.01186	0.01566	0.03292	0.09911	0.05924	0.03743	0.04532	0.03134	0.07253	0.07794	0.06602	0.01900	0.08670	0.10089	0.00351	0.17516	0.03993	0.00426	0.00711
86	0.00964	0.00642	0.00802	0.00847	0.00995	0.00580	0.00632	0.01137	0.01388	0.07822	0.09941	0.34914	0.24695	0.01657	0.00767	0.00235	0.00384	0.10421	0.00603	0.00574
87	0.01014	0.06611	0.01160	0.01058	0.04708	0.00873	0.00744	0.01125	0.00996	0.01377	0.01553	0.02529	0.01539	0.18168	0.41071	0.12794	0.01170	0.00664	0.00327	0.00519
88	0.01175	0.02373	0.48130	0.01552	0.02208	0.01265	0.04102	0.01787	0.04105	0.01961	0.07118	0.04077	0.04517	0.01065	0.05577	0.00260	0.03492	0.04065	0.00353	0.00819
89	0.01305	0.05333	0.63713	0.01696	0.02542	0.01416	0.04310	0.01958	0.01343	0.04827	0.01430	0.01585	0.04516	0.00645	0.00599	0.00196	0.00871	0.00515	0.00301	0.00900
90	0.04693	0.23911	0.05617	0.01554	0.03283	0.18253	0.11761	0.08197	0.08511	0.05313	0.01250	0.01381	0.00984	0.00630	0.00580	0.00174	0.02194	0.00491	0.00380	0.00843
91	0.01345	0.02927	0.58116	0.01923	0.02761	0.05211	0.15034	0.02003	0.01367	0.01955	0.01136	0.01373	0.00819	0.00582	0.00617	0.00198	0.00955	0.00508	0.00276	0.00896
92	0.01378	0.01233	0.02029	0.11090	0.48178	0.01246	0.01563	0.01708	0.01418	0.04254	0.07055	0.08253	0.06304	0.00801	0.00649	0.00196	0.00653	0.00747	0.00387	0.00859
93	0.01586	0.01085	0.01461	0.23308	0.04101	0.04140	0.01200	0.07056	0.01595	0.17346	0.06270	0.03455	0.04715	0.01022	0.00694	0.00221	0.00650	0.18812	0.00522	0.00763
94	0.01478	0.01567	0.06295	0.06999	0.44943	0.01481	0.17569	0.01989	0.06086	0.02029	0.01317	0.03043	0.01078	0.00599	0.00647	0.00195	0.00800	0.00623	0.00332	0.00926
95	0.00850	0.00643	0.00773	0.00851	0.00986	0.00603	0.00642	0.01088	0.04291	0.01749	0.04289	0.32747	0.27467	0.01684	0.00768	0.00240	0.00393	0.15676	0.03712	0.00550
96	0.01150	0.01057	0.01758	0.57084	0.10506	0.01263	0.01568	0.01516	0.01244	0.01627	0.01408	0.10393	0.01259	0.00973	0.04426	0.00251	0.00810	0.00699	0.00317	0.00692
97	0.01594	0.01198	0.04138	0.04374	0.19982	0.04358	0.02533	0.01864	0.01450	0.18603	0.02317	0.16812	0.04871	0.01072	0.00743	0.00217	0.03762	0.08800	0.00504	0.00808
98	0.00813	0.00602	0.00766	0.00878	0.00948	0.00578	0.00599	0.01038	0.05912	0.01691	0.05761	0.66462	0.07941	0.01837	0.00780	0.00246	0.00365	0.01656	0.00585	0.00541
99	0.01361	0.05251	0.52060	0.02037	0.10914	0.01461	0.09818	0.01979	0.01369	0.04273	0.03001	0.01481	0.00981	0.00601	0.00609	0.00195	0.00878	0.00519	0.00301	0.00912
100	0.05759	0.05301	0.07026	0.04656	0.36507	0.09353	0.10268	0.06609	0.03220	0.03676	0.01207	0.01480	0.00960	0.00589	0.00604	0.00186	0.00802	0.00539	0.00347	0.00911
101	0.01475	0.10802	0.15749	0.08862	0.34984	0.01525	0.06750	0.01895	0.01384	0.04199	0.01297	0.01808	0.01088	0.00640	0.00611	0.00191	0.00777	0.04746	0.00324	0.00895
102	0.00823	0.00637	0.00751	0.00730	0.00904	0.00565	0.00552	0.01058	0.01604	0.02125	0.42313	0.05314	0.35220	0.01420	0.00740	0.00205	0.00313	0.03528	0.00636	0.00561
103	0.01419	0.01540	0.06803	0.22007	0.26483	0.10010	0.01563	0.01807	0.04154	0.01802	0.03666	0.01845	0.03843	0.00897	0.03712	0.03061	0.03680	0.00586	0.00332	0.00791
104	0.03391	0.26108	0.14087	0.06201	0.08395	0.01693	0.09406	0.04816	0.03284	0.11295	0.01383	0.04893	0.01115	0.00662	0.00563	0.00180	0.00728	0.00554	0.00381	0.00866
105	0.01261	0.01156	0.01942	0.06956	0.41468	0.01160	0.04980	0.01560	0.01339	0.01870	0.04171	0.20717	0.01970	0.03070	0.03368	0.00244	0.00681	0.00899	0.00389	0.00799
106	0.00955	0.00730	0.01005	0.01072	0.01249	0.00700	0.03336	0.01218	0.01432	0.01825	0.03966	0.06590	0.20727	0.01645	0.00826	0.00265	0.00527	0.50795	0.00566	0.00571
107	0.06611	0.01348	0.06921	0.10994	0.06290	0.01239	0.01203	0.14356	0.01765	0.34897	0.01808	0.01822	0.01234	0.00966	0.05500	0.00246	0.00708	0.00576	0.00569	0.00945
108	0.01302	0.06595	0.54533	0.01904	0.07256	0.01481	0.08758	0.01968	0.03696	0.01960	0.01256	0.04257	0.00980	0.00640	0.00607	0.00197	0.00873	0.00544	0.00295	0.00898
109	0.01203	0.01151	0.01821	0.70162	0.04048	0.03956	0.01664	0.01599	0.01252	0.01582	0.01131	0.01682	0.00866	0.00828	0.04405	0.00246	0.00883	0.00554	0.00281	0.00686
110	0.03696	0.01908	0.08178	0.11611	0.05302	0.18553	0.18354	0.09639	0.01604	0.03632	0.01326	0.06695	0.01117	0.00731	0.00715	0.00199	0.04936	0.00635	0.00368	0.00800
111	0.01666	0.78478	0.03265	0.01066	0.01599	0.02465	0.01066	0.01866	0.01266	0.01466	0.00866	0.00999	0.00800	0.00533	0.00400	0.00133	0.00666	0.00333	0.00267	0.00800
112	0.00908	0.00694	0.01035	0.01025	0.01132	0.00821	0.00801	0.01127	0.01000	0.01448	0.01637	0.02407	0.01530	0.04538	0.72865	0.00974	0.04502	0.00663	0.00331	0.00561
113	0.01456	0.01593	0.03126	0.16136	0.13231	0.04020	0.47167	0.01928	0.01433	0.01912	0.01211	0.01639	0.00926	0.00551	0.00693	0.00205	0.00970	0.00666	0.00307	0.00830
114	0.06811	0.01097	0.01377	0.01103	0.01505	0.01066	0.00895	0.13759	0.01794	0.44585	0.04499	0.02164	0.01593	0.04452	0.10083	0.00310	0.00690	0.00633	0.00652	0.00932
115	0.04203	0.00745	0.01086	0.01021	0.01150	0.00830	0.03405	0.01148	0.00998	0.01476	0.01535	0.02382	0.01467	0.10988	0.49241	0.10199	0.03936	0.00652	0.00331	0.03207
116	0.00983	0.00746	0.01068	0.01036	0.01159	0.00873	0.00807	0.04703	0.01094	0.01565	0.01638	0.02415	0.01529	0.06888	0.66567	0.00919	0.04416	0.00666	0.00348	0.00580
117	0.00955	0.00694	0.00993	0.00973	0.01072	0.00795	0.00738	0.01142	0.01022	0.03125	0.03512	0.02706	0.01747	0.15791	0.57820	0.00872	0.04429	0.00710	0.00357	0.00546
118	0.01245	0.01088	0.01806	0.43008	0.11231	0.01245	0.05359	0.01658	0.04120	0.04704	0.01520	0.09160	0.01321	0.01175	0.08438	0.00292	0.00848	0.00703	0.00352	0.00728
119	0.01262	0.01253	0.07399	0.00985	0.01543	0.00866	0.00859	0.01577	0.01325	0.02056	0.05854	0.01513	0.01235	0.00525	0.00490	0.00108	0.00489	0.00426	0.00381	0.69854
120	0.05534	0.00857	0.01070	0.00946	0.01224	0.00820	0.00751	0.03084	0.04509	0.19348	0.19590	0.03471	0.09956	0.03528	0.11674	0.00325	0.00618	0.06091	0.00588	0.06016
121	0.01200	0.07508	0.05938	0.01102	0.01427	0.01107	0.05487	0.09261	0.09565	0.02147	0.12938	0.09870	0.21426	0.01361	0.05008	0.00250	0.00576	0.02587	0.00528	0.00713
122	0.19213	0.01319	0.01413	0.06044	0.01738	0.06877	0.00963	0.08049	0.07984	0.35501	0.01820	0.01730	0.01236	0.00708	0.00567	0.00190	0.00592	0.00539	0.00590	0.02927

[dist]
# distance from previous block
# <min> <max>
9	11

[block]
# block no. 2 follows, 36 sequences, length 8
# corresponding to MSA columns:
# 210-217
name=unknown_C
#
# <colnr> <probs for GDERKNQSTAVLIFYWHMCP>
#	G	D	E	R	K	N	Q	S	T	A	V	L	I	F	Y	W	H	M	C	P
0	0.11987	0.01130	0.01410	0.06174	0.06856	0.01150	0.00996	0.10480	0.05874	0.28941	0.02328	0.02408	0.08538	0.01087	0.05490	0.00251	0.00629	0.02815	0.00579	0.00878
1	0.01379	0.30408	0.25960	0.06256	0.02095	0.01745	0.03118	0.01868	0.05961	0.01784	0.04760	0.06407	0.01334	0.00728	0.00606	0.00182	0.03706	0.00562	0.00332	0.00811
2	0.01538	0.18388	0.27836	0.06038	0.04853	0.05048	0.04859	0.05664	0.01394	0.05723	0.01156	0.01399	0.00904	0.00847	0.04437	0.00229	0.08035	0.00485	0.00322	0.00845
3	0.01218	0.00945	0.01118	0.09878	0.01548	0.05600	0.00874	0.05213	0.05606	0.06515	0.02666	0.27973	0.06326	0.06645	0.07690	0.00324	0.00655	0.08056	0.00509	0.00640
4	0.01489	0.21873	0.28256	0.05320	0.10828	0.01592	0.03623	0.01905	0.01314	0.07660	0.01211	0.01456	0.00949	0.00938	0.06099	0.02996	0.00843	0.00483	0.00318	0.00847
5	0.06866	0.06649	0.19296	0.04661	0.06610	0.07921	0.01340	0.11013	0.03344	0.08306	0.05486	0.12496	0.01672	0.00863	0.00611	0.00196	0.00691	0.00705	0.00446	0.00829
6	0.01068	0.04357	0.01252	0.15157	0.06401	0.00933	0.00948	0.01359	0.03882	0.04792	0.03229	0.13945	0.22887	0.01751	0.12004	0.00333	0.00692	0.03904	0.00464	0.00642
7	0.01446	0.03653	0.06098	0.21369	0.02434	0.01266	0.08819	0.05179	0.06096	0.11108	0.05070	0.08581	0.05278	0.00926	0.00758	0.00215	0.05639	0.04837	0.00456	0.00772

[dist]
# distance from previous block
# <min> <max>
0	9

# created by:
# /home/cegg/simao/soft/augustus-3.2.1/scripts/msa2prfl.pl ./align_prep/EOG090W0FIE.fa
