[name]
unknown

[dist]
# distance from previous block
# <min> <max>
0	738

[block]
# block no. 0 follows, 32 sequences, length 33
# corresponding to MSA columns:
# 763-795
name=unknown_A
#
# <colnr> <probs for GDERKNQSTAVLIFYWHMCP>
#	G	D	E	R	K	N	Q	S	T	A	V	L	I	F	Y	W	H	M	C	P
0	0.01081	0.00772	0.01081	0.01236	0.01390	0.00772	0.01081	0.01390	0.01545	0.02008	0.03553	0.07569	0.03862	0.01854	0.00927	0.00309	0.00618	0.67717	0.00618	0.00618
1	0.00943	0.00686	0.00888	0.00837	0.00998	0.00630	0.00628	0.01254	0.01884	0.02654	0.69175	0.05072	0.09058	0.01385	0.00791	0.00212	0.00318	0.01222	0.00734	0.00630
2	0.81159	0.01298	0.00986	0.00882	0.01298	0.01505	0.00727	0.01972	0.01142	0.03010	0.00934	0.01090	0.00727	0.00623	0.00415	0.00208	0.00519	0.00363	0.00415	0.00727
3	0.00959	0.00719	0.01078	0.01078	0.01198	0.00839	0.00839	0.01198	0.01078	0.01558	0.01797	0.02636	0.01677	0.05032	0.73760	0.01078	0.01797	0.00719	0.00359	0.00599
4	0.01435	0.01214	0.01396	0.01047	0.01589	0.01010	0.00833	0.04005	0.09934	0.02355	0.05611	0.01749	0.01445	0.00609	0.00542	0.00125	0.00498	0.00496	0.00461	0.63646
5	0.01346	0.03471	0.72942	0.01912	0.02904	0.01558	0.02479	0.02125	0.01417	0.02125	0.01204	0.01417	0.00850	0.00637	0.00637	0.00212	0.00992	0.00496	0.00283	0.00992
6	0.02607	0.01790	0.01958	0.01501	0.02036	0.01948	0.01240	0.61891	0.03005	0.12546	0.01737	0.01693	0.01204	0.00809	0.00672	0.00202	0.00718	0.00613	0.00691	0.01141
7	0.00888	0.00634	0.00860	0.01015	0.01085	0.00606	0.00745	0.01056	0.01354	0.01792	0.03659	0.57689	0.04284	0.02036	0.00875	0.00282	0.00450	0.19503	0.00622	0.00564
8	0.01669	0.01441	0.01517	0.01365	0.01745	0.01669	0.01062	0.03565	0.71021	0.02807	0.02731	0.02503	0.02048	0.00910	0.00683	0.00228	0.00531	0.00759	0.00683	0.01062
9	0.01794	0.76823	0.03516	0.01148	0.01722	0.02655	0.01148	0.02009	0.01363	0.01579	0.00933	0.01076	0.00861	0.00574	0.00431	0.00144	0.00718	0.00359	0.00287	0.00861
10	0.01366	0.01193	0.01520	0.16269	0.02217	0.01018	0.01016	0.01695	0.01381	0.02089	0.01193	0.01474	0.00973	0.00533	0.00533	0.00125	0.00579	0.00439	0.00377	0.64011
11	0.02551	0.01879	0.02014	0.01544	0.02081	0.02081	0.01275	0.69996	0.03155	0.04229	0.01611	0.01611	0.01141	0.00805	0.00671	0.00201	0.00738	0.00604	0.00671	0.01141
12	0.00959	0.00719	0.01078	0.01078	0.01198	0.00839	0.00839	0.01198	0.01078	0.01558	0.01797	0.02636	0.01677	0.05032	0.73760	0.01078	0.01797	0.00719	0.00359	0.00599
13	0.01589	0.01481	0.01953	0.12391	0.02171	0.04127	0.01437	0.09966	0.01382	0.02001	0.01099	0.01587	0.00965	0.01017	0.01636	0.00260	0.48396	0.00588	0.05175	0.00780
14	0.23449	0.01529	0.07786	0.01241	0.01778	0.01382	0.01104	0.15510	0.01905	0.35026	0.01870	0.01764	0.01243	0.00754	0.00602	0.00207	0.00626	0.00563	0.00642	0.01019
15	0.01584	0.01810	0.03959	0.02828	0.03507	0.01697	0.69796	0.02149	0.01584	0.02149	0.01357	0.01810	0.01018	0.00566	0.00792	0.00226	0.01131	0.00792	0.00339	0.00905
16	0.00802	0.00669	0.00699	0.00714	0.00917	0.00567	0.00527	0.00971	0.01516	0.01834	0.08851	0.14168	0.62000	0.01732	0.00800	0.00231	0.00345	0.01464	0.00627	0.00567
17	0.00818	0.00584	0.00779	0.00934	0.00973	0.00545	0.00623	0.00934	0.01285	0.01713	0.03698	0.75981	0.04438	0.02102	0.00856	0.00273	0.00389	0.01908	0.00623	0.00545
18	0.00971	0.00715	0.00913	0.00858	0.01027	0.00670	0.00645	0.01343	0.04527	0.02663	0.66872	0.04969	0.08552	0.01366	0.00787	0.00212	0.00326	0.01203	0.00732	0.00647
19	0.00825	0.00587	0.00776	0.00924	0.00961	0.00550	0.00612	0.00936	0.01269	0.01692	0.03620	0.72438	0.04339	0.05780	0.00983	0.00291	0.00402	0.01861	0.00612	0.00538
20	0.01669	0.01441	0.01517	0.01365	0.01745	0.01669	0.01062	0.03565	0.71021	0.02807	0.02731	0.02503	0.02048	0.00910	0.00683	0.00228	0.00531	0.00759	0.00683	0.01062
21	0.00959	0.00719	0.01078	0.01078	0.01198	0.00839	0.00839	0.01198	0.01078	0.01558	0.01797	0.02636	0.01677	0.05032	0.73760	0.01078	0.01797	0.00719	0.00359	0.00599
22	0.01391	0.01193	0.01391	0.00994	0.01590	0.00894	0.00795	0.01690	0.01391	0.02186	0.01193	0.01391	0.00994	0.00497	0.00497	0.00099	0.00497	0.00398	0.00398	0.80521
23	0.00815	0.00593	0.00769	0.00910	0.00967	0.00547	0.00612	0.00937	0.01308	0.01722	0.03995	0.69331	0.10896	0.02064	0.00850	0.00268	0.00385	0.01861	0.00623	0.00547
24	0.00826	0.00681	0.00726	0.00714	0.00927	0.00581	0.00536	0.01027	0.01607	0.01998	0.20522	0.06153	0.58121	0.01630	0.00793	0.00223	0.00335	0.01373	0.00647	0.00581
25	0.81159	0.01298	0.00986	0.00882	0.01298	0.01505	0.00727	0.01972	0.01142	0.03010	0.00934	0.01090	0.00727	0.00623	0.00415	0.00208	0.00519	0.00363	0.00415	0.00727
26	0.02506	0.03198	0.01901	0.01729	0.02074	0.73725	0.01296	0.02679	0.01901	0.01642	0.01037	0.01210	0.00864	0.00691	0.00605	0.00173	0.01210	0.00432	0.00346	0.00778
27	0.00959	0.00719	0.01078	0.01078	0.01198	0.00839	0.00839	0.01198	0.01078	0.01558	0.01797	0.02636	0.01677	0.05032	0.73760	0.01078	0.01797	0.00719	0.00359	0.00599
28	0.81159	0.01298	0.00986	0.00882	0.01298	0.01505	0.00727	0.01972	0.01142	0.03010	0.00934	0.01090	0.00727	0.00623	0.00415	0.00208	0.00519	0.00363	0.00415	0.00727
29	0.00916	0.00681	0.00853	0.00817	0.00984	0.00618	0.00610	0.01199	0.01811	0.02496	0.57624	0.07623	0.18373	0.01456	0.00794	0.00216	0.00323	0.01274	0.00713	0.00618
30	0.01334	0.01117	0.01300	0.00957	0.01471	0.00861	0.00741	0.01590	0.01334	0.02063	0.01321	0.01809	0.01195	0.11060	0.00903	0.00176	0.00518	0.00478	0.00399	0.69374
31	0.17253	0.30475	0.06453	0.01330	0.03846	0.07825	0.01173	0.08447	0.05752	0.09828	0.01319	0.01390	0.01023	0.00666	0.00524	0.00181	0.00713	0.00461	0.00434	0.00909
32	0.01621	0.23349	0.22181	0.01457	0.04412	0.03840	0.01442	0.03840	0.01474	0.06647	0.03902	0.03784	0.01333	0.05122	0.00788	0.00207	0.03094	0.00558	0.00382	0.10567

[dist]
# distance from previous block
# <min> <max>
1	18

[block]
# block no. 1 follows, 32 sequences, length 36
# corresponding to MSA columns:
# 814-849
name=unknown_B
#
# <colnr> <probs for GDERKNQSTAVLIFYWHMCP>
#	G	D	E	R	K	N	Q	S	T	A	V	L	I	F	Y	W	H	M	C	P
0	0.01001	0.00824	0.00922	0.00980	0.04771	0.00711	0.00672	0.01170	0.01666	0.02099	0.17823	0.06024	0.55507	0.01646	0.00835	0.00245	0.00406	0.01360	0.00665	0.00671
1	0.01339	0.04837	0.01478	0.01183	0.01338	0.00944	0.09291	0.04777	0.03371	0.01522	0.01251	0.01953	0.01158	0.01893	0.02115	0.59485	0.00665	0.00604	0.00330	0.00467
2	0.02257	0.01227	0.05149	0.01176	0.01635	0.01051	0.00994	0.02804	0.13201	0.42519	0.06620	0.05193	0.09077	0.00982	0.00693	0.00212	0.00542	0.00814	0.00734	0.03119
3	0.02785	0.01460	0.01692	0.01323	0.01830	0.05134	0.01082	0.20684	0.06302	0.46974	0.02297	0.02065	0.01506	0.00821	0.00671	0.00205	0.00646	0.00648	0.00755	0.01118
4	0.61674	0.01259	0.01129	0.00960	0.01401	0.01376	0.00791	0.02296	0.01336	0.20386	0.01361	0.01388	0.00960	0.00675	0.00480	0.00208	0.00532	0.00441	0.00519	0.00830
5	0.00816	0.00589	0.00774	0.00922	0.00970	0.00546	0.00617	0.00936	0.01297	0.01718	0.03850	0.72569	0.07752	0.02082	0.00853	0.00270	0.00387	0.01883	0.00623	0.00546
6	0.00896	0.00684	0.00823	0.00788	0.00970	0.00610	0.00591	0.01163	0.01773	0.02391	0.49674	0.05505	0.28723	0.01484	0.00792	0.00216	0.00325	0.01283	0.00699	0.00610
7	0.00950	0.00686	0.00897	0.00844	0.01002	0.00633	0.00633	0.01266	0.01899	0.02691	0.71879	0.05012	0.06331	0.01372	0.00791	0.00211	0.00317	0.01213	0.00739	0.00633
8	0.76228	0.01334	0.01051	0.00924	0.01347	0.01541	0.00761	0.06239	0.01268	0.03087	0.00977	0.01123	0.00753	0.00634	0.00431	0.00207	0.00533	0.00378	0.00431	0.00753
9	0.01357	0.03393	0.69715	0.01955	0.02932	0.01565	0.05629	0.02126	0.01424	0.02126	0.01211	0.01435	0.00858	0.00634	0.00645	0.00213	0.00998	0.00510	0.00286	0.00988
10	0.00935	0.00757	0.00950	0.00927	0.01067	0.00772	0.00701	0.01145	0.01512	0.02028	0.25573	0.16902	0.26444	0.01872	0.06772	0.00305	0.08845	0.01287	0.00601	0.00605
11	0.01616	0.00909	0.00960	0.00844	0.01098	0.00940	0.00662	0.15465	0.01790	0.06975	0.02099	0.02309	0.01600	0.00789	0.00522	0.00168	0.00414	0.00624	0.59456	0.00760
12	0.01625	0.30488	0.31877	0.01664	0.06289	0.01966	0.01736	0.02291	0.09915	0.04290	0.01339	0.01464	0.01039	0.00651	0.00568	0.00188	0.00808	0.00488	0.00354	0.00960
13	0.01634	0.04755	0.09230	0.08894	0.11898	0.05304	0.06410	0.07024	0.23691	0.02337	0.01760	0.01997	0.01386	0.03064	0.04640	0.00273	0.03652	0.00651	0.00460	0.00942
14	0.01824	0.01208	0.01456	0.01064	0.01639	0.00964	0.00860	0.04798	0.01588	0.19094	0.01556	0.01613	0.01159	0.00589	0.00546	0.00129	0.00524	0.00472	0.00512	0.58404
15	0.02152	0.01535	0.01669	0.01330	0.01744	0.01687	0.01073	0.50846	0.02602	0.03569	0.01704	0.01959	0.01320	0.05551	0.05111	0.03483	0.00736	0.00634	0.10323	0.00970
16	0.01468	0.01468	0.02055	0.01762	0.01762	0.02055	0.01468	0.01615	0.01028	0.01615	0.00881	0.01468	0.00881	0.01174	0.02202	0.00294	0.75191	0.00587	0.00294	0.00734
17	0.01166	0.00583	0.00874	0.00874	0.00874	0.00583	0.00583	0.00874	0.00874	0.01166	0.01166	0.02040	0.01166	0.02331	0.02622	0.80478	0.00583	0.00583	0.00291	0.00291
18	0.01318	0.01245	0.03904	0.63074	0.04194	0.01450	0.03349	0.01746	0.01357	0.04091	0.01359	0.05428	0.01095	0.00757	0.00724	0.00227	0.02925	0.00665	0.00332	0.00759
19	0.02232	0.01696	0.02205	0.01841	0.06298	0.11140	0.15587	0.17623	0.02041	0.21151	0.01955	0.07560	0.01549	0.00866	0.00711	0.00213	0.00813	0.02966	0.00575	0.00976
20	0.01732	0.03025	0.02087	0.05332	0.28759	0.01517	0.03218	0.11352	0.11413	0.06319	0.06965	0.02148	0.01670	0.02966	0.00926	0.04939	0.03521	0.00681	0.00481	0.00948
21	0.01372	0.01379	0.05826	0.28305	0.24367	0.01388	0.06615	0.01818	0.02907	0.01971	0.01514	0.06348	0.01299	0.01065	0.06162	0.00279	0.00883	0.00700	0.04959	0.00844
22	0.01906	0.01574	0.01766	0.01676	0.08562	0.01773	0.01215	0.21337	0.46087	0.03132	0.02289	0.02182	0.01710	0.00852	0.00678	0.00218	0.00612	0.00702	0.00646	0.01083
23	0.00816	0.00589	0.00773	0.00920	0.00969	0.00546	0.00616	0.00936	0.01299	0.01719	0.03877	0.71962	0.08341	0.02079	0.00853	0.00270	0.00386	0.01879	0.00623	0.00546
24	0.16656	0.01679	0.01758	0.01366	0.01883	0.01825	0.01127	0.48738	0.02596	0.09030	0.01542	0.01555	0.01097	0.00756	0.00615	0.00197	0.00672	0.00554	0.00621	0.05731
25	0.01919	0.14745	0.13006	0.02223	0.14497	0.04414	0.17726	0.05931	0.03238	0.13672	0.01490	0.01662	0.01104	0.00651	0.00651	0.00199	0.00860	0.00599	0.00427	0.00987
26	0.01166	0.00583	0.00874	0.00874	0.00874	0.00583	0.00583	0.00874	0.00874	0.01166	0.01166	0.02040	0.01166	0.02331	0.02622	0.80478	0.00583	0.00583	0.00291	0.00291
27	0.00980	0.00700	0.00965	0.01119	0.01229	0.00685	0.00904	0.01214	0.01444	0.01894	0.03609	0.33949	0.04084	0.01949	0.00900	0.00295	0.00530	0.42341	0.00620	0.00590
28	0.04338	0.02045	0.22907	0.07452	0.23616	0.01501	0.07513	0.06863	0.01617	0.09634	0.01526	0.05301	0.01208	0.00725	0.00670	0.00212	0.00831	0.00649	0.00409	0.00984
29	0.04409	0.04296	0.20209	0.05654	0.13481	0.01550	0.16512	0.05966	0.03952	0.15077	0.01563	0.01740	0.01120	0.00668	0.00673	0.00211	0.00858	0.00619	0.00441	0.00997
30	0.01539	0.02136	0.19261	0.06277	0.02428	0.08733	0.09217	0.01904	0.01285	0.01804	0.01044	0.01488	0.00888	0.00902	0.01427	0.00251	0.37721	0.00573	0.00301	0.00819
31	0.38256	0.03833	0.01719	0.07669	0.17625	0.16766	0.01247	0.02121	0.01410	0.02397	0.01050	0.01298	0.00848	0.00634	0.00532	0.00198	0.00762	0.00449	0.00369	0.00818
32	0.00896	0.00684	0.00822	0.00787	0.00969	0.00610	0.00591	0.01161	0.01772	0.02387	0.49396	0.05511	0.29004	0.01485	0.00792	0.00216	0.00325	0.01283	0.00699	0.00610
33	0.01418	0.01146	0.01355	0.00989	0.01544	0.00875	0.00789	0.01716	0.01457	0.05060	0.07436	0.01744	0.01488	0.00587	0.00530	0.00113	0.00484	0.00480	0.00445	0.70346
34	0.81159	0.01298	0.00986	0.00882	0.01298	0.01505	0.00727	0.01972	0.01142	0.03010	0.00934	0.01090	0.00727	0.00623	0.00415	0.00208	0.00519	0.00363	0.00415	0.00727
35	0.00799	0.00658	0.00702	0.00738	0.00922	0.00562	0.00536	0.00956	0.01473	0.01790	0.06088	0.22374	0.56502	0.01792	0.00808	0.00237	0.00351	0.01529	0.00623	0.00562

[dist]
# distance from previous block
# <min> <max>
6	36

[block]
# block no. 2 follows, 32 sequences, length 25
# corresponding to MSA columns:
# 887-911
name=unknown_C
#
# <colnr> <probs for GDERKNQSTAVLIFYWHMCP>
#	G	D	E	R	K	N	Q	S	T	A	V	L	I	F	Y	W	H	M	C	P
0	0.01365	0.01085	0.04578	0.01032	0.01407	0.00873	0.00832	0.04912	0.03718	0.08830	0.08270	0.20685	0.08599	0.03518	0.00764	0.00204	0.00490	0.00994	0.00558	0.27285
1	0.01738	0.01741	0.10721	0.01502	0.05657	0.07805	0.03317	0.09330	0.08078	0.08199	0.03084	0.07128	0.01494	0.00773	0.00625	0.00176	0.00683	0.00640	0.00487	0.26820
2	0.00917	0.00658	0.00746	0.00766	0.00841	0.00623	0.00494	0.01000	0.01215	0.01569	0.06945	0.12464	0.20278	0.43308	0.02264	0.00470	0.00528	0.03928	0.00508	0.00481
3	0.01614	0.01488	0.09334	0.04018	0.09414	0.03477	0.03473	0.12574	0.03807	0.09217	0.18947	0.04684	0.09973	0.01001	0.00708	0.00207	0.00623	0.00856	0.00573	0.04011
4	0.01889	0.67039	0.03302	0.01225	0.01769	0.12099	0.01168	0.02098	0.01435	0.01587	0.00947	0.01094	0.00862	0.00590	0.00454	0.00147	0.00783	0.00369	0.00295	0.00850
5	0.01418	0.01279	0.01753	0.01252	0.01860	0.01007	0.10499	0.01754	0.01418	0.02181	0.01216	0.01450	0.00997	0.00507	0.00538	0.00117	0.00586	0.00453	0.00389	0.69324
6	0.02506	0.03198	0.01901	0.01729	0.02074	0.73725	0.01296	0.02679	0.01901	0.01642	0.01037	0.01210	0.00864	0.00691	0.00605	0.00173	0.01210	0.00432	0.00346	0.00778
7	0.01600	0.01511	0.09302	0.01743	0.09657	0.01333	0.08252	0.16739	0.06940	0.05910	0.08452	0.18165	0.05219	0.01113	0.00735	0.00224	0.00661	0.00992	0.00561	0.00891
8	0.01334	0.01347	0.04959	0.58526	0.10198	0.01539	0.01848	0.01845	0.04667	0.01820	0.01257	0.01781	0.00962	0.00699	0.00745	0.00225	0.04534	0.00600	0.00319	0.00798
9	0.02427	0.03065	0.01913	0.01731	0.02050	0.68236	0.01310	0.02598	0.01835	0.01640	0.01025	0.01230	0.00866	0.00728	0.00727	0.00182	0.06877	0.00444	0.00342	0.00775
10	0.00818	0.00584	0.00779	0.00934	0.00973	0.00545	0.00623	0.00934	0.01285	0.01713	0.03698	0.75981	0.04438	0.02102	0.00856	0.00273	0.00389	0.01908	0.00623	0.00545
11	0.01273	0.00757	0.01000	0.00899	0.01114	0.00688	0.00688	0.01580	0.01903	0.13667	0.61024	0.04584	0.05599	0.01287	0.00773	0.00211	0.00356	0.01129	0.00753	0.00713
12	0.02560	0.01491	0.09023	0.01856	0.15791	0.01200	0.01359	0.05119	0.01833	0.49355	0.02193	0.02051	0.01443	0.00764	0.00669	0.00206	0.00664	0.00639	0.00671	0.01111
13	0.01392	0.06820	0.64137	0.02049	0.08274	0.01613	0.02383	0.02114	0.01423	0.02104	0.01196	0.01420	0.00867	0.00631	0.00630	0.00208	0.00963	0.00497	0.00287	0.00991
14	0.01011	0.00674	0.00842	0.00800	0.00958	0.00632	0.00600	0.01327	0.01799	0.02652	0.57699	0.04501	0.05393	0.01252	0.00726	0.00200	0.00316	0.01094	0.16896	0.00632
15	0.02499	0.01775	0.01930	0.01488	0.02005	0.01942	0.01226	0.62475	0.03016	0.08362	0.05170	0.01822	0.01431	0.00835	0.00677	0.00202	0.00707	0.00639	0.00684	0.01116
16	0.01134	0.00961	0.01353	0.11903	0.01824	0.00984	0.06245	0.03343	0.09948	0.02330	0.29372	0.08588	0.16853	0.01245	0.00762	0.00223	0.00510	0.01102	0.00605	0.00717
17	0.01819	0.01560	0.02344	0.02955	0.41482	0.01581	0.04329	0.10583	0.11791	0.06339	0.01590	0.01795	0.01240	0.00672	0.00660	0.00197	0.00729	0.00618	0.00456	0.07260
18	0.01732	0.02098	0.23259	0.01968	0.11682	0.03775	0.05677	0.13042	0.06389	0.07900	0.06988	0.02226	0.03577	0.00831	0.00749	0.00216	0.03837	0.02605	0.00479	0.00969
19	0.01470	0.01291	0.04952	0.08860	0.05474	0.01055	0.04473	0.01862	0.03620	0.07750	0.05161	0.02128	0.06685	0.00702	0.00601	0.00156	0.00594	0.00601	0.00452	0.42115
20	0.01404	0.01210	0.01850	0.17354	0.14108	0.03245	0.07828	0.01900	0.07479	0.05671	0.18114	0.07551	0.02754	0.01011	0.00738	0.00224	0.00679	0.05555	0.00512	0.00814
21	0.01332	0.01113	0.01252	0.04123	0.01544	0.01222	0.00905	0.02491	0.39586	0.02567	0.20503	0.08018	0.10222	0.01169	0.00731	0.00226	0.00464	0.01003	0.00672	0.00860
22	0.00963	0.00703	0.00998	0.00998	0.01090	0.00795	0.00739	0.01147	0.01055	0.01498	0.01871	0.03042	0.01854	0.21539	0.57494	0.00979	0.01532	0.00778	0.00370	0.00555
23	0.09409	0.02855	0.01909	0.01913	0.09617	0.59478	0.01329	0.02549	0.01793	0.01824	0.01052	0.01248	0.00874	0.00675	0.00595	0.00179	0.01104	0.00444	0.00350	0.00804
24	0.01785	0.01887	0.16244	0.01419	0.03926	0.04789	0.01302	0.14292	0.01786	0.08274	0.01384	0.01508	0.01041	0.00621	0.00582	0.00156	0.00691	0.00485	0.00455	0.37374

[dist]
# distance from previous block
# <min> <max>
3	7

[block]
# block no. 3 follows, 32 sequences, length 19
# corresponding to MSA columns:
# 921-939
name=unknown_D
#
# <colnr> <probs for GDERKNQSTAVLIFYWHMCP>
#	G	D	E	R	K	N	Q	S	T	A	V	L	I	F	Y	W	H	M	C	P
0	0.01280	0.01074	0.01254	0.00942	0.01435	0.00831	0.00737	0.01556	0.01434	0.02167	0.09084	0.02295	0.06828	0.04514	0.00697	0.00148	0.00474	0.00587	0.00450	0.62211
1	0.01412	0.01343	0.01955	0.55003	0.07416	0.04617	0.01706	0.02103	0.13809	0.01930	0.01464	0.01885	0.01108	0.00711	0.00670	0.00221	0.00838	0.00618	0.00371	0.00819
2	0.00793	0.00680	0.00680	0.00680	0.00906	0.00566	0.00510	0.00963	0.01529	0.01813	0.06797	0.06457	0.71961	0.01699	0.00793	0.00227	0.00340	0.01416	0.00623	0.00566
3	0.01381	0.00687	0.00772	0.00747	0.00934	0.00664	0.00570	0.01674	0.01491	0.09952	0.07040	0.08225	0.02302	0.00964	0.00559	0.00180	0.00358	0.03354	0.57471	0.00675
4	0.02006	0.00944	0.01228	0.01020	0.01378	0.00840	0.00812	0.02329	0.04233	0.38298	0.25963	0.03717	0.12098	0.01121	0.00728	0.00212	0.00457	0.00949	0.00769	0.00899
5	0.00875	0.00680	0.00798	0.00791	0.00973	0.00603	0.00595	0.01111	0.01676	0.02198	0.34894	0.10429	0.36035	0.01589	0.00802	0.00226	0.00344	0.04111	0.00673	0.00596
6	0.01794	0.76823	0.03516	0.01148	0.01722	0.02655	0.01148	0.02009	0.01363	0.01579	0.00933	0.01076	0.00861	0.00574	0.00431	0.00144	0.00718	0.00359	0.00287	0.00861
7	0.01251	0.00625	0.00625	0.00625	0.00782	0.00625	0.00469	0.01563	0.01407	0.02502	0.02189	0.02502	0.01720	0.00782	0.00469	0.00156	0.00313	0.00625	0.80144	0.00625
8	0.81159	0.01298	0.00986	0.00882	0.01298	0.01505	0.00727	0.01972	0.01142	0.03010	0.00934	0.01090	0.00727	0.00623	0.00415	0.00208	0.00519	0.00363	0.00415	0.00727
9	0.00944	0.00679	0.00869	0.00979	0.01054	0.00658	0.00671	0.05994	0.01422	0.01897	0.03545	0.70532	0.04196	0.02007	0.00843	0.00267	0.00415	0.01812	0.00626	0.00589
10	0.01661	0.01594	0.02724	0.04119	0.72233	0.01594	0.02059	0.02059	0.01528	0.02192	0.01262	0.01661	0.01063	0.00598	0.00664	0.00199	0.00797	0.00598	0.00332	0.01063
11	0.01023	0.00846	0.01020	0.01058	0.01161	0.05869	0.00777	0.01205	0.01197	0.01599	0.02375	0.26292	0.02553	0.07771	0.41159	0.00731	0.01238	0.01096	0.00446	0.00583
12	0.02506	0.03198	0.01901	0.01729	0.02074	0.73725	0.01296	0.02679	0.01901	0.01642	0.01037	0.01210	0.00864	0.00691	0.00605	0.00173	0.01210	0.00432	0.00346	0.00778
13	0.01584	0.01810	0.03959	0.02828	0.03507	0.01697	0.69796	0.02149	0.01584	0.02149	0.01357	0.01810	0.01018	0.00566	0.00792	0.00226	0.01131	0.00792	0.00339	0.00905
14	0.00828	0.00636	0.00758	0.00822	0.00952	0.00567	0.00581	0.00995	0.01472	0.01898	0.15134	0.38363	0.30912	0.01836	0.00822	0.00245	0.00359	0.01613	0.00640	0.00567
15	0.01304	0.01231	0.02080	0.68099	0.11036	0.01501	0.01882	0.01747	0.01359	0.01760	0.01199	0.01777	0.00910	0.00664	0.00670	0.00221	0.00885	0.00596	0.00301	0.00775
16	0.01252	0.00652	0.00691	0.04144	0.00964	0.00666	0.00535	0.01571	0.01404	0.02464	0.02142	0.02468	0.01681	0.00776	0.00479	0.00160	0.00340	0.00624	0.76356	0.00631
17	0.00883	0.00611	0.00759	0.00851	0.00874	0.00589	0.00534	0.00951	0.01157	0.01543	0.03045	0.46464	0.03614	0.32743	0.01911	0.00428	0.00497	0.01523	0.00534	0.00488
18	0.00872	0.00668	0.00790	0.00831	0.00975	0.00607	0.00594	0.01092	0.03686	0.01961	0.18246	0.30741	0.30436	0.01774	0.00870	0.02771	0.00367	0.01505	0.00637	0.00579

[dist]
# distance from previous block
# <min> <max>
0	1

[block]
# block no. 4 follows, 32 sequences, length 16
# corresponding to MSA columns:
# 941-956
name=unknown_E
#
# <colnr> <probs for GDERKNQSTAVLIFYWHMCP>
#	G	D	E	R	K	N	Q	S	T	A	V	L	I	F	Y	W	H	M	C	P
0	0.02010	0.13814	0.02581	0.02352	0.22413	0.10680	0.07845	0.14704	0.04696	0.06480	0.01375	0.01578	0.01082	0.00698	0.00716	0.00197	0.04797	0.00569	0.00431	0.00983
1	0.01239	0.01150	0.01929	0.68187	0.04314	0.01432	0.01771	0.01668	0.01318	0.01700	0.01247	0.01865	0.00965	0.01062	0.07233	0.00300	0.00976	0.00607	0.00304	0.00732
2	0.63980	0.01713	0.01186	0.01067	0.01467	0.17279	0.00851	0.02127	0.01308	0.02712	0.00957	0.01116	0.00757	0.00638	0.00457	0.00200	0.00670	0.00378	0.00400	0.00738
3	0.02645	0.01064	0.01425	0.01119	0.01583	0.00920	0.00915	0.02901	0.01884	0.60695	0.08596	0.02878	0.08349	0.00952	0.00695	0.00210	0.00530	0.00785	0.00804	0.01049
4	0.01561	0.01331	0.01975	0.45848	0.10353	0.01551	0.01644	0.16224	0.01777	0.02374	0.05091	0.01935	0.01282	0.00734	0.00670	0.00214	0.00801	0.00632	0.03156	0.00850
5	0.00918	0.00678	0.00857	0.00827	0.00987	0.00617	0.00615	0.01199	0.01802	0.02494	0.57646	0.10341	0.15586	0.01471	0.00796	0.00218	0.00325	0.01293	0.00714	0.00617
6	0.01592	0.47064	0.06630	0.06367	0.01975	0.02111	0.04422	0.02035	0.08085	0.01848	0.06042	0.01916	0.05965	0.00740	0.00546	0.00174	0.00696	0.00565	0.00378	0.00848
7	0.00895	0.00649	0.00847	0.00887	0.01002	0.00601	0.00641	0.01126	0.01626	0.02237	0.39248	0.32965	0.08759	0.01693	0.00822	0.00240	0.00358	0.04126	0.00683	0.00595
8	0.00928	0.00669	0.00878	0.00859	0.00998	0.00619	0.00631	0.01212	0.01799	0.02532	0.60789	0.16556	0.06023	0.01491	0.00802	0.00221	0.00328	0.01326	0.00720	0.00619
9	0.01391	0.01193	0.01391	0.00994	0.01590	0.00894	0.00795	0.01690	0.01391	0.02186	0.01193	0.01391	0.00994	0.00497	0.00497	0.00099	0.00497	0.00398	0.00398	0.80521
10	0.01144	0.00590	0.00858	0.00858	0.00858	0.00590	0.00563	0.00885	0.00885	0.01181	0.01271	0.02300	0.01307	0.10550	0.02710	0.71622	0.00590	0.00626	0.00304	0.00304
11	0.02307	0.24351	0.02388	0.01530	0.01973	0.41445	0.01250	0.13434	0.01949	0.02044	0.01100	0.01236	0.00908	0.00676	0.00565	0.00169	0.00990	0.00439	0.00382	0.00861
12	0.01583	0.04928	0.01683	0.01376	0.01540	0.01500	0.01120	0.01883	0.06064	0.12770	0.01597	0.02145	0.01389	0.07771	0.18519	0.00478	0.31793	0.00662	0.00428	0.00770
13	0.01598	0.23904	0.13763	0.09834	0.19563	0.03591	0.01602	0.01977	0.01436	0.03540	0.01268	0.04510	0.01093	0.00664	0.00581	0.00180	0.00772	0.00542	0.00338	0.09244
14	0.00901	0.00665	0.00845	0.00907	0.01016	0.00599	0.00619	0.01044	0.01325	0.01806	0.08760	0.53912	0.06248	0.08500	0.01040	0.00282	0.00417	0.01595	0.00589	0.08930
15	0.01869	0.22046	0.08038	0.08570	0.14097	0.19039	0.05474	0.06774	0.01675	0.02005	0.03669	0.01516	0.01122	0.00663	0.00599	0.00184	0.00896	0.00521	0.00355	0.00888

[dist]
# distance from previous block
# <min> <max>
0	1

[block]
# block no. 5 follows, 32 sequences, length 30
# corresponding to MSA columns:
# 960-989
name=unknown_F
#
# <colnr> <probs for GDERKNQSTAVLIFYWHMCP>
#	G	D	E	R	K	N	Q	S	T	A	V	L	I	F	Y	W	H	M	C	P
0	0.01919	0.12051	0.16634	0.01613	0.05404	0.15141	0.03341	0.06108	0.03452	0.12225	0.04075	0.01944	0.04251	0.03065	0.00764	0.00208	0.03387	0.00595	0.00448	0.03376
1	0.01670	0.19937	0.27392	0.01705	0.02407	0.06105	0.10424	0.07173	0.07987	0.02191	0.01320	0.01488	0.01016	0.00645	0.00605	0.00189	0.00866	0.00524	0.00367	0.05989
2	0.00978	0.00685	0.00910	0.00910	0.00979	0.00748	0.00636	0.01117	0.01048	0.01486	0.01951	0.03389	0.02009	0.35731	0.40265	0.00855	0.01239	0.00826	0.03721	0.00517
3	0.01794	0.76823	0.03516	0.01148	0.01722	0.02655	0.01148	0.02009	0.01363	0.01579	0.00933	0.01076	0.00861	0.00574	0.00431	0.00144	0.00718	0.00359	0.00287	0.00861
4	0.72200	0.01280	0.01052	0.00918	0.01345	0.01446	0.00756	0.02121	0.01231	0.10999	0.01131	0.01227	0.00834	0.00647	0.00445	0.00208	0.00525	0.00399	0.00463	0.00774
5	0.00818	0.00584	0.00779	0.00934	0.00973	0.00545	0.00623	0.00934	0.01285	0.01713	0.03698	0.75981	0.04438	0.02102	0.00856	0.00273	0.00389	0.01908	0.00623	0.00545
6	0.00976	0.00651	0.00732	0.00732	0.00732	0.00651	0.00407	0.00976	0.00976	0.01301	0.02114	0.04391	0.02439	0.76419	0.03415	0.00651	0.00651	0.00976	0.00407	0.00407
7	0.00817	0.00607	0.00762	0.00878	0.00960	0.00552	0.00600	0.00952	0.01357	0.01767	0.06671	0.59041	0.18604	0.01993	0.00841	0.00261	0.00376	0.01781	0.00627	0.00552
8	0.02551	0.01879	0.02014	0.01544	0.02081	0.02081	0.01275	0.69996	0.03155	0.04229	0.01611	0.01611	0.01141	0.00805	0.00671	0.00201	0.00738	0.00604	0.00671	0.01141
9	0.02506	0.03198	0.01901	0.01729	0.02074	0.73725	0.01296	0.02679	0.01901	0.01642	0.01037	0.01210	0.00864	0.00691	0.00605	0.00173	0.01210	0.00432	0.00346	0.00778
10	0.81159	0.01298	0.00986	0.00882	0.01298	0.01505	0.00727	0.01972	0.01142	0.03010	0.00934	0.01090	0.00727	0.00623	0.00415	0.00208	0.00519	0.00363	0.00415	0.00727
11	0.01391	0.01193	0.01391	0.00994	0.01590	0.00894	0.00795	0.01690	0.01391	0.02186	0.01193	0.01391	0.00994	0.00497	0.00497	0.00099	0.00497	0.00398	0.00398	0.80521
12	0.81159	0.01298	0.00986	0.00882	0.01298	0.01505	0.00727	0.01972	0.01142	0.03010	0.00934	0.01090	0.00727	0.00623	0.00415	0.00208	0.00519	0.00363	0.00415	0.00727
13	0.01945	0.61220	0.03174	0.01271	0.01797	0.17716	0.01180	0.02151	0.01477	0.01592	0.00955	0.01105	0.00862	0.00599	0.00468	0.00150	0.00822	0.00374	0.00299	0.00843
14	0.01391	0.01193	0.01391	0.00994	0.01590	0.00894	0.00795	0.01690	0.01391	0.02186	0.01193	0.01391	0.00994	0.00497	0.00497	0.00099	0.00497	0.00398	0.00398	0.80521
15	0.01725	0.01974	0.24356	0.01431	0.01999	0.01396	0.01446	0.21177	0.04187	0.09184	0.15654	0.06085	0.04525	0.00960	0.00698	0.00212	0.00686	0.00789	0.00571	0.00944
16	0.01232	0.00932	0.01239	0.01371	0.06118	0.00949	0.01056	0.06830	0.06153	0.02331	0.13869	0.08593	0.05866	0.01558	0.00846	0.00269	0.00570	0.38877	0.00626	0.00714
17	0.01337	0.00651	0.00671	0.00653	0.00827	0.00643	0.00494	0.01647	0.01432	0.05927	0.02211	0.02491	0.01717	0.00784	0.00479	0.00159	0.00325	0.00628	0.76273	0.00651
18	0.01668	0.06978	0.09535	0.05088	0.33371	0.03861	0.08423	0.07085	0.04176	0.02215	0.01354	0.03869	0.01141	0.00727	0.00802	0.00211	0.07528	0.00631	0.00368	0.00969
19	0.01610	0.06224	0.18643	0.02021	0.16526	0.03247	0.06447	0.02134	0.05551	0.09815	0.09820	0.02313	0.05626	0.00791	0.00664	0.00199	0.00732	0.00689	0.00460	0.06490
20	0.01411	0.01194	0.01282	0.01171	0.01488	0.01321	0.00904	0.02769	0.48380	0.02639	0.15722	0.03536	0.13132	0.01109	0.00718	0.00224	0.00464	0.00937	0.00684	0.00912
21	0.00885	0.00678	0.00811	0.00789	0.00966	0.00604	0.00587	0.01136	0.01728	0.02312	0.44064	0.09724	0.30216	0.01535	0.00796	0.00220	0.00329	0.01328	0.00690	0.00604
22	0.01659	0.23041	0.30565	0.01955	0.10429	0.06170	0.06491	0.02239	0.05517	0.04126	0.01269	0.01455	0.00984	0.00636	0.00596	0.00191	0.00877	0.00507	0.00337	0.00954
23	0.02285	0.02765	0.02335	0.01942	0.02356	0.51664	0.15287	0.07123	0.01892	0.01921	0.01136	0.01369	0.00915	0.00690	0.00703	0.00190	0.03713	0.00523	0.00365	0.00827
24	0.00829	0.00645	0.00754	0.00803	0.00948	0.00570	0.00573	0.01004	0.01501	0.01925	0.16729	0.32245	0.35490	0.01794	0.00816	0.00241	0.00354	0.01566	0.00643	0.00570
25	0.01540	0.01530	0.02599	0.32668	0.28351	0.04050	0.13651	0.03820	0.01519	0.02026	0.01252	0.01722	0.00982	0.00631	0.00687	0.00213	0.00907	0.00625	0.00329	0.00898
26	0.01892	0.06534	0.04543	0.09556	0.26182	0.05128	0.08659	0.11901	0.01764	0.10162	0.01487	0.01849	0.01174	0.05267	0.00829	0.00229	0.00820	0.00624	0.00435	0.00967
27	0.01042	0.00703	0.00873	0.00837	0.01015	0.00633	0.00619	0.01286	0.01710	0.07117	0.41986	0.13062	0.20368	0.04632	0.00901	0.00240	0.00361	0.01290	0.00692	0.00634
28	0.00853	0.00625	0.00807	0.00921	0.01008	0.00579	0.00654	0.01015	0.01403	0.01851	0.10807	0.53019	0.13592	0.01952	0.00848	0.00264	0.00398	0.08206	0.00634	0.00564
29	0.04264	0.01931	0.14086	0.04176	0.12742	0.07499	0.07541	0.12594	0.04254	0.16912	0.03825	0.04135	0.01424	0.00772	0.00673	0.00208	0.00798	0.00659	0.00514	0.00993

[dist]
# distance from previous block
# <min> <max>
1	7

[block]
# block no. 6 follows, 32 sequences, length 38
# corresponding to MSA columns:
# 997-1034
name=unknown_G
#
# <colnr> <probs for GDERKNQSTAVLIFYWHMCP>
#	G	D	E	R	K	N	Q	S	T	A	V	L	I	F	Y	W	H	M	C	P
0	0.05628	0.01282	0.01882	0.02234	0.26539	0.03360	0.07310	0.01894	0.06076	0.06036	0.12502	0.06035	0.14413	0.00995	0.00711	0.00213	0.00630	0.00896	0.00507	0.00858
1	0.01618	0.01544	0.02599	0.11822	0.62068	0.01586	0.01999	0.02079	0.04166	0.02163	0.01311	0.01707	0.01082	0.00618	0.00666	0.00203	0.00798	0.00604	0.00342	0.01028
2	0.01391	0.01193	0.01391	0.00994	0.01590	0.00894	0.00795	0.01690	0.01391	0.02186	0.01193	0.01391	0.00994	0.00497	0.00497	0.00099	0.00497	0.00398	0.00398	0.80521
3	0.00808	0.00680	0.00700	0.00695	0.00915	0.00573	0.00521	0.00992	0.01564	0.01895	0.12934	0.06321	0.65773	0.01668	0.00793	0.00225	0.00338	0.01397	0.00634	0.00573
4	0.00980	0.00656	0.00747	0.00754	0.00760	0.00656	0.00436	0.00994	0.01000	0.01332	0.02176	0.04528	0.02501	0.73193	0.03308	0.00636	0.00649	0.03863	0.00416	0.00416
5	0.81159	0.01298	0.00986	0.00882	0.01298	0.01505	0.00727	0.01972	0.01142	0.03010	0.00934	0.01090	0.00727	0.00623	0.00415	0.00208	0.00519	0.00363	0.00415	0.00727
6	0.00806	0.00680	0.00697	0.00693	0.00914	0.00572	0.00520	0.00987	0.01559	0.01883	0.12027	0.06341	0.66687	0.01673	0.00793	0.00225	0.00338	0.01400	0.00632	0.00572
7	0.01251	0.00625	0.00625	0.00625	0.00782	0.00625	0.00469	0.01563	0.01407	0.02502	0.02189	0.02502	0.01720	0.00782	0.00469	0.00156	0.00313	0.00625	0.80144	0.00625
8	0.00818	0.00584	0.00779	0.00934	0.00973	0.00545	0.00623	0.00934	0.01285	0.01713	0.03698	0.75981	0.04438	0.02102	0.00856	0.00273	0.00389	0.01908	0.00623	0.00545
9	0.81159	0.01298	0.00986	0.00882	0.01298	0.01505	0.00727	0.01972	0.01142	0.03010	0.00934	0.01090	0.00727	0.00623	0.00415	0.00208	0.00519	0.00363	0.00415	0.00727
10	0.01468	0.01468	0.02055	0.01762	0.01762	0.02055	0.01468	0.01615	0.01028	0.01615	0.00881	0.01468	0.00881	0.01174	0.02202	0.00294	0.75191	0.00587	0.00294	0.00734
11	0.01584	0.01810	0.03959	0.02828	0.03507	0.01697	0.69796	0.02149	0.01584	0.02149	0.01357	0.01810	0.01018	0.00566	0.00792	0.00226	0.01131	0.00792	0.00339	0.00905
12	0.00816	0.00591	0.00771	0.00916	0.00968	0.00547	0.00615	0.00936	0.01303	0.01720	0.03925	0.70898	0.09375	0.02073	0.00852	0.00269	0.00386	0.01872	0.00623	0.00547
13	0.00823	0.00586	0.00777	0.00927	0.00964	0.00549	0.00615	0.00936	0.01273	0.01698	0.03640	0.73370	0.04365	0.04812	0.00950	0.00286	0.00399	0.01874	0.00615	0.00540
14	0.02555	0.01494	0.01705	0.01324	0.01812	0.01554	0.01088	0.40201	0.02549	0.26632	0.02019	0.01934	0.01378	0.00811	0.00649	0.00198	0.00635	0.00630	0.09748	0.01083
15	0.01333	0.01109	0.01304	0.01364	0.06672	0.01194	0.00954	0.04151	0.33259	0.02412	0.08606	0.20581	0.09449	0.01308	0.00749	0.00237	0.00491	0.03341	0.00639	0.00847
16	0.03010	0.01142	0.01557	0.01194	0.01713	0.00986	0.00986	0.03270	0.01920	0.72698	0.02647	0.02284	0.01661	0.00830	0.00675	0.00208	0.00571	0.00675	0.00830	0.01142
17	0.01937	0.00908	0.01149	0.00972	0.01329	0.00783	0.00769	0.02157	0.01731	0.38051	0.08301	0.09827	0.26735	0.01269	0.00738	0.00220	0.00460	0.01065	0.00736	0.00863
18	0.81159	0.01298	0.00986	0.00882	0.01298	0.01505	0.00727	0.01972	0.01142	0.03010	0.00934	0.01090	0.00727	0.00623	0.00415	0.00208	0.00519	0.00363	0.00415	0.00727
19	0.01251	0.00625	0.00625	0.00625	0.00782	0.00625	0.00469	0.01563	0.01407	0.02502	0.02189	0.02502	0.01720	0.00782	0.00469	0.00156	0.00313	0.00625	0.80144	0.00625
20	0.01654	0.03679	0.02142	0.15803	0.31435	0.03439	0.01589	0.09213	0.06152	0.04796	0.11556	0.02205	0.01869	0.00774	0.00677	0.00205	0.00724	0.00688	0.00458	0.00941
21	0.01883	0.01548	0.01638	0.01409	0.01826	0.01769	0.01114	0.19673	0.54565	0.03152	0.02459	0.02287	0.01828	0.00885	0.00680	0.00221	0.00581	0.00721	0.00680	0.01081
22	0.00960	0.00711	0.01040	0.01040	0.01147	0.00818	0.00791	0.01174	0.01067	0.01529	0.01832	0.02829	0.01761	0.12884	0.66023	0.01031	0.01671	0.00747	0.00365	0.00578
23	0.01661	0.01594	0.02724	0.04119	0.72233	0.01594	0.02059	0.02059	0.01528	0.02192	0.01262	0.01661	0.01063	0.00598	0.00664	0.00199	0.00797	0.00598	0.00332	0.01063
24	0.01133	0.00836	0.01115	0.01237	0.01411	0.00858	0.01061	0.01603	0.08914	0.02081	0.03471	0.09794	0.03692	0.01763	0.00898	0.00299	0.00599	0.57946	0.00625	0.00662
25	0.01772	0.01644	0.02317	0.16133	0.42214	0.09697	0.01777	0.04161	0.01613	0.06987	0.01554	0.01868	0.03918	0.00689	0.00665	0.00202	0.00826	0.00617	0.00384	0.00961
26	0.00959	0.00719	0.01078	0.01078	0.01198	0.00839	0.00839	0.01198	0.01078	0.01558	0.01797	0.02636	0.01677	0.05032	0.73760	0.01078	0.01797	0.00719	0.00359	0.00599
27	0.81159	0.01298	0.00986	0.00882	0.01298	0.01505	0.00727	0.01972	0.01142	0.03010	0.00934	0.01090	0.00727	0.00623	0.00415	0.00208	0.00519	0.00363	0.00415	0.00727
28	0.02423	0.03059	0.01914	0.01731	0.02049	0.67966	0.01310	0.02594	0.01831	0.01640	0.01025	0.01231	0.00866	0.00730	0.00733	0.00183	0.07155	0.00445	0.00342	0.00774
29	0.01267	0.01193	0.02013	0.74806	0.04621	0.01491	0.01863	0.01714	0.01342	0.01714	0.01193	0.01789	0.00894	0.00671	0.00671	0.00224	0.00894	0.00596	0.00298	0.00745
30	0.81159	0.01298	0.00986	0.00882	0.01298	0.01505	0.00727	0.01972	0.01142	0.03010	0.00934	0.01090	0.00727	0.00623	0.00415	0.00208	0.00519	0.00363	0.00415	0.00727
31	0.01468	0.01468	0.02055	0.01762	0.01762	0.02055	0.01468	0.01615	0.01028	0.01615	0.00881	0.01468	0.00881	0.01174	0.02202	0.00294	0.75191	0.00587	0.00294	0.00734
32	0.02506	0.03198	0.01901	0.01729	0.02074	0.73725	0.01296	0.02679	0.01901	0.01642	0.01037	0.01210	0.00864	0.00691	0.00605	0.00173	0.01210	0.00432	0.00346	0.00778
33	0.01235	0.01253	0.02514	0.01967	0.02355	0.01173	0.38358	0.01597	0.01448	0.01951	0.02421	0.35520	0.02572	0.01264	0.00821	0.00247	0.00794	0.01299	0.00468	0.00741
34	0.01391	0.01193	0.01391	0.00994	0.01590	0.00894	0.00795	0.01690	0.01391	0.02186	0.01193	0.01391	0.00994	0.00497	0.00497	0.00099	0.00497	0.00398	0.00398	0.80521
35	0.01590	0.00754	0.00888	0.00796	0.01034	0.00708	0.00617	0.01891	0.01618	0.18379	0.15687	0.02935	0.02593	0.00906	0.00577	0.00178	0.00372	0.00750	0.46984	0.00743
36	0.01175	0.00980	0.01065	0.01031	0.01284	0.01026	0.00783	0.02057	0.29953	0.02258	0.07994	0.15796	0.26503	0.01429	0.00763	0.00237	0.00436	0.03806	0.00653	0.00771
37	0.01427	0.01408	0.01977	0.01707	0.01716	0.01957	0.01417	0.01581	0.01032	0.01610	0.00954	0.01562	0.00945	0.01484	0.07952	0.00357	0.69293	0.00598	0.00299	0.00723

[dist]
# distance from previous block
# <min> <max>
0	2

[block]
# block no. 7 follows, 32 sequences, length 23
# corresponding to MSA columns:
# 1037-1051,1058-1065
name=unknown_H
#
# <colnr> <probs for GDERKNQSTAVLIFYWHMCP>
#	G	D	E	R	K	N	Q	S	T	A	V	L	I	F	Y	W	H	M	C	P
0	0.05839	0.01524	0.06271	0.14592	0.07791	0.03365	0.03602	0.08529	0.04687	0.02193	0.01404	0.05085	0.01205	0.00908	0.01108	0.00235	0.23058	0.00648	0.07136	0.00821
1	0.45715	0.13489	0.05411	0.03177	0.01619	0.01622	0.00972	0.04105	0.03170	0.10612	0.03824	0.01456	0.01118	0.00681	0.00495	0.00199	0.00592	0.00460	0.00457	0.00827
2	0.05991	0.01463	0.01523	0.01352	0.01744	0.01688	0.01059	0.08001	0.62656	0.02915	0.02558	0.02367	0.01916	0.00888	0.00668	0.00225	0.00544	0.00727	0.00668	0.01049
3	0.43706	0.03975	0.03570	0.08989	0.14855	0.08767	0.01212	0.02076	0.01346	0.04534	0.01088	0.01320	0.00854	0.00635	0.00520	0.00202	0.00698	0.00449	0.00386	0.00819
4	0.01288	0.01214	0.02051	0.70990	0.08272	0.01496	0.01874	0.01733	0.01352	0.01740	0.01196	0.01782	0.00904	0.00667	0.00670	0.00222	0.00889	0.00596	0.00300	0.00763
5	0.01251	0.00625	0.00625	0.00625	0.00782	0.00625	0.00469	0.01563	0.01407	0.02502	0.02189	0.02502	0.01720	0.00782	0.00469	0.00156	0.00313	0.00625	0.80144	0.00625
6	0.00950	0.00673	0.00888	0.00906	0.00963	0.00721	0.00620	0.01068	0.01056	0.01460	0.02155	0.11739	0.02334	0.36857	0.33810	0.00794	0.01121	0.00969	0.00411	0.00506
7	0.01096	0.00795	0.01088	0.01228	0.01388	0.00803	0.01059	0.01470	0.04752	0.02032	0.03521	0.10467	0.03804	0.01821	0.00912	0.00303	0.00603	0.61601	0.00621	0.00635
8	0.01669	0.01441	0.01517	0.01365	0.01745	0.01669	0.01062	0.03565	0.71021	0.02807	0.02731	0.02503	0.02048	0.00910	0.00683	0.00228	0.00531	0.00759	0.00683	0.01062
9	0.02551	0.01879	0.02014	0.01544	0.02081	0.02081	0.01275	0.69996	0.03155	0.04229	0.01611	0.01611	0.01141	0.00805	0.00671	0.00201	0.00738	0.00604	0.00671	0.01141
10	0.01584	0.01810	0.03959	0.02828	0.03507	0.01697	0.69796	0.02149	0.01584	0.02149	0.01357	0.01810	0.01018	0.00566	0.00792	0.00226	0.01131	0.00792	0.00339	0.00905
11	0.02506	0.03198	0.01901	0.01729	0.02074	0.73725	0.01296	0.02679	0.01901	0.01642	0.01037	0.01210	0.00864	0.00691	0.00605	0.00173	0.01210	0.00432	0.00346	0.00778
12	0.01468	0.01468	0.02055	0.01762	0.01762	0.02055	0.01468	0.01615	0.01028	0.01615	0.00881	0.01468	0.00881	0.01174	0.02202	0.00294	0.75191	0.00587	0.00294	0.00734
13	0.81159	0.01298	0.00986	0.00882	0.01298	0.01505	0.00727	0.01972	0.01142	0.03010	0.00934	0.01090	0.00727	0.00623	0.00415	0.00208	0.00519	0.00363	0.00415	0.00727
14	0.00972	0.00664	0.00798	0.00798	0.00821	0.00686	0.00489	0.01018	0.00995	0.01350	0.02054	0.04057	0.02294	0.62840	0.16796	0.00732	0.00869	0.00927	0.00398	0.00443
15	0.02851	0.01095	0.01473	0.01142	0.01629	0.00954	0.00939	0.03116	0.01874	0.66354	0.02606	0.02303	0.01666	0.00826	0.00656	0.00203	0.00548	0.00670	0.07999	0.01095
16	0.00913	0.00684	0.00846	0.00806	0.00980	0.00618	0.00604	0.01196	0.01813	0.02487	0.56767	0.05348	0.21570	0.01448	0.00792	0.00215	0.00322	0.01261	0.00712	0.00618
17	0.01844	0.68601	0.03366	0.01295	0.04198	0.08032	0.01191	0.02062	0.01410	0.01605	0.00952	0.01107	0.00868	0.00584	0.00452	0.00148	0.00758	0.00373	0.00293	0.00862
18	0.02028	0.01293	0.03704	0.01243	0.01644	0.01264	0.01014	0.14261	0.19051	0.24200	0.11698	0.10907	0.02572	0.01055	0.00711	0.00219	0.00549	0.00888	0.00714	0.00983
19	0.01935	0.14342	0.13965	0.07935	0.05919	0.08160	0.05430	0.10974	0.12094	0.10407	0.01599	0.01695	0.01185	0.00712	0.00629	0.00199	0.00807	0.00572	0.00467	0.00975
20	0.06179	0.01971	0.05307	0.03860	0.08446	0.15375	0.09172	0.12354	0.25275	0.02608	0.01754	0.01832	0.01332	0.00752	0.00660	0.00209	0.00812	0.00627	0.00504	0.00972
21	0.00828	0.00599	0.00786	0.00931	0.00988	0.00557	0.00636	0.00957	0.01313	0.01733	0.03904	0.68084	0.09036	0.02063	0.00855	0.00271	0.00396	0.04890	0.00623	0.00550
22	0.01420	0.06501	0.01540	0.01005	0.01599	0.01018	0.00820	0.01712	0.01389	0.02144	0.01174	0.01369	0.00985	0.00502	0.00492	0.00102	0.00512	0.00395	0.00390	0.74930

[dist]
# distance from previous block
# <min> <max>
0	1

[block]
# block no. 8 follows, 32 sequences, length 56
# corresponding to MSA columns:
# 1067-1122
name=unknown_I
#
# <colnr> <probs for GDERKNQSTAVLIFYWHMCP>
#	G	D	E	R	K	N	Q	S	T	A	V	L	I	F	Y	W	H	M	C	P
0	0.04023	0.08620	0.14376	0.01874	0.14692	0.05966	0.01461	0.07603	0.06103	0.16550	0.05876	0.01884	0.01490	0.00732	0.00629	0.00193	0.00727	0.00593	0.00500	0.06109
1	0.36085	0.24651	0.06723	0.01201	0.01678	0.13915	0.01090	0.02100	0.01350	0.02244	0.00967	0.01140	0.00804	0.00639	0.00525	0.00186	0.03168	0.00390	0.00352	0.00794
2	0.01166	0.00583	0.00874	0.00874	0.00874	0.00583	0.00583	0.00874	0.00874	0.01166	0.01166	0.02040	0.01166	0.02331	0.02622	0.80478	0.00583	0.00583	0.00291	0.00291
3	0.01521	0.05583	0.47191	0.02033	0.11395	0.04451	0.02076	0.07345	0.01579	0.02263	0.01354	0.03837	0.01057	0.00699	0.00633	0.00205	0.00893	0.00560	0.04358	0.00966
4	0.01321	0.01519	0.17160	0.01147	0.01667	0.00972	0.01116	0.01769	0.04199	0.07318	0.17392	0.03059	0.13097	0.00940	0.00657	0.00181	0.00551	0.00785	0.00522	0.24629
5	0.00818	0.00584	0.00779	0.00934	0.00973	0.00545	0.00623	0.00934	0.01285	0.01713	0.03698	0.75981	0.04438	0.02102	0.00856	0.00273	0.00389	0.01908	0.00623	0.00545
6	0.00976	0.00651	0.00732	0.00732	0.00732	0.00651	0.00407	0.00976	0.00976	0.01301	0.02114	0.04391	0.02439	0.76419	0.03415	0.00651	0.00651	0.00976	0.00407	0.00407
7	0.01504	0.01269	0.01387	0.01262	0.01587	0.01445	0.00978	0.03031	0.55025	0.02700	0.13724	0.02914	0.02707	0.01275	0.05863	0.00285	0.00586	0.00829	0.00669	0.00961
8	0.02506	0.03198	0.01901	0.01729	0.02074	0.73725	0.01296	0.02679	0.01901	0.01642	0.01037	0.01210	0.00864	0.00691	0.00605	0.00173	0.01210	0.00432	0.00346	0.00778
9	0.02224	0.01391	0.09975	0.01247	0.01737	0.01103	0.01111	0.02810	0.13694	0.40759	0.02909	0.08446	0.07558	0.00993	0.00696	0.00218	0.00581	0.00826	0.00706	0.01016
10	0.02506	0.03198	0.01901	0.01729	0.02074	0.73725	0.01296	0.02679	0.01901	0.01642	0.01037	0.01210	0.00864	0.00691	0.00605	0.00173	0.01210	0.00432	0.00346	0.00778
