[name]
unknown

[dist]
# distance from previous block
# <min> <max>
0	614

[block]
# block no. 0 follows, 32 sequences, length 7
# corresponding to MSA columns:
# 637-643
name=unknown_A
#
# <colnr> <probs for GDERKNQSTAVLIFYWHMCP>
#	G	D	E	R	K	N	Q	S	T	A	V	L	I	F	Y	W	H	M	C	P
0	0.01376	0.10776	0.40600	0.01512	0.02184	0.01377	0.01726	0.01882	0.01410	0.06368	0.01857	0.19170	0.01761	0.00985	0.00663	0.00214	0.00771	0.00823	0.00403	0.04141
1	0.00970	0.00674	0.00853	0.00853	0.00895	0.00716	0.00558	0.01054	0.01012	0.01391	0.02003	0.03776	0.02173	0.51416	0.28053	0.00800	0.01052	0.00886	0.00390	0.00474
2	0.01621	0.01714	0.12711	0.05315	0.09865	0.01486	0.07991	0.18194	0.10190	0.02777	0.14287	0.02618	0.06462	0.00895	0.00707	0.00213	0.00705	0.00780	0.00536	0.00934
3	0.01350	0.00820	0.00838	0.00801	0.01011	0.00874	0.00610	0.02040	0.17968	0.02574	0.02318	0.02502	0.01798	0.00812	0.00520	0.00173	0.00365	0.00657	0.61240	0.00729
4	0.01255	0.01048	0.01246	0.00980	0.01443	0.00811	0.00754	0.01510	0.01366	0.02074	0.01789	0.19136	0.01813	0.00879	0.00582	0.00141	0.00471	0.00757	0.00451	0.61495
5	0.22416	0.05640	0.28733	0.01532	0.02201	0.01604	0.06781	0.10036	0.04195	0.02634	0.04412	0.01570	0.01162	0.00683	0.00589	0.00204	0.00770	0.00529	0.00408	0.03902
6	0.32688	0.05398	0.04960	0.01881	0.18396	0.07041	0.01269	0.04781	0.05221	0.02537	0.04382	0.01549	0.01182	0.00712	0.00654	0.00206	0.05361	0.00514	0.00410	0.00860

[dist]
# distance from previous block
# <min> <max>
0	1

[block]
# block no. 1 follows, 32 sequences, length 94
# corresponding to MSA columns:
# 645-716,718-739
name=unknown_B
#
# <colnr> <probs for GDERKNQSTAVLIFYWHMCP>
#	G	D	E	R	K	N	Q	S	T	A	V	L	I	F	Y	W	H	M	C	P
0	0.01505	0.01366	0.06200	0.01671	0.02113	0.01201	0.24261	0.06404	0.03727	0.09925	0.06517	0.11913	0.12178	0.04052	0.03576	0.00274	0.00774	0.01003	0.00523	0.00818
1	0.62396	0.01289	0.01119	0.00973	0.01400	0.01445	0.00796	0.02310	0.07801	0.13082	0.01351	0.01395	0.00986	0.00680	0.00478	0.00209	0.00528	0.00445	0.00500	0.00818
2	0.02361	0.02966	0.01824	0.01668	0.01992	0.66897	0.01254	0.02541	0.01824	0.01634	0.01108	0.01344	0.00940	0.01098	0.07458	0.00258	0.01265	0.00459	0.00347	0.00761
3	0.73632	0.01231	0.00967	0.00887	0.01267	0.01415	0.00717	0.01875	0.01155	0.02889	0.01193	0.08106	0.01074	0.00761	0.00457	0.00214	0.00507	0.00508	0.00435	0.00710
4	0.02511	0.03074	0.01912	0.01711	0.02075	0.67013	0.01294	0.08986	0.02019	0.01884	0.01091	0.01248	0.00890	0.00702	0.00611	0.00176	0.01166	0.00448	0.00376	0.00812
5	0.00957	0.00658	0.00807	0.00821	0.00849	0.00679	0.00515	0.01017	0.01026	0.01392	0.02198	0.10740	0.02471	0.54921	0.17499	0.00702	0.00860	0.01011	0.00417	0.00459
6	0.02818	0.01102	0.01512	0.01183	0.01665	0.00972	0.00972	0.03076	0.01842	0.66033	0.02568	0.02317	0.01663	0.01224	0.07521	0.00289	0.00686	0.00679	0.00786	0.01091
7	0.01716	0.69693	0.03288	0.01142	0.01673	0.02485	0.01119	0.01933	0.01337	0.01577	0.01014	0.01222	0.00938	0.00992	0.07300	0.00231	0.00819	0.00393	0.00294	0.00837
8	0.01417	0.01216	0.01403	0.01029	0.01605	0.00967	0.00820	0.01865	0.07914	0.02245	0.01337	0.01496	0.01093	0.00536	0.00514	0.00111	0.00500	0.00431	0.00424	0.73077
9	0.02421	0.01104	0.01477	0.01165	0.01608	0.00996	0.02804	0.07738	0.01964	0.48511	0.13266	0.03019	0.08888	0.00984	0.00706	0.00210	0.00539	0.00823	0.00772	0.01005
10	0.01668	0.01456	0.01630	0.01623	0.08348	0.01662	0.01155	0.03424	0.64511	0.02749	0.02593	0.02424	0.01956	0.00881	0.00681	0.00225	0.00556	0.00744	0.00650	0.01062
11	0.01210	0.00622	0.00640	0.00654	0.00800	0.00618	0.00483	0.01505	0.01396	0.02428	0.02330	0.09385	0.01974	0.00905	0.00505	0.00167	0.00320	0.00746	0.72694	0.00618
12	0.01312	0.01226	0.02014	0.61958	0.10013	0.01444	0.01780	0.01741	0.01362	0.01799	0.01198	0.01741	0.00918	0.00648	0.00654	0.00210	0.00849	0.00578	0.00310	0.08245
13	0.01287	0.01161	0.01921	0.64040	0.07912	0.01415	0.01743	0.01719	0.01358	0.01814	0.01290	0.01849	0.00981	0.00677	0.00652	0.00216	0.00835	0.00599	0.07780	0.00751
14	0.00986	0.00662	0.00765	0.00779	0.00794	0.00662	0.00470	0.01015	0.01029	0.01367	0.02249	0.04689	0.02573	0.69434	0.03182	0.00619	0.00647	0.07228	0.00426	0.00426
15	0.00960	0.00712	0.01046	0.01046	0.01154	0.00821	0.00798	0.01177	0.01069	0.01534	0.01827	0.02800	0.01749	0.11720	0.67170	0.01038	0.01690	0.00743	0.00364	0.00581
16	0.01584	0.01810	0.03959	0.02828	0.03507	0.01697	0.69796	0.02149	0.01584	0.02149	0.01357	0.01810	0.01018	0.00566	0.00792	0.00226	0.01131	0.00792	0.00339	0.00905
17	0.01251	0.00625	0.00625	0.00625	0.00782	0.00625	0.00469	0.01563	0.01407	0.02502	0.02189	0.02502	0.01720	0.00782	0.00469	0.00156	0.00313	0.00625	0.80144	0.00625
18	0.00950	0.00686	0.00897	0.00844	0.01002	0.00633	0.00633	0.01266	0.01899	0.02691	0.71879	0.05012	0.06331	0.01372	0.00791	0.00211	0.00317	0.01213	0.00739	0.00633
19	0.01794	0.76823	0.03516	0.01148	0.01722	0.02655	0.01148	0.02009	0.01363	0.01579	0.00933	0.01076	0.00861	0.00574	0.00431	0.00144	0.00718	0.00359	0.00287	0.00861
20	0.63028	0.01602	0.01193	0.01051	0.01466	0.12076	0.00848	0.05788	0.01385	0.05008	0.01038	0.01172	0.00798	0.00649	0.00465	0.00202	0.00633	0.00396	0.00432	0.00769
21	0.00989	0.00746	0.01064	0.01048	0.01138	0.00868	0.00789	0.01178	0.01056	0.01511	0.01809	0.02913	0.01782	0.18654	0.56268	0.00953	0.05538	0.00762	0.00365	0.00569
22	0.01391	0.01193	0.01391	0.00994	0.01590	0.00894	0.00795	0.01690	0.01391	0.02186	0.01193	0.01391	0.00994	0.00497	0.00497	0.00099	0.00497	0.00398	0.00398	0.80521
23	0.00959	0.00719	0.01078	0.01078	0.01198	0.00839	0.00839	0.01198	0.01078	0.01558	0.01797	0.02636	0.01677	0.05032	0.73760	0.01078	0.01797	0.00719	0.00359	0.00599
24	0.00875	0.00643	0.00826	0.00939	0.01015	0.00615	0.00643	0.01109	0.05117	0.01868	0.10214	0.62674	0.07037	0.01953	0.00839	0.00263	0.00388	0.01761	0.00637	0.00582
25	0.02506	0.03198	0.01901	0.01729	0.02074	0.73725	0.01296	0.02679	0.01901	0.01642	0.01037	0.01210	0.00864	0.00691	0.00605	0.00173	0.01210	0.00432	0.00346	0.00778
26	0.01257	0.01170	0.01962	0.70834	0.04447	0.01452	0.01821	0.01697	0.01353	0.01730	0.01320	0.02101	0.01055	0.00735	0.00685	0.00228	0.00880	0.04220	0.00315	0.00738
27	0.01251	0.00625	0.00625	0.00625	0.00782	0.00625	0.00469	0.01563	0.01407	0.02502	0.02189	0.02502	0.01720	0.00782	0.00469	0.00156	0.00313	0.00625	0.80144	0.00625
28	0.01391	0.01193	0.01391	0.00994	0.01590	0.00894	0.00795	0.01690	0.01391	0.02186	0.01193	0.01391	0.00994	0.00497	0.00497	0.00099	0.00497	0.00398	0.00398	0.80521
29	0.02481	0.01787	0.01936	0.01493	0.02009	0.01962	0.01230	0.63790	0.03041	0.06706	0.05444	0.01820	0.01441	0.00837	0.00678	0.00202	0.00709	0.00640	0.00681	0.01114
30	0.78219	0.01319	0.01025	0.00907	0.01327	0.01527	0.00747	0.04516	0.01217	0.03056	0.00960	0.01109	0.00742	0.00630	0.00425	0.00207	0.00527	0.00372	0.00425	0.00742
31	0.00818	0.00584	0.00779	0.00934	0.00973	0.00545	0.00623	0.00934	0.01285	0.01713	0.03698	0.75981	0.04438	0.02102	0.00856	0.00273	0.00389	0.01908	0.00623	0.00545
32	0.01064	0.00863	0.01252	0.05133	0.01422	0.01057	0.00948	0.01270	0.01071	0.01545	0.01648	0.02605	0.01593	0.12821	0.49120	0.00847	0.14062	0.00721	0.00351	0.00606
33	0.00976	0.00651	0.00732	0.00732	0.00732	0.00651	0.00407	0.00976	0.00976	0.01301	0.02114	0.04391	0.02439	0.76419	0.03415	0.00651	0.00651	0.00976	0.00407	0.00407
34	0.01794	0.76823	0.03516	0.01148	0.01722	0.02655	0.01148	0.02009	0.01363	0.01579	0.00933	0.01076	0.00861	0.00574	0.00431	0.00144	0.00718	0.00359	0.00287	0.00861
35	0.01794	0.76823	0.03516	0.01148	0.01722	0.02655	0.01148	0.02009	0.01363	0.01579	0.00933	0.01076	0.00861	0.00574	0.00431	0.00144	0.00718	0.00359	0.00287	0.00861
36	0.00881	0.00719	0.00873	0.00815	0.01029	0.00630	0.02813	0.01123	0.01679	0.02175	0.32668	0.05728	0.43386	0.01531	0.00792	0.00220	0.00356	0.01315	0.00660	0.00604
37	0.04511	0.02197	0.02552	0.01970	0.02495	0.21283	0.22349	0.28987	0.02275	0.02856	0.01359	0.01549	0.01017	0.00696	0.00683	0.00202	0.00980	0.00609	0.00474	0.00958
38	0.01661	0.01594	0.02724	0.04119	0.72233	0.01594	0.02059	0.02059	0.01528	0.02192	0.01262	0.01661	0.01063	0.00598	0.00664	0.00199	0.00797	0.00598	0.00332	0.01063
39	0.00927	0.00636	0.00773	0.00820	0.00841	0.00634	0.00506	0.00981	0.01076	0.01445	0.02562	0.25640	0.02976	0.48524	0.08259	0.00572	0.00664	0.01234	0.00467	0.00463
40	0.01251	0.00625	0.00625	0.00625	0.00782	0.00625	0.00469	0.01563	0.01407	0.02502	0.02189	0.02502	0.01720	0.00782	0.00469	0.00156	0.00313	0.00625	0.80144	0.00625
41	0.01669	0.01441	0.01517	0.01365	0.01745	0.01669	0.01062	0.03565	0.71021	0.02807	0.02731	0.02503	0.02048	0.00910	0.00683	0.00228	0.00531	0.00759	0.00683	0.01062
42	0.00976	0.00651	0.00732	0.00732	0.00732	0.00651	0.00407	0.00976	0.00976	0.01301	0.02114	0.04391	0.02439	0.76419	0.03415	0.00651	0.00651	0.00976	0.00407	0.00407
43	0.01636	0.01562	0.02633	0.05810	0.66639	0.01554	0.01986	0.02030	0.01516	0.02179	0.01257	0.01650	0.01055	0.00594	0.00655	0.00195	0.00783	0.00587	0.00335	0.05345
44	0.02402	0.17613	0.02146	0.01487	0.01917	0.39797	0.01195	0.04518	0.06141	0.14560	0.01427	0.01468	0.01088	0.00709	0.00589	0.00177	0.00940	0.00486	0.00451	0.00888
45	0.01346	0.03471	0.72942	0.01912	0.02904	0.01558	0.02479	0.02125	0.01417	0.02125	0.01204	0.01417	0.00850	0.00637	0.00637	0.00212	0.00992	0.00496	0.00283	0.00992
46	0.03010	0.01142	0.01557	0.01194	0.01713	0.00986	0.00986	0.03270	0.01920	0.72698	0.02647	0.02284	0.01661	0.00830	0.00675	0.00208	0.00571	0.00675	0.00830	0.01142
47	0.01377	0.01305	0.02211	0.55069	0.23500	0.01520	0.01918	0.01811	0.01394	0.01848	0.01212	0.01753	0.00941	0.00650	0.00669	0.00217	0.00867	0.00597	0.00308	0.00834
48	0.01251	0.00625	0.00625	0.00625	0.00782	0.00625	0.00469	0.01563	0.01407	0.02502	0.02189	0.02502	0.01720	0.00782	0.00469	0.00156	0.00313	0.00625	0.80144	0.00625
49	0.81159	0.01298	0.00986	0.00882	0.01298	0.01505	0.00727	0.01972	0.01142	0.03010	0.00934	0.01090	0.00727	0.00623	0.00415	0.00208	0.00519	0.00363	0.00415	0.00727
50	0.01391	0.01193	0.01391	0.00994	0.01590	0.00894	0.00795	0.01690	0.01391	0.02186	0.01193	0.01391	0.00994	0.00497	0.00497	0.00099	0.00497	0.00398	0.00398	0.80521
51	0.00804	0.00638	0.00723	0.00790	0.00935	0.00557	0.00559	0.00951	0.01423	0.01769	0.05455	0.36580	0.42705	0.01874	0.00820	0.00246	0.00361	0.01629	0.00623	0.00557
52	0.02125	0.01361	0.04994	0.01159	0.01733	0.03102	0.00985	0.04362	0.01677	0.31431	0.01803	0.01763	0.01264	0.00656	0.00586	0.00155	0.00579	0.00524	0.00578	0.39163
53	0.01886	0.01533	0.01548	0.01365	0.01757	0.06976	0.01066	0.05207	0.54614	0.10510	0.04291	0.02421	0.01999	0.00894	0.00678	0.00220	0.00587	0.00732	0.00675	0.01041
54	0.01663	0.01469	0.01700	0.01475	0.01877	0.01671	0.06210	0.03459	0.65820	0.02758	0.02628	0.02451	0.01971	0.00885	0.00691	0.00227	0.00576	0.00761	0.00657	0.01050
55	0.01416	0.01171	0.03196	0.01006	0.01541	0.00877	0.00825	0.01727	0.01501	0.06352	0.12183	0.02002	0.01852	0.00655	0.00556	0.00126	0.00486	0.00542	0.00472	0.61512
56	0.02738	0.01243	0.01660	0.01267	0.01794	0.01123	0.03237	0.08917	0.04582	0.55890	0.02396	0.02143	0.01553	0.00795	0.00664	0.00199	0.00596	0.00652	0.00759	0.07793
57	0.01569	0.01195	0.01412	0.01026	0.01608	0.00927	0.00823	0.01910	0.03466	0.09602	0.01390	0.01517	0.01094	0.00544	0.00521	0.00114	0.00506	0.00437	0.00451	0.69888
58	0.01537	0.01036	0.01167	0.01007	0.01333	0.01019	0.00793	0.13704	0.09230	0.12569	0.17258	0.04327	0.29762	0.01274	0.00743	0.00217	0.00458	0.01061	0.00689	0.00813
59	0.01669	0.01441	0.01517	0.01365	0.01745	0.01669	0.01062	0.03565	0.71021	0.02807	0.02731	0.02503	0.02048	0.00910	0.00683	0.00228	0.00531	0.00759	0.00683	0.01062
60	0.01397	0.11809	0.65051	0.01826	0.02770	0.01683	0.02328	0.02112	0.01411	0.02063	0.01173	0.01378	0.00851	0.00630	0.00614	0.00205	0.00960	0.00480	0.00284	0.00977
61	0.02045	0.01233	0.01478	0.01140	0.01660	0.01098	0.00919	0.06337	0.12158	0.27118	0.02157	0.02065	0.03922	0.00736	0.00608	0.00167	0.00536	0.00597	0.00616	0.33411
62	0.01452	0.01191	0.01398	0.01001	0.01595	0.00898	0.00802	0.01748	0.01411	0.04806	0.01247	0.01425	0.01019	0.00509	0.00504	0.00103	0.00500	0.00408	0.00414	0.77572
63	0.01585	0.01131	0.01560	0.01301	0.01656	0.01126	0.09748	0.04278	0.19687	0.14467	0.16662	0.09157	0.12449	0.01141	0.00745	0.00223	0.00542	0.01014	0.00661	0.00865
64	0.01794	0.76823	0.03516	0.01148	0.01722	0.02655	0.01148	0.02009	0.01363	0.01579	0.00933	0.01076	0.00861	0.00574	0.00431	0.00144	0.00718	0.00359	0.00287	0.00861
65	0.00997	0.00823	0.01059	0.03530	0.03328	0.02821	0.02869	0.01300	0.07142	0.01836	0.03520	0.56368	0.08217	0.01799	0.00817	0.00258	0.00472	0.01623	0.00592	0.00629
66	0.02937	0.01126	0.01534	0.01181	0.01688	0.00974	0.00974	0.03199	0.01920	0.70205	0.05113	0.02381	0.01827	0.00850	0.00679	0.00208	0.00562	0.00694	0.00827	0.01124
67	0.01428	0.01692	0.12540	0.02329	0.17573	0.01402	0.19771	0.02094	0.11280	0.02245	0.07944	0.10719	0.02010	0.00879	0.00726	0.00219	0.00779	0.00858	0.00447	0.03063
68	0.01506	0.01463	0.02361	0.37207	0.38004	0.04115	0.01940	0.01919	0.01454	0.01948	0.01221	0.01705	0.00977	0.00635	0.00665	0.00210	0.00858	0.00591	0.00317	0.00904
69	0.01251	0.00625	0.00625	0.00625	0.00782	0.00625	0.00469	0.01563	0.01407	0.02502	0.02189	0.02502	0.01720	0.00782	0.00469	0.00156	0.00313	0.00625	0.80144	0.00625
70	0.01981	0.51233	0.06663	0.01360	0.01888	0.23603	0.01261	0.02213	0.01525	0.01626	0.00978	0.01134	0.00861	0.00612	0.00493	0.00156	0.00877	0.00388	0.00304	0.00843
71	0.01517	0.01297	0.01467	0.05173	0.01806	0.01318	0.00986	0.04280	0.35760	0.02490	0.02107	0.06301	0.01712	0.00811	0.00623	0.00182	0.00535	0.00679	0.00553	0.30402
72	0.04675	0.03844	0.07979	0.05355	0.02103	0.01546	0.01271	0.28619	0.02282	0.32519	0.01950	0.01856	0.01301	0.00782	0.00656	0.00205	0.00692	0.00610	0.00666	0.01088
73	0.01719	0.06646	0.36353	0.02255	0.14667	0.10399	0.07807	0.04201	0.01586	0.06308	0.01290	0.01506	0.00960	0.00644	0.00644	0.00202	0.00950	0.00537	0.00348	0.00977
74	0.01251	0.00625	0.00625	0.00625	0.00782	0.00625	0.00469	0.01563	0.01407	0.02502	0.02189	0.02502	0.01720	0.00782	0.00469	0.00156	0.00313	0.00625	0.80144	0.00625
75	0.01604	0.06949	0.23848	0.02057	0.02748	0.01598	0.29261	0.05940	0.03593	0.06294	0.08017	0.01981	0.01528	0.00701	0.00706	0.00213	0.00916	0.00698	0.00413	0.00933
76	0.00818	0.00584	0.00779	0.00934	0.00973	0.00545	0.00623	0.00934	0.01285	0.01713	0.03698	0.75981	0.04438	0.02102	0.00856	0.00273	0.00389	0.01908	0.00623	0.00545
77	0.01391	0.01193	0.01391	0.00994	0.01590	0.00894	0.00795	0.01690	0.01391	0.02186	0.01193	0.01391	0.00994	0.00497	0.00497	0.00099	0.00497	0.00398	0.00398	0.80521
78	0.00959	0.00719	0.01078	0.01078	0.01198	0.00839	0.00839	0.01198	0.01078	0.01558	0.01797	0.02636	0.01677	0.05032	0.73760	0.01078	0.01797	0.00719	0.00359	0.00599
79	0.01251	0.00625	0.00625	0.00625	0.00782	0.00625	0.00469	0.01563	0.01407	0.02502	0.02189	0.02502	0.01720	0.00782	0.00469	0.00156	0.00313	0.00625	0.80144	0.00625
80	0.00981	0.00656	0.00776	0.00776	0.00789	0.00669	0.00461	0.00997	0.00983	0.01324	0.02044	0.04109	0.02307	0.65736	0.11183	0.03683	0.00775	0.00933	0.00397	0.00424
81	0.01251	0.00625	0.00625	0.00625	0.00782	0.00625	0.00469	0.01563	0.01407	0.02502	0.02189	0.02502	0.01720	0.00782	0.00469	0.00156	0.00313	0.00625	0.80144	0.00625
82	0.02546	0.02018	0.02002	0.01563	0.02080	0.09597	0.01278	0.62934	0.03023	0.03957	0.01551	0.01569	0.01112	0.00794	0.00664	0.00198	0.00788	0.00586	0.00637	0.01103
83	0.01489	0.01419	0.02413	0.34942	0.42751	0.01549	0.01974	0.01909	0.01447	0.01984	0.01232	0.01717	0.00989	0.00630	0.00667	0.00210	0.00840	0.00597	0.00317	0.00924
84	0.01794	0.76823	0.03516	0.01148	0.01722	0.02655	0.01148	0.02009	0.01363	0.01579	0.00933	0.01076	0.00861	0.00574	0.00431	0.00144	0.00718	0.00359	0.00287	0.00861
85	0.81159	0.01298	0.00986	0.00882	0.01298	0.01505	0.00727	0.01972	0.01142	0.03010	0.00934	0.01090	0.00727	0.00623	0.00415	0.00208	0.00519	0.00363	0.00415	0.00727
86	0.01669	0.01441	0.01517	0.01365	0.01745	0.01669	0.01062	0.03565	0.71021	0.02807	0.02731	0.02503	0.02048	0.00910	0.00683	0.00228	0.00531	0.00759	0.00683	0.01062
87	0.01119	0.01089	0.01610	0.05774	0.03688	0.05124	0.15363	0.01378	0.01471	0.01846	0.03820	0.27450	0.24675	0.01442	0.00792	0.00237	0.00619	0.01317	0.00520	0.00667
88	0.00798	0.00680	0.00686	0.00685	0.00909	0.00568	0.00513	0.00972	0.01540	0.01839	0.08746	0.06414	0.69996	0.01690	0.00793	0.00226	0.00339	0.01410	0.00627	0.00568
89	0.01391	0.01193	0.01391	0.00994	0.01590	0.00894	0.00795	0.01690	0.01391	0.02186	0.01193	0.01391	0.00994	0.00497	0.00497	0.00099	0.00497	0.00398	0.00398	0.80521
90	0.68208	0.01346	0.01269	0.01410	0.12853	0.01520	0.00944	0.01987	0.01205	0.02877	0.00988	0.01183	0.00781	0.00619	0.00456	0.00206	0.00564	0.00402	0.00402	0.00781
91	0.65531	0.11912	0.03466	0.00974	0.01426	0.03747	0.00853	0.02002	0.01203	0.02746	0.00945	0.01101	0.00753	0.00618	0.00429	0.00198	0.00580	0.00369	0.00392	0.00755
92	0.00826	0.00588	0.00776	0.00923	0.00960	0.00551	0.00611	0.00937	0.01268	0.01690	0.03611	0.72043	0.04328	0.06191	0.00997	0.00293	0.00404	0.01856	0.00611	0.00537
93	0.01768	0.34072	0.17657	0.01647	0.03915	0.13748	0.06266	0.02179	0.03937	0.01805	0.01105	0.01315	0.00919	0.00664	0.00675	0.00184	0.06481	0.00467	0.00315	0.00881

[dist]
# distance from previous block
# <min> <max>
0	4

[block]
# block no. 2 follows, 32 sequences, length 26
# corresponding to MSA columns:
# 744-769
name=unknown_C
#
# <colnr> <probs for GDERKNQSTAVLIFYWHMCP>
#	G	D	E	R	K	N	Q	S	T	A	V	L	I	F	Y	W	H	M	C	P
0	0.01391	0.01193	0.01391	0.00994	0.01590	0.00894	0.00795	0.01690	0.01391	0.02186	0.01193	0.01391	0.00994	0.00497	0.00497	0.00099	0.00497	0.00398	0.00398	0.80521
1	0.01584	0.01810	0.03959	0.02828	0.03507	0.01697	0.69796	0.02149	0.01584	0.02149	0.01357	0.01810	0.01018	0.00566	0.00792	0.00226	0.01131	0.00792	0.00339	0.00905
2	0.00997	0.00741	0.00967	0.01082	0.01250	0.00711	0.00918	0.01263	0.01530	0.01946	0.04382	0.10082	0.21166	0.01825	0.00890	0.00287	0.00538	0.48204	0.00619	0.00602
3	0.00793	0.00680	0.00680	0.00680	0.00906	0.00566	0.00510	0.00963	0.01529	0.01813	0.06797	0.06457	0.71961	0.01699	0.00793	0.00227	0.00340	0.01416	0.00623	0.00566
4	0.00860	0.00643	0.00809	0.00924	0.01032	0.00592	0.00678	0.01025	0.01395	0.01793	0.04471	0.45498	0.21750	0.01953	0.00853	0.00267	0.00418	0.13852	0.00622	0.00564
5	0.00873	0.00628	0.00837	0.00972	0.01047	0.00592	0.00701	0.01040	0.01384	0.01841	0.08813	0.56253	0.06822	0.01990	0.00862	0.00273	0.00423	0.13453	0.00631	0.00565
6	0.01669	0.01441	0.01517	0.01365	0.01745	0.01669	0.01062	0.03565	0.71021	0.02807	0.02731	0.02503	0.02048	0.00910	0.00683	0.00228	0.00531	0.00759	0.00683	0.01062
7	0.00976	0.00651	0.00732	0.00732	0.00732	0.00651	0.00407	0.00976	0.00976	0.01301	0.02114	0.04391	0.02439	0.76419	0.03415	0.00651	0.00651	0.00976	0.00407	0.00407
8	0.01836	0.72451	0.03420	0.01183	0.01743	0.06875	0.01157	0.02049	0.01395	0.01582	0.00939	0.01084	0.00861	0.00581	0.00441	0.00145	0.00747	0.00363	0.00291	0.00856
9	0.81159	0.01298	0.00986	0.00882	0.01298	0.01505	0.00727	0.01972	0.01142	0.03010	0.00934	0.01090	0.00727	0.00623	0.00415	0.00208	0.00519	0.00363	0.00415	0.00727
10	0.03010	0.01142	0.01557	0.01194	0.01713	0.00986	0.00986	0.03270	0.01920	0.72698	0.02647	0.02284	0.01661	0.00830	0.00675	0.00208	0.00571	0.00675	0.00830	0.01142
11	0.00882	0.00683	0.00803	0.00773	0.00961	0.00604	0.00580	0.01135	0.01739	0.02311	0.43703	0.05638	0.34744	0.01514	0.00792	0.00218	0.00327	0.01301	0.00689	0.00604
12	0.02506	0.03198	0.01901	0.01729	0.02074	0.73725	0.01296	0.02679	0.01901	0.01642	0.01037	0.01210	0.00864	0.00691	0.00605	0.00173	0.01210	0.00432	0.00346	0.00778
13	0.01072	0.00947	0.01375	0.01303	0.01375	0.01102	0.04998	0.01228	0.01230	0.01712	0.02789	0.44350	0.06145	0.01693	0.01284	0.00274	0.24600	0.01392	0.00500	0.00628
14	0.02506	0.03198	0.01901	0.01729	0.02074	0.73725	0.01296	0.02679	0.01901	0.01642	0.01037	0.01210	0.00864	0.00691	0.00605	0.00173	0.01210	0.00432	0.00346	0.00778
15	0.02506	0.03198	0.01901	0.01729	0.02074	0.73725	0.01296	0.02679	0.01901	0.01642	0.01037	0.01210	0.00864	0.00691	0.00605	0.00173	0.01210	0.00432	0.00346	0.00778
16	0.00959	0.00685	0.00897	0.00897	0.00965	0.00738	0.00620	0.01082	0.01050	0.01448	0.02173	0.03638	0.05222	0.38594	0.37233	0.00838	0.01190	0.00872	0.00394	0.00507
17	0.01606	0.41025	0.23872	0.01538	0.02248	0.02085	0.08758	0.02032	0.01405	0.01850	0.01079	0.01280	0.00885	0.00586	0.00535	0.00169	0.00824	0.00448	0.00301	0.07474
18	0.01418	0.01406	0.02159	0.04934	0.07172	0.01796	0.08409	0.01642	0.01185	0.01762	0.03757	0.07274	0.01375	0.01126	0.01729	0.00272	0.50751	0.00731	0.00342	0.00758
19	0.00959	0.00719	0.01078	0.01078	0.01198	0.00839	0.00839	0.01198	0.01078	0.01558	0.01797	0.02636	0.01677	0.05032	0.73760	0.01078	0.01797	0.00719	0.00359	0.00599
20	0.01505	0.01537	0.02936	0.08183	0.19808	0.01520	0.34068	0.02075	0.06659	0.02142	0.01723	0.06053	0.01503	0.00791	0.00758	0.00229	0.00908	0.06304	0.00397	0.00901
21	0.01608	0.01546	0.02605	0.10841	0.60435	0.01618	0.01997	0.01993	0.01473	0.02103	0.01227	0.01659	0.01033	0.00648	0.00778	0.00209	0.06298	0.00597	0.00326	0.01008
22	0.00884	0.00676	0.00811	0.00792	0.00966	0.00603	0.00588	0.01134	0.01722	0.02306	0.43649	0.10766	0.29584	0.01542	0.00797	0.00221	0.00330	0.01337	0.00689	0.00603
23	0.00963	0.00645	0.00736	0.00749	0.00752	0.00642	0.00424	0.00972	0.01001	0.01335	0.02245	0.10295	0.02604	0.70290	0.03204	0.00619	0.00629	0.01053	0.00424	0.00418
24	0.08738	0.04610	0.01877	0.01623	0.04811	0.33182	0.03668	0.07997	0.13121	0.07159	0.01488	0.01564	0.01144	0.00716	0.00609	0.00187	0.00883	0.00526	0.00466	0.05628
25	0.31936	0.10504	0.04024	0.04251	0.08861	0.01734	0.07199	0.09697	0.06350	0.02662	0.01231	0.01422	0.00964	0.00662	0.00589	0.00200	0.02665	0.00498	0.00420	0.04131

[dist]
# distance from previous block
# <min> <max>
0	1

[block]
# block no. 3 follows, 32 sequences, length 247
# corresponding to MSA columns:
# 771-781,786-869,882-1007,1012-1037
name=unknown_D
#
# <colnr> <probs for GDERKNQSTAVLIFYWHMCP>
#	G	D	E	R	K	N	Q	S	T	A	V	L	I	F	Y	W	H	M	C	P
0	0.04967	0.20800	0.05360	0.02879	0.40190	0.03668	0.04004	0.02103	0.03916	0.02057	0.01201	0.01498	0.01013	0.00624	0.00644	0.00190	0.03049	0.00532	0.00334	0.00973
1	0.01203	0.01110	0.01829	0.63076	0.04052	0.01360	0.01673	0.01609	0.01335	0.01711	0.01659	0.04815	0.05357	0.01056	0.05226	0.00279	0.00899	0.00701	0.00333	0.00718
2	0.01346	0.01327	0.04948	0.09831	0.24037	0.01275	0.09602	0.01861	0.08332	0.02140	0.10290	0.14646	0.02374	0.03971	0.00837	0.00240	0.00698	0.00939	0.00462	0.00845
3	0.02506	0.03198	0.01901	0.01729	0.02074	0.73725	0.01296	0.02679	0.01901	0.01642	0.01037	0.01210	0.00864	0.00691	0.00605	0.00173	0.01210	0.00432	0.00346	0.00778
4	0.01391	0.01193	0.01391	0.00994	0.01590	0.00894	0.00795	0.01690	0.01391	0.02186	0.01193	0.01391	0.00994	0.00497	0.00497	0.00099	0.00497	0.00398	0.00398	0.80521
5	0.02506	0.03198	0.01901	0.01729	0.02074	0.73725	0.01296	0.02679	0.01901	0.01642	0.01037	0.01210	0.00864	0.00691	0.00605	0.00173	0.01210	0.00432	0.00346	0.00778
6	0.61011	0.01784	0.01221	0.01099	0.01497	0.20005	0.00873	0.02153	0.01336	0.02660	0.00961	0.01121	0.00762	0.00640	0.00464	0.00199	0.00696	0.00381	0.00397	0.00740
7	0.01251	0.00625	0.00625	0.00625	0.00782	0.00625	0.00469	0.01563	0.01407	0.02502	0.02189	0.02502	0.01720	0.00782	0.00469	0.00156	0.00313	0.00625	0.80144	0.00625
8	0.04287	0.10479	0.09452	0.04268	0.01927	0.05899	0.03175	0.01985	0.03631	0.06990	0.01451	0.05967	0.01230	0.00680	0.00564	0.00156	0.00658	0.00546	0.00416	0.36238
9	0.00799	0.00658	0.00702	0.00737	0.00921	0.00562	0.00535	0.00956	0.01474	0.01790	0.06099	0.22116	0.56753	0.01790	0.00807	0.00237	0.00351	0.01527	0.00623	0.00562
10	0.01483	0.01413	0.02403	0.36004	0.41735	0.01548	0.01971	0.01904	0.01444	0.01977	0.01231	0.01719	0.00987	0.00631	0.00667	0.00210	0.00841	0.00597	0.00317	0.00920
11	0.78288	0.01292	0.01007	0.00894	0.01313	0.01486	0.00736	0.02020	0.01171	0.05570	0.00997	0.01134	0.00761	0.00630	0.00425	0.00208	0.00521	0.00375	0.00430	0.00742
12	0.01669	0.01441	0.01517	0.01365	0.01745	0.01669	0.01062	0.03565	0.71021	0.02807	0.02731	0.02503	0.02048	0.00910	0.00683	0.00228	0.00531	0.00759	0.00683	0.01062
13	0.00976	0.00651	0.00732	0.00732	0.00732	0.00651	0.00407	0.00976	0.00976	0.01301	0.02114	0.04391	0.02439	0.76419	0.03415	0.00651	0.00651	0.00976	0.00407	0.00407
14	0.00976	0.00651	0.00732	0.00732	0.00732	0.00651	0.00407	0.00976	0.00976	0.01301	0.02114	0.04391	0.02439	0.76419	0.03415	0.00651	0.00651	0.00976	0.00407	0.00407
15	0.00834	0.00673	0.00747	0.00782	0.00968	0.00586	0.00589	0.01018	0.01516	0.01873	0.10299	0.17614	0.50551	0.01756	0.00815	0.00240	0.00372	0.07565	0.00630	0.00572
16	0.02584	0.01826	0.01981	0.01519	0.02054	0.02002	0.01255	0.65202	0.03066	0.09148	0.01685	0.01659	0.01178	0.00807	0.00671	0.00202	0.00726	0.00609	0.00683	0.01141
17	0.01468	0.01468	0.02055	0.01762	0.01762	0.02055	0.01468	0.01615	0.01028	0.01615	0.00881	0.01468	0.00881	0.01174	0.02202	0.00294	0.75191	0.00587	0.00294	0.00734
18	0.01346	0.03471	0.72942	0.01912	0.02904	0.01558	0.02479	0.02125	0.01417	0.02125	0.01204	0.01417	0.00850	0.00637	0.00637	0.00212	0.00992	0.00496	0.00283	0.00992
19	0.00959	0.00719	0.01078	0.01078	0.01198	0.00839	0.00839	0.01198	0.01078	0.01558	0.01797	0.02636	0.01677	0.05032	0.73760	0.01078	0.01797	0.00719	0.00359	0.00599
20	0.02095	0.01496	0.01524	0.01231	0.01627	0.04521	0.00995	0.43337	0.02493	0.03519	0.01789	0.01905	0.01332	0.00792	0.00598	0.00184	0.00609	0.00604	0.28402	0.00946
21	0.02456	0.08389	0.02015	0.01688	0.02050	0.68715	0.01286	0.02632	0.01864	0.01638	0.01030	0.01201	0.00864	0.00683	0.00593	0.00171	0.01175	0.00427	0.00342	0.00784
22	0.00959	0.00719	0.01078	0.01078	0.01198	0.00839	0.00839	0.01198	0.01078	0.01558	0.01797	0.02636	0.01677	0.05032	0.73760	0.01078	0.01797	0.00719	0.00359	0.00599
23	0.01835	0.02051	0.02351	0.01912	0.02248	0.26867	0.19975	0.02119	0.01587	0.03983	0.06020	0.06361	0.01520	0.00899	0.01033	0.00223	0.17122	0.00715	0.00391	0.00790
24	0.01226	0.01066	0.01836	0.01652	0.01924	0.01075	0.17678	0.01587	0.01522	0.02018	0.02857	0.05801	0.02991	0.01501	0.00973	0.00288	0.05375	0.47406	0.00531	0.00694
25	0.00875	0.00683	0.00793	0.00766	0.00956	0.00601	0.00574	0.01121	0.01723	0.02271	0.40779	0.05703	0.37693	0.01528	0.00792	0.00218	0.00328	0.01310	0.00683	0.00601
26	0.01576	0.01861	0.06078	0.02800	0.03488	0.01693	0.67729	0.02149	0.01579	0.02149	0.01353	0.01798	0.01013	0.00568	0.00787	0.00226	0.01127	0.00783	0.00338	0.00908
27	0.06867	0.02088	0.17091	0.03944	0.02273	0.06255	0.06753	0.19436	0.07743	0.02656	0.03402	0.01680	0.01197	0.00822	0.00942	0.00225	0.14647	0.00597	0.00448	0.00933
28	0.00822	0.00586	0.00777	0.00928	0.00966	0.00548	0.00617	0.00935	0.01276	0.01701	0.03652	0.73893	0.04380	0.04270	0.00931	0.00284	0.00397	0.01880	0.00617	0.00541
29	0.12703	0.01233	0.01530	0.01189	0.01697	0.01158	0.00982	0.09610	0.01944	0.57343	0.02333	0.02069	0.01494	0.00802	0.00642	0.00207	0.00581	0.00629	0.00763	0.01090
30	0.01599	0.01511	0.01824	0.01579	0.01711	0.07931	0.01289	0.11280	0.01414	0.01974	0.01197	0.01720	0.01090	0.01921	0.17425	0.00441	0.42357	0.00605	0.00366	0.00766
31	0.04233	0.35770	0.09857	0.01387	0.04213	0.06755	0.01267	0.04365	0.05854	0.12980	0.01437	0.01538	0.01124	0.00954	0.05387	0.00235	0.00813	0.00492	0.00422	0.00920
32	0.78271	0.01316	0.01094	0.00953	0.01378	0.01512	0.03233	0.01979	0.01158	0.02979	0.00950	0.01116	0.00737	0.00621	0.00429	0.00208	0.00541	0.00379	0.00412	0.00733
33	0.01468	0.01468	0.02055	0.01762	0.01762	0.02055	0.01468	0.01615	0.01028	0.01615	0.00881	0.01468	0.00881	0.01174	0.02202	0.00294	0.75191	0.00587	0.00294	0.00734
34	0.01346	0.03471	0.72942	0.01912	0.02904	0.01558	0.02479	0.02125	0.01417	0.02125	0.01204	0.01417	0.00850	0.00637	0.00637	0.00212	0.00992	0.00496	0.00283	0.00992
35	0.00814	0.00682	0.00702	0.00705	0.00920	0.00578	0.00530	0.00988	0.01526	0.01835	0.08907	0.06376	0.65197	0.04034	0.00879	0.00242	0.00358	0.03540	0.00620	0.00566
36	0.20264	0.01176	0.01431	0.01125	0.01621	0.01101	0.00929	0.02984	0.01749	0.57312	0.02269	0.02020	0.01455	0.00785	0.00617	0.00208	0.00559	0.00606	0.00739	0.01050
37	0.01514	0.01278	0.01383	0.01253	0.01585	0.01445	0.00969	0.03069	0.56100	0.02782	0.17658	0.03045	0.02973	0.01010	0.00706	0.00224	0.00485	0.00857	0.00695	0.00969
38	0.09062	0.03206	0.63705	0.01843	0.02769	0.01558	0.04542	0.02111	0.01396	0.02211	0.01183	0.01398	0.00844	0.00634	0.00621	0.00212	0.00951	0.00493	0.00298	0.00963
39	0.01806	0.01510	0.01594	0.01393	0.01797	0.01733	0.01095	0.13898	0.60465	0.03028	0.02557	0.02365	0.01907	0.00894	0.00681	0.00224	0.00563	0.00735	0.00681	0.01074
40	0.00804	0.00680	0.00694	0.00691	0.00913	0.00571	0.00518	0.00983	0.01554	0.01871	0.11158	0.06361	0.67564	0.01677	0.00793	0.00226	0.00338	0.01403	0.00631	0.00571
41	0.02551	0.01879	0.02014	0.01544	0.02081	0.02081	0.01275	0.69996	0.03155	0.04229	0.01611	0.01611	0.01141	0.00805	0.00671	0.00201	0.00738	0.00604	0.00671	0.01141
42	0.01011	0.00893	0.01581	0.01412	0.01612	0.00835	0.18063	0.01241	0.01360	0.01823	0.03108	0.57280	0.03576	0.01715	0.00840	0.00261	0.00576	0.01626	0.00551	0.00636
43	0.01584	0.01810	0.03959	0.02828	0.03507	0.01697	0.69796	0.02149	0.01584	0.02149	0.01357	0.01810	0.01018	0.00566	0.00792	0.00226	0.01131	0.00792	0.00339	0.00905
44	0.01531	0.01565	0.03045	0.10981	0.18427	0.01547	0.36554	0.04399	0.01588	0.02158	0.01594	0.04553	0.01377	0.00755	0.00760	0.00228	0.00949	0.06718	0.00378	0.00894
45	0.78356	0.03964	0.01076	0.00892	0.01313	0.01546	0.00742	0.01974	0.01150	0.02960	0.00934	0.01090	0.00731	0.00621	0.00416	0.00205	0.00526	0.00363	0.00411	0.00731
46	0.00818	0.00584	0.00779	0.00934	0.00973	0.00545	0.00623	0.00934	0.01285	0.01713	0.03698	0.75981	0.04438	0.02102	0.00856	0.00273	0.00389	0.01908	0.00623	0.00545
47	0.01504	0.02363	0.26933	0.02523	0.03306	0.01651	0.47378	0.02141	0.01528	0.02141	0.01306	0.01679	0.00962	0.00590	0.00740	0.00222	0.01085	0.00693	0.00321	0.00934
48	0.01794	0.76823	0.03516	0.01148	0.01722	0.02655	0.01148	0.02009	0.01363	0.01579	0.00933	0.01076	0.00861	0.00574	0.00431	0.00144	0.00718	0.00359	0.00287	0.00861
49	0.01661	0.01594	0.02724	0.04119	0.72233	0.01594	0.02059	0.02059	0.01528	0.02192	0.01262	0.01661	0.01063	0.00598	0.00664	0.00199	0.00797	0.00598	0.00332	0.01063
50	0.78508	0.01308	0.01044	0.00990	0.03662	0.01508	0.00771	0.01975	0.01155	0.02983	0.00945	0.01109	0.00738	0.00622	0.00424	0.00207	0.00528	0.00371	0.00412	0.00738
51	0.00959	0.00719	0.01078	0.01078	0.01198	0.00839	0.00839	0.01198	0.01078	0.01558	0.01797	0.02636	0.01677	0.05032	0.73760	0.01078	0.01797	0.00719	0.00359	0.00599
52	0.01361	0.05916	0.70628	0.01887	0.02865	0.01595	0.02435	0.02121	0.01415	0.02107	0.01195	0.01405	0.00850	0.00635	0.00631	0.00210	0.00983	0.00491	0.00283	0.00987
53	0.01346	0.03471	0.72942	0.01912	0.02904	0.01558	0.02479	0.02125	0.01417	0.02125	0.01204	0.01417	0.00850	0.00637	0.00637	0.00212	0.00992	0.00496	0.00283	0.00992
54	0.01166	0.00583	0.00874	0.00874	0.00874	0.00583	0.00583	0.00874	0.00874	0.01166	0.01166	0.02040	0.01166	0.02331	0.02622	0.80478	0.00583	0.00583	0.00291	0.00291
55	0.01199	0.00741	0.00977	0.00886	0.01088	0.00676	0.00676	0.01509	0.01902	0.11160	0.63504	0.04682	0.05766	0.01306	0.00777	0.00211	0.00347	0.01148	0.00750	0.00695
56	0.78538	0.01317	0.01020	0.00904	0.01324	0.01524	0.00745	0.04240	0.01209	0.03051	0.00957	0.01107	0.00740	0.00629	0.00424	0.00207	0.00526	0.00371	0.00424	0.00740
57	0.01346	0.03471	0.72942	0.01912	0.02904	0.01558	0.02479	0.02125	0.01417	0.02125	0.01204	0.01417	0.00850	0.00637	0.00637	0.00212	0.00992	0.00496	0.00283	0.00992
58	0.01071	0.00769	0.01067	0.01216	0.01373	0.00765	0.01061	0.01375	0.01544	0.02001	0.03670	0.07528	0.06333	0.01848	0.00922	0.00306	0.00608	0.65311	0.00618	0.00616
59	0.00799	0.00677	0.00690	0.00693	0.00912	0.00568	0.00517	0.00973	0.01536	0.01841	0.09034	0.08372	0.67707	0.01699	0.00795	0.00227	0.00340	0.01423	0.00627	0.00568
60	0.81159	0.01298	0.00986	0.00882	0.01298	0.01505	0.00727	0.01972	0.01142	0.03010	0.00934	0.01090	0.00727	0.00623	0.00415	0.00208	0.00519	0.00363	0.00415	0.00727
61	0.01081	0.00772	0.01081	0.01236	0.01390	0.00772	0.01081	0.01390	0.01545	0.02008	0.03553	0.07569	0.03862	0.01854	0.00927	0.00309	0.00618	0.67717	0.00618	0.00618
62	0.01267	0.01193	0.02013	0.74806	0.04621	0.01491	0.01863	0.01714	0.01342	0.01714	0.01193	0.01789	0.00894	0.00671	0.00671	0.00224	0.00894	0.00596	0.00298	0.00745
63	0.01465	0.05955	0.64389	0.01854	0.02791	0.01642	0.02328	0.07933	0.01564	0.02286	0.01229	0.01421	0.00875	0.00650	0.00633	0.00209	0.00960	0.00500	0.00317	0.01000
64	0.00793	0.00680	0.00680	0.00680	0.00906	0.00566	0.00510	0.00963	0.01529	0.01813	0.06797	0.06457	0.71961	0.01699	0.00793	0.00227	0.00340	0.01416	0.00623	0.00566
65	0.00818	0.00584	0.00779	0.00934	0.00973	0.00545	0.00623	0.00934	0.01285	0.01713	0.03698	0.75981	0.04438	0.02102	0.00856	0.00273	0.00389	0.01908	0.00623	0.00545
66	0.01504	0.01473	0.02385	0.35718	0.34192	0.04187	0.04045	0.01911	0.01439	0.01932	0.01210	0.01699	0.00971	0.00657	0.00732	0.00214	0.03927	0.00597	0.00316	0.00891
67	0.01506	0.01522	0.02149	0.04135	0.08703	0.04329	0.03657	0.01702	0.01133	0.01690	0.00970	0.01527	0.00922	0.01165	0.03694	0.00296	0.59237	0.00593	0.00302	0.00770
68	0.00970	0.00648	0.00733	0.00739	0.00740	0.00647	0.00414	0.00974	0.00987	0.01316	0.02171	0.06948	0.02511	0.73764	0.03324	0.00637	0.00641	0.01009	0.00414	0.00412
69	0.02778	0.01514	0.01788	0.01371	0.01899	0.01539	0.01132	0.36975	0.02544	0.38113	0.02124	0.01944	0.01398	0.00818	0.00673	0.00204	0.00656	0.00639	0.00750	0.01141
70	0.02506	0.03198	0.01901	0.01729	0.02074	0.73725	0.01296	0.02679	0.01901	0.01642	0.01037	0.01210	0.00864	0.00691	0.00605	0.00173	0.01210	0.00432	0.00346	0.00778
71	0.00864	0.00683	0.00778	0.00754	0.00950	0.00597	0.00566	0.01100	0.01697	0.02211	0.36298	0.05802	0.42212	0.01551	0.00792	0.00220	0.00329	0.01324	0.00675	0.00597
72	0.02473	0.01837	0.01971	0.01517	0.02050	0.02022	0.01250	0.64851	0.05885	0.04098	0.01642	0.01640	0.01173	0.00799	0.00666	0.00199	0.00721	0.00603	0.00662	0.03941
73	0.01705	0.01391	0.01825	0.26258	0.12107	0.05899	0.01429	0.06508	0.13758	0.10350	0.08405	0.02323	0.03491	0.00822	0.00683	0.00214	0.00723	0.00702	0.00506	0.00900
74	0.04558	0.02118	0.01995	0.01589	0.02081	0.18910	0.03664	0.44851	0.02657	0.08731	0.01528	0.01561	0.01100	0.00767	0.00654	0.00196	0.00845	0.00569	0.00588	0.01036
75	0.01585	0.35460	0.38177	0.01602	0.02381	0.04275	0.04039	0.02092	0.01414	0.01872	0.01085	0.01274	0.00861	0.00609	0.00551	0.00182	0.00883	0.00444	0.00289	0.00925
76	0.00893	0.00684	0.00819	0.00785	0.00968	0.00609	0.00589	0.01157	0.01766	0.02375	0.48488	0.05532	0.29919	0.01489	0.00792	0.00217	0.00325	0.01286	0.00697	0.00609
77	0.01245	0.01117	0.01090	0.01006	0.01214	0.11508	0.00759	0.03545	0.04256	0.02550	0.54457	0.04323	0.07819	0.01252	0.00757	0.00206	0.00469	0.01073	0.00672	0.00681
78	0.81159	0.01298	0.00986	0.00882	0.01298	0.01505	0.00727	0.01972	0.01142	0.03010	0.00934	0.01090	0.00727	0.00623	0.00415	0.00208	0.00519	0.00363	0.00415	0.00727
79	0.01219	0.00819	0.01126	0.01238	0.01423	0.00818	0.01075	0.01582	0.04088	0.06299	0.03468	0.07066	0.03663	0.01758	0.00903	0.00300	0.00612	0.61245	0.00633	0.00666
80	0.01267	0.01193	0.02013	0.74806	0.04621	0.01491	0.01863	0.01714	0.01342	0.01714	0.01193	0.01789	0.00894	0.00671	0.00671	0.00224	0.00894	0.00596	0.00298	0.00745
81	0.05059	0.01146	0.01542	0.01186	0.01702	0.01000	0.00979	0.03236	0.01900	0.70871	0.02602	0.02253	0.01636	0.00825	0.00668	0.00208	0.00570	0.00667	0.00820	0.01131
82	0.01391	0.01193	0.01391	0.00994	0.01590	0.00894	0.00795	0.01690	0.01391	0.02186	0.01193	0.01391	0.00994	0.00497	0.00497	0.00099	0.00497	0.00398	0.00398	0.80521
83	0.00970	0.00675	0.00857	0.00857	0.00901	0.00719	0.00563	0.01056	0.01013	0.01394	0.02000	0.03756	0.02164	0.50592	0.28865	0.00805	0.01065	0.00883	0.00390	0.00476
84	0.00818	0.00584	0.00779	0.00934	0.00973	0.00545	0.00623	0.00934	0.01285	0.01713	0.03698	0.75981	0.04438	0.02102	0.00856	0.00273	0.00389	0.01908	0.00623	0.00545
85	0.01661	0.01594	0.02724	0.04119	0.72233	0.01594	0.02059	0.02059	0.01528	0.02192	0.01262	0.01661	0.01063	0.00598	0.00664	0.00199	0.00797	0.00598	0.00332	0.01063
86	0.01391	0.01193	0.01391	0.00994	0.01590	0.00894	0.00795	0.01690	0.01391	0.02186	0.01193	0.01391	0.00994	0.00497	0.00497	0.00099	0.00497	0.00398	0.00398	0.80521
87	0.81159	0.01298	0.00986	0.00882	0.01298	0.01505	0.00727	0.01972	0.01142	0.03010	0.00934	0.01090	0.00727	0.00623	0.00415	0.00208	0.00519	0.00363	0.00415	0.00727
88	0.01267	0.01193	0.02013	0.74806	0.04621	0.01491	0.01863	0.01714	0.01342	0.01714	0.01193	0.01789	0.00894	0.00671	0.00671	0.00224	0.00894	0.00596	0.00298	0.00745
89	0.02506	0.03198	0.01901	0.01729	0.02074	0.73725	0.01296	0.02679	0.01901	0.01642	0.01037	0.01210	0.00864	0.00691	0.00605	0.00173	0.01210	0.00432	0.00346	0.00778
90	0.01765	0.01420	0.01520	0.01353	0.01743	0.01620	0.01057	0.03544	0.66074	0.07811	0.02725	0.02488	0.02021	0.00905	0.00682	0.00226	0.00534	0.00753	0.00693	0.01068
91	0.01584	0.01810	0.03959	0.02828	0.03507	0.01697	0.69796	0.02149	0.01584	0.02149	0.01357	0.01810	0.01018	0.00566	0.00792	0.00226	0.01131	0.00792	0.00339	0.00905
92	0.00961	0.00710	0.01032	0.01032	0.01136	0.00814	0.00781	0.01169	0.01065	0.01524	0.01839	0.02869	0.01779	0.14518	0.64413	0.01022	0.01645	0.00753	0.00366	0.00574
93	0.01589	0.02008	0.17819	0.03571	0.53365	0.01593	0.06127	0.02079	0.01507	0.02175	0.01255	0.01617	0.01015	0.00604	0.00666	0.00204	0.00858	0.00587	0.00322	0.01038
94	0.00950	0.00686	0.00897	0.00844	0.01002	0.00633	0.00633	0.01266	0.01899	0.02691	0.71879	0.05012	0.06331	0.01372	0.00791	0.00211	0.00317	0.01213	0.00739	0.00633
95	0.00842	0.00636	0.00785	0.00886	0.00997	0.00578	0.00637	0.01002	0.01407	0.01809	0.07112	0.45557	0.24595	0.01929	0.00842	0.00260	0.00396	0.08540	0.00627	0.00562
96	0.01371	0.05880	0.67759	0.01924	0.02889	0.01601	0.05204	0.02122	0.01422	0.02108	0.01201	0.01421	0.00857	0.00632	0.00637	0.00211	0.00988	0.00503	0.00286	0.00984
97	0.01778	0.74202	0.05996	0.01175	0.01764	0.02616	0.01196	0.02013	0.01365	0.01598	0.00943	0.01089	0.00861	0.00576	0.00438	0.00146	0.00727	0.00364	0.00287	0.00866
98	0.00976	0.00651	0.00732	0.00732	0.00732	0.00651	0.00407	0.00976	0.00976	0.01301	0.02114	0.04391	0.02439	0.76419	0.03415	0.00651	0.00651	0.00976	0.00407	0.00407
99	0.73903	0.03648	0.01127	0.03230	0.01438	0.01557	0.00791	0.03949	0.01214	0.02961	0.00962	0.01127	0.00748	0.00628	0.00431	0.00206	0.00543	0.00378	0.00415	0.00744
100	0.00963	0.00700	0.00983	0.00983	0.01070	0.00787	0.00720	0.01137	0.01050	0.01487	0.01884	0.03118	0.01887	0.24635	0.54444	0.00961	0.01482	0.00789	0.00372	0.00546
101	0.00805	0.00680	0.00696	0.00692	0.00914	0.00571	0.00519	0.00986	0.01557	0.01879	0.11729	0.06348	0.66988	0.01675	0.00793	0.00225	0.00338	0.01401	0.00632	0.00571
102	0.00959	0.00719	0.01078	0.01078	0.01198	0.00839	0.00839	0.01198	0.01078	0.01558	0.01797	0.02636	0.01677	0.05032	0.73760	0.01078	0.01797	0.00719	0.00359	0.00599
103	0.01794	0.76823	0.03516	0.01148	0.01722	0.02655	0.01148	0.02009	0.01363	0.01579	0.00933	0.01076	0.00861	0.00574	0.00431	0.00144	0.00718	0.00359	0.00287	0.00861
104	0.02551	0.01879	0.02014	0.01544	0.02081	0.02081	0.01275	0.69996	0.03155	0.04229	0.01611	0.01611	0.01141	0.00805	0.00671	0.00201	0.00738	0.00604	0.00671	0.01141
105	0.02551	0.01879	0.02014	0.01544	0.02081	0.02081	0.01275	0.69996	0.03155	0.04229	0.01611	0.01611	0.01141	0.00805	0.00671	0.00201	0.00738	0.00604	0.00671	0.01141
106	0.00843	0.00685	0.00749	0.00742	0.00949	0.00591	0.00563	0.01054	0.01620	0.02033	0.22416	0.06153	0.53274	0.01626	0.00798	0.00226	0.00346	0.04095	0.00651	0.00585
107	0.54304	0.01352	0.01188	0.01035	0.01444	0.01546	0.00839	0.10403	0.12302	0.03106	0.05703	0.01617	0.01331	0.00736	0.00511	0.00210	0.00535	0.00507	0.00508	0.00823
108	0.00896	0.00684	0.00822	0.00787	0.00969	0.00610	0.00591	0.01162	0.01772	0.02388	0.49423	0.05511	0.28977	0.01485	0.00792	0.00216	0.00325	0.01283	0.00699	0.00610
109	0.01646	0.01344	0.01528	0.01115	0.01698	0.01155	0.00901	0.16709	0.01779	0.02636	0.01285	0.01440	0.01026	0.00565	0.00535	0.00122	0.00550	0.00443	0.00458	0.63067
110	0.01449	0.01191	0.01397	0.01001	0.01595	0.00898	0.00802	0.01746	0.01410	0.04705	0.01245	0.01423	0.01018	0.00509	0.00503	0.00103	0.00500	0.00407	0.00413	0.77685
