[name]
unknown

[dist]
# distance from previous block
# <min> <max>
6	23

[block]
# block no. 0 follows, 37 sequences, length 43
# corresponding to MSA columns:
# 26-68
name=unknown_A
#
# <colnr> <probs for GDERKNQSTAVLIFYWHMCP>
#	G	D	E	R	K	N	Q	S	T	A	V	L	I	F	Y	W	H	M	C	P
0	0.01505	0.11960	0.11888	0.01257	0.03416	0.06156	0.01115	0.13797	0.11456	0.04174	0.17195	0.04380	0.05055	0.00889	0.00616	0.00187	0.00596	0.03048	0.00503	0.00807
1	0.03753	0.05128	0.01502	0.03905	0.05712	0.02890	0.02303	0.17132	0.16855	0.04137	0.19714	0.06089	0.02568	0.00927	0.00637	0.00193	0.00531	0.03107	0.00559	0.02356
2	0.03809	0.04034	0.05568	0.01541	0.09244	0.07141	0.08515	0.12896	0.06876	0.07371	0.12342	0.05349	0.09200	0.00867	0.00634	0.00189	0.00624	0.00747	0.00497	0.02557
3	0.06912	0.05477	0.21482	0.01612	0.14042	0.03007	0.01331	0.04126	0.07136	0.02117	0.12987	0.02576	0.13016	0.00848	0.00609	0.00190	0.00612	0.00702	0.00427	0.00789
4	0.11556	0.10306	0.08139	0.01949	0.24784	0.03468	0.01298	0.06398	0.03077	0.07683	0.05217	0.03383	0.01283	0.00648	0.00548	0.00172	0.00631	0.00533	0.00397	0.08529
5	0.03548	0.02045	0.25832	0.01659	0.07693	0.09265	0.06580	0.08156	0.08036	0.04505	0.07374	0.05338	0.01515	0.00731	0.00607	0.00187	0.00740	0.00615	0.00408	0.05166
6	0.05111	0.02320	0.44157	0.01558	0.04010	0.01318	0.04418	0.04212	0.08706	0.02161	0.08794	0.01740	0.01425	0.00667	0.00588	0.00187	0.00737	0.00548	0.00366	0.06976
7	0.01259	0.13445	0.14450	0.01384	0.04419	0.01278	0.08438	0.08505	0.03955	0.01994	0.07541	0.26362	0.02305	0.01071	0.00647	0.00202	0.00610	0.00948	0.00445	0.00739
8	0.02014	0.01662	0.01635	0.01388	0.03740	0.10344	0.01081	0.40283	0.19475	0.03097	0.01686	0.01687	0.01249	0.00739	0.00593	0.00183	0.00649	0.00568	0.06982	0.00946
9	0.00950	0.00745	0.01059	0.01027	0.01148	0.00878	0.00803	0.01274	0.06077	0.01585	0.07377	0.02495	0.01840	0.03829	0.59886	0.00819	0.06564	0.00686	0.00372	0.00587
10	0.01345	0.27682	0.40838	0.01520	0.02217	0.01695	0.07282	0.01830	0.01280	0.01751	0.01186	0.06549	0.01018	0.00650	0.00545	0.00178	0.00795	0.00522	0.00285	0.00831
11	0.01451	0.42411	0.34248	0.01424	0.02117	0.01948	0.05162	0.01885	0.01275	0.01681	0.00977	0.01149	0.00788	0.00548	0.00491	0.00162	0.00781	0.00401	0.00263	0.00839
12	0.01584	0.01411	0.02436	0.08270	0.59322	0.01411	0.06688	0.01951	0.01414	0.07734	0.01253	0.01577	0.01000	0.00564	0.00615	0.00186	0.00738	0.00563	0.00337	0.00946
13	0.00775	0.00571	0.00726	0.00795	0.00886	0.00522	0.00555	0.00938	0.01358	0.01818	0.23059	0.47280	0.15101	0.01682	0.00757	0.00227	0.00330	0.01501	0.00597	0.00522
14	0.01488	0.07693	0.07548	0.06819	0.24716	0.10104	0.06042	0.07700	0.01543	0.02014	0.08227	0.08876	0.03034	0.00786	0.00619	0.00187	0.00717	0.00692	0.00386	0.00810
15	0.01205	0.01176	0.01140	0.01084	0.01196	0.16003	0.00805	0.01339	0.01147	0.01416	0.01856	0.08475	0.05894	0.19292	0.24682	0.00534	0.11087	0.00761	0.00360	0.00551
16	0.01186	0.00766	0.00903	0.00829	0.01035	0.00766	0.00634	0.01720	0.14258	0.07994	0.38139	0.03485	0.05324	0.01023	0.00629	0.00184	0.00341	0.00878	0.19226	0.00679
17	0.02304	0.02390	0.01780	0.01503	0.01895	0.43554	0.01174	0.33191	0.02236	0.02532	0.01176	0.01264	0.00899	0.00676	0.00578	0.00169	0.00915	0.00463	0.00445	0.00855
18	0.01583	0.01208	0.07859	0.01162	0.04898	0.02597	0.00946	0.07141	0.03486	0.19815	0.18954	0.04830	0.09103	0.00904	0.00626	0.00178	0.00501	0.00760	0.00567	0.12884
19	0.00723	0.00620	0.00620	0.00620	0.00827	0.00517	0.00465	0.00878	0.01395	0.01654	0.06201	0.05891	0.74421	0.01550	0.00723	0.00207	0.00310	0.01292	0.00568	0.00517
20	0.02684	0.01141	0.01482	0.01136	0.01612	0.01047	0.00939	0.13269	0.01918	0.64572	0.02275	0.01993	0.01445	0.00754	0.00615	0.00189	0.00543	0.00606	0.00736	0.01042
21	0.01560	0.01603	0.02697	0.04763	0.36297	0.06177	0.24071	0.05538	0.01467	0.02000	0.01154	0.01519	0.00932	0.00594	0.00751	0.00196	0.06891	0.00591	0.00318	0.00881
22	0.01269	0.01088	0.01269	0.00907	0.01451	0.00816	0.00725	0.01541	0.01269	0.01995	0.01088	0.01269	0.00907	0.00453	0.00453	0.00091	0.00453	0.00363	0.00363	0.82229
23	0.00957	0.00688	0.00950	0.01086	0.01221	0.00681	0.00933	0.01220	0.01389	0.01803	0.03362	0.12630	0.06216	0.01704	0.00836	0.00276	0.00537	0.62389	0.00564	0.00557
24	0.02746	0.01042	0.01421	0.01089	0.01563	0.00900	0.00900	0.02983	0.01752	0.75093	0.02415	0.02083	0.01515	0.00758	0.00616	0.00189	0.00521	0.00616	0.00758	0.01042
25	0.08847	0.01483	0.01585	0.01213	0.01704	0.01542	0.00993	0.44658	0.04602	0.03205	0.01345	0.01401	0.00999	0.00646	0.00549	0.00159	0.00589	0.00485	0.00524	0.23470
26	0.01566	0.01422	0.02263	0.17594	0.50237	0.01502	0.01738	0.12308	0.01581	0.02191	0.01186	0.01531	0.00950	0.00586	0.00608	0.00186	0.00736	0.00546	0.00343	0.00924
27	0.01546	0.01464	0.02460	0.03667	0.71874	0.01471	0.01851	0.04596	0.01451	0.02071	0.01164	0.01513	0.00972	0.00553	0.00606	0.00182	0.00725	0.00546	0.00315	0.00972
28	0.00787	0.00588	0.00834	0.00915	0.00987	0.00549	0.03338	0.00927	0.01232	0.01648	0.08275	0.66734	0.05538	0.01804	0.00775	0.00243	0.00381	0.03362	0.00566	0.00517
29	0.01957	0.01226	0.01409	0.01180	0.01568	0.01301	0.00941	0.11862	0.36379	0.25436	0.08004	0.02298	0.01960	0.00829	0.00627	0.00198	0.00505	0.00683	0.00668	0.00970
30	0.01515	0.01454	0.02485	0.03757	0.74669	0.01454	0.01879	0.01879	0.01394	0.02000	0.01151	0.01515	0.00970	0.00545	0.00606	0.00182	0.00727	0.00545	0.00303	0.00970
31	0.01515	0.01454	0.02485	0.03757	0.74669	0.01454	0.01879	0.01879	0.01394	0.02000	0.01151	0.01515	0.00970	0.00545	0.00606	0.00182	0.00727	0.00545	0.00303	0.00970
32	0.00814	0.00624	0.00665	0.00677	0.00852	0.00557	0.00499	0.01037	0.03662	0.01804	0.09968	0.15381	0.48366	0.01454	0.00692	0.00204	0.00317	0.01233	0.10655	0.00539
33	0.00966	0.00751	0.01093	0.06282	0.01317	0.00904	0.00849	0.01184	0.01015	0.01494	0.01551	0.02296	0.01435	0.06849	0.53643	0.00769	0.09648	0.00639	0.06752	0.00563
34	0.01515	0.01454	0.02485	0.03757	0.74669	0.01454	0.01879	0.01879	0.01394	0.02000	0.01151	0.01515	0.00970	0.00545	0.00606	0.00182	0.00727	0.00545	0.00303	0.00970
35	0.00814	0.00543	0.00691	0.00801	0.00855	0.00514	0.00541	0.00949	0.01195	0.01685	0.05077	0.62147	0.03660	0.04162	0.00800	0.00242	0.00350	0.01517	0.12949	0.00507
36	0.00748	0.00618	0.00655	0.00652	0.00843	0.00526	0.00487	0.00923	0.01443	0.01782	0.17281	0.07964	0.60938	0.01513	0.00725	0.00206	0.00308	0.01276	0.00586	0.00526
37	0.01484	0.01546	0.06951	0.06372	0.67594	0.01449	0.01896	0.01871	0.01381	0.01980	0.01146	0.01506	0.00952	0.00550	0.00605	0.00183	0.00741	0.00540	0.00299	0.00955
38	0.01565	0.01548	0.08133	0.05948	0.61477	0.01410	0.01835	0.01949	0.01405	0.07053	0.01233	0.01541	0.00987	0.00565	0.00605	0.00184	0.00730	0.00543	0.00330	0.00959
39	0.02621	0.01243	0.01545	0.01185	0.01663	0.01198	0.00979	0.23801	0.02089	0.53800	0.02132	0.01900	0.01373	0.00751	0.00615	0.00188	0.00567	0.00596	0.00714	0.01042
40	0.01774	0.01236	0.02796	0.01185	0.01524	0.01273	0.00976	0.33553	0.02108	0.11884	0.11493	0.11767	0.04112	0.01070	0.00719	0.00207	0.03132	0.07740	0.00609	0.00841
41	0.01801	0.01466	0.02240	0.03064	0.54422	0.03868	0.01642	0.08879	0.01601	0.13001	0.01363	0.01581	0.01051	0.00598	0.00606	0.00182	0.00704	0.00551	0.00401	0.00979
42	0.01473	0.01663	0.12077	0.01679	0.01958	0.06524	0.12189	0.01752	0.01197	0.07426	0.01225	0.06750	0.01099	0.00924	0.01325	0.00234	0.38791	0.00633	0.00336	0.00746

[dist]
# distance from previous block
# <min> <max>
2	4

[block]
# block no. 1 follows, 37 sequences, length 17
# corresponding to MSA columns:
# 74-90
name=unknown_B
#
# <colnr> <probs for GDERKNQSTAVLIFYWHMCP>
#	G	D	E	R	K	N	Q	S	T	A	V	L	I	F	Y	W	H	M	C	P
0	0.01171	0.00880	0.01120	0.01035	0.01187	0.04684	0.03166	0.01437	0.05267	0.07116	0.01741	0.02588	0.01617	0.19435	0.39712	0.00683	0.03703	0.00688	0.02176	0.00593
1	0.00803	0.00580	0.00719	0.00774	0.00872	0.00545	0.00544	0.00962	0.01282	0.01735	0.14881	0.37043	0.18123	0.06283	0.06632	0.00301	0.00443	0.01344	0.05619	0.00515
2	0.01190	0.01086	0.01808	0.54404	0.16168	0.01270	0.01579	0.01526	0.01230	0.01607	0.01358	0.01846	0.04620	0.00764	0.00753	0.06473	0.00753	0.00581	0.00292	0.00691
3	0.02109	0.02338	0.01626	0.01478	0.03779	0.49963	0.01102	0.15340	0.01892	0.02063	0.03644	0.01420	0.01089	0.00677	0.00558	0.00163	0.00903	0.00470	0.08628	0.00760
4	0.82811	0.01184	0.00900	0.00805	0.01184	0.01373	0.00663	0.01799	0.01042	0.02746	0.00852	0.00994	0.00663	0.00568	0.00379	0.00189	0.00474	0.00331	0.00379	0.00663
5	0.00757	0.00538	0.00707	0.00838	0.00870	0.00505	0.00552	0.00855	0.01149	0.01532	0.03258	0.72140	0.03902	0.08065	0.00969	0.00276	0.00374	0.01672	0.00552	0.00487
6	0.01549	0.01518	0.02452	0.03662	0.71500	0.04702	0.01848	0.01903	0.01409	0.01978	0.01142	0.01497	0.00962	0.00549	0.00604	0.00181	0.00744	0.00539	0.00304	0.00958
7	0.01630	0.54200	0.02541	0.01037	0.01479	0.07623	0.00959	0.01817	0.01333	0.07387	0.01669	0.06366	0.08314	0.00739	0.00480	0.00152	0.00626	0.00539	0.00355	0.00756
8	0.00866	0.00626	0.00818	0.00770	0.00914	0.00578	0.00578	0.01155	0.01733	0.02455	0.74346	0.04572	0.05776	0.01251	0.00722	0.00193	0.00289	0.01107	0.00674	0.00578
9	0.01445	0.01651	0.03612	0.02580	0.03199	0.01548	0.72446	0.01961	0.01445	0.01961	0.01238	0.01651	0.00929	0.00516	0.00722	0.00206	0.01032	0.00722	0.00310	0.00826
10	0.01748	0.01346	0.01898	0.02335	0.34293	0.01391	0.01364	0.10989	0.18015	0.12739	0.04488	0.01982	0.03191	0.00713	0.00619	0.00190	0.00610	0.00628	0.00498	0.00963
11	0.01500	0.01312	0.02124	0.32862	0.04674	0.01512	0.14157	0.11522	0.01480	0.06203	0.01218	0.01602	0.00926	0.00698	0.00862	0.00210	0.13627	0.00580	0.02153	0.00779
12	0.00734	0.00579	0.00662	0.00728	0.00855	0.00508	0.00513	0.00866	0.01291	0.01611	0.04883	0.39539	0.41623	0.01722	0.00750	0.00226	0.00331	0.01501	0.00568	0.00508
13	0.01156	0.01088	0.01836	0.77016	0.04216	0.01360	0.01700	0.01564	0.01224	0.01564	0.01088	0.01632	0.00816	0.00612	0.00612	0.00204	0.00816	0.00544	0.00272	0.00680
14	0.01364	0.01285	0.02139	0.05562	0.59205	0.01282	0.01630	0.01687	0.01367	0.01915	0.01774	0.09427	0.07166	0.00764	0.00633	0.00191	0.00660	0.00723	0.00349	0.00877
15	0.71939	0.01319	0.05311	0.01083	0.06843	0.01382	0.00847	0.01813	0.01083	0.02643	0.00889	0.01051	0.00693	0.00567	0.00408	0.00189	0.00518	0.00355	0.00366	0.00700
16	0.01364	0.08753	0.61808	0.01690	0.02525	0.01472	0.05402	0.01997	0.01324	0.06457	0.01168	0.01335	0.00830	0.00585	0.00576	0.00189	0.00868	0.00466	0.00292	0.00900

[dist]
# distance from previous block
# <min> <max>
1	13

[block]
# block no. 2 follows, 37 sequences, length 77
# corresponding to MSA columns:
# 104-180
name=unknown_C
#
# <colnr> <probs for GDERKNQSTAVLIFYWHMCP>
#	G	D	E	R	K	N	Q	S	T	A	V	L	I	F	Y	W	H	M	C	P
0	0.73242	0.01296	0.05377	0.05266	0.01446	0.01375	0.00818	0.01794	0.01067	0.02630	0.00881	0.01049	0.00678	0.00572	0.00404	0.00191	0.00519	0.00351	0.00365	0.00678
1	0.00741	0.00580	0.00673	0.00746	0.00868	0.00512	0.00529	0.00876	0.01288	0.01614	0.04757	0.40789	0.38559	0.01731	0.00755	0.00229	0.00339	0.03336	0.00568	0.00509
2	0.01106	0.00691	0.00861	0.00794	0.00981	0.00648	0.00604	0.01445	0.05066	0.09614	0.49191	0.05948	0.08697	0.01153	0.00673	0.00189	0.00324	0.01002	0.10378	0.00636
3	0.00771	0.00620	0.00677	0.00664	0.00843	0.00537	0.00491	0.00955	0.01463	0.01851	0.24712	0.05436	0.51992	0.05272	0.00841	0.00222	0.00318	0.01221	0.00588	0.00526
4	0.00856	0.00579	0.00678	0.00711	0.00719	0.00571	0.00417	0.00881	0.00956	0.01275	0.02266	0.21306	0.02651	0.60607	0.02570	0.00513	0.00538	0.01089	0.00417	0.00400
5	0.02721	0.01082	0.01445	0.01108	0.01583	0.00959	0.00915	0.07123	0.01819	0.70859	0.02359	0.02047	0.01487	0.00756	0.00615	0.00189	0.00530	0.00612	0.00749	0.01042
6	0.82811	0.01184	0.00900	0.00805	0.01184	0.01373	0.00663	0.01799	0.01042	0.02746	0.00852	0.00994	0.00663	0.00568	0.00379	0.00189	0.00474	0.00331	0.00379	0.00663
7	0.01637	0.78856	0.03208	0.01047	0.01571	0.02422	0.01047	0.01833	0.01244	0.01440	0.00851	0.00982	0.00786	0.00524	0.00393	0.00131	0.00655	0.00327	0.00262	0.00786
8	0.00872	0.00653	0.00812	0.00767	0.00929	0.00607	0.00577	0.01199	0.04572	0.02342	0.61506	0.04673	0.15642	0.01278	0.00718	0.00195	0.00300	0.01117	0.00656	0.00584
9	0.01622	0.01318	0.01408	0.01221	0.01528	0.03217	0.00949	0.16705	0.40780	0.04184	0.02060	0.02263	0.01648	0.11034	0.02830	0.00273	0.04856	0.00671	0.00557	0.00874
10	0.01269	0.01088	0.01269	0.00907	0.01451	0.00816	0.00725	0.01541	0.01269	0.01995	0.01088	0.01269	0.00907	0.00453	0.00453	0.00091	0.00453	0.00363	0.00363	0.82229
11	0.00763	0.00622	0.00675	0.00662	0.00851	0.00534	0.00497	0.00956	0.01490	0.01877	0.25242	0.05523	0.55240	0.01467	0.00723	0.00203	0.00304	0.01240	0.00598	0.00534
12	0.01402	0.35380	0.44626	0.01448	0.02190	0.01847	0.01745	0.01894	0.01272	0.01726	0.00993	0.01160	0.00780	0.00557	0.00501	0.00167	0.00798	0.00399	0.00260	0.00854
13	0.00753	0.00621	0.00661	0.00651	0.00845	0.00529	0.00489	0.00936	0.01466	0.01821	0.20431	0.05616	0.60086	0.01488	0.00723	0.00204	0.00306	0.01253	0.00590	0.00529
14	0.00960	0.00693	0.00958	0.01071	0.01214	0.00691	0.00922	0.01232	0.01405	0.01840	0.07943	0.06444	0.06931	0.01823	0.05179	0.00313	0.00596	0.58667	0.00557	0.00561
15	0.01133	0.00617	0.00621	0.00613	0.00772	0.00622	0.00462	0.01493	0.05470	0.02253	0.02326	0.02541	0.06801	0.00780	0.00460	0.00151	0.00299	0.00629	0.71367	0.00590
16	0.01339	0.01339	0.01875	0.01607	0.01607	0.01875	0.01339	0.01473	0.00937	0.01473	0.00804	0.01339	0.00804	0.01071	0.02009	0.00268	0.77367	0.00536	0.00268	0.00670
17	0.00767	0.00556	0.00728	0.00849	0.00910	0.00517	0.00589	0.00899	0.01236	0.01639	0.07669	0.63936	0.09139	0.01838	0.00778	0.00245	0.00362	0.06260	0.00574	0.00508
18	0.01269	0.01088	0.01269	0.00907	0.01451	0.00816	0.00725	0.01541	0.01269	0.01995	0.01088	0.01269	0.00907	0.00453	0.00453	0.00091	0.00453	0.00363	0.00363	0.82229
19	0.15290	0.00987	0.01207	0.00970	0.01373	0.00911	0.00791	0.02428	0.01603	0.49854	0.09380	0.02490	0.08370	0.00846	0.00597	0.00191	0.00472	0.00678	0.00671	0.00889
20	0.00866	0.00626	0.00818	0.00770	0.00914	0.00578	0.00578	0.01155	0.01733	0.02455	0.74346	0.04572	0.05776	0.01251	0.00722	0.00193	0.00289	0.01107	0.00674	0.00578
21	0.01141	0.00571	0.00571	0.00571	0.00713	0.00571	0.00428	0.01426	0.01284	0.02282	0.01997	0.02282	0.01569	0.00713	0.00428	0.00143	0.00285	0.00571	0.81886	0.00571
22	0.01228	0.03166	0.75316	0.01745	0.02649	0.01422	0.02262	0.01939	0.01292	0.01939	0.01099	0.01292	0.00775	0.00582	0.00582	0.00194	0.00905	0.00452	0.00258	0.00905
23	0.01420	0.27145	0.45790	0.01494	0.02226	0.05289	0.01770	0.01984	0.04329	0.01785	0.01071	0.01226	0.00825	0.00576	0.00522	0.00173	0.00817	0.00420	0.00278	0.00860
24	0.01384	0.01306	0.02206	0.13055	0.57388	0.01338	0.01712	0.01726	0.01347	0.01895	0.01385	0.09870	0.01285	0.00704	0.00626	0.00192	0.00698	0.00675	0.00328	0.00880
25	0.09875	0.37192	0.09637	0.01346	0.04677	0.16977	0.01202	0.09322	0.01503	0.01905	0.00971	0.01111	0.00807	0.00578	0.00474	0.00156	0.00757	0.00386	0.00322	0.00804
26	0.00750	0.00621	0.00657	0.00648	0.00843	0.00528	0.00486	0.00930	0.01458	0.01803	0.18936	0.05645	0.61592	0.01494	0.00723	0.00204	0.00306	0.01257	0.00588	0.00528
27	0.01304	0.01131	0.01400	0.01002	0.01548	0.00879	0.04303	0.03288	0.01317	0.02038	0.01105	0.01293	0.00911	0.00463	0.00471	0.00099	0.00487	0.00385	0.00366	0.76211
28	0.00874	0.00656	0.00984	0.00984	0.01093	0.00765	0.00765	0.01093	0.00984	0.01421	0.01640	0.02405	0.01530	0.04591	0.76062	0.00984	0.01640	0.00656	0.00328	0.00547
29	0.01197	0.00642	0.00715	0.00674	0.00855	0.00615	0.00513	0.01496	0.02851	0.08606	0.17103	0.03038	0.08635	0.00900	0.00533	0.00164	0.00313	0.00747	0.49788	0.00616
30	0.00876	0.00649	0.00948	0.00948	0.01045	0.00746	0.00720	0.01070	0.00973	0.01394	0.01672	0.02586	0.01609	0.12973	0.67787	0.00939	0.01521	0.00682	0.00333	0.00527
31	0.01251	0.01033	0.01149	0.01053	0.01318	0.01134	0.00813	0.02383	0.43969	0.02480	0.28525	0.03316	0.05447	0.01022	0.00666	0.00204	0.00410	0.02382	0.00638	0.00806
32	0.01307	0.01168	0.01323	0.05460	0.01634	0.04118	0.00803	0.01582	0.01287	0.01947	0.01082	0.01284	0.00896	0.00470	0.00467	0.00100	0.00503	0.00375	0.00355	0.73839
33	0.02203	0.06201	0.01823	0.01328	0.01793	0.01808	0.01103	0.61603	0.02637	0.05469	0.01535	0.03742	0.01148	0.00757	0.00597	0.00181	0.00643	0.00575	0.03862	0.00991
34	0.01212	0.01145	0.01937	0.65628	0.15168	0.01375	0.01728	0.01613	0.01250	0.01632	0.01098	0.01614	0.00840	0.00602	0.00611	0.00201	0.00802	0.00544	0.00277	0.00725
35	0.01548	0.04655	0.09815	0.04625	0.15017	0.01372	0.27225	0.03858	0.03599	0.10816	0.05877	0.03591	0.01397	0.00772	0.02874	0.00218	0.00814	0.00669	0.00400	0.00857
36	0.01564	0.69052	0.02919	0.01018	0.01506	0.02217	0.00995	0.03355	0.01311	0.01552	0.04378	0.01441	0.05385	0.00621	0.00432	0.00139	0.00619	0.00424	0.00306	0.00766
37	0.00736	0.00573	0.00669	0.00746	0.00860	0.00506	0.00521	0.00864	0.01274	0.01604	0.04663	0.45172	0.36133	0.01750	0.00755	0.00229	0.00335	0.01536	0.00568	0.00506
38	0.82811	0.01184	0.00900	0.00805	0.01184	0.01373	0.00663	0.01799	0.01042	0.02746	0.00852	0.00994	0.00663	0.00568	0.00379	0.00189	0.00474	0.00331	0.00379	0.00663
39	0.04756	0.01255	0.01411	0.01169	0.01552	0.04805	0.00935	0.12909	0.18279	0.32573	0.05736	0.06455	0.01803	0.00858	0.00654	0.00197	0.02384	0.00691	0.00645	0.00933
40	0.02746	0.01042	0.01421	0.01089	0.01563	0.00900	0.00900	0.02983	0.01752	0.75093	0.02415	0.02083	0.01515	0.00758	0.00616	0.00189	0.00521	0.00616	0.00758	0.01042
41	0.00927	0.00662	0.00918	0.01059	0.01174	0.00653	0.00882	0.01165	0.01350	0.01765	0.03274	0.24622	0.03654	0.01747	0.00830	0.00274	0.00512	0.53422	0.00565	0.00547
42	0.82811	0.01184	0.00900	0.00805	0.01184	0.01373	0.00663	0.01799	0.01042	0.02746	0.00852	0.00994	0.00663	0.00568	0.00379	0.00189	0.00474	0.00331	0.00379	0.00663
43	0.00939	0.00709	0.00879	0.00832	0.01003	0.00690	0.00634	0.01387	0.10073	0.02390	0.58647	0.04489	0.09483	0.01240	0.00716	0.00199	0.00325	0.04089	0.00657	0.00619
44	0.01460	0.01406	0.02149	0.10710	0.51379	0.05669	0.01675	0.01864	0.04437	0.01930	0.01440	0.02181	0.01287	0.00706	0.00633	0.00196	0.00728	0.08929	0.00345	0.00876
45	0.01203	0.01113	0.01836	0.73976	0.04123	0.01382	0.01678	0.04421	0.01290	0.01656	0.01103	0.01625	0.00825	0.00617	0.00612	0.00203	0.00810	0.00544	0.00286	0.00695
46	0.72688	0.01194	0.00983	0.00854	0.01246	0.01355	0.00704	0.04870	0.01179	0.08890	0.01010	0.01106	0.00751	0.00591	0.00409	0.00189	0.00486	0.00365	0.00421	0.00711
47	0.01792	0.01250	0.01359	0.01123	0.01477	0.01360	0.00900	0.31812	0.18087	0.07351	0.09139	0.02158	0.01831	0.00805	0.00589	0.00182	0.00507	0.00646	0.16746	0.00885
48	0.00786	0.00590	0.00731	0.00776	0.00893	0.00535	0.00559	0.00969	0.01415	0.01879	0.26715	0.33955	0.22488	0.01604	0.00750	0.00221	0.00329	0.03672	0.00602	0.00530
49	0.01573	0.00854	0.01128	0.01078	0.01343	0.00819	0.00902	0.01957	0.07894	0.25381	0.06424	0.07124	0.05832	0.01297	0.00739	0.00237	0.00512	0.33520	0.00637	0.00749
50	0.01013	0.00649	0.00852	0.00831	0.00985	0.00595	0.00625	0.01253	0.01584	0.08770	0.45935	0.19774	0.07786	0.01384	0.00732	0.00210	0.00341	0.05432	0.00648	0.00600
51	0.00785	0.00563	0.00763	0.00897	0.00950	0.00540	0.00635	0.00922	0.01193	0.01590	0.03256	0.64232	0.03833	0.02042	0.05141	0.00296	0.00457	0.10842	0.00554	0.00509
52	0.00766	0.00618	0.00681	0.00674	0.00855	0.00533	0.00502	0.00957	0.01483	0.01881	0.25768	0.08648	0.51527	0.01480	0.00726	0.00204	0.00306	0.01258	0.00599	0.00533
53	0.06036	0.01255	0.02052	0.33105	0.38797	0.01372	0.01677	0.01705	0.01305	0.01852	0.01321	0.01717	0.03983	0.00616	0.00600	0.00192	0.00731	0.00564	0.00306	0.00816
54	0.01325	0.12664	0.37915	0.04980	0.08352	0.01449	0.05995	0.01829	0.01296	0.01872	0.01075	0.01301	0.00829	0.00544	0.00544	0.00166	0.00774	0.00446	0.00286	0.16358
55	0.01565	0.01616	0.01861	0.01633	0.03842	0.15132	0.04245	0.05791	0.01249	0.01700	0.00967	0.01379	0.00870	0.00912	0.01476	0.00231	0.49152	0.00521	0.05151	0.00708
56	0.01578	0.21305	0.25529	0.01285	0.01917	0.01537	0.01365	0.08159	0.01450	0.08686	0.01182	0.01298	0.00900	0.00577	0.00539	0.00155	0.02197	0.00426	0.00360	0.19555
57	0.06282	0.37135	0.24759	0.01459	0.06262	0.05157	0.01459	0.07708	0.01411	0.01901	0.00999	0.01154	0.00807	0.00567	0.00487	0.00162	0.00746	0.00400	0.00301	0.00843
58	0.00907	0.00694	0.00992	0.00984	0.01112	0.00800	0.00765	0.01212	0.05315	0.01499	0.01882	0.02544	0.04620	0.04239	0.68405	0.00905	0.01515	0.00685	0.00356	0.00570
59	0.05040	0.01599	0.06270	0.03033	0.47192	0.04577	0.13241	0.01977	0.05681	0.02026	0.01265	0.03061	0.01047	0.00591	0.00616	0.00189	0.00769	0.00586	0.00330	0.00909
60	0.01466	0.47289	0.33281	0.01338	0.02021	0.02005	0.01554	0.01877	0.01264	0.01648	0.00954	0.01111	0.00781	0.00548	0.00472	0.00157	0.00759	0.00379	0.00260	0.00835
61	0.01052	0.00856	0.02929	0.00978	0.01105	0.05778	0.00723	0.04280	0.01332	0.05529	0.03004	0.59502	0.03443	0.01668	0.00748	0.00237	0.00455	0.05249	0.00554	0.00579
62	0.00880	0.00634	0.00872	0.00872	0.00942	0.00704	0.00625	0.01021	0.00951	0.01338	0.01742	0.02973	0.01777	0.30798	0.50191	0.00845	0.01269	0.00739	0.00343	0.00484
63	0.01763	0.51264	0.09165	0.01275	0.01794	0.16258	0.04168	0.02012	0.01371	0.04618	0.00973	0.01107	0.00822	0.00559	0.00463	0.00147	0.00772	0.00380	0.00295	0.00794
64	0.01248	0.02918	0.65670	0.01928	0.10119	0.01402	0.02175	0.01911	0.01315	0.01959	0.03113	0.01406	0.00933	0.00596	0.00588	0.00193	0.00869	0.00480	0.00275	0.00902
65	0.00876	0.00600	0.00741	0.00753	0.00881	0.00559	0.00556	0.01113	0.01496	0.02134	0.37901	0.19456	0.11963	0.01349	0.00691	0.00201	0.00315	0.03961	0.13901	0.00553
66	0.01345	0.01239	0.02029	0.02848	0.50173	0.01244	0.03436	0.01746	0.05668	0.01991	0.08478	0.08417	0.01807	0.03985	0.02735	0.00228	0.00667	0.00730	0.00383	0.00853
67	0.03801	0.07004	0.23725	0.01581	0.07846	0.01451	0.02881	0.17495	0.04410	0.18182	0.04571	0.01673	0.01259	0.00682	0.00590	0.00186	0.00692	0.00547	0.00481	0.00942
68	0.01579	0.05553	0.50089	0.01703	0.06647	0.01419	0.01878	0.07267	0.02851	0.13289	0.01347	0.01446	0.00941	0.00620	0.00584	0.00190	0.00801	0.00490	0.00370	0.00936
69	0.00785	0.00615	0.00719	0.00772	0.00923	0.00549	0.00587	0.00961	0.01373	0.01726	0.10379	0.22496	0.40822	0.01635	0.00757	0.00228	0.00362	0.13212	0.00576	0.00525
70	0.01796	0.01767	0.05628	0.02434	0.30993	0.13591	0.07324	0.12920	0.06131	0.06602	0.03892	0.01630	0.01194	0.00642	0.00612	0.00183	0.00771	0.00565	0.00410	0.00914
71	0.05230	0.01497	0.04624	0.01461	0.07661	0.08327	0.01100	0.14208	0.21443	0.12721	0.03550	0.05323	0.01551	0.02671	0.02161	0.00221	0.04188	0.00646	0.00530	0.00885
72	0.00749	0.00539	0.00711	0.00842	0.00887	0.00501	0.00565	0.00863	0.01198	0.01595	0.05836	0.73319	0.06360	0.01884	0.00777	0.00245	0.00351	0.01705	0.00572	0.00501
73	0.10990	0.01374	0.01379	0.01077	0.01540	0.09219	0.00865	0.13605	0.01639	0.13648	0.02990	0.01477	0.01106	0.00681	0.02042	0.00160	0.00593	0.00456	0.00468	0.34690
74	0.01160	0.00974	0.01104	0.00979	0.01205	0.02696	0.00756	0.07815	0.09737	0.02111	0.18361	0.09303	0.18565	0.04398	0.00921	0.00215	0.09183	0.00933	0.00532	0.09052
75	0.01392	0.01181	0.03809	0.01092	0.03996	0.00885	0.02941	0.01686	0.01316	0.07461	0.01194	0.01350	0.00951	0.00485	0.00483	0.00108	0.00499	0.00401	0.00385	0.68384
76	0.00927	0.00654	0.00824	0.00862	0.00955	0.00645	0.00602	0.05344	0.03611	0.01766	0.11486	0.42811	0.07559	0.06832	0.03590	0.08714	0.00445	0.01316	0.00533	0.00526

[dist]
# distance from previous block
# <min> <max>
0	13

# created by:
# /home/cegg/simao/soft/augustus-3.2.1/scripts/msa2prfl.pl ./align_prep/EOG090W0JMT.fa
