[name]
unknown

[dist]
# distance from previous block
# <min> <max>
0	51

[block]
# block no. 0 follows, 30 sequences, length 66
# corresponding to MSA columns:
# 51-116
name=unknown_A
#
# <colnr> <probs for GDERKNQSTAVLIFYWHMCP>
#	G	D	E	R	K	N	Q	S	T	A	V	L	I	F	Y	W	H	M	C	P
0	0.02484	0.03091	0.01906	0.01734	0.02085	0.64538	0.01299	0.02806	0.07550	0.01797	0.01260	0.01474	0.01052	0.03107	0.00729	0.00200	0.01182	0.00495	0.00390	0.00821
1	0.01723	0.01584	0.02576	0.07261	0.56211	0.01613	0.01940	0.07665	0.01754	0.02476	0.07071	0.02017	0.01556	0.00710	0.00703	0.00210	0.00788	0.00675	0.00408	0.01059
2	0.02422	0.01952	0.01958	0.01567	0.02076	0.07859	0.01268	0.47724	0.17253	0.03805	0.01862	0.01832	0.01359	0.00842	0.00690	0.00210	0.00756	0.00642	0.00665	0.03260
3	0.01257	0.01512	0.15915	0.01504	0.07489	0.03200	0.01255	0.01609	0.01499	0.04266	0.09817	0.22345	0.05028	0.03634	0.06706	0.00316	0.00741	0.04110	0.00512	0.07285
4	0.06133	0.27928	0.27554	0.01516	0.02238	0.05385	0.01653	0.04665	0.01610	0.13243	0.01387	0.01475	0.01028	0.00680	0.00582	0.00193	0.00839	0.00490	0.00412	0.00990
5	0.01528	0.28703	0.41985	0.01617	0.02423	0.01939	0.01931	0.02093	0.01496	0.02060	0.07003	0.01664	0.01368	0.00704	0.00601	0.00196	0.00872	0.00529	0.00336	0.00952
6	0.00960	0.00686	0.00936	0.01098	0.01186	0.00662	0.00839	0.01162	0.01445	0.01905	0.03785	0.48064	0.04375	0.02082	0.00920	0.00299	0.00500	0.27853	0.00646	0.00597
7	0.01813	0.01537	0.01621	0.01436	0.01844	0.01772	0.01123	0.09162	0.64283	0.03043	0.02743	0.02526	0.02051	0.00938	0.00709	0.00234	0.00570	0.00775	0.00709	0.01111
8	0.01614	0.10504	0.01741	0.01093	0.01673	0.01234	0.00905	0.06768	0.01631	0.04674	0.05749	0.01696	0.01407	0.00620	0.00547	0.00128	0.00554	0.00488	0.00458	0.56516
9	0.01571	0.07411	0.62170	0.01882	0.02848	0.01634	0.02371	0.02303	0.01514	0.08019	0.01363	0.01530	0.00956	0.00676	0.00654	0.00217	0.00979	0.00523	0.00343	0.01037
10	0.01411	0.03529	0.68712	0.02033	0.03049	0.01627	0.05646	0.02211	0.01481	0.02211	0.01260	0.01492	0.00892	0.00660	0.00670	0.00222	0.01038	0.00530	0.00297	0.01027
11	0.01493	0.01421	0.02444	0.30540	0.36470	0.01530	0.05260	0.01911	0.01496	0.02045	0.01503	0.07954	0.01331	0.00781	0.00717	0.00225	0.00849	0.00746	0.00358	0.00925
12	0.01227	0.00761	0.01083	0.01094	0.01169	0.00799	0.00835	0.01228	0.01261	0.03883	0.08180	0.09968	0.02666	0.02042	0.01862	0.36916	0.06767	0.17275	0.00476	0.00508
13	0.01346	0.01259	0.02119	0.65022	0.10384	0.01531	0.01924	0.01801	0.01420	0.01837	0.01341	0.02081	0.01064	0.00739	0.00707	0.00234	0.00910	0.03156	0.00326	0.00798
14	0.01245	0.00790	0.01094	0.07125	0.01460	0.00789	0.00834	0.01473	0.01508	0.10564	0.16803	0.24891	0.05046	0.08607	0.11797	0.00418	0.00707	0.03563	0.00610	0.00679
15	0.01420	0.11421	0.53709	0.01869	0.02744	0.01666	0.06346	0.02089	0.01466	0.02110	0.01458	0.07909	0.01223	0.00784	0.00669	0.00219	0.00953	0.00647	0.00330	0.00970
16	0.01509	0.01503	0.02134	0.07889	0.02082	0.02088	0.01561	0.01688	0.01096	0.01688	0.00943	0.01555	0.00917	0.01177	0.02156	0.00299	0.68032	0.00611	0.00306	0.00764
17	0.01208	0.01165	0.02083	0.01684	0.02043	0.01103	0.25278	0.01563	0.01603	0.02105	0.09601	0.12042	0.20437	0.01361	0.00902	0.00254	0.03234	0.11061	0.00539	0.00734
18	0.01548	0.01508	0.02719	0.06779	0.39961	0.01491	0.16372	0.01967	0.01576	0.02182	0.01888	0.07678	0.03594	0.00879	0.00763	0.00231	0.00849	0.06654	0.00402	0.00959
19	0.01018	0.00751	0.01021	0.03751	0.01385	0.00738	0.00948	0.01270	0.01519	0.01965	0.04035	0.26902	0.11710	0.01940	0.00917	0.00297	0.00551	0.38028	0.00633	0.00619
20	0.01480	0.01472	0.02182	0.01832	0.01907	0.01956	0.07085	0.01686	0.01190	0.01812	0.06447	0.01878	0.01394	0.01293	0.03954	0.00315	0.60320	0.00683	0.00347	0.00766
21	0.01521	0.06892	0.56530	0.02096	0.05087	0.01673	0.09556	0.02247	0.01511	0.04641	0.01310	0.01539	0.00940	0.00657	0.00672	0.00218	0.01011	0.00552	0.00323	0.01023
22	0.01554	0.01653	0.05413	0.11567	0.29734	0.01595	0.24279	0.02013	0.01542	0.02140	0.01553	0.08447	0.01375	0.00782	0.00803	0.00230	0.03193	0.00809	0.00368	0.00949
23	0.01527	0.01527	0.02137	0.01832	0.01832	0.02137	0.01527	0.01679	0.01069	0.01679	0.00916	0.01527	0.00916	0.01221	0.02290	0.00305	0.74198	0.00611	0.00305	0.00763
24	0.01617	0.01642	0.04906	0.19984	0.48102	0.01641	0.07781	0.02070	0.01546	0.02160	0.01303	0.01763	0.01055	0.00638	0.00703	0.00216	0.00888	0.00635	0.00336	0.01014
25	0.80405	0.01350	0.01026	0.00918	0.01350	0.01565	0.00756	0.02051	0.01188	0.03131	0.00972	0.01134	0.00756	0.00648	0.00432	0.00216	0.00540	0.00378	0.00432	0.00756
26	0.01527	0.01527	0.02137	0.01832	0.01832	0.02137	0.01527	0.01679	0.01069	0.01679	0.00916	0.01527	0.00916	0.01221	0.02290	0.00305	0.74198	0.00611	0.00305	0.00763
27	0.01454	0.12050	0.63896	0.01896	0.02877	0.01754	0.02417	0.02196	0.01467	0.02144	0.01219	0.01432	0.00885	0.00655	0.00638	0.00213	0.00998	0.00499	0.00295	0.01015
28	0.02597	0.05916	0.07033	0.01696	0.07131	0.01778	0.01377	0.35774	0.02539	0.24218	0.01905	0.01845	0.01306	0.00804	0.00682	0.00209	0.00737	0.00628	0.00672	0.01154
29	0.01153	0.00863	0.01290	0.01377	0.01568	0.00856	0.04862	0.01490	0.01609	0.02096	0.03568	0.07540	0.03852	0.01853	0.00956	0.00317	0.00672	0.62791	0.00627	0.00659
30	0.01527	0.01527	0.02137	0.01832	0.01832	0.02137	0.01527	0.01679	0.01069	0.01679	0.00916	0.01527	0.00916	0.01221	0.02290	0.00305	0.74198	0.00611	0.00305	0.00763
31	0.02594	0.01248	0.01578	0.01282	0.01741	0.01195	0.01043	0.13998	0.06125	0.44263	0.04597	0.08999	0.02179	0.01057	0.00737	0.00228	0.00600	0.04661	0.00793	0.01082
32	0.01534	0.03235	0.59966	0.01883	0.02814	0.01601	0.02324	0.02447	0.09289	0.06136	0.01516	0.01652	0.01073	0.00706	0.00670	0.00223	0.00953	0.00557	0.00373	0.01048
33	0.01100	0.00795	0.01090	0.01238	0.01405	0.00786	0.01076	0.01410	0.01605	0.02072	0.03970	0.07777	0.09469	0.01915	0.00953	0.00314	0.00619	0.61125	0.00643	0.00638
34	0.00922	0.00687	0.00861	0.00892	0.01036	0.00626	0.00655	0.01159	0.01691	0.02275	0.34413	0.25522	0.19501	0.01743	0.00851	0.00247	0.00374	0.05229	0.00701	0.00617
35	0.00937	0.00667	0.00820	0.00898	0.01010	0.00607	0.00625	0.01087	0.01442	0.03769	0.09057	0.43469	0.20975	0.08063	0.01087	0.00299	0.00421	0.03538	0.00643	0.00586
36	0.00855	0.00708	0.00748	0.00738	0.00961	0.00602	0.00554	0.01059	0.01661	0.02052	0.18715	0.06441	0.59090	0.01705	0.00824	0.00233	0.00349	0.01434	0.00670	0.00602
37	0.00940	0.00675	0.00874	0.01003	0.01070	0.00647	0.00682	0.04363	0.01433	0.01912	0.03738	0.71353	0.04444	0.02119	0.00881	0.00280	0.00423	0.01916	0.00650	0.00598
38	0.00894	0.00663	0.00759	0.00815	0.00909	0.00609	0.00537	0.00995	0.01321	0.01681	0.04421	0.29547	0.26464	0.25200	0.01709	0.00391	0.00473	0.01504	0.00577	0.00529
39	0.04796	0.00728	0.00871	0.00865	0.01033	0.00679	0.00639	0.01230	0.01721	0.02407	0.40238	0.15544	0.19125	0.04203	0.00914	0.00251	0.00376	0.03060	0.00694	0.00627
40	0.01739	0.01478	0.01567	0.01399	0.01789	0.01697	0.01091	0.06737	0.62866	0.02984	0.06547	0.02703	0.02331	0.00968	0.00716	0.00234	0.00550	0.00807	0.00713	0.01084
41	0.00886	0.00633	0.00847	0.00989	0.01051	0.00595	0.00689	0.01043	0.01417	0.01900	0.09962	0.62975	0.04745	0.02095	0.00891	0.00281	0.00418	0.07341	0.00658	0.00582
42	0.00985	0.00742	0.00856	0.00838	0.01042	0.00666	0.00632	0.01262	0.03468	0.03998	0.28072	0.08602	0.37177	0.04162	0.00921	0.00251	0.00384	0.04615	0.00688	0.00637
43	0.01130	0.00747	0.00938	0.00878	0.01083	0.00670	0.00662	0.01411	0.01861	0.08478	0.47779	0.09153	0.19587	0.01492	0.00817	0.00226	0.00361	0.01298	0.00744	0.00684
44	0.02790	0.01262	0.01617	0.01263	0.01761	0.01179	0.01034	0.13219	0.03946	0.52101	0.09920	0.02580	0.02178	0.00923	0.00714	0.00216	0.00591	0.00753	0.00824	0.01128
45	0.01631	0.01996	0.08572	0.02879	0.03606	0.01755	0.64248	0.02234	0.01636	0.02234	0.01401	0.01855	0.01047	0.00593	0.00813	0.00234	0.01167	0.00803	0.00349	0.00947
46	0.00907	0.00699	0.00795	0.00787	0.00953	0.00623	0.00564	0.01105	0.01617	0.02101	0.27035	0.10077	0.35796	0.12414	0.01225	0.00297	0.00396	0.01368	0.00655	0.00586
47	0.01194	0.00764	0.00911	0.00842	0.01080	0.00674	0.00643	0.01456	0.01800	0.10635	0.33947	0.05339	0.31253	0.01464	0.00792	0.00223	0.00370	0.01248	0.04671	0.00694
48	0.00861	0.00616	0.00820	0.00964	0.01015	0.00574	0.00649	0.01000	0.01388	0.01864	0.09304	0.69326	0.04776	0.02124	0.00885	0.00278	0.00399	0.01925	0.00658	0.00574
49	0.01047	0.00764	0.00912	0.00858	0.01017	0.00724	0.00617	0.04474	0.01760	0.02398	0.41243	0.05156	0.16468	0.17885	0.01423	0.00323	0.00432	0.01213	0.00668	0.00620
50	0.01471	0.03129	0.53824	0.02140	0.03065	0.01657	0.15554	0.02313	0.06004	0.02262	0.01388	0.01629	0.01001	0.00667	0.00698	0.00225	0.01029	0.00595	0.00334	0.01018
51	0.01212	0.00606	0.00909	0.00909	0.00909	0.00606	0.00606	0.00909	0.00909	0.01212	0.01212	0.02121	0.01212	0.02424	0.02727	0.79697	0.00606	0.00606	0.00303	0.00303
52	0.01708	0.01650	0.02850	0.06913	0.66127	0.01658	0.04536	0.02131	0.01584	0.02259	0.01313	0.01738	0.01097	0.00623	0.00696	0.00209	0.00845	0.00629	0.00344	0.01087
53	0.01684	0.01648	0.02914	0.09984	0.58006	0.01661	0.09545	0.02122	0.01579	0.02233	0.01318	0.01756	0.01085	0.00624	0.00706	0.00213	0.00876	0.00644	0.00343	0.01059
54	0.01303	0.01188	0.01951	0.59959	0.06315	0.01457	0.01762	0.01723	0.01389	0.01836	0.01475	0.07288	0.01251	0.00830	0.00759	0.00235	0.03507	0.00722	0.04288	0.00764
55	0.01602	0.01535	0.02097	0.01787	0.01839	0.02094	0.01486	0.07312	0.01257	0.01906	0.01014	0.01583	0.00969	0.01334	0.04695	0.00327	0.65410	0.00617	0.00341	0.00794
56	0.01037	0.00761	0.01070	0.01054	0.01172	0.00853	0.00793	0.02769	0.01226	0.01740	0.07715	0.03218	0.02266	0.16084	0.53905	0.00953	0.01523	0.00831	0.00422	0.00607
57	0.01542	0.01460	0.02474	0.39688	0.33119	0.01621	0.04120	0.03871	0.01540	0.02085	0.01289	0.01799	0.01017	0.00666	0.00699	0.00221	0.00890	0.00628	0.00338	0.00934
58	0.02576	0.01916	0.02051	0.01590	0.02135	0.02128	0.01308	0.63318	0.08885	0.04273	0.01773	0.01754	0.01266	0.00847	0.00699	0.00212	0.00750	0.00642	0.00699	0.01180
59	0.00998	0.00743	0.01099	0.01099	0.01216	0.00860	0.00844	0.01232	0.01115	0.01603	0.01890	0.02856	0.01794	0.09649	0.68363	0.01094	0.01794	0.00764	0.00377	0.00610
60	0.01952	0.01671	0.02876	0.02151	0.02710	0.01655	0.34221	0.21149	0.02106	0.08526	0.01938	0.10146	0.01636	0.00900	0.00789	0.00234	0.00910	0.02914	0.00535	0.00981
61	0.01092	0.00726	0.00936	0.00975	0.01062	0.00714	0.00688	0.01243	0.01402	0.05568	0.13657	0.30446	0.03995	0.22677	0.01676	0.00386	0.02889	0.08679	0.00603	0.00588
62	0.01250	0.00947	0.01064	0.00989	0.01200	0.04138	0.00752	0.05410	0.03645	0.05055	0.41873	0.04953	0.12511	0.07440	0.01032	0.00263	0.00466	0.05618	0.00697	0.00699
63	0.01830	0.01543	0.01666	0.04807	0.01997	0.01780	0.01171	0.11680	0.58434	0.03049	0.02622	0.02454	0.01958	0.00922	0.00708	0.00233	0.00597	0.00761	0.00690	0.01099
64	0.00920	0.04122	0.00968	0.01008	0.01084	0.00688	0.00712	0.01062	0.01362	0.01800	0.03700	0.66108	0.04394	0.02091	0.00876	0.00280	0.00440	0.07166	0.00631	0.00588
65	0.00935	0.00705	0.00843	0.00882	0.01010	0.00660	0.00617	0.01189	0.04690	0.02040	0.19543	0.31012	0.20895	0.10324	0.01158	0.00301	0.00413	0.01528	0.00652	0.00601

[dist]
# distance from previous block
# <min> <max>
0	1

[block]
# block no. 1 follows, 30 sequences, length 20
# corresponding to MSA columns:
# 118-137
name=unknown_B
#
# <colnr> <probs for GDERKNQSTAVLIFYWHMCP>
#	G	D	E	R	K	N	Q	S	T	A	V	L	I	F	Y	W	H	M	C	P
0	0.01354	0.01227	0.01237	0.01328	0.01512	0.13525	0.01098	0.01631	0.01660	0.02018	0.05892	0.13370	0.03625	0.01720	0.00892	0.00288	0.00715	0.45646	0.00598	0.00665
1	0.01212	0.00606	0.00909	0.00909	0.00909	0.00606	0.00606	0.00909	0.00909	0.01212	0.01212	0.02121	0.01212	0.02424	0.02727	0.79697	0.00606	0.00606	0.00303	0.00303
2	0.01059	0.00813	0.00968	0.00944	0.01141	0.00795	0.00710	0.07478	0.01679	0.02202	0.15295	0.18600	0.28740	0.02321	0.13579	0.00397	0.00668	0.01330	0.00623	0.00658
3	0.00876	0.00707	0.00768	0.00754	0.00960	0.00611	0.00558	0.01084	0.01662	0.02097	0.23396	0.06219	0.50778	0.05291	0.00958	0.00253	0.00363	0.01395	0.00668	0.00599
4	0.15455	0.01260	0.01372	0.01013	0.01600	0.01043	0.00814	0.01809	0.01401	0.02426	0.01193	0.01391	0.00984	0.00540	0.00502	0.00123	0.00521	0.00407	0.00417	0.65728
5	0.01215	0.01128	0.01005	0.01027	0.01146	0.13399	0.00702	0.01341	0.01454	0.01764	0.09576	0.29859	0.10649	0.20774	0.01520	0.00356	0.00614	0.01338	0.00550	0.00584
6	0.21983	0.01034	0.01041	0.00959	0.01264	0.01083	0.00746	0.01931	0.13705	0.05375	0.20595	0.05578	0.19725	0.01216	0.00698	0.00227	0.00442	0.00993	0.00641	0.00765
7	0.00876	0.00685	0.00791	0.00857	0.01013	0.00610	0.00629	0.01048	0.01501	0.01879	0.07296	0.28150	0.38586	0.04796	0.00967	0.00276	0.00412	0.08404	0.00642	0.00583
8	0.02037	0.01320	0.01404	0.01147	0.01520	0.01419	0.00925	0.35240	0.02389	0.05783	0.01992	0.02131	0.01486	0.00827	0.00600	0.00188	0.00555	0.00641	0.37461	0.00936
9	0.01440	0.00773	0.00982	0.00947	0.01153	0.00700	0.00697	0.01651	0.01615	0.17834	0.14138	0.29845	0.11143	0.04246	0.00884	0.00254	0.00432	0.01346	0.09194	0.00728
10	0.01405	0.01257	0.01895	0.21870	0.17194	0.03007	0.04672	0.03702	0.05546	0.02058	0.02030	0.15299	0.01980	0.06688	0.00991	0.00271	0.02441	0.03505	0.03377	0.00812
11	0.02056	0.02332	0.04971	0.01553	0.01977	0.34219	0.03834	0.09885	0.01850	0.02124	0.01354	0.01774	0.01168	0.07588	0.06191	0.00287	0.01051	0.00553	0.00411	0.14824
12	0.12932	0.01425	0.01977	0.03352	0.04087	0.04154	0.14365	0.02121	0.13513	0.02261	0.04480	0.06888	0.01782	0.07373	0.05277	0.00330	0.11604	0.00800	0.00462	0.00817
13	0.01263	0.01213	0.13557	0.01141	0.01360	0.00883	0.01001	0.03848	0.01134	0.01571	0.01385	0.02240	0.01311	0.07750	0.10335	0.47687	0.00837	0.00637	0.00334	0.00512
14	0.01399	0.00892	0.01114	0.01025	0.01190	0.00898	0.00752	0.13022	0.01495	0.01976	0.02360	0.06692	0.11457	0.01944	0.01850	0.44148	0.00586	0.03097	0.00457	0.03647
15	0.01303	0.01183	0.01957	0.57585	0.07404	0.01423	0.01803	0.01740	0.01442	0.01861	0.01679	0.02920	0.01486	0.00912	0.00745	0.00247	0.00874	0.12295	0.00371	0.00768
16	0.01010	0.00683	0.00792	0.00782	0.00811	0.00673	0.00465	0.01068	0.01185	0.01609	0.14361	0.04681	0.03255	0.62338	0.03068	0.00595	0.00615	0.01059	0.00484	0.00465
17	0.01295	0.00831	0.00934	0.00854	0.01144	0.00729	0.00659	0.01591	0.04991	0.14400	0.12761	0.05590	0.48547	0.01532	0.00797	0.00231	0.00403	0.01281	0.00702	0.00727
18	0.00984	0.00692	0.00789	0.00790	0.00858	0.00665	0.00502	0.01069	0.01258	0.01655	0.11542	0.05161	0.14717	0.50492	0.02635	0.00529	0.00577	0.04081	0.00514	0.00490
19	0.00944	0.00718	0.00835	0.00848	0.00974	0.00699	0.00588	0.01128	0.03366	0.01693	0.04151	0.12882	0.27959	0.25193	0.14425	0.00535	0.00734	0.01239	0.00532	0.00557

[dist]
# distance from previous block
# <min> <max>
0	5

[block]
# block no. 2 follows, 30 sequences, length 10
# corresponding to MSA columns:
# 143-152
name=unknown_C
#
# <colnr> <probs for GDERKNQSTAVLIFYWHMCP>
#	G	D	E	R	K	N	Q	S	T	A	V	L	I	F	Y	W	H	M	C	P
0	0.01138	0.00606	0.00889	0.00922	0.00930	0.00598	0.00615	0.00922	0.00997	0.01329	0.01755	0.17148	0.01914	0.02375	0.02349	0.63327	0.00565	0.00890	0.00374	0.00357
1	0.01293	0.00955	0.01167	0.01162	0.01318	0.01004	0.00858	0.15600	0.01747	0.02343	0.03173	0.49043	0.03592	0.04363	0.01013	0.00285	0.04039	0.05702	0.00634	0.00709
2	0.00876	0.00661	0.00813	0.00891	0.01013	0.00597	0.00633	0.01057	0.01529	0.01997	0.16315	0.41039	0.23900	0.01926	0.00863	0.00260	0.00385	0.03985	0.00668	0.00592
3	0.01080	0.00760	0.00902	0.00882	0.00947	0.00796	0.00570	0.03303	0.03375	0.01575	0.02311	0.04112	0.04779	0.53539	0.17526	0.00723	0.00910	0.00957	0.00439	0.00517
4	0.02507	0.02169	0.01993	0.01618	0.02111	0.16635	0.01298	0.45501	0.12923	0.03623	0.01726	0.01728	0.01268	0.00829	0.00686	0.00207	0.00837	0.00615	0.00630	0.01097
5	0.01278	0.00814	0.00861	0.00824	0.01029	0.00805	0.00624	0.08673	0.01661	0.02461	0.03547	0.07341	0.19254	0.06680	0.00864	0.00238	0.00426	0.04273	0.37678	0.00672
6	0.01235	0.00952	0.01014	0.00926	0.01201	0.00918	0.00711	0.15020	0.01931	0.02479	0.09168	0.12071	0.43156	0.01554	0.00790	0.00231	0.00441	0.01299	0.04187	0.00717
7	0.01650	0.01446	0.01684	0.16340	0.02431	0.01698	0.01276	0.03311	0.55749	0.02685	0.02510	0.02450	0.01883	0.00895	0.00708	0.00236	0.00630	0.00754	0.00628	0.01037
8	0.38771	0.01268	0.01241	0.01051	0.01473	0.01363	0.00854	0.08156	0.05997	0.18577	0.05036	0.01910	0.01492	0.00787	0.00558	0.00211	0.00539	0.00571	0.09248	0.00896
9	0.01245	0.00905	0.01067	0.01055	0.01217	0.00914	0.00754	0.14974	0.01747	0.02324	0.06351	0.43778	0.08639	0.10227	0.01148	0.00307	0.00504	0.01525	0.00638	0.00684

[dist]
# distance from previous block
# <min> <max>
0	24

[block]
# block no. 3 follows, 30 sequences, length 127
# corresponding to MSA columns:
# 177-191,261-267,277-347,356-372,375-391
name=unknown_D
#
# <colnr> <probs for GDERKNQSTAVLIFYWHMCP>
#	G	D	E	R	K	N	Q	S	T	A	V	L	I	F	Y	W	H	M	C	P
0	0.00981	0.00740	0.00916	0.00853	0.01056	0.00660	0.00642	0.01279	0.01872	0.02592	0.54598	0.05303	0.18814	0.01444	0.00807	0.00216	0.00344	0.01257	0.00726	0.04899
1	0.01019	0.00724	0.00907	0.00915	0.01077	0.00668	0.00693	0.01265	0.01691	0.04102	0.32628	0.13373	0.18734	0.07750	0.01074	0.00283	0.00426	0.11360	0.00685	0.00626
2	0.01432	0.01307	0.02234	0.52739	0.06868	0.01525	0.09021	0.05371	0.01487	0.01941	0.01283	0.01871	0.00991	0.00848	0.00897	0.07507	0.00914	0.00641	0.00336	0.00785
3	0.01708	0.01603	0.02668	0.15907	0.56188	0.01667	0.02063	0.05666	0.01647	0.02310	0.01320	0.01747	0.01080	0.00646	0.00692	0.00212	0.00843	0.00622	0.00358	0.01054
4	0.02915	0.01432	0.01758	0.01359	0.01897	0.01401	0.01119	0.22855	0.05946	0.48019	0.02437	0.02179	0.01588	0.00860	0.00701	0.00215	0.00643	0.00684	0.00806	0.01183
5	0.01104	0.00862	0.00963	0.00937	0.01145	0.00841	0.00696	0.05753	0.08961	0.02229	0.14299	0.14625	0.30100	0.09629	0.01116	0.00290	0.00455	0.04671	0.00650	0.00675
6	0.01688	0.02156	0.20688	0.07503	0.02948	0.01677	0.23679	0.15737	0.03710	0.02601	0.01627	0.06530	0.01318	0.00973	0.03736	0.00266	0.00999	0.00760	0.00435	0.00969
7	0.01778	0.01737	0.05270	0.14064	0.51355	0.05436	0.02026	0.02194	0.01599	0.05903	0.01365	0.01746	0.01094	0.00653	0.00688	0.00210	0.00862	0.00612	0.00367	0.01043
8	0.01509	0.01352	0.01476	0.01075	0.01681	0.04789	0.00855	0.01812	0.01476	0.02243	0.01232	0.01437	0.01026	0.00528	0.00523	0.00107	0.00557	0.00415	0.00411	0.75496
9	0.00982	0.00795	0.00899	0.00887	0.01128	0.00714	0.00694	0.01306	0.05303	0.02120	0.14647	0.07858	0.41795	0.01637	0.00823	0.00240	0.00418	0.11681	0.00653	0.05419
10	0.01758	0.02055	0.20894	0.11858	0.05604	0.01544	0.17564	0.08281	0.03606	0.10903	0.07465	0.02109	0.01589	0.00761	0.00729	0.00224	0.00894	0.00710	0.00470	0.00981
11	0.53928	0.01263	0.01247	0.08169	0.05435	0.01420	0.00950	0.02011	0.01342	0.07300	0.05940	0.05563	0.01451	0.00800	0.00540	0.00221	0.00575	0.00581	0.00477	0.00788
12	0.01911	0.01643	0.01690	0.05347	0.02010	0.06043	0.01172	0.16474	0.44994	0.02997	0.02379	0.02401	0.01823	0.04906	0.00855	0.00251	0.00665	0.00739	0.00649	0.01049
13	0.01712	0.01453	0.01528	0.01379	0.01761	0.01677	0.01071	0.03596	0.66183	0.02902	0.02810	0.02603	0.02112	0.00940	0.00698	0.00233	0.00540	0.00782	0.04940	0.01080
14	0.01440	0.01240	0.01482	0.04947	0.01823	0.00964	0.00887	0.01758	0.01444	0.02247	0.01240	0.01469	0.01028	0.00527	0.00527	0.00110	0.00539	0.00425	0.00408	0.75494
15	0.01318	0.01240	0.02093	0.73798	0.04806	0.01550	0.01938	0.01783	0.01395	0.01783	0.01240	0.01860	0.00930	0.00698	0.00698	0.00233	0.00930	0.00620	0.00310	0.00775
16	0.00862	0.00623	0.00819	0.00971	0.01029	0.00580	0.00664	0.00996	0.01364	0.01802	0.04034	0.67667	0.08590	0.02148	0.00890	0.00282	0.00413	0.05047	0.00648	0.00572
17	0.00988	0.00713	0.00933	0.00878	0.01043	0.00658	0.00658	0.01317	0.01975	0.02798	0.70754	0.05213	0.06584	0.01427	0.00823	0.00219	0.00329	0.01262	0.00768	0.00658
18	0.00997	0.00748	0.01121	0.01121	0.01246	0.00872	0.00872	0.01246	0.01121	0.01620	0.01869	0.02741	0.01745	0.05234	0.72710	0.01121	0.01869	0.00748	0.00374	0.00623
19	0.01727	0.01658	0.02832	0.04283	0.71123	0.01658	0.02142	0.02142	0.01589	0.02280	0.01313	0.01727	0.01105	0.00622	0.00691	0.00207	0.00829	0.00622	0.00345	0.01105
20	0.01212	0.00606	0.00909	0.00909	0.00909	0.00606	0.00606	0.00909	0.00909	0.01212	0.01212	0.02121	0.01212	0.02424	0.02727	0.79697	0.00606	0.00606	0.00303	0.00303
21	0.01015	0.00677	0.00761	0.00761	0.00761	0.00677	0.00423	0.01015	0.01015	0.01353	0.02199	0.04567	0.02537	0.75476	0.03552	0.00677	0.00677	0.01015	0.00423	0.00423
22	0.00949	0.00702	0.01020	0.01073	0.01170	0.00773	0.00799	0.01157	0.01191	0.01672	0.02511	0.26191	0.02676	0.04245	0.49410	0.00850	0.01394	0.01149	0.00463	0.00605
23	0.00974	0.00659	0.00773	0.00813	0.00823	0.00649	0.00479	0.01004	0.01095	0.01459	0.02608	0.22052	0.03053	0.57286	0.02891	0.00579	0.00609	0.01255	0.00479	0.00459
24	0.00906	0.00738	0.00808	0.00820	0.01021	0.00664	0.00603	0.01202	0.05724	0.02052	0.14799	0.18285	0.46404	0.01746	0.00829	0.00242	0.00371	0.01493	0.00668	0.00626
25	0.00997	0.00748	0.01121	0.01121	0.01246	0.00872	0.00872	0.01246	0.01121	0.01620	0.01869	0.02741	0.01745	0.05234	0.72710	0.01121	0.01869	0.00748	0.00374	0.00623
26	0.01635	0.01565	0.02673	0.05835	0.59845	0.01561	0.04681	0.02044	0.01607	0.02276	0.05298	0.02132	0.04292	0.00714	0.00709	0.00211	0.00799	0.00700	0.00380	0.01044
27	0.01173	0.00705	0.00915	0.00978	0.01107	0.00643	0.00687	0.01319	0.01441	0.11268	0.03930	0.52791	0.10782	0.05909	0.01004	0.00292	0.00446	0.03298	0.00665	0.00648
28	0.02653	0.01955	0.02094	0.01606	0.02164	0.02164	0.01326	0.68796	0.03281	0.04398	0.01675	0.01675	0.01187	0.00838	0.00698	0.00209	0.00768	0.00628	0.00698	0.01187
29	0.01029	0.00737	0.01071	0.01071	0.01200	0.00849	0.00831	0.01287	0.01158	0.01724	0.01912	0.02727	0.01749	0.04763	0.65025	0.01019	0.01705	0.00737	0.08777	0.00626
30	0.20266	0.01065	0.01175	0.01014	0.01356	0.01072	0.00788	0.02308	0.07092	0.24578	0.10201	0.04711	0.04150	0.10986	0.01031	0.00279	0.00530	0.00790	0.05758	0.00849
31	0.00858	0.00618	0.00813	0.00955	0.01011	0.00574	0.00644	0.00995	0.01388	0.01852	0.08319	0.67655	0.07496	0.02120	0.00884	0.00277	0.00398	0.01916	0.00656	0.00574
32	0.80405	0.01350	0.01026	0.00918	0.01350	0.01565	0.00756	0.02051	0.01188	0.03131	0.00972	0.01134	0.00756	0.00648	0.00432	0.00216	0.00540	0.00378	0.00432	0.00756
33	0.00850	0.00678	0.00762	0.00804	0.00974	0.00590	0.00579	0.01026	0.01556	0.01951	0.12885	0.26920	0.44258	0.01856	0.00844	0.00248	0.00366	0.01603	0.00661	0.00590
34	0.04189	0.00740	0.00816	0.00816	0.01013	0.00666	0.00599	0.01189	0.01556	0.04685	0.14137	0.14742	0.39974	0.08440	0.01066	0.00281	0.00412	0.03424	0.00643	0.00612
35	0.73275	0.01405	0.01124	0.00981	0.01424	0.01620	0.00808	0.08172	0.01380	0.03247	0.01036	0.01183	0.00795	0.00665	0.00456	0.00215	0.00561	0.00401	0.00456	0.00795
36	0.00997	0.00748	0.01121	0.01121	0.01246	0.00872	0.00872	0.01246	0.01121	0.01620	0.01869	0.02741	0.01745	0.05234	0.72710	0.01121	0.01869	0.00748	0.00374	0.00623
37	0.00907	0.00684	0.00775	0.00792	0.00935	0.00617	0.00552	0.01074	0.01508	0.01956	0.17433	0.17206	0.33184	0.15709	0.01343	0.00322	0.00418	0.01410	0.02606	0.00568
38	0.00880	0.00687	0.00801	0.00835	0.01002	0.00608	0.00612	0.01084	0.01617	0.02079	0.20936	0.23408	0.36857	0.01799	0.00846	0.00247	0.00372	0.04051	0.00676	0.00602
39	0.01145	0.00809	0.01066	0.01167	0.01340	0.00797	0.00977	0.01484	0.04206	0.03999	0.05883	0.11035	0.11241	0.05809	0.01063	0.00320	0.00585	0.45776	0.00644	0.00654
40	0.01018	0.00746	0.00982	0.01104	0.01252	0.00717	0.00905	0.01270	0.01550	0.01999	0.06204	0.19453	0.15551	0.03982	0.00995	0.00307	0.00543	0.40166	0.00642	0.00614
41	0.02357	0.01005	0.01353	0.01151	0.01519	0.00894	0.00910	0.02579	0.01752	0.46620	0.02959	0.14994	0.02490	0.08952	0.01053	0.00284	0.00576	0.06832	0.00763	0.00957
42	0.01845	0.01475	0.01581	0.01406	0.01812	0.01680	0.01098	0.03684	0.64537	0.08309	0.02833	0.02586	0.02099	0.00940	0.00709	0.00235	0.00556	0.00782	0.00722	0.01111
43	0.00995	0.00668	0.00767	0.00786	0.00791	0.00664	0.00450	0.01010	0.01053	0.01404	0.02394	0.12934	0.02784	0.66772	0.03236	0.00630	0.00644	0.01130	0.00450	0.00440
44	0.01017	0.00682	0.00816	0.00847	0.00897	0.00670	0.00552	0.01122	0.01255	0.01727	0.10631	0.14386	0.03390	0.45321	0.02439	0.00505	0.00574	0.07381	0.05286	0.00505
45	0.75363	0.01389	0.01095	0.00962	0.01402	0.01604	0.00793	0.06379	0.01323	0.03213	0.01017	0.01169	0.00784	0.00660	0.00449	0.00216	0.00555	0.00394	0.00449	0.00784
46	0.00932	0.00664	0.00843	0.00920	0.00996	0.00628	0.00634	0.01088	0.01431	0.01924	0.16979	0.37545	0.08090	0.17223	0.01432	0.00353	0.00462	0.06668	0.00625	0.00562
47	0.02545	0.03223	0.01987	0.01800	0.02139	0.68634	0.01359	0.02723	0.01925	0.01706	0.01069	0.01274	0.00900	0.00748	0.00724	0.00187	0.05437	0.00459	0.00356	0.00806
48	0.00967	0.00707	0.00880	0.00956	0.01035	0.00703	0.00652	0.01206	0.05729	0.01787	0.05196	0.40648	0.07640	0.19034	0.07119	0.00433	0.00594	0.03553	0.00582	0.00579
49	0.00975	0.00713	0.00838	0.00830	0.01012	0.00635	0.00611	0.01192	0.01667	0.04329	0.27551	0.13769	0.33324	0.06456	0.01008	0.00266	0.00387	0.03136	0.00680	0.00619
50	0.01015	0.00677	0.00761	0.00761	0.00761	0.00677	0.00423	0.01015	0.01015	0.01353	0.02199	0.04567	0.02537	0.75476	0.03552	0.00677	0.00677	0.01015	0.00423	0.00423
51	0.07330	0.28984	0.06865	0.01500	0.02018	0.28791	0.01320	0.09865	0.01841	0.03988	0.01156	0.01291	0.00942	0.00684	0.00563	0.00178	0.00942	0.00448	0.00390	0.00903
52	0.01934	0.01422	0.02237	0.01716	0.02173	0.01423	0.19681	0.13787	0.03928	0.16510	0.16085	0.02876	0.06116	0.00972	0.00871	0.00228	0.05593	0.00874	0.00622	0.00949
53	0.05046	0.01581	0.02479	0.03066	0.40585	0.01551	0.07106	0.06305	0.04974	0.08258	0.01513	0.01773	0.01184	0.00655	0.00671	0.00199	0.00769	0.00616	0.00440	0.11230
54	0.01706	0.01279	0.01504	0.01097	0.01699	0.01027	0.00883	0.05594	0.03326	0.10086	0.01472	0.01591	0.01146	0.00583	0.00552	0.00125	0.00540	0.00466	0.00486	0.64837
55	0.01850	0.02129	0.02979	0.02296	0.02746	0.19644	0.32555	0.02220	0.01586	0.01976	0.01204	0.01620	0.00984	0.00764	0.01098	0.00231	0.18070	0.00658	0.00347	0.05044
56	0.01660	0.01292	0.03596	0.01204	0.01580	0.01264	0.00982	0.16457	0.12850	0.07821	0.20729	0.05486	0.11399	0.01144	0.00785	0.00217	0.02671	0.00946	0.00676	0.07241
57	0.01217	0.00608	0.00895	0.00895	0.00904	0.00608	0.00600	0.00948	0.00939	0.01287	0.01270	0.02147	0.01243	0.02337	0.02607	0.75409	0.00591	0.00608	0.04565	0.00322
58	0.01098	0.00784	0.01094	0.01255	0.01404	0.00781	0.01079	0.01400	0.01581	0.02059	0.03709	0.14302	0.04073	0.01952	0.00957	0.00318	0.00620	0.60254	0.00643	0.00635
59	0.01866	0.75896	0.03657	0.01194	0.01791	0.02761	0.01194	0.02090	0.01418	0.01642	0.00970	0.01119	0.00896	0.00597	0.00448	0.00149	0.00746	0.00373	0.00299	0.00896
60	0.01196	0.00741	0.00896	0.00866	0.01038	0.00719	0.00643	0.01538	0.05321	0.05258	0.29193	0.10424	0.07682	0.01456	0.02630	0.05602	0.00416	0.01064	0.22653	0.00665
61	0.57518	0.01385	0.01253	0.01053	0.01519	0.01529	0.00868	0.09543	0.01566	0.16076	0.01381	0.01425	0.00984	0.00709	0.00511	0.00215	0.00575	0.00466	0.00542	0.00883
62	0.00877	0.00631	0.00814	0.00940	0.01001	0.00589	0.00636	0.01010	0.01370	0.01818	0.07542	0.58879	0.09155	0.08000	0.01098	0.00309	0.00426	0.03704	0.00636	0.00564
63	0.00920	0.00657	0.00890	0.01051	0.01122	0.00627	0.00769	0.01092	0.01405	0.01859	0.03808	0.57974	0.04463	0.02121	0.00909	0.00293	0.00465	0.18343	0.00646	0.00586
64	0.00978	0.00658	0.00783	0.00843	0.00881	0.00641	0.00533	0.01058	0.01191	0.01621	0.02954	0.27730	0.05305	0.41322	0.02291	0.00486	0.00553	0.04041	0.05630	0.00499
65	0.00945	0.00685	0.00834	0.00883	0.01015	0.00637	0.00629	0.01204	0.03567	0.02181	0.22889	0.34921	0.17391	0.01752	0.00823	0.00246	0.00372	0.01547	0.06859	0.00619
66	0.01015	0.00677	0.00761	0.00761	0.00761	0.00677	0.00423	0.01015	0.01015	0.01353	0.02199	0.04567	0.02537	0.75476	0.03552	0.00677	0.00677	0.01015	0.00423	0.00423
67	0.00997	0.00748	0.01121	0.01121	0.01246	0.00872	0.00872	0.01246	0.01121	0.01620	0.01869	0.02741	0.01745	0.05234	0.72710	0.01121	0.01869	0.00748	0.00374	0.00623
68	0.80405	0.01350	0.01026	0.00918	0.01350	0.01565	0.00756	0.02051	0.01188	0.03131	0.00972	0.01134	0.00756	0.00648	0.00432	0.00216	0.00540	0.00378	0.00432	0.00756
69	0.00850	0.00607	0.00810	0.00972	0.01012	0.00567	0.00648	0.00972	0.01336	0.01781	0.03846	0.75020	0.04615	0.02186	0.00891	0.00283	0.00405	0.01984	0.00648	0.00567
70	0.00997	0.00748	0.01121	0.01121	0.01246	0.00872	0.00872	0.01246	0.01121	0.01620	0.01869	0.02741	0.01745	0.05234	0.72710	0.01121	0.01869	0.00748	0.00374	0.00623
71	0.00979	0.00715	0.00925	0.00923	0.01018	0.00753	0.00652	0.01131	0.01181	0.01606	0.05495	0.04056	0.11718	0.30341	0.34587	0.00800	0.01162	0.00966	0.00445	0.00546
72	0.80405	0.01350	0.01026	0.00918	0.01350	0.01565	0.00756	0.02051	0.01188	0.03131	0.00972	0.01134	0.00756	0.00648	0.00432	0.00216	0.00540	0.00378	0.00432	0.00756
73	0.01036	0.00764	0.00975	0.00913	0.01093	0.00728	0.00687	0.01472	0.06377	0.02806	0.66351	0.05043	0.06296	0.01395	0.00816	0.00221	0.00344	0.01231	0.00764	0.00687
74	0.00850	0.00607	0.00810	0.00972	0.01012	0.00567	0.00648	0.00972	0.01336	0.01781	0.03846	0.75020	0.04615	0.02186	0.00891	0.00283	0.00405	0.01984	0.00648	0.00567
75	0.80405	0.01350	0.01026	0.00918	0.01350	0.01565	0.00756	0.02051	0.01188	0.03131	0.00972	0.01134	0.00756	0.00648	0.00432	0.00216	0.00540	0.00378	0.00432	0.00756
76	0.01318	0.01240	0.02093	0.73798	0.04806	0.01550	0.01938	0.01783	0.01395	0.01783	0.01240	0.01860	0.00930	0.00698	0.00698	0.00233	0.00930	0.00620	0.00310	0.00775
77	0.01866	0.75896	0.03657	0.01194	0.01791	0.02761	0.01194	0.02090	0.01418	0.01642	0.00970	0.01119	0.00896	0.00597	0.00448	0.00149	0.00746	0.00373	0.00299	0.00896
78	0.00888	0.00690	0.00808	0.00819	0.00992	0.00610	0.00599	0.01110	0.01681	0.02195	0.29452	0.19072	0.35136	0.01723	0.00837	0.00239	0.00354	0.01493	0.00691	0.00610
79	0.02918	0.01528	0.01830	0.01403	0.01951	0.01532	0.01159	0.32460	0.02568	0.41741	0.02274	0.02064	0.01487	0.00852	0.00700	0.00213	0.00671	0.00669	0.00790	0.01187
80	0.01430	0.08297	0.67438	0.01937	0.02941	0.01695	0.02489	0.02202	0.01470	0.02173	0.01234	0.01450	0.00885	0.00659	0.00649	0.00216	0.01013	0.00506	0.00295	0.01023
81	0.00847	0.00698	0.00765	0.00788	0.00984	0.00616	0.00583	0.01023	0.01506	0.01843	0.06071	0.15719	0.54349	0.02194	0.08483	0.00336	0.00522	0.01466	0.00619	0.00590
82	0.01374	0.00721	0.00728	0.00702	0.00886	0.00732	0.00533	0.05248	0.01561	0.02698	0.02244	0.02552	0.01756	0.00814	0.00499	0.00165	0.00349	0.00649	0.75109	0.00679
83	0.02710	0.01477	0.01752	0.01385	0.01902	0.01505	0.01131	0.22857	0.15929	0.37959	0.02451	0.02213	0.01647	0.00873	0.00702	0.00218	0.00637	0.00697	0.00784	0.01171
84	0.01819	0.68714	0.10432	0.01273	0.01913	0.02648	0.01332	0.02102	0.01423	0.01698	0.00998	0.01155	0.00894	0.00604	0.00469	0.00156	0.00775	0.00387	0.00298	0.00909
85	0.01751	0.01653	0.02747	0.06076	0.64566	0.01677	0.02074	0.04742	0.03633	0.02366	0.01369	0.01754	0.01133	0.00642	0.00692	0.00209	0.00822	0.00627	0.00369	0.01099
86	0.01068	0.00782	0.01047	0.01182	0.01351	0.00761	0.01014	0.01360	0.01596	0.02046	0.04247	0.09667	0.14885	0.01909	0.00939	0.00306	0.00589	0.53975	0.00644	0.00632
87	0.03131	0.01188	0.01619	0.01242	0.01781	0.01026	0.01026	0.03401	0.01997	0.71606	0.02753	0.02375	0.01727	0.00864	0.00702	0.00216	0.00594	0.00702	0.00864	0.01188
88	0.02315	0.01419	0.01612	0.01299	0.01756	0.01471	0.01052	0.27407	0.12258	0.22519	0.05562	0.02745	0.09281	0.00984	0.00708	0.00216	0.00602	0.00791	0.04943	0.01060
89	0.01738	0.01514	0.02118	0.01763	0.01911	0.01941	0.05027	0.08945	0.01432	0.07495	0.01438	0.03878	0.03244	0.01162	0.01833	0.00282	0.52329	0.00696	0.00414	0.00840
90	0.00851	0.00708	0.00743	0.00734	0.00959	0.00600	0.00551	0.01052	0.01652	0.02032	0.17293	0.06474	0.60524	0.01713	0.00824	0.00233	0.00350	0.01439	0.00667	0.00600
91	0.80405	0.01350	0.01026	0.00918	0.01350	0.01565	0.00756	0.02051	0.01188	0.03131	0.00972	0.01134	0.00756	0.00648	0.00432	0.00216	0.00540	0.00378	0.00432	0.00756
92	0.00997	0.00748	0.01121	0.01121	0.01246	0.00872	0.00872	0.01246	0.01121	0.01620	0.01869	0.02741	0.01745	0.05234	0.72710	0.01121	0.01869	0.00748	0.00374	0.00623
93	0.00997	0.00748	0.01121	0.01121	0.01246	0.00872	0.00872	0.01246	0.01121	0.01620	0.01869	0.02741	0.01745	0.05234	0.72710	0.01121	0.01869	0.00748	0.00374	0.00623
94	0.02082	0.01818	0.01674	0.01462	0.01867	0.15102	0.01140	0.10523	0.39258	0.09101	0.06592	0.02388	0.02033	0.00914	0.00700	0.00220	0.00700	0.00728	0.00660	0.01037
95	0.01741	0.03239	0.01656	0.05895	0.01926	0.02987	0.03767	0.03994	0.01628	0.13559	0.04991	0.06264	0.01621	0.00750	0.00615	0.00158	0.00601	0.00633	0.00513	0.43461
96	0.17638	0.12191	0.14066	0.02285	0.11658	0.01834	0.24449	0.02147	0.01471	0.02323	0.01210	0.01530	0.00949	0.00635	0.00688	0.00215	0.02843	0.00590	0.00350	0.00929
97	0.63115	0.01468	0.01327	0.01119	0.01566	0.01685	0.02990	0.12681	0.01532	0.03260	0.01096	0.01255	0.00839	0.00694	0.00544	0.00218	0.02874	0.00439	0.00468	0.00830
98	0.00976	0.00750	0.00921	0.01010	0.01198	0.00695	0.00833	0.01222	0.01585	0.01981	0.05209	0.10976	0.33879	0.01870	0.00898	0.00281	0.00501	0.33956	0.00645	0.00615
99	0.01515	0.01280	0.01483	0.01066	0.01682	0.01000	0.00855	0.05524	0.01550	0.02393	0.01265	0.01460	0.01042	0.00535	0.00527	0.00109	0.00531	0.00426	0.00429	0.75327
100	0.01841	0.01551	0.01637	0.01441	0.01855	0.01785	0.01130	0.11152	0.62248	0.03088	0.02707	0.02497	0.02022	0.00934	0.00709	0.00234	0.00577	0.00771	0.00709	0.01114
101	0.01362	0.01286	0.02173	0.66258	0.11999	0.01562	0.01960	0.01822	0.01416	0.01837	0.01248	0.01846	0.00949	0.00689	0.00697	0.00230	0.00919	0.00620	0.00314	0.00811
102	0.01689	0.01587	0.02066	0.01728	0.01986	0.03774	0.07721	0.08045	0.22578	0.02385	0.03847	0.02167	0.03676	0.01053	0.01395	0.00261	0.31903	0.00729	0.00494	0.00914
103	0.00850	0.00607	0.00810	0.00972	0.01012	0.00567	0.00648	0.00972	0.01336	0.01781	0.03846	0.75020	0.04615	0.02186	0.00891	0.00283	0.00405	0.01984	0.00648	0.00567
104	0.01598	0.31689	0.35334	0.01643	0.04457	0.01995	0.01831	0.02111	0.01452	0.01996	0.01142	0.01339	0.00911	0.00620	0.00563	0.00180	0.00857	0.00452	0.00311	0.09518
105	0.01880	0.04775	0.04364	0.07390	0.09950	0.05466	0.12303	0.18386	0.03658	0.02708	0.01403	0.01641	0.01085	0.00661	0.00656	0.00184	0.00815	0.00583	0.00454	0.21637
106	0.19246	0.14571	0.02055	0.01494	0.01924	0.40160	0.01194	0.07988	0.01825	0.02227	0.01087	0.01244	0.00891	0.00694	0.00563	0.00185	0.00980	0.00436	0.00393	0.00843
107	0.00973	0.00702	0.00919	0.00888	0.01039	0.00648	0.00657	0.01279	0.01906	0.02688	0.63497	0.12784	0.06371	0.01509	0.00830	0.00226	0.00337	0.01340	0.00755	0.00648
108	0.01301	0.00650	0.00650	0.00650	0.00813	0.00650	0.00488	0.01626	0.01463	0.02602	0.02276	0.02602	0.01789	0.00813	0.00488	0.00163	0.00325	0.00650	0.79350	0.00650
109	0.07802	0.01197	0.01584	0.01222	0.01755	0.01058	0.01009	0.03319	0.01948	0.67467	0.02645	0.02300	0.01669	0.00851	0.00685	0.00216	0.00591	0.00682	0.00838	0.01161
110	0.00966	0.00702	0.00910	0.00881	0.01035	0.00646	0.00652	0.01267	0.01890	0.02651	0.60917	0.12845	0.08974	0.01523	0.00830	0.00227	0.00338	0.01349	0.00750	0.00646
111	0.01301	0.00650	0.00650	0.00650	0.00813	0.00650	0.00488	0.01626	0.01463	0.02602	0.02276	0.02602	0.01789	0.00813	0.00488	0.00163	0.00325	0.00650	0.79350	0.00650
112	0.72023	0.01332	0.01090	0.00953	0.01396	0.01507	0.00785	0.02198	0.01275	0.10558	0.01165	0.01268	0.00861	0.00671	0.00461	0.00216	0.00546	0.00413	0.00479	0.00803
113	0.02490	0.03131	0.01995	0.01801	0.02122	0.65023	0.01368	0.02666	0.01879	0.01705	0.01061	0.01288	0.00901	0.00774	0.00809	0.00193	0.09170	0.00467	0.00354	0.00804
114	0.01638	0.01805	0.07606	0.11346	0.39576	0.01675	0.21719	0.02134	0.01577	0.02208	0.01330	0.01771	0.01058	0.00623	0.00729	0.00219	0.00956	0.00674	0.00340	0.01016
115	0.00857	0.00610	0.00808	0.00964	0.01002	0.00571	0.00639	0.00973	0.01324	0.01765	0.03783	0.72309	0.04535	0.05007	0.00993	0.00299	0.00415	0.01947	0.00639	0.00561
116	0.00868	0.00615	0.00804	0.00949	0.00985	0.00579	0.00623	0.00976	0.01301	0.01735	0.03667	0.67378	0.04390	0.10136	0.01179	0.00326	0.00434	0.01879	0.00623	0.00551
117	0.01059	0.00795	0.00991	0.00928	0.01119	0.00768	0.00700	0.01553	0.09003	0.02776	0.61258	0.05000	0.08595	0.01390	0.00811	0.00222	0.00353	0.01221	0.00758	0.00702
118	0.12082	0.06937	0.05562	0.01536	0.02105	0.03967	0.03068	0.47312	0.02677	0.03757	0.01485	0.01549	0.01083	0.00770	0.00643	0.00204	0.00768	0.00569	0.00592	0.03334
119	0.01290	0.02912	0.54843	0.01718	0.02541	0.01384	0.02112	0.01973	0.01559	0.02284	0.13356	0.04427	0.04865	0.00882	0.00703	0.00223	0.00866	0.00724	0.00400	0.00936
120	0.02001	0.12196	0.02388	0.02089	0.12199	0.28829	0.03504	0.02282	0.03559	0.01824	0.01151	0.01489	0.01006	0.00986	0.03797	0.00250	0.18708	0.00536	0.00347	0.00859
121	0.01450	0.11450	0.64462	0.01903	0.02887	0.01744	0.02428	0.02197	0.01467	0.02148	0.01222	0.01435	0.00885	0.00656	0.00640	0.00213	0.01000	0.00500	0.00295	0.01017
122	0.01511	0.05130	0.50104	0.02024	0.02918	0.01677	0.12237	0.04017	0.07075	0.02313	0.01407	0.01620	0.01024	0.00673	0.00681	0.00218	0.00984	0.00580	0.00351	0.03458
123	0.80405	0.01350	0.01026	0.00918	0.01350	0.01565	0.00756	0.02051	0.01188	0.03131	0.00972	0.01134	0.00756	0.00648	0.00432	0.00216	0.00540	0.00378	0.00432	0.00756
124	0.00963	0.00712	0.00898	0.00852	0.01027	0.00648	0.00639	0.01269	0.01916	0.02658	0.60994	0.05443	0.16432	0.01479	0.00823	0.00222	0.00333	0.01294	0.00750	0.00648
125	0.00838	0.00686	0.00730	0.00762	0.00949	0.00588	0.00549	0.00996	0.01516	0.01843	0.06228	0.20283	0.54833	0.04837	0.00948	0.00263	0.00377	0.01556	0.00639	0.00578
126	0.06523	0.03463	0.67267	0.01919	0.02912	0.01617	0.02460	0.02200	0.01455	0.02270	0.01234	0.01451	0.00876	0.00662	0.00648	0.00221	0.00999	0.00507	0.00304	0.01013

[dist]
# distance from previous block
# <min> <max>
8	506

[block]
# block no. 4 follows, 30 sequences, length 33
# corresponding to MSA columns:
# 899-931
name=unknown_E
#
# <colnr> <probs for GDERKNQSTAVLIFYWHMCP>
#	G	D	E	R	K	N	Q	S	T	A	V	L	I	F	Y	W	H	M	C	P
0	0.01599	0.01520	0.02149	0.01923	0.05042	0.02072	0.01536	0.01768	0.01129	0.04439	0.01006	0.01569	0.00957	0.01180	0.02154	0.00297	0.67922	0.00615	0.00329	0.00796
1	0.01107	0.00852	0.01091	0.01095	0.04381	0.00833	0.00777	0.01633	0.10152	0.02758	0.57147	0.04787	0.07989	0.01343	0.00803	0.00222	0.00380	0.01182	0.00737	0.00731
2	0.01015	0.00677	0.00761	0.00761	0.00761	0.00677	0.00423	0.01015	0.01015	0.01353	0.02199	0.04567	0.02537	0.75476	0.03552	0.00677	0.00677	0.01015	0.00423	0.00423
3	0.01527	0.01527	0.02137	0.01832	0.01832	0.02137	0.01527	0.01679	0.01069	0.01679	0.00916	0.01527	0.00916	0.01221	0.02290	0.00305	0.74198	0.00611	0.00305	0.00763
4	0.01400	0.03610	0.71860	0.01989	0.03020	0.01621	0.02578	0.02210	0.01473	0.02210	0.01252	0.01473	0.00884	0.00663	0.00663	0.00221	0.01031	0.00516	0.00295	0.01031
5	0.01015	0.00677	0.00761	0.00761	0.00761	0.00677	0.00423	0.01015	0.01015	0.01353	0.02199	0.04567	0.02537	0.75476	0.03552	0.00677	0.00677	0.01015	0.00423	0.00423
6	0.01301	0.00650	0.00650	0.00650	0.00813	0.00650	0.00488	0.01626	0.01463	0.02602	0.02276	0.02602	0.01789	0.00813	0.00488	0.00163	0.00325	0.00650	0.79350	0.00650
7	0.00826	0.00701	0.00714	0.00724	0.00947	0.00588	0.00538	0.01000	0.01574	0.01878	0.06863	0.11089	0.66599	0.01794	0.00829	0.00239	0.00357	0.01505	0.00648	0.00588
8	0.01318	0.01240	0.02093	0.73798	0.04806	0.01550	0.01938	0.01783	0.01395	0.01783	0.01240	0.01860	0.00930	0.00698	0.00698	0.00233	0.00930	0.00620	0.00310	0.00775
9	0.80405	0.01350	0.01026	0.00918	0.01350	0.01565	0.00756	0.02051	0.01188	0.03131	0.00972	0.01134	0.00756	0.00648	0.00432	0.00216	0.00540	0.00378	0.00432	0.00756
10	0.01212	0.00606	0.00909	0.00909	0.00909	0.00606	0.00606	0.00909	0.00909	0.01212	0.01212	0.02121	0.01212	0.02424	0.02727	0.79697	0.00606	0.00606	0.00303	0.00303
11	0.01246	0.00645	0.00670	0.00689	0.00837	0.00640	0.00507	0.01547	0.01448	0.02502	0.02466	0.11357	0.02130	0.00979	0.00537	0.00177	0.00335	0.00812	0.69835	0.00640
12	0.00825	0.00707	0.00707	0.00707	0.00943	0.00589	0.00530	0.01001	0.01591	0.01885	0.07069	0.06716	0.70839	0.01767	0.00825	0.00236	0.00353	0.01473	0.00648	0.00589
13	0.00955	0.00712	0.00887	0.00844	0.01022	0.00645	0.00633	0.01253	0.01898	0.02615	0.57957	0.05515	0.19497	0.01495	0.00823	0.00223	0.00334	0.01304	0.00744	0.00645
