[name]
unknown

[dist]
# distance from previous block
# <min> <max>
8	129

[block]
# block no. 0 follows, 35 sequences, length 55
# corresponding to MSA columns:
# 143-197
name=unknown_A
#
# <colnr> <probs for GDERKNQSTAVLIFYWHMCP>
#	G	D	E	R	K	N	Q	S	T	A	V	L	I	F	Y	W	H	M	C	P
0	0.09159	0.03714	0.10986	0.08640	0.08487	0.07161	0.01329	0.14237	0.03942	0.02293	0.03022	0.01766	0.03112	0.04049	0.02744	0.00235	0.08791	0.00561	0.00400	0.05373
1	0.10854	0.10022	0.12494	0.04515	0.01976	0.07009	0.06190	0.12477	0.06016	0.02361	0.02540	0.01521	0.01085	0.00738	0.02405	0.00194	0.00728	0.00501	0.04262	0.12110
2	0.04803	0.01285	0.01785	0.08995	0.21156	0.04770	0.05592	0.06364	0.07440	0.06984	0.06538	0.04860	0.03245	0.08183	0.02786	0.00263	0.00705	0.02982	0.00452	0.00815
3	0.01919	0.01583	0.03624	0.01738	0.13188	0.11433	0.02942	0.15605	0.04144	0.14732	0.01908	0.08936	0.04365	0.00864	0.00719	0.00195	0.04871	0.00700	0.00508	0.06025
4	0.08731	0.01134	0.01304	0.01013	0.01489	0.00989	0.00815	0.08670	0.01523	0.11605	0.01599	0.07213	0.01376	0.00720	0.00545	0.00147	0.00501	0.03757	0.00481	0.46387
5	0.01668	0.01682	0.02325	0.09774	0.51764	0.11738	0.01758	0.03714	0.05652	0.02039	0.01246	0.01567	0.01021	0.00605	0.00622	0.00189	0.00800	0.00552	0.00340	0.00943
6	0.01623	0.40078	0.23921	0.01461	0.02116	0.05476	0.07672	0.02014	0.01370	0.04791	0.01074	0.01237	0.00860	0.00573	0.00514	0.00164	0.00798	0.00431	0.00303	0.03525
7	0.01320	0.01291	0.01992	0.56323	0.13400	0.04914	0.01729	0.01699	0.01291	0.01670	0.01103	0.01623	0.00865	0.00668	0.00759	0.00212	0.07552	0.00556	0.00288	0.00746
8	0.00843	0.00597	0.00741	0.00807	0.00864	0.00566	0.00536	0.00953	0.01222	0.01629	0.11697	0.37654	0.09047	0.25296	0.01549	0.00359	0.00441	0.04169	0.00539	0.00489
9	0.00849	0.00639	0.00780	0.00811	0.00934	0.00594	0.00576	0.01095	0.04274	0.01973	0.27556	0.31393	0.19223	0.05242	0.00885	0.00244	0.00352	0.01399	0.00618	0.00561
10	0.13102	0.16537	0.12712	0.01336	0.01826	0.05294	0.01254	0.15928	0.09766	0.07555	0.01356	0.01441	0.01031	0.00711	0.00680	0.00192	0.07454	0.00492	0.00442	0.00893
11	0.00798	0.00622	0.00727	0.00761	0.00910	0.00551	0.00556	0.00980	0.01460	0.01876	0.20132	0.25318	0.37289	0.01648	0.00770	0.00226	0.00339	0.03878	0.00613	0.00546
12	0.00783	0.00560	0.00748	0.00895	0.00937	0.00524	0.00607	0.00902	0.01225	0.01631	0.03491	0.74321	0.04173	0.01978	0.00813	0.00259	0.00377	0.04669	0.00589	0.00518
13	0.01696	0.78087	0.03324	0.01085	0.01628	0.02510	0.01085	0.01900	0.01289	0.01493	0.00882	0.01018	0.00814	0.00543	0.00407	0.00136	0.00678	0.00339	0.00271	0.00814
14	0.01433	0.01776	0.15670	0.07524	0.07421	0.01450	0.29161	0.09613	0.01590	0.02176	0.03437	0.06396	0.06032	0.00769	0.00728	0.00211	0.02626	0.00758	0.00384	0.00843
15	0.00801	0.00605	0.00740	0.00790	0.00910	0.00544	0.00561	0.00978	0.01442	0.01902	0.23684	0.36706	0.24658	0.01687	0.00775	0.00229	0.00336	0.01488	0.00619	0.00544
16	0.01418	0.26289	0.47756	0.01642	0.02438	0.01802	0.06547	0.01977	0.01334	0.01851	0.01069	0.01265	0.00817	0.00580	0.00552	0.00182	0.00866	0.00447	0.00272	0.00894
17	0.01801	0.01133	0.01458	0.11522	0.06644	0.02782	0.01074	0.14166	0.01793	0.21531	0.06301	0.09377	0.07172	0.01010	0.00675	0.00208	0.00587	0.06139	0.03784	0.00842
18	0.04751	0.01534	0.10709	0.23009	0.11510	0.01629	0.01633	0.01665	0.01169	0.01738	0.01056	0.03069	0.00919	0.00843	0.01214	0.00235	0.31699	0.00566	0.00294	0.00761
19	0.00898	0.00648	0.00848	0.00798	0.00948	0.00599	0.00599	0.01197	0.01796	0.02544	0.73413	0.04739	0.05986	0.01297	0.00748	0.00200	0.00299	0.01147	0.00698	0.00599
20	0.01293	0.06855	0.71021	0.01774	0.02692	0.01523	0.02284	0.02004	0.01337	0.01984	0.01126	0.01324	0.00804	0.00600	0.00593	0.00198	0.00925	0.00463	0.00268	0.00932
21	0.01413	0.01346	0.02313	0.18273	0.29031	0.01399	0.14472	0.05151	0.04408	0.02080	0.06334	0.02109	0.04818	0.00830	0.03082	0.00228	0.00798	0.00685	0.00377	0.00854
22	0.00796	0.00568	0.00723	0.00836	0.00878	0.00533	0.00548	0.00892	0.01182	0.01562	0.03445	0.60522	0.08490	0.14426	0.01204	0.00314	0.00406	0.01628	0.00555	0.00495
23	0.01198	0.01128	0.01903	0.76180	0.04369	0.01409	0.01762	0.01621	0.01268	0.01621	0.01128	0.01691	0.00846	0.00634	0.00634	0.00211	0.00846	0.00564	0.00282	0.00705
24	0.01494	0.01406	0.02372	0.14696	0.53008	0.01452	0.04617	0.04089	0.01435	0.02008	0.01251	0.01765	0.01067	0.05707	0.00807	0.00221	0.00770	0.00596	0.00324	0.00914
25	0.06308	0.40036	0.23645	0.01369	0.01955	0.06922	0.01464	0.01938	0.01297	0.01729	0.00959	0.01153	0.00805	0.00621	0.00622	0.00173	0.07493	0.00401	0.00282	0.00827
26	0.02504	0.01100	0.01421	0.01135	0.01579	0.01018	0.00921	0.04602	0.11768	0.57112	0.02639	0.05865	0.03589	0.00874	0.00650	0.00202	0.00524	0.00721	0.00748	0.01028
27	0.01335	0.00952	0.01394	0.01385	0.07779	0.00929	0.07352	0.09528	0.01583	0.08580	0.10007	0.31047	0.04334	0.01348	0.00793	0.03209	0.00523	0.03369	0.03842	0.00711
28	0.05251	0.01402	0.01943	0.27281	0.15933	0.09803	0.07390	0.01775	0.01410	0.03500	0.05819	0.05621	0.03304	0.00797	0.00716	0.00207	0.04318	0.02402	0.00368	0.00761
29	0.00778	0.00571	0.00731	0.00844	0.00913	0.00524	0.00575	0.00908	0.01285	0.01694	0.08548	0.62618	0.13904	0.01889	0.00797	0.00248	0.00357	0.01696	0.00596	0.00524
30	0.01356	0.06311	0.47466	0.02026	0.02835	0.01546	0.23602	0.01995	0.01389	0.01989	0.01223	0.01575	0.00920	0.00606	0.00645	0.00204	0.00958	0.02166	0.00292	0.00898
31	0.01301	0.08253	0.69694	0.01760	0.02671	0.01542	0.02260	0.02002	0.01336	0.01975	0.01121	0.01318	0.00804	0.00599	0.00590	0.00197	0.00920	0.00460	0.00268	0.00929
32	0.01407	0.11717	0.32020	0.06880	0.28392	0.01571	0.01929	0.01903	0.01372	0.01932	0.01350	0.01606	0.03958	0.00626	0.00596	0.00189	0.00807	0.00530	0.00299	0.00916
33	0.01438	0.01373	0.02337	0.29526	0.49147	0.01473	0.01881	0.01831	0.01382	0.01912	0.01170	0.01613	0.00948	0.00590	0.00630	0.00197	0.00786	0.00565	0.00303	0.00898
34	0.01676	0.74593	0.06645	0.01119	0.01680	0.02462	0.01144	0.01905	0.01291	0.01517	0.00894	0.01033	0.00814	0.00546	0.00416	0.00139	0.00691	0.00345	0.00271	0.00820
35	0.05290	0.01606	0.11440	0.01455	0.06335	0.04317	0.01192	0.17938	0.13038	0.08298	0.01708	0.02078	0.01385	0.11165	0.07675	0.00327	0.02776	0.00624	0.00486	0.00865
36	0.00795	0.00578	0.00751	0.00858	0.00928	0.00534	0.00592	0.00940	0.01322	0.01764	0.13501	0.59279	0.10414	0.01852	0.00798	0.00247	0.00360	0.03354	0.00604	0.00530
37	0.01082	0.00834	0.00906	0.00974	0.01077	0.07193	0.00695	0.01218	0.01297	0.05821	0.03053	0.46944	0.04845	0.10043	0.02932	0.00307	0.00531	0.09136	0.00548	0.00563
38	0.01739	0.01246	0.01416	0.01267	0.01617	0.01363	0.01028	0.12648	0.37772	0.11966	0.02591	0.03275	0.02144	0.01033	0.00694	0.00226	0.00553	0.15841	0.00649	0.00932
39	0.01959	0.01475	0.01656	0.07975	0.02008	0.01659	0.01141	0.28899	0.34469	0.08727	0.02048	0.01973	0.01488	0.00797	0.00640	0.00204	0.00609	0.00642	0.00620	0.01012
40	0.00802	0.00590	0.00758	0.00874	0.00956	0.00546	0.00622	0.00948	0.01299	0.01697	0.06259	0.55373	0.15365	0.01876	0.00806	0.00253	0.00383	0.09473	0.00592	0.00529
41	0.01664	0.74937	0.03224	0.01074	0.01601	0.02432	0.01066	0.01871	0.01310	0.01535	0.03832	0.01169	0.01024	0.00573	0.00421	0.00138	0.00663	0.00372	0.00289	0.00805
42	0.01728	0.01194	0.01362	0.01202	0.01524	0.01280	0.00941	0.20767	0.22823	0.11995	0.02566	0.21918	0.02333	0.01161	0.00696	0.00221	0.00528	0.04232	0.00643	0.00886
43	0.00790	0.00598	0.00729	0.00794	0.00906	0.00537	0.00558	0.00951	0.01395	0.01824	0.17658	0.41974	0.25504	0.01741	0.00780	0.00233	0.00341	0.01538	0.00610	0.00537
44	0.01351	0.01276	0.02160	0.42438	0.34051	0.01427	0.01815	0.01750	0.01351	0.01825	0.01236	0.01836	0.01015	0.00645	0.00640	0.00204	0.00797	0.03047	0.00307	0.00829
45	0.07338	0.02183	0.01725	0.01513	0.01808	0.36030	0.01185	0.10710	0.12710	0.02097	0.01259	0.01418	0.01016	0.00782	0.00869	0.00199	0.15441	0.00500	0.00408	0.00807
46	0.02307	0.08875	0.01927	0.01453	0.01877	0.27689	0.01170	0.29067	0.05733	0.09676	0.01406	0.01446	0.01048	0.00721	0.00632	0.00180	0.02866	0.00507	0.00500	0.00920
47	0.01429	0.31539	0.32453	0.01564	0.06803	0.01819	0.01616	0.01844	0.01273	0.01724	0.01106	0.01483	0.00955	0.07430	0.00831	0.00215	0.04329	0.00470	0.00283	0.00834
48	0.00951	0.00705	0.00886	0.00948	0.01075	0.00699	0.00709	0.03701	0.06097	0.01848	0.06676	0.36697	0.13601	0.01912	0.05184	0.03515	0.00501	0.13142	0.00571	0.00580
49	0.00910	0.00678	0.00861	0.00951	0.01060	0.00666	0.00705	0.01225	0.07648	0.01847	0.09721	0.42757	0.08559	0.03834	0.00866	0.00263	0.00423	0.15851	0.00597	0.00578
50	0.04988	0.01382	0.05295	0.05867	0.02080	0.03313	0.18088	0.07175	0.10371	0.02242	0.07542	0.03977	0.01714	0.02809	0.05114	0.00255	0.02796	0.02255	0.04797	0.07943
51	0.07813	0.19794	0.14753	0.01573	0.04922	0.25438	0.04702	0.05494	0.04454	0.01940	0.01120	0.01283	0.00897	0.00621	0.00540	0.00172	0.00865	0.00446	0.02347	0.00825
52	0.00806	0.00597	0.00762	0.00880	0.00968	0.00552	0.00634	0.00954	0.01297	0.01680	0.04042	0.52831	0.17513	0.01878	0.00808	0.00254	0.00392	0.12032	0.00588	0.00530
53	0.06777	0.20031	0.08228	0.01439	0.01919	0.14345	0.06688	0.14203	0.06830	0.03393	0.02932	0.01593	0.01154	0.00700	0.00614	0.00181	0.03228	0.02350	0.00411	0.02984
54	0.01492	0.15000	0.51717	0.01614	0.02403	0.04537	0.01939	0.05360	0.01460	0.04954	0.03152	0.01416	0.00993	0.00629	0.00577	0.00188	0.00859	0.00476	0.00321	0.00913

[dist]
# distance from previous block
# <min> <max>
0	5

[block]
# block no. 1 follows, 35 sequences, length 49
# corresponding to MSA columns:
# 203-251
name=unknown_B
#
# <colnr> <probs for GDERKNQSTAVLIFYWHMCP>
#	G	D	E	R	K	N	Q	S	T	A	V	L	I	F	Y	W	H	M	C	P
0	0.06554	0.03025	0.08572	0.03745	0.01701	0.08444	0.01084	0.10396	0.14752	0.07675	0.09279	0.02404	0.01900	0.03296	0.00726	0.00209	0.02126	0.04336	0.05811	0.03964
1	0.01488	0.39566	0.36737	0.01495	0.02228	0.01983	0.04793	0.01957	0.01322	0.01759	0.01020	0.01199	0.00816	0.00571	0.00514	0.00170	0.00817	0.00418	0.00272	0.00874
2	0.01369	0.01282	0.02147	0.38641	0.22902	0.01420	0.07654	0.06128	0.01447	0.01931	0.01492	0.01916	0.04901	0.00805	0.03131	0.00231	0.00830	0.00627	0.00335	0.00810
3	0.04328	0.37203	0.31197	0.01385	0.02074	0.01936	0.01567	0.05511	0.01420	0.06475	0.01118	0.01243	0.00867	0.00594	0.00510	0.00170	0.00767	0.00421	0.00325	0.00889
4	0.01506	0.44501	0.35244	0.01410	0.02130	0.02045	0.01650	0.01949	0.01312	0.01724	0.00997	0.01162	0.00809	0.00570	0.00495	0.00165	0.00795	0.00397	0.00270	0.00870
5	0.00908	0.00717	0.00814	0.00795	0.00998	0.00659	0.00617	0.03592	0.03876	0.02090	0.25696	0.05534	0.41050	0.01477	0.00756	0.00217	0.00362	0.08624	0.00624	0.00594
6	0.03252	0.04931	0.09742	0.01635	0.10106	0.11181	0.06287	0.01697	0.04504	0.01847	0.02233	0.21130	0.05774	0.01126	0.00743	0.00217	0.04032	0.06455	0.02379	0.00729
7	0.01266	0.05970	0.01652	0.29868	0.07825	0.04929	0.02910	0.01553	0.01265	0.01720	0.01537	0.08388	0.01420	0.09138	0.00971	0.00244	0.05151	0.00694	0.12829	0.00670
8	0.00975	0.00780	0.01151	0.01111	0.01209	0.00956	0.00878	0.01189	0.01013	0.01480	0.01576	0.02335	0.01479	0.04239	0.64801	0.00914	0.12336	0.00662	0.00331	0.00585
9	0.01706	0.00853	0.01087	0.00966	0.01259	0.00771	0.00751	0.02004	0.05835	0.32323	0.09324	0.19788	0.16211	0.01279	0.00713	0.00217	0.00440	0.02993	0.00684	0.00795
10	0.01583	0.29952	0.23736	0.01827	0.06239	0.01855	0.18332	0.02030	0.01390	0.05767	0.01157	0.01368	0.00898	0.00573	0.00570	0.00179	0.00843	0.00503	0.00313	0.00884
11	0.01208	0.01129	0.01882	0.67495	0.06445	0.01397	0.01718	0.01613	0.01274	0.01647	0.01232	0.01951	0.00991	0.00704	0.00695	0.00217	0.03379	0.04017	0.00298	0.00708
12	0.00813	0.00623	0.00746	0.00762	0.00908	0.00555	0.00554	0.01016	0.01527	0.02016	0.31972	0.22904	0.30154	0.01578	0.00764	0.00219	0.00324	0.01377	0.00632	0.00555
13	0.01881	0.01666	0.01487	0.01303	0.01629	0.19846	0.01020	0.23473	0.07566	0.06419	0.06600	0.11663	0.04291	0.01123	0.02615	0.00224	0.00727	0.05091	0.00552	0.00825
14	0.06980	0.12266	0.01810	0.06019	0.01859	0.09588	0.01111	0.20170	0.07205	0.13883	0.01790	0.02312	0.01462	0.00845	0.00615	0.00198	0.00685	0.09788	0.00531	0.00884
15	0.01222	0.01142	0.01873	0.71434	0.04197	0.01420	0.01714	0.01732	0.05789	0.01686	0.01220	0.01734	0.00915	0.00649	0.00635	0.00212	0.00824	0.00574	0.00305	0.00724
16	0.01158	0.00627	0.00718	0.00744	0.00880	0.00609	0.00539	0.01420	0.02931	0.06822	0.02606	0.28416	0.02523	0.01179	0.00588	0.00191	0.00341	0.01019	0.46082	0.00606
17	0.01645	0.01159	0.01658	0.01383	0.01718	0.01162	0.12075	0.19699	0.03277	0.12747	0.02464	0.27608	0.02412	0.01226	0.00733	0.00227	0.00610	0.06801	0.00587	0.00811
18	0.01658	0.01345	0.01437	0.01281	0.01648	0.01537	0.01000	0.03353	0.68116	0.07187	0.02577	0.02354	0.01913	0.00856	0.00645	0.00214	0.00504	0.00712	0.00654	0.01009
19	0.00869	0.00647	0.00809	0.00768	0.00930	0.00586	0.00576	0.01142	0.01729	0.02384	0.60541	0.05001	0.18957	0.01356	0.00749	0.00202	0.00304	0.01184	0.00677	0.00586
20	0.01520	0.23396	0.43727	0.01627	0.02386	0.05807	0.05343	0.05761	0.01447	0.01952	0.01088	0.01270	0.00830	0.00594	0.00557	0.00181	0.00872	0.00450	0.00294	0.00897
21	0.00816	0.00621	0.00751	0.00770	0.00911	0.00556	0.00558	0.01020	0.01528	0.02028	0.33019	0.24381	0.27577	0.01581	0.00765	0.00220	0.00325	0.01384	0.00634	0.00556
22	0.01623	0.09708	0.01793	0.03684	0.16598	0.10677	0.01156	0.09869	0.03393	0.06773	0.01946	0.21869	0.01928	0.01021	0.00647	0.00199	0.00654	0.02204	0.00468	0.03791
23	0.00890	0.00651	0.00838	0.00799	0.00954	0.00598	0.00605	0.01178	0.01755	0.02453	0.65390	0.04939	0.11378	0.01339	0.00753	0.00204	0.00312	0.03686	0.00685	0.00593
24	0.01382	0.01307	0.01943	0.26555	0.24053	0.05056	0.03960	0.01844	0.07232	0.01893	0.01515	0.08358	0.01328	0.00782	0.00720	0.00206	0.05022	0.00686	0.05355	0.00802
25	0.01421	0.01214	0.01291	0.01172	0.01494	0.01368	0.00908	0.02889	0.57873	0.02542	0.10139	0.03005	0.09971	0.00984	0.00667	0.00213	0.00462	0.00827	0.00645	0.00913
26	0.01298	0.11018	0.04822	0.01483	0.01907	0.01293	0.22270	0.06063	0.03998	0.02159	0.18119	0.05595	0.13280	0.00945	0.00684	0.00197	0.00647	0.00880	0.00479	0.02863
27	0.01198	0.01128	0.01903	0.76180	0.04369	0.01409	0.01762	0.01621	0.01268	0.01621	0.01128	0.01691	0.00846	0.00634	0.00634	0.00211	0.00846	0.00564	0.00282	0.00705
28	0.01750	0.72198	0.03208	0.01123	0.01654	0.06135	0.01096	0.03876	0.01362	0.01565	0.00905	0.01038	0.00822	0.00554	0.00422	0.00139	0.00702	0.00349	0.00284	0.00818
29	0.07265	0.11903	0.06596	0.08219	0.05435	0.03610	0.16910	0.06821	0.01417	0.03748	0.01118	0.01432	0.00899	0.00681	0.00867	0.00199	0.14966	0.00536	0.00342	0.07035
30	0.01760	0.01310	0.01743	0.06121	0.01947	0.01375	0.09077	0.23300	0.07465	0.11198	0.05394	0.02779	0.11123	0.00943	0.00751	0.00208	0.04435	0.05058	0.00563	0.03451
31	0.01497	0.01711	0.03743	0.02674	0.03316	0.01604	0.71444	0.02032	0.01497	0.02032	0.01283	0.01711	0.00963	0.00535	0.00749	0.00214	0.01070	0.00749	0.00321	0.00856
32	0.01245	0.02847	0.59744	0.01772	0.02600	0.01387	0.08685	0.01908	0.01385	0.02024	0.05335	0.01818	0.05063	0.00688	0.00632	0.00203	0.00882	0.00579	0.00314	0.00890
33	0.01438	0.35359	0.40562	0.01452	0.02185	0.01881	0.01725	0.01926	0.01338	0.01810	0.04230	0.01351	0.01038	0.00608	0.00525	0.00173	0.00798	0.00443	0.00288	0.00869
34	0.02645	0.01403	0.01673	0.01282	0.01781	0.01413	0.01059	0.34896	0.02357	0.41618	0.02048	0.01864	0.01342	0.00774	0.00636	0.00194	0.00613	0.00607	0.00715	0.01079
35	0.00778	0.00562	0.00737	0.00866	0.00918	0.00521	0.00584	0.00902	0.01259	0.01674	0.07424	0.69499	0.08072	0.01930	0.00803	0.00252	0.00362	0.01743	0.00595	0.00521
36	0.01523	0.01414	0.01772	0.01513	0.01614	0.05011	0.01235	0.12374	0.01319	0.01884	0.01094	0.01689	0.01036	0.07388	0.06515	0.00333	0.50627	0.00588	0.00348	0.00723
37	0.01370	0.01563	0.06237	0.02340	0.06347	0.01416	0.50246	0.01836	0.01475	0.02029	0.08004	0.08592	0.01694	0.00753	0.00779	0.00216	0.03069	0.00850	0.00375	0.00809
38	0.00852	0.00647	0.00784	0.00750	0.00919	0.00579	0.00562	0.01108	0.01687	0.02286	0.52567	0.05164	0.26993	0.01393	0.00749	0.00204	0.00306	0.01207	0.00664	0.00579
39	0.02370	0.03023	0.01798	0.01634	0.01961	0.75158	0.01226	0.02533	0.01798	0.01553	0.00981	0.01144	0.00817	0.00654	0.00572	0.00163	0.01144	0.00409	0.00327	0.00735
40	0.13008	0.02954	0.01629	0.15332	0.04522	0.09446	0.01197	0.08954	0.08253	0.09945	0.03390	0.03589	0.01357	0.00829	0.00781	0.00211	0.09781	0.03555	0.00457	0.00810
41	0.00824	0.00611	0.00868	0.00955	0.01020	0.00585	0.03086	0.00958	0.01205	0.01613	0.03215	0.63172	0.03789	0.06308	0.05744	0.00326	0.00500	0.04144	0.00552	0.00526
42	0.00750	0.00643	0.00643	0.00643	0.00857	0.00536	0.00482	0.00910	0.01446	0.01714	0.06427	0.06105	0.73490	0.01607	0.00750	0.00214	0.00321	0.01339	0.00589	0.00536
43	0.01696	0.78087	0.03324	0.01085	0.01628	0.02510	0.01085	0.01900	0.01289	0.01493	0.00882	0.01018	0.00814	0.00543	0.00407	0.00136	0.00678	0.00339	0.00271	0.00814
44	0.12575	0.01751	0.12034	0.01454	0.01954	0.03996	0.07260	0.27380	0.06158	0.07556	0.01652	0.05180	0.01327	0.00903	0.02500	0.00224	0.00734	0.03940	0.00512	0.00910
45	0.00854	0.00615	0.00823	0.00938	0.01025	0.00583	0.00700	0.01040	0.01366	0.01822	0.13133	0.46668	0.06606	0.01819	0.00817	0.00257	0.00414	0.19373	0.00603	0.00545
46	0.00834	0.00646	0.00760	0.00731	0.00909	0.00571	0.00548	0.01074	0.01645	0.02187	0.44609	0.05326	0.35012	0.01430	0.00749	0.00206	0.00309	0.01230	0.00651	0.00571
47	0.01185	0.00977	0.01336	0.01615	0.17613	0.00976	0.01009	0.05857	0.08194	0.02232	0.19908	0.12319	0.13924	0.01235	0.00726	0.00217	0.00490	0.08888	0.00560	0.00737
48	0.13127	0.02915	0.03836	0.01184	0.01524	0.05692	0.03528	0.20055	0.04050	0.05347	0.06467	0.07071	0.03706	0.09279	0.00915	0.00250	0.00621	0.07197	0.02467	0.00771

[dist]
# distance from previous block
# <min> <max>
0	2

[block]
# block no. 2 follows, 35 sequences, length 21
# corresponding to MSA columns:
# 254-274
name=unknown_C
#
# <colnr> <probs for GDERKNQSTAVLIFYWHMCP>
#	G	D	E	R	K	N	Q	S	T	A	V	L	I	F	Y	W	H	M	C	P
0	0.17833	0.12518	0.04142	0.01371	0.01843	0.09916	0.08609	0.16333	0.08415	0.05366	0.03845	0.01535	0.01180	0.00673	0.00557	0.00183	0.00704	0.00520	0.00455	0.04004
1	0.01766	0.70486	0.03176	0.01132	0.01662	0.06049	0.01099	0.05509	0.01401	0.01624	0.00920	0.01050	0.00828	0.00559	0.00427	0.00140	0.00702	0.00355	0.00293	0.00824
2	0.01550	0.01129	0.01342	0.00984	0.01520	0.00891	0.00789	0.04503	0.01445	0.11950	0.01401	0.03703	0.01128	0.00569	0.00509	0.00117	0.00485	0.00462	0.00448	0.65073
3	0.04642	0.03475	0.10292	0.04691	0.01748	0.01188	0.04979	0.12645	0.06321	0.08919	0.19313	0.02948	0.10682	0.02583	0.00714	0.00207	0.00573	0.00798	0.00549	0.02733
4	0.19866	0.01320	0.05963	0.01131	0.01508	0.03729	0.03015	0.12124	0.06135	0.07424	0.06137	0.12471	0.07553	0.00999	0.00621	0.00205	0.00557	0.03795	0.00525	0.04922
5	0.06498	0.01394	0.01605	0.01434	0.06342	0.01495	0.01079	0.19860	0.28886	0.21316	0.02120	0.01983	0.01504	0.00783	0.00626	0.00201	0.00575	0.00631	0.00644	0.01025
6	0.01306	0.01246	0.02060	0.50453	0.19707	0.01499	0.01757	0.01683	0.01271	0.01711	0.01105	0.01626	0.00880	0.00679	0.00815	0.00215	0.10366	0.00563	0.00289	0.00771
7	0.05514	0.01403	0.05879	0.03583	0.06780	0.01282	0.21046	0.09362	0.03406	0.17989	0.05557	0.09116	0.01772	0.00852	0.00686	0.00211	0.00719	0.03447	0.00516	0.00878
8	0.01314	0.01256	0.02162	0.53142	0.23678	0.01444	0.04541	0.01728	0.01327	0.01763	0.01152	0.01658	0.00895	0.00611	0.00637	0.00205	0.00829	0.00571	0.00292	0.00794
9	0.01183	0.00591	0.00591	0.00591	0.00739	0.00591	0.00443	0.01478	0.01330	0.02365	0.02069	0.02365	0.01626	0.00739	0.00443	0.00148	0.00296	0.00591	0.81227	0.00591
10	0.01397	0.01293	0.05858	0.04240	0.02189	0.01135	0.28631	0.03311	0.03222	0.10447	0.04467	0.16106	0.12759	0.01028	0.00730	0.00218	0.00711	0.01000	0.00485	0.00773
11	0.01922	0.01551	0.04620	0.01534	0.01994	0.01577	0.11632	0.32122	0.15298	0.08319	0.01942	0.06307	0.01562	0.02842	0.00740	0.00218	0.00689	0.03599	0.00576	0.00956
12	0.00913	0.00652	0.00881	0.00881	0.00946	0.00718	0.00620	0.01044	0.00978	0.01370	0.01826	0.03196	0.01891	0.35693	0.44674	0.00848	0.01239	0.00783	0.00359	0.00489
13	0.00917	0.00663	0.00895	0.01019	0.01136	0.00641	0.00823	0.01143	0.01401	0.01834	0.07549	0.28876	0.09162	0.01790	0.00839	0.00270	0.00481	0.39410	0.00592	0.00560
14	0.02389	0.02574	0.01760	0.05019	0.02022	0.56515	0.01206	0.06439	0.01842	0.12572	0.01246	0.01343	0.00946	0.00679	0.00588	0.00172	0.01015	0.00459	0.00411	0.00805
15	0.02779	0.01187	0.01539	0.01180	0.01673	0.01091	0.00974	0.13626	0.01995	0.63399	0.02352	0.02061	0.01495	0.00782	0.00637	0.00195	0.00564	0.00628	0.00762	0.01080
16	0.01183	0.00591	0.00591	0.00591	0.00739	0.00591	0.00443	0.01478	0.01330	0.02365	0.02069	0.02365	0.01626	0.00739	0.00443	0.00148	0.00296	0.00591	0.81227	0.00591
17	0.02207	0.01523	0.01648	0.01297	0.01741	0.01662	0.01061	0.51314	0.07790	0.09020	0.01754	0.01755	0.01258	0.00767	0.00608	0.00187	0.00614	0.00590	0.12199	0.01004
18	0.02267	0.06003	0.04809	0.01407	0.01916	0.01851	0.01200	0.51787	0.10552	0.09237	0.01669	0.01633	0.01189	0.00756	0.00622	0.00191	0.00672	0.00576	0.00613	0.01050
19	0.01772	0.01592	0.02357	0.05994	0.02364	0.06626	0.22962	0.17096	0.03658	0.07456	0.03356	0.01746	0.01187	0.00953	0.04582	0.00254	0.14113	0.00642	0.00433	0.00858
20	0.08939	0.08616	0.06209	0.01128	0.01568	0.06931	0.00972	0.12693	0.05403	0.04983	0.07247	0.03835	0.01602	0.02540	0.00618	0.00177	0.00594	0.02182	0.04432	0.19332

[dist]
# distance from previous block
# <min> <max>
1	25

[block]
# block no. 3 follows, 35 sequences, length 36
# corresponding to MSA columns:
# 300-335
name=unknown_D
#
# <colnr> <probs for GDERKNQSTAVLIFYWHMCP>
#	G	D	E	R	K	N	Q	S	T	A	V	L	I	F	Y	W	H	M	C	P
0	0.39286	0.05833	0.01109	0.00897	0.01190	0.01211	0.00718	0.06397	0.01362	0.02492	0.14363	0.05562	0.02157	0.08499	0.02830	0.00263	0.00527	0.04170	0.00473	0.00661
1	0.04603	0.02836	0.01287	0.01052	0.01334	0.03120	0.02369	0.01559	0.01357	0.09138	0.06980	0.08875	0.15437	0.01120	0.02423	0.00210	0.13281	0.00806	0.04613	0.17601
2	0.04616	0.01212	0.03345	0.01096	0.01465	0.01200	0.00895	0.15902	0.18876	0.07169	0.08960	0.05128	0.11494	0.00973	0.00639	0.00195	0.00498	0.02857	0.04737	0.08744
3	0.01696	0.78087	0.03324	0.01085	0.01628	0.02510	0.01085	0.01900	0.01289	0.01493	0.00882	0.01018	0.00814	0.00543	0.00407	0.00136	0.00678	0.00339	0.00271	0.00814
4	0.01684	0.01455	0.02448	0.05704	0.64696	0.01448	0.01842	0.02050	0.01476	0.09113	0.01319	0.01631	0.01056	0.00589	0.00629	0.00190	0.00735	0.00572	0.00359	0.01004
5	0.04982	0.01578	0.01782	0.04402	0.26384	0.15174	0.01303	0.02215	0.15220	0.04364	0.12659	0.02224	0.03433	0.00783	0.00633	0.00192	0.00685	0.00664	0.00462	0.00862
6	0.00923	0.00615	0.00692	0.00692	0.00692	0.00615	0.00384	0.00923	0.00923	0.01230	0.01999	0.04151	0.02306	0.77705	0.03229	0.00615	0.00615	0.00923	0.00384	0.00384
7	0.01272	0.03281	0.74418	0.01808	0.02746	0.01473	0.02344	0.02009	0.01339	0.02009	0.01138	0.01339	0.00804	0.00603	0.00603	0.00201	0.00938	0.00469	0.00268	0.00938
8	0.05440	0.01792	0.11740	0.01385	0.01861	0.05928	0.01235	0.25548	0.19846	0.09446	0.01815	0.03805	0.01361	0.00795	0.00660	0.00200	0.02826	0.00614	0.02739	0.00964
9	0.02126	0.01010	0.01326	0.01082	0.01442	0.00963	0.00876	0.02460	0.06128	0.45023	0.14245	0.02912	0.09282	0.00980	0.00786	0.00206	0.06751	0.00787	0.00701	0.00912
10	0.00799	0.00598	0.00747	0.00845	0.00944	0.00547	0.00605	0.00952	0.01334	0.01728	0.08593	0.47849	0.21826	0.01825	0.00797	0.00246	0.00373	0.08264	0.00595	0.00532
11	0.00788	0.00558	0.00732	0.00865	0.00898	0.00525	0.00569	0.00887	0.01186	0.01581	0.03350	0.70138	0.04011	0.09393	0.01046	0.00293	0.00392	0.01717	0.00569	0.00502
12	0.62683	0.01197	0.01027	0.00909	0.01282	0.01349	0.00736	0.07605	0.01296	0.07277	0.01293	0.08600	0.01118	0.00752	0.00469	0.00202	0.00499	0.00523	0.00456	0.00727
13	0.01183	0.00591	0.00591	0.00591	0.00739	0.00591	0.00443	0.01478	0.01330	0.02365	0.02069	0.02365	0.01626	0.00739	0.00443	0.00148	0.00296	0.00591	0.81227	0.00591
14	0.01810	0.01348	0.01469	0.01278	0.01665	0.01510	0.01007	0.07595	0.58185	0.12912	0.02505	0.02285	0.01831	0.00844	0.00644	0.00211	0.00520	0.00697	0.00665	0.01020
15	0.00851	0.00634	0.00813	0.00873	0.00992	0.00569	0.00616	0.01014	0.01328	0.01805	0.12859	0.52612	0.08700	0.01712	0.00767	0.00232	0.00374	0.04208	0.00583	0.08460
16	0.01696	0.78087	0.03324	0.01085	0.01628	0.02510	0.01085	0.01900	0.01289	0.01493	0.00882	0.01018	0.00814	0.00543	0.00407	0.00136	0.00678	0.00339	0.00271	0.00814
17	0.01696	0.78087	0.03324	0.01085	0.01628	0.02510	0.01085	0.01900	0.01289	0.01493	0.00882	0.01018	0.00814	0.00543	0.00407	0.00136	0.00678	0.00339	0.00271	0.00814
18	0.01468	0.01654	0.03563	0.09863	0.03419	0.01585	0.64628	0.01992	0.01475	0.01992	0.01268	0.01709	0.00951	0.00544	0.00737	0.00214	0.01048	0.00731	0.00317	0.00841
19	0.01570	0.01507	0.02575	0.03894	0.73748	0.01507	0.01947	0.01947	0.01444	0.02073	0.01193	0.01570	0.01005	0.00565	0.00628	0.00188	0.00754	0.00565	0.00314	0.01005
20	0.01429	0.01423	0.01834	0.33186	0.15554	0.11821	0.01516	0.01833	0.05024	0.01779	0.01479	0.05219	0.01314	0.00817	0.00738	0.00212	0.05527	0.06291	0.02249	0.00757
21	0.00817	0.00645	0.00736	0.00713	0.00898	0.00564	0.00535	0.01040	0.01604	0.02090	0.36783	0.05486	0.42899	0.01466	0.00749	0.00208	0.00311	0.01252	0.00639	0.00564
22	0.01520	0.01500	0.02692	0.11264	0.55199	0.01513	0.13065	0.01926	0.01435	0.02019	0.01201	0.01605	0.00981	0.00568	0.00648	0.00195	0.00814	0.00594	0.00312	0.00950
23	0.01499	0.01434	0.02446	0.17777	0.60423	0.01489	0.01911	0.01884	0.01411	0.01986	0.01181	0.01593	0.00974	0.00578	0.00629	0.00193	0.00771	0.00565	0.00308	0.00947
24	0.01198	0.01128	0.01903	0.76180	0.04369	0.01409	0.01762	0.01621	0.01268	0.01621	0.01128	0.01691	0.00846	0.00634	0.00634	0.00211	0.00846	0.00564	0.00282	0.00705
25	0.00773	0.00552	0.00736	0.00883	0.00920	0.00515	0.00589	0.00883	0.01215	0.01619	0.03497	0.77291	0.04196	0.01987	0.00810	0.00258	0.00368	0.01803	0.00589	0.00515
26	0.04805	0.01707	0.08959	0.02228	0.02751	0.01584	0.45979	0.03924	0.01432	0.02049	0.03449	0.03984	0.01172	0.00702	0.00919	0.00222	0.12252	0.00719	0.00342	0.00820
27	0.60316	0.01186	0.01081	0.00915	0.01335	0.01288	0.00755	0.02203	0.01283	0.22511	0.01330	0.01342	0.00931	0.00643	0.00460	0.00196	0.00504	0.00425	0.00501	0.00795
28	0.00773	0.00552	0.00736	0.00883	0.00920	0.00515	0.00589	0.00883	0.01215	0.01619	0.03497	0.77291	0.04196	0.01987	0.00810	0.00258	0.00368	0.01803	0.00589	0.00515
29	0.00854	0.00607	0.00814	0.00942	0.01006	0.00588	0.00686	0.01004	0.01242	0.01649	0.03259	0.50348	0.03791	0.08849	0.03866	0.00327	0.00495	0.18589	0.00560	0.00523
30	0.09047	0.28480	0.02391	0.03646	0.01915	0.12829	0.06914	0.12040	0.09181	0.03778	0.01243	0.01367	0.00991	0.00653	0.00579	0.00176	0.03045	0.00477	0.00398	0.00851
31	0.00906	0.00680	0.01020	0.01020	0.01133	0.00793	0.00793	0.01133	0.01020	0.01473	0.01699	0.02492	0.01586	0.04758	0.75191	0.01020	0.01699	0.00680	0.00340	0.00566
32	0.00808	0.00617	0.00711	0.00768	0.00887	0.00558	0.00544	0.00937	0.01290	0.01621	0.04544	0.27842	0.34685	0.14194	0.01185	0.00300	0.00406	0.07039	0.00555	0.00509
33	0.01702	0.36190	0.12615	0.01346	0.03955	0.11761	0.01253	0.02083	0.05926	0.06728	0.01527	0.04838	0.03171	0.00745	0.00541	0.00173	0.00733	0.03510	0.00374	0.00827
34	0.04052	0.01589	0.02488	0.12134	0.48098	0.06588	0.09136	0.04599	0.01500	0.02075	0.01183	0.01552	0.00961	0.00585	0.00631	0.00192	0.00815	0.00567	0.00326	0.00928
35	0.01314	0.06621	0.11005	0.01531	0.01924	0.05793	0.18322	0.01722	0.04559	0.03436	0.04940	0.15460	0.02179	0.06413	0.00880	0.00246	0.00729	0.09305	0.02895	0.00724

[dist]
# distance from previous block
# <min> <max>
0	15

# created by:
# /home/cegg/simao/soft/augustus-3.2.1/scripts/msa2prfl.pl ./align_prep/EOG090W0FGL.fa
