[name]
unknown

[dist]
# distance from previous block
# <min> <max>
0	33

[block]
# block no. 0 follows, 32 sequences, length 10
# corresponding to MSA columns:
# 48-57
name=unknown_A
#
# <colnr> <probs for GDERKNQSTAVLIFYWHMCP>
#	G	D	E	R	K	N	Q	S	T	A	V	L	I	F	Y	W	H	M	C	P
0	0.04411	0.01448	0.01787	0.19163	0.13800	0.09818	0.03677	0.09086	0.01694	0.03926	0.06771	0.02790	0.11208	0.05134	0.00841	0.00236	0.00752	0.02199	0.00454	0.00804
1	0.09797	0.05095	0.01812	0.25557	0.04405	0.05530	0.01298	0.12432	0.01698	0.06508	0.03346	0.01664	0.01138	0.00677	0.00599	0.00185	0.00725	0.00536	0.00434	0.16562
2	0.13096	0.01108	0.01135	0.01130	0.04075	0.06779	0.00795	0.01657	0.07527	0.02077	0.06896	0.14886	0.03539	0.09719	0.08143	0.03909	0.00680	0.00876	0.03208	0.08768
3	0.01180	0.00921	0.01162	0.01265	0.07305	0.00948	0.00855	0.07079	0.08920	0.02145	0.07861	0.20500	0.13873	0.06755	0.11190	0.00379	0.00675	0.03165	0.03116	0.00706
4	0.01282	0.00943	0.01198	0.07830	0.03942	0.00955	0.00863	0.10076	0.01572	0.04448	0.07240	0.14432	0.12647	0.11520	0.07665	0.03049	0.00661	0.01008	0.02467	0.06201
5	0.01644	0.00966	0.01140	0.01060	0.01309	0.03716	0.00818	0.04643	0.05343	0.19507	0.02767	0.18031	0.04753	0.04047	0.10873	0.00354	0.00694	0.05612	0.11947	0.00774
6	0.31506	0.01209	0.01248	0.01049	0.01436	0.01278	0.00833	0.09191	0.06771	0.21659	0.06289	0.02215	0.01682	0.09817	0.00913	0.00262	0.00559	0.00629	0.00593	0.00861
7	0.01185	0.00715	0.00875	0.00867	0.01008	0.00659	0.00606	0.01318	0.01377	0.11446	0.08589	0.22634	0.15911	0.24910	0.01614	0.00370	0.00491	0.04235	0.00592	0.00598
8	0.01114	0.00728	0.00909	0.00923	0.01041	0.00703	0.00642	0.05009	0.01431	0.06412	0.10269	0.35852	0.08559	0.16092	0.04226	0.03008	0.00521	0.01381	0.00588	0.00595
9	0.04968	0.01215	0.01396	0.01051	0.01578	0.01027	0.00839	0.09361	0.01620	0.05878	0.04501	0.05785	0.01456	0.00681	0.00554	0.00135	0.00515	0.00553	0.00477	0.56410

[dist]
# distance from previous block
# <min> <max>
4	49

[block]
# block no. 1 follows, 32 sequences, length 14
# corresponding to MSA columns:
# 107-120
name=unknown_B
#
# <colnr> <probs for GDERKNQSTAVLIFYWHMCP>
#	G	D	E	R	K	N	Q	S	T	A	V	L	I	F	Y	W	H	M	C	P
0	0.01769	0.10235	0.09593	0.04017	0.16768	0.05835	0.06297	0.08211	0.05438	0.08294	0.01871	0.03399	0.06181	0.00757	0.00640	0.00191	0.00751	0.00644	0.00447	0.08661
1	0.04836	0.08597	0.17301	0.06948	0.12442	0.17611	0.01541	0.02097	0.04571	0.02092	0.11938	0.03812	0.01851	0.00799	0.00640	0.00198	0.00826	0.00641	0.00405	0.00853
2	0.04469	0.06043	0.33636	0.02095	0.10890	0.08864	0.10103	0.02056	0.01470	0.02047	0.01372	0.01897	0.01131	0.01011	0.05862	0.00272	0.01012	0.04536	0.00333	0.00902
3	0.11248	0.06568	0.01583	0.01261	0.01666	0.03447	0.01006	0.08748	0.42357	0.02744	0.02370	0.04165	0.04526	0.00882	0.00631	0.00211	0.00564	0.00702	0.00597	0.04725
4	0.65892	0.01213	0.00984	0.00872	0.01250	0.01359	0.00693	0.01833	0.01140	0.02747	0.01094	0.01508	0.00951	0.09714	0.00781	0.00253	0.00533	0.00439	0.00413	0.06329
5	0.01062	0.00690	0.00992	0.04198	0.04104	0.00688	0.00775	0.01068	0.01166	0.01540	0.02480	0.21790	0.05337	0.06732	0.01717	0.32330	0.00557	0.11847	0.00450	0.00478
6	0.16871	0.33611	0.18877	0.01357	0.01985	0.01996	0.04011	0.02205	0.06328	0.05445	0.01221	0.01345	0.00961	0.00634	0.00519	0.00184	0.00739	0.00451	0.00366	0.00895
7	0.01439	0.01237	0.02065	0.61077	0.12532	0.01467	0.01824	0.01867	0.01405	0.06826	0.01305	0.01809	0.00969	0.00673	0.00670	0.00220	0.00860	0.00602	0.00340	0.00812
8	0.00879	0.00645	0.00847	0.00896	0.01004	0.00613	0.00642	0.01085	0.01499	0.02048	0.27737	0.35578	0.11227	0.02159	0.09581	0.00343	0.00528	0.01474	0.00632	0.00585
9	0.01403	0.01312	0.02250	0.26623	0.31649	0.01409	0.06937	0.01804	0.01433	0.01986	0.03314	0.02046	0.02977	0.01101	0.07728	0.00294	0.00909	0.00661	0.03303	0.00862
10	0.01670	0.04832	0.03157	0.11430	0.11608	0.12294	0.03858	0.03858	0.03714	0.07820	0.01900	0.10859	0.01715	0.01027	0.02190	0.00229	0.02605	0.04400	0.10020	0.00814
11	0.05747	0.00760	0.00971	0.01039	0.01209	0.00760	0.00854	0.01294	0.01500	0.02068	0.13777	0.10086	0.13805	0.02083	0.09597	0.00367	0.00655	0.32223	0.00594	0.00612
12	0.00950	0.00647	0.00775	0.00799	0.00818	0.00654	0.00485	0.00993	0.01034	0.01391	0.02325	0.15216	0.02667	0.57508	0.10394	0.00637	0.00731	0.01092	0.00435	0.00448
13	0.01580	0.01426	0.04236	0.01918	0.13526	0.01452	0.08602	0.13556	0.18151	0.02577	0.06899	0.06668	0.01968	0.01559	0.12420	0.00356	0.00869	0.00795	0.00521	0.00921

[dist]
# distance from previous block
# <min> <max>
0	9

[block]
# block no. 2 follows, 32 sequences, length 97
# corresponding to MSA columns:
# 130-226
name=unknown_C
#
# <colnr> <probs for GDERKNQSTAVLIFYWHMCP>
#	G	D	E	R	K	N	Q	S	T	A	V	L	I	F	Y	W	H	M	C	P
0	0.01835	0.56913	0.03199	0.01346	0.01870	0.08087	0.05319	0.03881	0.05291	0.01755	0.01081	0.01242	0.00944	0.00635	0.00569	0.00164	0.04243	0.00430	0.00327	0.00870
1	0.01521	0.15046	0.50924	0.01844	0.02710	0.01783	0.08029	0.06732	0.01541	0.02182	0.01201	0.01409	0.00886	0.00632	0.00620	0.00202	0.00942	0.00507	0.00315	0.00973
2	0.01248	0.04760	0.06133	0.01276	0.06834	0.08856	0.00902	0.01418	0.01214	0.01553	0.01961	0.03211	0.04980	0.35653	0.16678	0.00577	0.00967	0.00793	0.00380	0.00606
3	0.55656	0.05764	0.07009	0.01169	0.01657	0.03509	0.04759	0.06197	0.04598	0.02843	0.01106	0.01255	0.00850	0.00644	0.00487	0.00205	0.00632	0.00432	0.00420	0.00807
4	0.03265	0.02075	0.15176	0.09861	0.02264	0.17784	0.01430	0.07995	0.07839	0.02121	0.01548	0.06178	0.01319	0.01349	0.10008	0.00315	0.03199	0.00634	0.00408	0.05230
5	0.00975	0.00778	0.00908	0.00873	0.01055	0.00743	0.00641	0.01228	0.04684	0.01892	0.12511	0.13112	0.28442	0.13104	0.04756	0.00331	0.03563	0.02931	0.00563	0.06910
6	0.05874	0.01744	0.01898	0.01511	0.01962	0.01991	0.01240	0.49807	0.12831	0.03684	0.01667	0.01703	0.01228	0.00852	0.00825	0.00215	0.08664	0.00614	0.00621	0.01067
7	0.01578	0.01358	0.01848	0.03802	0.24139	0.02368	0.01270	0.08490	0.01635	0.03554	0.05063	0.03671	0.01431	0.00837	0.03472	0.00196	0.00677	0.00585	0.00430	0.33594
8	0.01445	0.03100	0.58745	0.01979	0.05979	0.01638	0.02292	0.06173	0.01490	0.02207	0.01201	0.01445	0.00880	0.00696	0.00787	0.00219	0.07919	0.00516	0.00310	0.00980
9	0.00972	0.00662	0.00859	0.00920	0.01030	0.00616	0.00663	0.01160	0.01487	0.04751	0.20993	0.38537	0.09399	0.06877	0.01010	0.00281	0.00415	0.08136	0.00645	0.00590
10	0.01758	0.01906	0.02228	0.01795	0.02181	0.21936	0.20070	0.06980	0.06451	0.02195	0.11113	0.04314	0.06123	0.00908	0.00839	0.00214	0.06930	0.00781	0.00462	0.00816
11	0.02274	0.01666	0.01807	0.01446	0.01889	0.03643	0.01173	0.43074	0.13353	0.09698	0.05027	0.02028	0.01581	0.03112	0.00843	0.00224	0.04787	0.00668	0.00653	0.01052
12	0.01121	0.00795	0.00906	0.00845	0.01077	0.00738	0.00637	0.01510	0.08696	0.07933	0.25970	0.05154	0.34955	0.05568	0.00916	0.00244	0.00388	0.01202	0.00670	0.00675
13	0.00937	0.00725	0.00879	0.00899	0.01054	0.00708	0.00659	0.02966	0.04606	0.01935	0.11931	0.25612	0.25787	0.03821	0.13897	0.00398	0.00638	0.01352	0.00589	0.00608
14	0.01829	0.02032	0.02950	0.02256	0.02723	0.17025	0.35645	0.06855	0.04814	0.02121	0.01287	0.01642	0.01017	0.00730	0.00984	0.00225	0.13958	0.00666	0.00371	0.00872
15	0.04401	0.01286	0.01416	0.01198	0.01565	0.05558	0.00949	0.11595	0.13725	0.24211	0.16504	0.03016	0.02665	0.05146	0.00849	0.00237	0.00578	0.03480	0.00692	0.00928
16	0.24740	0.01410	0.01420	0.01232	0.01646	0.01587	0.00990	0.12248	0.32940	0.08911	0.02084	0.02153	0.01580	0.00843	0.00613	0.00220	0.00563	0.03241	0.00614	0.00966
17	0.03444	0.00863	0.00962	0.00897	0.01095	0.00868	0.00654	0.07330	0.06236	0.07747	0.04694	0.11002	0.13110	0.20313	0.02841	0.00340	0.00522	0.02155	0.14258	0.00670
18	0.04710	0.00982	0.01186	0.01121	0.01380	0.00997	0.00870	0.07033	0.12459	0.15971	0.05391	0.26000	0.03004	0.03183	0.00821	0.00254	0.00511	0.10532	0.02791	0.00805
19	0.45191	0.01416	0.01365	0.01115	0.01583	0.01548	0.00920	0.19699	0.01816	0.17400	0.01454	0.01465	0.01022	0.00712	0.00533	0.00206	0.00586	0.00488	0.00565	0.00917
20	0.01403	0.00940	0.01077	0.00996	0.01218	0.00953	0.00731	0.08865	0.12071	0.09335	0.07917	0.18411	0.12169	0.16091	0.01266	0.00311	0.00502	0.01124	0.03889	0.00731
21	0.00909	0.00649	0.00760	0.00781	0.00855	0.00613	0.00505	0.01016	0.01291	0.01710	0.15373	0.18458	0.15587	0.36244	0.02016	0.00428	0.00489	0.01271	0.00543	0.00500
22	0.06632	0.00865	0.00981	0.00930	0.01155	0.00860	0.00701	0.01692	0.12106	0.07284	0.23057	0.10865	0.18161	0.07881	0.00980	0.00264	0.00433	0.03809	0.00646	0.00699
23	0.81159	0.01298	0.00986	0.00882	0.01298	0.01505	0.00727	0.01972	0.01142	0.03010	0.00934	0.01090	0.00727	0.00623	0.00415	0.00208	0.00519	0.00363	0.00415	0.00727
24	0.19274	0.00968	0.01105	0.00973	0.01275	0.00948	0.00751	0.02026	0.01485	0.26450	0.07857	0.08263	0.05115	0.15572	0.01186	0.00304	0.00536	0.04520	0.00616	0.00775
25	0.08574	0.00728	0.00803	0.00811	0.00992	0.00705	0.00607	0.01363	0.01469	0.04983	0.13469	0.18072	0.16280	0.03521	0.00766	0.00230	0.00389	0.04797	0.20820	0.00623
26	0.00930	0.00694	0.00958	0.00968	0.01081	0.00751	0.00721	0.01128	0.01178	0.01630	0.06412	0.09214	0.10139	0.12820	0.47297	0.00820	0.01302	0.00950	0.00437	0.00570
27	0.81159	0.01298	0.00986	0.00882	0.01298	0.01505	0.00727	0.01972	0.01142	0.03010	0.00934	0.01090	0.00727	0.00623	0.00415	0.00208	0.00519	0.00363	0.00415	0.00727
28	0.71827	0.01279	0.01054	0.00920	0.01347	0.01443	0.00758	0.02127	0.01235	0.11332	0.01139	0.01233	0.00838	0.00648	0.00446	0.00208	0.00525	0.00401	0.00465	0.00776
29	0.01028	0.00689	0.00833	0.00816	0.00954	0.00632	0.00571	0.01204	0.01507	0.06250	0.26910	0.15271	0.18810	0.19861	0.01436	0.00330	0.00429	0.01266	0.00622	0.00582
30	0.05166	0.01104	0.01284	0.01260	0.04681	0.05860	0.03984	0.01810	0.11405	0.06042	0.12872	0.12555	0.16830	0.01592	0.06525	0.00295	0.00638	0.04772	0.00583	0.00741
31	0.07268	0.01696	0.02262	0.06299	0.16259	0.08542	0.11277	0.11040	0.09040	0.05806	0.01461	0.01721	0.01141	0.00866	0.02735	0.00241	0.10359	0.00617	0.00439	0.00932
32	0.07809	0.01685	0.01786	0.01429	0.01899	0.01871	0.01160	0.52038	0.10766	0.03779	0.01859	0.07566	0.01479	0.00908	0.00669	0.00210	0.00671	0.00708	0.00651	0.01056
33	0.01312	0.01236	0.02060	0.55973	0.17552	0.01448	0.01809	0.01730	0.01391	0.01814	0.01588	0.02082	0.05768	0.00727	0.00678	0.00219	0.00838	0.00652	0.00327	0.00795
34	0.09291	0.08951	0.12332	0.01455	0.03910	0.07816	0.03012	0.09096	0.15140	0.08255	0.12096	0.02186	0.01991	0.00826	0.00637	0.00203	0.00690	0.00658	0.00532	0.00923
35	0.04109	0.01134	0.01415	0.01169	0.01579	0.01095	0.00935	0.05776	0.14692	0.40948	0.11948	0.07654	0.02505	0.00999	0.00698	0.00216	0.00523	0.00836	0.00760	0.01009
36	0.01146	0.00795	0.01083	0.01001	0.01193	0.00807	0.00756	0.01342	0.01187	0.05574	0.05160	0.02784	0.01893	0.14417	0.42137	0.03977	0.01248	0.00726	0.00414	0.12361
37	0.01149	0.01048	0.01505	0.01341	0.01604	0.04425	0.12776	0.01515	0.04988	0.01977	0.08457	0.13670	0.17606	0.01835	0.08721	0.00338	0.00749	0.15076	0.00542	0.00677
38	0.02070	0.18139	0.06966	0.03963	0.07788	0.26403	0.08360	0.09672	0.01794	0.04895	0.01228	0.01433	0.00979	0.00776	0.02560	0.00207	0.00981	0.00511	0.00382	0.00893
39	0.00976	0.00651	0.00732	0.00732	0.00732	0.00651	0.00407	0.00976	0.00976	0.01301	0.02114	0.04391	0.02439	0.76419	0.03415	0.00651	0.00651	0.00976	0.00407	0.00407
40	0.01018	0.00825	0.01106	0.06244	0.07014	0.00799	0.00971	0.01283	0.01519	0.01918	0.04537	0.07357	0.31245	0.01615	0.00833	0.00260	0.00534	0.29707	0.00576	0.00640
41	0.01429	0.08865	0.40172	0.05921	0.12454	0.01656	0.06343	0.02004	0.01427	0.02056	0.04585	0.01644	0.01161	0.00702	0.00767	0.00213	0.06786	0.00564	0.00318	0.00935
42	0.02034	0.02588	0.12393	0.15369	0.04497	0.36468	0.01579	0.08817	0.06178	0.02059	0.01257	0.01479	0.00974	0.00702	0.00635	0.00195	0.01021	0.00513	0.00379	0.00863
43	0.02400	0.03026	0.01993	0.01774	0.02109	0.66020	0.03993	0.02586	0.01829	0.01660	0.01039	0.01251	0.00871	0.00719	0.00721	0.00183	0.06247	0.00457	0.00342	0.00780
44	0.01560	0.04480	0.22863	0.02484	0.03233	0.04510	0.46598	0.02159	0.01544	0.02106	0.01290	0.01657	0.00961	0.00591	0.00732	0.00218	0.01084	0.00684	0.00323	0.00923
45	0.02961	0.04250	0.01638	0.01192	0.01713	0.01055	0.00993	0.03218	0.01898	0.69777	0.02577	0.02234	0.01628	0.00820	0.00665	0.00205	0.00577	0.00662	0.00808	0.01130
46	0.01579	0.01348	0.01439	0.01307	0.01656	0.01543	0.01011	0.03280	0.62816	0.02755	0.08243	0.05582	0.02481	0.00994	0.00698	0.00228	0.00508	0.00840	0.00685	0.01008
47	0.01904	0.01249	0.02003	0.09665	0.20236	0.01210	0.08207	0.03824	0.01661	0.24734	0.03837	0.10073	0.06505	0.00930	0.00713	0.00217	0.00683	0.00848	0.00556	0.00944
48	0.00987	0.00651	0.00769	0.00769	0.00778	0.00661	0.00453	0.00986	0.00977	0.01312	0.02024	0.04092	0.02292	0.65721	0.08930	0.06122	0.00737	0.00929	0.00395	0.00414
49	0.01554	0.10391	0.16822	0.03590	0.18784	0.03671	0.05797	0.02127	0.08340	0.04934	0.03804	0.02078	0.05569	0.00974	0.04675	0.00246	0.00827	0.00640	0.00406	0.04772
50	0.02404	0.08249	0.02067	0.01540	0.02022	0.19066	0.01252	0.42930	0.08423	0.03281	0.01514	0.01548	0.01129	0.00768	0.00637	0.00192	0.00831	0.00556	0.00564	0.01026
51	0.01652	0.01505	0.02318	0.02024	0.07611	0.01827	0.12506	0.05080	0.05002	0.06804	0.03347	0.01760	0.01205	0.00982	0.01556	0.00259	0.42664	0.00656	0.00392	0.00848
52	0.00980	0.00737	0.00930	0.00962	0.01004	0.00785	0.00671	0.01076	0.01173	0.01573	0.02933	0.27467	0.07677	0.31615	0.02036	0.00426	0.09155	0.07780	0.00498	0.00520
53	0.01505	0.29196	0.28744	0.01580	0.02200	0.01956	0.05234	0.01945	0.01390	0.01903	0.06664	0.01607	0.01301	0.00745	0.00804	0.00200	0.11295	0.00532	0.00325	0.00876
54	0.02848	0.01108	0.01519	0.01185	0.01672	0.00975	0.00975	0.03106	0.01854	0.67066	0.02580	0.02312	0.01662	0.01163	0.06460	0.00277	0.00668	0.00678	0.00793	0.01099
55	0.01631	0.01596	0.02819	0.07876	0.61023	0.01600	0.09422	0.02050	0.01524	0.02161	0.01269	0.01684	0.01049	0.00598	0.00679	0.00204	0.00839	0.00619	0.00331	0.01028
56	0.01542	0.01431	0.02358	0.37504	0.32892	0.01586	0.03511	0.07275	0.01569	0.02125	0.01259	0.01721	0.00988	0.00648	0.00671	0.00212	0.00847	0.00602	0.00343	0.00914
57	0.01491	0.01578	0.05686	0.13442	0.32221	0.07105	0.08070	0.01869	0.01478	0.01975	0.01635	0.10325	0.01533	0.01079	0.04734	0.00265	0.00887	0.03383	0.00372	0.00874
58	0.00824	0.00588	0.00786	0.00941	0.00983	0.00550	0.00633	0.00945	0.01291	0.01720	0.03695	0.74412	0.04425	0.02096	0.00858	0.00273	0.00395	0.03417	0.00623	0.00547
59	0.01679	0.01794	0.03621	0.02618	0.03235	0.01762	0.57810	0.09372	0.01714	0.02335	0.01352	0.01765	0.01022	0.00633	0.00875	0.00228	0.06134	0.00758	0.00372	0.00919
60	0.01852	0.53117	0.04902	0.07238	0.05445	0.14234	0.01308	0.02102	0.01460	0.01644	0.00994	0.01192	0.00874	0.00604	0.00495	0.00159	0.00824	0.00405	0.00300	0.00851
61	0.01629	0.01567	0.04792	0.16020	0.32260	0.01592	0.11304	0.07274	0.03590	0.04081	0.01379	0.01777	0.01094	0.00895	0.04570	0.00259	0.03957	0.00634	0.00375	0.00952
62	0.00956	0.00694	0.00874	0.00870	0.01012	0.00650	0.00656	0.01203	0.01649	0.02248	0.41329	0.05523	0.13676	0.13256	0.01225	0.00298	0.00422	0.12221	0.00652	0.00587
63	0.01689	0.01469	0.07077	0.01299	0.01692	0.01440	0.01085	0.11821	0.36247	0.07434	0.02664	0.04983	0.05825	0.09054	0.00988	0.00270	0.00599	0.02792	0.00623	0.00947
64	0.00967	0.00768	0.00922	0.00999	0.02967	0.00736	0.00721	0.01344	0.08937	0.02021	0.12328	0.26273	0.27767	0.01684	0.00811	0.00247	0.00415	0.08819	0.00634	0.00640
65	0.15480	0.01835	0.06453	0.01367	0.01818	0.13547	0.01159	0.18095	0.06110	0.15933	0.07167	0.01886	0.01557	0.00815	0.00689	0.00206	0.03778	0.00598	0.00568	0.00940
66	0.01030	0.00719	0.00825	0.00823	0.00866	0.00742	0.00511	0.01206	0.06556	0.01471	0.02248	0.06174	0.02484	0.62244	0.06225	0.00613	0.00685	0.03658	0.00440	0.00479
67	0.25389	0.01047	0.01145	0.00992	0.01336	0.01048	0.00781	0.03557	0.01490	0.27137	0.02421	0.06198	0.06544	0.12825	0.01060	0.00287	0.00551	0.04784	0.00602	0.00806
68	0.01668	0.01591	0.02712	0.09180	0.59783	0.01615	0.06099	0.05206	0.01593	0.02249	0.01279	0.01677	0.01051	0.00611	0.00673	0.00203	0.00822	0.00610	0.00346	0.01033
69	0.65747	0.01327	0.01171	0.01103	0.04799	0.01496	0.00843	0.04792	0.03327	0.08530	0.01164	0.01273	0.00871	0.00654	0.00466	0.00208	0.00546	0.00420	0.00462	0.00802
70	0.38949	0.01184	0.01244	0.01022	0.01462	0.01205	0.00831	0.02533	0.01504	0.36229	0.01825	0.01860	0.01277	0.05299	0.00720	0.00234	0.00552	0.00549	0.00613	0.00906
71	0.04923	0.00771	0.00896	0.00905	0.00995	0.00806	0.00618	0.01347	0.08505	0.01697	0.04145	0.11708	0.02653	0.39885	0.06072	0.04949	0.00649	0.07460	0.00479	0.00536
72	0.06948	0.01489	0.02384	0.19509	0.28993	0.03412	0.10417	0.01925	0.01432	0.02074	0.01260	0.01781	0.01047	0.00678	0.00760	0.00210	0.05784	0.02361	0.00341	0.07195
73	0.01092	0.00646	0.00870	0.00893	0.00924	0.00652	0.00591	0.01066	0.05212	0.01401	0.01943	0.17862	0.02109	0.14297	0.02267	0.45879	0.00550	0.00934	0.00403	0.00410
74	0.59109	0.01286	0.01125	0.00963	0.01384	0.01436	0.00791	0.08340	0.01438	0.11466	0.01288	0.01377	0.00945	0.00675	0.00474	0.00204	0.00531	0.00441	0.05920	0.00808
75	0.01205	0.00637	0.00907	0.00911	0.00972	0.00626	0.00646	0.01080	0.01063	0.04820	0.01909	0.07203	0.04944	0.02223	0.04977	0.55178	0.00600	0.06028	0.03661	0.00413
76	0.01395	0.01323	0.02243	0.51922	0.26510	0.01524	0.01927	0.01826	0.01402	0.01869	0.01215	0.01747	0.00949	0.00647	0.00669	0.00216	0.00863	0.00597	0.00309	0.00848
77	0.00949	0.00722	0.00886	0.00944	0.01069	0.00706	0.00669	0.01335	0.10125	0.02065	0.18255	0.45053	0.11158	0.01760	0.00815	0.00249	0.00387	0.01570	0.00655	0.00630
78	0.44228	0.01283	0.01240	0.01041	0.01476	0.01389	0.00851	0.08360	0.06801	0.20583	0.01629	0.01620	0.01152	0.00721	0.00526	0.00206	0.00541	0.00507	0.04959	0.00887
79	0.01186	0.00742	0.00955	0.00984	0.01125	0.00704	0.00708	0.05065	0.01533	0.09655	0.11348	0.47190	0.05857	0.05249	0.00940	0.00273	0.00442	0.04743	0.00651	0.00650
80	0.00976	0.00651	0.00732	0.00732	0.00732	0.00651	0.00407	0.00976	0.00976	0.01301	0.02114	0.04391	0.02439	0.76419	0.03415	0.00651	0.00651	0.00976	0.00407	0.00407
81	0.01723	0.01107	0.01182	0.01031	0.01342	0.01193	0.00811	0.14122	0.20965	0.08108	0.02272	0.02331	0.01706	0.00825	0.00578	0.00188	0.00466	0.00662	0.38513	0.00874
82	0.22604	0.01214	0.01207	0.01093	0.01392	0.01366	0.00835	0.08208	0.25844	0.02578	0.02054	0.02787	0.01814	0.19073	0.01283	0.00326	0.00580	0.04406	0.00541	0.00798
83	0.05031	0.01261	0.01395	0.01215	0.01563	0.01339	0.00974	0.27700	0.09142	0.07186	0.02985	0.14007	0.11416	0.01236	0.00729	0.00229	0.00570	0.08455	0.02685	0.00880
84	0.00951	0.00673	0.00886	0.00902	0.00958	0.00720	0.00615	0.01067	0.01053	0.01455	0.02148	0.11298	0.02326	0.37839	0.33322	0.00794	0.01115	0.00965	0.00409	0.00504
85	0.01564	0.01306	0.05431	0.01314	0.01675	0.01241	0.05705	0.18157	0.08740	0.05426	0.11573	0.03871	0.09517	0.06342	0.02318	0.00275	0.00645	0.12118	0.01953	0.00830
86	0.17933	0.01222	0.01316	0.01149	0.01493	0.01304	0.00896	0.18431	0.09432	0.13483	0.02306	0.20756	0.02127	0.04157	0.00779	0.00243	0.00553	0.00930	0.00622	0.00867
87	0.01058	0.00828	0.00929	0.00907	0.01127	0.00795	0.00706	0.06432	0.05853	0.02155	0.13007	0.07193	0.37139	0.06614	0.00977	0.00266	0.00447	0.12294	0.00629	0.00645
88	0.01840	0.01419	0.01658	0.05412	0.01907	0.04363	0.04226	0.23738	0.14949	0.08109	0.06843	0.05543	0.06655	0.01407	0.08520	0.00307	0.00778	0.00800	0.00602	0.00925
89	0.01644	0.01427	0.01454	0.01296	0.01654	0.04792	0.01008	0.08373	0.50743	0.02787	0.09879	0.02899	0.07121	0.00993	0.00697	0.00221	0.00543	0.00823	0.00668	0.00978
90	0.03541	0.00921	0.01063	0.00998	0.01222	0.00937	0.00761	0.09139	0.07612	0.09068	0.07811	0.14565	0.06965	0.11331	0.01073	0.00282	0.00501	0.08418	0.13066	0.00726
91	0.00903	0.00705	0.00801	0.00801	0.00969	0.00647	0.00580	0.01172	0.04892	0.02026	0.22722	0.14252	0.34524	0.09693	0.01080	0.00275	0.00387	0.02349	0.00633	0.00589
92	0.02150	0.01568	0.01967	0.01549	0.02017	0.01691	0.08279	0.37289	0.11313	0.10565	0.01864	0.01968	0.01378	0.01419	0.11450	0.00337	0.00891	0.00668	0.00609	0.01027
93	0.01433	0.00863	0.01096	0.00980	0.01230	0.00825	0.00754	0.01923	0.10329	0.16307	0.46832	0.07396	0.04811	0.01243	0.00758	0.00215	0.00396	0.01084	0.00744	0.00781
94	0.00959	0.00719	0.01078	0.01078	0.01198	0.00839	0.00839	0.01198	0.01078	0.01558	0.01797	0.02636	0.01677	0.05032	0.73760	0.01078	0.01797	0.00719	0.00359	0.00599
95	0.01370	0.01333	0.02035	0.58269	0.11986	0.05829	0.01795	0.01783	0.01382	0.01756	0.01224	0.01786	0.00955	0.00904	0.04697	0.00265	0.00952	0.00593	0.00308	0.00775
96	0.61541	0.03465	0.02598	0.01083	0.01499	0.16485	0.00888	0.02122	0.01309	0.02678	0.00961	0.01121	0.00761	0.00636	0.00459	0.00199	0.00676	0.00380	0.00395	0.00745

[dist]
# distance from previous block
# <min> <max>
0	1

[block]
# block no. 3 follows, 32 sequences, length 33
# corresponding to MSA columns:
# 228-260
name=unknown_D
#
# <colnr> <probs for GDERKNQSTAVLIFYWHMCP>
#	G	D	E	R	K	N	Q	S	T	A	V	L	I	F	Y	W	H	M	C	P
0	0.01550	0.04825	0.17185	0.11234	0.44892	0.01635	0.02066	0.02015	0.01458	0.02079	0.01214	0.01594	0.00985	0.00636	0.00712	0.00206	0.03839	0.00567	0.00315	0.00992
1	0.01679	0.10653	0.01805	0.06792	0.01847	0.01594	0.01109	0.21250	0.06995	0.02495	0.01752	0.02575	0.01580	0.10370	0.06299	0.00324	0.06238	0.07016	0.00488	0.07139
2	0.23289	0.05074	0.04733	0.01478	0.05826	0.01806	0.01189	0.34761	0.04668	0.08789	0.01483	0.01526	0.01074	0.00733	0.00591	0.00202	0.00673	0.00535	0.00563	0.01005
3	0.00825	0.00661	0.00738	0.00762	0.00937	0.00573	0.00555	0.01009	0.01541	0.01941	0.17241	0.20914	0.46489	0.01729	0.00806	0.00234	0.00346	0.01485	0.00643	0.00573
4	0.00981	0.00808	0.03713	0.02839	0.01212	0.00736	0.00784	0.02975	0.01419	0.01932	0.16038	0.28182	0.08022	0.07143	0.12667	0.03465	0.00680	0.05255	0.00556	0.00595
5	0.01542	0.15422	0.42861	0.01687	0.02405	0.10736	0.01923	0.02074	0.01420	0.01900	0.01167	0.01432	0.00920	0.01008	0.06428	0.00268	0.05121	0.00487	0.00298	0.00898
6	0.01148	0.00890	0.01237	0.01167	0.01304	0.01057	0.00915	0.07171	0.01247	0.01780	0.01707	0.02530	0.01595	0.08326	0.56294	0.00900	0.08991	0.00710	0.00382	0.00649
7	0.01341	0.00949	0.01130	0.01065	0.01312	0.00964	0.00830	0.06823	0.15205	0.07761	0.22874	0.14505	0.11502	0.01399	0.00779	0.00236	0.00458	0.09410	0.00686	0.00770
8	0.05007	0.00937	0.01103	0.00983	0.01286	0.00897	0.00766	0.02058	0.11515	0.21082	0.15240	0.06942	0.21063	0.04637	0.00854	0.00242	0.00459	0.03440	0.00687	0.00802
9	0.19543	0.01264	0.01491	0.01170	0.01669	0.01228	0.00966	0.11005	0.01903	0.49686	0.02159	0.01950	0.01400	0.00783	0.00619	0.00207	0.00580	0.00600	0.00723	0.01054
10	0.76856	0.01289	0.01018	0.00900	0.01320	0.01477	0.00741	0.02044	0.01185	0.06847	0.01029	0.01156	0.00778	0.00634	0.00430	0.00208	0.00522	0.00380	0.00438	0.00750
11	0.16463	0.01119	0.01272	0.01079	0.01448	0.01120	0.00851	0.09523	0.05641	0.28283	0.06072	0.11678	0.06068	0.05381	0.00821	0.00243	0.00533	0.00855	0.00663	0.00887
12	0.01022	0.00812	0.00942	0.00948	0.01141	0.00807	0.00718	0.01532	0.14126	0.02118	0.15628	0.17662	0.25348	0.03539	0.03643	0.00283	0.00470	0.07957	0.00637	0.00666
13	0.02012	0.01360	0.01516	0.01292	0.01710	0.01469	0.01025	0.10283	0.42395	0.19344	0.02899	0.02655	0.07110	0.00940	0.00688	0.00220	0.00548	0.00772	0.00712	0.01052
14	0.81159	0.01298	0.00986	0.00882	0.01298	0.01505	0.00727	0.01972	0.01142	0.03010	0.00934	0.01090	0.00727	0.00623	0.00415	0.00208	0.00519	0.00363	0.00415	0.00727
15	0.13513	0.01105	0.01286	0.01077	0.01442	0.01089	0.00846	0.08581	0.04726	0.32524	0.02478	0.05647	0.04999	0.14043	0.01134	0.00292	0.00575	0.03108	0.00651	0.00884
16	0.00952	0.00700	0.00856	0.00935	0.01054	0.00669	0.00669	0.04203	0.03350	0.01960	0.06863	0.49018	0.15608	0.01851	0.00821	0.00256	0.00409	0.05810	0.03416	0.00601
17	0.00962	0.00701	0.00987	0.00983	0.01078	0.00781	0.00726	0.01153	0.01117	0.01585	0.07130	0.03210	0.02199	0.20863	0.52412	0.00917	0.01427	0.00814	0.00399	0.00558
18	0.01588	0.01532	0.02651	0.16576	0.57301	0.01580	0.04945	0.02002	0.01497	0.02106	0.01254	0.01690	0.01031	0.00609	0.00671	0.00205	0.00829	0.00606	0.00326	0.01000
19	0.01304	0.00759	0.00974	0.00961	0.01113	0.00730	0.00717	0.03297	0.01479	0.11232	0.13135	0.16622	0.03367	0.17203	0.01445	0.05109	0.00515	0.13489	0.05922	0.00628
20	0.02219	0.02396	0.02020	0.07248	0.04744	0.37430	0.04283	0.17718	0.02037	0.02317	0.01206	0.01412	0.00954	0.00714	0.00699	0.00186	0.04356	0.00509	0.00417	0.07134
21	0.01027	0.00740	0.01027	0.04422	0.01333	0.00759	0.00877	0.01231	0.01397	0.03995	0.06289	0.42414	0.03899	0.01839	0.00937	0.00278	0.04722	0.21606	0.00599	0.00609
22	0.81159	0.01298	0.00986	0.00882	0.01298	0.01505	0.00727	0.01972	0.01142	0.03010	0.00934	0.01090	0.00727	0.00623	0.00415	0.00208	0.00519	0.00363	0.00415	0.00727
23	0.01128	0.00880	0.01052	0.00952	0.01215	0.00785	0.00698	0.04126	0.04637	0.02135	0.14178	0.26912	0.06374	0.07615	0.00937	0.00236	0.00449	0.01146	0.00563	0.23983
24	0.01518	0.01298	0.02120	0.38245	0.25996	0.01409	0.01738	0.01913	0.01447	0.07198	0.01411	0.04352	0.01138	0.00696	0.00662	0.00207	0.00791	0.00634	0.00368	0.06859
25	0.60294	0.01256	0.01139	0.00966	0.01408	0.01367	0.00796	0.02319	0.01350	0.21617	0.01392	0.01409	0.00976	0.00678	0.00485	0.00208	0.00533	0.00446	0.00526	0.00838
26	0.01212	0.00861	0.01092	0.01109	0.01284	0.00880	0.00887	0.07815	0.06794	0.02199	0.11964	0.13675	0.06756	0.01713	0.01094	0.11687	0.00538	0.27198	0.00598	0.00644
27	0.01271	0.00809	0.00985	0.00946	0.01164	0.00763	0.00714	0.01648	0.08477	0.12581	0.19007	0.19406	0.19861	0.04385	0.00886	0.00251	0.00426	0.05038	0.00676	0.00708
28	0.01681	0.00929	0.01171	0.00995	0.01300	0.00864	0.00783	0.08258	0.01986	0.23019	0.38723	0.04048	0.11070	0.01195	0.00747	0.00211	0.00432	0.01021	0.00747	0.00821
29	0.81159	0.01298	0.00986	0.00882	0.01298	0.01505	0.00727	0.01972	0.01142	0.03010	0.00934	0.01090	0.00727	0.00623	0.00415	0.00208	0.00519	0.00363	0.00415	0.00727
30	0.40773	0.01283	0.01246	0.01076	0.01475	0.01405	0.00869	0.11563	0.07596	0.13882	0.01750	0.05971	0.01435	0.03503	0.00665	0.00232	0.00560	0.03308	0.00558	0.00852
31	0.21648	0.00970	0.00966	0.00903	0.01166	0.01018	0.00690	0.06677	0.06734	0.02521	0.14108	0.12051	0.18049	0.04261	0.00774	0.00236	0.00443	0.00999	0.05093	0.00693
32	0.00955	0.00657	0.00826	0.00862	0.00983	0.00600	0.00606	0.01135	0.01504	0.04919	0.23758	0.35629	0.15534	0.07610	0.01021	0.00274	0.00388	0.01504	0.00648	0.00588

[dist]
# distance from previous block
# <min> <max>
0	8

[block]
# block no. 4 follows, 32 sequences, length 46
# corresponding to MSA columns:
# 269-314
name=unknown_E
#
# <colnr> <probs for GDERKNQSTAVLIFYWHMCP>
#	G	D	E	R	K	N	Q	S	T	A	V	L	I	F	Y	W	H	M	C	P
0	0.81159	0.01298	0.00986	0.00882	0.01298	0.01505	0.00727	0.01972	0.01142	0.03010	0.00934	0.01090	0.00727	0.00623	0.00415	0.00208	0.00519	0.00363	0.00415	0.00727
1	0.41837	0.01331	0.01262	0.01094	0.01494	0.01487	0.00883	0.14170	0.11008	0.07694	0.04135	0.06586	0.01538	0.00854	0.00565	0.00215	0.00549	0.01892	0.00553	0.00855
2	0.01294	0.00810	0.00970	0.00904	0.01091	0.00788	0.00662	0.03060	0.07087	0.10361	0.22613	0.07408	0.09750	0.20333	0.01419	0.00328	0.00475	0.03980	0.05998	0.00669
3	0.00851	0.00600	0.00777	0.00906	0.00941	0.00568	0.00596	0.00952	0.01237	0.01649	0.03422	0.62079	0.04080	0.14911	0.01299	0.00339	0.00440	0.03245	0.00585	0.00523
4	0.74879	0.01344	0.01068	0.00935	0.01360	0.01551	0.00771	0.07407	0.01303	0.03108	0.00988	0.01132	0.00760	0.00637	0.00436	0.00207	0.00537	0.00383	0.00436	0.00760
5	0.23588	0.01237	0.01264	0.01116	0.01467	0.01354	0.00869	0.09898	0.21043	0.10874	0.02279	0.10485	0.03823	0.06817	0.00841	0.00255	0.00543	0.00787	0.00595	0.00865
6	0.00911	0.00689	0.00793	0.00802	0.00934	0.00642	0.00556	0.01136	0.04307	0.01914	0.19552	0.17905	0.26274	0.18935	0.01405	0.00329	0.00423	0.01330	0.00601	0.00561
7	0.20789	0.00980	0.01129	0.00986	0.01317	0.00989	0.00786	0.02146	0.01484	0.26973	0.04966	0.07174	0.01830	0.01538	0.12015	0.00341	0.00689	0.00706	0.12340	0.00821
8	0.81159	0.01298	0.00986	0.00882	0.01298	0.01505	0.00727	0.01972	0.01142	0.03010	0.00934	0.01090	0.00727	0.00623	0.00415	0.00208	0.00519	0.00363	0.00415	0.00727
9	0.12663	0.01090	0.01254	0.01100	0.01426	0.01102	0.00865	0.15323	0.01871	0.19065	0.10462	0.20716	0.05262	0.01241	0.00710	0.00227	0.00517	0.03598	0.00665	0.00840
10	0.01431	0.00834	0.01036	0.00971	0.01166	0.00806	0.00719	0.04134	0.05212	0.15116	0.15969	0.15122	0.04774	0.19466	0.01403	0.00333	0.00508	0.06870	0.03433	0.00697
11	0.02048	0.01622	0.01827	0.01616	0.06613	0.01817	0.01223	0.37989	0.20648	0.03355	0.02250	0.02227	0.07015	0.00914	0.00782	0.00216	0.05463	0.00708	0.00623	0.01043
12	0.01025	0.00768	0.01068	0.01249	0.07579	0.00766	0.00809	0.04090	0.01387	0.01881	0.08090	0.39217	0.07770	0.02328	0.12970	0.05802	0.00679	0.01363	0.00541	0.00618
13	0.22494	0.01088	0.01109	0.01031	0.01314	0.03854	0.00793	0.04092	0.06877	0.13622	0.07024	0.19731	0.02498	0.04748	0.00788	0.00246	0.00520	0.03767	0.03643	0.00761
14	0.01021	0.00782	0.00898	0.00909	0.01071	0.00765	0.00658	0.05627	0.06174	0.01965	0.06365	0.25889	0.25757	0.11783	0.03949	0.00331	0.00502	0.04343	0.00595	0.00615
15	0.00865	0.00619	0.00814	0.00953	0.01013	0.00585	0.00668	0.01003	0.01311	0.01731	0.03702	0.58509	0.07083	0.07066	0.01036	0.00301	0.00437	0.11149	0.00608	0.00547
16	0.01558	0.01371	0.02125	0.10166	0.38846	0.01446	0.01612	0.08221	0.06689	0.02237	0.01600	0.06642	0.01408	0.01256	0.07835	0.04112	0.00842	0.00706	0.00405	0.00923
17	0.01275	0.00740	0.00945	0.00934	0.01129	0.00668	0.00696	0.01465	0.01533	0.15672	0.11613	0.31188	0.18967	0.03289	0.02750	0.00274	0.00460	0.05059	0.00665	0.00678
18	0.01913	0.01475	0.01591	0.01360	0.01756	0.01652	0.01070	0.23359	0.40278	0.06188	0.02428	0.07040	0.01926	0.03847	0.00795	0.00238	0.00591	0.00791	0.00671	0.01031
19	0.70717	0.01445	0.01160	0.01148	0.05930	0.06385	0.00851	0.02026	0.01218	0.02865	0.00962	0.01135	0.00758	0.00626	0.00444	0.00205	0.00584	0.00383	0.00405	0.00752
20	0.01311	0.01051	0.01220	0.03797	0.01481	0.02744	0.00913	0.05230	0.22986	0.02282	0.12537	0.07889	0.06470	0.04811	0.08413	0.05521	0.00669	0.09340	0.00584	0.00752
21	0.02144	0.01938	0.08342	0.01526	0.02044	0.05106	0.01315	0.38564	0.25616	0.03445	0.01922	0.01873	0.01405	0.00820	0.00669	0.00210	0.00713	0.00638	0.00625	0.01085
22	0.01131	0.01156	0.10625	0.01418	0.04555	0.00909	0.01267	0.01489	0.01482	0.01981	0.03005	0.06147	0.03186	0.05008	0.04249	0.00341	0.00729	0.50107	0.00541	0.00676
23	0.01575	0.29863	0.41239	0.01701	0.04422	0.01982	0.03351	0.05072	0.01481	0.02022	0.01129	0.01317	0.00876	0.00619	0.00568	0.00187	0.00879	0.00460	0.00304	0.00951
24	0.01549	0.21193	0.41628	0.01861	0.02670	0.05282	0.12734	0.02127	0.01453	0.01972	0.01154	0.01385	0.00880	0.00613	0.00610	0.00196	0.00957	0.00506	0.00296	0.00936
25	0.01164	0.00748	0.00931	0.00894	0.01088	0.00694	0.00664	0.01440	0.04042	0.10603	0.25885	0.17952	0.19994	0.04918	0.05608	0.00301	0.00483	0.01267	0.00661	0.00666
26	0.01202	0.01276	0.07308	0.46406	0.03550	0.01316	0.06021	0.01618	0.01321	0.01752	0.01562	0.10023	0.01395	0.01414	0.10669	0.00345	0.00985	0.00762	0.00344	0.00733
27	0.01289	0.03606	0.10871	0.10415	0.04453	0.01178	0.05666	0.04535	0.01347	0.05010	0.01750	0.07232	0.01592	0.06932	0.30432	0.00592	0.01210	0.00753	0.00393	0.00745
28	0.01466	0.00773	0.01028	0.00947	0.01097	0.00746	0.00683	0.05759	0.01350	0.12845	0.07279	0.07741	0.08014	0.05061	0.01813	0.40995	0.00540	0.00823	0.00489	0.00551
29	0.05328	0.01670	0.02860	0.04800	0.02747	0.07522	0.40704	0.02069	0.06203	0.02081	0.01853	0.05216	0.05827	0.03700	0.00913	0.00242	0.04223	0.00817	0.00396	0.00827
30	0.01303	0.00992	0.01359	0.01305	0.03936	0.03580	0.03028	0.04728	0.01283	0.06512	0.01759	0.02531	0.01597	0.09779	0.47959	0.00808	0.05739	0.00712	0.00404	0.00686
31	0.01514	0.04469	0.15443	0.07738	0.27933	0.01607	0.18742	0.02037	0.03044	0.02075	0.01318	0.01719	0.01053	0.00906	0.05400	0.00267	0.02829	0.00630	0.00330	0.00945
32	0.01170	0.00823	0.01088	0.06113	0.05818	0.03989	0.00807	0.01126	0.01137	0.01462	0.02132	0.14166	0.07436	0.04771	0.01824	0.41512	0.00600	0.03164	0.00391	0.00471
33	0.01683	0.04682	0.02257	0.09461	0.33752	0.04207	0.04755	0.02028	0.01550	0.09796	0.03975	0.02554	0.04679	0.00849	0.00773	0.00217	0.04624	0.06803	0.00432	0.00922
34	0.01655	0.05958	0.10318	0.03310	0.01973	0.08004	0.08596	0.04561	0.10893	0.10655	0.06611	0.15353	0.02173	0.01206	0.03833	0.00257	0.02375	0.00888	0.00523	0.00856
35	0.01922	0.09146	0.13376	0.01774	0.09933	0.06075	0.05583	0.15146	0.01867	0.12805	0.02015	0.02103	0.07670	0.00962	0.03683	0.00233	0.00811	0.00646	0.00490	0.03762
36	0.01267	0.01193	0.02013	0.74806	0.04621	0.01491	0.01863	0.01714	0.01342	0.01714	0.01193	0.01789	0.00894	0.00671	0.00671	0.00224	0.00894	0.00596	0.00298	0.00745
37	0.01637	0.20564	0.23554	0.10534	0.05601	0.12284	0.06007	0.03463	0.01501	0.01888	0.01240	0.04050	0.01038	0.00821	0.02908	0.00221	0.00945	0.00547	0.00323	0.00872
38	0.01657	0.17590	0.29474	0.07797	0.06497	0.09495	0.07698	0.06252	0.01582	0.02061	0.01239	0.01590	0.00987	0.00670	0.00620	0.00198	0.00927	0.02416	0.00333	0.00918
39	0.02043	0.01379	0.01977	0.03694	0.15583	0.05578	0.08857	0.02507	0.08755	0.26221	0.04688	0.03853	0.01672	0.01142	0.05682	0.03346	0.00788	0.00713	0.00562	0.00958
40	0.00943	0.00738	0.00853	0.00868	0.02392	0.00712	0.00599	0.01192	0.05207	0.01793	0.10845	0.04972	0.33131	0.21608	0.10825	0.00445	0.00626	0.01139	0.00541	0.00573
41	0.01774	0.04491	0.02253	0.16098	0.18177	0.18243	0.09334	0.02114	0.01629	0.06613	0.07686	0.02061	0.03705	0.00758	0.00702	0.00203	0.02240	0.00658	0.00405	0.00857
42	0.01650	0.11828	0.19864	0.04618	0.13117	0.04133	0.22521	0.02139	0.01520	0.06788	0.01424	0.04817	0.01146	0.00681	0.00674	0.00207	0.00920	0.00658	0.00362	0.00935
43	0.17811	0.01329	0.03963	0.04488	0.01774	0.01305	0.01039	0.13894	0.05122	0.28403	0.06485	0.04327	0.01731	0.01049	0.04111	0.00252	0.00653	0.00670	0.00637	0.00956
44	0.03782	0.02702	0.01389	0.01227	0.01476	0.00928	0.08257	0.01591	0.04116	0.08416	0.05629	0.14749	0.10953	0.04730	0.08232	0.02629	0.00706	0.17242	0.00558	0.00688
45	0.08735	0.09151	0.05033	0.07099	0.35913	0.03254	0.01596	0.02210	0.01518	0.14125	0.01455	0.01745	0.01142	0.03384	0.00718	0.00213	0.00744	0.00572	0.00419	0.00974

[dist]
# distance from previous block
# <min> <max>
18	74

# created by:
# /home/cegg/simao/soft/augustus-3.2.1/scripts/msa2prfl.pl ./align_prep/EOG090W0FS1.fa
