[name]
unknown

[dist]
# distance from previous block
# <min> <max>
5	1245

[block]
# block no. 0 follows, 34 sequences, length 51
# corresponding to MSA columns:
# 1260-1310
name=unknown_A
#
# <colnr> <probs for GDERKNQSTAVLIFYWHMCP>
#	G	D	E	R	K	N	Q	S	T	A	V	L	I	F	Y	W	H	M	C	P
0	0.00776	0.00635	0.00686	0.00716	0.00891	0.00544	0.00521	0.00935	0.01438	0.01765	0.09094	0.21714	0.54630	0.01707	0.00777	0.00227	0.00337	0.01458	0.00605	0.00544
1	0.02302	0.01733	0.01852	0.01455	0.01945	0.01931	0.01191	0.58779	0.15618	0.03823	0.01748	0.01708	0.01258	0.00794	0.00648	0.00199	0.00675	0.00609	0.00648	0.01085
2	0.02416	0.03018	0.01836	0.01656	0.01998	0.71153	0.01247	0.05922	0.01890	0.01703	0.01026	0.01184	0.00845	0.00671	0.00586	0.00168	0.01143	0.00424	0.00348	0.00766
3	0.01296	0.03342	0.73944	0.01842	0.02797	0.01501	0.02387	0.02046	0.01364	0.02046	0.01160	0.01364	0.00818	0.00614	0.00614	0.00205	0.00955	0.00477	0.00273	0.00955
4	0.00907	0.00660	0.00853	0.00805	0.00961	0.00607	0.00604	0.01205	0.01812	0.02550	0.69684	0.04894	0.09360	0.01336	0.00762	0.00204	0.00306	0.01178	0.00706	0.00607
5	0.01340	0.01148	0.01340	0.00957	0.01531	0.00861	0.00766	0.01627	0.01340	0.02105	0.01148	0.01340	0.00957	0.00479	0.00479	0.00096	0.00479	0.00383	0.00383	0.81242
6	0.01357	0.13939	0.63887	0.01737	0.02634	0.01651	0.02205	0.02030	0.01357	0.01971	0.01122	0.01317	0.00820	0.00605	0.00585	0.00195	0.00917	0.00459	0.00273	0.00937
7	0.01411	0.01543	0.08273	0.04362	0.01808	0.04684	0.01333	0.04134	0.09063	0.01941	0.09585	0.02101	0.04366	0.01047	0.01445	0.00247	0.40826	0.00670	0.00399	0.00762
8	0.01400	0.01147	0.01346	0.00964	0.01536	0.00865	0.00773	0.01686	0.01360	0.04872	0.01203	0.01373	0.00982	0.00491	0.00485	0.00100	0.00481	0.00393	0.00399	0.78145
9	0.00925	0.00658	0.00854	0.00805	0.00957	0.00609	0.00604	0.01230	0.01811	0.02584	0.70277	0.04736	0.05931	0.01300	0.00750	0.00201	0.00305	0.01147	0.03704	0.00609
10	0.00846	0.00654	0.00771	0.00751	0.00925	0.00579	0.00560	0.01083	0.01653	0.02195	0.42024	0.08649	0.34014	0.01485	0.00766	0.00212	0.00317	0.01280	0.00660	0.00579
11	0.02456	0.01810	0.01939	0.01487	0.02004	0.02004	0.01228	0.71107	0.03038	0.04072	0.01551	0.01551	0.01099	0.00776	0.00646	0.00194	0.00711	0.00582	0.00646	0.01099
12	0.01318	0.01126	0.01317	0.00955	0.01508	0.00848	0.00759	0.01599	0.01336	0.02088	0.01242	0.04270	0.01086	0.00538	0.00492	0.00102	0.00474	0.00439	0.00391	0.78111
13	0.01261	0.00947	0.01232	0.05255	0.04086	0.01008	0.00884	0.08043	0.07689	0.05079	0.38091	0.03517	0.03809	0.04391	0.07554	0.00300	0.04616	0.00919	0.00598	0.00723
14	0.02456	0.01810	0.01939	0.01487	0.02004	0.02004	0.01228	0.71107	0.03038	0.04072	0.01551	0.01551	0.01099	0.00776	0.00646	0.00194	0.00711	0.00582	0.00646	0.01099
15	0.81856	0.01250	0.00950	0.00850	0.01250	0.01449	0.00700	0.01899	0.01100	0.02899	0.00900	0.01050	0.00700	0.00600	0.00400	0.00200	0.00500	0.00350	0.00400	0.00700
16	0.02458	0.01232	0.01511	0.01201	0.01639	0.01203	0.00974	0.23196	0.02116	0.41817	0.02350	0.10649	0.01761	0.00932	0.00662	0.00203	0.00569	0.00765	0.03747	0.01014
17	0.00787	0.00655	0.00687	0.00679	0.00887	0.00555	0.00509	0.00973	0.01528	0.01877	0.16904	0.06001	0.62558	0.01587	0.00763	0.00216	0.00324	0.01333	0.00617	0.00555
18	0.00939	0.00629	0.00718	0.00718	0.00722	0.00633	0.00407	0.00948	0.00943	0.01262	0.02024	0.04163	0.02321	0.74510	0.06033	0.00642	0.00669	0.00930	0.00390	0.00399
19	0.01296	0.03342	0.73944	0.01842	0.02797	0.01501	0.02387	0.02046	0.01364	0.02046	0.01160	0.01364	0.00818	0.00614	0.00614	0.00205	0.00955	0.00477	0.00273	0.00955
20	0.01412	0.01344	0.02284	0.39474	0.39219	0.01486	0.01890	0.01819	0.01383	0.01883	0.01182	0.01660	0.00943	0.00610	0.00643	0.00203	0.00814	0.00575	0.00304	0.00872
21	0.01224	0.01272	0.05996	0.71574	0.04357	0.01439	0.01828	0.01673	0.01296	0.01673	0.01149	0.01702	0.00859	0.00644	0.00644	0.00215	0.00867	0.00569	0.00286	0.00731
22	0.00791	0.00600	0.00730	0.00815	0.00919	0.00539	0.00566	0.00937	0.01364	0.01763	0.10635	0.48187	0.26142	0.01840	0.00800	0.00243	0.00354	0.01628	0.00610	0.00539
23	0.00764	0.00655	0.00655	0.00655	0.00873	0.00545	0.00491	0.00927	0.01473	0.01745	0.06546	0.06218	0.73000	0.01636	0.00764	0.00218	0.00327	0.01364	0.00600	0.00545
24	0.01296	0.03342	0.73944	0.01842	0.02797	0.01501	0.02387	0.02046	0.01364	0.02046	0.01160	0.01364	0.00818	0.00614	0.00614	0.00205	0.00955	0.00477	0.00273	0.00955
25	0.01579	0.01517	0.02577	0.06656	0.68506	0.01544	0.01959	0.01958	0.01450	0.02077	0.01202	0.01598	0.01012	0.00595	0.00684	0.00195	0.02995	0.00575	0.00317	0.01002
26	0.00924	0.00690	0.01029	0.01029	0.01141	0.00802	0.00796	0.01148	0.01036	0.01493	0.01739	0.02587	0.01636	0.06917	0.72689	0.01027	0.01699	0.00699	0.00347	0.00572
27	0.00810	0.00640	0.00730	0.00742	0.00910	0.00560	0.00543	0.01004	0.01532	0.01966	0.24660	0.18186	0.42193	0.01616	0.00774	0.00222	0.00329	0.01392	0.00631	0.00560
28	0.01508	0.01091	0.01592	0.01318	0.01658	0.02604	0.13603	0.02017	0.11904	0.16032	0.12482	0.13551	0.13654	0.01157	0.00734	0.00220	0.00566	0.02909	0.00606	0.00794
29	0.01328	0.08877	0.68691	0.01787	0.02712	0.01579	0.02292	0.02038	0.01360	0.02007	0.01140	0.01340	0.00819	0.00609	0.00599	0.00200	0.00935	0.00468	0.00273	0.00946
30	0.02373	0.03011	0.01837	0.01666	0.01985	0.71716	0.01255	0.02538	0.01797	0.01580	0.00993	0.01175	0.00833	0.00685	0.00646	0.00171	0.04238	0.00422	0.00331	0.00747
31	0.74394	0.01443	0.07712	0.00942	0.01393	0.01454	0.00856	0.01913	0.01124	0.02820	0.00924	0.01079	0.00711	0.00601	0.00420	0.00200	0.00542	0.00362	0.00388	0.00723
32	0.01126	0.00769	0.00925	0.00920	0.03942	0.00747	0.00658	0.06736	0.01740	0.02545	0.37787	0.03925	0.11517	0.01126	0.00663	0.00189	0.00357	0.00964	0.22708	0.00656
33	0.01727	0.77681	0.03386	0.01106	0.01658	0.02557	0.01106	0.01935	0.01313	0.01520	0.00898	0.01036	0.00829	0.00553	0.00415	0.00138	0.00691	0.00345	0.00276	0.00829
34	0.01340	0.01148	0.01340	0.00957	0.01531	0.00861	0.00766	0.01627	0.01340	0.02105	0.01148	0.01340	0.00957	0.00479	0.00479	0.00096	0.00479	0.00383	0.00383	0.81242
35	0.00848	0.00725	0.00737	0.00722	0.00952	0.00648	0.00545	0.01174	0.08204	0.01862	0.08138	0.05815	0.64260	0.01555	0.00753	0.00218	0.00344	0.01298	0.00609	0.00593
36	0.02289	0.02444	0.01775	0.01538	0.01919	0.43433	0.01189	0.21555	0.10520	0.02430	0.01383	0.01462	0.01069	0.00724	0.00605	0.00180	0.00933	0.00506	0.03173	0.00873
37	0.81856	0.01250	0.00950	0.00850	0.01250	0.01449	0.00700	0.01899	0.01100	0.02899	0.00900	0.01050	0.00700	0.00600	0.00400	0.00200	0.00500	0.00350	0.00400	0.00700
38	0.01572	0.04760	0.06656	0.05768	0.59787	0.01579	0.06511	0.01980	0.01457	0.02067	0.01203	0.01576	0.00997	0.00577	0.00637	0.00193	0.00799	0.00573	0.00315	0.00993
39	0.01351	0.11538	0.59273	0.01698	0.02556	0.01593	0.02111	0.01993	0.01346	0.01976	0.01120	0.01327	0.00829	0.00613	0.00626	0.00192	0.03065	0.00459	0.00281	0.06053
40	0.00810	0.00584	0.00772	0.00915	0.00972	0.00546	0.00636	0.00942	0.01272	0.01681	0.03694	0.66900	0.07573	0.01983	0.00828	0.00264	0.00393	0.08103	0.00599	0.00532
41	0.01745	0.01502	0.01865	0.06881	0.18907	0.04138	0.01351	0.10343	0.33647	0.05494	0.01917	0.01969	0.01459	0.00783	0.00731	0.00211	0.04903	0.00643	0.00525	0.00987
42	0.01377	0.00843	0.01087	0.00943	0.01232	0.00751	0.03046	0.01685	0.04659	0.18131	0.22779	0.10211	0.23771	0.01263	0.00723	0.00207	0.00417	0.01089	0.00656	0.05130
43	0.01505	0.28015	0.46386	0.01576	0.02373	0.01881	0.01895	0.05902	0.01441	0.01985	0.01095	0.01266	0.00838	0.00603	0.00549	0.00182	0.00853	0.00439	0.00295	0.00921
44	0.01380	0.12842	0.28664	0.01931	0.05397	0.01541	0.19897	0.01898	0.01427	0.01959	0.01598	0.02565	0.01428	0.00811	0.00679	0.00216	0.00876	0.13690	0.00351	0.00849
45	0.00787	0.00562	0.00750	0.00900	0.00937	0.00525	0.00600	0.00900	0.01237	0.01649	0.03561	0.76871	0.04274	0.02024	0.00825	0.00262	0.00375	0.01837	0.00600	0.00525
46	0.00780	0.00658	0.00677	0.00681	0.00894	0.00556	0.00517	0.00954	0.01486	0.01784	0.08866	0.06209	0.67851	0.01631	0.00769	0.00221	0.00337	0.03977	0.00604	0.00550
47	0.01495	0.27498	0.44234	0.01527	0.02313	0.01792	0.01826	0.02024	0.01363	0.04350	0.01121	0.01284	0.00857	0.00593	0.00542	0.00177	0.00828	0.00435	0.00298	0.05444
48	0.00829	0.00657	0.00745	0.00723	0.00913	0.00573	0.00542	0.01053	0.01626	0.02110	0.35148	0.05619	0.44170	0.01500	0.00763	0.00212	0.00318	0.01280	0.00648	0.00573
49	0.01595	0.01558	0.02531	0.10401	0.64325	0.04282	0.01938	0.01975	0.01469	0.02049	0.01201	0.01594	0.01002	0.00585	0.00638	0.00193	0.00791	0.00570	0.00317	0.00985
50	0.01661	0.01292	0.01406	0.01235	0.01612	0.01424	0.00966	0.03128	0.56021	0.09545	0.05330	0.02561	0.04647	0.00891	0.00654	0.00210	0.00499	0.00743	0.00656	0.05519

[dist]
# distance from previous block
# <min> <max>
0	1

[block]
# block no. 1 follows, 34 sequences, length 83
# corresponding to MSA columns:
# 1312-1394
name=unknown_B
#
# <colnr> <probs for GDERKNQSTAVLIFYWHMCP>
#	G	D	E	R	K	N	Q	S	T	A	V	L	I	F	Y	W	H	M	C	P
0	0.01649	0.01246	0.01760	0.01301	0.01812	0.01095	0.10092	0.01948	0.01418	0.14755	0.01387	0.01553	0.01063	0.00612	0.00718	0.00150	0.08471	0.00499	0.00439	0.48033
1	0.01077	0.01090	0.08538	0.00947	0.01257	0.00864	0.00826	0.08864	0.04747	0.02268	0.20881	0.08041	0.35451	0.01347	0.00733	0.00213	0.00439	0.01135	0.00600	0.00683
2	0.01234	0.00902	0.01082	0.00955	0.01183	0.00902	0.00737	0.16109	0.02052	0.02843	0.52816	0.06988	0.07142	0.01242	0.00740	0.00204	0.00395	0.01076	0.00689	0.00709
3	0.01571	0.01506	0.02571	0.09363	0.68088	0.01528	0.01969	0.01958	0.01458	0.02076	0.01210	0.01608	0.01011	0.00581	0.00640	0.00194	0.00775	0.00576	0.00317	0.01000
4	0.01280	0.01097	0.01268	0.00925	0.01462	0.00828	0.00737	0.01554	0.01354	0.02068	0.01712	0.01849	0.08482	0.00599	0.00508	0.00108	0.00463	0.00485	0.00405	0.72813
5	0.01669	0.01691	0.02469	0.03478	0.58024	0.09551	0.01844	0.02003	0.01460	0.01995	0.01153	0.01533	0.00984	0.00644	0.00788	0.00199	0.08680	0.00557	0.00317	0.00961
6	0.01673	0.01138	0.01374	0.00998	0.01556	0.00880	0.00805	0.01952	0.01449	0.17384	0.01447	0.01523	0.01094	0.00547	0.00515	0.00118	0.00494	0.00440	0.00472	0.64142
7	0.01340	0.01148	0.01340	0.00957	0.01531	0.00861	0.00766	0.01627	0.01340	0.02105	0.01148	0.01340	0.00957	0.00479	0.00479	0.00096	0.00479	0.00383	0.00383	0.81242
8	0.02456	0.01810	0.01939	0.01487	0.02004	0.02004	0.01228	0.71107	0.03038	0.04072	0.01551	0.01551	0.01099	0.00776	0.00646	0.00194	0.00711	0.00582	0.00646	0.01099
9	0.02851	0.01177	0.01547	0.01186	0.01688	0.01064	0.00980	0.10551	0.01979	0.66124	0.02440	0.02129	0.01545	0.00797	0.00649	0.00199	0.00567	0.00642	0.00783	0.01100
10	0.01607	0.01388	0.01461	0.01315	0.01680	0.01607	0.01023	0.03433	0.72094	0.02703	0.02630	0.02411	0.01972	0.00877	0.00657	0.00219	0.00511	0.00731	0.00657	0.01023
11	0.02456	0.01810	0.01939	0.01487	0.02004	0.02004	0.01228	0.71107	0.03038	0.04072	0.01551	0.01551	0.01099	0.00776	0.00646	0.00194	0.00711	0.00582	0.00646	0.01099
12	0.00764	0.00655	0.00655	0.00655	0.00873	0.00545	0.00491	0.00927	0.01473	0.01745	0.06546	0.06218	0.73000	0.01636	0.00764	0.00218	0.00327	0.01364	0.00600	0.00545
13	0.01340	0.01148	0.01340	0.00957	0.01531	0.00861	0.00766	0.01627	0.01340	0.02105	0.01148	0.01340	0.00957	0.00479	0.00479	0.00096	0.00479	0.00383	0.00383	0.81242
14	0.02805	0.01251	0.01593	0.01222	0.01725	0.01175	0.01009	0.17649	0.02103	0.58851	0.02336	0.02061	0.01493	0.00795	0.00649	0.00199	0.00584	0.00635	0.00767	0.01099
15	0.01067	0.00916	0.00947	0.00898	0.01165	0.00927	0.00685	0.01827	0.26850	0.02087	0.05064	0.06595	0.45773	0.01373	0.00727	0.00220	0.00395	0.01148	0.00621	0.00716
16	0.00787	0.00562	0.00750	0.00900	0.00937	0.00525	0.00600	0.00900	0.01237	0.01649	0.03561	0.76871	0.04274	0.02024	0.00825	0.00262	0.00375	0.01837	0.00600	0.00525
17	0.01560	0.01495	0.02551	0.11463	0.66074	0.01525	0.01963	0.01948	0.01453	0.02063	0.01208	0.01612	0.01007	0.00583	0.00640	0.00194	0.00777	0.00576	0.00316	0.00992
18	0.09859	0.09448	0.01415	0.01081	0.01418	0.01337	0.00880	0.08429	0.22252	0.05446	0.03066	0.08669	0.15886	0.01114	0.00657	0.00215	0.00511	0.06934	0.00573	0.00810
19	0.00876	0.00624	0.00842	0.00985	0.01057	0.00600	0.00734	0.01044	0.01305	0.01725	0.03450	0.51168	0.04011	0.05188	0.00953	0.00289	0.00457	0.23559	0.00589	0.00542
20	0.01493	0.01681	0.03617	0.10350	0.03489	0.01613	0.63695	0.02026	0.01501	0.02026	0.01291	0.01741	0.00968	0.00555	0.00750	0.00218	0.01066	0.00743	0.00323	0.00855
21	0.01727	0.77681	0.03386	0.01106	0.01658	0.02557	0.01106	0.01935	0.01313	0.01520	0.00898	0.01036	0.00829	0.00553	0.00415	0.00138	0.00691	0.00345	0.00276	0.00829
22	0.01296	0.03342	0.73944	0.01842	0.02797	0.01501	0.02387	0.02046	0.01364	0.02046	0.01160	0.01364	0.00818	0.00614	0.00614	0.00205	0.00955	0.00477	0.00273	0.00955
23	0.01080	0.00589	0.00884	0.00884	0.00908	0.00614	0.00614	0.00908	0.00884	0.01203	0.01252	0.02087	0.01228	0.02800	0.17932	0.64096	0.00811	0.00589	0.00295	0.00344
24	0.01727	0.77681	0.03386	0.01106	0.01658	0.02557	0.01106	0.01935	0.01313	0.01520	0.00898	0.01036	0.00829	0.00553	0.00415	0.00138	0.00691	0.00345	0.00276	0.00829
25	0.02758	0.01131	0.01495	0.01168	0.01653	0.01021	0.00958	0.03180	0.09501	0.65975	0.02558	0.02222	0.01640	0.00808	0.00651	0.00202	0.00546	0.00659	0.00784	0.01091
26	0.01102	0.00721	0.01014	0.00954	0.01129	0.00660	0.03667	0.01345	0.01616	0.09667	0.38073	0.27890	0.06683	0.01471	0.00771	0.00223	0.00388	0.01320	0.00665	0.00643
27	0.01041	0.00744	0.01041	0.01190	0.01339	0.00744	0.01041	0.01339	0.01487	0.01934	0.03421	0.07288	0.03719	0.01785	0.00892	0.00297	0.00595	0.68913	0.00595	0.00595
28	0.00785	0.00569	0.00743	0.00881	0.00932	0.00526	0.00592	0.00902	0.01255	0.01657	0.03785	0.71582	0.09418	0.01995	0.00820	0.00259	0.00371	0.01801	0.00600	0.00526
29	0.01604	0.01607	0.02022	0.01697	0.01843	0.09792	0.06346	0.08939	0.01337	0.01854	0.01036	0.01507	0.00938	0.01273	0.07020	0.00311	0.49211	0.00574	0.00334	0.00755
30	0.02290	0.01643	0.01786	0.01406	0.01883	0.01806	0.01149	0.52632	0.13664	0.08834	0.04865	0.01873	0.01486	0.00817	0.00653	0.00199	0.00651	0.00635	0.00662	0.01066
31	0.00940	0.00626	0.00705	0.00705	0.00705	0.00626	0.00392	0.00940	0.00940	0.01253	0.02036	0.04228	0.02349	0.77292	0.03289	0.00626	0.00626	0.00940	0.00392	0.00392
32	0.01788	0.01478	0.01563	0.01352	0.01749	0.01692	0.01067	0.17873	0.57360	0.02995	0.02400	0.02227	0.01786	0.00855	0.00655	0.00214	0.00554	0.00699	0.00655	0.01039
33	0.01195	0.01210	0.02425	0.01891	0.02269	0.01133	0.38952	0.01552	0.01420	0.01919	0.05319	0.32791	0.02556	0.01187	0.00788	0.00236	0.00762	0.01222	0.00456	0.00718
34	0.01261	0.01191	0.02013	0.67922	0.11945	0.01446	0.01815	0.01687	0.01312	0.01701	0.01156	0.01709	0.00879	0.00638	0.00645	0.00213	0.00851	0.00574	0.00291	0.00751
35	0.01533	0.01721	0.03688	0.02853	0.10676	0.01624	0.63715	0.02061	0.01519	0.02074	0.01298	0.01728	0.00985	0.00548	0.00750	0.00215	0.01056	0.00743	0.00326	0.00887
36	0.01501	0.01673	0.03421	0.02504	0.03018	0.01708	0.56085	0.01960	0.01411	0.01960	0.01209	0.01673	0.00952	0.00670	0.01052	0.00232	0.17097	0.00720	0.00317	0.00836
37	0.00787	0.00562	0.00750	0.00900	0.00937	0.00525	0.00600	0.00900	0.01237	0.01649	0.03561	0.76871	0.04274	0.02024	0.00825	0.00262	0.00375	0.01837	0.00600	0.00525
38	0.01525	0.01743	0.03813	0.02723	0.03377	0.01634	0.70915	0.02070	0.01525	0.02070	0.01307	0.01743	0.00980	0.00545	0.00763	0.00218	0.01089	0.00763	0.00327	0.00871
39	0.01532	0.01309	0.01396	0.01260	0.01602	0.01498	0.00978	0.03192	0.64441	0.02691	0.10286	0.02674	0.02422	0.00925	0.00669	0.00217	0.00489	0.00778	0.00663	0.00978
40	0.02397	0.01174	0.01448	0.01181	0.01621	0.01153	0.00952	0.03173	0.25149	0.47064	0.02557	0.02278	0.01726	0.00823	0.00644	0.00204	0.00526	0.00675	0.04201	0.01053
41	0.01240	0.01176	0.01942	0.68006	0.04163	0.01492	0.01755	0.01641	0.01260	0.01641	0.01117	0.01690	0.00860	0.00697	0.00800	0.00222	0.08721	0.00573	0.00287	0.00717
42	0.01648	0.09682	0.03564	0.02420	0.03048	0.01771	0.56033	0.09575	0.01668	0.02230	0.01291	0.01648	0.00977	0.00571	0.00714	0.00207	0.01007	0.00699	0.00356	0.00892
43	0.01296	0.03342	0.73944	0.01842	0.02797	0.01501	0.02387	0.02046	0.01364	0.02046	0.01160	0.01364	0.00818	0.00614	0.00614	0.00205	0.00955	0.00477	0.00273	0.00955
44	0.00787	0.00562	0.00750	0.00900	0.00937	0.00525	0.00600	0.00900	0.01237	0.01649	0.03561	0.76871	0.04274	0.02024	0.00825	0.00262	0.00375	0.01837	0.00600	0.00525
45	0.02456	0.01810	0.01939	0.01487	0.02004	0.02004	0.01228	0.71107	0.03038	0.04072	0.01551	0.01551	0.01099	0.00776	0.00646	0.00194	0.00711	0.00582	0.00646	0.01099
46	0.01414	0.01414	0.01979	0.01696	0.01696	0.01979	0.01414	0.01555	0.00990	0.01555	0.00848	0.01414	0.00848	0.01131	0.02120	0.00283	0.76110	0.00565	0.00283	0.00707
47	0.19717	0.01179	0.01411	0.01108	0.01588	0.01126	0.00915	0.07378	0.01768	0.53993	0.02131	0.01911	0.01374	0.00755	0.00596	0.00200	0.00550	0.00581	0.00704	0.01014
48	0.00787	0.00562	0.00750	0.00900	0.00937	0.00525	0.00600	0.00900	0.01237	0.01649	0.03561	0.76871	0.04274	0.02024	0.00825	0.00262	0.00375	0.01837	0.00600	0.00525
49	0.00923	0.00692	0.01038	0.01038	0.01154	0.00808	0.00808	0.01154	0.01038	0.01500	0.01731	0.02538	0.01615	0.04846	0.74732	0.01038	0.01731	0.00692	0.00346	0.00577
50	0.01525	0.01743	0.03813	0.02723	0.03377	0.01634	0.70915	0.02070	0.01525	0.02070	0.01307	0.01743	0.00980	0.00545	0.00763	0.00218	0.01089	0.00763	0.00327	0.00871
51	0.01414	0.01414	0.01979	0.01696	0.01696	0.01979	0.01414	0.01555	0.00990	0.01555	0.00848	0.01414	0.00848	0.01131	0.02120	0.00283	0.76110	0.00565	0.00283	0.00707
52	0.01727	0.77681	0.03386	0.01106	0.01658	0.02557	0.01106	0.01935	0.01313	0.01520	0.00898	0.01036	0.00829	0.00553	0.00415	0.00138	0.00691	0.00345	0.00276	0.00829
53	0.02853	0.01174	0.01545	0.01185	0.01686	0.01060	0.00979	0.10247	0.01974	0.66436	0.02445	0.02132	0.01547	0.00797	0.00649	0.00199	0.00567	0.00643	0.00784	0.01100
54	0.02899	0.01100	0.01499	0.01150	0.01649	0.00950	0.00950	0.03149	0.01849	0.73709	0.02549	0.02199	0.01599	0.00800	0.00650	0.00200	0.00550	0.00650	0.00800	0.01100
55	0.01204	0.00602	0.00602	0.00602	0.00753	0.00602	0.00452	0.01506	0.01355	0.02409	0.02108	0.02409	0.01656	0.00753	0.00452	0.00151	0.00301	0.00602	0.80879	0.00602
56	0.01220	0.01148	0.01938	0.75739	0.04450	0.01436	0.01794	0.01651	0.01292	0.01651	0.01148	0.01723	0.00861	0.00646	0.00646	0.00215	0.00861	0.00574	0.00287	0.00718
57	0.01081	0.00852	0.01134	0.01223	0.08935	0.00843	0.00814	0.01596	0.11093	0.02554	0.55805	0.04155	0.04998	0.01181	0.00735	0.00204	0.00383	0.01046	0.00662	0.00709
58	0.00780	0.00655	0.00677	0.00672	0.00883	0.00552	0.00504	0.00959	0.01512	0.01838	0.13775	0.06067	0.65712	0.01602	0.00763	0.00217	0.00325	0.01342	0.00612	0.00552
59	0.08572	0.01147	0.01482	0.01145	0.01639	0.01040	0.00946	0.06547	0.01856	0.65026	0.02379	0.02083	0.01509	0.00784	0.00632	0.00200	0.00554	0.00625	0.00763	0.01071
60	0.01261	0.01191	0.02013	0.67922	0.11945	0.01446	0.01815	0.01687	0.01312	0.01701	0.01156	0.01709	0.00879	0.00638	0.00645	0.00213	0.00851	0.00574	0.00291	0.00751
61	0.00787	0.00562	0.00750	0.00900	0.00937	0.00525	0.00600	0.00900	0.01237	0.01649	0.03561	0.76871	0.04274	0.02024	0.00825	0.00262	0.00375	0.01837	0.00600	0.00525
62	0.02098	0.01938	0.01747	0.01543	0.03823	0.23677	0.03417	0.11759	0.30100	0.10237	0.01908	0.01857	0.01417	0.00773	0.00636	0.00197	0.00765	0.00604	0.00553	0.00953
63	0.01599	0.01535	0.02623	0.03966	0.73262	0.01535	0.01983	0.01983	0.01471	0.02111	0.01215	0.01599	0.01023	0.00576	0.00640	0.00192	0.00768	0.00576	0.00320	0.01023
64	0.01296	0.03342	0.73944	0.01842	0.02797	0.01501	0.02387	0.02046	0.01364	0.02046	0.01160	0.01364	0.00818	0.00614	0.00614	0.00205	0.00955	0.00477	0.00273	0.00955
65	0.01172	0.00713	0.00941	0.00864	0.01055	0.00649	0.00655	0.01456	0.01790	0.12074	0.58592	0.09543	0.05364	0.01300	0.00751	0.00207	0.00343	0.01146	0.00715	0.00669
66	0.02063	0.01325	0.01509	0.01279	0.01694	0.01424	0.01023	0.10349	0.41585	0.24041	0.02519	0.02417	0.01827	0.00873	0.00662	0.00213	0.00546	0.02916	0.00697	0.01040
67	0.02899	0.01100	0.01499	0.01150	0.01649	0.00950	0.00950	0.03149	0.01849	0.73709	0.02549	0.02199	0.01599	0.00800	0.00650	0.00200	0.00550	0.00650	0.00800	0.01100
68	0.02899	0.01100	0.01499	0.01150	0.01649	0.00950	0.00950	0.03149	0.01849	0.73709	0.02549	0.02199	0.01599	0.00800	0.00650	0.00200	0.00550	0.00650	0.00800	0.01100
69	0.01261	0.01191	0.02013	0.67922	0.11945	0.01446	0.01815	0.01687	0.01312	0.01701	0.01156	0.01709	0.00879	0.00638	0.00645	0.00213	0.00851	0.00574	0.00291	0.00751
70	0.01296	0.03342	0.73944	0.01842	0.02797	0.01501	0.02387	0.02046	0.01364	0.02046	0.01160	0.01364	0.00818	0.00614	0.00614	0.00205	0.00955	0.00477	0.00273	0.00955
71	0.02899	0.01100	0.01499	0.01150	0.01649	0.00950	0.00950	0.03149	0.01849	0.73709	0.02549	0.02199	0.01599	0.00800	0.00650	0.00200	0.00550	0.00650	0.00800	0.01100
72	0.00787	0.00562	0.00750	0.00900	0.00937	0.00525	0.00600	0.00900	0.01237	0.01649	0.03561	0.76871	0.04274	0.02024	0.00825	0.00262	0.00375	0.01837	0.00600	0.00525
73	0.02899	0.01100	0.01499	0.01150	0.01649	0.00950	0.00950	0.03149	0.01849	0.73709	0.02549	0.02199	0.01599	0.00800	0.00650	0.00200	0.00550	0.00650	0.00800	0.01100
74	0.01432	0.01212	0.01309	0.01226	0.01522	0.01376	0.00932	0.02893	0.56975	0.02478	0.02829	0.18298	0.02463	0.01121	0.00693	0.00228	0.00482	0.00967	0.00645	0.00916
75	0.00787	0.00562	0.00750	0.00900	0.00937	0.00525	0.00600	0.00900	0.01237	0.01649	0.03561	0.76871	0.04274	0.02024	0.00825	0.00262	0.00375	0.01837	0.00600	0.00525
76	0.01599	0.01535	0.02623	0.03966	0.73262	0.01535	0.01983	0.01983	0.01471	0.02111	0.01215	0.01599	0.01023	0.00576	0.00640	0.00192	0.00768	0.00576	0.00320	0.01023
77	0.01340	0.01148	0.01340	0.00957	0.01531	0.00861	0.00766	0.01627	0.01340	0.02105	0.01148	0.01340	0.00957	0.00479	0.00479	0.00096	0.00479	0.00383	0.00383	0.81242
78	0.01579	0.01718	0.03722	0.02662	0.03309	0.01607	0.68181	0.02112	0.01538	0.04869	0.01356	0.01761	0.01005	0.00555	0.00758	0.00217	0.01068	0.00758	0.00345	0.00880
79	0.05448	0.01033	0.01318	0.01062	0.01480	0.00939	0.00860	0.02679	0.07060	0.50341	0.10573	0.02876	0.09540	0.00942	0.00665	0.00204	0.00495	0.00775	0.00743	0.00967
80	0.78694	0.01227	0.00946	0.00848	0.01238	0.01417	0.00696	0.01873	0.01128	0.02887	0.03714	0.01197	0.00911	0.00628	0.00414	0.00200	0.00492	0.00382	0.00412	0.00696
81	0.01073	0.00860	0.00925	0.00895	0.01148	0.00845	0.00695	0.01671	0.19309	0.04351	0.05054	0.06968	0.44414	0.01441	0.00747	0.00227	0.00408	0.07658	0.00621	0.00688
82	0.07353	0.01129	0.01332	0.01114	0.01488	0.01140	0.00896	0.11347	0.14163	0.27204	0.18625	0.02939	0.04313	0.00968	0.00670	0.00207	0.00501	0.02999	0.00697	0.00917

[dist]
# distance from previous block
# <min> <max>
10	30

[block]
# block no. 2 follows, 34 sequences, length 189
# corresponding to MSA columns:
# 1425-1613
name=unknown_C
#
# <colnr> <probs for GDERKNQSTAVLIFYWHMCP>
#	G	D	E	R	K	N	Q	S	T	A	V	L	I	F	Y	W	H	M	C	P
0	0.02285	0.01666	0.01544	0.01321	0.01711	0.20447	0.01049	0.07890	0.12940	0.29022	0.05973	0.02447	0.01827	0.00879	0.00658	0.00201	0.00707	0.05880	0.00623	0.00930
1	0.04583	0.01670	0.03371	0.02450	0.03016	0.01652	0.56253	0.04389	0.01516	0.04599	0.01295	0.01692	0.00982	0.00625	0.00883	0.00223	0.08870	0.00717	0.00352	0.00863
2	0.06910	0.01196	0.01403	0.01018	0.01580	0.00965	0.02705	0.04244	0.01392	0.02232	0.01151	0.01339	0.00945	0.00500	0.00487	0.00110	0.00505	0.00398	0.00392	0.70527
3	0.01556	0.07341	0.01414	0.01136	0.01465	0.01236	0.00933	0.05093	0.26223	0.11928	0.07897	0.03851	0.11857	0.01143	0.00703	0.00223	0.00517	0.14010	0.00629	0.00846
4	0.04404	0.03110	0.66258	0.01757	0.02660	0.01461	0.02226	0.02116	0.01388	0.06994	0.01245	0.01410	0.00868	0.00626	0.00608	0.00204	0.00910	0.00485	0.00314	0.00955
5	0.01618	0.01676	0.03562	0.02550	0.03190	0.01559	0.63505	0.02132	0.01542	0.07222	0.01391	0.01762	0.01024	0.00561	0.00745	0.00212	0.01030	0.00742	0.00363	0.03614
6	0.02611	0.01068	0.01417	0.01115	0.01568	0.00955	0.00911	0.02968	0.06350	0.61376	0.07364	0.02402	0.01934	0.00839	0.00650	0.00199	0.00520	0.00689	0.04023	0.01041
7	0.81856	0.01250	0.00950	0.00850	0.01250	0.01449	0.00700	0.01899	0.01100	0.02899	0.00900	0.01050	0.00700	0.00600	0.00400	0.00200	0.00500	0.00350	0.00400	0.00700
8	0.00952	0.00711	0.00920	0.01026	0.01190	0.00679	0.00867	0.01204	0.01473	0.01869	0.04314	0.09798	0.23419	0.01752	0.00853	0.00274	0.00510	0.47014	0.00597	0.00578
9	0.02051	0.01609	0.01711	0.01405	0.01849	0.01815	0.01130	0.38832	0.35972	0.03419	0.02066	0.01961	0.01515	0.00824	0.00652	0.00206	0.00616	0.00653	0.00652	0.01063
10	0.02051	0.09965	0.17261	0.01282	0.01874	0.01279	0.01260	0.02539	0.07332	0.32657	0.01914	0.01954	0.01357	0.00727	0.00601	0.00185	0.00641	0.02700	0.00555	0.11866
11	0.01475	0.34210	0.44647	0.01536	0.02324	0.01939	0.01855	0.02000	0.01343	0.01828	0.01051	0.01228	0.00823	0.00589	0.00531	0.00177	0.00845	0.00423	0.00274	0.00903
12	0.00909	0.00660	0.00856	0.00807	0.00962	0.00607	0.00605	0.01209	0.01816	0.02560	0.70469	0.04878	0.08568	0.01333	0.00762	0.00204	0.00306	0.01176	0.00707	0.00607
13	0.00780	0.00655	0.00677	0.00671	0.00883	0.00552	0.00503	0.00958	0.01510	0.01835	0.13569	0.06071	0.65920	0.01603	0.00763	0.00217	0.00325	0.01343	0.00612	0.00552
14	0.01614	0.01898	0.11128	0.02486	0.03157	0.01623	0.56175	0.07068	0.01628	0.04641	0.01351	0.01704	0.00993	0.00577	0.00734	0.00214	0.01029	0.00715	0.00360	0.00905
15	0.01538	0.01472	0.02500	0.11476	0.64122	0.01499	0.01925	0.01921	0.01452	0.02053	0.01345	0.01731	0.02854	0.00610	0.00644	0.00195	0.00766	0.00596	0.00324	0.00979
16	0.00787	0.00562	0.00750	0.00900	0.00937	0.00525	0.00600	0.00900	0.01237	0.01649	0.03561	0.76871	0.04274	0.02024	0.00825	0.00262	0.00375	0.01837	0.00600	0.00525
17	0.01492	0.01685	0.03629	0.02616	0.03223	0.01601	0.65790	0.02006	0.01496	0.02036	0.01382	0.04741	0.01108	0.00623	0.00810	0.00222	0.03553	0.00799	0.00336	0.00852
18	0.01582	0.52666	0.27129	0.01353	0.02041	0.02201	0.01537	0.01972	0.01330	0.01697	0.00986	0.01147	0.00826	0.00573	0.00482	0.00161	0.00780	0.00390	0.00275	0.00871
19	0.01496	0.01425	0.02395	0.23435	0.51971	0.01511	0.01898	0.01944	0.03923	0.02006	0.01247	0.01662	0.01013	0.00606	0.00642	0.00199	0.00784	0.00581	0.00323	0.00940
20	0.02899	0.01100	0.01499	0.01150	0.01649	0.00950	0.00950	0.03149	0.01849	0.73709	0.02549	0.02199	0.01599	0.00800	0.00650	0.00200	0.00550	0.00650	0.00800	0.01100
21	0.01579	0.01364	0.01434	0.01293	0.01653	0.01572	0.01005	0.03350	0.69748	0.02671	0.02760	0.02537	0.04332	0.00902	0.00661	0.00219	0.00505	0.00752	0.00656	0.01007
22	0.01120	0.00707	0.00925	0.00844	0.01035	0.00644	0.00642	0.01416	0.01822	0.10094	0.63697	0.04586	0.07412	0.01274	0.00750	0.00203	0.00331	0.01119	0.00718	0.00660
23	0.00787	0.00562	0.00750	0.00900	0.00937	0.00525	0.00600	0.00900	0.01237	0.01649	0.03561	0.76871	0.04274	0.02024	0.00825	0.00262	0.00375	0.01837	0.00600	0.00525
24	0.01607	0.01388	0.01461	0.01315	0.01680	0.01607	0.01023	0.03433	0.72094	0.02703	0.02630	0.02411	0.01972	0.00877	0.00657	0.00219	0.00511	0.00731	0.00657	0.01023
25	0.01525	0.01743	0.03813	0.02723	0.03377	0.01634	0.70915	0.02070	0.01525	0.02070	0.01307	0.01743	0.00980	0.00545	0.00763	0.00218	0.01089	0.00763	0.00327	0.00871
26	0.01296	0.03342	0.73944	0.01842	0.02797	0.01501	0.02387	0.02046	0.01364	0.02046	0.01160	0.01364	0.00818	0.00614	0.00614	0.00205	0.00955	0.00477	0.00273	0.00955
27	0.01220	0.01148	0.01938	0.75739	0.04450	0.01436	0.01794	0.01651	0.01292	0.01651	0.01148	0.01723	0.00861	0.00646	0.00646	0.00215	0.00861	0.00574	0.00287	0.00718
28	0.01599	0.01535	0.02623	0.03966	0.73262	0.01535	0.01983	0.01983	0.01471	0.02111	0.01215	0.01599	0.01023	0.00576	0.00640	0.00192	0.00768	0.00576	0.00320	0.01023
29	0.01482	0.01416	0.02412	0.26070	0.52070	0.01505	0.01925	0.01881	0.01416	0.01969	0.01195	0.01637	0.00974	0.00597	0.00642	0.00199	0.00796	0.00575	0.00310	0.00929
30	0.01267	0.01196	0.02022	0.66907	0.12918	0.01448	0.01818	0.01692	0.01314	0.01707	0.01157	0.01707	0.00881	0.00637	0.00645	0.00212	0.00850	0.00574	0.00291	0.00755
31	0.78645	0.01272	0.00990	0.00875	0.01280	0.01472	0.00721	0.04698	0.01178	0.02946	0.00926	0.01070	0.00716	0.00607	0.00410	0.00200	0.00508	0.00359	0.00410	0.00716
32	0.01251	0.01180	0.01994	0.69895	0.10053	0.01444	0.01810	0.01678	0.01307	0.01688	0.01154	0.01713	0.00875	0.00640	0.00645	0.00213	0.00854	0.00574	0.00290	0.00743
33	0.01789	0.01464	0.01555	0.01343	0.01734	0.01667	0.01059	0.20169	0.52416	0.03006	0.02395	0.04834	0.01837	0.00892	0.00661	0.00214	0.00556	0.00733	0.00653	0.01024
34	0.00891	0.00656	0.00834	0.00797	0.00953	0.00599	0.00595	0.01172	0.01763	0.02453	0.62221	0.07678	0.14212	0.01386	0.00765	0.00207	0.00310	0.01217	0.00694	0.00599
35	0.01340	0.01148	0.01340	0.00957	0.01531	0.00861	0.00766	0.01627	0.01340	0.02105	0.01148	0.01340	0.00957	0.00479	0.00479	0.00096	0.00479	0.00383	0.00383	0.81242
36	0.01296	0.03342	0.73944	0.01842	0.02797	0.01501	0.02387	0.02046	0.01364	0.02046	0.01160	0.01364	0.00818	0.00614	0.00614	0.00205	0.00955	0.00477	0.00273	0.00955
37	0.10065	0.45135	0.26342	0.01321	0.01990	0.02092	0.01484	0.01968	0.01307	0.01839	0.00984	0.01146	0.00812	0.00578	0.00479	0.00167	0.00758	0.00389	0.00288	0.00857
38	0.00792	0.00566	0.00754	0.00896	0.00938	0.00528	0.00600	0.00913	0.01261	0.01688	0.06366	0.73957	0.04347	0.01996	0.00822	0.00260	0.00372	0.01810	0.00604	0.00528
39	0.01141	0.00807	0.00993	0.00949	0.01142	0.00792	0.00725	0.07322	0.05979	0.05269	0.35393	0.18584	0.09955	0.01426	0.00764	0.00224	0.00401	0.06794	0.00666	0.00673
40	0.06961	0.01416	0.01540	0.01235	0.01706	0.01469	0.00997	0.24066	0.21657	0.07545	0.01820	0.01891	0.01379	0.00744	0.00598	0.00179	0.00570	0.02267	0.00576	0.21386
41	0.01747	0.01479	0.02703	0.01984	0.02519	0.01412	0.37044	0.04062	0.03366	0.14987	0.03565	0.01841	0.01253	0.00667	0.00810	0.00202	0.07101	0.00679	0.00444	0.12137
42	0.01504	0.39190	0.39919	0.01487	0.02248	0.02010	0.01769	0.01992	0.01339	0.01793	0.01034	0.01206	0.00824	0.00584	0.00518	0.00173	0.00828	0.00414	0.00275	0.00894
43	0.01879	0.03843	0.02531	0.02125	0.11096	0.03486	0.22123	0.22254	0.13792	0.04767	0.01587	0.01748	0.01191	0.00705	0.00733	0.00207	0.03823	0.00651	0.00484	0.00977
44	0.00781	0.00634	0.00693	0.00723	0.00895	0.00546	0.00525	0.00944	0.01447	0.01789	0.11035	0.22295	0.52041	0.01701	0.00778	0.00227	0.00336	0.01457	0.00609	0.00546
45	0.01321	0.01251	0.02120	0.56620	0.22780	0.01462	0.01845	0.01739	0.01340	0.01773	0.01166	0.01690	0.00905	0.00627	0.00644	0.00209	0.00836	0.00575	0.00296	0.00799
46	0.17110	0.01817	0.01603	0.01333	0.01766	0.17498	0.01065	0.24218	0.10811	0.14169	0.01603	0.01584	0.01155	0.00736	0.00589	0.00193	0.00720	0.00532	0.00558	0.00940
47	0.00938	0.00634	0.00742	0.00742	0.00754	0.00646	0.00438	0.00963	0.00951	0.01280	0.02002	0.04041	0.02268	0.69270	0.11200	0.00672	0.00749	0.00912	0.00386	0.00412
48	0.01215	0.01172	0.02113	0.10529	0.11060	0.01212	0.20967	0.01535	0.01358	0.01857	0.04505	0.26429	0.02277	0.01153	0.00882	0.00236	0.07638	0.02707	0.00426	0.00729
49	0.01640	0.01457	0.01476	0.01329	0.01693	0.04603	0.01032	0.03398	0.69215	0.02657	0.02563	0.02360	0.01926	0.00868	0.00654	0.00217	0.00538	0.00718	0.00644	0.01012
50	0.00834	0.00613	0.00785	0.00872	0.00958	0.00574	0.00604	0.01038	0.03280	0.01887	0.18583	0.53659	0.10287	0.01811	0.00802	0.00245	0.00360	0.01625	0.00625	0.00558
51	0.02869	0.01148	0.01530	0.01173	0.01674	0.01022	0.00969	0.07820	0.01931	0.68923	0.02481	0.02155	0.01565	0.00798	0.00650	0.00200	0.00561	0.00645	0.00789	0.01100
52	0.02456	0.01810	0.01939	0.01487	0.02004	0.02004	0.01228	0.71107	0.03038	0.04072	0.01551	0.01551	0.01099	0.00776	0.00646	0.00194	0.00711	0.00582	0.00646	0.01099
53	0.01389	0.01380	0.01939	0.03704	0.01748	0.01918	0.01398	0.01537	0.01006	0.01561	0.00942	0.03799	0.00956	0.01146	0.02039	0.00280	0.71658	0.00606	0.00293	0.00701
54	0.01348	0.01156	0.01344	0.00968	0.01536	0.00885	0.00774	0.01684	0.03568	0.02124	0.01195	0.01374	0.00989	0.00491	0.00484	0.00100	0.00480	0.00394	0.00391	0.78716
55	0.81856	0.01250	0.00950	0.00850	0.01250	0.01449	0.00700	0.01899	0.01100	0.02899	0.00900	0.01050	0.00700	0.00600	0.00400	0.00200	0.00500	0.00350	0.00400	0.00700
56	0.00787	0.00562	0.00750	0.00900	0.00937	0.00525	0.00600	0.00900	0.01237	0.01649	0.03561	0.76871	0.04274	0.02024	0.00825	0.00262	0.00375	0.01837	0.00600	0.00525
57	0.01414	0.01414	0.01979	0.01696	0.01696	0.01979	0.01414	0.01555	0.00990	0.01555	0.00848	0.01414	0.00848	0.01131	0.02120	0.00283	0.76110	0.00565	0.00283	0.00707
58	0.02456	0.01810	0.01939	0.01487	0.02004	0.02004	0.01228	0.71107	0.03038	0.04072	0.01551	0.01551	0.01099	0.00776	0.00646	0.00194	0.00711	0.00582	0.00646	0.01099
59	0.02899	0.01100	0.01499	0.01150	0.01649	0.00950	0.00950	0.03149	0.01849	0.73709	0.02549	0.02199	0.01599	0.00800	0.00650	0.00200	0.00550	0.00650	0.00800	0.01100
60	0.02456	0.01810	0.01939	0.01487	0.02004	0.02004	0.01228	0.71107	0.03038	0.04072	0.01551	0.01551	0.01099	0.00776	0.00646	0.00194	0.00711	0.00582	0.00646	0.01099
61	0.00957	0.00678	0.00827	0.00779	0.00967	0.00605	0.00588	0.01215	0.01719	0.05525	0.49154	0.05140	0.26662	0.01395	0.00758	0.00208	0.00323	0.01206	0.00681	0.00612
62	0.01340	0.01148	0.01340	0.00957	0.01531	0.00861	0.00766	0.01627	0.01340	0.02105	0.01148	0.01340	0.00957	0.00479	0.00479	0.00096	0.00479	0.00383	0.00383	0.81242
63	0.81856	0.01250	0.00950	0.00850	0.01250	0.01449	0.00700	0.01899	0.01100	0.02899	0.00900	0.01050	0.00700	0.00600	0.00400	0.00200	0.00500	0.00350	0.00400	0.00700
64	0.00764	0.00655	0.00655	0.00655	0.00873	0.00545	0.00491	0.00927	0.01473	0.01745	0.06546	0.06218	0.73000	0.01636	0.00764	0.00218	0.00327	0.01364	0.00600	0.00545
65	0.00787	0.00562	0.00750	0.00900	0.00937	0.00525	0.00600	0.00900	0.01237	0.01649	0.03561	0.76871	0.04274	0.02024	0.00825	0.00262	0.00375	0.01837	0.00600	0.00525
66	0.02778	0.01294	0.01620	0.01242	0.01746	0.01238	0.01026	0.21733	0.02174	0.54666	0.02276	0.02022	0.01463	0.00793	0.00649	0.00198	0.00594	0.00631	0.00758	0.01099
67	0.00787	0.00562	0.00750	0.00900	0.00937	0.00525	0.00600	0.00900	0.01237	0.01649	0.03561	0.76871	0.04274	0.02024	0.00825	0.00262	0.00375	0.01837	0.00600	0.00525
68	0.01727	0.77681	0.03386	0.01106	0.01658	0.02557	0.01106	0.01935	0.01313	0.01520	0.00898	0.01036	0.00829	0.00553	0.00415	0.00138	0.00691	0.00345	0.00276	0.00829
69	0.00779	0.00655	0.00676	0.00670	0.00882	0.00552	0.00503	0.00957	0.01509	0.01831	0.13225	0.06078	0.66267	0.01605	0.00763	0.00217	0.00325	0.01344	0.00611	0.00552
70	0.01801	0.01969	0.01929	0.01672	0.01813	0.25040	0.01349	0.06593	0.01395	0.01734	0.00944	0.01344	0.00860	0.00959	0.01533	0.00240	0.47236	0.00519	0.00323	0.00747
71	0.18293	0.01611	0.01759	0.01385	0.01827	0.04659	0.04661	0.33885	0.02082	0.05134	0.01293	0.01425	0.00973	0.00732	0.00743	0.00195	0.08894	0.00516	0.00504	0.09430
72	0.05837	0.01391	0.01645	0.01274	0.01771	0.01403	0.01050	0.29320	0.05157	0.41106	0.02102	0.01912	0.01386	0.00786	0.00639	0.00198	0.00608	0.00615	0.00719	0.01080
73	0.01727	0.77681	0.03386	0.01106	0.01658	0.02557	0.01106	0.01935	0.01313	0.01520	0.00898	0.01036	0.00829	0.00553	0.00415	0.00138	0.00691	0.00345	0.00276	0.00829
74	0.01617	0.01510	0.01824	0.01552	0.01850	0.04718	0.06879	0.05505	0.42042	0.02359	0.01945	0.02009	0.01515	0.00903	0.01046	0.00233	0.20385	0.00671	0.00518	0.00919
75	0.02456	0.01810	0.01939	0.01487	0.02004	0.02004	0.01228	0.71107	0.03038	0.04072	0.01551	0.01551	0.01099	0.00776	0.00646	0.00194	0.00711	0.00582	0.00646	0.01099
76	0.01586	0.01522	0.02599	0.06455	0.70875	0.01532	0.01976	0.01971	0.01465	0.02095	0.01213	0.01603	0.01018	0.00578	0.00640	0.00193	0.00771	0.00576	0.00319	0.01013
77	0.00776	0.00648	0.00676	0.00683	0.00884	0.00548	0.00507	0.00945	0.01480	0.01797	0.10876	0.11149	0.63532	0.01642	0.00768	0.00220	0.00329	0.01384	0.00608	0.00548
78	0.00792	0.00570	0.00751	0.00887	0.00936	0.00529	0.00596	0.00915	0.01272	0.01695	0.06789	0.71023	0.06894	0.01978	0.00820	0.00258	0.00370	0.01789	0.00605	0.00529
79	0.01607	0.01388	0.01461	0.01315	0.01680	0.01607	0.01023	0.03433	0.72094	0.02703	0.02630	0.02411	0.01972	0.00877	0.00657	0.00219	0.00511	0.00731	0.00657	0.01023
80	0.81856	0.01250	0.00950	0.00850	0.01250	0.01449	0.00700	0.01899	0.01100	0.02899	0.00900	0.01050	0.00700	0.00600	0.00400	0.00200	0.00500	0.00350	0.00400	0.00700
81	0.81856	0.01250	0.00950	0.00850	0.01250	0.01449	0.00700	0.01899	0.01100	0.02899	0.00900	0.01050	0.00700	0.00600	0.00400	0.00200	0.00500	0.00350	0.00400	0.00700
82	0.02581	0.02397	0.01717	0.01487	0.01878	0.49279	0.01145	0.02776	0.01837	0.26442	0.01533	0.01522	0.01097	0.00712	0.00606	0.00178	0.00953	0.00497	0.00494	0.00870
83	0.01727	0.77681	0.03386	0.01106	0.01658	0.02557	0.01106	0.01935	0.01313	0.01520	0.00898	0.01036	0.00829	0.00553	0.00415	0.00138	0.00691	0.00345	0.00276	0.00829
84	0.01466	0.01399	0.02382	0.29166	0.49101	0.01500	0.01917	0.01866	0.01408	0.01949	0.01192	0.01643	0.00967	0.00600	0.00642	0.00200	0.00801	0.00575	0.00308	0.00916
85	0.02298	0.02872	0.01738	0.01584	0.01901	0.68401	0.01188	0.02476	0.01812	0.01660	0.04276	0.01380	0.01102	0.00699	0.00585	0.00167	0.01092	0.00457	0.03576	0.00737
86	0.02899	0.01100	0.01499	0.01150	0.01649	0.00950	0.00950	0.03149	0.01849	0.73709	0.02549	0.02199	0.01599	0.00800	0.00650	0.00200	0.00550	0.00650	0.00800	0.01100
87	0.01737	0.01359	0.01465	0.01298	0.01677	0.01541	0.01015	0.03405	0.65022	0.09852	0.02622	0.02389	0.01935	0.00869	0.00657	0.00217	0.00515	0.00722	0.00672	0.01030
88	0.00908	0.00660	0.00855	0.00806	0.00962	0.00607	0.00605	0.01207	0.01814	0.02556	0.70200	0.04884	0.08839	0.01334	0.00762	0.00204	0.00306	0.01177	0.00707	0.00607
89	0.00940	0.00626	0.00705	0.00705	0.00705	0.00626	0.00392	0.00940	0.00940	0.01253	0.02036	0.04228	0.02349	0.77292	0.03289	0.00626	0.00626	0.00940	0.00392	0.00392
90	0.02414	0.03079	0.01831	0.01665	0.01998	0.74698	0.01248	0.02580	0.01831	0.01581	0.00999	0.01165	0.00832	0.00666	0.00583	0.00166	0.01165	0.00416	0.00333	0.00749
91	0.01599	0.01535	0.02623	0.03966	0.73262	0.01535	0.01983	0.01983	0.01471	0.02111	0.01215	0.01599	0.01023	0.00576	0.00640	0.00192	0.00768	0.00576	0.00320	0.01023
92	0.01727	0.77681	0.03386	0.01106	0.01658	0.02557	0.01106	0.01935	0.01313	0.01520	0.00898	0.01036	0.00829	0.00553	0.00415	0.00138	0.00691	0.00345	0.00276	0.00829
93	0.01607	0.01388	0.01461	0.01315	0.01680	0.01607	0.01023	0.03433	0.72094	0.02703	0.02630	0.02411	0.01972	0.00877	0.00657	0.00219	0.00511	0.00731	0.00657	0.01023
94	0.01296	0.03342	0.73944	0.01842	0.02797	0.01501	0.02387	0.02046	0.01364	0.02046	0.01160	0.01364	0.00818	0.00614	0.00614	0.00205	0.00955	0.00477	0.00273	0.00955
95	0.01525	0.01743	0.03813	0.02723	0.03377	0.01634	0.70915	0.02070	0.01525	0.02070	0.01307	0.01743	0.00980	0.00545	0.00763	0.00218	0.01089	0.00763	0.00327	0.00871
96	0.00897	0.00664	0.00840	0.00808	0.00971	0.00607	0.00615	0.01178	0.01751	0.02415	0.58074	0.05195	0.16930	0.01399	0.00770	0.00211	0.00325	0.05065	0.00686	0.00598
97	0.00910	0.00660	0.00858	0.00808	0.00963	0.00608	0.00606	0.01211	0.01819	0.02567	0.71028	0.04866	0.08004	0.01330	0.00762	0.00204	0.00305	0.01174	0.00708	0.00608
98	0.02899	0.01100	0.01499	0.01150	0.01649	0.00950	0.00950	0.03149	0.01849	0.73709	0.02549	0.02199	0.01599	0.00800	0.00650	0.00200	0.00550	0.00650	0.00800	0.01100
99	0.00768	0.00655	0.00660	0.00659	0.00875	0.00547	0.00494	0.00935	0.01483	0.01769	0.08400	0.06179	0.71130	0.01628	0.00764	0.00218	0.00327	0.01358	0.00603	0.00547
100	0.00787	0.00562	0.00750	0.00900	0.00937	0.00525	0.00600	0.00900	0.01237	0.01649	0.03561	0.76871	0.04274	0.02024	0.00825	0.00262	0.00375	0.01837	0.00600	0.00525
101	0.01599	0.01535	0.02623	0.03966	0.73262	0.01535	0.01983	0.01983	0.01471	0.02111	0.01215	0.01599	0.01023	0.00576	0.00640	0.00192	0.00768	0.00576	0.00320	0.01023
102	0.81856	0.01250	0.00950	0.00850	0.01250	0.01449	0.00700	0.01899	0.01100	0.02899	0.00900	0.01050	0.00700	0.00600	0.00400	0.00200	0.00500	0.00350	0.00400	0.00700
103	0.01414	0.01414	0.01979	0.01696	0.01696	0.01979	0.01414	0.01555	0.00990	0.01555	0.00848	0.01414	0.00848	0.01131	0.02120	0.00283	0.76110	0.00565	0.00283	0.00707
104	0.01629	0.01399	0.01473	0.01319	0.01688	0.01617	0.01028	0.05139	0.70354	0.02737	0.02603	0.02389	0.01950	0.00874	0.00657	0.00219	0.00516	0.00727	0.00657	0.01025
105	0.01586	0.01522	0.02598	0.06508	0.70825	0.01532	0.01976	0.01971	0.01465	0.02095	0.01213	0.01604	0.01018	0.00578	0.00640	0.00193	0.00771	0.00576	0.00319	0.01013
