[name]
unknown

[dist]
# distance from previous block
# <min> <max>
0	42

[block]
# block no. 0 follows, 32 sequences, length 15
# corresponding to MSA columns:
# 42-56
name=unknown_A
#
# <colnr> <probs for GDERKNQSTAVLIFYWHMCP>
#	G	D	E	R	K	N	Q	S	T	A	V	L	I	F	Y	W	H	M	C	P
0	0.26769	0.01594	0.07527	0.01309	0.01804	0.01536	0.03325	0.20208	0.07040	0.08947	0.01691	0.02117	0.01346	0.00820	0.00609	0.00213	0.00650	0.06923	0.00543	0.05029
1	0.04934	0.01630	0.05286	0.01308	0.01835	0.06584	0.01099	0.16365	0.13821	0.17533	0.01828	0.01792	0.01319	0.00727	0.00614	0.00180	0.00645	0.00566	0.00584	0.21351
2	0.02088	0.01440	0.01603	0.01353	0.03984	0.03452	0.01049	0.24344	0.14048	0.16845	0.04481	0.02556	0.10247	0.00914	0.00673	0.00200	0.00601	0.00736	0.00654	0.08732
3	0.04013	0.01486	0.02188	0.19499	0.18250	0.01591	0.08208	0.20896	0.01949	0.05469	0.01926	0.02158	0.07806	0.00785	0.00686	0.00211	0.00776	0.00693	0.00470	0.00940
4	0.10978	0.01636	0.10445	0.20571	0.13761	0.03682	0.01523	0.07826	0.07113	0.04159	0.01899	0.02111	0.07798	0.00778	0.00641	0.00210	0.00742	0.00640	0.00427	0.03061
5	0.18951	0.02383	0.01738	0.08686	0.02162	0.39585	0.01229	0.13573	0.01894	0.02365	0.01126	0.01308	0.00884	0.00694	0.00582	0.00190	0.00956	0.00462	0.00410	0.00824
6	0.13816	0.00892	0.01091	0.01189	0.08058	0.00880	0.00792	0.01504	0.01549	0.07087	0.26560	0.10835	0.11375	0.07991	0.00958	0.00260	0.00463	0.03418	0.00596	0.00688
7	0.01081	0.00783	0.00923	0.00870	0.01021	0.00763	0.00619	0.07858	0.01672	0.02268	0.31623	0.11461	0.13158	0.21224	0.01478	0.00334	0.00456	0.01183	0.00618	0.00606
8	0.01885	0.01431	0.01700	0.03876	0.10740	0.01525	0.01163	0.30333	0.11125	0.06430	0.06189	0.02815	0.12577	0.04168	0.00814	0.00229	0.00629	0.00799	0.00610	0.00962
9	0.01519	0.01626	0.02719	0.02470	0.15904	0.08284	0.32310	0.01975	0.04358	0.02050	0.02182	0.11240	0.08426	0.00896	0.00753	0.00222	0.00883	0.00916	0.00415	0.00852
10	0.09222	0.01001	0.01140	0.01011	0.01296	0.01000	0.00759	0.05713	0.10280	0.20663	0.02987	0.12763	0.10926	0.16753	0.01257	0.00312	0.00534	0.00969	0.00623	0.00790
11	0.01182	0.00736	0.00936	0.03668	0.01097	0.00727	0.00634	0.04637	0.01275	0.04538	0.07572	0.05304	0.14436	0.19307	0.02058	0.29485	0.00552	0.00904	0.00459	0.00493
12	0.04930	0.01518	0.01991	0.09237	0.16976	0.08300	0.08660	0.07176	0.12738	0.02341	0.05820	0.07442	0.05055	0.00928	0.00704	0.00219	0.00741	0.03861	0.00483	0.00878
13	0.01378	0.01371	0.01914	0.51501	0.06215	0.08538	0.01661	0.01738	0.01370	0.01716	0.01391	0.08763	0.01234	0.00852	0.00819	0.00229	0.07533	0.00704	0.00335	0.00740
14	0.00809	0.00618	0.00743	0.00844	0.00949	0.00553	0.00583	0.00945	0.01372	0.01748	0.04803	0.51203	0.28503	0.01959	0.00834	0.00256	0.00372	0.01732	0.00623	0.00553

[dist]
# distance from previous block
# <min> <max>
2	37

[block]
# block no. 1 follows, 32 sequences, length 66
# corresponding to MSA columns:
# 103-168
name=unknown_B
#
# <colnr> <probs for GDERKNQSTAVLIFYWHMCP>
#	G	D	E	R	K	N	Q	S	T	A	V	L	I	F	Y	W	H	M	C	P
0	0.01109	0.00843	0.01118	0.15193	0.01780	0.00877	0.00921	0.01461	0.06824	0.04179	0.07302	0.13812	0.22264	0.01575	0.03170	0.05362	0.00562	0.07673	0.03328	0.00649
1	0.00975	0.00743	0.01110	0.01100	0.01216	0.00878	0.00859	0.01212	0.01077	0.01559	0.01768	0.02598	0.01652	0.04908	0.71457	0.01053	0.04159	0.00715	0.00357	0.00603
2	0.01584	0.01810	0.03959	0.02828	0.03507	0.01697	0.69796	0.02149	0.01584	0.02149	0.01357	0.01810	0.01018	0.00566	0.00792	0.00226	0.01131	0.00792	0.00339	0.00905
3	0.14152	0.01577	0.01941	0.10827	0.20265	0.03654	0.01417	0.24283	0.06358	0.02927	0.01528	0.05393	0.01245	0.00777	0.00638	0.00209	0.00720	0.00636	0.00489	0.00964
4	0.01374	0.00994	0.01298	0.01184	0.01411	0.02970	0.04345	0.03682	0.12025	0.08255	0.09113	0.10419	0.02480	0.05095	0.22982	0.04744	0.00940	0.03200	0.02762	0.00729
5	0.00831	0.00594	0.00790	0.00925	0.00976	0.00554	0.00624	0.00967	0.01345	0.01809	0.10414	0.68991	0.04624	0.02030	0.00850	0.00266	0.00382	0.01839	0.00634	0.00554
6	0.01794	0.76823	0.03516	0.01148	0.01722	0.02655	0.01148	0.02009	0.01363	0.01579	0.00933	0.01076	0.00861	0.00574	0.00431	0.00144	0.00718	0.00359	0.00287	0.00861
7	0.01396	0.20654	0.02369	0.20724	0.13473	0.01602	0.06490	0.01718	0.01402	0.01811	0.01771	0.14572	0.01770	0.00968	0.00670	0.00215	0.00743	0.06473	0.00386	0.00792
8	0.01517	0.01005	0.01200	0.01070	0.01272	0.01067	0.00800	0.18470	0.08491	0.02298	0.06531	0.05080	0.05621	0.01646	0.01579	0.36950	0.00569	0.00742	0.03454	0.00639
9	0.01552	0.01319	0.01417	0.01281	0.01624	0.01501	0.00992	0.03192	0.59803	0.02788	0.13953	0.02911	0.02743	0.00985	0.00700	0.00225	0.00496	0.00832	0.00692	0.00992
10	0.01391	0.01193	0.01391	0.00994	0.01590	0.00894	0.00795	0.01690	0.01391	0.02186	0.01193	0.01391	0.00994	0.00497	0.00497	0.00099	0.00497	0.00398	0.00398	0.80521
11	0.01354	0.01250	0.01753	0.03536	0.01622	0.01687	0.01254	0.01459	0.01020	0.01541	0.01090	0.01876	0.01103	0.08363	0.07028	0.08274	0.54200	0.00631	0.00308	0.00652
12	0.01583	0.01134	0.01430	0.03866	0.03905	0.01194	0.03112	0.02537	0.29954	0.12625	0.22579	0.07754	0.03274	0.01078	0.00726	0.00222	0.00506	0.00940	0.00681	0.00901
13	0.01257	0.01048	0.01515	0.11198	0.19406	0.01055	0.01174	0.01677	0.06266	0.04798	0.18491	0.03953	0.20906	0.01139	0.00737	0.00218	0.00552	0.03282	0.00545	0.00785
14	0.19430	0.01405	0.01477	0.01246	0.01648	0.01537	0.01011	0.30741	0.07264	0.07645	0.05530	0.09451	0.01934	0.01007	0.00659	0.00220	0.00600	0.05652	0.00621	0.00922
15	0.01267	0.01193	0.02013	0.74806	0.04621	0.01491	0.01863	0.01714	0.01342	0.01714	0.01193	0.01789	0.00894	0.00671	0.00671	0.00224	0.00894	0.00596	0.00298	0.00745
16	0.01166	0.00583	0.00874	0.00874	0.00874	0.00583	0.00583	0.00874	0.00874	0.01166	0.01166	0.02040	0.01166	0.02331	0.02622	0.80478	0.00583	0.00583	0.00291	0.00291
17	0.03453	0.00820	0.00977	0.00907	0.01134	0.00772	0.00681	0.03850	0.04763	0.11749	0.26572	0.14623	0.19933	0.05606	0.00913	0.00248	0.00414	0.01209	0.00676	0.00700
18	0.20502	0.00913	0.00974	0.00870	0.01095	0.00922	0.00621	0.01717	0.01280	0.17071	0.05220	0.03261	0.04722	0.35974	0.01897	0.00414	0.00575	0.00793	0.00522	0.00656
19	0.06197	0.01122	0.01461	0.01138	0.01621	0.01006	0.00936	0.04917	0.01875	0.61407	0.02503	0.02234	0.01612	0.00816	0.00645	0.00203	0.00550	0.00655	0.08026	0.01077
20	0.18222	0.00839	0.00900	0.00855	0.01067	0.00839	0.00627	0.01521	0.01401	0.10042	0.13857	0.15764	0.09897	0.14711	0.01158	0.00297	0.00462	0.01029	0.05866	0.00647
21	0.03225	0.00686	0.00853	0.00879	0.00986	0.00649	0.00600	0.01222	0.01374	0.07615	0.15248	0.35380	0.06391	0.20066	0.01444	0.00346	0.00457	0.01397	0.00601	0.00581
22	0.00896	0.00694	0.00836	0.00973	0.01031	0.03381	0.00666	0.01027	0.01335	0.01747	0.05454	0.68706	0.04331	0.02019	0.00847	0.00268	0.00427	0.04187	0.00615	0.00559
23	0.00924	0.00710	0.00854	0.00891	0.01035	0.00674	0.00639	0.01266	0.07755	0.02095	0.22572	0.34500	0.20171	0.01708	0.00809	0.00242	0.00371	0.01506	0.00659	0.00620
24	0.06559	0.00781	0.00951	0.00934	0.01117	0.00748	0.00676	0.01585	0.03705	0.14496	0.11355	0.33890	0.05345	0.08462	0.00993	0.00274	0.00444	0.01286	0.05714	0.00682
25	0.04068	0.00790	0.00947	0.00908	0.01117	0.00732	0.00669	0.03973	0.01582	0.13449	0.13877	0.26673	0.20592	0.06332	0.00943	0.00261	0.00430	0.01325	0.00654	0.00679
26	0.00976	0.00651	0.00732	0.00732	0.00732	0.00651	0.00407	0.00976	0.00976	0.01301	0.02114	0.04391	0.02439	0.76419	0.03415	0.00651	0.00651	0.00976	0.00407	0.00407
27	0.01070	0.00713	0.00905	0.00940	0.01074	0.00671	0.00674	0.04226	0.01549	0.06497	0.17130	0.43327	0.10514	0.04168	0.00903	0.00262	0.00413	0.03683	0.00654	0.00626
28	0.09252	0.00820	0.00985	0.00970	0.01185	0.00785	0.00715	0.01679	0.04128	0.17583	0.03359	0.41000	0.08884	0.01547	0.00747	0.00242	0.00441	0.01351	0.03607	0.00719
29	0.01267	0.01193	0.02013	0.74806	0.04621	0.01491	0.01863	0.01714	0.01342	0.01714	0.01193	0.01789	0.00894	0.00671	0.00671	0.00224	0.00894	0.00596	0.00298	0.00745
30	0.00869	0.00683	0.00786	0.00760	0.00953	0.00599	0.00570	0.01111	0.01710	0.02241	0.38567	0.05752	0.39924	0.01539	0.00792	0.00219	0.00328	0.01317	0.00679	0.00599
31	0.00919	0.00632	0.00749	0.00795	0.00821	0.00614	0.00484	0.00971	0.01118	0.01487	0.04734	0.26595	0.05850	0.48488	0.02450	0.00505	0.00549	0.01287	0.00491	0.00462
32	0.00924	0.00728	0.00845	0.00893	0.01047	0.00697	0.00646	0.01265	0.08830	0.01895	0.07085	0.32750	0.28992	0.04211	0.03177	0.00287	0.00445	0.04053	0.00618	0.00611
33	0.01773	0.01308	0.03799	0.01616	0.09192	0.03664	0.03378	0.11361	0.07950	0.15161	0.04553	0.09728	0.02180	0.01631	0.10730	0.00345	0.00816	0.09345	0.00580	0.00889
34	0.01566	0.01862	0.06896	0.02720	0.03369	0.01713	0.62477	0.02114	0.01541	0.02114	0.01320	0.01771	0.01002	0.00607	0.00874	0.00230	0.05824	0.00766	0.00334	0.00898
35	0.81159	0.01298	0.00986	0.00882	0.01298	0.01505	0.00727	0.01972	0.01142	0.03010	0.00934	0.01090	0.00727	0.00623	0.00415	0.00208	0.00519	0.00363	0.00415	0.00727
36	0.01166	0.00583	0.00874	0.00874	0.00874	0.00583	0.00583	0.00874	0.00874	0.01166	0.01166	0.02040	0.01166	0.02331	0.02622	0.80478	0.00583	0.00583	0.00291	0.00291
37	0.00959	0.00719	0.01078	0.01078	0.01198	0.00839	0.00839	0.01198	0.01078	0.01558	0.01797	0.02636	0.01677	0.05032	0.73760	0.01078	0.01797	0.00719	0.00359	0.00599
38	0.00793	0.00680	0.00680	0.00680	0.00906	0.00566	0.00510	0.00963	0.01529	0.01813	0.06797	0.06457	0.71961	0.01699	0.00793	0.00227	0.00340	0.01416	0.00623	0.00566
39	0.00920	0.00685	0.00855	0.00813	0.00984	0.00620	0.00609	0.01208	0.01828	0.02522	0.59403	0.05289	0.18912	0.01435	0.00792	0.00214	0.00321	0.01252	0.00716	0.00620
40	0.01730	0.01231	0.01334	0.01188	0.01540	0.01357	0.00927	0.03074	0.47385	0.11576	0.02803	0.02645	0.04949	0.00912	0.00650	0.00213	0.00491	0.00753	0.14265	0.00976
41	0.00959	0.00719	0.01078	0.01078	0.01198	0.00839	0.00839	0.01198	0.01078	0.01558	0.01797	0.02636	0.01677	0.05032	0.73760	0.01078	0.01797	0.00719	0.00359	0.00599
42	0.06370	0.01149	0.01533	0.01180	0.01695	0.01009	0.00975	0.03214	0.01887	0.69702	0.02574	0.02232	0.01621	0.00822	0.00664	0.00208	0.00569	0.00661	0.00813	0.01124
43	0.00822	0.00588	0.00783	0.00931	0.00974	0.00548	0.00623	0.00946	0.01307	0.01748	0.06159	0.73419	0.04506	0.02076	0.00854	0.00270	0.00387	0.01882	0.00627	0.00548
44	0.77695	0.01291	0.01011	0.00896	0.01316	0.01482	0.00738	0.02030	0.01176	0.06099	0.01010	0.01143	0.00768	0.00632	0.00427	0.00208	0.00521	0.00377	0.00434	0.00745
45	0.00793	0.00680	0.00680	0.00680	0.00906	0.00566	0.00510	0.00963	0.01529	0.01813	0.06797	0.06457	0.71961	0.01699	0.00793	0.00227	0.00340	0.01416	0.00623	0.00566
46	0.00959	0.00717	0.01067	0.01067	0.01182	0.00832	0.00824	0.01191	0.01075	0.01549	0.01808	0.02695	0.01703	0.07449	0.71378	0.01064	0.01758	0.00728	0.00361	0.00593
47	0.01435	0.01420	0.01993	0.01718	0.01726	0.01978	0.01428	0.01588	0.01031	0.01611	0.00939	0.01543	0.00932	0.01421	0.06767	0.00344	0.70509	0.00596	0.00298	0.00725
48	0.00818	0.00584	0.00779	0.00934	0.00973	0.00545	0.00623	0.00934	0.01285	0.01713	0.03698	0.75981	0.04438	0.02102	0.00856	0.00273	0.00389	0.01908	0.00623	0.00545
49	0.02506	0.03198	0.01901	0.01729	0.02074	0.73725	0.01296	0.02679	0.01901	0.01642	0.01037	0.01210	0.00864	0.00691	0.00605	0.00173	0.01210	0.00432	0.00346	0.00778
50	0.00818	0.00584	0.00779	0.00934	0.00973	0.00545	0.00623	0.00934	0.01285	0.01713	0.03698	0.75981	0.04438	0.02102	0.00856	0.00273	0.00389	0.01908	0.00623	0.00545
51	0.00976	0.00651	0.00732	0.00732	0.00732	0.00651	0.00407	0.00976	0.00976	0.01301	0.02114	0.04391	0.02439	0.76419	0.03415	0.00651	0.00651	0.00976	0.00407	0.00407
52	0.00803	0.00680	0.00694	0.00690	0.00912	0.00571	0.00518	0.00982	0.01553	0.01869	0.10949	0.06365	0.67774	0.01678	0.00793	0.00226	0.00338	0.01403	0.00630	0.00571
53	0.07996	0.01152	0.01521	0.01174	0.01686	0.01019	0.00970	0.03187	0.01871	0.68253	0.02538	0.02208	0.01601	0.00817	0.00658	0.00208	0.00568	0.00655	0.00804	0.01115
54	0.00976	0.00651	0.00732	0.00732	0.00732	0.00651	0.00407	0.00976	0.00976	0.01301	0.02114	0.04391	0.02439	0.76419	0.03415	0.00651	0.00651	0.00976	0.00407	0.00407
55	0.00816	0.00590	0.00772	0.00918	0.00969	0.00546	0.00616	0.00936	0.01300	0.01719	0.03896	0.71546	0.08745	0.02076	0.00852	0.00270	0.00386	0.01876	0.00623	0.00546
56	0.01783	0.01498	0.01581	0.01388	0.01788	0.01722	0.01090	0.12132	0.62269	0.02990	0.02587	0.02388	0.01931	0.00897	0.00681	0.00224	0.00558	0.00739	0.00681	0.01072
57	0.01391	0.01193	0.01391	0.00994	0.01590	0.00894	0.00795	0.01690	0.01391	0.02186	0.01193	0.01391	0.00994	0.00497	0.00497	0.00099	0.00497	0.00398	0.00398	0.80521
58	0.01619	0.01551	0.02648	0.11667	0.65014	0.01583	0.02038	0.02022	0.01508	0.02141	0.01255	0.01674	0.01045	0.00606	0.00665	0.00202	0.00808	0.00598	0.00329	0.01029
59	0.01043	0.00914	0.00878	0.00843	0.01096	0.04570	0.00653	0.06523	0.01678	0.02008	0.05850	0.05878	0.57709	0.01587	0.00783	0.00228	0.00437	0.06083	0.00612	0.00627
60	0.01794	0.76823	0.03516	0.01148	0.01722	0.02655	0.01148	0.02009	0.01363	0.01579	0.00933	0.01076	0.00861	0.00574	0.00431	0.00144	0.00718	0.00359	0.00287	0.00861
61	0.01391	0.01193	0.01391	0.00994	0.01590	0.00894	0.00795	0.01690	0.01391	0.02186	0.01193	0.01391	0.00994	0.00497	0.00497	0.00099	0.00497	0.00398	0.00398	0.80521
62	0.06173	0.01574	0.13736	0.01316	0.01912	0.01148	0.01240	0.05498	0.01846	0.55015	0.02286	0.02058	0.01462	0.00787	0.00657	0.00208	0.00647	0.00628	0.00713	0.01098
63	0.00953	0.00680	0.00891	0.01010	0.01102	0.00660	0.00771	0.01134	0.01357	0.01773	0.03566	0.30626	0.08192	0.14660	0.01319	0.00349	0.00526	0.29294	0.00584	0.00553
64	0.06921	0.55391	0.07515	0.01220	0.01803	0.02348	0.01207	0.08369	0.01555	0.06721	0.01128	0.01229	0.00931	0.00620	0.00481	0.00162	0.00715	0.00412	0.00367	0.00906
65	0.01137	0.10765	0.01252	0.00906	0.01103	0.00954	0.00661	0.01262	0.01183	0.01604	0.02118	0.14231	0.02347	0.35204	0.04418	0.00427	0.00632	0.05182	0.00433	0.14184

[dist]
# distance from previous block
# <min> <max>
1	6

[block]
# block no. 2 follows, 32 sequences, length 78
# corresponding to MSA columns:
# 175-234,236-247,257-260,269,270
name=unknown_C
#
# <colnr> <probs for GDERKNQSTAVLIFYWHMCP>
#	G	D	E	R	K	N	Q	S	T	A	V	L	I	F	Y	W	H	M	C	P
0	0.14831	0.33178	0.16884	0.01234	0.01825	0.01848	0.01280	0.02091	0.01414	0.10819	0.01616	0.04057	0.04958	0.00739	0.00535	0.00185	0.00691	0.00536	0.00405	0.00874
1	0.15624	0.33526	0.15659	0.01426	0.02026	0.10996	0.05780	0.02160	0.01435	0.04398	0.01082	0.01247	0.00874	0.00617	0.00520	0.00179	0.00817	0.00433	0.00338	0.00864
2	0.81159	0.01298	0.00986	0.00882	0.01298	0.01505	0.00727	0.01972	0.01142	0.03010	0.00934	0.01090	0.00727	0.00623	0.00415	0.00208	0.00519	0.00363	0.00415	0.00727
3	0.01391	0.01193	0.01391	0.00994	0.01590	0.00894	0.00795	0.01690	0.01391	0.02186	0.01193	0.01391	0.00994	0.00497	0.00497	0.00099	0.00497	0.00398	0.00398	0.80521
4	0.01664	0.03158	0.51973	0.01894	0.02728	0.13261	0.06633	0.02295	0.01541	0.06854	0.01285	0.01468	0.00919	0.00655	0.00645	0.00207	0.01008	0.00517	0.00334	0.00961
5	0.00818	0.00584	0.00779	0.00934	0.00973	0.00545	0.00623	0.00934	0.01285	0.01713	0.03698	0.75981	0.04438	0.02102	0.00856	0.00273	0.00389	0.01908	0.00623	0.00545
6	0.01391	0.01193	0.01391	0.00994	0.01590	0.00894	0.00795	0.01690	0.01391	0.02186	0.01193	0.01391	0.00994	0.00497	0.00497	0.00099	0.00497	0.00398	0.00398	0.80521
7	0.01649	0.01419	0.01503	0.01361	0.01733	0.01639	0.01063	0.03493	0.68716	0.02780	0.02758	0.02671	0.02108	0.00942	0.00691	0.00230	0.00534	0.02980	0.00681	0.01047
8	0.01325	0.01256	0.02097	0.62090	0.12265	0.01538	0.01862	0.01748	0.01344	0.01763	0.01181	0.01754	0.00913	0.00694	0.00765	0.00225	0.05500	0.00596	0.00302	0.00781
9	0.02764	0.01537	0.01802	0.01381	0.01910	0.01572	0.01141	0.38993	0.02581	0.36042	0.02092	0.01924	0.01383	0.00817	0.00673	0.00204	0.00661	0.00637	0.00745	0.01141
10	0.02451	0.03032	0.01879	0.01697	0.02052	0.66327	0.01280	0.05081	0.06652	0.01811	0.01172	0.01312	0.00955	0.00710	0.00613	0.00178	0.01147	0.00460	0.00380	0.00810
11	0.01361	0.06022	0.70528	0.01886	0.02863	0.01596	0.02433	0.02121	0.01415	0.02106	0.01195	0.01405	0.00850	0.00635	0.00630	0.00210	0.00982	0.00491	0.00283	0.00987
12	0.01346	0.03471	0.72942	0.01912	0.02904	0.01558	0.02479	0.02125	0.01417	0.02125	0.01204	0.01417	0.00850	0.00637	0.00637	0.00212	0.00992	0.00496	0.00283	0.00992
13	0.00976	0.00651	0.00732	0.00732	0.00732	0.00651	0.00407	0.00976	0.00976	0.01301	0.02114	0.04391	0.02439	0.76419	0.03415	0.00651	0.00651	0.00976	0.00407	0.00407
14	0.01284	0.01209	0.02042	0.71850	0.07449	0.01495	0.01872	0.01729	0.01349	0.01734	0.01196	0.01784	0.00901	0.00668	0.00671	0.00223	0.00890	0.00596	0.00300	0.00759
15	0.01391	0.01193	0.01391	0.00994	0.01590	0.00894	0.00795	0.01690	0.01391	0.02186	0.01193	0.01391	0.00994	0.00497	0.00497	0.00099	0.00497	0.00398	0.00398	0.80521
16	0.00976	0.00651	0.00732	0.00732	0.00732	0.00651	0.00407	0.00976	0.00976	0.01301	0.02114	0.04391	0.02439	0.76419	0.03415	0.00651	0.00651	0.00976	0.00407	0.00407
17	0.00804	0.00680	0.00695	0.00691	0.00913	0.00571	0.00519	0.00984	0.01556	0.01875	0.11395	0.06355	0.67325	0.01676	0.00793	0.00225	0.00338	0.01402	0.00631	0.00571
18	0.01267	0.01193	0.02013	0.74806	0.04621	0.01491	0.01863	0.01714	0.01342	0.01714	0.01193	0.01789	0.00894	0.00671	0.00671	0.00224	0.00894	0.00596	0.00298	0.00745
19	0.01267	0.01193	0.02013	0.74806	0.04621	0.01491	0.01863	0.01714	0.01342	0.01714	0.01193	0.01789	0.00894	0.00671	0.00671	0.00224	0.00894	0.00596	0.00298	0.00745
20	0.00818	0.00584	0.00779	0.00934	0.00973	0.00545	0.00623	0.00934	0.01285	0.01713	0.03698	0.75981	0.04438	0.02102	0.00856	0.00273	0.00389	0.01908	0.00623	0.00545
21	0.01391	0.01193	0.01391	0.00994	0.01590	0.00894	0.00795	0.01690	0.01391	0.02186	0.01193	0.01391	0.00994	0.00497	0.00497	0.00099	0.00497	0.00398	0.00398	0.80521
22	0.01346	0.03471	0.72942	0.01912	0.02904	0.01558	0.02479	0.02125	0.01417	0.02125	0.01204	0.01417	0.00850	0.00637	0.00637	0.00212	0.00992	0.00496	0.00283	0.00992
23	0.00976	0.00651	0.00732	0.00732	0.00732	0.00651	0.00407	0.00976	0.00976	0.01301	0.02114	0.04391	0.02439	0.76419	0.03415	0.00651	0.00651	0.00976	0.00407	0.00407
24	0.01661	0.01594	0.02724	0.04119	0.72233	0.01594	0.02059	0.02059	0.01528	0.02192	0.01262	0.01661	0.01063	0.00598	0.00664	0.00199	0.00797	0.00598	0.00332	0.01063
25	0.00976	0.00651	0.00732	0.00732	0.00732	0.00651	0.00407	0.00976	0.00976	0.01301	0.02114	0.04391	0.02439	0.76419	0.03415	0.00651	0.00651	0.00976	0.00407	0.00407
26	0.01166	0.00583	0.00874	0.00874	0.00874	0.00583	0.00583	0.00874	0.00874	0.01166	0.01166	0.02040	0.01166	0.02331	0.02622	0.80478	0.00583	0.00583	0.00291	0.00291
27	0.00926	0.00688	0.01009	0.01045	0.01146	0.00771	0.00789	0.01137	0.01126	0.01593	0.02236	0.19555	0.02314	0.04356	0.56943	0.00892	0.01472	0.00993	0.00420	0.00587
28	0.02596	0.01807	0.01969	0.01510	0.02045	0.01974	0.01247	0.63481	0.03034	0.10914	0.01712	0.01677	0.01192	0.00808	0.00672	0.00202	0.00722	0.00611	0.00687	0.01141
29	0.00919	0.00682	0.00840	0.00802	0.00963	0.00620	0.00591	0.01182	0.01757	0.02410	0.53382	0.05271	0.19804	0.06677	0.00975	0.00245	0.00345	0.01239	0.00691	0.00603
30	0.01885	0.01359	0.01498	0.01301	0.01687	0.01500	0.01036	0.14022	0.40844	0.11218	0.04845	0.02712	0.02081	0.00946	0.00684	0.00220	0.00553	0.04649	0.05947	0.01015
31	0.01684	0.01649	0.02668	0.06102	0.67306	0.04608	0.02022	0.02075	0.01538	0.02155	0.01251	0.01646	0.01050	0.00604	0.00662	0.00199	0.00817	0.00591	0.00332	0.01042
32	0.02551	0.01879	0.02014	0.01544	0.02081	0.02081	0.01275	0.69996	0.03155	0.04229	0.01611	0.01611	0.01141	0.00805	0.00671	0.00201	0.00738	0.00604	0.00671	0.01141
33	0.01669	0.01441	0.01517	0.01365	0.01745	0.01669	0.01062	0.03565	0.71021	0.02807	0.02731	0.02503	0.02048	0.00910	0.00683	0.00228	0.00531	0.00759	0.00683	0.01062
34	0.01013	0.00733	0.00890	0.00896	0.01059	0.00698	0.00653	0.01383	0.07932	0.04249	0.28777	0.27345	0.16564	0.01587	0.00790	0.00233	0.00370	0.01396	0.02783	0.00647
35	0.00844	0.00676	0.00721	0.00713	0.00895	0.00589	0.00513	0.01011	0.01505	0.01872	0.16089	0.05931	0.51644	0.12666	0.01179	0.00287	0.00382	0.01320	0.00609	0.00553
36	0.23417	0.01231	0.01438	0.01135	0.01629	0.01194	0.00937	0.07340	0.01798	0.49950	0.02131	0.01927	0.01382	0.00775	0.00607	0.00207	0.00568	0.00589	0.00711	0.01033
37	0.00936	0.00685	0.00858	0.00949	0.01052	0.00659	0.00700	0.01145	0.03275	0.01788	0.05553	0.31607	0.14050	0.14778	0.01301	0.00338	0.00488	0.18690	0.00589	0.00560
38	0.00903	0.00707	0.00769	0.00750	0.00937	0.00640	0.00546	0.01162	0.04445	0.02010	0.20555	0.05572	0.43079	0.11035	0.01110	0.00275	0.00381	0.01261	0.03279	0.00584
39	0.01251	0.00625	0.00625	0.00625	0.00782	0.00625	0.00469	0.01563	0.01407	0.02502	0.02189	0.02502	0.01720	0.00782	0.00469	0.00156	0.00313	0.00625	0.80144	0.00625
40	0.01735	0.01474	0.01554	0.01379	0.01770	0.01700	0.01078	0.08553	0.65926	0.02914	0.02647	0.02436	0.01980	0.00902	0.00682	0.00226	0.00547	0.00747	0.00682	0.01068
41	0.00992	0.00665	0.00787	0.00822	0.00855	0.00663	0.00531	0.01060	0.01102	0.01482	0.02448	0.09355	0.02770	0.57113	0.02751	0.00555	0.00617	0.11775	0.03200	0.00457
42	0.00963	0.00653	0.00728	0.00728	0.00744	0.00645	0.00414	0.00975	0.01013	0.01336	0.02433	0.04532	0.07174	0.71331	0.03237	0.00622	0.00629	0.01006	0.00421	0.00417
43	0.01674	0.57247	0.22044	0.01352	0.02038	0.02362	0.01503	0.02040	0.01378	0.01724	0.01005	0.01167	0.00858	0.00591	0.00486	0.00162	0.00791	0.00395	0.00286	0.00896
44	0.01327	0.00736	0.00838	0.00793	0.00957	0.00716	0.00574	0.03799	0.01457	0.08972	0.08912	0.05964	0.05410	0.20255	0.01320	0.00306	0.00453	0.03289	0.33289	0.00632
45	0.00966	0.00646	0.00735	0.00745	0.00747	0.00644	0.00420	0.00973	0.00995	0.01327	0.02215	0.08938	0.02566	0.71699	0.03253	0.00627	0.00634	0.01035	0.00420	0.00415
46	0.02483	0.05673	0.01956	0.01709	0.02062	0.71336	0.01291	0.02657	0.01883	0.01640	0.01034	0.01206	0.00864	0.00687	0.00599	0.00172	0.01193	0.00430	0.00344	0.00781
47	0.00850	0.00682	0.00758	0.00739	0.00941	0.00591	0.00554	0.01073	0.01663	0.02130	0.30307	0.05935	0.48253	0.01581	0.00792	0.00221	0.00331	0.01343	0.00665	0.00591
48	0.01391	0.01193	0.01391	0.00994	0.01590	0.00894	0.00795	0.01690	0.01391	0.02186	0.01193	0.01391	0.00994	0.00497	0.00497	0.00099	0.00497	0.00398	0.00398	0.80521
49	0.00950	0.00686	0.00897	0.00844	0.01002	0.00633	0.00633	0.01266	0.01899	0.02691	0.71879	0.05012	0.06331	0.01372	0.00791	0.00211	0.00317	0.01213	0.00739	0.00633
50	0.00976	0.00651	0.00732	0.00732	0.00732	0.00651	0.00407	0.00976	0.00976	0.01301	0.02114	0.04391	0.02439	0.76419	0.03415	0.00651	0.00651	0.00976	0.00407	0.00407
51	0.01166	0.00583	0.00874	0.00874	0.00874	0.00583	0.00583	0.00874	0.00874	0.01166	0.01166	0.02040	0.01166	0.02331	0.02622	0.80478	0.00583	0.00583	0.00291	0.00291
52	0.01391	0.01193	0.01391	0.00994	0.01590	0.00894	0.00795	0.01690	0.01391	0.02186	0.01193	0.01391	0.00994	0.00497	0.00497	0.00099	0.00497	0.00398	0.00398	0.80521
53	0.00793	0.00680	0.00680	0.00680	0.00906	0.00566	0.00510	0.00963	0.01529	0.01813	0.06797	0.06457	0.71961	0.01699	0.00793	0.00227	0.00340	0.01416	0.00623	0.00566
54	0.00818	0.00584	0.00779	0.00934	0.00973	0.00545	0.00623	0.00934	0.01285	0.01713	0.03698	0.75981	0.04438	0.02102	0.00856	0.00273	0.00389	0.01908	0.00623	0.00545
55	0.00950	0.00686	0.00897	0.00844	0.01002	0.00633	0.00633	0.01266	0.01899	0.02691	0.71879	0.05012	0.06331	0.01372	0.00791	0.00211	0.00317	0.01213	0.00739	0.00633
56	0.01072	0.00765	0.01070	0.01225	0.01375	0.00764	0.01065	0.01374	0.01535	0.01997	0.03558	0.10057	0.03883	0.01863	0.00924	0.00308	0.00610	0.65323	0.00618	0.00615
57	0.00959	0.00719	0.01078	0.01078	0.01198	0.00839	0.00839	0.01198	0.01078	0.01558	0.01797	0.02636	0.01677	0.05032	0.73760	0.01078	0.01797	0.00719	0.00359	0.00599
58	0.00976	0.00651	0.00732	0.00732	0.00732	0.00651	0.00407	0.00976	0.00976	0.01301	0.02114	0.04391	0.02439	0.76419	0.03415	0.00651	0.00651	0.00976	0.00407	0.00407
59	0.00807	0.00672	0.00689	0.00699	0.00899	0.00571	0.00510	0.00962	0.01477	0.01772	0.06295	0.10502	0.63208	0.06763	0.00974	0.00258	0.00364	0.01416	0.00608	0.00554
60	0.01669	0.01441	0.01517	0.01365	0.01745	0.01669	0.01062	0.03565	0.71021	0.02807	0.02731	0.02503	0.02048	0.00910	0.00683	0.00228	0.00531	0.00759	0.00683	0.01062
61	0.00818	0.00584	0.00779	0.00934	0.00973	0.00545	0.00623	0.00934	0.01285	0.01713	0.03698	0.75981	0.04438	0.02102	0.00856	0.00273	0.00389	0.01908	0.00623	0.00545
62	0.00981	0.00661	0.00767	0.00774	0.00796	0.00657	0.00468	0.01025	0.01083	0.01452	0.07454	0.04648	0.02826	0.65850	0.03054	0.00595	0.00623	0.05404	0.00445	0.00438
63	0.04095	0.00690	0.00719	0.00686	0.00878	0.00683	0.00523	0.01694	0.01457	0.07804	0.05036	0.02540	0.01871	0.00804	0.00496	0.00164	0.00339	0.00644	0.68209	0.00668
64	0.00798	0.00680	0.00687	0.00685	0.00909	0.00569	0.00514	0.00973	0.01541	0.01841	0.08891	0.06411	0.69850	0.01689	0.00793	0.00226	0.00339	0.01410	0.00627	0.00569
65	0.01669	0.01441	0.01517	0.01365	0.01745	0.01669	0.01062	0.03565	0.71021	0.02807	0.02731	0.02503	0.02048	0.00910	0.00683	0.00228	0.00531	0.00759	0.00683	0.01062
66	0.01081	0.00772	0.01081	0.01236	0.01390	0.00772	0.01081	0.01390	0.01545	0.02008	0.03553	0.07569	0.03862	0.01854	0.00927	0.00309	0.00618	0.67717	0.00618	0.00618
67	0.01619	0.01551	0.02647	0.11686	0.64995	0.01583	0.02038	0.02022	0.01508	0.02141	0.01255	0.01674	0.01045	0.00606	0.00665	0.00202	0.00808	0.00598	0.00328	0.01029
68	0.01295	0.01221	0.02063	0.69813	0.09398	0.01498	0.01877	0.01739	0.01355	0.01748	0.01198	0.01780	0.00906	0.00666	0.00670	0.00222	0.00888	0.00596	0.00301	0.00768
69	0.01584	0.01810	0.03959	0.02828	0.03507	0.01697	0.69796	0.02149	0.01584	0.02149	0.01357	0.01810	0.01018	0.00566	0.00792	0.00226	0.01131	0.00792	0.00339	0.00905
70	0.00793	0.00680	0.00680	0.00680	0.00906	0.00566	0.00510	0.00963	0.01529	0.01813	0.06797	0.06457	0.71961	0.01699	0.00793	0.00227	0.00340	0.01416	0.00623	0.00566
71	0.01585	0.01518	0.02588	0.17625	0.59314	0.01574	0.02022	0.01993	0.01492	0.02101	0.01249	0.01685	0.01031	0.00612	0.00666	0.00204	0.00816	0.00598	0.00326	0.01002
72	0.01432	0.01419	0.01985	0.01716	0.01718	0.01972	0.01422	0.01577	0.01042	0.01620	0.01036	0.05560	0.01076	0.01225	0.02128	0.00292	0.71083	0.00660	0.00312	0.00724
73	0.01091	0.00795	0.01132	0.05276	0.01568	0.00812	0.01124	0.01408	0.01533	0.01992	0.03423	0.07251	0.03699	0.01789	0.00913	0.00304	0.00633	0.64031	0.00600	0.00625
74	0.00803	0.00675	0.00698	0.00703	0.00916	0.00569	0.00523	0.00979	0.01537	0.01858	0.10369	0.10192	0.64479	0.01703	0.00796	0.00228	0.00341	0.01431	0.00630	0.00569
75	0.01601	0.01532	0.02590	0.06044	0.66294	0.01535	0.01968	0.01989	0.01522	0.02157	0.01564	0.01928	0.04951	0.00661	0.00672	0.00202	0.00775	0.00643	0.00347	0.01026
76	0.01010	0.00803	0.01269	0.01197	0.01343	0.00926	0.04646	0.01264	0.01104	0.01592	0.01743	0.02552	0.01615	0.04660	0.67401	0.01006	0.04173	0.00719	0.00356	0.00620
77	0.01364	0.01282	0.02120	0.57408	0.17247	0.01520	0.01856	0.01881	0.05203	0.01865	0.01290	0.01804	0.00990	0.00670	0.00670	0.00219	0.00856	0.00606	0.00326	0.00823

[dist]
# distance from previous block
# <min> <max>
0	4

[block]
# block no. 3 follows, 32 sequences, length 14
# corresponding to MSA columns:
# 275-278,281-283,290-296
name=unknown_D
#
# <colnr> <probs for GDERKNQSTAVLIFYWHMCP>
#	G	D	E	R	K	N	Q	S	T	A	V	L	I	F	Y	W	H	M	C	P
0	0.01835	0.01790	0.01593	0.01438	0.01810	0.15969	0.01109	0.03390	0.57303	0.02576	0.02395	0.02247	0.01813	0.00867	0.00667	0.00217	0.00666	0.00694	0.00616	0.01006
1	0.01305	0.01228	0.01771	0.14409	0.02087	0.01615	0.01342	0.01543	0.01258	0.01843	0.15070	0.02284	0.02003	0.01310	0.05082	0.00303	0.43731	0.00719	0.00386	0.00710
2	0.35716	0.01866	0.01560	0.01297	0.01749	0.14453	0.01048	0.29436	0.02085	0.03259	0.01224	0.01321	0.00917	0.00708	0.00552	0.00199	0.00729	0.00472	0.00506	0.00902
3	0.01662	0.01564	0.02484	0.03572	0.58244	0.01609	0.01861	0.02358	0.15320	0.02314	0.01554	0.01828	0.01258	0.00660	0.00668	0.00205	0.00744	0.00630	0.00402	0.01063
4	0.01305	0.01099	0.01329	0.01011	0.01512	0.00883	0.00804	0.01592	0.01329	0.02062	0.01313	0.01638	0.01130	0.01397	0.15037	0.00294	0.00755	0.00461	0.00390	0.64659
5	0.01836	0.01380	0.02213	0.27728	0.31619	0.01461	0.01741	0.05437	0.01620	0.16118	0.01530	0.01826	0.01127	0.00679	0.00669	0.00209	0.00783	0.00613	0.00436	0.00973
6	0.00959	0.00719	0.01078	0.01078	0.01198	0.00839	0.00839	0.01198	0.01078	0.01558	0.01797	0.02636	0.01677	0.05032	0.73760	0.01078	0.01797	0.00719	0.00359	0.00599
7	0.01578	0.02094	0.20700	0.02470	0.07862	0.01544	0.39387	0.02149	0.01565	0.06422	0.03286	0.02065	0.01279	0.00679	0.00743	0.00223	0.00996	0.03648	0.00377	0.00932
8	0.15433	0.01556	0.01518	0.11672	0.04523	0.13989	0.01119	0.10537	0.06491	0.05316	0.01841	0.16318	0.01717	0.00981	0.00646	0.00212	0.00706	0.00795	0.00492	0.04138
9	0.01280	0.01015	0.01342	0.01221	0.01343	0.01183	0.00955	0.06586	0.01572	0.04859	0.25045	0.20766	0.03587	0.01424	0.01238	0.00251	0.23947	0.01118	0.00569	0.00701
10	0.06564	0.06547	0.21280	0.01652	0.05669	0.14766	0.01524	0.15672	0.01894	0.06870	0.05312	0.01647	0.01284	0.00719	0.00617	0.00191	0.00833	0.00541	0.00449	0.05970
11	0.02010	0.29046	0.14103	0.01416	0.02004	0.07122	0.04190	0.07080	0.04591	0.16103	0.05050	0.01708	0.01370	0.00714	0.00586	0.00184	0.00760	0.00544	0.00467	0.00950
12	0.04848	0.01413	0.07369	0.01265	0.01685	0.01329	0.01079	0.09647	0.24097	0.06980	0.02157	0.04354	0.03450	0.01680	0.15154	0.00375	0.00832	0.00695	0.00543	0.11046
13	0.20030	0.16282	0.01927	0.03300	0.07565	0.01610	0.02952	0.09422	0.04692	0.10329	0.06610	0.03578	0.05077	0.00800	0.00582	0.00195	0.00612	0.00624	0.00500	0.03314

[dist]
# distance from previous block
# <min> <max>
0	74

# created by:
# /home/cegg/simao/soft/augustus-3.2.1/scripts/msa2prfl.pl ./align_prep/EOG090W0FVI.fa
