[name]
unknown

[dist]
# distance from previous block
# <min> <max>
0	21

[block]
# block no. 0 follows, 30 sequences, length 11
# corresponding to MSA columns:
# 21-31
name=unknown_A
#
# <colnr> <probs for GDERKNQSTAVLIFYWHMCP>
#	G	D	E	R	K	N	Q	S	T	A	V	L	I	F	Y	W	H	M	C	P
0	0.01124	0.00803	0.01124	0.01285	0.01446	0.00803	0.01124	0.01446	0.01606	0.02088	0.03695	0.07871	0.04016	0.01928	0.00964	0.00321	0.00643	0.66426	0.00643	0.00643
1	0.03050	0.01317	0.01700	0.01303	0.01846	0.01218	0.01076	0.14449	0.02214	0.60251	0.02571	0.02257	0.01636	0.00859	0.00701	0.00215	0.00623	0.00689	0.00836	0.01187
2	0.01079	0.00772	0.01047	0.01185	0.01325	0.00763	0.00995	0.01348	0.01530	0.01987	0.03729	0.12640	0.07117	0.08748	0.01191	0.00347	0.00614	0.52345	0.00623	0.00614
3	0.42088	0.01441	0.01361	0.01147	0.01560	0.01630	0.00926	0.23552	0.01848	0.03272	0.01373	0.01714	0.01119	0.06831	0.07156	0.00329	0.00742	0.00540	0.00512	0.00858
4	0.01727	0.01658	0.02832	0.04283	0.71123	0.01658	0.02142	0.02142	0.01589	0.02280	0.01313	0.01727	0.01105	0.00622	0.00691	0.00207	0.00829	0.00622	0.00345	0.01105
5	0.45130	0.01274	0.01166	0.01011	0.01385	0.01419	0.00811	0.13355	0.01707	0.03193	0.14842	0.02219	0.02082	0.03749	0.00678	0.00231	0.00534	0.00630	0.03791	0.00794
6	0.00990	0.00690	0.00784	0.00791	0.00839	0.00677	0.00489	0.01041	0.01133	0.01477	0.02989	0.04962	0.12915	0.58153	0.05895	0.00613	0.00676	0.03958	0.00465	0.00466
7	0.01432	0.01319	0.02158	0.63432	0.10488	0.01596	0.01920	0.05757	0.01523	0.01981	0.01272	0.01838	0.00961	0.00699	0.00697	0.00229	0.00912	0.00621	0.00336	0.00828
8	0.00970	0.00713	0.00909	0.00860	0.01032	0.00651	0.00645	0.01284	0.01935	0.02702	0.64023	0.05371	0.13376	0.01463	0.00823	0.00221	0.00332	0.01284	0.00755	0.00651
9	0.00908	0.00650	0.00875	0.00976	0.01030	0.00653	0.00667	0.01041	0.01240	0.01682	0.03149	0.48063	0.03649	0.13519	0.17912	0.00535	0.00783	0.01557	0.00552	0.00559
10	0.01400	0.03610	0.71860	0.01989	0.03020	0.01621	0.02578	0.02210	0.01473	0.02210	0.01252	0.01473	0.00884	0.00663	0.00663	0.00221	0.01031	0.00516	0.00295	0.01031

[dist]
# distance from previous block
# <min> <max>
0	5

[block]
# block no. 1 follows, 30 sequences, length 32
# corresponding to MSA columns:
# 37-68
name=unknown_B
#
# <colnr> <probs for GDERKNQSTAVLIFYWHMCP>
#	G	D	E	R	K	N	Q	S	T	A	V	L	I	F	Y	W	H	M	C	P
0	0.01652	0.01581	0.02696	0.17072	0.58923	0.01638	0.02104	0.02076	0.01553	0.02188	0.01299	0.01752	0.01073	0.00636	0.00692	0.00212	0.00848	0.00621	0.00339	0.01045
1	0.01987	0.15177	0.01981	0.01328	0.01736	0.04185	0.01088	0.31563	0.02298	0.05378	0.05884	0.19879	0.02284	0.01155	0.00704	0.00216	0.00661	0.00947	0.00610	0.00938
2	0.01884	0.06520	0.02152	0.04200	0.26081	0.21587	0.01475	0.08081	0.01828	0.02178	0.02267	0.04559	0.12463	0.00902	0.00687	0.00204	0.00852	0.00737	0.00436	0.00908
3	0.01970	0.01660	0.01609	0.01238	0.01796	0.14218	0.00981	0.06295	0.01734	0.12004	0.01449	0.01556	0.01115	0.00622	0.00575	0.00140	0.00679	0.00474	0.00484	0.49400
4	0.01666	0.01535	0.06414	0.01205	0.01842	0.01205	0.01039	0.14121	0.01786	0.02660	0.01321	0.01491	0.01051	0.00586	0.00560	0.00131	0.00598	0.00460	0.00458	0.59872
5	0.08970	0.02185	0.02164	0.01847	0.06434	0.17670	0.05964	0.39961	0.02602	0.03418	0.01444	0.01556	0.01073	0.00765	0.00669	0.00205	0.00889	0.00581	0.00556	0.01045
6	0.01447	0.01240	0.01447	0.01034	0.01654	0.00930	0.00827	0.01757	0.01447	0.02274	0.01240	0.01447	0.01034	0.00517	0.00517	0.00103	0.00517	0.00413	0.00413	0.79742
7	0.01284	0.01170	0.01673	0.01507	0.01564	0.01559	0.01227	0.01481	0.01093	0.01652	0.01352	0.02082	0.01295	0.03057	0.34510	0.00679	0.41105	0.00673	0.00337	0.00699
8	0.10503	0.01894	0.01986	0.01536	0.02082	0.02104	0.01269	0.62057	0.03070	0.04270	0.01604	0.01621	0.01143	0.00819	0.00671	0.00210	0.00745	0.00603	0.00671	0.01143
9	0.00897	0.00694	0.00818	0.00821	0.00996	0.00615	0.00603	0.01129	0.01711	0.02251	0.33233	0.16958	0.33383	0.01691	0.00835	0.00236	0.00351	0.01466	0.00698	0.00615
10	0.00840	0.00649	0.00767	0.00862	0.00983	0.00576	0.00599	0.00984	0.01441	0.01824	0.05182	0.46721	0.32053	0.02013	0.00863	0.00264	0.00384	0.01772	0.00648	0.00576
11	0.00867	0.00629	0.00823	0.00971	0.01036	0.00585	0.00671	0.01007	0.01376	0.01811	0.04103	0.64724	0.10071	0.02134	0.00890	0.00282	0.00417	0.06381	0.00647	0.00574
12	0.01428	0.03408	0.63971	0.02100	0.03093	0.01637	0.10265	0.02213	0.01494	0.02213	0.01271	0.01521	0.00904	0.00654	0.00682	0.00223	0.01048	0.00552	0.00301	0.01021
13	0.01531	0.01606	0.02895	0.06207	0.02711	0.01853	0.29989	0.01884	0.01333	0.01908	0.01221	0.01840	0.01061	0.03531	0.04120	0.00313	0.34123	0.00720	0.00332	0.00823
14	0.01335	0.01258	0.02124	0.70884	0.07587	0.01555	0.01947	0.01798	0.01403	0.01804	0.01243	0.01855	0.00938	0.00694	0.00697	0.00231	0.00926	0.00620	0.00312	0.00789
15	0.07887	0.02590	0.01910	0.01648	0.02058	0.40771	0.01289	0.21559	0.02257	0.04919	0.01379	0.01632	0.01102	0.00808	0.00698	0.00200	0.03209	0.02678	0.00486	0.00919
16	0.01637	0.01605	0.02512	0.22468	0.45359	0.05538	0.01984	0.02039	0.01528	0.02077	0.01288	0.01765	0.01063	0.00819	0.03141	0.00246	0.03005	0.00616	0.00337	0.00975
17	0.01968	0.21520	0.15158	0.02074	0.15469	0.06896	0.01654	0.17320	0.05395	0.02573	0.01354	0.01518	0.01066	0.00692	0.00617	0.00192	0.00839	0.00532	0.00425	0.02738
18	0.08234	0.19457	0.34125	0.01605	0.02356	0.01946	0.01791	0.09089	0.10633	0.02471	0.01417	0.01534	0.01071	0.00702	0.00604	0.00205	0.00836	0.00519	0.00402	0.01003
19	0.02055	0.01483	0.01600	0.01352	0.01774	0.01645	0.01076	0.21322	0.36282	0.09456	0.02436	0.02327	0.01789	0.00891	0.00676	0.00217	0.00585	0.00718	0.11240	0.01074
20	0.00873	0.00644	0.00817	0.00911	0.01007	0.00588	0.00631	0.01043	0.01501	0.01995	0.17343	0.50396	0.15748	0.01971	0.00867	0.00263	0.00382	0.01761	0.00671	0.00588
21	0.00878	0.00627	0.00841	0.01003	0.01056	0.00591	0.00696	0.01020	0.01363	0.01812	0.03831	0.68241	0.04555	0.02160	0.00898	0.00287	0.00429	0.08490	0.00647	0.00574
22	0.00985	0.00664	0.00770	0.00800	0.00807	0.00656	0.00464	0.01007	0.01074	0.01432	0.02502	0.17528	0.02919	0.61993	0.03062	0.00604	0.00627	0.01193	0.00464	0.00449
23	0.01400	0.03610	0.71860	0.01989	0.03020	0.01621	0.02578	0.02210	0.01473	0.02210	0.01252	0.01473	0.00884	0.00663	0.00663	0.00221	0.01031	0.00516	0.00295	0.01031
24	0.02670	0.01927	0.02077	0.01593	0.02150	0.02123	0.01316	0.66448	0.03235	0.06810	0.01714	0.01701	0.01206	0.00839	0.00698	0.00210	0.00762	0.00631	0.00704	0.01187
25	0.01688	0.15453	0.03445	0.02292	0.02782	0.04400	0.36448	0.02082	0.01465	0.01963	0.01190	0.01628	0.00986	0.00760	0.01131	0.00236	0.20166	0.00673	0.00331	0.00882
26	0.02806	0.01116	0.01515	0.01186	0.01669	0.00970	0.00970	0.03085	0.01994	0.61166	0.13071	0.02806	0.02464	0.00949	0.00720	0.00216	0.00554	0.00787	0.00849	0.01107
27	0.00954	0.00708	0.00849	0.00814	0.01000	0.00637	0.00610	0.01236	0.01831	0.02508	0.47725	0.05542	0.26069	0.01500	0.00807	0.00222	0.00336	0.01296	0.04721	0.00637
28	0.02544	0.01058	0.01431	0.01142	0.01579	0.00925	0.00925	0.02830	0.01991	0.52765	0.21374	0.03152	0.03057	0.01018	0.00735	0.00217	0.00521	0.00855	0.00838	0.01043
29	0.01324	0.01007	0.01400	0.01218	0.01475	0.00997	0.07626	0.12083	0.01969	0.02754	0.31431	0.17631	0.04286	0.01365	0.00794	0.00231	0.00512	0.03938	0.07209	0.00752
30	0.00850	0.00607	0.00810	0.00972	0.01012	0.00567	0.00648	0.00972	0.01336	0.01781	0.03846	0.75020	0.04615	0.02186	0.00891	0.00283	0.00405	0.01984	0.00648	0.00567
31	0.02526	0.01892	0.02023	0.01580	0.02116	0.02105	0.01296	0.59821	0.12461	0.04194	0.01836	0.01803	0.01317	0.00853	0.00700	0.00213	0.00738	0.00650	0.00700	0.01175

[dist]
# distance from previous block
# <min> <max>
0	1

[block]
# block no. 2 follows, 30 sequences, length 7
# corresponding to MSA columns:
# 84-90
name=unknown_C
#
# <colnr> <probs for GDERKNQSTAVLIFYWHMCP>
#	G	D	E	R	K	N	Q	S	T	A	V	L	I	F	Y	W	H	M	C	P
0	0.01600	0.02041	0.12810	0.02716	0.07288	0.01702	0.48322	0.02169	0.01580	0.02211	0.01350	0.01774	0.01030	0.00625	0.00843	0.00226	0.04519	0.00734	0.00346	0.06112
1	0.01438	0.03342	0.61354	0.02137	0.03117	0.01643	0.12815	0.02214	0.01500	0.02214	0.01277	0.01537	0.00911	0.00651	0.00688	0.00223	0.01054	0.00563	0.00304	0.01017
2	0.01722	0.01804	0.12628	0.01786	0.08092	0.01673	0.01467	0.05807	0.37462	0.05447	0.02302	0.02558	0.01813	0.00953	0.00848	0.00241	0.06771	0.05003	0.00581	0.01042
3	0.01739	0.27212	0.38712	0.01699	0.02484	0.13013	0.01935	0.02260	0.01533	0.01946	0.01133	0.01324	0.00890	0.00650	0.00587	0.00191	0.00973	0.00459	0.00306	0.00952
4	0.01651	0.01129	0.01299	0.01115	0.01429	0.01157	0.00865	0.15947	0.11609	0.10198	0.26670	0.03925	0.11307	0.07352	0.00995	0.00259	0.00512	0.01007	0.00713	0.00860
5	0.00889	0.00682	0.00818	0.00863	0.01016	0.00611	0.00630	0.01095	0.01608	0.02093	0.21906	0.27918	0.30325	0.01822	0.00852	0.00251	0.00379	0.04962	0.00678	0.00602
6	0.01544	0.01471	0.02502	0.35340	0.41495	0.01610	0.02051	0.01981	0.01502	0.02058	0.01280	0.01787	0.01027	0.00656	0.00694	0.00219	0.00874	0.00621	0.00330	0.00958

[dist]
# distance from previous block
# <min> <max>
0	7

[block]
# block no. 3 follows, 30 sequences, length 51
# corresponding to MSA columns:
# 98-148
name=unknown_D
#
# <colnr> <probs for GDERKNQSTAVLIFYWHMCP>
#	G	D	E	R	K	N	Q	S	T	A	V	L	I	F	Y	W	H	M	C	P
0	0.01833	0.70023	0.06542	0.01252	0.01846	0.02689	0.01266	0.02080	0.01407	0.01668	0.00980	0.01150	0.00896	0.00623	0.00525	0.00158	0.03480	0.00388	0.00299	0.00896
1	0.03131	0.01188	0.01619	0.01242	0.01781	0.01026	0.01026	0.03401	0.01997	0.71606	0.02753	0.02375	0.01727	0.00864	0.00702	0.00216	0.00594	0.00702	0.00864	0.01188
2	0.00997	0.00748	0.01121	0.01121	0.01246	0.00872	0.00872	0.01246	0.01121	0.01620	0.01869	0.02741	0.01745	0.05234	0.72710	0.01121	0.01869	0.00748	0.00374	0.00623
3	0.77425	0.01343	0.01049	0.00930	0.01366	0.01545	0.00766	0.02103	0.01219	0.05771	0.01040	0.01181	0.00793	0.00656	0.00442	0.00216	0.00542	0.00390	0.00448	0.00772
4	0.01524	0.00865	0.00888	0.00808	0.01036	0.00900	0.00626	0.12696	0.01763	0.02898	0.02177	0.02449	0.01689	0.00817	0.00522	0.00170	0.00398	0.00647	0.66388	0.00739
5	0.00850	0.00607	0.00810	0.00972	0.01012	0.00567	0.00648	0.00972	0.01336	0.01781	0.03846	0.75020	0.04615	0.02186	0.00891	0.00283	0.00405	0.01984	0.00648	0.00567
6	0.80405	0.01350	0.01026	0.00918	0.01350	0.01565	0.00756	0.02051	0.01188	0.03131	0.00972	0.01134	0.00756	0.00648	0.00432	0.00216	0.00540	0.00378	0.00432	0.00756
7	0.01146	0.00752	0.00962	0.00887	0.01092	0.00680	0.00673	0.01451	0.01929	0.08427	0.57038	0.05166	0.14291	0.01423	0.00813	0.00221	0.00354	0.01242	0.00761	0.00694
8	0.00850	0.00607	0.00810	0.00972	0.01012	0.00567	0.00648	0.00972	0.01336	0.01781	0.03846	0.75020	0.04615	0.02186	0.00891	0.00283	0.00405	0.01984	0.00648	0.00567
9	0.01647	0.01882	0.04118	0.02941	0.03647	0.01765	0.68588	0.02235	0.01647	0.02235	0.01412	0.01882	0.01059	0.00588	0.00824	0.00235	0.01176	0.00824	0.00353	0.00941
10	0.00859	0.00614	0.00818	0.00965	0.01014	0.00573	0.00648	0.00995	0.01379	0.01849	0.08297	0.70376	0.04746	0.02136	0.00886	0.00279	0.00400	0.01936	0.00656	0.00573
11	0.02477	0.03112	0.01963	0.01779	0.02105	0.65209	0.01347	0.02656	0.01884	0.01703	0.01091	0.01325	0.00927	0.00897	0.02999	0.00218	0.06683	0.00471	0.00356	0.00800
12	0.02790	0.01240	0.01602	0.01249	0.01744	0.01146	0.01023	0.12694	0.02182	0.53098	0.11181	0.02631	0.02262	0.00931	0.00717	0.00215	0.00586	0.00762	0.00827	0.01121
13	0.80405	0.01350	0.01026	0.00918	0.01350	0.01565	0.00756	0.02051	0.01188	0.03131	0.00972	0.01134	0.00756	0.00648	0.00432	0.00216	0.00540	0.00378	0.00432	0.00756
14	0.01540	0.09649	0.57178	0.01874	0.02786	0.06452	0.02290	0.02327	0.05587	0.02170	0.01311	0.01496	0.00960	0.00678	0.00645	0.00213	0.00993	0.00515	0.00324	0.01009
15	0.02449	0.11604	0.02209	0.01585	0.02080	0.20749	0.01293	0.36432	0.09427	0.03193	0.01547	0.01589	0.01170	0.00787	0.00650	0.00197	0.00872	0.00565	0.00560	0.01042
16	0.01670	0.01352	0.01448	0.01290	0.01640	0.01524	0.01000	0.09212	0.47725	0.02965	0.11243	0.02912	0.02593	0.03476	0.00802	0.00241	0.00531	0.00831	0.06546	0.00999
17	0.00907	0.00658	0.00845	0.00906	0.01007	0.00608	0.00633	0.01105	0.01582	0.02152	0.29062	0.40355	0.10610	0.05029	0.00975	0.00273	0.00384	0.01631	0.00683	0.00597
18	0.01070	0.00867	0.01352	0.01286	0.01451	0.00831	0.10243	0.05200	0.01496	0.02001	0.03374	0.60355	0.03910	0.01881	0.00870	0.00272	0.00535	0.01740	0.00609	0.00656
19	0.01000	0.00735	0.01055	0.01055	0.01157	0.00836	0.00790	0.01204	0.01102	0.01571	0.01930	0.03077	0.01890	0.18134	0.60009	0.01040	0.01650	0.00797	0.00383	0.00586
20	0.00850	0.00607	0.00810	0.00972	0.01012	0.00567	0.00648	0.00972	0.01336	0.01781	0.03846	0.75020	0.04615	0.02186	0.00891	0.00283	0.00405	0.01984	0.00648	0.00567
21	0.00967	0.00712	0.00904	0.00856	0.01030	0.00650	0.00642	0.01277	0.01927	0.02683	0.62714	0.05402	0.14696	0.01470	0.00823	0.00222	0.00332	0.01289	0.00753	0.00650
22	0.00976	0.00698	0.00952	0.01097	0.01198	0.00673	0.00850	0.01197	0.01496	0.01984	0.08580	0.41638	0.04503	0.02023	0.00917	0.00295	0.00500	0.29165	0.00654	0.00605
23	0.00945	0.00712	0.00873	0.00833	0.01016	0.00640	0.00625	0.01234	0.01874	0.02558	0.54002	0.05608	0.23487	0.01516	0.00823	0.00224	0.00336	0.01317	0.00737	0.00640
24	0.01807	0.01572	0.01607	0.01428	0.01825	0.04399	0.01114	0.08255	0.60101	0.02975	0.05122	0.02580	0.02176	0.00948	0.00710	0.00232	0.00586	0.00782	0.00698	0.01083
25	0.80405	0.01350	0.01026	0.00918	0.01350	0.01565	0.00756	0.02051	0.01188	0.03131	0.00972	0.01134	0.00756	0.00648	0.00432	0.00216	0.00540	0.00378	0.00432	0.00756
26	0.01301	0.00650	0.00650	0.00650	0.00813	0.00650	0.00488	0.01626	0.01463	0.02602	0.02276	0.02602	0.01789	0.00813	0.00488	0.00163	0.00325	0.00650	0.79350	0.00650
27	0.01047	0.00739	0.00829	0.00798	0.00922	0.00707	0.00538	0.03724	0.01474	0.01991	0.17988	0.04964	0.19391	0.34243	0.02004	0.00421	0.00505	0.01135	0.06022	0.00557
28	0.02653	0.01955	0.02094	0.01606	0.02164	0.02164	0.01326	0.68796	0.03281	0.04398	0.01675	0.01675	0.01187	0.00838	0.00698	0.00209	0.00768	0.00628	0.00698	0.01187
29	0.00968	0.00712	0.00915	0.00926	0.01084	0.00659	0.00708	0.01249	0.01789	0.02443	0.43892	0.14617	0.14662	0.01642	0.00852	0.00245	0.00388	0.10896	0.00718	0.00635
30	0.80405	0.01350	0.01026	0.00918	0.01350	0.01565	0.00756	0.02051	0.01188	0.03131	0.00972	0.01134	0.00756	0.00648	0.00432	0.00216	0.00540	0.00378	0.00432	0.00756
31	0.01727	0.01658	0.02832	0.04283	0.71123	0.01658	0.02142	0.02142	0.01589	0.02280	0.01313	0.01727	0.01105	0.00622	0.00691	0.00207	0.00829	0.00622	0.00345	0.01105
32	0.00918	0.00751	0.00795	0.00775	0.01005	0.00658	0.00583	0.03598	0.01700	0.02107	0.15875	0.08841	0.56554	0.01699	0.00822	0.00234	0.00367	0.01430	0.00667	0.00621
33	0.43717	0.01219	0.01183	0.03431	0.01510	0.01334	0.00848	0.06566	0.01502	0.14244	0.01654	0.05642	0.01313	0.00997	0.03651	0.00253	0.00604	0.00588	0.08916	0.00829
34	0.01783	0.63075	0.15753	0.01335	0.02009	0.02559	0.01440	0.02111	0.01428	0.01743	0.01020	0.01182	0.00893	0.00609	0.00486	0.00162	0.00797	0.00398	0.00298	0.00920
35	0.02016	0.01559	0.01662	0.01369	0.01780	0.03681	0.01094	0.37284	0.12991	0.03563	0.17496	0.05564	0.04727	0.01062	0.00737	0.00219	0.00625	0.00866	0.00702	0.01004
36	0.01400	0.03610	0.71860	0.01989	0.03020	0.01621	0.02578	0.02210	0.01473	0.02210	0.01252	0.01473	0.00884	0.00663	0.00663	0.00221	0.01031	0.00516	0.00295	0.01031
37	0.00892	0.00710	0.00800	0.00777	0.00984	0.00618	0.00583	0.01131	0.01749	0.02261	0.33284	0.06097	0.44390	0.01627	0.00824	0.00229	0.00343	0.01386	0.00697	0.00618
38	0.01015	0.00677	0.00761	0.00761	0.00761	0.00677	0.00423	0.01015	0.01015	0.01353	0.02199	0.04567	0.02537	0.75476	0.03552	0.00677	0.00677	0.01015	0.00423	0.00423
39	0.01362	0.01285	0.02173	0.66316	0.11945	0.01562	0.01960	0.01822	0.01416	0.01836	0.01248	0.01846	0.00949	0.00690	0.00697	0.00230	0.00919	0.00620	0.00314	0.00811
40	0.00834	0.00707	0.00720	0.00717	0.00948	0.00593	0.00538	0.01020	0.01613	0.01939	0.10794	0.06628	0.67081	0.01747	0.00825	0.00235	0.00352	0.01460	0.00655	0.00593
41	0.01698	0.01480	0.01623	0.01440	0.01838	0.01693	0.03168	0.03559	0.65135	0.02858	0.02958	0.02739	0.04732	0.00967	0.00718	0.00237	0.00564	0.00816	0.00697	0.01080
42	0.01647	0.01882	0.04118	0.02941	0.03647	0.01765	0.68588	0.02235	0.01647	0.02235	0.01412	0.01882	0.01059	0.00588	0.00824	0.00235	0.01176	0.00824	0.00353	0.00941
43	0.01848	0.01555	0.01641	0.01443	0.01857	0.01788	0.01132	0.11673	0.61714	0.03100	0.02698	0.02490	0.02015	0.00933	0.00709	0.00233	0.00579	0.00769	0.00709	0.01115
44	0.01899	0.01898	0.02926	0.02226	0.02736	0.07304	0.31805	0.14358	0.12726	0.02617	0.01595	0.01865	0.01221	0.00784	0.00962	0.00236	0.10673	0.00726	0.00466	0.00977
45	0.01008	0.00674	0.00763	0.00770	0.00772	0.00672	0.00432	0.01013	0.01028	0.01371	0.02268	0.07539	0.02625	0.72383	0.03440	0.00660	0.00665	0.01056	0.00432	0.00429
46	0.00924	0.00687	0.00861	0.00867	0.01016	0.00624	0.00632	0.01176	0.01753	0.02387	0.42977	0.21826	0.18360	0.01669	0.00839	0.00238	0.00352	0.01471	0.00717	0.00624
47	0.02159	0.01629	0.01806	0.01353	0.01937	0.01607	0.01106	0.38430	0.02466	0.05627	0.01526	0.01601	0.01139	0.00703	0.00622	0.00165	0.00656	0.00540	0.00583	0.34346
48	0.00850	0.00607	0.00810	0.00972	0.01012	0.00567	0.00648	0.00972	0.01336	0.01781	0.03846	0.75020	0.04615	0.02186	0.00891	0.00283	0.00405	0.01984	0.00648	0.00567
49	0.01427	0.01425	0.02523	0.21130	0.03017	0.01631	0.22392	0.01774	0.01327	0.01828	0.01363	0.02214	0.01225	0.12801	0.01612	0.00324	0.20136	0.00744	0.00340	0.00767
50	0.01673	0.01735	0.01738	0.01815	0.10431	0.21668	0.01262	0.04393	0.01500	0.01840	0.01454	0.02007	0.01304	0.02727	0.32073	0.00607	0.10001	0.00626	0.00370	0.00775

[dist]
# distance from previous block
# <min> <max>
0	2

[block]
# block no. 4 follows, 30 sequences, length 25
# corresponding to MSA columns:
# 151-175
name=unknown_E
#
# <colnr> <probs for GDERKNQSTAVLIFYWHMCP>
#	G	D	E	R	K	N	Q	S	T	A	V	L	I	F	Y	W	H	M	C	P
0	0.01929	0.01506	0.02352	0.01727	0.02316	0.01382	0.21486	0.13229	0.01935	0.13201	0.06860	0.02043	0.01593	0.00713	0.00691	0.00187	0.00756	0.00682	0.00538	0.24874
1	0.15086	0.01552	0.02525	0.01886	0.02454	0.01503	0.30229	0.05678	0.06908	0.02534	0.01746	0.04457	0.04077	0.00730	0.00686	0.00208	0.00812	0.00724	0.00446	0.15760
2	0.11090	0.19017	0.02225	0.01539	0.01968	0.43198	0.01234	0.04661	0.05501	0.02002	0.01157	0.01300	0.00958	0.00700	0.00574	0.00181	0.01011	0.00449	0.00384	0.00850
3	0.01466	0.13925	0.62127	0.01876	0.02845	0.01783	0.02381	0.02193	0.01465	0.02129	0.01212	0.01423	0.00886	0.00654	0.00632	0.00211	0.00991	0.00495	0.00295	0.01012
4	0.01763	0.59904	0.18745	0.01370	0.02063	0.02509	0.01500	0.02116	0.01430	0.01767	0.01033	0.01198	0.00893	0.00612	0.00495	0.00165	0.00809	0.00405	0.00298	0.00926
5	0.01497	0.01431	0.02385	0.39700	0.30271	0.01650	0.01977	0.01912	0.01438	0.01966	0.01236	0.01776	0.00997	0.00720	0.00852	0.00230	0.08118	0.00620	0.00323	0.00902
6	0.00881	0.00709	0.00786	0.00766	0.00977	0.00613	0.00575	0.01111	0.01725	0.02203	0.29245	0.06192	0.48465	0.01649	0.00824	0.00230	0.00345	0.01399	0.00690	0.00613
7	0.02529	0.01725	0.01909	0.01481	0.01994	0.01860	0.01216	0.53407	0.02981	0.12448	0.09368	0.02148	0.01844	0.00905	0.00712	0.00211	0.00699	0.00707	0.00726	0.01129
8	0.01400	0.03610	0.71860	0.01989	0.03020	0.01621	0.02578	0.02210	0.01473	0.02210	0.01252	0.01473	0.00884	0.00663	0.00663	0.00221	0.01031	0.00516	0.00295	0.01031
9	0.00988	0.00710	0.00904	0.00855	0.01025	0.00653	0.00642	0.01305	0.01925	0.02719	0.63035	0.05224	0.11386	0.01428	0.00810	0.00218	0.00331	0.01254	0.03936	0.00653
10	0.01358	0.01282	0.02166	0.66942	0.11347	0.01561	0.01958	0.01818	0.01414	0.01832	0.01247	0.01847	0.00948	0.00690	0.00697	0.00230	0.00920	0.00620	0.00314	0.00808
11	0.01709	0.01640	0.02800	0.07365	0.68183	0.01653	0.02133	0.02126	0.01580	0.02258	0.01309	0.01733	0.01098	0.00625	0.00691	0.00208	0.00834	0.00622	0.00344	0.01091
12	0.00900	0.00650	0.00843	0.00918	0.01010	0.00602	0.00637	0.01089	0.01551	0.02109	0.26108	0.45652	0.09007	0.04354	0.00953	0.00273	0.00386	0.01683	0.00680	0.00594
13	0.00849	0.00613	0.00804	0.00958	0.01008	0.00568	0.00642	0.00973	0.01349	0.01787	0.04016	0.71421	0.08105	0.02164	0.00887	0.00281	0.00402	0.01957	0.00648	0.00568
14	0.02607	0.03326	0.01978	0.01798	0.02157	0.72674	0.01348	0.02787	0.01978	0.01708	0.01079	0.01258	0.00899	0.00719	0.00629	0.00180	0.01258	0.00449	0.00360	0.00809
15	0.02653	0.01955	0.02094	0.01606	0.02164	0.02164	0.01326	0.68796	0.03281	0.04398	0.01675	0.01675	0.01187	0.00838	0.00698	0.00209	0.00768	0.00628	0.00698	0.01187
16	0.80405	0.01350	0.01026	0.00918	0.01350	0.01565	0.00756	0.02051	0.01188	0.03131	0.00972	0.01134	0.00756	0.00648	0.00432	0.00216	0.00540	0.00378	0.00432	0.00756
17	0.01736	0.01499	0.01578	0.01420	0.01815	0.01736	0.01105	0.03708	0.69862	0.02919	0.02840	0.02604	0.02130	0.00947	0.00710	0.00237	0.00552	0.00789	0.00710	0.01105
18	0.01007	0.00673	0.00763	0.00771	0.00773	0.00671	0.00433	0.01013	0.01030	0.01373	0.02276	0.07850	0.02634	0.72060	0.03428	0.00658	0.00664	0.01060	0.00433	0.00430
19	0.00997	0.00748	0.01121	0.01121	0.01246	0.00872	0.00872	0.01246	0.01121	0.01620	0.01869	0.02741	0.01745	0.05234	0.72710	0.01121	0.01869	0.00748	0.00374	0.00623
20	0.01015	0.00677	0.00761	0.00761	0.00761	0.00677	0.00423	0.01015	0.01015	0.01353	0.02199	0.04567	0.02537	0.75476	0.03552	0.00677	0.00677	0.01015	0.00423	0.00423
21	0.02749	0.01799	0.01998	0.01532	0.02087	0.01934	0.01266	0.55569	0.03021	0.17991	0.01893	0.01817	0.01296	0.00843	0.00699	0.00211	0.00733	0.00643	0.00732	0.01187
22	0.01260	0.00798	0.01146	0.01084	0.01084	0.00921	0.00778	0.01073	0.00950	0.01318	0.01229	0.02191	0.01255	0.07861	0.02703	0.57496	0.15496	0.00639	0.00313	0.00405
23	0.02252	0.01906	0.01821	0.01506	0.01939	0.13302	0.01204	0.38431	0.10685	0.03372	0.04588	0.02004	0.01551	0.01324	0.08375	0.00304	0.00909	0.00658	0.02853	0.01019
24	0.02529	0.02103	0.01880	0.01518	0.02020	0.21543	0.01210	0.28476	0.04779	0.14395	0.01669	0.01676	0.01208	0.00770	0.00656	0.00189	0.00836	0.00568	0.00594	0.11381

[dist]
# distance from previous block
# <min> <max>
1	15

[block]
# block no. 5 follows, 30 sequences, length 139
# corresponding to MSA columns:
# 191-212,296-412
name=unknown_F
#
# <colnr> <probs for GDERKNQSTAVLIFYWHMCP>
#	G	D	E	R	K	N	Q	S	T	A	V	L	I	F	Y	W	H	M	C	P
0	0.28888	0.09786	0.02149	0.01512	0.01997	0.04016	0.13794	0.10013	0.03894	0.05001	0.01533	0.03721	0.03195	0.00773	0.00682	0.00214	0.04304	0.00609	0.00461	0.03457
1	0.01922	0.18644	0.20775	0.01685	0.02318	0.11837	0.07625	0.08537	0.06304	0.06782	0.01474	0.01694	0.01151	0.03278	0.02846	0.00242	0.00942	0.00567	0.00419	0.00960
2	0.04572	0.01385	0.01968	0.03977	0.12398	0.01349	0.07643	0.11774	0.05450	0.17818	0.02026	0.09979	0.01668	0.00931	0.00754	0.02399	0.00685	0.00782	0.00573	0.11871
3	0.00963	0.00705	0.00949	0.00964	0.01032	0.00675	0.03771	0.01069	0.01259	0.01682	0.06690	0.36309	0.05881	0.32526	0.01988	0.00440	0.00549	0.01471	0.00547	0.00530
4	0.01866	0.75896	0.03657	0.01194	0.01791	0.02761	0.01194	0.02090	0.01418	0.01642	0.00970	0.01119	0.00896	0.00597	0.00448	0.00149	0.00746	0.00373	0.00299	0.00896
5	0.00838	0.00675	0.00748	0.00798	0.00968	0.00584	0.00572	0.01002	0.01521	0.01881	0.08109	0.28748	0.47330	0.01892	0.00846	0.00251	0.00369	0.01631	0.00652	0.00584
6	0.01736	0.01499	0.01578	0.01420	0.01815	0.01736	0.01105	0.03708	0.69862	0.02919	0.02840	0.02604	0.02130	0.00947	0.00710	0.00237	0.00552	0.00789	0.00710	0.01105
7	0.00850	0.00607	0.00810	0.00972	0.01012	0.00567	0.00648	0.00972	0.01336	0.01781	0.03846	0.75020	0.04615	0.02186	0.00891	0.00283	0.00405	0.01984	0.00648	0.00567
8	0.01708	0.01044	0.01086	0.00938	0.01220	0.01107	0.00741	0.21877	0.02011	0.03143	0.02095	0.02322	0.01607	0.00820	0.00551	0.00177	0.00459	0.00644	0.55637	0.00812
9	0.02963	0.01150	0.01566	0.01213	0.01724	0.00997	0.00997	0.03238	0.01996	0.66217	0.08078	0.02597	0.02108	0.00908	0.00711	0.00216	0.00573	0.00746	0.00856	0.01146
10	0.01647	0.01882	0.04118	0.02941	0.03647	0.01765	0.68588	0.02235	0.01647	0.02235	0.01412	0.01882	0.01059	0.00588	0.00824	0.00235	0.01176	0.00824	0.00353	0.00941
11	0.01380	0.01304	0.02205	0.63252	0.14868	0.01567	0.01969	0.01837	0.01425	0.01858	0.01251	0.01840	0.00957	0.00686	0.00697	0.00229	0.00915	0.00620	0.00315	0.00825
12	0.01366	0.01278	0.02151	0.60618	0.13967	0.01530	0.01928	0.01817	0.01432	0.01867	0.01366	0.02125	0.01100	0.00745	0.00709	0.00233	0.00902	0.03717	0.00331	0.00815
13	0.01638	0.01331	0.01865	0.08515	0.07446	0.03756	0.09281	0.10981	0.03932	0.05649	0.02077	0.02645	0.05168	0.06102	0.09006	0.00351	0.05614	0.02758	0.11046	0.00838
14	0.01625	0.01582	0.02741	0.12123	0.48176	0.01610	0.10207	0.02129	0.04786	0.02226	0.01668	0.02046	0.04515	0.00698	0.00715	0.00217	0.00848	0.00696	0.00374	0.01020
15	0.08096	0.01553	0.01635	0.01394	0.01834	0.01747	0.01109	0.18857	0.42622	0.07579	0.02535	0.02373	0.03721	0.00916	0.00688	0.00227	0.00599	0.00733	0.00694	0.01088
16	0.04756	0.05208	0.01886	0.04008	0.07726	0.09003	0.03189	0.13648	0.11383	0.16951	0.02420	0.05112	0.06069	0.00965	0.00705	0.00221	0.00721	0.04429	0.00610	0.00989
17	0.01643	0.04663	0.30182	0.01635	0.02269	0.07011	0.04022	0.04550	0.11322	0.06906	0.06266	0.02448	0.08646	0.00908	0.00775	0.00223	0.04383	0.00719	0.00477	0.00952
18	0.01704	0.01470	0.01563	0.01377	0.01797	0.01647	0.01074	0.03493	0.62303	0.02848	0.02663	0.02476	0.02009	0.00899	0.00689	0.00222	0.00548	0.00747	0.00677	0.09793
19	0.01866	0.75896	0.03657	0.01194	0.01791	0.02761	0.01194	0.02090	0.01418	0.01642	0.00970	0.01119	0.00896	0.00597	0.00448	0.00149	0.00746	0.00373	0.00299	0.00896
20	0.02491	0.03124	0.02030	0.01921	0.05486	0.64472	0.01399	0.02681	0.01897	0.01734	0.01079	0.01299	0.00910	0.00748	0.00744	0.00190	0.06151	0.00469	0.00355	0.00820
21	0.01318	0.01240	0.02093	0.73798	0.04806	0.01550	0.01938	0.01783	0.01395	0.01783	0.01240	0.01860	0.00930	0.00698	0.00698	0.00233	0.00930	0.00620	0.00310	0.00775
22	0.01015	0.00677	0.00761	0.00761	0.00761	0.00677	0.00423	0.01015	0.01015	0.01353	0.02199	0.04567	0.02537	0.75476	0.03552	0.00677	0.00677	0.01015	0.00423	0.00423
23	0.01015	0.00677	0.00761	0.00761	0.00761	0.00677	0.00423	0.01015	0.01015	0.01353	0.02199	0.04567	0.02537	0.75476	0.03552	0.00677	0.00677	0.01015	0.00423	0.00423
24	0.01212	0.00606	0.00909	0.00909	0.00909	0.00606	0.00606	0.00909	0.00909	0.01212	0.01212	0.02121	0.01212	0.02424	0.02727	0.79697	0.00606	0.00606	0.00303	0.00303
25	0.02607	0.03326	0.01978	0.01798	0.02157	0.72674	0.01348	0.02787	0.01978	0.01708	0.01079	0.01258	0.00899	0.00719	0.00629	0.00180	0.01258	0.00449	0.00360	0.00809
26	0.01318	0.01240	0.02093	0.73798	0.04806	0.01550	0.01938	0.01783	0.01395	0.01783	0.01240	0.01860	0.00930	0.00698	0.00698	0.00233	0.00930	0.00620	0.00310	0.00775
27	0.01253	0.00950	0.01220	0.01314	0.01524	0.01000	0.01120	0.01923	0.15992	0.02263	0.03515	0.06761	0.03619	0.01721	0.00910	0.00303	0.00624	0.52592	0.00657	0.00740
28	0.00900	0.00643	0.00866	0.01028	0.01090	0.00609	0.00734	0.01057	0.01385	0.01837	0.03819	0.62944	0.04508	0.02140	0.00904	0.00290	0.00448	0.13574	0.00647	0.00580
29	0.01424	0.01372	0.01975	0.01691	0.01735	0.01830	0.04590	0.01586	0.01094	0.01659	0.01182	0.02034	0.01199	0.11137	0.07962	0.00415	0.55387	0.00684	0.00328	0.00717
30	0.00838	0.00697	0.00732	0.00745	0.00956	0.00592	0.00551	0.01020	0.01591	0.01936	0.11036	0.13464	0.59871	0.01786	0.00831	0.00239	0.00357	0.01510	0.00656	0.00592
31	0.01514	0.01480	0.02025	0.01702	0.01803	0.01942	0.01413	0.01692	0.01130	0.01776	0.00969	0.01514	0.00935	0.01107	0.02002	0.00273	0.62242	0.00579	0.00323	0.13579
32	0.00916	0.00645	0.00839	0.00969	0.01017	0.00617	0.00663	0.01038	0.01307	0.01736	0.03510	0.53205	0.04141	0.16298	0.01413	0.00364	0.00486	0.09685	0.00604	0.00548
33	0.00981	0.00724	0.00906	0.00988	0.01112	0.00686	0.00720	0.04365	0.01570	0.02067	0.11097	0.45008	0.15396	0.01943	0.00873	0.00270	0.00435	0.09577	0.00662	0.00619
34	0.01335	0.01274	0.02200	0.70052	0.04745	0.01562	0.05462	0.01807	0.01409	0.01807	0.01249	0.01862	0.00937	0.00692	0.00704	0.00233	0.00943	0.00631	0.00312	0.00784
35	0.01011	0.00692	0.00837	0.00837	0.00864	0.00718	0.00518	0.01064	0.01037	0.01409	0.02129	0.04181	0.02370	0.60645	0.18154	0.00770	0.00928	0.00958	0.00412	0.00465
36	0.74207	0.01398	0.01111	0.00973	0.01414	0.01613	0.00801	0.07372	0.01354	0.03232	0.01028	0.01177	0.00790	0.00663	0.00453	0.00215	0.00558	0.00398	0.00453	0.00790
37	0.00962	0.00752	0.00877	0.00838	0.01043	0.00688	0.00631	0.01317	0.05411	0.02440	0.41707	0.05676	0.32034	0.01537	0.00818	0.00227	0.00351	0.01321	0.00717	0.00654
38	0.02006	0.51150	0.09614	0.01418	0.01997	0.19987	0.01362	0.02274	0.01562	0.01711	0.01023	0.01187	0.00895	0.00633	0.00513	0.00164	0.00900	0.00405	0.00313	0.00887
39	0.01490	0.00946	0.01119	0.01006	0.01262	0.00996	0.03912	0.02202	0.17749	0.06209	0.02368	0.02627	0.01853	0.03492	0.05053	0.00261	0.00539	0.00712	0.45413	0.00792
40	0.02201	0.16012	0.04997	0.01778	0.02336	0.11437	0.13412	0.29178	0.04306	0.02914	0.01422	0.01589	0.01090	0.00782	0.00731	0.02833	0.00899	0.00592	0.00490	0.01001
41	0.01951	0.09050	0.07464	0.01725	0.04229	0.01772	0.10570	0.22350	0.01971	0.08012	0.01608	0.02089	0.01326	0.10375	0.04707	0.00321	0.08362	0.00680	0.00493	0.00944
42	0.01212	0.00606	0.00909	0.00909	0.00909	0.00606	0.00606	0.00909	0.00909	0.01212	0.01212	0.02121	0.01212	0.02424	0.02727	0.79697	0.00606	0.00606	0.00303	0.00303
43	0.00857	0.00612	0.00816	0.00967	0.01014	0.00571	0.00648	0.00988	0.01366	0.01829	0.06994	0.71736	0.04708	0.02150	0.00888	0.00280	0.00401	0.01950	0.00653	0.00571
44	0.01042	0.00845	0.01239	0.01209	0.01368	0.00825	0.07512	0.01436	0.09004	0.02057	0.10339	0.52540	0.04186	0.01811	0.00857	0.00267	0.00491	0.01662	0.00637	0.00673
45	0.01644	0.01611	0.02859	0.16481	0.51018	0.01652	0.10289	0.02089	0.01562	0.02186	0.01312	0.01770	0.01068	0.00631	0.00708	0.00215	0.00890	0.00646	0.00340	0.01026
46	0.02641	0.01138	0.01501	0.01198	0.01661	0.01032	0.00972	0.03083	0.08459	0.53591	0.14098	0.02870	0.02575	0.00965	0.00723	0.00218	0.00546	0.00803	0.00833	0.01091
47	0.01112	0.00794	0.01110	0.01270	0.01425	0.00792	0.01102	0.01423	0.01594	0.02074	0.03702	0.11031	0.04044	0.01940	0.00960	0.00320	0.00631	0.63393	0.00643	0.00639
48	0.01301	0.00650	0.00650	0.00650	0.00813	0.00650	0.00488	0.01626	0.01463	0.02602	0.02276	0.02602	0.01789	0.00813	0.00488	0.00163	0.00325	0.00650	0.79350	0.00650
49	0.80405	0.01350	0.01026	0.00918	0.01350	0.01565	0.00756	0.02051	0.01188	0.03131	0.00972	0.01134	0.00756	0.00648	0.00432	0.00216	0.00540	0.00378	0.00432	0.00756
50	0.02653	0.01955	0.02094	0.01606	0.02164	0.02164	0.01326	0.68796	0.03281	0.04398	0.01675	0.01675	0.01187	0.00838	0.00698	0.00209	0.00768	0.00628	0.00698	0.01187
51	0.01043	0.00727	0.00940	0.00878	0.01059	0.00665	0.00662	0.01361	0.01952	0.04855	0.64718	0.05219	0.10419	0.01430	0.00819	0.00220	0.00339	0.01258	0.00764	0.00670
52	0.01400	0.03610	0.71860	0.01989	0.03020	0.01621	0.02578	0.02210	0.01473	0.02210	0.01252	0.01473	0.00884	0.00663	0.00663	0.00221	0.01031	0.00516	0.00295	0.01031
53	0.00850	0.00708	0.00742	0.00733	0.00958	0.00600	0.00550	0.01050	0.01650	0.02027	0.16952	0.06482	0.60868	0.01714	0.00824	0.00233	0.00350	0.01440	0.00667	0.00600
54	0.01318	0.01240	0.02093	0.73798	0.04806	0.01550	0.01938	0.01783	0.01395	0.01783	0.01240	0.01860	0.00930	0.00698	0.00698	0.00233	0.00930	0.00620	0.00310	0.00775
55	0.01780	0.01521	0.01603	0.01429	0.01832	0.01757	0.01115	0.06870	0.66627	0.02991	0.02784	0.02558	0.02084	0.00941	0.00709	0.00235	0.00563	0.00781	0.00709	0.01109
56	0.00975	0.00713	0.00915	0.00865	0.01035	0.00653	0.00649	0.01292	0.01946	0.02728	0.65831	0.05329	0.11552	0.01453	0.00823	0.00221	0.00331	0.01278	0.00759	0.00653
57	0.00997	0.00748	0.01121	0.01121	0.01246	0.00872	0.00872	0.01246	0.01121	0.01620	0.01869	0.02741	0.01745	0.05234	0.72710	0.01121	0.01869	0.00748	0.00374	0.00623
58	0.01435	0.00837	0.01063	0.00946	0.01207	0.00760	0.00730	0.01783	0.04139	0.17044	0.44674	0.04762	0.15161	0.01345	0.00794	0.00222	0.00395	0.01161	0.00768	0.00773
59	0.80405	0.01350	0.01026	0.00918	0.01350	0.01565	0.00756	0.02051	0.01188	0.03131	0.00972	0.01134	0.00756	0.00648	0.00432	0.00216	0.00540	0.00378	0.00432	0.00756
60	0.02160	0.01499	0.01970	0.01620	0.01870	0.01819	0.01343	0.12827	0.03574	0.21731	0.01604	0.01818	0.01220	0.01053	0.01550	0.00263	0.39944	0.00644	0.00535	0.00959
61	0.01443	0.01368	0.02319	0.52579	0.25050	0.01583	0.02000	0.01892	0.01454	0.01935	0.01262	0.01820	0.00984	0.00675	0.00696	0.00225	0.00899	0.00621	0.00321	0.00876
62	0.01658	0.01852	0.03944	0.03122	0.12757	0.01750	0.59617	0.02223	0.01639	0.02241	0.01398	0.01861	0.01065	0.00593	0.00806	0.00232	0.01130	0.00796	0.00352	0.00963
63	0.13439	0.01209	0.01540	0.01198	0.01724	0.01098	0.00990	0.03221	0.01889	0.62471	0.02515	0.02210	0.01598	0.00835	0.00666	0.00216	0.00587	0.00659	0.00806	0.01130
64	0.01372	0.01289	0.02164	0.53804	0.14178	0.01513	0.04029	0.01863	0.03824	0.01911	0.01488	0.06796	0.01250	0.00792	0.00714	0.00232	0.00875	0.00725	0.00353	0.00827
65	0.03063	0.01203	0.01617	0.01250	0.01783	0.01060	0.01029	0.03416	0.05295	0.68269	0.02757	0.02386	0.01747	0.00868	0.00702	0.00217	0.00592	0.00706	0.00856	0.01184
66	0.01789	0.00918	0.01181	0.01015	0.01329	0.00834	0.00803	0.04298	0.01955	0.26529	0.33640	0.04215	0.10329	0.01231	0.00766	0.00220	0.00448	0.03166	0.04481	0.00852
67	0.00880	0.00685	0.00802	0.00842	0.01006	0.00607	0.00617	0.01080	0.01601	0.02055	0.19189	0.25194	0.36227	0.01819	0.00849	0.00249	0.00376	0.04648	0.00673	0.00600
68	0.00890	0.00719	0.00797	0.00803	0.01017	0.00626	0.00620	0.01112	0.01669	0.02089	0.19421	0.06540	0.50794	0.01717	0.00839	0.00242	0.00380	0.08443	0.00671	0.00609
69	0.02653	0.01955	0.02094	0.01606	0.02164	0.02164	0.01326	0.68796	0.03281	0.04398	0.01675	0.01675	0.01187	0.00838	0.00698	0.00209	0.00768	0.00628	0.00698	0.01187
70	0.01318	0.01240	0.02093	0.73798	0.04806	0.01550	0.01938	0.01783	0.01395	0.01783	0.01240	0.01860	0.00930	0.00698	0.00698	0.00233	0.00930	0.00620	0.00310	0.00775
71	0.00850	0.00607	0.00810	0.00972	0.01012	0.00567	0.00648	0.00972	0.01336	0.01781	0.03846	0.75020	0.04615	0.02186	0.00891	0.00283	0.00405	0.01984	0.00648	0.00567
72	0.02653	0.01955	0.02094	0.01606	0.02164	0.02164	0.01326	0.68796	0.03281	0.04398	0.01675	0.01675	0.01187	0.00838	0.00698	0.00209	0.00768	0.00628	0.00698	0.01187
73	0.01436	0.00781	0.00795	0.00746	0.00948	0.00802	0.00572	0.08361	0.01646	0.02782	0.02216	0.02509	0.01728	0.00815	0.00509	0.00167	0.00370	0.00648	0.71463	0.00704
74	0.01400	0.03610	0.71860	0.01989	0.03020	0.01621	0.02578	0.02210	0.01473	0.02210	0.01252	0.01473	0.00884	0.00663	0.00663	0.00221	0.01031	0.00516	0.00295	0.01031
75	0.01318	0.01240	0.02093	0.73798	0.04806	0.01550	0.01938	0.01783	0.01395	0.01783	0.01240	0.01860	0.00930	0.00698	0.00698	0.00233	0.00930	0.00620	0.00310	0.00775
76	0.02922	0.01204	0.01593	0.01248	0.01761	0.01085	0.01022	0.03365	0.08802	0.62519	0.04935	0.02489	0.01923	0.00890	0.00706	0.00218	0.00581	0.00728	0.00845	0.01162
77	0.80405	0.01350	0.01026	0.00918	0.01350	0.01565	0.00756	0.02051	0.01188	0.03131	0.00972	0.01134	0.00756	0.00648	0.00432	0.00216	0.00540	0.00378	0.00432	0.00756
78	0.01736	0.01499	0.01578	0.01420	0.01815	0.01736	0.01105	0.03708	0.69862	0.02919	0.02840	0.02604	0.02130	0.00947	0.00710	0.00237	0.00552	0.00789	0.00710	0.01105
79	0.01318	0.01240	0.02093	0.73798	0.04806	0.01550	0.01938	0.01783	0.01395	0.01783	0.01240	0.01860	0.00930	0.00698	0.00698	0.00233	0.00930	0.00620	0.00310	0.00775
80	0.01015	0.00677	0.00761	0.00761	0.00761	0.00677	0.00423	0.01015	0.01015	0.01353	0.02199	0.04567	0.02537	0.75476	0.03552	0.00677	0.00677	0.01015	0.00423	0.00423
81	0.02498	0.03145	0.01994	0.01801	0.02125	0.65601	0.01366	0.02676	0.01886	0.01705	0.01062	0.01285	0.00901	0.00769	0.00796	0.00192	0.08572	0.00466	0.00354	0.00804
82	0.00988	0.00713	0.00933	0.00878	0.01043	0.00658	0.00658	0.01317	0.01975	0.02798	0.70754	0.05213	0.06584	0.01427	0.00823	0.00219	0.00329	0.01262	0.00768	0.00658
83	0.01318	0.01240	0.02093	0.73798	0.04806	0.01550	0.01938	0.01783	0.01395	0.01783	0.01240	0.01860	0.00930	0.00698	0.00698	0.00233	0.00930	0.00620	0.00310	0.00775
84	0.80405	0.01350	0.01026	0.00918	0.01350	0.01565	0.00756	0.02051	0.01188	0.03131	0.00972	0.01134	0.00756	0.00648	0.00432	0.00216	0.00540	0.00378	0.00432	0.00756
85	0.01684	0.01332	0.01440	0.01263	0.01617	0.01477	0.00989	0.14219	0.37540	0.03092	0.16006	0.03090	0.05100	0.01039	0.00717	0.00223	0.00522	0.00866	0.06806	0.00979
86	0.02607	0.03326	0.01978	0.01798	0.02157	0.72674	0.01348	0.02787	0.01978	0.01708	0.01079	0.01258	0.00899	0.00719	0.00629	0.00180	0.01258	0.00449	0.00360	0.00809
87	0.01866	0.75896	0.03657	0.01194	0.01791	0.02761	0.01194	0.02090	0.01418	0.01642	0.00970	0.01119	0.00896	0.00597	0.00448	0.00149	0.00746	0.00373	0.00299	0.00896
88	0.01658	0.43667	0.34065	0.01548	0.02339	0.02253	0.01811	0.02143	0.01443	0.01895	0.01096	0.01277	0.00890	0.00626	0.00544	0.00181	0.00873	0.00437	0.00297	0.00956
89	0.80405	0.01350	0.01026	0.00918	0.01350	0.01565	0.00756	0.02051	0.01188	0.03131	0.00972	0.01134	0.00756	0.00648	0.00432	0.00216	0.00540	0.00378	0.00432	0.00756
90	0.01673	0.01748	0.01923	0.01688	0.01778	0.15489	0.01369	0.01851	0.01273	0.01738	0.01118	0.01650	0.01041	0.01453	0.08065	0.00344	0.49117	0.00594	0.05334	0.00753
91	0.00988	0.00713	0.00933	0.00878	0.01043	0.00658	0.00658	0.01317	0.01975	0.02798	0.70754	0.05213	0.06584	0.01427	0.00823	0.00219	0.00329	0.01262	0.00768	0.00658
92	0.03131	0.01188	0.01619	0.01242	0.01781	0.01026	0.01026	0.03401	0.01997	0.71606	0.02753	0.02375	0.01727	0.00864	0.00702	0.00216	0.00594	0.00702	0.00864	0.01188
93	0.02607	0.03326	0.01978	0.01798	0.02157	0.72674	0.01348	0.02787	0.01978	0.01708	0.01079	0.01258	0.00899	0.00719	0.00629	0.00180	0.01258	0.00449	0.00360	0.00809
94	0.01015	0.00677	0.00761	0.00761	0.00761	0.00677	0.00423	0.01015	0.01015	0.01353	0.02199	0.04567	0.02537	0.75476	0.03552	0.00677	0.00677	0.01015	0.00423	0.00423
95	0.00982	0.00713	0.00925	0.00872	0.01039	0.00656	0.00654	0.01306	0.01962	0.02768	0.68633	0.05263	0.08725	0.01438	0.00823	0.00220	0.00330	0.01269	0.00764	0.00656
96	0.01400	0.03610	0.71860	0.01989	0.03020	0.01621	0.02578	0.02210	0.01473	0.02210	0.01252	0.01473	0.00884	0.00663	0.00663	0.00221	0.01031	0.00516	0.00295	0.01031
97	0.01736	0.01499	0.01578	0.01420	0.01815	0.01736	0.01105	0.03708	0.69862	0.02919	0.02840	0.02604	0.02130	0.00947	0.00710	0.00237	0.00552	0.00789	0.00710	0.01105
98	0.04895	0.03510	0.68726	0.01942	0.02946	0.01618	0.02498	0.02203	0.01461	0.02251	0.01240	0.01458	0.00878	0.00662	0.00653	0.00221	0.01010	0.00510	0.00301	0.01019
99	0.01647	0.01882	0.04118	0.02941	0.03647	0.01765	0.68588	0.02235	0.01647	0.02235	0.01412	0.01882	0.01059	0.00588	0.00824	0.00235	0.01176	0.00824	0.00353	0.00941
100	0.01834	0.00891	0.01162	0.00998	0.01310	0.00793	0.00782	0.02117	0.01891	0.29802	0.31459	0.07330	0.09304	0.01228	0.00757	0.00219	0.00439	0.01053	0.05774	0.00857
101	0.00832	0.00707	0.00717	0.00714	0.00947	0.00592	0.00536	0.01015	0.01608	0.01926	0.09887	0.06649	0.67997	0.01752	0.00825	0.00235	0.00352	0.01463	0.00653	0.00592
102	0.00989	0.00742	0.01082	0.01079	0.01207	0.00843	0.00832	0.01231	0.01181	0.01680	0.05367	0.03102	0.05272	0.07047	0.63797	0.01023	0.01688	0.00814	0.00407	0.00617
103	0.00907	0.00669	0.00857	0.00953	0.01064	0.00618	0.00694	0.01102	0.01529	0.02022	0.16386	0.42339	0.15718	0.01947	0.00878	0.00269	0.00415	0.10367	0.00669	0.00597
104	0.01803	0.66211	0.12794	0.01301	0.01956	0.02608	0.01379	0.02106	0.01425	0.01718	0.01008	0.01167	0.00894	0.00606	0.00477	0.00159	0.00784	0.00392	0.00298	0.00914
105	0.14081	0.14320	0.02115	0.01548	0.01980	0.42328	0.01233	0.10729	0.01933	0.02242	0.01119	0.01269	0.00913	0.00704	0.00580	0.00184	0.01010	0.00449	0.00403	0.00861
106	0.01683	0.16199	0.44821	0.01720	0.02555	0.01869	0.02026	0.13038	0.01758	0.02484	0.01319	0.01496	0.00978	0.00687	0.00622	0.00203	0.00904	0.00515	0.04108	0.01014
107	0.00959	0.00712	0.00893	0.00848	0.01025	0.00646	0.00636	0.01261	0.01907	0.02636	0.59442	0.05480	0.17998	0.01487	0.00823	0.00222	0.00334	0.01299	0.00747	0.00646
108	0.02094	0.01451	0.01615	0.01382	0.01815	0.01590	0.01094	0.09944	0.46653	0.17537	0.05084	0.02556	0.02109	0.00935	0.00711	0.00229	0.00574	0.00771	0.00743	0.01114
109	0.02653	0.01955	0.02094	0.01606	0.02164	0.02164	0.01326	0.68796	0.03281	0.04398	0.01675	0.01675	0.01187	0.00838	0.00698	0.00209	0.00768	0.00628	0.00698	0.01187
