[name]
unknown

[dist]
# distance from previous block
# <min> <max>
0	20

[block]
# block no. 0 follows, 33 sequences, length 17
# corresponding to MSA columns:
# 22-38
name=unknown_A
#
# <colnr> <probs for GDERKNQSTAVLIFYWHMCP>
#	G	D	E	R	K	N	Q	S	T	A	V	L	I	F	Y	W	H	M	C	P
0	0.01506	0.01381	0.06377	0.01339	0.01684	0.06777	0.08099	0.07909	0.10937	0.08187	0.08461	0.18519	0.08646	0.03527	0.00816	0.00238	0.00629	0.03606	0.00570	0.00793
1	0.01786	0.05483	0.29404	0.01766	0.06505	0.22523	0.01677	0.06054	0.05951	0.04550	0.01602	0.04319	0.04013	0.00762	0.00630	0.00197	0.00910	0.00584	0.00388	0.00897
2	0.01867	0.15447	0.10561	0.02337	0.25192	0.23646	0.01593	0.04783	0.01638	0.01954	0.02737	0.01540	0.02616	0.00662	0.00597	0.00181	0.00891	0.00516	0.00344	0.00899
3	0.00886	0.00647	0.00846	0.00887	0.00991	0.00638	0.00640	0.01051	0.01315	0.01769	0.14479	0.24983	0.14610	0.09008	0.18483	0.03446	0.00726	0.03510	0.00538	0.00546
4	0.06503	0.24712	0.12729	0.08273	0.07261	0.13100	0.04068	0.08401	0.01603	0.02049	0.01374	0.01563	0.04383	0.00678	0.00568	0.00182	0.00827	0.00510	0.00355	0.00860
5	0.01680	0.12607	0.09438	0.02685	0.29471	0.01708	0.15914	0.06846	0.03721	0.04677	0.01409	0.04361	0.01163	0.00666	0.00651	0.00198	0.00822	0.00638	0.00378	0.00965
6	0.01012	0.00712	0.00872	0.00928	0.01036	0.00698	0.00640	0.01330	0.09314	0.04723	0.07285	0.46781	0.08192	0.11887	0.01144	0.00303	0.00433	0.01502	0.00604	0.00604
7	0.01603	0.00926	0.03491	0.01010	0.01295	0.00813	0.00824	0.01970	0.06082	0.22877	0.13465	0.15293	0.07247	0.01241	0.00712	0.00220	0.00462	0.07976	0.11709	0.00785
8	0.06518	0.01805	0.17171	0.04079	0.06920	0.01429	0.14734	0.11861	0.01689	0.11493	0.01769	0.12082	0.01509	0.00873	0.00728	0.00219	0.02962	0.00778	0.00470	0.00910
9	0.01488	0.28671	0.22860	0.05803	0.09642	0.04334	0.04171	0.01897	0.01421	0.01851	0.03886	0.04069	0.05833	0.00736	0.00585	0.00186	0.00784	0.00589	0.00336	0.00859
10	0.00817	0.00591	0.00777	0.00919	0.00977	0.00551	0.00633	0.00948	0.01293	0.01706	0.03825	0.67175	0.08939	0.02020	0.00841	0.00267	0.00393	0.06177	0.00611	0.00541
11	0.01320	0.03405	0.73453	0.01876	0.02849	0.01529	0.02432	0.02085	0.01390	0.02085	0.01181	0.01390	0.00834	0.00625	0.00625	0.00208	0.00973	0.00486	0.00278	0.00973
12	0.01530	0.01488	0.02113	0.16329	0.38592	0.08151	0.01638	0.04421	0.01558	0.02054	0.04623	0.07114	0.05934	0.00815	0.00674	0.00205	0.00761	0.00734	0.00387	0.00880
13	0.01642	0.01921	0.17007	0.02166	0.02795	0.01506	0.37200	0.04612	0.03619	0.09918	0.01645	0.05554	0.01306	0.00744	0.00780	0.00223	0.03412	0.02622	0.00416	0.00912
14	0.01320	0.03405	0.73453	0.01876	0.02849	0.01529	0.02432	0.02085	0.01390	0.02085	0.01181	0.01390	0.00834	0.00625	0.00625	0.00208	0.00973	0.00486	0.00278	0.00973
15	0.00816	0.00579	0.00760	0.00899	0.00934	0.00544	0.00592	0.00920	0.01234	0.01645	0.03491	0.70058	0.04181	0.08675	0.01062	0.00300	0.00405	0.01791	0.00592	0.00523
16	0.01346	0.04944	0.57515	0.01834	0.02694	0.01528	0.07740	0.02124	0.06167	0.02103	0.01556	0.01726	0.04426	0.00687	0.00643	0.00209	0.00915	0.00568	0.00325	0.00947

[dist]
# distance from previous block
# <min> <max>
1	5

[block]
# block no. 1 follows, 33 sequences, length 37
# corresponding to MSA columns:
# 44-80
name=unknown_B
#
# <colnr> <probs for GDERKNQSTAVLIFYWHMCP>
#	G	D	E	R	K	N	Q	S	T	A	V	L	I	F	Y	W	H	M	C	P
0	0.50222	0.01272	0.01268	0.01071	0.01476	0.01404	0.05526	0.07124	0.06924	0.04913	0.05197	0.01969	0.07730	0.00781	0.00532	0.00208	0.00543	0.00578	0.00488	0.00774
1	0.02863	0.06515	0.09841	0.01061	0.01416	0.05088	0.00948	0.05063	0.08645	0.02284	0.24036	0.03950	0.23407	0.01175	0.00701	0.00206	0.00517	0.00974	0.00572	0.00736
2	0.01709	0.01065	0.01439	0.01141	0.01559	0.00933	0.06008	0.04966	0.03374	0.22009	0.12196	0.09456	0.09213	0.00983	0.00670	0.00186	0.00516	0.00854	0.00610	0.21111
3	0.11793	0.11394	0.01864	0.01292	0.01773	0.01822	0.01075	0.29128	0.19452	0.06588	0.01711	0.01687	0.01271	0.00747	0.00590	0.00192	0.00623	0.00561	0.00573	0.05864
4	0.01891	0.01187	0.01427	0.01076	0.01587	0.01020	0.00870	0.10809	0.01772	0.21838	0.07610	0.02072	0.03757	0.00721	0.00589	0.00152	0.00518	0.00586	0.00574	0.39943
5	0.01662	0.02015	0.17009	0.04236	0.08291	0.01611	0.39374	0.06667	0.01623	0.07082	0.01383	0.01700	0.01015	0.00621	0.00752	0.00216	0.02751	0.00676	0.00374	0.00940
6	0.01177	0.00944	0.03125	0.01031	0.01254	0.00903	0.00803	0.05452	0.14967	0.04466	0.21214	0.25543	0.10728	0.01457	0.00767	0.00233	0.00436	0.04128	0.00650	0.00721
7	0.00940	0.00705	0.01058	0.01058	0.01176	0.00823	0.00823	0.01176	0.01058	0.01528	0.01763	0.02586	0.01646	0.04937	0.74255	0.01058	0.01763	0.00705	0.00353	0.00588
8	0.09118	0.01456	0.06067	0.01452	0.01903	0.01394	0.10794	0.14210	0.06658	0.17814	0.02401	0.02525	0.10105	0.00910	0.00783	0.00217	0.06278	0.02764	0.02241	0.00911
9	0.01492	0.01890	0.12658	0.06614	0.11094	0.01614	0.45179	0.02020	0.01481	0.02053	0.01326	0.03459	0.01049	0.00637	0.00802	0.00221	0.04468	0.00723	0.00327	0.00892
10	0.00813	0.00581	0.00777	0.00929	0.00972	0.00544	0.00630	0.00936	0.01271	0.01693	0.03622	0.73484	0.04330	0.02052	0.00843	0.00269	0.00392	0.04712	0.00611	0.00538
11	0.00857	0.00603	0.00782	0.00904	0.00945	0.00576	0.00610	0.00966	0.01223	0.01626	0.03304	0.55674	0.03910	0.17019	0.01349	0.00345	0.00454	0.07771	0.00568	0.00514
12	0.02889	0.01135	0.01526	0.01180	0.01682	0.01000	0.00971	0.03223	0.05306	0.69753	0.02601	0.02251	0.01648	0.00819	0.00662	0.00205	0.00558	0.00666	0.00808	0.01117
13	0.01151	0.00746	0.00844	0.00795	0.01038	0.00660	0.00611	0.01411	0.03703	0.11389	0.14115	0.07744	0.43141	0.01446	0.00743	0.00217	0.00374	0.03094	0.06119	0.00658
14	0.00940	0.00705	0.01058	0.01058	0.01176	0.00823	0.00823	0.01176	0.01058	0.01528	0.01763	0.02586	0.01646	0.04937	0.74255	0.01058	0.01763	0.00705	0.00353	0.00588
15	0.00802	0.00573	0.00764	0.00917	0.00955	0.00535	0.00611	0.00917	0.01260	0.01681	0.03628	0.76434	0.04354	0.02062	0.00840	0.00267	0.00382	0.01872	0.00611	0.00535
16	0.00985	0.00736	0.01043	0.01025	0.01126	0.00850	0.00783	0.01197	0.01123	0.01636	0.06641	0.05004	0.02062	0.11221	0.51476	0.00837	0.06294	0.00784	0.04596	0.00580
17	0.04308	0.01792	0.09461	0.02439	0.03042	0.01579	0.53420	0.01985	0.01476	0.02079	0.01453	0.07294	0.01219	0.00705	0.00823	0.00227	0.04683	0.00809	0.00349	0.00854
18	0.02312	0.12638	0.02052	0.01595	0.01953	0.59458	0.01237	0.04444	0.01792	0.01668	0.01041	0.01258	0.00891	0.02406	0.00673	0.00180	0.02851	0.00435	0.00341	0.00775
19	0.01694	0.54213	0.09201	0.01837	0.17558	0.02283	0.01435	0.01992	0.01378	0.01728	0.01009	0.01212	0.00888	0.00574	0.00490	0.00159	0.00744	0.00415	0.00291	0.00900
20	0.00801	0.00578	0.00759	0.00903	0.00951	0.00536	0.00605	0.00918	0.01274	0.01686	0.03796	0.72574	0.08106	0.02041	0.00837	0.00265	0.00379	0.01845	0.00611	0.00536
21	0.01661	0.00926	0.01028	0.00902	0.01142	0.03038	0.00711	0.06596	0.01616	0.15495	0.07334	0.02433	0.01896	0.00844	0.00655	0.00179	0.05561	0.00656	0.46573	0.00754
22	0.02305	0.15785	0.02149	0.01591	0.01965	0.55987	0.01252	0.05620	0.01801	0.01717	0.01021	0.01192	0.00861	0.00681	0.00623	0.00170	0.03724	0.00425	0.00342	0.00792
23	0.02954	0.01120	0.01528	0.01171	0.01681	0.00968	0.00968	0.03208	0.01884	0.73213	0.02597	0.02241	0.01630	0.00815	0.00662	0.00204	0.00560	0.00662	0.00815	0.01120
24	0.01578	0.01512	0.02580	0.13435	0.63761	0.01551	0.01995	0.01976	0.01475	0.02089	0.01229	0.01646	0.01021	0.00596	0.00653	0.00199	0.00795	0.00586	0.00321	0.01002
25	0.00929	0.00652	0.00861	0.00890	0.00949	0.00693	0.00612	0.01054	0.01067	0.01488	0.02245	0.17222	0.02443	0.31489	0.31446	0.00724	0.01035	0.01019	0.02674	0.00507
26	0.00802	0.00573	0.00764	0.00917	0.00955	0.00535	0.00611	0.00917	0.01260	0.01681	0.03628	0.76434	0.04354	0.02062	0.00840	0.00267	0.00382	0.01872	0.00611	0.00535
27	0.01144	0.00572	0.00858	0.00858	0.00858	0.00572	0.00572	0.00858	0.00858	0.01144	0.01144	0.02001	0.01144	0.02287	0.02573	0.80846	0.00572	0.00572	0.00286	0.00286
28	0.01509	0.01410	0.02373	0.11065	0.55633	0.01440	0.01866	0.01893	0.01482	0.02077	0.01547	0.02456	0.01411	0.00767	0.00689	0.00213	0.00767	0.10091	0.00362	0.00949
29	0.01243	0.01170	0.01975	0.75282	0.04534	0.01463	0.01828	0.01682	0.01316	0.01682	0.01170	0.01755	0.00878	0.00658	0.00658	0.00219	0.00878	0.00585	0.00293	0.00731
30	0.00787	0.00661	0.00684	0.00692	0.00898	0.00558	0.00514	0.00957	0.01502	0.01814	0.09668	0.11060	0.64597	0.01679	0.00782	0.00225	0.00336	0.01413	0.00617	0.00558
31	0.01422	0.01204	0.01395	0.01002	0.01584	0.00935	0.00803	0.05079	0.01451	0.02245	0.01190	0.01376	0.00982	0.00503	0.00496	0.00102	0.00499	0.00400	0.00403	0.76927
32	0.01816	0.06325	0.05819	0.01687	0.02196	0.06466	0.22242	0.04634	0.03694	0.16145	0.08722	0.02366	0.01802	0.02910	0.00759	0.00212	0.00780	0.03584	0.00501	0.07342
33	0.02118	0.09933	0.01897	0.01481	0.04758	0.20538	0.01143	0.23238	0.06916	0.07939	0.07386	0.02098	0.06048	0.00837	0.00634	0.00189	0.00761	0.00636	0.00536	0.00914
34	0.00887	0.00658	0.00833	0.00870	0.00997	0.00612	0.00634	0.01144	0.03214	0.02144	0.33371	0.30975	0.14355	0.01662	0.00804	0.00236	0.00360	0.04991	0.00661	0.00590
35	0.01551	0.01439	0.02391	0.07085	0.59791	0.01455	0.01827	0.01964	0.03017	0.02149	0.01503	0.01940	0.02844	0.00660	0.00648	0.00197	0.00734	0.01997	0.05829	0.00978
36	0.02059	0.05930	0.16992	0.01688	0.06896	0.18370	0.01461	0.12292	0.09149	0.13088	0.04544	0.01758	0.01361	0.00742	0.00631	0.00194	0.00824	0.00570	0.00491	0.00959

[dist]
# distance from previous block
# <min> <max>
0	1

[block]
# block no. 2 follows, 33 sequences, length 26
# corresponding to MSA columns:
# 82-107
name=unknown_C
#
# <colnr> <probs for GDERKNQSTAVLIFYWHMCP>
#	G	D	E	R	K	N	Q	S	T	A	V	L	I	F	Y	W	H	M	C	P
0	0.02262	0.06074	0.01903	0.01598	0.01925	0.50143	0.01241	0.08038	0.04329	0.03781	0.01178	0.01354	0.00960	0.00749	0.00766	0.00186	0.09347	0.00475	0.02883	0.00806
1	0.04764	0.03732	0.09104	0.03255	0.11107	0.06438	0.09324	0.08274	0.07822	0.04030	0.04019	0.01693	0.01262	0.00648	0.00608	0.00175	0.00728	0.00559	0.00428	0.22028
2	0.01366	0.11104	0.66156	0.01798	0.02728	0.01641	0.02296	0.02073	0.01384	0.02029	0.01154	0.01355	0.00835	0.00619	0.00604	0.00201	0.00945	0.00472	0.00278	0.00960
3	0.00800	0.00583	0.00754	0.00890	0.00948	0.00537	0.00599	0.00920	0.01286	0.01691	0.03949	0.69046	0.11535	0.02021	0.00834	0.00263	0.00377	0.01821	0.00611	0.00537
4	0.10487	0.08061	0.12423	0.04345	0.10316	0.02872	0.02933	0.06142	0.03235	0.18295	0.03871	0.02011	0.04590	0.02400	0.00720	0.02351	0.00683	0.00606	0.00488	0.03172
5	0.01872	0.01714	0.02521	0.12097	0.02751	0.12858	0.26318	0.05332	0.01630	0.13356	0.01548	0.05453	0.01221	0.00769	0.00833	0.00217	0.07512	0.00706	0.00430	0.00862
6	0.00838	0.00657	0.00768	0.00832	0.00989	0.00586	0.00628	0.01020	0.01455	0.01824	0.08419	0.25530	0.39544	0.01785	0.00816	0.00247	0.00390	0.12494	0.00616	0.00561
7	0.01434	0.01227	0.01258	0.01178	0.01254	0.15308	0.00869	0.01348	0.01096	0.01337	0.01123	0.01797	0.01080	0.01997	0.07775	0.45736	0.12854	0.00554	0.00302	0.00473
8	0.01723	0.01184	0.01586	0.01868	0.20204	0.04908	0.01142	0.02110	0.07123	0.19735	0.10908	0.19780	0.02661	0.01111	0.00712	0.00217	0.00577	0.00984	0.00590	0.00877
9	0.00942	0.00673	0.00835	0.00812	0.00979	0.00606	0.00602	0.01192	0.01702	0.04517	0.45961	0.14288	0.21458	0.01496	0.00781	0.00218	0.00333	0.01308	0.00686	0.00610
10	0.42699	0.01313	0.01073	0.01003	0.01299	0.10477	0.00778	0.01818	0.01268	0.05800	0.01572	0.07740	0.01510	0.10538	0.03751	0.00299	0.00660	0.05284	0.00445	0.00674
11	0.01361	0.01381	0.02723	0.07834	0.10353	0.01332	0.38185	0.01789	0.01491	0.02056	0.04666	0.11548	0.04971	0.00853	0.00740	0.00219	0.00842	0.00913	0.05937	0.00804
12	0.01915	0.01281	0.01772	0.05043	0.17177	0.01349	0.03058	0.10278	0.09148	0.18183	0.01875	0.01998	0.01384	0.00775	0.00743	0.00202	0.06535	0.00630	0.15710	0.00944
13	0.00956	0.00710	0.01031	0.01133	0.01251	0.00687	0.03620	0.01179	0.01394	0.01837	0.03468	0.40354	0.03949	0.01885	0.00871	0.00283	0.00519	0.33694	0.00598	0.00583
14	0.01191	0.00839	0.01204	0.01098	0.01196	0.04025	0.06842	0.01099	0.01053	0.01367	0.01739	0.07870	0.06303	0.02065	0.04952	0.52070	0.03573	0.00744	0.00342	0.00427
15	0.01791	0.01630	0.02465	0.05683	0.18977	0.10529	0.20151	0.02134	0.01544	0.12242	0.01632	0.08969	0.01392	0.00815	0.00821	0.00216	0.06943	0.00753	0.00423	0.00887
16	0.01806	0.02062	0.01986	0.37179	0.09187	0.33216	0.01602	0.02124	0.01571	0.01691	0.01109	0.01497	0.00879	0.00661	0.00629	0.00196	0.01005	0.00515	0.00316	0.00771
17	0.01973	0.44376	0.07204	0.01383	0.01885	0.24787	0.01267	0.05093	0.01571	0.01713	0.00991	0.01150	0.00857	0.00628	0.00545	0.00160	0.02866	0.00399	0.00316	0.00836
18	0.01152	0.00736	0.00952	0.00933	0.01059	0.00748	0.00674	0.01370	0.06766	0.06613	0.08482	0.11227	0.07820	0.15568	0.15335	0.15311	0.00743	0.03451	0.00494	0.00567
19	0.01794	0.01072	0.01357	0.01155	0.04129	0.00923	0.00875	0.02170	0.06433	0.24818	0.08222	0.08013	0.04418	0.00886	0.00633	0.00175	0.00499	0.02320	0.00600	0.29510
20	0.21026	0.16536	0.13421	0.01264	0.01840	0.01547	0.03503	0.03903	0.01531	0.27156	0.01576	0.01563	0.01098	0.00677	0.00552	0.00193	0.00665	0.00503	0.00508	0.00938
21	0.01011	0.00719	0.00850	0.00838	0.00963	0.00698	0.00578	0.01302	0.07301	0.03821	0.22523	0.16139	0.13437	0.25068	0.01580	0.00355	0.00452	0.01203	0.00587	0.00577
22	0.01021	0.00811	0.01136	0.01098	0.01165	0.00973	0.00831	0.01185	0.01045	0.01500	0.01808	0.08304	0.01861	0.18205	0.42166	0.00781	0.14349	0.00820	0.00370	0.00570
23	0.01699	0.02804	0.05941	0.07670	0.29328	0.03450	0.09949	0.05648	0.09560	0.07872	0.04149	0.03866	0.01438	0.00738	0.00716	0.00208	0.02889	0.00676	0.00437	0.00960
24	0.02219	0.01149	0.01675	0.01353	0.01700	0.01164	0.05807	0.02457	0.01607	0.42643	0.04620	0.11207	0.01917	0.01036	0.01000	0.00230	0.15819	0.00818	0.00647	0.00935
25	0.00809	0.00612	0.00747	0.00831	0.00938	0.00550	0.00578	0.00960	0.01397	0.01812	0.11860	0.47550	0.25240	0.01866	0.00815	0.00247	0.00360	0.01653	0.00623	0.00550

[dist]
# distance from previous block
# <min> <max>
1	3

[block]
# block no. 3 follows, 33 sequences, length 49
# corresponding to MSA columns:
# 111-159
name=unknown_D
#
# <colnr> <probs for GDERKNQSTAVLIFYWHMCP>
#	G	D	E	R	K	N	Q	S	T	A	V	L	I	F	Y	W	H	M	C	P
0	0.03700	0.03371	0.03177	0.09396	0.01638	0.03583	0.00952	0.01656	0.05948	0.06547	0.17009	0.04592	0.02554	0.06578	0.20906	0.00465	0.02826	0.00795	0.03613	0.00695
1	0.01713	0.14637	0.25163	0.01747	0.05872	0.06797	0.06303	0.11491	0.12879	0.02355	0.01432	0.01555	0.01090	0.00672	0.00609	0.00192	0.00821	0.00537	0.00407	0.03728
2	0.01144	0.00572	0.00858	0.00858	0.00858	0.00572	0.00572	0.00858	0.00858	0.01144	0.01144	0.02001	0.01144	0.02287	0.02573	0.80846	0.00572	0.00572	0.00286	0.00286
3	0.02274	0.01773	0.01846	0.01451	0.01951	0.04705	0.01182	0.51830	0.13737	0.03670	0.01700	0.01687	0.01238	0.00778	0.00644	0.00193	0.00692	0.00594	0.00627	0.07430
4	0.01578	0.13825	0.44771	0.02001	0.12184	0.04057	0.02019	0.02181	0.02997	0.06629	0.01270	0.01446	0.00942	0.00631	0.00601	0.00195	0.00877	0.00495	0.00331	0.00968
5	0.05976	0.20382	0.02049	0.05234	0.01864	0.20112	0.01117	0.03924	0.11169	0.04154	0.01532	0.01658	0.03863	0.00825	0.02360	0.00198	0.04367	0.00515	0.00407	0.08292
6	0.00961	0.00767	0.00877	0.00831	0.01006	0.03445	0.00623	0.01239	0.01795	0.02436	0.57154	0.05044	0.18612	0.01381	0.00770	0.00209	0.00349	0.01199	0.00688	0.00614
7	0.03808	0.01484	0.04765	0.06229	0.25222	0.01440	0.01448	0.15432	0.05579	0.20344	0.03694	0.04511	0.01485	0.00777	0.00660	0.00204	0.00682	0.00667	0.00549	0.01021
8	0.03765	0.08798	0.16101	0.01531	0.02020	0.09326	0.03499	0.14140	0.01657	0.02277	0.01242	0.04274	0.01051	0.00787	0.00887	0.00198	0.14952	0.00549	0.00389	0.12557
9	0.00928	0.02680	0.00871	0.00782	0.01033	0.00731	0.00596	0.01272	0.08240	0.01937	0.09956	0.08823	0.52573	0.01501	0.00746	0.00215	0.00370	0.01258	0.00604	0.04883
10	0.01006	0.00738	0.00984	0.01099	0.01262	0.00716	0.00942	0.01286	0.01531	0.01973	0.07694	0.07106	0.15675	0.01768	0.00880	0.00284	0.00544	0.53302	0.00613	0.00598
11	0.01533	0.07620	0.13821	0.10758	0.13608	0.06207	0.09287	0.01960	0.03251	0.06942	0.04095	0.07150	0.01533	0.04622	0.04539	0.00269	0.00858	0.00707	0.00395	0.00844
12	0.05024	0.20133	0.11107	0.01410	0.04227	0.01551	0.04375	0.06355	0.01688	0.31372	0.03603	0.03416	0.01405	0.00742	0.00601	0.00191	0.00677	0.00592	0.00549	0.00981
13	0.00819	0.00586	0.00779	0.00905	0.00959	0.00546	0.00612	0.00959	0.01338	0.01804	0.12474	0.67237	0.04593	0.01970	0.00832	0.00260	0.00373	0.01784	0.00626	0.00546
14	0.01335	0.01454	0.08793	0.04173	0.30485	0.01296	0.10108	0.01677	0.01370	0.01926	0.01824	0.18734	0.01853	0.06594	0.00993	0.00255	0.04994	0.00918	0.00389	0.00829
15	0.01562	0.21677	0.36816	0.07411	0.02463	0.07831	0.01789	0.02063	0.01459	0.04712	0.05432	0.01563	0.01196	0.00667	0.00584	0.00189	0.00859	0.00504	0.00333	0.00888
16	0.01778	0.01707	0.04325	0.14424	0.25978	0.11397	0.03699	0.09025	0.07280	0.06292	0.04576	0.01945	0.03195	0.00729	0.00659	0.00201	0.00798	0.00631	0.00434	0.00928
17	0.01098	0.00920	0.01336	0.01157	0.01410	0.00897	0.09827	0.01624	0.11388	0.02385	0.38043	0.06672	0.12247	0.03208	0.00838	0.00231	0.00475	0.04912	0.00634	0.00698
18	0.01299	0.01441	0.07921	0.56901	0.04155	0.01514	0.11431	0.01770	0.01345	0.01770	0.01183	0.01719	0.00891	0.00657	0.00722	0.00221	0.03386	0.00604	0.00297	0.00772
19	0.01529	0.07018	0.35142	0.02022	0.08109	0.03431	0.12883	0.07977	0.05297	0.02246	0.01485	0.03797	0.01208	0.00736	0.00664	0.00211	0.00889	0.04047	0.00371	0.00938
20	0.01476	0.11192	0.12193	0.43257	0.06071	0.07421	0.03529	0.04001	0.01440	0.01820	0.01147	0.01562	0.00882	0.00642	0.00622	0.00203	0.00892	0.00535	0.00306	0.00809
21	0.02056	0.01104	0.01289	0.01090	0.01455	0.03546	0.00861	0.06211	0.10664	0.34125	0.07207	0.09658	0.10569	0.01063	0.00684	0.00210	0.00512	0.00886	0.05896	0.00914
22	0.00932	0.00656	0.00798	0.00836	0.00960	0.00602	0.00596	0.01094	0.01416	0.04187	0.15741	0.27209	0.21943	0.13559	0.01208	0.00304	0.00420	0.06377	0.00603	0.00558
23	0.11113	0.13501	0.02070	0.06002	0.05775	0.20585	0.05114	0.05515	0.11310	0.06148	0.01480	0.01618	0.02257	0.00803	0.02241	0.00210	0.02442	0.00534	0.00425	0.00857
24	0.00868	0.00640	0.00821	0.00950	0.01015	0.00622	0.00645	0.01122	0.06845	0.01766	0.03553	0.70558	0.04168	0.01970	0.00827	0.00264	0.00393	0.01782	0.00616	0.00575
25	0.00916	0.00732	0.00830	0.00808	0.01013	0.00675	0.00617	0.01275	0.07094	0.02181	0.30331	0.05571	0.39007	0.01497	0.00776	0.00221	0.00354	0.04824	0.00657	0.00620
26	0.37667	0.01395	0.01534	0.01225	0.01689	0.01500	0.06415	0.17839	0.03606	0.16143	0.01502	0.01545	0.01067	0.00698	0.00550	0.00202	0.00608	0.00520	0.03396	0.00900
27	0.01671	0.04822	0.07047	0.18564	0.11521	0.14655	0.08594	0.05739	0.06547	0.01986	0.01278	0.01625	0.01020	0.00861	0.03381	0.00240	0.08668	0.00575	0.00356	0.00849
28	0.02912	0.01188	0.01570	0.01203	0.01714	0.01068	0.00994	0.09487	0.01997	0.66775	0.02502	0.02179	0.01582	0.00813	0.00662	0.00203	0.00575	0.00656	0.00800	0.01120
29	0.00940	0.00705	0.01058	0.01058	0.01176	0.00823	0.00823	0.01176	0.01058	0.01528	0.01763	0.02586	0.01646	0.04937	0.74255	0.01058	0.01763	0.00705	0.00353	0.00588
30	0.02131	0.01598	0.01733	0.01393	0.01840	0.01759	0.01139	0.50332	0.11789	0.03652	0.07520	0.02430	0.04241	0.00932	0.00687	0.00208	0.00646	0.04287	0.00661	0.01024
31	0.02412	0.01782	0.01909	0.01477	0.01978	0.01972	0.01211	0.65476	0.05428	0.03988	0.01639	0.01718	0.01201	0.03766	0.00764	0.00216	0.00714	0.00612	0.00649	0.01089
32	0.00798	0.00642	0.00712	0.00749	0.00915	0.00556	0.00541	0.00963	0.01467	0.01828	0.11630	0.25253	0.48147	0.01746	0.00795	0.00233	0.00345	0.01503	0.00621	0.00556
33	0.06800	0.06159	0.01550	0.01286	0.03536	0.08404	0.00975	0.17473	0.14381	0.02513	0.07347	0.02397	0.01852	0.11494	0.10638	0.00369	0.00810	0.00684	0.00511	0.00821
34	0.01174	0.01378	0.16487	0.01434	0.07233	0.00931	0.04825	0.01517	0.01488	0.06660	0.13530	0.25059	0.12981	0.01316	0.00746	0.00227	0.00571	0.01168	0.00534	0.00741
35	0.01831	0.22983	0.12652	0.01660	0.07571	0.13518	0.01417	0.08026	0.09915	0.03940	0.01327	0.01519	0.01078	0.02416	0.00771	0.00200	0.07376	0.00510	0.00389	0.00899
36	0.01754	0.12451	0.01742	0.01319	0.03589	0.13885	0.01032	0.04337	0.16954	0.08948	0.17150	0.02639	0.02477	0.00928	0.00705	0.00199	0.03590	0.03112	0.02342	0.00846
37	0.00867	0.00615	0.00787	0.00874	0.00936	0.00582	0.00595	0.01002	0.01318	0.01770	0.13956	0.44888	0.06629	0.16420	0.01319	0.00331	0.00432	0.05566	0.00587	0.00527
38	0.08870	0.01107	0.01305	0.01101	0.01475	0.01085	0.00890	0.15224	0.01912	0.28238	0.07003	0.09976	0.11861	0.01129	0.00697	0.00218	0.00529	0.05811	0.00683	0.00887
39	0.06510	0.10820	0.17806	0.03113	0.02077	0.01583	0.05769	0.13588	0.06537	0.13341	0.01724	0.06955	0.01366	0.00808	0.00664	0.00204	0.02685	0.00650	0.02865	0.00935
40	0.01148	0.00735	0.00993	0.01083	0.01220	0.00716	0.00875	0.01368	0.01417	0.07476	0.03240	0.19519	0.03524	0.12497	0.01225	0.00336	0.00565	0.40864	0.00594	0.00604
41	0.01478	0.01120	0.01242	0.01127	0.01430	0.01199	0.00868	0.07744	0.33641	0.07467	0.11541	0.12913	0.13063	0.01200	0.00719	0.00224	0.00469	0.01022	0.00669	0.00866
42	0.54087	0.07466	0.01509	0.01145	0.01549	0.06802	0.06248	0.03770	0.01281	0.02597	0.01116	0.05165	0.00965	0.00708	0.00541	0.00204	0.03216	0.00488	0.00400	0.00742
43	0.01199	0.00877	0.03395	0.01155	0.01367	0.00773	0.05764	0.01476	0.03497	0.10322	0.05811	0.38938	0.07761	0.01636	0.00809	0.00255	0.00511	0.13168	0.00610	0.00675
44	0.01977	0.01524	0.01631	0.01347	0.01781	0.03857	0.01078	0.27062	0.28402	0.07648	0.02019	0.02001	0.01508	0.01129	0.06492	0.00266	0.00713	0.00639	0.00614	0.08312
45	0.01462	0.06038	0.07262	0.08700	0.04020	0.03475	0.08335	0.08624	0.04085	0.02213	0.04817	0.08741	0.03954	0.00842	0.00672	0.00186	0.02319	0.02219	0.00438	0.21598
46	0.01630	0.32957	0.25708	0.03995	0.07872	0.04837	0.04106	0.05891	0.01510	0.01975	0.03184	0.01404	0.01036	0.00628	0.00557	0.00179	0.00825	0.00477	0.00323	0.00906
47	0.01514	0.08736	0.35294	0.01593	0.02225	0.01436	0.05350	0.02017	0.01472	0.10731	0.06563	0.02452	0.03406	0.00875	0.00785	0.00219	0.06741	0.07288	0.00419	0.00885
48	0.01797	0.00925	0.01162	0.01027	0.01333	0.00863	0.00811	0.06709	0.03720	0.28553	0.09692	0.15689	0.11751	0.01257	0.00723	0.00222	0.00475	0.06374	0.06089	0.00828

[dist]
# distance from previous block
# <min> <max>
1	14

[block]
# block no. 4 follows, 33 sequences, length 6
# corresponding to MSA columns:
# 175-180
name=unknown_E
#
# <colnr> <probs for GDERKNQSTAVLIFYWHMCP>
#	G	D	E	R	K	N	Q	S	T	A	V	L	I	F	Y	W	H	M	C	P
0	0.44408	0.10489	0.05193	0.04889	0.07157	0.11019	0.01097	0.05265	0.01386	0.02508	0.01011	0.01199	0.00804	0.00624	0.00486	0.00192	0.00691	0.00411	0.00378	0.00793
1	0.01196	0.00662	0.00925	0.00909	0.00949	0.00686	0.00622	0.01140	0.08420	0.01316	0.01308	0.02050	0.01236	0.02138	0.02369	0.72224	0.00566	0.00590	0.00327	0.00367
2	0.01686	0.01897	0.15009	0.01791	0.09010	0.04701	0.05992	0.16182	0.20389	0.02642	0.04147	0.02263	0.07321	0.00846	0.00719	0.00212	0.03021	0.00700	0.00510	0.00961
3	0.00904	0.00834	0.04293	0.03963	0.01276	0.00705	0.03095	0.01136	0.01445	0.01887	0.14785	0.23172	0.27520	0.04032	0.04713	0.00290	0.00516	0.04263	0.00571	0.00597
4	0.01611	0.21118	0.25909	0.01598	0.02212	0.01860	0.07109	0.11896	0.03928	0.02272	0.06648	0.01673	0.01343	0.00737	0.00738	0.00198	0.07293	0.00561	0.00386	0.00909
5	0.14549	0.17324	0.12061	0.03460	0.01995	0.05448	0.06365	0.07939	0.03620	0.06258	0.01357	0.04863	0.01115	0.00691	0.00559	0.00182	0.00718	0.00538	0.00411	0.10547

[dist]
# distance from previous block
# <min> <max>
0	4

[block]
# block no. 5 follows, 33 sequences, length 8
# corresponding to MSA columns:
# 185-192
name=unknown_F
#
# <colnr> <probs for GDERKNQSTAVLIFYWHMCP>
#	G	D	E	R	K	N	Q	S	T	A	V	L	I	F	Y	W	H	M	C	P
0	0.05739	0.04367	0.03347	0.10796	0.05864	0.23909	0.03951	0.03970	0.09140	0.05129	0.10237	0.02270	0.01836	0.00840	0.00682	0.00203	0.02403	0.04051	0.00456	0.00811
1	0.01294	0.01000	0.01151	0.01109	0.01362	0.01038	0.00891	0.12888	0.13536	0.02410	0.06720	0.13221	0.18839	0.01468	0.00785	0.00246	0.00511	0.20155	0.00632	0.00744
2	0.01066	0.00795	0.00927	0.00862	0.01066	0.00756	0.00651	0.09168	0.01788	0.02379	0.33479	0.09905	0.27328	0.01490	0.00866	0.04607	0.00386	0.01202	0.00647	0.00633
3	0.01529	0.01455	0.04241	0.01849	0.12492	0.05084	0.08514	0.13672	0.04971	0.02262	0.02255	0.14952	0.08084	0.05164	0.01039	0.00249	0.09985	0.00913	0.00473	0.00818
4	0.01316	0.01116	0.01329	0.00985	0.01515	0.00871	0.00785	0.01602	0.01329	0.02073	0.01239	0.01507	0.01053	0.01005	0.09074	0.00209	0.00636	0.00427	0.00386	0.71542
5	0.01322	0.01061	0.01549	0.07591	0.25855	0.01080	0.01180	0.03827	0.04150	0.02290	0.12370	0.06503	0.07745	0.00922	0.00645	0.00196	0.00541	0.00815	0.19565	0.00794
6	0.05689	0.01248	0.01881	0.17274	0.21777	0.01290	0.03706	0.05046	0.01578	0.06134	0.14604	0.02242	0.01980	0.00771	0.00693	0.00196	0.02807	0.00675	0.00447	0.09962
7	0.01489	0.01245	0.01710	0.01554	0.09803	0.01145	0.07957	0.11047	0.03784	0.04304	0.05784	0.06413	0.10268	0.00873	0.00649	0.00177	0.00589	0.02593	0.00495	0.28122

[dist]
# distance from previous block
# <min> <max>
4	11

[block]
# block no. 6 follows, 33 sequences, length 20
# corresponding to MSA columns:
# 204-223
name=unknown_G
#
# <colnr> <probs for GDERKNQSTAVLIFYWHMCP>
#	G	D	E	R	K	N	Q	S	T	A	V	L	I	F	Y	W	H	M	C	P
0	0.03318	0.01303	0.08204	0.04359	0.01792	0.01151	0.06827	0.02054	0.12830	0.11624	0.18704	0.05090	0.09188	0.01021	0.00795	0.00214	0.05448	0.00864	0.00570	0.04644
1	0.01512	0.03273	0.01313	0.07001	0.01624	0.04743	0.00918	0.04017	0.23000	0.09050	0.12961	0.11707	0.05567	0.01071	0.00676	0.00211	0.00518	0.00908	0.09111	0.00818
2	0.11533	0.01590	0.01583	0.01312	0.01718	0.06898	0.01047	0.39553	0.04326	0.06183	0.02005	0.13871	0.03541	0.00996	0.00657	0.00209	0.00654	0.00789	0.00603	0.00933
3	0.02170	0.01593	0.01621	0.01339	0.01764	0.07380	0.01071	0.28155	0.23966	0.13029	0.02075	0.01999	0.01501	0.00815	0.00638	0.00200	0.00635	0.00638	0.08394	0.01018
4	0.01374	0.12357	0.64968	0.01785	0.02709	0.01659	0.02274	0.02071	0.01384	0.02020	0.01149	0.01349	0.00835	0.00618	0.00601	0.00200	0.00940	0.00470	0.00278	0.00957
5	0.05273	0.57634	0.08926	0.01274	0.01831	0.02334	0.03724	0.02009	0.01342	0.04458	0.01014	0.01179	0.00875	0.00615	0.00565	0.00163	0.05216	0.00404	0.00310	0.00854
6	0.01520	0.01722	0.03746	0.02692	0.03330	0.01615	0.67268	0.02056	0.01541	0.02090	0.01434	0.05091	0.01148	0.00622	0.00780	0.00224	0.01078	0.00826	0.00345	0.00872
7	0.00801	0.00578	0.00759	0.00904	0.00952	0.00536	0.00606	0.00918	0.01272	0.01685	0.03778	0.72988	0.07703	0.02043	0.00837	0.00265	0.00380	0.01848	0.00611	0.00536
8	0.01363	0.04956	0.05018	0.03543	0.03420	0.06424	0.06615	0.07106	0.01385	0.01857	0.01750	0.14326	0.01756	0.06917	0.18183	0.00450	0.12980	0.00838	0.00401	0.00712
9	0.01581	0.01515	0.02586	0.12887	0.64285	0.01552	0.01997	0.01978	0.01476	0.02093	0.01230	0.01645	0.01022	0.00595	0.00653	0.00198	0.00794	0.00586	0.00322	0.01004
10	0.00802	0.00573	0.00764	0.00917	0.00955	0.00535	0.00611	0.00917	0.01260	0.01681	0.03628	0.76434	0.04354	0.02062	0.00840	0.00267	0.00382	0.01872	0.00611	0.00535
11	0.01637	0.01414	0.01489	0.01340	0.01712	0.01637	0.01042	0.03498	0.71568	0.02754	0.02679	0.02456	0.02010	0.00893	0.00670	0.00223	0.00521	0.00744	0.00670	0.01042
12	0.04297	0.25922	0.22095	0.01716	0.02390	0.04592	0.14635	0.12902	0.01683	0.02259	0.01175	0.01371	0.00910	0.00620	0.00588	0.00187	0.00868	0.00510	0.00356	0.00924
13	0.00948	0.00643	0.00731	0.00731	0.00746	0.00643	0.00422	0.00966	0.00987	0.01311	0.02273	0.04326	0.05596	0.70209	0.06370	0.00638	0.00674	0.00966	0.00407	0.00415
14	0.00932	0.00673	0.00880	0.00828	0.00984	0.00621	0.00621	0.01242	0.01863	0.02640	0.72410	0.04918	0.06212	0.01346	0.00776	0.00207	0.00311	0.01191	0.00725	0.00621
15	0.02434	0.01764	0.01903	0.01480	0.01990	0.01948	0.01216	0.60331	0.10203	0.07298	0.01744	0.01704	0.01237	0.00802	0.00660	0.00201	0.00695	0.00612	0.00667	0.01111
16	0.00947	0.00640	0.00715	0.00715	0.00728	0.00634	0.00405	0.00957	0.00989	0.01305	0.02338	0.04424	0.06414	0.72551	0.03203	0.00614	0.00621	0.00982	0.00411	0.00408
17	0.00802	0.00573	0.00764	0.00917	0.00955	0.00535	0.00611	0.00917	0.01260	0.01681	0.03628	0.76434	0.04354	0.02062	0.00840	0.00267	0.00382	0.01872	0.00611	0.00535
18	0.01320	0.03405	0.73453	0.01876	0.02849	0.01529	0.02432	0.02085	0.01390	0.02085	0.01181	0.01390	0.00834	0.00625	0.00625	0.00208	0.00973	0.00486	0.00278	0.00973
19	0.02459	0.03138	0.01866	0.01696	0.02035	0.74221	0.01272	0.02629	0.01866	0.01611	0.01018	0.01187	0.00848	0.00678	0.00594	0.00170	0.01187	0.00424	0.00339	0.00763

[dist]
# distance from previous block
# <min> <max>
0	0

# created by:
# /home/cegg/simao/soft/augustus-3.2.1/scripts/msa2prfl.pl ./align_prep/EOG090W0F3N.fa
