[name]
unknown

[dist]
# distance from previous block
# <min> <max>
0	39

[block]
# block no. 0 follows, 39 sequences, length 43
# corresponding to MSA columns:
# 54-96
name=unknown_A
#
# <colnr> <probs for GDERKNQSTAVLIFYWHMCP>
#	G	D	E	R	K	N	Q	S	T	A	V	L	I	F	Y	W	H	M	C	P
0	0.01035	0.00856	0.01333	0.31363	0.02382	0.00961	0.02794	0.01382	0.02693	0.01670	0.02227	0.04403	0.02259	0.02877	0.00769	0.00246	0.00650	0.39075	0.00425	0.00598
1	0.01891	0.00812	0.01102	0.00962	0.01253	0.00716	0.00743	0.02070	0.01472	0.46585	0.02698	0.32307	0.02429	0.01174	0.00658	0.00206	0.00440	0.01023	0.00660	0.00799
2	0.01758	0.01963	0.02115	0.02799	0.46463	0.31155	0.01550	0.02030	0.01476	0.01741	0.01034	0.01307	0.00868	0.00559	0.00565	0.00166	0.00846	0.00469	0.00297	0.00838
3	0.01021	0.00895	0.01389	0.41252	0.02612	0.01056	0.01187	0.01348	0.01354	0.01843	0.30277	0.02674	0.02677	0.00871	0.00742	0.00198	0.06833	0.00739	0.00416	0.00617
4	0.01441	0.01398	0.02186	0.01712	0.02150	0.01481	0.29506	0.02650	0.45645	0.02245	0.01930	0.01965	0.01447	0.00683	0.00640	0.00200	0.00677	0.00680	0.00482	0.00881
5	0.01309	0.01248	0.02122	0.36622	0.43742	0.01365	0.01738	0.01680	0.01274	0.01745	0.01085	0.01514	0.00871	0.00556	0.00588	0.00185	0.00741	0.00526	0.00279	0.00812
6	0.01327	0.01266	0.02153	0.32878	0.47348	0.01369	0.01747	0.01695	0.01282	0.01766	0.01088	0.01508	0.00878	0.00552	0.00588	0.00184	0.00736	0.00526	0.00281	0.00826
7	0.00791	0.00569	0.00749	0.00775	0.00873	0.00527	0.00554	0.01001	0.01460	0.02032	0.46838	0.33764	0.04922	0.01463	0.00720	0.00207	0.00304	0.01311	0.00611	0.00527
8	0.50974	0.01899	0.30559	0.01136	0.01702	0.01345	0.01250	0.01791	0.01102	0.02346	0.00917	0.01074	0.00683	0.00554	0.00443	0.00185	0.00622	0.00366	0.00320	0.00733
9	0.01310	0.01016	0.01063	0.00899	0.01207	0.01026	0.00715	0.29522	0.01913	0.02437	0.04188	0.04007	0.45993	0.01187	0.00657	0.00191	0.00438	0.00966	0.00566	0.00699
10	0.01262	0.01204	0.02022	0.01574	0.01956	0.01215	0.29393	0.02066	0.24462	0.02212	0.21690	0.02566	0.02466	0.00791	0.00662	0.00195	0.00622	0.00787	0.02085	0.00771
11	0.83394	0.01144	0.00869	0.00778	0.01144	0.01327	0.00640	0.01738	0.01006	0.02653	0.00823	0.00961	0.00640	0.00549	0.00366	0.00183	0.00457	0.00320	0.00366	0.00640
12	0.01758	0.01963	0.02115	0.02799	0.46463	0.31155	0.01550	0.02030	0.01476	0.01741	0.01034	0.01307	0.00868	0.00559	0.00565	0.00166	0.00846	0.00469	0.00297	0.00838
13	0.00887	0.00652	0.00951	0.01005	0.01123	0.00716	0.00824	0.01123	0.01112	0.01529	0.02194	0.04038	0.02238	0.03330	0.46879	0.00683	0.01174	0.28600	0.00407	0.00535
14	0.50836	0.00931	0.00838	0.00764	0.01041	0.01024	0.00608	0.01493	0.01270	0.02542	0.30161	0.02324	0.02588	0.00809	0.00497	0.00184	0.00387	0.00616	0.00478	0.00608
15	0.01374	0.01184	0.01293	0.01074	0.01484	0.01202	0.00843	0.02490	0.45578	0.02258	0.01872	0.01820	0.01439	0.00659	0.00537	0.00156	0.00456	0.00543	0.00503	0.33233
16	0.01006	0.00875	0.01386	0.47409	0.02815	0.01016	0.01215	0.01355	0.01376	0.01850	0.30299	0.02697	0.02678	0.00835	0.00633	0.00193	0.00587	0.00740	0.00416	0.00618
17	0.00887	0.00652	0.00951	0.01005	0.01123	0.00716	0.00824	0.01123	0.01112	0.01529	0.02194	0.04038	0.02238	0.03330	0.46879	0.00683	0.01174	0.28600	0.00407	0.00535
18	0.50836	0.00931	0.00838	0.00764	0.01041	0.01024	0.00608	0.01493	0.01270	0.02542	0.30161	0.02324	0.02588	0.00809	0.00497	0.00184	0.00387	0.00616	0.00478	0.00608
19	0.02091	0.01024	0.01315	0.00983	0.01467	0.00837	0.00803	0.02333	0.01509	0.46750	0.01828	0.01703	0.01232	0.00616	0.00533	0.00145	0.00477	0.00498	0.00581	0.33276
20	0.01845	0.01418	0.01558	0.01169	0.01663	0.01422	0.00957	0.45135	0.02168	0.03017	0.01274	0.01344	0.00955	0.00603	0.00531	0.00142	0.00567	0.00461	0.00496	0.33275
21	0.00721	0.00515	0.00686	0.00823	0.00858	0.00480	0.00549	0.00823	0.01132	0.01510	0.03259	0.78831	0.03911	0.01853	0.00755	0.00240	0.00343	0.01681	0.00549	0.00480
22	0.01144	0.01843	0.31106	0.47780	0.03476	0.01337	0.01856	0.01654	0.01209	0.01654	0.01055	0.01447	0.00773	0.00580	0.00580	0.00193	0.00822	0.00491	0.00258	0.00743
23	0.01464	0.01405	0.02400	0.03630	0.75528	0.01405	0.01815	0.01815	0.01347	0.01932	0.01112	0.01464	0.00937	0.00527	0.00585	0.00176	0.00703	0.00527	0.00293	0.00937
24	0.01015	0.00652	0.00905	0.00971	0.01066	0.00665	0.00779	0.01168	0.05784	0.01522	0.02255	0.04465	0.02365	0.01747	0.01392	0.32812	0.00527	0.39019	0.00435	0.00456
25	0.00791	0.00569	0.00749	0.00775	0.00873	0.00527	0.00554	0.01001	0.01460	0.02032	0.46838	0.33764	0.04922	0.01463	0.00720	0.00207	0.00304	0.01311	0.00611	0.00527
26	0.01464	0.01405	0.02400	0.03630	0.75528	0.01405	0.01815	0.01815	0.01347	0.01932	0.01112	0.01464	0.00937	0.00527	0.00585	0.00176	0.00703	0.00527	0.00293	0.00937
27	0.01327	0.01266	0.02153	0.32878	0.47348	0.01369	0.01747	0.01695	0.01282	0.01766	0.01088	0.01508	0.00878	0.00552	0.00588	0.00184	0.00736	0.00526	0.00281	0.00826
28	0.00968	0.00610	0.00860	0.00935	0.01021	0.00604	0.00750	0.01024	0.01128	0.01467	0.02467	0.04692	0.06636	0.01792	0.01399	0.32812	0.00518	0.39456	0.00431	0.00428
29	0.01296	0.02407	0.47067	0.02452	0.31336	0.01386	0.02039	0.01850	0.01287	0.01896	0.01081	0.01333	0.00823	0.00548	0.00571	0.00183	0.00806	0.00472	0.00267	0.00899
30	0.00716	0.00566	0.00646	0.00697	0.00827	0.00495	0.00495	0.00856	0.01283	0.01612	0.09282	0.34455	0.42740	0.01620	0.00721	0.00215	0.00315	0.01408	0.00556	0.00495
31	0.01217	0.00993	0.01104	0.01062	0.01286	0.01100	0.00794	0.06069	0.41632	0.02162	0.02689	0.32382	0.02592	0.01212	0.00662	0.00215	0.00429	0.01061	0.00580	0.00760
32	0.01732	0.01619	0.02813	0.02046	0.02595	0.01629	0.44884	0.30155	0.01942	0.02617	0.01285	0.01526	0.00940	0.00582	0.00656	0.00191	0.00860	0.00633	0.00414	0.00880
33	0.01364	0.01285	0.01624	0.01415	0.01547	0.01677	0.01153	0.02101	0.29913	0.01838	0.01419	0.01654	0.01182	0.00943	0.01413	0.00236	0.47505	0.00577	0.00394	0.00761
34	0.14553	0.01219	0.01416	0.01102	0.01551	0.01222	0.00910	0.23570	0.01912	0.43716	0.01839	0.01681	0.01206	0.00698	0.00560	0.00181	0.00540	0.00535	0.00636	0.00952
35	0.01758	0.01963	0.02115	0.02799	0.46463	0.31155	0.01550	0.02030	0.01476	0.01741	0.01034	0.01307	0.00868	0.00559	0.00565	0.00166	0.00846	0.00469	0.00297	0.00838
36	0.01092	0.00885	0.01103	0.01050	0.01246	0.01028	0.00817	0.01879	0.29940	0.01807	0.01909	0.02277	0.01607	0.03003	0.46794	0.00655	0.01144	0.00647	0.00429	0.00689
37	0.01217	0.00985	0.01106	0.01040	0.01282	0.01054	0.00779	0.07659	0.33963	0.02148	0.02556	0.32283	0.02498	0.01180	0.00648	0.00205	0.00431	0.01031	0.00560	0.07375
38	0.01714	0.00731	0.00875	0.00749	0.01013	0.00677	0.00593	0.01971	0.01419	0.31283	0.02088	0.02129	0.01495	0.00706	0.00485	0.00156	0.00365	0.00568	0.50253	0.00731
39	0.01669	0.01413	0.01675	0.01395	0.01646	0.01730	0.01142	0.26758	0.20722	0.02492	0.01423	0.01575	0.01124	0.00862	0.01126	0.00216	0.31160	0.00562	0.00463	0.00846
40	0.01407	0.01000	0.01091	0.00927	0.01114	0.01070	0.00660	0.29529	0.01617	0.02164	0.01688	0.02904	0.01699	0.48256	0.02056	0.00417	0.00604	0.00731	0.00450	0.00614
41	0.00998	0.00572	0.00646	0.00627	0.00766	0.00554	0.00470	0.01275	0.01411	0.02271	0.30831	0.03077	0.03119	0.00894	0.00525	0.00157	0.00277	0.00756	0.50221	0.00554
42	0.51552	0.01090	0.01068	0.00886	0.01288	0.01146	0.00731	0.02189	0.01277	0.31554	0.01419	0.01376	0.00965	0.00621	0.00456	0.00183	0.00476	0.00428	0.00510	0.00785

[dist]
# distance from previous block
# <min> <max>
1	20

[block]
# block no. 1 follows, 39 sequences, length 45
# corresponding to MSA columns:
# 117-149,151-162
name=unknown_B
#
# <colnr> <probs for GDERKNQSTAVLIFYWHMCP>
#	G	D	E	R	K	N	Q	S	T	A	V	L	I	F	Y	W	H	M	C	P
0	0.01512	0.58907	0.12963	0.01130	0.01664	0.02094	0.01164	0.01962	0.10654	0.01597	0.01060	0.01152	0.00892	0.00552	0.00433	0.00144	0.00645	0.00378	0.00297	0.00798
1	0.02583	0.01119	0.01442	0.01105	0.01566	0.01036	0.00913	0.15069	0.01880	0.63486	0.02176	0.01911	0.01385	0.00728	0.00594	0.00182	0.00529	0.00584	0.00708	0.01006
2	0.00953	0.00681	0.00953	0.01089	0.01225	0.00681	0.00953	0.01225	0.01361	0.01770	0.03131	0.06671	0.03403	0.01634	0.00817	0.00272	0.00545	0.71547	0.00545	0.00545
3	0.01464	0.01405	0.02400	0.03630	0.75528	0.01405	0.01815	0.01815	0.01347	0.01932	0.01112	0.01464	0.00937	0.00527	0.00585	0.00176	0.00703	0.00527	0.00293	0.00937
4	0.01117	0.01051	0.01774	0.77795	0.04073	0.01314	0.01642	0.01511	0.01182	0.01511	0.01051	0.01577	0.00788	0.00591	0.00591	0.00197	0.00788	0.00526	0.00263	0.00657
5	0.02110	0.01475	0.01613	0.01281	0.01718	0.01616	0.01044	0.46769	0.20327	0.13030	0.01785	0.01693	0.01264	0.00736	0.00595	0.00184	0.00586	0.00574	0.00613	0.00989
6	0.01013	0.00569	0.00632	0.00616	0.00755	0.00553	0.00462	0.01289	0.01387	0.02261	0.26735	0.02954	0.02891	0.00865	0.00510	0.00154	0.00277	0.00727	0.54795	0.00553
7	0.00837	0.00604	0.00790	0.00744	0.00883	0.00558	0.00558	0.01116	0.01674	0.02371	0.75216	0.04417	0.05580	0.01209	0.00697	0.00186	0.00279	0.01069	0.00651	0.00558
8	0.83394	0.01144	0.00869	0.00778	0.01144	0.01327	0.00640	0.01738	0.01006	0.02653	0.00823	0.00961	0.00640	0.00549	0.00366	0.00183	0.00457	0.00320	0.00366	0.00640
9	0.00704	0.00599	0.00606	0.00605	0.00802	0.00501	0.00453	0.00859	0.01360	0.01627	0.08628	0.05643	0.72632	0.01487	0.00699	0.00199	0.00299	0.01241	0.00553	0.00501
10	0.01027	0.00514	0.00770	0.00770	0.00770	0.00514	0.00514	0.00770	0.00770	0.01027	0.01027	0.01798	0.01027	0.02054	0.02311	0.82794	0.00514	0.00514	0.00257	0.00257
11	0.02265	0.01677	0.01752	0.01353	0.01819	0.05060	0.01113	0.67163	0.02682	0.06987	0.01440	0.01432	0.01016	0.00707	0.00589	0.00177	0.00662	0.00529	0.00586	0.00992
12	0.01102	0.00551	0.00551	0.00551	0.00689	0.00551	0.00413	0.01378	0.01240	0.02205	0.01929	0.02205	0.01516	0.00689	0.00413	0.00138	0.00276	0.00551	0.82500	0.00551
13	0.01452	0.01393	0.02379	0.06209	0.73042	0.01402	0.01809	0.01804	0.01341	0.01917	0.01110	0.01468	0.00932	0.00529	0.00586	0.00176	0.00706	0.00527	0.00292	0.00927
14	0.01117	0.01051	0.01774	0.77795	0.04073	0.01314	0.01642	0.01511	0.01182	0.01511	0.01051	0.01577	0.00788	0.00591	0.00591	0.00197	0.00788	0.00526	0.00263	0.00657
15	0.01102	0.00551	0.00551	0.00551	0.00689	0.00551	0.00413	0.01378	0.01240	0.02205	0.01929	0.02205	0.01516	0.00689	0.00413	0.00138	0.00276	0.00551	0.82500	0.00551
16	0.01487	0.01450	0.02377	0.03563	0.73193	0.03795	0.01794	0.01832	0.01357	0.01917	0.01106	0.01451	0.00931	0.00530	0.00584	0.00175	0.00714	0.00522	0.00293	0.00929
17	0.01117	0.01051	0.01774	0.77795	0.04073	0.01314	0.01642	0.01511	0.01182	0.01511	0.01051	0.01577	0.00788	0.00591	0.00591	0.00197	0.00788	0.00526	0.00263	0.00657
18	0.01224	0.01015	0.01122	0.01023	0.01285	0.01119	0.00788	0.02358	0.46553	0.02412	0.28326	0.03090	0.05252	0.00966	0.00638	0.00195	0.00396	0.00827	0.00618	0.00789
19	0.00837	0.00604	0.00790	0.00744	0.00883	0.00558	0.00558	0.01116	0.01674	0.02371	0.75216	0.04417	0.05580	0.01209	0.00697	0.00186	0.00279	0.01069	0.00651	0.00558
20	0.02653	0.01006	0.01372	0.01052	0.01510	0.00869	0.00869	0.02882	0.01693	0.75937	0.02333	0.02013	0.01464	0.00732	0.00595	0.00183	0.00503	0.00595	0.00732	0.01006
21	0.83394	0.01144	0.00869	0.00778	0.01144	0.01327	0.00640	0.01738	0.01006	0.02653	0.00823	0.00961	0.00640	0.00549	0.00366	0.00183	0.00457	0.00320	0.00366	0.00640
22	0.83394	0.01144	0.00869	0.00778	0.01144	0.01327	0.00640	0.01738	0.01006	0.02653	0.00823	0.00961	0.00640	0.00549	0.00366	0.00183	0.00457	0.00320	0.00366	0.00640
23	0.02653	0.01006	0.01372	0.01052	0.01510	0.00869	0.00869	0.02882	0.01693	0.75937	0.02333	0.02013	0.01464	0.00732	0.00595	0.00183	0.00503	0.00595	0.00732	0.01006
24	0.01027	0.00514	0.00770	0.00770	0.00770	0.00514	0.00514	0.00770	0.00770	0.01027	0.01027	0.01798	0.01027	0.02054	0.02311	0.82794	0.00514	0.00514	0.00257	0.00257
25	0.00837	0.00604	0.00790	0.00744	0.00883	0.00558	0.00558	0.01116	0.01674	0.02371	0.75216	0.04417	0.05580	0.01209	0.00697	0.00186	0.00279	0.01069	0.00651	0.00558
26	0.00841	0.00615	0.00869	0.00868	0.00958	0.00678	0.00645	0.01022	0.01036	0.01469	0.11191	0.05898	0.02216	0.16335	0.51753	0.00761	0.01198	0.00769	0.00376	0.00502
27	0.02257	0.01563	0.01707	0.01317	0.01782	0.01705	0.01085	0.61967	0.06144	0.12004	0.01573	0.01527	0.01098	0.00717	0.00592	0.00179	0.00625	0.00546	0.00608	0.01002
28	0.01471	0.01270	0.01337	0.01203	0.01538	0.01471	0.00936	0.03142	0.74459	0.02474	0.02407	0.02206	0.01805	0.00802	0.00602	0.00201	0.00468	0.00669	0.00602	0.00936
29	0.01471	0.01270	0.01337	0.01203	0.01538	0.01471	0.00936	0.03142	0.74459	0.02474	0.02407	0.02206	0.01805	0.00802	0.00602	0.00201	0.00468	0.00669	0.00602	0.00936
30	0.02561	0.01027	0.01370	0.01064	0.01512	0.00916	0.00874	0.02902	0.07364	0.70212	0.02339	0.02028	0.01490	0.00737	0.00595	0.00184	0.00500	0.00600	0.00722	0.01001
31	0.06174	0.01012	0.01350	0.01040	0.01494	0.00889	0.00859	0.02832	0.01663	0.72741	0.02267	0.01967	0.01428	0.00724	0.00585	0.00183	0.00501	0.00583	0.00716	0.00990
32	0.02393	0.01132	0.01416	0.01112	0.01548	0.01090	0.00910	0.13905	0.11244	0.53375	0.04000	0.02005	0.01538	0.00749	0.00598	0.00184	0.00516	0.00606	0.00691	0.00986
33	0.02195	0.01596	0.01720	0.01334	0.01795	0.01763	0.01097	0.64459	0.09131	0.06492	0.01544	0.01514	0.01095	0.00719	0.00593	0.00180	0.00629	0.00547	0.00598	0.01000
34	0.00868	0.00615	0.00785	0.00745	0.00886	0.00578	0.00557	0.01177	0.03456	0.02341	0.66599	0.06124	0.05168	0.01180	0.00677	0.00185	0.00285	0.01040	0.06167	0.00565
35	0.01117	0.01051	0.01774	0.77795	0.04073	0.01314	0.01642	0.01511	0.01182	0.01511	0.01051	0.01577	0.00788	0.00591	0.00591	0.00197	0.00788	0.00526	0.00263	0.00657
36	0.02248	0.01656	0.01775	0.01361	0.01834	0.01834	0.01124	0.73556	0.02780	0.03727	0.01420	0.01420	0.01006	0.00710	0.00592	0.00177	0.00651	0.00532	0.00592	0.01006
37	0.02653	0.01006	0.01372	0.01052	0.01510	0.00869	0.00869	0.02882	0.01693	0.75937	0.02333	0.02013	0.01464	0.00732	0.00595	0.00183	0.00503	0.00595	0.00732	0.01006
38	0.00832	0.00604	0.00783	0.00738	0.00880	0.00556	0.00554	0.01106	0.01661	0.02341	0.72523	0.04467	0.08291	0.01220	0.00698	0.00187	0.00280	0.01076	0.00647	0.00556
39	0.01128	0.01062	0.01794	0.75446	0.06337	0.01317	0.01648	0.01521	0.01188	0.01524	0.01053	0.01573	0.00793	0.00589	0.00591	0.00196	0.00786	0.00526	0.00264	0.00666
40	0.01117	0.01051	0.01774	0.77795	0.04073	0.01314	0.01642	0.01511	0.01182	0.01511	0.01051	0.01577	0.00788	0.00591	0.00591	0.00197	0.00788	0.00526	0.00263	0.00657
41	0.00721	0.00515	0.00686	0.00823	0.00858	0.00480	0.00549	0.00823	0.01132	0.01510	0.03259	0.78831	0.03911	0.01853	0.00755	0.00240	0.00343	0.01681	0.00549	0.00480
42	0.01129	0.01064	0.01796	0.75178	0.06595	0.01317	0.01648	0.01522	0.01188	0.01526	0.01053	0.01573	0.00794	0.00589	0.00591	0.00196	0.00785	0.00526	0.00264	0.00667
43	0.01211	0.07960	0.71473	0.01642	0.02493	0.01435	0.02110	0.01866	0.01246	0.01842	0.01046	0.01229	0.00750	0.00558	0.00550	0.00183	0.00859	0.00429	0.00250	0.00867
44	0.01036	0.00873	0.00944	0.00902	0.01075	0.06817	0.00689	0.01481	0.11282	0.02218	0.49879	0.07537	0.04422	0.01174	0.00685	0.00195	0.00394	0.07180	0.00603	0.00614

[dist]
# distance from previous block
# <min> <max>
0	3

# created by:
# /home/cegg/simao/soft/augustus-3.2.1/scripts/msa2prfl.pl ./align_prep/EOG090W0O88.fa
