[name]
unknown

[dist]
# distance from previous block
# <min> <max>
0	223

[block]
# block no. 0 follows, 28 sequences, length 12
# corresponding to MSA columns:
# 356-361,366-371
name=unknown_A
#
# <colnr> <probs for GDERKNQSTAVLIFYWHMCP>
#	G	D	E	R	K	N	Q	S	T	A	V	L	I	F	Y	W	H	M	C	P
0	0.01081	0.00840	0.01052	0.01032	0.01264	0.00709	0.00733	0.01269	0.01428	0.02017	0.03154	0.51214	0.03636	0.01731	0.00805	0.00236	0.00458	0.01553	0.00598	0.25189
1	0.02018	0.01112	0.01344	0.01039	0.01533	0.00923	0.00833	0.02332	0.01692	0.23837	0.02072	0.02129	0.01512	0.00733	0.00591	0.00161	0.00511	0.00590	0.21210	0.33827
2	0.01928	0.01279	0.01550	0.01129	0.01755	0.00993	0.00911	0.02241	0.01645	0.18683	0.01670	0.01739	0.01250	0.00625	0.00585	0.00136	0.00558	0.00503	0.00543	0.60280
3	0.01815	0.56090	0.21486	0.01463	0.02204	0.02562	0.01625	0.02210	0.01492	0.01867	0.01088	0.01263	0.00930	0.00640	0.00526	0.00175	0.00856	0.00428	0.00310	0.00970
4	0.12076	0.01368	0.01607	0.01242	0.01804	0.01270	0.01014	0.08924	0.06198	0.33682	0.02123	0.02006	0.01458	0.00779	0.00646	0.00195	0.00605	0.00609	0.00694	0.21703
5	0.00886	0.00633	0.00843	0.01012	0.01054	0.00590	0.00675	0.01012	0.01392	0.01856	0.04006	0.73979	0.04808	0.02277	0.00928	0.00295	0.00422	0.02066	0.00675	0.00590
6	0.01373	0.01292	0.02180	0.72707	0.05006	0.01615	0.02019	0.01857	0.01453	0.01857	0.01292	0.01938	0.00969	0.00727	0.00727	0.00242	0.00969	0.00646	0.00323	0.00807
7	0.01504	0.01375	0.02230	0.63032	0.08977	0.01670	0.01985	0.06765	0.01613	0.02093	0.01331	0.01915	0.01001	0.00733	0.00726	0.00239	0.00950	0.00647	0.00355	0.00862
8	0.03261	0.01237	0.01687	0.01293	0.01856	0.01068	0.01068	0.03543	0.02081	0.70423	0.02868	0.02474	0.01799	0.00900	0.00731	0.00225	0.00619	0.00731	0.00900	0.01237
9	0.00886	0.00633	0.00843	0.01012	0.01054	0.00590	0.00675	0.01012	0.01392	0.01856	0.04006	0.73979	0.04808	0.02277	0.00928	0.00295	0.00422	0.02066	0.00675	0.00590
10	0.21559	0.01278	0.01539	0.01212	0.01748	0.01203	0.01001	0.03206	0.01878	0.54323	0.02423	0.02164	0.01557	0.00846	0.00664	0.00225	0.00605	0.00650	0.00792	0.01129
11	0.20556	0.02364	0.23976	0.07108	0.05185	0.01830	0.05973	0.19460	0.01971	0.03106	0.01363	0.01573	0.00996	0.00731	0.00657	0.00227	0.00873	0.00567	0.00459	0.01025

[dist]
# distance from previous block
# <min> <max>
0	4

[block]
# block no. 1 follows, 28 sequences, length 30
# corresponding to MSA columns:
# 376-384,392-412
name=unknown_B
#
# <colnr> <probs for GDERKNQSTAVLIFYWHMCP>
#	G	D	E	R	K	N	Q	S	T	A	V	L	I	F	Y	W	H	M	C	P
0	0.32973	0.01710	0.02725	0.05663	0.02780	0.01777	0.32114	0.07373	0.01645	0.02856	0.01300	0.01630	0.00980	0.00664	0.00677	0.00235	0.00913	0.00645	0.00427	0.00914
1	0.01824	0.01634	0.03111	0.28194	0.03936	0.01684	0.32514	0.05307	0.01742	0.10405	0.01585	0.02004	0.01144	0.00701	0.00789	0.00240	0.01040	0.00756	0.00432	0.00960
2	0.01373	0.01292	0.02180	0.72707	0.05006	0.01615	0.02019	0.01857	0.01453	0.01857	0.01292	0.01938	0.00969	0.00727	0.00727	0.00242	0.00969	0.00646	0.00323	0.00807
3	0.01057	0.00705	0.00793	0.00793	0.00793	0.00705	0.00440	0.01057	0.01057	0.01409	0.02290	0.04757	0.02643	0.74454	0.03700	0.00705	0.00705	0.01057	0.00440	0.00440
4	0.01641	0.01724	0.03265	0.02355	0.03009	0.01594	0.41619	0.02130	0.01606	0.02299	0.01377	0.01791	0.01084	0.00638	0.00870	0.00207	0.06284	0.00708	0.00384	0.25416
5	0.00886	0.00633	0.00843	0.01012	0.01054	0.00590	0.00675	0.01012	0.01392	0.01856	0.04006	0.73979	0.04808	0.02277	0.00928	0.00295	0.00422	0.02066	0.00675	0.00590
6	0.79588	0.01406	0.01068	0.00956	0.01406	0.01631	0.00787	0.02137	0.01237	0.03261	0.01012	0.01181	0.00787	0.00675	0.00450	0.00225	0.00562	0.00394	0.00450	0.00787
7	0.01191	0.00688	0.00740	0.00749	0.00832	0.00686	0.00485	0.01360	0.01298	0.02056	0.02417	0.07307	0.02379	0.35477	0.02028	0.00427	0.00515	0.00927	0.37877	0.00562
8	0.01082	0.00773	0.01068	0.01236	0.01364	0.00759	0.01016	0.01351	0.01585	0.02075	0.03898	0.28840	0.04379	0.02093	0.00980	0.00322	0.00592	0.45271	0.00671	0.00645
9	0.26526	0.39627	0.02597	0.01162	0.01720	0.02186	0.01071	0.02390	0.01502	0.13584	0.01319	0.01387	0.01031	0.00685	0.00505	0.00189	0.00684	0.00447	0.00452	0.00938
10	0.01943	0.74891	0.03809	0.01244	0.01866	0.02876	0.01244	0.02177	0.01477	0.01710	0.01011	0.01166	0.00933	0.00622	0.00466	0.00155	0.00777	0.00389	0.00311	0.00933
11	0.03261	0.01237	0.01687	0.01293	0.01856	0.01068	0.01068	0.03543	0.02081	0.70423	0.02868	0.02474	0.01799	0.00900	0.00731	0.00225	0.00619	0.00731	0.00900	0.01237
12	0.03162	0.01397	0.01786	0.01369	0.01935	0.01306	0.01131	0.16335	0.02348	0.57253	0.02643	0.02328	0.01687	0.00894	0.00730	0.00224	0.00655	0.00716	0.00865	0.01237
13	0.01458	0.03760	0.70688	0.02072	0.03146	0.01688	0.02686	0.02302	0.01535	0.02302	0.01304	0.01535	0.00921	0.00691	0.00691	0.00230	0.01074	0.00537	0.00307	0.01074
14	0.01355	0.00678	0.00678	0.00678	0.00847	0.00678	0.00508	0.01694	0.01524	0.02710	0.02371	0.02710	0.01863	0.00847	0.00508	0.00169	0.00339	0.00678	0.78489	0.00678
15	0.01057	0.00705	0.00793	0.00793	0.00793	0.00705	0.00440	0.01057	0.01057	0.01409	0.02290	0.04757	0.02643	0.74454	0.03700	0.00705	0.00705	0.01057	0.00440	0.00440
16	0.01458	0.03760	0.70688	0.02072	0.03146	0.01688	0.02686	0.02302	0.01535	0.02302	0.01304	0.01535	0.00921	0.00691	0.00691	0.00230	0.01074	0.00537	0.00307	0.01074
17	0.01842	0.02029	0.01654	0.01560	0.01772	0.29116	0.01175	0.02238	0.09970	0.01955	0.02228	0.24334	0.02314	0.01345	0.01038	0.00250	0.12841	0.01042	0.00505	0.00794
18	0.00893	0.00698	0.00814	0.00900	0.01051	0.00619	0.00650	0.01062	0.01541	0.01931	0.05636	0.36587	0.36444	0.02045	0.00900	0.00274	0.00413	0.06259	0.00675	0.00607
19	0.00886	0.00633	0.00843	0.01012	0.01054	0.00590	0.00675	0.01012	0.01392	0.01856	0.04006	0.73979	0.04808	0.02277	0.00928	0.00295	0.00422	0.02066	0.00675	0.00590
20	0.01105	0.00941	0.01270	0.01273	0.01317	0.01105	0.00953	0.01246	0.01324	0.01830	0.03295	0.46351	0.08354	0.01930	0.01380	0.00299	0.23231	0.01579	0.00563	0.00656
21	0.01373	0.01292	0.02180	0.72707	0.05006	0.01615	0.02019	0.01857	0.01453	0.01857	0.01292	0.01938	0.00969	0.00727	0.00727	0.00242	0.00969	0.00646	0.00323	0.00807
22	0.00940	0.00740	0.00849	0.00822	0.01032	0.00648	0.00616	0.01201	0.01849	0.02420	0.37175	0.06245	0.39528	0.01671	0.00858	0.00237	0.00356	0.01429	0.00735	0.00648
23	0.01590	0.01590	0.02226	0.01908	0.01908	0.02226	0.01590	0.01749	0.01113	0.01749	0.00954	0.01590	0.00954	0.01272	0.02385	0.00318	0.73123	0.00636	0.00318	0.00795
24	0.01921	0.01240	0.01552	0.01333	0.01658	0.01278	0.03585	0.19889	0.04357	0.13958	0.02599	0.15048	0.02452	0.14359	0.06502	0.00397	0.00774	0.05549	0.00654	0.00893
25	0.01590	0.01590	0.02226	0.01908	0.01908	0.02226	0.01590	0.01749	0.01113	0.01749	0.00954	0.01590	0.00954	0.01272	0.02385	0.00318	0.73123	0.00636	0.00318	0.00795
26	0.00894	0.00709	0.00805	0.00841	0.01019	0.00619	0.00608	0.01089	0.01651	0.02092	0.16747	0.25092	0.41461	0.01902	0.00878	0.00256	0.00379	0.01644	0.00696	0.00619
27	0.02998	0.01512	0.01839	0.01426	0.01983	0.01495	0.01173	0.23634	0.07381	0.44819	0.02522	0.02263	0.01653	0.00898	0.00730	0.00224	0.00672	0.00714	0.00834	0.01230
28	0.08112	0.01683	0.01888	0.01487	0.02002	0.06044	0.03461	0.19552	0.07438	0.19941	0.01885	0.01890	0.01350	0.00828	0.00794	0.00210	0.05838	0.00624	0.00637	0.14336
29	0.35358	0.15914	0.06346	0.01195	0.01712	0.01809	0.01084	0.10344	0.01729	0.07827	0.08982	0.01843	0.01638	0.00798	0.00570	0.00211	0.00647	0.00563	0.00520	0.00911

[dist]
# distance from previous block
# <min> <max>
1	6

[block]
# block no. 2 follows, 28 sequences, length 23
# corresponding to MSA columns:
# 419-441
name=unknown_C
#
# <colnr> <probs for GDERKNQSTAVLIFYWHMCP>
#	G	D	E	R	K	N	Q	S	T	A	V	L	I	F	Y	W	H	M	C	P
0	0.15982	0.12864	0.33550	0.01628	0.02397	0.01892	0.01818	0.13297	0.01818	0.02812	0.04618	0.01645	0.01242	0.00748	0.00630	0.00217	0.00857	0.00548	0.00429	0.01011
1	0.01943	0.74891	0.03809	0.01244	0.01866	0.02876	0.01244	0.02177	0.01477	0.01710	0.01011	0.01166	0.00933	0.00622	0.00466	0.00155	0.00777	0.00389	0.00311	0.00933
2	0.02016	0.01153	0.01458	0.01337	0.01678	0.01147	0.01099	0.13540	0.04649	0.21825	0.03198	0.15701	0.03023	0.01502	0.00857	0.00274	0.00635	0.23229	0.00748	0.00934
3	0.01355	0.00678	0.00678	0.00678	0.00847	0.00678	0.00508	0.01694	0.01524	0.02710	0.02371	0.02710	0.01863	0.00847	0.00508	0.00169	0.00339	0.00678	0.78489	0.00678
4	0.02082	0.08887	0.23908	0.11742	0.02887	0.08716	0.01872	0.25888	0.02251	0.02963	0.01420	0.01614	0.01044	0.00761	0.00686	0.00217	0.00957	0.00575	0.00468	0.01061
5	0.02728	0.01435	0.01736	0.01382	0.01893	0.01434	0.01124	0.17741	0.14003	0.38840	0.07650	0.02575	0.02127	0.00953	0.00741	0.00227	0.00631	0.00774	0.00826	0.01180
6	0.04302	0.01475	0.02305	0.22661	0.12201	0.01467	0.10339	0.05239	0.01674	0.08582	0.01483	0.01822	0.01123	0.00671	0.00684	0.00200	0.00820	0.00617	0.00439	0.21897
7	0.02137	0.01688	0.02333	0.01883	0.02163	0.05450	0.09079	0.07938	0.01646	0.17424	0.01519	0.01830	0.01184	0.01051	0.01607	0.00273	0.38669	0.00676	0.00492	0.00956
8	0.01355	0.00678	0.00678	0.00678	0.00847	0.00678	0.00508	0.01694	0.01524	0.02710	0.02371	0.02710	0.01863	0.00847	0.00508	0.00169	0.00339	0.00678	0.78489	0.00678
9	0.00946	0.00740	0.00857	0.00828	0.01035	0.00651	0.00621	0.01212	0.01863	0.02453	0.39360	0.06190	0.37323	0.01658	0.00858	0.00237	0.00355	0.01421	0.00739	0.00651
10	0.02211	0.01270	0.01579	0.01164	0.01776	0.01009	0.00944	0.02518	0.01737	0.29685	0.01924	0.01895	0.01367	0.00683	0.00616	0.00155	0.00571	0.00551	0.00619	0.47726
11	0.01590	0.01590	0.02226	0.01908	0.01908	0.02226	0.01590	0.01749	0.01113	0.01749	0.00954	0.01590	0.00954	0.01272	0.02385	0.00318	0.73123	0.00636	0.00318	0.00795
12	0.01510	0.01569	0.03091	0.34503	0.04149	0.01653	0.32828	0.02045	0.01622	0.02157	0.06340	0.02203	0.01461	0.00728	0.00798	0.00243	0.01045	0.00795	0.00379	0.00881
13	0.01665	0.01590	0.02708	0.25978	0.49454	0.01692	0.02164	0.02113	0.01592	0.02212	0.01344	0.01843	0.01094	0.00673	0.00722	0.00224	0.00897	0.00647	0.00348	0.01043
14	0.01057	0.00705	0.00793	0.00793	0.00793	0.00705	0.00440	0.01057	0.01057	0.01409	0.02290	0.04757	0.02643	0.74454	0.03700	0.00705	0.00705	0.01057	0.00440	0.00440
15	0.03261	0.01237	0.01687	0.01293	0.01856	0.01068	0.01068	0.03543	0.02081	0.70423	0.02868	0.02474	0.01799	0.00900	0.00731	0.00225	0.00619	0.00731	0.00900	0.01237
16	0.01171	0.00837	0.01171	0.01339	0.01506	0.00837	0.01171	0.01506	0.01673	0.02175	0.03849	0.08199	0.04183	0.02008	0.01004	0.00335	0.00669	0.65027	0.00669	0.00669
17	0.01544	0.01352	0.01793	0.30049	0.03087	0.01594	0.01502	0.02727	0.32266	0.02444	0.02414	0.03171	0.01993	0.01025	0.00772	0.00257	0.00747	0.09755	0.00563	0.00945
18	0.00943	0.00677	0.00895	0.00973	0.01067	0.00629	0.00679	0.01156	0.01659	0.02281	0.30309	0.46464	0.05631	0.01960	0.00900	0.00268	0.00390	0.01765	0.00725	0.00629
19	0.00982	0.00741	0.00907	0.00866	0.01057	0.00666	0.00649	0.01282	0.01948	0.02654	0.52466	0.05860	0.24092	0.01583	0.00858	0.00233	0.00350	0.01375	0.00766	0.00666
20	0.01458	0.03760	0.70688	0.02072	0.03146	0.01688	0.02686	0.02302	0.01535	0.02302	0.01304	0.01535	0.00921	0.00691	0.00691	0.00230	0.01074	0.00537	0.00307	0.01074
21	0.01716	0.01961	0.04289	0.03064	0.03799	0.01838	0.67279	0.02328	0.01716	0.02328	0.01471	0.01961	0.01103	0.00613	0.00858	0.00245	0.01225	0.00858	0.00368	0.00980
22	0.02763	0.02036	0.02182	0.01672	0.02254	0.02254	0.01382	0.67496	0.03418	0.04581	0.01745	0.01745	0.01236	0.00873	0.00727	0.00218	0.00800	0.00654	0.00727	0.01236

[dist]
# distance from previous block
# <min> <max>
0	79

[block]
# block no. 3 follows, 28 sequences, length 16
# corresponding to MSA columns:
# 521-536
name=unknown_D
#
# <colnr> <probs for GDERKNQSTAVLIFYWHMCP>
#	G	D	E	R	K	N	Q	S	T	A	V	L	I	F	Y	W	H	M	C	P
0	0.01171	0.00837	0.01171	0.01339	0.01506	0.00837	0.01171	0.01506	0.01673	0.02175	0.03849	0.08199	0.04183	0.02008	0.01004	0.00335	0.00669	0.65027	0.00669	0.00669
1	0.01029	0.00743	0.00972	0.00914	0.01086	0.00686	0.00686	0.01372	0.02058	0.02915	0.69536	0.05430	0.06859	0.01486	0.00857	0.00229	0.00343	0.01315	0.00800	0.00686
2	0.01590	0.01590	0.02226	0.01908	0.01908	0.02226	0.01590	0.01749	0.01113	0.01749	0.00954	0.01590	0.00954	0.01272	0.02385	0.00318	0.73123	0.00636	0.00318	0.00795
3	0.01038	0.00779	0.01168	0.01168	0.01298	0.00909	0.00909	0.01298	0.01168	0.01687	0.01947	0.02856	0.01817	0.05452	0.71573	0.01168	0.01947	0.00779	0.00389	0.00649
4	0.01029	0.00743	0.00972	0.00914	0.01086	0.00686	0.00686	0.01372	0.02058	0.02915	0.69536	0.05430	0.06859	0.01486	0.00857	0.00229	0.00343	0.01315	0.00800	0.00686
5	0.02763	0.02036	0.02182	0.01672	0.02254	0.02254	0.01382	0.67496	0.03418	0.04581	0.01745	0.01745	0.01236	0.00873	0.00727	0.00218	0.00800	0.00654	0.00727	0.01236
6	0.03077	0.01278	0.01681	0.01317	0.01860	0.01162	0.01079	0.03583	0.10509	0.61886	0.02879	0.02504	0.01853	0.00911	0.00732	0.00228	0.00613	0.00743	0.00879	0.01226
7	0.02619	0.01965	0.02100	0.01643	0.02199	0.02187	0.01347	0.57908	0.13240	0.04349	0.01928	0.01891	0.01384	0.00890	0.00729	0.00222	0.00766	0.00680	0.00729	0.01223
8	0.03077	0.01278	0.01681	0.01317	0.01860	0.01162	0.01079	0.03583	0.10509	0.61886	0.02879	0.02504	0.01853	0.00911	0.00732	0.00228	0.00613	0.00743	0.00879	0.01226
9	0.00886	0.00633	0.00843	0.01012	0.01054	0.00590	0.00675	0.01012	0.01392	0.01856	0.04006	0.73979	0.04808	0.02277	0.00928	0.00295	0.00422	0.02066	0.00675	0.00590
10	0.01637	0.01395	0.01489	0.01351	0.01719	0.01575	0.01046	0.03332	0.55059	0.02943	0.11730	0.03384	0.07957	0.01115	0.00764	0.00244	0.00530	0.00939	0.00742	0.01051
11	0.02531	0.04318	0.01979	0.01509	0.02018	0.01855	0.01242	0.40116	0.07926	0.15989	0.02044	0.02074	0.01479	0.01458	0.09696	0.00340	0.00894	0.00688	0.00702	0.01144
12	0.01722	0.01932	0.04096	0.02948	0.03659	0.01836	0.62443	0.02441	0.06608	0.02381	0.01579	0.02016	0.01185	0.00640	0.00849	0.00245	0.01178	0.00855	0.00395	0.00993
13	0.02560	0.01647	0.01766	0.01638	0.07949	0.13904	0.01183	0.07563	0.02132	0.33901	0.15302	0.02724	0.02527	0.00962	0.00741	0.00218	0.00726	0.00784	0.00724	0.01051
14	0.01953	0.01524	0.02087	0.37443	0.08692	0.05928	0.01706	0.11302	0.01890	0.12624	0.01767	0.02382	0.01369	0.00858	0.00742	0.00237	0.00885	0.05166	0.00496	0.00951
15	0.01361	0.01296	0.02251	0.07004	0.02415	0.01277	0.23711	0.01938	0.10041	0.02185	0.02863	0.22159	0.07233	0.04593	0.00975	0.00278	0.00779	0.03581	0.00533	0.03527

[dist]
# distance from previous block
# <min> <max>
2	10

[block]
# block no. 4 follows, 28 sequences, length 79
# corresponding to MSA columns:
# 547-586,594-610,613-634
name=unknown_E
#
# <colnr> <probs for GDERKNQSTAVLIFYWHMCP>
#	G	D	E	R	K	N	Q	S	T	A	V	L	I	F	Y	W	H	M	C	P
0	0.12573	0.01814	0.06778	0.01764	0.02387	0.03989	0.18496	0.13481	0.01904	0.04921	0.01785	0.01975	0.05168	0.00741	0.00682	0.00202	0.00821	0.00660	0.00487	0.19372
1	0.01611	0.41156	0.09507	0.08864	0.02270	0.02113	0.05314	0.01933	0.01487	0.01852	0.01810	0.13521	0.03968	0.00954	0.00628	0.00203	0.00780	0.00774	0.00388	0.00869
2	0.01904	0.01432	0.01598	0.01376	0.01747	0.01529	0.01072	0.31798	0.10319	0.03268	0.02629	0.24150	0.02560	0.03603	0.00878	0.00257	0.00636	0.02939	0.00684	0.05621
3	0.01057	0.00705	0.00793	0.00793	0.00793	0.00705	0.00440	0.01057	0.01057	0.01409	0.02290	0.04757	0.02643	0.74454	0.03700	0.00705	0.00705	0.01057	0.00440	0.00440
4	0.79588	0.01406	0.01068	0.00956	0.01406	0.01631	0.00787	0.02137	0.01237	0.03261	0.01012	0.01181	0.00787	0.00675	0.00450	0.00225	0.00562	0.00394	0.00450	0.00787
5	0.01620	0.01840	0.06152	0.10072	0.03581	0.01722	0.48881	0.02294	0.06291	0.02295	0.01722	0.06913	0.01412	0.00767	0.00834	0.00248	0.01093	0.00904	0.00407	0.00951
6	0.00886	0.00633	0.00843	0.01012	0.01054	0.00590	0.00675	0.01012	0.01392	0.01856	0.04006	0.73979	0.04808	0.02277	0.00928	0.00295	0.00422	0.02066	0.00675	0.00590
7	0.00886	0.00633	0.00843	0.01012	0.01054	0.00590	0.00675	0.01012	0.01392	0.01856	0.04006	0.73979	0.04808	0.02277	0.00928	0.00295	0.00422	0.02066	0.00675	0.00590
8	0.01476	0.01420	0.02295	0.60273	0.14847	0.03612	0.02034	0.01944	0.01501	0.01934	0.01299	0.01899	0.00996	0.00715	0.00724	0.00237	0.00963	0.00641	0.00330	0.00861
9	0.01919	0.01615	0.02262	0.12399	0.34219	0.08090	0.01719	0.02325	0.03587	0.11502	0.01891	0.09479	0.01630	0.00889	0.00732	0.00226	0.00816	0.00796	0.02890	0.01014
10	0.03109	0.01271	0.01682	0.01313	0.01859	0.01146	0.01077	0.03576	0.09050	0.63364	0.02877	0.02499	0.01843	0.00909	0.00732	0.00227	0.00614	0.00741	0.00883	0.01228
11	0.67006	0.01378	0.01170	0.01012	0.01480	0.01538	0.00834	0.02368	0.01376	0.14333	0.01318	0.01394	0.00954	0.00712	0.00496	0.00225	0.00572	0.00449	0.00524	0.00861
12	0.52166	0.02001	0.01434	0.01264	0.01707	0.19827	0.01005	0.08698	0.01663	0.03005	0.01112	0.01270	0.00870	0.00713	0.00530	0.00214	0.00780	0.00438	0.00457	0.00845
13	0.01156	0.00827	0.01150	0.01294	0.01462	0.00821	0.01120	0.01492	0.01714	0.02253	0.10730	0.07909	0.04464	0.01953	0.00989	0.00324	0.00635	0.58352	0.00683	0.00671
14	0.79588	0.01406	0.01068	0.00956	0.01406	0.01631	0.00787	0.02137	0.01237	0.03261	0.01012	0.01181	0.00787	0.00675	0.00450	0.00225	0.00562	0.00394	0.00450	0.00787
15	0.01893	0.67439	0.10815	0.01331	0.02000	0.02752	0.01395	0.02190	0.01483	0.01772	0.01041	0.01205	0.00932	0.00629	0.00490	0.00163	0.00808	0.00404	0.00311	0.00948
16	0.00868	0.00726	0.00757	0.00772	0.00993	0.00614	0.00570	0.01052	0.01644	0.01988	0.09371	0.13954	0.60453	0.01873	0.00866	0.00250	0.00373	0.01582	0.00680	0.00614
17	0.01373	0.01292	0.02180	0.72707	0.05006	0.01615	0.02019	0.01857	0.01453	0.01857	0.01292	0.01938	0.00969	0.00727	0.00727	0.00242	0.00969	0.00646	0.00323	0.00807
18	0.04044	0.68428	0.03564	0.01216	0.01806	0.02711	0.01198	0.02127	0.01505	0.01825	0.05099	0.01421	0.01282	0.00675	0.00489	0.00162	0.00745	0.00444	0.00344	0.00914
19	0.01355	0.00678	0.00678	0.00678	0.00847	0.00678	0.00508	0.01694	0.01524	0.02710	0.02371	0.02710	0.01863	0.00847	0.00508	0.00169	0.00339	0.00678	0.78489	0.00678
20	0.01507	0.01292	0.01507	0.01077	0.01723	0.00969	0.00861	0.01830	0.01507	0.02369	0.01292	0.01507	0.01077	0.00538	0.00538	0.00108	0.00538	0.00431	0.00431	0.78898
21	0.10796	0.02447	0.02024	0.01664	0.02163	0.25326	0.01327	0.39077	0.02736	0.03507	0.01461	0.01541	0.01089	0.00811	0.00674	0.00209	0.00946	0.00565	0.00580	0.01058
22	0.10817	0.01535	0.01711	0.01379	0.01881	0.03768	0.01117	0.20722	0.08375	0.32562	0.02392	0.06780	0.01746	0.00961	0.00712	0.00228	0.00668	0.00761	0.00759	0.01127
23	0.01355	0.00678	0.00678	0.00678	0.00847	0.00678	0.00508	0.01694	0.01524	0.02710	0.02371	0.02710	0.01863	0.00847	0.00508	0.00169	0.00339	0.00678	0.78489	0.00678
24	0.79588	0.01406	0.01068	0.00956	0.01406	0.01631	0.00787	0.02137	0.01237	0.03261	0.01012	0.01181	0.00787	0.00675	0.00450	0.00225	0.00562	0.00394	0.00450	0.00787
25	0.03261	0.01237	0.01687	0.01293	0.01856	0.01068	0.01068	0.03543	0.02081	0.70423	0.02868	0.02474	0.01799	0.00900	0.00731	0.00225	0.00619	0.00731	0.00900	0.01237
26	0.09887	0.01619	0.02607	0.06377	0.56263	0.01651	0.01980	0.02156	0.01628	0.02481	0.05394	0.01956	0.01447	0.00703	0.00700	0.00219	0.00805	0.00661	0.00394	0.01073
27	0.00877	0.00737	0.00761	0.00755	0.00993	0.00621	0.00566	0.01078	0.01699	0.02063	0.13877	0.06832	0.63049	0.01804	0.00859	0.00244	0.00366	0.01511	0.00688	0.00621
28	0.22028	0.01825	0.03233	0.02371	0.03016	0.01828	0.43126	0.09106	0.01770	0.02806	0.01380	0.01736	0.01035	0.00656	0.00738	0.00237	0.01009	0.00716	0.00427	0.00957
29	0.00927	0.00795	0.00817	0.00772	0.01059	0.00651	0.00585	0.01126	0.01641	0.02006	0.06728	0.06421	0.62443	0.01704	0.00826	0.00231	0.00386	0.01419	0.00649	0.08815
30	0.06077	0.00952	0.01210	0.21966	0.02162	0.01068	0.01007	0.04223	0.01538	0.02513	0.01911	0.02338	0.01491	0.00859	0.00657	0.02883	0.00565	0.00649	0.45200	0.00731
31	0.01373	0.01292	0.02180	0.72707	0.05006	0.01615	0.02019	0.01857	0.01453	0.01857	0.01292	0.01938	0.00969	0.00727	0.00727	0.00242	0.00969	0.00646	0.00323	0.00807
32	0.02368	0.01459	0.01677	0.01418	0.01889	0.01553	0.01128	0.05805	0.42269	0.27631	0.02886	0.02594	0.02034	0.00951	0.00736	0.00238	0.00598	0.00783	0.00798	0.01185
33	0.00886	0.00633	0.00843	0.01012	0.01054	0.00590	0.00675	0.01012	0.01392	0.01856	0.04006	0.73979	0.04808	0.02277	0.00928	0.00295	0.00422	0.02066	0.00675	0.00590
34	0.01231	0.00943	0.01180	0.01269	0.01461	0.00984	0.01021	0.01892	0.16554	0.02280	0.03786	0.24006	0.05672	0.01845	0.00921	0.00302	0.00576	0.32635	0.00687	0.00755
35	0.02720	0.03315	0.02073	0.01852	0.02248	0.64278	0.01402	0.09670	0.02202	0.02073	0.01189	0.01356	0.00968	0.00762	0.00663	0.00191	0.01257	0.00488	0.00411	0.00884
36	0.01442	0.01344	0.02193	0.52733	0.08241	0.01595	0.05332	0.02063	0.08489	0.02008	0.01546	0.02196	0.01227	0.05544	0.00928	0.00271	0.00918	0.00703	0.00379	0.00849
37	0.01507	0.01292	0.01507	0.01077	0.01723	0.00969	0.00861	0.01830	0.01507	0.02369	0.01292	0.01507	0.01077	0.00538	0.00538	0.00108	0.00538	0.00431	0.00431	0.78898
38	0.01622	0.27787	0.48097	0.01792	0.02714	0.02089	0.02199	0.02260	0.01515	0.02102	0.01205	0.01410	0.00925	0.00667	0.00615	0.00205	0.00974	0.00487	0.00308	0.01027
39	0.00955	0.00740	0.00870	0.00837	0.01041	0.00655	0.00628	0.01229	0.01884	0.02503	0.42606	0.06108	0.34046	0.01640	0.00858	0.00236	0.00354	0.01410	0.00746	0.00655
40	0.01029	0.00743	0.00972	0.00914	0.01086	0.00686	0.00686	0.01372	0.02058	0.02915	0.69536	0.05430	0.06859	0.01486	0.00857	0.00229	0.00343	0.01315	0.00800	0.00686
41	0.02763	0.02036	0.02182	0.01672	0.02254	0.02254	0.01382	0.67496	0.03418	0.04581	0.01745	0.01745	0.01236	0.00873	0.00727	0.00218	0.00800	0.00654	0.00727	0.01236
42	0.00937	0.00739	0.00845	0.00818	0.01030	0.00647	0.00614	0.01195	0.01841	0.02402	0.35999	0.06274	0.40716	0.01677	0.00858	0.00238	0.00357	0.01433	0.00733	0.00647
43	0.79588	0.01406	0.01068	0.00956	0.01406	0.01631	0.00787	0.02137	0.01237	0.03261	0.01012	0.01181	0.00787	0.00675	0.00450	0.00225	0.00562	0.00394	0.00450	0.00787
44	0.00962	0.00746	0.00884	0.00897	0.01094	0.00668	0.00691	0.01218	0.01781	0.02314	0.28111	0.10617	0.35122	0.01768	0.00883	0.00255	0.00404	0.10222	0.00717	0.00645
45	0.01020	0.00743	0.00959	0.00905	0.01080	0.00682	0.00679	0.01354	0.02036	0.02864	0.66207	0.05514	0.10219	0.01505	0.00857	0.00230	0.00344	0.01326	0.00793	0.00682
46	0.01263	0.00631	0.00947	0.00947	0.00947	0.00631	0.00631	0.00947	0.00947	0.01263	0.01263	0.02210	0.01263	0.02525	0.02841	0.78851	0.00631	0.00631	0.00316	0.00316
47	0.01989	0.70630	0.03705	0.01281	0.01888	0.06972	0.01253	0.02220	0.01512	0.01714	0.01017	0.01175	0.00933	0.00629	0.00478	0.00157	0.00809	0.00393	0.00315	0.00927
48	0.02763	0.02036	0.02182	0.01672	0.02254	0.02254	0.01382	0.67496	0.03418	0.04581	0.01745	0.01745	0.01236	0.00873	0.00727	0.00218	0.00800	0.00654	0.00727	0.01236
49	0.01502	0.10267	0.64570	0.01996	0.03029	0.01797	0.02554	0.02291	0.01529	0.02248	0.01278	0.01501	0.00922	0.00684	0.00670	0.00223	0.01047	0.00524	0.00307	0.01061
50	0.01373	0.01292	0.02180	0.72707	0.05006	0.01615	0.02019	0.01857	0.01453	0.01857	0.01292	0.01938	0.00969	0.00727	0.00727	0.00242	0.00969	0.00646	0.00323	0.00807
51	0.01507	0.01292	0.01507	0.01077	0.01723	0.00969	0.00861	0.01830	0.01507	0.02369	0.01292	0.01507	0.01077	0.00538	0.00538	0.00108	0.00538	0.00431	0.00431	0.78898
52	0.02487	0.01647	0.01856	0.01461	0.02009	0.01709	0.01187	0.29770	0.17393	0.18725	0.02205	0.02092	0.01560	0.00857	0.00704	0.00211	0.00673	0.00678	0.00727	0.12049
53	0.01893	0.00945	0.01245	0.01123	0.01440	0.00820	0.00847	0.02103	0.01685	0.29131	0.03366	0.36092	0.05071	0.01536	0.00807	0.00246	0.00511	0.01350	0.00738	0.09051
54	0.01629	0.26242	0.45116	0.01873	0.02782	0.02075	0.06434	0.02264	0.01528	0.02116	0.01222	0.01445	0.00936	0.00664	0.00630	0.00207	0.00990	0.00511	0.00312	0.01023
55	0.01795	0.01670	0.02946	0.02273	0.02627	0.01904	0.27448	0.02149	0.01454	0.09170	0.01395	0.01875	0.01133	0.01126	0.04138	0.00311	0.34537	0.00739	0.00401	0.00909
56	0.00938	0.00739	0.00845	0.00819	0.01030	0.00647	0.00614	0.01195	0.01842	0.02403	0.36092	0.06272	0.40622	0.01677	0.00858	0.00238	0.00357	0.01433	0.00733	0.00647
57	0.01763	0.01344	0.01705	0.01557	0.01805	0.01562	0.01308	0.13612	0.08668	0.07045	0.02571	0.04411	0.02469	0.01440	0.01269	0.00294	0.19477	0.26202	0.00611	0.00888
58	0.02676	0.20704	0.06489	0.01431	0.02044	0.01898	0.01296	0.20592	0.02257	0.30549	0.01986	0.01880	0.01368	0.00808	0.00659	0.00205	0.00736	0.00610	0.00665	0.01148
59	0.01012	0.00730	0.00956	0.00926	0.01082	0.00675	0.00685	0.01329	0.01979	0.02789	0.61760	0.13564	0.06615	0.01580	0.00866	0.00237	0.00352	0.01404	0.00785	0.00675
60	0.00972	0.00680	0.00869	0.00950	0.00989	0.00678	0.00618	0.01069	0.01234	0.01663	0.03072	0.37920	0.03575	0.30113	0.11696	0.00571	0.00739	0.01506	0.00547	0.00542
61	0.02587	0.06259	0.02189	0.02159	0.19537	0.01526	0.01412	0.13493	0.02114	0.33798	0.02234	0.05922	0.01643	0.00886	0.00721	0.00221	0.00712	0.00746	0.00681	0.01160
62	0.02533	0.01335	0.01623	0.01343	0.01819	0.01340	0.01076	0.03529	0.28743	0.39020	0.07245	0.02762	0.02297	0.00973	0.00743	0.00234	0.00583	0.00805	0.00829	0.01167
63	0.00939	0.00720	0.00860	0.00867	0.01041	0.00641	0.00634	0.01183	0.01784	0.02364	0.34201	0.18890	0.29715	0.01766	0.00871	0.00247	0.00367	0.01537	0.00730	0.00641
64	0.70308	0.01392	0.01200	0.09470	0.01833	0.01629	0.00933	0.02104	0.01263	0.03095	0.01045	0.01271	0.00809	0.00681	0.00483	0.00227	0.00611	0.00424	0.00435	0.00790
65	0.01808	0.01561	0.01644	0.01479	0.01890	0.01808	0.01151	0.03863	0.68606	0.03041	0.02959	0.02712	0.02219	0.00986	0.00740	0.00247	0.00575	0.00822	0.00740	0.01151
66	0.02337	0.02275	0.11456	0.01695	0.02284	0.07989	0.01504	0.36809	0.19633	0.03636	0.01940	0.01925	0.01417	0.00866	0.00719	0.00224	0.00824	0.00665	0.00642	0.01158
67	0.00895	0.00640	0.00852	0.01006	0.01056	0.00597	0.00675	0.01036	0.01435	0.01925	0.08273	0.69516	0.04941	0.02226	0.00923	0.00291	0.00417	0.02018	0.00683	0.00597
68	0.01396	0.01319	0.02211	0.67717	0.07347	0.01640	0.02012	0.01868	0.01449	0.01873	0.01283	0.01921	0.00975	0.00742	0.00783	0.00244	0.03429	0.00646	0.00324	0.00820
69	0.01056	0.00814	0.01026	0.01030	0.01238	0.00694	0.00726	0.01237	0.01423	0.01997	0.03261	0.54075	0.03783	0.01800	0.00821	0.00244	0.00454	0.01617	0.00608	0.22097
70	0.16732	0.01653	0.01827	0.01704	0.09003	0.01803	0.01239	0.28224	0.13317	0.09335	0.02060	0.02063	0.03491	0.00862	0.00674	0.00224	0.00681	0.00667	0.03351	0.01091
71	0.01874	0.63275	0.10140	0.01367	0.01992	0.02720	0.01405	0.02161	0.01459	0.01770	0.01035	0.01229	0.00933	0.00671	0.00613	0.00173	0.05517	0.00419	0.00311	0.00937
72	0.01321	0.00799	0.01057	0.00977	0.01188	0.00728	0.00737	0.01633	0.01991	0.12088	0.53502	0.12205	0.05948	0.01488	0.00847	0.00235	0.00389	0.01313	0.00801	0.00752
73	0.01057	0.00705	0.00793	0.00793	0.00793	0.00705	0.00440	0.01057	0.01057	0.01409	0.02290	0.04757	0.02643	0.74454	0.03700	0.00705	0.00705	0.01057	0.00440	0.00440
74	0.01666	0.01729	0.02364	0.01989	0.02063	0.06334	0.06260	0.01859	0.01213	0.01792	0.01001	0.01600	0.00964	0.01194	0.02173	0.00305	0.63716	0.00642	0.00325	0.00811
75	0.02462	0.01755	0.02574	0.02024	0.05065	0.01786	0.18406	0.25083	0.10321	0.19684	0.02076	0.02094	0.01451	0.00817	0.00763	0.00230	0.00842	0.00745	0.00663	0.01157
76	0.01130	0.00799	0.00995	0.00901	0.01129	0.00718	0.00682	0.01470	0.01919	0.02822	0.52201	0.04590	0.05486	0.01286	0.00771	0.00206	0.00366	0.01122	0.11441	0.09965
77	0.01635	0.01081	0.01296	0.01101	0.01431	0.01047	0.00864	0.13282	0.04115	0.11268	0.38330	0.04284	0.10596	0.01275	0.00799	0.00222	0.00476	0.01087	0.00766	0.05043
78	0.01812	0.54447	0.14547	0.01360	0.02060	0.02454	0.01436	0.02156	0.01490	0.01886	0.01092	0.01267	0.00948	0.00623	0.00512	0.00162	0.00798	0.00418	0.00324	0.10207

[dist]
# distance from previous block
# <min> <max>
0	4

[block]
# block no. 5 follows, 28 sequences, length 10
# corresponding to MSA columns:
# 639-648
name=unknown_F
#
# <colnr> <probs for GDERKNQSTAVLIFYWHMCP>
#	G	D	E	R	K	N	Q	S	T	A	V	L	I	F	Y	W	H	M	C	P
0	0.02300	0.01805	0.09922	0.01874	0.02457	0.01585	0.16276	0.11308	0.07306	0.25367	0.02157	0.05515	0.01587	0.00907	0.00883	0.00241	0.05997	0.00792	0.00627	0.01092
1	0.04704	0.01701	0.01964	0.10758	0.02449	0.09093	0.07644	0.09783	0.26438	0.05050	0.02437	0.05504	0.04119	0.00997	0.00753	0.00241	0.00784	0.03993	0.00597	0.00992
2	0.02289	0.01604	0.01648	0.01405	0.01827	0.09968	0.01108	0.08910	0.24089	0.22314	0.11176	0.02744	0.02438	0.01174	0.03715	0.00267	0.00725	0.00800	0.00733	0.01064
3	0.01832	0.01625	0.02317	0.01833	0.02290	0.05126	0.19190	0.11075	0.17616	0.06192	0.13065	0.05282	0.04665	0.01015	0.00851	0.00240	0.03262	0.00926	0.00617	0.00981
4	0.01590	0.01590	0.02226	0.01908	0.01908	0.02226	0.01590	0.01749	0.01113	0.01749	0.00954	0.01590	0.00954	0.01272	0.02385	0.00318	0.73123	0.00636	0.00318	0.00795
5	0.02068	0.09646	0.22728	0.06473	0.02669	0.19660	0.05121	0.05787	0.04584	0.07777	0.01435	0.01631	0.01082	0.00773	0.00786	0.00219	0.05589	0.00569	0.00417	0.00987
6	0.00886	0.00633	0.00843	0.01012	0.01054	0.00590	0.00675	0.01012	0.01392	0.01856	0.04006	0.73979	0.04808	0.02277	0.00928	0.00295	0.00422	0.02066	0.00675	0.00590
7	0.01029	0.00743	0.00972	0.00914	0.01086	0.00686	0.00686	0.01372	0.02058	0.02915	0.69536	0.05430	0.06859	0.01486	0.00857	0.00229	0.00343	0.01315	0.00800	0.00686
8	0.72362	0.01390	0.01127	0.00988	0.01448	0.01577	0.00814	0.02270	0.01317	0.09620	0.01188	0.01303	0.00883	0.00696	0.00476	0.00225	0.00568	0.00426	0.00492	0.00830
9	0.00958	0.00716	0.00890	0.00897	0.01056	0.00648	0.00654	0.01216	0.01816	0.02461	0.40706	0.21476	0.20344	0.01746	0.00874	0.00248	0.00367	0.01536	0.00744	0.00648

[dist]
# distance from previous block
# <min> <max>
0	18

[block]
# block no. 6 follows, 28 sequences, length 51
# corresponding to MSA columns:
# 667-696,701-721
name=unknown_G
#
# <colnr> <probs for GDERKNQSTAVLIFYWHMCP>
#	G	D	E	R	K	N	Q	S	T	A	V	L	I	F	Y	W	H	M	C	P
0	0.01174	0.00788	0.01013	0.00969	0.01158	0.00735	0.00721	0.01536	0.04466	0.07151	0.49026	0.16573	0.08743	0.01575	0.00856	0.00241	0.00384	0.01392	0.00778	0.00721
1	0.01263	0.00631	0.00947	0.00947	0.00947	0.00631	0.00631	0.00947	0.00947	0.01263	0.01263	0.02210	0.01263	0.02525	0.02841	0.78851	0.00631	0.00631	0.00316	0.00316
2	0.00922	0.00739	0.00823	0.00802	0.01020	0.00640	0.00602	0.01165	0.01805	0.02316	0.30373	0.06416	0.46395	0.01710	0.00858	0.00239	0.00359	0.01453	0.00721	0.00640
3	0.01038	0.00779	0.01168	0.01168	0.01298	0.00909	0.00909	0.01298	0.01168	0.01687	0.01947	0.02856	0.01817	0.05452	0.71573	0.01168	0.01947	0.00779	0.00389	0.00649
4	0.01055	0.00707	0.00805	0.00801	0.00812	0.00703	0.00457	0.01078	0.01123	0.01509	0.06721	0.04801	0.02920	0.69646	0.03513	0.00673	0.00681	0.01074	0.00464	0.00457
5	0.01943	0.74891	0.03809	0.01244	0.01866	0.02876	0.01244	0.02177	0.01477	0.01710	0.01011	0.01166	0.00933	0.00622	0.00466	0.00155	0.00777	0.00389	0.00311	0.00933
6	0.01943	0.74891	0.03809	0.01244	0.01866	0.02876	0.01244	0.02177	0.01477	0.01710	0.01011	0.01166	0.00933	0.00622	0.00466	0.00155	0.00777	0.00389	0.00311	0.00933
7	0.03261	0.01237	0.01687	0.01293	0.01856	0.01068	0.01068	0.03543	0.02081	0.70423	0.02868	0.02474	0.01799	0.00900	0.00731	0.00225	0.00619	0.00731	0.00900	0.01237
8	0.02355	0.09838	0.02109	0.01673	0.02097	0.38110	0.01307	0.07391	0.23150	0.02356	0.01734	0.01769	0.01362	0.00820	0.00668	0.00205	0.00992	0.00584	0.00507	0.00975
9	0.01029	0.00743	0.00972	0.00914	0.01086	0.00686	0.00686	0.01372	0.02058	0.02915	0.69536	0.05430	0.06859	0.01486	0.00857	0.00229	0.00343	0.01315	0.00800	0.00686
10	0.01644	0.01597	0.02805	0.28010	0.41399	0.01698	0.08061	0.02110	0.01591	0.02191	0.01351	0.01862	0.01084	0.00672	0.00735	0.00228	0.00933	0.00666	0.00348	0.01017
11	0.01458	0.03760	0.70688	0.02072	0.03146	0.01688	0.02686	0.02302	0.01535	0.02302	0.01304	0.01535	0.00921	0.00691	0.00691	0.00230	0.01074	0.00537	0.00307	0.01074
12	0.00973	0.00741	0.00895	0.00856	0.01052	0.00662	0.00642	0.01264	0.01927	0.02604	0.49225	0.05941	0.27363	0.01602	0.00858	0.00234	0.00351	0.01386	0.00759	0.00662
13	0.79588	0.01406	0.01068	0.00956	0.01406	0.01631	0.00787	0.02137	0.01237	0.03261	0.01012	0.01181	0.00787	0.00675	0.00450	0.00225	0.00562	0.00394	0.00450	0.00787
14	0.01595	0.01289	0.01516	0.01087	0.01729	0.00974	0.00872	0.01916	0.01536	0.05768	0.01371	0.01556	0.01113	0.00556	0.00548	0.00114	0.00542	0.00446	0.00454	0.75018
15	0.01882	0.02159	0.11562	0.29141	0.08348	0.13069	0.01885	0.13104	0.01879	0.02391	0.01321	0.01712	0.01014	0.00787	0.00841	0.00232	0.06723	0.00603	0.00399	0.00946
16	0.01244	0.00638	0.00933	0.00933	0.00933	0.00638	0.00614	0.00957	0.00957	0.01276	0.01356	0.02441	0.01388	0.09053	0.02919	0.71759	0.00638	0.00670	0.00327	0.00327
17	0.01654	0.11984	0.51108	0.01915	0.02842	0.01858	0.04380	0.08881	0.01724	0.02477	0.01356	0.01566	0.00993	0.00704	0.00666	0.00218	0.00990	0.00546	0.03080	0.01057
18	0.23555	0.01651	0.02919	0.02174	0.02767	0.01632	0.37972	0.02301	0.01585	0.08730	0.01580	0.04511	0.01240	0.00881	0.03117	0.00271	0.00979	0.00759	0.00451	0.00924
19	0.01029	0.00743	0.00972	0.00914	0.01086	0.00686	0.00686	0.01372	0.02058	0.02915	0.69536	0.05430	0.06859	0.01486	0.00857	0.00229	0.00343	0.01315	0.00800	0.00686
20	0.01029	0.00743	0.00972	0.00914	0.01086	0.00686	0.00686	0.01372	0.02058	0.02915	0.69536	0.05430	0.06859	0.01486	0.00857	0.00229	0.00343	0.01315	0.00800	0.00686
21	0.01711	0.40846	0.35819	0.01640	0.02479	0.02308	0.01934	0.02237	0.01505	0.01993	0.01151	0.01342	0.00927	0.00655	0.00574	0.00191	0.00919	0.00460	0.00309	0.01001
22	0.01799	0.01727	0.02950	0.04462	0.69919	0.01727	0.02231	0.02231	0.01655	0.02375	0.01367	0.01799	0.01151	0.00648	0.00720	0.00216	0.00864	0.00648	0.00360	0.01151
23	0.01355	0.00678	0.00678	0.00678	0.00847	0.00678	0.00508	0.01694	0.01524	0.02710	0.02371	0.02710	0.01863	0.00847	0.00508	0.00169	0.00339	0.00678	0.78489	0.00678
24	0.01887	0.01544	0.02123	0.43674	0.03829	0.01816	0.01725	0.26143	0.02183	0.02898	0.01501	0.01896	0.01102	0.00785	0.00719	0.00231	0.00882	0.00650	0.03450	0.00961
25	0.01401	0.01321	0.02232	0.68133	0.09357	0.01623	0.02033	0.01882	0.01467	0.01892	0.01297	0.01929	0.00981	0.00721	0.00726	0.00240	0.00962	0.00646	0.00325	0.00831
26	0.79588	0.01406	0.01068	0.00956	0.01406	0.01631	0.00787	0.02137	0.01237	0.03261	0.01012	0.01181	0.00787	0.00675	0.00450	0.00225	0.00562	0.00394	0.00450	0.00787
27	0.01373	0.01292	0.02180	0.72707	0.05006	0.01615	0.02019	0.01857	0.01453	0.01857	0.01292	0.01938	0.00969	0.00727	0.00727	0.00242	0.00969	0.00646	0.00323	0.00807
28	0.01070	0.00804	0.01145	0.01129	0.01226	0.00933	0.00848	0.01272	0.01143	0.01634	0.01967	0.03177	0.01941	0.19198	0.54390	0.01032	0.05251	0.00828	0.00396	0.00614
29	0.01716	0.01961	0.04289	0.03064	0.03799	0.01838	0.67279	0.02328	0.01716	0.02328	0.01471	0.01961	0.01103	0.00613	0.00858	0.00245	0.01225	0.00858	0.00368	0.00980
30	0.01507	0.01292	0.01507	0.01077	0.01723	0.00969	0.00861	0.01830	0.01507	0.02369	0.01292	0.01507	0.01077	0.00538	0.00538	0.00108	0.00538	0.00431	0.00431	0.78898
31	0.00886	0.00633	0.00843	0.01012	0.01054	0.00590	0.00675	0.01012	0.01392	0.01856	0.04006	0.73979	0.04808	0.02277	0.00928	0.00295	0.00422	0.02066	0.00675	0.00590
32	0.00886	0.00633	0.00843	0.01012	0.01054	0.00590	0.00675	0.01012	0.01392	0.01856	0.04006	0.73979	0.04808	0.02277	0.00928	0.00295	0.00422	0.02066	0.00675	0.00590
33	0.00886	0.00633	0.00843	0.01012	0.01054	0.00590	0.00675	0.01012	0.01392	0.01856	0.04006	0.73979	0.04808	0.02277	0.00928	0.00295	0.00422	0.02066	0.00675	0.00590
34	0.00884	0.00637	0.00839	0.01000	0.01051	0.00591	0.00669	0.01014	0.01403	0.01860	0.04154	0.71041	0.07651	0.02258	0.00925	0.00293	0.00419	0.02043	0.00675	0.00591
35	0.01039	0.00776	0.01152	0.01152	0.01276	0.00900	0.00888	0.01288	0.01163	0.01675	0.01962	0.02938	0.01853	0.08458	0.68616	0.01148	0.01893	0.00791	0.00392	0.00640
36	0.03261	0.01237	0.01687	0.01293	0.01856	0.01068	0.01068	0.03543	0.02081	0.70423	0.02868	0.02474	0.01799	0.00900	0.00731	0.00225	0.00619	0.00731	0.00900	0.01237
37	0.01763	0.05893	0.01438	0.01145	0.01470	0.01123	0.00899	0.04070	0.12414	0.18820	0.23662	0.15034	0.06599	0.01336	0.00791	0.00237	0.00500	0.01149	0.00755	0.00904
38	0.01547	0.01213	0.01499	0.01119	0.01681	0.00949	0.02743	0.01867	0.01611	0.07173	0.08624	0.04320	0.04217	0.00759	0.00616	0.00142	0.00534	0.00641	0.00515	0.58231
39	0.14008	0.21724	0.03176	0.01941	0.02552	0.07563	0.25614	0.04511	0.01693	0.08680	0.01387	0.01614	0.01064	0.00671	0.00657	0.00210	0.00938	0.00610	0.00427	0.00959
40	0.45671	0.01382	0.01394	0.01110	0.01644	0.01387	0.03748	0.02138	0.01402	0.07354	0.01246	0.01407	0.00962	0.00642	0.00515	0.00188	0.00587	0.00448	0.00470	0.26305
41	0.04163	0.01654	0.01882	0.01528	0.02042	0.04485	0.06359	0.10514	0.34278	0.02950	0.02151	0.02137	0.01637	0.00813	0.00685	0.00205	0.00673	0.00681	0.00608	0.20556
42	0.04958	0.01441	0.01707	0.01283	0.01883	0.01291	0.03679	0.09771	0.10257	0.05906	0.01625	0.01738	0.01263	0.00659	0.00604	0.00154	0.00606	0.00536	0.00524	0.50116
43	0.06992	0.00935	0.01067	0.00955	0.01223	0.00901	0.00733	0.06953	0.01934	0.02895	0.36781	0.06992	0.08795	0.01258	0.00743	0.00212	0.00419	0.01071	0.11314	0.07827
44	0.08037	0.17915	0.02374	0.06229	0.02226	0.18435	0.06601	0.06210	0.05137	0.07872	0.01826	0.05045	0.04461	0.00845	0.00651	0.00204	0.00871	0.00658	0.00474	0.03928
45	0.02067	0.01575	0.01859	0.01558	0.02018	0.04650	0.06388	0.07536	0.36303	0.14007	0.05229	0.02816	0.02169	0.00975	0.00752	0.00236	0.00675	0.03993	0.00705	0.04489
46	0.05198	0.02380	0.23919	0.11569	0.02941	0.07959	0.11234	0.07681	0.04320	0.05129	0.01639	0.02084	0.01264	0.00791	0.00714	0.00230	0.00955	0.03452	0.05572	0.00969
47	0.14406	0.11479	0.05076	0.01540	0.01949	0.21832	0.03933	0.06852	0.04654	0.02382	0.04322	0.01791	0.01358	0.03217	0.00895	0.00229	0.08304	0.00577	0.04333	0.00869
48	0.11065	0.01265	0.01600	0.01291	0.01750	0.03816	0.03693	0.02829	0.01886	0.42632	0.11096	0.02684	0.02284	0.01347	0.07148	0.00310	0.00749	0.00769	0.00749	0.01037
49	0.01587	0.01378	0.01974	0.01480	0.02071	0.01173	0.12960	0.02093	0.06904	0.05034	0.01953	0.02405	0.04413	0.00755	0.00665	0.00169	0.00670	0.04856	0.00488	0.46971
50	0.05284	0.01734	0.04780	0.02936	0.31562	0.01692	0.10329	0.08389	0.11690	0.05335	0.01951	0.02157	0.04313	0.00774	0.00728	0.00223	0.00813	0.00721	0.00490	0.04098

[dist]
# distance from previous block
# <min> <max>
7	65

[block]
# block no. 7 follows, 28 sequences, length 9
# corresponding to MSA columns:
# 797-805
name=unknown_H
#
# <colnr> <probs for GDERKNQSTAVLIFYWHMCP>
#	G	D	E	R	K	N	Q	S	T	A	V	L	I	F	Y	W	H	M	C	P
0	0.01974	0.01369	0.01749	0.01435	0.01891	0.01349	0.05814	0.13394	0.14230	0.14719	0.04515	0.12356	0.02325	0.01107	0.00757	0.00226	0.00640	0.05179	0.00674	0.14296
1	0.01419	0.01383	0.02466	0.63266	0.04843	0.01645	0.10866	0.01921	0.01489	0.01921	0.01316	0.01941	0.00987	0.00711	0.00745	0.00243	0.01004	0.00675	0.00329	0.00831
2	0.01432	0.01329	0.02107	0.63051	0.04584	0.01641	0.01901	0.02129	0.10557	0.02018	0.01518	0.02043	0.01138	0.00762	0.00728	0.00243	0.00916	0.00670	0.00379	0.00854
3	0.02929	0.01164	0.01580	0.01237	0.01741	0.01011	0.01011	0.03219	0.02077	0.60378	0.12788	0.02914	0.02552	0.00987	0.00750	0.00225	0.00578	0.00818	0.00885	0.01155
4	0.00967	0.00749	0.00889	0.00902	0.01100	0.00671	0.00697	0.01226	0.01788	0.02325	0.28596	0.09834	0.34654	0.01762	0.00883	0.00255	0.00407	0.10930	0.00718	0.00646
5	0.01892	0.02000	0.13292	0.01607	0.02155	0.01854	0.01442	0.13070	0.47668	0.03146	0.02501	0.02371	0.01855	0.00920	0.00730	0.00240	0.00692	0.00749	0.00665	0.01151
6	0.01718	0.01417	0.01620	0.01176	0.01812	0.01184	0.00949	0.12832	0.01827	0.02739	0.01368	0.01547	0.01103	0.00594	0.00570	0.00126	0.00582	0.00468	0.00480	0.65885
7	0.09269	0.02096	0.01554	0.01418	0.01742	0.31061	0.01077	0.02504	0.12938	0.02486	0.23057	0.02832	0.03007	0.01014	0.00714	0.00214	0.00813	0.00787	0.00576	0.00839
8	0.01535	0.01265	0.01496	0.01160	0.01722	0.01033	0.00948	0.06155	0.01663	0.02484	0.01751	0.02644	0.01608	0.00807	0.00629	0.00153	0.00578	0.11269	0.00490	0.60612

[dist]
# distance from previous block
# <min> <max>
29	153

[block]
# block no. 8 follows, 28 sequences, length 23
# corresponding to MSA columns:
# 988-1010
name=unknown_I
#
# <colnr> <probs for GDERKNQSTAVLIFYWHMCP>
#	G	D	E	R	K	N	Q	S	T	A	V	L	I	F	Y	W	H	M	C	P
0	0.01231	0.01335	0.12820	0.04747	0.01755	0.00954	0.01160	0.01630	0.04854	0.05409	0.03270	0.38316	0.06698	0.01633	0.00831	0.00262	0.00597	0.05288	0.00591	0.06619
