[name]
unknown

[dist]
# distance from previous block
# <min> <max>
0	2304

[block]
# block no. 0 follows, 34 sequences, length 45
# corresponding to MSA columns:
# 2382-2426
name=unknown_A
#
# <colnr> <probs for GDERKNQSTAVLIFYWHMCP>
#	G	D	E	R	K	N	Q	S	T	A	V	L	I	F	Y	W	H	M	C	P
0	0.01225	0.06517	0.04001	0.01163	0.01431	0.02733	0.05916	0.08588	0.03533	0.02123	0.11023	0.21397	0.12376	0.01461	0.03682	0.00255	0.02644	0.05808	0.03432	0.00692
1	0.01313	0.03909	0.03727	0.01001	0.01259	0.03310	0.00795	0.09517	0.03734	0.06506	0.05886	0.19135	0.16624	0.06350	0.02858	0.04367	0.00544	0.02993	0.02595	0.03577
2	0.01038	0.00799	0.03561	0.00979	0.01131	0.00713	0.03327	0.01221	0.01306	0.06056	0.06856	0.37005	0.10645	0.09595	0.03967	0.00308	0.03227	0.01318	0.06355	0.00595
3	0.03210	0.03597	0.01110	0.01038	0.03836	0.00926	0.00734	0.06780	0.05704	0.07211	0.02867	0.18006	0.11948	0.15076	0.09370	0.00378	0.00634	0.01017	0.05895	0.00665
4	0.01215	0.01071	0.06504	0.01146	0.01401	0.01015	0.03655	0.06236	0.06316	0.03973	0.05949	0.05208	0.05955	0.04723	0.30557	0.00552	0.04008	0.00769	0.09048	0.00698
5	0.28293	0.01123	0.03612	0.01042	0.03554	0.03766	0.00792	0.05515	0.01396	0.04243	0.05353	0.22535	0.12253	0.02945	0.00690	0.00228	0.00500	0.00976	0.00510	0.00675
6	0.03861	0.03528	0.01426	0.01241	0.04124	0.01107	0.06066	0.14118	0.05946	0.05151	0.09530	0.18890	0.14366	0.03650	0.00861	0.03240	0.00534	0.01056	0.00564	0.00740
7	0.12453	0.01075	0.01300	0.01105	0.01439	0.01086	0.03419	0.10350	0.07133	0.21655	0.05884	0.12641	0.07036	0.04176	0.03225	0.03173	0.00570	0.00859	0.00605	0.00817
8	0.01150	0.00814	0.01016	0.00957	0.01140	0.00794	0.03156	0.05728	0.06154	0.05974	0.10988	0.22259	0.15620	0.14579	0.01189	0.00296	0.00473	0.03719	0.03360	0.00633
9	0.06742	0.00977	0.03636	0.00987	0.01233	0.00925	0.00779	0.06802	0.05982	0.11212	0.10600	0.20934	0.11233	0.06868	0.00930	0.00250	0.02911	0.01067	0.05221	0.00711
10	0.01330	0.00924	0.03759	0.00962	0.01199	0.00840	0.00757	0.06531	0.05299	0.11925	0.20115	0.12941	0.09912	0.10997	0.06182	0.00321	0.00553	0.01027	0.03727	0.00699
11	0.03978	0.01042	0.06174	0.03931	0.01383	0.00910	0.03070	0.08624	0.01524	0.05784	0.11442	0.14500	0.14120	0.17276	0.01252	0.00302	0.00541	0.01037	0.02454	0.00657
12	0.03133	0.00821	0.01035	0.03842	0.04051	0.00795	0.00766	0.05306	0.01482	0.09526	0.07191	0.26140	0.10736	0.06490	0.00884	0.00247	0.00466	0.05199	0.08350	0.03542
13	0.01112	0.03223	0.00948	0.00853	0.01009	0.00758	0.00604	0.05585	0.01394	0.05359	0.09000	0.25057	0.12611	0.21784	0.01410	0.00327	0.00471	0.01187	0.03693	0.03617
14	0.01202	0.00859	0.01055	0.00952	0.01182	0.00812	0.03164	0.09729	0.01609	0.06860	0.11006	0.20714	0.23669	0.09953	0.01029	0.00264	0.00464	0.01202	0.00589	0.03686
15	0.01558	0.01099	0.01368	0.01317	0.06294	0.03789	0.03498	0.11525	0.06145	0.12522	0.15935	0.18996	0.06630	0.01200	0.00715	0.00215	0.00526	0.02658	0.03215	0.00794
16	0.04814	0.00661	0.00778	0.00819	0.00905	0.00650	0.00554	0.01109	0.02966	0.01803	0.13732	0.29809	0.06847	0.24732	0.01527	0.00355	0.00451	0.03201	0.03763	0.00524
17	0.05828	0.00755	0.00801	0.00760	0.00951	0.00758	0.00569	0.05009	0.04124	0.04081	0.10209	0.07231	0.12074	0.05898	0.00800	0.02236	0.00383	0.00846	0.36060	0.00629
18	0.00960	0.00672	0.00784	0.00773	0.00959	0.00601	0.00574	0.01152	0.01482	0.06541	0.16905	0.15262	0.38502	0.03528	0.05604	0.00281	0.00442	0.01273	0.03117	0.00590
19	0.00833	0.00644	0.00735	0.00734	0.00889	0.00573	0.00527	0.01017	0.01498	0.01942	0.26321	0.12619	0.37264	0.10264	0.01059	0.00265	0.00359	0.01302	0.00611	0.00546
20	0.00860	0.00669	0.00942	0.00973	0.01097	0.00617	0.04560	0.01042	0.01384	0.01828	0.12617	0.47227	0.15213	0.01774	0.00809	0.00248	0.00415	0.06565	0.00598	0.00563
21	0.01132	0.00847	0.01231	0.01526	0.16239	0.00853	0.00927	0.01367	0.01306	0.04292	0.06461	0.13917	0.08520	0.08327	0.19588	0.00453	0.00817	0.02875	0.08655	0.00668
22	0.01480	0.01022	0.01433	0.03490	0.15722	0.01018	0.01030	0.08532	0.01679	0.12507	0.19654	0.06811	0.08177	0.04552	0.09659	0.00321	0.00676	0.00885	0.00558	0.00792
23	0.04606	0.01205	0.01291	0.01293	0.06566	0.05344	0.00925	0.07811	0.23034	0.02345	0.09447	0.03417	0.17411	0.03317	0.06531	0.00287	0.00626	0.03187	0.00563	0.00795
24	0.01765	0.01373	0.01477	0.01284	0.01663	0.01547	0.01011	0.12630	0.52945	0.07337	0.05191	0.02372	0.01978	0.00871	0.00652	0.00211	0.00526	0.00717	0.03442	0.01007
25	0.01712	0.07036	0.11133	0.02227	0.18334	0.06779	0.12345	0.11719	0.14518	0.02388	0.01577	0.01893	0.01256	0.00711	0.00651	0.00202	0.00802	0.03334	0.00430	0.00952
26	0.01460	0.01151	0.01457	0.03830	0.04534	0.00940	0.02482	0.01804	0.03443	0.08042	0.05718	0.01689	0.01354	0.00580	0.00534	0.00125	0.00514	0.00486	0.00438	0.59418
27	0.00930	0.00676	0.00969	0.00973	0.01071	0.00767	0.00731	0.01127	0.01040	0.01497	0.01838	0.04905	0.01798	0.15025	0.60085	0.00930	0.01490	0.00758	0.02840	0.00550
28	0.01340	0.01148	0.01340	0.00957	0.01531	0.00861	0.00766	0.01627	0.01340	0.02105	0.01148	0.01340	0.00957	0.00479	0.00479	0.00096	0.00479	0.00383	0.00383	0.81242
29	0.01461	0.06501	0.08450	0.03896	0.18135	0.11134	0.01293	0.06015	0.01643	0.02132	0.16997	0.05660	0.09679	0.00949	0.00710	0.00198	0.03109	0.00789	0.00456	0.00796
30	0.00814	0.00657	0.00724	0.00707	0.00904	0.00567	0.00530	0.01025	0.01591	0.02027	0.28659	0.05755	0.50710	0.01531	0.00763	0.00213	0.00320	0.01299	0.00637	0.00567
31	0.01198	0.01139	0.07236	0.05966	0.17787	0.01019	0.01164	0.03883	0.01369	0.01893	0.11415	0.09628	0.07472	0.04524	0.06568	0.13182	0.02609	0.00844	0.00423	0.00682
32	0.01243	0.01180	0.02016	0.70956	0.07097	0.01445	0.03687	0.01675	0.01305	0.01680	0.01155	0.01718	0.00871	0.00640	0.00649	0.00214	0.00864	0.00579	0.00289	0.00734
33	0.01697	0.13605	0.01880	0.03342	0.01679	0.01711	0.01100	0.20707	0.07447	0.04406	0.01548	0.04597	0.01337	0.04976	0.08610	0.00314	0.15976	0.00630	0.03607	0.00831
34	0.06187	0.12590	0.18258	0.05400	0.41199	0.01663	0.01868	0.01974	0.01398	0.02044	0.01138	0.01441	0.00927	0.00585	0.00589	0.00188	0.00786	0.00509	0.00307	0.00952
35	0.01630	0.14326	0.24048	0.02544	0.29758	0.03710	0.05414	0.04552	0.01498	0.04876	0.01211	0.01456	0.00949	0.00600	0.00601	0.00188	0.00828	0.00518	0.00330	0.00962
36	0.01296	0.03342	0.73944	0.01842	0.02797	0.01501	0.02387	0.02046	0.01364	0.02046	0.01160	0.01364	0.00818	0.00614	0.00614	0.00205	0.00955	0.00477	0.00273	0.00955
37	0.01503	0.01938	0.18311	0.05842	0.44560	0.03985	0.05934	0.01963	0.01457	0.02044	0.01405	0.01841	0.02923	0.00653	0.00650	0.00200	0.00828	0.02685	0.00325	0.00953
38	0.01243	0.00998	0.02821	0.01075	0.01257	0.01079	0.00832	0.08409	0.12751	0.02007	0.04231	0.04700	0.01934	0.19128	0.23945	0.00557	0.05838	0.00769	0.05748	0.00677
39	0.00937	0.00638	0.00762	0.00762	0.00782	0.00658	0.00463	0.00977	0.00957	0.01295	0.01983	0.03937	0.02223	0.64803	0.15605	0.00697	0.00817	0.00897	0.00384	0.00423
40	0.01022	0.00832	0.01115	0.03056	0.05854	0.02882	0.03171	0.03736	0.01315	0.01745	0.04422	0.38107	0.07376	0.10040	0.11843	0.00397	0.00692	0.01294	0.00502	0.00598
41	0.01884	0.57099	0.02944	0.01246	0.01739	0.19512	0.01136	0.02146	0.04228	0.01581	0.00990	0.01121	0.00875	0.00592	0.00464	0.00148	0.00796	0.00377	0.00305	0.00818
42	0.03616	0.01142	0.01318	0.01027	0.01479	0.01019	0.00820	0.07391	0.05691	0.02284	0.04302	0.01962	0.01425	0.03402	0.02801	0.00179	0.02979	0.03196	0.03339	0.50627
43	0.01507	0.06227	0.03989	0.04440	0.16811	0.08907	0.02988	0.03565	0.04108	0.07185	0.16049	0.06768	0.08263	0.03573	0.00795	0.00215	0.02509	0.00820	0.00488	0.00795
44	0.04887	0.05278	0.05940	0.01402	0.03711	0.07082	0.01136	0.12317	0.40201	0.02673	0.04927	0.02198	0.03761	0.00836	0.00633	0.00205	0.00616	0.00669	0.00572	0.00957

[dist]
# distance from previous block
# <min> <max>
0	2

[block]
# block no. 1 follows, 34 sequences, length 27
# corresponding to MSA columns:
# 2429,2433-2458
name=unknown_B
#
# <colnr> <probs for GDERKNQSTAVLIFYWHMCP>
#	G	D	E	R	K	N	Q	S	T	A	V	L	I	F	Y	W	H	M	C	P
0	0.01620	0.01667	0.04208	0.13805	0.20083	0.14322	0.01426	0.04199	0.18105	0.02105	0.01688	0.06186	0.01410	0.00876	0.02454	0.00221	0.00781	0.00658	0.03315	0.00871
1	0.01218	0.01618	0.19876	0.05617	0.01915	0.03537	0.05481	0.03646	0.03616	0.03744	0.11190	0.08553	0.17815	0.01125	0.00780	0.00220	0.04307	0.04515	0.00478	0.00747
2	0.01479	0.07153	0.09440	0.07118	0.18175	0.01286	0.01329	0.05885	0.04911	0.07126	0.03773	0.16966	0.01856	0.00929	0.00645	0.00197	0.00633	0.00812	0.00453	0.09833
3	0.00932	0.00623	0.00707	0.00715	0.00717	0.00621	0.00403	0.00938	0.00955	0.01274	0.02117	0.08077	0.02451	0.73305	0.03158	0.00607	0.00613	0.00987	0.00403	0.00399
4	0.01405	0.01187	0.01375	0.00988	0.01559	0.00928	0.00793	0.05699	0.01439	0.02221	0.01172	0.01352	0.00965	0.00496	0.00488	0.00101	0.00492	0.00394	0.00398	0.76545
5	0.02156	0.01603	0.01739	0.01378	0.01817	0.01776	0.01117	0.54774	0.08984	0.03596	0.04160	0.01951	0.01451	0.05504	0.04731	0.00267	0.00728	0.00642	0.00619	0.01006
6	0.00880	0.00673	0.00788	0.00841	0.00977	0.00622	0.00597	0.05035	0.01448	0.01857	0.06727	0.44069	0.29555	0.01786	0.00790	0.00240	0.00375	0.01567	0.00606	0.00569
7	0.01713	0.26342	0.18894	0.03915	0.02116	0.06453	0.04935	0.10328	0.01573	0.05887	0.01286	0.03987	0.01063	0.00883	0.03852	0.00223	0.04780	0.00531	0.00369	0.00871
8	0.01610	0.50821	0.20014	0.01538	0.08204	0.02185	0.01484	0.02015	0.03687	0.01736	0.01046	0.01209	0.00882	0.00580	0.00490	0.00161	0.00754	0.00410	0.00292	0.00882
9	0.01671	0.09376	0.13566	0.04744	0.18609	0.09568	0.06981	0.05916	0.01550	0.04325	0.01204	0.01439	0.00951	0.00588	0.00585	0.00170	0.00794	0.00499	0.00355	0.17110
10	0.01337	0.01022	0.03631	0.00968	0.01285	0.00876	0.00759	0.08762	0.01330	0.01946	0.01337	0.01893	0.01196	0.07299	0.03810	0.24960	0.00586	0.00531	0.05697	0.30773
11	0.02228	0.01639	0.01760	0.01400	0.01867	0.01819	0.01140	0.50446	0.18633	0.06195	0.01855	0.01805	0.01338	0.00799	0.00641	0.00198	0.00643	0.00619	0.03913	0.01061
12	0.00900	0.00672	0.00891	0.00948	0.03888	0.00622	0.00653	0.01151	0.01645	0.02280	0.48158	0.21767	0.11032	0.01482	0.00772	0.00218	0.00342	0.01318	0.00660	0.00601
13	0.01612	0.07797	0.12814	0.02027	0.12234	0.11851	0.05640	0.04257	0.01362	0.01826	0.01086	0.03160	0.00962	0.00841	0.01184	0.00224	0.29426	0.00558	0.00315	0.00823
14	0.00786	0.00568	0.00744	0.00884	0.00933	0.00526	0.00593	0.00901	0.01252	0.01655	0.03750	0.72414	0.08609	0.02000	0.00821	0.00260	0.00372	0.01807	0.00600	0.00526
15	0.02456	0.01810	0.01939	0.01487	0.02004	0.02004	0.01228	0.71107	0.03038	0.04072	0.01551	0.01551	0.01099	0.00776	0.00646	0.00194	0.00711	0.00582	0.00646	0.01099
16	0.00909	0.00660	0.00856	0.00807	0.00962	0.00607	0.00605	0.01209	0.01816	0.02560	0.70472	0.04878	0.08565	0.01333	0.00762	0.00204	0.00306	0.01176	0.00707	0.00607
17	0.00796	0.00656	0.00699	0.00688	0.00892	0.00559	0.00516	0.00989	0.01548	0.01925	0.20610	0.05923	0.58824	0.01570	0.00763	0.00215	0.00323	0.01322	0.00624	0.00559
18	0.00886	0.00659	0.00825	0.00783	0.00948	0.00598	0.00588	0.01165	0.01763	0.02434	0.60597	0.05085	0.18518	0.01380	0.00762	0.00206	0.00309	0.01205	0.00691	0.00598
19	0.01340	0.01148	0.01340	0.00957	0.01531	0.00861	0.00766	0.01627	0.01340	0.02105	0.01148	0.01340	0.00957	0.00479	0.00479	0.00096	0.00479	0.00383	0.00383	0.81242
20	0.02899	0.01100	0.01499	0.01150	0.01649	0.00950	0.00950	0.03149	0.01849	0.73709	0.02549	0.02199	0.01599	0.00800	0.00650	0.00200	0.00550	0.00650	0.00800	0.01100
21	0.00924	0.00688	0.01019	0.01019	0.01128	0.00797	0.00784	0.01141	0.01033	0.01486	0.01748	0.02636	0.01658	0.09030	0.70606	0.01015	0.01667	0.00707	0.00349	0.00566
22	0.02198	0.19448	0.06385	0.01552	0.01970	0.54608	0.01284	0.02407	0.01690	0.01595	0.00986	0.01149	0.00831	0.00638	0.00548	0.00162	0.01049	0.00404	0.00317	0.00779
23	0.01296	0.03342	0.73944	0.01842	0.02797	0.01501	0.02387	0.02046	0.01364	0.02046	0.01160	0.01364	0.00818	0.00614	0.00614	0.00205	0.00955	0.00477	0.00273	0.00955
24	0.01361	0.03212	0.69188	0.01844	0.02773	0.01485	0.04435	0.02087	0.01387	0.04627	0.01214	0.01406	0.00852	0.00618	0.00620	0.00205	0.00944	0.00492	0.00293	0.00958
25	0.01472	0.04217	0.23892	0.02560	0.24028	0.04471	0.16860	0.02015	0.03434	0.02059	0.03470	0.03557	0.01282	0.00688	0.00667	0.00205	0.00871	0.02993	0.00343	0.00915
26	0.01220	0.01148	0.01938	0.75739	0.04450	0.01436	0.01794	0.01651	0.01292	0.01651	0.01148	0.01723	0.00861	0.00646	0.00646	0.00215	0.00861	0.00574	0.00287	0.00718

[dist]
# distance from previous block
# <min> <max>
0	4

[block]
# block no. 2 follows, 34 sequences, length 16
# corresponding to MSA columns:
# 2463-2478
name=unknown_C
#
# <colnr> <probs for GDERKNQSTAVLIFYWHMCP>
#	G	D	E	R	K	N	Q	S	T	A	V	L	I	F	Y	W	H	M	C	P
0	0.00806	0.00576	0.00771	0.00921	0.00967	0.00541	0.00632	0.00932	0.01255	0.01670	0.03551	0.71759	0.04233	0.02007	0.00830	0.00265	0.00391	0.06765	0.00599	0.00530
1	0.04309	0.01173	0.01363	0.01103	0.04484	0.00982	0.00829	0.01843	0.09036	0.02212	0.01341	0.01499	0.01089	0.00541	0.00501	0.00119	0.00488	0.00436	0.03601	0.63052
2	0.01439	0.01105	0.01323	0.01096	0.04055	0.00936	0.00823	0.07069	0.03446	0.07100	0.07210	0.07668	0.06321	0.00791	0.00579	0.00146	0.00482	0.00663	0.00491	0.47258
3	0.01041	0.00744	0.01041	0.01190	0.01339	0.00744	0.01041	0.01339	0.01487	0.01934	0.03421	0.07288	0.03719	0.01785	0.00892	0.00297	0.00595	0.68913	0.00595	0.00595
4	0.00787	0.00562	0.00750	0.00900	0.00937	0.00525	0.00600	0.00900	0.01237	0.01649	0.03561	0.76871	0.04274	0.02024	0.00825	0.00262	0.00375	0.01837	0.00600	0.00525
5	0.01635	0.61810	0.18450	0.01263	0.01901	0.02331	0.01379	0.01959	0.01324	0.01632	0.00954	0.01106	0.00827	0.00566	0.00457	0.00152	0.00747	0.00374	0.00276	0.00856
6	0.01296	0.03342	0.73944	0.01842	0.02797	0.01501	0.02387	0.02046	0.01364	0.02046	0.01160	0.01364	0.00818	0.00614	0.00614	0.00205	0.00955	0.00477	0.00273	0.00955
7	0.01330	0.00678	0.00706	0.00677	0.00861	0.00682	0.00515	0.01717	0.05541	0.06699	0.02165	0.02396	0.01671	0.00763	0.00476	0.00158	0.00328	0.00613	0.71367	0.00657
8	0.00872	0.00648	0.00820	0.00925	0.01019	0.00621	0.00665	0.01112	0.05146	0.01778	0.06207	0.50595	0.12088	0.03925	0.00883	0.00268	0.00411	0.10853	0.00600	0.00563
9	0.03540	0.11267	0.42315	0.04216	0.02516	0.06265	0.05616	0.06732	0.01541	0.08297	0.01267	0.01424	0.00914	0.00634	0.00599	0.00195	0.00880	0.00496	0.00354	0.00931
10	0.00932	0.00658	0.00862	0.00862	0.00917	0.00712	0.00588	0.01041	0.00986	0.01370	0.01892	0.03430	0.02002	0.43053	0.37054	0.00821	0.01148	0.00823	0.00370	0.00479
11	0.00787	0.00562	0.00750	0.00900	0.00937	0.00525	0.00600	0.00900	0.01237	0.01649	0.03561	0.76871	0.04274	0.02024	0.00825	0.00262	0.00375	0.01837	0.00600	0.00525
12	0.03856	0.03014	0.60799	0.01812	0.02690	0.01517	0.05920	0.06341	0.01486	0.04892	0.01236	0.01418	0.00870	0.00627	0.00619	0.00204	0.00918	0.00502	0.00322	0.00957
13	0.05089	0.02207	0.13265	0.04103	0.08475	0.23514	0.09803	0.05995	0.06018	0.08662	0.01450	0.04271	0.01144	0.00709	0.00630	0.00193	0.00888	0.00584	0.00413	0.02588
14	0.01352	0.01272	0.02131	0.49993	0.18793	0.01480	0.04637	0.04092	0.01387	0.01846	0.01237	0.03729	0.01002	0.00687	0.00711	0.00214	0.03709	0.00617	0.00316	0.00797
15	0.01635	0.01323	0.04063	0.10062	0.13914	0.01305	0.06509	0.17562	0.01805	0.06871	0.06155	0.05163	0.03774	0.03835	0.00747	0.00211	0.00655	0.00713	0.09769	0.03930

[dist]
# distance from previous block
# <min> <max>
1	4

[block]
# block no. 3 follows, 34 sequences, length 24
# corresponding to MSA columns:
# 2483-2506
name=unknown_D
#
# <colnr> <probs for GDERKNQSTAVLIFYWHMCP>
#	G	D	E	R	K	N	Q	S	T	A	V	L	I	F	Y	W	H	M	C	P
0	0.18144	0.09698	0.01798	0.03510	0.10045	0.16263	0.01136	0.10150	0.09480	0.06801	0.03841	0.03747	0.01309	0.00735	0.00569	0.00190	0.00712	0.00553	0.00459	0.00859
1	0.00948	0.00676	0.00860	0.00843	0.00886	0.00690	0.02524	0.01016	0.01035	0.01407	0.02298	0.14714	0.04234	0.51829	0.08695	0.00563	0.02716	0.01038	0.02572	0.00459
2	0.01736	0.01422	0.01747	0.04106	0.15935	0.01565	0.01243	0.15982	0.35283	0.04870	0.02162	0.07543	0.01740	0.00873	0.00664	0.00211	0.00602	0.00745	0.00577	0.00994
3	0.00923	0.00692	0.01038	0.01038	0.01154	0.00808	0.00808	0.01154	0.01038	0.01500	0.01731	0.02538	0.01615	0.04846	0.74732	0.01038	0.01731	0.00692	0.00346	0.00577
4	0.01296	0.03342	0.73944	0.01842	0.02797	0.01501	0.02387	0.02046	0.01364	0.02046	0.01160	0.01364	0.00818	0.00614	0.00614	0.00205	0.00955	0.00477	0.00273	0.00955
5	0.00849	0.00653	0.00776	0.00756	0.00928	0.00580	0.00563	0.01089	0.01660	0.02214	0.43523	0.09077	0.32035	0.01480	0.00766	0.00212	0.00317	0.01279	0.00662	0.00580
6	0.00765	0.00650	0.00659	0.00666	0.00876	0.00545	0.00496	0.00926	0.01462	0.01741	0.06412	0.09374	0.69929	0.01654	0.00766	0.00220	0.00329	0.01385	0.00600	0.00545
7	0.00869	0.00659	0.00800	0.00765	0.00937	0.00590	0.00574	0.01131	0.01721	0.02336	0.52861	0.05247	0.26315	0.01416	0.00763	0.00208	0.00312	0.01227	0.00678	0.00590
8	0.00975	0.00705	0.00906	0.00839	0.01006	0.00664	0.00634	0.03957	0.01876	0.02649	0.70125	0.04698	0.05901	0.01300	0.00758	0.00203	0.00321	0.01146	0.00709	0.00629
9	0.02452	0.01938	0.01928	0.01505	0.02003	0.09329	0.01230	0.64202	0.02916	0.03821	0.01496	0.01512	0.01072	0.00765	0.00640	0.00191	0.00757	0.00565	0.00615	0.01064
10	0.01727	0.77681	0.03386	0.01106	0.01658	0.02557	0.01106	0.01935	0.01313	0.01520	0.00898	0.01036	0.00829	0.00553	0.00415	0.00138	0.00691	0.00345	0.00276	0.00829
11	0.81856	0.01250	0.00950	0.00850	0.01250	0.01449	0.00700	0.01899	0.01100	0.02899	0.00900	0.01050	0.00700	0.00600	0.00400	0.00200	0.00500	0.00350	0.00400	0.00700
12	0.07975	0.01771	0.01870	0.01442	0.01951	0.01965	0.01191	0.66297	0.02903	0.03991	0.01506	0.01516	0.01071	0.00763	0.00629	0.00194	0.00696	0.00566	0.00629	0.01071
13	0.01618	0.01456	0.02096	0.15161	0.25076	0.01596	0.05467	0.09377	0.26383	0.02433	0.01739	0.01909	0.01333	0.00712	0.00655	0.00207	0.00707	0.00641	0.00466	0.00969
14	0.01727	0.77681	0.03386	0.01106	0.01658	0.02557	0.01106	0.01935	0.01313	0.01520	0.00898	0.01036	0.00829	0.00553	0.00415	0.00138	0.00691	0.00345	0.00276	0.00829
15	0.18361	0.01519	0.02034	0.08411	0.36961	0.05717	0.01521	0.06652	0.01517	0.07276	0.01236	0.01503	0.00972	0.00637	0.00634	0.00197	0.03020	0.00525	0.00388	0.00917
16	0.01607	0.01388	0.01461	0.01315	0.01680	0.01607	0.01023	0.03433	0.72094	0.02703	0.02630	0.02411	0.01972	0.00877	0.00657	0.00219	0.00511	0.00731	0.00657	0.01023
17	0.01054	0.00717	0.00922	0.00841	0.01041	0.00642	0.00636	0.01340	0.01756	0.06838	0.57870	0.07595	0.08160	0.01274	0.00738	0.00199	0.00336	0.01119	0.00684	0.06238
18	0.01579	0.12775	0.25510	0.05302	0.11406	0.01653	0.11771	0.10721	0.01630	0.03949	0.04284	0.03932	0.01251	0.00690	0.00630	0.00196	0.00824	0.00605	0.00376	0.00917
19	0.00980	0.00680	0.00868	0.00844	0.01001	0.00630	0.00624	0.01277	0.03606	0.05300	0.49845	0.18236	0.10768	0.01444	0.00766	0.00216	0.00335	0.01276	0.00684	0.00620
20	0.05407	0.01109	0.01456	0.01139	0.01614	0.01000	0.00934	0.03058	0.06706	0.63869	0.04984	0.02268	0.01754	0.00817	0.00646	0.00201	0.00537	0.00664	0.00773	0.01063
21	0.01334	0.01471	0.08958	0.03870	0.01994	0.05973	0.16235	0.03667	0.01351	0.01846	0.01799	0.17907	0.01804	0.01177	0.01101	0.05863	0.14383	0.04029	0.04537	0.00703
22	0.03893	0.01864	0.11755	0.04539	0.30007	0.03888	0.08445	0.19157	0.03505	0.02575	0.01331	0.01590	0.01031	0.00755	0.02642	0.00220	0.00837	0.00578	0.00406	0.00981
23	0.01011	0.00744	0.01076	0.01053	0.01184	0.00859	0.00819	0.04742	0.01133	0.01616	0.01695	0.02463	0.01567	0.04524	0.67797	0.04460	0.01628	0.00681	0.00359	0.00591

[dist]
# distance from previous block
# <min> <max>
3	7

[block]
# block no. 4 follows, 34 sequences, length 18
# corresponding to MSA columns:
# 2514-2531
name=unknown_E
#
# <colnr> <probs for GDERKNQSTAVLIFYWHMCP>
#	G	D	E	R	K	N	Q	S	T	A	V	L	I	F	Y	W	H	M	C	P
0	0.01573	0.01499	0.02152	0.02768	0.40024	0.05145	0.04579	0.02291	0.18964	0.02225	0.04139	0.02050	0.03620	0.00733	0.00695	0.00201	0.03035	0.00659	0.02694	0.00953
1	0.00880	0.00631	0.00768	0.00777	0.00892	0.00584	0.00545	0.01072	0.01483	0.02032	0.33026	0.19550	0.16137	0.13835	0.01172	0.00284	0.00375	0.01276	0.04133	0.00546
2	0.01240	0.01168	0.01973	0.72079	0.07959	0.01441	0.01804	0.01668	0.01301	0.01674	0.01152	0.01716	0.00870	0.00642	0.00646	0.00214	0.00857	0.00574	0.00289	0.00733
3	0.00952	0.00674	0.00837	0.00799	0.00958	0.00633	0.00598	0.01288	0.03972	0.02483	0.56155	0.07158	0.10087	0.01294	0.00728	0.00201	0.00315	0.01132	0.09120	0.00615
4	0.00799	0.00571	0.00763	0.00913	0.00956	0.00535	0.00621	0.00920	0.01249	0.01663	0.03555	0.73596	0.04247	0.02013	0.00828	0.00264	0.00385	0.04993	0.00600	0.00528
5	0.04031	0.24865	0.32030	0.01441	0.02117	0.08019	0.01593	0.02167	0.01453	0.11787	0.01450	0.01534	0.03560	0.00663	0.00556	0.00181	0.00803	0.00486	0.00368	0.00898
6	0.00787	0.00562	0.00750	0.00900	0.00937	0.00525	0.00600	0.00900	0.01237	0.01649	0.03561	0.76871	0.04274	0.02024	0.00825	0.00262	0.00375	0.01837	0.00600	0.00525
7	0.01160	0.01493	0.16393	0.04817	0.09184	0.03487	0.06985	0.01562	0.01577	0.02163	0.27252	0.05870	0.11271	0.01056	0.00714	0.00209	0.00618	0.02947	0.00498	0.00744
8	0.01468	0.04251	0.15039	0.02470	0.29682	0.01430	0.06942	0.02064	0.09397	0.02118	0.01429	0.01789	0.01168	0.00773	0.03073	0.00214	0.00777	0.02423	0.00367	0.13126
9	0.02414	0.03079	0.01831	0.01665	0.01998	0.74698	0.01248	0.02580	0.01831	0.01581	0.00999	0.01165	0.00832	0.00666	0.00583	0.00166	0.01165	0.00416	0.00333	0.00749
10	0.01220	0.01148	0.01938	0.75739	0.04450	0.01436	0.01794	0.01651	0.01292	0.01651	0.01148	0.01723	0.00861	0.00646	0.00646	0.00215	0.00861	0.00574	0.00287	0.00718
11	0.81856	0.01250	0.00950	0.00850	0.01250	0.01449	0.00700	0.01899	0.01100	0.02899	0.00900	0.01050	0.00700	0.00600	0.00400	0.00200	0.00500	0.00350	0.00400	0.00700
12	0.01599	0.01535	0.02623	0.03966	0.73262	0.01535	0.01983	0.01983	0.01471	0.02111	0.01215	0.01599	0.01023	0.00576	0.00640	0.00192	0.00768	0.00576	0.00320	0.01023
13	0.81856	0.01250	0.00950	0.00850	0.01250	0.01449	0.00700	0.01899	0.01100	0.02899	0.00900	0.01050	0.00700	0.00600	0.00400	0.00200	0.00500	0.00350	0.00400	0.00700
14	0.81856	0.01250	0.00950	0.00850	0.01250	0.01449	0.00700	0.01899	0.01100	0.02899	0.00900	0.01050	0.00700	0.00600	0.00400	0.00200	0.00500	0.00350	0.00400	0.00700
15	0.02899	0.01100	0.01499	0.01150	0.01649	0.00950	0.00950	0.03149	0.01849	0.73709	0.02549	0.02199	0.01599	0.00800	0.00650	0.00200	0.00550	0.00650	0.00800	0.01100
16	0.00907	0.00660	0.00853	0.00805	0.00960	0.00606	0.00603	0.01204	0.01810	0.02547	0.69470	0.04899	0.09575	0.01337	0.00762	0.00204	0.00306	0.01179	0.00705	0.00606
17	0.01219	0.01123	0.01875	0.72205	0.04276	0.01396	0.01731	0.01644	0.01295	0.01687	0.01194	0.01755	0.00899	0.00651	0.00637	0.00212	0.00835	0.00576	0.04078	0.00712

[dist]
# distance from previous block
# <min> <max>
0	36

[block]
# block no. 5 follows, 34 sequences, length 36
# corresponding to MSA columns:
# 2568-2603
name=unknown_F
#
# <colnr> <probs for GDERKNQSTAVLIFYWHMCP>
#	G	D	E	R	K	N	Q	S	T	A	V	L	I	F	Y	W	H	M	C	P
0	0.00821	0.00587	0.00789	0.00939	0.00991	0.00554	0.00659	0.00959	0.01271	0.01688	0.03542	0.67544	0.04199	0.01992	0.00834	0.00267	0.00404	0.10827	0.00599	0.00534
1	0.81856	0.01250	0.00950	0.00850	0.01250	0.01449	0.00700	0.01899	0.01100	0.02899	0.00900	0.01050	0.00700	0.00600	0.00400	0.00200	0.00500	0.00350	0.00400	0.00700
2	0.00951	0.00701	0.00919	0.00995	0.01152	0.00668	0.00825	0.01218	0.01552	0.02038	0.19901	0.09670	0.16599	0.01663	0.00837	0.00260	0.00471	0.38371	0.00623	0.00586
3	0.01192	0.01334	0.06935	0.01880	0.02286	0.01146	0.36203	0.01563	0.01390	0.01887	0.02271	0.34166	0.02392	0.01188	0.00780	0.00236	0.00772	0.01208	0.00441	0.00727
4	0.02336	0.01771	0.01807	0.01414	0.01886	0.06149	0.01156	0.60536	0.02809	0.03769	0.01571	0.01609	0.01136	0.00767	0.00624	0.00188	0.00699	0.00574	0.08167	0.01032
5	0.07284	0.01254	0.01515	0.01186	0.01658	0.01227	0.00974	0.18082	0.05479	0.46823	0.02211	0.02009	0.01457	0.00784	0.00624	0.00197	0.00567	0.00618	0.05006	0.01046
6	0.01220	0.01148	0.01938	0.75739	0.04450	0.01436	0.01794	0.01651	0.01292	0.01651	0.01148	0.01723	0.00861	0.00646	0.00646	0.00215	0.00861	0.00574	0.00287	0.00718
7	0.81856	0.01250	0.00950	0.00850	0.01250	0.01449	0.00700	0.01899	0.01100	0.02899	0.00900	0.01050	0.00700	0.00600	0.00400	0.00200	0.00500	0.00350	0.00400	0.00700
8	0.02291	0.01385	0.01866	0.11607	0.09484	0.01426	0.03721	0.24601	0.02090	0.29314	0.01844	0.01856	0.01260	0.00738	0.00644	0.00198	0.00676	0.00613	0.03368	0.01015
9	0.01280	0.00930	0.01152	0.01052	0.01251	0.05104	0.04367	0.01596	0.05799	0.10285	0.25988	0.19589	0.03710	0.09480	0.05166	0.00307	0.00566	0.01113	0.00597	0.00670
10	0.00788	0.00601	0.00726	0.00811	0.00917	0.00538	0.00564	0.00932	0.01360	0.01750	0.09594	0.47766	0.27641	0.01842	0.00800	0.00243	0.00354	0.01628	0.00608	0.00538
11	0.00787	0.00562	0.00750	0.00900	0.00937	0.00525	0.00600	0.00900	0.01237	0.01649	0.03561	0.76871	0.04274	0.02024	0.00825	0.00262	0.00375	0.01837	0.00600	0.00525
12	0.00939	0.00629	0.00720	0.00720	0.00725	0.00635	0.00410	0.00949	0.00944	0.01264	0.02022	0.04152	0.02316	0.74027	0.06508	0.00645	0.00676	0.00928	0.00389	0.00400
13	0.02782	0.01074	0.01462	0.01130	0.01609	0.00930	0.00930	0.03036	0.01848	0.69533	0.06682	0.02354	0.01864	0.00830	0.00656	0.00200	0.00535	0.00680	0.00795	0.01071
14	0.01727	0.77681	0.03386	0.01106	0.01658	0.02557	0.01106	0.01935	0.01313	0.01520	0.00898	0.01036	0.00829	0.00553	0.00415	0.00138	0.00691	0.00345	0.00276	0.00829
15	0.02899	0.01100	0.01499	0.01150	0.01649	0.00950	0.00950	0.03149	0.01849	0.73709	0.02549	0.02199	0.01599	0.00800	0.00650	0.00200	0.00550	0.00650	0.00800	0.01100
16	0.01727	0.77681	0.03386	0.01106	0.01658	0.02557	0.01106	0.01935	0.01313	0.01520	0.00898	0.01036	0.00829	0.00553	0.00415	0.00138	0.00691	0.00345	0.00276	0.00829
17	0.81856	0.01250	0.00950	0.00850	0.01250	0.01449	0.00700	0.01899	0.01100	0.02899	0.00900	0.01050	0.00700	0.00600	0.00400	0.00200	0.00500	0.00350	0.00400	0.00700
18	0.02899	0.01100	0.01499	0.01150	0.01649	0.00950	0.00950	0.03149	0.01849	0.73709	0.02549	0.02199	0.01599	0.00800	0.00650	0.00200	0.00550	0.00650	0.00800	0.01100
19	0.01680	0.01424	0.01502	0.01330	0.01708	0.01641	0.01040	0.09257	0.66151	0.02821	0.02537	0.02337	0.01897	0.00868	0.00657	0.00217	0.00529	0.00718	0.00657	0.01029
20	0.01568	0.01491	0.02469	0.03523	0.60431	0.01510	0.04198	0.02105	0.09181	0.02158	0.01458	0.04407	0.01243	0.00660	0.00653	0.00198	0.00737	0.00645	0.00367	0.01000
21	0.00940	0.00626	0.00705	0.00705	0.00705	0.00626	0.00392	0.00940	0.00940	0.01253	0.02036	0.04228	0.02349	0.77292	0.03289	0.00626	0.00626	0.00940	0.00392	0.00392
22	0.02093	0.01843	0.14717	0.03988	0.02094	0.03377	0.03081	0.30110	0.03783	0.15876	0.01650	0.01683	0.01159	0.00716	0.00620	0.00188	0.00709	0.00565	0.04575	0.07174
23	0.01712	0.75097	0.05838	0.01131	0.01698	0.02520	0.01150	0.01939	0.01315	0.01538	0.00907	0.01048	0.00829	0.00555	0.00422	0.00141	0.00700	0.00350	0.00276	0.00834
24	0.00827	0.00605	0.00793	0.00882	0.00951	0.00594	0.00609	0.00958	0.01193	0.01591	0.03366	0.47191	0.10973	0.09954	0.15878	0.00449	0.00666	0.01468	0.00528	0.00524
25	0.04533	0.19277	0.16190	0.01595	0.09354	0.04579	0.01375	0.06201	0.14422	0.07599	0.04106	0.01903	0.04716	0.00740	0.00587	0.00189	0.00691	0.00580	0.00447	0.00917
26	0.01540	0.01465	0.02487	0.03744	0.68032	0.01462	0.01883	0.01905	0.01454	0.02078	0.01385	0.07042	0.01258	0.00680	0.00653	0.00197	0.00739	0.00667	0.00340	0.00987
27	0.00798	0.00571	0.00760	0.00892	0.00940	0.00532	0.00601	0.00927	0.01288	0.01731	0.09574	0.70625	0.04432	0.01963	0.00819	0.00257	0.00369	0.01779	0.00609	0.00532
28	0.01481	0.12024	0.56836	0.01695	0.02536	0.04240	0.02075	0.02154	0.03652	0.05729	0.01242	0.01395	0.00898	0.00627	0.00592	0.00196	0.00896	0.00477	0.00315	0.00942
29	0.01547	0.18133	0.24017	0.04577	0.15359	0.03684	0.03723	0.08887	0.01576	0.02134	0.05185	0.05650	0.01368	0.00726	0.00604	0.00190	0.00780	0.00600	0.00365	0.00897
30	0.02438	0.01636	0.03663	0.01538	0.06091	0.01683	0.01215	0.47864	0.02584	0.19557	0.01764	0.01721	0.01217	0.00765	0.00640	0.00194	0.00672	0.00595	0.03087	0.01076
31	0.00814	0.00594	0.00774	0.00907	0.00977	0.00553	0.00640	0.00954	0.01292	0.01693	0.03866	0.61108	0.11599	0.01954	0.00826	0.00262	0.00396	0.09657	0.00599	0.00535
32	0.01677	0.01436	0.03626	0.11918	0.26027	0.05323	0.05160	0.08556	0.03396	0.08887	0.01634	0.02295	0.01384	0.08264	0.00916	0.00245	0.00752	0.04766	0.02869	0.00872
33	0.01788	0.12902	0.22138	0.01926	0.11274	0.13304	0.05898	0.08987	0.01628	0.06284	0.01287	0.03565	0.01032	0.00697	0.00680	0.00193	0.04599	0.00543	0.00370	0.00906
34	0.00858	0.00662	0.00831	0.00946	0.03159	0.00617	0.00646	0.01081	0.03933	0.01839	0.11777	0.43485	0.21889	0.01754	0.00793	0.00242	0.00380	0.03928	0.00605	0.00575
35	0.01282	0.00928	0.01021	0.00966	0.01191	0.03196	0.00724	0.08341	0.09025	0.07860	0.12359	0.25429	0.19130	0.01416	0.00732	0.00221	0.00439	0.01220	0.03816	0.00704

[dist]
# distance from previous block
# <min> <max>
4	23

[block]
# block no. 6 follows, 34 sequences, length 126
# corresponding to MSA columns:
# 2627-2752
name=unknown_G
#
# <colnr> <probs for GDERKNQSTAVLIFYWHMCP>
#	G	D	E	R	K	N	Q	S	T	A	V	L	I	F	Y	W	H	M	C	P
0	0.05039	0.03712	0.06211	0.04093	0.19258	0.05614	0.03234	0.23970	0.04172	0.04751	0.03848	0.03653	0.01375	0.00777	0.00681	0.00199	0.03069	0.02338	0.03066	0.00940
1	0.01457	0.28914	0.04114	0.03231	0.03961	0.03452	0.03396	0.03464	0.01356	0.03597	0.03604	0.16812	0.01877	0.01053	0.00849	0.00209	0.12511	0.04991	0.00401	0.00749
2	0.19785	0.01132	0.01382	0.01085	0.01564	0.01057	0.00896	0.02882	0.01689	0.58566	0.02196	0.01953	0.01407	0.00757	0.00596	0.00200	0.00539	0.00586	0.00714	0.01014
3	0.00821	0.00646	0.00743	0.00754	0.00925	0.00568	0.00560	0.01023	0.01545	0.01987	0.25571	0.15872	0.41203	0.01604	0.00776	0.00223	0.00336	0.03648	0.00633	0.00563
4	0.01418	0.00916	0.01084	0.00936	0.01215	0.00878	0.00733	0.13284	0.01950	0.12614	0.34712	0.04242	0.20965	0.01232	0.00727	0.00205	0.00414	0.01044	0.00685	0.00746
5	0.01004	0.00629	0.00652	0.00646	0.00823	0.00582	0.00485	0.01253	0.01454	0.02178	0.11912	0.04132	0.29247	0.01153	0.00606	0.00182	0.00311	0.00956	0.41213	0.00582
6	0.79314	0.01245	0.00967	0.00859	0.01262	0.01433	0.00708	0.01940	0.01124	0.05179	0.00953	0.01087	0.00729	0.00606	0.00408	0.00200	0.00501	0.00360	0.00413	0.00713
7	0.02456	0.01810	0.01939	0.01487	0.02004	0.02004	0.01228	0.71107	0.03038	0.04072	0.01551	0.01551	0.01099	0.00776	0.00646	0.00194	0.00711	0.00582	0.00646	0.01099
8	0.01220	0.01148	0.01938	0.75739	0.04450	0.01436	0.01794	0.01651	0.01292	0.01651	0.01148	0.01723	0.00861	0.00646	0.00646	0.00215	0.00861	0.00574	0.00287	0.00718
9	0.02845	0.01187	0.01553	0.01191	0.01693	0.01079	0.00984	0.11480	0.01995	0.65173	0.02427	0.02120	0.01538	0.00797	0.00649	0.00199	0.00570	0.00641	0.00781	0.01100
10	0.01414	0.01414	0.01979	0.01696	0.01696	0.01979	0.01414	0.01555	0.00990	0.01555	0.00848	0.01414	0.00848	0.01131	0.02120	0.00283	0.76110	0.00565	0.00283	0.00707
11	0.00787	0.00562	0.00750	0.00900	0.00937	0.00525	0.00600	0.00900	0.01237	0.01649	0.03561	0.76871	0.04274	0.02024	0.00825	0.00262	0.00375	0.01837	0.00600	0.00525
12	0.01304	0.03288	0.71582	0.01871	0.02816	0.01505	0.04695	0.02047	0.01370	0.02047	0.01165	0.01377	0.00824	0.00612	0.00619	0.00205	0.00959	0.00487	0.00275	0.00952
13	0.01599	0.12707	0.14647	0.02712	0.31589	0.03601	0.14661	0.02035	0.01476	0.04531	0.03568	0.01622	0.01135	0.00608	0.00629	0.00191	0.00835	0.00579	0.00337	0.00938
14	0.01342	0.09720	0.65046	0.01813	0.02721	0.01597	0.04998	0.02038	0.01366	0.02002	0.01143	0.01351	0.00826	0.00606	0.00603	0.00199	0.00937	0.00477	0.00275	0.00941
15	0.02420	0.01803	0.16129	0.01409	0.02006	0.01438	0.01337	0.27330	0.02179	0.34390	0.01913	0.01800	0.01264	0.00754	0.00641	0.00199	0.00689	0.00591	0.00639	0.01070
16	0.01128	0.00953	0.01168	0.01171	0.05258	0.00972	0.03043	0.01849	0.23192	0.02232	0.18149	0.13203	0.22523	0.01293	0.00731	0.00219	0.00434	0.01125	0.00616	0.00740
17	0.02810	0.01112	0.01494	0.01151	0.01639	0.00979	0.00949	0.05778	0.01896	0.68388	0.05038	0.02268	0.01741	0.00817	0.00654	0.00200	0.00547	0.00666	0.00790	0.01082
18	0.01796	0.01713	0.04634	0.04795	0.24443	0.05917	0.08359	0.16696	0.19952	0.02617	0.01641	0.01783	0.01255	0.00700	0.00654	0.00202	0.00754	0.00623	0.00473	0.00996
19	0.01220	0.01148	0.01938	0.75739	0.04450	0.01436	0.01794	0.01651	0.01292	0.01651	0.01148	0.01723	0.00861	0.00646	0.00646	0.00215	0.00861	0.00574	0.00287	0.00718
20	0.02338	0.01790	0.01870	0.01468	0.01959	0.04170	0.01200	0.59662	0.12544	0.03807	0.01683	0.01658	0.01211	0.00786	0.00646	0.00197	0.00697	0.00597	0.00638	0.01078
21	0.00926	0.00640	0.00792	0.00828	0.00916	0.00619	0.00566	0.01042	0.01198	0.03846	0.05062	0.26168	0.14943	0.25876	0.11538	0.00471	0.00637	0.02908	0.00509	0.00516
22	0.00929	0.00626	0.00710	0.00713	0.00725	0.00620	0.00408	0.00947	0.00993	0.01323	0.04526	0.06567	0.04566	0.70291	0.03057	0.00590	0.00599	0.00987	0.00414	0.00407
23	0.01220	0.01148	0.01938	0.75739	0.04450	0.01436	0.01794	0.01651	0.01292	0.01651	0.01148	0.01723	0.00861	0.00646	0.00646	0.00215	0.00861	0.00574	0.00287	0.00718
24	0.01527	0.01446	0.01340	0.01260	0.01540	0.12885	0.00950	0.02656	0.42724	0.02286	0.04973	0.18975	0.02448	0.01115	0.00687	0.00220	0.00577	0.00944	0.00595	0.00854
25	0.00828	0.00625	0.00712	0.00745	0.00857	0.00567	0.00506	0.00953	0.01319	0.01687	0.11494	0.23397	0.31493	0.20252	0.01398	0.00328	0.00410	0.01359	0.00560	0.00509
26	0.00787	0.00562	0.00750	0.00900	0.00937	0.00525	0.00600	0.00900	0.01237	0.01649	0.03561	0.76871	0.04274	0.02024	0.00825	0.00262	0.00375	0.01837	0.00600	0.00525
27	0.01041	0.00744	0.01041	0.01190	0.01339	0.00744	0.01041	0.01339	0.01487	0.01934	0.03421	0.07288	0.03719	0.01785	0.00892	0.00297	0.00595	0.68913	0.00595	0.00595
28	0.01284	0.01214	0.01654	0.01469	0.01512	0.03593	0.01198	0.01438	0.01022	0.01524	0.01126	0.01762	0.01087	0.02267	0.23792	0.03354	0.49147	0.00599	0.00303	0.00654
29	0.76163	0.01239	0.00989	0.00871	0.01278	0.01413	0.00718	0.01989	0.01154	0.08005	0.01019	0.01133	0.00765	0.00614	0.00418	0.00200	0.00503	0.00372	0.00429	0.00729
30	0.00940	0.00626	0.00705	0.00705	0.00705	0.00626	0.00392	0.00940	0.00940	0.01253	0.02036	0.04228	0.02349	0.77292	0.03289	0.00626	0.00626	0.00940	0.00392	0.00392
31	0.01414	0.01414	0.01979	0.01696	0.01696	0.01979	0.01414	0.01555	0.00990	0.01555	0.00848	0.01414	0.00848	0.01131	0.02120	0.00283	0.76110	0.00565	0.00283	0.00707
32	0.00968	0.00673	0.00782	0.00805	0.00843	0.00681	0.00507	0.01115	0.05286	0.01445	0.02378	0.13789	0.02684	0.57012	0.02623	0.00529	0.00584	0.06382	0.00450	0.00463
33	0.00787	0.00565	0.00747	0.00893	0.00935	0.00525	0.00597	0.00900	0.01243	0.01652	0.03639	0.75029	0.06065	0.02014	0.00823	0.00261	0.00374	0.01825	0.00600	0.00525
34	0.00914	0.00660	0.00864	0.00813	0.00965	0.00610	0.00610	0.01219	0.01829	0.02591	0.72921	0.04827	0.06097	0.01321	0.00762	0.00203	0.00305	0.01169	0.00711	0.00610
35	0.01139	0.00595	0.00904	0.00952	0.03391	0.00595	0.00611	0.00882	0.00864	0.01157	0.01126	0.01951	0.01119	0.02186	0.02459	0.78349	0.00568	0.00562	0.00282	0.00307
36	0.00948	0.00700	0.00845	0.00907	0.00997	0.00697	0.00617	0.03455	0.07950	0.01786	0.04976	0.48495	0.07726	0.15278	0.01238	0.00317	0.00439	0.01487	0.00572	0.00570
37	0.00933	0.00632	0.00749	0.00782	0.00804	0.00629	0.00475	0.01006	0.03354	0.01394	0.02390	0.22443	0.02755	0.51453	0.02535	0.05087	0.00555	0.01139	0.00447	0.00440
38	0.09577	0.01074	0.01264	0.01039	0.01435	0.01056	0.00839	0.05414	0.11886	0.38536	0.02273	0.02144	0.01563	0.00781	0.00584	0.00192	0.00492	0.00621	0.18285	0.00943
39	0.00914	0.00660	0.00864	0.00813	0.00965	0.00610	0.00610	0.01219	0.01829	0.02591	0.72921	0.04827	0.06097	0.01321	0.00762	0.00203	0.00305	0.01169	0.00711	0.00610
40	0.01339	0.01270	0.02153	0.53150	0.26107	0.01467	0.01854	0.01755	0.01348	0.01796	0.01170	0.01684	0.00912	0.00624	0.00644	0.00208	0.00832	0.00575	0.00297	0.00814
41	0.41766	0.04294	0.05407	0.01314	0.05835	0.05470	0.01049	0.16082	0.08590	0.02906	0.01240	0.01341	0.00943	0.00664	0.00511	0.00196	0.00626	0.00458	0.00456	0.00852
42	0.00806	0.00653	0.00716	0.00706	0.00900	0.00563	0.00527	0.01007	0.01564	0.01977	0.24866	0.08081	0.52250	0.01561	0.00765	0.00215	0.00323	0.01325	0.00631	0.00563
43	0.01403	0.01277	0.02129	0.47578	0.24728	0.01478	0.01800	0.01797	0.01348	0.04320	0.01201	0.01685	0.00935	0.00657	0.00726	0.00212	0.05011	0.00577	0.00315	0.00822
44	0.01727	0.77681	0.03386	0.01106	0.01658	0.02557	0.01106	0.01935	0.01313	0.01520	0.00898	0.01036	0.00829	0.00553	0.00415	0.00138	0.00691	0.00345	0.00276	0.00829
45	0.01607	0.01388	0.01461	0.01315	0.01680	0.01607	0.01023	0.03433	0.72094	0.02703	0.02630	0.02411	0.01972	0.00877	0.00657	0.00219	0.00511	0.00731	0.00657	0.01023
46	0.01525	0.01743	0.03813	0.02723	0.03377	0.01634	0.70915	0.02070	0.01525	0.02070	0.01307	0.01743	0.00980	0.00545	0.00763	0.00218	0.01089	0.00763	0.00327	0.00871
47	0.01204	0.00602	0.00602	0.00602	0.00753	0.00602	0.00452	0.01506	0.01355	0.02409	0.02108	0.02409	0.01656	0.00753	0.00452	0.00151	0.00301	0.00602	0.80879	0.00602
48	0.81856	0.01250	0.00950	0.00850	0.01250	0.01449	0.00700	0.01899	0.01100	0.02899	0.00900	0.01050	0.00700	0.00600	0.00400	0.00200	0.00500	0.00350	0.00400	0.00700
49	0.00940	0.00626	0.00705	0.00705	0.00705	0.00626	0.00392	0.00940	0.00940	0.01253	0.02036	0.04228	0.02349	0.77292	0.03289	0.00626	0.00626	0.00940	0.00392	0.00392
50	0.01599	0.01535	0.02623	0.03966	0.73262	0.01535	0.01983	0.01983	0.01471	0.02111	0.01215	0.01599	0.01023	0.00576	0.00640	0.00192	0.00768	0.00576	0.00320	0.01023
51	0.00803	0.00574	0.00766	0.00905	0.00952	0.00537	0.00615	0.00932	0.01278	0.01710	0.07335	0.70653	0.04355	0.01978	0.00824	0.00260	0.00378	0.04011	0.00606	0.00532
52	0.00862	0.00598	0.00729	0.00798	0.00826	0.00576	0.00498	0.00928	0.01119	0.01490	0.04847	0.38426	0.05404	0.37637	0.01988	0.00432	0.00491	0.01380	0.00504	0.00465
53	0.01634	0.01401	0.01476	0.01320	0.01690	0.01620	0.01029	0.05554	0.69930	0.02746	0.02596	0.02384	0.01945	0.00873	0.00657	0.00218	0.00518	0.00726	0.00657	0.01025
54	0.01220	0.01148	0.01938	0.75739	0.04450	0.01436	0.01794	0.01651	0.01292	0.01651	0.01148	0.01723	0.00861	0.00646	0.00646	0.00215	0.00861	0.00574	0.00287	0.00718
55	0.01734	0.04269	0.26002	0.07002	0.18951	0.03596	0.01776	0.15315	0.03640	0.06994	0.01393	0.01578	0.01030	0.00661	0.00620	0.00196	0.00799	0.00543	0.02928	0.00974
56	0.02336	0.01403	0.01614	0.01303	0.01763	0.01477	0.01055	0.22989	0.25806	0.29610	0.02286	0.02082	0.01579	0.00819	0.00651	0.00205	0.00584	0.00657	0.00707	0.01074
57	0.02864	0.01107	0.01498	0.01154	0.01650	0.00967	0.00952	0.03157	0.03730	0.71809	0.02551	0.02205	0.01609	0.00802	0.00650	0.00200	0.00549	0.00652	0.00796	0.01098
58	0.01335	0.03326	0.04448	0.55295	0.06236	0.03899	0.06633	0.03417	0.01359	0.01747	0.01183	0.01742	0.00926	0.03149	0.00766	0.00225	0.02674	0.00585	0.00304	0.00749
59	0.01158	0.00990	0.01370	0.01622	0.16375	0.00980	0.03250	0.04313	0.09968	0.02071	0.07449	0.22231	0.20530	0.01337	0.00740	0.00225	0.00503	0.03607	0.00547	0.00736
60	0.01040	0.00685	0.00788	0.00797	0.00946	0.00667	0.00582	0.04041	0.04041	0.02230	0.17560	0.24566	0.11473	0.01339	0.00673	0.00205	0.00350	0.01162	0.26247	0.00610
61	0.00940	0.00626	0.00705	0.00705	0.00705	0.00626	0.00392	0.00940	0.00940	0.01253	0.02036	0.04228	0.02349	0.77292	0.03289	0.00626	0.00626	0.00940	0.00392	0.00392
62	0.04921	0.07851	0.15570	0.14138	0.02690	0.05740	0.13963	0.10395	0.05442	0.08559	0.01383	0.01597	0.01017	0.00671	0.00679	0.00203	0.03310	0.00570	0.00406	0.00894
63	0.02323	0.01680	0.01665	0.01339	0.01778	0.11866	0.01079	0.35878	0.05199	0.18013	0.06116	0.02036	0.03803	0.00828	0.00643	0.00192	0.00684	0.00639	0.03255	0.00984
64	0.00821	0.00597	0.00782	0.00918	0.00988	0.00558	0.00652	0.00964	0.01294	0.01699	0.03819	0.60468	0.10576	0.01954	0.00829	0.00263	0.00402	0.11281	0.00599	0.00537
65	0.01414	0.01414	0.01979	0.01696	0.01696	0.01979	0.01414	0.01555	0.00990	0.01555	0.00848	0.01414	0.00848	0.01131	0.02120	0.00283	0.76110	0.00565	0.00283	0.00707
66	0.00901	0.00660	0.00844	0.00798	0.00957	0.00604	0.00599	0.01192	0.01796	0.02513	0.66818	0.04954	0.12248	0.01350	0.00762	0.00205	0.00307	0.01186	0.00701	0.00604
67	0.01420	0.03169	0.60769	0.01907	0.02777	0.08274	0.08647	0.02098	0.01422	0.02005	0.01158	0.01381	0.00835	0.00612	0.00625	0.00202	0.00987	0.00498	0.00283	0.00928
