[name]
unknown

[dist]
# distance from previous block
# <min> <max>
1	281

[block]
# block no. 0 follows, 34 sequences, length 38
# corresponding to MSA columns:
# 289-326
name=unknown_A
#
# <colnr> <probs for GDERKNQSTAVLIFYWHMCP>
#	G	D	E	R	K	N	Q	S	T	A	V	L	I	F	Y	W	H	M	C	P
0	0.01995	0.03250	0.03471	0.03695	0.01880	0.04274	0.05936	0.21476	0.05855	0.18459	0.07907	0.05762	0.03390	0.00849	0.00651	0.00192	0.00637	0.00711	0.00592	0.09018
1	0.01498	0.06268	0.43545	0.06202	0.04351	0.01435	0.01846	0.06360	0.02886	0.08581	0.01753	0.03234	0.06137	0.00740	0.00624	0.00201	0.00805	0.00593	0.00385	0.02556
2	0.01821	0.03194	0.10152	0.01156	0.01558	0.01059	0.01028	0.08370	0.05504	0.26037	0.07213	0.07142	0.07940	0.01352	0.05598	0.08018	0.00646	0.00782	0.00587	0.00843
3	0.01269	0.01085	0.01658	0.14765	0.12567	0.01110	0.08143	0.05492	0.04822	0.03990	0.13685	0.08042	0.16604	0.01044	0.00706	0.00211	0.00598	0.00937	0.02515	0.00757
4	0.04718	0.01945	0.19991	0.06075	0.31210	0.03321	0.04030	0.06290	0.01544	0.07422	0.01508	0.01742	0.03904	0.00677	0.00673	0.00201	0.02840	0.00582	0.00376	0.00950
5	0.01368	0.01407	0.05393	0.43026	0.10168	0.04150	0.04294	0.03996	0.04828	0.01843	0.01312	0.04281	0.01075	0.00841	0.02563	0.00238	0.07478	0.00625	0.00334	0.00781
6	0.01477	0.01315	0.02375	0.45346	0.12031	0.01446	0.16322	0.01910	0.01411	0.08159	0.01314	0.01755	0.00971	0.00630	0.00670	0.00212	0.00871	0.00621	0.00345	0.00820
7	0.02357	0.02731	0.01816	0.01600	0.01952	0.57446	0.01224	0.14808	0.02011	0.02053	0.01129	0.01280	0.00906	0.00700	0.00630	0.00174	0.03017	0.00456	0.02904	0.00806
8	0.01454	0.13471	0.16306	0.03343	0.02093	0.06616	0.12719	0.03986	0.01472	0.03925	0.06469	0.09246	0.07191	0.00917	0.00791	0.00208	0.07839	0.00763	0.00400	0.00792
9	0.00791	0.00584	0.00741	0.00853	0.00928	0.00534	0.00582	0.00925	0.01315	0.01726	0.08515	0.60290	0.16025	0.01914	0.00810	0.00251	0.00362	0.01714	0.00607	0.00534
10	0.00940	0.00626	0.00705	0.00705	0.00705	0.00626	0.00392	0.00940	0.00940	0.01253	0.02036	0.04228	0.02349	0.77292	0.03289	0.00626	0.00626	0.00940	0.00392	0.00392
11	0.01654	0.30175	0.08530	0.03465	0.01835	0.09235	0.01190	0.04095	0.23091	0.02013	0.01805	0.01844	0.05022	0.00842	0.02425	0.00202	0.00719	0.00557	0.00427	0.00873
12	0.01612	0.04073	0.21357	0.05362	0.04287	0.10031	0.13652	0.06273	0.03467	0.07974	0.01856	0.11134	0.04323	0.00856	0.00672	0.00208	0.00829	0.00757	0.00422	0.00855
13	0.01296	0.03342	0.73944	0.01842	0.02797	0.01501	0.02387	0.02046	0.01364	0.02046	0.01160	0.01364	0.00818	0.00614	0.00614	0.00205	0.00955	0.00477	0.00273	0.00955
14	0.01592	0.01491	0.02775	0.03056	0.38066	0.01442	0.25023	0.02002	0.01512	0.06681	0.05425	0.01975	0.01387	0.03729	0.00796	0.00219	0.00830	0.00692	0.00378	0.00928
15	0.06017	0.01725	0.11988	0.20211	0.32139	0.06140	0.03945	0.01894	0.01421	0.02002	0.03338	0.03889	0.01171	0.00669	0.00633	0.00201	0.00811	0.00600	0.00331	0.00874
16	0.01231	0.01153	0.01941	0.70745	0.07150	0.01420	0.01781	0.01656	0.01305	0.01677	0.01215	0.01873	0.00948	0.00675	0.00653	0.00217	0.00850	0.02487	0.00297	0.00727
17	0.01454	0.01630	0.03519	0.02549	0.03143	0.01528	0.64180	0.01958	0.01497	0.02029	0.01523	0.08939	0.01296	0.00686	0.00768	0.00222	0.01021	0.00865	0.00353	0.00838
18	0.01272	0.01200	0.02092	0.29877	0.20116	0.01284	0.11167	0.01647	0.01390	0.01865	0.04328	0.09419	0.03432	0.02847	0.00769	0.00230	0.00768	0.05153	0.00376	0.00770
19	0.01676	0.13743	0.31753	0.01685	0.04193	0.01737	0.04988	0.12097	0.01613	0.07632	0.02862	0.01513	0.01055	0.00716	0.00784	0.00202	0.09911	0.00528	0.00382	0.00928
20	0.02162	0.02039	0.13472	0.03001	0.02116	0.16905	0.06046	0.14622	0.05148	0.20997	0.01766	0.03848	0.01318	0.00783	0.00649	0.00200	0.00811	0.02644	0.00529	0.00945
21	0.00863	0.00647	0.00800	0.00786	0.00940	0.00584	0.00580	0.01110	0.01671	0.02273	0.48533	0.13969	0.21907	0.01483	0.00770	0.00214	0.00319	0.01297	0.00671	0.00584
22	0.81856	0.01250	0.00950	0.00850	0.01250	0.01449	0.00700	0.01899	0.01100	0.02899	0.00900	0.01050	0.00700	0.00600	0.00400	0.00200	0.00500	0.00350	0.00400	0.00700
23	0.01220	0.01148	0.01938	0.75739	0.04450	0.01436	0.01794	0.01651	0.01292	0.01651	0.01148	0.01723	0.00861	0.00646	0.00646	0.00215	0.00861	0.00574	0.00287	0.00718
24	0.00787	0.00652	0.00689	0.00687	0.00889	0.00554	0.00512	0.00969	0.01517	0.01867	0.16211	0.08558	0.60674	0.01604	0.00766	0.00218	0.00326	0.01352	0.00616	0.00554
25	0.04079	0.05215	0.69587	0.01788	0.02714	0.01526	0.02296	0.02038	0.01354	0.02062	0.01144	0.01345	0.00815	0.00612	0.00601	0.00203	0.00932	0.00470	0.00277	0.00943
26	0.01599	0.01535	0.02623	0.03966	0.73262	0.01535	0.01983	0.01983	0.01471	0.02111	0.01215	0.01599	0.01023	0.00576	0.00640	0.00192	0.00768	0.00576	0.00320	0.01023
27	0.00773	0.00655	0.00668	0.00665	0.00879	0.00550	0.00499	0.00946	0.01496	0.01800	0.10802	0.06129	0.68709	0.01616	0.00764	0.00217	0.00326	0.01351	0.00607	0.00550
28	0.04464	0.05336	0.58545	0.01776	0.05119	0.01460	0.02110	0.01974	0.01362	0.02062	0.01270	0.01684	0.00993	0.00670	0.00609	0.00202	0.00878	0.04342	0.00303	0.04842
29	0.00877	0.00659	0.00812	0.00774	0.00943	0.00594	0.00581	0.01148	0.01742	0.02383	0.56625	0.05168	0.22522	0.01398	0.00762	0.00207	0.00310	0.01216	0.00684	0.00594
30	0.01554	0.01512	0.02405	0.26613	0.27727	0.05247	0.12084	0.08160	0.01582	0.02093	0.01421	0.01802	0.03581	0.00655	0.00662	0.00203	0.00845	0.00624	0.00351	0.00877
31	0.00924	0.00687	0.01011	0.01009	0.01119	0.00788	0.00774	0.01145	0.01071	0.01539	0.05223	0.02746	0.01876	0.08776	0.67076	0.00974	0.01599	0.00730	0.00367	0.00568
32	0.01332	0.06304	0.10432	0.04516	0.17176	0.01273	0.09680	0.04128	0.01446	0.04067	0.04099	0.22002	0.05879	0.01076	0.00751	0.00218	0.03419	0.00969	0.00436	0.00797
33	0.55766	0.01374	0.01171	0.00998	0.01423	0.03830	0.00811	0.09879	0.07388	0.02897	0.01147	0.01254	0.00882	0.00634	0.00463	0.00190	0.00544	0.00414	0.00446	0.08489
34	0.01344	0.00957	0.01131	0.01023	0.01305	0.00930	0.00774	0.05232	0.16356	0.09045	0.13143	0.24673	0.06634	0.01245	0.00699	0.00207	0.00440	0.01085	0.00616	0.13163
35	0.01443	0.04411	0.08853	0.01130	0.01675	0.01153	0.01001	0.08562	0.08549	0.02336	0.05150	0.04359	0.01439	0.00663	0.00551	0.00142	0.00549	0.00538	0.00445	0.47051
36	0.01493	0.10410	0.42056	0.02149	0.15233	0.06652	0.04696	0.02092	0.03651	0.01981	0.01176	0.01409	0.00901	0.00624	0.00643	0.00196	0.02907	0.00499	0.00300	0.00933
37	0.01702	0.29790	0.27005	0.01653	0.06706	0.14433	0.01623	0.03795	0.04337	0.01857	0.01111	0.01274	0.00891	0.00613	0.00541	0.00174	0.00860	0.00439	0.00312	0.00885

[dist]
# distance from previous block
# <min> <max>
0	3

[block]
# block no. 1 follows, 34 sequences, length 34
# corresponding to MSA columns:
# 330-363
name=unknown_B
#
# <colnr> <probs for GDERKNQSTAVLIFYWHMCP>
#	G	D	E	R	K	N	Q	S	T	A	V	L	I	F	Y	W	H	M	C	P
0	0.01302	0.02890	0.06437	0.00979	0.01277	0.00887	0.00828	0.01804	0.10991	0.11659	0.31898	0.07064	0.13031	0.01167	0.00701	0.00205	0.00428	0.00998	0.04706	0.00747
1	0.01467	0.01530	0.10369	0.01305	0.01717	0.01454	0.01130	0.02944	0.53638	0.02570	0.09299	0.02672	0.05231	0.00918	0.00667	0.00216	0.00539	0.00768	0.00612	0.00955
2	0.00817	0.00582	0.00774	0.00911	0.00959	0.00548	0.00625	0.00945	0.01263	0.01684	0.05649	0.66437	0.04211	0.05007	0.00927	0.00278	0.00399	0.06864	0.00595	0.00527
3	0.04690	0.00762	0.00952	0.00882	0.01110	0.00704	0.00678	0.01531	0.01617	0.16037	0.30184	0.12468	0.17150	0.01526	0.04601	0.00258	0.00455	0.03052	0.00659	0.00685
4	0.01036	0.00740	0.01034	0.01175	0.01324	0.00738	0.01024	0.01334	0.01501	0.01960	0.06156	0.07192	0.03812	0.01767	0.00887	0.00294	0.00584	0.66247	0.00600	0.00596
5	0.02414	0.03079	0.01831	0.01665	0.01998	0.74698	0.01248	0.02580	0.01831	0.01581	0.00999	0.01165	0.00832	0.00666	0.00583	0.00166	0.01165	0.00416	0.00333	0.00749
6	0.03356	0.01448	0.02356	0.22232	0.50138	0.03040	0.01857	0.01946	0.01437	0.04288	0.01229	0.01629	0.00989	0.00603	0.00635	0.00198	0.00787	0.00569	0.00329	0.00934
7	0.15521	0.24734	0.03845	0.01377	0.03933	0.23742	0.01131	0.07347	0.01538	0.01992	0.01049	0.01291	0.00901	0.02817	0.03015	0.00212	0.03986	0.00432	0.00349	0.00788
8	0.00782	0.00622	0.00702	0.00752	0.00902	0.00542	0.00537	0.00936	0.01412	0.01766	0.09765	0.31231	0.44267	0.01754	0.00785	0.00233	0.00343	0.01519	0.00607	0.00542
9	0.02456	0.01810	0.01939	0.01487	0.02004	0.02004	0.01228	0.71107	0.03038	0.04072	0.01551	0.01551	0.01099	0.00776	0.00646	0.00194	0.00711	0.00582	0.00646	0.01099
10	0.01607	0.01388	0.01461	0.01315	0.01680	0.01607	0.01023	0.03433	0.72094	0.02703	0.02630	0.02411	0.01972	0.00877	0.00657	0.00219	0.00511	0.00731	0.00657	0.01023
11	0.01340	0.01148	0.01340	0.00957	0.01531	0.00861	0.00766	0.01627	0.01340	0.02105	0.01148	0.01340	0.00957	0.00479	0.00479	0.00096	0.00479	0.00383	0.00383	0.81242
12	0.01193	0.03060	0.01287	0.01135	0.01262	0.01120	0.00886	0.04955	0.02900	0.03881	0.01640	0.02511	0.01560	0.15556	0.40120	0.00722	0.14510	0.00695	0.00378	0.00631
13	0.01891	0.48113	0.05030	0.01334	0.01795	0.23498	0.01209	0.02099	0.01442	0.01557	0.00932	0.01111	0.00831	0.00629	0.00593	0.00159	0.06295	0.00386	0.00293	0.00801
14	0.01189	0.00605	0.00616	0.00613	0.00764	0.00603	0.00460	0.01491	0.01380	0.02418	0.05808	0.02535	0.01888	0.00782	0.00468	0.00153	0.00301	0.00632	0.76690	0.00603
15	0.02772	0.01089	0.01458	0.01132	0.01611	0.00961	0.00931	0.03088	0.04648	0.67705	0.02533	0.02217	0.01617	0.00801	0.00641	0.00199	0.00537	0.00651	0.04335	0.01075
16	0.01445	0.01467	0.02787	0.16768	0.29452	0.01479	0.26791	0.01879	0.01445	0.01981	0.01414	0.05752	0.01215	0.00684	0.00701	0.00212	0.00877	0.02439	0.00338	0.00874
17	0.01414	0.01414	0.01979	0.01696	0.01696	0.01979	0.01414	0.01555	0.00990	0.01555	0.00848	0.01414	0.00848	0.01131	0.02120	0.00283	0.76110	0.00565	0.00283	0.00707
18	0.00805	0.00628	0.00727	0.00787	0.00928	0.00558	0.00571	0.00962	0.01394	0.01754	0.08588	0.30669	0.38579	0.04123	0.00873	0.00251	0.00371	0.06293	0.00599	0.00540
19	0.24152	0.01694	0.01666	0.01318	0.01797	0.03987	0.01084	0.50182	0.02473	0.03678	0.01357	0.01403	0.00982	0.00724	0.00577	0.00195	0.00667	0.00514	0.00570	0.00980
20	0.03447	0.16520	0.46395	0.01699	0.02473	0.01666	0.08306	0.02032	0.04354	0.01984	0.01287	0.04714	0.01034	0.00669	0.00597	0.00197	0.00863	0.00547	0.00312	0.00902
21	0.27946	0.05227	0.01426	0.01336	0.08321	0.04227	0.00962	0.09942	0.05960	0.02431	0.01503	0.02235	0.01356	0.04924	0.00880	0.07572	0.00609	0.08400	0.00439	0.04302
22	0.00987	0.00818	0.01065	0.01012	0.01131	0.00907	0.00780	0.01241	0.03524	0.01965	0.25555	0.15238	0.16468	0.01837	0.09418	0.00326	0.15447	0.01122	0.00546	0.00613
23	0.01439	0.00895	0.01147	0.08478	0.01537	0.00945	0.00888	0.05529	0.06561	0.11533	0.10635	0.06163	0.02461	0.01246	0.04533	0.00252	0.02677	0.10550	0.21797	0.00733
24	0.05805	0.02066	0.15444	0.12731	0.27282	0.13084	0.10434	0.02050	0.01471	0.01988	0.01157	0.01494	0.00911	0.00604	0.00630	0.00197	0.00903	0.00544	0.00314	0.00890
25	0.01308	0.01148	0.01762	0.29600	0.05517	0.01280	0.07656	0.07984	0.07183	0.02087	0.07189	0.02845	0.06766	0.02970	0.06538	0.00292	0.00801	0.05881	0.00438	0.00755
26	0.06492	0.01655	0.01776	0.01378	0.01861	0.01814	0.01134	0.58666	0.02767	0.07706	0.04386	0.01719	0.01320	0.00788	0.00632	0.00193	0.00661	0.00597	0.03411	0.01042
27	0.02648	0.01044	0.01419	0.01107	0.01563	0.00907	0.00907	0.02905	0.01847	0.64711	0.11453	0.02532	0.02168	0.00866	0.00664	0.00200	0.00519	0.00715	0.00789	0.01038
28	0.00813	0.00591	0.00767	0.00861	0.00938	0.00545	0.00593	0.00972	0.01385	0.01863	0.19006	0.55501	0.10093	0.01839	0.00806	0.00246	0.00356	0.01653	0.00624	0.00545
29	0.02884	0.01124	0.01515	0.01161	0.01662	0.00986	0.00959	0.05493	0.01890	0.71308	0.02515	0.02177	0.01582	0.00799	0.00650	0.00200	0.00555	0.00647	0.00794	0.01100
30	0.00978	0.00764	0.02802	0.00943	0.01076	0.00695	0.00700	0.06685	0.01460	0.01973	0.08969	0.49119	0.09154	0.03769	0.00849	0.00254	0.00423	0.04792	0.03999	0.00594
31	0.00886	0.00662	0.00867	0.00918	0.03258	0.00610	0.00638	0.01128	0.01624	0.02236	0.45131	0.23544	0.13053	0.01515	0.00775	0.00220	0.00340	0.01345	0.00657	0.00594
32	0.02018	0.46061	0.02727	0.01343	0.01802	0.33134	0.01166	0.02208	0.01533	0.01546	0.00941	0.01091	0.00831	0.00601	0.00486	0.00150	0.00892	0.00375	0.00300	0.00795
33	0.61064	0.07054	0.01301	0.01018	0.01408	0.10537	0.00838	0.03789	0.01251	0.02615	0.00927	0.01090	0.00742	0.00630	0.00497	0.00194	0.03562	0.00372	0.00385	0.00726

[dist]
# distance from previous block
# <min> <max>
1	2

[block]
# block no. 2 follows, 34 sequences, length 24
# corresponding to MSA columns:
# 366-389
name=unknown_C
#
# <colnr> <probs for GDERKNQSTAVLIFYWHMCP>
#	G	D	E	R	K	N	Q	S	T	A	V	L	I	F	Y	W	H	M	C	P
0	0.01229	0.00927	0.01205	0.01025	0.01356	0.00798	0.02934	0.01456	0.01348	0.07090	0.04130	0.25186	0.05329	0.01298	0.03957	0.00219	0.02916	0.02715	0.00496	0.34386
1	0.01122	0.00561	0.00842	0.00842	0.00842	0.00561	0.00561	0.00842	0.00842	0.01122	0.01122	0.01964	0.01122	0.02245	0.02525	0.81201	0.00561	0.00561	0.00281	0.00281
2	0.01681	0.66398	0.03178	0.01193	0.01664	0.02471	0.01151	0.01879	0.01265	0.01525	0.00891	0.01092	0.00832	0.00638	0.00667	0.00160	0.11848	0.00378	0.00277	0.00811
3	0.01015	0.00726	0.01010	0.01152	0.01291	0.00721	0.00988	0.01298	0.01480	0.01936	0.06113	0.12913	0.03856	0.01787	0.00882	0.00291	0.00566	0.60786	0.00600	0.00590
4	0.01501	0.01562	0.01962	0.06318	0.01898	0.09151	0.01421	0.01663	0.01092	0.01564	0.00882	0.01408	0.00847	0.01055	0.01876	0.00267	0.63983	0.00551	0.00288	0.00712
5	0.01412	0.01310	0.02156	0.48597	0.26236	0.01500	0.01822	0.05753	0.01450	0.01937	0.01193	0.01673	0.00927	0.00631	0.00644	0.00207	0.00823	0.00575	0.00318	0.00837
6	0.01340	0.01148	0.01340	0.00957	0.01531	0.00861	0.00766	0.01627	0.01340	0.02105	0.01148	0.01340	0.00957	0.00479	0.00479	0.00096	0.00479	0.00383	0.00383	0.81242
7	0.00805	0.00570	0.00744	0.00877	0.00910	0.00537	0.00575	0.00904	0.01202	0.01603	0.03381	0.68295	0.04046	0.10910	0.01116	0.00305	0.00405	0.01731	0.00575	0.00509
8	0.01323	0.01571	0.15518	0.03106	0.06814	0.01194	0.05886	0.04163	0.14118	0.02328	0.16426	0.04861	0.04000	0.00850	0.00652	0.00190	0.00610	0.00744	0.00488	0.15158
9	0.12505	0.16842	0.29462	0.01633	0.05096	0.01752	0.06483	0.11595	0.01588	0.05637	0.01205	0.01359	0.00899	0.00625	0.00564	0.00190	0.00792	0.00481	0.00372	0.00920
10	0.04661	0.25873	0.04935	0.01346	0.01855	0.13232	0.01182	0.26035	0.04060	0.06680	0.01302	0.01362	0.01000	0.00672	0.00550	0.00171	0.00755	0.00473	0.00461	0.03395
11	0.01266	0.00661	0.00668	0.00645	0.00814	0.00671	0.00490	0.04909	0.01437	0.02490	0.02081	0.02367	0.01629	0.00754	0.00461	0.00153	0.00321	0.00601	0.76956	0.00627
12	0.01582	0.10900	0.18271	0.01874	0.12584	0.05423	0.03525	0.02578	0.29151	0.02210	0.01699	0.01774	0.01309	0.00724	0.00671	0.00202	0.03550	0.00584	0.00436	0.00955
13	0.00785	0.00569	0.00742	0.00881	0.00932	0.00526	0.00591	0.00902	0.01255	0.01657	0.03792	0.71419	0.09576	0.01994	0.00820	0.00259	0.00371	0.01800	0.00600	0.00526
14	0.01431	0.02080	0.23022	0.07259	0.14730	0.04244	0.24195	0.01941	0.01437	0.01979	0.01518	0.01921	0.04651	0.00692	0.00755	0.00213	0.04604	0.02130	0.00326	0.00875
15	0.00834	0.00588	0.00746	0.00853	0.00892	0.00559	0.00560	0.00927	0.01181	0.01565	0.03290	0.53534	0.06388	0.20733	0.01438	0.00353	0.00444	0.04074	0.00548	0.00495
16	0.00950	0.00732	0.01062	0.01053	0.01181	0.00699	0.05958	0.04621	0.01454	0.01969	0.15404	0.54760	0.04181	0.01726	0.00800	0.00245	0.00434	0.01575	0.00601	0.00595
17	0.04800	0.01846	0.01713	0.01510	0.01758	0.21797	0.01204	0.07533	0.17523	0.02096	0.01502	0.01904	0.01279	0.00923	0.01086	0.00224	0.23964	0.04484	0.00433	0.02419
18	0.00989	0.00702	0.00875	0.00916	0.00991	0.00725	0.00656	0.01204	0.05205	0.01567	0.02499	0.10592	0.02733	0.39341	0.10999	0.00542	0.00725	0.17757	0.00469	0.00511
19	0.01557	0.01549	0.02061	0.20216	0.13879	0.10893	0.08753	0.05985	0.09271	0.02016	0.01578	0.07341	0.01387	0.00844	0.00797	0.00217	0.07161	0.03274	0.00398	0.00822
20	0.01581	0.14501	0.01661	0.01151	0.01498	0.04218	0.00953	0.16832	0.12507	0.04031	0.10604	0.08294	0.10508	0.01098	0.00669	0.00206	0.00566	0.07737	0.00569	0.00817
21	0.01851	0.03420	0.04274	0.01310	0.05789	0.01220	0.01030	0.14135	0.05194	0.15317	0.01540	0.01591	0.01142	0.00620	0.00560	0.00148	0.00573	0.00496	0.00507	0.39283
22	0.01691	0.27261	0.21549	0.05000	0.09707	0.10686	0.07084	0.06390	0.01529	0.01936	0.01096	0.01314	0.00877	0.00602	0.00562	0.00178	0.00865	0.00470	0.00314	0.00888
23	0.01493	0.08334	0.01827	0.01366	0.05840	0.05344	0.07012	0.04830	0.07313	0.02126	0.01678	0.01815	0.06428	0.00639	0.00556	0.00143	0.00607	0.00536	0.00412	0.41698

[dist]
# distance from previous block
# <min> <max>
0	1

[block]
# block no. 3 follows, 34 sequences, length 38
# corresponding to MSA columns:
# 391,394-430
name=unknown_D
#
# <colnr> <probs for GDERKNQSTAVLIFYWHMCP>
#	G	D	E	R	K	N	Q	S	T	A	V	L	I	F	Y	W	H	M	C	P
0	0.03633	0.01203	0.01678	0.06175	0.03973	0.03091	0.08078	0.06794	0.01379	0.04525	0.04001	0.02485	0.08025	0.09647	0.10646	0.00367	0.17680	0.00719	0.00407	0.05493
1	0.06902	0.01154	0.01511	0.01254	0.01574	0.01203	0.06323	0.15443	0.01804	0.15881	0.12178	0.12411	0.08069	0.01120	0.00839	0.00221	0.07891	0.02810	0.00597	0.00817
2	0.00982	0.00671	0.00860	0.00821	0.00986	0.00610	0.00612	0.01248	0.01728	0.05910	0.54742	0.12479	0.13100	0.01405	0.00763	0.00211	0.00327	0.01235	0.00692	0.00618
3	0.02414	0.03079	0.01831	0.01665	0.01998	0.74698	0.01248	0.02580	0.01831	0.01581	0.00999	0.01165	0.00832	0.00666	0.00583	0.00166	0.01165	0.00416	0.00333	0.00749
4	0.01616	0.01631	0.06003	0.04777	0.46683	0.06391	0.04166	0.03718	0.01501	0.04262	0.01332	0.03464	0.01124	0.00869	0.04845	0.00237	0.00838	0.00595	0.00353	0.05598
5	0.02731	0.01113	0.01474	0.01151	0.01632	0.00996	0.00944	0.03115	0.07929	0.65656	0.02661	0.02324	0.03514	0.00828	0.00653	0.00202	0.00541	0.00676	0.00782	0.01078
6	0.00947	0.00631	0.00728	0.00728	0.00742	0.00640	0.00427	0.00975	0.00961	0.01310	0.02014	0.04035	0.02268	0.69071	0.08874	0.00644	0.00704	0.00909	0.02980	0.00413
7	0.01122	0.00561	0.00842	0.00842	0.00842	0.00561	0.00561	0.00842	0.00842	0.01122	0.01122	0.01964	0.01122	0.02245	0.02525	0.81201	0.00561	0.00561	0.00281	0.00281
8	0.01237	0.01166	0.01968	0.72544	0.07513	0.01440	0.01803	0.01666	0.01300	0.01671	0.01151	0.01717	0.00869	0.00643	0.00646	0.00214	0.00857	0.00574	0.00289	0.00731
9	0.01791	0.01479	0.01565	0.01352	0.01750	0.01693	0.01067	0.18086	0.57143	0.02999	0.02396	0.02225	0.01783	0.00855	0.00655	0.00214	0.00555	0.00698	0.00655	0.01039
10	0.04523	0.00629	0.00617	0.00612	0.00773	0.00637	0.00462	0.01522	0.01345	0.02429	0.02058	0.02353	0.01617	0.00746	0.00450	0.00153	0.00309	0.00592	0.77568	0.00606
11	0.02455	0.01856	0.01935	0.01493	0.02004	0.04648	0.01229	0.68614	0.02994	0.03982	0.01531	0.01537	0.01089	0.00772	0.00644	0.00193	0.00728	0.00576	0.00635	0.01086
12	0.00905	0.00615	0.00730	0.00775	0.00790	0.00605	0.00472	0.00946	0.01038	0.01383	0.02484	0.23006	0.02899	0.54875	0.02558	0.00519	0.00561	0.03952	0.00453	0.00434
13	0.00863	0.00640	0.00816	0.00893	0.01015	0.00593	0.00673	0.01065	0.01461	0.01924	0.18499	0.32736	0.18580	0.01749	0.00814	0.00249	0.00397	0.15850	0.00622	0.00562
14	0.00802	0.00574	0.00766	0.00905	0.00952	0.00537	0.00615	0.00931	0.01276	0.01708	0.07125	0.70797	0.04348	0.01980	0.00824	0.00261	0.00379	0.04084	0.00605	0.00532
15	0.81856	0.01250	0.00950	0.00850	0.01250	0.01449	0.00700	0.01899	0.01100	0.02899	0.00900	0.01050	0.00700	0.00600	0.00400	0.00200	0.00500	0.00350	0.00400	0.00700
16	0.09727	0.01157	0.01479	0.01145	0.01637	0.01059	0.00945	0.07276	0.01858	0.63221	0.02344	0.02059	0.01490	0.00781	0.00628	0.00200	0.00556	0.00619	0.00755	0.01065
17	0.01301	0.00770	0.00980	0.00913	0.01130	0.00725	0.00709	0.01660	0.05659	0.14249	0.37262	0.09422	0.07874	0.01272	0.00730	0.00213	0.00389	0.07134	0.06905	0.00703
18	0.01487	0.00773	0.00982	0.00908	0.01157	0.00678	0.00687	0.01677	0.01557	0.25451	0.10620	0.26699	0.21829	0.01452	0.00745	0.00224	0.00413	0.01257	0.00676	0.00727
19	0.01694	0.15738	0.19267	0.01692	0.04278	0.06489	0.09664	0.14869	0.05526	0.02333	0.04773	0.01786	0.01305	0.00740	0.00702	0.00197	0.04980	0.02660	0.00407	0.00900
20	0.02019	0.04353	0.01954	0.09100	0.10788	0.30156	0.03371	0.10869	0.09182	0.05637	0.03135	0.01788	0.01265	0.00738	0.00629	0.00190	0.00879	0.02646	0.00437	0.00866
21	0.02331	0.01163	0.01432	0.01143	0.01571	0.01122	0.00928	0.14961	0.07701	0.41653	0.10119	0.02614	0.06041	0.00903	0.00662	0.00200	0.00529	0.00738	0.03195	0.00994
22	0.00940	0.00626	0.00705	0.00705	0.00705	0.00626	0.00392	0.00940	0.00940	0.01253	0.02036	0.04228	0.02349	0.77292	0.03289	0.00626	0.00626	0.00940	0.00392	0.00392
23	0.01638	0.01530	0.02525	0.08625	0.63260	0.01564	0.01914	0.07156	0.01577	0.02227	0.01236	0.01604	0.01018	0.00595	0.00641	0.00194	0.00770	0.00576	0.00342	0.01009
24	0.01586	0.44924	0.21160	0.01337	0.01991	0.02051	0.03256	0.03582	0.03503	0.01823	0.01068	0.01223	0.00884	0.00576	0.00494	0.00157	0.00743	0.00411	0.00307	0.08924
25	0.01775	0.29067	0.20380	0.01493	0.02051	0.15883	0.03037	0.05795	0.01508	0.04027	0.01100	0.01294	0.00894	0.00781	0.02926	0.00205	0.06156	0.00449	0.00326	0.00853
26	0.01475	0.00818	0.01024	0.00894	0.01167	0.00735	0.00696	0.04144	0.01776	0.21980	0.33325	0.06245	0.20621	0.01252	0.00729	0.00207	0.00394	0.01070	0.00704	0.00744
27	0.15315	0.03996	0.04037	0.01815	0.13193	0.10158	0.05381	0.12106	0.07350	0.04120	0.01285	0.01472	0.01011	0.00690	0.00719	0.00193	0.07803	0.00516	0.00421	0.08419
28	0.00868	0.00619	0.00787	0.00819	0.00926	0.00574	0.00579	0.01075	0.01517	0.02100	0.35574	0.31598	0.10168	0.05493	0.00903	0.00246	0.00349	0.01398	0.03846	0.00562
29	0.01341	0.04346	0.01965	0.01694	0.07435	0.01442	0.12839	0.03579	0.04412	0.01849	0.01700	0.02253	0.05513	0.07647	0.11010	0.00367	0.22868	0.00696	0.06316	0.00730
30	0.00787	0.00562	0.00750	0.00900	0.00937	0.00525	0.00600	0.00900	0.01237	0.01649	0.03561	0.76871	0.04274	0.02024	0.00825	0.00262	0.00375	0.01837	0.00600	0.00525
31	0.01414	0.01414	0.01979	0.01696	0.01696	0.01979	0.01414	0.01555	0.00990	0.01555	0.00848	0.01414	0.00848	0.01131	0.02120	0.00283	0.76110	0.00565	0.00283	0.00707
32	0.02456	0.01810	0.01939	0.01487	0.02004	0.02004	0.01228	0.71107	0.03038	0.04072	0.01551	0.01551	0.01099	0.00776	0.00646	0.00194	0.00711	0.00582	0.00646	0.01099
33	0.00940	0.00626	0.00705	0.00705	0.00705	0.00626	0.00392	0.00940	0.00940	0.01253	0.02036	0.04228	0.02349	0.77292	0.03289	0.00626	0.00626	0.00940	0.00392	0.00392
34	0.01351	0.01158	0.01345	0.00971	0.01537	0.00891	0.00776	0.01699	0.04165	0.02129	0.01208	0.01383	0.00998	0.00494	0.00486	0.00101	0.00480	0.00397	0.00394	0.78039
35	0.16967	0.01373	0.01717	0.09871	0.12481	0.01474	0.03284	0.22510	0.01879	0.06312	0.06873	0.01928	0.03599	0.00862	0.02680	0.00219	0.00676	0.00608	0.00494	0.04193
36	0.01340	0.01148	0.01340	0.00957	0.01531	0.00861	0.00766	0.01627	0.01340	0.02105	0.01148	0.01340	0.00957	0.00479	0.00479	0.00096	0.00479	0.00383	0.00383	0.81242
37	0.02045	0.10908	0.01954	0.01511	0.01870	0.43675	0.04245	0.07511	0.04685	0.01922	0.07340	0.01772	0.01456	0.00919	0.03653	0.00212	0.00983	0.02159	0.00402	0.00779

[dist]
# distance from previous block
# <min> <max>
0	17

[block]
# block no. 4 follows, 34 sequences, length 12
# corresponding to MSA columns:
# 448-459
name=unknown_E
#
# <colnr> <probs for GDERKNQSTAVLIFYWHMCP>
#	G	D	E	R	K	N	Q	S	T	A	V	L	I	F	Y	W	H	M	C	P
0	0.00822	0.00650	0.00740	0.00732	0.00912	0.00568	0.00544	0.01035	0.01589	0.02057	0.31318	0.10954	0.42690	0.01546	0.00768	0.00216	0.00322	0.01325	0.00642	0.00568
1	0.01512	0.01440	0.02368	0.18176	0.50293	0.01546	0.01847	0.01987	0.06125	0.02024	0.01274	0.01667	0.01044	0.00643	0.00730	0.00204	0.05257	0.00585	0.00334	0.00943
2	0.02398	0.01739	0.01875	0.01456	0.01958	0.01920	0.01197	0.61780	0.09377	0.07084	0.01696	0.01660	0.01202	0.00786	0.00648	0.00197	0.00685	0.00599	0.00654	0.01092
3	0.81856	0.01250	0.00950	0.00850	0.01250	0.01449	0.00700	0.01899	0.01100	0.02899	0.00900	0.01050	0.00700	0.00600	0.00400	0.00200	0.00500	0.00350	0.00400	0.00700
4	0.02456	0.01810	0.01939	0.01487	0.02004	0.02004	0.01228	0.71107	0.03038	0.04072	0.01551	0.01551	0.01099	0.00776	0.00646	0.00194	0.00711	0.00582	0.00646	0.01099
5	0.00938	0.00631	0.00728	0.00728	0.00736	0.00639	0.00420	0.00955	0.00946	0.01270	0.02015	0.04111	0.02298	0.72255	0.08257	0.00655	0.00703	0.00922	0.00388	0.00404
6	0.00946	0.00738	0.00869	0.00834	0.01022	0.00703	0.00625	0.01378	0.09934	0.02311	0.41947	0.09736	0.23730	0.01402	0.00754	0.00213	0.00340	0.01215	0.00667	0.00635
7	0.01148	0.00944	0.01326	0.01225	0.01331	0.01182	0.00982	0.04893	0.01141	0.01683	0.01494	0.02174	0.01380	0.03458	0.48105	0.00753	0.22005	0.00648	0.03487	0.00640
8	0.01727	0.77681	0.03386	0.01106	0.01658	0.02557	0.01106	0.01935	0.01313	0.01520	0.00898	0.01036	0.00829	0.00553	0.00415	0.00138	0.00691	0.00345	0.00276	0.00829
9	0.01145	0.00712	0.00882	0.00814	0.01013	0.00638	0.00608	0.01376	0.01649	0.11935	0.38570	0.07415	0.21585	0.07626	0.00958	0.00244	0.00373	0.01152	0.00665	0.00640
10	0.01525	0.07310	0.01632	0.01212	0.01513	0.03805	0.08687	0.07762	0.01644	0.11516	0.21339	0.02921	0.02699	0.09322	0.08905	0.00331	0.02611	0.00797	0.03727	0.00744
11	0.00800	0.00591	0.00751	0.00863	0.00943	0.00542	0.00598	0.00940	0.01323	0.01733	0.08206	0.57677	0.16309	0.01906	0.00813	0.00253	0.00371	0.04240	0.00606	0.00536

[dist]
# distance from previous block
# <min> <max>
0	1

[block]
# block no. 5 follows, 34 sequences, length 24
# corresponding to MSA columns:
# 461-484
name=unknown_F
#
# <colnr> <probs for GDERKNQSTAVLIFYWHMCP>
#	G	D	E	R	K	N	Q	S	T	A	V	L	I	F	Y	W	H	M	C	P
0	0.12981	0.14455	0.06958	0.01720	0.10560	0.08416	0.05343	0.19818	0.05166	0.06740	0.01331	0.01444	0.01011	0.00662	0.00573	0.00186	0.00746	0.00509	0.00449	0.00932
1	0.01181	0.01167	0.08730	0.05208	0.03246	0.04114	0.00979	0.06863	0.03748	0.03851	0.06978	0.42434	0.03145	0.04208	0.00839	0.00249	0.00546	0.01294	0.00540	0.00679
2	0.01544	0.14361	0.07774	0.03059	0.05787	0.09289	0.12194	0.01890	0.01440	0.01948	0.03327	0.01465	0.01075	0.00566	0.00555	0.00149	0.00739	0.00486	0.00347	0.32005
3	0.06291	0.40251	0.04078	0.03761	0.01867	0.23176	0.01186	0.05405	0.03364	0.01780	0.01015	0.01174	0.00867	0.00627	0.00538	0.00162	0.02911	0.00404	0.00327	0.00812
4	0.01122	0.00561	0.00842	0.00842	0.00842	0.00561	0.00561	0.00842	0.00842	0.01122	0.01122	0.01964	0.01122	0.02245	0.02525	0.81201	0.00561	0.00561	0.00281	0.00281
5	0.01507	0.01796	0.09923	0.04318	0.21977	0.08176	0.25370	0.01984	0.03653	0.02046	0.05888	0.05719	0.03162	0.00732	0.00694	0.00206	0.00870	0.00738	0.00373	0.00870
6	0.01340	0.01148	0.01340	0.00957	0.01531	0.00861	0.00766	0.01627	0.01340	0.02105	0.01148	0.01340	0.00957	0.00479	0.00479	0.00096	0.00479	0.00383	0.00383	0.81242
7	0.04283	0.01486	0.03495	0.01528	0.07253	0.01621	0.01140	0.13178	0.50053	0.02845	0.04488	0.02226	0.01829	0.00837	0.00648	0.00212	0.00565	0.00691	0.00613	0.01009
8	0.01601	0.06552	0.06380	0.01961	0.18271	0.05657	0.07163	0.03709	0.06869	0.07178	0.05783	0.03877	0.04158	0.00745	0.00672	0.00182	0.03274	0.00640	0.00433	0.14894
9	0.01989	0.10973	0.08461	0.01477	0.01981	0.06586	0.08985	0.12623	0.06670	0.18581	0.01645	0.01735	0.01209	0.01023	0.06387	0.00255	0.03099	0.00576	0.00498	0.05247
10	0.01341	0.09007	0.64950	0.01829	0.02738	0.01589	0.05749	0.02039	0.01368	0.02007	0.01147	0.01358	0.00827	0.00606	0.00606	0.00200	0.00941	0.00482	0.00276	0.00941
11	0.00821	0.00586	0.00788	0.00938	0.00990	0.00554	0.00658	0.00958	0.01270	0.01687	0.03543	0.67654	0.04200	0.01993	0.00834	0.00267	0.00404	0.10721	0.00599	0.00534
12	0.01318	0.01252	0.02118	0.46094	0.21495	0.01450	0.04241	0.01715	0.01340	0.01805	0.03639	0.01806	0.01108	0.00799	0.02935	0.00237	0.04935	0.00605	0.00313	0.00792
13	0.02146	0.01107	0.01364	0.01118	0.01517	0.01073	0.00898	0.07951	0.15343	0.38185	0.14269	0.02897	0.07303	0.00956	0.00677	0.00205	0.00499	0.00794	0.00732	0.00966
14	0.00831	0.00619	0.00784	0.00899	0.01000	0.00572	0.00660	0.00991	0.01340	0.01726	0.04222	0.47137	0.20009	0.01889	0.00824	0.00259	0.00406	0.14690	0.00599	0.00543
15	0.14791	0.01723	0.01785	0.01388	0.01887	0.01918	0.01146	0.60356	0.02737	0.03890	0.01450	0.01473	0.01037	0.00748	0.00608	0.00195	0.00678	0.00546	0.00608	0.01037
16	0.02218	0.00988	0.01266	0.01019	0.01425	0.00870	0.00825	0.05238	0.01806	0.48186	0.08902	0.03336	0.18982	0.01039	0.00686	0.00204	0.00484	0.00858	0.00739	0.00929
17	0.01321	0.02578	0.48178	0.01848	0.02602	0.01369	0.14760	0.01926	0.01392	0.04420	0.01573	0.12132	0.01363	0.00807	0.00672	0.00215	0.00884	0.00728	0.00347	0.00884
18	0.00987	0.00695	0.00924	0.01007	0.01101	0.00707	0.00792	0.01176	0.01251	0.01655	0.02778	0.07681	0.03043	0.26511	0.10402	0.00490	0.00733	0.37040	0.00500	0.00525
19	0.01009	0.00764	0.00964	0.01028	0.06561	0.00710	0.00698	0.01338	0.04535	0.03981	0.39513	0.04735	0.25635	0.01304	0.00733	0.00205	0.00362	0.01127	0.04150	0.00650
20	0.01688	0.01748	0.02510	0.03418	0.55080	0.12667	0.06351	0.02039	0.01521	0.02010	0.01276	0.04367	0.01113	0.00642	0.00646	0.00192	0.00835	0.00611	0.00333	0.00953
21	0.00845	0.00594	0.00740	0.00832	0.00870	0.00567	0.00540	0.00929	0.01159	0.01533	0.03203	0.47018	0.07090	0.26862	0.01638	0.00382	0.00463	0.03721	0.00531	0.00484
22	0.01759	0.01057	0.01212	0.01021	0.01356	0.01063	0.00812	0.15280	0.10549	0.18534	0.14108	0.03142	0.12739	0.01003	0.00653	0.00197	0.00465	0.00827	0.13372	0.00852
23	0.01920	0.01710	0.02499	0.11588	0.08192	0.13527	0.25031	0.02366	0.05153	0.16605	0.01534	0.01750	0.01116	0.00669	0.00726	0.00206	0.03448	0.00635	0.00434	0.00892

[dist]
# distance from previous block
# <min> <max>
0	6

[block]
# block no. 6 follows, 34 sequences, length 27
# corresponding to MSA columns:
# 491-517
name=unknown_G
#
# <colnr> <probs for GDERKNQSTAVLIFYWHMCP>
#	G	D	E	R	K	N	Q	S	T	A	V	L	I	F	Y	W	H	M	C	P
0	0.04936	0.03621	0.07855	0.10316	0.20026	0.04741	0.31006	0.02072	0.01484	0.05793	0.01283	0.01633	0.00978	0.00589	0.00673	0.00205	0.00919	0.00630	0.00344	0.00896
1	0.01888	0.18318	0.22139	0.01772	0.07378	0.22108	0.04106	0.09454	0.01685	0.03796	0.01145	0.01312	0.00894	0.00632	0.00575	0.00179	0.00914	0.00466	0.00348	0.00892
2	0.01063	0.06861	0.01359	0.01152	0.01256	0.01125	0.02288	0.01210	0.01207	0.01631	0.02829	0.34939	0.10601	0.04256	0.01235	0.00267	0.21460	0.04181	0.00473	0.00607
3	0.01477	0.01219	0.01696	0.05058	0.18831	0.03042	0.03600	0.01778	0.01447	0.07961	0.05496	0.10070	0.01670	0.00761	0.00606	0.00163	0.00590	0.00678	0.00437	0.33421
4	0.00800	0.00636	0.00695	0.00717	0.00873	0.00556	0.00509	0.00949	0.01403	0.01747	0.11295	0.18279	0.47265	0.10083	0.01055	0.00270	0.00367	0.01383	0.00586	0.00530
5	0.01329	0.07093	0.63843	0.01790	0.02639	0.01599	0.02233	0.01997	0.01328	0.01975	0.01118	0.01351	0.00822	0.00656	0.00737	0.00208	0.07603	0.00478	0.00274	0.00926
6	0.01239	0.01074	0.01698	0.59639	0.03707	0.01312	0.01537	0.01726	0.05195	0.01830	0.01383	0.01870	0.01049	0.00676	0.00616	0.00205	0.00753	0.00587	0.13187	0.00716
7	0.00800	0.00577	0.00760	0.00902	0.00955	0.00538	0.00618	0.00925	0.01263	0.01670	0.03711	0.69394	0.07869	0.01991	0.00825	0.00262	0.00384	0.05427	0.00600	0.00530
8	0.01498	0.31177	0.36791	0.01704	0.05295	0.01914	0.07113	0.02044	0.03458	0.01871	0.01118	0.01310	0.00878	0.00592	0.00552	0.00180	0.00845	0.00461	0.00292	0.00906
9	0.00951	0.00718	0.00885	0.00833	0.01011	0.00681	0.00628	0.01359	0.07395	0.02492	0.58857	0.04811	0.14285	0.01326	0.00754	0.00206	0.00324	0.01158	0.00693	0.00634
10	0.06103	0.07778	0.02004	0.01603	0.06466	0.11268	0.04479	0.29893	0.14192	0.02918	0.01523	0.01582	0.01154	0.00711	0.00604	0.00186	0.00731	0.00552	0.00514	0.05739
11	0.01539	0.02264	0.29965	0.02141	0.12194	0.05010	0.14880	0.05958	0.01515	0.04188	0.01395	0.01660	0.02481	0.00681	0.00754	0.00206	0.06563	0.00585	0.05119	0.00903
12	0.01721	0.24411	0.31749	0.01477	0.02162	0.01837	0.01624	0.15993	0.01709	0.06164	0.01343	0.04640	0.01071	0.00700	0.00574	0.00185	0.00782	0.00529	0.00392	0.00937
13	0.00825	0.00608	0.00770	0.00857	0.00946	0.00566	0.00602	0.00976	0.01336	0.01761	0.11806	0.45935	0.16240	0.06103	0.03576	0.00298	0.00433	0.05236	0.00592	0.00536
14	0.02899	0.01100	0.01499	0.01150	0.01649	0.00950	0.00950	0.03149	0.01849	0.73709	0.02549	0.02199	0.01599	0.00800	0.00650	0.00200	0.00550	0.00650	0.00800	0.01100
15	0.01019	0.00903	0.01565	0.01463	0.05258	0.00855	0.17147	0.01242	0.01294	0.01736	0.02848	0.43879	0.05933	0.08477	0.02956	0.00300	0.00619	0.01388	0.00496	0.00622
16	0.01427	0.21578	0.41964	0.01705	0.04935	0.01758	0.04793	0.02038	0.05236	0.01925	0.01259	0.04053	0.01023	0.00674	0.00626	0.00193	0.03074	0.00525	0.00311	0.00903
17	0.00948	0.00703	0.00918	0.01032	0.01185	0.00673	0.00863	0.01193	0.01457	0.01858	0.04177	0.14611	0.20192	0.01776	0.00855	0.00275	0.00508	0.45607	0.00597	0.00576
18	0.00940	0.00626	0.00705	0.00705	0.00705	0.00626	0.00392	0.00940	0.00940	0.01253	0.02036	0.04228	0.02349	0.77292	0.03289	0.00626	0.00626	0.00940	0.00392	0.00392
19	0.01612	0.01574	0.07566	0.09106	0.26034	0.01459	0.17862	0.06815	0.03236	0.06898	0.05413	0.01894	0.01357	0.00672	0.00694	0.00203	0.02126	0.00655	0.03906	0.00919
20	0.01790	0.56013	0.10546	0.01272	0.01834	0.11425	0.01261	0.04467	0.03159	0.01701	0.01003	0.01138	0.00866	0.00589	0.00471	0.00153	0.00775	0.00386	0.00305	0.00847
21	0.02379	0.02849	0.01804	0.01609	0.01958	0.63699	0.01220	0.10639	0.01958	0.01903	0.01100	0.01251	0.00891	0.00682	0.00586	0.00169	0.01083	0.00442	0.02993	0.00786
22	0.01371	0.01493	0.10696	0.09050	0.11056	0.01157	0.01259	0.01822	0.05158	0.02069	0.01230	0.01474	0.00990	0.00565	0.00589	0.00146	0.02763	0.00462	0.00363	0.46286
23	0.01065	0.00902	0.01230	0.01144	0.01206	0.01114	0.00884	0.01212	0.01047	0.01494	0.01990	0.04952	0.07950	0.17716	0.28638	0.00620	0.25098	0.00793	0.00365	0.00577
24	0.01599	0.01535	0.02623	0.03966	0.73262	0.01535	0.01983	0.01983	0.01471	0.02111	0.01215	0.01599	0.01023	0.00576	0.00640	0.00192	0.00768	0.00576	0.00320	0.01023
25	0.01569	0.01240	0.01538	0.14621	0.04404	0.01393	0.01144	0.18529	0.19329	0.04475	0.03913	0.07580	0.05488	0.01436	0.10089	0.00318	0.00762	0.00777	0.00536	0.00862
26	0.01585	0.02062	0.24253	0.02534	0.22656	0.01478	0.18032	0.05698	0.01553	0.07183	0.01464	0.04407	0.01172	0.00685	0.00674	0.00207	0.00863	0.02172	0.00374	0.00949

[dist]
# distance from previous block
# <min> <max>
0	9

[block]
# block no. 7 follows, 34 sequences, length 8
# corresponding to MSA columns:
# 527-534
name=unknown_H
#
# <colnr> <probs for GDERKNQSTAVLIFYWHMCP>
#	G	D	E	R	K	N	Q	S	T	A	V	L	I	F	Y	W	H	M	C	P
0	0.01674	0.01834	0.03854	0.02785	0.03438	0.01705	0.69213	0.02162	0.01615	0.02205	0.01458	0.01948	0.01127	0.00650	0.00824	0.00246	0.01128	0.00806	0.00381	0.00947
1	0.00779	0.00632	0.00691	0.00725	0.00894	0.00544	0.00525	0.00938	0.01436	0.01774	0.09909	0.23683	0.51790	0.01713	0.00779	0.00228	0.00338	0.01469	0.00607	0.00544
2	0.01340	0.01148	0.01340	0.00957	0.01531	0.00861	0.00766	0.01627	0.01340	0.02105	0.01148	0.01340	0.00957	0.00479	0.00479	0.00096	0.00479	0.00383	0.00383	0.81242
3	0.02084	0.15416	0.08262	0.01516	0.02021	0.12059	0.04463	0.35439	0.02219	0.02838	0.01366	0.04196	0.01095	0.00756	0.00658	0.00188	0.03442	0.00563	0.00477	0.00945
4	0.00775	0.00655	0.00671	0.00667	0.00880	0.00550	0.00500	0.00950	0.01501	0.01812	0.11730	0.06110	0.67774	0.01612	0.00764	0.00217	0.00326	0.01348	0.00609	0.00550
5	0.07622	0.01271	0.01566	0.01208	0.01706	0.01220	0.00998	0.18561	0.02074	0.53512	0.02221	0.01981	0.01430	0.00782	0.00634	0.00199	0.00583	0.00616	0.00740	0.01075
6	0.02070	0.01740	0.06001	0.09622	0.18301	0.10439	0.09666	0.12142	0.01812	0.19461	0.01558	0.01700	0.01117	0.00674	0.00650	0.00197	0.00813	0.00591	0.00478	0.00966
7	0.01781	0.05251	0.02748	0.04965	0.04903	0.11844	0.31329	0.09337	0.03840	0.05655	0.01397	0.04144	0.01121	0.00719	0.00822	0.00210	0.08002	0.00674	0.00396	0.00864

[dist]
# distance from previous block
# <min> <max>
0	3

[block]
# block no. 8 follows, 34 sequences, length 41
# corresponding to MSA columns:
# 538-578
name=unknown_I
#
# <colnr> <probs for GDERKNQSTAVLIFYWHMCP>
#	G	D	E	R	K	N	Q	S	T	A	V	L	I	F	Y	W	H	M	C	P
0	0.06613	0.14357	0.07453	0.06359	0.02226	0.37653	0.07933	0.04758	0.01634	0.01821	0.01066	0.01292	0.00869	0.00737	0.02438	0.00198	0.01008	0.00462	0.00332	0.00792
1	0.50046	0.10494	0.03755	0.01365	0.09631	0.07391	0.01018	0.05977	0.01345	0.02586	0.00989	0.01158	0.00789	0.00607	0.00464	0.00189	0.00631	0.00398	0.00381	0.00786
2	0.01425	0.01362	0.02118	0.14889	0.35053	0.04014	0.05971	0.01870	0.05813	0.01991	0.01929	0.04551	0.07276	0.00818	0.00706	0.00209	0.02506	0.04228	0.02414	0.00859
3	0.00856	0.00658	0.00782	0.00751	0.00929	0.00585	0.00563	0.01105	0.01690	0.02260	0.46968	0.05371	0.32256	0.01444	0.00763	0.00209	0.00314	0.01245	0.00668	0.00585
4	0.01424	0.01206	0.01303	0.01173	0.01500	0.01338	0.00908	0.02822	0.52679	0.02603	0.15311	0.03023	0.06844	0.00985	0.00675	0.00211	0.00463	0.00832	0.00653	0.04048
5	0.00813	0.00582	0.00773	0.00882	0.00943	0.00542	0.00602	0.00964	0.01356	0.01839	0.17525	0.62366	0.04641	0.01883	0.00812	0.00250	0.00361	0.01702	0.00622	0.00542
6	0.00925	0.00684	0.00994	0.00994	0.01094	0.00784	0.00753	0.01125	0.01025	0.01467	0.01771	0.02762	0.01712	0.14437	0.65274	0.00984	0.01585	0.00725	0.00352	0.00552
7	0.01279	0.01217	0.02084	0.64142	0.13437	0.01455	0.03893	0.01707	0.01322	0.01724	0.01162	0.01707	0.00886	0.00634	0.00649	0.00212	0.00856	0.00580	0.00293	0.00762
8	0.01378	0.00759	0.00990	0.00916	0.01136	0.00688	0.00704	0.01614	0.01648	0.19514	0.31117	0.13514	0.10675	0.05611	0.00895	0.00243	0.00417	0.06803	0.00681	0.00698
9	0.71160	0.03334	0.01163	0.03187	0.01450	0.05270	0.02609	0.01932	0.01160	0.02736	0.00923	0.01094	0.00722	0.00602	0.00427	0.00198	0.00565	0.00371	0.00388	0.00711
10	0.01584	0.35239	0.16969	0.01643	0.09362	0.01976	0.03376	0.04265	0.10783	0.01944	0.01347	0.04345	0.01146	0.00690	0.00589	0.00181	0.02780	0.00530	0.00356	0.00895
11	0.01414	0.01414	0.01979	0.01696	0.01696	0.01979	0.01414	0.01555	0.00990	0.01555	0.00848	0.01414	0.00848	0.01131	0.02120	0.00283	0.76110	0.00565	0.00283	0.00707
12	0.00811	0.00656	0.00720	0.00704	0.00902	0.00566	0.00528	0.01019	0.01585	0.02012	0.27457	0.05780	0.51922	0.01537	0.00763	0.00213	0.00320	0.01302	0.00635	0.00566
13	0.01712	0.74988	0.05942	0.01132	0.01700	0.02518	0.01152	0.01939	0.01315	0.01539	0.00908	0.01048	0.00829	0.00555	0.00422	0.00141	0.00701	0.00350	0.00276	0.00834
14	0.00765	0.00651	0.00658	0.00664	0.00875	0.00545	0.00495	0.00926	0.01464	0.01742	0.06436	0.08817	0.70472	0.01651	0.00766	0.00220	0.00329	0.01381	0.00600	0.00545
15	0.02456	0.01810	0.01939	0.01487	0.02004	0.02004	0.01228	0.71107	0.03038	0.04072	0.01551	0.01551	0.01099	0.00776	0.00646	0.00194	0.00711	0.00582	0.00646	0.01099
16	0.01512	0.01483	0.02348	0.28334	0.46100	0.05285	0.01881	0.01901	0.01429	0.01927	0.01181	0.01619	0.00958	0.00604	0.00639	0.00199	0.00820	0.00567	0.00309	0.00905
17	0.81856	0.01250	0.00950	0.00850	0.01250	0.01449	0.00700	0.01899	0.01100	0.02899	0.00900	0.01050	0.00700	0.00600	0.00400	0.00200	0.00500	0.00350	0.00400	0.00700
18	0.01353	0.01160	0.01346	0.00974	0.01538	0.00897	0.00778	0.01714	0.04761	0.02134	0.01220	0.01392	0.01006	0.00498	0.00487	0.00102	0.00480	0.00400	0.00396	0.77364
19	0.01021	0.00729	0.01018	0.01166	0.01306	0.00726	0.01005	0.01303	0.01467	0.01911	0.03432	0.12926	0.03764	0.01804	0.00887	0.00295	0.00577	0.63478	0.00595	0.00589
20	0.00838	0.00660	0.00758	0.00742	0.00930	0.00580	0.00562	0.01067	0.01626	0.02114	0.34797	0.05663	0.41841	0.01507	0.00768	0.00215	0.00328	0.03782	0.00647	0.00575
21	0.29815	0.01305	0.01385	0.01107	0.01575	0.01348	0.00909	0.15958	0.04530	0.28329	0.01699	0.01630	0.01165	0.00709	0.00552	0.00193	0.00558	0.00519	0.00600	0.06114
22	0.02259	0.09130	0.01978	0.03840	0.02002	0.40393	0.01228	0.22713	0.02077	0.02306	0.01182	0.01376	0.00954	0.02785	0.00707	0.00189	0.03131	0.00482	0.00419	0.00848
23	0.01786	0.01477	0.01562	0.01351	0.01748	0.01691	0.01066	0.17709	0.57527	0.02992	0.02402	0.02229	0.01788	0.00855	0.00655	0.00214	0.00553	0.00699	0.00655	0.01039
24	0.19841	0.06175	0.01877	0.14768	0.03937	0.08409	0.04578	0.24035	0.01902	0.06757	0.01280	0.01451	0.00947	0.00675	0.00577	0.00195	0.00742	0.00512	0.00462	0.00880
25	0.01034	0.00870	0.01276	0.01143	0.01242	0.00935	0.08596	0.01159	0.01127	0.01530	0.02461	0.21722	0.07520	0.31702	0.02012	0.00403	0.13181	0.01111	0.00433	0.00543
