[name]
unknown

[dist]
# distance from previous block
# <min> <max>
0	49

[block]
# block no. 0 follows, 32 sequences, length 81
# corresponding to MSA columns:
# 49-96,115-147
name=unknown_A
#
# <colnr> <probs for GDERKNQSTAVLIFYWHMCP>
#	G	D	E	R	K	N	Q	S	T	A	V	L	I	F	Y	W	H	M	C	P
0	0.01055	0.00764	0.01045	0.01185	0.01346	0.00754	0.01029	0.01351	0.01543	0.01990	0.03847	0.07468	0.10031	0.01840	0.00915	0.00301	0.00593	0.61711	0.00618	0.00613
1	0.01417	0.01164	0.01343	0.00979	0.01533	0.00909	0.00781	0.03933	0.01451	0.02282	0.01297	0.01499	0.01064	0.00533	0.00500	0.00108	0.00488	0.00425	0.07631	0.70663
2	0.02270	0.01706	0.01847	0.01431	0.01927	0.01853	0.01176	0.56415	0.02807	0.03773	0.02026	0.02029	0.07537	0.00875	0.00718	0.00199	0.03058	0.00662	0.00634	0.07057
3	0.02478	0.01962	0.02003	0.05492	0.02217	0.08539	0.01309	0.60234	0.02944	0.03860	0.01537	0.01584	0.01103	0.00788	0.00665	0.00200	0.00789	0.00588	0.00622	0.01087
4	0.02269	0.27785	0.02441	0.01535	0.01957	0.49992	0.01247	0.02456	0.01722	0.01621	0.01002	0.01165	0.00863	0.00652	0.00547	0.00163	0.01046	0.00408	0.00326	0.00806
5	0.08654	0.01224	0.01375	0.01001	0.01579	0.00988	0.00804	0.03893	0.01425	0.02326	0.01183	0.01371	0.00974	0.00518	0.00495	0.00112	0.00507	0.00401	0.00408	0.70762
6	0.00818	0.00584	0.00779	0.00934	0.00973	0.00545	0.00623	0.00934	0.01285	0.01713	0.03698	0.75981	0.04438	0.02102	0.00856	0.00273	0.00389	0.01908	0.00623	0.00545
7	0.01391	0.01193	0.01391	0.00994	0.01590	0.00894	0.00795	0.01690	0.01391	0.02186	0.01193	0.01391	0.00994	0.00497	0.00497	0.00099	0.00497	0.00398	0.00398	0.80521
8	0.01363	0.01155	0.01363	0.01016	0.01572	0.00883	0.00821	0.01662	0.01405	0.02170	0.01406	0.01951	0.01254	0.00620	0.00536	0.00118	0.00508	0.06496	0.00417	0.73283
9	0.01582	0.01511	0.02538	0.03807	0.65772	0.01501	0.01919	0.01960	0.01528	0.02158	0.01764	0.02095	0.07485	0.00698	0.00676	0.00202	0.00756	0.00672	0.00358	0.01018
10	0.01367	0.03320	0.66693	0.01995	0.02959	0.01571	0.08577	0.02127	0.01432	0.02127	0.01218	0.01452	0.00865	0.00631	0.00651	0.00214	0.01004	0.00523	0.00288	0.00984
11	0.07604	0.02518	0.01750	0.01558	0.01902	0.47017	0.01191	0.12407	0.01950	0.04225	0.01398	0.08075	0.01244	0.00852	0.00683	0.00194	0.03580	0.00599	0.00436	0.00816
12	0.02845	0.08086	0.01790	0.01232	0.01758	0.01269	0.01036	0.11188	0.02019	0.58013	0.02367	0.02093	0.01526	0.00804	0.00652	0.00201	0.00604	0.00638	0.00762	0.01116
13	0.00832	0.00599	0.00789	0.00914	0.00974	0.00556	0.00620	0.00975	0.01366	0.01832	0.11888	0.65076	0.07086	0.02001	0.00846	0.00264	0.00379	0.01808	0.00637	0.00556
14	0.01118	0.00762	0.00848	0.00805	0.00854	0.00780	0.00485	0.07228	0.01173	0.01566	0.02069	0.04139	0.02322	0.69569	0.03167	0.00610	0.00658	0.00942	0.00431	0.00473
15	0.01472	0.01399	0.02339	0.23620	0.46821	0.01472	0.01864	0.01863	0.01476	0.02024	0.01744	0.02131	0.07438	0.00718	0.00678	0.00209	0.00783	0.00672	0.00349	0.00929
16	0.01377	0.01305	0.02212	0.54993	0.23572	0.01520	0.01918	0.01811	0.01394	0.01848	0.01212	0.01753	0.00942	0.00650	0.00669	0.00217	0.00867	0.00597	0.00308	0.00834
17	0.00848	0.00657	0.00705	0.00732	0.00913	0.00571	0.00534	0.01028	0.01492	0.01903	0.09281	0.19270	0.49209	0.01675	0.00776	0.00228	0.00346	0.01427	0.07833	0.00571
18	0.00839	0.00600	0.00802	0.00949	0.00999	0.00562	0.00651	0.00976	0.01326	0.01772	0.06591	0.68857	0.04484	0.02056	0.00858	0.00272	0.00400	0.05826	0.00627	0.00553
19	0.01517	0.01448	0.02465	0.29855	0.47617	0.01557	0.01988	0.01934	0.01460	0.02018	0.01237	0.01707	0.01002	0.00624	0.00667	0.00208	0.00833	0.00597	0.00320	0.00947
20	0.01289	0.00662	0.00666	0.00652	0.00820	0.00668	0.00493	0.03565	0.01458	0.02552	0.02172	0.02476	0.01703	0.00782	0.00475	0.00158	0.00325	0.00625	0.77819	0.00640
21	0.00959	0.00719	0.01078	0.01078	0.01198	0.00839	0.00839	0.01198	0.01078	0.01558	0.01797	0.02636	0.01677	0.05032	0.73760	0.01078	0.01797	0.00719	0.00359	0.00599
22	0.01346	0.03471	0.72942	0.01912	0.02904	0.01558	0.02479	0.02125	0.01417	0.02125	0.01204	0.01417	0.00850	0.00637	0.00637	0.00212	0.00992	0.00496	0.00283	0.00992
23	0.01352	0.01303	0.02065	0.04873	0.02031	0.01599	0.12296	0.01611	0.01258	0.01795	0.01729	0.07826	0.01777	0.01262	0.01549	0.00282	0.39243	0.15031	0.00392	0.00724
24	0.01661	0.01594	0.02724	0.04119	0.72233	0.01594	0.02059	0.02059	0.01528	0.02192	0.01262	0.01661	0.01063	0.00598	0.00664	0.00199	0.00797	0.00598	0.00332	0.01063
25	0.01551	0.01758	0.03824	0.02747	0.03399	0.01648	0.66853	0.02098	0.01571	0.02131	0.01457	0.04966	0.01164	0.00631	0.00795	0.00228	0.01100	0.00839	0.00351	0.00890
26	0.00959	0.00715	0.01060	0.01060	0.01173	0.00829	0.00816	0.01186	0.01073	0.01544	0.01814	0.02730	0.01718	0.08863	0.69985	0.01055	0.01736	0.00733	0.00362	0.00589
27	0.01640	0.01573	0.02685	0.07911	0.68606	0.01589	0.02049	0.02041	0.01518	0.02166	0.01258	0.01668	0.01054	0.00602	0.00665	0.00201	0.00802	0.00598	0.00330	0.01046
28	0.02477	0.03137	0.01888	0.01716	0.02063	0.71213	0.01288	0.02710	0.04311	0.01683	0.01096	0.01255	0.00906	0.00699	0.00608	0.00175	0.01186	0.00444	0.00357	0.00788
29	0.81159	0.01298	0.00986	0.00882	0.01298	0.01505	0.00727	0.01972	0.01142	0.03010	0.00934	0.01090	0.00727	0.00623	0.00415	0.00208	0.00519	0.00363	0.00415	0.00727
30	0.00817	0.00587	0.00776	0.00927	0.00971	0.00546	0.00620	0.00935	0.01292	0.01716	0.03788	0.73962	0.06398	0.02090	0.00855	0.00271	0.00388	0.01893	0.00623	0.00546
31	0.01661	0.01594	0.02724	0.04119	0.72233	0.01594	0.02059	0.02059	0.01528	0.02192	0.01262	0.01661	0.01063	0.00598	0.00664	0.00199	0.00797	0.00598	0.00332	0.01063
32	0.00931	0.00632	0.00745	0.00789	0.00799	0.00621	0.00467	0.00964	0.01062	0.01416	0.02558	0.24457	0.03000	0.55589	0.02698	0.00545	0.00577	0.01237	0.00467	0.00445
33	0.02994	0.01168	0.01574	0.01206	0.01726	0.01025	0.00997	0.05665	0.01965	0.70240	0.02610	0.02260	0.01642	0.00830	0.00675	0.00207	0.00577	0.00672	0.00825	0.01142
34	0.01661	0.01594	0.02724	0.04119	0.72233	0.01594	0.02059	0.02059	0.01528	0.02192	0.01262	0.01661	0.01063	0.00598	0.00664	0.00199	0.00797	0.00598	0.00332	0.01063
35	0.01584	0.01810	0.03959	0.02828	0.03507	0.01697	0.69796	0.02149	0.01584	0.02149	0.01357	0.01810	0.01018	0.00566	0.00792	0.00226	0.01131	0.00792	0.00339	0.00905
36	0.00793	0.00680	0.00680	0.00680	0.00906	0.00566	0.00510	0.00963	0.01529	0.01813	0.06797	0.06457	0.71961	0.01699	0.00793	0.00227	0.00340	0.01416	0.00623	0.00566
37	0.00818	0.00584	0.00779	0.00934	0.00973	0.00545	0.00623	0.00934	0.01285	0.01713	0.03698	0.75981	0.04438	0.02102	0.00856	0.00273	0.00389	0.01908	0.00623	0.00545
38	0.04529	0.01796	0.01909	0.01499	0.02008	0.02002	0.01228	0.57910	0.13578	0.03976	0.01766	0.01735	0.01270	0.00817	0.00666	0.00206	0.00700	0.00621	0.00666	0.01118
39	0.02506	0.03198	0.01901	0.01729	0.02074	0.73725	0.01296	0.02679	0.01901	0.01642	0.01037	0.01210	0.00864	0.00691	0.00605	0.00173	0.01210	0.00432	0.00346	0.00778
40	0.01391	0.01193	0.01391	0.00994	0.01590	0.00894	0.00795	0.01690	0.01391	0.02186	0.01193	0.01391	0.00994	0.00497	0.00497	0.00099	0.00497	0.00398	0.00398	0.80521
41	0.01646	0.01580	0.02698	0.06703	0.69761	0.01590	0.02052	0.02047	0.01521	0.02175	0.01260	0.01665	0.01057	0.00601	0.00665	0.00200	0.00801	0.00598	0.00331	0.01051
42	0.00983	0.00678	0.00870	0.00870	0.00929	0.00727	0.00590	0.01100	0.01042	0.01472	0.01986	0.03559	0.02084	0.42656	0.32528	0.00802	0.01110	0.00850	0.04665	0.00498
43	0.02230	0.01436	0.01612	0.01349	0.01779	0.03272	0.01100	0.23153	0.20385	0.21665	0.02415	0.02757	0.01854	0.00963	0.00699	0.00221	0.00626	0.08778	0.02670	0.01035
44	0.01359	0.05601	0.70927	0.01890	0.02870	0.01590	0.02440	0.02122	0.01415	0.02109	0.01196	0.01407	0.00850	0.00636	0.00631	0.00210	0.00984	0.00492	0.00283	0.00988
45	0.01468	0.01468	0.02055	0.01762	0.01762	0.02055	0.01468	0.01615	0.01028	0.01615	0.00881	0.01468	0.00881	0.01174	0.02202	0.00294	0.75191	0.00587	0.00294	0.00734
46	0.81159	0.01298	0.00986	0.00882	0.01298	0.01505	0.00727	0.01972	0.01142	0.03010	0.00934	0.01090	0.00727	0.00623	0.00415	0.00208	0.00519	0.00363	0.00415	0.00727
47	0.01346	0.03471	0.72942	0.01912	0.02904	0.01558	0.02479	0.02125	0.01417	0.02125	0.01204	0.01417	0.00850	0.00637	0.00637	0.00212	0.00992	0.00496	0.00283	0.00992
48	0.01669	0.01441	0.01517	0.01365	0.01745	0.01669	0.01062	0.03565	0.71021	0.02807	0.02731	0.02503	0.02048	0.00910	0.00683	0.00228	0.00531	0.00759	0.00683	0.01062
49	0.00818	0.00584	0.00779	0.00934	0.00973	0.00545	0.00623	0.00934	0.01285	0.01713	0.03698	0.75981	0.04438	0.02102	0.00856	0.00273	0.00389	0.01908	0.00623	0.00545
50	0.03010	0.01142	0.01557	0.01194	0.01713	0.00986	0.00986	0.03270	0.01920	0.72698	0.02647	0.02284	0.01661	0.00830	0.00675	0.00208	0.00571	0.00675	0.00830	0.01142
51	0.01081	0.00772	0.01081	0.01236	0.01390	0.00772	0.01081	0.01390	0.01545	0.02008	0.03553	0.07569	0.03862	0.01854	0.00927	0.00309	0.00618	0.67717	0.00618	0.00618
52	0.01661	0.01594	0.02724	0.04119	0.72233	0.01594	0.02059	0.02059	0.01528	0.02192	0.01262	0.01661	0.01063	0.00598	0.00664	0.00199	0.00797	0.00598	0.00332	0.01063
53	0.81159	0.01298	0.00986	0.00882	0.01298	0.01505	0.00727	0.01972	0.01142	0.03010	0.00934	0.01090	0.00727	0.00623	0.00415	0.00208	0.00519	0.00363	0.00415	0.00727
54	0.00818	0.00584	0.00779	0.00934	0.00973	0.00545	0.00623	0.00934	0.01285	0.01713	0.03698	0.75981	0.04438	0.02102	0.00856	0.00273	0.00389	0.01908	0.00623	0.00545
55	0.01632	0.01409	0.01482	0.01336	0.01709	0.01622	0.01039	0.03455	0.68064	0.02765	0.02904	0.02672	0.05023	0.00944	0.00687	0.00228	0.00523	0.00787	0.00680	0.01041
56	0.00818	0.00584	0.00779	0.00934	0.00973	0.00545	0.00623	0.00934	0.01285	0.01713	0.03698	0.75981	0.04438	0.02102	0.00856	0.00273	0.00389	0.01908	0.00623	0.00545
57	0.02506	0.03198	0.01901	0.01729	0.02074	0.73725	0.01296	0.02679	0.01901	0.01642	0.01037	0.01210	0.00864	0.00691	0.00605	0.00173	0.01210	0.00432	0.00346	0.00778
58	0.16478	0.00753	0.00694	0.00674	0.00880	0.00793	0.00518	0.01641	0.01357	0.02599	0.01950	0.02233	0.01531	0.00751	0.00459	0.00166	0.00352	0.00575	0.64950	0.00645
59	0.00826	0.00590	0.00788	0.00943	0.00986	0.00552	0.00637	0.00948	0.01293	0.01722	0.03694	0.73890	0.04420	0.02095	0.00859	0.00274	0.00396	0.03918	0.00623	0.00547
60	0.76938	0.01400	0.01035	0.00928	0.01339	0.05380	0.00757	0.02010	0.01183	0.02937	0.00940	0.01096	0.00734	0.00627	0.00425	0.00206	0.00556	0.00367	0.00412	0.00729
61	0.01267	0.01193	0.02013	0.74806	0.04621	0.01491	0.01863	0.01714	0.01342	0.01714	0.01193	0.01789	0.00894	0.00671	0.00671	0.00224	0.00894	0.00596	0.00298	0.00745
62	0.01586	0.01518	0.02588	0.17589	0.59349	0.01575	0.02022	0.01994	0.01492	0.02101	0.01249	0.01685	0.01031	0.00612	0.00666	0.00204	0.00816	0.00598	0.00326	0.01002
63	0.01413	0.14519	0.62486	0.01797	0.02726	0.01723	0.02279	0.02108	0.01409	0.02043	0.01163	0.01365	0.00852	0.00628	0.00606	0.00202	0.00950	0.00475	0.00284	0.00972
64	0.01346	0.03471	0.72942	0.01912	0.02904	0.01558	0.02479	0.02125	0.01417	0.02125	0.01204	0.01417	0.00850	0.00637	0.00637	0.00212	0.00992	0.00496	0.00283	0.00992
65	0.03010	0.01142	0.01557	0.01194	0.01713	0.00986	0.00986	0.03270	0.01920	0.72698	0.02647	0.02284	0.01661	0.00830	0.00675	0.00208	0.00571	0.00675	0.00830	0.01142
66	0.00959	0.00719	0.01078	0.01078	0.01198	0.00839	0.00839	0.01198	0.01078	0.01558	0.01797	0.02636	0.01677	0.05032	0.73760	0.01078	0.01797	0.00719	0.00359	0.00599
67	0.01601	0.35022	0.29360	0.02000	0.15602	0.02042	0.01820	0.02062	0.01415	0.01900	0.01097	0.01315	0.00895	0.00602	0.00553	0.00180	0.00835	0.00456	0.00294	0.00948
68	0.01151	0.01002	0.01448	0.01337	0.01411	0.01299	0.01077	0.01356	0.01059	0.01579	0.01451	0.02194	0.01376	0.03573	0.46699	0.00782	0.29552	0.00669	0.00335	0.00650
69	0.00950	0.00686	0.00897	0.00844	0.01002	0.00633	0.00633	0.01266	0.01899	0.02691	0.71879	0.05012	0.06331	0.01372	0.00791	0.00211	0.00317	0.01213	0.00739	0.00633
70	0.01303	0.01229	0.02077	0.68403	0.10746	0.01500	0.01881	0.01746	0.01359	0.01758	0.01199	0.01777	0.00910	0.00664	0.00670	0.00221	0.00886	0.00596	0.00301	0.00774
71	0.01181	0.01077	0.01777	0.60729	0.03926	0.01311	0.01627	0.01566	0.01331	0.01714	0.01670	0.15927	0.01570	0.00944	0.00706	0.00233	0.00798	0.00846	0.00360	0.00707
72	0.81159	0.01298	0.00986	0.00882	0.01298	0.01505	0.00727	0.01972	0.01142	0.03010	0.00934	0.01090	0.00727	0.00623	0.00415	0.00208	0.00519	0.00363	0.00415	0.00727
73	0.00818	0.00584	0.00779	0.00934	0.00973	0.00545	0.00623	0.00934	0.01285	0.01713	0.03698	0.75981	0.04438	0.02102	0.00856	0.00273	0.00389	0.01908	0.00623	0.00545
74	0.01267	0.01193	0.02013	0.74806	0.04621	0.01491	0.01863	0.01714	0.01342	0.01714	0.01193	0.01789	0.00894	0.00671	0.00671	0.00224	0.00894	0.00596	0.00298	0.00745
75	0.02464	0.03130	0.01905	0.04216	0.02161	0.71267	0.01316	0.02647	0.01882	0.01645	0.01042	0.01230	0.00865	0.00691	0.00607	0.00175	0.01199	0.00438	0.00344	0.00777
76	0.01819	0.74349	0.03466	0.01161	0.01734	0.02636	0.01152	0.04254	0.01423	0.01666	0.00955	0.01094	0.00870	0.00582	0.00438	0.00145	0.00718	0.00367	0.00300	0.00870
77	0.00818	0.00584	0.00779	0.00934	0.00973	0.00545	0.00623	0.00934	0.01285	0.01713	0.03698	0.75981	0.04438	0.02102	0.00856	0.00273	0.00389	0.01908	0.00623	0.00545
78	0.01485	0.01503	0.02817	0.31089	0.25552	0.01585	0.22204	0.01953	0.01472	0.01994	0.01264	0.01755	0.00984	0.00616	0.00705	0.00217	0.00935	0.00655	0.00321	0.00893
79	0.02551	0.01879	0.02014	0.01544	0.02081	0.02081	0.01275	0.69996	0.03155	0.04229	0.01611	0.01611	0.01141	0.00805	0.00671	0.00201	0.00738	0.00604	0.00671	0.01141
80	0.01498	0.01453	0.01983	0.01672	0.01754	0.01932	0.01389	0.04007	0.01141	0.01767	0.00940	0.01465	0.00902	0.01089	0.01966	0.00270	0.64586	0.00567	0.00318	0.09304

[dist]
# distance from previous block
# <min> <max>
0	10

[block]
# block no. 1 follows, 32 sequences, length 88
# corresponding to MSA columns:
# 158-202,210-252
name=unknown_B
#
# <colnr> <probs for GDERKNQSTAVLIFYWHMCP>
#	G	D	E	R	K	N	Q	S	T	A	V	L	I	F	Y	W	H	M	C	P
0	0.01267	0.01193	0.02013	0.74806	0.04621	0.01491	0.01863	0.01714	0.01342	0.01714	0.01193	0.01789	0.00894	0.00671	0.00671	0.00224	0.00894	0.00596	0.00298	0.00745
1	0.02569	0.01850	0.01995	0.01530	0.02066	0.02036	0.01264	0.67294	0.03105	0.07001	0.01653	0.01638	0.01162	0.00806	0.00671	0.00202	0.00732	0.00607	0.00678	0.01141
2	0.01794	0.76823	0.03516	0.01148	0.01722	0.02655	0.01148	0.02009	0.01363	0.01579	0.00933	0.01076	0.00861	0.00574	0.00431	0.00144	0.00718	0.00359	0.00287	0.00861
3	0.01661	0.01594	0.02724	0.04119	0.72233	0.01594	0.02059	0.02059	0.01528	0.02192	0.01262	0.01661	0.01063	0.00598	0.00664	0.00199	0.00797	0.00598	0.00332	0.01063
4	0.01636	0.01560	0.02654	0.03997	0.69246	0.01560	0.02018	0.02031	0.01529	0.02184	0.01359	0.01910	0.01181	0.00651	0.00675	0.00204	0.00790	0.03428	0.00344	0.01044
5	0.00959	0.00719	0.01078	0.01078	0.01198	0.00839	0.00839	0.01198	0.01078	0.01558	0.01797	0.02636	0.01677	0.05032	0.73760	0.01078	0.01797	0.00719	0.00359	0.00599
6	0.01779	0.74317	0.05887	0.01174	0.01763	0.02618	0.01194	0.02013	0.01365	0.01597	0.00942	0.01088	0.00861	0.00576	0.00438	0.00146	0.00727	0.00363	0.00287	0.00866
7	0.01346	0.03471	0.72942	0.01912	0.02904	0.01558	0.02479	0.02125	0.01417	0.02125	0.01204	0.01417	0.00850	0.00637	0.00637	0.00212	0.00992	0.00496	0.00283	0.00992
8	0.06673	0.01149	0.01530	0.01179	0.01693	0.01011	0.00974	0.03209	0.01884	0.69432	0.02567	0.02228	0.01617	0.00821	0.00663	0.00208	0.00569	0.00660	0.00811	0.01122
9	0.00793	0.00680	0.00680	0.00680	0.00906	0.00566	0.00510	0.00963	0.01529	0.01813	0.06797	0.06457	0.71961	0.01699	0.00793	0.00227	0.00340	0.01416	0.00623	0.00566
10	0.01661	0.01594	0.02724	0.04119	0.72233	0.01594	0.02059	0.02059	0.01528	0.02192	0.01262	0.01661	0.01063	0.00598	0.00664	0.00199	0.00797	0.00598	0.00332	0.01063
11	0.01251	0.00625	0.00625	0.00625	0.00782	0.00625	0.00469	0.01563	0.01407	0.02502	0.02189	0.02502	0.01720	0.00782	0.00469	0.00156	0.00313	0.00625	0.80144	0.00625
12	0.00959	0.00719	0.01078	0.01078	0.01198	0.00839	0.00839	0.01198	0.01078	0.01558	0.01797	0.02636	0.01677	0.05032	0.73760	0.01078	0.01797	0.00719	0.00359	0.00599
13	0.01267	0.01193	0.02013	0.74806	0.04621	0.01491	0.01863	0.01714	0.01342	0.01714	0.01193	0.01789	0.00894	0.00671	0.00671	0.00224	0.00894	0.00596	0.00298	0.00745
14	0.02506	0.03198	0.01901	0.01729	0.02074	0.73725	0.01296	0.02679	0.01901	0.01642	0.01037	0.01210	0.00864	0.00691	0.00605	0.00173	0.01210	0.00432	0.00346	0.00778
15	0.03010	0.01142	0.01557	0.01194	0.01713	0.00986	0.00986	0.03270	0.01920	0.72698	0.02647	0.02284	0.01661	0.00830	0.00675	0.00208	0.00571	0.00675	0.00830	0.01142
16	0.00818	0.00584	0.00779	0.00934	0.00973	0.00545	0.00623	0.00934	0.01285	0.01713	0.03698	0.75981	0.04438	0.02102	0.00856	0.00273	0.00389	0.01908	0.00623	0.00545
17	0.01661	0.01594	0.02724	0.04119	0.72233	0.01594	0.02059	0.02059	0.01528	0.02192	0.01262	0.01661	0.01063	0.00598	0.00664	0.00199	0.00797	0.00598	0.00332	0.01063
18	0.01168	0.00584	0.00865	0.00865	0.00871	0.00584	0.00579	0.00898	0.00893	0.01212	0.01201	0.02056	0.01185	0.02277	0.02547	0.77679	0.00573	0.00584	0.03074	0.00303
19	0.01490	0.27116	0.50563	0.01666	0.02523	0.01912	0.02050	0.02088	0.01399	0.01949	0.01117	0.01307	0.00854	0.00617	0.00571	0.00190	0.00903	0.00452	0.00285	0.00950
20	0.01661	0.01594	0.02724	0.04119	0.72233	0.01594	0.02059	0.02059	0.01528	0.02192	0.01262	0.01661	0.01063	0.00598	0.00664	0.00199	0.00797	0.00598	0.00332	0.01063
21	0.01743	0.68500	0.11394	0.01235	0.01856	0.02531	0.01299	0.02022	0.01369	0.01641	0.00964	0.01115	0.00860	0.00581	0.00454	0.00151	0.00749	0.00374	0.00287	0.00876
22	0.02506	0.03198	0.01901	0.01729	0.02074	0.73725	0.01296	0.02679	0.01901	0.01642	0.01037	0.01210	0.00864	0.00691	0.00605	0.00173	0.01210	0.00432	0.00346	0.00778
23	0.00816	0.00664	0.00726	0.00762	0.00944	0.00573	0.00562	0.00987	0.01494	0.01837	0.08763	0.20969	0.52326	0.01776	0.00812	0.00239	0.00360	0.04195	0.00628	0.00567
24	0.01584	0.01810	0.03959	0.02828	0.03507	0.01697	0.69796	0.02149	0.01584	0.02149	0.01357	0.01810	0.01018	0.00566	0.00792	0.00226	0.01131	0.00792	0.00339	0.00905
25	0.00793	0.00680	0.00680	0.00680	0.00906	0.00566	0.00510	0.00963	0.01529	0.01813	0.06797	0.06457	0.71961	0.01699	0.00793	0.00227	0.00340	0.01416	0.00623	0.00566
26	0.00818	0.00584	0.00779	0.00934	0.00973	0.00545	0.00623	0.00934	0.01285	0.01713	0.03698	0.75981	0.04438	0.02102	0.00856	0.00273	0.00389	0.01908	0.00623	0.00545
27	0.01339	0.01266	0.02142	0.61928	0.16940	0.01510	0.01899	0.01777	0.01376	0.01801	0.01205	0.01766	0.00925	0.00658	0.00670	0.00219	0.00877	0.00597	0.00304	0.00803
28	0.01794	0.76823	0.03516	0.01148	0.01722	0.02655	0.01148	0.02009	0.01363	0.01579	0.00933	0.01076	0.00861	0.00574	0.00431	0.00144	0.00718	0.00359	0.00287	0.00861
29	0.00818	0.00584	0.00779	0.00934	0.00973	0.00545	0.00623	0.00934	0.01285	0.01713	0.03698	0.75981	0.04438	0.02102	0.00856	0.00273	0.00389	0.01908	0.00623	0.00545
30	0.02551	0.01879	0.02014	0.01544	0.02081	0.02081	0.01275	0.69996	0.03155	0.04229	0.01611	0.01611	0.01141	0.00805	0.00671	0.00201	0.00738	0.00604	0.00671	0.01141
31	0.00818	0.00584	0.00779	0.00934	0.00973	0.00545	0.00623	0.00934	0.01285	0.01713	0.03698	0.75981	0.04438	0.02102	0.00856	0.00273	0.00389	0.01908	0.00623	0.00545
32	0.00818	0.00584	0.00779	0.00934	0.00973	0.00545	0.00623	0.00934	0.01285	0.01713	0.03698	0.75981	0.04438	0.02102	0.00856	0.00273	0.00389	0.01908	0.00623	0.00545
33	0.01584	0.01810	0.03959	0.02828	0.03507	0.01697	0.69796	0.02149	0.01584	0.02149	0.01357	0.01810	0.01018	0.00566	0.00792	0.00226	0.01131	0.00792	0.00339	0.00905
34	0.00793	0.00680	0.00680	0.00680	0.00906	0.00566	0.00510	0.00963	0.01529	0.01813	0.06797	0.06457	0.71961	0.01699	0.00793	0.00227	0.00340	0.01416	0.00623	0.00566
35	0.01578	0.01794	0.03870	0.02778	0.03425	0.01714	0.66594	0.02124	0.01558	0.02124	0.01335	0.01794	0.01012	0.00594	0.00858	0.00229	0.04602	0.00782	0.00337	0.00897
36	0.01069	0.00763	0.01067	0.01222	0.01371	0.00762	0.01060	0.01369	0.01532	0.01994	0.03559	0.10775	0.03889	0.01865	0.00923	0.00307	0.00607	0.64633	0.00618	0.00614
37	0.04170	0.01196	0.01975	0.72120	0.04501	0.01491	0.01822	0.01724	0.01334	0.01761	0.01183	0.01764	0.00888	0.00669	0.00662	0.00223	0.00881	0.00588	0.00302	0.00745
38	0.01794	0.76823	0.03516	0.01148	0.01722	0.02655	0.01148	0.02009	0.01363	0.01579	0.00933	0.01076	0.00861	0.00574	0.00431	0.00144	0.00718	0.00359	0.00287	0.00861
39	0.00818	0.00584	0.00779	0.00934	0.00973	0.00545	0.00623	0.00934	0.01285	0.01713	0.03698	0.75981	0.04438	0.02102	0.00856	0.00273	0.00389	0.01908	0.00623	0.00545
40	0.01384	0.09695	0.67051	0.01848	0.02804	0.01651	0.02366	0.02115	0.01412	0.02079	0.01181	0.01388	0.00851	0.00632	0.00620	0.00207	0.00968	0.00484	0.00284	0.00981
41	0.81159	0.01298	0.00986	0.00882	0.01298	0.01505	0.00727	0.01972	0.01142	0.03010	0.00934	0.01090	0.00727	0.00623	0.00415	0.00208	0.00519	0.00363	0.00415	0.00727
42	0.00959	0.00719	0.01078	0.01078	0.01198	0.00839	0.00839	0.01198	0.01078	0.01558	0.01797	0.02636	0.01677	0.05032	0.73760	0.01078	0.01797	0.00719	0.00359	0.00599
43	0.01485	0.01415	0.02405	0.35752	0.41976	0.01548	0.01972	0.01905	0.01445	0.01978	0.01231	0.01718	0.00987	0.00631	0.00667	0.00210	0.00841	0.00597	0.00317	0.00921
44	0.01667	0.56044	0.23183	0.01365	0.02057	0.02344	0.01525	0.02042	0.01378	0.01733	0.01010	0.01173	0.00858	0.00592	0.00489	0.00163	0.00795	0.00398	0.00286	0.00898
45	0.01669	0.01441	0.01517	0.01365	0.01745	0.01669	0.01062	0.03565	0.71021	0.02807	0.02731	0.02503	0.02048	0.00910	0.00683	0.00228	0.00531	0.00759	0.00683	0.01062
46	0.01267	0.01193	0.02013	0.74806	0.04621	0.01491	0.01863	0.01714	0.01342	0.01714	0.01193	0.01789	0.00894	0.00671	0.00671	0.00224	0.00894	0.00596	0.00298	0.00745
47	0.01151	0.01008	0.01379	0.01291	0.01384	0.03466	0.01030	0.01362	0.01090	0.01576	0.01515	0.02262	0.01427	0.03809	0.51300	0.00829	0.22463	0.00673	0.00340	0.00643
48	0.01554	0.01722	0.03467	0.02552	0.03056	0.01789	0.52132	0.02011	0.01440	0.02011	0.01234	0.01722	0.00983	0.00723	0.01156	0.00244	0.20277	0.00739	0.00328	0.00861
49	0.00818	0.00584	0.00779	0.00934	0.00973	0.00545	0.00623	0.00934	0.01285	0.01713	0.03698	0.75981	0.04438	0.02102	0.00856	0.00273	0.00389	0.01908	0.00623	0.00545
50	0.00952	0.00641	0.00739	0.00762	0.00767	0.00635	0.00439	0.00970	0.01021	0.01362	0.02348	0.14963	0.02735	0.65444	0.03037	0.00595	0.00612	0.01113	0.00439	0.00427
51	0.01244	0.01002	0.01431	0.05151	0.13170	0.01039	0.01256	0.01757	0.09732	0.02112	0.03085	0.05693	0.05473	0.01476	0.00838	0.00274	0.00640	0.43316	0.00564	0.00747
52	0.00887	0.00636	0.00832	0.00965	0.01025	0.00607	0.00660	0.03407	0.01359	0.01811	0.03620	0.71259	0.04303	0.02048	0.00852	0.00271	0.00409	0.03857	0.00624	0.00568
53	0.01267	0.01193	0.02013	0.74806	0.04621	0.01491	0.01863	0.01714	0.01342	0.01714	0.01193	0.01789	0.00894	0.00671	0.00671	0.00224	0.00894	0.00596	0.00298	0.00745
54	0.01391	0.01193	0.01391	0.00994	0.01590	0.00894	0.00795	0.01690	0.01391	0.02186	0.01193	0.01391	0.00994	0.00497	0.00497	0.00099	0.00497	0.00398	0.00398	0.80521
55	0.02057	0.01534	0.01661	0.01398	0.01836	0.01714	0.01114	0.22256	0.44688	0.10496	0.02407	0.02229	0.01752	0.00872	0.00679	0.00218	0.00594	0.00706	0.00695	0.01093
56	0.01579	0.01796	0.03879	0.02783	0.03433	0.01712	0.66915	0.02127	0.01560	0.02127	0.01337	0.01796	0.01012	0.00591	0.00851	0.00229	0.04255	0.00783	0.00337	0.00898
57	0.01340	0.01287	0.02055	0.51239	0.06667	0.01654	0.01760	0.01701	0.01261	0.01706	0.01108	0.01693	0.00898	0.00810	0.01102	0.00242	0.21829	0.00594	0.00298	0.00756
58	0.02926	0.01123	0.01530	0.01180	0.01684	0.00972	0.00972	0.03188	0.01920	0.69834	0.05480	0.02395	0.01852	0.00853	0.00680	0.00208	0.00561	0.00697	0.00827	0.01121
59	0.02551	0.01879	0.02014	0.01544	0.02081	0.02081	0.01275	0.69996	0.03155	0.04229	0.01611	0.01611	0.01141	0.00805	0.00671	0.00201	0.00738	0.00604	0.00671	0.01141
60	0.01166	0.00583	0.00874	0.00874	0.00874	0.00583	0.00583	0.00874	0.00874	0.01166	0.01166	0.02040	0.01166	0.02331	0.02622	0.80478	0.00583	0.00583	0.00291	0.00291
61	0.00793	0.00680	0.00680	0.00680	0.00906	0.00566	0.00510	0.00963	0.01529	0.01813	0.06797	0.06457	0.71961	0.01699	0.00793	0.00227	0.00340	0.01416	0.00623	0.00566
62	0.81159	0.01298	0.00986	0.00882	0.01298	0.01505	0.00727	0.01972	0.01142	0.03010	0.00934	0.01090	0.00727	0.00623	0.00415	0.00208	0.00519	0.00363	0.00415	0.00727
63	0.00974	0.00658	0.00772	0.00772	0.00786	0.00672	0.00457	0.01002	0.00988	0.01331	0.02077	0.04187	0.02351	0.68114	0.11599	0.00700	0.00784	0.00946	0.00401	0.00429
64	0.05562	0.01170	0.01553	0.01194	0.01711	0.01037	0.00987	0.05306	0.01933	0.68277	0.02559	0.02224	0.01614	0.00823	0.00666	0.00207	0.00574	0.00662	0.00812	0.01128
65	0.01009	0.00749	0.00980	0.01096	0.01269	0.00721	0.00938	0.01283	0.01541	0.01959	0.04367	0.07290	0.20962	0.01815	0.00893	0.00288	0.00548	0.51068	0.00619	0.00605
66	0.02608	0.01788	0.01957	0.01500	0.02035	0.01945	0.01239	0.61691	0.03001	0.12751	0.01740	0.01695	0.01206	0.00809	0.00672	0.00202	0.00718	0.00613	0.00691	0.01141
67	0.00961	0.00711	0.01038	0.01038	0.01144	0.00817	0.00788	0.01172	0.01066	0.01528	0.01834	0.02840	0.01766	0.13338	0.65576	0.01029	0.01664	0.00749	0.00365	0.00577
68	0.01468	0.01468	0.02055	0.01762	0.01762	0.02055	0.01468	0.01615	0.01028	0.01615	0.00881	0.01468	0.00881	0.01174	0.02202	0.00294	0.75191	0.00587	0.00294	0.00734
69	0.00818	0.00584	0.00779	0.00934	0.00973	0.00545	0.00623	0.00934	0.01285	0.01713	0.03698	0.75981	0.04438	0.02102	0.00856	0.00273	0.00389	0.01908	0.00623	0.00545
70	0.00816	0.00590	0.00772	0.00918	0.00969	0.00546	0.00616	0.00936	0.01300	0.01719	0.03892	0.71639	0.08655	0.02077	0.00852	0.00270	0.00386	0.01877	0.00623	0.00546
71	0.39633	0.01635	0.07186	0.07702	0.20813	0.04169	0.05850	0.02024	0.01338	0.02518	0.01094	0.01373	0.00863	0.00620	0.00550	0.00207	0.00723	0.00485	0.00367	0.00852
72	0.01764	0.71966	0.08112	0.01199	0.01800	0.02582	0.01236	0.02017	0.01367	0.01615	0.00951	0.01099	0.00860	0.00578	0.00444	0.00148	0.00736	0.00368	0.00287	0.00870
73	0.00946	0.00704	0.01037	0.01052	0.01160	0.00804	0.00802	0.01165	0.01094	0.01563	0.01990	0.09693	0.01968	0.07347	0.64253	0.00986	0.01621	0.00842	0.00386	0.00587
74	0.01436	0.12052	0.56444	0.02077	0.10828	0.01694	0.02271	0.02103	0.01423	0.02067	0.01178	0.01404	0.00876	0.00625	0.00616	0.00203	0.00936	0.00491	0.00289	0.00984
75	0.05111	0.01214	0.01248	0.01284	0.01521	0.09472	0.01065	0.02002	0.15920	0.02171	0.03083	0.05439	0.05414	0.01460	0.00810	0.00269	0.00654	0.40541	0.00590	0.00732
76	0.03010	0.01142	0.01557	0.01194	0.01713	0.00986	0.00986	0.03270	0.01920	0.72698	0.02647	0.02284	0.01661	0.00830	0.00675	0.00208	0.00571	0.00675	0.00830	0.01142
77	0.01395	0.01464	0.01171	0.01217	0.01365	0.24855	0.00876	0.01542	0.01506	0.01708	0.02806	0.46827	0.03215	0.01618	0.00777	0.00242	0.00676	0.05583	0.00531	0.00627
78	0.02081	0.02029	0.02289	0.07309	0.32069	0.18909	0.01651	0.20755	0.02050	0.02588	0.01299	0.01548	0.01026	0.00682	0.00652	0.00195	0.00886	0.00560	0.00426	0.00996
79	0.00793	0.00680	0.00680	0.00680	0.00906	0.00566	0.00510	0.00963	0.01529	0.01813	0.06797	0.06457	0.71961	0.01699	0.00793	0.00227	0.00340	0.01416	0.00623	0.00566
80	0.00822	0.00587	0.00782	0.00931	0.00974	0.00548	0.00623	0.00945	0.01305	0.01745	0.05928	0.73661	0.04500	0.02078	0.00854	0.00270	0.00387	0.01885	0.00627	0.00548
81	0.01582	0.36507	0.36098	0.01522	0.02268	0.04974	0.01764	0.02065	0.01430	0.01878	0.03591	0.01382	0.01051	0.00637	0.00548	0.00180	0.00853	0.00457	0.00304	0.00911
82	0.01965	0.05060	0.06317	0.01362	0.01825	0.01580	0.01151	0.05701	0.46344	0.17356	0.02489	0.02288	0.01801	0.00856	0.00666	0.00218	0.00586	0.00700	0.00668	0.01068
83	0.00975	0.00653	0.00744	0.00744	0.00748	0.00657	0.00422	0.00984	0.00979	0.01310	0.02103	0.04329	0.02412	0.73879	0.05918	0.00666	0.00691	0.00967	0.00405	0.00413
84	0.01433	0.01314	0.01826	0.50723	0.03627	0.06057	0.01577	0.09722	0.01583	0.02006	0.01597	0.12525	0.01437	0.00896	0.00694	0.00225	0.00823	0.00777	0.00392	0.00765
85	0.01934	0.12738	0.02632	0.02321	0.18463	0.18369	0.13885	0.04458	0.12072	0.04529	0.01458	0.01647	0.01150	0.00671	0.00644	0.00195	0.00892	0.00588	0.00410	0.00944
86	0.02175	0.01859	0.02105	0.01665	0.02129	0.08655	0.09195	0.38470	0.14500	0.03268	0.01700	0.01832	0.01286	0.03174	0.00847	0.00225	0.04671	0.00647	0.00576	0.01021
87	0.01487	0.01577	0.03113	0.02248	0.02865	0.01422	0.48093	0.01957	0.01516	0.02131	0.01464	0.06397	0.01228	0.00646	0.00722	0.00197	0.00925	0.00763	0.00372	0.20875

[dist]
# distance from previous block
# <min> <max>
0	3

[block]
# block no. 2 follows, 32 sequences, length 22
# corresponding to MSA columns:
# 256-277
name=unknown_C
#
# <colnr> <probs for GDERKNQSTAVLIFYWHMCP>
#	G	D	E	R	K	N	Q	S	T	A	V	L	I	F	Y	W	H	M	C	P
0	0.07890	0.01030	0.01372	0.01693	0.17157	0.01022	0.01091	0.01634	0.06162	0.02205	0.09240	0.04701	0.18643	0.01288	0.00753	0.00237	0.00551	0.19587	0.00546	0.03196
1	0.12190	0.05777	0.23970	0.01380	0.01952	0.05592	0.01411	0.10884	0.09202	0.02477	0.02428	0.02561	0.13777	0.00911	0.00641	0.00212	0.00718	0.02570	0.00469	0.00878
2	0.01803	0.01330	0.01349	0.01126	0.01513	0.07231	0.00886	0.11368	0.14952	0.10171	0.06625	0.02209	0.01797	0.00792	0.00597	0.00176	0.00549	0.00633	0.18918	0.15975
3	0.01160	0.01017	0.01214	0.01163	0.01258	0.07046	0.00880	0.01331	0.01128	0.01531	0.01733	0.05533	0.01742	0.17271	0.41229	0.00777	0.12253	0.00770	0.00368	0.00596
4	0.01794	0.76823	0.03516	0.01148	0.01722	0.02655	0.01148	0.02009	0.01363	0.01579	0.00933	0.01076	0.00861	0.00574	0.00431	0.00144	0.00718	0.00359	0.00287	0.00861
5	0.00959	0.00719	0.01078	0.01078	0.01198	0.00839	0.00839	0.01198	0.01078	0.01558	0.01797	0.02636	0.01677	0.05032	0.73760	0.01078	0.01797	0.00719	0.00359	0.00599
6	0.01370	0.02695	0.47198	0.18983	0.12601	0.01548	0.02281	0.02022	0.01414	0.02039	0.01209	0.01535	0.00889	0.00640	0.00649	0.00213	0.00943	0.00533	0.00293	0.00945
7	0.01468	0.01468	0.02055	0.01762	0.01762	0.02055	0.01468	0.01615	0.01028	0.01615	0.00881	0.01468	0.00881	0.01174	0.02202	0.00294	0.75191	0.00587	0.00294	0.00734
8	0.02551	0.01879	0.02014	0.01544	0.02081	0.02081	0.01275	0.69996	0.03155	0.04229	0.01611	0.01611	0.01141	0.00805	0.00671	0.00201	0.00738	0.00604	0.00671	0.01141
9	0.01346	0.03471	0.72942	0.01912	0.02904	0.01558	0.02479	0.02125	0.01417	0.02125	0.01204	0.01417	0.00850	0.00637	0.00637	0.00212	0.00992	0.00496	0.00283	0.00992
10	0.00826	0.00588	0.00776	0.00923	0.00960	0.00551	0.00611	0.00937	0.01268	0.01691	0.03612	0.72106	0.04330	0.06125	0.00995	0.00293	0.00403	0.01857	0.00611	0.00538
11	0.00818	0.00584	0.00779	0.00934	0.00973	0.00545	0.00623	0.00934	0.01285	0.01713	0.03698	0.75981	0.04438	0.02102	0.00856	0.00273	0.00389	0.01908	0.00623	0.00545
12	0.00818	0.00584	0.00779	0.00934	0.00973	0.00545	0.00623	0.00934	0.01285	0.01713	0.03698	0.75981	0.04438	0.02102	0.00856	0.00273	0.00389	0.01908	0.00623	0.00545
13	0.00959	0.00719	0.01078	0.01078	0.01198	0.00839	0.00839	0.01198	0.01078	0.01558	0.01797	0.02636	0.01677	0.05032	0.73760	0.01078	0.01797	0.00719	0.00359	0.00599
14	0.01567	0.01925	0.08749	0.02764	0.03465	0.01687	0.65123	0.02148	0.01572	0.02148	0.01347	0.01783	0.01006	0.00571	0.00781	0.00225	0.01122	0.00771	0.00335	0.00911
15	0.02506	0.03198	0.01901	0.01729	0.02074	0.73725	0.01296	0.02679	0.01901	0.01642	0.01037	0.01210	0.00864	0.00691	0.00605	0.00173	0.01210	0.00432	0.00346	0.00778
16	0.01271	0.01125	0.01987	0.01706	0.02026	0.01093	0.22667	0.04939	0.01596	0.02116	0.02788	0.16078	0.02921	0.01435	0.00861	0.00272	0.00750	0.33114	0.00534	0.00723
17	0.00914	0.00684	0.00847	0.00806	0.00980	0.00618	0.00605	0.01196	0.01814	0.02489	0.56902	0.05345	0.21434	0.01447	0.00792	0.00215	0.00322	0.01260	0.00712	0.00618
18	0.00802	0.00644	0.00717	0.00775	0.00931	0.00558	0.00552	0.00952	0.01438	0.01775	0.05635	0.32539	0.46630	0.01850	0.00817	0.00244	0.00358	0.01600	0.00623	0.00558
19	0.01572	0.01480	0.02977	0.02181	0.02730	0.01370	0.46572	0.02033	0.01653	0.09659	0.10770	0.02752	0.09321	0.00814	0.00780	0.00222	0.00887	0.00898	0.00471	0.00860
20	0.01377	0.08564	0.68122	0.01859	0.02822	0.01634	0.02387	0.02117	0.01413	0.02087	0.01185	0.01393	0.00851	0.00633	0.00623	0.00208	0.00973	0.00486	0.00284	0.00983
21	0.02630	0.01752	0.01935	0.01483	0.02017	0.01892	0.01225	0.58482	0.02942	0.16043	0.01790	0.01727	0.01231	0.00810	0.00672	0.00202	0.00709	0.00616	0.00699	0.01141

[dist]
# distance from previous block
# <min> <max>
0	5

[block]
# block no. 3 follows, 32 sequences, length 99
# corresponding to MSA columns:
# 283-381
name=unknown_D
#
# <colnr> <probs for GDERKNQSTAVLIFYWHMCP>
#	G	D	E	R	K	N	Q	S	T	A	V	L	I	F	Y	W	H	M	C	P
0	0.68915	0.01414	0.01095	0.00976	0.01386	0.06067	0.00798	0.04029	0.01286	0.05071	0.01097	0.01356	0.00876	0.00678	0.00459	0.00208	0.00574	0.02527	0.00438	0.00751
1	0.01913	0.23958	0.12711	0.03841	0.05104	0.10779	0.10560	0.02274	0.01549	0.12496	0.01386	0.01555	0.01057	0.00669	0.00642	0.00188	0.03207	0.00531	0.04674	0.00906
2	0.01234	0.00931	0.01113	0.01093	0.01241	0.02798	0.00816	0.11786	0.01535	0.02098	0.02599	0.32077	0.02801	0.07410	0.15767	0.00443	0.03873	0.04270	0.05455	0.00661
3	0.01498	0.13552	0.31136	0.02355	0.15213	0.01712	0.17279	0.02046	0.01460	0.02042	0.01324	0.04942	0.01093	0.00672	0.00656	0.00206	0.00920	0.00626	0.00321	0.00945
4	0.01521	0.08198	0.24254	0.13458	0.11215	0.01673	0.24360	0.02079	0.01480	0.03580	0.01269	0.01622	0.00955	0.00613	0.00681	0.00212	0.00969	0.00613	0.00322	0.00927
5	0.03010	0.01142	0.01557	0.01194	0.01713	0.00986	0.00986	0.03270	0.01920	0.72698	0.02647	0.02284	0.01661	0.00830	0.00675	0.00208	0.00571	0.00675	0.00830	0.01142
6	0.00844	0.00601	0.00795	0.00928	0.00978	0.00564	0.00629	0.00976	0.01323	0.01773	0.08515	0.65120	0.04458	0.05604	0.00977	0.00287	0.00404	0.04055	0.00621	0.00547
7	0.01735	0.10855	0.12208	0.02629	0.26708	0.09257	0.13416	0.02209	0.03962	0.05081	0.04579	0.01747	0.01284	0.00661	0.00656	0.00198	0.00874	0.00609	0.00375	0.00956
8	0.01468	0.01468	0.02055	0.01762	0.01762	0.02055	0.01468	0.01615	0.01028	0.01615	0.00881	0.01468	0.00881	0.01174	0.02202	0.00294	0.75191	0.00587	0.00294	0.00734
9	0.00830	0.00593	0.00793	0.00948	0.00992	0.00555	0.00644	0.00955	0.01297	0.01726	0.03692	0.72821	0.04411	0.02091	0.00860	0.00274	0.00400	0.04947	0.00623	0.00548
10	0.01539	0.22554	0.12849	0.01764	0.11871	0.07331	0.04479	0.01972	0.05455	0.01972	0.07855	0.02341	0.10091	0.00848	0.00697	0.00195	0.04259	0.00673	0.00402	0.00855
11	0.01684	0.05927	0.12323	0.05132	0.42761	0.04603	0.06736	0.04035	0.01589	0.04264	0.03708	0.01723	0.01208	0.00645	0.00660	0.00200	0.00838	0.00601	0.00361	0.01000
12	0.01146	0.00841	0.01131	0.01075	0.01201	0.00983	0.00832	0.05263	0.01232	0.01833	0.01782	0.02603	0.01644	0.10383	0.45141	0.00775	0.08714	0.00709	0.12081	0.00630
13	0.05052	0.02161	0.15539	0.03978	0.06403	0.11439	0.24607	0.11160	0.01774	0.02415	0.03033	0.01712	0.01142	0.00668	0.00676	0.00206	0.00942	0.00630	0.05554	0.00907
14	0.12281	0.26427	0.09209	0.01316	0.01869	0.07116	0.01228	0.17258	0.01823	0.09197	0.01311	0.01405	0.01006	0.00782	0.02415	0.00202	0.00765	0.00473	0.00450	0.03466
15	0.01548	0.01753	0.03812	0.02741	0.03390	0.01644	0.66602	0.02093	0.01570	0.02129	0.01466	0.05235	0.01176	0.00637	0.00795	0.00228	0.01097	0.00843	0.00352	0.00888
16	0.00805	0.00684	0.00696	0.00703	0.00926	0.00575	0.00533	0.00980	0.01530	0.01821	0.06664	0.06503	0.69165	0.01706	0.00799	0.00230	0.00351	0.04139	0.00623	0.00569
17	0.01052	0.00632	0.00742	0.00768	0.00894	0.00607	0.00556	0.01314	0.01514	0.02348	0.22320	0.22473	0.03738	0.01295	0.00662	0.00202	0.00334	0.01128	0.36813	0.00607
18	0.01794	0.76823	0.03516	0.01148	0.01722	0.02655	0.01148	0.02009	0.01363	0.01579	0.00933	0.01076	0.00861	0.00574	0.00431	0.00144	0.00718	0.00359	0.00287	0.00861
19	0.01631	0.01558	0.02623	0.09466	0.64355	0.01589	0.02006	0.02090	0.04140	0.02178	0.01312	0.01702	0.01087	0.00615	0.00665	0.00202	0.00795	0.00604	0.00343	0.01038
20	0.00827	0.00612	0.00773	0.00878	0.00964	0.00558	0.00603	0.00975	0.01395	0.01835	0.11518	0.55687	0.17019	0.01951	0.00838	0.00258	0.00372	0.01744	0.00635	0.00558
21	0.02448	0.01425	0.01657	0.01338	0.01815	0.01486	0.01083	0.19916	0.25313	0.32369	0.02418	0.02190	0.01661	0.00851	0.00677	0.00213	0.00599	0.00685	0.00742	0.01115
22	0.00907	0.00677	0.00849	0.00826	0.00987	0.00619	0.00614	0.01174	0.01745	0.02392	0.50539	0.11155	0.19360	0.01625	0.03303	0.00249	0.00378	0.01296	0.00692	0.00611
23	0.01513	0.01703	0.10068	0.09823	0.42767	0.01516	0.11576	0.01960	0.01476	0.02086	0.01391	0.04866	0.01190	0.00873	0.04064	0.00250	0.00903	0.00676	0.00339	0.00961
24	0.01346	0.03471	0.72942	0.01912	0.02904	0.01558	0.02479	0.02125	0.01417	0.02125	0.01204	0.01417	0.00850	0.00637	0.00637	0.00212	0.00992	0.00496	0.00283	0.00992
25	0.01904	0.01699	0.01599	0.01414	0.01798	0.12148	0.01099	0.09928	0.48976	0.05611	0.02403	0.04740	0.01852	0.00906	0.00676	0.00218	0.00647	0.00732	0.00636	0.01014
26	0.01112	0.00795	0.01040	0.01072	0.01206	0.00830	0.00826	0.07506	0.01430	0.01918	0.02813	0.20806	0.04884	0.10449	0.18831	0.04213	0.00856	0.18283	0.00524	0.00606
27	0.72932	0.01281	0.01046	0.00915	0.01341	0.01451	0.00754	0.02109	0.01224	0.10346	0.01115	0.01216	0.00825	0.00645	0.00443	0.00208	0.00525	0.00396	0.00459	0.00770
28	0.01693	0.21047	0.14109	0.02638	0.30117	0.01847	0.08938	0.02181	0.04439	0.04969	0.01299	0.01550	0.01040	0.00618	0.00615	0.00192	0.00822	0.00551	0.00349	0.00987
29	0.00829	0.00601	0.00802	0.00935	0.00991	0.00573	0.00637	0.00960	0.01277	0.01703	0.03671	0.65863	0.07419	0.02354	0.07597	0.00345	0.00517	0.01774	0.00599	0.00551
30	0.01275	0.01090	0.01368	0.18929	0.02096	0.07258	0.01104	0.04789	0.01349	0.01838	0.01622	0.02245	0.01398	0.02922	0.38013	0.00648	0.01309	0.00649	0.09420	0.00679
31	0.00812	0.00607	0.00755	0.00873	0.00957	0.00550	0.00595	0.00941	0.01344	0.01737	0.04449	0.59128	0.20806	0.02005	0.00841	0.00261	0.00377	0.01788	0.00623	0.00550
32	0.01594	0.05194	0.18908	0.03155	0.41409	0.01590	0.09476	0.02077	0.01504	0.04078	0.01367	0.04145	0.01132	0.00660	0.00669	0.00206	0.00855	0.00632	0.00343	0.01005
33	0.00816	0.00588	0.00775	0.00924	0.00970	0.00546	0.00618	0.00935	0.01295	0.01717	0.03825	0.73126	0.07211	0.02086	0.00854	0.00271	0.00387	0.01887	0.00623	0.00546
34	0.23605	0.04730	0.07659	0.04096	0.25659	0.11160	0.08166	0.03609	0.01493	0.02345	0.01141	0.01420	0.00914	0.00622	0.00590	0.00200	0.00821	0.00514	0.00359	0.00899
35	0.01437	0.01526	0.02929	0.29740	0.03694	0.03597	0.36770	0.01917	0.01468	0.01929	0.01382	0.04184	0.01108	0.00872	0.04241	0.00266	0.01053	0.00740	0.00334	0.00815
36	0.01137	0.01111	0.05687	0.01237	0.01416	0.03479	0.05740	0.01343	0.01160	0.01607	0.01873	0.10495	0.01946	0.23086	0.24663	0.00618	0.09254	0.00873	0.00387	0.02889
37	0.01909	0.15840	0.19980	0.01838	0.11000	0.05640	0.01597	0.09752	0.07295	0.11411	0.01492	0.01597	0.01118	0.00711	0.00683	0.00197	0.04225	0.00539	0.00442	0.02736
38	0.01443	0.04550	0.42278	0.05659	0.23891	0.01571	0.04738	0.02052	0.01448	0.02103	0.01291	0.03641	0.01025	0.00664	0.00654	0.00209	0.00910	0.00579	0.00311	0.00983
39	0.03010	0.01142	0.01557	0.01194	0.01713	0.00986	0.00986	0.03270	0.01920	0.72698	0.02647	0.02284	0.01661	0.00830	0.00675	0.00208	0.00571	0.00675	0.00830	0.01142
40	0.04372	0.02006	0.31945	0.01362	0.01946	0.01162	0.01487	0.05021	0.01702	0.09585	0.24753	0.02974	0.06956	0.00967	0.00694	0.00212	0.00661	0.00803	0.00530	0.00862
41	0.12370	0.01557	0.05925	0.01851	0.10810	0.01432	0.14166	0.11804	0.04615	0.04470	0.08087	0.01910	0.01553	0.00701	0.00636	0.00190	0.00705	0.00627	0.00469	0.16121
42	0.00916	0.00746	0.00982	0.00899	0.01112	0.00679	0.04312	0.01176	0.01651	0.02182	0.33731	0.05267	0.34260	0.01784	0.07026	0.00293	0.00497	0.01237	0.00634	0.00616
43	0.00947	0.00693	0.00926	0.00926	0.01019	0.00750	0.00667	0.01103	0.01093	0.01503	0.02424	0.03595	0.09318	0.27337	0.43754	0.00853	0.01280	0.00874	0.00402	0.00535
44	0.04522	0.02412	0.30595	0.09503	0.18921	0.07421	0.06197	0.04955	0.01554	0.02179	0.01332	0.01808	0.01067	0.00696	0.00661	0.00212	0.00917	0.03764	0.00342	0.00940
45	0.04162	0.22941	0.32824	0.01553	0.02256	0.05523	0.03694	0.06291	0.01542	0.07054	0.01294	0.01548	0.01015	0.04715	0.00731	0.00214	0.00854	0.00505	0.00362	0.00923
46	0.00818	0.00584	0.00779	0.00934	0.00973	0.00545	0.00623	0.00934	0.01285	0.01713	0.03698	0.75981	0.04438	0.02102	0.00856	0.00273	0.00389	0.01908	0.00623	0.00545
47	0.00821	0.00634	0.00752	0.00835	0.00961	0.00565	0.00592	0.00974	0.01419	0.01801	0.07522	0.41903	0.32745	0.01898	0.00830	0.00252	0.00374	0.03936	0.00627	0.00560
