[name]
unknown

[dist]
# distance from previous block
# <min> <max>
9	72

[block]
# block no. 0 follows, 29 sequences, length 10
# corresponding to MSA columns:
# 82-91
name=unknown_A
#
# <colnr> <probs for GDERKNQSTAVLIFYWHMCP>
#	G	D	E	R	K	N	Q	S	T	A	V	L	I	F	Y	W	H	M	C	P
0	0.05760	0.06264	0.08100	0.02781	0.28810	0.01822	0.09077	0.16020	0.04462	0.02753	0.01481	0.01783	0.01174	0.01001	0.05372	0.00275	0.00928	0.00637	0.00442	0.01058
1	0.08267	0.13892	0.06010	0.01494	0.09188	0.01448	0.03747	0.05507	0.01612	0.07135	0.03594	0.02090	0.01513	0.01034	0.04929	0.00247	0.00696	0.00613	0.26115	0.00866
2	0.02009	0.02125	0.04492	0.08203	0.02197	0.26565	0.01268	0.10892	0.05944	0.04072	0.05887	0.09895	0.01843	0.00947	0.00693	0.00203	0.00871	0.00748	0.00503	0.10645
3	0.01384	0.01127	0.01207	0.01144	0.01400	0.05204	0.00868	0.12403	0.01801	0.02345	0.03489	0.29136	0.13027	0.04789	0.00935	0.00265	0.00572	0.08863	0.00615	0.09426
4	0.00991	0.00728	0.00917	0.01012	0.01088	0.00733	0.00686	0.01282	0.07633	0.01843	0.03396	0.50803	0.03896	0.14024	0.07090	0.00418	0.00592	0.01650	0.00608	0.00611
5	0.02277	0.02124	0.05967	0.01606	0.02102	0.14215	0.01331	0.24814	0.28788	0.06124	0.02090	0.02025	0.01542	0.00868	0.00703	0.00220	0.00793	0.00670	0.00639	0.01101
6	0.05963	0.01651	0.02368	0.02290	0.18202	0.01637	0.11033	0.18553	0.05220	0.10331	0.01647	0.01806	0.01229	0.00709	0.00685	0.00201	0.00774	0.00634	0.00533	0.14535
7	0.01851	0.18784	0.35993	0.01828	0.02639	0.05150	0.05995	0.15112	0.01885	0.02544	0.01302	0.01481	0.00976	0.00695	0.00644	0.00206	0.00956	0.00533	0.00388	0.01038
8	0.01440	0.03085	0.52825	0.02208	0.07402	0.01601	0.09673	0.02161	0.01497	0.02206	0.01359	0.01687	0.01019	0.01101	0.07372	0.00312	0.01135	0.00590	0.00318	0.01008
9	0.01164	0.01052	0.01794	0.12010	0.06265	0.01056	0.13415	0.01482	0.01511	0.02021	0.08868	0.25983	0.10438	0.01789	0.07496	0.00337	0.00790	0.01281	0.00522	0.00729

[dist]
# distance from previous block
# <min> <max>
0	28

[block]
# block no. 1 follows, 29 sequences, length 10
# corresponding to MSA columns:
# 120-129
name=unknown_B
#
# <colnr> <probs for GDERKNQSTAVLIFYWHMCP>
#	G	D	E	R	K	N	Q	S	T	A	V	L	I	F	Y	W	H	M	C	P
0	0.01473	0.01573	0.08329	0.12467	0.11058	0.02923	0.05539	0.02067	0.10063	0.02211	0.01893	0.13125	0.01740	0.00936	0.00757	0.00212	0.03134	0.00821	0.00453	0.19226
1	0.01270	0.00948	0.01154	0.01247	0.05903	0.00971	0.00864	0.05896	0.10069	0.02350	0.06461	0.19038	0.12820	0.05207	0.05597	0.00322	0.00590	0.05840	0.12707	0.00748
2	0.00981	0.01053	0.09660	0.01052	0.01290	0.00747	0.00894	0.01272	0.01636	0.02236	0.26304	0.32886	0.13863	0.01718	0.00847	0.00253	0.00460	0.01518	0.00657	0.00672
3	0.01832	0.04249	0.25173	0.21876	0.03370	0.01611	0.10653	0.06109	0.01701	0.14236	0.01579	0.01831	0.01107	0.00720	0.00711	0.00227	0.00942	0.00633	0.00438	0.01000
4	0.02488	0.02227	0.02087	0.06409	0.10832	0.24762	0.01445	0.20841	0.07235	0.12197	0.01675	0.01757	0.01235	0.00791	0.00690	0.00208	0.00925	0.00602	0.00554	0.01043
5	0.01860	0.01281	0.01548	0.10262	0.02019	0.01366	0.01101	0.22998	0.06540	0.11012	0.02803	0.19978	0.06903	0.05828	0.00950	0.00269	0.00645	0.01076	0.00651	0.00911
6	0.00996	0.00689	0.00856	0.00892	0.00925	0.00703	0.00567	0.01070	0.01127	0.01527	0.02546	0.19501	0.02899	0.46112	0.15870	0.00688	0.00858	0.01199	0.00472	0.00502
7	0.01629	0.06455	0.08906	0.22237	0.33551	0.01741	0.01976	0.02289	0.09998	0.02222	0.01486	0.01847	0.01176	0.00699	0.00691	0.00220	0.00852	0.00629	0.00381	0.01016
8	0.02061	0.01518	0.01536	0.01347	0.01700	0.09781	0.01039	0.20335	0.08390	0.14292	0.02841	0.23997	0.05458	0.01311	0.00771	0.00238	0.00663	0.01101	0.00683	0.00940
9	0.07052	0.00926	0.01156	0.01045	0.01330	0.00868	0.00822	0.02020	0.01728	0.23795	0.17793	0.06426	0.07697	0.10509	0.01134	0.00297	0.00530	0.10621	0.03442	0.00807

[dist]
# distance from previous block
# <min> <max>
0	3

[block]
# block no. 2 follows, 29 sequences, length 13
# corresponding to MSA columns:
# 133-145
name=unknown_C
#
# <colnr> <probs for GDERKNQSTAVLIFYWHMCP>
#	G	D	E	R	K	N	Q	S	T	A	V	L	I	F	Y	W	H	M	C	P
0	0.22720	0.01774	0.01831	0.01886	0.14618	0.08524	0.01268	0.25299	0.02133	0.03259	0.01454	0.01680	0.01133	0.02580	0.00688	0.00220	0.00745	0.00567	0.06641	0.00981
1	0.31872	0.11946	0.01978	0.12817	0.13143	0.01782	0.01291	0.08367	0.01575	0.02673	0.01538	0.01767	0.05147	0.00745	0.00578	0.00212	0.00701	0.00556	0.00427	0.00884
2	0.02507	0.08240	0.07865	0.01679	0.02184	0.26407	0.01434	0.23613	0.02302	0.10353	0.01481	0.01570	0.01105	0.00806	0.00764	0.00206	0.05395	0.00555	0.00521	0.01014
3	0.01913	0.01541	0.01851	0.01722	0.07452	0.01768	0.01259	0.26949	0.12293	0.02979	0.02014	0.10202	0.01820	0.08215	0.01313	0.00290	0.14018	0.00854	0.00579	0.00967
4	0.13964	0.07120	0.23450	0.06417	0.12821	0.01836	0.07291	0.14225	0.01819	0.02758	0.01315	0.01560	0.00990	0.00692	0.00652	0.00218	0.00882	0.00564	0.00411	0.01017
5	0.01947	0.05783	0.09264	0.09791	0.25221	0.01785	0.08727	0.12642	0.07459	0.07984	0.01619	0.01852	0.01221	0.00722	0.00707	0.00219	0.00857	0.00653	0.00470	0.01078
6	0.00956	0.00682	0.00743	0.00785	0.00937	0.00616	0.00552	0.01131	0.01472	0.01972	0.04972	0.23073	0.34117	0.09387	0.01087	0.00286	0.00403	0.01435	0.14804	0.00589
7	0.01954	0.01858	0.02370	0.05682	0.24580	0.09188	0.05668	0.11972	0.18457	0.02660	0.01721	0.01924	0.01349	0.00807	0.00840	0.00227	0.06527	0.00670	0.00492	0.01056
8	0.01584	0.02138	0.21796	0.17844	0.19709	0.01619	0.06677	0.04865	0.05204	0.02316	0.01404	0.01748	0.01075	0.00677	0.00692	0.00214	0.00903	0.00607	0.00372	0.08556
9	0.01765	0.21404	0.33759	0.02020	0.06739	0.04697	0.08905	0.08591	0.01712	0.02310	0.01260	0.01482	0.00967	0.00668	0.00642	0.00205	0.00965	0.00537	0.00353	0.01019
10	0.01877	0.32869	0.08745	0.09939	0.09379	0.13145	0.10584	0.02244	0.01587	0.01895	0.01157	0.01445	0.00961	0.00647	0.00608	0.00190	0.00955	0.00520	0.00328	0.00925
11	0.00896	0.00662	0.00845	0.00974	0.01067	0.00610	0.00691	0.01058	0.01458	0.01900	0.06476	0.53405	0.16412	0.02104	0.00903	0.00283	0.00427	0.08571	0.00664	0.00593
12	0.01361	0.01490	0.08396	0.05542	0.09091	0.06656	0.08178	0.01752	0.04016	0.02108	0.12487	0.12097	0.05751	0.12650	0.01233	0.00310	0.00748	0.04861	0.00506	0.00769

[dist]
# distance from previous block
# <min> <max>
0	11

[block]
# block no. 3 follows, 29 sequences, length 23
# corresponding to MSA columns:
# 157-179
name=unknown_D
#
# <colnr> <probs for GDERKNQSTAVLIFYWHMCP>
#	G	D	E	R	K	N	Q	S	T	A	V	L	I	F	Y	W	H	M	C	P
0	0.01747	0.06264	0.14689	0.08617	0.27869	0.01612	0.06385	0.05771	0.01707	0.08015	0.02058	0.02280	0.08257	0.00798	0.00711	0.00218	0.00837	0.00711	0.00434	0.01019
1	0.01626	0.01175	0.01499	0.01332	0.01506	0.01360	0.01038	0.06579	0.05997	0.11840	0.02655	0.16643	0.07856	0.11033	0.01653	0.00326	0.23480	0.01046	0.00561	0.00796
2	0.01237	0.00618	0.00928	0.00928	0.00928	0.00618	0.00618	0.00928	0.00928	0.01237	0.01237	0.02165	0.01237	0.02474	0.02783	0.79283	0.00618	0.00618	0.00309	0.00309
3	0.14412	0.01635	0.02092	0.09341	0.11770	0.01794	0.05946	0.29861	0.02222	0.03250	0.01557	0.03722	0.01236	0.01171	0.06619	0.00298	0.00884	0.00660	0.00526	0.01004
4	0.06308	0.18928	0.02349	0.01465	0.01971	0.06517	0.08116	0.10925	0.09024	0.10805	0.07176	0.02316	0.04484	0.00856	0.00659	0.00203	0.00733	0.01902	0.00552	0.04712
5	0.01436	0.01393	0.02249	0.10932	0.12147	0.01540	0.13725	0.01959	0.08576	0.02084	0.02513	0.02841	0.13323	0.01382	0.06998	0.00324	0.14433	0.00851	0.00437	0.00857
6	0.00933	0.00698	0.00877	0.00966	0.01099	0.00642	0.00720	0.01141	0.01581	0.02065	0.15197	0.34646	0.21405	0.01954	0.00894	0.00274	0.00431	0.13185	0.00680	0.00613
7	0.09831	0.34823	0.22517	0.01431	0.02110	0.02128	0.01544	0.07585	0.01644	0.02331	0.06881	0.01642	0.01403	0.00725	0.00571	0.00191	0.00790	0.00520	0.00391	0.00943
8	0.01835	0.31527	0.08382	0.06203	0.04237	0.06789	0.01347	0.04008	0.01566	0.04849	0.01210	0.01416	0.01000	0.00654	0.00620	0.00167	0.03601	0.00463	0.00375	0.19752
9	0.15730	0.07697	0.01985	0.14728	0.02424	0.07642	0.05189	0.09183	0.03068	0.12176	0.05138	0.02066	0.03732	0.00926	0.02218	0.00240	0.03797	0.00646	0.00509	0.00904
10	0.00896	0.00640	0.00859	0.01025	0.01079	0.00603	0.00711	0.01041	0.01392	0.01850	0.03909	0.67640	0.04646	0.02204	0.00917	0.00293	0.00438	0.08609	0.00660	0.00586
11	0.01847	0.01088	0.01424	0.01453	0.07214	0.01066	0.01004	0.07867	0.08761	0.21631	0.03100	0.34533	0.03021	0.01470	0.00802	0.00252	0.00551	0.01296	0.00708	0.00913
12	0.01804	0.02348	0.24185	0.02598	0.08836	0.01651	0.34059	0.02417	0.01667	0.11056	0.01557	0.01845	0.01117	0.00662	0.00763	0.00231	0.01050	0.00712	0.00408	0.01034
13	0.04363	0.00948	0.01180	0.05022	0.01434	0.01036	0.00850	0.11245	0.01514	0.02159	0.02165	0.13705	0.02181	0.16684	0.22024	0.05264	0.00995	0.00952	0.05609	0.00670
14	0.01100	0.00854	0.01015	0.00988	0.01175	0.00862	0.00727	0.01643	0.13594	0.02362	0.27676	0.14040	0.15461	0.07962	0.06986	0.00354	0.00551	0.01272	0.00674	0.00705
15	0.01681	0.01325	0.06038	0.01167	0.01518	0.04926	0.00964	0.02346	0.16218	0.14600	0.19216	0.03702	0.10088	0.07265	0.00983	0.00262	0.00565	0.00950	0.05316	0.00871
16	0.02039	0.17784	0.02660	0.13769	0.07872	0.27308	0.08478	0.02494	0.07321	0.01945	0.01308	0.01573	0.01059	0.00702	0.00647	0.00199	0.01017	0.00553	0.00373	0.00901
17	0.01028	0.00722	0.00937	0.00937	0.00993	0.00778	0.00632	0.01139	0.01083	0.01500	0.02097	0.03846	0.02236	0.44562	0.33554	0.00889	0.01222	0.00916	0.00410	0.00521
18	0.00896	0.00632	0.00818	0.00955	0.00989	0.00598	0.00622	0.00999	0.01307	0.01743	0.03636	0.62506	0.04345	0.14732	0.01376	0.00358	0.00461	0.01854	0.00622	0.00553
19	0.01267	0.00976	0.00915	0.00909	0.00992	0.08078	0.00601	0.01375	0.01272	0.01717	0.02267	0.04219	0.02400	0.47455	0.02516	0.00510	0.00682	0.06284	0.15033	0.00534
20	0.16360	0.01661	0.01855	0.07755	0.09597	0.07606	0.01370	0.12672	0.10078	0.02690	0.01622	0.02164	0.01368	0.01038	0.02666	0.00264	0.12579	0.05251	0.00486	0.00920
21	0.01659	0.03573	0.13678	0.12429	0.12429	0.10176	0.09179	0.03661	0.01636	0.02187	0.01632	0.01929	0.04798	0.00714	0.00673	0.00197	0.00887	0.00621	0.02256	0.15685
22	0.09831	0.05863	0.01755	0.01313	0.01803	0.06228	0.04641	0.07768	0.10885	0.08251	0.02072	0.07984	0.04385	0.00874	0.00642	0.00191	0.00649	0.00713	0.00543	0.23611

[dist]
# distance from previous block
# <min> <max>
1	18

[block]
# block no. 4 follows, 29 sequences, length 33
# corresponding to MSA columns:
# 201-233
name=unknown_E
#
# <colnr> <probs for GDERKNQSTAVLIFYWHMCP>
#	G	D	E	R	K	N	Q	S	T	A	V	L	I	F	Y	W	H	M	C	P
0	0.11559	0.01508	0.01524	0.01295	0.01682	0.09898	0.01022	0.02693	0.14381	0.20938	0.09840	0.02467	0.02107	0.03956	0.00910	0.00237	0.05847	0.00712	0.00632	0.06793
1	0.00910	0.00719	0.00819	0.00805	0.01006	0.00629	0.00599	0.01150	0.01769	0.02294	0.32446	0.09442	0.41514	0.01683	0.00844	0.00236	0.00353	0.01441	0.00711	0.00629
2	0.07472	0.14526	0.08575	0.01578	0.02123	0.15829	0.06492	0.02706	0.20133	0.02330	0.01629	0.01719	0.01278	0.00731	0.00624	0.00196	0.00830	0.00567	0.00459	0.10202
3	0.16693	0.00816	0.00865	0.00886	0.01010	0.00850	0.00598	0.01250	0.01205	0.01912	0.02759	0.22011	0.07539	0.31331	0.06885	0.00493	0.00653	0.01176	0.00505	0.00563
4	0.05160	0.14519	0.23084	0.09790	0.05869	0.05566	0.04653	0.06713	0.01619	0.02257	0.01282	0.01578	0.01011	0.00934	0.04770	0.00252	0.00956	0.00534	0.00364	0.09090
5	0.01731	0.02098	0.11992	0.18970	0.13814	0.14095	0.05598	0.03802	0.10941	0.02192	0.01680	0.06892	0.01410	0.00836	0.00716	0.00226	0.00927	0.00720	0.00420	0.00938
6	0.01030	0.00711	0.00882	0.00882	0.00918	0.00747	0.00563	0.01103	0.01067	0.01458	0.02148	0.04128	0.02358	0.55076	0.23207	0.00820	0.01038	0.00958	0.00417	0.00490
7	0.24707	0.01345	0.06204	0.01144	0.01596	0.01207	0.00988	0.06133	0.01756	0.24785	0.10315	0.07658	0.07266	0.01031	0.00670	0.00227	0.00569	0.00819	0.00660	0.00921
8	0.01690	0.02529	0.34167	0.12876	0.06050	0.01717	0.02039	0.15757	0.01815	0.02552	0.01346	0.01669	0.01010	0.00878	0.00937	0.05863	0.05150	0.00584	0.00392	0.00980
9	0.01044	0.00809	0.00993	0.00974	0.01189	0.00689	0.00686	0.01216	0.01390	0.01932	0.03312	0.44762	0.08229	0.06860	0.00991	0.00264	0.00460	0.01479	0.00579	0.22140
10	0.01022	0.00744	0.01051	0.01051	0.01146	0.00839	0.00774	0.01212	0.01117	0.01584	0.01993	0.03270	0.01986	0.23027	0.54748	0.01029	0.01598	0.00832	0.00394	0.00584
11	0.01216	0.00899	0.01138	0.01057	0.01265	0.00926	0.00813	0.10236	0.01880	0.02602	0.32924	0.09097	0.09218	0.02521	0.20399	0.00481	0.00834	0.01125	0.00646	0.00722
12	0.01441	0.01271	0.05409	0.01545	0.10867	0.05981	0.01069	0.01695	0.01484	0.08889	0.03166	0.03684	0.18340	0.12611	0.18857	0.00517	0.00987	0.00924	0.00498	0.00762
13	0.01708	0.01035	0.01210	0.01162	0.01415	0.04707	0.00918	0.02072	0.05913	0.18409	0.08611	0.14756	0.03251	0.06059	0.00983	0.00283	0.00582	0.17990	0.08137	0.00802
14	0.01297	0.01613	0.20264	0.01233	0.01696	0.01013	0.01237	0.01822	0.05241	0.07620	0.32159	0.04182	0.15303	0.01233	0.00780	0.00228	0.00568	0.01048	0.00635	0.00828
15	0.01496	0.01619	0.07160	0.50781	0.18262	0.04750	0.02040	0.01972	0.01497	0.01952	0.01274	0.01815	0.00982	0.00694	0.00705	0.00229	0.00950	0.00618	0.00325	0.00881
16	0.63247	0.06839	0.01296	0.00995	0.01434	0.01600	0.00832	0.02136	0.01283	0.07754	0.01184	0.01360	0.00922	0.01000	0.05477	0.00280	0.00665	0.00435	0.00457	0.00803
17	0.02043	0.12101	0.02054	0.01428	0.01938	0.03412	0.01174	0.22055	0.30052	0.03122	0.02028	0.01981	0.01540	0.00820	0.00655	0.00202	0.00666	0.00639	0.00614	0.11476
18	0.01275	0.01131	0.06167	0.02772	0.06252	0.00913	0.00962	0.04389	0.01699	0.05108	0.14538	0.14787	0.19783	0.01329	0.00755	0.00219	0.00506	0.01143	0.06443	0.09831
19	0.09256	0.32329	0.27813	0.01543	0.02245	0.02163	0.01704	0.02262	0.06165	0.02127	0.01225	0.01407	0.00985	0.00704	0.00672	0.00202	0.05415	0.00479	0.00346	0.00957
20	0.01504	0.10999	0.51059	0.02055	0.02972	0.01764	0.12088	0.02212	0.01529	0.02191	0.01379	0.01809	0.01068	0.00714	0.00690	0.00224	0.01026	0.03383	0.00325	0.01007
21	0.01578	0.01557	0.02806	0.32277	0.32317	0.01666	0.13331	0.02052	0.01551	0.02111	0.01327	0.01845	0.01047	0.00660	0.00731	0.00227	0.00949	0.00669	0.00339	0.00962
22	0.01424	0.00958	0.01154	0.01096	0.01366	0.00945	0.00865	0.02043	0.15222	0.11274	0.20952	0.09121	0.16878	0.01482	0.00830	0.00251	0.00479	0.12117	0.00732	0.00810
23	0.01925	0.03848	0.06649	0.07195	0.11046	0.22750	0.09607	0.04849	0.09339	0.02240	0.05556	0.02252	0.01624	0.00855	0.00783	0.00222	0.03731	0.04162	0.00445	0.00922
24	0.01087	0.00811	0.00972	0.00997	0.01127	0.00816	0.00709	0.01511	0.11069	0.02107	0.16143	0.23711	0.08273	0.19750	0.01540	0.00369	0.00507	0.07217	0.00636	0.00646
25	0.00930	0.00720	0.00857	0.00932	0.01075	0.00668	0.00668	0.01200	0.05174	0.02010	0.10073	0.39613	0.26799	0.01947	0.00874	0.00267	0.00408	0.04487	0.00674	0.00626
26	0.06836	0.01007	0.01136	0.01069	0.01280	0.05293	0.03271	0.01553	0.01502	0.09034	0.08406	0.20126	0.14364	0.15018	0.05155	0.00375	0.00649	0.02658	0.00591	0.00676
27	0.06009	0.09876	0.04816	0.03047	0.03254	0.13075	0.01268	0.21702	0.06219	0.12182	0.01975	0.02003	0.04766	0.00853	0.00698	0.00208	0.02571	0.00631	0.03839	0.01010
28	0.17404	0.01351	0.01400	0.01202	0.01569	0.01462	0.00950	0.28812	0.02218	0.03312	0.07248	0.16492	0.07147	0.01194	0.00703	0.00230	0.00579	0.00969	0.04867	0.00889
29	0.00974	0.00714	0.00898	0.00990	0.01072	0.00707	0.00682	0.01210	0.05253	0.01817	0.03623	0.43920	0.08578	0.15131	0.07544	0.00429	0.00608	0.04655	0.00600	0.00595
30	0.30910	0.01815	0.08222	0.01659	0.07119	0.01746	0.06197	0.22082	0.01973	0.03299	0.01344	0.01514	0.01009	0.00710	0.00601	0.00211	0.00731	0.00537	0.02416	0.05905
31	0.06141	0.05464	0.17856	0.14907	0.06790	0.04320	0.15281	0.06753	0.01679	0.02323	0.01859	0.02373	0.06034	0.00825	0.00724	0.00230	0.00930	0.04192	0.00403	0.00918
32	0.05408	0.13032	0.14989	0.04894	0.15427	0.07230	0.03168	0.19418	0.05039	0.02782	0.01409	0.01597	0.01085	0.00721	0.00653	0.00207	0.00874	0.00568	0.00450	0.01050

[dist]
# distance from previous block
# <min> <max>
0	6

[block]
# block no. 5 follows, 29 sequences, length 25
# corresponding to MSA columns:
# 247-271
name=unknown_F
#
# <colnr> <probs for GDERKNQSTAVLIFYWHMCP>
#	G	D	E	R	K	N	Q	S	T	A	V	L	I	F	Y	W	H	M	C	P
0	0.10617	0.13543	0.05911	0.01458	0.01844	0.17971	0.02749	0.02279	0.07068	0.04657	0.05898	0.03332	0.01588	0.01282	0.07425	0.00299	0.08360	0.00623	0.02249	0.00847
1	0.05710	0.10391	0.28736	0.01665	0.02319	0.13081	0.04935	0.04642	0.04046	0.02339	0.11109	0.02199	0.04196	0.00839	0.00675	0.00212	0.00890	0.00662	0.00432	0.00921
2	0.01160	0.00759	0.00924	0.00922	0.01116	0.00691	0.00683	0.01351	0.01561	0.09467	0.10048	0.20842	0.29564	0.07151	0.07164	0.00361	0.00566	0.04353	0.00655	0.00662
3	0.01960	0.05812	0.01908	0.01389	0.01932	0.08908	0.04905	0.11267	0.08969	0.08663	0.05487	0.01918	0.01553	0.00732	0.00634	0.00170	0.00694	0.00592	0.00538	0.31970
4	0.01371	0.01094	0.01290	0.01243	0.03186	0.01178	0.00904	0.06736	0.21349	0.02297	0.02858	0.11279	0.07991	0.12460	0.17226	0.00503	0.00871	0.00989	0.00569	0.04606
5	0.01874	0.03505	0.07905	0.02593	0.25753	0.01623	0.08631	0.09873	0.09750	0.07821	0.01977	0.02137	0.04924	0.00768	0.00707	0.00211	0.00786	0.00696	0.00495	0.07973
6	0.01533	0.09735	0.09372	0.01592	0.02037	0.06411	0.12024	0.03658	0.15244	0.02262	0.04136	0.18601	0.06071	0.01157	0.00748	0.00234	0.00739	0.01028	0.02542	0.00874
7	0.00912	0.00669	0.00793	0.00862	0.00950	0.00618	0.00572	0.01029	0.01379	0.01787	0.07823	0.35670	0.20882	0.20862	0.01589	0.00377	0.00467	0.01598	0.00608	0.00551
8	0.01323	0.01674	0.16548	0.02136	0.17389	0.01208	0.08463	0.01750	0.01546	0.02175	0.02823	0.16225	0.11280	0.01182	0.00767	0.00238	0.00728	0.04633	0.07056	0.00857
9	0.01573	0.02404	0.27194	0.02658	0.14136	0.01693	0.23925	0.02256	0.04849	0.02277	0.01544	0.02111	0.01242	0.00759	0.00836	0.00239	0.04578	0.04353	0.00370	0.01002
10	0.01017	0.00763	0.01144	0.01144	0.01272	0.00890	0.00890	0.01272	0.01144	0.01653	0.01907	0.02797	0.01780	0.05340	0.72153	0.01144	0.01907	0.00763	0.00381	0.00636
11	0.00952	0.00706	0.00822	0.00822	0.01001	0.00632	0.00606	0.01200	0.01734	0.02342	0.31438	0.14918	0.30431	0.01640	0.00821	0.00234	0.00355	0.01416	0.07300	0.00632
12	0.01834	0.02304	0.23812	0.02248	0.09955	0.01733	0.14041	0.14744	0.05713	0.06036	0.01593	0.01849	0.01193	0.01062	0.05734	0.00292	0.03694	0.00662	0.00453	0.01047
13	0.02677	0.11441	0.05588	0.01387	0.01943	0.05529	0.01212	0.18821	0.02218	0.34323	0.02099	0.01983	0.01428	0.00817	0.00662	0.00205	0.00715	0.00626	0.05215	0.01111
14	0.01086	0.00861	0.00995	0.00975	0.01184	0.00848	0.00724	0.01665	0.14795	0.02441	0.28244	0.18276	0.22002	0.01598	0.00831	0.00244	0.00401	0.01390	0.00717	0.00724
15	0.01010	0.00727	0.00857	0.00853	0.01048	0.00640	0.00628	0.01233	0.01716	0.05480	0.25948	0.18986	0.34820	0.01732	0.00848	0.00244	0.00375	0.01497	0.00710	0.00648
16	0.02275	0.02288	0.11301	0.02234	0.16660	0.16475	0.01632	0.21247	0.02211	0.09943	0.01686	0.05795	0.01346	0.00840	0.00703	0.00213	0.00898	0.00672	0.00524	0.01056
17	0.02575	0.01929	0.02063	0.01612	0.02158	0.02147	0.01322	0.59116	0.12605	0.04276	0.01877	0.01843	0.01346	0.00870	0.00714	0.00218	0.00753	0.00664	0.00714	0.01199
18	0.01019	0.00757	0.01114	0.01114	0.01230	0.00873	0.00852	0.01252	0.01135	0.01630	0.01936	0.02954	0.01848	0.11188	0.66399	0.01106	0.01805	0.00786	0.00386	0.00619
19	0.00993	0.00741	0.00976	0.05058	0.01325	0.00719	0.00811	0.01218	0.01554	0.02052	0.15869	0.27713	0.13732	0.07996	0.01121	0.00310	0.00500	0.16054	0.00643	0.00615
20	0.01475	0.01427	0.02040	0.24379	0.19399	0.05154	0.01631	0.01879	0.04471	0.01984	0.02136	0.08425	0.08572	0.01034	0.01002	0.00245	0.12649	0.00838	0.00410	0.00850
21	0.08018	0.00847	0.01005	0.00990	0.01232	0.00791	0.00758	0.01666	0.01582	0.15587	0.04149	0.26760	0.19465	0.01623	0.00800	0.00255	0.00470	0.08059	0.05207	0.00737
22	0.01247	0.01664	0.16347	0.01759	0.02208	0.01223	0.18780	0.01664	0.01532	0.02118	0.08343	0.25935	0.07181	0.01332	0.00915	0.00256	0.04974	0.01227	0.00498	0.00798
23	0.01881	0.01762	0.02583	0.09282	0.33571	0.05173	0.07350	0.12467	0.05622	0.02585	0.01447	0.01778	0.01154	0.00725	0.00800	0.00217	0.05070	0.00641	0.00429	0.05463
24	0.01784	0.05950	0.01643	0.01371	0.01670	0.16260	0.01055	0.11488	0.14708	0.02424	0.06271	0.16173	0.05897	0.05370	0.00980	0.00257	0.04294	0.00982	0.00575	0.00851

[dist]
# distance from previous block
# <min> <max>
0	2

[block]
# block no. 6 follows, 29 sequences, length 16
# corresponding to MSA columns:
# 274-289
name=unknown_G
#
# <colnr> <probs for GDERKNQSTAVLIFYWHMCP>
#	G	D	E	R	K	N	Q	S	T	A	V	L	I	F	Y	W	H	M	C	P
0	0.14788	0.08633	0.01905	0.01472	0.01899	0.22201	0.01178	0.09449	0.16174	0.02563	0.01521	0.01620	0.01203	0.00789	0.00717	0.00204	0.05478	0.00540	0.00486	0.07182
1	0.02035	0.05425	0.05231	0.01875	0.14138	0.07069	0.01324	0.11325	0.03483	0.12482	0.03769	0.03620	0.01458	0.00751	0.00648	0.00181	0.00719	0.00613	0.00524	0.23330
2	0.04680	0.01680	0.04780	0.09792	0.06154	0.09364	0.09443	0.05559	0.01724	0.13741	0.06199	0.02285	0.04353	0.00989	0.02297	0.00249	0.11095	0.00720	0.03987	0.00909
3	0.01101	0.00765	0.00989	0.00971	0.01078	0.00801	0.00691	0.01252	0.01260	0.04585	0.06409	0.08589	0.10716	0.28274	0.26396	0.00711	0.03285	0.01048	0.00490	0.00588
4	0.07832	0.01843	0.11629	0.07782	0.21549	0.06372	0.05423	0.04736	0.01611	0.02278	0.02090	0.08264	0.07555	0.00973	0.00812	0.00234	0.04843	0.02837	0.00426	0.00911
5	0.02296	0.01939	0.07192	0.01568	0.02126	0.01950	0.01351	0.45009	0.14999	0.03862	0.05494	0.02046	0.01646	0.00879	0.00710	0.00215	0.00729	0.00687	0.00674	0.04628
6	0.01237	0.00618	0.00928	0.00928	0.00928	0.00618	0.00618	0.00928	0.00928	0.01237	0.01237	0.02165	0.01237	0.02474	0.02783	0.79283	0.00618	0.00618	0.00309	0.00309
7	0.01750	0.01811	0.10342	0.06790	0.14463	0.01727	0.07287	0.15255	0.07844	0.02617	0.01772	0.05313	0.01541	0.04147	0.01080	0.00264	0.10371	0.04174	0.00477	0.00976
8	0.01995	0.10931	0.12145	0.01914	0.08460	0.05749	0.05529	0.22186	0.11794	0.02886	0.01667	0.01839	0.01289	0.01172	0.07025	0.00294	0.00945	0.00629	0.00505	0.01046
9	0.07508	0.01125	0.01551	0.10279	0.12097	0.01262	0.01191	0.01530	0.01440	0.02076	0.08618	0.13287	0.15834	0.04304	0.01174	0.00271	0.14163	0.01051	0.00492	0.00746
10	0.62463	0.07263	0.01412	0.01267	0.07535	0.01647	0.00926	0.02044	0.01275	0.02921	0.01184	0.05260	0.01032	0.00741	0.00491	0.00218	0.00586	0.00498	0.00434	0.00804
11	0.01277	0.00828	0.01163	0.01045	0.01217	0.00818	0.06576	0.01505	0.01381	0.05832	0.06652	0.09080	0.02515	0.23255	0.11374	0.00477	0.00753	0.00953	0.22657	0.00642
12	0.01689	0.01754	0.06364	0.17630	0.05417	0.08794	0.04555	0.06080	0.18949	0.02346	0.01840	0.05013	0.01517	0.04054	0.00895	0.00243	0.03773	0.00717	0.00479	0.07891
13	0.01560	0.01366	0.07714	0.01379	0.01772	0.01209	0.06401	0.05339	0.16575	0.09123	0.17580	0.06488	0.06957	0.01383	0.04373	0.00283	0.00669	0.05102	0.03834	0.00894
14	0.02163	0.02110	0.05446	0.08175	0.07767	0.18591	0.01438	0.18571	0.14028	0.06023	0.07005	0.02096	0.01714	0.00854	0.00705	0.00215	0.00855	0.00672	0.00560	0.01010
15	0.02108	0.16584	0.10525	0.01686	0.09311	0.03382	0.01378	0.04157	0.09948	0.21110	0.07962	0.02186	0.01848	0.00818	0.00660	0.00203	0.00705	0.00659	0.00576	0.04193

[dist]
# distance from previous block
# <min> <max>
0	1

[block]
# block no. 7 follows, 29 sequences, length 16
# corresponding to MSA columns:
# 292-307
name=unknown_H
#
# <colnr> <probs for GDERKNQSTAVLIFYWHMCP>
#	G	D	E	R	K	N	Q	S	T	A	V	L	I	F	Y	W	H	M	C	P
0	0.01942	0.07457	0.02120	0.15155	0.06278	0.07245	0.01443	0.19156	0.10237	0.02706	0.01584	0.01839	0.01238	0.00856	0.00907	0.00225	0.11382	0.00624	0.06645	0.00959
1	0.01284	0.00825	0.00992	0.00933	0.01185	0.00745	0.00720	0.01604	0.04479	0.12070	0.25433	0.09502	0.30490	0.01566	0.00831	0.00241	0.00417	0.05219	0.00732	0.00733
2	0.08767	0.05612	0.11688	0.02026	0.06317	0.11530	0.21273	0.03439	0.01661	0.04266	0.04475	0.02245	0.05192	0.04486	0.00849	0.00241	0.00928	0.00720	0.03397	0.00887
3	0.01817	0.01243	0.01652	0.07167	0.11186	0.01298	0.01246	0.07862	0.15420	0.14309	0.02704	0.14085	0.02429	0.01205	0.00773	0.00247	0.00637	0.09938	0.03826	0.00955
4	0.01158	0.00826	0.01126	0.12227	0.01668	0.00860	0.00881	0.01345	0.01400	0.05735	0.07218	0.27183	0.08544	0.18885	0.01546	0.00367	0.02928	0.04910	0.00562	0.00631
5	0.09458	0.01464	0.01679	0.01340	0.01833	0.01510	0.01092	0.23621	0.10182	0.29512	0.08818	0.02393	0.02027	0.00919	0.00703	0.00221	0.00626	0.00729	0.00761	0.01111
6	0.01599	0.02148	0.19185	0.16907	0.21310	0.06691	0.07854	0.02172	0.04811	0.02119	0.01447	0.01976	0.01182	0.06488	0.00936	0.00259	0.00954	0.00653	0.00359	0.00951
7	0.22531	0.01573	0.01632	0.01316	0.01793	0.01713	0.01065	0.30703	0.07283	0.14499	0.01831	0.01982	0.01365	0.06608	0.00871	0.00256	0.00671	0.00630	0.00648	0.01031
8	0.00914	0.00646	0.00837	0.00945	0.00999	0.00609	0.00628	0.01051	0.01411	0.01907	0.13543	0.53688	0.04690	0.13061	0.01307	0.00340	0.00443	0.01766	0.00645	0.00570
9	0.01595	0.00873	0.01038	0.00965	0.01224	0.00831	0.00749	0.04438	0.04277	0.15834	0.10197	0.13024	0.11595	0.01291	0.00721	0.00223	0.00448	0.05382	0.24506	0.00790
10	0.01632	0.06243	0.13885	0.20321	0.13208	0.01652	0.05489	0.02072	0.01486	0.08102	0.02833	0.01912	0.01227	0.01142	0.06512	0.00305	0.10030	0.00641	0.00385	0.00923
11	0.05737	0.39116	0.08071	0.01538	0.02104	0.11012	0.06160	0.05675	0.07605	0.02101	0.01260	0.01423	0.01046	0.00701	0.00636	0.00189	0.03814	0.00495	0.00380	0.00938
12	0.00899	0.00667	0.00824	0.00922	0.01022	0.00611	0.00642	0.01054	0.01465	0.01908	0.09759	0.45004	0.19880	0.07320	0.01088	0.00304	0.00427	0.04967	0.00654	0.00584
13	0.16491	0.01354	0.05089	0.01115	0.01484	0.06610	0.00928	0.04463	0.01683	0.11083	0.13750	0.06883	0.06859	0.01346	0.05833	0.00278	0.00672	0.00823	0.07692	0.05564
14	0.01741	0.08236	0.06475	0.08505	0.26717	0.03949	0.10242	0.05364	0.04178	0.04880	0.01514	0.01905	0.01225	0.01307	0.10342	0.00339	0.01038	0.00654	0.00400	0.00987
15	0.12904	0.04733	0.17657	0.01625	0.04804	0.06866	0.06614	0.02014	0.01475	0.04897	0.01683	0.09331	0.01494	0.01258	0.06735	0.00296	0.03697	0.00717	0.06548	0.04650

[dist]
# distance from previous block
# <min> <max>
1	19

[block]
# block no. 8 follows, 29 sequences, length 35
# corresponding to MSA columns:
# 327-361
name=unknown_I
#
# <colnr> <probs for GDERKNQSTAVLIFYWHMCP>
#	G	D	E	R	K	N	Q	S	T	A	V	L	I	F	Y	W	H	M	C	P
0	0.01811	0.01578	0.01781	0.01498	0.01925	0.04430	0.05291	0.13554	0.35076	0.02900	0.02629	0.06949	0.05683	0.01007	0.00773	0.00226	0.02810	0.00839	0.00637	0.08603
1	0.01604	0.07049	0.09846	0.13524	0.02263	0.07101	0.01306	0.05400	0.06503	0.07554	0.14655	0.05855	0.08449	0.02819	0.02797	0.00259	0.00750	0.00870	0.00543	0.00852
2	0.02079	0.25026	0.19191	0.06701	0.02428	0.02045	0.01614	0.15734	0.04648	0.11761	0.01546	0.01631	0.01138	0.00733	0.00625	0.00201	0.00821	0.00549	0.00481	0.01047
3	0.02103	0.16106	0.13773	0.02026	0.02684	0.15352	0.22232	0.02540	0.01729	0.12610	0.01476	0.01665	0.01095	0.00683	0.00686	0.00207	0.01020	0.00613	0.00422	0.00979
4	0.01118	0.00720	0.00910	0.00943	0.01101	0.00648	0.00676	0.01311	0.01613	0.08824	0.17673	0.39556	0.18513	0.01855	0.00862	0.00259	0.00406	0.01641	0.00707	0.00664
5	0.01568	0.03280	0.56006	0.02225	0.07090	0.01711	0.08260	0.07300	0.01667	0.02433	0.01329	0.01571	0.00955	0.00681	0.00695	0.00225	0.01033	0.00569	0.00341	0.01061
6	0.01766	0.01905	0.04777	0.24672	0.14399	0.18123	0.01642	0.06264	0.03295	0.02186	0.06664	0.02413	0.05358	0.00867	0.00717	0.00220	0.00911	0.02515	0.00430	0.00877
7	0.01224	0.00623	0.00918	0.00918	0.00918	0.00623	0.00607	0.00934	0.00934	0.01246	0.01299	0.02319	0.01321	0.06975	0.02835	0.74403	0.00623	0.00644	0.00317	0.00317
8	0.00913	0.00641	0.00823	0.00943	0.00976	0.00615	0.00611	0.01010	0.01276	0.01705	0.03454	0.55293	0.04106	0.20293	0.03522	0.00412	0.00522	0.01746	0.00597	0.00544
9	0.08046	0.01849	0.02476	0.05577	0.02511	0.12898	0.19955	0.06762	0.01712	0.05573	0.04995	0.02232	0.01505	0.00920	0.01070	0.00246	0.15796	0.04559	0.00444	0.00875
10	0.07221	0.01336	0.01868	0.08592	0.12242	0.01440	0.06428	0.07248	0.14718	0.04329	0.10672	0.08298	0.04083	0.01292	0.05211	0.00292	0.02373	0.00889	0.00556	0.00914
11	0.02519	0.02064	0.01776	0.01492	0.01931	0.23128	0.01176	0.20536	0.10183	0.16096	0.01945	0.01937	0.01411	0.00833	0.00668	0.00203	0.00825	0.00622	0.09635	0.01021
12	0.01845	0.03326	0.01496	0.01139	0.01602	0.01204	0.00907	0.12146	0.08004	0.12963	0.06607	0.02672	0.07077	0.05468	0.00834	0.00210	0.00561	0.00722	0.05278	0.25936
13	0.01515	0.05918	0.06986	0.01488	0.01909	0.03115	0.10210	0.06375	0.21089	0.02454	0.07386	0.08715	0.12166	0.06312	0.00961	0.00266	0.00682	0.00988	0.00578	0.00887
14	0.00993	0.00687	0.00804	0.00821	0.00867	0.00665	0.00506	0.01070	0.01259	0.01685	0.12118	0.15282	0.08222	0.48984	0.02645	0.00535	0.00578	0.01250	0.00530	0.00498
15	0.07260	0.01467	0.02032	0.02338	0.22186	0.08349	0.09138	0.01932	0.01582	0.06467	0.02296	0.25356	0.02353	0.01210	0.00770	0.00242	0.00750	0.02904	0.00502	0.00867
16	0.01694	0.01799	0.07143	0.04229	0.10777	0.10559	0.16663	0.04703	0.04455	0.05755	0.06718	0.02852	0.11902	0.01253	0.06031	0.00292	0.00950	0.00843	0.00483	0.00898
17	0.00938	0.00726	0.00872	0.00960	0.01130	0.00660	0.00748	0.01148	0.01565	0.01959	0.05411	0.23502	0.35045	0.01954	0.00899	0.00278	0.00460	0.20476	0.00660	0.00612
18	0.01610	0.01322	0.02390	0.01874	0.02242	0.01309	0.26728	0.06430	0.01567	0.07354	0.01967	0.15923	0.01863	0.01392	0.01342	0.17061	0.05399	0.00984	0.00469	0.00774
19	0.01861	0.07152	0.14245	0.17060	0.07855	0.01859	0.01702	0.20903	0.12281	0.02850	0.01720	0.04392	0.01344	0.00825	0.00696	0.00223	0.00822	0.00674	0.00501	0.01032
20	0.01697	0.07179	0.14580	0.01538	0.01895	0.01647	0.01433	0.06582	0.01492	0.09983	0.01697	0.07548	0.01529	0.06654	0.05904	0.00340	0.23931	0.00746	0.02757	0.00866
21	0.00990	0.00714	0.00936	0.00908	0.01060	0.00660	0.00670	0.01298	0.01931	0.02721	0.61598	0.14261	0.06459	0.01556	0.00849	0.00232	0.00346	0.01383	0.00768	0.00660
22	0.01071	0.00746	0.00883	0.00896	0.00958	0.00752	0.00585	0.03541	0.01246	0.01654	0.02813	0.13037	0.07034	0.48653	0.08086	0.00607	0.00731	0.05693	0.00495	0.00519
23	0.06681	0.01476	0.02170	0.01723	0.02149	0.04204	0.19621	0.14777	0.01983	0.06981	0.11053	0.10397	0.02541	0.05178	0.00946	0.00264	0.00782	0.05615	0.00578	0.00879
24	0.04688	0.01443	0.01779	0.05779	0.01915	0.08546	0.06587	0.05958	0.01537	0.02224	0.06310	0.02216	0.01644	0.01673	0.12676	0.00384	0.20077	0.00693	0.13094	0.00777
25	0.00875	0.00635	0.00827	0.00965	0.01030	0.00587	0.00653	0.01018	0.01428	0.01898	0.08822	0.64654	0.09688	0.02145	0.00899	0.00281	0.00404	0.01934	0.00670	0.00587
26	0.01024	0.00736	0.01010	0.01010	0.01090	0.00817	0.00722	0.01185	0.01105	0.01553	0.02030	0.03479	0.02076	0.30826	0.47072	0.00978	0.01462	0.00863	0.00400	0.00561
27	0.20334	0.01571	0.01438	0.06594	0.01782	0.14129	0.01051	0.06206	0.03545	0.02326	0.01881	0.17669	0.01897	0.05538	0.01021	0.00267	0.08570	0.00877	0.02549	0.00757
28	0.05736	0.00869	0.01104	0.09682	0.01603	0.00874	0.00853	0.01354	0.01541	0.02159	0.18070	0.08663	0.21796	0.02131	0.14293	0.00400	0.00747	0.01097	0.00562	0.06466
29	0.02077	0.02232	0.16337	0.13152	0.02719	0.09936	0.01676	0.19838	0.03769	0.08818	0.01519	0.01710	0.01113	0.00800	0.00819	0.00220	0.06825	0.00592	0.00490	0.05358
30	0.10519	0.06182	0.07629	0.04826	0.04992	0.04883	0.19610	0.06284	0.01663	0.08684	0.01595	0.06803	0.01326	0.00823	0.00815	0.00225	0.06112	0.00724	0.00451	0.05854
31	0.08038	0.07350	0.15198	0.07770	0.22180	0.03656	0.01699	0.02208	0.05613	0.05069	0.06272	0.02071	0.03543	0.00765	0.00662	0.00209	0.00780	0.00640	0.00430	0.05846
32	0.09971	0.08903	0.09633	0.02423	0.26332	0.01666	0.01599	0.07361	0.01657	0.02485	0.05775	0.07171	0.01652	0.00854	0.00754	0.00214	0.04776	0.00703	0.00433	0.05638
33	0.24828	0.01544	0.01726	0.06434	0.18677	0.08385	0.01293	0.04716	0.05593	0.02563	0.05354	0.06982	0.01666	0.01190	0.05919	0.00290	0.00808	0.00697	0.00462	0.00875
34	0.09343	0.26576	0.02298	0.07250	0.06723	0.01838	0.01170	0.09782	0.01694	0.06329	0.01816	0.09147	0.03501	0.00883	0.00601	0.00197	0.00670	0.00692	0.06258	0.03231

[dist]
# distance from previous block
# <min> <max>
7	43

[block]
# block no. 9 follows, 29 sequences, length 13
# corresponding to MSA columns:
# 410-422
name=unknown_J
#
# <colnr> <probs for GDERKNQSTAVLIFYWHMCP>
#	G	D	E	R	K	N	Q	S	T	A	V	L	I	F	Y	W	H	M	C	P
0	0.01811	0.15356	0.02583	0.02133	0.13798	0.11342	0.07589	0.06373	0.01653	0.02111	0.04266	0.02102	0.06925	0.00924	0.01059	0.00226	0.17773	0.00677	0.00402	0.00896
1	0.01052	0.00767	0.01005	0.01014	0.01103	0.00837	0.00715	0.01306	0.05211	0.01654	0.02313	0.11484	0.02421	0.29634	0.35387	0.00832	0.01224	0.01004	0.00451	0.00586
2	0.01764	0.01516	0.02037	0.08091	0.12371	0.01436	0.05270	0.14542	0.04469	0.02711	0.01434	0.01672	0.01131	0.00643	0.00631	0.00166	0.00702	0.00553	0.00465	0.38396
3	0.02320	0.01619	0.01810	0.01414	0.01961	0.01664	0.01148	0.30552	0.16088	0.13882	0.02021	0.01959	0.01456	0.00809	0.00674	0.00196	0.00655	0.00637	0.00676	0.18456
4	0.00969	0.00949	0.06612	0.00927	0.01141	0.00721	0.00749	0.01182	0.01502	0.01949	0.13242	0.15783	0.29535	0.17314	0.01436	0.00344	0.00504	0.03933	0.00598	0.00610
5	0.00965	0.00735	0.00902	0.01008	0.01129	0.00707	0.00721	0.01280	0.07273	0.01965	0.04448	0.49570	0.16901	0.02017	0.00887	0.00279	0.00438	0.07471	0.00666	0.00637
6	0.13077	0.43435	0.15349	0.09390	0.02333	0.02292	0.01493	0.02114	0.01420	0.02016	0.01073	0.01294	0.00895	0.00640	0.00523	0.00185	0.00804	0.00436	0.00325	0.00904
7	0.00908	0.00687	0.00849	0.00963	0.01088	0.00628	0.00708	0.01086	0.01493	0.01906	0.04931	0.41627	0.25191	0.02050	0.00901	0.00281	0.00439	0.13005	0.00660	0.00599
8	0.12273	0.01628	0.01654	0.01295	0.01841	0.06123	0.01044	0.19367	0.08275	0.08680	0.01612	0.01670	0.01211	0.00713	0.00605	0.00176	0.00656	0.00536	0.00562	0.30079
9	0.01961	0.15075	0.02798	0.01872	0.02300	0.01961	0.17452	0.02467	0.09096	0.14110	0.01615	0.01844	0.01250	0.00878	0.01167	0.00241	0.21816	0.00668	0.00468	0.00962
10	0.01272	0.00823	0.01042	0.00990	0.01211	0.00769	0.00762	0.01653	0.05593	0.10215	0.38800	0.11682	0.13841	0.01526	0.00839	0.00242	0.00417	0.06834	0.00753	0.00738
11	0.01070	0.00715	0.00878	0.00916	0.01079	0.00637	0.00656	0.01252	0.01588	0.07694	0.13668	0.37945	0.25498	0.01881	0.00862	0.00259	0.00402	0.01653	0.00696	0.00650
12	0.01024	0.00707	0.00876	0.00869	0.00936	0.00716	0.00574	0.01109	0.01214	0.01642	0.10172	0.04392	0.09054	0.41013	0.16879	0.05955	0.00862	0.01024	0.00474	0.00507

[dist]
# distance from previous block
# <min> <max>
0	1

[block]
# block no. 10 follows, 29 sequences, length 43
# corresponding to MSA columns:
# 424-466
name=unknown_K
#
# <colnr> <probs for GDERKNQSTAVLIFYWHMCP>
#	G	D	E	R	K	N	Q	S	T	A	V	L	I	F	Y	W	H	M	C	P
0	0.02366	0.02938	0.01822	0.01696	0.02010	0.60375	0.01259	0.02539	0.01910	0.01755	0.01564	0.13302	0.01540	0.00979	0.00686	0.00201	0.01141	0.00716	0.00415	0.00785
1	0.02408	0.01551	0.01765	0.01429	0.01883	0.01638	0.01147	0.41447	0.02674	0.16647	0.02393	0.17385	0.02063	0.01154	0.00755	0.00231	0.00671	0.00951	0.00734	0.01076
2	0.02078	0.01895	0.02152	0.01767	0.02087	0.15081	0.08979	0.16224	0.01904	0.07886	0.01611	0.06261	0.01417	0.06192	0.01372	0.00276	0.20688	0.00742	0.00488	0.00899
3	0.00871	0.00631	0.00824	0.00969	0.01029	0.00584	0.00653	0.01007	0.01406	0.01865	0.06668	0.67141	0.09382	0.02171	0.00902	0.00283	0.00407	0.01960	0.00666	0.00584
4	0.01502	0.01292	0.01498	0.01148	0.01693	0.01116	0.00910	0.02082	0.12579	0.02383	0.01636	0.04831	0.01392	0.00701	0.00646	0.00144	0.03367	0.00562	0.00478	0.60040
5	0.03639	0.01660	0.02102	0.19894	0.02779	0.10159	0.07402	0.08415	0.03228	0.03989	0.04010	0.03548	0.01369	0.01058	0.03786	0.00268	0.14799	0.00675	0.00427	0.06791
6	0.01752	0.05364	0.32846	0.02276	0.05479	0.01688	0.23194	0.02484	0.05887	0.09731	0.01589	0.01805	0.01141	0.00688	0.00729	0.00227	0.01002	0.00663	0.00411	0.01042
7	0.01346	0.13201	0.01866	0.01366	0.01584	0.01379	0.05833	0.01564	0.01361	0.04323	0.02372	0.23624	0.02551	0.05200	0.11224	0.00406	0.12520	0.07071	0.00483	0.00725
8	0.01675	0.01594	0.02793	0.39166	0.04086	0.01754	0.22853	0.12854	0.01821	0.02404	0.01394	0.01875	0.01034	0.00700	0.00753	0.00234	0.01002	0.00700	0.00395	0.00914
9	0.02002	0.05326	0.02338	0.02273	0.14842	0.22703	0.05513	0.06867	0.06465	0.02154	0.01443	0.05496	0.01281	0.00920	0.01058	0.00231	0.17090	0.00668	0.00413	0.00918
10	0.01580	0.02294	0.26312	0.02761	0.26992	0.01620	0.06020	0.02394	0.12665	0.02370	0.01761	0.06931	0.01470	0.00813	0.00721	0.00228	0.00862	0.00735	0.00418	0.01053
11	0.01237	0.00618	0.00928	0.00928	0.00928	0.00618	0.00618	0.00928	0.00928	0.01237	0.01237	0.02165	0.01237	0.02474	0.02783	0.79283	0.00618	0.00618	0.00309	0.00309
12	0.01345	0.01266	0.02136	0.73264	0.04904	0.01582	0.01978	0.01819	0.01424	0.01819	0.01266	0.01898	0.00949	0.00712	0.00712	0.00237	0.00949	0.00633	0.00316	0.00791
13	0.01008	0.00679	0.00785	0.00812	0.00819	0.00672	0.00469	0.01028	0.01089	0.01452	0.02520	0.16124	0.02937	0.63036	0.03179	0.00625	0.00645	0.01198	0.00469	0.00456
14	0.00895	0.00622	0.00816	0.00972	0.01021	0.00584	0.00651	0.01032	0.01371	0.01868	0.03828	0.70182	0.04536	0.02146	0.00884	0.00282	0.00408	0.01942	0.05375	0.00584
15	0.01033	0.00702	0.00837	0.00837	0.00858	0.00723	0.00507	0.01074	0.01053	0.01425	0.02188	0.04354	0.02456	0.63546	0.14872	0.00765	0.00890	0.00991	0.00423	0.00465
16	0.02707	0.01995	0.02137	0.01638	0.02208	0.02208	0.01353	0.68159	0.03348	0.04488	0.01710	0.01710	0.01211	0.00855	0.00712	0.00214	0.00784	0.00641	0.00712	0.01211
17	0.02493	0.01888	0.02017	0.01595	0.02127	0.02109	0.01302	0.53474	0.18380	0.04143	0.01981	0.01926	0.01431	0.00880	0.00715	0.00220	0.00733	0.00678	0.00715	0.01192
18	0.06678	0.01990	0.06688	0.02677	0.15923	0.04151	0.26946	0.18312	0.02028	0.02843	0.01422	0.01737	0.01083	0.00704	0.00798	0.00227	0.03623	0.00688	0.00445	0.01036
19	0.00957	0.00780	0.00854	0.00826	0.01055	0.00705	0.00622	0.01314	0.06485	0.02282	0.26114	0.06091	0.46090	0.01639	0.00833	0.00235	0.00367	0.01388	0.00703	0.00660
20	0.01636	0.13708	0.02320	0.01703	0.01841	0.06184	0.01450	0.01823	0.01259	0.01752	0.01244	0.02137	0.01255	0.01186	0.01792	0.00280	0.50042	0.07249	0.00349	0.00791
21	0.67318	0.01478	0.01226	0.01052	0.01513	0.01698	0.00867	0.12936	0.01562	0.03407	0.01109	0.01247	0.00843	0.00693	0.00485	0.00219	0.00589	0.00428	0.00485	0.00843
22	0.01449	0.03334	0.59944	0.02003	0.02883	0.01740	0.02455	0.02166	0.01436	0.02166	0.01222	0.01512	0.00907	0.00770	0.00949	0.00240	0.12971	0.00542	0.00302	0.01007
23	0.02707	0.01995	0.02137	0.01638	0.02208	0.02208	0.01353	0.68159	0.03348	0.04488	0.01710	0.01710	0.01211	0.00855	0.00712	0.00214	0.00784	0.00641	0.00712	0.01211
24	0.01069	0.00679	0.00801	0.00801	0.00801	0.00679	0.00462	0.01018	0.01018	0.01357	0.02078	0.04250	0.02367	0.63076	0.03486	0.13589	0.00679	0.00967	0.00411	0.00411
25	0.02602	0.01880	0.02413	0.01814	0.02406	0.01990	0.12243	0.48914	0.02904	0.12800	0.01809	0.01837	0.01261	0.00816	0.00734	0.00219	0.00829	0.00684	0.00677	0.01170
26	0.01617	0.01431	0.01733	0.01943	0.16135	0.01562	0.01253	0.02995	0.43940	0.02668	0.03279	0.03157	0.13126	0.01034	0.00740	0.00235	0.00590	0.00884	0.00636	0.01041
27	0.01067	0.00754	0.01016	0.01153	0.01263	0.00745	0.00922	0.01296	0.01479	0.01939	0.03554	0.22181	0.03986	0.14008	0.01400	0.00379	0.00608	0.41029	0.00620	0.00602
28	0.01111	0.00900	0.01419	0.01304	0.01518	0.00838	0.11715	0.01389	0.03680	0.04466	0.03955	0.47109	0.14130	0.01807	0.00874	0.00269	0.00546	0.01662	0.00622	0.00685
29	0.67318	0.01478	0.01226	0.01052	0.01513	0.01698	0.00867	0.12936	0.01562	0.03407	0.01109	0.01247	0.00843	0.00693	0.00485	0.00219	0.00589	0.00428	0.00485	0.00843
30	0.01539	0.01412	0.02134	0.44878	0.16842	0.04121	0.01809	0.06523	0.01618	0.02137	0.01511	0.06243	0.01265	0.00804	0.00711	0.00229	0.00871	0.00713	0.03773	0.00868
31	0.00869	0.00698	0.00778	0.00823	0.01004	0.00607	0.00601	0.01050	0.01582	0.01965	0.10437	0.24534	0.46684	0.01898	0.00864	0.00255	0.00382	0.03699	0.00669	0.00602
32	0.01363	0.00932	0.01170	0.01114	0.01328	0.00929	0.02242	0.03174	0.11770	0.08654	0.15334	0.16573	0.08343	0.13589	0.01297	0.00329	0.00539	0.09907	0.00669	0.00745
33	0.01837	0.22519	0.04906	0.01732	0.07433	0.15110	0.01392	0.02102	0.01577	0.04405	0.03119	0.04177	0.01714	0.01036	0.00946	0.00229	0.12803	0.11691	0.00420	0.00852
