[name]
unknown

[dist]
# distance from previous block
# <min> <max>
4	135

[block]
# block no. 0 follows, 37 sequences, length 15
# corresponding to MSA columns:
# 167-181
name=unknown_A
#
# <colnr> <probs for GDERKNQSTAVLIFYWHMCP>
#	G	D	E	R	K	N	Q	S	T	A	V	L	I	F	Y	W	H	M	C	P
0	0.08010	0.01212	0.01716	0.21476	0.21477	0.01365	0.01343	0.07431	0.05482	0.02159	0.01357	0.01702	0.01079	0.00691	0.00694	0.00197	0.07165	0.00550	0.14097	0.00798
1	0.01004	0.00590	0.00752	0.00751	0.00754	0.00586	0.00460	0.00873	0.00870	0.01163	0.01561	0.03056	0.01718	0.43183	0.02785	0.37906	0.00576	0.00735	0.00334	0.00341
2	0.00895	0.00653	0.00843	0.05279	0.01122	0.00644	0.00654	0.03403	0.01226	0.01626	0.03037	0.52188	0.05676	0.14693	0.01173	0.00308	0.00454	0.05070	0.00529	0.00527
3	0.04328	0.09145	0.13650	0.12301	0.05256	0.05546	0.14340	0.06405	0.03146	0.04529	0.01579	0.02416	0.01377	0.00800	0.00648	0.00209	0.00794	0.12336	0.00390	0.00804
4	0.01059	0.00911	0.01213	0.01127	0.01242	0.05026	0.05100	0.01222	0.01071	0.01465	0.01747	0.09977	0.01784	0.17251	0.38433	0.00675	0.08976	0.00793	0.00363	0.00565
5	0.02054	0.02529	0.01582	0.01474	0.01744	0.62926	0.01091	0.02194	0.01658	0.01540	0.01389	0.14120	0.01370	0.00869	0.00605	0.00179	0.00986	0.00632	0.00369	0.00691
6	0.01422	0.10192	0.03946	0.07281	0.45255	0.03758	0.01531	0.01725	0.01394	0.01863	0.01989	0.02225	0.13335	0.00742	0.00613	0.00187	0.00680	0.00650	0.00352	0.00860
7	0.01436	0.01350	0.03670	0.02769	0.45608	0.01324	0.05618	0.01994	0.12205	0.04028	0.06297	0.04456	0.05052	0.00729	0.00633	0.00192	0.00648	0.00686	0.00407	0.00900
8	0.00815	0.00629	0.00760	0.00749	0.00903	0.00590	0.00562	0.01016	0.01396	0.01840	0.26583	0.04783	0.32728	0.07613	0.13595	0.00364	0.00557	0.03439	0.00547	0.00532
9	0.00901	0.00678	0.00863	0.00840	0.00908	0.00740	0.00595	0.00996	0.01005	0.01357	0.02435	0.03534	0.14015	0.33752	0.24850	0.03460	0.07378	0.00844	0.00379	0.00471
10	0.01443	0.01439	0.10126	0.01090	0.01668	0.01070	0.00981	0.13565	0.01543	0.02302	0.01154	0.01306	0.00914	0.00516	0.00495	0.00119	0.00544	0.00405	0.00392	0.58929
11	0.01368	0.01114	0.01275	0.00964	0.01433	0.00952	0.00768	0.13424	0.01569	0.02293	0.05595	0.05300	0.05836	0.00679	0.00526	0.00126	0.00468	0.00555	0.00444	0.55310
12	0.01497	0.01512	0.02914	0.02139	0.02662	0.01464	0.50616	0.13716	0.01656	0.02229	0.01661	0.09699	0.03675	0.00732	0.00710	0.00207	0.00878	0.00818	0.00396	0.00818
13	0.06976	0.03206	0.14746	0.01747	0.13790	0.01352	0.06045	0.10097	0.13684	0.08384	0.01865	0.10607	0.03175	0.00821	0.00617	0.00199	0.00643	0.00709	0.00464	0.00873
14	0.01526	0.01263	0.04318	0.01203	0.05741	0.02648	0.00927	0.14748	0.03057	0.07793	0.01919	0.07783	0.07764	0.00761	0.00564	0.00151	0.00527	0.00628	0.00469	0.36210

[dist]
# distance from previous block
# <min> <max>
0	1

[block]
# block no. 1 follows, 37 sequences, length 121
# corresponding to MSA columns:
# 183-303
name=unknown_B
#
# <colnr> <probs for GDERKNQSTAVLIFYWHMCP>
#	G	D	E	R	K	N	Q	S	T	A	V	L	I	F	Y	W	H	M	C	P
0	0.28630	0.26528	0.12194	0.01134	0.01607	0.09116	0.01092	0.04612	0.01286	0.02051	0.01036	0.04660	0.00906	0.00642	0.00492	0.00172	0.02328	0.00432	0.00334	0.00748
1	0.01205	0.03044	0.71841	0.01703	0.02567	0.01379	0.02183	0.01888	0.01287	0.01921	0.01204	0.04869	0.00928	0.00644	0.00591	0.00196	0.00879	0.00512	0.00273	0.00886
2	0.01257	0.02492	0.50582	0.01647	0.05626	0.01304	0.03483	0.01920	0.06320	0.01959	0.01238	0.01503	0.00951	0.04205	0.00688	0.00198	0.00788	0.00487	0.00308	0.13044
3	0.05102	0.01143	0.01601	0.30781	0.05084	0.01145	0.03148	0.03662	0.02974	0.03440	0.01154	0.01463	0.00901	0.00548	0.00536	0.00153	0.00630	0.00466	0.00346	0.35721
4	0.01137	0.01062	0.01784	0.73469	0.04061	0.01320	0.01647	0.01531	0.01222	0.01564	0.01194	0.05193	0.00967	0.00673	0.00620	0.00206	0.00795	0.00600	0.00286	0.00671
5	0.01292	0.01132	0.01352	0.01147	0.07529	0.02347	0.00814	0.01557	0.01271	0.01948	0.01130	0.01414	0.00971	0.04099	0.00592	0.00123	0.00496	0.00403	0.00357	0.70028
6	0.07598	0.01079	0.01491	0.01141	0.01616	0.00959	0.04217	0.02863	0.01694	0.67249	0.02264	0.01997	0.01436	0.00735	0.00606	0.00190	0.00542	0.00603	0.00714	0.01008
7	0.01067	0.00758	0.00951	0.00942	0.01014	0.00781	0.00642	0.01127	0.01074	0.01505	0.03941	0.03456	0.02135	0.40523	0.36375	0.00781	0.01120	0.00834	0.00419	0.00556
8	0.00857	0.00625	0.00805	0.00760	0.00909	0.00573	0.00570	0.01136	0.01710	0.02400	0.69704	0.04662	0.10452	0.01272	0.00722	0.00193	0.00290	0.01120	0.00667	0.00573
9	0.01141	0.00571	0.00571	0.00571	0.00713	0.00571	0.00428	0.01426	0.01284	0.02282	0.01997	0.02282	0.01569	0.00713	0.00428	0.00143	0.00285	0.00571	0.81886	0.00571
10	0.01372	0.01394	0.01870	0.01606	0.01617	0.04468	0.01334	0.01507	0.00965	0.01474	0.00809	0.01331	0.00803	0.01056	0.01958	0.00264	0.74700	0.00531	0.00270	0.00671
11	0.01250	0.01286	0.09076	0.03834	0.03862	0.01091	0.22602	0.04372	0.01485	0.03593	0.10950	0.03542	0.02318	0.01028	0.00768	0.02584	0.00706	0.21080	0.03863	0.00712
12	0.01428	0.01365	0.02327	0.21595	0.57515	0.01431	0.01835	0.01802	0.01352	0.01894	0.01136	0.01543	0.00932	0.00562	0.00607	0.00187	0.00749	0.00545	0.00295	0.00899
13	0.01621	0.03542	0.06240	0.08863	0.07734	0.01290	0.01132	0.06975	0.24652	0.13182	0.01971	0.03555	0.02887	0.00826	0.02200	0.00203	0.00592	0.00621	0.04795	0.07121
14	0.02129	0.15711	0.01948	0.01456	0.01796	0.60977	0.01132	0.02288	0.01623	0.01478	0.00964	0.01182	0.00837	0.03271	0.00612	0.00168	0.01010	0.00400	0.00308	0.00711
15	0.00738	0.00620	0.00635	0.00632	0.00828	0.00523	0.00470	0.00898	0.01404	0.01696	0.10808	0.05745	0.67556	0.03766	0.00793	0.00217	0.00317	0.01267	0.00570	0.00517
16	0.01449	0.01374	0.02237	0.13799	0.55669	0.03437	0.01725	0.01763	0.01326	0.01845	0.01122	0.01541	0.00946	0.00682	0.00767	0.06023	0.02596	0.00540	0.00295	0.00864
17	0.00869	0.00654	0.00970	0.00970	0.01083	0.00755	0.00753	0.01085	0.01000	0.01430	0.01818	0.02541	0.04380	0.04472	0.73116	0.00953	0.01588	0.00681	0.00337	0.00545
18	0.02283	0.01693	0.01813	0.01400	0.01882	0.01878	0.01153	0.68868	0.06709	0.03788	0.01525	0.01514	0.01086	0.00740	0.00613	0.00185	0.00663	0.00559	0.00613	0.01037
19	0.01216	0.01025	0.01199	0.00887	0.01367	0.00784	0.00692	0.01461	0.01238	0.01916	0.01261	0.05278	0.01156	0.06079	0.00659	0.00134	0.00458	0.00469	0.00373	0.72346
20	0.01401	0.13333	0.04106	0.02680	0.46333	0.01413	0.01483	0.01659	0.01282	0.01767	0.01314	0.08422	0.01252	0.02642	0.00810	0.07678	0.00666	0.00624	0.00318	0.00818
21	0.01558	0.01531	0.02404	0.03547	0.68038	0.05633	0.01808	0.01958	0.03937	0.01991	0.01187	0.01519	0.00991	0.00560	0.00604	0.00181	0.00740	0.00542	0.00315	0.00955
22	0.00913	0.00652	0.00902	0.01043	0.01152	0.00641	0.00858	0.01141	0.01336	0.01749	0.03282	0.28722	0.03684	0.01760	0.00826	0.00272	0.00500	0.49459	0.00565	0.00543
23	0.01033	0.00541	0.00806	0.00814	0.00823	0.00546	0.00550	0.00821	0.00831	0.01116	0.01230	0.06031	0.01258	0.02291	0.07548	0.71970	0.00601	0.00606	0.00287	0.00298
24	0.01049	0.00786	0.01084	0.01076	0.01207	0.00852	0.00818	0.01209	0.01129	0.01607	0.02124	0.02864	0.06866	0.04379	0.68643	0.00938	0.01573	0.00753	0.00405	0.00638
25	0.00828	0.00665	0.00725	0.00694	0.00894	0.00588	0.00525	0.03764	0.01551	0.01972	0.25756	0.05336	0.51667	0.01432	0.00719	0.00202	0.00318	0.01209	0.00601	0.00555
26	0.02717	0.01090	0.01450	0.01112	0.01586	0.00971	0.00918	0.07940	0.01832	0.70023	0.02348	0.02040	0.01482	0.00756	0.00615	0.00189	0.00532	0.00611	0.00747	0.01042
27	0.01579	0.00938	0.01023	0.00872	0.01137	0.00972	0.00688	0.21818	0.01768	0.08619	0.03895	0.02250	0.05144	0.00855	0.00625	0.04610	0.00430	0.00616	0.41435	0.00725
28	0.00853	0.00581	0.00693	0.00740	0.00756	0.00571	0.00454	0.00895	0.00993	0.01322	0.02399	0.25383	0.02804	0.53262	0.02350	0.00481	0.00524	0.04089	0.00436	0.00415
29	0.00832	0.00624	0.00770	0.00734	0.00893	0.00563	0.00550	0.01088	0.01651	0.02260	0.57813	0.04892	0.22430	0.01324	0.00722	0.00196	0.00294	0.01152	0.00648	0.00563
30	0.01156	0.01088	0.01836	0.77016	0.04216	0.01360	0.01700	0.01564	0.01224	0.01564	0.01088	0.01632	0.00816	0.00612	0.00612	0.00204	0.00816	0.00544	0.00272	0.00680
31	0.82811	0.01184	0.00900	0.00805	0.01184	0.01373	0.00663	0.01799	0.01042	0.02746	0.00852	0.00994	0.00663	0.00568	0.00379	0.00189	0.00474	0.00331	0.00379	0.00663
32	0.00944	0.00674	0.00938	0.01079	0.01201	0.00668	0.00913	0.01195	0.01367	0.01785	0.03264	0.19414	0.03615	0.01731	0.00834	0.00276	0.00527	0.58457	0.00564	0.00552
33	0.01968	0.01533	0.01636	0.01328	0.01760	0.01715	0.01072	0.42214	0.31855	0.03275	0.01879	0.01798	0.01377	0.00766	0.00612	0.00191	0.00590	0.00604	0.00610	0.03217
34	0.00835	0.00624	0.00774	0.00737	0.00895	0.00564	0.00553	0.01094	0.01658	0.02277	0.59252	0.04865	0.20980	0.01318	0.00722	0.00196	0.00293	0.01148	0.00650	0.00564
35	0.01604	0.72743	0.09031	0.01104	0.01658	0.02341	0.01145	0.01841	0.01248	0.01480	0.00871	0.01007	0.00785	0.00528	0.00408	0.00136	0.00675	0.00337	0.00262	0.00795
36	0.01257	0.08553	0.70184	0.01695	0.02573	0.01493	0.02175	0.01931	0.01289	0.01903	0.01081	0.01270	0.00776	0.00577	0.00568	0.00189	0.00887	0.00443	0.00259	0.00896
37	0.02746	0.01042	0.01421	0.01089	0.01563	0.00900	0.00900	0.02983	0.01752	0.75093	0.02415	0.02083	0.01515	0.00758	0.00616	0.00189	0.00521	0.00616	0.00758	0.01042
38	0.00793	0.00600	0.00723	0.00738	0.00869	0.00540	0.00530	0.00982	0.01451	0.01927	0.32293	0.22710	0.26899	0.05104	0.00848	0.00229	0.00326	0.01308	0.00601	0.00529
39	0.01515	0.01503	0.02332	0.14767	0.58752	0.06747	0.01802	0.01871	0.01392	0.01898	0.01127	0.01504	0.00933	0.00562	0.00603	0.00183	0.00768	0.00534	0.00299	0.00907
40	0.01445	0.01651	0.03612	0.02580	0.03199	0.01548	0.72446	0.01961	0.01445	0.01961	0.01238	0.01651	0.00929	0.00516	0.00722	0.00206	0.01032	0.00722	0.00310	0.00826
41	0.00746	0.00533	0.00710	0.00852	0.00888	0.00497	0.00568	0.00852	0.01172	0.01563	0.03374	0.78088	0.04049	0.01918	0.00781	0.00249	0.00355	0.01740	0.00568	0.00497
42	0.04478	0.07066	0.02017	0.01675	0.08885	0.16899	0.04202	0.41877	0.02282	0.02928	0.01264	0.01361	0.00950	0.00667	0.00583	0.00176	0.00774	0.00505	0.00480	0.00930
43	0.00889	0.00596	0.00682	0.00682	0.00687	0.00601	0.00389	0.00900	0.00895	0.01198	0.01915	0.03931	0.02193	0.75046	0.06513	0.00612	0.00642	0.00879	0.00369	0.00379
44	0.00906	0.00722	0.00927	0.00862	0.01033	0.02501	0.04040	0.01162	0.01585	0.02167	0.46626	0.11915	0.16306	0.01307	0.00716	0.00200	0.00361	0.02632	0.03457	0.00574
45	0.01399	0.06316	0.01462	0.01256	0.03922	0.13884	0.02858	0.05260	0.03375	0.03928	0.03406	0.22991	0.04058	0.01202	0.02920	0.00219	0.06676	0.04146	0.00445	0.10277
46	0.01589	0.01411	0.02384	0.06432	0.66712	0.01411	0.01802	0.01945	0.01413	0.07185	0.01239	0.01560	0.01002	0.00563	0.00607	0.00183	0.00716	0.00550	0.00334	0.00963
47	0.01515	0.01454	0.02485	0.03757	0.74669	0.01454	0.01879	0.01879	0.01394	0.02000	0.01151	0.01515	0.00970	0.00545	0.00606	0.00182	0.00727	0.00545	0.00303	0.00970
48	0.79607	0.01162	0.00897	0.00804	0.01173	0.01342	0.00660	0.01774	0.01069	0.02735	0.03726	0.01134	0.00863	0.00595	0.00392	0.00190	0.00466	0.00362	0.00390	0.00660
49	0.06598	0.01049	0.01395	0.01075	0.01544	0.00922	0.00888	0.02926	0.01718	0.71612	0.02340	0.02031	0.01474	0.00749	0.00604	0.00189	0.00519	0.00602	0.00739	0.01024
50	0.03577	0.01049	0.03413	0.03181	0.11892	0.01003	0.00988	0.03394	0.10296	0.17503	0.18827	0.08674	0.08011	0.01010	0.00696	0.00201	0.02576	0.02342	0.00573	0.00794
51	0.01519	0.12957	0.01387	0.00936	0.01256	0.01083	0.00764	0.03664	0.07417	0.19679	0.03080	0.05296	0.21799	0.06573	0.05755	0.00267	0.02141	0.00809	0.00531	0.03088
52	0.01087	0.00678	0.00871	0.00793	0.00986	0.00611	0.00605	0.01354	0.01695	0.11546	0.57179	0.04414	0.13366	0.01224	0.00709	0.00194	0.00321	0.01067	0.00672	0.00629
53	0.01437	0.01386	0.02397	0.18976	0.56989	0.01439	0.04800	0.01816	0.01361	0.01907	0.01142	0.01545	0.00936	0.00558	0.00612	0.00187	0.00758	0.00553	0.00297	0.00903
54	0.01302	0.13910	0.59888	0.01704	0.02534	0.01574	0.07070	0.01925	0.01296	0.01869	0.01073	0.01273	0.00788	0.00569	0.00564	0.00186	0.00878	0.00454	0.00263	0.00882
55	0.01743	0.01121	0.01292	0.01117	0.01465	0.01187	0.00880	0.02811	0.41417	0.22522	0.12955	0.02657	0.04310	0.00891	0.00638	0.00200	0.00461	0.00747	0.00666	0.00920
56	0.00731	0.00604	0.00642	0.00668	0.00840	0.00514	0.00487	0.00880	0.01361	0.01655	0.07236	0.19591	0.59453	0.01613	0.00734	0.00214	0.00318	0.01373	0.00571	0.00514
57	0.00821	0.00837	0.07980	0.00999	0.01152	0.00631	0.03776	0.01005	0.01206	0.01620	0.03209	0.63806	0.07186	0.01711	0.00757	0.00239	0.00434	0.01551	0.00528	0.00551
58	0.01228	0.03166	0.75316	0.01745	0.02649	0.01422	0.02262	0.01939	0.01292	0.01939	0.01099	0.01292	0.00775	0.00582	0.00582	0.00194	0.00905	0.00452	0.00258	0.00905
59	0.02746	0.01042	0.01421	0.01089	0.01563	0.00900	0.00900	0.02983	0.01752	0.75093	0.02415	0.02083	0.01515	0.00758	0.00616	0.00189	0.00521	0.00616	0.00758	0.01042
60	0.01365	0.01494	0.03124	0.10154	0.06722	0.01438	0.55312	0.01839	0.01437	0.01947	0.06063	0.01926	0.02879	0.00598	0.00705	0.00204	0.00930	0.00733	0.00335	0.00795
61	0.01387	0.08027	0.37096	0.11414	0.11785	0.03441	0.11439	0.04856	0.01391	0.01935	0.01116	0.01390	0.00838	0.00575	0.00594	0.00189	0.00866	0.00505	0.00289	0.00866
62	0.00807	0.00591	0.00772	0.00894	0.00981	0.00555	0.00666	0.00967	0.01267	0.01647	0.03732	0.48974	0.13699	0.01806	0.00790	0.00252	0.00405	0.20111	0.00567	0.00518
63	0.02746	0.01042	0.01421	0.01089	0.01563	0.00900	0.00900	0.02983	0.01752	0.75093	0.02415	0.02083	0.01515	0.00758	0.00616	0.00189	0.00521	0.00616	0.00758	0.01042
64	0.00875	0.00645	0.00863	0.00801	0.00957	0.00594	0.02179	0.01157	0.01685	0.02376	0.65934	0.06558	0.08876	0.01257	0.00718	0.00194	0.00308	0.01114	0.02333	0.00578
65	0.01391	0.02153	0.31907	0.07823	0.28994	0.03605	0.04682	0.03452	0.03220	0.01963	0.01205	0.03080	0.00960	0.00618	0.00633	0.00192	0.02386	0.00539	0.00303	0.00895
66	0.01364	0.14078	0.25011	0.17019	0.13526	0.03112	0.09691	0.01822	0.01305	0.01772	0.01122	0.01519	0.00899	0.00608	0.00624	0.00189	0.03036	0.02197	0.00283	0.00823
67	0.01362	0.01378	0.01872	0.01606	0.01614	0.03676	0.01335	0.01497	0.00957	0.01474	0.00807	0.01334	0.00803	0.01061	0.01973	0.00265	0.75515	0.00532	0.00269	0.00671
68	0.02189	0.02747	0.01667	0.01521	0.01823	0.70437	0.01142	0.02353	0.01687	0.01516	0.01008	0.01197	0.00845	0.00818	0.04065	0.00196	0.01106	0.00411	0.02573	0.00698
69	0.00858	0.00625	0.00806	0.00761	0.00909	0.00574	0.00571	0.01138	0.01712	0.02406	0.70166	0.04653	0.09987	0.01270	0.00722	0.00193	0.00290	0.01118	0.00667	0.00574
70	0.01228	0.03166	0.75316	0.01745	0.02649	0.01422	0.02262	0.01939	0.01292	0.01939	0.01099	0.01292	0.00775	0.00582	0.00582	0.00194	0.00905	0.00452	0.00258	0.00905
71	0.00887	0.00605	0.00728	0.00728	0.00749	0.00626	0.00446	0.00929	0.00908	0.01231	0.01874	0.03701	0.02093	0.64410	0.17012	0.00668	0.00793	0.00846	0.00363	0.00404
72	0.05175	0.01381	0.02265	0.09613	0.59557	0.01394	0.01721	0.01855	0.01365	0.03713	0.01159	0.01501	0.00952	0.00552	0.00588	0.00179	0.00703	0.00527	0.00318	0.05483
73	0.02265	0.01684	0.01802	0.01396	0.01875	0.01869	0.01148	0.67272	0.08335	0.03758	0.01549	0.01533	0.01105	0.00742	0.00613	0.00186	0.00659	0.00562	0.00613	0.01035
74	0.02287	0.02917	0.01735	0.01577	0.01892	0.76030	0.01183	0.02444	0.01735	0.01498	0.00946	0.01104	0.00788	0.00631	0.00552	0.00158	0.01104	0.00394	0.00315	0.00710
75	0.00752	0.00537	0.00718	0.00860	0.00898	0.00503	0.00580	0.00864	0.01178	0.01570	0.03370	0.76154	0.04034	0.01912	0.00783	0.00249	0.00361	0.03609	0.00568	0.00499
76	0.01063	0.00532	0.00797	0.00797	0.00797	0.00532	0.00532	0.00797	0.00797	0.01063	0.01063	0.01861	0.01063	0.02127	0.02392	0.82190	0.00532	0.00532	0.00266	0.00266
77	0.00829	0.00624	0.00767	0.00731	0.00892	0.00562	0.00548	0.01083	0.01645	0.02247	0.56651	0.04915	0.23600	0.01329	0.00722	0.00196	0.00294	0.01155	0.00646	0.00562
78	0.02709	0.01102	0.01458	0.01118	0.01593	0.00990	0.00923	0.09258	0.01853	0.68674	0.02330	0.02028	0.01473	0.00756	0.00615	0.00189	0.00535	0.00610	0.00745	0.01042
79	0.01228	0.03166	0.75316	0.01745	0.02649	0.01422	0.02262	0.01939	0.01292	0.01939	0.01099	0.01292	0.00775	0.00582	0.00582	0.00194	0.00905	0.00452	0.00258	0.00905
80	0.02327	0.01715	0.01837	0.01408	0.01898	0.01898	0.01163	0.72628	0.02878	0.03858	0.01470	0.01470	0.01041	0.00735	0.00612	0.00184	0.00674	0.00551	0.00612	0.01041
81	0.00890	0.00593	0.00668	0.00668	0.00668	0.00593	0.00371	0.00890	0.00890	0.01187	0.01929	0.04006	0.02225	0.78487	0.03116	0.00593	0.00593	0.00890	0.00371	0.00371
82	0.01305	0.00823	0.00991	0.00868	0.01110	0.00791	0.00668	0.07107	0.06251	0.10894	0.35202	0.06187	0.03538	0.03199	0.00703	0.00191	0.00381	0.00868	0.12429	0.06493
83	0.53280	0.01416	0.06368	0.01016	0.01429	0.02933	0.00881	0.05788	0.17200	0.02680	0.01266	0.01327	0.00959	0.00637	0.00463	0.00193	0.00530	0.00432	0.00435	0.00768
84	0.01485	0.01437	0.02447	0.06641	0.64438	0.01483	0.03884	0.01839	0.01356	0.01943	0.01127	0.01511	0.00950	0.00585	0.00709	0.00190	0.06194	0.00550	0.00299	0.00932
85	0.74336	0.01240	0.00998	0.00869	0.01259	0.01428	0.00716	0.09258	0.01235	0.02863	0.00917	0.01044	0.00703	0.00586	0.00403	0.00189	0.00495	0.00355	0.00403	0.00703
86	0.01060	0.00975	0.03158	0.15893	0.06473	0.01021	0.05543	0.01374	0.03093	0.01704	0.05757	0.11343	0.08090	0.03865	0.11815	0.00343	0.06660	0.09014	0.00409	0.02410
87	0.00876	0.00659	0.00882	0.06193	0.01150	0.00636	0.00656	0.01161	0.01642	0.02290	0.61107	0.04379	0.10478	0.01359	0.03660	0.00225	0.00381	0.01063	0.00624	0.00579
88	0.00815	0.00620	0.00698	0.00698	0.00833	0.00562	0.00499	0.00964	0.01328	0.01700	0.18257	0.05203	0.36691	0.21946	0.01368	0.00312	0.00399	0.06078	0.00536	0.00493
89	0.01445	0.01371	0.02310	0.08777	0.61811	0.01409	0.01783	0.01798	0.01367	0.01938	0.01283	0.01901	0.01134	0.00650	0.00673	0.00194	0.03402	0.05527	0.00318	0.00909
90	0.82811	0.01184	0.00900	0.00805	0.01184	0.01373	0.00663	0.01799	0.01042	0.02746	0.00852	0.00994	0.00663	0.00568	0.00379	0.00189	0.00474	0.00331	0.00379	0.00663
91	0.00870	0.00673	0.00841	0.00897	0.03104	0.00644	0.00653	0.02593	0.01359	0.01773	0.13892	0.13631	0.28503	0.07058	0.11376	0.00352	0.00569	0.10133	0.00529	0.00548
92	0.01171	0.01103	0.01863	0.73945	0.07170	0.01364	0.01707	0.01577	0.01231	0.01582	0.01091	0.01627	0.00822	0.00609	0.00612	0.00203	0.00812	0.00544	0.00273	0.00692
93	0.01186	0.01119	0.01890	0.70877	0.10120	0.01368	0.01715	0.01590	0.01238	0.01601	0.01093	0.01622	0.00829	0.00606	0.00611	0.00202	0.00809	0.00544	0.00275	0.00704
94	0.01339	0.01339	0.01875	0.01607	0.01607	0.01875	0.01339	0.01473	0.00937	0.01473	0.00804	0.01339	0.00804	0.01071	0.02009	0.00268	0.77367	0.00536	0.00268	0.00670
95	0.08054	0.01071	0.01398	0.01080	0.01547	0.00960	0.00892	0.04933	0.01738	0.68212	0.02284	0.01993	0.01445	0.00744	0.00600	0.00189	0.00522	0.00595	0.00728	0.01017
96	0.01202	0.01135	0.01920	0.67556	0.13314	0.01372	0.01723	0.01605	0.01246	0.01620	0.01096	0.01617	0.00836	0.00603	0.00611	0.00201	0.00805	0.00544	0.00276	0.00717
97	0.48856	0.01130	0.01166	0.05497	0.07831	0.01247	0.00883	0.04299	0.01266	0.09393	0.02918	0.03216	0.01208	0.00722	0.00494	0.00196	0.00522	0.05741	0.02689	0.00725
98	0.01153	0.01074	0.01796	0.67894	0.07535	0.01309	0.01629	0.01551	0.01269	0.01649	0.06305	0.01835	0.01177	0.00654	0.00620	0.00202	0.00774	0.00584	0.00302	0.00687
99	0.00982	0.00724	0.00915	0.00902	0.01058	0.00707	0.02138	0.01277	0.06573	0.03484	0.12389	0.08506	0.15484	0.18973	0.04595	0.00344	0.00528	0.17567	0.00524	0.02331
100	0.73639	0.01217	0.01008	0.00887	0.01244	0.01431	0.00732	0.04746	0.01111	0.02702	0.00875	0.01039	0.00689	0.00611	0.00505	0.00195	0.05954	0.00355	0.00381	0.00679
101	0.01240	0.01750	0.26851	0.09253	0.10560	0.01152	0.02981	0.01716	0.03406	0.05334	0.08530	0.04200	0.08524	0.00826	0.00655	0.00194	0.02245	0.03598	0.00395	0.06588
102	0.00831	0.00624	0.00769	0.00733	0.00893	0.00563	0.00550	0.01087	0.01650	0.02257	0.57564	0.04897	0.22681	0.01325	0.00722	0.00196	0.00294	0.01153	0.00648	0.00563
103	0.01272	0.03932	0.32900	0.25505	0.11380	0.01466	0.03933	0.01829	0.03791	0.01810	0.01130	0.01465	0.00855	0.00623	0.00684	0.00200	0.05609	0.00510	0.00283	0.00824
104	0.00879	0.00667	0.00990	0.00993	0.01093	0.00778	0.00768	0.01087	0.00996	0.01433	0.01739	0.07760	0.01688	0.04298	0.68552	0.00911	0.03749	0.00730	0.00343	0.00547
105	0.07113	0.01204	0.01864	0.14712	0.35442	0.01271	0.03251	0.01758	0.06797	0.01934	0.01694	0.02405	0.04712	0.06364	0.00803	0.00228	0.00670	0.06613	0.00367	0.00797
106	0.01114	0.01002	0.01416	0.01278	0.01322	0.01321	0.01028	0.01272	0.00952	0.01429	0.01234	0.01988	0.01214	0.08822	0.32072	0.00584	0.40444	0.00613	0.00301	0.00595
107	0.01374	0.00836	0.00888	0.00785	0.01007	0.00871	0.00613	0.17473	0.01701	0.02660	0.11105	0.02391	0.01986	0.00787	0.00507	0.00158	0.00373	0.00635	0.53173	0.00678
108	0.01372	0.01393	0.01870	0.01606	0.01617	0.04406	0.01334	0.01506	0.00965	0.01474	0.00808	0.01331	0.00803	0.01056	0.01959	0.00264	0.74764	0.00531	0.00269	0.00671
109	0.00874	0.00656	0.00984	0.00984	0.01093	0.00765	0.00765	0.01093	0.00984	0.01421	0.01640	0.02405	0.01530	0.04591	0.76062	0.00984	0.01640	0.00656	0.00328	0.00547
110	0.00878	0.00596	0.00705	0.00715	0.00730	0.00605	0.00428	0.00910	0.00920	0.01239	0.02000	0.09103	0.02279	0.64969	0.10915	0.00612	0.00691	0.00925	0.00380	0.00399
111	0.00859	0.00620	0.00812	0.00775	0.00913	0.00573	0.00577	0.01136	0.01698	0.02400	0.69962	0.09113	0.05669	0.01293	0.00726	0.00196	0.00293	0.01146	0.00667	0.00573
112	0.01198	0.01121	0.01837	0.68471	0.07437	0.01375	0.01660	0.01691	0.06020	0.01651	0.01184	0.01669	0.00893	0.00623	0.00612	0.00203	0.00790	0.00554	0.00297	0.00713
113	0.00746	0.00533	0.00710	0.00852	0.00888	0.00497	0.00568	0.00852	0.01172	0.01563	0.03374	0.78088	0.04049	0.01918	0.00781	0.00249	0.00355	0.01740	0.00568	0.00497
114	0.01228	0.03166	0.75316	0.01745	0.02649	0.01422	0.02262	0.01939	0.01292	0.01939	0.01099	0.01292	0.00775	0.00582	0.00582	0.00194	0.00905	0.00452	0.00258	0.00905
115	0.01228	0.03166	0.75316	0.01745	0.02649	0.01422	0.02262	0.01939	0.01292	0.01939	0.01099	0.01292	0.00775	0.00582	0.00582	0.00194	0.00905	0.00452	0.00258	0.00905
116	0.82811	0.01184	0.00900	0.00805	0.01184	0.01373	0.00663	0.01799	0.01042	0.02746	0.00852	0.00994	0.00663	0.00568	0.00379	0.00189	0.00474	0.00331	0.00379	0.00663
117	0.01446	0.01578	0.12424	0.04555	0.37565	0.01307	0.01565	0.03339	0.07742	0.03856	0.03845	0.01631	0.01189	0.00595	0.00582	0.00171	0.00665	0.00535	0.00364	0.15046
118	0.01255	0.01072	0.01254	0.00905	0.01435	0.00807	0.00721	0.01522	0.01267	0.01982	0.01153	0.03439	0.00995	0.00495	0.00463	0.00095	0.00451	0.00402	0.00368	0.79921
119	0.01269	0.01088	0.01269	0.00907	0.01451	0.00816	0.00725	0.01541	0.01269	0.01995	0.01088	0.01269	0.00907	0.00453	0.00453	0.00091	0.00453	0.00363	0.00363	0.82229
120	0.01631	0.06545	0.05746	0.02687	0.43793	0.01359	0.04346	0.02008	0.03110	0.12770	0.04558	0.01824	0.03382	0.00639	0.00601	0.00180	0.00669	0.00587	0.00398	0.03165

[dist]
# distance from previous block
# <min> <max>
5	11

[block]
# block no. 2 follows, 37 sequences, length 23
# corresponding to MSA columns:
# 316-338
name=unknown_C
#
# <colnr> <probs for GDERKNQSTAVLIFYWHMCP>
#	G	D	E	R	K	N	Q	S	T	A	V	L	I	F	Y	W	H	M	C	P
0	0.01361	0.01356	0.06309	0.01207	0.03428	0.03786	0.05390	0.07050	0.01421	0.02062	0.01528	0.01690	0.06899	0.00614	0.00591	0.00134	0.04082	0.00495	0.00381	0.50215
1	0.01344	0.01243	0.02098	0.04779	0.37313	0.01227	0.11002	0.04976	0.01444	0.02015	0.05084	0.13433	0.01809	0.00860	0.00663	0.00199	0.00670	0.05251	0.00394	0.04196
2	0.01704	0.14799	0.05638	0.01301	0.01735	0.03465	0.02647	0.18505	0.36332	0.02566	0.01868	0.03794	0.01452	0.00761	0.00584	0.00188	0.00601	0.00607	0.00525	0.00929
3	0.26189	0.01270	0.01598	0.01583	0.15764	0.01234	0.06068	0.06455	0.01344	0.02346	0.01065	0.01274	0.00855	0.00529	0.00490	0.00153	0.00569	0.00427	0.00369	0.30417
4	0.01527	0.12610	0.29062	0.01844	0.04201	0.05106	0.20765	0.05254	0.01429	0.05377	0.01163	0.01391	0.00875	0.00592	0.00657	0.00187	0.04277	0.00522	0.00319	0.02843
5	0.04207	0.02449	0.42527	0.01790	0.02510	0.03430	0.17241	0.08584	0.03662	0.02145	0.01434	0.01618	0.04330	0.00636	0.00615	0.00196	0.00860	0.00561	0.00334	0.00870
6	0.01158	0.01006	0.01840	0.01542	0.01819	0.00970	0.25294	0.01444	0.01330	0.05119	0.02434	0.28089	0.02573	0.01308	0.00843	0.01893	0.03303	0.16912	0.00471	0.00651
7	0.00759	0.00543	0.00715	0.00839	0.00879	0.00514	0.00559	0.00864	0.01152	0.01535	0.03288	0.68652	0.05620	0.07133	0.03566	0.00296	0.00415	0.01634	0.00547	0.00491
8	0.01651	0.28025	0.26886	0.01504	0.02136	0.05285	0.08723	0.07448	0.01465	0.08019	0.01155	0.01297	0.00878	0.00596	0.00569	0.00173	0.02531	0.00458	0.00337	0.00864
9	0.03083	0.16824	0.18047	0.02015	0.18177	0.13810	0.05850	0.09331	0.03709	0.02018	0.01123	0.01317	0.00890	0.00590	0.00556	0.00173	0.00814	0.00471	0.00331	0.00872
10	0.01022	0.00559	0.00838	0.00838	0.00862	0.00583	0.00583	0.00862	0.00838	0.01142	0.01189	0.01980	0.01165	0.02666	0.18509	0.64425	0.00774	0.00559	0.00279	0.00327
11	0.00880	0.00744	0.03315	0.01127	0.05946	0.00676	0.00798	0.01061	0.01246	0.01667	0.04898	0.46928	0.07712	0.03928	0.00875	0.00255	0.02743	0.14116	0.00528	0.00559
12	0.04547	0.11880	0.35528	0.01676	0.07480	0.07054	0.04482	0.04480	0.05836	0.07681	0.02963	0.01464	0.01044	0.00622	0.00565	0.00183	0.00787	0.00492	0.00355	0.00880
13	0.01670	0.02019	0.16763	0.05887	0.09788	0.09242	0.26911	0.13683	0.01676	0.04564	0.01241	0.01495	0.00920	0.00592	0.00639	0.00192	0.00898	0.00578	0.00362	0.00878
14	0.00925	0.00667	0.00919	0.01046	0.01169	0.00661	0.00875	0.01165	0.01344	0.01754	0.03322	0.19526	0.06858	0.01875	0.04705	0.00308	0.00569	0.51210	0.00553	0.00549
15	0.01177	0.01112	0.01864	0.71368	0.07043	0.01382	0.01695	0.01574	0.01221	0.01579	0.01081	0.01617	0.00822	0.00625	0.00660	0.00205	0.03466	0.00544	0.00273	0.00692
16	0.01751	0.01610	0.04878	0.09524	0.23693	0.12240	0.04676	0.09920	0.05568	0.10333	0.01487	0.01853	0.01181	0.00878	0.04365	0.00229	0.00807	0.03718	0.00417	0.00871
17	0.01156	0.01088	0.01836	0.77016	0.04216	0.01360	0.01700	0.01564	0.01224	0.01564	0.01088	0.01632	0.00816	0.00612	0.00612	0.00204	0.00816	0.00544	0.00272	0.00680
18	0.01515	0.01450	0.02296	0.17955	0.54398	0.04197	0.01781	0.05484	0.01449	0.01991	0.01148	0.01521	0.00936	0.00571	0.00606	0.00185	0.00756	0.00540	0.00313	0.00907
19	0.00801	0.00644	0.00723	0.00688	0.00888	0.00553	0.00518	0.01011	0.01513	0.01963	0.30931	0.05192	0.45827	0.01389	0.00710	0.00196	0.00309	0.01181	0.00597	0.04364
20	0.05186	0.00920	0.01093	0.01094	0.06580	0.00900	0.00771	0.03640	0.11645	0.04176	0.06508	0.07118	0.23911	0.01523	0.10470	0.00289	0.00586	0.00862	0.00499	0.12230
21	0.04749	0.02406	0.01894	0.01602	0.01970	0.48137	0.08096	0.16037	0.01869	0.02042	0.01089	0.01265	0.00868	0.00753	0.02615	0.00193	0.02797	0.00465	0.00374	0.00779
22	0.02287	0.01695	0.01815	0.01400	0.01883	0.01880	0.01154	0.69181	0.06390	0.03793	0.01520	0.01510	0.01082	0.00740	0.00613	0.00185	0.00664	0.00558	0.00613	0.01037

[dist]
# distance from previous block
# <min> <max>
0	1

# created by:
# /home/cegg/simao/soft/augustus-3.2.1/scripts/msa2prfl.pl ./align_prep/EOG090W0G2U.fa
