[name]
unknown

[dist]
# distance from previous block
# <min> <max>
0	52

[block]
# block no. 0 follows, 33 sequences, length 74
# corresponding to MSA columns:
# 69-142
name=unknown_A
#
# <colnr> <probs for GDERKNQSTAVLIFYWHMCP>
#	G	D	E	R	K	N	Q	S	T	A	V	L	I	F	Y	W	H	M	C	P
0	0.01061	0.00758	0.01061	0.01212	0.01364	0.00758	0.01061	0.01364	0.01515	0.01970	0.03486	0.07426	0.03789	0.01819	0.00909	0.00303	0.00606	0.68326	0.00606	0.00606
1	0.01108	0.00786	0.00935	0.00971	0.01115	0.00799	0.00706	0.08112	0.07042	0.02129	0.03223	0.45177	0.06347	0.01709	0.02619	0.00261	0.00458	0.04086	0.11766	0.00649
2	0.01345	0.07618	0.69460	0.01834	0.02783	0.01590	0.02358	0.02078	0.01387	0.02054	0.01166	0.01371	0.00835	0.00622	0.00614	0.00205	0.00958	0.00479	0.00278	0.00966
3	0.00802	0.00573	0.00764	0.00917	0.00955	0.00535	0.00611	0.00917	0.01260	0.01681	0.03628	0.76434	0.04354	0.02062	0.00840	0.00267	0.00382	0.01872	0.00611	0.00535
4	0.01629	0.01564	0.02672	0.04041	0.72757	0.01564	0.02020	0.02020	0.01499	0.02151	0.01238	0.01629	0.01043	0.00587	0.00652	0.00196	0.00782	0.00587	0.00326	0.01043
5	0.01351	0.01280	0.02170	0.55359	0.23613	0.01491	0.01882	0.01777	0.01367	0.01813	0.01189	0.01720	0.00924	0.00638	0.00656	0.00213	0.00851	0.00585	0.00302	0.00818
6	0.31789	0.01292	0.01349	0.01118	0.01565	0.01372	0.00910	0.08263	0.15052	0.28055	0.01907	0.01794	0.01321	0.00752	0.00569	0.00207	0.00547	0.00559	0.00623	0.00954
7	0.00809	0.00586	0.00751	0.00879	0.00933	0.00543	0.00587	0.00922	0.01266	0.01665	0.03837	0.64832	0.11095	0.06731	0.00992	0.00286	0.00393	0.01765	0.00598	0.00528
8	0.01760	0.77260	0.03450	0.01126	0.01690	0.02605	0.01126	0.01971	0.01338	0.01549	0.00915	0.01056	0.00845	0.00563	0.00422	0.00141	0.00704	0.00352	0.00282	0.00845
9	0.02954	0.01120	0.01528	0.01171	0.01681	0.00968	0.00968	0.03208	0.01884	0.73213	0.02597	0.02241	0.01630	0.00815	0.00662	0.00204	0.00560	0.00662	0.00815	0.01120
10	0.01608	0.01542	0.02633	0.08010	0.68956	0.01559	0.02010	0.02002	0.01489	0.02125	0.01235	0.01636	0.01034	0.00591	0.00652	0.00197	0.00787	0.00586	0.00324	0.01025
11	0.81514	0.01273	0.00968	0.00866	0.01273	0.01477	0.00713	0.01935	0.01120	0.02954	0.00917	0.01069	0.00713	0.00611	0.00407	0.00204	0.00509	0.00356	0.00407	0.00713
12	0.01440	0.01440	0.02016	0.01728	0.01728	0.02016	0.01440	0.01584	0.01008	0.01584	0.00864	0.01440	0.00864	0.01152	0.02160	0.00288	0.75659	0.00576	0.00288	0.00720
13	0.04337	0.00638	0.00632	0.00633	0.00793	0.00645	0.00475	0.01530	0.01367	0.02450	0.02146	0.04694	0.01732	0.00801	0.00470	0.00159	0.00317	0.00643	0.74925	0.00615
14	0.00802	0.00573	0.00764	0.00917	0.00955	0.00535	0.00611	0.00917	0.01260	0.01681	0.03628	0.76434	0.04354	0.02062	0.00840	0.00267	0.00382	0.01872	0.00611	0.00535
15	0.00802	0.00573	0.00764	0.00917	0.00955	0.00535	0.00611	0.00917	0.01260	0.01681	0.03628	0.76434	0.04354	0.02062	0.00840	0.00267	0.00382	0.01872	0.00611	0.00535
16	0.01320	0.03405	0.73453	0.01876	0.02849	0.01529	0.02432	0.02085	0.01390	0.02085	0.01181	0.01390	0.00834	0.00625	0.00625	0.00208	0.00973	0.00486	0.00278	0.00973
17	0.01061	0.00758	0.01061	0.01212	0.01364	0.00758	0.01061	0.01364	0.01515	0.01970	0.03486	0.07426	0.03789	0.01819	0.00909	0.00303	0.00606	0.68326	0.00606	0.00606
18	0.01365	0.01170	0.01365	0.00975	0.01560	0.00878	0.00780	0.01658	0.01365	0.02145	0.01170	0.01365	0.00975	0.00488	0.00488	0.00098	0.00488	0.00390	0.00390	0.80888
19	0.02503	0.01844	0.01976	0.01515	0.02042	0.02042	0.01251	0.70562	0.03095	0.04149	0.01581	0.01581	0.01120	0.00790	0.00659	0.00198	0.00724	0.00593	0.00659	0.01120
20	0.81514	0.01273	0.00968	0.00866	0.01273	0.01477	0.00713	0.01935	0.01120	0.02954	0.00917	0.01069	0.00713	0.00611	0.00407	0.00204	0.00509	0.00356	0.00407	0.00713
21	0.01637	0.01414	0.01489	0.01340	0.01712	0.01637	0.01042	0.03498	0.71568	0.02754	0.02679	0.02456	0.02010	0.00893	0.00670	0.00223	0.00521	0.00744	0.00670	0.01042
22	0.81514	0.01273	0.00968	0.00866	0.01273	0.01477	0.00713	0.01935	0.01120	0.02954	0.00917	0.01069	0.00713	0.00611	0.00407	0.00204	0.00509	0.00356	0.00407	0.00713
23	0.01629	0.01564	0.02672	0.04041	0.72757	0.01564	0.02020	0.02020	0.01499	0.02151	0.01238	0.01629	0.01043	0.00587	0.00652	0.00196	0.00782	0.00587	0.00326	0.01043
24	0.01637	0.01414	0.01489	0.01340	0.01712	0.01637	0.01042	0.03498	0.71568	0.02754	0.02679	0.02456	0.02010	0.00893	0.00670	0.00223	0.00521	0.00744	0.00670	0.01042
25	0.01582	0.01046	0.01189	0.01051	0.01381	0.01062	0.00821	0.02430	0.28206	0.17264	0.13600	0.03804	0.21512	0.01149	0.00712	0.00217	0.00449	0.00964	0.00692	0.00868
26	0.01745	0.01468	0.01549	0.01362	0.01753	0.01688	0.01068	0.11872	0.63018	0.02928	0.02542	0.02347	0.01898	0.00880	0.00668	0.00220	0.00546	0.00725	0.00668	0.01052
27	0.00801	0.00576	0.00761	0.00909	0.00953	0.00535	0.00608	0.00918	0.01268	0.01684	0.03726	0.74191	0.06534	0.02050	0.00838	0.00266	0.00380	0.01856	0.00611	0.00535
28	0.00802	0.00573	0.00764	0.00917	0.00955	0.00535	0.00611	0.00917	0.01260	0.01681	0.03628	0.76434	0.04354	0.02062	0.00840	0.00267	0.00382	0.01872	0.00611	0.00535
29	0.02518	0.01819	0.01961	0.01503	0.02029	0.02005	0.01242	0.68281	0.03054	0.06488	0.01615	0.01603	0.01137	0.00791	0.00659	0.00198	0.00719	0.00595	0.00664	0.01120
30	0.00802	0.00573	0.00764	0.00917	0.00955	0.00535	0.00611	0.00917	0.01260	0.01681	0.03628	0.76434	0.04354	0.02062	0.00840	0.00267	0.00382	0.01872	0.00611	0.00535
31	0.00799	0.00668	0.00696	0.00689	0.00902	0.00565	0.00517	0.00986	0.01550	0.01896	0.15675	0.06141	0.63410	0.01623	0.00778	0.00220	0.00330	0.01362	0.00627	0.00565
32	0.00924	0.00667	0.00873	0.00833	0.00982	0.00616	0.00621	0.01223	0.01829	0.02584	0.68424	0.09062	0.06104	0.01387	0.00780	0.00211	0.00315	0.01230	0.00718	0.00616
33	0.02934	0.01152	0.01547	0.01186	0.01696	0.01014	0.00980	0.06136	0.01937	0.70211	0.02553	0.02212	0.01607	0.00814	0.00662	0.00203	0.00567	0.00659	0.00808	0.01120
34	0.00940	0.00705	0.01058	0.01058	0.01176	0.00823	0.00823	0.01176	0.01058	0.01528	0.01763	0.02586	0.01646	0.04937	0.74255	0.01058	0.01763	0.00705	0.00353	0.00588
35	0.01043	0.00752	0.01036	0.01178	0.01334	0.00745	0.01026	0.01338	0.01515	0.01958	0.03686	0.07357	0.08113	0.01809	0.00901	0.00298	0.00589	0.64113	0.00607	0.00603
36	0.00875	0.00671	0.00862	0.07665	0.01274	0.00644	0.00702	0.01066	0.01400	0.01838	0.10470	0.38339	0.22768	0.01696	0.00787	0.00241	0.00412	0.03707	0.04011	0.00572
37	0.01515	0.03041	0.56754	0.01916	0.05254	0.05720	0.04848	0.02241	0.04507	0.06183	0.01326	0.01497	0.00946	0.00647	0.00634	0.00207	0.00940	0.00519	0.00333	0.00972
38	0.01708	0.01909	0.01789	0.07776	0.01979	0.28149	0.01303	0.01902	0.01356	0.01592	0.01104	0.01576	0.00997	0.01603	0.14127	0.00374	0.29180	0.00544	0.00318	0.00714
39	0.01365	0.01170	0.01365	0.00975	0.01560	0.00878	0.00780	0.01658	0.01365	0.02145	0.01170	0.01365	0.00975	0.00488	0.00488	0.00098	0.00488	0.00390	0.00390	0.80888
40	0.05842	0.03550	0.10967	0.01368	0.01553	0.01388	0.01203	0.01439	0.01151	0.01744	0.01834	0.24409	0.02004	0.04476	0.04076	0.00304	0.30651	0.00960	0.00399	0.00683
41	0.01620	0.23546	0.12904	0.01403	0.01890	0.03639	0.04699	0.11200	0.09186	0.02291	0.10912	0.02083	0.04099	0.00829	0.00733	0.00196	0.06818	0.00633	0.00447	0.00873
42	0.00890	0.00663	0.00827	0.00803	0.00962	0.00601	0.00596	0.01155	0.01740	0.02386	0.53424	0.11183	0.19399	0.01470	0.00782	0.00215	0.00321	0.01288	0.00692	0.00601
43	0.01468	0.01228	0.01648	0.34651	0.02915	0.01447	0.01352	0.02493	0.31229	0.05129	0.04760	0.02229	0.01637	0.00797	0.00660	0.00217	0.00666	0.00681	0.03924	0.00870
44	0.01629	0.01564	0.02672	0.04041	0.72757	0.01564	0.02020	0.02020	0.01499	0.02151	0.01238	0.01629	0.01043	0.00587	0.00652	0.00196	0.00782	0.00587	0.00326	0.01043
45	0.00802	0.00573	0.00764	0.00917	0.00955	0.00535	0.00611	0.00917	0.01260	0.01681	0.03628	0.76434	0.04354	0.02062	0.00840	0.00267	0.00382	0.01872	0.00611	0.00535
46	0.00784	0.00667	0.00676	0.00673	0.00893	0.00558	0.00505	0.00957	0.01515	0.01814	0.09353	0.06278	0.69784	0.01654	0.00778	0.00222	0.00333	0.01381	0.00616	0.00558
47	0.00940	0.00705	0.01058	0.01058	0.01176	0.00823	0.00823	0.01176	0.01058	0.01528	0.01763	0.02586	0.01646	0.04937	0.74255	0.01058	0.01763	0.00705	0.00353	0.00588
48	0.01227	0.00614	0.00614	0.00614	0.00767	0.00614	0.00460	0.01534	0.01381	0.02454	0.02148	0.02454	0.01687	0.00767	0.00460	0.00153	0.00307	0.00614	0.80518	0.00614
49	0.02503	0.01844	0.01976	0.01515	0.02042	0.02042	0.01251	0.70562	0.03095	0.04149	0.01581	0.01581	0.01120	0.00790	0.00659	0.00198	0.00724	0.00593	0.00659	0.01120
50	0.01243	0.01170	0.01975	0.75282	0.04534	0.01463	0.01828	0.01682	0.01316	0.01682	0.01170	0.01755	0.00878	0.00658	0.00658	0.00219	0.00878	0.00585	0.00293	0.00731
51	0.01637	0.01414	0.01489	0.01340	0.01712	0.01637	0.01042	0.03498	0.71568	0.02754	0.02679	0.02456	0.02010	0.00893	0.00670	0.00223	0.00521	0.00744	0.00670	0.01042
52	0.00917	0.00675	0.00859	0.00820	0.00983	0.00617	0.00619	0.01210	0.01810	0.02518	0.62589	0.05158	0.14099	0.01398	0.00780	0.00212	0.00322	0.03094	0.00708	0.00613
53	0.01365	0.01170	0.01365	0.00975	0.01560	0.00878	0.00780	0.01658	0.01365	0.02145	0.01170	0.01365	0.00975	0.00488	0.00488	0.00098	0.00488	0.00390	0.00390	0.80888
54	0.01320	0.03405	0.73453	0.01876	0.02849	0.01529	0.02432	0.02085	0.01390	0.02085	0.01181	0.01390	0.00834	0.00625	0.00625	0.00208	0.00973	0.00486	0.00278	0.00973
55	0.00778	0.00667	0.00667	0.00667	0.00889	0.00556	0.00500	0.00945	0.01501	0.01778	0.06669	0.06336	0.72490	0.01667	0.00778	0.00222	0.00333	0.01389	0.00611	0.00556
56	0.01320	0.03405	0.73453	0.01876	0.02849	0.01529	0.02432	0.02085	0.01390	0.02085	0.01181	0.01390	0.00834	0.00625	0.00625	0.00208	0.00973	0.00486	0.00278	0.00973
57	0.01629	0.01564	0.02672	0.04041	0.72757	0.01564	0.02020	0.02020	0.01499	0.02151	0.01238	0.01629	0.01043	0.00587	0.00652	0.00196	0.00782	0.00587	0.00326	0.01043
58	0.01049	0.00699	0.00918	0.00848	0.01024	0.00641	0.00641	0.01356	0.01865	0.06730	0.68364	0.04762	0.05946	0.01315	0.00770	0.00207	0.00325	0.01160	0.00730	0.00650
59	0.00844	0.00676	0.00761	0.00777	0.00971	0.00593	0.00600	0.01052	0.01559	0.01955	0.18009	0.08949	0.48898	0.01644	0.00797	0.00232	0.00367	0.10112	0.00631	0.00573
60	0.01766	0.02782	0.53829	0.01684	0.02530	0.01376	0.02033	0.02391	0.01525	0.21492	0.01568	0.01622	0.01051	0.00677	0.00635	0.00207	0.00860	0.00534	0.00424	0.01013
61	0.01320	0.03405	0.73453	0.01876	0.02849	0.01529	0.02432	0.02085	0.01390	0.02085	0.01181	0.01390	0.00834	0.00625	0.00625	0.00208	0.00973	0.00486	0.00278	0.00973
62	0.00812	0.00580	0.00776	0.00928	0.00971	0.00544	0.00629	0.00935	0.01271	0.01692	0.03623	0.73676	0.04332	0.02053	0.00843	0.00269	0.00391	0.04528	0.00611	0.00538
63	0.01562	0.01566	0.02882	0.12783	0.47014	0.01576	0.18830	0.01999	0.01489	0.02081	0.01253	0.01681	0.01011	0.00588	0.00683	0.00205	0.00875	0.00633	0.00323	0.00965
64	0.01772	0.01903	0.02223	0.10011	0.36940	0.21518	0.01669	0.02123	0.03610	0.01918	0.01294	0.04784	0.01134	0.00728	0.00740	0.00200	0.05591	0.00602	0.00346	0.00893
65	0.00802	0.00573	0.00764	0.00917	0.00955	0.00535	0.00611	0.00917	0.01260	0.01681	0.03628	0.76434	0.04354	0.02062	0.00840	0.00267	0.00382	0.01872	0.00611	0.00535
66	0.00940	0.00688	0.00889	0.00978	0.01104	0.00663	0.00771	0.01149	0.01407	0.01828	0.07850	0.18908	0.16143	0.10152	0.04271	0.00346	0.00553	0.30218	0.00581	0.00562
67	0.01872	0.22178	0.09869	0.01531	0.07641	0.10239	0.01273	0.08615	0.06229	0.10967	0.09127	0.04407	0.01753	0.00794	0.00603	0.00186	0.00716	0.00622	0.00477	0.00903
68	0.00940	0.00705	0.01058	0.01058	0.01176	0.00823	0.00823	0.01176	0.01058	0.01528	0.01763	0.02586	0.01646	0.04937	0.74255	0.01058	0.01763	0.00705	0.00353	0.00588
69	0.00926	0.00700	0.01015	0.01012	0.01141	0.00789	0.00784	0.01160	0.01142	0.01614	0.06267	0.03034	0.07822	0.04456	0.63866	0.00939	0.01560	0.00791	0.00396	0.00587
70	0.01334	0.05138	0.59651	0.01997	0.08261	0.01508	0.04213	0.02010	0.01394	0.02052	0.01325	0.05759	0.01060	0.00702	0.00639	0.00209	0.00920	0.00579	0.00303	0.00947
71	0.01605	0.01582	0.05599	0.13362	0.47985	0.01540	0.07680	0.02110	0.05420	0.04701	0.01365	0.01717	0.01083	0.00621	0.00663	0.00203	0.00808	0.00610	0.00357	0.00987
72	0.01551	0.02535	0.32628	0.01775	0.02336	0.14713	0.07714	0.04640	0.01485	0.01960	0.01416	0.10085	0.01274	0.00880	0.00887	0.00221	0.12029	0.00678	0.00349	0.00845
73	0.11344	0.13853	0.01812	0.06249	0.01828	0.01580	0.03708	0.04400	0.25616	0.11537	0.03928	0.03878	0.01632	0.00798	0.00595	0.00201	0.00586	0.00643	0.04904	0.00907

[dist]
# distance from previous block
# <min> <max>
0	4

[block]
# block no. 1 follows, 33 sequences, length 9
# corresponding to MSA columns:
# 147-155
name=unknown_B
#
# <colnr> <probs for GDERKNQSTAVLIFYWHMCP>
#	G	D	E	R	K	N	Q	S	T	A	V	L	I	F	Y	W	H	M	C	P
0	0.01658	0.07553	0.12532	0.02043	0.15842	0.05644	0.10467	0.12470	0.01821	0.04795	0.13883	0.02300	0.04488	0.00801	0.00671	0.00199	0.00755	0.00707	0.00464	0.00905
1	0.01355	0.01194	0.04724	0.04453	0.16033	0.01090	0.01190	0.01733	0.04820	0.05698	0.01854	0.11306	0.01745	0.01584	0.12876	0.00336	0.03350	0.04522	0.00434	0.19702
2	0.01354	0.01213	0.01361	0.06688	0.01736	0.05203	0.00878	0.01707	0.05060	0.02044	0.01592	0.12175	0.01498	0.00758	0.00567	0.00142	0.00545	0.00637	0.00426	0.54417
3	0.04161	0.01850	0.05120	0.06508	0.21061	0.15631	0.01443	0.09560	0.05813	0.08129	0.01393	0.01579	0.01076	0.00674	0.00660	0.00185	0.03041	0.00535	0.00430	0.11152
4	0.00883	0.00653	0.00808	0.00888	0.01001	0.00609	0.00657	0.01052	0.01384	0.01791	0.09392	0.29377	0.20969	0.11276	0.01151	0.00306	0.00446	0.16221	0.00592	0.00545
5	0.01173	0.00936	0.01064	0.01030	0.01247	0.00981	0.00767	0.05036	0.24277	0.02342	0.16995	0.25531	0.13129	0.01432	0.00756	0.00232	0.00422	0.01249	0.00654	0.00746
6	0.81514	0.01273	0.00968	0.00866	0.01273	0.01477	0.00713	0.01935	0.01120	0.02954	0.00917	0.01069	0.00713	0.00611	0.00407	0.00204	0.00509	0.00356	0.00407	0.00713
7	0.00832	0.00596	0.00790	0.00897	0.00961	0.00554	0.00613	0.00991	0.01398	0.01899	0.19284	0.60156	0.04777	0.01899	0.00826	0.00254	0.00366	0.01717	0.00637	0.00554
8	0.00932	0.00673	0.00880	0.00828	0.00984	0.00621	0.00621	0.01242	0.01863	0.02640	0.72410	0.04918	0.06212	0.01346	0.00776	0.00207	0.00311	0.01191	0.00725	0.00621

[dist]
# distance from previous block
# <min> <max>
0	156

[block]
# block no. 2 follows, 33 sequences, length 29
# corresponding to MSA columns:
# 314-342
name=unknown_C
#
# <colnr> <probs for GDERKNQSTAVLIFYWHMCP>
#	G	D	E	R	K	N	Q	S	T	A	V	L	I	F	Y	W	H	M	C	P
0	0.02424	0.01768	0.01892	0.01459	0.01963	0.01953	0.01202	0.66301	0.02989	0.04044	0.01616	0.01635	0.01155	0.00789	0.00646	0.00195	0.00699	0.00594	0.05589	0.01088
1	0.01526	0.01432	0.02360	0.27851	0.44249	0.01548	0.01886	0.04018	0.04844	0.02081	0.01295	0.01710	0.01036	0.00631	0.00655	0.00205	0.00800	0.00594	0.00341	0.00940
2	0.01320	0.03405	0.73453	0.01876	0.02849	0.01529	0.02432	0.02085	0.01390	0.02085	0.01181	0.01390	0.00834	0.00625	0.00625	0.00208	0.00973	0.00486	0.00278	0.00973
3	0.01285	0.01213	0.02050	0.67536	0.11952	0.01474	0.01849	0.01719	0.01336	0.01733	0.01178	0.01741	0.00896	0.00650	0.00657	0.00217	0.00867	0.00585	0.00296	0.00765
4	0.01436	0.22887	0.54987	0.01679	0.02543	0.01813	0.02088	0.02055	0.01376	0.01943	0.01111	0.01302	0.00837	0.00609	0.00572	0.00191	0.00902	0.00451	0.00279	0.00939
5	0.81514	0.01273	0.00968	0.00866	0.01273	0.01477	0.00713	0.01935	0.01120	0.02954	0.00917	0.01069	0.00713	0.00611	0.00407	0.00204	0.00509	0.00356	0.00407	0.00713
6	0.01604	0.01539	0.02627	0.08659	0.68334	0.01558	0.02008	0.01998	0.01487	0.02120	0.01234	0.01638	0.01032	0.00591	0.00652	0.00197	0.00788	0.00586	0.00324	0.01023
7	0.01203	0.00767	0.00894	0.00828	0.01074	0.00678	0.00631	0.03585	0.01661	0.13068	0.18644	0.11871	0.39658	0.01481	0.00762	0.00220	0.00381	0.01257	0.00667	0.00672
8	0.00932	0.00673	0.00880	0.00828	0.00984	0.00621	0.00621	0.01242	0.01863	0.02640	0.72410	0.04918	0.06212	0.01346	0.00776	0.00207	0.00311	0.01191	0.00725	0.00621
9	0.01760	0.77260	0.03450	0.01126	0.01690	0.02605	0.01126	0.01971	0.01338	0.01549	0.00915	0.01056	0.00845	0.00563	0.00422	0.00141	0.00704	0.00352	0.00282	0.00845
10	0.58698	0.01305	0.01177	0.00991	0.01429	0.01443	0.00817	0.09416	0.01470	0.16024	0.01296	0.01339	0.00925	0.00668	0.00481	0.00203	0.00541	0.00438	0.00509	0.00831
11	0.01443	0.01384	0.02381	0.37914	0.37922	0.01519	0.04251	0.01862	0.01414	0.01926	0.01209	0.01694	0.00963	0.00620	0.00659	0.00208	0.00839	0.00592	0.00310	0.00889
12	0.01227	0.00614	0.00614	0.00614	0.00767	0.00614	0.00460	0.01534	0.01381	0.02454	0.02148	0.02454	0.01687	0.00767	0.00460	0.00153	0.00307	0.00614	0.80518	0.00614
13	0.01255	0.01168	0.01661	0.01480	0.01523	0.01574	0.01211	0.01433	0.01027	0.01564	0.01198	0.01865	0.01154	0.02557	0.28910	0.00574	0.48242	0.00624	0.00312	0.00671
14	0.31875	0.01541	0.01545	0.01231	0.01711	0.01697	0.01016	0.36601	0.02210	0.12420	0.01463	0.01474	0.01033	0.00727	0.00566	0.00201	0.00624	0.00514	0.00585	0.00969
15	0.00850	0.00607	0.00819	0.00971	0.01030	0.00576	0.00694	0.00999	0.01307	0.01734	0.03602	0.63721	0.04250	0.02018	0.00853	0.00274	0.00423	0.14115	0.00610	0.00548
16	0.01637	0.01414	0.01489	0.01340	0.01712	0.01637	0.01042	0.03498	0.71568	0.02754	0.02679	0.02456	0.02010	0.00893	0.00670	0.00223	0.00521	0.00744	0.00670	0.01042
17	0.02898	0.01133	0.01526	0.01178	0.01682	0.00996	0.00971	0.03220	0.04813	0.70252	0.02601	0.02250	0.01646	0.00818	0.00662	0.00205	0.00559	0.00665	0.00809	0.01117
18	0.02503	0.01844	0.01976	0.01515	0.02042	0.02042	0.01251	0.70562	0.03095	0.04149	0.01581	0.01581	0.01120	0.00790	0.00659	0.00198	0.00724	0.00593	0.00659	0.01120
19	0.00973	0.00753	0.01120	0.01101	0.01211	0.00900	0.00863	0.01202	0.01055	0.01532	0.01705	0.02512	0.01595	0.04692	0.69581	0.01008	0.06554	0.00697	0.00348	0.00596
20	0.00862	0.00670	0.00783	0.00755	0.00941	0.00592	0.00566	0.01108	0.01699	0.02250	0.42625	0.05560	0.36240	0.01491	0.00777	0.00214	0.00321	0.01281	0.00673	0.00592
21	0.01243	0.01170	0.01975	0.75282	0.04534	0.01463	0.01828	0.01682	0.01316	0.01682	0.01170	0.01755	0.00878	0.00658	0.00658	0.00219	0.00878	0.00585	0.00293	0.00731
22	0.01417	0.11153	0.63847	0.01775	0.02691	0.01626	0.02249	0.02107	0.01399	0.04200	0.01196	0.01381	0.00859	0.00625	0.00605	0.00201	0.00932	0.00478	0.00295	0.00964
23	0.01268	0.01212	0.02054	0.67660	0.04310	0.01506	0.04551	0.01693	0.01306	0.01693	0.01157	0.01736	0.00882	0.00686	0.00759	0.00224	0.05681	0.00592	0.00294	0.00737
24	0.01567	0.01453	0.02183	0.01800	0.01911	0.01899	0.08899	0.01764	0.01134	0.07050	0.01046	0.01537	0.00937	0.01062	0.01897	0.00275	0.61883	0.00604	0.00333	0.00769
25	0.01921	0.02467	0.17559	0.09571	0.04319	0.26794	0.08749	0.06262	0.04539	0.06142	0.01292	0.01510	0.00978	0.00695	0.00712	0.00201	0.04499	0.00539	0.00377	0.00876
26	0.01256	0.00914	0.01284	0.01178	0.01366	0.01021	0.02938	0.03426	0.04176	0.08229	0.04639	0.05476	0.08984	0.03009	0.35894	0.00631	0.09877	0.04543	0.00468	0.00690
27	0.01818	0.66871	0.05760	0.01213	0.01767	0.10080	0.01188	0.02044	0.01395	0.01574	0.00935	0.01082	0.00845	0.00578	0.00448	0.00146	0.00764	0.00364	0.00288	0.00841
28	0.04217	0.23255	0.24113	0.01590	0.07863	0.01722	0.01524	0.05578	0.03418	0.06381	0.01248	0.01392	0.00968	0.00609	0.00547	0.00170	0.00739	0.00460	0.00368	0.13838

[dist]
# distance from previous block
# <min> <max>
0	1

[block]
# block no. 3 follows, 33 sequences, length 393
# corresponding to MSA columns:
# 344-442,445-459,468-746
name=unknown_D
#
# <colnr> <probs for GDERKNQSTAVLIFYWHMCP>
#	G	D	E	R	K	N	Q	S	T	A	V	L	I	F	Y	W	H	M	C	P
0	0.02155	0.02107	0.11808	0.01548	0.02085	0.09398	0.01375	0.40135	0.16852	0.03310	0.01693	0.01694	0.01235	0.00777	0.00650	0.00201	0.00765	0.00592	0.00575	0.01046
1	0.01421	0.01168	0.01435	0.01248	0.01571	0.01257	0.05691	0.02587	0.39823	0.04934	0.25261	0.03313	0.05375	0.01037	0.00715	0.00217	0.00489	0.00907	0.00667	0.00883
2	0.01419	0.01190	0.01457	0.01043	0.01629	0.00908	0.03191	0.01720	0.01387	0.04281	0.01219	0.01406	0.00996	0.00500	0.00503	0.00105	0.00511	0.00412	0.00401	0.75724
3	0.00829	0.00669	0.00737	0.00720	0.00920	0.00577	0.00540	0.01043	0.01620	0.02063	0.28373	0.05867	0.50608	0.01561	0.00778	0.00217	0.00326	0.01324	0.00649	0.00577
4	0.01227	0.00614	0.00614	0.00614	0.00767	0.00614	0.00460	0.01534	0.01381	0.02454	0.02148	0.02454	0.01687	0.00767	0.00460	0.00153	0.00307	0.00614	0.80518	0.00614
5	0.08797	0.04758	0.02733	0.02044	0.02563	0.19340	0.32684	0.07309	0.09119	0.02257	0.01365	0.01603	0.01048	0.00643	0.00668	0.00203	0.00972	0.00623	0.00398	0.00874
6	0.00949	0.00673	0.00892	0.00892	0.00952	0.00733	0.00616	0.01069	0.01009	0.01405	0.01915	0.03426	0.02010	0.40022	0.39669	0.00853	0.01215	0.00828	0.00375	0.00496
7	0.00945	0.00688	0.00968	0.00968	0.01054	0.00774	0.00711	0.01118	0.01031	0.01462	0.01846	0.03042	0.01844	0.23974	0.55489	0.00947	0.01466	0.00772	0.00365	0.00538
8	0.01336	0.06084	0.70914	0.01849	0.02807	0.01568	0.02385	0.02081	0.01388	0.02065	0.01172	0.01378	0.00834	0.00623	0.00618	0.00206	0.00963	0.00482	0.00278	0.00968
9	0.62617	0.01591	0.03068	0.04195	0.01573	0.11705	0.00894	0.02070	0.03219	0.02682	0.00998	0.01163	0.00779	0.00631	0.00457	0.00200	0.00633	0.00390	0.00397	0.00737
10	0.00956	0.00645	0.00753	0.00753	0.00765	0.00657	0.00443	0.00980	0.00968	0.01302	0.02042	0.04131	0.02316	0.69453	0.10657	0.00681	0.00754	0.00931	0.00394	0.00418
11	0.02015	0.42851	0.02842	0.01364	0.01901	0.05802	0.05484	0.18574	0.05571	0.05983	0.01287	0.01369	0.01023	0.00653	0.00535	0.00169	0.00741	0.00477	0.00426	0.00934
12	0.01308	0.01076	0.09334	0.04751	0.01547	0.00824	0.01022	0.01595	0.01481	0.13523	0.03435	0.22325	0.13506	0.01460	0.00771	0.00245	0.00546	0.17059	0.03477	0.00713
13	0.01396	0.10972	0.52839	0.04200	0.02607	0.01603	0.04208	0.04895	0.01427	0.02042	0.01241	0.01604	0.00970	0.06299	0.00814	0.00233	0.00910	0.00524	0.00306	0.00912
14	0.81514	0.01273	0.00968	0.00866	0.01273	0.01477	0.00713	0.01935	0.01120	0.02954	0.00917	0.01069	0.00713	0.00611	0.00407	0.00204	0.00509	0.00356	0.00407	0.00713
15	0.01430	0.01361	0.02313	0.40737	0.37616	0.01512	0.01921	0.01846	0.01405	0.01909	0.01203	0.01694	0.00958	0.00623	0.00655	0.00208	0.00831	0.00586	0.00309	0.00882
16	0.01342	0.05679	0.69392	0.01839	0.02783	0.01566	0.02355	0.02118	0.03199	0.02085	0.01212	0.01407	0.00865	0.00630	0.00620	0.00207	0.00953	0.00489	0.00288	0.00971
17	0.04821	0.04330	0.02089	0.03733	0.02108	0.05862	0.13580	0.31243	0.02171	0.04820	0.03853	0.07539	0.01663	0.04137	0.00805	0.00230	0.00765	0.04812	0.00536	0.00902
18	0.01527	0.01163	0.01382	0.01251	0.01538	0.03088	0.03028	0.06516	0.20992	0.09297	0.06845	0.04068	0.11946	0.03094	0.00913	0.00250	0.05764	0.15906	0.00613	0.00819
19	0.00881	0.00648	0.00840	0.00940	0.01051	0.00606	0.00708	0.01079	0.01446	0.01903	0.13788	0.38400	0.14886	0.01840	0.00839	0.00261	0.00420	0.18273	0.00626	0.00568
20	0.01421	0.01219	0.03497	0.01019	0.01596	0.00896	0.00847	0.01726	0.01393	0.05167	0.01315	0.01622	0.01100	0.00554	0.00514	0.00113	0.00509	0.02860	0.00413	0.72218
21	0.01504	0.01194	0.01334	0.01069	0.01476	0.05998	0.00842	0.04362	0.01521	0.08486	0.11304	0.02167	0.01878	0.03214	0.10101	0.00273	0.02958	0.00596	0.00474	0.39248
22	0.81514	0.01273	0.00968	0.00866	0.01273	0.01477	0.00713	0.01935	0.01120	0.02954	0.00917	0.01069	0.00713	0.00611	0.00407	0.00204	0.00509	0.00356	0.00407	0.00713
23	0.00944	0.00687	0.00819	0.00777	0.00971	0.00608	0.00586	0.01196	0.01721	0.04850	0.43915	0.05381	0.32230	0.01454	0.00773	0.00213	0.00329	0.01250	0.00683	0.00613
24	0.00940	0.00705	0.01058	0.01058	0.01176	0.00823	0.00823	0.01176	0.01058	0.01528	0.01763	0.02586	0.01646	0.04937	0.74255	0.01058	0.01763	0.00705	0.00353	0.00588
25	0.02468	0.01971	0.01923	0.01519	0.02013	0.11516	0.01235	0.56172	0.06267	0.05919	0.01592	0.01593	0.01144	0.00781	0.00651	0.00195	0.00770	0.00580	0.00622	0.01069
26	0.00803	0.00627	0.00732	0.00811	0.00943	0.00556	0.00580	0.00952	0.01389	0.01742	0.05085	0.39303	0.37114	0.01860	0.00814	0.00247	0.00370	0.04912	0.00611	0.00548
27	0.01747	0.75035	0.05559	0.01149	0.01725	0.02572	0.01166	0.01975	0.01339	0.01565	0.00923	0.01066	0.00845	0.00565	0.00429	0.00143	0.00712	0.00356	0.00282	0.00849
28	0.01760	0.77260	0.03450	0.01126	0.01690	0.02605	0.01126	0.01971	0.01338	0.01549	0.00915	0.01056	0.00845	0.00563	0.00422	0.00141	0.00704	0.00352	0.00282	0.00845
29	0.00821	0.00599	0.00777	0.00911	0.00981	0.00556	0.00635	0.00957	0.01310	0.01716	0.03980	0.62359	0.12460	0.01995	0.00839	0.00265	0.00395	0.07291	0.00611	0.00543
30	0.01618	0.01553	0.02652	0.06111	0.70775	0.01561	0.02015	0.02011	0.01494	0.02137	0.01236	0.01633	0.01038	0.00589	0.00652	0.00196	0.00785	0.00587	0.00325	0.01034
31	0.01489	0.15477	0.38586	0.01986	0.04900	0.04343	0.17227	0.02062	0.01443	0.01980	0.01249	0.01638	0.00987	0.00643	0.00635	0.00202	0.00946	0.02989	0.00306	0.00913
32	0.00944	0.00691	0.00988	0.00988	0.01081	0.00785	0.00735	0.01130	0.01037	0.01476	0.01828	0.02943	0.01801	0.19843	0.59561	0.00971	0.01530	0.00758	0.00362	0.00549
33	0.76202	0.01263	0.01005	0.00886	0.01301	0.01442	0.00730	0.02021	0.01172	0.07704	0.01030	0.01149	0.00775	0.00625	0.00425	0.00204	0.00513	0.00377	0.00435	0.00741
34	0.01447	0.01256	0.02162	0.44335	0.15615	0.01395	0.08694	0.01853	0.01422	0.07583	0.01593	0.04788	0.03530	0.00736	0.00681	0.00216	0.00822	0.00688	0.00367	0.00819
35	0.01646	0.34422	0.11084	0.04731	0.07306	0.01978	0.03795	0.09131	0.04095	0.02051	0.01443	0.02092	0.01297	0.00785	0.00638	0.00193	0.03277	0.08782	0.00380	0.00874
36	0.01326	0.01288	0.01905	0.61541	0.06542	0.06647	0.01706	0.01720	0.01354	0.01687	0.01284	0.02024	0.01052	0.03948	0.00777	0.00236	0.00876	0.03046	0.00313	0.00726
37	0.14726	0.02772	0.01730	0.04384	0.02012	0.60105	0.01206	0.02485	0.01728	0.01823	0.01008	0.01191	0.00828	0.00667	0.00567	0.00177	0.01070	0.00420	0.00348	0.00754
38	0.01118	0.00591	0.00875	0.00880	0.00894	0.00600	0.00601	0.00904	0.00899	0.01207	0.01307	0.02319	0.01320	0.05335	0.08193	0.68771	0.00669	0.02884	0.00306	0.00325
39	0.01227	0.00614	0.00614	0.00614	0.00767	0.00614	0.00460	0.01534	0.01381	0.02454	0.02148	0.02454	0.01687	0.00767	0.00460	0.00153	0.00307	0.00614	0.80518	0.00614
40	0.01365	0.01170	0.01365	0.00975	0.01560	0.00878	0.00780	0.01658	0.01365	0.02145	0.01170	0.01365	0.00975	0.00488	0.00488	0.00098	0.00488	0.00390	0.00390	0.80888
41	0.00940	0.00705	0.01058	0.01058	0.01176	0.00823	0.00823	0.01176	0.01058	0.01528	0.01763	0.02586	0.01646	0.04937	0.74255	0.01058	0.01763	0.00705	0.00353	0.00588
42	0.00957	0.00638	0.00718	0.00718	0.00718	0.00638	0.00399	0.00957	0.00957	0.01276	0.02074	0.04308	0.02393	0.76864	0.03351	0.00638	0.00638	0.00957	0.00399	0.00399
43	0.00808	0.00581	0.00768	0.00916	0.00964	0.00542	0.00619	0.00930	0.01276	0.01692	0.03735	0.72021	0.06810	0.02042	0.00840	0.00267	0.00386	0.03656	0.00611	0.00537
44	0.02771	0.01283	0.01613	0.01251	0.01754	0.01226	0.01029	0.16445	0.07118	0.54610	0.02404	0.02127	0.01557	0.00816	0.00662	0.00204	0.00590	0.00654	0.00774	0.01115
45	0.01243	0.01170	0.01975	0.75282	0.04534	0.01463	0.01828	0.01682	0.01316	0.01682	0.01170	0.01755	0.00878	0.00658	0.00658	0.00219	0.00878	0.00585	0.00293	0.00731
46	0.01109	0.00968	0.04301	0.03611	0.01362	0.00965	0.05592	0.03872	0.01141	0.01578	0.01777	0.03182	0.01836	0.39069	0.21501	0.00649	0.05739	0.00808	0.00376	0.00566
47	0.04978	0.01185	0.01439	0.01201	0.01625	0.01183	0.00965	0.03083	0.25599	0.40564	0.04424	0.05159	0.02000	0.00919	0.00672	0.00215	0.00533	0.02483	0.00737	0.01033
48	0.00785	0.00667	0.00676	0.00674	0.00893	0.00559	0.00505	0.00957	0.01516	0.01815	0.09472	0.06275	0.69664	0.01654	0.00778	0.00222	0.00332	0.01381	0.00616	0.00559
49	0.03715	0.01248	0.01261	0.01258	0.04434	0.10773	0.00912	0.03781	0.13888	0.10301	0.07830	0.21476	0.09815	0.01289	0.00726	0.00226	0.00568	0.05125	0.00600	0.00776
50	0.01420	0.01456	0.02137	0.01770	0.01943	0.06689	0.14025	0.01662	0.01180	0.01671	0.01162	0.01740	0.01062	0.01853	0.17873	0.00439	0.40247	0.00631	0.00314	0.00725
51	0.02954	0.01120	0.01528	0.01171	0.01681	0.00968	0.00968	0.03208	0.01884	0.73213	0.02597	0.02241	0.01630	0.00815	0.00662	0.00204	0.00560	0.00662	0.00815	0.01120
52	0.01827	0.02241	0.06131	0.02088	0.02484	0.26870	0.25363	0.02153	0.01513	0.01800	0.01095	0.01467	0.00904	0.00755	0.01062	0.00220	0.20312	0.00589	0.00321	0.00806
53	0.00804	0.00668	0.00702	0.00694	0.00905	0.00567	0.00520	0.00994	0.01561	0.01921	0.17558	0.06101	0.61512	0.01614	0.00778	0.00220	0.00330	0.01356	0.00630	0.00567
54	0.00907	0.00672	0.00845	0.00802	0.00968	0.00611	0.00601	0.01194	0.01804	0.02500	0.61722	0.05148	0.16987	0.01398	0.00777	0.00210	0.00314	0.01223	0.00706	0.00611
55	0.00921	0.00672	0.00865	0.00817	0.00977	0.00616	0.00612	0.01221	0.01837	0.02578	0.67674	0.05020	0.10987	0.01369	0.00777	0.00208	0.00312	0.01205	0.00717	0.00616
56	0.00940	0.00705	0.01058	0.01058	0.01176	0.00823	0.00823	0.01176	0.01058	0.01528	0.01763	0.02586	0.01646	0.04937	0.74255	0.01058	0.01763	0.00705	0.00353	0.00588
57	0.02503	0.01844	0.01976	0.01515	0.02042	0.02042	0.01251	0.70562	0.03095	0.04149	0.01581	0.01581	0.01120	0.00790	0.00659	0.00198	0.00724	0.00593	0.00659	0.01120
58	0.00940	0.00705	0.01058	0.01058	0.01176	0.00823	0.00823	0.01176	0.01058	0.01528	0.01763	0.02586	0.01646	0.04937	0.74255	0.01058	0.01763	0.00705	0.00353	0.00588
59	0.01389	0.01365	0.01919	0.01660	0.01672	0.01895	0.01377	0.01543	0.01013	0.01579	0.00956	0.01557	0.00944	0.01538	0.09500	0.00366	0.68136	0.00589	0.00295	0.00707
60	0.00940	0.00705	0.01058	0.01058	0.01176	0.00823	0.00823	0.01176	0.01058	0.01528	0.01763	0.02586	0.01646	0.04937	0.74255	0.01058	0.01763	0.00705	0.00353	0.00588
61	0.00802	0.00573	0.00764	0.00917	0.00955	0.00535	0.00611	0.00917	0.01260	0.01681	0.03628	0.76434	0.04354	0.02062	0.00840	0.00267	0.00382	0.01872	0.00611	0.00535
62	0.00802	0.00573	0.00764	0.00917	0.00955	0.00535	0.00611	0.00917	0.01260	0.01681	0.03628	0.76434	0.04354	0.02062	0.00840	0.00267	0.00382	0.01872	0.00611	0.00535
63	0.01760	0.77260	0.03450	0.01126	0.01690	0.02605	0.01126	0.01971	0.01338	0.01549	0.00915	0.01056	0.00845	0.00563	0.00422	0.00141	0.00704	0.00352	0.00282	0.00845
64	0.01365	0.01170	0.01365	0.00975	0.01560	0.00878	0.00780	0.01658	0.01365	0.02145	0.01170	0.01365	0.00975	0.00488	0.00488	0.00098	0.00488	0.00390	0.00390	0.80888
65	0.01629	0.01564	0.02672	0.04041	0.72757	0.01564	0.02020	0.02020	0.01499	0.02151	0.01238	0.01629	0.01043	0.00587	0.00652	0.00196	0.00782	0.00587	0.00326	0.01043
66	0.00794	0.00668	0.00689	0.00683	0.00899	0.00562	0.00512	0.00975	0.01537	0.01866	0.13362	0.06191	0.65743	0.01635	0.00778	0.00221	0.00331	0.01369	0.00623	0.00562
67	0.02954	0.01120	0.01528	0.01171	0.01681	0.00968	0.00968	0.03208	0.01884	0.73213	0.02597	0.02241	0.01630	0.00815	0.00662	0.00204	0.00560	0.00662	0.00815	0.01120
68	0.01517	0.26308	0.43538	0.01707	0.02505	0.04502	0.07343	0.02071	0.01404	0.01902	0.01104	0.01309	0.00851	0.00602	0.00573	0.00187	0.00908	0.00465	0.00286	0.00919
69	0.01287	0.00864	0.01064	0.00956	0.01193	0.00849	0.00735	0.03715	0.12504	0.09940	0.50677	0.04216	0.06922	0.01216	0.00745	0.00209	0.00381	0.01057	0.00720	0.00749
70	0.00932	0.00673	0.00880	0.00828	0.00984	0.00621	0.00621	0.01242	0.01863	0.02640	0.72410	0.04918	0.06212	0.01346	0.00776	0.00207	0.00311	0.01191	0.00725	0.00621
71	0.02503	0.01844	0.01976	0.01515	0.02042	0.02042	0.01251	0.70562	0.03095	0.04149	0.01581	0.01581	0.01120	0.00790	0.00659	0.00198	0.00724	0.00593	0.00659	0.01120
72	0.01629	0.01564	0.02672	0.04041	0.72757	0.01564	0.02020	0.02020	0.01499	0.02151	0.01238	0.01629	0.01043	0.00587	0.00652	0.00196	0.00782	0.00587	0.00326	0.01043
73	0.01336	0.05969	0.71022	0.01850	0.02809	0.01566	0.02387	0.02081	0.01388	0.02066	0.01172	0.01378	0.00834	0.00623	0.00618	0.00206	0.00964	0.00482	0.00278	0.00968
74	0.00860	0.00616	0.00818	0.00958	0.01024	0.00585	0.00688	0.01009	0.01308	0.01725	0.03650	0.56836	0.06766	0.05187	0.00959	0.00289	0.00436	0.15142	0.00601	0.00544
75	0.02162	0.01492	0.01556	0.01285	0.01700	0.07050	0.01027	0.23336	0.18884	0.18888	0.06625	0.02331	0.04243	0.00875	0.00657	0.00202	0.00611	0.00697	0.05385	0.00993
76	0.01551	0.01459	0.02434	0.25188	0.49388	0.01554	0.01930	0.04842	0.01513	0.02096	0.01233	0.01665	0.00997	0.00617	0.00654	0.00203	0.00808	0.00586	0.00330	0.00953
77	0.01877	0.02619	0.34477	0.01716	0.02424	0.07151	0.03688	0.27892	0.06867	0.02870	0.01425	0.01530	0.01027	0.00708	0.00643	0.00203	0.00869	0.00547	0.00454	0.01015
78	0.02554	0.01652	0.01843	0.01425	0.01939	0.01771	0.01173	0.51039	0.06973	0.19910	0.01881	0.01785	0.01291	0.00802	0.00660	0.00201	0.00674	0.00618	0.00695	0.01115
79	0.00966	0.00662	0.00815	0.00777	0.00938	0.00613	0.00582	0.01262	0.01747	0.02525	0.54245	0.04646	0.11955	0.01281	0.00724	0.00200	0.00312	0.01114	0.14023	0.00613
80	0.00922	0.00673	0.00867	0.00819	0.00978	0.00617	0.00614	0.01224	0.01842	0.02588	0.68451	0.05003	0.10203	0.01365	0.00777	0.00208	0.00312	0.01203	0.00718	0.00617
81	0.00903	0.00672	0.00840	0.00798	0.00966	0.00609	0.00599	0.01187	0.01796	0.02479	0.60113	0.05183	0.18609	0.01406	0.00777	0.00210	0.00315	0.01228	0.00703	0.00609
82	0.00993	0.00635	0.00704	0.00704	0.00724	0.00635	0.00407	0.01033	0.01013	0.01432	0.02084	0.04064	0.02300	0.66829	0.02970	0.00574	0.00595	0.00912	0.10965	0.00427
83	0.01760	0.77260	0.03450	0.01126	0.01690	0.02605	0.01126	0.01971	0.01338	0.01549	0.00915	0.01056	0.00845	0.00563	0.00422	0.00141	0.00704	0.00352	0.00282	0.00845
84	0.01320	0.03405	0.73453	0.01876	0.02849	0.01529	0.02432	0.02085	0.01390	0.02085	0.01181	0.01390	0.00834	0.00625	0.00625	0.00208	0.00973	0.00486	0.00278	0.00973
85	0.02954	0.01120	0.01528	0.01171	0.01681	0.00968	0.00968	0.03208	0.01884	0.73213	0.02597	0.02241	0.01630	0.00815	0.00662	0.00204	0.00560	0.00662	0.00815	0.01120
86	0.01440	0.01440	0.02016	0.01728	0.01728	0.02016	0.01440	0.01584	0.01008	0.01584	0.00864	0.01440	0.00864	0.01152	0.02160	0.00288	0.75659	0.00576	0.00288	0.00720
87	0.02459	0.03138	0.01866	0.01696	0.02035	0.74221	0.01272	0.02629	0.01866	0.01611	0.01018	0.01187	0.00848	0.00678	0.00594	0.00170	0.01187	0.00424	0.00339	0.00763
88	0.00778	0.00667	0.00667	0.00667	0.00889	0.00556	0.00500	0.00945	0.01501	0.01778	0.06669	0.06336	0.72490	0.01667	0.00778	0.00222	0.00333	0.01389	0.00611	0.00556
89	0.01760	0.77260	0.03450	0.01126	0.01690	0.02605	0.01126	0.01971	0.01338	0.01549	0.00915	0.01056	0.00845	0.00563	0.00422	0.00141	0.00704	0.00352	0.00282	0.00845
90	0.02459	0.03138	0.01866	0.01696	0.02035	0.74221	0.01272	0.02629	0.01866	0.01611	0.01018	0.01187	0.00848	0.00678	0.00594	0.00170	0.01187	0.00424	0.00339	0.00763
91	0.00932	0.00673	0.00880	0.00828	0.00984	0.00621	0.00621	0.01242	0.01863	0.02640	0.72410	0.04918	0.06212	0.01346	0.00776	0.00207	0.00311	0.01191	0.00725	0.00621
92	0.01227	0.00614	0.00614	0.00614	0.00767	0.00614	0.00460	0.01534	0.01381	0.02454	0.02148	0.02454	0.01687	0.00767	0.00460	0.00153	0.00307	0.00614	0.80518	0.00614
93	0.00831	0.00691	0.00728	0.00715	0.00931	0.00601	0.00537	0.01074	0.03766	0.01952	0.17432	0.05979	0.59294	0.01590	0.00774	0.00220	0.00336	0.01336	0.00632	0.00582
94	0.01743	0.74433	0.06130	0.01155	0.01734	0.02564	0.01176	0.01976	0.01340	0.01569	0.00925	0.01069	0.00844	0.00566	0.00430	0.00143	0.00714	0.00357	0.00281	0.00850
95	0.02503	0.01844	0.01976	0.01515	0.02042	0.02042	0.01251	0.70562	0.03095	0.04149	0.01581	0.01581	0.01120	0.00790	0.00659	0.00198	0.00724	0.00593	0.00659	0.01120
96	0.01048	0.00749	0.01046	0.01198	0.01344	0.00747	0.01039	0.01342	0.01503	0.01956	0.03493	0.10824	0.03817	0.01831	0.00906	0.00301	0.00595	0.65054	0.00606	0.00603
97	0.02503	0.01844	0.01976	0.01515	0.02042	0.02042	0.01251	0.70562	0.03095	0.04149	0.01581	0.01581	0.01120	0.00790	0.00659	0.00198	0.00724	0.00593	0.00659	0.01120
98	0.00932	0.00673	0.00880	0.00828	0.00984	0.00621	0.00621	0.01242	0.01863	0.02640	0.72410	0.04918	0.06212	0.01346	0.00776	0.00207	0.00311	0.01191	0.00725	0.00621
99	0.01603	0.01537	0.02624	0.08977	0.68030	0.01557	0.02007	0.01997	0.01486	0.02118	0.01234	0.01638	0.01031	0.00592	0.00652	0.00197	0.00789	0.00586	0.00324	0.01021
100	0.00785	0.00665	0.00679	0.00681	0.00895	0.00558	0.00508	0.00957	0.01509	0.01812	0.09386	0.08244	0.67750	0.01665	0.00780	0.00223	0.00334	0.01394	0.00616	0.00558
101	0.02268	0.02789	0.01851	0.01669	0.01971	0.59441	0.01272	0.02579	0.07724	0.01706	0.01141	0.01326	0.00949	0.00753	0.00786	0.00188	0.09973	0.00469	0.00361	0.00782
102	0.01322	0.01251	0.02117	0.60710	0.18488	0.01483	0.01868	0.01751	0.01354	0.01778	0.01184	0.01729	0.00911	0.00644	0.00657	0.00215	0.00858	0.00585	0.00299	0.00795
103	0.01307	0.01235	0.02090	0.63537	0.15781	0.01479	0.01860	0.01738	0.01346	0.01759	0.01181	0.01734	0.00905	0.00646	0.00657	0.00215	0.00862	0.00585	0.00298	0.00783
104	0.01122	0.00928	0.01005	0.00967	0.01209	0.00952	0.00727	0.03693	0.24523	0.02205	0.09225	0.17537	0.30475	0.01439	0.00750	0.00229	0.00413	0.01230	0.00640	0.00731
105	0.00864	0.00677	0.00791	0.00823	0.01003	0.00605	0.00640	0.01080	0.01553	0.01974	0.18606	0.12273	0.40711	0.01667	0.00808	0.00239	0.00385	0.14092	0.00632	0.00576
106	0.01487	0.31427	0.46893	0.01592	0.02409	0.01937	0.01937	0.02042	0.01370	0.01881	0.01080	0.01263	0.00838	0.00602	0.00548	0.00183	0.00871	0.00435	0.00279	0.00924
107	0.03508	0.01356	0.02273	0.40201	0.36192	0.01510	0.01889	0.01846	0.01396	0.01933	0.01195	0.01679	0.00950	0.00624	0.00649	0.00208	0.00824	0.00580	0.00311	0.00876
108	0.10598	0.01646	0.01746	0.01361	0.01850	0.01802	0.01121	0.53466	0.02681	0.09570	0.01632	0.01639	0.01157	0.00772	0.00620	0.00196	0.00662	0.00575	0.05862	0.01045
109	0.01937	0.01459	0.01567	0.01324	0.01736	0.01629	0.01054	0.23084	0.41149	0.07869	0.02427	0.02286	0.03568	0.00871	0.00658	0.00211	0.00567	0.00704	0.04863	0.01035
110	0.02360	0.01664	0.02024	0.01590	0.02068	0.15265	0.14278	0.04713	0.08879	0.33828	0.05008	0.02067	0.01578	0.00769	0.00676	0.00203	0.00776	0.00667	0.00609	0.00978
111	0.07567	0.02334	0.01704	0.01470	0.01874	0.43981	0.01139	0.04785	0.01861	0.24788	0.01536	0.01530	0.01099	0.00721	0.00606	0.00184	0.00929	0.00501	0.00506	0.00885
112	0.00792	0.00629	0.00713	0.00773	0.00919	0.00549	0.00549	0.00942	0.01414	0.01764	0.07408	0.34833	0.42756	0.01819	0.00803	0.00240	0.00353	0.01580	0.00615	0.00549
113	0.09335	0.01988	0.05342	0.02283	0.02834	0.13777	0.43761	0.04068	0.01568	0.02130	0.01213	0.01571	0.00936	0.00627	0.00790	0.00215	0.05716	0.00651	0.00346	0.00849
114	0.01228	0.01121	0.01303	0.03932	0.03826	0.07368	0.04522	0.01742	0.14836	0.01990	0.09779	0.26815	0.08825	0.06535	0.00965	0.00260	0.02522	0.01179	0.00551	0.00700
115	0.00802	0.00573	0.00764	0.00917	0.00955	0.00535	0.00611	0.00917	0.01260	0.01681	0.03628	0.76434	0.04354	0.02062	0.00840	0.00267	0.00382	0.01872	0.00611	0.00535
116	0.01366	0.03105	0.61660	0.01913	0.02812	0.01549	0.08294	0.02198	0.06941	0.02140	0.01313	0.01508	0.00941	0.00640	0.00642	0.00211	0.00949	0.00532	0.00314	0.00971
117	0.01655	0.01562	0.02578	0.05539	0.60958	0.01590	0.03940	0.05040	0.06471	0.02265	0.01355	0.01693	0.01108	0.00618	0.00657	0.00199	0.00774	0.00603	0.00363	0.01033
118	0.01620	0.01271	0.01396	0.01331	0.03868	0.03948	0.00992	0.06666	0.38091	0.08522	0.02777	0.15447	0.04260	0.01241	0.02919	0.00253	0.00580	0.03271	0.00635	0.00913
119	0.00920	0.00672	0.00863	0.00816	0.00976	0.00616	0.00612	0.01219	0.01835	0.02572	0.67231	0.05029	0.11433	0.01371	0.00777	0.00208	0.00312	0.01206	0.00716	0.00616
120	0.02430	0.01507	0.02260	0.01829	0.07046	0.03554	0.17488	0.16011	0.02016	0.35942	0.01960	0.01929	0.01318	0.00729	0.00686	0.00205	0.00756	0.00663	0.00623	0.01049
121	0.01425	0.13451	0.52971	0.02038	0.09906	0.01690	0.05553	0.02064	0.01402	0.02018	0.01157	0.01387	0.00865	0.00609	0.00607	0.00198	0.00922	0.00492	0.00286	0.00958
122	0.00992	0.00722	0.00978	0.01107	0.01251	0.00709	0.00932	0.01253	0.01467	0.01897	0.03818	0.15723	0.11799	0.01934	0.03307	0.00314	0.00585	0.50023	0.00599	0.00591
123	0.01406	0.01336	0.02268	0.45280	0.33265	0.01505	0.01909	0.01825	0.01393	0.01879	0.01199	0.01702	0.00947	0.00628	0.00655	0.00209	0.00837	0.00586	0.00307	0.00862
124	0.01425	0.15206	0.53485	0.01765	0.02603	0.03790	0.05473	0.02053	0.01409	0.01980	0.01239	0.01606	0.00970	0.00664	0.00611	0.00201	0.00927	0.03369	0.00297	0.00926
125	0.01764	0.40793	0.15792	0.01345	0.01945	0.02047	0.03614	0.06969	0.07070	0.06992	0.03082	0.01502	0.01168	0.00658	0.00534	0.00173	0.00724	0.00488	0.02429	0.00912
