[name]
unknown

[dist]
# distance from previous block
# <min> <max>
11	462

[block]
# block no. 0 follows, 30 sequences, length 8
# corresponding to MSA columns:
# 553-560
name=unknown_A
#
# <colnr> <probs for GDERKNQSTAVLIFYWHMCP>
#	G	D	E	R	K	N	Q	S	T	A	V	L	I	F	Y	W	H	M	C	P
0	0.01126	0.00755	0.00982	0.00943	0.01131	0.00677	0.00693	0.01387	0.01743	0.07038	0.40663	0.25669	0.05232	0.01545	0.00811	0.00229	0.00384	0.01374	0.00710	0.06909
1	0.01261	0.01078	0.01445	0.01165	0.01596	0.00874	0.06181	0.01530	0.01425	0.02104	0.02135	0.26367	0.02247	0.01087	0.00668	0.00175	0.00532	0.00977	0.00488	0.46665
2	0.01610	0.01421	0.01732	0.23134	0.02712	0.01680	0.01355	0.03131	0.49322	0.02578	0.02360	0.02381	0.01770	0.00872	0.00706	0.00235	0.00666	0.00738	0.00590	0.01006
3	0.01318	0.01886	0.22803	0.30240	0.07002	0.01424	0.01854	0.01946	0.06890	0.02029	0.01821	0.14292	0.01651	0.00957	0.00721	0.00237	0.00835	0.00835	0.00397	0.00861
4	0.02011	0.01636	0.01733	0.01476	0.01919	0.01864	0.01171	0.23234	0.49888	0.03363	0.02491	0.02325	0.01847	0.00914	0.00706	0.00229	0.00617	0.00741	0.00706	0.01129
5	0.01733	0.01547	0.01954	0.02279	0.22607	0.01712	0.01416	0.03238	0.49380	0.02727	0.02382	0.02341	0.01823	0.00849	0.00704	0.00228	0.00635	0.00739	0.00601	0.01105
6	0.01789	0.01390	0.01568	0.01226	0.01766	0.01311	0.00979	0.09635	0.22209	0.07914	0.01881	0.01888	0.01431	0.00706	0.00608	0.00163	0.00560	0.00571	0.00567	0.41836
7	0.01736	0.01499	0.01578	0.01420	0.01815	0.01736	0.01105	0.03708	0.69862	0.02919	0.02840	0.02604	0.02130	0.00947	0.00710	0.00237	0.00552	0.00789	0.00710	0.01105

[dist]
# distance from previous block
# <min> <max>
0	2

[block]
# block no. 1 follows, 30 sequences, length 9
# corresponding to MSA columns:
# 563-571
name=unknown_B
#
# <colnr> <probs for GDERKNQSTAVLIFYWHMCP>
#	G	D	E	R	K	N	Q	S	T	A	V	L	I	F	Y	W	H	M	C	P
0	0.00846	0.00623	0.00793	0.00930	0.01001	0.00570	0.00629	0.00976	0.01376	0.01798	0.04356	0.64217	0.15090	0.02120	0.00880	0.00276	0.00397	0.01903	0.00648	0.00570
1	0.01661	0.01432	0.01544	0.01320	0.01773	0.01528	0.01033	0.03205	0.52206	0.02753	0.02427	0.02305	0.01847	0.00836	0.00660	0.00202	0.00543	0.00692	0.00634	0.21399
2	0.01447	0.01240	0.01447	0.01034	0.01654	0.00930	0.00827	0.01757	0.01447	0.02274	0.01240	0.01447	0.01034	0.00517	0.00517	0.00103	0.00517	0.00413	0.00413	0.79742
3	0.01543	0.01296	0.01411	0.01280	0.01615	0.01458	0.00989	0.03091	0.52342	0.02888	0.20367	0.03277	0.03280	0.01071	0.00739	0.00232	0.00495	0.00911	0.00725	0.00989
4	0.01493	0.01330	0.01781	0.01545	0.01897	0.01439	0.11660	0.02769	0.41388	0.02517	0.02874	0.21179	0.02602	0.01210	0.00775	0.00249	0.00613	0.01103	0.00638	0.00940
5	0.00933	0.00682	0.00882	0.00971	0.01062	0.00652	0.00675	0.01206	0.05126	0.02104	0.21060	0.53173	0.04992	0.01925	0.00864	0.00264	0.00393	0.01734	0.00682	0.00619
6	0.01232	0.01112	0.01824	0.49141	0.09420	0.01306	0.01622	0.01604	0.01396	0.01824	0.01919	0.20730	0.01896	0.01075	0.00747	0.00244	0.00786	0.00972	0.00400	0.00749
7	0.02560	0.02872	0.01979	0.01726	0.02136	0.50858	0.01327	0.18836	0.06827	0.02440	0.01341	0.01449	0.01051	0.00763	0.00651	0.00191	0.01092	0.00515	0.00465	0.00920
8	0.01316	0.01374	0.01048	0.01009	0.01230	0.19205	0.00730	0.01463	0.01588	0.01751	0.04609	0.08016	0.39031	0.13173	0.01209	0.00293	0.00640	0.01159	0.00538	0.00619

[dist]
# distance from previous block
# <min> <max>
0	4

[block]
# block no. 2 follows, 30 sequences, length 8
# corresponding to MSA columns:
# 576,586-592
name=unknown_C
#
# <colnr> <probs for GDERKNQSTAVLIFYWHMCP>
#	G	D	E	R	K	N	Q	S	T	A	V	L	I	F	Y	W	H	M	C	P
0	0.01115	0.11789	0.01225	0.00877	0.00991	0.00989	0.00605	0.01191	0.01140	0.01484	0.02351	0.10630	0.05356	0.47662	0.09280	0.00585	0.00760	0.01006	0.00431	0.00532
1	0.06893	0.00920	0.01117	0.01039	0.01262	0.00915	0.04296	0.06535	0.03462	0.02110	0.03974	0.17414	0.25022	0.12752	0.06479	0.00374	0.00627	0.03582	0.00569	0.00657
2	0.07107	0.06562	0.42327	0.01780	0.02498	0.01570	0.07064	0.01972	0.01413	0.02147	0.01588	0.12329	0.01442	0.00918	0.00799	0.00233	0.06232	0.00745	0.00362	0.00909
3	0.01381	0.01053	0.01126	0.01123	0.01286	0.06456	0.00800	0.11255	0.01675	0.05547	0.03101	0.48222	0.03481	0.08725	0.01084	0.00298	0.00560	0.01510	0.00622	0.00694
4	0.13370	0.01777	0.07261	0.01565	0.02031	0.06793	0.08716	0.06490	0.33174	0.02729	0.02162	0.07347	0.01750	0.00908	0.00685	0.00230	0.00710	0.00764	0.00566	0.00973
5	0.04795	0.02309	0.06902	0.03334	0.02115	0.26732	0.01320	0.18027	0.08831	0.12891	0.01701	0.01736	0.01242	0.00787	0.00656	0.00202	0.00891	0.00577	0.03964	0.00988
6	0.01636	0.18164	0.28298	0.01617	0.04934	0.01669	0.01674	0.07241	0.01636	0.05642	0.01756	0.02586	0.01534	0.03422	0.00755	0.00231	0.00807	0.10268	0.05206	0.00924
7	0.01860	0.12507	0.02002	0.08189	0.02097	0.04255	0.01174	0.14545	0.15333	0.05265	0.05023	0.01922	0.01536	0.00777	0.00679	0.00187	0.03080	0.00601	0.00526	0.18442

[dist]
# distance from previous block
# <min> <max>
0	3

[block]
# block no. 3 follows, 30 sequences, length 17
# corresponding to MSA columns:
# 596-612
name=unknown_D
#
# <colnr> <probs for GDERKNQSTAVLIFYWHMCP>
#	G	D	E	R	K	N	Q	S	T	A	V	L	I	F	Y	W	H	M	C	P
0	0.06938	0.09090	0.08941	0.01494	0.02013	0.01602	0.08891	0.08741	0.19074	0.06813	0.06201	0.02632	0.06978	0.00907	0.00686	0.00216	0.00686	0.02843	0.00559	0.04693
1	0.02002	0.02109	0.08798	0.08820	0.02355	0.17707	0.02776	0.12344	0.19564	0.05852	0.01984	0.02039	0.04031	0.00820	0.00678	0.00208	0.00834	0.00644	0.00526	0.05907
2	0.01883	0.01175	0.01690	0.03075	0.01763	0.01234	0.05282	0.02148	0.01612	0.24988	0.11823	0.06051	0.06097	0.01301	0.04512	0.00279	0.17838	0.00850	0.00602	0.05795
3	0.01899	0.01569	0.05281	0.01487	0.02031	0.01456	0.07461	0.10214	0.18945	0.11718	0.01892	0.01932	0.01407	0.00754	0.00730	0.00191	0.04141	0.00623	0.00563	0.25703
4	0.09753	0.02001	0.01547	0.09675	0.02010	0.32268	0.01133	0.02163	0.04081	0.01936	0.01457	0.01958	0.01263	0.07172	0.11995	0.00374	0.01097	0.00580	0.06801	0.00739
5	0.15915	0.02152	0.23638	0.01941	0.02572	0.01610	0.22592	0.02078	0.01434	0.02373	0.01320	0.01658	0.01009	0.00707	0.00815	0.00227	0.08193	0.00610	0.08269	0.00888
6	0.03044	0.01328	0.01706	0.01308	0.01851	0.01234	0.01081	0.15349	0.02232	0.59326	0.02556	0.02247	0.01629	0.00859	0.00701	0.00215	0.00626	0.00688	0.00833	0.01187
7	0.66286	0.01320	0.01134	0.00977	0.01428	0.01467	0.00805	0.02298	0.01336	0.15642	0.01297	0.01360	0.00933	0.00687	0.00481	0.00216	0.00550	0.00437	0.00511	0.00835
8	0.01401	0.00770	0.00918	0.00849	0.00948	0.00740	0.00533	0.01451	0.01194	0.14189	0.02300	0.04166	0.02389	0.61843	0.03031	0.00592	0.00661	0.00958	0.00503	0.00563
9	0.01245	0.00833	0.01128	0.01161	0.06496	0.00766	0.00798	0.01562	0.01914	0.09581	0.53054	0.04791	0.11267	0.01338	0.00801	0.00220	0.00396	0.01175	0.00735	0.00740
10	0.01621	0.01318	0.01514	0.01122	0.01686	0.01128	0.00901	0.13962	0.01835	0.02715	0.08292	0.01866	0.01618	0.00667	0.00581	0.00134	0.00544	0.00538	0.00501	0.57457
11	0.01667	0.01371	0.01565	0.01138	0.01747	0.01156	0.00918	0.14006	0.01782	0.02662	0.01320	0.01489	0.01062	0.00575	0.00550	0.00123	0.00563	0.00453	0.00465	0.65389
12	0.01660	0.01559	0.01555	0.01536	0.08560	0.14171	0.01056	0.11467	0.01850	0.02389	0.07409	0.17622	0.06858	0.01114	0.00703	0.00199	0.00672	0.00937	0.00530	0.18155
13	0.00957	0.00722	0.00890	0.00866	0.01039	0.00654	0.00634	0.01201	0.01685	0.02299	0.37303	0.14873	0.19634	0.05866	0.04257	0.00293	0.00444	0.01330	0.00671	0.04383
14	0.06510	0.02135	0.22791	0.01746	0.02345	0.04860	0.11588	0.02408	0.12720	0.08240	0.01883	0.09144	0.01562	0.00890	0.00777	0.00228	0.04386	0.00758	0.00473	0.04554
15	0.01606	0.01712	0.14429	0.01388	0.01934	0.01300	0.03416	0.11585	0.01696	0.04450	0.01647	0.04850	0.01433	0.04972	0.00907	0.00213	0.05635	0.03620	0.04196	0.29011
16	0.01698	0.01607	0.08668	0.14554	0.02291	0.08418	0.01292	0.12698	0.01866	0.09243	0.06028	0.08435	0.13338	0.01343	0.05159	0.00279	0.00805	0.00888	0.00540	0.00850

[dist]
# distance from previous block
# <min> <max>
18	148

[block]
# block no. 4 follows, 30 sequences, length 20
# corresponding to MSA columns:
# 780-799
name=unknown_E
#
# <colnr> <probs for GDERKNQSTAVLIFYWHMCP>
#	G	D	E	R	K	N	Q	S	T	A	V	L	I	F	Y	W	H	M	C	P
0	0.05354	0.03526	0.02071	0.04659	0.02183	0.04943	0.11927	0.12456	0.15518	0.08689	0.06557	0.04653	0.01810	0.00859	0.00743	0.00212	0.02973	0.00737	0.00565	0.09563
1	0.04900	0.01779	0.03822	0.01751	0.05369	0.12719	0.10747	0.06672	0.11355	0.08541	0.05808	0.02361	0.04054	0.00874	0.00802	0.00214	0.05612	0.02949	0.00519	0.09152
2	0.07358	0.01836	0.01853	0.06679	0.02156	0.18230	0.07984	0.09549	0.10357	0.02486	0.07312	0.02306	0.06707	0.00846	0.00672	0.00199	0.00795	0.00691	0.00502	0.11482
3	0.01920	0.01787	0.01923	0.01579	0.02025	0.15097	0.09990	0.10417	0.18590	0.06522	0.02364	0.07373	0.06591	0.00935	0.00707	0.00209	0.00770	0.00795	0.00561	0.09846
4	0.10427	0.01498	0.04305	0.01490	0.02025	0.01399	0.11615	0.10733	0.10614	0.11028	0.05110	0.02293	0.03727	0.00806	0.00667	0.00200	0.00676	0.02585	0.00560	0.18241
5	0.08046	0.01597	0.02121	0.01711	0.04552	0.04875	0.14329	0.08295	0.16382	0.13082	0.01856	0.01916	0.01366	0.00726	0.00667	0.00200	0.00735	0.00642	0.00554	0.16350
6	0.08339	0.01483	0.01944	0.01606	0.04739	0.01479	0.11383	0.04631	0.27076	0.02646	0.01858	0.01937	0.01431	0.00713	0.00641	0.00190	0.00653	0.00628	0.00522	0.26101
7	0.14367	0.01498	0.01647	0.01563	0.08915	0.04482	0.01115	0.08447	0.20113	0.12468	0.04007	0.01995	0.01567	0.00777	0.00629	0.00200	0.00621	0.00617	0.00585	0.14389
8	0.01567	0.01259	0.01989	0.58469	0.04170	0.01508	0.01753	0.02155	0.08044	0.09951	0.01569	0.01991	0.01138	0.00741	0.00699	0.00231	0.00855	0.00646	0.00412	0.00854
9	0.01318	0.01240	0.02093	0.73798	0.04806	0.01550	0.01938	0.01783	0.01395	0.01783	0.01240	0.01860	0.00930	0.00698	0.00698	0.00233	0.00930	0.00620	0.00310	0.00775
10	0.02336	0.02822	0.02007	0.17018	0.02718	0.54406	0.01472	0.05593	0.01914	0.01847	0.01140	0.01405	0.00919	0.00720	0.00647	0.00192	0.01167	0.00494	0.00365	0.00819
11	0.18023	0.00959	0.01190	0.01176	0.01436	0.00978	0.03048	0.01703	0.01601	0.07482	0.14307	0.07702	0.03522	0.01462	0.00802	0.00270	0.00573	0.32425	0.00626	0.00716
12	0.80405	0.01350	0.01026	0.00918	0.01350	0.01565	0.00756	0.02051	0.01188	0.03131	0.00972	0.01134	0.00756	0.00648	0.00432	0.00216	0.00540	0.00378	0.00432	0.00756
13	0.80405	0.01350	0.01026	0.00918	0.01350	0.01565	0.00756	0.02051	0.01188	0.03131	0.00972	0.01134	0.00756	0.00648	0.00432	0.00216	0.00540	0.00378	0.00432	0.00756
14	0.01318	0.01240	0.02093	0.73798	0.04806	0.01550	0.01938	0.01783	0.01395	0.01783	0.01240	0.01860	0.00930	0.00698	0.00698	0.00233	0.00930	0.00620	0.00310	0.00775
15	0.01393	0.01317	0.02229	0.60990	0.17026	0.01570	0.01976	0.01849	0.01431	0.01874	0.01254	0.01836	0.00963	0.00684	0.00696	0.00228	0.00912	0.00620	0.00317	0.00836
16	0.01447	0.01240	0.01447	0.01034	0.01654	0.00930	0.00827	0.01757	0.01447	0.02274	0.01240	0.01447	0.01034	0.00517	0.00517	0.00103	0.00517	0.00413	0.00413	0.79742
17	0.02236	0.01885	0.01668	0.01463	0.01842	0.21920	0.01136	0.03078	0.26087	0.18471	0.05265	0.05000	0.01923	0.00942	0.00761	0.00219	0.03759	0.00730	0.00629	0.00985
18	0.01660	0.01619	0.02532	0.22716	0.46650	0.05066	0.01999	0.02151	0.04816	0.02149	0.01355	0.01782	0.01097	0.00662	0.00691	0.00214	0.00864	0.00621	0.00354	0.01002
19	0.04932	0.13504	0.01959	0.01328	0.01826	0.11137	0.01091	0.06013	0.18426	0.18704	0.01934	0.01870	0.01422	0.00763	0.00617	0.00189	0.00692	0.00580	0.00580	0.12431

[dist]
# distance from previous block
# <min> <max>
0	1

[block]
# block no. 5 follows, 30 sequences, length 71
# corresponding to MSA columns:
# 801-837,842-875
name=unknown_F
#
# <colnr> <probs for GDERKNQSTAVLIFYWHMCP>
#	G	D	E	R	K	N	Q	S	T	A	V	L	I	F	Y	W	H	M	C	P
0	0.01819	0.03319	0.03611	0.01567	0.04959	0.03609	0.08098	0.19908	0.07893	0.08153	0.08608	0.10487	0.08809	0.04856	0.00891	0.00248	0.00681	0.00952	0.00612	0.00920
1	0.26028	0.10544	0.04288	0.05062	0.02034	0.34687	0.01223	0.04979	0.01681	0.02258	0.01071	0.01259	0.00867	0.00686	0.00557	0.00193	0.00941	0.00437	0.00383	0.00823
2	0.00970	0.00705	0.00911	0.01037	0.01165	0.00668	0.00810	0.01188	0.01495	0.01950	0.04327	0.33270	0.16486	0.01960	0.00894	0.00286	0.00487	0.27480	0.03308	0.00604
3	0.02289	0.01774	0.01890	0.01532	0.02026	0.01994	0.01238	0.43014	0.29654	0.03812	0.02137	0.02043	0.01560	0.00881	0.00703	0.00220	0.00682	0.00692	0.00703	0.01154
4	0.01447	0.01240	0.01447	0.01034	0.01654	0.00930	0.00827	0.01757	0.01447	0.02274	0.01240	0.01447	0.01034	0.00517	0.00517	0.00103	0.00517	0.00413	0.00413	0.79742
5	0.01411	0.03532	0.68819	0.02032	0.03048	0.01627	0.05542	0.02211	0.01481	0.02211	0.01259	0.01492	0.00892	0.00660	0.00670	0.00222	0.01038	0.00529	0.00297	0.01027
6	0.01400	0.03610	0.71860	0.01989	0.03020	0.01621	0.02578	0.02210	0.01473	0.02210	0.01252	0.01473	0.00884	0.00663	0.00663	0.00221	0.01031	0.00516	0.00295	0.01031
7	0.01400	0.03610	0.71860	0.01989	0.03020	0.01621	0.02578	0.02210	0.01473	0.02210	0.01252	0.01473	0.00884	0.00663	0.00663	0.00221	0.01031	0.00516	0.00295	0.01031
8	0.01471	0.03440	0.66054	0.02011	0.03009	0.01607	0.05836	0.02252	0.01500	0.04590	0.01312	0.01525	0.00922	0.00666	0.00672	0.00222	0.01024	0.00537	0.00317	0.01032
9	0.01497	0.01423	0.02416	0.43429	0.33778	0.01597	0.02027	0.01940	0.01480	0.02000	0.01272	0.01802	0.01007	0.00665	0.00695	0.00222	0.00886	0.00621	0.00326	0.00919
10	0.01318	0.01240	0.02093	0.73798	0.04806	0.01550	0.01938	0.01783	0.01395	0.01783	0.01240	0.01860	0.00930	0.00698	0.00698	0.00233	0.00930	0.00620	0.00310	0.00775
11	0.01526	0.01428	0.02608	0.46766	0.11292	0.01584	0.17113	0.02005	0.01503	0.05440	0.01363	0.01877	0.01018	0.00673	0.00726	0.00230	0.00959	0.00671	0.00351	0.00868
12	0.00892	0.00710	0.00800	0.00778	0.00984	0.00618	0.00583	0.01132	0.01750	0.02262	0.33381	0.06095	0.44292	0.01627	0.00824	0.00229	0.00343	0.01386	0.00698	0.00618
13	0.01318	0.01240	0.02093	0.73798	0.04806	0.01550	0.01938	0.01783	0.01395	0.01783	0.01240	0.01860	0.00930	0.00698	0.00698	0.00233	0.00930	0.00620	0.00310	0.00775
14	0.01318	0.01240	0.02093	0.73798	0.04806	0.01550	0.01938	0.01783	0.01395	0.01783	0.01240	0.01860	0.00930	0.00698	0.00698	0.00233	0.00930	0.00620	0.00310	0.00775
15	0.01421	0.06855	0.68798	0.01953	0.02965	0.01672	0.02516	0.02205	0.01471	0.02184	0.01240	0.01457	0.00884	0.00660	0.00653	0.00218	0.01019	0.00509	0.00295	0.01025
16	0.01318	0.01240	0.02093	0.73798	0.04806	0.01550	0.01938	0.01783	0.01395	0.01783	0.01240	0.01860	0.00930	0.00698	0.00698	0.00233	0.00930	0.00620	0.00310	0.00775
17	0.02607	0.03326	0.01978	0.01798	0.02157	0.72674	0.01348	0.02787	0.01978	0.01708	0.01079	0.01258	0.00899	0.00719	0.00629	0.00180	0.01258	0.00449	0.00360	0.00809
18	0.01727	0.01658	0.02832	0.04283	0.71123	0.01658	0.02142	0.02142	0.01589	0.02280	0.01313	0.01727	0.01105	0.00622	0.00691	0.00207	0.00829	0.00622	0.00345	0.01105
19	0.01498	0.01044	0.01747	0.01550	0.01858	0.00986	0.14701	0.01824	0.01622	0.13248	0.03111	0.19482	0.03170	0.01537	0.00878	0.00279	0.00695	0.29374	0.00620	0.00775
20	0.03131	0.01188	0.01619	0.01242	0.01781	0.01026	0.01026	0.03401	0.01997	0.71606	0.02753	0.02375	0.01727	0.00864	0.00702	0.00216	0.00594	0.00702	0.00864	0.01188
21	0.03131	0.01188	0.01619	0.01242	0.01781	0.01026	0.01026	0.03401	0.01997	0.71606	0.02753	0.02375	0.01727	0.00864	0.00702	0.00216	0.00594	0.00702	0.00864	0.01188
22	0.03131	0.01188	0.01619	0.01242	0.01781	0.01026	0.01026	0.03401	0.01997	0.71606	0.02753	0.02375	0.01727	0.00864	0.00702	0.00216	0.00594	0.00702	0.00864	0.01188
23	0.01318	0.01240	0.02093	0.73798	0.04806	0.01550	0.01938	0.01783	0.01395	0.01783	0.01240	0.01860	0.00930	0.00698	0.00698	0.00233	0.00930	0.00620	0.00310	0.00775
24	0.01301	0.00650	0.00650	0.00650	0.00813	0.00650	0.00488	0.01626	0.01463	0.02602	0.02276	0.02602	0.01789	0.00813	0.00488	0.00163	0.00325	0.00650	0.79350	0.00650
25	0.01318	0.01240	0.02093	0.73798	0.04806	0.01550	0.01938	0.01783	0.01395	0.01783	0.01240	0.01860	0.00930	0.00698	0.00698	0.00233	0.00930	0.00620	0.00310	0.00775
26	0.01652	0.01581	0.02697	0.17032	0.58961	0.01638	0.02104	0.02076	0.01553	0.02189	0.01299	0.01752	0.01073	0.00636	0.00692	0.00212	0.00848	0.00621	0.00339	0.01045
27	0.01318	0.01240	0.02093	0.73798	0.04806	0.01550	0.01938	0.01783	0.01395	0.01783	0.01240	0.01860	0.00930	0.00698	0.00698	0.00233	0.00930	0.00620	0.00310	0.00775
28	0.01318	0.01240	0.02093	0.73798	0.04806	0.01550	0.01938	0.01783	0.01395	0.01783	0.01240	0.01860	0.00930	0.00698	0.00698	0.00233	0.00930	0.00620	0.00310	0.00775
29	0.01083	0.01255	0.13979	0.01219	0.01522	0.00864	0.01149	0.01466	0.01672	0.02318	0.27353	0.16217	0.04457	0.01556	0.00847	0.00260	0.00564	0.20885	0.00625	0.00708
30	0.01866	0.75896	0.03657	0.01194	0.01791	0.02761	0.01194	0.02090	0.01418	0.01642	0.00970	0.01119	0.00896	0.00597	0.00448	0.00149	0.00746	0.00373	0.00299	0.00896
31	0.01557	0.01617	0.02639	0.02113	0.02292	0.02043	0.18525	0.01820	0.01215	0.01820	0.01042	0.01617	0.00952	0.01061	0.01918	0.00288	0.55689	0.00665	0.00317	0.00808
32	0.01736	0.01499	0.01578	0.01420	0.01815	0.01736	0.01105	0.03708	0.69862	0.02919	0.02840	0.02604	0.02130	0.00947	0.00710	0.00237	0.00552	0.00789	0.00710	0.01105
33	0.02514	0.03186	0.02185	0.01908	0.02301	0.65815	0.07852	0.02733	0.01946	0.01759	0.01111	0.01319	0.00914	0.00706	0.00648	0.00185	0.01250	0.00486	0.00359	0.00822
34	0.02102	0.13317	0.31404	0.01602	0.02352	0.01706	0.01743	0.11138	0.04579	0.20826	0.01727	0.01731	0.01198	0.00740	0.00648	0.00208	0.00820	0.00569	0.00515	0.01076
35	0.00850	0.00607	0.00810	0.00972	0.01012	0.00567	0.00648	0.00972	0.01336	0.01781	0.03846	0.75020	0.04615	0.02186	0.00891	0.00283	0.00405	0.01984	0.00648	0.00567
36	0.01258	0.01164	0.01845	0.01534	0.01874	0.01147	0.18794	0.01928	0.16157	0.02252	0.09378	0.21428	0.15549	0.01353	0.00816	0.00246	0.00626	0.01263	0.00593	0.00793
37	0.05386	0.10727	0.33356	0.01735	0.06220	0.01590	0.03544	0.05405	0.04325	0.07408	0.02095	0.05620	0.07936	0.00865	0.00667	0.00216	0.00808	0.00700	0.00435	0.00962
38	0.01424	0.03443	0.65308	0.02081	0.03081	0.01635	0.08963	0.02212	0.01490	0.02212	0.01268	0.01513	0.00901	0.00656	0.00679	0.00222	0.01045	0.00545	0.00300	0.01023
39	0.01474	0.01224	0.01352	0.01230	0.01544	0.01358	0.00948	0.02871	0.46088	0.02877	0.26624	0.03517	0.03690	0.01115	0.00750	0.00231	0.00474	0.00955	0.00730	0.00948
40	0.01701	0.36132	0.33384	0.01658	0.04707	0.02120	0.01824	0.02252	0.03881	0.04673	0.01241	0.01396	0.00973	0.00649	0.00570	0.00188	0.00861	0.00472	0.00335	0.00981
41	0.31989	0.04062	0.11026	0.04612	0.09293	0.01556	0.08979	0.04832	0.01526	0.08841	0.04079	0.03663	0.01291	0.00740	0.00607	0.00218	0.00731	0.00599	0.00455	0.00901
42	0.00877	0.00626	0.00840	0.01002	0.01054	0.00590	0.00694	0.01018	0.01362	0.01811	0.03832	0.68525	0.04557	0.02161	0.00898	0.00287	0.00428	0.08217	0.00647	0.00574
43	0.01356	0.03350	0.65511	0.01883	0.02840	0.01532	0.02402	0.02118	0.01503	0.02227	0.04993	0.01866	0.03888	0.00744	0.00677	0.00221	0.00969	0.00591	0.00332	0.00995
44	0.01644	0.02283	0.20956	0.03084	0.28371	0.04539	0.20301	0.02184	0.01560	0.02192	0.01292	0.01674	0.01016	0.00662	0.00810	0.00223	0.05226	0.00642	0.00333	0.01010
45	0.01634	0.01552	0.02619	0.09636	0.60171	0.01572	0.02020	0.02039	0.01574	0.02216	0.01632	0.02183	0.03990	0.00726	0.00708	0.00215	0.00811	0.03294	0.00367	0.01040
46	0.12648	0.01555	0.02475	0.13730	0.51926	0.01630	0.01919	0.02078	0.01505	0.02328	0.01255	0.01663	0.01032	0.00636	0.00656	0.00212	0.00803	0.00587	0.00352	0.01009
47	0.01608	0.05955	0.17496	0.09432	0.03420	0.04428	0.40519	0.02180	0.01568	0.02118	0.01311	0.01723	0.00992	0.00641	0.00803	0.00228	0.03617	0.00697	0.00333	0.00930
48	0.13611	0.07203	0.04729	0.01493	0.02009	0.05235	0.07673	0.21802	0.05541	0.13822	0.01788	0.01991	0.01338	0.00804	0.00647	0.00211	0.00738	0.03058	0.05307	0.00998
49	0.00875	0.00625	0.00838	0.01000	0.01051	0.00588	0.00690	0.01014	0.01360	0.01809	0.03833	0.69046	0.04562	0.02163	0.00897	0.00287	0.00426	0.07718	0.00647	0.00574
50	0.01685	0.01821	0.06164	0.06357	0.11258	0.01711	0.43676	0.02435	0.10951	0.04303	0.01619	0.01959	0.01216	0.00658	0.00776	0.00231	0.01016	0.00769	0.00411	0.00985
51	0.01877	0.18802	0.15888	0.02388	0.18130	0.06574	0.11463	0.07179	0.01695	0.05726	0.01313	0.01559	0.01029	0.00670	0.00690	0.00202	0.02865	0.00568	0.00379	0.01002
52	0.01418	0.03482	0.66845	0.02059	0.03067	0.01631	0.07465	0.02212	0.01486	0.02212	0.01264	0.01504	0.00897	0.00657	0.00675	0.00222	0.01042	0.00538	0.00299	0.01025
53	0.00827	0.00700	0.00714	0.00726	0.00948	0.00588	0.00539	0.00999	0.01572	0.01878	0.06840	0.11579	0.66125	0.01797	0.00829	0.00239	0.00357	0.01509	0.00648	0.00588
54	0.01594	0.02165	0.19056	0.10001	0.07306	0.01733	0.33831	0.04507	0.05056	0.02268	0.01410	0.01790	0.01060	0.00675	0.00824	0.00233	0.04465	0.00702	0.00362	0.00962
55	0.04987	0.02201	0.15093	0.02322	0.09858	0.08733	0.23408	0.10755	0.05307	0.04404	0.04942	0.01892	0.01370	0.00719	0.00721	0.00219	0.00956	0.00685	0.00442	0.00986
56	0.00881	0.00631	0.00850	0.01007	0.01062	0.00599	0.00701	0.01026	0.01355	0.01806	0.03769	0.66233	0.04466	0.02258	0.03176	0.00314	0.00474	0.08178	0.00639	0.00576
57	0.01975	0.02086	0.03012	0.02607	0.13185	0.14890	0.30665	0.11059	0.08781	0.02493	0.01513	0.01790	0.01161	0.00686	0.00740	0.00218	0.01024	0.00695	0.00434	0.00990
58	0.04641	0.04495	0.05986	0.04366	0.09093	0.07798	0.19991	0.06055	0.01765	0.11969	0.04714	0.06222	0.03369	0.00903	0.00743	0.00227	0.00861	0.05377	0.00499	0.00925
59	0.01608	0.09447	0.14547	0.01638	0.02150	0.01494	0.11121	0.05579	0.12093	0.07129	0.04111	0.09293	0.02234	0.01100	0.00756	0.00241	0.00761	0.13252	0.00535	0.00911
60	0.01586	0.01504	0.02551	0.23442	0.49589	0.01590	0.02039	0.02011	0.01536	0.02133	0.01399	0.02040	0.01187	0.00701	0.00705	0.00219	0.00849	0.03576	0.00349	0.00993
61	0.01806	0.27061	0.24647	0.01702	0.02363	0.17141	0.06638	0.02236	0.01565	0.01890	0.01226	0.01567	0.01024	0.00866	0.03494	0.00228	0.01020	0.02294	0.00327	0.00905
62	0.01581	0.14144	0.37946	0.02080	0.02884	0.01882	0.18608	0.04314	0.01541	0.02166	0.01241	0.01530	0.00941	0.00675	0.00773	0.00218	0.05597	0.00580	0.00323	0.00976
63	0.00850	0.00607	0.00810	0.00972	0.01012	0.00567	0.00648	0.00972	0.01336	0.01781	0.03846	0.75020	0.04615	0.02186	0.00891	0.00283	0.00405	0.01984	0.00648	0.00567
64	0.01543	0.07608	0.44117	0.02035	0.06214	0.01601	0.12035	0.02193	0.01521	0.04987	0.01420	0.01669	0.01043	0.00668	0.00659	0.00212	0.00938	0.00578	0.07975	0.00982
65	0.01177	0.01011	0.07813	0.01043	0.01226	0.00837	0.00834	0.01369	0.01224	0.06500	0.04578	0.10782	0.02443	0.32747	0.22682	0.00673	0.01010	0.00975	0.00462	0.00616
66	0.00887	0.00661	0.00798	0.00882	0.01008	0.00598	0.00630	0.01064	0.01495	0.01955	0.10795	0.40260	0.25993	0.01914	0.00851	0.00259	0.00391	0.05154	0.03814	0.00590
67	0.00846	0.00622	0.00795	0.00933	0.01002	0.00570	0.00630	0.00976	0.01374	0.01797	0.04321	0.64959	0.14370	0.02125	0.00881	0.00276	0.00397	0.01909	0.00648	0.00570
68	0.01597	0.07528	0.49682	0.02072	0.02972	0.03862	0.14459	0.02285	0.01543	0.05646	0.01334	0.01565	0.00959	0.00657	0.00680	0.00218	0.01026	0.00571	0.00336	0.01008
69	0.02639	0.01879	0.08572	0.01486	0.02045	0.08914	0.01297	0.20558	0.09236	0.32799	0.02157	0.02010	0.01458	0.00831	0.00690	0.00213	0.00747	0.00647	0.00697	0.01124
70	0.01527	0.01527	0.02137	0.01832	0.01832	0.02137	0.01527	0.01679	0.01069	0.01679	0.00916	0.01527	0.00916	0.01221	0.02290	0.00305	0.74198	0.00611	0.00305	0.00763

[dist]
# distance from previous block
# <min> <max>
7	86

[block]
# block no. 6 follows, 30 sequences, length 12
# corresponding to MSA columns:
# 970-981
name=unknown_G
#
# <colnr> <probs for GDERKNQSTAVLIFYWHMCP>
#	G	D	E	R	K	N	Q	S	T	A	V	L	I	F	Y	W	H	M	C	P
0	0.09203	0.01529	0.01766	0.14202	0.02372	0.01646	0.01233	0.28953	0.07236	0.06111	0.01617	0.01758	0.01194	0.00749	0.00635	0.00196	0.00691	0.00583	0.03937	0.14387
1	0.11112	0.01697	0.02048	0.06189	0.02250	0.08286	0.11622	0.16733	0.06592	0.02742	0.03912	0.02049	0.05360	0.00831	0.00796	0.00212	0.06537	0.00666	0.00494	0.09872
2	0.02653	0.01955	0.02094	0.01606	0.02164	0.02164	0.01326	0.68796	0.03281	0.04398	0.01675	0.01675	0.01187	0.00838	0.00698	0.00209	0.00768	0.00628	0.00698	0.01187
3	0.01447	0.01240	0.01447	0.01034	0.01654	0.00930	0.00827	0.01757	0.01447	0.02274	0.01240	0.01447	0.01034	0.00517	0.00517	0.00103	0.00517	0.00413	0.00413	0.79742
4	0.01331	0.01056	0.01339	0.01113	0.01527	0.00885	0.03665	0.01675	0.04625	0.05288	0.02713	0.18306	0.09164	0.01140	0.00690	0.00188	0.00518	0.05604	0.00535	0.38637
5	0.01803	0.66169	0.12834	0.01301	0.01956	0.02608	0.01380	0.02106	0.01425	0.01718	0.01008	0.01167	0.00894	0.00606	0.00477	0.00159	0.00785	0.00392	0.00298	0.00914
6	0.00955	0.00758	0.00998	0.10664	0.01514	0.00738	0.00793	0.01213	0.01643	0.02174	0.28326	0.21250	0.23200	0.01598	0.00822	0.00240	0.00434	0.01400	0.00645	0.00634
7	0.01727	0.01658	0.02832	0.04283	0.71123	0.01658	0.02142	0.02142	0.01589	0.02280	0.01313	0.01727	0.01105	0.00622	0.00691	0.00207	0.00829	0.00622	0.00345	0.01105
8	0.01447	0.01240	0.01447	0.01034	0.01654	0.00930	0.00827	0.01757	0.01447	0.02274	0.01240	0.01447	0.01034	0.00517	0.00517	0.00103	0.00517	0.00413	0.00413	0.79742
9	0.01280	0.00904	0.01087	0.00992	0.01196	0.00909	0.00736	0.07685	0.07700	0.05225	0.37013	0.06584	0.06997	0.14068	0.04256	0.00338	0.00525	0.01109	0.00677	0.00718
10	0.06987	0.04273	0.04452	0.01177	0.01511	0.03616	0.06523	0.01673	0.01649	0.09258	0.17789	0.10271	0.22866	0.01309	0.00812	0.00229	0.03144	0.01108	0.00602	0.00750
11	0.01486	0.07558	0.01620	0.01542	0.10303	0.08474	0.01030	0.06905	0.06700	0.02152	0.06678	0.17566	0.07734	0.08815	0.04714	0.00310	0.00712	0.01015	0.00520	0.04166

[dist]
# distance from previous block
# <min> <max>
54	145

[block]
# block no. 7 follows, 30 sequences, length 13
# corresponding to MSA columns:
# 1205-1217
name=unknown_H
#
# <colnr> <probs for GDERKNQSTAVLIFYWHMCP>
#	G	D	E	R	K	N	Q	S	T	A	V	L	I	F	Y	W	H	M	C	P
0	0.08411	0.05777	0.01011	0.00850	0.01076	0.00841	0.00650	0.01251	0.01600	0.02211	0.22451	0.17071	0.31227	0.01565	0.00773	0.00232	0.00400	0.01328	0.00636	0.00640
1	0.09892	0.01507	0.01893	0.01610	0.06015	0.07061	0.07594	0.03007	0.09446	0.38297	0.02186	0.02071	0.01486	0.00786	0.00675	0.00212	0.00705	0.00656	0.00668	0.04234
2	0.63143	0.01389	0.01190	0.01009	0.01472	0.01546	0.00830	0.08375	0.01449	0.07206	0.01161	0.01279	0.00872	0.00669	0.00479	0.00208	0.00563	0.00423	0.00481	0.06257
3	0.01241	0.00780	0.00992	0.00925	0.01150	0.00704	0.00719	0.01532	0.01874	0.11334	0.44364	0.05357	0.18117	0.01461	0.00819	0.00230	0.00393	0.06549	0.00747	0.00711
4	0.14780	0.01920	0.06806	0.01572	0.02156	0.07705	0.05840	0.04321	0.04729	0.08358	0.01755	0.02039	0.01414	0.00874	0.00731	0.00235	0.00805	0.00614	0.00577	0.32770
5	0.00867	0.00717	0.00766	0.00776	0.00999	0.00615	0.00597	0.01071	0.01626	0.01984	0.12329	0.06693	0.58941	0.01753	0.00838	0.00242	0.00378	0.07551	0.00658	0.00600
6	0.02015	0.01658	0.02134	0.01690	0.02178	0.01801	0.13088	0.26897	0.27612	0.03307	0.02115	0.02139	0.01568	0.00832	0.00706	0.00220	0.00721	0.00725	0.07529	0.01066
7	0.01736	0.01499	0.01578	0.01420	0.01815	0.01736	0.01105	0.03708	0.69862	0.02919	0.02840	0.02604	0.02130	0.00947	0.00710	0.00237	0.00552	0.00789	0.00710	0.01105
8	0.01447	0.01240	0.01447	0.01034	0.01654	0.00930	0.00827	0.01757	0.01447	0.02274	0.01240	0.01447	0.01034	0.00517	0.00517	0.00103	0.00517	0.00413	0.00413	0.79742
9	0.02538	0.01898	0.02030	0.01582	0.02120	0.02111	0.01299	0.60676	0.11587	0.04213	0.01821	0.01791	0.01304	0.00851	0.00700	0.00213	0.00741	0.00648	0.00700	0.01176
10	0.02256	0.01898	0.01819	0.01529	0.01985	0.11694	0.01213	0.26725	0.33193	0.06878	0.02177	0.02075	0.01602	0.00872	0.00694	0.00218	0.00729	0.00680	0.00665	0.01097
11	0.80405	0.01350	0.01026	0.00918	0.01350	0.01565	0.00756	0.02051	0.01188	0.03131	0.00972	0.01134	0.00756	0.00648	0.00432	0.00216	0.00540	0.00378	0.00432	0.00756
12	0.00945	0.00756	0.00862	0.00907	0.01104	0.00696	0.00700	0.01252	0.05596	0.02002	0.08033	0.17611	0.41122	0.01804	0.00855	0.00259	0.00427	0.13784	0.00655	0.00629

[dist]
# distance from previous block
# <min> <max>
0	1

[block]
# block no. 8 follows, 30 sequences, length 17
# corresponding to MSA columns:
# 1219-1235
name=unknown_I
#
# <colnr> <probs for GDERKNQSTAVLIFYWHMCP>
#	G	D	E	R	K	N	Q	S	T	A	V	L	I	F	Y	W	H	M	C	P
0	0.00990	0.00666	0.00768	0.00792	0.00798	0.00660	0.00456	0.01008	0.01062	0.01417	0.02443	0.15012	0.02845	0.64610	0.03157	0.00618	0.00636	0.01158	0.00456	0.00444
1	0.02607	0.03326	0.01978	0.01798	0.02157	0.72674	0.01348	0.02787	0.01978	0.01708	0.01079	0.01258	0.00899	0.00719	0.00629	0.00180	0.01258	0.00449	0.00360	0.00809
2	0.01015	0.00677	0.00761	0.00761	0.00761	0.00677	0.00423	0.01015	0.01015	0.01353	0.02199	0.04567	0.02537	0.75476	0.03552	0.00677	0.00677	0.01015	0.00423	0.00423
3	0.01753	0.58495	0.20074	0.01385	0.02087	0.02487	0.01527	0.02119	0.01431	0.01779	0.01038	0.01205	0.00893	0.00613	0.00500	0.00167	0.00815	0.00407	0.00298	0.00928
4	0.02653	0.01955	0.02094	0.01606	0.02164	0.02164	0.01326	0.68796	0.03281	0.04398	0.01675	0.01675	0.01187	0.00838	0.00698	0.00209	0.00768	0.00628	0.00698	0.01187
5	0.00880	0.00628	0.00844	0.01005	0.01059	0.00592	0.00699	0.01023	0.01365	0.01814	0.03830	0.67777	0.04551	0.02158	0.00899	0.00287	0.00431	0.08935	0.00647	0.00575
6	0.01124	0.00803	0.01124	0.01285	0.01446	0.00803	0.01124	0.01446	0.01606	0.02088	0.03695	0.07871	0.04016	0.01928	0.00964	0.00321	0.00643	0.66426	0.00643	0.00643
7	0.04860	0.27067	0.36333	0.01601	0.02381	0.02017	0.01841	0.09313	0.01657	0.02318	0.03794	0.01505	0.01129	0.00688	0.00592	0.00196	0.00863	0.00503	0.00363	0.00978
8	0.80405	0.01350	0.01026	0.00918	0.01350	0.01565	0.00756	0.02051	0.01188	0.03131	0.00972	0.01134	0.00756	0.00648	0.00432	0.00216	0.00540	0.00378	0.00432	0.00756
9	0.80405	0.01350	0.01026	0.00918	0.01350	0.01565	0.00756	0.02051	0.01188	0.03131	0.00972	0.01134	0.00756	0.00648	0.00432	0.00216	0.00540	0.00378	0.00432	0.00756
10	0.01835	0.01548	0.01634	0.01440	0.01852	0.01782	0.01128	0.10729	0.62680	0.03079	0.02715	0.02503	0.02028	0.00935	0.00709	0.00234	0.00576	0.00772	0.00709	0.01113
11	0.80405	0.01350	0.01026	0.00918	0.01350	0.01565	0.00756	0.02051	0.01188	0.03131	0.00972	0.01134	0.00756	0.00648	0.00432	0.00216	0.00540	0.00378	0.00432	0.00756
12	0.00850	0.00607	0.00810	0.00972	0.01012	0.00567	0.00648	0.00972	0.01336	0.01781	0.03846	0.75020	0.04615	0.02186	0.00891	0.00283	0.00405	0.01984	0.00648	0.00567
13	0.01736	0.01499	0.01578	0.01420	0.01815	0.01736	0.01105	0.03708	0.69862	0.02919	0.02840	0.02604	0.02130	0.00947	0.00710	0.00237	0.00552	0.00789	0.00710	0.01105
14	0.01447	0.01240	0.01447	0.01034	0.01654	0.00930	0.00827	0.01757	0.01447	0.02274	0.01240	0.01447	0.01034	0.00517	0.00517	0.00103	0.00517	0.00413	0.00413	0.79742
15	0.00964	0.00712	0.00900	0.00853	0.01028	0.00648	0.00640	0.01271	0.01919	0.02665	0.61451	0.05432	0.15972	0.01476	0.00823	0.00222	0.00333	0.01293	0.00751	0.00648
16	0.05681	0.01779	0.01970	0.01549	0.02036	0.01991	0.01276	0.48480	0.07492	0.10865	0.01766	0.01776	0.01265	0.00877	0.00840	0.00221	0.07710	0.00635	0.00668	0.01123

[dist]
# distance from previous block
# <min> <max>
3	16

[block]
# block no. 9 follows, 30 sequences, length 8
# corresponding to MSA columns:
# 1252-1259
name=unknown_J
#
# <colnr> <probs for GDERKNQSTAVLIFYWHMCP>
#	G	D	E	R	K	N	Q	S	T	A	V	L	I	F	Y	W	H	M	C	P
0	0.01758	0.01091	0.01138	0.00973	0.01270	0.01162	0.00771	0.24327	0.02078	0.03209	0.02073	0.02289	0.01585	0.00821	0.00559	0.00178	0.00475	0.00643	0.52768	0.00832
1	0.06167	0.01504	0.01651	0.01350	0.01759	0.01619	0.01069	0.41632	0.02514	0.09425	0.02161	0.14783	0.01935	0.07967	0.00982	0.00266	0.00669	0.00894	0.00665	0.00986
2	0.02047	0.01831	0.02561	0.01941	0.02511	0.04597	0.22224	0.26604	0.15488	0.03134	0.01756	0.01883	0.01305	0.00747	0.00720	0.00212	0.00849	0.00694	0.00553	0.08343
3	0.01750	0.01746	0.03275	0.02416	0.03012	0.01717	0.45776	0.13665	0.06735	0.02612	0.01790	0.08855	0.01495	0.00809	0.00800	0.00236	0.00989	0.00898	0.00466	0.00959
4	0.02140	0.02623	0.03019	0.02354	0.02882	0.38168	0.34069	0.02518	0.01817	0.01965	0.01241	0.01562	0.00977	0.00655	0.00724	0.00207	0.01219	0.00631	0.00356	0.00873
5	0.01403	0.01328	0.02248	0.59268	0.18668	0.01573	0.01981	0.01858	0.01436	0.01887	0.01255	0.01833	0.00967	0.00682	0.00696	0.00227	0.00909	0.00620	0.00317	0.00844
6	0.08546	0.09355	0.02077	0.01608	0.01958	0.31425	0.01293	0.09962	0.01821	0.08176	0.01239	0.01435	0.00995	0.00833	0.00958	0.00212	0.16286	0.00512	0.00430	0.00879
7	0.01947	0.01623	0.01659	0.01282	0.01819	0.12746	0.03102	0.08154	0.01802	0.11902	0.03913	0.01871	0.03569	0.00699	0.00606	0.00153	0.00680	0.00553	0.00509	0.41409

[dist]
# distance from previous block
# <min> <max>
0	14

[block]
# block no. 10 follows, 30 sequences, length 6
# corresponding to MSA columns:
# 1274-1279
name=unknown_K
#
# <colnr> <probs for GDERKNQSTAVLIFYWHMCP>
#	G	D	E	R	K	N	Q	S	T	A	V	L	I	F	Y	W	H	M	C	P
0	0.03800	0.16413	0.08523	0.01136	0.01555	0.01260	0.01022	0.01691	0.01527	0.05541	0.13140	0.19645	0.02864	0.01160	0.00677	0.00202	0.00566	0.03316	0.00522	0.15441
1	0.17651	0.34358	0.20835	0.01356	0.01991	0.02026	0.01463	0.02051	0.01404	0.02138	0.01311	0.01875	0.01169	0.00755	0.00552	0.00199	0.00769	0.06862	0.00358	0.00878
2	0.01289	0.00723	0.00915	0.00957	0.01117	0.00673	0.00706	0.01495	0.01498	0.11860	0.03572	0.39086	0.07973	0.01667	0.00785	0.00250	0.00435	0.07627	0.16691	0.00680
3	0.02124	0.01728	0.01869	0.01513	0.01984	0.08580	0.05605	0.24765	0.19491	0.08661	0.05602	0.02398	0.05865	0.00904	0.00705	0.00211	0.00713	0.00738	0.00641	0.05903
4	0.17996	0.01578	0.01613	0.01323	0.01809	0.01725	0.01066	0.23994	0.24834	0.03346	0.01860	0.01843	0.01392	0.00790	0.00622	0.00205	0.00614	0.00601	0.00608	0.12182
5	0.17751	0.01255	0.01386	0.01039	0.01610	0.01073	0.00841	0.02049	0.01472	0.12255	0.01400	0.01515	0.01075	0.00593	0.00526	0.00142	0.00532	0.00447	0.00481	0.52560

[dist]
# distance from previous block
# <min> <max>
1	5

[block]
# block no. 11 follows, 30 sequences, length 7
# corresponding to MSA columns:
# 1285-1291
name=unknown_L
#
# <colnr> <probs for GDERKNQSTAVLIFYWHMCP>
#	G	D	E	R	K	N	Q	S	T	A	V	L	I	F	Y	W	H	M	C	P
0	0.05469	0.01443	0.05313	0.01293	0.01804	0.03667	0.05862	0.01799	0.01507	0.02310	0.10741	0.01981	0.01760	0.00732	0.00748	0.00162	0.07224	0.00582	0.00441	0.45163
1	0.09169	0.01787	0.01729	0.01342	0.01889	0.10305	0.01081	0.28235	0.02209	0.03115	0.01367	0.01485	0.01052	0.00680	0.00594	0.00165	0.00709	0.00499	0.00520	0.32068
2	0.01912	0.01717	0.02685	0.03747	0.57320	0.01759	0.01978	0.15483	0.01928	0.02704	0.01385	0.01717	0.01122	0.00665	0.00692	0.00208	0.00817	0.00623	0.00416	0.01122
3	0.00870	0.00628	0.00792	0.00914	0.00970	0.00584	0.00604	0.00981	0.01320	0.01734	0.03970	0.57945	0.11514	0.12195	0.01249	0.00332	0.00437	0.01795	0.00617	0.00549
4	0.01055	0.00685	0.00845	0.00828	0.00979	0.00646	0.00612	0.01361	0.01771	0.02636	0.45442	0.12097	0.05106	0.01347	0.00742	0.00211	0.00336	0.01179	0.21473	0.00646
5	0.02382	0.01805	0.02047	0.11468	0.02489	0.01990	0.01374	0.54724	0.02889	0.03885	0.01584	0.01684	0.01140	0.00795	0.00685	0.00205	0.00772	0.00612	0.00624	0.06846
6	0.00850	0.00607	0.00810	0.00972	0.01012	0.00567	0.00648	0.00972	0.01336	0.01781	0.03846	0.75020	0.04615	0.02186	0.00891	0.00283	0.00405	0.01984	0.00648	0.00567

[dist]
# distance from previous block
# <min> <max>
0	0

# created by:
# /home/cegg/simao/soft/augustus-3.2.1/scripts/msa2prfl.pl ./align_prep/EOG090W0A2E.fa
