[name]
unknown

[dist]
# distance from previous block
# <min> <max>
0	72

[block]
# block no. 0 follows, 35 sequences, length 19
# corresponding to MSA columns:
# 86-104
name=unknown_A
#
# <colnr> <probs for GDERKNQSTAVLIFYWHMCP>
#	G	D	E	R	K	N	Q	S	T	A	V	L	I	F	Y	W	H	M	C	P
0	0.01541	0.07079	0.17885	0.02062	0.20261	0.07917	0.04047	0.04190	0.10386	0.04006	0.01774	0.06187	0.05118	0.00762	0.00620	0.00191	0.00739	0.00648	0.00399	0.04189
1	0.06744	0.14264	0.15442	0.07016	0.10592	0.03547	0.03716	0.11230	0.06643	0.06582	0.01350	0.01504	0.01025	0.00637	0.00565	0.00181	0.00720	0.00506	0.02906	0.04830
2	0.08134	0.11156	0.24110	0.01814	0.11952	0.03555	0.05153	0.10607	0.08098	0.02306	0.03006	0.03312	0.01195	0.02164	0.00639	0.00200	0.00754	0.00560	0.00388	0.00898
3	0.01148	0.01027	0.04173	0.01224	0.05593	0.00950	0.03398	0.07841	0.11302	0.02128	0.07952	0.29428	0.15852	0.01362	0.00723	0.00220	0.00478	0.01200	0.00562	0.03439
4	0.01862	0.12324	0.13865	0.01513	0.04820	0.17453	0.02841	0.05428	0.09673	0.12578	0.03770	0.06225	0.01436	0.00783	0.00639	0.00190	0.02667	0.00609	0.00452	0.00871
5	0.01159	0.00706	0.03079	0.00870	0.00946	0.00657	0.00633	0.04687	0.01060	0.01482	0.04039	0.06060	0.01488	0.01897	0.01981	0.59782	0.00527	0.00642	0.07913	0.00392
6	0.01073	0.02875	0.01100	0.01147	0.06412	0.00834	0.00774	0.01326	0.05014	0.05555	0.05719	0.27121	0.09864	0.10235	0.15220	0.00421	0.03054	0.01132	0.00499	0.00622
7	0.01495	0.01921	0.20331	0.01579	0.08117	0.10021	0.03761	0.01886	0.01434	0.05520	0.05090	0.04197	0.01304	0.00666	0.00618	0.00163	0.02762	0.00541	0.00377	0.28216
8	0.02395	0.01173	0.01415	0.01112	0.01539	0.01148	0.00910	0.21555	0.02039	0.40600	0.02148	0.02026	0.01447	0.00769	0.00598	0.00185	0.00534	0.00610	0.16817	0.00982
9	0.01570	0.02173	0.31068	0.04044	0.21085	0.03061	0.01804	0.10065	0.03814	0.06317	0.05194	0.01723	0.01270	0.00805	0.03068	0.00223	0.00819	0.00567	0.00390	0.00941
10	0.01354	0.02604	0.46973	0.05807	0.15758	0.01508	0.10489	0.01966	0.01361	0.01988	0.01155	0.01444	0.00862	0.00607	0.00677	0.00203	0.03513	0.00527	0.00284	0.00921
11	0.00885	0.00689	0.00785	0.00771	0.00953	0.00627	0.00572	0.04733	0.01592	0.02064	0.25444	0.17216	0.38302	0.01533	0.00753	0.00216	0.00342	0.01318	0.00624	0.00580
12	0.01423	0.04401	0.13428	0.04369	0.16491	0.02830	0.08274	0.04638	0.03411	0.06452	0.04183	0.13401	0.05663	0.00949	0.00717	0.00210	0.03249	0.02805	0.02285	0.00821
13	0.01082	0.00861	0.01011	0.00868	0.01167	0.00744	0.00655	0.04980	0.01453	0.02036	0.13977	0.13911	0.15934	0.06332	0.03785	0.00233	0.00471	0.00942	0.00510	0.29048
14	0.01682	0.07421	0.09660	0.03612	0.04092	0.06978	0.01175	0.20666	0.11733	0.02530	0.01859	0.05159	0.05115	0.00883	0.02285	0.00201	0.00679	0.00629	0.04943	0.08700
15	0.01867	0.10449	0.15469	0.01745	0.09635	0.08741	0.05418	0.20914	0.01869	0.07158	0.01383	0.04067	0.01089	0.00686	0.00597	0.00180	0.00771	0.00553	0.00434	0.06975
16	0.04682	0.08305	0.17214	0.01444	0.03907	0.03045	0.08271	0.12166	0.01568	0.04639	0.05522	0.11954	0.01821	0.11506	0.00996	0.00258	0.00707	0.00778	0.00435	0.00782
17	0.01343	0.01435	0.05016	0.05554	0.06198	0.11470	0.12668	0.04108	0.05623	0.01918	0.04777	0.16897	0.12358	0.01177	0.02678	0.00233	0.02769	0.00950	0.02107	0.00722
18	0.01292	0.03663	0.04950	0.04065	0.06032	0.06572	0.06835	0.07786	0.03371	0.03454	0.02801	0.24034	0.13361	0.05962	0.02677	0.00259	0.00640	0.01062	0.00485	0.00699

[dist]
# distance from previous block
# <min> <max>
3	14

[block]
# block no. 1 follows, 35 sequences, length 18
# corresponding to MSA columns:
# 120-137
name=unknown_B
#
# <colnr> <probs for GDERKNQSTAVLIFYWHMCP>
#	G	D	E	R	K	N	Q	S	T	A	V	L	I	F	Y	W	H	M	C	P
0	0.01467	0.03517	0.08984	0.01382	0.08840	0.03481	0.01046	0.07583	0.08166	0.09893	0.02443	0.12052	0.08283	0.12287	0.02749	0.00284	0.00625	0.02625	0.03526	0.00768
1	0.03487	0.03742	0.05572	0.03822	0.08980	0.03230	0.01042	0.08262	0.08801	0.03497	0.09180	0.05973	0.14313	0.05303	0.00846	0.00226	0.02763	0.04970	0.00500	0.05491
2	0.01214	0.03811	0.01001	0.00878	0.01054	0.10776	0.00638	0.03602	0.01402	0.01855	0.10640	0.09148	0.12038	0.18592	0.03638	0.00307	0.00570	0.00888	0.15035	0.02914
3	0.21471	0.05496	0.01567	0.04535	0.09308	0.07956	0.01017	0.07213	0.01455	0.06430	0.01198	0.01381	0.00943	0.00614	0.00559	0.00165	0.03309	0.00445	0.04832	0.20103
4	0.13472	0.26287	0.18200	0.01430	0.05348	0.11038	0.03604	0.01918	0.01334	0.01883	0.01163	0.04523	0.01024	0.03173	0.00602	0.00189	0.00757	0.00490	0.02775	0.00790
5	0.01020	0.00885	0.04045	0.00929	0.01109	0.00848	0.00746	0.03510	0.03930	0.01956	0.17374	0.06135	0.20877	0.10186	0.08304	0.00337	0.07829	0.02748	0.06628	0.00605
6	0.01588	0.06868	0.15304	0.03803	0.10956	0.06516	0.02607	0.14127	0.09979	0.02341	0.04174	0.09167	0.01561	0.00831	0.00664	0.00196	0.02843	0.00682	0.02579	0.03213
7	0.00898	0.00704	0.00825	0.00841	0.00979	0.00689	0.00617	0.03832	0.01394	0.01822	0.07015	0.32216	0.33069	0.01625	0.00845	0.00230	0.05693	0.01382	0.04755	0.00566
8	0.08292	0.01340	0.02091	0.10122	0.31154	0.01401	0.09055	0.08713	0.01559	0.02297	0.06526	0.02003	0.04408	0.00712	0.00667	0.00196	0.02870	0.00642	0.05096	0.00857
9	0.01033	0.00866	0.01180	0.01133	0.01178	0.01053	0.00867	0.01167	0.01068	0.01511	0.02119	0.19627	0.04487	0.15372	0.16500	0.00479	0.24868	0.04524	0.00405	0.00564
10	0.00883	0.00669	0.00802	0.00805	0.00950	0.00619	0.00580	0.01134	0.04311	0.01962	0.26478	0.21085	0.20601	0.10069	0.01031	0.00263	0.00378	0.03495	0.00596	0.03286
11	0.01590	0.07346	0.01690	0.13376	0.07282	0.03258	0.01129	0.10892	0.05339	0.09357	0.09650	0.04599	0.04437	0.00848	0.00670	0.00188	0.03056	0.03113	0.00489	0.11692
12	0.09739	0.01355	0.01507	0.03620	0.01698	0.04124	0.02981	0.20576	0.10583	0.11765	0.01910	0.02079	0.05097	0.06125	0.02924	0.00241	0.02834	0.00620	0.00533	0.09690
13	0.13712	0.16914	0.09704	0.05969	0.08457	0.05396	0.03518	0.06712	0.06063	0.05111	0.06395	0.04141	0.01437	0.00720	0.00558	0.00185	0.00668	0.00569	0.02945	0.00825
14	0.01479	0.19355	0.14472	0.03594	0.17411	0.03532	0.02928	0.06697	0.03666	0.01933	0.03717	0.03852	0.01392	0.12239	0.00974	0.00246	0.00730	0.00606	0.00359	0.00818
15	0.01128	0.00745	0.00936	0.00937	0.03319	0.00682	0.00677	0.03611	0.01619	0.10192	0.28124	0.17050	0.23571	0.01417	0.00743	0.00215	0.00380	0.03363	0.00641	0.00649
16	0.01066	0.00835	0.04745	0.00962	0.01166	0.00684	0.03271	0.01289	0.02814	0.08984	0.10426	0.35566	0.18471	0.03877	0.00867	0.01996	0.00438	0.01342	0.00581	0.00619
17	0.01465	0.03250	0.16371	0.01866	0.15428	0.05277	0.07796	0.06675	0.01563	0.06279	0.07177	0.04505	0.11817	0.03273	0.00770	0.00212	0.02490	0.00750	0.02212	0.00824

[dist]
# distance from previous block
# <min> <max>
2	13

[block]
# block no. 2 follows, 35 sequences, length 21
# corresponding to MSA columns:
# 151-171
name=unknown_C
#
# <colnr> <probs for GDERKNQSTAVLIFYWHMCP>
#	G	D	E	R	K	N	Q	S	T	A	V	L	I	F	Y	W	H	M	C	P
0	0.07026	0.10460	0.10764	0.01428	0.06595	0.09292	0.03241	0.12363	0.05664	0.02314	0.03313	0.04028	0.06367	0.00790	0.00612	0.00185	0.02650	0.00615	0.11480	0.00811
1	0.01730	0.06914	0.18150	0.04515	0.08263	0.15063	0.04449	0.12046	0.10973	0.03668	0.02905	0.05716	0.01320	0.00752	0.00619	0.00193	0.00804	0.00609	0.00423	0.00888
2	0.05076	0.22495	0.04860	0.01219	0.01622	0.20455	0.01041	0.11445	0.01677	0.06067	0.03667	0.03818	0.04274	0.04424	0.00673	0.00191	0.00736	0.00558	0.04915	0.00786
3	0.00765	0.00623	0.00677	0.00706	0.00877	0.00535	0.00513	0.00923	0.01417	0.01747	0.10124	0.21851	0.53694	0.01671	0.00763	0.00223	0.00330	0.01430	0.00596	0.00535
4	0.01377	0.01262	0.07480	0.06656	0.15372	0.04872	0.01165	0.04792	0.01530	0.08999	0.10523	0.17650	0.09537	0.03025	0.00758	0.00222	0.00593	0.02925	0.00504	0.00759
5	0.01317	0.01785	0.22134	0.03935	0.16217	0.01291	0.08835	0.05233	0.08000	0.02149	0.07517	0.10167	0.06864	0.00891	0.00673	0.00208	0.00708	0.00802	0.00425	0.00850
6	0.02772	0.01282	0.01536	0.01195	0.01676	0.06265	0.00979	0.09468	0.01924	0.62493	0.02304	0.02028	0.01471	0.00774	0.00633	0.00193	0.00597	0.00616	0.00739	0.01055
7	0.01293	0.06220	0.69195	0.01774	0.02666	0.01530	0.02262	0.01989	0.01325	0.01973	0.01118	0.01328	0.00805	0.00617	0.00643	0.00201	0.03400	0.00466	0.00268	0.00925
8	0.01741	0.04937	0.16459	0.03989	0.13463	0.06755	0.05035	0.12834	0.09527	0.07860	0.01553	0.03522	0.01231	0.00758	0.00724	0.00203	0.05582	0.02466	0.00437	0.00923
9	0.01679	0.09604	0.10078	0.05726	0.06451	0.18275	0.14746	0.08763	0.03253	0.02014	0.01474	0.10168	0.01317	0.00779	0.00631	0.00193	0.00853	0.00679	0.02505	0.00813
10	0.01381	0.01376	0.02012	0.01832	0.06786	0.01842	0.04196	0.01551	0.01036	0.01589	0.00982	0.04415	0.00983	0.01084	0.01876	0.00268	0.65169	0.00613	0.00294	0.00715
11	0.02333	0.01718	0.01848	0.01432	0.01917	0.01898	0.01176	0.68250	0.02898	0.03884	0.01617	0.05145	0.01228	0.00820	0.00643	0.00194	0.00682	0.00630	0.00632	0.01052
12	0.01696	0.78087	0.03324	0.01085	0.01628	0.02510	0.01085	0.01900	0.01289	0.01493	0.00882	0.01018	0.00814	0.00543	0.00407	0.00136	0.00678	0.00339	0.00271	0.00814
13	0.00773	0.00552	0.00736	0.00883	0.00920	0.00515	0.00589	0.00883	0.01215	0.01619	0.03497	0.77291	0.04196	0.01987	0.00810	0.00258	0.00368	0.01803	0.00589	0.00515
14	0.00856	0.00845	0.05938	0.00816	0.01048	0.00652	0.00674	0.01144	0.03984	0.01968	0.22638	0.13797	0.40384	0.01476	0.00743	0.00215	0.00371	0.01262	0.00596	0.00594
15	0.01593	0.01306	0.03510	0.01099	0.01622	0.01135	0.00908	0.12946	0.11024	0.06393	0.03495	0.01630	0.01266	0.00612	0.00540	0.00137	0.00522	0.00490	0.00481	0.49291
16	0.47904	0.01316	0.01228	0.01019	0.01450	0.03964	0.00836	0.10589	0.01536	0.22625	0.01410	0.01405	0.00982	0.00666	0.00496	0.00194	0.00552	0.00454	0.00528	0.00844
17	0.01254	0.01175	0.03887	0.06871	0.30428	0.01115	0.03910	0.04001	0.01590	0.02209	0.24372	0.05003	0.09644	0.00944	0.00687	0.00199	0.00580	0.00859	0.00476	0.00796
18	0.00906	0.00680	0.01020	0.01020	0.01133	0.00793	0.00793	0.01133	0.01020	0.01473	0.01699	0.02492	0.01586	0.04758	0.75191	0.01020	0.01699	0.00680	0.00340	0.00566
19	0.01272	0.03281	0.74418	0.01808	0.02746	0.01473	0.02344	0.02009	0.01339	0.02009	0.01138	0.01339	0.00804	0.00603	0.00603	0.00201	0.00938	0.00469	0.00268	0.00938
20	0.82186	0.01227	0.00932	0.00834	0.01227	0.01423	0.00687	0.01865	0.01080	0.02846	0.00883	0.01031	0.00687	0.00589	0.00393	0.00196	0.00491	0.00344	0.00393	0.00687

[dist]
# distance from previous block
# <min> <max>
0	8

[block]
# block no. 3 follows, 35 sequences, length 16
# corresponding to MSA columns:
# 180-192,197-199
name=unknown_D
#
# <colnr> <probs for GDERKNQSTAVLIFYWHMCP>
#	G	D	E	R	K	N	Q	S	T	A	V	L	I	F	Y	W	H	M	C	P
0	0.82186	0.01227	0.00932	0.00834	0.01227	0.01423	0.00687	0.01865	0.01080	0.02846	0.00883	0.01031	0.00687	0.00589	0.00393	0.00196	0.00491	0.00344	0.00393	0.00687
1	0.01192	0.00668	0.00894	0.00941	0.01070	0.00614	0.00674	0.01336	0.01333	0.15494	0.03231	0.55027	0.03573	0.05124	0.00889	0.00264	0.00426	0.06012	0.00617	0.00622
2	0.01570	0.01507	0.02575	0.03894	0.73748	0.01507	0.01947	0.01947	0.01444	0.02073	0.01193	0.01570	0.01005	0.00565	0.00628	0.00188	0.00754	0.00565	0.00314	0.01005
3	0.00804	0.00650	0.00718	0.00716	0.00910	0.00564	0.00547	0.01007	0.01531	0.01927	0.22409	0.05846	0.52429	0.01542	0.00758	0.00216	0.00334	0.05923	0.00615	0.00554
4	0.01102	0.00551	0.00826	0.00826	0.00826	0.00551	0.00551	0.00826	0.00826	0.01102	0.01102	0.01928	0.01102	0.02204	0.02479	0.81543	0.00551	0.00551	0.00275	0.00275
5	0.01272	0.03281	0.74418	0.01808	0.02746	0.01473	0.02344	0.02009	0.01339	0.02009	0.01138	0.01339	0.00804	0.00603	0.00603	0.00201	0.00938	0.00469	0.00268	0.00938
6	0.06747	0.00692	0.00679	0.00650	0.00832	0.00715	0.00497	0.04935	0.01394	0.02478	0.01962	0.02233	0.01535	0.00730	0.00449	0.00153	0.00329	0.00573	0.71793	0.00622
7	0.01632	0.01369	0.01442	0.01280	0.01643	0.01574	0.01000	0.08881	0.64336	0.02753	0.02477	0.02298	0.01855	0.00848	0.00637	0.00211	0.00511	0.00701	0.03557	0.00995
8	0.01179	0.11951	0.09701	0.03303	0.01528	0.01231	0.04143	0.03921	0.01167	0.01601	0.01501	0.02395	0.01451	0.20469	0.26727	0.00575	0.05522	0.00655	0.00337	0.00642
9	0.01671	0.73003	0.03192	0.01076	0.01620	0.02400	0.01063	0.01880	0.01291	0.01530	0.00898	0.01037	0.00822	0.00538	0.00411	0.00133	0.00665	0.00342	0.00278	0.06150
10	0.00778	0.00569	0.00732	0.00848	0.00914	0.00523	0.00576	0.00907	0.01280	0.01690	0.08339	0.63829	0.12890	0.01896	0.00798	0.00249	0.00358	0.01704	0.00596	0.00523
11	0.21777	0.00970	0.02910	0.00922	0.01210	0.00926	0.00732	0.04815	0.01442	0.15766	0.07888	0.20955	0.12314	0.03701	0.00726	0.00228	0.00458	0.00984	0.00571	0.00706
12	0.01561	0.09725	0.18622	0.03320	0.07817	0.12893	0.11456	0.06591	0.01526	0.01989	0.01461	0.08529	0.01303	0.00785	0.00665	0.00196	0.03071	0.02535	0.05140	0.00816
13	0.00908	0.00658	0.00947	0.00955	0.01043	0.00742	0.00711	0.01076	0.01009	0.01431	0.01823	0.06842	0.01823	0.15680	0.57577	0.03694	0.01420	0.00774	0.00358	0.00526
14	0.00834	0.00601	0.00764	0.00870	0.00939	0.00568	0.00612	0.00961	0.01233	0.01612	0.03571	0.46220	0.11777	0.14093	0.01203	0.00316	0.00437	0.12329	0.00555	0.00507
15	0.01433	0.01018	0.04582	0.00997	0.01266	0.03266	0.00803	0.04839	0.06829	0.16166	0.05231	0.20898	0.15363	0.05517	0.00841	0.00239	0.00489	0.04268	0.05234	0.00722

[dist]
# distance from previous block
# <min> <max>
1	6

[block]
# block no. 4 follows, 35 sequences, length 27
# corresponding to MSA columns:
# 206-232
name=unknown_E
#
# <colnr> <probs for GDERKNQSTAVLIFYWHMCP>
#	G	D	E	R	K	N	Q	S	T	A	V	L	I	F	Y	W	H	M	C	P
0	0.01282	0.05990	0.01330	0.01192	0.06419	0.06732	0.02578	0.08596	0.03606	0.03779	0.11946	0.08315	0.30971	0.01230	0.00696	0.00204	0.00515	0.03373	0.00546	0.00699
1	0.01633	0.17111	0.13898	0.01312	0.01791	0.09732	0.03567	0.08891	0.03190	0.05629	0.01434	0.06982	0.01276	0.06027	0.00831	0.02301	0.02462	0.00589	0.00394	0.10949
2	0.00907	0.00592	0.00743	0.00791	0.00812	0.00579	0.00502	0.00921	0.01046	0.01398	0.04791	0.25869	0.02870	0.38380	0.02220	0.12453	0.00520	0.03736	0.00448	0.00422
3	0.06017	0.04164	0.15520	0.10160	0.18963	0.03584	0.08092	0.07981	0.09334	0.04970	0.01464	0.01814	0.01149	0.00683	0.00626	0.00201	0.00774	0.03198	0.00397	0.00908
4	0.26792	0.19793	0.08994	0.03206	0.03517	0.14864	0.01144	0.06378	0.01421	0.02181	0.01018	0.01196	0.00824	0.00624	0.00530	0.00177	0.03063	0.00407	0.03091	0.00780
5	0.01707	0.01440	0.02367	0.05413	0.59688	0.01437	0.01770	0.04664	0.01537	0.09774	0.01472	0.01746	0.02848	0.00624	0.00633	0.00191	0.00721	0.00592	0.00382	0.00996
6	0.01461	0.03663	0.04001	0.09171	0.19030	0.02680	0.03573	0.05908	0.06752	0.07300	0.04142	0.11029	0.05204	0.03047	0.04913	0.00262	0.04043	0.00792	0.02217	0.00812
7	0.00887	0.00648	0.00833	0.00787	0.00941	0.00594	0.00590	0.01177	0.01771	0.02485	0.68675	0.04835	0.10760	0.01319	0.00748	0.00201	0.00301	0.01161	0.00691	0.00594
8	0.00805	0.00563	0.00744	0.00884	0.00931	0.00530	0.00604	0.00934	0.01233	0.01670	0.03420	0.70089	0.04043	0.01915	0.00795	0.00254	0.00376	0.05183	0.04504	0.00522
9	0.01696	0.78087	0.03324	0.01085	0.01628	0.02510	0.01085	0.01900	0.01289	0.01493	0.00882	0.01018	0.00814	0.00543	0.00407	0.00136	0.00678	0.00339	0.00271	0.00814
10	0.00773	0.00552	0.00736	0.00883	0.00920	0.00515	0.00589	0.00883	0.01215	0.01619	0.03497	0.77291	0.04196	0.01987	0.00810	0.00258	0.00368	0.01803	0.00589	0.00515
11	0.82186	0.01227	0.00932	0.00834	0.01227	0.01423	0.00687	0.01865	0.01080	0.02846	0.00883	0.01031	0.00687	0.00589	0.00393	0.00196	0.00491	0.00344	0.00393	0.00687
12	0.01183	0.00591	0.00591	0.00591	0.00739	0.00591	0.00443	0.01478	0.01330	0.02365	0.02069	0.02365	0.01626	0.00739	0.00443	0.00148	0.00296	0.00591	0.81227	0.00591
13	0.78312	0.01254	0.00980	0.00865	0.01263	0.01450	0.00712	0.05253	0.01172	0.02902	0.00914	0.01054	0.00706	0.00597	0.00404	0.00196	0.00501	0.00355	0.00404	0.00706
14	0.02325	0.01148	0.01430	0.01151	0.01570	0.01111	0.00937	0.14915	0.07748	0.43020	0.09198	0.04238	0.02072	0.00896	0.00656	0.00201	0.00533	0.03079	0.02790	0.00984
15	0.82186	0.01227	0.00932	0.00834	0.01227	0.01423	0.00687	0.01865	0.01080	0.02846	0.00883	0.01031	0.00687	0.00589	0.00393	0.00196	0.00491	0.00344	0.00393	0.00687
16	0.00777	0.00609	0.00697	0.00746	0.00882	0.00536	0.00528	0.00926	0.01374	0.01735	0.11087	0.31879	0.39776	0.04403	0.00859	0.00243	0.00347	0.01477	0.00591	0.00528
17	0.00836	0.00600	0.00735	0.00815	0.00924	0.00538	0.00568	0.00973	0.01326	0.03960	0.07030	0.50561	0.25203	0.01808	0.00784	0.00240	0.00357	0.01601	0.00599	0.00542
18	0.82186	0.01227	0.00932	0.00834	0.01227	0.01423	0.00687	0.01865	0.01080	0.02846	0.00883	0.01031	0.00687	0.00589	0.00393	0.00196	0.00491	0.00344	0.00393	0.00687
19	0.00756	0.00618	0.00668	0.00708	0.00874	0.00530	0.00511	0.00903	0.01383	0.01688	0.05633	0.25387	0.54721	0.01710	0.00766	0.00226	0.00334	0.01465	0.00589	0.00530
20	0.00945	0.00726	0.02605	0.00933	0.01065	0.00694	0.00701	0.01194	0.04850	0.03682	0.08854	0.30850	0.09620	0.04835	0.21810	0.03580	0.00771	0.01197	0.00511	0.00576
21	0.02711	0.01125	0.01481	0.01151	0.01625	0.01017	0.00945	0.07998	0.04321	0.64548	0.02463	0.04290	0.01623	0.00821	0.00643	0.00198	0.00545	0.00670	0.00764	0.01061
22	0.00899	0.00615	0.00807	0.00880	0.00961	0.00599	0.00624	0.01050	0.01245	0.03376	0.08453	0.40684	0.06235	0.11693	0.10365	0.00389	0.00577	0.06940	0.03075	0.00534
23	0.01304	0.01135	0.01749	0.07692	0.23231	0.03165	0.06908	0.05295	0.01441	0.03874	0.02183	0.29503	0.02288	0.01290	0.03173	0.00248	0.00672	0.03635	0.00454	0.00759
24	0.01413	0.01497	0.05656	0.04892	0.25335	0.09311	0.08454	0.01720	0.01369	0.01860	0.01636	0.15508	0.01592	0.01018	0.02838	0.00231	0.08190	0.00793	0.05903	0.00786
25	0.65371	0.01496	0.04882	0.01088	0.04141	0.06582	0.00884	0.05466	0.01253	0.02743	0.00947	0.01100	0.00734	0.00602	0.00437	0.00194	0.00580	0.00374	0.00391	0.00735
26	0.02708	0.01302	0.01610	0.01234	0.01730	0.01262	0.01020	0.24953	0.02188	0.51800	0.02190	0.01956	0.01414	0.00778	0.00637	0.00194	0.00590	0.00617	0.00737	0.01079

[dist]
# distance from previous block
# <min> <max>
1	11

[block]
# block no. 5 follows, 35 sequences, length 19
# corresponding to MSA columns:
# 250-268
name=unknown_F
#
# <colnr> <probs for GDERKNQSTAVLIFYWHMCP>
#	G	D	E	R	K	N	Q	S	T	A	V	L	I	F	Y	W	H	M	C	P
0	0.02370	0.03023	0.01798	0.01634	0.01961	0.75158	0.01226	0.02533	0.01798	0.01553	0.00981	0.01144	0.00817	0.00654	0.00572	0.00163	0.01144	0.00409	0.00327	0.00735
1	0.05935	0.04440	0.10819	0.05153	0.28225	0.01445	0.03493	0.11448	0.01682	0.14132	0.04156	0.01821	0.03053	0.00687	0.00618	0.00193	0.00702	0.00592	0.00451	0.00953
2	0.07990	0.29305	0.39823	0.01458	0.02191	0.01859	0.01710	0.05531	0.01385	0.01997	0.01048	0.01211	0.00812	0.00589	0.00519	0.00177	0.00798	0.00418	0.00298	0.00881
3	0.00879	0.00648	0.00822	0.00779	0.00936	0.00591	0.00584	0.01161	0.01752	0.02440	0.65024	0.04910	0.14440	0.01336	0.00748	0.00201	0.00302	0.01171	0.00685	0.00591
4	0.00771	0.00598	0.00703	0.00773	0.00894	0.00530	0.00543	0.00916	0.01354	0.01722	0.09456	0.41461	0.34462	0.01776	0.00780	0.00235	0.00343	0.01557	0.00596	0.00530
5	0.01450	0.04378	0.31278	0.09450	0.17916	0.05370	0.12336	0.02073	0.05949	0.01992	0.01248	0.01524	0.00947	0.00605	0.00629	0.00198	0.00885	0.00549	0.00314	0.00908
6	0.01679	0.01444	0.01751	0.01722	0.11690	0.09474	0.05019	0.15658	0.04224	0.05926	0.01591	0.06238	0.01377	0.03041	0.12658	0.00342	0.10035	0.00667	0.04648	0.00816
7	0.01006	0.00688	0.00843	0.00824	0.00985	0.00641	0.00605	0.03759	0.01554	0.05918	0.28920	0.21456	0.19134	0.04838	0.03477	0.00261	0.00410	0.01251	0.02832	0.00599
8	0.01578	0.01363	0.01434	0.01291	0.01650	0.01578	0.01004	0.03371	0.72602	0.02654	0.02582	0.02367	0.01937	0.00861	0.00646	0.00215	0.00502	0.00717	0.00646	0.01004
9	0.00919	0.00762	0.00879	0.00831	0.01060	0.00707	0.02433	0.03983	0.05231	0.01942	0.11710	0.05381	0.50329	0.01641	0.04385	0.00257	0.00449	0.05917	0.00585	0.00601
10	0.01304	0.01111	0.01375	0.04187	0.06656	0.00931	0.00868	0.03169	0.03873	0.02077	0.04014	0.05582	0.01385	0.03465	0.00627	0.00143	0.00505	0.00536	0.00406	0.57785
11	0.02372	0.02959	0.01803	0.01625	0.01962	0.71345	0.01225	0.06133	0.01859	0.01680	0.01009	0.01164	0.00831	0.00659	0.00575	0.00165	0.01121	0.00417	0.00343	0.00753
12	0.00891	0.00648	0.00860	0.00844	0.00982	0.00618	0.00637	0.01162	0.01636	0.02294	0.54280	0.10745	0.07165	0.01760	0.08764	0.00298	0.00471	0.04719	0.00642	0.00586
13	0.01083	0.03667	0.01199	0.01180	0.04916	0.00888	0.03008	0.07691	0.03098	0.01948	0.07246	0.37344	0.05748	0.03575	0.09729	0.00337	0.00627	0.05543	0.00533	0.00639
14	0.00845	0.00609	0.00767	0.00871	0.00954	0.00572	0.00609	0.02817	0.01320	0.01758	0.05293	0.58438	0.12547	0.01833	0.00786	0.00247	0.00378	0.05124	0.03693	0.00541
15	0.02370	0.03023	0.01798	0.01634	0.01961	0.75158	0.01226	0.02533	0.01798	0.01553	0.00981	0.01144	0.00817	0.00654	0.00572	0.00163	0.01144	0.00409	0.00327	0.00735
16	0.06443	0.04236	0.01153	0.01032	0.04098	0.01046	0.00755	0.09005	0.11436	0.06103	0.06356	0.10363	0.15103	0.06215	0.00798	0.00225	0.00460	0.00886	0.13559	0.00727
17	0.03190	0.10614	0.27344	0.09874	0.06113	0.04558	0.01591	0.08985	0.04638	0.05052	0.01345	0.03376	0.01048	0.00664	0.00577	0.00184	0.00761	0.00524	0.02973	0.06591
18	0.08967	0.24621	0.18032	0.03380	0.07561	0.09186	0.01394	0.07565	0.03398	0.02040	0.01220	0.05224	0.01048	0.00674	0.00536	0.00176	0.00749	0.00504	0.00350	0.03375

[dist]
# distance from previous block
# <min> <max>
1	23

[block]
# block no. 6 follows, 35 sequences, length 17
# corresponding to MSA columns:
# 292-308
name=unknown_G
#
# <colnr> <probs for GDERKNQSTAVLIFYWHMCP>
#	G	D	E	R	K	N	Q	S	T	A	V	L	I	F	Y	W	H	M	C	P
0	0.04477	0.03773	0.25577	0.01946	0.12571	0.08496	0.09641	0.05629	0.04804	0.05781	0.03299	0.01613	0.01136	0.00640	0.00605	0.00188	0.00806	0.00547	0.03885	0.04587
1	0.01692	0.01829	0.07702	0.12995	0.24559	0.14230	0.03275	0.11734	0.06187	0.02192	0.01633	0.01850	0.05911	0.00709	0.00630	0.00193	0.00804	0.00598	0.00392	0.00885
2	0.01484	0.00921	0.01021	0.00912	0.01158	0.00967	0.00706	0.12913	0.10939	0.07707	0.07998	0.07195	0.02109	0.02809	0.03290	0.00220	0.00466	0.00741	0.35696	0.00748
3	0.01606	0.03576	0.10437	0.19157	0.23551	0.05977	0.11156	0.05795	0.04906	0.05782	0.01316	0.01617	0.01002	0.00622	0.00636	0.00197	0.00833	0.00575	0.00360	0.00896
4	0.00914	0.00616	0.00713	0.00720	0.00728	0.00621	0.00418	0.00933	0.00942	0.01263	0.02053	0.07536	0.02354	0.69854	0.07304	0.00622	0.00666	0.00950	0.00392	0.00401
5	0.00920	0.00644	0.00862	0.00862	0.00928	0.00695	0.00604	0.01020	0.00987	0.01362	0.01977	0.03251	0.04952	0.32683	0.38827	0.06659	0.01136	0.00793	0.00363	0.00474
6	0.02253	0.01409	0.01574	0.01241	0.01675	0.01494	0.01020	0.44099	0.02428	0.17778	0.01869	0.01970	0.01350	0.00794	0.00612	0.00188	0.00597	0.02799	0.13866	0.00983
7	0.82186	0.01227	0.00932	0.00834	0.01227	0.01423	0.00687	0.01865	0.01080	0.02846	0.00883	0.01031	0.00687	0.00589	0.00393	0.00196	0.00491	0.00344	0.00393	0.00687
8	0.01696	0.78087	0.03324	0.01085	0.01628	0.02510	0.01085	0.01900	0.01289	0.01493	0.00882	0.01018	0.00814	0.00543	0.00407	0.00136	0.00678	0.00339	0.00271	0.00814
9	0.01102	0.00551	0.00826	0.00826	0.00826	0.00551	0.00551	0.00826	0.00826	0.01102	0.01102	0.01928	0.01102	0.02204	0.02479	0.81543	0.00551	0.00551	0.00275	0.00275
10	0.08443	0.05946	0.18023	0.01601	0.10008	0.01444	0.01364	0.15559	0.06375	0.12903	0.04193	0.01807	0.02834	0.00816	0.00719	0.05338	0.00672	0.00571	0.00477	0.00907
11	0.02038	0.04081	0.06504	0.01670	0.08347	0.06451	0.01311	0.41027	0.02247	0.04515	0.01392	0.01597	0.01076	0.03065	0.04464	0.00248	0.07952	0.00562	0.00500	0.00953
12	0.00930	0.00610	0.00727	0.00735	0.00744	0.00615	0.00436	0.00925	0.00935	0.01254	0.01978	0.07667	0.02251	0.62350	0.07586	0.07897	0.00665	0.00920	0.00382	0.00393
13	0.01846	0.04697	0.03335	0.03161	0.01559	0.06228	0.00938	0.10996	0.10950	0.20918	0.14702	0.04609	0.04897	0.00912	0.00635	0.00192	0.00547	0.00747	0.07272	0.00861
14	0.01658	0.17865	0.22327	0.01928	0.13268	0.10645	0.06024	0.07951	0.06663	0.02063	0.01279	0.03272	0.01037	0.00653	0.00583	0.00183	0.00824	0.00527	0.00352	0.00899
15	0.01100	0.00899	0.01153	0.01341	0.09649	0.02671	0.00864	0.05384	0.05903	0.01896	0.05396	0.43514	0.04657	0.05642	0.00946	0.00259	0.03785	0.03760	0.00536	0.00649
16	0.01288	0.03368	0.05739	0.02757	0.01524	0.05514	0.05347	0.05026	0.11362	0.03390	0.05908	0.19787	0.04264	0.09376	0.02981	0.00274	0.00618	0.03012	0.03053	0.05411

[dist]
# distance from previous block
# <min> <max>
0	9

[block]
# block no. 7 follows, 35 sequences, length 34
# corresponding to MSA columns:
# 318-351
name=unknown_H
#
# <colnr> <probs for GDERKNQSTAVLIFYWHMCP>
#	G	D	E	R	K	N	Q	S	T	A	V	L	I	F	Y	W	H	M	C	P
0	0.03434	0.10374	0.16175	0.03999	0.06734	0.07750	0.10953	0.01956	0.08063	0.03866	0.05232	0.05925	0.03646	0.04885	0.04072	0.00254	0.00805	0.00683	0.00393	0.00801
1	0.01395	0.01368	0.03757	0.08103	0.41680	0.01367	0.06036	0.01875	0.07648	0.02031	0.04197	0.04759	0.08683	0.00791	0.00711	0.00203	0.03396	0.00726	0.00388	0.00884
2	0.00923	0.00664	0.00941	0.00941	0.01036	0.00752	0.00704	0.01114	0.01019	0.01476	0.01770	0.02774	0.01713	0.17232	0.58857	0.00905	0.01439	0.00717	0.04487	0.00536
3	0.01696	0.78087	0.03324	0.01085	0.01628	0.02510	0.01085	0.01900	0.01289	0.01493	0.00882	0.01018	0.00814	0.00543	0.00407	0.00136	0.00678	0.00339	0.00271	0.00814
4	0.00864	0.00629	0.00784	0.00794	0.00903	0.00610	0.00563	0.01036	0.01321	0.01795	0.21349	0.16057	0.17018	0.16670	0.14114	0.00432	0.00617	0.01150	0.02766	0.00526
5	0.00750	0.00643	0.00643	0.00643	0.00857	0.00536	0.00482	0.00910	0.01446	0.01714	0.06427	0.06105	0.73490	0.01607	0.00750	0.00214	0.00321	0.01339	0.00589	0.00536
6	0.00818	0.00575	0.00735	0.00832	0.00870	0.00545	0.00543	0.00919	0.01197	0.01609	0.09088	0.54341	0.03914	0.19312	0.01360	0.00335	0.00419	0.01546	0.00551	0.00492
7	0.01753	0.01450	0.01533	0.01327	0.01717	0.01660	0.01047	0.17747	0.57940	0.02937	0.02359	0.02189	0.01756	0.00840	0.00643	0.00210	0.00543	0.00686	0.00643	0.01020
8	0.02387	0.01680	0.01819	0.01400	0.01891	0.01840	0.01155	0.64106	0.02835	0.08515	0.01611	0.01601	0.01135	0.00762	0.00627	0.00189	0.00670	0.00576	0.04144	0.01058
9	0.01272	0.03281	0.74418	0.01808	0.02746	0.01473	0.02344	0.02009	0.01339	0.02009	0.01138	0.01339	0.00804	0.00603	0.00603	0.00201	0.00938	0.00469	0.00268	0.00938
10	0.01578	0.01363	0.01434	0.01291	0.01650	0.01578	0.01004	0.03371	0.72602	0.02654	0.02582	0.02367	0.01937	0.00861	0.00646	0.00215	0.00502	0.00717	0.00646	0.01004
11	0.00750	0.00643	0.00643	0.00643	0.00857	0.00536	0.00482	0.00910	0.01446	0.01714	0.06427	0.06105	0.73490	0.01607	0.00750	0.00214	0.00321	0.01339	0.00589	0.00536
12	0.00906	0.00680	0.01020	0.01020	0.01133	0.00793	0.00793	0.01133	0.01020	0.01473	0.01699	0.02492	0.01586	0.04758	0.75191	0.01020	0.01699	0.00680	0.00340	0.00566
13	0.02374	0.02902	0.01808	0.01617	0.01962	0.68030	0.01224	0.09263	0.01913	0.01791	0.01033	0.01181	0.00843	0.00664	0.00578	0.00166	0.01101	0.00424	0.00357	0.00769
14	0.01437	0.03952	0.06586	0.03210	0.01722	0.01110	0.02817	0.03611	0.12716	0.05962	0.01783	0.01935	0.05281	0.00664	0.00554	0.00147	0.00544	0.01936	0.00448	0.43586
15	0.01770	0.28341	0.16221	0.07025	0.04549	0.10885	0.07831	0.08895	0.01577	0.05670	0.01153	0.01332	0.00899	0.00608	0.00553	0.00174	0.00829	0.00471	0.00346	0.00869
16	0.02322	0.02811	0.01754	0.01574	0.01909	0.65631	0.01190	0.08425	0.01879	0.01798	0.01074	0.01230	0.00875	0.00667	0.00572	0.00165	0.01069	0.00430	0.03866	0.00759
17	0.01191	0.01139	0.01972	0.01621	0.01839	0.01318	0.19038	0.01472	0.01129	0.01631	0.01353	0.01987	0.01218	0.02669	0.35944	0.00608	0.22213	0.00663	0.00318	0.00676
18	0.03466	0.04528	0.17348	0.07173	0.11088	0.06697	0.13916	0.01878	0.01426	0.06385	0.06177	0.07535	0.01521	0.00809	0.00735	0.02637	0.02580	0.00684	0.00380	0.03038
19	0.01606	0.01575	0.02540	0.03793	0.70558	0.04780	0.01915	0.01973	0.01460	0.02049	0.01184	0.01551	0.00997	0.00569	0.00626	0.00187	0.00771	0.00558	0.00315	0.00993
20	0.00771	0.00558	0.00730	0.00866	0.00916	0.00517	0.00581	0.00885	0.01231	0.01626	0.03702	0.72309	0.09045	0.01961	0.00806	0.00255	0.00365	0.01771	0.00589	0.00517
21	0.00961	0.00798	0.01020	0.01015	0.01129	0.00889	0.00766	0.01263	0.07714	0.01691	0.03278	0.29135	0.17695	0.02210	0.15485	0.00396	0.12258	0.01196	0.00498	0.00602
22	0.01755	0.19793	0.13705	0.05188	0.13035	0.15269	0.05629	0.07325	0.04306	0.04046	0.01261	0.03654	0.01038	0.00658	0.00577	0.00180	0.00828	0.00525	0.00357	0.00871
23	0.01032	0.00742	0.00879	0.00862	0.01033	0.00730	0.00634	0.01489	0.12364	0.04225	0.28721	0.20335	0.13509	0.03308	0.00782	0.00223	0.00363	0.01189	0.06938	0.00641
24	0.00893	0.00608	0.00695	0.00715	0.00731	0.00597	0.00417	0.00917	0.00989	0.01308	0.02430	0.14228	0.06207	0.63482	0.02772	0.00546	0.00566	0.01064	0.00423	0.00410
25	0.01561	0.04348	0.06252	0.02994	0.46928	0.03517	0.05262	0.03998	0.03148	0.03985	0.01508	0.04136	0.03618	0.00787	0.02497	0.00215	0.03325	0.00631	0.00358	0.00931
26	0.03928	0.09877	0.06061	0.15837	0.21168	0.10303	0.05392	0.09727	0.03630	0.06295	0.01268	0.01516	0.00979	0.00630	0.00600	0.00188	0.00803	0.00531	0.00377	0.00890
27	0.01261	0.01106	0.01718	0.27134	0.23321	0.01215	0.01401	0.01725	0.08064	0.01898	0.01784	0.14587	0.01665	0.03135	0.00724	0.00220	0.00655	0.00800	0.06817	0.00770
28	0.00773	0.00552	0.00736	0.00883	0.00920	0.00515	0.00589	0.00883	0.01215	0.01619	0.03497	0.77291	0.04196	0.01987	0.00810	0.00258	0.00368	0.01803	0.00589	0.00515
29	0.01743	0.01743	0.05028	0.03293	0.55217	0.08131	0.01798	0.11275	0.01677	0.02280	0.01216	0.01517	0.00991	0.00601	0.00623	0.00187	0.00788	0.00549	0.00356	0.00988
30	0.03912	0.06796	0.04210	0.01443	0.08503	0.06181	0.02722	0.12165	0.03729	0.07830	0.01802	0.05171	0.06558	0.00756	0.00623	0.00167	0.02890	0.00604	0.00455	0.23482
31	0.04262	0.36115	0.02496	0.01338	0.01804	0.19397	0.03531	0.12136	0.09620	0.02051	0.01200	0.01294	0.00979	0.00637	0.00516	0.00163	0.00779	0.00445	0.00383	0.00852
32	0.82186	0.01227	0.00932	0.00834	0.01227	0.01423	0.00687	0.01865	0.01080	0.02846	0.00883	0.01031	0.00687	0.00589	0.00393	0.00196	0.00491	0.00344	0.00393	0.00687
33	0.01256	0.00968	0.01176	0.01165	0.05523	0.00999	0.00843	0.08696	0.16288	0.04042	0.31071	0.06052	0.11324	0.01274	0.02785	0.00232	0.00470	0.04453	0.00629	0.00753

[dist]
# distance from previous block
# <min> <max>
0	67

[block]
# block no. 8 follows, 35 sequences, length 25
# corresponding to MSA columns:
# 419-443
name=unknown_I
#
# <colnr> <probs for GDERKNQSTAVLIFYWHMCP>
#	G	D	E	R	K	N	Q	S	T	A	V	L	I	F	Y	W	H	M	C	P
0	0.13591	0.00768	0.00827	0.02865	0.01076	0.00736	0.00608	0.01268	0.01517	0.05234	0.27776	0.04564	0.34361	0.01282	0.00686	0.00206	0.00364	0.01068	0.00595	0.00608
1	0.00912	0.00695	0.01008	0.00972	0.01072	0.00715	0.05081	0.01058	0.01084	0.01476	0.02404	0.19206	0.06148	0.26772	0.27835	0.00635	0.00958	0.01037	0.00419	0.00515
2	0.00837	0.00613	0.00789	0.00839	0.00949	0.00565	0.00608	0.01040	0.01491	0.02021	0.32058	0.35375	0.12840	0.01650	0.00782	0.00231	0.00349	0.05774	0.00633	0.00556
3	0.06123	0.01113	0.01519	0.01291	0.06174	0.00990	0.00986	0.02967	0.01761	0.66597	0.02351	0.02074	0.01497	0.00763	0.00627	0.00196	0.00551	0.00621	0.00739	0.01058
4	0.22074	0.01118	0.01316	0.01055	0.01501	0.01081	0.00865	0.02742	0.06121	0.49669	0.04646	0.01989	0.01536	0.00760	0.00582	0.00198	0.00517	0.00589	0.00677	0.00962
5	0.01570	0.01507	0.02575	0.03894	0.73748	0.01507	0.01947	0.01947	0.01444	0.02073	0.01193	0.01570	0.01005	0.00565	0.00628	0.00188	0.00754	0.00565	0.00314	0.01005
6	0.01885	0.01440	0.01562	0.01300	0.01701	0.01604	0.01041	0.31510	0.32508	0.05718	0.06438	0.02249	0.03599	0.00999	0.03287	0.00232	0.00611	0.00694	0.00637	0.00986
7	0.01030	0.00834	0.01178	0.01115	0.01191	0.01028	0.00871	0.01216	0.01041	0.01537	0.03532	0.05035	0.01682	0.10067	0.43373	0.00719	0.19344	0.00720	0.03908	0.00581
8	0.00906	0.00680	0.01020	0.01020	0.01133	0.00793	0.00793	0.01133	0.01020	0.01473	0.01699	0.02492	0.01586	0.04758	0.75191	0.01020	0.01699	0.00680	0.00340	0.00566
9	0.00923	0.00615	0.00692	0.00692	0.00692	0.00615	0.00384	0.00923	0.00923	0.01230	0.01999	0.04151	0.02306	0.77705	0.03229	0.00615	0.00615	0.00923	0.00384	0.00384
10	0.82186	0.01227	0.00932	0.00834	0.01227	0.01423	0.00687	0.01865	0.01080	0.02846	0.00883	0.01031	0.00687	0.00589	0.00393	0.00196	0.00491	0.00344	0.00393	0.00687
11	0.00891	0.00644	0.00842	0.00802	0.00946	0.00594	0.00598	0.01181	0.01766	0.02497	0.69845	0.08441	0.05894	0.01332	0.00751	0.00202	0.00303	0.01181	0.00693	0.00594
12	0.82186	0.01227	0.00932	0.00834	0.01227	0.01423	0.00687	0.01865	0.01080	0.02846	0.00883	0.01031	0.00687	0.00589	0.00393	0.00196	0.00491	0.00344	0.00393	0.00687
13	0.82186	0.01227	0.00932	0.00834	0.01227	0.01423	0.00687	0.01865	0.01080	0.02846	0.00883	0.01031	0.00687	0.00589	0.00393	0.00196	0.00491	0.00344	0.00393	0.00687
14	0.64477	0.01439	0.01140	0.00986	0.01391	0.06845	0.00804	0.12345	0.01416	0.02925	0.00986	0.01112	0.00755	0.00619	0.00442	0.00193	0.00569	0.00382	0.00424	0.00749
15	0.00981	0.00744	0.00933	0.01010	0.01151	0.00751	0.00780	0.01421	0.12199	0.01940	0.08780	0.33567	0.08746	0.01664	0.00797	0.00254	0.00447	0.22611	0.00604	0.00619
16	0.01320	0.01402	0.09074	0.44285	0.08859	0.01428	0.01635	0.06586	0.01366	0.01844	0.01200	0.01770	0.00974	0.06024	0.00916	0.00236	0.06575	0.00573	0.00318	0.03616
17	0.01435	0.08845	0.05973	0.02313	0.02895	0.01575	0.55184	0.01903	0.01444	0.01939	0.01463	0.09227	0.01268	0.00684	0.00717	0.00210	0.00957	0.00806	0.00341	0.00820
18	0.00916	0.00612	0.00694	0.00700	0.00702	0.00611	0.00393	0.00921	0.00935	0.01247	0.02063	0.07269	0.02387	0.74478	0.03126	0.00600	0.00605	0.00960	0.00393	0.00390
19	0.01257	0.02420	0.45692	0.01675	0.02383	0.01307	0.11549	0.04197	0.01457	0.02104	0.07263	0.04174	0.06728	0.00771	0.00645	0.00203	0.00809	0.00671	0.03847	0.00848
20	0.01692	0.14447	0.18138	0.02127	0.16504	0.10529	0.10866	0.08702	0.07132	0.02124	0.01257	0.01457	0.00982	0.00618	0.00598	0.00185	0.00845	0.00526	0.00356	0.00915
21	0.01208	0.00881	0.01086	0.01159	0.05712	0.03364	0.00779	0.01511	0.07822	0.08502	0.08442	0.31336	0.04603	0.12653	0.04433	0.00321	0.03822	0.01174	0.00541	0.00649
22	0.00809	0.00620	0.00745	0.00794	0.00930	0.00556	0.00582	0.00992	0.01446	0.01874	0.19636	0.29417	0.31018	0.01677	0.00778	0.00231	0.00351	0.06385	0.00612	0.00546
23	0.01613	0.08561	0.17094	0.04592	0.15422	0.10244	0.11103	0.03695	0.03111	0.07137	0.01605	0.08582	0.02921	0.00762	0.00635	0.00196	0.00810	0.00673	0.00383	0.00863
24	0.03662	0.06736	0.10776	0.05179	0.20415	0.11670	0.03446	0.10333	0.03756	0.10303	0.01513	0.04318	0.01230	0.00730	0.00619	0.00193	0.00774	0.03012	0.00428	0.00909

[dist]
# distance from previous block
# <min> <max>
0	1

[block]
# block no. 9 follows, 35 sequences, length 12
# corresponding to MSA columns:
# 445-456
name=unknown_J
#
# <colnr> <probs for GDERKNQSTAVLIFYWHMCP>
#	G	D	E	R	K	N	Q	S	T	A	V	L	I	F	Y	W	H	M	C	P
0	0.29715	0.06913	0.04369	0.04938	0.16526	0.08872	0.03162	0.11173	0.01551	0.05684	0.01143	0.01324	0.00883	0.00620	0.00530	0.00188	0.00698	0.00463	0.00400	0.00849
1	0.01472	0.04796	0.01405	0.07377	0.03482	0.07681	0.00964	0.11238	0.07545	0.04947	0.11769	0.07268	0.10616	0.01108	0.02336	0.00219	0.04451	0.02705	0.07874	0.00748
2	0.00901	0.00594	0.00715	0.00751	0.00760	0.00585	0.00450	0.00904	0.00987	0.01315	0.02292	0.22119	0.02670	0.52259	0.02562	0.07646	0.00548	0.01109	0.00426	0.00407
3	0.01570	0.14127	0.11898	0.03426	0.13034	0.03297	0.09371	0.10837	0.07288	0.02201	0.01483	0.05182	0.01247	0.02714	0.00707	0.00200	0.02949	0.00615	0.06991	0.00863
4	0.01431	0.01107	0.01286	0.01105	0.01353	0.01229	0.00875	0.19685	0.07579	0.02483	0.11787	0.02900	0.11143	0.06085	0.07856	0.00304	0.10597	0.00783	0.07292	0.03119
5	0.01517	0.02349	0.32568	0.02296	0.18579	0.05413	0.10068	0.05746	0.08505	0.02151	0.01311	0.01537	0.00995	0.00641	0.00683	0.00201	0.03605	0.00553	0.00344	0.00938
6	0.01320	0.01144	0.01256	0.04141	0.05548	0.06350	0.00900	0.08875	0.16002	0.02399	0.25889	0.03489	0.14227	0.01252	0.04172	0.00240	0.00557	0.00902	0.00583	0.00754
7	0.00978	0.00643	0.00809	0.00790	0.00940	0.00608	0.00589	0.01233	0.01553	0.04542	0.38906	0.13179	0.10766	0.01595	0.06939	0.00268	0.00434	0.01101	0.13532	0.00594
8	0.01059	0.00557	0.00807	0.00819	0.00822	0.00554	0.00539	0.00840	0.00867	0.01157	0.01381	0.08436	0.01467	0.08828	0.02405	0.67614	0.00541	0.00689	0.00311	0.00305
9	0.01461	0.01832	0.18159	0.13347	0.28542	0.01505	0.08486	0.06068	0.05428	0.02104	0.01346	0.04188	0.01094	0.00673	0.00685	0.00203	0.03008	0.00612	0.00346	0.00911
10	0.01943	0.01502	0.01555	0.01450	0.07630	0.09618	0.01052	0.29222	0.08539	0.07900	0.01864	0.08412	0.01521	0.00848	0.00612	0.00189	0.00628	0.00682	0.13935	0.00897
11	0.01685	0.12921	0.11945	0.03141	0.03792	0.04450	0.03292	0.16742	0.12501	0.05428	0.01816	0.02143	0.03868	0.07204	0.00819	0.00225	0.00685	0.02443	0.04032	0.00866

[dist]
# distance from previous block
# <min> <max>
0	101

# created by:
# /home/cegg/simao/soft/augustus-3.2.1/scripts/msa2prfl.pl ./align_prep/EOG090W0H52.fa
