[name]
unknown

[dist]
# distance from previous block
# <min> <max>
0	26

[block]
# block no. 0 follows, 38 sequences, length 20
# corresponding to MSA columns:
# 26-45
name=unknown_A
#
# <colnr> <probs for GDERKNQSTAVLIFYWHMCP>
#	G	D	E	R	K	N	Q	S	T	A	V	L	I	F	Y	W	H	M	C	P
0	0.01409	0.01160	0.01405	0.07431	0.05424	0.03895	0.02768	0.04576	0.32265	0.06471	0.11023	0.06353	0.02225	0.01087	0.04168	0.00239	0.02313	0.04444	0.00537	0.00806
1	0.01667	0.00883	0.01106	0.00946	0.01246	0.00833	0.00743	0.04590	0.10139	0.30479	0.23702	0.08762	0.10224	0.01054	0.00658	0.00195	0.00415	0.00899	0.00668	0.00793
2	0.00781	0.00612	0.00707	0.00683	0.00856	0.00538	0.00512	0.00999	0.01537	0.02019	0.40494	0.05141	0.40216	0.01376	0.00710	0.00196	0.00294	0.01179	0.00611	0.00538
3	0.00759	0.00558	0.00715	0.00827	0.00889	0.00524	0.00562	0.00923	0.03404	0.01608	0.06358	0.67015	0.10035	0.01795	0.00756	0.00237	0.00347	0.01617	0.00564	0.00507
4	0.83108	0.01163	0.00884	0.00791	0.01163	0.01350	0.00651	0.01768	0.01024	0.02699	0.00838	0.00977	0.00651	0.00558	0.00372	0.00186	0.00465	0.00326	0.00372	0.00651
5	0.69924	0.01140	0.00968	0.00837	0.01224	0.01273	0.00690	0.01959	0.01138	0.14639	0.01089	0.01153	0.00789	0.00589	0.00410	0.00186	0.00473	0.00372	0.00433	0.00713
6	0.83108	0.01163	0.00884	0.00791	0.01163	0.01350	0.00651	0.01768	0.01024	0.02699	0.00838	0.00977	0.00651	0.00558	0.00372	0.00186	0.00465	0.00326	0.00372	0.00651
7	0.00742	0.00592	0.00667	0.00699	0.00852	0.00517	0.00512	0.00904	0.01360	0.01707	0.13798	0.23073	0.46966	0.01578	0.00728	0.00214	0.00321	0.03687	0.00571	0.00512
8	0.29082	0.01460	0.01459	0.01164	0.01602	0.01626	0.00958	0.42777	0.05075	0.07275	0.01335	0.01355	0.00958	0.00673	0.00526	0.00184	0.00581	0.00479	0.00534	0.00897
9	0.83108	0.01163	0.00884	0.00791	0.01163	0.01350	0.00651	0.01768	0.01024	0.02699	0.00838	0.00977	0.00651	0.00558	0.00372	0.00186	0.00465	0.00326	0.00372	0.00651
10	0.00733	0.00524	0.00698	0.00838	0.00873	0.00489	0.00558	0.00838	0.01152	0.01536	0.03316	0.78466	0.03979	0.01885	0.00768	0.00244	0.00349	0.01710	0.00558	0.00489
11	0.02327	0.01621	0.01766	0.01354	0.01834	0.01771	0.01118	0.66335	0.02722	0.10707	0.01534	0.01502	0.01068	0.00724	0.00602	0.00181	0.00648	0.00548	0.00616	0.01023
12	0.02456	0.01030	0.01354	0.01061	0.01487	0.00933	0.00864	0.05647	0.05926	0.62084	0.05658	0.02221	0.01711	0.03825	0.00706	0.00203	0.00508	0.00640	0.00712	0.00973
13	0.16601	0.00987	0.01219	0.00987	0.01384	0.00918	0.00801	0.02465	0.01549	0.53008	0.05521	0.08505	0.01747	0.00832	0.00583	0.00191	0.00479	0.00673	0.00659	0.00891
14	0.00965	0.00796	0.01157	0.01097	0.01176	0.00996	0.00869	0.01153	0.00953	0.01401	0.01432	0.02174	0.01362	0.06121	0.57029	0.00793	0.19030	0.00625	0.00310	0.00559
15	0.00859	0.00645	0.00967	0.00967	0.01074	0.00752	0.00752	0.01074	0.00967	0.01396	0.01611	0.02363	0.01504	0.04512	0.76474	0.00967	0.01611	0.00645	0.00322	0.00537
16	0.01138	0.00637	0.00850	0.00886	0.01021	0.00588	0.00642	0.01286	0.01277	0.15857	0.03130	0.52718	0.05904	0.01715	0.03690	0.00259	0.00437	0.04863	0.02502	0.00600
17	0.03155	0.00814	0.01103	0.01093	0.03034	0.00814	0.05797	0.06730	0.07595	0.01945	0.08569	0.43882	0.07391	0.01458	0.00718	0.00225	0.00443	0.04070	0.00545	0.00618
18	0.01428	0.01662	0.10174	0.13048	0.38533	0.09935	0.05805	0.01792	0.01359	0.01804	0.01286	0.08023	0.01147	0.00672	0.00609	0.00187	0.00774	0.00619	0.00313	0.00830
19	0.01561	0.01569	0.03329	0.21995	0.11088	0.17635	0.04132	0.09298	0.01500	0.03704	0.01425	0.03654	0.03684	0.05499	0.00812	0.00211	0.04576	0.00587	0.03008	0.00733

[dist]
# distance from previous block
# <min> <max>
2	8

[block]
# block no. 1 follows, 38 sequences, length 19
# corresponding to MSA columns:
# 54-72
name=unknown_B
#
# <colnr> <probs for GDERKNQSTAVLIFYWHMCP>
#	G	D	E	R	K	N	Q	S	T	A	V	L	I	F	Y	W	H	M	C	P
0	0.01550	0.04412	0.01822	0.01856	0.22188	0.08324	0.03855	0.07821	0.03473	0.04171	0.04103	0.01498	0.01137	0.00565	0.00537	0.00144	0.00625	0.00482	0.00381	0.31055
1	0.01051	0.00716	0.00868	0.00811	0.01020	0.00651	0.00609	0.01363	0.06533	0.09173	0.28111	0.18131	0.20214	0.01288	0.00685	0.00196	0.00348	0.01119	0.00601	0.06510
2	0.01414	0.01053	0.01294	0.01321	0.09868	0.01102	0.00906	0.10134	0.22011	0.08753	0.16858	0.06199	0.09676	0.03468	0.03011	0.00230	0.00505	0.00829	0.00572	0.00796
3	0.00746	0.00565	0.00688	0.00753	0.00858	0.00508	0.00529	0.00896	0.01312	0.01710	0.16165	0.43570	0.26196	0.01663	0.00740	0.00222	0.00324	0.01469	0.00576	0.00508
4	0.00825	0.00631	0.00780	0.00804	0.00920	0.00631	0.00579	0.01052	0.04989	0.01586	0.07963	0.21991	0.21718	0.11860	0.20399	0.00455	0.00692	0.01125	0.00484	0.00520
5	0.01207	0.03112	0.75741	0.01715	0.02604	0.01397	0.02223	0.01905	0.01270	0.01905	0.01080	0.01270	0.00762	0.00572	0.00572	0.00191	0.00889	0.00445	0.00254	0.00889
6	0.05978	0.01104	0.01426	0.01174	0.04302	0.01027	0.00922	0.11390	0.01804	0.56688	0.04161	0.02078	0.03597	0.00761	0.00600	0.00186	0.00524	0.00614	0.00686	0.00978
7	0.06404	0.01527	0.01635	0.01296	0.01742	0.01687	0.01059	0.49792	0.16978	0.09090	0.01687	0.01628	0.01204	0.00734	0.00592	0.00186	0.00602	0.00563	0.00603	0.00989
8	0.01884	0.13935	0.06302	0.01560	0.08452	0.23765	0.01218	0.16278	0.01705	0.04775	0.01104	0.01253	0.00878	0.00629	0.00622	0.00162	0.05774	0.00439	0.00374	0.08891
9	0.03477	0.01132	0.04628	0.57946	0.03483	0.01281	0.01525	0.01653	0.01223	0.08308	0.01205	0.01650	0.00901	0.00867	0.05262	0.00247	0.03656	0.00538	0.00316	0.00701
10	0.00864	0.00625	0.00761	0.00769	0.00887	0.00598	0.00548	0.01145	0.05743	0.01981	0.33524	0.23444	0.11428	0.08881	0.00929	0.00241	0.00343	0.01190	0.05555	0.00544
11	0.83108	0.01163	0.00884	0.00791	0.01163	0.01350	0.00651	0.01768	0.01024	0.02699	0.00838	0.00977	0.00651	0.00558	0.00372	0.00186	0.00465	0.00326	0.00372	0.00651
12	0.83108	0.01163	0.00884	0.00791	0.01163	0.01350	0.00651	0.01768	0.01024	0.02699	0.00838	0.00977	0.00651	0.00558	0.00372	0.00186	0.00465	0.00326	0.00372	0.00651
13	0.01045	0.00522	0.00784	0.00784	0.00784	0.00522	0.00522	0.00784	0.00784	0.01045	0.01045	0.01829	0.01045	0.02090	0.02351	0.82497	0.00522	0.00522	0.00261	0.00261
14	0.00752	0.00612	0.00670	0.00686	0.00866	0.00530	0.00523	0.00927	0.01395	0.01722	0.13160	0.10205	0.56319	0.01526	0.00725	0.00211	0.00328	0.07755	0.00570	0.00517
15	0.01296	0.01235	0.02144	0.37487	0.31274	0.01367	0.07234	0.01652	0.01258	0.01709	0.01095	0.01562	0.00879	0.00647	0.00725	0.03757	0.03079	0.00548	0.00282	0.00772
16	0.02083	0.01584	0.01691	0.01343	0.01788	0.01770	0.01094	0.55089	0.21171	0.03463	0.01703	0.01650	0.01233	0.00746	0.00604	0.00187	0.00614	0.00577	0.00604	0.01005
17	0.01332	0.05319	0.16439	0.04488	0.09594	0.02971	0.01235	0.09779	0.13474	0.02201	0.11316	0.02507	0.12018	0.00836	0.00608	0.00185	0.00591	0.00694	0.00456	0.03956
18	0.01339	0.01321	0.03542	0.26060	0.29603	0.06033	0.01492	0.03361	0.05620	0.01857	0.05910	0.02008	0.06100	0.00723	0.00646	0.01942	0.00698	0.00614	0.00351	0.00780

[dist]
# distance from previous block
# <min> <max>
1	3

[block]
# block no. 2 follows, 38 sequences, length 14
# corresponding to MSA columns:
# 76-89
name=unknown_C
#
# <colnr> <probs for GDERKNQSTAVLIFYWHMCP>
#	G	D	E	R	K	N	Q	S	T	A	V	L	I	F	Y	W	H	M	C	P
0	0.01716	0.22026	0.05171	0.06691	0.08586	0.13755	0.01225	0.12312	0.16898	0.02074	0.01330	0.01435	0.01051	0.00648	0.00570	0.00172	0.02615	0.00483	0.00394	0.00845
1	0.59771	0.07963	0.01299	0.01113	0.06611	0.08401	0.00836	0.04566	0.01198	0.02466	0.00890	0.01041	0.00709	0.00565	0.00414	0.00178	0.00563	0.00355	0.00360	0.00702
2	0.01158	0.00782	0.00949	0.00893	0.01064	0.00801	0.00657	0.01598	0.14505	0.09948	0.17418	0.14050	0.08796	0.15404	0.07266	0.00336	0.02214	0.00977	0.00549	0.00635
3	0.00815	0.00640	0.00722	0.00725	0.00890	0.00576	0.00533	0.04149	0.01454	0.01859	0.18978	0.21567	0.41912	0.01510	0.00718	0.00209	0.00326	0.01299	0.00581	0.00539
4	0.00857	0.00585	0.00685	0.00695	0.00716	0.00588	0.00417	0.00890	0.00923	0.01232	0.02143	0.09291	0.05186	0.63479	0.09381	0.00578	0.00647	0.00931	0.00383	0.00395
5	0.01207	0.03112	0.75741	0.01715	0.02604	0.01397	0.02223	0.01905	0.01270	0.01905	0.01080	0.01270	0.00762	0.00572	0.00572	0.00191	0.00889	0.00445	0.00254	0.00889
6	0.01572	0.01548	0.07347	0.02177	0.15482	0.01467	0.26334	0.06991	0.14636	0.07750	0.01538	0.01803	0.01177	0.00661	0.00721	0.00200	0.05137	0.02162	0.00412	0.00884
7	0.72951	0.01193	0.00978	0.00849	0.01234	0.01362	0.00699	0.06967	0.01191	0.06706	0.00964	0.01069	0.00723	0.00580	0.00401	0.00186	0.00482	0.00356	0.00409	0.00698
8	0.01430	0.01064	0.01266	0.00914	0.01440	0.00812	0.00734	0.01693	0.01307	0.11225	0.01233	0.01348	0.00966	0.00483	0.00466	0.00101	0.00454	0.00388	0.00405	0.72270
9	0.01149	0.01087	0.01807	0.71897	0.03957	0.01373	0.01645	0.01531	0.01182	0.01531	0.01049	0.01583	0.00801	0.00634	0.00701	0.00205	0.06399	0.00534	0.00267	0.00668
10	0.01544	0.01299	0.01378	0.01218	0.01562	0.01488	0.00953	0.10097	0.63381	0.02639	0.05857	0.02273	0.01941	0.00827	0.00616	0.00201	0.00485	0.00686	0.00614	0.00941
11	0.00738	0.00592	0.00659	0.00681	0.00839	0.00513	0.00496	0.00900	0.01377	0.01729	0.16264	0.21005	0.48987	0.01554	0.00723	0.00210	0.00311	0.01335	0.00575	0.00513
12	0.01136	0.01069	0.01804	0.77412	0.04143	0.01337	0.01671	0.01537	0.01203	0.01537	0.01069	0.01604	0.00802	0.00601	0.00601	0.00200	0.00802	0.00535	0.00267	0.00668
13	0.01278	0.01008	0.01180	0.00882	0.01351	0.00790	0.00700	0.03250	0.01323	0.05555	0.03382	0.05102	0.05151	0.00615	0.00492	0.00113	0.00434	0.00506	0.02610	0.64278

[dist]
# distance from previous block
# <min> <max>
2	5

[block]
# block no. 3 follows, 38 sequences, length 12
# corresponding to MSA columns:
# 95-106
name=unknown_D
#
# <colnr> <probs for GDERKNQSTAVLIFYWHMCP>
#	G	D	E	R	K	N	Q	S	T	A	V	L	I	F	Y	W	H	M	C	P
0	0.01681	0.03621	0.06613	0.09298	0.07480	0.01139	0.01124	0.06859	0.03276	0.24190	0.02166	0.11097	0.06582	0.00926	0.00737	0.00200	0.06985	0.02709	0.00509	0.02807
1	0.02180	0.09062	0.01796	0.01471	0.01806	0.63598	0.01130	0.02411	0.04933	0.04751	0.01054	0.01169	0.00854	0.00625	0.00535	0.00156	0.00996	0.00405	0.00338	0.00729
2	0.01433	0.01228	0.01305	0.01192	0.01507	0.01413	0.00919	0.03001	0.67962	0.02435	0.02521	0.08580	0.02014	0.00905	0.00625	0.00207	0.00466	0.00766	0.00608	0.00914
3	0.00752	0.00537	0.00720	0.00860	0.00903	0.00505	0.00592	0.00871	0.01171	0.01557	0.03305	0.72601	0.03937	0.01866	0.00773	0.00247	0.00366	0.07384	0.00558	0.00494
4	0.01687	0.10999	0.22467	0.01851	0.09424	0.08618	0.13419	0.12552	0.01593	0.07517	0.01206	0.01383	0.00901	0.00606	0.00624	0.00181	0.03230	0.00507	0.00360	0.00874
5	0.00768	0.00557	0.00734	0.00862	0.00927	0.00522	0.00615	0.00904	0.01206	0.01585	0.03522	0.61216	0.09697	0.01820	0.00773	0.00246	0.00378	0.12610	0.00558	0.00500
6	0.00759	0.00605	0.00682	0.00694	0.00861	0.00529	0.00520	0.00942	0.01422	0.01802	0.21200	0.13682	0.47585	0.01505	0.00723	0.00208	0.00318	0.04860	0.00582	0.00522
7	0.01343	0.11788	0.54556	0.01638	0.02407	0.03874	0.05959	0.03810	0.05619	0.01920	0.01144	0.01311	0.00842	0.00581	0.00560	0.00183	0.00843	0.00460	0.00289	0.00872
8	0.01411	0.20606	0.34426	0.06531	0.07242	0.06370	0.11686	0.01888	0.01309	0.01746	0.01035	0.01271	0.00801	0.00552	0.00549	0.00175	0.00844	0.00461	0.00269	0.00829
9	0.00738	0.00532	0.00700	0.00825	0.00872	0.00493	0.00555	0.00854	0.01189	0.01585	0.07168	0.71840	0.06747	0.01837	0.00763	0.00240	0.00344	0.01661	0.00564	0.00493
10	0.38133	0.04114	0.03080	0.01565	0.11907	0.18713	0.06831	0.01967	0.01290	0.04219	0.00978	0.01169	0.00776	0.00581	0.00518	0.00179	0.02486	0.00415	0.00344	0.00736
11	0.00771	0.00600	0.00855	0.00908	0.00999	0.00552	0.04815	0.00905	0.01196	0.01571	0.03557	0.64369	0.13124	0.01756	0.00757	0.00236	0.00382	0.01593	0.00543	0.00510

[dist]
# distance from previous block
# <min> <max>
1	4

[block]
# block no. 4 follows, 38 sequences, length 28
# corresponding to MSA columns:
# 111-138
name=unknown_E
#
# <colnr> <probs for GDERKNQSTAVLIFYWHMCP>
#	G	D	E	R	K	N	Q	S	T	A	V	L	I	F	Y	W	H	M	C	P
0	0.00800	0.00619	0.00732	0.00728	0.00882	0.00561	0.00536	0.01050	0.03609	0.01992	0.36449	0.16050	0.30952	0.01425	0.00716	0.00203	0.00307	0.01237	0.00607	0.00545
1	0.01060	0.02744	0.04534	0.08781	0.11412	0.00909	0.00972	0.02402	0.02558	0.03394	0.18491	0.06742	0.15623	0.07041	0.03799	0.00260	0.02126	0.06037	0.00472	0.00642
2	0.03594	0.01156	0.01351	0.04730	0.01611	0.01042	0.00847	0.15773	0.01619	0.11433	0.01640	0.01704	0.05993	0.00621	0.00520	0.00135	0.00505	0.00494	0.00463	0.44771
3	0.00732	0.00610	0.00639	0.00632	0.00826	0.00517	0.00474	0.00905	0.01422	0.01745	0.16578	0.05592	0.64303	0.01479	0.00711	0.00201	0.00302	0.01242	0.00574	0.00517
4	0.01437	0.02554	0.01817	0.12483	0.20398	0.04946	0.03314	0.07614	0.11158	0.01999	0.01395	0.05015	0.01190	0.02372	0.02138	0.00206	0.07908	0.00588	0.00378	0.11090
5	0.01513	0.01178	0.01505	0.26921	0.04025	0.04551	0.01165	0.16752	0.03084	0.08755	0.06027	0.04896	0.05308	0.02727	0.04395	0.00237	0.00695	0.02124	0.00453	0.03688
6	0.06109	0.14949	0.03999	0.02960	0.01756	0.20841	0.01091	0.27289	0.04026	0.04089	0.01254	0.03098	0.01013	0.02332	0.00633	0.02076	0.00746	0.00490	0.00430	0.00821
7	0.01384	0.04795	0.01937	0.04201	0.01720	0.01843	0.02957	0.05783	0.01071	0.01601	0.00851	0.01325	0.00806	0.00981	0.01744	0.00249	0.65257	0.00523	0.00284	0.00689
8	0.01172	0.00979	0.01143	0.00867	0.01307	0.00781	0.00686	0.03093	0.02860	0.02070	0.14206	0.02137	0.06664	0.00667	0.00516	0.00118	0.00414	0.00555	0.00434	0.59332
9	0.02435	0.01083	0.01386	0.01083	0.01521	0.01003	0.00887	0.11424	0.05040	0.57359	0.04904	0.02248	0.05177	0.00800	0.00614	0.00187	0.00511	0.00649	0.00709	0.00980
10	0.05434	0.01085	0.01360	0.01068	0.01505	0.01016	0.00875	0.10240	0.06226	0.55141	0.02500	0.02235	0.06914	0.00798	0.00604	0.00188	0.00508	0.00642	0.00693	0.00967
11	0.01463	0.01316	0.02151	0.19614	0.41868	0.01388	0.05059	0.05363	0.06337	0.04482	0.01351	0.03092	0.01106	0.00632	0.00612	0.00190	0.00713	0.02041	0.00353	0.00872
12	0.02122	0.02643	0.01661	0.06646	0.01963	0.67986	0.01164	0.02299	0.01651	0.01511	0.00985	0.01171	0.00811	0.00622	0.00541	0.00157	0.01030	0.00405	0.03942	0.00689
13	0.01192	0.01126	0.01905	0.65735	0.15384	0.01351	0.01698	0.01586	0.01229	0.01605	0.01079	0.01586	0.00826	0.00591	0.00601	0.00197	0.00788	0.00535	0.00272	0.00713
14	0.00859	0.00613	0.00840	0.00971	0.01058	0.00601	0.00763	0.01049	0.01254	0.01653	0.03159	0.38271	0.03596	0.04167	0.03053	0.00292	0.00495	0.36244	0.00544	0.00519
15	0.00735	0.00602	0.00633	0.00638	0.00811	0.00517	0.00465	0.00883	0.01345	0.01644	0.10773	0.10124	0.59767	0.07305	0.00890	0.00233	0.00327	0.01254	0.00552	0.00500
16	0.00879	0.00631	0.00899	0.00899	0.00995	0.00717	0.00679	0.01071	0.00975	0.01424	0.01672	0.02559	0.01595	0.13869	0.61827	0.00861	0.01388	0.00669	0.05875	0.00516
17	0.01675	0.00869	0.01119	0.00962	0.01248	0.00817	0.00758	0.06978	0.04931	0.30187	0.28919	0.11099	0.03331	0.01075	0.00668	0.00197	0.00422	0.03290	0.00672	0.00782
18	0.07284	0.22251	0.06903	0.03483	0.19837	0.27305	0.01339	0.02017	0.01413	0.01691	0.00961	0.01168	0.00809	0.00564	0.00506	0.00159	0.00819	0.00409	0.00293	0.00788
19	0.30899	0.05335	0.04222	0.01568	0.10891	0.25630	0.04604	0.06829	0.01445	0.02164	0.00972	0.01149	0.00776	0.00583	0.00495	0.00173	0.00759	0.00409	0.00346	0.00751
20	0.01674	0.01587	0.09683	0.07753	0.22196	0.01431	0.17297	0.14271	0.03279	0.10440	0.03488	0.01663	0.01142	0.00619	0.00625	0.00189	0.00755	0.00593	0.00412	0.00903
21	0.00739	0.00531	0.00701	0.00827	0.00872	0.00493	0.00556	0.00855	0.01188	0.01586	0.07280	0.72526	0.05936	0.01840	0.00763	0.00240	0.00344	0.01665	0.00564	0.00493
22	0.01261	0.01121	0.01371	0.01217	0.01287	0.05758	0.00986	0.01431	0.01074	0.01652	0.01364	0.01794	0.03804	0.01209	0.06492	0.01996	0.43290	0.00563	0.21719	0.00613
23	0.01150	0.00889	0.01177	0.10811	0.05537	0.00924	0.00919	0.07308	0.08349	0.03597	0.05092	0.26192	0.04682	0.01326	0.03308	0.00237	0.00535	0.08899	0.02858	0.06210
24	0.00893	0.00570	0.00766	0.00870	0.00943	0.00530	0.00606	0.01017	0.01208	0.07081	0.03238	0.68703	0.03763	0.01787	0.00759	0.00242	0.00373	0.05546	0.00572	0.00532
25	0.01356	0.01066	0.01259	0.00904	0.01434	0.00808	0.00726	0.01621	0.01283	0.07459	0.01167	0.01307	0.00936	0.00468	0.00457	0.00096	0.00450	0.00375	0.00385	0.76442
26	0.02051	0.02143	0.01624	0.01409	0.01761	0.38134	0.01088	0.20972	0.18100	0.02301	0.01430	0.01518	0.01116	0.02907	0.00645	0.00185	0.00825	0.00507	0.00455	0.00830
27	0.04832	0.06474	0.05895	0.01326	0.01790	0.07397	0.01138	0.51632	0.02413	0.03226	0.06810	0.01590	0.01310	0.00726	0.00583	0.00177	0.00671	0.00545	0.00536	0.00929

[dist]
# distance from previous block
# <min> <max>
0	1

[block]
# block no. 5 follows, 38 sequences, length 28
# corresponding to MSA columns:
# 140-167
name=unknown_F
#
# <colnr> <probs for GDERKNQSTAVLIFYWHMCP>
#	G	D	E	R	K	N	Q	S	T	A	V	L	I	F	Y	W	H	M	C	P
0	0.00822	0.00602	0.00743	0.00785	0.00887	0.00545	0.00538	0.00929	0.01157	0.01543	0.05514	0.41431	0.13210	0.14523	0.01173	0.03338	0.00402	0.03631	0.00500	0.07727
1	0.08384	0.01237	0.01770	0.07318	0.23063	0.01309	0.06154	0.15708	0.04331	0.02272	0.01633	0.06983	0.01504	0.05223	0.02672	0.00241	0.00676	0.08303	0.00423	0.00796
2	0.39962	0.08936	0.01472	0.01052	0.01481	0.01616	0.00884	0.27231	0.04078	0.06446	0.01179	0.01234	0.00874	0.00630	0.00474	0.00179	0.00555	0.00427	0.00468	0.00823
3	0.00764	0.00563	0.00704	0.00785	0.00867	0.00518	0.00546	0.00901	0.01252	0.01646	0.12443	0.47191	0.17375	0.07120	0.00914	0.00255	0.00359	0.04745	0.00557	0.00496
4	0.00830	0.00575	0.00663	0.00689	0.00720	0.00557	0.00417	0.00873	0.01000	0.01316	0.04481	0.18566	0.09913	0.54188	0.02321	0.00469	0.00502	0.01082	0.00429	0.00408
5	0.07069	0.01239	0.01948	0.11458	0.35928	0.01282	0.06866	0.01840	0.08737	0.03616	0.05442	0.02135	0.08435	0.00707	0.00608	0.00189	0.00640	0.00650	0.00385	0.00826
6	0.06986	0.01192	0.01571	0.05742	0.23985	0.01272	0.01162	0.02200	0.27992	0.04035	0.07355	0.02347	0.08243	0.00785	0.00602	0.00191	0.00536	0.00678	0.00479	0.02648
7	0.01411	0.01481	0.01835	0.05600	0.13402	0.16729	0.14387	0.01813	0.06837	0.01898	0.12054	0.04128	0.09533	0.00805	0.00630	0.00183	0.00702	0.00724	0.02474	0.03375
8	0.01468	0.03193	0.12037	0.01456	0.10483	0.01231	0.01160	0.13210	0.08521	0.02287	0.01266	0.01401	0.00990	0.00555	0.00521	0.00141	0.00582	0.00450	0.00397	0.38651
9	0.01153	0.00962	0.01133	0.00868	0.01298	0.00745	0.00668	0.01380	0.01209	0.01849	0.01429	0.11838	0.01396	0.06022	0.00669	0.00144	0.00442	0.00574	0.00384	0.65838
10	0.00856	0.00575	0.00662	0.00681	0.00685	0.00570	0.00391	0.00870	0.00912	0.01216	0.02087	0.13981	0.02429	0.68485	0.02753	0.00538	0.00552	0.00987	0.00391	0.00381
11	0.01901	0.19911	0.02004	0.01324	0.03711	0.09814	0.01078	0.31620	0.15007	0.02626	0.01591	0.01600	0.03826	0.00704	0.00550	0.00171	0.00658	0.00525	0.00482	0.00896
12	0.01389	0.01321	0.02251	0.18761	0.44137	0.01397	0.07382	0.03765	0.01362	0.01891	0.01261	0.01879	0.01085	0.00652	0.00681	0.00196	0.04039	0.05390	0.00317	0.00844
13	0.01365	0.01115	0.01337	0.06733	0.01669	0.00927	0.00824	0.07096	0.01381	0.04362	0.01139	0.01315	0.00913	0.00488	0.00474	0.00108	0.00491	0.00392	0.00381	0.67489
14	0.00745	0.00537	0.00700	0.00824	0.00873	0.00500	0.00558	0.00855	0.01164	0.01537	0.03449	0.68275	0.08760	0.04713	0.00851	0.00255	0.00362	0.04001	0.00551	0.00488
15	0.01017	0.00656	0.00787	0.00756	0.00932	0.00602	0.00557	0.01172	0.01291	0.10968	0.08405	0.11530	0.34306	0.12212	0.11725	0.00363	0.00556	0.01075	0.00529	0.00560
16	0.03390	0.01097	0.01460	0.10209	0.07559	0.03022	0.05890	0.13032	0.06814	0.04088	0.01671	0.05668	0.01539	0.18329	0.08415	0.02116	0.00741	0.02307	0.01964	0.00689
17	0.04185	0.00961	0.01267	0.01059	0.01375	0.00943	0.02598	0.08019	0.01582	0.34484	0.06953	0.05920	0.05369	0.02888	0.06615	0.00266	0.04493	0.05543	0.04674	0.00806
18	0.07243	0.00665	0.00783	0.00794	0.00953	0.00619	0.00572	0.01199	0.01282	0.11051	0.07686	0.36937	0.20364	0.05992	0.00834	0.00239	0.00378	0.01275	0.00563	0.00571
19	0.00885	0.00620	0.00836	0.06107	0.02880	0.00614	0.00638	0.00948	0.01095	0.01435	0.04942	0.25820	0.11267	0.17087	0.01508	0.16000	0.00476	0.05949	0.00440	0.00453
20	0.01664	0.04119	0.02047	0.12669	0.16613	0.25870	0.07647	0.02088	0.09159	0.01725	0.01158	0.01431	0.00941	0.00658	0.00743	0.00187	0.09666	0.00511	0.00326	0.00778
21	0.01560	0.74036	0.02988	0.01005	0.01485	0.02262	0.00986	0.01740	0.01199	0.01399	0.00906	0.01161	0.00865	0.05680	0.00562	0.00159	0.00639	0.00358	0.00264	0.00745
22	0.00755	0.00544	0.00706	0.00823	0.00876	0.00508	0.00562	0.00870	0.01175	0.01553	0.05026	0.63317	0.08826	0.06553	0.00907	0.00263	0.00370	0.05329	0.00549	0.00488
23	0.01294	0.01085	0.01562	0.12377	0.18707	0.01142	0.04254	0.06658	0.11754	0.04114	0.05517	0.05746	0.09011	0.12968	0.01012	0.00255	0.00600	0.00767	0.00437	0.00740
24	0.04295	0.01214	0.01442	0.01161	0.01580	0.02710	0.02297	0.13251	0.18898	0.38664	0.03949	0.02132	0.04040	0.00784	0.00607	0.00190	0.00534	0.00637	0.00657	0.00958
25	0.17255	0.01338	0.06445	0.02608	0.07126	0.03637	0.00962	0.06002	0.01380	0.09416	0.02807	0.01378	0.01008	0.00555	0.00488	0.00143	0.00544	0.00426	0.00404	0.36078
26	0.03313	0.01331	0.02125	0.18269	0.42909	0.01420	0.03368	0.06688	0.03792	0.02029	0.03268	0.01599	0.01075	0.00609	0.00650	0.00186	0.03742	0.00552	0.00335	0.02739
27	0.03871	0.01473	0.06330	0.02353	0.36383	0.06444	0.01397	0.09799	0.05016	0.02232	0.12998	0.03952	0.03652	0.00746	0.00611	0.00183	0.00639	0.00656	0.00418	0.00847

[dist]
# distance from previous block
# <min> <max>
2	4

[block]
# block no. 6 follows, 38 sequences, length 41
# corresponding to MSA columns:
# 172-212
name=unknown_G
#
# <colnr> <probs for GDERKNQSTAVLIFYWHMCP>
#	G	D	E	R	K	N	Q	S	T	A	V	L	I	F	Y	W	H	M	C	P
0	0.11746	0.16216	0.25588	0.01664	0.11634	0.08268	0.01493	0.03245	0.02709	0.05930	0.01085	0.01258	0.00843	0.00605	0.00601	0.00178	0.05356	0.00434	0.00321	0.00827
1	0.01608	0.79220	0.03152	0.01029	0.01544	0.02380	0.01029	0.01801	0.01222	0.01415	0.00836	0.00965	0.00772	0.00515	0.00386	0.00129	0.00643	0.00322	0.00257	0.00772
2	0.01247	0.10830	0.68380	0.01645	0.02496	0.01497	0.02102	0.01895	0.01265	0.01855	0.01055	0.01239	0.00763	0.00566	0.00553	0.00184	0.00864	0.00432	0.00254	0.00877
3	0.02180	0.01610	0.01732	0.01345	0.01813	0.01772	0.01104	0.61898	0.10356	0.05189	0.01561	0.01537	0.01116	0.00724	0.00598	0.00180	0.00632	0.00552	0.00599	0.03502
4	0.00819	0.00626	0.00694	0.00696	0.00886	0.00542	0.00532	0.00997	0.01412	0.04294	0.13957	0.09894	0.54036	0.01493	0.00720	0.00209	0.00332	0.06750	0.00577	0.00536
5	0.00878	0.00672	0.01003	0.00992	0.01095	0.00797	0.00775	0.01090	0.00965	0.01399	0.01577	0.02320	0.01474	0.04368	0.73381	0.00938	0.04774	0.00640	0.00320	0.00542
6	0.02091	0.24504	0.02159	0.01315	0.01761	0.21443	0.01108	0.31925	0.02037	0.04555	0.01160	0.01229	0.00899	0.00636	0.00524	0.00159	0.00763	0.00439	0.00430	0.00865
7	0.00875	0.00583	0.00656	0.00656	0.00656	0.00583	0.00365	0.00875	0.00875	0.01166	0.01895	0.03937	0.02187	0.78858	0.03062	0.00583	0.00583	0.00875	0.00365	0.00365
8	0.01123	0.00695	0.00879	0.00795	0.01000	0.00634	0.00609	0.01422	0.03872	0.13112	0.51310	0.04262	0.15561	0.01190	0.00691	0.00191	0.00327	0.01032	0.00657	0.00638
9	0.03244	0.02482	0.43268	0.01842	0.08837	0.06932	0.07482	0.09452	0.01514	0.07562	0.01213	0.01374	0.00871	0.00595	0.00584	0.00186	0.00837	0.00489	0.00341	0.00894
10	0.01136	0.01069	0.01804	0.77412	0.04143	0.01337	0.01671	0.01537	0.01203	0.01537	0.01069	0.01604	0.00802	0.00601	0.00601	0.00200	0.00802	0.00535	0.00267	0.00668
11	0.01161	0.01095	0.01849	0.72236	0.09126	0.01343	0.01683	0.01559	0.01215	0.01567	0.01074	0.01596	0.00813	0.00597	0.00601	0.00199	0.00796	0.00535	0.00269	0.00688
12	0.00849	0.00577	0.00686	0.00726	0.00743	0.00569	0.00448	0.00891	0.00970	0.01291	0.02298	0.20806	0.02672	0.56562	0.02402	0.00487	0.00529	0.05668	0.00420	0.00405
13	0.79355	0.01188	0.00927	0.00819	0.01196	0.01373	0.00674	0.05080	0.01108	0.02750	0.00866	0.00999	0.00669	0.00566	0.00383	0.00186	0.00474	0.00336	0.00383	0.00669
14	0.03877	0.01603	0.09247	0.06817	0.44121	0.03579	0.06183	0.07500	0.03658	0.03874	0.01327	0.01591	0.02714	0.00596	0.00597	0.00184	0.00732	0.00552	0.00345	0.00903
15	0.01391	0.37995	0.42471	0.01401	0.02118	0.01848	0.01676	0.01858	0.01248	0.01681	0.00968	0.01130	0.00767	0.00545	0.00486	0.00162	0.00776	0.00388	0.00256	0.00835
16	0.00778	0.00603	0.00708	0.00708	0.00856	0.00544	0.00518	0.00965	0.01410	0.01844	0.28431	0.13033	0.35795	0.05484	0.05370	0.00268	0.00395	0.01200	0.00570	0.00520
17	0.02669	0.01072	0.01426	0.01093	0.01560	0.00956	0.00903	0.08050	0.01803	0.70290	0.02306	0.02004	0.01455	0.00743	0.00605	0.00186	0.00523	0.00600	0.00734	0.01024
18	0.01530	0.58591	0.19337	0.01230	0.01825	0.03934	0.02953	0.01842	0.01249	0.01538	0.00902	0.01051	0.00773	0.00530	0.00439	0.00145	0.00717	0.00360	0.00259	0.00797
19	0.01017	0.00869	0.01254	0.03653	0.14170	0.03481	0.00967	0.01256	0.01094	0.01517	0.01756	0.02349	0.05755	0.03388	0.53809	0.00733	0.01334	0.00651	0.00330	0.00618
20	0.01582	0.00782	0.01042	0.00953	0.01211	0.00692	0.00740	0.01776	0.01443	0.31300	0.06188	0.29967	0.04867	0.01277	0.00686	0.00211	0.00438	0.08591	0.00625	0.05628
21	0.00773	0.00634	0.00685	0.00678	0.00865	0.00560	0.00506	0.01013	0.04441	0.01814	0.19506	0.09735	0.53757	0.01457	0.00710	0.00203	0.00310	0.01235	0.00582	0.00537
22	0.02316	0.01672	0.01773	0.01366	0.01841	0.03985	0.01125	0.65904	0.02715	0.08955	0.01497	0.01478	0.01050	0.00721	0.00600	0.00180	0.00663	0.00542	0.00604	0.01014
23	0.01561	0.01201	0.01378	0.01009	0.01528	0.01038	0.00817	0.17179	0.01620	0.06764	0.01229	0.01338	0.00956	0.00524	0.00489	0.00115	0.00497	0.00412	0.00433	0.59915
24	0.00852	0.00625	0.00821	0.00917	0.01038	0.00595	0.00733	0.01064	0.01357	0.01772	0.11861	0.25531	0.15135	0.01650	0.00781	0.00247	0.00429	0.33494	0.00568	0.00531
25	0.00741	0.00591	0.00665	0.00700	0.00851	0.00515	0.00511	0.00900	0.01354	0.01698	0.13193	0.24104	0.46746	0.01586	0.00729	0.00214	0.00321	0.03500	0.00570	0.00511
26	0.01141	0.00597	0.00612	0.00596	0.00747	0.00600	0.00450	0.03539	0.01333	0.02299	0.06038	0.02345	0.01759	0.00731	0.00442	0.00144	0.00292	0.00590	0.75168	0.00575
27	0.83108	0.01163	0.00884	0.00791	0.01163	0.01350	0.00651	0.01768	0.01024	0.02699	0.00838	0.00977	0.00651	0.00558	0.00372	0.00186	0.00465	0.00326	0.00372	0.00651
28	0.00723	0.00610	0.00626	0.00622	0.00820	0.00513	0.00467	0.00887	0.01400	0.01692	0.11972	0.05679	0.68942	0.01498	0.00711	0.00202	0.00303	0.01254	0.00567	0.00513
29	0.01098	0.00565	0.00580	0.00580	0.00711	0.00569	0.00429	0.01359	0.01228	0.02149	0.01946	0.02348	0.01579	0.05512	0.03199	0.00195	0.00344	0.00582	0.74477	0.00548
30	0.10872	0.01038	0.01344	0.01042	0.01498	0.00931	0.00861	0.02813	0.01651	0.68120	0.02217	0.01939	0.01404	0.00726	0.00581	0.00186	0.00507	0.00577	0.00707	0.00986
31	0.83108	0.01163	0.00884	0.00791	0.01163	0.01350	0.00651	0.01768	0.01024	0.02699	0.00838	0.00977	0.00651	0.00558	0.00372	0.00186	0.00465	0.00326	0.00372	0.00651
32	0.01705	0.67699	0.02934	0.01108	0.01592	0.13556	0.01049	0.01892	0.01295	0.01424	0.00850	0.00983	0.00772	0.00531	0.00410	0.00133	0.00710	0.00332	0.00265	0.00761
33	0.02455	0.01024	0.01347	0.01040	0.01490	0.00893	0.00854	0.05615	0.01716	0.63021	0.02533	0.02250	0.06788	0.00784	0.00604	0.00182	0.00499	0.00637	0.00703	0.05565
34	0.01378	0.01313	0.02201	0.16576	0.52886	0.01405	0.01715	0.01718	0.01285	0.01819	0.01122	0.01546	0.00945	0.00809	0.04960	0.00233	0.06400	0.00541	0.00291	0.00857
35	0.01282	0.02555	0.50158	0.03815	0.10311	0.01427	0.18113	0.01896	0.01313	0.01908	0.01116	0.01380	0.00817	0.00554	0.00606	0.00192	0.00897	0.00516	0.00270	0.00873
36	0.00717	0.00603	0.00622	0.00631	0.00820	0.00508	0.00468	0.00870	0.01365	0.01643	0.07987	0.11051	0.67581	0.01541	0.00715	0.00206	0.00307	0.01296	0.00562	0.00508
37	0.02287	0.01685	0.01805	0.01384	0.01866	0.01866	0.01143	0.73100	0.02828	0.03791	0.01444	0.01444	0.01023	0.00722	0.00602	0.00181	0.00662	0.00542	0.00602	0.01023
38	0.01085	0.00668	0.00874	0.00792	0.00978	0.00606	0.00605	0.01358	0.01694	0.11825	0.63055	0.04223	0.07536	0.01177	0.00696	0.00189	0.00314	0.01032	0.00669	0.00624
39	0.01556	0.01606	0.02222	0.14913	0.52094	0.13578	0.01708	0.01888	0.01398	0.01818	0.01089	0.01441	0.00900	0.00560	0.00588	0.00178	0.00788	0.00512	0.00295	0.00867
40	0.01264	0.00828	0.00928	0.00825	0.00949	0.00855	0.00550	0.15318	0.01313	0.06139	0.01835	0.03329	0.01914	0.58689	0.02427	0.00480	0.00595	0.00793	0.00434	0.00535

[dist]
# distance from previous block
# <min> <max>
0	2

[block]
# block no. 7 follows, 38 sequences, length 28
# corresponding to MSA columns:
# 215-242
name=unknown_H
#
# <colnr> <probs for GDERKNQSTAVLIFYWHMCP>
#	G	D	E	R	K	N	Q	S	T	A	V	L	I	F	Y	W	H	M	C	P
0	0.00751	0.00535	0.00700	0.00824	0.00863	0.00503	0.00551	0.00853	0.01140	0.01514	0.03256	0.68338	0.05497	0.08465	0.00965	0.00273	0.00374	0.03576	0.00542	0.00480
1	0.00978	0.00665	0.00907	0.01010	0.01130	0.00654	0.00832	0.01201	0.01319	0.04117	0.05247	0.16545	0.03407	0.09696	0.01043	0.00299	0.00518	0.49347	0.00544	0.00541
2	0.01491	0.10117	0.04845	0.12566	0.34455	0.06755	0.01493	0.03512	0.07009	0.01893	0.01177	0.01442	0.00957	0.00566	0.00554	0.00167	0.00703	0.00491	0.00326	0.09482
3	0.09990	0.06712	0.08395	0.01435	0.06977	0.06109	0.02478	0.25477	0.09569	0.04298	0.04458	0.01581	0.01225	0.00794	0.03024	0.00201	0.00677	0.00522	0.00463	0.05615
4	0.00804	0.00566	0.00733	0.00836	0.00917	0.00523	0.00592	0.00942	0.01239	0.03356	0.06660	0.57224	0.13210	0.01762	0.00760	0.00238	0.00364	0.08193	0.00567	0.00513
5	0.00933	0.00600	0.00693	0.00683	0.00702	0.00600	0.00398	0.00950	0.00906	0.03592	0.01899	0.03809	0.02136	0.73184	0.06079	0.00586	0.00624	0.00856	0.00375	0.00393
6	0.01239	0.07377	0.69166	0.01742	0.04970	0.01454	0.02142	0.01897	0.01271	0.01879	0.01067	0.01260	0.00769	0.00567	0.00562	0.00187	0.00869	0.00441	0.00256	0.00885
7	0.01618	0.01005	0.01491	0.03198	0.20969	0.00998	0.01083	0.01921	0.05197	0.23378	0.03430	0.08913	0.01756	0.05647	0.07981	0.03543	0.02414	0.04171	0.00491	0.00794
8	0.01232	0.07850	0.71222	0.01672	0.02538	0.01458	0.02148	0.01899	0.01267	0.01875	0.01064	0.01251	0.00763	0.00568	0.00560	0.00187	0.00874	0.00437	0.00254	0.00882
9	0.01420	0.01623	0.03550	0.02535	0.03144	0.01521	0.72921	0.01927	0.01420	0.01927	0.01217	0.01623	0.00913	0.00507	0.00710	0.00203	0.01014	0.00710	0.00304	0.00811
10	0.01542	0.01632	0.06520	0.12568	0.40575	0.09534	0.04523	0.06999	0.03963	0.02015	0.03569	0.01573	0.01090	0.00600	0.00599	0.00182	0.00763	0.00545	0.00337	0.00871
11	0.01142	0.03091	0.01623	0.01369	0.01469	0.01365	0.06191	0.01325	0.00979	0.01450	0.01155	0.01759	0.01089	0.02404	0.31509	0.02689	0.37905	0.00581	0.00289	0.00613
12	0.77319	0.01201	0.00950	0.00834	0.01214	0.01386	0.00687	0.06877	0.01153	0.02777	0.00881	0.01011	0.00678	0.00570	0.00389	0.00186	0.00479	0.00341	0.00389	0.00678
13	0.24340	0.01473	0.01485	0.01176	0.01623	0.01625	0.00966	0.44048	0.06652	0.03281	0.01313	0.01352	0.00962	0.00663	0.00528	0.00177	0.00581	0.00478	0.00522	0.06755
14	0.00870	0.00635	0.00782	0.00772	0.00941	0.00576	0.00603	0.01109	0.01546	0.03867	0.39513	0.05213	0.27594	0.01381	0.00727	0.00207	0.00339	0.12154	0.00614	0.00557
15	0.03584	0.00715	0.00819	0.00814	0.00978	0.00701	0.00603	0.04031	0.07930	0.01972	0.20612	0.21228	0.22724	0.06141	0.00849	0.00235	0.00373	0.04543	0.00571	0.00576
16	0.03403	0.01348	0.02321	0.08464	0.55775	0.01360	0.07879	0.01773	0.01372	0.01968	0.05018	0.01827	0.01259	0.00612	0.00614	0.00186	0.00713	0.02903	0.00325	0.00880
17	0.72236	0.01294	0.06277	0.00875	0.01290	0.01324	0.00779	0.01851	0.01085	0.07176	0.00951	0.01065	0.00712	0.00571	0.00401	0.00186	0.00499	0.00352	0.00387	0.00692
18	0.00839	0.00607	0.00766	0.00823	0.00910	0.00586	0.00593	0.01023	0.02794	0.01681	0.15591	0.28520	0.10017	0.17307	0.03553	0.00326	0.00456	0.12580	0.00530	0.00501
19	0.00827	0.00600	0.00739	0.00778	0.00876	0.00566	0.00551	0.01002	0.03316	0.01709	0.18862	0.27544	0.17273	0.12308	0.01146	0.04625	0.00385	0.05856	0.00539	0.00497
20	0.01219	0.00951	0.01444	0.05448	0.20678	0.00956	0.03429	0.02783	0.04705	0.07463	0.02451	0.20909	0.08199	0.03345	0.07598	0.00289	0.00645	0.06318	0.00459	0.00710
21	0.04009	0.12037	0.12798	0.01756	0.13509	0.15960	0.01376	0.22894	0.04194	0.04147	0.01204	0.01324	0.00922	0.00624	0.00552	0.00171	0.00767	0.00469	0.00401	0.00886
22	0.10405	0.01043	0.01488	0.15583	0.10903	0.01094	0.05475	0.06266	0.03777	0.10174	0.05654	0.16024	0.06588	0.00954	0.00629	0.00202	0.00571	0.01972	0.00466	0.00732
23	0.00871	0.00618	0.00826	0.00978	0.05864	0.00606	0.00597	0.00942	0.01048	0.01407	0.02450	0.35643	0.02840	0.30106	0.03540	0.05736	0.00511	0.04509	0.00444	0.00464
24	0.03429	0.05159	0.05516	0.02225	0.24294	0.10153	0.13013	0.12447	0.04934	0.08792	0.01338	0.01563	0.01034	0.02652	0.00660	0.00191	0.00765	0.00552	0.00399	0.00884
25	0.06874	0.06182	0.07811	0.07302	0.29604	0.10120	0.03884	0.13927	0.04745	0.02221	0.01177	0.01400	0.00927	0.00595	0.00567	0.00178	0.00747	0.00499	0.00361	0.00877
26	0.03126	0.01217	0.01579	0.09640	0.24289	0.05866	0.01162	0.06159	0.06584	0.01922	0.03516	0.04407	0.07702	0.10084	0.02741	0.00245	0.00648	0.00668	0.00391	0.08056
27	0.07890	0.02928	0.01655	0.03724	0.23514	0.09517	0.02790	0.08176	0.01447	0.02019	0.04130	0.08576	0.03509	0.06877	0.00769	0.00205	0.00637	0.00652	0.00387	0.10598

[dist]
# distance from previous block
# <min> <max>
4	29

[block]
# block no. 8 follows, 38 sequences, length 31
# corresponding to MSA columns:
# 272-302
name=unknown_I
#
# <colnr> <probs for GDERKNQSTAVLIFYWHMCP>
#	G	D	E	R	K	N	Q	S	T	A	V	L	I	F	Y	W	H	M	C	P
0	0.05662	0.00936	0.01184	0.01065	0.03139	0.00968	0.00809	0.05226	0.07748	0.23073	0.14115	0.05455	0.05127	0.07296	0.09780	0.00318	0.06036	0.00759	0.00556	0.00749
1	0.01406	0.06803	0.21603	0.09415	0.20344	0.05525	0.07006	0.03396	0.01353	0.04877	0.01377	0.09797	0.01213	0.00725	0.00633	0.00191	0.02548	0.00634	0.00335	0.00819
2	0.01207	0.01222	0.04718	0.33306	0.22827	0.01249	0.09274	0.01564	0.01260	0.01689	0.01563	0.04223	0.05973	0.06451	0.00804	0.00224	0.00742	0.00659	0.00314	0.00732
3	0.02477	0.01151	0.01493	0.01212	0.04487	0.01060	0.00952	0.14278	0.01854	0.55434	0.02076	0.01868	0.01347	0.00711	0.00592	0.00178	0.00540	0.00574	0.00675	0.07042
4	0.06055	0.07028	0.03609	0.14249	0.31296	0.01354	0.08197	0.03321	0.01390	0.04135	0.09708	0.04185	0.01547	0.00676	0.00597	0.00185	0.00673	0.00625	0.00364	0.00808
5	0.01519	0.03270	0.10319	0.05783	0.24351	0.03455	0.07137	0.10636	0.04606	0.06870	0.07087	0.03513	0.05338	0.00750	0.00622	0.00189	0.00678	0.02602	0.00423	0.00851
6	0.01277	0.02912	0.64683	0.01933	0.10795	0.04188	0.02141	0.01917	0.01298	0.01896	0.01080	0.01288	0.00784	0.00569	0.00573	0.00188	0.00877	0.00453	0.00261	0.00889
7	0.06398	0.01447	0.02024	0.10175	0.40699	0.08011	0.03414	0.07030	0.01453	0.02012	0.01419	0.04014	0.03976	0.00686	0.00636	0.00188	0.02856	0.02380	0.00347	0.00835
8	0.01045	0.00522	0.00784	0.00784	0.00784	0.00522	0.00522	0.00784	0.00784	0.01045	0.01045	0.01829	0.01045	0.02090	0.02351	0.82497	0.00522	0.00522	0.00261	0.00261
9	0.02237	0.01654	0.01725	0.01352	0.01796	0.09650	0.03002	0.49346	0.02446	0.13767	0.05718	0.01672	0.01327	0.00738	0.00605	0.00180	0.00674	0.00570	0.00587	0.00956
10	0.00840	0.00644	0.00780	0.00784	0.00948	0.00594	0.00611	0.01115	0.03662	0.02019	0.35099	0.07316	0.28531	0.01410	0.00730	0.00211	0.00345	0.13203	0.00604	0.00554
11	0.00938	0.00585	0.00845	0.00843	0.00895	0.00628	0.00601	0.00932	0.00913	0.01268	0.04747	0.02428	0.01586	0.12365	0.33245	0.34847	0.00973	0.00642	0.00317	0.00403
12	0.21795	0.01356	0.01467	0.12182	0.01944	0.01540	0.01047	0.27396	0.17035	0.06201	0.01494	0.01548	0.01092	0.00685	0.00548	0.00190	0.00588	0.00520	0.00506	0.00866
13	0.00820	0.00619	0.00795	0.00857	0.00917	0.00625	0.00607	0.00942	0.01173	0.01564	0.08068	0.43845	0.11086	0.12901	0.01185	0.00289	0.06107	0.06592	0.00515	0.00495
14	0.01437	0.09496	0.15728	0.10791	0.25025	0.04296	0.12068	0.01881	0.03265	0.03197	0.01134	0.01431	0.00896	0.00575	0.00635	0.00182	0.03777	0.00517	0.00301	0.03368
15	0.47077	0.18061	0.05006	0.01239	0.08815	0.07802	0.00966	0.01842	0.01169	0.02214	0.00886	0.01048	0.00723	0.00553	0.00421	0.00171	0.00599	0.00357	0.00330	0.00722
16	0.83108	0.01163	0.00884	0.00791	0.01163	0.01350	0.00651	0.01768	0.01024	0.02699	0.00838	0.00977	0.00651	0.00558	0.00372	0.00186	0.00465	0.00326	0.00372	0.00651
17	0.00756	0.00548	0.00696	0.00802	0.00870	0.00507	0.00552	0.00882	0.01205	0.01592	0.05890	0.58745	0.14130	0.04055	0.00821	0.00246	0.00354	0.04461	0.02393	0.00495
18	0.01377	0.05021	0.50617	0.01782	0.02542	0.03699	0.13918	0.07233	0.04448	0.02046	0.01175	0.01368	0.00852	0.00582	0.00592	0.00189	0.00874	0.00501	0.00305	0.00879
19	0.01366	0.01396	0.07043	0.01466	0.01865	0.02980	0.17367	0.07441	0.28511	0.02269	0.09065	0.08371	0.06372	0.00882	0.00657	0.00202	0.00617	0.00808	0.00506	0.00816
20	0.00749	0.00545	0.00678	0.00777	0.00834	0.00504	0.00516	0.00847	0.01149	0.01500	0.03566	0.56786	0.15039	0.12249	0.01069	0.00284	0.00374	0.01527	0.00532	0.00475
21	0.01252	0.01033	0.01201	0.00883	0.01373	0.00803	0.00704	0.03539	0.01331	0.03554	0.04545	0.01740	0.06570	0.00572	0.00484	0.00106	0.00436	0.00465	0.00399	0.69009
22	0.01310	0.09040	0.12389	0.16946	0.20018	0.06227	0.07358	0.01669	0.01321	0.01718	0.01789	0.03605	0.10951	0.00728	0.00628	0.00187	0.02396	0.00631	0.00323	0.00766
23	0.04246	0.01238	0.01575	0.04660	0.13474	0.01310	0.01114	0.11085	0.25155	0.21364	0.01980	0.02039	0.01460	0.00894	0.03601	0.00224	0.00606	0.02484	0.00561	0.00932
24	0.00748	0.00547	0.00708	0.00830	0.00893	0.00506	0.00577	0.00871	0.01196	0.01566	0.03646	0.64205	0.12607	0.01824	0.00766	0.00242	0.00359	0.06856	0.00558	0.00496
25	0.05169	0.01559	0.12794	0.16439	0.09593	0.06996	0.01344	0.09097	0.01550	0.16529	0.05842	0.03518	0.01348	0.00710	0.00617	0.00188	0.02344	0.00577	0.02961	0.00824
26	0.01634	0.14375	0.18694	0.03980	0.12449	0.13705	0.03288	0.11575	0.07591	0.02064	0.02769	0.01502	0.02524	0.00637	0.00558	0.00174	0.00769	0.00500	0.00362	0.00849
27	0.01482	0.05247	0.06193	0.07062	0.06840	0.17845	0.01164	0.08642	0.03105	0.01790	0.04203	0.01726	0.01232	0.01722	0.20240	0.02803	0.07112	0.00540	0.00348	0.00704
28	0.00741	0.00568	0.00681	0.00743	0.00854	0.00507	0.00523	0.00889	0.01309	0.01691	0.14307	0.41638	0.30062	0.01662	0.00739	0.00222	0.00324	0.01463	0.00573	0.00507
29	0.06170	0.04272	0.03385	0.12019	0.16671	0.01268	0.11971	0.03695	0.07469	0.06422	0.05048	0.08735	0.06932	0.00815	0.00653	0.00196	0.02350	0.00736	0.00415	0.00777
30	0.06260	0.05848	0.16196	0.01872	0.17459	0.09900	0.01435	0.13134	0.04588	0.06251	0.01314	0.04899	0.01073	0.00705	0.00674	0.00187	0.06417	0.00542	0.00388	0.00858

[dist]
# distance from previous block
# <min> <max>
1	2

[block]
# block no. 9 follows, 38 sequences, length 23
# corresponding to MSA columns:
# 305-327
name=unknown_J
#
# <colnr> <probs for GDERKNQSTAVLIFYWHMCP>
#	G	D	E	R	K	N	Q	S	T	A	V	L	I	F	Y	W	H	M	C	P
0	0.40858	0.12861	0.04852	0.04432	0.04454	0.15422	0.05823	0.01900	0.01236	0.02124	0.00911	0.01097	0.00732	0.00562	0.00455	0.00174	0.00684	0.00384	0.00327	0.00710
1	0.13783	0.00751	0.00859	0.00779	0.01007	0.00722	0.00603	0.01449	0.01522	0.12510	0.38827	0.05609	0.13742	0.01094	0.00633	0.00190	0.00348	0.00922	0.04016	0.00633
2	0.04356	0.18510	0.08509	0.01612	0.08795	0.19054	0.05657	0.14621	0.01665	0.02086	0.05880	0.01439	0.01160	0.00650	0.00595	0.00169	0.03578	0.00489	0.00368	0.00808
3	0.00759	0.00606	0.00684	0.00699	0.00865	0.00530	0.00525	0.00942	0.01416	0.01791	0.20027	0.14285	0.47308	0.01514	0.00725	0.00210	0.00321	0.05692	0.00580	0.00521
4	0.03918	0.01527	0.10976	0.12328	0.14568	0.08377	0.09923	0.01620	0.01315	0.01785	0.06298	0.11886	0.04351	0.00859	0.00750	0.00202	0.07493	0.00741	0.00357	0.00726
5	0.00981	0.00703	0.00896	0.00994	0.03696	0.00705	0.00673	0.01315	0.10888	0.05004	0.02927	0.45833	0.05114	0.10262	0.03843	0.00299	0.00468	0.04284	0.00534	0.00583
6	0.06620	0.14330	0.08827	0.01555	0.07235	0.32963	0.01245	0.11977	0.06294	0.01997	0.01107	0.01231	0.00881	0.00616	0.00527	0.00164	0.00838	0.00430	0.00359	0.00804
7	0.01898	0.01451	0.01611	0.01416	0.06109	0.04353	0.01076	0.35151	0.15924	0.08134	0.05388	0.01930	0.03805	0.00800	0.00702	0.00190	0.06004	0.00616	0.02524	0.00917
8	0.01336	0.01741	0.17731	0.10095	0.18130	0.06377	0.10954	0.01775	0.03080	0.01847	0.01302	0.07385	0.01124	0.00649	0.00592	0.00176	0.00748	0.00595	0.00324	0.14037
