[name]
unknown

[dist]
# distance from previous block
# <min> <max>
38	132

[block]
# block no. 0 follows, 29 sequences, length 10
# corresponding to MSA columns:
# 157-166
name=unknown_A
#
# <colnr> <probs for GDERKNQSTAVLIFYWHMCP>
#	G	D	E	R	K	N	Q	S	T	A	V	L	I	F	Y	W	H	M	C	P
0	0.01645	0.42301	0.10414	0.01313	0.01863	0.02082	0.02966	0.04765	0.01555	0.01992	0.06270	0.04892	0.03559	0.01231	0.07326	0.00270	0.00850	0.00621	0.00393	0.03692
1	0.04173	0.28148	0.08036	0.01366	0.01851	0.12122	0.01243	0.07607	0.07956	0.02246	0.05602	0.01878	0.01535	0.01235	0.07926	0.00285	0.00908	0.00573	0.04415	0.00896
2	0.01521	0.14975	0.07379	0.01322	0.04978	0.06803	0.01049	0.01751	0.01435	0.06491	0.06712	0.06174	0.03795	0.21429	0.10813	0.00456	0.00895	0.00824	0.00453	0.00744
3	0.01412	0.11339	0.04419	0.01260	0.01517	0.06255	0.01043	0.06426	0.01415	0.01872	0.01743	0.04631	0.01665	0.11085	0.36956	0.00729	0.04370	0.00733	0.00402	0.00728
4	0.01790	0.22941	0.17379	0.06373	0.02179	0.01750	0.01444	0.07568	0.03352	0.10563	0.04349	0.06556	0.06797	0.00916	0.00652	0.00207	0.00738	0.00725	0.02778	0.00942
5	0.01346	0.05095	0.01303	0.01091	0.01264	0.01013	0.00823	0.08060	0.01331	0.01825	0.01646	0.05664	0.01586	0.05571	0.24225	0.30669	0.01039	0.00721	0.00401	0.05326
6	0.05334	0.30686	0.17670	0.05461	0.02171	0.04322	0.01467	0.07595	0.01655	0.05342	0.01386	0.01570	0.01088	0.00697	0.00563	0.00187	0.00783	0.00503	0.10585	0.00933
7	0.06131	0.09703	0.19058	0.04633	0.06154	0.05452	0.01451	0.04133	0.04665	0.02344	0.09023	0.05799	0.08339	0.01004	0.00686	0.00219	0.00728	0.03681	0.05929	0.00866
8	0.07851	0.14488	0.11973	0.01913	0.12213	0.11546	0.01512	0.08966	0.06501	0.08739	0.01488	0.01608	0.01139	0.00711	0.00621	0.00196	0.00829	0.00539	0.00460	0.06708
9	0.01801	0.11558	0.08926	0.08185	0.02450	0.10594	0.11242	0.07828	0.03842	0.06094	0.03607	0.02010	0.01405	0.01677	0.15251	0.00400	0.01145	0.00655	0.00432	0.00897

[dist]
# distance from previous block
# <min> <max>
2	30

[block]
# block no. 1 follows, 29 sequences, length 33
# corresponding to MSA columns:
# 198-230
name=unknown_B
#
# <colnr> <probs for GDERKNQSTAVLIFYWHMCP>
#	G	D	E	R	K	N	Q	S	T	A	V	L	I	F	Y	W	H	M	C	P
0	0.09842	0.02525	0.02225	0.01989	0.06704	0.38323	0.11015	0.02704	0.06902	0.05781	0.01388	0.01568	0.01086	0.00717	0.00661	0.00200	0.01049	0.00557	0.00429	0.04335
1	0.11993	0.01666	0.01938	0.01848	0.11320	0.09154	0.05818	0.11016	0.06599	0.11163	0.09729	0.02170	0.01866	0.00833	0.00724	0.00210	0.02795	0.00679	0.00560	0.07921
2	0.06362	0.01928	0.06749	0.05439	0.03074	0.04772	0.37485	0.07944	0.07497	0.06060	0.01592	0.01878	0.01177	0.00682	0.00755	0.00227	0.01001	0.00729	0.00449	0.04199
3	0.15958	0.06432	0.02121	0.01622	0.02101	0.14956	0.10348	0.10982	0.12965	0.09028	0.01695	0.01806	0.01281	0.01006	0.04433	0.00263	0.00899	0.00614	0.00526	0.00964
4	0.12622	0.06147	0.07673	0.01404	0.01920	0.01554	0.04684	0.16712	0.07021	0.12622	0.06664	0.08673	0.01940	0.00942	0.00679	0.00216	0.00671	0.00770	0.00602	0.06483
5	0.04512	0.02071	0.07763	0.01576	0.02122	0.09215	0.01357	0.37181	0.09393	0.10779	0.05445	0.01994	0.01589	0.00868	0.00703	0.00216	0.00788	0.00664	0.00657	0.01109
6	0.02093	0.02177	0.02317	0.01985	0.05021	0.22667	0.13638	0.12522	0.17083	0.02555	0.01832	0.06300	0.01514	0.00890	0.00801	0.00225	0.04154	0.00744	0.00512	0.00970
7	0.01793	0.01723	0.02498	0.17707	0.42038	0.07590	0.01925	0.07688	0.01781	0.02385	0.04975	0.01933	0.01377	0.00721	0.00709	0.00215	0.00872	0.00654	0.00400	0.01017
8	0.06541	0.01468	0.01209	0.01155	0.01410	0.18004	0.00869	0.01849	0.07451	0.02268	0.19577	0.12435	0.18465	0.01373	0.00769	0.00230	0.00621	0.02969	0.00611	0.00726
9	0.02086	0.01844	0.01809	0.01675	0.06354	0.12279	0.01243	0.25507	0.20339	0.03102	0.02559	0.05752	0.07516	0.01039	0.00735	0.00227	0.00747	0.03532	0.00632	0.01023
10	0.02401	0.04364	0.02235	0.02138	0.13675	0.22683	0.01486	0.28818	0.07558	0.03028	0.01512	0.01644	0.01166	0.00797	0.00739	0.00208	0.03374	0.00591	0.00526	0.01054
11	0.01023	0.00740	0.01027	0.01027	0.01114	0.00826	0.00744	0.01196	0.01110	0.01566	0.02014	0.03391	0.02038	0.27536	0.50310	0.01000	0.01519	0.00850	0.00397	0.00571
12	0.01681	0.01921	0.04202	0.03001	0.03721	0.01801	0.67947	0.02281	0.01681	0.02281	0.01441	0.01921	0.01080	0.00600	0.00840	0.00240	0.01200	0.00840	0.00360	0.00960
13	0.06404	0.01335	0.01507	0.01097	0.01713	0.01097	0.00883	0.07478	0.01620	0.02559	0.01287	0.01477	0.01051	0.00564	0.00538	0.00122	0.00551	0.00438	0.00448	0.67834
14	0.02271	0.02106	0.02070	0.01807	0.05507	0.21420	0.06660	0.21479	0.09563	0.07085	0.04711	0.06622	0.01707	0.00909	0.00718	0.00213	0.00877	0.00740	0.00573	0.02961
15	0.01766	0.28076	0.31114	0.01655	0.02402	0.06562	0.04681	0.02338	0.04477	0.04890	0.01358	0.01527	0.01051	0.00682	0.00600	0.00196	0.00898	0.00512	0.04238	0.00976
16	0.01941	0.01968	0.02666	0.03658	0.51698	0.14682	0.03835	0.02318	0.01721	0.04169	0.03653	0.01817	0.01293	0.00686	0.00702	0.00208	0.00913	0.00632	0.00385	0.01054
17	0.00915	0.00692	0.01009	0.01094	0.01176	0.00646	0.04219	0.01072	0.01402	0.01878	0.06065	0.68298	0.04587	0.02118	0.00903	0.00284	0.00452	0.01936	0.00649	0.00602
18	0.00986	0.00673	0.00807	0.00866	0.00886	0.00660	0.00533	0.01039	0.01164	0.01550	0.02840	0.27048	0.03324	0.48912	0.02655	0.00548	0.00601	0.03909	0.00513	0.00487
19	0.05048	0.01526	0.02397	0.27809	0.22080	0.01759	0.05884	0.05354	0.05961	0.02240	0.01364	0.01819	0.01090	0.00785	0.00949	0.00240	0.11735	0.00645	0.00380	0.00935
20	0.01533	0.01457	0.02475	0.42263	0.34436	0.01631	0.02071	0.01984	0.01513	0.02047	0.01299	0.01837	0.01030	0.00677	0.00709	0.00226	0.00903	0.00634	0.00333	0.00943
21	0.01056	0.00801	0.01144	0.01123	0.01219	0.00937	0.00849	0.01257	0.01121	0.01607	0.01906	0.03061	0.01875	0.17946	0.54961	0.01006	0.06335	0.00804	0.00386	0.00607
22	0.02154	0.01264	0.01500	0.01258	0.01666	0.01262	0.01018	0.19965	0.06410	0.23713	0.09331	0.07670	0.11798	0.01225	0.00777	0.00236	0.00586	0.06420	0.00756	0.00992
23	0.05854	0.07101	0.02020	0.01671	0.02064	0.49471	0.01295	0.02841	0.04850	0.10924	0.01384	0.01492	0.01077	0.00776	0.00714	0.00196	0.04425	0.00507	0.00447	0.00890
24	0.01675	0.01603	0.02733	0.18719	0.56865	0.01669	0.02142	0.02109	0.01580	0.02221	0.01324	0.01791	0.01091	0.00651	0.00706	0.00217	0.00867	0.00634	0.00345	0.01058
25	0.00855	0.00713	0.00745	0.00755	0.00974	0.00604	0.00560	0.01040	0.01627	0.01975	0.11017	0.12461	0.60597	0.01817	0.00847	0.00243	0.00363	0.01533	0.00669	0.00604
26	0.02661	0.03350	0.02022	0.01828	0.02202	0.69909	0.01375	0.04906	0.02060	0.01829	0.01120	0.01298	0.00926	0.00738	0.00644	0.00184	0.01268	0.00464	0.00378	0.00838
27	0.00989	0.00724	0.00912	0.00894	0.01051	0.00669	0.00664	0.01265	0.01822	0.02505	0.48220	0.09070	0.14811	0.07777	0.01088	0.00276	0.00394	0.05511	0.00723	0.00636
28	0.01594	0.28689	0.47732	0.01747	0.02645	0.02059	0.02138	0.02212	0.01484	0.02053	0.01177	0.01377	0.00906	0.00653	0.00600	0.00200	0.00951	0.00475	0.00302	0.01004
29	0.01815	0.05612	0.02809	0.09720	0.55630	0.01786	0.02046	0.07718	0.01741	0.02432	0.01346	0.01736	0.01109	0.00658	0.00693	0.00211	0.00845	0.00621	0.00377	0.01095
30	0.01045	0.00798	0.01173	0.01158	0.01271	0.00942	0.00895	0.01279	0.01135	0.01639	0.01880	0.02850	0.01788	0.09414	0.64493	0.01075	0.05381	0.00773	0.00381	0.00630
31	0.01802	0.23419	0.41236	0.01728	0.02560	0.07875	0.02009	0.02365	0.01573	0.07396	0.01302	0.01456	0.00973	0.00679	0.00616	0.00201	0.00956	0.00495	0.00352	0.01007
32	0.42787	0.01190	0.01098	0.00951	0.01370	0.01213	0.00754	0.01786	0.01359	0.02718	0.04622	0.09475	0.07345	0.00919	0.00560	0.00201	0.00506	0.00694	0.00491	0.19962

[dist]
# distance from previous block
# <min> <max>
1	21

[block]
# block no. 2 follows, 29 sequences, length 56
# corresponding to MSA columns:
# 252-307
name=unknown_C
#
# <colnr> <probs for GDERKNQSTAVLIFYWHMCP>
#	G	D	E	R	K	N	Q	S	T	A	V	L	I	F	Y	W	H	M	C	P
0	0.06549	0.37568	0.19667	0.01616	0.04365	0.15559	0.01596	0.02296	0.01560	0.01940	0.01092	0.01278	0.00910	0.00653	0.00552	0.00182	0.00922	0.00439	0.00325	0.00929
1	0.01395	0.01317	0.02226	0.64988	0.12788	0.01595	0.02002	0.01863	0.01448	0.01880	0.01274	0.01882	0.00971	0.00703	0.00711	0.00234	0.00937	0.00633	0.00321	0.00831
2	0.01339	0.00950	0.01073	0.03558	0.01364	0.03113	0.00786	0.01720	0.07586	0.10792	0.15460	0.13428	0.28924	0.03438	0.00889	0.00254	0.00480	0.03416	0.00686	0.00744
3	0.01415	0.01356	0.02349	0.60782	0.12781	0.01608	0.05890	0.01891	0.01463	0.01908	0.01285	0.01883	0.00979	0.00696	0.00719	0.00234	0.00952	0.00645	0.00323	0.00842
4	0.01426	0.01185	0.01395	0.10074	0.01917	0.01298	0.01054	0.06347	0.27948	0.02671	0.16809	0.04066	0.14882	0.01227	0.00780	0.00240	0.00549	0.04578	0.00670	0.00882
5	0.01696	0.01624	0.02770	0.15314	0.60108	0.01674	0.02152	0.02127	0.01590	0.02246	0.01328	0.01784	0.01100	0.00647	0.00706	0.00216	0.00862	0.00634	0.00347	0.01074
6	0.01904	0.75404	0.03731	0.01218	0.01828	0.02818	0.01218	0.02132	0.01447	0.01675	0.00990	0.01142	0.00914	0.00609	0.00457	0.00152	0.00761	0.00381	0.00305	0.00914
7	0.01762	0.01692	0.02890	0.04371	0.70533	0.01692	0.02185	0.02185	0.01621	0.02326	0.01339	0.01762	0.01128	0.00634	0.00705	0.00211	0.00846	0.00634	0.00352	0.01128
8	0.05076	0.01732	0.02663	0.06158	0.04784	0.02016	0.18570	0.17144	0.01801	0.02583	0.01276	0.01695	0.01036	0.00917	0.01358	0.00260	0.28899	0.00674	0.00423	0.00936
9	0.01904	0.75404	0.03731	0.01218	0.01828	0.02818	0.01218	0.02132	0.01447	0.01675	0.00990	0.01142	0.00914	0.00609	0.00457	0.00152	0.00761	0.00381	0.00305	0.00914
10	0.01371	0.01302	0.02141	0.64322	0.04524	0.01657	0.01925	0.01806	0.01382	0.01806	0.01224	0.01856	0.00947	0.00779	0.00915	0.00247	0.10057	0.00632	0.00316	0.00790
11	0.03195	0.01212	0.01652	0.01267	0.01818	0.01047	0.01047	0.03470	0.02038	0.71026	0.02809	0.02424	0.01763	0.00881	0.00716	0.00220	0.00606	0.00716	0.00881	0.01212
12	0.01771	0.01530	0.01610	0.01449	0.01852	0.01771	0.01127	0.03784	0.69247	0.02979	0.02898	0.02657	0.02174	0.00966	0.00725	0.00242	0.00564	0.00805	0.00725	0.01127
13	0.02364	0.01070	0.01381	0.01119	0.01540	0.00957	0.00902	0.05779	0.02025	0.42814	0.17047	0.03544	0.11328	0.01111	0.00749	0.00221	0.00519	0.00926	0.03599	0.01006
14	0.01428	0.03683	0.71286	0.02030	0.03082	0.01654	0.02631	0.02255	0.01503	0.02255	0.01278	0.01503	0.00902	0.00677	0.00677	0.00226	0.01052	0.00526	0.00301	0.01052
15	0.01808	0.02092	0.03851	0.02936	0.07486	0.10601	0.55717	0.02346	0.01719	0.02216	0.01392	0.01832	0.01063	0.00619	0.00807	0.00231	0.01190	0.00780	0.00361	0.00953
16	0.01008	0.00728	0.00952	0.00896	0.01064	0.00672	0.00672	0.01344	0.02016	0.02855	0.70158	0.05319	0.06719	0.01456	0.00840	0.00224	0.00336	0.01288	0.00784	0.00672
17	0.01081	0.00772	0.01072	0.01236	0.01371	0.00763	0.01033	0.01361	0.01574	0.02057	0.03807	0.23699	0.04242	0.02029	0.00966	0.00319	0.00599	0.50724	0.00657	0.00637
18	0.01904	0.75404	0.03731	0.01218	0.01828	0.02818	0.01218	0.02132	0.01447	0.01675	0.00990	0.01142	0.00914	0.00609	0.00457	0.00152	0.00761	0.00381	0.00305	0.00914
19	0.01787	0.03976	0.01635	0.01151	0.01749	0.01171	0.00934	0.10248	0.01759	0.08981	0.01541	0.03934	0.01253	0.00659	0.00578	0.00137	0.00571	0.00527	0.00505	0.56902
20	0.01359	0.01280	0.02161	0.70918	0.07139	0.01586	0.01985	0.01832	0.01431	0.01837	0.01268	0.01894	0.00955	0.00709	0.00712	0.00236	0.00946	0.00633	0.00318	0.00802
21	0.01618	0.01390	0.01467	0.01331	0.01702	0.01572	0.01032	0.03320	0.57540	0.02841	0.06677	0.03310	0.10918	0.01095	0.00745	0.00241	0.00527	0.00916	0.00719	0.01039
22	0.01415	0.01337	0.02262	0.61728	0.15893	0.01600	0.02012	0.01881	0.01457	0.01904	0.01278	0.01876	0.00979	0.00699	0.00711	0.00233	0.00932	0.00633	0.00322	0.00847
23	0.01121	0.00809	0.01133	0.01271	0.01433	0.00821	0.01095	0.01435	0.01577	0.02064	0.03651	0.07338	0.05992	0.02384	0.09893	0.00427	0.00803	0.55481	0.00622	0.00651
24	0.01069	0.01056	0.00884	0.00861	0.01117	0.09558	0.00646	0.01250	0.01672	0.01901	0.06448	0.06155	0.61561	0.01669	0.00817	0.00233	0.00476	0.01372	0.00624	0.00629
25	0.00868	0.00620	0.00826	0.00991	0.01033	0.00578	0.00661	0.00991	0.01363	0.01818	0.03925	0.74510	0.04710	0.02231	0.00909	0.00289	0.00413	0.02024	0.00661	0.00578
26	0.01033	0.00699	0.00823	0.00823	0.00839	0.00715	0.00489	0.01065	0.01049	0.01415	0.02201	0.04427	0.02487	0.66254	0.12207	0.00747	0.00843	0.01001	0.00425	0.00457
27	0.01780	0.10924	0.02996	0.03976	0.61928	0.01833	0.02064	0.02179	0.01600	0.02245	0.01296	0.01685	0.01101	0.00631	0.00674	0.00204	0.00835	0.00603	0.00346	0.01101
28	0.00954	0.00680	0.00917	0.01076	0.01151	0.00651	0.00793	0.01132	0.01431	0.01893	0.03822	0.53018	0.04461	0.04656	0.01024	0.00314	0.00492	0.20288	0.00652	0.00596
29	0.00897	0.00635	0.00827	0.00959	0.01003	0.00598	0.00633	0.01018	0.01361	0.01824	0.07634	0.61667	0.04563	0.11296	0.01245	0.00336	0.00443	0.01857	0.00640	0.00566
30	0.02687	0.02994	0.01981	0.04053	0.02241	0.58069	0.01353	0.05577	0.02056	0.10536	0.01345	0.01464	0.01036	0.00757	0.00656	0.00191	0.01168	0.00504	0.00444	0.00889
31	0.01502	0.01487	0.02677	0.43957	0.14464	0.01656	0.16416	0.02071	0.04775	0.02053	0.01394	0.01919	0.01064	0.00688	0.00740	0.00234	0.00970	0.00687	0.00351	0.00895
32	0.66608	0.03848	0.01256	0.01056	0.01497	0.09552	0.00861	0.02220	0.01335	0.05035	0.01059	0.01209	0.00822	0.00674	0.00472	0.00214	0.00641	0.00404	0.00442	0.00795
33	0.01023	0.00791	0.00929	0.00956	0.01124	0.00762	0.00703	0.01415	0.08924	0.02158	0.16938	0.22740	0.23333	0.07936	0.01092	0.00295	0.00445	0.07109	0.00671	0.00656
34	0.00850	0.00709	0.00741	0.00760	0.00974	0.00600	0.00560	0.01027	0.01602	0.01937	0.08619	0.15282	0.60202	0.01847	0.00850	0.00246	0.00367	0.01562	0.00665	0.00600
35	0.04724	0.06803	0.04525	0.02020	0.10748	0.06853	0.12160	0.09976	0.12063	0.11806	0.01999	0.07398	0.01614	0.00871	0.00710	0.00221	0.00797	0.00768	0.02931	0.01014
36	0.04734	0.03233	0.57261	0.06295	0.05508	0.01634	0.04771	0.02260	0.01514	0.04461	0.01322	0.01566	0.00941	0.00680	0.00677	0.00226	0.01009	0.00548	0.00330	0.01030
37	0.00865	0.00709	0.00762	0.00776	0.00983	0.00607	0.00572	0.01057	0.01638	0.02023	0.14409	0.15141	0.54358	0.01815	0.00850	0.00245	0.00364	0.01542	0.00676	0.00607
38	0.02413	0.09942	0.02462	0.01924	0.02340	0.53378	0.09707	0.02651	0.01877	0.01802	0.01125	0.01364	0.00938	0.00730	0.00731	0.00194	0.04709	0.00507	0.00357	0.00849
39	0.80005	0.01377	0.01047	0.00936	0.01377	0.01597	0.00771	0.02093	0.01212	0.03195	0.00991	0.01157	0.00771	0.00661	0.00441	0.00220	0.00551	0.00386	0.00441	0.00771
40	0.01327	0.00664	0.00664	0.00664	0.00830	0.00664	0.00498	0.01659	0.01493	0.02655	0.02323	0.02655	0.01825	0.00830	0.00498	0.00166	0.00332	0.00664	0.78928	0.00664
41	0.00842	0.00721	0.00721	0.00721	0.00962	0.00601	0.00541	0.01022	0.01623	0.01924	0.07213	0.06853	0.70244	0.01803	0.00842	0.00240	0.00361	0.01503	0.00661	0.00601
42	0.02707	0.01995	0.02137	0.01638	0.02208	0.02208	0.01353	0.68159	0.03348	0.04488	0.01710	0.01710	0.01211	0.00855	0.00712	0.00214	0.00784	0.00641	0.00712	0.01211
43	0.01771	0.01530	0.01610	0.01449	0.01852	0.01771	0.01127	0.03784	0.69247	0.02979	0.02898	0.02657	0.02174	0.00966	0.00725	0.00242	0.00564	0.00805	0.00725	0.01127
44	0.80005	0.01377	0.01047	0.00936	0.01377	0.01597	0.00771	0.02093	0.01212	0.03195	0.00991	0.01157	0.00771	0.00661	0.00441	0.00220	0.00551	0.00386	0.00441	0.00771
45	0.01762	0.01692	0.02890	0.04371	0.70533	0.01692	0.02185	0.02185	0.01621	0.02326	0.01339	0.01762	0.01128	0.00634	0.00705	0.00211	0.00846	0.00634	0.00352	0.01128
46	0.01428	0.03683	0.71286	0.02030	0.03082	0.01654	0.02631	0.02255	0.01503	0.02255	0.01278	0.01503	0.00902	0.00677	0.00677	0.00226	0.01052	0.00526	0.00301	0.01052
47	0.03195	0.01212	0.01652	0.01267	0.01818	0.01047	0.01047	0.03470	0.02038	0.71026	0.02809	0.02424	0.01763	0.00881	0.00716	0.00220	0.00606	0.00716	0.00881	0.01212
48	0.02660	0.03394	0.02018	0.01834	0.02201	0.72116	0.01376	0.02843	0.02018	0.01743	0.01101	0.01284	0.00917	0.00734	0.00642	0.00183	0.01284	0.00459	0.00367	0.00825
49	0.01008	0.00728	0.00952	0.00896	0.01064	0.00672	0.00672	0.01344	0.02016	0.02855	0.70158	0.05319	0.06719	0.01456	0.00840	0.00224	0.00336	0.01288	0.00784	0.00672
50	0.01017	0.00763	0.01144	0.01144	0.01272	0.00890	0.00890	0.01272	0.01144	0.01653	0.01907	0.02797	0.01780	0.05340	0.72153	0.01144	0.01907	0.00763	0.00381	0.00636
51	0.01432	0.01373	0.01940	0.01701	0.01730	0.01881	0.01403	0.01611	0.01103	0.01700	0.01161	0.01846	0.01131	0.02199	0.18575	0.00505	0.56981	0.00656	0.00328	0.00746
52	0.12703	0.01200	0.01517	0.01189	0.01703	0.01093	0.00979	0.03189	0.01902	0.58430	0.02552	0.02279	0.01642	0.00851	0.00668	0.00217	0.00583	0.00672	0.05507	0.01124
53	0.01448	0.01247	0.01552	0.15331	0.05035	0.01404	0.01195	0.02591	0.33884	0.02565	0.13564	0.07442	0.07525	0.01114	0.00759	0.00239	0.00591	0.00962	0.00631	0.00920
54	0.16999	0.01785	0.01790	0.01435	0.01935	0.06047	0.01168	0.39964	0.02591	0.12198	0.01808	0.05979	0.01387	0.00896	0.00670	0.00218	0.00726	0.00674	0.00659	0.01069
55	0.05108	0.03931	0.02387	0.07225	0.38581	0.01568	0.01690	0.06903	0.01722	0.08606	0.01454	0.01731	0.01146	0.00659	0.00657	0.00194	0.00756	0.00587	0.00437	0.14659

[dist]
# distance from previous block
# <min> <max>
1	2

[block]
# block no. 3 follows, 29 sequences, length 129
# corresponding to MSA columns:
# 313-441
name=unknown_D
#
# <colnr> <probs for GDERKNQSTAVLIFYWHMCP>
#	G	D	E	R	K	N	Q	S	T	A	V	L	I	F	Y	W	H	M	C	P
0	0.55811	0.13179	0.07052	0.01106	0.01625	0.03541	0.01017	0.02200	0.01333	0.06241	0.01108	0.01248	0.00857	0.00667	0.00481	0.00209	0.00644	0.00414	0.00429	0.00839
1	0.05851	0.22496	0.14424	0.06351	0.08660	0.01762	0.03578	0.01960	0.01525	0.04729	0.04341	0.02632	0.11838	0.00923	0.00725	0.00214	0.03868	0.02817	0.00422	0.00886
2	0.01616	0.22648	0.44294	0.01853	0.02700	0.04339	0.05733	0.02220	0.01497	0.02061	0.01189	0.01425	0.00917	0.00681	0.00697	0.00209	0.04116	0.00506	0.00308	0.00991
3	0.00996	0.00725	0.00938	0.00934	0.01038	0.00748	0.00662	0.01170	0.01311	0.01794	0.13482	0.06647	0.10990	0.26167	0.28499	0.00721	0.01043	0.01061	0.00503	0.00571
4	0.03195	0.01212	0.01652	0.01267	0.01818	0.01047	0.01047	0.03470	0.02038	0.71026	0.02809	0.02424	0.01763	0.00881	0.00716	0.00220	0.00606	0.00716	0.00881	0.01212
5	0.00857	0.00722	0.00743	0.00737	0.00971	0.00608	0.00553	0.01052	0.01659	0.02010	0.13025	0.06711	0.64379	0.01771	0.00841	0.00239	0.00358	0.01483	0.00673	0.00608
6	0.01762	0.01692	0.02890	0.04371	0.70533	0.01692	0.02185	0.02185	0.01621	0.02326	0.01339	0.01762	0.01128	0.00634	0.00705	0.00211	0.00846	0.00634	0.00352	0.01128
7	0.00849	0.00722	0.00731	0.00729	0.00966	0.00604	0.00546	0.01035	0.01639	0.01963	0.09844	0.06789	0.67590	0.01789	0.00842	0.00240	0.00360	0.01494	0.00666	0.00604
8	0.01020	0.00754	0.01097	0.01097	0.01208	0.00865	0.00831	0.01241	0.01130	0.01618	0.01950	0.03036	0.01884	0.14251	0.63384	0.01086	0.01752	0.00798	0.00388	0.00610
9	0.01722	0.01650	0.02816	0.11110	0.64113	0.01681	0.02165	0.02150	0.01602	0.02277	0.01332	0.01776	0.01110	0.00642	0.00706	0.00214	0.00856	0.00634	0.00349	0.01095
10	0.01771	0.01530	0.01610	0.01449	0.01852	0.01771	0.01127	0.03784	0.69247	0.02979	0.02898	0.02657	0.02174	0.00966	0.00725	0.00242	0.00564	0.00805	0.00725	0.01127
11	0.02707	0.01995	0.02137	0.01638	0.02208	0.02208	0.01353	0.68159	0.03348	0.04488	0.01710	0.01710	0.01211	0.00855	0.00712	0.00214	0.00784	0.00641	0.00712	0.01211
12	0.00858	0.00722	0.00744	0.00738	0.00972	0.00608	0.00554	0.01053	0.01661	0.02015	0.13371	0.06703	0.64030	0.01769	0.00841	0.00239	0.00358	0.01482	0.00673	0.00608
13	0.00868	0.00620	0.00826	0.00991	0.01033	0.00578	0.00661	0.00991	0.01363	0.01818	0.03925	0.74510	0.04710	0.02231	0.00909	0.00289	0.00413	0.02024	0.00661	0.00578
14	0.01364	0.01027	0.01520	0.04323	0.01706	0.00983	0.09698	0.01858	0.07898	0.09249	0.34299	0.04474	0.16133	0.01272	0.00812	0.00231	0.00528	0.01140	0.00690	0.00796
15	0.01036	0.00690	0.00777	0.00777	0.00777	0.00690	0.00431	0.01036	0.01036	0.01381	0.02244	0.04660	0.02589	0.74975	0.03624	0.00690	0.00690	0.01036	0.00431	0.00431
16	0.01746	0.01675	0.02861	0.07041	0.67989	0.01688	0.02177	0.02171	0.01614	0.02307	0.01337	0.01768	0.01121	0.00637	0.00705	0.00212	0.00850	0.00634	0.00351	0.01115
17	0.01970	0.64333	0.03518	0.01451	0.05617	0.09535	0.01287	0.02205	0.01512	0.01717	0.01020	0.01190	0.00926	0.00623	0.00489	0.00159	0.00817	0.00402	0.00313	0.00917
18	0.01345	0.01266	0.02136	0.73264	0.04904	0.01582	0.01978	0.01819	0.01424	0.01819	0.01266	0.01898	0.00949	0.00712	0.00712	0.00237	0.00949	0.00633	0.00316	0.00791
19	0.01904	0.75404	0.03731	0.01218	0.01828	0.02818	0.01218	0.02132	0.01447	0.01675	0.00990	0.01142	0.00914	0.00609	0.00457	0.00152	0.00761	0.00381	0.00305	0.00914
20	0.01744	0.01674	0.02858	0.07336	0.67708	0.01687	0.02176	0.02170	0.01613	0.02304	0.01336	0.01768	0.01120	0.00638	0.00705	0.00213	0.00850	0.00634	0.00351	0.01113
21	0.01017	0.00763	0.01144	0.01144	0.01272	0.00890	0.00890	0.01272	0.01144	0.01653	0.01907	0.02797	0.01780	0.05340	0.72153	0.01144	0.01907	0.00763	0.00381	0.00636
22	0.00992	0.00727	0.00929	0.00879	0.01054	0.00665	0.00659	0.01312	0.01977	0.02764	0.64000	0.05469	0.12933	0.01490	0.00840	0.00226	0.00338	0.01309	0.00772	0.00665
23	0.05072	0.01826	0.01977	0.01819	0.08733	0.04513	0.01333	0.33718	0.26831	0.03585	0.02054	0.02021	0.01524	0.00862	0.00704	0.00223	0.00720	0.00684	0.00659	0.01143
24	0.80005	0.01377	0.01047	0.00936	0.01377	0.01597	0.00771	0.02093	0.01212	0.03195	0.00991	0.01157	0.00771	0.00661	0.00441	0.00220	0.00551	0.00386	0.00441	0.00771
25	0.03857	0.10629	0.62548	0.01917	0.02908	0.01766	0.02436	0.02238	0.01489	0.02227	0.01241	0.01458	0.00899	0.00669	0.00648	0.00218	0.01009	0.00508	0.00305	0.01030
26	0.01029	0.00717	0.00910	0.00910	0.00956	0.00763	0.00598	0.01121	0.01075	0.01479	0.02122	0.03984	0.02296	0.49724	0.28475	0.00855	0.01132	0.00937	0.00413	0.00506
27	0.01345	0.01266	0.02136	0.73264	0.04904	0.01582	0.01978	0.01819	0.01424	0.01819	0.01266	0.01898	0.00949	0.00712	0.00712	0.00237	0.00949	0.00633	0.00316	0.00791
28	0.01047	0.00686	0.00785	0.00785	0.00785	0.00686	0.00442	0.01030	0.01030	0.01373	0.02189	0.04523	0.02515	0.71015	0.03578	0.04983	0.00686	0.01013	0.00425	0.00425
29	0.01386	0.01307	0.02210	0.66524	0.11324	0.01593	0.01998	0.01855	0.01443	0.01869	0.01273	0.01885	0.00967	0.00704	0.00711	0.00235	0.00939	0.00633	0.00320	0.00824
30	0.01651	0.01716	0.02164	0.04634	0.02018	0.08615	0.01557	0.01822	0.01189	0.01720	0.00963	0.01546	0.00934	0.01178	0.02117	0.00297	0.64170	0.00608	0.00317	0.00784
31	0.72277	0.01314	0.01037	0.00932	0.01346	0.01507	0.00761	0.02020	0.01290	0.03162	0.07758	0.01564	0.01353	0.00739	0.00480	0.00221	0.00530	0.00474	0.00474	0.00761
32	0.01070	0.00841	0.01246	0.01215	0.01330	0.01016	0.00955	0.01315	0.01139	0.01659	0.01812	0.02676	0.01697	0.04940	0.65324	0.01063	0.08928	0.00749	0.00375	0.00650
33	0.01609	0.00935	0.00964	0.00863	0.01111	0.00979	0.00672	0.15234	0.01872	0.03029	0.02198	0.02462	0.01700	0.00835	0.00542	0.00176	0.00424	0.00659	0.62961	0.00775
34	0.01432	0.01339	0.02250	0.44075	0.25597	0.01519	0.01915	0.01856	0.01481	0.01982	0.01549	0.08958	0.01374	0.00836	0.00729	0.00234	0.00864	0.00769	0.00362	0.00878
35	0.01876	0.01696	0.02279	0.01869	0.02063	0.02168	0.05129	0.19768	0.01735	0.02497	0.01173	0.01619	0.01018	0.01105	0.01814	0.00281	0.49942	0.00640	0.00423	0.00906
36	0.02660	0.03394	0.02018	0.01834	0.02201	0.72116	0.01376	0.02843	0.02018	0.01743	0.01101	0.01284	0.00917	0.00734	0.00642	0.00183	0.01284	0.00459	0.00367	0.00825
37	0.01477	0.01266	0.01477	0.01055	0.01687	0.00949	0.00844	0.01793	0.01477	0.02320	0.01266	0.01477	0.01055	0.00527	0.00527	0.00105	0.00527	0.00422	0.00422	0.79328
38	0.01345	0.01266	0.02136	0.73264	0.04904	0.01582	0.01978	0.01819	0.01424	0.01819	0.01266	0.01898	0.00949	0.00712	0.00712	0.00237	0.00949	0.00633	0.00316	0.00791
39	0.01762	0.01692	0.02890	0.04371	0.70533	0.01692	0.02185	0.02185	0.01621	0.02326	0.01339	0.01762	0.01128	0.00634	0.00705	0.00211	0.00846	0.00634	0.00352	0.01128
40	0.01147	0.00820	0.01147	0.01311	0.01475	0.00820	0.01147	0.01475	0.01639	0.02131	0.03770	0.08032	0.04098	0.01967	0.00984	0.00328	0.00656	0.65741	0.00656	0.00656
41	0.01008	0.00728	0.00952	0.00896	0.01064	0.00672	0.00672	0.01344	0.02016	0.02855	0.70158	0.05319	0.06719	0.01456	0.00840	0.00224	0.00336	0.01288	0.00784	0.00672
42	0.05708	0.01350	0.02243	0.57853	0.13474	0.01605	0.04026	0.01898	0.01447	0.01977	0.01266	0.01840	0.00968	0.00695	0.00700	0.00233	0.00922	0.00626	0.00329	0.00840
43	0.01647	0.01409	0.01499	0.01376	0.01737	0.01609	0.01059	0.03404	0.59985	0.02824	0.03166	0.09848	0.05060	0.01122	0.00747	0.00246	0.00541	0.00951	0.00716	0.01053
44	0.01237	0.00618	0.00928	0.00928	0.00928	0.00618	0.00618	0.00928	0.00928	0.01237	0.01237	0.02165	0.01237	0.02474	0.02783	0.79283	0.00618	0.00618	0.00309	0.00309
45	0.03195	0.01212	0.01652	0.01267	0.01818	0.01047	0.01047	0.03470	0.02038	0.71026	0.02809	0.02424	0.01763	0.00881	0.00716	0.00220	0.00606	0.00716	0.00881	0.01212
46	0.01461	0.03488	0.64595	0.02259	0.09680	0.01657	0.02587	0.02248	0.01515	0.02262	0.01284	0.01529	0.00924	0.00672	0.00679	0.00224	0.01032	0.00537	0.00306	0.01060
47	0.01762	0.01692	0.02890	0.04371	0.70533	0.01692	0.02185	0.02185	0.01621	0.02326	0.01339	0.01762	0.01128	0.00634	0.00705	0.00211	0.00846	0.00634	0.00352	0.01128
48	0.01428	0.03683	0.71286	0.02030	0.03082	0.01654	0.02631	0.02255	0.01503	0.02255	0.01278	0.01503	0.00902	0.00677	0.00677	0.00226	0.01052	0.00526	0.00301	0.01052
49	0.01118	0.00797	0.01080	0.01209	0.01355	0.00790	0.01019	0.01401	0.01580	0.02062	0.06523	0.07460	0.06054	0.11037	0.01302	0.00366	0.00637	0.52950	0.00633	0.00627
50	0.01399	0.08518	0.02292	0.66216	0.04603	0.01703	0.01903	0.01850	0.01426	0.01805	0.01239	0.01824	0.00946	0.00702	0.00687	0.00229	0.00931	0.00608	0.00315	0.00803
51	0.02660	0.03394	0.02018	0.01834	0.02201	0.72116	0.01376	0.02843	0.02018	0.01743	0.01101	0.01284	0.00917	0.00734	0.00642	0.00183	0.01284	0.00459	0.00367	0.00825
52	0.00890	0.00641	0.00873	0.01014	0.01068	0.00624	0.00695	0.01033	0.01331	0.01793	0.03628	0.63955	0.04278	0.02689	0.11395	0.00415	0.00633	0.01839	0.00620	0.00587
53	0.01362	0.01269	0.01305	0.01203	0.01439	0.12053	0.04480	0.01807	0.08559	0.02392	0.28047	0.16473	0.09350	0.01373	0.00789	0.00230	0.00570	0.01194	0.05368	0.00735
54	0.01345	0.01266	0.02136	0.73264	0.04904	0.01582	0.01978	0.01819	0.01424	0.01819	0.01266	0.01898	0.00949	0.00712	0.00712	0.00237	0.00949	0.00633	0.00316	0.00791
55	0.00990	0.00712	0.00964	0.01121	0.01225	0.00686	0.00871	0.01206	0.01496	0.01961	0.03997	0.42256	0.07241	0.02096	0.00939	0.00304	0.00518	0.30145	0.00659	0.00613
56	0.01522	0.01470	0.02067	0.09462	0.08972	0.07109	0.08010	0.03791	0.01439	0.01941	0.01621	0.02651	0.01526	0.05455	0.14781	0.00451	0.19497	0.07051	0.00390	0.00793
57	0.02111	0.02463	0.09475	0.02429	0.11401	0.21615	0.19221	0.12979	0.06708	0.02531	0.01460	0.01698	0.01120	0.00715	0.00723	0.00215	0.01054	0.00642	0.00436	0.01004
58	0.17386	0.01596	0.03630	0.01431	0.05510	0.10679	0.01110	0.02898	0.01804	0.38554	0.02079	0.01984	0.01407	0.00797	0.00638	0.00211	0.00694	0.00606	0.05955	0.01031
59	0.50214	0.13915	0.03952	0.01374	0.05834	0.08409	0.03188	0.02186	0.01375	0.02697	0.01046	0.01238	0.00844	0.00656	0.00498	0.00206	0.00708	0.00425	0.00399	0.00836
60	0.00914	0.00684	0.00849	0.00893	0.01028	0.00619	0.00637	0.01131	0.01668	0.02231	0.29499	0.32908	0.20652	0.01841	0.00867	0.00253	0.00372	0.01628	0.00707	0.00619
61	0.01765	0.01846	0.01764	0.11174	0.06303	0.20570	0.01237	0.02153	0.05580	0.02078	0.01719	0.04173	0.04964	0.00786	0.00690	0.00178	0.03016	0.00611	0.00424	0.28968
62	0.01795	0.00930	0.01213	0.01036	0.01343	0.00850	0.00813	0.04473	0.02052	0.25168	0.43229	0.04146	0.04724	0.01224	0.00782	0.00220	0.00440	0.01055	0.03641	0.00867
63	0.01477	0.01266	0.01477	0.01055	0.01687	0.00949	0.00844	0.01793	0.01477	0.02320	0.01266	0.01477	0.01055	0.00527	0.00527	0.00105	0.00527	0.00422	0.00422	0.79328
64	0.01558	0.02604	0.35357	0.09837	0.26392	0.01671	0.05938	0.02235	0.03532	0.02260	0.01354	0.01687	0.01031	0.00670	0.00700	0.00223	0.00965	0.00599	0.00336	0.01050
65	0.01534	0.01264	0.01482	0.01062	0.01692	0.00952	0.00851	0.01849	0.01495	0.04635	0.01318	0.01508	0.01079	0.00539	0.00534	0.00109	0.00530	0.00432	0.00437	0.76696
66	0.00888	0.00758	0.00827	0.00898	0.03963	0.00649	0.00622	0.01081	0.01622	0.01965	0.08802	0.10036	0.61899	0.01764	0.00839	0.00241	0.00383	0.01485	0.00652	0.00625
67	0.00971	0.00752	0.01036	0.01308	0.07853	0.00707	0.00828	0.01146	0.01443	0.01904	0.04105	0.53605	0.13168	0.01998	0.00885	0.00278	0.00465	0.06275	0.00630	0.00641
68	0.01047	0.00754	0.00954	0.01055	0.01148	0.00738	0.00729	0.07562	0.01557	0.02079	0.03708	0.67389	0.04367	0.02096	0.00890	0.00282	0.00449	0.01889	0.00666	0.00640
69	0.01538	0.01532	0.02242	0.52794	0.13120	0.08475	0.03947	0.01977	0.01518	0.01919	0.01297	0.01844	0.01001	0.00704	0.00702	0.00227	0.00957	0.00623	0.02743	0.00840
70	0.10205	0.09071	0.02144	0.01507	0.02052	0.02156	0.01261	0.53050	0.02888	0.04000	0.01638	0.03902	0.01249	0.00855	0.00667	0.00211	0.00747	0.00634	0.00644	0.01118
71	0.01618	0.01658	0.02172	0.01868	0.01888	0.06001	0.01548	0.01775	0.01141	0.01715	0.00944	0.01543	0.00934	0.01218	0.02244	0.00305	0.69718	0.00614	0.00315	0.00781
72	0.00992	0.00727	0.00929	0.00879	0.01054	0.00665	0.00659	0.01312	0.01977	0.02764	0.64000	0.05469	0.12933	0.01490	0.00840	0.00226	0.00338	0.01309	0.00772	0.00665
73	0.00881	0.00630	0.00839	0.00982	0.01036	0.00588	0.00662	0.01026	0.01427	0.01919	0.10404	0.67742	0.04906	0.02155	0.00902	0.00283	0.00406	0.01952	0.00673	0.00588
74	0.00935	0.00680	0.00881	0.00925	0.01043	0.00626	0.00658	0.01167	0.01703	0.02337	0.36796	0.35608	0.10355	0.01819	0.00870	0.00254	0.00371	0.01624	0.00722	0.00626
75	0.01147	0.00820	0.01147	0.01311	0.01475	0.00820	0.01147	0.01475	0.01639	0.02131	0.03770	0.08032	0.04098	0.01967	0.00984	0.00328	0.00656	0.65741	0.00656	0.00656
76	0.12493	0.18542	0.16644	0.12116	0.04669	0.01941	0.01577	0.04456	0.16416	0.02419	0.01544	0.01701	0.01190	0.00732	0.00612	0.00213	0.00780	0.00558	0.00431	0.00968
77	0.01036	0.00690	0.00777	0.00777	0.00777	0.00690	0.00431	0.01036	0.01036	0.01381	0.02244	0.04660	0.02589	0.74975	0.03624	0.00690	0.00690	0.01036	0.00431	0.00431
78	0.01044	0.00837	0.01127	0.01047	0.01296	0.00759	0.07231	0.01306	0.01591	0.02089	0.05143	0.11293	0.38122	0.01601	0.00818	0.00247	0.00488	0.11158	0.12151	0.00652
79	0.80005	0.01377	0.01047	0.00936	0.01377	0.01597	0.00771	0.02093	0.01212	0.03195	0.00991	0.01157	0.00771	0.00661	0.00441	0.00220	0.00551	0.00386	0.00441	0.00771
80	0.01621	0.06277	0.09981	0.07317	0.14776	0.01658	0.01528	0.08063	0.17608	0.02491	0.04494	0.09345	0.04743	0.01015	0.00833	0.00235	0.05686	0.00840	0.00515	0.00973
81	0.04469	0.34847	0.09228	0.01755	0.06631	0.23312	0.03870	0.04754	0.01705	0.01961	0.01115	0.01308	0.00940	0.00664	0.00571	0.00180	0.00961	0.00460	0.00347	0.00922
82	0.80005	0.01377	0.01047	0.00936	0.01377	0.01597	0.00771	0.02093	0.01212	0.03195	0.00991	0.01157	0.00771	0.00661	0.00441	0.00220	0.00551	0.00386	0.00441	0.00771
83	0.01224	0.00627	0.00941	0.00941	0.00948	0.00635	0.00635	0.00948	0.00941	0.01262	0.01277	0.02203	0.01270	0.02647	0.06964	0.74573	0.00696	0.00627	0.00314	0.00329
84	0.01768	0.01256	0.01506	0.01091	0.01710	0.00966	0.00878	0.02078	0.01572	0.13990	0.01528	0.01637	0.01175	0.00587	0.00559	0.00125	0.00541	0.00472	0.00500	0.66060
85	0.03012	0.01505	0.01834	0.01406	0.01964	0.01482	0.01162	0.27713	0.02529	0.46091	0.02397	0.02156	0.01556	0.00871	0.00715	0.00218	0.00672	0.00688	0.00818	0.01211
86	0.01500	0.01320	0.01686	0.01304	0.04762	0.01028	0.04567	0.01837	0.01494	0.02318	0.01278	0.01513	0.01059	0.00536	0.00552	0.00117	0.00578	0.00454	0.00416	0.71681
87	0.01710	0.01632	0.02777	0.06722	0.65254	0.01641	0.02114	0.02122	0.01603	0.02287	0.01445	0.04807	0.01271	0.00704	0.00714	0.00216	0.00832	0.00692	0.00364	0.01093
88	0.00868	0.00620	0.00826	0.00991	0.01033	0.00578	0.00661	0.00991	0.01363	0.01818	0.03925	0.74510	0.04710	0.02231	0.00909	0.00289	0.00413	0.02024	0.00661	0.00578
89	0.01762	0.01692	0.02890	0.04371	0.70533	0.01692	0.02185	0.02185	0.01621	0.02326	0.01339	0.01762	0.01128	0.00634	0.00705	0.00211	0.00846	0.00634	0.00352	0.01128
90	0.01904	0.75404	0.03731	0.01218	0.01828	0.02818	0.01218	0.02132	0.01447	0.01675	0.00990	0.01142	0.00914	0.00609	0.00457	0.00152	0.00761	0.00381	0.00305	0.00914
91	0.01510	0.00840	0.01107	0.00977	0.01235	0.00757	0.00755	0.01827	0.02009	0.18630	0.52637	0.04694	0.07495	0.01333	0.00811	0.00224	0.00399	0.01162	0.00803	0.00795
92	0.01453	0.12322	0.32946	0.01531	0.02186	0.06611	0.01683	0.01967	0.01635	0.02245	0.16550	0.07383	0.02458	0.00943	0.00688	0.00210	0.00799	0.00768	0.00444	0.05176
93	0.00863	0.00638	0.00808	0.00943	0.01020	0.00582	0.00640	0.00997	0.01410	0.01837	0.04510	0.62460	0.16382	0.02155	0.00897	0.00281	0.00404	0.01931	0.00661	0.00582
94	0.02276	0.02051	0.04841	0.01697	0.04577	0.10910	0.01349	0.33196	0.22674	0.03460	0.04262	0.02053	0.01631	0.00877	0.00710	0.00219	0.00780	0.00684	0.00644	0.01109
95	0.04817	0.09057	0.06637	0.01760	0.02325	0.04194	0.13862	0.13399	0.23055	0.10520	0.02011	0.02024	0.01476	0.00799	0.00702	0.00222	0.00796	0.00691	0.00583	0.01071
96	0.02695	0.01874	0.02048	0.01576	0.02130	0.02041	0.01300	0.59498	0.03173	0.10940	0.04207	0.01905	0.01457	0.00878	0.00717	0.00215	0.00751	0.00671	0.00731	0.01192
97	0.01772	0.01724	0.05582	0.08157	0.52523	0.01671	0.04268	0.02363	0.07865	0.04842	0.01533	0.01872	0.01225	0.00679	0.00711	0.00218	0.00838	0.00655	0.00402	0.01101
98	0.02704	0.01312	0.01665	0.01273	0.01824	0.01183	0.01044	0.12086	0.02075	0.45585	0.02321	0.02158	0.01551	0.01000	0.03733	0.00237	0.00671	0.00651	0.00748	0.16179
99	0.01336	0.01202	0.01985	0.64935	0.04460	0.01482	0.01832	0.01794	0.01437	0.01895	0.01443	0.02194	0.01138	0.00770	0.00706	0.00235	0.00891	0.03159	0.06328	0.00776
100	0.01596	0.02419	0.30457	0.02441	0.18179	0.01625	0.06943	0.06315	0.10895	0.02467	0.01794	0.08448	0.01508	0.00854	0.00725	0.00231	0.00875	0.00757	0.00433	0.01039
101	0.00871	0.00633	0.00822	0.00963	0.01028	0.00584	0.00651	0.01009	0.01414	0.01871	0.06991	0.65475	0.10745	0.02160	0.00900	0.00282	0.00405	0.01946	0.00666	0.00584
102	0.01017	0.00763	0.01144	0.01144	0.01272	0.00890	0.00890	0.01272	0.01144	0.01653	0.01907	0.02797	0.01780	0.05340	0.72153	0.01144	0.01907	0.00763	0.00381	0.00636
103	0.01363	0.01277	0.02113	0.70194	0.04774	0.01590	0.01941	0.01903	0.04323	0.01869	0.01335	0.01931	0.01002	0.00723	0.00712	0.00237	0.00933	0.00640	0.00334	0.00805
104	0.01713	0.37314	0.37096	0.01622	0.02448	0.02180	0.01912	0.02240	0.01495	0.04384	0.01196	0.01366	0.00938	0.00652	0.00575	0.00191	0.00900	0.00464	0.00323	0.00993
105	0.01397	0.00708	0.00745	0.00717	0.00917	0.00684	0.00545	0.01710	0.01559	0.07209	0.04973	0.03128	0.08572	0.00947	0.00556	0.00179	0.00353	0.00768	0.63639	0.00695
106	0.00940	0.00725	0.00858	0.00824	0.01022	0.00643	0.00618	0.01212	0.01855	0.02474	0.44409	0.05946	0.32705	0.01598	0.00841	0.00231	0.00346	0.01376	0.00734	0.00643
107	0.01228	0.01794	0.23833	0.01453	0.04750	0.01125	0.01402	0.01859	0.07934	0.02537	0.31294	0.06779	0.08759	0.01183	0.00774	0.00230	0.00616	0.01017	0.00589	0.00847
108	0.01034	0.00795	0.00977	0.01067	0.01251	0.00761	0.00862	0.01376	0.05477	0.02059	0.04920	0.17911	0.26659	0.01896	0.00908	0.00287	0.00511	0.29933	0.00662	0.00652
109	0.01116	0.00803	0.01106	0.01249	0.01412	0.00793	0.01075	0.01430	0.01651	0.02154	0.07925	0.10223	0.07125	0.01939	0.00966	0.00316	0.00615	0.56785	0.00664	0.00652
110	0.01237	0.00618	0.00928	0.00928	0.00928	0.00618	0.00618	0.00928	0.00928	0.01237	0.01237	0.02165	0.01237	0.02474	0.02783	0.79283	0.00618	0.00618	0.00309	0.00309
111	0.01775	0.01526	0.02563	0.23970	0.39559	0.01605	0.04789	0.02262	0.03968	0.08809	0.01518	0.01904	0.01171	0.00691	0.00715	0.00222	0.00858	0.00657	0.00406	0.01031
112	0.01042	0.00762	0.01015	0.01155	0.01304	0.00735	0.00953	0.01304	0.01577	0.02033	0.04310	0.22217	0.13966	0.02000	0.00947	0.00307	0.00560	0.42524	0.00658	0.00631
113	0.01021	0.00749	0.01074	0.01074	0.01176	0.00852	0.00802	0.01226	0.01123	0.01601	0.01972	0.03156	0.01936	0.18752	0.58954	0.01057	0.01673	0.00815	0.00391	0.00596
114	0.02616	0.03219	0.02033	0.01822	0.02188	0.64316	0.01382	0.07290	0.02070	0.01930	0.01135	0.01325	0.00938	0.00764	0.00719	0.00191	0.04344	0.00478	0.00388	0.00850
115	0.01502	0.01421	0.02383	0.12391	0.35042	0.01432	0.08989	0.03799	0.01651	0.02240	0.04595	0.06718	0.12848	0.00953	0.00759	0.00228	0.00778	0.00896	0.00440	0.00936
116	0.01358	0.00716	0.00734	0.00713	0.00894	0.00720	0.00539	0.04052	0.01592	0.02733	0.06389	0.02781	0.02098	0.00868	0.00526	0.00171	0.00348	0.00700	0.71382	0.00684
117	0.01686	0.01640	0.02662	0.17986	0.50391	0.03537	0.02075	0.02093	0.01552	0.02163	0.01288	0.01762	0.01072	0.00699	0.00827	0.00223	0.06344	0.00629	0.00343	0.01026
118	0.00868	0.00620	0.00826	0.00991	0.01033	0.00578	0.00661	0.00991	0.01363	0.01818	0.03925	0.74510	0.04710	0.02231	0.00909	0.00289	0.00413	0.02024	0.00661	0.00578
119	0.01001	0.00728	0.00942	0.00888	0.01059	0.00669	0.00666	0.01330	0.01999	0.02815	0.67448	0.05385	0.09453	0.01471	0.00840	0.00225	0.00337	0.01297	0.00779	0.00669
120	0.01558	0.01558	0.02181	0.01869	0.01869	0.02181	0.01558	0.01714	0.01091	0.01714	0.00935	0.01558	0.00935	0.01246	0.02337	0.00312	0.73672	0.00623	0.00312	0.00779
121	0.10600	0.01228	0.01594	0.01235	0.01775	0.01100	0.01020	0.03337	0.01958	0.64487	0.02634	0.02301	0.01667	0.00860	0.00690	0.00220	0.00601	0.00684	0.00839	0.01169
122	0.01904	0.75404	0.03731	0.01218	0.01828	0.02818	0.01218	0.02132	0.01447	0.01675	0.00990	0.01142	0.00914	0.00609	0.00457	0.00152	0.00761	0.00381	0.00305	0.00914
123	0.00873	0.00622	0.00825	0.00984	0.01024	0.00582	0.00654	0.00993	0.01353	0.01803	0.03870	0.72231	0.04640	0.04605	0.00997	0.00302	0.00422	0.01992	0.00654	0.00574
124	0.02707	0.01995	0.02137	0.01638	0.02208	0.02208	0.01353	0.68159	0.03348	0.04488	0.01710	0.01710	0.01211	0.00855	0.00712	0.00214	0.00784	0.00641	0.00712	0.01211
125	0.01428	0.03683	0.71286	0.02030	0.03082	0.01654	0.02631	0.02255	0.01503	0.02255	0.01278	0.01503	0.00902	0.00677	0.00677	0.00226	0.01052	0.00526	0.00301	0.01052
126	0.01028	0.00719	0.00922	0.00922	0.00972	0.00769	0.00613	0.01129	0.01078	0.01488	0.02111	0.03925	0.02270	0.47486	0.30677	0.00870	0.01171	0.00928	0.00412	0.00512
127	0.02660	0.03394	0.02018	0.01834	0.02201	0.72116	0.01376	0.02843	0.02018	0.01743	0.01101	0.01284	0.00917	0.00734	0.00642	0.00183	0.01284	0.00459	0.00367	0.00825
128	0.00939	0.00723	0.00875	0.00967	0.01132	0.00660	0.00752	0.01148	0.01559	0.01957	0.05325	0.25167	0.33337	0.01965	0.00901	0.00279	0.00462	0.20583	0.00660	0.00611

[dist]
# distance from previous block
# <min> <max>
3	55

[block]
# block no. 4 follows, 29 sequences, length 32
# corresponding to MSA columns:
# 498-529
name=unknown_E
#
# <colnr> <probs for GDERKNQSTAVLIFYWHMCP>
#	G	D	E	R	K	N	Q	S	T	A	V	L	I	F	Y	W	H	M	C	P
0	0.02137	0.18616	0.16688	0.02044	0.10817	0.29021	0.01698	0.07157	0.01835	0.02102	0.01186	0.01389	0.00961	0.00692	0.00622	0.00191	0.01034	0.00491	0.00363	0.00956
1	0.56105	0.07049	0.07658	0.01373	0.06773	0.06736	0.01116	0.02171	0.01343	0.02834	0.01050	0.01241	0.00830	0.00662	0.00497	0.00213	0.00685	0.00421	0.00407	0.00837
2	0.02055	0.02159	0.09789	0.04852	0.06497	0.06909	0.26015	0.24915	0.02247	0.02980	0.01551	0.01936	0.01184	0.00752	0.00759	0.00227	0.01005	0.02648	0.00483	0.01040
3	0.00969	0.00689	0.00850	0.00908	0.01047	0.00619	0.00643	0.01154	0.01582	0.04484	0.17242	0.40223	0.23137	0.01919	0.00870	0.00261	0.00391	0.01695	0.00692	0.00625
4	0.01027	0.00727	0.00943	0.00910	0.01061	0.00712	0.00678	0.01314	0.01714	0.02448	0.43413	0.04659	0.08502	0.07449	0.15067	0.00435	0.00672	0.01131	0.06497	0.00643
5	0.01057	0.00748	0.00861	0.00835	0.01058	0.00650	0.00625	0.01281	0.01732	0.07103	0.23516	0.12959	0.41621	0.01687	0.00839	0.00239	0.00377	0.01441	0.00710	0.00662
6	0.00842	0.00721	0.00721	0.00721	0.00962	0.00601	0.00541	0.01022	0.01623	0.01924	0.07213	0.06853	0.70244	0.01803	0.00842	0.00240	0.00361	0.01503	0.00661	0.00601
7	0.01904	0.75404	0.03731	0.01218	0.01828	0.02818	0.01218	0.02132	0.01447	0.01675	0.00990	0.01142	0.00914	0.00609	0.00457	0.00152	0.00761	0.00381	0.00305	0.00914
8	0.01010	0.00725	0.00939	0.00887	0.01043	0.00673	0.00655	0.01322	0.01946	0.02750	0.65303	0.05272	0.06424	0.06711	0.01039	0.00257	0.00361	0.01270	0.00759	0.00655
