[name]
unknown

[dist]
# distance from previous block
# <min> <max>
0	18

[block]
# block no. 0 follows, 35 sequences, length 54
# corresponding to MSA columns:
# 18-71
name=unknown_A
#
# <colnr> <probs for GDERKNQSTAVLIFYWHMCP>
#	G	D	E	R	K	N	Q	S	T	A	V	L	I	F	Y	W	H	M	C	P
0	0.03174	0.00853	0.01104	0.01093	0.01296	0.00873	0.00896	0.09084	0.01578	0.08516	0.09147	0.11322	0.03044	0.04366	0.11372	0.00372	0.00703	0.29964	0.00573	0.00671
1	0.01833	0.01685	0.01663	0.03547	0.09516	0.20160	0.01168	0.14921	0.06451	0.07006	0.06761	0.01930	0.01523	0.01459	0.13477	0.00333	0.04677	0.00603	0.00460	0.00827
2	0.01509	0.01459	0.02531	0.15068	0.59341	0.01497	0.05492	0.01901	0.01420	0.02000	0.01188	0.01596	0.00978	0.00574	0.00635	0.00193	0.00784	0.00574	0.00309	0.00951
3	0.00951	0.00758	0.01226	0.01145	0.01298	0.00855	0.06154	0.01201	0.01056	0.01515	0.01668	0.02433	0.01539	0.04437	0.69542	0.00958	0.01651	0.00685	0.00338	0.00588
4	0.01466	0.01070	0.01235	0.01202	0.05221	0.04319	0.00861	0.13081	0.08194	0.09600	0.21247	0.20771	0.06642	0.01230	0.00710	0.00211	0.00487	0.01065	0.00623	0.00767
5	0.01668	0.18591	0.18957	0.02230	0.18979	0.15385	0.11612	0.02072	0.01461	0.01832	0.01088	0.01341	0.00878	0.00581	0.00582	0.00179	0.00896	0.00492	0.00298	0.00878
6	0.00772	0.00555	0.00733	0.00875	0.00918	0.00516	0.00585	0.00884	0.01222	0.01623	0.03594	0.74915	0.06509	0.01975	0.00808	0.00256	0.00366	0.01788	0.00589	0.00516
7	0.01613	0.00870	0.01084	0.00957	0.01261	0.00796	0.00771	0.04242	0.04462	0.26667	0.15998	0.04362	0.22895	0.01235	0.00720	0.00215	0.00446	0.09953	0.00678	0.00775
8	0.01766	0.02060	0.09019	0.02840	0.36502	0.19945	0.10561	0.02180	0.03565	0.03762	0.01219	0.01498	0.00975	0.00601	0.00628	0.00187	0.00896	0.00547	0.00335	0.00914
9	0.01252	0.00853	0.01160	0.02755	0.01318	0.03112	0.05326	0.01529	0.03102	0.12681	0.30686	0.26885	0.04074	0.01346	0.00741	0.00218	0.00450	0.01208	0.00629	0.00675
10	0.24999	0.01504	0.04486	0.01491	0.06875	0.02959	0.06939	0.13309	0.17843	0.09402	0.01594	0.01633	0.01173	0.00689	0.00571	0.00198	0.00627	0.00548	0.00507	0.02653
11	0.01728	0.01437	0.01519	0.01321	0.01707	0.01648	0.01040	0.15645	0.60084	0.02895	0.02392	0.02215	0.01782	0.00843	0.00644	0.00211	0.00537	0.00691	0.00644	0.01018
12	0.01864	0.02343	0.14837	0.01796	0.06799	0.26670	0.08971	0.11429	0.05594	0.02165	0.01231	0.01405	0.00953	0.00629	0.00600	0.00175	0.00898	0.00500	0.00379	0.10764
13	0.00906	0.00680	0.01020	0.01020	0.01133	0.00793	0.00793	0.01133	0.01020	0.01473	0.01699	0.02492	0.01586	0.04758	0.75191	0.01020	0.01699	0.00680	0.00340	0.00566
14	0.02716	0.01372	0.01591	0.01238	0.01721	0.06428	0.01014	0.18190	0.02072	0.53532	0.02178	0.01947	0.01408	0.00771	0.00633	0.00193	0.00618	0.00607	0.00719	0.01055
15	0.01338	0.01512	0.09523	0.31025	0.19595	0.03836	0.06870	0.01811	0.04343	0.01853	0.01625	0.02145	0.05428	0.00738	0.00688	0.00209	0.02567	0.03747	0.00340	0.00807
16	0.01271	0.01206	0.02017	0.59680	0.15799	0.01457	0.01771	0.01670	0.01280	0.01691	0.01121	0.01653	0.00871	0.00651	0.00719	0.00212	0.05325	0.00564	0.00287	0.00754
17	0.01003	0.00724	0.00995	0.01131	0.01282	0.00716	0.00984	0.01286	0.01459	0.01885	0.03577	0.07081	0.08606	0.01742	0.00867	0.00287	0.00566	0.64643	0.00585	0.00581
18	0.02203	0.02648	0.01968	0.01822	0.06724	0.56461	0.06428	0.07341	0.03336	0.01821	0.01147	0.02996	0.00959	0.00682	0.00600	0.00174	0.01050	0.00494	0.00360	0.00787
19	0.01170	0.01086	0.01813	0.39084	0.06684	0.01291	0.06734	0.01502	0.01213	0.01634	0.01435	0.08725	0.01312	0.03097	0.12352	0.00355	0.08788	0.00716	0.00325	0.00685
20	0.00773	0.00552	0.00736	0.00883	0.00920	0.00515	0.00589	0.00883	0.01215	0.01619	0.03497	0.77291	0.04196	0.01987	0.00810	0.00258	0.00368	0.01803	0.00589	0.00515
21	0.02174	0.01645	0.01965	0.11421	0.10045	0.01818	0.01351	0.53183	0.02563	0.05332	0.01462	0.01567	0.01054	0.00724	0.00634	0.00193	0.00719	0.00571	0.00558	0.01022
22	0.02245	0.02822	0.01809	0.09553	0.02217	0.67324	0.01283	0.02436	0.01742	0.01560	0.00996	0.01202	0.00820	0.00652	0.00579	0.00169	0.01112	0.00425	0.00322	0.00732
23	0.01253	0.01164	0.01928	0.70913	0.06919	0.01432	0.01750	0.04000	0.01333	0.01718	0.01143	0.01681	0.00860	0.00636	0.00634	0.00210	0.00837	0.00564	0.00295	0.00729
24	0.00751	0.00639	0.00646	0.00652	0.00859	0.00535	0.00486	0.00909	0.01437	0.01710	0.06315	0.08805	0.70862	0.01621	0.00752	0.00216	0.00323	0.01356	0.00589	0.00535
25	0.00923	0.00615	0.00692	0.00692	0.00692	0.00615	0.00384	0.00923	0.00923	0.01230	0.01999	0.04151	0.02306	0.77705	0.03229	0.00615	0.00615	0.00923	0.00384	0.00384
26	0.79512	0.01231	0.00949	0.00849	0.01241	0.01428	0.00698	0.01915	0.03452	0.02840	0.00940	0.01075	0.00728	0.00598	0.00401	0.00197	0.00491	0.00356	0.00401	0.00698
27	0.01348	0.16691	0.61674	0.01679	0.02545	0.01659	0.02118	0.01989	0.01330	0.01916	0.01092	0.01282	0.00805	0.00592	0.00568	0.00189	0.00891	0.00446	0.00268	0.00915
28	0.01014	0.00694	0.00901	0.00834	0.01019	0.00624	0.00626	0.01289	0.01700	0.06094	0.57065	0.12221	0.05207	0.01287	0.00729	0.00198	0.00331	0.01137	0.00668	0.06360
29	0.01775	0.00980	0.01212	0.01049	0.01369	0.00962	0.00821	0.02413	0.19770	0.28918	0.20907	0.09935	0.04987	0.01069	0.00687	0.00208	0.00447	0.00916	0.00704	0.00870
30	0.01213	0.01126	0.01786	0.64274	0.03895	0.01380	0.01613	0.01765	0.08721	0.01734	0.01566	0.02001	0.04895	0.00711	0.00642	0.00212	0.00781	0.00622	0.00336	0.00727
31	0.01449	0.08140	0.01675	0.01285	0.06721	0.03252	0.02540	0.02008	0.14326	0.02108	0.01375	0.01503	0.01112	0.00561	0.00517	0.00131	0.00547	0.00458	0.00409	0.49886
32	0.01627	0.01384	0.01510	0.06620	0.01872	0.01601	0.01076	0.09471	0.61192	0.02703	0.02382	0.02242	0.01781	0.00836	0.00644	0.00213	0.00544	0.00693	0.00619	0.00990
33	0.02201	0.04085	0.01966	0.04048	0.02105	0.44024	0.06200	0.17698	0.07666	0.02213	0.01252	0.01380	0.00975	0.00682	0.00603	0.00178	0.00970	0.00497	0.00417	0.00842
34	0.01855	0.05677	0.06137	0.04501	0.05615	0.05570	0.10888	0.24191	0.01921	0.09871	0.01764	0.04843	0.03960	0.07779	0.00877	0.00231	0.00741	0.00678	0.00488	0.02412
35	0.01550	0.01603	0.07504	0.05798	0.44700	0.01478	0.07304	0.05606	0.06901	0.02190	0.01310	0.01604	0.01050	0.00592	0.00623	0.00186	0.00748	0.00568	0.00357	0.08328
36	0.02285	0.01681	0.01823	0.01433	0.01908	0.01855	0.01189	0.65221	0.02844	0.03807	0.01690	0.02037	0.01313	0.00852	0.00657	0.00200	0.00688	0.06854	0.00630	0.01034
37	0.01005	0.00732	0.01036	0.04988	0.01424	0.00741	0.01007	0.01287	0.01439	0.01880	0.05528	0.13192	0.03632	0.01702	0.00854	0.00282	0.00569	0.57547	0.00573	0.00585
38	0.01533	0.01470	0.02508	0.11081	0.66850	0.01498	0.01929	0.01915	0.01427	0.02028	0.01187	0.01582	0.00989	0.00572	0.00629	0.00191	0.00763	0.00565	0.00311	0.00975
39	0.00884	0.00648	0.00829	0.00784	0.00939	0.00593	0.00588	0.01171	0.01764	0.02468	0.67305	0.04863	0.12141	0.01325	0.00748	0.00201	0.00301	0.01165	0.00688	0.00593
40	0.00960	0.00714	0.00901	0.00843	0.01012	0.00688	0.00636	0.01395	0.08252	0.02554	0.66955	0.04522	0.05617	0.01257	0.00739	0.00201	0.00318	0.01108	0.00694	0.00636
41	0.01571	0.08508	0.04500	0.18182	0.37919	0.04286	0.05966	0.02010	0.04486	0.04734	0.01258	0.01588	0.01001	0.00601	0.00615	0.00191	0.00786	0.00556	0.00336	0.00907
42	0.00875	0.00659	0.00909	0.07803	0.01332	0.00655	0.00800	0.01066	0.01304	0.01701	0.03501	0.45787	0.09815	0.01769	0.00806	0.00259	0.00464	0.19382	0.00560	0.00552
43	0.00914	0.00622	0.00748	0.00788	0.00814	0.00620	0.00504	0.00972	0.01035	0.01376	0.02379	0.14933	0.02730	0.55530	0.04261	0.00532	0.00601	0.09770	0.00438	0.00433
44	0.02323	0.01754	0.05655	0.01664	0.08515	0.01788	0.01302	0.54259	0.02631	0.11330	0.01579	0.01587	0.01111	0.00738	0.00633	0.00191	0.00698	0.00573	0.00603	0.01065
45	0.01438	0.05199	0.53659	0.01662	0.02450	0.01375	0.05541	0.02052	0.01440	0.10015	0.07878	0.01748	0.01369	0.00681	0.00621	0.00199	0.00834	0.00559	0.00367	0.00914
46	0.01342	0.01901	0.23123	0.11549	0.19854	0.05345	0.06633	0.01794	0.01392	0.01907	0.01584	0.08949	0.01461	0.00831	0.00664	0.00209	0.00803	0.07393	0.00351	0.02913
47	0.01315	0.01128	0.01315	0.00940	0.01503	0.00846	0.00752	0.01597	0.01315	0.02067	0.01128	0.01315	0.00940	0.00470	0.00470	0.00094	0.00470	0.00376	0.00376	0.81583
48	0.00855	0.04598	0.00888	0.00810	0.00957	0.00660	0.00597	0.01041	0.01431	0.01883	0.23073	0.29778	0.23883	0.01761	0.04588	0.00263	0.00421	0.01361	0.00589	0.00562
49	0.01634	0.08228	0.02176	0.01680	0.01924	0.21472	0.11834	0.01855	0.01306	0.01600	0.01054	0.01479	0.00941	0.01312	0.10528	0.00319	0.29088	0.00543	0.00305	0.00724
50	0.01507	0.01423	0.02373	0.05206	0.52074	0.01445	0.07482	0.02045	0.09495	0.02115	0.01485	0.04847	0.01259	0.00664	0.00641	0.00196	0.00720	0.00650	0.03426	0.00948
51	0.01614	0.08747	0.02051	0.44265	0.03346	0.24300	0.03466	0.01940	0.01440	0.01599	0.01064	0.01461	0.00837	0.00629	0.00597	0.00190	0.00929	0.00500	0.00296	0.00728
52	0.01490	0.17835	0.08310	0.03071	0.08151	0.01439	0.01134	0.05599	0.06469	0.02075	0.01206	0.01371	0.00983	0.00553	0.00507	0.00137	0.00604	0.00432	0.00369	0.38265
53	0.01378	0.15534	0.39644	0.01474	0.02118	0.03853	0.01677	0.03356	0.01327	0.04270	0.01267	0.01562	0.01010	0.01516	0.16952	0.00368	0.01048	0.00499	0.00312	0.00836

[dist]
# distance from previous block
# <min> <max>
0	1

[block]
# block no. 1 follows, 35 sequences, length 54
# corresponding to MSA columns:
# 73-126
name=unknown_B
#
# <colnr> <probs for GDERKNQSTAVLIFYWHMCP>
#	G	D	E	R	K	N	Q	S	T	A	V	L	I	F	Y	W	H	M	C	P
0	0.00924	0.00721	0.00853	0.00848	0.01033	0.00685	0.00655	0.01310	0.08461	0.02141	0.31080	0.09582	0.27433	0.01458	0.00759	0.00222	0.00368	0.10222	0.00636	0.00610
1	0.01024	0.00787	0.00941	0.00877	0.01048	0.02688	0.00669	0.01316	0.03521	0.04790	0.47108	0.06053	0.17078	0.01423	0.03255	0.00234	0.04837	0.01097	0.00632	0.00621
2	0.01803	0.25593	0.14321	0.01446	0.01926	0.22387	0.02975	0.04095	0.01479	0.03864	0.01070	0.01262	0.00879	0.00659	0.00680	0.00173	0.08532	0.00437	0.02963	0.03455
3	0.00950	0.00651	0.00976	0.00976	0.01064	0.00739	0.00739	0.01064	0.00976	0.01390	0.01566	0.02366	0.01478	0.04188	0.58965	0.18989	0.01443	0.00651	0.00325	0.00501
4	0.00906	0.00680	0.01020	0.01020	0.01133	0.00793	0.00793	0.01133	0.01020	0.01473	0.01699	0.02492	0.01586	0.04758	0.75191	0.01020	0.01699	0.00680	0.00340	0.00566
5	0.01320	0.01143	0.01352	0.00981	0.01513	0.00909	0.00788	0.01593	0.01296	0.02036	0.01111	0.01320	0.00933	0.00507	0.00563	0.00105	0.04850	0.00386	0.00370	0.76925
6	0.01237	0.01167	0.01972	0.68690	0.11558	0.01420	0.01781	0.01655	0.01287	0.01668	0.01134	0.01679	0.00862	0.00627	0.00634	0.00209	0.00836	0.00564	0.00285	0.00736
7	0.01284	0.01222	0.01680	0.01484	0.01516	0.01645	0.01207	0.01515	0.05037	0.01587	0.01313	0.09649	0.01352	0.03796	0.07322	0.00337	0.56323	0.00717	0.00339	0.00674
8	0.07028	0.00851	0.01142	0.06975	0.05454	0.00820	0.02771	0.01353	0.01581	0.02312	0.41742	0.05682	0.09851	0.01093	0.00681	0.00192	0.00424	0.00956	0.00567	0.08525
9	0.01247	0.02989	0.64608	0.01775	0.02641	0.01412	0.06450	0.01929	0.01357	0.01989	0.01539	0.01716	0.06203	0.00673	0.00623	0.00203	0.00900	0.00550	0.00295	0.00903
10	0.01547	0.01239	0.01319	0.01174	0.01522	0.01373	0.00917	0.06739	0.51709	0.06678	0.03216	0.02986	0.14849	0.00986	0.00663	0.00213	0.00482	0.00817	0.00643	0.00928
11	0.22488	0.06266	0.13414	0.01418	0.01743	0.04622	0.01319	0.03857	0.01189	0.03732	0.00964	0.01278	0.00813	0.00824	0.01169	0.00227	0.33117	0.00470	0.00330	0.00761
12	0.01275	0.01127	0.06831	0.01694	0.16608	0.00982	0.03398	0.03434	0.05398	0.07549	0.04266	0.28686	0.05758	0.01481	0.05072	0.03506	0.00624	0.01071	0.00494	0.00744
13	0.00787	0.00562	0.00752	0.00899	0.00942	0.00527	0.00613	0.00908	0.01228	0.01635	0.03489	0.73338	0.04165	0.01974	0.00813	0.00260	0.00380	0.05618	0.00589	0.00519
14	0.01150	0.00776	0.01039	0.01129	0.01297	0.00782	0.00962	0.01515	0.05813	0.05677	0.03149	0.06282	0.03298	0.05990	0.00972	0.00297	0.00570	0.55610	0.03069	0.00624
15	0.01298	0.05375	0.01598	0.03735	0.20342	0.01136	0.01164	0.06476	0.05607	0.02112	0.11603	0.09770	0.04491	0.01207	0.00821	0.05216	0.00579	0.16233	0.00492	0.00745
16	0.01581	0.01641	0.01873	0.03495	0.20749	0.18162	0.03292	0.04553	0.01415	0.01782	0.01470	0.06330	0.03467	0.05572	0.06601	0.00293	0.15949	0.00660	0.00353	0.00763
17	0.00773	0.00552	0.00736	0.00883	0.00920	0.00515	0.00589	0.00883	0.01215	0.01619	0.03497	0.77291	0.04196	0.01987	0.00810	0.00258	0.00368	0.01803	0.00589	0.00515
18	0.01198	0.01128	0.01903	0.76180	0.04369	0.01409	0.01762	0.01621	0.01268	0.01621	0.01128	0.01691	0.00846	0.00634	0.00634	0.00211	0.00846	0.00564	0.00282	0.00705
19	0.01613	0.21291	0.14802	0.06903	0.01990	0.14542	0.01325	0.05667	0.01425	0.03658	0.01246	0.05080	0.01095	0.01149	0.07270	0.04189	0.05117	0.00534	0.00337	0.00767
20	0.00906	0.00680	0.01020	0.01020	0.01133	0.00793	0.00793	0.01133	0.01020	0.01473	0.01699	0.02492	0.01586	0.04758	0.75191	0.01020	0.01699	0.00680	0.00340	0.00566
21	0.82186	0.01227	0.00932	0.00834	0.01227	0.01423	0.00687	0.01865	0.01080	0.02846	0.00883	0.01031	0.00687	0.00589	0.00393	0.00196	0.00491	0.00344	0.00393	0.00687
22	0.00773	0.00552	0.00736	0.00883	0.00920	0.00515	0.00589	0.00883	0.01215	0.01619	0.03497	0.77291	0.04196	0.01987	0.00810	0.00258	0.00368	0.01803	0.00589	0.00515
23	0.00916	0.00639	0.00814	0.00814	0.00856	0.00681	0.00536	0.01001	0.00959	0.01320	0.01888	0.03535	0.02039	0.50607	0.29961	0.00765	0.01018	0.00832	0.00368	0.00452
24	0.01198	0.01128	0.01903	0.76180	0.04369	0.01409	0.01762	0.01621	0.01268	0.01621	0.01128	0.01691	0.00846	0.00634	0.00634	0.00211	0.00846	0.00564	0.00282	0.00705
25	0.01734	0.73856	0.03238	0.01116	0.01647	0.06605	0.01093	0.01935	0.01318	0.01496	0.00888	0.01025	0.00814	0.00549	0.00416	0.00137	0.00705	0.00343	0.00274	0.00810
26	0.01272	0.03281	0.74418	0.01808	0.02746	0.01473	0.02344	0.02009	0.01339	0.02009	0.01138	0.01339	0.00804	0.00603	0.00603	0.00201	0.00938	0.00469	0.00268	0.00938
27	0.01388	0.01388	0.01943	0.01666	0.01666	0.01943	0.01388	0.01527	0.00972	0.01527	0.00833	0.01388	0.00833	0.01110	0.02082	0.00278	0.76544	0.00555	0.00278	0.00694
28	0.01800	0.01660	0.10210	0.04758	0.18884	0.01404	0.29671	0.02248	0.01537	0.19096	0.01532	0.01746	0.01096	0.00611	0.00676	0.00203	0.00852	0.00646	0.00422	0.00946
29	0.01696	0.78087	0.03324	0.01085	0.01628	0.02510	0.01085	0.01900	0.01289	0.01493	0.00882	0.01018	0.00814	0.00543	0.00407	0.00136	0.00678	0.00339	0.00271	0.00814
30	0.00934	0.00611	0.00700	0.00700	0.00700	0.00611	0.00395	0.00917	0.00917	0.01222	0.01944	0.04015	0.02232	0.73068	0.03183	0.05585	0.00611	0.00900	0.00378	0.00378
31	0.01554	0.01553	0.02523	0.03194	0.48978	0.05611	0.12778	0.02020	0.05596	0.02105	0.06630	0.01849	0.01411	0.00637	0.00654	0.00193	0.00778	0.00637	0.00363	0.00936
32	0.01351	0.17078	0.61306	0.01675	0.02540	0.01665	0.02112	0.01989	0.01330	0.01914	0.01091	0.01280	0.00806	0.00592	0.00567	0.00189	0.00890	0.00445	0.00269	0.00915
33	0.01281	0.03141	0.69045	0.01798	0.02666	0.01508	0.02273	0.01973	0.01312	0.01973	0.01116	0.01343	0.00806	0.00640	0.00712	0.00207	0.06543	0.00475	0.00269	0.00919
34	0.00989	0.00717	0.01007	0.01119	0.01261	0.00735	0.00957	0.01263	0.01375	0.01809	0.03162	0.06217	0.06035	0.02325	0.15166	0.00429	0.00788	0.53531	0.00537	0.00579
35	0.01511	0.06530	0.18483	0.07245	0.32287	0.05695	0.07349	0.02067	0.06875	0.02020	0.03125	0.01623	0.01125	0.00621	0.00620	0.00192	0.00812	0.00563	0.00336	0.00922
36	0.01232	0.01164	0.01954	0.68500	0.09429	0.01433	0.01764	0.01642	0.01272	0.01651	0.01123	0.01673	0.00857	0.00644	0.00679	0.00212	0.03197	0.00564	0.00284	0.00727
37	0.00846	0.00630	0.00903	0.00983	0.01069	0.00594	0.03468	0.01014	0.01312	0.01759	0.09982	0.58378	0.04165	0.01834	0.00810	0.00255	0.00417	0.10445	0.00588	0.00546
38	0.01213	0.01142	0.01929	0.73337	0.07098	0.01413	0.01769	0.01634	0.01275	0.01639	0.01130	0.01687	0.00852	0.00632	0.00634	0.00211	0.00842	0.00564	0.00283	0.00717
39	0.01444	0.01673	0.24322	0.03636	0.11976	0.01080	0.01436	0.01849	0.01456	0.14489	0.10762	0.12150	0.02205	0.03437	0.03026	0.00246	0.00690	0.02818	0.00475	0.00830
40	0.00927	0.00591	0.00791	0.00902	0.00972	0.00546	0.00614	0.01047	0.01259	0.07000	0.03423	0.71721	0.04001	0.01898	0.00797	0.00253	0.00381	0.01717	0.00603	0.00557
41	0.01198	0.01128	0.01903	0.76180	0.04369	0.01409	0.01762	0.01621	0.01268	0.01621	0.01128	0.01691	0.00846	0.00634	0.00634	0.00211	0.00846	0.00564	0.00282	0.00705
42	0.82186	0.01227	0.00932	0.00834	0.01227	0.01423	0.00687	0.01865	0.01080	0.02846	0.00883	0.01031	0.00687	0.00589	0.00393	0.00196	0.00491	0.00344	0.00393	0.00687
43	0.01570	0.01507	0.02575	0.03894	0.73748	0.01507	0.01947	0.01947	0.01444	0.02073	0.01193	0.01570	0.01005	0.00565	0.00628	0.00188	0.00754	0.00565	0.00314	0.01005
44	0.05982	0.01139	0.03128	0.13202	0.09054	0.01094	0.01098	0.05872	0.03756	0.17885	0.12561	0.02436	0.06039	0.00940	0.03061	0.00214	0.00605	0.00683	0.00524	0.10727
45	0.01413	0.02885	0.01954	0.06760	0.38645	0.01213	0.01401	0.01738	0.01428	0.03936	0.05200	0.02113	0.08254	0.00688	0.00604	0.00170	0.00621	0.00621	0.00384	0.19972
46	0.01200	0.01011	0.05386	0.05128	0.04309	0.00827	0.00868	0.01350	0.02788	0.01717	0.06592	0.01890	0.01411	0.01335	0.03694	0.29921	0.00586	0.00538	0.00355	0.29095
47	0.01259	0.01194	0.06124	0.08940	0.25582	0.01076	0.01272	0.03776	0.01433	0.01985	0.13313	0.02641	0.10339	0.01045	0.00912	0.11666	0.00602	0.00730	0.00411	0.05701
48	0.01445	0.01356	0.01988	0.15149	0.34518	0.04154	0.01475	0.01773	0.01370	0.01945	0.01151	0.01505	0.00953	0.00598	0.00631	0.02523	0.00691	0.00500	0.00327	0.25946
49	0.31600	0.01329	0.05723	0.07172	0.13670	0.01273	0.04784	0.01789	0.01232	0.04598	0.01122	0.01411	0.00898	0.00834	0.03599	0.04899	0.00667	0.00465	0.00362	0.12571
50	0.01273	0.01741	0.21073	0.09002	0.04361	0.03160	0.10102	0.03294	0.03432	0.01929	0.01770	0.07758	0.05686	0.05314	0.02967	0.00236	0.00767	0.00695	0.00370	0.15069
51	0.27678	0.03728	0.01548	0.06113	0.18608	0.03281	0.02732	0.03288	0.01273	0.02152	0.01665	0.05851	0.06546	0.07627	0.03108	0.00261	0.02784	0.00641	0.00385	0.00732
52	0.04272	0.03766	0.03947	0.13307	0.32689	0.04809	0.01531	0.10937	0.01614	0.04318	0.01434	0.01693	0.03822	0.00644	0.00602	0.00182	0.00721	0.00556	0.00382	0.08773
53	0.01566	0.06037	0.07196	0.20371	0.25874	0.07907	0.05710	0.04077	0.03782	0.03786	0.01226	0.01564	0.00971	0.00660	0.00672	0.02847	0.00803	0.00541	0.00336	0.04074

[dist]
# distance from previous block
# <min> <max>
0	15

# created by:
# /home/cegg/simao/soft/augustus-3.2.1/scripts/msa2prfl.pl ./align_prep/EOG090W0KV4.fa
