[name]
unknown

[dist]
# distance from previous block
# <min> <max>
6	19

[block]
# block no. 0 follows, 31 sequences, length 29
# corresponding to MSA columns:
# 21-26,42-51,57-61,63-70
name=unknown_A
#
# <colnr> <probs for GDERKNQSTAVLIFYWHMCP>
#	G	D	E	R	K	N	Q	S	T	A	V	L	I	F	Y	W	H	M	C	P
0	0.01829	0.76368	0.03585	0.01171	0.01756	0.02707	0.01171	0.02049	0.01390	0.01610	0.00951	0.01097	0.00878	0.00585	0.00439	0.00146	0.00732	0.00366	0.00293	0.00878
1	0.01712	0.01433	0.01842	0.05213	0.06598	0.01352	0.05593	0.17958	0.04960	0.02756	0.05353	0.01797	0.01405	0.00671	0.00614	0.00160	0.00640	0.00569	0.00491	0.38882
2	0.01188	0.00594	0.00891	0.00891	0.00891	0.00594	0.00594	0.00891	0.00891	0.01188	0.01188	0.02080	0.01188	0.02377	0.02674	0.80095	0.00594	0.00594	0.00297	0.00297
3	0.01150	0.08547	0.01221	0.01003	0.01196	0.00972	0.00752	0.09300	0.01618	0.02105	0.07016	0.44367	0.14743	0.01722	0.00792	0.00245	0.00462	0.01508	0.00612	0.00670
4	0.01515	0.01233	0.01427	0.12767	0.02006	0.02864	0.01067	0.12848	0.20433	0.04238	0.04747	0.14986	0.14591	0.01219	0.00742	0.00232	0.00587	0.01035	0.00609	0.00854
5	0.01438	0.10957	0.58157	0.04565	0.07407	0.01706	0.02335	0.02135	0.01443	0.02098	0.01202	0.01438	0.00884	0.00642	0.00631	0.00209	0.00965	0.00501	0.00293	0.00993
6	0.01114	0.00922	0.01396	0.01285	0.01407	0.01083	0.05423	0.01338	0.01165	0.01699	0.01926	0.12268	0.01934	0.07057	0.37966	0.00709	0.15075	0.00884	0.04707	0.00641
7	0.06928	0.16661	0.41371	0.01628	0.02412	0.04677	0.01886	0.05998	0.01583	0.06832	0.03210	0.01520	0.01087	0.00682	0.00603	0.00201	0.00874	0.00506	0.00373	0.00968
8	0.10716	0.01465	0.01677	0.01318	0.01822	0.01508	0.01082	0.27571	0.06871	0.33376	0.04159	0.02047	0.01566	0.00837	0.00664	0.00211	0.00629	0.00651	0.00731	0.01100
9	0.01221	0.00632	0.00657	0.00676	0.00821	0.00628	0.00497	0.01516	0.01419	0.02452	0.02420	0.11487	0.02093	0.00962	0.00527	0.00174	0.00328	0.00798	0.70064	0.00628
10	0.01575	0.05309	0.54494	0.01963	0.02869	0.01707	0.08514	0.11281	0.01699	0.02443	0.01290	0.01498	0.00923	0.00664	0.00663	0.00214	0.00981	0.00544	0.00348	0.01020
11	0.05018	0.01754	0.03909	0.19627	0.24108	0.12346	0.01645	0.02454	0.13381	0.06763	0.01570	0.01814	0.01205	0.00714	0.00663	0.00211	0.00832	0.00605	0.00429	0.00952
12	0.00890	0.00682	0.01012	0.01076	0.01163	0.00636	0.05135	0.01048	0.01355	0.01816	0.06366	0.67808	0.04375	0.02010	0.00866	0.00272	0.00444	0.01841	0.00621	0.00583
13	0.11354	0.01365	0.01495	0.07514	0.01762	0.07650	0.01063	0.10287	0.01506	0.06313	0.01532	0.02230	0.01370	0.14428	0.10775	0.00416	0.14309	0.00653	0.03228	0.00750
14	0.01476	0.06436	0.02308	0.38862	0.03463	0.07262	0.09119	0.01835	0.01379	0.01763	0.01276	0.05417	0.01102	0.00836	0.00973	0.00235	0.14487	0.00667	0.00328	0.00776
15	0.01660	0.12929	0.27325	0.05937	0.06056	0.05590	0.08664	0.04010	0.08346	0.05505	0.01494	0.01815	0.01175	0.05619	0.00831	0.00236	0.00886	0.00594	0.00388	0.00940
16	0.00817	0.00679	0.00715	0.00737	0.00937	0.00576	0.00541	0.00986	0.01533	0.01858	0.08298	0.16913	0.59488	0.01785	0.00818	0.00238	0.00353	0.01513	0.00639	0.00576
17	0.01235	0.01051	0.01462	0.01378	0.01611	0.05638	0.10086	0.01529	0.01597	0.03834	0.10166	0.19465	0.07327	0.01601	0.00863	0.00270	0.00646	0.28972	0.00593	0.00678
18	0.03840	0.05965	0.30237	0.01894	0.09350	0.05170	0.05419	0.09516	0.01757	0.05736	0.08839	0.02184	0.05516	0.00807	0.00674	0.00210	0.00826	0.00667	0.00441	0.00951
19	0.01514	0.01800	0.10517	0.02532	0.10000	0.01554	0.39551	0.04713	0.01584	0.02188	0.01671	0.11121	0.01489	0.00964	0.03194	0.00262	0.03180	0.00883	0.00389	0.00897
20	0.00835	0.00609	0.00780	0.00915	0.00977	0.00561	0.00615	0.00957	0.01332	0.01747	0.04113	0.65087	0.12660	0.04151	0.00938	0.00283	0.00398	0.01857	0.00629	0.00554
21	0.02065	0.02051	0.01870	0.03205	0.02050	0.24104	0.04902	0.12987	0.24060	0.04244	0.05599	0.02155	0.01710	0.00872	0.00743	0.00213	0.03533	0.02142	0.00550	0.00945
22	0.01625	0.05346	0.10304	0.01743	0.02211	0.01363	0.19961	0.02147	0.07757	0.12806	0.02279	0.19017	0.02106	0.01097	0.00832	0.00239	0.04345	0.03422	0.00520	0.00879
23	0.01292	0.01216	0.02052	0.74312	0.04712	0.01520	0.01900	0.01748	0.01368	0.01748	0.01216	0.01824	0.00912	0.00684	0.00684	0.00228	0.00912	0.00608	0.00304	0.00760
24	0.03712	0.28290	0.08430	0.04140	0.02371	0.20861	0.12735	0.08134	0.01730	0.02040	0.01143	0.01358	0.00928	0.00645	0.00593	0.00183	0.00960	0.00500	0.00354	0.00892
25	0.05659	0.01485	0.02231	0.23062	0.13958	0.01631	0.09733	0.14838	0.08131	0.05001	0.01552	0.01878	0.01182	0.01003	0.05448	0.00276	0.00891	0.00648	0.00452	0.00941
26	0.01300	0.01972	0.25595	0.05828	0.04758	0.01338	0.16370	0.01780	0.01416	0.02022	0.01903	0.18767	0.01843	0.02954	0.00893	0.00247	0.05010	0.00936	0.04240	0.00827
27	0.08566	0.01790	0.06211	0.01465	0.01936	0.14164	0.08746	0.06628	0.02980	0.02276	0.03153	0.07199	0.05452	0.00842	0.00713	0.00188	0.04337	0.00680	0.00440	0.22233
28	0.04446	0.01769	0.04105	0.17417	0.21370	0.08045	0.09126	0.13791	0.04339	0.02488	0.01362	0.01677	0.01055	0.00674	0.00671	0.00205	0.00866	0.00601	0.00412	0.05582

[dist]
# distance from previous block
# <min> <max>
0	6

[block]
# block no. 1 follows, 31 sequences, length 34
# corresponding to MSA columns:
# 78-81,93-122
name=unknown_B
#
# <colnr> <probs for GDERKNQSTAVLIFYWHMCP>
#	G	D	E	R	K	N	Q	S	T	A	V	L	I	F	Y	W	H	M	C	P
0	0.05208	0.05099	0.01943	0.01467	0.01971	0.01957	0.01206	0.47584	0.14292	0.07578	0.01888	0.03548	0.01401	0.00855	0.00671	0.00209	0.00690	0.00658	0.00667	0.01107
1	0.01778	0.04861	0.03672	0.06043	0.07275	0.06577	0.17124	0.07857	0.03649	0.09119	0.05852	0.04244	0.04186	0.00779	0.00685	0.00196	0.00785	0.00717	0.00480	0.14120
2	0.01907	0.05114	0.18496	0.02344	0.19857	0.03225	0.08952	0.04802	0.03872	0.16390	0.05009	0.01931	0.01430	0.00737	0.00726	0.00212	0.02857	0.00644	0.00472	0.01023
3	0.00981	0.00720	0.01034	0.01034	0.01134	0.00820	0.00773	0.01180	0.01080	0.01540	0.01892	0.03019	0.01854	0.18264	0.60310	0.01019	0.01616	0.00782	0.00375	0.00574
4	0.09400	0.12372	0.01892	0.01315	0.01768	0.14978	0.01080	0.13859	0.05097	0.20942	0.08975	0.02024	0.01766	0.00821	0.00628	0.00196	0.00720	0.00616	0.00594	0.00958
5	0.01815	0.01582	0.04898	0.17179	0.09496	0.01640	0.11063	0.20752	0.01955	0.06750	0.01807	0.07217	0.03685	0.00885	0.00828	0.00227	0.06032	0.00763	0.00486	0.00939
6	0.00835	0.00624	0.00787	0.00903	0.00989	0.00575	0.00621	0.00972	0.01354	0.01761	0.04367	0.56770	0.19053	0.02202	0.04461	0.00308	0.00457	0.01775	0.00622	0.00563
7	0.02417	0.01825	0.01950	0.01537	0.02052	0.02036	0.01256	0.55956	0.16968	0.04015	0.01876	0.01829	0.01353	0.00843	0.00687	0.00211	0.00710	0.00648	0.00687	0.01147
8	0.11883	0.01376	0.01612	0.01273	0.01769	0.01380	0.01042	0.21090	0.04872	0.39936	0.02255	0.05066	0.01572	0.00872	0.00664	0.00214	0.00613	0.00687	0.00738	0.01086
9	0.02264	0.02017	0.02086	0.06086	0.09753	0.18816	0.04690	0.21922	0.11701	0.09535	0.01671	0.01760	0.01240	0.00777	0.00712	0.00207	0.02604	0.00611	0.00538	0.01011
10	0.01016	0.00729	0.00820	0.00778	0.01011	0.00627	0.00590	0.01238	0.01694	0.07158	0.24704	0.05864	0.48161	0.01575	0.00799	0.00225	0.00357	0.01331	0.00684	0.00639
11	0.01365	0.01466	0.06297	0.55756	0.06369	0.01564	0.13743	0.01859	0.01421	0.01863	0.01248	0.01803	0.00937	0.00661	0.00704	0.00227	0.00957	0.00637	0.00312	0.00812
12	0.01161	0.00823	0.00986	0.00954	0.01145	0.00807	0.00703	0.04509	0.07711	0.06046	0.19312	0.20682	0.18095	0.07378	0.06211	0.00331	0.00532	0.01288	0.00645	0.00682
13	0.14567	0.01474	0.04957	0.36961	0.06093	0.01597	0.12221	0.05600	0.01467	0.02204	0.01231	0.01692	0.00944	0.00803	0.02713	0.00250	0.03451	0.00600	0.00354	0.00822
14	0.00867	0.00630	0.00825	0.00970	0.01042	0.00588	0.00686	0.01017	0.01368	0.01796	0.04039	0.60264	0.10537	0.02072	0.00877	0.00278	0.00423	0.10518	0.00634	0.00568
15	0.01629	0.01895	0.13151	0.06655	0.58755	0.01616	0.02156	0.02096	0.01533	0.02205	0.01275	0.01661	0.01044	0.00619	0.00673	0.00206	0.00846	0.00594	0.00330	0.01060
16	0.01601	0.01956	0.08893	0.02882	0.06922	0.01715	0.61067	0.02185	0.01600	0.02192	0.01368	0.01809	0.01028	0.00584	0.00790	0.00228	0.01126	0.00776	0.00342	0.00937
17	0.00942	0.00667	0.00880	0.00925	0.00978	0.00697	0.00627	0.01059	0.01121	0.01537	0.02514	0.24429	0.02814	0.30625	0.26337	0.00699	0.00982	0.01181	0.00462	0.00522
18	0.08521	0.10371	0.19187	0.05702	0.05459	0.15782	0.01587	0.14059	0.05207	0.05921	0.01365	0.01503	0.01025	0.00706	0.00615	0.00199	0.00882	0.00518	0.00432	0.00959
19	0.06981	0.04012	0.01938	0.09663	0.12588	0.21724	0.01364	0.13312	0.08528	0.04079	0.04332	0.05425	0.01490	0.00824	0.00657	0.00205	0.00840	0.00650	0.00477	0.00911
20	0.01569	0.17882	0.47883	0.01860	0.02712	0.06976	0.07779	0.02186	0.01483	0.02022	0.01174	0.01394	0.00884	0.00635	0.00619	0.00201	0.00983	0.00498	0.00299	0.00961
21	0.01123	0.00762	0.00983	0.00951	0.01124	0.00728	0.00718	0.01432	0.03723	0.07411	0.40869	0.18214	0.10895	0.01532	0.00856	0.00236	0.02500	0.04561	0.00707	0.00675
22	0.07111	0.04466	0.07728	0.10972	0.11176	0.11069	0.21495	0.05985	0.07496	0.02275	0.01397	0.01706	0.01080	0.00755	0.02152	0.00231	0.00967	0.00630	0.00389	0.00919
23	0.01493	0.04622	0.14088	0.05911	0.03014	0.01704	0.37922	0.01992	0.01479	0.02038	0.01662	0.02044	0.06041	0.00770	0.00978	0.00236	0.12034	0.00749	0.00347	0.00876
24	0.00834	0.00595	0.00794	0.00953	0.00992	0.00556	0.00635	0.00953	0.01310	0.01746	0.03771	0.75510	0.04525	0.02143	0.00873	0.00278	0.00397	0.01945	0.00635	0.00556
25	0.01731	0.01805	0.04444	0.18067	0.36743	0.11339	0.04186	0.04688	0.03943	0.02147	0.01380	0.01874	0.01140	0.00697	0.00684	0.00211	0.00891	0.02706	0.00366	0.00958
26	0.06653	0.06746	0.09111	0.06967	0.13110	0.03299	0.06807	0.15944	0.03285	0.02687	0.11845	0.02179	0.01886	0.00980	0.03701	0.00244	0.00794	0.00684	0.02158	0.00921
27	0.01647	0.01554	0.05226	0.03205	0.48176	0.03872	0.01767	0.02036	0.01640	0.06119	0.10771	0.02587	0.02016	0.00824	0.00711	0.00213	0.00745	0.05469	0.00441	0.00985
28	0.00852	0.00616	0.00806	0.00925	0.00993	0.00570	0.00630	0.01003	0.01415	0.01897	0.13777	0.61368	0.08591	0.02012	0.00860	0.00266	0.00383	0.01814	0.00652	0.00570
29	0.04522	0.23951	0.18143	0.03350	0.02200	0.19090	0.03423	0.05298	0.06917	0.02024	0.01277	0.01518	0.01047	0.03670	0.00697	0.00206	0.00908	0.00501	0.00366	0.00891
30	0.04899	0.11589	0.18732	0.01454	0.01940	0.12207	0.02997	0.08048	0.01649	0.02166	0.05501	0.12893	0.05254	0.01211	0.04256	0.00256	0.02880	0.00801	0.00439	0.00827
31	0.02024	0.11389	0.06719	0.01173	0.01613	0.01213	0.01026	0.04748	0.04496	0.30785	0.05655	0.14907	0.09106	0.01127	0.00700	0.00217	0.00573	0.00940	0.00659	0.00930
32	0.01925	0.03269	0.04575	0.03742	0.01965	0.04211	0.06018	0.27463	0.06421	0.08639	0.09321	0.08032	0.09319	0.01041	0.00724	0.00217	0.00677	0.00874	0.00623	0.00945
33	0.04837	0.04395	0.01964	0.13364	0.18465	0.01585	0.01412	0.16606	0.10799	0.04015	0.01901	0.09925	0.01681	0.03510	0.00787	0.00236	0.00707	0.02364	0.00507	0.00940

[dist]
# distance from previous block
# <min> <max>
1	16

[block]
# block no. 2 follows, 31 sequences, length 31
# corresponding to MSA columns:
# 139-169
name=unknown_C
#
# <colnr> <probs for GDERKNQSTAVLIFYWHMCP>
#	G	D	E	R	K	N	Q	S	T	A	V	L	I	F	Y	W	H	M	C	P
0	0.01645	0.01599	0.06932	0.01393	0.01852	0.01605	0.01163	0.03311	0.57509	0.02738	0.02491	0.02342	0.01876	0.00860	0.00672	0.00216	0.00573	0.00712	0.00633	0.09879
1	0.01731	0.01261	0.05733	0.01332	0.05870	0.01093	0.01021	0.08851	0.01647	0.16751	0.04490	0.06015	0.05334	0.12764	0.06264	0.00330	0.02969	0.00776	0.00544	0.15224
2	0.04049	0.17897	0.40829	0.01707	0.02501	0.01794	0.05090	0.04673	0.01540	0.09661	0.01334	0.01486	0.00974	0.00676	0.00660	0.00204	0.03055	0.00514	0.00371	0.00986
3	0.01372	0.03539	0.72412	0.01950	0.02961	0.01589	0.02528	0.02167	0.01444	0.02167	0.01228	0.01444	0.00867	0.00650	0.00650	0.00217	0.01011	0.00506	0.00289	0.01011
4	0.01890	0.01249	0.03991	0.01677	0.13803	0.04599	0.01123	0.04407	0.01685	0.24841	0.02834	0.23022	0.06694	0.01210	0.00733	0.00226	0.00599	0.01053	0.03464	0.00899
5	0.01384	0.03032	0.55139	0.02047	0.02935	0.01557	0.13946	0.02099	0.01448	0.02127	0.01301	0.01609	0.00961	0.00979	0.06208	0.00286	0.01098	0.00575	0.00305	0.00965
6	0.01332	0.01293	0.02295	0.65552	0.04573	0.01546	0.10154	0.01802	0.01398	0.01802	0.01237	0.01827	0.00927	0.00671	0.00699	0.00228	0.00942	0.00632	0.00309	0.00780
7	0.01292	0.01216	0.02052	0.74312	0.04712	0.01520	0.01900	0.01748	0.01368	0.01748	0.01216	0.01824	0.00912	0.00684	0.00684	0.00228	0.00912	0.00608	0.00304	0.00760
8	0.01569	0.01577	0.04790	0.19241	0.10234	0.04122	0.16516	0.07665	0.11468	0.02318	0.04289	0.02385	0.05206	0.00949	0.03110	0.00253	0.00878	0.02084	0.00447	0.00898
9	0.01233	0.01173	0.01968	0.56122	0.03969	0.01373	0.06789	0.01649	0.01420	0.01799	0.02218	0.02650	0.13129	0.00857	0.00715	0.00229	0.00832	0.00768	0.00365	0.00741
10	0.01467	0.10863	0.08007	0.04037	0.02461	0.07682	0.28084	0.01849	0.01523	0.01938	0.02176	0.18615	0.06224	0.01025	0.00745	0.00225	0.00869	0.00990	0.00418	0.00803
11	0.00918	0.00674	0.00849	0.00872	0.01012	0.00623	0.00641	0.01115	0.01577	0.02106	0.28733	0.20988	0.21886	0.01922	0.04602	0.05141	0.00453	0.04659	0.00643	0.00584
12	0.01479	0.23655	0.49710	0.01679	0.02529	0.01853	0.02057	0.02090	0.01454	0.02040	0.04639	0.01530	0.01148	0.00669	0.00599	0.00197	0.00899	0.00503	0.00313	0.00956
13	0.10334	0.12239	0.02113	0.06116	0.09793	0.03861	0.08474	0.02067	0.04937	0.10378	0.04636	0.07908	0.07985	0.00941	0.00755	0.00216	0.05127	0.00782	0.00481	0.00857
14	0.00832	0.00601	0.00788	0.00937	0.00988	0.00557	0.00628	0.00954	0.01325	0.01753	0.03966	0.71249	0.08660	0.02118	0.00869	0.00275	0.00394	0.01914	0.00635	0.00557
15	0.01871	0.01907	0.08414	0.04174	0.06772	0.08575	0.32257	0.02418	0.05840	0.12617	0.01816	0.02037	0.03971	0.00729	0.00790	0.00222	0.03465	0.00729	0.00447	0.00948
16	0.02428	0.01829	0.01983	0.04187	0.02168	0.02041	0.01292	0.57786	0.12522	0.04017	0.01786	0.01776	0.01283	0.00831	0.00686	0.00210	0.00729	0.00638	0.00672	0.01138
17	0.03993	0.01816	0.05507	0.06416	0.35054	0.06248	0.23979	0.02126	0.01562	0.02164	0.01307	0.01726	0.01051	0.00759	0.03093	0.00242	0.00988	0.00657	0.00342	0.00970
18	0.06857	0.09922	0.07504	0.07241	0.08750	0.01261	0.03880	0.01615	0.01410	0.04367	0.06647	0.23919	0.04491	0.01495	0.05890	0.00291	0.02187	0.01035	0.00474	0.00761
19	0.01281	0.01005	0.01475	0.13475	0.06260	0.00993	0.06333	0.03991	0.01665	0.07474	0.16282	0.06747	0.25441	0.03524	0.00850	0.00238	0.00573	0.01081	0.00572	0.00739
20	0.01590	0.02132	0.15582	0.02753	0.10197	0.04109	0.46605	0.02162	0.01589	0.02164	0.01496	0.01876	0.03034	0.00630	0.00761	0.00224	0.01074	0.00741	0.00344	0.00940
21	0.00979	0.00676	0.00852	0.00929	0.01061	0.00615	0.00676	0.01155	0.01478	0.05436	0.09605	0.42769	0.20483	0.01896	0.00851	0.00262	0.00413	0.08602	0.00654	0.00606
22	0.01676	0.07966	0.08247	0.06718	0.07378	0.07187	0.31297	0.04456	0.08142	0.02187	0.01553	0.03334	0.01266	0.00732	0.00756	0.00221	0.02463	0.03107	0.00394	0.00918
23	0.01901	0.05010	0.08553	0.15169	0.17072	0.15643	0.10578	0.04412	0.05102	0.07913	0.01427	0.01695	0.01084	0.00682	0.00674	0.00207	0.00937	0.00598	0.00401	0.00943
24	0.01346	0.01235	0.01841	0.08925	0.23541	0.04778	0.05878	0.01691	0.02754	0.02069	0.07204	0.19350	0.04993	0.01247	0.02030	0.00247	0.00701	0.05732	0.03637	0.00801
25	0.00999	0.00715	0.00918	0.00910	0.00975	0.00766	0.00626	0.01125	0.01144	0.01593	0.07500	0.06698	0.04812	0.37619	0.25551	0.00716	0.03575	0.00959	0.02273	0.00523
26	0.01961	0.13958	0.10996	0.04152	0.02249	0.09806	0.07662	0.15283	0.12603	0.06759	0.01867	0.01937	0.04695	0.00793	0.00684	0.00205	0.02297	0.00630	0.00493	0.00971
27	0.02060	0.10002	0.06689	0.01790	0.04980	0.15133	0.10686	0.13320	0.14645	0.07645	0.01671	0.01772	0.01265	0.00864	0.02799	0.00228	0.00890	0.00610	0.00495	0.02457
28	0.01787	0.09915	0.02196	0.22742	0.05305	0.05244	0.06122	0.16073	0.05969	0.05267	0.06222	0.04348	0.01568	0.00803	0.00671	0.00207	0.00782	0.00680	0.00478	0.03620
29	0.05955	0.01680	0.06348	0.05099	0.04733	0.07681	0.01219	0.11751	0.24751	0.05053	0.04814	0.02548	0.06625	0.00909	0.00676	0.00213	0.00671	0.02738	0.00572	0.05964
30	0.04384	0.03092	0.01899	0.29089	0.06910	0.10624	0.01453	0.14367	0.04455	0.05021	0.04160	0.03912	0.03792	0.00814	0.00671	0.00210	0.00809	0.00666	0.00460	0.03211

[dist]
# distance from previous block
# <min> <max>
22	44

[block]
# block no. 3 follows, 31 sequences, length 12
# corresponding to MSA columns:
# 232-243
name=unknown_D
#
# <colnr> <probs for GDERKNQSTAVLIFYWHMCP>
#	G	D	E	R	K	N	Q	S	T	A	V	L	I	F	Y	W	H	M	C	P
0	0.01074	0.00888	0.00974	0.00933	0.01132	0.04365	0.00707	0.01478	0.07221	0.02451	0.43915	0.07347	0.19240	0.01441	0.00797	0.00224	0.00406	0.04043	0.00695	0.00670
1	0.08322	0.12683	0.19439	0.01542	0.02161	0.07896	0.06672	0.07536	0.03556	0.15907	0.03917	0.01911	0.04008	0.00763	0.00633	0.00203	0.00801	0.00603	0.00488	0.00960
2	0.01816	0.35982	0.07155	0.10042	0.02373	0.04908	0.08658	0.07522	0.03275	0.05704	0.05446	0.01672	0.01326	0.00694	0.00588	0.00185	0.00800	0.00552	0.00399	0.00902
3	0.01019	0.00663	0.00851	0.00939	0.01033	0.00615	0.00651	0.01151	0.01357	0.06558	0.03807	0.51405	0.10602	0.10695	0.01166	0.00316	0.00450	0.05510	0.00623	0.00587
4	0.01517	0.01476	0.02609	0.19065	0.39484	0.01520	0.11865	0.01944	0.01526	0.02092	0.01689	0.02323	0.04551	0.00748	0.00720	0.00220	0.00852	0.04497	0.00363	0.00939
5	0.02010	0.04473	0.07819	0.06124	0.04194	0.05643	0.18292	0.13082	0.08155	0.14998	0.01895	0.06971	0.01478	0.00825	0.00714	0.00219	0.00836	0.00755	0.00532	0.00985
6	0.01590	0.05685	0.12226	0.09794	0.05112	0.03593	0.30334	0.02072	0.01515	0.05445	0.01513	0.02165	0.01239	0.00932	0.03739	0.00266	0.06292	0.05233	0.00373	0.00883
7	0.01655	0.01808	0.03427	0.02813	0.12516	0.04394	0.46237	0.02245	0.06288	0.02171	0.01407	0.01816	0.01097	0.00671	0.00916	0.00232	0.08267	0.00744	0.00365	0.00934
8	0.01545	0.06218	0.16802	0.05220	0.14137	0.01566	0.22281	0.02154	0.06784	0.04767	0.02039	0.04002	0.07786	0.00785	0.00717	0.00219	0.00873	0.00761	0.00408	0.00938
9	0.01580	0.06991	0.07420	0.20098	0.07170	0.01559	0.22239	0.02077	0.03780	0.07785	0.05650	0.05698	0.01563	0.00786	0.00755	0.00223	0.02569	0.00760	0.00417	0.00881
10	0.00921	0.00692	0.00867	0.00939	0.01087	0.00638	0.00723	0.01144	0.01569	0.02045	0.17699	0.25148	0.23704	0.01819	0.00860	0.00262	0.00427	0.18201	0.00657	0.00598
11	0.00854	0.00631	0.00801	0.00913	0.01003	0.00579	0.00638	0.01010	0.01422	0.01866	0.10215	0.53618	0.16747	0.01992	0.00859	0.00266	0.00393	0.04976	0.00645	0.00571

[dist]
# distance from previous block
# <min> <max>
0	28

[block]
# block no. 4 follows, 31 sequences, length 63
# corresponding to MSA columns:
# 272-334
name=unknown_E
#
# <colnr> <probs for GDERKNQSTAVLIFYWHMCP>
#	G	D	E	R	K	N	Q	S	T	A	V	L	I	F	Y	W	H	M	C	P
0	0.06583	0.02056	0.22993	0.08574	0.08715	0.01492	0.14282	0.05054	0.04444	0.11672	0.01789	0.04205	0.03519	0.00762	0.00691	0.00221	0.00853	0.00687	0.00444	0.00963
1	0.01487	0.16481	0.39631	0.04321	0.02801	0.01805	0.14449	0.02081	0.01437	0.02014	0.01220	0.01519	0.00938	0.00827	0.03677	0.00245	0.03275	0.00551	0.00304	0.00937
2	0.01615	0.01845	0.04037	0.02884	0.03576	0.01730	0.69204	0.02191	0.01615	0.02191	0.01384	0.01845	0.01038	0.00577	0.00807	0.00231	0.01153	0.00807	0.00346	0.00923
3	0.01915	0.34019	0.22612	0.01567	0.02204	0.23315	0.01600	0.02285	0.01568	0.01787	0.01061	0.01236	0.00876	0.00639	0.00552	0.00175	0.00960	0.00428	0.00309	0.00891
4	0.01622	0.12154	0.13349	0.21332	0.16823	0.01738	0.12239	0.02083	0.01482	0.06187	0.01299	0.01662	0.01000	0.00662	0.00719	0.00212	0.03569	0.00594	0.00346	0.00927
5	0.73241	0.01380	0.01107	0.00965	0.01400	0.01591	0.00795	0.08518	0.01362	0.03189	0.01019	0.01163	0.00782	0.00653	0.00449	0.00211	0.00551	0.00394	0.00449	0.00782
6	0.00834	0.00595	0.00794	0.00953	0.00992	0.00556	0.00635	0.00953	0.01310	0.01746	0.03771	0.75510	0.04525	0.02143	0.00873	0.00278	0.00397	0.01945	0.00635	0.00556
7	0.01537	0.20151	0.54112	0.01745	0.02642	0.01824	0.02162	0.02181	0.01450	0.04530	0.01217	0.01396	0.00899	0.00642	0.00603	0.00200	0.00932	0.00480	0.00310	0.00986
8	0.04671	0.02143	0.16962	0.07572	0.02311	0.16304	0.04707	0.07266	0.03825	0.12478	0.10531	0.02264	0.04312	0.00843	0.00681	0.00209	0.00833	0.00679	0.00504	0.00905
9	0.00843	0.00600	0.00791	0.00940	0.00977	0.00562	0.00622	0.00955	0.01291	0.01721	0.03672	0.71181	0.04401	0.06642	0.01032	0.00301	0.00413	0.01887	0.00622	0.00547
10	0.02321	0.01611	0.01757	0.01391	0.01850	0.01755	0.01134	0.51723	0.02763	0.07626	0.01896	0.05895	0.01466	0.01011	0.02671	0.00229	0.00700	0.00699	0.10451	0.01050
11	0.01846	0.06356	0.02821	0.08637	0.37574	0.10257	0.13779	0.02238	0.01614	0.06400	0.01338	0.01678	0.01063	0.00634	0.00680	0.00204	0.00912	0.00614	0.00368	0.00988
12	0.01059	0.00853	0.00962	0.00908	0.01140	0.00834	0.00688	0.01653	0.15644	0.02444	0.34205	0.05126	0.29049	0.01424	0.00785	0.00224	0.00376	0.01218	0.00699	0.00709
13	0.00821	0.00680	0.00719	0.00738	0.00939	0.00578	0.00543	0.00995	0.01546	0.01883	0.10044	0.16065	0.58550	0.01771	0.00817	0.00237	0.00352	0.01502	0.00642	0.00578
14	0.02611	0.01732	0.01921	0.01484	0.02012	0.01865	0.01222	0.53390	0.05162	0.16521	0.03793	0.01892	0.01436	0.00845	0.00689	0.00208	0.00703	0.00651	0.00716	0.01147
15	0.01414	0.01238	0.02071	0.66009	0.08630	0.01498	0.01863	0.01857	0.01412	0.05661	0.01302	0.01844	0.00966	0.00688	0.00684	0.00226	0.00888	0.00613	0.00336	0.00802
16	0.01615	0.01845	0.04037	0.02884	0.03576	0.01730	0.69204	0.02191	0.01615	0.02191	0.01384	0.01845	0.01038	0.00577	0.00807	0.00231	0.01153	0.00807	0.00346	0.00923
17	0.01612	0.01543	0.02630	0.18365	0.58156	0.01604	0.02059	0.02029	0.01519	0.02137	0.01273	0.01720	0.01049	0.00625	0.00679	0.00208	0.00833	0.00609	0.00332	0.01018
18	0.01971	0.12576	0.17948	0.01807	0.02391	0.24611	0.12397	0.04555	0.01721	0.06579	0.03050	0.04660	0.01251	0.00746	0.00653	0.00198	0.00989	0.00608	0.00394	0.00896
19	0.00834	0.00669	0.00749	0.00807	0.00975	0.00584	0.00591	0.00999	0.01484	0.01829	0.05757	0.27865	0.46715	0.01869	0.00837	0.00251	0.00379	0.05598	0.00635	0.00574
20	0.12496	0.01145	0.01459	0.01148	0.01634	0.01041	0.00943	0.03000	0.01858	0.57822	0.08221	0.02411	0.01974	0.00867	0.00665	0.00212	0.00554	0.00695	0.00787	0.01069
21	0.01573	0.01665	0.06600	0.05881	0.04516	0.06583	0.17281	0.07745	0.15978	0.02381	0.05344	0.07098	0.10340	0.00979	0.00782	0.00227	0.02747	0.00882	0.00509	0.00887
22	0.01879	0.01553	0.02138	0.12900	0.02593	0.03858	0.13748	0.07957	0.31863	0.10840	0.02136	0.02174	0.01560	0.00801	0.00710	0.00225	0.00753	0.00722	0.00578	0.01010
23	0.00814	0.00673	0.00713	0.00746	0.00938	0.00573	0.00543	0.00976	0.01509	0.01828	0.06292	0.20510	0.57897	0.01816	0.00822	0.00240	0.00357	0.01545	0.00635	0.00573
24	0.41686	0.01767	0.01461	0.01257	0.01651	0.13970	0.01011	0.14961	0.03716	0.02943	0.03346	0.01429	0.01075	0.00757	0.00664	0.00212	0.06301	0.00485	0.00470	0.00838
25	0.06141	0.15641	0.02348	0.01637	0.02102	0.28106	0.07897	0.12538	0.12796	0.02362	0.01425	0.01532	0.01122	0.00720	0.00617	0.00191	0.00920	0.00538	0.00448	0.00919
26	0.01372	0.03539	0.72412	0.01950	0.02961	0.01589	0.02528	0.02167	0.01444	0.02167	0.01228	0.01444	0.00867	0.00650	0.00650	0.00217	0.01011	0.00506	0.00289	0.01011
27	0.00959	0.00699	0.00901	0.00850	0.01016	0.00641	0.00638	0.01272	0.01914	0.02689	0.67404	0.05200	0.10414	0.01419	0.00807	0.00216	0.00324	0.01250	0.00746	0.00641
28	0.01729	0.48881	0.22060	0.01408	0.02084	0.05249	0.01531	0.04040	0.01499	0.01880	0.03396	0.01347	0.01069	0.00642	0.00523	0.00171	0.00815	0.00443	0.00321	0.00911
29	0.01519	0.14083	0.01905	0.06763	0.01788	0.09952	0.01148	0.04507	0.02875	0.01811	0.03689	0.15483	0.01905	0.06966	0.03550	0.00295	0.19766	0.00847	0.00415	0.00733
30	0.01571	0.01716	0.03315	0.02479	0.02913	0.01866	0.44010	0.01989	0.01404	0.01989	0.01203	0.01716	0.00986	0.00808	0.01342	0.00256	0.28522	0.00730	0.00329	0.00858
31	0.02517	0.03196	0.01944	0.01764	0.02103	0.70619	0.01328	0.02692	0.01906	0.01673	0.01052	0.01243	0.00882	0.00723	0.00676	0.00181	0.03911	0.00446	0.00351	0.00791
32	0.01548	0.22471	0.47036	0.01689	0.02512	0.06262	0.02019	0.02134	0.01481	0.02015	0.04092	0.01495	0.01105	0.00668	0.00599	0.00196	0.00923	0.00496	0.00313	0.00947
33	0.00815	0.00689	0.00704	0.00709	0.00930	0.00579	0.00529	0.00991	0.01562	0.01873	0.08916	0.09372	0.66524	0.01739	0.00811	0.00232	0.00348	0.01458	0.00639	0.00579
34	0.00828	0.00643	0.00754	0.00833	0.00963	0.00569	0.00584	0.00980	0.01447	0.01833	0.07962	0.41837	0.34469	0.01929	0.00842	0.00254	0.00371	0.01692	0.00640	0.00569
35	0.01735	0.64834	0.10395	0.01232	0.01837	0.02480	0.01279	0.02019	0.01426	0.01728	0.04860	0.01354	0.01184	0.00637	0.00481	0.00157	0.00737	0.00428	0.00318	0.00879
36	0.02071	0.52074	0.03038	0.01367	0.01875	0.26136	0.01221	0.02276	0.01572	0.01631	0.00986	0.01143	0.00879	0.00625	0.00498	0.00156	0.00898	0.00391	0.00313	0.00850
37	0.00838	0.00628	0.00781	0.00899	0.00993	0.00571	0.00625	0.00980	0.01384	0.01785	0.04568	0.55124	0.21517	0.02028	0.00860	0.00267	0.00394	0.04556	0.00635	0.00564
38	0.20855	0.01230	0.01465	0.01159	0.01660	0.01178	0.00955	0.04769	0.03969	0.52340	0.02273	0.02038	0.01473	0.00800	0.00627	0.00212	0.00573	0.00616	0.00741	0.01065
39	0.01841	0.31963	0.13452	0.01474	0.02036	0.13441	0.03073	0.04907	0.14659	0.02097	0.03940	0.01632	0.01322	0.00717	0.00580	0.00185	0.00815	0.00528	0.00410	0.00927
40	0.08211	0.01449	0.02028	0.14291	0.02423	0.01784	0.07704	0.02285	0.18209	0.04323	0.01522	0.01838	0.01217	0.00926	0.01259	0.00254	0.28339	0.00646	0.00429	0.00861
41	0.01044	0.00762	0.01025	0.01160	0.01321	0.00743	0.00991	0.01327	0.01556	0.02001	0.04103	0.11705	0.13600	0.01883	0.00921	0.00301	0.00575	0.53731	0.00631	0.00618
42	0.01696	0.48211	0.27686	0.01458	0.02192	0.02294	0.01651	0.04441	0.01473	0.01899	0.01072	0.01238	0.00884	0.00616	0.00522	0.00173	0.00830	0.00424	0.00305	0.00935
43	0.01572	0.01334	0.01978	0.49763	0.06241	0.01582	0.01687	0.10957	0.08947	0.04429	0.01567	0.02084	0.01201	0.00771	0.00694	0.00227	0.00829	0.02845	0.00425	0.00867
44	0.01513	0.01272	0.01384	0.01256	0.01584	0.01430	0.00970	0.03032	0.52831	0.02831	0.20413	0.03210	0.03212	0.01049	0.00725	0.00228	0.00485	0.00893	0.00711	0.00970
45	0.01913	0.48944	0.12826	0.01396	0.01999	0.12615	0.01388	0.06361	0.03563	0.01899	0.01100	0.01241	0.00929	0.00636	0.00517	0.00167	0.00839	0.00423	0.00336	0.00908
46	0.10234	0.04316	0.15854	0.01395	0.01892	0.01410	0.04876	0.09352	0.12409	0.06746	0.16300	0.04749	0.02445	0.01105	0.03731	0.00254	0.00703	0.00772	0.00555	0.00901
47	0.17284	0.01488	0.01904	0.40422	0.03398	0.05985	0.04328	0.10830	0.03918	0.02397	0.01270	0.01648	0.00954	0.00697	0.00634	0.00219	0.00833	0.00566	0.00395	0.00829
48	0.00864	0.00658	0.00795	0.00840	0.00978	0.00589	0.00600	0.01061	0.01575	0.02070	0.24435	0.32185	0.27293	0.01791	0.00833	0.00244	0.00359	0.01573	0.00669	0.00589
49	0.07482	0.03719	0.01931	0.07346	0.02145	0.22038	0.10977	0.04130	0.01666	0.03872	0.04719	0.02777	0.14967	0.00978	0.00810	0.00217	0.06354	0.02651	0.00447	0.00774
50	0.01750	0.09978	0.02201	0.25944	0.02924	0.09935	0.05572	0.10590	0.14573	0.02304	0.03822	0.01887	0.01345	0.00773	0.00719	0.00213	0.03504	0.00626	0.00445	0.00893
51	0.10379	0.02798	0.47579	0.04379	0.08909	0.01572	0.02103	0.04373	0.03568	0.06208	0.01343	0.01531	0.00965	0.00670	0.00633	0.00215	0.00890	0.00525	0.00364	0.00995
52	0.05033	0.01454	0.01526	0.01366	0.01759	0.01673	0.01066	0.03558	0.65412	0.05056	0.02706	0.02486	0.02020	0.00913	0.00685	0.00231	0.00542	0.00754	0.00690	0.01071
53	0.04195	0.05576	0.02558	0.38099	0.07864	0.01674	0.16303	0.06075	0.01553	0.04960	0.01309	0.01755	0.00989	0.00683	0.00745	0.00223	0.03582	0.00633	0.00364	0.00861
54	0.01863	0.01892	0.02500	0.08417	0.02611	0.13760	0.19261	0.13845	0.03608	0.02323	0.01411	0.01970	0.01179	0.00872	0.01071	0.00237	0.17584	0.04302	0.00417	0.00877
55	0.00895	0.00696	0.00813	0.00784	0.00977	0.00614	0.00588	0.01149	0.01764	0.02333	0.41783	0.05787	0.36257	0.01552	0.00808	0.00222	0.00334	0.01332	0.00699	0.00614
56	0.14290	0.03994	0.09389	0.18770	0.02982	0.01714	0.16854	0.15148	0.03254	0.05182	0.01376	0.01655	0.01010	0.00683	0.00661	0.00218	0.00860	0.00606	0.00432	0.00922
57	0.04789	0.03661	0.03945	0.06185	0.01854	0.05650	0.08049	0.04161	0.06988	0.08578	0.22079	0.13676	0.05244	0.01154	0.00741	0.00223	0.00615	0.01017	0.00593	0.00796
58	0.00901	0.00723	0.00808	0.00782	0.00992	0.00643	0.00588	0.01194	0.04155	0.02225	0.31273	0.05880	0.44241	0.01577	0.00804	0.00225	0.00344	0.01341	0.00682	0.00621
59	0.06255	0.11164	0.03926	0.01508	0.01972	0.24641	0.01248	0.18935	0.07188	0.11975	0.01531	0.01570	0.01142	0.00766	0.00672	0.00195	0.03291	0.00536	0.00518	0.00967
60	0.01586	0.01466	0.03606	0.31786	0.11562	0.05875	0.01572	0.06289	0.09425	0.04321	0.03273	0.02025	0.01323	0.02940	0.03325	0.03107	0.04609	0.00647	0.00413	0.00849
61	0.01707	0.01582	0.02559	0.17086	0.40955	0.01672	0.06875	0.09316	0.07029	0.02408	0.01434	0.01791	0.01133	0.00669	0.00690	0.00212	0.00830	0.00637	0.00397	0.01018
62	0.01804	0.72352	0.07381	0.01214	0.01822	0.02645	0.01245	0.02055	0.01393	0.01640	0.00966	0.01117	0.00877	0.00589	0.00451	0.00150	0.00747	0.00374	0.00292	0.00885

[dist]
# distance from previous block
# <min> <max>
0	1

[block]
# block no. 5 follows, 31 sequences, length 22
# corresponding to MSA columns:
# 336-357
name=unknown_F
#
# <colnr> <probs for GDERKNQSTAVLIFYWHMCP>
#	G	D	E	R	K	N	Q	S	T	A	V	L	I	F	Y	W	H	M	C	P
0	0.02209	0.02122	0.02086	0.18266	0.09111	0.22581	0.01515	0.28598	0.02276	0.02777	0.01344	0.01569	0.01017	0.00737	0.00664	0.00202	0.00934	0.00563	0.00470	0.00958
1	0.01578	0.01355	0.01433	0.01298	0.01658	0.01539	0.01007	0.03259	0.60240	0.02764	0.07163	0.03065	0.08591	0.01028	0.00713	0.00231	0.00511	0.00861	0.00694	0.01012
2	0.01225	0.00652	0.00793	0.03660	0.00995	0.00668	0.00581	0.01343	0.01233	0.02009	0.01853	0.02471	0.01579	0.04893	0.03964	0.24746	0.00498	0.00643	0.45665	0.00527
3	0.58667	0.01191	0.01019	0.00913	0.01298	0.01314	0.00742	0.01898	0.01284	0.05624	0.05093	0.01985	0.05002	0.00832	0.00558	0.02270	0.00511	0.03089	0.02291	0.04419
4	0.01036	0.01188	0.12788	0.01233	0.01498	0.00964	0.01121	0.01366	0.01164	0.01689	0.01809	0.05346	0.01683	0.04278	0.58491	0.00922	0.01641	0.00743	0.00364	0.00674
5	0.01188	0.00594	0.00891	0.00891	0.00891	0.00594	0.00594	0.00891	0.00891	0.01188	0.01188	0.02080	0.01188	0.02377	0.02674	0.80095	0.00594	0.00594	0.00297	0.00297
6	0.00950	0.00725	0.00883	0.00910	0.01063	0.00686	0.00666	0.01294	0.06685	0.02213	0.28144	0.28083	0.19117	0.01695	0.00826	0.00244	0.00380	0.04120	0.00681	0.00634
7	0.00900	0.00679	0.00821	0.00821	0.00975	0.00611	0.00596	0.01130	0.01678	0.02248	0.37916	0.17069	0.25230	0.05088	0.00943	0.00251	0.00358	0.01403	0.00683	0.00600
8	0.14029	0.00817	0.00783	0.00750	0.01025	0.00753	0.00577	0.01253	0.01512	0.05115	0.05765	0.05501	0.56776	0.01514	0.00740	0.00227	0.00387	0.01235	0.00610	0.00630
9	0.11035	0.00803	0.00796	0.00775	0.01011	0.00770	0.00587	0.03883	0.01552	0.02251	0.08312	0.10801	0.39284	0.01423	0.00706	0.00219	0.00384	0.01176	0.13598	0.00632
10	0.01094	0.00762	0.00959	0.00982	0.01137	0.00749	0.00723	0.05849	0.01526	0.04966	0.08046	0.35535	0.15271	0.02333	0.12704	0.00391	0.00656	0.03278	0.02393	0.00645
11	0.00857	0.00618	0.00844	0.00977	0.01030	0.00605	0.00671	0.00997	0.01275	0.01720	0.03453	0.63562	0.04063	0.02634	0.12747	0.00413	0.00632	0.01746	0.00591	0.00565
12	0.01280	0.13119	0.01276	0.00858	0.00994	0.01020	0.00590	0.01339	0.01142	0.06629	0.02053	0.06175	0.02234	0.55526	0.02688	0.00532	0.00659	0.00901	0.00434	0.00551
13	0.00934	0.00701	0.00768	0.00757	0.00970	0.00605	0.00566	0.01138	0.01618	0.04440	0.17882	0.10941	0.50103	0.01638	0.00797	0.00228	0.00353	0.01387	0.03562	0.00610
14	0.02149	0.01169	0.01376	0.01126	0.01536	0.01141	0.00906	0.14971	0.08198	0.29777	0.06510	0.03224	0.15849	0.01048	0.00699	0.00212	0.00528	0.00855	0.07757	0.00968
15	0.00888	0.00779	0.00916	0.12772	0.01546	0.00732	0.00746	0.01108	0.01528	0.01832	0.05993	0.05803	0.59845	0.01561	0.00788	0.00231	0.00439	0.01307	0.00581	0.00607
16	0.13986	0.00788	0.00828	0.00811	0.01029	0.00755	0.00610	0.01250	0.01592	0.02334	0.26899	0.12690	0.31070	0.01487	0.00752	0.00228	0.00374	0.01254	0.00639	0.00624
17	0.07453	0.00947	0.01134	0.01028	0.01246	0.00998	0.00807	0.01592	0.03616	0.10327	0.19356	0.08953	0.24895	0.01384	0.01001	0.00238	0.12592	0.01100	0.00617	0.00716
18	0.01029	0.00807	0.01102	0.12928	0.01653	0.00818	0.00866	0.01405	0.04055	0.02439	0.46794	0.07528	0.11430	0.01341	0.00790	0.00225	0.00441	0.03023	0.00658	0.00668
19	0.07800	0.01221	0.04090	0.01117	0.01551	0.01092	0.00937	0.12036	0.01969	0.28695	0.13465	0.03291	0.15228	0.01058	0.00701	0.00212	0.00534	0.00862	0.00703	0.03437
20	0.14164	0.00789	0.00845	0.00844	0.01026	0.00779	0.00607	0.01379	0.01389	0.06330	0.09042	0.23050	0.14800	0.12070	0.01101	0.00292	0.00444	0.01187	0.09240	0.00623
21	0.01335	0.00834	0.01146	0.12969	0.01721	0.00816	0.00884	0.01567	0.01566	0.14341	0.15303	0.23192	0.14753	0.03460	0.00900	0.02138	0.00505	0.01240	0.00625	0.00706

[dist]
# distance from previous block
# <min> <max>
0	19

# created by:
# /home/cegg/simao/soft/augustus-3.2.1/scripts/msa2prfl.pl ./align_prep/EOG090W0D0E.fa
