[name]
unknown

[dist]
# distance from previous block
# <min> <max>
12	35

[block]
# block no. 0 follows, 34 sequences, length 23
# corresponding to MSA columns:
# 43-65
name=unknown_A
#
# <colnr> <probs for GDERKNQSTAVLIFYWHMCP>
#	G	D	E	R	K	N	Q	S	T	A	V	L	I	F	Y	W	H	M	C	P
0	0.03700	0.01313	0.01466	0.09851	0.05671	0.11997	0.03608	0.01795	0.08566	0.03702	0.12113	0.16091	0.06812	0.01093	0.00765	0.00211	0.04864	0.00921	0.00490	0.04973
1	0.01292	0.01052	0.01124	0.05583	0.01408	0.07179	0.00814	0.07824	0.06744	0.05086	0.02964	0.30970	0.10492	0.11218	0.01101	0.00282	0.02477	0.01189	0.00541	0.00660
2	0.18961	0.03690	0.01428	0.12038	0.06100	0.08920	0.03717	0.03850	0.01365	0.02043	0.02032	0.14504	0.07398	0.05279	0.02989	0.00255	0.00677	0.00807	0.03262	0.00685
3	0.04290	0.01366	0.01922	0.44019	0.09396	0.07771	0.04527	0.03821	0.01440	0.04040	0.03861	0.01766	0.01121	0.00777	0.02698	0.00223	0.00846	0.00578	0.00348	0.05188
4	0.01786	0.01345	0.01601	0.06454	0.01856	0.09352	0.06957	0.07137	0.08979	0.17262	0.06917	0.09846	0.04283	0.03758	0.00801	0.00218	0.02555	0.00801	0.02229	0.05863
5	0.01435	0.01072	0.01234	0.01139	0.01379	0.01149	0.00877	0.22368	0.10108	0.02489	0.02667	0.23949	0.04856	0.08760	0.05732	0.00323	0.00625	0.08498	0.00584	0.00755
6	0.06167	0.01388	0.01591	0.01265	0.01691	0.01471	0.03565	0.35605	0.06248	0.14603	0.03817	0.04210	0.03501	0.00839	0.00626	0.00195	0.00594	0.00672	0.10995	0.00957
7	0.00930	0.00666	0.00904	0.00904	0.00972	0.00734	0.00639	0.01067	0.00998	0.01400	0.01854	0.03221	0.01912	0.34129	0.45855	0.00872	0.01284	0.00792	0.00364	0.00502
8	0.01556	0.01585	0.05722	0.09475	0.64775	0.01526	0.01986	0.01960	0.01453	0.02072	0.01208	0.01598	0.01002	0.00583	0.00639	0.00194	0.00783	0.00571	0.00315	0.00997
9	0.02456	0.01810	0.01939	0.01487	0.02004	0.02004	0.01228	0.71107	0.03038	0.04072	0.01551	0.01551	0.01099	0.00776	0.00646	0.00194	0.00711	0.00582	0.00646	0.01099
10	0.02460	0.21999	0.02117	0.01244	0.01748	0.07723	0.01069	0.15596	0.01928	0.35145	0.01788	0.01678	0.01234	0.00718	0.00580	0.00179	0.00669	0.00536	0.00591	0.00998
11	0.00806	0.00626	0.00733	0.00776	0.00912	0.00564	0.00553	0.00965	0.01390	0.01778	0.12920	0.28951	0.35603	0.05330	0.04800	0.00293	0.00428	0.01441	0.00590	0.00541
12	0.02365	0.01662	0.01793	0.01388	0.01870	0.01819	0.01142	0.61125	0.02821	0.07624	0.01655	0.01664	0.01176	0.00775	0.00629	0.00190	0.00665	0.00587	0.07994	0.01053
13	0.00786	0.00567	0.00745	0.00886	0.00934	0.00526	0.00594	0.00901	0.01250	0.01655	0.03725	0.72991	0.08047	0.02003	0.00821	0.00260	0.00372	0.01811	0.00600	0.00526
14	0.01585	0.20513	0.41753	0.04896	0.02491	0.01777	0.03944	0.08872	0.01540	0.05187	0.01200	0.01368	0.00889	0.00623	0.00577	0.00189	0.00851	0.00477	0.00335	0.00933
15	0.01906	0.02052	0.01870	0.02048	0.18348	0.29496	0.01326	0.06147	0.19112	0.02120	0.01776	0.01875	0.05075	0.00770	0.00678	0.00193	0.03286	0.00596	0.00439	0.00886
16	0.00793	0.00589	0.00743	0.00863	0.00941	0.00538	0.00597	0.00924	0.01296	0.01681	0.04160	0.59571	0.18166	0.01935	0.00815	0.00255	0.00375	0.04626	0.00600	0.00532
17	0.00951	0.00733	0.01091	0.01075	0.01184	0.00873	0.00842	0.01176	0.01036	0.01503	0.01681	0.02475	0.01572	0.04637	0.70653	0.00996	0.05909	0.00685	0.00343	0.00584
18	0.01340	0.01148	0.01340	0.00957	0.01531	0.00861	0.00766	0.01627	0.01340	0.02105	0.01148	0.01340	0.00957	0.00479	0.00479	0.00096	0.00479	0.00383	0.00383	0.81242
19	0.13043	0.06183	0.04373	0.01918	0.12680	0.28253	0.06869	0.11863	0.04967	0.02290	0.01193	0.01370	0.00943	0.00651	0.00585	0.00185	0.00884	0.00494	0.00393	0.00865
20	0.02415	0.01744	0.01967	0.01664	0.07675	0.01902	0.01271	0.61420	0.02840	0.08183	0.01586	0.01595	0.01123	0.00761	0.00646	0.00194	0.00706	0.00585	0.00630	0.01093
21	0.02057	0.01820	0.01893	0.13026	0.08287	0.14375	0.01337	0.35235	0.06245	0.02949	0.05285	0.01740	0.01329	0.00755	0.00642	0.00194	0.00784	0.00591	0.00514	0.00943
22	0.00924	0.04869	0.01247	0.01122	0.01259	0.00763	0.08780	0.01091	0.01275	0.01691	0.03156	0.64059	0.03705	0.01773	0.00795	0.00251	0.00475	0.01632	0.00551	0.00581

[dist]
# distance from previous block
# <min> <max>
0	2

[block]
# block no. 1 follows, 34 sequences, length 7
# corresponding to MSA columns:
# 68-74
name=unknown_B
#
# <colnr> <probs for GDERKNQSTAVLIFYWHMCP>
#	G	D	E	R	K	N	Q	S	T	A	V	L	I	F	Y	W	H	M	C	P
0	0.01591	0.01330	0.01456	0.01375	0.05414	0.06272	0.00995	0.18540	0.16481	0.02380	0.01927	0.07312	0.01742	0.14309	0.11734	0.00399	0.04675	0.00760	0.00502	0.00804
1	0.01554	0.01327	0.01484	0.01439	0.06382	0.01501	0.01049	0.07001	0.53800	0.02599	0.02675	0.02571	0.06611	0.01168	0.05634	0.00271	0.00610	0.00751	0.00610	0.00965
2	0.01460	0.01110	0.01323	0.00966	0.01504	0.00853	0.00773	0.01745	0.01422	0.09013	0.06205	0.01661	0.01371	0.00567	0.00514	0.00113	0.00473	0.00462	0.00445	0.68019
3	0.01714	0.03799	0.01745	0.01486	0.06606	0.09282	0.08402	0.06898	0.10209	0.11833	0.09940	0.02540	0.06675	0.05919	0.00824	0.00216	0.00656	0.00721	0.00523	0.10012
4	0.01362	0.01308	0.06000	0.01884	0.21184	0.01113	0.04796	0.04651	0.01356	0.01963	0.01428	0.02205	0.01342	0.20788	0.01294	0.00279	0.00667	0.00617	0.00370	0.25393
5	0.01285	0.01016	0.01233	0.01126	0.04971	0.00915	0.00829	0.05433	0.07587	0.04251	0.15504	0.07515	0.10411	0.01006	0.00648	0.00176	0.00463	0.05390	0.00541	0.29700
6	0.04183	0.01282	0.05418	0.01176	0.03518	0.01016	0.02551	0.04802	0.01514	0.13491	0.05295	0.01816	0.03375	0.00649	0.00589	0.00144	0.02280	0.00525	0.00472	0.45905

[dist]
# distance from previous block
# <min> <max>
0	5

[block]
# block no. 2 follows, 34 sequences, length 58
# corresponding to MSA columns:
# 80-137
name=unknown_C
#
# <colnr> <probs for GDERKNQSTAVLIFYWHMCP>
#	G	D	E	R	K	N	Q	S	T	A	V	L	I	F	Y	W	H	M	C	P
0	0.18764	0.07871	0.04420	0.01690	0.09087	0.20280	0.06056	0.13656	0.03856	0.02431	0.01192	0.01369	0.00939	0.00663	0.00598	0.00187	0.02679	0.00486	0.02929	0.00849
1	0.16192	0.17032	0.17416	0.01385	0.03542	0.01610	0.04305	0.05867	0.06515	0.13453	0.01477	0.03568	0.01130	0.00686	0.00555	0.00189	0.00683	0.00528	0.00442	0.03426
2	0.06510	0.01573	0.04414	0.06403	0.51280	0.03797	0.03973	0.04125	0.03459	0.04092	0.01340	0.03751	0.01121	0.00645	0.00633	0.00197	0.00758	0.00603	0.00363	0.00965
3	0.00940	0.00626	0.00705	0.00705	0.00705	0.00626	0.00392	0.00940	0.00940	0.01253	0.02036	0.04228	0.02349	0.77292	0.03289	0.00626	0.00626	0.00940	0.00392	0.00392
4	0.02313	0.07404	0.01967	0.01490	0.01947	0.20880	0.01205	0.42029	0.09184	0.03117	0.01465	0.01497	0.01094	0.00741	0.00615	0.00185	0.00809	0.00536	0.00540	0.00982
5	0.81856	0.01250	0.00950	0.00850	0.01250	0.01449	0.00700	0.01899	0.01100	0.02899	0.00900	0.01050	0.00700	0.00600	0.00400	0.00200	0.00500	0.00350	0.00400	0.00700
6	0.00964	0.00722	0.00992	0.00971	0.01039	0.00830	0.00709	0.01109	0.01001	0.01419	0.01772	0.03038	0.01812	0.29475	0.44913	0.00842	0.06744	0.00768	0.00357	0.00523
7	0.00775	0.00655	0.00670	0.00666	0.00879	0.00550	0.00499	0.00948	0.01498	0.01806	0.11332	0.06118	0.68175	0.01614	0.00764	0.00217	0.00326	0.01350	0.00608	0.00550
8	0.01340	0.01148	0.01340	0.00957	0.01531	0.00861	0.00766	0.01627	0.01340	0.02105	0.01148	0.01340	0.00957	0.00479	0.00479	0.00096	0.00479	0.00383	0.00383	0.81242
9	0.00816	0.00646	0.00739	0.00779	0.00946	0.00570	0.00585	0.01000	0.01470	0.01848	0.13595	0.20343	0.43875	0.01692	0.00789	0.00234	0.00362	0.08544	0.00613	0.00554
10	0.01651	0.35438	0.21838	0.01898	0.14528	0.08995	0.03523	0.02038	0.01410	0.01784	0.01044	0.01253	0.00865	0.00584	0.00532	0.00170	0.00831	0.00439	0.00290	0.00890
11	0.01535	0.06636	0.14194	0.05175	0.42590	0.01610	0.14918	0.01997	0.01450	0.02043	0.01202	0.01557	0.00966	0.00576	0.00645	0.00196	0.00855	0.00581	0.00310	0.00964
12	0.00793	0.00571	0.00753	0.00887	0.00937	0.00530	0.00597	0.00918	0.01276	0.01703	0.07362	0.70738	0.06594	0.01974	0.00819	0.00258	0.00370	0.01786	0.00606	0.00530
13	0.01591	0.27906	0.21406	0.01732	0.02359	0.08104	0.17543	0.02059	0.03386	0.01853	0.03181	0.01454	0.01045	0.00625	0.00631	0.00185	0.03244	0.00523	0.00315	0.00860
14	0.00779	0.00655	0.00675	0.00670	0.00882	0.00552	0.00503	0.00956	0.01508	0.01829	0.13131	0.06080	0.66362	0.01605	0.00763	0.00217	0.00325	0.01344	0.00611	0.00552
15	0.01703	0.01453	0.01652	0.01645	0.10113	0.01644	0.01159	0.10975	0.55941	0.02789	0.02341	0.02218	0.01762	0.00830	0.00654	0.00213	0.00564	0.00695	0.00617	0.01031
16	0.01022	0.00730	0.01084	0.01061	0.01190	0.00846	0.00830	0.01251	0.01072	0.04631	0.01742	0.02493	0.01594	0.04569	0.69529	0.00981	0.03720	0.00687	0.00364	0.00603
17	0.02298	0.07004	0.01940	0.01399	0.01891	0.01941	0.01164	0.59632	0.05172	0.03744	0.01577	0.01598	0.01145	0.00762	0.00618	0.00188	0.00677	0.00572	0.05631	0.01046
18	0.03716	0.01234	0.01904	0.49750	0.10395	0.01428	0.01611	0.06376	0.04372	0.10897	0.01409	0.01769	0.01025	0.00675	0.00640	0.00210	0.00780	0.00585	0.00395	0.00831
19	0.02487	0.01760	0.01908	0.01463	0.01979	0.01930	0.01209	0.66375	0.02955	0.08922	0.01621	0.01596	0.01134	0.00777	0.00647	0.00194	0.00700	0.00586	0.00657	0.01099
20	0.02312	0.01732	0.01860	0.01440	0.01946	0.01901	0.01182	0.60730	0.09498	0.03830	0.01631	0.01621	0.01174	0.00768	0.00638	0.00191	0.00679	0.00585	0.00632	0.05650
21	0.81856	0.01250	0.00950	0.00850	0.01250	0.01449	0.00700	0.01899	0.01100	0.02899	0.00900	0.01050	0.00700	0.00600	0.00400	0.00200	0.00500	0.00350	0.00400	0.00700
22	0.01500	0.01143	0.01356	0.00977	0.01543	0.00870	0.00785	0.01784	0.01392	0.09472	0.01293	0.01428	0.01023	0.00512	0.00496	0.00106	0.00486	0.00410	0.00426	0.72997
23	0.81856	0.01250	0.00950	0.00850	0.01250	0.01449	0.00700	0.01899	0.01100	0.02899	0.00900	0.01050	0.00700	0.00600	0.00400	0.00200	0.00500	0.00350	0.00400	0.00700
24	0.81856	0.01250	0.00950	0.00850	0.01250	0.01449	0.00700	0.01899	0.01100	0.02899	0.00900	0.01050	0.00700	0.00600	0.00400	0.00200	0.00500	0.00350	0.00400	0.00700
25	0.01525	0.01743	0.03813	0.02723	0.03377	0.01634	0.70915	0.02070	0.01525	0.02070	0.01307	0.01743	0.00980	0.00545	0.00763	0.00218	0.01089	0.00763	0.00327	0.00871
26	0.02113	0.02579	0.01876	0.01674	0.01907	0.52836	0.01298	0.02272	0.01578	0.01573	0.00953	0.01240	0.00837	0.00806	0.01045	0.00201	0.23697	0.00461	0.00318	0.00736
27	0.00914	0.00660	0.00864	0.00813	0.00965	0.00610	0.00610	0.01219	0.01829	0.02591	0.72921	0.04827	0.06097	0.01321	0.00762	0.00203	0.00305	0.01169	0.00711	0.00610
28	0.02414	0.03079	0.01831	0.01665	0.01998	0.74698	0.01248	0.02580	0.01831	0.01581	0.00999	0.01165	0.00832	0.00666	0.00583	0.00166	0.01165	0.00416	0.00333	0.00749
29	0.01494	0.01339	0.01957	0.13048	0.32522	0.01450	0.01516	0.02338	0.24100	0.02238	0.01839	0.02267	0.01502	0.00765	0.00653	0.00209	0.00666	0.04846	0.04318	0.00933
30	0.00967	0.00724	0.00937	0.03414	0.01134	0.00705	0.00679	0.01375	0.06871	0.02510	0.61166	0.08913	0.05508	0.01308	0.00754	0.00208	0.00343	0.01157	0.00686	0.00638
31	0.02313	0.07403	0.01940	0.01568	0.01923	0.46452	0.01231	0.13233	0.01907	0.06989	0.01172	0.01314	0.00929	0.00730	0.00735	0.00183	0.08276	0.00468	0.00406	0.00829
32	0.01742	0.01455	0.01537	0.01342	0.01731	0.01670	0.01055	0.14147	0.61162	0.02920	0.02459	0.02275	0.01834	0.00861	0.00656	0.00215	0.00543	0.00707	0.00656	0.01035
33	0.01599	0.01535	0.02623	0.03966	0.73262	0.01535	0.01983	0.01983	0.01471	0.02111	0.01215	0.01599	0.01023	0.00576	0.00640	0.00192	0.00768	0.00576	0.00320	0.01023
34	0.00914	0.00660	0.00864	0.00813	0.00965	0.00610	0.00610	0.01219	0.01829	0.02591	0.72921	0.04827	0.06097	0.01321	0.00762	0.00203	0.00305	0.01169	0.00711	0.00610
35	0.01711	0.74887	0.06038	0.01133	0.01701	0.02517	0.01154	0.01939	0.01315	0.01540	0.00908	0.01049	0.00829	0.00555	0.00422	0.00141	0.00701	0.00350	0.00276	0.00834
36	0.00804	0.00602	0.00746	0.00824	0.00926	0.00545	0.00574	0.00962	0.01399	0.01838	0.16444	0.46712	0.21662	0.01805	0.00799	0.00241	0.00351	0.01602	0.00619	0.00545
37	0.01220	0.01148	0.01938	0.75739	0.04450	0.01436	0.01794	0.01651	0.01292	0.01651	0.01148	0.01723	0.00861	0.00646	0.00646	0.00215	0.00861	0.00574	0.00287	0.00718
38	0.00933	0.00624	0.00707	0.00713	0.00715	0.00622	0.00400	0.00938	0.00952	0.01270	0.02100	0.07296	0.02430	0.74113	0.03185	0.00611	0.00616	0.00978	0.00400	0.00397
39	0.01496	0.01508	0.02325	0.05682	0.23733	0.03597	0.07487	0.01758	0.01215	0.01772	0.01016	0.01505	0.00913	0.00880	0.01453	0.00244	0.41716	0.00582	0.00299	0.00819
40	0.00864	0.00621	0.00818	0.00848	0.00954	0.00576	0.00606	0.01091	0.01592	0.02214	0.45161	0.33660	0.05367	0.01602	0.00787	0.00227	0.00333	0.01436	0.00667	0.00576
41	0.01933	0.05480	0.23286	0.01930	0.07132	0.08163	0.15482	0.09185	0.01711	0.17183	0.01496	0.01616	0.01057	0.00655	0.00645	0.00198	0.00868	0.00576	0.00440	0.00963
42	0.02097	0.09904	0.14298	0.01528	0.02103	0.05912	0.03291	0.39135	0.08244	0.04975	0.01497	0.01540	0.01092	0.00722	0.00618	0.00191	0.00765	0.00550	0.00524	0.01015
43	0.02762	0.01069	0.01456	0.01126	0.01602	0.00926	0.00926	0.03016	0.01848	0.68804	0.07403	0.02380	0.01910	0.00836	0.00658	0.00200	0.00533	0.00686	0.00794	0.01066
44	0.01752	0.27652	0.10599	0.01645	0.09208	0.08999	0.03089	0.04683	0.19987	0.04123	0.01502	0.01571	0.01182	0.00672	0.00563	0.00181	0.00735	0.00519	0.00414	0.00924
45	0.01115	0.00564	0.00836	0.00836	0.00836	0.00564	0.00554	0.00846	0.00846	0.01128	0.01160	0.02056	0.01172	0.05305	0.02556	0.77915	0.00564	0.00577	0.00285	0.00285
46	0.00778	0.00598	0.00712	0.00804	0.00912	0.00533	0.00557	0.00911	0.01329	0.01687	0.04731	0.49176	0.31213	0.01872	0.00801	0.00245	0.00356	0.01651	0.00600	0.00533
47	0.02004	0.08112	0.01914	0.01363	0.01841	0.10908	0.02830	0.27942	0.02039	0.05712	0.01301	0.01423	0.01004	0.00682	0.00681	0.00166	0.06112	0.00492	0.00476	0.22997
48	0.01559	0.16898	0.38199	0.01712	0.04611	0.06257	0.06384	0.04181	0.03215	0.03802	0.01194	0.01373	0.00905	0.00606	0.00578	0.00182	0.00859	0.00478	0.00324	0.06681
49	0.01672	0.17287	0.32614	0.01934	0.10112	0.05861	0.08033	0.07410	0.01561	0.05917	0.01223	0.01408	0.00922	0.00617	0.00594	0.00188	0.00867	0.00502	0.00344	0.00937
50	0.01209	0.00920	0.01022	0.00953	0.01212	0.00933	0.00727	0.01952	0.24910	0.06807	0.17427	0.09652	0.27123	0.01300	0.00725	0.00218	0.00402	0.01106	0.00653	0.00749
51	0.01443	0.01376	0.02340	0.33591	0.44860	0.01494	0.01905	0.01846	0.01397	0.01921	0.01188	0.01650	0.00957	0.00605	0.00642	0.00202	0.00806	0.00575	0.00306	0.00897
52	0.01753	0.11253	0.12239	0.02329	0.17026	0.06795	0.21408	0.06518	0.05445	0.06994	0.01369	0.01592	0.01042	0.00619	0.00642	0.00195	0.00870	0.00591	0.00382	0.00938
53	0.01580	0.01586	0.02417	0.15804	0.50357	0.08115	0.04261	0.01949	0.01468	0.01969	0.01263	0.03993	0.01081	0.00641	0.00646	0.00197	0.00818	0.00608	0.00325	0.00925
54	0.00807	0.00591	0.00763	0.00893	0.00964	0.00547	0.00625	0.00942	0.01290	0.01687	0.03942	0.61379	0.13289	0.01952	0.00823	0.00260	0.00388	0.07725	0.00599	0.00534
55	0.01437	0.00851	0.01166	0.01173	0.04376	0.00803	0.02564	0.05674	0.01531	0.17803	0.05193	0.37401	0.05615	0.04594	0.00868	0.00255	0.00493	0.06860	0.00622	0.00720
56	0.01447	0.02890	0.55284	0.01945	0.06240	0.03228	0.08003	0.04178	0.01469	0.05200	0.01395	0.01582	0.02921	0.00649	0.00634	0.00204	0.00919	0.00541	0.00325	0.00945
57	0.03778	0.04046	0.02088	0.04237	0.18904	0.08964	0.13887	0.03464	0.01530	0.05187	0.05622	0.15631	0.02078	0.00997	0.00703	0.00216	0.00740	0.06682	0.00445	0.00800

[dist]
# distance from previous block
# <min> <max>
0	27

[block]
# block no. 3 follows, 34 sequences, length 42
# corresponding to MSA columns:
# 165-206
name=unknown_D
#
# <colnr> <probs for GDERKNQSTAVLIFYWHMCP>
#	G	D	E	R	K	N	Q	S	T	A	V	L	I	F	Y	W	H	M	C	P
0	0.01265	0.01182	0.01302	0.01223	0.01336	0.11575	0.02573	0.01443	0.01231	0.01667	0.01903	0.19798	0.01979	0.05282	0.16405	0.00415	0.18299	0.00898	0.09601	0.00621
1	0.05225	0.03738	0.02486	0.07693	0.34624	0.03210	0.13980	0.04122	0.02999	0.05561	0.01316	0.01655	0.01051	0.00799	0.03982	0.00233	0.02407	0.00593	0.00365	0.03961
2	0.07541	0.02239	0.01755	0.01594	0.03989	0.37394	0.03625	0.09773	0.17943	0.02236	0.01548	0.01788	0.01251	0.00764	0.00616	0.00192	0.00883	0.03563	0.00455	0.00850
3	0.01461	0.01405	0.02424	0.29479	0.46115	0.01503	0.04522	0.01868	0.01409	0.01946	0.01195	0.01649	0.00964	0.00600	0.00647	0.00201	0.00813	0.00582	0.00308	0.00909
4	0.00813	0.00633	0.00743	0.00794	0.00941	0.00563	0.00583	0.00992	0.01452	0.01853	0.15078	0.28259	0.36575	0.01723	0.00792	0.00236	0.00359	0.06444	0.00616	0.00552
5	0.02035	0.02120	0.01668	0.01476	0.01847	0.31047	0.01139	0.11348	0.35414	0.02419	0.01842	0.01805	0.01407	0.00780	0.00626	0.00195	0.00799	0.00586	0.00526	0.00922
6	0.01662	0.01574	0.02514	0.07683	0.62403	0.03444	0.01898	0.07056	0.01586	0.02216	0.01231	0.01591	0.01015	0.00597	0.00639	0.00193	0.00779	0.00572	0.00342	0.01005
7	0.01560	0.40825	0.33381	0.01459	0.02158	0.04816	0.01667	0.01995	0.01344	0.01748	0.01012	0.01193	0.00825	0.00601	0.00558	0.00172	0.03123	0.00411	0.00277	0.00876
8	0.81856	0.01250	0.00950	0.00850	0.01250	0.01449	0.00700	0.01899	0.01100	0.02899	0.00900	0.01050	0.00700	0.00600	0.00400	0.00200	0.00500	0.00350	0.00400	0.00700
9	0.00928	0.00671	0.00931	0.00931	0.01010	0.00749	0.00674	0.01085	0.01007	0.01421	0.01829	0.03081	0.01851	0.28119	0.51781	0.00906	0.01376	0.00772	0.00361	0.00517
10	0.00829	0.00588	0.00773	0.00877	0.00920	0.00570	0.00585	0.00942	0.01197	0.01613	0.06155	0.55488	0.03808	0.14370	0.07743	0.00387	0.00532	0.01562	0.00549	0.00512
11	0.00855	0.00654	0.00759	0.00738	0.00895	0.00590	0.00535	0.01057	0.01536	0.02024	0.33513	0.05266	0.33438	0.12053	0.03031	0.00290	0.00396	0.01206	0.00611	0.00552
12	0.00831	0.00645	0.00719	0.00717	0.00870	0.00573	0.00509	0.00997	0.01449	0.01854	0.21269	0.10319	0.40390	0.14592	0.01201	0.00288	0.00377	0.01277	0.00590	0.00533
13	0.01458	0.01389	0.02303	0.29093	0.39735	0.01521	0.03475	0.01961	0.06580	0.01973	0.01286	0.01700	0.01029	0.00639	0.00692	0.00206	0.03135	0.00591	0.00332	0.00902
14	0.02456	0.01810	0.01939	0.01487	0.02004	0.02004	0.01228	0.71107	0.03038	0.04072	0.01551	0.01551	0.01099	0.00776	0.00646	0.00194	0.00711	0.00582	0.00646	0.01099
15	0.01637	0.62081	0.18193	0.01260	0.01897	0.02335	0.01375	0.01958	0.01324	0.01631	0.00953	0.01105	0.00827	0.00566	0.00456	0.00152	0.00746	0.00373	0.00276	0.00856
16	0.01086	0.00903	0.01363	0.07215	0.20371	0.00912	0.01069	0.01380	0.04495	0.01863	0.04289	0.44227	0.03025	0.01434	0.00743	0.00234	0.00517	0.01309	0.02868	0.00698
17	0.01607	0.01388	0.01461	0.01315	0.01680	0.01607	0.01023	0.03433	0.72094	0.02703	0.02630	0.02411	0.01972	0.00877	0.00657	0.00219	0.00511	0.00731	0.00657	0.01023
18	0.01220	0.01148	0.01938	0.75739	0.04450	0.01436	0.01794	0.01651	0.01292	0.01651	0.01148	0.01723	0.00861	0.00646	0.00646	0.00215	0.00861	0.00574	0.00287	0.00718
19	0.02294	0.01687	0.01822	0.01418	0.01885	0.01865	0.01157	0.63630	0.02818	0.03782	0.01589	0.01762	0.01200	0.05719	0.04105	0.00258	0.00751	0.00609	0.00617	0.01032
20	0.01525	0.01743	0.03813	0.02723	0.03377	0.01634	0.70915	0.02070	0.01525	0.02070	0.01307	0.01743	0.00980	0.00545	0.00763	0.00218	0.01089	0.00763	0.00327	0.00871
21	0.01508	0.04976	0.03170	0.02273	0.02790	0.01604	0.49316	0.02005	0.04408	0.04214	0.01628	0.04966	0.03953	0.00735	0.00893	0.00223	0.09345	0.00784	0.00370	0.00838
22	0.00870	0.00625	0.00860	0.00992	0.01068	0.00616	0.00740	0.01044	0.01278	0.01705	0.03302	0.49786	0.03806	0.02306	0.09835	0.00366	0.00597	0.19087	0.00568	0.00549
23	0.02414	0.03079	0.01831	0.01665	0.01998	0.74698	0.01248	0.02580	0.01831	0.01581	0.00999	0.01165	0.00832	0.00666	0.00583	0.00166	0.01165	0.00416	0.00333	0.00749
24	0.00983	0.00821	0.01249	0.04488	0.01467	0.00804	0.09258	0.01324	0.06692	0.01896	0.10185	0.42671	0.08744	0.01585	0.00790	0.00244	0.00495	0.05110	0.00568	0.00627
25	0.02866	0.01152	0.01532	0.01174	0.01675	0.01027	0.00970	0.08139	0.01937	0.68596	0.02476	0.02152	0.01563	0.00798	0.00650	0.00199	0.00562	0.00645	0.00788	0.01100
26	0.01778	0.72203	0.03272	0.01147	0.01683	0.07854	0.01116	0.01982	0.01351	0.01525	0.00906	0.01046	0.00829	0.00561	0.00427	0.00140	0.00726	0.00351	0.00281	0.00823
27	0.02299	0.00930	0.01191	0.00962	0.01344	0.00828	0.00779	0.02562	0.01683	0.49072	0.02545	0.02398	0.03995	0.00813	0.00592	0.00185	0.00465	0.00659	0.25772	0.00926
28	0.00832	0.00599	0.00797	0.00932	0.00999	0.00564	0.00666	0.00984	0.01311	0.01738	0.06567	0.59942	0.07075	0.01941	0.00830	0.00264	0.00405	0.12412	0.00604	0.00540
29	0.01361	0.02505	0.43703	0.04023	0.02631	0.01471	0.12633	0.05070	0.04416	0.02115	0.01512	0.04545	0.01256	0.00784	0.00727	0.00219	0.03736	0.06050	0.00352	0.00892
30	0.01492	0.01412	0.02378	0.05792	0.62144	0.01420	0.01810	0.01850	0.01437	0.02036	0.01540	0.04905	0.03975	0.00869	0.03965	0.00234	0.00780	0.00663	0.00342	0.00955
31	0.00783	0.00580	0.00731	0.00851	0.00925	0.00529	0.00578	0.00905	0.01283	0.01668	0.04148	0.62976	0.17790	0.01948	0.00813	0.00254	0.00366	0.01744	0.00600	0.00529
32	0.01220	0.01148	0.01938	0.75739	0.04450	0.01436	0.01794	0.01651	0.01292	0.01651	0.01148	0.01723	0.00861	0.00646	0.00646	0.00215	0.00861	0.00574	0.00287	0.00718
33	0.01958	0.02101	0.16440	0.04460	0.02208	0.15411	0.06149	0.07543	0.19927	0.14522	0.01784	0.01792	0.01285	0.00731	0.00639	0.00201	0.00799	0.00591	0.00504	0.00953
34	0.01151	0.00753	0.00941	0.00969	0.01149	0.00711	0.00761	0.04306	0.01490	0.08888	0.03941	0.22475	0.20006	0.06792	0.00974	0.00279	0.00482	0.22703	0.00606	0.00624
35	0.00775	0.00655	0.00671	0.00667	0.00880	0.00551	0.00500	0.00950	0.01501	0.01812	0.11757	0.06109	0.67746	0.01612	0.00764	0.00217	0.00326	0.01348	0.00609	0.00551
36	0.01193	0.01060	0.01742	0.59192	0.03691	0.01310	0.01557	0.01517	0.01211	0.01572	0.01198	0.01880	0.00984	0.04421	0.04105	0.08041	0.03783	0.00594	0.00293	0.00655
37	0.01876	0.09305	0.14374	0.07373	0.15222	0.06922	0.07894	0.11293	0.01721	0.13034	0.01484	0.01774	0.01130	0.00690	0.00632	0.00196	0.00810	0.02894	0.00432	0.00944
38	0.02160	0.01057	0.01485	0.01204	0.01596	0.00988	0.05701	0.04934	0.06396	0.42000	0.06229	0.10769	0.02109	0.01207	0.05365	0.00260	0.00621	0.00823	0.04161	0.00933
39	0.01467	0.01906	0.32060	0.01325	0.01890	0.01074	0.01430	0.04041	0.01509	0.16072	0.02799	0.15349	0.14197	0.01076	0.00684	0.00216	0.00658	0.00903	0.00501	0.00842
40	0.07176	0.03918	0.11901	0.03133	0.11805	0.01077	0.01150	0.01700	0.04424	0.06485	0.25450	0.06973	0.07726	0.01136	0.02977	0.00230	0.00578	0.00867	0.00522	0.00772
41	0.01323	0.05742	0.18867	0.01219	0.01773	0.01195	0.01194	0.01991	0.14020	0.02228	0.11989	0.03669	0.01924	0.00743	0.00589	0.00166	0.00583	0.00612	0.00452	0.29722

[dist]
# distance from previous block
# <min> <max>
2	4

[block]
# block no. 4 follows, 34 sequences, length 38
# corresponding to MSA columns:
# 211-248
name=unknown_E
#
# <colnr> <probs for GDERKNQSTAVLIFYWHMCP>
#	G	D	E	R	K	N	Q	S	T	A	V	L	I	F	Y	W	H	M	C	P
0	0.05076	0.04855	0.36167	0.01903	0.09059	0.03390	0.09607	0.04514	0.01471	0.05603	0.01237	0.01443	0.00918	0.00598	0.00601	0.00186	0.00837	0.00507	0.00344	0.11683
1	0.01128	0.00933	0.01096	0.00915	0.01291	0.00763	0.00709	0.01428	0.03998	0.02031	0.08075	0.14173	0.13247	0.01039	0.00625	0.00163	0.00433	0.04273	0.00496	0.43183
2	0.02285	0.01671	0.01823	0.01466	0.03517	0.01830	0.01172	0.55431	0.10165	0.06239	0.01702	0.01691	0.01223	0.00773	0.00636	0.00192	0.00664	0.00595	0.03513	0.03413
3	0.01361	0.02213	0.34854	0.01494	0.02247	0.01236	0.06181	0.03684	0.01408	0.02128	0.01175	0.01383	0.00899	0.00553	0.00564	0.00156	0.00744	0.00457	0.00336	0.36926
4	0.01243	0.03055	0.66375	0.01744	0.02604	0.01400	0.02202	0.01928	0.01351	0.02005	0.01408	0.09173	0.01176	0.00760	0.00636	0.00211	0.00895	0.00618	0.00307	0.00910
5	0.01775	0.06926	0.01660	0.01314	0.01717	0.01696	0.01051	0.11607	0.55535	0.05813	0.02369	0.02197	0.01767	0.00838	0.00638	0.00209	0.00550	0.00681	0.00635	0.01021
6	0.01275	0.01577	0.19848	0.01659	0.07071	0.01062	0.12603	0.01656	0.01411	0.08015	0.03932	0.28179	0.06562	0.01183	0.00728	0.00226	0.00676	0.01086	0.00472	0.00777
7	0.01421	0.03019	0.62709	0.01780	0.02622	0.01501	0.02202	0.02085	0.01368	0.07170	0.01234	0.01428	0.00877	0.00670	0.00742	0.00211	0.07207	0.00497	0.00312	0.00945
8	0.01317	0.01149	0.01866	0.15267	0.34980	0.01183	0.01491	0.01638	0.01420	0.03742	0.04400	0.16123	0.04433	0.01029	0.00706	0.00220	0.00661	0.07137	0.00425	0.00813
9	0.01077	0.00887	0.01296	0.03638	0.08489	0.00874	0.05898	0.01291	0.01384	0.04980	0.03866	0.25664	0.26771	0.01469	0.00865	0.00236	0.05986	0.04148	0.00528	0.00654
10	0.01189	0.01106	0.01852	0.70346	0.04197	0.01370	0.01708	0.01597	0.01288	0.01651	0.01322	0.07138	0.01107	0.00745	0.00659	0.00219	0.00826	0.00665	0.00310	0.00704
11	0.01454	0.01425	0.02536	0.29362	0.39522	0.01513	0.11024	0.01876	0.01415	0.01942	0.01204	0.01662	0.00960	0.00597	0.00658	0.00204	0.00843	0.00600	0.00309	0.00895
12	0.01380	0.01358	0.02119	0.58537	0.08848	0.05937	0.06961	0.03901	0.01408	0.01784	0.01168	0.01677	0.00887	0.00639	0.00650	0.00210	0.00886	0.00579	0.00306	0.00764
13	0.01338	0.01415	0.05425	0.07251	0.17364	0.01423	0.20796	0.01677	0.01317	0.01846	0.01602	0.14494	0.01572	0.04457	0.01099	0.00250	0.14674	0.00852	0.00362	0.00786
14	0.01082	0.02126	0.41624	0.01420	0.01984	0.01079	0.01605	0.01566	0.01348	0.01922	0.05281	0.27355	0.04871	0.01187	0.00704	0.00227	0.00700	0.02725	0.00422	0.00771
15	0.01610	0.01363	0.02200	0.15648	0.45059	0.01409	0.01696	0.02084	0.06577	0.08801	0.03921	0.01977	0.03412	0.00686	0.00651	0.00200	0.00717	0.00636	0.00405	0.00950
16	0.02776	0.01176	0.01507	0.01182	0.01661	0.03292	0.00976	0.06033	0.01884	0.64961	0.02498	0.02382	0.01655	0.00842	0.00659	0.00203	0.00578	0.03903	0.00769	0.01064
17	0.06287	0.01490	0.01518	0.01231	0.01673	0.14910	0.00988	0.05701	0.03368	0.48378	0.06159	0.02079	0.01657	0.00796	0.00632	0.00194	0.00655	0.00620	0.00679	0.00985
18	0.01293	0.01286	0.01999	0.62537	0.04053	0.05956	0.06444	0.01703	0.01350	0.01680	0.01408	0.01904	0.04316	0.00688	0.00656	0.00213	0.00870	0.00615	0.00308	0.00722
19	0.01237	0.02306	0.39605	0.05242	0.02615	0.01325	0.17416	0.01796	0.01378	0.01954	0.01785	0.14964	0.03724	0.00881	0.00691	0.00219	0.00859	0.00814	0.00354	0.00836
20	0.01220	0.01148	0.01938	0.75739	0.04450	0.01436	0.01794	0.01651	0.01292	0.01651	0.01148	0.01723	0.00861	0.00646	0.00646	0.00215	0.00861	0.00574	0.00287	0.00718
21	0.00812	0.00589	0.00767	0.00864	0.00939	0.00544	0.00594	0.00969	0.01378	0.01854	0.18375	0.56798	0.09424	0.01849	0.00807	0.00247	0.00357	0.01663	0.00623	0.00544
22	0.01544	0.00992	0.01449	0.01232	0.01481	0.00999	0.08451	0.03267	0.03315	0.18695	0.07231	0.11114	0.06006	0.15811	0.01372	0.00309	0.08211	0.07236	0.00554	0.00729
23	0.01322	0.01688	0.21842	0.01815	0.12829	0.01127	0.09101	0.01752	0.01512	0.07694	0.13266	0.09313	0.10601	0.00991	0.00702	0.00212	0.00677	0.02266	0.00469	0.00821
24	0.01599	0.01535	0.02623	0.03966	0.73262	0.01535	0.01983	0.01983	0.01471	0.02111	0.01215	0.01599	0.01023	0.00576	0.00640	0.00192	0.00768	0.00576	0.00320	0.01023
25	0.01266	0.01195	0.02020	0.67136	0.12699	0.01447	0.01817	0.01691	0.01313	0.01706	0.01156	0.01708	0.00881	0.00638	0.00645	0.00213	0.00850	0.00574	0.00291	0.00754
26	0.03147	0.01671	0.13002	0.06531	0.06877	0.07666	0.09249	0.06866	0.01580	0.06516	0.02148	0.06592	0.05842	0.01024	0.00780	0.00228	0.04362	0.14667	0.00452	0.00801
27	0.01355	0.03774	0.06199	0.43419	0.09232	0.01518	0.01661	0.01723	0.01290	0.04686	0.01401	0.01842	0.04224	0.00773	0.00902	0.00222	0.14091	0.00599	0.00324	0.00767
28	0.02503	0.01735	0.01893	0.01451	0.01966	0.01892	0.01199	0.63910	0.02912	0.11447	0.01657	0.01620	0.01152	0.00778	0.00647	0.00195	0.00694	0.00589	0.00663	0.01099
29	0.01300	0.01442	0.10659	0.01810	0.02234	0.01187	0.29332	0.01684	0.01402	0.05278	0.02145	0.21084	0.02150	0.04342	0.00924	0.00255	0.03464	0.08119	0.00440	0.00751
30	0.01335	0.06657	0.01620	0.04751	0.16358	0.01306	0.01103	0.02147	0.25990	0.02216	0.10229	0.08014	0.13563	0.01027	0.00675	0.00209	0.00532	0.00886	0.00537	0.00843
31	0.01549	0.01484	0.02532	0.13449	0.64170	0.01522	0.01958	0.01939	0.01448	0.02050	0.01207	0.01615	0.01002	0.00585	0.00641	0.00195	0.00780	0.00576	0.00316	0.00983
32	0.04829	0.04466	0.10188	0.05206	0.04715	0.06163	0.18310	0.13667	0.01807	0.17164	0.01726	0.01978	0.02819	0.00729	0.00662	0.00204	0.00813	0.03137	0.00487	0.00930
33	0.08552	0.27401	0.04195	0.04073	0.01960	0.12899	0.09455	0.08797	0.01561	0.02008	0.01359	0.07071	0.01249	0.00910	0.03303	0.00215	0.00821	0.02999	0.00376	0.00797
34	0.01248	0.01177	0.01988	0.70470	0.09502	0.01443	0.01808	0.01675	0.01305	0.01685	0.01153	0.01714	0.00873	0.00641	0.00646	0.00214	0.00854	0.00574	0.00290	0.00740
35	0.03867	0.01599	0.02714	0.24267	0.11072	0.07187	0.30463	0.04476	0.01515	0.01999	0.01399	0.01799	0.03353	0.00634	0.00686	0.00209	0.00935	0.00661	0.00338	0.00826
36	0.20553	0.06637	0.03822	0.01230	0.01719	0.03082	0.05994	0.13699	0.01735	0.20182	0.03479	0.01842	0.04633	0.00729	0.00573	0.00187	0.00617	0.00568	0.00536	0.08184
37	0.04394	0.09512	0.01536	0.01025	0.01519	0.06886	0.00830	0.01747	0.03570	0.02057	0.05315	0.04734	0.01388	0.00632	0.00513	0.00127	0.00543	0.00497	0.00404	0.52771

[dist]
# distance from previous block
# <min> <max>
0	6

# created by:
# /home/cegg/simao/soft/augustus-3.2.1/scripts/msa2prfl.pl ./align_prep/EOG090W0J88.fa
