[name]
unknown

[dist]
# distance from previous block
# <min> <max>
5	41

[block]
# block no. 0 follows, 36 sequences, length 8
# corresponding to MSA columns:
# 48-55
name=unknown_A
#
# <colnr> <probs for GDERKNQSTAVLIFYWHMCP>
#	G	D	E	R	K	N	Q	S	T	A	V	L	I	F	Y	W	H	M	C	P
0	0.24642	0.01788	0.22891	0.06864	0.01993	0.01350	0.01320	0.07641	0.06832	0.11724	0.06091	0.01665	0.01292	0.00689	0.00555	0.00196	0.00648	0.00523	0.00448	0.00846
1	0.31131	0.01143	0.01518	0.48692	0.03155	0.01389	0.01342	0.01680	0.01178	0.02035	0.01019	0.01422	0.00773	0.00607	0.00536	0.00202	0.00702	0.00474	0.00317	0.00686
2	0.58960	0.01364	0.01196	0.01000	0.01419	0.01555	0.00824	0.22488	0.01609	0.03128	0.01052	0.01154	0.00788	0.00628	0.00455	0.00191	0.00542	0.00403	0.00455	0.00788
3	0.01515	0.01655	0.01838	0.54570	0.03596	0.23190	0.01576	0.01855	0.01399	0.01572	0.01065	0.01503	0.00822	0.00629	0.00605	0.00194	0.00917	0.00509	0.00290	0.00701
4	0.37978	0.01045	0.01026	0.00944	0.01244	0.01134	0.00734	0.07374	0.05916	0.10611	0.01957	0.23789	0.01894	0.01034	0.00568	0.00211	0.00469	0.00832	0.00520	0.00719
5	0.01413	0.01948	0.23706	0.11850	0.44915	0.01459	0.02005	0.01892	0.01368	0.01965	0.01149	0.01490	0.00910	0.00574	0.00610	0.00191	0.00804	0.00527	0.00291	0.00933
6	0.01852	0.01297	0.02105	0.14646	0.41715	0.01299	0.01590	0.02191	0.01498	0.23299	0.01540	0.01731	0.01125	0.00629	0.00621	0.00191	0.00693	0.00576	0.00439	0.00961
7	0.10172	0.02738	0.01404	0.01158	0.02955	0.04511	0.08130	0.01874	0.05997	0.16795	0.04915	0.02681	0.04684	0.23472	0.01352	0.00309	0.00612	0.00711	0.00483	0.05047

[dist]
# distance from previous block
# <min> <max>
19	89

[block]
# block no. 1 follows, 36 sequences, length 18
# corresponding to MSA columns:
# 174-191
name=unknown_B
#
# <colnr> <probs for GDERKNQSTAVLIFYWHMCP>
#	G	D	E	R	K	N	Q	S	T	A	V	L	I	F	Y	W	H	M	C	P
0	0.06458	0.06802	0.11405	0.01419	0.01903	0.04816	0.10849	0.07128	0.05048	0.08328	0.04918	0.01818	0.04522	0.00720	0.00717	0.00182	0.07690	0.00576	0.00421	0.14278
1	0.01516	0.05336	0.24083	0.01821	0.02459	0.04847	0.24149	0.05214	0.04848	0.05463	0.01409	0.01810	0.01105	0.00646	0.00635	0.00191	0.00847	0.04315	0.00367	0.08939
2	0.01543	0.01802	0.12553	0.01400	0.01863	0.15498	0.08414	0.07069	0.06660	0.03709	0.11388	0.06750	0.01859	0.00784	0.00615	0.00175	0.00709	0.00663	0.00441	0.16105
3	0.01662	0.01339	0.01608	0.01284	0.01669	0.07770	0.09391	0.17955	0.04925	0.09456	0.18374	0.04371	0.07444	0.00896	0.00653	0.00185	0.00599	0.00771	0.00558	0.09092
4	0.05653	0.06715	0.13136	0.01299	0.01725	0.01160	0.10081	0.07651	0.01519	0.08733	0.10593	0.17379	0.03796	0.02848	0.00709	0.00209	0.00609	0.00873	0.00483	0.04830
5	0.01454	0.03916	0.16828	0.05710	0.01906	0.01099	0.01175	0.06096	0.01443	0.08698	0.01511	0.03844	0.03030	0.00652	0.00549	0.00150	0.00603	0.02370	0.00407	0.38559
6	0.01336	0.01385	0.07911	0.04869	0.02050	0.01183	0.18229	0.10064	0.01582	0.02204	0.09349	0.04708	0.09871	0.00807	0.00684	0.00181	0.02991	0.00732	0.00434	0.19430
7	0.01476	0.01481	0.06754	0.06441	0.26106	0.01375	0.16597	0.02116	0.13441	0.05397	0.05450	0.02014	0.03675	0.00679	0.00648	0.00195	0.00723	0.00662	0.00412	0.04357
8	0.00918	0.00639	0.00727	0.00722	0.00872	0.00570	0.00508	0.01054	0.01335	0.06144	0.11846	0.15817	0.36593	0.17979	0.01261	0.00299	0.00395	0.01232	0.00559	0.00531
9	0.01735	0.58390	0.13654	0.01176	0.01761	0.02135	0.01232	0.02017	0.01333	0.10001	0.01088	0.01176	0.00884	0.00569	0.00454	0.00150	0.00688	0.00386	0.00324	0.00848
10	0.00944	0.00749	0.01178	0.01156	0.01314	0.00715	0.08978	0.01190	0.01393	0.01867	0.13564	0.33581	0.03828	0.01607	0.00802	0.00251	0.00505	0.25234	0.00562	0.00580
11	0.01256	0.02910	0.63984	0.01650	0.02516	0.01356	0.02071	0.01913	0.01312	0.01982	0.01117	0.01312	0.00809	0.00573	0.00573	0.00182	0.00853	0.00447	0.00279	0.12909
12	0.02553	0.10108	0.01818	0.01217	0.01715	0.01226	0.04846	0.09290	0.01813	0.55615	0.02119	0.01909	0.01379	0.00728	0.00606	0.00186	0.00589	0.00592	0.00674	0.01018
13	0.01666	0.78478	0.03265	0.01066	0.01599	0.02465	0.01066	0.01866	0.01266	0.01466	0.00866	0.00999	0.00800	0.00533	0.00400	0.00133	0.00666	0.00333	0.00267	0.00800
14	0.00736	0.00631	0.00631	0.00631	0.00842	0.00526	0.00473	0.00894	0.01420	0.01683	0.06312	0.05996	0.73964	0.01578	0.00736	0.00210	0.00316	0.01315	0.00579	0.00526
15	0.02368	0.01745	0.01870	0.01434	0.01932	0.01932	0.01184	0.72139	0.02929	0.03927	0.01496	0.01496	0.01060	0.00748	0.00623	0.00187	0.00686	0.00561	0.00623	0.01060
16	0.01428	0.01612	0.03499	0.02520	0.03115	0.01511	0.67655	0.01928	0.01454	0.01971	0.01391	0.06259	0.01137	0.00611	0.00739	0.00213	0.01009	0.00798	0.00331	0.00820
17	0.00759	0.00542	0.00723	0.00868	0.00904	0.00506	0.00578	0.00868	0.01193	0.01591	0.03434	0.77697	0.04121	0.01952	0.00795	0.00253	0.00361	0.01771	0.00578	0.00506

[dist]
# distance from previous block
# <min> <max>
0	2

[block]
# block no. 2 follows, 36 sequences, length 13
# corresponding to MSA columns:
# 194-206
name=unknown_C
#
# <colnr> <probs for GDERKNQSTAVLIFYWHMCP>
#	G	D	E	R	K	N	Q	S	T	A	V	L	I	F	Y	W	H	M	C	P
0	0.01250	0.03223	0.74875	0.01776	0.02697	0.01447	0.02302	0.01973	0.01315	0.01973	0.01118	0.01315	0.00789	0.00592	0.00592	0.00197	0.00921	0.00460	0.00263	0.00921
1	0.02676	0.01144	0.01489	0.01139	0.01626	0.01032	0.00939	0.11155	0.01897	0.62934	0.02282	0.02009	0.01457	0.00754	0.00619	0.00187	0.00545	0.00607	0.00735	0.04775
2	0.01292	0.01107	0.01292	0.00923	0.01477	0.00831	0.00738	0.01569	0.01292	0.02030	0.01107	0.01292	0.00923	0.00461	0.00461	0.00092	0.00461	0.00369	0.00369	0.81912
3	0.01661	0.01359	0.01453	0.01258	0.01622	0.01541	0.00991	0.17706	0.51562	0.02876	0.08970	0.02366	0.02094	0.00865	0.00641	0.00205	0.00515	0.00713	0.00637	0.00965
4	0.00906	0.00604	0.00680	0.00680	0.00680	0.00604	0.00378	0.00906	0.00906	0.01208	0.01963	0.04077	0.02265	0.78103	0.03171	0.00604	0.00604	0.00906	0.00378	0.00378
5	0.01550	0.01338	0.01409	0.01268	0.01620	0.01550	0.00986	0.03311	0.73091	0.02606	0.02536	0.02325	0.01902	0.00845	0.00634	0.00211	0.00493	0.00704	0.00634	0.00986
6	0.01434	0.01207	0.01323	0.01242	0.01550	0.01373	0.00990	0.02882	0.57897	0.02449	0.02698	0.03322	0.02259	0.01031	0.00682	0.00227	0.00510	0.15402	0.00621	0.00899
7	0.00799	0.00627	0.00733	0.00799	0.00952	0.00562	0.00612	0.00972	0.01367	0.01699	0.04957	0.24053	0.41665	0.01701	0.00777	0.00237	0.00382	0.15997	0.00577	0.00531
8	0.01997	0.06257	0.02424	0.01845	0.02300	0.34242	0.22782	0.12804	0.05556	0.02083	0.01211	0.01406	0.00942	0.00627	0.00619	0.00181	0.00979	0.00540	0.00378	0.00827
9	0.01177	0.01107	0.01869	0.76606	0.04291	0.01384	0.01730	0.01592	0.01246	0.01592	0.01107	0.01661	0.00831	0.00623	0.00623	0.00208	0.00831	0.00554	0.00277	0.00692
10	0.61989	0.01573	0.01119	0.00999	0.01375	0.17110	0.00798	0.02024	0.01242	0.05695	0.00958	0.01085	0.00740	0.00600	0.00434	0.00186	0.00620	0.00364	0.00389	0.00702
11	0.01205	0.01008	0.01195	0.00893	0.01361	0.00779	0.00706	0.01486	0.01392	0.02130	0.16540	0.02005	0.01974	0.00634	0.00519	0.00114	0.00426	0.00530	0.00436	0.64668
12	0.01292	0.01107	0.01292	0.00923	0.01477	0.00831	0.00738	0.01569	0.01292	0.02030	0.01107	0.01292	0.00923	0.00461	0.00461	0.00092	0.00461	0.00369	0.00369	0.81912

[dist]
# distance from previous block
# <min> <max>
0	1

[block]
# block no. 3 follows, 36 sequences, length 56
# corresponding to MSA columns:
# 208-263
name=unknown_D
#
# <colnr> <probs for GDERKNQSTAVLIFYWHMCP>
#	G	D	E	R	K	N	Q	S	T	A	V	L	I	F	Y	W	H	M	C	P
0	0.01270	0.03084	0.68443	0.01853	0.02747	0.01459	0.08594	0.01975	0.01329	0.01975	0.01131	0.01348	0.00803	0.00586	0.00605	0.00198	0.00933	0.00485	0.00268	0.00914
1	0.01353	0.01062	0.01261	0.00922	0.01435	0.00814	0.00736	0.01629	0.01367	0.06800	0.07770	0.01650	0.01411	0.00555	0.00497	0.00108	0.00451	0.00454	0.00424	0.69302
2	0.01004	0.00717	0.01004	0.01147	0.01291	0.00717	0.01004	0.01291	0.01434	0.01865	0.03299	0.07028	0.03586	0.01721	0.00861	0.00287	0.00574	0.70023	0.00574	0.00574
3	0.00759	0.00542	0.00723	0.00868	0.00904	0.00506	0.00578	0.00868	0.01193	0.01591	0.03434	0.77697	0.04121	0.01952	0.00795	0.00253	0.00361	0.01771	0.00578	0.00506
4	0.01241	0.01147	0.01870	0.70292	0.04082	0.01429	0.01691	0.04979	0.01316	0.01701	0.01116	0.01642	0.00841	0.00646	0.00674	0.00209	0.03567	0.00554	0.00293	0.00709
5	0.00759	0.00542	0.00723	0.00868	0.00904	0.00506	0.00578	0.00868	0.01193	0.01591	0.03434	0.77697	0.04121	0.01952	0.00795	0.00253	0.00361	0.01771	0.00578	0.00506
6	0.01621	0.13796	0.02277	0.29921	0.13601	0.20587	0.06090	0.01938	0.01422	0.01647	0.01052	0.01403	0.00849	0.00597	0.00579	0.00181	0.00881	0.00492	0.00294	0.00770
7	0.01082	0.00541	0.00812	0.00812	0.00812	0.00541	0.00541	0.00812	0.00812	0.01082	0.01082	0.01894	0.01082	0.02165	0.02435	0.81872	0.00541	0.00541	0.00271	0.00271
8	0.07188	0.45674	0.02569	0.01212	0.01684	0.17961	0.01081	0.10696	0.01579	0.03881	0.01008	0.01119	0.00845	0.00592	0.00467	0.00151	0.00751	0.00384	0.00344	0.00814
9	0.01363	0.01363	0.01908	0.01636	0.01636	0.01908	0.01363	0.01499	0.00954	0.01499	0.00818	0.01363	0.00818	0.01091	0.02045	0.00273	0.76963	0.00545	0.00273	0.00682
10	0.01355	0.01256	0.02077	0.33760	0.36752	0.01354	0.01687	0.01734	0.01333	0.01865	0.01183	0.01614	0.00948	0.00586	0.00600	0.00186	0.00737	0.00544	0.04315	0.06113
11	0.01070	0.00678	0.00893	0.00816	0.00996	0.00620	0.00620	0.01359	0.01766	0.09590	0.66868	0.04405	0.05453	0.01224	0.00724	0.00196	0.00317	0.01078	0.00694	0.00634
12	0.02257	0.02640	0.01745	0.01548	0.01897	0.58116	0.01180	0.12220	0.08937	0.01964	0.01191	0.01293	0.00946	0.00677	0.00577	0.00169	0.01001	0.00453	0.00394	0.00795
13	0.00759	0.00542	0.00723	0.00868	0.00904	0.00506	0.00578	0.00868	0.01193	0.01591	0.03434	0.77697	0.04121	0.01952	0.00795	0.00253	0.00361	0.01771	0.00578	0.00506
14	0.00742	0.00626	0.00643	0.00651	0.00848	0.00527	0.00484	0.00901	0.01416	0.01701	0.08145	0.10624	0.67381	0.01593	0.00740	0.00213	0.00318	0.01339	0.00582	0.00527
15	0.75265	0.01254	0.01002	0.00875	0.01271	0.01446	0.00721	0.08183	0.01229	0.02898	0.00924	0.01056	0.00710	0.00594	0.00407	0.00192	0.00500	0.00358	0.00407	0.00710
16	0.01250	0.03223	0.74875	0.01776	0.02697	0.01447	0.02302	0.01973	0.01315	0.01973	0.01118	0.01315	0.00789	0.00592	0.00592	0.00197	0.00921	0.00460	0.00263	0.00921
17	0.01542	0.01480	0.02529	0.03824	0.74217	0.01480	0.01912	0.01912	0.01419	0.02036	0.01172	0.01542	0.00987	0.00555	0.00617	0.00185	0.00740	0.00555	0.00308	0.00987
18	0.00882	0.00637	0.00833	0.00784	0.00931	0.00588	0.00588	0.01176	0.01764	0.02499	0.73888	0.04654	0.05879	0.01274	0.00735	0.00196	0.00294	0.01127	0.00686	0.00588
19	0.00759	0.00542	0.00723	0.00868	0.00904	0.00506	0.00578	0.00868	0.01193	0.01591	0.03434	0.77697	0.04121	0.01952	0.00795	0.00253	0.00361	0.01771	0.00578	0.00506
20	0.02331	0.02859	0.01775	0.01590	0.01927	0.68947	0.01202	0.08780	0.01871	0.01742	0.01011	0.01157	0.00826	0.00652	0.00567	0.00163	0.01084	0.00416	0.00348	0.00753
21	0.01292	0.01107	0.01292	0.00923	0.01477	0.00831	0.00738	0.01569	0.01292	0.02030	0.01107	0.01292	0.00923	0.00461	0.00461	0.00092	0.00461	0.00369	0.00369	0.81912
22	0.00996	0.00711	0.00995	0.01138	0.01278	0.00710	0.00990	0.01277	0.01426	0.01855	0.03303	0.09382	0.03604	0.01729	0.00858	0.00286	0.00567	0.67749	0.00574	0.00571
23	0.00736	0.00631	0.00631	0.00631	0.00842	0.00526	0.00473	0.00894	0.01420	0.01683	0.06312	0.05996	0.73964	0.01578	0.00736	0.00210	0.00316	0.01315	0.00579	0.00526
24	0.01235	0.01175	0.01663	0.01464	0.01494	0.01602	0.01205	0.01395	0.00967	0.01485	0.01049	0.01657	0.01018	0.02061	0.21991	0.00470	0.56555	0.00578	0.00289	0.00648
25	0.01137	0.00633	0.00655	0.00635	0.00800	0.00625	0.00480	0.03917	0.01418	0.02332	0.08936	0.02875	0.09276	0.00862	0.00500	0.00158	0.00307	0.00704	0.63158	0.00593
26	0.01161	0.00581	0.00581	0.00581	0.00726	0.00581	0.00436	0.01452	0.01307	0.02323	0.02033	0.02323	0.01597	0.00726	0.00436	0.00145	0.00290	0.00581	0.81562	0.00581
27	0.01666	0.78478	0.03265	0.01066	0.01599	0.02465	0.01066	0.01866	0.01266	0.01466	0.00866	0.00999	0.00800	0.00533	0.00400	0.00133	0.00666	0.00333	0.00267	0.00800
28	0.01510	0.01557	0.02938	0.03031	0.34966	0.01530	0.33521	0.02087	0.08486	0.02074	0.01346	0.01682	0.01058	0.00570	0.00672	0.00199	0.00856	0.00651	0.00343	0.00921
29	0.01161	0.00581	0.00581	0.00581	0.00726	0.00581	0.00436	0.01452	0.01307	0.02323	0.02033	0.02323	0.01597	0.00726	0.00436	0.00145	0.00290	0.00581	0.81562	0.00581
30	0.01460	0.24092	0.01793	0.01120	0.01420	0.08184	0.00929	0.12109	0.03419	0.01955	0.02119	0.26611	0.02257	0.01177	0.00634	0.00202	0.00597	0.08736	0.00470	0.00716
31	0.01556	0.01521	0.02464	0.03611	0.67173	0.03886	0.01854	0.01904	0.01400	0.01984	0.01142	0.01517	0.00970	0.00593	0.00708	0.00190	0.05715	0.00550	0.00306	0.00959
32	0.01292	0.01107	0.01292	0.00923	0.01477	0.00831	0.00738	0.01569	0.01292	0.02030	0.01107	0.01292	0.00923	0.00461	0.00461	0.00092	0.00461	0.00369	0.00369	0.81912
33	0.00746	0.00632	0.00644	0.00641	0.00847	0.00530	0.00481	0.00913	0.01443	0.01736	0.10711	0.05909	0.69531	0.01558	0.00736	0.00209	0.00314	0.01303	0.00586	0.00530
34	0.00759	0.00542	0.00723	0.00868	0.00904	0.00506	0.00578	0.00868	0.01193	0.01591	0.03434	0.77697	0.04121	0.01952	0.00795	0.00253	0.00361	0.01771	0.00578	0.00506
35	0.00842	0.00701	0.00769	0.00737	0.00931	0.00648	0.00561	0.03124	0.01492	0.01872	0.16803	0.07257	0.55177	0.01488	0.00801	0.00212	0.04209	0.01234	0.00582	0.00560
36	0.00890	0.00668	0.01001	0.01001	0.01113	0.00779	0.00779	0.01113	0.01001	0.01446	0.01669	0.02448	0.01558	0.04673	0.75634	0.01001	0.01669	0.00668	0.00334	0.00556
37	0.82504	0.01205	0.00916	0.00819	0.01205	0.01398	0.00675	0.01832	0.01060	0.02795	0.00868	0.01012	0.00675	0.00578	0.00386	0.00193	0.00482	0.00337	0.00386	0.00675
38	0.01177	0.01107	0.01869	0.76606	0.04291	0.01384	0.01730	0.01592	0.01246	0.01592	0.01107	0.01661	0.00831	0.00623	0.00623	0.00208	0.00831	0.00554	0.00277	0.00692
39	0.01004	0.00717	0.01004	0.01147	0.01291	0.00717	0.01004	0.01291	0.01434	0.01865	0.03299	0.07028	0.03586	0.01721	0.00861	0.00287	0.00574	0.70023	0.00574	0.00574
40	0.00876	0.00730	0.00732	0.00726	0.00945	0.00608	0.00535	0.00995	0.01497	0.01803	0.06332	0.06078	0.72559	0.01644	0.00788	0.00234	0.00364	0.01340	0.00618	0.00596
41	0.01292	0.01107	0.01292	0.00923	0.01477	0.00831	0.00738	0.01569	0.01292	0.02030	0.01107	0.01292	0.00923	0.00461	0.00461	0.00092	0.00461	0.00369	0.00369	0.81912
42	0.01161	0.00581	0.00581	0.00581	0.00726	0.00581	0.00436	0.01452	0.01307	0.02323	0.02033	0.02323	0.01597	0.00726	0.00436	0.00145	0.00290	0.00581	0.81562	0.00581
43	0.01542	0.01480	0.02529	0.03824	0.74217	0.01480	0.01912	0.01912	0.01419	0.02036	0.01172	0.01542	0.00987	0.00555	0.00617	0.00185	0.00740	0.00555	0.00308	0.00987
44	0.01363	0.01363	0.01908	0.01636	0.01636	0.01908	0.01363	0.01499	0.00954	0.01499	0.00818	0.01363	0.00818	0.01091	0.02045	0.00273	0.76963	0.00545	0.00273	0.00682
45	0.00882	0.00637	0.00833	0.00784	0.00931	0.00588	0.00588	0.01176	0.01764	0.02499	0.73888	0.04654	0.05879	0.01274	0.00735	0.00196	0.00294	0.01127	0.00686	0.00588
46	0.00906	0.00604	0.00680	0.00680	0.00680	0.00604	0.00378	0.00906	0.00906	0.01208	0.01963	0.04077	0.02265	0.78103	0.03171	0.00604	0.00604	0.00906	0.00378	0.00378
47	0.01161	0.00581	0.00581	0.00581	0.00726	0.00581	0.00436	0.01452	0.01307	0.02323	0.02033	0.02323	0.01597	0.00726	0.00436	0.00145	0.00290	0.00581	0.81562	0.00581
48	0.00759	0.00542	0.00723	0.00868	0.00904	0.00506	0.00578	0.00868	0.01193	0.01591	0.03434	0.77697	0.04121	0.01952	0.00795	0.00253	0.00361	0.01771	0.00578	0.00506
49	0.02089	0.01450	0.01843	0.06131	0.16654	0.01534	0.01266	0.34958	0.04602	0.15732	0.01676	0.03536	0.01261	0.03524	0.00719	0.00206	0.00660	0.00617	0.00556	0.00984
50	0.01161	0.00581	0.00581	0.00581	0.00726	0.00581	0.00436	0.01452	0.01307	0.02323	0.02033	0.02323	0.01597	0.00726	0.00436	0.00145	0.00290	0.00581	0.81562	0.00581
51	0.13848	0.01080	0.01372	0.01068	0.01537	0.00983	0.00882	0.02869	0.01683	0.64685	0.02238	0.01967	0.01422	0.00744	0.00593	0.00193	0.00523	0.00586	0.00718	0.01007
52	0.01364	0.01299	0.02208	0.39203	0.40226	0.01434	0.01824	0.01756	0.01335	0.01820	0.01141	0.01600	0.00911	0.00588	0.00620	0.00196	0.00784	0.00554	0.00293	0.00844
53	0.01795	0.01364	0.04070	0.21021	0.09485	0.01434	0.04956	0.14342	0.09980	0.16484	0.01662	0.03679	0.01236	0.00746	0.00710	0.00204	0.04821	0.00624	0.00487	0.00900
54	0.01318	0.12933	0.60905	0.01739	0.02590	0.01588	0.06676	0.01961	0.01319	0.01909	0.01095	0.01298	0.00801	0.00580	0.00576	0.00190	0.00896	0.00462	0.00267	0.00900
55	0.01691	0.28040	0.06765	0.01367	0.01863	0.07975	0.09025	0.02118	0.08345	0.08368	0.01272	0.01402	0.01009	0.00622	0.00620	0.00164	0.05599	0.00473	0.00373	0.12908

[dist]
# distance from previous block
# <min> <max>
0	2

[block]
# block no. 4 follows, 36 sequences, length 59
# corresponding to MSA columns:
# 266-324
name=unknown_E
#
# <colnr> <probs for GDERKNQSTAVLIFYWHMCP>
#	G	D	E	R	K	N	Q	S	T	A	V	L	I	F	Y	W	H	M	C	P
0	0.01633	0.01497	0.02361	0.03344	0.60099	0.01536	0.01753	0.09688	0.07742	0.02291	0.01324	0.01604	0.01073	0.00601	0.00619	0.00188	0.00713	0.00569	0.00371	0.00995
1	0.01215	0.01286	0.11414	0.01246	0.01592	0.01062	0.08664	0.06655	0.04352	0.04764	0.29532	0.03385	0.13506	0.01057	0.00813	0.00206	0.07097	0.00897	0.00533	0.00725
2	0.01161	0.00581	0.00581	0.00581	0.00726	0.00581	0.00436	0.01452	0.01307	0.02323	0.02033	0.02323	0.01597	0.00726	0.00436	0.00145	0.00290	0.00581	0.81562	0.00581
3	0.01272	0.01086	0.01270	0.00921	0.01455	0.00818	0.00732	0.01542	0.01288	0.02014	0.01196	0.04201	0.01045	0.00518	0.00474	0.00098	0.00458	0.00423	0.00377	0.78813
4	0.01177	0.01107	0.01869	0.76606	0.04291	0.01384	0.01730	0.01592	0.01246	0.01592	0.01107	0.01661	0.00831	0.00623	0.00623	0.00208	0.00831	0.00554	0.00277	0.00692
5	0.01161	0.00581	0.00581	0.00581	0.00726	0.00581	0.00436	0.01452	0.01307	0.02323	0.02033	0.02323	0.01597	0.00726	0.00436	0.00145	0.00290	0.00581	0.81562	0.00581
6	0.03650	0.01334	0.01500	0.08203	0.17082	0.14806	0.01182	0.01702	0.03277	0.03955	0.05268	0.15720	0.03925	0.01114	0.00688	0.00216	0.00673	0.14538	0.00453	0.00715
7	0.01418	0.33652	0.45920	0.01489	0.02253	0.01859	0.01802	0.01930	0.01295	0.01768	0.01016	0.01188	0.00793	0.00568	0.00514	0.00171	0.00818	0.00409	0.00264	0.00872
8	0.01526	0.01444	0.02354	0.03421	0.63394	0.01444	0.01758	0.02006	0.07383	0.02083	0.01281	0.01591	0.01059	0.00573	0.00608	0.00181	0.00701	0.00555	0.00340	0.06297
9	0.00965	0.00650	0.00854	0.00807	0.00961	0.00597	0.00603	0.01241	0.01717	0.05963	0.64512	0.10617	0.05520	0.01306	0.00735	0.00201	0.00311	0.01156	0.00681	0.00604
10	0.01463	0.01130	0.01281	0.01128	0.01395	0.01231	0.00877	0.24725	0.13556	0.02651	0.12497	0.20338	0.08645	0.01207	0.00765	0.00214	0.04499	0.01009	0.00601	0.00788
11	0.01177	0.01107	0.01869	0.76606	0.04291	0.01384	0.01730	0.01592	0.01246	0.01592	0.01107	0.01661	0.00831	0.00623	0.00623	0.00208	0.00831	0.00554	0.00277	0.00692
12	0.00939	0.00650	0.00851	0.00794	0.00951	0.00598	0.00598	0.01232	0.01764	0.04665	0.71743	0.04578	0.05749	0.01259	0.00732	0.00196	0.00301	0.01112	0.00688	0.00602
13	0.01250	0.03223	0.74875	0.01776	0.02697	0.01447	0.02302	0.01973	0.01315	0.01973	0.01118	0.01315	0.00789	0.00592	0.00592	0.00197	0.00921	0.00460	0.00263	0.00921
14	0.01452	0.01809	0.09610	0.02555	0.03210	0.01565	0.66149	0.01994	0.01458	0.01994	0.01249	0.01650	0.00932	0.00531	0.00723	0.00209	0.01040	0.00712	0.00311	0.00847
15	0.01644	0.01366	0.01452	0.01269	0.01633	0.01560	0.00997	0.14087	0.58246	0.02810	0.06119	0.02316	0.01978	0.00852	0.00638	0.00207	0.00513	0.00704	0.00635	0.00977
16	0.70858	0.01308	0.01050	0.02950	0.01374	0.04002	0.00764	0.07707	0.01245	0.02813	0.00930	0.01074	0.00715	0.00596	0.00418	0.00192	0.00531	0.00364	0.00400	0.00709
17	0.00759	0.00542	0.00723	0.00868	0.00904	0.00506	0.00578	0.00868	0.01193	0.01591	0.03434	0.77697	0.04121	0.01952	0.00795	0.00253	0.00361	0.01771	0.00578	0.00506
18	0.82504	0.01205	0.00916	0.00819	0.01205	0.01398	0.00675	0.01832	0.01060	0.02795	0.00868	0.01012	0.00675	0.00578	0.00386	0.00193	0.00482	0.00337	0.00386	0.00675
19	0.01618	0.01372	0.01447	0.01282	0.01646	0.01582	0.01003	0.09047	0.67244	0.02716	0.02449	0.02256	0.01832	0.00837	0.00633	0.00209	0.00509	0.00692	0.00633	0.00992
20	0.00872	0.00629	0.00824	0.00791	0.00929	0.00581	0.00587	0.01150	0.01716	0.02423	0.68016	0.10741	0.05732	0.01330	0.00740	0.00201	0.00300	0.01180	0.00677	0.00581
21	0.00905	0.00608	0.00698	0.00698	0.00705	0.00614	0.00401	0.00918	0.00912	0.01222	0.01946	0.03982	0.02224	0.73827	0.07392	0.00627	0.00666	0.00892	0.00375	0.00388
22	0.01004	0.00717	0.01004	0.01147	0.01291	0.00717	0.01004	0.01291	0.01434	0.01865	0.03299	0.07028	0.03586	0.01721	0.00861	0.00287	0.00574	0.70023	0.00574	0.00574
23	0.01161	0.00581	0.00581	0.00581	0.00726	0.00581	0.00436	0.01452	0.01307	0.02323	0.02033	0.02323	0.01597	0.00726	0.00436	0.00145	0.00290	0.00581	0.81562	0.00581
24	0.01484	0.01275	0.01349	0.01218	0.01554	0.01460	0.00946	0.03107	0.66616	0.02566	0.06427	0.02587	0.04854	0.00896	0.00643	0.00210	0.00476	0.00750	0.00635	0.00948
25	0.01336	0.01324	0.01857	0.01600	0.01606	0.01844	0.01330	0.01477	0.00957	0.01496	0.00866	0.01425	0.00860	0.01294	0.06227	0.00314	0.72684	0.00552	0.00276	0.00674
26	0.73689	0.01264	0.01021	0.00887	0.01285	0.01457	0.00731	0.09566	0.01266	0.02920	0.00937	0.01065	0.00717	0.00597	0.00412	0.00192	0.00504	0.00362	0.00412	0.00717
27	0.82504	0.01205	0.00916	0.00819	0.01205	0.01398	0.00675	0.01832	0.01060	0.02795	0.00868	0.01012	0.00675	0.00578	0.00386	0.00193	0.00482	0.00337	0.00386	0.00675
28	0.01819	0.01472	0.01560	0.01322	0.01723	0.01675	0.01051	0.25925	0.50039	0.03040	0.02194	0.02052	0.01625	0.00813	0.00630	0.00203	0.00556	0.00657	0.00630	0.01010
29	0.01177	0.01107	0.01869	0.76606	0.04291	0.01384	0.01730	0.01592	0.01246	0.01592	0.01107	0.01661	0.00831	0.00623	0.00623	0.00208	0.00831	0.00554	0.00277	0.00692
30	0.00890	0.00668	0.01001	0.01001	0.01113	0.00779	0.00779	0.01113	0.01001	0.01446	0.01669	0.02448	0.01558	0.04673	0.75634	0.01001	0.01669	0.00668	0.00334	0.00556
31	0.82504	0.01205	0.00916	0.00819	0.01205	0.01398	0.00675	0.01832	0.01060	0.02795	0.00868	0.01012	0.00675	0.00578	0.00386	0.00193	0.00482	0.00337	0.00386	0.00675
32	0.02154	0.02421	0.01845	0.05552	0.02071	0.48239	0.04930	0.17081	0.01969	0.02113	0.04929	0.01446	0.01133	0.00690	0.00596	0.00173	0.00968	0.00499	0.00401	0.00791
33	0.02077	0.01544	0.01555	0.01352	0.03652	0.11796	0.01041	0.15918	0.27039	0.20030	0.05812	0.02052	0.01687	0.00795	0.00625	0.00194	0.00623	0.00634	0.00615	0.00960
34	0.82504	0.01205	0.00916	0.00819	0.01205	0.01398	0.00675	0.01832	0.01060	0.02795	0.00868	0.01012	0.00675	0.00578	0.00386	0.00193	0.00482	0.00337	0.00386	0.00675
35	0.01161	0.00581	0.00581	0.00581	0.00726	0.00581	0.00436	0.01452	0.01307	0.02323	0.02033	0.02323	0.01597	0.00726	0.00436	0.00145	0.00290	0.00581	0.81562	0.00581
36	0.07954	0.01116	0.01789	0.70290	0.04034	0.01385	0.01642	0.01612	0.01230	0.01692	0.01087	0.01607	0.00818	0.00619	0.00603	0.00206	0.00802	0.00536	0.00286	0.00691
37	0.01177	0.01107	0.01869	0.76606	0.04291	0.01384	0.01730	0.01592	0.01246	0.01592	0.01107	0.01661	0.00831	0.00623	0.00623	0.00208	0.00831	0.00554	0.00277	0.00692
38	0.01550	0.01338	0.01409	0.01268	0.01620	0.01550	0.00986	0.03311	0.73091	0.02606	0.02536	0.02325	0.01902	0.00845	0.00634	0.00211	0.00493	0.00704	0.00634	0.00986
39	0.00890	0.00668	0.01001	0.01001	0.01113	0.00779	0.00779	0.01113	0.01001	0.01446	0.01669	0.02448	0.01558	0.04673	0.75634	0.01001	0.01669	0.00668	0.00334	0.00556
40	0.00759	0.00542	0.00723	0.00868	0.00904	0.00506	0.00578	0.00868	0.01193	0.01591	0.03434	0.77697	0.04121	0.01952	0.00795	0.00253	0.00361	0.01771	0.00578	0.00506
41	0.02368	0.01745	0.01870	0.01434	0.01932	0.01932	0.01184	0.72139	0.02929	0.03927	0.01496	0.01496	0.01060	0.00748	0.00623	0.00187	0.00686	0.00561	0.00623	0.01060
42	0.01449	0.01800	0.09557	0.02526	0.03161	0.01575	0.64049	0.01979	0.01442	0.01979	0.01235	0.01641	0.00929	0.00548	0.00762	0.00211	0.03298	0.00707	0.00310	0.00842
43	0.01177	0.01107	0.01869	0.76606	0.04291	0.01384	0.01730	0.01592	0.01246	0.01592	0.01107	0.01661	0.00831	0.00623	0.00623	0.00208	0.00831	0.00554	0.00277	0.00692
44	0.01666	0.78478	0.03265	0.01066	0.01599	0.02465	0.01066	0.01866	0.01266	0.01466	0.00866	0.00999	0.00800	0.00533	0.00400	0.00133	0.00666	0.00333	0.00267	0.00800
45	0.00759	0.00542	0.00723	0.00868	0.00904	0.00506	0.00578	0.00868	0.01193	0.01591	0.03434	0.77697	0.04121	0.01952	0.00795	0.00253	0.00361	0.01771	0.00578	0.00506
46	0.01465	0.01664	0.03584	0.02574	0.03171	0.01593	0.68246	0.01970	0.01443	0.01970	0.01237	0.01664	0.00939	0.00555	0.00804	0.00213	0.05038	0.00725	0.00313	0.00832
47	0.02795	0.01060	0.01446	0.01109	0.01591	0.00916	0.00916	0.03036	0.01783	0.74648	0.02458	0.02121	0.01542	0.00771	0.00627	0.00193	0.00530	0.00627	0.00771	0.01060
48	0.01363	0.01363	0.01908	0.01636	0.01636	0.01908	0.01363	0.01499	0.00954	0.01499	0.00818	0.01363	0.00818	0.01091	0.02045	0.00273	0.76963	0.00545	0.00273	0.00682
49	0.00736	0.00631	0.00631	0.00631	0.00842	0.00526	0.00473	0.00894	0.01420	0.01683	0.06312	0.05996	0.73964	0.01578	0.00736	0.00210	0.00316	0.01315	0.00579	0.00526
50	0.02327	0.02970	0.01766	0.01605	0.01926	0.75602	0.01204	0.02488	0.01766	0.01525	0.00963	0.01124	0.00803	0.00642	0.00562	0.00161	0.01124	0.00401	0.00321	0.00722
51	0.01363	0.01363	0.01908	0.01636	0.01636	0.01908	0.01363	0.01499	0.00954	0.01499	0.00818	0.01363	0.00818	0.01091	0.02045	0.00273	0.76963	0.00545	0.00273	0.00682
52	0.01177	0.01107	0.01869	0.76606	0.04291	0.01384	0.01730	0.01592	0.01246	0.01592	0.01107	0.01661	0.00831	0.00623	0.00623	0.00208	0.00831	0.00554	0.00277	0.00692
53	0.01363	0.01363	0.01908	0.01636	0.01636	0.01908	0.01363	0.01499	0.00954	0.01499	0.00818	0.01363	0.00818	0.01091	0.02045	0.00273	0.76963	0.00545	0.00273	0.00682
54	0.01036	0.00765	0.00911	0.00852	0.01057	0.00739	0.00657	0.03849	0.09255	0.04584	0.42396	0.04653	0.20636	0.01288	0.00724	0.00205	0.00356	0.04739	0.00650	0.00646
55	0.04513	0.01310	0.01553	0.01224	0.01663	0.01337	0.03026	0.26799	0.10932	0.22371	0.10378	0.02114	0.01837	0.00794	0.00622	0.00186	0.00560	0.00646	0.00635	0.07500
56	0.04338	0.03698	0.01752	0.01344	0.01757	0.09257	0.12327	0.07882	0.07525	0.19550	0.11792	0.02461	0.07894	0.00828	0.00639	0.00188	0.00638	0.00715	0.00551	0.04865
57	0.08831	0.01310	0.03833	0.01254	0.03869	0.01161	0.06261	0.13037	0.03716	0.04382	0.03325	0.03268	0.01239	0.00636	0.00544	0.00149	0.00565	0.02284	0.00439	0.39897
58	0.13269	0.03730	0.01379	0.01056	0.01489	0.09501	0.02408	0.05528	0.05160	0.05479	0.09375	0.01843	0.03674	0.00674	0.00529	0.00149	0.00553	0.00526	0.00448	0.33232

[dist]
# distance from previous block
# <min> <max>
2	376

# created by:
# /home/cegg/simao/soft/augustus-3.2.1/scripts/msa2prfl.pl ./align_prep/EOG090W06ZV.fa
