[name]
unknown

[dist]
# distance from previous block
# <min> <max>
41	358

[block]
# block no. 0 follows, 27 sequences, length 9
# corresponding to MSA columns:
# 523-531
name=unknown_A
#
# <colnr> <probs for GDERKNQSTAVLIFYWHMCP>
#	G	D	E	R	K	N	Q	S	T	A	V	L	I	F	Y	W	H	M	C	P
0	0.03462	0.01765	0.04300	0.25698	0.05315	0.09263	0.01553	0.10732	0.05279	0.03909	0.04310	0.01957	0.01379	0.00787	0.00739	0.00211	0.02626	0.00630	0.00469	0.15616
1	0.05643	0.09764	0.09953	0.29528	0.12412	0.09350	0.01886	0.08751	0.01783	0.02346	0.01315	0.01703	0.01020	0.00731	0.00687	0.00224	0.00966	0.00588	0.00386	0.00963
2	0.02105	0.04553	0.02189	0.13174	0.05867	0.01974	0.01487	0.29419	0.06652	0.03245	0.03869	0.01941	0.01409	0.00892	0.00933	0.00228	0.09910	0.00664	0.00560	0.08928
3	0.02100	0.01857	0.02214	0.37270	0.03720	0.09572	0.01742	0.26977	0.02324	0.02958	0.01478	0.01833	0.01091	0.00802	0.00734	0.00232	0.00962	0.00643	0.00494	0.00997
4	0.02669	0.01998	0.02228	0.09293	0.02605	0.02232	0.01481	0.59813	0.03274	0.04379	0.01732	0.01804	0.01233	0.00875	0.00743	0.00225	0.00836	0.00667	0.00698	0.01215
5	0.06690	0.01625	0.06766	0.43727	0.05804	0.01732	0.01836	0.09352	0.08451	0.02482	0.01528	0.01942	0.01142	0.00772	0.00717	0.00238	0.00894	0.00648	0.00430	0.03224
6	0.02478	0.04434	0.02467	0.06675	0.02619	0.02186	0.08644	0.46622	0.09634	0.03973	0.01820	0.01900	0.01320	0.00855	0.00750	0.00228	0.00853	0.00699	0.00660	0.01184
7	0.01603	0.01450	0.02223	0.50598	0.06875	0.01750	0.01888	0.08890	0.01677	0.02237	0.01337	0.01891	0.01031	0.00800	0.00903	0.00244	0.08205	0.00647	0.00382	0.05369
8	0.08073	0.28185	0.10701	0.15256	0.02721	0.02256	0.01581	0.13988	0.06176	0.02593	0.01389	0.01600	0.01088	0.00739	0.00620	0.00208	0.00841	0.00544	0.00436	0.01004

[dist]
# distance from previous block
# <min> <max>
18	133

[block]
# block no. 1 follows, 27 sequences, length 10
# corresponding to MSA columns:
# 682-691
name=unknown_B
#
# <colnr> <probs for GDERKNQSTAVLIFYWHMCP>
#	G	D	E	R	K	N	Q	S	T	A	V	L	I	F	Y	W	H	M	C	P
0	0.01543	0.01323	0.01362	0.01201	0.01571	0.08214	0.00895	0.01948	0.08020	0.05187	0.02525	0.26458	0.02593	0.03791	0.00840	0.00224	0.00604	0.01092	0.00572	0.30038
1	0.02281	0.05666	0.04538	0.02276	0.17701	0.01700	0.05985	0.16414	0.07391	0.17535	0.08947	0.02401	0.02006	0.00880	0.00750	0.00226	0.00763	0.00763	0.00640	0.01137
2	0.01500	0.01215	0.02021	0.01594	0.02017	0.01103	0.19145	0.01919	0.03735	0.09442	0.18573	0.10787	0.15202	0.01260	0.00841	0.00238	0.00666	0.01181	0.00637	0.06923
3	0.01358	0.01009	0.01282	0.06694	0.01731	0.00941	0.00969	0.01761	0.06621	0.06465	0.03409	0.24346	0.09894	0.01512	0.00817	0.00246	0.00560	0.11000	0.00622	0.18764
4	0.01807	0.02726	0.28395	0.01936	0.02698	0.11228	0.11011	0.08265	0.01878	0.02551	0.06035	0.01887	0.01445	0.00749	0.00713	0.00208	0.00980	0.00632	0.00428	0.14428
5	0.01480	0.01370	0.02366	0.02891	0.32029	0.01331	0.10956	0.01873	0.01750	0.02458	0.17819	0.14979	0.03184	0.01143	0.00825	0.00242	0.00733	0.01101	0.00530	0.00940
6	0.01277	0.01174	0.01428	0.06223	0.01800	0.08165	0.05971	0.01555	0.01689	0.02105	0.08874	0.23648	0.14167	0.01724	0.00902	0.00279	0.00674	0.17022	0.00617	0.00707
7	0.29934	0.01734	0.01823	0.01498	0.01982	0.08382	0.07865	0.12958	0.06990	0.11527	0.01837	0.07164	0.01480	0.00900	0.00665	0.00234	0.00756	0.00708	0.00587	0.00975
8	0.01107	0.01124	0.06566	0.01191	0.01485	0.00914	0.05025	0.01566	0.08100	0.02266	0.13742	0.25312	0.25332	0.01705	0.00872	0.00262	0.00521	0.01502	0.00664	0.00744
9	0.01877	0.07029	0.24735	0.02428	0.09908	0.01807	0.19795	0.08648	0.01847	0.06769	0.01509	0.01770	0.01116	0.00694	0.00735	0.00222	0.01000	0.00657	0.00426	0.07029

[dist]
# distance from previous block
# <min> <max>
8	34

[block]
# block no. 2 follows, 27 sequences, length 9
# corresponding to MSA columns:
# 726-734
name=unknown_C
#
# <colnr> <probs for GDERKNQSTAVLIFYWHMCP>
#	G	D	E	R	K	N	Q	S	T	A	V	L	I	F	Y	W	H	M	C	P
0	0.16055	0.01932	0.11211	0.01662	0.02246	0.06292	0.10525	0.05020	0.10169	0.15966	0.02163	0.05608	0.03616	0.00894	0.00711	0.00234	0.00801	0.00749	0.00579	0.03570
1	0.11599	0.01513	0.12411	0.01670	0.09200	0.01178	0.03555	0.01828	0.04451	0.05023	0.04956	0.27721	0.07158	0.03312	0.00869	0.00271	0.00652	0.01233	0.00562	0.00838
2	0.01549	0.09485	0.02276	0.01529	0.02090	0.01383	0.13165	0.01889	0.01540	0.02236	0.01670	0.11073	0.01585	0.00845	0.00748	0.00177	0.04237	0.00747	0.00441	0.41334
3	0.02188	0.01816	0.04610	0.09486	0.05138	0.09756	0.01381	0.18501	0.05702	0.12317	0.02094	0.11328	0.01774	0.01022	0.00785	0.00228	0.02572	0.00830	0.00603	0.07870
4	0.11496	0.11249	0.01470	0.01085	0.01301	0.01260	0.00847	0.01507	0.01220	0.01872	0.01810	0.02904	0.01788	0.20317	0.35896	0.00809	0.01335	0.00754	0.00407	0.00672
5	0.01466	0.00955	0.01274	0.01205	0.01418	0.01042	0.00921	0.01958	0.10738	0.10873	0.02390	0.06163	0.02139	0.11759	0.41247	0.00841	0.01402	0.00885	0.00536	0.00788
6	0.02332	0.02767	0.02268	0.01971	0.02387	0.44284	0.10573	0.02852	0.10694	0.02111	0.01754	0.02403	0.01521	0.00920	0.00749	0.00224	0.01155	0.07669	0.00464	0.00902
7	0.01783	0.01312	0.01610	0.05793	0.01999	0.01047	0.00987	0.02118	0.01618	0.11898	0.01547	0.01708	0.01197	0.00615	0.00590	0.00136	0.00590	0.00498	0.00500	0.62455
8	0.26811	0.01319	0.01327	0.01278	0.03430	0.03974	0.00945	0.12247	0.01787	0.07802	0.02458	0.28582	0.02514	0.01356	0.00725	0.00254	0.00601	0.01123	0.00619	0.00848

[dist]
# distance from previous block
# <min> <max>
2	6

[block]
# block no. 3 follows, 27 sequences, length 19
# corresponding to MSA columns:
# 757,758,776-792
name=unknown_D
#
# <colnr> <probs for GDERKNQSTAVLIFYWHMCP>
#	G	D	E	R	K	N	Q	S	T	A	V	L	I	F	Y	W	H	M	C	P
0	0.01713	0.01552	0.02486	0.28564	0.33814	0.01690	0.01986	0.08450	0.01827	0.02500	0.06850	0.02183	0.01587	0.00783	0.00750	0.00232	0.00872	0.00716	0.00427	0.01018
1	0.01273	0.01119	0.01235	0.01203	0.01386	0.07870	0.00912	0.01646	0.06718	0.01854	0.02695	0.03434	0.10071	0.10230	0.43937	0.00862	0.01504	0.00887	0.00465	0.00701
2	0.02638	0.01367	0.02160	0.08001	0.09019	0.01271	0.09260	0.03005	0.01979	0.43591	0.07783	0.02590	0.02028	0.00890	0.00771	0.00233	0.00741	0.00794	0.00738	0.01139
3	0.01804	0.13356	0.40212	0.01990	0.02872	0.01865	0.10043	0.02590	0.06990	0.08998	0.01604	0.01758	0.01161	0.00731	0.00701	0.00227	0.00985	0.00610	0.00417	0.01087
4	0.01651	0.01813	0.03803	0.02758	0.03432	0.01680	0.54767	0.02204	0.01702	0.02334	0.01743	0.09029	0.01498	0.00788	0.00857	0.00244	0.01114	0.00963	0.00412	0.07208
5	0.01118	0.08123	0.01432	0.01109	0.01389	0.00982	0.05654	0.01379	0.01715	0.02179	0.15873	0.14130	0.32276	0.01675	0.00861	0.00254	0.00517	0.07981	0.00650	0.00702
6	0.01877	0.02093	0.09856	0.02871	0.03636	0.01790	0.54892	0.02492	0.01771	0.08684	0.01621	0.02014	0.01177	0.00660	0.00849	0.00247	0.01180	0.00835	0.00421	0.01034
7	0.01746	0.01671	0.02849	0.18698	0.55851	0.01740	0.02233	0.02198	0.01647	0.02315	0.01380	0.01867	0.01137	0.00678	0.00736	0.00226	0.00904	0.00661	0.00360	0.01102
8	0.01402	0.01319	0.02227	0.72126	0.05113	0.01649	0.02062	0.01897	0.01484	0.01897	0.01319	0.01979	0.00990	0.00742	0.00742	0.00247	0.00990	0.00660	0.00330	0.00825
9	0.01784	0.01710	0.02917	0.12809	0.61442	0.01750	0.02252	0.02232	0.01665	0.02361	0.01387	0.01855	0.01153	0.00671	0.00736	0.00224	0.00895	0.00661	0.00363	0.01133
10	0.00995	0.00737	0.01028	0.01280	0.05122	0.00702	0.00844	0.01168	0.01472	0.01966	0.03914	0.61294	0.04614	0.02195	0.00945	0.00302	0.00488	0.09619	0.00670	0.00646
11	0.00902	0.00655	0.00852	0.01010	0.01070	0.00605	0.00678	0.01036	0.01444	0.01904	0.04383	0.67792	0.10356	0.02288	0.00942	0.00297	0.00426	0.02064	0.00689	0.00605
12	0.01289	0.00645	0.00967	0.00967	0.00967	0.00645	0.00645	0.00967	0.00967	0.01289	0.01289	0.02257	0.01289	0.02579	0.02901	0.78401	0.00645	0.00645	0.00322	0.00322
13	0.26553	0.01794	0.02326	0.01871	0.04686	0.06829	0.17419	0.11001	0.01923	0.16277	0.01644	0.01773	0.01173	0.00750	0.00682	0.00231	0.00853	0.00638	0.00557	0.01021
14	0.06907	0.02354	0.02436	0.02278	0.11240	0.26060	0.09452	0.08910	0.01969	0.09680	0.01449	0.01687	0.01125	0.00828	0.00937	0.00229	0.10380	0.00617	0.00470	0.00993
15	0.02051	0.02099	0.02813	0.03949	0.54129	0.14281	0.02086	0.05342	0.01847	0.02418	0.01369	0.01745	0.01140	0.00691	0.00723	0.00215	0.00961	0.00629	0.00387	0.01123
16	0.02097	0.08424	0.09363	0.02968	0.32285	0.05662	0.01890	0.15130	0.08153	0.04520	0.01609	0.01820	0.01255	0.00752	0.00710	0.00219	0.00874	0.00637	0.00482	0.01151
17	0.01965	0.09617	0.11092	0.02698	0.22364	0.05068	0.11500	0.08072	0.07254	0.06341	0.05492	0.02061	0.01575	0.00775	0.00734	0.00223	0.00902	0.00703	0.00478	0.01087
18	0.02104	0.08571	0.20150	0.01709	0.02429	0.07756	0.05251	0.12383	0.05854	0.10466	0.01650	0.01749	0.01213	0.00743	0.00677	0.00201	0.00875	0.00586	0.00508	0.15125

[dist]
# distance from previous block
# <min> <max>
0	16

[block]
# block no. 4 follows, 27 sequences, length 35
# corresponding to MSA columns:
# 834-868
name=unknown_E
#
# <colnr> <probs for GDERKNQSTAVLIFYWHMCP>
#	G	D	E	R	K	N	Q	S	T	A	V	L	I	F	Y	W	H	M	C	P
0	0.05662	0.13609	0.02316	0.01735	0.07905	0.04162	0.01322	0.26302	0.10252	0.08680	0.04006	0.01937	0.01519	0.00828	0.00676	0.00207	0.00747	0.00638	0.00613	0.06883
1	0.04789	0.02235	0.05347	0.01746	0.04194	0.16513	0.01392	0.21835	0.23397	0.07818	0.02064	0.02027	0.01524	0.00881	0.00721	0.00227	0.00850	0.00674	0.00641	0.01125
2	0.02569	0.01490	0.01609	0.01346	0.01800	0.08680	0.01067	0.05911	0.11888	0.36863	0.05035	0.07580	0.08589	0.01116	0.00769	0.00235	0.00664	0.00913	0.00789	0.01087
3	0.02680	0.02587	0.02198	0.02075	0.09716	0.31647	0.01482	0.24379	0.05791	0.07917	0.01612	0.01702	0.01213	0.00819	0.00711	0.00211	0.01024	0.00600	0.00560	0.01076
4	0.01834	0.01816	0.02266	0.02696	0.27065	0.11810	0.05817	0.02610	0.17477	0.02492	0.05277	0.05599	0.04802	0.00931	0.00752	0.00229	0.00814	0.00826	0.03861	0.01026
5	0.01289	0.00645	0.00967	0.00967	0.00967	0.00645	0.00645	0.00967	0.00967	0.01289	0.01289	0.02257	0.01289	0.02579	0.02901	0.78401	0.00645	0.00645	0.00322	0.00322
6	0.16569	0.02162	0.23257	0.01767	0.02410	0.01538	0.12229	0.04967	0.05011	0.02772	0.12273	0.02806	0.02246	0.00947	0.00742	0.00245	0.00833	0.05784	0.00501	0.00940
7	0.45010	0.01907	0.01761	0.01470	0.01942	0.12759	0.07349	0.09419	0.04740	0.03081	0.01267	0.01453	0.00982	0.00753	0.00647	0.00229	0.03335	0.00517	0.00479	0.00899
8	0.02724	0.01399	0.01705	0.01399	0.01910	0.01400	0.01125	0.03752	0.29050	0.42510	0.02967	0.02626	0.02013	0.00955	0.00750	0.00239	0.00614	0.00784	0.00852	0.01227
9	0.01684	0.01553	0.02204	0.11772	0.11901	0.01759	0.07946	0.02856	0.31755	0.02558	0.02297	0.07601	0.01900	0.01010	0.00936	0.00257	0.07547	0.00870	0.00560	0.01033
10	0.01067	0.00714	0.00814	0.00826	0.00830	0.00711	0.00468	0.01076	0.01105	0.01473	0.02469	0.09957	0.02863	0.68587	0.03568	0.00689	0.00698	0.01156	0.00468	0.00461
11	0.02564	0.01673	0.01965	0.01701	0.06459	0.01743	0.01288	0.26209	0.18161	0.21115	0.02318	0.02198	0.01634	0.00886	0.00732	0.00223	0.00698	0.00712	0.00745	0.06976
12	0.06805	0.01858	0.03563	0.02814	0.08125	0.01949	0.42072	0.02217	0.01570	0.02304	0.01338	0.01848	0.01073	0.00792	0.01208	0.00264	0.18099	0.00775	0.00368	0.00956
13	0.01985	0.74357	0.03890	0.01270	0.01905	0.02937	0.01270	0.02223	0.01508	0.01747	0.01032	0.01191	0.00953	0.00635	0.00476	0.00159	0.00794	0.00397	0.00318	0.00953
14	0.02124	0.01969	0.03213	0.02510	0.06233	0.06378	0.34344	0.11150	0.12473	0.09010	0.01882	0.02092	0.01381	0.00758	0.00807	0.00240	0.01021	0.00795	0.00534	0.01086
15	0.01985	0.74357	0.03890	0.01270	0.01905	0.02937	0.01270	0.02223	0.01508	0.01747	0.01032	0.01191	0.00953	0.00635	0.00476	0.00159	0.00794	0.00397	0.00318	0.00953
16	0.79154	0.01436	0.01091	0.00976	0.01436	0.01665	0.00804	0.02182	0.01263	0.03331	0.01034	0.01206	0.00804	0.00689	0.00459	0.00230	0.00574	0.00402	0.00459	0.00804
17	0.01817	0.01730	0.02876	0.07577	0.61188	0.01765	0.02186	0.02384	0.06607	0.02450	0.01514	0.01914	0.01248	0.00691	0.00737	0.00224	0.00865	0.00675	0.00395	0.01159
18	0.01150	0.00895	0.01362	0.01287	0.01503	0.00851	0.06972	0.01504	0.01882	0.02581	0.35827	0.12066	0.05387	0.01679	0.00931	0.00276	0.00549	0.21862	0.00722	0.00714
19	0.02343	0.01441	0.01670	0.01408	0.01870	0.01520	0.01120	0.08200	0.35003	0.25614	0.09009	0.02873	0.02488	0.01016	0.00763	0.00241	0.00597	0.00842	0.00815	0.01167
20	0.02992	0.01782	0.06422	0.01539	0.02156	0.01652	0.01337	0.30625	0.02674	0.37453	0.02333	0.02145	0.01532	0.00893	0.00742	0.00227	0.00742	0.00700	0.00804	0.01252
21	0.01837	0.01764	0.03013	0.04557	0.69279	0.01764	0.02278	0.02278	0.01690	0.02425	0.01396	0.01837	0.01176	0.00661	0.00735	0.00220	0.00882	0.00661	0.00367	0.01176
22	0.01080	0.00720	0.00810	0.00810	0.00810	0.00720	0.00450	0.01080	0.01080	0.01439	0.02339	0.04858	0.02699	0.73910	0.03779	0.00720	0.00720	0.01080	0.00450	0.00450
23	0.01556	0.01417	0.02405	0.03178	0.37576	0.01401	0.07444	0.01955	0.01675	0.02312	0.02391	0.10617	0.02418	0.01217	0.00851	0.00266	0.00814	0.19053	0.00490	0.00964
24	0.01402	0.01319	0.02227	0.72126	0.05113	0.01649	0.02062	0.01897	0.01484	0.01897	0.01319	0.01979	0.00990	0.00742	0.00742	0.00247	0.00990	0.00660	0.00330	0.00825
25	0.00904	0.00646	0.00861	0.01034	0.01077	0.00603	0.00689	0.01034	0.01421	0.01895	0.04092	0.73426	0.04910	0.02326	0.00948	0.00301	0.00431	0.02110	0.00689	0.00603
26	0.01196	0.00854	0.01196	0.01367	0.01538	0.00854	0.01196	0.01538	0.01709	0.02222	0.03931	0.08374	0.04272	0.02051	0.01025	0.00342	0.00684	0.64283	0.00684	0.00684
27	0.79154	0.01436	0.01091	0.00976	0.01436	0.01665	0.00804	0.02182	0.01263	0.03331	0.01034	0.01206	0.00804	0.00689	0.00459	0.00230	0.00574	0.00402	0.00459	0.00804
28	0.00932	0.00765	0.00827	0.00842	0.01076	0.00661	0.00652	0.01153	0.01733	0.02124	0.13006	0.07135	0.55395	0.01865	0.00895	0.00260	0.00410	0.08928	0.00701	0.00641
29	0.01837	0.01764	0.03013	0.04557	0.69279	0.01764	0.02278	0.02278	0.01690	0.02425	0.01396	0.01837	0.01176	0.00661	0.00735	0.00220	0.00882	0.00661	0.00367	0.01176
30	0.27665	0.20411	0.13680	0.01459	0.02052	0.16368	0.01394	0.02459	0.04427	0.02448	0.01193	0.01358	0.00959	0.00708	0.00562	0.00206	0.00876	0.00460	0.00396	0.00918
31	0.02386	0.23778	0.02553	0.01459	0.02029	0.06150	0.04196	0.14287	0.02099	0.18588	0.04712	0.02122	0.01614	0.00834	0.00662	0.00198	0.00768	0.02725	0.00589	0.08249
32	0.16230	0.01561	0.01646	0.01401	0.01817	0.10267	0.04046	0.02566	0.05836	0.21064	0.02275	0.12634	0.01956	0.01080	0.00795	0.00236	0.04172	0.02742	0.00624	0.07051
33	0.04607	0.01549	0.04690	0.01459	0.05118	0.03466	0.01145	0.04741	0.13136	0.16975	0.06388	0.02228	0.01831	0.00805	0.00671	0.00189	0.00635	0.00655	0.00620	0.29093
34	0.08120	0.05229	0.09374	0.01735	0.08153	0.07187	0.01384	0.08626	0.13225	0.14681	0.06508	0.02344	0.03749	0.00886	0.00701	0.00220	0.00744	0.00705	0.00609	0.05818

[dist]
# distance from previous block
# <min> <max>
3	52

[block]
# block no. 5 follows, 27 sequences, length 41
# corresponding to MSA columns:
# 921-961
name=unknown_F
#
# <colnr> <probs for GDERKNQSTAVLIFYWHMCP>
#	G	D	E	R	K	N	Q	S	T	A	V	L	I	F	Y	W	H	M	C	P
0	0.23891	0.01954	0.08245	0.01582	0.04181	0.07790	0.04350	0.10498	0.09738	0.09362	0.01648	0.01732	0.01221	0.00761	0.00638	0.00215	0.00767	0.00575	0.00543	0.10308
1	0.05064	0.01873	0.07736	0.02080	0.13369	0.04269	0.03938	0.16305	0.13222	0.12626	0.06852	0.02278	0.01848	0.00869	0.00734	0.00225	0.00767	0.00727	0.00626	0.04593
2	0.11439	0.04236	0.04953	0.01953	0.16306	0.01481	0.01316	0.04971	0.12723	0.09174	0.14996	0.02837	0.04995	0.00961	0.00718	0.00225	0.00638	0.00806	0.00607	0.04666
3	0.07375	0.01876	0.08444	0.01973	0.10171	0.06507	0.10388	0.05424	0.01780	0.08155	0.04564	0.01880	0.01405	0.00705	0.00674	0.00189	0.00807	0.00614	0.00480	0.26590
4	0.01970	0.39470	0.10363	0.01539	0.02188	0.05321	0.07533	0.02407	0.04561	0.06753	0.01423	0.01580	0.01145	0.00689	0.00586	0.00183	0.00834	0.00524	0.04184	0.06748
5	0.01440	0.18437	0.02050	0.01248	0.01668	0.01448	0.07094	0.06220	0.01774	0.02283	0.09691	0.11812	0.22373	0.01292	0.00751	0.00218	0.00609	0.01099	0.00564	0.07928
6	0.01045	0.00846	0.00926	0.00973	0.01112	0.03893	0.00691	0.01232	0.01633	0.02101	0.17553	0.29354	0.21193	0.09716	0.01212	0.00317	0.00485	0.04416	0.00674	0.00627
7	0.01860	0.01872	0.03197	0.04223	0.56131	0.04500	0.12585	0.02321	0.01717	0.02394	0.01404	0.01844	0.01159	0.00660	0.00755	0.00224	0.00959	0.00689	0.00369	0.01135
8	0.01815	0.01678	0.02738	0.09883	0.47699	0.01728	0.04889	0.07785	0.04256	0.02559	0.01674	0.06851	0.01464	0.00815	0.00758	0.00231	0.00860	0.00778	0.00433	0.01105
9	0.01678	0.01802	0.03615	0.19316	0.03987	0.01820	0.45114	0.02412	0.07951	0.02333	0.01602	0.02070	0.01202	0.00689	0.00833	0.00250	0.01127	0.00821	0.00401	0.00976
10	0.01577	0.10222	0.53448	0.02196	0.03194	0.01863	0.12668	0.02343	0.01591	0.02298	0.01331	0.01600	0.00971	0.00686	0.00711	0.00230	0.01093	0.00586	0.00324	0.01068
11	0.01669	0.09889	0.47648	0.09887	0.03114	0.01738	0.02308	0.02361	0.01620	0.08077	0.03933	0.01808	0.01248	0.00751	0.00698	0.00229	0.00989	0.00593	0.00386	0.01052
12	0.01091	0.00779	0.01076	0.01247	0.01372	0.00764	0.01013	0.01356	0.01605	0.02104	0.03989	0.31819	0.04502	0.02150	0.00997	0.00327	0.00592	0.41875	0.00686	0.00655
13	0.01063	0.00713	0.00815	0.00831	0.00835	0.00709	0.00472	0.01075	0.01112	0.01483	0.02505	0.11346	0.02908	0.67137	0.03511	0.00680	0.00692	0.01177	0.00472	0.00464
14	0.02611	0.02398	0.02601	0.02020	0.02595	0.17905	0.13562	0.40209	0.02850	0.03596	0.01585	0.01722	0.01167	0.00813	0.00751	0.00221	0.01017	0.00664	0.00592	0.01122
15	0.02499	0.09258	0.02139	0.01653	0.02121	0.27988	0.01311	0.13299	0.20636	0.08858	0.01923	0.01903	0.01451	0.00854	0.00694	0.00214	0.00930	0.00626	0.00586	0.01057
16	0.01196	0.00854	0.01196	0.01367	0.01538	0.00854	0.01196	0.01538	0.01709	0.02222	0.03931	0.08374	0.04272	0.02051	0.01025	0.00342	0.00684	0.64283	0.00684	0.00684
17	0.01513	0.03671	0.64038	0.02209	0.03274	0.01738	0.08600	0.02353	0.01584	0.02353	0.01348	0.01607	0.00957	0.00698	0.00721	0.00236	0.01111	0.00579	0.00319	0.01088
18	0.01824	0.01626	0.03207	0.12372	0.03403	0.01572	0.38464	0.02335	0.01759	0.11634	0.02198	0.02978	0.04520	0.00890	0.00855	0.00257	0.01029	0.07625	0.00491	0.00962
19	0.01752	0.02003	0.04380	0.03129	0.03880	0.01877	0.66583	0.02378	0.01752	0.02378	0.01502	0.02003	0.01126	0.00626	0.00876	0.00250	0.01252	0.00876	0.00375	0.01001
20	0.01061	0.00795	0.01193	0.01193	0.01326	0.00928	0.00928	0.01326	0.01193	0.01723	0.01988	0.02916	0.01856	0.05568	0.70968	0.01193	0.01988	0.00795	0.00398	0.00663
21	0.01501	0.03754	0.66973	0.02164	0.03244	0.01731	0.05747	0.02352	0.01576	0.02352	0.01340	0.01588	0.00949	0.00702	0.00713	0.00236	0.01104	0.00564	0.00316	0.01093
22	0.01265	0.00809	0.01068	0.00988	0.01200	0.00743	0.00758	0.01609	0.02086	0.09032	0.59993	0.05396	0.06413	0.01487	0.00870	0.00238	0.00391	0.04083	0.00821	0.00751
23	0.03331	0.01263	0.01723	0.01321	0.01895	0.01091	0.01091	0.03618	0.02125	0.69794	0.02929	0.02527	0.01838	0.00919	0.00747	0.00230	0.00632	0.00747	0.00919	0.01263
24	0.01402	0.01319	0.02227	0.72126	0.05113	0.01649	0.02062	0.01897	0.01484	0.01897	0.01319	0.01979	0.00990	0.00742	0.00742	0.00247	0.00990	0.00660	0.00330	0.00825
25	0.02363	0.01329	0.02180	0.01707	0.02208	0.01218	0.16603	0.02794	0.04863	0.35568	0.05173	0.12852	0.02424	0.01127	0.00824	0.00251	0.00741	0.03986	0.00735	0.01056
26	0.02522	0.01334	0.01627	0.01351	0.01823	0.01335	0.01081	0.03502	0.27059	0.37293	0.10103	0.02946	0.02559	0.01017	0.00764	0.00238	0.00584	0.00846	0.00846	0.01169
27	0.01846	0.01595	0.01679	0.01511	0.01930	0.01846	0.01175	0.03945	0.67938	0.03105	0.03022	0.02770	0.02266	0.01007	0.00755	0.00252	0.00588	0.00839	0.00755	0.01175
28	0.01624	0.01624	0.02274	0.01949	0.01949	0.02274	0.01624	0.01787	0.01137	0.01787	0.00975	0.01624	0.00975	0.01299	0.02436	0.00325	0.72552	0.00650	0.00325	0.00812
29	0.01846	0.01595	0.01679	0.01511	0.01930	0.01846	0.01175	0.03945	0.67938	0.03105	0.03022	0.02770	0.02266	0.01007	0.00755	0.00252	0.00588	0.00839	0.00755	0.01175
30	0.01443	0.01361	0.02426	0.02038	0.02365	0.01433	0.22895	0.01836	0.01608	0.02181	0.02609	0.08138	0.02675	0.01459	0.01223	0.00307	0.13621	0.29057	0.00518	0.00808
31	0.01402	0.01319	0.02227	0.72126	0.05113	0.01649	0.02062	0.01897	0.01484	0.01897	0.01319	0.01979	0.00990	0.00742	0.00742	0.00247	0.00990	0.00660	0.00330	0.00825
32	0.79154	0.01436	0.01091	0.00976	0.01436	0.01665	0.00804	0.02182	0.01263	0.03331	0.01034	0.01206	0.00804	0.00689	0.00459	0.00230	0.00574	0.00402	0.00459	0.00804
33	0.01037	0.00748	0.00980	0.00943	0.01106	0.00691	0.00699	0.01366	0.02037	0.02875	0.62757	0.11968	0.06806	0.01594	0.00882	0.00240	0.00358	0.01415	0.00805	0.00691
34	0.79154	0.01436	0.01091	0.00976	0.01436	0.01665	0.00804	0.02182	0.01263	0.03331	0.01034	0.01206	0.00804	0.00689	0.00459	0.00230	0.00574	0.00402	0.00459	0.00804
35	0.00913	0.00650	0.00859	0.01023	0.01064	0.00609	0.00677	0.01036	0.01405	0.01873	0.04006	0.70083	0.04802	0.05815	0.01086	0.00322	0.00445	0.02060	0.00677	0.00596
36	0.79154	0.01436	0.01091	0.00976	0.01436	0.01665	0.00804	0.02182	0.01263	0.03331	0.01034	0.01206	0.00804	0.00689	0.00459	0.00230	0.00574	0.00402	0.00459	0.00804
37	0.01075	0.00736	0.00893	0.00893	0.00921	0.00765	0.00553	0.01133	0.01104	0.01501	0.02263	0.04438	0.02517	0.59127	0.18313	0.00822	0.00994	0.01018	0.00439	0.00496
38	0.43670	0.01610	0.01744	0.01391	0.01924	0.01748	0.07019	0.17194	0.01942	0.13121	0.01521	0.01601	0.01087	0.00763	0.00604	0.00230	0.00700	0.00556	0.00583	0.00993
39	0.02430	0.01780	0.02034	0.08076	0.02406	0.01979	0.01377	0.35977	0.17676	0.10043	0.02084	0.02081	0.01504	0.00911	0.00803	0.00232	0.03455	0.00706	0.00699	0.03747
40	0.25467	0.01485	0.02244	0.06736	0.02395	0.01585	0.21137	0.05022	0.01493	0.02524	0.01505	0.02276	0.01329	0.13930	0.04454	0.00371	0.04073	0.00727	0.00427	0.00819

[dist]
# distance from previous block
# <min> <max>
2	14

# created by:
# /home/cegg/simao/soft/augustus-3.2.1/scripts/msa2prfl.pl ./align_prep/EOG090W0L89.fa
