[name]
unknown

[dist]
# distance from previous block
# <min> <max>
0	0

[block]
# block no. 0 follows, 29 sequences, length 64
# corresponding to MSA columns:
# 92-155
name=unknown_A
#
# <colnr> <probs for GDERKNQSTAVLIFYWHMCP>
#	G	D	E	R	K	N	Q	S	T	A	V	L	I	F	Y	W	H	M	C	P
0	0.01147	0.00820	0.01147	0.01311	0.01475	0.00820	0.01147	0.01475	0.01639	0.02131	0.03770	0.08032	0.04098	0.01967	0.00984	0.00328	0.00656	0.65741	0.00656	0.00656
1	0.01632	0.01555	0.02619	0.17887	0.50543	0.01656	0.02049	0.02044	0.01532	0.02161	0.01331	0.01829	0.01114	0.00908	0.04230	0.00267	0.04640	0.00640	0.00345	0.01019
2	0.00852	0.00722	0.00736	0.00733	0.00968	0.00606	0.00550	0.01043	0.01649	0.01984	0.11325	0.06753	0.66095	0.01781	0.00841	0.00239	0.00359	0.01489	0.00669	0.00606
3	0.03009	0.01157	0.01554	0.01207	0.01720	0.01009	0.00992	0.03290	0.01984	0.64240	0.02761	0.02447	0.01769	0.00876	0.00694	0.00215	0.00579	0.00711	0.08628	0.01157
4	0.00949	0.00726	0.00870	0.00834	0.01028	0.00647	0.00625	0.01229	0.01876	0.02525	0.47807	0.05864	0.29276	0.01579	0.00840	0.00230	0.00345	0.01364	0.00740	0.00647
5	0.01428	0.03683	0.71286	0.02030	0.03082	0.01654	0.02631	0.02255	0.01503	0.02255	0.01278	0.01503	0.00902	0.00677	0.00677	0.00226	0.01052	0.00526	0.00301	0.01052
6	0.80005	0.01377	0.01047	0.00936	0.01377	0.01597	0.00771	0.02093	0.01212	0.03195	0.00991	0.01157	0.00771	0.00661	0.00441	0.00220	0.00551	0.00386	0.00441	0.00771
7	0.01327	0.00664	0.00664	0.00664	0.00830	0.00664	0.00498	0.01659	0.01493	0.02655	0.02323	0.02655	0.01825	0.00830	0.00498	0.00166	0.00332	0.00664	0.78928	0.00664
8	0.03195	0.01212	0.01652	0.01267	0.01818	0.01047	0.01047	0.03470	0.02038	0.71026	0.02809	0.02424	0.01763	0.00881	0.00716	0.00220	0.00606	0.00716	0.00881	0.01212
9	0.01558	0.01558	0.02181	0.01869	0.01869	0.02181	0.01558	0.01714	0.01091	0.01714	0.00935	0.01558	0.00935	0.01246	0.02337	0.00312	0.73672	0.00623	0.00312	0.00779
10	0.80005	0.01377	0.01047	0.00936	0.01377	0.01597	0.00771	0.02093	0.01212	0.03195	0.00991	0.01157	0.00771	0.00661	0.00441	0.00220	0.00551	0.00386	0.00441	0.00771
11	0.01475	0.10802	0.64581	0.01949	0.02957	0.01769	0.02491	0.02243	0.01498	0.02198	0.01249	0.01468	0.00903	0.00670	0.00655	0.00218	0.01023	0.00512	0.00301	0.01039
12	0.00879	0.00628	0.00840	0.01005	0.01051	0.00588	0.00681	0.01012	0.01375	0.01831	0.03918	0.71744	0.04684	0.02220	0.00912	0.00291	0.00423	0.04676	0.00661	0.00582
13	0.01536	0.19917	0.55995	0.01846	0.02798	0.01917	0.02311	0.02227	0.01491	0.02124	0.01213	0.01422	0.00905	0.00661	0.00627	0.00209	0.00987	0.00493	0.00302	0.01021
14	0.01716	0.01700	0.02124	0.09358	0.31434	0.11042	0.01598	0.04475	0.10732	0.02289	0.02554	0.02724	0.13390	0.00913	0.00724	0.00219	0.00790	0.00786	0.00467	0.00965
15	0.00848	0.00722	0.00731	0.00729	0.00966	0.00604	0.00546	0.01035	0.01639	0.01962	0.09833	0.06789	0.67601	0.01789	0.00842	0.00240	0.00360	0.01494	0.00666	0.00604
16	0.01017	0.00763	0.01144	0.01144	0.01272	0.00890	0.00890	0.01272	0.01144	0.01653	0.01907	0.02797	0.01780	0.05340	0.72153	0.01144	0.01907	0.00763	0.00381	0.00636
17	0.05730	0.21873	0.38158	0.01732	0.02501	0.10963	0.01961	0.02264	0.01520	0.02063	0.01150	0.01367	0.00902	0.00693	0.00684	0.00205	0.04478	0.00478	0.00318	0.00960
18	0.01870	0.01249	0.01460	0.01390	0.05115	0.01322	0.01020	0.02990	0.34569	0.16342	0.05487	0.08002	0.05627	0.01066	0.00721	0.00230	0.00533	0.00902	0.09092	0.01013
19	0.00865	0.00706	0.00765	0.00785	0.00985	0.00606	0.00575	0.01054	0.01627	0.02014	0.13934	0.17504	0.52443	0.01832	0.00852	0.00246	0.00366	0.01562	0.00675	0.00606
20	0.04642	0.04961	0.24151	0.02265	0.07776	0.01714	0.21905	0.10042	0.01823	0.08889	0.01704	0.01913	0.03425	0.00725	0.00725	0.00225	0.00958	0.00683	0.00442	0.01033
21	0.08956	0.02046	0.22242	0.01750	0.05440	0.01564	0.04970	0.08760	0.06417	0.04893	0.01738	0.07248	0.01512	0.06357	0.05276	0.00325	0.08390	0.00741	0.00453	0.00921
22	0.01047	0.00788	0.00951	0.00972	0.01137	0.00761	0.00720	0.03425	0.01562	0.04131	0.07119	0.31182	0.30247	0.02049	0.04579	0.00309	0.04020	0.03712	0.00643	0.00647
23	0.01489	0.03260	0.55193	0.02263	0.03235	0.01689	0.18300	0.02261	0.01546	0.02261	0.01317	0.01603	0.00945	0.00658	0.00716	0.00229	0.01088	0.00602	0.00315	0.01030
24	0.01736	0.05248	0.16673	0.05618	0.27704	0.09393	0.13464	0.02287	0.04048	0.02204	0.01567	0.01879	0.03545	0.00703	0.00712	0.00217	0.00970	0.00656	0.00366	0.01010
25	0.01663	0.01883	0.13273	0.14912	0.18510	0.06264	0.10303	0.02135	0.01685	0.07326	0.10658	0.02422	0.04169	0.00823	0.00738	0.00223	0.00871	0.00753	0.00446	0.00943
26	0.03959	0.17901	0.36648	0.04153	0.02724	0.04439	0.08778	0.02275	0.04986	0.02165	0.01422	0.01839	0.01140	0.00734	0.00658	0.00216	0.00954	0.03679	0.00353	0.00974
27	0.54106	0.06910	0.01526	0.03663	0.03863	0.13156	0.01006	0.04589	0.01456	0.02826	0.01055	0.01240	0.00838	0.00677	0.00502	0.00210	0.00716	0.00422	0.00422	0.00818
28	0.01172	0.01020	0.01409	0.04210	0.19595	0.00985	0.01052	0.01472	0.03584	0.02043	0.08593	0.04693	0.32619	0.10518	0.03695	0.00319	0.00610	0.01124	0.00539	0.00748
29	0.01826	0.01819	0.02828	0.04031	0.60678	0.06862	0.04446	0.02294	0.04065	0.02305	0.01381	0.01765	0.01148	0.00652	0.00706	0.00212	0.00881	0.00635	0.00367	0.01100
30	0.00914	0.00724	0.00821	0.00797	0.01006	0.00632	0.00598	0.01162	0.01793	0.02328	0.34543	0.06187	0.42662	0.01652	0.00841	0.00233	0.00350	0.01409	0.00714	0.00632
31	0.01904	0.75404	0.03731	0.01218	0.01828	0.02818	0.01218	0.02132	0.01447	0.01675	0.00990	0.01142	0.00914	0.00609	0.00457	0.00152	0.00761	0.00381	0.00305	0.00914
32	0.00868	0.00620	0.00826	0.00991	0.01033	0.00578	0.00661	0.00991	0.01363	0.01818	0.03925	0.74510	0.04710	0.02231	0.00909	0.00289	0.00413	0.02024	0.00661	0.00578
33	0.00868	0.00620	0.00826	0.00991	0.01033	0.00578	0.00661	0.00991	0.01363	0.01818	0.03925	0.74510	0.04710	0.02231	0.00909	0.00289	0.00413	0.02024	0.00661	0.00578
34	0.00853	0.00699	0.00753	0.00787	0.00981	0.00599	0.00572	0.01027	0.01581	0.01935	0.08802	0.21603	0.53573	0.01884	0.00856	0.00251	0.00371	0.01609	0.00666	0.00599
35	0.01327	0.00664	0.00664	0.00664	0.00830	0.00664	0.00498	0.01659	0.01493	0.02655	0.02323	0.02655	0.01825	0.00830	0.00498	0.00166	0.00332	0.00664	0.78928	0.00664
36	0.01327	0.00664	0.00664	0.00664	0.00830	0.00664	0.00498	0.01659	0.01493	0.02655	0.02323	0.02655	0.01825	0.00830	0.00498	0.00166	0.00332	0.00664	0.78928	0.00664
37	0.80005	0.01377	0.01047	0.00936	0.01377	0.01597	0.00771	0.02093	0.01212	0.03195	0.00991	0.01157	0.00771	0.00661	0.00441	0.00220	0.00551	0.00386	0.00441	0.00771
38	0.01904	0.75404	0.03731	0.01218	0.01828	0.02818	0.01218	0.02132	0.01447	0.01675	0.00990	0.01142	0.00914	0.00609	0.00457	0.00152	0.00761	0.00381	0.00305	0.00914
39	0.01036	0.00690	0.00777	0.00777	0.00777	0.00690	0.00431	0.01036	0.01036	0.01381	0.02244	0.04660	0.02589	0.74975	0.03624	0.00690	0.00690	0.01036	0.00431	0.00431
40	0.01681	0.01921	0.04202	0.03001	0.03721	0.01801	0.67947	0.02281	0.01681	0.02281	0.01441	0.01921	0.01080	0.00600	0.00840	0.00240	0.01200	0.00840	0.00360	0.00960
41	0.02954	0.01599	0.01892	0.01450	0.02011	0.01621	0.01198	0.35438	0.02685	0.38144	0.02266	0.02071	0.01490	0.00868	0.00714	0.00217	0.00694	0.00679	0.00798	0.01211
42	0.01779	0.01488	0.01590	0.01408	0.01801	0.01695	0.01100	0.09662	0.55774	0.03109	0.09976	0.02851	0.02568	0.01008	0.00736	0.00237	0.00560	0.00841	0.00730	0.01086
43	0.01345	0.01266	0.02136	0.73264	0.04904	0.01582	0.01978	0.01819	0.01424	0.01819	0.01266	0.01898	0.00949	0.00712	0.00712	0.00237	0.00949	0.00633	0.00316	0.00791
44	0.02660	0.03394	0.02018	0.01834	0.02201	0.72116	0.01376	0.02843	0.02018	0.01743	0.01101	0.01284	0.00917	0.00734	0.00642	0.00183	0.01284	0.00459	0.00367	0.00825
45	0.01272	0.01451	0.13445	0.01496	0.05181	0.03667	0.03889	0.01678	0.05478	0.04391	0.07436	0.36682	0.03337	0.01584	0.00884	0.02713	0.00635	0.03446	0.00568	0.00767
46	0.04710	0.12287	0.23986	0.04424	0.04894	0.03949	0.14797	0.11264	0.04002	0.06883	0.01465	0.01663	0.01080	0.00700	0.00681	0.00216	0.00941	0.00605	0.00428	0.01026
47	0.01904	0.75404	0.03731	0.01218	0.01828	0.02818	0.01218	0.02132	0.01447	0.01675	0.00990	0.01142	0.00914	0.00609	0.00457	0.00152	0.00761	0.00381	0.00305	0.00914
48	0.00868	0.00620	0.00826	0.00991	0.01033	0.00578	0.00661	0.00991	0.01363	0.01818	0.03925	0.74510	0.04710	0.02231	0.00909	0.00289	0.00413	0.02024	0.00661	0.00578
49	0.01830	0.01794	0.06881	0.22869	0.12331	0.06226	0.18757	0.06408	0.01740	0.09064	0.01587	0.04476	0.01234	0.00753	0.00745	0.00229	0.00964	0.00727	0.00428	0.00958
50	0.01636	0.00955	0.01011	0.00920	0.01185	0.01003	0.00713	0.06654	0.14380	0.07711	0.02424	0.02575	0.01845	0.00861	0.00570	0.00187	0.00425	0.00692	0.53427	0.00827
51	0.01147	0.00820	0.01147	0.01311	0.01475	0.00820	0.01147	0.01475	0.01639	0.02131	0.03770	0.08032	0.04098	0.01967	0.00984	0.00328	0.00656	0.65741	0.00656	0.00656
52	0.03195	0.01212	0.01652	0.01267	0.01818	0.01047	0.01047	0.03470	0.02038	0.71026	0.02809	0.02424	0.01763	0.00881	0.00716	0.00220	0.00606	0.00716	0.00881	0.01212
53	0.01059	0.00743	0.00948	0.00888	0.01076	0.00676	0.00669	0.01375	0.01972	0.04936	0.60845	0.05400	0.13778	0.01477	0.00836	0.00226	0.00347	0.01294	0.00773	0.00681
54	0.01600	0.01339	0.01543	0.01113	0.01740	0.01075	0.00895	0.08434	0.01664	0.02537	0.01310	0.01500	0.01070	0.00560	0.00546	0.00116	0.00553	0.00444	0.00451	0.71511
55	0.01654	0.18709	0.07599	0.04261	0.11144	0.04573	0.12316	0.02093	0.03754	0.02118	0.01673	0.01904	0.05529	0.00694	0.00634	0.00181	0.00805	0.00607	0.00387	0.19367
56	0.01762	0.01692	0.02890	0.04371	0.70533	0.01692	0.02185	0.02185	0.01621	0.02326	0.01339	0.01762	0.01128	0.00634	0.00705	0.00211	0.00846	0.00634	0.00352	0.01128
57	0.01057	0.00815	0.01195	0.01173	0.01283	0.00970	0.00908	0.01288	0.01134	0.01640	0.01859	0.02828	0.01771	0.09504	0.62775	0.01056	0.06961	0.00770	0.00380	0.00633
58	0.01446	0.01336	0.02465	0.07141	0.18132	0.01311	0.21580	0.01821	0.01532	0.04555	0.02218	0.23305	0.02224	0.01439	0.05842	0.00311	0.00899	0.01118	0.00464	0.00862
59	0.01897	0.30888	0.16379	0.06813	0.07763	0.14041	0.04050	0.04467	0.01627	0.01978	0.01150	0.01398	0.00948	0.00681	0.00651	0.00193	0.03310	0.00492	0.00335	0.00941
60	0.01036	0.00779	0.00995	0.01106	0.01290	0.00738	0.00930	0.01308	0.01623	0.02051	0.04901	0.10340	0.25734	0.01924	0.00934	0.00298	0.00549	0.42172	0.00658	0.00635
61	0.17424	0.00832	0.00796	0.03366	0.01090	0.00888	0.00608	0.01754	0.01433	0.02735	0.02012	0.02321	0.01578	0.00791	0.00494	0.00180	0.00399	0.00606	0.60006	0.00690
62	0.02083	0.01685	0.01786	0.01512	0.01971	0.01917	0.01203	0.25256	0.47266	0.03482	0.02502	0.02341	0.01853	0.00929	0.00720	0.00232	0.00637	0.00750	0.00720	0.01155
63	0.01036	0.00690	0.00777	0.00777	0.00777	0.00690	0.00431	0.01036	0.01036	0.01381	0.02244	0.04660	0.02589	0.74975	0.03624	0.00690	0.00690	0.01036	0.00431	0.00431

[dist]
# distance from previous block
# <min> <max>
0	3

[block]
# block no. 1 follows, 29 sequences, length 49
# corresponding to MSA columns:
# 159-207
name=unknown_B
#
# <colnr> <probs for GDERKNQSTAVLIFYWHMCP>
#	G	D	E	R	K	N	Q	S	T	A	V	L	I	F	Y	W	H	M	C	P
0	0.01018	0.00759	0.01126	0.01126	0.01247	0.00880	0.00868	0.01260	0.01139	0.01640	0.01924	0.02888	0.01820	0.08742	0.68806	0.01122	0.01848	0.00776	0.00384	0.00626
1	0.02540	0.01954	0.02027	0.04135	0.02231	0.06702	0.01328	0.48759	0.12918	0.07238	0.01884	0.01864	0.01352	0.00860	0.00710	0.00217	0.00781	0.00657	0.00686	0.01158
2	0.80005	0.01377	0.01047	0.00936	0.01377	0.01597	0.00771	0.02093	0.01212	0.03195	0.00991	0.01157	0.00771	0.00661	0.00441	0.00220	0.00551	0.00386	0.00441	0.00771
3	0.01433	0.03450	0.63831	0.02066	0.03063	0.01632	0.07535	0.02227	0.01534	0.02277	0.03592	0.01663	0.01110	0.00697	0.00694	0.00227	0.01040	0.00576	0.00321	0.01033
4	0.01577	0.01493	0.02351	0.03446	0.50906	0.04071	0.01781	0.01917	0.01573	0.02180	0.01965	0.19595	0.01999	0.01030	0.00753	0.00229	0.00756	0.00969	0.00429	0.00982
5	0.01284	0.01180	0.03555	0.06459	0.15880	0.01127	0.03532	0.01842	0.09741	0.02502	0.28766	0.04075	0.14799	0.01186	0.00786	0.00228	0.00563	0.01052	0.00609	0.00837
6	0.03195	0.01212	0.01652	0.01267	0.01818	0.01047	0.01047	0.03470	0.02038	0.71026	0.02809	0.02424	0.01763	0.00881	0.00716	0.00220	0.00606	0.00716	0.00881	0.01212
7	0.01477	0.01266	0.01477	0.01055	0.01687	0.00949	0.00844	0.01793	0.01477	0.02320	0.01266	0.01477	0.01055	0.00527	0.00527	0.00105	0.00527	0.00422	0.00422	0.79328
8	0.00961	0.00729	0.00859	0.00843	0.01040	0.00652	0.00643	0.01233	0.01811	0.02419	0.37526	0.06023	0.32344	0.01608	0.00837	0.00235	0.00367	0.05560	0.03668	0.00642
9	0.00868	0.00620	0.00826	0.00991	0.01033	0.00578	0.00661	0.00991	0.01363	0.01818	0.03925	0.74510	0.04710	0.02231	0.00909	0.00289	0.00413	0.02024	0.00661	0.00578
10	0.01771	0.01530	0.01610	0.01449	0.01852	0.01771	0.01127	0.03784	0.69247	0.02979	0.02898	0.02657	0.02174	0.00966	0.00725	0.00242	0.00564	0.00805	0.00725	0.01127
11	0.00851	0.00707	0.00744	0.00765	0.00975	0.00600	0.00562	0.01029	0.01601	0.01942	0.09000	0.16205	0.58868	0.01850	0.00851	0.00247	0.00367	0.01568	0.00666	0.00600
12	0.01036	0.00690	0.00777	0.00777	0.00777	0.00690	0.00431	0.01036	0.01036	0.01381	0.02244	0.04660	0.02589	0.74975	0.03624	0.00690	0.00690	0.01036	0.00431	0.00431
13	0.00842	0.00721	0.00721	0.00721	0.00962	0.00601	0.00541	0.01022	0.01623	0.01924	0.07213	0.06853	0.70244	0.01803	0.00842	0.00240	0.00361	0.01503	0.00661	0.00601
14	0.80005	0.01377	0.01047	0.00936	0.01377	0.01597	0.00771	0.02093	0.01212	0.03195	0.00991	0.01157	0.00771	0.00661	0.00441	0.00220	0.00551	0.00386	0.00441	0.00771
15	0.80005	0.01377	0.01047	0.00936	0.01377	0.01597	0.00771	0.02093	0.01212	0.03195	0.00991	0.01157	0.00771	0.00661	0.00441	0.00220	0.00551	0.00386	0.00441	0.00771
16	0.02660	0.03394	0.02018	0.01834	0.02201	0.72116	0.01376	0.02843	0.02018	0.01743	0.01101	0.01284	0.00917	0.00734	0.00642	0.00183	0.01284	0.00459	0.00367	0.00825
17	0.01558	0.01558	0.02181	0.01869	0.01869	0.02181	0.01558	0.01714	0.01091	0.01714	0.00935	0.01558	0.00935	0.01246	0.02337	0.00312	0.73672	0.00623	0.00312	0.00779
18	0.01428	0.03683	0.71286	0.02030	0.03082	0.01654	0.02631	0.02255	0.01503	0.02255	0.01278	0.01503	0.00902	0.00677	0.00677	0.00226	0.01052	0.00526	0.00301	0.01052
19	0.03174	0.01245	0.01673	0.01283	0.01835	0.01097	0.01060	0.06251	0.02094	0.68166	0.02762	0.02393	0.01739	0.00880	0.00716	0.00220	0.00614	0.00713	0.00874	0.01212
20	0.02707	0.01995	0.02137	0.01638	0.02208	0.02208	0.01353	0.68159	0.03348	0.04488	0.01710	0.01710	0.01211	0.00855	0.00712	0.00214	0.00784	0.00641	0.00712	0.01211
21	0.02662	0.03318	0.02024	0.01824	0.02202	0.68340	0.01375	0.06372	0.02090	0.01891	0.01134	0.01307	0.00933	0.00740	0.00646	0.00185	0.01257	0.00468	0.00386	0.00846
22	0.01131	0.00930	0.01362	0.01296	0.01397	0.01161	0.01030	0.01364	0.01133	0.01666	0.01703	0.02538	0.01603	0.04482	0.57517	0.00970	0.16952	0.00734	0.00367	0.00666
23	0.00868	0.00620	0.00826	0.00991	0.01033	0.00578	0.00661	0.00991	0.01363	0.01818	0.03925	0.74510	0.04710	0.02231	0.00909	0.00289	0.00413	0.02024	0.00661	0.00578
24	0.01720	0.01924	0.04123	0.02949	0.03664	0.01816	0.65417	0.04784	0.01744	0.02365	0.01451	0.01913	0.01085	0.00610	0.00835	0.00239	0.01185	0.00833	0.00374	0.00970
25	0.01428	0.03683	0.71286	0.02030	0.03082	0.01654	0.02631	0.02255	0.01503	0.02255	0.01278	0.01503	0.00902	0.00677	0.00677	0.00226	0.01052	0.00526	0.00301	0.01052
26	0.00868	0.00620	0.00826	0.00991	0.01033	0.00578	0.00661	0.00991	0.01363	0.01818	0.03925	0.74510	0.04710	0.02231	0.00909	0.00289	0.00413	0.02024	0.00661	0.00578
27	0.01895	0.01349	0.01586	0.01160	0.01773	0.01122	0.00939	0.10363	0.01797	0.13179	0.01559	0.01652	0.01183	0.00623	0.00580	0.00137	0.00572	0.00495	0.00529	0.57508
28	0.01018	0.00760	0.01131	0.01131	0.01254	0.00883	0.00874	0.01263	0.01140	0.01643	0.01919	0.02864	0.01809	0.07831	0.69702	0.01128	0.01864	0.00773	0.00383	0.00628
29	0.80005	0.01377	0.01047	0.00936	0.01377	0.01597	0.00771	0.02093	0.01212	0.03195	0.00991	0.01157	0.00771	0.00661	0.00441	0.00220	0.00551	0.00386	0.00441	0.00771
30	0.80005	0.01377	0.01047	0.00936	0.01377	0.01597	0.00771	0.02093	0.01212	0.03195	0.00991	0.01157	0.00771	0.00661	0.00441	0.00220	0.00551	0.00386	0.00441	0.00771
31	0.01237	0.00618	0.00928	0.00928	0.00928	0.00618	0.00618	0.00928	0.00928	0.01237	0.01237	0.02165	0.01237	0.02474	0.02783	0.79283	0.00618	0.00618	0.00309	0.00309
32	0.01164	0.00762	0.01002	0.00922	0.01117	0.00699	0.00699	0.01495	0.02017	0.07710	0.65362	0.05113	0.06366	0.01415	0.00831	0.00224	0.00355	0.01247	0.00791	0.00710
33	0.03195	0.01212	0.01652	0.01267	0.01818	0.01047	0.01047	0.03470	0.02038	0.71026	0.02809	0.02424	0.01763	0.00881	0.00716	0.00220	0.00606	0.00716	0.00881	0.01212
34	0.01489	0.01277	0.01482	0.01071	0.01694	0.00984	0.00856	0.01878	0.04355	0.02348	0.01335	0.01527	0.01102	0.00546	0.00536	0.00111	0.00529	0.00438	0.00435	0.76006
35	0.02559	0.03217	0.02070	0.04829	0.06001	0.65490	0.01444	0.02767	0.01973	0.01777	0.01120	0.01335	0.00930	0.00728	0.00648	0.00187	0.01247	0.00475	0.00364	0.00840
36	0.00842	0.00721	0.00721	0.00721	0.00962	0.00601	0.00541	0.01022	0.01623	0.01924	0.07213	0.06853	0.70244	0.01803	0.00842	0.00240	0.00361	0.01503	0.00661	0.00601
37	0.01017	0.00763	0.01144	0.01144	0.01272	0.00890	0.00890	0.01272	0.01144	0.01653	0.01907	0.02797	0.01780	0.05340	0.72153	0.01144	0.01907	0.00763	0.00381	0.00636
38	0.01018	0.00760	0.01130	0.01130	0.01252	0.00882	0.00872	0.01262	0.01140	0.01642	0.01921	0.02871	0.01812	0.08111	0.69427	0.01126	0.01859	0.00774	0.00383	0.00628
39	0.00914	0.00653	0.00879	0.01044	0.01106	0.00618	0.00741	0.01071	0.01409	0.01869	0.03899	0.63579	0.04609	0.02187	0.00921	0.00296	0.00453	0.12501	0.00660	0.00591
40	0.80005	0.01377	0.01047	0.00936	0.01377	0.01597	0.00771	0.02093	0.01212	0.03195	0.00991	0.01157	0.00771	0.00661	0.00441	0.00220	0.00551	0.00386	0.00441	0.00771
41	0.01102	0.00875	0.01395	0.08968	0.01775	0.01004	0.04613	0.01402	0.01218	0.01748	0.01831	0.02647	0.01655	0.04393	0.57549	0.00956	0.01699	0.00749	0.03750	0.00671
42	0.03125	0.01191	0.01615	0.01244	0.01781	0.01032	0.01026	0.03402	0.02018	0.68453	0.02791	0.02432	0.01765	0.00879	0.00708	0.00218	0.00596	0.00714	0.03819	0.01191
43	0.69622	0.01498	0.01163	0.01023	0.01469	0.05400	0.00836	0.04296	0.01363	0.06471	0.01109	0.01243	0.00841	0.00682	0.00474	0.00218	0.00601	0.00414	0.00467	0.00810
44	0.00995	0.00727	0.00935	0.00883	0.01056	0.00667	0.00662	0.01320	0.01986	0.02786	0.65435	0.05434	0.11485	0.01482	0.00840	0.00225	0.00338	0.01304	0.00775	0.00667
45	0.00959	0.00726	0.00884	0.00845	0.01034	0.00651	0.00633	0.01249	0.01900	0.02582	0.51662	0.05770	0.25385	0.01558	0.00840	0.00229	0.00343	0.01351	0.00748	0.00651
46	0.02248	0.08425	0.02484	0.06713	0.07039	0.34095	0.10194	0.09622	0.08215	0.02257	0.01394	0.01600	0.01102	0.00732	0.00677	0.00202	0.01060	0.00577	0.00426	0.00937
47	0.00976	0.00721	0.00869	0.00838	0.01006	0.00663	0.00613	0.01231	0.01756	0.02395	0.41228	0.05485	0.23079	0.09567	0.03746	0.00310	0.00438	0.01280	0.03172	0.00625
48	0.25889	0.01979	0.01666	0.01546	0.06228	0.23617	0.01141	0.02779	0.01758	0.24532	0.01634	0.01644	0.01159	0.00753	0.00610	0.00208	0.00818	0.00531	0.00554	0.00953

[dist]
# distance from previous block
# <min> <max>
4	18

[block]
# block no. 2 follows, 29 sequences, length 31
# corresponding to MSA columns:
# 226-256
name=unknown_C
#
# <colnr> <probs for GDERKNQSTAVLIFYWHMCP>
#	G	D	E	R	K	N	Q	S	T	A	V	L	I	F	Y	W	H	M	C	P
0	0.80005	0.01377	0.01047	0.00936	0.01377	0.01597	0.00771	0.02093	0.01212	0.03195	0.00991	0.01157	0.00771	0.00661	0.00441	0.00220	0.00551	0.00386	0.00441	0.00771
1	0.01418	0.01367	0.01990	0.17872	0.02443	0.01832	0.01533	0.01641	0.01202	0.01751	0.01409	0.11378	0.01442	0.01257	0.01779	0.00292	0.47468	0.00812	0.00359	0.00755
2	0.01131	0.00822	0.01094	0.01050	0.01084	0.00944	0.00739	0.01180	0.01058	0.01482	0.01834	0.03386	0.01957	0.36058	0.21917	0.11257	0.11254	0.00848	0.00385	0.00519
3	0.01428	0.03683	0.71286	0.02030	0.03082	0.01654	0.02631	0.02255	0.01503	0.02255	0.01278	0.01503	0.00902	0.00677	0.00677	0.00226	0.01052	0.00526	0.00301	0.01052
4	0.01307	0.01039	0.01508	0.04263	0.22490	0.01064	0.01092	0.01523	0.01334	0.01916	0.02178	0.06223	0.04892	0.29187	0.04340	0.00428	0.02708	0.00889	0.10901	0.00719
5	0.01849	0.01302	0.01527	0.01154	0.01707	0.01118	0.00926	0.12248	0.01868	0.12687	0.04160	0.05235	0.04488	0.00790	0.00624	0.00157	0.00560	0.00644	0.00567	0.46389
6	0.01477	0.01266	0.01477	0.01055	0.01687	0.00949	0.00844	0.01793	0.01477	0.02320	0.01266	0.01477	0.01055	0.00527	0.00527	0.00105	0.00527	0.00422	0.00422	0.79328
7	0.01019	0.00758	0.01118	0.01118	0.01236	0.00876	0.00857	0.01255	0.01137	0.01634	0.01931	0.02930	0.01838	0.10312	0.67260	0.01112	0.01820	0.00782	0.00385	0.00621
8	0.02191	0.17648	0.02259	0.01524	0.01998	0.17305	0.01249	0.16983	0.26292	0.02758	0.01852	0.01837	0.01430	0.00817	0.00648	0.00204	0.00808	0.00605	0.00556	0.01035
9	0.01724	0.20512	0.35310	0.01934	0.05248	0.07413	0.07747	0.04763	0.01619	0.02169	0.01227	0.01452	0.00949	0.00656	0.00631	0.00199	0.00971	0.00517	0.00335	0.04623
10	0.09309	0.07806	0.10980	0.01711	0.04145	0.22267	0.01470	0.24973	0.02283	0.06489	0.01409	0.01509	0.01052	0.00757	0.00645	0.00203	0.00933	0.00536	0.00505	0.01017
11	0.02229	0.01757	0.01868	0.01542	0.02026	0.01985	0.01238	0.35275	0.37010	0.03717	0.02317	0.02193	0.01703	0.00912	0.00719	0.00228	0.00671	0.00725	0.00719	0.01168
12	0.01306	0.01106	0.01673	0.05949	0.26423	0.01093	0.01335	0.01631	0.01600	0.02193	0.06294	0.10477	0.15371	0.01298	0.00790	0.00244	0.00623	0.12997	0.06780	0.00818
13	0.01367	0.01279	0.02108	0.69529	0.04746	0.01592	0.01933	0.01921	0.04951	0.01880	0.01351	0.01938	0.01013	0.00725	0.00713	0.00238	0.00929	0.00642	0.00338	0.00808
14	0.02707	0.01995	0.02137	0.01638	0.02208	0.02208	0.01353	0.68159	0.03348	0.04488	0.01710	0.01710	0.01211	0.00855	0.00712	0.00214	0.00784	0.00641	0.00712	0.01211
15	0.01382	0.00811	0.01072	0.00959	0.01193	0.00736	0.00736	0.01708	0.02019	0.14527	0.58627	0.04823	0.05870	0.01357	0.00819	0.00223	0.00382	0.01190	0.00801	0.00764
16	0.01017	0.00763	0.01144	0.01144	0.01272	0.00890	0.00890	0.01272	0.01144	0.01653	0.01907	0.02797	0.01780	0.05340	0.72153	0.01144	0.01907	0.00763	0.00381	0.00636
17	0.01688	0.01530	0.02139	0.01822	0.01865	0.02091	0.01517	0.01853	0.01166	0.07220	0.01084	0.01627	0.01000	0.01217	0.02208	0.00304	0.67867	0.00631	0.00357	0.00813
18	0.00939	0.00774	0.00954	0.00882	0.01116	0.00678	0.03436	0.01195	0.01771	0.02285	0.30357	0.06075	0.43720	0.01623	0.00841	0.00234	0.00387	0.01395	0.00694	0.00643
19	0.01345	0.01266	0.02136	0.73264	0.04904	0.01582	0.01978	0.01819	0.01424	0.01819	0.01266	0.01898	0.00949	0.00712	0.00712	0.00237	0.00949	0.00633	0.00316	0.00791
20	0.02370	0.02695	0.02705	0.02155	0.02666	0.38205	0.21664	0.14331	0.02153	0.02397	0.01313	0.01554	0.01019	0.00715	0.00715	0.00206	0.01169	0.00608	0.00426	0.00935
21	0.00879	0.00638	0.00831	0.00962	0.01031	0.00589	0.00653	0.01028	0.01445	0.01925	0.10521	0.62854	0.09765	0.02125	0.00897	0.00279	0.00402	0.01915	0.00673	0.00589
22	0.01576	0.25999	0.50266	0.01777	0.02692	0.02016	0.02191	0.02217	0.01486	0.02075	0.01188	0.01391	0.00906	0.00656	0.00608	0.00203	0.00962	0.00481	0.00302	0.01009
23	0.01002	0.00758	0.00928	0.00880	0.01073	0.00700	0.00661	0.01371	0.04605	0.02658	0.53781	0.05547	0.20365	0.01512	0.00836	0.00228	0.00350	0.01315	0.00755	0.00675
24	0.01034	0.00695	0.00802	0.00802	0.00811	0.00704	0.00464	0.01052	0.01043	0.01400	0.02220	0.04529	0.02532	0.70100	0.08422	0.00722	0.00776	0.01016	0.00428	0.00446
25	0.01345	0.01266	0.02136	0.73264	0.04904	0.01582	0.01978	0.01819	0.01424	0.01819	0.01266	0.01898	0.00949	0.00712	0.00712	0.00237	0.00949	0.00633	0.00316	0.00791
26	0.00882	0.00630	0.00843	0.01008	0.01056	0.00591	0.00687	0.01017	0.01378	0.01834	0.03916	0.70980	0.04677	0.02217	0.00913	0.00291	0.00426	0.05409	0.00661	0.00582
27	0.01871	0.01715	0.02759	0.06835	0.58712	0.01756	0.02066	0.10981	0.01844	0.02594	0.01386	0.01761	0.01132	0.00667	0.00706	0.00213	0.00842	0.00635	0.00399	0.01125
28	0.01681	0.01921	0.04202	0.03001	0.03721	0.01801	0.67947	0.02281	0.01681	0.02281	0.01441	0.01921	0.01080	0.00600	0.00840	0.00240	0.01200	0.00840	0.00360	0.00960
29	0.00919	0.00671	0.00871	0.00987	0.01084	0.00624	0.00710	0.01104	0.01517	0.02011	0.13296	0.48824	0.12579	0.02042	0.00901	0.00279	0.00427	0.09872	0.00677	0.00603
30	0.02283	0.01839	0.02360	0.08168	0.11655	0.02007	0.07161	0.41605	0.09483	0.03632	0.01720	0.01846	0.01264	0.00803	0.00723	0.00220	0.00819	0.00673	0.00602	0.01134

[dist]
# distance from previous block
# <min> <max>
0	1

[block]
# block no. 3 follows, 29 sequences, length 21
# corresponding to MSA columns:
# 258-278
name=unknown_D
#
# <colnr> <probs for GDERKNQSTAVLIFYWHMCP>
#	G	D	E	R	K	N	Q	S	T	A	V	L	I	F	Y	W	H	M	C	P
0	0.36579	0.01766	0.08267	0.05083	0.04756	0.01690	0.10228	0.13389	0.01712	0.03043	0.01247	0.01468	0.00943	0.00679	0.00592	0.00215	0.00753	0.00527	0.00453	0.06610
1	0.04701	0.01993	0.06868	0.06324	0.26970	0.14515	0.01619	0.02256	0.04429	0.02244	0.01320	0.01606	0.01076	0.00647	0.00638	0.00183	0.00843	0.00539	0.00386	0.20842
2	0.00928	0.00730	0.00841	0.00856	0.01038	0.00658	0.00625	0.01205	0.04065	0.02205	0.24366	0.20929	0.35456	0.01767	0.00852	0.00246	0.00372	0.01530	0.00699	0.00635
3	0.01897	0.62630	0.03453	0.01330	0.01851	0.06102	0.01269	0.02114	0.01430	0.01683	0.00988	0.01201	0.00917	0.00695	0.00702	0.00174	0.09946	0.00415	0.00309	0.00893
4	0.00868	0.00722	0.00758	0.00749	0.00978	0.00612	0.00562	0.01074	0.01686	0.02073	0.17318	0.06607	0.60046	0.01748	0.00841	0.00238	0.00357	0.01468	0.00681	0.00612
5	0.01151	0.00747	0.00911	0.00945	0.01037	0.00731	0.00672	0.01279	0.01309	0.04727	0.03075	0.08056	0.07452	0.42110	0.02400	0.00511	0.00635	0.18803	0.02898	0.00550
6	0.00923	0.00666	0.00875	0.01023	0.01099	0.00628	0.00732	0.01083	0.01420	0.01866	0.04071	0.55111	0.09200	0.04763	0.01015	0.00307	0.00463	0.13514	0.00652	0.00589
7	0.02650	0.01966	0.02105	0.01627	0.02187	0.02182	0.01340	0.64266	0.07333	0.04396	0.01781	0.01767	0.01269	0.00862	0.00713	0.00215	0.00770	0.00651	0.00713	0.01206
8	0.01558	0.01558	0.02181	0.01869	0.01869	0.02181	0.01558	0.01714	0.01091	0.01714	0.00935	0.01558	0.00935	0.01246	0.02337	0.00312	0.73672	0.00623	0.00312	0.00779
9	0.01880	0.71815	0.07112	0.01259	0.01890	0.02759	0.01289	0.02138	0.01450	0.01704	0.01004	0.01160	0.00913	0.00613	0.00468	0.00156	0.00776	0.00388	0.00304	0.00921
10	0.01237	0.00618	0.00928	0.00928	0.00928	0.00618	0.00618	0.00928	0.00928	0.01237	0.01237	0.02165	0.01237	0.02474	0.02783	0.79283	0.00618	0.00618	0.00309	0.00309
11	0.01477	0.01266	0.01477	0.01055	0.01687	0.00949	0.00844	0.01793	0.01477	0.02320	0.01266	0.01477	0.01055	0.00527	0.00527	0.00105	0.00527	0.00422	0.00422	0.79328
12	0.01874	0.01569	0.02138	0.30929	0.05315	0.05836	0.06781	0.11203	0.12705	0.09092	0.01833	0.04491	0.01402	0.00830	0.00727	0.00231	0.00850	0.00723	0.00509	0.00960
13	0.70539	0.01499	0.04153	0.01253	0.06888	0.01607	0.00961	0.02107	0.01256	0.03087	0.01031	0.01219	0.00805	0.00660	0.00471	0.00220	0.00595	0.00411	0.00428	0.00811
14	0.00890	0.00723	0.00788	0.00772	0.00991	0.00622	0.00579	0.01115	0.01737	0.02193	0.25428	0.06409	0.51861	0.01703	0.00841	0.00236	0.00354	0.01441	0.00697	0.00622
15	0.01435	0.01109	0.01364	0.01254	0.01512	0.01248	0.03115	0.02421	0.31136	0.02338	0.02306	0.02618	0.01875	0.02366	0.21532	0.09301	0.00949	0.00755	0.10534	0.00830
16	0.01883	0.09552	0.19284	0.05281	0.23891	0.13937	0.04130	0.06514	0.01726	0.02238	0.01257	0.01556	0.01005	0.00702	0.00740	0.00211	0.04165	0.00560	0.00358	0.01009
17	0.01136	0.00924	0.01317	0.01250	0.01333	0.01141	0.00971	0.01334	0.01118	0.01629	0.01744	0.02786	0.01709	0.14024	0.47678	0.00902	0.17221	0.00770	0.00373	0.00639
18	0.80005	0.01377	0.01047	0.00936	0.01377	0.01597	0.00771	0.02093	0.01212	0.03195	0.00991	0.01157	0.00771	0.00661	0.00441	0.00220	0.00551	0.00386	0.00441	0.00771
19	0.02394	0.28705	0.02620	0.01618	0.02070	0.47758	0.01320	0.02593	0.01817	0.01719	0.01062	0.01234	0.00916	0.00690	0.00577	0.00172	0.01100	0.00431	0.00345	0.00857
20	0.01538	0.01552	0.11108	0.07812	0.20667	0.01292	0.03619	0.02089	0.06401	0.07240	0.17222	0.03121	0.04758	0.00973	0.00745	0.00226	0.00694	0.03671	0.04340	0.00931

[dist]
# distance from previous block
# <min> <max>
0	7

[block]
# block no. 4 follows, 29 sequences, length 54
# corresponding to MSA columns:
# 286-339
name=unknown_E
#
# <colnr> <probs for GDERKNQSTAVLIFYWHMCP>
#	G	D	E	R	K	N	Q	S	T	A	V	L	I	F	Y	W	H	M	C	P
0	0.04896	0.11642	0.19433	0.01957	0.07676	0.13418	0.08298	0.06315	0.03745	0.10837	0.04098	0.01775	0.01319	0.00740	0.00668	0.00209	0.00923	0.00599	0.00454	0.01000
1	0.08424	0.01801	0.02883	0.04639	0.07670	0.06623	0.29937	0.08901	0.01840	0.11104	0.03775	0.01933	0.01316	0.00746	0.00838	0.00231	0.05162	0.00722	0.00476	0.00978
2	0.00868	0.00620	0.00826	0.00991	0.01033	0.00578	0.00661	0.00991	0.01363	0.01818	0.03925	0.74510	0.04710	0.02231	0.00909	0.00289	0.00413	0.02024	0.00661	0.00578
3	0.01174	0.00791	0.00956	0.01040	0.01155	0.03344	0.00724	0.01324	0.01485	0.08848	0.05900	0.60105	0.06419	0.02000	0.00875	0.00275	0.00462	0.01793	0.00676	0.00655
4	0.01488	0.01435	0.02504	0.48464	0.23452	0.01630	0.06953	0.01958	0.01499	0.01998	0.01300	0.01861	0.01010	0.00682	0.00720	0.00230	0.00939	0.00649	0.00330	0.00899
5	0.03656	0.01178	0.03953	0.19695	0.14933	0.01195	0.03468	0.01569	0.01339	0.01854	0.02038	0.08804	0.04431	0.21641	0.06918	0.00429	0.00864	0.00897	0.00406	0.00731
6	0.01762	0.01692	0.02890	0.04371	0.70533	0.01692	0.02185	0.02185	0.01621	0.02326	0.01339	0.01762	0.01128	0.00634	0.00705	0.00211	0.00846	0.00634	0.00352	0.01128
7	0.01556	0.01281	0.01581	0.05493	0.04687	0.01021	0.00975	0.01884	0.01504	0.05317	0.01337	0.01555	0.01083	0.00558	0.00554	0.00123	0.00569	0.00456	0.00433	0.68034
8	0.01384	0.00937	0.01197	0.01089	0.01159	0.01060	0.00771	0.01466	0.01166	0.09186	0.02005	0.03622	0.02089	0.46150	0.07969	0.00591	0.16208	0.00893	0.00452	0.00606
9	0.01007	0.00678	0.00785	0.00813	0.00820	0.00671	0.00471	0.01028	0.01091	0.01455	0.02530	0.16552	0.02950	0.62590	0.03162	0.00622	0.00643	0.01204	0.00471	0.00456
10	0.01692	0.01676	0.09128	0.29475	0.28510	0.01599	0.01978	0.02281	0.06611	0.07869	0.01544	0.01909	0.01169	0.00713	0.00707	0.00226	0.00864	0.00643	0.00405	0.01001
11	0.01950	0.22465	0.28945	0.01941	0.09743	0.06773	0.01862	0.06660	0.01713	0.09612	0.01387	0.01531	0.01043	0.00691	0.00624	0.00200	0.00902	0.00522	0.00401	0.01035
12	0.01839	0.65602	0.12963	0.01329	0.01999	0.02658	0.01411	0.02149	0.01455	0.01755	0.01029	0.01192	0.00912	0.00618	0.00487	0.00162	0.00801	0.00401	0.00304	0.00933
13	0.00953	0.00749	0.00876	0.00912	0.01119	0.00673	0.00729	0.01199	0.01692	0.02133	0.16581	0.06925	0.41713	0.01791	0.00880	0.00262	0.00437	0.19069	0.00680	0.00628
14	0.01690	0.13376	0.40125	0.02110	0.11712	0.04004	0.02097	0.02269	0.01557	0.07104	0.01567	0.01754	0.03673	0.00740	0.00712	0.00215	0.03335	0.00572	0.00367	0.01020
15	0.02368	0.04036	0.04601	0.08496	0.06443	0.14476	0.01440	0.30696	0.07023	0.08100	0.01684	0.01782	0.01237	0.00802	0.00685	0.00210	0.00858	0.00613	0.03391	0.01058
16	0.30637	0.13314	0.01919	0.01417	0.01847	0.36254	0.01133	0.02466	0.01641	0.02260	0.01045	0.01217	0.00864	0.00689	0.00542	0.00192	0.00940	0.00421	0.00384	0.00819
17	0.01657	0.01775	0.09068	0.12658	0.16968	0.01611	0.22869	0.04395	0.07096	0.04860	0.04058	0.02378	0.03748	0.00787	0.00766	0.00233	0.00920	0.02734	0.00439	0.00979
18	0.00868	0.00620	0.00826	0.00991	0.01033	0.00578	0.00661	0.00991	0.01363	0.01818	0.03925	0.74510	0.04710	0.02231	0.00909	0.00289	0.00413	0.02024	0.00661	0.00578
19	0.80005	0.01377	0.01047	0.00936	0.01377	0.01597	0.00771	0.02093	0.01212	0.03195	0.00991	0.01157	0.00771	0.00661	0.00441	0.00220	0.00551	0.00386	0.00441	0.00771
20	0.02704	0.02089	0.02129	0.01652	0.02208	0.06945	0.01355	0.63734	0.03258	0.04302	0.01668	0.01681	0.01191	0.00847	0.00708	0.00212	0.00817	0.00629	0.00689	0.01185
21	0.01507	0.01339	0.01978	0.13353	0.15505	0.01261	0.05450	0.04511	0.01646	0.02368	0.08256	0.02391	0.01794	0.00769	0.00675	0.00184	0.00696	0.04357	0.00449	0.31510
22	0.01449	0.01234	0.01445	0.01045	0.01650	0.00933	0.00834	0.01766	0.01509	0.02352	0.05363	0.01705	0.01392	0.00583	0.00546	0.00113	0.00516	0.00473	0.00443	0.74650
23	0.01928	0.01071	0.01175	0.01030	0.01338	0.03737	0.00805	0.09020	0.03977	0.19396	0.02611	0.08530	0.03999	0.01165	0.03395	0.00237	0.00559	0.00812	0.34350	0.00865
24	0.01406	0.02682	0.45663	0.01822	0.02579	0.01388	0.04346	0.02058	0.01567	0.04340	0.02084	0.03520	0.01901	0.01070	0.00776	0.00257	0.00924	0.20257	0.00428	0.00934
25	0.01607	0.16966	0.47411	0.01972	0.06745	0.04629	0.02195	0.02346	0.05747	0.02175	0.01321	0.01514	0.00998	0.00682	0.00638	0.00210	0.00964	0.00520	0.00334	0.01026
26	0.00874	0.00624	0.00832	0.00987	0.01034	0.00582	0.00661	0.01007	0.01392	0.01863	0.06842	0.71463	0.04798	0.02197	0.00906	0.00286	0.00410	0.01992	0.00666	0.00582
27	0.00884	0.00632	0.00845	0.01011	0.01059	0.00593	0.00690	0.01020	0.01380	0.01836	0.03915	0.70557	0.04673	0.02215	0.00913	0.00291	0.00428	0.05814	0.00661	0.00583
28	0.01675	0.01898	0.08740	0.07369	0.21028	0.11361	0.01717	0.02072	0.04235	0.02004	0.01463	0.02163	0.01306	0.01261	0.05835	0.02921	0.16834	0.04856	0.00374	0.00889
29	0.01587	0.04091	0.01999	0.04027	0.06185	0.01445	0.10834	0.02115	0.10537	0.07869	0.04705	0.05271	0.06859	0.05582	0.03350	0.00297	0.13016	0.02684	0.06694	0.00854
30	0.01019	0.00812	0.01103	0.01160	0.01209	0.00896	0.00848	0.01174	0.01376	0.01896	0.08844	0.52642	0.04144	0.01972	0.01174	0.00289	0.14185	0.04024	0.00605	0.00627
31	0.01580	0.01513	0.02665	0.09651	0.39173	0.01567	0.11950	0.01996	0.01517	0.02160	0.01447	0.01972	0.01215	0.01360	0.11307	0.00358	0.04013	0.00685	0.02899	0.00970
32	0.01477	0.01266	0.01477	0.01055	0.01687	0.00949	0.00844	0.01793	0.01477	0.02320	0.01266	0.01477	0.01055	0.00527	0.00527	0.00105	0.00527	0.00422	0.00422	0.79328
33	0.02082	0.10724	0.04342	0.09931	0.11179	0.01850	0.03518	0.18436	0.13942	0.09938	0.01802	0.01896	0.01339	0.00771	0.00675	0.00209	0.00757	0.00635	0.00552	0.05420
34	0.01064	0.00826	0.01214	0.01188	0.01298	0.00989	0.00925	0.01298	0.01135	0.01645	0.01841	0.02781	0.01747	0.08299	0.63017	0.01053	0.07899	0.00764	0.00378	0.00638
35	0.01237	0.00618	0.00928	0.00928	0.00928	0.00618	0.00618	0.00928	0.00928	0.01237	0.01237	0.02165	0.01237	0.02474	0.02783	0.79283	0.00618	0.00618	0.00309	0.00309
36	0.01035	0.00694	0.00794	0.00794	0.00800	0.00700	0.00453	0.01047	0.01041	0.01394	0.02228	0.04571	0.02550	0.71671	0.06876	0.00712	0.00748	0.01023	0.00429	0.00441
37	0.02985	0.01549	0.01861	0.01427	0.01986	0.01546	0.01179	0.31307	0.02602	0.42394	0.02336	0.02116	0.01525	0.00870	0.00714	0.00217	0.00682	0.00684	0.00809	0.01211
38	0.03195	0.01212	0.01652	0.01267	0.01818	0.01047	0.01047	0.03470	0.02038	0.71026	0.02809	0.02424	0.01763	0.00881	0.00716	0.00220	0.00606	0.00716	0.00881	0.01212
39	0.01558	0.01558	0.02181	0.01869	0.01869	0.02181	0.01558	0.01714	0.01091	0.01714	0.00935	0.01558	0.00935	0.01246	0.02337	0.00312	0.73672	0.00623	0.00312	0.00779
40	0.00901	0.00644	0.00865	0.01030	0.01086	0.00608	0.00720	0.01050	0.01397	0.01856	0.03906	0.66473	0.04636	0.02199	0.00918	0.00294	0.00442	0.09728	0.00660	0.00588
41	0.01558	0.01558	0.02181	0.01869	0.01869	0.02181	0.01558	0.01714	0.01091	0.01714	0.00935	0.01558	0.00935	0.01246	0.02337	0.00312	0.73672	0.00623	0.00312	0.00779
42	0.01293	0.00671	0.00695	0.00689	0.00855	0.00665	0.00517	0.01625	0.01550	0.02676	0.09625	0.02942	0.02352	0.00897	0.00535	0.00172	0.00332	0.00731	0.70517	0.00665
43	0.01721	0.01678	0.02947	0.09892	0.59122	0.01693	0.08107	0.02164	0.01611	0.02281	0.01342	0.01788	0.01109	0.00638	0.00718	0.00216	0.00886	0.00653	0.00350	0.01085
44	0.01034	0.00695	0.00799	0.00799	0.00806	0.00702	0.00459	0.01050	0.01042	0.01397	0.02224	0.04549	0.02541	0.70834	0.07700	0.00717	0.00763	0.01019	0.00428	0.00444
45	0.03002	0.07351	0.01850	0.01292	0.01843	0.01290	0.01082	0.07245	0.04773	0.58622	0.02598	0.02285	0.01677	0.00861	0.00695	0.00215	0.00628	0.00688	0.00818	0.01184
46	0.03195	0.01212	0.01652	0.01267	0.01818	0.01047	0.01047	0.03470	0.02038	0.71026	0.02809	0.02424	0.01763	0.00881	0.00716	0.00220	0.00606	0.00716	0.00881	0.01212
47	0.00902	0.00647	0.00825	0.00936	0.01021	0.00597	0.00643	0.01069	0.01485	0.02003	0.13169	0.54956	0.11944	0.02023	0.00876	0.00270	0.00394	0.01814	0.03828	0.00597
48	0.00984	0.00727	0.00919	0.00871	0.01049	0.00662	0.00653	0.01298	0.01959	0.02722	0.61159	0.05538	0.15800	0.01505	0.00840	0.00226	0.00339	0.01319	0.00766	0.00662
49	0.01750	0.01680	0.04062	0.08280	0.04351	0.05924	0.09605	0.10027	0.09147	0.02559	0.01510	0.01724	0.01178	0.00661	0.00644	0.00174	0.00758	0.00573	0.00463	0.34929
50	0.01683	0.01990	0.08750	0.01880	0.02027	0.10873	0.01637	0.01907	0.01246	0.01769	0.00988	0.01518	0.00929	0.01128	0.01967	0.00287	0.57699	0.00593	0.00317	0.00811
51	0.04702	0.20291	0.14893	0.01961	0.11334	0.08103	0.05625	0.09889	0.01774	0.02363	0.01543	0.01897	0.03420	0.00753	0.00636	0.00198	0.00859	0.03093	0.00405	0.06259
52	0.09140	0.25116	0.19205	0.03375	0.04854	0.06350	0.01554	0.06769	0.03745	0.02302	0.01256	0.01452	0.01006	0.00690	0.00622	0.00192	0.02899	0.00487	0.02876	0.06110
53	0.21952	0.09006	0.06209	0.04298	0.09246	0.15686	0.01305	0.04396	0.09191	0.06764	0.01483	0.01622	0.01144	0.00731	0.00594	0.00206	0.00795	0.00531	0.03914	0.00927

[dist]
# distance from previous block
# <min> <max>
0	38

[block]
# block no. 5 follows, 29 sequences, length 19
# corresponding to MSA columns:
# 379-397
name=unknown_F
#
# <colnr> <probs for GDERKNQSTAVLIFYWHMCP>
#	G	D	E	R	K	N	Q	S	T	A	V	L	I	F	Y	W	H	M	C	P
0	0.04084	0.01929	0.15988	0.20129	0.21969	0.01609	0.03960	0.04237	0.07330	0.04979	0.01497	0.01813	0.01137	0.00699	0.00688	0.00218	0.00859	0.00616	0.00403	0.05855
1	0.01735	0.04441	0.05899	0.01369	0.03756	0.08045	0.01103	0.17167	0.09284	0.02817	0.13291	0.03282	0.09490	0.05428	0.00889	0.00244	0.00661	0.02718	0.07496	0.00883
2	0.01771	0.01530	0.01610	0.01449	0.01852	0.01771	0.01127	0.03784	0.69247	0.02979	0.02898	0.02657	0.02174	0.00966	0.00725	0.00242	0.00564	0.00805	0.00725	0.01127
3	0.01714	0.01674	0.02648	0.03918	0.61039	0.04620	0.01996	0.02104	0.01639	0.02263	0.01882	0.02221	0.07630	0.00749	0.00715	0.00213	0.00819	0.00709	0.00382	0.01065
4	0.01036	0.00690	0.00777	0.00777	0.00777	0.00690	0.00431	0.01036	0.01036	0.01381	0.02244	0.04660	0.02589	0.74975	0.03624	0.00690	0.00690	0.01036	0.00431	0.00431
5	0.00892	0.00638	0.00848	0.00975	0.01038	0.00595	0.00663	0.01052	0.01476	0.01997	0.15366	0.62558	0.05057	0.02097	0.00897	0.00278	0.00400	0.01897	0.00682	0.00595
6	0.03195	0.01212	0.01652	0.01267	0.01818	0.01047	0.01047	0.03470	0.02038	0.71026	0.02809	0.02424	0.01763	0.00881	0.00716	0.00220	0.00606	0.00716	0.00881	0.01212
7	0.00868	0.00620	0.00826	0.00991	0.01033	0.00578	0.00661	0.00991	0.01363	0.01818	0.03925	0.74510	0.04710	0.02231	0.00909	0.00289	0.00413	0.02024	0.00661	0.00578
8	0.01904	0.75404	0.03731	0.01218	0.01828	0.02818	0.01218	0.02132	0.01447	0.01675	0.00990	0.01142	0.00914	0.00609	0.00457	0.00152	0.00761	0.00381	0.00305	0.00914
9	0.01762	0.01692	0.02890	0.04371	0.70533	0.01692	0.02185	0.02185	0.01621	0.02326	0.01339	0.01762	0.01128	0.00634	0.00705	0.00211	0.00846	0.00634	0.00352	0.01128
10	0.01327	0.00664	0.00664	0.00664	0.00830	0.00664	0.00498	0.01659	0.01493	0.02655	0.02323	0.02655	0.01825	0.00830	0.00498	0.00166	0.00332	0.00664	0.78928	0.00664
11	0.00868	0.00620	0.00826	0.00991	0.01033	0.00578	0.00661	0.00991	0.01363	0.01818	0.03925	0.74510	0.04710	0.02231	0.00909	0.00289	0.00413	0.02024	0.00661	0.00578
12	0.01574	0.01263	0.01487	0.01067	0.01695	0.00955	0.00855	0.01888	0.01508	0.06210	0.01353	0.01530	0.01095	0.00547	0.00538	0.00112	0.00532	0.00439	0.00448	0.74906
13	0.01627	0.01536	0.02522	0.28982	0.37746	0.01717	0.02020	0.04472	0.01564	0.02166	0.01288	0.01790	0.01048	0.00728	0.00861	0.00230	0.07742	0.00633	0.00349	0.00976
14	0.01345	0.01266	0.02136	0.73264	0.04904	0.01582	0.01978	0.01819	0.01424	0.01819	0.01266	0.01898	0.00949	0.00712	0.00712	0.00237	0.00949	0.00633	0.00316	0.00791
15	0.04446	0.01829	0.02458	0.24285	0.23590	0.13768	0.08401	0.02216	0.01628	0.04419	0.01320	0.01723	0.01038	0.00675	0.00691	0.00212	0.00952	0.00607	0.00370	0.05374
16	0.01085	0.00790	0.00982	0.00951	0.00972	0.00875	0.00624	0.01145	0.01060	0.01461	0.02053	0.04025	0.02282	0.55502	0.15332	0.00731	0.08270	0.00947	0.00411	0.00502
