[name]
unknown

[dist]
# distance from previous block
# <min> <max>
0	35

[block]
# block no. 0 follows, 34 sequences, length 27
# corresponding to MSA columns:
# 35-61
name=unknown_A
#
# <colnr> <probs for GDERKNQSTAVLIFYWHMCP>
#	G	D	E	R	K	N	Q	S	T	A	V	L	I	F	Y	W	H	M	C	P
0	0.01041	0.00744	0.01041	0.01190	0.01339	0.00744	0.01041	0.01339	0.01487	0.01934	0.03421	0.07288	0.03719	0.01785	0.00892	0.00297	0.00595	0.68913	0.00595	0.00595
1	0.02883	0.01125	0.01515	0.01162	0.01662	0.00987	0.00960	0.05561	0.01892	0.71238	0.02514	0.02176	0.01582	0.00799	0.00650	0.00200	0.00556	0.00647	0.00794	0.01100
2	0.02230	0.02666	0.01910	0.01677	0.01996	0.54897	0.03665	0.07495	0.04765	0.01825	0.01100	0.01296	0.00907	0.00735	0.00784	0.00187	0.10244	0.00472	0.00363	0.00785
3	0.01727	0.77681	0.03386	0.01106	0.01658	0.02557	0.01106	0.01935	0.01313	0.01520	0.00898	0.01036	0.00829	0.00553	0.00415	0.00138	0.00691	0.00345	0.00276	0.00829
4	0.01220	0.01148	0.01938	0.75739	0.04450	0.01436	0.01794	0.01651	0.01292	0.01651	0.01148	0.01723	0.00861	0.00646	0.00646	0.00215	0.00861	0.00574	0.00287	0.00718
5	0.01296	0.03342	0.73944	0.01842	0.02797	0.01501	0.02387	0.02046	0.01364	0.02046	0.01160	0.01364	0.00818	0.00614	0.00614	0.00205	0.00955	0.00477	0.00273	0.00955
6	0.00885	0.00662	0.00822	0.00789	0.00957	0.00600	0.00597	0.01157	0.01737	0.02378	0.55600	0.05223	0.21171	0.01408	0.00767	0.00210	0.00319	0.03443	0.00682	0.00595
7	0.00787	0.00562	0.00750	0.00900	0.00937	0.00525	0.00600	0.00900	0.01237	0.01649	0.03561	0.76871	0.04274	0.02024	0.00825	0.00262	0.00375	0.01837	0.00600	0.00525
8	0.01274	0.01204	0.02036	0.65466	0.14300	0.01450	0.01821	0.01698	0.01318	0.01717	0.01158	0.01705	0.00885	0.00636	0.00645	0.00212	0.00848	0.00574	0.00292	0.00762
9	0.01193	0.02461	0.49527	0.01570	0.02255	0.01228	0.01875	0.01792	0.01454	0.02103	0.11864	0.02994	0.02129	0.00939	0.00688	0.00222	0.00793	0.13677	0.00397	0.00837
10	0.00799	0.00656	0.00704	0.00692	0.00894	0.00561	0.00519	0.00996	0.01556	0.01944	0.22134	0.05891	0.57287	0.01562	0.00763	0.00215	0.00322	0.01318	0.00626	0.00561
11	0.01122	0.00561	0.00842	0.00842	0.00842	0.00561	0.00561	0.00842	0.00842	0.01122	0.01122	0.01964	0.01122	0.02245	0.02525	0.81201	0.00561	0.00561	0.00281	0.00281
12	0.01371	0.16324	0.61623	0.01713	0.02598	0.01685	0.02163	0.02027	0.01355	0.01954	0.01114	0.01307	0.00820	0.00603	0.00579	0.00193	0.00909	0.00454	0.00273	0.00933
13	0.81856	0.01250	0.00950	0.00850	0.01250	0.01449	0.00700	0.01899	0.01100	0.02899	0.00900	0.01050	0.00700	0.00600	0.00400	0.00200	0.00500	0.00350	0.00400	0.00700
14	0.01530	0.01519	0.02752	0.14070	0.49968	0.01540	0.15152	0.01952	0.01456	0.02037	0.01223	0.01644	0.00992	0.00580	0.00664	0.00200	0.00843	0.00611	0.00316	0.00950
15	0.00783	0.00624	0.00702	0.00748	0.00901	0.00543	0.00536	0.00940	0.01422	0.01777	0.10568	0.29527	0.45173	0.01741	0.00784	0.00232	0.00341	0.01506	0.00608	0.00543
16	0.08985	0.01153	0.01319	0.00966	0.01517	0.00925	0.00778	0.01802	0.01368	0.09224	0.01263	0.01397	0.00996	0.00521	0.00488	0.00116	0.00488	0.00406	0.00425	0.65863
17	0.01152	0.00718	0.00893	0.00820	0.01037	0.00638	0.00625	0.01404	0.01713	0.12504	0.42075	0.07349	0.23888	0.01358	0.00749	0.00209	0.00349	0.01172	0.00689	0.00659
18	0.01362	0.00906	0.01176	0.01288	0.11364	0.00957	0.02835	0.06295	0.01459	0.02391	0.01827	0.02153	0.01454	0.00845	0.02363	0.00191	0.05475	0.00601	0.54348	0.00710
19	0.00940	0.00626	0.00705	0.00705	0.00705	0.00626	0.00392	0.00940	0.00940	0.01253	0.02036	0.04228	0.02349	0.77292	0.03289	0.00626	0.00626	0.00940	0.00392	0.00392
20	0.01429	0.01524	0.04508	0.06920	0.05646	0.01463	0.41167	0.02129	0.12528	0.02217	0.11746	0.02272	0.01857	0.00717	0.00730	0.00214	0.00856	0.00789	0.00429	0.00856
21	0.01198	0.00681	0.00892	0.00917	0.01069	0.00614	0.00657	0.01356	0.01420	0.15522	0.08697	0.50465	0.10583	0.01701	0.00781	0.00242	0.00399	0.01515	0.00646	0.00643
22	0.01884	0.55165	0.02920	0.01239	0.01718	0.11542	0.01144	0.04849	0.01453	0.05590	0.01024	0.01166	0.00884	0.00634	0.00588	0.00158	0.06482	0.00397	0.00328	0.00835
23	0.01983	0.01609	0.03726	0.05828	0.02041	0.03915	0.02907	0.35891	0.02214	0.05918	0.01402	0.01507	0.01040	0.00659	0.00592	0.00164	0.00670	0.00516	0.00517	0.26900
24	0.01619	0.38579	0.32933	0.01468	0.02173	0.07179	0.01659	0.04349	0.01429	0.01832	0.01037	0.01201	0.00834	0.00594	0.00518	0.00170	0.00836	0.00414	0.00291	0.00886
25	0.01426	0.11694	0.60760	0.01746	0.02610	0.06937	0.02160	0.02072	0.01392	0.01953	0.01118	0.01313	0.00821	0.00611	0.00589	0.00194	0.00940	0.00458	0.00278	0.00926
26	0.01187	0.01021	0.01032	0.00946	0.01190	0.06062	0.00723	0.06629	0.12293	0.02371	0.30752	0.04419	0.26335	0.01271	0.00726	0.00207	0.00433	0.01070	0.00636	0.00696

[dist]
# distance from previous block
# <min> <max>
0	5

[block]
# block no. 1 follows, 34 sequences, length 32
# corresponding to MSA columns:
# 67-86,96-107
name=unknown_B
#
# <colnr> <probs for GDERKNQSTAVLIFYWHMCP>
#	G	D	E	R	K	N	Q	S	T	A	V	L	I	F	Y	W	H	M	C	P
0	0.01420	0.05259	0.01474	0.01004	0.01564	0.05049	0.00810	0.01696	0.01366	0.02046	0.01127	0.01314	0.00943	0.00493	0.00481	0.00102	0.00528	0.00383	0.00374	0.72568
1	0.01595	0.45978	0.31086	0.01397	0.02106	0.02090	0.01605	0.02018	0.01350	0.04041	0.01054	0.01203	0.00850	0.00585	0.00501	0.00166	0.00790	0.00407	0.00292	0.00887
2	0.01602	0.04588	0.03606	0.03287	0.01778	0.08438	0.04654	0.05095	0.01539	0.07810	0.05106	0.04399	0.01383	0.00653	0.00559	0.00142	0.00616	0.00538	0.00435	0.43770
3	0.00934	0.00645	0.00796	0.00792	0.00832	0.00668	0.00507	0.01012	0.01033	0.01417	0.07537	0.03875	0.02470	0.54169	0.20002	0.00691	0.00863	0.00899	0.00406	0.00453
4	0.00945	0.00711	0.01025	0.01014	0.01107	0.00827	0.00768	0.01137	0.01021	0.01464	0.01742	0.02752	0.01697	0.15792	0.60849	0.00945	0.04573	0.00725	0.00351	0.00554
5	0.00799	0.00577	0.00757	0.00879	0.00937	0.00534	0.00596	0.00933	0.01308	0.01748	0.10648	0.66307	0.07715	0.01935	0.00816	0.00254	0.00366	0.01747	0.00611	0.00534
6	0.01053	0.00828	0.01011	0.01136	0.01277	0.04562	0.00945	0.01303	0.01459	0.01854	0.03468	0.19726	0.06955	0.01763	0.00858	0.00280	0.00572	0.49779	0.00582	0.00588
7	0.00876	0.00647	0.00819	0.00801	0.00948	0.00589	0.00591	0.01136	0.01702	0.02348	0.54404	0.14196	0.15634	0.01456	0.00770	0.00213	0.00317	0.01282	0.00681	0.00589
8	0.01583	0.01292	0.01470	0.01072	0.01634	0.01110	0.00866	0.16759	0.01710	0.02534	0.01236	0.01386	0.00988	0.00543	0.00515	0.00117	0.00529	0.00426	0.00440	0.63788
9	0.01220	0.01148	0.01938	0.75739	0.04450	0.01436	0.01794	0.01651	0.01292	0.01651	0.01148	0.01723	0.00861	0.00646	0.00646	0.00215	0.00861	0.00574	0.00287	0.00718
10	0.00789	0.00578	0.00741	0.00863	0.00929	0.00531	0.00585	0.00915	0.01291	0.01697	0.06534	0.64598	0.13685	0.01946	0.00814	0.00254	0.00366	0.01748	0.00604	0.00531
11	0.02456	0.01810	0.01939	0.01487	0.02004	0.02004	0.01228	0.71107	0.03038	0.04072	0.01551	0.01551	0.01099	0.00776	0.00646	0.00194	0.00711	0.00582	0.00646	0.01099
12	0.00923	0.00692	0.01038	0.01038	0.01154	0.00808	0.00808	0.01154	0.01038	0.01500	0.01731	0.02538	0.01615	0.04846	0.74732	0.01038	0.01731	0.00692	0.00346	0.00577
13	0.00913	0.00615	0.00712	0.00738	0.00745	0.00609	0.00427	0.00933	0.00991	0.01321	0.02298	0.16697	0.02679	0.64373	0.02866	0.00564	0.00583	0.01094	0.00427	0.00414
14	0.01570	0.01180	0.01390	0.01007	0.01570	0.00934	0.00811	0.05628	0.01489	0.09934	0.01322	0.01444	0.01034	0.00530	0.00506	0.00112	0.00499	0.00423	0.00442	0.68176
15	0.00795	0.00568	0.00756	0.00895	0.00939	0.00530	0.00600	0.00918	0.01272	0.01705	0.07644	0.72630	0.04381	0.01983	0.00821	0.00259	0.00371	0.01798	0.00606	0.00530
16	0.01108	0.00668	0.00824	0.00771	0.00942	0.00626	0.00583	0.01409	0.01694	0.06487	0.48618	0.03984	0.04568	0.01128	0.00666	0.00188	0.00317	0.00977	0.23807	0.00635
17	0.01592	0.01343	0.01425	0.01268	0.01626	0.01530	0.00990	0.08343	0.59431	0.02757	0.06955	0.02662	0.05344	0.00930	0.00668	0.00216	0.00506	0.00774	0.00657	0.00982
18	0.01678	0.69094	0.11536	0.01191	0.01790	0.02435	0.01254	0.01948	0.01319	0.01581	0.00928	0.01074	0.00828	0.00560	0.00438	0.00146	0.00721	0.00361	0.00276	0.00844
19	0.01599	0.01535	0.02623	0.03966	0.73262	0.01535	0.01983	0.01983	0.01471	0.02111	0.01215	0.01599	0.01023	0.00576	0.00640	0.00192	0.00768	0.00576	0.00320	0.01023
20	0.00912	0.00664	0.00861	0.00821	0.00977	0.00612	0.00623	0.01209	0.01795	0.02517	0.66281	0.05011	0.09536	0.01358	0.00768	0.00208	0.00319	0.04222	0.00700	0.00606
21	0.01363	0.01294	0.02196	0.48683	0.30390	0.01473	0.01866	0.01776	0.01360	0.01824	0.01174	0.01676	0.00922	0.00619	0.00644	0.00206	0.00826	0.00575	0.00299	0.00833
22	0.01558	0.01493	0.02548	0.11791	0.65759	0.01524	0.01962	0.01947	0.01452	0.02061	0.01208	0.01613	0.01006	0.00583	0.00640	0.00194	0.00778	0.00576	0.00316	0.00990
23	0.01336	0.01305	0.01905	0.01627	0.01678	0.01752	0.05134	0.01506	0.01024	0.01564	0.01037	0.01693	0.01017	0.04669	0.11616	0.00392	0.59152	0.00608	0.00298	0.00686
24	0.00931	0.00623	0.00707	0.00715	0.00718	0.00621	0.00403	0.00937	0.00956	0.01275	0.02120	0.08240	0.02455	0.73136	0.03153	0.00606	0.00613	0.00989	0.00403	0.00399
25	0.01293	0.01071	0.01495	0.01285	0.01575	0.01076	0.11351	0.14561	0.07366	0.02330	0.06646	0.26199	0.15098	0.01361	0.00758	0.00230	0.00556	0.04437	0.00577	0.00736
26	0.01274	0.01203	0.02035	0.65608	0.14164	0.01450	0.01821	0.01698	0.01317	0.01716	0.01158	0.01705	0.00884	0.00636	0.00645	0.00212	0.00848	0.00574	0.00292	0.00761
27	0.01137	0.00983	0.01349	0.01226	0.01264	0.01255	0.00953	0.01274	0.01025	0.01506	0.04383	0.02582	0.01659	0.21575	0.22329	0.00575	0.33270	0.00721	0.00346	0.00587
28	0.00801	0.00656	0.00706	0.00693	0.00895	0.00561	0.00520	0.00999	0.01560	0.01952	0.22793	0.05878	0.56623	0.01559	0.00763	0.00215	0.00322	0.01316	0.00627	0.00561
29	0.01947	0.01914	0.12340	0.01780	0.02289	0.07141	0.16687	0.19897	0.01897	0.12149	0.04082	0.01728	0.01232	0.00765	0.00867	0.00212	0.11045	0.00623	0.00474	0.00931
30	0.01847	0.04421	0.06099	0.01905	0.12031	0.14985	0.10243	0.08323	0.08763	0.07317	0.01419	0.01576	0.01092	0.00651	0.00650	0.00179	0.02752	0.00545	0.00426	0.14774
31	0.01503	0.30920	0.43497	0.01543	0.02319	0.01913	0.01838	0.04366	0.03111	0.01935	0.01111	0.01274	0.00860	0.00603	0.00542	0.00180	0.00838	0.00438	0.00296	0.00915

[dist]
# distance from previous block
# <min> <max>
0	6

[block]
# block no. 2 follows, 34 sequences, length 14
# corresponding to MSA columns:
# 114-127
name=unknown_C
#
# <colnr> <probs for GDERKNQSTAVLIFYWHMCP>
#	G	D	E	R	K	N	Q	S	T	A	V	L	I	F	Y	W	H	M	C	P
0	0.25096	0.14249	0.02037	0.05558	0.01942	0.06726	0.09361	0.04846	0.04015	0.11814	0.01274	0.01432	0.00969	0.00683	0.00677	0.00198	0.07375	0.00498	0.00422	0.00828
1	0.01597	0.19447	0.43074	0.01545	0.02293	0.04077	0.01803	0.02181	0.04123	0.09507	0.03676	0.01527	0.01122	0.00655	0.00579	0.00189	0.00822	0.00497	0.00360	0.00927
2	0.01046	0.00725	0.00958	0.01027	0.01199	0.00690	0.00860	0.01314	0.01550	0.05085	0.15495	0.08618	0.15643	0.01648	0.00837	0.00263	0.00493	0.41318	0.00624	0.00609
3	0.01122	0.00561	0.00842	0.00842	0.00842	0.00561	0.00561	0.00842	0.00842	0.01122	0.01122	0.01964	0.01122	0.02245	0.02525	0.81201	0.00561	0.00561	0.00281	0.00281
4	0.00869	0.00604	0.00760	0.00847	0.00883	0.00583	0.00557	0.00960	0.01164	0.01553	0.05198	0.41591	0.03562	0.30364	0.01757	0.00401	0.00485	0.06855	0.00524	0.00483
5	0.01680	0.35789	0.30847	0.01458	0.02163	0.02049	0.01629	0.13562	0.01622	0.02154	0.01110	0.01251	0.00870	0.00614	0.00532	0.00174	0.00798	0.00437	0.00337	0.00924
6	0.01052	0.00760	0.00998	0.00962	0.01070	0.00842	0.00701	0.06690	0.01165	0.01623	0.01820	0.03031	0.01822	0.29021	0.44630	0.00831	0.01275	0.00767	0.00386	0.00556
7	0.02108	0.10979	0.01872	0.01523	0.01849	0.54296	0.01198	0.02301	0.01716	0.01634	0.01393	0.02176	0.01315	0.00841	0.00616	0.00185	0.01017	0.11879	0.00371	0.00732
8	0.68438	0.14049	0.01358	0.00893	0.01318	0.01635	0.00768	0.01905	0.01135	0.02668	0.00899	0.01047	0.00721	0.00592	0.00402	0.00190	0.00532	0.00349	0.00379	0.00721
9	0.01335	0.01169	0.01863	0.01483	0.01866	0.01143	0.21490	0.02013	0.17261	0.06454	0.14923	0.03607	0.18679	0.01046	0.00736	0.00217	0.00610	0.02751	0.00562	0.00793
10	0.01453	0.01145	0.01351	0.00971	0.01540	0.00868	0.00779	0.01738	0.01377	0.07309	0.01250	0.01402	0.01004	0.00502	0.00491	0.00103	0.00484	0.00402	0.00413	0.75418
11	0.00800	0.00578	0.00761	0.00903	0.00956	0.00538	0.00619	0.00926	0.01264	0.01671	0.03716	0.69079	0.07999	0.01990	0.00825	0.00262	0.00385	0.05599	0.00600	0.00530
12	0.01543	0.01478	0.02522	0.14530	0.63133	0.01521	0.01955	0.01934	0.01445	0.02043	0.01206	0.01617	0.01000	0.00586	0.00641	0.00195	0.00781	0.00575	0.00315	0.00978
13	0.01021	0.00572	0.00800	0.00831	0.00839	0.00564	0.00541	0.00870	0.00941	0.01255	0.01787	0.18045	0.01988	0.14766	0.02297	0.50742	0.00533	0.00892	0.00366	0.00350

[dist]
# distance from previous block
# <min> <max>
0	5

[block]
# block no. 3 follows, 34 sequences, length 11
# corresponding to MSA columns:
# 133-143
name=unknown_D
#
# <colnr> <probs for GDERKNQSTAVLIFYWHMCP>
#	G	D	E	R	K	N	Q	S	T	A	V	L	I	F	Y	W	H	M	C	P
0	0.01414	0.01414	0.01979	0.01696	0.01696	0.01979	0.01414	0.01555	0.00990	0.01555	0.00848	0.01414	0.00848	0.01131	0.02120	0.00283	0.76110	0.00565	0.00283	0.00707
1	0.00893	0.00665	0.00927	0.00944	0.01047	0.00726	0.00703	0.01076	0.01094	0.01514	0.02469	0.11962	0.09210	0.12610	0.50166	0.00815	0.01299	0.00925	0.00407	0.00546
2	0.01340	0.01148	0.01340	0.00957	0.01531	0.00861	0.00766	0.01627	0.01340	0.02105	0.01148	0.01340	0.00957	0.00479	0.00479	0.00096	0.00479	0.00383	0.00383	0.81242
3	0.00778	0.00655	0.00675	0.00670	0.00882	0.00552	0.00502	0.00956	0.01507	0.01827	0.12966	0.06084	0.66528	0.01606	0.00763	0.00217	0.00325	0.01345	0.00611	0.00552
4	0.81856	0.01250	0.00950	0.00850	0.01250	0.01449	0.00700	0.01899	0.01100	0.02899	0.00900	0.01050	0.00700	0.00600	0.00400	0.00200	0.00500	0.00350	0.00400	0.00700
5	0.00897	0.00649	0.00836	0.00809	0.00946	0.00600	0.00593	0.01163	0.01716	0.02402	0.60102	0.11596	0.08842	0.04909	0.00885	0.00229	0.00327	0.01229	0.00681	0.00589
6	0.00785	0.00572	0.00740	0.00875	0.00931	0.00527	0.00589	0.00902	0.01261	0.01659	0.03862	0.69752	0.11198	0.01985	0.00819	0.00258	0.00370	0.01789	0.00600	0.00527
7	0.00921	0.00672	0.00911	0.00946	0.01009	0.00727	0.00679	0.01060	0.01086	0.01497	0.02329	0.20837	0.02560	0.24053	0.29897	0.00664	0.03655	0.05545	0.00433	0.00519
8	0.01727	0.77681	0.03386	0.01106	0.01658	0.02557	0.01106	0.01935	0.01313	0.01520	0.00898	0.01036	0.00829	0.00553	0.00415	0.00138	0.00691	0.00345	0.00276	0.00829
9	0.00834	0.00640	0.00882	0.00958	0.01059	0.00591	0.03462	0.00988	0.01307	0.01705	0.03936	0.56802	0.15088	0.01883	0.00818	0.00256	0.00414	0.07241	0.00588	0.00548
10	0.01089	0.00941	0.01222	0.01164	0.01290	0.05455	0.05147	0.03364	0.01241	0.01657	0.02299	0.30275	0.02515	0.09539	0.23359	0.00520	0.06762	0.01118	0.00448	0.00595

[dist]
# distance from previous block
# <min> <max>
1	2

[block]
# block no. 4 follows, 34 sequences, length 19
# corresponding to MSA columns:
# 146-164
name=unknown_E
#
# <colnr> <probs for GDERKNQSTAVLIFYWHMCP>
#	G	D	E	R	K	N	Q	S	T	A	V	L	I	F	Y	W	H	M	C	P
0	0.07753	0.06488	0.17640	0.01505	0.02057	0.22268	0.01403	0.20216	0.05162	0.02510	0.01250	0.01363	0.00950	0.00669	0.00580	0.00181	0.00852	0.00476	0.00421	0.06255
1	0.01681	0.61550	0.15674	0.01258	0.01872	0.05385	0.01336	0.01981	0.01344	0.01615	0.00948	0.01099	0.00827	0.00568	0.00457	0.00151	0.00757	0.00372	0.00278	0.00848
2	0.08204	0.17977	0.01542	0.00960	0.01313	0.06479	0.00802	0.04129	0.01541	0.08630	0.08649	0.05182	0.25705	0.01083	0.00624	0.00191	0.00528	0.02605	0.00514	0.03343
3	0.01765	0.04433	0.04941	0.01917	0.02445	0.04588	0.31098	0.22079	0.05188	0.02633	0.01705	0.04550	0.03565	0.00735	0.00684	0.00203	0.00842	0.00720	0.05005	0.00902
4	0.00916	0.00717	0.00982	0.01033	0.01126	0.00722	0.03342	0.01202	0.07359	0.01791	0.06157	0.61575	0.03887	0.01804	0.00858	0.00255	0.03472	0.01622	0.00586	0.00592
5	0.01340	0.01148	0.01340	0.00957	0.01531	0.00861	0.00766	0.01627	0.01340	0.02105	0.01148	0.01340	0.00957	0.00479	0.00479	0.00096	0.00479	0.00383	0.00383	0.81242
6	0.01122	0.00561	0.00842	0.00842	0.00842	0.00561	0.00561	0.00842	0.00842	0.01122	0.01122	0.01964	0.01122	0.02245	0.02525	0.81201	0.00561	0.00561	0.00281	0.00281
7	0.01945	0.02158	0.01757	0.03596	0.01895	0.39552	0.06103	0.06257	0.01667	0.01906	0.01251	0.01523	0.01025	0.00886	0.03786	0.00215	0.07788	0.00508	0.12796	0.03386
8	0.00782	0.00630	0.00697	0.00735	0.00898	0.00545	0.00530	0.00942	0.01435	0.01785	0.10900	0.25652	0.48769	0.01719	0.00780	0.00229	0.00339	0.01479	0.00609	0.00545
9	0.01461	0.01312	0.01303	0.01187	0.01499	0.06559	0.00914	0.02742	0.48038	0.02499	0.14141	0.03129	0.10434	0.01017	0.00681	0.00213	0.00505	0.00848	0.00636	0.00884
10	0.00879	0.00659	0.00814	0.00775	0.00943	0.00594	0.00582	0.01150	0.01745	0.02391	0.57231	0.05155	0.21911	0.01396	0.00762	0.00207	0.00310	0.01215	0.00685	0.00594
11	0.01414	0.01414	0.01979	0.01696	0.01696	0.01979	0.01414	0.01555	0.00990	0.01555	0.00848	0.01414	0.00848	0.01131	0.02120	0.00283	0.76110	0.00565	0.00283	0.00707
12	0.00940	0.00626	0.00705	0.00705	0.00705	0.00626	0.00392	0.00940	0.00940	0.01253	0.02036	0.04228	0.02349	0.77292	0.03289	0.00626	0.00626	0.00940	0.00392	0.00392
13	0.01965	0.35476	0.11198	0.01369	0.01936	0.07374	0.01308	0.25252	0.04242	0.02482	0.01212	0.01303	0.00956	0.00654	0.00536	0.00170	0.00757	0.00458	0.00417	0.00935
14	0.01559	0.01494	0.02550	0.11607	0.65936	0.01525	0.01963	0.01948	0.01452	0.02062	0.01208	0.01612	0.01006	0.00583	0.00640	0.00194	0.00778	0.00576	0.00316	0.00991
15	0.00939	0.00629	0.00720	0.00720	0.00725	0.00635	0.00410	0.00949	0.00944	0.01264	0.02022	0.04153	0.02316	0.74055	0.06482	0.00645	0.00676	0.00929	0.00389	0.00400
16	0.01340	0.01148	0.01340	0.00957	0.01531	0.00861	0.00766	0.01627	0.01340	0.02105	0.01148	0.01340	0.00957	0.00479	0.00479	0.00096	0.00479	0.00383	0.00383	0.81242
17	0.01375	0.14953	0.60264	0.01803	0.05184	0.01668	0.02171	0.02026	0.01360	0.01966	0.01121	0.01321	0.00828	0.00603	0.00584	0.00194	0.00907	0.00460	0.00275	0.00938
18	0.04475	0.36445	0.09152	0.03778	0.03556	0.20015	0.01275	0.02263	0.06559	0.05326	0.01169	0.01291	0.00951	0.00627	0.00516	0.00166	0.00813	0.00431	0.00349	0.00845

[dist]
# distance from previous block
# <min> <max>
0	1

[block]
# block no. 5 follows, 34 sequences, length 65
# corresponding to MSA columns:
# 166-207,223-245
name=unknown_F
#
# <colnr> <probs for GDERKNQSTAVLIFYWHMCP>
#	G	D	E	R	K	N	Q	S	T	A	V	L	I	F	Y	W	H	M	C	P
0	0.00780	0.00591	0.00720	0.00823	0.00917	0.00531	0.00566	0.00908	0.01311	0.01679	0.04494	0.54784	0.25758	0.01903	0.00806	0.00249	0.00360	0.01689	0.00600	0.00531
1	0.00931	0.00660	0.00862	0.00930	0.01022	0.00647	0.00699	0.01116	0.01345	0.01805	0.15276	0.19882	0.05536	0.19703	0.05057	0.00386	0.00557	0.22496	0.00556	0.00533
2	0.01436	0.01404	0.02166	0.15217	0.23791	0.01751	0.01652	0.01701	0.01187	0.01740	0.01011	0.01523	0.00903	0.00879	0.01418	0.00244	0.40307	0.00570	0.00295	0.00804
3	0.01086	0.00604	0.00646	0.00664	0.00762	0.00600	0.00453	0.01286	0.01232	0.02017	0.02259	0.11611	0.02145	0.20974	0.01239	0.00288	0.00395	0.00835	0.50365	0.00538
4	0.01737	0.03941	0.04280	0.03986	0.02229	0.13572	0.16980	0.13258	0.01731	0.02282	0.01236	0.01476	0.00973	0.00710	0.02731	0.00187	0.00838	0.00524	0.00395	0.26934
5	0.02235	0.02419	0.01714	0.01502	0.01864	0.44972	0.01155	0.17217	0.10038	0.02306	0.01390	0.01488	0.01084	0.00720	0.00594	0.00177	0.00925	0.00502	0.06853	0.00843
6	0.01511	0.01446	0.02464	0.20579	0.57334	0.01512	0.01939	0.01906	0.01430	0.02004	0.01200	0.01628	0.00986	0.00592	0.00641	0.00197	0.00789	0.00575	0.00312	0.00953
7	0.01454	0.30536	0.48133	0.01572	0.02380	0.01887	0.01918	0.02005	0.01345	0.01854	0.01064	0.01244	0.00822	0.00592	0.00541	0.00180	0.00858	0.00429	0.00274	0.00909
8	0.01245	0.00792	0.00979	0.00916	0.01133	0.00753	0.00691	0.01668	0.09944	0.12767	0.33190	0.17181	0.13463	0.01359	0.00745	0.00217	0.00381	0.01186	0.00683	0.00707
9	0.00879	0.00643	0.00826	0.00815	0.00953	0.00589	0.00598	0.01139	0.01695	0.02354	0.55148	0.17549	0.11461	0.01471	0.00773	0.00215	0.00319	0.01302	0.00682	0.00589
10	0.01296	0.03342	0.73944	0.01842	0.02797	0.01501	0.02387	0.02046	0.01364	0.02046	0.01160	0.01364	0.00818	0.00614	0.00614	0.00205	0.00955	0.00477	0.00273	0.00955
11	0.02542	0.01608	0.01807	0.01392	0.01899	0.01713	0.01148	0.50847	0.05198	0.22302	0.01852	0.01752	0.01261	0.00786	0.00648	0.00196	0.00662	0.00605	0.00687	0.01096
12	0.01202	0.01092	0.01532	0.01372	0.01409	0.01448	0.01103	0.01356	0.01000	0.01503	0.01267	0.02094	0.01265	0.10903	0.25710	0.00566	0.43585	0.00649	0.00315	0.00629
13	0.00938	0.00632	0.00734	0.00734	0.00745	0.00643	0.00428	0.00959	0.00948	0.01275	0.02009	0.04078	0.02284	0.70863	0.09629	0.00663	0.00724	0.00918	0.00387	0.00408
14	0.00934	0.00667	0.00919	0.01068	0.01170	0.00652	0.00856	0.01154	0.01382	0.01814	0.03480	0.36534	0.03952	0.01886	0.00864	0.00283	0.00502	0.40721	0.00597	0.00565
15	0.02535	0.01683	0.01861	0.01426	0.01940	0.01815	0.01178	0.58968	0.02826	0.16511	0.01730	0.01667	0.01188	0.00780	0.00647	0.00195	0.00682	0.00594	0.00674	0.01099
16	0.03454	0.00812	0.00824	0.00758	0.00972	0.00854	0.00586	0.09860	0.06056	0.02637	0.02044	0.02273	0.01586	0.00759	0.00486	0.00161	0.00368	0.00601	0.64217	0.00690
17	0.00821	0.00609	0.00766	0.00827	0.00934	0.00554	0.00582	0.01002	0.01461	0.01953	0.25167	0.41758	0.17718	0.01738	0.00794	0.00236	0.00345	0.01545	0.00634	0.00554
18	0.01599	0.01535	0.02623	0.03966	0.73262	0.01535	0.01983	0.01983	0.01471	0.02111	0.01215	0.01599	0.01023	0.00576	0.00640	0.00192	0.00768	0.00576	0.00320	0.01023
19	0.01296	0.03342	0.73944	0.01842	0.02797	0.01501	0.02387	0.02046	0.01364	0.02046	0.01160	0.01364	0.00818	0.00614	0.00614	0.00205	0.00955	0.00477	0.00273	0.00955
20	0.02886	0.01121	0.01513	0.01160	0.01660	0.00982	0.00958	0.05211	0.01885	0.71596	0.02519	0.02180	0.01584	0.00799	0.00650	0.00200	0.00555	0.00648	0.00795	0.01100
21	0.01727	0.77681	0.03386	0.01106	0.01658	0.02557	0.01106	0.01935	0.01313	0.01520	0.00898	0.01036	0.00829	0.00553	0.00415	0.00138	0.00691	0.00345	0.00276	0.00829
22	0.01137	0.00820	0.00956	0.00881	0.01060	0.04044	0.00657	0.01457	0.04007	0.07102	0.57268	0.04364	0.05139	0.07155	0.00940	0.00235	0.00392	0.01068	0.00673	0.00644
23	0.00787	0.00562	0.00750	0.00900	0.00937	0.00525	0.00600	0.00900	0.01237	0.01649	0.03561	0.76871	0.04274	0.02024	0.00825	0.00262	0.00375	0.01837	0.00600	0.00525
24	0.01599	0.01535	0.02623	0.03966	0.73262	0.01535	0.01983	0.01983	0.01471	0.02111	0.01215	0.01599	0.01023	0.00576	0.00640	0.00192	0.00768	0.00576	0.00320	0.01023
25	0.01414	0.01414	0.01979	0.01696	0.01696	0.01979	0.01414	0.01555	0.00990	0.01555	0.00848	0.01414	0.00848	0.01131	0.02120	0.00283	0.76110	0.00565	0.00283	0.00707
26	0.01262	0.01191	0.02014	0.67818	0.12045	0.01447	0.01815	0.01688	0.01312	0.01702	0.01156	0.01709	0.00879	0.00638	0.00645	0.00213	0.00851	0.00574	0.00291	0.00752
27	0.64592	0.01342	0.01131	0.00976	0.01391	0.01543	0.00800	0.12273	0.06239	0.03060	0.01115	0.01217	0.00846	0.00645	0.00454	0.00200	0.00532	0.00410	0.00454	0.00781
28	0.01401	0.01527	0.03210	0.02357	0.02899	0.01439	0.56558	0.01910	0.03305	0.02054	0.04907	0.11905	0.01678	0.00786	0.00768	0.00223	0.00944	0.00923	0.00389	0.00817
29	0.00865	0.00659	0.00795	0.00761	0.00935	0.00589	0.00571	0.01124	0.01712	0.02314	0.51161	0.05283	0.28030	0.01424	0.00763	0.00208	0.00312	0.01232	0.00675	0.00589
30	0.01062	0.00706	0.00875	0.00830	0.01033	0.00633	0.00644	0.01319	0.01694	0.08765	0.40485	0.05222	0.25437	0.01409	0.00764	0.00216	0.00360	0.07235	0.00676	0.00634
31	0.04820	0.01704	0.01751	0.01389	0.01848	0.05135	0.01138	0.55651	0.04982	0.03670	0.01651	0.01818	0.01239	0.00803	0.00630	0.00194	0.00682	0.03019	0.06867	0.01011
32	0.07851	0.01895	0.01896	0.01509	0.01980	0.17569	0.06561	0.31077	0.04388	0.16523	0.01590	0.01597	0.01126	0.00729	0.00626	0.00192	0.00788	0.00561	0.00566	0.00976
33	0.01021	0.00730	0.01019	0.01167	0.01307	0.00727	0.01007	0.01305	0.01468	0.01912	0.03432	0.12704	0.03762	0.01804	0.00887	0.00295	0.00578	0.63693	0.00595	0.00590
34	0.01525	0.01743	0.03813	0.02723	0.03377	0.01634	0.70915	0.02070	0.01525	0.02070	0.01307	0.01743	0.00980	0.00545	0.00763	0.00218	0.01089	0.00763	0.00327	0.00871
35	0.01599	0.01535	0.02623	0.03966	0.73262	0.01535	0.01983	0.01983	0.01471	0.02111	0.01215	0.01599	0.01023	0.00576	0.00640	0.00192	0.00768	0.00576	0.00320	0.01023
36	0.01599	0.01535	0.02623	0.03966	0.73262	0.01535	0.01983	0.01983	0.01471	0.02111	0.01215	0.01599	0.01023	0.00576	0.00640	0.00192	0.00768	0.00576	0.00320	0.01023
37	0.01655	0.65216	0.15217	0.01229	0.01849	0.02380	0.01320	0.01953	0.01321	0.01608	0.00942	0.01091	0.00827	0.00563	0.00448	0.00149	0.00735	0.00368	0.00276	0.00850
38	0.01414	0.01414	0.01979	0.01696	0.01696	0.01979	0.01414	0.01555	0.00990	0.01555	0.00848	0.01414	0.00848	0.01131	0.02120	0.00283	0.76110	0.00565	0.00283	0.00707
39	0.02218	0.02636	0.01857	0.01794	0.07494	0.54214	0.01283	0.05645	0.10439	0.01870	0.01235	0.01378	0.00999	0.00706	0.00654	0.00180	0.03716	0.00480	0.00384	0.00818
40	0.01566	0.01746	0.03729	0.02668	0.03316	0.01650	0.67820	0.05136	0.01592	0.02159	0.01318	0.01734	0.00986	0.00555	0.00757	0.00217	0.01073	0.00754	0.00341	0.00882
41	0.00787	0.00562	0.00750	0.00900	0.00937	0.00525	0.00600	0.00900	0.01237	0.01649	0.03561	0.76871	0.04274	0.02024	0.00825	0.00262	0.00375	0.01837	0.00600	0.00525
42	0.01108	0.00566	0.00831	0.00831	0.00831	0.00566	0.00548	0.00849	0.00849	0.01132	0.01193	0.02140	0.01218	0.08085	0.02585	0.74930	0.00566	0.00591	0.00289	0.00289
43	0.01157	0.01025	0.01184	0.01162	0.01312	0.08363	0.04983	0.06713	0.01464	0.01868	0.03001	0.51944	0.05361	0.01650	0.00824	0.00245	0.02952	0.03620	0.00549	0.00623
44	0.81856	0.01250	0.00950	0.00850	0.01250	0.01449	0.00700	0.01899	0.01100	0.02899	0.00900	0.01050	0.00700	0.00600	0.00400	0.00200	0.00500	0.00350	0.00400	0.00700
45	0.00791	0.00570	0.00743	0.00879	0.00926	0.00529	0.00587	0.00903	0.01241	0.01642	0.03686	0.70463	0.08203	0.04391	0.00899	0.00271	0.00380	0.01781	0.00593	0.00522
46	0.01249	0.01211	0.02204	0.01716	0.02098	0.01163	0.31243	0.05406	0.01588	0.02125	0.12357	0.12460	0.13717	0.01111	0.00815	0.00227	0.03104	0.04987	0.00489	0.00732
47	0.02344	0.02949	0.01820	0.01650	0.01973	0.69017	0.01244	0.02584	0.04923	0.01630	0.01066	0.01229	0.00883	0.00691	0.00637	0.00173	0.03646	0.00435	0.00346	0.00760
48	0.01713	0.75126	0.05811	0.01131	0.01697	0.02520	0.01150	0.01939	0.01315	0.01538	0.00907	0.01048	0.00829	0.00555	0.00421	0.00140	0.00700	0.00350	0.00276	0.00834
49	0.01599	0.01535	0.02623	0.03966	0.73262	0.01535	0.01983	0.01983	0.01471	0.02111	0.01215	0.01599	0.01023	0.00576	0.00640	0.00192	0.00768	0.00576	0.00320	0.01023
50	0.00940	0.00626	0.00705	0.00705	0.00705	0.00626	0.00392	0.00940	0.00940	0.01253	0.02036	0.04228	0.02349	0.77292	0.03289	0.00626	0.00626	0.00940	0.00392	0.00392
51	0.01727	0.77681	0.03386	0.01106	0.01658	0.02557	0.01106	0.01935	0.01313	0.01520	0.00898	0.01036	0.00829	0.00553	0.00415	0.00138	0.00691	0.00345	0.00276	0.00829
52	0.01525	0.01743	0.03813	0.02723	0.03377	0.01634	0.70915	0.02070	0.01525	0.02070	0.01307	0.01743	0.00980	0.00545	0.00763	0.00218	0.01089	0.00763	0.00327	0.00871
53	0.00940	0.00626	0.00705	0.00705	0.00705	0.00626	0.00392	0.00940	0.00940	0.01253	0.02036	0.04228	0.02349	0.77292	0.03289	0.00626	0.00626	0.00940	0.00392	0.00392
54	0.01122	0.00561	0.00842	0.00842	0.00842	0.00561	0.00561	0.00842	0.00842	0.01122	0.01122	0.01964	0.01122	0.02245	0.02525	0.81201	0.00561	0.00561	0.00281	0.00281
55	0.02802	0.01255	0.01595	0.01223	0.01727	0.01180	0.01010	0.17987	0.02109	0.58505	0.02331	0.02058	0.01490	0.00794	0.00649	0.00199	0.00585	0.00635	0.00766	0.01099
56	0.00894	0.00660	0.00835	0.00792	0.00953	0.00601	0.00594	0.01180	0.01781	0.02477	0.63956	0.05014	0.15133	0.01364	0.00762	0.00205	0.00308	0.01195	0.00696	0.00601
57	0.02414	0.03079	0.01831	0.01665	0.01998	0.74698	0.01248	0.02580	0.01831	0.01581	0.00999	0.01165	0.00832	0.00666	0.00583	0.00166	0.01165	0.00416	0.00333	0.00749
58	0.05913	0.01165	0.01900	0.69326	0.06244	0.01439	0.01736	0.01675	0.01286	0.01737	0.01136	0.01680	0.00857	0.00641	0.00632	0.00214	0.00838	0.00561	0.00295	0.00726
59	0.01367	0.01298	0.02203	0.47909	0.31132	0.01474	0.01868	0.01780	0.01361	0.01829	0.01174	0.01675	0.00924	0.00619	0.00644	0.00206	0.00825	0.00575	0.00300	0.00836
60	0.00787	0.00562	0.00750	0.00900	0.00937	0.00525	0.00600	0.00900	0.01237	0.01649	0.03561	0.76871	0.04274	0.02024	0.00825	0.00262	0.00375	0.01837	0.00600	0.00525
61	0.01041	0.00744	0.01041	0.01190	0.01339	0.00744	0.01041	0.01339	0.01487	0.01934	0.03421	0.07288	0.03719	0.01785	0.00892	0.00297	0.00595	0.68913	0.00595	0.00595
62	0.01316	0.06733	0.70726	0.01808	0.02745	0.01549	0.02329	0.02041	0.01362	0.02022	0.01148	0.01349	0.00819	0.00611	0.00605	0.00202	0.00943	0.00471	0.00273	0.00949
63	0.03874	0.01096	0.01333	0.01139	0.03728	0.01016	0.00865	0.07878	0.08732	0.17995	0.16447	0.07037	0.02460	0.00887	0.00630	0.00177	0.00485	0.00748	0.00602	0.22869
64	0.18452	0.01507	0.01411	0.01198	0.01565	0.09883	0.00959	0.23148	0.06577	0.05911	0.02168	0.02230	0.11242	0.01228	0.07225	0.00275	0.03017	0.00647	0.00523	0.00835

[dist]
# distance from previous block
# <min> <max>
0	22

[block]
# block no. 6 follows, 34 sequences, length 15
# corresponding to MSA columns:
# 268-282
name=unknown_G
#
# <colnr> <probs for GDERKNQSTAVLIFYWHMCP>
#	G	D	E	R	K	N	Q	S	T	A	V	L	I	F	Y	W	H	M	C	P
0	0.11589	0.22779	0.18720	0.01489	0.02050	0.04373	0.06383	0.10923	0.05163	0.02244	0.01159	0.01339	0.00917	0.00673	0.00686	0.00192	0.07602	0.00478	0.00364	0.00876
1	0.01581	0.13745	0.19790	0.07258	0.02670	0.04652	0.23875	0.02036	0.01429	0.07128	0.01336	0.04469	0.01070	0.00687	0.00735	0.00205	0.05503	0.00624	0.00346	0.00862
2	0.01599	0.20665	0.41459	0.01539	0.02293	0.06899	0.01779	0.02108	0.01419	0.07141	0.01187	0.01331	0.00889	0.00607	0.00557	0.00178	0.00843	0.00447	0.00325	0.06734
3	0.30395	0.01269	0.01264	0.01081	0.01411	0.03189	0.02661	0.15274	0.07998	0.02769	0.04801	0.01918	0.01421	0.06469	0.02892	0.00253	0.03532	0.00571	0.10062	0.00770
4	0.00940	0.00626	0.00705	0.00705	0.00705	0.00626	0.00392	0.00940	0.00940	0.01253	0.02036	0.04228	0.02349	0.77292	0.03289	0.00626	0.00626	0.00940	0.00392	0.00392
5	0.01531	0.01465	0.02499	0.16927	0.60836	0.01517	0.01949	0.01923	0.01439	0.02028	0.01203	0.01621	0.00994	0.00588	0.00641	0.00196	0.00785	0.00575	0.00314	0.00968
6	0.01240	0.01171	0.01314	0.01226	0.01328	0.11004	0.00947	0.01408	0.01119	0.01488	0.01472	0.02339	0.01439	0.13975	0.37537	0.00686	0.18706	0.00662	0.00336	0.00603
7	0.00831	0.00683	0.00735	0.00730	0.00931	0.00605	0.00544	0.01093	0.04816	0.01929	0.17611	0.10828	0.53238	0.01574	0.00763	0.00219	0.00335	0.01334	0.00622	0.00577
8	0.01340	0.01148	0.01340	0.00957	0.01531	0.00861	0.00766	0.01627	0.01340	0.02105	0.01148	0.01340	0.00957	0.00479	0.00479	0.00096	0.00479	0.00383	0.00383	0.81242
9	0.00898	0.00627	0.00726	0.00735	0.00787	0.00603	0.00457	0.00972	0.01159	0.01541	0.12549	0.12582	0.11510	0.49432	0.02365	0.00479	0.00518	0.01121	0.00484	0.00455
10	0.01249	0.01178	0.01990	0.70273	0.09691	0.01443	0.01809	0.01676	0.01306	0.01686	0.01154	0.01713	0.00874	0.00641	0.00646	0.00214	0.00854	0.00574	0.00290	0.00741
11	0.01102	0.00610	0.00632	0.00637	0.00760	0.00599	0.00449	0.01328	0.01280	0.02105	0.02505	0.05909	0.07601	0.15555	0.01035	0.00252	0.00368	0.00775	0.55943	0.00554
12	0.00923	0.00692	0.01038	0.01038	0.01154	0.00808	0.00808	0.01154	0.01038	0.01500	0.01731	0.02538	0.01615	0.04846	0.74732	0.01038	0.01731	0.00692	0.00346	0.00577
13	0.01389	0.01201	0.03678	0.04706	0.01671	0.04539	0.05354	0.04847	0.18983	0.06591	0.07910	0.10544	0.09629	0.03615	0.07183	0.00305	0.00686	0.05837	0.00554	0.00776
14	0.08526	0.25057	0.16283	0.01468	0.06336	0.04282	0.01352	0.14032	0.01638	0.02310	0.01123	0.01275	0.00894	0.00602	0.00522	0.00164	0.00720	0.00435	0.00371	0.12611

[dist]
# distance from previous block
# <min> <max>
0	3

[block]
# block no. 7 follows, 34 sequences, length 31
# corresponding to MSA columns:
# 286-316
name=unknown_H
#
# <colnr> <probs for GDERKNQSTAVLIFYWHMCP>
#	G	D	E	R	K	N	Q	S	T	A	V	L	I	F	Y	W	H	M	C	P
0	0.19440	0.29183	0.12814	0.01092	0.01569	0.01689	0.01079	0.03916	0.01295	0.01986	0.01615	0.01930	0.07548	0.07445	0.04785	0.00262	0.00707	0.00536	0.00358	0.00751
1	0.07701	0.01312	0.01585	0.02927	0.13721	0.03096	0.01095	0.07777	0.13727	0.04634	0.04852	0.02078	0.05733	0.00893	0.03050	0.00208	0.04269	0.00614	0.00474	0.20255
2	0.00940	0.00676	0.00965	0.00980	0.01084	0.00759	0.00746	0.01150	0.01081	0.01560	0.01964	0.06965	0.01934	0.11225	0.55819	0.00867	0.01410	0.04079	0.05236	0.00559
3	0.01072	0.00959	0.01440	0.13823	0.07950	0.00964	0.07570	0.01459	0.05675	0.01976	0.13705	0.08144	0.26382	0.01216	0.00738	0.00220	0.00552	0.04952	0.00517	0.00685
4	0.01525	0.01743	0.03813	0.02723	0.03377	0.01634	0.70915	0.02070	0.01525	0.02070	0.01307	0.01743	0.00980	0.00545	0.00763	0.00218	0.01089	0.00763	0.00327	0.00871
5	0.01478	0.01412	0.02405	0.26822	0.51349	0.01503	0.01923	0.01877	0.01414	0.01964	0.01194	0.01639	0.00972	0.00598	0.00642	0.00199	0.00797	0.00575	0.00309	0.00926
6	0.00838	0.00616	0.00803	0.00905	0.00991	0.00555	0.00615	0.00966	0.01246	0.01691	0.03342	0.69996	0.03972	0.01884	0.00793	0.00247	0.00384	0.01705	0.00580	0.07872
7	0.00842	0.00658	0.00763	0.00736	0.00921	0.00579	0.00552	0.01078	0.01657	0.02183	0.40890	0.05498	0.38382	0.01473	0.00763	0.00210	0.00316	0.01263	0.00658	0.00579
8	0.01804	0.01444	0.02107	0.19827	0.29219	0.01557	0.01598	0.15927	0.08590	0.09209	0.01529	0.01754	0.01146	0.00682	0.00645	0.00201	0.00733	0.00598	0.00455	0.00974
9	0.01340	0.01148	0.01340	0.00957	0.01531	0.00861	0.00766	0.01627	0.01340	0.02105	0.01148	0.01340	0.00957	0.00479	0.00479	0.00096	0.00479	0.00383	0.00383	0.81242
10	0.03421	0.00800	0.00969	0.05404	0.01269	0.00807	0.00733	0.07641	0.03122	0.02295	0.23495	0.22746	0.12453	0.01384	0.00724	0.00219	0.00416	0.03540	0.07920	0.00641
11	0.04276	0.05620	0.01707	0.01403	0.01796	0.21870	0.01104	0.11961	0.34889	0.05805	0.01900	0.01838	0.01433	0.00778	0.00616	0.00196	0.00729	0.00591	0.00547	0.00942
12	0.01478	0.12037	0.52790	0.01760	0.05501	0.01610	0.02030	0.06210	0.01497	0.04778	0.03676	0.01496	0.01056	0.00646	0.00599	0.00195	0.00863	0.00502	0.00332	0.00945
13	0.04569	0.22397	0.24036	0.01594	0.05979	0.08486	0.01544	0.11742	0.05892	0.06115	0.01288	0.01395	0.00980	0.00648	0.00561	0.00182	0.00796	0.00477	0.00390	0.00930
14	0.81856	0.01250	0.00950	0.00850	0.01250	0.01449	0.00700	0.01899	0.01100	0.02899	0.00900	0.01050	0.00700	0.00600	0.00400	0.00200	0.00500	0.00350	0.00400	0.00700
15	0.01552	0.05316	0.03229	0.11206	0.08408	0.01697	0.44744	0.06134	0.01534	0.02078	0.01242	0.01659	0.00959	0.00618	0.00819	0.00215	0.06711	0.00680	0.00335	0.00864
16	0.01432	0.01313	0.02160	0.39164	0.32717	0.01464	0.01785	0.04892	0.01447	0.01985	0.01239	0.01695	0.00976	0.00628	0.00634	0.00202	0.00790	0.00576	0.04044	0.00856
17	0.01521	0.01455	0.02481	0.18793	0.59046	0.01515	0.01944	0.01914	0.01434	0.02016	0.01202	0.01625	0.00990	0.00590	0.00641	0.00197	0.00787	0.00575	0.00313	0.00960
18	0.01629	0.01485	0.01449	0.01338	0.03098	0.08738	0.01012	0.07005	0.50433	0.02533	0.02772	0.05327	0.08441	0.00956	0.00665	0.00213	0.00571	0.00787	0.00610	0.00938
19	0.00797	0.00577	0.00754	0.00877	0.00936	0.00534	0.00594	0.00930	0.01305	0.01740	0.10012	0.66093	0.08585	0.01937	0.00815	0.00254	0.00366	0.01748	0.00610	0.00534
20	0.14065	0.01490	0.02508	0.04825	0.17217	0.01512	0.26340	0.07486	0.01543	0.08393	0.01365	0.01737	0.01065	0.04285	0.00822	0.00228	0.03203	0.00632	0.00402	0.00881
21	0.01669	0.42757	0.09202	0.01500	0.01979	0.08408	0.08830	0.01945	0.01326	0.01637	0.00965	0.01221	0.00848	0.00672	0.00794	0.00181	0.14513	0.00448	0.00288	0.00816
22	0.00818	0.00582	0.00774	0.00917	0.00963	0.00550	0.00630	0.00942	0.01246	0.01656	0.03476	0.67073	0.04131	0.05595	0.00948	0.00283	0.00407	0.07896	0.00589	0.00525
23	0.00823	0.00606	0.00777	0.00891	0.00979	0.00561	0.00638	0.00978	0.01341	0.01753	0.07816	0.52242	0.15808	0.01891	0.00820	0.00256	0.00391	0.10283	0.00605	0.00542
24	0.01813	0.14253	0.14522	0.01713	0.05594	0.10979	0.11915	0.08822	0.03676	0.09818	0.03673	0.01870	0.05300	0.00732	0.00657	0.00192	0.02549	0.00605	0.00427	0.00891
25	0.01337	0.10360	0.67284	0.01772	0.02689	0.01600	0.02266	0.02036	0.01359	0.01997	0.01135	0.01333	0.00820	0.00608	0.00595	0.00198	0.00930	0.00465	0.00273	0.00943
26	0.00886	0.00650	0.00804	0.00837	0.00946	0.00613	0.00594	0.01111	0.03436	0.01959	0.26544	0.26900	0.13688	0.12912	0.01162	0.00292	0.00399	0.05107	0.00607	0.00554
27	0.01531	0.01158	0.01212	0.01054	0.01265	0.05132	0.00772	0.24223	0.01713	0.02289	0.01783	0.02867	0.01723	0.34571	0.11612	0.00490	0.00814	0.00744	0.04367	0.00679
28	0.01499	0.01219	0.01375	0.01102	0.01575	0.01141	0.00868	0.02370	0.28541	0.05738	0.01862	0.04218	0.01484	0.00696	0.00567	0.00153	0.00491	0.00576	0.00515	0.44008
29	0.03731	0.24857	0.14389	0.01219	0.01801	0.07927	0.01190	0.03831	0.01447	0.01976	0.04970	0.01425	0.01160	0.00598	0.00509	0.00145	0.00682	0.00438	0.00353	0.27353
30	0.05853	0.01679	0.11877	0.05873	0.16007	0.08359	0.07314	0.03833	0.02837	0.04233	0.18322	0.02427	0.02239	0.00836	0.00727	0.00205	0.03927	0.02184	0.00444	0.00824

[dist]
# distance from previous block
# <min> <max>
5	20

[block]
# block no. 8 follows, 34 sequences, length 11
# corresponding to MSA columns:
# 345-355
name=unknown_I
#
# <colnr> <probs for GDERKNQSTAVLIFYWHMCP>
#	G	D	E	R	K	N	Q	S	T	A	V	L	I	F	Y	W	H	M	C	P
0	0.01548	0.01323	0.02001	0.02047	0.18384	0.01373	0.13968	0.02445	0.26238	0.04966	0.04245	0.02170	0.01638	0.00737	0.00642	0.00200	0.00637	0.00691	0.13833	0.00915
1	0.02079	0.01396	0.04960	0.01712	0.13655	0.03775	0.04974	0.02393	0.01595	0.31795	0.01738	0.01758	0.01223	0.00658	0.00636	0.00173	0.02237	0.00556	0.00534	0.22152
2	0.01076	0.01027	0.00958	0.00991	0.01137	0.12886	0.00718	0.01232	0.01358	0.01635	0.03549	0.32939	0.20455	0.02220	0.14341	0.00378	0.00743	0.01272	0.00509	0.00577
3	0.01868	0.01718	0.02882	0.02579	0.19075	0.01740	0.30602	0.26179	0.02041	0.02779	0.01371	0.01643	0.01032	0.00633	0.00693	0.00203	0.00883	0.00656	0.00437	0.00986
4	0.01104	0.00603	0.00888	0.00922	0.00957	0.00603	0.00672	0.00957	0.00991	0.01310	0.01654	0.03197	0.01723	0.02138	0.02147	0.62472	0.00569	0.16384	0.00353	0.00353
5	0.14503	0.00930	0.01062	0.01074	0.01286	0.01027	0.00846	0.01792	0.17634	0.02133	0.02538	0.18678	0.02542	0.01990	0.14301	0.00392	0.00723	0.15322	0.00532	0.00694
6	0.01826	0.01459	0.01888	0.01961	0.18218	0.01635	0.01291	0.28905	0.01920	0.04522	0.01451	0.01998	0.01256	0.13488	0.01354	0.00282	0.14551	0.00639	0.00466	0.00892
7	0.01624	0.02260	0.31920	0.01510	0.02195	0.01517	0.01595	0.18187	0.13480	0.02635	0.01492	0.01577	0.01100	0.00670	0.00604	0.00185	0.00737	0.00526	0.00443	0.15743
8	0.01604	0.01362	0.01656	0.01406	0.01630	0.01655	0.01141	0.17988	0.16522	0.02569	0.14619	0.02281	0.02106	0.01030	0.01223	0.00234	0.28889	0.00715	0.00524	0.00846
9	0.00957	0.00820	0.01294	0.01154	0.01344	0.00762	0.13467	0.01147	0.01300	0.01687	0.03548	0.30192	0.19196	0.15662	0.01261	0.00313	0.00551	0.04262	0.00511	0.00571
10	0.01817	0.01577	0.01420	0.01200	0.01514	0.14792	0.00916	0.30639	0.02071	0.02576	0.02390	0.02874	0.13266	0.18611	0.01266	0.00293	0.00711	0.00764	0.00522	0.00779

[dist]
# distance from previous block
# <min> <max>
0	63

# created by:
# /home/cegg/simao/soft/augustus-3.2.1/scripts/msa2prfl.pl ./align_prep/EOG090W0BDF.fa
