[name]
unknown

[dist]
# distance from previous block
# <min> <max>
0	41

[block]
# block no. 0 follows, 36 sequences, length 27
# corresponding to MSA columns:
# 43-69
name=unknown_A
#
# <colnr> <probs for GDERKNQSTAVLIFYWHMCP>
#	G	D	E	R	K	N	Q	S	T	A	V	L	I	F	Y	W	H	M	C	P
0	0.07182	0.02758	0.03969	0.01351	0.04130	0.01235	0.06075	0.08874	0.08165	0.24282	0.05263	0.02197	0.01592	0.00795	0.00699	0.00193	0.05181	0.04986	0.00551	0.10522
1	0.04290	0.01104	0.01505	0.01649	0.18080	0.01083	0.01054	0.02174	0.10255	0.21979	0.11082	0.02429	0.05770	0.00816	0.00661	0.00187	0.03076	0.00686	0.05515	0.06605
2	0.08565	0.04456	0.03422	0.03713	0.05215	0.01299	0.03044	0.13748	0.08902	0.27152	0.04362	0.01832	0.01404	0.00708	0.00586	0.00181	0.00581	0.00572	0.00572	0.09684
3	0.13460	0.01124	0.01545	0.18075	0.19618	0.01195	0.01170	0.03318	0.03571	0.01933	0.01333	0.02048	0.01214	0.17796	0.01134	0.00275	0.00651	0.00585	0.00353	0.09603
4	0.01323	0.01185	0.01735	0.13470	0.26140	0.01185	0.01301	0.01832	0.10557	0.02029	0.05491	0.07308	0.01627	0.00752	0.00610	0.00179	0.00602	0.02628	0.00407	0.19640
5	0.01471	0.01681	0.03676	0.02626	0.03256	0.01576	0.71954	0.01996	0.01471	0.01996	0.01261	0.01681	0.00945	0.00525	0.00735	0.00210	0.01050	0.00735	0.00315	0.00840
6	0.01646	0.74879	0.06689	0.01100	0.01652	0.02417	0.01125	0.01871	0.01268	0.01490	0.00878	0.01015	0.00799	0.00536	0.00409	0.00136	0.00678	0.00339	0.00266	0.00805
7	0.00895	0.00639	0.00879	0.01023	0.01119	0.00623	0.00815	0.01102	0.01327	0.01743	0.03359	0.38479	0.03824	0.01824	0.00832	0.00272	0.00479	0.39648	0.00576	0.00544
8	0.01292	0.01107	0.01292	0.00923	0.01477	0.00831	0.00738	0.01569	0.01292	0.02030	0.01107	0.01292	0.00923	0.00461	0.00461	0.00092	0.00461	0.00369	0.00369	0.81912
9	0.01292	0.01107	0.01292	0.00923	0.01477	0.00831	0.00738	0.01569	0.01292	0.02030	0.01107	0.01292	0.00923	0.00461	0.00461	0.00092	0.00461	0.00369	0.00369	0.81912
10	0.01443	0.01238	0.01698	0.03806	0.23339	0.01087	0.01138	0.03297	0.03428	0.04443	0.01220	0.01437	0.00991	0.00521	0.00526	0.00132	0.00563	0.00452	0.00375	0.48867
11	0.78679	0.01300	0.04398	0.00864	0.01275	0.01400	0.00751	0.01838	0.01072	0.02757	0.00879	0.01026	0.00680	0.00579	0.00395	0.00193	0.00503	0.00343	0.00380	0.00686
12	0.82504	0.01205	0.00916	0.00819	0.01205	0.01398	0.00675	0.01832	0.01060	0.02795	0.00868	0.01012	0.00675	0.00578	0.00386	0.00193	0.00482	0.00337	0.00386	0.00675
13	0.00892	0.00659	0.00959	0.00959	0.01055	0.00756	0.00726	0.01085	0.00989	0.01415	0.01708	0.02663	0.01651	0.14359	0.66076	0.00949	0.01528	0.00699	0.00340	0.00533
14	0.11062	0.01571	0.05624	0.09939	0.24895	0.04159	0.09804	0.13476	0.01658	0.09937	0.01318	0.01537	0.00984	0.00620	0.00604	0.00192	0.00748	0.00550	0.00413	0.00910
15	0.01508	0.01363	0.01773	0.05454	0.23994	0.04476	0.01207	0.08187	0.01500	0.02163	0.01156	0.01397	0.00945	0.00532	0.00536	0.00138	0.00614	0.00454	0.00367	0.42235
16	0.00792	0.00626	0.00699	0.00724	0.00879	0.00559	0.00532	0.00945	0.01340	0.01665	0.08429	0.13833	0.46521	0.10522	0.03378	0.00291	0.00416	0.06783	0.00553	0.00514
17	0.04692	0.05610	0.02061	0.06489	0.04791	0.12448	0.16286	0.05346	0.04070	0.02025	0.04662	0.01627	0.01195	0.02279	0.00670	0.00174	0.02605	0.00542	0.00372	0.22056
18	0.01025	0.00760	0.00945	0.00917	0.01035	0.00834	0.00659	0.01427	0.14256	0.01608	0.04824	0.03090	0.04242	0.26392	0.28974	0.06307	0.00948	0.00778	0.00419	0.00560
19	0.01837	0.01925	0.25803	0.01824	0.11973	0.01324	0.05823	0.10640	0.03412	0.21804	0.01715	0.04695	0.01281	0.00734	0.00632	0.00199	0.00731	0.02213	0.00481	0.00957
20	0.01210	0.01141	0.01928	0.70044	0.10596	0.01393	0.01747	0.01621	0.01261	0.01632	0.01113	0.01650	0.00845	0.00617	0.00622	0.00206	0.00822	0.00554	0.00280	0.00719
21	0.00986	0.00801	0.00882	0.00832	0.01016	0.03957	0.00626	0.03865	0.04462	0.02275	0.45806	0.08523	0.20986	0.01317	0.00723	0.00201	0.00361	0.01136	0.00635	0.00608
22	0.01443	0.01262	0.01567	0.01544	0.16144	0.04244	0.01002	0.01733	0.01356	0.04701	0.01164	0.01366	0.00953	0.00500	0.00503	0.00118	0.00549	0.00418	0.00370	0.59062
23	0.01891	0.00893	0.01192	0.01025	0.01333	0.00811	0.00800	0.02083	0.01508	0.40051	0.02778	0.26430	0.05472	0.01182	0.00745	0.00211	0.04231	0.01004	0.00652	0.05707
24	0.01356	0.01291	0.02193	0.40823	0.38669	0.01432	0.01820	0.01749	0.01331	0.01810	0.01139	0.01603	0.00907	0.00590	0.00620	0.00197	0.00786	0.00554	0.00292	0.00837
25	0.01702	0.01423	0.01852	0.04913	0.06799	0.01554	0.09760	0.18551	0.34298	0.04597	0.06275	0.02110	0.01715	0.00779	0.00648	0.00202	0.00625	0.00682	0.00562	0.00950
26	0.00901	0.00679	0.00869	0.00862	0.00998	0.00695	0.00642	0.03928	0.01296	0.01745	0.13079	0.12706	0.18687	0.09286	0.30126	0.00554	0.00885	0.01026	0.00483	0.00553

[dist]
# distance from previous block
# <min> <max>
0	1

[block]
# block no. 1 follows, 36 sequences, length 26
# corresponding to MSA columns:
# 71-96
name=unknown_B
#
# <colnr> <probs for GDERKNQSTAVLIFYWHMCP>
#	G	D	E	R	K	N	Q	S	T	A	V	L	I	F	Y	W	H	M	C	P
0	0.17371	0.01898	0.01658	0.05120	0.06278	0.22132	0.01146	0.25615	0.08438	0.02700	0.01285	0.01387	0.00976	0.00678	0.00562	0.00184	0.00761	0.00487	0.00460	0.00864
1	0.56269	0.01195	0.01074	0.00902	0.01308	0.01294	0.00735	0.07405	0.01281	0.08044	0.01075	0.01207	0.00819	0.00661	0.00522	0.03783	0.00502	0.00390	0.00426	0.11107
2	0.01330	0.01169	0.01589	0.12614	0.22183	0.06425	0.01192	0.05239	0.01282	0.01706	0.01362	0.02123	0.01266	0.14582	0.12237	0.09153	0.00862	0.00614	0.00335	0.02738
3	0.01595	0.01289	0.01770	0.05516	0.05107	0.03298	0.12770	0.13790	0.16396	0.08502	0.02445	0.08061	0.10788	0.00980	0.00757	0.04144	0.00637	0.00806	0.00520	0.00828
4	0.07043	0.00821	0.01019	0.01092	0.05249	0.00814	0.00795	0.01561	0.07627	0.09149	0.08475	0.17608	0.13000	0.01361	0.00764	0.02959	0.00455	0.15276	0.04270	0.00660
5	0.00961	0.00687	0.00771	0.00758	0.00913	0.00642	0.00534	0.01204	0.06440	0.05581	0.10036	0.14473	0.32310	0.20349	0.01330	0.00311	0.00415	0.01179	0.00552	0.00553
6	0.35057	0.01005	0.01062	0.00926	0.01266	0.01026	0.00731	0.02053	0.01339	0.28593	0.01955	0.15231	0.01681	0.04632	0.00680	0.00223	0.00484	0.00725	0.00560	0.00770
7	0.24551	0.00912	0.00939	0.00880	0.01151	0.00940	0.00677	0.01726	0.09206	0.11941	0.06992	0.19397	0.16049	0.01168	0.00623	0.00212	0.00421	0.00965	0.00561	0.00690
8	0.01216	0.00927	0.01186	0.01069	0.01241	0.04062	0.04172	0.04572	0.06390	0.05618	0.09098	0.02793	0.02044	0.18158	0.28520	0.04177	0.02970	0.00742	0.00430	0.00614
9	0.01251	0.00722	0.00908	0.00845	0.01034	0.00663	0.00621	0.01488	0.03707	0.16579	0.26175	0.17188	0.12639	0.12059	0.01061	0.00265	0.00406	0.01121	0.00626	0.00643
10	0.35952	0.01018	0.01053	0.00906	0.01247	0.01054	0.00722	0.02037	0.03734	0.23299	0.15161	0.04177	0.02098	0.04233	0.00662	0.00214	0.00463	0.00642	0.00565	0.00762
11	0.01428	0.00939	0.01094	0.00965	0.01228	0.00941	0.00761	0.16922	0.03887	0.09909	0.21843	0.06920	0.13327	0.04142	0.00781	0.00218	0.00450	0.06681	0.06835	0.00728
12	0.01584	0.01348	0.01396	0.01241	0.01581	0.04381	0.00978	0.13291	0.47238	0.02599	0.02577	0.02648	0.06950	0.01121	0.04649	0.00251	0.00601	0.04056	0.00597	0.00911
13	0.01884	0.01006	0.01242	0.01042	0.01381	0.00979	0.00823	0.07356	0.14044	0.32327	0.18843	0.06349	0.05409	0.03490	0.00747	0.00213	0.00468	0.00836	0.00689	0.00872
14	0.25698	0.00841	0.00858	0.00784	0.01016	0.00857	0.00590	0.01456	0.01349	0.08885	0.22548	0.03411	0.13106	0.14870	0.01057	0.00270	0.00431	0.00830	0.00532	0.00611
15	0.46036	0.01274	0.01232	0.01016	0.01443	0.01388	0.00836	0.14820	0.04615	0.19785	0.01423	0.01414	0.00999	0.00665	0.00495	0.00193	0.00530	0.00461	0.00529	0.00847
16	0.01156	0.00764	0.00940	0.00919	0.01057	0.00777	0.00682	0.07038	0.01387	0.07008	0.06646	0.23016	0.08425	0.16824	0.03585	0.00327	0.03883	0.08638	0.06334	0.00593
17	0.04451	0.00952	0.01149	0.01115	0.03484	0.05105	0.00829	0.04235	0.04422	0.06977	0.05565	0.04421	0.01771	0.07215	0.41509	0.00651	0.01175	0.00686	0.00419	0.03866
18	0.10399	0.00722	0.00832	0.00855	0.01011	0.00719	0.00627	0.04394	0.01364	0.04424	0.10139	0.38082	0.11760	0.01628	0.03871	0.00257	0.00440	0.02762	0.05129	0.00588
19	0.00913	0.00679	0.00985	0.00976	0.01067	0.00788	0.00741	0.01091	0.00982	0.01408	0.01662	0.02605	0.01610	0.13877	0.61918	0.03118	0.04022	0.00691	0.00336	0.00530
20	0.03878	0.00976	0.01207	0.03011	0.01358	0.03398	0.02242	0.05027	0.12156	0.04948	0.01836	0.06611	0.01683	0.11400	0.31414	0.02382	0.04657	0.00727	0.00426	0.00662
21	0.01000	0.00811	0.01207	0.01395	0.11472	0.00786	0.05053	0.01237	0.04433	0.01711	0.03072	0.33512	0.12137	0.04921	0.00981	0.06093	0.00502	0.08580	0.00496	0.00603
22	0.07649	0.01939	0.01784	0.04799	0.06046	0.26716	0.06465	0.08131	0.25689	0.02236	0.01567	0.01636	0.01205	0.00700	0.00597	0.00189	0.00792	0.00551	0.00452	0.00857
23	0.01282	0.07258	0.01175	0.00941	0.01118	0.02437	0.00734	0.03568	0.01214	0.08353	0.03297	0.05425	0.01622	0.05851	0.26439	0.11201	0.03079	0.00661	0.13743	0.00602
24	0.01439	0.01378	0.02359	0.05652	0.59754	0.01373	0.05484	0.01796	0.01418	0.02000	0.03746	0.04864	0.04589	0.00680	0.00640	0.00191	0.00711	0.00665	0.00342	0.00918
25	0.01478	0.07155	0.13116	0.14711	0.18465	0.03322	0.14079	0.04617	0.01429	0.05058	0.02447	0.03858	0.01147	0.00729	0.00713	0.03927	0.00801	0.01777	0.00344	0.00828

[dist]
# distance from previous block
# <min> <max>
0	1

[block]
# block no. 2 follows, 36 sequences, length 62
# corresponding to MSA columns:
# 98-123,170-205
name=unknown_C
#
# <colnr> <probs for GDERKNQSTAVLIFYWHMCP>
#	G	D	E	R	K	N	Q	S	T	A	V	L	I	F	Y	W	H	M	C	P
0	0.05962	0.01112	0.07947	0.00903	0.01167	0.07077	0.00768	0.01282	0.01488	0.01991	0.25341	0.07085	0.28661	0.03465	0.02857	0.00234	0.00494	0.01027	0.00535	0.00605
1	0.01346	0.01451	0.07749	0.16031	0.27564	0.01411	0.10435	0.03320	0.01359	0.01882	0.01603	0.05154	0.05576	0.00786	0.00817	0.00211	0.09505	0.02646	0.00339	0.00817
2	0.01356	0.01263	0.01767	0.43800	0.12314	0.07916	0.01505	0.01696	0.01355	0.04949	0.01743	0.02293	0.07613	0.00784	0.00686	0.00207	0.03253	0.04423	0.00350	0.00727
3	0.01527	0.13095	0.32553	0.06011	0.07207	0.09137	0.05623	0.01980	0.01377	0.06232	0.01346	0.01543	0.03741	0.00664	0.00669	0.00190	0.05424	0.00512	0.00320	0.00849
4	0.01334	0.11255	0.37421	0.15146	0.02678	0.01516	0.05224	0.06142	0.01400	0.01938	0.01286	0.01800	0.01041	0.00834	0.03553	0.00229	0.00872	0.05184	0.00314	0.00832
5	0.00777	0.00611	0.00703	0.00726	0.00878	0.00536	0.00527	0.00956	0.01449	0.01859	0.22061	0.23103	0.40410	0.01595	0.00750	0.00217	0.00321	0.01380	0.00605	0.00536
6	0.01250	0.03223	0.74875	0.01776	0.02697	0.01447	0.02302	0.01973	0.01315	0.01973	0.01118	0.01315	0.00789	0.00592	0.00592	0.00197	0.00921	0.00460	0.00263	0.00921
7	0.01226	0.05726	0.03261	0.06588	0.04104	0.02250	0.05930	0.01642	0.06261	0.04184	0.02623	0.05041	0.02671	0.01320	0.00766	0.00251	0.00645	0.44323	0.00507	0.00681
8	0.01301	0.01278	0.01949	0.59853	0.12998	0.05942	0.01708	0.01684	0.01289	0.01641	0.01096	0.01602	0.00848	0.00633	0.00673	0.00204	0.03742	0.00544	0.00283	0.00731
9	0.06318	0.01660	0.01757	0.01368	0.01842	0.01844	0.01125	0.62392	0.07068	0.03744	0.01543	0.01546	0.01107	0.00745	0.00607	0.00188	0.00652	0.00559	0.02914	0.01022
10	0.14017	0.01205	0.01473	0.06218	0.01778	0.01195	0.00984	0.14942	0.01846	0.46977	0.01970	0.01821	0.01285	0.00729	0.00591	0.00193	0.00571	0.00569	0.00657	0.00980
11	0.01424	0.01439	0.08265	0.31426	0.10227	0.02918	0.11888	0.05412	0.01452	0.06342	0.03554	0.02109	0.03094	0.00733	0.00700	0.00208	0.03277	0.04371	0.00369	0.00791
12	0.01226	0.01198	0.01107	0.01096	0.01209	0.16924	0.00809	0.01363	0.01309	0.01587	0.06737	0.24010	0.05493	0.15286	0.01316	0.00298	0.09123	0.08889	0.00458	0.00562
13	0.02338	0.00955	0.01288	0.01023	0.01423	0.00836	0.00831	0.02591	0.01764	0.57040	0.17579	0.02664	0.02463	0.00876	0.00643	0.00192	0.00472	0.00731	0.03346	0.00945
14	0.00835	0.00681	0.00749	0.00774	0.00946	0.00632	0.00563	0.01155	0.09020	0.01786	0.07643	0.26585	0.43183	0.01598	0.00743	0.00222	0.00347	0.01376	0.00589	0.00572
15	0.01026	0.00831	0.01259	0.01191	0.02916	0.00888	0.07463	0.01301	0.04758	0.01679	0.08915	0.11203	0.02442	0.14713	0.22139	0.03167	0.05536	0.07560	0.00431	0.00583
16	0.01360	0.01085	0.01272	0.00919	0.01453	0.00825	0.00735	0.01636	0.01317	0.05586	0.01209	0.01372	0.00979	0.00487	0.00468	0.00099	0.00458	0.00390	0.03487	0.74862
17	0.00956	0.00642	0.00837	0.00923	0.01036	0.00606	0.00701	0.01128	0.01314	0.05578	0.04791	0.35603	0.12035	0.08019	0.00994	0.00283	0.00450	0.22980	0.00573	0.00550
18	0.00773	0.00552	0.00738	0.00883	0.00925	0.00518	0.00602	0.00891	0.01206	0.01606	0.03427	0.73820	0.04092	0.01939	0.00799	0.00255	0.00373	0.05515	0.00578	0.00510
19	0.01015	0.00852	0.05002	0.01053	0.03057	0.00717	0.02383	0.01306	0.05332	0.06218	0.05942	0.38660	0.16032	0.01563	0.00753	0.00235	0.00446	0.08246	0.00566	0.00622
20	0.02795	0.01060	0.01446	0.01109	0.01591	0.00916	0.00916	0.03036	0.01783	0.74648	0.02458	0.02121	0.01542	0.00771	0.00627	0.00193	0.00530	0.00627	0.00771	0.01060
21	0.01250	0.03223	0.74875	0.01776	0.02697	0.01447	0.02302	0.01973	0.01315	0.01973	0.01118	0.01315	0.00789	0.00592	0.00592	0.00197	0.00921	0.00460	0.00263	0.00921
22	0.06148	0.01125	0.01832	0.69683	0.06314	0.01388	0.01672	0.01617	0.01240	0.01679	0.01095	0.01618	0.00826	0.00618	0.00608	0.00206	0.00806	0.00541	0.00284	0.00700
23	0.01666	0.78478	0.03265	0.01066	0.01599	0.02465	0.01066	0.01866	0.01266	0.01466	0.00866	0.00999	0.00800	0.00533	0.00400	0.00133	0.00666	0.00333	0.00267	0.00800
24	0.01177	0.01107	0.01869	0.76606	0.04291	0.01384	0.01730	0.01592	0.01246	0.01592	0.01107	0.01661	0.00831	0.00623	0.00623	0.00208	0.00831	0.00554	0.00277	0.00692
25	0.05190	0.02209	0.39192	0.01539	0.02226	0.01263	0.06519	0.04488	0.01492	0.22523	0.01648	0.06218	0.01219	0.00725	0.00616	0.00200	0.00759	0.00604	0.00446	0.00923
26	0.00865	0.00629	0.00812	0.00820	0.00902	0.00653	0.00575	0.00999	0.01085	0.01474	0.07188	0.09769	0.11150	0.29057	0.30565	0.00654	0.00941	0.00949	0.00422	0.00489
27	0.00759	0.00542	0.00723	0.00868	0.00904	0.00506	0.00578	0.00868	0.01193	0.01591	0.03434	0.77697	0.04121	0.01952	0.00795	0.00253	0.00361	0.01771	0.00578	0.00506
28	0.01487	0.01420	0.02417	0.10105	0.65908	0.01443	0.01856	0.01853	0.01397	0.01983	0.01234	0.03827	0.01067	0.00603	0.00623	0.00189	0.00737	0.00591	0.00314	0.00947
29	0.01538	0.01604	0.03324	0.02412	0.02956	0.01576	0.58986	0.01999	0.01426	0.06365	0.01279	0.01669	0.00966	0.00609	0.00889	0.00217	0.10305	0.00705	0.00338	0.00834
30	0.00881	0.00665	0.00986	0.01024	0.01137	0.00631	0.05475	0.01079	0.01327	0.01795	0.11192	0.48232	0.03929	0.01699	0.00787	0.00247	0.00440	0.15074	0.02845	0.00553
31	0.01258	0.01191	0.02016	0.60359	0.19900	0.01406	0.01771	0.01663	0.01284	0.01691	0.01122	0.01635	0.00865	0.00608	0.00622	0.00203	0.00810	0.00554	0.00284	0.00758
32	0.01236	0.01088	0.01795	0.56976	0.11048	0.01284	0.01582	0.01619	0.01311	0.04475	0.05467	0.02000	0.03531	0.00821	0.03074	0.00230	0.00790	0.00617	0.00334	0.00721
33	0.02152	0.02684	0.01657	0.01534	0.01827	0.66430	0.01156	0.02318	0.01712	0.01551	0.01256	0.05723	0.01172	0.00787	0.00595	0.00174	0.01045	0.05174	0.00352	0.00700
34	0.01164	0.01089	0.01832	0.73365	0.04155	0.01358	0.01690	0.01571	0.01235	0.01586	0.01131	0.01695	0.00862	0.00797	0.03838	0.00242	0.00867	0.00559	0.00279	0.00686
35	0.01637	0.61264	0.16409	0.01199	0.01801	0.02211	0.01288	0.01936	0.01297	0.04697	0.00981	0.01106	0.00830	0.00554	0.00445	0.00148	0.00707	0.00369	0.00288	0.00833
36	0.01587	0.10289	0.42800	0.03619	0.02244	0.01381	0.01712	0.02140	0.03733	0.16912	0.01571	0.06645	0.01208	0.00724	0.00595	0.00194	0.00759	0.00581	0.00402	0.00905
37	0.01250	0.03223	0.74875	0.01776	0.02697	0.01447	0.02302	0.01973	0.01315	0.01973	0.01118	0.01315	0.00789	0.00592	0.00592	0.00197	0.00921	0.00460	0.00263	0.00921
38	0.07120	0.01301	0.07882	0.10514	0.05109	0.01118	0.01169	0.02666	0.06763	0.46765	0.02031	0.01918	0.01340	0.00722	0.00609	0.00196	0.00604	0.00588	0.00614	0.00971
39	0.01431	0.16897	0.36601	0.07892	0.19609	0.01631	0.01896	0.01935	0.01337	0.03645	0.01115	0.01356	0.00860	0.00579	0.00565	0.00183	0.00813	0.00470	0.00288	0.00899
40	0.00767	0.00549	0.00730	0.00862	0.00906	0.00512	0.00579	0.00888	0.01231	0.01652	0.08188	0.72768	0.04239	0.01906	0.00791	0.00249	0.00357	0.01728	0.00586	0.00512
41	0.01004	0.00717	0.01004	0.01147	0.01291	0.00717	0.01004	0.01291	0.01434	0.01865	0.03299	0.07028	0.03586	0.01721	0.00861	0.00287	0.00574	0.70023	0.00574	0.00574
42	0.01743	0.01430	0.04446	0.07954	0.54077	0.01368	0.01727	0.02102	0.01472	0.15495	0.01405	0.01650	0.01074	0.00601	0.00618	0.00188	0.00712	0.00565	0.00391	0.00980
43	0.02034	0.31488	0.02375	0.01523	0.05768	0.43834	0.01191	0.02221	0.01557	0.01531	0.00938	0.01100	0.00812	0.00596	0.00503	0.00152	0.00929	0.00384	0.00300	0.00766
44	0.00878	0.00635	0.00817	0.00781	0.00910	0.00602	0.00572	0.01123	0.01579	0.02213	0.55699	0.04475	0.08652	0.10964	0.07102	0.00312	0.00444	0.01072	0.00614	0.00556
45	0.01318	0.08052	0.29411	0.01399	0.05499	0.01225	0.01415	0.01762	0.01305	0.01964	0.01096	0.01290	0.00866	0.00521	0.00514	0.00140	0.00665	0.00410	0.00318	0.40830
46	0.64609	0.01340	0.05456	0.03458	0.03756	0.03399	0.00842	0.01791	0.01102	0.02540	0.00977	0.01279	0.00808	0.05812	0.00606	0.00220	0.00554	0.00399	0.00370	0.00682
47	0.01082	0.00541	0.00812	0.00812	0.00812	0.00541	0.00541	0.00812	0.00812	0.01082	0.01082	0.01894	0.01082	0.02165	0.02435	0.81872	0.00541	0.00541	0.00271	0.00271
48	0.01260	0.05058	0.52558	0.01829	0.09178	0.01383	0.03664	0.01908	0.03652	0.02048	0.10141	0.01779	0.01475	0.00677	0.00611	0.00195	0.00808	0.00562	0.00333	0.00882
49	0.00935	0.00693	0.00879	0.00823	0.00986	0.00665	0.00620	0.01347	0.07475	0.02507	0.68174	0.04468	0.05560	0.01239	0.00727	0.00197	0.00310	0.01093	0.00682	0.00620
50	0.82504	0.01205	0.00916	0.00819	0.01205	0.01398	0.00675	0.01832	0.01060	0.02795	0.00868	0.01012	0.00675	0.00578	0.00386	0.00193	0.00482	0.00337	0.00386	0.00675
51	0.01548	0.01366	0.01625	0.01761	0.15613	0.01536	0.01165	0.03041	0.59276	0.02496	0.02273	0.02174	0.01726	0.00789	0.00631	0.00206	0.00541	0.00676	0.00571	0.00986
52	0.00939	0.00609	0.00878	0.00892	0.00948	0.00659	0.00638	0.00973	0.00949	0.01319	0.01687	0.09388	0.01734	0.12636	0.37441	0.25694	0.01073	0.00759	0.00342	0.00442
53	0.01005	0.00802	0.01127	0.03628	0.09108	0.02418	0.00836	0.01190	0.01046	0.01454	0.01659	0.02725	0.01643	0.23360	0.44372	0.00764	0.01249	0.00709	0.00340	0.00564
54	0.73215	0.01229	0.01025	0.05413	0.01431	0.01426	0.00766	0.05674	0.01174	0.02785	0.00916	0.01078	0.00705	0.00590	0.00413	0.00193	0.00514	0.00363	0.00392	0.00697
55	0.01387	0.05053	0.58372	0.01633	0.02429	0.01418	0.01996	0.03980	0.04193	0.06908	0.01301	0.01474	0.00938	0.00865	0.05167	0.00244	0.00909	0.00493	0.00326	0.00911
56	0.01285	0.01107	0.01329	0.05806	0.01658	0.00866	0.00802	0.01570	0.01289	0.02002	0.01107	0.01316	0.00917	0.00472	0.00472	0.00100	0.00485	0.00381	0.00363	0.76672
57	0.00799	0.00630	0.00721	0.00706	0.00882	0.00552	0.00527	0.01013	0.01557	0.02027	0.35046	0.08491	0.41901	0.01464	0.00738	0.00206	0.00308	0.01254	0.00624	0.00552
58	0.00896	0.00644	0.00884	0.00884	0.00955	0.00715	0.00633	0.01038	0.00967	0.01360	0.01776	0.03040	0.01815	0.31349	0.49309	0.00857	0.01282	0.00754	0.00350	0.00491
59	0.01358	0.01453	0.09668	0.02664	0.42391	0.01287	0.01560	0.04459	0.03056	0.01982	0.01814	0.10731	0.05799	0.03470	0.03212	0.00239	0.02876	0.00750	0.00373	0.00857
60	0.01576	0.03230	0.01432	0.01249	0.01578	0.06013	0.00969	0.09072	0.51871	0.02505	0.02417	0.11432	0.02006	0.00953	0.00643	0.00209	0.00537	0.00796	0.00598	0.00913
61	0.01001	0.07694	0.01172	0.01049	0.03933	0.02949	0.02379	0.01241	0.03373	0.01836	0.16734	0.29979	0.12910	0.03133	0.00780	0.00229	0.00452	0.08013	0.00544	0.00600

[dist]
# distance from previous block
# <min> <max>
1	2

[block]
# block no. 3 follows, 36 sequences, length 7
# corresponding to MSA columns:
# 208-214
name=unknown_D
#
# <colnr> <probs for GDERKNQSTAVLIFYWHMCP>
#	G	D	E	R	K	N	Q	S	T	A	V	L	I	F	Y	W	H	M	C	P
0	0.06517	0.54149	0.02717	0.01175	0.01645	0.17596	0.01068	0.02070	0.05159	0.01616	0.00975	0.01096	0.00851	0.00575	0.00445	0.00147	0.00742	0.00367	0.00304	0.00786
1	0.01494	0.01774	0.19679	0.01899	0.13273	0.01449	0.06657	0.02268	0.19673	0.07700	0.01611	0.01791	0.01237	0.01033	0.06575	0.00270	0.09708	0.00596	0.00415	0.00897
2	0.00860	0.00580	0.00749	0.00808	0.00837	0.00579	0.00524	0.00907	0.01027	0.01383	0.02451	0.33971	0.02833	0.30826	0.10909	0.08043	0.00627	0.01199	0.00445	0.00442
3	0.01033	0.11951	0.01315	0.07561	0.01375	0.01031	0.00798	0.01321	0.03625	0.01941	0.28854	0.03794	0.21084	0.01386	0.05669	0.00249	0.04940	0.00932	0.00514	0.00627
4	0.01507	0.18863	0.32876	0.04179	0.08265	0.04557	0.04510	0.05918	0.09800	0.02020	0.01254	0.01412	0.00961	0.00615	0.00565	0.00183	0.00798	0.00487	0.00335	0.00897
5	0.01353	0.07156	0.01449	0.00987	0.01482	0.05954	0.00798	0.01611	0.01295	0.01899	0.01131	0.01365	0.00964	0.00870	0.07434	0.00184	0.00633	0.00396	0.00355	0.62684
6	0.01709	0.05777	0.01570	0.07429	0.01784	0.03880	0.01035	0.24641	0.14091	0.07320	0.02363	0.10826	0.08736	0.00992	0.00693	0.00204	0.03084	0.02461	0.00554	0.00852

[dist]
# distance from previous block
# <min> <max>
0	2

[block]
# block no. 4 follows, 36 sequences, length 23
# corresponding to MSA columns:
# 217-239
name=unknown_E
#
# <colnr> <probs for GDERKNQSTAVLIFYWHMCP>
#	G	D	E	R	K	N	Q	S	T	A	V	L	I	F	Y	W	H	M	C	P
0	0.01107	0.00708	0.00868	0.00842	0.00958	0.00694	0.00587	0.04295	0.01191	0.06965	0.02503	0.13576	0.07855	0.34506	0.08306	0.05107	0.00629	0.05870	0.00464	0.02969
1	0.06614	0.05854	0.06975	0.04793	0.06206	0.03306	0.17611	0.05395	0.04128	0.05813	0.01323	0.01844	0.01125	0.10023	0.01218	0.04352	0.11693	0.00610	0.00363	0.00754
2	0.03958	0.13291	0.59750	0.01635	0.02468	0.01604	0.02036	0.04888	0.01368	0.02012	0.01092	0.01270	0.00798	0.00590	0.00561	0.00188	0.00862	0.00443	0.00283	0.00902
3	0.00934	0.00672	0.00925	0.00923	0.00994	0.00759	0.00677	0.01077	0.01008	0.01453	0.01852	0.10004	0.01897	0.19471	0.40881	0.04076	0.05592	0.00808	0.05489	0.00511
4	0.01033	0.00694	0.00932	0.00915	0.01029	0.00758	0.00678	0.01266	0.03935	0.05056	0.01895	0.02999	0.01826	0.22956	0.43404	0.00754	0.01175	0.03124	0.05017	0.00554
5	0.04433	0.00902	0.01145	0.00955	0.01291	0.00825	0.00761	0.02196	0.06217	0.37097	0.25571	0.03316	0.10592	0.01015	0.00665	0.00197	0.00428	0.00855	0.00703	0.00836
6	0.01315	0.01289	0.01801	0.01557	0.01564	0.01784	0.01286	0.01451	0.00955	0.01484	0.00918	0.01541	0.00923	0.04430	0.06736	0.00332	0.69123	0.00568	0.00281	0.00661
7	0.06251	0.01424	0.01561	0.01253	0.01701	0.04473	0.01017	0.25090	0.17303	0.30206	0.02028	0.01870	0.01392	0.00765	0.00613	0.00194	0.00594	0.00599	0.00657	0.01012
8	0.01815	0.27986	0.08880	0.01316	0.01788	0.10362	0.01206	0.17651	0.04488	0.04091	0.01231	0.03471	0.01023	0.00699	0.00650	0.00171	0.06951	0.00486	0.00395	0.05339
9	0.03549	0.01044	0.04053	0.01011	0.01358	0.00918	0.00829	0.04661	0.01248	0.03741	0.01488	0.02070	0.02439	0.06720	0.19220	0.04258	0.03894	0.02758	0.00381	0.34360
10	0.07972	0.06916	0.06079	0.09481	0.30571	0.01352	0.04360	0.03819	0.01343	0.01952	0.02811	0.06616	0.03805	0.03426	0.04386	0.02577	0.00732	0.00653	0.00352	0.00798
11	0.01590	0.40661	0.13498	0.01315	0.03963	0.06647	0.01247	0.04809	0.05445	0.02918	0.01189	0.03489	0.01034	0.00905	0.04633	0.02672	0.02384	0.00469	0.00327	0.00804
12	0.01224	0.00967	0.05107	0.06206	0.01453	0.00914	0.03021	0.04892	0.05789	0.07034	0.04175	0.04485	0.02026	0.24708	0.13325	0.04569	0.00790	0.08257	0.00441	0.00616
13	0.01689	0.04610	0.01732	0.08616	0.13827	0.02372	0.04942	0.08666	0.01588	0.17523	0.02090	0.06473	0.05858	0.02313	0.01894	0.00214	0.00640	0.05698	0.03300	0.05955
14	0.01486	0.05724	0.07004	0.08022	0.18401	0.06114	0.02729	0.01745	0.01391	0.11048	0.05952	0.02361	0.10187	0.01191	0.05793	0.08286	0.00728	0.00668	0.00412	0.00758
15	0.01239	0.01043	0.01682	0.51222	0.06506	0.01248	0.01477	0.01582	0.01243	0.05524	0.01407	0.02227	0.01197	0.06345	0.05884	0.00294	0.03884	0.04975	0.00334	0.00686
16	0.03012	0.01166	0.04631	0.04357	0.06720	0.01087	0.07644	0.08537	0.05472	0.20062	0.11340	0.10770	0.02219	0.03160	0.06679	0.00277	0.00676	0.00818	0.00551	0.00824
17	0.01485	0.14486	0.06819	0.01178	0.01469	0.16936	0.01001	0.01693	0.01331	0.05926	0.04944	0.05243	0.06097	0.09197	0.13564	0.00363	0.06551	0.00658	0.00382	0.00677
18	0.01059	0.00829	0.01070	0.17033	0.01708	0.00871	0.00853	0.08575	0.01471	0.01936	0.07749	0.19450	0.20203	0.06923	0.00879	0.00243	0.00500	0.03161	0.04873	0.00611
19	0.04106	0.01340	0.04727	0.15695	0.16609	0.01468	0.01391	0.10480	0.07044	0.02086	0.01398	0.01971	0.01200	0.05139	0.04658	0.00273	0.14374	0.03289	0.01956	0.00796
20	0.00987	0.00825	0.01240	0.01306	0.07006	0.00858	0.06244	0.01154	0.01187	0.01610	0.02655	0.34598	0.06264	0.13905	0.03033	0.00321	0.08827	0.06938	0.00465	0.00576
21	0.09384	0.00768	0.00922	0.05637	0.01183	0.03785	0.00702	0.01102	0.01084	0.01545	0.03974	0.18236	0.05210	0.01820	0.04400	0.33616	0.00570	0.05211	0.00396	0.00457
22	0.01795	0.08924	0.01742	0.01306	0.01684	0.09067	0.03782	0.23852	0.18187	0.04549	0.05699	0.05234	0.01719	0.01017	0.03964	0.00228	0.00690	0.03054	0.02632	0.00875

[dist]
# distance from previous block
# <min> <max>
0	0

# created by:
# /home/cegg/simao/soft/augustus-3.2.1/scripts/msa2prfl.pl ./align_prep/EOG090W0HP8.fa
