[name]
unknown

[dist]
# distance from previous block
# <min> <max>
78	343

[block]
# block no. 0 follows, 33 sequences, length 15
# corresponding to MSA columns:
# 522-536
name=unknown_A
#
# <colnr> <probs for GDERKNQSTAVLIFYWHMCP>
#	G	D	E	R	K	N	Q	S	T	A	V	L	I	F	Y	W	H	M	C	P
0	0.01996	0.01482	0.01572	0.01336	0.01746	0.04327	0.01059	0.16370	0.41651	0.13422	0.05986	0.02332	0.01952	0.00877	0.00669	0.00212	0.00581	0.00713	0.00679	0.01036
1	0.06487	0.01373	0.01753	0.01393	0.01854	0.01405	0.09714	0.13166	0.22988	0.12543	0.05389	0.02331	0.05765	0.00825	0.00655	0.00200	0.00608	0.00707	0.00597	0.10247
2	0.06711	0.01425	0.01475	0.01245	0.01636	0.07729	0.00989	0.14428	0.18090	0.19891	0.06802	0.02554	0.01947	0.05287	0.00813	0.00232	0.00620	0.04164	0.00635	0.03326
3	0.01712	0.01217	0.01439	0.01312	0.04995	0.01246	0.00972	0.09726	0.26145	0.12791	0.11180	0.09703	0.02440	0.00975	0.00673	0.00202	0.00516	0.00830	0.00638	0.11286
4	0.06623	0.01707	0.01534	0.01337	0.01723	0.16045	0.01043	0.11421	0.30633	0.09599	0.02252	0.05213	0.04307	0.00882	0.00644	0.00205	0.00670	0.00693	0.00590	0.02881
5	0.01769	0.01450	0.01631	0.01445	0.05837	0.09671	0.04759	0.06736	0.16849	0.11433	0.15109	0.02411	0.02267	0.00829	0.00652	0.00186	0.00618	0.00701	0.00572	0.15077
6	0.05411	0.01632	0.01496	0.01262	0.01600	0.13855	0.00963	0.28108	0.06581	0.02674	0.01721	0.06017	0.01562	0.18137	0.01249	0.00293	0.00730	0.00701	0.00516	0.05491
7	0.01073	0.00871	0.01275	0.07270	0.09341	0.00865	0.02989	0.01455	0.04615	0.02360	0.42790	0.10370	0.06366	0.01256	0.00761	0.00218	0.00462	0.04357	0.00613	0.00693
8	0.81514	0.01273	0.00968	0.00866	0.01273	0.01477	0.00713	0.01935	0.01120	0.02954	0.00917	0.01069	0.00713	0.00611	0.00407	0.00204	0.00509	0.00356	0.00407	0.00713
9	0.00802	0.00573	0.00764	0.00917	0.00955	0.00535	0.00611	0.00917	0.01260	0.01681	0.03628	0.76434	0.04354	0.02062	0.00840	0.00267	0.00382	0.01872	0.00611	0.00535
10	0.71542	0.01345	0.01095	0.00948	0.01370	0.01548	0.00781	0.10597	0.01370	0.03105	0.01000	0.01134	0.00764	0.00634	0.00439	0.00203	0.00536	0.00386	0.00439	0.00764
11	0.71536	0.01508	0.01081	0.00971	0.01369	0.10658	0.00784	0.02023	0.01214	0.02784	0.00929	0.01084	0.00730	0.00620	0.00431	0.00199	0.00595	0.00365	0.00399	0.00719
12	0.00896	0.00690	0.00796	0.00803	0.00953	0.00642	0.00572	0.01167	0.05541	0.01980	0.22607	0.18885	0.29061	0.11104	0.01108	0.00279	0.00386	0.01337	0.00618	0.00577
13	0.01801	0.52013	0.02703	0.01081	0.01580	0.02043	0.01015	0.04702	0.01517	0.11355	0.04089	0.02021	0.10169	0.00769	0.00520	0.00164	0.00627	0.00560	0.00423	0.00849
14	0.01350	0.01029	0.01229	0.01181	0.04783	0.01043	0.00867	0.05389	0.20660	0.06194	0.27482	0.03881	0.12077	0.01145	0.00720	0.00210	0.00451	0.04211	0.00653	0.05446

[dist]
# distance from previous block
# <min> <max>
10	38

[block]
# block no. 1 follows, 33 sequences, length 92
# corresponding to MSA columns:
# 575-618,620-667
name=unknown_B
#
# <colnr> <probs for GDERKNQSTAVLIFYWHMCP>
#	G	D	E	R	K	N	Q	S	T	A	V	L	I	F	Y	W	H	M	C	P
0	0.08969	0.01426	0.01913	0.01563	0.03566	0.03795	0.14740	0.16921	0.08987	0.07165	0.08136	0.08334	0.03873	0.00916	0.00684	0.00210	0.00677	0.02468	0.00549	0.05107
1	0.07042	0.24446	0.14112	0.01945	0.15596	0.04761	0.04333	0.13472	0.01705	0.05038	0.01216	0.01388	0.00954	0.00632	0.00568	0.00183	0.00783	0.00491	0.00385	0.00950
2	0.08434	0.03779	0.14263	0.01477	0.02036	0.13707	0.05776	0.12796	0.04400	0.09111	0.02877	0.02767	0.01190	0.00695	0.00601	0.00182	0.00777	0.00544	0.00459	0.14128
3	0.01339	0.01378	0.08746	0.01811	0.18229	0.01220	0.01233	0.02126	0.22124	0.03633	0.07667	0.06711	0.18916	0.01062	0.00702	0.00216	0.00564	0.00916	0.00539	0.00869
4	0.02024	0.01348	0.01973	0.02082	0.22548	0.01251	0.05097	0.09024	0.01738	0.23823	0.01765	0.04620	0.01338	0.00709	0.00635	0.00182	0.00649	0.00628	0.00532	0.18034
5	0.01751	0.01021	0.01249	0.00990	0.01423	0.00865	0.00789	0.02104	0.05511	0.25075	0.12288	0.02883	0.11539	0.00897	0.00632	0.00172	0.00464	0.00746	0.02180	0.27423
6	0.01600	0.01522	0.02588	0.03893	0.69021	0.01522	0.01970	0.01986	0.01500	0.02141	0.01356	0.01933	0.01186	0.00651	0.00665	0.00201	0.00773	0.04131	0.00341	0.01020
7	0.01445	0.13700	0.48873	0.01770	0.02575	0.04416	0.08914	0.02056	0.01416	0.02016	0.01215	0.01442	0.00908	0.00621	0.00599	0.00195	0.00913	0.00502	0.05509	0.00914
8	0.01832	0.02025	0.04865	0.01765	0.02188	0.21133	0.15595	0.05327	0.27093	0.02235	0.01736	0.01895	0.01355	0.02878	0.00827	0.00222	0.05016	0.00646	0.00467	0.00900
9	0.01419	0.01406	0.02185	0.03820	0.09274	0.05978	0.22725	0.04808	0.05448	0.02113	0.04674	0.15013	0.08282	0.00977	0.00720	0.00210	0.00742	0.00938	0.00456	0.08813
10	0.00865	0.00625	0.00803	0.00848	0.00955	0.00574	0.00600	0.01049	0.01517	0.02058	0.31593	0.36223	0.13249	0.01735	0.00875	0.03385	0.00355	0.01488	0.00644	0.00562
11	0.01365	0.01170	0.01365	0.00975	0.01560	0.00878	0.00780	0.01658	0.01365	0.02145	0.01170	0.01365	0.00975	0.00488	0.00488	0.00098	0.00488	0.00390	0.00390	0.80888
12	0.02095	0.21010	0.02458	0.01584	0.02053	0.30822	0.10249	0.03544	0.01653	0.08368	0.01198	0.01357	0.00955	0.00644	0.00613	0.00170	0.02792	0.00478	0.00377	0.07578
13	0.01358	0.05691	0.54110	0.01955	0.02811	0.01543	0.14712	0.02038	0.01444	0.02100	0.05148	0.01644	0.01163	0.00650	0.00654	0.00208	0.00951	0.00574	0.00313	0.00933
14	0.00811	0.00654	0.00709	0.00732	0.00907	0.00568	0.00533	0.00972	0.01455	0.01793	0.10126	0.16262	0.51950	0.06563	0.00957	0.00257	0.00366	0.03234	0.00605	0.00548
15	0.01444	0.00923	0.01209	0.01127	0.02945	0.00890	0.03446	0.08420	0.02787	0.13568	0.11845	0.15761	0.12108	0.10453	0.01073	0.00280	0.00523	0.08631	0.01841	0.00726
16	0.01640	0.01881	0.07676	0.06969	0.12405	0.06832	0.38107	0.04883	0.08656	0.02195	0.01423	0.01749	0.01082	0.00622	0.00715	0.00213	0.00975	0.00685	0.00373	0.00920
17	0.04570	0.01430	0.01533	0.01363	0.01717	0.05037	0.04124	0.05559	0.51989	0.02609	0.02538	0.10568	0.02089	0.00984	0.00680	0.00224	0.00571	0.00837	0.00622	0.00955
18	0.00875	0.00665	0.00805	0.00781	0.00952	0.00595	0.00582	0.01129	0.01714	0.02311	0.47528	0.09337	0.27350	0.01489	0.00781	0.00215	0.00322	0.01292	0.00682	0.00595
19	0.01517	0.23385	0.45062	0.01704	0.04035	0.05878	0.01951	0.02057	0.01385	0.01888	0.01085	0.01296	0.00844	0.00638	0.00649	0.00192	0.04784	0.00453	0.00284	0.00915
20	0.08127	0.10838	0.07712	0.01749	0.08323	0.06576	0.06494	0.23737	0.07823	0.07243	0.01463	0.01567	0.01097	0.00718	0.00672	0.00198	0.03647	0.00556	0.00487	0.00975
21	0.00923	0.00624	0.00728	0.00762	0.00771	0.00615	0.00446	0.00948	0.01025	0.01367	0.02421	0.20393	0.02831	0.60183	0.02791	0.00556	0.00581	0.01161	0.00446	0.00429
22	0.01585	0.01647	0.06370	0.08342	0.60992	0.01562	0.05818	0.02007	0.01485	0.02116	0.01236	0.01633	0.01019	0.00591	0.00658	0.00199	0.00816	0.00592	0.00322	0.01011
23	0.01882	0.03748	0.25610	0.01634	0.02232	0.15206	0.04134	0.13738	0.09927	0.07746	0.01660	0.03718	0.01303	0.00792	0.00653	0.00206	0.00858	0.03545	0.00463	0.00945
24	0.00985	0.00732	0.00928	0.00902	0.00950	0.00810	0.00619	0.01075	0.01027	0.01409	0.02186	0.03701	0.06765	0.44745	0.22941	0.00696	0.07767	0.00881	0.00390	0.00492
25	0.00949	0.00721	0.00875	0.00857	0.01033	0.00678	0.00656	0.01296	0.05557	0.02295	0.41141	0.05396	0.21826	0.04858	0.00902	0.00242	0.00377	0.09059	0.00665	0.00617
26	0.01626	0.01574	0.02729	0.03981	0.69503	0.01569	0.05229	0.02025	0.01502	0.02149	0.01243	0.01636	0.01041	0.00585	0.00658	0.00197	0.00797	0.00596	0.00326	0.01036
27	0.01796	0.01851	0.08660	0.02452	0.19726	0.08396	0.20300	0.05379	0.10934	0.08714	0.01699	0.01952	0.02430	0.00700	0.00688	0.00208	0.00858	0.01854	0.00439	0.00963
28	0.01533	0.01924	0.10193	0.02693	0.03387	0.01652	0.64207	0.02107	0.01539	0.02107	0.01318	0.01741	0.00984	0.00561	0.00763	0.00221	0.01097	0.00751	0.00328	0.00896
29	0.01629	0.01564	0.02672	0.04041	0.72757	0.01564	0.02020	0.02020	0.01499	0.02151	0.01238	0.01629	0.01043	0.00587	0.00652	0.00196	0.00782	0.00587	0.00326	0.01043
30	0.10440	0.01506	0.01626	0.01348	0.01739	0.04991	0.02770	0.23457	0.18303	0.10302	0.07985	0.04096	0.01833	0.00893	0.00748	0.00213	0.05500	0.00692	0.00608	0.00951
31	0.00874	0.00661	0.00844	0.04361	0.01134	0.00642	0.00674	0.01029	0.01291	0.01667	0.03889	0.33588	0.20363	0.11872	0.07166	0.00371	0.00562	0.07922	0.00547	0.00543
32	0.05472	0.01725	0.01838	0.01423	0.01921	0.01902	0.01173	0.61880	0.02880	0.05579	0.01615	0.01633	0.01153	0.00782	0.00636	0.00195	0.00685	0.00587	0.05850	0.01071
33	0.02303	0.01755	0.01831	0.01446	0.01912	0.05117	0.01176	0.59126	0.02852	0.03790	0.05615	0.06620	0.01600	0.00899	0.00674	0.00201	0.00700	0.00701	0.00645	0.01038
34	0.01596	0.49758	0.29517	0.01406	0.02121	0.02204	0.01613	0.02014	0.01357	0.01748	0.01014	0.01180	0.00841	0.00586	0.00498	0.00166	0.00804	0.00402	0.00280	0.00893
35	0.00817	0.00667	0.00712	0.00701	0.00900	0.00572	0.00520	0.01004	0.01548	0.01927	0.19521	0.05963	0.56166	0.04992	0.00894	0.00238	0.00343	0.01330	0.00624	0.00562
36	0.18986	0.01255	0.01435	0.01180	0.01625	0.01276	0.00976	0.13839	0.06727	0.35143	0.02175	0.02425	0.01599	0.00875	0.00634	0.00214	0.00578	0.07408	0.00673	0.00978
37	0.01254	0.01185	0.01977	0.71204	0.04379	0.01493	0.01807	0.01677	0.01299	0.01677	0.01153	0.01738	0.00877	0.00686	0.00741	0.00223	0.05023	0.00585	0.00292	0.00731
38	0.28088	0.01187	0.01154	0.01010	0.01365	0.01309	0.00806	0.09635	0.17654	0.07450	0.05468	0.02211	0.05298	0.00825	0.00557	0.00200	0.00486	0.00628	0.13839	0.00830
39	0.02503	0.01844	0.01976	0.01515	0.02042	0.02042	0.01251	0.70562	0.03095	0.04149	0.01581	0.01581	0.01120	0.00790	0.00659	0.00198	0.00724	0.00593	0.00659	0.01120
40	0.01740	0.06374	0.01426	0.01099	0.01448	0.01199	0.00880	0.10466	0.15967	0.18105	0.18440	0.07961	0.09928	0.01096	0.00695	0.00209	0.00492	0.00919	0.00676	0.00879
41	0.01645	0.01484	0.02344	0.26000	0.40269	0.01607	0.01840	0.12654	0.01692	0.02317	0.01271	0.01661	0.01003	0.00641	0.00655	0.00203	0.00803	0.00587	0.00368	0.00957
42	0.01437	0.01573	0.11039	0.01988	0.22549	0.01162	0.01356	0.01819	0.01407	0.02139	0.01192	0.01446	0.00977	0.00534	0.00553	0.00140	0.00636	0.00460	0.00357	0.47236
43	0.00878	0.00651	0.00889	0.00945	0.01018	0.00622	0.03198	0.01000	0.01223	0.01620	0.03319	0.47668	0.08101	0.18194	0.04587	0.00378	0.00530	0.04110	0.00544	0.00525
44	0.01814	0.01783	0.01977	0.05524	0.16612	0.15549	0.01421	0.12667	0.10283	0.02251	0.01445	0.04401	0.01229	0.00973	0.03021	0.00242	0.16872	0.00624	0.00423	0.00886
45	0.01747	0.01821	0.02253	0.20993	0.35152	0.17760	0.01745	0.04321	0.04211	0.02001	0.01237	0.01591	0.00997	0.00643	0.00641	0.00197	0.00884	0.00556	0.00344	0.00906
46	0.00974	0.00662	0.00818	0.00779	0.00938	0.00615	0.00584	0.01273	0.01752	0.02547	0.55297	0.04578	0.10049	0.01265	0.00720	0.00199	0.00312	0.01102	0.14921	0.00615
47	0.02237	0.01825	0.08811	0.01776	0.02369	0.01698	0.17530	0.34223	0.03926	0.16284	0.01700	0.01752	0.01181	0.00727	0.00684	0.00206	0.00802	0.00643	0.00577	0.01050
48	0.06201	0.08585	0.29392	0.05231	0.02421	0.08309	0.05304	0.11469	0.01655	0.07315	0.01266	0.01455	0.00938	0.00701	0.00736	0.00205	0.06991	0.00517	0.00385	0.00923
49	0.01527	0.38097	0.40570	0.01524	0.02305	0.02034	0.01819	0.02032	0.01365	0.01833	0.01056	0.01233	0.00839	0.00596	0.00530	0.00177	0.00847	0.00423	0.00280	0.00913
50	0.01318	0.00946	0.01053	0.00972	0.01253	0.00946	0.00745	0.02034	0.23444	0.10543	0.10832	0.10428	0.30211	0.01329	0.00736	0.00223	0.00421	0.01125	0.00664	0.00778
51	0.01849	0.16621	0.23134	0.01754	0.08091	0.03510	0.06358	0.04256	0.05675	0.16572	0.01635	0.01887	0.01241	0.00721	0.00622	0.00198	0.00786	0.03679	0.00446	0.00964
52	0.06051	0.01793	0.01696	0.08580	0.02079	0.17646	0.01181	0.25195	0.05796	0.12952	0.01923	0.03517	0.04422	0.00855	0.00651	0.00202	0.00769	0.03209	0.00558	0.00923
53	0.00898	0.00677	0.00882	0.04534	0.01195	0.00666	0.00719	0.01146	0.05003	0.01799	0.06312	0.51581	0.10238	0.03785	0.00886	0.00269	0.00433	0.07801	0.00597	0.00579
54	0.01745	0.01785	0.06067	0.04068	0.22122	0.14669	0.08477	0.07737	0.01716	0.05590	0.01934	0.02816	0.04635	0.00899	0.00705	0.00216	0.00836	0.12668	0.00439	0.00876
55	0.01559	0.01825	0.14627	0.09166	0.06846	0.10068	0.08140	0.08207	0.01484	0.01965	0.01302	0.04404	0.01114	0.01054	0.01148	0.15090	0.07721	0.00613	0.02914	0.00756
56	0.01688	0.01231	0.05031	0.01400	0.04338	0.01119	0.07379	0.10578	0.07538	0.17366	0.08935	0.14286	0.09690	0.01162	0.00735	0.00224	0.00587	0.05231	0.00622	0.00860
57	0.00831	0.00593	0.00781	0.00893	0.00948	0.00554	0.00603	0.00973	0.01346	0.01821	0.14960	0.61190	0.04570	0.05455	0.00948	0.00275	0.00382	0.01716	0.00620	0.00543
58	0.01988	0.05052	0.02164	0.01656	0.02119	0.10863	0.16743	0.08294	0.18296	0.15700	0.02138	0.02394	0.03509	0.00833	0.00689	0.00212	0.00773	0.05081	0.00554	0.00942
59	0.05433	0.07443	0.17761	0.01668	0.06666	0.07569	0.04670	0.13021	0.15625	0.06239	0.01721	0.01789	0.02472	0.00732	0.00618	0.00199	0.00753	0.00584	0.04081	0.00956
60	0.01011	0.00808	0.00900	0.00934	0.01090	0.03402	0.00689	0.05898	0.01563	0.02005	0.11711	0.35733	0.22753	0.01716	0.00800	0.00243	0.00433	0.07088	0.00616	0.00605
61	0.02206	0.05745	0.15812	0.05352	0.02225	0.01530	0.04506	0.18886	0.07747	0.26469	0.01868	0.01828	0.01276	0.00746	0.00647	0.00203	0.00725	0.00603	0.00585	0.01040
62	0.24380	0.02108	0.01644	0.06285	0.04665	0.30774	0.01159	0.12221	0.04199	0.05068	0.01205	0.01348	0.00928	0.00683	0.00563	0.00191	0.00849	0.00466	0.00430	0.00832
63	0.13116	0.01754	0.08789	0.01526	0.02061	0.04292	0.10199	0.27287	0.02098	0.14687	0.01799	0.04354	0.03491	0.00791	0.00644	0.00206	0.00735	0.00649	0.00556	0.00968
64	0.00892	0.00639	0.00804	0.00822	0.00946	0.00588	0.00590	0.01121	0.01597	0.02216	0.39248	0.25938	0.12924	0.03450	0.00843	0.00234	0.00342	0.01377	0.04846	0.00582
65	0.05903	0.12716	0.08651	0.01877	0.02407	0.10259	0.25022	0.08125	0.07447	0.02201	0.01423	0.05065	0.01177	0.00725	0.00717	0.00205	0.04161	0.00653	0.00393	0.00874
66	0.04510	0.01585	0.01940	0.32347	0.14579	0.12445	0.01547	0.07417	0.06113	0.07091	0.01404	0.01709	0.01060	0.00687	0.00635	0.00203	0.00824	0.00570	0.02476	0.00861
67	0.02258	0.15883	0.02041	0.01479	0.01861	0.45657	0.01171	0.04794	0.01758	0.08899	0.01307	0.04131	0.01100	0.00913	0.03802	0.00211	0.01017	0.00507	0.00399	0.00810
68	0.05238	0.01446	0.02026	0.36983	0.10426	0.07421	0.06119	0.08797	0.01576	0.05760	0.01324	0.01736	0.01014	0.00986	0.06163	0.00272	0.00926	0.00588	0.00376	0.00824
69	0.05747	0.01581	0.01752	0.03233	0.03735	0.11015	0.05093	0.22156	0.02073	0.23344	0.02016	0.11787	0.01635	0.00924	0.00671	0.00207	0.00710	0.00763	0.00608	0.00951
70	0.01431	0.00945	0.01430	0.04805	0.01601	0.00941	0.08253	0.02798	0.01489	0.16032	0.10671	0.28080	0.05584	0.05889	0.01028	0.00262	0.06271	0.01182	0.00583	0.00725
71	0.01774	0.01134	0.05879	0.01059	0.01436	0.00959	0.00897	0.08013	0.06091	0.25686	0.11267	0.08522	0.18069	0.01139	0.00700	0.00211	0.00494	0.00953	0.04859	0.00856
72	0.01625	0.25777	0.15586	0.11147	0.24849	0.01905	0.01739	0.06437	0.01510	0.02022	0.01140	0.01417	0.00928	0.00608	0.00576	0.00184	0.00800	0.00495	0.00321	0.00935
73	0.01393	0.01316	0.02231	0.14743	0.37559	0.01390	0.06530	0.01739	0.01401	0.01950	0.01678	0.13882	0.01638	0.00920	0.00807	0.00223	0.05951	0.03414	0.00375	0.00860
74	0.00811	0.00579	0.00774	0.00927	0.00969	0.00542	0.00627	0.00932	0.01269	0.01691	0.03624	0.74046	0.04335	0.02054	0.00843	0.00269	0.00390	0.04171	0.00611	0.00537
75	0.01460	0.01391	0.02366	0.35262	0.42858	0.01520	0.01936	0.01872	0.01419	0.01945	0.01208	0.01684	0.00970	0.00618	0.00655	0.00206	0.00824	0.00586	0.00311	0.00906
76	0.01840	0.01515	0.06683	0.01774	0.07320	0.04088	0.13457	0.09107	0.05325	0.17255	0.05710	0.04918	0.01661	0.01213	0.07478	0.00292	0.06788	0.00725	0.01944	0.00907
77	0.01676	0.35256	0.35800	0.01480	0.02228	0.01940	0.01718	0.02149	0.01417	0.09017	0.01208	0.01331	0.00919	0.00617	0.00541	0.00179	0.00815	0.00446	0.00334	0.00932
78	0.05925	0.01364	0.01461	0.01284	0.01669	0.01535	0.01008	0.06311	0.54759	0.09919	0.05579	0.02431	0.02048	0.00886	0.00660	0.00218	0.00524	0.00729	0.00673	0.01018
79	0.04485	0.01211	0.01518	0.01182	0.01661	0.01137	0.00971	0.15282	0.02062	0.51858	0.05053	0.02452	0.06285	0.00879	0.00667	0.00204	0.00566	0.00708	0.00760	0.01057
80	0.04832	0.01551	0.02449	0.10866	0.48673	0.04814	0.05599	0.02134	0.01524	0.09264	0.01351	0.01670	0.01061	0.00620	0.00648	0.00199	0.00796	0.00588	0.00376	0.00984
81	0.12512	0.01229	0.05063	0.01114	0.01565	0.01094	0.00951	0.05680	0.06986	0.39224	0.07366	0.02499	0.06496	0.00875	0.00634	0.00204	0.00536	0.00699	0.04314	0.00959
82	0.00828	0.00629	0.00767	0.00870	0.00967	0.00583	0.00600	0.01023	0.04029	0.01747	0.04364	0.55783	0.21568	0.01917	0.00818	0.00254	0.00375	0.01706	0.00613	0.00560
83	0.01744	0.01717	0.08031	0.05114	0.02947	0.01574	0.43321	0.02211	0.01523	0.13818	0.01469	0.01785	0.01071	0.00678	0.00907	0.00226	0.09847	0.00706	0.00402	0.00906
84	0.02096	0.06805	0.02174	0.01645	0.02038	0.19011	0.11015	0.15970	0.01858	0.11286	0.01422	0.01621	0.01092	0.00951	0.04072	0.00240	0.11728	0.00575	0.03516	0.00883
85	0.02138	0.01020	0.01304	0.01076	0.01453	0.00938	0.00858	0.07528	0.04466	0.40520	0.15420	0.09114	0.09070	0.01090	0.00708	0.00211	0.00491	0.00919	0.00747	0.00929
86	0.01401	0.17007	0.60560	0.01738	0.02636	0.01727	0.02192	0.02064	0.01380	0.01986	0.01132	0.01328	0.00836	0.00614	0.00588	0.00196	0.00923	0.00462	0.00279	0.00949
87	0.01117	0.00781	0.01017	0.01087	0.01274	0.00762	0.00912	0.01471	0.05217	0.05474	0.09745	0.09167	0.14703	0.01667	0.00850	0.00272	0.00523	0.42686	0.00631	0.00644
88	0.02954	0.01120	0.01528	0.01171	0.01681	0.00968	0.00968	0.03208	0.01884	0.73213	0.02597	0.02241	0.01630	0.00815	0.00662	0.00204	0.00560	0.00662	0.00815	0.01120
89	0.01695	0.01710	0.03647	0.02613	0.03263	0.01595	0.63376	0.02220	0.01587	0.09271	0.01459	0.01823	0.01062	0.00581	0.00765	0.00220	0.01055	0.00765	0.00381	0.00911
90	0.01282	0.01223	0.02106	0.67378	0.08925	0.01478	0.04929	0.01723	0.01339	0.01732	0.01182	0.01748	0.00894	0.00649	0.00663	0.00218	0.00882	0.00594	0.00297	0.00759
91	0.01766	0.05461	0.01640	0.01356	0.01727	0.05686	0.01074	0.03259	0.56079	0.07157	0.02402	0.02249	0.01804	0.00871	0.00724	0.00218	0.04206	0.00693	0.00622	0.01006

[dist]
# distance from previous block
# <min> <max>
1	4

[block]
# block no. 2 follows, 33 sequences, length 41
# corresponding to MSA columns:
# 672-712
name=unknown_C
#
# <colnr> <probs for GDERKNQSTAVLIFYWHMCP>
#	G	D	E	R	K	N	Q	S	T	A	V	L	I	F	Y	W	H	M	C	P
0	0.09203	0.01282	0.01475	0.01123	0.01636	0.01188	0.00915	0.16717	0.01875	0.21344	0.05604	0.01814	0.01448	0.00697	0.00579	0.00162	0.00549	0.00546	0.00579	0.31265
1	0.66351	0.01383	0.01161	0.00990	0.01421	0.01585	0.00816	0.15105	0.01499	0.03183	0.01044	0.01168	0.00791	0.00645	0.00456	0.00203	0.00551	0.00402	0.00456	0.00791
2	0.00983	0.00713	0.00875	0.00936	0.01022	0.00710	0.00637	0.04989	0.05666	0.01871	0.07311	0.50697	0.03795	0.15068	0.01259	0.00323	0.00451	0.01529	0.00587	0.00580
3	0.01549	0.10983	0.07488	0.02363	0.03026	0.01701	0.51909	0.02050	0.01501	0.02043	0.01258	0.01630	0.00969	0.00554	0.00699	0.00200	0.00997	0.00674	0.00329	0.08077
4	0.01051	0.00758	0.00983	0.00979	0.01085	0.00815	0.00703	0.07292	0.01267	0.01739	0.02289	0.21351	0.02460	0.21699	0.31723	0.00679	0.01046	0.01049	0.00456	0.00575
5	0.01496	0.21472	0.52016	0.01682	0.02517	0.06156	0.02043	0.02090	0.01406	0.01925	0.01106	0.01296	0.00837	0.00613	0.00574	0.00190	0.00920	0.00450	0.00283	0.00929
6	0.07189	0.02740	0.01747	0.01580	0.01914	0.59374	0.01198	0.06252	0.01819	0.01828	0.01107	0.01323	0.00924	0.01049	0.06956	0.00250	0.01170	0.00454	0.00362	0.00765
7	0.01829	0.03398	0.01538	0.01289	0.01642	0.16469	0.00998	0.15419	0.23487	0.02565	0.06368	0.02246	0.01793	0.07388	0.00861	0.00228	0.00683	0.00658	0.05347	0.05794
8	0.02293	0.01082	0.01372	0.01134	0.01530	0.01019	0.00910	0.06474	0.09171	0.44379	0.02839	0.04725	0.06280	0.07808	0.00933	0.00254	0.00557	0.05555	0.00721	0.00963
9	0.01312	0.01125	0.01302	0.00947	0.01500	0.00849	0.00755	0.01594	0.01377	0.02112	0.01664	0.01812	0.07402	0.00594	0.00514	0.00109	0.00474	0.00480	0.00410	0.73669
10	0.01212	0.07521	0.01378	0.01091	0.01346	0.01038	0.04349	0.05616	0.07713	0.01959	0.02712	0.24742	0.06881	0.13007	0.01124	0.00284	0.00549	0.06894	0.00517	0.10070
11	0.01406	0.13229	0.18039	0.01999	0.02612	0.01583	0.33117	0.01884	0.01452	0.01968	0.03471	0.09952	0.03292	0.00862	0.01998	0.00226	0.00911	0.00796	0.00362	0.00840
12	0.00947	0.00681	0.00932	0.00932	0.01006	0.00755	0.00666	0.01095	0.01021	0.01435	0.01878	0.03223	0.01922	0.31545	0.48025	0.00903	0.01347	0.00799	0.00370	0.00518
13	0.00954	0.00642	0.00737	0.00731	0.00749	0.00636	0.00425	0.00991	0.01064	0.01436	0.10323	0.04380	0.02841	0.68008	0.03049	0.00588	0.00600	0.00985	0.00437	0.00425
14	0.01498	0.01468	0.04047	0.01674	0.09331	0.11818	0.07664	0.06082	0.07526	0.04040	0.05577	0.15212	0.08462	0.01199	0.00743	0.00228	0.00697	0.11432	0.00521	0.00782
15	0.05233	0.16993	0.36368	0.01650	0.02358	0.08810	0.07923	0.03898	0.01474	0.02060	0.01196	0.01408	0.00916	0.00626	0.00576	0.00189	0.00879	0.00487	0.06071	0.00886
16	0.00824	0.00589	0.00790	0.00942	0.00990	0.00554	0.00650	0.00955	0.01282	0.01706	0.03616	0.70466	0.04305	0.02041	0.00846	0.00270	0.00401	0.07619	0.00611	0.00541
17	0.01615	0.00833	0.01045	0.00899	0.01205	0.00725	0.00707	0.01858	0.01751	0.27982	0.25332	0.04414	0.26452	0.01259	0.00735	0.00211	0.00409	0.01064	0.00720	0.00781
18	0.02143	0.10970	0.11131	0.01554	0.02109	0.08203	0.07776	0.19802	0.07804	0.16874	0.01736	0.01877	0.01281	0.00758	0.00641	0.00199	0.00777	0.02837	0.00537	0.00991
19	0.13889	0.01869	0.10475	0.08877	0.30385	0.09035	0.02892	0.05402	0.05751	0.02291	0.01253	0.01528	0.00992	0.00648	0.00635	0.00201	0.02049	0.00536	0.00367	0.00924
20	0.00919	0.00650	0.00803	0.00821	0.00874	0.00665	0.00538	0.01006	0.01065	0.01430	0.02577	0.12514	0.08500	0.43737	0.20432	0.00663	0.00861	0.01039	0.00431	0.00475
21	0.01341	0.03259	0.67201	0.01957	0.02902	0.01541	0.08537	0.02087	0.01405	0.02087	0.01195	0.01425	0.00849	0.00619	0.00639	0.00210	0.00985	0.00513	0.00283	0.00965
22	0.01599	0.01706	0.04745	0.13785	0.12205	0.06003	0.26183	0.05035	0.09340	0.02116	0.01379	0.01737	0.01075	0.00700	0.00866	0.00221	0.09388	0.00658	0.00371	0.00887
23	0.01642	0.45373	0.12794	0.01709	0.02356	0.02187	0.21629	0.02027	0.01408	0.01784	0.01073	0.01311	0.00889	0.00569	0.00553	0.00174	0.00859	0.00494	0.00296	0.00874
24	0.00986	0.00649	0.00868	0.00968	0.01069	0.00607	0.00707	0.01160	0.01402	0.06113	0.09805	0.51915	0.06099	0.01871	0.00834	0.00263	0.00423	0.13038	0.00633	0.00590
25	0.01092	0.07518	0.01574	0.01287	0.03376	0.01054	0.09813	0.01332	0.01428	0.01851	0.07801	0.18377	0.23348	0.01430	0.00891	0.00238	0.07017	0.09399	0.00517	0.00657
26	0.06363	0.01278	0.01314	0.05625	0.01647	0.09658	0.00962	0.03980	0.17948	0.11944	0.11168	0.16246	0.02716	0.01151	0.00702	0.00223	0.00584	0.05074	0.00605	0.00812
27	0.00892	0.00611	0.00737	0.00802	0.00818	0.00595	0.00488	0.00940	0.01085	0.01447	0.02728	0.34669	0.03219	0.45376	0.02294	0.00482	0.00530	0.01342	0.00488	0.00456
28	0.01373	0.01315	0.02266	0.50672	0.25149	0.01502	0.04755	0.01802	0.01382	0.01842	0.01198	0.01718	0.00933	0.00632	0.00661	0.00212	0.00858	0.00594	0.00304	0.00832
29	0.01453	0.01458	0.06244	0.10574	0.08568	0.01400	0.19916	0.11179	0.01725	0.02355	0.12392	0.05994	0.05214	0.00926	0.00807	0.00222	0.04629	0.03652	0.00462	0.00828
30	0.01484	0.02276	0.25589	0.02551	0.06402	0.01618	0.46016	0.02097	0.01500	0.02103	0.01281	0.01648	0.00949	0.00578	0.00724	0.00217	0.01052	0.00677	0.00315	0.00922
31	0.00842	0.00666	0.00765	0.00793	0.00971	0.00588	0.00603	0.01044	0.01535	0.01943	0.17727	0.15621	0.43348	0.01680	0.00802	0.00235	0.00368	0.09268	0.00631	0.00571
32	0.01546	0.10979	0.54841	0.01693	0.02533	0.03411	0.02064	0.02166	0.01442	0.09146	0.01361	0.03588	0.01016	0.00680	0.00613	0.00201	0.00891	0.00528	0.00343	0.00956
33	0.01848	0.01622	0.01407	0.01272	0.01561	0.21867	0.00965	0.11659	0.07028	0.10762	0.11619	0.20638	0.02654	0.01159	0.00702	0.00211	0.00681	0.00962	0.00584	0.00801
34	0.01824	0.01265	0.01429	0.01266	0.01635	0.01373	0.01005	0.07085	0.42700	0.16078	0.02843	0.06207	0.04492	0.01030	0.00700	0.00227	0.00536	0.06636	0.00687	0.00985
35	0.01430	0.18297	0.53188	0.01801	0.02664	0.01760	0.08042	0.02064	0.01393	0.01978	0.01140	0.01355	0.00850	0.00607	0.00597	0.00196	0.00930	0.00484	0.00283	0.00940
36	0.01571	0.01499	0.02539	0.17791	0.53186	0.01573	0.04224	0.03913	0.01498	0.02100	0.01228	0.01652	0.01006	0.00620	0.00698	0.00204	0.02807	0.00593	0.00328	0.00970
37	0.01432	0.01460	0.01955	0.01644	0.01776	0.08161	0.09315	0.01607	0.01185	0.01629	0.01540	0.02083	0.07187	0.04730	0.04828	0.03890	0.43877	0.00679	0.00334	0.00690
38	0.00928	0.00706	0.00875	0.00947	0.01102	0.00670	0.00741	0.01217	0.04600	0.01956	0.12260	0.23438	0.23609	0.01740	0.00829	0.00257	0.00437	0.22467	0.00625	0.00596
39	0.01482	0.01517	0.02491	0.04308	0.15855	0.05050	0.22865	0.01955	0.07460	0.01975	0.01648	0.12357	0.01537	0.00929	0.01008	0.00234	0.15268	0.00833	0.00391	0.00838
40	0.02177	0.01763	0.01928	0.01627	0.05179	0.11240	0.07141	0.31082	0.12150	0.09137	0.01763	0.01807	0.01291	0.00760	0.00644	0.00196	0.00741	0.00615	0.07765	0.00993

[dist]
# distance from previous block
# <min> <max>
0	2

[block]
# block no. 3 follows, 33 sequences, length 64
# corresponding to MSA columns:
# 715-778
name=unknown_D
#
# <colnr> <probs for GDERKNQSTAVLIFYWHMCP>
#	G	D	E	R	K	N	Q	S	T	A	V	L	I	F	Y	W	H	M	C	P
0	0.01981	0.07592	0.05417	0.01820	0.04097	0.20266	0.16741	0.08317	0.11816	0.08395	0.04274	0.01787	0.01352	0.00726	0.00689	0.00199	0.02544	0.00619	0.00460	0.00909
1	0.01333	0.01111	0.01286	0.00978	0.01481	0.00892	0.00769	0.01727	0.06524	0.02169	0.01529	0.07488	0.01358	0.00658	0.00528	0.00123	0.00472	0.00546	0.04669	0.64357
2	0.01617	0.01582	0.04856	0.05915	0.14834	0.04581	0.17914	0.15356	0.04383	0.02479	0.06499	0.04163	0.09604	0.00868	0.00713	0.00212	0.00777	0.02288	0.00472	0.00888
3	0.04990	0.01525	0.01504	0.01294	0.01658	0.13441	0.01018	0.07274	0.19155	0.23160	0.07024	0.06287	0.01964	0.01026	0.02594	0.00231	0.03572	0.00728	0.00625	0.00931
4	0.00832	0.00612	0.00738	0.00816	0.00896	0.00563	0.00546	0.00946	0.01289	0.01674	0.07335	0.42964	0.20142	0.15965	0.01293	0.00323	0.00415	0.01554	0.00577	0.00518
5	0.01848	0.01505	0.01676	0.01570	0.07007	0.01697	0.01155	0.17077	0.50624	0.04819	0.02347	0.02211	0.01747	0.00848	0.00666	0.00215	0.00583	0.00700	0.00646	0.01060
6	0.01621	0.01395	0.05517	0.01325	0.06934	0.01102	0.01029	0.09583	0.01608	0.07335	0.01322	0.01471	0.01034	0.00559	0.00539	0.00130	0.00568	0.00452	0.00439	0.56038
7	0.01617	0.15361	0.11722	0.02263	0.02930	0.01790	0.44948	0.02175	0.04215	0.04606	0.01338	0.01646	0.01014	0.00587	0.00688	0.00205	0.00979	0.00662	0.00348	0.00905
8	0.01612	0.31973	0.40922	0.01533	0.02312	0.01906	0.01816	0.02123	0.01406	0.07111	0.01182	0.01323	0.00897	0.00615	0.00549	0.00182	0.00838	0.00447	0.00319	0.00934
9	0.00810	0.00584	0.00770	0.00916	0.00967	0.00544	0.00623	0.00934	0.01280	0.01695	0.03756	0.70889	0.07299	0.02036	0.00840	0.00267	0.00388	0.04253	0.00611	0.00538
10	0.01824	0.01413	0.01827	0.02048	0.21325	0.01509	0.01295	0.09971	0.31954	0.10703	0.07288	0.02292	0.01915	0.00822	0.00671	0.00209	0.00604	0.00708	0.00594	0.01028
11	0.01056	0.00875	0.01290	0.19707	0.02072	0.00939	0.03551	0.01449	0.06725	0.01890	0.06852	0.28509	0.07411	0.01458	0.00784	0.00251	0.00577	0.13417	0.00531	0.00654
12	0.38514	0.01291	0.01280	0.01062	0.01495	0.01393	0.00869	0.12615	0.07298	0.20801	0.01657	0.01638	0.01169	0.00722	0.00534	0.00201	0.00543	0.00516	0.05506	0.00897
13	0.00931	0.00664	0.00874	0.00995	0.01084	0.00643	0.00758	0.01109	0.01333	0.01744	0.03503	0.33227	0.07583	0.13225	0.01244	0.00336	0.00510	0.29114	0.00577	0.00545
14	0.01554	0.01490	0.02503	0.36822	0.16000	0.03076	0.16411	0.10162	0.01625	0.02152	0.01263	0.01705	0.00961	0.00640	0.00681	0.00212	0.00898	0.00624	0.00352	0.00867
15	0.01411	0.01426	0.02627	0.37455	0.15875	0.01577	0.20776	0.01852	0.01391	0.01874	0.01204	0.01716	0.00939	0.00654	0.00800	0.00221	0.06429	0.00638	0.00309	0.00828
16	0.00811	0.00604	0.00758	0.00877	0.00963	0.00552	0.00611	0.00948	0.01329	0.01719	0.04308	0.56785	0.19722	0.01960	0.00830	0.00259	0.00383	0.05428	0.00611	0.00543
17	0.01510	0.01573	0.01833	0.01611	0.01682	0.12710	0.01312	0.01674	0.01146	0.01579	0.01038	0.01594	0.00992	0.01714	0.13983	0.00399	0.52064	0.00575	0.00307	0.00705
18	0.01450	0.10400	0.61453	0.01778	0.02678	0.01670	0.02220	0.07114	0.01510	0.02185	0.01185	0.01372	0.00856	0.00632	0.00608	0.00201	0.00929	0.00481	0.00306	0.00971
19	0.02143	0.01646	0.01706	0.01371	0.01820	0.04026	0.01111	0.47266	0.14848	0.03545	0.02166	0.02126	0.06555	0.00868	0.00655	0.00200	0.00648	0.00674	0.05603	0.01022
20	0.00914	0.00620	0.00731	0.00774	0.00785	0.00609	0.00459	0.00946	0.01043	0.01390	0.02512	0.24631	0.02946	0.55787	0.02643	0.00534	0.00566	0.01215	0.00459	0.00437
21	0.00895	0.00677	0.00829	0.00808	0.00983	0.00611	0.00617	0.01161	0.01728	0.02331	0.47497	0.05530	0.26036	0.01478	0.00787	0.00219	0.00339	0.06192	0.00682	0.00600
22	0.11527	0.01190	0.01450	0.01145	0.01601	0.01143	0.00938	0.12977	0.01978	0.45907	0.11087	0.02347	0.02029	0.00855	0.00647	0.00203	0.00548	0.00684	0.00734	0.01011
23	0.00825	0.00590	0.00784	0.00901	0.00960	0.00550	0.00613	0.00973	0.01365	0.01847	0.15575	0.64013	0.04677	0.01938	0.00829	0.00257	0.00370	0.01753	0.00631	0.00550
24	0.02954	0.01120	0.01528	0.01171	0.01681	0.00968	0.00968	0.03208	0.01884	0.73213	0.02597	0.02241	0.01630	0.00815	0.00662	0.00204	0.00560	0.00662	0.00815	0.01120
25	0.77356	0.01265	0.00997	0.00882	0.01295	0.01450	0.00726	0.02003	0.01161	0.06672	0.01006	0.01131	0.00761	0.00622	0.00421	0.00204	0.00512	0.00373	0.00429	0.00735
26	0.01327	0.01276	0.02148	0.55031	0.12562	0.01547	0.04790	0.01731	0.01314	0.01747	0.01151	0.01705	0.00902	0.00701	0.00833	0.00224	0.09346	0.00593	0.00298	0.00775
27	0.00962	0.00630	0.00834	0.00944	0.01016	0.00595	0.00660	0.01094	0.01291	0.05458	0.03393	0.56855	0.03937	0.09865	0.01104	0.00307	0.00445	0.09452	0.00599	0.00560
28	0.01525	0.01692	0.03415	0.02512	0.03010	0.01753	0.53050	0.01977	0.01417	0.01977	0.01214	0.01692	0.00965	0.00705	0.01124	0.00239	0.19838	0.00726	0.00322	0.00846
29	0.12897	0.06366	0.22964	0.01451	0.02048	0.01590	0.03912	0.15490	0.09961	0.09621	0.01583	0.01767	0.01192	0.05430	0.00773	0.00230	0.00735	0.00569	0.00478	0.00942
30	0.01097	0.00712	0.00918	0.00899	0.01062	0.00663	0.00661	0.01397	0.04362	0.08740	0.39688	0.26321	0.07911	0.01511	0.00781	0.00226	0.00364	0.01340	0.00691	0.00654
31	0.01440	0.01440	0.02016	0.01728	0.01728	0.02016	0.01440	0.01584	0.01008	0.01584	0.00864	0.01440	0.00864	0.01152	0.02160	0.00288	0.75659	0.00576	0.00288	0.00720
32	0.02229	0.01810	0.04741	0.01811	0.06249	0.11935	0.13600	0.15342	0.11805	0.20872	0.01838	0.01849	0.01301	0.00735	0.00671	0.00203	0.00801	0.00637	0.00564	0.01007
33	0.01578	0.01681	0.07838	0.07703	0.29600	0.01581	0.17962	0.05254	0.13199	0.02279	0.01577	0.04008	0.01268	0.00690	0.00689	0.00211	0.00822	0.00689	0.00402	0.00968
34	0.00909	0.00672	0.00848	0.00804	0.00969	0.00611	0.00603	0.01197	0.01809	0.02510	0.62474	0.05132	0.16228	0.01394	0.00777	0.00209	0.00314	0.01221	0.00708	0.00611
35	0.01548	0.08761	0.41040	0.02078	0.05351	0.01667	0.19377	0.06362	0.01552	0.04287	0.01267	0.01506	0.00925	0.00617	0.00651	0.00205	0.00951	0.00564	0.00333	0.00957
36	0.01821	0.04236	0.13831	0.01831	0.02398	0.08317	0.20915	0.07883	0.13778	0.10652	0.03311	0.03464	0.01453	0.00761	0.00688	0.00211	0.00843	0.02180	0.00484	0.00942
37	0.01488	0.01655	0.03397	0.02483	0.03019	0.01650	0.55422	0.01956	0.01467	0.02008	0.01591	0.02007	0.05414	0.00716	0.00990	0.00232	0.12537	0.00784	0.00343	0.00841
38	0.01574	0.01452	0.02467	0.03680	0.64614	0.01452	0.01856	0.01889	0.01426	0.02037	0.01228	0.01671	0.01054	0.00779	0.00869	0.09330	0.00758	0.00585	0.00321	0.00957
39	0.01355	0.03105	0.64534	0.01773	0.02663	0.01459	0.02232	0.02111	0.03625	0.04284	0.05691	0.01668	0.01228	0.00684	0.00637	0.00209	0.00905	0.00544	0.00334	0.00958
40	0.01610	0.01615	0.03274	0.05330	0.06098	0.01591	0.49947	0.02081	0.01527	0.07299	0.04417	0.01905	0.01253	0.00671	0.00893	0.00225	0.08255	0.00751	0.00379	0.00878
41	0.00995	0.00733	0.01030	0.01012	0.01106	0.00852	0.00766	0.01192	0.01062	0.01559	0.01786	0.02783	0.01721	0.15986	0.52925	0.00876	0.06060	0.00731	0.06256	0.00567
42	0.00856	0.00633	0.00876	0.01093	0.04771	0.00598	0.00703	0.00992	0.01283	0.01717	0.03496	0.69807	0.04157	0.01975	0.00833	0.00265	0.00412	0.04373	0.00596	0.00564
43	0.02317	0.02724	0.10731	0.01817	0.07301	0.45896	0.01434	0.07956	0.01879	0.10020	0.01277	0.01395	0.00971	0.00689	0.00615	0.00182	0.01023	0.00484	0.00410	0.00878
44	0.00821	0.00581	0.00758	0.00893	0.00926	0.00547	0.00585	0.00922	0.01224	0.01632	0.03440	0.67690	0.04116	0.11131	0.01145	0.00312	0.00413	0.01761	0.00585	0.00518
45	0.01243	0.01170	0.01975	0.75282	0.04534	0.01463	0.01828	0.01682	0.01316	0.01682	0.01170	0.01755	0.00878	0.00658	0.00658	0.00219	0.00878	0.00585	0.00293	0.00731
46	0.01445	0.01376	0.02340	0.37988	0.40248	0.01516	0.01929	0.01859	0.01412	0.01927	0.01206	0.01689	0.00964	0.00621	0.00655	0.00207	0.00828	0.00586	0.00310	0.00894
47	0.01060	0.00870	0.01351	0.09698	0.06071	0.00966	0.03957	0.01396	0.04265	0.01730	0.05629	0.10309	0.02058	0.05495	0.41277	0.00697	0.01264	0.00845	0.00405	0.00655
48	0.01061	0.00809	0.01120	0.12266	0.05975	0.00816	0.00880	0.01294	0.01422	0.04905	0.14276	0.14121	0.19609	0.09327	0.07124	0.00337	0.00613	0.02883	0.00529	0.00632
49	0.00865	0.00659	0.00955	0.01014	0.01100	0.00626	0.04505	0.01012	0.01265	0.01685	0.03438	0.59560	0.06816	0.06080	0.05192	0.00329	0.00519	0.03255	0.00569	0.00553
50	0.01519	0.01650	0.06684	0.29022	0.31232	0.07363	0.01859	0.01908	0.01407	0.01879	0.01155	0.01605	0.00937	0.00678	0.00799	0.00212	0.08342	0.00566	0.00308	0.00872
51	0.01730	0.68691	0.03392	0.01253	0.01789	0.02519	0.05003	0.01957	0.01331	0.01582	0.00936	0.01118	0.00855	0.00597	0.00542	0.00154	0.05039	0.00389	0.00285	0.00840
52	0.02011	0.07781	0.01742	0.01342	0.01737	0.19951	0.01065	0.19099	0.06478	0.08135	0.01741	0.10068	0.01512	0.01124	0.05195	0.00240	0.00816	0.00678	0.00510	0.08774
53	0.01649	0.01394	0.01484	0.01286	0.01690	0.01542	0.01008	0.09360	0.54303	0.02772	0.02578	0.02418	0.04833	0.00871	0.00653	0.00207	0.00528	0.00718	0.00635	0.10072
54	0.02147	0.24539	0.02278	0.01469	0.01889	0.45078	0.01189	0.02433	0.05694	0.01689	0.01092	0.01232	0.00921	0.00647	0.00542	0.00160	0.00969	0.00420	0.00344	0.05268
55	0.00955	0.00749	0.00894	0.00804	0.01046	0.00642	0.00611	0.01221	0.01681	0.02313	0.42246	0.04774	0.24590	0.01305	0.00732	0.00194	0.00345	0.01123	0.00640	0.13135
56	0.01130	0.00847	0.00854	0.00818	0.00868	0.04820	0.00497	0.05055	0.01131	0.01460	0.01987	0.03977	0.02234	0.68242	0.03042	0.00587	0.00674	0.00907	0.00411	0.00461
57	0.01776	0.23360	0.33721	0.01519	0.02241	0.01834	0.01693	0.10321	0.05667	0.09875	0.01393	0.01473	0.01024	0.00663	0.00579	0.00189	0.00799	0.00495	0.00404	0.00974
58	0.06767	0.11086	0.10650	0.03625	0.18587	0.11075	0.01416	0.05843	0.05427	0.02160	0.03687	0.06012	0.03573	0.00766	0.00605	0.00188	0.00743	0.00621	0.00400	0.06769
59	0.03408	0.01363	0.07528	0.01408	0.06034	0.03057	0.06746	0.13041	0.03096	0.02294	0.03265	0.08135	0.22893	0.05365	0.00860	0.00237	0.00620	0.04950	0.00515	0.05186
60	0.01982	0.12977	0.09572	0.03356	0.12889	0.08118	0.03491	0.13093	0.11476	0.12165	0.01620	0.01704	0.01212	0.00812	0.02496	0.00215	0.00787	0.00569	0.00483	0.00982
61	0.03814	0.05712	0.05682	0.07678	0.14428	0.12095	0.03377	0.08051	0.09101	0.07535	0.06102	0.03479	0.03940	0.00780	0.00637	0.00193	0.00739	0.00646	0.00468	0.05540
62	0.04866	0.07953	0.03102	0.01511	0.06716	0.18665	0.04729	0.04329	0.09536	0.06460	0.06115	0.02164	0.04631	0.06358	0.00812	0.00214	0.00744	0.00628	0.00457	0.10010
63	0.10423	0.06182	0.05194	0.05269	0.03763	0.09849	0.03835	0.13023	0.09993	0.10376	0.03819	0.03604	0.01485	0.00797	0.00620	0.00197	0.00705	0.03496	0.00512	0.06860

[dist]
# distance from previous block
# <min> <max>
2	37

[block]
# block no. 4 follows, 33 sequences, length 15
# corresponding to MSA columns:
# 819-833
name=unknown_E
#
# <colnr> <probs for GDERKNQSTAVLIFYWHMCP>
#	G	D	E	R	K	N	Q	S	T	A	V	L	I	F	Y	W	H	M	C	P
0	0.08903	0.09027	0.08739	0.07458	0.04604	0.08296	0.10331	0.09128	0.10656	0.02254	0.01808	0.02122	0.05894	0.07005	0.00850	0.00237	0.00775	0.00648	0.00428	0.00839
1	0.07788	0.01340	0.01453	0.01202	0.01605	0.06433	0.04212	0.08700	0.15702	0.10625	0.05682	0.02699	0.10016	0.04284	0.00760	0.00212	0.00590	0.02159	0.00562	0.13977
2	0.16605	0.01477	0.03041	0.01256	0.01671	0.07141	0.04932	0.19305	0.03452	0.07732	0.06069	0.09264	0.07175	0.00933	0.00633	0.00200	0.00627	0.00755	0.00545	0.07187
3	0.01731	0.01634	0.02077	0.18775	0.19842	0.12988	0.04473	0.06827	0.04032	0.06235	0.03875	0.05209	0.01362	0.00797	0.00793	0.00211	0.07206	0.00658	0.00408	0.00866
4	0.01262	0.01054	0.04283	0.01072	0.01370	0.00964	0.04142	0.06808	0.07288	0.07320	0.20657	0.06678	0.28248	0.01291	0.00814	0.00220	0.04090	0.01087	0.00618	0.00734
5	0.01644	0.01288	0.01661	0.06622	0.01952	0.03008	0.07460	0.09804	0.23726	0.09239	0.02292	0.11828	0.01968	0.01311	0.06564	0.00286	0.00725	0.03466	0.00569	0.04587
6	0.02105	0.01454	0.01588	0.01272	0.01714	0.04900	0.01027	0.29103	0.07852	0.15487	0.04574	0.01982	0.01522	0.01164	0.07453	0.00265	0.00733	0.00618	0.03999	0.11189
7	0.81514	0.01273	0.00968	0.00866	0.01273	0.01477	0.00713	0.01935	0.01120	0.02954	0.00917	0.01069	0.00713	0.00611	0.00407	0.00204	0.00509	0.00356	0.00407	0.00713
8	0.01365	0.01170	0.01365	0.00975	0.01560	0.00878	0.00780	0.01658	0.01365	0.02145	0.01170	0.01365	0.00975	0.00488	0.00488	0.00098	0.00488	0.00390	0.00390	0.80888
9	0.01836	0.01626	0.01595	0.01373	0.01785	0.08372	0.01077	0.14464	0.48083	0.02832	0.02222	0.02105	0.01671	0.00824	0.00646	0.00204	0.00614	0.00661	0.00615	0.07394
10	0.01345	0.01145	0.01329	0.01004	0.01526	0.00921	0.00791	0.01769	0.07864	0.02165	0.01506	0.07451	0.01340	0.00651	0.00533	0.00123	0.00482	0.00541	0.00434	0.67082
11	0.00957	0.00638	0.00718	0.00718	0.00718	0.00638	0.00399	0.00957	0.00957	0.01276	0.02074	0.04308	0.02393	0.76864	0.03351	0.00638	0.00638	0.00957	0.00399	0.00399
12	0.16582	0.01699	0.01629	0.01328	0.01771	0.07499	0.01075	0.39133	0.11220	0.03434	0.03409	0.01696	0.01296	0.00775	0.00603	0.00198	0.00665	0.00572	0.04444	0.00971
13	0.07877	0.01567	0.04171	0.06477	0.01883	0.10003	0.01075	0.16042	0.05792	0.05268	0.03655	0.01931	0.04554	0.01119	0.07303	0.00255	0.00776	0.00579	0.00478	0.19195
14	0.11363	0.01101	0.01087	0.00999	0.01262	0.05802	0.00763	0.13284	0.01770	0.04311	0.14653	0.19214	0.19224	0.01329	0.00709	0.00219	0.00492	0.01111	0.00600	0.00707

[dist]
# distance from previous block
# <min> <max>
1	95

# created by:
# /home/cegg/simao/soft/augustus-3.2.1/scripts/msa2prfl.pl ./align_prep/EOG090W0D5E.fa
