[name]
unknown

[dist]
# distance from previous block
# <min> <max>
14	84

[block]
# block no. 0 follows, 29 sequences, length 8
# corresponding to MSA columns:
# 116-123
name=unknown_A
#
# <colnr> <probs for GDERKNQSTAVLIFYWHMCP>
#	G	D	E	R	K	N	Q	S	T	A	V	L	I	F	Y	W	H	M	C	P
0	0.04810	0.14826	0.22014	0.02018	0.12029	0.03339	0.05795	0.03895	0.05126	0.07744	0.01711	0.01868	0.04255	0.00746	0.00686	0.00207	0.02461	0.00602	0.00421	0.05448
1	0.03456	0.01075	0.01420	0.06367	0.12250	0.01093	0.01063	0.05386	0.07599	0.02241	0.06026	0.20594	0.10815	0.09128	0.01082	0.00289	0.00591	0.04107	0.00561	0.04857
2	0.01630	0.15416	0.16198	0.01898	0.09727	0.06071	0.07681	0.07288	0.03604	0.02225	0.02202	0.10234	0.08093	0.01130	0.03310	0.00251	0.00863	0.00823	0.00439	0.00916
3	0.06772	0.04851	0.01744	0.05103	0.01924	0.10695	0.03216	0.15573	0.04367	0.02643	0.01796	0.04256	0.01588	0.05005	0.00879	0.00232	0.03311	0.06165	0.08052	0.11827
4	0.01033	0.00771	0.01055	0.01300	0.08656	0.00757	0.00764	0.01154	0.01267	0.01715	0.02949	0.38465	0.03421	0.27237	0.05766	0.00466	0.00639	0.01461	0.00532	0.00592
5	0.07096	0.05291	0.04236	0.05287	0.02229	0.09487	0.03646	0.30900	0.09204	0.09539	0.01768	0.01817	0.01285	0.00809	0.00672	0.00212	0.00796	0.00621	0.04044	0.01061
6	0.01350	0.00786	0.01060	0.00981	0.01089	0.00765	0.00682	0.05510	0.01156	0.01582	0.01329	0.02199	0.01292	0.06260	0.02443	0.60789	0.00623	0.00622	0.00355	0.09128
7	0.00888	0.00643	0.00839	0.00958	0.01033	0.00594	0.00654	0.01048	0.01482	0.01986	0.14435	0.59110	0.09533	0.02081	0.00894	0.00276	0.00398	0.01874	0.00680	0.00594

[dist]
# distance from previous block
# <min> <max>
0	2

[block]
# block no. 1 follows, 29 sequences, length 11
# corresponding to MSA columns:
# 126-136
name=unknown_B
#
# <colnr> <probs for GDERKNQSTAVLIFYWHMCP>
#	G	D	E	R	K	N	Q	S	T	A	V	L	I	F	Y	W	H	M	C	P
0	0.01203	0.00942	0.01149	0.01064	0.01259	0.03815	0.02773	0.01430	0.01589	0.06000	0.19928	0.09605	0.21171	0.08134	0.12281	0.00418	0.04788	0.01177	0.00600	0.00673
1	0.02365	0.01147	0.01466	0.01217	0.01624	0.01081	0.00966	0.09647	0.05878	0.38891	0.13146	0.14063	0.02944	0.01182	0.00765	0.00232	0.00551	0.01005	0.00805	0.01026
2	0.13759	0.12540	0.01700	0.01056	0.01607	0.01305	0.00875	0.01826	0.01421	0.02317	0.01399	0.07361	0.01288	0.00700	0.00534	0.00146	0.00557	0.00541	0.00427	0.48641
3	0.06986	0.01018	0.01177	0.01205	0.06895	0.01044	0.00840	0.02352	0.12156	0.13614	0.02321	0.02445	0.01742	0.00832	0.00581	0.00194	0.00468	0.00673	0.42587	0.00869
4	0.13342	0.00802	0.00810	0.00793	0.00899	0.00818	0.00501	0.01199	0.01153	0.01747	0.02806	0.04447	0.12626	0.52204	0.02702	0.00548	0.00618	0.01005	0.00468	0.00510
5	0.07866	0.01142	0.01311	0.01029	0.01517	0.00935	0.00795	0.01723	0.01437	0.05142	0.01768	0.12809	0.01704	0.04959	0.00759	0.00180	0.00524	0.00710	0.00480	0.53210
6	0.01324	0.00775	0.00992	0.00968	0.01171	0.00693	0.00713	0.01543	0.01710	0.14672	0.22477	0.30585	0.16217	0.01698	0.00843	0.00250	0.00418	0.01493	0.00735	0.00723
7	0.01952	0.09231	0.13066	0.09449	0.12558	0.20120	0.01656	0.07934	0.01796	0.02234	0.01248	0.01505	0.00995	0.00675	0.00635	0.00188	0.00942	0.00516	0.00381	0.12919
8	0.39393	0.01558	0.01677	0.01686	0.12438	0.01695	0.01169	0.18537	0.01902	0.11646	0.01444	0.01542	0.01056	0.00731	0.00582	0.00217	0.00661	0.00528	0.00547	0.00989
9	0.01817	0.13448	0.22238	0.04447	0.06486	0.07834	0.01656	0.16705	0.01971	0.02556	0.02224	0.02323	0.11567	0.00882	0.00677	0.00210	0.00847	0.00684	0.00457	0.00973
10	0.01832	0.01791	0.02540	0.07568	0.23989	0.10192	0.13965	0.12136	0.01890	0.02462	0.01784	0.13099	0.01653	0.00928	0.00756	0.00228	0.00895	0.00869	0.00456	0.00964

[dist]
# distance from previous block
# <min> <max>
1	24

[block]
# block no. 2 follows, 29 sequences, length 49
# corresponding to MSA columns:
# 161-189,191-210
name=unknown_C
#
# <colnr> <probs for GDERKNQSTAVLIFYWHMCP>
#	G	D	E	R	K	N	Q	S	T	A	V	L	I	F	Y	W	H	M	C	P
0	0.01923	0.04491	0.09644	0.10124	0.04578	0.05524	0.14477	0.16980	0.19452	0.02839	0.01803	0.01956	0.01345	0.00779	0.00724	0.00226	0.00882	0.00691	0.00518	0.01044
1	0.09253	0.00792	0.00817	0.00790	0.01033	0.00725	0.00600	0.01221	0.01684	0.02306	0.23295	0.05843	0.46008	0.01590	0.00799	0.00234	0.00374	0.01328	0.00671	0.00638
2	0.00935	0.00829	0.01109	0.01012	0.01267	0.00724	0.07688	0.01149	0.01581	0.01942	0.05998	0.18786	0.50871	0.01755	0.00854	0.00249	0.00459	0.01529	0.00629	0.00635
3	0.01844	0.01739	0.02061	0.03967	0.02058	0.12305	0.07102	0.07985	0.04563	0.04758	0.01442	0.01841	0.01198	0.01229	0.05484	0.00302	0.29913	0.00643	0.08713	0.00852
4	0.01638	0.06933	0.50309	0.02294	0.12945	0.01778	0.02356	0.09204	0.01713	0.02472	0.01318	0.01545	0.00969	0.00686	0.00673	0.00218	0.00978	0.00547	0.00352	0.01073
5	0.01471	0.01521	0.08855	0.01158	0.01835	0.01024	0.01033	0.01842	0.01479	0.02313	0.01267	0.01479	0.01039	0.00543	0.00543	0.00118	0.00583	0.00433	0.00409	0.71055
6	0.04293	0.01942	0.14401	0.04974	0.11299	0.01658	0.08180	0.18701	0.01996	0.05135	0.03732	0.03699	0.04303	0.00857	0.00810	0.00223	0.05407	0.00711	0.03421	0.04259
7	0.01565	0.11312	0.09438	0.01735	0.05531	0.03477	0.08250	0.04554	0.03701	0.04386	0.08667	0.12387	0.05312	0.01138	0.01050	0.00242	0.15009	0.00910	0.00476	0.00859
8	0.01036	0.00690	0.00777	0.00777	0.00777	0.00690	0.00431	0.01036	0.01036	0.01381	0.02244	0.04660	0.02589	0.74975	0.03624	0.00690	0.00690	0.01036	0.00431	0.00431
9	0.09366	0.00828	0.01134	0.01122	0.01283	0.00965	0.00878	0.01358	0.01152	0.01816	0.01811	0.02624	0.01674	0.04846	0.64574	0.01047	0.01764	0.00723	0.00388	0.00650
10	0.04252	0.10690	0.11360	0.03394	0.05499	0.22372	0.04872	0.12980	0.05063	0.02420	0.01968	0.02083	0.08362	0.00841	0.00671	0.00206	0.00930	0.00644	0.00454	0.00937
11	0.01547	0.01417	0.04715	0.01314	0.01687	0.01471	0.01061	0.03045	0.48776	0.02738	0.06115	0.07831	0.09647	0.01138	0.00742	0.00240	0.00536	0.00959	0.04030	0.00994
12	0.00930	0.00696	0.00887	0.00977	0.01096	0.00619	0.00671	0.01079	0.01396	0.01879	0.03907	0.61380	0.09565	0.02017	0.00863	0.00266	0.00421	0.01813	0.00636	0.08904
13	0.01197	0.00781	0.01039	0.01103	0.04016	0.00721	0.00764	0.01427	0.01664	0.09470	0.23816	0.30190	0.13707	0.01893	0.04549	0.00297	0.00499	0.01471	0.00694	0.00702
14	0.01918	0.04836	0.27723	0.05185	0.10816	0.07531	0.14790	0.04581	0.01724	0.11848	0.01520	0.01736	0.01096	0.00695	0.00710	0.00220	0.00992	0.00624	0.00419	0.01037
15	0.13151	0.01545	0.02297	0.25892	0.30411	0.04605	0.04434	0.02034	0.01491	0.02222	0.01298	0.01830	0.01071	0.03927	0.00799	0.00242	0.00862	0.00616	0.00358	0.00916
16	0.01355	0.00762	0.00801	0.00761	0.00947	0.00747	0.00557	0.04650	0.01550	0.05348	0.03014	0.03527	0.11861	0.12661	0.01060	0.00264	0.00425	0.00845	0.48199	0.00667
17	0.04301	0.01618	0.05085	0.09296	0.25689	0.01563	0.06308	0.11190	0.03667	0.17447	0.01785	0.01965	0.01300	0.00743	0.00700	0.00217	0.00787	0.00662	0.04601	0.01076
18	0.04851	0.05336	0.02026	0.03564	0.04647	0.24494	0.04728	0.12012	0.09452	0.08722	0.07709	0.02163	0.03565	0.00875	0.00734	0.00211	0.02747	0.00675	0.00542	0.00948
19	0.03172	0.01249	0.01676	0.01285	0.01836	0.01102	0.01061	0.06550	0.02100	0.67859	0.02757	0.02390	0.01736	0.00880	0.00716	0.00220	0.00614	0.00713	0.00873	0.01212
20	0.01770	0.01773	0.05624	0.12542	0.29346	0.04534	0.07035	0.09272	0.10078	0.02497	0.01822	0.02103	0.04503	0.00787	0.00774	0.00225	0.03144	0.00701	0.00443	0.01026
21	0.01586	0.01731	0.08302	0.38845	0.16009	0.05536	0.05070	0.04799	0.05139	0.02125	0.01407	0.01908	0.01098	0.02565	0.00783	0.00239	0.00937	0.00644	0.00367	0.00910
22	0.01345	0.01266	0.02136	0.73264	0.04904	0.01582	0.01978	0.01819	0.01424	0.01819	0.01266	0.01898	0.00949	0.00712	0.00712	0.00237	0.00949	0.00633	0.00316	0.00791
23	0.00859	0.00722	0.00746	0.00740	0.00973	0.00609	0.00555	0.01056	0.01665	0.02022	0.13866	0.06691	0.63530	0.01767	0.00841	0.00239	0.00358	0.01480	0.00674	0.00609
24	0.01746	0.01367	0.01524	0.01346	0.01701	0.01504	0.01072	0.18755	0.28887	0.03176	0.16590	0.03697	0.03126	0.03167	0.00856	0.00254	0.00586	0.08952	0.00717	0.00976
25	0.00894	0.00647	0.00826	0.00938	0.01007	0.00600	0.00631	0.01035	0.01428	0.01900	0.11086	0.54919	0.10823	0.08356	0.01129	0.00312	0.00424	0.01813	0.00654	0.00578
26	0.02891	0.01208	0.01601	0.01248	0.01753	0.01084	0.01023	0.07839	0.02129	0.57895	0.10999	0.02728	0.02332	0.00950	0.00731	0.00220	0.00585	0.00781	0.00857	0.01145
27	0.02707	0.01995	0.02137	0.01638	0.02208	0.02208	0.01353	0.68159	0.03348	0.04488	0.01710	0.01710	0.01211	0.00855	0.00712	0.00214	0.00784	0.00641	0.00712	0.01211
28	0.00868	0.00620	0.00826	0.00991	0.01033	0.00578	0.00661	0.00991	0.01363	0.01818	0.03925	0.74510	0.04710	0.02231	0.00909	0.00289	0.00413	0.02024	0.00661	0.00578
29	0.01017	0.00763	0.01144	0.01144	0.01272	0.00890	0.00890	0.01272	0.01144	0.01653	0.01907	0.02797	0.01780	0.05340	0.72153	0.01144	0.01907	0.00763	0.00381	0.00636
30	0.00863	0.00639	0.00807	0.00941	0.01020	0.00583	0.00639	0.00997	0.01412	0.01837	0.04536	0.61932	0.16893	0.02151	0.00896	0.00280	0.00403	0.01927	0.00661	0.00583
31	0.80005	0.01377	0.01047	0.00936	0.01377	0.01597	0.00771	0.02093	0.01212	0.03195	0.00991	0.01157	0.00771	0.00661	0.00441	0.00220	0.00551	0.00386	0.00441	0.00771
32	0.01847	0.01613	0.01586	0.01424	0.01820	0.07373	0.01105	0.03511	0.56244	0.05923	0.03033	0.02812	0.06549	0.00999	0.00725	0.00236	0.00611	0.00819	0.00698	0.01072
33	0.76420	0.01402	0.01191	0.01031	0.01484	0.01607	0.03846	0.02102	0.01233	0.03153	0.01012	0.01192	0.00785	0.00658	0.00459	0.00221	0.00581	0.00406	0.00437	0.00780
34	0.01950	0.11948	0.02887	0.02473	0.18285	0.07393	0.17344	0.12095	0.03626	0.04091	0.01524	0.04602	0.01263	0.00734	0.00695	0.00204	0.00890	0.00682	0.00442	0.06869
35	0.00946	0.00708	0.00994	0.01258	0.06262	0.00672	0.00795	0.01101	0.01394	0.01869	0.03724	0.66337	0.04416	0.02100	0.00897	0.00285	0.00455	0.04526	0.00638	0.00623
36	0.01428	0.03683	0.71286	0.02030	0.03082	0.01654	0.02631	0.02255	0.01503	0.02255	0.01278	0.01503	0.00902	0.00677	0.00677	0.00226	0.01052	0.00526	0.00301	0.01052
37	0.01962	0.01932	0.08467	0.02476	0.22564	0.07094	0.06276	0.11676	0.15136	0.07197	0.02162	0.02260	0.05894	0.00832	0.00722	0.00221	0.00812	0.00722	0.00527	0.01068
38	0.02044	0.12458	0.17654	0.04765	0.17507	0.15571	0.06028	0.04054	0.01734	0.09597	0.01404	0.01613	0.01070	0.00692	0.00663	0.00205	0.00964	0.00564	0.00403	0.01012
39	0.00895	0.00638	0.00824	0.00962	0.01010	0.00600	0.00641	0.01012	0.01342	0.01777	0.03856	0.61021	0.07304	0.11229	0.01245	0.00338	0.00452	0.03659	0.00632	0.00563
40	0.00978	0.00711	0.00921	0.00901	0.01054	0.00654	0.00663	0.01275	0.01898	0.02653	0.57065	0.15661	0.09719	0.01589	0.00850	0.00234	0.00349	0.01408	0.00759	0.00654
41	0.02031	0.15764	0.13388	0.02337	0.12765	0.15721	0.16221	0.03947	0.01735	0.07544	0.01366	0.01602	0.01055	0.00673	0.00674	0.00204	0.01005	0.00589	0.00390	0.00990
42	0.05275	0.01243	0.01460	0.01240	0.01640	0.01279	0.00983	0.05950	0.25264	0.24636	0.19584	0.03145	0.03080	0.01044	0.00739	0.00228	0.00530	0.00873	0.00777	0.01029
43	0.01019	0.00825	0.00923	0.00946	0.01149	0.00793	0.00700	0.01489	0.12238	0.02132	0.09752	0.24625	0.34603	0.01771	0.00847	0.00256	0.00417	0.04148	0.00679	0.00685
44	0.01569	0.05229	0.07755	0.25948	0.20510	0.05427	0.06059	0.01987	0.01502	0.02001	0.01446	0.04980	0.01268	0.00841	0.00876	0.00236	0.08003	0.03106	0.00356	0.00900
45	0.01961	0.07536	0.11217	0.02453	0.13878	0.05003	0.18376	0.14675	0.05017	0.04934	0.01480	0.01741	0.01133	0.00746	0.00845	0.00225	0.06639	0.00658	0.00444	0.01039
46	0.02460	0.02354	0.02011	0.13762	0.04437	0.33036	0.01436	0.13947	0.05139	0.12283	0.01565	0.01698	0.01156	0.00780	0.00682	0.00206	0.01001	0.00576	0.00507	0.00963
47	0.01024	0.04120	0.03957	0.01059	0.01245	0.00817	0.00844	0.01315	0.04059	0.02042	0.10688	0.37187	0.15045	0.01860	0.00867	0.00271	0.00483	0.11815	0.00644	0.00658
48	0.01649	0.05162	0.08795	0.04472	0.10445	0.04530	0.20068	0.09165	0.01795	0.02393	0.04234	0.06553	0.05506	0.00998	0.00851	0.00241	0.04083	0.07685	0.00463	0.00914

[dist]
# distance from previous block
# <min> <max>
1	5

[block]
# block no. 3 follows, 29 sequences, length 31
# corresponding to MSA columns:
# 216-246
name=unknown_D
#
# <colnr> <probs for GDERKNQSTAVLIFYWHMCP>
#	G	D	E	R	K	N	Q	S	T	A	V	L	I	F	Y	W	H	M	C	P
0	0.08608	0.04618	0.10455	0.02189	0.10759	0.26187	0.12360	0.08029	0.01864	0.02326	0.01568	0.01788	0.04640	0.00750	0.00680	0.00209	0.01022	0.00613	0.00406	0.00930
1	0.35829	0.01754	0.05167	0.01542	0.08358	0.07816	0.01161	0.13765	0.04252	0.03060	0.03287	0.03714	0.01273	0.00779	0.00583	0.00213	0.00694	0.00566	0.02745	0.03439
2	0.06974	0.10192	0.02486	0.04521	0.04380	0.27493	0.11429	0.10723	0.06335	0.04336	0.01383	0.01578	0.01083	0.00744	0.00718	0.00207	0.03468	0.00573	0.00440	0.00937
3	0.00892	0.00646	0.00830	0.00945	0.01017	0.00598	0.00640	0.01041	0.01451	0.01935	0.12473	0.56272	0.10492	0.05936	0.01038	0.00298	0.00414	0.01834	0.00664	0.00584
4	0.01736	0.03962	0.07389	0.17945	0.32118	0.06089	0.10948	0.04595	0.04144	0.02257	0.01379	0.01779	0.01091	0.00674	0.00713	0.00219	0.00942	0.00643	0.00369	0.01008
5	0.01049	0.00726	0.00935	0.00912	0.01077	0.00663	0.00672	0.01331	0.01864	0.05108	0.50223	0.17880	0.11666	0.01605	0.00848	0.00237	0.00362	0.01419	0.00755	0.00669
6	0.02151	0.12461	0.02304	0.06326	0.14779	0.32119	0.01461	0.04924	0.07966	0.02113	0.01400	0.01614	0.01139	0.00728	0.00633	0.00193	0.00969	0.00541	0.05255	0.00923
7	0.00937	0.00717	0.00850	0.00832	0.01013	0.00640	0.00613	0.01188	0.01788	0.02382	0.39578	0.10459	0.30327	0.04357	0.00948	0.00252	0.00363	0.01408	0.00717	0.00630
8	0.00868	0.00620	0.00826	0.00991	0.01033	0.00578	0.00661	0.00991	0.01363	0.01818	0.03925	0.74510	0.04710	0.02231	0.00909	0.00289	0.00413	0.02024	0.00661	0.00578
9	0.00878	0.00628	0.00819	0.00968	0.01013	0.00587	0.00642	0.00995	0.01350	0.01792	0.03926	0.67564	0.06812	0.07040	0.01087	0.00314	0.00430	0.01941	0.00646	0.00569
10	0.01904	0.75404	0.03731	0.01218	0.01828	0.02818	0.01218	0.02132	0.01447	0.01675	0.00990	0.01142	0.00914	0.00609	0.00457	0.00152	0.00761	0.00381	0.00305	0.00914
11	0.01272	0.00958	0.01169	0.01118	0.01238	0.04768	0.00828	0.01448	0.01216	0.05280	0.01954	0.03129	0.01904	0.23863	0.38463	0.00830	0.06173	0.00808	0.02952	0.00630
12	0.01638	0.01492	0.01704	0.01548	0.01890	0.08783	0.07655	0.02701	0.30722	0.02504	0.02792	0.04061	0.02492	0.01199	0.00790	0.00256	0.00714	0.20337	0.05816	0.00906
13	0.01345	0.01266	0.02136	0.73264	0.04904	0.01582	0.01978	0.01819	0.01424	0.01819	0.01266	0.01898	0.00949	0.00712	0.00712	0.00237	0.00949	0.00633	0.00316	0.00791
14	0.72564	0.01410	0.01135	0.00991	0.01444	0.01616	0.00817	0.06226	0.01373	0.05625	0.01099	0.01235	0.00833	0.00681	0.00467	0.00220	0.00567	0.00413	0.00473	0.00814
15	0.02264	0.01750	0.01873	0.01534	0.02015	0.01961	0.01233	0.40768	0.27711	0.03789	0.02266	0.05845	0.01750	0.00968	0.00727	0.00228	0.00683	0.00774	0.00714	0.01147
16	0.01345	0.01266	0.02136	0.73264	0.04904	0.01582	0.01978	0.01819	0.01424	0.01819	0.01266	0.01898	0.00949	0.00712	0.00712	0.00237	0.00949	0.00633	0.00316	0.00791
17	0.68113	0.01431	0.04728	0.00978	0.01408	0.01511	0.00836	0.01998	0.01210	0.02967	0.01129	0.01519	0.00956	0.07949	0.00765	0.00267	0.00591	0.00457	0.00432	0.00753
18	0.01790	0.03977	0.24088	0.02843	0.30190	0.01582	0.05556	0.02367	0.03599	0.10640	0.05257	0.01973	0.01458	0.00729	0.00707	0.00219	0.00863	0.00656	0.00433	0.01076
19	0.01413	0.01665	0.12667	0.03531	0.03975	0.07284	0.07663	0.04175	0.01725	0.03987	0.11847	0.10432	0.16618	0.01286	0.00843	0.00242	0.02816	0.06486	0.00544	0.00802
20	0.02663	0.03307	0.02025	0.01822	0.02202	0.67794	0.01374	0.06882	0.02100	0.01912	0.01138	0.01310	0.00935	0.00741	0.00646	0.00185	0.01253	0.00470	0.00388	0.00849
21	0.02707	0.01995	0.02137	0.01638	0.02208	0.02208	0.01353	0.68159	0.03348	0.04488	0.01710	0.01710	0.01211	0.00855	0.00712	0.00214	0.00784	0.00641	0.00712	0.01211
22	0.01458	0.01361	0.02331	0.42703	0.21784	0.01529	0.06239	0.01913	0.01529	0.02083	0.05072	0.02088	0.01362	0.00730	0.00714	0.00226	0.00873	0.00684	0.04440	0.00878
23	0.01783	0.01700	0.05932	0.02056	0.14306	0.01746	0.03562	0.07549	0.44729	0.02864	0.02429	0.04407	0.01887	0.00907	0.00726	0.00235	0.00673	0.00784	0.00619	0.01107
24	0.01124	0.00832	0.01091	0.01200	0.01363	0.00837	0.00981	0.01562	0.07941	0.02201	0.09671	0.21375	0.06447	0.01879	0.00926	0.00300	0.00558	0.38355	0.00675	0.00683
25	0.00883	0.00632	0.00840	0.00981	0.01036	0.00589	0.00662	0.01030	0.01435	0.01932	0.11219	0.66890	0.04931	0.02145	0.00901	0.00282	0.00405	0.01943	0.00675	0.00589
26	0.01436	0.01481	0.12452	0.06644	0.07748	0.01167	0.06539	0.05193	0.01628	0.06747	0.04528	0.20473	0.02730	0.05897	0.00993	0.00286	0.00734	0.11963	0.00538	0.00823
27	0.01472	0.01502	0.08306	0.01150	0.01824	0.01018	0.01019	0.01838	0.01479	0.02314	0.01267	0.01479	0.01040	0.00542	0.00542	0.00117	0.00579	0.00432	0.00410	0.71670
28	0.00868	0.00620	0.00826	0.00991	0.01033	0.00578	0.00661	0.00991	0.01363	0.01818	0.03925	0.74510	0.04710	0.02231	0.00909	0.00289	0.00413	0.02024	0.00661	0.00578
29	0.00895	0.00661	0.00837	0.00924	0.01028	0.00604	0.00643	0.01077	0.01556	0.02073	0.19631	0.47371	0.16120	0.01982	0.00882	0.00266	0.00387	0.01769	0.00689	0.00604
30	0.01788	0.05877	0.07495	0.15872	0.20028	0.09951	0.13552	0.06335	0.05237	0.02267	0.01484	0.04215	0.01215	0.00741	0.00716	0.00220	0.00956	0.00686	0.00395	0.00970

[dist]
# distance from previous block
# <min> <max>
1	3

[block]
# block no. 4 follows, 29 sequences, length 68
# corresponding to MSA columns:
# 250-317
name=unknown_E
#
# <colnr> <probs for GDERKNQSTAVLIFYWHMCP>
#	G	D	E	R	K	N	Q	S	T	A	V	L	I	F	Y	W	H	M	C	P
0	0.17777	0.06322	0.09122	0.01504	0.02106	0.03945	0.06549	0.18963	0.03804	0.11284	0.01546	0.01629	0.01126	0.00724	0.00624	0.00202	0.00753	0.00558	0.00536	0.10927
1	0.04386	0.19218	0.16575	0.04191	0.04573	0.11750	0.03312	0.10789	0.01726	0.02253	0.01241	0.01589	0.01037	0.04123	0.00969	0.00233	0.10180	0.00545	0.00380	0.00929
2	0.01957	0.01995	0.02343	0.01871	0.02292	0.20870	0.20525	0.11468	0.01908	0.02412	0.01660	0.05229	0.01404	0.03749	0.02824	0.00256	0.03205	0.00733	0.12439	0.00862
3	0.01305	0.00724	0.00778	0.00763	0.00930	0.00725	0.00573	0.03744	0.01585	0.02613	0.09999	0.03351	0.02529	0.06666	0.00809	0.00223	0.00391	0.04064	0.57564	0.00664
4	0.01735	0.01857	0.05210	0.18369	0.21990	0.06673	0.22435	0.04775	0.05573	0.02278	0.01440	0.01848	0.01115	0.00676	0.00745	0.00226	0.00997	0.00692	0.00381	0.00982
5	0.00956	0.00697	0.00887	0.00896	0.01031	0.00641	0.00643	0.01204	0.01757	0.02417	0.43136	0.23219	0.12609	0.05429	0.00999	0.00266	0.00376	0.01487	0.00722	0.00628
6	0.02332	0.01608	0.01761	0.01395	0.01822	0.01739	0.01100	0.46317	0.02670	0.09084	0.01931	0.02498	0.01597	0.19215	0.01434	0.00332	0.00746	0.00745	0.00656	0.01018
7	0.00874	0.00622	0.00824	0.00984	0.01023	0.00583	0.00653	0.00993	0.01351	0.01802	0.03863	0.71932	0.04631	0.04917	0.01009	0.00304	0.00423	0.01988	0.00653	0.00573
8	0.01018	0.00760	0.01129	0.01129	0.01250	0.00881	0.00870	0.01261	0.01140	0.01641	0.01922	0.02877	0.01815	0.08336	0.69206	0.01125	0.01855	0.00775	0.00384	0.00627
9	0.01573	0.01617	0.02584	0.05326	0.02378	0.02078	0.14881	0.01832	0.01224	0.01832	0.01051	0.01646	0.00965	0.01093	0.01963	0.00294	0.55859	0.00667	0.00322	0.00816
10	0.01896	0.01738	0.01671	0.01495	0.01900	0.09012	0.01161	0.05967	0.60009	0.02905	0.02671	0.02482	0.02011	0.00938	0.00716	0.00235	0.00645	0.00764	0.00687	0.01099
11	0.01459	0.01245	0.01457	0.01049	0.01664	0.00939	0.00837	0.01776	0.01497	0.02341	0.03892	0.01623	0.01271	0.00563	0.00539	0.00110	0.00520	0.00455	0.00436	0.76329
12	0.01821	0.08997	0.02164	0.15237	0.13415	0.14875	0.03877	0.04952	0.01798	0.06623	0.12214	0.04828	0.04417	0.00909	0.00708	0.00212	0.00825	0.00765	0.00481	0.00883
13	0.00960	0.00713	0.00907	0.01038	0.01117	0.00701	0.00709	0.01278	0.08336	0.01937	0.03819	0.67130	0.04449	0.02101	0.00890	0.00284	0.00429	0.01899	0.00668	0.00635
14	0.01472	0.01493	0.02544	0.55952	0.04545	0.04817	0.15170	0.01958	0.01502	0.01908	0.01293	0.01875	0.00974	0.00691	0.00734	0.00235	0.01015	0.00667	0.00327	0.00827
15	0.72061	0.01584	0.01146	0.01029	0.01462	0.08840	0.00833	0.02170	0.01295	0.03046	0.01003	0.01170	0.00786	0.00668	0.00461	0.00217	0.00626	0.00393	0.00433	0.00777
16	0.01145	0.00869	0.01045	0.01004	0.01215	0.00817	0.00740	0.04281	0.03937	0.02127	0.10791	0.20484	0.11562	0.14254	0.04515	0.00355	0.00575	0.07592	0.00592	0.12100
17	0.01238	0.00950	0.01191	0.03705	0.03724	0.00999	0.00908	0.04195	0.16817	0.02162	0.03278	0.37317	0.05703	0.01782	0.01031	0.07988	0.00526	0.05134	0.00621	0.00731
18	0.05234	0.01541	0.02468	0.06232	0.51083	0.01572	0.01895	0.05576	0.01678	0.02420	0.01704	0.05591	0.01572	0.00858	0.00731	0.00228	0.00795	0.07372	0.00419	0.01031
19	0.02071	0.04742	0.02169	0.16652	0.21635	0.01507	0.01565	0.09110	0.01816	0.20040	0.01862	0.02283	0.01433	0.03815	0.03892	0.00279	0.00828	0.02754	0.00530	0.01018
20	0.01079	0.00696	0.00868	0.00914	0.01053	0.00641	0.00652	0.01265	0.01539	0.06058	0.13720	0.37161	0.16014	0.01909	0.02754	0.02347	0.00440	0.01540	0.08714	0.00636
21	0.01384	0.00855	0.01033	0.01002	0.01244	0.00792	0.00752	0.01743	0.07735	0.14692	0.08540	0.27057	0.24929	0.01680	0.00834	0.00254	0.00449	0.03552	0.00714	0.00759
22	0.01477	0.01266	0.01477	0.01055	0.01687	0.00949	0.00844	0.01793	0.01477	0.02320	0.01266	0.01477	0.01055	0.00527	0.00527	0.00105	0.00527	0.00422	0.00422	0.79328
23	0.01975	0.15109	0.02551	0.01651	0.02217	0.08039	0.14049	0.05972	0.08665	0.09353	0.01574	0.01718	0.01214	0.00697	0.00692	0.00185	0.03118	0.00586	0.00474	0.20160
24	0.01388	0.01309	0.02213	0.66188	0.11645	0.01593	0.01999	0.01857	0.01444	0.01871	0.01273	0.01884	0.00968	0.00704	0.00711	0.00235	0.00939	0.00633	0.00320	0.00826
25	0.01118	0.00680	0.00945	0.00945	0.00981	0.00715	0.00641	0.01055	0.01019	0.01395	0.01714	0.03057	0.01777	0.24069	0.22471	0.34840	0.01000	0.00779	0.00365	0.00436
26	0.02559	0.03242	0.02242	0.01954	0.02357	0.64894	0.08213	0.02786	0.01983	0.01798	0.01136	0.01349	0.00934	0.00720	0.00662	0.00189	0.01276	0.00498	0.00366	0.00839
27	0.01428	0.03683	0.71286	0.02030	0.03082	0.01654	0.02631	0.02255	0.01503	0.02255	0.01278	0.01503	0.00902	0.00677	0.00677	0.00226	0.01052	0.00526	0.00301	0.01052
28	0.00885	0.00651	0.00830	0.00938	0.01027	0.00596	0.00645	0.01049	0.01499	0.01988	0.14306	0.54236	0.14632	0.02052	0.00889	0.00272	0.00394	0.01838	0.00679	0.00596
29	0.01147	0.00743	0.00924	0.00919	0.01101	0.00671	0.00670	0.01357	0.01657	0.09208	0.22013	0.25889	0.22534	0.04358	0.03210	0.00293	0.00455	0.01481	0.00699	0.00671
30	0.80005	0.01377	0.01047	0.00936	0.01377	0.01597	0.00771	0.02093	0.01212	0.03195	0.00991	0.01157	0.00771	0.00661	0.00441	0.00220	0.00551	0.00386	0.00441	0.00771
31	0.00866	0.00627	0.00818	0.00971	0.01027	0.00580	0.00652	0.00994	0.01383	0.01826	0.04176	0.69333	0.09724	0.02198	0.00904	0.00285	0.00409	0.01984	0.00661	0.00580
32	0.01681	0.01921	0.04202	0.03001	0.03721	0.01801	0.67947	0.02281	0.01681	0.02281	0.01441	0.01921	0.01080	0.00600	0.00840	0.00240	0.01200	0.00840	0.00360	0.00960
33	0.01558	0.01558	0.02181	0.01869	0.01869	0.02181	0.01558	0.01714	0.01091	0.01714	0.00935	0.01558	0.00935	0.01246	0.02337	0.00312	0.73672	0.00623	0.00312	0.00779
34	0.01116	0.00810	0.01104	0.01251	0.01423	0.00797	0.01085	0.01429	0.01638	0.02110	0.04124	0.07911	0.10892	0.01950	0.00969	0.00319	0.00625	0.59143	0.00656	0.00650
35	0.01762	0.01692	0.02890	0.04371	0.70533	0.01692	0.02185	0.02185	0.01621	0.02326	0.01339	0.01762	0.01128	0.00634	0.00705	0.00211	0.00846	0.00634	0.00352	0.01128
36	0.00878	0.00662	0.00812	0.00904	0.01017	0.00596	0.00629	0.01044	0.01517	0.01976	0.13055	0.47002	0.23297	0.02015	0.00881	0.00267	0.00389	0.01787	0.00676	0.00596
37	0.01017	0.00763	0.01144	0.01144	0.01272	0.00890	0.00890	0.01272	0.01144	0.01653	0.01907	0.02797	0.01780	0.05340	0.72153	0.01144	0.01907	0.00763	0.00381	0.00636
38	0.00900	0.00683	0.00839	0.00949	0.01075	0.00622	0.00693	0.01073	0.01491	0.01899	0.04994	0.42175	0.26385	0.02050	0.00898	0.00279	0.00432	0.11306	0.00660	0.00597
39	0.01137	0.00730	0.00848	0.00824	0.00918	0.00698	0.00535	0.01244	0.01338	0.05461	0.12865	0.04921	0.11462	0.46592	0.02534	0.00513	0.00579	0.02819	0.03439	0.00544
40	0.01904	0.75404	0.03731	0.01218	0.01828	0.02818	0.01218	0.02132	0.01447	0.01675	0.00990	0.01142	0.00914	0.00609	0.00457	0.00152	0.00761	0.00381	0.00305	0.00914
41	0.02023	0.64033	0.03461	0.01316	0.01887	0.13761	0.01243	0.02244	0.01537	0.01686	0.01007	0.01165	0.00914	0.00629	0.00486	0.00157	0.00844	0.00393	0.00314	0.00900
42	0.02330	0.08464	0.02004	0.01501	0.01987	0.09129	0.01218	0.22580	0.28309	0.11689	0.02179	0.02070	0.01595	0.00867	0.00687	0.00217	0.00726	0.00672	0.00666	0.01112
43	0.00950	0.00679	0.00871	0.00913	0.01010	0.00635	0.00632	0.01152	0.01613	0.02216	0.32694	0.32945	0.07408	0.11480	0.01235	0.00312	0.00414	0.01556	0.00684	0.00600
44	0.00859	0.00700	0.00760	0.00793	0.00984	0.00601	0.00576	0.01038	0.01594	0.01965	0.10879	0.21546	0.51483	0.01873	0.00856	0.00250	0.00370	0.01602	0.00670	0.00601
45	0.00844	0.00711	0.00732	0.00748	0.00969	0.00599	0.00553	0.01019	0.01598	0.01913	0.06892	0.13462	0.63842	0.01845	0.00848	0.00245	0.00366	0.01554	0.00661	0.00599
46	0.02611	0.01947	0.02083	0.01619	0.02172	0.02163	0.01330	0.61547	0.10116	0.04333	0.01832	0.01807	0.01310	0.00866	0.00714	0.00217	0.00761	0.00658	0.00714	0.01202
47	0.80005	0.01377	0.01047	0.00936	0.01377	0.01597	0.00771	0.02093	0.01212	0.03195	0.00991	0.01157	0.00771	0.00661	0.00441	0.00220	0.00551	0.00386	0.00441	0.00771
48	0.03195	0.01212	0.01652	0.01267	0.01818	0.01047	0.01047	0.03470	0.02038	0.71026	0.02809	0.02424	0.01763	0.00881	0.00716	0.00220	0.00606	0.00716	0.00881	0.01212
49	0.02660	0.03394	0.02018	0.01834	0.02201	0.72116	0.01376	0.02843	0.02018	0.01743	0.01101	0.01284	0.00917	0.00734	0.00642	0.00183	0.01284	0.00459	0.00367	0.00825
50	0.00912	0.00624	0.00810	0.00959	0.01013	0.00587	0.00645	0.01057	0.01376	0.01899	0.03768	0.67491	0.04428	0.02094	0.00869	0.00277	0.00405	0.01891	0.08307	0.00587
51	0.02707	0.01995	0.02137	0.01638	0.02208	0.02208	0.01353	0.68159	0.03348	0.04488	0.01710	0.01710	0.01211	0.00855	0.00712	0.00214	0.00784	0.00641	0.00712	0.01211
52	0.02497	0.03065	0.05052	0.01912	0.04550	0.54182	0.01469	0.09418	0.02048	0.02064	0.01166	0.01374	0.00955	0.00779	0.00782	0.00199	0.06710	0.00499	0.00395	0.00882
53	0.04863	0.72599	0.03630	0.01208	0.01811	0.02771	0.01201	0.02131	0.01438	0.01733	0.00990	0.01143	0.00908	0.00611	0.00456	0.00155	0.00754	0.00381	0.00310	0.00908
54	0.01017	0.00763	0.01144	0.01144	0.01272	0.00890	0.00890	0.01272	0.01144	0.01653	0.01907	0.02797	0.01780	0.05340	0.72153	0.01144	0.01907	0.00763	0.00381	0.00636
55	0.01036	0.00690	0.00777	0.00777	0.00777	0.00690	0.00431	0.01036	0.01036	0.01381	0.02244	0.04660	0.02589	0.74975	0.03624	0.00690	0.00690	0.01036	0.00431	0.00431
56	0.01789	0.01587	0.01921	0.01703	0.04318	0.01784	0.07696	0.05468	0.58479	0.02933	0.02669	0.02527	0.02004	0.00916	0.00735	0.00240	0.00642	0.00798	0.00676	0.01113
57	0.02607	0.03315	0.02135	0.01897	0.02283	0.68350	0.04942	0.02813	0.02000	0.01772	0.01119	0.01318	0.00926	0.00727	0.00653	0.00186	0.01280	0.00479	0.00367	0.00833
58	0.01345	0.01266	0.02136	0.73264	0.04904	0.01582	0.01978	0.01819	0.01424	0.01819	0.01266	0.01898	0.00949	0.00712	0.00712	0.00237	0.00949	0.00633	0.00316	0.00791
59	0.01681	0.01921	0.04202	0.03001	0.03721	0.01801	0.67947	0.02281	0.01681	0.02281	0.01441	0.01921	0.01080	0.00600	0.00840	0.00240	0.01200	0.00840	0.00360	0.00960
60	0.01904	0.75404	0.03731	0.01218	0.01828	0.02818	0.01218	0.02132	0.01447	0.01675	0.00990	0.01142	0.00914	0.00609	0.00457	0.00152	0.00761	0.00381	0.00305	0.00914
61	0.01345	0.01266	0.02136	0.73264	0.04904	0.01582	0.01978	0.01819	0.01424	0.01819	0.01266	0.01898	0.00949	0.00712	0.00712	0.00237	0.00949	0.00633	0.00316	0.00791
62	0.01017	0.00763	0.01144	0.01144	0.01272	0.00890	0.00890	0.01272	0.01144	0.01653	0.01907	0.02797	0.01780	0.05340	0.72153	0.01144	0.01907	0.00763	0.00381	0.00636
63	0.00978	0.00726	0.00838	0.00854	0.00990	0.00674	0.00613	0.01142	0.01485	0.01909	0.14444	0.06052	0.27944	0.26648	0.01808	0.00404	0.00513	0.10816	0.00601	0.00562
64	0.01044	0.01021	0.07847	0.01195	0.03591	0.00791	0.00947	0.01319	0.01568	0.02150	0.20738	0.28462	0.06436	0.09246	0.01149	0.00308	0.00530	0.10372	0.00623	0.00664
65	0.00842	0.00718	0.00725	0.00730	0.00964	0.00600	0.00545	0.01021	0.01614	0.01920	0.07105	0.09092	0.68075	0.01818	0.00844	0.00242	0.00362	0.01520	0.00661	0.00600
66	0.01566	0.03105	0.50599	0.02548	0.17003	0.01693	0.05983	0.05077	0.01617	0.02367	0.01318	0.01588	0.00971	0.00671	0.00693	0.00223	0.01006	0.00570	0.00332	0.01070
67	0.01921	0.59737	0.06431	0.01620	0.08964	0.07474	0.01389	0.02192	0.01507	0.01772	0.01046	0.01231	0.00936	0.00623	0.00505	0.00164	0.00819	0.00418	0.00314	0.00936

[dist]
# distance from previous block
# <min> <max>
0	1

[block]
# block no. 5 follows, 29 sequences, length 25
# corresponding to MSA columns:
# 319-343
name=unknown_F
#
# <colnr> <probs for GDERKNQSTAVLIFYWHMCP>
#	G	D	E	R	K	N	Q	S	T	A	V	L	I	F	Y	W	H	M	C	P
0	0.04085	0.01745	0.09800	0.07424	0.39700	0.01520	0.01862	0.04274	0.01694	0.08915	0.05937	0.01999	0.01504	0.00721	0.00693	0.00210	0.00788	0.00652	0.00441	0.06035
1	0.04283	0.21226	0.18202	0.08563	0.11949	0.05564	0.01718	0.02182	0.01512	0.05320	0.01242	0.01505	0.00994	0.00692	0.00712	0.00198	0.05478	0.00511	0.00357	0.07793
2	0.00866	0.00625	0.00821	0.00977	0.01029	0.00580	0.00655	0.00993	0.01377	0.01823	0.04096	0.70988	0.08121	0.02209	0.00905	0.00287	0.00410	0.01997	0.00661	0.00580
3	0.02506	0.01104	0.01364	0.01098	0.01519	0.01034	0.00890	0.09433	0.01985	0.40869	0.02531	0.02430	0.01728	0.00861	0.00641	0.00201	0.00530	0.00691	0.27561	0.01024
4	0.02053	0.61193	0.03393	0.01340	0.01901	0.16493	0.01249	0.02273	0.01560	0.01689	0.01012	0.01170	0.00914	0.00634	0.00493	0.00158	0.00865	0.00396	0.00317	0.00896
5	0.01036	0.00690	0.00777	0.00777	0.00777	0.00690	0.00431	0.01036	0.01036	0.01381	0.02244	0.04660	0.02589	0.74975	0.03624	0.00690	0.00690	0.01036	0.00431	0.00431
6	0.01004	0.00750	0.01089	0.01096	0.01217	0.00851	0.00836	0.01234	0.01169	0.01656	0.02260	0.06136	0.05139	0.09312	0.61620	0.01038	0.01698	0.00867	0.00409	0.00619
7	0.02125	0.16047	0.05253	0.05995	0.01957	0.08151	0.01203	0.06852	0.01715	0.19528	0.01741	0.01922	0.01316	0.01181	0.05232	0.05280	0.04763	0.00593	0.08233	0.00912
8	0.24392	0.08667	0.18995	0.01871	0.07864	0.13552	0.07358	0.05472	0.01615	0.02506	0.01181	0.01404	0.00917	0.00674	0.00603	0.00210	0.00905	0.00504	0.00382	0.00928
9	0.00898	0.00650	0.00799	0.00904	0.00968	0.00605	0.00594	0.01005	0.01336	0.01744	0.04096	0.49308	0.14642	0.17258	0.01462	0.00365	0.00462	0.01737	0.00613	0.00551
10	0.00921	0.00709	0.00842	0.00842	0.01019	0.00630	0.00619	0.01163	0.01761	0.02329	0.35172	0.16569	0.31434	0.01712	0.00851	0.00240	0.00358	0.01486	0.00717	0.00630
11	0.04190	0.17577	0.16820	0.02354	0.15726	0.04200	0.12436	0.12249	0.01843	0.04157	0.01344	0.01582	0.01041	0.00675	0.00661	0.00206	0.00917	0.00583	0.00404	0.01036
12	0.01569	0.01460	0.02126	0.28059	0.23607	0.05947	0.03387	0.02093	0.06245	0.02223	0.05995	0.02181	0.01565	0.00766	0.00693	0.00217	0.00808	0.00686	0.09474	0.00900
13	0.00990	0.00727	0.00926	0.00877	0.01053	0.00664	0.00657	0.01308	0.01972	0.02753	0.63233	0.05488	0.13707	0.01494	0.00840	0.00226	0.00339	0.01311	0.00770	0.00664
14	0.06830	0.01732	0.02644	0.05342	0.02674	0.01842	0.24129	0.22039	0.09357	0.05030	0.01732	0.02051	0.01317	0.00812	0.00841	0.00235	0.05343	0.02301	0.02736	0.01014
15	0.01864	0.06012	0.40431	0.04959	0.08770	0.06577	0.02129	0.10733	0.01821	0.08021	0.01437	0.01612	0.01034	0.00715	0.00677	0.00217	0.00963	0.00559	0.00410	0.01060
16	0.01051	0.00696	0.00806	0.00802	0.00832	0.00701	0.00483	0.01111	0.01134	0.01574	0.06537	0.04446	0.02747	0.60805	0.07968	0.00659	0.00729	0.01009	0.05434	0.00476
17	0.02707	0.01995	0.02137	0.01638	0.02208	0.02208	0.01353	0.68159	0.03348	0.04488	0.01710	0.01710	0.01211	0.00855	0.00712	0.00214	0.00784	0.00641	0.00712	0.01211
18	0.01105	0.00859	0.01192	0.01447	0.10330	0.00881	0.00875	0.01242	0.01288	0.01752	0.02816	0.32665	0.03242	0.26309	0.01887	0.00417	0.05230	0.05323	0.00520	0.00620
19	0.06767	0.01799	0.08612	0.07465	0.12306	0.08762	0.10023	0.02307	0.06508	0.10157	0.05027	0.06189	0.06003	0.00925	0.00794	0.00230	0.03904	0.00796	0.00493	0.00932
20	0.01027	0.05530	0.01061	0.00963	0.01099	0.00772	0.00709	0.01255	0.01618	0.02244	0.26934	0.37746	0.04947	0.01745	0.00830	0.00250	0.00413	0.04142	0.06070	0.00642
21	0.07306	0.12740	0.03892	0.03810	0.07881	0.16281	0.09236	0.02152	0.03520	0.03576	0.01704	0.11925	0.01596	0.00943	0.00769	0.00217	0.05310	0.00770	0.05524	0.00850
22	0.07246	0.06285	0.02071	0.11466	0.16629	0.01589	0.01379	0.14890	0.01843	0.05825	0.01465	0.01841	0.01188	0.05396	0.00820	0.00220	0.00731	0.00585	0.00465	0.18068
23	0.04321	0.30014	0.05454	0.01460	0.01943	0.21685	0.01273	0.10513	0.04000	0.02161	0.01395	0.05242	0.01240	0.01075	0.05133	0.00247	0.00964	0.00565	0.00414	0.00900
24	0.31096	0.17164	0.06306	0.01258	0.01759	0.12889	0.01117	0.04166	0.01606	0.09855	0.05737	0.01617	0.01337	0.00743	0.00554	0.00201	0.00741	0.00506	0.00469	0.00880

[dist]
# distance from previous block
# <min> <max>
0	11

[block]
# block no. 6 follows, 29 sequences, length 6
# corresponding to MSA columns:
# 355-360
name=unknown_G
#
# <colnr> <probs for GDERKNQSTAVLIFYWHMCP>
#	G	D	E	R	K	N	Q	S	T	A	V	L	I	F	Y	W	H	M	C	P
0	0.01473	0.01788	0.14417	0.01522	0.03665	0.08016	0.02860	0.07518	0.01717	0.02278	0.07791	0.09560	0.14237	0.01352	0.02599	0.00265	0.09624	0.05174	0.03332	0.00813
1	0.01581	0.06630	0.01664	0.01385	0.01553	0.15216	0.01077	0.01733	0.01439	0.04065	0.02483	0.17124	0.09834	0.08367	0.01484	0.00296	0.21888	0.01000	0.00463	0.00718
2	0.01527	0.10140	0.11470	0.01286	0.01914	0.01378	0.01202	0.01888	0.01440	0.02179	0.01204	0.01450	0.01006	0.00626	0.00712	0.00147	0.07586	0.00451	0.00381	0.52011
3	0.01543	0.01327	0.01341	0.01240	0.01468	0.10918	0.00940	0.12524	0.04109	0.02343	0.09895	0.10649	0.02535	0.08654	0.24030	0.00558	0.01093	0.00919	0.03157	0.00755
4	0.01610	0.02113	0.18788	0.07048	0.39000	0.01640	0.11314	0.02140	0.01580	0.02253	0.01456	0.05133	0.01227	0.00718	0.00727	0.00224	0.00928	0.00703	0.00354	0.01044
5	0.29877	0.05560	0.01445	0.01139	0.01509	0.01577	0.00910	0.16884	0.06378	0.02938	0.01611	0.02111	0.01381	0.11558	0.09199	0.00386	0.00784	0.00615	0.03302	0.00837

[dist]
# distance from previous block
# <min> <max>
0	8

[block]
# block no. 7 follows, 29 sequences, length 9
# corresponding to MSA columns:
# 369-377
name=unknown_H
#
# <colnr> <probs for GDERKNQSTAVLIFYWHMCP>
#	G	D	E	R	K	N	Q	S	T	A	V	L	I	F	Y	W	H	M	C	P
0	0.02549	0.01110	0.01472	0.01202	0.01631	0.01000	0.00961	0.06679	0.02015	0.48327	0.11459	0.13262	0.02789	0.01150	0.00760	0.00230	0.00554	0.00975	0.00827	0.01051
1	0.18830	0.01690	0.01907	0.21230	0.11002	0.10612	0.01456	0.09964	0.01793	0.12835	0.01477	0.01701	0.01081	0.00736	0.00645	0.00218	0.00824	0.00571	0.00484	0.00944
2	0.06534	0.12191	0.14448	0.02510	0.21937	0.04377	0.08326	0.05629	0.04039	0.07269	0.01418	0.01661	0.01102	0.00714	0.00752	0.00215	0.04846	0.00592	0.00410	0.01028
3	0.01732	0.01659	0.02045	0.23887	0.16637	0.10594	0.01597	0.10703	0.05071	0.02325	0.02120	0.05452	0.08477	0.00930	0.00786	0.00228	0.03628	0.00771	0.00453	0.00905
4	0.00882	0.00715	0.00782	0.00782	0.00991	0.00616	0.00580	0.01093	0.01693	0.02129	0.21367	0.11733	0.50636	0.01757	0.00846	0.00240	0.00359	0.01494	0.00689	0.00616
5	0.01480	0.04771	0.05575	0.11844	0.10531	0.01474	0.12784	0.04882	0.06066	0.02192	0.05952	0.12848	0.02086	0.01166	0.01015	0.06099	0.05112	0.02825	0.00459	0.00841
6	0.08022	0.17861	0.02641	0.01886	0.08157	0.08760	0.09680	0.19369	0.08033	0.06658	0.01543	0.01660	0.01178	0.00736	0.00647	0.00204	0.00838	0.00591	0.00506	0.01031
7	0.01071	0.00744	0.00947	0.00974	0.01063	0.00772	0.00677	0.04085	0.01337	0.01869	0.05289	0.25682	0.03085	0.22932	0.20252	0.00609	0.00888	0.01239	0.05894	0.00590
8	0.01062	0.00767	0.00960	0.00965	0.01079	0.00777	0.00691	0.03790	0.01425	0.01920	0.11855	0.13029	0.10346	0.25803	0.16688	0.00583	0.00833	0.06292	0.00547	0.00589

[dist]
# distance from previous block
# <min> <max>
0	1

[block]
# block no. 8 follows, 29 sequences, length 8
# corresponding to MSA columns:
# 379-386
name=unknown_I
#
# <colnr> <probs for GDERKNQSTAVLIFYWHMCP>
#	G	D	E	R	K	N	Q	S	T	A	V	L	I	F	Y	W	H	M	C	P
0	0.01736	0.02053	0.10716	0.06114	0.10641	0.10273	0.24164	0.07002	0.03697	0.02292	0.01704	0.06918	0.01498	0.04744	0.00918	0.00256	0.00994	0.02935	0.00421	0.00925
1	0.06720	0.10878	0.13450	0.04905	0.13482	0.12700	0.01634	0.15992	0.01951	0.04605	0.01386	0.01620	0.01084	0.01021	0.05343	0.00266	0.00973	0.00557	0.00437	0.00997
2	0.01743	0.01748	0.15927	0.01659	0.06465	0.01375	0.03735	0.08216	0.14101	0.10755	0.08975	0.02542	0.02044	0.04202	0.06249	0.07203	0.00814	0.00752	0.00552	0.00943
3	0.01093	0.00888	0.01239	0.01532	0.12214	0.00867	0.00995	0.01338	0.01487	0.01947	0.04038	0.14511	0.22531	0.06042	0.12074	0.00424	0.00764	0.14770	0.00555	0.00690
4	0.05183	0.14995	0.10093	0.04155	0.14155	0.08508	0.06411	0.05698	0.06602	0.02256	0.01756	0.04727	0.03660	0.00875	0.00766	0.00220	0.04776	0.03801	0.00423	0.00941
5	0.01659	0.02387	0.23612	0.17814	0.22040	0.08804	0.05315	0.02286	0.05235	0.02171	0.01370	0.01719	0.01053	0.00690	0.00699	0.00221	0.00977	0.00602	0.00351	0.00994
6	0.01646	0.06555	0.02908	0.13612	0.03072	0.06758	0.29356	0.02226	0.07732	0.02112	0.01516	0.01998	0.01224	0.04116	0.03764	0.00278	0.03390	0.00714	0.00390	0.06633
7	0.07049	0.05571	0.01952	0.07474	0.02182	0.12246	0.07576	0.10908	0.07719	0.07295	0.04603	0.04608	0.05443	0.03575	0.00816	0.00238	0.00795	0.05499	0.00540	0.03911

[dist]
# distance from previous block
# <min> <max>
4	10

[block]
# block no. 9 follows, 29 sequences, length 95
# corresponding to MSA columns:
# 399-493
name=unknown_J
#
# <colnr> <probs for GDERKNQSTAVLIFYWHMCP>
#	G	D	E	R	K	N	Q	S	T	A	V	L	I	F	Y	W	H	M	C	P
0	0.06690	0.01336	0.03907	0.01262	0.01705	0.01269	0.01043	0.12690	0.08320	0.31109	0.04986	0.02744	0.04988	0.06996	0.07380	0.00342	0.00744	0.00773	0.00703	0.01015
1	0.01941	0.71901	0.03648	0.01248	0.01846	0.06189	0.01226	0.02167	0.01475	0.01679	0.00995	0.01149	0.00914	0.00615	0.00466	0.00154	0.00787	0.00385	0.00308	0.00910
2	0.01795	0.01542	0.01624	0.01454	0.01861	0.01782	0.01133	0.05448	0.67544	0.03018	0.02867	0.02632	0.02149	0.00963	0.00724	0.00241	0.00569	0.00801	0.00724	0.01129
3	0.01224	0.00625	0.00929	0.00926	0.00935	0.00621	0.00621	0.00951	0.00989	0.01328	0.05106	0.02342	0.01545	0.02417	0.02674	0.74845	0.00603	0.00656	0.00336	0.00330
4	0.00894	0.00712	0.00802	0.00803	0.01000	0.00620	0.00593	0.01115	0.01713	0.02193	0.25801	0.13637	0.44112	0.01745	0.00848	0.00241	0.00359	0.01494	0.00698	0.00620
5	0.01027	0.00697	0.00828	0.00834	0.00853	0.00713	0.00502	0.01065	0.01062	0.01434	0.02262	0.07051	0.02561	0.62903	0.12696	0.00736	0.00843	0.01036	0.00433	0.00464
6	0.01477	0.01266	0.01477	0.01055	0.01687	0.00949	0.00844	0.01793	0.01477	0.02320	0.01266	0.01477	0.01055	0.00527	0.00527	0.00105	0.00527	0.00422	0.00422	0.79328
7	0.01005	0.00733	0.00929	0.01043	0.01127	0.00721	0.00720	0.03584	0.05396	0.01972	0.03698	0.61789	0.04310	0.05636	0.01026	0.00305	0.00458	0.04264	0.00655	0.00629
8	0.00908	0.00703	0.00828	0.00842	0.01014	0.00623	0.00614	0.01134	0.01714	0.02246	0.29778	0.20250	0.33260	0.01763	0.00855	0.00244	0.00362	0.01531	0.00706	0.00623
9	0.01554	0.02804	0.37814	0.02514	0.03401	0.01727	0.35221	0.02268	0.01592	0.02268	0.01359	0.01712	0.00991	0.00638	0.00758	0.00233	0.01126	0.00683	0.00330	0.01006
10	0.01226	0.00827	0.01154	0.01293	0.01469	0.00818	0.01118	0.01542	0.01643	0.05247	0.03734	0.11134	0.04023	0.01931	0.00968	0.00321	0.00641	0.59567	0.00666	0.00677
11	0.73203	0.01365	0.01091	0.00955	0.01409	0.01544	0.00785	0.02129	0.01256	0.05656	0.01072	0.01220	0.00822	0.00662	0.00455	0.00215	0.00552	0.00400	0.00456	0.04754
12	0.01646	0.01955	0.08405	0.02659	0.03379	0.01699	0.53399	0.02292	0.04586	0.02314	0.01474	0.01877	0.01113	0.00614	0.00791	0.00225	0.01091	0.00773	0.00378	0.09330
13	0.00891	0.00651	0.00797	0.00903	0.00976	0.00602	0.00599	0.01005	0.01359	0.01765	0.04283	0.49564	0.17129	0.14391	0.01353	0.00347	0.00450	0.01756	0.00622	0.00558
14	0.38652	0.06612	0.05339	0.01483	0.04365	0.28814	0.01180	0.02396	0.01566	0.02466	0.01061	0.01246	0.00856	0.00686	0.00541	0.00202	0.00883	0.00430	0.00394	0.00828
