[name]
unknown

[dist]
# distance from previous block
# <min> <max>
16	475

[block]
# block no. 0 follows, 33 sequences, length 16
# corresponding to MSA columns:
# 499-514
name=unknown_A
#
# <colnr> <probs for GDERKNQSTAVLIFYWHMCP>
#	G	D	E	R	K	N	Q	S	T	A	V	L	I	F	Y	W	H	M	C	P
0	0.04607	0.03801	0.05893	0.01618	0.11046	0.06109	0.06566	0.01906	0.06634	0.04118	0.13746	0.05394	0.04143	0.00819	0.00632	0.00179	0.00624	0.00713	0.00469	0.20985
1	0.01738	0.01534	0.02391	0.10747	0.45312	0.03913	0.04785	0.08585	0.01673	0.06654	0.03158	0.03864	0.01281	0.00690	0.00666	0.00201	0.00778	0.00646	0.00403	0.00982
2	0.15665	0.01607	0.01644	0.03488	0.03885	0.06551	0.01110	0.27911	0.14466	0.10509	0.01706	0.01723	0.01246	0.00880	0.02801	0.00226	0.00698	0.00574	0.00578	0.02733
3	0.01760	0.20371	0.10662	0.07066	0.09206	0.08931	0.20622	0.09840	0.01667	0.02128	0.01192	0.01465	0.00939	0.00613	0.00623	0.00190	0.00914	0.00556	0.00349	0.00905
4	0.01612	0.01523	0.02552	0.13416	0.60955	0.01569	0.01965	0.04622	0.01536	0.02166	0.01242	0.01644	0.01024	0.00604	0.00653	0.00199	0.00793	0.00587	0.00334	0.01004
5	0.01825	0.01132	0.01291	0.04461	0.01576	0.04057	0.00881	0.07290	0.09075	0.24826	0.06992	0.05456	0.21284	0.01084	0.00691	0.00205	0.00525	0.00896	0.00652	0.05802
6	0.00919	0.00668	0.00865	0.00825	0.00978	0.00614	0.00615	0.01214	0.01819	0.02557	0.66267	0.08220	0.09182	0.01393	0.00779	0.00210	0.00315	0.01231	0.00714	0.00614
7	0.81514	0.01273	0.00968	0.00866	0.01273	0.01477	0.00713	0.01935	0.01120	0.02954	0.00917	0.01069	0.00713	0.00611	0.00407	0.00204	0.00509	0.00356	0.00407	0.00713
8	0.01284	0.01044	0.01484	0.07788	0.13479	0.01149	0.01127	0.07888	0.07933	0.02000	0.02028	0.04892	0.05900	0.02669	0.31696	0.04606	0.01121	0.00743	0.00422	0.00748
9	0.01144	0.00572	0.00858	0.00858	0.00858	0.00572	0.00572	0.00858	0.00858	0.01144	0.01144	0.02001	0.01144	0.02287	0.02573	0.80846	0.00572	0.00572	0.00286	0.00286
10	0.00841	0.00594	0.00774	0.00904	0.00943	0.00564	0.00605	0.00949	0.01229	0.01635	0.03381	0.61300	0.04020	0.13538	0.01230	0.00326	0.00434	0.05636	0.00578	0.00518
11	0.01050	0.00690	0.00897	0.00987	0.01092	0.00665	0.00706	0.01299	0.05658	0.07066	0.03406	0.55106	0.03852	0.05301	0.00940	0.00281	0.00441	0.09332	0.00620	0.00611
12	0.43786	0.01229	0.01101	0.00996	0.01360	0.01400	0.00793	0.02337	0.24136	0.02783	0.05055	0.02071	0.05843	0.00807	0.00534	0.00209	0.00485	0.00594	0.03678	0.00802
13	0.01211	0.00617	0.00628	0.00625	0.00779	0.00614	0.00469	0.01518	0.01407	0.02465	0.06013	0.02590	0.01936	0.00799	0.00478	0.00156	0.00307	0.00645	0.76128	0.00614
14	0.22589	0.01699	0.01719	0.01350	0.01846	0.01898	0.01114	0.53116	0.02593	0.03845	0.01412	0.01451	0.01016	0.00745	0.00595	0.00199	0.00670	0.00533	0.00595	0.01016
15	0.81514	0.01273	0.00968	0.00866	0.01273	0.01477	0.00713	0.01935	0.01120	0.02954	0.00917	0.01069	0.00713	0.00611	0.00407	0.00204	0.00509	0.00356	0.00407	0.00713

[dist]
# distance from previous block
# <min> <max>
0	10

[block]
# block no. 1 follows, 33 sequences, length 74
# corresponding to MSA columns:
# 525-575,580-602
name=unknown_B
#
# <colnr> <probs for GDERKNQSTAVLIFYWHMCP>
#	G	D	E	R	K	N	Q	S	T	A	V	L	I	F	Y	W	H	M	C	P
0	0.00895	0.00669	0.00843	0.00814	0.00975	0.00617	0.00609	0.01162	0.01709	0.02347	0.51157	0.08401	0.19384	0.01678	0.05554	0.00268	0.00413	0.01232	0.00672	0.00602
1	0.01637	0.01414	0.01489	0.01340	0.01712	0.01637	0.01042	0.03498	0.71568	0.02754	0.02679	0.02456	0.02010	0.00893	0.00670	0.00223	0.00521	0.00744	0.00670	0.01042
2	0.01243	0.01170	0.01975	0.75282	0.04534	0.01463	0.01828	0.01682	0.01316	0.01682	0.01170	0.01755	0.00878	0.00658	0.00658	0.00219	0.00878	0.00585	0.00293	0.00731
3	0.00802	0.00573	0.00764	0.00917	0.00955	0.00535	0.00611	0.00917	0.01260	0.01681	0.03628	0.76434	0.04354	0.02062	0.00840	0.00267	0.00382	0.01872	0.00611	0.00535
4	0.01668	0.01429	0.01506	0.01346	0.01723	0.01652	0.01049	0.05843	0.69173	0.02803	0.02641	0.02426	0.01978	0.00890	0.00669	0.00222	0.00528	0.00739	0.00669	0.01045
5	0.01320	0.03405	0.73453	0.01876	0.02849	0.01529	0.02432	0.02085	0.01390	0.02085	0.01181	0.01390	0.00834	0.00625	0.00625	0.00208	0.00973	0.00486	0.00278	0.00973
6	0.02503	0.01844	0.01976	0.01515	0.02042	0.02042	0.01251	0.70562	0.03095	0.04149	0.01581	0.01581	0.01120	0.00790	0.00659	0.00198	0.00724	0.00593	0.00659	0.01120
7	0.81514	0.01273	0.00968	0.00866	0.01273	0.01477	0.00713	0.01935	0.01120	0.02954	0.00917	0.01069	0.00713	0.00611	0.00407	0.00204	0.00509	0.00356	0.00407	0.00713
8	0.00802	0.00573	0.00764	0.00917	0.00955	0.00535	0.00611	0.00917	0.01260	0.01681	0.03628	0.76434	0.04354	0.02062	0.00840	0.00267	0.00382	0.01872	0.00611	0.00535
9	0.02503	0.01844	0.01976	0.01515	0.02042	0.02042	0.01251	0.70562	0.03095	0.04149	0.01581	0.01581	0.01120	0.00790	0.00659	0.00198	0.00724	0.00593	0.00659	0.01120
10	0.01048	0.00753	0.01042	0.01187	0.01342	0.00748	0.01035	0.01344	0.01515	0.01961	0.03635	0.07375	0.07002	0.01812	0.00903	0.00299	0.00593	0.65196	0.00606	0.00604
11	0.01024	0.00741	0.00944	0.00868	0.01045	0.00704	0.00658	0.05297	0.01936	0.02728	0.68266	0.04722	0.05914	0.01313	0.00770	0.00207	0.00335	0.01156	0.00721	0.00650
12	0.01738	0.01516	0.01580	0.01392	0.01756	0.04179	0.01093	0.09865	0.58413	0.02782	0.02410	0.02268	0.01817	0.00891	0.00753	0.00223	0.04959	0.00709	0.00635	0.01021
13	0.01144	0.00572	0.00858	0.00858	0.00858	0.00572	0.00572	0.00858	0.00858	0.01144	0.01144	0.02001	0.01144	0.02287	0.02573	0.80846	0.00572	0.00572	0.00286	0.00286
14	0.01611	0.01561	0.02525	0.11901	0.60290	0.03718	0.01940	0.02056	0.04124	0.02105	0.01278	0.01661	0.01055	0.00609	0.00651	0.00198	0.00795	0.00587	0.00335	0.00999
15	0.00818	0.00579	0.00759	0.00897	0.00931	0.00545	0.00590	0.00921	0.01230	0.01640	0.03474	0.69245	0.04159	0.09518	0.01090	0.00304	0.00407	0.01780	0.00590	0.00521
16	0.01034	0.00687	0.00866	0.00937	0.01028	0.00668	0.00637	0.01282	0.06976	0.06354	0.03248	0.54608	0.03688	0.13278	0.01197	0.00316	0.00444	0.01562	0.00597	0.00593
17	0.76279	0.01236	0.00973	0.00878	0.01267	0.01434	0.00720	0.01886	0.01116	0.02861	0.00972	0.01168	0.00774	0.00892	0.05206	0.00259	0.00591	0.00379	0.00404	0.00705
18	0.01320	0.03405	0.73453	0.01876	0.02849	0.01529	0.02432	0.02085	0.01390	0.02085	0.01181	0.01390	0.00834	0.00625	0.00625	0.00208	0.00973	0.00486	0.00278	0.00973
19	0.01579	0.01524	0.02614	0.11723	0.60881	0.01570	0.04171	0.01973	0.01466	0.02081	0.01222	0.01642	0.01018	0.00611	0.00703	0.00202	0.03114	0.00592	0.00321	0.00994
20	0.01057	0.00800	0.01081	0.01173	0.03705	0.00756	0.00915	0.01315	0.01421	0.01924	0.05660	0.16195	0.05688	0.04258	0.05669	0.00320	0.00618	0.35407	0.00549	0.11488
21	0.01365	0.01170	0.01365	0.00975	0.01560	0.00878	0.00780	0.01658	0.01365	0.02145	0.01170	0.01365	0.00975	0.00488	0.00488	0.00098	0.00488	0.00390	0.00390	0.80888
22	0.01507	0.01246	0.01679	0.26741	0.07478	0.01424	0.01327	0.08621	0.23335	0.04269	0.06455	0.06547	0.01840	0.00927	0.00748	0.03076	0.00661	0.00751	0.00507	0.00862
23	0.01963	0.01704	0.01757	0.01477	0.01903	0.08004	0.03730	0.23402	0.42488	0.03048	0.02158	0.02060	0.01606	0.00831	0.00664	0.00211	0.00661	0.00673	0.00625	0.01035
24	0.01563	0.16433	0.33674	0.03704	0.02719	0.05149	0.19160	0.02162	0.03853	0.03746	0.01249	0.01482	0.00939	0.00613	0.00628	0.00198	0.00940	0.00547	0.00322	0.00918
25	0.03820	0.07224	0.32537	0.01778	0.05699	0.03509	0.08828	0.06418	0.06309	0.10370	0.01795	0.01890	0.05449	0.00727	0.00641	0.00204	0.00822	0.00607	0.00423	0.00951
26	0.01462	0.14236	0.50945	0.01870	0.02724	0.01728	0.11266	0.04646	0.01468	0.02085	0.01176	0.01398	0.00868	0.00613	0.00616	0.00200	0.00941	0.00509	0.00300	0.00948
27	0.01144	0.00572	0.00858	0.00858	0.00858	0.00572	0.00572	0.00858	0.00858	0.01144	0.01144	0.02001	0.01144	0.02287	0.02573	0.80846	0.00572	0.00572	0.00286	0.00286
28	0.01296	0.01878	0.23908	0.01700	0.06522	0.03796	0.11958	0.01734	0.01499	0.04058	0.10674	0.03043	0.16985	0.03223	0.00860	0.00228	0.04569	0.00834	0.00434	0.00801
29	0.01701	0.09130	0.26787	0.05972	0.04522	0.08329	0.05341	0.04261	0.05495	0.10662	0.08135	0.01892	0.01532	0.00745	0.00675	0.00201	0.02677	0.00600	0.00430	0.00911
30	0.01320	0.03405	0.73453	0.01876	0.02849	0.01529	0.02432	0.02085	0.01390	0.02085	0.01181	0.01390	0.00834	0.00625	0.00625	0.00208	0.00973	0.00486	0.00278	0.00973
31	0.00957	0.00638	0.00718	0.00718	0.00718	0.00638	0.00399	0.00957	0.00957	0.01276	0.02074	0.04308	0.02393	0.76864	0.03351	0.00638	0.00638	0.00957	0.00399	0.00399
32	0.01580	0.07053	0.31980	0.10758	0.15573	0.07192	0.05144	0.04018	0.01491	0.04529	0.01229	0.01515	0.00934	0.00687	0.00695	0.02956	0.00898	0.00529	0.00326	0.00915
33	0.01479	0.01479	0.02047	0.21678	0.33710	0.10080	0.01622	0.01810	0.01467	0.01886	0.01799	0.10887	0.05555	0.00857	0.00677	0.00209	0.00781	0.00768	0.00370	0.00839
34	0.00940	0.00705	0.01058	0.01058	0.01176	0.00823	0.00823	0.01176	0.01058	0.01528	0.01763	0.02586	0.01646	0.04937	0.74255	0.01058	0.01763	0.00705	0.00353	0.00588
35	0.01584	0.01691	0.03397	0.03284	0.31344	0.01624	0.42854	0.02073	0.01532	0.02126	0.01294	0.01717	0.01017	0.00568	0.00727	0.00211	0.00978	0.00700	0.00330	0.00950
36	0.01522	0.01903	0.10137	0.05229	0.03425	0.01645	0.61799	0.02092	0.01531	0.02092	0.01313	0.01740	0.00980	0.00565	0.00759	0.00221	0.01089	0.00744	0.00327	0.00890
37	0.00947	0.00679	0.00926	0.00926	0.00998	0.00751	0.00659	0.01091	0.01019	0.01431	0.01884	0.03253	0.01935	0.32780	0.46808	0.00896	0.01328	0.00803	0.00371	0.00515
38	0.01365	0.01170	0.01365	0.00975	0.01560	0.00878	0.00780	0.01658	0.01365	0.02145	0.01170	0.01365	0.00975	0.00488	0.00488	0.00098	0.00488	0.00390	0.00390	0.80888
39	0.01320	0.03405	0.73453	0.01876	0.02849	0.01529	0.02432	0.02085	0.01390	0.02085	0.01181	0.01390	0.00834	0.00625	0.00625	0.00208	0.00973	0.00486	0.00278	0.00973
40	0.00950	0.00665	0.00856	0.00856	0.00904	0.00713	0.00571	0.01046	0.00998	0.01379	0.01948	0.03609	0.02090	0.47677	0.32122	0.00809	0.01095	0.00855	0.00380	0.00476
41	0.01579	0.01515	0.02597	0.03786	0.65340	0.01507	0.04508	0.01966	0.01502	0.02131	0.01494	0.01990	0.03405	0.00663	0.00670	0.00201	0.00774	0.03020	0.00345	0.01006
42	0.00892	0.00723	0.00997	0.00989	0.01155	0.00678	0.05170	0.01085	0.01360	0.01743	0.04290	0.27417	0.28348	0.04783	0.09523	0.00358	0.00607	0.08752	0.00555	0.00575
43	0.01640	0.01520	0.02387	0.03233	0.50061	0.03232	0.04948	0.08512	0.03558	0.02301	0.01604	0.06862	0.01455	0.00787	0.00686	0.00208	0.00758	0.04868	0.00404	0.00976
44	0.02366	0.02962	0.01956	0.01958	0.09938	0.66102	0.01356	0.02561	0.01825	0.01671	0.01042	0.01237	0.00870	0.00668	0.00600	0.00172	0.01142	0.00442	0.00338	0.00794
45	0.01705	0.01582	0.02680	0.06898	0.24748	0.01665	0.21001	0.11512	0.03658	0.04544	0.03338	0.01783	0.01200	0.00715	0.00875	0.00217	0.09870	0.00663	0.00403	0.00944
46	0.01967	0.21808	0.16101	0.01605	0.04099	0.23142	0.01467	0.12116	0.06074	0.02136	0.01209	0.01346	0.00961	0.00677	0.00611	0.00181	0.02755	0.00470	0.00377	0.00900
47	0.00925	0.00711	0.00874	0.00957	0.01137	0.00660	0.00794	0.01161	0.01501	0.01875	0.04925	0.09124	0.34773	0.01758	0.00848	0.00266	0.00476	0.36047	0.00609	0.00581
48	0.01687	0.01439	0.01516	0.01350	0.01731	0.01660	0.01054	0.07316	0.67670	0.02833	0.02617	0.02406	0.01959	0.00887	0.00669	0.00222	0.00533	0.00736	0.00669	0.01046
49	0.00822	0.00592	0.00781	0.00908	0.00968	0.00551	0.00622	0.00963	0.01336	0.01786	0.10343	0.64721	0.07076	0.01971	0.00834	0.00261	0.00380	0.03917	0.00622	0.00546
50	0.04456	0.05156	0.43026	0.03502	0.02609	0.01710	0.06076	0.20998	0.01858	0.02660	0.01283	0.01452	0.00920	0.00665	0.00630	0.00204	0.00885	0.00527	0.00391	0.00989
51	0.01376	0.11183	0.63408	0.01831	0.02748	0.01648	0.04847	0.02074	0.01391	0.02029	0.01159	0.01369	0.00841	0.00616	0.00610	0.00202	0.00950	0.00483	0.00280	0.00956
52	0.00957	0.00638	0.00718	0.00718	0.00718	0.00638	0.00399	0.00957	0.00957	0.01276	0.02074	0.04308	0.02393	0.76864	0.03351	0.00638	0.00638	0.00957	0.00399	0.00399
53	0.01617	0.01551	0.02649	0.06363	0.70533	0.01561	0.02014	0.02009	0.01493	0.02135	0.01236	0.01633	0.01037	0.00589	0.00652	0.00196	0.00785	0.00587	0.00325	0.01033
54	0.01192	0.00977	0.01275	0.23037	0.03952	0.05685	0.01010	0.01317	0.01159	0.01473	0.01646	0.05240	0.01675	0.24516	0.04621	0.15551	0.00769	0.04011	0.00355	0.00539
55	0.00778	0.00667	0.00667	0.00667	0.00889	0.00556	0.00500	0.00945	0.01501	0.01778	0.06669	0.06336	0.72490	0.01667	0.00778	0.00222	0.00333	0.01389	0.00611	0.00556
56	0.01098	0.00592	0.00847	0.00847	0.00854	0.00600	0.00558	0.00896	0.00888	0.01191	0.01344	0.02437	0.01392	0.15322	0.07369	0.61824	0.00661	0.00647	0.00310	0.00325
57	0.01087	0.00673	0.00970	0.00984	0.01020	0.00723	0.00717	0.01018	0.01015	0.01378	0.01764	0.09787	0.01870	0.06076	0.11097	0.44247	0.05812	0.08970	0.00369	0.00421
58	0.01086	0.00792	0.01075	0.01207	0.01367	0.00804	0.01039	0.01482	0.06055	0.02008	0.03440	0.10330	0.03700	0.01770	0.00891	0.00296	0.00590	0.60827	0.00611	0.00631
59	0.01320	0.03405	0.73453	0.01876	0.02849	0.01529	0.02432	0.02085	0.01390	0.02085	0.01181	0.01390	0.00834	0.00625	0.00625	0.00208	0.00973	0.00486	0.00278	0.00973
60	0.00943	0.00694	0.01002	0.01002	0.01100	0.00792	0.00753	0.01140	0.01041	0.01487	0.01815	0.02870	0.01769	0.16794	0.62567	0.00989	0.01578	0.00747	0.00360	0.00557
61	0.21360	0.00948	0.01016	0.00938	0.01219	0.00960	0.00724	0.01843	0.06479	0.15733	0.07256	0.13221	0.12962	0.07920	0.00900	0.00261	0.00480	0.04462	0.00591	0.00727
62	0.01440	0.01440	0.02016	0.01728	0.01728	0.02016	0.01440	0.01584	0.01008	0.01584	0.00864	0.01440	0.00864	0.01152	0.02160	0.00288	0.75659	0.00576	0.00288	0.00720
63	0.01243	0.01170	0.01975	0.75282	0.04534	0.01463	0.01828	0.01682	0.01316	0.01682	0.01170	0.01755	0.00878	0.00658	0.00658	0.00219	0.00878	0.00585	0.00293	0.00731
64	0.01355	0.01167	0.01519	0.01443	0.01711	0.05815	0.08478	0.05071	0.11764	0.02177	0.02890	0.05424	0.02917	0.01427	0.00828	0.00269	0.00691	0.43747	0.00571	0.00734
65	0.01144	0.00572	0.00858	0.00858	0.00858	0.00572	0.00572	0.00858	0.00858	0.01144	0.01144	0.02001	0.01144	0.02287	0.02573	0.80846	0.00572	0.00572	0.00286	0.00286
66	0.81514	0.01273	0.00968	0.00866	0.01273	0.01477	0.00713	0.01935	0.01120	0.02954	0.00917	0.01069	0.00713	0.00611	0.00407	0.00204	0.00509	0.00356	0.00407	0.00713
67	0.01243	0.01170	0.01975	0.75282	0.04534	0.01463	0.01828	0.01682	0.01316	0.01682	0.01170	0.01755	0.00878	0.00658	0.00658	0.00219	0.00878	0.00585	0.00293	0.00731
68	0.04568	0.00894	0.01146	0.01038	0.01316	0.00834	0.00789	0.02126	0.05664	0.32712	0.02890	0.28812	0.02700	0.06224	0.00894	0.00257	0.00493	0.03063	0.02761	0.00819
69	0.00787	0.00656	0.00678	0.00694	0.00889	0.00557	0.00507	0.00942	0.01456	0.01750	0.06193	0.13246	0.63064	0.04533	0.00881	0.00242	0.00350	0.01421	0.00603	0.00548
70	0.81514	0.01273	0.00968	0.00866	0.01273	0.01477	0.00713	0.01935	0.01120	0.02954	0.00917	0.01069	0.00713	0.00611	0.00407	0.00204	0.00509	0.00356	0.00407	0.00713
71	0.06957	0.01068	0.01395	0.01122	0.01561	0.00963	0.00908	0.02846	0.04249	0.57051	0.05235	0.09679	0.02036	0.00951	0.00670	0.00211	0.00529	0.00788	0.00763	0.01018
72	0.01775	0.01075	0.01267	0.01118	0.01369	0.01014	0.00820	0.10214	0.01870	0.16675	0.23402	0.04139	0.06734	0.21507	0.01523	0.00366	0.00595	0.02991	0.00704	0.00841
73	0.01197	0.00823	0.00928	0.00913	0.00956	0.00791	0.00554	0.01173	0.01193	0.01634	0.08065	0.04473	0.02833	0.63911	0.07079	0.00652	0.00748	0.01020	0.00501	0.00558

[dist]
# distance from previous block
# <min> <max>
0	3

[block]
# block no. 2 follows, 33 sequences, length 40
# corresponding to MSA columns:
# 606-645
name=unknown_C
#
# <colnr> <probs for GDERKNQSTAVLIFYWHMCP>
#	G	D	E	R	K	N	Q	S	T	A	V	L	I	F	Y	W	H	M	C	P
0	0.03096	0.01256	0.01653	0.01299	0.01812	0.01079	0.01045	0.03289	0.01986	0.71111	0.02747	0.02485	0.01795	0.00940	0.00744	0.00239	0.00626	0.00721	0.00867	0.01208
1	0.05211	0.01208	0.01434	0.01232	0.01609	0.01155	0.00960	0.06096	0.13684	0.31273	0.14417	0.07057	0.07404	0.01177	0.00777	0.00250	0.00562	0.02700	0.00776	0.01017
2	0.00983	0.00693	0.00963	0.00956	0.01080	0.00745	0.00719	0.01160	0.01153	0.03599	0.04873	0.06076	0.10964	0.10720	0.47272	0.04908	0.01280	0.00869	0.00422	0.00565
3	0.00957	0.00638	0.00718	0.00718	0.00718	0.00638	0.00399	0.00957	0.00957	0.01276	0.02074	0.04308	0.02393	0.76864	0.03351	0.00638	0.00638	0.00957	0.00399	0.00399
4	0.01144	0.00572	0.00858	0.00858	0.00858	0.00572	0.00572	0.00858	0.00858	0.01144	0.01144	0.02001	0.01144	0.02287	0.02573	0.80846	0.00572	0.00572	0.00286	0.00286
5	0.02105	0.01262	0.01549	0.07771	0.04064	0.03386	0.01079	0.16999	0.05129	0.27091	0.02233	0.02666	0.03531	0.08494	0.05231	0.00302	0.00721	0.04852	0.00614	0.00922
6	0.01567	0.01534	0.02453	0.22487	0.51741	0.04876	0.01936	0.01960	0.01468	0.02004	0.01210	0.01642	0.00991	0.00609	0.00651	0.00201	0.00826	0.00579	0.00318	0.00949
7	0.77882	0.01359	0.01009	0.00904	0.01308	0.04819	0.00739	0.01967	0.01155	0.02892	0.00921	0.01075	0.00719	0.00614	0.00416	0.00202	0.00540	0.00360	0.00404	0.00715
8	0.01117	0.00741	0.01112	0.07995	0.01464	0.00814	0.00903	0.01254	0.01146	0.04215	0.01896	0.03225	0.01836	0.03157	0.33459	0.20704	0.01129	0.12891	0.00394	0.00549
9	0.00872	0.00602	0.00743	0.00827	0.00848	0.00581	0.00515	0.00935	0.01124	0.01498	0.02928	0.43932	0.03471	0.35770	0.01972	0.00434	0.00497	0.01460	0.00515	0.00474
10	0.01959	0.14570	0.02097	0.04385	0.07914	0.25570	0.03155	0.09585	0.11445	0.02175	0.01423	0.01570	0.01133	0.00691	0.00581	0.00177	0.00824	0.00519	0.07219	0.03005
11	0.04623	0.01383	0.01828	0.09031	0.18785	0.01346	0.01269	0.15537	0.01761	0.06461	0.01509	0.01701	0.03259	0.00647	0.00593	0.00166	0.00642	0.00541	0.00450	0.28469
12	0.23860	0.01253	0.01491	0.07127	0.05867	0.01322	0.03429	0.06728	0.11000	0.15188	0.06901	0.02036	0.01607	0.03649	0.00696	0.00217	0.00588	0.00611	0.00537	0.05890
13	0.01242	0.00913	0.01150	0.01209	0.01415	0.00960	0.01001	0.01911	0.19050	0.04632	0.03269	0.14006	0.03333	0.01580	0.00833	0.00275	0.00557	0.41309	0.00630	0.00725
14	0.01629	0.01564	0.02672	0.04041	0.72757	0.01564	0.02020	0.02020	0.01499	0.02151	0.01238	0.01629	0.01043	0.00587	0.00652	0.00196	0.00782	0.00587	0.00326	0.01043
15	0.04294	0.01221	0.01719	0.04406	0.33985	0.03470	0.01289	0.03256	0.01534	0.02077	0.07434	0.03413	0.24378	0.03762	0.00788	0.00221	0.00607	0.00882	0.00456	0.00808
16	0.01291	0.01200	0.01981	0.57665	0.07003	0.01423	0.05185	0.03641	0.03468	0.01843	0.03400	0.02072	0.03404	0.02866	0.00748	0.00230	0.00831	0.00653	0.00342	0.00755
17	0.00931	0.00696	0.00867	0.00820	0.00992	0.00644	0.00616	0.01269	0.04019	0.02513	0.60267	0.05054	0.16091	0.01380	0.00773	0.00210	0.00321	0.01206	0.00706	0.00625
18	0.14335	0.00842	0.00959	0.00962	0.01149	0.00847	0.00705	0.06270	0.01443	0.05487	0.07709	0.42871	0.03320	0.03947	0.00812	0.00251	0.00450	0.03405	0.00583	0.03651
19	0.01642	0.00822	0.01043	0.00922	0.01209	0.00722	0.00714	0.01868	0.01677	0.28664	0.17696	0.14553	0.20281	0.01309	0.00732	0.00216	0.00420	0.01120	0.03612	0.00779
20	0.00914	0.00634	0.00798	0.00861	0.00899	0.00633	0.00570	0.01002	0.01116	0.01496	0.02678	0.27985	0.03085	0.38544	0.09360	0.00529	0.00663	0.07269	0.00482	0.00481
21	0.73533	0.01208	0.00932	0.00841	0.01223	0.01391	0.00688	0.01895	0.01146	0.02904	0.01039	0.01207	0.00810	0.00627	0.00413	0.00199	0.00489	0.00382	0.08371	0.00703
22	0.04950	0.01386	0.01521	0.01273	0.01686	0.01508	0.01017	0.21424	0.30251	0.15776	0.02301	0.04947	0.01719	0.00877	0.00648	0.00209	0.00563	0.00708	0.06222	0.01016
23	0.00801	0.00577	0.00760	0.00907	0.00952	0.00536	0.00607	0.00918	0.01270	0.01684	0.03747	0.73695	0.07017	0.02047	0.00838	0.00266	0.00380	0.01853	0.00611	0.00536
24	0.00795	0.00661	0.00695	0.00700	0.00903	0.00561	0.00520	0.00972	0.01520	0.01857	0.13000	0.10909	0.61319	0.01662	0.00782	0.00224	0.00334	0.01402	0.00623	0.00561
25	0.53317	0.01218	0.01169	0.00975	0.01419	0.01294	0.00804	0.02392	0.01395	0.28171	0.01520	0.01490	0.01042	0.00684	0.00499	0.00204	0.00528	0.00466	0.00554	0.00859
26	0.01830	0.00834	0.01086	0.00985	0.01262	0.00752	0.00765	0.02053	0.01579	0.33057	0.03025	0.24252	0.05199	0.01263	0.00699	0.00220	0.00459	0.05305	0.14565	0.00809
27	0.01554	0.01776	0.03885	0.02775	0.03441	0.01665	0.70366	0.02109	0.01554	0.02109	0.01332	0.01776	0.00999	0.00555	0.00777	0.00222	0.01110	0.00777	0.00333	0.00888
28	0.81514	0.01273	0.00968	0.00866	0.01273	0.01477	0.00713	0.01935	0.01120	0.02954	0.00917	0.01069	0.00713	0.00611	0.00407	0.00204	0.00509	0.00356	0.00407	0.00713
29	0.00810	0.00576	0.00762	0.00907	0.00943	0.00540	0.00600	0.00919	0.01245	0.01660	0.03549	0.72748	0.04254	0.05886	0.00969	0.00286	0.00395	0.01825	0.00600	0.00528
30	0.01038	0.00741	0.01035	0.01186	0.01328	0.00738	0.01021	0.01324	0.01493	0.01944	0.03498	0.13541	0.03839	0.01840	0.00903	0.00300	0.00586	0.62437	0.00607	0.00600
31	0.81514	0.01273	0.00968	0.00866	0.01273	0.01477	0.00713	0.01935	0.01120	0.02954	0.00917	0.01069	0.00713	0.00611	0.00407	0.00204	0.00509	0.00356	0.00407	0.00713
32	0.01144	0.00572	0.00858	0.00858	0.00858	0.00572	0.00572	0.00858	0.00858	0.01144	0.01144	0.02001	0.01144	0.02287	0.02573	0.80846	0.00572	0.00572	0.00286	0.00286
33	0.00940	0.00705	0.01058	0.01058	0.01176	0.00823	0.00823	0.01176	0.01058	0.01528	0.01763	0.02586	0.01646	0.04937	0.74255	0.01058	0.01763	0.00705	0.00353	0.00588
34	0.01061	0.00758	0.01061	0.01212	0.01364	0.00758	0.01061	0.01364	0.01515	0.01970	0.03486	0.07426	0.03789	0.01819	0.00909	0.00303	0.00606	0.68326	0.00606	0.00606
35	0.00932	0.00673	0.00880	0.00828	0.00984	0.00621	0.00621	0.01242	0.01863	0.02640	0.72410	0.04918	0.06212	0.01346	0.00776	0.00207	0.00311	0.01191	0.00725	0.00621
36	0.01624	0.01579	0.02756	0.03953	0.67966	0.01571	0.06745	0.02027	0.01503	0.02148	0.01245	0.01639	0.01040	0.00584	0.00660	0.00197	0.00805	0.00600	0.00326	0.01032
37	0.02503	0.01844	0.01976	0.01515	0.02042	0.02042	0.01251	0.70562	0.03095	0.04149	0.01581	0.01581	0.01120	0.00790	0.00659	0.00198	0.00724	0.00593	0.00659	0.01120
38	0.81514	0.01273	0.00968	0.00866	0.01273	0.01477	0.00713	0.01935	0.01120	0.02954	0.00917	0.01069	0.00713	0.00611	0.00407	0.00204	0.00509	0.00356	0.00407	0.00713
39	0.00802	0.00573	0.00764	0.00917	0.00955	0.00535	0.00611	0.00917	0.01260	0.01681	0.03628	0.76434	0.04354	0.02062	0.00840	0.00267	0.00382	0.01872	0.00611	0.00535

[dist]
# distance from previous block
# <min> <max>
3	4

[block]
# block no. 3 follows, 33 sequences, length 45
# corresponding to MSA columns:
# 651-695
name=unknown_D
#
# <colnr> <probs for GDERKNQSTAVLIFYWHMCP>
#	G	D	E	R	K	N	Q	S	T	A	V	L	I	F	Y	W	H	M	C	P
0	0.00957	0.00638	0.00718	0.00718	0.00718	0.00638	0.00399	0.00957	0.00957	0.01276	0.02074	0.04308	0.02393	0.76864	0.03351	0.00638	0.00638	0.00957	0.00399	0.00399
1	0.01529	0.16966	0.09499	0.02040	0.08083	0.01906	0.19239	0.01934	0.03687	0.01877	0.03288	0.01600	0.01108	0.00781	0.01094	0.00222	0.23374	0.00599	0.00327	0.00847
2	0.40038	0.16521	0.10051	0.01391	0.06702	0.04362	0.02658	0.04104	0.01312	0.02424	0.01000	0.01197	0.00807	0.00636	0.00563	0.00195	0.04452	0.00417	0.00360	0.00810
3	0.01327	0.05052	0.19353	0.01390	0.02020	0.01165	0.09251	0.01753	0.01427	0.02108	0.06367	0.04323	0.03574	0.00681	0.00593	0.00158	0.00668	0.00592	0.00388	0.37810
4	0.02397	0.02191	0.01863	0.01540	0.01985	0.25752	0.01222	0.37374	0.11169	0.05641	0.01569	0.01584	0.01159	0.00767	0.00639	0.00192	0.00846	0.00558	0.00560	0.00992
5	0.01719	0.70301	0.10046	0.01197	0.01799	0.02504	0.01249	0.01982	0.01343	0.01599	0.00940	0.01087	0.00844	0.00569	0.00442	0.00147	0.00729	0.00365	0.00281	0.00857
6	0.00908	0.00672	0.00847	0.00803	0.00969	0.00611	0.00602	0.01196	0.01807	0.02507	0.62247	0.05137	0.16458	0.01396	0.00777	0.00209	0.00314	0.01221	0.00707	0.00611
7	0.01330	0.01130	0.01326	0.00963	0.01514	0.00857	0.00767	0.01624	0.01405	0.02185	0.06880	0.01650	0.01395	0.00556	0.00511	0.00106	0.00473	0.00454	0.00417	0.74455
8	0.01260	0.01187	0.02004	0.72239	0.07447	0.01467	0.01836	0.01696	0.01324	0.01702	0.01173	0.01750	0.00885	0.00655	0.00658	0.00218	0.00874	0.00585	0.00294	0.00745
9	0.00932	0.00673	0.00880	0.00828	0.00984	0.00621	0.00621	0.01242	0.01863	0.02640	0.72410	0.04918	0.06212	0.01346	0.00776	0.00207	0.00311	0.01191	0.00725	0.00621
10	0.02503	0.01844	0.01976	0.01515	0.02042	0.02042	0.01251	0.70562	0.03095	0.04149	0.01581	0.01581	0.01120	0.00790	0.00659	0.00198	0.00724	0.00593	0.00659	0.01120
11	0.01549	0.01761	0.03805	0.02730	0.03368	0.01680	0.67423	0.02086	0.01531	0.02086	0.01312	0.01761	0.00993	0.00580	0.00836	0.00225	0.04293	0.00768	0.00331	0.00881
12	0.00975	0.00756	0.01124	0.01104	0.01214	0.00906	0.00866	0.01204	0.01055	0.01532	0.01701	0.02507	0.01592	0.04675	0.69258	0.01005	0.06885	0.00696	0.00348	0.00597
13	0.01243	0.01170	0.01975	0.75282	0.04534	0.01463	0.01828	0.01682	0.01316	0.01682	0.01170	0.01755	0.00878	0.00658	0.00658	0.00219	0.00878	0.00585	0.00293	0.00731
14	0.00802	0.00573	0.00764	0.00917	0.00955	0.00535	0.00611	0.00917	0.01260	0.01681	0.03628	0.76434	0.04354	0.02062	0.00840	0.00267	0.00382	0.01872	0.00611	0.00535
15	0.02898	0.01133	0.01526	0.01178	0.01682	0.00996	0.00971	0.03220	0.04814	0.70251	0.02601	0.02250	0.01646	0.00818	0.00662	0.00205	0.00559	0.00665	0.00809	0.01117
16	0.02635	0.01415	0.01684	0.01315	0.01814	0.01433	0.01078	0.27460	0.10602	0.40007	0.02241	0.02029	0.01491	0.00815	0.00662	0.00204	0.00615	0.00647	0.00741	0.01111
17	0.01440	0.01440	0.02016	0.01728	0.01728	0.02016	0.01440	0.01584	0.01008	0.01584	0.00864	0.01440	0.00864	0.01152	0.02160	0.00288	0.75659	0.00576	0.00288	0.00720
18	0.00802	0.00573	0.00764	0.00917	0.00955	0.00535	0.00611	0.00917	0.01260	0.01681	0.03628	0.76434	0.04354	0.02062	0.00840	0.00267	0.00382	0.01872	0.00611	0.00535
19	0.41925	0.01427	0.01375	0.01130	0.01584	0.01580	0.00928	0.22038	0.06901	0.13116	0.01471	0.01481	0.01053	0.00712	0.00535	0.00203	0.00579	0.00496	0.00556	0.00911
20	0.01144	0.00673	0.00887	0.00942	0.01052	0.00626	0.00662	0.01282	0.01345	0.11688	0.05629	0.49883	0.03745	0.11628	0.01146	0.00307	0.00452	0.05689	0.00615	0.00606
21	0.02954	0.01120	0.01528	0.01171	0.01681	0.00968	0.00968	0.03208	0.01884	0.73213	0.02597	0.02241	0.01630	0.00815	0.00662	0.00204	0.00560	0.00662	0.00815	0.01120
22	0.00920	0.00627	0.00724	0.00753	0.00770	0.00615	0.00443	0.00949	0.01040	0.01376	0.02581	0.17868	0.06060	0.59359	0.02761	0.00549	0.00576	0.01148	0.00449	0.00432
23	0.02833	0.00733	0.00878	0.00835	0.01024	0.00683	0.00622	0.01357	0.04727	0.06222	0.39851	0.10594	0.20671	0.04967	0.00884	0.00236	0.00365	0.01213	0.00670	0.00637
24	0.00798	0.00590	0.00746	0.00870	0.00943	0.00539	0.00591	0.00922	0.01305	0.01699	0.04191	0.63476	0.16950	0.01989	0.00829	0.00259	0.00373	0.01782	0.00611	0.00539
25	0.00940	0.00705	0.01058	0.01058	0.01176	0.00823	0.00823	0.01176	0.01058	0.01528	0.01763	0.02586	0.01646	0.04937	0.74255	0.01058	0.01763	0.00705	0.00353	0.00588
26	0.02054	0.01513	0.01637	0.01355	0.01792	0.01671	0.01087	0.29547	0.34257	0.09980	0.02463	0.02308	0.05531	0.00888	0.00671	0.00211	0.00594	0.00713	0.00676	0.01053
27	0.37103	0.00890	0.00854	0.00887	0.01090	0.00962	0.00649	0.01376	0.01187	0.02239	0.02354	0.40008	0.02648	0.04039	0.00734	0.00252	0.00448	0.01158	0.00512	0.00610
28	0.00975	0.00667	0.00779	0.00803	0.00834	0.00665	0.00489	0.03646	0.01122	0.01497	0.02476	0.23756	0.02876	0.53635	0.02566	0.00521	0.00572	0.01191	0.00466	0.00464
29	0.00875	0.00593	0.00786	0.00916	0.00967	0.00552	0.00613	0.00989	0.01267	0.03881	0.03531	0.71101	0.04187	0.05169	0.00940	0.00281	0.00398	0.01796	0.00608	0.00547
30	0.01518	0.00925	0.01206	0.01089	0.01277	0.00983	0.00834	0.15737	0.01494	0.07678	0.01633	0.02377	0.01447	0.02481	0.19542	0.33451	0.00897	0.04370	0.00440	0.00619
31	0.08634	0.02073	0.01982	0.01678	0.04788	0.20272	0.06015	0.34297	0.08679	0.03062	0.01454	0.01535	0.01088	0.00733	0.00631	0.00195	0.00835	0.00557	0.00523	0.00970
32	0.14937	0.01231	0.01485	0.01167	0.01656	0.01186	0.00961	0.09855	0.05170	0.52080	0.02239	0.02004	0.01455	0.00785	0.00623	0.00204	0.00567	0.00612	0.00729	0.01054
33	0.00829	0.00590	0.00784	0.00929	0.00973	0.00557	0.00634	0.00952	0.01264	0.01681	0.03538	0.67597	0.04212	0.05873	0.00974	0.00289	0.00412	0.06780	0.00600	0.00533
34	0.01833	0.45431	0.05992	0.09607	0.07040	0.04410	0.01341	0.11708	0.01628	0.03918	0.01120	0.01297	0.00922	0.00620	0.00518	0.00167	0.00754	0.00444	0.00355	0.00895
35	0.01293	0.01199	0.01893	0.02045	0.18162	0.01367	0.07158	0.01555	0.01300	0.01885	0.07355	0.12034	0.03602	0.01507	0.08959	0.00327	0.23808	0.00851	0.02944	0.00756
36	0.00801	0.00578	0.00759	0.00904	0.00952	0.00536	0.00606	0.00918	0.01273	0.01685	0.03782	0.72900	0.07789	0.02043	0.00837	0.00265	0.00379	0.01847	0.00611	0.00536
37	0.00972	0.00717	0.00942	0.06866	0.01321	0.00704	0.00758	0.03320	0.01442	0.03555	0.09660	0.40462	0.15818	0.01834	0.03385	0.00277	0.00487	0.06287	0.00592	0.00601
38	0.01406	0.01195	0.01387	0.00995	0.01578	0.00920	0.00797	0.04154	0.01428	0.02218	0.01185	0.01373	0.00980	0.00499	0.00494	0.00101	0.00496	0.00397	0.00400	0.77998
39	0.02338	0.01177	0.01460	0.01166	0.01608	0.01116	0.00935	0.09661	0.11514	0.41633	0.05677	0.04390	0.01907	0.04866	0.00801	0.00222	0.00553	0.00718	0.00713	0.07547
40	0.01519	0.04595	0.14023	0.05958	0.19311	0.04341	0.23903	0.02041	0.03624	0.02105	0.04862	0.01777	0.01257	0.00628	0.00672	0.00198	0.00880	0.00637	0.00354	0.07315
41	0.01672	0.01525	0.04662	0.09231	0.22106	0.03637	0.10054	0.07060	0.12209	0.07552	0.03761	0.04274	0.03995	0.00769	0.00675	0.00204	0.00737	0.00706	0.00466	0.04704
42	0.03293	0.01034	0.01169	0.01057	0.01282	0.06484	0.04555	0.03900	0.03365	0.03903	0.11491	0.17249	0.11099	0.16057	0.01239	0.00297	0.00563	0.04063	0.00532	0.07367
43	0.02026	0.03684	0.01558	0.01222	0.01630	0.05538	0.03363	0.08089	0.11630	0.26954	0.13957	0.06684	0.02415	0.00931	0.00670	0.00198	0.00572	0.00783	0.00658	0.07438
44	0.06594	0.01221	0.01320	0.01145	0.01465	0.07594	0.04202	0.07440	0.09451	0.14093	0.09614	0.11528	0.16876	0.03507	0.00784	0.00228	0.00561	0.00975	0.00609	0.00792

[dist]
# distance from previous block
# <min> <max>
1	13

[block]
# block no. 4 follows, 33 sequences, length 92
# corresponding to MSA columns:
# 709-800
name=unknown_E
#
# <colnr> <probs for GDERKNQSTAVLIFYWHMCP>
#	G	D	E	R	K	N	Q	S	T	A	V	L	I	F	Y	W	H	M	C	P
0	0.01768	0.01422	0.02275	0.04528	0.41720	0.01418	0.05693	0.09106	0.01706	0.10952	0.03446	0.05916	0.03455	0.00795	0.00685	0.00207	0.00722	0.02744	0.00459	0.00982
1	0.09937	0.03721	0.04108	0.07291	0.14572	0.08459	0.01318	0.13906	0.04147	0.20519	0.01641	0.01730	0.01185	0.00878	0.03528	0.00232	0.00769	0.00569	0.00523	0.00967
2	0.01770	0.01034	0.01217	0.01095	0.01374	0.03818	0.00835	0.03898	0.10330	0.26138	0.05083	0.24868	0.08146	0.04096	0.00867	0.00244	0.02595	0.01104	0.00664	0.00825
3	0.04027	0.01154	0.01652	0.24826	0.16542	0.04047	0.01332	0.01718	0.02973	0.06260	0.07065	0.12558	0.02075	0.07569	0.00923	0.00256	0.00692	0.03134	0.00441	0.00757
4	0.03835	0.01496	0.01920	0.34111	0.13386	0.09469	0.01551	0.06635	0.08578	0.04292	0.01482	0.05129	0.01206	0.00767	0.00704	0.00213	0.03349	0.00639	0.00399	0.00840
5	0.00964	0.00646	0.00759	0.00773	0.00834	0.00618	0.00487	0.01040	0.01183	0.03642	0.09157	0.18124	0.10872	0.45446	0.02283	0.00471	0.00525	0.01190	0.00504	0.00483
6	0.01432	0.01349	0.02209	0.40331	0.31447	0.01519	0.01835	0.01978	0.07645	0.01964	0.01332	0.01767	0.01044	0.00651	0.00657	0.00210	0.00808	0.00600	0.00339	0.00883
7	0.10865	0.01004	0.01406	0.17606	0.09908	0.01061	0.01151	0.01664	0.01397	0.09621	0.04558	0.03408	0.09885	0.01197	0.00909	0.09385	0.00625	0.13168	0.00473	0.00709
8	0.00854	0.00608	0.00788	0.00895	0.00954	0.00575	0.00613	0.00988	0.01304	0.01742	0.10057	0.52239	0.06536	0.12154	0.01179	0.00313	0.00425	0.06652	0.00593	0.00531
9	0.02497	0.01133	0.01444	0.01148	0.01601	0.01049	0.00934	0.07421	0.08650	0.51740	0.06839	0.02718	0.07922	0.00923	0.00679	0.00207	0.00534	0.00757	0.00768	0.01036
10	0.01357	0.01316	0.01721	0.01513	0.01545	0.04869	0.01223	0.01499	0.01047	0.01542	0.01141	0.01926	0.01153	0.10405	0.12724	0.00435	0.52973	0.00632	0.00312	0.00666
11	0.01983	0.01330	0.01501	0.01259	0.01643	0.01421	0.00997	0.25396	0.21240	0.14897	0.04519	0.09773	0.05395	0.01075	0.00774	0.03772	0.00569	0.00829	0.00666	0.00961
12	0.01846	0.01279	0.01386	0.01164	0.01524	0.01391	0.00927	0.25652	0.20493	0.07344	0.08378	0.02364	0.01978	0.00863	0.00623	0.00195	0.00521	0.00695	0.20448	0.00930
13	0.01629	0.01564	0.02672	0.04041	0.72757	0.01564	0.02020	0.02020	0.01499	0.02151	0.01238	0.01629	0.01043	0.00587	0.00652	0.00196	0.00782	0.00587	0.00326	0.01043
14	0.54401	0.01220	0.01161	0.00971	0.01414	0.01301	0.00801	0.02375	0.01384	0.27202	0.01497	0.01474	0.01029	0.00681	0.00495	0.00204	0.00527	0.00462	0.00548	0.00854
15	0.01034	0.00682	0.00910	0.01013	0.01113	0.00659	0.00770	0.01211	0.01343	0.05321	0.03281	0.34884	0.03695	0.13480	0.01246	0.00335	0.00517	0.27347	0.00587	0.00571
16	0.01083	0.00712	0.00897	0.00828	0.01028	0.00640	0.00629	0.01361	0.01797	0.08762	0.53795	0.04947	0.18303	0.01359	0.00767	0.00210	0.00337	0.01181	0.00711	0.00653
17	0.00952	0.00636	0.00720	0.00725	0.00727	0.00634	0.00407	0.00956	0.00969	0.01291	0.02131	0.06962	0.02466	0.74112	0.03258	0.00625	0.00629	0.00991	0.00407	0.00404
18	0.00828	0.00596	0.00744	0.00851	0.00903	0.00556	0.00559	0.00927	0.01231	0.01616	0.03684	0.54967	0.11748	0.16001	0.01303	0.00332	0.00424	0.01646	0.00571	0.00512
19	0.01637	0.01414	0.01489	0.01340	0.01712	0.01637	0.01042	0.03498	0.71568	0.02754	0.02679	0.02456	0.02010	0.00893	0.00670	0.00223	0.00521	0.00744	0.00670	0.01042
20	0.02954	0.01120	0.01528	0.01171	0.01681	0.00968	0.00968	0.03208	0.01884	0.73213	0.02597	0.02241	0.01630	0.00815	0.00662	0.00204	0.00560	0.00662	0.00815	0.01120
21	0.00856	0.00629	0.00785	0.00838	0.00942	0.00579	0.00588	0.01032	0.01458	0.01948	0.23954	0.35162	0.16694	0.08314	0.01032	0.00275	0.00381	0.03352	0.00625	0.00554
22	0.02503	0.01844	0.01976	0.01515	0.02042	0.02042	0.01251	0.70562	0.03095	0.04149	0.01581	0.01581	0.01120	0.00790	0.00659	0.00198	0.00724	0.00593	0.00659	0.01120
23	0.81514	0.01273	0.00968	0.00866	0.01273	0.01477	0.00713	0.01935	0.01120	0.02954	0.00917	0.01069	0.00713	0.00611	0.00407	0.00204	0.00509	0.00356	0.00407	0.00713
24	0.02879	0.01104	0.01504	0.01159	0.01655	0.00955	0.00955	0.03136	0.01883	0.70603	0.05179	0.02340	0.01799	0.00834	0.00666	0.00204	0.00551	0.00682	0.00811	0.01102
25	0.00939	0.00635	0.00719	0.00729	0.00742	0.00627	0.00418	0.00954	0.01002	0.01326	0.02385	0.09320	0.05653	0.68407	0.03065	0.00594	0.00607	0.01039	0.00423	0.00415
26	0.00932	0.00673	0.00880	0.00828	0.00984	0.00621	0.00621	0.01242	0.01863	0.02640	0.72410	0.04918	0.06212	0.01346	0.00776	0.00207	0.00311	0.01191	0.00725	0.00621
27	0.02954	0.01120	0.01528	0.01171	0.01681	0.00968	0.00968	0.03208	0.01884	0.73213	0.02597	0.02241	0.01630	0.00815	0.00662	0.00204	0.00560	0.00662	0.00815	0.01120
28	0.81514	0.01273	0.00968	0.00866	0.01273	0.01477	0.00713	0.01935	0.01120	0.02954	0.00917	0.01069	0.00713	0.00611	0.00407	0.00204	0.00509	0.00356	0.00407	0.00713
29	0.00835	0.00597	0.00802	0.00955	0.01007	0.00563	0.00669	0.00974	0.01293	0.01718	0.03610	0.67595	0.04282	0.02031	0.00849	0.00272	0.00411	0.10383	0.00610	0.00544
30	0.01760	0.77260	0.03450	0.01126	0.01690	0.02605	0.01126	0.01971	0.01338	0.01549	0.00915	0.01056	0.00845	0.00563	0.00422	0.00141	0.00704	0.00352	0.00282	0.00845
31	0.02954	0.01120	0.01528	0.01171	0.01681	0.00968	0.00968	0.03208	0.01884	0.73213	0.02597	0.02241	0.01630	0.00815	0.00662	0.00204	0.00560	0.00662	0.00815	0.01120
32	0.81514	0.01273	0.00968	0.00866	0.01273	0.01477	0.00713	0.01935	0.01120	0.02954	0.00917	0.01069	0.00713	0.00611	0.00407	0.00204	0.00509	0.00356	0.00407	0.00713
33	0.00802	0.00573	0.00764	0.00917	0.00955	0.00535	0.00611	0.00917	0.01260	0.01681	0.03628	0.76434	0.04354	0.02062	0.00840	0.00267	0.00382	0.01872	0.00611	0.00535
34	0.00890	0.00671	0.00822	0.00785	0.00958	0.00604	0.00588	0.01162	0.01765	0.02407	0.54655	0.05301	0.24112	0.01433	0.00777	0.00211	0.00317	0.01244	0.00694	0.00604
35	0.00940	0.00705	0.01058	0.01058	0.01176	0.00823	0.00823	0.01176	0.01058	0.01528	0.01763	0.02586	0.01646	0.04937	0.74255	0.01058	0.01763	0.00705	0.00353	0.00588
36	0.02459	0.03138	0.01866	0.01696	0.02035	0.74221	0.01272	0.02629	0.01866	0.01611	0.01018	0.01187	0.00848	0.00678	0.00594	0.00170	0.01187	0.00424	0.00339	0.00763
37	0.02227	0.01802	0.05003	0.01486	0.01992	0.01915	0.01249	0.50249	0.20676	0.03698	0.01846	0.01798	0.01336	0.00810	0.00660	0.00205	0.00683	0.00627	0.00645	0.01093
38	0.00957	0.00641	0.00734	0.00734	0.00739	0.00647	0.00418	0.00967	0.00962	0.01288	0.02060	0.04229	0.02359	0.73579	0.06589	0.00657	0.00690	0.00946	0.00397	0.00408
39	0.01365	0.01170	0.01365	0.00975	0.01560	0.00878	0.00780	0.01658	0.01365	0.02145	0.01170	0.01365	0.00975	0.00488	0.00488	0.00098	0.00488	0.00390	0.00390	0.80888
40	0.01569	0.01492	0.02537	0.10231	0.63446	0.01518	0.01960	0.01960	0.01484	0.02101	0.01335	0.01905	0.01154	0.00649	0.00664	0.00203	0.00783	0.03680	0.00336	0.00995
41	0.01056	0.00752	0.01044	0.01188	0.01332	0.00752	0.01029	0.01344	0.01488	0.01936	0.03417	0.07274	0.03721	0.05472	0.01028	0.00319	0.00608	0.65046	0.00596	0.00596
42	0.42324	0.01177	0.01210	0.00996	0.01440	0.01209	0.00820	0.02503	0.01481	0.35146	0.01736	0.01661	0.01172	0.00711	0.00526	0.00202	0.00525	0.00507	0.03759	0.00896
43	0.01782	0.65611	0.06430	0.01327	0.04900	0.07359	0.01234	0.02023	0.01383	0.01604	0.00948	0.01105	0.00853	0.00575	0.00453	0.00148	0.00752	0.00373	0.00287	0.00854
44	0.01704	0.01776	0.02373	0.16931	0.44781	0.14951	0.01829	0.02056	0.01518	0.01946	0.01174	0.01566	0.00971	0.00634	0.00687	0.00198	0.03106	0.00556	0.00321	0.00923
45	0.01135	0.00575	0.00851	0.00851	0.00851	0.00575	0.00564	0.00862	0.00862	0.01149	0.01185	0.02103	0.01199	0.05577	0.02607	0.77308	0.00575	0.00589	0.00291	0.00291
46	0.00788	0.00665	0.00683	0.00684	0.00897	0.00559	0.00511	0.00963	0.01516	0.01829	0.10694	0.08319	0.66328	0.01659	0.00780	0.00223	0.00333	0.01391	0.00618	0.00559
47	0.01365	0.01170	0.01365	0.00975	0.01560	0.00878	0.00780	0.01658	0.01365	0.02145	0.01170	0.01365	0.00975	0.00488	0.00488	0.00098	0.00488	0.00390	0.00390	0.80888
48	0.01839	0.49647	0.08891	0.01371	0.04444	0.09694	0.01267	0.08813	0.01578	0.01921	0.01082	0.01235	0.00917	0.00613	0.00491	0.00158	0.00763	0.00415	0.03990	0.00871
49	0.01698	0.66771	0.13391	0.01233	0.01854	0.02452	0.01312	0.01987	0.01345	0.01625	0.00953	0.01103	0.00843	0.00572	0.00451	0.00150	0.00742	0.00371	0.00281	0.00863
50	0.00808	0.00655	0.00719	0.00744	0.00927	0.00566	0.00551	0.00985	0.01497	0.01855	0.12573	0.17870	0.52074	0.01707	0.00793	0.00231	0.00349	0.03912	0.00622	0.00561
51	0.00837	0.00586	0.00778	0.00914	0.00954	0.00553	0.00616	0.00938	0.01237	0.01646	0.03424	0.65565	0.04075	0.07197	0.01080	0.03259	0.00417	0.04820	0.00584	0.00520
52	0.02299	0.04233	0.06990	0.01307	0.01795	0.01199	0.05084	0.08642	0.06382	0.40653	0.06789	0.04837	0.01903	0.03861	0.00777	0.00223	0.00621	0.00730	0.00675	0.01000
53	0.00947	0.00674	0.00828	0.00870	0.00943	0.00671	0.00599	0.02592	0.01205	0.01592	0.03014	0.21699	0.09906	0.33672	0.09928	0.00507	0.00669	0.08683	0.00494	0.00507
54	0.02234	0.01832	0.06795	0.01922	0.10490	0.01816	0.07815	0.45612	0.02537	0.08251	0.01603	0.01767	0.01175	0.00758	0.00672	0.00203	0.00769	0.02106	0.00574	0.01068
55	0.01365	0.01170	0.01365	0.00975	0.01560	0.00878	0.00780	0.01658	0.01365	0.02145	0.01170	0.01365	0.00975	0.00488	0.00488	0.00098	0.00488	0.00390	0.00390	0.80888
56	0.01365	0.01038	0.01379	0.01591	0.16332	0.01001	0.00989	0.01849	0.12274	0.08849	0.10035	0.08474	0.21472	0.01181	0.00777	0.03268	0.00499	0.00968	0.00563	0.06097
57	0.01114	0.00888	0.01257	0.01197	0.01369	0.02977	0.07726	0.03343	0.01396	0.04176	0.03159	0.38832	0.08719	0.01936	0.06592	0.02612	0.02788	0.08749	0.00544	0.00626
58	0.01630	0.01435	0.02200	0.29190	0.31146	0.01583	0.01742	0.10831	0.07959	0.03764	0.01415	0.01756	0.01092	0.00671	0.00657	0.00207	0.00781	0.00603	0.00398	0.00941
59	0.02459	0.03138	0.01866	0.01696	0.02035	0.74221	0.01272	0.02629	0.01866	0.01611	0.01018	0.01187	0.00848	0.00678	0.00594	0.00170	0.01187	0.00424	0.00339	0.00763
60	0.00913	0.00640	0.00716	0.00725	0.00773	0.00615	0.00438	0.00960	0.01104	0.01435	0.04970	0.09682	0.15635	0.55673	0.02629	0.00524	0.00555	0.01107	0.00462	0.00443
61	0.01606	0.01379	0.01453	0.01311	0.01666	0.01592	0.01013	0.03382	0.68343	0.02686	0.02652	0.02541	0.02027	0.04362	0.00792	0.00242	0.00526	0.00754	0.00657	0.01013
