[name]
unknown

[dist]
# distance from previous block
# <min> <max>
12	480

[block]
# block no. 0 follows, 29 sequences, length 11
# corresponding to MSA columns:
# 492-502
name=unknown_A
#
# <colnr> <probs for GDERKNQSTAVLIFYWHMCP>
#	G	D	E	R	K	N	Q	S	T	A	V	L	I	F	Y	W	H	M	C	P
0	0.01750	0.08780	0.08981	0.01423	0.01930	0.06728	0.05958	0.08497	0.07678	0.07493	0.16988	0.02749	0.05602	0.00929	0.00698	0.00200	0.00692	0.00777	0.00567	0.11580
1	0.07281	0.04081	0.07436	0.01872	0.13333	0.01425	0.05394	0.09915	0.05874	0.09872	0.10377	0.05600	0.06838	0.00947	0.00708	0.00215	0.00674	0.00813	0.00565	0.06779
2	0.01813	0.03973	0.09079	0.01536	0.06797	0.01400	0.01247	0.10939	0.12104	0.09156	0.10240	0.02262	0.01996	0.00810	0.00664	0.00187	0.00636	0.00668	0.00572	0.23922
3	0.01847	0.07236	0.30655	0.02275	0.15537	0.04926	0.04030	0.07151	0.05754	0.08102	0.01522	0.01691	0.01128	0.00705	0.00673	0.00211	0.00900	0.00580	0.00424	0.04655
4	0.05430	0.05287	0.15466	0.01728	0.09843	0.01484	0.01451	0.12141	0.01812	0.07946	0.01438	0.01593	0.01092	0.00655	0.00612	0.00174	0.00723	0.00519	0.00465	0.30141
5	0.01615	0.01712	0.09407	0.01722	0.04975	0.06338	0.12063	0.08670	0.01799	0.04039	0.05037	0.09609	0.06893	0.01039	0.00747	0.00216	0.00770	0.06895	0.00509	0.15945
6	0.01658	0.01642	0.02643	0.12497	0.43052	0.04797	0.08518	0.02071	0.01611	0.02201	0.01745	0.02121	0.06035	0.00723	0.00715	0.00212	0.00861	0.00696	0.00376	0.05826
7	0.01324	0.01021	0.01312	0.01132	0.01454	0.00969	0.04991	0.01928	0.13852	0.06737	0.26635	0.07467	0.18291	0.01300	0.00785	0.00223	0.00475	0.01134	0.00686	0.08285
8	0.01004	0.00703	0.00904	0.00929	0.00976	0.00739	0.00615	0.01106	0.01120	0.01535	0.02385	0.14485	0.02642	0.41395	0.25573	0.00779	0.01046	0.01094	0.00449	0.00520
9	0.02147	0.01713	0.01877	0.06690	0.02226	0.01947	0.01286	0.31601	0.35754	0.03551	0.02265	0.02191	0.01668	0.00899	0.00718	0.00229	0.00687	0.00721	0.00690	0.01139
10	0.00915	0.00682	0.00855	0.00927	0.01052	0.00622	0.00667	0.01118	0.01606	0.02129	0.21834	0.37809	0.19512	0.01920	0.00881	0.00264	0.00396	0.05507	0.00693	0.00612

[dist]
# distance from previous block
# <min> <max>
1	26

[block]
# block no. 1 follows, 29 sequences, length 57
# corresponding to MSA columns:
# 529-585
name=unknown_B
#
# <colnr> <probs for GDERKNQSTAVLIFYWHMCP>
#	G	D	E	R	K	N	Q	S	T	A	V	L	I	F	Y	W	H	M	C	P
0	0.00865	0.00722	0.00754	0.00746	0.00976	0.00611	0.00560	0.01068	0.01679	0.02056	0.16184	0.06634	0.61191	0.01754	0.00841	0.00238	0.00357	0.01472	0.00679	0.00611
1	0.00877	0.00624	0.00823	0.00979	0.01018	0.00585	0.00648	0.00994	0.01345	0.01793	0.03829	0.70528	0.04589	0.06378	0.01064	0.00312	0.00429	0.01968	0.00648	0.00570
2	0.01615	0.01555	0.02562	0.21985	0.40702	0.01753	0.02016	0.02003	0.01472	0.02081	0.01246	0.01760	0.01046	0.00767	0.01007	0.00237	0.14252	0.00632	0.00335	0.00975
3	0.00961	0.00738	0.00895	0.00947	0.01131	0.00672	0.00746	0.01206	0.01675	0.02150	0.18130	0.14413	0.32425	0.01828	0.00888	0.00267	0.00443	0.19174	0.00684	0.00627
4	0.00907	0.00768	0.00789	0.00776	0.01020	0.00673	0.00584	0.01203	0.05508	0.02053	0.11648	0.06500	0.61640	0.01730	0.00835	0.00239	0.00370	0.01447	0.00674	0.00636
5	0.01724	0.01653	0.02822	0.10649	0.64553	0.01682	0.02166	0.02152	0.01603	0.02280	0.01333	0.01775	0.01112	0.00642	0.00706	0.00214	0.00855	0.00634	0.00349	0.01097
6	0.01719	0.40977	0.33680	0.01601	0.02398	0.04771	0.01851	0.02212	0.01492	0.01935	0.01122	0.01308	0.00909	0.00644	0.00561	0.00186	0.00909	0.00448	0.00305	0.00972
7	0.02584	0.01174	0.01636	0.01334	0.01792	0.01067	0.03867	0.06587	0.01995	0.47694	0.05330	0.08347	0.02404	0.01130	0.00775	0.00240	0.00624	0.09557	0.00800	0.01062
8	0.01675	0.01905	0.04116	0.02953	0.03643	0.01817	0.65138	0.02257	0.01656	0.02257	0.01419	0.01905	0.01074	0.00628	0.00904	0.00243	0.04267	0.00831	0.00358	0.00953
9	0.01616	0.01818	0.03934	0.02842	0.03508	0.01704	0.62613	0.02179	0.01656	0.02244	0.01638	0.07676	0.01368	0.00730	0.00846	0.00244	0.01138	0.00934	0.00384	0.00930
10	0.01681	0.01921	0.04202	0.03001	0.03721	0.01801	0.67947	0.02281	0.01681	0.02281	0.01441	0.01921	0.01080	0.00600	0.00840	0.00240	0.01200	0.00840	0.00360	0.00960
11	0.01558	0.01558	0.02181	0.01869	0.01869	0.02181	0.01558	0.01714	0.01091	0.01714	0.00935	0.01558	0.00935	0.01246	0.02337	0.00312	0.73672	0.00623	0.00312	0.00779
12	0.80005	0.01377	0.01047	0.00936	0.01377	0.01597	0.00771	0.02093	0.01212	0.03195	0.00991	0.01157	0.00771	0.00661	0.00441	0.00220	0.00551	0.00386	0.00441	0.00771
13	0.00868	0.00620	0.00826	0.00991	0.01033	0.00578	0.00661	0.00991	0.01363	0.01818	0.03925	0.74510	0.04710	0.02231	0.00909	0.00289	0.00413	0.02024	0.00661	0.00578
14	0.01345	0.01266	0.02136	0.73264	0.04904	0.01582	0.01978	0.01819	0.01424	0.01819	0.01266	0.01898	0.00949	0.00712	0.00712	0.00237	0.00949	0.00633	0.00316	0.00791
15	0.01558	0.01558	0.02181	0.01869	0.01869	0.02181	0.01558	0.01714	0.01091	0.01714	0.00935	0.01558	0.00935	0.01246	0.02337	0.00312	0.73672	0.00623	0.00312	0.00779
16	0.67839	0.01430	0.01191	0.01026	0.01486	0.01628	0.00846	0.08827	0.01474	0.07192	0.01167	0.01285	0.00872	0.00693	0.00484	0.00220	0.00577	0.00430	0.00493	0.00841
17	0.01904	0.75404	0.03731	0.01218	0.01828	0.02818	0.01218	0.02132	0.01447	0.01675	0.00990	0.01142	0.00914	0.00609	0.00457	0.00152	0.00761	0.00381	0.00305	0.00914
18	0.01021	0.00750	0.01077	0.01077	0.01181	0.00854	0.00807	0.01229	0.01125	0.01603	0.01969	0.03136	0.01927	0.18018	0.59678	0.01062	0.01686	0.00813	0.00391	0.00599
19	0.01681	0.01921	0.04202	0.03001	0.03721	0.01801	0.67947	0.02281	0.01681	0.02281	0.01441	0.01921	0.01080	0.00600	0.00840	0.00240	0.01200	0.00840	0.00360	0.00960
20	0.01345	0.01266	0.02136	0.73264	0.04904	0.01582	0.01978	0.01819	0.01424	0.01819	0.01266	0.01898	0.00949	0.00712	0.00712	0.00237	0.00949	0.00633	0.00316	0.00791
21	0.01017	0.00763	0.01144	0.01144	0.01272	0.00890	0.00890	0.01272	0.01144	0.01653	0.01907	0.02797	0.01780	0.05340	0.72153	0.01144	0.01907	0.00763	0.00381	0.00636
22	0.01345	0.01266	0.02136	0.73264	0.04904	0.01582	0.01978	0.01819	0.01424	0.01819	0.01266	0.01898	0.00949	0.00712	0.00712	0.00237	0.00949	0.00633	0.00316	0.00791
23	0.76449	0.01345	0.01029	0.00924	0.01352	0.01555	0.00759	0.02074	0.01225	0.03170	0.01052	0.01224	0.00819	0.00669	0.00443	0.00218	0.00541	0.00398	0.03988	0.00766
24	0.01017	0.00763	0.01144	0.01144	0.01272	0.00890	0.00890	0.01272	0.01144	0.01653	0.01907	0.02797	0.01780	0.05340	0.72153	0.01144	0.01907	0.00763	0.00381	0.00636
25	0.01327	0.00664	0.00664	0.00664	0.00830	0.00664	0.00498	0.01659	0.01493	0.02655	0.02323	0.02655	0.01825	0.00830	0.00498	0.00166	0.00332	0.00664	0.78928	0.00664
26	0.02510	0.01897	0.02026	0.01599	0.02133	0.02116	0.01306	0.54610	0.17217	0.04170	0.01960	0.01909	0.01414	0.00878	0.00715	0.00220	0.00737	0.00676	0.00715	0.01193
27	0.01345	0.01266	0.02136	0.73264	0.04904	0.01582	0.01978	0.01819	0.01424	0.01819	0.01266	0.01898	0.00949	0.00712	0.00712	0.00237	0.00949	0.00633	0.00316	0.00791
28	0.01345	0.01266	0.02136	0.73264	0.04904	0.01582	0.01978	0.01819	0.01424	0.01819	0.01266	0.01898	0.00949	0.00712	0.00712	0.00237	0.00949	0.00633	0.00316	0.00791
29	0.00889	0.00690	0.00810	0.00849	0.01009	0.00611	0.00611	0.01089	0.01633	0.02111	0.21107	0.28201	0.34126	0.01858	0.00863	0.00252	0.00372	0.01619	0.00690	0.00611
30	0.01523	0.01403	0.02291	0.54227	0.18196	0.01647	0.01978	0.06425	0.01596	0.02106	0.01311	0.01858	0.01004	0.00706	0.00711	0.00230	0.00917	0.00634	0.00351	0.00889
31	0.01345	0.01266	0.02136	0.73264	0.04904	0.01582	0.01978	0.01819	0.01424	0.01819	0.01266	0.01898	0.00949	0.00712	0.00712	0.00237	0.00949	0.00633	0.00316	0.00791
32	0.00868	0.00620	0.00826	0.00991	0.01033	0.00578	0.00661	0.00991	0.01363	0.01818	0.03925	0.74510	0.04710	0.02231	0.00909	0.00289	0.00413	0.02024	0.00661	0.00578
33	0.01345	0.01266	0.02136	0.73264	0.04904	0.01582	0.01978	0.01819	0.01424	0.01819	0.01266	0.01898	0.00949	0.00712	0.00712	0.00237	0.00949	0.00633	0.00316	0.00791
34	0.01762	0.01692	0.02890	0.04371	0.70533	0.01692	0.02185	0.02185	0.01621	0.02326	0.01339	0.01762	0.01128	0.00634	0.00705	0.00211	0.00846	0.00634	0.00352	0.01128
35	0.01649	0.01091	0.01258	0.01104	0.01396	0.04358	0.00856	0.04970	0.09755	0.15411	0.43837	0.04134	0.04773	0.01234	0.00789	0.00223	0.00476	0.01060	0.00772	0.00854
36	0.00868	0.00620	0.00826	0.00991	0.01033	0.00578	0.00661	0.00991	0.01363	0.01818	0.03925	0.74510	0.04710	0.02231	0.00909	0.00289	0.00413	0.02024	0.00661	0.00578
37	0.01932	0.02032	0.02660	0.03671	0.51588	0.16187	0.01974	0.02287	0.01665	0.02163	0.01261	0.01650	0.01071	0.00699	0.00809	0.00213	0.06149	0.00598	0.00353	0.01041
38	0.00952	0.00695	0.00904	0.00932	0.01051	0.00664	0.00667	0.01177	0.01611	0.02212	0.31476	0.26582	0.10905	0.06918	0.09557	0.00386	0.00573	0.01457	0.00664	0.00617
39	0.01511	0.01296	0.01492	0.01101	0.01707	0.01045	0.00877	0.02025	0.09391	0.02397	0.01456	0.01614	0.01185	0.00579	0.00550	0.00121	0.00532	0.00467	0.00457	0.70196
40	0.01681	0.01921	0.04202	0.03001	0.03721	0.01801	0.67947	0.02281	0.01681	0.02281	0.01441	0.01921	0.01080	0.00600	0.00840	0.00240	0.01200	0.00840	0.00360	0.00960
41	0.80005	0.01377	0.01047	0.00936	0.01377	0.01597	0.00771	0.02093	0.01212	0.03195	0.00991	0.01157	0.00771	0.00661	0.00441	0.00220	0.00551	0.00386	0.00441	0.00771
42	0.01904	0.75404	0.03731	0.01218	0.01828	0.02818	0.01218	0.02132	0.01447	0.01675	0.00990	0.01142	0.00914	0.00609	0.00457	0.00152	0.00761	0.00381	0.00305	0.00914
43	0.01507	0.01431	0.02429	0.46470	0.30429	0.01625	0.02058	0.01962	0.01501	0.02017	0.01294	0.01846	0.01019	0.00682	0.00709	0.00227	0.00909	0.00633	0.00330	0.00922
44	0.01402	0.01324	0.02239	0.63872	0.13851	0.01597	0.02006	0.01869	0.01451	0.01888	0.01276	0.01880	0.00974	0.00701	0.00711	0.00234	0.00935	0.00633	0.00321	0.00837
45	0.01558	0.01558	0.02181	0.01869	0.01869	0.02181	0.01558	0.01714	0.01091	0.01714	0.00935	0.01558	0.00935	0.01246	0.02337	0.00312	0.73672	0.00623	0.00312	0.00779
46	0.01032	0.00706	0.00855	0.00855	0.00882	0.00733	0.00529	0.01086	0.01059	0.01439	0.02172	0.04263	0.02417	0.60151	0.18213	0.00787	0.00949	0.00977	0.00421	0.00475
47	0.01725	0.01654	0.02823	0.10550	0.64647	0.01682	0.02167	0.02153	0.01604	0.02281	0.01333	0.01775	0.01112	0.00641	0.00706	0.00214	0.00855	0.00634	0.00349	0.01098
48	0.01550	0.01475	0.02506	0.39424	0.37141	0.01636	0.02080	0.01999	0.01521	0.02068	0.01302	0.01832	0.01037	0.00674	0.00708	0.00225	0.00898	0.00634	0.00334	0.00956
49	0.01451	0.01374	0.02328	0.55671	0.21663	0.01610	0.02031	0.01913	0.01474	0.01949	0.01284	0.01864	0.00995	0.00692	0.00710	0.00231	0.00923	0.00633	0.00326	0.00877
50	0.01855	0.59653	0.12314	0.01343	0.02000	0.05567	0.01391	0.02163	0.01480	0.01783	0.01045	0.01210	0.00919	0.00620	0.00497	0.00161	0.00811	0.00405	0.00312	0.04472
51	0.00991	0.00727	0.00929	0.00879	0.01054	0.00665	0.00659	0.01312	0.01977	0.02764	0.63951	0.05470	0.12982	0.01490	0.00840	0.00226	0.00338	0.01309	0.00772	0.00665
52	0.01770	0.01653	0.01559	0.01413	0.01789	0.09944	0.01090	0.03352	0.53207	0.02736	0.05190	0.02949	0.08184	0.01028	0.00729	0.00234	0.00624	0.00841	0.00679	0.01031
53	0.03930	0.04232	0.16575	0.01290	0.01765	0.01157	0.01220	0.04356	0.05449	0.11979	0.02811	0.22409	0.07627	0.03792	0.00836	0.00246	0.00635	0.01062	0.00570	0.08058
54	0.10337	0.01434	0.01562	0.01298	0.01755	0.04746	0.01044	0.11847	0.14170	0.28389	0.04701	0.04941	0.04558	0.00983	0.00703	0.00225	0.00625	0.02697	0.00722	0.03264
55	0.01541	0.01614	0.04453	0.01827	0.02075	0.09575	0.11325	0.01855	0.01508	0.01979	0.02120	0.04044	0.02158	0.01346	0.01348	0.00290	0.24290	0.25423	0.00456	0.00774
56	0.00906	0.00667	0.00849	0.00923	0.01032	0.00610	0.00647	0.01102	0.01599	0.02147	0.24436	0.43691	0.14901	0.01934	0.00878	0.00262	0.00382	0.01725	0.00698	0.00610

[dist]
# distance from previous block
# <min> <max>
0	4

[block]
# block no. 2 follows, 29 sequences, length 136
# corresponding to MSA columns:
# 590-645,647-689,691-727
name=unknown_C
#
# <colnr> <probs for GDERKNQSTAVLIFYWHMCP>
#	G	D	E	R	K	N	Q	S	T	A	V	L	I	F	Y	W	H	M	C	P
0	0.02523	0.01550	0.01892	0.01766	0.10067	0.03440	0.01272	0.17403	0.14410	0.29280	0.02281	0.02178	0.01591	0.00869	0.00763	0.00222	0.03233	0.00694	0.03424	0.01142
1	0.01904	0.59083	0.12974	0.01385	0.02035	0.08764	0.01429	0.02212	0.01505	0.01762	0.01040	0.01205	0.00912	0.00630	0.00504	0.00165	0.00848	0.00408	0.00310	0.00925
2	0.01664	0.23860	0.46505	0.01785	0.02655	0.07834	0.02129	0.02269	0.01530	0.02049	0.01182	0.01383	0.00907	0.00662	0.00612	0.00201	0.00990	0.00480	0.00307	0.00994
3	0.01517	0.01442	0.02447	0.44826	0.31994	0.01627	0.02063	0.01970	0.01505	0.02029	0.01296	0.01842	0.01023	0.00680	0.00709	0.00227	0.00907	0.00633	0.00331	0.00930
4	0.01017	0.00704	0.00878	0.00892	0.00929	0.00734	0.00572	0.01094	0.01092	0.01489	0.02294	0.09968	0.02551	0.50491	0.21548	0.00777	0.00990	0.01045	0.00437	0.00498
5	0.00859	0.00651	0.00794	0.00907	0.01011	0.00585	0.00624	0.01001	0.01444	0.01851	0.04951	0.53396	0.25161	0.02097	0.00888	0.00274	0.00397	0.01862	0.00661	0.00585
6	0.01463	0.01553	0.05018	0.02026	0.02297	0.01756	0.20141	0.01791	0.01284	0.01879	0.01315	0.01945	0.01170	0.01992	0.18024	0.00481	0.34004	0.00713	0.00341	0.00807
7	0.00881	0.00723	0.00777	0.00763	0.00986	0.00618	0.00572	0.01099	0.01717	0.02147	0.22284	0.06486	0.55035	0.01720	0.00841	0.00237	0.00355	0.01451	0.00691	0.00618
8	0.01477	0.01266	0.01477	0.01055	0.01687	0.00949	0.00844	0.01793	0.01477	0.02320	0.01266	0.01477	0.01055	0.00527	0.00527	0.00105	0.00527	0.00422	0.00422	0.79328
9	0.00868	0.00620	0.00826	0.00991	0.01033	0.00578	0.00661	0.00991	0.01363	0.01818	0.03925	0.74510	0.04710	0.02231	0.00909	0.00289	0.00413	0.02024	0.00661	0.00578
10	0.01108	0.00867	0.01040	0.01092	0.01304	0.00857	0.00882	0.01613	0.11267	0.02211	0.09278	0.12234	0.24709	0.01760	0.00886	0.00278	0.00508	0.26729	0.00676	0.00700
11	0.01282	0.00980	0.01372	0.01321	0.01538	0.00978	0.06477	0.10524	0.01756	0.02343	0.03436	0.34819	0.05936	0.01774	0.00883	0.00281	0.00595	0.20076	0.02907	0.00723
12	0.03031	0.01391	0.01753	0.01353	0.01902	0.01323	0.01115	0.17140	0.05202	0.54056	0.02581	0.02283	0.01664	0.00879	0.00716	0.00220	0.00642	0.00704	0.00839	0.01208
13	0.01428	0.03683	0.71286	0.02030	0.03082	0.01654	0.02631	0.02255	0.01503	0.02255	0.01278	0.01503	0.00902	0.00677	0.00677	0.00226	0.01052	0.00526	0.00301	0.01052
14	0.01345	0.01266	0.02136	0.73264	0.04904	0.01582	0.01978	0.01819	0.01424	0.01819	0.01266	0.01898	0.00949	0.00712	0.00712	0.00237	0.00949	0.00633	0.00316	0.00791
15	0.02631	0.01154	0.01402	0.01133	0.01570	0.03451	0.00915	0.02979	0.04269	0.48082	0.02624	0.02453	0.01764	0.00865	0.00656	0.00205	0.00555	0.00696	0.21542	0.01050
16	0.01237	0.00618	0.00928	0.00928	0.00928	0.00618	0.00618	0.00928	0.00928	0.01237	0.01237	0.02165	0.01237	0.02474	0.02783	0.79283	0.00618	0.00618	0.00309	0.00309
17	0.02968	0.01576	0.01878	0.01440	0.02000	0.01587	0.01189	0.33586	0.02648	0.40049	0.02297	0.02091	0.01506	0.00869	0.00714	0.00217	0.00689	0.00681	0.00803	0.01211
18	0.01123	0.00918	0.01347	0.01286	0.01389	0.01143	0.01021	0.01358	0.01134	0.01665	0.01717	0.02555	0.01615	0.04539	0.58491	0.00981	0.15951	0.00736	0.00368	0.00664
19	0.03195	0.01212	0.01652	0.01267	0.01818	0.01047	0.01047	0.03470	0.02038	0.71026	0.02809	0.02424	0.01763	0.00881	0.00716	0.00220	0.00606	0.00716	0.00881	0.01212
20	0.01147	0.00820	0.01147	0.01311	0.01475	0.00820	0.01147	0.01475	0.01639	0.02131	0.03770	0.08032	0.04098	0.01967	0.00984	0.00328	0.00656	0.65741	0.00656	0.00656
21	0.01681	0.01921	0.04202	0.03001	0.03721	0.01801	0.67947	0.02281	0.01681	0.02281	0.01441	0.01921	0.01080	0.00600	0.00840	0.00240	0.01200	0.00840	0.00360	0.00960
22	0.00868	0.00620	0.00826	0.00991	0.01033	0.00578	0.00661	0.00991	0.01363	0.01818	0.03925	0.74510	0.04710	0.02231	0.00909	0.00289	0.00413	0.02024	0.00661	0.00578
23	0.01414	0.01337	0.02262	0.61766	0.15857	0.01600	0.02012	0.01880	0.01457	0.01904	0.01278	0.01876	0.00979	0.00699	0.00711	0.00233	0.00932	0.00633	0.00322	0.00847
24	0.01651	0.01879	0.04080	0.02921	0.03625	0.01759	0.65587	0.02237	0.01679	0.02268	0.01643	0.02093	0.03502	0.00642	0.00840	0.00240	0.01171	0.00864	0.00371	0.00948
25	0.01428	0.03683	0.71286	0.02030	0.03082	0.01654	0.02631	0.02255	0.01503	0.02255	0.01278	0.01503	0.00902	0.00677	0.00677	0.00226	0.01052	0.00526	0.00301	0.01052
26	0.02986	0.01547	0.01860	0.01426	0.01985	0.01544	0.01178	0.31146	0.02598	0.42559	0.02339	0.02118	0.01527	0.00870	0.00714	0.00217	0.00682	0.00684	0.00809	0.01211
27	0.02660	0.03394	0.02018	0.01834	0.02201	0.72116	0.01376	0.02843	0.02018	0.01743	0.01101	0.01284	0.00917	0.00734	0.00642	0.00183	0.01284	0.00459	0.00367	0.00825
28	0.01854	0.01571	0.01657	0.01466	0.01883	0.01810	0.01147	0.09458	0.63438	0.03112	0.02793	0.02573	0.02089	0.00956	0.00723	0.00239	0.00583	0.00791	0.00723	0.01134
29	0.01428	0.03683	0.71286	0.02030	0.03082	0.01654	0.02631	0.02255	0.01503	0.02255	0.01278	0.01503	0.00902	0.00677	0.00677	0.00226	0.01052	0.00526	0.00301	0.01052
30	0.01518	0.01290	0.01499	0.01075	0.01705	0.00992	0.00861	0.04049	0.01540	0.02394	0.01281	0.01484	0.01060	0.00538	0.00534	0.00109	0.00536	0.00429	0.00432	0.76672
31	0.01345	0.01266	0.02136	0.73264	0.04904	0.01582	0.01978	0.01819	0.01424	0.01819	0.01266	0.01898	0.00949	0.00712	0.00712	0.00237	0.00949	0.00633	0.00316	0.00791
32	0.01762	0.01692	0.02890	0.04371	0.70533	0.01692	0.02185	0.02185	0.01621	0.02326	0.01339	0.01762	0.01128	0.00634	0.00705	0.00211	0.00846	0.00634	0.00352	0.01128
33	0.01625	0.01552	0.02642	0.27025	0.48952	0.01656	0.02117	0.02065	0.01556	0.02160	0.01315	0.01807	0.01069	0.00660	0.00707	0.00220	0.00880	0.00634	0.00341	0.01017
34	0.01035	0.00694	0.00794	0.00794	0.00799	0.00700	0.00453	0.01046	0.01041	0.01393	0.02228	0.04574	0.02551	0.71763	0.06786	0.00711	0.00746	0.01023	0.00429	0.00441
35	0.01558	0.01558	0.02181	0.01869	0.01869	0.02181	0.01558	0.01714	0.01091	0.01714	0.00935	0.01558	0.00935	0.01246	0.02337	0.00312	0.73672	0.00623	0.00312	0.00779
36	0.00897	0.00660	0.00884	0.01029	0.01069	0.00647	0.00700	0.01023	0.01352	0.01813	0.03796	0.71376	0.04547	0.02189	0.00970	0.00290	0.03560	0.01964	0.00646	0.00587
37	0.00894	0.00723	0.00794	0.00777	0.00994	0.00624	0.00583	0.01124	0.01748	0.02219	0.27179	0.06366	0.50094	0.01693	0.00841	0.00235	0.00353	0.01435	0.00700	0.00624
38	0.06902	0.02136	0.04851	0.01860	0.02443	0.09903	0.13033	0.40908	0.02673	0.05962	0.01576	0.01685	0.01138	0.00780	0.00710	0.00216	0.00903	0.00639	0.00588	0.01093
39	0.01575	0.01500	0.02551	0.35356	0.41016	0.01642	0.02092	0.02021	0.01533	0.02098	0.01306	0.01824	0.01048	0.00669	0.00708	0.00223	0.00892	0.00634	0.00336	0.00976
40	0.00876	0.00626	0.00836	0.01001	0.01046	0.00586	0.00676	0.01006	0.01372	0.01827	0.03920	0.72456	0.04691	0.02223	0.00911	0.00290	0.00421	0.03993	0.00661	0.00581
41	0.01440	0.01362	0.02307	0.57611	0.19816	0.01607	0.02025	0.01902	0.01469	0.01935	0.01282	0.01868	0.00990	0.00694	0.00710	0.00231	0.00926	0.00633	0.00325	0.00868
42	0.01715	0.01644	0.02805	0.12118	0.63153	0.01680	0.02162	0.02144	0.01599	0.02269	0.01331	0.01778	0.01108	0.00643	0.00706	0.00214	0.00858	0.00634	0.00348	0.01090
43	0.03161	0.01267	0.01686	0.01293	0.01845	0.01128	0.01068	0.07999	0.02130	0.66368	0.02732	0.02374	0.01724	0.00879	0.00716	0.00220	0.00618	0.00711	0.00869	0.01212
44	0.08119	0.00987	0.01101	0.00982	0.01289	0.01019	0.00772	0.02396	0.12498	0.17413	0.02379	0.02496	0.01779	0.01224	0.06529	0.00276	0.00577	0.00684	0.36619	0.00863
45	0.06310	0.01142	0.01288	0.01120	0.01432	0.01184	0.00859	0.10503	0.15188	0.11885	0.20980	0.03718	0.07845	0.12017	0.01172	0.00295	0.00540	0.00960	0.00696	0.00867
46	0.01120	0.00917	0.01245	0.01213	0.01332	0.03457	0.00943	0.01353	0.01165	0.01649	0.01813	0.02723	0.01715	0.07856	0.60909	0.01022	0.07794	0.00753	0.00377	0.00645
47	0.02991	0.01387	0.01733	0.01335	0.01875	0.01325	0.01101	0.19835	0.02348	0.51177	0.02509	0.02252	0.01625	0.00872	0.00706	0.00216	0.00639	0.00695	0.04191	0.01188
48	0.01011	0.00924	0.04283	0.07585	0.01701	0.00823	0.06467	0.01242	0.01410	0.01886	0.03364	0.56690	0.03891	0.01885	0.00878	0.00279	0.00562	0.03875	0.00590	0.00652
49	0.01623	0.01883	0.06382	0.02785	0.03447	0.01727	0.57660	0.02193	0.01650	0.02248	0.01610	0.02400	0.01319	0.00739	0.00898	0.00249	0.03661	0.06212	0.00381	0.00932
50	0.00868	0.00620	0.00826	0.00991	0.01033	0.00578	0.00661	0.00991	0.01363	0.01818	0.03925	0.74510	0.04710	0.02231	0.00909	0.00289	0.00413	0.02024	0.00661	0.00578
51	0.01531	0.06887	0.10341	0.02438	0.03068	0.01646	0.45305	0.02047	0.01593	0.02158	0.01819	0.14254	0.01672	0.00888	0.00809	0.00241	0.01021	0.00980	0.00402	0.00901
52	0.01711	0.14517	0.34910	0.01949	0.05509	0.07492	0.07445	0.02306	0.03886	0.04937	0.01383	0.01700	0.01089	0.04132	0.00862	0.00236	0.04027	0.00573	0.00359	0.00977
53	0.00868	0.00620	0.00826	0.00991	0.01033	0.00578	0.00661	0.00991	0.01363	0.01818	0.03925	0.74510	0.04710	0.02231	0.00909	0.00289	0.00413	0.02024	0.00661	0.00578
54	0.01355	0.00728	0.00767	0.00733	0.00954	0.00680	0.00558	0.01639	0.01578	0.08476	0.03743	0.03817	0.21091	0.01108	0.00614	0.00192	0.00364	0.00905	0.50004	0.00694
55	0.01923	0.06228	0.32772	0.02241	0.11659	0.21608	0.04426	0.02496	0.03685	0.04549	0.01331	0.01542	0.01011	0.00697	0.00670	0.00209	0.01053	0.00541	0.00362	0.00997
56	0.02249	0.01944	0.02153	0.01784	0.04095	0.10435	0.08234	0.35309	0.12351	0.03402	0.03944	0.07200	0.01715	0.00941	0.00737	0.00223	0.00818	0.00783	0.00624	0.01062
57	0.08096	0.13706	0.20483	0.01355	0.01952	0.01607	0.01391	0.12715	0.01851	0.02623	0.10146	0.02781	0.13219	0.00965	0.00668	0.00209	0.00700	0.00756	0.00501	0.04277
58	0.02030	0.04516	0.01794	0.16143	0.04739	0.21583	0.01273	0.02299	0.01717	0.15160	0.06584	0.02468	0.03737	0.07638	0.05027	0.00305	0.00941	0.00703	0.00497	0.00844
59	0.01326	0.00713	0.00733	0.00716	0.00868	0.00721	0.00516	0.03816	0.01480	0.02504	0.02289	0.02957	0.01932	0.13204	0.01027	0.00255	0.00407	0.00725	0.63169	0.00644
60	0.01957	0.70356	0.03611	0.01262	0.01854	0.07675	0.01229	0.02182	0.01487	0.01680	0.00998	0.01152	0.00914	0.00618	0.00470	0.00154	0.00798	0.00386	0.00309	0.00908
61	0.03131	0.01214	0.01646	0.01259	0.01813	0.01043	0.01039	0.03408	0.02017	0.68462	0.02752	0.02388	0.01736	0.00868	0.00709	0.00216	0.00603	0.00705	0.00864	0.04128
62	0.01331	0.01243	0.02087	0.70266	0.04745	0.01544	0.01923	0.01800	0.01448	0.01862	0.04119	0.02040	0.01188	0.00743	0.00717	0.00237	0.00924	0.00660	0.00336	0.00786
63	0.01771	0.01530	0.01610	0.01449	0.01852	0.01771	0.01127	0.03784	0.69247	0.02979	0.02898	0.02657	0.02174	0.00966	0.00725	0.00242	0.00564	0.00805	0.00725	0.01127
64	0.01742	0.01697	0.02974	0.06568	0.62783	0.01697	0.07641	0.02181	0.01620	0.02306	0.01345	0.01780	0.01118	0.00634	0.00716	0.00215	0.00879	0.00651	0.00352	0.01103
65	0.00868	0.00620	0.00826	0.00991	0.01033	0.00578	0.00661	0.00991	0.01363	0.01818	0.03925	0.74510	0.04710	0.02231	0.00909	0.00289	0.00413	0.02024	0.00661	0.00578
66	0.01428	0.03683	0.71286	0.02030	0.03082	0.01654	0.02631	0.02255	0.01503	0.02255	0.01278	0.01503	0.00902	0.00677	0.00677	0.00226	0.01052	0.00526	0.00301	0.01052
67	0.02848	0.01176	0.01522	0.01193	0.01681	0.01065	0.00977	0.07773	0.02040	0.54879	0.02650	0.02411	0.01734	0.00871	0.00679	0.00211	0.00573	0.00702	0.13894	0.01120
68	0.08102	0.02478	0.27190	0.02551	0.06197	0.01728	0.36827	0.02252	0.01578	0.02350	0.01342	0.01705	0.00995	0.00633	0.00744	0.00232	0.01080	0.00685	0.00346	0.00984
69	0.03195	0.01212	0.01652	0.01267	0.01818	0.01047	0.01047	0.03470	0.02038	0.71026	0.02809	0.02424	0.01763	0.00881	0.00716	0.00220	0.00606	0.00716	0.00881	0.01212
70	0.01017	0.00763	0.01144	0.01144	0.01272	0.00890	0.00890	0.01272	0.01144	0.01653	0.01907	0.02797	0.01780	0.05340	0.72153	0.01144	0.01907	0.00763	0.00381	0.00636
71	0.01425	0.07468	0.01365	0.01024	0.01299	0.01034	0.00814	0.07763	0.02090	0.08564	0.52142	0.04377	0.05287	0.01278	0.00784	0.00216	0.00437	0.01101	0.00743	0.00788
72	0.03118	0.01335	0.01729	0.01325	0.01879	0.01230	0.01095	0.13672	0.02245	0.60533	0.02636	0.02311	0.01676	0.00877	0.00715	0.00219	0.00634	0.00704	0.00855	0.01212
73	0.01219	0.00630	0.00945	0.00945	0.00955	0.00640	0.00640	0.00955	0.00945	0.01270	0.01291	0.02216	0.01281	0.02705	0.08376	0.72983	0.00722	0.00630	0.00315	0.00336
74	0.00950	0.00747	0.00878	0.00949	0.01146	0.00675	0.00762	0.01177	0.01607	0.01987	0.05742	0.12883	0.41775	0.01896	0.00897	0.00275	0.00468	0.23908	0.00659	0.00618
75	0.08145	0.03718	0.02513	0.02081	0.05137	0.04033	0.13245	0.01909	0.01264	0.01963	0.01053	0.01578	0.00954	0.01025	0.01744	0.00279	0.47562	0.00631	0.00334	0.00831
76	0.80005	0.01377	0.01047	0.00936	0.01377	0.01597	0.00771	0.02093	0.01212	0.03195	0.00991	0.01157	0.00771	0.00661	0.00441	0.00220	0.00551	0.00386	0.00441	0.00771
77	0.02548	0.01830	0.01984	0.01567	0.02100	0.02018	0.01280	0.49044	0.17307	0.09692	0.02055	0.01971	0.01462	0.00881	0.00715	0.00220	0.00722	0.00682	0.00729	0.01193
78	0.00880	0.00634	0.00813	0.00951	0.01004	0.00590	0.00631	0.00998	0.01355	0.01788	0.04042	0.62898	0.09806	0.08609	0.01143	0.00321	0.00433	0.01895	0.00641	0.00567
79	0.01490	0.01586	0.04353	0.01974	0.02209	0.04368	0.17584	0.01779	0.01320	0.01876	0.01537	0.10962	0.01520	0.01539	0.07836	0.00358	0.35684	0.00857	0.00375	0.00795
80	0.01022	0.00684	0.00781	0.00794	0.00798	0.00681	0.00451	0.01032	0.01063	0.01417	0.02383	0.10462	0.02765	0.68933	0.03399	0.00657	0.00667	0.01118	0.00451	0.00444
81	0.01428	0.03683	0.71286	0.02030	0.03082	0.01654	0.02631	0.02255	0.01503	0.02255	0.01278	0.01503	0.00902	0.00677	0.00677	0.00226	0.01052	0.00526	0.00301	0.01052
82	0.00868	0.00620	0.00826	0.00991	0.01033	0.00578	0.00661	0.00991	0.01363	0.01818	0.03925	0.74510	0.04710	0.02231	0.00909	0.00289	0.00413	0.02024	0.00661	0.00578
83	0.04723	0.01918	0.03573	0.02595	0.03260	0.05015	0.50348	0.08924	0.01874	0.08217	0.01549	0.01885	0.01132	0.00657	0.00794	0.00233	0.01091	0.00777	0.00441	0.00993
84	0.01194	0.04244	0.01634	0.01411	0.01638	0.03623	0.12286	0.03350	0.01535	0.01995	0.03309	0.46410	0.06010	0.01749	0.00865	0.00270	0.00623	0.06578	0.00584	0.00693
85	0.01237	0.00618	0.00928	0.00928	0.00928	0.00618	0.00618	0.00928	0.00928	0.01237	0.01237	0.02165	0.01237	0.02474	0.02783	0.79283	0.00618	0.00618	0.00309	0.00309
86	0.03818	0.01443	0.02384	0.08955	0.38282	0.01466	0.06284	0.02056	0.01630	0.07242	0.06858	0.05144	0.04748	0.00892	0.00798	0.00229	0.03297	0.03039	0.00456	0.00980
87	0.04536	0.04353	0.08337	0.01890	0.08419	0.03275	0.11654	0.10075	0.09344	0.08314	0.01755	0.04946	0.01394	0.00764	0.00678	0.00199	0.00770	0.00676	0.00507	0.18113
88	0.03195	0.01212	0.01652	0.01267	0.01818	0.01047	0.01047	0.03470	0.02038	0.71026	0.02809	0.02424	0.01763	0.00881	0.00716	0.00220	0.00606	0.00716	0.00881	0.01212
89	0.12804	0.01104	0.01304	0.01229	0.01558	0.03111	0.01025	0.02258	0.04182	0.22888	0.07534	0.06646	0.02970	0.01361	0.00797	0.00265	0.00613	0.26796	0.00696	0.00859
90	0.01480	0.09565	0.63235	0.01942	0.02935	0.01754	0.02461	0.02298	0.03871	0.02232	0.01311	0.01514	0.00948	0.00681	0.00660	0.00220	0.01011	0.00524	0.00316	0.01043
91	0.02358	0.02773	0.02022	0.01794	0.02090	0.48414	0.01390	0.07960	0.01894	0.01961	0.01154	0.01446	0.00985	0.01063	0.04301	0.00257	0.16393	0.00522	0.00385	0.00839
92	0.00887	0.00628	0.00821	0.00967	0.01003	0.00591	0.00635	0.00997	0.01326	0.01767	0.03731	0.66458	0.04465	0.10617	0.01222	0.00335	0.00445	0.01910	0.00635	0.00561
93	0.01749	0.01729	0.03101	0.04151	0.59820	0.01709	0.12730	0.02201	0.01631	0.02319	0.01356	0.01788	0.01120	0.00629	0.00727	0.00216	0.00903	0.00667	0.00354	0.01101
94	0.01697	0.01659	0.02664	0.21481	0.51171	0.04714	0.02098	0.02122	0.01589	0.02174	0.01311	0.01776	0.01074	0.00658	0.00704	0.00217	0.00891	0.00626	0.00344	0.01031
95	0.03053	0.01266	0.01665	0.01295	0.01834	0.01149	0.01064	0.05668	0.08006	0.62796	0.02780	0.02420	0.01780	0.00888	0.00717	0.00222	0.00608	0.00721	0.00862	0.01204
96	0.01653	0.01866	0.04030	0.08837	0.03820	0.01783	0.62468	0.02243	0.01659	0.02243	0.01426	0.01919	0.01070	0.00610	0.00830	0.00240	0.01180	0.00823	0.00357	0.00946
97	0.01006	0.00734	0.00955	0.00960	0.01123	0.00683	0.00742	0.01309	0.01862	0.02562	0.47623	0.11671	0.11698	0.01639	0.00871	0.00249	0.00400	0.12518	0.00741	0.00655
98	0.00970	0.00726	0.00900	0.00856	0.01041	0.00656	0.00642	0.01271	0.01927	0.02645	0.55913	0.05666	0.21095	0.01534	0.00840	0.00228	0.00342	0.01336	0.00756	0.00656
99	0.01005	0.00751	0.01118	0.01132	0.01252	0.00864	0.00871	0.01248	0.01163	0.01667	0.02075	0.08754	0.02023	0.05082	0.66236	0.01073	0.01783	0.00868	0.00405	0.00631
100	0.15169	0.09165	0.50657	0.01812	0.02707	0.01747	0.04895	0.02218	0.01455	0.02372	0.01211	0.01430	0.00888	0.00665	0.00624	0.00219	0.00947	0.00503	0.00328	0.00988
101	0.02260	0.02727	0.04790	0.02850	0.29420	0.41629	0.01742	0.02561	0.01842	0.01993	0.01202	0.01482	0.01001	0.00692	0.00668	0.00196	0.01102	0.00531	0.00359	0.00954
102	0.00868	0.00620	0.00826	0.00991	0.01033	0.00578	0.00661	0.00991	0.01363	0.01818	0.03925	0.74510	0.04710	0.02231	0.00909	0.00289	0.00413	0.02024	0.00661	0.00578
103	0.07724	0.01155	0.01460	0.01179	0.01632	0.01068	0.00953	0.07068	0.01962	0.47734	0.05468	0.08789	0.02133	0.01004	0.00702	0.00222	0.00563	0.00824	0.07301	0.01059
104	0.02028	0.01945	0.08374	0.02711	0.25287	0.01892	0.07886	0.26520	0.02202	0.03047	0.01536	0.04240	0.01243	0.00822	0.00860	0.00227	0.06907	0.00694	0.00489	0.01089
105	0.03055	0.01203	0.01622	0.01258	0.01788	0.01056	0.01034	0.03393	0.04366	0.65844	0.05602	0.02552	0.01982	0.00908	0.00721	0.00221	0.00593	0.00743	0.00872	0.01187
106	0.00883	0.00631	0.00843	0.00999	0.01050	0.00591	0.00679	0.01023	0.01400	0.01872	0.06663	0.69294	0.04771	0.02189	0.00909	0.00288	0.00418	0.04247	0.00666	0.00585
107	0.01709	0.01423	0.01570	0.01152	0.01765	0.04024	0.00923	0.08406	0.01703	0.05003	0.01358	0.01526	0.01090	0.00581	0.00557	0.00123	0.00587	0.00456	0.00465	0.65580
108	0.01569	0.15497	0.57647	0.01868	0.02830	0.01826	0.02341	0.02277	0.01513	0.04559	0.01284	0.01476	0.00934	0.00672	0.00641	0.00213	0.00989	0.00509	0.00322	0.01035
109	0.01666	0.26355	0.27136	0.01675	0.04545	0.04508	0.01722	0.03707	0.01519	0.03924	0.01508	0.09783	0.01384	0.00889	0.00767	0.00213	0.06722	0.00668	0.00375	0.00934
110	0.01478	0.14051	0.58960	0.01875	0.02827	0.01786	0.02356	0.02193	0.01490	0.02155	0.01328	0.03998	0.01037	0.00721	0.00653	0.00217	0.00988	0.00557	0.00314	0.01016
111	0.04976	0.01824	0.03739	0.11081	0.03696	0.01784	0.54541	0.05049	0.01703	0.02360	0.01413	0.01877	0.01058	0.00627	0.00803	0.00238	0.01126	0.00788	0.00374	0.00943
112	0.01467	0.01520	0.13162	0.01420	0.01859	0.01160	0.06718	0.02039	0.09510	0.09257	0.14428	0.15243	0.07682	0.01217	0.00839	0.00234	0.03761	0.01056	0.00594	0.06834
113	0.01024	0.00801	0.00970	0.00944	0.01180	0.00694	0.00716	0.01263	0.01621	0.02184	0.18269	0.21859	0.22273	0.01635	0.00820	0.00236	0.00429	0.08532	0.00646	0.13906
114	0.01017	0.00763	0.01144	0.01144	0.01272	0.00890	0.00890	0.01272	0.01144	0.01653	0.01907	0.02797	0.01780	0.05340	0.72153	0.01144	0.01907	0.00763	0.00381	0.00636
115	0.01728	0.01715	0.02566	0.22008	0.44772	0.07528	0.02018	0.02213	0.04508	0.02173	0.01367	0.01796	0.01109	0.00677	0.00702	0.00217	0.00897	0.00627	0.00360	0.01015
116	0.02711	0.01480	0.02441	0.01806	0.02409	0.01357	0.20794	0.08041	0.02032	0.45696	0.02322	0.02221	0.01520	0.00796	0.00752	0.00226	0.00795	0.00747	0.00715	0.01138
117	0.01563	0.01488	0.02529	0.37329	0.39137	0.01639	0.02086	0.02010	0.01527	0.02084	0.01304	0.01827	0.01042	0.00672	0.00708	0.00224	0.00895	0.00634	0.00335	0.00967
118	0.00975	0.00718	0.00912	0.00881	0.01048	0.00655	0.00654	0.01273	0.01911	0.02649	0.56500	0.11265	0.14783	0.01565	0.00846	0.00232	0.00346	0.01377	0.00758	0.00655
119	0.01762	0.25208	0.36752	0.01711	0.02483	0.13729	0.01923	0.02283	0.01591	0.02016	0.03661	0.01496	0.01119	0.00694	0.00610	0.00196	0.00977	0.00499	0.00330	0.00959
120	0.01428	0.03683	0.71286	0.02030	0.03082	0.01654	0.02631	0.02255	0.01503	0.02255	0.01278	0.01503	0.00902	0.00677	0.00677	0.00226	0.01052	0.00526	0.00301	0.01052
121	0.00891	0.00649	0.00800	0.00910	0.00978	0.00601	0.00602	0.01004	0.01352	0.01763	0.04199	0.51432	0.15419	0.14299	0.01351	0.00348	0.00451	0.01771	0.00623	0.00558
122	0.02538	0.01503	0.01870	0.01683	0.07637	0.04390	0.03559	0.06376	0.22792	0.35909	0.02544	0.02342	0.01752	0.00870	0.00719	0.00225	0.00670	0.00727	0.00741	0.01154
123	0.01477	0.01266	0.01477	0.01055	0.01687	0.00949	0.00844	0.01793	0.01477	0.02320	0.01266	0.01477	0.01055	0.00527	0.00527	0.00105	0.00527	0.00422	0.00422	0.79328
124	0.02695	0.02341	0.02108	0.01687	0.02207	0.19511	0.01359	0.51993	0.03019	0.03808	0.01559	0.01604	0.01138	0.00825	0.00695	0.00206	0.00907	0.00596	0.00627	0.01116
125	0.00868	0.00620	0.00826	0.00991	0.01033	0.00578	0.00661	0.00991	0.01363	0.01818	0.03925	0.74510	0.04710	0.02231	0.00909	0.00289	0.00413	0.02024	0.00661	0.00578
126	0.01345	0.01266	0.02136	0.73264	0.04904	0.01582	0.01978	0.01819	0.01424	0.01819	0.01266	0.01898	0.00949	0.00712	0.00712	0.00237	0.00949	0.00633	0.00316	0.00791
127	0.01019	0.00757	0.01116	0.01116	0.01233	0.00875	0.00854	0.01253	0.01136	0.01632	0.01933	0.02942	0.01843	0.10745	0.66834	0.01109	0.01813	0.00784	0.00385	0.00620
128	0.01327	0.00664	0.00664	0.00664	0.00830	0.00664	0.00498	0.01659	0.01493	0.02655	0.02323	0.02655	0.01825	0.00830	0.00498	0.00166	0.00332	0.00664	0.78928	0.00664
129	0.03132	0.01313	0.01715	0.01315	0.01868	0.01197	0.01086	0.11852	0.02208	0.62405	0.02667	0.02331	0.01691	0.00878	0.00716	0.00219	0.00629	0.00706	0.00859	0.01212
130	0.01017	0.00763	0.01144	0.01144	0.01272	0.00890	0.00890	0.01272	0.01144	0.01653	0.01907	0.02797	0.01780	0.05340	0.72153	0.01144	0.01907	0.00763	0.00381	0.00636
131	0.02660	0.03394	0.02018	0.01834	0.02201	0.72116	0.01376	0.02843	0.02018	0.01743	0.01101	0.01284	0.00917	0.00734	0.00642	0.00183	0.01284	0.00459	0.00367	0.00825
132	0.00863	0.00722	0.00751	0.00744	0.00975	0.00610	0.00558	0.01063	0.01673	0.02042	0.15233	0.06657	0.62151	0.01759	0.00841	0.00238	0.00358	0.01475	0.00677	0.00610
133	0.71155	0.01448	0.01171	0.01017	0.01472	0.01667	0.00838	0.09658	0.01456	0.03343	0.01074	0.01220	0.00822	0.00683	0.00472	0.00220	0.00577	0.00415	0.00472	0.00822
134	0.14818	0.45020	0.20266	0.01375	0.02068	0.02321	0.01499	0.02157	0.01422	0.02075	0.01063	0.01235	0.00887	0.00635	0.00509	0.00182	0.00799	0.00418	0.00326	0.00925
135	0.14930	0.04678	0.23056	0.01691	0.04335	0.14696	0.01608	0.02753	0.18738	0.04424	0.01645	0.01721	0.01237	0.00760	0.00639	0.00218	0.00860	0.00565	0.00462	0.00985

[dist]
# distance from previous block
# <min> <max>
1	6

[block]
# block no. 3 follows, 29 sequences, length 10
# corresponding to MSA columns:
# 734-743
name=unknown_D
#
# <colnr> <probs for GDERKNQSTAVLIFYWHMCP>
#	G	D	E	R	K	N	Q	S	T	A	V	L	I	F	Y	W	H	M	C	P
0	0.05962	0.00889	0.01067	0.00975	0.01275	0.00807	0.00778	0.01796	0.01793	0.18711	0.20139	0.05257	0.27165	0.01457	0.00806	0.00241	0.00460	0.08915	0.00729	0.00779
1	0.07665	0.35140	0.06829	0.01284	0.01770	0.15425	0.01175	0.02079	0.01642	0.02038	0.12193	0.02211	0.06274	0.00850	0.00589	0.00185	0.00772	0.00619	0.00424	0.00837
2	0.01900	0.62789	0.11132	0.01348	0.01991	0.07154	0.01386	0.02192	0.01490	0.01744	0.01029	0.01192	0.00913	0.00625	0.00493	0.00162	0.00828	0.00402	0.00308	0.00924
3	0.00874	0.00635	0.00812	0.00950	0.01011	0.00587	0.00635	0.00997	0.01374	0.01806	0.04199	0.63193	0.11881	0.06135	0.01049	0.00306	0.00422	0.01913	0.00649	0.00573
4	0.00929	0.00664	0.00894	0.01043	0.01116	0.00629	0.00751	0.01106	0.01463	0.01953	0.08861	0.57193	0.04749	0.02125	0.00917	0.00291	0.00452	0.13596	0.00669	0.00599
5	0.01741	0.02873	0.44101	0.02233	0.05723	0.01604	0.16873	0.02426	0.01621	0.11748	0.01528	0.01733	0.01069	0.00686	0.00719	0.00227	0.01015	0.00626	0.00396	0.01057
6	0.01017	0.00743	0.00976	0.01109	0.01243	0.00713	0.00888	0.01251	0.01533	0.01979	0.04267	0.26613	0.14150	0.05098	0.01052	0.00319	0.00544	0.35241	0.00649	0.00616
7	0.01395	0.01364	0.02446	0.62703	0.04727	0.01615	0.11893	0.01889	0.01462	0.01889	0.01292	0.01902	0.00969	0.00695	0.00731	0.00238	0.00987	0.00664	0.00323	0.00816
8	0.33567	0.01414	0.01544	0.12031	0.02159	0.01561	0.01142	0.15173	0.01844	0.16031	0.01692	0.02049	0.01281	0.00830	0.00621	0.00228	0.00673	0.04649	0.00572	0.00936
9	0.01579	0.01714	0.03559	0.02719	0.07076	0.01640	0.51467	0.02112	0.01704	0.02348	0.11743	0.02408	0.01925	0.00756	0.00891	0.00239	0.03890	0.00887	0.00421	0.00920

[dist]
# distance from previous block
# <min> <max>
1	4

[block]
# block no. 4 follows, 29 sequences, length 14
# corresponding to MSA columns:
# 750-763
name=unknown_E
#
# <colnr> <probs for GDERKNQSTAVLIFYWHMCP>
#	G	D	E	R	K	N	Q	S	T	A	V	L	I	F	Y	W	H	M	C	P
0	0.00905	0.00664	0.00854	0.00962	0.01058	0.00613	0.00680	0.01084	0.01520	0.02016	0.14755	0.49927	0.13892	0.02033	0.00894	0.00275	0.00410	0.06178	0.00680	0.00601
1	0.00898	0.00648	0.00857	0.01013	0.01079	0.00607	0.00710	0.01048	0.01409	0.01859	0.04084	0.63275	0.08175	0.02178	0.00914	0.00291	0.00438	0.09267	0.00660	0.00588
2	0.05934	0.20869	0.24133	0.01509	0.02217	0.01796	0.01603	0.07584	0.01768	0.21245	0.01722	0.01863	0.01257	0.00768	0.00632	0.00207	0.00799	0.02535	0.00511	0.01048
3	0.05223	0.03008	0.01974	0.01751	0.02151	0.55431	0.01335	0.11781	0.06735	0.02250	0.01302	0.01431	0.01038	0.00764	0.00650	0.00193	0.01142	0.00505	0.00441	0.00897
4	0.00905	0.00635	0.00815	0.00944	0.00976	0.00603	0.00610	0.01001	0.01291	0.01721	0.03554	0.59101	0.04242	0.18279	0.01508	0.00378	0.00474	0.01806	0.00610	0.00546
5	0.05869	0.55950	0.10174	0.01334	0.01975	0.02569	0.01353	0.09841	0.01662	0.02137	0.01103	0.01245	0.00940	0.00647	0.00508	0.00170	0.00783	0.00426	0.00359	0.00955
6	0.02442	0.04949	0.02066	0.01541	0.02035	0.01711	0.05725	0.29225	0.06819	0.21662	0.06574	0.04613	0.01865	0.00945	0.00805	0.00224	0.04241	0.00761	0.00700	0.01098
7	0.00879	0.00624	0.00823	0.00977	0.01015	0.00586	0.00645	0.00994	0.01341	0.01788	0.03810	0.69756	0.04565	0.07182	0.01094	0.00316	0.00432	0.01957	0.00645	0.00568
8	0.00997	0.00748	0.00938	0.00949	0.01136	0.00689	0.00751	0.01290	0.01821	0.02435	0.37579	0.06376	0.22886	0.01670	0.00875	0.00253	0.00419	0.16816	0.00721	0.00649
9	0.02651	0.01709	0.06041	0.01436	0.01970	0.06429	0.01225	0.19932	0.07498	0.34439	0.07299	0.02334	0.01906	0.00900	0.00717	0.00218	0.00704	0.00716	0.00746	0.01128
10	0.01689	0.01896	0.04061	0.03148	0.10890	0.01789	0.60892	0.02271	0.01674	0.02286	0.01430	0.01904	0.01086	0.00604	0.00826	0.00237	0.01162	0.00818	0.00359	0.00978
11	0.01916	0.01555	0.01777	0.05259	0.06699	0.01759	0.01259	0.09787	0.51254	0.06692	0.02591	0.02454	0.01926	0.00915	0.00721	0.00235	0.00626	0.00764	0.00686	0.01123
12	0.01625	0.01580	0.02776	0.25730	0.43882	0.01668	0.08207	0.02080	0.01565	0.02164	0.01326	0.01819	0.01068	0.00655	0.00720	0.00222	0.00911	0.00653	0.00342	0.01007
13	0.01654	0.02666	0.38420	0.04929	0.02797	0.01654	0.08408	0.05832	0.15566	0.05852	0.04022	0.01980	0.01434	0.00775	0.00713	0.00230	0.00903	0.00659	0.00459	0.01051

[dist]
# distance from previous block
# <min> <max>
2	3

[block]
# block no. 5 follows, 29 sequences, length 69
# corresponding to MSA columns:
# 768-803,806-838
name=unknown_F
#
# <colnr> <probs for GDERKNQSTAVLIFYWHMCP>
#	G	D	E	R	K	N	Q	S	T	A	V	L	I	F	Y	W	H	M	C	P
0	0.11847	0.12404	0.19280	0.01443	0.02091	0.01671	0.01451	0.07611	0.09136	0.21481	0.01984	0.01941	0.03056	0.00795	0.00639	0.00214	0.00735	0.00604	0.00565	0.01050
1	0.12707	0.01554	0.04789	0.01213	0.01607	0.10713	0.01001	0.07373	0.06949	0.13094	0.17672	0.03322	0.12967	0.01092	0.00713	0.00221	0.00626	0.00873	0.00642	0.00873
2	0.01259	0.00818	0.01021	0.01064	0.01204	0.00809	0.00753	0.01633	0.10095	0.08855	0.03416	0.43515	0.03730	0.12990	0.01284	0.00340	0.00508	0.05356	0.00656	0.00694
3	0.01575	0.02325	0.25677	0.02206	0.02846	0.01736	0.24716	0.05339	0.01565	0.02268	0.01379	0.01790	0.01075	0.01006	0.04708	0.00290	0.13725	0.00676	0.04159	0.00941
4	0.01609	0.06433	0.44324	0.01801	0.02613	0.01745	0.02067	0.07055	0.17628	0.02545	0.01766	0.02009	0.01340	0.00800	0.00691	0.00229	0.00890	0.02955	0.00442	0.01060
5	0.01053	0.00822	0.00969	0.00925	0.01141	0.00784	0.00704	0.01539	0.09687	0.02575	0.41794	0.05551	0.24423	0.01518	0.00832	0.00235	0.00381	0.03628	0.00737	0.00704
6	0.01613	0.07087	0.29977	0.06146	0.15591	0.01730	0.04630	0.05283	0.12624	0.02404	0.01683	0.05162	0.01353	0.00790	0.00697	0.00224	0.00874	0.00676	0.00418	0.01037
