[name]
unknown

[dist]
# distance from previous block
# <min> <max>
0	42

[block]
# block no. 0 follows, 37 sequences, length 33
# corresponding to MSA columns:
# 45-77
name=unknown_A
#
# <colnr> <probs for GDERKNQSTAVLIFYWHMCP>
#	G	D	E	R	K	N	Q	S	T	A	V	L	I	F	Y	W	H	M	C	P
0	0.08389	0.24606	0.04778	0.01220	0.01647	0.10829	0.03087	0.14208	0.03548	0.05258	0.06064	0.02049	0.01491	0.00764	0.00551	0.00176	0.00671	0.07800	0.00431	0.02432
1	0.03665	0.21864	0.22751	0.01476	0.03657	0.13087	0.03540	0.09331	0.07040	0.04987	0.01209	0.01319	0.00929	0.00611	0.00534	0.00170	0.00782	0.00452	0.00359	0.02235
2	0.00890	0.00593	0.00668	0.00668	0.00668	0.00593	0.00371	0.00890	0.00890	0.01187	0.01929	0.04006	0.02225	0.78487	0.03116	0.00593	0.00593	0.00890	0.00371	0.00371
3	0.01573	0.22944	0.11823	0.01498	0.03523	0.10003	0.08148	0.04573	0.04779	0.03709	0.03432	0.01546	0.03285	0.00714	0.00787	0.00183	0.13505	0.00516	0.00342	0.03118
4	0.01895	0.06229	0.09352	0.01288	0.01766	0.03666	0.01138	0.29810	0.15429	0.09897	0.01729	0.04865	0.01322	0.00754	0.00589	0.00181	0.00621	0.00594	0.02498	0.06375
5	0.01045	0.00538	0.00784	0.00784	0.00784	0.00538	0.00515	0.00807	0.00807	0.01076	0.01154	0.02085	0.01185	0.10105	0.02468	0.73665	0.00538	0.00569	0.00277	0.00277
6	0.00746	0.00533	0.00710	0.00852	0.00888	0.00497	0.00568	0.00852	0.01172	0.01563	0.03374	0.78088	0.04049	0.01918	0.00781	0.00249	0.00355	0.01740	0.00568	0.00497
7	0.08714	0.01833	0.01767	0.01635	0.09406	0.20084	0.04498	0.27985	0.08138	0.02641	0.01640	0.01711	0.05800	0.00726	0.00591	0.00182	0.00746	0.00562	0.00471	0.00869
8	0.09747	0.11508	0.11199	0.06708	0.09169	0.13548	0.03131	0.10862	0.03924	0.03863	0.01381	0.04298	0.02541	0.03044	0.00631	0.00192	0.00735	0.00542	0.02179	0.00800
9	0.01510	0.01464	0.02526	0.03576	0.66672	0.01464	0.07024	0.01936	0.04115	0.02018	0.01208	0.01554	0.01000	0.00554	0.00615	0.00185	0.00740	0.00564	0.00316	0.00959
10	0.00746	0.00533	0.00710	0.00852	0.00888	0.00497	0.00568	0.00852	0.01172	0.01563	0.03374	0.78088	0.04049	0.01918	0.00781	0.00249	0.00355	0.01740	0.00568	0.00497
11	0.01337	0.01417	0.05071	0.27740	0.26623	0.03709	0.15513	0.01735	0.01348	0.01800	0.01435	0.03793	0.04440	0.00650	0.00638	0.00197	0.00806	0.00638	0.00312	0.00800
12	0.01975	0.13552	0.18531	0.01437	0.03633	0.01623	0.03096	0.27393	0.01944	0.16608	0.01510	0.03457	0.01107	0.00694	0.00580	0.00181	0.00695	0.00542	0.00492	0.00951
13	0.00832	0.00583	0.00737	0.00834	0.00882	0.00561	0.00553	0.03256	0.01187	0.01598	0.03045	0.61809	0.03594	0.13970	0.01136	0.00298	0.00402	0.01535	0.02691	0.00497
14	0.02069	0.02505	0.01946	0.02192	0.22431	0.54984	0.01379	0.02285	0.01638	0.01640	0.01004	0.01220	0.00840	0.00607	0.00567	0.00165	0.00998	0.00437	0.00312	0.00783
15	0.01517	0.01225	0.01307	0.01170	0.01510	0.01378	0.00912	0.02987	0.61442	0.07093	0.02874	0.02648	0.09427	0.00901	0.00633	0.00206	0.00469	0.00750	0.00626	0.00926
16	0.01637	0.78856	0.03208	0.01047	0.01571	0.02422	0.01047	0.01833	0.01244	0.01440	0.00851	0.00982	0.00786	0.00524	0.00393	0.00131	0.00655	0.00327	0.00262	0.00786
17	0.01180	0.02719	0.61570	0.01571	0.02354	0.01277	0.01957	0.01812	0.01352	0.02012	0.11182	0.01743	0.01470	0.00668	0.00595	0.00189	0.00799	0.00538	0.00321	0.04692
18	0.40507	0.05140	0.01367	0.01078	0.01473	0.09107	0.00880	0.21047	0.05359	0.02833	0.05063	0.01392	0.01120	0.00668	0.00491	0.00183	0.00591	0.00457	0.00458	0.00787
19	0.00858	0.00625	0.00806	0.00761	0.00909	0.00574	0.00571	0.01138	0.01712	0.02406	0.70230	0.04652	0.09922	0.01269	0.00722	0.00193	0.00290	0.01118	0.00667	0.00574
20	0.00883	0.00604	0.00716	0.00716	0.00740	0.00618	0.00436	0.00922	0.00920	0.01237	0.02007	0.03807	0.04205	0.64567	0.14589	0.00644	0.00751	0.00865	0.00370	0.00403
21	0.71857	0.01216	0.01030	0.00907	0.01250	0.01442	0.00749	0.03914	0.01087	0.02647	0.00866	0.01045	0.00689	0.00626	0.00556	0.00197	0.08514	0.00359	0.00374	0.00675
22	0.02310	0.01736	0.01788	0.03033	0.01916	0.07581	0.01153	0.58873	0.04371	0.08788	0.01514	0.01509	0.01071	0.00728	0.00608	0.00183	0.00695	0.00547	0.00593	0.01006
23	0.00874	0.00656	0.00984	0.00984	0.01093	0.00765	0.00765	0.01093	0.00984	0.01421	0.01640	0.02405	0.01530	0.04591	0.76062	0.00984	0.01640	0.00656	0.00328	0.00547
24	0.00726	0.00611	0.00630	0.00644	0.00833	0.00515	0.00476	0.00876	0.01372	0.01644	0.05906	0.13435	0.67068	0.01589	0.00730	0.00211	0.00315	0.01339	0.00568	0.00515
25	0.01437	0.01191	0.01682	0.07126	0.18276	0.01243	0.05869	0.10404	0.15953	0.05644	0.02453	0.12084	0.10388	0.00959	0.00661	0.00205	0.00588	0.02514	0.00495	0.00828
26	0.78508	0.01176	0.00928	0.00820	0.01204	0.01348	0.00676	0.01863	0.01080	0.06635	0.00936	0.01053	0.00709	0.00578	0.00392	0.00189	0.00476	0.00347	0.00399	0.00683
27	0.00723	0.00620	0.00620	0.00620	0.00827	0.00517	0.00465	0.00878	0.01395	0.01654	0.06201	0.05891	0.74421	0.01550	0.00723	0.00207	0.00310	0.01292	0.00568	0.00517
28	0.00746	0.00533	0.00710	0.00852	0.00888	0.00497	0.00568	0.00852	0.01172	0.01563	0.03374	0.78088	0.04049	0.01918	0.00781	0.00249	0.00355	0.01740	0.00568	0.00497
29	0.01388	0.17962	0.51310	0.01558	0.02312	0.05539	0.01862	0.02049	0.07072	0.01867	0.01153	0.01300	0.00865	0.00593	0.00546	0.00181	0.00832	0.00444	0.00291	0.00876
30	0.56230	0.11408	0.01348	0.00931	0.01340	0.01574	0.00790	0.13652	0.01383	0.02748	0.00990	0.01112	0.00770	0.00595	0.00421	0.00179	0.00525	0.00375	0.02890	0.00739
31	0.01605	0.41945	0.26691	0.01361	0.01977	0.13740	0.01468	0.01964	0.01337	0.01613	0.00947	0.01103	0.00783	0.00560	0.00480	0.00156	0.00808	0.00379	0.00269	0.00813
32	0.01224	0.13894	0.54632	0.01501	0.02252	0.01453	0.01849	0.01786	0.01286	0.01820	0.01612	0.01762	0.08495	0.00800	0.02936	0.00211	0.00829	0.00528	0.00294	0.00835

[dist]
# distance from previous block
# <min> <max>
0	1

[block]
# block no. 1 follows, 37 sequences, length 18
# corresponding to MSA columns:
# 79-96
name=unknown_B
#
# <colnr> <probs for GDERKNQSTAVLIFYWHMCP>
#	G	D	E	R	K	N	Q	S	T	A	V	L	I	F	Y	W	H	M	C	P
0	0.01836	0.08202	0.01707	0.01302	0.01706	0.06606	0.01051	0.24966	0.40343	0.02804	0.01927	0.01838	0.01444	0.00761	0.00595	0.00190	0.00599	0.00597	0.00568	0.00959
1	0.01221	0.07992	0.22467	0.01267	0.01742	0.05775	0.05777	0.02772	0.03046	0.01873	0.06967	0.13685	0.07790	0.02578	0.00662	0.00192	0.00641	0.00776	0.02542	0.10237
2	0.01539	0.44235	0.30851	0.01333	0.02001	0.01975	0.01516	0.05158	0.01350	0.03582	0.01014	0.01151	0.00812	0.00562	0.00481	0.00159	0.00748	0.00393	0.00289	0.00850
3	0.01275	0.11900	0.66996	0.01664	0.02525	0.01537	0.02122	0.01926	0.01287	0.01881	0.01070	0.01257	0.00777	0.00575	0.00560	0.00187	0.00876	0.00438	0.00259	0.00891
4	0.01484	0.01410	0.02396	0.03601	0.70319	0.01410	0.01826	0.01842	0.01395	0.01990	0.01275	0.01834	0.01121	0.00613	0.00620	0.00188	0.00718	0.04694	0.00318	0.00946
5	0.01448	0.01215	0.01636	0.14657	0.09295	0.01332	0.05364	0.11048	0.25133	0.04348	0.05604	0.08471	0.06003	0.00882	0.00647	0.00203	0.00593	0.00774	0.00509	0.00838
6	0.01281	0.11262	0.64407	0.01706	0.02557	0.01535	0.05197	0.01928	0.01294	0.01886	0.01078	0.01275	0.00783	0.00572	0.00567	0.00188	0.00883	0.00451	0.00261	0.00888
7	0.02595	0.01013	0.01383	0.01092	0.01537	0.00883	0.00907	0.02836	0.01723	0.68805	0.02486	0.02497	0.01688	0.00838	0.00635	0.00197	0.00525	0.06618	0.00741	0.01001
8	0.00746	0.00533	0.00710	0.00852	0.00888	0.00497	0.00568	0.00852	0.01172	0.01563	0.03374	0.78088	0.04049	0.01918	0.00781	0.00249	0.00355	0.01740	0.00568	0.00497
9	0.01320	0.05442	0.54622	0.03808	0.02533	0.03459	0.06469	0.02109	0.10671	0.01981	0.01275	0.01437	0.00929	0.00610	0.00589	0.00194	0.00852	0.00497	0.00311	0.00892
10	0.48741	0.17575	0.07615	0.00984	0.01442	0.01594	0.00916	0.06584	0.01271	0.05259	0.02697	0.01174	0.00876	0.00594	0.00431	0.00177	0.00558	0.00384	0.00382	0.00746
11	0.00760	0.00644	0.00659	0.00658	0.00861	0.00557	0.00492	0.00978	0.04175	0.01711	0.08143	0.08524	0.66673	0.01527	0.00722	0.00208	0.00318	0.01280	0.00574	0.00535
12	0.00749	0.00557	0.00687	0.00787	0.00861	0.00507	0.00533	0.00861	0.01208	0.01562	0.03952	0.56947	0.20402	0.06231	0.00902	0.00259	0.00358	0.01587	0.00557	0.00495
13	0.09297	0.01411	0.01598	0.05735	0.01853	0.01517	0.01062	0.36582	0.09634	0.22401	0.01750	0.01685	0.01206	0.00729	0.00594	0.00189	0.00604	0.00563	0.00611	0.00979
14	0.22826	0.06759	0.41477	0.01395	0.02082	0.01480	0.01607	0.08018	0.01384	0.06116	0.01120	0.01253	0.00808	0.00597	0.00522	0.00188	0.00737	0.00430	0.00347	0.00853
15	0.00834	0.00702	0.00735	0.00727	0.00934	0.00646	0.00543	0.01192	0.10607	0.01798	0.08619	0.11567	0.55958	0.01476	0.00716	0.00210	0.00335	0.01245	0.00580	0.00576
16	0.06996	0.01055	0.01112	0.01016	0.01298	0.01147	0.00784	0.07715	0.34252	0.02397	0.11037	0.09596	0.16934	0.01089	0.00650	0.00206	0.00431	0.00912	0.00595	0.00779
17	0.03388	0.07476	0.42521	0.01658	0.04166	0.14548	0.03628	0.05493	0.04630	0.05192	0.01193	0.01335	0.00878	0.00610	0.00569	0.00183	0.00867	0.00464	0.00329	0.00873

[dist]
# distance from previous block
# <min> <max>
0	2

[block]
# block no. 2 follows, 37 sequences, length 22
# corresponding to MSA columns:
# 99-120
name=unknown_C
#
# <colnr> <probs for GDERKNQSTAVLIFYWHMCP>
#	G	D	E	R	K	N	Q	S	T	A	V	L	I	F	Y	W	H	M	C	P
0	0.04287	0.26192	0.07093	0.01392	0.05681	0.15632	0.01168	0.15320	0.05784	0.06352	0.01254	0.01344	0.00980	0.00629	0.00515	0.00163	0.00723	0.00451	0.04193	0.00849
1	0.03766	0.37139	0.06783	0.01300	0.01741	0.34280	0.01152	0.02092	0.01457	0.01551	0.00942	0.01093	0.00807	0.00580	0.00474	0.00148	0.00850	0.00371	0.02725	0.00750
2	0.00788	0.00651	0.00680	0.00674	0.00874	0.00566	0.00504	0.03388	0.01445	0.01763	0.09236	0.11679	0.62550	0.01537	0.00724	0.00209	0.00325	0.01294	0.00575	0.00536
3	0.05418	0.10659	0.13791	0.01334	0.01841	0.11457	0.01229	0.25130	0.06352	0.05889	0.01413	0.04950	0.01123	0.00708	0.00562	0.00175	0.00709	0.00534	0.00454	0.06271
4	0.02973	0.03500	0.17817	0.04725	0.20434	0.03200	0.07590	0.10722	0.04557	0.06098	0.03482	0.01867	0.05974	0.00683	0.00608	0.00186	0.00721	0.00596	0.00399	0.03869
5	0.01012	0.00893	0.01188	0.01115	0.01162	0.01089	0.00859	0.01138	0.01114	0.01561	0.07184	0.25045	0.11791	0.08486	0.01496	0.00279	0.32532	0.01059	0.00432	0.00565
6	0.00942	0.00603	0.00681	0.00661	0.00818	0.00562	0.00496	0.01201	0.01488	0.02218	0.32007	0.03970	0.18723	0.01107	0.00609	0.00176	0.00292	0.00940	0.31943	0.00562
7	0.03452	0.01769	0.05081	0.10766	0.03860	0.18247	0.06333	0.11808	0.16125	0.09528	0.01567	0.01744	0.01187	0.00721	0.00659	0.00193	0.03558	0.02092	0.00458	0.00853
8	0.01341	0.05524	0.57771	0.01624	0.02395	0.04521	0.01958	0.05502	0.06496	0.02026	0.01295	0.04538	0.01003	0.00662	0.00586	0.00193	0.00840	0.00521	0.00317	0.00887
9	0.00723	0.00620	0.00620	0.00620	0.00827	0.00517	0.00465	0.00878	0.01395	0.01654	0.06201	0.05891	0.74421	0.01550	0.00723	0.00207	0.00310	0.01292	0.00568	0.00517
10	0.00750	0.00547	0.00696	0.00813	0.00869	0.00505	0.00545	0.00858	0.01187	0.01556	0.03670	0.64925	0.13147	0.05729	0.00891	0.00261	0.00361	0.01639	0.00558	0.00493
11	0.01502	0.25011	0.31999	0.03760	0.03503	0.03309	0.06137	0.05461	0.01429	0.05773	0.05685	0.01489	0.01157	0.00620	0.00548	0.00175	0.00767	0.00490	0.00335	0.00848
12	0.01667	0.01316	0.04272	0.11235	0.41284	0.01273	0.01570	0.02061	0.03950	0.16480	0.01613	0.02106	0.01296	0.00701	0.00628	0.00195	0.00680	0.06337	0.00421	0.00915
13	0.01042	0.00544	0.00806	0.00806	0.00815	0.00552	0.00543	0.00824	0.00816	0.01096	0.01144	0.01992	0.01147	0.05484	0.08102	0.72545	0.00620	0.00556	0.00275	0.00292
14	0.01694	0.01573	0.10709	0.04746	0.18441	0.04063	0.09325	0.10726	0.04480	0.13807	0.05602	0.06696	0.01519	0.00763	0.00676	0.00196	0.02969	0.00674	0.00457	0.00885
15	0.01497	0.04481	0.17501	0.01933	0.15851	0.06256	0.09904	0.10835	0.01579	0.04047	0.06370	0.04008	0.06219	0.03147	0.00753	0.00204	0.03531	0.00659	0.00395	0.00829
16	0.03792	0.00822	0.00960	0.00885	0.01052	0.00870	0.00660	0.12064	0.03247	0.05130	0.05203	0.13149	0.01977	0.08434	0.04711	0.11692	0.02870	0.00784	0.21092	0.00605
17	0.03062	0.01384	0.01870	0.08375	0.15363	0.06050	0.06323	0.14201	0.01516	0.02071	0.01451	0.10035	0.01377	0.04097	0.01046	0.00231	0.17552	0.02835	0.00390	0.00771
18	0.06534	0.01309	0.01753	0.03794	0.07473	0.03157	0.11085	0.08834	0.07006	0.04811	0.01367	0.04126	0.01111	0.00604	0.00552	0.00153	0.00609	0.00533	0.00413	0.34777
19	0.05700	0.04171	0.04475	0.02137	0.27999	0.03200	0.03917	0.15358	0.04548	0.04583	0.08455	0.04645	0.02907	0.00733	0.00604	0.00182	0.00636	0.00638	0.00443	0.04671
20	0.04457	0.06916	0.25786	0.01879	0.08774	0.04039	0.17193	0.03648	0.08043	0.06716	0.01453	0.05814	0.01161	0.00674	0.00612	0.00194	0.00793	0.00613	0.00371	0.00865
21	0.01606	0.21898	0.18195	0.01396	0.05461	0.05323	0.01301	0.07008	0.04709	0.08978	0.05619	0.04701	0.01365	0.00716	0.00615	0.00174	0.04243	0.00545	0.00398	0.05750

[dist]
# distance from previous block
# <min> <max>
1	11

[block]
# block no. 3 follows, 37 sequences, length 21
# corresponding to MSA columns:
# 132-152
name=unknown_D
#
# <colnr> <probs for GDERKNQSTAVLIFYWHMCP>
#	G	D	E	R	K	N	Q	S	T	A	V	L	I	F	Y	W	H	M	C	P
0	0.11016	0.19274	0.04947	0.01849	0.20366	0.03971	0.05171	0.04474	0.04738	0.07884	0.03432	0.01700	0.02550	0.00648	0.00542	0.00174	0.00653	0.02367	0.00388	0.03856
1	0.01740	0.03679	0.01413	0.01081	0.01499	0.04813	0.00864	0.16358	0.05288	0.15352	0.06306	0.10105	0.01730	0.00805	0.00579	0.00161	0.00529	0.00660	0.00533	0.26502
2	0.09548	0.06438	0.04083	0.01542	0.10830	0.01332	0.08091	0.11469	0.06591	0.11468	0.05112	0.02371	0.11656	0.03325	0.00734	0.00205	0.03217	0.00683	0.00482	0.00820
3	0.01245	0.07350	0.37648	0.01647	0.10868	0.01245	0.01601	0.01737	0.03099	0.05210	0.02139	0.10561	0.11359	0.00870	0.00616	0.00196	0.00695	0.00728	0.00373	0.00813
4	0.01808	0.63121	0.02879	0.01116	0.01610	0.11307	0.01052	0.02003	0.01346	0.07542	0.00992	0.01088	0.00846	0.00556	0.00431	0.00139	0.00699	0.00359	0.00309	0.00797
5	0.00910	0.00845	0.07002	0.00891	0.01098	0.00662	0.00763	0.01233	0.01660	0.02341	0.60207	0.04566	0.05106	0.01246	0.00724	0.00203	0.00371	0.08942	0.00627	0.00603
6	0.01599	0.42151	0.22590	0.01523	0.07954	0.08902	0.01463	0.04338	0.01371	0.01710	0.00973	0.01139	0.00807	0.00558	0.00484	0.00157	0.00771	0.00393	0.00281	0.00835
7	0.01251	0.08065	0.16470	0.01141	0.03766	0.03013	0.01055	0.03345	0.03081	0.08154	0.29999	0.03252	0.12987	0.00991	0.00643	0.00188	0.00518	0.00831	0.00521	0.00728
8	0.01521	0.08011	0.02618	0.19172	0.24528	0.10668	0.21015	0.01897	0.01399	0.01785	0.01111	0.01484	0.00887	0.00561	0.00615	0.00186	0.00870	0.00557	0.00296	0.00819
9	0.00746	0.00533	0.00710	0.00852	0.00888	0.00497	0.00568	0.00852	0.01172	0.01563	0.03374	0.78088	0.04049	0.01918	0.00781	0.00249	0.00355	0.01740	0.00568	0.00497
10	0.01951	0.00959	0.01227	0.01017	0.01366	0.00907	0.00811	0.02461	0.14094	0.40036	0.24793	0.02892	0.02901	0.00924	0.00650	0.00194	0.00442	0.00782	0.00708	0.00885
11	0.11383	0.01335	0.02139	0.20574	0.49153	0.01422	0.01688	0.01795	0.01311	0.01989	0.01100	0.01479	0.00896	0.00564	0.00580	0.00188	0.00717	0.00519	0.00305	0.00864
12	0.00823	0.00588	0.00795	0.00913	0.00989	0.00560	0.00677	0.00997	0.01302	0.01741	0.12028	0.50758	0.04125	0.01778	0.00791	0.00250	0.00401	0.19382	0.00580	0.00524
13	0.00767	0.00548	0.00734	0.00876	0.00921	0.00515	0.00605	0.00889	0.01193	0.01586	0.03362	0.71872	0.04003	0.01898	0.00787	0.00251	0.00373	0.07749	0.00568	0.00503
14	0.01278	0.12432	0.66489	0.01659	0.02517	0.01544	0.02113	0.01926	0.01286	0.01878	0.01068	0.01254	0.00777	0.00574	0.00558	0.00186	0.00874	0.00437	0.00259	0.00890
15	0.03632	0.01620	0.01864	0.01565	0.06185	0.04887	0.05881	0.45509	0.10650	0.06831	0.04053	0.01690	0.01292	0.00731	0.00617	0.00187	0.00673	0.00590	0.00567	0.00977
16	0.01617	0.01724	0.02933	0.02180	0.02670	0.08437	0.46061	0.10443	0.04247	0.02108	0.01232	0.01565	0.00949	0.00632	0.00847	0.00207	0.10320	0.00648	0.00353	0.00827
17	0.01960	0.01483	0.01742	0.01757	0.16256	0.05177	0.01186	0.26128	0.16421	0.12051	0.01707	0.01723	0.01254	0.00700	0.00596	0.00182	0.00623	0.00570	0.03600	0.04885
18	0.00886	0.00705	0.01026	0.04930	0.11978	0.00687	0.00808	0.01052	0.01233	0.01657	0.05669	0.55243	0.06949	0.03181	0.00790	0.00239	0.00433	0.01442	0.00515	0.00577
19	0.01683	0.01223	0.01975	0.01459	0.01962	0.01087	0.22781	0.04321	0.03732	0.20197	0.01968	0.02038	0.07200	0.00667	0.00608	0.00168	0.00639	0.00635	0.02784	0.22873
20	0.01571	0.01159	0.01297	0.01172	0.03370	0.01230	0.00891	0.02709	0.45313	0.13291	0.02904	0.02704	0.12537	0.00894	0.00625	0.00196	0.00468	0.00744	0.00609	0.06316

[dist]
# distance from previous block
# <min> <max>
4	9

[block]
# block no. 4 follows, 37 sequences, length 29
# corresponding to MSA columns:
# 162-190
name=unknown_E
#
# <colnr> <probs for GDERKNQSTAVLIFYWHMCP>
#	G	D	E	R	K	N	Q	S	T	A	V	L	I	F	Y	W	H	M	C	P
0	0.01559	0.02389	0.34621	0.01861	0.04370	0.07100	0.15851	0.13613	0.05986	0.02248	0.01251	0.01446	0.00923	0.00628	0.00665	0.00195	0.03507	0.00538	0.00354	0.00894
1	0.00896	0.00691	0.01024	0.01015	0.01114	0.00819	0.00790	0.01105	0.00989	0.01430	0.01666	0.05641	0.01597	0.04268	0.68432	0.00910	0.06030	0.00696	0.00335	0.00552
2	0.01523	0.01315	0.01384	0.01246	0.01592	0.01523	0.00969	0.03253	0.73563	0.02561	0.02491	0.02284	0.01869	0.00830	0.00623	0.00208	0.00484	0.00692	0.00623	0.00969
3	0.01473	0.15736	0.54527	0.01551	0.02341	0.01530	0.01898	0.02042	0.01338	0.10348	0.01209	0.01332	0.00863	0.00592	0.00554	0.00183	0.00818	0.00450	0.00317	0.00900
4	0.01246	0.06546	0.72096	0.01714	0.02601	0.01466	0.02207	0.01934	0.01290	0.01916	0.01087	0.01279	0.00776	0.00579	0.00573	0.00191	0.00893	0.00447	0.00259	0.00899
5	0.01261	0.09375	0.69401	0.01687	0.02561	0.01504	0.02162	0.01930	0.01288	0.01898	0.01078	0.01267	0.00776	0.00577	0.00566	0.00189	0.00884	0.00442	0.00259	0.00895
6	0.01252	0.01173	0.01973	0.42717	0.30129	0.01315	0.01662	0.01615	0.01282	0.01726	0.01323	0.08650	0.01172	0.00708	0.00625	0.00200	0.00740	0.00655	0.00311	0.00771
7	0.01296	0.01242	0.02143	0.47774	0.29216	0.01402	0.04806	0.01693	0.01294	0.01736	0.01117	0.01591	0.00875	0.00584	0.00615	0.00196	0.00794	0.00552	0.00285	0.00789
8	0.00725	0.00612	0.00628	0.00641	0.00832	0.00515	0.00474	0.00876	0.01376	0.01646	0.05952	0.12249	0.68224	0.01583	0.00729	0.00210	0.00314	0.01331	0.00568	0.00515
9	0.01276	0.01210	0.02053	0.52545	0.27750	0.01392	0.01760	0.01669	0.01281	0.01710	0.01109	0.01593	0.00867	0.00590	0.00610	0.00197	0.00786	0.00544	0.00282	0.00777
10	0.01297	0.06620	0.55687	0.01896	0.02718	0.01500	0.17877	0.01938	0.01324	0.01919	0.01117	0.01357	0.00810	0.00564	0.00604	0.00194	0.00921	0.00506	0.00270	0.00881
11	0.02319	0.01258	0.02131	0.01574	0.02094	0.01139	0.23654	0.04948	0.01691	0.49501	0.02010	0.01926	0.01313	0.00680	0.00649	0.00195	0.00688	0.00647	0.00610	0.00973
12	0.00723	0.00620	0.00620	0.00620	0.00827	0.00517	0.00465	0.00878	0.01395	0.01654	0.06201	0.05891	0.74421	0.01550	0.00723	0.00207	0.00310	0.01292	0.00568	0.00517
13	0.00746	0.00533	0.00710	0.00852	0.00888	0.00497	0.00568	0.00852	0.01172	0.01563	0.03374	0.78088	0.04049	0.01918	0.00781	0.00249	0.00355	0.01740	0.00568	0.00497
14	0.02482	0.01236	0.01621	0.01251	0.01720	0.01190	0.04559	0.21498	0.02021	0.48755	0.02143	0.02134	0.01457	0.00785	0.00631	0.00193	0.00589	0.04037	0.00687	0.01007
15	0.01478	0.01639	0.03452	0.02483	0.03067	0.01579	0.65952	0.05017	0.01483	0.02020	0.01228	0.01628	0.00928	0.00552	0.00779	0.00208	0.04652	0.00706	0.00321	0.00828
16	0.00874	0.00656	0.00984	0.00984	0.01093	0.00765	0.00765	0.01093	0.00984	0.01421	0.01640	0.02405	0.01530	0.04591	0.76062	0.00984	0.01640	0.00656	0.00328	0.00547
17	0.06375	0.01663	0.01775	0.01366	0.01850	0.01835	0.01129	0.66484	0.02744	0.06456	0.01474	0.01469	0.01040	0.00727	0.00601	0.00184	0.00658	0.00543	0.00606	0.01022
18	0.01431	0.01746	0.08120	0.02527	0.03165	0.01540	0.68034	0.01959	0.01435	0.01959	0.01230	0.01629	0.00919	0.00520	0.00714	0.00206	0.01024	0.00705	0.00306	0.00831
19	0.01117	0.00883	0.01067	0.01096	0.01293	0.00952	0.00881	0.01865	0.26332	0.02010	0.03028	0.15629	0.05979	0.01606	0.05556	0.00293	0.00563	0.28588	0.00570	0.00691
20	0.02008	0.01679	0.08396	0.01405	0.01901	0.01627	0.04273	0.47262	0.07189	0.06850	0.01647	0.06430	0.01278	0.00782	0.00619	0.00187	0.00659	0.00630	0.00561	0.04618
21	0.01384	0.49424	0.08787	0.01050	0.01496	0.01804	0.01042	0.01651	0.01370	0.01740	0.17807	0.02207	0.02099	0.00769	0.00513	0.00160	0.00587	0.05000	0.00375	0.00734
22	0.03623	0.12923	0.15605	0.01779	0.05386	0.11786	0.17081	0.10511	0.06176	0.03873	0.01222	0.01411	0.00939	0.00626	0.00653	0.00185	0.04485	0.00523	0.00361	0.00854
23	0.01307	0.20547	0.53862	0.01544	0.02311	0.01608	0.01899	0.01871	0.01289	0.01816	0.01178	0.01579	0.00953	0.00639	0.00555	0.00185	0.00825	0.04899	0.00279	0.00855
24	0.01437	0.16524	0.31342	0.01342	0.01935	0.08860	0.01444	0.04142	0.01385	0.03573	0.04454	0.01680	0.03848	0.04356	0.00690	0.00188	0.02178	0.00502	0.00335	0.09785
25	0.04334	0.38314	0.14098	0.01171	0.01706	0.01862	0.01180	0.14644	0.01575	0.05340	0.01464	0.01540	0.05595	0.00657	0.00495	0.00160	0.00648	0.00473	0.03913	0.00832
26	0.03465	0.23151	0.20689	0.01552	0.07338	0.04861	0.07087	0.05240	0.01389	0.06904	0.02887	0.01601	0.01109	0.05758	0.04271	0.00237	0.00795	0.00510	0.00344	0.00814
27	0.12078	0.22637	0.25104	0.01221	0.01754	0.04790	0.01292	0.01825	0.01259	0.06890	0.01308	0.06307	0.01136	0.04221	0.03871	0.00228	0.00733	0.00524	0.02052	0.00770
28	0.01531	0.23150	0.27915	0.01453	0.02048	0.09668	0.07365	0.01969	0.02740	0.04828	0.02442	0.01392	0.00987	0.00605	0.00559	0.00170	0.02314	0.00465	0.05675	0.02724

[dist]
# distance from previous block
# <min> <max>
3	24

[block]
# block no. 5 follows, 37 sequences, length 57
# corresponding to MSA columns:
# 218-274
name=unknown_F
#
# <colnr> <probs for GDERKNQSTAVLIFYWHMCP>
#	G	D	E	R	K	N	Q	S	T	A	V	L	I	F	Y	W	H	M	C	P
0	0.41896	0.07044	0.03457	0.01178	0.05037	0.05222	0.00938	0.14248	0.03664	0.04213	0.03204	0.01298	0.00975	0.00638	0.00512	0.00182	0.02561	0.00432	0.00422	0.02877
1	0.22066	0.16804	0.05801	0.01678	0.17375	0.01679	0.01198	0.15821	0.01545	0.02435	0.01092	0.01270	0.00872	0.00603	0.00536	0.00173	0.02737	0.00440	0.02854	0.03021
2	0.06389	0.27441	0.23806	0.01366	0.03867	0.05727	0.01378	0.11001	0.01497	0.02035	0.03201	0.07261	0.01203	0.00705	0.00530	0.00174	0.00713	0.00534	0.00352	0.00819
3	0.13472	0.01652	0.03379	0.01161	0.01520	0.21372	0.03053	0.11755	0.05358	0.02264	0.01555	0.01728	0.04533	0.02685	0.00589	0.00175	0.00664	0.00514	0.13332	0.09239
4	0.48346	0.08954	0.01298	0.03223	0.03933	0.04929	0.00822	0.05668	0.03100	0.02461	0.06395	0.06027	0.01321	0.00714	0.00471	0.00186	0.00531	0.00510	0.00410	0.00701
5	0.00746	0.00572	0.00686	0.00775	0.00878	0.00512	0.00544	0.00877	0.01265	0.01606	0.04435	0.48342	0.30566	0.01771	0.00762	0.00234	0.00346	0.04008	0.00568	0.00507
6	0.01205	0.02004	0.37724	0.01373	0.01942	0.01144	0.03683	0.01873	0.09810	0.04770	0.25120	0.02512	0.02558	0.00832	0.00638	0.00195	0.00646	0.00707	0.00455	0.00808
7	0.01451	0.01336	0.02244	0.22312	0.51906	0.01391	0.01763	0.01819	0.01357	0.04041	0.01170	0.01553	0.00944	0.00565	0.00602	0.00184	0.00734	0.00541	0.00311	0.03776
8	0.02287	0.02917	0.01735	0.01577	0.01892	0.76030	0.01183	0.02444	0.01735	0.01498	0.00946	0.01104	0.00788	0.00631	0.00552	0.00158	0.01104	0.00394	0.00315	0.00710
9	0.01414	0.01207	0.01290	0.01190	0.01498	0.01377	0.00920	0.02910	0.62813	0.02423	0.02696	0.09286	0.04119	0.00975	0.00647	0.00214	0.00471	0.03035	0.00615	0.00901
10	0.02287	0.02917	0.01735	0.01577	0.01892	0.76030	0.01183	0.02444	0.01735	0.01498	0.00946	0.01104	0.00788	0.00631	0.00552	0.00158	0.01104	0.00394	0.00315	0.00710
11	0.02008	0.01000	0.01398	0.01377	0.11419	0.00921	0.00944	0.04068	0.03197	0.41197	0.17293	0.05395	0.02446	0.03601	0.00730	0.00206	0.00500	0.00760	0.00651	0.00889
12	0.02061	0.01234	0.03884	0.01344	0.01761	0.01152	0.10445	0.15147	0.01775	0.35004	0.02149	0.14723	0.01731	0.00924	0.00708	0.00204	0.03444	0.00800	0.00607	0.00903
13	0.01868	0.32741	0.04365	0.01148	0.01611	0.03279	0.01032	0.13725	0.10773	0.14988	0.07363	0.01720	0.01494	0.00700	0.00532	0.00167	0.00600	0.00528	0.00486	0.00881
14	0.00829	0.00624	0.00766	0.00731	0.00891	0.00562	0.00548	0.01082	0.01644	0.02244	0.56395	0.04920	0.23859	0.01330	0.00722	0.00196	0.00294	0.01156	0.00646	0.00562
15	0.01532	0.01122	0.01967	0.01574	0.03903	0.01058	0.24759	0.01846	0.01494	0.19627	0.10309	0.08908	0.11419	0.00962	0.00765	0.00209	0.04451	0.02805	0.00517	0.00774
16	0.01858	0.01467	0.02512	0.02019	0.07920	0.05807	0.32816	0.02217	0.01517	0.23665	0.04203	0.01817	0.01265	0.00671	0.00780	0.00201	0.07286	0.00656	0.00453	0.00872
17	0.01903	0.00995	0.01596	0.01284	0.01650	0.00893	0.13601	0.02150	0.01520	0.39569	0.02497	0.25198	0.02183	0.01068	0.00685	0.00211	0.00562	0.00978	0.00620	0.00837
18	0.03294	0.02046	0.35996	0.01561	0.04812	0.01180	0.07251	0.02101	0.01453	0.21851	0.05329	0.03517	0.05383	0.00736	0.00618	0.00195	0.00721	0.00624	0.00446	0.00887
19	0.01372	0.01309	0.02226	0.32919	0.46624	0.01417	0.01808	0.01753	0.01326	0.01826	0.01126	0.01562	0.00908	0.00572	0.00608	0.00191	0.00763	0.00545	0.00291	0.00854
20	0.01250	0.03059	0.71260	0.01710	0.02583	0.01414	0.02186	0.03967	0.01350	0.02008	0.03003	0.01382	0.00912	0.00603	0.00586	0.00194	0.00882	0.00472	0.00279	0.00900
21	0.01397	0.01338	0.02303	0.24389	0.50109	0.01411	0.04416	0.01776	0.01348	0.01870	0.01193	0.01697	0.00993	0.00594	0.00618	0.00192	0.00759	0.02425	0.00301	0.00871
22	0.01284	0.01175	0.01909	0.75551	0.04248	0.01423	0.01735	0.01649	0.01303	0.01683	0.01215	0.01800	0.00938	0.00696	0.00665	0.00227	0.00853	0.00584	0.00317	0.00745
23	0.01354	0.03211	0.73891	0.01814	0.02714	0.01483	0.02285	0.02016	0.01370	0.02050	0.01225	0.01468	0.00898	0.00666	0.00635	0.00217	0.00940	0.00494	0.00303	0.00965
24	0.01554	0.01599	0.03088	0.11868	0.25512	0.01556	0.40748	0.01965	0.01477	0.02037	0.01317	0.01775	0.01048	0.00623	0.00724	0.00221	0.00944	0.00682	0.00347	0.00915
25	0.02842	0.01130	0.01502	0.01172	0.01649	0.00972	0.00951	0.03039	0.01820	0.73713	0.02515	0.02243	0.01623	0.00839	0.00669	0.00212	0.00564	0.00654	0.00792	0.01100
26	0.01497	0.01393	0.02296	0.31930	0.46199	0.01479	0.01841	0.01836	0.01404	0.01943	0.01252	0.01731	0.01029	0.00656	0.00661	0.00214	0.00800	0.00585	0.00335	0.00918
27	0.00991	0.00745	0.00952	0.01002	0.01120	0.00693	0.02848	0.04550	0.01388	0.01834	0.03684	0.56728	0.13688	0.01811	0.00816	0.00262	0.00442	0.05236	0.00601	0.00609
28	0.01515	0.32984	0.45527	0.01540	0.02289	0.01877	0.01807	0.01974	0.01350	0.01854	0.01128	0.01346	0.00902	0.00644	0.00561	0.00192	0.00841	0.00445	0.00305	0.00918
29	0.02494	0.01688	0.01848	0.01437	0.01928	0.01801	0.01170	0.60830	0.02754	0.14603	0.01730	0.01733	0.01229	0.00820	0.00666	0.00208	0.00690	0.00600	0.00672	0.01099
30	0.01756	0.01481	0.02865	0.02189	0.04888	0.01365	0.46709	0.02126	0.01554	0.16544	0.01826	0.08451	0.01498	0.00800	0.00757	0.00231	0.00884	0.02704	0.00471	0.00900
31	0.01732	0.01436	0.04542	0.16781	0.35952	0.01379	0.08613	0.02058	0.01491	0.14285	0.01562	0.04495	0.01249	0.00725	0.00679	0.00216	0.00770	0.00653	0.00426	0.00954
32	0.01635	0.01534	0.02545	0.03786	0.73265	0.01516	0.01910	0.01957	0.01469	0.02110	0.01277	0.01686	0.01088	0.00631	0.00659	0.00205	0.00766	0.00585	0.00347	0.01029
33	0.01635	0.01534	0.02545	0.03786	0.73265	0.01516	0.01910	0.01957	0.01469	0.02110	0.01277	0.01686	0.01088	0.00631	0.00659	0.00205	0.00766	0.00585	0.00347	0.01029
34	0.01448	0.11660	0.50099	0.01913	0.02707	0.01627	0.17248	0.02009	0.01397	0.01997	0.01226	0.01509	0.00932	0.00645	0.00644	0.00212	0.00938	0.00538	0.00315	0.00934
35	0.01635	0.01534	0.02545	0.03786	0.73265	0.01516	0.01910	0.01957	0.01469	0.02110	0.01277	0.01686	0.01088	0.00631	0.00659	0.00205	0.00766	0.00585	0.00347	0.01029
36	0.01754	0.77357	0.03253	0.01131	0.01657	0.02464	0.01095	0.01913	0.01322	0.01562	0.00983	0.01164	0.00908	0.00610	0.00450	0.00155	0.00695	0.00371	0.00307	0.00849
37	0.01604	0.01502	0.02488	0.10161	0.67133	0.01507	0.01894	0.01930	0.01454	0.02072	0.01271	0.01696	0.01075	0.00637	0.00660	0.00207	0.00774	0.00585	0.00344	0.01004
38	0.01427	0.05247	0.63319	0.01851	0.02702	0.01510	0.08524	0.02043	0.01394	0.04017	0.01266	0.01512	0.00932	0.00663	0.00643	0.00216	0.00933	0.00519	0.00322	0.00958
39	0.04608	0.76013	0.03123	0.01039	0.01557	0.02384	0.01033	0.01832	0.01236	0.01488	0.00851	0.00982	0.00781	0.00525	0.00392	0.00133	0.00648	0.00327	0.00266	0.00781
40	0.01156	0.01088	0.01836	0.77016	0.04216	0.01360	0.01700	0.01564	0.01224	0.01564	0.01088	0.01632	0.00816	0.00612	0.00612	0.00204	0.00816	0.00544	0.00272	0.00680
41	0.01299	0.03066	0.71825	0.01714	0.02598	0.01397	0.02197	0.01988	0.01314	0.05394	0.01161	0.01330	0.00810	0.00590	0.00583	0.00194	0.00887	0.00460	0.00282	0.00911
42	0.01452	0.01390	0.02371	0.16560	0.62357	0.01438	0.01847	0.01824	0.01364	0.01924	0.01140	0.01535	0.00943	0.00557	0.00607	0.00186	0.00743	0.00545	0.00298	0.00919
43	0.01445	0.01651	0.03612	0.02580	0.03199	0.01548	0.72446	0.01961	0.01445	0.01961	0.01238	0.01651	0.00929	0.00516	0.00722	0.00206	0.01032	0.00722	0.00310	0.00826
44	0.01502	0.01442	0.02462	0.06326	0.72198	0.01451	0.01872	0.01868	0.01388	0.01985	0.01149	0.01519	0.00964	0.00548	0.00606	0.00183	0.00730	0.00545	0.00302	0.00959
45	0.01523	0.01562	0.03294	0.02376	0.02959	0.01467	0.62789	0.02042	0.03637	0.07398	0.01429	0.04026	0.01096	0.00586	0.00713	0.00206	0.00957	0.00744	0.00360	0.00836
46	0.01071	0.00864	0.01434	0.01285	0.01494	0.00825	0.15770	0.04606	0.01361	0.04480	0.02783	0.46609	0.03091	0.01496	0.00763	0.00239	0.00545	0.10140	0.00522	0.00620
47	0.01473	0.01305	0.02310	0.31825	0.29980	0.01383	0.12438	0.01866	0.01367	0.08269	0.01251	0.01631	0.00952	0.00586	0.00627	0.00195	0.00790	0.00578	0.00332	0.00842
48	0.01391	0.07882	0.53089	0.01803	0.02604	0.01478	0.14441	0.02002	0.01345	0.06595	0.01191	0.01385	0.00850	0.00577	0.00596	0.00192	0.00886	0.00502	0.00300	0.00891
49	0.01228	0.03166	0.75316	0.01745	0.02649	0.01422	0.02262	0.01939	0.01292	0.01939	0.01099	0.01292	0.00775	0.00582	0.00582	0.00194	0.00905	0.00452	0.00258	0.00905
50	0.01498	0.01437	0.02453	0.07317	0.71246	0.01450	0.01870	0.01863	0.01386	0.01979	0.01148	0.01521	0.00962	0.00549	0.00606	0.00183	0.00732	0.00545	0.00301	0.00956
51	0.01515	0.01454	0.02485	0.03757	0.74669	0.01454	0.01879	0.01879	0.01394	0.02000	0.01151	0.01515	0.00970	0.00545	0.00606	0.00182	0.00727	0.00545	0.00303	0.00970
52	0.01228	0.03166	0.75316	0.01745	0.02649	0.01422	0.02262	0.01939	0.01292	0.01939	0.01099	0.01292	0.00775	0.00582	0.00582	0.00194	0.00905	0.00452	0.00258	0.00905
53	0.01515	0.01454	0.02485	0.03757	0.74669	0.01454	0.01879	0.01879	0.01394	0.02000	0.01151	0.01515	0.00970	0.00545	0.00606	0.00182	0.00727	0.00545	0.00303	0.00970
54	0.01156	0.01088	0.01836	0.77016	0.04216	0.01360	0.01700	0.01564	0.01224	0.01564	0.01088	0.01632	0.00816	0.00612	0.00612	0.00204	0.00816	0.00544	0.00272	0.00680
55	0.01515	0.01454	0.02485	0.03757	0.74669	0.01454	0.01879	0.01879	0.01394	0.02000	0.01151	0.01515	0.00970	0.00545	0.00606	0.00182	0.00727	0.00545	0.00303	0.00970
56	0.01572	0.01295	0.01382	0.01227	0.01586	0.01471	0.00958	0.03185	0.67860	0.05969	0.02443	0.02242	0.01821	0.00815	0.00617	0.00203	0.00485	0.00678	0.00621	0.03570

[dist]
# distance from previous block
# <min> <max>
0	2

[block]
# block no. 6 follows, 37 sequences, length 7
# corresponding to MSA columns:
# 277-283
name=unknown_G
#
# <colnr> <probs for GDERKNQSTAVLIFYWHMCP>
#	G	D	E	R	K	N	Q	S	T	A	V	L	I	F	Y	W	H	M	C	P
0	0.01280	0.01327	0.02641	0.01958	0.02419	0.01261	0.46502	0.01811	0.06387	0.02146	0.22817	0.02553	0.02417	0.00753	0.00716	0.00202	0.00777	0.00833	0.00438	0.00762
1	0.01515	0.01454	0.02485	0.03757	0.74669	0.01454	0.01879	0.01879	0.01394	0.02000	0.01151	0.01515	0.00970	0.00545	0.00606	0.00182	0.00727	0.00545	0.00303	0.00970
2	0.75474	0.01232	0.00985	0.00860	0.01249	0.01421	0.00709	0.08256	0.01209	0.02848	0.00909	0.01038	0.00697	0.00583	0.00400	0.00189	0.00492	0.00351	0.00400	0.00697
3	0.01228	0.03166	0.75316	0.01745	0.02649	0.01422	0.02262	0.01939	0.01292	0.01939	0.01099	0.01292	0.00775	0.00582	0.00582	0.00194	0.00905	0.00452	0.00258	0.00905
4	0.01156	0.01088	0.01836	0.77016	0.04216	0.01360	0.01700	0.01564	0.01224	0.01564	0.01088	0.01632	0.00816	0.00612	0.00612	0.00204	0.00816	0.00544	0.00272	0.00680
5	0.01224	0.01158	0.01959	0.63105	0.17594	0.01378	0.01734	0.01624	0.01256	0.01647	0.01100	0.01610	0.00845	0.00599	0.00611	0.00200	0.00799	0.00544	0.00278	0.00735
6	0.01156	0.01088	0.01836	0.77016	0.04216	0.01360	0.01700	0.01564	0.01224	0.01564	0.01088	0.01632	0.00816	0.00612	0.00612	0.00204	0.00816	0.00544	0.00272	0.00680

[dist]
# distance from previous block
# <min> <max>
0	46

# created by:
# /home/cegg/simao/soft/augustus-3.2.1/scripts/msa2prfl.pl ./align_prep/EOG090W0JXV.fa
