[name]
unknown

[dist]
# distance from previous block
# <min> <max>
0	33

[block]
# block no. 0 follows, 32 sequences, length 13
# corresponding to MSA columns:
# 33-45
name=unknown_A
#
# <colnr> <probs for GDERKNQSTAVLIFYWHMCP>
#	G	D	E	R	K	N	Q	S	T	A	V	L	I	F	Y	W	H	M	C	P
0	0.01481	0.01467	0.01330	0.01369	0.05685	0.17297	0.00983	0.02072	0.16959	0.02114	0.08415	0.10933	0.15228	0.01240	0.00731	0.00224	0.00637	0.08297	0.02776	0.00763
1	0.00865	0.00662	0.00794	0.00805	0.00962	0.00590	0.00587	0.01086	0.01634	0.02166	0.33886	0.20959	0.29282	0.01647	0.00806	0.00230	0.00341	0.01437	0.00672	0.00590
2	0.05094	0.01340	0.01597	0.01488	0.07333	0.01410	0.01086	0.16799	0.21306	0.19142	0.08344	0.07937	0.02191	0.00964	0.00689	0.00216	0.00575	0.00805	0.00676	0.01008
3	0.81159	0.01298	0.00986	0.00882	0.01298	0.01505	0.00727	0.01972	0.01142	0.03010	0.00934	0.01090	0.00727	0.00623	0.00415	0.00208	0.00519	0.00363	0.00415	0.00727
4	0.01007	0.00686	0.00816	0.00814	0.00963	0.00655	0.00594	0.01332	0.04656	0.02345	0.32481	0.17015	0.11770	0.03697	0.00809	0.00226	0.00351	0.01203	0.17960	0.00621
5	0.00874	0.00670	0.00801	0.00795	0.00963	0.00597	0.00586	0.01111	0.01682	0.02238	0.38900	0.14729	0.30449	0.01588	0.00800	0.00225	0.00335	0.01378	0.00681	0.00597
6	0.04742	0.01037	0.01730	0.01433	0.01722	0.01002	0.18461	0.01542	0.01531	0.06554	0.17057	0.24746	0.09419	0.01333	0.00853	0.00238	0.04099	0.01227	0.00562	0.00712
7	0.00864	0.00655	0.00748	0.00770	0.00898	0.00592	0.00531	0.01011	0.01423	0.01830	0.16177	0.19662	0.32234	0.17972	0.01376	0.00325	0.00413	0.01384	0.00596	0.00539
8	0.01833	0.06567	0.07963	0.02157	0.07273	0.12486	0.25325	0.13284	0.04282	0.02386	0.03529	0.04337	0.01308	0.00744	0.00750	0.00210	0.03541	0.00690	0.00419	0.00918
9	0.01931	0.01354	0.01378	0.01163	0.01520	0.04784	0.00924	0.24554	0.15996	0.07515	0.02083	0.02135	0.01552	0.00814	0.00598	0.00189	0.00555	0.00639	0.29393	0.00922
10	0.07224	0.01985	0.01611	0.01349	0.01793	0.27391	0.01049	0.09323	0.06972	0.07576	0.01483	0.04348	0.01206	0.00725	0.00590	0.00168	0.00785	0.00535	0.00471	0.23419
11	0.02239	0.01811	0.01951	0.01553	0.02033	0.09153	0.06374	0.37913	0.14457	0.07739	0.02118	0.02086	0.05743	0.00851	0.00683	0.00207	0.00745	0.00683	0.00622	0.01036
12	0.01642	0.41480	0.33031	0.01506	0.02246	0.06111	0.01724	0.02096	0.01416	0.01815	0.01054	0.01229	0.00857	0.00608	0.00528	0.00175	0.00862	0.00421	0.00289	0.00912

[dist]
# distance from previous block
# <min> <max>
0	2

[block]
# block no. 1 follows, 32 sequences, length 19
# corresponding to MSA columns:
# 48-66
name=unknown_B
#
# <colnr> <probs for GDERKNQSTAVLIFYWHMCP>
#	G	D	E	R	K	N	Q	S	T	A	V	L	I	F	Y	W	H	M	C	P
0	0.01128	0.00807	0.00936	0.00909	0.01099	0.00785	0.00660	0.01572	0.12377	0.06480	0.18151	0.18571	0.21203	0.10922	0.01110	0.00285	0.00428	0.01266	0.00642	0.00669
1	0.01604	0.01536	0.02620	0.14372	0.62426	0.01579	0.02031	0.02009	0.01501	0.02123	0.01252	0.01679	0.01038	0.00608	0.00665	0.00203	0.00811	0.00598	0.00327	0.01017
2	0.01468	0.01468	0.02055	0.01762	0.01762	0.02055	0.01468	0.01615	0.01028	0.01615	0.00881	0.01468	0.00881	0.01174	0.02202	0.00294	0.75191	0.00587	0.00294	0.00734
3	0.01660	0.54900	0.24265	0.01377	0.02075	0.02327	0.01546	0.02044	0.01379	0.01742	0.01014	0.01178	0.00858	0.00593	0.00492	0.00164	0.00799	0.00400	0.00286	0.00900
4	0.81159	0.01298	0.00986	0.00882	0.01298	0.01505	0.00727	0.01972	0.01142	0.03010	0.00934	0.01090	0.00727	0.00623	0.00415	0.00208	0.00519	0.00363	0.00415	0.00727
5	0.00799	0.00657	0.00703	0.00739	0.00922	0.00561	0.00536	0.00956	0.01472	0.01789	0.06076	0.22636	0.56248	0.01793	0.00808	0.00237	0.00351	0.01530	0.00623	0.00561
6	0.01563	0.01127	0.01320	0.01137	0.01439	0.01174	0.03258	0.12801	0.18836	0.08499	0.10405	0.05720	0.12585	0.13515	0.01161	0.00289	0.00547	0.00940	0.02863	0.00822
7	0.00818	0.00584	0.00779	0.00934	0.00973	0.00545	0.00623	0.00934	0.01285	0.01713	0.03698	0.75981	0.04438	0.02102	0.00856	0.00273	0.00389	0.01908	0.00623	0.00545
8	0.01758	0.01431	0.01432	0.01276	0.01622	0.07729	0.00990	0.09034	0.37457	0.08047	0.04865	0.07459	0.06211	0.01136	0.02940	0.00244	0.00615	0.00831	0.03981	0.00941
9	0.01217	0.00755	0.01027	0.01107	0.01275	0.00719	0.00899	0.01459	0.01525	0.10319	0.05690	0.26287	0.07101	0.01781	0.00866	0.00280	0.00525	0.35863	0.00648	0.00657
10	0.01414	0.14633	0.62377	0.01796	0.02724	0.01725	0.02277	0.02107	0.01409	0.02042	0.01163	0.01365	0.00852	0.00628	0.00606	0.00202	0.00950	0.00475	0.00284	0.00972
11	0.81159	0.01298	0.00986	0.00882	0.01298	0.01505	0.00727	0.01972	0.01142	0.03010	0.00934	0.01090	0.00727	0.00623	0.00415	0.00208	0.00519	0.00363	0.00415	0.00727
12	0.01603	0.01094	0.01291	0.01128	0.01411	0.03094	0.03704	0.12234	0.08750	0.10463	0.08826	0.10572	0.06499	0.07816	0.02824	0.00274	0.00579	0.03739	0.13309	0.00791
13	0.00950	0.00686	0.00897	0.00844	0.01002	0.00633	0.00633	0.01266	0.01899	0.02691	0.71879	0.05012	0.06331	0.01372	0.00791	0.00211	0.00317	0.01213	0.00739	0.00633
14	0.09403	0.02946	0.01829	0.01642	0.02007	0.62752	0.01245	0.06980	0.01916	0.01930	0.01065	0.01225	0.00870	0.00693	0.00593	0.00178	0.01119	0.00437	0.00373	0.00797
15	0.00841	0.00600	0.00805	0.00961	0.01010	0.00565	0.00663	0.00974	0.01307	0.01739	0.03685	0.69985	0.04387	0.02080	0.00863	0.00276	0.00409	0.07675	0.00622	0.00551
16	0.01586	0.01767	0.03687	0.02668	0.03294	0.01710	0.61504	0.02238	0.07021	0.02178	0.01445	0.01850	0.01093	0.00618	0.00843	0.00229	0.04213	0.00781	0.00364	0.00910
17	0.00834	0.00609	0.00785	0.00894	0.00970	0.00560	0.00612	0.00986	0.01401	0.01867	0.14008	0.58091	0.12005	0.01952	0.00840	0.00259	0.00373	0.01753	0.00640	0.00560
18	0.02548	0.01961	0.02007	0.01555	0.02080	0.06487	0.01277	0.65856	0.03078	0.04070	0.01576	0.01586	0.01124	0.00798	0.00667	0.00200	0.00767	0.00594	0.00651	0.01119

[dist]
# distance from previous block
# <min> <max>
0	1

[block]
# block no. 2 follows, 32 sequences, length 8
# corresponding to MSA columns:
# 68-75
name=unknown_C
#
# <colnr> <probs for GDERKNQSTAVLIFYWHMCP>
#	G	D	E	R	K	N	Q	S	T	A	V	L	I	F	Y	W	H	M	C	P
0	0.07231	0.01819	0.01768	0.01421	0.01906	0.11122	0.01145	0.35063	0.12021	0.11104	0.01733	0.01709	0.01252	0.00773	0.00635	0.00194	0.00720	0.00580	0.00611	0.07191
1	0.01661	0.01594	0.02724	0.04119	0.72233	0.01594	0.02059	0.02059	0.01528	0.02192	0.01262	0.01661	0.01063	0.00598	0.00664	0.00199	0.00797	0.00598	0.00332	0.01063
2	0.02378	0.02596	0.01864	0.01625	0.02021	0.44898	0.01252	0.18650	0.13694	0.02444	0.01454	0.01519	0.01126	0.00755	0.00634	0.00189	0.00986	0.00527	0.00478	0.00911
3	0.01111	0.00760	0.00956	0.00884	0.01072	0.00720	0.00663	0.01503	0.06410	0.06654	0.55906	0.04724	0.08875	0.05688	0.00930	0.00238	0.00366	0.01148	0.00715	0.00675
4	0.81159	0.01298	0.00986	0.00882	0.01298	0.01505	0.00727	0.01972	0.01142	0.03010	0.00934	0.01090	0.00727	0.00623	0.00415	0.00208	0.00519	0.00363	0.00415	0.00727
5	0.00820	0.00663	0.00730	0.00751	0.00933	0.00572	0.00549	0.01001	0.01537	0.01921	0.15624	0.19343	0.49754	0.01728	0.00805	0.00233	0.00346	0.01479	0.00640	0.00572
6	0.00951	0.00652	0.00757	0.00786	0.00816	0.00640	0.00484	0.00997	0.01088	0.01432	0.02718	0.13449	0.07499	0.57464	0.02764	0.00554	0.00595	0.05447	0.00461	0.00448
7	0.01506	0.29720	0.48098	0.01639	0.02481	0.01951	0.02003	0.02084	0.01398	0.01929	0.01107	0.01295	0.00854	0.00615	0.00563	0.00188	0.00894	0.00447	0.00285	0.00945

[dist]
# distance from previous block
# <min> <max>
0	1

[block]
# block no. 3 follows, 32 sequences, length 6
# corresponding to MSA columns:
# 77-82
name=unknown_D
#
# <colnr> <probs for GDERKNQSTAVLIFYWHMCP>
#	G	D	E	R	K	N	Q	S	T	A	V	L	I	F	Y	W	H	M	C	P
0	0.03010	0.01142	0.01557	0.01194	0.01713	0.00986	0.00986	0.03270	0.01920	0.72698	0.02647	0.02284	0.01661	0.00830	0.00675	0.00208	0.00571	0.00675	0.00830	0.01142
1	0.00970	0.00653	0.00760	0.00783	0.00797	0.00650	0.00470	0.01001	0.01040	0.01383	0.02342	0.10450	0.02700	0.65242	0.03036	0.00596	0.00627	0.05628	0.00439	0.00432
2	0.01344	0.01005	0.01309	0.01191	0.01390	0.01167	0.00947	0.15327	0.01524	0.02178	0.01720	0.02330	0.01512	0.03566	0.48069	0.00772	0.06914	0.00679	0.06335	0.00722
3	0.02418	0.03065	0.02098	0.01834	0.02211	0.66841	0.07844	0.02629	0.01871	0.01691	0.01068	0.01267	0.00879	0.00679	0.00623	0.00178	0.01202	0.00467	0.00345	0.00790
4	0.02503	0.01790	0.01938	0.01504	0.02025	0.01969	0.01236	0.59459	0.09156	0.08801	0.01783	0.01737	0.01258	0.00817	0.00673	0.00204	0.00708	0.00623	0.00683	0.01134
5	0.01132	0.00722	0.00919	0.00866	0.01060	0.00650	0.00650	0.01395	0.01770	0.10014	0.45883	0.13259	0.16210	0.01452	0.00787	0.00220	0.00356	0.01269	0.00716	0.00667

[dist]
# distance from previous block
# <min> <max>
0	1

[block]
# block no. 4 follows, 32 sequences, length 22
# corresponding to MSA columns:
# 84,97-117
name=unknown_E
#
# <colnr> <probs for GDERKNQSTAVLIFYWHMCP>
#	G	D	E	R	K	N	Q	S	T	A	V	L	I	F	Y	W	H	M	C	P
0	0.01661	0.01594	0.02724	0.04119	0.72233	0.01594	0.02059	0.02059	0.01528	0.02192	0.01262	0.01661	0.01063	0.00598	0.00664	0.00199	0.00797	0.00598	0.00332	0.01063
1	0.01391	0.01193	0.01391	0.00994	0.01590	0.00894	0.00795	0.01690	0.01391	0.02186	0.01193	0.01391	0.00994	0.00497	0.00497	0.00099	0.00497	0.00398	0.00398	0.80521
2	0.00827	0.00686	0.00727	0.00730	0.00945	0.00586	0.00557	0.01021	0.01570	0.01918	0.13546	0.06370	0.60891	0.01674	0.00801	0.00230	0.00354	0.05356	0.00635	0.00577
3	0.01831	0.01984	0.02927	0.02233	0.02755	0.16233	0.37946	0.02536	0.14531	0.04612	0.01573	0.01820	0.01195	0.00690	0.00788	0.00218	0.04099	0.00700	0.00420	0.00910
4	0.00836	0.00602	0.00796	0.00939	0.00996	0.00562	0.00646	0.00973	0.01329	0.01763	0.05826	0.66878	0.07302	0.02049	0.00856	0.00271	0.00399	0.05799	0.00626	0.00553
5	0.00920	0.00646	0.00786	0.00812	0.00934	0.00597	0.00575	0.01131	0.01538	0.02139	0.28861	0.25532	0.15497	0.07350	0.00978	0.00259	0.00367	0.01366	0.09131	0.00579
6	0.04228	0.02174	0.02302	0.01870	0.02252	0.31328	0.20450	0.04274	0.04522	0.01912	0.01339	0.01832	0.01152	0.08443	0.03903	0.00283	0.05950	0.00626	0.00373	0.00788
7	0.01668	0.01274	0.01626	0.01362	0.01684	0.04612	0.07396	0.13124	0.09857	0.09260	0.12233	0.02566	0.02187	0.01869	0.17663	0.00412	0.04317	0.00756	0.05292	0.00843
8	0.01677	0.01420	0.01513	0.01326	0.01657	0.03895	0.01038	0.12707	0.41373	0.02838	0.13295	0.02722	0.02493	0.03364	0.00876	0.00237	0.05174	0.00793	0.00646	0.00956
9	0.01223	0.00816	0.00972	0.00951	0.01151	0.00801	0.00719	0.05988	0.06235	0.06995	0.12248	0.23979	0.15641	0.01639	0.03829	0.00267	0.00480	0.05216	0.10162	0.00690
10	0.01563	0.29369	0.45860	0.01617	0.02444	0.01927	0.01956	0.02124	0.01415	0.04396	0.01158	0.01326	0.00882	0.00622	0.00565	0.00188	0.00880	0.00454	0.00304	0.00951
11	0.00940	0.00652	0.00847	0.00885	0.01004	0.00598	0.00631	0.01152	0.01590	0.04289	0.33738	0.37977	0.09747	0.01717	0.00818	0.00241	0.00360	0.01533	0.00680	0.00603
12	0.02678	0.01378	0.01673	0.01302	0.01796	0.01364	0.01067	0.28011	0.02352	0.41851	0.04332	0.05481	0.01730	0.00895	0.00685	0.00208	0.00618	0.00720	0.00759	0.01099
13	0.17656	0.01238	0.01358	0.01063	0.01557	0.03174	0.00858	0.04276	0.01591	0.24063	0.04610	0.03871	0.01466	0.00721	0.00566	0.00169	0.00541	0.00560	0.00561	0.30099
14	0.01925	0.01352	0.01566	0.01164	0.01721	0.01213	0.00945	0.19844	0.01947	0.13255	0.03427	0.01680	0.01276	0.00651	0.00577	0.00145	0.00566	0.00515	0.00543	0.45687
15	0.81159	0.01298	0.00986	0.00882	0.01298	0.01505	0.00727	0.01972	0.01142	0.03010	0.00934	0.01090	0.00727	0.00623	0.00415	0.00208	0.00519	0.00363	0.00415	0.00727
16	0.01583	0.01515	0.02584	0.17987	0.58968	0.01574	0.02021	0.01992	0.01491	0.02098	0.01248	0.01686	0.01030	0.00612	0.00666	0.00204	0.00816	0.00598	0.00325	0.01001
17	0.00822	0.00649	0.00745	0.00817	0.00965	0.00572	0.00592	0.00981	0.01435	0.01787	0.05370	0.33638	0.41033	0.01867	0.00827	0.00250	0.00378	0.06088	0.00623	0.00562
18	0.01632	0.01340	0.01532	0.01230	0.04869	0.03161	0.00924	0.11355	0.01659	0.04625	0.01334	0.01584	0.01096	0.03758	0.00661	0.00147	0.00574	0.00470	0.00445	0.57604
19	0.02163	0.01369	0.01508	0.01208	0.01653	0.05490	0.00969	0.21247	0.02116	0.24602	0.06295	0.06916	0.09363	0.00971	0.00677	0.00196	0.00597	0.00787	0.00662	0.11211
20	0.77957	0.01321	0.01028	0.00909	0.01330	0.01529	0.00749	0.04743	0.01224	0.03060	0.00962	0.01111	0.00744	0.00630	0.00426	0.00207	0.00528	0.00373	0.00426	0.00744
21	0.01577	0.01305	0.01867	0.09589	0.22391	0.05182	0.05921	0.02010	0.05831	0.09638	0.11237	0.02875	0.11044	0.00904	0.00693	0.00207	0.00662	0.00805	0.05393	0.00867

[dist]
# distance from previous block
# <min> <max>
0	2

[block]
# block no. 5 follows, 32 sequences, length 13
# corresponding to MSA columns:
# 120-132
name=unknown_F
#
# <colnr> <probs for GDERKNQSTAVLIFYWHMCP>
#	G	D	E	R	K	N	Q	S	T	A	V	L	I	F	Y	W	H	M	C	P
0	0.01836	0.01505	0.01595	0.01378	0.01777	0.01717	0.01082	0.18289	0.52876	0.03060	0.02455	0.02385	0.01862	0.04110	0.00797	0.00240	0.00582	0.00733	0.00668	0.01052
1	0.05285	0.08406	0.61551	0.01849	0.02770	0.01638	0.05263	0.02110	0.01407	0.02131	0.01179	0.01394	0.00852	0.00629	0.00619	0.00208	0.00956	0.00493	0.00292	0.00966
2	0.00847	0.00678	0.00710	0.00717	0.00890	0.00595	0.00513	0.00986	0.01406	0.01707	0.05601	0.06048	0.53279	0.18392	0.01385	0.00325	0.00422	0.04392	0.00574	0.00533
3	0.01402	0.01426	0.07188	0.01213	0.01727	0.01169	0.01057	0.01710	0.01324	0.02072	0.01134	0.01408	0.00961	0.00638	0.00834	0.00145	0.14820	0.00442	0.00369	0.58961
4	0.00976	0.00651	0.00732	0.00732	0.00732	0.00651	0.00407	0.00976	0.00976	0.01301	0.02114	0.04391	0.02439	0.76419	0.03415	0.00651	0.00651	0.00976	0.00407	0.00407
5	0.01346	0.03471	0.72942	0.01912	0.02904	0.01558	0.02479	0.02125	0.01417	0.02125	0.01204	0.01417	0.00850	0.00637	0.00637	0.00212	0.00992	0.00496	0.00283	0.00992
6	0.00915	0.00646	0.00805	0.00881	0.00943	0.00619	0.00602	0.01036	0.01275	0.01690	0.08423	0.32257	0.08381	0.27592	0.01738	0.00400	0.00501	0.10225	0.00556	0.00515
7	0.01361	0.01158	0.01350	0.01009	0.01550	0.00909	0.00796	0.01733	0.05200	0.02183	0.01475	0.07363	0.01325	0.00647	0.00536	0.00120	0.00490	0.00537	0.00431	0.69828
8	0.00818	0.00584	0.00779	0.00934	0.00973	0.00545	0.00623	0.00934	0.01285	0.01713	0.03698	0.75981	0.04438	0.02102	0.00856	0.00273	0.00389	0.01908	0.00623	0.00545
9	0.01446	0.01470	0.07479	0.10606	0.20807	0.04141	0.03503	0.01975	0.08595	0.04577	0.12866	0.02963	0.08264	0.00953	0.00778	0.00220	0.03966	0.04051	0.00478	0.00861
10	0.01633	0.01126	0.01277	0.00982	0.01442	0.00991	0.00785	0.11272	0.01680	0.07749	0.01635	0.01797	0.01266	0.00644	0.00526	0.00137	0.00485	0.00510	0.22679	0.41383
11	0.01490	0.01433	0.02193	0.37803	0.28150	0.04492	0.01796	0.01986	0.05596	0.01975	0.01303	0.01738	0.01028	0.00649	0.00656	0.00206	0.00827	0.00588	0.00341	0.05752
12	0.23839	0.01470	0.01989	0.02281	0.26949	0.01525	0.05712	0.06055	0.05290	0.02548	0.01253	0.01507	0.01008	0.00640	0.00641	0.00194	0.03621	0.00524	0.00403	0.12550

[dist]
# distance from previous block
# <min> <max>
0	7

[block]
# block no. 6 follows, 32 sequences, length 22
# corresponding to MSA columns:
# 140-161
name=unknown_G
#
# <colnr> <probs for GDERKNQSTAVLIFYWHMCP>
#	G	D	E	R	K	N	Q	S	T	A	V	L	I	F	Y	W	H	M	C	P
0	0.08329	0.02069	0.08928	0.01472	0.03593	0.22630	0.02705	0.05062	0.05841	0.06947	0.01365	0.01517	0.01063	0.00822	0.03467	0.00204	0.00849	0.00490	0.00425	0.22220
1	0.01548	0.01521	0.02151	0.31943	0.28753	0.08810	0.01727	0.01931	0.01474	0.01956	0.01243	0.01677	0.00996	0.00636	0.00638	0.00196	0.00832	0.00564	0.03592	0.07812
2	0.07976	0.01309	0.03598	0.01512	0.10420	0.01300	0.01076	0.11418	0.16922	0.06047	0.12882	0.03102	0.11869	0.01000	0.00683	0.00210	0.00550	0.02504	0.00594	0.05027
3	0.00816	0.00588	0.00774	0.00924	0.00970	0.00546	0.00618	0.00935	0.01295	0.01717	0.03826	0.73114	0.07222	0.02086	0.00854	0.00271	0.00387	0.01887	0.00623	0.00546
4	0.00961	0.00732	0.01080	0.01088	0.01192	0.00851	0.00837	0.01181	0.01103	0.01580	0.02003	0.11981	0.01998	0.04499	0.61497	0.00943	0.04618	0.00866	0.00390	0.00598
5	0.01346	0.03471	0.72942	0.01912	0.02904	0.01558	0.02479	0.02125	0.01417	0.02125	0.01204	0.01417	0.00850	0.00637	0.00637	0.00212	0.00992	0.00496	0.00283	0.00992
6	0.01806	0.01411	0.01521	0.01348	0.01742	0.01599	0.01054	0.03535	0.63972	0.09937	0.02722	0.02481	0.02009	0.00902	0.00682	0.00226	0.00535	0.00750	0.00698	0.01070
7	0.00959	0.00719	0.01078	0.01078	0.01198	0.00839	0.00839	0.01198	0.01078	0.01558	0.01797	0.02636	0.01677	0.05032	0.73760	0.01078	0.01797	0.00719	0.00359	0.00599
8	0.01578	0.01510	0.02051	0.01739	0.01794	0.02058	0.01448	0.08591	0.01245	0.01881	0.00955	0.01483	0.00907	0.01137	0.02046	0.00284	0.67596	0.00589	0.00332	0.00776
9	0.81159	0.01298	0.00986	0.00882	0.01298	0.01505	0.00727	0.01972	0.01142	0.03010	0.00934	0.01090	0.00727	0.00623	0.00415	0.00208	0.00519	0.00363	0.00415	0.00727
10	0.00947	0.00689	0.00893	0.00850	0.01011	0.00635	0.00643	0.01257	0.01871	0.02628	0.66629	0.05164	0.09208	0.01403	0.00796	0.00215	0.00328	0.03475	0.00729	0.00630
11	0.00974	0.00657	0.00765	0.00765	0.00776	0.00668	0.00448	0.00997	0.00986	0.01325	0.02084	0.04224	0.02367	0.69611	0.10123	0.00691	0.00760	0.00951	0.00402	0.00425
12	0.00884	0.00683	0.00806	0.00775	0.00962	0.00605	0.00581	0.01139	0.01744	0.02322	0.44518	0.05620	0.33922	0.01509	0.00792	0.00218	0.00326	0.01299	0.00690	0.00605
13	0.02314	0.02669	0.01747	0.01565	0.01904	0.54594	0.01189	0.10378	0.01961	0.02029	0.01256	0.01453	0.01021	0.00910	0.03899	0.00215	0.01090	0.00485	0.08525	0.00797
14	0.00835	0.00681	0.00737	0.00723	0.00932	0.00584	0.00542	0.01043	0.01627	0.02045	0.24031	0.06075	0.54582	0.01613	0.00793	0.00222	0.00334	0.01362	0.00654	0.00584
15	0.04377	0.02010	0.02465	0.01956	0.02419	0.22853	0.26997	0.06516	0.06907	0.02169	0.01967	0.02473	0.06800	0.00837	0.00720	0.00215	0.00963	0.06085	0.00434	0.00839
16	0.00959	0.00719	0.01078	0.01078	0.01198	0.00839	0.00839	0.01198	0.01078	0.01558	0.01797	0.02636	0.01677	0.05032	0.73760	0.01078	0.01797	0.00719	0.00359	0.00599
17	0.01441	0.01243	0.01772	0.01497	0.01784	0.03399	0.14237	0.06189	0.14725	0.04508	0.05217	0.17766	0.02482	0.10456	0.01191	0.00293	0.05571	0.04913	0.00537	0.00780
18	0.00819	0.00620	0.00756	0.00850	0.00955	0.00558	0.00589	0.00966	0.01402	0.01810	0.09285	0.49697	0.25413	0.01928	0.00832	0.00254	0.00369	0.01709	0.00631	0.00558
19	0.01443	0.01364	0.02273	0.43215	0.31451	0.01540	0.01904	0.01938	0.04643	0.01955	0.01292	0.01771	0.01015	0.00653	0.00669	0.00214	0.00839	0.00604	0.00330	0.00887
20	0.01378	0.00682	0.00748	0.00707	0.00898	0.00660	0.00539	0.01686	0.01518	0.09138	0.11142	0.02802	0.02304	0.00862	0.00530	0.00168	0.00338	0.00705	0.62521	0.00675
21	0.05539	0.48810	0.17372	0.01348	0.01973	0.08042	0.01408	0.02157	0.04633	0.01821	0.01080	0.01223	0.00908	0.00614	0.00498	0.00167	0.00795	0.00411	0.00315	0.00884

[dist]
# distance from previous block
# <min> <max>
0	2

[block]
# block no. 7 follows, 32 sequences, length 23
# corresponding to MSA columns:
# 164-186
name=unknown_H
#
# <colnr> <probs for GDERKNQSTAVLIFYWHMCP>
#	G	D	E	R	K	N	Q	S	T	A	V	L	I	F	Y	W	H	M	C	P
0	0.00916	0.00690	0.00862	0.00919	0.01075	0.00636	0.00718	0.01151	0.01583	0.02068	0.21625	0.18688	0.24875	0.01731	0.00841	0.00253	0.00419	0.19705	0.00650	0.00593
1	0.01623	0.01556	0.02655	0.10912	0.65735	0.01584	0.02040	0.02026	0.01510	0.02146	0.01255	0.01673	0.01047	0.00605	0.00665	0.00202	0.00806	0.00598	0.00329	0.01032
2	0.01267	0.01193	0.02013	0.74806	0.04621	0.01491	0.01863	0.01714	0.01342	0.01714	0.01193	0.01789	0.00894	0.00671	0.00671	0.00224	0.00894	0.00596	0.00298	0.00745
3	0.10577	0.01990	0.01894	0.01500	0.02000	0.11265	0.01222	0.54361	0.02787	0.03771	0.01468	0.01506	0.01063	0.00772	0.00637	0.00198	0.00777	0.00557	0.00603	0.01052
4	0.00976	0.00651	0.00732	0.00732	0.00732	0.00651	0.00407	0.00976	0.00976	0.01301	0.02114	0.04391	0.02439	0.76419	0.03415	0.00651	0.00651	0.00976	0.00407	0.00407
5	0.00818	0.00584	0.00779	0.00934	0.00973	0.00545	0.00623	0.00934	0.01285	0.01713	0.03698	0.75981	0.04438	0.02102	0.00856	0.00273	0.00389	0.01908	0.00623	0.00545
6	0.10475	0.01554	0.01582	0.01282	0.01747	0.12122	0.01033	0.11049	0.05446	0.40909	0.04543	0.02030	0.01569	0.00809	0.00643	0.00203	0.00671	0.00622	0.00687	0.01024
7	0.01661	0.01594	0.02724	0.04119	0.72233	0.01594	0.02059	0.02059	0.01528	0.02192	0.01262	0.01661	0.01063	0.00598	0.00664	0.00199	0.00797	0.00598	0.00332	0.01063
8	0.08205	0.41201	0.02764	0.01298	0.01856	0.02182	0.04844	0.17227	0.01785	0.05556	0.01203	0.01314	0.00967	0.00635	0.00519	0.00166	0.00707	0.00454	0.00418	0.06698
9	0.01002	0.00689	0.00875	0.00916	0.01047	0.00645	0.00653	0.01268	0.04651	0.05674	0.23050	0.41892	0.11619	0.01737	0.00815	0.00245	0.00379	0.01548	0.00669	0.00626
10	0.01803	0.01630	0.02173	0.01707	0.02126	0.09543	0.19934	0.18650	0.05072	0.05026	0.05514	0.07181	0.05396	0.05798	0.00939	0.00243	0.02944	0.00828	0.02628	0.00865
11	0.01662	0.01567	0.02509	0.03629	0.59691	0.01608	0.01882	0.02327	0.13893	0.02301	0.01523	0.01811	0.01238	0.00653	0.00668	0.00204	0.00750	0.00626	0.00395	0.01063
12	0.04162	0.01333	0.01522	0.01363	0.05204	0.01414	0.01031	0.27466	0.11996	0.07468	0.17434	0.03149	0.09628	0.01047	0.00710	0.00213	0.00561	0.02701	0.00666	0.00932
13	0.01594	0.01232	0.02224	0.01716	0.02137	0.01156	0.29196	0.04381	0.01603	0.12879	0.02423	0.16617	0.05518	0.01004	0.00732	0.00221	0.00721	0.00990	0.12835	0.00819
14	0.01481	0.02529	0.33840	0.02431	0.03246	0.01637	0.40638	0.02139	0.01511	0.02139	0.01291	0.01640	0.00945	0.00597	0.00725	0.00220	0.01071	0.00664	0.00315	0.00943
15	0.00976	0.00651	0.00732	0.00732	0.00732	0.00651	0.00407	0.00976	0.00976	0.01301	0.02114	0.04391	0.02439	0.76419	0.03415	0.00651	0.00651	0.00976	0.00407	0.00407
16	0.00927	0.00661	0.00710	0.00733	0.00885	0.00601	0.00525	0.01095	0.01386	0.01848	0.04660	0.11976	0.36811	0.14873	0.01214	0.00298	0.00410	0.04800	0.15038	0.00549
17	0.00920	0.00685	0.00855	0.00812	0.00984	0.00620	0.00609	0.01208	0.01828	0.02522	0.59351	0.05290	0.18965	0.01435	0.00792	0.00214	0.00321	0.01252	0.00716	0.00620
18	0.01481	0.02529	0.33840	0.02431	0.03246	0.01637	0.40638	0.02139	0.01511	0.02139	0.01291	0.01640	0.00945	0.00597	0.00725	0.00220	0.01071	0.00664	0.00315	0.00943
19	0.01302	0.13727	0.01610	0.01180	0.01395	0.08990	0.00960	0.01528	0.01223	0.01607	0.01536	0.02155	0.01412	0.03461	0.47161	0.00750	0.05493	0.00618	0.03222	0.00670
20	0.01562	0.01519	0.02347	0.21616	0.40390	0.05339	0.01841	0.01904	0.01416	0.01934	0.01186	0.01664	0.00993	0.00759	0.00918	0.03564	0.09246	0.00587	0.00318	0.00898
21	0.01539	0.01342	0.05135	0.05266	0.01921	0.01100	0.04448	0.05374	0.01529	0.07323	0.04560	0.01717	0.01298	0.00759	0.02829	0.00173	0.03482	0.00518	0.00439	0.49248
22	0.07629	0.03476	0.02129	0.03677	0.06115	0.08670	0.16872	0.10325	0.03871	0.07283	0.08146	0.02273	0.03688	0.00789	0.00666	0.00200	0.00758	0.02354	0.04476	0.06606

[dist]
# distance from previous block
# <min> <max>
4	12

[block]
# block no. 8 follows, 32 sequences, length 12
# corresponding to MSA columns:
# 199-210
name=unknown_I
#
# <colnr> <probs for GDERKNQSTAVLIFYWHMCP>
#	G	D	E	R	K	N	Q	S	T	A	V	L	I	F	Y	W	H	M	C	P
0	0.01772	0.01585	0.02003	0.10289	0.08298	0.06304	0.08171	0.18176	0.10199	0.02626	0.01612	0.05354	0.01313	0.00747	0.00650	0.00188	0.00736	0.00647	0.00481	0.18849
1	0.01618	0.01605	0.07054	0.13645	0.39760	0.01596	0.01841	0.04360	0.04406	0.04728	0.03534	0.01802	0.01234	0.00728	0.00840	0.00216	0.09071	0.00619	0.00377	0.00967
2	0.07231	0.01487	0.10774	0.01182	0.01742	0.01117	0.01080	0.06123	0.04780	0.13082	0.03915	0.02201	0.04303	0.00756	0.00598	0.00169	0.00585	0.03988	0.00509	0.34376
3	0.00925	0.00685	0.00863	0.00818	0.00987	0.00623	0.00614	0.01219	0.01842	0.02553	0.61706	0.05238	0.16590	0.01423	0.00792	0.00213	0.00320	0.01245	0.00721	0.00623
4	0.01807	0.01671	0.01815	0.11027	0.02198	0.14952	0.06470	0.14346	0.01766	0.04238	0.01423	0.01901	0.01194	0.09442	0.01024	0.00237	0.04669	0.00592	0.03569	0.15662
5	0.01011	0.00651	0.00736	0.00736	0.00762	0.00657	0.00437	0.01064	0.01037	0.01471	0.02108	0.04054	0.02306	0.62878	0.06628	0.00608	0.00665	0.00917	0.10830	0.00445
6	0.01874	0.02060	0.16460	0.05285	0.15324	0.05446	0.01629	0.25002	0.10091	0.02881	0.03596	0.04325	0.01406	0.00793	0.00671	0.00208	0.00785	0.00651	0.00497	0.01016
7	0.00852	0.00676	0.00775	0.00830	0.01004	0.00599	0.00633	0.01040	0.01496	0.01857	0.07975	0.20531	0.44640	0.01794	0.00828	0.00249	0.00396	0.12626	0.00626	0.00573
8	0.02121	0.01628	0.01813	0.01577	0.05017	0.01804	0.01234	0.42500	0.19676	0.03526	0.02101	0.02534	0.01682	0.00945	0.00704	0.00220	0.00676	0.08532	0.00653	0.01057
9	0.06936	0.01164	0.01337	0.01007	0.01553	0.00927	0.00815	0.01684	0.01387	0.02229	0.01376	0.01897	0.01220	0.00621	0.00528	0.00125	0.00509	0.06139	0.00418	0.68130
10	0.01799	0.11310	0.37008	0.01729	0.05806	0.01645	0.01821	0.07026	0.09445	0.13631	0.01606	0.01663	0.01147	0.00701	0.00628	0.00204	0.00813	0.00550	0.00445	0.01022
11	0.02310	0.01874	0.01871	0.01512	0.01990	0.08084	0.01220	0.46429	0.21256	0.03627	0.01862	0.01816	0.01361	0.00824	0.00669	0.00206	0.00723	0.00631	0.00647	0.01089

[dist]
# distance from previous block
# <min> <max>
4	15

[block]
# block no. 9 follows, 32 sequences, length 26
# corresponding to MSA columns:
# 226-251
name=unknown_J
#
# <colnr> <probs for GDERKNQSTAVLIFYWHMCP>
#	G	D	E	R	K	N	Q	S	T	A	V	L	I	F	Y	W	H	M	C	P
0	0.16422	0.01199	0.01324	0.04544	0.04401	0.02947	0.00932	0.09008	0.06844	0.17822	0.05127	0.07243	0.15802	0.01036	0.00660	0.00214	0.00548	0.00838	0.00605	0.02484
1	0.14164	0.01768	0.01694	0.07992	0.04164	0.15297	0.01218	0.12338	0.18293	0.05637	0.01659	0.01875	0.01297	0.00824	0.00756	0.00216	0.06888	0.02514	0.00504	0.00904
2	0.01253	0.00775	0.00981	0.00946	0.01179	0.00702	0.00761	0.01517	0.01709	0.13032	0.25692	0.05636	0.24012	0.01501	0.00807	0.00239	0.00436	0.17444	0.00690	0.00688
3	0.01395	0.01204	0.01419	0.01025	0.01597	0.00942	0.00823	0.01686	0.01376	0.02163	0.01180	0.01395	0.00989	0.00525	0.00567	0.00107	0.03569	0.00405	0.00393	0.77240
4	0.01542	0.09440	0.02212	0.44133	0.08086	0.08350	0.01678	0.04859	0.01452	0.01824	0.01138	0.01608	0.00909	0.00721	0.00813	0.00216	0.09347	0.00556	0.00320	0.00798
5	0.00976	0.00651	0.00732	0.00732	0.00732	0.00651	0.00407	0.00976	0.00976	0.01301	0.02114	0.04391	0.02439	0.76419	0.03415	0.00651	0.00651	0.00976	0.00407	0.00407
6	0.01201	0.00939	0.01411	0.04577	0.10161	0.00935	0.07048	0.06026	0.01492	0.02118	0.02683	0.39396	0.02877	0.01404	0.00740	0.00232	0.00537	0.01282	0.14236	0.00704
7	0.00820	0.00662	0.00729	0.00752	0.00933	0.00572	0.00549	0.01000	0.01533	0.01916	0.15272	0.19796	0.49656	0.01732	0.00805	0.00233	0.00346	0.01484	0.00639	0.00572
8	0.01738	0.01462	0.01631	0.03321	0.06370	0.04462	0.01137	0.16366	0.31660	0.02702	0.02070	0.02288	0.01651	0.06374	0.07456	0.00324	0.04346	0.00699	0.03000	0.00944
9	0.68855	0.01273	0.01076	0.00931	0.01363	0.01424	0.00768	0.02177	0.01264	0.13982	0.01204	0.01278	0.00874	0.00656	0.00456	0.00208	0.00527	0.00412	0.00481	0.00792
10	0.01533	0.06755	0.08716	0.12551	0.27478	0.01627	0.06878	0.04015	0.07480	0.02189	0.07462	0.01976	0.01534	0.00748	0.00779	0.00212	0.06091	0.00654	0.00393	0.00929
11	0.00822	0.00616	0.00753	0.00853	0.00944	0.00558	0.00582	0.00953	0.01352	0.01746	0.06278	0.51857	0.22625	0.05562	0.00961	0.00277	0.00387	0.01711	0.00616	0.00546
12	0.01805	0.62080	0.07700	0.01251	0.01823	0.07276	0.01237	0.02167	0.06148	0.01701	0.01080	0.01204	0.00941	0.00609	0.00473	0.00156	0.00755	0.00400	0.00318	0.00878
13	0.02258	0.01742	0.02033	0.10590	0.04702	0.01944	0.02907	0.51477	0.09383	0.03670	0.01651	0.01725	0.01193	0.00787	0.00675	0.00207	0.00748	0.00622	0.00608	0.01077
14	0.01478	0.01122	0.01258	0.01162	0.01448	0.01207	0.00885	0.07748	0.32818	0.06749	0.10086	0.20103	0.08542	0.01284	0.00741	0.00233	0.00480	0.01107	0.00678	0.00870
15	0.01266	0.06193	0.17104	0.06915	0.01837	0.01180	0.01223	0.06349	0.03733	0.02332	0.22872	0.03003	0.04956	0.03567	0.08307	0.00307	0.00734	0.00802	0.06547	0.00770
16	0.01321	0.00738	0.00757	0.00723	0.00897	0.00760	0.00537	0.05736	0.04434	0.02506	0.02170	0.02626	0.01767	0.07940	0.00769	0.00209	0.00380	0.00663	0.64412	0.00655
17	0.01773	0.03995	0.01498	0.03865	0.12973	0.05810	0.01017	0.09726	0.01712	0.10508	0.01828	0.02031	0.01395	0.00731	0.00562	0.00175	0.00569	0.00591	0.34917	0.04323
18	0.00848	0.00648	0.00779	0.00817	0.00958	0.00579	0.00586	0.01044	0.01556	0.02042	0.25252	0.30064	0.28922	0.01740	0.00814	0.00238	0.00350	0.01525	0.00658	0.00579
19	0.02089	0.13502	0.02005	0.01391	0.01858	0.05086	0.01147	0.23808	0.31358	0.07710	0.02021	0.01931	0.01502	0.00810	0.00636	0.00202	0.00657	0.00628	0.00612	0.01048
20	0.01708	0.05878	0.12593	0.13125	0.22236	0.04789	0.12526	0.05445	0.03745	0.06963	0.01460	0.01870	0.01145	0.00687	0.00676	0.00210	0.00874	0.02727	0.00390	0.00953
21	0.01391	0.01193	0.01391	0.00994	0.01590	0.00894	0.00795	0.01690	0.01391	0.02186	0.01193	0.01391	0.00994	0.00497	0.00497	0.00099	0.00497	0.00398	0.00398	0.80521
22	0.00874	0.00622	0.00761	0.00836	0.00891	0.00587	0.00543	0.00973	0.01255	0.01659	0.08174	0.40869	0.11229	0.25640	0.01659	0.00384	0.00462	0.01511	0.00562	0.00509
23	0.01653	0.01422	0.01603	0.09040	0.03825	0.01638	0.01166	0.07338	0.55615	0.02733	0.02597	0.02481	0.04105	0.00897	0.00684	0.00225	0.00582	0.00749	0.00631	0.01018
24	0.81159	0.01298	0.00986	0.00882	0.01298	0.01505	0.00727	0.01972	0.01142	0.03010	0.00934	0.01090	0.00727	0.00623	0.00415	0.00208	0.00519	0.00363	0.00415	0.00727
25	0.01648	0.02123	0.22177	0.02250	0.18210	0.04792	0.03884	0.12636	0.04256	0.02389	0.01516	0.02091	0.01273	0.01023	0.04355	0.00264	0.07923	0.05836	0.00405	0.00949

[dist]
# distance from previous block
# <min> <max>
0	7

[block]
# block no. 10 follows, 32 sequences, length 24
# corresponding to MSA columns:
# 259-282
name=unknown_K
#
# <colnr> <probs for GDERKNQSTAVLIFYWHMCP>
#	G	D	E	R	K	N	Q	S	T	A	V	L	I	F	Y	W	H	M	C	P
0	0.00856	0.00634	0.00800	0.00861	0.00971	0.00577	0.00607	0.01047	0.01527	0.02048	0.26418	0.40962	0.16635	0.01795	0.00824	0.00245	0.00357	0.01597	0.00661	0.00577
1	0.01157	0.00956	0.01130	0.07446	0.01520	0.01004	0.00841	0.01925	0.22584	0.02430	0.29249	0.04320	0.20299	0.01250	0.00748	0.00221	0.00437	0.01071	0.00655	0.00756
2	0.00853	0.00666	0.00774	0.00781	0.00952	0.00587	0.00573	0.01068	0.01623	0.02113	0.29734	0.17292	0.37292	0.01647	0.00803	0.00228	0.00340	0.01423	0.00665	0.00587
3	0.01468	0.14155	0.30694	0.05134	0.02765	0.01760	0.20319	0.02010	0.01442	0.02014	0.04753	0.01672	0.01179	0.00691	0.00786	0.00213	0.07122	0.00603	0.00324	0.00897
4	0.01495	0.01663	0.08331	0.12195	0.08161	0.03992	0.03468	0.03855	0.01256	0.01815	0.01056	0.01571	0.00934	0.01101	0.04081	0.00288	0.43037	0.00587	0.00313	0.00799
5	0.01460	0.00977	0.01011	0.00935	0.01189	0.01069	0.00720	0.05260	0.26856	0.02688	0.02361	0.02464	0.01814	0.00830	0.00556	0.00184	0.00411	0.00673	0.47736	0.00807
6	0.01583	0.02935	0.53947	0.01801	0.02655	0.01541	0.04492	0.10142	0.01684	0.06951	0.04928	0.01691	0.01220	0.00704	0.00657	0.00211	0.00905	0.00567	0.00389	0.00998
7	0.01670	0.00890	0.01153	0.01023	0.01316	0.00824	0.00813	0.02054	0.06376	0.25480	0.30606	0.06516	0.09181	0.01261	0.00762	0.00224	0.00449	0.07843	0.00740	0.00819
8	0.01732	0.01111	0.01361	0.01033	0.01535	0.00904	0.00827	0.02079	0.04035	0.19650	0.12474	0.02207	0.02016	0.00728	0.00592	0.00148	0.00489	0.00604	0.00567	0.45910
9	0.00809	0.00675	0.00705	0.00709	0.00919	0.00571	0.00527	0.00989	0.01549	0.01886	0.12504	0.10147	0.62324	0.01692	0.00796	0.00228	0.00340	0.01425	0.00634	0.00571
10	0.01597	0.01529	0.02608	0.15557	0.61293	0.01578	0.02028	0.02003	0.01498	0.02115	0.01251	0.01681	0.01036	0.00610	0.00665	0.00203	0.00813	0.00598	0.00327	0.01011
11	0.02551	0.01879	0.02014	0.01544	0.02081	0.02081	0.01275	0.69996	0.03155	0.04229	0.01611	0.01611	0.01141	0.00805	0.00671	0.00201	0.00738	0.00604	0.00671	0.01141
12	0.00828	0.00677	0.00731	0.00726	0.00930	0.00580	0.00542	0.01028	0.01600	0.02001	0.20911	0.09070	0.54752	0.01645	0.00795	0.00225	0.00337	0.01392	0.00648	0.00580
13	0.01399	0.12141	0.64737	0.01822	0.02764	0.01688	0.02322	0.02111	0.01410	0.02060	0.01172	0.01376	0.00851	0.00630	0.00613	0.00204	0.00959	0.00480	0.00284	0.00976
14	0.00845	0.00611	0.00805	0.00940	0.01006	0.00570	0.00655	0.00992	0.01354	0.01797	0.07609	0.62434	0.08339	0.02018	0.00855	0.00270	0.00401	0.07314	0.00629	0.00557
15	0.01584	0.01810	0.03959	0.02828	0.03507	0.01697	0.69796	0.02149	0.01584	0.02149	0.01357	0.01810	0.01018	0.00566	0.00792	0.00226	0.01131	0.00792	0.00339	0.00905
16	0.00818	0.00584	0.00779	0.00934	0.00973	0.00545	0.00623	0.00934	0.01285	0.01713	0.03698	0.75981	0.04438	0.02102	0.00856	0.00273	0.00389	0.01908	0.00623	0.00545
17	0.00936	0.00675	0.00884	0.00854	0.00999	0.00624	0.00632	0.01231	0.01834	0.02587	0.64639	0.12549	0.06130	0.01449	0.00798	0.00218	0.00324	0.01287	0.00726	0.00624
18	0.01267	0.01193	0.02013	0.74806	0.04621	0.01491	0.01863	0.01714	0.01342	0.01714	0.01193	0.01789	0.00894	0.00671	0.00671	0.00224	0.00894	0.00596	0.00298	0.00745
19	0.00942	0.00686	0.00886	0.00836	0.00998	0.00630	0.00627	0.01251	0.01881	0.02648	0.68705	0.05083	0.09532	0.01388	0.00791	0.00212	0.00318	0.01223	0.00733	0.00630
20	0.01346	0.03471	0.72942	0.01912	0.02904	0.01558	0.02479	0.02125	0.01417	0.02125	0.01204	0.01417	0.00850	0.00637	0.00637	0.00212	0.00992	0.00496	0.00283	0.00992
21	0.01669	0.01441	0.01517	0.01365	0.01745	0.01669	0.01062	0.03565	0.71021	0.02807	0.02731	0.02503	0.02048	0.00910	0.00683	0.00228	0.00531	0.00759	0.00683	0.01062
22	0.01251	0.00625	0.00625	0.00625	0.00782	0.00625	0.00469	0.01563	0.01407	0.02502	0.02189	0.02502	0.01720	0.00782	0.00469	0.00156	0.00313	0.00625	0.80144	0.00625
23	0.81159	0.01298	0.00986	0.00882	0.01298	0.01505	0.00727	0.01972	0.01142	0.03010	0.00934	0.01090	0.00727	0.00623	0.00415	0.00208	0.00519	0.00363	0.00415	0.00727

[dist]
# distance from previous block
# <min> <max>
8	28

[block]
# block no. 11 follows, 32 sequences, length 61
# corresponding to MSA columns:
# 311-371
name=unknown_L
#
# <colnr> <probs for GDERKNQSTAVLIFYWHMCP>
#	G	D	E	R	K	N	Q	S	T	A	V	L	I	F	Y	W	H	M	C	P
0	0.00830	0.00787	0.03464	0.00743	0.00992	0.00611	0.00597	0.01038	0.01562	0.01913	0.13127	0.06119	0.62644	0.01626	0.00787	0.00224	0.00362	0.01361	0.00622	0.00589
1	0.49875	0.01212	0.01157	0.00980	0.01398	0.01299	0.00801	0.04645	0.01493	0.20553	0.09191	0.01840	0.01593	0.00764	0.00531	0.00208	0.00518	0.00544	0.00564	0.00836
2	0.01550	0.37882	0.34522	0.01451	0.02181	0.02003	0.01694	0.02026	0.01391	0.01896	0.01153	0.01341	0.00923	0.00619	0.00527	0.00176	0.00809	0.00441	0.06514	0.00901
3	0.77797	0.01323	0.01030	0.00911	0.01331	0.01530	0.00750	0.04881	0.01228	0.03063	0.00963	0.01112	0.00744	0.00631	0.00426	0.00207	0.00528	0.00374	0.00426	0.00744
4	0.02226	0.25384	0.02347	0.01523	0.01926	0.49415	0.01226	0.02410	0.01715	0.01626	0.01107	0.04028	0.01000	0.00710	0.00562	0.00168	0.01030	0.00466	0.00339	0.00794
5	0.00996	0.00783	0.00957	0.00870	0.01086	0.00723	0.00664	0.01309	0.03338	0.02410	0.46248	0.04774	0.19873	0.01338	0.00814	0.00207	0.03207	0.01142	0.00661	0.08601
6	0.01482	0.00858	0.01069	0.06636	0.01431	0.00801	0.00777	0.01788	0.01533	0.12888	0.09327	0.05421	0.02249	0.00917	0.00600	0.00180	0.00453	0.05570	0.31879	0.14141
7	0.01432	0.01189	0.01545	0.12718	0.04724	0.01198	0.03820	0.03603	0.14750	0.02308	0.01814	0.02025	0.03065	0.00716	0.00631	0.00173	0.02644	0.00597	0.14777	0.26272
8	0.26845	0.02020	0.01988	0.02319	0.24343	0.19992	0.01420	0.02425	0.01670	0.08005	0.01442	0.01732	0.01174	0.00806	0.00670	0.00239	0.00868	0.00561	0.00482	0.01000
9	0.01168	0.00862	0.01015	0.03611	0.01293	0.00798	0.00757	0.01357	0.04557	0.02190	0.13283	0.38057	0.18433	0.01818	0.00881	0.00282	0.00472	0.01540	0.06902	0.00724
10	0.02146	0.16828	0.20390	0.01618	0.02296	0.01667	0.06403	0.04861	0.01741	0.19822	0.01766	0.01920	0.01326	0.00808	0.00695	0.00223	0.00820	0.00599	0.00539	0.13533
11	0.01068	0.00853	0.00897	0.00891	0.01110	0.00722	0.00644	0.01183	0.01696	0.02134	0.15041	0.11309	0.56190	0.01801	0.00890	0.00270	0.00428	0.01466	0.00708	0.00700
12	0.01691	0.01350	0.01553	0.01162	0.01756	0.01035	0.00903	0.01912	0.01555	0.05403	0.01488	0.01755	0.01244	0.00673	0.00608	0.00151	0.00581	0.00490	0.00495	0.74195
13	0.01050	0.00845	0.00875	0.00887	0.01103	0.00712	0.00636	0.01141	0.01631	0.02013	0.06381	0.16353	0.59987	0.01872	0.00894	0.00275	0.00434	0.01526	0.00693	0.00690
14	0.01254	0.00968	0.01338	0.01300	0.01428	0.01093	0.00997	0.01412	0.01226	0.01787	0.01920	0.02802	0.01797	0.04652	0.64227	0.01013	0.08840	0.00774	0.00434	0.00737
15	0.01474	0.00977	0.01285	0.01383	0.01584	0.00930	0.01163	0.01703	0.01709	0.07729	0.03625	0.07245	0.03802	0.01884	0.00995	0.00340	0.00691	0.59994	0.00705	0.00783
16	0.01218	0.00973	0.01173	0.01075	0.01321	0.00881	0.03971	0.01530	0.07126	0.02497	0.34305	0.05446	0.32515	0.01561	0.00876	0.00262	0.00469	0.01290	0.00734	0.00775
17	0.01169	0.00809	0.00927	0.00969	0.01006	0.00761	0.00593	0.01144	0.01236	0.01672	0.02841	0.28473	0.03272	0.48898	0.02554	0.00550	0.00639	0.01344	0.00557	0.00585
18	0.01391	0.01193	0.01391	0.00994	0.01590	0.00894	0.00795	0.01690	0.01391	0.02186	0.01193	0.01391	0.00994	0.00497	0.00497	0.00099	0.00497	0.00398	0.00398	0.80521
19	0.01267	0.01193	0.02013	0.74806	0.04621	0.01491	0.01863	0.01714	0.01342	0.01714	0.01193	0.01789	0.00894	0.00671	0.00671	0.00224	0.00894	0.00596	0.00298	0.00745
20	0.00818	0.00584	0.00779	0.00934	0.00973	0.00545	0.00623	0.00934	0.01285	0.01713	0.03698	0.75981	0.04438	0.02102	0.00856	0.00273	0.00389	0.01908	0.00623	0.00545
21	0.00976	0.00651	0.00732	0.00732	0.00732	0.00651	0.00407	0.00976	0.00976	0.01301	0.02114	0.04391	0.02439	0.76419	0.03415	0.00651	0.00651	0.00976	0.00407	0.00407
22	0.01766	0.01490	0.01572	0.01385	0.01782	0.01714	0.01086	0.10870	0.63558	0.02963	0.02608	0.02405	0.01948	0.00899	0.00681	0.00225	0.00554	0.00742	0.00681	0.01071
23	0.01251	0.00625	0.00625	0.00625	0.00782	0.00625	0.00469	0.01563	0.01407	0.02502	0.02189	0.02502	0.01720	0.00782	0.00469	0.00156	0.00313	0.00625	0.80144	0.00625
24	0.01391	0.01193	0.01391	0.00994	0.01590	0.00894	0.00795	0.01690	0.01391	0.02186	0.01193	0.01391	0.00994	0.00497	0.00497	0.00099	0.00497	0.00398	0.00398	0.80521
25	0.01669	0.01441	0.01517	0.01365	0.01745	0.01669	0.01062	0.03565	0.71021	0.02807	0.02731	0.02503	0.02048	0.00910	0.00683	0.00228	0.00531	0.00759	0.00683	0.01062
26	0.00946	0.00714	0.00890	0.01000	0.01090	0.00715	0.00689	0.01332	0.11831	0.01878	0.03552	0.64869	0.04076	0.01922	0.00830	0.00266	0.00411	0.01734	0.00632	0.00623
27	0.01542	0.03176	0.01398	0.01150	0.01502	0.03008	0.04079	0.14382	0.13337	0.07948	0.04070	0.09097	0.30055	0.01258	0.00733	0.00220	0.00535	0.01054	0.00629	0.00826
28	0.01669	0.01448	0.01569	0.01483	0.04761	0.01666	0.01105	0.03501	0.68048	0.02781	0.02668	0.02467	0.02006	0.00897	0.00682	0.00226	0.00542	0.00752	0.00668	0.01062
29	0.01770	0.01557	0.01943	0.05556	0.21045	0.06009	0.01383	0.19517	0.06492	0.02664	0.07440	0.04729	0.04686	0.00883	0.00797	0.00207	0.06507	0.00718	0.00498	0.05598
30	0.02546	0.03038	0.01875	0.01687	0.02046	0.68051	0.01272	0.02725	0.01903	0.07185	0.01163	0.01294	0.00926	0.00702	0.00610	0.00176	0.01160	0.00451	0.00384	0.00806
31	0.00976	0.00651	0.00732	0.00732	0.00732	0.00651	0.00407	0.00976	0.00976	0.01301	0.02114	0.04391	0.02439	0.76419	0.03415	0.00651	0.00651	0.00976	0.00407	0.00407
32	0.01661	0.01594	0.02724	0.04119	0.72233	0.01594	0.02059	0.02059	0.01528	0.02192	0.01262	0.01661	0.01063	0.00598	0.00664	0.00199	0.00797	0.00598	0.00332	0.01063
33	0.00859	0.00678	0.00774	0.00758	0.00949	0.00593	0.00566	0.01088	0.01673	0.02173	0.33659	0.08674	0.42011	0.01580	0.00795	0.00222	0.00332	0.01352	0.00671	0.00593
34	0.01357	0.03393	0.69701	0.01955	0.02932	0.01565	0.05642	0.02126	0.01424	0.02126	0.01211	0.01435	0.00858	0.00634	0.00645	0.00213	0.00998	0.00510	0.00286	0.00988
35	0.00976	0.00651	0.00732	0.00732	0.00732	0.00651	0.00407	0.00976	0.00976	0.01301	0.02114	0.04391	0.02439	0.76419	0.03415	0.00651	0.00651	0.00976	0.00407	0.00407
36	0.01346	0.03471	0.72942	0.01912	0.02904	0.01558	0.02479	0.02125	0.01417	0.02125	0.01204	0.01417	0.00850	0.00637	0.00637	0.00212	0.00992	0.00496	0.00283	0.00992
37	0.00886	0.00651	0.00831	0.00853	0.00981	0.00596	0.00614	0.01119	0.01650	0.02258	0.41227	0.28654	0.13886	0.01654	0.00813	0.00233	0.00344	0.01468	0.00686	0.00596
38	0.02506	0.03198	0.01901	0.01729	0.02074	0.73725	0.01296	0.02679	0.01901	0.01642	0.01037	0.01210	0.00864	0.00691	0.00605	0.00173	0.01210	0.00432	0.00346	0.00778
