[name]
unknown

[dist]
# distance from previous block
# <min> <max>
0	164

[block]
# block no. 0 follows, 38 sequences, length 25
# corresponding to MSA columns:
# 165-180,197-205
name=unknown_A
#
# <colnr> <probs for GDERKNQSTAVLIFYWHMCP>
#	G	D	E	R	K	N	Q	S	T	A	V	L	I	F	Y	W	H	M	C	P
0	0.01005	0.00838	0.01416	0.01321	0.01527	0.00810	0.15223	0.01282	0.01326	0.01749	0.02783	0.21259	0.03028	0.03744	0.00858	0.00264	0.00602	0.39879	0.00500	0.00586
1	0.01489	0.01429	0.02442	0.03692	0.75106	0.01429	0.01846	0.01846	0.01370	0.01965	0.01132	0.01489	0.00953	0.00536	0.00596	0.00179	0.00715	0.00536	0.00298	0.00953
2	0.04374	0.29779	0.20740	0.01412	0.03781	0.22523	0.01367	0.02068	0.03085	0.04333	0.01024	0.01158	0.00822	0.00575	0.00494	0.00158	0.00815	0.00395	0.00302	0.00795
3	0.01802	0.02073	0.01532	0.01388	0.01614	0.44358	0.01059	0.05735	0.03186	0.01651	0.04695	0.07166	0.01365	0.03453	0.05071	0.00240	0.11994	0.00582	0.00363	0.00674
4	0.01013	0.00711	0.00832	0.00781	0.00984	0.00661	0.00591	0.03501	0.06095	0.07611	0.30469	0.11077	0.30761	0.01319	0.00698	0.00200	0.00338	0.01132	0.00615	0.00611
5	0.00875	0.00583	0.00656	0.00656	0.00656	0.00583	0.00365	0.00875	0.00875	0.01166	0.01895	0.03937	0.02187	0.78858	0.03062	0.00583	0.00583	0.00875	0.00365	0.00365
6	0.00991	0.00621	0.00757	0.00756	0.00883	0.00573	0.00536	0.01147	0.01311	0.08317	0.17828	0.22226	0.15499	0.16816	0.01166	0.00282	0.00391	0.03195	0.06167	0.00538
7	0.01632	0.71276	0.06058	0.01090	0.01608	0.06998	0.01087	0.01843	0.01255	0.01439	0.00852	0.00985	0.00772	0.00524	0.00403	0.00133	0.00681	0.00331	0.00261	0.00772
8	0.00758	0.00600	0.00682	0.00685	0.00847	0.00524	0.00505	0.00945	0.01446	0.01859	0.27125	0.14820	0.44116	0.01479	0.00718	0.00204	0.00304	0.01270	0.00591	0.00524
9	0.02108	0.09566	0.01780	0.01378	0.01745	0.39615	0.01093	0.18868	0.03580	0.06928	0.03121	0.01514	0.01116	0.00774	0.02198	0.00183	0.00869	0.02344	0.00425	0.00798
10	0.01608	0.79220	0.03152	0.01029	0.01544	0.02380	0.01029	0.01801	0.01222	0.01415	0.00836	0.00965	0.00772	0.00515	0.00386	0.00129	0.00643	0.00322	0.00257	0.00772
11	0.83108	0.01163	0.00884	0.00791	0.01163	0.01350	0.00651	0.01768	0.01024	0.02699	0.00838	0.00977	0.00651	0.00558	0.00372	0.00186	0.00465	0.00326	0.00372	0.00651
12	0.02132	0.01596	0.01711	0.01346	0.01794	0.01773	0.01099	0.61351	0.12502	0.03548	0.01638	0.03899	0.01224	0.00770	0.00608	0.00186	0.00627	0.00596	0.00602	0.00997
13	0.04145	0.01131	0.01210	0.01066	0.01346	0.01292	0.00839	0.12454	0.35883	0.02531	0.01990	0.02023	0.01521	0.00808	0.00675	0.02112	0.05135	0.00604	0.22422	0.00814
14	0.09521	0.01345	0.03709	0.05876	0.01647	0.08077	0.00938	0.16656	0.03171	0.14618	0.07546	0.01911	0.03958	0.00719	0.00552	0.00168	0.00570	0.00561	0.06247	0.12208
15	0.05798	0.04226	0.19571	0.08185	0.17917	0.07520	0.20550	0.03755	0.01378	0.01926	0.01096	0.01402	0.00848	0.00567	0.00633	0.00189	0.02778	0.00531	0.00298	0.00831
16	0.01535	0.01458	0.01720	0.11662	0.24388	0.16267	0.01310	0.01803	0.01392	0.06367	0.01569	0.04407	0.02987	0.02623	0.00726	0.00197	0.04225	0.07673	0.02764	0.04928
17	0.00756	0.00539	0.00685	0.00792	0.00831	0.00506	0.00519	0.00846	0.01118	0.01478	0.03245	0.61040	0.08128	0.15139	0.01160	0.00300	0.00387	0.01538	0.00525	0.00468
18	0.01420	0.01623	0.03550	0.02535	0.03144	0.01521	0.72921	0.01927	0.01420	0.01927	0.01217	0.01623	0.00913	0.00507	0.00710	0.00203	0.01014	0.00710	0.00304	0.00811
19	0.00788	0.00596	0.00728	0.00730	0.00869	0.00535	0.00534	0.01000	0.01501	0.02017	0.41239	0.19091	0.25297	0.01440	0.00721	0.00204	0.00302	0.01260	0.00612	0.00535
20	0.00893	0.00621	0.00796	0.00760	0.00911	0.00566	0.00567	0.01145	0.01618	0.04911	0.58397	0.11407	0.12536	0.01303	0.00711	0.00196	0.00300	0.01147	0.00645	0.00571
21	0.00987	0.00647	0.00777	0.00764	0.00939	0.00585	0.00570	0.01214	0.03148	0.09029	0.21514	0.21129	0.28256	0.01405	0.00700	0.00206	0.00338	0.02760	0.04451	0.00582
22	0.01572	0.04790	0.07690	0.01349	0.07917	0.10565	0.01059	0.10103	0.01516	0.04412	0.01133	0.01286	0.00901	0.00530	0.00502	0.00129	0.00621	0.00411	0.00374	0.43141
23	0.01416	0.01359	0.02335	0.09781	0.58034	0.01393	0.05643	0.01773	0.01345	0.01899	0.01249	0.01834	0.01090	0.00627	0.00661	0.00191	0.03192	0.04981	0.00311	0.00886
24	0.03999	0.07667	0.08873	0.01479	0.05691	0.14073	0.01224	0.25200	0.06858	0.07118	0.01307	0.01396	0.00986	0.00677	0.00656	0.00176	0.06182	0.00486	0.00444	0.05506

[dist]
# distance from previous block
# <min> <max>
3	4

[block]
# block no. 1 follows, 38 sequences, length 18
# corresponding to MSA columns:
# 210-227
name=unknown_B
#
# <colnr> <probs for GDERKNQSTAVLIFYWHMCP>
#	G	D	E	R	K	N	Q	S	T	A	V	L	I	F	Y	W	H	M	C	P
0	0.07595	0.14641	0.05215	0.01792	0.12707	0.23961	0.08926	0.07593	0.01535	0.04951	0.01074	0.01261	0.00858	0.00593	0.00577	0.00168	0.02989	0.00455	0.00342	0.02767
1	0.00837	0.00595	0.00748	0.00830	0.00911	0.00566	0.00569	0.01041	0.05223	0.03496	0.07281	0.57644	0.10113	0.06059	0.00876	0.00253	0.00366	0.01505	0.00561	0.00527
2	0.03823	0.07585	0.01551	0.04972	0.01669	0.01481	0.00975	0.19627	0.30076	0.10588	0.03545	0.01992	0.03197	0.00762	0.00577	0.00186	0.00535	0.00609	0.05351	0.00899
3	0.01105	0.00787	0.01008	0.00935	0.01112	0.00836	0.00708	0.06071	0.07033	0.04849	0.09812	0.05126	0.02099	0.13682	0.35134	0.00591	0.00986	0.00737	0.02070	0.05319
4	0.83108	0.01163	0.00884	0.00791	0.01163	0.01350	0.00651	0.01768	0.01024	0.02699	0.00838	0.00977	0.00651	0.00558	0.00372	0.00186	0.00465	0.00326	0.00372	0.00651
5	0.02217	0.01388	0.01551	0.01211	0.01644	0.01475	0.00993	0.45986	0.05108	0.20111	0.01757	0.01706	0.01221	0.00728	0.00582	0.00178	0.00576	0.00564	0.10036	0.00967
6	0.02106	0.01531	0.01630	0.01285	0.01707	0.04302	0.01046	0.55866	0.02535	0.08179	0.08794	0.04964	0.01626	0.00818	0.00617	0.00183	0.00617	0.00643	0.00605	0.00944
7	0.00806	0.00616	0.00741	0.00718	0.00882	0.00551	0.00544	0.01042	0.01571	0.02105	0.47255	0.05051	0.30386	0.01353	0.00715	0.00198	0.00302	0.03997	0.00621	0.00546
8	0.01679	0.11514	0.14902	0.01678	0.13926	0.01540	0.01343	0.21115	0.04709	0.07659	0.06355	0.01771	0.03363	0.00711	0.00624	0.00180	0.03389	0.00562	0.02091	0.00886
9	0.01794	0.00842	0.01101	0.00921	0.01236	0.00752	0.00731	0.02081	0.04146	0.39457	0.26168	0.06189	0.09938	0.01023	0.00655	0.00192	0.00411	0.00870	0.00688	0.00804
10	0.01482	0.10137	0.16216	0.01386	0.04837	0.01459	0.03948	0.16297	0.17436	0.02417	0.10009	0.04259	0.03412	0.00783	0.00592	0.00185	0.00608	0.00648	0.03040	0.00849
11	0.83108	0.01163	0.00884	0.00791	0.01163	0.01350	0.00651	0.01768	0.01024	0.02699	0.00838	0.00977	0.00651	0.00558	0.00372	0.00186	0.00465	0.00326	0.00372	0.00651
12	0.01360	0.03121	0.11960	0.04195	0.17872	0.05139	0.01273	0.06555	0.13809	0.02126	0.10065	0.07716	0.03900	0.00830	0.00642	0.00189	0.02515	0.00702	0.03381	0.02650
13	0.00743	0.00555	0.00692	0.00776	0.00862	0.00503	0.00537	0.00882	0.01273	0.01670	0.13229	0.52468	0.20181	0.01718	0.00747	0.00228	0.00331	0.01530	0.00572	0.00503
14	0.08278	0.01333	0.01941	0.01553	0.04054	0.01381	0.18882	0.20858	0.07855	0.10231	0.10434	0.04958	0.01752	0.00776	0.00669	0.00195	0.02794	0.00695	0.00512	0.00846
15	0.01234	0.01071	0.03517	0.03286	0.11722	0.01023	0.07064	0.05378	0.11889	0.04404	0.17336	0.12728	0.04721	0.06370	0.00820	0.00220	0.00529	0.00878	0.00498	0.05312
16	0.03912	0.01559	0.01480	0.01226	0.01613	0.17193	0.00968	0.15747	0.13346	0.29190	0.01847	0.01846	0.01328	0.05115	0.00726	0.00204	0.00659	0.00568	0.00576	0.00898
17	0.05950	0.01160	0.01341	0.00988	0.01501	0.03346	0.03561	0.01678	0.03675	0.04533	0.01148	0.01302	0.00926	0.00482	0.00466	0.00108	0.00493	0.00389	0.00376	0.66577

[dist]
# distance from previous block
# <min> <max>
0	2

[block]
# block no. 2 follows, 38 sequences, length 18
# corresponding to MSA columns:
# 230-247
name=unknown_C
#
# <colnr> <probs for GDERKNQSTAVLIFYWHMCP>
#	G	D	E	R	K	N	Q	S	T	A	V	L	I	F	Y	W	H	M	C	P
0	0.01823	0.01991	0.01828	0.06629	0.18287	0.34055	0.01314	0.10472	0.01628	0.01868	0.01264	0.04953	0.02734	0.00731	0.00710	0.00181	0.07863	0.00543	0.00353	0.00774
1	0.63955	0.01508	0.03781	0.01075	0.04735	0.12901	0.00842	0.01874	0.01153	0.02448	0.00874	0.01028	0.00688	0.00567	0.00416	0.00181	0.00587	0.00349	0.00355	0.00681
2	0.01415	0.01469	0.02809	0.15146	0.15220	0.01525	0.38092	0.05251	0.01392	0.01909	0.01145	0.01557	0.00894	0.00595	0.00798	0.00204	0.08845	0.00624	0.00307	0.00806
3	0.00998	0.00683	0.00886	0.00925	0.02933	0.00649	0.00655	0.01219	0.03748	0.07201	0.10615	0.30303	0.11426	0.07937	0.08731	0.00323	0.00529	0.05281	0.00529	0.04431
4	0.01207	0.03112	0.75741	0.01715	0.02604	0.01397	0.02223	0.01905	0.01270	0.01905	0.01080	0.01270	0.00762	0.00572	0.00572	0.00191	0.00889	0.00445	0.00254	0.00889
5	0.00739	0.00533	0.00700	0.00821	0.00871	0.00494	0.00554	0.00857	0.01197	0.01594	0.07868	0.70341	0.07550	0.01827	0.00761	0.00239	0.00343	0.01650	0.00565	0.00494
6	0.01378	0.01240	0.01819	0.10531	0.14835	0.04476	0.07454	0.04743	0.03273	0.05443	0.09681	0.07455	0.01712	0.01007	0.03554	0.00237	0.19327	0.00701	0.00391	0.00741
7	0.04856	0.00921	0.01198	0.00978	0.01338	0.00837	0.00786	0.02396	0.05170	0.48943	0.17075	0.06051	0.02445	0.00892	0.00620	0.00189	0.00447	0.00747	0.03234	0.00876
8	0.01633	0.29922	0.20627	0.01517	0.07358	0.16145	0.01401	0.06238	0.03900	0.01802	0.03552	0.01295	0.01002	0.00598	0.00509	0.00161	0.00778	0.00432	0.00316	0.00814
9	0.04554	0.13236	0.15902	0.03923	0.03786	0.21001	0.04795	0.09679	0.03323	0.08648	0.01306	0.01422	0.02649	0.00645	0.00584	0.00174	0.02701	0.00478	0.00375	0.00819
10	0.00855	0.00611	0.00751	0.00740	0.00892	0.00548	0.00546	0.01068	0.01513	0.04552	0.40356	0.17778	0.24749	0.01411	0.00717	0.00203	0.00309	0.01232	0.00618	0.00553
11	0.01438	0.05586	0.19275	0.04566	0.18841	0.07681	0.07192	0.05953	0.07610	0.01996	0.05669	0.03407	0.01319	0.00811	0.03256	0.00214	0.03413	0.00581	0.00357	0.00833
12	0.01006	0.00883	0.06655	0.00888	0.01119	0.00720	0.00751	0.03783	0.04236	0.04753	0.51529	0.06111	0.09455	0.01189	0.00696	0.00196	0.00374	0.04412	0.00615	0.00630
13	0.00759	0.00584	0.00678	0.00712	0.00845	0.00525	0.00510	0.00917	0.01318	0.01701	0.14455	0.26514	0.37186	0.04171	0.03948	0.00256	0.00377	0.01315	0.02719	0.00509
14	0.68913	0.01139	0.00975	0.00840	0.01229	0.01267	0.00693	0.01974	0.01147	0.15555	0.01109	0.01166	0.00799	0.00591	0.00413	0.00186	0.00474	0.00375	0.00438	0.00717
15	0.03823	0.14059	0.15135	0.01625	0.14741	0.01397	0.01295	0.06320	0.05564	0.08552	0.01310	0.01524	0.01034	0.00594	0.00526	0.00158	0.00629	0.02264	0.00381	0.19069
16	0.18380	0.00688	0.00629	0.00609	0.00798	0.00727	0.00469	0.01479	0.01212	0.02339	0.01726	0.01976	0.01354	0.00671	0.00410	0.00150	0.00319	0.00511	0.64973	0.00580
17	0.02981	0.17940	0.03947	0.04963	0.04173	0.09013	0.05710	0.05671	0.01472	0.01952	0.18102	0.02061	0.03250	0.00756	0.00655	0.00167	0.05934	0.00599	0.00400	0.10255

[dist]
# distance from previous block
# <min> <max>
1	3

[block]
# block no. 3 follows, 38 sequences, length 80
# corresponding to MSA columns:
# 251-330
name=unknown_D
#
# <colnr> <probs for GDERKNQSTAVLIFYWHMCP>
#	G	D	E	R	K	N	Q	S	T	A	V	L	I	F	Y	W	H	M	C	P
0	0.01497	0.41742	0.25968	0.01430	0.03717	0.04160	0.05748	0.03493	0.04045	0.01710	0.01020	0.01176	0.00827	0.00552	0.00487	0.00159	0.00752	0.00409	0.00283	0.00826
1	0.71843	0.01328	0.03862	0.00937	0.01339	0.04003	0.03596	0.03673	0.01120	0.02624	0.00881	0.01030	0.00680	0.00563	0.00405	0.00186	0.00530	0.00353	0.00369	0.00678
2	0.00861	0.00638	0.00935	0.00935	0.01031	0.00735	0.00712	0.01054	0.00957	0.01373	0.01641	0.02526	0.01574	0.12186	0.68897	0.00927	0.01505	0.00668	0.00327	0.00519
3	0.01247	0.01069	0.01247	0.00891	0.01426	0.00802	0.00713	0.01515	0.01247	0.01960	0.01069	0.01247	0.00891	0.00446	0.00446	0.00089	0.00446	0.00356	0.00356	0.82536
4	0.00865	0.00589	0.00674	0.00674	0.00692	0.00590	0.00395	0.00887	0.00907	0.01206	0.02097	0.03929	0.05959	0.69854	0.07819	0.00589	0.00637	0.00880	0.00372	0.00384
5	0.02036	0.01168	0.01341	0.03401	0.01541	0.07151	0.00904	0.10852	0.06256	0.36312	0.06950	0.09241	0.01889	0.01173	0.06697	0.00253	0.00641	0.00721	0.00613	0.00862
6	0.01384	0.01065	0.01261	0.00908	0.01436	0.00810	0.00729	0.01648	0.01292	0.08903	0.01192	0.01323	0.00947	0.00474	0.00461	0.00098	0.00452	0.00380	0.00393	0.74843
7	0.01274	0.01210	0.02053	0.48597	0.31881	0.01373	0.01739	0.01658	0.01268	0.01704	0.01094	0.01559	0.00861	0.00576	0.00599	0.00192	0.00768	0.00535	0.00279	0.00780
8	0.01514	0.01446	0.02403	0.03074	0.51474	0.01470	0.11219	0.05062	0.12195	0.02119	0.01351	0.01617	0.01081	0.00581	0.00614	0.00186	0.00717	0.00581	0.00358	0.00937
9	0.01644	0.01421	0.02025	0.01740	0.08845	0.03674	0.17748	0.19313	0.13539	0.05284	0.03713	0.04236	0.03483	0.00767	0.00708	0.02163	0.02798	0.00661	0.00469	0.05770
10	0.00958	0.00788	0.01146	0.01090	0.01171	0.00982	0.00862	0.01149	0.00954	0.01401	0.01443	0.02185	0.01370	0.06001	0.58194	0.00803	0.18008	0.00626	0.00311	0.00558
11	0.01930	0.04973	0.01637	0.01200	0.01667	0.06755	0.00983	0.31871	0.03891	0.10259	0.01369	0.01417	0.01016	0.00637	0.00584	0.00152	0.03006	0.00474	0.00496	0.25683
12	0.01518	0.05353	0.03227	0.01133	0.01623	0.03305	0.06202	0.04356	0.05544	0.11098	0.01472	0.01825	0.01201	0.00619	0.00531	0.00139	0.00553	0.05623	0.00429	0.44249
13	0.01394	0.38652	0.41844	0.01395	0.02109	0.01856	0.01665	0.01857	0.01248	0.01676	0.00966	0.01128	0.00767	0.00545	0.00485	0.00162	0.00774	0.00387	0.00256	0.00834
14	0.00859	0.00645	0.00967	0.00967	0.01074	0.00752	0.00752	0.01074	0.00967	0.01396	0.01611	0.02363	0.01504	0.04512	0.76474	0.00967	0.01611	0.00645	0.00322	0.00537
15	0.00867	0.00672	0.00777	0.00749	0.00925	0.00632	0.00561	0.01232	0.08507	0.02098	0.37998	0.08569	0.29003	0.01310	0.00695	0.00197	0.00313	0.01128	0.03188	0.00580
16	0.01136	0.01069	0.01804	0.77412	0.04143	0.01337	0.01671	0.01537	0.01203	0.01537	0.01069	0.01604	0.00802	0.00601	0.00601	0.00200	0.00802	0.00535	0.00267	0.00668
17	0.01447	0.04116	0.17672	0.04016	0.08263	0.07508	0.44222	0.01942	0.01399	0.01866	0.01147	0.01481	0.00868	0.00533	0.00649	0.00193	0.00958	0.00604	0.00292	0.00824
18	0.01070	0.00957	0.01206	0.01129	0.01211	0.06044	0.00882	0.01237	0.00994	0.01390	0.01387	0.02179	0.01346	0.11322	0.44556	0.00692	0.20904	0.00622	0.00311	0.00560
19	0.00759	0.00555	0.00724	0.00833	0.00900	0.00506	0.00563	0.00874	0.01164	0.01561	0.03289	0.72022	0.06148	0.01797	0.00749	0.00235	0.00353	0.01625	0.00548	0.04796
20	0.01321	0.01329	0.01915	0.01620	0.01645	0.01829	0.04336	0.01468	0.00942	0.01468	0.00808	0.01329	0.00795	0.01030	0.01921	0.00261	0.74520	0.00534	0.00265	0.00665
21	0.00774	0.00544	0.00703	0.00813	0.00846	0.00518	0.00538	0.00865	0.01105	0.01471	0.03012	0.59378	0.03579	0.17969	0.01251	0.00317	0.00408	0.04925	0.00518	0.00466
22	0.01136	0.01069	0.01804	0.77412	0.04143	0.01337	0.01671	0.01537	0.01203	0.01537	0.01069	0.01604	0.00802	0.00601	0.00601	0.00200	0.00802	0.00535	0.00267	0.00668
23	0.01567	0.01195	0.01353	0.01008	0.01490	0.01076	0.00811	0.21022	0.01685	0.05220	0.01290	0.01462	0.01021	0.02902	0.00571	0.00135	0.00503	0.00442	0.04519	0.50727
24	0.01151	0.01099	0.01899	0.73370	0.04089	0.01347	0.05517	0.01558	0.01215	0.01558	0.01077	0.01605	0.00808	0.00596	0.00607	0.00201	0.00813	0.00544	0.00269	0.00676
25	0.01236	0.01043	0.01124	0.01028	0.01306	0.01145	0.00793	0.02395	0.47397	0.02349	0.17776	0.03283	0.14576	0.01016	0.00648	0.00201	0.00409	0.00860	0.00614	0.00801
26	0.01851	0.12240	0.02024	0.15740	0.09456	0.24150	0.03079	0.12209	0.03925	0.06445	0.01177	0.01370	0.00913	0.00628	0.00586	0.00173	0.02384	0.00476	0.00370	0.00804
27	0.05970	0.01231	0.03310	0.09599	0.06665	0.04817	0.02935	0.13577	0.07633	0.07248	0.01847	0.05305	0.05763	0.04832	0.13831	0.00345	0.03236	0.00664	0.00439	0.00751
28	0.00846	0.00590	0.00674	0.00687	0.00733	0.00571	0.00429	0.00902	0.01030	0.01348	0.06258	0.08920	0.13199	0.55269	0.02354	0.00473	0.00512	0.04367	0.00429	0.00412
29	0.11944	0.01476	0.01550	0.01218	0.01670	0.06427	0.00998	0.35997	0.02163	0.28045	0.01656	0.01572	0.01122	0.00704	0.00572	0.00181	0.00616	0.00528	0.00604	0.00958
30	0.02423	0.01467	0.01671	0.01281	0.01757	0.01542	0.01058	0.49995	0.02464	0.27411	0.01750	0.01643	0.01177	0.00730	0.00603	0.00182	0.00613	0.00562	0.00649	0.01023
31	0.00967	0.00761	0.01114	0.01058	0.01228	0.00737	0.08357	0.01318	0.08760	0.03831	0.11719	0.41922	0.08219	0.01480	0.00735	0.00227	0.00440	0.05974	0.00554	0.00600
32	0.00782	0.00561	0.00746	0.00871	0.00933	0.00531	0.00624	0.00923	0.01212	0.01605	0.05599	0.58708	0.06376	0.03819	0.00835	0.00256	0.00389	0.14174	0.00556	0.00500
33	0.01146	0.01080	0.01823	0.75273	0.06203	0.01339	0.01676	0.01546	0.01208	0.01549	0.01071	0.01601	0.00806	0.00600	0.00601	0.00200	0.00799	0.00535	0.00268	0.00677
34	0.00799	0.00596	0.00701	0.00732	0.00864	0.00544	0.00527	0.01014	0.03117	0.01854	0.21875	0.28813	0.27984	0.01497	0.00707	0.00209	0.00316	0.01307	0.06013	0.00531
35	0.01136	0.01069	0.01804	0.77412	0.04143	0.01337	0.01671	0.01537	0.01203	0.01537	0.01069	0.01604	0.00802	0.00601	0.00601	0.00200	0.00802	0.00535	0.00267	0.00668
36	0.01726	0.24627	0.02201	0.01376	0.01665	0.13471	0.01176	0.15034	0.01486	0.01878	0.00947	0.01201	0.00826	0.00766	0.01030	0.00191	0.28855	0.00447	0.00332	0.00766
37	0.06522	0.01264	0.07739	0.04336	0.08782	0.03152	0.07699	0.05017	0.03199	0.17569	0.05905	0.13309	0.03287	0.00913	0.00664	0.00199	0.02763	0.02959	0.03938	0.00782
38	0.02203	0.00934	0.01242	0.01022	0.01391	0.00839	0.00820	0.02506	0.05714	0.54536	0.05477	0.12580	0.02067	0.00944	0.00632	0.00196	0.00473	0.02545	0.02976	0.00904
39	0.03624	0.03245	0.01602	0.01289	0.01638	0.01407	0.07863	0.18281	0.28939	0.04975	0.07514	0.07042	0.01871	0.00890	0.00709	0.02493	0.02792	0.00718	0.02259	0.00849
40	0.01577	0.01333	0.01572	0.05263	0.19925	0.11005	0.01137	0.09004	0.06432	0.09835	0.06224	0.12297	0.06302	0.02781	0.00719	0.00202	0.02359	0.00776	0.00470	0.00789
41	0.04467	0.01118	0.05482	0.01065	0.01448	0.00995	0.00914	0.05552	0.03846	0.41857	0.05670	0.02440	0.10009	0.00864	0.00715	0.00193	0.06794	0.00676	0.05028	0.00868
42	0.00761	0.00600	0.00662	0.00665	0.00816	0.00527	0.00477	0.00916	0.01356	0.01717	0.18936	0.11870	0.45872	0.10952	0.01003	0.00251	0.00339	0.01225	0.00555	0.00500
43	0.09659	0.01712	0.03929	0.10654	0.01923	0.21968	0.01221	0.03282	0.03283	0.01724	0.04251	0.01444	0.01039	0.00881	0.02611	0.00224	0.28689	0.00499	0.00323	0.00686
44	0.01721	0.40033	0.11316	0.01465	0.06162	0.18656	0.03626	0.05863	0.01432	0.01667	0.00948	0.01115	0.00801	0.00569	0.00513	0.00153	0.02482	0.00393	0.00292	0.00793
45	0.00977	0.00804	0.01137	0.01071	0.01134	0.00999	0.00832	0.01136	0.00941	0.01372	0.01450	0.02353	0.01434	0.15626	0.45887	0.00728	0.20613	0.00652	0.00314	0.00540
46	0.00844	0.00583	0.00730	0.00805	0.00843	0.00571	0.00547	0.00933	0.01068	0.01415	0.02632	0.30252	0.03049	0.37556	0.01844	0.00408	0.00497	0.14513	0.00468	0.00443
47	0.01503	0.19667	0.03962	0.22288	0.02382	0.13342	0.07077	0.01778	0.01300	0.04561	0.01242	0.01586	0.02971	0.03391	0.00743	0.00192	0.07037	0.00510	0.03761	0.00708
48	0.04540	0.13430	0.10906	0.07741	0.11300	0.14931	0.01358	0.19955	0.01760	0.06839	0.01188	0.01329	0.00901	0.00618	0.00547	0.00171	0.00764	0.00466	0.00393	0.00863
49	0.03451	0.01683	0.16282	0.21860	0.14785	0.08158	0.07655	0.03683	0.01357	0.01825	0.03381	0.10463	0.01332	0.00747	0.00615	0.00195	0.00769	0.00665	0.00334	0.00760
50	0.55029	0.08604	0.05055	0.01003	0.01406	0.14943	0.00863	0.01922	0.01194	0.04150	0.00905	0.01037	0.00711	0.00571	0.00420	0.00176	0.00616	0.00350	0.00354	0.00692
51	0.00871	0.00600	0.00741	0.00741	0.00770	0.00629	0.00470	0.00929	0.00900	0.01229	0.01818	0.03509	0.02001	0.58625	0.23041	0.00688	0.00863	0.00812	0.00353	0.00411
52	0.00782	0.00600	0.00695	0.00697	0.00849	0.00538	0.00512	0.00972	0.01415	0.01859	0.26825	0.13511	0.37429	0.03748	0.03969	0.00244	0.00365	0.01203	0.03261	0.00523
53	0.03835	0.01804	0.07735	0.01878	0.04598	0.15596	0.24963	0.06419	0.01413	0.01851	0.01191	0.05514	0.01032	0.00843	0.02989	0.00226	0.16414	0.00617	0.00328	0.00754
54	0.00740	0.00611	0.00650	0.00640	0.00831	0.00520	0.00480	0.00920	0.01440	0.01789	0.20431	0.05519	0.60422	0.01462	0.00711	0.00200	0.00300	0.01232	0.00580	0.00520
55	0.01470	0.06266	0.01885	0.01528	0.01616	0.12224	0.01264	0.01668	0.03802	0.01489	0.00874	0.01298	0.00826	0.00951	0.01627	0.00238	0.59509	0.00500	0.00283	0.00682
56	0.01493	0.01243	0.01327	0.01191	0.01523	0.01421	0.00927	0.03063	0.67456	0.04688	0.06853	0.02376	0.02060	0.00839	0.00618	0.00203	0.00465	0.00703	0.00619	0.00931
57	0.01287	0.01092	0.01268	0.00910	0.01442	0.00842	0.00729	0.04211	0.01307	0.02029	0.01083	0.01255	0.00896	0.00456	0.00451	0.00093	0.00454	0.00363	0.00366	0.79465
58	0.00754	0.00609	0.00672	0.00670	0.00848	0.00527	0.00502	0.00940	0.01445	0.01823	0.23168	0.08902	0.52347	0.01470	0.00716	0.00203	0.00308	0.02989	0.00585	0.00523
59	0.00730	0.00537	0.00684	0.00802	0.00863	0.00492	0.00543	0.00842	0.01186	0.01550	0.03746	0.67207	0.14960	0.01829	0.00759	0.00238	0.00342	0.01642	0.00558	0.00492
60	0.01496	0.01292	0.01360	0.01224	0.01564	0.01496	0.00952	0.03197	0.74019	0.02516	0.02448	0.02244	0.01836	0.00816	0.00612	0.00204	0.00476	0.00680	0.00612	0.00952
61	0.02160	0.01583	0.01700	0.01331	0.01784	0.01753	0.01091	0.59784	0.12304	0.05589	0.01619	0.01591	0.01159	0.00735	0.00598	0.00183	0.00622	0.00562	0.02851	0.01001
62	0.02189	0.02771	0.01661	0.01512	0.01809	0.73244	0.01129	0.02338	0.01670	0.01459	0.00971	0.01205	0.00834	0.03920	0.00649	0.00173	0.01064	0.00408	0.00312	0.00683
63	0.01608	0.79220	0.03152	0.01029	0.01544	0.02380	0.01029	0.01801	0.01222	0.01415	0.00836	0.00965	0.00772	0.00515	0.00386	0.00129	0.00643	0.00322	0.00257	0.00772
64	0.01121	0.00561	0.00561	0.00561	0.00701	0.00561	0.00421	0.01402	0.01262	0.02243	0.01962	0.02243	0.01542	0.00701	0.00421	0.00140	0.00280	0.00561	0.82198	0.00561
65	0.01207	0.03112	0.75741	0.01715	0.02604	0.01397	0.02223	0.01905	0.01270	0.01905	0.01080	0.01270	0.00762	0.00572	0.00572	0.00191	0.00889	0.00445	0.00254	0.00889
66	0.83108	0.01163	0.00884	0.00791	0.01163	0.01350	0.00651	0.01768	0.01024	0.02699	0.00838	0.00977	0.00651	0.00558	0.00372	0.00186	0.00465	0.00326	0.00372	0.00651
67	0.08310	0.01034	0.01360	0.01051	0.01510	0.00917	0.00868	0.02851	0.01673	0.70441	0.02266	0.01973	0.01431	0.00732	0.00589	0.00186	0.00509	0.00585	0.00719	0.00998
68	0.83108	0.01163	0.00884	0.00791	0.01163	0.01350	0.00651	0.01768	0.01024	0.02699	0.00838	0.00977	0.00651	0.00558	0.00372	0.00186	0.00465	0.00326	0.00372	0.00651
69	0.01224	0.04775	0.71822	0.01761	0.04838	0.01420	0.02184	0.01901	0.01272	0.01896	0.01076	0.01270	0.00768	0.00569	0.00568	0.00189	0.00878	0.00445	0.00255	0.00888
70	0.01018	0.00699	0.00854	0.00796	0.00966	0.02514	0.00599	0.01274	0.01648	0.08134	0.57922	0.08469	0.10327	0.01234	0.00700	0.00192	0.00328	0.01080	0.00646	0.00599
71	0.00875	0.00583	0.00656	0.00656	0.00656	0.00583	0.00365	0.00875	0.00875	0.01166	0.01895	0.03937	0.02187	0.78858	0.03062	0.00583	0.00583	0.00875	0.00365	0.00365
72	0.01351	0.01172	0.01681	0.13413	0.14959	0.01255	0.06770	0.12577	0.13732	0.02176	0.03983	0.12158	0.08289	0.01003	0.02575	0.00220	0.00631	0.00810	0.00460	0.00788
73	0.01058	0.00662	0.00863	0.00786	0.00968	0.00601	0.00599	0.01329	0.01688	0.10829	0.62947	0.04276	0.08682	0.01189	0.00698	0.00190	0.00311	0.01041	0.00667	0.00617
74	0.01258	0.01236	0.02114	0.11903	0.25580	0.02962	0.18063	0.01647	0.03545	0.01876	0.07665	0.08425	0.07580	0.00820	0.00661	0.00198	0.00697	0.02624	0.00383	0.00764
75	0.01337	0.01066	0.01257	0.00902	0.01432	0.00807	0.00723	0.01602	0.01277	0.06475	0.01149	0.01297	0.00928	0.00464	0.00455	0.00095	0.00450	0.00372	0.00380	0.77533
76	0.01629	0.36939	0.13654	0.01267	0.01761	0.05423	0.04417	0.04183	0.03449	0.09750	0.01235	0.03334	0.01019	0.00851	0.04766	0.00209	0.04489	0.00473	0.00348	0.00803
77	0.02192	0.04257	0.01752	0.01406	0.01809	0.29929	0.01119	0.40023	0.04557	0.02762	0.01281	0.01346	0.00964	0.00680	0.00568	0.00169	0.00803	0.00482	0.03024	0.00877
78	0.01394	0.09693	0.29988	0.02079	0.21562	0.03406	0.04956	0.01962	0.07311	0.03997	0.04754	0.03727	0.01251	0.00648	0.00582	0.00183	0.00741	0.00557	0.00341	0.00869
79	0.06251	0.20345	0.19685	0.05389	0.07631	0.14840	0.04787	0.06198	0.01454	0.06561	0.01097	0.01259	0.00846	0.00582	0.00525	0.00169	0.00793	0.00439	0.00329	0.00821

[dist]
# distance from previous block
# <min> <max>
6	24

[block]
# block no. 4 follows, 38 sequences, length 55
# corresponding to MSA columns:
# 356-382,387-407,410-416
name=unknown_E
#
# <colnr> <probs for GDERKNQSTAVLIFYWHMCP>
#	G	D	E	R	K	N	Q	S	T	A	V	L	I	F	Y	W	H	M	C	P
0	0.12718	0.43116	0.02367	0.03723	0.01675	0.24522	0.01040	0.01969	0.01340	0.01609	0.00873	0.01024	0.00758	0.00555	0.00439	0.00147	0.00758	0.00349	0.00289	0.00730
1	0.03583	0.01265	0.01603	0.08948	0.05391	0.01410	0.04751	0.16097	0.23356	0.06535	0.04680	0.03600	0.01509	0.00778	0.00707	0.00194	0.06713	0.00631	0.04646	0.03602
2	0.04302	0.01586	0.06190	0.03142	0.57112	0.06100	0.03312	0.01975	0.04561	0.04219	0.01204	0.01488	0.00976	0.00562	0.00587	0.00180	0.00729	0.00527	0.00326	0.00922
3	0.01829	0.01066	0.01274	0.01073	0.01421	0.01089	0.00852	0.06908	0.27340	0.28723	0.18793	0.02636	0.02535	0.00879	0.00631	0.00193	0.00457	0.00737	0.00670	0.00895
4	0.00869	0.00608	0.00782	0.00782	0.00826	0.00652	0.00522	0.00956	0.00912	0.01260	0.01780	0.03299	0.01910	0.48714	0.32827	0.00739	0.01000	0.00781	0.00347	0.00434
5	0.00733	0.00524	0.00698	0.00838	0.00873	0.00489	0.00558	0.00838	0.01152	0.01536	0.03316	0.78466	0.03979	0.01885	0.00768	0.00244	0.00349	0.01710	0.00558	0.00489
6	0.01647	0.01367	0.01445	0.01255	0.01622	0.01567	0.00989	0.16563	0.60406	0.02760	0.02256	0.02091	0.01681	0.00798	0.00610	0.00200	0.00512	0.00654	0.00610	0.00966
7	0.00851	0.00615	0.00804	0.00757	0.00899	0.00568	0.00568	0.01135	0.01703	0.02412	0.74788	0.04494	0.05676	0.01230	0.00710	0.00189	0.00284	0.01088	0.00662	0.00568
8	0.02287	0.01685	0.01805	0.01384	0.01866	0.01866	0.01143	0.73100	0.02828	0.03791	0.01444	0.01444	0.01023	0.00722	0.00602	0.00181	0.00662	0.00542	0.00602	0.01023
9	0.79864	0.01158	0.00905	0.00802	0.01178	0.01331	0.00661	0.01815	0.01052	0.05637	0.00900	0.01020	0.00685	0.00566	0.00382	0.00186	0.00467	0.00337	0.00387	0.00667
10	0.01420	0.01623	0.03550	0.02535	0.03144	0.01521	0.72921	0.01927	0.01420	0.01927	0.01217	0.01623	0.00913	0.00507	0.00710	0.00203	0.01014	0.00710	0.00304	0.00811
11	0.00754	0.00539	0.00723	0.00862	0.00907	0.00507	0.00596	0.00875	0.01173	0.01560	0.03304	0.71950	0.03932	0.01864	0.00774	0.00247	0.00368	0.08014	0.00558	0.00495
12	0.01326	0.01345	0.02001	0.01668	0.01724	0.01813	0.07953	0.01492	0.00968	0.01492	0.00829	0.01345	0.00801	0.01002	0.01857	0.00258	0.70644	0.00543	0.00267	0.00672
13	0.00844	0.00552	0.00738	0.00851	0.00910	0.00511	0.00577	0.00956	0.01184	0.05725	0.03262	0.74139	0.03838	0.01820	0.00759	0.00241	0.00358	0.01648	0.00569	0.00519
14	0.01207	0.03112	0.75741	0.01715	0.02604	0.01397	0.02223	0.01905	0.01270	0.01905	0.01080	0.01270	0.00762	0.00572	0.00572	0.00191	0.00889	0.00445	0.00254	0.00889
15	0.02290	0.01020	0.01305	0.01031	0.01437	0.00940	0.00841	0.10001	0.03575	0.52461	0.08533	0.02378	0.05167	0.00818	0.00608	0.00184	0.00485	0.00669	0.05323	0.00934
16	0.01283	0.00720	0.00951	0.00937	0.01143	0.00669	0.00765	0.01525	0.01483	0.17722	0.15640	0.11546	0.10033	0.01343	0.00721	0.00225	0.00441	0.26995	0.05212	0.00647
17	0.02307	0.01068	0.01343	0.01057	0.01467	0.01012	0.00863	0.14382	0.03969	0.49072	0.08130	0.02170	0.01770	0.00779	0.00597	0.00182	0.00497	0.00632	0.07758	0.00944
18	0.01142	0.01071	0.01691	0.46533	0.03028	0.01382	0.01444	0.01446	0.01095	0.01493	0.01076	0.01641	0.00902	0.01292	0.12088	0.00329	0.20877	0.00549	0.00274	0.00646
19	0.50242	0.01237	0.01160	0.00968	0.01373	0.01367	0.00795	0.14293	0.06051	0.15431	0.01308	0.01322	0.00934	0.00635	0.00467	0.00186	0.00508	0.00433	0.00491	0.00798
20	0.00758	0.00548	0.00714	0.00838	0.00894	0.00512	0.00581	0.00878	0.01179	0.01553	0.03466	0.63507	0.09361	0.04741	0.00856	0.00257	0.00373	0.07944	0.00551	0.00491
21	0.32257	0.03829	0.01444	0.01136	0.01555	0.03362	0.00933	0.33720	0.11265	0.03094	0.01318	0.01351	0.00976	0.00665	0.00510	0.00183	0.00574	0.00469	0.00500	0.00860
22	0.01655	0.01786	0.02310	0.06996	0.47349	0.20230	0.07214	0.01975	0.01449	0.01816	0.01084	0.01404	0.00897	0.00558	0.00591	0.00176	0.00835	0.00512	0.00300	0.00863
23	0.00946	0.00714	0.00886	0.00825	0.00996	0.00704	0.00624	0.01438	0.12311	0.02428	0.64176	0.04164	0.05113	0.01169	0.00695	0.00191	0.00312	0.01028	0.00655	0.00624
24	0.00860	0.00642	0.00956	0.00956	0.01059	0.00746	0.00738	0.01067	0.00964	0.01388	0.01621	0.02419	0.01528	0.07156	0.73863	0.00953	0.01575	0.00653	0.00324	0.00531
25	0.01555	0.01312	0.01306	0.01163	0.01485	0.05617	0.00906	0.08993	0.53472	0.02530	0.02207	0.02109	0.01664	0.00781	0.00580	0.00190	0.00499	0.00635	0.12108	0.00889
26	0.00853	0.00578	0.00681	0.00715	0.00729	0.00571	0.00434	0.00888	0.00955	0.01270	0.02233	0.18106	0.02594	0.60175	0.02509	0.00503	0.00538	0.04860	0.00411	0.00398
27	0.65025	0.01293	0.01049	0.00910	0.01293	0.05338	0.00742	0.08001	0.03284	0.06924	0.01028	0.01120	0.00771	0.00594	0.00421	0.00185	0.00518	0.00373	0.00417	0.00715
28	0.01247	0.01069	0.01247	0.00891	0.01426	0.00802	0.00713	0.01515	0.01247	0.01960	0.01069	0.01247	0.00891	0.00446	0.00446	0.00089	0.00446	0.00356	0.00356	0.82536
29	0.01764	0.01181	0.01335	0.01156	0.01515	0.01282	0.00911	0.03000	0.51010	0.21187	0.06944	0.02334	0.01987	0.00824	0.00616	0.00199	0.00473	0.00686	0.00649	0.00947
30	0.00875	0.00583	0.00656	0.00656	0.00656	0.00583	0.00365	0.00875	0.00875	0.01166	0.01895	0.03937	0.02187	0.78858	0.03062	0.00583	0.00583	0.00875	0.00365	0.00365
31	0.01136	0.01069	0.01804	0.77412	0.04143	0.01337	0.01671	0.01537	0.01203	0.01537	0.01069	0.01604	0.00802	0.00601	0.00601	0.00200	0.00802	0.00535	0.00267	0.00668
32	0.02699	0.01024	0.01396	0.01070	0.01536	0.00884	0.00884	0.02932	0.01722	0.75522	0.02373	0.02048	0.01489	0.00745	0.00605	0.00186	0.00512	0.00605	0.00745	0.01024
33	0.01207	0.03112	0.75741	0.01715	0.02604	0.01397	0.02223	0.01905	0.01270	0.01905	0.01080	0.01270	0.00762	0.00572	0.00572	0.00191	0.00889	0.00445	0.00254	0.00889
34	0.02247	0.02867	0.01705	0.01550	0.01860	0.76443	0.01162	0.02402	0.01705	0.01472	0.00930	0.01085	0.00775	0.00620	0.00542	0.00155	0.01085	0.00387	0.00310	0.00697
35	0.02142	0.01533	0.01646	0.01285	0.01725	0.01687	0.01054	0.59959	0.06666	0.05855	0.01581	0.01586	0.01134	0.00726	0.00585	0.00178	0.00610	0.00553	0.08519	0.00974
36	0.01380	0.01318	0.02245	0.26428	0.53220	0.01401	0.01792	0.01751	0.01318	0.01833	0.01112	0.01524	0.00906	0.00556	0.00597	0.00185	0.00742	0.00536	0.00288	0.00865
37	0.02261	0.01640	0.01767	0.01364	0.01837	0.01809	0.01124	0.66827	0.06478	0.06432	0.01531	0.01509	0.01083	0.00728	0.00602	0.00182	0.00647	0.00551	0.00608	0.01019
38	0.01275	0.01122	0.01667	0.55551	0.03385	0.03491	0.01419	0.01633	0.01255	0.05529	0.01134	0.01539	0.00855	0.00578	0.00568	0.00176	0.00723	0.00498	0.00312	0.17291
39	0.00743	0.00542	0.00697	0.00806	0.00864	0.00504	0.00545	0.00857	0.01175	0.01552	0.05574	0.63120	0.11724	0.05006	0.03013	0.00272	0.00388	0.01579	0.00547	0.00489
40	0.01316	0.01316	0.01843	0.01579	0.01579	0.01843	0.01316	0.01448	0.00921	0.01448	0.00790	0.01316	0.00790	0.01053	0.01974	0.00263	0.77757	0.00526	0.00263	0.00658
41	0.00733	0.00524	0.00698	0.00838	0.00873	0.00489	0.00558	0.00838	0.01152	0.01536	0.03316	0.78466	0.03979	0.01885	0.00768	0.00244	0.00349	0.01710	0.00558	0.00489
42	0.02423	0.01466	0.01670	0.01280	0.01756	0.01540	0.01057	0.49841	0.02462	0.27568	0.01752	0.01644	0.01178	0.00730	0.00603	0.00182	0.00612	0.00563	0.00649	0.01023
43	0.01207	0.03112	0.75741	0.01715	0.02604	0.01397	0.02223	0.01905	0.01270	0.01905	0.01080	0.01270	0.00762	0.00572	0.00572	0.00191	0.00889	0.00445	0.00254	0.00889
44	0.00875	0.00583	0.00656	0.00656	0.00656	0.00583	0.00365	0.00875	0.00875	0.01166	0.01895	0.03937	0.02187	0.78858	0.03062	0.00583	0.00583	0.00875	0.00365	0.00365
45	0.00927	0.00751	0.01024	0.01009	0.01121	0.03644	0.00786	0.01137	0.00993	0.01401	0.01558	0.02280	0.01452	0.04249	0.71104	0.00913	0.04152	0.00631	0.00320	0.00547
46	0.00969	0.00692	0.00969	0.01108	0.01246	0.00692	0.00969	0.01246	0.01385	0.01800	0.03185	0.06786	0.03462	0.01662	0.00831	0.00277	0.00554	0.71057	0.00554	0.00554
47	0.00846	0.00578	0.00712	0.00770	0.00860	0.00529	0.00525	0.00961	0.01215	0.04905	0.08000	0.44723	0.18167	0.13011	0.01082	0.00280	0.00378	0.01410	0.00545	0.00503
48	0.01207	0.03112	0.75741	0.01715	0.02604	0.01397	0.02223	0.01905	0.01270	0.01905	0.01080	0.01270	0.00762	0.00572	0.00572	0.00191	0.00889	0.00445	0.00254	0.00889
49	0.04135	0.00980	0.01276	0.01033	0.01430	0.00881	0.00829	0.02552	0.07055	0.53829	0.02401	0.12644	0.01809	0.00888	0.00614	0.00190	0.00482	0.00744	0.00678	0.05551
50	0.01207	0.03112	0.75741	0.01715	0.02604	0.01397	0.02223	0.01905	0.01270	0.01905	0.01080	0.01270	0.00762	0.00572	0.00572	0.00191	0.00889	0.00445	0.00254	0.00889
51	0.01064	0.01132	0.14153	0.02965	0.01400	0.00810	0.00973	0.03211	0.04320	0.06524	0.12016	0.25091	0.12420	0.01317	0.00701	0.00219	0.00492	0.10017	0.00525	0.00651
52	0.02452	0.01045	0.01371	0.01070	0.01502	0.00951	0.00876	0.08269	0.04127	0.60580	0.09213	0.02240	0.01863	0.00791	0.00615	0.00187	0.00501	0.00648	0.00721	0.00978
53	0.00901	0.00646	0.00780	0.00768	0.00777	0.00695	0.00485	0.00933	0.00906	0.01233	0.01894	0.09437	0.02166	0.61810	0.07021	0.00551	0.07323	0.00897	0.00368	0.00410
54	0.00982	0.00675	0.00800	0.00789	0.00975	0.00622	0.00614	0.03854	0.01489	0.06212	0.19170	0.12486	0.30887	0.01391	0.00705	0.00209	0.00365	0.11370	0.05827	0.00578

[dist]
# distance from previous block
# <min> <max>
0	1

[block]
# block no. 5 follows, 38 sequences, length 34
# corresponding to MSA columns:
# 423-456
name=unknown_F
#
# <colnr> <probs for GDERKNQSTAVLIFYWHMCP>
#	G	D	E	R	K	N	Q	S	T	A	V	L	I	F	Y	W	H	M	C	P
0	0.03263	0.13642	0.28311	0.01608	0.07718	0.08235	0.01530	0.09531	0.12072	0.03770	0.01286	0.01399	0.00979	0.00637	0.00600	0.00181	0.03522	0.00477	0.00365	0.00873
1	0.04469	0.18534	0.05377	0.04424	0.10146	0.07684	0.02783	0.27275	0.07364	0.02489	0.01242	0.01362	0.00963	0.00643	0.00580	0.00173	0.02705	0.00483	0.00420	0.00885
2	0.00773	0.00590	0.00716	0.00790	0.00898	0.00544	0.00563	0.00968	0.03696	0.01681	0.10087	0.45032	0.24719	0.01678	0.00744	0.00228	0.00345	0.04859	0.00569	0.00519
3	0.01461	0.22410	0.37202	0.04055	0.03887	0.07972	0.03571	0.05574	0.03154	0.01857	0.02925	0.01315	0.00939	0.00590	0.00532	0.00172	0.00802	0.00447	0.00299	0.00835
4	0.03974	0.32554	0.19535	0.01456	0.05475	0.03884	0.05734	0.07314	0.07332	0.03370	0.01147	0.01275	0.00907	0.00575	0.00504	0.00162	0.00713	0.00439	0.00334	0.03315
5	0.00740	0.00561	0.00683	0.00758	0.00857	0.00504	0.00528	0.00881	0.01284	0.01667	0.12639	0.47367	0.25962	0.01696	0.00743	0.00225	0.00328	0.01501	0.00571	0.00504
6	0.01369	0.00928	0.01292	0.01140	0.01416	0.00911	0.08509	0.03688	0.14002	0.15140	0.03038	0.20772	0.11958	0.01212	0.00693	0.00217	0.00498	0.09866	0.02627	0.00726
7	0.03840	0.04895	0.09812	0.01447	0.07224	0.11610	0.02695	0.11526	0.10832	0.11978	0.03470	0.04371	0.05380	0.00922	0.02635	0.03181	0.02280	0.00616	0.00465	0.00821
8	0.01105	0.01449	0.20211	0.08195	0.01721	0.02939	0.01131	0.03057	0.10770	0.01880	0.10456	0.11881	0.07344	0.11686	0.00967	0.00252	0.00591	0.00833	0.02850	0.00680
9	0.01023	0.00697	0.00814	0.00776	0.00993	0.00626	0.00612	0.03510	0.01525	0.09227	0.19721	0.05133	0.41261	0.01376	0.00712	0.00207	0.00365	0.10227	0.00600	0.00594
10	0.01226	0.02992	0.70861	0.01682	0.02535	0.01404	0.02139	0.01990	0.06044	0.01945	0.01169	0.01334	0.00833	0.00588	0.00574	0.00191	0.00862	0.00460	0.00278	0.00893
11	0.06803	0.10588	0.07752	0.05687	0.11856	0.07179	0.04855	0.14234	0.01555	0.02109	0.01637	0.17460	0.01598	0.00897	0.00601	0.00192	0.00662	0.03158	0.00410	0.00767
12	0.00825	0.00584	0.00779	0.00902	0.00966	0.00564	0.00666	0.00972	0.01193	0.01576	0.03108	0.47008	0.03605	0.10814	0.01056	0.00294	0.00441	0.23615	0.00534	0.00495
13	0.00779	0.00585	0.00711	0.00751	0.00866	0.00531	0.00538	0.00947	0.01357	0.01787	0.23390	0.29176	0.24761	0.06643	0.00889	0.00241	0.00344	0.04619	0.00574	0.00511
14	0.01508	0.01397	0.02400	0.08446	0.65067	0.01406	0.04357	0.01869	0.01374	0.04674	0.01177	0.01522	0.00961	0.00547	0.00600	0.00181	0.00724	0.00545	0.00313	0.00932
15	0.04060	0.05134	0.06204	0.04139	0.01746	0.11675	0.03217	0.18424	0.11931	0.02262	0.01433	0.01652	0.01141	0.01307	0.12617	0.00308	0.06579	0.00539	0.04844	0.00790
16	0.00865	0.00654	0.00806	0.00783	0.00943	0.00615	0.00594	0.01200	0.05882	0.02193	0.49991	0.08415	0.17871	0.01318	0.00714	0.00201	0.00319	0.05431	0.00629	0.00575
17	0.01353	0.01099	0.01170	0.01056	0.01327	0.01230	0.00802	0.06684	0.47256	0.02332	0.06835	0.02770	0.06183	0.11848	0.00958	0.00252	0.00471	0.00751	0.04818	0.00805
18	0.01519	0.01586	0.07063	0.04168	0.26824	0.10046	0.07410	0.08064	0.08708	0.03281	0.01729	0.05077	0.05770	0.05199	0.00755	0.00210	0.00718	0.00656	0.00392	0.00826
19	0.01575	0.07260	0.06083	0.17792	0.08976	0.04497	0.10018	0.09929	0.14559	0.07002	0.01500	0.03696	0.01165	0.00684	0.00634	0.00191	0.02592	0.00592	0.00413	0.00841
20	0.00869	0.00663	0.00800	0.00840	0.00970	0.00645	0.00618	0.01201	0.09132	0.01826	0.16747	0.29292	0.17675	0.06604	0.00887	0.00248	0.00381	0.09475	0.00570	0.00556
21	0.00819	0.00605	0.00800	0.06280	0.01114	0.00591	0.00648	0.00955	0.01196	0.01564	0.06982	0.39999	0.13083	0.10391	0.01069	0.03235	0.00428	0.09240	0.00510	0.00493
22	0.01576	0.30129	0.27839	0.01412	0.01999	0.17655	0.03187	0.01994	0.03716	0.01672	0.03047	0.01251	0.00943	0.00586	0.00507	0.00162	0.00816	0.00420	0.00291	0.00798
23	0.01539	0.03689	0.01884	0.14589	0.26226	0.04777	0.01380	0.11290	0.20218	0.02233	0.03038	0.01839	0.03274	0.00686	0.00598	0.00187	0.00656	0.00591	0.00426	0.00879
24	0.18565	0.01391	0.01226	0.01040	0.01379	0.12838	0.00828	0.19582	0.03918	0.10543	0.01503	0.01586	0.01116	0.00673	0.00500	0.00169	0.00568	0.00489	0.21309	0.00777
25	0.07970	0.03395	0.14853	0.01281	0.03245	0.01187	0.05171	0.11131	0.03797	0.26824	0.02228	0.02156	0.10592	0.00768	0.00591	0.00186	0.00602	0.00626	0.00527	0.02868
26	0.01697	0.14435	0.24185	0.01530	0.05492	0.03560	0.05948	0.17021	0.01669	0.10490	0.01476	0.03449	0.03220	0.00668	0.00567	0.00177	0.00723	0.00537	0.00409	0.02747
27	0.01580	0.73768	0.08352	0.01078	0.01620	0.02310	0.01115	0.01809	0.01226	0.01450	0.00854	0.00987	0.00771	0.00519	0.00399	0.00133	0.00661	0.00330	0.00257	0.00780
28	0.00821	0.00587	0.00709	0.00750	0.00871	0.00528	0.00533	0.00960	0.01302	0.03875	0.13969	0.33548	0.28494	0.05220	0.00889	0.02604	0.00350	0.02916	0.00561	0.00511
29	0.01494	0.06720	0.13831	0.06113	0.08174	0.07102	0.12425	0.07780	0.01435	0.05850	0.03810	0.01738	0.03753	0.00981	0.06196	0.00249	0.10625	0.00579	0.00357	0.00787
30	0.01249	0.00865	0.01061	0.06009	0.03467	0.03077	0.00769	0.06815	0.04296	0.09885	0.13128	0.19899	0.05084	0.12403	0.04842	0.00297	0.00547	0.02678	0.02994	0.00638
31	0.00862	0.00584	0.00654	0.00678	0.00817	0.00541	0.00497	0.01056	0.01305	0.01844	0.10648	0.17545	0.28145	0.03688	0.03230	0.00230	0.00362	0.03106	0.23686	0.00523
32	0.16146	0.10752	0.03728	0.14246	0.04757	0.10717	0.14649	0.03662	0.03235	0.01946	0.03248	0.01475	0.01011	0.00714	0.02664	0.00203	0.02629	0.00508	0.02981	0.00729
33	0.03944	0.01571	0.11862	0.06452	0.33700	0.03270	0.03070	0.07039	0.01522	0.15297	0.03291	0.01738	0.03248	0.00642	0.00596	0.00184	0.00690	0.00565	0.00411	0.00906

[dist]
# distance from previous block
# <min> <max>
0	25

[block]
# block no. 6 follows, 38 sequences, length 27
# corresponding to MSA columns:
# 482-508
name=unknown_G
#
# <colnr> <probs for GDERKNQSTAVLIFYWHMCP>
#	G	D	E	R	K	N	Q	S	T	A	V	L	I	F	Y	W	H	M	C	P
0	0.01340	0.03427	0.09508	0.01717	0.15100	0.04597	0.08883	0.08219	0.01491	0.02080	0.12132	0.04667	0.01799	0.02928	0.06490	0.00242	0.00719	0.00648	0.02145	0.11868
1	0.01247	0.14124	0.18333	0.04738	0.03533	0.04654	0.01157	0.07052	0.01437	0.01901	0.07790	0.11004	0.13235	0.00924	0.00590	0.00181	0.00597	0.00759	0.02522	0.04221
2	0.01232	0.01161	0.09094	0.01091	0.03938	0.00920	0.00882	0.08159	0.04675	0.04266	0.05723	0.12951	0.01971	0.15990	0.01069	0.00248	0.00534	0.02906	0.00442	0.22748
3	0.06473	0.03189	0.04690	0.04873	0.05329	0.11401	0.07425	0.18266	0.08274	0.05470	0.02960	0.01741	0.03015	0.04250	0.00754	0.00198	0.04224	0.00561	0.00437	0.06471
