[name]
unknown

[dist]
# distance from previous block
# <min> <max>
0	56

[block]
# block no. 0 follows, 38 sequences, length 180
# corresponding to MSA columns:
# 56-149,161-246
name=unknown_A
#
# <colnr> <probs for GDERKNQSTAVLIFYWHMCP>
#	G	D	E	R	K	N	Q	S	T	A	V	L	I	F	Y	W	H	M	C	P
0	0.00969	0.00692	0.00969	0.01108	0.01246	0.00692	0.00969	0.01246	0.01385	0.01800	0.03185	0.06786	0.03462	0.01662	0.00831	0.00277	0.00554	0.71057	0.00554	0.00554
1	0.01464	0.01385	0.02326	0.14551	0.62095	0.01430	0.01796	0.04216	0.01394	0.01964	0.01133	0.01504	0.00933	0.00552	0.00597	0.00182	0.00726	0.00536	0.00304	0.00913
2	0.01129	0.01064	0.01821	0.54048	0.07715	0.01230	0.07646	0.01512	0.01299	0.01706	0.10288	0.02125	0.04495	0.00704	0.00628	0.00198	0.00731	0.00648	0.00333	0.00678
3	0.00732	0.00527	0.00694	0.00828	0.00870	0.00489	0.00554	0.00839	0.01161	0.01539	0.03431	0.75443	0.06927	0.01870	0.00765	0.00243	0.00347	0.01692	0.00558	0.00489
4	0.02161	0.04319	0.01791	0.01352	0.01815	0.04925	0.01112	0.59232	0.09768	0.03448	0.01494	0.01488	0.01082	0.00714	0.00590	0.00178	0.00656	0.00537	0.00574	0.02765
5	0.01353	0.25691	0.52355	0.01503	0.02271	0.01701	0.01842	0.03625	0.01294	0.01806	0.01016	0.01184	0.00771	0.00558	0.00517	0.00172	0.00810	0.00410	0.00264	0.00858
6	0.01323	0.14347	0.60480	0.01612	0.02424	0.01530	0.03871	0.01925	0.01282	0.04337	0.01091	0.01260	0.00792	0.00567	0.00549	0.00181	0.00843	0.00439	0.00273	0.00874
7	0.01272	0.01248	0.02135	0.50382	0.21316	0.02824	0.08915	0.01669	0.01275	0.01680	0.01097	0.01568	0.00849	0.00576	0.00610	0.00195	0.00808	0.00550	0.00279	0.00753
8	0.01599	0.01228	0.01333	0.01185	0.01531	0.01378	0.00930	0.03053	0.61911	0.10880	0.02567	0.02428	0.04049	0.00848	0.00619	0.00204	0.00477	0.02218	0.00624	0.00938
9	0.01488	0.01377	0.02311	0.10961	0.63351	0.01407	0.01771	0.01892	0.03834	0.04043	0.01206	0.01542	0.00983	0.00558	0.00597	0.00182	0.00710	0.00543	0.00318	0.00926
10	0.00845	0.00642	0.00792	0.00899	0.04661	0.00582	0.00601	0.01030	0.02807	0.03867	0.09157	0.36026	0.32744	0.01568	0.00724	0.00218	0.00353	0.01374	0.00559	0.00551
11	0.00788	0.00563	0.00739	0.00796	0.00873	0.00525	0.00553	0.00960	0.01363	0.01875	0.32268	0.44993	0.04585	0.05172	0.00850	0.00238	0.00333	0.01419	0.00592	0.00515
12	0.00859	0.00577	0.00661	0.00677	0.00680	0.00573	0.00386	0.00871	0.00906	0.01208	0.02055	0.12319	0.02389	0.70202	0.02804	0.00545	0.00557	0.00969	0.00386	0.00378
13	0.01273	0.03018	0.72413	0.01686	0.02556	0.01374	0.02163	0.01951	0.01290	0.05201	0.01137	0.01305	0.00795	0.00579	0.00573	0.00190	0.00872	0.00452	0.00276	0.00895
14	0.01472	0.01413	0.02404	0.06441	0.70798	0.01435	0.01828	0.01826	0.01354	0.01938	0.01122	0.01489	0.00944	0.00550	0.00626	0.00181	0.02412	0.00536	0.00296	0.00936
15	0.00732	0.00527	0.00695	0.00829	0.00870	0.00489	0.00555	0.00839	0.01160	0.01539	0.03421	0.75710	0.06666	0.01871	0.00766	0.00243	0.00347	0.01693	0.00558	0.00489
16	0.01976	0.01390	0.01548	0.01314	0.03683	0.01522	0.01027	0.30484	0.31240	0.13957	0.01994	0.01880	0.01433	0.00758	0.00601	0.00190	0.00556	0.00607	0.02862	0.00980
17	0.01505	0.01476	0.02355	0.03503	0.69293	0.05173	0.01775	0.01845	0.01380	0.01928	0.01184	0.03679	0.01031	0.00579	0.00598	0.00179	0.00723	0.00562	0.00306	0.00927
18	0.00861	0.00638	0.00935	0.00935	0.01032	0.00735	0.00713	0.01054	0.00958	0.01373	0.01640	0.02522	0.01573	0.12033	0.69047	0.00928	0.01507	0.00668	0.00327	0.00520
19	0.00714	0.00610	0.00614	0.00613	0.00815	0.00509	0.00460	0.00870	0.01379	0.01644	0.07745	0.05758	0.73199	0.01516	0.00711	0.00203	0.00304	0.01265	0.00561	0.00509
20	0.83108	0.01163	0.00884	0.00791	0.01163	0.01350	0.00651	0.01768	0.01024	0.02699	0.00838	0.00977	0.00651	0.00558	0.00372	0.00186	0.00465	0.00326	0.00372	0.00651
21	0.07443	0.10864	0.05222	0.01120	0.01553	0.06764	0.00958	0.10119	0.15521	0.12394	0.08388	0.01810	0.01571	0.00697	0.00542	0.00165	0.00563	0.00542	0.00496	0.13267
22	0.02247	0.02867	0.01705	0.01550	0.01860	0.76443	0.01162	0.02402	0.01705	0.01472	0.00930	0.01085	0.00775	0.00620	0.00542	0.00155	0.01085	0.00387	0.00310	0.00697
23	0.00825	0.00604	0.00774	0.00752	0.00887	0.00553	0.00556	0.01076	0.01609	0.02239	0.60196	0.12849	0.12175	0.01331	0.00716	0.00197	0.00293	0.01175	0.00641	0.00553
24	0.01476	0.01435	0.02506	0.05208	0.68507	0.01434	0.06841	0.01845	0.01370	0.01953	0.01136	0.01501	0.00947	0.00535	0.00604	0.00181	0.00738	0.00548	0.00298	0.00937
25	0.00952	0.00856	0.01237	0.04546	0.01412	0.04542	0.10986	0.01145	0.01255	0.01632	0.06191	0.46605	0.07693	0.03300	0.00817	0.00236	0.02209	0.03337	0.00490	0.00561
26	0.00733	0.00524	0.00698	0.00838	0.00873	0.00489	0.00558	0.00838	0.01152	0.01536	0.03316	0.78466	0.03979	0.01885	0.00768	0.00244	0.00349	0.01710	0.00558	0.00489
27	0.00720	0.00598	0.00630	0.00648	0.00825	0.00508	0.00476	0.00872	0.01355	0.01648	0.08758	0.15836	0.61935	0.01561	0.00719	0.00208	0.00310	0.01323	0.00563	0.00508
28	0.01551	0.68309	0.13559	0.01128	0.01696	0.02239	0.01200	0.01816	0.01229	0.01486	0.00871	0.01009	0.00771	0.00523	0.00413	0.00138	0.00679	0.00339	0.00257	0.00789
29	0.01136	0.01069	0.01804	0.77412	0.04143	0.01337	0.01671	0.01537	0.01203	0.01537	0.01069	0.01604	0.00802	0.00601	0.00601	0.00200	0.00802	0.00535	0.00267	0.00668
30	0.01341	0.01099	0.01280	0.00921	0.01451	0.00858	0.00739	0.05170	0.01341	0.04124	0.01125	0.01280	0.00915	0.00468	0.00458	0.00096	0.00458	0.00373	0.00380	0.76124
31	0.01608	0.79220	0.03152	0.01029	0.01544	0.02380	0.01029	0.01801	0.01222	0.01415	0.00836	0.00965	0.00772	0.00515	0.00386	0.00129	0.00643	0.00322	0.00257	0.00772
32	0.79489	0.01187	0.00925	0.00818	0.01195	0.01373	0.00674	0.04962	0.01105	0.02748	0.00865	0.00998	0.00668	0.00566	0.00383	0.00186	0.00474	0.00335	0.00383	0.00668
33	0.01262	0.01042	0.01274	0.01256	0.06523	0.01105	0.03587	0.03850	0.33840	0.04372	0.09931	0.10724	0.14635	0.01070	0.00662	0.00206	0.00461	0.02848	0.00571	0.00782
34	0.00859	0.00645	0.00967	0.00967	0.01074	0.00752	0.00752	0.01074	0.00967	0.01396	0.01611	0.02363	0.01504	0.04512	0.76474	0.00967	0.01611	0.00645	0.00322	0.00537
35	0.01121	0.00561	0.00561	0.00561	0.00701	0.00561	0.00421	0.01402	0.01262	0.02243	0.01962	0.02243	0.01542	0.00701	0.00421	0.00140	0.00280	0.00561	0.82198	0.00561
36	0.00868	0.00581	0.00658	0.00664	0.00666	0.00579	0.00373	0.00873	0.00887	0.01183	0.01959	0.07273	0.02267	0.75412	0.02959	0.00568	0.00573	0.00912	0.00373	0.00370
37	0.01136	0.01069	0.01804	0.77412	0.04143	0.01337	0.01671	0.01537	0.01203	0.01537	0.01069	0.01604	0.00802	0.00601	0.00601	0.00200	0.00802	0.00535	0.00267	0.00668
38	0.01207	0.03112	0.75741	0.01715	0.02604	0.01397	0.02223	0.01905	0.01270	0.01905	0.01080	0.01270	0.00762	0.00572	0.00572	0.00191	0.00889	0.00445	0.00254	0.00889
39	0.01336	0.01310	0.02272	0.11698	0.27438	0.01423	0.16073	0.01711	0.03066	0.01804	0.01365	0.02172	0.01228	0.00778	0.00900	0.00214	0.14805	0.09291	0.00328	0.00786
40	0.01471	0.01436	0.02277	0.08530	0.62957	0.05206	0.01733	0.01806	0.01358	0.01881	0.01185	0.03242	0.01031	0.02547	0.00659	0.00191	0.00728	0.00563	0.00304	0.00895
41	0.05412	0.47620	0.07112	0.01164	0.01634	0.14803	0.01096	0.05439	0.03464	0.01694	0.01038	0.01261	0.00904	0.00594	0.00454	0.00149	0.00711	0.02359	0.02324	0.00767
42	0.01133	0.01051	0.01770	0.74815	0.04029	0.01309	0.01632	0.01511	0.01189	0.01520	0.01068	0.01611	0.00810	0.00652	0.00661	0.02990	0.00792	0.00534	0.00267	0.00654
43	0.00851	0.00615	0.00804	0.00757	0.00899	0.00568	0.00568	0.01135	0.01703	0.02412	0.74788	0.04494	0.05676	0.01230	0.00710	0.00189	0.00284	0.01088	0.00662	0.00568
44	0.00860	0.00643	0.00958	0.00958	0.01063	0.00747	0.00741	0.01069	0.00964	0.01390	0.01619	0.02407	0.01523	0.06555	0.74457	0.00956	0.01583	0.00651	0.00323	0.00532
45	0.00859	0.00645	0.00967	0.00967	0.01074	0.00752	0.00752	0.01074	0.00967	0.01396	0.01611	0.02363	0.01504	0.04512	0.76474	0.00967	0.01611	0.00645	0.00322	0.00537
46	0.00841	0.00623	0.00794	0.00800	0.00947	0.00576	0.00622	0.01090	0.01552	0.02106	0.44959	0.09327	0.17654	0.01401	0.00736	0.00211	0.00342	0.14250	0.00617	0.00550
47	0.02212	0.01641	0.01765	0.01349	0.01834	0.01789	0.01112	0.67951	0.02715	0.03660	0.01417	0.01430	0.01014	0.00702	0.00591	0.00174	0.00646	0.00528	0.00584	0.06886
48	0.01215	0.03050	0.72739	0.01749	0.02626	0.01402	0.05163	0.01906	0.01276	0.01906	0.01085	0.01285	0.00768	0.00569	0.00577	0.00191	0.00894	0.00456	0.00256	0.00886
49	0.01453	0.01361	0.02221	0.17352	0.53769	0.01433	0.01724	0.04584	0.06492	0.01992	0.01224	0.01562	0.00989	0.00575	0.00598	0.00185	0.00712	0.00546	0.00326	0.00902
50	0.00737	0.00594	0.00657	0.00677	0.00838	0.00514	0.00494	0.00901	0.01381	0.01732	0.16428	0.19615	0.50230	0.01547	0.00722	0.00209	0.00310	0.01326	0.00575	0.00514
51	0.00808	0.00551	0.00738	0.00864	0.00919	0.00515	0.00598	0.00929	0.01185	0.03748	0.03278	0.71044	0.03868	0.01835	0.00768	0.00245	0.00369	0.06666	0.00564	0.00509
52	0.01571	0.01416	0.02156	0.02594	0.39078	0.03128	0.07217	0.12360	0.01569	0.03916	0.04527	0.03495	0.01236	0.00673	0.00727	0.00185	0.07517	0.00591	0.00377	0.05666
53	0.00737	0.00533	0.00699	0.00830	0.00878	0.00495	0.00562	0.00850	0.01172	0.01548	0.03491	0.71982	0.08529	0.01856	0.00766	0.00242	0.00351	0.03428	0.00558	0.00492
54	0.05324	0.01109	0.01419	0.01096	0.01551	0.01028	0.00904	0.12672	0.01853	0.60905	0.04261	0.01997	0.01515	0.00749	0.00600	0.00185	0.00525	0.00600	0.00710	0.00998
55	0.03938	0.05393	0.34696	0.01627	0.02245	0.14590	0.08301	0.10026	0.05469	0.03734	0.01185	0.01342	0.00880	0.00622	0.00621	0.00185	0.03472	0.00481	0.00342	0.00851
56	0.05780	0.01473	0.01318	0.01188	0.01503	0.14309	0.00928	0.08166	0.40115	0.02377	0.02007	0.02148	0.01578	0.00792	0.00576	0.00189	0.00577	0.04175	0.09969	0.00833
57	0.00896	0.00612	0.00763	0.00747	0.00870	0.00564	0.00531	0.01087	0.01439	0.05012	0.40020	0.15689	0.13427	0.14345	0.01108	0.00265	0.00356	0.01150	0.00587	0.00533
58	0.24594	0.01428	0.01464	0.01435	0.12152	0.10234	0.00992	0.10389	0.01520	0.14212	0.01252	0.01340	0.00931	0.00592	0.00503	0.00163	0.00603	0.00440	0.00438	0.15318
59	0.01270	0.03026	0.03259	0.01376	0.09495	0.01032	0.06366	0.03165	0.01280	0.01908	0.01340	0.01584	0.04246	0.00829	0.05833	0.00187	0.04269	0.00477	0.00349	0.48710
60	0.03696	0.37041	0.22620	0.01624	0.10472	0.07264	0.03902	0.01871	0.01280	0.01669	0.00955	0.01150	0.00793	0.00556	0.00528	0.00161	0.02929	0.00404	0.00270	0.00814
61	0.01708	0.01943	0.03893	0.06133	0.09373	0.25763	0.16176	0.06742	0.01473	0.01779	0.01023	0.01345	0.00842	0.00691	0.00916	0.00197	0.18407	0.00520	0.00313	0.00762
62	0.00745	0.00537	0.00709	0.00841	0.00890	0.00501	0.00576	0.00861	0.01175	0.01555	0.03446	0.70906	0.07465	0.01854	0.00768	0.00244	0.00358	0.05515	0.00558	0.00493
63	0.00892	0.00689	0.02554	0.00759	0.00951	0.00578	0.00596	0.01114	0.01496	0.05702	0.31759	0.11313	0.33385	0.01386	0.00712	0.00204	0.00337	0.04409	0.00600	0.00567
64	0.02088	0.01462	0.01533	0.01209	0.01617	0.04082	0.00986	0.51962	0.02410	0.08358	0.01591	0.01628	0.01147	0.00716	0.00565	0.00172	0.00592	0.00544	0.16414	0.00922
65	0.01425	0.00729	0.00954	0.00864	0.01081	0.00663	0.00662	0.01638	0.01510	0.24760	0.26365	0.13354	0.05866	0.08393	0.00899	0.00236	0.00409	0.05488	0.04027	0.00677
66	0.83108	0.01163	0.00884	0.00791	0.01163	0.01350	0.00651	0.01768	0.01024	0.02699	0.00838	0.00977	0.00651	0.00558	0.00372	0.00186	0.00465	0.00326	0.00372	0.00651
67	0.01433	0.01230	0.01292	0.01164	0.01493	0.01402	0.00905	0.04598	0.64760	0.02453	0.02805	0.02596	0.09440	0.00888	0.00622	0.00203	0.00463	0.00738	0.00606	0.00907
68	0.01121	0.00561	0.00561	0.00561	0.00701	0.00561	0.00421	0.01402	0.01262	0.02243	0.01962	0.02243	0.01542	0.00701	0.00421	0.00140	0.00280	0.00561	0.82198	0.00561
69	0.00844	0.00586	0.00650	0.00654	0.00688	0.00568	0.00385	0.00872	0.00963	0.01251	0.02619	0.06294	0.14079	0.64133	0.02616	0.00512	0.00531	0.00962	0.00401	0.00391
70	0.83108	0.01163	0.00884	0.00791	0.01163	0.01350	0.00651	0.01768	0.01024	0.02699	0.00838	0.00977	0.00651	0.00558	0.00372	0.00186	0.00465	0.00326	0.00372	0.00651
71	0.01489	0.01429	0.02442	0.03692	0.75106	0.01429	0.01846	0.01846	0.01370	0.01965	0.01132	0.01489	0.00953	0.00536	0.00596	0.00179	0.00715	0.00536	0.00298	0.00953
72	0.00875	0.00583	0.00656	0.00656	0.00656	0.00583	0.00365	0.00875	0.00875	0.01166	0.01895	0.03937	0.02187	0.78858	0.03062	0.00583	0.00583	0.00875	0.00365	0.00365
73	0.01608	0.01348	0.01423	0.01247	0.01607	0.01548	0.00979	0.13032	0.64002	0.02696	0.02307	0.02132	0.01722	0.00803	0.00611	0.00201	0.00502	0.00661	0.00611	0.00962
74	0.01489	0.01429	0.02442	0.03692	0.75106	0.01429	0.01846	0.01846	0.01370	0.01965	0.01132	0.01489	0.00953	0.00536	0.00596	0.00179	0.00715	0.00536	0.00298	0.00953
75	0.08191	0.01467	0.01533	0.01266	0.01675	0.01659	0.01019	0.36046	0.34797	0.03132	0.01850	0.01769	0.01361	0.00752	0.00589	0.00192	0.00563	0.00587	0.00589	0.00962
76	0.44087	0.03832	0.01315	0.01144	0.01492	0.35782	0.00895	0.02060	0.01341	0.02106	0.00880	0.01026	0.00711	0.00586	0.00451	0.00170	0.00754	0.00354	0.00341	0.00675
77	0.01489	0.01429	0.02442	0.03692	0.75106	0.01429	0.01846	0.01846	0.01370	0.01965	0.01132	0.01489	0.00953	0.00536	0.00596	0.00179	0.00715	0.00536	0.00298	0.00953
78	0.00855	0.00575	0.00662	0.00682	0.00687	0.00570	0.00392	0.00870	0.00914	0.01218	0.02095	0.14423	0.02439	0.68028	0.02739	0.00536	0.00550	0.00992	0.00392	0.00382
79	0.01131	0.01048	0.01718	0.35119	0.20297	0.01168	0.03373	0.01442	0.01242	0.01654	0.01867	0.15561	0.07143	0.00900	0.00693	0.00206	0.03585	0.00806	0.00350	0.00696
80	0.00755	0.00537	0.00698	0.00818	0.00856	0.00505	0.00544	0.00854	0.01132	0.01502	0.03218	0.66109	0.05543	0.10762	0.01033	0.00283	0.00380	0.03457	0.00536	0.00477
81	0.07516	0.01347	0.01766	0.01519	0.01556	0.03856	0.01262	0.01498	0.00951	0.01543	0.00797	0.01284	0.00779	0.01004	0.01814	0.00254	0.69816	0.00507	0.00273	0.00659
82	0.00725	0.00610	0.00630	0.00625	0.00821	0.00514	0.00468	0.00891	0.01405	0.01706	0.13194	0.05656	0.67711	0.01493	0.00711	0.00202	0.00303	0.01251	0.00569	0.00514
83	0.01496	0.01292	0.01360	0.01224	0.01564	0.01496	0.00952	0.03197	0.74019	0.02516	0.02448	0.02244	0.01836	0.00816	0.00612	0.00204	0.00476	0.00680	0.00612	0.00952
84	0.02699	0.01024	0.01396	0.01070	0.01536	0.00884	0.00884	0.02932	0.01722	0.75522	0.02373	0.02048	0.01489	0.00745	0.00605	0.00186	0.00512	0.00605	0.00745	0.01024
85	0.00733	0.00524	0.00698	0.00838	0.00873	0.00489	0.00558	0.00838	0.01152	0.01536	0.03316	0.78466	0.03979	0.01885	0.00768	0.00244	0.00349	0.01710	0.00558	0.00489
86	0.01663	0.04968	0.01610	0.01361	0.01604	0.25634	0.01077	0.07592	0.15670	0.01837	0.01348	0.01592	0.01125	0.01391	0.13390	0.00321	0.16169	0.00524	0.00382	0.00741
87	0.00896	0.00699	0.01049	0.01013	0.01115	0.00811	0.02648	0.01092	0.00977	0.01401	0.01652	0.05818	0.01613	0.10141	0.60749	0.00842	0.05911	0.00706	0.00332	0.00535
88	0.00733	0.00538	0.00689	0.00804	0.00865	0.00494	0.00545	0.00850	0.01199	0.01575	0.05870	0.66177	0.13825	0.01815	0.00758	0.00237	0.00341	0.01630	0.00562	0.00494
89	0.02606	0.01021	0.01379	0.01064	0.01515	0.00894	0.00876	0.04551	0.01748	0.70512	0.05593	0.02142	0.01665	0.00766	0.00610	0.00186	0.00505	0.00625	0.00737	0.01003
90	0.01247	0.01069	0.01247	0.00891	0.01426	0.00802	0.00713	0.01515	0.01247	0.01960	0.01069	0.01247	0.00891	0.00446	0.00446	0.00089	0.00446	0.00356	0.00356	0.82536
91	0.00859	0.00645	0.00967	0.00967	0.01074	0.00752	0.00752	0.01074	0.00967	0.01396	0.01611	0.02363	0.01504	0.04512	0.76474	0.00967	0.01611	0.00645	0.00322	0.00537
92	0.02699	0.01024	0.01396	0.01070	0.01536	0.00884	0.00884	0.02932	0.01722	0.75522	0.02373	0.02048	0.01489	0.00745	0.00605	0.00186	0.00512	0.00605	0.00745	0.01024
93	0.01434	0.01591	0.03351	0.02401	0.02997	0.01495	0.66191	0.03651	0.03065	0.01987	0.01243	0.01615	0.00935	0.00516	0.00693	0.00197	0.00967	0.00689	0.00321	0.04662
94	0.01168	0.01023	0.01240	0.01139	0.01243	0.06620	0.00897	0.04510	0.01107	0.01569	0.01381	0.02058	0.01292	0.08473	0.36268	0.00592	0.21780	0.00601	0.06446	0.00592
95	0.01489	0.01429	0.02442	0.03692	0.75106	0.01429	0.01846	0.01846	0.01370	0.01965	0.01132	0.01489	0.00953	0.00536	0.00596	0.00179	0.00715	0.00536	0.00298	0.00953
96	0.00768	0.00615	0.00691	0.00693	0.00871	0.00537	0.00529	0.00963	0.01452	0.01840	0.23551	0.07538	0.49391	0.01468	0.00722	0.00206	0.00320	0.06733	0.00585	0.00526
97	0.01045	0.00522	0.00784	0.00784	0.00784	0.00522	0.00522	0.00784	0.00784	0.01045	0.01045	0.01829	0.01045	0.02090	0.02351	0.82497	0.00522	0.00522	0.00261	0.00261
98	0.00848	0.00588	0.00768	0.00792	0.00902	0.00541	0.00568	0.01049	0.01459	0.04070	0.39840	0.35263	0.08045	0.01502	0.00731	0.00213	0.00318	0.01342	0.00617	0.00545
99	0.01489	0.01429	0.02442	0.03692	0.75106	0.01429	0.01846	0.01846	0.01370	0.01965	0.01132	0.01489	0.00953	0.00536	0.00596	0.00179	0.00715	0.00536	0.00298	0.00953
100	0.01439	0.04795	0.01491	0.01030	0.01544	0.01088	0.02410	0.13221	0.01501	0.02222	0.01117	0.01276	0.00905	0.00509	0.00509	0.00112	0.02264	0.00397	0.00389	0.61782
101	0.05621	0.01707	0.01730	0.01355	0.01814	0.06761	0.01109	0.60445	0.05837	0.05434	0.01454	0.01453	0.01040	0.00713	0.00589	0.00180	0.00670	0.00530	0.00577	0.00983
102	0.02331	0.00966	0.01278	0.01021	0.01405	0.00868	0.00817	0.02607	0.05280	0.59220	0.02333	0.02459	0.01662	0.11766	0.00958	0.00246	0.00521	0.02670	0.00679	0.00914
103	0.01207	0.03112	0.75741	0.01715	0.02604	0.01397	0.02223	0.01905	0.01270	0.01905	0.01080	0.01270	0.00762	0.00572	0.00572	0.00191	0.00889	0.00445	0.00254	0.00889
104	0.01420	0.01623	0.03550	0.02535	0.03144	0.01521	0.72921	0.01927	0.01420	0.01927	0.01217	0.01623	0.00913	0.00507	0.00710	0.00203	0.01014	0.00710	0.00304	0.00811
105	0.01420	0.01623	0.03550	0.02535	0.03144	0.01521	0.72921	0.01927	0.01420	0.01927	0.01217	0.01623	0.00913	0.00507	0.00710	0.00203	0.01014	0.00710	0.00304	0.00811
106	0.00874	0.00585	0.00664	0.00664	0.00666	0.00587	0.00374	0.00880	0.00877	0.01172	0.01889	0.03899	0.02171	0.77061	0.04837	0.00592	0.00608	0.00869	0.00363	0.00369
107	0.00736	0.00526	0.00700	0.00836	0.00873	0.00490	0.00559	0.00844	0.01164	0.01556	0.04937	0.76788	0.04017	0.01870	0.00767	0.00243	0.00348	0.01696	0.00561	0.00490
108	0.00859	0.00645	0.00967	0.00967	0.01074	0.00752	0.00752	0.01074	0.00967	0.01396	0.01611	0.02363	0.01504	0.04512	0.76474	0.00967	0.01611	0.00645	0.00322	0.00537
109	0.83108	0.01163	0.00884	0.00791	0.01163	0.01350	0.00651	0.01768	0.01024	0.02699	0.00838	0.00977	0.00651	0.00558	0.00372	0.00186	0.00465	0.00326	0.00372	0.00651
110	0.01697	0.01951	0.01786	0.01567	0.01694	0.32399	0.01253	0.01839	0.01242	0.01458	0.00847	0.01221	0.00784	0.00876	0.01388	0.00219	0.46352	0.00470	0.00282	0.00674
111	0.01523	0.01623	0.01815	0.01568	0.01641	0.16076	0.01282	0.03754	0.01127	0.01522	0.00836	0.01276	0.00794	0.00960	0.01660	0.00240	0.60844	0.00500	0.00282	0.00676
112	0.00779	0.00612	0.00704	0.00681	0.00854	0.00537	0.00511	0.00995	0.01532	0.02007	0.39442	0.05160	0.41275	0.01381	0.00710	0.00196	0.00295	0.01181	0.00609	0.00537
113	0.01387	0.01184	0.01199	0.01127	0.03364	0.10133	0.00831	0.06897	0.14589	0.06114	0.02447	0.23400	0.07164	0.01088	0.00633	0.00190	0.00523	0.03286	0.00511	0.13934
114	0.01489	0.01429	0.02442	0.03692	0.75106	0.01429	0.01846	0.01846	0.01370	0.01965	0.01132	0.01489	0.00953	0.00536	0.00596	0.00179	0.00715	0.00536	0.00298	0.00953
115	0.02296	0.01549	0.01707	0.01322	0.01790	0.01680	0.01088	0.56646	0.07845	0.15303	0.01668	0.01600	0.01158	0.00733	0.00603	0.00183	0.00624	0.00562	0.00626	0.01018
116	0.83108	0.01163	0.00884	0.00791	0.01163	0.01350	0.00651	0.01768	0.01024	0.02699	0.00838	0.00977	0.00651	0.00558	0.00372	0.00186	0.00465	0.00326	0.00372	0.00651
117	0.00745	0.00535	0.00711	0.00846	0.00891	0.00500	0.00578	0.00861	0.01170	0.01552	0.03382	0.72633	0.05820	0.01863	0.00770	0.00245	0.00359	0.05487	0.00558	0.00493
118	0.76561	0.01168	0.00936	0.00822	0.01202	0.01336	0.00677	0.03590	0.01108	0.06853	0.00940	0.01049	0.00708	0.00573	0.00391	0.00186	0.00473	0.00347	0.00399	0.00682
119	0.01136	0.01069	0.01804	0.77412	0.04143	0.01337	0.01671	0.01537	0.01203	0.01537	0.01069	0.01604	0.00802	0.00601	0.00601	0.00200	0.00802	0.00535	0.00267	0.00668
120	0.00718	0.00610	0.00619	0.00617	0.00817	0.00511	0.00463	0.00877	0.01388	0.01665	0.09596	0.05723	0.71334	0.01509	0.00711	0.00202	0.00304	0.01260	0.00564	0.00511
121	0.01591	0.01339	0.01414	0.01243	0.01600	0.01540	0.00975	0.11560	0.65501	0.02669	0.02328	0.02149	0.01739	0.00805	0.00611	0.00201	0.00498	0.00664	0.00611	0.00961
122	0.01222	0.05997	0.72989	0.01689	0.02563	0.01434	0.02177	0.01901	0.01268	0.01887	0.01070	0.01259	0.00762	0.00569	0.00565	0.00188	0.00880	0.00440	0.00254	0.00885
123	0.09286	0.02686	0.01636	0.01479	0.01799	0.67857	0.01117	0.04290	0.01676	0.01643	0.00936	0.01085	0.00771	0.00617	0.00529	0.00158	0.01019	0.00386	0.00323	0.00702
124	0.01619	0.01206	0.01326	0.01169	0.01513	0.01344	0.00915	0.03012	0.58675	0.12781	0.07611	0.02378	0.02062	0.00836	0.00618	0.00200	0.00467	0.00699	0.00634	0.00935
125	0.15172	0.04445	0.12750	0.01161	0.01703	0.01206	0.04919	0.08972	0.03107	0.03665	0.01183	0.01422	0.00944	0.00565	0.00498	0.00147	0.00581	0.02304	0.00381	0.34875
126	0.01407	0.01438	0.02756	0.05249	0.37870	0.01404	0.30751	0.01820	0.01395	0.01940	0.03219	0.01897	0.01185	0.00602	0.00657	0.00194	0.00820	0.04218	0.00322	0.00856
127	0.00936	0.00757	0.01114	0.01070	0.01159	0.00935	0.00847	0.01137	0.00959	0.01405	0.01473	0.02187	0.01384	0.03930	0.63947	0.00848	0.14415	0.00625	0.00312	0.00557
128	0.01439	0.03991	0.06723	0.02423	0.03038	0.01550	0.65705	0.03825	0.01445	0.01961	0.01206	0.01583	0.00905	0.00516	0.00691	0.00199	0.00988	0.00682	0.00309	0.00819
129	0.80042	0.01228	0.00915	0.00820	0.01190	0.04197	0.00671	0.01792	0.01050	0.02653	0.00841	0.00981	0.00656	0.00561	0.00379	0.00185	0.00489	0.00328	0.00370	0.00653
130	0.00842	0.00615	0.00791	0.00747	0.00893	0.00564	0.00560	0.01117	0.01680	0.02359	0.70123	0.04582	0.10375	0.01250	0.00710	0.00190	0.00285	0.01100	0.00655	0.00564
131	0.00817	0.00611	0.00759	0.00736	0.00887	0.00553	0.00552	0.01062	0.01593	0.02176	0.53967	0.08347	0.21288	0.01339	0.00716	0.00197	0.00298	0.02920	0.00631	0.00550
132	0.00821	0.00614	0.00762	0.00725	0.00880	0.00555	0.00544	0.01077	0.01632	0.02244	0.60078	0.04771	0.20492	0.01293	0.00710	0.00192	0.00288	0.01127	0.00640	0.00555
133	0.00920	0.00736	0.00945	0.00956	0.01051	0.04188	0.02320	0.01080	0.01068	0.01433	0.02122	0.19804	0.02281	0.16812	0.35352	0.00629	0.01026	0.06367	0.00399	0.00510
134	0.02211	0.01704	0.01759	0.01377	0.01837	0.05359	0.01126	0.63225	0.09425	0.03563	0.01514	0.01502	0.01087	0.00726	0.00600	0.00182	0.00665	0.00547	0.00589	0.01001
135	0.00973	0.00701	0.00957	0.01079	0.01218	0.00705	0.00930	0.01272	0.03277	0.01787	0.03174	0.06516	0.04989	0.05092	0.00922	0.00287	0.00548	0.64469	0.00547	0.00555
136	0.02226	0.02306	0.01737	0.01521	0.03713	0.43562	0.01157	0.27036	0.04829	0.04458	0.01213	0.01292	0.00927	0.00664	0.00569	0.00167	0.00889	0.00462	0.00435	0.00836
137	0.01608	0.79220	0.03152	0.01029	0.01544	0.02380	0.01029	0.01801	0.01222	0.01415	0.00836	0.00965	0.00772	0.00515	0.00386	0.00129	0.00643	0.00322	0.00257	0.00772
138	0.00779	0.00593	0.00722	0.00786	0.00902	0.00544	0.00569	0.00973	0.02980	0.01733	0.14513	0.38514	0.25637	0.01639	0.00743	0.00225	0.00344	0.06706	0.00574	0.00521
139	0.01285	0.01068	0.01251	0.00896	0.01428	0.00804	0.00717	0.01551	0.01260	0.03840	0.01103	0.01268	0.00906	0.00453	0.00450	0.00092	0.00447	0.00363	0.00366	0.80453
140	0.00731	0.00532	0.00690	0.00816	0.00867	0.00490	0.00549	0.00840	0.01172	0.01544	0.03575	0.71677	0.10600	0.01851	0.00763	0.00240	0.00345	0.01669	0.00558	0.00490
141	0.83108	0.01163	0.00884	0.00791	0.01163	0.01350	0.00651	0.01768	0.01024	0.02699	0.00838	0.00977	0.00651	0.00558	0.00372	0.00186	0.00465	0.00326	0.00372	0.00651
142	0.00875	0.00583	0.00656	0.00656	0.00656	0.00583	0.00365	0.00875	0.00875	0.01166	0.01895	0.03937	0.02187	0.78858	0.03062	0.00583	0.00583	0.00875	0.00365	0.00365
143	0.79763	0.01158	0.00905	0.00803	0.01179	0.01330	0.00661	0.01817	0.01053	0.05728	0.00902	0.01022	0.00686	0.00566	0.00382	0.00186	0.00467	0.00337	0.00388	0.00667
144	0.00877	0.00660	0.00851	0.00853	0.03048	0.00621	0.00611	0.01200	0.04639	0.02283	0.59451	0.09053	0.11055	0.01258	0.00706	0.00194	0.00310	0.01109	0.00635	0.00585
145	0.02180	0.01007	0.01295	0.01072	0.01450	0.00948	0.00860	0.05017	0.12502	0.49700	0.02508	0.12940	0.01930	0.00940	0.00635	0.00199	0.00490	0.02713	0.00688	0.00925
146	0.07343	0.01093	0.01404	0.01083	0.01545	0.01003	0.00895	0.09396	0.01784	0.64605	0.02197	0.01929	0.01397	0.00732	0.00591	0.00186	0.00523	0.00583	0.00710	0.01002
147	0.01370	0.01308	0.02227	0.28569	0.51159	0.01398	0.01787	0.01742	0.01313	0.01821	0.01111	0.01528	0.00902	0.00558	0.00598	0.00186	0.00744	0.00536	0.00287	0.00857
148	0.04103	0.01684	0.01732	0.01361	0.01817	0.05153	0.01112	0.60873	0.10255	0.03527	0.01513	0.01502	0.01089	0.00724	0.00595	0.00182	0.00657	0.00544	0.00584	0.00992
149	0.01526	0.01286	0.01361	0.01220	0.01564	0.01481	0.00951	0.03190	0.72241	0.04312	0.02447	0.02240	0.01828	0.00814	0.00612	0.00204	0.00477	0.00678	0.00615	0.00954
150	0.02024	0.01076	0.01382	0.01143	0.01512	0.02983	0.04188	0.02558	0.16330	0.40726	0.06157	0.04710	0.01978	0.04366	0.00746	0.00216	0.00533	0.05838	0.00645	0.00888
151	0.01391	0.37990	0.42476	0.01401	0.02118	0.01848	0.01676	0.01858	0.01248	0.01681	0.00968	0.01130	0.00767	0.00545	0.00487	0.00162	0.00776	0.00388	0.00256	0.00835
152	0.01121	0.00561	0.00561	0.00561	0.00701	0.00561	0.00421	0.01402	0.01262	0.02243	0.01962	0.02243	0.01542	0.00701	0.00421	0.00140	0.00280	0.00561	0.82198	0.00561
153	0.01456	0.01396	0.02382	0.10579	0.68477	0.01421	0.01830	0.01817	0.01354	0.01925	0.01126	0.01500	0.00939	0.00542	0.00596	0.00181	0.00723	0.00536	0.00295	0.00926
154	0.01357	0.01197	0.01527	0.01350	0.01455	0.03540	0.01090	0.04998	0.09627	0.05010	0.01524	0.11222	0.01479	0.03042	0.05297	0.00287	0.42539	0.02378	0.00391	0.00691
155	0.02511	0.01032	0.01370	0.01069	0.01508	0.00926	0.00876	0.04768	0.05724	0.65179	0.06670	0.02188	0.01745	0.00777	0.00612	0.00187	0.00500	0.00636	0.00728	0.00993
156	0.01600	0.77637	0.04662	0.01044	0.01566	0.02360	0.01054	0.01803	0.01223	0.01426	0.00841	0.00971	0.00772	0.00516	0.00390	0.00130	0.00648	0.00324	0.00257	0.00774
157	0.01247	0.01069	0.01247	0.00891	0.01426	0.00802	0.00713	0.01515	0.01247	0.01960	0.01069	0.01247	0.00891	0.00446	0.00446	0.00089	0.00446	0.00356	0.00356	0.82536
158	0.00845	0.00616	0.00816	0.00930	0.01023	0.00598	0.00709	0.01074	0.03739	0.01708	0.06957	0.44469	0.06762	0.01724	0.00779	0.00250	0.00419	0.25488	0.00564	0.00532
159	0.02118	0.01091	0.01338	0.01091	0.01486	0.01076	0.00879	0.07726	0.21041	0.41963	0.09650	0.02391	0.03708	0.00829	0.00620	0.00191	0.00485	0.00685	0.00687	0.00947
160	0.01282	0.01114	0.01125	0.01013	0.01302	0.04731	0.00783	0.07210	0.34353	0.02282	0.12479	0.03392	0.22705	0.01044	0.00645	0.00195	0.00446	0.00867	0.00583	0.02451
161	0.00809	0.00613	0.00745	0.00712	0.00873	0.00550	0.00534	0.01053	0.01603	0.02175	0.54041	0.04885	0.26572	0.01319	0.00710	0.00193	0.00290	0.01143	0.00631	0.00550
162	0.01219	0.00596	0.00631	0.00606	0.00769	0.00584	0.00460	0.01496	0.01314	0.07375	0.05415	0.02335	0.01733	0.00729	0.00447	0.00146	0.00297	0.00589	0.72669	0.00593
163	0.00860	0.00583	0.00671	0.00681	0.00694	0.00582	0.00397	0.00881	0.00912	0.01215	0.02102	0.08877	0.04430	0.68119	0.06126	0.00567	0.00605	0.00932	0.00381	0.00385
164	0.01355	0.01381	0.01837	0.01578	0.01591	0.04945	0.01310	0.01487	0.00954	0.01449	0.00796	0.01307	0.00789	0.01035	0.01915	0.00259	0.74569	0.00521	0.00265	0.00660
165	0.01414	0.01665	0.05622	0.02512	0.03129	0.01518	0.70891	0.01926	0.01416	0.01926	0.01213	0.01613	0.00908	0.00509	0.00706	0.00202	0.01011	0.00702	0.00303	0.00814
166	0.05973	0.01142	0.01444	0.01112	0.01576	0.01070	0.00918	0.14762	0.01880	0.60350	0.02152	0.01901	0.01375	0.00733	0.00595	0.00185	0.00535	0.00583	0.00705	0.01008
167	0.01608	0.79220	0.03152	0.01029	0.01544	0.02380	0.01029	0.01801	0.01222	0.01415	0.00836	0.00965	0.00772	0.00515	0.00386	0.00129	0.00643	0.00322	0.00257	0.00772
168	0.00748	0.00626	0.00653	0.00649	0.00844	0.00540	0.00485	0.00955	0.03343	0.01732	0.13387	0.07760	0.63228	0.01484	0.00710	0.00203	0.00308	0.01247	0.00571	0.00526
169	0.83108	0.01163	0.00884	0.00791	0.01163	0.01350	0.00651	0.01768	0.01024	0.02699	0.00838	0.00977	0.00651	0.00558	0.00372	0.00186	0.00465	0.00326	0.00372	0.00651
170	0.01207	0.03112	0.75741	0.01715	0.02604	0.01397	0.02223	0.01905	0.01270	0.01905	0.01080	0.01270	0.00762	0.00572	0.00572	0.00191	0.00889	0.00445	0.00254	0.00889
171	0.00860	0.00643	0.00957	0.00957	0.01062	0.00747	0.00740	0.01068	0.00964	0.01390	0.01620	0.02411	0.01525	0.06769	0.74245	0.00955	0.01580	0.00652	0.00324	0.00532
172	0.00723	0.00603	0.00630	0.00637	0.00823	0.00511	0.00473	0.00881	0.01379	0.01676	0.10937	0.11053	0.64551	0.01529	0.00715	0.00205	0.00306	0.01289	0.00566	0.00511
173	0.01136	0.01069	0.01804	0.77412	0.04143	0.01337	0.01671	0.01537	0.01203	0.01537	0.01069	0.01604	0.00802	0.00601	0.00601	0.00200	0.00802	0.00535	0.00267	0.00668
174	0.02332	0.01587	0.01729	0.01338	0.01797	0.03787	0.01102	0.56251	0.02539	0.16675	0.01579	0.01540	0.01094	0.00733	0.00641	0.00183	0.02932	0.00548	0.00609	0.01003
175	0.01207	0.03112	0.75741	0.01715	0.02604	0.01397	0.02223	0.01905	0.01270	0.01905	0.01080	0.01270	0.00762	0.00572	0.00572	0.00191	0.00889	0.00445	0.00254	0.00889
176	0.01556	0.53134	0.19885	0.01246	0.01816	0.07971	0.01326	0.01862	0.01262	0.01535	0.00899	0.01056	0.00770	0.00553	0.00490	0.00149	0.03077	0.00362	0.00261	0.00790
177	0.01628	0.08753	0.08345	0.01251	0.01676	0.03538	0.01085	0.11565	0.44013	0.05841	0.02128	0.02017	0.03969	0.00770	0.00587	0.00191	0.00564	0.00617	0.00542	0.00920
178	0.00732	0.00526	0.00695	0.00830	0.00871	0.00489	0.00555	0.00839	0.01159	0.01539	0.03410	0.76002	0.06381	0.01872	0.00766	0.00243	0.00348	0.01695	0.00558	0.00489
179	0.00975	0.00712	0.00834	0.00847	0.00987	0.00703	0.00613	0.03677	0.09615	0.03855	0.06639	0.27465	0.17963	0.15016	0.01132	0.00287	0.00425	0.07147	0.00542	0.00567

[dist]
# distance from previous block
# <min> <max>
0	0

# created by:
# /home/cegg/simao/soft/augustus-3.2.1/scripts/msa2prfl.pl ./align_prep/EOG090W0EWT.fa
