[name]
unknown

[dist]
# distance from previous block
# <min> <max>
0	321

[block]
# block no. 0 follows, 36 sequences, length 73
# corresponding to MSA columns:
# 337-409
name=unknown_A
#
# <colnr> <probs for GDERKNQSTAVLIFYWHMCP>
#	G	D	E	R	K	N	Q	S	T	A	V	L	I	F	Y	W	H	M	C	P
0	0.05098	0.05911	0.03359	0.05067	0.15059	0.03547	0.06536	0.11677	0.04436	0.15336	0.03307	0.03946	0.01573	0.00839	0.00683	0.00204	0.02917	0.09137	0.00492	0.00875
1	0.05827	0.16977	0.13178	0.04621	0.01983	0.08498	0.04149	0.09211	0.05300	0.08121	0.01253	0.01388	0.00962	0.00639	0.00622	0.00172	0.05029	0.00469	0.00391	0.11210
2	0.05713	0.11245	0.30511	0.01676	0.07373	0.14547	0.03508	0.07896	0.01540	0.02059	0.03504	0.01486	0.02709	0.00643	0.00567	0.00179	0.00828	0.00490	0.00339	0.03187
3	0.05926	0.09734	0.16771	0.07513	0.10560	0.10325	0.03062	0.08704	0.01554	0.07124	0.04421	0.03893	0.01224	0.00695	0.00617	0.00184	0.02745	0.00548	0.00387	0.04011
4	0.06551	0.01014	0.02821	0.05880	0.05770	0.04191	0.00870	0.02910	0.07660	0.05254	0.16690	0.17898	0.13433	0.01198	0.00679	0.00208	0.00482	0.03005	0.00541	0.02943
5	0.04545	0.01733	0.06063	0.06427	0.02050	0.05748	0.01221	0.45301	0.04700	0.10249	0.01510	0.01540	0.01071	0.00712	0.00605	0.00185	0.00696	0.00542	0.00559	0.04542
6	0.01654	0.01303	0.01407	0.01238	0.01611	0.01459	0.00969	0.03209	0.63340	0.09250	0.02466	0.02260	0.01826	0.00822	0.00626	0.00204	0.00495	0.00683	0.00635	0.04543
7	0.01349	0.01305	0.04363	0.42738	0.17212	0.01419	0.04987	0.06058	0.06458	0.01903	0.01296	0.01789	0.01029	0.04616	0.00758	0.00222	0.00782	0.00589	0.00336	0.00791
8	0.01608	0.01512	0.02098	0.15980	0.22692	0.07554	0.09106	0.12452	0.10274	0.02196	0.01425	0.01822	0.01156	0.06442	0.00821	0.00225	0.00774	0.00607	0.00396	0.00860
9	0.06985	0.01275	0.01534	0.01192	0.01667	0.01260	0.00982	0.22381	0.05736	0.47147	0.02105	0.01895	0.01378	0.00758	0.00613	0.00192	0.00569	0.00596	0.00701	0.01035
10	0.00900	0.00685	0.00825	0.00880	0.00989	0.00680	0.00614	0.01271	0.11973	0.01819	0.11134	0.45479	0.10778	0.07784	0.00949	0.00265	0.00389	0.01427	0.00582	0.00578
11	0.00823	0.00632	0.00727	0.00743	0.00876	0.00579	0.00524	0.01029	0.03634	0.01806	0.19935	0.20688	0.31517	0.12361	0.01089	0.00272	0.00367	0.01294	0.00576	0.00529
12	0.04823	0.00937	0.01017	0.00922	0.01196	0.00948	0.00713	0.08503	0.16549	0.07658	0.12098	0.10085	0.29633	0.01237	0.00685	0.00208	0.00413	0.01037	0.00613	0.00725
13	0.00830	0.00613	0.00776	0.00782	0.00911	0.00559	0.00569	0.01059	0.01573	0.02156	0.46639	0.22733	0.15526	0.01485	0.00750	0.00212	0.00314	0.01312	0.00644	0.00559
14	0.24449	0.00972	0.01064	0.00903	0.01257	0.00956	0.00726	0.02104	0.03473	0.30251	0.08692	0.04911	0.11499	0.00905	0.00578	0.00195	0.00448	0.00716	0.05108	0.00794
15	0.06205	0.00785	0.00943	0.00863	0.01095	0.00733	0.00654	0.04338	0.01563	0.17474	0.22050	0.17868	0.17312	0.04292	0.00793	0.00224	0.00400	0.01101	0.00630	0.00676
16	0.00843	0.00667	0.00702	0.00682	0.00899	0.00576	0.00515	0.01066	0.03590	0.04171	0.13378	0.05617	0.62119	0.01497	0.00730	0.00208	0.00325	0.01254	0.00598	0.00564
17	0.00906	0.00604	0.00680	0.00680	0.00680	0.00604	0.00378	0.00906	0.00906	0.01208	0.01963	0.04077	0.02265	0.78103	0.03171	0.00604	0.00604	0.00906	0.00378	0.00378
18	0.03276	0.00643	0.00783	0.00786	0.00924	0.00596	0.00570	0.01109	0.01472	0.04152	0.33645	0.21205	0.17229	0.07906	0.00943	0.00248	0.00359	0.02991	0.00607	0.00557
19	0.01530	0.01009	0.01146	0.01027	0.01310	0.01052	0.00797	0.09702	0.22642	0.13233	0.07015	0.12236	0.09582	0.03148	0.00722	0.00216	0.00457	0.03073	0.09300	0.00803
20	0.07117	0.01683	0.01795	0.01383	0.01874	0.01856	0.01142	0.64958	0.02769	0.06963	0.01501	0.01495	0.01058	0.00739	0.00609	0.00188	0.00667	0.00551	0.00616	0.01037
21	0.00854	0.00623	0.00777	0.00862	0.00944	0.00593	0.00591	0.04791	0.01316	0.01736	0.05427	0.60374	0.11747	0.05132	0.00881	0.00258	0.00383	0.01599	0.00575	0.00535
22	0.01485	0.01007	0.01157	0.01038	0.01279	0.01049	0.00784	0.18051	0.10985	0.09534	0.05488	0.17768	0.06137	0.16300	0.01182	0.00292	0.00525	0.04622	0.00580	0.00735
23	0.04727	0.01203	0.01464	0.01171	0.01613	0.01187	0.00951	0.14065	0.14314	0.45847	0.02309	0.04974	0.01603	0.00821	0.00627	0.00197	0.00541	0.00666	0.00705	0.01015
24	0.00826	0.00590	0.00799	0.00944	0.01009	0.00563	0.00694	0.00982	0.01258	0.01665	0.03397	0.58515	0.03976	0.01889	0.00813	0.00262	0.00419	0.20297	0.00577	0.00524
25	0.07528	0.00802	0.00946	0.07185	0.01243	0.00837	0.00668	0.05129	0.04177	0.05349	0.10504	0.13949	0.05400	0.28546	0.01547	0.00349	0.00515	0.00944	0.03806	0.00578
26	0.00881	0.00640	0.00928	0.00954	0.01045	0.00709	0.00718	0.01058	0.01055	0.01487	0.04105	0.14737	0.02174	0.07729	0.52583	0.03973	0.01287	0.03016	0.00390	0.00529
27	0.00878	0.00634	0.00789	0.00766	0.00923	0.00572	0.00568	0.01119	0.01621	0.03849	0.48950	0.13217	0.20989	0.01408	0.00740	0.00206	0.00312	0.01231	0.00651	0.00575
28	0.00891	0.00664	0.00985	0.00985	0.01090	0.00770	0.00758	0.01102	0.00996	0.01434	0.01684	0.02532	0.01594	0.08453	0.71904	0.00981	0.01614	0.00680	0.00336	0.00547
29	0.01770	0.01230	0.01475	0.05996	0.09673	0.06206	0.01073	0.07513	0.14011	0.19139	0.02141	0.02943	0.01816	0.10518	0.00975	0.00259	0.00633	0.11248	0.00545	0.00835
30	0.01748	0.01551	0.01753	0.01707	0.12152	0.10480	0.05442	0.26732	0.07356	0.02604	0.02287	0.06386	0.10859	0.00932	0.00661	0.00199	0.00683	0.05096	0.00512	0.00861
31	0.00913	0.00605	0.00684	0.00682	0.00694	0.00602	0.00390	0.00938	0.00963	0.01311	0.05668	0.04050	0.02429	0.71633	0.02957	0.00568	0.00578	0.00907	0.03033	0.00395
32	0.01292	0.01107	0.01292	0.00923	0.01477	0.00831	0.00738	0.01569	0.01292	0.02030	0.01107	0.01292	0.00923	0.00461	0.00461	0.00092	0.00461	0.00369	0.00369	0.81912
33	0.01472	0.08522	0.37236	0.07952	0.14204	0.10309	0.05592	0.02027	0.03508	0.01880	0.01137	0.01381	0.00868	0.00594	0.00589	0.00188	0.00883	0.00488	0.00292	0.00878
34	0.00782	0.00559	0.00745	0.00867	0.00920	0.00523	0.00594	0.00918	0.01269	0.01707	0.11764	0.66685	0.04311	0.01864	0.00790	0.00247	0.00361	0.03985	0.00591	0.00518
35	0.01669	0.20362	0.24467	0.01591	0.03676	0.11308	0.08247	0.02281	0.11534	0.07116	0.01350	0.01456	0.01024	0.00626	0.00565	0.00180	0.00807	0.00497	0.00366	0.00879
36	0.01406	0.06996	0.54967	0.01581	0.02381	0.01416	0.01920	0.05019	0.01423	0.06424	0.03494	0.01457	0.01018	0.00617	0.00579	0.00184	0.00816	0.00481	0.00331	0.07490
37	0.01731	0.15678	0.31455	0.01554	0.02195	0.06854	0.03535	0.20230	0.01754	0.03878	0.01180	0.01324	0.00884	0.00652	0.00640	0.00185	0.04511	0.00476	0.00374	0.00911
38	0.01250	0.03223	0.74875	0.01776	0.02697	0.01447	0.02302	0.01973	0.01315	0.01973	0.01118	0.01315	0.00789	0.00592	0.00592	0.00197	0.00921	0.00460	0.00263	0.00921
39	0.01433	0.01376	0.02362	0.25138	0.52072	0.01454	0.03478	0.01820	0.01369	0.01905	0.01155	0.01580	0.00940	0.00574	0.00621	0.00192	0.00774	0.00559	0.00299	0.00897
40	0.01628	0.01620	0.03249	0.04682	0.07773	0.01558	0.54529	0.08502	0.01613	0.06453	0.01342	0.01680	0.00991	0.00565	0.00707	0.00205	0.00959	0.00696	0.00369	0.00879
41	0.01223	0.02770	0.01518	0.01327	0.01401	0.05769	0.01071	0.01393	0.01054	0.01508	0.04026	0.01965	0.01334	0.05682	0.27468	0.00528	0.38407	0.00613	0.00317	0.00626
42	0.00813	0.00624	0.00754	0.00813	0.00955	0.00565	0.00617	0.01001	0.01410	0.01808	0.14608	0.25629	0.32080	0.01664	0.00775	0.00234	0.00373	0.14146	0.00593	0.00538
43	0.01507	0.01445	0.02466	0.10730	0.67582	0.01471	0.01895	0.01882	0.01402	0.01993	0.01166	0.01553	0.00972	0.00562	0.00617	0.00187	0.00749	0.00555	0.00305	0.00959
44	0.00778	0.00592	0.00718	0.00792	0.00905	0.00533	0.00565	0.00933	0.01347	0.01739	0.12350	0.41300	0.28184	0.01736	0.00772	0.00234	0.00349	0.05056	0.00590	0.00526
45	0.01292	0.01107	0.01292	0.00923	0.01477	0.00831	0.00738	0.01569	0.01292	0.02030	0.01107	0.01292	0.00923	0.00461	0.00461	0.00092	0.00461	0.00369	0.00369	0.81912
46	0.00963	0.00694	0.01028	0.16771	0.01609	0.00760	0.00829	0.01064	0.01062	0.01417	0.01971	0.21882	0.02122	0.12416	0.12843	0.17841	0.00737	0.03119	0.00385	0.00487
47	0.01775	0.46778	0.02666	0.01296	0.01685	0.20180	0.01151	0.01954	0.01334	0.01486	0.00881	0.01092	0.00803	0.00656	0.00723	0.00164	0.13948	0.00386	0.00281	0.00760
48	0.00756	0.00621	0.00668	0.00694	0.00872	0.00533	0.00515	0.00917	0.01399	0.01709	0.08462	0.17176	0.57576	0.01630	0.00750	0.00219	0.00332	0.04061	0.00583	0.00527
49	0.01314	0.04915	0.56762	0.01807	0.02614	0.04482	0.11179	0.01952	0.01376	0.01972	0.04987	0.01524	0.01081	0.00620	0.00612	0.00196	0.00906	0.00526	0.00295	0.00881
50	0.04242	0.64817	0.10643	0.01200	0.01772	0.02286	0.04259	0.01881	0.01273	0.01585	0.00910	0.01062	0.00801	0.00540	0.00434	0.00145	0.00703	0.00364	0.00272	0.00810
51	0.02795	0.01060	0.01446	0.01109	0.01591	0.00916	0.00916	0.03036	0.01783	0.74648	0.02458	0.02121	0.01542	0.00771	0.00627	0.00193	0.00530	0.00627	0.00771	0.01060
52	0.01540	0.01486	0.02561	0.03791	0.72239	0.01483	0.03864	0.01914	0.01420	0.02034	0.01174	0.01546	0.00986	0.00554	0.00620	0.00186	0.00749	0.00560	0.00309	0.00983
53	0.01696	0.01991	0.07182	0.01926	0.07927	0.25214	0.17980	0.06869	0.01612	0.01922	0.01526	0.06170	0.01406	0.00840	0.00725	0.00204	0.04024	0.09629	0.00380	0.00776
54	0.00759	0.00542	0.00723	0.00868	0.00904	0.00506	0.00578	0.00868	0.01193	0.01591	0.03434	0.77697	0.04121	0.01952	0.00795	0.00253	0.00361	0.01771	0.00578	0.00506
55	0.74743	0.01191	0.00967	0.00848	0.01242	0.01351	0.00698	0.01949	0.01131	0.09792	0.01022	0.01120	0.00759	0.00597	0.00409	0.00193	0.00487	0.00366	0.00423	0.00712
56	0.01233	0.01158	0.01971	0.23039	0.27168	0.01205	0.09116	0.01550	0.01332	0.01776	0.02115	0.06945	0.12755	0.00901	0.00755	0.04407	0.00698	0.00769	0.00358	0.00750
57	0.00844	0.00612	0.00796	0.00799	0.00920	0.00564	0.00581	0.01084	0.01601	0.02228	0.52741	0.23764	0.08208	0.01463	0.00751	0.00211	0.00312	0.01303	0.00653	0.00564
58	0.00759	0.00542	0.00723	0.00868	0.00904	0.00506	0.00578	0.00868	0.01193	0.01591	0.03434	0.77697	0.04121	0.01952	0.00795	0.00253	0.00361	0.01771	0.00578	0.00506
59	0.11798	0.38990	0.08524	0.01184	0.01667	0.11265	0.01119	0.06603	0.01415	0.04299	0.01060	0.01230	0.00887	0.00912	0.06491	0.00225	0.00800	0.00405	0.00334	0.00791
60	0.01303	0.01205	0.01979	0.60362	0.15806	0.01430	0.01731	0.05516	0.01367	0.01794	0.01139	0.01632	0.00869	0.00618	0.00622	0.00203	0.00808	0.00554	0.00301	0.00761
61	0.00909	0.00696	0.01038	0.01027	0.01134	0.00824	0.00802	0.01128	0.00999	0.01449	0.01635	0.02404	0.01528	0.04529	0.72676	0.00972	0.04696	0.00663	0.00331	0.00561
62	0.01542	0.01480	0.02529	0.03824	0.74217	0.01480	0.01912	0.01912	0.01419	0.02036	0.01172	0.01542	0.00987	0.00555	0.00617	0.00185	0.00740	0.00555	0.00308	0.00987
63	0.01652	0.58975	0.13276	0.01258	0.01847	0.02245	0.04151	0.07148	0.01406	0.01743	0.00965	0.01109	0.00824	0.00557	0.00457	0.00149	0.00719	0.00385	0.00295	0.00838
64	0.01243	0.06743	0.05107	0.15422	0.20155	0.01234	0.06792	0.03335	0.01366	0.01836	0.01933	0.19261	0.01974	0.01034	0.00682	0.00216	0.00675	0.09843	0.00401	0.00747
65	0.01024	0.00869	0.01166	0.01116	0.01214	0.03961	0.00875	0.01223	0.01021	0.01450	0.01515	0.02276	0.01433	0.06404	0.58467	0.00838	0.13601	0.00645	0.00325	0.00577
66	0.00928	0.00703	0.00927	0.00924	0.01008	0.02477	0.00674	0.01086	0.00992	0.01380	0.01736	0.02882	0.01742	0.25554	0.53181	0.00868	0.01352	0.00729	0.00346	0.00509
67	0.00976	0.00758	0.00883	0.00873	0.00947	0.03636	0.00605	0.01134	0.03150	0.01476	0.07309	0.08184	0.04186	0.37282	0.21752	0.00603	0.03091	0.02247	0.00412	0.00496
68	0.01377	0.02516	0.43077	0.02031	0.02814	0.01486	0.27247	0.04836	0.01436	0.02064	0.01184	0.01453	0.00862	0.00569	0.00639	0.00197	0.00938	0.00559	0.00301	0.04413
69	0.00882	0.00637	0.00833	0.00784	0.00931	0.00588	0.00588	0.01176	0.01764	0.02499	0.73888	0.04654	0.05879	0.01274	0.00735	0.00196	0.00294	0.01127	0.00686	0.00588
70	0.00846	0.00604	0.00823	0.00967	0.01041	0.00581	0.00730	0.01018	0.01279	0.01688	0.03386	0.52569	0.03931	0.01870	0.00818	0.00265	0.00437	0.26039	0.00577	0.00530
71	0.06331	0.00887	0.01078	0.00972	0.01224	0.00867	0.00744	0.03340	0.08336	0.25281	0.04435	0.11668	0.04440	0.18398	0.01235	0.00305	0.00517	0.08617	0.00593	0.00733
72	0.65580	0.01154	0.01000	0.00871	0.01260	0.01280	0.00713	0.02001	0.01190	0.15128	0.01242	0.04197	0.00959	0.00665	0.00443	0.00195	0.00486	0.00443	0.00460	0.00735

[dist]
# distance from previous block
# <min> <max>
0	18

[block]
# block no. 1 follows, 36 sequences, length 168
# corresponding to MSA columns:
# 428-512,515-533,535,541-569,571-604
name=unknown_B
#
# <colnr> <probs for GDERKNQSTAVLIFYWHMCP>
#	G	D	E	R	K	N	Q	S	T	A	V	L	I	F	Y	W	H	M	C	P
0	0.00806	0.00612	0.00755	0.00885	0.00932	0.02549	0.00596	0.00923	0.01229	0.01622	0.05954	0.72935	0.04095	0.01892	0.00787	0.00248	0.00380	0.01710	0.00575	0.00515
1	0.01449	0.01642	0.03572	0.02558	0.03171	0.01539	0.69333	0.01966	0.01481	0.02014	0.03928	0.01790	0.01127	0.00553	0.00735	0.00210	0.01023	0.00750	0.00329	0.00831
2	0.01550	0.01338	0.01409	0.01268	0.01620	0.01550	0.00986	0.03311	0.73091	0.02606	0.02536	0.02325	0.01902	0.00845	0.00634	0.00211	0.00493	0.00704	0.00634	0.00986
3	0.00906	0.00604	0.00680	0.00680	0.00680	0.00604	0.00378	0.00906	0.00906	0.01208	0.01963	0.04077	0.02265	0.78103	0.03171	0.00604	0.00604	0.00906	0.00378	0.00378
4	0.02795	0.01060	0.01446	0.01109	0.01591	0.00916	0.00916	0.03036	0.01783	0.74648	0.02458	0.02121	0.01542	0.00771	0.00627	0.00193	0.00530	0.00627	0.00771	0.01060
5	0.00736	0.00631	0.00631	0.00631	0.00842	0.00526	0.00473	0.00894	0.01420	0.01683	0.06312	0.05996	0.73964	0.01578	0.00736	0.00210	0.00316	0.01315	0.00579	0.00526
6	0.01292	0.01107	0.01292	0.00923	0.01477	0.00831	0.00738	0.01569	0.01292	0.02030	0.01107	0.01292	0.00923	0.00461	0.00461	0.00092	0.00461	0.00369	0.00369	0.81912
7	0.82504	0.01205	0.00916	0.00819	0.01205	0.01398	0.00675	0.01832	0.01060	0.02795	0.00868	0.01012	0.00675	0.00578	0.00386	0.00193	0.00482	0.00337	0.00386	0.00675
8	0.02368	0.01745	0.01870	0.01434	0.01932	0.01932	0.01184	0.72139	0.02929	0.03927	0.01496	0.01496	0.01060	0.00748	0.00623	0.00187	0.00686	0.00561	0.00623	0.01060
9	0.00746	0.00595	0.00669	0.00728	0.00867	0.00518	0.00516	0.00883	0.01327	0.01645	0.05138	0.35240	0.45478	0.01731	0.00760	0.00228	0.00334	0.01501	0.00578	0.00518
10	0.01238	0.00863	0.00949	0.00851	0.00964	0.00905	0.00560	0.17057	0.01365	0.01825	0.01857	0.03492	0.01992	0.60564	0.02594	0.00509	0.00623	0.00828	0.00433	0.00532
11	0.00767	0.00548	0.00732	0.00877	0.00917	0.00513	0.00592	0.00882	0.01201	0.01600	0.03430	0.75359	0.04103	0.01944	0.00797	0.00254	0.00369	0.04029	0.00578	0.00508
12	0.02341	0.01732	0.01855	0.01428	0.01922	0.01920	0.01178	0.69862	0.05250	0.03883	0.01530	0.01523	0.01087	0.00751	0.00624	0.00188	0.00679	0.00566	0.00624	0.01057
13	0.00736	0.00631	0.00631	0.00631	0.00842	0.00526	0.00473	0.00894	0.01420	0.01683	0.06312	0.05996	0.73964	0.01578	0.00736	0.00210	0.00316	0.01315	0.00579	0.00526
14	0.00759	0.00542	0.00723	0.00868	0.00904	0.00506	0.00578	0.00868	0.01193	0.01591	0.03434	0.77697	0.04121	0.01952	0.00795	0.00253	0.00361	0.01771	0.00578	0.00506
15	0.01994	0.01428	0.01569	0.01276	0.01662	0.01551	0.01022	0.52463	0.02469	0.05463	0.01965	0.18270	0.01761	0.01012	0.00656	0.00200	0.00599	0.00829	0.02885	0.00925
16	0.82504	0.01205	0.00916	0.00819	0.01205	0.01398	0.00675	0.01832	0.01060	0.02795	0.00868	0.01012	0.00675	0.00578	0.00386	0.00193	0.00482	0.00337	0.00386	0.00675
17	0.00906	0.00604	0.00680	0.00680	0.00680	0.00604	0.00378	0.00906	0.00906	0.01208	0.01963	0.04077	0.02265	0.78103	0.03171	0.00604	0.00604	0.00906	0.00378	0.00378
18	0.00759	0.00542	0.00723	0.00868	0.00904	0.00506	0.00578	0.00868	0.01193	0.01591	0.03434	0.77697	0.04121	0.01952	0.00795	0.00253	0.00361	0.01771	0.00578	0.00506
19	0.00902	0.00621	0.00765	0.00765	0.00795	0.00651	0.00484	0.00961	0.00931	0.01272	0.01885	0.03643	0.02077	0.58549	0.22468	0.00710	0.00888	0.00843	0.00366	0.00425
20	0.01419	0.01310	0.01581	0.07914	0.13061	0.06180	0.01049	0.03417	0.01381	0.02005	0.01117	0.01356	0.00920	0.00509	0.00510	0.00124	0.00588	0.00421	0.00355	0.54785
21	0.00906	0.00604	0.00680	0.00680	0.00680	0.00604	0.00378	0.00906	0.00906	0.01208	0.01963	0.04077	0.02265	0.78103	0.03171	0.00604	0.00604	0.00906	0.00378	0.00378
22	0.01238	0.01043	0.01239	0.00937	0.01410	0.00842	0.00740	0.01551	0.03772	0.01950	0.01257	0.01566	0.01082	0.03544	0.10076	0.00228	0.00620	0.00436	0.00374	0.66096
23	0.00776	0.00590	0.00707	0.00766	0.00879	0.00529	0.00537	0.00927	0.01354	0.01755	0.15676	0.38602	0.28605	0.04277	0.00845	0.00241	0.00343	0.01480	0.00589	0.00522
24	0.02795	0.01060	0.01446	0.01109	0.01591	0.00916	0.00916	0.03036	0.01783	0.74648	0.02458	0.02121	0.01542	0.00771	0.00627	0.00193	0.00530	0.00627	0.00771	0.01060
25	0.00758	0.00545	0.00720	0.00861	0.00902	0.00507	0.00575	0.00868	0.01200	0.01593	0.03519	0.75573	0.06189	0.01941	0.00794	0.00252	0.00360	0.01758	0.00578	0.00507
26	0.04089	0.00791	0.00904	0.00892	0.01052	0.00809	0.00641	0.01577	0.15637	0.05850	0.09074	0.22607	0.09503	0.17822	0.01231	0.00304	0.00449	0.03425	0.02720	0.00624
27	0.00759	0.00542	0.00723	0.00868	0.00904	0.00506	0.00578	0.00868	0.01193	0.01591	0.03434	0.77697	0.04121	0.01952	0.00795	0.00253	0.00361	0.01771	0.00578	0.00506
28	0.00856	0.00636	0.00797	0.00757	0.00915	0.00577	0.00567	0.01125	0.01702	0.02353	0.61786	0.04894	0.18072	0.01328	0.00735	0.00199	0.00298	0.01160	0.00667	0.00577
29	0.01161	0.00581	0.00581	0.00581	0.00726	0.00581	0.00436	0.01452	0.01307	0.02323	0.02033	0.02323	0.01597	0.00726	0.00436	0.00145	0.00290	0.00581	0.81562	0.00581
30	0.01295	0.00969	0.01045	0.00949	0.01125	0.01057	0.00667	0.10307	0.23578	0.02025	0.02088	0.03136	0.01974	0.41038	0.01944	0.00410	0.00564	0.00786	0.04383	0.00659
31	0.01161	0.00581	0.00581	0.00581	0.00726	0.00581	0.00436	0.01452	0.01307	0.02323	0.02033	0.02323	0.01597	0.00726	0.00436	0.00145	0.00290	0.00581	0.81562	0.00581
32	0.02386	0.01717	0.01853	0.01420	0.01918	0.01891	0.01173	0.69341	0.02883	0.06791	0.01535	0.01521	0.01079	0.00749	0.00623	0.00187	0.00679	0.00564	0.00629	0.01060
33	0.02603	0.01081	0.01435	0.01133	0.01588	0.00977	0.00937	0.06249	0.04703	0.63392	0.02472	0.02432	0.01672	0.00838	0.00643	0.00200	0.00539	0.05338	0.00745	0.01024
34	0.00998	0.00811	0.00909	0.00902	0.01096	0.00824	0.00666	0.01623	0.22035	0.02039	0.14064	0.24653	0.24122	0.01428	0.00723	0.00220	0.00376	0.01239	0.00610	0.00662
35	0.82504	0.01205	0.00916	0.00819	0.01205	0.01398	0.00675	0.01832	0.01060	0.02795	0.00868	0.01012	0.00675	0.00578	0.00386	0.00193	0.00482	0.00337	0.00386	0.00675
36	0.02795	0.01060	0.01446	0.01109	0.01591	0.00916	0.00916	0.03036	0.01783	0.74648	0.02458	0.02121	0.01542	0.00771	0.00627	0.00193	0.00530	0.00627	0.00771	0.01060
37	0.01982	0.01524	0.01631	0.01342	0.01768	0.01712	0.01079	0.36234	0.37192	0.05591	0.02036	0.01921	0.01487	0.00796	0.00629	0.00199	0.00586	0.00633	0.00633	0.01024
38	0.00778	0.00550	0.00717	0.00843	0.00875	0.00519	0.00553	0.00872	0.01156	0.01542	0.03246	0.68263	0.03883	0.11710	0.01100	0.00298	0.00393	0.01660	0.00553	0.00490
39	0.01161	0.00581	0.00581	0.00581	0.00726	0.00581	0.00436	0.01452	0.01307	0.02323	0.02033	0.02323	0.01597	0.00726	0.00436	0.00145	0.00290	0.00581	0.81562	0.00581
40	0.00894	0.00653	0.00929	0.00929	0.01016	0.00740	0.00689	0.01066	0.00980	0.01393	0.01735	0.02813	0.01716	0.21134	0.59390	0.00912	0.01430	0.00721	0.00344	0.00516
41	0.00939	0.00675	0.00828	0.00900	0.00986	0.00676	0.00623	0.04519	0.06662	0.01772	0.03032	0.53808	0.03459	0.11079	0.01054	0.00287	0.00421	0.03883	0.03840	0.00558
42	0.00761	0.00554	0.00718	0.00843	0.00899	0.00511	0.00569	0.00880	0.01233	0.01629	0.06034	0.68563	0.10722	0.01895	0.00788	0.00247	0.00355	0.01707	0.00582	0.00511
43	0.02342	0.01732	0.01855	0.01428	0.01922	0.01920	0.01178	0.69925	0.05187	0.03884	0.01529	0.01523	0.01087	0.00751	0.00624	0.00188	0.00679	0.00566	0.00624	0.01057
44	0.01778	0.01681	0.01926	0.01559	0.01918	0.16274	0.14372	0.24947	0.01893	0.02387	0.01584	0.10444	0.01439	0.05884	0.05992	0.00278	0.03668	0.00729	0.00452	0.00797
45	0.00781	0.00556	0.00725	0.00852	0.00893	0.00523	0.00570	0.00886	0.01179	0.01564	0.03364	0.66260	0.05819	0.09398	0.01029	0.00287	0.00391	0.03870	0.00559	0.00496
46	0.01085	0.00654	0.00855	0.00855	0.01005	0.00593	0.00621	0.01278	0.01485	0.12162	0.27263	0.37029	0.09646	0.01529	0.00747	0.00222	0.00359	0.01359	0.00642	0.00613
47	0.80212	0.01201	0.00931	0.00828	0.01216	0.01384	0.00682	0.01866	0.01081	0.04862	0.00913	0.01044	0.00700	0.00584	0.00393	0.00193	0.00483	0.00346	0.00397	0.00686
48	0.01263	0.01191	0.01994	0.59405	0.18778	0.01409	0.01748	0.01705	0.03233	0.01712	0.01160	0.01654	0.00892	0.00615	0.00622	0.00203	0.00803	0.00558	0.00293	0.00762
49	0.01257	0.01183	0.01968	0.57456	0.18214	0.01371	0.01708	0.01655	0.01283	0.01707	0.01120	0.01615	0.00868	0.00600	0.00612	0.00196	0.00790	0.00543	0.00289	0.05564
50	0.00772	0.00555	0.00732	0.00851	0.00905	0.00516	0.00576	0.00902	0.01262	0.01692	0.11187	0.67471	0.06536	0.01866	0.00787	0.00245	0.00353	0.01687	0.00590	0.00516
51	0.00813	0.00617	0.00749	0.00752	0.00898	0.00553	0.00550	0.01030	0.01550	0.02074	0.39573	0.18702	0.26882	0.01496	0.00747	0.00211	0.00313	0.01306	0.00632	0.00553
52	0.01123	0.01031	0.04008	0.18475	0.13981	0.01071	0.04099	0.01377	0.01154	0.01588	0.01552	0.06933	0.01498	0.11574	0.18304	0.05071	0.03627	0.02557	0.00335	0.00645
53	0.01374	0.01301	0.02099	0.04428	0.45378	0.01422	0.01581	0.01669	0.01271	0.01828	0.01430	0.01856	0.04784	0.01243	0.10553	0.00309	0.15705	0.00607	0.00318	0.00842
54	0.00894	0.00652	0.00922	0.00922	0.01006	0.00736	0.00680	0.01062	0.00978	0.01388	0.01742	0.02850	0.01732	0.22809	0.57737	0.00903	0.01406	0.00726	0.00345	0.00512
55	0.00952	0.00589	0.00715	0.00719	0.00729	0.00591	0.00433	0.00912	0.00912	0.01243	0.01802	0.05587	0.02006	0.53662	0.04759	0.18907	0.00598	0.00829	0.03686	0.00370
56	0.01298	0.01127	0.01372	0.00980	0.01536	0.00856	0.03136	0.01583	0.01298	0.02029	0.01113	0.01305	0.00924	0.00464	0.00471	0.00096	0.00481	0.00381	0.00367	0.79183
57	0.01441	0.08955	0.40412	0.02184	0.19974	0.04557	0.04166	0.02014	0.03445	0.03542	0.02881	0.01473	0.01011	0.00605	0.00590	0.00188	0.00832	0.00505	0.00310	0.00913
58	0.01414	0.01350	0.02298	0.29237	0.49801	0.01447	0.01849	0.01800	0.01358	0.01881	0.01149	0.01584	0.00932	0.00579	0.00619	0.00193	0.00772	0.00555	0.00297	0.00884
59	0.02328	0.01032	0.01329	0.01066	0.01486	0.00944	0.00865	0.02764	0.11118	0.54143	0.07133	0.02655	0.08487	0.00885	0.00644	0.00197	0.00491	0.00730	0.00730	0.00973
60	0.01852	0.06675	0.10079	0.10918	0.13695	0.14007	0.03926	0.13818	0.01721	0.10501	0.01489	0.01650	0.03654	0.00687	0.00638	0.00187	0.02661	0.00548	0.00414	0.00879
61	0.01392	0.05283	0.26678	0.04928	0.11464	0.01506	0.24179	0.04386	0.03256	0.02022	0.02938	0.04699	0.01155	0.00660	0.00683	0.00202	0.02734	0.00638	0.00331	0.00866
62	0.01056	0.00558	0.00837	0.00837	0.00852	0.00573	0.00573	0.00852	0.00837	0.01131	0.01161	0.01969	0.01146	0.02502	0.12297	0.70976	0.00693	0.00558	0.00279	0.00309
63	0.02464	0.01408	0.01639	0.01277	0.01752	0.01456	0.01048	0.35180	0.09930	0.34089	0.02019	0.01852	0.01356	0.00768	0.00626	0.00192	0.00598	0.00604	0.00688	0.01052
64	0.01626	0.06275	0.06850	0.03966	0.23907	0.01289	0.06499	0.01989	0.03513	0.16582	0.06709	0.08816	0.03263	0.00834	0.00719	0.00200	0.04904	0.00731	0.00459	0.00870
65	0.01530	0.01322	0.04182	0.01650	0.06696	0.01397	0.09998	0.02338	0.25716	0.09377	0.02081	0.02789	0.01761	0.00961	0.00913	0.00230	0.13133	0.12570	0.00504	0.00853
66	0.00876	0.00637	0.00825	0.00778	0.00927	0.00585	0.00583	0.01164	0.01750	0.02466	0.71151	0.04708	0.08636	0.01286	0.00735	0.00197	0.00295	0.01134	0.00682	0.00585
67	0.01631	0.16018	0.18763	0.03857	0.11472	0.11048	0.07758	0.03672	0.09750	0.05338	0.01490	0.01628	0.03587	0.00654	0.00582	0.00182	0.00792	0.00537	0.00368	0.00872
68	0.01540	0.01696	0.09826	0.09543	0.55787	0.04485	0.01885	0.04175	0.01456	0.02032	0.01163	0.01510	0.00948	0.00574	0.00613	0.00187	0.00780	0.00539	0.00312	0.00947
69	0.01334	0.01330	0.01947	0.01648	0.01694	0.01803	0.05568	0.01500	0.00989	0.01525	0.00909	0.01464	0.00881	0.01326	0.07501	0.00324	0.66731	0.00566	0.00280	0.00682
70	0.01415	0.01375	0.02148	0.44153	0.24239	0.05456	0.05380	0.05029	0.01414	0.01846	0.01144	0.01591	0.00891	0.00605	0.00624	0.00198	0.00825	0.00556	0.00306	0.00804
71	0.09082	0.51005	0.08463	0.01181	0.01677	0.07560	0.01150	0.01966	0.03201	0.03715	0.00980	0.01124	0.00839	0.00598	0.00537	0.00158	0.05282	0.00380	0.00305	0.00797
72	0.02148	0.14725	0.02034	0.01495	0.01851	0.46211	0.01192	0.13236	0.01801	0.01890	0.01019	0.01182	0.00844	0.00679	0.00669	0.00170	0.07288	0.00427	0.00356	0.00784
73	0.00768	0.00569	0.00721	0.00838	0.00913	0.00522	0.00582	0.00896	0.01250	0.01624	0.03980	0.59962	0.17524	0.01867	0.00788	0.00247	0.00365	0.05493	0.00578	0.00514
74	0.00826	0.00570	0.00703	0.00782	0.00802	0.00551	0.00487	0.00885	0.01062	0.01416	0.02764	0.44170	0.03276	0.36631	0.01877	0.00413	0.00472	0.01377	0.00487	0.00448
75	0.02334	0.02784	0.01781	0.01579	0.01927	0.64415	0.01201	0.13064	0.01942	0.01890	0.01044	0.01180	0.00842	0.00658	0.00571	0.00165	0.01057	0.00426	0.00367	0.00774
76	0.00890	0.00668	0.01001	0.01001	0.01113	0.00779	0.00779	0.01113	0.01001	0.01446	0.01669	0.02448	0.01558	0.04673	0.75634	0.01001	0.01669	0.00668	0.00334	0.00556
77	0.00935	0.00692	0.00907	0.01005	0.01164	0.00665	0.00855	0.01193	0.01454	0.01867	0.08808	0.06631	0.19800	0.01658	0.00824	0.00263	0.00496	0.49640	0.00582	0.00564
78	0.00762	0.00579	0.00703	0.00785	0.00886	0.00519	0.00546	0.00902	0.01314	0.01698	0.10374	0.48630	0.26502	0.01775	0.00771	0.00235	0.00341	0.01571	0.00588	0.00519
79	0.00906	0.00604	0.00680	0.00680	0.00680	0.00604	0.00378	0.00906	0.00906	0.01208	0.01963	0.04077	0.02265	0.78103	0.03171	0.00604	0.00604	0.00906	0.00378	0.00378
80	0.00769	0.00550	0.00732	0.00861	0.00906	0.00513	0.00579	0.00893	0.01239	0.01665	0.09176	0.71744	0.04264	0.01897	0.00790	0.00248	0.00356	0.01719	0.00587	0.00513
81	0.01177	0.01107	0.01869	0.76606	0.04291	0.01384	0.01730	0.01592	0.01246	0.01592	0.01107	0.01661	0.00831	0.00623	0.00623	0.00208	0.00831	0.00554	0.00277	0.00692
82	0.00898	0.00672	0.00856	0.00909	0.01072	0.00630	0.00748	0.01150	0.01516	0.01978	0.22417	0.06126	0.23799	0.01565	0.00793	0.00242	0.00429	0.33029	0.00604	0.00564
83	0.01583	0.01355	0.01428	0.01275	0.01633	0.01565	0.00994	0.06098	0.70250	0.02660	0.02494	0.02291	0.01868	0.00841	0.00634	0.00210	0.00501	0.00699	0.00634	0.00989
84	0.01292	0.01107	0.01292	0.00923	0.01477	0.00831	0.00738	0.01569	0.01292	0.02030	0.01107	0.01292	0.00923	0.00461	0.00461	0.00092	0.00461	0.00369	0.00369	0.81912
85	0.00837	0.00595	0.00680	0.00715	0.00766	0.00565	0.00445	0.00894	0.01078	0.01395	0.03183	0.22205	0.16986	0.44514	0.02114	0.00441	0.00488	0.01196	0.00466	0.00438
86	0.00758	0.00546	0.00719	0.00858	0.00901	0.00507	0.00574	0.00869	0.01202	0.01594	0.03552	0.74757	0.06984	0.01937	0.00793	0.00251	0.00360	0.01753	0.00578	0.00507
87	0.01292	0.01107	0.01292	0.00923	0.01477	0.00831	0.00738	0.01569	0.01292	0.02030	0.01107	0.01292	0.00923	0.00461	0.00461	0.00092	0.00461	0.00369	0.00369	0.81912
88	0.02327	0.02970	0.01766	0.01605	0.01926	0.75602	0.01204	0.02488	0.01766	0.01525	0.00963	0.01124	0.00803	0.00642	0.00562	0.00161	0.01124	0.00401	0.00321	0.00722
89	0.01082	0.00541	0.00812	0.00812	0.00812	0.00541	0.00541	0.00812	0.00812	0.01082	0.01082	0.01894	0.01082	0.02165	0.02435	0.81872	0.00541	0.00541	0.00271	0.00271
90	0.00906	0.00604	0.00680	0.00680	0.00680	0.00604	0.00378	0.00906	0.00906	0.01208	0.01963	0.04077	0.02265	0.78103	0.03171	0.00604	0.00604	0.00906	0.00378	0.00378
91	0.00736	0.00631	0.00631	0.00631	0.00842	0.00526	0.00473	0.00894	0.01420	0.01683	0.06312	0.05996	0.73964	0.01578	0.00736	0.00210	0.00316	0.01315	0.00579	0.00526
92	0.02327	0.02970	0.01766	0.01605	0.01926	0.75602	0.01204	0.02488	0.01766	0.01525	0.00963	0.01124	0.00803	0.00642	0.00562	0.00161	0.01124	0.00401	0.00321	0.00722
93	0.00771	0.00581	0.00718	0.00821	0.00916	0.00528	0.00581	0.00908	0.01277	0.01638	0.04252	0.51635	0.24183	0.01827	0.00783	0.00243	0.00365	0.06878	0.00578	0.00517
94	0.02029	0.01041	0.01301	0.01073	0.01443	0.01010	0.00859	0.05931	0.16406	0.37996	0.20779	0.02783	0.02707	0.00914	0.00656	0.00197	0.00469	0.00768	0.00714	0.00924
95	0.02632	0.01323	0.01608	0.01233	0.01721	0.01305	0.01019	0.29503	0.02222	0.47562	0.02090	0.01881	0.01357	0.00762	0.00625	0.00191	0.00590	0.00601	0.00715	0.01060
96	0.01292	0.01107	0.01292	0.00923	0.01477	0.00831	0.00738	0.01569	0.01292	0.02030	0.01107	0.01292	0.00923	0.00461	0.00461	0.00092	0.00461	0.00369	0.00369	0.81912
97	0.00883	0.00631	0.00816	0.00777	0.00921	0.00583	0.00580	0.01167	0.01719	0.02440	0.67300	0.07289	0.07263	0.01287	0.00727	0.00197	0.00297	0.01136	0.03402	0.00583
98	0.00756	0.00632	0.00658	0.00651	0.00853	0.00534	0.00488	0.00931	0.01465	0.01791	0.15230	0.05819	0.64978	0.01538	0.00736	0.00208	0.00313	0.01290	0.00593	0.00534
99	0.59302	0.15940	0.01443	0.00944	0.01351	0.08976	0.00801	0.01903	0.01169	0.02419	0.00877	0.01021	0.00711	0.00576	0.00406	0.00178	0.00580	0.00343	0.00357	0.00703
100	0.00882	0.00637	0.00833	0.00784	0.00931	0.00588	0.00588	0.01176	0.01764	0.02499	0.73888	0.04654	0.05879	0.01274	0.00735	0.00196	0.00294	0.01127	0.00686	0.00588
101	0.01292	0.01107	0.01292	0.00923	0.01477	0.00831	0.00738	0.01569	0.01292	0.02030	0.01107	0.01292	0.00923	0.00461	0.00461	0.00092	0.00461	0.00369	0.00369	0.81912
102	0.00787	0.00582	0.00739	0.00837	0.00926	0.00535	0.00594	0.00938	0.01313	0.01722	0.11159	0.51179	0.17328	0.01794	0.00783	0.00242	0.00363	0.07065	0.00589	0.00524
103	0.04052	0.00855	0.01105	0.01125	0.05268	0.00907	0.00800	0.03722	0.04968	0.06872	0.12168	0.08679	0.08517	0.13115	0.11244	0.03083	0.06397	0.06000	0.00492	0.00631
104	0.01283	0.01100	0.01267	0.00933	0.01455	0.00868	0.00743	0.01662	0.06547	0.02055	0.01473	0.01603	0.04658	0.00545	0.00488	0.00107	0.00456	0.00441	0.00399	0.71914
105	0.00906	0.00604	0.00680	0.00680	0.00680	0.00604	0.00378	0.00906	0.00906	0.01208	0.01963	0.04077	0.02265	0.78103	0.03171	0.00604	0.00604	0.00906	0.00378	0.00378
106	0.01854	0.00908	0.01175	0.01009	0.01293	0.00875	0.00787	0.04054	0.10808	0.31661	0.08011	0.02577	0.03592	0.01232	0.01103	0.21006	0.00502	0.03513	0.03275	0.00763
107	0.00793	0.00575	0.00718	0.00798	0.00866	0.00533	0.00536	0.00914	0.01250	0.01657	0.12178	0.48386	0.13379	0.13046	0.01130	0.00292	0.00383	0.01504	0.00562	0.00500
108	0.82504	0.01205	0.00916	0.00819	0.01205	0.01398	0.00675	0.01832	0.01060	0.02795	0.00868	0.01012	0.00675	0.00578	0.00386	0.00193	0.00482	0.00337	0.00386	0.00675
109	0.01550	0.01338	0.01409	0.01268	0.01620	0.01550	0.00986	0.03311	0.73091	0.02606	0.02536	0.02325	0.01902	0.00845	0.00634	0.00211	0.00493	0.00704	0.00634	0.00986
110	0.00900	0.00602	0.00681	0.00687	0.00689	0.00600	0.00386	0.00904	0.00918	0.01224	0.02023	0.07096	0.02341	0.74981	0.03074	0.00590	0.00594	0.00942	0.00386	0.00383
111	0.00972	0.00621	0.00715	0.00725	0.00840	0.00577	0.00495	0.01105	0.01250	0.05738	0.07534	0.20239	0.20526	0.23044	0.01387	0.00320	0.00414	0.01147	0.11830	0.00521
112	0.82504	0.01205	0.00916	0.00819	0.01205	0.01398	0.00675	0.01832	0.01060	0.02795	0.00868	0.01012	0.00675	0.00578	0.00386	0.00193	0.00482	0.00337	0.00386	0.00675
113	0.00882	0.00637	0.00833	0.00784	0.00931	0.00588	0.00588	0.01176	0.01764	0.02499	0.73888	0.04654	0.05879	0.01274	0.00735	0.00196	0.00294	0.01127	0.00686	0.00588
114	0.08243	0.01061	0.01397	0.01090	0.01555	0.00943	0.00902	0.02904	0.01724	0.67624	0.02372	0.02184	0.01541	0.00785	0.00617	0.00195	0.00528	0.02579	0.00739	0.01020
115	0.01292	0.01107	0.01292	0.00923	0.01477	0.00831	0.00738	0.01569	0.01292	0.02030	0.01107	0.01292	0.00923	0.00461	0.00461	0.00092	0.00461	0.00369	0.00369	0.81912
116	0.01354	0.01105	0.01298	0.00930	0.01481	0.00834	0.00746	0.01629	0.01312	0.05007	0.01163	0.01326	0.00948	0.00474	0.00468	0.00096	0.00464	0.00380	0.00386	0.78597
117	0.02368	0.01745	0.01870	0.01434	0.01932	0.01932	0.01184	0.72139	0.02929	0.03927	0.01496	0.01496	0.01060	0.00748	0.00623	0.00187	0.00686	0.00561	0.00623	0.01060
118	0.00904	0.00613	0.00707	0.00708	0.00733	0.00605	0.00426	0.00948	0.01025	0.01374	0.09239	0.04301	0.04421	0.65547	0.02777	0.00541	0.00565	0.03737	0.00421	0.00410
119	0.00824	0.00619	0.00763	0.00760	0.00904	0.00558	0.00557	0.01050	0.01577	0.02133	0.44433	0.17843	0.22759	0.01470	0.00746	0.00210	0.00311	0.01288	0.00640	0.00558
120	0.02795	0.01060	0.01446	0.01109	0.01591	0.00916	0.00916	0.03036	0.01783	0.74648	0.02458	0.02121	0.01542	0.00771	0.00627	0.00193	0.00530	0.00627	0.00771	0.01060
121	0.00736	0.00631	0.00631	0.00631	0.00842	0.00526	0.00473	0.00894	0.01420	0.01683	0.06312	0.05996	0.73964	0.01578	0.00736	0.00210	0.00316	0.01315	0.00579	0.00526
122	0.01458	0.01767	0.07651	0.02579	0.03225	0.01568	0.68066	0.01995	0.01462	0.01995	0.01253	0.01660	0.00937	0.00529	0.00727	0.00209	0.01043	0.00720	0.00312	0.00845
123	0.08094	0.01095	0.01407	0.01103	0.01567	0.01006	0.00906	0.02979	0.08153	0.63286	0.02357	0.02064	0.01516	0.00765	0.00611	0.00194	0.00524	0.00614	0.00733	0.01027
124	0.82504	0.01205	0.00916	0.00819	0.01205	0.01398	0.00675	0.01832	0.01060	0.02795	0.00868	0.01012	0.00675	0.00578	0.00386	0.00193	0.00482	0.00337	0.00386	0.00675
125	0.01493	0.01559	0.03002	0.05535	0.28061	0.01533	0.38391	0.02072	0.07992	0.02051	0.01341	0.01690	0.01043	0.00568	0.00680	0.00201	0.00883	0.00663	0.00341	0.00900
126	0.01550	0.01338	0.01409	0.01268	0.01620	0.01550	0.00986	0.03311	0.73091	0.02606	0.02536	0.02325	0.01902	0.00845	0.00634	0.00211	0.00493	0.00704	0.00634	0.00986
127	0.00759	0.00542	0.00723	0.00868	0.00904	0.00506	0.00578	0.00868	0.01193	0.01591	0.03434	0.77697	0.04121	0.01952	0.00795	0.00253	0.00361	0.01771	0.00578	0.00506
128	0.01504	0.01648	0.02261	0.01826	0.02071	0.14681	0.20845	0.01763	0.01247	0.01635	0.01072	0.01544	0.00943	0.01301	0.10596	0.00326	0.33131	0.00588	0.00301	0.00717
129	0.01592	0.04394	0.05192	0.04662	0.34563	0.06730	0.19410	0.04404	0.08906	0.02077	0.01317	0.01603	0.01043	0.00592	0.00637	0.00192	0.00824	0.00594	0.00351	0.00917
130	0.00850	0.00611	0.00824	0.00964	0.01046	0.00585	0.00733	0.01026	0.01291	0.01696	0.03485	0.48838	0.06382	0.01853	0.00818	0.00264	0.00439	0.27188	0.00577	0.00532
131	0.01801	0.01463	0.01550	0.01319	0.01716	0.01667	0.01047	0.24416	0.51576	0.03011	0.02217	0.02070	0.01644	0.00815	0.00631	0.00204	0.00552	0.00660	0.00631	0.01009
132	0.05251	0.01689	0.01778	0.01378	0.01863	0.04768	0.01133	0.58102	0.02671	0.12727	0.01574	0.01543	0.01097	0.00741	0.00613	0.00187	0.00677	0.00555	0.00621	0.01032
133	0.02170	0.01783	0.06613	0.01423	0.01915	0.04383	0.01222	0.52818	0.10151	0.05836	0.01661	0.01783	0.01231	0.00781	0.00629	0.00193	0.00687	0.03117	0.00593	0.01013
134	0.12679	0.10319	0.06922	0.03458	0.04854	0.01812	0.01208	0.39917	0.06374	0.04574	0.01373	0.01432	0.01011	0.00686	0.00565	0.00184	0.00665	0.00508	0.00508	0.00953
135	0.07416	0.46020	0.06148	0.01125	0.01618	0.02022	0.01071	0.12891	0.03443	0.04060	0.01325	0.01572	0.03086	0.03262	0.00572	0.00175	0.00646	0.02351	0.00376	0.00822
136	0.07481	0.01168	0.01464	0.01212	0.03627	0.01125	0.00957	0.07346	0.12937	0.52432	0.02275	0.02028	0.01499	0.00763	0.00612	0.00195	0.00537	0.00615	0.00704	0.01023
137	0.00944	0.00586	0.00721	0.00725	0.00737	0.00580	0.00439	0.00885	0.00930	0.01237	0.03879	0.06141	0.04404	0.49504	0.02735	0.23407	0.00560	0.00853	0.00369	0.00363
138	0.02324	0.01719	0.01846	0.01413	0.01914	0.01887	0.01166	0.69246	0.02862	0.03849	0.01480	0.01488	0.01054	0.00736	0.00617	0.00183	0.00676	0.00553	0.00613	0.04374
139	0.01055	0.00568	0.00811	0.00804	0.00832	0.00553	0.00538	0.00849	0.00870	0.01164	0.01403	0.05244	0.03651	0.06576	0.02286	0.68163	0.00527	0.00632	0.00303	0.03171
140	0.11710	0.01617	0.01449	0.01344	0.04046	0.15766	0.01013	0.09252	0.34703	0.02500	0.06711	0.02105	0.01740	0.00806	0.00600	0.00197	0.00629	0.02412	0.00533	0.00866
141	0.02315	0.01719	0.01840	0.01423	0.01912	0.01907	0.01171	0.67676	0.07479	0.03841	0.01563	0.01550	0.01114	0.00754	0.00624	0.00189	0.00673	0.00570	0.00624	0.01055
142	0.00936	0.00661	0.00835	0.00848	0.01007	0.00610	0.00662	0.01173	0.01540	0.04606	0.32238	0.10962	0.20187	0.03988	0.00845	0.00238	0.00387	0.17084	0.00621	0.00574
143	0.17525	0.00943	0.01000	0.00911	0.01175	0.00977	0.00691	0.04186	0.12864	0.12463	0.07215	0.12493	0.12919	0.10814	0.00946	0.00258	0.00461	0.00894	0.00559	0.00706
144	0.00832	0.00596	0.00750	0.00816	0.00919	0.00547	0.00591	0.00946	0.01294	0.01678	0.11319	0.33020	0.23303	0.01778	0.00984	0.10433	0.00387	0.08757	0.00551	0.00498
145	0.00758	0.00547	0.00718	0.00854	0.00900	0.00507	0.00572	0.00869	0.01206	0.01596	0.03605	0.73449	0.08259	0.01930	0.00792	0.00251	0.00359	0.01744	0.00578	0.00507
146	0.11976	0.01002	0.01100	0.00957	0.01251	0.01042	0.00745	0.09014	0.12407	0.18249	0.04044	0.05089	0.01799	0.10285	0.00886	0.00241	0.00485	0.02412	0.16236	0.00779
147	0.03489	0.00726	0.00876	0.00821	0.01029	0.00667	0.00617	0.01427	0.04069	0.13097	0.28587	0.15061	0.22311	0.03427	0.00780	0.00219	0.00366	0.01150	0.00636	0.00643
148	0.00948	0.00600	0.00663	0.00663	0.00687	0.00600	0.00387	0.00995	0.00972	0.01391	0.01975	0.03790	0.02156	0.65432	0.02723	0.00529	0.00553	0.00853	0.13672	0.00411
149	0.08120	0.01209	0.01496	0.01155	0.01633	0.01154	0.00954	0.16942	0.01966	0.55456	0.02155	0.01919	0.01386	0.00753	0.00610	0.00192	0.00558	0.00594	0.00715	0.01034
150	0.06243	0.00703	0.00811	0.00824	0.00979	0.00694	0.00617	0.03592	0.03406	0.02116	0.19785	0.23160	0.12661	0.03374	0.00754	0.00224	0.00377	0.07216	0.11880	0.00584
151	0.00936	0.00608	0.00765	0.00822	0.00930	0.00554	0.00572	0.01075	0.01307	0.07167	0.09265	0.48215	0.15752	0.06060	0.00895	0.00254	0.00373	0.01481	0.02417	0.00552
152	0.02413	0.01673	0.01825	0.01399	0.01896	0.01825	0.01156	0.64856	0.02809	0.11380	0.01597	0.01562	0.01110	0.00750	0.00624	0.00188	0.00669	0.00568	0.00639	0.01060
153	0.00762	0.00545	0.00726	0.00865	0.00904	0.00508	0.00579	0.00875	0.01207	0.01614	0.05231	0.75834	0.04166	0.01935	0.00794	0.00252	0.00360	0.01755	0.00581	0.00508
154	0.00974	0.00644	0.00812	0.00802	0.00959	0.00580	0.00589	0.01186	0.01541	0.07923	0.35346	0.24525	0.18817	0.01479	0.00743	0.00214	0.00336	0.01299	0.00642	0.00591
155	0.01292	0.01107	0.01292	0.00923	0.01477	0.00831	0.00738	0.01569	0.01292	0.02030	0.01107	0.01292	0.00923	0.00461	0.00461	0.00092	0.00461	0.00369	0.00369	0.81912
156	0.10948	0.00734	0.00837	0.00785	0.00979	0.00717	0.00598	0.01301	0.04515	0.02419	0.51984	0.04310	0.15166	0.01216	0.00688	0.00198	0.00328	0.01040	0.00631	0.00606
157	0.00859	0.00596	0.00724	0.00778	0.00852	0.00559	0.00516	0.00957	0.01180	0.03423	0.05926	0.37058	0.15789	0.24087	0.03500	0.00364	0.00462	0.01357	0.00522	0.00491
158	0.00866	0.00586	0.00737	0.00809	0.00859	0.00561	0.00528	0.00952	0.01124	0.03517	0.03030	0.45593	0.07141	0.25723	0.04696	0.00390	0.00495	0.01398	0.00511	0.00485
159	0.01529	0.01467	0.02505	0.06497	0.71649	0.01477	0.01905	0.01900	0.01412	0.02019	0.01170	0.01546	0.00981	0.00558	0.00617	0.00186	0.00744	0.00555	0.00307	0.00976
160	0.01825	0.04330	0.06952	0.09121	0.13037	0.27987	0.14436	0.04999	0.01574	0.04170	0.01131	0.01407	0.00893	0.00632	0.00688	0.00187	0.04959	0.00523	0.00333	0.00818
161	0.01325	0.01257	0.02182	0.25611	0.35148	0.01344	0.08059	0.01689	0.01302	0.01793	0.01252	0.01818	0.01060	0.05203	0.08067	0.00297	0.00879	0.00601	0.00306	0.00808
162	0.00794	0.00567	0.00703	0.00796	0.00841	0.00533	0.00517	0.00880	0.01143	0.01503	0.03348	0.51802	0.10645	0.21271	0.01393	0.00338	0.00419	0.01506	0.00527	0.00475
163	0.01434	0.01400	0.02330	0.28927	0.44887	0.03462	0.04932	0.01821	0.01371	0.01866	0.01148	0.01578	0.00926	0.00580	0.00623	0.00193	0.00796	0.00558	0.00298	0.00871
164	0.01575	0.06893	0.18377	0.09004	0.24038	0.01596	0.09860	0.10767	0.04195	0.03965	0.01258	0.01516	0.00965	0.00618	0.00649	0.00193	0.02707	0.00548	0.00356	0.00920
165	0.01550	0.01504	0.02455	0.03668	0.69921	0.03816	0.01848	0.01903	0.01416	0.01997	0.01187	0.01598	0.01016	0.02661	0.00684	0.00196	0.00749	0.00560	0.00311	0.00962
166	0.00960	0.00732	0.00892	0.00973	0.06332	0.00738	0.00586	0.01113	0.04012	0.01495	0.06177	0.04092	0.16074	0.46728	0.03768	0.00459	0.02993	0.00944	0.00432	0.00500
167	0.01520	0.37871	0.27548	0.01667	0.07739	0.01949	0.07670	0.04154	0.01365	0.01806	0.01030	0.01223	0.00831	0.00561	0.00518	0.00167	0.00792	0.00436	0.00284	0.00867

[dist]
# distance from previous block
# <min> <max>
0	11

# created by:
