[name]
unknown

[dist]
# distance from previous block
# <min> <max>
0	1154

[block]
# block no. 0 follows, 29 sequences, length 17
# corresponding to MSA columns:
# 1158-1174
name=unknown_A
#
# <colnr> <probs for GDERKNQSTAVLIFYWHMCP>
#	G	D	E	R	K	N	Q	S	T	A	V	L	I	F	Y	W	H	M	C	P
0	0.00914	0.00731	0.00822	0.00819	0.01033	0.00639	0.00628	0.01151	0.01736	0.02206	0.24866	0.06513	0.46716	0.01718	0.00853	0.00243	0.00378	0.06713	0.00696	0.00626
1	0.01520	0.01444	0.02452	0.44430	0.32372	0.01628	0.02065	0.01973	0.01507	0.02032	0.01296	0.01841	0.01024	0.00679	0.00709	0.00226	0.00906	0.00633	0.00332	0.00932
2	0.01609	0.20161	0.27757	0.01743	0.02380	0.07297	0.07699	0.02072	0.01454	0.01933	0.01294	0.01725	0.01095	0.04712	0.08283	0.00330	0.06658	0.00570	0.00327	0.00900
3	0.03024	0.01486	0.01822	0.01397	0.01954	0.01453	0.01154	0.26127	0.02497	0.47722	0.02424	0.02174	0.01569	0.00872	0.00715	0.00218	0.00668	0.00690	0.00822	0.01212
4	0.01017	0.00763	0.01144	0.01144	0.01272	0.00890	0.00890	0.01272	0.01144	0.01653	0.01907	0.02797	0.01780	0.05340	0.72153	0.01144	0.01907	0.00763	0.00381	0.00636
5	0.01804	0.01799	0.02761	0.09450	0.59888	0.07463	0.02103	0.02211	0.01639	0.02240	0.01314	0.01734	0.01097	0.00649	0.00700	0.00211	0.00890	0.00620	0.00351	0.01077
6	0.01460	0.01180	0.01683	0.02104	0.19599	0.01223	0.01363	0.04754	0.11747	0.02328	0.02739	0.08116	0.02732	0.01471	0.00988	0.06018	0.00683	0.28404	0.00564	0.00844
7	0.01017	0.00763	0.01144	0.01144	0.01272	0.00890	0.00890	0.01272	0.01144	0.01653	0.01907	0.02797	0.01780	0.05340	0.72153	0.01144	0.01907	0.00763	0.00381	0.00636
8	0.01090	0.00694	0.00953	0.00953	0.00998	0.00740	0.00651	0.01087	0.01042	0.01434	0.01819	0.03242	0.01892	0.28245	0.27756	0.24646	0.01102	0.00812	0.00377	0.00467
9	0.01685	0.01726	0.02967	0.09770	0.36847	0.05002	0.19314	0.02128	0.01622	0.02200	0.01634	0.02174	0.03809	0.00742	0.00804	0.00228	0.03264	0.02719	0.00372	0.00993
10	0.00897	0.00659	0.00848	0.00988	0.01075	0.00611	0.00701	0.01054	0.01436	0.01872	0.04415	0.56088	0.14779	0.02133	0.00907	0.00286	0.00434	0.09564	0.00660	0.00591
11	0.01762	0.01692	0.02890	0.04371	0.70533	0.01692	0.02185	0.02185	0.01621	0.02326	0.01339	0.01762	0.01128	0.00634	0.00705	0.00211	0.00846	0.00634	0.00352	0.01128
12	0.01845	0.01541	0.01625	0.01425	0.01841	0.01752	0.01119	0.13287	0.54397	0.03129	0.03033	0.02819	0.06978	0.01010	0.00731	0.00237	0.00582	0.00831	0.00718	0.01101
13	0.02101	0.01997	0.11865	0.11697	0.02565	0.08428	0.03396	0.19806	0.04471	0.12199	0.01838	0.07726	0.01474	0.00939	0.00839	0.00232	0.06142	0.00739	0.00546	0.01000
14	0.02240	0.01090	0.04054	0.01142	0.01503	0.00909	0.00908	0.02451	0.01681	0.40838	0.02834	0.16114	0.02446	0.16823	0.01366	0.00333	0.00606	0.01017	0.00723	0.00924
15	0.00868	0.00620	0.00826	0.00991	0.01033	0.00578	0.00661	0.00991	0.01363	0.01818	0.03925	0.74510	0.04710	0.02231	0.00909	0.00289	0.00413	0.02024	0.00661	0.00578
16	0.07386	0.02969	0.48081	0.01998	0.06057	0.01638	0.04973	0.05372	0.04667	0.08104	0.01485	0.01645	0.01053	0.00708	0.00675	0.00225	0.00941	0.00568	0.00401	0.01055

[dist]
# distance from previous block
# <min> <max>
0	1

[block]
# block no. 1 follows, 29 sequences, length 11
# corresponding to MSA columns:
# 1176-1186
name=unknown_B
#
# <colnr> <probs for GDERKNQSTAVLIFYWHMCP>
#	G	D	E	R	K	N	Q	S	T	A	V	L	I	F	Y	W	H	M	C	P
0	0.02011	0.10115	0.21434	0.02115	0.06502	0.17076	0.11788	0.13045	0.01924	0.02434	0.01294	0.01533	0.00998	0.00721	0.00749	0.00212	0.04087	0.00573	0.00395	0.00994
1	0.02104	0.01766	0.02227	0.01771	0.02288	0.01938	0.12058	0.27458	0.33795	0.03426	0.02220	0.02185	0.01639	0.00865	0.00739	0.00231	0.00749	0.00750	0.00661	0.01131
2	0.00884	0.00645	0.00803	0.00921	0.00990	0.00596	0.00614	0.01002	0.01366	0.01782	0.04254	0.55029	0.15090	0.11012	0.01228	0.00330	0.00438	0.01819	0.00633	0.00564
3	0.01617	0.01409	0.01659	0.01595	0.05369	0.08856	0.06525	0.10230	0.09590	0.04504	0.04485	0.24461	0.05532	0.01425	0.00818	0.00254	0.00691	0.09529	0.00611	0.00840
4	0.01877	0.49008	0.07855	0.01334	0.01878	0.13707	0.01273	0.02154	0.01617	0.01880	0.09968	0.01731	0.01664	0.00744	0.00552	0.00172	0.00812	0.00521	0.00376	0.00878
5	0.01341	0.01276	0.12370	0.01063	0.01443	0.00887	0.00989	0.01761	0.03842	0.10070	0.24313	0.04349	0.20936	0.01260	0.00752	0.00221	0.00495	0.01061	0.10783	0.00788
6	0.01457	0.11794	0.25228	0.01494	0.02050	0.01554	0.01526	0.04793	0.15879	0.02297	0.02338	0.22072	0.02247	0.01169	0.00724	0.00237	0.00722	0.00988	0.00508	0.00924
7	0.11169	0.07260	0.03475	0.01181	0.01475	0.14881	0.00923	0.08013	0.01649	0.02209	0.05988	0.08741	0.07058	0.17432	0.03540	0.00346	0.00776	0.00855	0.02303	0.00727
8	0.14398	0.20522	0.12620	0.01254	0.01742	0.03537	0.01188	0.09429	0.03714	0.02407	0.04516	0.02184	0.01552	0.13989	0.01114	0.00285	0.00734	0.00616	0.03355	0.00844
9	0.01943	0.37018	0.20568	0.01563	0.02233	0.13675	0.01609	0.06123	0.05455	0.02068	0.01229	0.01375	0.00999	0.00681	0.00573	0.00185	0.00911	0.00469	0.00360	0.00964
10	0.12406	0.22535	0.17867	0.01421	0.01980	0.08875	0.01406	0.05601	0.04575	0.02250	0.01665	0.13247	0.01580	0.00936	0.00622	0.00211	0.00787	0.00722	0.00427	0.00888

[dist]
# distance from previous block
# <min> <max>
18	87

[block]
# block no. 2 follows, 29 sequences, length 16
# corresponding to MSA columns:
# 1293-1308
name=unknown_C
#
# <colnr> <probs for GDERKNQSTAVLIFYWHMCP>
#	G	D	E	R	K	N	Q	S	T	A	V	L	I	F	Y	W	H	M	C	P
0	0.01674	0.12419	0.18822	0.01628	0.04982	0.03616	0.05348	0.02317	0.09945	0.08767	0.13678	0.05510	0.02344	0.00911	0.00695	0.00212	0.00736	0.00770	0.00521	0.05105
1	0.01819	0.05442	0.17990	0.02042	0.07537	0.08941	0.13098	0.11727	0.06055	0.02577	0.04827	0.03630	0.01464	0.00767	0.00700	0.00208	0.00901	0.00672	0.00452	0.09151
2	0.01452	0.16369	0.24894	0.04325	0.03873	0.01610	0.01571	0.06357	0.01563	0.02113	0.02193	0.13677	0.07097	0.04341	0.03292	0.00275	0.02840	0.00860	0.00426	0.00869
3	0.06055	0.06836	0.01606	0.01383	0.06033	0.08182	0.01008	0.08206	0.04697	0.08751	0.08401	0.13871	0.07001	0.01222	0.02507	0.00234	0.00654	0.00919	0.03905	0.08531
4	0.04877	0.08322	0.09204	0.02241	0.16954	0.01681	0.09838	0.10195	0.05078	0.06928	0.04725	0.02354	0.03653	0.00840	0.00751	0.00219	0.02893	0.03902	0.00488	0.04857
5	0.01651	0.04677	0.01850	0.01563	0.01851	0.23659	0.09314	0.01892	0.01681	0.01931	0.06581	0.17338	0.10854	0.01303	0.00896	0.00239	0.06217	0.05260	0.00497	0.00745
6	0.01862	0.05512	0.01633	0.01327	0.01718	0.28912	0.01020	0.02100	0.01778	0.04166	0.11039	0.07964	0.06633	0.00964	0.00667	0.00181	0.00793	0.00755	0.00491	0.20485
7	0.01749	0.13252	0.17141	0.02103	0.14652	0.07923	0.04624	0.02294	0.06711	0.05973	0.01802	0.07451	0.01595	0.00885	0.00689	0.00215	0.00838	0.04920	0.00439	0.04744
8	0.14104	0.07466	0.05892	0.02045	0.18666	0.10629	0.01356	0.05083	0.04561	0.02415	0.06824	0.14040	0.02077	0.01005	0.00679	0.00221	0.00736	0.00835	0.00478	0.00889
9	0.02026	0.01056	0.01361	0.01102	0.01517	0.00926	0.00877	0.02414	0.05172	0.30899	0.27578	0.03352	0.03505	0.01039	0.00731	0.00203	0.00490	0.00883	0.00761	0.14107
10	0.01420	0.00893	0.01090	0.01045	0.01119	0.04558	0.00728	0.04548	0.05559	0.01538	0.01361	0.02127	0.01280	0.02203	0.02433	0.66023	0.00658	0.00623	0.00359	0.00435
11	0.60924	0.05236	0.01529	0.01213	0.01674	0.10359	0.05830	0.02201	0.01357	0.02875	0.01038	0.01228	0.00819	0.00663	0.00496	0.00214	0.00699	0.00428	0.00419	0.00799
12	0.07784	0.06587	0.10336	0.01735	0.05468	0.06742	0.08972	0.09675	0.07352	0.12523	0.01857	0.07499	0.01503	0.00846	0.00681	0.00212	0.00788	0.00714	0.00529	0.08196
13	0.01850	0.05544	0.20501	0.01855	0.03887	0.12560	0.01742	0.07242	0.01596	0.04481	0.01205	0.01526	0.00983	0.00893	0.01240	0.00238	0.26442	0.00556	0.00374	0.05284
14	0.01015	0.00815	0.01207	0.05305	0.06496	0.00785	0.03696	0.01240	0.01524	0.02051	0.14419	0.45679	0.09420	0.01802	0.00864	0.00264	0.00492	0.01635	0.00626	0.00664
15	0.02271	0.07402	0.09230	0.05815	0.06271	0.31737	0.01516	0.17483	0.02138	0.02494	0.01396	0.03459	0.01133	0.00784	0.00659	0.00199	0.01008	0.00572	0.03488	0.00945

[dist]
# distance from previous block
# <min> <max>
11	25

[block]
# block no. 3 follows, 29 sequences, length 15
# corresponding to MSA columns:
# 1334-1348
name=unknown_D
#
# <colnr> <probs for GDERKNQSTAVLIFYWHMCP>
#	G	D	E	R	K	N	Q	S	T	A	V	L	I	F	Y	W	H	M	C	P
0	0.11128	0.01819	0.07064	0.04845	0.09994	0.10972	0.04657	0.09324	0.05228	0.06147	0.06510	0.04982	0.06932	0.00904	0.00686	0.00213	0.00765	0.00742	0.00513	0.06574
1	0.01680	0.01687	0.06825	0.15487	0.28093	0.04211	0.04256	0.05430	0.03712	0.03731	0.03482	0.04262	0.01407	0.00776	0.00759	0.00215	0.03509	0.00684	0.02934	0.06860
2	0.04457	0.01861	0.02119	0.01774	0.06621	0.10439	0.08220	0.26063	0.02278	0.07193	0.01566	0.01709	0.01175	0.00726	0.00660	0.00189	0.00801	0.00592	0.04486	0.17070
3	0.01755	0.01321	0.01564	0.01542	0.08778	0.01389	0.01069	0.27049	0.04786	0.03083	0.09581	0.13872	0.08538	0.05865	0.00935	0.00256	0.00606	0.01025	0.06080	0.00907
4	0.04186	0.03947	0.02043	0.07446	0.12588	0.08791	0.01411	0.20636	0.13805	0.10126	0.01977	0.04466	0.01559	0.00888	0.00707	0.00222	0.00777	0.02779	0.00590	0.01055
5	0.01645	0.01460	0.08415	0.01557	0.08848	0.01246	0.01152	0.15631	0.01793	0.05923	0.02104	0.14052	0.02066	0.18661	0.01409	0.00326	0.00691	0.00918	0.00527	0.11576
6	0.02131	0.01888	0.02475	0.04822	0.21623	0.11996	0.10555	0.14733	0.02031	0.09810	0.03831	0.04629	0.01474	0.00826	0.00797	0.00221	0.03911	0.00719	0.00501	0.01025
7	0.06668	0.00784	0.00914	0.00921	0.01100	0.00727	0.00654	0.01218	0.01451	0.02071	0.12178	0.32535	0.14861	0.09024	0.03202	0.00314	0.00488	0.01423	0.00605	0.08863
8	0.02116	0.01849	0.07303	0.01574	0.02140	0.01785	0.05648	0.36803	0.10842	0.03512	0.02176	0.02202	0.06276	0.00871	0.00702	0.00209	0.00732	0.00705	0.03243	0.09311
9	0.01758	0.01701	0.09436	0.07494	0.23267	0.01503	0.12037	0.05580	0.06572	0.09546	0.01997	0.12263	0.01741	0.00927	0.00756	0.00233	0.00819	0.00875	0.00490	0.01006
10	0.01769	0.01816	0.02364	0.03305	0.45626	0.14483	0.01766	0.02095	0.01649	0.02129	0.01753	0.14554	0.01723	0.00935	0.00729	0.00220	0.00850	0.00848	0.00410	0.00975
11	0.01077	0.00821	0.01149	0.01441	0.09569	0.00800	0.00902	0.03328	0.01462	0.01964	0.03394	0.50977	0.03934	0.07558	0.01094	0.00312	0.00524	0.08424	0.00607	0.00662
12	0.01126	0.05847	0.06450	0.00958	0.01132	0.00904	0.00721	0.01248	0.01186	0.01609	0.02300	0.15749	0.02597	0.46744	0.02509	0.00509	0.00664	0.01076	0.00451	0.06221
13	0.01671	0.02000	0.12520	0.02656	0.21238	0.06751	0.17423	0.02311	0.08311	0.02364	0.06627	0.02127	0.01622	0.00768	0.00788	0.00223	0.03581	0.00721	0.05319	0.00980
14	0.21898	0.01819	0.01568	0.01341	0.01760	0.14107	0.01065	0.21541	0.09203	0.03126	0.06460	0.02258	0.06834	0.01043	0.02800	0.00244	0.00762	0.00674	0.00574	0.00923

[dist]
# distance from previous block
# <min> <max>
0	1

[block]
# block no. 4 follows, 29 sequences, length 23
# corresponding to MSA columns:
# 1350-1372
name=unknown_E
#
# <colnr> <probs for GDERKNQSTAVLIFYWHMCP>
#	G	D	E	R	K	N	Q	S	T	A	V	L	I	F	Y	W	H	M	C	P
0	0.05052	0.03869	0.02229	0.16062	0.06066	0.01803	0.06991	0.25664	0.09091	0.13278	0.01817	0.01932	0.01299	0.00795	0.00707	0.00223	0.00797	0.00666	0.00591	0.01069
1	0.06515	0.01710	0.05528	0.02536	0.28337	0.03221	0.01569	0.20505	0.03813	0.02954	0.05718	0.07548	0.05082	0.00931	0.00718	0.00221	0.00740	0.00798	0.00527	0.01028
2	0.01125	0.00840	0.01050	0.01177	0.08111	0.00804	0.00664	0.01212	0.01189	0.01612	0.02510	0.07167	0.07418	0.52873	0.02755	0.00544	0.00658	0.01021	0.00449	0.06824
3	0.02003	0.01566	0.01693	0.01543	0.06613	0.06477	0.01130	0.21388	0.11813	0.09051	0.04438	0.08318	0.09220	0.01037	0.00719	0.00212	0.00658	0.00851	0.00636	0.10633
4	0.01552	0.01451	0.02386	0.08905	0.43974	0.01430	0.04159	0.01933	0.01569	0.02212	0.01912	0.08985	0.04663	0.00871	0.00726	0.00216	0.00766	0.02764	0.00409	0.09118
5	0.01364	0.01285	0.02171	0.70082	0.07935	0.01587	0.01987	0.01836	0.01433	0.01843	0.01269	0.01892	0.00957	0.00708	0.00712	0.00236	0.00944	0.00633	0.00318	0.00807
6	0.02530	0.03178	0.01919	0.01750	0.02088	0.66412	0.01300	0.02699	0.01939	0.01714	0.01192	0.01554	0.01051	0.06663	0.00880	0.00224	0.01237	0.00505	0.00372	0.00794
7	0.01493	0.01318	0.01694	0.01210	0.01850	0.01017	0.06203	0.01832	0.01493	0.02317	0.01280	0.01512	0.01057	0.00533	0.00552	0.00116	0.00581	0.00455	0.00417	0.73069
8	0.01388	0.01310	0.02214	0.66116	0.11713	0.01593	0.01999	0.01857	0.01444	0.01872	0.01273	0.01884	0.00968	0.00704	0.00711	0.00235	0.00939	0.00633	0.00320	0.00826
9	0.01762	0.01692	0.02890	0.04371	0.70533	0.01692	0.02185	0.02185	0.01621	0.02326	0.01339	0.01762	0.01128	0.00634	0.00705	0.00211	0.00846	0.00634	0.00352	0.01128
10	0.06408	0.01601	0.01765	0.01469	0.04171	0.01669	0.01140	0.39593	0.02530	0.03529	0.02108	0.10314	0.04968	0.00985	0.00694	0.00205	0.00664	0.00791	0.00626	0.14770
11	0.04513	0.00788	0.00981	0.04322	0.01299	0.00768	0.00754	0.04190	0.01544	0.02133	0.10555	0.48662	0.10508	0.01852	0.00844	0.00263	0.00452	0.01646	0.00642	0.03285
12	0.02514	0.01965	0.02182	0.01771	0.04773	0.04988	0.04366	0.54700	0.05477	0.04066	0.04735	0.01898	0.01469	0.00861	0.00721	0.00215	0.00798	0.00677	0.00672	0.01154
13	0.01694	0.01228	0.01833	0.14505	0.15473	0.01272	0.04063	0.07570	0.01662	0.11326	0.05338	0.03189	0.02023	0.20046	0.01493	0.00350	0.00764	0.04815	0.00508	0.00848
14	0.02165	0.01915	0.01963	0.02053	0.15213	0.16583	0.01367	0.14701	0.14349	0.08869	0.03797	0.04606	0.03394	0.00904	0.00742	0.00217	0.02443	0.00724	0.02977	0.01020
15	0.04238	0.01809	0.02445	0.10800	0.33036	0.08891	0.04888	0.14124	0.01968	0.04678	0.03656	0.01952	0.02827	0.00751	0.00707	0.00215	0.00865	0.00662	0.00454	0.01033
16	0.03764	0.01314	0.01687	0.08860	0.05272	0.04738	0.07065	0.10367	0.06596	0.02444	0.07152	0.15975	0.10484	0.04183	0.00889	0.00254	0.00678	0.03276	0.00562	0.04441
17	0.05035	0.05202	0.02270	0.08101	0.21370	0.07702	0.04790	0.16910	0.07115	0.02713	0.01922	0.07925	0.04052	0.00897	0.00710	0.00220	0.00804	0.00769	0.00498	0.00996
18	0.07175	0.01677	0.02259	0.02156	0.14719	0.05007	0.11769	0.20704	0.03882	0.05993	0.05103	0.06409	0.05037	0.00901	0.00726	0.00219	0.00782	0.00797	0.00550	0.04134
19	0.04345	0.09094	0.09397	0.04008	0.17168	0.04946	0.01598	0.25030	0.06135	0.05577	0.01665	0.04924	0.01332	0.00819	0.00681	0.00213	0.00806	0.00661	0.00524	0.01075
20	0.06867	0.08735	0.03871	0.01558	0.03353	0.11787	0.06100	0.18159	0.02023	0.04713	0.06566	0.07801	0.04397	0.04579	0.00909	0.00239	0.04091	0.00785	0.00527	0.02940
21	0.05543	0.12539	0.13127	0.03380	0.07026	0.12857	0.04137	0.08001	0.10672	0.08133	0.01906	0.03725	0.04284	0.00827	0.00664	0.00211	0.00845	0.00653	0.00487	0.00985
22	0.08793	0.08575	0.01737	0.01436	0.05255	0.11196	0.01073	0.16623	0.04093	0.04747	0.09327	0.14158	0.07829	0.01151	0.00710	0.00221	0.00681	0.00935	0.00584	0.00878

[dist]
# distance from previous block
# <min> <max>
37	97

[block]
# block no. 5 follows, 29 sequences, length 22
# corresponding to MSA columns:
# 1508-1529
name=unknown_F
#
# <colnr> <probs for GDERKNQSTAVLIFYWHMCP>
#	G	D	E	R	K	N	Q	S	T	A	V	L	I	F	Y	W	H	M	C	P
0	0.01536	0.01350	0.01629	0.01331	0.01728	0.06768	0.09109	0.09554	0.04538	0.04744	0.14046	0.07274	0.20460	0.01188	0.00762	0.00214	0.00625	0.01028	0.00603	0.11514
1	0.01526	0.01505	0.06150	0.07432	0.16508	0.04267	0.03961	0.08591	0.08667	0.02499	0.11471	0.13593	0.08522	0.01150	0.00769	0.00233	0.00690	0.01016	0.00551	0.00899
2	0.01690	0.01699	0.04974	0.31845	0.07967	0.08463	0.01631	0.07645	0.16010	0.02348	0.01867	0.02133	0.03936	0.00807	0.00703	0.00224	0.00844	0.00674	0.00459	0.04080
3	0.01911	0.02045	0.10103	0.01965	0.06660	0.12296	0.11936	0.06910	0.16258	0.07191	0.04501	0.04776	0.01723	0.03663	0.00925	0.00247	0.04634	0.00760	0.00518	0.00977
4	0.00920	0.00682	0.00840	0.00887	0.01007	0.00622	0.00621	0.01114	0.01601	0.02138	0.25711	0.32445	0.19050	0.07702	0.01089	0.00290	0.00399	0.01599	0.00682	0.00601
5	0.02039	0.54939	0.03422	0.01486	0.02055	0.16783	0.06580	0.02288	0.01581	0.01737	0.01048	0.01233	0.00928	0.00634	0.00525	0.00166	0.00902	0.00433	0.00322	0.00900
6	0.04335	0.04867	0.24044	0.02240	0.14229	0.01591	0.09899	0.02430	0.09566	0.07207	0.01667	0.01984	0.01289	0.00732	0.00689	0.00215	0.00852	0.02727	0.00436	0.09000
7	0.47414	0.13421	0.04741	0.08106	0.01932	0.04338	0.01086	0.02217	0.01378	0.08141	0.01180	0.01347	0.00902	0.00679	0.00509	0.00210	0.00677	0.00444	0.00433	0.00845
8	0.01237	0.00618	0.00928	0.00928	0.00928	0.00618	0.00618	0.00928	0.00928	0.01237	0.01237	0.02165	0.01237	0.02474	0.02783	0.79283	0.00618	0.00618	0.00309	0.00309
9	0.00876	0.00637	0.00827	0.00960	0.01029	0.00588	0.00651	0.01022	0.01439	0.01910	0.09507	0.62955	0.10710	0.02131	0.00897	0.00280	0.00402	0.01919	0.00671	0.00588
10	0.01830	0.12429	0.31568	0.04722	0.07822	0.18544	0.08947	0.02361	0.01643	0.02051	0.01220	0.01482	0.00944	0.00672	0.00661	0.00207	0.01067	0.00536	0.00328	0.00967
11	0.01345	0.01266	0.02136	0.73264	0.04904	0.01582	0.01978	0.01819	0.01424	0.01819	0.01266	0.01898	0.00949	0.00712	0.00712	0.00237	0.00949	0.00633	0.00316	0.00791
12	0.01730	0.01455	0.01341	0.01197	0.01484	0.16967	0.04167	0.02121	0.05978	0.08227	0.11764	0.06385	0.07801	0.01038	0.00673	0.00203	0.00635	0.00855	0.25197	0.00783
13	0.05902	0.04153	0.01620	0.01328	0.01738	0.04336	0.01069	0.12468	0.25168	0.14096	0.10662	0.03117	0.04894	0.01053	0.00729	0.00231	0.00610	0.05108	0.00705	0.01012
14	0.15136	0.04122	0.06235	0.05380	0.12254	0.10076	0.10048	0.04520	0.01644	0.04111	0.05039	0.05102	0.04137	0.00828	0.00709	0.00214	0.02591	0.00696	0.00441	0.06717
15	0.05304	0.16770	0.08860	0.04110	0.06798	0.01665	0.11281	0.07490	0.01617	0.02229	0.01955	0.05481	0.06760	0.08948	0.00984	0.00256	0.00784	0.00747	0.00425	0.07536
16	0.05112	0.08414	0.13837	0.01629	0.02177	0.24772	0.01469	0.12544	0.09898	0.08174	0.04152	0.01775	0.01387	0.00796	0.00659	0.00205	0.00926	0.00581	0.00505	0.00988
17	0.27036	0.10672	0.06655	0.01372	0.01851	0.15403	0.01184	0.12275	0.06789	0.02741	0.01438	0.04622	0.01198	0.00937	0.02835	0.00238	0.00825	0.00561	0.00470	0.00898
18	0.04954	0.04867	0.04232	0.02985	0.01712	0.09130	0.06377	0.01791	0.01567	0.07909	0.05568	0.23937	0.07095	0.04045	0.00913	0.00255	0.02840	0.03502	0.03095	0.03226
19	0.01854	0.07139	0.17361	0.03863	0.11201	0.04322	0.01606	0.12570	0.09728	0.04392	0.03968	0.06159	0.07213	0.04256	0.00887	0.00265	0.00814	0.00819	0.00547	0.01037
20	0.16250	0.01676	0.06930	0.01710	0.09777	0.07764	0.02883	0.05331	0.05059	0.04405	0.06296	0.10596	0.08478	0.01407	0.05414	0.00307	0.00805	0.00893	0.00552	0.03467
21	0.04783	0.04545	0.13722	0.01618	0.03825	0.01497	0.06353	0.13366	0.04742	0.02775	0.07525	0.06743	0.04789	0.04245	0.00876	0.00251	0.00756	0.02394	0.00554	0.14641

[dist]
# distance from previous block
# <min> <max>
111	401

[block]
# block no. 6 follows, 29 sequences, length 59
# corresponding to MSA columns:
# 2088-2146
name=unknown_G
#
# <colnr> <probs for GDERKNQSTAVLIFYWHMCP>
#	G	D	E	R	K	N	Q	S	T	A	V	L	I	F	Y	W	H	M	C	P
0	0.04368	0.04484	0.04423	0.06682	0.11973	0.01523	0.05583	0.11734	0.08336	0.06601	0.06661	0.02907	0.10729	0.00981	0.00785	0.00224	0.03434	0.02868	0.00547	0.05157
1	0.01651	0.09329	0.01945	0.03573	0.12894	0.05937	0.03694	0.06033	0.06689	0.06597	0.11960	0.09053	0.09078	0.01275	0.04088	0.00259	0.00724	0.00915	0.00550	0.03753
2	0.01936	0.19446	0.07733	0.01744	0.09607	0.12205	0.01366	0.09230	0.08090	0.04911	0.08028	0.04266	0.01794	0.00831	0.00645	0.00194	0.00783	0.00651	0.00486	0.06054
3	0.01700	0.10254	0.17643	0.02427	0.23513	0.05017	0.01776	0.08607	0.01786	0.02455	0.10946	0.02138	0.01852	0.00976	0.03388	0.00246	0.03184	0.00670	0.00432	0.00988
4	0.08940	0.01806	0.05399	0.02660	0.31423	0.09132	0.01604	0.06667	0.05270	0.10432	0.04659	0.02181	0.05129	0.00805	0.00689	0.00215	0.00784	0.00680	0.00497	0.01028
5	0.07709	0.01820	0.11172	0.12625	0.12436	0.04030	0.10013	0.06750	0.11697	0.02519	0.05429	0.07200	0.01746	0.00874	0.00722	0.00231	0.00821	0.00780	0.00473	0.00951
6	0.01911	0.04004	0.07199	0.01605	0.03491	0.04770	0.07423	0.17056	0.06949	0.10990	0.07073	0.15260	0.02474	0.01168	0.00773	0.00238	0.00725	0.05312	0.00624	0.00955
7	0.02064	0.01570	0.04344	0.01771	0.08127	0.01553	0.06338	0.11004	0.26564	0.16139	0.05548	0.02533	0.04207	0.00901	0.00728	0.00224	0.00671	0.00775	0.00666	0.04271
8	0.05086	0.10174	0.04531	0.02390	0.24295	0.05913	0.03847	0.04799	0.01818	0.27470	0.01824	0.01879	0.01305	0.00736	0.00672	0.00208	0.00782	0.00620	0.00555	0.01098
9	0.01546	0.01714	0.11093	0.16409	0.32838	0.01518	0.04131	0.04439	0.01582	0.02198	0.01652	0.06159	0.01501	0.06029	0.00936	0.00262	0.00858	0.03794	0.00389	0.00951
10	0.01724	0.14868	0.29750	0.09537	0.14302	0.01812	0.01997	0.02402	0.07278	0.07569	0.01495	0.01697	0.01122	0.00702	0.00655	0.00213	0.00881	0.00569	0.00393	0.01034
11	0.01928	0.01564	0.02342	0.04888	0.33809	0.06152	0.07385	0.02290	0.01741	0.15167	0.04874	0.02655	0.10285	0.00867	0.00737	0.00219	0.00783	0.00791	0.00508	0.01015
12	0.00875	0.00630	0.00833	0.00991	0.01044	0.00587	0.00672	0.01008	0.01382	0.01832	0.04044	0.69843	0.07163	0.02206	0.00909	0.00289	0.00419	0.04031	0.00661	0.00582
13	0.01531	0.02949	0.49072	0.07831	0.03089	0.01586	0.09132	0.02289	0.04094	0.05971	0.01558	0.04973	0.01191	0.00764	0.00711	0.00231	0.00988	0.00656	0.00372	0.01012
14	0.01781	0.06298	0.19669	0.06441	0.36230	0.07603	0.02096	0.04968	0.04020	0.02311	0.01351	0.01660	0.01074	0.00676	0.00681	0.00212	0.00921	0.00585	0.00364	0.01060
15	0.01723	0.01651	0.02818	0.10934	0.64281	0.01681	0.02166	0.02150	0.01603	0.02278	0.01332	0.01775	0.01111	0.00642	0.00706	0.00214	0.00856	0.00634	0.00349	0.01096
16	0.01022	0.00753	0.00883	0.00906	0.01118	0.00670	0.00709	0.01251	0.01674	0.04882	0.14473	0.12400	0.40396	0.01788	0.00870	0.00259	0.00430	0.14187	0.00685	0.00644
17	0.02690	0.01706	0.07408	0.01769	0.07108	0.05162	0.06830	0.09636	0.04995	0.41716	0.02273	0.02141	0.01511	0.00818	0.00718	0.00220	0.00759	0.00688	0.00704	0.01148
18	0.02460	0.03951	0.03594	0.01419	0.01918	0.01657	0.01180	0.30832	0.11135	0.21624	0.02311	0.07313	0.01747	0.00962	0.00710	0.00221	0.00666	0.00772	0.04412	0.01115
19	0.80005	0.01377	0.01047	0.00936	0.01377	0.01597	0.00771	0.02093	0.01212	0.03195	0.00991	0.01157	0.00771	0.00661	0.00441	0.00220	0.00551	0.00386	0.00441	0.00771
20	0.01853	0.01778	0.02421	0.05094	0.36809	0.07116	0.04222	0.05143	0.22986	0.02550	0.01827	0.02015	0.01437	0.00755	0.00712	0.00221	0.00805	0.00683	0.00483	0.01092
21	0.01168	0.00716	0.00938	0.01013	0.01146	0.00653	0.00722	0.01334	0.01508	0.10308	0.06510	0.53437	0.10549	0.01985	0.00880	0.00276	0.00441	0.05060	0.00692	0.00665
22	0.02660	0.03394	0.02018	0.01834	0.02201	0.72116	0.01376	0.02843	0.02018	0.01743	0.01101	0.01284	0.00917	0.00734	0.00642	0.00183	0.01284	0.00459	0.00367	0.00825
23	0.01620	0.32660	0.43992	0.01702	0.02575	0.02124	0.02060	0.02205	0.01481	0.02021	0.01162	0.01357	0.00907	0.00649	0.00588	0.00196	0.00935	0.00467	0.00302	0.00996
24	0.02660	0.03394	0.02018	0.01834	0.02201	0.72116	0.01376	0.02843	0.02018	0.01743	0.01101	0.01284	0.00917	0.00734	0.00642	0.00183	0.01284	0.00459	0.00367	0.00825
25	0.01033	0.00702	0.00834	0.00834	0.00854	0.00722	0.00503	0.01072	0.01053	0.01423	0.02191	0.04369	0.02462	0.64086	0.14341	0.00761	0.00881	0.00993	0.00424	0.00463
26	0.00994	0.00727	0.00933	0.00882	0.01056	0.00666	0.00661	0.01318	0.01984	0.02780	0.65075	0.05443	0.11849	0.01484	0.00840	0.00225	0.00338	0.01305	0.00774	0.00666
27	0.01677	0.01430	0.02192	0.42613	0.16561	0.01644	0.01821	0.07342	0.09428	0.05967	0.01584	0.01973	0.01187	0.00747	0.00712	0.00230	0.00854	0.00658	0.00431	0.00948
28	0.00868	0.00713	0.00764	0.00771	0.00983	0.00609	0.00571	0.01065	0.01656	0.02048	0.15981	0.12874	0.55043	0.01793	0.00848	0.00243	0.00362	0.01520	0.00679	0.00609
29	0.02568	0.12102	0.02225	0.01760	0.02156	0.63736	0.01357	0.02757	0.01949	0.01735	0.01087	0.01267	0.00917	0.00719	0.00620	0.00180	0.01221	0.00449	0.00359	0.00836
30	0.00875	0.00677	0.00803	0.00897	0.01032	0.00605	0.00642	0.01038	0.01494	0.01885	0.05335	0.40727	0.32987	0.02028	0.00885	0.00271	0.00407	0.06157	0.00661	0.00593
31	0.01649	0.02079	0.15995	0.09274	0.39046	0.01698	0.15451	0.02188	0.01595	0.02262	0.01342	0.01756	0.01061	0.00642	0.00727	0.00222	0.00964	0.00655	0.00341	0.01053
32	0.01762	0.01692	0.02890	0.04371	0.70533	0.01692	0.02185	0.02185	0.01621	0.02326	0.01339	0.01762	0.01128	0.00634	0.00705	0.00211	0.00846	0.00634	0.00352	0.01128
33	0.01762	0.01692	0.02890	0.04371	0.70533	0.01692	0.02185	0.02185	0.01621	0.02326	0.01339	0.01762	0.01128	0.00634	0.00705	0.00211	0.00846	0.00634	0.00352	0.01128
34	0.01132	0.00898	0.01162	0.01242	0.07410	0.00869	0.00837	0.01628	0.08989	0.02682	0.47504	0.04946	0.15186	0.01382	0.00816	0.00227	0.00410	0.01210	0.00720	0.00750
35	0.01031	0.00708	0.00867	0.00867	0.00898	0.00739	0.00544	0.01093	0.01062	0.01447	0.02161	0.04204	0.02391	0.57926	0.20403	0.00802	0.00988	0.00969	0.00419	0.00481
36	0.01455	0.00827	0.01095	0.00972	0.01218	0.00749	0.00749	0.01779	0.02020	0.16797	0.56385	0.04727	0.05705	0.01338	0.00815	0.00223	0.00391	0.01171	0.00804	0.00782
37	0.01362	0.01283	0.02167	0.70437	0.07597	0.01587	0.01986	0.01834	0.01432	0.01840	0.01269	0.01893	0.00957	0.00709	0.00712	0.00236	0.00945	0.00633	0.00318	0.00805
38	0.80005	0.01377	0.01047	0.00936	0.01377	0.01597	0.00771	0.02093	0.01212	0.03195	0.00991	0.01157	0.00771	0.00661	0.00441	0.00220	0.00551	0.00386	0.00441	0.00771
39	0.01744	0.01686	0.02915	0.06766	0.65571	0.01692	0.04766	0.02176	0.01617	0.02307	0.01341	0.01773	0.01120	0.00636	0.00711	0.00214	0.00864	0.00642	0.00351	0.01109
40	0.01808	0.01688	0.02785	0.08493	0.61188	0.01724	0.02109	0.07202	0.01741	0.02460	0.01363	0.01767	0.01123	0.00656	0.00706	0.00213	0.00848	0.00635	0.00378	0.01113
41	0.08250	0.01930	0.02023	0.01956	0.11596	0.11707	0.01386	0.23669	0.13770	0.07796	0.01732	0.01814	0.01304	0.00846	0.00820	0.00223	0.06917	0.00627	0.00573	0.01061
42	0.01140	0.00902	0.01036	0.06473	0.01363	0.03493	0.00771	0.01392	0.04485	0.01881	0.11965	0.05128	0.12408	0.32487	0.02014	0.00439	0.00630	0.10854	0.00545	0.00594
43	0.02526	0.02993	0.01964	0.01759	0.02148	0.55600	0.01336	0.08255	0.12523	0.02155	0.01428	0.01531	0.01135	0.00779	0.00660	0.00195	0.01132	0.00527	0.00450	0.00903
44	0.01030	0.00712	0.00888	0.00888	0.00926	0.00751	0.00570	0.01107	0.01068	0.01463	0.02142	0.04097	0.02344	0.53916	0.24349	0.00828	0.01058	0.00953	0.00416	0.00493
45	0.02549	0.01923	0.02246	0.01799	0.04661	0.02100	0.05712	0.54973	0.08136	0.05894	0.01798	0.01816	0.01287	0.00840	0.00721	0.00218	0.00792	0.00668	0.00682	0.01185
46	0.01702	0.01642	0.02835	0.13766	0.59058	0.01681	0.04594	0.02139	0.01596	0.02255	0.01333	0.01787	0.01102	0.00644	0.00711	0.00216	0.00873	0.00642	0.00348	0.01076
47	0.01010	0.00758	0.01109	0.01109	0.01236	0.00868	0.00854	0.01250	0.01161	0.01653	0.02162	0.03062	0.04910	0.08214	0.65945	0.01084	0.01784	0.00808	0.00396	0.00625
48	0.01736	0.01665	0.02843	0.08678	0.66430	0.01685	0.02172	0.02162	0.01609	0.02295	0.01335	0.01771	0.01117	0.00639	0.00705	0.00213	0.00852	0.00634	0.00350	0.01107
49	0.01760	0.01700	0.02936	0.04323	0.68195	0.01696	0.04487	0.02189	0.01623	0.02325	0.01343	0.01768	0.01126	0.00633	0.00710	0.00212	0.00858	0.00642	0.00353	0.01122
50	0.02178	0.02231	0.02810	0.02549	0.14421	0.20414	0.21680	0.12961	0.06363	0.05119	0.01520	0.01758	0.01162	0.00716	0.00732	0.00215	0.01032	0.00665	0.00459	0.01013
51	0.01532	0.01710	0.05915	0.02712	0.09903	0.01550	0.45045	0.02040	0.01623	0.02212	0.01925	0.12048	0.01782	0.00923	0.00840	0.00250	0.01014	0.05651	0.00419	0.00908
52	0.01237	0.00618	0.00928	0.00928	0.00928	0.00618	0.00618	0.00928	0.00928	0.01237	0.01237	0.02165	0.01237	0.02474	0.02783	0.79283	0.00618	0.00618	0.00309	0.00309
53	0.01711	0.01640	0.02798	0.12821	0.62483	0.01678	0.02160	0.02140	0.01597	0.02264	0.01330	0.01779	0.01106	0.00644	0.00706	0.00215	0.00859	0.00634	0.00348	0.01087
54	0.01941	0.12234	0.05213	0.02532	0.16702	0.07209	0.18008	0.08944	0.01747	0.05121	0.01331	0.01661	0.01068	0.00759	0.00954	0.00225	0.12328	0.00636	0.00399	0.00989
55	0.01728	0.05140	0.02714	0.11656	0.53276	0.04754	0.02026	0.02132	0.01609	0.02203	0.01435	0.02064	0.01248	0.00718	0.00706	0.00217	0.00862	0.04107	0.00363	0.01042
56	0.01763	0.01683	0.02822	0.04214	0.66850	0.01696	0.02129	0.02271	0.05248	0.02361	0.01423	0.01810	0.01184	0.00652	0.00706	0.00213	0.00831	0.00644	0.00372	0.01128
57	0.02132	0.01621	0.02415	0.13658	0.32681	0.06377	0.04362	0.02505	0.01714	0.20455	0.01693	0.01925	0.01247	0.00738	0.00765	0.00220	0.03293	0.00652	0.00488	0.01060
58	0.09059	0.03703	0.19619	0.01583	0.07141	0.03894	0.01418	0.02198	0.01672	0.17404	0.10162	0.10346	0.06747	0.01049	0.00713	0.00227	0.00697	0.00870	0.00566	0.00930

[dist]
# distance from previous block
# <min> <max>
10	23

[block]
# block no. 7 follows, 29 sequences, length 17
# corresponding to MSA columns:
# 2173-2189
name=unknown_H
#
# <colnr> <probs for GDERKNQSTAVLIFYWHMCP>
#	G	D	E	R	K	N	Q	S	T	A	V	L	I	F	Y	W	H	M	C	P
0	0.01286	0.01035	0.01376	0.01388	0.04913	0.03788	0.06143	0.04606	0.03613	0.04977	0.06595	0.36670	0.10710	0.04284	0.00950	0.00278	0.00578	0.05466	0.00620	0.00725
1	0.01868	0.01767	0.06696	0.02531	0.25953	0.01757	0.01634	0.13695	0.26617	0.02909	0.02097	0.02399	0.01668	0.00866	0.00726	0.00230	0.00736	0.04178	0.00561	0.01111
2	0.01327	0.00664	0.00664	0.00664	0.00830	0.00664	0.00498	0.01659	0.01493	0.02655	0.02323	0.02655	0.01825	0.00830	0.00498	0.00166	0.00332	0.00664	0.78928	0.00664
3	0.01034	0.00695	0.00798	0.00798	0.00805	0.00702	0.00458	0.01049	0.01042	0.01396	0.02224	0.04553	0.02542	0.70980	0.07556	0.00716	0.00760	0.01020	0.00429	0.00443
4	0.01802	0.01766	0.02652	0.06119	0.36444	0.07009	0.11218	0.06136	0.09740	0.02458	0.04057	0.04253	0.01536	0.00771	0.00734	0.00221	0.00866	0.00737	0.00443	0.01038
5	0.01327	0.00664	0.00664	0.00664	0.00830	0.00664	0.00498	0.01659	0.01493	0.02655	0.02323	0.02655	0.01825	0.00830	0.00498	0.00166	0.00332	0.00664	0.78928	0.00664
6	0.80005	0.01377	0.01047	0.00936	0.01377	0.01597	0.00771	0.02093	0.01212	0.03195	0.00991	0.01157	0.00771	0.00661	0.00441	0.00220	0.00551	0.00386	0.00441	0.00771
7	0.24898	0.17716	0.13153	0.01767	0.05371	0.07309	0.13124	0.02277	0.01503	0.05166	0.01212	0.01430	0.00944	0.00655	0.00590	0.00207	0.00859	0.00517	0.00384	0.00916
8	0.01599	0.01168	0.01372	0.01261	0.04116	0.01187	0.00939	0.09836	0.18233	0.08661	0.25828	0.03922	0.12991	0.01195	0.00768	0.00223	0.00497	0.01015	0.00720	0.04469
9	0.80005	0.01377	0.01047	0.00936	0.01377	0.01597	0.00771	0.02093	0.01212	0.03195	0.00991	0.01157	0.00771	0.00661	0.00441	0.00220	0.00551	0.00386	0.00441	0.00771
10	0.01558	0.01558	0.02181	0.01869	0.01869	0.02181	0.01558	0.01714	0.01091	0.01714	0.00935	0.01558	0.00935	0.01246	0.02337	0.00312	0.73672	0.00623	0.00312	0.00779
11	0.01148	0.00780	0.00949	0.00962	0.01032	0.00796	0.00667	0.04278	0.01278	0.01699	0.02487	0.05045	0.02747	0.47878	0.06303	0.04820	0.00744	0.15378	0.00485	0.00522
12	0.03020	0.01493	0.01826	0.01400	0.01958	0.01463	0.01157	0.26688	0.02508	0.47145	0.02415	0.02167	0.01565	0.00872	0.00715	0.00218	0.00670	0.00689	0.00821	0.01212
13	0.01549	0.01344	0.02335	0.46114	0.09745	0.01503	0.10847	0.01991	0.01523	0.07729	0.01722	0.02245	0.04185	0.03205	0.00831	0.00249	0.00911	0.00720	0.00392	0.00858
14	0.01915	0.02082	0.04727	0.04424	0.08821	0.23383	0.15423	0.04142	0.01713	0.05482	0.01586	0.04903	0.01350	0.01671	0.14748	0.00397	0.01244	0.00707	0.00411	0.00872
15	0.01327	0.00664	0.00664	0.00664	0.00830	0.00664	0.00498	0.01659	0.01493	0.02655	0.02323	0.02655	0.01825	0.00830	0.00498	0.00166	0.00332	0.00664	0.78928	0.00664
16	0.01744	0.01648	0.06179	0.02495	0.26095	0.01495	0.05542	0.04734	0.14479	0.05556	0.01775	0.04029	0.01430	0.00738	0.00681	0.00198	0.00726	0.00668	0.00482	0.19307

[dist]
# distance from previous block
# <min> <max>
0	2

[block]
# block no. 8 follows, 29 sequences, length 11
# corresponding to MSA columns:
# 2192-2202
name=unknown_I
#
# <colnr> <probs for GDERKNQSTAVLIFYWHMCP>
#	G	D	E	R	K	N	Q	S	T	A	V	L	I	F	Y	W	H	M	C	P
0	0.01703	0.01641	0.02846	0.04080	0.62151	0.01631	0.06182	0.02119	0.01609	0.02293	0.01503	0.06197	0.01343	0.00729	0.00726	0.00218	0.00842	0.00732	0.00372	0.01084
1	0.37447	0.02182	0.23241	0.01415	0.02067	0.01681	0.01463	0.11105	0.05274	0.06112	0.01361	0.01476	0.00991	0.00718	0.00578	0.00222	0.00742	0.00501	0.00468	0.00957
2	0.01875	0.58489	0.12959	0.01490	0.04742	0.06521	0.01461	0.02191	0.01494	0.01785	0.01050	0.01225	0.00921	0.00627	0.00508	0.00167	0.00835	0.00415	0.00309	0.00936
3	0.08629	0.09817	0.10670	0.02171	0.16460	0.10237	0.03366	0.15660	0.05144	0.08964	0.01522	0.01655	0.01146	0.00732	0.00653	0.00208	0.00852	0.00576	0.00488	0.01051
4	0.00868	0.00620	0.00826	0.00991	0.01033	0.00578	0.00661	0.00991	0.01363	0.01818	0.03925	0.74510	0.04710	0.02231	0.00909	0.00289	0.00413	0.02024	0.00661	0.00578
5	0.00885	0.00641	0.00840	0.00993	0.01057	0.00596	0.00685	0.01027	0.01402	0.01847	0.04164	0.64857	0.09642	0.02180	0.00909	0.00288	0.00426	0.06315	0.00661	0.00585
6	0.01513	0.07628	0.01670	0.01069	0.01700	0.01110	0.00876	0.01822	0.01474	0.02265	0.01242	0.01448	0.01043	0.00534	0.00521	0.00109	0.00547	0.00418	0.00412	0.72599
7	0.01067	0.00900	0.01034	0.01109	0.01202	0.05581	0.00801	0.01237	0.01461	0.01907	0.09257	0.47894	0.07315	0.02156	0.05308	0.00330	0.05123	0.05083	0.00613	0.00624
8	0.01780	0.24007	0.23171	0.01474	0.02118	0.07131	0.01545	0.06716	0.06343	0.04837	0.01963	0.02050	0.07115	0.00809	0.00618	0.00198	0.00806	0.00606	0.05761	0.00951
9	0.04735	0.08674	0.27384	0.01619	0.02343	0.05536	0.03558	0.07165	0.01822	0.22649	0.03695	0.01854	0.01352	0.00761	0.00666	0.00210	0.00838	0.00596	0.00529	0.04014
10	0.04085	0.18643	0.19256	0.01586	0.02168	0.05684	0.08612	0.02118	0.06904	0.02147	0.07296	0.02331	0.06124	0.01323	0.08457	0.00310	0.00952	0.00692	0.00421	0.00890

[dist]
# distance from previous block
# <min> <max>
1	7

[block]
# block no. 9 follows, 29 sequences, length 24
# corresponding to MSA columns:
# 2210-2233
name=unknown_J
#
# <colnr> <probs for GDERKNQSTAVLIFYWHMCP>
#	G	D	E	R	K	N	Q	S	T	A	V	L	I	F	Y	W	H	M	C	P
0	0.01627	0.20054	0.23626	0.01470	0.02111	0.01753	0.01538	0.09489	0.01684	0.02341	0.03696	0.09277	0.01566	0.00870	0.00687	0.00198	0.03182	0.00677	0.02156	0.12000
1	0.02191	0.06147	0.01753	0.01336	0.01739	0.11182	0.01069	0.31761	0.02412	0.05629	0.05540	0.02232	0.01691	0.06052	0.00857	0.00231	0.00725	0.00671	0.15831	0.00950
2	0.01691	0.06762	0.13985	0.01346	0.01910	0.02969	0.01265	0.05065	0.04744	0.09340	0.08927	0.05776	0.01927	0.00860	0.00740	0.00188	0.04668	0.00681	0.00509	0.26648
3	0.01121	0.00792	0.00950	0.00954	0.01065	0.00806	0.00668	0.05829	0.01397	0.01883	0.03099	0.16326	0.10332	0.30495	0.12700	0.00559	0.00779	0.05522	0.04139	0.00587
4	0.01393	0.01177	0.01387	0.01046	0.01598	0.00898	0.00819	0.01683	0.01461	0.02251	0.01631	0.11513	0.01557	0.00761	0.00580	0.00131	0.00512	0.00642	0.00455	0.68506
5	0.01837	0.01562	0.01647	0.01462	0.01877	0.01802	0.01143	0.08292	0.64632	0.03084	0.02815	0.02590	0.02106	0.00958	0.00724	0.00240	0.00579	0.00794	0.00724	0.01133
6	0.00868	0.00620	0.00826	0.00991	0.01033	0.00578	0.00661	0.00991	0.01363	0.01818	0.03925	0.74510	0.04710	0.02231	0.00909	0.00289	0.00413	0.02024	0.00661	0.00578
7	0.06966	0.05448	0.53557	0.01979	0.04739	0.01645	0.05421	0.02339	0.01537	0.07941	0.01384	0.01571	0.00979	0.00685	0.00665	0.00223	0.00974	0.00546	0.00362	0.01040
8	0.01555	0.22738	0.53338	0.01814	0.02749	0.01963	0.02256	0.02222	0.01488	0.02101	0.01201	0.01407	0.00905	0.00659	0.00618	0.00206	0.00975	0.00488	0.00302	0.01016
9	0.02519	0.01074	0.01465	0.01229	0.01656	0.00955	0.01019	0.02812	0.01957	0.48954	0.11495	0.03886	0.02845	0.01166	0.00784	0.00242	0.00582	0.13503	0.00825	0.01035
10	0.01769	0.02723	0.39387	0.06073	0.07064	0.01646	0.10628	0.06741	0.04829	0.09971	0.01573	0.01762	0.01114	0.00714	0.00710	0.00227	0.00964	0.00620	0.00422	0.01062
11	0.01887	0.01845	0.10752	0.11693	0.33822	0.01612	0.11438	0.04009	0.01695	0.11982	0.01554	0.01863	0.01165	0.00684	0.00724	0.00222	0.00898	0.00663	0.00427	0.01069
12	0.01074	0.00802	0.01058	0.01149	0.01336	0.00767	0.00953	0.01347	0.01559	0.02038	0.04073	0.15214	0.14615	0.02116	0.05776	0.00351	0.00656	0.39118	0.00624	0.05372
13	0.02701	0.01104	0.01484	0.01174	0.01645	0.00959	0.00956	0.02980	0.02009	0.55887	0.13921	0.03157	0.06683	0.01029	0.00744	0.00222	0.00548	0.00856	0.00852	0.01088
14	0.01942	0.01964	0.08243	0.05290	0.09122	0.11264	0.08880	0.19934	0.02105	0.04018	0.06414	0.02279	0.01671	0.01416	0.09838	0.00338	0.01040	0.02783	0.00500	0.00960
15	0.15763	0.12609	0.20096	0.06836	0.02684	0.06440	0.14506	0.04017	0.04688	0.04109	0.01330	0.01567	0.01007	0.00679	0.00640	0.00216	0.00918	0.00565	0.00388	0.00943
16	0.12446	0.02009	0.06862	0.03909	0.11995	0.10824	0.09276	0.20296	0.02115	0.05224	0.04978	0.01840	0.01378	0.00768	0.00680	0.00214	0.00856	0.00635	0.02698	0.00997
17	0.06534	0.01523	0.01899	0.06002	0.07587	0.06164	0.05878	0.12664	0.06839	0.22802	0.04431	0.06074	0.03986	0.03388	0.00818	0.00240	0.00731	0.00794	0.00636	0.01011
18	0.01509	0.01359	0.06165	0.05913	0.09643	0.05907	0.01182	0.06220	0.03603	0.07909	0.07884	0.29572	0.07370	0.01425	0.00796	0.00246	0.00634	0.01250	0.00593	0.00822
19	0.01824	0.03878	0.06616	0.01851	0.12849	0.05554	0.04937	0.06519	0.05667	0.13110	0.07995	0.06226	0.11081	0.01024	0.00734	0.00217	0.00695	0.02195	0.00576	0.06452
20	0.01811	0.01402	0.10551	0.05146	0.06539	0.01108	0.01243	0.02307	0.06356	0.22389	0.22221	0.03316	0.06194	0.01290	0.04678	0.00275	0.00677	0.00893	0.00664	0.00941
21	0.01727	0.01568	0.02432	0.10177	0.11182	0.01852	0.09767	0.05378	0.01468	0.06231	0.01261	0.01721	0.01051	0.00937	0.01456	0.00257	0.34100	0.00645	0.00386	0.06405
22	0.02119	0.01461	0.01691	0.03746	0.05379	0.01548	0.01134	0.25839	0.14517	0.13714	0.02857	0.02962	0.10936	0.07641	0.00993	0.00267	0.00659	0.00834	0.00678	0.01026
23	0.04234	0.01822	0.06699	0.13478	0.04848	0.14114	0.04776	0.06015	0.05433	0.02205	0.02060	0.11835	0.05715	0.00999	0.00778	0.00220	0.03899	0.00823	0.00457	0.09590

[dist]
# distance from previous block
# <min> <max>
16	121

[block]
# block no. 10 follows, 29 sequences, length 11
# corresponding to MSA columns:
# 2369-2379
name=unknown_K
#
# <colnr> <probs for GDERKNQSTAVLIFYWHMCP>
#	G	D	E	R	K	N	Q	S	T	A	V	L	I	F	Y	W	H	M	C	P
0	0.01518	0.01330	0.01498	0.01629	0.10661	0.08051	0.01099	0.02106	0.14539	0.04426	0.09432	0.03819	0.11281	0.07721	0.05110	0.00327	0.04418	0.06895	0.03316	0.00824
1	0.23546	0.09105	0.08108	0.06275	0.14315	0.10980	0.04281	0.08301	0.01699	0.05420	0.01268	0.01488	0.00983	0.00689	0.00605	0.00209	0.00837	0.00522	0.00422	0.00947
2	0.08786	0.03719	0.09994	0.01514	0.05773	0.08268	0.01233	0.07794	0.14383	0.05568	0.12012	0.05173	0.04491	0.04983	0.00854	0.00244	0.00694	0.00798	0.00566	0.03152
3	0.01000	0.04932	0.01033	0.00885	0.01094	0.00771	0.00685	0.01263	0.01784	0.02359	0.36402	0.10183	0.27972	0.01608	0.00832	0.00236	0.00392	0.05214	0.00699	0.00654
4	0.04857	0.09821	0.17375	0.09129	0.19731	0.07449	0.06711	0.09506	0.04433	0.02443	0.01360	0.01635	0.01057	0.00692	0.00670	0.00212	0.00922	0.00584	0.00392	0.01017
5	0.01770	0.01371	0.01586	0.01155	0.01773	0.01143	0.00933	0.11801	0.01792	0.07022	0.01430	0.01572	0.01123	0.00599	0.00567	0.00129	0.00571	0.00473	0.00494	0.62696
6	0.00917	0.00674	0.00881	0.00962	0.01055	0.00652	0.00675	0.01089	0.01420	0.01906	0.12035	0.41620	0.12303	0.06565	0.13323	0.00444	0.00670	0.01599	0.00615	0.00595
7	0.01008	0.00743	0.01076	0.01089	0.01194	0.00842	0.00818	0.01222	0.01149	0.01634	0.02106	0.08651	0.02106	0.13353	0.58431	0.01023	0.01646	0.00894	0.00409	0.00607
8	0.01862	0.15397	0.06479	0.01908	0.12757	0.06835	0.06056	0.06504	0.05469	0.05294	0.01456	0.01648	0.01157	0.00661	0.00611	0.00175	0.00768	0.00544	0.03626	0.20793
9	0.01251	0.01116	0.05100	0.01290	0.03393	0.03397	0.03070	0.03642	0.07279	0.05072	0.06320	0.45074	0.07703	0.01728	0.00842	0.00263	0.00543	0.01544	0.00634	0.00740
10	0.05323	0.06358	0.14056	0.04529	0.17000	0.19008	0.01686	0.09027	0.03625	0.05056	0.01485	0.04287	0.01220	0.00933	0.03177	0.00242	0.00973	0.00612	0.00426	0.00977

[dist]
# distance from previous block
# <min> <max>
2	8

[block]
# block no. 11 follows, 29 sequences, length 58
# corresponding to MSA columns:
# 2388-2445
name=unknown_L
#
# <colnr> <probs for GDERKNQSTAVLIFYWHMCP>
#	G	D	E	R	K	N	Q	S	T	A	V	L	I	F	Y	W	H	M	C	P
