[name]
unknown

[dist]
# distance from previous block
# <min> <max>
6	109

[block]
# block no. 0 follows, 34 sequences, length 46
# corresponding to MSA columns:
# 138-177,179-184
name=unknown_A
#
# <colnr> <probs for GDERKNQSTAVLIFYWHMCP>
#	G	D	E	R	K	N	Q	S	T	A	V	L	I	F	Y	W	H	M	C	P
0	0.00962	0.00637	0.00758	0.00758	0.00794	0.00658	0.00476	0.01035	0.00998	0.01411	0.01985	0.03734	0.02144	0.56236	0.16531	0.00659	0.00804	0.00860	0.08114	0.00447
1	0.74273	0.01235	0.01002	0.00879	0.01288	0.01401	0.00724	0.02019	0.01172	0.09700	0.01058	0.01160	0.00786	0.00619	0.00424	0.00200	0.00505	0.00379	0.00438	0.00738
2	0.01388	0.01147	0.01345	0.00963	0.01535	0.00864	0.00771	0.01674	0.01356	0.04325	0.01192	0.01366	0.00977	0.00488	0.00484	0.00099	0.00481	0.00391	0.00396	0.78758
3	0.11529	0.01642	0.02793	0.02050	0.02611	0.06133	0.41821	0.01978	0.01436	0.02128	0.01189	0.01531	0.00926	0.00570	0.00706	0.00192	0.03845	0.00610	0.00345	0.15964
4	0.01414	0.01414	0.01979	0.01696	0.01696	0.01979	0.01414	0.01555	0.00990	0.01555	0.00848	0.01414	0.00848	0.01131	0.02120	0.00283	0.76110	0.00565	0.00283	0.00707
5	0.74273	0.01235	0.01002	0.00879	0.01288	0.01401	0.00724	0.02019	0.01172	0.09700	0.01058	0.01160	0.00786	0.00619	0.00424	0.00200	0.00505	0.00379	0.00438	0.00738
6	0.00940	0.00626	0.00705	0.00705	0.00705	0.00626	0.00392	0.00940	0.00940	0.01253	0.02036	0.04228	0.02349	0.77292	0.03289	0.00626	0.00626	0.00940	0.00392	0.00392
7	0.06612	0.01065	0.01411	0.01102	0.01564	0.00942	0.00905	0.02902	0.01810	0.63378	0.09227	0.02395	0.01987	0.00840	0.00648	0.00200	0.00524	0.00685	0.00771	0.01033
8	0.01261	0.01229	0.02191	0.65866	0.04305	0.01462	0.11141	0.01708	0.01324	0.01708	0.01170	0.01725	0.00877	0.00632	0.00662	0.00216	0.00892	0.00600	0.00292	0.00739
9	0.00811	0.00656	0.00720	0.00704	0.00902	0.00566	0.00528	0.01019	0.01584	0.02010	0.27287	0.05783	0.52093	0.01538	0.00763	0.00214	0.00320	0.01303	0.00635	0.00566
10	0.01292	0.00906	0.01068	0.00996	0.01254	0.00905	0.00790	0.03959	0.16745	0.09436	0.23407	0.04634	0.19134	0.01299	0.00745	0.00224	0.00435	0.11364	0.00664	0.00745
11	0.01226	0.01148	0.01911	0.72369	0.04319	0.01410	0.01748	0.01650	0.01294	0.01671	0.01148	0.01705	0.00866	0.00638	0.00638	0.00210	0.00844	0.00566	0.00291	0.04347
12	0.01122	0.00561	0.00842	0.00842	0.00842	0.00561	0.00561	0.00842	0.00842	0.01122	0.01122	0.01964	0.01122	0.02245	0.02525	0.81201	0.00561	0.00561	0.00281	0.00281
13	0.02037	0.02360	0.01759	0.01573	0.01854	0.43804	0.01215	0.04283	0.15153	0.01860	0.01441	0.01589	0.02923	0.00818	0.00881	0.00200	0.14521	0.00532	0.00401	0.00798
14	0.00825	0.00591	0.00783	0.00874	0.00945	0.00550	0.00603	0.00993	0.01411	0.01925	0.23887	0.55758	0.04808	0.01818	0.00806	0.00245	0.00354	0.01641	0.00632	0.00550
15	0.01310	0.05725	0.71682	0.01818	0.02760	0.01534	0.02346	0.02043	0.01363	0.02029	0.01151	0.01354	0.00819	0.00612	0.00607	0.00202	0.00946	0.00473	0.00273	0.00951
16	0.01495	0.01429	0.02435	0.23615	0.54423	0.01508	0.01931	0.01892	0.01422	0.01985	0.01197	0.01633	0.00979	0.00595	0.00641	0.00198	0.00793	0.00575	0.00311	0.00940
17	0.18071	0.01210	0.01420	0.01141	0.01588	0.01187	0.02710	0.13255	0.01763	0.28867	0.01940	0.04060	0.01475	0.00814	0.00598	0.00194	0.00562	0.05599	0.03045	0.10499
18	0.01340	0.01148	0.01340	0.00957	0.01531	0.00861	0.00766	0.01627	0.01340	0.02105	0.01148	0.01340	0.00957	0.00479	0.00479	0.00096	0.00479	0.00383	0.00383	0.81242
19	0.01323	0.07940	0.69580	0.01796	0.02726	0.01566	0.02308	0.02039	0.01361	0.02014	0.01143	0.01344	0.00819	0.00610	0.00602	0.00201	0.00939	0.00469	0.00273	0.00947
20	0.01220	0.01148	0.01938	0.75739	0.04450	0.01436	0.01794	0.01651	0.01292	0.01651	0.01148	0.01723	0.00861	0.00646	0.00646	0.00215	0.00861	0.00574	0.00287	0.00718
21	0.00795	0.00568	0.00759	0.00909	0.00949	0.00531	0.00613	0.00913	0.01245	0.01658	0.03557	0.74753	0.04257	0.02017	0.00827	0.00263	0.00382	0.03878	0.00600	0.00527
22	0.01592	0.01240	0.01586	0.01184	0.01675	0.01115	0.04058	0.05511	0.01449	0.10132	0.01294	0.01475	0.01023	0.00619	0.00736	0.00143	0.10521	0.00464	0.00428	0.53755
23	0.02410	0.02039	0.01896	0.01514	0.01988	0.16223	0.01223	0.54637	0.05914	0.03523	0.01492	0.01514	0.01086	0.00759	0.00634	0.00190	0.00791	0.00556	0.00585	0.01027
24	0.81856	0.01250	0.00950	0.00850	0.01250	0.01449	0.00700	0.01899	0.01100	0.02899	0.00900	0.01050	0.00700	0.00600	0.00400	0.00200	0.00500	0.00350	0.00400	0.00700
25	0.01727	0.77681	0.03386	0.01106	0.01658	0.02557	0.01106	0.01935	0.01313	0.01520	0.00898	0.01036	0.00829	0.00553	0.00415	0.00138	0.00691	0.00345	0.00276	0.00829
26	0.00894	0.00662	0.00835	0.00798	0.00961	0.00603	0.00603	0.01176	0.01762	0.02436	0.60259	0.05121	0.16795	0.01385	0.00766	0.00208	0.00317	0.03130	0.00690	0.00599
27	0.01296	0.03342	0.73944	0.01842	0.02797	0.01501	0.02387	0.02046	0.01364	0.02046	0.01160	0.01364	0.00818	0.00614	0.00614	0.00205	0.00955	0.00477	0.00273	0.00955
28	0.02899	0.01100	0.01499	0.01150	0.01649	0.00950	0.00950	0.03149	0.01849	0.73709	0.02549	0.02199	0.01599	0.00800	0.00650	0.00200	0.00550	0.00650	0.00800	0.01100
29	0.00805	0.00656	0.00713	0.00698	0.00898	0.00563	0.00524	0.01008	0.01572	0.01980	0.24956	0.05832	0.54443	0.01549	0.00763	0.00214	0.00321	0.01310	0.00631	0.00563
30	0.00930	0.00622	0.00708	0.00717	0.00720	0.00620	0.00405	0.00937	0.00959	0.01278	0.02133	0.08855	0.02472	0.72498	0.03132	0.00603	0.00610	0.00997	0.00405	0.00400
31	0.02375	0.01769	0.01893	0.01470	0.01973	0.01966	0.01208	0.64607	0.09671	0.03941	0.01655	0.01634	0.01183	0.00785	0.00647	0.00196	0.00692	0.00596	0.00647	0.01092
32	0.00822	0.00633	0.00758	0.00842	0.00958	0.00583	0.00594	0.01029	0.04112	0.01753	0.06082	0.46917	0.26812	0.01828	0.00799	0.00246	0.00370	0.03702	0.00605	0.00555
33	0.01193	0.00887	0.01205	0.01246	0.01453	0.00903	0.03157	0.08093	0.03243	0.02153	0.03288	0.06414	0.06199	0.01624	0.00854	0.00280	0.00608	0.55946	0.00593	0.00659
34	0.01727	0.77681	0.03386	0.01106	0.01658	0.02557	0.01106	0.01935	0.01313	0.01520	0.00898	0.01036	0.00829	0.00553	0.00415	0.00138	0.00691	0.00345	0.00276	0.00829
35	0.02318	0.09809	0.02013	0.01507	0.01948	0.29969	0.01212	0.33943	0.06445	0.02781	0.01337	0.01402	0.01021	0.00717	0.00599	0.00179	0.00872	0.00503	0.00490	0.00933
36	0.01467	0.28800	0.42899	0.01673	0.02460	0.01877	0.08528	0.02010	0.01362	0.01867	0.01084	0.01288	0.00838	0.00586	0.00559	0.00183	0.00877	0.00459	0.00279	0.00904
37	0.00916	0.00631	0.00715	0.00715	0.00757	0.00617	0.00432	0.00942	0.01032	0.01343	0.02773	0.04419	0.14563	0.58331	0.05639	0.03728	0.00615	0.00989	0.00422	0.00421
38	0.01607	0.01388	0.01461	0.01315	0.01680	0.01607	0.01023	0.03433	0.72094	0.02703	0.02630	0.02411	0.01972	0.00877	0.00657	0.00219	0.00511	0.00731	0.00657	0.01023
39	0.01219	0.01110	0.01844	0.70445	0.04190	0.01377	0.01700	0.01641	0.01296	0.01704	0.01216	0.01771	0.00917	0.00654	0.00632	0.00211	0.00822	0.00576	0.05966	0.00710
40	0.02363	0.01928	0.08837	0.01507	0.02065	0.01912	0.01328	0.61674	0.02828	0.06747	0.01555	0.01560	0.01093	0.00761	0.00643	0.00195	0.00728	0.00575	0.00617	0.01085
41	0.00970	0.00713	0.00946	0.01061	0.01215	0.00689	0.00897	0.01232	0.01483	0.01909	0.06848	0.11529	0.16118	0.01755	0.00860	0.00277	0.00521	0.49794	0.00601	0.00582
42	0.01122	0.00561	0.00842	0.00842	0.00842	0.00561	0.00561	0.00842	0.00842	0.01122	0.01122	0.01964	0.01122	0.02245	0.02525	0.81201	0.00561	0.00561	0.00281	0.00281
43	0.02298	0.02786	0.01844	0.01647	0.01960	0.60705	0.01258	0.07209	0.03535	0.01777	0.01061	0.01247	0.00880	0.00725	0.00742	0.00181	0.08562	0.00450	0.00357	0.00776
44	0.01026	0.00772	0.01082	0.01046	0.01164	0.00895	0.00802	0.04864	0.01130	0.01608	0.01725	0.02653	0.01649	0.13547	0.58987	0.00912	0.04473	0.00712	0.00365	0.00587
45	0.01614	0.01391	0.02252	0.01633	0.02216	0.01223	0.25391	0.04958	0.04714	0.09081	0.01422	0.01621	0.01079	0.00563	0.00610	0.00158	0.00711	0.00566	0.00427	0.38371

[dist]
# distance from previous block
# <min> <max>
0	21

[block]
# block no. 1 follows, 34 sequences, length 60
# corresponding to MSA columns:
# 206-265
name=unknown_B
#
# <colnr> <probs for GDERKNQSTAVLIFYWHMCP>
#	G	D	E	R	K	N	Q	S	T	A	V	L	I	F	Y	W	H	M	C	P
0	0.00940	0.00626	0.00705	0.00705	0.00705	0.00626	0.00392	0.00940	0.00940	0.01253	0.02036	0.04228	0.02349	0.77292	0.03289	0.00626	0.00626	0.00940	0.00392	0.00392
1	0.01246	0.01188	0.02049	0.70180	0.06299	0.01448	0.05185	0.01681	0.01308	0.01684	0.01158	0.01720	0.00872	0.00639	0.00652	0.00215	0.00870	0.00583	0.00290	0.00734
2	0.00783	0.00596	0.00722	0.00815	0.00917	0.00534	0.00564	0.00919	0.01334	0.01710	0.06673	0.51160	0.27199	0.01874	0.00802	0.00246	0.00357	0.01659	0.00603	0.00534
3	0.01643	0.01406	0.01481	0.01322	0.01694	0.01624	0.01031	0.06299	0.69170	0.02761	0.02584	0.02374	0.01935	0.00872	0.00657	0.00218	0.00520	0.00724	0.00657	0.01026
4	0.00923	0.00692	0.01038	0.01038	0.01154	0.00808	0.00808	0.01154	0.01038	0.01500	0.01731	0.02538	0.01615	0.04846	0.74732	0.01038	0.01731	0.00692	0.00346	0.00577
5	0.01220	0.01148	0.01938	0.75739	0.04450	0.01436	0.01794	0.01651	0.01292	0.01651	0.01148	0.01723	0.00861	0.00646	0.00646	0.00215	0.00861	0.00574	0.00287	0.00718
6	0.00786	0.00568	0.00744	0.00885	0.00933	0.00526	0.00593	0.00901	0.01251	0.01655	0.03738	0.72697	0.08333	0.02001	0.00821	0.00260	0.00372	0.01809	0.00600	0.00526
7	0.00764	0.00655	0.00655	0.00655	0.00873	0.00545	0.00491	0.00927	0.01473	0.01745	0.06546	0.06218	0.73000	0.01636	0.00764	0.00218	0.00327	0.01364	0.00600	0.00545
8	0.00787	0.00562	0.00750	0.00900	0.00937	0.00525	0.00600	0.00900	0.01237	0.01649	0.03561	0.76871	0.04274	0.02024	0.00825	0.00262	0.00375	0.01837	0.00600	0.00525
9	0.01220	0.01148	0.01938	0.75739	0.04450	0.01436	0.01794	0.01651	0.01292	0.01651	0.01148	0.01723	0.00861	0.00646	0.00646	0.00215	0.00861	0.00574	0.00287	0.00718
10	0.01296	0.03342	0.73944	0.01842	0.02797	0.01501	0.02387	0.02046	0.01364	0.02046	0.01160	0.01364	0.00818	0.00614	0.00614	0.00205	0.00955	0.00477	0.00273	0.00955
11	0.01599	0.01535	0.02623	0.03966	0.73262	0.01535	0.01983	0.01983	0.01471	0.02111	0.01215	0.01599	0.01023	0.00576	0.00640	0.00192	0.00768	0.00576	0.00320	0.01023
12	0.01296	0.03342	0.73944	0.01842	0.02797	0.01501	0.02387	0.02046	0.01364	0.02046	0.01160	0.01364	0.00818	0.00614	0.00614	0.00205	0.00955	0.00477	0.00273	0.00955
13	0.00787	0.00562	0.00750	0.00900	0.00937	0.00525	0.00600	0.00900	0.01237	0.01649	0.03561	0.76871	0.04274	0.02024	0.00825	0.00262	0.00375	0.01837	0.00600	0.00525
14	0.01414	0.01414	0.01979	0.01696	0.01696	0.01979	0.01414	0.01555	0.00990	0.01555	0.00848	0.01414	0.00848	0.01131	0.02120	0.00283	0.76110	0.00565	0.00283	0.00707
15	0.01014	0.00684	0.00765	0.00743	0.00768	0.00694	0.00432	0.04376	0.01042	0.01391	0.02012	0.04097	0.02288	0.73545	0.03159	0.00605	0.00631	0.00922	0.00404	0.00426
16	0.02020	0.02442	0.01812	0.01619	0.01845	0.48598	0.01257	0.02179	0.01556	0.01582	0.01255	0.01516	0.04770	0.00860	0.01059	0.00205	0.23854	0.00513	0.00332	0.00725
17	0.00764	0.00655	0.00655	0.00655	0.00873	0.00545	0.00491	0.00927	0.01473	0.01745	0.06546	0.06218	0.73000	0.01636	0.00764	0.00218	0.00327	0.01364	0.00600	0.00545
18	0.73086	0.01233	0.01011	0.00883	0.01294	0.01394	0.00728	0.02038	0.01183	0.10765	0.01083	0.01177	0.00800	0.00622	0.00428	0.00200	0.00505	0.00383	0.00444	0.00744
19	0.00886	0.00659	0.00825	0.00783	0.00948	0.00598	0.00587	0.01165	0.01762	0.02433	0.60516	0.05087	0.18600	0.01380	0.00762	0.00206	0.00309	0.01205	0.00690	0.00598
20	0.00924	0.00690	0.01026	0.01026	0.01138	0.00801	0.00793	0.01146	0.01035	0.01491	0.01742	0.02600	0.01642	0.07467	0.72147	0.01024	0.01691	0.00701	0.00348	0.00570
21	0.02414	0.03079	0.01831	0.01665	0.01998	0.74698	0.01248	0.02580	0.01831	0.01581	0.00999	0.01165	0.00832	0.00666	0.00583	0.00166	0.01165	0.00416	0.00333	0.00749
22	0.01340	0.01148	0.01340	0.00957	0.01531	0.00861	0.00766	0.01627	0.01340	0.02105	0.01148	0.01340	0.00957	0.00479	0.00479	0.00096	0.00479	0.00383	0.00383	0.81242
23	0.02456	0.01810	0.01939	0.01487	0.02004	0.02004	0.01228	0.71107	0.03038	0.04072	0.01551	0.01551	0.01099	0.00776	0.00646	0.00194	0.00711	0.00582	0.00646	0.01099
24	0.01571	0.01623	0.06652	0.05870	0.65162	0.01532	0.01973	0.02018	0.03484	0.02111	0.01251	0.01613	0.01034	0.00589	0.00639	0.00194	0.00774	0.00574	0.00326	0.01011
25	0.01563	0.36719	0.35295	0.01535	0.02261	0.06171	0.04450	0.02028	0.01374	0.01784	0.01039	0.01220	0.00830	0.00587	0.00528	0.00173	0.00853	0.00426	0.00280	0.00883
26	0.01099	0.03180	0.01415	0.01251	0.01391	0.01071	0.06993	0.04625	0.01327	0.01797	0.02861	0.40414	0.08876	0.01560	0.01071	0.00253	0.16596	0.03083	0.00501	0.00635
27	0.01825	0.01441	0.01543	0.01334	0.01732	0.01634	0.01053	0.14708	0.56423	0.07126	0.02445	0.02255	0.01805	0.00855	0.00655	0.00214	0.00547	0.00701	0.00664	0.01040
28	0.00934	0.00627	0.00719	0.00732	0.00739	0.00625	0.00425	0.00951	0.00975	0.01299	0.02170	0.08490	0.02506	0.70426	0.03066	0.00594	0.00611	0.03293	0.00410	0.00406
29	0.02334	0.01749	0.01871	0.01462	0.01957	0.01947	0.01199	0.61398	0.12946	0.03876	0.01706	0.01675	0.01224	0.00790	0.00648	0.00198	0.00682	0.00603	0.00648	0.01088
30	0.00972	0.00623	0.00692	0.00692	0.00711	0.00623	0.00399	0.01009	0.00990	0.01394	0.02045	0.04007	0.02265	0.67976	0.02943	0.00568	0.00587	0.00899	0.10189	0.00417
31	0.02305	0.02917	0.02072	0.01793	0.02165	0.65805	0.09728	0.02518	0.01794	0.01641	0.01036	0.01236	0.00850	0.00651	0.00605	0.00173	0.01156	0.00458	0.00332	0.00764
32	0.00837	0.00601	0.00805	0.00950	0.01015	0.00569	0.00684	0.00987	0.01293	0.01708	0.03617	0.61159	0.06076	0.01966	0.00836	0.00268	0.00417	0.15074	0.00599	0.00539
33	0.00787	0.00562	0.00750	0.00900	0.00937	0.00525	0.00600	0.00900	0.01237	0.01649	0.03561	0.76871	0.04274	0.02024	0.00825	0.00262	0.00375	0.01837	0.00600	0.00525
34	0.00802	0.00573	0.00766	0.00916	0.00960	0.00537	0.00625	0.00925	0.01251	0.01666	0.03553	0.72888	0.04242	0.02011	0.00829	0.00264	0.00387	0.05676	0.00600	0.00529
35	0.01414	0.01414	0.01979	0.01696	0.01696	0.01979	0.01414	0.01555	0.00990	0.01555	0.00848	0.01414	0.00848	0.01131	0.02120	0.00283	0.76110	0.00565	0.00283	0.00707
36	0.01607	0.01388	0.01461	0.01315	0.01680	0.01607	0.01023	0.03433	0.72094	0.02703	0.02630	0.02411	0.01972	0.00877	0.00657	0.00219	0.00511	0.00731	0.00657	0.01023
37	0.00923	0.00692	0.01038	0.01038	0.01154	0.00808	0.00808	0.01154	0.01038	0.01500	0.01731	0.02538	0.01615	0.04846	0.74732	0.01038	0.01731	0.00692	0.00346	0.00577
38	0.00898	0.00609	0.00717	0.00758	0.00769	0.00598	0.00449	0.00929	0.01022	0.01362	0.02456	0.24243	0.02879	0.56554	0.02610	0.00526	0.00557	0.01187	0.00449	0.00428
39	0.01599	0.01535	0.02623	0.03966	0.73262	0.01535	0.01983	0.01983	0.01471	0.02111	0.01215	0.01599	0.01023	0.00576	0.00640	0.00192	0.00768	0.00576	0.00320	0.01023
40	0.00926	0.00658	0.00853	0.00805	0.00957	0.00609	0.00603	0.01231	0.01810	0.02584	0.70126	0.04731	0.05921	0.01299	0.00750	0.00201	0.00305	0.01146	0.03875	0.00609
41	0.01340	0.01148	0.01340	0.00957	0.01531	0.00861	0.00766	0.01627	0.01340	0.02105	0.01148	0.01340	0.00957	0.00479	0.00479	0.00096	0.00479	0.00383	0.00383	0.81242
42	0.01727	0.77681	0.03386	0.01106	0.01658	0.02557	0.01106	0.01935	0.01313	0.01520	0.00898	0.01036	0.00829	0.00553	0.00415	0.00138	0.00691	0.00345	0.00276	0.00829
43	0.00914	0.00660	0.00864	0.00813	0.00965	0.00610	0.00610	0.01219	0.01829	0.02591	0.72921	0.04827	0.06097	0.01321	0.00762	0.00203	0.00305	0.01169	0.00711	0.00610
44	0.01236	0.01165	0.01967	0.72700	0.07364	0.01440	0.01802	0.01665	0.01300	0.01670	0.01151	0.01717	0.00868	0.00643	0.00646	0.00214	0.00857	0.00574	0.00288	0.00731
45	0.01220	0.01148	0.01938	0.75739	0.04450	0.01436	0.01794	0.01651	0.01292	0.01651	0.01148	0.01723	0.00861	0.00646	0.00646	0.00215	0.00861	0.00574	0.00287	0.00718
46	0.01250	0.00646	0.00651	0.00635	0.00798	0.00653	0.00480	0.04045	0.01416	0.02470	0.02087	0.02378	0.01636	0.00754	0.00459	0.00152	0.00316	0.00601	0.77951	0.00620
47	0.01525	0.01743	0.03813	0.02723	0.03377	0.01634	0.70915	0.02070	0.01525	0.02070	0.01307	0.01743	0.00980	0.00545	0.00763	0.00218	0.01089	0.00763	0.00327	0.00871
48	0.00774	0.00655	0.00669	0.00665	0.00879	0.00550	0.00499	0.00947	0.01497	0.01803	0.11092	0.06123	0.68417	0.01615	0.00764	0.00217	0.00326	0.01350	0.00608	0.00550
49	0.01607	0.01388	0.01461	0.01315	0.01680	0.01607	0.01023	0.03433	0.72094	0.02703	0.02630	0.02411	0.01972	0.00877	0.00657	0.00219	0.00511	0.00731	0.00657	0.01023
50	0.81856	0.01250	0.00950	0.00850	0.01250	0.01449	0.00700	0.01899	0.01100	0.02899	0.00900	0.01050	0.00700	0.00600	0.00400	0.00200	0.00500	0.00350	0.00400	0.00700
51	0.00818	0.00584	0.00785	0.00935	0.00986	0.00551	0.00654	0.00953	0.01268	0.01684	0.03544	0.68401	0.04206	0.01995	0.00833	0.00267	0.00402	0.10001	0.00599	0.00533
52	0.01407	0.01435	0.02272	0.01853	0.01983	0.01847	0.14523	0.01629	0.01094	0.01649	0.00986	0.01540	0.00917	0.01233	0.06020	0.00314	0.57664	0.00610	0.00295	0.00731
53	0.81856	0.01250	0.00950	0.00850	0.01250	0.01449	0.00700	0.01899	0.01100	0.02899	0.00900	0.01050	0.00700	0.00600	0.00400	0.00200	0.00500	0.00350	0.00400	0.00700
54	0.01204	0.00602	0.00602	0.00602	0.00753	0.00602	0.00452	0.01506	0.01355	0.02409	0.02108	0.02409	0.01656	0.00753	0.00452	0.00151	0.00301	0.00602	0.80879	0.00602
55	0.01512	0.01302	0.01448	0.01318	0.01634	0.01504	0.01048	0.02950	0.54757	0.02490	0.02519	0.02879	0.02051	0.00993	0.00801	0.00229	0.06846	0.09002	0.00608	0.04110
56	0.00938	0.00633	0.00740	0.00740	0.00752	0.00646	0.00436	0.00962	0.00950	0.01279	0.02003	0.04049	0.02271	0.69597	0.10877	0.00670	0.00744	0.00913	0.00387	0.00411
57	0.00797	0.00654	0.00703	0.00708	0.00905	0.00561	0.00533	0.00983	0.01515	0.01873	0.16177	0.09508	0.57325	0.01613	0.00771	0.00221	0.00335	0.03646	0.00616	0.00556
58	0.01727	0.77681	0.03386	0.01106	0.01658	0.02557	0.01106	0.01935	0.01313	0.01520	0.00898	0.01036	0.00829	0.00553	0.00415	0.00138	0.00691	0.00345	0.00276	0.00829
59	0.01599	0.01535	0.02623	0.03966	0.73262	0.01535	0.01983	0.01983	0.01471	0.02111	0.01215	0.01599	0.01023	0.00576	0.00640	0.00192	0.00768	0.00576	0.00320	0.01023

[dist]
# distance from previous block
# <min> <max>
0	4

[block]
# block no. 2 follows, 34 sequences, length 52
# corresponding to MSA columns:
# 291-342
name=unknown_C
#
# <colnr> <probs for GDERKNQSTAVLIFYWHMCP>
#	G	D	E	R	K	N	Q	S	T	A	V	L	I	F	Y	W	H	M	C	P
0	0.01635	0.01402	0.01477	0.01321	0.01691	0.01620	0.01030	0.05684	0.69797	0.02748	0.02594	0.02382	0.01943	0.00873	0.00657	0.00218	0.00518	0.00726	0.00657	0.01025
1	0.01290	0.01252	0.01963	0.69321	0.07305	0.04729	0.01778	0.01707	0.01324	0.01668	0.01145	0.01692	0.00867	0.00644	0.00643	0.00212	0.00871	0.00567	0.00291	0.00732
2	0.01597	0.47640	0.29041	0.01396	0.02087	0.05021	0.01578	0.02001	0.01352	0.01714	0.00997	0.01161	0.00825	0.00580	0.00494	0.00164	0.00806	0.00396	0.00277	0.00872
3	0.47217	0.04994	0.01395	0.01183	0.01562	0.30513	0.00933	0.02170	0.01398	0.02322	0.00939	0.01095	0.00757	0.00624	0.00473	0.00184	0.00771	0.00376	0.00368	0.00724
4	0.02431	0.01311	0.02068	0.01556	0.02081	0.01220	0.17698	0.05846	0.08359	0.46972	0.02217	0.02082	0.01465	0.00745	0.00677	0.00206	0.00682	0.00681	0.00667	0.01038
5	0.00888	0.00665	0.00765	0.00773	0.00959	0.00584	0.00584	0.01086	0.01526	0.04314	0.18905	0.15034	0.43422	0.01607	0.00777	0.00226	0.00356	0.06322	0.00628	0.00578
6	0.00929	0.00670	0.00926	0.00926	0.01002	0.00746	0.00667	0.01081	0.01005	0.01416	0.01834	0.03110	0.01863	0.29345	0.50572	0.00899	0.01357	0.00776	0.00361	0.00514
7	0.01505	0.01703	0.03688	0.07591	0.03448	0.01621	0.66307	0.02042	0.01510	0.02042	0.01297	0.01742	0.00972	0.00551	0.00755	0.00218	0.01074	0.00750	0.00324	0.00861
8	0.01296	0.03342	0.73944	0.01842	0.02797	0.01501	0.02387	0.02046	0.01364	0.02046	0.01160	0.01364	0.00818	0.00614	0.00614	0.00205	0.00955	0.00477	0.00273	0.00955
9	0.62360	0.01235	0.01034	0.00929	0.01306	0.01421	0.00750	0.02124	0.13623	0.02844	0.06005	0.01541	0.01283	0.00697	0.00469	0.00204	0.00489	0.00471	0.00466	0.00750
10	0.01204	0.01127	0.01894	0.72969	0.04320	0.01402	0.01750	0.01623	0.01290	0.01651	0.01238	0.04505	0.00988	0.00697	0.00653	0.00217	0.00843	0.00621	0.00299	0.00711
11	0.01540	0.45417	0.34009	0.01425	0.02152	0.02098	0.01662	0.01983	0.01335	0.01748	0.01012	0.01179	0.00825	0.00579	0.00501	0.00167	0.00806	0.00403	0.00275	0.00884
12	0.01196	0.00764	0.00978	0.00877	0.01087	0.00714	0.00673	0.04946	0.01882	0.10098	0.59940	0.04427	0.07382	0.01248	0.00745	0.00203	0.00352	0.01090	0.00714	0.00684
13	0.00914	0.00660	0.00864	0.00813	0.00965	0.00610	0.00610	0.01219	0.01829	0.02591	0.72921	0.04827	0.06097	0.01321	0.00762	0.00203	0.00305	0.01169	0.00711	0.00610
14	0.06993	0.01397	0.01448	0.01291	0.01665	0.01614	0.01010	0.06247	0.64386	0.02775	0.02468	0.02283	0.01850	0.00854	0.00640	0.00217	0.00519	0.00699	0.00640	0.01004
15	0.00830	0.00657	0.00747	0.00725	0.00914	0.00574	0.00543	0.01056	0.01630	0.02119	0.35878	0.05603	0.43434	0.01497	0.00763	0.00212	0.00317	0.01277	0.00649	0.00574
16	0.18031	0.01802	0.01388	0.03961	0.01649	0.25312	0.00968	0.14282	0.04153	0.02512	0.01387	0.01553	0.01078	0.00698	0.00533	0.00178	0.00724	0.00490	0.18526	0.00776
17	0.01296	0.03342	0.73944	0.01842	0.02797	0.01501	0.02387	0.02046	0.01364	0.02046	0.01160	0.01364	0.00818	0.00614	0.00614	0.00205	0.00955	0.00477	0.00273	0.00955
18	0.01110	0.00566	0.00833	0.00833	0.00833	0.00566	0.00550	0.00848	0.00848	0.01131	0.01183	0.02115	0.01204	0.07247	0.02576	0.75830	0.00566	0.00586	0.00288	0.00288
19	0.01607	0.01388	0.01461	0.01315	0.01680	0.01607	0.01023	0.03433	0.72094	0.02703	0.02630	0.02411	0.01972	0.00877	0.00657	0.00219	0.00511	0.00731	0.00657	0.01023
20	0.01727	0.77681	0.03386	0.01106	0.01658	0.02557	0.01106	0.01935	0.01313	0.01520	0.00898	0.01036	0.00829	0.00553	0.00415	0.00138	0.00691	0.00345	0.00276	0.00829
21	0.01220	0.01148	0.01938	0.75739	0.04450	0.01436	0.01794	0.01651	0.01292	0.01651	0.01148	0.01723	0.00861	0.00646	0.00646	0.00215	0.00861	0.00574	0.00287	0.00718
22	0.00782	0.00655	0.00680	0.00674	0.00884	0.00553	0.00505	0.00963	0.01516	0.01849	0.14692	0.06047	0.64789	0.01598	0.00763	0.00216	0.00325	0.01340	0.00614	0.00553
23	0.00923	0.00692	0.01038	0.01038	0.01154	0.00808	0.00808	0.01154	0.01038	0.01500	0.01731	0.02538	0.01615	0.04846	0.74732	0.01038	0.01731	0.00692	0.00346	0.00577
24	0.01507	0.01701	0.03628	0.05090	0.03301	0.01650	0.63976	0.02021	0.01482	0.02021	0.01271	0.01720	0.00968	0.00587	0.00849	0.00222	0.06083	0.00743	0.00323	0.00855
25	0.02135	0.02616	0.01872	0.01673	0.01914	0.54471	0.01294	0.02295	0.01597	0.01574	0.00957	0.01234	0.00837	0.00795	0.01010	0.00199	0.22011	0.00458	0.00319	0.00737
26	0.01607	0.01388	0.01461	0.01315	0.01680	0.01607	0.01023	0.03433	0.72094	0.02703	0.02630	0.02411	0.01972	0.00877	0.00657	0.00219	0.00511	0.00731	0.00657	0.01023
27	0.01409	0.01258	0.01953	0.01444	0.01992	0.01052	0.18912	0.01763	0.01420	0.04507	0.01474	0.02094	0.01273	0.00643	0.00601	0.00152	0.00651	0.07647	0.00405	0.49351
28	0.03797	0.01589	0.03128	0.02252	0.02852	0.01482	0.51020	0.01949	0.01450	0.02078	0.01241	0.01623	0.00961	0.00559	0.00753	0.00195	0.04312	0.00662	0.00339	0.17760
29	0.01296	0.03342	0.73944	0.01842	0.02797	0.01501	0.02387	0.02046	0.01364	0.02046	0.01160	0.01364	0.00818	0.00614	0.00614	0.00205	0.00955	0.00477	0.00273	0.00955
30	0.01414	0.01414	0.01979	0.01696	0.01696	0.01979	0.01414	0.01555	0.00990	0.01555	0.00848	0.01414	0.00848	0.01131	0.02120	0.00283	0.76110	0.00565	0.00283	0.00707
31	0.00791	0.00656	0.00693	0.00683	0.00890	0.00557	0.00513	0.00981	0.01538	0.01900	0.18657	0.05964	0.60792	0.01579	0.00763	0.00215	0.00323	0.01328	0.00620	0.00557
32	0.00764	0.00655	0.00655	0.00655	0.00873	0.00545	0.00491	0.00927	0.01473	0.01745	0.06546	0.06218	0.73000	0.01636	0.00764	0.00218	0.00327	0.01364	0.00600	0.00545
33	0.01607	0.01388	0.01461	0.01315	0.01680	0.01607	0.01023	0.03433	0.72094	0.02703	0.02630	0.02411	0.01972	0.00877	0.00657	0.00219	0.00511	0.00731	0.00657	0.01023
34	0.02414	0.03079	0.01831	0.01665	0.01998	0.74698	0.01248	0.02580	0.01831	0.01581	0.00999	0.01165	0.00832	0.00666	0.00583	0.00166	0.01165	0.00416	0.00333	0.00749
35	0.00914	0.00660	0.00864	0.00813	0.00965	0.00610	0.00610	0.01219	0.01829	0.02591	0.72921	0.04827	0.06097	0.01321	0.00762	0.00203	0.00305	0.01169	0.00711	0.00610
36	0.00914	0.00660	0.00864	0.00813	0.00965	0.00610	0.00610	0.01219	0.01829	0.02591	0.72921	0.04827	0.06097	0.01321	0.00762	0.00203	0.00305	0.01169	0.00711	0.00610
37	0.02456	0.01810	0.01939	0.01487	0.02004	0.02004	0.01228	0.71107	0.03038	0.04072	0.01551	0.01551	0.01099	0.00776	0.00646	0.00194	0.00711	0.00582	0.00646	0.01099
38	0.81856	0.01250	0.00950	0.00850	0.01250	0.01449	0.00700	0.01899	0.01100	0.02899	0.00900	0.01050	0.00700	0.00600	0.00400	0.00200	0.00500	0.00350	0.00400	0.00700
39	0.01220	0.01148	0.01938	0.75739	0.04450	0.01436	0.01794	0.01651	0.01292	0.01651	0.01148	0.01723	0.00861	0.00646	0.00646	0.00215	0.00861	0.00574	0.00287	0.00718
40	0.01599	0.01535	0.02623	0.03966	0.73262	0.01535	0.01983	0.01983	0.01471	0.02111	0.01215	0.01599	0.01023	0.00576	0.00640	0.00192	0.00768	0.00576	0.00320	0.01023
41	0.01041	0.00744	0.01041	0.01190	0.01339	0.00744	0.01041	0.01339	0.01487	0.01934	0.03421	0.07288	0.03719	0.01785	0.00892	0.00297	0.00595	0.68913	0.00595	0.00595
42	0.01220	0.01148	0.01938	0.75739	0.04450	0.01436	0.01794	0.01651	0.01292	0.01651	0.01148	0.01723	0.00861	0.00646	0.00646	0.00215	0.00861	0.00574	0.00287	0.00718
43	0.00802	0.00632	0.00725	0.00753	0.00910	0.00554	0.00545	0.00983	0.01487	0.01902	0.20024	0.24493	0.40556	0.01671	0.00779	0.00227	0.00335	0.01446	0.00624	0.00554
44	0.01511	0.01702	0.03585	0.02596	0.03168	0.01677	0.62292	0.02006	0.01459	0.02006	0.01250	0.01702	0.00964	0.00617	0.00931	0.00226	0.10397	0.00738	0.00321	0.00851
45	0.01599	0.01535	0.02623	0.03966	0.73262	0.01535	0.01983	0.01983	0.01471	0.02111	0.01215	0.01599	0.01023	0.00576	0.00640	0.00192	0.00768	0.00576	0.00320	0.01023
46	0.00936	0.00688	0.01019	0.01019	0.01136	0.00798	0.00792	0.01170	0.01053	0.01541	0.01748	0.02533	0.01617	0.04662	0.71397	0.00999	0.01667	0.00688	0.03961	0.00578
47	0.02414	0.03079	0.01831	0.01665	0.01998	0.74698	0.01248	0.02580	0.01831	0.01581	0.00999	0.01165	0.00832	0.00666	0.00583	0.00166	0.01165	0.00416	0.00333	0.00749
48	0.00940	0.00626	0.00705	0.00705	0.00705	0.00626	0.00392	0.00940	0.00940	0.01253	0.02036	0.04228	0.02349	0.77292	0.03289	0.00626	0.00626	0.00940	0.00392	0.00392
49	0.01340	0.01148	0.01340	0.00957	0.01531	0.00861	0.00766	0.01627	0.01340	0.02105	0.01148	0.01340	0.00957	0.00479	0.00479	0.00096	0.00479	0.00383	0.00383	0.81242
50	0.01727	0.77681	0.03386	0.01106	0.01658	0.02557	0.01106	0.01935	0.01313	0.01520	0.00898	0.01036	0.00829	0.00553	0.00415	0.00138	0.00691	0.00345	0.00276	0.00829
51	0.01607	0.01388	0.01461	0.01315	0.01680	0.01607	0.01023	0.03433	0.72094	0.02703	0.02630	0.02411	0.01972	0.00877	0.00657	0.00219	0.00511	0.00731	0.00657	0.01023

[dist]
# distance from previous block
# <min> <max>
0	15

[block]
# block no. 3 follows, 34 sequences, length 52
# corresponding to MSA columns:
# 358-409
name=unknown_D
#
# <colnr> <probs for GDERKNQSTAVLIFYWHMCP>
#	G	D	E	R	K	N	Q	S	T	A	V	L	I	F	Y	W	H	M	C	P
0	0.00914	0.00660	0.00864	0.00813	0.00965	0.00610	0.00610	0.01219	0.01829	0.02591	0.72921	0.04827	0.06097	0.01321	0.00762	0.00203	0.00305	0.01169	0.00711	0.00610
1	0.00842	0.00658	0.00764	0.00737	0.00921	0.00579	0.00553	0.01080	0.01659	0.02187	0.41213	0.05491	0.38056	0.01472	0.00763	0.00210	0.00316	0.01262	0.00658	0.00579
2	0.01182	0.00617	0.00891	0.00871	0.00894	0.00626	0.00591	0.04007	0.00941	0.01255	0.01142	0.01945	0.01121	0.02178	0.02441	0.77552	0.00568	0.00562	0.00297	0.00317
3	0.02414	0.03079	0.01831	0.01665	0.01998	0.74698	0.01248	0.02580	0.01831	0.01581	0.00999	0.01165	0.00832	0.00666	0.00583	0.00166	0.01165	0.00416	0.00333	0.00749
4	0.01340	0.01148	0.01340	0.00957	0.01531	0.00861	0.00766	0.01627	0.01340	0.02105	0.01148	0.01340	0.00957	0.00479	0.00479	0.00096	0.00479	0.00383	0.00383	0.81242
5	0.01122	0.00561	0.00842	0.00842	0.00842	0.00561	0.00561	0.00842	0.00842	0.01122	0.01122	0.01964	0.01122	0.02245	0.02525	0.81201	0.00561	0.00561	0.00281	0.00281
6	0.01432	0.01078	0.01652	0.01351	0.01700	0.01026	0.15511	0.09747	0.01746	0.10722	0.12444	0.08345	0.19124	0.01209	0.00757	0.00224	0.00594	0.09996	0.00586	0.00758
7	0.01505	0.39363	0.39755	0.01485	0.02245	0.02012	0.01766	0.01992	0.01339	0.01791	0.01033	0.01205	0.00824	0.00584	0.00517	0.00172	0.00827	0.00414	0.00275	0.00894
8	0.01451	0.01422	0.02514	0.09953	0.38505	0.01492	0.14396	0.01821	0.01364	0.01926	0.01263	0.01786	0.01078	0.03446	0.07444	0.00296	0.08015	0.00631	0.00319	0.00877
9	0.02790	0.01274	0.01608	0.01232	0.01737	0.01209	0.01018	0.19856	0.02142	0.56589	0.02304	0.02040	0.01476	0.00794	0.00649	0.00198	0.00589	0.00633	0.00762	0.01099
10	0.01401	0.01333	0.02265	0.41464	0.37311	0.01483	0.01884	0.01809	0.01378	0.01871	0.01180	0.01664	0.00939	0.00612	0.00643	0.00204	0.00817	0.00575	0.00303	0.00864
11	0.01452	0.30294	0.48363	0.01575	0.02384	0.01883	0.01923	0.02006	0.01346	0.01856	0.01065	0.01245	0.00822	0.00592	0.00542	0.00181	0.00859	0.00430	0.00274	0.00909
12	0.00966	0.00755	0.00853	0.00872	0.01072	0.00735	0.00682	0.01377	0.10430	0.01931	0.04638	0.10703	0.36656	0.01715	0.05072	0.00279	0.00483	0.13422	0.06741	0.00620
13	0.03770	0.01371	0.01638	0.01241	0.01756	0.03823	0.06258	0.15960	0.03751	0.06783	0.01494	0.05769	0.01232	0.00672	0.00571	0.00150	0.00597	0.00561	0.00476	0.42127
14	0.01703	0.73462	0.07390	0.01147	0.01723	0.02497	0.01178	0.01941	0.01316	0.01550	0.00913	0.01055	0.00829	0.00556	0.00426	0.00142	0.00706	0.00353	0.00276	0.00836
15	0.00940	0.00626	0.00705	0.00705	0.00705	0.00626	0.00392	0.00940	0.00940	0.01253	0.02036	0.04228	0.02349	0.77292	0.03289	0.00626	0.00626	0.00940	0.00392	0.00392
16	0.81856	0.01250	0.00950	0.00850	0.01250	0.01449	0.00700	0.01899	0.01100	0.02899	0.00900	0.01050	0.00700	0.00600	0.00400	0.00200	0.00500	0.00350	0.00400	0.00700
17	0.01716	0.73371	0.03410	0.01197	0.01756	0.02504	0.05068	0.01942	0.01325	0.01551	0.00921	0.01077	0.00838	0.00552	0.00434	0.00143	0.00714	0.00369	0.00279	0.00832
18	0.01712	0.74998	0.05932	0.01132	0.01699	0.02519	0.01152	0.01939	0.01315	0.01539	0.00908	0.01048	0.00829	0.00555	0.00422	0.00141	0.00701	0.00350	0.00276	0.00834
19	0.01296	0.03342	0.73944	0.01842	0.02797	0.01501	0.02387	0.02046	0.01364	0.02046	0.01160	0.01364	0.00818	0.00614	0.00614	0.00205	0.00955	0.00477	0.00273	0.00955
20	0.00934	0.00650	0.00825	0.00825	0.00867	0.00692	0.00542	0.01017	0.00975	0.01342	0.01926	0.03618	0.02084	0.51127	0.29092	0.00775	0.01025	0.00850	0.00375	0.00458
21	0.01340	0.01148	0.01340	0.00957	0.01531	0.00861	0.00766	0.01627	0.01340	0.02105	0.01148	0.01340	0.00957	0.00479	0.00479	0.00096	0.00479	0.00383	0.00383	0.81242
22	0.02414	0.03079	0.01831	0.01665	0.01998	0.74698	0.01248	0.02580	0.01831	0.01581	0.00999	0.01165	0.00832	0.00666	0.00583	0.00166	0.01165	0.00416	0.00333	0.00749
23	0.01041	0.00744	0.01041	0.01190	0.01339	0.00744	0.01041	0.01339	0.01487	0.01934	0.03421	0.07288	0.03719	0.01785	0.00892	0.00297	0.00595	0.68913	0.00595	0.00595
24	0.00817	0.00640	0.00740	0.00750	0.00914	0.00563	0.00549	0.01018	0.01547	0.02005	0.27721	0.18303	0.38923	0.01602	0.00774	0.00221	0.00328	0.01384	0.00636	0.00563
25	0.01204	0.00602	0.00602	0.00602	0.00753	0.00602	0.00452	0.01506	0.01355	0.02409	0.02108	0.02409	0.01656	0.00753	0.00452	0.00151	0.00301	0.00602	0.80879	0.00602
26	0.00909	0.00660	0.00856	0.00807	0.00962	0.00607	0.00605	0.01209	0.01816	0.02561	0.70571	0.04876	0.08466	0.01332	0.00762	0.00204	0.00306	0.01175	0.00707	0.00607
27	0.01296	0.03342	0.73944	0.01842	0.02797	0.01501	0.02387	0.02046	0.01364	0.02046	0.01160	0.01364	0.00818	0.00614	0.00614	0.00205	0.00955	0.00477	0.00273	0.00955
28	0.02670	0.01467	0.01727	0.01324	0.01833	0.01495	0.01094	0.38333	0.02465	0.37656	0.02033	0.01864	0.01340	0.00787	0.00648	0.00197	0.00633	0.00615	0.00720	0.01099
29	0.81856	0.01250	0.00950	0.00850	0.01250	0.01449	0.00700	0.01899	0.01100	0.02899	0.00900	0.01050	0.00700	0.00600	0.00400	0.00200	0.00500	0.00350	0.00400	0.00700
30	0.01485	0.01539	0.01960	0.10600	0.02056	0.08795	0.01444	0.01664	0.01106	0.01569	0.00899	0.01427	0.00848	0.01029	0.01798	0.00264	0.59966	0.00552	0.00288	0.00712
31	0.00907	0.00655	0.00857	0.00818	0.00964	0.00605	0.00609	0.01201	0.01795	0.02538	0.68984	0.08915	0.05993	0.01361	0.00766	0.00207	0.00309	0.01206	0.00705	0.00605
32	0.02481	0.01710	0.01870	0.01440	0.01950	0.01863	0.01188	0.60623	0.05251	0.12402	0.01708	0.01659	0.01189	0.00782	0.00647	0.00195	0.00685	0.00595	0.00665	0.01096
33	0.02351	0.01673	0.01959	0.01511	0.02018	0.01808	0.05887	0.50681	0.10527	0.12160	0.01776	0.01738	0.01249	0.00774	0.00656	0.00199	0.00695	0.00619	0.00644	0.01075
34	0.01340	0.01148	0.01340	0.00957	0.01531	0.00861	0.00766	0.01627	0.01340	0.02105	0.01148	0.01340	0.00957	0.00479	0.00479	0.00096	0.00479	0.00383	0.00383	0.81242
35	0.00891	0.00656	0.00834	0.00797	0.00953	0.00599	0.00595	0.01172	0.01763	0.02453	0.62253	0.07782	0.14074	0.01386	0.00765	0.00207	0.00310	0.01218	0.00694	0.00599
36	0.00826	0.00678	0.00758	0.00761	0.00945	0.00609	0.00579	0.01016	0.01499	0.01877	0.16357	0.10705	0.51374	0.01608	0.00816	0.00226	0.02609	0.05588	0.00608	0.00562
37	0.00787	0.00562	0.00750	0.00900	0.00937	0.00525	0.00600	0.00900	0.01237	0.01649	0.03561	0.76871	0.04274	0.02024	0.00825	0.00262	0.00375	0.01837	0.00600	0.00525
38	0.00828	0.00608	0.00812	0.00919	0.00970	0.00592	0.00633	0.00966	0.01303	0.01766	0.12303	0.64762	0.04373	0.01900	0.00867	0.00256	0.03296	0.01702	0.00602	0.00543
39	0.01340	0.01148	0.01340	0.00957	0.01531	0.00861	0.00766	0.01627	0.01340	0.02105	0.01148	0.01340	0.00957	0.00479	0.00479	0.00096	0.00479	0.00383	0.00383	0.81242
40	0.81856	0.01250	0.00950	0.00850	0.01250	0.01449	0.00700	0.01899	0.01100	0.02899	0.00900	0.01050	0.00700	0.00600	0.00400	0.00200	0.00500	0.00350	0.00400	0.00700
41	0.01561	0.01336	0.01427	0.01305	0.01653	0.01537	0.01024	0.03264	0.66382	0.02641	0.02694	0.02805	0.02114	0.00950	0.00676	0.00225	0.00518	0.06246	0.00652	0.00988
42	0.05616	0.01102	0.01449	0.01128	0.01607	0.00986	0.00928	0.03063	0.04971	0.65649	0.02479	0.02174	0.01586	0.00794	0.00635	0.00199	0.00538	0.00641	0.03388	0.01066
43	0.00939	0.00631	0.00727	0.00727	0.00735	0.00639	0.00420	0.00954	0.00946	0.01270	0.02015	0.04114	0.02299	0.72390	0.08123	0.00654	0.00701	0.00923	0.00388	0.00404
44	0.01296	0.03342	0.73944	0.01842	0.02797	0.01501	0.02387	0.02046	0.01364	0.02046	0.01160	0.01364	0.00818	0.00614	0.00614	0.00205	0.00955	0.00477	0.00273	0.00955
45	0.02899	0.01100	0.01499	0.01150	0.01649	0.00950	0.00950	0.03149	0.01849	0.73709	0.02549	0.02199	0.01599	0.00800	0.00650	0.00200	0.00550	0.00650	0.00800	0.01100
46	0.02456	0.01810	0.01939	0.01487	0.02004	0.02004	0.01228	0.71107	0.03038	0.04072	0.01551	0.01551	0.01099	0.00776	0.00646	0.00194	0.00711	0.00582	0.00646	0.01099
47	0.01525	0.01743	0.03813	0.02723	0.03377	0.01634	0.70915	0.02070	0.01525	0.02070	0.01307	0.01743	0.00980	0.00545	0.00763	0.00218	0.01089	0.00763	0.00327	0.00871
48	0.00764	0.00655	0.00655	0.00655	0.00873	0.00545	0.00491	0.00927	0.01473	0.01745	0.06546	0.06218	0.73000	0.01636	0.00764	0.00218	0.00327	0.01364	0.00600	0.00545
49	0.00787	0.00562	0.00750	0.00900	0.00937	0.00525	0.00600	0.00900	0.01237	0.01649	0.03561	0.76871	0.04274	0.02024	0.00825	0.00262	0.00375	0.01837	0.00600	0.00525
50	0.01525	0.01743	0.03813	0.02723	0.03377	0.01634	0.70915	0.02070	0.01525	0.02070	0.01307	0.01743	0.00980	0.00545	0.00763	0.00218	0.01089	0.00763	0.00327	0.00871
51	0.03058	0.02763	0.01308	0.01149	0.04508	0.00853	0.07216	0.03081	0.01739	0.02456	0.50033	0.04114	0.10058	0.01160	0.00726	0.00200	0.00431	0.01037	0.00618	0.03493

[dist]
# distance from previous block
# <min> <max>
0	147

# created by:
# /home/cegg/simao/soft/augustus-3.2.1/scripts/msa2prfl.pl ./align_prep/EOG090W07KB.fa
