[name]
unknown

[dist]
# distance from previous block
# <min> <max>
9	271

[block]
# block no. 0 follows, 28 sequences, length 43
# corresponding to MSA columns:
# 431-461,467-478
name=unknown_A
#
# <colnr> <probs for GDERKNQSTAVLIFYWHMCP>
#	G	D	E	R	K	N	Q	S	T	A	V	L	I	F	Y	W	H	M	C	P
0	0.01907	0.15432	0.06613	0.05028	0.27864	0.03980	0.01753	0.04227	0.01614	0.07194	0.01342	0.01656	0.01101	0.00766	0.00914	0.00216	0.11881	0.00580	0.00396	0.05537
1	0.03695	0.06290	0.13195	0.04421	0.04838	0.03384	0.07856	0.03744	0.01633	0.04111	0.02615	0.06741	0.13908	0.00957	0.00698	0.00202	0.00734	0.00817	0.00469	0.19690
2	0.01548	0.04379	0.02102	0.19056	0.07458	0.06079	0.06021	0.01899	0.01551	0.02113	0.05848	0.02220	0.05489	0.00838	0.00882	0.00206	0.09350	0.00675	0.00411	0.21876
3	0.01595	0.01548	0.09650	0.04254	0.05752	0.05695	0.01200	0.01987	0.03878	0.09739	0.06429	0.17642	0.06686	0.01146	0.00732	0.00212	0.00651	0.00982	0.00555	0.19667
4	0.06789	0.01351	0.01643	0.01622	0.09973	0.04033	0.03704	0.02272	0.13332	0.08342	0.07495	0.08079	0.10748	0.01041	0.00716	0.00211	0.00607	0.00890	0.00588	0.16564
5	0.01582	0.01620	0.13927	0.01655	0.09879	0.01152	0.01345	0.04545	0.01827	0.09066	0.21081	0.03191	0.04892	0.00992	0.00732	0.00205	0.00636	0.03423	0.00578	0.17674
6	0.01496	0.01843	0.15233	0.24891	0.11816	0.01530	0.03702	0.02092	0.05922	0.02188	0.01513	0.04682	0.01242	0.00774	0.00768	0.00218	0.03918	0.00660	0.00387	0.15123
7	0.11016	0.01669	0.02065	0.01940	0.11479	0.05639	0.08755	0.04593	0.21145	0.02698	0.01779	0.01907	0.01385	0.00731	0.00661	0.00201	0.00728	0.00628	0.00511	0.20470
8	0.01913	0.01764	0.02859	0.04131	0.61904	0.01790	0.02130	0.09962	0.01864	0.02636	0.01412	0.01793	0.01161	0.00674	0.00721	0.00216	0.00856	0.00648	0.00403	0.01161
9	0.01631	0.01362	0.01831	0.01662	0.09894	0.01205	0.05434	0.04707	0.07753	0.05204	0.06507	0.06341	0.01856	0.00795	0.00660	0.00171	0.00618	0.00701	0.00517	0.41152
10	0.01585	0.01443	0.02384	0.05790	0.47803	0.01447	0.01858	0.01992	0.01699	0.02387	0.09867	0.03337	0.02344	0.00984	0.00785	0.00239	0.00772	0.11819	0.00464	0.01002
11	0.01490	0.08449	0.66279	0.02017	0.03062	0.01766	0.02591	0.02294	0.01531	0.02263	0.01285	0.01510	0.00922	0.00686	0.00676	0.00225	0.01055	0.00527	0.00307	0.01065
12	0.06168	0.00859	0.01248	0.01204	0.01390	0.00811	0.08550	0.01248	0.01466	0.02023	0.04087	0.49108	0.15272	0.01899	0.00876	0.00276	0.00517	0.01721	0.00624	0.00654
13	0.02084	0.45679	0.07476	0.01321	0.01918	0.02267	0.01274	0.02586	0.09561	0.13797	0.04488	0.01780	0.01485	0.00754	0.00576	0.00186	0.00727	0.00548	0.00484	0.01010
14	0.67184	0.01504	0.01337	0.01130	0.01608	0.01713	0.03679	0.09887	0.01516	0.03378	0.01118	0.01281	0.00854	0.00696	0.00500	0.00225	0.00619	0.00444	0.00479	0.00849
15	0.01038	0.00779	0.01168	0.01168	0.01298	0.00909	0.00909	0.01298	0.01168	0.01687	0.01947	0.02856	0.01817	0.05452	0.71573	0.01168	0.01947	0.00779	0.00389	0.00649
16	0.01029	0.00743	0.00972	0.00914	0.01086	0.00686	0.00686	0.01372	0.02058	0.02915	0.69536	0.05430	0.06859	0.01486	0.00857	0.00229	0.00343	0.01315	0.00800	0.00686
17	0.79588	0.01406	0.01068	0.00956	0.01406	0.01631	0.00787	0.02137	0.01237	0.03261	0.01012	0.01181	0.00787	0.00675	0.00450	0.00225	0.00562	0.00394	0.00450	0.00787
18	0.01057	0.00705	0.00793	0.00793	0.00793	0.00705	0.00440	0.01057	0.01057	0.01409	0.02290	0.04757	0.02643	0.74454	0.03700	0.00705	0.00705	0.01057	0.00440	0.00440
19	0.03261	0.01237	0.01687	0.01293	0.01856	0.01068	0.01068	0.03543	0.02081	0.70423	0.02868	0.02474	0.01799	0.00900	0.00731	0.00225	0.00619	0.00731	0.00900	0.01237
20	0.02715	0.03464	0.02060	0.01873	0.02247	0.71536	0.01404	0.02903	0.02060	0.01779	0.01124	0.01311	0.00936	0.00749	0.00655	0.00187	0.01311	0.00468	0.00375	0.00843
21	0.00886	0.00633	0.00843	0.01012	0.01054	0.00590	0.00675	0.01012	0.01392	0.01856	0.04006	0.73979	0.04808	0.02277	0.00928	0.00295	0.00422	0.02066	0.00675	0.00590
22	0.01507	0.01292	0.01507	0.01077	0.01723	0.00969	0.00861	0.01830	0.01507	0.02369	0.01292	0.01507	0.01077	0.00538	0.00538	0.00108	0.00538	0.00431	0.00431	0.78898
23	0.02715	0.03464	0.02060	0.01873	0.02247	0.71536	0.01404	0.02903	0.02060	0.01779	0.01124	0.01311	0.00936	0.00749	0.00655	0.00187	0.01311	0.00468	0.00375	0.00843
24	0.01716	0.01961	0.04289	0.03064	0.03799	0.01838	0.67279	0.02328	0.01716	0.02328	0.01471	0.01961	0.01103	0.00613	0.00858	0.00245	0.01225	0.00858	0.00368	0.00980
25	0.01029	0.00743	0.00972	0.00914	0.01086	0.00686	0.00686	0.01372	0.02058	0.02915	0.69536	0.05430	0.06859	0.01486	0.00857	0.00229	0.00343	0.01315	0.00800	0.00686
26	0.01038	0.00779	0.01168	0.01168	0.01298	0.00909	0.00909	0.01298	0.01168	0.01687	0.01947	0.02856	0.01817	0.05452	0.71573	0.01168	0.01947	0.00779	0.00389	0.00649
27	0.01360	0.01214	0.02034	0.64207	0.04526	0.01498	0.01854	0.01749	0.01393	0.01787	0.01289	0.01970	0.01004	0.00940	0.00977	0.09554	0.00929	0.00644	0.00322	0.00749
28	0.01799	0.01727	0.02950	0.04462	0.69919	0.01727	0.02231	0.02231	0.01655	0.02375	0.01367	0.01799	0.01151	0.00648	0.00720	0.00216	0.00864	0.00648	0.00360	0.01151
29	0.03261	0.01237	0.01687	0.01293	0.01856	0.01068	0.01068	0.03543	0.02081	0.70423	0.02868	0.02474	0.01799	0.00900	0.00731	0.00225	0.00619	0.00731	0.00900	0.01237
30	0.01293	0.00802	0.01056	0.00959	0.01177	0.00731	0.00731	0.01629	0.02060	0.10911	0.61639	0.05080	0.06259	0.01417	0.00842	0.00228	0.00376	0.01245	0.00812	0.00751
31	0.01774	0.01711	0.02865	0.04159	0.61863	0.01786	0.02155	0.02174	0.01591	0.02301	0.01318	0.01774	0.01128	0.00722	0.00917	0.00228	0.09423	0.00646	0.00355	0.01109
32	0.01726	0.01652	0.02818	0.16221	0.58735	0.01708	0.02194	0.02166	0.01620	0.02286	0.01354	0.01823	0.01120	0.00661	0.00721	0.00220	0.00882	0.00647	0.00353	0.01092
33	0.79588	0.01406	0.01068	0.00956	0.01406	0.01631	0.00787	0.02137	0.01237	0.03261	0.01012	0.01181	0.00787	0.00675	0.00450	0.00225	0.00562	0.00394	0.00450	0.00787
34	0.01057	0.00705	0.00793	0.00793	0.00793	0.00705	0.00440	0.01057	0.01057	0.01409	0.02290	0.04757	0.02643	0.74454	0.03700	0.00705	0.00705	0.01057	0.00440	0.00440
35	0.01619	0.27427	0.48436	0.01796	0.02720	0.02083	0.02206	0.02260	0.01515	0.02105	0.01207	0.01412	0.00925	0.00668	0.00616	0.00205	0.00975	0.00488	0.00308	0.01027
36	0.01050	0.00702	0.00795	0.00802	0.00803	0.00700	0.00450	0.01055	0.01071	0.01428	0.02360	0.07573	0.02731	0.71518	0.03587	0.00688	0.00693	0.01098	0.00450	0.00447
37	0.01808	0.01561	0.01644	0.01479	0.01890	0.01808	0.01151	0.03863	0.68606	0.03041	0.02959	0.02712	0.02219	0.00986	0.00740	0.00247	0.00575	0.00822	0.00740	0.01151
38	0.00883	0.00644	0.00832	0.00983	0.01047	0.00593	0.00662	0.01015	0.01420	0.01867	0.04362	0.66885	0.11672	0.02231	0.00921	0.00290	0.00416	0.02010	0.00675	0.00593
39	0.01171	0.00837	0.01171	0.01339	0.01506	0.00837	0.01171	0.01506	0.01673	0.02175	0.03849	0.08199	0.04183	0.02008	0.01004	0.00335	0.00669	0.65027	0.00669	0.00669
40	0.01012	0.00730	0.00956	0.00926	0.01082	0.00675	0.00685	0.01329	0.01979	0.02789	0.61774	0.13550	0.06616	0.01580	0.00866	0.00237	0.00352	0.01404	0.00785	0.00675
41	0.01029	0.00743	0.00972	0.00914	0.01086	0.00686	0.00686	0.01372	0.02058	0.02915	0.69536	0.05430	0.06859	0.01486	0.00857	0.00229	0.00343	0.01315	0.00800	0.00686
42	0.76526	0.01399	0.01093	0.00969	0.01424	0.01608	0.00799	0.02193	0.01271	0.05956	0.01087	0.01233	0.00828	0.00684	0.00461	0.00225	0.00565	0.00407	0.00468	0.00805

[dist]
# distance from previous block
# <min> <max>
0	32

[block]
# block no. 1 follows, 28 sequences, length 20
# corresponding to MSA columns:
# 511-530
name=unknown_B
#
# <colnr> <probs for GDERKNQSTAVLIFYWHMCP>
#	G	D	E	R	K	N	Q	S	T	A	V	L	I	F	Y	W	H	M	C	P
0	0.04751	0.02881	0.46982	0.05561	0.02813	0.01510	0.02148	0.02510	0.01634	0.16748	0.01667	0.01790	0.01143	0.00743	0.00685	0.00227	0.00923	0.00584	0.03634	0.01068
1	0.02710	0.01954	0.02110	0.01636	0.02202	0.02154	0.01346	0.58742	0.08819	0.07964	0.01907	0.01865	0.01349	0.00884	0.00728	0.00221	0.00771	0.00673	0.00737	0.01229
2	0.79588	0.01406	0.01068	0.00956	0.01406	0.01631	0.00787	0.02137	0.01237	0.03261	0.01012	0.01181	0.00787	0.00675	0.00450	0.00225	0.00562	0.00394	0.00450	0.00787
3	0.00886	0.00633	0.00843	0.01012	0.01054	0.00590	0.00675	0.01012	0.01392	0.01856	0.04006	0.73979	0.04808	0.02277	0.00928	0.00295	0.00422	0.02066	0.00675	0.00590
4	0.79588	0.01406	0.01068	0.00956	0.01406	0.01631	0.00787	0.02137	0.01237	0.03261	0.01012	0.01181	0.00787	0.00675	0.00450	0.00225	0.00562	0.00394	0.00450	0.00787
5	0.01799	0.01727	0.02950	0.04462	0.69919	0.01727	0.02231	0.02231	0.01655	0.02375	0.01367	0.01799	0.01151	0.00648	0.00720	0.00216	0.00864	0.00648	0.00360	0.01151
6	0.02763	0.02036	0.02182	0.01672	0.02254	0.02254	0.01382	0.67496	0.03418	0.04581	0.01745	0.01745	0.01236	0.00873	0.00727	0.00218	0.00800	0.00654	0.00727	0.01236
7	0.01808	0.01561	0.01644	0.01479	0.01890	0.01808	0.01151	0.03863	0.68606	0.03041	0.02959	0.02712	0.02219	0.00986	0.00740	0.00247	0.00575	0.00822	0.00740	0.01151
8	0.00917	0.00652	0.00866	0.01026	0.01075	0.00615	0.00700	0.01052	0.01396	0.01856	0.03903	0.65257	0.04645	0.06091	0.01081	0.00320	0.00456	0.06841	0.00662	0.00589
9	0.00877	0.00742	0.00761	0.00770	0.01011	0.00626	0.00587	0.01069	0.01658	0.01975	0.07168	0.07063	0.65978	0.01850	0.00867	0.00250	0.00385	0.05072	0.00675	0.00617
10	0.02715	0.03464	0.02060	0.01873	0.02247	0.71536	0.01404	0.02903	0.02060	0.01779	0.01124	0.01311	0.00936	0.00749	0.00655	0.00187	0.01311	0.00468	0.00375	0.00843
11	0.02763	0.02036	0.02182	0.01672	0.02254	0.02254	0.01382	0.67496	0.03418	0.04581	0.01745	0.01745	0.01236	0.00873	0.00727	0.00218	0.00800	0.00654	0.00727	0.01236
12	0.01093	0.00780	0.01081	0.01249	0.01382	0.00769	0.01035	0.01370	0.01596	0.02087	0.03892	0.26314	0.04355	0.02082	0.00983	0.00324	0.00601	0.47689	0.00671	0.00648
13	0.01057	0.00705	0.00793	0.00793	0.00793	0.00705	0.00440	0.01057	0.01057	0.01409	0.02290	0.04757	0.02643	0.74454	0.03700	0.00705	0.00705	0.01057	0.00440	0.00440
14	0.00901	0.00644	0.00861	0.01030	0.01079	0.00604	0.00702	0.01039	0.01407	0.01873	0.03998	0.70431	0.04774	0.02263	0.00932	0.00297	0.00435	0.05462	0.00674	0.00595
15	0.02539	0.01580	0.01800	0.01469	0.01975	0.01682	0.01184	0.20558	0.29479	0.25645	0.02608	0.02378	0.01821	0.00928	0.00734	0.00232	0.00649	0.00748	0.00789	0.01202
16	0.01809	0.55160	0.22361	0.01473	0.02221	0.02547	0.01644	0.02211	0.01493	0.01874	0.01092	0.01268	0.00930	0.00641	0.00529	0.00176	0.00860	0.00430	0.00310	0.00972
17	0.00896	0.00738	0.00788	0.00775	0.01005	0.00629	0.00581	0.01115	0.01744	0.02171	0.20903	0.06655	0.55956	0.01764	0.00859	0.00242	0.00363	0.01486	0.00702	0.00629
18	0.01038	0.00779	0.01168	0.01168	0.01298	0.00909	0.00909	0.01298	0.01168	0.01687	0.01947	0.02856	0.01817	0.05452	0.71573	0.01168	0.01947	0.00779	0.00389	0.00649
19	0.05622	0.09088	0.02237	0.01716	0.02143	0.31323	0.01379	0.24464	0.02325	0.02774	0.01299	0.01471	0.01033	0.00836	0.00851	0.00211	0.09227	0.00540	0.00484	0.00976

[dist]
# distance from previous block
# <min> <max>
0	1

[block]
# block no. 2 follows, 28 sequences, length 74
# corresponding to MSA columns:
# 532-580,602-626
name=unknown_C
#
# <colnr> <probs for GDERKNQSTAVLIFYWHMCP>
#	G	D	E	R	K	N	Q	S	T	A	V	L	I	F	Y	W	H	M	C	P
0	0.02030	0.06715	0.25291	0.01554	0.02243	0.01516	0.01611	0.06204	0.11088	0.20000	0.08377	0.02292	0.01912	0.00857	0.00703	0.00219	0.00757	0.00691	0.00595	0.05344
1	0.01690	0.15954	0.24968	0.02350	0.07160	0.01973	0.24272	0.02431	0.07923	0.02276	0.01467	0.01739	0.01122	0.00677	0.00713	0.00222	0.01011	0.00653	0.00372	0.01028
2	0.01196	0.01017	0.01537	0.01416	0.01537	0.01259	0.03526	0.01444	0.01175	0.01726	0.01691	0.02519	0.01584	0.04270	0.52366	0.00930	0.18990	0.00748	0.00371	0.00696
3	0.01507	0.01292	0.01507	0.01077	0.01723	0.00969	0.00861	0.01830	0.01507	0.02369	0.01292	0.01507	0.01077	0.00538	0.00538	0.00108	0.00538	0.00431	0.00431	0.78898
4	0.79588	0.01406	0.01068	0.00956	0.01406	0.01631	0.00787	0.02137	0.01237	0.03261	0.01012	0.01181	0.00787	0.00675	0.00450	0.00225	0.00562	0.00394	0.00450	0.00787
5	0.01507	0.01292	0.01507	0.01077	0.01723	0.00969	0.00861	0.01830	0.01507	0.02369	0.01292	0.01507	0.01077	0.00538	0.00538	0.00108	0.00538	0.00431	0.00431	0.78898
6	0.02489	0.01900	0.02027	0.01617	0.02150	0.02126	0.01315	0.49219	0.22141	0.04139	0.02094	0.02023	0.01518	0.00905	0.00731	0.00226	0.00735	0.00703	0.00731	0.01212
7	0.01178	0.01143	0.04248	0.01709	0.07190	0.01048	0.12998	0.01443	0.01464	0.01974	0.03269	0.37497	0.09459	0.06560	0.01150	0.00302	0.04615	0.01480	0.00545	0.00727
8	0.01373	0.01292	0.02180	0.72707	0.05006	0.01615	0.02019	0.01857	0.01453	0.01857	0.01292	0.01938	0.00969	0.00727	0.00727	0.00242	0.00969	0.00646	0.00323	0.00807
9	0.01391	0.01077	0.01452	0.03754	0.12612	0.01070	0.01083	0.07835	0.04314	0.04750	0.22697	0.14087	0.13860	0.01430	0.00830	0.00245	0.00543	0.05479	0.00663	0.00826
10	0.01799	0.01727	0.02950	0.04462	0.69919	0.01727	0.02231	0.02231	0.01655	0.02375	0.01367	0.01799	0.01151	0.00648	0.00720	0.00216	0.00864	0.00648	0.00360	0.01151
11	0.01782	0.01828	0.06328	0.04343	0.66590	0.01725	0.02254	0.02234	0.01649	0.02371	0.01364	0.01786	0.01140	0.00650	0.00718	0.00217	0.00874	0.00642	0.00357	0.01148
12	0.01808	0.01561	0.01644	0.01479	0.01890	0.01808	0.01151	0.03863	0.68606	0.03041	0.02959	0.02712	0.02219	0.00986	0.00740	0.00247	0.00575	0.00822	0.00740	0.01151
13	0.01020	0.00743	0.00959	0.00905	0.01080	0.00682	0.00679	0.01354	0.02036	0.02863	0.66137	0.05515	0.10290	0.01505	0.00857	0.00230	0.00344	0.01327	0.00793	0.00682
14	0.11487	0.01443	0.02013	0.01538	0.02106	0.01380	0.09985	0.09271	0.05026	0.44521	0.02370	0.02202	0.01558	0.00837	0.00717	0.00228	0.00709	0.00707	0.00754	0.01148
15	0.01029	0.00743	0.00972	0.00914	0.01086	0.00686	0.00686	0.01372	0.02058	0.02915	0.69536	0.05430	0.06859	0.01486	0.00857	0.00229	0.00343	0.01315	0.00800	0.00686
16	0.01458	0.03760	0.70688	0.02072	0.03146	0.01688	0.02686	0.02302	0.01535	0.02302	0.01304	0.01535	0.00921	0.00691	0.00691	0.00230	0.01074	0.00537	0.00307	0.01074
17	0.02165	0.01537	0.01695	0.01459	0.01913	0.01701	0.01153	0.08919	0.50518	0.16175	0.02843	0.02588	0.02059	0.00960	0.00737	0.00240	0.00602	0.00791	0.00770	0.01174
18	0.02109	0.01711	0.01813	0.01540	0.02005	0.01948	0.01223	0.23893	0.48086	0.03526	0.02577	0.02408	0.01910	0.00950	0.00736	0.00238	0.00646	0.00769	0.00736	0.01178
19	0.01687	0.01584	0.02587	0.14392	0.49302	0.01653	0.02001	0.02274	0.07968	0.02392	0.05739	0.02132	0.01579	0.00744	0.00731	0.00224	0.00820	0.00705	0.00417	0.01070
20	0.01171	0.00826	0.01051	0.00973	0.01178	0.00789	0.00737	0.01649	0.07381	0.05349	0.61818	0.05106	0.06306	0.01425	0.00843	0.00230	0.00371	0.01254	0.00799	0.00743
21	0.01021	0.00774	0.01095	0.01377	0.07622	0.00740	0.00895	0.01218	0.01492	0.01996	0.06251	0.52558	0.06290	0.02040	0.00915	0.00290	0.00497	0.11619	0.00649	0.00660
22	0.00900	0.00643	0.00860	0.01028	0.01077	0.00603	0.00700	0.01037	0.01406	0.01872	0.03999	0.70700	0.04777	0.02264	0.00932	0.00297	0.00434	0.05205	0.00674	0.00594
23	0.01755	0.01682	0.02870	0.11556	0.63172	0.01715	0.02209	0.02192	0.01634	0.02321	0.01359	0.01814	0.01132	0.00656	0.00720	0.00219	0.00875	0.00647	0.00356	0.01116
24	0.01458	0.03760	0.70688	0.02072	0.03146	0.01688	0.02686	0.02302	0.01535	0.02302	0.01304	0.01535	0.00921	0.00691	0.00691	0.00230	0.01074	0.00537	0.00307	0.01074
25	0.09970	0.03270	0.01966	0.01786	0.02168	0.64939	0.01346	0.02830	0.01982	0.01919	0.01113	0.01299	0.00922	0.00742	0.00636	0.00191	0.01240	0.00461	0.00382	0.00837
26	0.76204	0.01413	0.01093	0.00979	0.01427	0.01638	0.00803	0.02212	0.04168	0.03252	0.01097	0.01247	0.00850	0.00688	0.00462	0.00226	0.00563	0.00412	0.00462	0.00803
27	0.01029	0.00743	0.00972	0.00914	0.01086	0.00686	0.00686	0.01372	0.02058	0.02915	0.69536	0.05430	0.06859	0.01486	0.00857	0.00229	0.00343	0.01315	0.00800	0.00686
28	0.02715	0.03464	0.02060	0.01873	0.02247	0.71536	0.01404	0.02903	0.02060	0.01779	0.01124	0.01311	0.00936	0.00749	0.00655	0.00187	0.01311	0.00468	0.00375	0.00843
29	0.00886	0.00633	0.00843	0.01012	0.01054	0.00590	0.00675	0.01012	0.01392	0.01856	0.04006	0.73979	0.04808	0.02277	0.00928	0.00295	0.00422	0.02066	0.00675	0.00590
30	0.01716	0.01475	0.01595	0.01459	0.01821	0.01708	0.01135	0.03512	0.59317	0.02884	0.02986	0.07699	0.02414	0.01119	0.00822	0.00255	0.03237	0.03045	0.00717	0.01083
31	0.00886	0.00633	0.00843	0.01012	0.01054	0.00590	0.00675	0.01012	0.01392	0.01856	0.04006	0.73979	0.04808	0.02277	0.00928	0.00295	0.00422	0.02066	0.00675	0.00590
32	0.01808	0.01561	0.01644	0.01479	0.01890	0.01808	0.01151	0.03863	0.68606	0.03041	0.02959	0.02712	0.02219	0.00986	0.00740	0.00247	0.00575	0.00822	0.00740	0.01151
33	0.00978	0.00740	0.00909	0.00914	0.01095	0.00671	0.00695	0.01252	0.01832	0.02447	0.37516	0.12666	0.25519	0.01724	0.00880	0.00251	0.00392	0.08128	0.00736	0.00653
34	0.01029	0.00743	0.00972	0.00914	0.01086	0.00686	0.00686	0.01372	0.02058	0.02915	0.69536	0.05430	0.06859	0.01486	0.00857	0.00229	0.00343	0.01315	0.00800	0.00686
35	0.01943	0.74891	0.03809	0.01244	0.01866	0.02876	0.01244	0.02177	0.01477	0.01710	0.01011	0.01166	0.00933	0.00622	0.00466	0.00155	0.00777	0.00389	0.00311	0.00933
36	0.01808	0.01561	0.01644	0.01479	0.01890	0.01808	0.01151	0.03863	0.68606	0.03041	0.02959	0.02712	0.02219	0.00986	0.00740	0.00247	0.00575	0.00822	0.00740	0.01151
37	0.01507	0.01292	0.01507	0.01077	0.01723	0.00969	0.00861	0.01830	0.01507	0.02369	0.01292	0.01507	0.01077	0.00538	0.00538	0.00108	0.00538	0.00431	0.00431	0.78898
38	0.79588	0.01406	0.01068	0.00956	0.01406	0.01631	0.00787	0.02137	0.01237	0.03261	0.01012	0.01181	0.00787	0.00675	0.00450	0.00225	0.00562	0.00394	0.00450	0.00787
39	0.01057	0.00705	0.00793	0.00793	0.00793	0.00705	0.00440	0.01057	0.01057	0.01409	0.02290	0.04757	0.02643	0.74454	0.03700	0.00705	0.00705	0.01057	0.00440	0.00440
40	0.79588	0.01406	0.01068	0.00956	0.01406	0.01631	0.00787	0.02137	0.01237	0.03261	0.01012	0.01181	0.00787	0.00675	0.00450	0.00225	0.00562	0.00394	0.00450	0.00787
41	0.01937	0.71625	0.03713	0.01254	0.01867	0.02829	0.01240	0.02252	0.04467	0.01769	0.01097	0.01235	0.00990	0.00638	0.00479	0.00160	0.00768	0.00408	0.00330	0.00943
42	0.03221	0.01302	0.01727	0.01324	0.01888	0.01165	0.01094	0.08761	0.02190	0.65050	0.02776	0.02415	0.01753	0.00897	0.00731	0.00224	0.00633	0.00725	0.00886	0.01237
43	0.01008	0.00742	0.00943	0.00893	0.01073	0.00677	0.00669	0.01331	0.02008	0.02798	0.61898	0.05622	0.14570	0.01530	0.00858	0.00231	0.00346	0.01342	0.00785	0.00677
44	0.02045	0.65510	0.03579	0.01326	0.01916	0.11894	0.01265	0.02272	0.01554	0.01719	0.01025	0.01185	0.00933	0.00639	0.00491	0.00160	0.00847	0.00399	0.00319	0.00921
45	0.02715	0.03464	0.02060	0.01873	0.02247	0.71536	0.01404	0.02903	0.02060	0.01779	0.01124	0.01311	0.00936	0.00749	0.00655	0.00187	0.01311	0.00468	0.00375	0.00843
46	0.02657	0.01983	0.02122	0.01651	0.02214	0.02204	0.01356	0.60405	0.10682	0.04410	0.01880	0.01853	0.01346	0.00885	0.00729	0.00221	0.00775	0.00673	0.00729	0.01227
47	0.02500	0.07102	0.02041	0.01757	0.02114	0.61087	0.01327	0.02685	0.01965	0.01782	0.01389	0.08161	0.01301	0.00886	0.00671	0.00196	0.01198	0.00615	0.00399	0.00824
48	0.01488	0.00806	0.00819	0.00771	0.00980	0.00826	0.00591	0.07904	0.01703	0.02887	0.02312	0.02619	0.01804	0.00849	0.00529	0.00174	0.00382	0.00675	0.71151	0.00730
49	0.01263	0.00631	0.00947	0.00947	0.00947	0.00631	0.00631	0.00947	0.00947	0.01263	0.01263	0.02210	0.01263	0.02525	0.02841	0.78851	0.00631	0.00631	0.00316	0.00316
50	0.01350	0.01163	0.01915	0.01540	0.01902	0.01110	0.18285	0.01918	0.08845	0.05082	0.34032	0.06734	0.10525	0.01245	0.00843	0.00239	0.00615	0.01169	0.00667	0.00822
51	0.01507	0.01292	0.01507	0.01077	0.01723	0.00969	0.00861	0.01830	0.01507	0.02369	0.01292	0.01507	0.01077	0.00538	0.00538	0.00108	0.00538	0.00431	0.00431	0.78898
52	0.00910	0.00738	0.00807	0.00789	0.01013	0.00635	0.00592	0.01141	0.01776	0.02247	0.25895	0.06529	0.50916	0.01735	0.00859	0.00240	0.00361	0.01469	0.00712	0.00635
53	0.00967	0.00795	0.00862	0.00874	0.01090	0.00728	0.00643	0.01330	0.07956	0.02121	0.11300	0.19399	0.45700	0.01816	0.00861	0.00254	0.00396	0.01552	0.00691	0.00666
54	0.01616	0.26976	0.48859	0.01802	0.02728	0.02076	0.02215	0.02261	0.01516	0.02109	0.01209	0.01414	0.00925	0.00668	0.00617	0.00206	0.00977	0.00489	0.00308	0.01028
55	0.01044	0.00758	0.01065	0.01065	0.01159	0.00853	0.00780	0.01232	0.01138	0.01611	0.02041	0.03377	0.02044	0.24382	0.52952	0.01041	0.01606	0.00855	0.00403	0.00592
56	0.00944	0.00740	0.00853	0.00825	0.01034	0.00650	0.00619	0.01207	0.01856	0.02437	0.38292	0.06217	0.38401	0.01664	0.00858	0.00237	0.00356	0.01425	0.00737	0.00650
57	0.01589	0.21305	0.51229	0.01910	0.02857	0.01989	0.05139	0.02272	0.01528	0.02157	0.01239	0.01462	0.00932	0.00670	0.00642	0.00212	0.01007	0.00514	0.00311	0.01035
58	0.02669	0.02113	0.02245	0.01951	0.08639	0.07356	0.01463	0.56534	0.03150	0.04165	0.01663	0.01718	0.01206	0.00842	0.00721	0.00216	0.00844	0.00640	0.00666	0.01199
59	0.01818	0.01709	0.02847	0.09767	0.61029	0.01747	0.02167	0.05769	0.01735	0.02454	0.01382	0.01807	0.01141	0.00666	0.00721	0.00218	0.00869	0.00648	0.00377	0.01129
60	0.01038	0.00779	0.01168	0.01168	0.01298	0.00909	0.00909	0.01298	0.01168	0.01687	0.01947	0.02856	0.01817	0.05452	0.71573	0.01168	0.01947	0.00779	0.00389	0.00649
61	0.01458	0.03760	0.70688	0.02072	0.03146	0.01688	0.02686	0.02302	0.01535	0.02302	0.01304	0.01535	0.00921	0.00691	0.00691	0.00230	0.01074	0.00537	0.00307	0.01074
62	0.01571	0.20302	0.55134	0.01879	0.02848	0.01964	0.02350	0.02273	0.01521	0.02164	0.01236	0.01449	0.00924	0.00675	0.00638	0.00213	0.01005	0.00503	0.00308	0.01041
63	0.01047	0.00744	0.00993	0.00993	0.01063	0.00814	0.00690	0.01186	0.01116	0.01558	0.02107	0.03742	0.02202	0.37617	0.39934	0.00952	0.01368	0.00909	0.00413	0.00552
64	0.00902	0.00639	0.00839	0.00991	0.01030	0.00601	0.00653	0.01016	0.01360	0.01813	0.03844	0.67447	0.04603	0.09089	0.01189	0.00334	0.00448	0.01971	0.00653	0.00576
65	0.02247	0.02559	0.01815	0.01648	0.02016	0.41073	0.01250	0.03085	0.24752	0.02316	0.08205	0.02177	0.01933	0.00899	0.00703	0.00211	0.00969	0.00669	0.00539	0.00933
66	0.03079	0.01289	0.01693	0.01318	0.01854	0.01168	0.01080	0.10202	0.02185	0.59676	0.02811	0.06306	0.01904	0.00972	0.00741	0.00228	0.00627	0.00796	0.00869	0.01202
67	0.01458	0.03760	0.70688	0.02072	0.03146	0.01688	0.02686	0.02302	0.01535	0.02302	0.01304	0.01535	0.00921	0.00691	0.00691	0.00230	0.01074	0.00537	0.00307	0.01074
68	0.02832	0.01926	0.02113	0.01620	0.02199	0.02090	0.01338	0.58658	0.03233	0.13680	0.01900	0.01846	0.01314	0.00876	0.00728	0.00219	0.00775	0.00665	0.00751	0.01236
69	0.01430	0.01366	0.02358	0.62794	0.11072	0.01637	0.05292	0.01916	0.01486	0.01930	0.01308	0.01926	0.00993	0.00714	0.00733	0.00240	0.00972	0.00657	0.00329	0.00849
70	0.01029	0.00743	0.00972	0.00914	0.01086	0.00686	0.00686	0.01372	0.02058	0.02915	0.69536	0.05430	0.06859	0.01486	0.00857	0.00229	0.00343	0.01315	0.00800	0.00686
71	0.01685	0.05639	0.01741	0.01479	0.01744	0.13754	0.01177	0.02433	0.20423	0.02235	0.08189	0.02807	0.02197	0.01933	0.14656	0.00423	0.11694	0.04403	0.00524	0.00866
72	0.01373	0.01292	0.02180	0.72707	0.05006	0.01615	0.02019	0.01857	0.01453	0.01857	0.01292	0.01938	0.00969	0.00727	0.00727	0.00242	0.00969	0.00646	0.00323	0.00807
73	0.01608	0.01506	0.02504	0.22192	0.43388	0.01598	0.02003	0.02091	0.03991	0.02224	0.01659	0.06100	0.01476	0.00831	0.00746	0.00234	0.00848	0.03598	0.00395	0.01008

[dist]
# distance from previous block
# <min> <max>
0	1

[block]
# block no. 3 follows, 28 sequences, length 81
# corresponding to MSA columns:
# 636-694,698-700,702-720
name=unknown_D
#
# <colnr> <probs for GDERKNQSTAVLIFYWHMCP>
#	G	D	E	R	K	N	Q	S	T	A	V	L	I	F	Y	W	H	M	C	P
0	0.02069	0.01642	0.03044	0.02236	0.02866	0.01534	0.36764	0.02710	0.08434	0.19481	0.04846	0.02280	0.01631	0.00754	0.00792	0.00230	0.00924	0.00813	0.00560	0.06390
1	0.01151	0.00897	0.00951	0.00867	0.01176	0.00786	0.00665	0.06315	0.01787	0.04807	0.06149	0.08249	0.53959	0.01639	0.00820	0.00233	0.00427	0.01364	0.00668	0.07091
2	0.01812	0.01368	0.01585	0.01205	0.01768	0.01195	0.00960	0.15128	0.01919	0.07297	0.01778	0.09354	0.01555	0.00816	0.00631	0.00158	0.00584	0.00670	0.00548	0.49669
3	0.01943	0.74891	0.03809	0.01244	0.01866	0.02876	0.01244	0.02177	0.01477	0.01710	0.01011	0.01166	0.00933	0.00622	0.00466	0.00155	0.00777	0.00389	0.00311	0.00933
4	0.02376	0.02289	0.02529	0.01994	0.02534	0.18712	0.15736	0.27948	0.12791	0.03179	0.01724	0.01837	0.01287	0.00804	0.00740	0.00221	0.00981	0.00680	0.00566	0.01073
5	0.01373	0.01292	0.02180	0.72707	0.05006	0.01615	0.02019	0.01857	0.01453	0.01857	0.01292	0.01938	0.00969	0.00727	0.00727	0.00242	0.00969	0.00646	0.00323	0.00807
6	0.01017	0.00743	0.00956	0.00902	0.01079	0.00681	0.00677	0.01349	0.02030	0.02850	0.65274	0.05537	0.11161	0.01510	0.00857	0.00230	0.00345	0.01330	0.00792	0.00681
7	0.01590	0.01590	0.02226	0.01908	0.01908	0.02226	0.01590	0.01749	0.01113	0.01749	0.00954	0.01590	0.00954	0.01272	0.02385	0.00318	0.73123	0.00636	0.00318	0.00795
8	0.01344	0.00722	0.00758	0.00750	0.00923	0.00722	0.00560	0.03744	0.01611	0.02720	0.06878	0.08143	0.02389	0.00996	0.00569	0.00184	0.00360	0.00822	0.65116	0.00690
9	0.01355	0.00678	0.00678	0.00678	0.00847	0.00678	0.00508	0.01694	0.01524	0.02710	0.02371	0.02710	0.01863	0.00847	0.00508	0.00169	0.00339	0.00678	0.78489	0.00678
10	0.00886	0.00633	0.00843	0.01012	0.01054	0.00590	0.00675	0.01012	0.01392	0.01856	0.04006	0.73979	0.04808	0.02277	0.00928	0.00295	0.00422	0.02066	0.00675	0.00590
11	0.01038	0.00779	0.01168	0.01168	0.01298	0.00909	0.00909	0.01298	0.01168	0.01687	0.01947	0.02856	0.01817	0.05452	0.71573	0.01168	0.01947	0.00779	0.00389	0.00649
12	0.01057	0.00705	0.00793	0.00793	0.00793	0.00705	0.00440	0.01057	0.01057	0.01409	0.02290	0.04757	0.02643	0.74454	0.03700	0.00705	0.00705	0.01057	0.00440	0.00440
13	0.00893	0.00738	0.00783	0.00772	0.01002	0.00628	0.00579	0.01108	0.01736	0.02151	0.19633	0.06687	0.57238	0.01771	0.00859	0.00242	0.00363	0.01491	0.00700	0.00628
14	0.08108	0.01432	0.02229	0.01669	0.02262	0.01313	0.15512	0.05240	0.01986	0.48864	0.02400	0.02251	0.01560	0.00821	0.00739	0.00229	0.00753	0.00733	0.00747	0.01150
15	0.01507	0.01292	0.01507	0.01077	0.01723	0.00969	0.00861	0.01830	0.01507	0.02369	0.01292	0.01507	0.01077	0.00538	0.00538	0.00108	0.00538	0.00431	0.00431	0.78898
16	0.02562	0.01936	0.02068	0.01632	0.02178	0.02160	0.01333	0.54111	0.17129	0.04257	0.02000	0.01949	0.01443	0.00896	0.00730	0.00224	0.00753	0.00690	0.00730	0.01218
17	0.79588	0.01406	0.01068	0.00956	0.01406	0.01631	0.00787	0.02137	0.01237	0.03261	0.01012	0.01181	0.00787	0.00675	0.00450	0.00225	0.00562	0.00394	0.00450	0.00787
18	0.01590	0.01590	0.02226	0.01908	0.01908	0.02226	0.01590	0.01749	0.01113	0.01749	0.00954	0.01590	0.00954	0.01272	0.02385	0.00318	0.73123	0.00636	0.00318	0.00795
19	0.75949	0.04850	0.01197	0.00969	0.01427	0.01689	0.00809	0.02139	0.01248	0.03189	0.01012	0.01180	0.00794	0.00672	0.00451	0.00222	0.00572	0.00393	0.00443	0.00794
20	0.00886	0.00633	0.00843	0.01012	0.01054	0.00590	0.00675	0.01012	0.01392	0.01856	0.04006	0.73979	0.04808	0.02277	0.00928	0.00295	0.00422	0.02066	0.00675	0.00590
21	0.01665	0.01566	0.02601	0.10990	0.53240	0.01607	0.02004	0.02148	0.04747	0.02301	0.01696	0.09007	0.01545	0.00833	0.00742	0.00228	0.00817	0.00796	0.00405	0.01060
22	0.01725	0.01499	0.02005	0.01449	0.02099	0.01285	0.10418	0.11734	0.01823	0.02694	0.01385	0.01608	0.01104	0.00599	0.00612	0.00144	0.00676	0.00525	0.00466	0.56149
23	0.00886	0.00633	0.00843	0.01012	0.01054	0.00590	0.00675	0.01012	0.01392	0.01856	0.04006	0.73979	0.04808	0.02277	0.00928	0.00295	0.00422	0.02066	0.00675	0.00590
24	0.01943	0.74891	0.03809	0.01244	0.01866	0.02876	0.01244	0.02177	0.01477	0.01710	0.01011	0.01166	0.00933	0.00622	0.00466	0.00155	0.00777	0.00389	0.00311	0.00933
25	0.00927	0.00739	0.00830	0.00807	0.01023	0.00642	0.00606	0.01174	0.01817	0.02343	0.32151	0.06371	0.44600	0.01699	0.00858	0.00239	0.00358	0.01447	0.00725	0.00642
26	0.01822	0.03251	0.56764	0.01915	0.02886	0.01563	0.02359	0.02552	0.01645	0.16048	0.01620	0.01724	0.01098	0.00733	0.00699	0.00229	0.00982	0.00576	0.00427	0.01107
27	0.01138	0.00697	0.00762	0.00762	0.00807	0.00697	0.00459	0.01229	0.01183	0.01761	0.02312	0.04204	0.02432	0.54555	0.02837	0.00560	0.00606	0.00954	0.21540	0.00505
28	0.01171	0.00837	0.01171	0.01339	0.01506	0.00837	0.01171	0.01506	0.01673	0.02175	0.03849	0.08199	0.04183	0.02008	0.01004	0.00335	0.00669	0.65027	0.00669	0.00669
29	0.01737	0.01900	0.03941	0.03427	0.20975	0.01809	0.50382	0.02303	0.01700	0.02340	0.01444	0.01919	0.01116	0.00622	0.00822	0.00238	0.01131	0.00803	0.00366	0.01025
30	0.01653	0.01442	0.02180	0.58373	0.04451	0.01744	0.01890	0.15103	0.01850	0.02407	0.01383	0.01899	0.01023	0.00756	0.00727	0.00237	0.00935	0.00648	0.00405	0.00894
31	0.00886	0.00633	0.00843	0.01012	0.01054	0.00590	0.00675	0.01012	0.01392	0.01856	0.04006	0.73979	0.04808	0.02277	0.00928	0.00295	0.00422	0.02066	0.00675	0.00590
32	0.08245	0.01513	0.01865	0.01546	0.01804	0.01837	0.03742	0.19565	0.01858	0.02868	0.01498	0.01854	0.01218	0.00999	0.01316	0.00249	0.29217	0.00639	0.17273	0.00895
33	0.01943	0.74891	0.03809	0.01244	0.01866	0.02876	0.01244	0.02177	0.01477	0.01710	0.01011	0.01166	0.00933	0.00622	0.00466	0.00155	0.00777	0.00389	0.00311	0.00933
34	0.01799	0.01727	0.02950	0.04462	0.69919	0.01727	0.02231	0.02231	0.01655	0.02375	0.01367	0.01799	0.01151	0.00648	0.00720	0.00216	0.00864	0.00648	0.00360	0.01151
35	0.01029	0.00743	0.00972	0.00914	0.01086	0.00686	0.00686	0.01372	0.02058	0.02915	0.69536	0.05430	0.06859	0.01486	0.00857	0.00229	0.00343	0.01315	0.00800	0.00686
36	0.02715	0.03464	0.02060	0.01873	0.02247	0.71536	0.01404	0.02903	0.02060	0.01779	0.01124	0.01311	0.00936	0.00749	0.00655	0.00187	0.01311	0.00468	0.00375	0.00843
37	0.00872	0.00716	0.00768	0.00800	0.01001	0.00612	0.00583	0.01051	0.01620	0.01982	0.09298	0.20447	0.53908	0.01914	0.00873	0.00255	0.00378	0.01632	0.00680	0.00612
38	0.00893	0.00738	0.00784	0.00772	0.01003	0.00628	0.00579	0.01109	0.01738	0.02156	0.19910	0.06680	0.56959	0.01769	0.00859	0.00242	0.00363	0.01490	0.00700	0.00628
39	0.01507	0.01292	0.01507	0.01077	0.01723	0.00969	0.00861	0.01830	0.01507	0.02369	0.01292	0.01507	0.01077	0.00538	0.00538	0.00108	0.00538	0.00431	0.00431	0.78898
40	0.01006	0.00742	0.00939	0.00890	0.01072	0.00676	0.00668	0.01327	0.02003	0.02784	0.61001	0.05645	0.15475	0.01535	0.00858	0.00231	0.00346	0.01345	0.00783	0.00676
41	0.00859	0.00736	0.00736	0.00736	0.00982	0.00614	0.00552	0.01043	0.01657	0.01964	0.07364	0.06996	0.69624	0.01841	0.00859	0.00245	0.00368	0.01534	0.00675	0.00614
42	0.03207	0.01324	0.01741	0.01335	0.01899	0.01198	0.01102	0.10508	0.02226	0.63251	0.02745	0.02395	0.01738	0.00897	0.00731	0.00224	0.00638	0.00723	0.00881	0.01237
43	0.01799	0.01727	0.02950	0.04462	0.69919	0.01727	0.02231	0.02231	0.01655	0.02375	0.01367	0.01799	0.01151	0.00648	0.00720	0.00216	0.00864	0.00648	0.00360	0.01151
44	0.03261	0.01237	0.01687	0.01293	0.01856	0.01068	0.01068	0.03543	0.02081	0.70423	0.02868	0.02474	0.01799	0.00900	0.00731	0.00225	0.00619	0.00731	0.00900	0.01237
45	0.01943	0.74891	0.03809	0.01244	0.01866	0.02876	0.01244	0.02177	0.01477	0.01710	0.01011	0.01166	0.00933	0.00622	0.00466	0.00155	0.00777	0.00389	0.00311	0.00933
46	0.01808	0.01561	0.01644	0.01479	0.01890	0.01808	0.01151	0.03863	0.68606	0.03041	0.02959	0.02712	0.02219	0.00986	0.00740	0.00247	0.00575	0.00822	0.00740	0.01151
47	0.01048	0.00748	0.01029	0.01197	0.01310	0.00730	0.00956	0.01292	0.01551	0.02037	0.03917	0.36700	0.04454	0.02125	0.00971	0.00318	0.00562	0.37748	0.00672	0.00635
48	0.01808	0.01561	0.01644	0.01479	0.01890	0.01808	0.01151	0.03863	0.68606	0.03041	0.02959	0.02712	0.02219	0.00986	0.00740	0.00247	0.00575	0.00822	0.00740	0.01151
49	0.01620	0.04473	0.01656	0.01128	0.01769	0.01146	0.00917	0.06772	0.01649	0.02507	0.01314	0.01511	0.01083	0.00567	0.00549	0.00118	0.00568	0.00446	0.00448	0.69760
50	0.01747	0.46136	0.30845	0.01579	0.02383	0.02396	0.01827	0.02227	0.01500	0.01949	0.01129	0.01315	0.00928	0.00650	0.00557	0.00186	0.00897	0.00449	0.00309	0.00990
51	0.01458	0.03760	0.70688	0.02072	0.03146	0.01688	0.02686	0.02302	0.01535	0.02302	0.01304	0.01535	0.00921	0.00691	0.00691	0.00230	0.01074	0.00537	0.00307	0.01074
52	0.01244	0.00735	0.00848	0.04155	0.01148	0.00731	0.00667	0.01580	0.01648	0.02623	0.16311	0.03911	0.07446	0.01122	0.00649	0.00202	0.00396	0.05633	0.48273	0.00680
53	0.04715	0.01575	0.02060	0.01838	0.07537	0.04615	0.06174	0.10138	0.08033	0.20288	0.03884	0.02290	0.01632	0.05983	0.01269	0.00277	0.15357	0.00731	0.00593	0.01012
54	0.01276	0.07104	0.01746	0.01427	0.01601	0.01356	0.05924	0.01613	0.05968	0.01959	0.05286	0.29894	0.02893	0.02092	0.10397	0.00393	0.16569	0.01243	0.00517	0.00742
55	0.01057	0.00705	0.00793	0.00793	0.00793	0.00705	0.00440	0.01057	0.01057	0.01409	0.02290	0.04757	0.02643	0.74454	0.03700	0.00705	0.00705	0.01057	0.00440	0.00440
56	0.01799	0.01727	0.02950	0.04462	0.69919	0.01727	0.02231	0.02231	0.01655	0.02375	0.01367	0.01799	0.01151	0.00648	0.00720	0.00216	0.00864	0.00648	0.00360	0.01151
57	0.01753	0.01875	0.08461	0.07164	0.61699	0.01719	0.02259	0.02221	0.01637	0.02347	0.01359	0.01783	0.01125	0.00655	0.00718	0.00218	0.00885	0.00639	0.00354	0.01130
58	0.01720	0.01950	0.04226	0.03129	0.06898	0.01833	0.64230	0.02324	0.01713	0.02331	0.01466	0.01953	0.01105	0.00614	0.00851	0.00244	0.01209	0.00848	0.00367	0.00988
59	0.00866	0.00737	0.00746	0.00744	0.00986	0.00617	0.00558	0.01057	0.01674	0.02004	0.09976	0.06930	0.66988	0.01826	0.00859	0.00245	0.00367	0.01525	0.00680	0.00617
60	0.00922	0.00659	0.00885	0.01054	0.01112	0.00622	0.00738	0.01075	0.01428	0.01897	0.03986	0.65559	0.04728	0.02243	0.00938	0.00300	0.00453	0.10126	0.00674	0.00601
61	0.02572	0.03219	0.02286	0.02166	0.07892	0.61045	0.05988	0.02808	0.02003	0.01865	0.01167	0.01395	0.00965	0.00731	0.00675	0.00194	0.01268	0.00510	0.00373	0.00877
62	0.01491	0.08636	0.66103	0.02015	0.03058	0.01770	0.02587	0.02293	0.01531	0.02261	0.01284	0.01509	0.00922	0.00686	0.00675	0.00225	0.01054	0.00527	0.00307	0.01065
63	0.00878	0.00733	0.00765	0.00765	0.00995	0.00620	0.00571	0.01076	0.01688	0.02058	0.13641	0.09391	0.60684	0.01821	0.00862	0.00246	0.00368	0.01532	0.00688	0.00620
64	0.06394	0.01524	0.06403	0.01364	0.01942	0.04090	0.01184	0.03383	0.04830	0.57105	0.02611	0.02315	0.01677	0.00873	0.00713	0.00225	0.00674	0.00696	0.00811	0.01186
65	0.01886	0.01881	0.04003	0.02869	0.03585	0.01754	0.59994	0.02462	0.01756	0.09821	0.01624	0.02017	0.01180	0.00644	0.00844	0.00243	0.01159	0.00844	0.00426	0.01009
66	0.01910	0.02123	0.02179	0.01898	0.02005	0.21910	0.01538	0.02077	0.01382	0.01758	0.01002	0.01511	0.00949	0.01124	0.01894	0.00281	0.52729	0.00588	0.00334	0.00809
67	0.01902	0.01859	0.02858	0.04169	0.62474	0.06534	0.02139	0.04984	0.01756	0.02425	0.01366	0.01763	0.01140	0.00664	0.00716	0.00214	0.00892	0.00636	0.00376	0.01134
68	0.00859	0.00736	0.00736	0.00736	0.00982	0.00614	0.00552	0.01043	0.01657	0.01964	0.07364	0.06996	0.69624	0.01841	0.00859	0.00245	0.00368	0.01534	0.00675	0.00614
69	0.01799	0.01727	0.02950	0.04462	0.69919	0.01727	0.02231	0.02231	0.01655	0.02375	0.01367	0.01799	0.01151	0.00648	0.00720	0.00216	0.00864	0.00648	0.00360	0.01151
70	0.00866	0.00737	0.00746	0.00744	0.00986	0.00617	0.00558	0.01057	0.01674	0.02004	0.10022	0.06929	0.66941	0.01826	0.00859	0.00245	0.00367	0.01525	0.00680	0.00617
71	0.01038	0.00779	0.01168	0.01168	0.01298	0.00909	0.00909	0.01298	0.01168	0.01687	0.01947	0.02856	0.01817	0.05452	0.71573	0.01168	0.01947	0.00779	0.00389	0.00649
72	0.01704	0.27839	0.40204	0.01935	0.07247	0.02121	0.02105	0.05108	0.01606	0.02205	0.01228	0.01436	0.00955	0.00672	0.00618	0.00203	0.00946	0.00499	0.00330	0.01038
73	0.01057	0.00705	0.00793	0.00793	0.00793	0.00705	0.00440	0.01057	0.01057	0.01409	0.02290	0.04757	0.02643	0.74454	0.03700	0.00705	0.00705	0.01057	0.00440	0.00440
74	0.01507	0.01292	0.01507	0.01077	0.01723	0.00969	0.00861	0.01830	0.01507	0.02369	0.01292	0.01507	0.01077	0.00538	0.00538	0.00108	0.00538	0.00431	0.00431	0.78898
75	0.01991	0.27633	0.31059	0.01653	0.02451	0.02115	0.01843	0.11783	0.01841	0.09177	0.01422	0.01532	0.01057	0.00714	0.00623	0.00202	0.00888	0.00522	0.00428	0.01065
76	0.01769	0.03578	0.04830	0.01337	0.01789	0.01478	0.01103	0.10713	0.27984	0.06697	0.10321	0.07648	0.04699	0.01054	0.00730	0.00220	0.00585	0.00881	0.00672	0.11912
77	0.01645	0.02138	0.26230	0.01548	0.02140	0.01424	0.01589	0.16181	0.04510	0.05677	0.02798	0.17302	0.09080	0.01239	0.00779	0.00246	0.00755	0.03192	0.00567	0.00959
78	0.07941	0.19382	0.46731	0.01752	0.02630	0.01913	0.02124	0.02213	0.01480	0.02219	0.01245	0.01485	0.00955	0.00897	0.03943	0.00257	0.01007	0.00503	0.00323	0.00999
79	0.01707	0.33653	0.40164	0.01709	0.02576	0.02208	0.02034	0.04497	0.01575	0.02131	0.01196	0.01387	0.00937	0.00668	0.00597	0.00198	0.00940	0.00479	0.00323	0.01020
80	0.01902	0.20657	0.35354	0.01689	0.02480	0.06675	0.01901	0.02505	0.04207	0.11238	0.03832	0.01733	0.01295	0.00744	0.00646	0.00209	0.00913	0.00559	0.00425	0.01035

[dist]
# distance from previous block
# <min> <max>
0	2

[block]
# block no. 4 follows, 28 sequences, length 25
# corresponding to MSA columns:
# 723-747
name=unknown_E
#
# <colnr> <probs for GDERKNQSTAVLIFYWHMCP>
#	G	D	E	R	K	N	Q	S	T	A	V	L	I	F	Y	W	H	M	C	P
0	0.23256	0.16359	0.36032	0.01576	0.02371	0.01870	0.01823	0.02283	0.01464	0.05245	0.01232	0.01406	0.00922	0.00682	0.00584	0.00214	0.00858	0.00477	0.00372	0.00975
1	0.06105	0.01616	0.01845	0.01739	0.08863	0.07768	0.01246	0.15720	0.04111	0.21015	0.02011	0.04553	0.01599	0.07724	0.03721	0.00309	0.07697	0.00735	0.00612	0.01012
2	0.01761	0.07267	0.08888	0.03525	0.48374	0.05265	0.02005	0.02180	0.01630	0.02260	0.01467	0.05733	0.01305	0.00741	0.00698	0.00211	0.00859	0.00679	0.00373	0.04779
3	0.01618	0.01168	0.01284	0.01215	0.01472	0.05006	0.00905	0.05301	0.17015	0.11211	0.08772	0.28252	0.05474	0.04305	0.03253	0.00302	0.00602	0.01294	0.00697	0.00852
4	0.09999	0.04353	0.01828	0.01557	0.01865	0.21579	0.03579	0.02442	0.11916	0.05491	0.02123	0.10651	0.05134	0.01103	0.00986	0.00241	0.12974	0.00814	0.00504	0.00861
5	0.01700	0.01689	0.03065	0.17372	0.44348	0.01727	0.15008	0.02178	0.01628	0.02266	0.01373	0.01858	0.01107	0.00656	0.00748	0.00227	0.00955	0.00689	0.00354	0.01051
6	0.02214	0.02039	0.02213	0.01996	0.09194	0.18925	0.09225	0.18257	0.02288	0.07829	0.13317	0.02351	0.02145	0.00883	0.00740	0.00212	0.00882	0.00743	0.00572	0.03975
7	0.00886	0.00633	0.00843	0.01012	0.01054	0.00590	0.00675	0.01012	0.01392	0.01856	0.04006	0.73979	0.04808	0.02277	0.00928	0.00295	0.00422	0.02066	0.00675	0.00590
8	0.01483	0.01404	0.02379	0.55082	0.21771	0.01644	0.02074	0.01954	0.01506	0.01991	0.01311	0.01902	0.01016	0.00706	0.00725	0.00235	0.00942	0.00646	0.00333	0.00896
9	0.02085	0.33633	0.14974	0.01479	0.02127	0.04670	0.01477	0.11943	0.05839	0.09337	0.04804	0.01752	0.01426	0.00767	0.00613	0.00195	0.00804	0.00562	0.00482	0.01031
10	0.01411	0.01331	0.02250	0.66554	0.10859	0.01625	0.02038	0.01891	0.01472	0.01904	0.01299	0.01925	0.00985	0.00720	0.00726	0.00240	0.00959	0.00646	0.00326	0.00839
11	0.01029	0.00743	0.00972	0.00914	0.01086	0.00686	0.00686	0.01372	0.02058	0.02915	0.69536	0.05430	0.06859	0.01486	0.00857	0.00229	0.00343	0.01315	0.00800	0.00686
12	0.01507	0.01292	0.01507	0.01077	0.01723	0.00969	0.00861	0.01830	0.01507	0.02369	0.01292	0.01507	0.01077	0.00538	0.00538	0.00108	0.00538	0.00431	0.00431	0.78898
13	0.01075	0.00725	0.00851	0.00877	0.00903	0.00725	0.00553	0.01126	0.01152	0.01528	0.02531	0.05289	0.02881	0.63259	0.03283	0.00648	0.00699	0.10942	0.00476	0.00476
14	0.03261	0.01237	0.01687	0.01293	0.01856	0.01068	0.01068	0.03543	0.02081	0.70423	0.02868	0.02474	0.01799	0.00900	0.00731	0.00225	0.00619	0.00731	0.00900	0.01237
15	0.01008	0.00742	0.00942	0.00892	0.01073	0.00677	0.00669	0.01331	0.02008	0.02796	0.61782	0.05625	0.14686	0.01530	0.00858	0.00231	0.00346	0.01342	0.00785	0.00677
16	0.01230	0.00788	0.01036	0.00949	0.01155	0.00720	0.00720	0.01567	0.02060	0.09001	0.63525	0.05163	0.06403	0.01433	0.00846	0.00228	0.00368	0.01262	0.00809	0.00736
17	0.79588	0.01406	0.01068	0.00956	0.01406	0.01631	0.00787	0.02137	0.01237	0.03261	0.01012	0.01181	0.00787	0.00675	0.00450	0.00225	0.00562	0.00394	0.00450	0.00787
18	0.03047	0.01580	0.01899	0.01456	0.02027	0.01578	0.01203	0.31028	0.02655	0.42125	0.02385	0.02161	0.01557	0.00888	0.00729	0.00222	0.00696	0.00698	0.00826	0.01237
