[name]
unknown

[dist]
# distance from previous block
# <min> <max>
21	63

[block]
# block no. 0 follows, 34 sequences, length 55
# corresponding to MSA columns:
# 179-233
name=unknown_A
#
# <colnr> <probs for GDERKNQSTAVLIFYWHMCP>
#	G	D	E	R	K	N	Q	S	T	A	V	L	I	F	Y	W	H	M	C	P
0	0.13570	0.01246	0.01933	0.49095	0.18583	0.01459	0.01668	0.01759	0.01301	0.01939	0.01125	0.01594	0.00871	0.00624	0.00607	0.00208	0.00786	0.00540	0.00311	0.00780
1	0.01727	0.77681	0.03386	0.01106	0.01658	0.02557	0.01106	0.01935	0.01313	0.01520	0.00898	0.01036	0.00829	0.00553	0.00415	0.00138	0.00691	0.00345	0.00276	0.00829
2	0.27558	0.00836	0.00833	0.00825	0.01048	0.00861	0.00629	0.01324	0.01384	0.02307	0.19192	0.18756	0.17204	0.01307	0.00660	0.00221	0.00398	0.03489	0.00559	0.00609
3	0.01296	0.03342	0.73944	0.01842	0.02797	0.01501	0.02387	0.02046	0.01364	0.02046	0.01160	0.01364	0.00818	0.00614	0.00614	0.00205	0.00955	0.00477	0.00273	0.00955
4	0.02513	0.02675	0.01763	0.01559	0.01926	0.59645	0.01187	0.02696	0.01835	0.16304	0.01315	0.01376	0.00989	0.00693	0.00596	0.00173	0.01040	0.00464	0.00428	0.00821
5	0.01825	0.02603	0.50051	0.01613	0.02418	0.01319	0.01913	0.02410	0.01524	0.25681	0.01618	0.01640	0.01076	0.00675	0.00626	0.00203	0.00821	0.00534	0.00447	0.01003
6	0.01296	0.03342	0.73944	0.01842	0.02797	0.01501	0.02387	0.02046	0.01364	0.02046	0.01160	0.01364	0.00818	0.00614	0.00614	0.00205	0.00955	0.00477	0.00273	0.00955
7	0.00852	0.00670	0.00777	0.00784	0.00972	0.00595	0.00611	0.01079	0.01583	0.02031	0.26233	0.05958	0.42135	0.01563	0.00783	0.00226	0.00361	0.11582	0.00633	0.00572
8	0.01817	0.01580	0.03159	0.02591	0.13658	0.01479	0.46145	0.02277	0.01583	0.16699	0.01547	0.01814	0.01113	0.00601	0.00721	0.00210	0.00930	0.00711	0.00422	0.00941
9	0.01416	0.00813	0.01128	0.01168	0.01388	0.00781	0.01007	0.01704	0.01574	0.16609	0.05819	0.06158	0.03374	0.01567	0.00838	0.00274	0.00575	0.52468	0.00641	0.00699
10	0.00923	0.00692	0.01038	0.01038	0.01154	0.00808	0.00808	0.01154	0.01038	0.01500	0.01731	0.02538	0.01615	0.04846	0.74732	0.01038	0.01731	0.00692	0.00346	0.00577
11	0.00783	0.00580	0.00731	0.00852	0.00925	0.00529	0.00578	0.00905	0.01283	0.01668	0.04147	0.63001	0.17764	0.01948	0.00813	0.00254	0.00366	0.01744	0.00600	0.00529
12	0.02234	0.01700	0.01814	0.01442	0.01919	0.01900	0.01174	0.53415	0.21092	0.03714	0.01833	0.01776	0.01327	0.00802	0.00649	0.00201	0.00659	0.00621	0.00649	0.01079
13	0.01599	0.01535	0.02623	0.03966	0.73262	0.01535	0.01983	0.01983	0.01471	0.02111	0.01215	0.01599	0.01023	0.00576	0.00640	0.00192	0.00768	0.00576	0.00320	0.01023
14	0.00787	0.00562	0.00750	0.00900	0.00937	0.00525	0.00600	0.00900	0.01237	0.01649	0.03561	0.76871	0.04274	0.02024	0.00825	0.00262	0.00375	0.01837	0.00600	0.00525
15	0.01495	0.01450	0.02533	0.22637	0.50047	0.01517	0.07087	0.01903	0.01428	0.01988	0.01205	0.01642	0.00978	0.00592	0.00651	0.00200	0.00816	0.00589	0.00312	0.00932
16	0.01773	0.44423	0.19958	0.01359	0.02001	0.02191	0.01437	0.16081	0.01677	0.02167	0.01094	0.01220	0.00882	0.00613	0.00510	0.00165	0.00758	0.00425	0.00351	0.00914
17	0.00787	0.00562	0.00750	0.00900	0.00937	0.00525	0.00600	0.00900	0.01237	0.01649	0.03561	0.76871	0.04274	0.02024	0.00825	0.00262	0.00375	0.01837	0.00600	0.00525
18	0.00914	0.00660	0.00864	0.00813	0.00965	0.00610	0.00610	0.01219	0.01829	0.02591	0.72921	0.04827	0.06097	0.01321	0.00762	0.00203	0.00305	0.01169	0.00711	0.00610
19	0.01340	0.01148	0.01340	0.00957	0.01531	0.00861	0.00766	0.01627	0.01340	0.02105	0.01148	0.01340	0.00957	0.00479	0.00479	0.00096	0.00479	0.00383	0.00383	0.81242
20	0.01100	0.16355	0.01252	0.00787	0.00899	0.01020	0.00537	0.01143	0.01016	0.01307	0.01804	0.03577	0.02039	0.61628	0.02702	0.00527	0.00640	0.00818	0.00368	0.00481
21	0.01058	0.00776	0.01044	0.01167	0.01332	0.00783	0.01009	0.01438	0.05617	0.01968	0.03554	0.06942	0.07587	0.01723	0.00871	0.00288	0.00575	0.61052	0.00599	0.00617
22	0.01340	0.01148	0.01340	0.00957	0.01531	0.00861	0.00766	0.01627	0.01340	0.02105	0.01148	0.01340	0.00957	0.00479	0.00479	0.00096	0.00479	0.00383	0.00383	0.81242
23	0.01522	0.01456	0.02483	0.18616	0.59216	0.01515	0.01944	0.01915	0.01435	0.02017	0.01202	0.01624	0.00990	0.00590	0.00641	0.00197	0.00787	0.00575	0.00313	0.00961
24	0.02217	0.02714	0.01997	0.02135	0.16535	0.57565	0.01403	0.02427	0.01732	0.01689	0.01038	0.01261	0.00872	0.00662	0.00641	0.00175	0.03350	0.00453	0.00329	0.00804
25	0.01310	0.01240	0.02100	0.58716	0.20771	0.01459	0.01839	0.01730	0.01335	0.01760	0.01164	0.01693	0.00900	0.00629	0.00644	0.00210	0.00839	0.00575	0.00295	0.00790
26	0.01535	0.01469	0.02506	0.16210	0.61523	0.01518	0.01951	0.01926	0.01441	0.02032	0.01204	0.01620	0.00996	0.00588	0.00641	0.00196	0.00784	0.00575	0.00314	0.00971
27	0.00793	0.00575	0.00749	0.00876	0.00934	0.00531	0.00592	0.00920	0.01289	0.01711	0.07760	0.67460	0.09516	0.01955	0.00817	0.00256	0.00367	0.01763	0.00606	0.00531
28	0.02361	0.01762	0.01885	0.01467	0.01967	0.01959	0.01205	0.63482	0.10819	0.03918	0.01673	0.01648	0.01197	0.00787	0.00648	0.00197	0.00689	0.00598	0.00648	0.01090
29	0.01599	0.01535	0.02623	0.03966	0.73262	0.01535	0.01983	0.01983	0.01471	0.02111	0.01215	0.01599	0.01023	0.00576	0.00640	0.00192	0.00768	0.00576	0.00320	0.01023
30	0.00787	0.00562	0.00750	0.00900	0.00937	0.00525	0.00600	0.00900	0.01237	0.01649	0.03561	0.76871	0.04274	0.02024	0.00825	0.00262	0.00375	0.01837	0.00600	0.00525
31	0.01296	0.03342	0.73944	0.01842	0.02797	0.01501	0.02387	0.02046	0.01364	0.02046	0.01160	0.01364	0.00818	0.00614	0.00614	0.00205	0.00955	0.00477	0.00273	0.00955
32	0.00892	0.00660	0.00832	0.00789	0.00951	0.00600	0.00592	0.01175	0.01775	0.02462	0.62822	0.05038	0.16276	0.01369	0.00762	0.00205	0.00308	0.01198	0.00694	0.00600
33	0.00764	0.00655	0.00655	0.00655	0.00873	0.00545	0.00491	0.00927	0.01473	0.01745	0.06546	0.06218	0.73000	0.01636	0.00764	0.00218	0.00327	0.01364	0.00600	0.00545
34	0.01502	0.01808	0.07755	0.02582	0.03196	0.01656	0.60809	0.02023	0.01469	0.02023	0.01258	0.01692	0.00959	0.00600	0.00873	0.00223	0.07663	0.00729	0.00320	0.00862
35	0.01318	0.01291	0.01707	0.16631	0.02135	0.07026	0.01316	0.01544	0.01128	0.01562	0.01158	0.01760	0.01056	0.01995	0.21214	0.00463	0.35124	0.00590	0.00304	0.00677
36	0.01031	0.00686	0.00901	0.00833	0.01005	0.00630	0.00630	0.01332	0.01830	0.06752	0.68804	0.04673	0.05834	0.01290	0.00756	0.00203	0.00319	0.01138	0.00716	0.00638
37	0.00764	0.00655	0.00655	0.00655	0.00873	0.00545	0.00491	0.00927	0.01473	0.01745	0.06546	0.06218	0.73000	0.01636	0.00764	0.00218	0.00327	0.01364	0.00600	0.00545
38	0.01671	0.49358	0.21747	0.01394	0.02055	0.02133	0.05484	0.02043	0.01370	0.05913	0.01087	0.01231	0.00880	0.00583	0.00501	0.00164	0.00775	0.00422	0.00309	0.00880
39	0.00923	0.00692	0.01038	0.01038	0.01154	0.00808	0.00808	0.01154	0.01038	0.01500	0.01731	0.02538	0.01615	0.04846	0.74732	0.01038	0.01731	0.00692	0.00346	0.00577
40	0.00764	0.00655	0.00655	0.00655	0.00873	0.00545	0.00491	0.00927	0.01473	0.01745	0.06546	0.06218	0.73000	0.01636	0.00764	0.00218	0.00327	0.01364	0.00600	0.00545
41	0.01180	0.00600	0.00611	0.00620	0.00764	0.00598	0.00460	0.01470	0.01348	0.02364	0.02193	0.06765	0.01809	0.00827	0.00473	0.00157	0.00305	0.00674	0.76183	0.00598
42	0.01692	0.70313	0.06326	0.01170	0.01709	0.02480	0.01177	0.01919	0.01297	0.01545	0.00907	0.01071	0.00830	0.00587	0.00517	0.00149	0.04844	0.00363	0.00277	0.00828
43	0.00787	0.00562	0.00750	0.00900	0.00937	0.00525	0.00600	0.00900	0.01237	0.01649	0.03561	0.76871	0.04274	0.02024	0.00825	0.00262	0.00375	0.01837	0.00600	0.00525
44	0.01525	0.01743	0.03813	0.02723	0.03377	0.01634	0.70915	0.02070	0.01525	0.02070	0.01307	0.01743	0.00980	0.00545	0.00763	0.00218	0.01089	0.00763	0.00327	0.00871
45	0.01775	0.11034	0.04926	0.01354	0.01767	0.01777	0.01151	0.22395	0.29360	0.02740	0.01853	0.01904	0.01431	0.01204	0.08049	0.00286	0.04883	0.00616	0.00539	0.00956
46	0.02361	0.01506	0.12514	0.01292	0.01831	0.01183	0.01185	0.03046	0.17741	0.46667	0.02356	0.02120	0.01565	0.00789	0.00646	0.00205	0.00603	0.00642	0.00687	0.01060
47	0.00787	0.00562	0.00750	0.00900	0.00937	0.00525	0.00600	0.00900	0.01237	0.01649	0.03561	0.76871	0.04274	0.02024	0.00825	0.00262	0.00375	0.01837	0.00600	0.00525
48	0.01388	0.07570	0.65721	0.01779	0.02685	0.01591	0.02246	0.05998	0.01457	0.02132	0.01167	0.01356	0.00835	0.00620	0.00604	0.00200	0.00926	0.00476	0.00294	0.00956
49	0.08129	0.01840	0.16224	0.01369	0.01861	0.06919	0.01266	0.04407	0.33577	0.10107	0.06064	0.02091	0.01726	0.00800	0.00627	0.00207	0.00647	0.00638	0.00552	0.00949
50	0.01471	0.05758	0.01887	0.01514	0.01677	0.01836	0.01253	0.02023	0.17700	0.01866	0.01293	0.01620	0.01119	0.00986	0.01549	0.00245	0.48032	0.00577	0.00378	0.07218
51	0.04538	0.01533	0.01414	0.01126	0.01611	0.15980	0.00889	0.01892	0.04466	0.02044	0.01302	0.01680	0.01124	0.00613	0.00528	0.00131	0.00628	0.04331	0.00397	0.53773
52	0.02082	0.01618	0.16615	0.01303	0.01808	0.03103	0.01238	0.09273	0.01772	0.34381	0.06791	0.08173	0.04320	0.00927	0.00718	0.00208	0.03356	0.00750	0.00614	0.00949
53	0.01327	0.00997	0.03878	0.01170	0.04415	0.00882	0.03456	0.01622	0.01632	0.12626	0.32575	0.03752	0.12175	0.01120	0.00806	0.00203	0.05645	0.02906	0.00600	0.08214
54	0.12157	0.02151	0.10466	0.01568	0.02025	0.24931	0.08013	0.06762	0.04682	0.12184	0.03111	0.01559	0.01132	0.00721	0.00703	0.00197	0.05807	0.00534	0.00439	0.00856

[dist]
# distance from previous block
# <min> <max>
4	73

[block]
# block no. 1 follows, 34 sequences, length 10
# corresponding to MSA columns:
# 311-320
name=unknown_B
#
# <colnr> <probs for GDERKNQSTAVLIFYWHMCP>
#	G	D	E	R	K	N	Q	S	T	A	V	L	I	F	Y	W	H	M	C	P
0	0.05156	0.01544	0.02137	0.01607	0.02141	0.04675	0.18391	0.18061	0.06860	0.16396	0.01638	0.01710	0.01175	0.00666	0.00635	0.00184	0.00731	0.00599	0.00527	0.15168
1	0.01665	0.01382	0.02141	0.03886	0.02202	0.03026	0.22219	0.05965	0.05933	0.11710	0.01742	0.05411	0.03043	0.00695	0.00640	0.00176	0.00709	0.00667	0.00465	0.26324
2	0.01443	0.01268	0.01938	0.62355	0.04009	0.01538	0.01692	0.14170	0.01607	0.02087	0.01221	0.01692	0.00904	0.00669	0.00646	0.00211	0.00834	0.00576	0.00352	0.00786
3	0.01598	0.01569	0.02910	0.07622	0.02882	0.01565	0.42650	0.14413	0.04229	0.02385	0.01642	0.07537	0.01388	0.00768	0.00739	0.00220	0.00910	0.03677	0.00425	0.00869
4	0.01373	0.01256	0.01786	0.01275	0.01864	0.01001	0.13410	0.01707	0.01373	0.02099	0.01177	0.01412	0.00961	0.00490	0.00530	0.00118	0.00589	0.00451	0.00373	0.66755
5	0.00787	0.00562	0.00750	0.00900	0.00937	0.00525	0.00600	0.00900	0.01237	0.01649	0.03561	0.76871	0.04274	0.02024	0.00825	0.00262	0.00375	0.01837	0.00600	0.00525
6	0.36444	0.01236	0.03777	0.01157	0.01547	0.01247	0.09881	0.01814	0.04166	0.06891	0.04598	0.02560	0.17110	0.00893	0.00649	0.00211	0.03916	0.00702	0.00471	0.00732
7	0.01264	0.14538	0.01949	0.01246	0.01655	0.01194	0.13406	0.01585	0.01549	0.02163	0.28116	0.05093	0.02972	0.00869	0.00636	0.00171	0.00558	0.00786	0.00484	0.19767
8	0.01104	0.01029	0.01805	0.33150	0.02873	0.01114	0.13780	0.01432	0.01321	0.01729	0.02235	0.28668	0.04752	0.01155	0.00735	0.00233	0.00709	0.01087	0.00417	0.00670
9	0.04386	0.01291	0.02159	0.01619	0.02124	0.01166	0.24688	0.04627	0.01581	0.21485	0.01893	0.11278	0.01556	0.00798	0.00669	0.00193	0.00702	0.00775	0.00514	0.16496

[dist]
# distance from previous block
# <min> <max>
0	2

[block]
# block no. 2 follows, 34 sequences, length 13
# corresponding to MSA columns:
# 323-335
name=unknown_C
#
# <colnr> <probs for GDERKNQSTAVLIFYWHMCP>
#	G	D	E	R	K	N	Q	S	T	A	V	L	I	F	Y	W	H	M	C	P
0	0.01536	0.01196	0.01380	0.01052	0.01574	0.01031	0.00838	0.02154	0.16741	0.08596	0.01594	0.01649	0.01234	0.00593	0.00533	0.00132	0.00492	0.00482	0.00479	0.56712
1	0.08183	0.02282	0.01571	0.01415	0.01745	0.45307	0.01076	0.02504	0.10989	0.06670	0.10456	0.01853	0.01692	0.00781	0.00606	0.00183	0.00879	0.00563	0.00459	0.00786
2	0.01629	0.01297	0.01452	0.06913	0.01834	0.01462	0.01050	0.07225	0.49724	0.07245	0.02772	0.02769	0.07256	0.00941	0.00673	0.00219	0.00542	0.03408	0.00631	0.00957
3	0.01230	0.00862	0.00967	0.00887	0.01154	0.00828	0.00685	0.06074	0.09620	0.10148	0.06887	0.08410	0.41012	0.01653	0.06352	0.00279	0.00507	0.01127	0.00616	0.00702
4	0.05290	0.00869	0.01021	0.00951	0.01175	0.00840	0.00710	0.10818	0.01666	0.02369	0.22480	0.30899	0.06385	0.01387	0.00718	0.00212	0.00418	0.01213	0.00602	0.09975
5	0.02027	0.01455	0.01698	0.11101	0.04467	0.04794	0.01164	0.13527	0.11134	0.16395	0.07270	0.02219	0.01764	0.00850	0.00688	0.00210	0.00669	0.00660	0.00605	0.17304
6	0.03971	0.01494	0.01720	0.03218	0.04043	0.10365	0.08158	0.07342	0.12449	0.06957	0.03541	0.02249	0.03092	0.00769	0.00623	0.00180	0.00673	0.05752	0.00485	0.22919
7	0.06932	0.03920	0.03729	0.01264	0.01678	0.04676	0.02855	0.09941	0.21030	0.22363	0.06522	0.02147	0.01756	0.00821	0.00672	0.00202	0.03054	0.00651	0.04838	0.00949
8	0.01766	0.01653	0.06420	0.04275	0.04221	0.09790	0.01205	0.13882	0.19893	0.06945	0.07221	0.04142	0.01799	0.00882	0.00768	0.00206	0.06666	0.02463	0.00533	0.05270
9	0.01785	0.01556	0.07058	0.01352	0.01755	0.08802	0.06088	0.10707	0.13780	0.12208	0.06488	0.02387	0.04498	0.00858	0.00706	0.00200	0.04046	0.02614	0.10175	0.02940
10	0.01823	0.01258	0.01516	0.01241	0.01628	0.03971	0.05450	0.13427	0.14456	0.17150	0.11460	0.02780	0.07515	0.00969	0.00730	0.02848	0.00570	0.02564	0.02413	0.06230
11	0.02135	0.01650	0.06398	0.01568	0.02038	0.03259	0.08347	0.16130	0.15877	0.18113	0.05337	0.04667	0.04304	0.00985	0.00795	0.00242	0.03008	0.00779	0.00657	0.03711
12	0.01444	0.01440	0.06749	0.06128	0.02064	0.04147	0.13510	0.05776	0.14451	0.04332	0.15298	0.07350	0.02344	0.00914	0.00767	0.00208	0.04851	0.00808	0.00505	0.06914

[dist]
# distance from previous block
# <min> <max>
0	80

# created by:
# /home/cegg/simao/soft/augustus-3.2.1/scripts/msa2prfl.pl ./align_prep/EOG090W0N5S.fa
