[name]
unknown

[dist]
# distance from previous block
# <min> <max>
0	41

[block]
# block no. 0 follows, 36 sequences, length 16
# corresponding to MSA columns:
# 44-59
name=unknown_A
#
# <colnr> <probs for GDERKNQSTAVLIFYWHMCP>
#	G	D	E	R	K	N	Q	S	T	A	V	L	I	F	Y	W	H	M	C	P
0	0.04416	0.26468	0.10834	0.01434	0.08392	0.06036	0.01211	0.05067	0.06233	0.08542	0.03131	0.01640	0.01202	0.02347	0.00584	0.00174	0.00668	0.02153	0.00394	0.09077
1	0.06470	0.14347	0.45968	0.01629	0.04641	0.01617	0.03535	0.06383	0.03491	0.02092	0.01134	0.01304	0.00848	0.00592	0.00553	0.00183	0.00809	0.00453	0.00311	0.03639
2	0.01563	0.20553	0.28964	0.01636	0.02278	0.04191	0.11378	0.09575	0.07279	0.02083	0.01216	0.01387	0.00934	0.00627	0.00629	0.00186	0.03796	0.00500	0.00342	0.00885
3	0.04275	0.01395	0.01708	0.01809	0.19463	0.06629	0.03526	0.14114	0.05109	0.04160	0.01418	0.01622	0.01117	0.00750	0.02983	0.00188	0.00658	0.00522	0.10979	0.17576
4	0.05718	0.06938	0.26441	0.03899	0.10728	0.10370	0.12433	0.01925	0.03302	0.01908	0.01385	0.09560	0.01221	0.00732	0.00614	0.00196	0.00831	0.00642	0.00334	0.00823
5	0.00867	0.00672	0.00973	0.01276	0.11042	0.00641	0.00763	0.01012	0.01224	0.01652	0.03121	0.67165	0.03687	0.01759	0.00771	0.00244	0.00414	0.01603	0.00541	0.00573
6	0.01299	0.01172	0.01912	0.02730	0.47755	0.01155	0.01434	0.01634	0.01521	0.02168	0.24712	0.05480	0.02685	0.00841	0.00662	0.00191	0.00582	0.00786	0.00441	0.00840
7	0.27907	0.01106	0.01279	0.01017	0.01469	0.01068	0.00840	0.02657	0.01556	0.52012	0.01957	0.01771	0.01269	0.00710	0.00551	0.00193	0.00515	0.00535	0.00650	0.00939
8	0.82504	0.01205	0.00916	0.00819	0.01205	0.01398	0.00675	0.01832	0.01060	0.02795	0.00868	0.01012	0.00675	0.00578	0.00386	0.00193	0.00482	0.00337	0.00386	0.00675
9	0.01332	0.01320	0.01902	0.14339	0.02086	0.01820	0.01425	0.01515	0.01004	0.01515	0.00867	0.01414	0.00820	0.01011	0.01804	0.00262	0.64063	0.00547	0.00273	0.00683
10	0.01254	0.01299	0.09142	0.01011	0.01572	0.00876	0.00896	0.01568	0.01288	0.01997	0.01253	0.06053	0.01108	0.00568	0.00496	0.00114	0.00504	0.00466	0.00371	0.68163
11	0.01292	0.01107	0.01292	0.00923	0.01477	0.00831	0.00738	0.01569	0.01292	0.02030	0.01107	0.01292	0.00923	0.00461	0.00461	0.00092	0.00461	0.00369	0.00369	0.81912
12	0.02795	0.01060	0.01446	0.01109	0.01591	0.00916	0.00916	0.03036	0.01783	0.74648	0.02458	0.02121	0.01542	0.00771	0.00627	0.00193	0.00530	0.00627	0.00771	0.01060
13	0.00867	0.00625	0.00819	0.00794	0.00927	0.00578	0.00587	0.01138	0.01693	0.02386	0.65192	0.13670	0.05662	0.01357	0.00742	0.00203	0.00302	0.01206	0.00673	0.00578
14	0.01542	0.01480	0.02529	0.03824	0.74217	0.01480	0.01912	0.01912	0.01419	0.02036	0.01172	0.01542	0.00987	0.00555	0.00617	0.00185	0.00740	0.00555	0.00308	0.00987
15	0.02584	0.01014	0.01378	0.01073	0.01518	0.00880	0.00880	0.02831	0.01781	0.66687	0.10340	0.02400	0.02021	0.00827	0.00639	0.00193	0.00504	0.00682	0.00762	0.01008

[dist]
# distance from previous block
# <min> <max>
0	1

[block]
# block no. 1 follows, 36 sequences, length 12
# corresponding to MSA columns:
# 61-72
name=unknown_B
#
# <colnr> <probs for GDERKNQSTAVLIFYWHMCP>
#	G	D	E	R	K	N	Q	S	T	A	V	L	I	F	Y	W	H	M	C	P
0	0.82504	0.01205	0.00916	0.00819	0.01205	0.01398	0.00675	0.01832	0.01060	0.02795	0.00868	0.01012	0.00675	0.00578	0.00386	0.00193	0.00482	0.00337	0.00386	0.00675
1	0.82504	0.01205	0.00916	0.00819	0.01205	0.01398	0.00675	0.01832	0.01060	0.02795	0.00868	0.01012	0.00675	0.00578	0.00386	0.00193	0.00482	0.00337	0.00386	0.00675
2	0.01004	0.00717	0.01004	0.01147	0.01291	0.00717	0.01004	0.01291	0.01434	0.01865	0.03299	0.07028	0.03586	0.01721	0.00861	0.00287	0.00574	0.70023	0.00574	0.00574
3	0.01177	0.01107	0.01869	0.76606	0.04291	0.01384	0.01730	0.01592	0.01246	0.01592	0.01107	0.01661	0.00831	0.00623	0.00623	0.00208	0.00831	0.00554	0.00277	0.00692
4	0.00745	0.00632	0.00643	0.00640	0.00847	0.00529	0.00480	0.00910	0.01440	0.01729	0.10144	0.05920	0.70102	0.01561	0.00736	0.00210	0.00314	0.01304	0.00585	0.00529
5	0.01318	0.01099	0.01221	0.01081	0.01395	0.01175	0.00837	0.02463	0.43191	0.02507	0.23971	0.02910	0.02993	0.00931	0.00645	0.00193	0.00429	0.00793	0.00619	0.10229
6	0.01458	0.01644	0.03472	0.02511	0.03069	0.01614	0.63786	0.01938	0.01411	0.01938	0.01209	0.01644	0.00931	0.00591	0.00887	0.00217	0.09834	0.00713	0.00310	0.00822
7	0.01428	0.01472	0.01899	0.01634	0.01655	0.06885	0.01352	0.01566	0.01009	0.01501	0.00828	0.01347	0.00817	0.01060	0.01945	0.00265	0.71841	0.00536	0.00276	0.00684
8	0.01489	0.01430	0.02416	0.12118	0.61882	0.01494	0.01859	0.01851	0.01372	0.01953	0.01144	0.01545	0.00959	0.00594	0.00701	0.00193	0.05207	0.00554	0.00303	0.00935
9	0.04709	0.01418	0.01522	0.01401	0.05867	0.05155	0.01041	0.18749	0.33167	0.09489	0.04063	0.07116	0.01780	0.00866	0.00631	0.00202	0.00572	0.00711	0.00599	0.00943
10	0.14307	0.01186	0.01396	0.05502	0.01686	0.01100	0.03076	0.04238	0.04486	0.02194	0.01138	0.01338	0.00922	0.00549	0.00556	0.00136	0.04138	0.00417	0.00381	0.51255
11	0.09211	0.01516	0.04071	0.06155	0.28555	0.06451	0.01482	0.03685	0.03391	0.04572	0.03211	0.01547	0.01074	0.00755	0.00983	0.00211	0.21407	0.00542	0.00349	0.00833

[dist]
# distance from previous block
# <min> <max>
15	37

[block]
# block no. 2 follows, 36 sequences, length 6
# corresponding to MSA columns:
# 110-115
name=unknown_C
#
# <colnr> <probs for GDERKNQSTAVLIFYWHMCP>
#	G	D	E	R	K	N	Q	S	T	A	V	L	I	F	Y	W	H	M	C	P
0	0.02148	0.01731	0.02024	0.01690	0.06118	0.11737	0.11170	0.29220	0.11428	0.13829	0.01653	0.01677	0.01187	0.00707	0.00632	0.00191	0.00752	0.00592	0.00544	0.00969
1	0.01326	0.01137	0.01307	0.00968	0.01495	0.00924	0.00771	0.01795	0.10629	0.02105	0.01293	0.01426	0.01050	0.00511	0.00484	0.00108	0.00466	0.00413	0.00404	0.71388
2	0.01197	0.04021	0.12624	0.01053	0.01462	0.08885	0.00957	0.01501	0.01459	0.01961	0.17411	0.07720	0.14131	0.00955	0.00615	0.00169	0.00545	0.00792	0.00459	0.22082
3	0.01651	0.12006	0.02150	0.02336	0.34444	0.07945	0.01371	0.04947	0.01542	0.06910	0.09011	0.01776	0.01504	0.00650	0.00580	0.00168	0.00670	0.00558	0.00395	0.09388
4	0.01557	0.01381	0.01491	0.01279	0.01614	0.09261	0.06013	0.08020	0.34074	0.04911	0.17382	0.02733	0.05726	0.00914	0.00658	0.00200	0.00567	0.00777	0.00590	0.00851
5	0.01695	0.01522	0.01301	0.01198	0.01474	0.23522	0.00928	0.02171	0.13693	0.11943	0.15326	0.07574	0.05299	0.01044	0.00668	0.00201	0.00647	0.08487	0.00555	0.00751

[dist]
# distance from previous block
# <min> <max>
0	2

[block]
# block no. 3 follows, 36 sequences, length 10
# corresponding to MSA columns:
# 118-127
name=unknown_D
#
# <colnr> <probs for GDERKNQSTAVLIFYWHMCP>
#	G	D	E	R	K	N	Q	S	T	A	V	L	I	F	Y	W	H	M	C	P
0	0.01403	0.01141	0.01422	0.01223	0.01522	0.03150	0.07053	0.18299	0.10414	0.02576	0.20903	0.08433	0.07956	0.01143	0.00713	0.00213	0.00544	0.10537	0.00593	0.00761
1	0.01013	0.00685	0.00813	0.00784	0.00979	0.00615	0.00586	0.01268	0.04056	0.09072	0.25275	0.16757	0.32882	0.01444	0.00731	0.00211	0.00344	0.01245	0.00631	0.00610
2	0.02187	0.01691	0.02260	0.01689	0.02217	0.01791	0.17424	0.52029	0.02528	0.07576	0.01498	0.01574	0.01061	0.00698	0.00649	0.00193	0.00760	0.00605	0.00561	0.01009
3	0.50927	0.01351	0.01215	0.01033	0.01440	0.01545	0.00842	0.18221	0.13208	0.03025	0.01283	0.01337	0.00963	0.00661	0.00481	0.00194	0.00531	0.00448	0.00481	0.00814
4	0.10110	0.01153	0.01367	0.01088	0.01491	0.01142	0.00880	0.19048	0.01933	0.36537	0.11890	0.02325	0.01982	0.05290	0.00764	0.00216	0.00534	0.00668	0.00664	0.00918
5	0.01403	0.01166	0.01405	0.01094	0.01554	0.01065	0.04342	0.06046	0.17937	0.04263	0.06109	0.02091	0.06293	0.00699	0.00563	0.00148	0.00493	0.00589	0.00485	0.42257
6	0.06695	0.01461	0.01481	0.01198	0.01604	0.09239	0.00961	0.27108	0.05654	0.15760	0.14102	0.02111	0.01960	0.00804	0.00611	0.00181	0.00598	0.00633	0.00595	0.07247
7	0.01634	0.01518	0.02024	0.20312	0.29043	0.07183	0.01550	0.12148	0.14047	0.02259	0.01423	0.01668	0.01104	0.00656	0.00618	0.00193	0.00740	0.00570	0.00403	0.00906
8	0.50736	0.01313	0.01549	0.01998	0.29853	0.01430	0.01160	0.01863	0.01201	0.02497	0.00987	0.01220	0.00797	0.00569	0.00476	0.00190	0.00583	0.00423	0.00355	0.00797
9	0.01911	0.02221	0.01751	0.01559	0.01789	0.41398	0.01216	0.02325	0.13126	0.01693	0.01175	0.01391	0.00986	0.00810	0.01019	0.00202	0.23823	0.00494	0.00357	0.00753

[dist]
# distance from previous block
# <min> <max>
0	4

[block]
# block no. 4 follows, 36 sequences, length 18
# corresponding to MSA columns:
# 132-149
name=unknown_E
#
# <colnr> <probs for GDERKNQSTAVLIFYWHMCP>
#	G	D	E	R	K	N	Q	S	T	A	V	L	I	F	Y	W	H	M	C	P
0	0.01493	0.01314	0.09876	0.01085	0.01578	0.00993	0.00965	0.02054	0.12813	0.13099	0.12389	0.02084	0.01894	0.00705	0.00570	0.00154	0.00506	0.00585	0.00506	0.35338
1	0.01501	0.02520	0.47785	0.01811	0.04816	0.01441	0.08093	0.02062	0.01353	0.11763	0.01279	0.01469	0.00915	0.00668	0.00780	0.00206	0.09772	0.00520	0.00339	0.00907
2	0.06162	0.01061	0.01377	0.01078	0.01518	0.00965	0.00884	0.07201	0.01822	0.58403	0.10683	0.02327	0.01979	0.00820	0.00628	0.00193	0.00510	0.00668	0.00734	0.00988
3	0.01499	0.00913	0.01176	0.01005	0.01245	0.00928	0.00798	0.07593	0.01751	0.19225	0.38618	0.03495	0.07935	0.01109	0.00854	0.00204	0.09355	0.00906	0.00646	0.00745
4	0.01458	0.01644	0.03470	0.02510	0.03067	0.01615	0.63693	0.01938	0.01410	0.01938	0.01209	0.01644	0.00930	0.00591	0.00889	0.00217	0.09934	0.00713	0.00310	0.00822
5	0.01710	0.01180	0.01394	0.01161	0.01443	0.03287	0.00933	0.20986	0.01944	0.14613	0.25934	0.04451	0.04873	0.01026	0.00876	0.00205	0.11764	0.00803	0.00606	0.00809
6	0.01786	0.00819	0.01048	0.00891	0.01120	0.00756	0.00643	0.01906	0.01318	0.35427	0.02183	0.03106	0.01902	0.39384	0.04646	0.00427	0.00609	0.00767	0.00559	0.00702
7	0.01363	0.01363	0.01908	0.01636	0.01636	0.01908	0.01363	0.01499	0.00954	0.01499	0.00818	0.01363	0.00818	0.01091	0.02045	0.00273	0.76963	0.00545	0.00273	0.00682
8	0.01845	0.08788	0.16090	0.01861	0.10477	0.05096	0.12087	0.18441	0.04114	0.10531	0.01428	0.01555	0.01045	0.00643	0.00605	0.00186	0.00775	0.00552	0.02945	0.00936
9	0.01444	0.05756	0.06690	0.02473	0.32305	0.01385	0.11537	0.01811	0.01355	0.01969	0.01131	0.01441	0.00933	0.00550	0.00642	0.00165	0.04174	0.00511	0.00320	0.23409
10	0.01437	0.01324	0.02011	0.02608	0.43729	0.01208	0.01420	0.01768	0.01366	0.02033	0.01145	0.01437	0.00960	0.00516	0.00552	0.00146	0.00623	0.00477	0.00334	0.34905
11	0.01263	0.01063	0.01392	0.04716	0.01646	0.00905	0.05741	0.01643	0.05606	0.04054	0.06884	0.02398	0.07611	0.00732	0.00569	0.00145	0.00507	0.04806	0.00440	0.47880
12	0.01292	0.01107	0.01292	0.00923	0.01477	0.00831	0.00738	0.01569	0.01292	0.02030	0.01107	0.01292	0.00923	0.00461	0.00461	0.00092	0.00461	0.00369	0.00369	0.81912
13	0.01912	0.01316	0.01681	0.01363	0.01771	0.03699	0.09265	0.11685	0.24577	0.21628	0.09577	0.02458	0.02022	0.00845	0.00659	0.00203	0.00596	0.03187	0.00625	0.00934
14	0.01636	0.01548	0.01780	0.01507	0.01676	0.14977	0.04859	0.01821	0.01256	0.08776	0.03351	0.01636	0.01131	0.02977	0.03545	0.00258	0.40469	0.00562	0.02742	0.03492
15	0.01186	0.26333	0.08558	0.01012	0.01357	0.01382	0.00948	0.01450	0.01426	0.01875	0.24406	0.03121	0.16052	0.01010	0.00725	0.00185	0.07044	0.00791	0.00454	0.00684
16	0.01958	0.03051	0.01725	0.01318	0.01760	0.11105	0.08709	0.07749	0.01649	0.24047	0.03640	0.06401	0.01433	0.00747	0.00649	0.00172	0.03261	0.00619	0.00515	0.19492
17	0.01514	0.01551	0.02006	0.20064	0.04910	0.14324	0.14179	0.08170	0.01539	0.01928	0.05200	0.03637	0.05405	0.02996	0.00837	0.00211	0.07241	0.00664	0.00374	0.03250

[dist]
# distance from previous block
# <min> <max>
0	4

[block]
# block no. 5 follows, 36 sequences, length 11
# corresponding to MSA columns:
# 154-164
name=unknown_F
#
# <colnr> <probs for GDERKNQSTAVLIFYWHMCP>
#	G	D	E	R	K	N	Q	S	T	A	V	L	I	F	Y	W	H	M	C	P
0	0.01678	0.04182	0.02147	0.06980	0.32848	0.01546	0.03883	0.17684	0.09240	0.02469	0.01368	0.01578	0.01074	0.00620	0.00599	0.00178	0.00684	0.00549	0.00417	0.10275
1	0.01290	0.01170	0.01721	0.25023	0.17043	0.01160	0.01299	0.01625	0.01314	0.01899	0.04523	0.01617	0.01136	0.00591	0.00611	0.00158	0.03301	0.00506	0.00340	0.33674
2	0.01457	0.01210	0.01643	0.01255	0.01712	0.04640	0.12824	0.04196	0.01503	0.09064	0.08713	0.05087	0.05799	0.00754	0.00600	0.00157	0.00583	0.02590	0.00461	0.35750
3	0.07102	0.01604	0.01253	0.01111	0.01422	0.25093	0.00855	0.05074	0.05902	0.01936	0.05509	0.02873	0.23668	0.00962	0.00657	0.00180	0.03278	0.00734	0.00456	0.10333
4	0.01467	0.01618	0.01395	0.01266	0.01440	0.26315	0.00983	0.01636	0.01448	0.01689	0.12298	0.06186	0.16603	0.01103	0.01036	0.00210	0.21448	0.00791	0.00423	0.00642
5	0.00736	0.00631	0.00631	0.00631	0.00842	0.00526	0.00473	0.00894	0.01420	0.01683	0.06312	0.05996	0.73964	0.01578	0.00736	0.00210	0.00316	0.01315	0.00579	0.00526
6	0.01449	0.01616	0.03316	0.02424	0.02926	0.01644	0.57546	0.01894	0.01365	0.01894	0.01170	0.01616	0.00919	0.00641	0.01003	0.00223	0.16545	0.00697	0.00306	0.00808
7	0.01471	0.01681	0.03676	0.02626	0.03256	0.01576	0.71954	0.01996	0.01471	0.01996	0.01261	0.01681	0.00945	0.00525	0.00735	0.00210	0.01050	0.00735	0.00315	0.00840
8	0.01292	0.01107	0.01292	0.00923	0.01477	0.00831	0.00738	0.01569	0.01292	0.02030	0.01107	0.01292	0.00923	0.00461	0.00461	0.00092	0.00461	0.00369	0.00369	0.81912
9	0.01224	0.01156	0.01954	0.67192	0.13336	0.01397	0.01754	0.01633	0.01268	0.01649	0.01116	0.01646	0.00851	0.00614	0.00622	0.00205	0.00819	0.00554	0.00281	0.00730
10	0.01542	0.01480	0.02529	0.03824	0.74217	0.01480	0.01912	0.01912	0.01419	0.02036	0.01172	0.01542	0.00987	0.00555	0.00617	0.00185	0.00740	0.00555	0.00308	0.00987

[dist]
# distance from previous block
# <min> <max>
0	5

# created by:
# /home/cegg/simao/soft/augustus-3.2.1/scripts/msa2prfl.pl ./align_prep/EOG090W0PW0.fa
