[name]
unknown

[dist]
# distance from previous block
# <min> <max>
10	70

[block]
# block no. 0 follows, 34 sequences, length 7
# corresponding to MSA columns:
# 89-95
name=unknown_A
#
# <colnr> <probs for GDERKNQSTAVLIFYWHMCP>
#	G	D	E	R	K	N	Q	S	T	A	V	L	I	F	Y	W	H	M	C	P
0	0.08066	0.01209	0.01440	0.01157	0.01598	0.01196	0.00940	0.13144	0.11808	0.40180	0.06749	0.02413	0.05436	0.00867	0.00645	0.00203	0.00539	0.00697	0.00712	0.01002
1	0.01029	0.00677	0.00816	0.00801	0.00971	0.00604	0.00581	0.01214	0.01507	0.08786	0.23068	0.20265	0.27215	0.08304	0.00991	0.00258	0.00379	0.01305	0.00631	0.00598
2	0.01218	0.00775	0.01013	0.11322	0.01484	0.00754	0.00759	0.01430	0.01452	0.12587	0.15270	0.12434	0.19683	0.12903	0.01112	0.00278	0.00482	0.01076	0.03331	0.00640
3	0.01269	0.00831	0.01101	0.11388	0.01577	0.00825	0.00827	0.01631	0.06210	0.12941	0.28155	0.11051	0.13833	0.04455	0.00835	0.00231	0.00457	0.01062	0.00621	0.00699
4	0.12220	0.01098	0.11045	0.00934	0.01230	0.00817	0.00836	0.01285	0.01445	0.02132	0.20284	0.18258	0.23371	0.01348	0.00703	0.00219	0.00443	0.01143	0.00553	0.00636
5	0.01024	0.00763	0.01026	0.01245	0.11065	0.00713	0.00752	0.01191	0.01357	0.04960	0.09502	0.28847	0.19841	0.13351	0.01155	0.00291	0.00460	0.01299	0.00546	0.00612
6	0.01040	0.11517	0.01196	0.00898	0.01109	0.00956	0.00701	0.01377	0.08251	0.01877	0.13112	0.19406	0.22242	0.07231	0.00919	0.00251	0.00446	0.06286	0.00559	0.00628

[dist]
# distance from previous block
# <min> <max>
0	1

[block]
# block no. 1 follows, 34 sequences, length 10
# corresponding to MSA columns:
# 97-106
name=unknown_B
#
# <colnr> <probs for GDERKNQSTAVLIFYWHMCP>
#	G	D	E	R	K	N	Q	S	T	A	V	L	I	F	Y	W	H	M	C	P
0	0.00875	0.00665	0.00815	0.00876	0.00992	0.00642	0.00625	0.01137	0.05969	0.01801	0.10114	0.38239	0.18836	0.06228	0.06262	0.00322	0.00487	0.03963	0.00583	0.00568
1	0.05892	0.00804	0.00980	0.00885	0.01129	0.00754	0.00681	0.01665	0.04990	0.15781	0.39302	0.08249	0.13870	0.01244	0.00719	0.00209	0.00379	0.01069	0.00686	0.00712
2	0.00853	0.00616	0.00713	0.00757	0.00858	0.00566	0.00513	0.00986	0.01305	0.01730	0.10695	0.28374	0.24024	0.18376	0.01321	0.00317	0.00405	0.01356	0.05718	0.00515
3	0.00928	0.00621	0.00775	0.00791	0.00836	0.00618	0.00512	0.00964	0.01079	0.01446	0.07433	0.13268	0.07951	0.37928	0.10620	0.11664	0.00665	0.01023	0.00436	0.00442
4	0.01333	0.00826	0.01118	0.01155	0.06308	0.00808	0.00784	0.05873	0.01484	0.11644	0.16229	0.15891	0.06364	0.07303	0.08587	0.11484	0.00612	0.00995	0.00547	0.00655
5	0.00881	0.00656	0.00778	0.00864	0.03658	0.00597	0.00580	0.01059	0.01400	0.01870	0.12458	0.24371	0.31035	0.06924	0.00920	0.00249	0.00373	0.01324	0.09442	0.00561
6	0.00969	0.00611	0.00831	0.00851	0.00897	0.00623	0.00580	0.00945	0.01004	0.01349	0.02163	0.13017	0.07006	0.18492	0.18296	0.29869	0.00792	0.00899	0.00384	0.00421
7	0.01538	0.01378	0.02150	0.29869	0.19242	0.01549	0.06691	0.14427	0.01645	0.02224	0.01403	0.07058	0.01196	0.00779	0.00767	0.00214	0.05952	0.00680	0.00386	0.00854
8	0.01318	0.01208	0.02039	0.49413	0.23430	0.01391	0.01745	0.01677	0.01305	0.01736	0.01165	0.01708	0.00928	0.00759	0.00800	0.06931	0.00810	0.00574	0.00296	0.00767
9	0.08220	0.01395	0.02125	0.36983	0.19615	0.03970	0.06634	0.06338	0.01490	0.05369	0.01240	0.01632	0.00942	0.00635	0.00631	0.00205	0.00812	0.00568	0.00355	0.00841

[dist]
# distance from previous block
# <min> <max>
0	1

[block]
# block no. 2 follows, 34 sequences, length 40
# corresponding to MSA columns:
# 108-147
name=unknown_C
#
# <colnr> <probs for GDERKNQSTAVLIFYWHMCP>
#	G	D	E	R	K	N	Q	S	T	A	V	L	I	F	Y	W	H	M	C	P
0	0.06563	0.01371	0.01570	0.01361	0.04205	0.01508	0.01044	0.23827	0.16568	0.10200	0.04437	0.04281	0.01643	0.06472	0.00965	0.00237	0.07519	0.00679	0.00574	0.04975
1	0.11959	0.01131	0.01346	0.04943	0.04192	0.01167	0.00939	0.13542	0.07165	0.19656	0.12585	0.10980	0.05659	0.01014	0.00659	0.00209	0.00525	0.00844	0.00625	0.00859
2	0.19130	0.01223	0.01811	0.49509	0.12987	0.01452	0.01577	0.01751	0.01273	0.01989	0.01102	0.01557	0.00847	0.00626	0.00591	0.00209	0.00769	0.00525	0.00316	0.00755
3	0.01538	0.01528	0.02032	0.44450	0.06643	0.10982	0.05242	0.07406	0.05070	0.01923	0.01227	0.01646	0.00945	0.00695	0.00745	0.00211	0.06014	0.00572	0.00343	0.00788
4	0.12643	0.23168	0.02069	0.01225	0.01692	0.05301	0.01050	0.23810	0.11297	0.05988	0.01565	0.01587	0.02673	0.00717	0.00544	0.00181	0.00646	0.00517	0.02410	0.00919
5	0.00865	0.00653	0.00763	0.00739	0.00890	0.00589	0.00532	0.01069	0.01556	0.02070	0.37580	0.05228	0.29469	0.13809	0.01174	0.00278	0.00365	0.01201	0.00619	0.00551
6	0.00793	0.00567	0.00755	0.00896	0.00938	0.00529	0.00600	0.00915	0.01265	0.01693	0.06804	0.73503	0.04359	0.01991	0.00822	0.00260	0.00372	0.01806	0.00605	0.00529
7	0.00796	0.00576	0.00743	0.00868	0.00922	0.00534	0.00582	0.00913	0.01260	0.01667	0.05778	0.65679	0.09831	0.05413	0.00931	0.00274	0.00380	0.01738	0.00594	0.00523
8	0.01457	0.01136	0.01285	0.01211	0.01500	0.01257	0.00958	0.02663	0.44341	0.06026	0.07290	0.06352	0.02675	0.03912	0.00814	0.00250	0.00517	0.14841	0.00643	0.00871
9	0.81856	0.01250	0.00950	0.00850	0.01250	0.01449	0.00700	0.01899	0.01100	0.02899	0.00900	0.01050	0.00700	0.00600	0.00400	0.00200	0.00500	0.00350	0.00400	0.00700
10	0.00792	0.00573	0.00750	0.00880	0.00935	0.00531	0.00593	0.00918	0.01283	0.01704	0.07354	0.68662	0.08711	0.01963	0.00818	0.00257	0.00368	0.01772	0.00606	0.00531
11	0.01808	0.01203	0.01294	0.03734	0.01488	0.01307	0.00874	0.35025	0.02163	0.03182	0.01805	0.01971	0.01359	0.00760	0.00552	0.00174	0.00519	0.00591	0.39344	0.00846
12	0.01610	0.57469	0.22570	0.01306	0.01968	0.02270	0.01454	0.01965	0.01327	0.01663	0.00969	0.01126	0.00826	0.00569	0.00469	0.00156	0.00763	0.00381	0.00275	0.00863
13	0.02453	0.01580	0.01764	0.01365	0.01854	0.01688	0.01123	0.50790	0.04474	0.18986	0.03627	0.01823	0.01374	0.00797	0.00644	0.00195	0.00648	0.00616	0.03132	0.01069
14	0.81856	0.01250	0.00950	0.00850	0.01250	0.01449	0.00700	0.01899	0.01100	0.02899	0.00900	0.01050	0.00700	0.00600	0.00400	0.00200	0.00500	0.00350	0.00400	0.00700
15	0.01599	0.01535	0.02623	0.03966	0.73262	0.01535	0.01983	0.01983	0.01471	0.02111	0.01215	0.01599	0.01023	0.00576	0.00640	0.00192	0.00768	0.00576	0.00320	0.01023
16	0.01776	0.01472	0.01556	0.01349	0.01745	0.01686	0.01064	0.16932	0.58320	0.02976	0.02415	0.02239	0.01798	0.00856	0.00655	0.00214	0.00551	0.00701	0.00655	0.01038
17	0.01218	0.00678	0.00915	0.00954	0.01090	0.00625	0.00679	0.01368	0.01364	0.16039	0.04935	0.56854	0.03662	0.01892	0.04167	0.00284	0.00470	0.01532	0.00631	0.00644
18	0.00808	0.00648	0.00725	0.00773	0.00928	0.00578	0.00554	0.01017	0.03942	0.01773	0.07533	0.31659	0.43288	0.01739	0.00782	0.00234	0.00350	0.01506	0.00606	0.00557
19	0.00955	0.00662	0.00830	0.00822	0.00852	0.00707	0.00532	0.01008	0.00963	0.01320	0.01892	0.03634	0.02075	0.53828	0.21657	0.03675	0.02921	0.00852	0.00373	0.00444
20	0.02014	0.01247	0.01476	0.01255	0.01638	0.01298	0.01033	0.22624	0.13770	0.21063	0.08489	0.03285	0.02323	0.01047	0.00708	0.00221	0.00579	0.14304	0.00683	0.00944
21	0.01316	0.01327	0.02453	0.42179	0.06262	0.01494	0.21854	0.01740	0.01340	0.01782	0.01295	0.05488	0.01073	0.00722	0.00806	0.00223	0.06875	0.00692	0.00315	0.00763
22	0.00806	0.00583	0.00765	0.00892	0.00954	0.00542	0.00614	0.00943	0.01302	0.01729	0.08205	0.64474	0.08753	0.01943	0.00820	0.00257	0.00378	0.04899	0.00607	0.00535
23	0.00989	0.00674	0.00843	0.00872	0.01017	0.00626	0.00647	0.02705	0.01531	0.05166	0.22447	0.30669	0.16215	0.01608	0.00775	0.00233	0.00380	0.07695	0.04309	0.00599
24	0.03539	0.01218	0.03638	0.01430	0.01565	0.01461	0.05031	0.04963	0.01188	0.01806	0.01424	0.07795	0.01385	0.04549	0.14987	0.00410	0.36435	0.00709	0.05781	0.00686
25	0.21937	0.05937	0.03473	0.01597	0.09394	0.18467	0.01175	0.20246	0.05138	0.02680	0.01292	0.03566	0.01043	0.00711	0.00562	0.00189	0.00754	0.00514	0.00449	0.00873
26	0.05211	0.04081	0.02485	0.10084	0.39879	0.05181	0.11922	0.01925	0.01459	0.02032	0.01405	0.02130	0.01237	0.00703	0.00662	0.00206	0.00812	0.07345	0.00348	0.00894
27	0.01127	0.04722	0.03512	0.01003	0.03657	0.02388	0.00695	0.01246	0.01084	0.04711	0.01905	0.05767	0.02010	0.44563	0.18337	0.00621	0.00887	0.00832	0.00394	0.00541
28	0.01225	0.00890	0.01197	0.10825	0.04025	0.00824	0.00862	0.01528	0.01619	0.08579	0.34561	0.03506	0.09807	0.01021	0.00676	0.00184	0.00452	0.00885	0.00575	0.16759
29	0.01568	0.15368	0.23265	0.01962	0.07203	0.05484	0.17797	0.02016	0.01417	0.05336	0.01319	0.03834	0.01095	0.00712	0.00752	0.00204	0.06985	0.02477	0.00337	0.00872
30	0.01607	0.01388	0.01461	0.01315	0.01680	0.01607	0.01023	0.03433	0.72094	0.02703	0.02630	0.02411	0.01972	0.00877	0.00657	0.00219	0.00511	0.00731	0.00657	0.01023
31	0.01108	0.00931	0.01280	0.01159	0.01201	0.01143	0.02495	0.01221	0.00993	0.01429	0.01553	0.02845	0.01649	0.33560	0.19107	0.00596	0.26083	0.00754	0.00343	0.00550
32	0.01582	0.01362	0.01439	0.01297	0.01654	0.01571	0.01008	0.03353	0.69541	0.02699	0.05184	0.02498	0.02122	0.00893	0.00661	0.00219	0.00504	0.00746	0.00659	0.01008
33	0.02456	0.01810	0.01939	0.01487	0.02004	0.02004	0.01228	0.71107	0.03038	0.04072	0.01551	0.01551	0.01099	0.00776	0.00646	0.00194	0.00711	0.00582	0.00646	0.01099
34	0.00916	0.00681	0.00806	0.00818	0.01006	0.00608	0.00639	0.01139	0.01565	0.04104	0.22484	0.09503	0.38087	0.01578	0.00786	0.00230	0.00379	0.13454	0.00633	0.00586
35	0.01586	0.01518	0.02433	0.09011	0.60152	0.03537	0.01851	0.04454	0.01525	0.02116	0.01466	0.01810	0.04373	0.00640	0.00645	0.00194	0.00763	0.00608	0.00343	0.00973
36	0.01318	0.07205	0.70278	0.01803	0.02737	0.01555	0.02321	0.02040	0.01361	0.02019	0.01146	0.01347	0.00819	0.00611	0.00604	0.00201	0.00941	0.00471	0.00273	0.00948
37	0.02414	0.03079	0.01831	0.01665	0.01998	0.74698	0.01248	0.02580	0.01831	0.01581	0.00999	0.01165	0.00832	0.00666	0.00583	0.00166	0.01165	0.00416	0.00333	0.00749
38	0.01110	0.03194	0.01050	0.00916	0.01133	0.00899	0.00707	0.08445	0.06539	0.02275	0.25475	0.09646	0.24888	0.05198	0.00907	0.00237	0.02513	0.03593	0.00614	0.00661
39	0.60474	0.04312	0.07424	0.01024	0.01487	0.04162	0.00921	0.05606	0.01300	0.06835	0.01054	0.01172	0.00792	0.00622	0.00453	0.00197	0.00584	0.00392	0.00418	0.00772

[dist]
# distance from previous block
# <min> <max>
0	9

[block]
# block no. 3 follows, 34 sequences, length 57
# corresponding to MSA columns:
# 157-213
name=unknown_D
#
# <colnr> <probs for GDERKNQSTAVLIFYWHMCP>
#	G	D	E	R	K	N	Q	S	T	A	V	L	I	F	Y	W	H	M	C	P
0	0.07116	0.00698	0.00868	0.00915	0.01026	0.00697	0.00657	0.01202	0.01337	0.05592	0.13445	0.44901	0.03808	0.05433	0.00933	0.00262	0.03076	0.04090	0.03356	0.00585
1	0.01449	0.01439	0.02336	0.38857	0.30887	0.05157	0.06940	0.01857	0.01406	0.01856	0.01179	0.01648	0.00931	0.00612	0.00649	0.00204	0.00857	0.00581	0.00305	0.00849
2	0.00788	0.00639	0.00701	0.00734	0.00909	0.00553	0.00541	0.00955	0.01448	0.01786	0.10032	0.20538	0.52257	0.01701	0.00781	0.00229	0.00345	0.03909	0.00607	0.00547
3	0.00875	0.00659	0.00809	0.00771	0.00941	0.00593	0.00578	0.01142	0.01735	0.02368	0.55421	0.05193	0.23736	0.01404	0.00762	0.00207	0.00311	0.01220	0.00682	0.00593
4	0.01776	0.74521	0.03308	0.01107	0.01658	0.02490	0.01099	0.01985	0.01335	0.04499	0.00966	0.01084	0.00861	0.00563	0.00424	0.00141	0.00685	0.00358	0.00298	0.00840
5	0.00782	0.00640	0.00691	0.00711	0.00892	0.00548	0.00521	0.00951	0.01468	0.01811	0.12442	0.17912	0.55048	0.01671	0.00774	0.00224	0.00333	0.01424	0.00611	0.00548
6	0.01340	0.01148	0.01340	0.00957	0.01531	0.00861	0.00766	0.01627	0.01340	0.02105	0.01148	0.01340	0.00957	0.00479	0.00479	0.00096	0.00479	0.00383	0.00383	0.81242
7	0.81856	0.01250	0.00950	0.00850	0.01250	0.01449	0.00700	0.01899	0.01100	0.02899	0.00900	0.01050	0.00700	0.00600	0.00400	0.00200	0.00500	0.00350	0.00400	0.00700
8	0.01486	0.07852	0.02257	0.01739	0.01857	0.04646	0.07694	0.01671	0.01096	0.01600	0.00900	0.01403	0.00858	0.01013	0.01799	0.00261	0.60287	0.00560	0.00288	0.00733
9	0.01236	0.02914	0.62167	0.01712	0.02531	0.01389	0.02132	0.01902	0.01312	0.01958	0.01252	0.01554	0.00947	0.01298	0.12587	0.00339	0.01080	0.00512	0.00285	0.00894
10	0.01238	0.01183	0.02047	0.71483	0.04388	0.01447	0.05824	0.01675	0.01306	0.01675	0.01158	0.01724	0.00868	0.00640	0.00653	0.00215	0.00875	0.00585	0.00289	0.00727
11	0.00809	0.00587	0.00764	0.00867	0.00938	0.00542	0.00594	0.00960	0.01362	0.01829	0.16489	0.58800	0.09331	0.01869	0.00809	0.00249	0.00359	0.01682	0.00620	0.00542
12	0.01220	0.01148	0.01938	0.75739	0.04450	0.01436	0.01794	0.01651	0.01292	0.01651	0.01148	0.01723	0.00861	0.00646	0.00646	0.00215	0.00861	0.00574	0.00287	0.00718
13	0.11211	0.15443	0.01741	0.01226	0.01549	0.19058	0.01003	0.03451	0.01433	0.09283	0.01469	0.04430	0.01292	0.01708	0.17528	0.00380	0.03981	0.02662	0.00404	0.00748
14	0.01539	0.01561	0.05480	0.12853	0.61750	0.01521	0.01976	0.01944	0.01444	0.02051	0.01205	0.01605	0.00995	0.00586	0.00639	0.00195	0.00787	0.00571	0.00314	0.00982
15	0.01017	0.00674	0.00799	0.00788	0.00849	0.00701	0.00514	0.03468	0.01094	0.01558	0.02025	0.06151	0.02147	0.48601	0.16231	0.00616	0.00787	0.00869	0.10628	0.00482
16	0.00900	0.00617	0.00728	0.00760	0.00780	0.00610	0.00458	0.00940	0.01025	0.01365	0.02497	0.19824	0.05042	0.55387	0.05890	0.00553	0.00612	0.01135	0.00441	0.00434
17	0.01590	0.54021	0.25843	0.01340	0.02021	0.02221	0.01514	0.01970	0.01329	0.01688	0.00981	0.01141	0.00826	0.00572	0.00478	0.00159	0.00775	0.00387	0.00275	0.00869
18	0.01517	0.03467	0.11022	0.02711	0.22811	0.04121	0.30996	0.03529	0.01498	0.02051	0.01416	0.07475	0.01223	0.00699	0.00729	0.00210	0.02555	0.00731	0.00345	0.00893
19	0.00941	0.00710	0.01038	0.01029	0.01130	0.00829	0.00789	0.01147	0.01028	0.01479	0.01730	0.02659	0.01658	0.11479	0.65675	0.00975	0.04080	0.00711	0.00348	0.00564
20	0.01599	0.01535	0.02623	0.03966	0.73262	0.01535	0.01983	0.01983	0.01471	0.02111	0.01215	0.01599	0.01023	0.00576	0.00640	0.00192	0.00768	0.00576	0.00320	0.01023
21	0.09116	0.01745	0.04089	0.11484	0.07405	0.13679	0.01281	0.24037	0.05468	0.02622	0.01558	0.09543	0.01348	0.00853	0.00673	0.00204	0.02885	0.00669	0.00473	0.00868
22	0.01975	0.01649	0.01757	0.03581	0.03546	0.10293	0.04608	0.31151	0.13873	0.05875	0.04675	0.07996	0.04278	0.00912	0.00669	0.00204	0.00694	0.00749	0.00581	0.00936
23	0.02554	0.01104	0.01443	0.01142	0.01593	0.01012	0.00930	0.04709	0.09274	0.57364	0.09562	0.02468	0.02075	0.00859	0.00662	0.00202	0.00525	0.00708	0.00772	0.01043
24	0.01430	0.01362	0.02317	0.36018	0.42533	0.01491	0.01899	0.01835	0.01391	0.01905	0.01185	0.01654	0.00951	0.00607	0.00642	0.00202	0.00809	0.00575	0.00305	0.00887
25	0.52668	0.01194	0.01153	0.00961	0.01397	0.01265	0.00792	0.02361	0.01377	0.29076	0.01509	0.01475	0.01032	0.00674	0.00492	0.00200	0.00518	0.00461	0.00548	0.00848
26	0.00788	0.00617	0.00706	0.00763	0.00898	0.00544	0.00538	0.00933	0.01381	0.01738	0.08939	0.34170	0.39492	0.04356	0.00874	0.00249	0.00355	0.01526	0.00599	0.00536
27	0.00922	0.00673	0.00802	0.00761	0.00952	0.00596	0.00574	0.01168	0.01687	0.04702	0.43829	0.05295	0.32820	0.01430	0.00759	0.00209	0.00322	0.01229	0.00670	0.00601
28	0.00931	0.00663	0.00888	0.00888	0.00952	0.00726	0.00621	0.01057	0.00994	0.01389	0.01868	0.03298	0.01945	0.37427	0.42602	0.00853	0.01234	0.00804	0.00367	0.00494
29	0.00906	0.00663	0.00853	0.00813	0.00971	0.00609	0.00615	0.01199	0.01787	0.02496	0.64823	0.05033	0.11619	0.01364	0.00767	0.00208	0.00317	0.03654	0.00698	0.00604
30	0.00813	0.00656	0.00723	0.00706	0.00903	0.00566	0.00530	0.01022	0.01589	0.02020	0.28133	0.05766	0.51241	0.01534	0.00763	0.00213	0.00320	0.01300	0.00636	0.00566
31	0.01727	0.77681	0.03386	0.01106	0.01658	0.02557	0.01106	0.01935	0.01313	0.01520	0.00898	0.01036	0.00829	0.00553	0.00415	0.00138	0.00691	0.00345	0.00276	0.00829
32	0.06042	0.01763	0.01881	0.01448	0.01959	0.01946	0.01196	0.65891	0.02914	0.06174	0.01553	0.01549	0.01096	0.00768	0.00635	0.00194	0.00697	0.00573	0.00640	0.01081
33	0.01248	0.00924	0.01100	0.00988	0.01218	0.00938	0.00764	0.15079	0.06097	0.02771	0.45315	0.09479	0.06870	0.01264	0.00742	0.00210	0.00412	0.03179	0.00680	0.00721
34	0.01613	0.01409	0.01447	0.01308	0.01658	0.03966	0.01012	0.05387	0.63475	0.02648	0.02596	0.06683	0.02041	0.00933	0.00664	0.00219	0.00531	0.00780	0.00643	0.00987
35	0.01047	0.00804	0.00840	0.00820	0.00981	0.04917	0.00585	0.01212	0.01468	0.05790	0.20049	0.14836	0.27201	0.15137	0.01210	0.00290	0.00444	0.01214	0.00583	0.00572
36	0.01608	0.01780	0.03515	0.02548	0.03142	0.04573	0.59940	0.06084	0.01593	0.02136	0.01282	0.01689	0.00974	0.00598	0.00830	0.00218	0.05551	0.00726	0.00343	0.00870
37	0.01652	0.01502	0.02586	0.07330	0.61918	0.01501	0.05586	0.02039	0.01487	0.06259	0.01295	0.01648	0.01047	0.00591	0.00647	0.00195	0.00777	0.00590	0.00347	0.01005
38	0.01631	0.41799	0.30239	0.01443	0.02128	0.09335	0.01610	0.02042	0.01384	0.01728	0.01008	0.01175	0.00825	0.00587	0.00508	0.00166	0.00839	0.00403	0.00281	0.00869
39	0.00785	0.00641	0.00694	0.00712	0.00894	0.00550	0.00522	0.00957	0.01477	0.01828	0.13717	0.17218	0.54441	0.01661	0.00773	0.00223	0.00332	0.01416	0.00613	0.00550
40	0.01251	0.01190	0.02042	0.69425	0.07856	0.01448	0.04379	0.01683	0.01310	0.01690	0.01158	0.01717	0.00874	0.00639	0.00650	0.00214	0.00865	0.00581	0.00290	0.00739
41	0.01727	0.77681	0.03386	0.01106	0.01658	0.02557	0.01106	0.01935	0.01313	0.01520	0.00898	0.01036	0.00829	0.00553	0.00415	0.00138	0.00691	0.00345	0.00276	0.00829
42	0.01091	0.00752	0.00954	0.00878	0.01069	0.00720	0.00667	0.01531	0.08226	0.06655	0.62511	0.04457	0.05465	0.01251	0.00746	0.00204	0.00338	0.01099	0.00711	0.00675
43	0.02899	0.01100	0.01499	0.01150	0.01649	0.00950	0.00950	0.03149	0.01849	0.73709	0.02549	0.02199	0.01599	0.00800	0.00650	0.00200	0.00550	0.00650	0.00800	0.01100
44	0.01432	0.26792	0.51687	0.01609	0.02438	0.01834	0.01983	0.02011	0.01348	0.01880	0.01077	0.01261	0.00822	0.00595	0.00551	0.00184	0.00872	0.00436	0.00274	0.00915
45	0.01130	0.00710	0.00911	0.00878	0.00982	0.00747	0.00616	0.01305	0.02983	0.07502	0.01984	0.03266	0.01959	0.37032	0.29818	0.00708	0.01015	0.00797	0.05107	0.00550
46	0.00792	0.00564	0.00748	0.00894	0.00931	0.00528	0.00594	0.00901	0.01229	0.01638	0.03518	0.74813	0.04219	0.04156	0.00894	0.00273	0.00382	0.01811	0.00594	0.00521
47	0.00924	0.00690	0.01026	0.01026	0.01137	0.00801	0.00792	0.01146	0.01035	0.01491	0.01742	0.02601	0.01643	0.07544	0.72071	0.01023	0.01690	0.00701	0.00348	0.00570
48	0.01933	0.01915	0.01614	0.01424	0.01793	0.22963	0.01103	0.12093	0.40213	0.02554	0.04222	0.02009	0.01653	0.00816	0.00637	0.00200	0.00722	0.00633	0.00563	0.00940
49	0.00804	0.00611	0.00705	0.00770	0.00900	0.00542	0.00544	0.00959	0.01379	0.01779	0.08360	0.37595	0.35251	0.01750	0.00775	0.00234	0.00346	0.01528	0.04626	0.00542
50	0.00799	0.00570	0.00763	0.00913	0.00955	0.00535	0.00620	0.00919	0.01248	0.01662	0.03555	0.73741	0.04249	0.02014	0.00828	0.00264	0.00385	0.04854	0.00600	0.00528
51	0.01849	0.01287	0.01419	0.01181	0.01549	0.01373	0.00942	0.31169	0.13415	0.09295	0.08849	0.07848	0.08451	0.01006	0.00666	0.00203	0.00537	0.00825	0.07223	0.00912
52	0.01727	0.77681	0.03386	0.01106	0.01658	0.02557	0.01106	0.01935	0.01313	0.01520	0.00898	0.01036	0.00829	0.00553	0.00415	0.00138	0.00691	0.00345	0.00276	0.00829
53	0.04565	0.01441	0.04468	0.01459	0.08628	0.01355	0.01096	0.27457	0.02024	0.08461	0.02066	0.05398	0.08556	0.00821	0.00617	0.00178	0.00598	0.00665	0.00535	0.19612
54	0.01834	0.07361	0.03904	0.01102	0.01460	0.05937	0.00917	0.03930	0.05618	0.26422	0.20076	0.06047	0.05070	0.01265	0.05891	0.00257	0.00625	0.00815	0.00627	0.00842
55	0.01124	0.00998	0.04009	0.00975	0.01239	0.00938	0.00783	0.04842	0.19273	0.02313	0.22387	0.08763	0.24051	0.03033	0.00789	0.00226	0.00426	0.02484	0.00628	0.00720
56	0.04467	0.01359	0.02023	0.03677	0.02070	0.05285	0.20644	0.09902	0.01764	0.15019	0.10871	0.04565	0.09324	0.00931	0.00738	0.00212	0.02257	0.03518	0.00540	0.00833

[dist]
# distance from previous block
# <min> <max>
2	4

[block]
# block no. 4 follows, 34 sequences, length 36
# corresponding to MSA columns:
# 218-253
name=unknown_E
#
# <colnr> <probs for GDERKNQSTAVLIFYWHMCP>
#	G	D	E	R	K	N	Q	S	T	A	V	L	I	F	Y	W	H	M	C	P
0	0.01766	0.04064	0.01653	0.03843	0.01822	0.10135	0.02395	0.13906	0.01725	0.06455	0.01275	0.01416	0.00996	0.00581	0.00540	0.00135	0.00640	0.00450	0.00438	0.45764
1	0.00877	0.00641	0.00781	0.00774	0.00895	0.00591	0.00545	0.01073	0.01520	0.02064	0.38752	0.13785	0.17110	0.16254	0.01262	0.00296	0.00380	0.01241	0.00615	0.00545
2	0.00928	0.00603	0.00794	0.00899	0.00978	0.00559	0.00620	0.01068	0.01309	0.05699	0.06223	0.63987	0.05920	0.01869	0.00799	0.00252	0.00382	0.03077	0.03467	0.00565
3	0.00819	0.00657	0.00732	0.00713	0.00907	0.00569	0.00535	0.01035	0.01604	0.02058	0.31077	0.05704	0.48273	0.01520	0.00763	0.00213	0.00319	0.01292	0.00641	0.00569
4	0.00872	0.00589	0.00774	0.00885	0.00939	0.00551	0.00592	0.00987	0.01257	0.03862	0.06693	0.64459	0.04101	0.08892	0.01044	0.00291	0.00400	0.01686	0.00592	0.00534
5	0.01302	0.00631	0.00654	0.00634	0.00804	0.00622	0.00480	0.01600	0.01383	0.06500	0.02133	0.02397	0.01653	0.00755	0.00463	0.00153	0.00315	0.00605	0.76285	0.00631
6	0.02416	0.03017	0.01836	0.01656	0.01998	0.71109	0.01247	0.05964	0.01891	0.01704	0.01026	0.01184	0.00845	0.00671	0.00586	0.00168	0.01143	0.00424	0.00348	0.00766
7	0.01599	0.01535	0.02623	0.03966	0.73262	0.01535	0.01983	0.01983	0.01471	0.02111	0.01215	0.01599	0.01023	0.00576	0.00640	0.00192	0.00768	0.00576	0.00320	0.01023
8	0.01522	0.01733	0.03755	0.02691	0.03324	0.01645	0.68742	0.02054	0.01508	0.02054	0.01293	0.01733	0.00976	0.00563	0.00805	0.00220	0.03435	0.00756	0.00325	0.00866
9	0.04509	0.75028	0.03301	0.01097	0.01644	0.02518	0.01091	0.01934	0.01305	0.01568	0.00898	0.01037	0.00825	0.00554	0.00414	0.00140	0.00684	0.00346	0.00281	0.00825
10	0.01441	0.01812	0.12957	0.02254	0.06772	0.03337	0.39202	0.04345	0.01539	0.02094	0.05252	0.03898	0.06825	0.00752	0.00792	0.00216	0.04515	0.00778	0.00375	0.00843
11	0.01818	0.01328	0.01469	0.01233	0.01653	0.01410	0.00977	0.11538	0.40474	0.12838	0.03838	0.02331	0.04476	0.00841	0.00639	0.00197	0.00527	0.00690	0.00641	0.11083
12	0.01222	0.00973	0.01195	0.01278	0.04122	0.01046	0.00978	0.02034	0.26866	0.02149	0.03028	0.16448	0.03030	0.03972	0.00867	0.00271	0.00537	0.28637	0.00601	0.00747
13	0.02885	0.01122	0.01513	0.01160	0.01661	0.00983	0.00959	0.05306	0.01887	0.71499	0.02517	0.02179	0.01584	0.00799	0.00650	0.00200	0.00555	0.00648	0.00795	0.01100
14	0.01665	0.01556	0.02570	0.03775	0.67779	0.01571	0.01925	0.07302	0.01592	0.02262	0.01241	0.01595	0.01029	0.00591	0.00640	0.00192	0.00763	0.00576	0.00345	0.01029
15	0.56259	0.01511	0.01241	0.01062	0.01479	0.07206	0.00863	0.16279	0.04312	0.03032	0.01109	0.01215	0.00842	0.00652	0.00475	0.00197	0.00595	0.00418	0.00456	0.00798
16	0.01978	0.01532	0.06223	0.01331	0.04550	0.06966	0.01077	0.25802	0.04455	0.13576	0.07967	0.02210	0.03928	0.00825	0.00620	0.00188	0.00615	0.00655	0.14590	0.00912
17	0.06816	0.07496	0.04827	0.01767	0.05651	0.06874	0.18961	0.08116	0.16204	0.06228	0.03389	0.05302	0.01460	0.00749	0.00645	0.00200	0.00755	0.00680	0.00470	0.03409
18	0.01142	0.00701	0.00927	0.00866	0.01046	0.00640	0.00650	0.01414	0.01752	0.11215	0.54946	0.14180	0.05298	0.01351	0.00757	0.00211	0.00344	0.01194	0.00707	0.00659
19	0.00777	0.00636	0.00687	0.00715	0.00892	0.00545	0.00521	0.00938	0.01444	0.01774	0.09746	0.20914	0.54772	0.01699	0.00776	0.00227	0.00336	0.01451	0.00606	0.00545
20	0.01558	0.01579	0.05473	0.09377	0.65123	0.01526	0.01985	0.01960	0.01453	0.02073	0.01208	0.01599	0.01003	0.00583	0.00639	0.00194	0.00782	0.00572	0.00315	0.00997
21	0.05127	0.01668	0.02074	0.01670	0.03735	0.05490	0.12805	0.33116	0.13008	0.08033	0.01780	0.02019	0.01352	0.00789	0.00668	0.00206	0.00743	0.04158	0.00569	0.00988
22	0.01106	0.00932	0.01173	0.01140	0.01312	0.05018	0.06136	0.07102	0.01509	0.01949	0.05464	0.45491	0.09123	0.01649	0.00791	0.00246	0.00519	0.08146	0.00570	0.00624
23	0.00793	0.00567	0.00755	0.00896	0.00938	0.00529	0.00600	0.00915	0.01265	0.01693	0.06804	0.73502	0.04359	0.01991	0.00822	0.00260	0.00372	0.01806	0.00605	0.00529
24	0.01307	0.03267	0.70666	0.01883	0.02824	0.01507	0.05591	0.02047	0.01372	0.02047	0.01166	0.01382	0.00826	0.00611	0.00621	0.00205	0.00961	0.00491	0.00275	0.00951
25	0.01579	0.01660	0.08052	0.07850	0.61860	0.01540	0.01982	0.03940	0.01497	0.02135	0.01217	0.01587	0.01001	0.00588	0.00638	0.00194	0.00786	0.00568	0.00324	0.01003
26	0.01296	0.03342	0.73944	0.01842	0.02797	0.01501	0.02387	0.02046	0.01364	0.02046	0.01160	0.01364	0.00818	0.00614	0.00614	0.00205	0.00955	0.00477	0.00273	0.00955
27	0.00882	0.00649	0.00828	0.00935	0.01045	0.00612	0.00714	0.01060	0.01349	0.01737	0.04001	0.32892	0.17883	0.07654	0.01025	0.00294	0.00461	0.24854	0.00582	0.00543
28	0.02399	0.02840	0.01813	0.01627	0.01955	0.65214	0.01234	0.02570	0.01788	0.07130	0.01110	0.01258	0.00892	0.00701	0.00668	0.00175	0.05045	0.00442	0.00366	0.00774
29	0.00990	0.00771	0.00923	0.00977	0.01119	0.00785	0.00708	0.01512	0.16977	0.01981	0.09081	0.44073	0.10539	0.01665	0.00781	0.00246	0.00407	0.05197	0.00621	0.00647
30	0.00842	0.00609	0.00796	0.00852	0.00947	0.00563	0.00600	0.01041	0.01506	0.02066	0.34079	0.42422	0.07870	0.01700	0.00795	0.00235	0.00342	0.01525	0.00649	0.00563
31	0.01245	0.01173	0.01982	0.71103	0.08895	0.01442	0.01807	0.01672	0.01304	0.01681	0.01153	0.01715	0.00872	0.00641	0.00646	0.00214	0.00855	0.00574	0.00289	0.00738
32	0.05232	0.16442	0.01718	0.01228	0.04332	0.01278	0.05454	0.01731	0.10026	0.02168	0.24248	0.08411	0.03219	0.03992	0.00770	0.00222	0.00534	0.07741	0.00529	0.00727
33	0.01607	0.01388	0.01461	0.01315	0.01680	0.01607	0.01023	0.03433	0.72094	0.02703	0.02630	0.02411	0.01972	0.00877	0.00657	0.00219	0.00511	0.00731	0.00657	0.01023
34	0.01474	0.01408	0.02397	0.27601	0.50602	0.01502	0.01921	0.01874	0.01412	0.01959	0.01193	0.01640	0.00970	0.00599	0.00642	0.00200	0.00798	0.00575	0.00309	0.00923
35	0.06069	0.05963	0.01825	0.04248	0.01937	0.01820	0.01144	0.40235	0.19379	0.06050	0.01754	0.01731	0.01281	0.00767	0.00619	0.00196	0.00645	0.00590	0.00601	0.03147

[dist]
# distance from previous block
# <min> <max>
0	1

[block]
# block no. 5 follows, 34 sequences, length 9
# corresponding to MSA columns:
# 255-263
name=unknown_F
#
# <colnr> <probs for GDERKNQSTAVLIFYWHMCP>
#	G	D	E	R	K	N	Q	S	T	A	V	L	I	F	Y	W	H	M	C	P
0	0.01641	0.01707	0.03363	0.02847	0.17702	0.01654	0.49089	0.09531	0.01678	0.02295	0.01315	0.01692	0.01002	0.00576	0.00724	0.00210	0.00982	0.00704	0.00360	0.00928
1	0.00787	0.00562	0.00750	0.00900	0.00937	0.00525	0.00600	0.00900	0.01237	0.01649	0.03561	0.76871	0.04274	0.02024	0.00825	0.00262	0.00375	0.01837	0.00600	0.00525
2	0.01556	0.08093	0.33967	0.05943	0.02886	0.01570	0.25447	0.02130	0.01458	0.08861	0.01323	0.01567	0.00952	0.00605	0.00655	0.00204	0.00937	0.00586	0.00343	0.00918
3	0.02312	0.01610	0.01756	0.01373	0.01854	0.01745	0.01125	0.52715	0.08442	0.11655	0.02121	0.02039	0.06528	0.00850	0.00656	0.00198	0.00648	0.00659	0.00661	0.01052
4	0.01189	0.00968	0.01094	0.01035	0.01278	0.01028	0.00795	0.02110	0.31696	0.02426	0.25556	0.09422	0.12484	0.01249	0.00730	0.00222	0.00417	0.04874	0.00660	0.00771
5	0.19516	0.35480	0.07214	0.01137	0.01625	0.06421	0.01068	0.06293	0.01460	0.05600	0.04969	0.04236	0.01265	0.00697	0.00496	0.00173	0.00658	0.00490	0.00391	0.00811
6	0.10512	0.18994	0.17800	0.01384	0.04805	0.04237	0.01312	0.05917	0.01516	0.14773	0.01400	0.03473	0.01080	0.00664	0.00545	0.00175	0.00693	0.00498	0.00426	0.09796
7	0.05174	0.14535	0.04789	0.01751	0.11176	0.10236	0.03080	0.28067	0.04354	0.08678	0.01408	0.01488	0.01055	0.00687	0.00593	0.00184	0.00758	0.00525	0.00489	0.00975
8	0.04743	0.07535	0.15241	0.01433	0.01933	0.06984	0.04983	0.19687	0.01858	0.11187	0.01772	0.07289	0.01523	0.05176	0.00795	0.00228	0.00746	0.05506	0.00497	0.00884

[dist]
# distance from previous block
# <min> <max>
2	4

[block]
# block no. 6 follows, 34 sequences, length 6
# corresponding to MSA columns:
# 268-273
name=unknown_G
#
# <colnr> <probs for GDERKNQSTAVLIFYWHMCP>
#	G	D	E	R	K	N	Q	S	T	A	V	L	I	F	Y	W	H	M	C	P
0	0.01712	0.01216	0.01308	0.01115	0.01449	0.04067	0.00873	0.16525	0.17534	0.12943	0.15027	0.03265	0.13340	0.05659	0.00845	0.00231	0.00527	0.00861	0.00647	0.00856
1	0.01116	0.00848	0.01051	0.00993	0.01122	0.00942	0.00729	0.07412	0.05735	0.01760	0.02317	0.07219	0.07926	0.25895	0.26865	0.00628	0.05537	0.00872	0.00438	0.00597
2	0.00787	0.00562	0.00750	0.00900	0.00937	0.00525	0.00600	0.00900	0.01237	0.01649	0.03561	0.76871	0.04274	0.02024	0.00825	0.00262	0.00375	0.01837	0.00600	0.00525
3	0.81856	0.01250	0.00950	0.00850	0.01250	0.01449	0.00700	0.01899	0.01100	0.02899	0.00900	0.01050	0.00700	0.00600	0.00400	0.00200	0.00500	0.00350	0.00400	0.00700
4	0.01679	0.01516	0.02282	0.09473	0.50344	0.05522	0.01722	0.05666	0.01582	0.06432	0.01659	0.01934	0.05947	0.00683	0.00646	0.00195	0.00752	0.00625	0.00383	0.00958
5	0.01493	0.01748	0.13761	0.01806	0.07679	0.03785	0.15343	0.08986	0.03999	0.02219	0.01618	0.07425	0.03568	0.00763	0.00721	0.00189	0.04820	0.00676	0.00402	0.19002

[dist]
# distance from previous block
# <min> <max>
0	1

[block]
# block no. 7 follows, 34 sequences, length 10
# corresponding to MSA columns:
# 275-284
name=unknown_H
#
# <colnr> <probs for GDERKNQSTAVLIFYWHMCP>
#	G	D	E	R	K	N	Q	S	T	A	V	L	I	F	Y	W	H	M	C	P
0	0.47137	0.24297	0.04922	0.01027	0.01508	0.01834	0.00942	0.08215	0.01351	0.02556	0.00970	0.01105	0.00780	0.00602	0.00436	0.00181	0.00596	0.00375	0.00380	0.00786
1	0.01458	0.01613	0.10828	0.09502	0.44061	0.01410	0.07241	0.01892	0.01456	0.02107	0.04949	0.01822	0.01290	0.00636	0.00638	0.00195	0.00763	0.00611	0.06604	0.00923
2	0.01660	0.61589	0.11116	0.01399	0.06537	0.02351	0.01317	0.01936	0.01317	0.01619	0.00946	0.01124	0.00842	0.00582	0.00514	0.00154	0.03482	0.00383	0.00279	0.00852
3	0.00937	0.00630	0.00722	0.00717	0.00733	0.00625	0.00416	0.00970	0.01038	0.01400	0.09846	0.04294	0.02762	0.68922	0.03010	0.00580	0.00591	0.00965	0.00427	0.00416
4	0.01577	0.17965	0.38851	0.01837	0.07146	0.03789	0.06516	0.09122	0.03528	0.02158	0.01197	0.01382	0.00906	0.00620	0.00589	0.00189	0.00867	0.00492	0.00331	0.00939
5	0.00960	0.00619	0.00720	0.00720	0.00720	0.00619	0.00410	0.00929	0.00929	0.01238	0.01935	0.03979	0.02214	0.69023	0.03205	0.09504	0.00619	0.00898	0.00379	0.00379
6	0.05252	0.09707	0.14698	0.01431	0.01994	0.01759	0.01353	0.32073	0.05408	0.14596	0.01574	0.01586	0.01118	0.00740	0.00668	0.00196	0.03746	0.00547	0.00544	0.01011
7	0.01537	0.11798	0.02367	0.01686	0.01916	0.01836	0.13702	0.01777	0.01202	0.05439	0.01123	0.01539	0.00971	0.00901	0.01439	0.00237	0.42596	0.00578	0.06591	0.00765
8	0.00942	0.00680	0.00831	0.00894	0.01005	0.00652	0.00629	0.06420	0.01455	0.01952	0.08664	0.53397	0.12838	0.01769	0.00781	0.00242	0.00387	0.01574	0.04304	0.00582
9	0.08201	0.07840	0.01900	0.02942	0.05530	0.09130	0.09635	0.07764	0.07856	0.04938	0.01611	0.08721	0.01412	0.01117	0.06836	0.00256	0.00789	0.00662	0.00438	0.12419

[dist]
# distance from previous block
# <min> <max>
0	1

[block]
# block no. 8 follows, 34 sequences, length 12
# corresponding to MSA columns:
# 286-297
name=unknown_I
#
# <colnr> <probs for GDERKNQSTAVLIFYWHMCP>
#	G	D	E	R	K	N	Q	S	T	A	V	L	I	F	Y	W	H	M	C	P
0	0.01455	0.01235	0.01873	0.03081	0.03141	0.02557	0.19406	0.12195	0.05359	0.05164	0.07366	0.08783	0.13781	0.05227	0.00858	0.00235	0.00662	0.02142	0.04703	0.00776
1	0.01631	0.01742	0.02359	0.14139	0.32887	0.16236	0.10890	0.01986	0.01536	0.01925	0.03848	0.01888	0.04700	0.00678	0.00656	0.00196	0.00868	0.00627	0.00345	0.00863
2	0.00868	0.00655	0.00802	0.00774	0.00939	0.00589	0.00577	0.01127	0.01707	0.02323	0.52039	0.08314	0.24045	0.01436	0.00765	0.00210	0.00314	0.01250	0.00676	0.00589
3	0.01610	0.30526	0.20448	0.05355	0.06895	0.01973	0.12264	0.07802	0.01503	0.01994	0.01111	0.01349	0.00887	0.00609	0.00615	0.00183	0.03172	0.00494	0.00318	0.00892
4	0.00917	0.00625	0.00710	0.00718	0.00740	0.00614	0.00419	0.00947	0.01026	0.01360	0.05042	0.08976	0.07268	0.64743	0.02873	0.00561	0.00579	0.01033	0.00430	0.00418
5	0.02208	0.00981	0.01311	0.01077	0.01447	0.00895	0.00866	0.05302	0.01772	0.46440	0.14204	0.05001	0.02505	0.04141	0.06214	0.00283	0.00602	0.03113	0.00717	0.00919
6	0.01478	0.03021	0.58836	0.01776	0.02634	0.06023	0.04609	0.02130	0.01429	0.06553	0.01242	0.01417	0.00881	0.00620	0.00613	0.00197	0.00924	0.00490	0.00317	0.04809
7	0.15232	0.01244	0.01260	0.01057	0.01415	0.01368	0.00850	0.26027	0.10897	0.05223	0.01792	0.01878	0.01341	0.00752	0.00543	0.00184	0.00511	0.00571	0.26996	0.00859
8	0.01951	0.01360	0.01518	0.01235	0.01608	0.01484	0.00994	0.41577	0.03975	0.06918	0.01888	0.02137	0.03461	0.05686	0.12821	0.00352	0.00806	0.00652	0.08670	0.00907
9	0.10280	0.01086	0.01407	0.01100	0.01569	0.00976	0.00905	0.02909	0.01777	0.62525	0.06799	0.02254	0.01796	0.00813	0.00633	0.00200	0.00530	0.00654	0.00756	0.01031
10	0.01261	0.01073	0.01307	0.01610	0.16743	0.07870	0.00968	0.01459	0.01334	0.03543	0.04359	0.15694	0.04858	0.17539	0.07227	0.00369	0.00712	0.06529	0.04886	0.00658
11	0.01807	0.13207	0.11333	0.01430	0.01863	0.21704	0.01274	0.11724	0.10185	0.02133	0.01816	0.04591	0.06367	0.00856	0.00700	0.00195	0.05255	0.02288	0.00431	0.00840

[dist]
# distance from previous block
# <min> <max>
0	7

[block]
# block no. 9 follows, 34 sequences, length 13
# corresponding to MSA columns:
# 305-317
name=unknown_J
#
# <colnr> <probs for GDERKNQSTAVLIFYWHMCP>
#	G	D	E	R	K	N	Q	S	T	A	V	L	I	F	Y	W	H	M	C	P
0	0.06417	0.01387	0.05845	0.01466	0.09369	0.05318	0.01100	0.04370	0.05438	0.25129	0.07197	0.02035	0.01639	0.00893	0.03210	0.00214	0.02774	0.00604	0.03774	0.11823
1	0.11858	0.35277	0.08730	0.01517	0.02056	0.09076	0.13745	0.04328	0.01422	0.01930	0.01023	0.01238	0.00849	0.00605	0.00588	0.00176	0.03981	0.00456	0.00319	0.00827
2	0.00805	0.00617	0.00720	0.00784	0.00902	0.00554	0.00549	0.00944	0.01344	0.01708	0.08116	0.35085	0.32746	0.08799	0.01027	0.00276	0.00381	0.03528	0.00586	0.00527
3	0.01785	0.14352	0.29090	0.01871	0.11134	0.13257	0.01715	0.08085	0.04591	0.06384	0.01278	0.01421	0.00967	0.00644	0.00588	0.00186	0.00860	0.00489	0.00368	0.00935
4	0.09144	0.10088	0.07436	0.01621	0.02161	0.06128	0.18168	0.08768	0.03433	0.11060	0.01363	0.01527	0.01021	0.00645	0.00670	0.00186	0.04395	0.00547	0.00427	0.11211
5	0.00828	0.00603	0.00779	0.00871	0.00950	0.00553	0.00594	0.00970	0.01320	0.01781	0.12797	0.58447	0.07758	0.04655	0.00893	0.00260	0.00376	0.01641	0.00599	0.03328
6	0.01568	0.03595	0.10250	0.02182	0.19621	0.07515	0.09619	0.04513	0.19417	0.02206	0.01889	0.02261	0.03808	0.00944	0.03687	0.00241	0.00805	0.04526	0.00437	0.00914
7	0.01837	0.19829	0.09314	0.02011	0.19753	0.05720	0.03826	0.10927	0.01700	0.10269	0.05271	0.03969	0.01394	0.00713	0.00599	0.00184	0.00732	0.00589	0.00432	0.00931
8	0.01097	0.00570	0.00822	0.00822	0.00822	0.00570	0.00537	0.00856	0.00856	0.01141	0.01251	0.02283	0.01295	0.12805	0.02633	0.69863	0.00570	0.00614	0.00296	0.00296
9	0.00785	0.00594	0.00725	0.00821	0.00918	0.00534	0.00567	0.00920	0.01332	0.01715	0.07114	0.52414	0.25470	0.01878	0.00804	0.00247	0.00358	0.01666	0.00604	0.00534
10	0.04638	0.17728	0.08631	0.01480	0.03677	0.08278	0.07346	0.09986	0.04922	0.15961	0.01843	0.01881	0.06174	0.00758	0.00662	0.00191	0.03876	0.00590	0.00474	0.00903
11	0.01741	0.01572	0.04035	0.14087	0.37001	0.03787	0.06349	0.09876	0.05881	0.07223	0.01418	0.01693	0.01090	0.00644	0.00649	0.00199	0.00783	0.00596	0.00405	0.00970
12	0.00839	0.00631	0.00775	0.00836	0.00961	0.00575	0.00612	0.01022	0.01443	0.01885	0.18266	0.31717	0.24718	0.04106	0.00879	0.00253	0.00379	0.08937	0.00615	0.00551

[dist]
# distance from previous block
# <min> <max>
0	11

# created by:
# /home/cegg/simao/soft/augustus-3.2.1/scripts/msa2prfl.pl ./align_prep/EOG090W0FEF.fa
