[name]
unknown

[dist]
# distance from previous block
# <min> <max>
0	26

[block]
# block no. 0 follows, 32 sequences, length 78
# corresponding to MSA columns:
# 47-69,75-129
name=unknown_A
#
# <colnr> <probs for GDERKNQSTAVLIFYWHMCP>
#	G	D	E	R	K	N	Q	S	T	A	V	L	I	F	Y	W	H	M	C	P
0	0.01130	0.00820	0.01000	0.00965	0.01181	0.00788	0.00769	0.05804	0.04290	0.04450	0.32886	0.05516	0.20477	0.01484	0.00806	0.00236	0.00430	0.15611	0.00682	0.00677
1	0.30758	0.08396	0.05975	0.01284	0.04034	0.01532	0.02924	0.04515	0.09741	0.13723	0.01701	0.01739	0.03650	0.00739	0.00601	0.00203	0.02818	0.00541	0.00500	0.04628
2	0.39602	0.10535	0.19217	0.01384	0.03973	0.07336	0.02896	0.02118	0.01341	0.04718	0.01083	0.01250	0.00830	0.00631	0.00511	0.00199	0.00737	0.00428	0.00372	0.00839
3	0.00945	0.00709	0.01014	0.01023	0.01143	0.00793	0.00784	0.01162	0.01131	0.01582	0.02356	0.05461	0.07923	0.08919	0.58861	0.00932	0.01525	0.02755	0.00401	0.00583
4	0.01719	0.01747	0.07061	0.03630	0.58734	0.04155	0.01963	0.02216	0.05588	0.04675	0.01384	0.01700	0.01120	0.00630	0.00662	0.00201	0.00801	0.00597	0.00367	0.01051
5	0.00937	0.00706	0.00968	0.03179	0.01200	0.00694	0.03047	0.01200	0.05710	0.01840	0.05752	0.58521	0.03953	0.05120	0.00935	0.00277	0.00445	0.01650	0.03271	0.00596
6	0.77660	0.01393	0.04140	0.00928	0.01368	0.01508	0.00803	0.01979	0.01154	0.02972	0.00946	0.01104	0.00732	0.00624	0.00425	0.00208	0.00540	0.00369	0.00409	0.00738
7	0.01760	0.04290	0.05135	0.03530	0.56032	0.03736	0.01919	0.06350	0.01619	0.04052	0.01283	0.01623	0.01055	0.00645	0.00722	0.00202	0.04065	0.00583	0.00362	0.01038
8	0.00858	0.00642	0.00847	0.01004	0.03465	0.00594	0.00660	0.01013	0.01390	0.01846	0.11249	0.56909	0.13197	0.01920	0.00835	0.00258	0.00390	0.01725	0.00625	0.00575
9	0.00807	0.00650	0.00719	0.00766	0.00931	0.00562	0.00550	0.00966	0.01467	0.01815	0.08351	0.28223	0.48219	0.01813	0.00813	0.00240	0.00354	0.01562	0.00628	0.00562
10	0.01032	0.01031	0.00850	0.00826	0.01069	0.10759	0.00619	0.01202	0.01581	0.01789	0.05995	0.05726	0.62056	0.01559	0.00767	0.00219	0.00461	0.01279	0.00584	0.00596
11	0.01346	0.03471	0.72942	0.01912	0.02904	0.01558	0.02479	0.02125	0.01417	0.02125	0.01204	0.01417	0.00850	0.00637	0.00637	0.00212	0.00992	0.00496	0.00283	0.00992
12	0.81159	0.01298	0.00986	0.00882	0.01298	0.01505	0.00727	0.01972	0.01142	0.03010	0.00934	0.01090	0.00727	0.00623	0.00415	0.00208	0.00519	0.00363	0.00415	0.00727
13	0.01661	0.01594	0.02724	0.04119	0.72233	0.01594	0.02059	0.02059	0.01528	0.02192	0.01262	0.01661	0.01063	0.00598	0.00664	0.00199	0.00797	0.00598	0.00332	0.01063
14	0.01669	0.01441	0.01517	0.01365	0.01745	0.01669	0.01062	0.03565	0.71021	0.02807	0.02731	0.02503	0.02048	0.00910	0.00683	0.00228	0.00531	0.00759	0.00683	0.01062
15	0.01661	0.01594	0.02724	0.04119	0.72233	0.01594	0.02059	0.02059	0.01528	0.02192	0.01262	0.01661	0.01063	0.00598	0.00664	0.00199	0.00797	0.00598	0.00332	0.01063
16	0.01558	0.01665	0.03354	0.03087	0.24752	0.01589	0.43881	0.02049	0.01575	0.02169	0.03939	0.02036	0.03701	0.00643	0.00752	0.00217	0.00971	0.00768	0.00361	0.00933
17	0.00931	0.00685	0.00871	0.00825	0.00991	0.00625	0.00618	0.01230	0.01855	0.02586	0.64114	0.05185	0.14161	0.01411	0.00792	0.00213	0.00319	0.01238	0.00725	0.00625
18	0.00982	0.00681	0.00923	0.00923	0.00985	0.00743	0.00645	0.01083	0.01021	0.01424	0.01875	0.03294	0.01943	0.33517	0.39869	0.07170	0.01240	0.00811	0.00373	0.00497
19	0.01681	0.43717	0.30406	0.01462	0.02190	0.03975	0.01664	0.02116	0.01418	0.04336	0.01102	0.01255	0.00885	0.00611	0.00524	0.00173	0.00831	0.00425	0.00307	0.00920
20	0.00843	0.00613	0.00794	0.00893	0.00973	0.00565	0.00615	0.01006	0.01434	0.01925	0.18128	0.55158	0.10741	0.01915	0.00837	0.00256	0.00370	0.01720	0.00647	0.00565
21	0.01376	0.04127	0.04823	0.01202	0.04103	0.00969	0.02935	0.01667	0.01426	0.05800	0.04244	0.16443	0.01894	0.00880	0.00607	0.00158	0.00534	0.00764	0.00464	0.45586
22	0.13057	0.11463	0.22909	0.01568	0.02180	0.17998	0.03397	0.10109	0.04140	0.05434	0.01264	0.01393	0.00953	0.00675	0.00586	0.00194	0.00882	0.00484	0.00400	0.00915
23	0.01669	0.15604	0.09707	0.01717	0.05276	0.15651	0.06582	0.03678	0.01513	0.01881	0.03649	0.06229	0.01569	0.00960	0.00939	0.00220	0.14402	0.07565	0.00382	0.00806
24	0.01558	0.01254	0.01475	0.03425	0.01737	0.01026	0.00881	0.08011	0.01572	0.05170	0.01289	0.01460	0.01031	0.00544	0.00526	0.00117	0.00535	0.00434	0.00437	0.67520
25	0.41954	0.07098	0.05764	0.01350	0.05773	0.06434	0.01085	0.06391	0.11031	0.02708	0.01264	0.01392	0.00987	0.00696	0.00579	0.00206	0.03537	0.00467	0.00437	0.00847
26	0.01104	0.01166	0.07412	0.01295	0.01443	0.03384	0.03140	0.01308	0.01239	0.01711	0.02470	0.39180	0.02794	0.04089	0.08165	0.00355	0.17359	0.01269	0.00471	0.00645
27	0.01292	0.00748	0.00809	0.00756	0.00946	0.00753	0.00577	0.07385	0.01674	0.02695	0.18606	0.03018	0.02760	0.00923	0.00563	0.00173	0.00350	0.00763	0.54539	0.00672
28	0.00836	0.00618	0.00803	0.00919	0.00998	0.00585	0.00641	0.00979	0.01310	0.01722	0.03981	0.55897	0.14520	0.02324	0.08097	0.00347	0.00529	0.03743	0.00597	0.00556
29	0.00828	0.00600	0.00782	0.00908	0.00971	0.00555	0.00616	0.00966	0.01358	0.01809	0.10111	0.64487	0.09519	0.02007	0.00846	0.00264	0.00379	0.01809	0.00633	0.00555
30	0.01037	0.01200	0.10465	0.01385	0.01696	0.00901	0.14092	0.01342	0.01428	0.01926	0.07891	0.39765	0.11069	0.01529	0.00805	0.00247	0.00597	0.01414	0.00534	0.00679
31	0.02536	0.02311	0.01977	0.01604	0.02079	0.25505	0.01282	0.47986	0.02745	0.03383	0.01423	0.01480	0.01051	0.00768	0.00650	0.00192	0.00893	0.00548	0.00565	0.01022
32	0.01661	0.01594	0.02724	0.04119	0.72233	0.01594	0.02059	0.02059	0.01528	0.02192	0.01262	0.01661	0.01063	0.00598	0.00664	0.00199	0.00797	0.00598	0.00332	0.01063
33	0.01794	0.76823	0.03516	0.01148	0.01722	0.02655	0.01148	0.02009	0.01363	0.01579	0.00933	0.01076	0.00861	0.00574	0.00431	0.00144	0.00718	0.00359	0.00287	0.00861
34	0.01267	0.01193	0.02013	0.74806	0.04621	0.01491	0.01863	0.01714	0.01342	0.01714	0.01193	0.01789	0.00894	0.00671	0.00671	0.00224	0.00894	0.00596	0.00298	0.00745
35	0.00793	0.00680	0.00680	0.00680	0.00906	0.00566	0.00510	0.00963	0.01529	0.01813	0.06797	0.06457	0.71961	0.01699	0.00793	0.00227	0.00340	0.01416	0.00623	0.00566
36	0.01733	0.01473	0.01553	0.01378	0.01769	0.01699	0.01077	0.08375	0.66108	0.02910	0.02650	0.02439	0.01983	0.00903	0.00682	0.00226	0.00546	0.00747	0.00682	0.01068
37	0.03010	0.01142	0.01557	0.01194	0.01713	0.00986	0.00986	0.03270	0.01920	0.72698	0.02647	0.02284	0.01661	0.00830	0.00675	0.00208	0.00571	0.00675	0.00830	0.01142
38	0.68569	0.01394	0.01149	0.01020	0.01384	0.04450	0.00837	0.01958	0.01159	0.02790	0.00932	0.01140	0.00750	0.00691	0.00635	0.00216	0.09404	0.00393	0.00398	0.00730
39	0.01907	0.65153	0.03260	0.01240	0.01778	0.13919	0.01172	0.02115	0.01449	0.01589	0.00949	0.01098	0.00862	0.00593	0.00458	0.00148	0.00796	0.00370	0.00296	0.00848
40	0.81159	0.01298	0.00986	0.00882	0.01298	0.01505	0.00727	0.01972	0.01142	0.03010	0.00934	0.01090	0.00727	0.00623	0.00415	0.00208	0.00519	0.00363	0.00415	0.00727
41	0.01235	0.00841	0.03395	0.00920	0.01158	0.00709	0.00737	0.01553	0.01870	0.12105	0.57287	0.04586	0.08392	0.01288	0.00771	0.00211	0.00375	0.01125	0.00731	0.00711
42	0.01586	0.01518	0.02588	0.17590	0.59348	0.01575	0.02022	0.01994	0.01492	0.02101	0.01249	0.01685	0.01031	0.00612	0.00666	0.00204	0.00816	0.00598	0.00326	0.01002
43	0.02750	0.01287	0.01620	0.01253	0.01751	0.01226	0.01031	0.19278	0.02218	0.51055	0.07409	0.02318	0.01873	0.00864	0.00682	0.00206	0.00593	0.00697	0.00785	0.01105
44	0.01468	0.01468	0.02055	0.01762	0.01762	0.02055	0.01468	0.01615	0.01028	0.01615	0.00881	0.01468	0.00881	0.01174	0.02202	0.00294	0.75191	0.00587	0.00294	0.00734
45	0.01816	0.62580	0.09479	0.01294	0.01897	0.05362	0.03472	0.02091	0.01415	0.03922	0.01029	0.01174	0.00891	0.00592	0.00475	0.00155	0.00770	0.00398	0.00308	0.00880
46	0.00833	0.00595	0.00797	0.00952	0.00998	0.00559	0.00650	0.00961	0.01300	0.01730	0.03690	0.71908	0.04404	0.02087	0.00861	0.00275	0.00403	0.05825	0.00623	0.00549
47	0.01705	0.02619	0.44795	0.02059	0.10922	0.01430	0.05811	0.02307	0.01533	0.15844	0.01572	0.03778	0.01145	0.00708	0.00663	0.00212	0.00877	0.00600	0.00408	0.01012
48	0.81159	0.01298	0.00986	0.00882	0.01298	0.01505	0.00727	0.01972	0.01142	0.03010	0.00934	0.01090	0.00727	0.00623	0.00415	0.00208	0.00519	0.00363	0.00415	0.00727
49	0.01661	0.01594	0.02724	0.04119	0.72233	0.01594	0.02059	0.02059	0.01528	0.02192	0.01262	0.01661	0.01063	0.00598	0.00664	0.00199	0.00797	0.00598	0.00332	0.01063
50	0.06159	0.01189	0.01559	0.01201	0.01716	0.01068	0.00992	0.06910	0.01957	0.66078	0.02520	0.02198	0.01594	0.00821	0.00664	0.00207	0.00578	0.00658	0.00805	0.01125
51	0.02194	0.01955	0.25594	0.03955	0.04459	0.01237	0.05326	0.02657	0.01702	0.37902	0.04816	0.02043	0.01501	0.00761	0.00673	0.00211	0.00750	0.00638	0.00584	0.01043
52	0.00793	0.00680	0.00680	0.00680	0.00906	0.00566	0.00510	0.00963	0.01529	0.01813	0.06797	0.06457	0.71961	0.01699	0.00793	0.00227	0.00340	0.01416	0.00623	0.00566
53	0.02551	0.01879	0.02014	0.01544	0.02081	0.02081	0.01275	0.69996	0.03155	0.04229	0.01611	0.01611	0.01141	0.00805	0.00671	0.00201	0.00738	0.00604	0.00671	0.01141
54	0.02315	0.02796	0.01814	0.01646	0.01999	0.57242	0.01243	0.02882	0.17713	0.01909	0.01425	0.01506	0.01135	0.00742	0.00623	0.00185	0.01055	0.00507	0.00423	0.00843
55	0.02098	0.01533	0.05047	0.02122	0.14388	0.01433	0.16013	0.07030	0.12882	0.24979	0.02051	0.04147	0.01496	0.00773	0.00703	0.00215	0.00746	0.00724	0.00578	0.01042
56	0.01669	0.01441	0.01517	0.01365	0.01745	0.01669	0.01062	0.03565	0.71021	0.02807	0.02731	0.02503	0.02048	0.00910	0.00683	0.00228	0.00531	0.00759	0.00683	0.01062
57	0.02315	0.02796	0.01814	0.01646	0.01999	0.57242	0.01243	0.02882	0.17713	0.01909	0.01425	0.01506	0.01135	0.00742	0.00623	0.00185	0.01055	0.00507	0.00423	0.00843
58	0.20590	0.01238	0.01412	0.01130	0.01597	0.03284	0.00925	0.05534	0.01792	0.47293	0.06802	0.02136	0.01717	0.00814	0.00621	0.00207	0.00568	0.00630	0.00709	0.01003
59	0.01610	0.01576	0.02798	0.06960	0.58352	0.01574	0.10806	0.02024	0.01520	0.02152	0.01340	0.03765	0.01144	0.00639	0.00687	0.00206	0.00833	0.00660	0.00340	0.01014
60	0.00950	0.00686	0.00897	0.00844	0.01002	0.00633	0.00633	0.01266	0.01899	0.02691	0.71879	0.05012	0.06331	0.01372	0.00791	0.00211	0.00317	0.01213	0.00739	0.00633
61	0.00976	0.00651	0.00732	0.00732	0.00732	0.00651	0.00407	0.00976	0.00976	0.01301	0.02114	0.04391	0.02439	0.76419	0.03415	0.00651	0.00651	0.00976	0.00407	0.00407
62	0.08531	0.05453	0.34447	0.07105	0.05232	0.03830	0.14566	0.02226	0.05518	0.04924	0.01339	0.01573	0.00983	0.00646	0.00645	0.00212	0.00915	0.00565	0.00355	0.00936
63	0.00808	0.00619	0.00742	0.00841	0.00949	0.00553	0.00581	0.00945	0.01375	0.01750	0.04839	0.50387	0.29295	0.01954	0.00833	0.00256	0.00371	0.01727	0.00623	0.00553
64	0.00817	0.00587	0.00775	0.00926	0.00971	0.00546	0.00619	0.00935	0.01293	0.01716	0.03805	0.73595	0.06755	0.02088	0.00854	0.00271	0.00388	0.01891	0.00623	0.00546
65	0.02417	0.02872	0.02006	0.01976	0.09926	0.57718	0.01379	0.10066	0.01998	0.01990	0.01126	0.01305	0.00917	0.00694	0.00619	0.00179	0.01112	0.00470	0.00380	0.00850
66	0.04207	0.04497	0.21095	0.06182	0.05113	0.01672	0.15247	0.15257	0.05062	0.07289	0.01636	0.01818	0.03371	0.00735	0.00736	0.00215	0.03822	0.00635	0.00443	0.00968
67	0.02361	0.01038	0.01377	0.01104	0.01514	0.00930	0.00892	0.05790	0.01972	0.48158	0.23691	0.03083	0.03059	0.00994	0.00710	0.00208	0.00501	0.00836	0.00795	0.00987
68	0.78748	0.01356	0.01014	0.00908	0.01321	0.03718	0.00744	0.01994	0.01165	0.02969	0.00937	0.01094	0.00731	0.00625	0.00421	0.00207	0.00540	0.00365	0.00413	0.00728
69	0.00833	0.00647	0.00748	0.00793	0.00935	0.00573	0.00562	0.01000	0.01477	0.01887	0.15342	0.29510	0.36117	0.05290	0.00937	0.00260	0.00368	0.01530	0.00630	0.00562
70	0.01680	0.01689	0.02519	0.14035	0.53312	0.08666	0.01937	0.02056	0.01521	0.02051	0.01218	0.01629	0.01013	0.00636	0.00709	0.00203	0.03238	0.00581	0.00327	0.00978
71	0.01669	0.01441	0.01517	0.01365	0.01745	0.01669	0.01062	0.03565	0.71021	0.02807	0.02731	0.02503	0.02048	0.00910	0.00683	0.00228	0.00531	0.00759	0.00683	0.01062
72	0.02941	0.01254	0.01626	0.01247	0.01769	0.01152	0.01030	0.13402	0.02108	0.62302	0.02490	0.02182	0.01582	0.00827	0.00674	0.00207	0.00596	0.00664	0.00806	0.01142
73	0.00971	0.00668	0.00823	0.00823	0.00854	0.00700	0.00520	0.01034	0.01003	0.01368	0.02031	0.03931	0.02240	0.57717	0.21844	0.00763	0.00951	0.00908	0.00394	0.00457
74	0.00932	0.00681	0.00876	0.00836	0.00994	0.00624	0.00624	0.01229	0.01844	0.02581	0.63969	0.08446	0.10994	0.01430	0.00795	0.00215	0.00322	0.01261	0.00725	0.00624
75	0.01643	0.01637	0.05028	0.10337	0.59273	0.01604	0.04039	0.04407	0.01566	0.02216	0.01269	0.01667	0.01042	0.00612	0.00668	0.00203	0.00820	0.00600	0.00339	0.01030
76	0.01418	0.01022	0.01394	0.01210	0.01499	0.00999	0.06328	0.09157	0.05035	0.08939	0.20069	0.17739	0.07121	0.01316	0.00801	0.00228	0.02222	0.07075	0.00634	0.05793
77	0.04874	0.04129	0.03633	0.01057	0.01454	0.00974	0.00885	0.02425	0.03569	0.37723	0.16799	0.05052	0.04804	0.00979	0.00667	0.00204	0.00497	0.00812	0.08544	0.00918

[dist]
# distance from previous block
# <min> <max>
0	2

[block]
# block no. 1 follows, 32 sequences, length 66
# corresponding to MSA columns:
# 132-181,219-234
name=unknown_B
#
# <colnr> <probs for GDERKNQSTAVLIFYWHMCP>
#	G	D	E	R	K	N	Q	S	T	A	V	L	I	F	Y	W	H	M	C	P
0	0.32253	0.07308	0.01693	0.01264	0.01733	0.08395	0.01043	0.28477	0.04807	0.05239	0.01326	0.01392	0.00989	0.00714	0.00551	0.00198	0.00684	0.00487	0.00521	0.00927
1	0.03975	0.22411	0.26046	0.01569	0.06711	0.01667	0.01558	0.02138	0.01456	0.10238	0.01293	0.01428	0.00984	0.00614	0.00555	0.00171	0.00751	0.00464	0.00376	0.15594
2	0.01877	0.01982	0.01998	0.04886	0.18601	0.23199	0.03717	0.02753	0.26733	0.02246	0.04027	0.01949	0.01523	0.00766	0.00662	0.00204	0.00824	0.00633	0.00475	0.00946
3	0.02841	0.01314	0.01645	0.01266	0.01778	0.01254	0.01044	0.20180	0.02219	0.53180	0.02370	0.02119	0.01531	0.00823	0.00668	0.00204	0.00606	0.00655	0.03179	0.01126
4	0.01043	0.00703	0.00786	0.00766	0.00789	0.00711	0.00443	0.03901	0.01068	0.01425	0.02093	0.04273	0.02384	0.73215	0.03299	0.00631	0.00654	0.00960	0.00418	0.00438
5	0.00816	0.00665	0.00722	0.00740	0.00929	0.00571	0.00543	0.00995	0.01535	0.01903	0.14175	0.17319	0.53307	0.01724	0.00803	0.00232	0.00345	0.01470	0.00637	0.00571
6	0.02866	0.01374	0.01701	0.01304	0.01829	0.01331	0.01077	0.24263	0.02309	0.51156	0.02321	0.02072	0.01497	0.00823	0.00674	0.00206	0.00624	0.00653	0.00780	0.01142
7	0.01535	0.01475	0.02540	0.26188	0.48921	0.01565	0.04131	0.01954	0.01471	0.02041	0.01243	0.01705	0.01009	0.00620	0.00670	0.00208	0.00838	0.00603	0.00322	0.00959
8	0.01636	0.01638	0.04879	0.06678	0.67566	0.01589	0.02065	0.02048	0.01517	0.02172	0.01258	0.01658	0.01050	0.00602	0.00664	0.00201	0.00807	0.00595	0.00329	0.01049
9	0.01251	0.00625	0.00625	0.00625	0.00782	0.00625	0.00469	0.01563	0.01407	0.02502	0.02189	0.02502	0.01720	0.00782	0.00469	0.00156	0.00313	0.00625	0.80144	0.00625
10	0.01509	0.19197	0.50085	0.01804	0.02666	0.01792	0.07828	0.02133	0.01433	0.03946	0.01198	0.01400	0.00889	0.00623	0.00607	0.00199	0.00932	0.00496	0.00304	0.00960
11	0.01081	0.00772	0.01081	0.01236	0.01390	0.00772	0.01081	0.01390	0.01545	0.02008	0.03553	0.07569	0.03862	0.01854	0.00927	0.00309	0.00618	0.67717	0.00618	0.00618
12	0.00885	0.00683	0.00808	0.00777	0.00963	0.00606	0.00583	0.01142	0.01748	0.02331	0.45199	0.05605	0.33236	0.01506	0.00792	0.00217	0.00326	0.01297	0.00691	0.00606
13	0.01391	0.01193	0.01391	0.00994	0.01590	0.00894	0.00795	0.01690	0.01391	0.02186	0.01193	0.01391	0.00994	0.00497	0.00497	0.00099	0.00497	0.00398	0.00398	0.80521
14	0.00793	0.00680	0.00680	0.00680	0.00906	0.00566	0.00510	0.00963	0.01529	0.01813	0.06797	0.06457	0.71961	0.01699	0.00793	0.00227	0.00340	0.01416	0.00623	0.00566
15	0.01346	0.03471	0.72942	0.01912	0.02904	0.01558	0.02479	0.02125	0.01417	0.02125	0.01204	0.01417	0.00850	0.00637	0.00637	0.00212	0.00992	0.00496	0.00283	0.00992
16	0.01166	0.00583	0.00874	0.00874	0.00874	0.00583	0.00583	0.00874	0.00874	0.01166	0.01166	0.02040	0.01166	0.02331	0.02622	0.80478	0.00583	0.00583	0.00291	0.00291
17	0.00950	0.00686	0.00897	0.00844	0.01002	0.00633	0.00633	0.01266	0.01899	0.02691	0.71879	0.05012	0.06331	0.01372	0.00791	0.00211	0.00317	0.01213	0.00739	0.00633
18	0.01669	0.01441	0.01517	0.01365	0.01745	0.01669	0.01062	0.03565	0.71021	0.02807	0.02731	0.02503	0.02048	0.00910	0.00683	0.00228	0.00531	0.00759	0.00683	0.01062
19	0.01267	0.01193	0.02013	0.74806	0.04621	0.01491	0.01863	0.01714	0.01342	0.01714	0.01193	0.01789	0.00894	0.00671	0.00671	0.00224	0.00894	0.00596	0.00298	0.00745
20	0.01267	0.01193	0.02013	0.74806	0.04621	0.01491	0.01863	0.01714	0.01342	0.01714	0.01193	0.01789	0.00894	0.00671	0.00671	0.00224	0.00894	0.00596	0.00298	0.00745
21	0.00855	0.00634	0.00897	0.00991	0.01062	0.00592	0.02973	0.01004	0.01347	0.01810	0.09384	0.67462	0.04482	0.01988	0.00849	0.00266	0.00408	0.01811	0.00623	0.00565
22	0.03010	0.01142	0.01557	0.01194	0.01713	0.00986	0.00986	0.03270	0.01920	0.72698	0.02647	0.02284	0.01661	0.00830	0.00675	0.00208	0.00571	0.00675	0.00830	0.01142
23	0.01669	0.01441	0.01517	0.01365	0.01745	0.01669	0.01062	0.03565	0.71021	0.02807	0.02731	0.02503	0.02048	0.00910	0.00683	0.00228	0.00531	0.00759	0.00683	0.01062
24	0.81159	0.01298	0.00986	0.00882	0.01298	0.01505	0.00727	0.01972	0.01142	0.03010	0.00934	0.01090	0.00727	0.00623	0.00415	0.00208	0.00519	0.00363	0.00415	0.00727
25	0.02551	0.01879	0.02014	0.01544	0.02081	0.02081	0.01275	0.69996	0.03155	0.04229	0.01611	0.01611	0.01141	0.00805	0.00671	0.00201	0.00738	0.00604	0.00671	0.01141
26	0.00973	0.00660	0.00778	0.00778	0.00794	0.00676	0.00464	0.01005	0.00989	0.01335	0.02072	0.04157	0.02338	0.66905	0.12790	0.00708	0.00803	0.00942	0.00400	0.00432
27	0.00816	0.00591	0.00771	0.00915	0.00968	0.00547	0.00614	0.00937	0.01304	0.01721	0.03938	0.70596	0.09667	0.02071	0.00852	0.00269	0.00385	0.01869	0.00623	0.00547
28	0.01647	0.01581	0.02700	0.06496	0.69959	0.01591	0.02053	0.02048	0.01522	0.02176	0.01260	0.01665	0.01057	0.00600	0.00664	0.00200	0.00800	0.00598	0.00331	0.01052
29	0.01267	0.01193	0.02013	0.74806	0.04621	0.01491	0.01863	0.01714	0.01342	0.01714	0.01193	0.01789	0.00894	0.00671	0.00671	0.00224	0.00894	0.00596	0.00298	0.00745
30	0.02126	0.02568	0.01953	0.07031	0.02171	0.48403	0.01386	0.02311	0.01616	0.01640	0.01005	0.01324	0.00871	0.00825	0.01057	0.00210	0.21925	0.00488	0.00328	0.00763
31	0.01497	0.01244	0.01488	0.01127	0.01661	0.01072	0.03023	0.04123	0.13023	0.04293	0.05563	0.01827	0.01498	0.00636	0.00564	0.00137	0.00522	0.00530	0.00483	0.55689
32	0.81159	0.01298	0.00986	0.00882	0.01298	0.01505	0.00727	0.01972	0.01142	0.03010	0.00934	0.01090	0.00727	0.00623	0.00415	0.00208	0.00519	0.00363	0.00415	0.00727
33	0.00934	0.00685	0.00875	0.00827	0.00993	0.00626	0.00620	0.01235	0.01861	0.02601	0.65208	0.05160	0.13058	0.01405	0.00792	0.00213	0.00319	0.01234	0.00727	0.00626
34	0.01439	0.01439	0.06554	0.01521	0.09320	0.01093	0.05561	0.01854	0.03862	0.02202	0.01266	0.01488	0.01030	0.00536	0.00550	0.00130	0.00605	0.00464	0.00389	0.58696
35	0.01346	0.03471	0.72942	0.01912	0.02904	0.01558	0.02479	0.02125	0.01417	0.02125	0.01204	0.01417	0.00850	0.00637	0.00637	0.00212	0.00992	0.00496	0.00283	0.00992
36	0.81159	0.01298	0.00986	0.00882	0.01298	0.01505	0.00727	0.01972	0.01142	0.03010	0.00934	0.01090	0.00727	0.00623	0.00415	0.00208	0.00519	0.00363	0.00415	0.00727
37	0.00954	0.00691	0.00962	0.00972	0.01053	0.00767	0.00704	0.01119	0.01063	0.01496	0.02010	0.07918	0.02071	0.24816	0.49314	0.00906	0.01384	0.00868	0.00390	0.00542
38	0.01283	0.01202	0.01993	0.71887	0.04507	0.01498	0.01832	0.01788	0.04112	0.01758	0.01254	0.01817	0.00940	0.00680	0.00671	0.00224	0.00880	0.00603	0.00313	0.00758
39	0.00976	0.00651	0.00732	0.00732	0.00732	0.00651	0.00407	0.00976	0.00976	0.01301	0.02114	0.04391	0.02439	0.76419	0.03415	0.00651	0.00651	0.00976	0.00407	0.00407
40	0.02197	0.01936	0.01645	0.01412	0.01784	0.24765	0.01101	0.19631	0.10099	0.10562	0.01746	0.01909	0.01348	0.03653	0.07757	0.00292	0.00919	0.00599	0.05739	0.00905
41	0.01391	0.01193	0.01391	0.00994	0.01590	0.00894	0.00795	0.01690	0.01391	0.02186	0.01193	0.01391	0.00994	0.00497	0.00497	0.00099	0.00497	0.00398	0.00398	0.80521
42	0.01429	0.01151	0.01360	0.00991	0.01550	0.00878	0.00791	0.01727	0.01455	0.05385	0.06792	0.01715	0.01442	0.00580	0.00528	0.00113	0.00486	0.00474	0.00444	0.70710
43	0.01344	0.01214	0.01992	0.02921	0.45430	0.01200	0.01519	0.01636	0.01436	0.02012	0.02178	0.29615	0.02332	0.01164	0.00737	0.00227	0.00644	0.01090	0.00441	0.00868
44	0.01516	0.01687	0.03565	0.02591	0.03175	0.01626	0.59328	0.02024	0.01549	0.02120	0.04582	0.04981	0.01388	0.00705	0.00888	0.00232	0.05969	0.00843	0.00366	0.00867
45	0.01346	0.03471	0.72942	0.01912	0.02904	0.01558	0.02479	0.02125	0.01417	0.02125	0.01204	0.01417	0.00850	0.00637	0.00637	0.00212	0.00992	0.00496	0.00283	0.00992
46	0.01669	0.01441	0.01517	0.01365	0.01745	0.01669	0.01062	0.03565	0.71021	0.02807	0.02731	0.02503	0.02048	0.00910	0.00683	0.00228	0.00531	0.00759	0.00683	0.01062
47	0.00976	0.00651	0.00732	0.00732	0.00732	0.00651	0.00407	0.00976	0.00976	0.01301	0.02114	0.04391	0.02439	0.76419	0.03415	0.00651	0.00651	0.00976	0.00407	0.00407
48	0.00973	0.00661	0.00783	0.00783	0.00801	0.00678	0.00471	0.01009	0.00991	0.01339	0.02067	0.04131	0.02326	0.65838	0.13841	0.00714	0.00820	0.00938	0.00400	0.00435
49	0.01661	0.01594	0.02724	0.04119	0.72233	0.01594	0.02059	0.02059	0.01528	0.02192	0.01262	0.01661	0.01063	0.00598	0.00664	0.00199	0.00797	0.00598	0.00332	0.01063
50	0.01794	0.76823	0.03516	0.01148	0.01722	0.02655	0.01148	0.02009	0.01363	0.01579	0.00933	0.01076	0.00861	0.00574	0.00431	0.00144	0.00718	0.00359	0.00287	0.00861
51	0.01794	0.76823	0.03516	0.01148	0.01722	0.02655	0.01148	0.02009	0.01363	0.01579	0.00933	0.01076	0.00861	0.00574	0.00431	0.00144	0.00718	0.00359	0.00287	0.00861
52	0.02901	0.01296	0.06273	0.01241	0.01792	0.01024	0.01085	0.03194	0.01887	0.68036	0.02552	0.02227	0.01607	0.00818	0.00672	0.00208	0.00599	0.00663	0.00794	0.01132
53	0.02506	0.03198	0.01901	0.01729	0.02074	0.73725	0.01296	0.02679	0.01901	0.01642	0.01037	0.01210	0.00864	0.00691	0.00605	0.00173	0.01210	0.00432	0.00346	0.00778
54	0.01524	0.14402	0.02306	0.01656	0.01755	0.02158	0.01413	0.01682	0.01085	0.01609	0.00890	0.01401	0.00877	0.01071	0.01898	0.00268	0.62408	0.00548	0.00292	0.00756
55	0.01794	0.76823	0.03516	0.01148	0.01722	0.02655	0.01148	0.02009	0.01363	0.01579	0.00933	0.01076	0.00861	0.00574	0.00431	0.00144	0.00718	0.00359	0.00287	0.00861
56	0.01391	0.01193	0.01391	0.00994	0.01590	0.00894	0.00795	0.01690	0.01391	0.02186	0.01193	0.01391	0.00994	0.00497	0.00497	0.00099	0.00497	0.00398	0.00398	0.80521
57	0.01584	0.01810	0.03959	0.02828	0.03507	0.01697	0.69796	0.02149	0.01584	0.02149	0.01357	0.01810	0.01018	0.00566	0.00792	0.00226	0.01131	0.00792	0.00339	0.00905
58	0.01166	0.00583	0.00874	0.00874	0.00874	0.00583	0.00583	0.00874	0.00874	0.01166	0.01166	0.02040	0.01166	0.02331	0.02622	0.80478	0.00583	0.00583	0.00291	0.00291
59	0.02487	0.01848	0.01978	0.01531	0.02056	0.02051	0.01260	0.65184	0.08070	0.04126	0.01692	0.01676	0.01207	0.00813	0.00672	0.00203	0.00723	0.00615	0.00672	0.01135
60	0.01523	0.16790	0.53663	0.01767	0.02644	0.01765	0.04238	0.04349	0.01483	0.04132	0.01214	0.01398	0.00890	0.00635	0.00606	0.00200	0.00925	0.00488	0.00314	0.00974
61	0.01377	0.03255	0.63970	0.02032	0.02982	0.01576	0.11235	0.02128	0.01438	0.02128	0.01224	0.01468	0.00872	0.00628	0.00658	0.00214	0.01010	0.00534	0.00291	0.00980
62	0.01584	0.01810	0.03959	0.02828	0.03507	0.01697	0.69796	0.02149	0.01584	0.02149	0.01357	0.01810	0.01018	0.00566	0.00792	0.00226	0.01131	0.00792	0.00339	0.00905
63	0.00799	0.00676	0.00690	0.00695	0.00912	0.00568	0.00518	0.00971	0.01530	0.01834	0.08568	0.09274	0.67271	0.01706	0.00796	0.00228	0.00341	0.01430	0.00626	0.00568
64	0.00851	0.00678	0.00763	0.00750	0.00944	0.00590	0.00559	0.01072	0.01654	0.02128	0.30351	0.08790	0.45304	0.01597	0.00795	0.00223	0.00333	0.01363	0.00665	0.00590
65	0.02554	0.01724	0.01890	0.01456	0.01973	0.01869	0.01200	0.57995	0.02911	0.13320	0.01776	0.01741	0.01237	0.00808	0.00663	0.00200	0.00697	0.00615	0.04253	0.01118

[dist]
# distance from previous block
# <min> <max>
0	30

[block]
# block no. 2 follows, 32 sequences, length 168
# corresponding to MSA columns:
# 265-286,288-317,335-369,371-395,409-464
name=unknown_C
#
# <colnr> <probs for GDERKNQSTAVLIFYWHMCP>
#	G	D	E	R	K	N	Q	S	T	A	V	L	I	F	Y	W	H	M	C	P
0	0.02996	0.01165	0.01572	0.01205	0.01724	0.01021	0.00995	0.05378	0.01959	0.70535	0.02614	0.02263	0.01645	0.00830	0.00675	0.00207	0.00576	0.00673	0.00825	0.01142
1	0.21783	0.01919	0.05134	0.02642	0.34060	0.15287	0.03446	0.04286	0.01550	0.02353	0.01148	0.01424	0.00933	0.00629	0.00593	0.00198	0.00821	0.00509	0.00364	0.00919
2	0.00971	0.00648	0.00733	0.00738	0.00739	0.00647	0.00413	0.00974	0.00985	0.01314	0.02164	0.06644	0.02502	0.74080	0.03335	0.00639	0.00642	0.01005	0.00413	0.00411
3	0.01714	0.02034	0.11410	0.03445	0.49024	0.10070	0.08341	0.02149	0.01563	0.02115	0.01237	0.01592	0.01009	0.00611	0.00666	0.00200	0.00901	0.00584	0.00328	0.01006
4	0.00914	0.00649	0.00846	0.00906	0.00989	0.00620	0.00641	0.01097	0.01448	0.01980	0.25013	0.33299	0.04579	0.13924	0.03466	0.00342	0.00472	0.07641	0.00616	0.00559
5	0.09808	0.02960	0.01821	0.01651	0.01991	0.64471	0.01249	0.02576	0.01800	0.01769	0.01022	0.01208	0.00852	0.00702	0.00643	0.00180	0.03743	0.00431	0.00350	0.00772
6	0.67207	0.05956	0.03514	0.01082	0.03770	0.05325	0.00881	0.02019	0.01216	0.02799	0.00959	0.01125	0.00757	0.00623	0.00441	0.00202	0.00591	0.00379	0.00397	0.00757
7	0.00925	0.00695	0.00953	0.04448	0.03656	0.00665	0.00732	0.01156	0.01571	0.02159	0.33301	0.36917	0.06982	0.01652	0.00811	0.00239	0.00394	0.01483	0.00648	0.00612
8	0.01211	0.01269	0.09532	0.01428	0.08055	0.01082	0.01086	0.01954	0.20269	0.02298	0.16471	0.22548	0.07448	0.01304	0.00750	0.00232	0.00518	0.01147	0.00595	0.00803
9	0.00793	0.00680	0.00680	0.00680	0.00906	0.00566	0.00510	0.00963	0.01529	0.01813	0.06797	0.06457	0.71961	0.01699	0.00793	0.00227	0.00340	0.01416	0.00623	0.00566
10	0.60277	0.03713	0.01210	0.01010	0.01429	0.01597	0.00827	0.05173	0.14465	0.02979	0.01303	0.01379	0.00999	0.00684	0.00477	0.00209	0.00537	0.00448	0.00473	0.00812
11	0.01611	0.01615	0.03132	0.12454	0.25924	0.01584	0.34138	0.02087	0.01539	0.04585	0.01345	0.01761	0.01038	0.00597	0.00720	0.00212	0.00950	0.00686	0.00351	0.03669
12	0.01719	0.57659	0.03017	0.01197	0.01680	0.02364	0.01130	0.04395	0.05670	0.01839	0.06848	0.01533	0.01391	0.00713	0.00619	0.00168	0.06363	0.00479	0.00362	0.00855
13	0.01377	0.03264	0.64591	0.02063	0.05127	0.01572	0.08471	0.02125	0.01435	0.02129	0.01220	0.01459	0.00872	0.00630	0.00652	0.00213	0.00998	0.00525	0.00290	0.00986
14	0.00943	0.00680	0.00900	0.00872	0.01007	0.00652	0.00643	0.01216	0.01698	0.02397	0.54108	0.09951	0.05392	0.06464	0.09746	0.00347	0.00521	0.01191	0.00664	0.00609
15	0.01827	0.73391	0.03441	0.01175	0.01739	0.05968	0.01155	0.02040	0.01388	0.01582	0.00938	0.01083	0.00861	0.00580	0.00439	0.00145	0.00741	0.00362	0.00290	0.00857
16	0.00839	0.00691	0.00764	0.00774	0.00980	0.00616	0.00595	0.01033	0.01492	0.01829	0.08258	0.06055	0.56424	0.02081	0.09146	0.00330	0.00527	0.06394	0.00597	0.00576
17	0.01054	0.00764	0.01044	0.01184	0.01345	0.00753	0.01028	0.01350	0.01543	0.01990	0.03855	0.07465	0.10204	0.01839	0.00914	0.00301	0.00592	0.61542	0.00618	0.00613
18	0.01461	0.01457	0.02335	0.38268	0.19234	0.05772	0.10522	0.01930	0.03822	0.01906	0.01360	0.03732	0.01106	0.00841	0.03247	0.00247	0.00928	0.00656	0.00338	0.00840
19	0.01476	0.01496	0.04960	0.40368	0.21603	0.01577	0.11687	0.05063	0.01511	0.02031	0.01254	0.01738	0.00965	0.00642	0.00685	0.00216	0.00900	0.00622	0.00330	0.00877
20	0.01568	0.01287	0.01397	0.01276	0.01618	0.01448	0.00999	0.03091	0.55062	0.04815	0.08784	0.03243	0.05781	0.01049	0.00714	0.00231	0.00511	0.05467	0.00685	0.00975
21	0.01865	0.01463	0.01572	0.01370	0.01777	0.01658	0.01078	0.10393	0.58619	0.08419	0.02609	0.02394	0.01924	0.00893	0.00681	0.00223	0.00556	0.00736	0.00693	0.01076
22	0.00937	0.00688	0.00849	0.03414	0.01111	0.00627	0.00642	0.01150	0.01582	0.04356	0.25713	0.24958	0.28221	0.01645	0.00802	0.00234	0.00373	0.01437	0.00654	0.00606
23	0.01121	0.00717	0.00931	0.00963	0.01101	0.00679	0.00688	0.01410	0.05707	0.09076	0.21173	0.45885	0.04508	0.01715	0.00811	0.00247	0.00397	0.01536	0.00677	0.00658
24	0.00945	0.00686	0.00890	0.00839	0.01000	0.00631	0.00629	0.01257	0.01888	0.02664	0.69905	0.05056	0.08322	0.01382	0.00791	0.00212	0.00317	0.01220	0.00735	0.00631
25	0.00976	0.00651	0.00732	0.00732	0.00732	0.00651	0.00407	0.00976	0.00976	0.01301	0.02114	0.04391	0.02439	0.76419	0.03415	0.00651	0.00651	0.00976	0.00407	0.00407
26	0.01346	0.03471	0.72942	0.01912	0.02904	0.01558	0.02479	0.02125	0.01417	0.02125	0.01204	0.01417	0.00850	0.00637	0.00637	0.00212	0.00992	0.00496	0.00283	0.00992
27	0.00880	0.00683	0.00800	0.00771	0.00960	0.00603	0.00578	0.01131	0.01734	0.02299	0.42828	0.05657	0.35627	0.01518	0.00792	0.00218	0.00327	0.01304	0.00687	0.00603
28	0.00818	0.00584	0.00779	0.00934	0.00973	0.00545	0.00623	0.00934	0.01285	0.01713	0.03698	0.75981	0.04438	0.02102	0.00856	0.00273	0.00389	0.01908	0.00623	0.00545
29	0.01346	0.03471	0.72942	0.01912	0.02904	0.01558	0.02479	0.02125	0.01417	0.02125	0.01204	0.01417	0.00850	0.00637	0.00637	0.00212	0.00992	0.00496	0.00283	0.00992
30	0.01455	0.01384	0.02351	0.41127	0.36835	0.01540	0.01957	0.01879	0.01430	0.01942	0.01226	0.01728	0.00975	0.00636	0.00668	0.00212	0.00848	0.00597	0.00314	0.00897
31	0.02897	0.01136	0.01533	0.01187	0.01690	0.00996	0.00977	0.03211	0.04156	0.68040	0.05020	0.02384	0.01833	0.00852	0.00679	0.00208	0.00561	0.00696	0.00823	0.01122
32	0.01166	0.00583	0.00874	0.00874	0.00874	0.00583	0.00583	0.00874	0.00874	0.01166	0.01166	0.02040	0.01166	0.02331	0.02622	0.80478	0.00583	0.00583	0.00291	0.00291
33	0.04850	0.01314	0.01772	0.01359	0.01880	0.03359	0.06571	0.06982	0.03949	0.57036	0.02392	0.02149	0.01542	0.00800	0.00675	0.00208	0.00643	0.00667	0.00752	0.01098
34	0.01572	0.01375	0.03494	0.01304	0.01656	0.01486	0.01035	0.08141	0.50251	0.02762	0.08276	0.11007	0.02562	0.01068	0.00709	0.00229	0.00527	0.00907	0.00668	0.00972
35	0.01342	0.01269	0.02147	0.61408	0.17436	0.01510	0.01901	0.01780	0.01377	0.01805	0.01206	0.01765	0.00926	0.00657	0.00670	0.00219	0.00876	0.00597	0.00305	0.00806
36	0.02204	0.34441	0.02587	0.01482	0.01925	0.43566	0.01234	0.02395	0.01673	0.01615	0.00993	0.01153	0.00863	0.00642	0.00531	0.00160	0.01001	0.00401	0.00321	0.00813
37	0.01311	0.00684	0.00690	0.00668	0.00842	0.00693	0.00507	0.04758	0.01489	0.02582	0.02162	0.02460	0.01693	0.00783	0.00478	0.00158	0.00333	0.00624	0.76434	0.00649
38	0.02881	0.01219	0.01591	0.01226	0.01734	0.01111	0.01010	0.11585	0.02075	0.61642	0.04942	0.02295	0.01759	0.00846	0.00678	0.00207	0.00583	0.00685	0.00807	0.01124
39	0.00818	0.00584	0.00779	0.00934	0.00973	0.00545	0.00623	0.00934	0.01285	0.01713	0.03698	0.75981	0.04438	0.02102	0.00856	0.00273	0.00389	0.01908	0.00623	0.00545
40	0.00805	0.00680	0.00697	0.00692	0.00914	0.00572	0.00519	0.00986	0.01558	0.01881	0.11849	0.06345	0.66866	0.01674	0.00793	0.00225	0.00338	0.01400	0.00632	0.00572
41	0.01794	0.76823	0.03516	0.01148	0.01722	0.02655	0.01148	0.02009	0.01363	0.01579	0.00933	0.01076	0.00861	0.00574	0.00431	0.00144	0.00718	0.00359	0.00287	0.00861
42	0.01081	0.00772	0.01081	0.01236	0.01390	0.00772	0.01081	0.01390	0.01545	0.02008	0.03553	0.07569	0.03862	0.01854	0.00927	0.00309	0.00618	0.67717	0.00618	0.00618
43	0.01661	0.01594	0.02724	0.04119	0.72233	0.01594	0.02059	0.02059	0.01528	0.02192	0.01262	0.01661	0.01063	0.00598	0.00664	0.00199	0.00797	0.00598	0.00332	0.01063
44	0.00821	0.00681	0.00719	0.00710	0.00924	0.00579	0.00532	0.01018	0.01597	0.01972	0.18610	0.06195	0.60049	0.01640	0.00793	0.00224	0.00336	0.01379	0.00644	0.00579
45	0.01346	0.03471	0.72942	0.01912	0.02904	0.01558	0.02479	0.02125	0.01417	0.02125	0.01204	0.01417	0.00850	0.00637	0.00637	0.00212	0.00992	0.00496	0.00283	0.00992
46	0.00975	0.00652	0.00741	0.00741	0.00744	0.00656	0.00418	0.00982	0.00979	0.01308	0.02106	0.04344	0.02419	0.74500	0.05306	0.00662	0.00681	0.00969	0.00405	0.00412
47	0.81159	0.01298	0.00986	0.00882	0.01298	0.01505	0.00727	0.01972	0.01142	0.03010	0.00934	0.01090	0.00727	0.00623	0.00415	0.00208	0.00519	0.00363	0.00415	0.00727
48	0.00918	0.00685	0.00852	0.00810	0.00983	0.00619	0.00608	0.01204	0.01824	0.02511	0.58552	0.05308	0.19770	0.01439	0.00792	0.00214	0.00321	0.01255	0.00715	0.00619
49	0.01802	0.72419	0.03386	0.01152	0.01708	0.04845	0.01134	0.02018	0.01382	0.01606	0.00970	0.01119	0.00885	0.00583	0.00437	0.00145	0.00722	0.00368	0.02467	0.00852
50	0.02096	0.03903	0.13954	0.01582	0.04464	0.01630	0.03141	0.22229	0.18230	0.16241	0.02126	0.02059	0.03625	0.00815	0.00669	0.00210	0.00700	0.00659	0.00606	0.01063
51	0.04093	0.15532	0.21513	0.01867	0.08952	0.25948	0.01648	0.09093	0.01748	0.02111	0.01141	0.01323	0.00903	0.00657	0.00591	0.00185	0.00961	0.00468	0.00352	0.00913
52	0.81159	0.01298	0.00986	0.00882	0.01298	0.01505	0.00727	0.01972	0.01142	0.03010	0.00934	0.01090	0.00727	0.00623	0.00415	0.00208	0.00519	0.00363	0.00415	0.00727
53	0.01719	0.04816	0.42230	0.01954	0.02718	0.20038	0.10738	0.04325	0.01613	0.02056	0.01187	0.01412	0.00884	0.00646	0.00645	0.00202	0.01051	0.00518	0.00318	0.00928
54	0.00796	0.00669	0.00691	0.00709	0.00914	0.00564	0.00523	0.00960	0.01501	0.01801	0.06439	0.14487	0.64162	0.01746	0.00800	0.00232	0.00346	0.01473	0.00623	0.00564
55	0.00872	0.00630	0.00830	0.00929	0.01016	0.00588	0.00662	0.01057	0.01468	0.01980	0.20194	0.49387	0.07976	0.01885	0.00844	0.00259	0.00391	0.07808	0.00650	0.00574
56	0.00897	0.00645	0.00850	0.00880	0.00991	0.00598	0.00629	0.01134	0.01654	0.02301	0.44706	0.33297	0.05577	0.01663	0.00817	0.00236	0.00346	0.01490	0.00692	0.00598
57	0.02946	0.01245	0.01621	0.01243	0.01764	0.01139	0.01027	0.12614	0.02093	0.63110	0.02502	0.02190	0.01588	0.00827	0.00674	0.00207	0.00594	0.00665	0.00808	0.01142
58	0.01794	0.76823	0.03516	0.01148	0.01722	0.02655	0.01148	0.02009	0.01363	0.01579	0.00933	0.01076	0.00861	0.00574	0.00431	0.00144	0.00718	0.00359	0.00287	0.00861
59	0.00863	0.00682	0.00777	0.00753	0.00949	0.00596	0.00565	0.01099	0.01695	0.02206	0.35985	0.05809	0.42528	0.01552	0.00792	0.00220	0.00329	0.01325	0.00675	0.00596
60	0.00793	0.00680	0.00680	0.00680	0.00906	0.00566	0.00510	0.00963	0.01529	0.01813	0.06797	0.06457	0.71961	0.01699	0.00793	0.00227	0.00340	0.01416	0.00623	0.00566
61	0.01794	0.76823	0.03516	0.01148	0.01722	0.02655	0.01148	0.02009	0.01363	0.01579	0.00933	0.01076	0.00861	0.00574	0.00431	0.00144	0.00718	0.00359	0.00287	0.00861
62	0.02551	0.01879	0.02014	0.01544	0.02081	0.02081	0.01275	0.69996	0.03155	0.04229	0.01611	0.01611	0.01141	0.00805	0.00671	0.00201	0.00738	0.00604	0.00671	0.01141
63	0.01794	0.76823	0.03516	0.01148	0.01722	0.02655	0.01148	0.02009	0.01363	0.01579	0.00933	0.01076	0.00861	0.00574	0.00431	0.00144	0.00718	0.00359	0.00287	0.00861
64	0.02551	0.01879	0.02014	0.01544	0.02081	0.02081	0.01275	0.69996	0.03155	0.04229	0.01611	0.01611	0.01141	0.00805	0.00671	0.00201	0.00738	0.00604	0.00671	0.01141
65	0.01166	0.00583	0.00874	0.00874	0.00874	0.00583	0.00583	0.00874	0.00874	0.01166	0.01166	0.02040	0.01166	0.02331	0.02622	0.80478	0.00583	0.00583	0.00291	0.00291
66	0.01267	0.01193	0.02013	0.74806	0.04621	0.01491	0.01863	0.01714	0.01342	0.01714	0.01193	0.01789	0.00894	0.00671	0.00671	0.00224	0.00894	0.00596	0.00298	0.00745
67	0.00818	0.00584	0.00779	0.00934	0.00973	0.00545	0.00623	0.00934	0.01285	0.01713	0.03698	0.75981	0.04438	0.02102	0.00856	0.00273	0.00389	0.01908	0.00623	0.00545
68	0.01166	0.00583	0.00874	0.00874	0.00874	0.00583	0.00583	0.00874	0.00874	0.01166	0.01166	0.02040	0.01166	0.02331	0.02622	0.80478	0.00583	0.00583	0.00291	0.00291
69	0.01391	0.01193	0.01391	0.00994	0.01590	0.00894	0.00795	0.01690	0.01391	0.02186	0.01193	0.01391	0.00994	0.00497	0.00497	0.00099	0.00497	0.00398	0.00398	0.80521
70	0.02664	0.01740	0.01896	0.01463	0.01989	0.04188	0.01204	0.51165	0.02806	0.21172	0.01850	0.01765	0.01261	0.00808	0.00670	0.00202	0.00712	0.00616	0.00700	0.01129
71	0.78504	0.01275	0.00974	0.00874	0.01280	0.01476	0.00718	0.01959	0.01151	0.02994	0.00976	0.01137	0.00760	0.00628	0.00417	0.00206	0.00512	0.00372	0.03063	0.00723
72	0.01794	0.76823	0.03516	0.01148	0.01722	0.02655	0.01148	0.02009	0.01363	0.01579	0.00933	0.01076	0.00861	0.00574	0.00431	0.00144	0.00718	0.00359	0.00287	0.00861
73	0.01661	0.01594	0.02724	0.04119	0.72233	0.01594	0.02059	0.02059	0.01528	0.02192	0.01262	0.01661	0.01063	0.00598	0.00664	0.00199	0.00797	0.00598	0.00332	0.01063
74	0.01286	0.01211	0.02046	0.71506	0.07778	0.01496	0.01873	0.01730	0.01350	0.01737	0.01196	0.01783	0.00902	0.00667	0.00671	0.00222	0.00890	0.00596	0.00300	0.00760
75	0.00862	0.00647	0.00937	0.01032	0.01105	0.00606	0.03867	0.01006	0.01307	0.01743	0.03584	0.70295	0.04259	0.02022	0.00856	0.00272	0.00431	0.03994	0.00609	0.00564
76	0.01081	0.00772	0.01081	0.01236	0.01390	0.00772	0.01081	0.01390	0.01545	0.02008	0.03553	0.07569	0.03862	0.01854	0.00927	0.00309	0.00618	0.67717	0.00618	0.00618
77	0.01280	0.01108	0.01746	0.02366	0.34107	0.01080	0.01296	0.01635	0.01727	0.02459	0.39060	0.03455	0.03883	0.01012	0.00732	0.00206	0.00540	0.00927	0.00550	0.00833
78	0.01794	0.76823	0.03516	0.01148	0.01722	0.02655	0.01148	0.02009	0.01363	0.01579	0.00933	0.01076	0.00861	0.00574	0.00431	0.00144	0.00718	0.00359	0.00287	0.00861
79	0.01661	0.01594	0.02724	0.04119	0.72233	0.01594	0.02059	0.02059	0.01528	0.02192	0.01262	0.01661	0.01063	0.00598	0.00664	0.00199	0.00797	0.00598	0.00332	0.01063
80	0.01593	0.05295	0.03939	0.02750	0.03424	0.01741	0.66607	0.02143	0.01573	0.02123	0.01338	0.01776	0.01011	0.00566	0.00775	0.00222	0.01112	0.00772	0.00337	0.00903
81	0.00950	0.00686	0.00897	0.00844	0.01002	0.00633	0.00633	0.01266	0.01899	0.02691	0.71879	0.05012	0.06331	0.01372	0.00791	0.00211	0.00317	0.01213	0.00739	0.00633
82	0.00959	0.00719	0.01078	0.01078	0.01198	0.00839	0.00839	0.01198	0.01078	0.01558	0.01797	0.02636	0.01677	0.05032	0.73760	0.01078	0.01797	0.00719	0.00359	0.00599
83	0.01267	0.01193	0.02013	0.74806	0.04621	0.01491	0.01863	0.01714	0.01342	0.01714	0.01193	0.01789	0.00894	0.00671	0.00671	0.00224	0.00894	0.00596	0.00298	0.00745
84	0.02378	0.12310	0.02141	0.01767	0.05290	0.61507	0.01313	0.02567	0.01817	0.01660	0.01035	0.01214	0.00873	0.00672	0.00586	0.00170	0.01129	0.00431	0.00338	0.00801
85	0.00838	0.00586	0.00771	0.00920	0.00964	0.00549	0.00616	0.00964	0.01290	0.01749	0.03628	0.72568	0.04312	0.02041	0.00838	0.00267	0.00386	0.01848	0.04317	0.00549
86	0.02276	0.01590	0.01735	0.04899	0.04193	0.06921	0.01179	0.19057	0.26058	0.21487	0.02199	0.02078	0.01558	0.00827	0.00671	0.00211	0.00666	0.00663	0.00665	0.01066
87	0.02059	0.02005	0.05057	0.01512	0.01955	0.16148	0.01232	0.21271	0.35652	0.02927	0.02019	0.01954	0.01511	0.00826	0.00662	0.00209	0.00744	0.00639	0.00594	0.01023
88	0.00950	0.00686	0.00897	0.00844	0.01002	0.00633	0.00633	0.01266	0.01899	0.02691	0.71879	0.05012	0.06331	0.01372	0.00791	0.00211	0.00317	0.01213	0.00739	0.00633
89	0.01692	0.01460	0.01586	0.01498	0.05039	0.01676	0.01114	0.05226	0.66014	0.02815	0.02633	0.02441	0.01979	0.00893	0.00682	0.00226	0.00549	0.00747	0.00666	0.01064
90	0.02089	0.11871	0.05725	0.02002	0.08772	0.01683	0.20763	0.14318	0.01885	0.18198	0.01610	0.01731	0.01158	0.00671	0.00663	0.00198	0.00815	0.00625	0.00500	0.04723
91	0.02274	0.01948	0.17135	0.01795	0.07270	0.01549	0.07005	0.22525	0.03967	0.24929	0.01834	0.01824	0.01251	0.00746	0.00675	0.00208	0.00770	0.00622	0.00588	0.01083
92	0.01862	0.69904	0.03371	0.01194	0.01755	0.05946	0.01161	0.05199	0.01472	0.01705	0.00969	0.01107	0.00874	0.00590	0.00450	0.00148	0.00742	0.00374	0.00308	0.00870
93	0.00818	0.00584	0.00779	0.00934	0.00973	0.00545	0.00623	0.00934	0.01285	0.01713	0.03698	0.75981	0.04438	0.02102	0.00856	0.00273	0.00389	0.01908	0.00623	0.00545
94	0.01712	0.48713	0.20783	0.01452	0.02116	0.06588	0.04412	0.02128	0.03359	0.01778	0.01075	0.01241	0.00898	0.00606	0.00515	0.00168	0.00828	0.00427	0.00303	0.00896
95	0.01615	0.01347	0.01492	0.01420	0.04936	0.01516	0.01050	0.03195	0.57253	0.04810	0.09094	0.02810	0.04569	0.00960	0.00695	0.00224	0.00519	0.00811	0.00674	0.01010
