[name]
unknown

[dist]
# distance from previous block
# <min> <max>
0	19

[block]
# block no. 0 follows, 34 sequences, length 66
# corresponding to MSA columns:
# 19-84
name=unknown_A
#
# <colnr> <probs for GDERKNQSTAVLIFYWHMCP>
#	G	D	E	R	K	N	Q	S	T	A	V	L	I	F	Y	W	H	M	C	P
0	0.04726	0.01487	0.01689	0.08190	0.10497	0.11359	0.02592	0.18311	0.01788	0.04200	0.04168	0.08302	0.01624	0.01526	0.12513	0.00339	0.02776	0.02635	0.00461	0.00816
1	0.00937	0.00648	0.00798	0.00822	0.00956	0.00595	0.00585	0.01103	0.01398	0.05649	0.15917	0.29534	0.23430	0.08399	0.05903	0.00319	0.00471	0.01373	0.00595	0.00568
2	0.01010	0.00625	0.00861	0.00896	0.00940	0.00635	0.00614	0.03077	0.01074	0.01449	0.02095	0.26459	0.02324	0.09445	0.12289	0.33648	0.00678	0.01028	0.00415	0.00437
3	0.04170	0.01578	0.03627	0.01309	0.01697	0.10644	0.03708	0.26090	0.04035	0.04795	0.04069	0.07557	0.01533	0.03868	0.00923	0.08392	0.00688	0.00670	0.00503	0.10143
4	0.00974	0.00682	0.00892	0.03007	0.01083	0.00694	0.00655	0.01180	0.03453	0.04199	0.10548	0.25651	0.07605	0.18308	0.17579	0.00496	0.00740	0.01180	0.00512	0.00560
5	0.00908	0.00653	0.00735	0.00738	0.00886	0.00583	0.00516	0.01045	0.01369	0.04635	0.11436	0.16093	0.37566	0.18387	0.01327	0.00313	0.00408	0.01293	0.00573	0.00537
6	0.01257	0.00988	0.01193	0.01189	0.04889	0.06691	0.03264	0.02962	0.03073	0.04301	0.01844	0.04767	0.01717	0.16539	0.30292	0.00602	0.01069	0.00730	0.11999	0.00633
7	0.01178	0.00729	0.00954	0.00920	0.01011	0.00737	0.00643	0.08570	0.01233	0.01666	0.05160	0.16447	0.02073	0.08530	0.04490	0.41054	0.00575	0.00866	0.00416	0.02747
8	0.00958	0.00718	0.01013	0.01002	0.01082	0.00825	0.00749	0.01110	0.01034	0.01461	0.01947	0.07399	0.04022	0.15917	0.47343	0.04943	0.06763	0.00808	0.00369	0.00537
9	0.00973	0.00682	0.00800	0.00830	0.00929	0.00654	0.00557	0.03313	0.03452	0.03786	0.03517	0.33486	0.16398	0.25781	0.01581	0.00364	0.00466	0.01352	0.00543	0.00537
10	0.01230	0.01162	0.01940	0.71953	0.04309	0.01463	0.01775	0.01646	0.01277	0.01646	0.01133	0.01707	0.00861	0.00671	0.00721	0.00219	0.04710	0.00574	0.00287	0.00717
11	0.01478	0.01230	0.01414	0.01023	0.01590	0.01003	0.00823	0.10223	0.01550	0.02349	0.01198	0.01366	0.00975	0.00515	0.00499	0.00108	0.00507	0.00407	0.00415	0.71327
12	0.00833	0.00605	0.00708	0.00774	0.00853	0.00559	0.00511	0.00935	0.01224	0.01592	0.03908	0.36731	0.21934	0.21774	0.01449	0.00344	0.00427	0.01438	0.02901	0.00497
13	0.00817	0.00643	0.00728	0.00745	0.00908	0.00566	0.00544	0.00998	0.01486	0.01892	0.20019	0.16855	0.42298	0.05503	0.00906	0.00245	0.00353	0.03333	0.00613	0.00550
14	0.01599	0.01535	0.02623	0.03966	0.73262	0.01535	0.01983	0.01983	0.01471	0.02111	0.01215	0.01599	0.01023	0.00576	0.00640	0.00192	0.00768	0.00576	0.00320	0.01023
15	0.01122	0.00561	0.00842	0.00842	0.00842	0.00561	0.00561	0.00842	0.00842	0.01122	0.01122	0.01964	0.01122	0.02245	0.02525	0.81201	0.00561	0.00561	0.00281	0.00281
16	0.00908	0.00623	0.00712	0.00727	0.00753	0.00608	0.00431	0.00945	0.01047	0.01385	0.05227	0.12572	0.08046	0.60237	0.02725	0.00539	0.00563	0.01081	0.00443	0.00426
17	0.00787	0.00562	0.00750	0.00900	0.00937	0.00525	0.00600	0.00900	0.01237	0.01649	0.03561	0.76871	0.04274	0.02024	0.00825	0.00262	0.00375	0.01837	0.00600	0.00525
18	0.01309	0.01278	0.01948	0.51417	0.03553	0.03459	0.01665	0.01645	0.01214	0.01620	0.01054	0.01615	0.00857	0.00793	0.01091	0.00235	0.23678	0.00568	0.00287	0.00715
19	0.01547	0.01390	0.02261	0.18294	0.30162	0.01523	0.07589	0.02073	0.09123	0.06163	0.03430	0.01831	0.01245	0.00721	0.00833	0.00214	0.09688	0.00628	0.00385	0.00901
20	0.01429	0.01169	0.01245	0.01135	0.01394	0.01321	0.00837	0.04602	0.48562	0.02302	0.02419	0.02937	0.02062	0.24037	0.01455	0.00342	0.00552	0.00790	0.00577	0.00834
21	0.01607	0.01388	0.01461	0.01315	0.01680	0.01607	0.01023	0.03433	0.72094	0.02703	0.02630	0.02411	0.01972	0.00877	0.00657	0.00219	0.00511	0.00731	0.00657	0.01023
22	0.08530	0.01690	0.02317	0.18836	0.25541	0.13178	0.11145	0.01977	0.01428	0.01945	0.01124	0.01516	0.00910	0.00645	0.00740	0.00204	0.06558	0.00555	0.00320	0.00840
23	0.00839	0.00599	0.00809	0.00959	0.01019	0.00570	0.00690	0.00989	0.01288	0.01707	0.03533	0.62654	0.04160	0.01975	0.00839	0.00270	0.00420	0.15542	0.00599	0.00539
24	0.01349	0.00742	0.00757	0.00705	0.00898	0.00765	0.00542	0.09570	0.01550	0.02602	0.02043	0.02310	0.01592	0.00755	0.00474	0.00156	0.00349	0.00600	0.71583	0.00660
25	0.01296	0.03342	0.73944	0.01842	0.02797	0.01501	0.02387	0.02046	0.01364	0.02046	0.01160	0.01364	0.00818	0.00614	0.00614	0.00205	0.00955	0.00477	0.00273	0.00955
26	0.00787	0.00562	0.00750	0.00900	0.00937	0.00525	0.00600	0.00900	0.01237	0.01649	0.03561	0.76871	0.04274	0.02024	0.00825	0.00262	0.00375	0.01837	0.00600	0.00525
27	0.01525	0.01743	0.03813	0.02723	0.03377	0.01634	0.70915	0.02070	0.01525	0.02070	0.01307	0.01743	0.00980	0.00545	0.00763	0.00218	0.01089	0.00763	0.00327	0.00871
28	0.01220	0.01148	0.01938	0.75739	0.04450	0.01436	0.01794	0.01651	0.01292	0.01651	0.01148	0.01723	0.00861	0.00646	0.00646	0.00215	0.00861	0.00574	0.00287	0.00718
29	0.00772	0.00646	0.00672	0.00684	0.00883	0.00546	0.00506	0.00937	0.01465	0.01771	0.08964	0.12898	0.63722	0.01661	0.00769	0.00222	0.00331	0.01401	0.00605	0.00546
30	0.01176	0.00608	0.00628	0.00623	0.00774	0.00603	0.00467	0.01477	0.01401	0.02427	0.09053	0.02646	0.02092	0.00809	0.00482	0.00156	0.00301	0.00658	0.73017	0.00603
31	0.00923	0.00692	0.01038	0.01038	0.01154	0.00808	0.00808	0.01154	0.01038	0.01500	0.01731	0.02538	0.01615	0.04846	0.74732	0.01038	0.01731	0.00692	0.00346	0.00577
32	0.81856	0.01250	0.00950	0.00850	0.01250	0.01449	0.00700	0.01899	0.01100	0.02899	0.00900	0.01050	0.00700	0.00600	0.00400	0.00200	0.00500	0.00350	0.00400	0.00700
33	0.01691	0.06966	0.26646	0.01804	0.11926	0.01359	0.04667	0.02144	0.01490	0.17149	0.05361	0.01852	0.01381	0.00718	0.00688	0.00197	0.04580	0.00584	0.07877	0.00919
34	0.01444	0.01229	0.01712	0.05733	0.14538	0.03613	0.05935	0.01766	0.01488	0.06435	0.10378	0.03897	0.01856	0.00742	0.00614	0.00164	0.00604	0.04106	0.00443	0.33304
35	0.02013	0.06414	0.01793	0.07192	0.01950	0.01454	0.03545	0.27774	0.02120	0.16312	0.10280	0.02090	0.01769	0.02400	0.00686	0.00193	0.00627	0.00641	0.00583	0.10164
36	0.81856	0.01250	0.00950	0.00850	0.01250	0.01449	0.00700	0.01899	0.01100	0.02899	0.00900	0.01050	0.00700	0.00600	0.00400	0.00200	0.00500	0.00350	0.00400	0.00700
37	0.02512	0.01039	0.01376	0.01097	0.01523	0.00943	0.00890	0.02848	0.05833	0.57471	0.02454	0.02318	0.01653	0.03725	0.05223	0.00263	0.00604	0.00664	0.06562	0.01003
38	0.05661	0.01272	0.01648	0.03649	0.04309	0.01170	0.07101	0.12256	0.03880	0.04933	0.01530	0.08373	0.01325	0.00709	0.00579	0.00157	0.00585	0.00611	0.00457	0.39795
39	0.01220	0.01148	0.01938	0.75739	0.04450	0.01436	0.01794	0.01651	0.01292	0.01651	0.01148	0.01723	0.00861	0.00646	0.00646	0.00215	0.00861	0.00574	0.00287	0.00718
40	0.01655	0.03193	0.01422	0.01207	0.01552	0.01428	0.00946	0.09411	0.43978	0.08035	0.02566	0.02571	0.05404	0.05058	0.05697	0.00286	0.00608	0.00736	0.03313	0.00931
41	0.01215	0.01033	0.01560	0.12859	0.17218	0.01089	0.03583	0.05753	0.02929	0.01974	0.04042	0.27026	0.05963	0.03173	0.02394	0.00252	0.02832	0.01070	0.03305	0.00728
42	0.13755	0.06025	0.03783	0.03811	0.08569	0.09227	0.11178	0.02349	0.01555	0.25692	0.01732	0.06649	0.01334	0.00756	0.00618	0.00199	0.00723	0.00644	0.00506	0.00895
43	0.00941	0.00697	0.00882	0.00829	0.00996	0.00657	0.00624	0.01315	0.05401	0.02547	0.65390	0.04785	0.09853	0.01317	0.00757	0.00205	0.00317	0.01158	0.00702	0.00627
44	0.01333	0.05838	0.64944	0.01897	0.02810	0.01550	0.08684	0.02044	0.01377	0.02030	0.01164	0.01388	0.00834	0.00605	0.00621	0.00203	0.00958	0.00499	0.00278	0.00943
45	0.01320	0.01399	0.09939	0.25944	0.05062	0.05221	0.01395	0.01757	0.05670	0.04545	0.03760	0.02487	0.01537	0.09219	0.09897	0.00360	0.04527	0.04851	0.00381	0.00729
46	0.02430	0.01797	0.01925	0.01481	0.01994	0.01992	0.01222	0.69049	0.05139	0.04030	0.01584	0.01577	0.01125	0.00779	0.00647	0.00195	0.00705	0.00586	0.00647	0.01097
47	0.00787	0.00562	0.00750	0.00900	0.00937	0.00525	0.00600	0.00900	0.01237	0.01649	0.03561	0.76871	0.04274	0.02024	0.00825	0.00262	0.00375	0.01837	0.00600	0.00525
48	0.03787	0.01587	0.11785	0.15573	0.03740	0.12170	0.01296	0.01756	0.04875	0.01892	0.06706	0.09527	0.01999	0.04095	0.05066	0.00279	0.02280	0.07593	0.03278	0.00715
49	0.01288	0.01104	0.01650	0.03273	0.01742	0.04934	0.15166	0.05565	0.01465	0.05568	0.02550	0.37472	0.02742	0.01526	0.03403	0.00270	0.03749	0.05333	0.00513	0.00689
50	0.02456	0.01810	0.01939	0.01487	0.02004	0.02004	0.01228	0.71107	0.03038	0.04072	0.01551	0.01551	0.01099	0.00776	0.00646	0.00194	0.00711	0.00582	0.00646	0.01099
51	0.01418	0.01383	0.02261	0.42964	0.31152	0.03940	0.04043	0.01825	0.01387	0.01841	0.01175	0.01656	0.00927	0.00616	0.00645	0.00205	0.00842	0.00575	0.00303	0.00843
52	0.02032	0.03872	0.01949	0.13058	0.06315	0.24150	0.03648	0.24480	0.04565	0.02544	0.04234	0.01640	0.01214	0.00723	0.00625	0.00188	0.00855	0.00559	0.02471	0.00879
53	0.03930	0.01324	0.06355	0.03802	0.01781	0.01084	0.03827	0.08181	0.01585	0.11795	0.06017	0.04240	0.03003	0.00712	0.00616	0.00157	0.02439	0.00585	0.00479	0.38087
54	0.01615	0.18135	0.13323	0.09147	0.02399	0.11847	0.11918	0.04701	0.05078	0.01888	0.01250	0.03401	0.01040	0.00812	0.02876	0.00216	0.06053	0.00555	0.00340	0.03406
55	0.00773	0.00652	0.00670	0.00671	0.00880	0.00549	0.00501	0.00944	0.01486	0.01792	0.10353	0.08311	0.66955	0.01630	0.00765	0.00219	0.00327	0.01367	0.00607	0.00549
56	0.01593	0.01496	0.02630	0.12215	0.55050	0.01513	0.09353	0.01995	0.01469	0.04599	0.01265	0.01651	0.01020	0.00589	0.00654	0.00198	0.00806	0.00598	0.00334	0.00974
57	0.01620	0.04102	0.10496	0.09812	0.08392	0.10638	0.13810	0.06632	0.12297	0.02133	0.02998	0.01911	0.01281	0.00761	0.00798	0.00212	0.07855	0.02984	0.00399	0.00868
58	0.00847	0.00606	0.00816	0.00950	0.01019	0.00574	0.00688	0.01011	0.01332	0.01777	0.08808	0.57655	0.04303	0.01924	0.00833	0.00265	0.00413	0.15029	0.00607	0.00545
59	0.00853	0.00669	0.00807	0.00804	0.00954	0.00623	0.00594	0.01062	0.01551	0.02056	0.32121	0.18870	0.30611	0.01565	0.00827	0.00223	0.03260	0.01345	0.00632	0.00573
60	0.04985	0.03620	0.01575	0.08149	0.04517	0.05719	0.02792	0.12695	0.06918	0.12143	0.07327	0.06533	0.01938	0.03352	0.05690	0.00275	0.03128	0.04182	0.03641	0.00823
61	0.01175	0.07194	0.10049	0.01171	0.01415	0.03734	0.01046	0.01429	0.01232	0.01707	0.04820	0.02909	0.10421	0.08768	0.18252	0.00444	0.14355	0.03502	0.05722	0.00654
62	0.00833	0.00620	0.00888	0.00990	0.01059	0.00582	0.03351	0.00974	0.01265	0.01685	0.03465	0.69299	0.04109	0.01951	0.00827	0.00263	0.00417	0.06291	0.00589	0.00543
63	0.02141	0.29277	0.02409	0.01557	0.04636	0.46475	0.01227	0.02330	0.01635	0.01580	0.00972	0.01137	0.00839	0.00623	0.00526	0.00157	0.00983	0.00397	0.00313	0.00788
64	0.04367	0.27186	0.28589	0.07787	0.06651	0.04662	0.03414	0.02072	0.03622	0.04409	0.01160	0.01354	0.00903	0.00609	0.00550	0.00182	0.00817	0.00463	0.00317	0.00886
65	0.01324	0.00817	0.01030	0.03954	0.01260	0.00784	0.00731	0.04113	0.01579	0.15657	0.18097	0.16085	0.21386	0.06166	0.00955	0.00246	0.03361	0.01146	0.00625	0.00685

[dist]
# distance from previous block
# <min> <max>
3	9

[block]
# block no. 1 follows, 34 sequences, length 77
# corresponding to MSA columns:
# 106-124,131-188
name=unknown_B
#
# <colnr> <probs for GDERKNQSTAVLIFYWHMCP>
#	G	D	E	R	K	N	Q	S	T	A	V	L	I	F	Y	W	H	M	C	P
0	0.01728	0.01995	0.11347	0.01388	0.01785	0.21338	0.01195	0.13039	0.14983	0.02264	0.02225	0.09075	0.07540	0.04084	0.00768	0.00222	0.00761	0.02943	0.00492	0.00827
1	0.03867	0.07882	0.17223	0.07584	0.10974	0.01273	0.07605	0.01658	0.01322	0.03856	0.01819	0.17128	0.01789	0.04449	0.06557	0.00296	0.00807	0.02748	0.00390	0.00772
2	0.01423	0.05978	0.08525	0.31749	0.16293	0.01372	0.03269	0.01810	0.01376	0.07757	0.01553	0.07901	0.01341	0.00954	0.03740	0.00245	0.00811	0.02718	0.00372	0.00814
3	0.01644	0.07761	0.24628	0.06585	0.10034	0.05203	0.05533	0.11945	0.03982	0.06079	0.02996	0.03795	0.01231	0.00932	0.04631	0.00243	0.00867	0.00595	0.00402	0.00913
4	0.01112	0.00792	0.00832	0.00801	0.00999	0.03637	0.00585	0.01264	0.01441	0.09682	0.08140	0.11715	0.39730	0.13522	0.01152	0.00284	0.00443	0.02692	0.00584	0.00593
5	0.01144	0.00831	0.01086	0.01023	0.01216	0.00818	0.02869	0.01493	0.08115	0.07738	0.15074	0.32596	0.11460	0.01469	0.00834	0.00229	0.04942	0.01280	0.00601	0.05183
6	0.04093	0.05247	0.23539	0.03794	0.06790	0.07289	0.06252	0.05047	0.08470	0.03996	0.03499	0.01671	0.01198	0.00893	0.04278	0.00236	0.05435	0.00554	0.00383	0.07338
7	0.07652	0.02928	0.14181	0.24603	0.10004	0.01405	0.03853	0.01695	0.01259	0.01869	0.01273	0.04697	0.01087	0.01185	0.08973	0.00303	0.07986	0.00598	0.00321	0.04126
8	0.06420	0.01266	0.01573	0.01211	0.01710	0.01209	0.01001	0.18316	0.02081	0.54862	0.02250	0.02001	0.01446	0.00785	0.00638	0.00199	0.00584	0.00621	0.00747	0.01081
9	0.00965	0.00678	0.00819	0.00779	0.00969	0.00602	0.00586	0.01208	0.01677	0.06185	0.42298	0.08478	0.29498	0.01436	0.00759	0.00211	0.00330	0.01240	0.00672	0.00610
10	0.08014	0.04558	0.05030	0.12696	0.10260	0.08301	0.01280	0.08429	0.01503	0.06456	0.01715	0.02228	0.05835	0.06789	0.03375	0.00268	0.09206	0.02863	0.00409	0.00784
11	0.01424	0.01196	0.01283	0.01158	0.01477	0.01330	0.00898	0.05526	0.49145	0.02617	0.14052	0.03247	0.11808	0.01040	0.00687	0.00216	0.00463	0.00875	0.00658	0.00899
12	0.00914	0.00687	0.00849	0.00811	0.00979	0.00638	0.00607	0.01252	0.04743	0.02416	0.55958	0.07899	0.17066	0.01384	0.00760	0.00209	0.00320	0.01210	0.00686	0.00613
13	0.00962	0.00738	0.01002	0.01012	0.01163	0.00701	0.04607	0.04771	0.01445	0.01909	0.06042	0.42458	0.16374	0.01711	0.00795	0.00247	0.00447	0.09850	0.03173	0.00592
14	0.01274	0.01246	0.01750	0.23568	0.06826	0.07670	0.09345	0.01685	0.05939	0.01885	0.09085	0.15802	0.07244	0.01042	0.00743	0.00219	0.02584	0.00933	0.00441	0.00719
15	0.01362	0.00944	0.01084	0.00974	0.01210	0.03986	0.00742	0.01897	0.13690	0.12014	0.45290	0.03882	0.04400	0.04631	0.00838	0.00223	0.00424	0.00982	0.00683	0.00741
16	0.01599	0.01535	0.02623	0.03966	0.73262	0.01535	0.01983	0.01983	0.01471	0.02111	0.01215	0.01599	0.01023	0.00576	0.00640	0.00192	0.00768	0.00576	0.00320	0.01023
17	0.01556	0.01481	0.02433	0.11902	0.52139	0.02963	0.05149	0.03922	0.01499	0.02110	0.03244	0.01722	0.01159	0.00631	0.00681	0.00197	0.02739	0.00599	0.02928	0.00944
18	0.00770	0.00655	0.00664	0.00662	0.00877	0.00548	0.00496	0.00940	0.01488	0.01783	0.09467	0.06157	0.70055	0.01623	0.00764	0.00218	0.00326	0.01355	0.00605	0.00548
19	0.02197	0.07192	0.02053	0.02018	0.14557	0.52435	0.01360	0.04386	0.04617	0.01786	0.01113	0.01295	0.00920	0.00655	0.00587	0.00172	0.01027	0.00457	0.00349	0.00823
20	0.01473	0.01249	0.01418	0.04070	0.01687	0.02952	0.00869	0.10529	0.01563	0.02298	0.01341	0.05923	0.01168	0.00621	0.00530	0.00125	0.00536	0.00504	0.00425	0.60717
21	0.01555	0.03664	0.02182	0.06635	0.30948	0.05283	0.06671	0.02306	0.20534	0.02136	0.01713	0.01947	0.02800	0.00963	0.05207	0.00255	0.03219	0.00640	0.00416	0.00928
22	0.01224	0.00738	0.00901	0.00825	0.01064	0.00652	0.00633	0.01450	0.01631	0.15632	0.26797	0.07805	0.32240	0.01522	0.03726	0.00245	0.00421	0.01158	0.00663	0.00671
23	0.01414	0.01414	0.01979	0.01696	0.01696	0.01979	0.01414	0.01555	0.00990	0.01555	0.00848	0.01414	0.00848	0.01131	0.02120	0.00283	0.76110	0.00565	0.00283	0.00707
24	0.04639	0.03220	0.01339	0.07944	0.01680	0.01001	0.00846	0.03832	0.04279	0.02108	0.05972	0.02169	0.06887	0.04726	0.02761	0.00190	0.00551	0.00578	0.00427	0.44850
25	0.08332	0.31191	0.03182	0.05192	0.02477	0.01965	0.29956	0.04890	0.01468	0.03947	0.01151	0.01414	0.00915	0.00574	0.00584	0.00184	0.00845	0.00547	0.00338	0.00849
26	0.00940	0.00626	0.00705	0.00705	0.00705	0.00626	0.00392	0.00940	0.00940	0.01253	0.02036	0.04228	0.02349	0.77292	0.03289	0.00626	0.00626	0.00940	0.00392	0.00392
27	0.07832	0.01039	0.03205	0.00996	0.01366	0.00917	0.00811	0.04825	0.03932	0.26858	0.16519	0.05469	0.10687	0.04497	0.00776	0.00215	0.00480	0.00834	0.00641	0.08101
28	0.03838	0.04462	0.05159	0.18614	0.27837	0.01401	0.04366	0.05479	0.01502	0.02102	0.04571	0.02207	0.05200	0.00739	0.00640	0.00196	0.00723	0.03749	0.00378	0.06837
29	0.02239	0.01655	0.01719	0.01386	0.01819	0.06660	0.01115	0.49285	0.04552	0.09344	0.01901	0.11876	0.01580	0.00943	0.00667	0.00203	0.00677	0.00751	0.00632	0.00995
30	0.00940	0.00626	0.00705	0.00705	0.00705	0.00626	0.00392	0.00940	0.00940	0.01253	0.02036	0.04228	0.02349	0.77292	0.03289	0.00626	0.00626	0.00940	0.00392	0.00392
31	0.56855	0.01304	0.01189	0.04100	0.01534	0.01474	0.00850	0.10030	0.05760	0.09806	0.01250	0.01330	0.00917	0.00658	0.00478	0.00201	0.00545	0.00438	0.00478	0.00805
32	0.01543	0.01507	0.05001	0.25135	0.26917	0.05409	0.03418	0.04151	0.09615	0.04395	0.05422	0.01900	0.01368	0.00692	0.00650	0.00203	0.00770	0.00621	0.00395	0.00889
33	0.01221	0.00634	0.00637	0.00631	0.00791	0.00643	0.00475	0.01584	0.04243	0.02421	0.02129	0.02409	0.01669	0.00758	0.00460	0.00153	0.00310	0.00607	0.77604	0.00619
34	0.01039	0.00684	0.00854	0.00818	0.01001	0.00612	0.00610	0.01276	0.01656	0.08679	0.40152	0.15653	0.21623	0.01455	0.00762	0.00215	0.00343	0.01268	0.00676	0.00626
35	0.01341	0.08942	0.54095	0.01740	0.02546	0.01548	0.06198	0.02086	0.07043	0.02036	0.01400	0.05679	0.01116	0.00705	0.00622	0.00204	0.00874	0.00581	0.00326	0.00921
36	0.08053	0.01334	0.02224	0.04156	0.06406	0.01452	0.23164	0.05532	0.03142	0.02049	0.01662	0.15876	0.01610	0.01147	0.03994	0.00268	0.15901	0.00862	0.00401	0.00767
37	0.00770	0.00650	0.00666	0.00671	0.00879	0.00547	0.00500	0.00935	0.01473	0.01768	0.08539	0.09583	0.67529	0.01645	0.00767	0.00220	0.00329	0.01380	0.00604	0.00547
38	0.01120	0.00613	0.00913	0.00899	0.00909	0.00650	0.00623	0.00902	0.00865	0.01175	0.01160	0.01985	0.01150	0.02407	0.08497	0.70644	0.04304	0.00572	0.00286	0.00326
39	0.54535	0.01373	0.01229	0.01038	0.01465	0.01556	0.00851	0.16775	0.07438	0.06549	0.01261	0.01325	0.00933	0.00670	0.00486	0.00200	0.00548	0.00445	0.00493	0.00831
40	0.00923	0.00692	0.01038	0.01038	0.01154	0.00808	0.00808	0.01154	0.01038	0.01500	0.01731	0.02538	0.01615	0.04846	0.74732	0.01038	0.01731	0.00692	0.00346	0.00577
41	0.01396	0.04926	0.05779	0.39010	0.28674	0.01546	0.03858	0.01811	0.01359	0.01838	0.01158	0.01622	0.00919	0.00625	0.00675	0.00205	0.02888	0.00565	0.00299	0.00848
42	0.01521	0.01613	0.02963	0.18046	0.03271	0.04930	0.41792	0.04901	0.04941	0.02051	0.01405	0.01950	0.01107	0.00665	0.00765	0.00219	0.03230	0.03438	0.00357	0.00834
43	0.00798	0.00570	0.00762	0.00911	0.00953	0.00534	0.00618	0.00917	0.01247	0.01661	0.03556	0.74051	0.04251	0.02015	0.00827	0.00264	0.00384	0.04555	0.00600	0.00528
44	0.01042	0.00850	0.03941	0.01102	0.04620	0.00764	0.02822	0.01372	0.04299	0.02060	0.14439	0.19257	0.08217	0.03948	0.05168	0.00281	0.00528	0.08824	0.15830	0.00634
45	0.01572	0.01251	0.01794	0.08442	0.01994	0.04334	0.11388	0.06587	0.04593	0.10753	0.15196	0.02642	0.02215	0.03324	0.01071	0.02801	0.13066	0.03444	0.02758	0.00772
46	0.01278	0.06051	0.41743	0.01740	0.02430	0.01401	0.12589	0.01904	0.04610	0.01981	0.01714	0.09547	0.03230	0.00990	0.03651	0.00247	0.00887	0.02794	0.00354	0.00858
47	0.00951	0.00649	0.00789	0.00754	0.00914	0.00601	0.00566	0.01239	0.01697	0.02455	0.51564	0.04535	0.13265	0.01251	0.00703	0.00195	0.00307	0.01085	0.15880	0.00601
48	0.01296	0.03342	0.73944	0.01842	0.02797	0.01501	0.02387	0.02046	0.01364	0.02046	0.01160	0.01364	0.00818	0.00614	0.00614	0.00205	0.00955	0.00477	0.00273	0.00955
49	0.04993	0.02361	0.31817	0.06036	0.07545	0.08858	0.09449	0.05855	0.04974	0.04557	0.06261	0.01737	0.01312	0.00686	0.00637	0.00202	0.00860	0.00581	0.00381	0.00897
50	0.00828	0.00619	0.00880	0.01030	0.02977	0.00581	0.02448	0.00959	0.01251	0.01673	0.03439	0.72879	0.04100	0.01947	0.00818	0.00259	0.00404	0.01775	0.00585	0.00547
51	0.01220	0.01148	0.01938	0.75739	0.04450	0.01436	0.01794	0.01651	0.01292	0.01651	0.01148	0.01723	0.00861	0.00646	0.00646	0.00215	0.00861	0.00574	0.00287	0.00718
52	0.01672	0.01274	0.01877	0.11346	0.21749	0.01331	0.04352	0.08361	0.12394	0.12061	0.02048	0.12143	0.01782	0.00923	0.00686	0.00215	0.00659	0.03703	0.00512	0.00911
53	0.01442	0.01754	0.17954	0.01441	0.01923	0.01458	0.04111	0.02768	0.44225	0.02434	0.04334	0.04956	0.03912	0.00910	0.00672	0.00220	0.00623	0.03367	0.00552	0.00944
54	0.05566	0.01497	0.02282	0.01805	0.06155	0.04678	0.24059	0.08870	0.01646	0.08026	0.03237	0.01822	0.01230	0.00636	0.00632	0.00176	0.00756	0.02634	0.00434	0.23858
55	0.00925	0.00685	0.01003	0.01003	0.01106	0.00788	0.00763	0.01131	0.01028	0.01474	0.01763	0.02719	0.01694	0.12580	0.67104	0.00994	0.01613	0.00719	0.00351	0.00557
56	0.01826	0.67181	0.03177	0.01170	0.01706	0.07114	0.01124	0.07213	0.01477	0.01717	0.00954	0.01084	0.00850	0.00577	0.00443	0.00144	0.00723	0.00368	0.00308	0.00844
57	0.04627	0.01399	0.01605	0.01254	0.01720	0.01438	0.01021	0.33009	0.06244	0.28240	0.01968	0.01955	0.01382	0.04280	0.00749	0.00212	0.00610	0.00616	0.03215	0.04455
58	0.01845	0.28635	0.24029	0.01457	0.02094	0.08997	0.01516	0.14316	0.03986	0.05656	0.01237	0.01338	0.00948	0.00644	0.00551	0.00176	0.00807	0.00461	0.00383	0.00926
59	0.02266	0.11615	0.04184	0.01575	0.01947	0.62031	0.01244	0.02459	0.01743	0.01612	0.01024	0.01192	0.00855	0.00654	0.00560	0.00164	0.01080	0.00415	0.02619	0.00760
60	0.01320	0.03890	0.13083	0.01174	0.01644	0.02962	0.02567	0.06264	0.04870	0.02108	0.04807	0.13354	0.03810	0.05907	0.00784	0.00200	0.00593	0.00754	0.00443	0.29466
61	0.03645	0.12112	0.42462	0.01804	0.07314	0.07334	0.03161	0.06297	0.01518	0.05092	0.01248	0.02973	0.00958	0.00654	0.00594	0.00193	0.00872	0.00508	0.00337	0.00926
62	0.01414	0.01414	0.01979	0.01696	0.01696	0.01979	0.01414	0.01555	0.00990	0.01555	0.00848	0.01414	0.00848	0.01131	0.02120	0.00283	0.76110	0.00565	0.00283	0.00707
63	0.01296	0.03342	0.73944	0.01842	0.02797	0.01501	0.02387	0.02046	0.01364	0.02046	0.01160	0.01364	0.00818	0.00614	0.00614	0.00205	0.00955	0.00477	0.00273	0.00955
64	0.03251	0.05093	0.20931	0.09249	0.08910	0.05917	0.18286	0.03446	0.03489	0.04192	0.01496	0.08166	0.01278	0.02575	0.00726	0.00218	0.00865	0.00696	0.00364	0.00853
65	0.01475	0.01376	0.02304	0.06284	0.55221	0.01384	0.03385	0.03687	0.01470	0.02071	0.01601	0.13710	0.01541	0.00816	0.00673	0.00205	0.00714	0.00783	0.00373	0.00929
66	0.00787	0.00562	0.00750	0.00900	0.00937	0.00525	0.00600	0.00900	0.01237	0.01649	0.03561	0.76871	0.04274	0.02024	0.00825	0.00262	0.00375	0.01837	0.00600	0.00525
67	0.00946	0.03820	0.01097	0.01046	0.01178	0.00753	0.04491	0.01178	0.03641	0.01766	0.06173	0.45515	0.06519	0.05168	0.02980	0.00292	0.00508	0.11785	0.00561	0.00583
68	0.04643	0.03421	0.10880	0.18606	0.18677	0.01356	0.04830	0.04749	0.05016	0.02070	0.01717	0.11468	0.01581	0.00878	0.00662	0.00214	0.00724	0.04740	0.02945	0.00823
69	0.00787	0.00562	0.00750	0.00900	0.00937	0.00525	0.00600	0.00900	0.01237	0.01649	0.03561	0.76871	0.04274	0.02024	0.00825	0.00262	0.00375	0.01837	0.00600	0.00525
70	0.01122	0.00561	0.00842	0.00842	0.00842	0.00561	0.00561	0.00842	0.00842	0.01122	0.01122	0.01964	0.01122	0.02245	0.02525	0.81201	0.00561	0.00561	0.00281	0.00281
71	0.01897	0.05656	0.15304	0.02100	0.13835	0.23668	0.07165	0.11886	0.03759	0.02168	0.01198	0.01418	0.00944	0.00678	0.00712	0.00193	0.05635	0.00520	0.00367	0.00899
72	0.01301	0.01067	0.01299	0.08621	0.09553	0.07027	0.00995	0.04751	0.04859	0.06282	0.02653	0.43246	0.02873	0.01428	0.00740	0.00233	0.00564	0.01272	0.00533	0.00704
73	0.00795	0.00568	0.00758	0.00908	0.00949	0.00531	0.00612	0.00912	0.01244	0.01658	0.03557	0.74870	0.04258	0.02017	0.00827	0.00263	0.00381	0.03765	0.00600	0.00527
74	0.01218	0.00957	0.01321	0.01507	0.09967	0.03864	0.03362	0.01524	0.01558	0.04333	0.14103	0.07006	0.03457	0.01424	0.00803	0.00254	0.00594	0.39217	0.02855	0.00679
75	0.08623	0.01158	0.01305	0.00947	0.01506	0.00915	0.00760	0.01652	0.01318	0.02177	0.01126	0.01314	0.00934	0.00489	0.00471	0.00105	0.00480	0.00380	0.00384	0.73957
76	0.01599	0.31553	0.14206	0.01385	0.01885	0.09793	0.04200	0.05378	0.01414	0.01782	0.01147	0.01437	0.00984	0.01326	0.12962	0.00314	0.04485	0.00473	0.00318	0.03358

[dist]
# distance from previous block
# <min> <max>
0	1

[block]
# block no. 2 follows, 34 sequences, length 90
# corresponding to MSA columns:
# 190-279
name=unknown_C
#
# <colnr> <probs for GDERKNQSTAVLIFYWHMCP>
#	G	D	E	R	K	N	Q	S	T	A	V	L	I	F	Y	W	H	M	C	P
0	0.01228	0.07246	0.33990	0.01417	0.02002	0.01283	0.03999	0.01881	0.08790	0.02174	0.18050	0.02861	0.07846	0.00921	0.00666	0.00207	0.00686	0.03476	0.00452	0.00826
1	0.01529	0.03576	0.08266	0.05879	0.10087	0.03293	0.07822	0.05409	0.01490	0.04684	0.01232	0.01460	0.00972	0.00551	0.00561	0.00146	0.00673	0.00480	0.00379	0.41512
2	0.00787	0.00562	0.00750	0.00900	0.00937	0.00525	0.00600	0.00900	0.01237	0.01649	0.03561	0.76871	0.04274	0.02024	0.00825	0.00262	0.00375	0.01837	0.00600	0.00525
3	0.01536	0.15019	0.43617	0.01611	0.02355	0.05194	0.01846	0.06341	0.12395	0.02160	0.01360	0.01474	0.01016	0.00657	0.00589	0.00194	0.00839	0.00498	0.00358	0.00944
4	0.30039	0.01486	0.01393	0.01145	0.01582	0.09706	0.00929	0.14676	0.01781	0.26048	0.01608	0.01576	0.01114	0.00709	0.00548	0.00193	0.00622	0.00506	0.03436	0.00903
5	0.01220	0.01148	0.01938	0.75739	0.04450	0.01436	0.01794	0.01651	0.01292	0.01651	0.01148	0.01723	0.00861	0.00646	0.00646	0.00215	0.00861	0.00574	0.00287	0.00718
6	0.00855	0.00678	0.00771	0.00751	0.00940	0.00607	0.00562	0.01130	0.03959	0.02124	0.33783	0.08059	0.40471	0.01495	0.00762	0.00214	0.00326	0.01279	0.00648	0.00587
7	0.01789	0.01478	0.01563	0.01352	0.01749	0.01692	0.01067	0.17903	0.57329	0.02996	0.02399	0.02227	0.01786	0.00855	0.00655	0.00214	0.00554	0.00699	0.00655	0.01039
8	0.01652	0.04680	0.02607	0.03718	0.66261	0.05814	0.01905	0.02016	0.01486	0.02057	0.01190	0.01551	0.01005	0.00580	0.00627	0.00188	0.00788	0.00557	0.00319	0.01000
9	0.01525	0.01743	0.03813	0.02723	0.03377	0.01634	0.70915	0.02070	0.01525	0.02070	0.01307	0.01743	0.00980	0.00545	0.00763	0.00218	0.01089	0.00763	0.00327	0.00871
10	0.01122	0.00561	0.00842	0.00842	0.00842	0.00561	0.00561	0.00842	0.00842	0.01122	0.01122	0.01964	0.01122	0.02245	0.02525	0.81201	0.00561	0.00561	0.00281	0.00281
11	0.01517	0.01717	0.03714	0.05188	0.05534	0.01624	0.66525	0.02053	0.01516	0.02057	0.01299	0.01738	0.00978	0.00549	0.00755	0.00217	0.01072	0.00751	0.00325	0.00871
12	0.01554	0.40832	0.16291	0.01362	0.01880	0.03686	0.03931	0.03821	0.01325	0.01704	0.01089	0.01430	0.00967	0.04559	0.05749	0.00253	0.07988	0.00467	0.00300	0.00811
13	0.00764	0.00655	0.00655	0.00655	0.00873	0.00545	0.00491	0.00927	0.01473	0.01745	0.06546	0.06218	0.73000	0.01636	0.00764	0.00218	0.00327	0.01364	0.00600	0.00545
14	0.81856	0.01250	0.00950	0.00850	0.01250	0.01449	0.00700	0.01899	0.01100	0.02899	0.00900	0.01050	0.00700	0.00600	0.00400	0.00200	0.00500	0.00350	0.00400	0.00700
15	0.00940	0.00626	0.00705	0.00705	0.00705	0.00626	0.00392	0.00940	0.00940	0.01253	0.02036	0.04228	0.02349	0.77292	0.03289	0.00626	0.00626	0.00940	0.00392	0.00392
16	0.01525	0.01743	0.03813	0.02723	0.03377	0.01634	0.70915	0.02070	0.01525	0.02070	0.01307	0.01743	0.00980	0.00545	0.00763	0.00218	0.01089	0.00763	0.00327	0.00871
17	0.81856	0.01250	0.00950	0.00850	0.01250	0.01449	0.00700	0.01899	0.01100	0.02899	0.00900	0.01050	0.00700	0.00600	0.00400	0.00200	0.00500	0.00350	0.00400	0.00700
18	0.01713	0.75134	0.05803	0.01131	0.01697	0.02520	0.01149	0.01939	0.01315	0.01538	0.00907	0.01048	0.00829	0.00555	0.00421	0.00140	0.00700	0.00350	0.00276	0.00833
19	0.01727	0.77681	0.03386	0.01106	0.01658	0.02557	0.01106	0.01935	0.01313	0.01520	0.00898	0.01036	0.00829	0.00553	0.00415	0.00138	0.00691	0.00345	0.00276	0.00829
20	0.01340	0.01148	0.01340	0.00957	0.01531	0.00861	0.00766	0.01627	0.01340	0.02105	0.01148	0.01340	0.00957	0.00479	0.00479	0.00096	0.00479	0.00383	0.00383	0.81242
21	0.01733	0.01536	0.02453	0.05294	0.58829	0.01566	0.01828	0.09792	0.03798	0.04914	0.01342	0.01643	0.01077	0.00617	0.00641	0.00194	0.00748	0.00584	0.00383	0.01027
22	0.01607	0.01388	0.01461	0.01315	0.01680	0.01607	0.01023	0.03433	0.72094	0.02703	0.02630	0.02411	0.01972	0.00877	0.00657	0.00219	0.00511	0.00731	0.00657	0.01023
23	0.01727	0.77681	0.03386	0.01106	0.01658	0.02557	0.01106	0.01935	0.01313	0.01520	0.00898	0.01036	0.00829	0.00553	0.00415	0.00138	0.00691	0.00345	0.00276	0.00829
24	0.00940	0.00626	0.00705	0.00705	0.00705	0.00626	0.00392	0.00940	0.00940	0.01253	0.02036	0.04228	0.02349	0.77292	0.03289	0.00626	0.00626	0.00940	0.00392	0.00392
25	0.01220	0.01148	0.01938	0.75739	0.04450	0.01436	0.01794	0.01651	0.01292	0.01651	0.01148	0.01723	0.00861	0.00646	0.00646	0.00215	0.00861	0.00574	0.00287	0.00718
26	0.81856	0.01250	0.00950	0.00850	0.01250	0.01449	0.00700	0.01899	0.01100	0.02899	0.00900	0.01050	0.00700	0.00600	0.00400	0.00200	0.00500	0.00350	0.00400	0.00700
27	0.01041	0.00744	0.01041	0.01190	0.01339	0.00744	0.01041	0.01339	0.01487	0.01934	0.03421	0.07288	0.03719	0.01785	0.00892	0.00297	0.00595	0.68913	0.00595	0.00595
28	0.81856	0.01250	0.00950	0.00850	0.01250	0.01449	0.00700	0.01899	0.01100	0.02899	0.00900	0.01050	0.00700	0.00600	0.00400	0.00200	0.00500	0.00350	0.00400	0.00700
29	0.00819	0.00629	0.00756	0.00833	0.00964	0.00567	0.00613	0.00988	0.01403	0.01788	0.09476	0.34960	0.31736	0.01791	0.00805	0.00245	0.00379	0.10093	0.00607	0.00548
30	0.00787	0.00562	0.00750	0.00900	0.00937	0.00525	0.00600	0.00900	0.01237	0.01649	0.03561	0.76871	0.04274	0.02024	0.00825	0.00262	0.00375	0.01837	0.00600	0.00525
31	0.78916	0.01244	0.00970	0.00861	0.01264	0.01431	0.00709	0.01946	0.01128	0.05536	0.00961	0.01092	0.00733	0.00607	0.00409	0.00200	0.00502	0.00361	0.00415	0.00715
32	0.00787	0.00562	0.00750	0.00900	0.00937	0.00525	0.00600	0.00900	0.01237	0.01649	0.03561	0.76871	0.04274	0.02024	0.00825	0.00262	0.00375	0.01837	0.00600	0.00525
33	0.01387	0.18146	0.56926	0.01688	0.02524	0.01731	0.02092	0.02004	0.01339	0.01921	0.01095	0.01301	0.00822	0.00622	0.00635	0.00194	0.03924	0.00455	0.00274	0.00920
34	0.02414	0.03079	0.01831	0.01665	0.01998	0.74698	0.01248	0.02580	0.01831	0.01581	0.00999	0.01165	0.00832	0.00666	0.00583	0.00166	0.01165	0.00416	0.00333	0.00749
35	0.00787	0.00562	0.00750	0.00900	0.00937	0.00525	0.00600	0.00900	0.01237	0.01649	0.03561	0.76871	0.04274	0.02024	0.00825	0.00262	0.00375	0.01837	0.00600	0.00525
36	0.00825	0.00602	0.00783	0.00861	0.00948	0.00561	0.00601	0.00997	0.01407	0.01903	0.22225	0.48543	0.10631	0.01917	0.03774	0.00274	0.00407	0.01572	0.00619	0.00551
37	0.01003	0.00675	0.00890	0.00878	0.00950	0.00723	0.00607	0.01120	0.01019	0.03992	0.01911	0.03360	0.01977	0.40458	0.36787	0.00805	0.01143	0.00813	0.00385	0.00504
38	0.00934	0.00624	0.00707	0.00713	0.00714	0.00622	0.00400	0.00938	0.00952	0.01269	0.02097	0.07143	0.02426	0.74272	0.03190	0.00612	0.00616	0.00976	0.00400	0.00397
39	0.02823	0.01222	0.01575	0.01208	0.01711	0.01132	0.00998	0.14872	0.02054	0.61696	0.02377	0.02087	0.01513	0.00796	0.00649	0.00199	0.00578	0.00638	0.00773	0.01099
40	0.01787	0.04895	0.10950	0.12806	0.04344	0.01750	0.20510	0.25773	0.06003	0.02708	0.01407	0.01636	0.01036	0.00667	0.00665	0.00204	0.00854	0.00617	0.00441	0.00947
41	0.01515	0.05673	0.57705	0.01700	0.02533	0.04388	0.02076	0.02147	0.01421	0.09762	0.01317	0.01482	0.00936	0.00804	0.03589	0.00234	0.00941	0.00498	0.00335	0.00943
42	0.00940	0.00715	0.01059	0.01049	0.01157	0.00842	0.00814	0.01160	0.01033	0.01493	0.01711	0.02558	0.01614	0.07217	0.69781	0.00998	0.04241	0.00696	0.00346	0.00575
43	0.06965	0.01777	0.01858	0.05990	0.03981	0.19061	0.08801	0.09594	0.01643	0.02203	0.01153	0.01378	0.00922	0.00599	0.00600	0.00158	0.02498	0.00474	0.00385	0.29957
44	0.21710	0.12375	0.06172	0.01644	0.09481	0.09599	0.05841	0.18763	0.01769	0.02635	0.01152	0.01314	0.00897	0.00633	0.00546	0.00183	0.00742	0.00472	0.00414	0.03657
45	0.02138	0.01095	0.01388	0.01116	0.01541	0.01016	0.00904	0.02612	0.11584	0.40081	0.07869	0.02593	0.05317	0.00879	0.00698	0.00194	0.03200	0.02392	0.00679	0.12703
46	0.02870	0.01147	0.01529	0.01172	0.01673	0.01019	0.00968	0.07651	0.01928	0.69096	0.02483	0.02156	0.01566	0.00798	0.00650	0.00200	0.00560	0.00645	0.00790	0.01100
47	0.06129	0.01364	0.02095	0.19414	0.12129	0.01497	0.12368	0.06014	0.14900	0.06779	0.01676	0.04244	0.01339	0.00774	0.00740	0.00217	0.04636	0.02366	0.00444	0.00876
48	0.01398	0.01384	0.01974	0.04408	0.05172	0.01896	0.01432	0.01564	0.01025	0.01583	0.00908	0.01474	0.00885	0.01222	0.04626	0.00303	0.67169	0.00571	0.00287	0.00718
49	0.00941	0.00659	0.00849	0.00820	0.00973	0.00603	0.00608	0.01207	0.01721	0.04404	0.56117	0.14418	0.11396	0.01426	0.00767	0.00212	0.00323	0.01259	0.00690	0.00607
50	0.00787	0.00562	0.00750	0.00900	0.00937	0.00525	0.00600	0.00900	0.01237	0.01649	0.03561	0.76871	0.04274	0.02024	0.00825	0.00262	0.00375	0.01837	0.00600	0.00525
51	0.01933	0.01441	0.01656	0.01358	0.01739	0.01556	0.03517	0.48034	0.02455	0.03289	0.02133	0.23683	0.02027	0.01134	0.00703	0.00215	0.00626	0.00957	0.00621	0.00922
52	0.01422	0.01419	0.02010	0.01804	0.05094	0.01958	0.01441	0.01575	0.01012	0.01581	0.00866	0.01422	0.00856	0.01105	0.02050	0.00278	0.72532	0.00566	0.00284	0.00722
53	0.02486	0.01763	0.01910	0.01464	0.01980	0.01934	0.01210	0.66605	0.02959	0.08685	0.01617	0.01594	0.01132	0.00777	0.00647	0.00194	0.00700	0.00586	0.00657	0.01099
54	0.01446	0.01405	0.02127	0.06102	0.06495	0.05531	0.16982	0.01925	0.09496	0.03421	0.01800	0.09085	0.01693	0.01035	0.01088	0.00243	0.19760	0.09167	0.00419	0.00781
55	0.01414	0.01414	0.01979	0.01696	0.01696	0.01979	0.01414	0.01555	0.00990	0.01555	0.00848	0.01414	0.00848	0.01131	0.02120	0.00283	0.76110	0.00565	0.00283	0.00707
56	0.01340	0.01148	0.01340	0.00957	0.01531	0.00861	0.00766	0.01627	0.01340	0.02105	0.01148	0.01340	0.00957	0.00479	0.00479	0.00096	0.00479	0.00383	0.00383	0.81242
57	0.01518	0.01484	0.02148	0.12106	0.24441	0.06336	0.09374	0.02205	0.16938	0.02155	0.08617	0.02090	0.01686	0.00760	0.00754	0.00209	0.05184	0.00678	0.00428	0.00888
58	0.01066	0.00913	0.01262	0.01178	0.01296	0.03923	0.04169	0.01267	0.01114	0.01554	0.03722	0.08231	0.01857	0.10962	0.43994	0.00743	0.10990	0.00794	0.00371	0.00593
59	0.81856	0.01250	0.00950	0.00850	0.01250	0.01449	0.00700	0.01899	0.01100	0.02899	0.00900	0.01050	0.00700	0.00600	0.00400	0.00200	0.00500	0.00350	0.00400	0.00700
60	0.00924	0.00688	0.01016	0.01016	0.01124	0.00796	0.00780	0.01140	0.01032	0.01484	0.01751	0.02650	0.01664	0.09651	0.69993	0.01011	0.01657	0.00709	0.00349	0.00565
61	0.02015	0.03648	0.01385	0.01108	0.01474	0.01161	0.00876	0.04808	0.23363	0.30898	0.07078	0.02593	0.02049	0.08346	0.00898	0.00242	0.00523	0.00722	0.05881	0.00933
62	0.00929	0.00635	0.00766	0.00781	0.00805	0.00649	0.00485	0.00979	0.00991	0.01337	0.02142	0.09284	0.02421	0.59244	0.13336	0.00650	0.00767	0.02959	0.00406	0.00434
63	0.02899	0.01100	0.01499	0.01150	0.01649	0.00950	0.00950	0.03149	0.01849	0.73709	0.02549	0.02199	0.01599	0.00800	0.00650	0.00200	0.00550	0.00650	0.00800	0.01100
64	0.00784	0.00655	0.00682	0.00675	0.00885	0.00554	0.00507	0.00966	0.01520	0.01857	0.15291	0.06035	0.64185	0.01595	0.00763	0.00216	0.00324	0.01338	0.00615	0.00554
65	0.00914	0.00660	0.00864	0.00813	0.00965	0.00610	0.00610	0.01219	0.01829	0.02591	0.72921	0.04827	0.06097	0.01321	0.00762	0.00203	0.00305	0.01169	0.00711	0.00610
66	0.81856	0.01250	0.00950	0.00850	0.01250	0.01449	0.00700	0.01899	0.01100	0.02899	0.00900	0.01050	0.00700	0.00600	0.00400	0.00200	0.00500	0.00350	0.00400	0.00700
67	0.00764	0.00655	0.00655	0.00655	0.00873	0.00545	0.00491	0.00927	0.01473	0.01745	0.06546	0.06218	0.73000	0.01636	0.00764	0.00218	0.00327	0.01364	0.00600	0.00545
68	0.02414	0.03079	0.01831	0.01665	0.01998	0.74698	0.01248	0.02580	0.01831	0.01581	0.00999	0.01165	0.00832	0.00666	0.00583	0.00166	0.01165	0.00416	0.00333	0.00749
69	0.00782	0.00584	0.00728	0.00843	0.00922	0.00530	0.00575	0.00906	0.01292	0.01672	0.04254	0.60468	0.20229	0.01934	0.00811	0.00252	0.00364	0.01727	0.00600	0.00530
70	0.01607	0.01388	0.01461	0.01315	0.01680	0.01607	0.01023	0.03433	0.72094	0.02703	0.02630	0.02411	0.01972	0.00877	0.00657	0.00219	0.00511	0.00731	0.00657	0.01023
71	0.02320	0.01672	0.01881	0.01471	0.01913	0.01880	0.01215	0.55273	0.02638	0.09231	0.01552	0.01617	0.01125	0.00944	0.03088	0.00231	0.09717	0.00589	0.00606	0.01036
72	0.00987	0.00705	0.00980	0.01129	0.01254	0.00697	0.00948	0.01246	0.01434	0.01874	0.03451	0.22007	0.03836	0.01836	0.00878	0.00290	0.00548	0.54724	0.00596	0.00580
73	0.02838	0.01113	0.01498	0.01157	0.01651	0.00981	0.00953	0.03162	0.05185	0.70338	0.02553	0.02209	0.01617	0.00803	0.00650	0.00201	0.00548	0.00654	0.00793	0.01096
74	0.00933	0.00640	0.00925	0.00961	0.01034	0.00693	0.00705	0.01039	0.01054	0.01466	0.02082	0.18585	0.02199	0.07637	0.40466	0.14678	0.01146	0.02856	0.00399	0.00505
75	0.04246	0.03674	0.01955	0.21202	0.11186	0.05538	0.03913	0.01738	0.03801	0.01758	0.01345	0.01801	0.03458	0.01222	0.08258	0.00307	0.22917	0.00599	0.00327	0.00754
76	0.00799	0.00573	0.00761	0.00907	0.00955	0.00536	0.00618	0.00921	0.01255	0.01666	0.03631	0.71730	0.06002	0.02003	0.00826	0.00263	0.00384	0.05042	0.00600	0.00529
77	0.00817	0.00573	0.00751	0.00876	0.00925	0.00537	0.00588	0.00946	0.01275	0.01733	0.08583	0.66478	0.04251	0.04429	0.00889	0.00266	0.00375	0.01714	0.03464	0.00529
78	0.01491	0.01437	0.02481	0.23761	0.51426	0.01512	0.04702	0.01895	0.01424	0.01982	0.01201	0.01639	0.00977	0.00594	0.00646	0.00199	0.00806	0.00583	0.00311	0.00933
79	0.01977	0.44947	0.02775	0.01309	0.01825	0.09006	0.03660	0.16562	0.05591	0.05039	0.01219	0.01303	0.00984	0.00637	0.00514	0.00162	0.00738	0.00450	0.00402	0.00901
80	0.81856	0.01250	0.00950	0.00850	0.01250	0.01449	0.00700	0.01899	0.01100	0.02899	0.00900	0.01050	0.00700	0.00600	0.00400	0.00200	0.00500	0.00350	0.00400	0.00700
81	0.02263	0.13163	0.02049	0.01358	0.01853	0.01608	0.06066	0.20872	0.11907	0.26959	0.04014	0.01922	0.01488	0.00763	0.00625	0.00193	0.00640	0.00619	0.00622	0.01016
82	0.02836	0.01115	0.01500	0.01154	0.01646	0.00979	0.00952	0.05549	0.01892	0.69502	0.04196	0.02239	0.01689	0.00811	0.00652	0.00200	0.00550	0.00660	0.00792	0.01088
83	0.01532	0.01466	0.02501	0.16759	0.60996	0.01517	0.01949	0.01924	0.01439	0.02029	0.01203	0.01621	0.00995	0.00588	0.00641	0.00196	0.00784	0.00575	0.00314	0.00969
84	0.01632	0.01373	0.01455	0.01289	0.01654	0.01567	0.01008	0.09770	0.60068	0.02802	0.05996	0.02552	0.04119	0.00910	0.00664	0.00216	0.00515	0.00755	0.00657	0.00997
85	0.01332	0.01291	0.01811	0.01576	0.01592	0.01777	0.01299	0.01481	0.00995	0.01538	0.01005	0.01654	0.00999	0.03981	0.12082	0.00397	0.63621	0.00594	0.00295	0.00679
86	0.00899	0.00652	0.00765	0.00762	0.00868	0.00612	0.00528	0.01048	0.01362	0.01804	0.23456	0.05105	0.20087	0.31943	0.01787	0.00384	0.00462	0.06422	0.00548	0.00506
87	0.00926	0.00680	0.00975	0.00975	0.01068	0.00773	0.00729	0.01113	0.01020	0.01453	0.01789	0.02860	0.01755	0.18620	0.61148	0.00960	0.01521	0.00739	0.00355	0.00542
88	0.02414	0.03079	0.01831	0.01665	0.01998	0.74698	0.01248	0.02580	0.01831	0.01581	0.00999	0.01165	0.00832	0.00666	0.00583	0.00166	0.01165	0.00416	0.00333	0.00749
89	0.01666	0.03525	0.01681	0.01396	0.04192	0.01233	0.08580	0.16122	0.04252	0.12968	0.12183	0.12113	0.06423	0.04151	0.00872	0.00232	0.03621	0.03378	0.00585	0.00828

[dist]
# distance from previous block
# <min> <max>
2	8

[block]
# block no. 3 follows, 34 sequences, length 26
# corresponding to MSA columns:
# 288-313
name=unknown_D
#
# <colnr> <probs for GDERKNQSTAVLIFYWHMCP>
#	G	D	E	R	K	N	Q	S	T	A	V	L	I	F	Y	W	H	M	C	P
0	0.01318	0.01045	0.01216	0.00974	0.01391	0.00883	0.00753	0.08531	0.01490	0.02222	0.01807	0.18711	0.01778	0.00881	0.00573	0.00148	0.00466	0.00751	0.05925	0.49139
1	0.02083	0.01747	0.01711	0.01415	0.01842	0.09649	0.01130	0.36736	0.27166	0.03254	0.05086	0.01960	0.01603	0.00824	0.00649	0.00200	0.00671	0.00643	0.00619	0.01012
2	0.00914	0.00659	0.00794	0.00837	0.00998	0.00591	0.00630	0.01102	0.01466	0.04783	0.13127	0.26259	0.32867	0.01695	0.00794	0.00239	0.00384	0.10664	0.00621	0.00577
3	0.01355	0.06207	0.17158	0.34990	0.13663	0.01525	0.01788	0.01981	0.09047	0.01935	0.03381	0.01753	0.01146	0.00668	0.00629	0.00205	0.00803	0.00575	0.00341	0.00849
4	0.01535	0.08863	0.01626	0.01247	0.01485	0.01324	0.02996	0.01925	0.09759	0.14452	0.07066	0.16865	0.05637	0.01197	0.01032	0.00232	0.18400	0.03049	0.00533	0.00777
5	0.00940	0.00626	0.00705	0.00705	0.00705	0.00626	0.00392	0.00940	0.00940	0.01253	0.02036	0.04228	0.02349	0.77292	0.03289	0.00626	0.00626	0.00940	0.00392	0.00392
