[name]
unknown

[dist]
# distance from previous block
# <min> <max>
0	114

[block]
# block no. 0 follows, 30 sequences, length 49
# corresponding to MSA columns:
# 121-152,210-226
name=unknown_A
#
# <colnr> <probs for GDERKNQSTAVLIFYWHMCP>
#	G	D	E	R	K	N	Q	S	T	A	V	L	I	F	Y	W	H	M	C	P
0	0.01124	0.00803	0.01124	0.01285	0.01446	0.00803	0.01124	0.01446	0.01606	0.02088	0.03695	0.07871	0.04016	0.01928	0.00964	0.00321	0.00643	0.66426	0.00643	0.00643
1	0.01417	0.06288	0.69333	0.01959	0.02975	0.01663	0.02527	0.02205	0.01471	0.02189	0.01242	0.01460	0.00884	0.00661	0.00655	0.00218	0.01021	0.00510	0.00295	0.01026
2	0.01358	0.01226	0.01961	0.15541	0.32764	0.01255	0.01534	0.01734	0.01660	0.02292	0.20911	0.03217	0.09712	0.00973	0.00742	0.00218	0.00662	0.00884	0.00486	0.00870
3	0.00849	0.00611	0.00805	0.00961	0.01009	0.00568	0.00643	0.00973	0.01347	0.01786	0.03980	0.72179	0.07370	0.02169	0.00888	0.00281	0.00403	0.01963	0.00648	0.00568
4	0.80405	0.01350	0.01026	0.00918	0.01350	0.01565	0.00756	0.02051	0.01188	0.03131	0.00972	0.01134	0.00756	0.00648	0.00432	0.00216	0.00540	0.00378	0.00432	0.00756
5	0.03131	0.01188	0.01619	0.01242	0.01781	0.01026	0.01026	0.03401	0.01997	0.71606	0.02753	0.02375	0.01727	0.00864	0.00702	0.00216	0.00594	0.00702	0.00864	0.01188
6	0.01447	0.01240	0.01447	0.01034	0.01654	0.00930	0.00827	0.01757	0.01447	0.02274	0.01240	0.01447	0.01034	0.00517	0.00517	0.00103	0.00517	0.00413	0.00413	0.79742
7	0.01647	0.01882	0.04118	0.02941	0.03647	0.01765	0.68588	0.02235	0.01647	0.02235	0.01412	0.01882	0.01059	0.00588	0.00824	0.00235	0.01176	0.00824	0.00353	0.00941
8	0.01736	0.01499	0.01578	0.01420	0.01815	0.01736	0.01105	0.03708	0.69862	0.02919	0.02840	0.02604	0.02130	0.00947	0.00710	0.00237	0.00552	0.00789	0.00710	0.01105
9	0.01527	0.01527	0.02137	0.01832	0.01832	0.02137	0.01527	0.01679	0.01069	0.01679	0.00916	0.01527	0.00916	0.01221	0.02290	0.00305	0.74198	0.00611	0.00305	0.00763
10	0.00861	0.00620	0.00817	0.00953	0.01012	0.00576	0.00644	0.01003	0.01402	0.01874	0.09818	0.66302	0.07325	0.02104	0.00882	0.00276	0.00396	0.01901	0.00658	0.00576
11	0.72961	0.01334	0.01083	0.00949	0.01391	0.01513	0.00782	0.02181	0.01266	0.09727	0.01143	0.01253	0.00849	0.00669	0.00458	0.00216	0.00545	0.00409	0.00473	0.00797
12	0.00850	0.00607	0.00810	0.00972	0.01012	0.00567	0.00648	0.00972	0.01336	0.01781	0.03846	0.75020	0.04615	0.02186	0.00891	0.00283	0.00405	0.01984	0.00648	0.00567
13	0.01727	0.01658	0.02832	0.04283	0.71123	0.01658	0.02142	0.02142	0.01589	0.02280	0.01313	0.01727	0.01105	0.00622	0.00691	0.00207	0.00829	0.00622	0.00345	0.01105
14	0.11679	0.01569	0.07682	0.01847	0.10020	0.01339	0.10196	0.04674	0.01803	0.39012	0.02051	0.01998	0.01371	0.00757	0.00682	0.00218	0.00732	0.00654	0.00636	0.01082
15	0.01124	0.00803	0.01124	0.01285	0.01446	0.00803	0.01124	0.01446	0.01606	0.02088	0.03695	0.07871	0.04016	0.01928	0.00964	0.00321	0.00643	0.66426	0.00643	0.00643
16	0.00825	0.00707	0.00707	0.00707	0.00943	0.00589	0.00530	0.01001	0.01591	0.01885	0.07069	0.06716	0.70839	0.01767	0.00825	0.00236	0.00353	0.01473	0.00648	0.00589
17	0.02164	0.01732	0.02779	0.02542	0.17353	0.05143	0.23290	0.10312	0.04564	0.18148	0.01749	0.01923	0.01264	0.00726	0.00782	0.00221	0.03030	0.00704	0.00520	0.01055
18	0.01491	0.05939	0.66508	0.01930	0.02925	0.01633	0.02464	0.02258	0.01494	0.05209	0.01308	0.01501	0.00921	0.00669	0.00657	0.00218	0.01003	0.00519	0.00320	0.01034
19	0.00982	0.00713	0.00924	0.00872	0.01039	0.00656	0.00654	0.01305	0.01961	0.02765	0.68413	0.05268	0.08947	0.01439	0.00823	0.00220	0.00330	0.01270	0.00764	0.00656
20	0.01866	0.75896	0.03657	0.01194	0.01791	0.02761	0.01194	0.02090	0.01418	0.01642	0.00970	0.01119	0.00896	0.00597	0.00448	0.00149	0.00746	0.00373	0.00299	0.00896
21	0.01400	0.03610	0.71860	0.01989	0.03020	0.01621	0.02578	0.02210	0.01473	0.02210	0.01252	0.01473	0.00884	0.00663	0.00663	0.00221	0.01031	0.00516	0.00295	0.01031
22	0.01866	0.75896	0.03657	0.01194	0.01791	0.02761	0.01194	0.02090	0.01418	0.01642	0.00970	0.01119	0.00896	0.00597	0.00448	0.00149	0.00746	0.00373	0.00299	0.00896
23	0.40217	0.07495	0.08288	0.01573	0.07437	0.09658	0.04683	0.02107	0.01375	0.02520	0.01160	0.03944	0.00987	0.00738	0.00648	0.00215	0.05223	0.00513	0.00390	0.00830
24	0.01866	0.75896	0.03657	0.01194	0.01791	0.02761	0.01194	0.02090	0.01418	0.01642	0.00970	0.01119	0.00896	0.00597	0.00448	0.00149	0.00746	0.00373	0.00299	0.00896
25	0.56902	0.01904	0.01317	0.01178	0.01594	0.20844	0.00934	0.04337	0.01467	0.02785	0.01023	0.01184	0.00808	0.00673	0.00494	0.00206	0.00742	0.00405	0.00421	0.00784
26	0.01537	0.01475	0.02540	0.36038	0.38358	0.01613	0.04436	0.01981	0.01502	0.02051	0.01283	0.01794	0.01024	0.00655	0.00699	0.00220	0.00888	0.00628	0.00330	0.00948
27	0.00828	0.00693	0.00721	0.00743	0.00952	0.00586	0.00546	0.00997	0.01556	0.01871	0.06628	0.16068	0.61772	0.01825	0.00834	0.00242	0.00360	0.01543	0.00648	0.00586
28	0.02581	0.01886	0.02018	0.01555	0.02093	0.02084	0.01282	0.65247	0.03185	0.04303	0.01707	0.01724	0.01219	0.00836	0.00687	0.00207	0.00744	0.00629	0.04854	0.01158
29	0.01015	0.00677	0.00761	0.00761	0.00761	0.00677	0.00423	0.01015	0.01015	0.01353	0.02199	0.04567	0.02537	0.75476	0.03552	0.00677	0.00677	0.01015	0.00423	0.00423
30	0.01339	0.01262	0.02131	0.70209	0.08230	0.01556	0.01948	0.01801	0.01405	0.01809	0.01244	0.01854	0.00939	0.00694	0.00697	0.00231	0.00925	0.00620	0.00312	0.00792
31	0.01400	0.03610	0.71860	0.01989	0.03020	0.01621	0.02578	0.02210	0.01473	0.02210	0.01252	0.01473	0.00884	0.00663	0.00663	0.00221	0.01031	0.00516	0.00295	0.01031
32	0.01015	0.00677	0.00761	0.00761	0.00761	0.00677	0.00423	0.01015	0.01015	0.01353	0.02199	0.04567	0.02537	0.75476	0.03552	0.00677	0.00677	0.01015	0.00423	0.00423
33	0.00861	0.00615	0.00822	0.00984	0.01029	0.00576	0.00667	0.00990	0.01347	0.01794	0.03840	0.72360	0.04592	0.02176	0.00894	0.00285	0.00414	0.04537	0.00648	0.00570
34	0.00864	0.00617	0.00826	0.00988	0.01035	0.00579	0.00672	0.00996	0.01350	0.01797	0.03838	0.71553	0.04584	0.02173	0.00894	0.00285	0.00417	0.05311	0.00648	0.00571
35	0.00854	0.00708	0.00748	0.00738	0.00961	0.00602	0.00553	0.01058	0.01660	0.02050	0.18559	0.06445	0.59247	0.01706	0.00824	0.00233	0.00349	0.01435	0.00670	0.00602
36	0.01000	0.00737	0.01069	0.01069	0.01175	0.00844	0.00806	0.01212	0.01106	0.01581	0.01917	0.03009	0.01861	0.15529	0.62573	0.01056	0.01694	0.00787	0.00381	0.00594
37	0.01318	0.01240	0.02093	0.73798	0.04806	0.01550	0.01938	0.01783	0.01395	0.01783	0.01240	0.01860	0.00930	0.00698	0.00698	0.00233	0.00930	0.00620	0.00310	0.00775
38	0.01727	0.01658	0.02832	0.04283	0.71123	0.01658	0.02142	0.02142	0.01589	0.02280	0.01313	0.01727	0.01105	0.00622	0.00691	0.00207	0.00829	0.00622	0.00345	0.01105
39	0.03131	0.01188	0.01619	0.01242	0.01781	0.01026	0.01026	0.03401	0.01997	0.71606	0.02753	0.02375	0.01727	0.00864	0.00702	0.00216	0.00594	0.00702	0.00864	0.01188
40	0.01469	0.01558	0.05542	0.40594	0.15197	0.01648	0.15911	0.01948	0.01465	0.01971	0.01270	0.01809	0.00983	0.00690	0.00810	0.00233	0.05047	0.00658	0.00324	0.00874
41	0.03042	0.01165	0.01588	0.01231	0.01751	0.01008	0.01011	0.03306	0.01972	0.68883	0.02796	0.05208	0.01840	0.00915	0.00709	0.00219	0.00586	0.00752	0.00855	0.01163
42	0.80405	0.01350	0.01026	0.00918	0.01350	0.01565	0.00756	0.02051	0.01188	0.03131	0.00972	0.01134	0.00756	0.00648	0.00432	0.00216	0.00540	0.00378	0.00432	0.00756
43	0.01412	0.03524	0.68505	0.02036	0.03051	0.01628	0.05847	0.02211	0.01482	0.02211	0.01260	0.01494	0.00893	0.00659	0.00671	0.00222	0.01038	0.00531	0.00298	0.01027
44	0.00850	0.00607	0.00810	0.00972	0.01012	0.00567	0.00648	0.00972	0.01336	0.01781	0.03846	0.75020	0.04615	0.02186	0.00891	0.00283	0.00405	0.01984	0.00648	0.00567
45	0.01703	0.19769	0.31905	0.01630	0.02343	0.05435	0.04650	0.02338	0.06883	0.07542	0.07881	0.01902	0.01587	0.00756	0.00640	0.00203	0.00847	0.00597	0.00422	0.00967
46	0.01802	0.02345	0.22471	0.04597	0.02694	0.07634	0.15596	0.15573	0.07404	0.02652	0.01697	0.02203	0.01347	0.00811	0.00723	0.00226	0.00936	0.05638	0.02667	0.00981
47	0.04767	0.56303	0.19347	0.01367	0.02059	0.02451	0.01498	0.02116	0.01422	0.01830	0.01036	0.01202	0.00887	0.00614	0.00497	0.00168	0.00804	0.00406	0.00303	0.00922
48	0.02653	0.01955	0.02094	0.01606	0.02164	0.02164	0.01326	0.68796	0.03281	0.04398	0.01675	0.01675	0.01187	0.00838	0.00698	0.00209	0.00768	0.00628	0.00698	0.01187

[dist]
# distance from previous block
# <min> <max>
0	1

[block]
# block no. 1 follows, 30 sequences, length 27
# corresponding to MSA columns:
# 228-254
name=unknown_B
#
# <colnr> <probs for GDERKNQSTAVLIFYWHMCP>
#	G	D	E	R	K	N	Q	S	T	A	V	L	I	F	Y	W	H	M	C	P
0	0.00850	0.00607	0.00810	0.00972	0.01012	0.00567	0.00648	0.00972	0.01336	0.01781	0.03846	0.75020	0.04615	0.02186	0.00891	0.00283	0.00405	0.01984	0.00648	0.00567
1	0.31091	0.06134	0.06313	0.01509	0.06832	0.11908	0.01196	0.12683	0.01782	0.10165	0.01368	0.01477	0.01020	0.00712	0.00567	0.00204	0.00743	0.00496	0.02876	0.00925
2	0.01922	0.01639	0.03260	0.12129	0.06344	0.01574	0.42424	0.02418	0.01685	0.16905	0.01669	0.01977	0.01186	0.00663	0.00775	0.00230	0.01005	0.00762	0.00455	0.00978
3	0.00872	0.00623	0.00835	0.00997	0.01047	0.00586	0.00686	0.01010	0.01358	0.01806	0.03834	0.69592	0.04567	0.02165	0.00897	0.00286	0.00424	0.07193	0.00647	0.00573
4	0.03131	0.01188	0.01619	0.01242	0.01781	0.01026	0.01026	0.03401	0.01997	0.71606	0.02753	0.02375	0.01727	0.00864	0.00702	0.00216	0.00594	0.00702	0.00864	0.01188
5	0.01538	0.01277	0.02106	0.46824	0.17656	0.01453	0.01805	0.01963	0.01523	0.08136	0.04641	0.02292	0.01427	0.00784	0.00714	0.00229	0.00840	0.03522	0.00402	0.00868
6	0.00859	0.00616	0.00829	0.00981	0.01027	0.00586	0.00662	0.00989	0.01323	0.01771	0.03722	0.70494	0.04436	0.02377	0.05388	0.00336	0.00497	0.01906	0.00631	0.00570
7	0.01736	0.01499	0.01578	0.01420	0.01815	0.01736	0.01105	0.03708	0.69862	0.02919	0.02840	0.02604	0.02130	0.00947	0.00710	0.00237	0.00552	0.00789	0.00710	0.01105
8	0.01400	0.03610	0.71860	0.01989	0.03020	0.01621	0.02578	0.02210	0.01473	0.02210	0.01252	0.01473	0.00884	0.00663	0.00663	0.00221	0.01031	0.00516	0.00295	0.01031
9	0.00892	0.00710	0.00800	0.00777	0.00984	0.00618	0.00583	0.01131	0.01749	0.02261	0.33308	0.06096	0.44366	0.01627	0.00824	0.00229	0.00343	0.01386	0.00698	0.00618
10	0.02224	0.40950	0.02854	0.01477	0.01967	0.33729	0.01267	0.04905	0.01736	0.01775	0.01045	0.01202	0.00908	0.00660	0.00538	0.00165	0.00974	0.00417	0.00341	0.00868
11	0.00988	0.00713	0.00933	0.00878	0.01043	0.00658	0.00658	0.01317	0.01975	0.02798	0.70754	0.05213	0.06584	0.01427	0.00823	0.00219	0.00329	0.01262	0.00768	0.00658
12	0.01752	0.45757	0.25034	0.01507	0.02204	0.06756	0.01653	0.02156	0.01457	0.01827	0.01064	0.01255	0.00893	0.00649	0.00596	0.00180	0.03600	0.00432	0.00301	0.00928
13	0.01655	0.02722	0.40046	0.02423	0.10306	0.01611	0.20187	0.02315	0.01579	0.08379	0.01435	0.01690	0.01029	0.00656	0.00713	0.00223	0.01010	0.00626	0.00366	0.01029
14	0.00988	0.00713	0.00933	0.00878	0.01043	0.00658	0.00658	0.01317	0.01975	0.02798	0.70754	0.05213	0.06584	0.01427	0.00823	0.00219	0.00329	0.01262	0.00768	0.00658
15	0.80405	0.01350	0.01026	0.00918	0.01350	0.01565	0.00756	0.02051	0.01188	0.03131	0.00972	0.01134	0.00756	0.00648	0.00432	0.00216	0.00540	0.00378	0.00432	0.00756
16	0.00988	0.00713	0.00933	0.00878	0.01043	0.00658	0.00658	0.01317	0.01975	0.02798	0.70754	0.05213	0.06584	0.01427	0.00823	0.00219	0.00329	0.01262	0.00768	0.00658
17	0.10644	0.02258	0.01795	0.01547	0.01967	0.28153	0.01211	0.21742	0.15150	0.02857	0.01609	0.01688	0.01239	0.00993	0.03904	0.00246	0.00935	0.00571	0.00532	0.00959
18	0.73551	0.01335	0.01078	0.00946	0.01388	0.01518	0.00780	0.02171	0.01259	0.09204	0.01130	0.01244	0.00842	0.00667	0.00456	0.00216	0.00545	0.00407	0.00470	0.00794
19	0.03131	0.01188	0.01619	0.01242	0.01781	0.01026	0.01026	0.03401	0.01997	0.71606	0.02753	0.02375	0.01727	0.00864	0.00702	0.00216	0.00594	0.00702	0.00864	0.01188
20	0.01852	0.01616	0.02725	0.04013	0.64973	0.01602	0.02043	0.02253	0.01625	0.08428	0.01440	0.01785	0.01161	0.00643	0.00692	0.00208	0.00808	0.00629	0.00391	0.01113
21	0.02294	0.03052	0.11980	0.01787	0.02232	0.49628	0.01513	0.04953	0.07916	0.01977	0.01270	0.01439	0.01017	0.00765	0.00742	0.00199	0.05466	0.00505	0.00390	0.00877
22	0.01015	0.00677	0.00761	0.00761	0.00761	0.00677	0.00423	0.01015	0.01015	0.01353	0.02199	0.04567	0.02537	0.75476	0.03552	0.00677	0.00677	0.01015	0.00423	0.00423
23	0.01015	0.00677	0.00761	0.00761	0.00761	0.00677	0.00423	0.01015	0.01015	0.01353	0.02199	0.04567	0.02537	0.75476	0.03552	0.00677	0.00677	0.01015	0.00423	0.00423
24	0.01400	0.03610	0.71860	0.01989	0.03020	0.01621	0.02578	0.02210	0.01473	0.02210	0.01252	0.01473	0.00884	0.00663	0.00663	0.00221	0.01031	0.00516	0.00295	0.01031
25	0.03131	0.01188	0.01619	0.01242	0.01781	0.01026	0.01026	0.03401	0.01997	0.71606	0.02753	0.02375	0.01727	0.00864	0.00702	0.00216	0.00594	0.00702	0.00864	0.01188
26	0.01727	0.01658	0.02832	0.04283	0.71123	0.01658	0.02142	0.02142	0.01589	0.02280	0.01313	0.01727	0.01105	0.00622	0.00691	0.00207	0.00829	0.00622	0.00345	0.01105

[dist]
# distance from previous block
# <min> <max>
0	20

[block]
# block no. 2 follows, 30 sequences, length 43
# corresponding to MSA columns:
# 275-317
name=unknown_C
#
# <colnr> <probs for GDERKNQSTAVLIFYWHMCP>
#	G	D	E	R	K	N	Q	S	T	A	V	L	I	F	Y	W	H	M	C	P
0	0.00825	0.00707	0.00707	0.00707	0.00943	0.00589	0.00530	0.01001	0.01591	0.01885	0.07069	0.06716	0.70839	0.01767	0.00825	0.00236	0.00353	0.01473	0.00648	0.00589
1	0.01428	0.06115	0.66086	0.02007	0.03007	0.01669	0.05774	0.02207	0.01480	0.02191	0.01250	0.01481	0.00893	0.00657	0.00663	0.00219	0.01028	0.00526	0.00298	0.01022
2	0.01532	0.06512	0.38511	0.02369	0.03235	0.01742	0.31636	0.02215	0.01547	0.02192	0.01308	0.01636	0.00962	0.00627	0.00723	0.00224	0.01081	0.00644	0.00321	0.00985
3	0.01125	0.01048	0.01927	0.01617	0.01899	0.00977	0.23542	0.01418	0.01489	0.01997	0.06949	0.43147	0.06718	0.01585	0.00861	0.00261	0.00658	0.01527	0.00555	0.00699
4	0.01782	0.01297	0.01784	0.29096	0.08536	0.05294	0.01433	0.06370	0.01681	0.16042	0.02126	0.15961	0.01897	0.01049	0.00737	0.00235	0.00755	0.02531	0.00525	0.00871
5	0.01575	0.01496	0.02539	0.26871	0.47349	0.01597	0.02044	0.02003	0.01526	0.02112	0.01362	0.01959	0.01138	0.00687	0.00701	0.00219	0.00856	0.02640	0.00343	0.00983
6	0.06317	0.01481	0.01755	0.09234	0.07629	0.01645	0.01255	0.20494	0.23854	0.06088	0.07285	0.05980	0.02034	0.00944	0.00706	0.00226	0.00649	0.00784	0.00628	0.01015
7	0.02632	0.02562	0.02043	0.01691	0.02161	0.33373	0.01336	0.39579	0.02704	0.03207	0.01411	0.01491	0.01059	0.00785	0.00668	0.00196	0.00985	0.00549	0.00548	0.01020
8	0.01663	0.01583	0.02691	0.06698	0.64704	0.01593	0.02050	0.02062	0.01567	0.02233	0.01452	0.05849	0.01296	0.00712	0.00702	0.00212	0.00809	0.00698	0.00361	0.01063
9	0.01015	0.00677	0.00761	0.00761	0.00761	0.00677	0.00423	0.01015	0.01015	0.01353	0.02199	0.04567	0.02537	0.75476	0.03552	0.00677	0.00677	0.01015	0.00423	0.00423
10	0.01444	0.02880	0.47424	0.01934	0.02604	0.01802	0.02210	0.02024	0.01331	0.02024	0.01134	0.01492	0.00895	0.00859	0.01233	0.00251	0.26674	0.00549	0.00298	0.00937
11	0.01951	0.55325	0.10678	0.01359	0.01987	0.05439	0.01366	0.11014	0.01695	0.02072	0.01099	0.01237	0.00933	0.00641	0.00512	0.00166	0.00801	0.00426	0.00354	0.00945
12	0.01400	0.03610	0.71860	0.01989	0.03020	0.01621	0.02578	0.02210	0.01473	0.02210	0.01252	0.01473	0.00884	0.00663	0.00663	0.00221	0.01031	0.00516	0.00295	0.01031
13	0.00847	0.00714	0.00738	0.00750	0.00980	0.00605	0.00575	0.01035	0.01592	0.01900	0.06815	0.06803	0.65814	0.01779	0.00835	0.00242	0.00375	0.06357	0.00648	0.00593
14	0.01204	0.01111	0.01775	0.56797	0.03910	0.01326	0.01616	0.01600	0.01428	0.01802	0.02439	0.06349	0.13948	0.00967	0.00730	0.00236	0.00799	0.00844	0.00389	0.00731
15	0.01606	0.01785	0.11617	0.06329	0.03035	0.01479	0.37454	0.02135	0.01630	0.07609	0.01957	0.03102	0.01691	0.00901	0.00816	0.00250	0.00989	0.14271	0.00443	0.00901
16	0.01400	0.03610	0.71860	0.01989	0.03020	0.01621	0.02578	0.02210	0.01473	0.02210	0.01252	0.01473	0.00884	0.00663	0.00663	0.00221	0.01031	0.00516	0.00295	0.01031
17	0.01658	0.01853	0.03947	0.03119	0.12580	0.01751	0.59791	0.02223	0.01639	0.02241	0.01399	0.01862	0.01065	0.00593	0.00806	0.00232	0.01130	0.00797	0.00352	0.00963
18	0.01558	0.03572	0.62669	0.01964	0.02907	0.10966	0.02416	0.02286	0.01540	0.02144	0.01229	0.01445	0.00886	0.00670	0.00659	0.00216	0.01061	0.00507	0.00303	0.01002
19	0.01500	0.08805	0.58117	0.05966	0.03003	0.01686	0.04474	0.02220	0.01489	0.04630	0.01289	0.01514	0.00923	0.00665	0.00655	0.00216	0.00993	0.00527	0.00318	0.01009
20	0.01420	0.01344	0.02277	0.56530	0.21280	0.01577	0.01989	0.01872	0.01443	0.01906	0.01258	0.01827	0.00974	0.00679	0.00696	0.00226	0.00905	0.00621	0.00319	0.00857
21	0.01524	0.01482	0.02613	0.37205	0.32635	0.01618	0.08887	0.01981	0.01503	0.02039	0.01288	0.01807	0.01017	0.00654	0.00708	0.00222	0.00913	0.00642	0.00329	0.00931
22	0.01366	0.01312	0.02287	0.64555	0.08454	0.01573	0.06962	0.01837	0.01425	0.01845	0.01257	0.01855	0.00950	0.00685	0.00707	0.00231	0.00943	0.00636	0.00315	0.00806
23	0.05352	0.02400	0.39844	0.01629	0.02317	0.01294	0.04976	0.01923	0.01499	0.05573	0.02435	0.11646	0.08853	0.01071	0.00730	0.00238	0.00813	0.06081	0.00440	0.00887
24	0.01634	0.03282	0.62347	0.01888	0.02852	0.01540	0.02368	0.02371	0.01544	0.11609	0.01456	0.01595	0.00998	0.00690	0.00668	0.00220	0.00972	0.00541	0.00372	0.01052
25	0.01442	0.03295	0.62932	0.01877	0.02825	0.01558	0.02362	0.02259	0.04697	0.04411	0.01654	0.01807	0.04339	0.00736	0.00674	0.00222	0.00962	0.00580	0.00349	0.01018
26	0.01415	0.06003	0.69602	0.01963	0.02980	0.01658	0.02532	0.02206	0.01471	0.02191	0.01243	0.01462	0.00884	0.00661	0.00656	0.00219	0.01022	0.00511	0.00295	0.01027
27	0.01558	0.01486	0.02528	0.32942	0.43782	0.01614	0.02058	0.01994	0.01509	0.02075	0.01283	0.01782	0.01033	0.00653	0.00694	0.00218	0.00871	0.00621	0.00331	0.00969
28	0.02559	0.01307	0.05454	0.01234	0.01740	0.01095	0.01060	0.07862	0.04170	0.48277	0.07804	0.02938	0.09316	0.00988	0.00721	0.00219	0.00586	0.00809	0.00785	0.01076
29	0.01660	0.01592	0.06776	0.11185	0.02494	0.09504	0.16782	0.02020	0.01630	0.11638	0.05769	0.19580	0.04055	0.01115	0.00773	0.00236	0.00815	0.01031	0.00514	0.00831
30	0.01318	0.01240	0.02093	0.73798	0.04806	0.01550	0.01938	0.01783	0.01395	0.01783	0.01240	0.01860	0.00930	0.00698	0.00698	0.00233	0.00930	0.00620	0.00310	0.00775
31	0.01354	0.01278	0.02159	0.67587	0.10732	0.01560	0.01956	0.01815	0.01413	0.01827	0.01247	0.01849	0.00946	0.00691	0.00697	0.00230	0.00921	0.00620	0.00313	0.00805
32	0.01606	0.01670	0.12196	0.01997	0.02550	0.01306	0.30219	0.02057	0.01611	0.12015	0.02473	0.15686	0.06175	0.01061	0.00803	0.00243	0.00859	0.04084	0.00503	0.00886
33	0.01688	0.01939	0.16891	0.10117	0.03122	0.01492	0.31660	0.02228	0.01636	0.11646	0.05564	0.05522	0.01580	0.00776	0.00764	0.00231	0.00956	0.00802	0.00443	0.00941
34	0.01015	0.00677	0.00761	0.00761	0.00761	0.00677	0.00423	0.01015	0.01015	0.01353	0.02199	0.04567	0.02537	0.75476	0.03552	0.00677	0.00677	0.01015	0.00423	0.00423
35	0.01532	0.01533	0.02622	0.17715	0.29741	0.04422	0.16134	0.01941	0.01540	0.02071	0.01684	0.12618	0.01570	0.00866	0.00748	0.00229	0.00879	0.00859	0.00385	0.00910
36	0.01548	0.02590	0.32227	0.02608	0.06545	0.01700	0.38029	0.02220	0.01572	0.02227	0.01341	0.01705	0.00988	0.00621	0.00751	0.00228	0.01100	0.00686	0.00328	0.00986
37	0.01571	0.01486	0.02454	0.30755	0.40452	0.01623	0.01985	0.02122	0.06649	0.02137	0.01400	0.01844	0.01115	0.00675	0.00695	0.00219	0.00847	0.00634	0.00359	0.00979
38	0.02933	0.01190	0.01591	0.01256	0.01767	0.01063	0.01036	0.03323	0.06662	0.63341	0.02807	0.02670	0.01871	0.00923	0.00716	0.00223	0.00593	0.04039	0.00842	0.01154
39	0.03095	0.01245	0.01655	0.01269	0.01810	0.01111	0.01048	0.08319	0.02094	0.66552	0.02672	0.02323	0.01687	0.00862	0.00701	0.00215	0.00607	0.00696	0.00851	0.01188
40	0.00945	0.00757	0.00961	0.03192	0.05074	0.00697	0.00751	0.01167	0.01594	0.02065	0.17817	0.23655	0.31678	0.01723	0.00838	0.00248	0.00422	0.05139	0.00644	0.00634
41	0.01015	0.00677	0.00761	0.00761	0.00761	0.00677	0.00423	0.01015	0.01015	0.01353	0.02199	0.04567	0.02537	0.75476	0.03552	0.00677	0.00677	0.01015	0.00423	0.00423
42	0.19459	0.01823	0.03192	0.02455	0.06329	0.05143	0.44695	0.04310	0.01608	0.02482	0.01300	0.01670	0.00989	0.00617	0.00716	0.00226	0.01007	0.00689	0.00382	0.00909

[dist]
# distance from previous block
# <min> <max>
0	14

# created by:
# /home/cegg/simao/soft/augustus-3.2.1/scripts/msa2prfl.pl ./align_prep/EOG090W0K6A.fa
