[name]
unknown

[dist]
# distance from previous block
# <min> <max>
0	614

[block]
# block no. 0 follows, 30 sequences, length 24
# corresponding to MSA columns:
# 635-658
name=unknown_A
#
# <colnr> <probs for GDERKNQSTAVLIFYWHMCP>
#	G	D	E	R	K	N	Q	S	T	A	V	L	I	F	Y	W	H	M	C	P
0	0.01047	0.00802	0.01164	0.01139	0.01294	0.00900	0.00898	0.01305	0.01202	0.01733	0.04304	0.03063	0.01999	0.04479	0.59003	0.00951	0.03718	0.05204	0.00406	0.05387
1	0.01281	0.00692	0.00769	0.05080	0.01083	0.00720	0.00601	0.01610	0.01436	0.02486	0.02186	0.02567	0.01734	0.01106	0.05408	0.00232	0.00466	0.00655	0.69231	0.00656
2	0.01147	0.00762	0.00981	0.01021	0.01187	0.00716	0.00779	0.03306	0.01655	0.07160	0.17460	0.31511	0.12860	0.01795	0.00865	0.00265	0.00456	0.14719	0.00688	0.00666
3	0.08726	0.27691	0.05658	0.01448	0.01991	0.20770	0.04092	0.06482	0.01696	0.03964	0.01157	0.01317	0.00949	0.00648	0.00552	0.00170	0.00864	0.00449	0.00383	0.10993
4	0.01165	0.00922	0.01053	0.01091	0.01246	0.03468	0.00774	0.07076	0.06189	0.02109	0.03333	0.56676	0.03801	0.01832	0.00830	0.00259	0.00484	0.01636	0.00632	0.05426
5	0.01057	0.00806	0.01073	0.01087	0.05294	0.00734	0.00754	0.01384	0.01901	0.02696	0.59398	0.04805	0.08358	0.01330	0.00794	0.00211	0.00373	0.01174	0.00714	0.06056
6	0.01460	0.01711	0.12273	0.41428	0.25668	0.01595	0.02094	0.01958	0.01468	0.02002	0.01265	0.01763	0.00979	0.00669	0.00691	0.00223	0.00912	0.00606	0.00319	0.00917
7	0.01740	0.01734	0.02944	0.08936	0.44938	0.04141	0.15831	0.04372	0.04208	0.02306	0.01389	0.01784	0.01116	0.00643	0.00718	0.00215	0.00911	0.00664	0.00370	0.01039
8	0.01607	0.01653	0.01556	0.01432	0.01597	0.20568	0.01101	0.03501	0.03883	0.01753	0.01621	0.06003	0.01573	0.10198	0.22736	0.00547	0.16835	0.00729	0.00395	0.00711
9	0.01842	0.72243	0.07103	0.01234	0.01853	0.02704	0.01264	0.02096	0.01421	0.01671	0.00984	0.01137	0.00895	0.00600	0.00459	0.00153	0.00761	0.00380	0.00298	0.00902
10	0.01187	0.00999	0.01482	0.01587	0.09258	0.01193	0.01102	0.01411	0.01154	0.01681	0.01649	0.02563	0.01585	0.10759	0.43827	0.00812	0.15970	0.00732	0.00362	0.00686
11	0.01424	0.07369	0.68313	0.01948	0.02956	0.01680	0.02506	0.02204	0.01470	0.02180	0.01238	0.01455	0.00885	0.00660	0.00652	0.00217	0.01016	0.00508	0.00295	0.01024
12	0.02577	0.03217	0.01967	0.01778	0.02145	0.67892	0.01339	0.04894	0.04475	0.01836	0.01161	0.01320	0.00952	0.00731	0.00634	0.00183	0.01217	0.00467	0.00383	0.00832
13	0.01008	0.00704	0.00899	0.00899	0.00946	0.00751	0.00594	0.01103	0.01056	0.01455	0.02073	0.03870	0.02234	0.48657	0.29957	0.00846	0.01132	0.00913	0.00404	0.00499
14	0.00868	0.00626	0.00825	0.00970	0.01032	0.00583	0.00666	0.01010	0.01387	0.01841	0.06584	0.65479	0.08009	0.02123	0.00888	0.00280	0.00411	0.05186	0.00652	0.00575
15	0.01451	0.00810	0.00827	0.00773	0.00983	0.00839	0.00593	0.08435	0.03992	0.02793	0.02235	0.02509	0.01740	0.00820	0.00517	0.00170	0.00377	0.00653	0.68763	0.00720
16	0.01870	0.01566	0.01654	0.01447	0.01866	0.01799	0.01137	0.13270	0.60081	0.03136	0.02669	0.02467	0.01992	0.00931	0.00708	0.00233	0.00584	0.00765	0.00708	0.01117
17	0.00859	0.00620	0.00814	0.00951	0.01011	0.00575	0.00643	0.00998	0.01396	0.01861	0.08896	0.66468	0.08107	0.02110	0.00882	0.00276	0.00397	0.01905	0.00657	0.00575
18	0.00862	0.00612	0.00806	0.00956	0.00994	0.00575	0.00631	0.00975	0.01313	0.01750	0.03726	0.69874	0.04464	0.07539	0.01085	0.00312	0.00425	0.01913	0.00631	0.00556
19	0.00852	0.00623	0.00801	0.00936	0.01005	0.00573	0.00634	0.00987	0.01389	0.01828	0.06503	0.64294	0.12793	0.02109	0.00880	0.00275	0.00396	0.01897	0.00652	0.00573
20	0.04525	0.03350	0.01916	0.10771	0.16768	0.03264	0.01295	0.06124	0.01591	0.02349	0.01262	0.01547	0.01028	0.00594	0.00586	0.00155	0.00677	0.00495	0.00401	0.41305
21	0.06682	0.05056	0.10815	0.10806	0.13982	0.27424	0.06231	0.05279	0.01728	0.02109	0.01192	0.01489	0.00950	0.00694	0.00691	0.00205	0.02865	0.00537	0.00359	0.00905
22	0.04076	0.05364	0.13747	0.06995	0.06611	0.09614	0.03840	0.09840	0.05916	0.10817	0.01537	0.01679	0.01143	0.00711	0.00673	0.00195	0.02273	0.00560	0.00471	0.13938
23	0.01463	0.06964	0.12188	0.01353	0.01761	0.03358	0.05310	0.08540	0.01701	0.06306	0.05376	0.19070	0.17222	0.01316	0.00839	0.00235	0.04535	0.01107	0.00546	0.00810

[dist]
# distance from previous block
# <min> <max>
0	1

[block]
# block no. 1 follows, 30 sequences, length 20
# corresponding to MSA columns:
# 660-679
name=unknown_B
#
# <colnr> <probs for GDERKNQSTAVLIFYWHMCP>
#	G	D	E	R	K	N	Q	S	T	A	V	L	I	F	Y	W	H	M	C	P
0	0.01372	0.01310	0.02259	0.63914	0.10956	0.01571	0.05136	0.01838	0.01425	0.01851	0.01255	0.01849	0.00953	0.00685	0.00703	0.00230	0.00933	0.00630	0.00315	0.00814
1	0.04614	0.01608	0.05224	0.27038	0.02992	0.03796	0.01486	0.18134	0.08184	0.11474	0.01668	0.01856	0.01201	0.00758	0.00673	0.00212	0.00784	0.00613	0.00522	0.07164
2	0.02151	0.01371	0.01597	0.01324	0.01675	0.04081	0.01072	0.11214	0.10307	0.23145	0.02279	0.02298	0.04404	0.00950	0.00961	0.00222	0.14214	0.00692	0.12428	0.03618
3	0.06601	0.01210	0.01590	0.01235	0.01763	0.01084	0.01017	0.03354	0.05183	0.65211	0.02676	0.02329	0.01702	0.00858	0.00690	0.00217	0.00589	0.00691	0.00837	0.01164
4	0.00986	0.00673	0.00762	0.00776	0.00797	0.00660	0.00451	0.01010	0.01085	0.01430	0.02700	0.11050	0.07676	0.63549	0.03115	0.00609	0.00629	0.01135	0.00459	0.00448
5	0.03009	0.01196	0.01606	0.01239	0.01761	0.01054	0.01020	0.05916	0.02048	0.65629	0.05960	0.02483	0.01938	0.00890	0.00707	0.00216	0.00588	0.00726	0.00853	0.01162
6	0.00867	0.00678	0.00786	0.00823	0.00985	0.00597	0.00593	0.01059	0.01595	0.02046	0.19488	0.27057	0.37298	0.01822	0.00844	0.00247	0.00364	0.01583	0.00673	0.00597
7	0.01318	0.01240	0.02093	0.73798	0.04806	0.01550	0.01938	0.01783	0.01395	0.01783	0.01240	0.01860	0.00930	0.00698	0.00698	0.00233	0.00930	0.00620	0.00310	0.00775
8	0.03082	0.01266	0.01668	0.01279	0.01820	0.01142	0.01056	0.10073	0.02128	0.64749	0.02643	0.02304	0.01672	0.00861	0.00701	0.00215	0.00612	0.00694	0.00847	0.01187
9	0.00986	0.00665	0.00770	0.00798	0.00805	0.00657	0.00462	0.01007	0.01071	0.01427	0.02485	0.16796	0.02898	0.62755	0.03090	0.00608	0.00629	0.01183	0.00462	0.00448
10	0.02607	0.03326	0.01978	0.01798	0.02157	0.72674	0.01348	0.02787	0.01978	0.01708	0.01079	0.01258	0.00899	0.00719	0.00629	0.00180	0.01258	0.00449	0.00360	0.00809
11	0.01086	0.00823	0.00992	0.00921	0.01131	0.00790	0.00698	0.04268	0.07040	0.02723	0.52233	0.05119	0.16674	0.01423	0.00810	0.00223	0.00368	0.01235	0.00741	0.00702
12	0.01400	0.03610	0.71860	0.01989	0.03020	0.01621	0.02578	0.02210	0.01473	0.02210	0.01252	0.01473	0.00884	0.00663	0.00663	0.00221	0.01031	0.00516	0.00295	0.01031
13	0.00933	0.00695	0.00868	0.00859	0.01018	0.00630	0.00631	0.01199	0.01796	0.02454	0.47410	0.16767	0.18934	0.01616	0.00834	0.00233	0.00346	0.01420	0.00725	0.00630
14	0.03062	0.01298	0.01688	0.01294	0.01836	0.01189	0.01069	0.12814	0.02182	0.61932	0.02598	0.02274	0.01650	0.00860	0.00701	0.00215	0.00619	0.00691	0.00840	0.01187
15	0.01508	0.01530	0.02425	0.34316	0.17501	0.07268	0.12654	0.01923	0.01517	0.01952	0.01554	0.09755	0.01386	0.00828	0.00732	0.00229	0.00919	0.00788	0.00365	0.00850
16	0.01185	0.00786	0.00921	0.00851	0.01081	0.00719	0.00649	0.03983	0.01844	0.07501	0.34600	0.05095	0.26983	0.01412	0.00774	0.00218	0.00373	0.01202	0.09129	0.00693
17	0.07756	0.05085	0.19307	0.05165	0.05498	0.01555	0.07568	0.11046	0.06020	0.08049	0.09189	0.02078	0.01726	0.00783	0.00672	0.00210	0.00770	0.00659	0.00497	0.06368
18	0.16251	0.30564	0.16664	0.01373	0.02018	0.02088	0.01404	0.12479	0.01718	0.07787	0.01272	0.01375	0.00976	0.00677	0.00547	0.00190	0.00758	0.00467	0.00427	0.00965
19	0.07299	0.01592	0.02842	0.02338	0.08991	0.03669	0.35447	0.02191	0.05889	0.05079	0.12218	0.02625	0.02101	0.00818	0.00771	0.00230	0.00887	0.03633	0.00476	0.00902

[dist]
# distance from previous block
# <min> <max>
1	4

[block]
# block no. 2 follows, 30 sequences, length 24
# corresponding to MSA columns:
# 684-707
name=unknown_C
#
# <colnr> <probs for GDERKNQSTAVLIFYWHMCP>
#	G	D	E	R	K	N	Q	S	T	A	V	L	I	F	Y	W	H	M	C	P
0	0.02242	0.04769	0.02120	0.11194	0.07508	0.04508	0.01419	0.42368	0.08595	0.03489	0.01804	0.01897	0.03262	0.00827	0.00690	0.00212	0.00779	0.00649	0.00593	0.01077
1	0.01828	0.33552	0.19448	0.01663	0.02334	0.06112	0.10418	0.02304	0.03927	0.07137	0.01413	0.01739	0.01150	0.00706	0.00608	0.00195	0.00877	0.03263	0.00379	0.00947
2	0.09923	0.10275	0.07061	0.01862	0.10852	0.11609	0.07112	0.06466	0.07036	0.03957	0.03458	0.01711	0.01274	0.00857	0.03226	0.00224	0.00845	0.00566	0.00433	0.11254
3	0.01855	0.01848	0.04930	0.05072	0.17844	0.10674	0.14668	0.02412	0.09416	0.07963	0.01565	0.01868	0.01229	0.00985	0.04252	0.00270	0.11098	0.00666	0.00427	0.00958
4	0.00921	0.00757	0.00819	0.00823	0.01035	0.00687	0.00609	0.01253	0.07122	0.02060	0.13658	0.16194	0.48130	0.01723	0.00825	0.00241	0.00374	0.01468	0.00667	0.00636
5	0.44829	0.01276	0.01244	0.01040	0.01496	0.01343	0.00853	0.06016	0.01593	0.24791	0.02100	0.02038	0.07132	0.00823	0.00566	0.00217	0.00553	0.00589	0.00602	0.00902
6	0.06006	0.01433	0.04729	0.02161	0.15509	0.01329	0.15816	0.07005	0.01758	0.11941	0.08957	0.13544	0.02345	0.01031	0.00760	0.00232	0.00738	0.03237	0.00546	0.00922
7	0.01195	0.00800	0.01113	0.01246	0.01412	0.00787	0.01064	0.01490	0.01595	0.05603	0.03664	0.15452	0.03969	0.01904	0.00942	0.00311	0.00612	0.55525	0.00654	0.00662
8	0.01346	0.01260	0.02079	0.65158	0.07639	0.01509	0.01865	0.01798	0.01408	0.01843	0.01244	0.01823	0.00946	0.00681	0.00684	0.00222	0.00895	0.00605	0.00319	0.06677
9	0.00906	0.00652	0.00871	0.01005	0.01076	0.00624	0.00716	0.01070	0.01389	0.01852	0.06850	0.54488	0.06387	0.04444	0.04878	0.00341	0.00520	0.10719	0.00631	0.00581
10	0.01828	0.01773	0.02992	0.03575	0.45289	0.05513	0.18019	0.02315	0.03896	0.05800	0.01448	0.01801	0.01148	0.00642	0.00721	0.00214	0.00915	0.00671	0.00386	0.01054
11	0.01015	0.00677	0.00761	0.00761	0.00761	0.00677	0.00423	0.01015	0.01015	0.01353	0.02199	0.04567	0.02537	0.75476	0.03552	0.00677	0.00677	0.01015	0.00423	0.00423
12	0.01212	0.00606	0.00909	0.00909	0.00909	0.00606	0.00606	0.00909	0.00909	0.01212	0.01212	0.02121	0.01212	0.02424	0.02727	0.79697	0.00606	0.00606	0.00303	0.00303
13	0.01548	0.02660	0.38799	0.01992	0.07656	0.05426	0.05391	0.07188	0.04046	0.02276	0.01578	0.01907	0.02997	0.03161	0.07894	0.00322	0.03211	0.00619	0.00372	0.00958
14	0.01766	0.46436	0.26223	0.01504	0.02227	0.07594	0.01666	0.02182	0.01478	0.01836	0.01072	0.01248	0.00892	0.00628	0.00533	0.00175	0.00879	0.00426	0.00302	0.00934
15	0.02414	0.01564	0.01759	0.01433	0.01920	0.01684	0.01156	0.25014	0.29624	0.21986	0.02434	0.02237	0.01711	0.00888	0.00704	0.00222	0.00634	0.00713	0.00748	0.01154
16	0.00870	0.00663	0.00800	0.00863	0.00995	0.00593	0.00610	0.01052	0.01553	0.02024	0.18607	0.37656	0.27415	0.01889	0.00855	0.00254	0.00372	0.01663	0.00672	0.00593
17	0.07245	0.30292	0.11781	0.01689	0.07259	0.19077	0.01453	0.04732	0.06724	0.02072	0.01223	0.01376	0.01004	0.00675	0.00565	0.00183	0.00885	0.00469	0.00370	0.00925
18	0.04542	0.01821	0.05123	0.06672	0.45687	0.06171	0.06989	0.05068	0.06751	0.02381	0.01417	0.01749	0.01140	0.00664	0.00689	0.00212	0.00861	0.00627	0.00388	0.01048
19	0.01055	0.00748	0.00803	0.00816	0.01007	0.00714	0.00601	0.01440	0.07979	0.02205	0.07668	0.17930	0.29760	0.01487	0.00733	0.00224	0.00373	0.01266	0.22539	0.00654
20	0.01027	0.00761	0.01053	0.01039	0.01118	0.00868	0.00759	0.01192	0.01085	0.01538	0.01931	0.03268	0.01960	0.27462	0.47431	0.00942	0.04790	0.00827	0.00386	0.00566
21	0.04281	0.12241	0.08001	0.10651	0.13301	0.14140	0.01562	0.15361	0.03695	0.06406	0.03042	0.01673	0.01199	0.00732	0.00644	0.00201	0.00868	0.00567	0.00453	0.00980
22	0.20763	0.20640	0.02143	0.01477	0.06826	0.15481	0.01138	0.06985	0.01610	0.02339	0.01139	0.01342	0.00951	0.00827	0.03414	0.00213	0.00818	0.00446	0.00392	0.11058
23	0.01861	0.12540	0.07542	0.03965	0.10999	0.13988	0.09001	0.07187	0.01708	0.04039	0.03792	0.04714	0.01352	0.00800	0.00807	0.00204	0.07663	0.00637	0.00407	0.06793

[dist]
# distance from previous block
# <min> <max>
1	8

[block]
# block no. 3 follows, 30 sequences, length 14
# corresponding to MSA columns:
# 716-729
name=unknown_D
#
# <colnr> <probs for GDERKNQSTAVLIFYWHMCP>
#	G	D	E	R	K	N	Q	S	T	A	V	L	I	F	Y	W	H	M	C	P
0	0.01648	0.01397	0.04117	0.01339	0.06460	0.01091	0.01024	0.06281	0.01612	0.06734	0.01368	0.01540	0.01086	0.00572	0.00557	0.00129	0.00578	0.00463	0.00451	0.61553
1	0.01651	0.18142	0.14741	0.13600	0.21214	0.01924	0.09739	0.04225	0.01542	0.02091	0.01224	0.01580	0.00984	0.00663	0.00715	0.00208	0.03888	0.00573	0.00332	0.00965
2	0.01843	0.01846	0.02526	0.02026	0.02309	0.10584	0.16767	0.07250	0.03992	0.04793	0.01248	0.01659	0.01043	0.00962	0.01512	0.00261	0.37469	0.00651	0.00389	0.00871
3	0.01447	0.01240	0.01447	0.01034	0.01654	0.00930	0.00827	0.01757	0.01447	0.02274	0.01240	0.01447	0.01034	0.00517	0.00517	0.00103	0.00517	0.00413	0.00413	0.79742
4	0.01031	0.00771	0.00965	0.00906	0.01092	0.00733	0.00682	0.01471	0.06953	0.02743	0.61288	0.05126	0.10756	0.01415	0.00815	0.00222	0.00347	0.01242	0.00755	0.00686
5	0.02039	0.01029	0.01336	0.01154	0.01495	0.00963	0.00906	0.04764	0.04384	0.33344	0.08891	0.20323	0.06320	0.01303	0.00822	0.00236	0.03230	0.02728	0.00737	0.03997
6	0.01247	0.01324	0.08129	0.14975	0.07112	0.01167	0.11140	0.03868	0.01597	0.02160	0.11669	0.21225	0.07289	0.01253	0.00793	0.00243	0.00705	0.02819	0.00508	0.00775
7	0.01419	0.03474	0.66539	0.02064	0.03069	0.01632	0.07763	0.02212	0.01487	0.02212	0.01265	0.01505	0.00898	0.00657	0.00676	0.00222	0.01043	0.00540	0.00299	0.01024
8	0.00846	0.00623	0.00794	0.00931	0.01001	0.00570	0.00630	0.00976	0.01375	0.01797	0.04341	0.64534	0.14782	0.02122	0.00881	0.00276	0.00397	0.01905	0.00648	0.00570
9	0.05661	0.01383	0.02027	0.04493	0.14910	0.01670	0.03742	0.04334	0.01331	0.04814	0.01339	0.01953	0.01204	0.05489	0.12568	0.00415	0.30808	0.00655	0.00376	0.00828
10	0.01454	0.01423	0.01989	0.34896	0.13715	0.07566	0.01635	0.01787	0.01425	0.01850	0.03772	0.08042	0.01529	0.04793	0.01077	0.00261	0.10872	0.00759	0.00368	0.00788
11	0.01858	0.01103	0.01297	0.01106	0.01475	0.01079	0.00875	0.07622	0.15256	0.23077	0.16093	0.03959	0.19840	0.01205	0.00756	0.00225	0.00492	0.01006	0.00750	0.00926
12	0.00928	0.00694	0.00870	0.00948	0.01066	0.00653	0.00677	0.01194	0.04574	0.02074	0.18106	0.43501	0.14945	0.01897	0.00862	0.00263	0.00400	0.05053	0.00675	0.00617
13	0.11541	0.13125	0.05604	0.06233	0.14854	0.05622	0.18524	0.06233	0.01639	0.02332	0.01434	0.02051	0.01222	0.00740	0.00673	0.00216	0.00887	0.05760	0.00393	0.00920

[dist]
# distance from previous block
# <min> <max>
0	1

[block]
# block no. 4 follows, 30 sequences, length 18
# corresponding to MSA columns:
# 731-748
name=unknown_E
#
# <colnr> <probs for GDERKNQSTAVLIFYWHMCP>
#	G	D	E	R	K	N	Q	S	T	A	V	L	I	F	Y	W	H	M	C	P
0	0.01836	0.01779	0.05592	0.13518	0.27825	0.05703	0.07038	0.11245	0.05640	0.04640	0.01524	0.01954	0.01218	0.00763	0.00792	0.00223	0.04703	0.02570	0.00431	0.01005
1	0.01907	0.01883	0.01917	0.07860	0.02122	0.17896	0.01362	0.08740	0.10300	0.04303	0.01440	0.01868	0.01224	0.05735	0.01451	0.00273	0.27807	0.00628	0.00433	0.00851
2	0.07595	0.01655	0.02433	0.09598	0.43685	0.05793	0.04023	0.06805	0.01715	0.02452	0.06394	0.01925	0.01458	0.00709	0.00683	0.00211	0.00812	0.00648	0.00406	0.01000
3	0.00848	0.00615	0.00802	0.00952	0.01007	0.00568	0.00639	0.00974	0.01355	0.01789	0.04083	0.70006	0.09477	0.02155	0.00886	0.00280	0.00401	0.01946	0.00648	0.00568
4	0.02203	0.01898	0.01849	0.01549	0.01972	0.11360	0.01233	0.32732	0.23068	0.03294	0.02037	0.06216	0.01622	0.00954	0.00787	0.00223	0.04585	0.00732	0.00633	0.01053
5	0.01697	0.01627	0.02778	0.09446	0.66197	0.01650	0.02126	0.02115	0.01575	0.02243	0.01307	0.01737	0.01092	0.00627	0.00691	0.00209	0.00837	0.00622	0.00343	0.01081
6	0.01301	0.01198	0.01866	0.36316	0.06722	0.01437	0.03350	0.01708	0.04106	0.01916	0.07241	0.07574	0.05271	0.04230	0.01106	0.00265	0.12386	0.00837	0.00410	0.00760
7	0.01437	0.01445	0.01648	0.01488	0.01668	0.14703	0.05074	0.01675	0.01304	0.01684	0.01517	0.02186	0.01391	0.03366	0.41847	0.00741	0.15096	0.00671	0.00357	0.00703
8	0.00935	0.00643	0.00785	0.00863	0.00882	0.00624	0.00531	0.00994	0.01170	0.01560	0.02994	0.38594	0.03541	0.40079	0.02267	0.00487	0.00545	0.01483	0.00531	0.00492
9	0.01742	0.04845	0.07742	0.13699	0.27492	0.04531	0.08817	0.11113	0.01763	0.02384	0.01462	0.05817	0.01243	0.00775	0.00761	0.00220	0.03519	0.00695	0.00399	0.00980
10	0.01571	0.01521	0.02301	0.51370	0.12166	0.07929	0.06769	0.02006	0.01510	0.04382	0.01301	0.01811	0.00986	0.00689	0.00700	0.00224	0.00954	0.00623	0.00342	0.00844
11	0.00850	0.00607	0.00810	0.00972	0.01012	0.00567	0.00648	0.00972	0.01336	0.01781	0.03846	0.75020	0.04615	0.02186	0.00891	0.00283	0.00405	0.01984	0.00648	0.00567
12	0.00889	0.00697	0.00804	0.00804	0.00989	0.00612	0.00593	0.01116	0.01702	0.02214	0.30488	0.14772	0.38445	0.01693	0.00832	0.00236	0.00351	0.01458	0.00693	0.00612
13	0.02160	0.09427	0.06716	0.01656	0.05621	0.12372	0.01334	0.18725	0.20995	0.08447	0.01952	0.04297	0.01510	0.00850	0.00670	0.00210	0.00773	0.00664	0.00577	0.01043
14	0.02749	0.01268	0.01592	0.01248	0.01742	0.01198	0.01022	0.13979	0.05099	0.49305	0.04910	0.02505	0.03884	0.00906	0.00697	0.00213	0.00590	0.00732	0.05243	0.01118
15	0.01318	0.01240	0.02093	0.73798	0.04806	0.01550	0.01938	0.01783	0.01395	0.01783	0.01240	0.01860	0.00930	0.00698	0.00698	0.00233	0.00930	0.00620	0.00310	0.00775
16	0.01516	0.06981	0.07328	0.03739	0.18355	0.01317	0.01310	0.05789	0.06570	0.06002	0.02400	0.20627	0.04906	0.04921	0.00973	0.04240	0.00660	0.01008	0.00503	0.00854
17	0.01855	0.12135	0.12434	0.15175	0.06761	0.19032	0.05376	0.03736	0.04396	0.04899	0.06478	0.01847	0.01434	0.00748	0.00659	0.00204	0.00931	0.00600	0.00404	0.00896

[dist]
# distance from previous block
# <min> <max>
0	2

[block]
# block no. 5 follows, 30 sequences, length 63
# corresponding to MSA columns:
# 751-794,797-809,817-822
name=unknown_F
#
# <colnr> <probs for GDERKNQSTAVLIFYWHMCP>
#	G	D	E	R	K	N	Q	S	T	A	V	L	I	F	Y	W	H	M	C	P
0	0.02009	0.01802	0.03818	0.05697	0.02152	0.13104	0.05154	0.15999	0.10177	0.08436	0.01867	0.08359	0.01547	0.00866	0.00677	0.00198	0.00768	0.00713	0.00545	0.16113
1	0.02183	0.07019	0.02019	0.01710	0.05943	0.25381	0.03922	0.15431	0.08102	0.07333	0.05111	0.09155	0.01785	0.00934	0.00690	0.00207	0.00862	0.00744	0.00535	0.00932
2	0.02058	0.01729	0.03881	0.03859	0.04604	0.09138	0.09822	0.23732	0.02137	0.10142	0.01986	0.13125	0.01752	0.03162	0.03053	0.00266	0.03182	0.00861	0.00564	0.00949
3	0.09118	0.03454	0.01461	0.04746	0.01720	0.06590	0.00985	0.06098	0.15695	0.09012	0.04839	0.03005	0.15942	0.01190	0.03607	0.00249	0.02902	0.00801	0.00577	0.08008
4	0.01014	0.00680	0.00781	0.00781	0.00788	0.00687	0.00447	0.01027	0.01021	0.01368	0.02181	0.04467	0.02494	0.71635	0.07334	0.00701	0.00742	0.01000	0.00420	0.00434
5	0.01408	0.01694	0.12427	0.01551	0.04784	0.07437	0.07042	0.01790	0.01623	0.02259	0.18763	0.07289	0.04417	0.00980	0.00811	0.00201	0.05657	0.00828	0.00484	0.18554
6	0.02219	0.17151	0.02246	0.01615	0.04546	0.22920	0.01265	0.13350	0.20225	0.05212	0.01697	0.01718	0.01314	0.00776	0.00630	0.00196	0.00846	0.00570	0.00514	0.00991
7	0.00984	0.00741	0.00928	0.01010	0.01140	0.00719	0.00743	0.01334	0.07555	0.02086	0.13886	0.40848	0.12503	0.01879	0.00867	0.00270	0.00434	0.10761	0.00670	0.00641
8	0.01659	0.08209	0.32289	0.07211	0.19619	0.01717	0.09473	0.04240	0.01591	0.05558	0.01347	0.01627	0.01011	0.00657	0.00676	0.00214	0.00940	0.00584	0.00354	0.01025
9	0.02005	0.19225	0.11415	0.01706	0.02284	0.01978	0.11748	0.19769	0.01993	0.08544	0.03961	0.03720	0.01371	0.00810	0.00784	0.00211	0.06345	0.00649	0.00487	0.00994
10	0.00963	0.00696	0.00930	0.01053	0.01164	0.00663	0.00809	0.01185	0.01531	0.02030	0.12903	0.38218	0.08547	0.01970	0.00903	0.00285	0.00475	0.24404	0.00662	0.00607
11	0.01400	0.03610	0.71860	0.01989	0.03020	0.01621	0.02578	0.02210	0.01473	0.02210	0.01252	0.01473	0.00884	0.00663	0.00663	0.00221	0.01031	0.00516	0.00295	0.01031
12	0.01774	0.06764	0.12614	0.09807	0.27929	0.06557	0.06156	0.07391	0.09764	0.02374	0.01473	0.01743	0.01153	0.00693	0.00679	0.00212	0.00877	0.00612	0.00403	0.01024
13	0.01026	0.00790	0.01177	0.01160	0.01278	0.00941	0.00908	0.01270	0.01119	0.01623	0.01817	0.02675	0.01699	0.05014	0.68860	0.01077	0.05824	0.00740	0.00370	0.00631
14	0.06046	0.01346	0.01631	0.01279	0.01784	0.01317	0.01049	0.17635	0.06369	0.45074	0.02415	0.02199	0.01597	0.00851	0.00676	0.00212	0.00609	0.00674	0.06111	0.01128
15	0.01517	0.21798	0.54699	0.01789	0.02711	0.01908	0.02230	0.02180	0.01459	0.02067	0.01181	0.01384	0.00887	0.00646	0.00609	0.00203	0.00960	0.00480	0.00296	0.00997
16	0.01729	0.02270	0.15150	0.07512	0.08847	0.15389	0.19003	0.04208	0.01610	0.02062	0.01311	0.01723	0.01051	0.01151	0.07897	0.00311	0.06898	0.00633	0.00349	0.00897
17	0.02084	0.01568	0.01700	0.01436	0.01880	0.01752	0.01143	0.21204	0.43499	0.09472	0.04790	0.02419	0.01988	0.00926	0.00710	0.00227	0.00607	0.00754	0.00723	0.01119
18	0.01313	0.00866	0.01057	0.00969	0.01176	0.00863	0.00737	0.07261	0.04318	0.06191	0.37382	0.04256	0.04362	0.08562	0.05127	0.00311	0.00521	0.03641	0.10367	0.00720
19	0.02633	0.01898	0.02042	0.01570	0.02118	0.02090	0.01296	0.65061	0.03195	0.06411	0.01724	0.01721	0.01219	0.00838	0.00693	0.00208	0.00751	0.00631	0.02730	0.01173
20	0.02328	0.01780	0.01894	0.01441	0.02009	0.04285	0.01178	0.45698	0.02682	0.05734	0.01565	0.01618	0.01150	0.00744	0.00645	0.00179	0.00710	0.00564	0.00611	0.23185
21	0.00907	0.00685	0.00838	0.00853	0.01007	0.00616	0.00620	0.01141	0.01706	0.02285	0.35942	0.23232	0.24196	0.01714	0.00841	0.00240	0.00355	0.01503	0.00704	0.00616
22	0.01073	0.00881	0.01020	0.01058	0.01150	0.06060	0.00754	0.01231	0.01233	0.01628	0.02495	0.25768	0.02734	0.16943	0.31911	0.00705	0.01141	0.01165	0.00468	0.00582
23	0.01050	0.00821	0.01210	0.01193	0.01305	0.00982	0.00941	0.01289	0.01147	0.01653	0.01928	0.05173	0.01865	0.04590	0.60163	0.00977	0.08761	0.03928	0.00389	0.00636
24	0.00864	0.00617	0.00826	0.00988	0.01034	0.00579	0.00672	0.00996	0.01350	0.01797	0.03838	0.71595	0.04585	0.02173	0.00894	0.00285	0.00417	0.05271	0.00648	0.00571
25	0.00858	0.00647	0.00797	0.00911	0.01016	0.00586	0.00639	0.01006	0.01425	0.01828	0.04780	0.51391	0.23932	0.02050	0.00875	0.00272	0.00403	0.05358	0.00648	0.00577
26	0.00873	0.00626	0.00820	0.00944	0.01004	0.00583	0.00636	0.01017	0.01410	0.01892	0.12105	0.61513	0.06816	0.05012	0.00987	0.00290	0.00405	0.01841	0.00654	0.00573
27	0.01519	0.03203	0.53451	0.02123	0.03036	0.05275	0.14057	0.02306	0.04388	0.02218	0.01338	0.01581	0.00968	0.00665	0.00691	0.00222	0.01048	0.00578	0.00326	0.01007
28	0.11216	0.01117	0.01376	0.01141	0.01558	0.01053	0.00913	0.05419	0.04223	0.41410	0.08653	0.11609	0.05098	0.01088	0.00710	0.00226	0.00538	0.00902	0.00759	0.00990
29	0.04258	0.01413	0.01757	0.03512	0.01872	0.05820	0.07427	0.13224	0.03586	0.06593	0.02238	0.05458	0.05078	0.01100	0.00984	0.00240	0.13070	0.09539	0.11990	0.00841
30	0.62053	0.09893	0.01442	0.01049	0.01498	0.07660	0.00877	0.04738	0.01362	0.02895	0.01008	0.01164	0.00800	0.00656	0.00461	0.00205	0.00632	0.00393	0.00421	0.00793
31	0.01074	0.00828	0.00939	0.00890	0.01113	0.00803	0.00673	0.01609	0.12345	0.02507	0.34510	0.05101	0.26356	0.01417	0.00781	0.00223	0.00371	0.01212	0.06543	0.00705
32	0.01719	0.01747	0.07509	0.18803	0.33535	0.03778	0.11115	0.02170	0.01569	0.06814	0.01383	0.01783	0.01075	0.00676	0.00760	0.00221	0.03341	0.00642	0.00369	0.00991
33	0.02293	0.30803	0.04785	0.01552	0.02045	0.35780	0.01325	0.10076	0.01898	0.02007	0.01111	0.01260	0.00930	0.00685	0.00569	0.00173	0.01000	0.00443	0.00373	0.00892
34	0.00935	0.00709	0.00869	0.00891	0.01061	0.00643	0.00679	0.01185	0.01712	0.02265	0.31684	0.15692	0.26815	0.01710	0.00852	0.00247	0.00390	0.10344	0.00695	0.00621
35	0.01981	0.10655	0.06051	0.05832	0.02409	0.29491	0.10052	0.02259	0.01573	0.01790	0.01083	0.01438	0.00924	0.00819	0.01083	0.00222	0.20629	0.00544	0.00331	0.00833
36	0.02095	0.00983	0.01269	0.01058	0.01422	0.00892	0.00842	0.02473	0.05550	0.36498	0.24711	0.03562	0.07281	0.01096	0.00731	0.00215	0.00472	0.00926	0.06987	0.00937
37	0.01866	0.75896	0.03657	0.01194	0.01791	0.02761	0.01194	0.02090	0.01418	0.01642	0.00970	0.01119	0.00896	0.00597	0.00448	0.00149	0.00746	0.00373	0.00299	0.00896
38	0.01527	0.01527	0.02137	0.01832	0.01832	0.02137	0.01527	0.01679	0.01069	0.01679	0.00916	0.01527	0.00916	0.01221	0.02290	0.00305	0.74198	0.00611	0.00305	0.00763
39	0.02842	0.01126	0.01514	0.01185	0.01676	0.00979	0.00967	0.03097	0.01917	0.62554	0.03043	0.02775	0.07010	0.03092	0.02662	0.00254	0.00611	0.00770	0.00822	0.01106
40	0.02842	0.01122	0.01519	0.01187	0.01669	0.00977	0.00966	0.03106	0.01954	0.62219	0.09104	0.02733	0.02217	0.04035	0.00832	0.00236	0.00572	0.00767	0.00836	0.01106
41	0.02653	0.01955	0.02094	0.01606	0.02164	0.02164	0.01326	0.68796	0.03281	0.04398	0.01675	0.01675	0.01187	0.00838	0.00698	0.00209	0.00768	0.00628	0.00698	0.01187
42	0.01527	0.01527	0.02137	0.01832	0.01832	0.02137	0.01527	0.01679	0.01069	0.01679	0.00916	0.01527	0.00916	0.01221	0.02290	0.00305	0.74198	0.00611	0.00305	0.00763
43	0.00854	0.00614	0.00803	0.00952	0.01001	0.00571	0.00635	0.00974	0.01338	0.01773	0.03949	0.69513	0.07731	0.04482	0.00972	0.00294	0.00411	0.01929	0.00641	0.00563
44	0.80405	0.01350	0.01026	0.00918	0.01350	0.01565	0.00756	0.02051	0.01188	0.03131	0.00972	0.01134	0.00756	0.00648	0.00432	0.00216	0.00540	0.00378	0.00432	0.00756
45	0.01712	0.01643	0.02806	0.06791	0.68730	0.01654	0.02134	0.02129	0.01582	0.02262	0.01310	0.01732	0.01099	0.00624	0.00691	0.00208	0.00833	0.00622	0.00344	0.01093
46	0.03131	0.01188	0.01619	0.01242	0.01781	0.01026	0.01026	0.03401	0.01997	0.71606	0.02753	0.02375	0.01727	0.00864	0.00702	0.00216	0.00594	0.00702	0.00864	0.01188
47	0.01612	0.01778	0.03538	0.02616	0.03116	0.01874	0.48951	0.02073	0.01478	0.02073	0.01267	0.01778	0.01017	0.00774	0.01253	0.00256	0.22559	0.00761	0.00339	0.00889
48	0.80405	0.01350	0.01026	0.00918	0.01350	0.01565	0.00756	0.02051	0.01188	0.03131	0.00972	0.01134	0.00756	0.00648	0.00432	0.00216	0.00540	0.00378	0.00432	0.00756
49	0.00843	0.00689	0.00744	0.00770	0.00964	0.00591	0.00562	0.01022	0.01575	0.01941	0.11686	0.19208	0.53349	0.01817	0.00837	0.00243	0.00361	0.01550	0.00658	0.00591
50	0.01645	0.01145	0.01312	0.01140	0.01463	0.01193	0.00893	0.12588	0.19145	0.09582	0.29216	0.03695	0.07763	0.01150	0.00747	0.00220	0.00480	0.00973	0.04753	0.00898
51	0.02160	0.02472	0.02058	0.01784	0.02188	0.38706	0.08839	0.02986	0.24507	0.02183	0.01789	0.01995	0.01430	0.00820	0.00689	0.00210	0.00994	0.02790	0.00485	0.00917
52	0.01089	0.00889	0.01185	0.01184	0.01323	0.03441	0.05842	0.05145	0.01531	0.02019	0.06844	0.58875	0.04107	0.01893	0.00861	0.00268	0.00512	0.01722	0.00624	0.00645
53	0.00849	0.00648	0.00781	0.00874	0.00990	0.00580	0.00607	0.01001	0.01460	0.01873	0.08628	0.47393	0.27808	0.01999	0.00864	0.00263	0.00383	0.01766	0.00654	0.00580
54	0.01318	0.01240	0.02093	0.73798	0.04806	0.01550	0.01938	0.01783	0.01395	0.01783	0.01240	0.01860	0.00930	0.00698	0.00698	0.00233	0.00930	0.00620	0.00310	0.00775
55	0.02629	0.01697	0.01886	0.01458	0.01985	0.01808	0.01201	0.49977	0.02879	0.18212	0.02138	0.02057	0.04108	0.00879	0.00696	0.00210	0.00699	0.00678	0.03660	0.01143
56	0.01024	0.00731	0.00835	0.00813	0.01031	0.00634	0.00608	0.01239	0.01686	0.06845	0.22066	0.13200	0.43435	0.01666	0.00823	0.00235	0.00369	0.01422	0.00692	0.00645
57	0.01381	0.01169	0.01388	0.01037	0.01588	0.00906	0.00820	0.01676	0.01417	0.02199	0.01429	0.05566	0.01282	0.00958	0.05886	0.00189	0.00611	0.00524	0.00423	0.69550
58	0.01263	0.00998	0.01457	0.03011	0.01533	0.01182	0.03520	0.03776	0.01260	0.04502	0.01890	0.09564	0.01848	0.08283	0.37259	0.00725	0.15968	0.00853	0.00418	0.00689
59	0.02059	0.01958	0.01952	0.01722	0.04301	0.25545	0.09178	0.04754	0.05665	0.11470	0.03912	0.10337	0.01782	0.01147	0.03808	0.00255	0.05055	0.00789	0.03443	0.00867
60	0.12322	0.01352	0.05124	0.09555	0.11336	0.01249	0.01268	0.02590	0.03777	0.32754	0.06217	0.02313	0.01738	0.04396	0.00808	0.00240	0.00663	0.00683	0.00618	0.00997
61	0.01820	0.01731	0.02430	0.26425	0.10462	0.10127	0.12630	0.08507	0.04406	0.05761	0.01418	0.01784	0.01080	0.00734	0.00805	0.00222	0.05515	0.00639	0.00410	0.03096
62	0.03962	0.01544	0.05564	0.18967	0.19293	0.03625	0.08009	0.05845	0.01549	0.02169	0.01602	0.10028	0.01457	0.01051	0.03363	0.00264	0.07494	0.00781	0.02557	0.00874

[dist]
# distance from previous block
# <min> <max>
0	3

[block]
# block no. 6 follows, 30 sequences, length 25
# corresponding to MSA columns:
# 831-855
name=unknown_G
#
# <colnr> <probs for GDERKNQSTAVLIFYWHMCP>
#	G	D	E	R	K	N	Q	S	T	A	V	L	I	F	Y	W	H	M	C	P
0	0.01787	0.05654	0.02711	0.27736	0.13465	0.11554	0.16943	0.05455	0.01676	0.04453	0.01326	0.01732	0.01019	0.00672	0.00703	0.00216	0.00988	0.00633	0.00369	0.00906
1	0.01552	0.01093	0.01477	0.01384	0.05647	0.01106	0.04871	0.02127	0.14045	0.13519	0.18386	0.07486	0.13056	0.05794	0.01029	0.00261	0.04630	0.01039	0.00653	0.00844
2	0.01088	0.00839	0.00975	0.00974	0.01147	0.03013	0.00730	0.03666	0.01713	0.02315	0.27975	0.22011	0.12572	0.04138	0.00916	0.00256	0.00448	0.08575	0.03306	0.03342
3	0.01348	0.01134	0.01191	0.01041	0.01381	0.06439	0.00810	0.04321	0.01677	0.02342	0.14841	0.10331	0.08997	0.01139	0.00690	0.00189	0.00520	0.06915	0.07937	0.26758
4	0.00867	0.00665	0.00794	0.00854	0.00992	0.00593	0.00605	0.01048	0.01553	0.02013	0.17737	0.35988	0.30012	0.01884	0.00853	0.00253	0.00371	0.01654	0.00671	0.00593
5	0.01447	0.01240	0.01447	0.01034	0.01654	0.00930	0.00827	0.01757	0.01447	0.02274	0.01240	0.01447	0.01034	0.00517	0.00517	0.00103	0.00517	0.00413	0.00413	0.79742
6	0.01479	0.01617	0.03373	0.07492	0.03248	0.01536	0.51731	0.01979	0.01596	0.02131	0.02115	0.09142	0.07395	0.00847	0.00821	0.00240	0.01016	0.00974	0.00403	0.00864
7	0.01773	0.41161	0.25356	0.01501	0.02220	0.02272	0.01645	0.07896	0.06353	0.02147	0.01251	0.01384	0.01002	0.00663	0.00557	0.00184	0.00826	0.00470	0.00360	0.00978
8	0.00961	0.00908	0.05797	0.00987	0.01186	0.00727	0.00783	0.01287	0.05113	0.02128	0.19816	0.35321	0.18871	0.01750	0.00836	0.00252	0.00428	0.01543	0.00654	0.00653
9	0.00867	0.00619	0.00829	0.00990	0.01038	0.00581	0.00676	0.01000	0.01352	0.01800	0.03837	0.70996	0.04579	0.02171	0.00895	0.00286	0.00419	0.05846	0.00647	0.00571
10	0.00986	0.00754	0.00923	0.00976	0.01145	0.00715	0.00752	0.01322	0.05707	0.02157	0.18460	0.22213	0.23120	0.01781	0.00864	0.00263	0.00437	0.16108	0.00675	0.00641
11	0.01815	0.01594	0.02678	0.07860	0.51905	0.01603	0.06263	0.05644	0.01690	0.07261	0.01522	0.04291	0.01260	0.00706	0.00708	0.00214	0.00823	0.00687	0.00409	0.01067
12	0.01631	0.01715	0.01972	0.01729	0.01805	0.13558	0.01408	0.01802	0.01225	0.01676	0.01074	0.01649	0.01027	0.01690	0.11688	0.00397	0.52275	0.00603	0.00324	0.00752
13	0.32366	0.02192	0.01683	0.04125	0.05874	0.28182	0.01184	0.12393	0.01828	0.02695	0.01147	0.01322	0.00900	0.00703	0.00570	0.00202	0.00873	0.00465	0.00436	0.00861
14	0.00964	0.00709	0.00902	0.00860	0.01030	0.00647	0.00643	0.01268	0.01909	0.02657	0.61048	0.07597	0.14183	0.01491	0.00825	0.00223	0.00334	0.01310	0.00750	0.00647
15	0.02418	0.01869	0.01948	0.01509	0.02040	0.05418	0.01232	0.54122	0.02937	0.03936	0.05738	0.01842	0.01479	0.00832	0.00682	0.00197	0.00738	0.00634	0.00654	0.09775
16	0.01801	0.01976	0.09801	0.02298	0.02924	0.01827	0.35682	0.13491	0.14644	0.02696	0.01687	0.01929	0.01258	0.00730	0.00826	0.00233	0.03970	0.00746	0.00469	0.01014
17	0.01400	0.03610	0.71860	0.01989	0.03020	0.01621	0.02578	0.02210	0.01473	0.02210	0.01252	0.01473	0.00884	0.00663	0.00663	0.00221	0.01031	0.00516	0.00295	0.01031
18	0.02064	0.10408	0.06452	0.24772	0.02931	0.04273	0.01517	0.16640	0.07164	0.14495	0.01680	0.01834	0.01206	0.00762	0.00665	0.00213	0.00805	0.00607	0.00519	0.00991
19	0.00925	0.00702	0.00836	0.00838	0.01001	0.00633	0.00616	0.01152	0.01676	0.02217	0.32459	0.12961	0.28562	0.07806	0.01064	0.00275	0.00390	0.04605	0.00679	0.00604
20	0.00909	0.00660	0.00838	0.00929	0.01012	0.00626	0.00646	0.01056	0.01377	0.01821	0.08981	0.41791	0.12835	0.13034	0.05270	0.00380	0.00531	0.06132	0.00608	0.00564
21	0.01348	0.01299	0.02279	0.67301	0.04700	0.01570	0.08049	0.01824	0.01418	0.01824	0.01256	0.01862	0.00942	0.00688	0.00709	0.00233	0.00953	0.00639	0.00314	0.00790
22	0.30872	0.03837	0.01855	0.03490	0.02001	0.15251	0.06909	0.12265	0.01771	0.09240	0.01306	0.01463	0.00983	0.00739	0.00688	0.00214	0.05226	0.00518	0.00477	0.00891
23	0.11248	0.01607	0.04793	0.12043	0.31362	0.01608	0.10978	0.02278	0.08498	0.04629	0.03310	0.01887	0.01296	0.00694	0.00683	0.00219	0.00813	0.00653	0.00416	0.00986
24	0.01835	0.01619	0.05492	0.07072	0.05418	0.09351	0.01202	0.20154	0.02078	0.04493	0.08470	0.06458	0.02028	0.00942	0.00675	0.00204	0.00694	0.02939	0.14096	0.04780

[dist]
# distance from previous block
# <min> <max>
1	3

[block]
# block no. 7 follows, 30 sequences, length 25
# corresponding to MSA columns:
# 859-883
name=unknown_H
#
# <colnr> <probs for GDERKNQSTAVLIFYWHMCP>
#	G	D	E	R	K	N	Q	S	T	A	V	L	I	F	Y	W	H	M	C	P
0	0.31017	0.04013	0.12162	0.03447	0.01974	0.09915	0.01248	0.09340	0.01681	0.11810	0.01361	0.01462	0.00993	0.00698	0.00568	0.00203	0.00745	0.00485	0.00479	0.06401
1	0.00914	0.00660	0.00840	0.00896	0.00992	0.00612	0.00620	0.01102	0.01553	0.02110	0.27817	0.37572	0.10449	0.09197	0.01127	0.00296	0.00401	0.01588	0.00668	0.00587
2	0.04222	0.02368	0.24816	0.12483	0.22763	0.06264	0.05756	0.08864	0.01711	0.02390	0.01299	0.01618	0.00991	0.00672	0.00679	0.00215	0.00940	0.00580	0.00364	0.01005
3	0.01734	0.40132	0.27321	0.01649	0.02390	0.06838	0.07040	0.02188	0.01492	0.01891	0.01110	0.01312	0.00905	0.00627	0.00564	0.00183	0.00913	0.00463	0.00305	0.00941
4	0.01475	0.00832	0.01022	0.00918	0.01166	0.00786	0.00708	0.01890	0.06147	0.14850	0.36449	0.04039	0.07309	0.01177	0.00721	0.00208	0.00390	0.01008	0.18128	0.00775
5	0.01076	0.00800	0.00931	0.00875	0.01102	0.00743	0.00664	0.01491	0.07906	0.05128	0.37737	0.05443	0.30517	0.01492	0.00809	0.00227	0.00369	0.01278	0.00721	0.00692
6	0.01004	0.00688	0.00838	0.00845	0.00873	0.00713	0.00526	0.01061	0.01051	0.01427	0.02201	0.07225	0.02461	0.57653	0.17872	0.00752	0.00914	0.01001	0.00422	0.00471
7	0.01683	0.27896	0.38556	0.01757	0.02583	0.01985	0.07773	0.02242	0.01501	0.06170	0.01260	0.01443	0.00954	0.00646	0.00606	0.00198	0.00921	0.00505	0.00335	0.00987
8	0.00932	0.00696	0.00866	0.00856	0.01017	0.00630	0.00630	0.01198	0.01797	0.02451	0.47114	0.16210	0.19806	0.01615	0.00834	0.00233	0.00346	0.01417	0.00724	0.00630
9	0.03075	0.01277	0.01675	0.01284	0.01826	0.01159	0.01061	0.11053	0.02148	0.63742	0.02627	0.02293	0.01664	0.00861	0.00701	0.00215	0.00614	0.00693	0.00844	0.01187
10	0.07209	0.01643	0.01741	0.01403	0.01876	0.01817	0.01139	0.40550	0.16679	0.07332	0.01993	0.01969	0.01448	0.00847	0.00662	0.00211	0.00653	0.00652	0.09089	0.01086
11	0.01465	0.01083	0.01642	0.28730	0.05845	0.01192	0.03291	0.04106	0.03672	0.08746	0.09018	0.11515	0.02235	0.01242	0.04704	0.00276	0.00745	0.00885	0.08807	0.00799
12	0.07394	0.01221	0.01602	0.01235	0.01770	0.01092	0.01020	0.05435	0.01994	0.65647	0.02620	0.02284	0.01656	0.00851	0.00687	0.00216	0.00596	0.00681	0.00834	0.01164
13	0.01892	0.02068	0.02215	0.02590	0.26035	0.24229	0.01598	0.02139	0.01537	0.01877	0.01213	0.01732	0.01100	0.05421	0.03505	0.00279	0.18761	0.00592	0.00346	0.00872
14	0.01589	0.01600	0.02891	0.06508	0.02864	0.04712	0.38527	0.05164	0.04814	0.04193	0.02133	0.15782	0.03922	0.00973	0.00805	0.00240	0.00931	0.01018	0.00462	0.00870
15	0.01527	0.01527	0.02137	0.01832	0.01832	0.02137	0.01527	0.01679	0.01069	0.01679	0.00916	0.01527	0.00916	0.01221	0.02290	0.00305	0.74198	0.00611	0.00305	0.00763
16	0.00864	0.00620	0.00807	0.00943	0.00995	0.00578	0.00629	0.00989	0.01353	0.01800	0.06492	0.64892	0.07656	0.06543	0.01045	0.00302	0.00416	0.01874	0.00639	0.00563
17	0.01716	0.26408	0.22233	0.02050	0.12534	0.09269	0.05839	0.02158	0.01546	0.01975	0.01366	0.01935	0.01195	0.00743	0.00629	0.00201	0.00909	0.06016	0.00343	0.00937
18	0.01606	0.01456	0.04664	0.03100	0.44141	0.01385	0.01714	0.02065	0.05651	0.06058	0.02071	0.14216	0.01982	0.01008	0.00744	0.00231	0.00724	0.05732	0.00465	0.00985
19	0.02926	0.01294	0.01658	0.01296	0.01820	0.01212	0.01062	0.09415	0.09968	0.57513	0.02665	0.02338	0.01725	0.00871	0.00702	0.00218	0.00605	0.00705	0.00831	0.01178
20	0.01399	0.01196	0.01821	0.33420	0.14060	0.01329	0.01534	0.04826	0.04517	0.04087	0.02513	0.09278	0.10245	0.01060	0.00749	0.00238	0.00742	0.05699	0.00462	0.00822
21	0.07135	0.01880	0.02085	0.01705	0.04416	0.07771	0.06270	0.40958	0.05555	0.09871	0.01777	0.04312	0.01336	0.00845	0.00693	0.00214	0.00789	0.00674	0.00631	0.01083
22	0.00867	0.00619	0.00829	0.00991	0.01038	0.00581	0.00676	0.01000	0.01352	0.01800	0.03837	0.70984	0.04579	0.02171	0.00895	0.00286	0.00419	0.05858	0.00647	0.00571
23	0.01612	0.01380	0.02083	0.12552	0.19001	0.03862	0.08500	0.07655	0.01715	0.06261	0.05466	0.09243	0.07257	0.01081	0.00855	0.02577	0.02541	0.04998	0.00489	0.00872
24	0.06507	0.08479	0.14470	0.06432	0.15749	0.06115	0.03769	0.09025	0.05921	0.04712	0.01388	0.01616	0.01079	0.00713	0.00727	0.00205	0.04890	0.00559	0.00415	0.07227

[dist]
# distance from previous block
# <min> <max>
0	2

[block]
# block no. 8 follows, 30 sequences, length 44
# corresponding to MSA columns:
# 886-888,890-930
name=unknown_I
#
# <colnr> <probs for GDERKNQSTAVLIFYWHMCP>
#	G	D	E	R	K	N	Q	S	T	A	V	L	I	F	Y	W	H	M	C	P
0	0.08569	0.01308	0.01615	0.01439	0.09411	0.01121	0.02615	0.04308	0.01489	0.02379	0.01298	0.01643	0.01107	0.04734	0.00712	0.00164	0.00588	0.00485	0.00417	0.54597
1	0.01721	0.01552	0.02382	0.14630	0.43129	0.04160	0.01815	0.02184	0.04556	0.06016	0.04136	0.01919	0.01356	0.00688	0.00683	0.00205	0.00793	0.00636	0.00406	0.07033
2	0.04544	0.11934	0.23271	0.04607	0.09974	0.09289	0.05287	0.06324	0.01655	0.02232	0.03536	0.05634	0.04186	0.00805	0.00656	0.00205	0.00866	0.00657	0.00393	0.03944
3	0.12744	0.01140	0.01334	0.01205	0.03544	0.01149	0.00912	0.10479	0.06101	0.21024	0.14623	0.12952	0.04590	0.01136	0.00707	0.00225	0.00522	0.00949	0.03763	0.00903
4	0.01634	0.01443	0.01953	0.30394	0.13791	0.07816	0.01559	0.04674	0.01521	0.06681	0.01546	0.04642	0.01343	0.08769	0.03565	0.00306	0.06435	0.00703	0.00399	0.00825
5	0.01589	0.05355	0.01758	0.04351	0.12698	0.01326	0.01154	0.15483	0.01905	0.02633	0.09932	0.11194	0.06133	0.01034	0.00698	0.00199	0.00607	0.03294	0.00541	0.18117
6	0.01154	0.00795	0.00985	0.00908	0.01156	0.00693	0.03150	0.01366	0.01646	0.10061	0.14752	0.13647	0.41385	0.04002	0.00906	0.00251	0.00425	0.01374	0.00671	0.00673
7	0.00995	0.00663	0.00766	0.00796	0.00810	0.00655	0.00467	0.01030	0.01092	0.01480	0.02509	0.17647	0.02897	0.58995	0.02940	0.00584	0.00613	0.01182	0.03422	0.00458
8	0.00850	0.00607	0.00810	0.00972	0.01012	0.00567	0.00648	0.00972	0.01336	0.01781	0.03846	0.75020	0.04615	0.02186	0.00891	0.00283	0.00405	0.01984	0.00648	0.00567
9	0.01571	0.01316	0.01513	0.01099	0.01707	0.01071	0.00883	0.08242	0.03525	0.02496	0.01327	0.01501	0.01079	0.00560	0.00540	0.00117	0.00542	0.00444	0.00449	0.70019
10	0.04233	0.01106	0.01401	0.03839	0.01647	0.01065	0.00955	0.08367	0.01923	0.34499	0.10363	0.05292	0.12780	0.01119	0.00787	0.00225	0.03234	0.02469	0.03747	0.00948
11	0.00978	0.00737	0.00907	0.00860	0.01047	0.00679	0.00646	0.01329	0.04062	0.02615	0.55557	0.05437	0.19590	0.01481	0.00820	0.00223	0.00341	0.01290	0.00742	0.00658
12	0.02003	0.01330	0.01472	0.03851	0.01739	0.06013	0.00945	0.06467	0.05520	0.21401	0.02268	0.02378	0.06185	0.04957	0.00793	0.00203	0.00610	0.00656	0.04706	0.26503
13	0.01117	0.00884	0.01030	0.01005	0.01216	0.00890	0.00756	0.01772	0.17821	0.02465	0.29501	0.16401	0.16983	0.01519	0.00813	0.00241	0.00410	0.03732	0.00708	0.00735
14	0.08398	0.13779	0.24382	0.06458	0.06557	0.01705	0.03615	0.09017	0.01586	0.02301	0.01440	0.02028	0.01230	0.07168	0.04811	0.00299	0.00903	0.03039	0.00384	0.00900
15	0.11491	0.01893	0.04314	0.17562	0.07493	0.20093	0.01371	0.07210	0.01749	0.07548	0.01925	0.02116	0.07828	0.00822	0.00651	0.00209	0.00849	0.00633	0.03388	0.00855
16	0.01002	0.00726	0.01010	0.01010	0.01095	0.00811	0.00733	0.01174	0.01088	0.01537	0.01972	0.03308	0.01991	0.27050	0.51230	0.00983	0.01499	0.00831	0.00389	0.00561
17	0.00850	0.00607	0.00810	0.00972	0.01012	0.00567	0.00648	0.00972	0.01336	0.01781	0.03846	0.75020	0.04615	0.02186	0.00891	0.00283	0.00405	0.01984	0.00648	0.00567
