[name]
unknown

[dist]
# distance from previous block
# <min> <max>
17	1196

[block]
# block no. 0 follows, 27 sequences, length 6
# corresponding to MSA columns:
# 1349-1354
name=unknown_A
#
# <colnr> <probs for GDERKNQSTAVLIFYWHMCP>
#	G	D	E	R	K	N	Q	S	T	A	V	L	I	F	Y	W	H	M	C	P
0	0.07620	0.01724	0.01806	0.01565	0.01866	0.14766	0.05365	0.06507	0.01765	0.09859	0.02319	0.10234	0.05926	0.01193	0.01078	0.00253	0.14874	0.04168	0.06247	0.00864
1	0.01618	0.01677	0.02240	0.01825	0.02138	0.11438	0.15428	0.01942	0.01695	0.02264	0.17859	0.07909	0.02769	0.01149	0.01215	0.00250	0.18618	0.00935	0.00499	0.06535
2	0.07683	0.01542	0.06692	0.01499	0.01781	0.05815	0.05017	0.06514	0.01749	0.02524	0.18909	0.16494	0.03276	0.01357	0.01138	0.00263	0.15284	0.01084	0.00567	0.00811
3	0.01904	0.09926	0.11194	0.01755	0.05352	0.07180	0.05030	0.07945	0.01862	0.08302	0.09108	0.02592	0.02010	0.00963	0.00896	0.00224	0.08104	0.05365	0.00515	0.09774
4	0.03631	0.08174	0.02143	0.01894	0.08629	0.21022	0.05495	0.03725	0.05849	0.02234	0.07259	0.06693	0.02089	0.01309	0.05280	0.00286	0.04043	0.05058	0.00483	0.04701
5	0.06594	0.04202	0.02090	0.01769	0.06323	0.05378	0.08295	0.17033	0.02119	0.02964	0.14359	0.06277	0.02568	0.01071	0.00884	0.00233	0.05983	0.04156	0.00580	0.07123

[dist]
# distance from previous block
# <min> <max>
12	166

[block]
# block no. 1 follows, 27 sequences, length 131
# corresponding to MSA columns:
# 1533-1553,1555-1664
name=unknown_B
#
# <colnr> <probs for GDERKNQSTAVLIFYWHMCP>
#	G	D	E	R	K	N	Q	S	T	A	V	L	I	F	Y	W	H	M	C	P
0	0.04411	0.04354	0.11521	0.01667	0.02217	0.01489	0.12694	0.04446	0.12081	0.08894	0.05970	0.03030	0.09923	0.01001	0.00807	0.00234	0.03013	0.02730	0.04171	0.05347
1	0.14607	0.07364	0.08930	0.01637	0.02246	0.01540	0.14619	0.02387	0.05912	0.11126	0.06379	0.02286	0.04746	0.00813	0.00687	0.00214	0.00763	0.00708	0.00526	0.12511
2	0.01870	0.07527	0.04835	0.01832	0.09577	0.01453	0.07532	0.10385	0.01886	0.11212	0.04194	0.10080	0.02089	0.01433	0.06840	0.00310	0.00842	0.04432	0.05872	0.05799
3	0.04232	0.01354	0.07096	0.01496	0.06323	0.01128	0.03145	0.02172	0.01717	0.15582	0.09948	0.03075	0.02346	0.01156	0.03309	0.00252	0.03667	0.06276	0.13168	0.12559
4	0.04180	0.05996	0.10836	0.01775	0.06687	0.06469	0.06082	0.07239	0.10334	0.06781	0.12498	0.06311	0.06622	0.01064	0.00826	0.00236	0.03630	0.00887	0.00577	0.00968
5	0.01808	0.21296	0.21459	0.01580	0.02245	0.05208	0.03566	0.04202	0.05672	0.06780	0.07138	0.05012	0.01860	0.00885	0.00677	0.00210	0.00826	0.02570	0.00475	0.06534
6	0.03870	0.05028	0.35085	0.01792	0.02574	0.05064	0.04929	0.08776	0.01812	0.02590	0.05990	0.02065	0.04233	0.00822	0.00752	0.00218	0.03048	0.00648	0.00432	0.10271
7	0.01894	0.10529	0.31423	0.01801	0.02579	0.01774	0.05914	0.06302	0.11570	0.10746	0.01879	0.04447	0.01426	0.00827	0.00708	0.00227	0.00882	0.00679	0.00499	0.03897
8	0.01660	0.17632	0.31465	0.01820	0.02579	0.05182	0.09396	0.02214	0.01669	0.04341	0.06304	0.02438	0.06678	0.00872	0.00711	0.00223	0.00934	0.02491	0.00416	0.00976
9	0.01875	0.16149	0.32030	0.01646	0.02435	0.04631	0.01823	0.04581	0.01745	0.10386	0.06255	0.01888	0.01508	0.00767	0.00662	0.00204	0.00873	0.00589	0.00453	0.09500
10	0.01808	0.02572	0.31919	0.02107	0.11125	0.01635	0.01972	0.06786	0.11916	0.07245	0.01736	0.01862	0.01279	0.00750	0.00699	0.00216	0.00862	0.00613	0.00476	0.12422
11	0.01536	0.01340	0.01653	0.09266	0.02156	0.01144	0.01055	0.01931	0.03497	0.02353	0.01356	0.01630	0.01117	0.00617	0.00657	0.00139	0.03606	0.00486	0.00432	0.64030
12	0.01489	0.03840	0.70064	0.02116	0.03213	0.01724	0.02743	0.02351	0.01567	0.02351	0.01332	0.01567	0.00940	0.00705	0.00705	0.00235	0.01097	0.00549	0.00313	0.01097
13	0.00887	0.00714	0.00791	0.00853	0.01029	0.00618	0.00609	0.01054	0.01595	0.01966	0.06297	0.30791	0.46121	0.02039	0.00902	0.00269	0.00396	0.01761	0.00689	0.00618
14	0.01985	0.74357	0.03890	0.01270	0.01905	0.02937	0.01270	0.02223	0.01508	0.01747	0.01032	0.01191	0.00953	0.00635	0.00476	0.00159	0.00794	0.00397	0.00318	0.00953
15	0.00877	0.00752	0.00752	0.00752	0.01003	0.00627	0.00564	0.01065	0.01692	0.02005	0.07520	0.07144	0.68978	0.01880	0.00877	0.00251	0.00376	0.01567	0.00689	0.00627
16	0.01047	0.00770	0.00987	0.00965	0.01149	0.00710	0.00745	0.01375	0.02000	0.02758	0.52906	0.06104	0.14609	0.01631	0.00895	0.00249	0.00395	0.09233	0.00784	0.00689
17	0.00877	0.00752	0.00752	0.00752	0.01003	0.00627	0.00564	0.01065	0.01692	0.02005	0.07520	0.07144	0.68978	0.01880	0.00877	0.00251	0.00376	0.01567	0.00689	0.00627
18	0.02593	0.03095	0.02133	0.11386	0.02677	0.54814	0.01517	0.09097	0.02156	0.02109	0.01233	0.01469	0.00991	0.00774	0.00686	0.00202	0.01240	0.00521	0.00411	0.00895
19	0.02773	0.03538	0.02104	0.01913	0.02295	0.70930	0.01434	0.02964	0.02104	0.01817	0.01148	0.01339	0.00956	0.00765	0.00669	0.00191	0.01339	0.00478	0.00383	0.00861
20	0.01051	0.00759	0.00992	0.00934	0.01109	0.00700	0.00700	0.01401	0.02101	0.02977	0.68888	0.05545	0.07005	0.01518	0.00876	0.00233	0.00350	0.01343	0.00817	0.00700
21	0.01051	0.00759	0.00992	0.00934	0.01109	0.00700	0.00700	0.01401	0.02101	0.02977	0.68888	0.05545	0.07005	0.01518	0.00876	0.00233	0.00350	0.01343	0.00817	0.00700
22	0.01384	0.00692	0.00692	0.00692	0.00865	0.00692	0.00519	0.01730	0.01557	0.02768	0.02422	0.02768	0.01903	0.00865	0.00519	0.00173	0.00346	0.00692	0.78031	0.00692
23	0.02843	0.02154	0.02193	0.01705	0.02282	0.07649	0.01397	0.58685	0.03314	0.07637	0.01788	0.01784	0.01266	0.00883	0.00737	0.00221	0.00849	0.00657	0.00723	0.01231
24	0.01080	0.00720	0.00810	0.00810	0.00810	0.00720	0.00450	0.01080	0.01080	0.01439	0.02339	0.04858	0.02699	0.73910	0.03779	0.00720	0.00720	0.01080	0.00450	0.00450
25	0.02822	0.02079	0.02228	0.01708	0.02302	0.02302	0.01411	0.66804	0.03490	0.04679	0.01782	0.01782	0.01262	0.00891	0.00743	0.00223	0.00817	0.00668	0.00743	0.01262
26	0.01039	0.00750	0.00982	0.00942	0.01107	0.00693	0.00700	0.01372	0.02048	0.02892	0.63783	0.10893	0.06840	0.01581	0.00881	0.00239	0.00357	0.01403	0.00807	0.00693
27	0.04723	0.01402	0.02317	0.57358	0.16164	0.01670	0.02047	0.01975	0.01511	0.02049	0.01321	0.01922	0.01014	0.00726	0.00729	0.00242	0.00953	0.00649	0.00342	0.00885
28	0.01436	0.00742	0.00747	0.00729	0.00917	0.00750	0.00551	0.04073	0.01626	0.02836	0.02399	0.02732	0.01880	0.00866	0.00527	0.00175	0.00363	0.00691	0.75249	0.00712
29	0.01624	0.01624	0.02274	0.01949	0.01949	0.02274	0.01624	0.01787	0.01137	0.01787	0.00975	0.01624	0.00975	0.01299	0.02436	0.00325	0.72552	0.00650	0.00325	0.00812
30	0.00904	0.00646	0.00861	0.01034	0.01077	0.00603	0.00689	0.01034	0.01421	0.01895	0.04092	0.73426	0.04910	0.02326	0.00948	0.00301	0.00431	0.02110	0.00689	0.00603
31	0.02704	0.03331	0.02179	0.02104	0.07410	0.62293	0.01498	0.06034	0.02140	0.02003	0.01198	0.01399	0.00988	0.00763	0.00678	0.00195	0.01278	0.00501	0.00399	0.00904
32	0.00904	0.00646	0.00861	0.01034	0.01077	0.00603	0.00689	0.01034	0.01421	0.01895	0.04092	0.73426	0.04910	0.02326	0.00948	0.00301	0.00431	0.02110	0.00689	0.00603
33	0.01441	0.01359	0.02297	0.66117	0.10819	0.01660	0.02081	0.01931	0.01503	0.01944	0.01326	0.01967	0.01006	0.00735	0.00742	0.00245	0.00980	0.00660	0.00333	0.00856
34	0.01613	0.07910	0.43841	0.02315	0.03251	0.01854	0.20521	0.02428	0.04861	0.02355	0.01443	0.01723	0.01058	0.00693	0.00741	0.00235	0.01095	0.00645	0.00353	0.01064
35	0.00877	0.00752	0.00752	0.00752	0.01003	0.00627	0.00564	0.01065	0.01692	0.02005	0.07520	0.07144	0.68978	0.01880	0.00877	0.00251	0.00376	0.01567	0.00689	0.00627
36	0.03331	0.01263	0.01723	0.01321	0.01895	0.01091	0.01091	0.03618	0.02125	0.69794	0.02929	0.02527	0.01838	0.00919	0.00747	0.00230	0.00632	0.00747	0.00919	0.01263
37	0.00942	0.00684	0.00894	0.01053	0.01111	0.00653	0.00709	0.01150	0.04084	0.01944	0.04049	0.70597	0.04804	0.02273	0.00940	0.00300	0.00437	0.02060	0.00692	0.00626
38	0.02314	0.02637	0.02374	0.06116	0.06881	0.36478	0.07433	0.07236	0.07281	0.02214	0.01378	0.01653	0.01118	0.00846	0.00950	0.00227	0.10898	0.00602	0.00426	0.00939
39	0.79154	0.01436	0.01091	0.00976	0.01436	0.01665	0.00804	0.02182	0.01263	0.03331	0.01034	0.01206	0.00804	0.00689	0.00459	0.00230	0.00574	0.00402	0.00459	0.00804
40	0.02413	0.01465	0.01742	0.04665	0.01994	0.01514	0.01155	0.28974	0.02535	0.21888	0.08886	0.05052	0.06865	0.03722	0.03416	0.00283	0.00726	0.00878	0.00751	0.01076
41	0.02720	0.03449	0.02112	0.01914	0.02279	0.67738	0.01443	0.02910	0.02059	0.01815	0.01139	0.01352	0.00957	0.00790	0.00752	0.00197	0.04649	0.00486	0.00380	0.00858
42	0.01051	0.00759	0.00992	0.00934	0.01109	0.00700	0.00700	0.01401	0.02101	0.02977	0.68888	0.05545	0.07005	0.01518	0.00876	0.00233	0.00350	0.01343	0.00817	0.00700
43	0.01489	0.03840	0.70064	0.02116	0.03213	0.01724	0.02743	0.02351	0.01567	0.02351	0.01332	0.01567	0.00940	0.00705	0.00705	0.00235	0.01097	0.00549	0.00313	0.01097
44	0.01063	0.00785	0.01138	0.01138	0.01252	0.00898	0.00860	0.01290	0.01177	0.01683	0.02039	0.03194	0.01976	0.15337	0.61364	0.01125	0.01807	0.00836	0.00405	0.00632
45	0.01406	0.01322	0.02193	0.59386	0.11548	0.01581	0.01967	0.01871	0.01522	0.01961	0.01816	0.02371	0.06365	0.00823	0.00752	0.00245	0.00930	0.00731	0.00362	0.00846
46	0.01461	0.01380	0.02334	0.62937	0.13839	0.01665	0.02091	0.01949	0.01512	0.01969	0.01330	0.01960	0.01015	0.00731	0.00741	0.00244	0.00975	0.00660	0.00335	0.00872
47	0.01489	0.03840	0.70064	0.02116	0.03213	0.01724	0.02743	0.02351	0.01567	0.02351	0.01332	0.01567	0.00940	0.00705	0.00705	0.00235	0.01097	0.00549	0.00313	0.01097
48	0.02663	0.03355	0.02120	0.01916	0.02262	0.64374	0.01453	0.02852	0.02011	0.01814	0.01131	0.01366	0.00958	0.00816	0.00838	0.00204	0.08139	0.00495	0.00377	0.00856
49	0.79154	0.01436	0.01091	0.00976	0.01436	0.01665	0.00804	0.02182	0.01263	0.03331	0.01034	0.01206	0.00804	0.00689	0.00459	0.00230	0.00574	0.00402	0.00459	0.00804
50	0.01330	0.00969	0.01317	0.01476	0.03667	0.00984	0.01222	0.06677	0.01835	0.02405	0.03691	0.10868	0.03971	0.01930	0.00990	0.00327	0.00688	0.54234	0.00679	0.00740
51	0.00993	0.00752	0.00916	0.00885	0.01076	0.00674	0.00660	0.01285	0.01950	0.02642	0.47885	0.09170	0.25076	0.01661	0.00879	0.00242	0.00362	0.01444	0.00774	0.00674
52	0.01789	0.01559	0.01749	0.10564	0.02338	0.01821	0.01289	0.03682	0.59419	0.02950	0.02803	0.02668	0.02102	0.00973	0.00754	0.00251	0.00639	0.00816	0.00701	0.01130
53	0.01196	0.00854	0.01196	0.01367	0.01538	0.00854	0.01196	0.01538	0.01709	0.02222	0.03931	0.08374	0.04272	0.02051	0.01025	0.00342	0.00684	0.64283	0.00684	0.00684
54	0.01809	0.01761	0.03082	0.07784	0.60956	0.01767	0.07333	0.02267	0.01685	0.02395	0.01401	0.01857	0.01163	0.00663	0.00746	0.00224	0.00916	0.00678	0.00366	0.01145
55	0.00904	0.00646	0.00861	0.01034	0.01077	0.00603	0.00689	0.01034	0.01421	0.01895	0.04092	0.73426	0.04910	0.02326	0.00948	0.00301	0.00431	0.02110	0.00689	0.00603
56	0.01402	0.01319	0.02227	0.72126	0.05113	0.01649	0.02062	0.01897	0.01484	0.01897	0.01319	0.01979	0.00990	0.00742	0.00742	0.00247	0.00990	0.00660	0.00330	0.00825
57	0.01624	0.01598	0.02453	0.43062	0.23462	0.05640	0.02056	0.02060	0.01553	0.02038	0.01306	0.01875	0.01041	0.00762	0.00865	0.00242	0.06442	0.00649	0.00343	0.00928
58	0.01539	0.01319	0.01539	0.01100	0.01759	0.00990	0.00880	0.01869	0.01539	0.02419	0.01319	0.01539	0.01100	0.00550	0.00550	0.00110	0.00550	0.00440	0.00440	0.78449
59	0.01203	0.00904	0.01308	0.06785	0.01656	0.01051	0.01024	0.05086	0.01364	0.01955	0.01946	0.02771	0.01756	0.04691	0.57991	0.01013	0.01762	0.00772	0.04249	0.00711
60	0.01963	0.01569	0.01682	0.01496	0.01928	0.01787	0.01168	0.03919	0.62754	0.08359	0.03014	0.02751	0.02232	0.01000	0.00755	0.00250	0.00591	0.00832	0.00768	0.01182
61	0.01800	0.01548	0.01638	0.01487	0.01888	0.01785	0.01151	0.03801	0.64651	0.03046	0.03074	0.06262	0.02397	0.01072	0.00765	0.00254	0.00580	0.00902	0.00752	0.01147
62	0.03331	0.01263	0.01723	0.01321	0.01895	0.01091	0.01091	0.03618	0.02125	0.69794	0.02929	0.02527	0.01838	0.00919	0.00747	0.00230	0.00632	0.00747	0.00919	0.01263
63	0.02685	0.01972	0.02116	0.01637	0.02185	0.02178	0.01335	0.61626	0.03300	0.04423	0.01826	0.02025	0.01376	0.06643	0.00982	0.00262	0.00809	0.00701	0.00720	0.01198
64	0.00902	0.00760	0.00787	0.00800	0.01044	0.00644	0.00613	0.01102	0.01693	0.02022	0.07240	0.07240	0.63930	0.01893	0.00889	0.00258	0.00400	0.06460	0.00689	0.00631
65	0.01347	0.00728	0.01047	0.01022	0.01061	0.00749	0.00705	0.04249	0.01110	0.01491	0.01369	0.02285	0.01333	0.02731	0.08157	0.68455	0.00759	0.00658	0.00349	0.00396
66	0.02822	0.02079	0.02228	0.01708	0.02302	0.02302	0.01411	0.66804	0.03490	0.04679	0.01782	0.01782	0.01262	0.00891	0.00743	0.00223	0.00817	0.00668	0.00743	0.01262
67	0.02822	0.02079	0.02228	0.01708	0.02302	0.02302	0.01411	0.66804	0.03490	0.04679	0.01782	0.01782	0.01262	0.00891	0.00743	0.00223	0.00817	0.00668	0.00743	0.01262
68	0.79154	0.01436	0.01091	0.00976	0.01436	0.01665	0.00804	0.02182	0.01263	0.03331	0.01034	0.01206	0.00804	0.00689	0.00459	0.00230	0.00574	0.00402	0.00459	0.00804
69	0.01720	0.01644	0.02802	0.22731	0.52021	0.01733	0.02220	0.02176	0.01635	0.02283	0.01376	0.01876	0.01126	0.00683	0.00737	0.00228	0.00911	0.00661	0.00357	0.01081
70	0.00977	0.00756	0.00889	0.00856	0.01064	0.00669	0.00642	0.01257	0.01926	0.02561	0.42616	0.06230	0.33536	0.01673	0.00876	0.00241	0.00361	0.01439	0.00762	0.00669
71	0.01902	0.01622	0.01710	0.01522	0.01951	0.01872	0.01188	0.07492	0.64301	0.03194	0.02952	0.02714	0.02210	0.01001	0.00755	0.00250	0.00600	0.00830	0.00755	0.01180
72	0.01384	0.00692	0.00692	0.00692	0.00865	0.00692	0.00519	0.01730	0.01557	0.02768	0.02422	0.02768	0.01903	0.00865	0.00519	0.00173	0.00346	0.00692	0.78031	0.00692
73	0.01786	0.01526	0.01610	0.01456	0.01842	0.01758	0.01118	0.03719	0.62671	0.02974	0.02968	0.02934	0.02300	0.06750	0.00994	0.00289	0.00598	0.00858	0.00731	0.01118
74	0.73029	0.01427	0.01181	0.06581	0.01725	0.01664	0.00903	0.02160	0.01281	0.03218	0.01056	0.01267	0.00819	0.00693	0.00482	0.00231	0.00607	0.00422	0.00449	0.00806
75	0.03313	0.01291	0.01740	0.01334	0.01909	0.01132	0.01102	0.05772	0.02171	0.67574	0.02890	0.02501	0.01818	0.00918	0.00746	0.00229	0.00638	0.00744	0.00913	0.01263
76	0.01826	0.01721	0.05538	0.01545	0.02003	0.01840	0.01264	0.03855	0.64193	0.03063	0.02926	0.02702	0.02191	0.00990	0.00753	0.00251	0.00616	0.00823	0.00730	0.01171
77	0.02822	0.02079	0.02228	0.01708	0.02302	0.02302	0.01411	0.66804	0.03490	0.04679	0.01782	0.01782	0.01262	0.00891	0.00743	0.00223	0.00817	0.00668	0.00743	0.01262
78	0.01489	0.03840	0.70064	0.02116	0.03213	0.01724	0.02743	0.02351	0.01567	0.02351	0.01332	0.01567	0.00940	0.00705	0.00705	0.00235	0.01097	0.00549	0.00313	0.01097
79	0.01797	0.29783	0.21144	0.01454	0.02107	0.01929	0.01538	0.04876	0.01734	0.08484	0.09538	0.06505	0.04334	0.00938	0.00663	0.00209	0.00776	0.00735	0.00483	0.00973
80	0.01816	0.06399	0.16745	0.02513	0.03253	0.04586	0.37441	0.05361	0.01807	0.04746	0.01676	0.02339	0.01344	0.00779	0.00812	0.00245	0.01114	0.05596	0.00420	0.01009
81	0.03287	0.01333	0.01766	0.01354	0.01930	0.01195	0.01118	0.09023	0.02242	0.64223	0.02831	0.02463	0.01788	0.00916	0.00746	0.00229	0.00648	0.00740	0.00904	0.01263
82	0.01809	0.01738	0.02948	0.07596	0.63667	0.01778	0.02243	0.02241	0.01659	0.02376	0.01376	0.01836	0.01159	0.00690	0.00802	0.00226	0.03686	0.00661	0.00364	0.01145
83	0.01128	0.00984	0.01355	0.01582	0.13735	0.00898	0.03203	0.01418	0.01795	0.02337	0.21381	0.05590	0.38757	0.01522	0.00851	0.00241	0.00493	0.01320	0.00651	0.00759
84	0.03331	0.01263	0.01723	0.01321	0.01895	0.01091	0.01091	0.03618	0.02125	0.69794	0.02929	0.02527	0.01838	0.00919	0.00747	0.00230	0.00632	0.00747	0.00919	0.01263
85	0.03331	0.01263	0.01723	0.01321	0.01895	0.01091	0.01091	0.03618	0.02125	0.69794	0.02929	0.02527	0.01838	0.00919	0.00747	0.00230	0.00632	0.00747	0.00919	0.01263
86	0.01402	0.01319	0.02227	0.72126	0.05113	0.01649	0.02062	0.01897	0.01484	0.01897	0.01319	0.01979	0.00990	0.00742	0.00742	0.00247	0.00990	0.00660	0.00330	0.00825
87	0.01402	0.01319	0.02227	0.72126	0.05113	0.01649	0.02062	0.01897	0.01484	0.01897	0.01319	0.01979	0.00990	0.00742	0.00742	0.00247	0.00990	0.00660	0.00330	0.00825
88	0.01101	0.00742	0.00913	0.00913	0.00992	0.00777	0.00617	0.01240	0.01211	0.01732	0.02531	0.04102	0.06069	0.38757	0.24554	0.00774	0.01056	0.00967	0.10393	0.00559
89	0.03312	0.01293	0.01741	0.01335	0.01910	0.01135	0.01103	0.05904	0.02174	0.67438	0.02887	0.02500	0.01817	0.00918	0.00746	0.00229	0.00638	0.00744	0.00912	0.01263
90	0.01402	0.01319	0.02227	0.72126	0.05113	0.01649	0.02062	0.01897	0.01484	0.01897	0.01319	0.01979	0.00990	0.00742	0.00742	0.00247	0.00990	0.00660	0.00330	0.00825
91	0.02087	0.01323	0.01475	0.03985	0.01735	0.01415	0.01022	0.24366	0.07359	0.09690	0.02327	0.02651	0.01785	0.00943	0.00669	0.00213	0.00594	0.03809	0.31571	0.00983
92	0.00904	0.00646	0.00861	0.01034	0.01077	0.00603	0.00689	0.01034	0.01421	0.01895	0.04092	0.73426	0.04910	0.02326	0.00948	0.00301	0.00431	0.02110	0.00689	0.00603
93	0.07721	0.02085	0.10378	0.02720	0.03446	0.01816	0.49233	0.02409	0.01696	0.06231	0.01511	0.01915	0.01118	0.00679	0.00876	0.00249	0.03717	0.00792	0.00405	0.01004
94	0.01837	0.01764	0.03013	0.04557	0.69279	0.01764	0.02278	0.02278	0.01690	0.02425	0.01396	0.01837	0.01176	0.00661	0.00735	0.00220	0.00882	0.00661	0.00367	0.01176
95	0.00904	0.00646	0.00861	0.01034	0.01077	0.00603	0.00689	0.01034	0.01421	0.01895	0.04092	0.73426	0.04910	0.02326	0.00948	0.00301	0.00431	0.02110	0.00689	0.00603
96	0.75419	0.01538	0.01141	0.01022	0.01478	0.05053	0.00835	0.02220	0.01304	0.03257	0.01039	0.01212	0.00811	0.00693	0.00470	0.00228	0.00612	0.00406	0.00456	0.00807
97	0.01080	0.00720	0.00810	0.00810	0.00810	0.00720	0.00450	0.01080	0.01080	0.01439	0.02339	0.04858	0.02699	0.73910	0.03779	0.00720	0.00720	0.01080	0.00450	0.00450
98	0.01927	0.02249	0.07400	0.16640	0.24253	0.18759	0.07876	0.02356	0.01737	0.02161	0.01319	0.01716	0.01058	0.00694	0.00717	0.00214	0.01040	0.00611	0.00366	0.06907
99	0.01561	0.00971	0.01221	0.01087	0.01367	0.00939	0.00839	0.02163	0.11986	0.14462	0.47685	0.04611	0.05407	0.01338	0.00835	0.00236	0.00434	0.01165	0.00825	0.00868
100	0.01402	0.01319	0.02227	0.72126	0.05113	0.01649	0.02062	0.01897	0.01484	0.01897	0.01319	0.01979	0.00990	0.00742	0.00742	0.00247	0.00990	0.00660	0.00330	0.00825
101	0.01080	0.00720	0.00810	0.00810	0.00810	0.00720	0.00450	0.01080	0.01080	0.01439	0.02339	0.04858	0.02699	0.73910	0.03779	0.00720	0.00720	0.01080	0.00450	0.00450
102	0.02328	0.02497	0.02402	0.06375	0.02595	0.31935	0.11293	0.10763	0.05126	0.04984	0.01555	0.04684	0.01285	0.00893	0.00905	0.00230	0.08050	0.00686	0.00469	0.00945
103	0.02773	0.03538	0.02104	0.01913	0.02295	0.70930	0.01434	0.02964	0.02104	0.01817	0.01148	0.01339	0.00956	0.00765	0.00669	0.00191	0.01339	0.00478	0.00383	0.00861
104	0.01071	0.00755	0.00991	0.00991	0.01053	0.00818	0.00675	0.01196	0.01133	0.01573	0.02174	0.03942	0.02301	0.41669	0.35476	0.00943	0.01318	0.00946	0.00425	0.00550
105	0.01436	0.01354	0.02289	0.66803	0.10168	0.01658	0.02079	0.01927	0.01501	0.01938	0.01326	0.01968	0.01004	0.00736	0.00742	0.00245	0.00981	0.00660	0.00333	0.00852
106	0.01008	0.00757	0.00934	0.00890	0.01083	0.00682	0.00667	0.01319	0.02002	0.02740	0.53938	0.05935	0.22102	0.01606	0.00876	0.00238	0.00357	0.01397	0.00786	0.00682
107	0.01113	0.00825	0.01046	0.00979	0.01174	0.00791	0.00738	0.01601	0.07288	0.02987	0.63699	0.05327	0.06631	0.01477	0.00866	0.00235	0.00369	0.01303	0.00812	0.00738
108	0.02773	0.03538	0.02104	0.01913	0.02295	0.70930	0.01434	0.02964	0.02104	0.01817	0.01148	0.01339	0.00956	0.00765	0.00669	0.00191	0.01339	0.00478	0.00383	0.00861
109	0.01051	0.00759	0.00992	0.00934	0.01109	0.00700	0.00700	0.01401	0.02101	0.02977	0.68888	0.05545	0.07005	0.01518	0.00876	0.00233	0.00350	0.01343	0.00817	0.00700
110	0.00904	0.00646	0.00861	0.01034	0.01077	0.00603	0.00689	0.01034	0.01421	0.01895	0.04092	0.73426	0.04910	0.02326	0.00948	0.00301	0.00431	0.02110	0.00689	0.00603
111	0.79154	0.01436	0.01091	0.00976	0.01436	0.01665	0.00804	0.02182	0.01263	0.03331	0.01034	0.01206	0.00804	0.00689	0.00459	0.00230	0.00574	0.00402	0.00459	0.00804
112	0.01846	0.01595	0.01679	0.01511	0.01930	0.01846	0.01175	0.03945	0.67938	0.03105	0.03022	0.02770	0.02266	0.01007	0.00755	0.00252	0.00588	0.00839	0.00755	0.01175
113	0.01384	0.00692	0.00692	0.00692	0.00865	0.00692	0.00519	0.01730	0.01557	0.02768	0.02422	0.02768	0.01903	0.00865	0.00519	0.00173	0.00346	0.00692	0.78031	0.00692
114	0.02156	0.01608	0.01851	0.08229	0.05474	0.01779	0.01288	0.34430	0.11022	0.03615	0.02121	0.06145	0.01679	0.00957	0.00716	0.00224	0.00703	0.00775	0.14157	0.01069
115	0.01196	0.00854	0.01196	0.01367	0.01538	0.00854	0.01196	0.01538	0.01709	0.02222	0.03931	0.08374	0.04272	0.02051	0.01025	0.00342	0.00684	0.64283	0.00684	0.00684
116	0.01539	0.01319	0.01539	0.01100	0.01759	0.00990	0.00880	0.01869	0.01539	0.02419	0.01319	0.01539	0.01100	0.00550	0.00550	0.00110	0.00550	0.00440	0.00440	0.78449
117	0.01165	0.00689	0.00874	0.00874	0.00874	0.00689	0.00529	0.01034	0.01034	0.01378	0.01910	0.03795	0.02123	0.44774	0.03420	0.32450	0.00689	0.00902	0.00398	0.00398
118	0.13383	0.05472	0.01798	0.01300	0.01864	0.01362	0.01086	0.08005	0.02075	0.52242	0.02483	0.02219	0.01607	0.00870	0.00693	0.00225	0.00647	0.00675	0.00810	0.01184
119	0.00891	0.00753	0.00771	0.00766	0.01011	0.00633	0.00575	0.01092	0.01724	0.02082	0.12355	0.07018	0.64096	0.01852	0.00877	0.00249	0.00374	0.01549	0.00699	0.00633
120	0.01743	0.01668	0.02844	0.19122	0.55448	0.01739	0.02232	0.02196	0.01646	0.02311	0.01380	0.01868	0.01136	0.00679	0.00737	0.00226	0.00905	0.00661	0.00359	0.01100
121	0.00877	0.00752	0.00752	0.00752	0.01003	0.00627	0.00564	0.01065	0.01692	0.02005	0.07520	0.07144	0.68978	0.01880	0.00877	0.00251	0.00376	0.01567	0.00689	0.00627
122	0.01639	0.01524	0.01424	0.01313	0.01637	0.11059	0.01008	0.04830	0.28164	0.02693	0.15921	0.06544	0.14624	0.01296	0.00802	0.00243	0.00617	0.03050	0.00698	0.00914
123	0.02568	0.02050	0.02086	0.01647	0.02192	0.13865	0.04453	0.32042	0.02617	0.12500	0.01858	0.05115	0.01428	0.00880	0.00720	0.00208	0.00850	0.00692	0.00642	0.11585
124	0.01080	0.00720	0.00810	0.00810	0.00810	0.00720	0.00450	0.01080	0.01080	0.01439	0.02339	0.04858	0.02699	0.73910	0.03779	0.00720	0.00720	0.01080	0.00450	0.00450
125	0.02822	0.02079	0.02228	0.01708	0.02302	0.02302	0.01411	0.66804	0.03490	0.04679	0.01782	0.01782	0.01262	0.00891	0.00743	0.00223	0.00817	0.00668	0.00743	0.01262
126	0.01628	0.02427	0.33838	0.01919	0.08657	0.01416	0.01887	0.04186	0.05055	0.09036	0.13172	0.06743	0.04808	0.01012	0.00764	0.00238	0.00810	0.00854	0.00530	0.01018
127	0.01623	0.01414	0.02297	0.26647	0.19513	0.01637	0.04000	0.02009	0.01489	0.05861	0.01496	0.02059	0.01221	0.01429	0.09828	0.00369	0.12809	0.00689	0.02697	0.00915
128	0.01404	0.01297	0.01837	0.01640	0.01688	0.01739	0.01336	0.01598	0.01155	0.01753	0.01384	0.02194	0.01348	0.05184	0.27151	0.00650	0.44826	0.00716	0.00355	0.00747
129	0.01719	0.01638	0.02762	0.20905	0.50920	0.01705	0.02169	0.02169	0.01634	0.02296	0.01375	0.01860	0.01127	0.00677	0.00729	0.00223	0.00895	0.00652	0.00361	0.04183
130	0.01655	0.20936	0.40349	0.04435	0.11158	0.02000	0.02224	0.02277	0.01564	0.02198	0.01265	0.01520	0.00981	0.00677	0.00647	0.00210	0.00970	0.00524	0.00327	0.04084

[dist]
# distance from previous block
# <min> <max>
0	1

[block]
# block no. 2 follows, 27 sequences, length 17
# corresponding to MSA columns:
# 1666-1682
name=unknown_C
#
# <colnr> <probs for GDERKNQSTAVLIFYWHMCP>
#	G	D	E	R	K	N	Q	S	T	A	V	L	I	F	Y	W	H	M	C	P
0	0.02908	0.01170	0.01587	0.01249	0.01749	0.01019	0.01019	0.03207	0.02120	0.57401	0.15162	0.03087	0.02796	0.01030	0.00770	0.00230	0.00579	0.00857	0.00900	0.01159
1	0.02018	0.34096	0.19606	0.01768	0.02519	0.02394	0.08692	0.16029	0.01971	0.02586	0.01315	0.01495	0.01034	0.00706	0.00632	0.00201	0.00921	0.00543	0.00413	0.01059
2	0.01061	0.00795	0.01193	0.01193	0.01326	0.00928	0.00928	0.01326	0.01193	0.01723	0.01988	0.02916	0.01856	0.05568	0.70968	0.01193	0.01988	0.00795	0.00398	0.00663
3	0.01489	0.03840	0.70064	0.02116	0.03213	0.01724	0.02743	0.02351	0.01567	0.02351	0.01332	0.01567	0.00940	0.00705	0.00705	0.00235	0.01097	0.00549	0.00313	0.01097
4	0.01539	0.01319	0.01539	0.01100	0.01759	0.00990	0.00880	0.01869	0.01539	0.02419	0.01319	0.01539	0.01100	0.00550	0.00550	0.00110	0.00550	0.00440	0.00440	0.78449
5	0.01489	0.03840	0.70064	0.02116	0.03213	0.01724	0.02743	0.02351	0.01567	0.02351	0.01332	0.01567	0.00940	0.00705	0.00705	0.00235	0.01097	0.00549	0.00313	0.01097
6	0.00939	0.00716	0.00950	0.06516	0.01379	0.00688	0.00776	0.01106	0.01470	0.01913	0.04432	0.57124	0.14993	0.02130	0.00920	0.00289	0.00465	0.01909	0.00661	0.00624
7	0.01638	0.01665	0.02501	0.02076	0.02157	0.02231	0.08621	0.01850	0.01203	0.01850	0.01031	0.01665	0.00991	0.01227	0.02268	0.00317	0.64871	0.00674	0.00330	0.00832
8	0.01539	0.01319	0.01539	0.01100	0.01759	0.00990	0.00880	0.01869	0.01539	0.02419	0.01319	0.01539	0.01100	0.00550	0.00550	0.00110	0.00550	0.00440	0.00440	0.78449
9	0.75177	0.01427	0.01124	0.00994	0.01460	0.01635	0.00819	0.02258	0.01309	0.06817	0.01133	0.01275	0.00858	0.00701	0.00474	0.00230	0.00577	0.00420	0.00484	0.00828
10	0.01051	0.00759	0.00992	0.00934	0.01109	0.00700	0.00700	0.01401	0.02101	0.02977	0.68888	0.05545	0.07005	0.01518	0.00876	0.00233	0.00350	0.01343	0.00817	0.00700
11	0.01692	0.01446	0.01541	0.01418	0.01800	0.01638	0.01111	0.03447	0.55653	0.02918	0.03577	0.03677	0.09608	0.01182	0.00790	0.00259	0.00572	0.05851	0.00743	0.01078
12	0.01062	0.00791	0.01171	0.01171	0.01296	0.00916	0.00901	0.01312	0.01187	0.01707	0.02009	0.03028	0.01904	0.09491	0.67111	0.01166	0.01916	0.00812	0.00401	0.00651
13	0.01855	0.01819	0.02930	0.08116	0.62796	0.04847	0.02229	0.02288	0.01698	0.02369	0.01381	0.01823	0.01156	0.00670	0.00732	0.00221	0.00908	0.00653	0.00366	0.01143
14	0.00928	0.00663	0.00889	0.01061	0.01115	0.00624	0.00731	0.01075	0.01445	0.01922	0.04078	0.68094	0.04858	0.02303	0.00954	0.00305	0.00451	0.07206	0.00689	0.00610
15	0.01698	0.01603	0.02666	0.15343	0.44680	0.01687	0.04399	0.02282	0.07306	0.02335	0.01576	0.02036	0.01292	0.01108	0.06539	0.00309	0.00980	0.00695	0.00397	0.01068
16	0.02053	0.19262	0.17352	0.01919	0.04561	0.20077	0.07375	0.08084	0.01851	0.02229	0.01329	0.01604	0.01079	0.01133	0.06735	0.00289	0.01150	0.00560	0.00385	0.00973

[dist]
# distance from previous block
# <min> <max>
0	2

[block]
# block no. 3 follows, 27 sequences, length 27
# corresponding to MSA columns:
# 1685-1701,1703-1711,1713
name=unknown_D
#
# <colnr> <probs for GDERKNQSTAVLIFYWHMCP>
#	G	D	E	R	K	N	Q	S	T	A	V	L	I	F	Y	W	H	M	C	P
0	0.01517	0.01289	0.01517	0.01117	0.01745	0.00981	0.00900	0.01848	0.01550	0.02406	0.01489	0.01983	0.01305	0.00647	0.00581	0.00125	0.00558	0.04583	0.00456	0.73402
1	0.01838	0.01755	0.02943	0.04397	0.65753	0.01768	0.02221	0.02366	0.05159	0.02461	0.01481	0.01886	0.01233	0.00680	0.00736	0.00222	0.00867	0.00671	0.00388	0.01176
2	0.03331	0.01263	0.01723	0.01321	0.01895	0.01091	0.01091	0.03618	0.02125	0.69794	0.02929	0.02527	0.01838	0.00919	0.00747	0.00230	0.00632	0.00747	0.00919	0.01263
3	0.01942	0.01642	0.01732	0.01530	0.01967	0.01891	0.01198	0.10071	0.61657	0.03259	0.02901	0.02674	0.02168	0.00996	0.00754	0.00249	0.00610	0.00823	0.00754	0.01184
4	0.00904	0.00646	0.00861	0.01034	0.01077	0.00603	0.00689	0.01034	0.01421	0.01895	0.04092	0.73426	0.04910	0.02326	0.00948	0.00301	0.00431	0.02110	0.00689	0.00603
5	0.01810	0.01719	0.02832	0.08645	0.58551	0.01764	0.02157	0.02416	0.08133	0.02457	0.01550	0.01937	0.01270	0.00700	0.00737	0.00225	0.00860	0.00679	0.00403	0.01153
6	0.00877	0.00752	0.00752	0.00752	0.01003	0.00627	0.00564	0.01065	0.01692	0.02005	0.07520	0.07144	0.68978	0.01880	0.00877	0.00251	0.00376	0.01567	0.00689	0.00627
7	0.01080	0.00720	0.00810	0.00810	0.00810	0.00720	0.00450	0.01080	0.01080	0.01439	0.02339	0.04858	0.02699	0.73910	0.03779	0.00720	0.00720	0.01080	0.00450	0.00450
8	0.02843	0.02046	0.02207	0.01692	0.02285	0.02252	0.01398	0.64193	0.03434	0.07370	0.01830	0.01813	0.01286	0.00892	0.00743	0.00223	0.00809	0.00672	0.00750	0.01263
9	0.01846	0.01595	0.01679	0.01511	0.01930	0.01846	0.01175	0.03945	0.67938	0.03105	0.03022	0.02770	0.02266	0.01007	0.00755	0.00252	0.00588	0.00839	0.00755	0.01175
10	0.79154	0.01436	0.01091	0.00976	0.01436	0.01665	0.00804	0.02182	0.01263	0.03331	0.01034	0.01206	0.00804	0.00689	0.00459	0.00230	0.00574	0.00402	0.00459	0.00804
11	0.10611	0.02089	0.02105	0.01644	0.02213	0.05772	0.01350	0.56919	0.03192	0.04394	0.01673	0.01701	0.01200	0.00864	0.00710	0.00222	0.00819	0.00631	0.00695	0.01195
12	0.00994	0.00761	0.00913	0.00889	0.01092	0.00681	0.00675	0.01283	0.01928	0.02574	0.42543	0.06291	0.30031	0.01681	0.00884	0.00246	0.00377	0.04722	0.00762	0.00672
13	0.01937	0.01784	0.01720	0.01550	0.01966	0.08579	0.01200	0.03849	0.61522	0.02980	0.02839	0.02630	0.02138	0.00984	0.00747	0.00246	0.00661	0.00804	0.00719	0.01144
14	0.01024	0.00758	0.00955	0.00906	0.01093	0.00689	0.00680	0.01349	0.02039	0.02828	0.59463	0.05791	0.16523	0.01573	0.00876	0.00236	0.00354	0.01377	0.00798	0.00689
15	0.01755	0.01502	0.01599	0.01464	0.01847	0.01725	0.01128	0.03661	0.61456	0.02988	0.03126	0.09656	0.02524	0.01136	0.00774	0.00257	0.00572	0.00963	0.00749	0.01119
16	0.03187	0.09063	0.01954	0.01315	0.01896	0.01288	0.01110	0.03469	0.02059	0.62532	0.02726	0.02384	0.01743	0.00889	0.00718	0.00222	0.00649	0.00709	0.00855	0.01230
17	0.02013	0.08550	0.02009	0.12212	0.02396	0.01503	0.01214	0.12425	0.01918	0.11995	0.01588	0.01749	0.01197	0.00693	0.00630	0.00170	0.00695	0.00548	0.00525	0.35968
18	0.02616	0.09901	0.02270	0.01614	0.02149	0.12363	0.01331	0.45545	0.02927	0.03798	0.01657	0.01729	0.01233	0.00843	0.00686	0.00208	0.00855	0.00613	0.06533	0.01127
19	0.01223	0.01055	0.01095	0.01027	0.01229	0.08190	0.00770	0.01546	0.02075	0.02790	0.57677	0.05200	0.10381	0.01461	0.00854	0.00230	0.00457	0.01265	0.00763	0.00713
20	0.02719	0.02041	0.04221	0.01542	0.02015	0.21185	0.01252	0.11765	0.02201	0.29900	0.02356	0.09776	0.01869	0.01045	0.00752	0.00229	0.00856	0.02533	0.00689	0.01056
21	0.02277	0.25804	0.02502	0.01425	0.01905	0.05534	0.01230	0.15906	0.02010	0.15126	0.01807	0.05505	0.01485	0.01403	0.08258	0.00315	0.05275	0.00670	0.00551	0.01014
22	0.01118	0.00891	0.01343	0.01160	0.01400	0.00823	0.07725	0.01491	0.02046	0.02871	0.59032	0.05237	0.09069	0.01438	0.00876	0.00236	0.00448	0.01303	0.00765	0.00729
23	0.02046	0.02024	0.09924	0.02671	0.03418	0.01705	0.47469	0.02626	0.01810	0.15970	0.01774	0.02068	0.01253	0.00692	0.00834	0.00245	0.01112	0.00820	0.00479	0.01063
24	0.02859	0.01473	0.01913	0.01631	0.06096	0.03511	0.03332	0.14774	0.02212	0.42072	0.02347	0.02265	0.01582	0.01061	0.00977	0.08569	0.00725	0.00712	0.00754	0.01136
25	0.03331	0.01263	0.01723	0.01321	0.01895	0.01091	0.01091	0.03618	0.02125	0.69794	0.02929	0.02527	0.01838	0.00919	0.00747	0.00230	0.00632	0.00747	0.00919	0.01263
26	0.00977	0.00814	0.00970	0.08414	0.01468	0.00754	0.00758	0.01238	0.01773	0.02238	0.22264	0.06192	0.46165	0.01668	0.00863	0.00246	0.00435	0.01414	0.00683	0.00666

[dist]
# distance from previous block
# <min> <max>
0	3

[block]
# block no. 4 follows, 27 sequences, length 9
# corresponding to MSA columns:
# 1717-1725
name=unknown_E
#
# <colnr> <probs for GDERKNQSTAVLIFYWHMCP>
#	G	D	E	R	K	N	Q	S	T	A	V	L	I	F	Y	W	H	M	C	P
0	0.01393	0.02793	0.43925	0.01915	0.02718	0.01460	0.09417	0.02080	0.01702	0.02474	0.16671	0.05802	0.02507	0.00953	0.00774	0.00240	0.00916	0.00836	0.00451	0.00974
1	0.01885	0.01341	0.01935	0.09024	0.06003	0.01610	0.01422	0.02218	0.03865	0.17164	0.01765	0.02194	0.01417	0.02023	0.16395	0.00473	0.27145	0.00711	0.00493	0.00917
2	0.01429	0.00867	0.00970	0.00880	0.01203	0.00731	0.00683	0.01639	0.01789	0.17251	0.06488	0.06106	0.53878	0.01664	0.00848	0.00246	0.00434	0.01382	0.00741	0.00770
3	0.01464	0.01056	0.01281	0.01164	0.01351	0.01159	0.00857	0.15959	0.01667	0.02281	0.02074	0.03393	0.02040	0.30256	0.29869	0.00797	0.01247	0.00874	0.00495	0.00717
4	0.01539	0.01319	0.01539	0.01100	0.01759	0.00990	0.00880	0.01869	0.01539	0.02419	0.01319	0.01539	0.01100	0.00550	0.00550	0.00110	0.00550	0.00440	0.00440	0.78449
5	0.00904	0.00646	0.00861	0.01034	0.01077	0.00603	0.00689	0.01034	0.01421	0.01895	0.04092	0.73426	0.04910	0.02326	0.00948	0.00301	0.00431	0.02110	0.00689	0.00603
6	0.01255	0.00914	0.01301	0.16959	0.02051	0.00933	0.01023	0.01627	0.01945	0.06599	0.46964	0.04641	0.08246	0.01325	0.00838	0.00237	0.00512	0.01165	0.00708	0.00758
7	0.01092	0.00862	0.01317	0.01269	0.01399	0.00952	0.04640	0.01320	0.01264	0.01777	0.02419	0.18835	0.02536	0.10428	0.42128	0.00857	0.04671	0.01114	0.00463	0.00657
8	0.01446	0.09167	0.45733	0.01824	0.02658	0.01606	0.05136	0.02128	0.01691	0.02441	0.16507	0.02450	0.02314	0.00878	0.00732	0.00229	0.00910	0.00729	0.00430	0.00991

[dist]
# distance from previous block
# <min> <max>
0	3

[block]
# block no. 5 follows, 27 sequences, length 17
# corresponding to MSA columns:
# 1729-1745
name=unknown_F
#
# <colnr> <probs for GDERKNQSTAVLIFYWHMCP>
#	G	D	E	R	K	N	Q	S	T	A	V	L	I	F	Y	W	H	M	C	P
0	0.01074	0.00729	0.00855	0.00845	0.00879	0.00725	0.00510	0.01142	0.01253	0.01704	0.13303	0.04895	0.03376	0.59291	0.05932	0.00658	0.00708	0.01112	0.00508	0.00500
1	0.01482	0.01378	0.02217	0.51457	0.13061	0.01556	0.01895	0.01943	0.01521	0.02053	0.01330	0.01888	0.01032	0.00700	0.00710	0.00221	0.00903	0.00624	0.00353	0.13676
2	0.01839	0.01736	0.02793	0.04054	0.58170	0.01777	0.02096	0.02553	0.12618	0.02538	0.01664	0.01991	0.01356	0.00718	0.00738	0.00226	0.00833	0.00691	0.00431	0.01176
3	0.01603	0.02579	0.32722	0.02012	0.07444	0.01578	0.06352	0.02493	0.12530	0.02499	0.01624	0.01808	0.01228	0.00708	0.00689	0.00207	0.00874	0.00600	0.00425	0.20022
4	0.01732	0.01326	0.02146	0.56850	0.04420	0.01589	0.01879	0.02175	0.01572	0.13091	0.01567	0.02051	0.01129	0.00800	0.00830	0.00248	0.04597	0.00674	0.00427	0.00896
5	0.02204	0.01772	0.01880	0.01583	0.02067	0.02013	0.01261	0.26963	0.44339	0.03682	0.02568	0.02408	0.01899	0.00965	0.00751	0.00241	0.00672	0.00777	0.00751	0.01207
6	0.01763	0.01647	0.08992	0.01977	0.14758	0.01265	0.04465	0.02235	0.03774	0.09911	0.07773	0.02135	0.01758	0.00734	0.00674	0.00179	0.00694	0.00643	0.00507	0.34112
7	0.01740	0.05955	0.49796	0.01909	0.02827	0.01732	0.02272	0.02728	0.12566	0.08795	0.01749	0.01841	0.01244	0.00772	0.00709	0.00234	0.00958	0.00609	0.00443	0.01120
8	0.01542	0.33157	0.23198	0.01435	0.02073	0.01945	0.01550	0.01946	0.01531	0.01982	0.02297	0.13835	0.08615	0.01064	0.00665	0.00215	0.00783	0.00846	0.00416	0.00905
9	0.01724	0.02098	0.17663	0.01779	0.04977	0.08557	0.06040	0.12628	0.01953	0.04391	0.02702	0.19734	0.07452	0.01279	0.00807	0.00250	0.00830	0.03658	0.00550	0.00928
10	0.01485	0.01740	0.14248	0.03295	0.02006	0.08250	0.07250	0.01831	0.01638	0.07122	0.05157	0.28892	0.08745	0.03714	0.00926	0.00273	0.00754	0.01296	0.00564	0.00813
11	0.10563	0.06215	0.02106	0.01646	0.05443	0.01433	0.07406	0.02904	0.01826	0.39651	0.02332	0.06578	0.01703	0.00949	0.00839	0.00237	0.05605	0.00774	0.00696	0.01094
12	0.01244	0.01082	0.08164	0.04556	0.01590	0.00835	0.01032	0.01492	0.01517	0.08445	0.03508	0.49745	0.03921	0.03804	0.00973	0.00299	0.00569	0.05846	0.00649	0.00729
13	0.02102	0.01743	0.10416	0.18418	0.08122	0.01542	0.07070	0.05015	0.10719	0.21196	0.02264	0.02363	0.03941	0.00854	0.00756	0.00239	0.00834	0.00747	0.00583	0.01076
14	0.01543	0.01602	0.09042	0.07325	0.07852	0.03484	0.11573	0.04448	0.08053	0.05072	0.02722	0.24376	0.04270	0.01326	0.00837	0.00262	0.00783	0.03976	0.00555	0.00899
15	0.01975	0.01822	0.09582	0.14994	0.40695	0.01630	0.02094	0.02443	0.01715	0.13443	0.01630	0.01947	0.01230	0.00722	0.00735	0.00228	0.00881	0.00664	0.00447	0.01124
16	0.05695	0.01565	0.02503	0.16012	0.20799	0.01575	0.10770	0.04639	0.01880	0.13700	0.08808	0.04616	0.02057	0.00947	0.00819	0.00259	0.00865	0.00845	0.00570	0.01076

[dist]
# distance from previous block
# <min> <max>
11	286

# created by:
# /home/cegg/simao/soft/augustus-3.2.1/scripts/msa2prfl.pl ./align_prep/EOG090W0CQ9.fa
