[name]
unknown

[dist]
# distance from previous block
# <min> <max>
0	61

[block]
# block no. 0 follows, 30 sequences, length 108
# corresponding to MSA columns:
# 62-169
name=unknown_A
#
# <colnr> <probs for GDERKNQSTAVLIFYWHMCP>
#	G	D	E	R	K	N	Q	S	T	A	V	L	I	F	Y	W	H	M	C	P
0	0.01824	0.71719	0.03516	0.01199	0.01772	0.02652	0.01190	0.02054	0.01428	0.01667	0.01122	0.01495	0.01069	0.00671	0.00476	0.00159	0.00741	0.04047	0.00318	0.00881
1	0.01731	0.01520	0.01719	0.01505	0.01917	0.01737	0.04858	0.03626	0.66068	0.02881	0.02761	0.02563	0.02071	0.00927	0.00716	0.00237	0.00587	0.00791	0.00690	0.01095
2	0.04636	0.01681	0.01805	0.01474	0.01947	0.01868	0.01187	0.39386	0.24058	0.06915	0.02193	0.06064	0.01688	0.00943	0.00705	0.00223	0.00665	0.00750	0.00699	0.01113
3	0.06917	0.01171	0.01562	0.01219	0.01730	0.01044	0.01003	0.03213	0.01908	0.64254	0.02614	0.02333	0.01679	0.01096	0.04693	0.00266	0.00662	0.00688	0.00815	0.01134
4	0.01106	0.00748	0.00835	0.00808	0.00839	0.00759	0.00473	0.04785	0.01141	0.01522	0.02170	0.04406	0.02462	0.71325	0.03393	0.00651	0.00682	0.00993	0.00438	0.00465
5	0.00837	0.00689	0.00736	0.00762	0.00960	0.00588	0.00557	0.01011	0.01563	0.01910	0.09496	0.18820	0.56007	0.01826	0.00836	0.00243	0.00361	0.01554	0.00654	0.00588
6	0.01907	0.02066	0.02717	0.06825	0.36786	0.18857	0.12168	0.02381	0.05479	0.02145	0.01353	0.01693	0.01096	0.00662	0.00698	0.00208	0.00976	0.00621	0.00369	0.00992
7	0.02501	0.02658	0.01805	0.01610	0.01974	0.52099	0.01226	0.02708	0.01926	0.13422	0.05284	0.01760	0.01408	0.01073	0.05289	0.00249	0.01135	0.00556	0.00467	0.00852
8	0.02148	0.01008	0.01332	0.01099	0.01483	0.00895	0.00873	0.02488	0.04185	0.38666	0.25734	0.07336	0.03509	0.01113	0.00744	0.00216	0.00489	0.00951	0.00792	0.04941
9	0.01794	0.01573	0.05875	0.01749	0.02367	0.01331	0.21845	0.06112	0.03926	0.11965	0.01616	0.01834	0.01214	0.00889	0.04676	0.00233	0.00848	0.00628	0.00475	0.29050
10	0.00860	0.00615	0.00803	0.00950	0.00994	0.00575	0.00630	0.00975	0.01323	0.01757	0.03838	0.68424	0.06483	0.06888	0.01060	0.00307	0.00421	0.01906	0.00633	0.00558
11	0.01803	0.02111	0.03695	0.02714	0.03338	0.13605	0.55139	0.02309	0.01683	0.02129	0.01340	0.01766	0.01027	0.00631	0.00840	0.00228	0.03622	0.00754	0.00352	0.00913
12	0.01772	0.37327	0.31079	0.01593	0.02336	0.11237	0.01775	0.02227	0.01512	0.01880	0.01098	0.01281	0.00891	0.00639	0.00558	0.00182	0.00927	0.00441	0.00305	0.00939
13	0.00892	0.00699	0.00840	0.00860	0.01022	0.00657	0.00632	0.01085	0.01467	0.01891	0.12298	0.16741	0.35267	0.05630	0.16328	0.00450	0.00697	0.01358	0.00593	0.00593
14	0.31599	0.01213	0.01337	0.01084	0.01559	0.01201	0.00891	0.02787	0.01663	0.41836	0.02063	0.01930	0.01372	0.00781	0.00588	0.00212	0.00557	0.00579	0.05753	0.00993
15	0.01628	0.09995	0.34250	0.01764	0.04538	0.07935	0.03969	0.07524	0.05546	0.02416	0.11898	0.02087	0.01859	0.00803	0.00674	0.00210	0.00867	0.00646	0.00432	0.00957
16	0.02368	0.02800	0.02130	0.02013	0.07903	0.49986	0.05359	0.06154	0.10662	0.02077	0.01373	0.01527	0.01097	0.00738	0.00660	0.00194	0.01103	0.00538	0.00420	0.00898
17	0.00953	0.00704	0.00790	0.00776	0.00967	0.00629	0.00581	0.01196	0.01683	0.02265	0.27740	0.05661	0.36300	0.04444	0.00895	0.00241	0.00363	0.03066	0.10133	0.00615
18	0.00925	0.00718	0.00870	0.00897	0.01048	0.00694	0.00652	0.01166	0.03703	0.01887	0.10539	0.20943	0.28540	0.07574	0.16119	0.00461	0.00710	0.01363	0.00588	0.00603
19	0.01736	0.01499	0.01578	0.01420	0.01815	0.01736	0.01105	0.03708	0.69862	0.02919	0.02840	0.02604	0.02130	0.00947	0.00710	0.00237	0.00552	0.00789	0.00710	0.01105
20	0.01276	0.01361	0.16101	0.01093	0.01481	0.00885	0.01060	0.01686	0.01754	0.08062	0.33590	0.03967	0.11202	0.01165	0.00730	0.00213	0.00503	0.00991	0.12108	0.00772
21	0.01553	0.01807	0.09637	0.02195	0.05076	0.01442	0.35219	0.02055	0.01555	0.02248	0.01330	0.01678	0.01034	0.00570	0.00691	0.00185	0.00909	0.00637	0.00369	0.29809
22	0.13378	0.18564	0.33366	0.01575	0.02323	0.05457	0.01756	0.07651	0.01623	0.06528	0.01266	0.01407	0.00943	0.00676	0.00586	0.00201	0.00862	0.00482	0.00386	0.00972
23	0.00988	0.00713	0.00933	0.00878	0.01043	0.00658	0.00658	0.01317	0.01975	0.02798	0.70754	0.05213	0.06584	0.01427	0.00823	0.00219	0.00329	0.01262	0.00768	0.00658
24	0.00955	0.00702	0.00897	0.00890	0.01045	0.00644	0.00663	0.01236	0.01821	0.02511	0.50450	0.15380	0.13947	0.01599	0.00839	0.00235	0.00358	0.04461	0.00731	0.00636
25	0.02370	0.29722	0.02538	0.01441	0.01943	0.22789	0.01224	0.10736	0.05750	0.13076	0.01474	0.01509	0.01132	0.00724	0.00586	0.00181	0.00864	0.00502	0.00477	0.00963
26	0.01400	0.03610	0.71860	0.01989	0.03020	0.01621	0.02578	0.02210	0.01473	0.02210	0.01252	0.01473	0.00884	0.00663	0.00663	0.00221	0.01031	0.00516	0.00295	0.01031
27	0.00884	0.00709	0.00789	0.00769	0.00979	0.00614	0.00577	0.01116	0.01730	0.02216	0.30147	0.06171	0.47555	0.01644	0.00824	0.00230	0.00345	0.01396	0.00692	0.00614
28	0.01589	0.01450	0.02088	0.17894	0.27227	0.01598	0.01623	0.02571	0.26637	0.02382	0.02118	0.04252	0.03835	0.00838	0.00709	0.00227	0.00722	0.00748	0.00490	0.01003
29	0.02618	0.03004	0.02005	0.01753	0.02159	0.56150	0.01343	0.18256	0.02283	0.02338	0.01219	0.01356	0.00966	0.00747	0.00645	0.00187	0.01143	0.00491	0.00439	0.00898
30	0.01854	0.07254	0.02667	0.05744	0.49416	0.09961	0.01883	0.04316	0.06058	0.02256	0.01367	0.01688	0.01129	0.00661	0.00668	0.00203	0.00856	0.00595	0.00377	0.01048
31	0.01412	0.01303	0.02141	0.65679	0.08939	0.01588	0.01920	0.05192	0.01503	0.01947	0.01267	0.01843	0.00954	0.00700	0.00697	0.00230	0.00916	0.00621	0.00332	0.00817
32	0.01647	0.01882	0.04118	0.02941	0.03647	0.01765	0.68588	0.02235	0.01647	0.02235	0.01412	0.01882	0.01059	0.00588	0.00824	0.00235	0.01176	0.00824	0.00353	0.00941
33	0.00889	0.00664	0.00830	0.00930	0.01033	0.00621	0.00662	0.01043	0.01389	0.01796	0.04399	0.42444	0.20830	0.06981	0.05965	0.00357	0.00531	0.07448	0.00614	0.00574
34	0.01458	0.01383	0.02345	0.50068	0.27445	0.01587	0.02008	0.01905	0.01461	0.01953	0.01265	0.01815	0.00990	0.00672	0.00695	0.00224	0.00896	0.00621	0.00322	0.00888
35	0.01476	0.01276	0.02101	0.60693	0.07759	0.01558	0.01859	0.01905	0.01425	0.06578	0.01327	0.01867	0.00993	0.00739	0.00800	0.00235	0.05615	0.00625	0.00349	0.00819
36	0.00849	0.00614	0.00803	0.00955	0.01008	0.00568	0.00640	0.00974	0.01352	0.01788	0.04053	0.70626	0.08875	0.02159	0.00886	0.00280	0.00402	0.01951	0.00648	0.00568
37	0.01288	0.00755	0.00938	0.00861	0.01074	0.00694	0.00657	0.01599	0.01845	0.10644	0.44306	0.04452	0.09548	0.01259	0.00740	0.00208	0.00361	0.01086	0.16972	0.00713
38	0.01044	0.05550	0.01108	0.00898	0.01091	0.00794	0.00693	0.01367	0.01939	0.02724	0.66265	0.04949	0.06218	0.01373	0.00799	0.00215	0.00356	0.01205	0.00738	0.00674
39	0.00861	0.00612	0.00807	0.00958	0.00996	0.00574	0.00633	0.00974	0.01315	0.01754	0.03740	0.70488	0.04482	0.06901	0.01062	0.00309	0.00422	0.01921	0.00633	0.00558
40	0.01447	0.01240	0.01447	0.01034	0.01654	0.00930	0.00827	0.01757	0.01447	0.02274	0.01240	0.01447	0.01034	0.00517	0.00517	0.00103	0.00517	0.00413	0.00413	0.79742
41	0.01001	0.00733	0.01047	0.01047	0.01146	0.00832	0.00780	0.01198	0.01100	0.01565	0.01937	0.03117	0.01908	0.19695	0.58472	0.01030	0.01624	0.00803	0.00384	0.00582
42	0.01950	0.54366	0.10538	0.01350	0.01963	0.08247	0.01347	0.04340	0.03848	0.04769	0.01168	0.01288	0.00980	0.00644	0.00513	0.00167	0.00806	0.00430	0.00353	0.00931
43	0.00850	0.00607	0.00810	0.00972	0.01012	0.00567	0.00648	0.00972	0.01336	0.01781	0.03846	0.75020	0.04615	0.02186	0.00891	0.00283	0.00405	0.01984	0.00648	0.00567
44	0.01568	0.04483	0.11400	0.02347	0.09271	0.04535	0.32301	0.05238	0.01716	0.02282	0.06169	0.02625	0.11140	0.00832	0.00764	0.00223	0.00930	0.00842	0.00426	0.00907
45	0.00922	0.00704	0.00846	0.00824	0.01006	0.00628	0.00613	0.01185	0.01800	0.02415	0.44272	0.10227	0.28835	0.01594	0.00828	0.00229	0.00343	0.01382	0.00719	0.00628
46	0.01597	0.01557	0.02743	0.24787	0.44590	0.01637	0.08820	0.02045	0.01537	0.02128	0.01301	0.01782	0.01049	0.00641	0.00706	0.00218	0.00894	0.00642	0.00336	0.00991
47	0.01665	0.19350	0.39573	0.01827	0.02612	0.07797	0.06565	0.03811	0.03818	0.02097	0.01236	0.01449	0.00950	0.00683	0.00690	0.00206	0.03855	0.00515	0.00329	0.00972
48	0.01578	0.01044	0.01285	0.01036	0.01438	0.00906	0.00816	0.04700	0.04041	0.13646	0.31393	0.03258	0.03569	0.00990	0.00692	0.00180	0.00460	0.00845	0.00659	0.27465
49	0.01425	0.16948	0.06325	0.13227	0.01978	0.01493	0.01101	0.06818	0.04257	0.01857	0.01687	0.02780	0.01650	0.29534	0.05813	0.00433	0.00826	0.00727	0.00400	0.00719
50	0.01811	0.01365	0.01712	0.01270	0.01854	0.01188	0.05450	0.10544	0.05586	0.10852	0.01757	0.01843	0.03357	0.00666	0.00603	0.00151	0.00599	0.00556	0.00523	0.48313
51	0.01491	0.17858	0.58416	0.01832	0.02778	0.01845	0.02305	0.02186	0.01462	0.02098	0.01197	0.01404	0.00886	0.00650	0.00621	0.00207	0.00975	0.00488	0.00295	0.01005
52	0.02336	0.06449	0.01896	0.01526	0.01924	0.35379	0.01196	0.19990	0.02266	0.05028	0.09718	0.01943	0.01732	0.00838	0.00656	0.00191	0.00918	0.00609	0.04504	0.00901
53	0.00871	0.00697	0.00779	0.00784	0.00977	0.00605	0.00578	0.01081	0.01662	0.02114	0.23497	0.14523	0.45919	0.01728	0.00832	0.00237	0.00353	0.01478	0.00680	0.00605
54	0.01888	0.01548	0.02547	0.03172	0.41415	0.01578	0.07686	0.02370	0.06019	0.12845	0.04339	0.02016	0.01461	0.00760	0.00848	0.00222	0.07082	0.00687	0.00462	0.01056
55	0.01324	0.00981	0.01321	0.01413	0.09516	0.01062	0.00897	0.01464	0.01279	0.06879	0.06651	0.03720	0.08131	0.35219	0.04683	0.00472	0.12942	0.00923	0.00466	0.00654
56	0.01026	0.00702	0.00867	0.00826	0.00996	0.00651	0.00619	0.01342	0.01858	0.02689	0.53978	0.04903	0.11187	0.01353	0.00767	0.00211	0.00331	0.01178	0.13865	0.00651
57	0.01640	0.01421	0.01472	0.01326	0.01674	0.04489	0.01026	0.05122	0.50487	0.02887	0.17260	0.03077	0.03003	0.01037	0.00730	0.00230	0.00541	0.00871	0.00707	0.00999
58	0.04973	0.13548	0.45176	0.01945	0.07055	0.03952	0.04162	0.02288	0.01521	0.07292	0.01314	0.01497	0.00963	0.00664	0.00631	0.00208	0.00936	0.00517	0.00350	0.01007
59	0.01005	0.00680	0.00766	0.00763	0.00781	0.00672	0.00438	0.01027	0.01082	0.01439	0.05302	0.04695	0.05926	0.68897	0.03309	0.00637	0.00647	0.01047	0.00448	0.00441
60	0.02893	0.01569	0.01855	0.01422	0.01971	0.01591	0.01175	0.35881	0.02635	0.38225	0.02218	0.02028	0.01459	0.00851	0.00700	0.00213	0.00680	0.00665	0.00781	0.01187
61	0.01714	0.01644	0.02808	0.06570	0.68941	0.01654	0.02135	0.02130	0.01583	0.02263	0.01310	0.01732	0.01100	0.00624	0.00691	0.00208	0.00832	0.00622	0.00344	0.01094
62	0.01727	0.01658	0.02832	0.04283	0.71123	0.01658	0.02142	0.02142	0.01589	0.02280	0.01313	0.01727	0.01105	0.00622	0.00691	0.00207	0.00829	0.00622	0.00345	0.01105
63	0.01792	0.01527	0.01610	0.01431	0.01836	0.01762	0.01118	0.07692	0.65787	0.03010	0.02769	0.02547	0.02072	0.00940	0.00709	0.00235	0.00565	0.00779	0.00709	0.01110
64	0.80405	0.01350	0.01026	0.00918	0.01350	0.01565	0.00756	0.02051	0.01188	0.03131	0.00972	0.01134	0.00756	0.00648	0.00432	0.00216	0.00540	0.00378	0.00432	0.00756
65	0.01866	0.75896	0.03657	0.01194	0.01791	0.02761	0.01194	0.02090	0.01418	0.01642	0.00970	0.01119	0.00896	0.00597	0.00448	0.00149	0.00746	0.00373	0.00299	0.00896
66	0.01000	0.00737	0.01068	0.01068	0.01173	0.00843	0.00805	0.01211	0.01106	0.01580	0.01918	0.03015	0.01863	0.15749	0.62357	0.01055	0.01691	0.00788	0.00381	0.00593
67	0.02001	0.01255	0.01601	0.05346	0.04593	0.01167	0.01058	0.02505	0.10276	0.24767	0.02266	0.02245	0.05527	0.00808	0.00726	0.00186	0.04295	0.00647	0.00597	0.28135
68	0.02563	0.01778	0.01935	0.01507	0.02031	0.01942	0.01237	0.54003	0.08087	0.10862	0.01901	0.01862	0.01342	0.00847	0.00689	0.00210	0.00712	0.00649	0.04690	0.01154
69	0.00850	0.00607	0.00810	0.00972	0.01012	0.00567	0.00648	0.00972	0.01336	0.01781	0.03846	0.75020	0.04615	0.02186	0.00891	0.00283	0.00405	0.01984	0.00648	0.00567
70	0.02653	0.01955	0.02094	0.01606	0.02164	0.02164	0.01326	0.68796	0.03281	0.04398	0.01675	0.01675	0.01187	0.00838	0.00698	0.00209	0.00768	0.00628	0.00698	0.01187
71	0.15689	0.01133	0.01400	0.01142	0.01596	0.01050	0.00923	0.02824	0.01773	0.50060	0.02695	0.11002	0.03635	0.01009	0.00682	0.00225	0.00556	0.00821	0.00760	0.01026
72	0.01494	0.01273	0.01355	0.01236	0.01576	0.01415	0.00955	0.02969	0.50320	0.02732	0.11703	0.03603	0.14126	0.01141	0.00743	0.00234	0.00492	0.00960	0.00707	0.00965
73	0.01866	0.75896	0.03657	0.01194	0.01791	0.02761	0.01194	0.02090	0.01418	0.01642	0.00970	0.01119	0.00896	0.00597	0.00448	0.00149	0.00746	0.00373	0.00299	0.00896
74	0.00845	0.00685	0.00750	0.00782	0.00967	0.00590	0.00568	0.01022	0.01566	0.01941	0.11899	0.22142	0.50142	0.01833	0.00840	0.00245	0.00363	0.01571	0.00658	0.00590
75	0.01828	0.01849	0.02726	0.10200	0.48801	0.10195	0.06948	0.04984	0.01693	0.02251	0.01300	0.01693	0.01064	0.00647	0.00694	0.00208	0.00913	0.00616	0.00359	0.01030
76	0.00981	0.00713	0.00923	0.00871	0.01038	0.00656	0.00653	0.01304	0.01959	0.02760	0.68088	0.05276	0.09275	0.01441	0.00823	0.00220	0.00330	0.01271	0.00763	0.00656
77	0.00890	0.00714	0.00806	0.00860	0.01055	0.00630	0.00668	0.01089	0.01561	0.01914	0.05959	0.15760	0.48553	0.01854	0.00862	0.00259	0.00420	0.14902	0.00647	0.00597
78	0.03091	0.01252	0.01659	0.01272	0.01814	0.01121	0.01051	0.08905	0.02105	0.65949	0.02662	0.02316	0.01682	0.00862	0.00701	0.00215	0.00608	0.00696	0.00850	0.01188
79	0.00850	0.00607	0.00810	0.00972	0.01012	0.00567	0.00648	0.00972	0.01336	0.01781	0.03846	0.75020	0.04615	0.02186	0.00891	0.00283	0.00405	0.01984	0.00648	0.00567
80	0.01935	0.01443	0.01578	0.01383	0.01796	0.01614	0.01086	0.05358	0.56367	0.12660	0.04896	0.02627	0.02185	0.00947	0.00712	0.00232	0.00557	0.00787	0.00733	0.01105
81	0.00991	0.00742	0.01109	0.01116	0.01237	0.00860	0.00863	0.01235	0.01130	0.01626	0.01947	0.05587	0.01858	0.05114	0.69883	0.01088	0.01812	0.00796	0.00385	0.00621
82	0.01576	0.02216	0.18498	0.06652	0.03577	0.01722	0.50785	0.02205	0.01596	0.02205	0.01368	0.01794	0.01014	0.00610	0.00782	0.00232	0.01132	0.00746	0.00338	0.00951
83	0.00857	0.00618	0.00824	0.00971	0.01023	0.00584	0.00656	0.00988	0.01332	0.01776	0.03841	0.68828	0.06589	0.02341	0.04856	0.00328	0.00484	0.01899	0.00633	0.00571
84	0.01400	0.03610	0.71860	0.01989	0.03020	0.01621	0.02578	0.02210	0.01473	0.02210	0.01252	0.01473	0.00884	0.00663	0.00663	0.00221	0.01031	0.00516	0.00295	0.01031
85	0.01896	0.01522	0.02423	0.03345	0.49835	0.01515	0.01786	0.05113	0.04965	0.11833	0.07279	0.02139	0.01690	0.00745	0.00704	0.00211	0.00741	0.00693	0.00482	0.01083
86	0.01483	0.15301	0.48138	0.01922	0.02800	0.01781	0.11013	0.02136	0.01493	0.02103	0.01501	0.01716	0.04206	0.00694	0.00656	0.00212	0.00971	0.00578	0.00320	0.00976
87	0.01584	0.01531	0.03878	0.08761	0.25644	0.07256	0.01512	0.01972	0.05489	0.03871	0.01795	0.02564	0.03880	0.12106	0.04152	0.00332	0.09664	0.02743	0.00405	0.00858
88	0.01063	0.00934	0.03759	0.00958	0.01163	0.03707	0.00759	0.01395	0.01927	0.02676	0.61494	0.06827	0.07885	0.01397	0.00811	0.00220	0.00398	0.01224	0.00726	0.00675
89	0.80405	0.01350	0.01026	0.00918	0.01350	0.01565	0.00756	0.02051	0.01188	0.03131	0.00972	0.01134	0.00756	0.00648	0.00432	0.00216	0.00540	0.00378	0.00432	0.00756
90	0.01623	0.03780	0.04046	0.04813	0.03611	0.01576	0.01145	0.08031	0.42331	0.02795	0.09715	0.03018	0.08473	0.01019	0.00720	0.00229	0.00576	0.00850	0.00654	0.00996
91	0.05283	0.30919	0.18200	0.01557	0.02213	0.08407	0.05239	0.08047	0.03837	0.08280	0.01342	0.01458	0.01033	0.00679	0.00584	0.00189	0.00853	0.00500	0.00408	0.00972
92	0.01527	0.01527	0.02137	0.01832	0.01832	0.02137	0.01527	0.01679	0.01069	0.01679	0.00916	0.01527	0.00916	0.01221	0.02290	0.00305	0.74198	0.00611	0.00305	0.00763
93	0.00853	0.00621	0.00804	0.00942	0.01007	0.00573	0.00637	0.00988	0.01386	0.01832	0.06796	0.65583	0.11178	0.02115	0.00882	0.00276	0.00397	0.01905	0.00653	0.00573
94	0.01501	0.01459	0.02321	0.48913	0.25560	0.04562	0.01977	0.01938	0.01481	0.01936	0.01256	0.01793	0.00984	0.00675	0.00693	0.00222	0.00912	0.00614	0.00323	0.00880
95	0.01730	0.16260	0.10920	0.02130	0.16888	0.01871	0.05177	0.07745	0.19899	0.02442	0.01779	0.04069	0.01447	0.00953	0.03494	0.00245	0.00806	0.00663	0.00466	0.01018
96	0.01688	0.05689	0.46907	0.01780	0.04482	0.01508	0.02035	0.04166	0.03217	0.12791	0.03940	0.02040	0.05119	0.00786	0.00677	0.00218	0.00871	0.00627	0.00437	0.01022
97	0.01447	0.01240	0.01447	0.01034	0.01654	0.00930	0.00827	0.01757	0.01447	0.02274	0.01240	0.01447	0.01034	0.00517	0.00517	0.00103	0.00517	0.00413	0.00413	0.79742
98	0.01171	0.01069	0.05355	0.01243	0.03580	0.00932	0.04310	0.01696	0.11114	0.04058	0.21883	0.20973	0.15042	0.01482	0.00811	0.00243	0.00497	0.03142	0.00649	0.00750
99	0.01413	0.00964	0.01330	0.01247	0.03428	0.00908	0.04306	0.01794	0.05441	0.11672	0.14746	0.06891	0.12911	0.03700	0.06718	0.00322	0.00652	0.13989	0.00630	0.06940
100	0.02096	0.01612	0.02299	0.06082	0.07245	0.05765	0.15999	0.16565	0.02068	0.16212	0.05401	0.02460	0.05091	0.00852	0.00733	0.00216	0.00807	0.02855	0.00572	0.05070
101	0.01518	0.01449	0.02439	0.17677	0.31355	0.01510	0.10601	0.02103	0.08452	0.02267	0.08509	0.02438	0.04987	0.00798	0.00731	0.00222	0.00797	0.00768	0.00431	0.00947
102	0.01821	0.05263	0.05512	0.01344	0.01782	0.01565	0.01125	0.11920	0.34106	0.08811	0.10097	0.05119	0.04534	0.01000	0.00709	0.00222	0.00585	0.00827	0.00673	0.02986
103	0.01051	0.00888	0.03108	0.00993	0.03067	0.00770	0.00751	0.04994	0.01858	0.02492	0.37757	0.09044	0.27612	0.01504	0.00812	0.00228	0.00401	0.01296	0.00691	0.00683
104	0.02114	0.05636	0.09178	0.01492	0.04109	0.15689	0.01251	0.04629	0.08005	0.19971	0.07536	0.02303	0.03868	0.01152	0.05600	0.00264	0.00846	0.00674	0.00566	0.05118
105	0.01959	0.05501	0.01671	0.01267	0.01689	0.01519	0.01012	0.23338	0.14398	0.09841	0.05995	0.02592	0.04146	0.09562	0.03839	0.00291	0.00679	0.00740	0.00623	0.09340
106	0.07594	0.01537	0.03655	0.03940	0.11241	0.05724	0.03229	0.13431	0.10964	0.09821	0.02846	0.02924	0.14930	0.04094	0.00822	0.00239	0.00682	0.00811	0.00574	0.00938
107	0.03775	0.05811	0.14040	0.02089	0.16314	0.03697	0.06411	0.08553	0.07179	0.02472	0.05532	0.04685	0.07171	0.00891	0.00740	0.00216	0.03195	0.00753	0.05537	0.00937

[dist]
# distance from previous block
# <min> <max>
5	9

[block]
# block no. 1 follows, 30 sequences, length 19
# corresponding to MSA columns:
# 179-197
name=unknown_B
#
# <colnr> <probs for GDERKNQSTAVLIFYWHMCP>
#	G	D	E	R	K	N	Q	S	T	A	V	L	I	F	Y	W	H	M	C	P
0	0.02110	0.01795	0.01881	0.05222	0.06489	0.12144	0.01281	0.20386	0.11234	0.08305	0.01761	0.04962	0.01404	0.00866	0.00806	0.00208	0.06835	0.00659	0.00550	0.11102
1	0.08751	0.04781	0.02240	0.05539	0.22315	0.04365	0.06557	0.06631	0.14498	0.07432	0.01668	0.01829	0.01281	0.00709	0.00654	0.00204	0.00745	0.00616	0.00484	0.08703
2	0.01857	0.20020	0.02578	0.06636	0.17428	0.14527	0.06058	0.03937	0.01634	0.04302	0.01483	0.08504	0.01355	0.00792	0.00638	0.00192	0.00846	0.00663	0.00395	0.06155
3	0.00989	0.00843	0.03490	0.00976	0.01160	0.00727	0.00742	0.01339	0.06153	0.02230	0.25608	0.33935	0.13325	0.01697	0.00828	0.00246	0.00410	0.01503	0.00671	0.03128
4	0.01701	0.01072	0.01429	0.01257	0.04184	0.00975	0.03884	0.02143	0.08354	0.19470	0.16185	0.09122	0.08587	0.04430	0.00854	0.00228	0.00528	0.00957	0.00657	0.13980
5	0.80405	0.01350	0.01026	0.00918	0.01350	0.01565	0.00756	0.02051	0.01188	0.03131	0.00972	0.01134	0.00756	0.00648	0.00432	0.00216	0.00540	0.00378	0.00432	0.00756
6	0.01049	0.00664	0.00787	0.00787	0.00787	0.00664	0.00454	0.00997	0.00997	0.01329	0.02029	0.04145	0.02308	0.62874	0.03410	0.14308	0.00664	0.00944	0.00402	0.00402
7	0.01021	0.00774	0.01126	0.01110	0.01221	0.00900	0.00852	0.01250	0.01156	0.01663	0.05524	0.02970	0.02031	0.10625	0.60132	0.01001	0.04841	0.00791	0.00396	0.00615
8	0.01400	0.04657	0.04288	0.01194	0.01434	0.12684	0.00952	0.04070	0.01608	0.04264	0.05793	0.26520	0.10798	0.05022	0.03992	0.00303	0.00702	0.09064	0.00561	0.00696
9	0.11820	0.01346	0.01415	0.01052	0.01636	0.04152	0.00840	0.01841	0.01436	0.02361	0.01198	0.01398	0.00991	0.00543	0.00511	0.00121	0.00552	0.00410	0.00413	0.65963
10	0.18513	0.04878	0.17650	0.02046	0.16117	0.01742	0.01616	0.12630	0.07375	0.02754	0.01406	0.01622	0.01092	0.00919	0.03803	0.00256	0.03604	0.00556	0.00436	0.00985
11	0.13475	0.05798	0.06190	0.09576	0.29822	0.07616	0.04572	0.07505	0.01643	0.02416	0.01230	0.01561	0.00993	0.00684	0.00711	0.00212	0.04092	0.00561	0.00378	0.00967
12	0.04400	0.15982	0.09879	0.09274	0.16247	0.15514	0.01581	0.02343	0.07092	0.05013	0.01498	0.05492	0.01270	0.00769	0.00635	0.00202	0.00864	0.00612	0.00401	0.00931
13	0.04845	0.09165	0.19625	0.02208	0.17969	0.08986	0.01735	0.12161	0.04805	0.02504	0.02856	0.05025	0.01404	0.00813	0.00667	0.00212	0.00849	0.02749	0.00433	0.00989
14	0.01768	0.18714	0.13593	0.09048	0.09701	0.06323	0.04123	0.05031	0.04615	0.04513	0.03908	0.05520	0.08258	0.00945	0.00708	0.00227	0.00828	0.00750	0.00466	0.00961
15	0.07841	0.13883	0.13309	0.01729	0.06792	0.08160	0.03055	0.10580	0.04856	0.02574	0.04970	0.02148	0.01568	0.00879	0.00744	0.00224	0.03952	0.03548	0.03422	0.05765
16	0.05380	0.09075	0.23207	0.01990	0.09799	0.04368	0.06702	0.07568	0.04698	0.08076	0.03359	0.05170	0.01557	0.04836	0.00870	0.00259	0.00872	0.00709	0.00484	0.01021
17	0.08688	0.08308	0.20012	0.04772	0.02258	0.10162	0.01541	0.13251	0.04373	0.02645	0.07715	0.02246	0.03790	0.03691	0.00860	0.00250	0.03307	0.00672	0.00496	0.00963
18	0.07585	0.18013	0.16552	0.01583	0.04395	0.11102	0.01459	0.06706	0.01737	0.03987	0.03799	0.02118	0.03634	0.00846	0.00654	0.00210	0.00835	0.03515	0.00454	0.10816

[dist]
# distance from previous block
# <min> <max>
23	185

[block]
# block no. 2 follows, 30 sequences, length 27
# corresponding to MSA columns:
# 423-449
name=unknown_C
#
# <colnr> <probs for GDERKNQSTAVLIFYWHMCP>
#	G	D	E	R	K	N	Q	S	T	A	V	L	I	F	Y	W	H	M	C	P
0	0.08534	0.10597	0.28689	0.01673	0.02350	0.06893	0.06892	0.10521	0.01767	0.04629	0.06494	0.04876	0.01529	0.00802	0.00656	0.00212	0.00861	0.00644	0.00434	0.00947
1	0.03804	0.17964	0.13953	0.01614	0.03950	0.09018	0.05804	0.14515	0.04211	0.04595	0.05109	0.04944	0.01571	0.05029	0.00809	0.00228	0.00824	0.00662	0.00464	0.00932
2	0.05099	0.26986	0.21863	0.03576	0.04744	0.09254	0.03845	0.02250	0.05031	0.04061	0.03021	0.01659	0.01198	0.03806	0.00714	0.00213	0.00864	0.00531	0.00368	0.00918
3	0.05510	0.21969	0.12341	0.01327	0.01825	0.09956	0.01248	0.06292	0.05759	0.02132	0.04275	0.02200	0.06659	0.04398	0.07551	0.00297	0.00876	0.00624	0.00423	0.04337
4	0.03995	0.23062	0.15583	0.01442	0.02023	0.03572	0.03759	0.15072	0.04772	0.05488	0.05493	0.04268	0.01551	0.00802	0.00615	0.00196	0.00747	0.00623	0.05983	0.00953
5	0.07802	0.29662	0.22156	0.01453	0.02113	0.05929	0.01530	0.09123	0.01667	0.05308	0.01487	0.01619	0.03892	0.00836	0.02508	0.00215	0.00849	0.00515	0.00394	0.00942
6	0.01939	0.49324	0.08909	0.01309	0.01897	0.02352	0.01285	0.13537	0.01758	0.04343	0.01334	0.04591	0.01160	0.00728	0.00538	0.00174	0.00743	0.00518	0.02615	0.00945
7	0.03975	0.31308	0.19256	0.01449	0.02067	0.08085	0.01478	0.07590	0.04528	0.05110	0.04713	0.04714	0.01429	0.00777	0.00593	0.00191	0.00806	0.00577	0.00417	0.00936
8	0.07332	0.39584	0.13749	0.01312	0.01880	0.05103	0.01320	0.03795	0.04432	0.02080	0.08058	0.01748	0.01549	0.00958	0.04262	0.00229	0.00808	0.00531	0.00388	0.00882
9	0.09663	0.54194	0.03004	0.01227	0.01759	0.10282	0.01140	0.02201	0.04733	0.01866	0.01292	0.01410	0.03473	0.00675	0.00493	0.00167	0.00759	0.00442	0.00351	0.00871
10	0.08023	0.57313	0.09361	0.01289	0.01898	0.06219	0.01295	0.04422	0.01498	0.01906	0.01025	0.01178	0.00894	0.00621	0.00484	0.00164	0.00783	0.00399	0.00325	0.00902
11	0.13934	0.15014	0.15148	0.01471	0.02049	0.04934	0.01414	0.19777	0.04388	0.07742	0.01482	0.03490	0.01154	0.00790	0.00687	0.00209	0.04278	0.00564	0.00490	0.00986
12	0.62665	0.07667	0.05048	0.01078	0.01548	0.08293	0.00942	0.02131	0.01295	0.02830	0.00996	0.01162	0.00787	0.00651	0.00464	0.00207	0.00649	0.00391	0.00407	0.00786
13	0.01212	0.00606	0.00909	0.00909	0.00909	0.00606	0.00606	0.00909	0.00909	0.01212	0.01212	0.02121	0.01212	0.02424	0.02727	0.79697	0.00606	0.00606	0.00303	0.00303
14	0.00825	0.00707	0.00707	0.00707	0.00943	0.00589	0.00530	0.01001	0.01591	0.01885	0.07069	0.06716	0.70839	0.01767	0.00825	0.00236	0.00353	0.01473	0.00648	0.00589
15	0.01736	0.01499	0.01578	0.01420	0.01815	0.01736	0.01105	0.03708	0.69862	0.02919	0.02840	0.02604	0.02130	0.00947	0.00710	0.00237	0.00552	0.00789	0.00710	0.01105
16	0.01512	0.01303	0.01546	0.01140	0.01696	0.01108	0.00920	0.04952	0.01497	0.02317	0.01229	0.01466	0.01029	0.00602	0.00701	0.00128	0.07808	0.00443	0.00416	0.68187
17	0.08248	0.02115	0.08284	0.05573	0.06072	0.14262	0.04268	0.26207	0.02215	0.07785	0.01565	0.04726	0.01226	0.00830	0.00733	0.00215	0.03520	0.00637	0.00523	0.00995
18	0.02607	0.03326	0.01978	0.01798	0.02157	0.72674	0.01348	0.02787	0.01978	0.01708	0.01079	0.01258	0.00899	0.00719	0.00629	0.00180	0.01258	0.00449	0.00360	0.00809
19	0.00860	0.00702	0.00752	0.00751	0.00956	0.00603	0.00554	0.01053	0.01619	0.02011	0.17279	0.09973	0.54095	0.04545	0.00932	0.00252	0.00364	0.01447	0.00659	0.00593
20	0.04336	0.01722	0.05377	0.04953	0.36204	0.05287	0.06314	0.07234	0.03703	0.10416	0.06253	0.02020	0.01545	0.00737	0.00699	0.00212	0.00805	0.00672	0.00471	0.01040
21	0.01830	0.08702	0.09093	0.02574	0.21277	0.16503	0.13517	0.02334	0.06477	0.02090	0.01580	0.01845	0.04044	0.00738	0.00761	0.00211	0.04456	0.00638	0.00378	0.00951
22	0.01866	0.00979	0.01296	0.01172	0.04300	0.00898	0.00869	0.05066	0.01968	0.27860	0.33822	0.03937	0.07895	0.03841	0.00866	0.00235	0.00480	0.01006	0.00763	0.00881
23	0.01620	0.01539	0.02592	0.10601	0.58732	0.01562	0.02003	0.02024	0.01571	0.02205	0.01687	0.02215	0.04781	0.00734	0.00708	0.00215	0.00808	0.03002	0.00368	0.01031
24	0.01697	0.01653	0.02783	0.09404	0.49086	0.03462	0.10509	0.04624	0.01642	0.02274	0.01458	0.05516	0.01264	0.00715	0.00717	0.00216	0.00869	0.00713	0.00373	0.01025
25	0.01919	0.13149	0.09885	0.02394	0.11406	0.05959	0.26404	0.08926	0.04242	0.06831	0.01462	0.01710	0.01108	0.00664	0.00699	0.00211	0.00958	0.00651	0.00418	0.01002
26	0.01109	0.00820	0.01032	0.01095	0.01258	0.00818	0.00872	0.03797	0.05085	0.02096	0.08089	0.15603	0.12812	0.10008	0.03303	0.00352	0.00591	0.29989	0.00625	0.00645

[dist]
# distance from previous block
# <min> <max>
4	9

[block]
# block no. 3 follows, 30 sequences, length 53
# corresponding to MSA columns:
# 459-511
name=unknown_D
#
# <colnr> <probs for GDERKNQSTAVLIFYWHMCP>
#	G	D	E	R	K	N	Q	S	T	A	V	L	I	F	Y	W	H	M	C	P
0	0.01642	0.26709	0.39601	0.01711	0.02503	0.08027	0.03894	0.02180	0.01499	0.01971	0.01237	0.03785	0.01017	0.00695	0.00603	0.00197	0.00942	0.00522	0.00315	0.00951
1	0.01632	0.01585	0.06444	0.02785	0.36528	0.05157	0.01627	0.03969	0.03773	0.05787	0.04399	0.11421	0.06513	0.01017	0.00739	0.00225	0.00734	0.04237	0.00476	0.00954
2	0.01679	0.06164	0.05622	0.01724	0.12333	0.03745	0.01245	0.05708	0.07756	0.06091	0.07696	0.04083	0.01755	0.00797	0.00730	0.00182	0.04985	0.00642	0.00486	0.26577
3	0.01639	0.01014	0.01265	0.01042	0.01407	0.00908	0.00820	0.05702	0.04050	0.16883	0.36451	0.03573	0.03999	0.01075	0.00724	0.00195	0.00454	0.00921	0.00709	0.17169
4	0.01594	0.01737	0.12358	0.03929	0.20380	0.01470	0.03395	0.02496	0.21544	0.04298	0.06333	0.04954	0.01860	0.00830	0.00693	0.00211	0.00700	0.00732	0.00504	0.09982
5	0.00982	0.00713	0.00925	0.00872	0.01039	0.00656	0.00654	0.01307	0.01963	0.02769	0.68683	0.05262	0.08675	0.01438	0.00823	0.00220	0.00330	0.01269	0.00764	0.00656
6	0.10316	0.01203	0.01564	0.01211	0.01741	0.01076	0.01001	0.03275	0.01922	0.65239	0.02587	0.02260	0.01637	0.00844	0.00677	0.00216	0.00589	0.00672	0.00824	0.01147
7	0.01301	0.00650	0.00650	0.00650	0.00813	0.00650	0.00488	0.01626	0.01463	0.02602	0.02276	0.02602	0.01789	0.00813	0.00488	0.00163	0.00325	0.00650	0.79350	0.00650
8	0.00974	0.00716	0.00940	0.01073	0.01204	0.00682	0.00851	0.01199	0.01507	0.01943	0.04329	0.31780	0.15720	0.01993	0.00914	0.00293	0.00508	0.32122	0.00645	0.00606
9	0.01846	0.01554	0.01640	0.01442	0.01857	0.01787	0.01131	0.11554	0.61836	0.03097	0.02700	0.02492	0.02016	0.00934	0.00709	0.00233	0.00578	0.00770	0.00709	0.01114
10	0.01686	0.01420	0.01576	0.01501	0.04278	0.01610	0.01142	0.06630	0.53715	0.02868	0.04913	0.03236	0.02408	0.01062	0.00743	0.00244	0.00577	0.08661	0.00690	0.01040
11	0.01866	0.75896	0.03657	0.01194	0.01791	0.02761	0.01194	0.02090	0.01418	0.01642	0.00970	0.01119	0.00896	0.00597	0.00448	0.00149	0.00746	0.00373	0.00299	0.00896
12	0.01010	0.00694	0.00852	0.00852	0.00884	0.00726	0.00536	0.01073	0.01042	0.01420	0.02116	0.04106	0.02337	0.57741	0.21013	0.00789	0.00978	0.00947	0.00410	0.00473
13	0.03131	0.01188	0.01619	0.01242	0.01781	0.01026	0.01026	0.03401	0.01997	0.71606	0.02753	0.02375	0.01727	0.00864	0.00702	0.00216	0.00594	0.00702	0.00864	0.01188
14	0.01072	0.00766	0.01061	0.01202	0.01345	0.00755	0.01012	0.01364	0.01599	0.02106	0.09716	0.17600	0.04335	0.01921	0.00940	0.00307	0.00579	0.51032	0.00655	0.00633
15	0.01647	0.01882	0.04118	0.02941	0.03647	0.01765	0.68588	0.02235	0.01647	0.02235	0.01412	0.01882	0.01059	0.00588	0.00824	0.00235	0.01176	0.00824	0.00353	0.00941
16	0.02607	0.03326	0.01978	0.01798	0.02157	0.72674	0.01348	0.02787	0.01978	0.01708	0.01079	0.01258	0.00899	0.00719	0.00629	0.00180	0.01258	0.00449	0.00360	0.00809
17	0.01055	0.00784	0.00990	0.00926	0.01112	0.00755	0.00698	0.01531	0.08048	0.02809	0.64679	0.04979	0.06186	0.01384	0.00813	0.00221	0.00349	0.01220	0.00763	0.00698
18	0.00850	0.00607	0.00810	0.00972	0.01012	0.00567	0.00648	0.00972	0.01336	0.01781	0.03846	0.75020	0.04615	0.02186	0.00891	0.00283	0.00405	0.01984	0.00648	0.00567
19	0.01591	0.01481	0.02486	0.07345	0.55540	0.01495	0.01937	0.01985	0.01573	0.02210	0.01729	0.05143	0.01624	0.00862	0.00736	0.00227	0.00793	0.09840	0.00396	0.01005
20	0.01647	0.01882	0.04118	0.02941	0.03647	0.01765	0.68588	0.02235	0.01647	0.02235	0.01412	0.01882	0.01059	0.00588	0.00824	0.00235	0.01176	0.00824	0.00353	0.00941
21	0.00947	0.00733	0.00883	0.00948	0.01134	0.00668	0.00760	0.01183	0.01610	0.02032	0.11534	0.12875	0.35803	0.01828	0.00879	0.00268	0.00457	0.24190	0.00657	0.00612
22	0.48388	0.02163	0.01417	0.01280	0.01682	0.30829	0.01000	0.02354	0.01513	0.02545	0.01016	0.01185	0.00815	0.00677	0.00513	0.00201	0.00836	0.00407	0.00402	0.00778
23	0.00850	0.00607	0.00810	0.00972	0.01012	0.00567	0.00648	0.00972	0.01336	0.01781	0.03846	0.75020	0.04615	0.02186	0.00891	0.00283	0.00405	0.01984	0.00648	0.00567
24	0.02344	0.02771	0.02256	0.01915	0.02280	0.47719	0.09043	0.08699	0.01928	0.02014	0.01148	0.01408	0.00946	0.00789	0.00901	0.00207	0.11864	0.00532	0.00382	0.00853
25	0.00932	0.00699	0.00864	0.00849	0.01015	0.00631	0.00627	0.01201	0.01807	0.02459	0.47598	0.13992	0.21564	0.01599	0.00832	0.00231	0.00344	0.01399	0.00725	0.00631
26	0.02093	0.01119	0.01365	0.01142	0.01520	0.01087	0.00907	0.10412	0.09476	0.29211	0.16936	0.06897	0.07165	0.01106	0.00730	0.00219	0.00512	0.00928	0.06213	0.00963
27	0.02691	0.01563	0.01750	0.01389	0.01896	0.05141	0.01130	0.24037	0.11030	0.35450	0.02493	0.02283	0.04071	0.00891	0.00702	0.00215	0.00669	0.00705	0.00758	0.01136
28	0.00947	0.00679	0.00879	0.01001	0.01072	0.00651	0.00683	0.04446	0.01456	0.01947	0.05862	0.69056	0.04503	0.02093	0.00879	0.00278	0.00421	0.01892	0.00654	0.00601
29	0.01949	0.49018	0.14142	0.01448	0.02064	0.17404	0.01447	0.02256	0.01545	0.01746	0.01038	0.01205	0.00894	0.00633	0.00520	0.00167	0.00900	0.00412	0.00311	0.00899
30	0.80405	0.01350	0.01026	0.00918	0.01350	0.01565	0.00756	0.02051	0.01188	0.03131	0.00972	0.01134	0.00756	0.00648	0.00432	0.00216	0.00540	0.00378	0.00432	0.00756
31	0.01354	0.01245	0.02097	0.54045	0.12507	0.01464	0.04214	0.01783	0.01418	0.01889	0.01429	0.04483	0.01178	0.03118	0.00788	0.00242	0.00869	0.00689	0.04391	0.00797
32	0.01017	0.00785	0.00958	0.00927	0.01101	0.00769	0.00703	0.01366	0.05236	0.02406	0.37800	0.11457	0.21161	0.01536	0.00891	0.00236	0.04136	0.03418	0.03435	0.00661
33	0.00825	0.00707	0.00707	0.00707	0.00943	0.00589	0.00530	0.01001	0.01591	0.01885	0.07069	0.06716	0.70839	0.01767	0.00825	0.00236	0.00353	0.01473	0.00648	0.00589
34	0.01696	0.01618	0.02711	0.09452	0.62491	0.01654	0.02073	0.02195	0.05081	0.02275	0.01386	0.01782	0.01145	0.00644	0.00692	0.00211	0.00823	0.00630	0.00361	0.01080
35	0.01614	0.02050	0.12105	0.02464	0.02997	0.04261	0.38714	0.02092	0.01471	0.02055	0.01238	0.01707	0.00990	0.00783	0.01216	0.00252	0.22051	0.00711	0.00332	0.00897
36	0.01074	0.00709	0.00960	0.01065	0.01183	0.00671	0.00806	0.01286	0.01529	0.05920	0.12001	0.43148	0.04525	0.01944	0.00893	0.00283	0.00474	0.20221	0.00673	0.00635
37	0.01357	0.01280	0.02164	0.67151	0.11148	0.01561	0.01957	0.01817	0.01414	0.01830	0.01247	0.01848	0.00947	0.00690	0.00697	0.00230	0.00921	0.00620	0.00313	0.00807
38	0.01783	0.01522	0.01604	0.01430	0.01832	0.01758	0.01116	0.07032	0.66462	0.02995	0.02781	0.02556	0.02082	0.00941	0.00709	0.00235	0.00563	0.00781	0.00709	0.01109
39	0.01054	0.00789	0.01058	0.01030	0.01089	0.00904	0.00737	0.01185	0.01070	0.01509	0.01925	0.03426	0.02014	0.35561	0.35936	0.00851	0.08073	0.00852	0.00389	0.00549
40	0.00840	0.00708	0.00728	0.00723	0.00952	0.00596	0.00542	0.01031	0.01626	0.01970	0.12991	0.06576	0.64865	0.01736	0.00825	0.00234	0.00351	0.01453	0.00659	0.00596
41	0.00878	0.00619	0.00801	0.00936	0.00969	0.00586	0.00609	0.00979	0.01281	0.01708	0.03565	0.63009	0.04261	0.14681	0.01344	0.00350	0.00451	0.01819	0.00609	0.00542
42	0.01318	0.01240	0.02093	0.73798	0.04806	0.01550	0.01938	0.01783	0.01395	0.01783	0.01240	0.01860	0.00930	0.00698	0.00698	0.00233	0.00930	0.00620	0.00310	0.00775
43	0.01301	0.00650	0.00650	0.00650	0.00813	0.00650	0.00488	0.01626	0.01463	0.02602	0.02276	0.02602	0.01789	0.00813	0.00488	0.00163	0.00325	0.00650	0.79350	0.00650
44	0.01040	0.00819	0.01202	0.01173	0.01290	0.00980	0.00922	0.01278	0.01133	0.01634	0.01957	0.02763	0.04014	0.04743	0.63722	0.01016	0.08543	0.00760	0.00377	0.00635
45	0.05345	0.01281	0.01601	0.01278	0.01776	0.01229	0.01039	0.07925	0.13536	0.50813	0.02667	0.04586	0.01815	0.00910	0.00700	0.00221	0.00591	0.00741	0.00805	0.01140
46	0.01301	0.00650	0.00650	0.00650	0.00813	0.00650	0.00488	0.01626	0.01463	0.02602	0.02276	0.02602	0.01789	0.00813	0.00488	0.00163	0.00325	0.00650	0.79350	0.00650
47	0.01012	0.00688	0.00817	0.00817	0.00837	0.00707	0.00493	0.01051	0.01031	0.01395	0.02147	0.04282	0.02413	0.64505	0.14353	0.00746	0.00863	0.00973	0.00415	0.00454
48	0.01809	0.01813	0.02753	0.04052	0.64710	0.08261	0.02068	0.02202	0.01625	0.02227	0.01291	0.01684	0.01086	0.00631	0.00685	0.00205	0.00869	0.00606	0.00347	0.01078
49	0.01651	0.01425	0.01497	0.01354	0.01734	0.01629	0.01051	0.03456	0.63514	0.02823	0.03233	0.02986	0.08519	0.01023	0.00721	0.00237	0.00534	0.00853	0.00704	0.01057
50	0.01736	0.01499	0.01578	0.01420	0.01815	0.01736	0.01105	0.03708	0.69862	0.02919	0.02840	0.02604	0.02130	0.00947	0.00710	0.00237	0.00552	0.00789	0.00710	0.01105
51	0.07635	0.01958	0.01936	0.01510	0.02049	0.08534	0.01232	0.50316	0.02805	0.03813	0.01522	0.01574	0.01113	0.00776	0.00653	0.00195	0.00769	0.00570	0.00615	0.10426
52	0.01185	0.11952	0.03151	0.00942	0.01250	0.07646	0.00778	0.01412	0.01665	0.02000	0.16529	0.04997	0.41193	0.01412	0.00747	0.00215	0.00508	0.01156	0.00582	0.00678

[dist]
# distance from previous block
# <min> <max>
0	24

[block]
# block no. 4 follows, 30 sequences, length 12
# corresponding to MSA columns:
# 536-547
name=unknown_E
#
# <colnr> <probs for GDERKNQSTAVLIFYWHMCP>
#	G	D	E	R	K	N	Q	S	T	A	V	L	I	F	Y	W	H	M	C	P
0	0.01384	0.00950	0.01224	0.01242	0.01478	0.00943	0.01041	0.09486	0.01805	0.06211	0.06087	0.13895	0.05705	0.01688	0.00882	0.00283	0.00602	0.40635	0.00658	0.03799
1	0.01781	0.01540	0.01743	0.01747	0.09527	0.01749	0.01231	0.06825	0.58916	0.02923	0.02612	0.02459	0.01969	0.00905	0.00707	0.00232	0.00594	0.00762	0.00669	0.01109
2	0.01684	0.01644	0.02557	0.06785	0.56143	0.06047	0.01942	0.02067	0.01553	0.02149	0.01357	0.01816	0.01156	0.01143	0.08683	0.00308	0.00976	0.00625	0.00348	0.01019
3	0.01210	0.01061	0.03995	0.04181	0.08093	0.00940	0.08452	0.01559	0.01761	0.05146	0.35326	0.10844	0.12019	0.01292	0.00802	0.00228	0.00537	0.01173	0.00628	0.00753
4	0.01015	0.00677	0.00761	0.00761	0.00761	0.00677	0.00423	0.01015	0.01015	0.01353	0.02199	0.04567	0.02537	0.75476	0.03552	0.00677	0.00677	0.01015	0.00423	0.00423
5	0.01301	0.00650	0.00650	0.00650	0.00813	0.00650	0.00488	0.01626	0.01463	0.02602	0.02276	0.02602	0.01789	0.00813	0.00488	0.00163	0.00325	0.00650	0.79350	0.00650
6	0.01447	0.01240	0.01447	0.01034	0.01654	0.00930	0.00827	0.01757	0.01447	0.02274	0.01240	0.01447	0.01034	0.00517	0.00517	0.00103	0.00517	0.00413	0.00413	0.79742
7	0.02063	0.02196	0.02421	0.02994	0.35665	0.24213	0.01752	0.08030	0.01800	0.02214	0.01226	0.01552	0.01026	0.00738	0.00850	0.00210	0.09126	0.00567	0.00376	0.00981
8	0.01301	0.00650	0.00650	0.00650	0.00813	0.00650	0.00488	0.01626	0.01463	0.02602	0.02276	0.02602	0.01789	0.00813	0.00488	0.00163	0.00325	0.00650	0.79350	0.00650
9	0.80405	0.01350	0.01026	0.00918	0.01350	0.01565	0.00756	0.02051	0.01188	0.03131	0.00972	0.01134	0.00756	0.00648	0.00432	0.00216	0.00540	0.00378	0.00432	0.00756
10	0.02059	0.02446	0.01774	0.01630	0.01877	0.45540	0.01244	0.02243	0.01659	0.01693	0.01377	0.06436	0.01294	0.01672	0.13429	0.00368	0.11504	0.00625	0.00374	0.00754
11	0.01869	0.06245	0.02798	0.09478	0.42428	0.08860	0.09294	0.02263	0.01634	0.06510	0.01364	0.01713	0.01091	0.00648	0.00686	0.00207	0.00900	0.00617	0.00375	0.01021

[dist]
# distance from previous block
# <min> <max>
0	1

[block]
# block no. 5 follows, 30 sequences, length 96
# corresponding to MSA columns:
# 549-623,626-646
name=unknown_F
#
# <colnr> <probs for GDERKNQSTAVLIFYWHMCP>
#	G	D	E	R	K	N	Q	S	T	A	V	L	I	F	Y	W	H	M	C	P
0	0.01765	0.01514	0.01594	0.01426	0.01826	0.01749	0.01112	0.05798	0.67725	0.02967	0.02803	0.02574	0.02100	0.00943	0.00710	0.00236	0.00559	0.00784	0.00710	0.01107
1	0.00850	0.00607	0.00810	0.00972	0.01012	0.00567	0.00648	0.00972	0.01336	0.01781	0.03846	0.75020	0.04615	0.02186	0.00891	0.00283	0.00405	0.01984	0.00648	0.00567
2	0.01703	0.01634	0.02790	0.08315	0.67277	0.01652	0.02130	0.02121	0.01578	0.02251	0.01308	0.01735	0.01095	0.00626	0.00691	0.00209	0.00835	0.00622	0.00343	0.01086
3	0.01553	0.01480	0.02518	0.33856	0.42910	0.01612	0.02055	0.01989	0.01507	0.02068	0.01282	0.01784	0.01031	0.00654	0.00694	0.00218	0.00872	0.00621	0.00330	0.00965
4	0.00988	0.00713	0.00933	0.00878	0.01043	0.00658	0.00658	0.01317	0.01975	0.02798	0.70754	0.05213	0.06584	0.01427	0.00823	0.00219	0.00329	0.01262	0.00768	0.00658
5	0.08316	0.01370	0.03951	0.01275	0.01813	0.01233	0.01083	0.12585	0.02089	0.52433	0.02408	0.02166	0.01556	0.00836	0.00674	0.00213	0.00620	0.00661	0.03585	0.01133
6	0.01046	0.00727	0.00947	0.00884	0.01062	0.00667	0.00666	0.01370	0.01966	0.04799	0.67076	0.05169	0.08134	0.01419	0.00820	0.00220	0.00338	0.01251	0.00768	0.00672
7	0.02432	0.01829	0.01961	0.01546	0.02061	0.02033	0.01263	0.55052	0.14642	0.04083	0.04525	0.01970	0.01555	0.00879	0.00705	0.00214	0.00714	0.00680	0.00703	0.01152
8	0.00881	0.00641	0.00831	0.00928	0.01014	0.00591	0.00641	0.01057	0.01511	0.02035	0.20224	0.52659	0.10467	0.01969	0.00869	0.00264	0.00382	0.01768	0.00677	0.00591
9	0.02009	0.53518	0.06373	0.01471	0.04242	0.18654	0.01324	0.02256	0.01554	0.01704	0.01019	0.01188	0.00903	0.00629	0.00507	0.00161	0.00879	0.00405	0.00314	0.00889
10	0.07507	0.20953	0.41455	0.01615	0.02441	0.01822	0.01909	0.02235	0.01476	0.07207	0.01271	0.01426	0.00946	0.00654	0.00589	0.00197	0.00869	0.00479	0.00353	0.04598
11	0.02021	0.16965	0.19946	0.02020	0.09886	0.30188	0.03320	0.02450	0.03484	0.01928	0.01182	0.01388	0.00953	0.00674	0.00617	0.00190	0.01036	0.00488	0.00339	0.00925
12	0.80405	0.01350	0.01026	0.00918	0.01350	0.01565	0.00756	0.02051	0.01188	0.03131	0.00972	0.01134	0.00756	0.00648	0.00432	0.00216	0.00540	0.00378	0.00432	0.00756
13	0.01796	0.01953	0.08236	0.07630	0.44925	0.08122	0.04243	0.05357	0.06617	0.02335	0.01413	0.01738	0.01134	0.00671	0.00690	0.00211	0.00879	0.00617	0.00383	0.01051
14	0.01543	0.01844	0.08166	0.02608	0.03265	0.01603	0.54817	0.02088	0.01597	0.02189	0.01640	0.09197	0.01404	0.00751	0.00808	0.00234	0.01064	0.00904	0.00381	0.03896
15	0.01251	0.01168	0.01968	0.01804	0.09263	0.01168	0.16565	0.01604	0.01689	0.02339	0.29213	0.06104	0.12540	0.01194	0.00969	0.00235	0.08524	0.01073	0.00557	0.00771
16	0.00841	0.00704	0.00733	0.00734	0.00955	0.00595	0.00547	0.01031	0.01618	0.01969	0.13050	0.09232	0.62099	0.01751	0.00827	0.00236	0.00353	0.01472	0.00660	0.00595
