[name]
unknown

[dist]
# distance from previous block
# <min> <max>
0	9

[block]
# block no. 0 follows, 32 sequences, length 16
# corresponding to MSA columns:
# 101-116
name=unknown_A
#
# <colnr> <probs for GDERKNQSTAVLIFYWHMCP>
#	G	D	E	R	K	N	Q	S	T	A	V	L	I	F	Y	W	H	M	C	P
0	0.05130	0.00952	0.01085	0.01098	0.04119	0.02582	0.00775	0.07145	0.06001	0.02266	0.19926	0.09169	0.10847	0.17658	0.01335	0.00321	0.00526	0.07817	0.00583	0.00665
1	0.03759	0.00950	0.01195	0.05874	0.01474	0.00933	0.02553	0.08579	0.01521	0.08681	0.04243	0.20755	0.05240	0.17558	0.01289	0.00308	0.00559	0.01035	0.04453	0.09041
2	0.00819	0.00611	0.00772	0.00886	0.00970	0.00564	0.00609	0.00953	0.01328	0.01727	0.04279	0.57263	0.18981	0.02159	0.04426	0.00302	0.00448	0.01742	0.00610	0.00552
3	0.02419	0.01752	0.01873	0.01451	0.01949	0.01933	0.01193	0.63048	0.02977	0.04053	0.01670	0.01701	0.01200	0.00803	0.00651	0.00197	0.00695	0.00606	0.08740	0.01089
4	0.01341	0.04895	0.22408	0.06233	0.02069	0.01231	0.05941	0.06033	0.01428	0.03628	0.01810	0.12622	0.01765	0.17315	0.01267	0.00304	0.00755	0.00822	0.00410	0.07722
5	0.27638	0.01602	0.10391	0.01242	0.01784	0.01408	0.01135	0.12341	0.04485	0.28997	0.01773	0.01705	0.01201	0.00739	0.00587	0.00208	0.00630	0.00546	0.00601	0.00987
6	0.01598	0.03411	0.57499	0.01872	0.02724	0.17247	0.02222	0.02245	0.01522	0.02020	0.01168	0.01372	0.00853	0.00649	0.00630	0.00204	0.01039	0.00482	0.00297	0.00945
7	0.01486	0.01527	0.07003	0.03150	0.47496	0.01394	0.06284	0.01834	0.01404	0.01991	0.01450	0.02248	0.01345	0.17081	0.01269	0.00300	0.00801	0.00686	0.00346	0.00905
8	0.01235	0.01032	0.01207	0.01264	0.05979	0.01090	0.00879	0.02134	0.29973	0.02338	0.12647	0.19446	0.15363	0.01348	0.00753	0.00233	0.00456	0.01173	0.00643	0.00806
9	0.01316	0.00925	0.01049	0.00947	0.01077	0.00983	0.00644	0.16005	0.01461	0.01966	0.01969	0.03590	0.02072	0.51971	0.10712	0.00601	0.00798	0.00866	0.00459	0.00588
10	0.00840	0.00682	0.00745	0.00729	0.00935	0.00586	0.00547	0.01053	0.01640	0.02075	0.26225	0.06026	0.52370	0.01602	0.00793	0.00222	0.00333	0.01356	0.00658	0.00586
11	0.00862	0.00638	0.00846	0.00922	0.01017	0.00623	0.00657	0.01037	0.01349	0.01816	0.12317	0.42283	0.12585	0.02596	0.16689	0.00434	0.00680	0.01499	0.00580	0.00571
12	0.01383	0.06359	0.01866	0.01496	0.01535	0.01790	0.01216	0.01502	0.01039	0.01544	0.01152	0.02077	0.01218	0.17491	0.02347	0.00361	0.53977	0.00656	0.00318	0.00671
13	0.63688	0.01163	0.00920	0.00838	0.01213	0.01301	0.00680	0.01753	0.01226	0.02750	0.02209	0.02257	0.16212	0.00857	0.00497	0.00212	0.00480	0.00592	0.00460	0.00692
14	0.01120	0.00719	0.00888	0.00827	0.00994	0.00659	0.00597	0.01340	0.01644	0.08675	0.40372	0.04849	0.15132	0.17687	0.01351	0.00309	0.00416	0.01143	0.00657	0.00620
15	0.01519	0.16753	0.34916	0.02151	0.05765	0.01812	0.23631	0.02108	0.01464	0.02032	0.01204	0.01488	0.00914	0.00601	0.00649	0.00203	0.00976	0.00568	0.00304	0.00942

[dist]
# distance from previous block
# <min> <max>
0	5

[block]
# block no. 1 follows, 32 sequences, length 36
# corresponding to MSA columns:
# 122-157
name=unknown_B
#
# <colnr> <probs for GDERKNQSTAVLIFYWHMCP>
#	G	D	E	R	K	N	Q	S	T	A	V	L	I	F	Y	W	H	M	C	P
0	0.04712	0.21609	0.16115	0.01603	0.06485	0.05762	0.04602	0.02452	0.04834	0.20717	0.01656	0.03908	0.01252	0.00726	0.00601	0.00193	0.00759	0.00575	0.00472	0.00966
1	0.05804	0.43999	0.02755	0.01366	0.01842	0.30862	0.01187	0.02274	0.01567	0.01671	0.00974	0.01130	0.00856	0.00623	0.00499	0.00158	0.00904	0.00388	0.00316	0.00822
2	0.00989	0.00697	0.00831	0.00857	0.00925	0.00694	0.00573	0.03163	0.01210	0.01595	0.02934	0.16621	0.09616	0.42406	0.07284	0.00530	0.00656	0.07430	0.00489	0.00501
3	0.01267	0.01193	0.02013	0.74806	0.04621	0.01491	0.01863	0.01714	0.01342	0.01714	0.01193	0.01789	0.00894	0.00671	0.00671	0.00224	0.00894	0.00596	0.00298	0.00745
4	0.01949	0.05896	0.01604	0.01340	0.01660	0.34543	0.01035	0.09111	0.06281	0.02219	0.10091	0.02240	0.05210	0.00964	0.02486	0.00206	0.00843	0.00640	0.10898	0.00785
5	0.01794	0.76823	0.03516	0.01148	0.01722	0.02655	0.01148	0.02009	0.01363	0.01579	0.00933	0.01076	0.00861	0.00574	0.00431	0.00144	0.00718	0.00359	0.00287	0.00861
6	0.81159	0.01298	0.00986	0.00882	0.01298	0.01505	0.00727	0.01972	0.01142	0.03010	0.00934	0.01090	0.00727	0.00623	0.00415	0.00208	0.00519	0.00363	0.00415	0.00727
7	0.01267	0.01193	0.02013	0.74806	0.04621	0.01491	0.01863	0.01714	0.01342	0.01714	0.01193	0.01789	0.00894	0.00671	0.00671	0.00224	0.00894	0.00596	0.00298	0.00745
8	0.01968	0.01902	0.12201	0.12023	0.02535	0.01787	0.04690	0.36621	0.10131	0.03197	0.01849	0.01944	0.04468	0.00804	0.00679	0.00211	0.00774	0.00652	0.00546	0.01016
9	0.01506	0.01490	0.02218	0.50235	0.09466	0.09239	0.08910	0.01925	0.01457	0.03497	0.01257	0.01748	0.00956	0.00663	0.00671	0.00215	0.00924	0.00602	0.02225	0.00798
10	0.01317	0.01360	0.07940	0.19093	0.03825	0.05037	0.05100	0.05008	0.05822	0.02070	0.02480	0.12924	0.10066	0.01225	0.04121	0.00258	0.00737	0.00892	0.09974	0.00753
11	0.01631	0.42664	0.22965	0.01668	0.02378	0.02174	0.14053	0.02067	0.01418	0.01835	0.01086	0.01305	0.00887	0.00590	0.00554	0.00178	0.00870	0.00476	0.00296	0.00906
12	0.00961	0.00711	0.01036	0.01036	0.01141	0.00816	0.00786	0.01171	0.01066	0.01526	0.01836	0.02851	0.01771	0.13785	0.65135	0.01026	0.01657	0.00750	0.00365	0.00575
13	0.01267	0.01193	0.02013	0.74806	0.04621	0.01491	0.01863	0.01714	0.01342	0.01714	0.01193	0.01789	0.00894	0.00671	0.00671	0.00224	0.00894	0.00596	0.00298	0.00745
14	0.01602	0.01223	0.01411	0.01059	0.01578	0.01050	0.00845	0.11012	0.03785	0.05309	0.01416	0.01595	0.01128	0.00681	0.00645	0.04425	0.00527	0.00472	0.05409	0.54828
15	0.00974	0.00721	0.00923	0.01026	0.01176	0.00688	0.00840	0.01205	0.01472	0.01876	0.04287	0.13757	0.21185	0.07448	0.01073	0.00310	0.00527	0.39325	0.00604	0.00582
16	0.01472	0.05255	0.66208	0.01843	0.02791	0.01548	0.02341	0.02200	0.01450	0.06949	0.01296	0.01467	0.00906	0.00649	0.00635	0.00210	0.00956	0.00504	0.00321	0.00998
17	0.00835	0.00637	0.00759	0.00821	0.00944	0.00570	0.00575	0.00997	0.01454	0.01882	0.15231	0.37278	0.28848	0.04828	0.00926	0.00262	0.00371	0.01587	0.00632	0.00561
18	0.01362	0.03357	0.68213	0.01975	0.02945	0.01568	0.07094	0.02127	0.01428	0.02127	0.01215	0.01444	0.00862	0.00633	0.00648	0.00213	0.01001	0.00516	0.00287	0.00986
19	0.01642	0.01390	0.01468	0.01321	0.01686	0.01592	0.01026	0.06023	0.62365	0.02793	0.02817	0.04990	0.04025	0.00964	0.00686	0.00226	0.00524	0.00805	0.02633	0.01024
20	0.21234	0.17521	0.10156	0.07543	0.15617	0.08746	0.01448	0.06726	0.01520	0.02307	0.01104	0.01335	0.00888	0.00632	0.00547	0.00191	0.00778	0.00464	0.00360	0.00884
21	0.00846	0.00644	0.00778	0.00824	0.00959	0.00577	0.00588	0.01036	0.01536	0.02016	0.23576	0.33107	0.27555	0.01766	0.00817	0.00240	0.00353	0.01551	0.00655	0.00577
22	0.00946	0.00701	0.00898	0.00934	0.01094	0.00653	0.00738	0.01215	0.01672	0.02240	0.33737	0.12235	0.17972	0.01637	0.00837	0.00248	0.00415	0.20548	0.00672	0.00608
23	0.04601	0.03685	0.04146	0.01333	0.03939	0.04893	0.01075	0.21695	0.04277	0.07647	0.05923	0.01763	0.01433	0.00702	0.00595	0.00163	0.00629	0.00549	0.00526	0.30425
24	0.01818	0.01937	0.02514	0.02001	0.02338	0.16840	0.21320	0.10147	0.01639	0.02094	0.01272	0.05011	0.01115	0.00895	0.01211	0.00237	0.25722	0.00678	0.00378	0.00833
25	0.02385	0.01127	0.01407	0.01150	0.01576	0.01082	0.00926	0.03030	0.17750	0.44733	0.06918	0.02527	0.02046	0.00877	0.00662	0.00207	0.00518	0.00722	0.09320	0.01036
26	0.01909	0.01641	0.01710	0.01481	0.01748	0.12124	0.01200	0.23196	0.01944	0.05332	0.01782	0.02839	0.01654	0.07863	0.01313	0.00278	0.18277	0.12365	0.00508	0.00835
27	0.81159	0.01298	0.00986	0.00882	0.01298	0.01505	0.00727	0.01972	0.01142	0.03010	0.00934	0.01090	0.00727	0.00623	0.00415	0.00208	0.00519	0.00363	0.00415	0.00727
28	0.02551	0.01879	0.02014	0.01544	0.02081	0.02081	0.01275	0.69996	0.03155	0.04229	0.01611	0.01611	0.01141	0.00805	0.00671	0.00201	0.00738	0.00604	0.00671	0.01141
29	0.02900	0.01167	0.01557	0.01200	0.01706	0.01037	0.00989	0.07154	0.01993	0.65789	0.05395	0.02355	0.01820	0.00851	0.00679	0.00207	0.00571	0.00692	0.00817	0.01121
30	0.01267	0.01193	0.02013	0.74806	0.04621	0.01491	0.01863	0.01714	0.01342	0.01714	0.01193	0.01789	0.00894	0.00671	0.00671	0.00224	0.00894	0.00596	0.00298	0.00745
31	0.00856	0.00610	0.00800	0.00902	0.00963	0.00571	0.00610	0.01006	0.01392	0.01888	0.17796	0.56286	0.04695	0.07045	0.01018	0.00286	0.00392	0.01699	0.00632	0.00554
32	0.01238	0.01090	0.01756	0.54691	0.07408	0.01298	0.01577	0.01635	0.01366	0.01836	0.01733	0.06113	0.04825	0.00810	0.00664	0.00217	0.00767	0.00713	0.09537	0.00729
33	0.00857	0.00659	0.00789	0.00871	0.00990	0.00609	0.00609	0.01084	0.04650	0.01847	0.08252	0.47406	0.25160	0.01884	0.00825	0.00253	0.00377	0.01666	0.00632	0.00580
34	0.32641	0.01181	0.01314	0.01078	0.01538	0.01172	0.00893	0.02676	0.01604	0.42402	0.02044	0.02112	0.01423	0.00806	0.00590	0.00213	0.00554	0.04143	0.00661	0.00956
35	0.02397	0.02980	0.01881	0.01801	0.05800	0.66089	0.01295	0.02589	0.01856	0.01716	0.01108	0.01300	0.00919	0.00691	0.00601	0.00173	0.01142	0.00451	0.04426	0.00785

[dist]
# distance from previous block
# <min> <max>
0	1

[block]
# block no. 2 follows, 32 sequences, length 18
# corresponding to MSA columns:
# 159-176
name=unknown_C
#
# <colnr> <probs for GDERKNQSTAVLIFYWHMCP>
#	G	D	E	R	K	N	Q	S	T	A	V	L	I	F	Y	W	H	M	C	P
0	0.01717	0.01465	0.01545	0.01375	0.01763	0.01692	0.01074	0.07219	0.67289	0.02885	0.02669	0.02454	0.01998	0.00905	0.00682	0.00226	0.00542	0.00750	0.00682	0.01066
1	0.01794	0.76823	0.03516	0.01148	0.01722	0.02655	0.01148	0.02009	0.01363	0.01579	0.00933	0.01076	0.00861	0.00574	0.00431	0.00144	0.00718	0.00359	0.00287	0.00861
2	0.00848	0.00671	0.00763	0.00764	0.00946	0.00586	0.00564	0.01060	0.01624	0.02093	0.28064	0.14021	0.42341	0.01637	0.00800	0.00227	0.00338	0.01406	0.00661	0.00586
3	0.00811	0.00609	0.00753	0.00867	0.00956	0.00551	0.00593	0.00942	0.01349	0.01739	0.04515	0.57663	0.22229	0.01996	0.00840	0.00260	0.00376	0.01778	0.00623	0.00551
4	0.01343	0.00773	0.01023	0.00911	0.01138	0.00700	0.00700	0.01648	0.01903	0.16043	0.58675	0.04492	0.05440	0.01269	0.00769	0.00210	0.00365	0.01111	0.00756	0.00730
5	0.43783	0.01124	0.01024	0.00898	0.01262	0.01228	0.00725	0.04446	0.03904	0.12497	0.01588	0.01695	0.01179	0.00710	0.00484	0.00195	0.00480	0.00498	0.21498	0.00783
6	0.00893	0.00684	0.00819	0.00785	0.00968	0.00609	0.00589	0.01157	0.01766	0.02375	0.48457	0.05532	0.29950	0.01490	0.00792	0.00217	0.00325	0.01286	0.00697	0.00609
7	0.01764	0.01627	0.02641	0.03821	0.64117	0.01651	0.01969	0.09920	0.01716	0.02428	0.01302	0.01655	0.01072	0.00622	0.00665	0.00200	0.00790	0.00599	0.00371	0.01072
8	0.07291	0.00993	0.01147	0.01014	0.01326	0.00986	0.00796	0.02134	0.16423	0.13831	0.26541	0.03715	0.09911	0.01116	0.00702	0.00211	0.00440	0.03314	0.02909	0.05199
9	0.01588	0.14401	0.51978	0.01757	0.02604	0.07176	0.02102	0.07087	0.01571	0.02159	0.01180	0.01364	0.00874	0.00644	0.00606	0.00198	0.00948	0.00478	0.00317	0.00967
10	0.01055	0.00879	0.00947	0.00914	0.01160	0.00871	0.00697	0.01700	0.19872	0.02184	0.13402	0.08930	0.39527	0.01478	0.00772	0.00230	0.00400	0.03624	0.00653	0.00706
11	0.01549	0.54215	0.02681	0.01015	0.01461	0.02048	0.00952	0.01753	0.01375	0.01689	0.04158	0.02183	0.09451	0.06437	0.00711	0.00194	0.00626	0.00575	0.06160	0.00768
12	0.01541	0.01228	0.01549	0.01658	0.13496	0.01301	0.01096	0.08797	0.25594	0.05254	0.27105	0.03165	0.03313	0.01009	0.00717	0.00214	0.00521	0.00876	0.00647	0.00919
13	0.01391	0.01193	0.01391	0.00994	0.01590	0.00894	0.00795	0.01690	0.01391	0.02186	0.01193	0.01391	0.00994	0.00497	0.00497	0.00099	0.00497	0.00398	0.00398	0.80521
14	0.01643	0.03062	0.01543	0.01426	0.05152	0.08913	0.01042	0.18230	0.09839	0.02395	0.02044	0.14761	0.01958	0.08445	0.12513	0.00395	0.04446	0.00871	0.00514	0.00812
15	0.01536	0.06547	0.01411	0.01011	0.01425	0.01019	0.00810	0.06715	0.01604	0.10604	0.10242	0.05204	0.09190	0.01114	0.02838	0.06214	0.00542	0.00720	0.00523	0.30732
16	0.01625	0.25067	0.23903	0.01534	0.02107	0.13847	0.03962	0.02043	0.03020	0.01819	0.01421	0.09723	0.01315	0.00930	0.02623	0.00218	0.03025	0.00627	0.00346	0.00847
17	0.01567	0.01503	0.02059	0.33108	0.18906	0.07241	0.01657	0.05311	0.10304	0.02053	0.01424	0.01869	0.01142	0.03422	0.00859	0.00233	0.05479	0.00618	0.00380	0.00866

[dist]
# distance from previous block
# <min> <max>
0	1

[block]
# block no. 3 follows, 32 sequences, length 41
# corresponding to MSA columns:
# 178-218
name=unknown_D
#
# <colnr> <probs for GDERKNQSTAVLIFYWHMCP>
#	G	D	E	R	K	N	Q	S	T	A	V	L	I	F	Y	W	H	M	C	P
0	0.06332	0.26668	0.13927	0.01605	0.04688	0.18725	0.03063	0.10355	0.01698	0.02117	0.01121	0.01308	0.00914	0.00746	0.02039	0.00198	0.02789	0.00460	0.00358	0.00889
1	0.09145	0.02439	0.39300	0.03758	0.07083	0.01441	0.11367	0.01984	0.01394	0.03918	0.01439	0.05812	0.01203	0.05856	0.00842	0.00246	0.00883	0.00649	0.00349	0.00892
2	0.73511	0.01482	0.01075	0.00965	0.01373	0.08527	0.00782	0.02041	0.01216	0.02877	0.00944	0.01102	0.00740	0.00630	0.00434	0.00204	0.00586	0.00370	0.00408	0.00732
3	0.01764	0.01790	0.02623	0.03826	0.63653	0.10416	0.01966	0.02135	0.01574	0.02125	0.01235	0.01606	0.01039	0.00609	0.00657	0.00196	0.00848	0.00578	0.00334	0.01028
4	0.00813	0.00619	0.00748	0.00845	0.00951	0.00555	0.00585	0.00953	0.01385	0.01774	0.06627	0.50375	0.27464	0.01945	0.00833	0.00255	0.00370	0.01721	0.00626	0.00555
5	0.01431	0.13639	0.58289	0.01959	0.07582	0.01715	0.02263	0.02104	0.01417	0.02053	0.01170	0.01386	0.00866	0.00626	0.00610	0.00202	0.00940	0.00484	0.00287	0.00978
6	0.00963	0.00653	0.00728	0.00728	0.00744	0.00645	0.00414	0.00975	0.01014	0.01337	0.02441	0.04535	0.07296	0.71199	0.03232	0.00621	0.00629	0.01007	0.00422	0.00418
7	0.01115	0.00775	0.00915	0.00870	0.00925	0.00838	0.00576	0.04612	0.01143	0.01615	0.01977	0.03680	0.02116	0.52594	0.10164	0.00599	0.05948	0.00869	0.08160	0.00508
8	0.00914	0.00684	0.00847	0.00807	0.00981	0.00618	0.00605	0.01197	0.01815	0.02491	0.57046	0.05342	0.21290	0.01446	0.00792	0.00215	0.00322	0.01260	0.00712	0.00618
9	0.01760	0.69046	0.03365	0.01211	0.01726	0.02593	0.01181	0.01968	0.01329	0.01582	0.00927	0.01117	0.00863	0.00636	0.00613	0.00159	0.08403	0.00382	0.00288	0.00848
10	0.01165	0.00628	0.00657	0.00668	0.00785	0.00625	0.00467	0.01402	0.01312	0.02206	0.02279	0.08014	0.02054	0.16034	0.01087	0.00264	0.00386	0.00785	0.58607	0.00576
11	0.02551	0.01879	0.02014	0.01544	0.02081	0.02081	0.01275	0.69996	0.03155	0.04229	0.01611	0.01611	0.01141	0.00805	0.00671	0.00201	0.00738	0.00604	0.00671	0.01141
12	0.11075	0.01158	0.01498	0.01162	0.01670	0.01040	0.00959	0.03136	0.01840	0.65506	0.02470	0.02161	0.01565	0.00809	0.00648	0.00208	0.00566	0.00643	0.00788	0.01099
13	0.02102	0.02534	0.01643	0.01501	0.01820	0.52510	0.01129	0.02445	0.08154	0.01868	0.08674	0.02239	0.08841	0.00882	0.00650	0.00187	0.00972	0.00639	0.00443	0.00768
14	0.02872	0.01173	0.01553	0.01212	0.01716	0.01057	0.00994	0.03301	0.09052	0.65485	0.02656	0.02306	0.01701	0.00839	0.00676	0.00210	0.00567	0.00683	0.00815	0.01134
15	0.01926	0.01502	0.01616	0.01384	0.01795	0.01691	0.01094	0.21373	0.45910	0.06392	0.02474	0.05990	0.01907	0.00939	0.00688	0.00222	0.00582	0.00771	0.00683	0.01061
16	0.01362	0.01162	0.01360	0.00991	0.01559	0.00877	0.00786	0.01651	0.01386	0.02162	0.01320	0.05186	0.01169	0.00579	0.00515	0.00108	0.00491	0.00474	0.00409	0.76452
17	0.01861	0.15858	0.31566	0.06685	0.02445	0.08668	0.01729	0.05248	0.01623	0.14162	0.03154	0.01608	0.01144	0.00692	0.00611	0.00196	0.00857	0.00525	0.00413	0.00954
18	0.00976	0.00651	0.00732	0.00732	0.00732	0.00651	0.00407	0.00976	0.00976	0.01301	0.02114	0.04391	0.02439	0.76419	0.03415	0.00651	0.00651	0.00976	0.00407	0.00407
19	0.01346	0.03471	0.72942	0.01912	0.02904	0.01558	0.02479	0.02125	0.01417	0.02125	0.01204	0.01417	0.00850	0.00637	0.00637	0.00212	0.00992	0.00496	0.00283	0.00992
20	0.78026	0.01309	0.01055	0.01010	0.04093	0.01509	0.00779	0.01976	0.01157	0.02978	0.00947	0.01112	0.00740	0.00622	0.00425	0.00207	0.00530	0.00373	0.00412	0.00740
21	0.01363	0.01291	0.02186	0.57532	0.21144	0.01516	0.01911	0.01799	0.01387	0.01831	0.01210	0.01758	0.00936	0.00653	0.00669	0.00218	0.00871	0.00597	0.00306	0.00823
22	0.59595	0.01251	0.01226	0.06380	0.08809	0.01424	0.00930	0.01857	0.01170	0.02656	0.01009	0.01290	0.00816	0.00790	0.00673	0.08013	0.00580	0.00425	0.00386	0.00720
23	0.81159	0.01298	0.00986	0.00882	0.01298	0.01505	0.00727	0.01972	0.01142	0.03010	0.00934	0.01090	0.00727	0.00623	0.00415	0.00208	0.00519	0.00363	0.00415	0.00727
24	0.01544	0.20508	0.48578	0.01751	0.02599	0.01858	0.05253	0.06708	0.01530	0.02141	0.01175	0.01368	0.00880	0.00631	0.00598	0.00196	0.00917	0.00485	0.00313	0.00967
25	0.03639	0.33490	0.15913	0.01914	0.02597	0.02069	0.27398	0.02082	0.01451	0.01928	0.01142	0.01415	0.00915	0.00583	0.00604	0.00189	0.00918	0.00547	0.00309	0.00897
26	0.00917	0.00698	0.00991	0.01254	0.08330	0.00662	0.00772	0.01083	0.01370	0.01857	0.10076	0.61411	0.04274	0.01876	0.00830	0.00259	0.00424	0.01705	0.00604	0.00607
27	0.06549	0.01367	0.01665	0.01283	0.01802	0.01334	0.01059	0.22939	0.02249	0.49176	0.02260	0.02029	0.01463	0.00813	0.00662	0.00206	0.00618	0.00639	0.00764	0.01122
28	0.03659	0.09740	0.13765	0.01510	0.01986	0.13394	0.05949	0.03916	0.20268	0.02213	0.03861	0.07134	0.04541	0.00930	0.00668	0.00213	0.00766	0.04128	0.00481	0.00879
29	0.03363	0.13164	0.48876	0.01848	0.02691	0.03617	0.09100	0.03982	0.03463	0.02137	0.01227	0.01434	0.00908	0.00635	0.00621	0.00203	0.00943	0.00513	0.00316	0.00959
30	0.00813	0.00667	0.00736	0.00762	0.00946	0.00589	0.00561	0.00981	0.01443	0.01771	0.05776	0.18085	0.53473	0.02093	0.07899	0.00317	0.00490	0.01433	0.00597	0.00566
31	0.06108	0.01628	0.01764	0.01389	0.01882	0.01762	0.01138	0.46582	0.09381	0.13171	0.02181	0.02094	0.06090	0.00871	0.00669	0.00207	0.00658	0.00673	0.00679	0.01075
32	0.02205	0.07111	0.01834	0.03115	0.01933	0.34463	0.01175	0.09006	0.15648	0.09026	0.01761	0.06690	0.01446	0.00847	0.00641	0.00196	0.00874	0.00636	0.00504	0.00892
33	0.01398	0.01027	0.01154	0.01050	0.01335	0.01068	0.00816	0.08073	0.21238	0.06852	0.14838	0.07236	0.19222	0.01424	0.04168	0.00262	0.00516	0.02806	0.04709	0.00808
34	0.00848	0.00601	0.00790	0.00930	0.00971	0.00568	0.00626	0.00963	0.01267	0.01686	0.03527	0.64863	0.04200	0.09758	0.01124	0.00313	0.00429	0.05400	0.00600	0.00535
35	0.05936	0.02082	0.03955	0.07213	0.02346	0.22941	0.09661	0.15503	0.10516	0.10872	0.01597	0.01690	0.01172	0.00735	0.00655	0.00202	0.00889	0.00589	0.00504	0.00942
36	0.01768	0.03452	0.01920	0.10948	0.20873	0.17652	0.01405	0.08229	0.01727	0.05010	0.03665	0.08516	0.05208	0.02836	0.00755	0.00220	0.00804	0.03717	0.00446	0.00850
37	0.02304	0.01083	0.01381	0.01148	0.01545	0.01007	0.00911	0.08959	0.05398	0.43494	0.03054	0.17294	0.07099	0.01148	0.00720	0.00222	0.00532	0.00971	0.00752	0.00978
38	0.00959	0.00716	0.01062	0.01062	0.01176	0.00830	0.00818	0.01188	0.01074	0.01546	0.01812	0.02719	0.01713	0.08392	0.70449	0.01058	0.01743	0.00731	0.00362	0.00590
39	0.03822	0.02020	0.18606	0.06432	0.03957	0.01681	0.13737	0.21770	0.01921	0.05988	0.01501	0.04582	0.01174	0.00908	0.02888	0.00245	0.06693	0.00662	0.00453	0.00957
40	0.02446	0.01776	0.01912	0.01491	0.02002	0.01962	0.01223	0.58760	0.10322	0.06737	0.01784	0.01752	0.01271	0.00817	0.00668	0.00203	0.00700	0.00624	0.02428	0.01121

[dist]
# distance from previous block
# <min> <max>
0	3

[block]
# block no. 4 follows, 32 sequences, length 115
# corresponding to MSA columns:
# 222-234,239-247,327-419
name=unknown_E
#
# <colnr> <probs for GDERKNQSTAVLIFYWHMCP>
#	G	D	E	R	K	N	Q	S	T	A	V	L	I	F	Y	W	H	M	C	P
0	0.00994	0.00696	0.00822	0.00836	0.00892	0.00696	0.00539	0.01172	0.04986	0.01665	0.11848	0.14414	0.03294	0.47963	0.02427	0.00498	0.00561	0.04686	0.00507	0.00503
1	0.01900	0.52887	0.03048	0.06042	0.05815	0.17104	0.01273	0.02131	0.01481	0.01634	0.00988	0.01180	0.00875	0.00605	0.00494	0.00158	0.00834	0.00402	0.00302	0.00848
2	0.00832	0.00596	0.00800	0.00940	0.00984	0.00570	0.00634	0.00955	0.01261	0.01691	0.03514	0.68611	0.04178	0.04170	0.06480	0.00343	0.00503	0.01794	0.00597	0.00546
3	0.01710	0.01859	0.11271	0.16068	0.30645	0.06116	0.03894	0.07392	0.07961	0.04466	0.01434	0.01722	0.01105	0.00673	0.00665	0.00208	0.00840	0.00598	0.00394	0.00981
4	0.04384	0.05125	0.03988	0.02042	0.13046	0.01765	0.11923	0.24789	0.14127	0.02956	0.01699	0.01959	0.01324	0.00756	0.00671	0.00206	0.00754	0.03004	0.00519	0.04961
5	0.00818	0.00584	0.00779	0.00934	0.00973	0.00545	0.00623	0.00934	0.01285	0.01713	0.03698	0.75981	0.04438	0.02102	0.00856	0.00273	0.00389	0.01908	0.00623	0.00545
6	0.01361	0.00732	0.00743	0.00703	0.00892	0.00749	0.00538	0.07376	0.01556	0.02648	0.02140	0.02426	0.01671	0.00784	0.00486	0.00160	0.00349	0.00624	0.73393	0.00669
7	0.00795	0.00672	0.00687	0.00699	0.00911	0.00565	0.00518	0.00961	0.01511	0.01805	0.06561	0.11759	0.66812	0.01730	0.00798	0.00230	0.00344	0.01454	0.00623	0.00565
8	0.00930	0.00854	0.05424	0.01147	0.04989	0.00695	0.00830	0.01138	0.01402	0.01883	0.10747	0.46151	0.10951	0.04142	0.00904	0.00268	0.00460	0.05880	0.00591	0.00613
9	0.01516	0.01425	0.07064	0.01547	0.12384	0.01056	0.01125	0.01864	0.01442	0.05983	0.01282	0.01482	0.01029	0.00541	0.00543	0.00129	0.00584	0.00450	0.00402	0.58151
10	0.42681	0.01439	0.03380	0.06191	0.09356	0.01618	0.06109	0.03535	0.01261	0.02516	0.01052	0.01370	0.00857	0.00829	0.02674	0.00246	0.13232	0.00490	0.00375	0.00791
11	0.01515	0.01453	0.02466	0.04561	0.24701	0.01528	0.17631	0.06705	0.01546	0.02148	0.03634	0.06803	0.05304	0.04517	0.01083	0.00249	0.12083	0.00804	0.00400	0.00870
12	0.01578	0.01625	0.03077	0.03360	0.39485	0.01591	0.28470	0.02022	0.01536	0.02139	0.01590	0.01975	0.04900	0.00661	0.00764	0.00214	0.02979	0.00718	0.00350	0.00965
13	0.01426	0.00794	0.00813	0.00749	0.00957	0.00822	0.00578	0.10789	0.01643	0.02734	0.02111	0.02381	0.01642	0.00785	0.00496	0.00162	0.00370	0.00623	0.69430	0.00695
14	0.01166	0.00583	0.00874	0.00874	0.00874	0.00583	0.00583	0.00874	0.00874	0.01166	0.01166	0.02040	0.01166	0.02331	0.02622	0.80478	0.00583	0.00583	0.00291	0.00291
15	0.01600	0.01521	0.02583	0.03889	0.67089	0.01519	0.01956	0.01978	0.01510	0.02158	0.01438	0.07026	0.01306	0.00706	0.00678	0.00205	0.00768	0.00692	0.00353	0.01025
16	0.00842	0.00625	0.00790	0.00902	0.00996	0.00573	0.00638	0.00997	0.01392	0.01814	0.08254	0.52031	0.18262	0.01957	0.00846	0.00263	0.00394	0.07233	0.00629	0.00561
17	0.01197	0.06491	0.01305	0.01119	0.01283	0.09473	0.00863	0.01398	0.01192	0.01548	0.01743	0.05029	0.01696	0.11495	0.50143	0.00833	0.01484	0.00726	0.00366	0.00617
18	0.00895	0.00684	0.00821	0.00787	0.00969	0.00610	0.00590	0.01160	0.01770	0.02383	0.49099	0.05518	0.29304	0.01486	0.00792	0.00216	0.00325	0.01284	0.00698	0.00610
19	0.01794	0.76823	0.03516	0.01148	0.01722	0.02655	0.01148	0.02009	0.01363	0.01579	0.00933	0.01076	0.00861	0.00574	0.00431	0.00144	0.00718	0.00359	0.00287	0.00861
20	0.00826	0.00681	0.00725	0.00714	0.00926	0.00580	0.00535	0.01026	0.01606	0.01995	0.20316	0.06157	0.58328	0.01631	0.00793	0.00223	0.00335	0.01374	0.00647	0.00580
21	0.01051	0.00877	0.04824	0.01031	0.01180	0.00763	0.00781	0.08127	0.01491	0.02043	0.03254	0.59687	0.03734	0.01807	0.00801	0.00255	0.00453	0.01617	0.05589	0.00636
22	0.00989	0.00782	0.00853	0.00854	0.01053	0.00671	0.00620	0.01139	0.01663	0.02123	0.20374	0.14889	0.47919	0.01752	0.00859	0.00255	0.00396	0.01460	0.00692	0.00657
23	0.00987	0.00704	0.00887	0.01021	0.01072	0.00647	0.00674	0.01053	0.01353	0.01820	0.03670	0.69226	0.04350	0.07530	0.01098	0.00325	0.00462	0.01854	0.00651	0.00615
24	0.01633	0.02756	0.42327	0.02071	0.02898	0.01692	0.19028	0.14976	0.01787	0.02529	0.01319	0.01551	0.00947	0.00651	0.00682	0.00214	0.00978	0.00590	0.00371	0.00998
25	0.01303	0.00715	0.00741	0.00717	0.00885	0.00727	0.00533	0.06432	0.01502	0.02511	0.02238	0.07142	0.01887	0.04984	0.00668	0.00194	0.00367	0.00723	0.65086	0.00646
26	0.58617	0.16074	0.05415	0.01001	0.01482	0.01713	0.00913	0.02034	0.01228	0.05170	0.01010	0.01148	0.00793	0.00622	0.00440	0.00195	0.00585	0.00381	0.00398	0.00782
27	0.81159	0.01298	0.00986	0.00882	0.01298	0.01505	0.00727	0.01972	0.01142	0.03010	0.00934	0.01090	0.00727	0.00623	0.00415	0.00208	0.00519	0.00363	0.00415	0.00727
28	0.02506	0.03198	0.01901	0.01729	0.02074	0.73725	0.01296	0.02679	0.01901	0.01642	0.01037	0.01210	0.00864	0.00691	0.00605	0.00173	0.01210	0.00432	0.00346	0.00778
29	0.00814	0.00596	0.00766	0.00902	0.00965	0.00548	0.00609	0.00938	0.01316	0.01725	0.04091	0.67177	0.12988	0.02051	0.00848	0.00267	0.00383	0.01845	0.00623	0.00548
30	0.01017	0.00713	0.00901	0.00886	0.00936	0.00781	0.00602	0.01124	0.01044	0.01490	0.01956	0.03543	0.02064	0.44264	0.25276	0.00729	0.04853	0.00848	0.06473	0.00501
31	0.01794	0.76823	0.03516	0.01148	0.01722	0.02655	0.01148	0.02009	0.01363	0.01579	0.00933	0.01076	0.00861	0.00574	0.00431	0.00144	0.00718	0.00359	0.00287	0.00861
32	0.05156	0.01215	0.01548	0.01221	0.01716	0.01139	0.00999	0.05308	0.12452	0.57867	0.02577	0.02261	0.01676	0.00836	0.00668	0.00210	0.00568	0.00676	0.00791	0.01117
33	0.00922	0.00685	0.00859	0.00815	0.00986	0.00621	0.00612	0.01213	0.01835	0.02537	0.60519	0.05264	0.17787	0.01429	0.00792	0.00214	0.00321	0.01249	0.00718	0.00621
34	0.20868	0.01723	0.01762	0.01380	0.01888	0.01916	0.01140	0.52303	0.02652	0.05847	0.01482	0.01508	0.01059	0.00764	0.00612	0.00203	0.00683	0.00550	0.00616	0.01045
35	0.01154	0.00688	0.00872	0.00898	0.01015	0.00635	0.00614	0.01280	0.01357	0.11236	0.07424	0.40149	0.09243	0.18571	0.01399	0.00341	0.00464	0.01451	0.00609	0.00601
36	0.12866	0.01169	0.01484	0.01159	0.01661	0.01070	0.00955	0.03114	0.03632	0.62048	0.02433	0.02138	0.01553	0.00806	0.00642	0.00208	0.00563	0.00638	0.00774	0.01087
37	0.01276	0.00821	0.01031	0.00927	0.01158	0.00776	0.00711	0.03547	0.06239	0.11105	0.52555	0.04536	0.10094	0.01286	0.00767	0.00213	0.00374	0.01118	0.00736	0.00731
38	0.01661	0.01594	0.02724	0.04119	0.72233	0.01594	0.02059	0.02059	0.01528	0.02192	0.01262	0.01661	0.01063	0.00598	0.00664	0.00199	0.00797	0.00598	0.00332	0.01063
39	0.07730	0.01182	0.01519	0.01178	0.01679	0.01078	0.00971	0.07528	0.01936	0.61408	0.02457	0.02174	0.01571	0.00814	0.00651	0.00205	0.00570	0.00649	0.03603	0.01098
40	0.03010	0.01142	0.01557	0.01194	0.01713	0.00986	0.00986	0.03270	0.01920	0.72698	0.02647	0.02284	0.01661	0.00830	0.00675	0.00208	0.00571	0.00675	0.00830	0.01142
41	0.00816	0.00590	0.00773	0.00919	0.00969	0.00546	0.00616	0.00936	0.01299	0.01719	0.03878	0.71938	0.08365	0.02079	0.00853	0.00270	0.00386	0.01879	0.00623	0.00546
42	0.01404	0.00899	0.01152	0.04574	0.01350	0.02797	0.00806	0.05737	0.01298	0.10630	0.01845	0.02812	0.01709	0.21363	0.28109	0.10630	0.01080	0.00740	0.00439	0.00627
43	0.02452	0.05002	0.01940	0.01620	0.02028	0.46191	0.01259	0.19197	0.07181	0.04872	0.01353	0.01435	0.01046	0.00736	0.00624	0.00184	0.01008	0.00504	0.00465	0.00903
44	0.01702	0.01442	0.01527	0.01363	0.01742	0.01659	0.01062	0.08267	0.63634	0.02870	0.02685	0.05060	0.02068	0.00945	0.00688	0.00227	0.00541	0.00788	0.00680	0.01049
45	0.01576	0.01967	0.19408	0.19471	0.15037	0.06001	0.07469	0.02033	0.01460	0.07035	0.01407	0.01940	0.01129	0.04357	0.00890	0.00239	0.04943	0.02397	0.00359	0.00884
46	0.00821	0.00663	0.00731	0.00751	0.00933	0.00572	0.00549	0.01003	0.01540	0.01926	0.15982	0.19106	0.49626	0.01725	0.00805	0.00233	0.00346	0.01477	0.00640	0.00572
47	0.01391	0.01193	0.01391	0.00994	0.01590	0.00894	0.00795	0.01690	0.01391	0.02186	0.01193	0.01391	0.00994	0.00497	0.00497	0.00099	0.00497	0.00398	0.00398	0.80521
48	0.04141	0.01365	0.02006	0.30701	0.27318	0.05901	0.01636	0.01795	0.01415	0.01927	0.01498	0.08544	0.01362	0.04169	0.00789	0.00233	0.00792	0.00715	0.02873	0.00820
49	0.00936	0.00693	0.00881	0.00873	0.01038	0.00638	0.00672	0.01220	0.01768	0.02417	0.49340	0.08112	0.16936	0.01517	0.00812	0.00229	0.00364	0.10238	0.00699	0.00617
50	0.01607	0.01500	0.03591	0.04207	0.17399	0.07865	0.01254	0.06000	0.21739	0.04574	0.12510	0.02899	0.10078	0.00953	0.00697	0.00211	0.00635	0.00810	0.00557	0.00914
51	0.06545	0.01413	0.03851	0.01362	0.03680	0.01390	0.01097	0.14824	0.19383	0.30870	0.06647	0.02283	0.01867	0.00856	0.00668	0.00212	0.00591	0.00693	0.00707	0.01061
52	0.02234	0.01288	0.06585	0.01224	0.01680	0.01102	0.01055	0.04583	0.13444	0.39704	0.14693	0.02879	0.02539	0.00955	0.00701	0.00215	0.00556	0.02810	0.00740	0.01013
53	0.04264	0.08056	0.10807	0.01306	0.01689	0.07792	0.01164	0.04212	0.14480	0.07453	0.04363	0.17974	0.02438	0.01193	0.00710	0.00230	0.00653	0.09840	0.00548	0.00829
54	0.01015	0.01234	0.14540	0.01163	0.01440	0.00866	0.01067	0.01361	0.03617	0.01936	0.07994	0.31709	0.11796	0.03406	0.00912	0.00265	0.02867	0.11592	0.00552	0.00668
55	0.01794	0.76823	0.03516	0.01148	0.01722	0.02655	0.01148	0.02009	0.01363	0.01579	0.00933	0.01076	0.00861	0.00574	0.00431	0.00144	0.00718	0.00359	0.00287	0.00861
56	0.54502	0.01466	0.06469	0.01382	0.09779	0.01443	0.01048	0.02186	0.01322	0.13185	0.01246	0.01357	0.00913	0.00652	0.00499	0.00207	0.00593	0.00447	0.00458	0.00847
57	0.62821	0.04167	0.01222	0.01086	0.03785	0.09756	0.00840	0.02038	0.01262	0.02751	0.01017	0.01191	0.00806	0.00636	0.00449	0.00199	0.00605	0.00392	0.04236	0.00744
58	0.01723	0.09033	0.35245	0.01696	0.03986	0.17998	0.01771	0.06692	0.01685	0.03733	0.05356	0.01838	0.04886	0.00754	0.00633	0.00197	0.00917	0.00571	0.00380	0.00906
59	0.01635	0.01133	0.01669	0.01451	0.06105	0.01031	0.09632	0.02084	0.06979	0.17031	0.18397	0.03220	0.07096	0.00964	0.00706	0.00199	0.00569	0.04426	0.00603	0.15073
60	0.01649	0.47138	0.29351	0.01452	0.02174	0.04500	0.01649	0.02074	0.01400	0.01784	0.01037	0.01207	0.00857	0.00601	0.00513	0.00170	0.00835	0.00412	0.00288	0.00907
61	0.00849	0.00626	0.00770	0.00858	0.00946	0.00576	0.00588	0.00985	0.01357	0.01770	0.09395	0.44961	0.18945	0.10651	0.01139	0.00303	0.00411	0.03718	0.00606	0.00542
62	0.01365	0.03616	0.08607	0.02124	0.13322	0.03762	0.23254	0.01822	0.03777	0.02121	0.10300	0.06643	0.14391	0.00961	0.00742	0.00217	0.00770	0.00924	0.00452	0.00829
63	0.00836	0.00639	0.00768	0.00825	0.00955	0.00571	0.00585	0.01012	0.01497	0.01948	0.18694	0.36821	0.28809	0.01810	0.00821	0.00244	0.00357	0.01592	0.00647	0.00571
64	0.02523	0.01866	0.01998	0.01538	0.02070	0.02068	0.01269	0.67928	0.05267	0.04184	0.01646	0.01639	0.01169	0.00809	0.00672	0.00202	0.00732	0.00609	0.00672	0.01139
65	0.03839	0.62189	0.15387	0.01272	0.01914	0.02436	0.01366	0.02028	0.01367	0.01711	0.00980	0.01135	0.00856	0.00586	0.00466	0.00157	0.00759	0.00382	0.00290	0.00880
66	0.01839	0.63987	0.05484	0.03736	0.01896	0.10255	0.01230	0.02075	0.01422	0.01607	0.00961	0.01126	0.00862	0.00592	0.00464	0.00152	0.00785	0.00379	0.00294	0.00852
67	0.01357	0.01072	0.01271	0.00979	0.01469	0.00830	0.00764	0.01620	0.01410	0.05713	0.01938	0.12760	0.05325	0.00816	0.00575	0.00137	0.00476	0.00690	0.00465	0.60332
68	0.01377	0.01118	0.01290	0.01178	0.01360	0.05879	0.00902	0.13662	0.01485	0.02000	0.01723	0.02615	0.01624	0.16793	0.39157	0.00741	0.05276	0.00719	0.00420	0.00681
69	0.01769	0.67436	0.10411	0.01241	0.01850	0.04528	0.01285	0.02039	0.01384	0.01635	0.00963	0.01114	0.00860	0.00584	0.00456	0.00151	0.00759	0.00375	0.00288	0.00872
70	0.01459	0.00913	0.00944	0.00866	0.01100	0.00977	0.00665	0.09157	0.14753	0.02706	0.02228	0.02465	0.01743	0.03097	0.00620	0.00190	0.00409	0.00659	0.54294	0.00756
71	0.01287	0.03916	0.07435	0.01492	0.06981	0.01111	0.09298	0.01709	0.11668	0.01937	0.08567	0.02932	0.12958	0.01388	0.01271	0.23467	0.00634	0.00809	0.00450	0.00690
72	0.01399	0.01297	0.02059	0.33713	0.17940	0.01443	0.05540	0.02045	0.12355	0.02085	0.05952	0.03623	0.01554	0.00859	0.02439	0.00236	0.00792	0.00695	0.00407	0.03566
73	0.00923	0.00711	0.00882	0.00915	0.01082	0.00614	0.00642	0.01081	0.01335	0.01815	0.03602	0.53383	0.12024	0.01749	0.00781	0.00234	0.00404	0.01562	0.00580	0.15683
74	0.05837	0.51972	0.08317	0.01391	0.03423	0.14310	0.02806	0.02132	0.01454	0.01728	0.00987	0.01154	0.00862	0.00601	0.00488	0.00160	0.00821	0.00396	0.00305	0.00856
75	0.01031	0.00821	0.00941	0.00887	0.01107	0.00800	0.00672	0.01588	0.14336	0.02434	0.38755	0.05013	0.26293	0.01391	0.00772	0.00219	0.00363	0.01195	0.00692	0.00690
76	0.08256	0.10084	0.09936	0.01507	0.02058	0.01892	0.05025	0.28056	0.19171	0.04791	0.01725	0.01736	0.01274	0.00760	0.00631	0.00205	0.00713	0.00596	0.00555	0.01029
77	0.07324	0.06903	0.01936	0.01696	0.07206	0.30093	0.01249	0.12506	0.14463	0.06332	0.01518	0.01586	0.01170	0.00747	0.00649	0.00194	0.02487	0.00537	0.00480	0.00925
78	0.03431	0.00851	0.01049	0.00940	0.01203	0.00809	0.00723	0.01829	0.04910	0.20496	0.14848	0.05476	0.17413	0.07737	0.10724	0.00364	0.00630	0.00972	0.04846	0.00750
79	0.01391	0.01193	0.01391	0.00994	0.01590	0.00894	0.00795	0.01690	0.01391	0.02186	0.01193	0.01391	0.00994	0.00497	0.00497	0.00099	0.00497	0.00398	0.00398	0.80521
80	0.00949	0.00653	0.00759	0.00768	0.00923	0.00598	0.00562	0.01190	0.01585	0.02241	0.27236	0.17205	0.22890	0.01461	0.00734	0.00214	0.00335	0.01262	0.17838	0.00598
81	0.00873	0.00628	0.00796	0.00900	0.00969	0.00591	0.00621	0.01004	0.01313	0.01731	0.07039	0.47049	0.10955	0.14277	0.01276	0.00331	0.00446	0.08071	0.00592	0.00536
82	0.00931	0.00682	0.00874	0.00833	0.00993	0.00624	0.00622	0.01228	0.01845	0.02580	0.63833	0.07668	0.11925	0.01426	0.00794	0.00215	0.00321	0.01256	0.00725	0.00624
83	0.01697	0.01455	0.01533	0.01371	0.01755	0.01682	0.01069	0.05663	0.68878	0.02852	0.02696	0.02475	0.02020	0.00907	0.00682	0.00227	0.00538	0.00754	0.00682	0.01065
84	0.00881	0.00637	0.00833	0.00881	0.00985	0.00589	0.00624	0.01097	0.01592	0.02192	0.36939	0.39016	0.07766	0.01733	0.00823	0.00241	0.00352	0.01553	0.00679	0.00589
85	0.01437	0.00846	0.00899	0.00834	0.01046	0.00886	0.00647	0.10857	0.05588	0.02655	0.02152	0.02600	0.01733	0.00928	0.00648	0.04546	0.00412	0.03855	0.56728	0.00701
86	0.01642	0.01575	0.02689	0.07519	0.68981	0.01589	0.02050	0.02043	0.01519	0.02169	0.01259	0.01667	0.01055	0.00601	0.00665	0.00200	0.00802	0.00598	0.00331	0.01048
87	0.00814	0.00681	0.00709	0.00702	0.00919	0.00575	0.00526	0.01004	0.01579	0.01931	0.15571	0.06263	0.63113	0.01655	0.00793	0.00224	0.00337	0.01389	0.00639	0.00575
88	0.81159	0.01298	0.00986	0.00882	0.01298	0.01505	0.00727	0.01972	0.01142	0.03010	0.00934	0.01090	0.00727	0.00623	0.00415	0.00208	0.00519	0.00363	0.00415	0.00727
89	0.01612	0.40823	0.35302	0.01511	0.02275	0.02134	0.01762	0.04209	0.01444	0.01913	0.01079	0.01249	0.00865	0.00610	0.00533	0.00177	0.00844	0.00429	0.00297	0.00930
90	0.01864	0.01883	0.02015	0.04167	0.11504	0.20854	0.05637	0.12685	0.01733	0.02184	0.01315	0.01686	0.01099	0.01350	0.10622	0.00325	0.13303	0.00582	0.04350	0.00842
91	0.01193	0.00719	0.00742	0.00733	0.00877	0.02864	0.00537	0.01465	0.01439	0.02330	0.12776	0.04982	0.02529	0.07736	0.04549	0.00259	0.00448	0.00779	0.52436	0.00609
92	0.00889	0.00669	0.00823	0.00815	0.00973	0.00603	0.00599	0.01138	0.01712	0.02317	0.44797	0.15924	0.23154	0.01566	0.00801	0.00224	0.00333	0.01369	0.00691	0.00603
93	0.00928	0.00685	0.00867	0.00822	0.00989	0.00624	0.00616	0.01225	0.01849	0.02570	0.62943	0.05211	0.15342	0.01417	0.00792	0.00213	0.00320	0.01241	0.00723	0.00624
94	0.01794	0.76823	0.03516	0.01148	0.01722	0.02655	0.01148	0.02009	0.01363	0.01579	0.00933	0.01076	0.00861	0.00574	0.00431	0.00144	0.00718	0.00359	0.00287	0.00861
95	0.01451	0.01145	0.01358	0.01002	0.01553	0.00875	0.00795	0.01734	0.01417	0.06568	0.01465	0.06832	0.01284	0.00634	0.00534	0.00119	0.00494	0.00524	0.00441	0.69776
96	0.05927	0.01812	0.01725	0.01453	0.01890	0.10538	0.01155	0.28434	0.33699	0.03212	0.02017	0.01942	0.01499	0.00830	0.00656	0.00210	0.00691	0.00642	0.00625	0.01041
97	0.02344	0.01322	0.01489	0.01211	0.01639	0.06356	0.00969	0.13762	0.04466	0.36010	0.06896	0.08249	0.04525	0.00968	0.00682	0.00204	0.00594	0.00793	0.02743	0.04776
98	0.01714	0.08157	0.45580	0.01654	0.02421	0.09946	0.01915	0.02284	0.01532	0.10846	0.01416	0.01555	0.01016	0.00674	0.00611	0.00198	0.00896	0.00510	0.06124	0.00950
99	0.01346	0.03471	0.72942	0.01912	0.02904	0.01558	0.02479	0.02125	0.01417	0.02125	0.01204	0.01417	0.00850	0.00637	0.00637	0.00212	0.00992	0.00496	0.00283	0.00992
100	0.01346	0.03471	0.72942	0.01912	0.02904	0.01558	0.02479	0.02125	0.01417	0.02125	0.01204	0.01417	0.00850	0.00637	0.00637	0.00212	0.00992	0.00496	0.00283	0.00992
101	0.01541	0.01593	0.11068	0.04153	0.04726	0.01335	0.21827	0.06689	0.07309	0.07856	0.09385	0.07713	0.06369	0.00965	0.00750	0.00226	0.00768	0.04339	0.00511	0.00876
102	0.01236	0.00628	0.00638	0.00636	0.00792	0.00626	0.00477	0.01549	0.01431	0.02511	0.05542	0.02622	0.01942	0.00810	0.00485	0.00159	0.00313	0.00654	0.76324	0.00626
103	0.02512	0.01826	0.01966	0.01520	0.02047	0.02016	0.01252	0.63473	0.07361	0.06564	0.01718	0.01691	0.01216	0.00813	0.00672	0.00203	0.00719	0.00616	0.00678	0.01136
104	0.05642	0.01248	0.01411	0.01206	0.01572	0.01315	0.00962	0.18871	0.17598	0.12323	0.15955	0.07226	0.04312	0.01075	0.00708	0.00218	0.00536	0.04304	0.00683	0.02836
105	0.12894	0.01020	0.01179	0.00993	0.01316	0.00996	0.00768	0.07932	0.01708	0.25901	0.14736	0.03253	0.07736	0.15266	0.01187	0.00293	0.00531	0.00833	0.00647	0.00812
106	0.06318	0.01895	0.01860	0.01480	0.01974	0.10773	0.01201	0.45577	0.07654	0.11963	0.01712	0.01681	0.01215	0.00793	0.00652	0.00201	0.00751	0.00591	0.00639	0.01071
107	0.01022	0.00717	0.00852	0.00874	0.01030	0.00695	0.00652	0.01397	0.07118	0.02264	0.23180	0.21520	0.13178	0.01476	0.00748	0.00226	0.00376	0.06329	0.15710	0.00635
108	0.00985	0.00692	0.00883	0.00842	0.01011	0.00630	0.00629	0.01268	0.01811	0.04693	0.56953	0.10276	0.13913	0.01447	0.00793	0.00217	0.00333	0.01272	0.00719	0.00635
109	0.00971	0.00694	0.00881	0.00872	0.01038	0.00635	0.00664	0.01240	0.01737	0.04045	0.45038	0.12725	0.17259	0.01539	0.00809	0.00230	0.00364	0.07941	0.00697	0.00623
110	0.19746	0.01427	0.01589	0.01246	0.01749	0.01472	0.01029	0.25747	0.02173	0.34283	0.01924	0.01796	0.01282	0.00777	0.00617	0.00205	0.00617	0.00583	0.00686	0.01052
111	0.00944	0.00685	0.00886	0.00841	0.00992	0.00641	0.00624	0.01232	0.01791	0.02516	0.61436	0.04937	0.09197	0.05650	0.04445	0.00277	0.00407	0.01187	0.00696	0.00616
112	0.05648	0.01418	0.01538	0.01344	0.01718	0.01578	0.01078	0.27010	0.26953	0.03115	0.02445	0.10627	0.02138	0.01104	0.00715	0.00232	0.00601	0.09122	0.00651	0.00964
113	0.15112	0.01807	0.19152	0.04845	0.07832	0.01315	0.03732	0.05191	0.01481	0.04155	0.01430	0.01939	0.01180	0.00707	0.00594	0.00189	0.00703	0.05612	0.02884	0.20141
114	0.08536	0.10909	0.02116	0.13003	0.10384	0.24859	0.01387	0.11815	0.06812	0.02267	0.01269	0.01474	0.01004	0.00690	0.00601	0.00191	0.00885	0.00510	0.00406	0.00883

[dist]
# distance from previous block
# <min> <max>
1	19

[block]
# block no. 5 follows, 32 sequences, length 44
# corresponding to MSA columns:
# 439-451,454-484
name=unknown_F
#
# <colnr> <probs for GDERKNQSTAVLIFYWHMCP>
#	G	D	E	R	K	N	Q	S	T	A	V	L	I	F	Y	W	H	M	C	P
0	0.00921	0.00685	0.00747	0.00750	0.00920	0.00624	0.00541	0.01160	0.03572	0.02000	0.15522	0.12190	0.37237	0.09375	0.01031	0.00265	0.00376	0.01271	0.10235	0.00580
1	0.02022	0.01607	0.01775	0.01464	0.01886	0.04091	0.03784	0.34360	0.23917	0.03269	0.04449	0.02348	0.01738	0.00990	0.00809	0.04889	0.00674	0.04299	0.00629	0.01000
2	0.09834	0.01624	0.01702	0.01411	0.01835	0.03936	0.01145	0.32904	0.21184	0.06007	0.01910	0.02048	0.01457	0.00980	0.02629	0.00240	0.04525	0.03000	0.00616	0.01015
3	0.01245	0.00926	0.01069	0.01000	0.01247	0.00936	0.00765	0.03788	0.19235	0.06244	0.26350	0.11563	0.18319	0.01365	0.00765	0.00227	0.00417	0.03091	0.00688	0.00760
4	0.04094	0.00976	0.01292	0.06617	0.04027	0.01086	0.00951	0.04885	0.01519	0.05714	0.18929	0.17631	0.06727	0.05371	0.01149	0.00260	0.13842	0.01062	0.03172	0.00696
5	0.01563	0.01417	0.02221	0.02634	0.31025	0.01455	0.09630	0.06142	0.14898	0.02394	0.04452	0.05973	0.01972	0.00934	0.00733	0.00227	0.00723	0.10173	0.00486	0.00949
6	0.04328	0.01155	0.01192	0.03646	0.01471	0.05441	0.00873	0.08651	0.17231	0.02410	0.11880	0.13323	0.19493	0.01319	0.00742	0.00229	0.00519	0.04712	0.00619	0.00767
7	0.70408	0.01377	0.01127	0.00973	0.01405	0.01584	0.00802	0.11275	0.01417	0.03177	0.01027	0.01161	0.00783	0.00648	0.00450	0.00207	0.00549	0.00396	0.00450	0.00783
8	0.16361	0.01478	0.11156	0.01181	0.01639	0.03181	0.01071	0.04184	0.04662	0.04909	0.03768	0.01867	0.01352	0.01785	0.19404	0.00407	0.00931	0.00550	0.00424	0.19691
