[name]
unknown

[dist]
# distance from previous block
# <min> <max>
0	6

[block]
# block no. 0 follows, 36 sequences, length 59
# corresponding to MSA columns:
# 6-64
name=unknown_A
#
# <colnr> <probs for GDERKNQSTAVLIFYWHMCP>
#	G	D	E	R	K	N	Q	S	T	A	V	L	I	F	Y	W	H	M	C	P
0	0.01004	0.00717	0.01004	0.01147	0.01291	0.00717	0.01004	0.01291	0.01434	0.01865	0.03299	0.07028	0.03586	0.01721	0.00861	0.00287	0.00574	0.70023	0.00574	0.00574
1	0.02795	0.01060	0.01446	0.01109	0.01591	0.00916	0.00916	0.03036	0.01783	0.74648	0.02458	0.02121	0.01542	0.00771	0.00627	0.00193	0.00530	0.00627	0.00771	0.01060
2	0.01858	0.01451	0.01617	0.01462	0.06839	0.01601	0.01090	0.31344	0.31249	0.05192	0.02311	0.02216	0.07247	0.00841	0.00636	0.00199	0.00577	0.00681	0.00606	0.00982
3	0.00888	0.00674	0.00818	0.00786	0.00951	0.00630	0.00589	0.01221	0.05629	0.02249	0.49447	0.06658	0.20372	0.03607	0.00806	0.00216	0.00328	0.02899	0.00645	0.00588
4	0.01462	0.01399	0.02384	0.19788	0.58879	0.01459	0.01872	0.01842	0.01381	0.01938	0.01158	0.01568	0.00953	0.00570	0.00618	0.00190	0.00760	0.00555	0.00301	0.00922
5	0.01092	0.01040	0.00937	0.00890	0.01106	0.11809	0.00674	0.01426	0.07320	0.02003	0.27090	0.04567	0.33416	0.01285	0.00705	0.00200	0.00450	0.02798	0.00579	0.00613
6	0.01302	0.01118	0.01274	0.00961	0.01465	0.00927	0.00763	0.01806	0.12602	0.02102	0.01615	0.01711	0.05051	0.00583	0.00504	0.00117	0.00458	0.00473	0.00422	0.64744
7	0.01282	0.02643	0.53270	0.02106	0.15965	0.01388	0.04177	0.01899	0.01375	0.02028	0.06957	0.01636	0.01238	0.00638	0.00612	0.00195	0.00841	0.00540	0.00307	0.00904
8	0.01414	0.01590	0.03440	0.02485	0.03068	0.01490	0.66241	0.01905	0.01448	0.01963	0.01434	0.07765	0.01200	0.00639	0.00740	0.00214	0.00995	0.00818	0.00336	0.00814
9	0.01542	0.01480	0.02529	0.03824	0.74217	0.01480	0.01912	0.01912	0.01419	0.02036	0.01172	0.01542	0.00987	0.00555	0.00617	0.00185	0.00740	0.00555	0.00308	0.00987
10	0.00865	0.00636	0.00809	0.00766	0.00920	0.00581	0.00575	0.01143	0.01724	0.02404	0.66030	0.04810	0.13796	0.01309	0.00735	0.00198	0.00296	0.01149	0.00673	0.00581
11	0.00736	0.00631	0.00631	0.00631	0.00842	0.00526	0.00473	0.00894	0.01420	0.01683	0.06312	0.05996	0.73964	0.01578	0.00736	0.00210	0.00316	0.01315	0.00579	0.00526
12	0.00759	0.00542	0.00723	0.00868	0.00904	0.00506	0.00578	0.00868	0.01193	0.01591	0.03434	0.77697	0.04121	0.01952	0.00795	0.00253	0.00361	0.01771	0.00578	0.00506
13	0.01120	0.00589	0.00618	0.00611	0.00756	0.00582	0.00458	0.01411	0.01375	0.02349	0.12730	0.02670	0.02234	0.00807	0.00480	0.00153	0.00291	0.00662	0.69522	0.00582
14	0.82504	0.01205	0.00916	0.00819	0.01205	0.01398	0.00675	0.01832	0.01060	0.02795	0.00868	0.01012	0.00675	0.00578	0.00386	0.00193	0.00482	0.00337	0.00386	0.00675
15	0.01361	0.23296	0.55774	0.01587	0.02404	0.01719	0.01972	0.01944	0.01302	0.01838	0.01051	0.01231	0.00792	0.00576	0.00541	0.00180	0.00853	0.00426	0.00264	0.00888
16	0.00895	0.00649	0.00908	0.00908	0.00987	0.00728	0.00662	0.01053	0.00974	0.01377	0.01754	0.02920	0.01763	0.25974	0.54613	0.00886	0.01360	0.00737	0.00346	0.00504
17	0.82504	0.01205	0.00916	0.00819	0.01205	0.01398	0.00675	0.01832	0.01060	0.02795	0.00868	0.01012	0.00675	0.00578	0.00386	0.00193	0.00482	0.00337	0.00386	0.00675
18	0.00897	0.00634	0.00819	0.00773	0.00920	0.00587	0.00580	0.01191	0.01739	0.02489	0.69978	0.04527	0.05646	0.01244	0.00719	0.00193	0.00294	0.01097	0.05087	0.00587
19	0.82504	0.01205	0.00916	0.00819	0.01205	0.01398	0.00675	0.01832	0.01060	0.02795	0.00868	0.01012	0.00675	0.00578	0.00386	0.00193	0.00482	0.00337	0.00386	0.00675
20	0.01542	0.01480	0.02529	0.03824	0.74217	0.01480	0.01912	0.01912	0.01419	0.02036	0.01172	0.01542	0.00987	0.00555	0.00617	0.00185	0.00740	0.00555	0.00308	0.00987
21	0.02257	0.01690	0.01807	0.01411	0.01890	0.01880	0.01157	0.62752	0.12499	0.03747	0.01638	0.01609	0.01174	0.00761	0.00625	0.00190	0.00659	0.00581	0.00625	0.01050
22	0.02368	0.01745	0.01870	0.01434	0.01932	0.01932	0.01184	0.72139	0.02929	0.03927	0.01496	0.01496	0.01060	0.00748	0.00623	0.00187	0.00686	0.00561	0.00623	0.01060
23	0.00747	0.00590	0.00673	0.00740	0.00870	0.00517	0.00522	0.00882	0.01315	0.01640	0.04986	0.39039	0.41777	0.01750	0.00764	0.00230	0.00337	0.01525	0.00578	0.00517
24	0.00906	0.00604	0.00680	0.00680	0.00680	0.00604	0.00378	0.00906	0.00906	0.01208	0.01963	0.04077	0.02265	0.78103	0.03171	0.00604	0.00604	0.00906	0.00378	0.00378
25	0.01177	0.01107	0.01869	0.76606	0.04291	0.01384	0.01730	0.01592	0.01246	0.01592	0.01107	0.01661	0.00831	0.00623	0.00623	0.00208	0.00831	0.00554	0.00277	0.00692
26	0.01177	0.01107	0.01869	0.76606	0.04291	0.01384	0.01730	0.01592	0.01246	0.01592	0.01107	0.01661	0.00831	0.00623	0.00623	0.00208	0.00831	0.00554	0.00277	0.00692
27	0.00901	0.00626	0.00790	0.00790	0.00829	0.00664	0.00516	0.00977	0.00939	0.01290	0.01862	0.03516	0.02022	0.52825	0.28117	0.00741	0.00971	0.00824	0.00362	0.00439
28	0.02043	0.01047	0.01305	0.01117	0.01494	0.01018	0.00912	0.02676	0.20066	0.39420	0.02912	0.03214	0.07736	0.00996	0.00672	0.00213	0.00510	0.11033	0.00691	0.00926
29	0.01891	0.01965	0.01399	0.01268	0.01545	0.38632	0.00949	0.03950	0.13646	0.05249	0.01578	0.01880	0.01305	0.09100	0.00843	0.00217	0.00799	0.00548	0.12502	0.00732
30	0.02229	0.14210	0.01989	0.01525	0.01877	0.64714	0.01183	0.02395	0.01691	0.01516	0.00949	0.01105	0.00802	0.00626	0.00538	0.00156	0.01056	0.00391	0.00313	0.00734
31	0.01683	0.01433	0.01474	0.01294	0.01659	0.03960	0.01013	0.14324	0.57313	0.02754	0.02344	0.04414	0.01797	0.00856	0.00635	0.00207	0.00540	0.00704	0.00621	0.00975
32	0.00906	0.00604	0.00680	0.00680	0.00680	0.00604	0.00378	0.00906	0.00906	0.01208	0.01963	0.04077	0.02265	0.78103	0.03171	0.00604	0.00604	0.00906	0.00378	0.00378
33	0.00831	0.00631	0.00765	0.00740	0.00902	0.00565	0.00552	0.01075	0.01632	0.02206	0.49849	0.08246	0.26936	0.01398	0.00738	0.00203	0.00304	0.01213	0.00648	0.00565
34	0.01835	0.01568	0.01494	0.01288	0.01677	0.12484	0.01008	0.08602	0.43955	0.09662	0.02095	0.01976	0.01556	0.00769	0.00608	0.00190	0.00604	0.00613	0.00579	0.07437
35	0.02242	0.07249	0.05116	0.01335	0.01813	0.08512	0.01134	0.30391	0.12919	0.20239	0.01771	0.01692	0.01247	0.00736	0.00602	0.00186	0.00669	0.00562	0.00590	0.00992
36	0.01931	0.01613	0.01589	0.01341	0.01740	0.08940	0.01064	0.26738	0.38038	0.05265	0.03726	0.01971	0.01588	0.00800	0.00625	0.00197	0.00618	0.00633	0.00605	0.00978
37	0.04117	0.70259	0.03078	0.01101	0.01613	0.08173	0.01065	0.01913	0.01299	0.01510	0.00874	0.01010	0.00796	0.00543	0.00412	0.00137	0.00697	0.00339	0.00274	0.00790
38	0.01177	0.01107	0.01869	0.76606	0.04291	0.01384	0.01730	0.01592	0.01246	0.01592	0.01107	0.01661	0.00831	0.00623	0.00623	0.00208	0.00831	0.00554	0.00277	0.00692
39	0.01493	0.01507	0.02802	0.09310	0.48480	0.01500	0.21777	0.01910	0.01420	0.01989	0.01192	0.01591	0.00963	0.00552	0.00651	0.00194	0.00835	0.00606	0.00308	0.00922
40	0.02432	0.01643	0.01807	0.01385	0.01881	0.01781	0.01144	0.61852	0.02759	0.14455	0.01639	0.01589	0.01131	0.00751	0.00624	0.00188	0.00662	0.00571	0.00645	0.01060
41	0.01550	0.01338	0.01409	0.01268	0.01620	0.01550	0.00986	0.03311	0.73091	0.02606	0.02536	0.02325	0.01902	0.00845	0.00634	0.00211	0.00493	0.00704	0.00634	0.00986
42	0.00759	0.00542	0.00723	0.00868	0.00904	0.00506	0.00578	0.00868	0.01193	0.01591	0.03434	0.77697	0.04121	0.01952	0.00795	0.00253	0.00361	0.01771	0.00578	0.00506
43	0.82504	0.01205	0.00916	0.00819	0.01205	0.01398	0.00675	0.01832	0.01060	0.02795	0.00868	0.01012	0.00675	0.00578	0.00386	0.00193	0.00482	0.00337	0.00386	0.00675
44	0.00834	0.00617	0.00788	0.00905	0.00971	0.00605	0.00617	0.01098	0.07984	0.01686	0.03349	0.70577	0.03911	0.01847	0.00780	0.00249	0.00374	0.01670	0.00584	0.00551
45	0.01772	0.71165	0.03093	0.01070	0.01598	0.02319	0.01052	0.01976	0.01315	0.08378	0.01017	0.01105	0.00870	0.00556	0.00421	0.00139	0.00653	0.00361	0.00314	0.00824
46	0.01469	0.01547	0.01784	0.01550	0.01615	0.13385	0.01265	0.01624	0.01158	0.01598	0.07743	0.01636	0.01294	0.01037	0.01688	0.00248	0.57782	0.00578	0.00319	0.00679
47	0.00850	0.00635	0.00780	0.00780	0.00882	0.00643	0.00549	0.00976	0.01093	0.01435	0.03153	0.04067	0.23366	0.29101	0.28311	0.00629	0.00898	0.00943	0.00422	0.00486
48	0.04284	0.40528	0.11704	0.01203	0.01700	0.11953	0.01171	0.07326	0.01458	0.01852	0.01094	0.01264	0.00913	0.00716	0.02719	0.00178	0.00751	0.00410	0.07986	0.00793
49	0.01598	0.01377	0.02313	0.16060	0.55354	0.01411	0.01787	0.01963	0.01423	0.08818	0.01282	0.01617	0.01013	0.00587	0.00619	0.00190	0.00736	0.00562	0.00347	0.00943
50	0.01334	0.07127	0.29052	0.01404	0.01957	0.01348	0.05181	0.05323	0.16362	0.03827	0.05879	0.08278	0.08501	0.00886	0.00635	0.00202	0.00667	0.00746	0.00449	0.00844
51	0.00881	0.00643	0.00908	0.00922	0.01003	0.00717	0.00677	0.01047	0.01000	0.01411	0.01896	0.09893	0.01946	0.19605	0.53577	0.00848	0.01325	0.00821	0.00366	0.00515
52	0.03854	0.01596	0.01809	0.05130	0.11354	0.15846	0.07594	0.11231	0.07508	0.07334	0.08062	0.03682	0.05314	0.00907	0.02542	0.00214	0.04066	0.00671	0.00464	0.00822
53	0.00949	0.00723	0.00883	0.00828	0.01007	0.00701	0.00625	0.01411	0.10565	0.02427	0.57987	0.04506	0.12499	0.01252	0.00723	0.00199	0.00321	0.01094	0.00668	0.00631
54	0.22473	0.13347	0.12937	0.03254	0.01788	0.16075	0.03245	0.03789	0.02969	0.06429	0.01185	0.01330	0.00912	0.00619	0.00500	0.00176	0.00722	0.00437	0.07035	0.00777
55	0.19317	0.45004	0.11177	0.01079	0.01580	0.01922	0.01084	0.01777	0.01220	0.01832	0.01140	0.08285	0.01085	0.00684	0.00457	0.00165	0.00628	0.00485	0.00322	0.00759
56	0.01504	0.01507	0.02255	0.25907	0.45971	0.08452	0.01790	0.01868	0.01399	0.01851	0.01132	0.01539	0.00922	0.00584	0.00613	0.00190	0.00804	0.00540	0.00300	0.00872
57	0.01523	0.13566	0.09174	0.11475	0.02273	0.13364	0.12800	0.01898	0.03360	0.05174	0.06640	0.03764	0.01425	0.01083	0.07727	0.00264	0.02759	0.00608	0.00363	0.00759
58	0.00948	0.00668	0.00735	0.00704	0.00925	0.00569	0.00533	0.01126	0.01482	0.08661	0.13253	0.08764	0.56434	0.01485	0.00729	0.00209	0.00336	0.01250	0.00609	0.00582

[dist]
# distance from previous block
# <min> <max>
0	2

[block]
# block no. 1 follows, 36 sequences, length 66
# corresponding to MSA columns:
# 67-132
name=unknown_B
#
# <colnr> <probs for GDERKNQSTAVLIFYWHMCP>
#	G	D	E	R	K	N	Q	S	T	A	V	L	I	F	Y	W	H	M	C	P
0	0.01555	0.01549	0.03274	0.02368	0.02946	0.01444	0.60558	0.02026	0.01484	0.09043	0.01514	0.06495	0.01203	0.00639	0.00728	0.00211	0.00957	0.00790	0.00376	0.00841
1	0.00773	0.00548	0.00719	0.00849	0.00882	0.00516	0.00559	0.00871	0.01165	0.01553	0.03291	0.70529	0.03940	0.09366	0.01027	0.00287	0.00385	0.01687	0.00559	0.00494
2	0.01064	0.00562	0.00822	0.00836	0.00850	0.00562	0.00576	0.00864	0.00878	0.01166	0.01353	0.02531	0.01400	0.06888	0.02328	0.68828	0.00548	0.07328	0.00307	0.00307
3	0.01575	0.70899	0.03009	0.01024	0.01525	0.02277	0.01008	0.01771	0.01281	0.01487	0.01396	0.01486	0.07923	0.00635	0.00433	0.00141	0.00632	0.00429	0.00297	0.00773
4	0.01485	0.01270	0.01353	0.01221	0.01553	0.01456	0.00947	0.03103	0.66147	0.02596	0.09482	0.02551	0.02289	0.00887	0.00644	0.00210	0.00474	0.00746	0.00639	0.00947
5	0.74546	0.01140	0.00897	0.00824	0.01176	0.01311	0.00665	0.01738	0.01073	0.02678	0.01117	0.08478	0.01010	0.00712	0.00425	0.00199	0.00470	0.00477	0.00404	0.00658
6	0.82504	0.01205	0.00916	0.00819	0.01205	0.01398	0.00675	0.01832	0.01060	0.02795	0.00868	0.01012	0.00675	0.00578	0.00386	0.00193	0.00482	0.00337	0.00386	0.00675
7	0.01004	0.00717	0.01004	0.01147	0.01291	0.00717	0.01004	0.01291	0.01434	0.01865	0.03299	0.07028	0.03586	0.01721	0.00861	0.00287	0.00574	0.70023	0.00574	0.00574
8	0.01250	0.03223	0.74875	0.01776	0.02697	0.01447	0.02302	0.01973	0.01315	0.01973	0.01118	0.01315	0.00789	0.00592	0.00592	0.00197	0.00921	0.00460	0.00263	0.00921
9	0.01177	0.01107	0.01869	0.76606	0.04291	0.01384	0.01730	0.01592	0.01246	0.01592	0.01107	0.01661	0.00831	0.00623	0.00623	0.00208	0.00831	0.00554	0.00277	0.00692
10	0.00849	0.00636	0.00788	0.00750	0.00911	0.00574	0.00562	0.01113	0.01687	0.02316	0.58786	0.04954	0.21094	0.01342	0.00735	0.00199	0.00299	0.01169	0.00662	0.00574
11	0.02795	0.01060	0.01446	0.01109	0.01591	0.00916	0.00916	0.03036	0.01783	0.74648	0.02458	0.02121	0.01542	0.00771	0.00627	0.00193	0.00530	0.00627	0.00771	0.01060
12	0.02368	0.01745	0.01870	0.01434	0.01932	0.01932	0.01184	0.72139	0.02929	0.03927	0.01496	0.01496	0.01060	0.00748	0.00623	0.00187	0.00686	0.00561	0.00623	0.01060
13	0.00826	0.00635	0.00756	0.00726	0.00897	0.00564	0.00544	0.01068	0.01633	0.02188	0.48118	0.05166	0.31843	0.01390	0.00735	0.00201	0.00302	0.01199	0.00645	0.00564
14	0.01550	0.01338	0.01409	0.01268	0.01620	0.01550	0.00986	0.03311	0.73091	0.02606	0.02536	0.02325	0.01902	0.00845	0.00634	0.00211	0.00493	0.00704	0.00634	0.00986
15	0.02368	0.01745	0.01870	0.01434	0.01932	0.01932	0.01184	0.72139	0.02929	0.03927	0.01496	0.01496	0.01060	0.00748	0.00623	0.00187	0.00686	0.00561	0.00623	0.01060
16	0.02368	0.01745	0.01870	0.01434	0.01932	0.01932	0.01184	0.72139	0.02929	0.03927	0.01496	0.01496	0.01060	0.00748	0.00623	0.00187	0.00686	0.00561	0.00623	0.01060
17	0.00890	0.00668	0.01001	0.01001	0.01113	0.00779	0.00779	0.01113	0.01001	0.01446	0.01669	0.02448	0.01558	0.04673	0.75634	0.01001	0.01669	0.00668	0.00334	0.00556
18	0.00890	0.00668	0.01001	0.01001	0.01113	0.00779	0.00779	0.01113	0.01001	0.01446	0.01669	0.02448	0.01558	0.04673	0.75634	0.01001	0.01669	0.00668	0.00334	0.00556
19	0.01542	0.01480	0.02529	0.03824	0.74217	0.01480	0.01912	0.01912	0.01419	0.02036	0.01172	0.01542	0.00987	0.00555	0.00617	0.00185	0.00740	0.00555	0.00308	0.00987
20	0.00906	0.00606	0.00690	0.00690	0.00694	0.00610	0.00391	0.00913	0.00909	0.01216	0.01954	0.04025	0.02242	0.75729	0.05515	0.00617	0.00638	0.00898	0.00376	0.00383
21	0.02768	0.01104	0.01473	0.01129	0.01612	0.00981	0.00933	0.07456	0.01857	0.70126	0.02397	0.02081	0.01511	0.00770	0.00626	0.00192	0.00540	0.00622	0.00762	0.01060
22	0.01250	0.03223	0.74875	0.01776	0.02697	0.01447	0.02302	0.01973	0.01315	0.01973	0.01118	0.01315	0.00789	0.00592	0.00592	0.00197	0.00921	0.00460	0.00263	0.00921
23	0.14271	0.01081	0.01370	0.01067	0.01535	0.00985	0.00881	0.02863	0.01679	0.64304	0.02229	0.01961	0.01417	0.00743	0.00592	0.00193	0.00523	0.00585	0.00716	0.01005
24	0.02795	0.01060	0.01446	0.01109	0.01591	0.00916	0.00916	0.03036	0.01783	0.74648	0.02458	0.02121	0.01542	0.00771	0.00627	0.00193	0.00530	0.00627	0.00771	0.01060
25	0.00749	0.00626	0.00653	0.00658	0.00852	0.00530	0.00489	0.00915	0.01434	0.01742	0.11514	0.10263	0.64286	0.01577	0.00740	0.00212	0.00317	0.01328	0.00587	0.00530
26	0.00759	0.00542	0.00723	0.00868	0.00904	0.00506	0.00578	0.00868	0.01193	0.01591	0.03434	0.77697	0.04121	0.01952	0.00795	0.00253	0.00361	0.01771	0.00578	0.00506
27	0.00882	0.00637	0.00833	0.00784	0.00931	0.00588	0.00588	0.01176	0.01764	0.02499	0.73888	0.04654	0.05879	0.01274	0.00735	0.00196	0.00294	0.01127	0.00686	0.00588
28	0.00906	0.00604	0.00680	0.00680	0.00680	0.00604	0.00378	0.00906	0.00906	0.01208	0.01963	0.04077	0.02265	0.78103	0.03171	0.00604	0.00604	0.00906	0.00378	0.00378
29	0.02647	0.01298	0.01593	0.01221	0.01709	0.01268	0.01009	0.26998	0.02181	0.50126	0.02124	0.01904	0.01375	0.00763	0.00625	0.00191	0.00584	0.00604	0.00720	0.01060
30	0.00805	0.00575	0.00775	0.00920	0.00976	0.00545	0.00658	0.00946	0.01238	0.01642	0.03409	0.64534	0.04021	0.01909	0.00807	0.00259	0.00401	0.14484	0.00578	0.00519
31	0.01666	0.78478	0.03265	0.01066	0.01599	0.02465	0.01066	0.01866	0.01266	0.01466	0.00866	0.00999	0.00800	0.00533	0.00400	0.00133	0.00666	0.00333	0.00267	0.00800
32	0.02327	0.02970	0.01766	0.01605	0.01926	0.75602	0.01204	0.02488	0.01766	0.01525	0.00963	0.01124	0.00803	0.00642	0.00562	0.00161	0.01124	0.00401	0.00321	0.00722
33	0.01739	0.01151	0.03638	0.01040	0.01492	0.00970	0.00858	0.12078	0.01663	0.21533	0.02266	0.09739	0.08538	0.00849	0.00594	0.00164	0.00503	0.00702	0.00551	0.29934
34	0.02435	0.01263	0.01526	0.01211	0.01668	0.01265	0.00987	0.17409	0.17611	0.44249	0.02276	0.02036	0.01521	0.00783	0.00628	0.00196	0.00554	0.00630	0.00711	0.01044
35	0.02368	0.01745	0.01870	0.01434	0.01932	0.01932	0.01184	0.72139	0.02929	0.03927	0.01496	0.01496	0.01060	0.00748	0.00623	0.00187	0.00686	0.00561	0.00623	0.01060
36	0.00906	0.00604	0.00680	0.00680	0.00680	0.00604	0.00378	0.00906	0.00906	0.01208	0.01963	0.04077	0.02265	0.78103	0.03171	0.00604	0.00604	0.00906	0.00378	0.00378
37	0.01400	0.01425	0.01903	0.01635	0.01647	0.04747	0.01357	0.01538	0.00985	0.01500	0.00823	0.01354	0.00817	0.01073	0.01988	0.00268	0.74042	0.00540	0.00274	0.00683
38	0.01481	0.01067	0.01221	0.01052	0.01333	0.01109	0.00822	0.27156	0.04822	0.05120	0.26489	0.14922	0.08448	0.01178	0.00696	0.00203	0.00464	0.01003	0.00639	0.00773
39	0.00759	0.00542	0.00723	0.00868	0.00904	0.00506	0.00578	0.00868	0.01193	0.01591	0.03434	0.77697	0.04121	0.01952	0.00795	0.00253	0.00361	0.01771	0.00578	0.00506
40	0.02368	0.01745	0.01870	0.01434	0.01932	0.01932	0.01184	0.72139	0.02929	0.03927	0.01496	0.01496	0.01060	0.00748	0.00623	0.00187	0.00686	0.00561	0.00623	0.01060
41	0.01471	0.01681	0.03676	0.02626	0.03256	0.01576	0.71954	0.01996	0.01471	0.01996	0.01261	0.01681	0.00945	0.00525	0.00735	0.00210	0.01050	0.00735	0.00315	0.00840
42	0.01363	0.01363	0.01908	0.01636	0.01636	0.01908	0.01363	0.01499	0.00954	0.01499	0.00818	0.01363	0.00818	0.01091	0.02045	0.00273	0.76963	0.00545	0.00273	0.00682
43	0.00782	0.00558	0.00749	0.00894	0.00940	0.00526	0.00618	0.00907	0.01215	0.01616	0.03422	0.71136	0.04071	0.01931	0.00801	0.00256	0.00381	0.08108	0.00578	0.00512
44	0.00779	0.00557	0.00741	0.00854	0.00908	0.00519	0.00580	0.00917	0.01284	0.01736	0.14715	0.66001	0.04402	0.01843	0.00786	0.00244	0.00351	0.01668	0.00596	0.00519
45	0.01653	0.76144	0.05486	0.01088	0.01633	0.02434	0.01104	0.01869	0.01268	0.01482	0.00874	0.01009	0.00799	0.00535	0.00406	0.00135	0.00674	0.00337	0.00266	0.00803
46	0.00858	0.00702	0.00765	0.00737	0.00943	0.00644	0.00556	0.01211	0.08497	0.02009	0.25492	0.05251	0.47254	0.01419	0.00726	0.00206	0.00327	0.01201	0.00615	0.00589
47	0.00989	0.00749	0.00925	0.00861	0.01041	0.00742	0.00652	0.01518	0.13185	0.02516	0.62463	0.04281	0.05242	0.01205	0.00719	0.00198	0.00326	0.01059	0.00678	0.00652
48	0.01462	0.01239	0.01344	0.01249	0.01567	0.01416	0.00989	0.02987	0.61617	0.02488	0.02658	0.03078	0.02172	0.00986	0.00670	0.00223	0.00506	0.11804	0.00624	0.00920
49	0.00893	0.00657	0.00950	0.00950	0.01043	0.00751	0.00715	0.01080	0.00986	0.01408	0.01716	0.02709	0.01671	0.16431	0.64031	0.00938	0.01498	0.00706	0.00341	0.00528
50	0.02795	0.01060	0.01446	0.01109	0.01591	0.00916	0.00916	0.03036	0.01783	0.74648	0.02458	0.02121	0.01542	0.00771	0.00627	0.00193	0.00530	0.00627	0.00771	0.01060
51	0.01250	0.03223	0.74875	0.01776	0.02697	0.01447	0.02302	0.01973	0.01315	0.01973	0.01118	0.01315	0.00789	0.00592	0.00592	0.00197	0.00921	0.00460	0.00263	0.00921
52	0.02327	0.02970	0.01766	0.01605	0.01926	0.75602	0.01204	0.02488	0.01766	0.01525	0.00963	0.01124	0.00803	0.00642	0.00562	0.00161	0.01124	0.00401	0.00321	0.00722
53	0.02795	0.01060	0.01446	0.01109	0.01591	0.00916	0.00916	0.03036	0.01783	0.74648	0.02458	0.02121	0.01542	0.00771	0.00627	0.00193	0.00530	0.00627	0.00771	0.01060
54	0.01484	0.01421	0.02423	0.15478	0.63020	0.01465	0.01883	0.01861	0.01391	0.01964	0.01162	0.01561	0.00962	0.00566	0.00618	0.00189	0.00755	0.00555	0.00303	0.00940
55	0.00736	0.00631	0.00631	0.00631	0.00842	0.00526	0.00473	0.00894	0.01420	0.01683	0.06312	0.05996	0.73964	0.01578	0.00736	0.00210	0.00316	0.01315	0.00579	0.00526
56	0.00905	0.00610	0.00711	0.00711	0.00722	0.00621	0.00417	0.00926	0.00915	0.01231	0.01935	0.03919	0.02196	0.70954	0.10226	0.00643	0.00708	0.00883	0.00373	0.00395
57	0.00756	0.00555	0.00710	0.00834	0.00895	0.00509	0.00563	0.00871	0.01226	0.01604	0.03848	0.67374	0.14176	0.01898	0.00787	0.00247	0.00355	0.01706	0.00578	0.00509
58	0.01135	0.00586	0.00604	0.00600	0.00745	0.00581	0.00450	0.01426	0.01349	0.02339	0.08703	0.02539	0.01995	0.00777	0.00463	0.00150	0.00291	0.00631	0.74054	0.00581
59	0.82504	0.01205	0.00916	0.00819	0.01205	0.01398	0.00675	0.01832	0.01060	0.02795	0.00868	0.01012	0.00675	0.00578	0.00386	0.00193	0.00482	0.00337	0.00386	0.00675
60	0.02327	0.02970	0.01766	0.01605	0.01926	0.75602	0.01204	0.02488	0.01766	0.01525	0.00963	0.01124	0.00803	0.00642	0.00562	0.00161	0.01124	0.00401	0.00321	0.00722
61	0.01519	0.01457	0.02488	0.08393	0.69828	0.01474	0.01901	0.01892	0.01408	0.02008	0.01168	0.01550	0.00977	0.00559	0.00617	0.00186	0.00746	0.00555	0.00306	0.00968
62	0.02007	0.01429	0.01585	0.01272	0.01669	0.01547	0.01027	0.51272	0.02506	0.06776	0.10060	0.10209	0.01981	0.01035	0.02465	0.00215	0.00622	0.00763	0.00626	0.00933
63	0.01666	0.78478	0.03265	0.01066	0.01599	0.02465	0.01066	0.01866	0.01266	0.01466	0.00866	0.00999	0.00800	0.00533	0.00400	0.00133	0.00666	0.00333	0.00267	0.00800
64	0.00784	0.00560	0.00750	0.00889	0.00938	0.00527	0.00615	0.00912	0.01229	0.01639	0.05348	0.69607	0.04123	0.01914	0.00799	0.00254	0.00378	0.07638	0.00581	0.00514
65	0.03268	0.05913	0.34043	0.01351	0.01961	0.01171	0.04161	0.01737	0.01387	0.05513	0.11454	0.07406	0.03542	0.00789	0.00601	0.00182	0.00669	0.00661	0.00398	0.13796

[dist]
# distance from previous block
# <min> <max>
2	16

[block]
# block no. 2 follows, 36 sequences, length 54
# corresponding to MSA columns:
# 149-202
name=unknown_C
#
# <colnr> <probs for GDERKNQSTAVLIFYWHMCP>
#	G	D	E	R	K	N	Q	S	T	A	V	L	I	F	Y	W	H	M	C	P
0	0.00876	0.00642	0.00825	0.00796	0.00949	0.00591	0.00607	0.01156	0.01705	0.02370	0.61889	0.04965	0.12517	0.01337	0.00744	0.00204	0.00317	0.06261	0.00667	0.00581
1	0.01893	0.01470	0.01551	0.01311	0.01714	0.03278	0.01042	0.22901	0.46183	0.08307	0.02198	0.02046	0.01610	0.00807	0.00629	0.00202	0.00565	0.00651	0.00634	0.01007
2	0.01590	0.61699	0.13836	0.01286	0.01884	0.02249	0.06511	0.01891	0.01288	0.01580	0.00933	0.01097	0.00809	0.00541	0.00453	0.00148	0.00732	0.00382	0.00270	0.00820
3	0.02313	0.06281	0.09998	0.01206	0.01697	0.04449	0.01083	0.08882	0.03726	0.44657	0.02017	0.02009	0.01397	0.06471	0.00794	0.00219	0.00628	0.00596	0.00615	0.00960
4	0.01470	0.46122	0.28393	0.01323	0.01964	0.01976	0.01498	0.01861	0.01296	0.01675	0.01136	0.01559	0.01003	0.00642	0.00502	0.00167	0.00749	0.05552	0.00288	0.00826
5	0.00888	0.00658	0.00795	0.00835	0.01005	0.00608	0.00675	0.01127	0.01484	0.01954	0.18278	0.05813	0.31035	0.01504	0.00756	0.00229	0.00398	0.24789	0.06611	0.00559
6	0.01261	0.07607	0.57208	0.01737	0.02550	0.01457	0.09564	0.01889	0.01337	0.01922	0.01503	0.01682	0.06239	0.00654	0.00606	0.00196	0.00874	0.00545	0.00292	0.00875
7	0.02117	0.01624	0.01990	0.01565	0.02012	0.14382	0.15666	0.12999	0.08537	0.23954	0.01752	0.01804	0.01251	0.00991	0.06207	0.00252	0.00846	0.00610	0.00530	0.00911
8	0.00904	0.00606	0.00691	0.00687	0.00698	0.00603	0.00393	0.00926	0.00970	0.01304	0.07303	0.04120	0.02533	0.72399	0.02990	0.00574	0.00581	0.00922	0.00400	0.00393
9	0.03363	0.00595	0.00600	0.00609	0.00752	0.00598	0.00453	0.01419	0.01291	0.02281	0.02105	0.07883	0.01759	0.00813	0.00461	0.00154	0.00301	0.00662	0.73322	0.00578
10	0.01250	0.03223	0.74875	0.01776	0.02697	0.01447	0.02302	0.01973	0.01315	0.01973	0.01118	0.01315	0.00789	0.00592	0.00592	0.00197	0.00921	0.00460	0.00263	0.00921
11	0.01471	0.01681	0.03676	0.02626	0.03256	0.01576	0.71954	0.01996	0.01471	0.01996	0.01261	0.01681	0.00945	0.00525	0.00735	0.00210	0.01050	0.00735	0.00315	0.00840
12	0.01161	0.00581	0.00581	0.00581	0.00726	0.00581	0.00436	0.01452	0.01307	0.02323	0.02033	0.02323	0.01597	0.00726	0.00436	0.00145	0.00290	0.00581	0.81562	0.00581
13	0.01363	0.01363	0.01908	0.01636	0.01636	0.01908	0.01363	0.01499	0.00954	0.01499	0.00818	0.01363	0.00818	0.01091	0.02045	0.00273	0.76963	0.00545	0.00273	0.00682
14	0.10905	0.02507	0.01675	0.01478	0.01836	0.52270	0.01134	0.13803	0.05119	0.02102	0.01111	0.01227	0.00881	0.00662	0.00556	0.00171	0.00955	0.00434	0.00391	0.00784
15	0.00758	0.00545	0.00720	0.00859	0.00901	0.00507	0.00575	0.00869	0.01201	0.01594	0.03538	0.75110	0.06641	0.01938	0.00793	0.00251	0.00360	0.01755	0.00578	0.00507
16	0.00744	0.00631	0.00642	0.00640	0.00847	0.00529	0.00480	0.00910	0.01439	0.01728	0.10045	0.05922	0.70203	0.01561	0.00736	0.00210	0.00314	0.01305	0.00585	0.00529
17	0.02265	0.01773	0.01953	0.01507	0.01997	0.05178	0.05610	0.60780	0.06712	0.03625	0.01516	0.01537	0.01088	0.00735	0.00628	0.00189	0.00717	0.00573	0.00591	0.01027
18	0.31600	0.01096	0.01220	0.01073	0.04102	0.01109	0.00829	0.04034	0.03191	0.32513	0.11397	0.02023	0.01783	0.00761	0.00553	0.00193	0.00492	0.00585	0.00594	0.00851
19	0.01295	0.01108	0.01171	0.01072	0.01373	0.01220	0.00828	0.02543	0.49675	0.02370	0.09185	0.03418	0.20019	0.01061	0.00667	0.00210	0.00433	0.00889	0.00624	0.00841
20	0.00893	0.00658	0.00951	0.00951	0.01045	0.00752	0.00716	0.01080	0.00986	0.01409	0.01715	0.02702	0.01668	0.16129	0.64329	0.00939	0.01503	0.00705	0.00341	0.00528
21	0.01522	0.01467	0.02524	0.07391	0.69031	0.01478	0.03612	0.01898	0.01411	0.02013	0.01171	0.01551	0.00978	0.00558	0.00620	0.00187	0.00752	0.00559	0.00307	0.00969
22	0.01550	0.01338	0.01409	0.01268	0.01620	0.01550	0.00986	0.03311	0.73091	0.02606	0.02536	0.02325	0.01902	0.00845	0.00634	0.00211	0.00493	0.00704	0.00634	0.00986
23	0.02368	0.01745	0.01870	0.01434	0.01932	0.01932	0.01184	0.72139	0.02929	0.03927	0.01496	0.01496	0.01060	0.00748	0.00623	0.00187	0.00686	0.00561	0.00623	0.01060
24	0.01161	0.00581	0.00581	0.00581	0.00726	0.00581	0.00436	0.01452	0.01307	0.02323	0.02033	0.02323	0.01597	0.00726	0.00436	0.00145	0.00290	0.00581	0.81562	0.00581
25	0.01483	0.01420	0.02422	0.15589	0.62914	0.01465	0.01883	0.01860	0.01391	0.01964	0.01162	0.01561	0.00962	0.00566	0.00618	0.00189	0.00755	0.00555	0.00303	0.00939
26	0.01681	0.01438	0.01480	0.01300	0.01670	0.03669	0.01019	0.12496	0.61712	0.02753	0.02353	0.02180	0.01759	0.00827	0.00631	0.00207	0.00536	0.00677	0.00624	0.00989
27	0.66365	0.01399	0.01063	0.00934	0.01324	0.09340	0.00756	0.03676	0.01220	0.05832	0.00969	0.01092	0.00742	0.00595	0.00423	0.00187	0.00557	0.00363	0.00401	0.02761
28	0.01428	0.05916	0.38113	0.02015	0.09074	0.01486	0.16986	0.06769	0.01471	0.03882	0.01347	0.06220	0.01088	0.00672	0.00632	0.00199	0.00859	0.00616	0.00336	0.00891
29	0.73899	0.01394	0.01007	0.00904	0.01282	0.09362	0.00732	0.01902	0.01136	0.02659	0.00878	0.01024	0.00688	0.00585	0.00404	0.00189	0.00551	0.00344	0.00379	0.00680
30	0.00799	0.00621	0.00727	0.00728	0.00887	0.00548	0.00536	0.01006	0.01528	0.02004	0.33612	0.15821	0.35932	0.01507	0.00744	0.00211	0.00313	0.01304	0.00623	0.00548
31	0.01523	0.21335	0.39002	0.01563	0.02205	0.12787	0.01740	0.01975	0.01333	0.01734	0.01003	0.01215	0.00797	0.00637	0.00691	0.00184	0.08737	0.00429	0.00274	0.00837
32	0.01272	0.05226	0.70299	0.01830	0.05247	0.01476	0.02254	0.01968	0.01318	0.01961	0.01113	0.01315	0.00797	0.00589	0.00588	0.00195	0.00907	0.00460	0.00265	0.00920
33	0.01004	0.00717	0.01004	0.01147	0.01291	0.00717	0.01004	0.01291	0.01434	0.01865	0.03299	0.07028	0.03586	0.01721	0.00861	0.00287	0.00574	0.70023	0.00574	0.00574
34	0.00901	0.00602	0.00681	0.00687	0.00688	0.00600	0.00385	0.00905	0.00917	0.01222	0.02018	0.06846	0.02335	0.75239	0.03082	0.00591	0.00595	0.00939	0.00385	0.00382
35	0.05896	0.03201	0.12451	0.06866	0.02095	0.06868	0.07404	0.14806	0.06817	0.07601	0.01529	0.07218	0.01265	0.00955	0.03488	0.00235	0.09390	0.00640	0.00436	0.00837
36	0.01741	0.70242	0.03115	0.01106	0.01635	0.02408	0.01079	0.09408	0.01445	0.01730	0.00934	0.01053	0.00827	0.00556	0.00424	0.00139	0.00668	0.00358	0.00305	0.00827
37	0.00741	0.00631	0.00638	0.00636	0.00845	0.00528	0.00477	0.00904	0.01432	0.01711	0.08651	0.05950	0.71607	0.01567	0.00736	0.00210	0.00315	0.01308	0.00582	0.00528
38	0.02679	0.01150	0.01491	0.01147	0.01622	0.01057	0.00946	0.13189	0.01952	0.62180	0.04320	0.02100	0.01593	0.00782	0.00629	0.00192	0.00546	0.00631	0.00747	0.01047
39	0.03089	0.01425	0.02568	0.16824	0.05351	0.04352	0.34177	0.01818	0.04026	0.01833	0.01322	0.03496	0.01084	0.01107	0.09310	0.00302	0.06152	0.00674	0.00326	0.00763
40	0.01473	0.01438	0.02322	0.05524	0.02237	0.01662	0.22836	0.10590	0.04438	0.02022	0.01550	0.01890	0.06589	0.00879	0.01235	0.00232	0.31263	0.00672	0.00369	0.00779
41	0.00759	0.00542	0.00723	0.00868	0.00904	0.00506	0.00578	0.00868	0.01193	0.01591	0.03434	0.77697	0.04121	0.01952	0.00795	0.00253	0.00361	0.01771	0.00578	0.00506
42	0.01047	0.00762	0.00952	0.00877	0.01063	0.00740	0.00680	0.08794	0.01856	0.02584	0.59160	0.04525	0.06921	0.01258	0.00732	0.00202	0.00357	0.06186	0.00668	0.00636
43	0.01431	0.09832	0.35976	0.01867	0.02532	0.05788	0.19520	0.03711	0.01383	0.01905	0.01169	0.03470	0.00931	0.00655	0.00734	0.00200	0.07189	0.00560	0.00298	0.00850
44	0.02442	0.01472	0.01687	0.01311	0.01788	0.01544	0.01082	0.44465	0.05143	0.27458	0.01907	0.01891	0.01324	0.00787	0.00631	0.00193	0.00623	0.02537	0.00672	0.01043
45	0.02278	0.02876	0.01813	0.01744	0.06458	0.70956	0.01248	0.02452	0.01744	0.01557	0.00976	0.01150	0.00814	0.00637	0.00565	0.00162	0.01100	0.00411	0.00320	0.00739
46	0.01267	0.01164	0.01898	0.68688	0.07223	0.01423	0.01704	0.06028	0.01359	0.01758	0.01135	0.01646	0.00852	0.00628	0.00623	0.00205	0.00817	0.00554	0.00300	0.00728
47	0.02368	0.01745	0.01870	0.01434	0.01932	0.01932	0.01184	0.72139	0.02929	0.03927	0.01496	0.01496	0.01060	0.00748	0.00623	0.00187	0.00686	0.00561	0.00623	0.01060
48	0.01244	0.01177	0.01991	0.63121	0.17247	0.01402	0.01764	0.01651	0.01278	0.01674	0.01119	0.01639	0.00860	0.00610	0.00622	0.00203	0.00814	0.00554	0.00283	0.00747
49	0.00862	0.00635	0.00822	0.00933	0.01048	0.00601	0.00731	0.01052	0.01331	0.01713	0.03902	0.31810	0.17590	0.03953	0.00879	0.00269	0.00448	0.30316	0.00571	0.00535
50	0.03169	0.10405	0.66285	0.01686	0.02557	0.01544	0.02146	0.01960	0.01305	0.01943	0.01088	0.01278	0.00788	0.00586	0.00569	0.00191	0.00886	0.00445	0.00266	0.00903
51	0.00759	0.00542	0.00723	0.00868	0.00904	0.00506	0.00578	0.00868	0.01193	0.01591	0.03434	0.77697	0.04121	0.01952	0.00795	0.00253	0.00361	0.01771	0.00578	0.00506
52	0.01458	0.01626	0.03372	0.02536	0.06148	0.01619	0.58723	0.01921	0.01394	0.01926	0.01193	0.01629	0.00929	0.00608	0.00918	0.00218	0.11947	0.00700	0.00309	0.00824
53	0.02336	0.03108	0.10644	0.03161	0.01866	0.04533	0.01172	0.13733	0.08583	0.41238	0.02017	0.01864	0.01342	0.00738	0.00615	0.00192	0.00636	0.00585	0.00630	0.01007

[dist]
# distance from previous block
# <min> <max>
1	2

[block]
# block no. 3 follows, 36 sequences, length 11
# corresponding to MSA columns:
# 205-215
name=unknown_D
#
# <colnr> <probs for GDERKNQSTAVLIFYWHMCP>
#	G	D	E	R	K	N	Q	S	T	A	V	L	I	F	Y	W	H	M	C	P
0	0.01489	0.46587	0.33612	0.01367	0.02064	0.02034	0.01590	0.01911	0.01287	0.01681	0.00973	0.01133	0.00795	0.00558	0.00481	0.00160	0.00774	0.00387	0.00265	0.00851
1	0.01580	0.01689	0.11252	0.05227	0.13577	0.01561	0.21312	0.06815	0.12048	0.06489	0.01442	0.01682	0.01096	0.00691	0.00834	0.00210	0.10584	0.00620	0.00396	0.00896
2	0.01548	0.17585	0.14759	0.01784	0.09141	0.05337	0.04771	0.04003	0.01275	0.03925	0.01012	0.01329	0.00861	0.00770	0.01100	0.00209	0.28987	0.00493	0.00303	0.00809
3	0.29104	0.01471	0.01551	0.09483	0.01929	0.01691	0.01084	0.36518	0.01998	0.03144	0.01201	0.01343	0.00891	0.00698	0.00629	0.00196	0.05234	0.00484	0.00484	0.00867
4	0.00906	0.00604	0.00680	0.00680	0.00680	0.00604	0.00378	0.00906	0.00906	0.01208	0.01963	0.04077	0.02265	0.78103	0.03171	0.00604	0.00604	0.00906	0.00378	0.00378
5	0.01526	0.01526	0.02793	0.03548	0.57882	0.01502	0.18036	0.01931	0.01431	0.02026	0.01192	0.01574	0.00977	0.00548	0.00644	0.00191	0.00812	0.00597	0.00310	0.00953
6	0.00772	0.00633	0.00680	0.00668	0.00863	0.00541	0.00501	0.00963	0.01504	0.01882	0.22754	0.05670	0.57397	0.01504	0.00736	0.00207	0.00310	0.01269	0.00605	0.00541
7	0.01662	0.15310	0.04693	0.01208	0.01604	0.03756	0.01036	0.19312	0.19533	0.04417	0.08200	0.04362	0.06925	0.00892	0.00648	0.00192	0.02591	0.02262	0.00533	0.00865
8	0.01523	0.01251	0.01615	0.01451	0.08448	0.03788	0.04697	0.06094	0.07394	0.08153	0.01428	0.01665	0.01148	0.01192	0.11150	0.00275	0.06695	0.00523	0.00418	0.31092
9	0.08283	0.01274	0.06952	0.02927	0.01569	0.02963	0.00930	0.03877	0.09684	0.10681	0.08260	0.02281	0.06443	0.00855	0.02319	0.00185	0.00550	0.02399	0.00490	0.27080
10	0.01574	0.23913	0.33232	0.01521	0.02163	0.08143	0.04733	0.05622	0.01444	0.04362	0.03383	0.01371	0.01002	0.00636	0.00618	0.00180	0.04457	0.00468	0.00321	0.00856

[dist]
# distance from previous block
# <min> <max>
1	11

[block]
# block no. 4 follows, 36 sequences, length 7
# corresponding to MSA columns:
# 227-233
name=unknown_E
#
# <colnr> <probs for GDERKNQSTAVLIFYWHMCP>
#	G	D	E	R	K	N	Q	S	T	A	V	L	I	F	Y	W	H	M	C	P
0	0.04355	0.06974	0.19501	0.01382	0.01913	0.13056	0.03168	0.04176	0.08424	0.18382	0.01678	0.05016	0.01302	0.00744	0.00593	0.00186	0.00731	0.02372	0.00465	0.05581
1	0.01624	0.30784	0.22188	0.01273	0.01842	0.06339	0.01333	0.02067	0.05686	0.10292	0.06425	0.01771	0.04506	0.00699	0.00541	0.00172	0.00698	0.00526	0.00392	0.00843
2	0.01605	0.13615	0.06740	0.01125	0.01688	0.01394	0.01003	0.18514	0.01681	0.02391	0.01163	0.01296	0.00927	0.00550	0.00499	0.00129	0.00579	0.00416	0.00406	0.44280
3	0.02109	0.01758	0.01852	0.01464	0.01917	0.11239	0.05574	0.39594	0.10970	0.06165	0.01528	0.01567	0.01124	0.00722	0.00658	0.00184	0.03216	0.00556	0.00541	0.07262
4	0.01118	0.00585	0.00598	0.00598	0.00718	0.00585	0.00426	0.01359	0.01239	0.02133	0.02021	0.02621	0.01711	0.13876	0.00900	0.00223	0.00344	0.00636	0.67765	0.00546
5	0.04659	0.00853	0.00972	0.00935	0.01103	0.00874	0.00681	0.15889	0.01566	0.02139	0.07124	0.32443	0.09632	0.14499	0.01138	0.00290	0.00475	0.03558	0.00552	0.00617
6	0.01093	0.00574	0.00605	0.00629	0.00756	0.00568	0.00460	0.01353	0.01287	0.02198	0.02271	0.15132	0.02026	0.00934	0.00497	0.00164	0.00302	0.00783	0.67799	0.00568

[dist]
# distance from previous block
# <min> <max>
0	31

# created by:
# /home/cegg/simao/soft/augustus-3.2.1/scripts/msa2prfl.pl ./align_prep/EOG090W0DAR.fa
