[name]
unknown

[dist]
# distance from previous block
# <min> <max>
0	63

[block]
# block no. 0 follows, 30 sequences, length 8
# corresponding to MSA columns:
# 88-95
name=unknown_A
#
# <colnr> <probs for GDERKNQSTAVLIFYWHMCP>
#	G	D	E	R	K	N	Q	S	T	A	V	L	I	F	Y	W	H	M	C	P
0	0.00915	0.00679	0.00855	0.00953	0.01070	0.00628	0.00702	0.01102	0.01497	0.01950	0.11363	0.37912	0.19374	0.04528	0.00975	0.00287	0.00439	0.13530	0.00651	0.00590
1	0.01275	0.07791	0.01305	0.01189	0.06971	0.00943	0.00792	0.01458	0.01495	0.08340	0.12263	0.18766	0.16488	0.16274	0.01326	0.00319	0.00524	0.01214	0.00581	0.00687
2	0.01149	0.01040	0.07651	0.01355	0.08131	0.00815	0.00961	0.01344	0.01400	0.05394	0.06358	0.36125	0.09475	0.08189	0.01202	0.06262	0.00545	0.01379	0.00556	0.00669
3	0.01244	0.08181	0.01265	0.07703	0.01456	0.00944	0.00807	0.01453	0.01473	0.07339	0.11972	0.28117	0.07076	0.09993	0.01075	0.00284	0.00514	0.01252	0.07184	0.00671
4	0.01275	0.01115	0.01185	0.08250	0.01611	0.07577	0.00895	0.06532	0.05392	0.02153	0.11486	0.23088	0.16232	0.06678	0.00991	0.00273	0.00579	0.03401	0.00593	0.00693
5	0.00887	0.00636	0.00786	0.00890	0.00943	0.00596	0.00580	0.00986	0.01288	0.01690	0.03824	0.49975	0.11860	0.19878	0.01527	0.00373	0.00465	0.01689	0.00593	0.00535
6	0.01562	0.22650	0.18749	0.01668	0.07760	0.04852	0.04627	0.01909	0.01432	0.01933	0.01655	0.01937	0.05800	0.00922	0.00879	0.07582	0.04513	0.00588	0.08142	0.00837
7	0.01011	0.05840	0.01133	0.07039	0.01387	0.00844	0.00792	0.01213	0.01474	0.01928	0.14020	0.31197	0.14259	0.08466	0.01073	0.00292	0.00495	0.06325	0.00593	0.00617

[dist]
# distance from previous block
# <min> <max>
4	9

[block]
# block no. 1 follows, 30 sequences, length 105
# corresponding to MSA columns:
# 105-193,196-205,210-215
name=unknown_B
#
# <colnr> <probs for GDERKNQSTAVLIFYWHMCP>
#	G	D	E	R	K	N	Q	S	T	A	V	L	I	F	Y	W	H	M	C	P
0	0.01915	0.01345	0.05467	0.01208	0.01658	0.01197	0.01022	0.14399	0.08617	0.18963	0.17490	0.03227	0.10417	0.01044	0.00721	0.00209	0.00555	0.00865	0.00695	0.08987
1	0.02395	0.01873	0.01930	0.01648	0.05000	0.09298	0.01282	0.39401	0.10537	0.08857	0.01922	0.02167	0.01472	0.00884	0.00701	0.00212	0.00766	0.04662	0.00646	0.04345
2	0.01740	0.01975	0.06085	0.02490	0.03132	0.07232	0.47691	0.06546	0.05680	0.02357	0.01717	0.02042	0.04116	0.00687	0.00779	0.00225	0.01060	0.00784	0.00408	0.03256
3	0.02358	0.05897	0.04433	0.01495	0.07149	0.01259	0.01158	0.10038	0.01949	0.36192	0.05359	0.09468	0.02082	0.00996	0.00709	0.00216	0.00626	0.03351	0.00695	0.04568
4	0.07699	0.17784	0.49779	0.01739	0.02609	0.04905	0.02108	0.02199	0.01462	0.02147	0.01167	0.01367	0.00877	0.00651	0.00601	0.00205	0.00946	0.00474	0.00309	0.00973
5	0.00891	0.00702	0.00804	0.00795	0.00988	0.00615	0.00590	0.01124	0.01723	0.02238	0.32016	0.11442	0.40257	0.01665	0.00829	0.00233	0.00348	0.01429	0.00696	0.00615
6	0.02050	0.31072	0.16595	0.04318	0.02279	0.22403	0.01546	0.06433	0.01720	0.04034	0.01164	0.01330	0.00938	0.00672	0.00575	0.00181	0.00954	0.00458	0.00357	0.00920
7	0.01738	0.01925	0.05441	0.27398	0.29853	0.15132	0.04471	0.02148	0.01594	0.01997	0.01245	0.01678	0.00995	0.00667	0.00685	0.00212	0.00967	0.00592	0.00334	0.00927
8	0.01506	0.01509	0.02029	0.01764	0.01778	0.04115	0.01453	0.01657	0.01117	0.01688	0.01149	0.07244	0.01204	0.01282	0.02132	0.00300	0.66278	0.00713	0.00334	0.00749
9	0.00850	0.00607	0.00810	0.00972	0.01012	0.00567	0.00648	0.00972	0.01336	0.01781	0.03846	0.75020	0.04615	0.02186	0.00891	0.00283	0.00405	0.01984	0.00648	0.00567
10	0.01572	0.03369	0.64875	0.01915	0.02897	0.01561	0.02424	0.02328	0.01525	0.09111	0.01402	0.01563	0.00968	0.00683	0.00667	0.00220	0.00988	0.00534	0.00351	0.01047
11	0.00927	0.00663	0.00902	0.01059	0.01133	0.00638	0.00780	0.01104	0.01401	0.01857	0.03747	0.55221	0.04372	0.02209	0.03051	0.00318	0.00511	0.18881	0.00638	0.00588
12	0.80405	0.01350	0.01026	0.00918	0.01350	0.01565	0.00756	0.02051	0.01188	0.03131	0.00972	0.01134	0.00756	0.00648	0.00432	0.00216	0.00540	0.00378	0.00432	0.00756
13	0.09327	0.01385	0.02147	0.42059	0.22215	0.01596	0.01811	0.02057	0.06761	0.02140	0.01358	0.01810	0.01054	0.00692	0.00670	0.00224	0.00835	0.00610	0.00363	0.00888
14	0.01573	0.29967	0.34158	0.04228	0.02610	0.02012	0.08911	0.02102	0.01463	0.01970	0.01271	0.04437	0.01062	0.00695	0.00611	0.00199	0.00912	0.00560	0.00317	0.00944
15	0.01004	0.00684	0.00823	0.00848	0.00874	0.00693	0.00531	0.01059	0.01092	0.01465	0.02417	0.11366	0.02751	0.57178	0.09774	0.00660	0.00763	0.05096	0.00453	0.00469
16	0.00850	0.00607	0.00810	0.00972	0.01012	0.00567	0.00648	0.00972	0.01336	0.01781	0.03846	0.75020	0.04615	0.02186	0.00891	0.00283	0.00405	0.01984	0.00648	0.00567
17	0.02873	0.01324	0.01676	0.01297	0.01814	0.01252	0.01066	0.17764	0.02281	0.51817	0.07332	0.02421	0.01952	0.00898	0.00710	0.00215	0.00614	0.00725	0.00820	0.01150
18	0.01498	0.01456	0.02312	0.45622	0.24180	0.04075	0.01949	0.01917	0.01450	0.01920	0.01233	0.01777	0.00980	0.00713	0.00805	0.00228	0.06074	0.00614	0.00322	0.00873
19	0.75436	0.01476	0.01086	0.00974	0.01401	0.06107	0.00794	0.02098	0.01238	0.03040	0.00978	0.01142	0.00765	0.00652	0.00444	0.00214	0.00586	0.00382	0.00427	0.00759
20	0.01613	0.01889	0.06201	0.08430	0.03717	0.01743	0.61213	0.02199	0.01622	0.02199	0.01393	0.01867	0.01043	0.00599	0.00808	0.00235	0.01152	0.00798	0.00348	0.00931
21	0.00877	0.00622	0.00818	0.00953	0.00992	0.00594	0.00630	0.00989	0.01287	0.01722	0.03556	0.63150	0.04232	0.11312	0.04425	0.00369	0.00504	0.01810	0.00608	0.00552
22	0.10484	0.01824	0.03231	0.02356	0.02993	0.01821	0.43298	0.18296	0.02000	0.04600	0.01461	0.01763	0.01074	0.00662	0.00748	0.00226	0.00994	0.00725	0.00458	0.00986
23	0.01866	0.75896	0.03657	0.01194	0.01791	0.02761	0.01194	0.02090	0.01418	0.01642	0.00970	0.01119	0.00896	0.00597	0.00448	0.00149	0.00746	0.00373	0.00299	0.00896
24	0.03131	0.01188	0.01619	0.01242	0.01781	0.01026	0.01026	0.03401	0.01997	0.71606	0.02753	0.02375	0.01727	0.00864	0.00702	0.00216	0.00594	0.00702	0.00864	0.01188
25	0.00850	0.00607	0.00810	0.00972	0.01012	0.00567	0.00648	0.00972	0.01336	0.01781	0.03846	0.75020	0.04615	0.02186	0.00891	0.00283	0.00405	0.01984	0.00648	0.00567
26	0.02317	0.01821	0.02107	0.01658	0.02182	0.02013	0.06504	0.45347	0.21836	0.03814	0.01982	0.01952	0.01442	0.00849	0.00711	0.00219	0.00739	0.00689	0.00675	0.01145
27	0.01491	0.01482	0.02147	0.01826	0.01868	0.02022	0.04477	0.01671	0.01099	0.01700	0.01012	0.01637	0.00987	0.01506	0.07710	0.00366	0.65296	0.00631	0.00313	0.00760
28	0.01000	0.00737	0.01066	0.01066	0.01171	0.00842	0.00803	0.01210	0.01105	0.01579	0.01920	0.03024	0.01867	0.16113	0.61999	0.01053	0.01684	0.00789	0.00381	0.00592
29	0.01527	0.01527	0.02137	0.01832	0.01832	0.02137	0.01527	0.01679	0.01069	0.01679	0.00916	0.01527	0.00916	0.01221	0.02290	0.00305	0.74198	0.00611	0.00305	0.00763
30	0.02884	0.01396	0.07088	0.01304	0.01867	0.01115	0.01147	0.06572	0.02021	0.59933	0.05372	0.02386	0.01833	0.00870	0.00704	0.00216	0.00626	0.00706	0.00807	0.01154
31	0.03131	0.01188	0.01619	0.01242	0.01781	0.01026	0.01026	0.03401	0.01997	0.71606	0.02753	0.02375	0.01727	0.00864	0.00702	0.00216	0.00594	0.00702	0.00864	0.01188
32	0.00968	0.00708	0.00908	0.00867	0.01033	0.00648	0.00647	0.01274	0.01914	0.02675	0.62301	0.08465	0.12004	0.01490	0.00826	0.00224	0.00335	0.01312	0.00752	0.00648
33	0.01495	0.18452	0.57856	0.01826	0.02768	0.01855	0.02294	0.02185	0.01462	0.02093	0.01194	0.01401	0.00886	0.00649	0.00619	0.00206	0.00973	0.00486	0.00295	0.01003
34	0.74276	0.01374	0.01166	0.01180	0.06785	0.01573	0.00864	0.02058	0.01219	0.03065	0.00998	0.01180	0.00783	0.00646	0.00452	0.00215	0.00562	0.00397	0.00425	0.00783
35	0.04234	0.70697	0.03509	0.01211	0.01793	0.05596	0.01187	0.02117	0.01434	0.01689	0.00975	0.01126	0.00891	0.00604	0.00455	0.00152	0.00761	0.00376	0.00305	0.00888
36	0.01640	0.01467	0.01520	0.01130	0.01720	0.08284	0.00896	0.03321	0.01556	0.04294	0.01277	0.01460	0.01043	0.00554	0.00538	0.00117	0.00600	0.00430	0.00427	0.67726
37	0.02301	0.02521	0.01968	0.10379	0.02391	0.42105	0.01402	0.06880	0.06527	0.06258	0.01341	0.01549	0.01058	0.00807	0.00846	0.00209	0.09627	0.00539	0.00424	0.00867
38	0.02574	0.06573	0.02053	0.01771	0.02141	0.69546	0.01341	0.02755	0.01952	0.01705	0.01074	0.01252	0.00899	0.00714	0.00621	0.00178	0.01236	0.00446	0.00357	0.00813
39	0.01158	0.00810	0.01159	0.01124	0.01276	0.00917	0.00869	0.03955	0.01238	0.04838	0.01921	0.02796	0.01771	0.09177	0.62450	0.01018	0.01696	0.00757	0.00411	0.00658
40	0.00856	0.00612	0.00815	0.00967	0.01014	0.00571	0.00648	0.00987	0.01365	0.01827	0.06835	0.71902	0.04703	0.02152	0.00888	0.00281	0.00401	0.01952	0.00653	0.00571
41	0.01735	0.01425	0.01529	0.01371	0.01753	0.01623	0.01067	0.03509	0.61787	0.05729	0.08127	0.02797	0.02461	0.00981	0.00719	0.00234	0.00537	0.00822	0.00721	0.01073
42	0.00985	0.00745	0.01092	0.01115	0.01218	0.00853	0.00848	0.01204	0.01164	0.01656	0.02249	0.17785	0.02315	0.04458	0.55270	0.00918	0.04081	0.01001	0.00429	0.00616
43	0.01008	0.00704	0.00899	0.00899	0.00946	0.00751	0.00594	0.01103	0.01056	0.01455	0.02073	0.03870	0.02235	0.48672	0.29942	0.00846	0.01132	0.00913	0.00404	0.00499
44	0.01805	0.01740	0.02764	0.04062	0.65211	0.04596	0.02073	0.05146	0.01680	0.02351	0.01319	0.01706	0.01101	0.00635	0.00689	0.00206	0.00844	0.00615	0.00362	0.01097
45	0.01318	0.01240	0.02093	0.73798	0.04806	0.01550	0.01938	0.01783	0.01395	0.01783	0.01240	0.01860	0.00930	0.00698	0.00698	0.00233	0.00930	0.00620	0.00310	0.00775
46	0.69078	0.01337	0.01091	0.00956	0.01388	0.01522	0.00785	0.05097	0.01340	0.07097	0.01162	0.01292	0.00875	0.00676	0.00462	0.00213	0.00544	0.00419	0.03870	0.00795
47	0.01738	0.01435	0.01535	0.01386	0.01772	0.01636	0.01085	0.03523	0.62388	0.05525	0.02998	0.02933	0.04237	0.01008	0.00724	0.00239	0.00552	0.03500	0.00711	0.01073
48	0.00975	0.00713	0.00915	0.00864	0.01035	0.00653	0.00648	0.01292	0.01945	0.02726	0.65710	0.05332	0.11674	0.01454	0.00823	0.00221	0.00331	0.01279	0.00759	0.00653
49	0.00998	0.00745	0.01106	0.01106	0.01225	0.00864	0.00853	0.01236	0.01117	0.01608	0.01883	0.02820	0.01779	0.08261	0.69729	0.01102	0.01818	0.00759	0.00376	0.00614
50	0.00861	0.00618	0.00833	0.00983	0.01030	0.00590	0.00665	0.00993	0.01320	0.01769	0.03696	0.69520	0.04397	0.02418	0.06356	0.00347	0.00516	0.01890	0.00627	0.00571
51	0.03131	0.01188	0.01619	0.01242	0.01781	0.01026	0.01026	0.03401	0.01997	0.71606	0.02753	0.02375	0.01727	0.00864	0.00702	0.00216	0.00594	0.00702	0.00864	0.01188
52	0.00875	0.00625	0.00838	0.01000	0.01052	0.00588	0.00691	0.01015	0.01361	0.01809	0.03832	0.68926	0.04561	0.02163	0.00897	0.00287	0.00426	0.07833	0.00647	0.00574
53	0.73001	0.01334	0.01083	0.00949	0.01391	0.01514	0.00782	0.02181	0.01265	0.09692	0.01142	0.01253	0.00849	0.00668	0.00458	0.00216	0.00545	0.00409	0.00473	0.00797
54	0.01727	0.01658	0.02832	0.04283	0.71123	0.01658	0.02142	0.02142	0.01589	0.02280	0.01313	0.01727	0.01105	0.00622	0.00691	0.00207	0.00829	0.00622	0.00345	0.01105
55	0.02867	0.01340	0.01681	0.01318	0.01840	0.01287	0.01079	0.12707	0.11710	0.52439	0.02613	0.02308	0.01707	0.00872	0.00702	0.00218	0.00613	0.00704	0.00819	0.01176
56	0.01738	0.01664	0.02595	0.18517	0.49970	0.04839	0.02014	0.06185	0.01670	0.02281	0.01309	0.01731	0.01065	0.00655	0.00690	0.00211	0.00866	0.00614	0.00360	0.01028
57	0.01250	0.01069	0.01346	0.01208	0.01365	0.06312	0.08863	0.04117	0.01381	0.01780	0.04665	0.18297	0.02799	0.37092	0.02138	0.00456	0.00717	0.04064	0.00488	0.00593
58	0.03131	0.01188	0.01619	0.01242	0.01781	0.01026	0.01026	0.03401	0.01997	0.71606	0.02753	0.02375	0.01727	0.00864	0.00702	0.00216	0.00594	0.00702	0.00864	0.01188
59	0.00844	0.00649	0.00774	0.00867	0.00986	0.00578	0.00603	0.00993	0.01453	0.01851	0.07047	0.46719	0.30127	0.02003	0.00863	0.00263	0.00383	0.01766	0.00651	0.00578
60	0.06379	0.01437	0.02205	0.01746	0.02190	0.01466	0.19971	0.12084	0.10194	0.12692	0.02290	0.15775	0.02022	0.01067	0.00818	0.00241	0.03302	0.02593	0.00587	0.00939
61	0.01866	0.75896	0.03657	0.01194	0.01791	0.02761	0.01194	0.02090	0.01418	0.01642	0.00970	0.01119	0.00896	0.00597	0.00448	0.00149	0.00746	0.00373	0.00299	0.00896
62	0.00937	0.00644	0.00784	0.00860	0.00879	0.00625	0.00529	0.00995	0.01166	0.01554	0.02973	0.37699	0.03514	0.41010	0.02300	0.00492	0.00549	0.01470	0.00529	0.00491
63	0.02058	0.50803	0.03069	0.01344	0.01890	0.11198	0.01225	0.11696	0.07040	0.02137	0.01227	0.01330	0.01032	0.00673	0.00526	0.00168	0.00797	0.00451	0.00394	0.00942
64	0.01583	0.01541	0.02721	0.22939	0.43614	0.01611	0.09512	0.02023	0.01536	0.02126	0.01373	0.03767	0.01148	0.00681	0.00713	0.00219	0.00884	0.00681	0.00345	0.00983
65	0.01111	0.00741	0.00972	0.00899	0.01085	0.00680	0.00680	0.01437	0.01977	0.06750	0.66849	0.05050	0.06305	0.01394	0.00816	0.00219	0.00344	0.01230	0.00774	0.00689
66	0.00849	0.00614	0.00803	0.00954	0.01008	0.00568	0.00640	0.00974	0.01353	0.01788	0.04059	0.70518	0.08980	0.02159	0.00886	0.00280	0.00401	0.01950	0.00648	0.00568
67	0.01455	0.07860	0.60432	0.02042	0.03012	0.01706	0.09552	0.02205	0.01488	0.02178	0.01252	0.01495	0.00903	0.00651	0.00667	0.00218	0.01029	0.00540	0.00301	0.01013
68	0.00875	0.00633	0.00846	0.00988	0.01050	0.00604	0.00685	0.01019	0.01344	0.01789	0.03823	0.62977	0.07215	0.02392	0.06487	0.00349	0.00529	0.05194	0.00626	0.00576
69	0.01792	0.01781	0.02769	0.04100	0.66040	0.06891	0.02083	0.02189	0.01618	0.02238	0.01295	0.01693	0.01090	0.00629	0.00686	0.00205	0.00861	0.00609	0.00346	0.01084
70	0.01715	0.01331	0.01544	0.01123	0.01729	0.01099	0.00906	0.10723	0.01725	0.07034	0.01396	0.01537	0.01099	0.00582	0.00553	0.00125	0.00555	0.00460	0.00480	0.64284
71	0.04599	0.73301	0.03565	0.01184	0.01776	0.02720	0.01179	0.02088	0.01410	0.01694	0.00970	0.01120	0.00891	0.00599	0.00447	0.00152	0.00739	0.00373	0.00303	0.00891
72	0.01002	0.00671	0.00765	0.00778	0.00781	0.00668	0.00440	0.01011	0.01040	0.01386	0.02327	0.10055	0.02699	0.69766	0.03344	0.00646	0.00655	0.01090	0.00440	0.00434
73	0.01578	0.01285	0.01427	0.01291	0.01621	0.01427	0.01024	0.11323	0.35008	0.02820	0.10357	0.03738	0.10135	0.01365	0.03895	0.00279	0.02109	0.07704	0.00678	0.00936
74	0.13505	0.01414	0.01609	0.01263	0.01776	0.01415	0.01033	0.20146	0.06058	0.29829	0.05105	0.02057	0.01615	0.00819	0.00649	0.00203	0.00609	0.00636	0.00698	0.09560
75	0.02964	0.01151	0.01566	0.01213	0.01724	0.00997	0.00997	0.03238	0.01996	0.66246	0.08051	0.02596	0.02106	0.00908	0.00711	0.00216	0.00573	0.00745	0.00856	0.01146
76	0.01401	0.01325	0.02243	0.59667	0.18288	0.01572	0.01979	0.01856	0.01435	0.01884	0.01255	0.01833	0.00966	0.00682	0.00696	0.00227	0.00910	0.00620	0.00317	0.00842
77	0.01043	0.00871	0.01257	0.01182	0.01373	0.00857	0.07428	0.02853	0.03108	0.01979	0.07005	0.32544	0.19858	0.02061	0.07431	0.00340	0.03431	0.04134	0.00589	0.00656
78	0.01720	0.01878	0.03910	0.02809	0.03485	0.01805	0.61639	0.07267	0.01755	0.02384	0.01418	0.01857	0.01065	0.00625	0.00854	0.00235	0.03159	0.00803	0.00378	0.00955
79	0.01343	0.01266	0.02138	0.69533	0.08875	0.01557	0.01950	0.01805	0.01407	0.01813	0.01245	0.01852	0.00941	0.00693	0.00697	0.00231	0.00924	0.00620	0.00312	0.00795
80	0.58086	0.01303	0.01197	0.01011	0.01474	0.01410	0.00834	0.02441	0.01421	0.22908	0.01486	0.01492	0.01036	0.00710	0.00510	0.00216	0.00555	0.00471	0.00557	0.00880
81	0.02161	0.02422	0.01994	0.01803	0.04742	0.38463	0.05417	0.09893	0.05583	0.02208	0.05350	0.02188	0.04940	0.00906	0.00812	0.00210	0.06456	0.03137	0.00458	0.00858
82	0.01013	0.00730	0.00874	0.00827	0.01034	0.00647	0.00624	0.01281	0.01827	0.05287	0.43260	0.05678	0.31290	0.01535	0.00819	0.00226	0.00350	0.01321	0.00726	0.00653
83	0.01092	0.00901	0.01262	0.01248	0.01310	0.01081	0.00961	0.01267	0.01206	0.01708	0.02419	0.27274	0.02675	0.05871	0.23075	0.00561	0.19818	0.05171	0.00467	0.00633
84	0.00948	0.00683	0.00921	0.03839	0.01217	0.00669	0.00767	0.01114	0.01371	0.01819	0.05358	0.48087	0.04151	0.11015	0.01221	0.00335	0.00504	0.14797	0.00609	0.00575
85	0.01727	0.01658	0.02832	0.04283	0.71123	0.01658	0.02142	0.02142	0.01589	0.02280	0.01313	0.01727	0.01105	0.00622	0.00691	0.00207	0.00829	0.00622	0.00345	0.01105
86	0.01769	0.01882	0.05691	0.02301	0.02870	0.07174	0.38980	0.13128	0.01903	0.02497	0.01800	0.09493	0.01589	0.00880	0.00796	0.00236	0.01001	0.04635	0.00455	0.00920
87	0.33799	0.01252	0.01384	0.01113	0.01610	0.01240	0.00919	0.02865	0.01676	0.44430	0.02046	0.01882	0.01342	0.00778	0.00595	0.00216	0.00572	0.00573	0.00692	0.01016
88	0.01804	0.18788	0.20565	0.05462	0.14483	0.12136	0.08151	0.04759	0.01623	0.02075	0.01196	0.01473	0.00958	0.00667	0.00682	0.00201	0.03146	0.00534	0.00336	0.00960
89	0.00946	0.00672	0.00893	0.00956	0.01011	0.00696	0.00651	0.01071	0.01172	0.01602	0.02729	0.31110	0.03087	0.25115	0.24336	0.00666	0.00948	0.01304	0.00494	0.00541
90	0.01797	0.36862	0.18724	0.01483	0.02099	0.05868	0.03469	0.02210	0.03133	0.06984	0.02991	0.01567	0.01177	0.00955	0.04714	0.00240	0.03923	0.00510	0.00370	0.00923
91	0.01595	0.08542	0.25724	0.02172	0.13905	0.07275	0.08758	0.02066	0.01545	0.05163	0.01780	0.14928	0.01658	0.00933	0.00707	0.00222	0.00873	0.00823	0.00405	0.00927
92	0.03115	0.01213	0.01635	0.01254	0.01794	0.01063	0.01036	0.05564	0.02040	0.69383	0.02717	0.02352	0.01710	0.00863	0.00702	0.00216	0.00600	0.00699	0.00858	0.01188
93	0.05146	0.07751	0.19340	0.06702	0.17985	0.01580	0.09031	0.03804	0.03602	0.06659	0.01807	0.08451	0.03438	0.00838	0.00692	0.00220	0.00826	0.00746	0.00421	0.00961
94	0.01677	0.03654	0.13571	0.06975	0.06725	0.05183	0.16736	0.02143	0.03237	0.11800	0.02431	0.09818	0.08149	0.00991	0.00754	0.00232	0.00835	0.03701	0.00488	0.00901
95	0.01854	0.57418	0.11512	0.01440	0.02076	0.07870	0.05502	0.02165	0.01481	0.01749	0.01038	0.01218	0.00904	0.00613	0.00510	0.00165	0.00845	0.00423	0.00306	0.00908
96	0.00987	0.00680	0.00838	0.00862	0.00892	0.00698	0.00543	0.01053	0.01083	0.01468	0.02377	0.14560	0.02689	0.51133	0.16531	0.00705	0.00867	0.01105	0.00446	0.00483
97	0.01206	0.03731	0.16655	0.13081	0.06867	0.01218	0.04368	0.01599	0.01393	0.01913	0.02326	0.21231	0.04995	0.01766	0.10381	0.00362	0.02406	0.03295	0.00432	0.00776
98	0.01798	0.16840	0.11620	0.07305	0.04083	0.10593	0.08884	0.06695	0.01693	0.06388	0.06779	0.01941	0.01517	0.01187	0.07620	0.00291	0.02828	0.00626	0.00420	0.00893
99	0.01059	0.00781	0.00975	0.00916	0.01102	0.00741	0.00688	0.04349	0.03634	0.02738	0.56830	0.09393	0.11214	0.01462	0.00819	0.00225	0.00361	0.01283	0.00747	0.00682
100	0.00966	0.00701	0.00902	0.00991	0.01072	0.00701	0.00683	0.01223	0.06518	0.01838	0.06168	0.49045	0.05506	0.08074	0.08304	0.03938	0.00587	0.01591	0.00597	0.00595
101	0.03704	0.01755	0.07003	0.05119	0.05993	0.08772	0.20001	0.04507	0.01613	0.12213	0.01631	0.04321	0.01307	0.01327	0.08524	0.03414	0.06747	0.00716	0.00442	0.00890
102	0.01437	0.08330	0.18645	0.01367	0.01812	0.01276	0.03848	0.03656	0.03408	0.07212	0.13444	0.07649	0.04573	0.07404	0.04200	0.03852	0.03175	0.03406	0.00501	0.00805
103	0.01731	0.42920	0.26262	0.01494	0.02200	0.07739	0.01648	0.02152	0.01503	0.01885	0.03956	0.01418	0.01127	0.00663	0.00550	0.00179	0.00864	0.00464	0.00321	0.00924
104	0.01472	0.04221	0.01750	0.01243	0.01803	0.03795	0.07035	0.01795	0.01481	0.02195	0.04160	0.01723	0.01310	0.00939	0.06183	0.00204	0.00712	0.00512	0.00413	0.57055

[dist]
# distance from previous block
# <min> <max>
4	5

[block]
# block no. 2 follows, 30 sequences, length 10
# corresponding to MSA columns:
# 221-230
name=unknown_C
#
# <colnr> <probs for GDERKNQSTAVLIFYWHMCP>
#	G	D	E	R	K	N	Q	S	T	A	V	L	I	F	Y	W	H	M	C	P
0	0.01648	0.07330	0.01875	0.04954	0.01889	0.07817	0.09325	0.05889	0.01629	0.09778	0.06011	0.10741	0.08437	0.04287	0.08699	0.03443	0.04043	0.00911	0.00508	0.00785
1	0.01854	0.06628	0.18372	0.01572	0.02066	0.17588	0.01487	0.07738	0.05774	0.06445	0.07335	0.02200	0.05403	0.01113	0.04351	0.00260	0.07787	0.00662	0.00464	0.00900
2	0.18517	0.01504	0.01783	0.01497	0.01860	0.08092	0.09343	0.07209	0.03755	0.12199	0.01906	0.09880	0.01690	0.01243	0.04665	0.00286	0.08578	0.04613	0.00524	0.00855
3	0.01145	0.00892	0.01244	0.05000	0.01490	0.00955	0.03546	0.06657	0.01437	0.01940	0.02820	0.25714	0.06675	0.10908	0.19579	0.00532	0.03488	0.04811	0.00515	0.00653
4	0.03897	0.13645	0.02220	0.04013	0.01967	0.08388	0.07630	0.08670	0.01642	0.06126	0.07868	0.02153	0.01685	0.05617	0.06802	0.00320	0.15408	0.00674	0.00445	0.00832
5	0.01681	0.06038	0.02241	0.32000	0.20421	0.07331	0.01730	0.02213	0.07691	0.05698	0.01583	0.02146	0.01283	0.00770	0.00691	0.00221	0.00853	0.04092	0.00405	0.00912
6	0.00945	0.00973	0.06529	0.00903	0.01179	0.00741	0.00757	0.01285	0.05324	0.02076	0.14402	0.13891	0.45197	0.01638	0.00813	0.00238	0.00422	0.01391	0.00639	0.00659
7	0.04986	0.18304	0.19078	0.03563	0.02287	0.01794	0.06975	0.09877	0.05043	0.11024	0.01570	0.01749	0.01188	0.01178	0.08139	0.00299	0.00937	0.00581	0.00452	0.00975
8	0.05786	0.01791	0.10948	0.01301	0.01864	0.09262	0.01159	0.02078	0.05644	0.04616	0.01490	0.05579	0.01267	0.00724	0.00653	0.00164	0.03549	0.00556	0.00435	0.41137
9	0.01911	0.00945	0.01249	0.01123	0.01441	0.00870	0.00896	0.02233	0.04526	0.31544	0.10779	0.14245	0.09192	0.01583	0.04660	0.00292	0.00590	0.10302	0.00739	0.00877

[dist]
# distance from previous block
# <min> <max>
0	127

[block]
# block no. 3 follows, 30 sequences, length 68
# corresponding to MSA columns:
# 358-425
name=unknown_D
#
# <colnr> <probs for GDERKNQSTAVLIFYWHMCP>
#	G	D	E	R	K	N	Q	S	T	A	V	L	I	F	Y	W	H	M	C	P
0	0.01644	0.01570	0.06392	0.14286	0.20921	0.01500	0.12870	0.05473	0.04426	0.07246	0.02237	0.02627	0.09343	0.00870	0.00790	0.00229	0.03130	0.03052	0.00452	0.00942
1	0.01445	0.06899	0.53504	0.05595	0.02952	0.01660	0.06483	0.02244	0.05611	0.02198	0.01438	0.01818	0.01095	0.00723	0.00678	0.00224	0.00976	0.03121	0.00338	0.00995
2	0.01653	0.37557	0.07457	0.07238	0.05277	0.02120	0.17717	0.02018	0.01448	0.01842	0.01232	0.01651	0.01066	0.04357	0.04399	0.00257	0.00939	0.00569	0.00324	0.00878
3	0.01023	0.00762	0.01010	0.01158	0.06764	0.00713	0.00769	0.01157	0.01461	0.01899	0.12479	0.15158	0.27005	0.01961	0.04040	0.14612	0.00525	0.06347	0.00564	0.00591
4	0.01654	0.10345	0.17455	0.21746	0.06366	0.01679	0.07683	0.09289	0.01715	0.06049	0.05369	0.04608	0.01463	0.00786	0.00687	0.00217	0.00859	0.00680	0.00422	0.00928
5	0.01324	0.01160	0.01307	0.01241	0.01449	0.07948	0.04095	0.09129	0.01710	0.02183	0.07321	0.31489	0.11770	0.01831	0.04819	0.00303	0.02896	0.06730	0.00593	0.00703
6	0.02168	0.00976	0.01300	0.01069	0.01447	0.00858	0.00854	0.02455	0.01964	0.40960	0.29028	0.03730	0.07878	0.01135	0.00756	0.00219	0.00478	0.00964	0.00814	0.00948
7	0.01590	0.14077	0.26260	0.06135	0.16065	0.01866	0.15424	0.02128	0.01492	0.02083	0.01229	0.01571	0.00968	0.00667	0.00771	0.00216	0.05577	0.00587	0.00318	0.00976
8	0.01779	0.13043	0.10513	0.04323	0.04375	0.01542	0.08641	0.06824	0.01645	0.13579	0.01968	0.02599	0.03150	0.01599	0.12468	0.00369	0.03175	0.07019	0.00481	0.00908
9	0.01071	0.00834	0.01205	0.01184	0.01313	0.00882	0.04171	0.04367	0.01410	0.01939	0.07088	0.35866	0.03341	0.04504	0.21173	0.00520	0.04630	0.03312	0.00543	0.00645
10	0.01023	0.00792	0.01028	0.03470	0.01314	0.00779	0.00823	0.01336	0.03701	0.02079	0.16327	0.12994	0.17871	0.02321	0.14618	0.00417	0.00733	0.13212	0.00596	0.04569
11	0.10457	0.03859	0.02148	0.22402	0.07643	0.05899	0.08737	0.07595	0.03763	0.06565	0.03998	0.01907	0.01298	0.01023	0.04896	0.00276	0.05588	0.00639	0.00432	0.00876
12	0.11288	0.12048	0.04762	0.13577	0.02539	0.12388	0.09313	0.06219	0.01545	0.02121	0.01199	0.01580	0.00990	0.01093	0.06354	0.00287	0.10936	0.00561	0.00364	0.00835
13	0.31481	0.06917	0.12731	0.05130	0.02057	0.11390	0.03920	0.04046	0.01446	0.03969	0.01178	0.01512	0.00960	0.04424	0.00827	0.00238	0.06054	0.00502	0.00390	0.00830
14	0.01877	0.60586	0.05626	0.04188	0.01985	0.06176	0.01298	0.04419	0.01495	0.01767	0.01018	0.01207	0.00908	0.00649	0.00574	0.00166	0.04437	0.00412	0.00316	0.00894
15	0.01236	0.01104	0.03549	0.01348	0.01472	0.01306	0.01104	0.03695	0.01194	0.01766	0.01583	0.02382	0.01488	0.06954	0.41280	0.00766	0.23644	0.00705	0.02735	0.00688
16	0.04196	0.04474	0.02211	0.13965	0.06098	0.07671	0.13019	0.02260	0.05678	0.12754	0.05662	0.04933	0.01657	0.01054	0.04355	0.00264	0.04368	0.00733	0.00482	0.04163
17	0.04956	0.02162	0.08171	0.01611	0.02126	0.20173	0.04732	0.14977	0.09017	0.19600	0.01835	0.01845	0.01312	0.00943	0.03184	0.00240	0.00907	0.00612	0.00578	0.01020
18	0.02876	0.01132	0.01532	0.01193	0.01692	0.00981	0.00979	0.03147	0.01982	0.63560	0.08516	0.02757	0.04470	0.00941	0.00716	0.00217	0.00564	0.00774	0.00849	0.01124
19	0.01036	0.00740	0.00857	0.00810	0.01036	0.00645	0.00614	0.01281	0.01774	0.06623	0.32888	0.05828	0.40192	0.01571	0.00816	0.00228	0.00359	0.01338	0.00711	0.00655
20	0.04061	0.13043	0.15720	0.04150	0.02511	0.04219	0.16259	0.02135	0.01485	0.06435	0.01278	0.01565	0.01002	0.00704	0.00856	0.00205	0.10649	0.00568	0.00370	0.12781
21	0.01072	0.04363	0.01440	0.01281	0.01457	0.00916	0.08627	0.01308	0.01461	0.01962	0.09741	0.40944	0.03894	0.01910	0.03890	0.00306	0.02983	0.11205	0.00586	0.00654
22	0.01025	0.00686	0.00849	0.00911	0.01053	0.00614	0.00643	0.01186	0.01499	0.07174	0.08880	0.45583	0.23472	0.01918	0.00853	0.00261	0.00400	0.01695	0.00672	0.00626
23	0.02037	0.01885	0.01732	0.01515	0.01931	0.13814	0.01183	0.14468	0.47206	0.02962	0.02347	0.02220	0.01764	0.00890	0.00694	0.00222	0.00708	0.00705	0.00649	0.01068
24	0.01563	0.01779	0.10774	0.25674	0.17855	0.01632	0.18194	0.06033	0.01630	0.02219	0.01449	0.02087	0.01165	0.00722	0.00736	0.00230	0.00956	0.04002	0.00366	0.00932
25	0.01143	0.00725	0.00911	0.00918	0.01093	0.00648	0.00667	0.01348	0.01635	0.10139	0.21614	0.32975	0.20059	0.01742	0.00836	0.00248	0.00395	0.01533	0.00704	0.00667
26	0.00841	0.00665	0.00757	0.00823	0.00975	0.00582	0.00584	0.00999	0.01497	0.01872	0.07819	0.35244	0.41015	0.01931	0.00852	0.00255	0.00374	0.01680	0.00652	0.00582
27	0.01413	0.05642	0.69943	0.01967	0.02986	0.01653	0.02539	0.02207	0.01472	0.02194	0.01244	0.01463	0.00884	0.00661	0.00657	0.00219	0.01023	0.00512	0.00295	0.01027
28	0.01099	0.04597	0.01031	0.00862	0.01092	0.00822	0.00655	0.01433	0.06041	0.04927	0.27889	0.05288	0.31887	0.08098	0.01037	0.00264	0.00416	0.01229	0.00664	0.00670
29	0.01958	0.01246	0.01321	0.01093	0.01443	0.01333	0.00877	0.31467	0.02286	0.05568	0.02025	0.02184	0.01520	0.00826	0.00588	0.00185	0.00530	0.00642	0.42005	0.00905
30	0.01504	0.01274	0.01478	0.01061	0.01678	0.00989	0.00851	0.04951	0.01534	0.02375	0.01261	0.01458	0.01041	0.00532	0.00525	0.00108	0.00529	0.00424	0.00427	0.75999
31	0.01212	0.00606	0.00909	0.00909	0.00909	0.00606	0.00606	0.00909	0.00909	0.01212	0.01212	0.02121	0.01212	0.02424	0.02727	0.79697	0.00606	0.00606	0.00303	0.00303
32	0.02716	0.05220	0.01992	0.01455	0.01999	0.01822	0.01210	0.44889	0.02772	0.23623	0.01969	0.01876	0.01346	0.00833	0.00681	0.00207	0.00704	0.00638	0.02890	0.01158
33	0.01929	0.01187	0.01426	0.01144	0.01568	0.01111	0.00909	0.15305	0.01993	0.19579	0.12476	0.05039	0.06826	0.04689	0.04486	0.00262	0.00620	0.00813	0.00653	0.17988
34	0.03932	0.02314	0.28467	0.04143	0.04880	0.04900	0.07264	0.05297	0.01551	0.07651	0.01462	0.01865	0.01148	0.01203	0.07562	0.00312	0.10289	0.02163	0.00393	0.03204
35	0.00894	0.00630	0.00817	0.00950	0.00989	0.00599	0.00631	0.01004	0.01292	0.01720	0.03541	0.58900	0.04210	0.15392	0.01374	0.00356	0.00466	0.05084	0.00607	0.00545
36	0.01281	0.01183	0.01980	0.65379	0.04394	0.01472	0.01815	0.01721	0.01364	0.01764	0.01313	0.01963	0.01025	0.01223	0.09041	0.00336	0.01039	0.00635	0.00317	0.00758
37	0.01482	0.06164	0.51673	0.02200	0.03130	0.01705	0.19436	0.02211	0.01516	0.02193	0.01281	0.01563	0.00929	0.00641	0.00695	0.00222	0.01057	0.00589	0.00310	0.01003
38	0.01308	0.00806	0.01120	0.09603	0.01602	0.00800	0.00878	0.01532	0.03312	0.12463	0.03183	0.45311	0.03449	0.04811	0.01008	0.02900	0.00527	0.04075	0.00622	0.00689
39	0.01318	0.01240	0.02093	0.73798	0.04806	0.01550	0.01938	0.01783	0.01395	0.01783	0.01240	0.01860	0.00930	0.00698	0.00698	0.00233	0.00930	0.00620	0.00310	0.00775
40	0.02983	0.01425	0.01766	0.01354	0.01900	0.01378	0.01119	0.23632	0.02394	0.50814	0.02420	0.02159	0.01560	0.00856	0.00701	0.00214	0.00648	0.00679	0.00812	0.01187
41	0.01557	0.21119	0.37047	0.02017	0.05931	0.01889	0.12832	0.02142	0.01500	0.02069	0.01335	0.01788	0.01085	0.00697	0.00652	0.00210	0.00955	0.03884	0.00325	0.00967
42	0.01899	0.01050	0.01241	0.04642	0.01526	0.01057	0.00873	0.14460	0.01924	0.18383	0.02693	0.07879	0.06410	0.01020	0.00652	0.00206	0.00517	0.03032	0.29669	0.00868
43	0.01244	0.01127	0.01453	0.01361	0.01461	0.05741	0.01080	0.01456	0.01169	0.01649	0.01627	0.05230	0.01571	0.03680	0.45148	0.00795	0.22431	0.00740	0.00364	0.00673
44	0.01363	0.03379	0.06174	0.01271	0.04704	0.01022	0.01021	0.06583	0.05030	0.07367	0.16769	0.13003	0.16552	0.01437	0.00801	0.00243	0.00538	0.11314	0.00643	0.00784
45	0.02538	0.01612	0.08478	0.01572	0.06701	0.07896	0.01264	0.02844	0.01820	0.44242	0.02394	0.09213	0.01779	0.00955	0.00763	0.00222	0.03190	0.00777	0.00685	0.01056
46	0.01194	0.01071	0.01063	0.01102	0.01276	0.09091	0.00817	0.01582	0.09233	0.02051	0.10408	0.32904	0.14652	0.01707	0.00831	0.00257	0.00532	0.08920	0.00633	0.00676
47	0.43001	0.10505	0.04273	0.01278	0.01727	0.25092	0.01068	0.02303	0.01484	0.02460	0.01017	0.01186	0.00823	0.00666	0.00507	0.00197	0.00818	0.00406	0.00388	0.00799
48	0.01856	0.63444	0.09215	0.01358	0.01983	0.06100	0.03945	0.02140	0.01459	0.01715	0.01016	0.01185	0.00901	0.00608	0.00489	0.00160	0.00812	0.00406	0.00303	0.00904
49	0.01245	0.01258	0.06637	0.05795	0.01747	0.02797	0.01093	0.01651	0.06307	0.01980	0.02507	0.14968	0.08238	0.01879	0.12696	0.00371	0.07817	0.04041	0.00473	0.16500
50	0.01197	0.01042	0.04725	0.01252	0.01484	0.00950	0.03611	0.04742	0.07220	0.02148	0.05574	0.24601	0.03397	0.07422	0.04432	0.00343	0.00659	0.21230	0.00591	0.03379
51	0.06388	0.01690	0.01853	0.01471	0.01945	0.04525	0.01203	0.35734	0.05668	0.18548	0.01894	0.03920	0.01388	0.00894	0.00814	0.00218	0.06763	0.00663	0.00665	0.03755
52	0.03131	0.01188	0.01619	0.01242	0.01781	0.01026	0.01026	0.03401	0.01997	0.71606	0.02753	0.02375	0.01727	0.00864	0.00702	0.00216	0.00594	0.00702	0.00864	0.01188
53	0.00886	0.00709	0.00791	0.00771	0.00980	0.00615	0.00578	0.01119	0.01734	0.02226	0.30875	0.06154	0.46820	0.01640	0.00824	0.00230	0.00344	0.01394	0.00693	0.00615
54	0.02455	0.01807	0.01923	0.01535	0.02007	0.05417	0.01246	0.48439	0.05603	0.09747	0.01929	0.07701	0.01524	0.00966	0.00786	0.00220	0.04185	0.00742	0.00674	0.01094
55	0.01866	0.75896	0.03657	0.01194	0.01791	0.02761	0.01194	0.02090	0.01418	0.01642	0.00970	0.01119	0.00896	0.00597	0.00448	0.00149	0.00746	0.00373	0.00299	0.00896
56	0.00884	0.00681	0.00798	0.00853	0.00999	0.00610	0.00616	0.01060	0.01520	0.01940	0.12981	0.27963	0.33598	0.06510	0.01026	0.00282	0.00407	0.06039	0.00647	0.00583
57	0.01398	0.01324	0.02226	0.59060	0.16552	0.01589	0.01961	0.01844	0.01419	0.01868	0.01243	0.01826	0.00961	0.00701	0.00748	0.00230	0.03280	0.00620	0.00316	0.00834
58	0.02453	0.01788	0.02133	0.01649	0.02184	0.01929	0.07142	0.48734	0.08953	0.09851	0.01936	0.04700	0.01442	0.00881	0.00718	0.00218	0.00755	0.00719	0.00681	0.01134
59	0.04936	0.01174	0.01359	0.01188	0.01542	0.01229	0.00931	0.02811	0.30543	0.17985	0.24425	0.03328	0.03409	0.01070	0.00733	0.00226	0.00490	0.00904	0.00751	0.00967
60	0.02054	0.02152	0.01711	0.01546	0.01918	0.27947	0.01182	0.05876	0.38830	0.02477	0.02188	0.05467	0.01753	0.00916	0.00688	0.00217	0.00815	0.00713	0.00577	0.00973
61	0.01592	0.01520	0.02589	0.27175	0.49284	0.01623	0.02075	0.02024	0.01525	0.02116	0.01289	0.01771	0.01048	0.00647	0.00693	0.00216	0.00862	0.00621	0.00334	0.00997
62	0.00850	0.00607	0.00810	0.00972	0.01012	0.00567	0.00648	0.00972	0.01336	0.01781	0.03846	0.75020	0.04615	0.02186	0.00891	0.00283	0.00405	0.01984	0.00648	0.00567
63	0.01643	0.05178	0.02519	0.05425	0.05695	0.01567	0.23644	0.14403	0.06547	0.02538	0.02263	0.15099	0.04067	0.01065	0.00782	0.00239	0.00815	0.05095	0.00515	0.00901
64	0.02208	0.01713	0.02565	0.01909	0.02481	0.01736	0.22689	0.32037	0.02441	0.11397	0.07642	0.02121	0.01669	0.00802	0.00744	0.00216	0.00833	0.00747	0.00605	0.03447
65	0.01866	0.75896	0.03657	0.01194	0.01791	0.02761	0.01194	0.02090	0.01418	0.01642	0.00970	0.01119	0.00896	0.00597	0.00448	0.00149	0.00746	0.00373	0.00299	0.00896
66	0.07489	0.05670	0.02020	0.01659	0.02094	0.43762	0.01298	0.22982	0.02306	0.02621	0.01251	0.01373	0.00978	0.00746	0.00631	0.00190	0.01042	0.00497	0.00466	0.00925
67	0.01709	0.01437	0.01541	0.01382	0.01760	0.01640	0.01083	0.07525	0.57564	0.02971	0.08366	0.02955	0.02506	0.01016	0.00728	0.00237	0.00551	0.03261	0.00712	0.01056

[dist]
# distance from previous block
# <min> <max>
0	4

[block]
# block no. 4 follows, 30 sequences, length 55
# corresponding to MSA columns:
# 430-484
name=unknown_E
#
# <colnr> <probs for GDERKNQSTAVLIFYWHMCP>
#	G	D	E	R	K	N	Q	S	T	A	V	L	I	F	Y	W	H	M	C	P
0	0.01889	0.14118	0.30448	0.01821	0.06205	0.04306	0.05875	0.02491	0.05624	0.15636	0.01788	0.01860	0.03410	0.00739	0.00655	0.00209	0.00857	0.00599	0.00451	0.01021
1	0.75770	0.01360	0.01091	0.00971	0.01378	0.01599	0.00801	0.02029	0.01181	0.03046	0.00968	0.01157	0.00765	0.00681	0.00541	0.00221	0.04868	0.00392	0.00424	0.00756
2	0.01031	0.00782	0.01048	0.01030	0.01104	0.00883	0.00746	0.01177	0.01121	0.01560	0.02313	0.07522	0.06158	0.28042	0.35160	0.00802	0.07607	0.00937	0.00416	0.00563
3	0.01019	0.00748	0.01003	0.01002	0.01061	0.00834	0.00706	0.01150	0.01098	0.01533	0.02149	0.10789	0.02308	0.32745	0.33819	0.00813	0.05287	0.00973	0.00418	0.00545
4	0.01738	0.01884	0.06471	0.12703	0.47772	0.08869	0.04035	0.02154	0.01583	0.02135	0.01267	0.01681	0.01043	0.00661	0.00736	0.00212	0.03100	0.00604	0.00339	0.01014
5	0.00853	0.00625	0.00802	0.00933	0.01004	0.00574	0.00633	0.00990	0.01396	0.01837	0.07060	0.63254	0.13277	0.02100	0.00879	0.00275	0.00395	0.01887	0.00653	0.00574
6	0.03014	0.01375	0.01735	0.01330	0.01875	0.01303	0.01099	0.19348	0.02310	0.55217	0.02490	0.02205	0.01596	0.00857	0.00701	0.00214	0.00636	0.00684	0.00823	0.01187
7	0.01610	0.04262	0.05998	0.01934	0.13851	0.03373	0.04865	0.06185	0.17947	0.05196	0.02554	0.15469	0.04895	0.01149	0.00801	0.00239	0.03057	0.05134	0.00553	0.00928
8	0.00898	0.00633	0.00854	0.01011	0.01066	0.00599	0.00709	0.01032	0.01358	0.01804	0.03743	0.63835	0.04428	0.02160	0.00959	0.02810	0.00443	0.10452	0.00636	0.00568
9	0.01002	0.00809	0.01109	0.01162	0.01201	0.00916	0.00848	0.01140	0.01263	0.01747	0.03079	0.53905	0.03616	0.02238	0.07095	0.00357	0.15750	0.01599	0.00555	0.00612
10	0.00997	0.00748	0.01121	0.01121	0.01246	0.00872	0.00872	0.01246	0.01121	0.01620	0.01869	0.02741	0.01745	0.05234	0.72710	0.01121	0.01869	0.00748	0.00374	0.00623
11	0.01654	0.01701	0.02722	0.22857	0.15221	0.07952	0.21938	0.04741	0.05633	0.02167	0.01544	0.05857	0.01280	0.00755	0.00740	0.00226	0.00959	0.00752	0.00391	0.00909
12	0.00941	0.00701	0.00912	0.04136	0.01223	0.00674	0.00731	0.02996	0.01481	0.01953	0.08772	0.53959	0.12226	0.01969	0.00867	0.00271	0.00437	0.04503	0.00643	0.00606
13	0.80405	0.01350	0.01026	0.00918	0.01350	0.01565	0.00756	0.02051	0.01188	0.03131	0.00972	0.01134	0.00756	0.00648	0.00432	0.00216	0.00540	0.00378	0.00432	0.00756
14	0.01534	0.08556	0.10697	0.06051	0.02659	0.01869	0.24173	0.01920	0.01355	0.01905	0.01239	0.01847	0.01080	0.06365	0.01451	0.00282	0.25167	0.00681	0.00329	0.00841
15	0.02139	0.01004	0.01333	0.01080	0.01478	0.00872	0.00863	0.02436	0.01942	0.38461	0.29534	0.03419	0.03590	0.01057	0.00734	0.00208	0.00483	0.00899	0.00787	0.07681
16	0.01930	0.15397	0.19750	0.01657	0.04316	0.01860	0.03706	0.12021	0.18542	0.09401	0.01804	0.01824	0.01333	0.00758	0.00647	0.00207	0.00769	0.00602	0.00516	0.02959
17	0.01792	0.17659	0.41291	0.01769	0.02567	0.13229	0.02002	0.07991	0.01698	0.02206	0.01205	0.01387	0.00915	0.00674	0.00618	0.00199	0.00989	0.00487	0.00340	0.00982
18	0.02880	0.01590	0.01869	0.01433	0.01982	0.01623	0.01183	0.37719	0.02671	0.36336	0.02188	0.02008	0.01444	0.00850	0.00700	0.00213	0.00685	0.00663	0.00777	0.01187
19	0.00850	0.00607	0.00810	0.00972	0.01012	0.00567	0.00648	0.00972	0.01336	0.01781	0.03846	0.75020	0.04615	0.02186	0.00891	0.00283	0.00405	0.01984	0.00648	0.00567
20	0.01663	0.01719	0.06552	0.11917	0.59968	0.01644	0.02143	0.02105	0.01561	0.02220	0.01301	0.01728	0.01074	0.00633	0.00690	0.00211	0.00851	0.00616	0.00339	0.01064
21	0.01442	0.06027	0.61028	0.01932	0.02871	0.01640	0.04955	0.04057	0.01509	0.02215	0.01300	0.01593	0.00964	0.02638	0.02684	0.00254	0.01033	0.00544	0.00314	0.01001
22	0.00930	0.00757	0.00807	0.00777	0.01011	0.00665	0.00587	0.03731	0.01735	0.02168	0.19720	0.06214	0.55122	0.01662	0.00819	0.00231	0.00365	0.01397	0.00674	0.00627
23	0.01340	0.01263	0.02134	0.69969	0.08459	0.01556	0.01949	0.01803	0.01406	0.01810	0.01244	0.01853	0.00940	0.00693	0.00697	0.00231	0.00925	0.00620	0.00312	0.00793
24	0.01425	0.06338	0.65337	0.01949	0.02906	0.01694	0.02466	0.02176	0.01449	0.02158	0.01223	0.01462	0.00886	0.00691	0.00744	0.00223	0.05051	0.00515	0.00295	0.01011
25	0.01301	0.00650	0.00650	0.00650	0.00813	0.00650	0.00488	0.01626	0.01463	0.02602	0.02276	0.02602	0.01789	0.00813	0.00488	0.00163	0.00325	0.00650	0.79350	0.00650
26	0.00850	0.00607	0.00810	0.00972	0.01012	0.00567	0.00648	0.00972	0.01336	0.01781	0.03846	0.75020	0.04615	0.02186	0.00891	0.00283	0.00405	0.01984	0.00648	0.00567
27	0.01677	0.01610	0.02728	0.11255	0.61439	0.01667	0.02095	0.02086	0.01547	0.02204	0.01288	0.01732	0.01080	0.00655	0.00759	0.00214	0.03945	0.00621	0.00340	0.01057
28	0.00869	0.00615	0.00804	0.00947	0.00983	0.00580	0.00621	0.00977	0.01298	0.01731	0.03653	0.66769	0.04372	0.10769	0.01202	0.00329	0.00437	0.01870	0.00621	0.00550
29	0.01866	0.75896	0.03657	0.01194	0.01791	0.02761	0.01194	0.02090	0.01418	0.01642	0.00970	0.01119	0.00896	0.00597	0.00448	0.00149	0.00746	0.00373	0.00299	0.00896
30	0.01447	0.01240	0.01447	0.01034	0.01654	0.00930	0.00827	0.01757	0.01447	0.02274	0.01240	0.01447	0.01034	0.00517	0.00517	0.00103	0.00517	0.00413	0.00413	0.79742
31	0.01474	0.15151	0.60970	0.01862	0.02824	0.01803	0.02357	0.02191	0.01464	0.02119	0.01207	0.01417	0.00886	0.00652	0.00629	0.00210	0.00986	0.00493	0.00295	0.01010
32	0.01572	0.01603	0.02131	0.01831	0.01846	0.05123	0.01519	0.01726	0.01107	0.01681	0.00923	0.01515	0.00915	0.01200	0.02220	0.00300	0.71111	0.00604	0.00308	0.00765
33	0.01778	0.01764	0.05786	0.03996	0.63326	0.01692	0.02104	0.06815	0.01702	0.02425	0.01335	0.01712	0.01101	0.00639	0.00690	0.00208	0.00834	0.00618	0.00368	0.01108
34	0.01616	0.38162	0.13081	0.01904	0.14613	0.02037	0.03842	0.01959	0.01453	0.01883	0.01509	0.12097	0.01481	0.00843	0.00602	0.00193	0.00768	0.00690	0.00359	0.00907
35	0.01301	0.00650	0.00650	0.00650	0.00813	0.00650	0.00488	0.01626	0.01463	0.02602	0.02276	0.02602	0.01789	0.00813	0.00488	0.00163	0.00325	0.00650	0.79350	0.00650
36	0.01015	0.00677	0.00761	0.00761	0.00761	0.00677	0.00423	0.01015	0.01015	0.01353	0.02199	0.04567	0.02537	0.75476	0.03552	0.00677	0.00677	0.01015	0.00423	0.00423
37	0.01626	0.01287	0.01502	0.01085	0.01697	0.01022	0.00873	0.06546	0.01606	0.06299	0.01355	0.01515	0.01083	0.00559	0.00540	0.00117	0.00539	0.00445	0.00459	0.69846
38	0.01119	0.00878	0.01109	0.01056	0.01061	0.01024	0.00728	0.01174	0.01073	0.01493	0.02108	0.13540	0.02422	0.46946	0.02872	0.00530	0.18869	0.01048	0.00425	0.00527
39	0.00997	0.00748	0.01121	0.01121	0.01246	0.00872	0.00872	0.01246	0.01121	0.01620	0.01869	0.02741	0.01745	0.05234	0.72710	0.01121	0.01869	0.00748	0.00374	0.00623
40	0.01727	0.01658	0.02832	0.04283	0.71123	0.01658	0.02142	0.02142	0.01589	0.02280	0.01313	0.01727	0.01105	0.00622	0.00691	0.00207	0.00829	0.00622	0.00345	0.01105
41	0.01647	0.01592	0.02746	0.10212	0.58418	0.01608	0.05768	0.02065	0.01575	0.02216	0.01562	0.01965	0.04123	0.00676	0.00705	0.00212	0.00837	0.00670	0.00356	0.01044
42	0.00919	0.00689	0.00852	0.00858	0.01012	0.00622	0.00626	0.01167	0.01745	0.02361	0.41122	0.20685	0.21439	0.01672	0.00838	0.00237	0.00351	0.01468	0.00714	0.00622
43	0.01609	0.01538	0.02619	0.24336	0.51992	0.01627	0.02083	0.02038	0.01533	0.02136	0.01292	0.01766	0.01055	0.00644	0.00693	0.00215	0.00858	0.00621	0.00335	0.01010
44	0.01714	0.01737	0.05641	0.04190	0.68352	0.01657	0.02159	0.02144	0.01584	0.02277	0.01310	0.01717	0.01096	0.00623	0.00690	0.00208	0.00837	0.00617	0.00343	0.01102
45	0.00918	0.00705	0.00840	0.00818	0.01003	0.00627	0.00609	0.01178	0.01793	0.02395	0.42822	0.09686	0.30882	0.01598	0.00827	0.00229	0.00343	0.01382	0.00716	0.00627
