[name]
unknown

[dist]
# distance from previous block
# <min> <max>
0	9

[block]
# block no. 0 follows, 29 sequences, length 7
# corresponding to MSA columns:
# 46-52
name=unknown_A
#
# <colnr> <probs for GDERKNQSTAVLIFYWHMCP>
#	G	D	E	R	K	N	Q	S	T	A	V	L	I	F	Y	W	H	M	C	P
0	0.01737	0.04261	0.11127	0.02639	0.24679	0.05426	0.08718	0.10487	0.01844	0.02481	0.01922	0.05373	0.01781	0.00980	0.00766	0.00238	0.00871	0.13232	0.00461	0.00978
1	0.10209	0.01185	0.01294	0.01136	0.01468	0.04746	0.00884	0.05796	0.06235	0.19028	0.04405	0.08443	0.03957	0.05940	0.11750	0.00384	0.00788	0.00824	0.07507	0.04020
2	0.01299	0.01311	0.06075	0.07816	0.19344	0.01209	0.04626	0.01731	0.04416	0.02249	0.15781	0.08292	0.13783	0.01403	0.04944	0.00286	0.03066	0.01013	0.00517	0.00837
3	0.00888	0.00719	0.00760	0.00752	0.00954	0.00622	0.00546	0.01068	0.01606	0.01986	0.15278	0.06378	0.53353	0.10568	0.01176	0.00292	0.00397	0.01417	0.00650	0.00590
4	0.01755	0.15477	0.23751	0.02136	0.15589	0.04784	0.01803	0.10050	0.05273	0.02510	0.08672	0.01968	0.01668	0.00777	0.00665	0.00207	0.00837	0.00627	0.00436	0.01015
5	0.01818	0.17778	0.24451	0.02166	0.15136	0.07522	0.01852	0.09495	0.04489	0.02347	0.01365	0.01603	0.01084	0.00959	0.04759	0.00257	0.00971	0.00548	0.00383	0.01016
6	0.01058	0.00842	0.01129	0.01271	0.09405	0.00777	0.00822	0.01366	0.01872	0.02563	0.46422	0.05267	0.21636	0.01442	0.00824	0.00227	0.00403	0.01262	0.00702	0.00709

[dist]
# distance from previous block
# <min> <max>
7	12

[block]
# block no. 1 follows, 29 sequences, length 13
# corresponding to MSA columns:
# 65-77
name=unknown_B
#
# <colnr> <probs for GDERKNQSTAVLIFYWHMCP>
#	G	D	E	R	K	N	Q	S	T	A	V	L	I	F	Y	W	H	M	C	P
0	0.04105	0.00743	0.00888	0.00876	0.01054	0.00688	0.00652	0.01254	0.01776	0.02461	0.40580	0.12633	0.21750	0.03897	0.00923	0.00253	0.00381	0.03733	0.00712	0.00641
1	0.02065	0.08689	0.05045	0.04448	0.11228	0.24516	0.03199	0.11812	0.07541	0.02366	0.02046	0.02171	0.08683	0.00867	0.00715	0.00207	0.02331	0.00666	0.00465	0.00940
2	0.01017	0.00683	0.00782	0.00800	0.00805	0.00678	0.00457	0.01031	0.01071	0.01429	0.02428	0.12304	0.02821	0.67014	0.03327	0.00646	0.00660	0.01144	0.00457	0.00448
3	0.01639	0.09135	0.20811	0.02596	0.03388	0.01858	0.45579	0.02261	0.01615	0.02219	0.01359	0.01745	0.01021	0.00620	0.00764	0.00228	0.01123	0.00720	0.00340	0.00979
4	0.02453	0.03058	0.01946	0.01773	0.02099	0.62000	0.01340	0.02641	0.01890	0.01733	0.01167	0.01438	0.00998	0.01185	0.07323	0.00279	0.05013	0.00495	0.00365	0.00806
5	0.52083	0.01406	0.01294	0.01107	0.01544	0.01586	0.00907	0.13678	0.01640	0.08320	0.01353	0.01528	0.01033	0.01224	0.08357	0.00320	0.00744	0.00496	0.00515	0.00866
6	0.05085	0.06016	0.17384	0.02071	0.12975	0.05074	0.07664	0.08379	0.01736	0.08705	0.01968	0.02201	0.06331	0.01363	0.09611	0.00333	0.00997	0.00685	0.00453	0.00969
7	0.01071	0.00786	0.00952	0.01017	0.01162	0.00767	0.00720	0.01481	0.10823	0.04302	0.07847	0.48070	0.14478	0.01905	0.00863	0.00269	0.00428	0.01693	0.00684	0.00683
8	0.08488	0.09233	0.02102	0.01870	0.11910	0.06274	0.06622	0.07506	0.14145	0.04278	0.02153	0.07014	0.05089	0.01403	0.08507	0.00321	0.00869	0.00776	0.00507	0.00933
9	0.07300	0.18919	0.05028	0.01548	0.08128	0.05180	0.01207	0.08746	0.01737	0.10934	0.01709	0.09528	0.01500	0.00845	0.00617	0.00188	0.00696	0.00669	0.00494	0.15024
10	0.06981	0.09546	0.26405	0.01766	0.02428	0.13322	0.07810	0.10149	0.03133	0.02426	0.03538	0.01817	0.01266	0.05421	0.00847	0.00241	0.00956	0.00597	0.00408	0.00944
11	0.01712	0.12055	0.21336	0.01614	0.02218	0.05266	0.06550	0.06265	0.06769	0.04961	0.01556	0.02007	0.01297	0.09990	0.01100	0.00264	0.04488	0.00620	0.00420	0.09512
12	0.04419	0.04530	0.09828	0.11599	0.10865	0.03492	0.01423	0.04455	0.06644	0.14684	0.11493	0.02675	0.05789	0.00913	0.00703	0.00219	0.00701	0.00763	0.03857	0.00950

[dist]
# distance from previous block
# <min> <max>
13	24

[block]
# block no. 2 follows, 29 sequences, length 15
# corresponding to MSA columns:
# 108,111-124
name=unknown_C
#
# <colnr> <probs for GDERKNQSTAVLIFYWHMCP>
#	G	D	E	R	K	N	Q	S	T	A	V	L	I	F	Y	W	H	M	C	P
0	0.01654	0.00850	0.01121	0.01030	0.01288	0.00759	0.00779	0.01895	0.01797	0.24320	0.23920	0.25321	0.09299	0.01531	0.00821	0.00244	0.00448	0.01342	0.00769	0.00811
1	0.04324	0.01002	0.01265	0.01122	0.01442	0.00938	0.00874	0.07471	0.01896	0.27387	0.13805	0.21897	0.08103	0.01419	0.00796	0.00244	0.00512	0.03860	0.00757	0.00885
2	0.01383	0.00925	0.01118	0.01071	0.01316	0.00909	0.00818	0.01962	0.14642	0.11009	0.20345	0.19502	0.14413	0.01545	0.00828	0.00251	0.00457	0.05983	0.00731	0.00795
3	0.02042	0.01547	0.06294	0.01453	0.01908	0.01484	0.03907	0.17178	0.19462	0.15658	0.07874	0.05266	0.02292	0.04712	0.02872	0.00281	0.00702	0.03356	0.00684	0.01029
4	0.05850	0.08907	0.01763	0.01435	0.05482	0.12197	0.01077	0.09962	0.07613	0.13937	0.07137	0.07140	0.04367	0.00969	0.00668	0.00208	0.00682	0.00772	0.08900	0.00930
5	0.21396	0.22435	0.10791	0.03316	0.05128	0.13222	0.05028	0.02223	0.01510	0.02268	0.01179	0.01402	0.00957	0.00668	0.00551	0.00194	0.00833	0.00474	0.05550	0.00874
6	0.12009	0.20689	0.02719	0.06908	0.08720	0.08684	0.11884	0.05906	0.05187	0.02318	0.03956	0.01686	0.01254	0.00733	0.00712	0.00208	0.04516	0.00587	0.00406	0.00917
7	0.06954	0.01443	0.01828	0.01785	0.08911	0.09406	0.10130	0.01864	0.04995	0.02202	0.09860	0.11515	0.09034	0.04253	0.01024	0.00265	0.06596	0.06633	0.00517	0.00786
8	0.04290	0.00880	0.01080	0.05000	0.01385	0.00890	0.00792	0.01682	0.10052	0.05331	0.31093	0.16995	0.09521	0.06603	0.01005	0.00272	0.00458	0.01263	0.00685	0.00722
9	0.01019	0.00757	0.01115	0.01115	0.01232	0.00874	0.00853	0.01253	0.01136	0.01631	0.01934	0.02947	0.01845	0.10943	0.66640	0.01108	0.01809	0.00785	0.00385	0.00619
10	0.01739	0.01509	0.01890	0.07546	0.17233	0.06426	0.01408	0.09790	0.11570	0.04845	0.07008	0.03057	0.05338	0.03553	0.03227	0.00281	0.05522	0.06588	0.00537	0.00932
11	0.70608	0.01357	0.01121	0.00977	0.01431	0.01530	0.00805	0.02262	0.01313	0.11493	0.01214	0.01312	0.00892	0.00688	0.00474	0.00220	0.00558	0.00426	0.00495	0.00825
12	0.01605	0.10838	0.11544	0.07117	0.05948	0.01508	0.04606	0.07267	0.03217	0.07308	0.10501	0.05089	0.05026	0.01470	0.08503	0.00325	0.03387	0.03350	0.00503	0.00889
13	0.01188	0.01523	0.16734	0.07846	0.07103	0.01042	0.01314	0.01589	0.01570	0.02168	0.08386	0.09073	0.21913	0.01230	0.00748	0.00227	0.00624	0.03683	0.06895	0.05145
14	0.01776	0.09961	0.13343	0.01939	0.09662	0.12967	0.06355	0.05166	0.05205	0.02209	0.01536	0.07430	0.01357	0.00820	0.00741	0.00200	0.04382	0.00662	0.00412	0.13877

[dist]
# distance from previous block
# <min> <max>
1	12

[block]
# block no. 3 follows, 29 sequences, length 22
# corresponding to MSA columns:
# 137-158
name=unknown_D
#
# <colnr> <probs for GDERKNQSTAVLIFYWHMCP>
#	G	D	E	R	K	N	Q	S	T	A	V	L	I	F	Y	W	H	M	C	P
0	0.09202	0.27640	0.20196	0.01616	0.04415	0.01977	0.05328	0.02412	0.06320	0.09340	0.01436	0.01554	0.01097	0.00682	0.00590	0.00196	0.00803	0.00519	0.00416	0.04263
1	0.01147	0.01110	0.07622	0.01229	0.01443	0.00934	0.02449	0.07420	0.01571	0.02122	0.03373	0.48907	0.06460	0.01972	0.03480	0.00306	0.03193	0.03957	0.00603	0.00702
2	0.08753	0.01106	0.01283	0.01195	0.01463	0.01226	0.00934	0.03717	0.20095	0.07786	0.05041	0.09485	0.04764	0.04145	0.15243	0.00439	0.03804	0.04156	0.04526	0.00839
3	0.01698	0.18410	0.08219	0.21106	0.09797	0.11696	0.04985	0.02073	0.01511	0.01866	0.01244	0.01668	0.01034	0.01129	0.07372	0.00295	0.04128	0.00566	0.00331	0.00872
4	0.01933	0.01910	0.01834	0.07683	0.07148	0.16850	0.01335	0.05163	0.40008	0.02587	0.02258	0.02389	0.01763	0.00902	0.00713	0.00229	0.00781	0.02910	0.00584	0.01021
5	0.01001	0.00728	0.00966	0.01030	0.01133	0.00746	0.00768	0.01185	0.01311	0.01750	0.03266	0.18160	0.09846	0.18289	0.22902	0.00633	0.00964	0.14212	0.00528	0.00583
6	0.00862	0.00671	0.00785	0.00864	0.01002	0.00593	0.00607	0.01022	0.01513	0.01916	0.08604	0.40412	0.34613	0.01999	0.00875	0.00264	0.00386	0.01752	0.00667	0.00593
7	0.01678	0.00829	0.01069	0.01000	0.01237	0.00758	0.00753	0.01919	0.01687	0.22667	0.13810	0.24724	0.03541	0.04031	0.00865	0.00251	0.00460	0.03019	0.14908	0.00794
8	0.01115	0.00770	0.00947	0.04349	0.01254	0.00702	0.00703	0.01340	0.01680	0.07828	0.22021	0.18061	0.30479	0.04353	0.00939	0.00260	0.00424	0.01418	0.00686	0.00669
9	0.01465	0.01342	0.02044	0.43126	0.03567	0.01726	0.01717	0.04494	0.01405	0.01956	0.01258	0.01840	0.01018	0.00891	0.01197	0.00254	0.23309	0.00632	0.05963	0.00795
10	0.02497	0.03084	0.02176	0.02295	0.14618	0.59320	0.01523	0.02724	0.01946	0.01849	0.01144	0.01371	0.00956	0.00716	0.00653	0.00189	0.01204	0.00491	0.00364	0.00880
11	0.01706	0.01634	0.02789	0.13646	0.61697	0.01677	0.02157	0.02136	0.01595	0.02258	0.01329	0.01781	0.01104	0.00645	0.00706	0.00215	0.00860	0.00634	0.00348	0.01083
12	0.01913	0.01905	0.07921	0.11836	0.17564	0.12469	0.04401	0.06976	0.06051	0.08799	0.04393	0.04711	0.03720	0.00852	0.00712	0.00219	0.00850	0.00727	0.03015	0.00968
13	0.01846	0.01589	0.01819	0.01844	0.10802	0.01797	0.01283	0.08839	0.55076	0.03017	0.02599	0.02463	0.01959	0.00914	0.00721	0.00235	0.00618	0.00769	0.00675	0.01134
14	0.35219	0.02254	0.06649	0.07223	0.07711	0.25907	0.01322	0.02350	0.01560	0.02449	0.01099	0.01333	0.00874	0.00689	0.00570	0.00209	0.00894	0.00460	0.00388	0.00841
15	0.01709	0.01996	0.13899	0.03609	0.50592	0.01696	0.02121	0.02404	0.10386	0.02399	0.01532	0.01836	0.01227	0.00684	0.00703	0.00218	0.00843	0.00639	0.00392	0.01115
16	0.01215	0.00787	0.00995	0.00950	0.01154	0.00736	0.00730	0.01572	0.03999	0.08009	0.42784	0.09209	0.11330	0.01469	0.00818	0.00234	0.00397	0.06538	0.06359	0.00715
17	0.01635	0.01499	0.02332	0.36640	0.17379	0.01702	0.06076	0.07682	0.13239	0.02368	0.01607	0.01987	0.01225	0.00744	0.00721	0.00231	0.00865	0.00677	0.00429	0.00962
18	0.04872	0.00708	0.00847	0.00937	0.01055	0.00668	0.00665	0.01120	0.01453	0.01974	0.08822	0.41564	0.18144	0.07200	0.01067	0.00303	0.00444	0.06921	0.00641	0.00595
19	0.00998	0.00765	0.00893	0.00867	0.01041	0.00723	0.00629	0.01318	0.05589	0.02239	0.29692	0.07672	0.26465	0.12997	0.04690	0.00348	0.00490	0.01290	0.00663	0.00634
20	0.01737	0.02219	0.27641	0.01770	0.02527	0.01349	0.13489	0.02274	0.01631	0.13996	0.02051	0.02167	0.06780	0.00760	0.00696	0.00204	0.00841	0.00674	0.00464	0.16729
21	0.01738	0.01041	0.01278	0.01095	0.01436	0.00995	0.00858	0.04410	0.12510	0.19781	0.33125	0.03975	0.08485	0.01193	0.00771	0.00221	0.00464	0.01020	0.00770	0.04832

[dist]
# distance from previous block
# <min> <max>
0	9

[block]
# block no. 4 follows, 29 sequences, length 15
# corresponding to MSA columns:
# 168-182
name=unknown_E
#
# <colnr> <probs for GDERKNQSTAVLIFYWHMCP>
#	G	D	E	R	K	N	Q	S	T	A	V	L	I	F	Y	W	H	M	C	P
0	0.08914	0.16385	0.23647	0.06440	0.05324	0.04957	0.08181	0.04619	0.04735	0.08298	0.01430	0.01610	0.01067	0.00695	0.00638	0.00211	0.00891	0.00558	0.00410	0.00990
1	0.01758	0.01546	0.04921	0.16540	0.09228	0.01554	0.12638	0.12415	0.08283	0.06984	0.02137	0.04578	0.04714	0.01048	0.03165	0.00264	0.00859	0.03427	0.02986	0.00956
2	0.05329	0.00910	0.01111	0.00991	0.01233	0.00894	0.00748	0.03949	0.05963	0.16282	0.14764	0.03141	0.05251	0.04791	0.01311	0.18590	0.00512	0.00824	0.12673	0.00733
3	0.01730	0.12327	0.04006	0.01542	0.01981	0.06599	0.09132	0.09580	0.22662	0.02514	0.02636	0.12749	0.07348	0.01082	0.00727	0.00228	0.00718	0.00928	0.00568	0.00942
4	0.00949	0.00673	0.00878	0.00963	0.01041	0.00637	0.00671	0.01128	0.01513	0.02057	0.21154	0.41762	0.04909	0.11714	0.01259	0.00329	0.00449	0.06663	0.00662	0.00589
5	0.02053	0.05557	0.02152	0.05446	0.23119	0.03997	0.01467	0.15659	0.05548	0.12364	0.03477	0.07186	0.01692	0.01057	0.03466	0.00252	0.00782	0.00756	0.02933	0.01037
6	0.01843	0.01781	0.01654	0.01326	0.01789	0.18434	0.01037	0.02091	0.01575	0.05809	0.01328	0.01663	0.01131	0.04718	0.00923	0.00184	0.08358	0.00501	0.00423	0.43432
7	0.01295	0.01120	0.01318	0.01182	0.01387	0.05612	0.03009	0.05174	0.04459	0.02472	0.34202	0.06413	0.11008	0.04853	0.05615	0.00314	0.08109	0.01098	0.00631	0.00726
8	0.01129	0.00891	0.01007	0.01018	0.01179	0.03431	0.00732	0.05507	0.01592	0.02092	0.10583	0.33206	0.13332	0.09757	0.04461	0.00343	0.00569	0.04295	0.00617	0.04258
9	0.01497	0.16804	0.06923	0.08343	0.10568	0.05372	0.03249	0.01820	0.01444	0.01907	0.01736	0.06723	0.03770	0.04293	0.13358	0.00378	0.00987	0.00703	0.00383	0.09742
10	0.04747	0.09574	0.11171	0.04379	0.27725	0.04265	0.06443	0.02332	0.10398	0.02383	0.08161	0.02100	0.01726	0.00764	0.00688	0.00214	0.00809	0.00678	0.00435	0.01007
11	0.01861	0.08799	0.11563	0.07025	0.18554	0.10823	0.08276	0.08024	0.04193	0.02328	0.01337	0.01630	0.01066	0.00705	0.00752	0.00206	0.04508	0.00584	0.00390	0.07375
12	0.01444	0.03097	0.04816	0.07515	0.11568	0.01220	0.01225	0.06087	0.08966	0.04315	0.11404	0.21237	0.02974	0.01247	0.00763	0.00232	0.00608	0.02885	0.00575	0.07820
13	0.01767	0.14889	0.21104	0.09920	0.05007	0.07097	0.01624	0.04855	0.01695	0.09781	0.05607	0.04719	0.07229	0.00889	0.00677	0.00213	0.00823	0.00710	0.00459	0.00934
14	0.11327	0.05592	0.05891	0.06170	0.06173	0.05695	0.06301	0.12865	0.09805	0.05418	0.04754	0.07220	0.03332	0.00938	0.00694	0.00223	0.00745	0.02725	0.00537	0.03595

[dist]
# distance from previous block
# <min> <max>
1	9

[block]
# block no. 5 follows, 29 sequences, length 27
# corresponding to MSA columns:
# 196-222
name=unknown_F
#
# <colnr> <probs for GDERKNQSTAVLIFYWHMCP>
#	G	D	E	R	K	N	Q	S	T	A	V	L	I	F	Y	W	H	M	C	P
0	0.01829	0.05978	0.01726	0.01537	0.06962	0.07319	0.01111	0.15810	0.13605	0.06391	0.06719	0.16046	0.07590	0.01190	0.00742	0.00226	0.00647	0.00998	0.00626	0.02947
1	0.01689	0.17955	0.06687	0.03703	0.07760	0.08819	0.03149	0.07477	0.07491	0.02357	0.13211	0.06170	0.04120	0.01146	0.03372	0.00245	0.00785	0.02469	0.00504	0.00890
2	0.03949	0.06657	0.29154	0.02076	0.11472	0.01514	0.07799	0.02184	0.04749	0.07154	0.04945	0.11561	0.01838	0.00930	0.00718	0.00229	0.00833	0.00817	0.00449	0.00972
3	0.01750	0.16087	0.15467	0.07974	0.02455	0.09611	0.05404	0.06204	0.08629	0.02191	0.03636	0.05079	0.01431	0.00877	0.00877	0.00224	0.10108	0.00659	0.00415	0.00922
4	0.04854	0.05874	0.02138	0.05559	0.10695	0.01671	0.07132	0.17532	0.09387	0.08476	0.02471	0.06601	0.09133	0.00992	0.00799	0.00229	0.04066	0.00831	0.00570	0.00990
5	0.05000	0.01292	0.01601	0.06161	0.18057	0.06727	0.01228	0.01863	0.08258	0.02224	0.08754	0.17498	0.10545	0.01403	0.02770	0.00266	0.00679	0.04312	0.00543	0.00821
6	0.11065	0.09097	0.01763	0.01617	0.10422	0.05925	0.01131	0.06012	0.03404	0.11953	0.03868	0.16173	0.02226	0.01485	0.06482	0.00304	0.00765	0.04879	0.00554	0.00875
7	0.01530	0.06356	0.20154	0.12404	0.11344	0.01479	0.01714	0.02192	0.09342	0.06182	0.05251	0.04654	0.06701	0.00984	0.00732	0.00234	0.00780	0.06552	0.00479	0.00938
8	0.00868	0.00620	0.00826	0.00991	0.01033	0.00578	0.00661	0.00991	0.01363	0.01818	0.03925	0.74510	0.04710	0.02231	0.00909	0.00289	0.00413	0.02024	0.00661	0.00578
9	0.02119	0.01920	0.02052	0.01707	0.02103	0.19920	0.10966	0.14539	0.02039	0.10567	0.02239	0.13833	0.04243	0.01110	0.00839	0.00233	0.04389	0.03719	0.00558	0.00906
10	0.01753	0.01602	0.02556	0.13017	0.48246	0.01675	0.01970	0.07963	0.05127	0.02469	0.01584	0.02191	0.01339	0.00760	0.00724	0.00224	0.00829	0.04493	0.00416	0.01062
11	0.01959	0.01918	0.11781	0.03041	0.29044	0.01601	0.19890	0.02504	0.03744	0.14883	0.01675	0.01920	0.01234	0.00686	0.00741	0.00224	0.00917	0.00697	0.00456	0.01088
12	0.01033	0.00699	0.00820	0.00820	0.00835	0.00714	0.00486	0.01063	0.01048	0.01413	0.02204	0.04439	0.02493	0.66734	0.11734	0.00744	0.00834	0.01003	0.00426	0.00456
13	0.69380	0.01546	0.01162	0.01032	0.01471	0.07758	0.00838	0.02228	0.01324	0.06457	0.01092	0.01231	0.00834	0.00678	0.00472	0.00217	0.00618	0.00409	0.00456	0.00798
14	0.19873	0.01669	0.01717	0.01380	0.01883	0.01837	0.01129	0.36700	0.10467	0.09730	0.02061	0.02017	0.04725	0.00874	0.00660	0.00220	0.00669	0.00653	0.00665	0.01072
15	0.01641	0.01568	0.02670	0.24463	0.51393	0.01660	0.02125	0.02079	0.01564	0.02178	0.01318	0.01802	0.01076	0.00657	0.00707	0.00219	0.00876	0.00634	0.00342	0.01030
16	0.01676	0.01550	0.02546	0.14623	0.50069	0.01609	0.01969	0.06039	0.01673	0.02334	0.01577	0.08164	0.01419	0.00800	0.00724	0.00222	0.00820	0.00757	0.00396	0.01032
17	0.08850	0.01279	0.01900	0.09968	0.02260	0.01301	0.10672	0.04827	0.03518	0.23410	0.15896	0.02817	0.04275	0.00964	0.00825	0.00232	0.04610	0.00826	0.00634	0.00936
18	0.01838	0.01602	0.02597	0.20091	0.30358	0.01692	0.09080	0.12679	0.01875	0.05529	0.01568	0.02121	0.01257	0.00757	0.00736	0.00227	0.00880	0.03650	0.00439	0.01024
19	0.01326	0.01230	0.02069	0.49618	0.09926	0.01426	0.05034	0.01755	0.01491	0.01943	0.03983	0.06765	0.04708	0.00936	0.00755	0.00243	0.00858	0.04746	0.00392	0.00796
20	0.01791	0.01628	0.01763	0.12628	0.09023	0.15846	0.02854	0.07557	0.01738	0.07342	0.04051	0.02740	0.07759	0.09404	0.10424	0.00388	0.01002	0.00766	0.00473	0.00824
21	0.01572	0.01050	0.01264	0.03639	0.01547	0.01079	0.00913	0.02340	0.21794	0.13548	0.14592	0.14360	0.09837	0.04707	0.00925	0.00267	0.00515	0.04472	0.00713	0.00867
22	0.01610	0.08119	0.37469	0.01720	0.04458	0.08691	0.01848	0.02136	0.01596	0.07087	0.02286	0.08568	0.09514	0.00961	0.00700	0.00222	0.00878	0.00773	0.00426	0.00938
23	0.01680	0.07442	0.02862	0.05352	0.02709	0.10517	0.31051	0.05919	0.01725	0.02174	0.01970	0.16956	0.01910	0.01025	0.00792	0.00238	0.00958	0.03414	0.00449	0.00857
24	0.01634	0.01377	0.02034	0.15372	0.05682	0.04607	0.10490	0.09628	0.01695	0.06405	0.01945	0.02788	0.03041	0.03576	0.18251	0.00471	0.03265	0.06431	0.00462	0.00845
25	0.01590	0.03296	0.52168	0.02107	0.03017	0.07863	0.11116	0.02401	0.05578	0.02256	0.01380	0.01608	0.01002	0.00689	0.00698	0.00225	0.01063	0.00579	0.00339	0.01025
26	0.01681	0.01668	0.02692	0.21874	0.32422	0.04756	0.11525	0.02321	0.09598	0.02238	0.01509	0.01906	0.01188	0.00693	0.00726	0.00225	0.00910	0.00676	0.00389	0.01001

[dist]
# distance from previous block
# <min> <max>
0	1

[block]
# block no. 6 follows, 29 sequences, length 18
# corresponding to MSA columns:
# 224,226-242
name=unknown_G
#
# <colnr> <probs for GDERKNQSTAVLIFYWHMCP>
#	G	D	E	R	K	N	Q	S	T	A	V	L	I	F	Y	W	H	M	C	P
0	0.01652	0.09344	0.02775	0.13463	0.35324	0.01772	0.08329	0.02125	0.04420	0.02158	0.01523	0.02218	0.01326	0.00786	0.00807	0.00227	0.04986	0.05401	0.00379	0.00985
1	0.01064	0.00825	0.01093	0.08602	0.01552	0.00825	0.00883	0.01453	0.05258	0.02396	0.33314	0.14073	0.13561	0.01568	0.00850	0.00252	0.00471	0.10593	0.00682	0.00685
2	0.02377	0.21204	0.02403	0.01640	0.02071	0.47372	0.01310	0.02765	0.08962	0.01856	0.01262	0.01393	0.01049	0.00727	0.00604	0.00182	0.01077	0.00476	0.00389	0.00879
3	0.01574	0.01207	0.01241	0.01108	0.01394	0.08413	0.00864	0.09369	0.02086	0.09515	0.34217	0.04587	0.15671	0.01338	0.00800	0.00226	0.00535	0.04350	0.00714	0.00791
4	0.01822	0.19190	0.21327	0.02083	0.06873	0.11536	0.14709	0.05576	0.01710	0.02192	0.04241	0.01667	0.01225	0.00705	0.00695	0.00206	0.02317	0.00593	0.00367	0.00963
5	0.01705	0.06315	0.01485	0.01192	0.01529	0.05232	0.00963	0.07064	0.11923	0.12318	0.16570	0.04115	0.13404	0.01466	0.04477	0.00279	0.00644	0.07776	0.00674	0.00868
6	0.01074	0.00744	0.00954	0.00956	0.01132	0.00684	0.00732	0.01351	0.01808	0.05351	0.38644	0.15861	0.15774	0.01669	0.00865	0.00250	0.00407	0.10343	0.00733	0.00668
7	0.01660	0.02239	0.20728	0.09873	0.34172	0.04085	0.07646	0.02307	0.06131	0.02280	0.01421	0.01764	0.01111	0.00676	0.00709	0.00221	0.00935	0.00628	0.00362	0.01052
8	0.01891	0.30419	0.22444	0.01785	0.04384	0.04220	0.09540	0.02436	0.05147	0.09310	0.01430	0.01573	0.01092	0.00679	0.00619	0.00198	0.00887	0.00544	0.00396	0.01004
9	0.06417	0.18176	0.03104	0.04326	0.09585	0.05507	0.23440	0.05327	0.05945	0.09193	0.01522	0.01742	0.01161	0.00681	0.00679	0.00211	0.00909	0.00642	0.00441	0.00991
10	0.01181	0.00737	0.00998	0.01079	0.01208	0.00701	0.00804	0.01378	0.01506	0.08862	0.07767	0.43117	0.04190	0.04710	0.04613	0.00344	0.00563	0.14913	0.00667	0.00661
11	0.01767	0.14698	0.25703	0.02074	0.06212	0.04940	0.15086	0.02561	0.12293	0.05531	0.01587	0.01757	0.01194	0.00706	0.00682	0.00216	0.00934	0.00621	0.00413	0.01024
12	0.01971	0.08166	0.12940	0.06118	0.14297	0.18109	0.19619	0.02424	0.01712	0.05983	0.01354	0.01652	0.01044	0.00670	0.00704	0.00212	0.01058	0.00618	0.00375	0.00973
13	0.01649	0.01673	0.09014	0.01604	0.05375	0.05825	0.05008	0.04585	0.26415	0.05625	0.20244	0.03131	0.04707	0.01027	0.00752	0.00228	0.00654	0.00883	0.00638	0.00964
14	0.01313	0.08343	0.01339	0.01039	0.01303	0.01038	0.00834	0.04683	0.05607	0.06016	0.33551	0.09260	0.13302	0.01435	0.00803	0.00234	0.00467	0.07980	0.00697	0.00757
15	0.10363	0.16862	0.02409	0.03729	0.02146	0.06572	0.11123	0.11115	0.03819	0.14713	0.02172	0.02213	0.08102	0.00836	0.00659	0.00209	0.00776	0.00682	0.00536	0.00963
16	0.12065	0.04572	0.16819	0.03807	0.04081	0.18013	0.01543	0.17716	0.02071	0.06674	0.05010	0.01718	0.01324	0.00780	0.00653	0.00210	0.00900	0.00572	0.00490	0.00980
17	0.05125	0.01338	0.05515	0.01461	0.05322	0.01224	0.08045	0.09538	0.09701	0.02595	0.12173	0.06518	0.26038	0.01260	0.00779	0.00234	0.00595	0.01088	0.00611	0.00841

[dist]
# distance from previous block
# <min> <max>
9	31

[block]
# block no. 7 follows, 29 sequences, length 6
# corresponding to MSA columns:
# 286-291
name=unknown_H
#
# <colnr> <probs for GDERKNQSTAVLIFYWHMCP>
#	G	D	E	R	K	N	Q	S	T	A	V	L	I	F	Y	W	H	M	C	P
0	0.05383	0.11483	0.07925	0.01559	0.02011	0.04980	0.10850	0.08191	0.10810	0.02429	0.07786	0.07478	0.05590	0.04665	0.03190	0.00276	0.03161	0.00843	0.00508	0.00881
1	0.05590	0.12226	0.06398	0.01411	0.01857	0.15310	0.01191	0.12343	0.09591	0.07149	0.01795	0.05752	0.01542	0.07487	0.04051	0.00286	0.00859	0.00677	0.00510	0.03975
2	0.01820	0.05113	0.15035	0.01441	0.01936	0.05154	0.01339	0.13868	0.12842	0.08725	0.05575	0.07449	0.05987	0.05842	0.00922	0.00261	0.00728	0.04419	0.00590	0.00953
3	0.01277	0.03695	0.01384	0.01215	0.01421	0.06466	0.03507	0.04654	0.03460	0.01987	0.05936	0.18040	0.16402	0.05793	0.15559	0.00452	0.06371	0.01156	0.00529	0.00698
4	0.01027	0.00811	0.01152	0.13591	0.04518	0.00831	0.00947	0.01249	0.01455	0.01923	0.09568	0.36716	0.09901	0.08100	0.01094	0.00304	0.00549	0.05046	0.00580	0.00640
5	0.01658	0.01260	0.01495	0.01077	0.01701	0.00960	0.00865	0.01970	0.01536	0.09589	0.01429	0.01577	0.01130	0.00565	0.00547	0.00118	0.00536	0.00453	0.00470	0.71064

[dist]
# distance from previous block
# <min> <max>
0	2

[block]
# block no. 8 follows, 29 sequences, length 22
# corresponding to MSA columns:
# 294-315
name=unknown_I
#
# <colnr> <probs for GDERKNQSTAVLIFYWHMCP>
#	G	D	E	R	K	N	Q	S	T	A	V	L	I	F	Y	W	H	M	C	P
0	0.01676	0.01671	0.08819	0.07818	0.22258	0.02931	0.01526	0.03518	0.01609	0.06252	0.01593	0.01841	0.03532	0.00665	0.00637	0.00174	0.00727	0.00572	0.00421	0.31762
1	0.09210	0.00950	0.00991	0.00900	0.01134	0.00985	0.00685	0.06909	0.01564	0.02405	0.03363	0.03752	0.20889	0.11111	0.01153	0.00274	0.05393	0.00907	0.23461	0.03964
2	0.02394	0.17191	0.02430	0.01924	0.07726	0.50014	0.01419	0.02605	0.01837	0.01776	0.01092	0.01307	0.00935	0.00722	0.00680	0.00185	0.04082	0.00465	0.00351	0.00866
3	0.01537	0.01405	0.02170	0.44006	0.16512	0.01598	0.01810	0.05034	0.08381	0.02191	0.01464	0.01906	0.01126	0.00714	0.00697	0.00221	0.00849	0.00634	0.00391	0.07355
4	0.01880	0.25449	0.20792	0.01991	0.11333	0.08634	0.04061	0.06772	0.04150	0.04275	0.01498	0.01664	0.03134	0.00715	0.00624	0.00197	0.00891	0.00553	0.00389	0.00999
5	0.10930	0.01228	0.01591	0.01234	0.01773	0.01102	0.01019	0.03332	0.01955	0.64195	0.02626	0.02296	0.01663	0.00859	0.00688	0.00220	0.00600	0.00683	0.00837	0.01167
6	0.01974	0.09990	0.06892	0.02444	0.23169	0.01898	0.04579	0.15452	0.17381	0.04903	0.01793	0.01915	0.01375	0.00763	0.00684	0.00214	0.00772	0.00652	0.02048	0.01101
7	0.02039	0.05082	0.06258	0.05881	0.21915	0.10088	0.03737	0.20425	0.05635	0.02818	0.04060	0.03324	0.01422	0.00812	0.00758	0.00216	0.03335	0.00667	0.00487	0.01041
8	0.01149	0.00864	0.02786	0.03877	0.01327	0.00749	0.00786	0.01453	0.01830	0.06696	0.42608	0.12805	0.13932	0.01463	0.00817	0.00229	0.00416	0.01281	0.00712	0.04220
9	0.01902	0.08467	0.23035	0.15030	0.09519	0.03505	0.01874	0.16222	0.01935	0.07206	0.01480	0.01707	0.01086	0.00731	0.00671	0.00214	0.00885	0.00584	0.02921	0.01027
10	0.06083	0.39791	0.24141	0.01636	0.04578	0.02204	0.04931	0.02126	0.01465	0.01997	0.01244	0.04597	0.01088	0.00706	0.00571	0.00191	0.00848	0.00530	0.00331	0.00943
11	0.00956	0.00717	0.00886	0.00862	0.01037	0.00647	0.00640	0.01238	0.01868	0.02547	0.49651	0.11367	0.21762	0.01603	0.00846	0.00233	0.00348	0.01400	0.00744	0.00647
12	0.01020	0.00753	0.01092	0.01092	0.01201	0.00862	0.00825	0.01238	0.01129	0.01614	0.01955	0.03063	0.01895	0.15256	0.62395	0.01080	0.01734	0.00802	0.00389	0.00607
13	0.02080	0.25366	0.05705	0.01733	0.07623	0.16470	0.04120	0.12238	0.01912	0.04507	0.01703	0.01827	0.06007	0.00767	0.00620	0.00186	0.00864	0.00576	0.00436	0.05260
14	0.01183	0.00812	0.00988	0.00996	0.01189	0.00770	0.00736	0.01572	0.08451	0.07856	0.17337	0.30242	0.18981	0.01737	0.00849	0.00257	0.00428	0.04198	0.00709	0.00712
15	0.04254	0.12229	0.18305	0.01851	0.07790	0.12563	0.01630	0.11617	0.04779	0.02372	0.01394	0.01703	0.01139	0.02956	0.06876	0.00302	0.06310	0.00569	0.00408	0.00953
16	0.01994	0.34830	0.08697	0.01850	0.09275	0.06888	0.06912	0.06126	0.08498	0.06487	0.01441	0.01574	0.01146	0.00692	0.00602	0.00190	0.00837	0.00540	0.00419	0.01002
17	0.00881	0.00696	0.00797	0.00848	0.01017	0.00612	0.00618	0.01068	0.01588	0.02002	0.12865	0.27128	0.40695	0.01902	0.00868	0.00257	0.00387	0.04494	0.00674	0.00604
18	0.00925	0.00694	0.00858	0.00881	0.01030	0.00627	0.00636	0.01160	0.01726	0.02319	0.35072	0.26180	0.21745	0.01771	0.00861	0.00247	0.00365	0.01559	0.00717	0.00627
19	0.16017	0.01383	0.01477	0.01141	0.01682	0.01302	0.00918	0.12569	0.06022	0.02905	0.06027	0.01788	0.01479	0.00694	0.00575	0.00160	0.00562	0.00533	0.00515	0.42251
20	0.09548	0.01856	0.14685	0.04712	0.15781	0.03839	0.06514	0.04311	0.06544	0.06639	0.01940	0.14030	0.01754	0.00961	0.00712	0.00229	0.00777	0.00843	0.00478	0.03849
21	0.01889	0.10040	0.29056	0.01837	0.07427	0.09100	0.01784	0.12241	0.01860	0.05401	0.01469	0.01648	0.01103	0.00718	0.00636	0.00200	0.00881	0.00548	0.08321	0.03842

[dist]
# distance from previous block
# <min> <max>
0	1

[block]
# block no. 9 follows, 29 sequences, length 14
# corresponding to MSA columns:
# 317-330
name=unknown_J
#
# <colnr> <probs for GDERKNQSTAVLIFYWHMCP>
#	G	D	E	R	K	N	Q	S	T	A	V	L	I	F	Y	W	H	M	C	P
0	0.00996	0.00763	0.01153	0.01146	0.01266	0.00734	0.06353	0.01157	0.01369	0.01838	0.06616	0.44149	0.06687	0.08189	0.08115	0.04573	0.00657	0.03064	0.00577	0.00598
1	0.01801	0.14458	0.30461	0.02107	0.09965	0.10247	0.05453	0.04434	0.01643	0.04610	0.01379	0.01773	0.01110	0.00755	0.00741	0.00216	0.04343	0.03149	0.00367	0.00989
2	0.04925	0.01600	0.04332	0.10094	0.18065	0.01674	0.04390	0.13851	0.18436	0.02813	0.01914	0.02244	0.01510	0.01031	0.04015	0.00269	0.00806	0.02658	0.04352	0.01021
3	0.00899	0.00645	0.00831	0.00944	0.01008	0.00602	0.00634	0.01040	0.01426	0.01908	0.12004	0.55688	0.08392	0.09036	0.01155	0.00317	0.00427	0.01812	0.00654	0.00577
4	0.04437	0.10870	0.09469	0.01783	0.07035	0.04303	0.07409	0.05556	0.03469	0.02098	0.01592	0.05767	0.01436	0.02123	0.20756	0.00484	0.09456	0.00708	0.00396	0.00852
5	0.01944	0.12823	0.36691	0.01879	0.05380	0.04527	0.01991	0.18475	0.01996	0.05746	0.01408	0.01548	0.01027	0.00721	0.00657	0.00210	0.00927	0.00545	0.00432	0.01074
6	0.04782	0.02677	0.40346	0.01977	0.05618	0.01545	0.08770	0.04186	0.01634	0.07620	0.06471	0.01900	0.01436	0.00754	0.00744	0.00222	0.03122	0.00629	0.00413	0.05155
7	0.02175	0.01080	0.01365	0.01154	0.01535	0.01010	0.00921	0.08032	0.04770	0.33968	0.13813	0.10184	0.08591	0.01220	0.00767	0.00232	0.00529	0.03745	0.03942	0.00968
8	0.01724	0.05847	0.20175	0.09042	0.18159	0.10611	0.04370	0.02231	0.03616	0.05141	0.01755	0.02301	0.03755	0.04011	0.00830	0.00241	0.00922	0.03917	0.00400	0.00952
9	0.06038	0.04812	0.13485	0.11251	0.07861	0.09603	0.06603	0.05571	0.09655	0.02328	0.05336	0.02091	0.01529	0.03973	0.03868	0.00281	0.03701	0.00667	0.00433	0.00913
10	0.01109	0.00912	0.01108	0.01232	0.07617	0.00869	0.00816	0.04167	0.06999	0.02287	0.16036	0.16933	0.34033	0.01603	0.00825	0.00242	0.00444	0.01383	0.00660	0.00725
11	0.04802	0.14162	0.04465	0.01153	0.01429	0.01221	0.00974	0.03988	0.01495	0.04757	0.02850	0.25078	0.05435	0.06197	0.07570	0.00361	0.00723	0.12070	0.00543	0.00726
12	0.03409	0.10669	0.09586	0.01993	0.08764	0.14391	0.09978	0.05738	0.07409	0.02175	0.01492	0.01834	0.01229	0.01548	0.13401	0.00377	0.04071	0.00620	0.00401	0.00915
13	0.10917	0.03585	0.13094	0.01496	0.01990	0.06334	0.04104	0.13128	0.15554	0.02833	0.05651	0.08644	0.02015	0.00999	0.00699	0.00230	0.00728	0.03531	0.03523	0.00945

[dist]
# distance from previous block
# <min> <max>
2	9

[block]
# block no. 10 follows, 29 sequences, length 8
# corresponding to MSA columns:
# 382-389
name=unknown_K
#
# <colnr> <probs for GDERKNQSTAVLIFYWHMCP>
#	G	D	E	R	K	N	Q	S	T	A	V	L	I	F	Y	W	H	M	C	P
0	0.01453	0.01329	0.05434	0.03695	0.14618	0.03003	0.03438	0.04057	0.10422	0.05111	0.07797	0.20251	0.06131	0.08718	0.01071	0.00287	0.00652	0.01125	0.00562	0.00844
1	0.05240	0.01675	0.01693	0.01360	0.01847	0.06421	0.01094	0.31157	0.09809	0.07095	0.02353	0.02334	0.08245	0.00901	0.00675	0.00201	0.00674	0.00698	0.04644	0.11885
2	0.01883	0.07563	0.21548	0.01816	0.08924	0.05038	0.01622	0.08277	0.01746	0.11637	0.01684	0.07131	0.01382	0.00831	0.00730	0.00204	0.03664	0.00659	0.00472	0.13189
3	0.01046	0.00721	0.00932	0.00948	0.01016	0.00752	0.00660	0.01141	0.01153	0.01556	0.02490	0.04381	0.06026	0.37542	0.23437	0.06682	0.01024	0.07535	0.00443	0.00515
4	0.01091	0.00718	0.00873	0.00881	0.00991	0.00676	0.00594	0.01227	0.01423	0.06002	0.14209	0.21581	0.13921	0.27954	0.04323	0.00440	0.00555	0.01354	0.00602	0.00585
5	0.01631	0.01522	0.06709	0.10031	0.19840	0.01475	0.01520	0.13033	0.08450	0.02608	0.04912	0.09959	0.02052	0.03103	0.03903	0.00284	0.00782	0.04093	0.03148	0.00945
6	0.01931	0.05969	0.09529	0.12721	0.12788	0.09893	0.03687	0.09859	0.07676	0.08559	0.01791	0.02018	0.03154	0.01115	0.05967	0.00285	0.00953	0.00651	0.00472	0.00983
7	0.01671	0.01430	0.03555	0.05304	0.09737	0.05574	0.01217	0.08322	0.17135	0.05520	0.02988	0.05794	0.10577	0.01132	0.00742	0.00235	0.00652	0.08767	0.08736	0.00912

[dist]
# distance from previous block
# <min> <max>
3	12

[block]
# block no. 11 follows, 29 sequences, length 26
# corresponding to MSA columns:
# 402-427
name=unknown_L
#
# <colnr> <probs for GDERKNQSTAVLIFYWHMCP>
#	G	D	E	R	K	N	Q	S	T	A	V	L	I	F	Y	W	H	M	C	P
0	0.05804	0.08801	0.06478	0.01993	0.12074	0.10256	0.09659	0.06093	0.03551	0.06414	0.03327	0.04253	0.01374	0.00737	0.00653	0.00191	0.00817	0.00629	0.00450	0.16446
1	0.01648	0.17812	0.12128	0.07082	0.10258	0.01672	0.08608	0.02116	0.04020	0.05843	0.01706	0.07693	0.01504	0.00829	0.00663	0.00204	0.00787	0.02973	0.02511	0.09942
2	0.03912	0.14357	0.02247	0.01840	0.11198	0.19343	0.01317	0.15146	0.04359	0.05646	0.05772	0.01977	0.03818	0.00911	0.02238	0.00215	0.00867	0.00618	0.00496	0.03722
3	0.01175	0.01158	0.04792	0.01496	0.08897	0.03344	0.06303	0.01448	0.01583	0.02093	0.14221	0.17132	0.19785	0.09038	0.01100	0.00282	0.00592	0.01244	0.00562	0.03755
4	0.01742	0.01773	0.07865	0.02283	0.21263	0.10815	0.03809	0.08096	0.01764	0.05994	0.02272	0.17391	0.05062	0.02958	0.03435	0.00274	0.00838	0.00960	0.00494	0.00913
5	0.01786	0.01782	0.04302	0.04685	0.31860	0.06922	0.06277	0.07416	0.05347	0.02329	0.01537	0.02179	0.01342	0.04547	0.01103	0.00258	0.11311	0.03619	0.00412	0.00984
6	0.01156	0.00790	0.00931	0.00920	0.01121	0.00740	0.00679	0.01525	0.07060	0.06774	0.20983	0.22229	0.22910	0.01618	0.00813	0.00241	0.00397	0.01404	0.07010	0.00700
7	0.02087	0.01582	0.06799	0.06045	0.19059	0.04331	0.04790	0.06190	0.01897	0.22356	0.12376	0.02507	0.02164	0.00861	0.00724	0.00217	0.00732	0.00755	0.03503	0.01025
8	0.01146	0.00827	0.00970	0.00978	0.01172	0.00780	0.00721	0.07771	0.01726	0.04764	0.09009	0.34300	0.27109	0.01837	0.00857	0.00260	0.00443	0.03969	0.00682	0.00681
9	0.04240	0.00743	0.00899	0.00937	0.01085	0.00693	0.00656	0.01365	0.01444	0.09829	0.03907	0.41050	0.13875	0.10270	0.01149	0.00311	0.00460	0.01543	0.04896	0.00650
10	0.00918	0.00806	0.04250	0.00980	0.01127	0.00652	0.00739	0.01126	0.01539	0.02058	0.17242	0.46584	0.15469	0.01936	0.00873	0.00266	0.00421	0.01724	0.00668	0.00623
11	0.01019	0.00756	0.01109	0.01109	0.01223	0.00871	0.00845	0.01249	0.01134	0.01627	0.01940	0.02978	0.01859	0.12111	0.65490	0.01100	0.01789	0.00789	0.00386	0.00616
12	0.04879	0.00921	0.01125	0.01075	0.01368	0.00863	0.00876	0.01894	0.04781	0.17726	0.08904	0.08036	0.23435	0.01547	0.00833	0.00260	0.00517	0.19458	0.00711	0.00789
13	0.04880	0.30762	0.23776	0.01627	0.02298	0.15733	0.03757	0.02269	0.01558	0.01942	0.01158	0.01385	0.00953	0.00885	0.04047	0.00234	0.01013	0.00473	0.00326	0.00921
14	0.01961	0.01083	0.01301	0.01114	0.01449	0.01085	0.00890	0.14952	0.02008	0.19968	0.08868	0.05680	0.04712	0.01508	0.08223	0.00310	0.00671	0.03141	0.20176	0.00900
15	0.00923	0.00686	0.00865	0.00957	0.01060	0.00642	0.00665	0.01162	0.04026	0.02061	0.16255	0.50796	0.13279	0.01990	0.00881	0.00269	0.00398	0.01780	0.00686	0.00618
16	0.05221	0.01127	0.01344	0.01177	0.01469	0.03560	0.05623	0.10575	0.03463	0.04722	0.17596	0.15660	0.20187	0.03937	0.00896	0.00253	0.00548	0.01229	0.00651	0.00763
17	0.02120	0.02052	0.04114	0.06325	0.21489	0.18942	0.04607	0.05808	0.08459	0.10340	0.01822	0.01994	0.03788	0.00806	0.00778	0.00217	0.04200	0.00656	0.00479	0.01004
18	0.01030	0.00644	0.00861	0.00943	0.00979	0.00629	0.00632	0.01037	0.01202	0.01635	0.02786	0.36052	0.03184	0.13350	0.04208	0.22083	0.00566	0.03625	0.04062	0.00491
19	0.00911	0.00680	0.00857	0.00943	0.01044	0.00651	0.00664	0.01064	0.01369	0.01787	0.04220	0.38489	0.19409	0.09577	0.12096	0.00449	0.00666	0.03948	0.00596	0.00581
20	0.11061	0.01996	0.02029	0.05548	0.14919	0.17784	0.01428	0.17558	0.02086	0.09473	0.04578	0.01796	0.01356	0.00807	0.00752	0.00214	0.04502	0.00605	0.00516	0.00991
21	0.01410	0.01098	0.01308	0.01328	0.03910	0.01148	0.00998	0.07420	0.19303	0.02485	0.03222	0.18697	0.06053	0.04030	0.00908	0.00273	0.00566	0.16571	0.04191	0.05081
22	0.01600	0.01323	0.01716	0.12589	0.08257	0.01277	0.01215	0.13319	0.01801	0.02546	0.01823	0.11766	0.01704	0.00918	0.00676	0.00189	0.00656	0.03696	0.00493	0.32437
23	0.01693	0.01026	0.01335	0.01334	0.05600	0.00961	0.01001	0.05088	0.04107	0.18583	0.07983	0.10830	0.14852	0.01433	0.00819	0.00251	0.00559	0.17070	0.00694	0.04781
24	0.01640	0.01456	0.02401	0.19080	0.42379	0.01510	0.01868	0.02033	0.01533	0.05052	0.01457	0.02004	0.01218	0.04536	0.04715	0.00286	0.00893	0.00653	0.00376	0.04910
25	0.01950	0.27434	0.08896	0.01657	0.02219	0.04640	0.09795	0.17722	0.01952	0.02544	0.01525	0.02068	0.01306	0.00830	0.00729	0.00209	0.04397	0.06087	0.03076	0.00962

[dist]
# distance from previous block
# <min> <max>
3	7

[block]
# block no. 12 follows, 29 sequences, length 23
# corresponding to MSA columns:
# 438-460
name=unknown_M
#
# <colnr> <probs for GDERKNQSTAVLIFYWHMCP>
#	G	D	E	R	K	N	Q	S	T	A	V	L	I	F	Y	W	H	M	C	P
0	0.01639	0.01378	0.05653	0.01171	0.01462	0.08104	0.00935	0.09875	0.01774	0.09900	0.12437	0.06263	0.08570	0.20213	0.07137	0.00413	0.00780	0.00955	0.00577	0.00764
1	0.01540	0.06952	0.27754	0.01840	0.07122	0.01594	0.04926	0.08719	0.04571	0.02562	0.16029	0.02552	0.04294	0.00929	0.00822	0.00226	0.05376	0.00758	0.00480	0.00953
2	0.01279	0.00823	0.01007	0.00967	0.01200	0.00743	0.00717	0.01583	0.05004	0.11508	0.17934	0.26585	0.20870	0.01638	0.00824	0.00243	0.00423	0.01429	0.00708	0.04514
3	0.01758	0.01079	0.01123	0.00968	0.01260	0.01146	0.00765	0.22409	0.02072	0.03227	0.02132	0.02360	0.01633	0.00837	0.00565	0.00181	0.00473	0.00657	0.54523	0.00834
4	0.09041	0.04261	0.07270	0.03670	0.06836	0.05840	0.05045	0.03821	0.01568	0.02362	0.05635	0.01839	0.01426	0.01049	0.06491	0.00248	0.00811	0.00562	0.00423	0.31803
5	0.01213	0.00955	0.02855	0.01171	0.03676	0.00961	0.00845	0.01442	0.03452	0.05690	0.05331	0.10642	0.14971	0.22045	0.13772	0.00524	0.08198	0.01083	0.00515	0.00660
6	0.02452	0.01860	0.01996	0.01565	0.02108	0.02045	0.01278	0.51811	0.15597	0.04065	0.01904	0.01872	0.01382	0.00855	0.00703	0.00212	0.00726	0.00658	0.00696	0.06214
7	0.01830	0.02409	0.25945	0.03681	0.06721	0.08608	0.08947	0.02388	0.03742	0.10869	0.03774	0.01830	0.01296	0.00753	0.00796	0.00214	0.05590	0.00615	0.00433	0.09557
8	0.01633	0.11144	0.15695	0.02188	0.19110	0.01642	0.03689	0.04333	0.12040	0.04649	0.06616	0.02627	0.09835	0.00895	0.00701	0.00217	0.00743	0.00762	0.00486	0.00995
9	0.01081	0.00719	0.00912	0.00929	0.01088	0.00650	0.00671	0.01302	0.01691	0.07204	0.28064	0.32555	0.16896	0.01781	0.00858	0.00252	0.00390	0.01574	0.00721	0.00662
10	0.02343	0.07473	0.14933	0.06353	0.02490	0.34304	0.01612	0.13186	0.02064	0.06798	0.01347	0.01498	0.01019	0.00743	0.00657	0.00200	0.01062	0.00524	0.00437	0.00958
11	0.02173	0.08677	0.18800	0.01887	0.04661	0.26170	0.05245	0.12484	0.03897	0.04981	0.03525	0.01647	0.01222	0.00752	0.00670	0.00204	0.01017	0.00568	0.00440	0.00980
12	0.01550	0.17858	0.02271	0.01651	0.06328	0.03995	0.01303	0.01769	0.01329	0.01828	0.03650	0.02090	0.06141	0.01492	0.09053	0.00335	0.30593	0.00650	0.00368	0.05744
13	0.00889	0.00723	0.00787	0.00771	0.00991	0.00621	0.00579	0.01114	0.01736	0.02191	0.25263	0.06413	0.52028	0.01704	0.00841	0.00236	0.00354	0.01441	0.00696	0.00621
14	0.01005	0.00804	0.01118	0.16412	0.01867	0.00828	0.00942	0.01242	0.01491	0.01939	0.10412	0.31844	0.16223	0.05241	0.00983	0.00284	0.00539	0.05603	0.00588	0.00635
15	0.01895	0.21761	0.13268	0.02192	0.14133	0.10304	0.05991	0.07177	0.04029	0.02183	0.01250	0.01516	0.01029	0.00744	0.00832	0.00210	0.09591	0.00549	0.00369	0.00978
16	0.01822	0.01837	0.04673	0.15172	0.09284	0.11392	0.04718	0.10468	0.17062	0.02476	0.01879	0.07889	0.01584	0.00935	0.00830	0.00234	0.05523	0.00769	0.00497	0.00955
17	0.01030	0.00711	0.00882	0.00882	0.00918	0.00748	0.00563	0.01103	0.01067	0.01459	0.02147	0.04126	0.02357	0.55025	0.23257	0.00820	0.01039	0.00957	0.00417	0.00490
18	0.02107	0.01426	0.01600	0.01348	0.01746	0.01521	0.01058	0.27056	0.16741	0.13423	0.02737	0.13839	0.04973	0.05900	0.00939	0.00264	0.00628	0.00965	0.00712	0.01019
19	0.03694	0.14732	0.01734	0.01153	0.01468	0.01301	0.05050	0.05898	0.05101	0.02431	0.25223	0.13043	0.11133	0.03921	0.00852	0.00239	0.00541	0.01111	0.00609	0.00766
20	0.01683	0.01521	0.02125	0.04180	0.07846	0.03700	0.13456	0.12848	0.06898	0.02636	0.04789	0.06429	0.08264	0.00901	0.00718	0.00201	0.00732	0.00815	0.00519	0.19737
21	0.02277	0.02032	0.01891	0.01655	0.04308	0.16963	0.01275	0.31974	0.13202	0.03312	0.08447	0.02429	0.01970	0.00952	0.00725	0.00218	0.00809	0.03899	0.00632	0.01033
22	0.04967	0.01885	0.04363	0.08205	0.04119	0.17242	0.01269	0.14078	0.04287	0.14258	0.10378	0.02448	0.05291	0.00913	0.00703	0.00211	0.00794	0.00719	0.00589	0.03280

[dist]
# distance from previous block
# <min> <max>
0	6

[block]
# block no. 13 follows, 29 sequences, length 24
# corresponding to MSA columns:
# 467-490
name=unknown_N
#
# <colnr> <probs for GDERKNQSTAVLIFYWHMCP>
#	G	D	E	R	K	N	Q	S	T	A	V	L	I	F	Y	W	H	M	C	P
0	0.08920	0.01251	0.01932	0.44488	0.13880	0.01460	0.01651	0.01778	0.01373	0.01960	0.01404	0.02240	0.01216	0.12340	0.01141	0.00303	0.00855	0.00672	0.00352	0.00784
1	0.01775	0.01457	0.01838	0.01543	0.01936	0.04881	0.10738	0.13533	0.18514	0.06389	0.02893	0.12536	0.07542	0.01172	0.00773	0.00240	0.00688	0.05445	0.05174	0.00934
2	0.01284	0.01136	0.01852	0.55316	0.03975	0.01379	0.01684	0.01717	0.01463	0.01943	0.06889	0.02568	0.01658	0.01181	0.06029	0.00305	0.00929	0.03875	0.04060	0.00758
3	0.01756	0.01457	0.01619	0.01260	0.01817	0.01384	0.01006	0.12863	0.21233	0.02852	0.01805	0.01852	0.01401	0.00705	0.00613	0.00162	0.00578	0.00567	0.00555	0.44515
4	0.02018	0.01758	0.01818	0.05628	0.10550	0.17647	0.01286	0.05846	0.05314	0.12681	0.06814	0.10958	0.02046	0.01021	0.00838	0.00220	0.06194	0.00818	0.00543	0.06001
5	0.01918	0.01457	0.03932	0.01425	0.01820	0.01468	0.05394	0.23118	0.07028	0.09348	0.02016	0.04771	0.01734	0.15734	0.08723	0.00406	0.03009	0.00789	0.00575	0.05335
6	0.01491	0.01199	0.01616	0.01465	0.01779	0.01258	0.07467	0.11568	0.14182	0.02621	0.06547	0.09216	0.06438	0.01665	0.04868	0.00321	0.00734	0.24082	0.00640	0.00843
