[name]
unknown

[dist]
# distance from previous block
# <min> <max>
0	20

[block]
# block no. 0 follows, 36 sequences, length 32
# corresponding to MSA columns:
# 20-51
name=unknown_A
#
# <colnr> <probs for GDERKNQSTAVLIFYWHMCP>
#	G	D	E	R	K	N	Q	S	T	A	V	L	I	F	Y	W	H	M	C	P
0	0.01780	0.01470	0.01535	0.01304	0.01700	0.09094	0.03338	0.09827	0.36884	0.09946	0.02109	0.02242	0.01629	0.00807	0.00623	0.00193	0.00602	0.04735	0.00572	0.09610
1	0.01487	0.45331	0.32284	0.01373	0.02046	0.02033	0.01578	0.01897	0.01276	0.01673	0.00967	0.01140	0.00796	0.00576	0.00533	0.00164	0.03345	0.00392	0.00265	0.00845
2	0.00897	0.00612	0.00711	0.00711	0.00732	0.00619	0.00424	0.00927	0.00940	0.01255	0.02132	0.03995	0.05483	0.66922	0.10626	0.00627	0.00702	0.00900	0.00382	0.00403
3	0.77767	0.01196	0.00947	0.00837	0.01228	0.01369	0.00689	0.01903	0.01103	0.07066	0.00962	0.01078	0.00726	0.00590	0.00400	0.00193	0.00485	0.00355	0.00408	0.00698
4	0.03556	0.01129	0.01318	0.00964	0.01498	0.00904	0.00775	0.03764	0.03292	0.09895	0.01295	0.01407	0.01013	0.00516	0.00486	0.00111	0.00476	0.00410	0.00427	0.66763
5	0.01646	0.74891	0.06678	0.01100	0.01651	0.02417	0.01125	0.01871	0.01268	0.01490	0.00878	0.01015	0.00799	0.00536	0.00409	0.00136	0.00678	0.00339	0.00266	0.00805
6	0.02357	0.01661	0.01805	0.01395	0.01884	0.01820	0.01149	0.61973	0.06998	0.10067	0.01642	0.01600	0.01152	0.00756	0.00624	0.00189	0.00661	0.00575	0.00637	0.01055
7	0.82504	0.01205	0.00916	0.00819	0.01205	0.01398	0.00675	0.01832	0.01060	0.02795	0.00868	0.01012	0.00675	0.00578	0.00386	0.00193	0.00482	0.00337	0.00386	0.00675
8	0.82504	0.01205	0.00916	0.00819	0.01205	0.01398	0.00675	0.01832	0.01060	0.02795	0.00868	0.01012	0.00675	0.00578	0.00386	0.00193	0.00482	0.00337	0.00386	0.00675
9	0.01177	0.01107	0.01869	0.76606	0.04291	0.01384	0.01730	0.01592	0.01246	0.01592	0.01107	0.01661	0.00831	0.00623	0.00623	0.00208	0.00831	0.00554	0.00277	0.00692
10	0.00873	0.00633	0.00820	0.00842	0.00966	0.00593	0.00636	0.01108	0.01537	0.02103	0.40847	0.16932	0.10276	0.06050	0.00911	0.00246	0.00373	0.13075	0.00623	0.00555
11	0.01542	0.01480	0.02529	0.03824	0.74217	0.01480	0.01912	0.01912	0.01419	0.02036	0.01172	0.01542	0.00987	0.00555	0.00617	0.00185	0.00740	0.00555	0.00308	0.00987
12	0.82504	0.01205	0.00916	0.00819	0.01205	0.01398	0.00675	0.01832	0.01060	0.02795	0.00868	0.01012	0.00675	0.00578	0.00386	0.00193	0.00482	0.00337	0.00386	0.00675
13	0.00876	0.00632	0.00808	0.00812	0.00937	0.00595	0.00590	0.01164	0.03937	0.02228	0.48194	0.24475	0.06871	0.01434	0.00738	0.00211	0.00319	0.01276	0.03324	0.00577
14	0.01360	0.01086	0.01170	0.01069	0.01349	0.01214	0.00825	0.02610	0.48209	0.02542	0.16462	0.02782	0.02636	0.00911	0.00624	0.00198	0.00423	0.00769	0.12915	0.00847
15	0.00812	0.00832	0.06436	0.00739	0.00994	0.00608	0.00630	0.01037	0.01455	0.01841	0.14976	0.05313	0.56298	0.01428	0.00714	0.00205	0.00359	0.01196	0.03560	0.00567
16	0.00861	0.00636	0.00804	0.00762	0.00918	0.00579	0.00572	0.01136	0.01715	0.02382	0.64234	0.04846	0.15606	0.01317	0.00735	0.00198	0.00297	0.01154	0.00671	0.00579
17	0.01542	0.01480	0.02529	0.03824	0.74217	0.01480	0.01912	0.01912	0.01419	0.02036	0.01172	0.01542	0.00987	0.00555	0.00617	0.00185	0.00740	0.00555	0.00308	0.00987
18	0.01344	0.01106	0.01297	0.00929	0.01480	0.00833	0.00744	0.01619	0.01309	0.04526	0.01154	0.01320	0.00944	0.00472	0.00467	0.00096	0.00464	0.00378	0.00383	0.79133
19	0.00749	0.00622	0.00655	0.00667	0.00854	0.00528	0.00492	0.00911	0.01421	0.01731	0.10789	0.13390	0.61856	0.01596	0.00742	0.00214	0.00319	0.01349	0.00586	0.00528
20	0.00872	0.00636	0.00819	0.00773	0.00925	0.00584	0.00580	0.01156	0.01739	0.02441	0.69117	0.04749	0.10685	0.01295	0.00735	0.00197	0.00295	0.01140	0.00678	0.00584
21	0.00890	0.00668	0.01001	0.01001	0.01113	0.00779	0.00779	0.01113	0.01001	0.01446	0.01669	0.02448	0.01558	0.04673	0.75634	0.01001	0.01669	0.00668	0.00334	0.00556
22	0.82504	0.01205	0.00916	0.00819	0.01205	0.01398	0.00675	0.01832	0.01060	0.02795	0.00868	0.01012	0.00675	0.00578	0.00386	0.00193	0.00482	0.00337	0.00386	0.00675
23	0.02327	0.02970	0.01766	0.01605	0.01926	0.75602	0.01204	0.02488	0.01766	0.01525	0.00963	0.01124	0.00803	0.00642	0.00562	0.00161	0.01124	0.00401	0.00321	0.00722
24	0.00838	0.00674	0.00809	0.00849	0.04377	0.00598	0.00591	0.01064	0.01569	0.02053	0.35286	0.05204	0.41046	0.01398	0.00730	0.00203	0.00326	0.01197	0.00612	0.00575
25	0.02738	0.01153	0.01503	0.01152	0.01637	0.01053	0.00952	0.12358	0.01938	0.65109	0.02328	0.02036	0.01477	0.00768	0.00626	0.00192	0.00551	0.00618	0.00751	0.01060
26	0.01216	0.01156	0.01980	0.68239	0.10062	0.01398	0.03954	0.01631	0.01267	0.01641	0.01118	0.01652	0.00847	0.00614	0.00626	0.00206	0.00830	0.00560	0.00281	0.00721
27	0.01433	0.01000	0.01294	0.01146	0.01379	0.01129	0.00917	0.19258	0.01548	0.07775	0.01651	0.02136	0.01399	0.03225	0.47715	0.00702	0.04495	0.00632	0.00439	0.00728
28	0.00906	0.00604	0.00680	0.00680	0.00680	0.00604	0.00378	0.00906	0.00906	0.01208	0.01963	0.04077	0.02265	0.78103	0.03171	0.00604	0.00604	0.00906	0.00378	0.00378
29	0.82504	0.01205	0.00916	0.00819	0.01205	0.01398	0.00675	0.01832	0.01060	0.02795	0.00868	0.01012	0.00675	0.00578	0.00386	0.00193	0.00482	0.00337	0.00386	0.00675
30	0.01498	0.01522	0.05773	0.03590	0.67558	0.01438	0.01869	0.01881	0.01430	0.02054	0.04518	0.01675	0.01203	0.00590	0.00621	0.00186	0.00728	0.00577	0.00324	0.00966
31	0.01542	0.01480	0.02529	0.03824	0.74217	0.01480	0.01912	0.01912	0.01419	0.02036	0.01172	0.01542	0.00987	0.00555	0.00617	0.00185	0.00740	0.00555	0.00308	0.00987

[dist]
# distance from previous block
# <min> <max>
1	2

[block]
# block no. 1 follows, 36 sequences, length 72
# corresponding to MSA columns:
# 54-125
name=unknown_B
#
# <colnr> <probs for GDERKNQSTAVLIFYWHMCP>
#	G	D	E	R	K	N	Q	S	T	A	V	L	I	F	Y	W	H	M	C	P
0	0.01250	0.03223	0.74875	0.01776	0.02697	0.01447	0.02302	0.01973	0.01315	0.01973	0.01118	0.01315	0.00789	0.00592	0.00592	0.00197	0.00921	0.00460	0.00263	0.00921
1	0.01666	0.78478	0.03265	0.01066	0.01599	0.02465	0.01066	0.01866	0.01266	0.01466	0.00866	0.00999	0.00800	0.00533	0.00400	0.00133	0.00666	0.00333	0.00267	0.00800
2	0.82504	0.01205	0.00916	0.00819	0.01205	0.01398	0.00675	0.01832	0.01060	0.02795	0.00868	0.01012	0.00675	0.00578	0.00386	0.00193	0.00482	0.00337	0.00386	0.00675
3	0.01363	0.01363	0.01908	0.01636	0.01636	0.01908	0.01363	0.01499	0.00954	0.01499	0.00818	0.01363	0.00818	0.01091	0.02045	0.00273	0.76963	0.00545	0.00273	0.00682
4	0.01550	0.01338	0.01409	0.01268	0.01620	0.01550	0.00986	0.03311	0.73091	0.02606	0.02536	0.02325	0.01902	0.00845	0.00634	0.00211	0.00493	0.00704	0.00634	0.00986
5	0.01363	0.01363	0.01908	0.01636	0.01636	0.01908	0.01363	0.01499	0.00954	0.01499	0.00818	0.01363	0.00818	0.01091	0.02045	0.00273	0.76963	0.00545	0.00273	0.00682
6	0.01471	0.01681	0.03676	0.02626	0.03256	0.01576	0.71954	0.01996	0.01471	0.01996	0.01261	0.01681	0.00945	0.00525	0.00735	0.00210	0.01050	0.00735	0.00315	0.00840
7	0.01082	0.00541	0.00812	0.00812	0.00812	0.00541	0.00541	0.00812	0.00812	0.01082	0.01082	0.01894	0.01082	0.02165	0.02435	0.81872	0.00541	0.00541	0.00271	0.00271
8	0.01546	0.01369	0.01636	0.01644	0.10910	0.01542	0.03767	0.03084	0.61293	0.02511	0.02315	0.02201	0.01750	0.00796	0.00636	0.00208	0.00545	0.00687	0.00581	0.00981
9	0.00882	0.00637	0.00833	0.00784	0.00931	0.00588	0.00588	0.01176	0.01764	0.02499	0.73888	0.04654	0.05879	0.01274	0.00735	0.00196	0.00294	0.01127	0.00686	0.00588
10	0.00890	0.00668	0.01001	0.01001	0.01113	0.00779	0.00779	0.01113	0.01001	0.01446	0.01669	0.02448	0.01558	0.04673	0.75634	0.01001	0.01669	0.00668	0.00334	0.00556
11	0.00857	0.00618	0.00811	0.00801	0.00925	0.00571	0.00586	0.01114	0.01649	0.02316	0.59731	0.19331	0.05526	0.01410	0.00747	0.00207	0.00308	0.01256	0.00664	0.00571
12	0.01530	0.01468	0.02506	0.06320	0.71819	0.01477	0.01906	0.01901	0.01413	0.02020	0.01170	0.01546	0.00982	0.00557	0.00617	0.00186	0.00743	0.00555	0.00307	0.00977
13	0.01292	0.01107	0.01292	0.00923	0.01477	0.00831	0.00738	0.01569	0.01292	0.02030	0.01107	0.01292	0.00923	0.00461	0.00461	0.00092	0.00461	0.00369	0.00369	0.81912
14	0.00890	0.00668	0.01001	0.01001	0.01113	0.00779	0.00779	0.01113	0.01001	0.01446	0.01669	0.02448	0.01558	0.04673	0.75634	0.01001	0.01669	0.00668	0.00334	0.00556
15	0.01704	0.01543	0.01732	0.03807	0.01740	0.15963	0.04783	0.04353	0.01336	0.11423	0.01335	0.04217	0.01184	0.07444	0.04215	0.00286	0.31210	0.00613	0.00385	0.00727
16	0.02303	0.05803	0.01822	0.01585	0.01914	0.72858	0.01199	0.02465	0.01747	0.01523	0.00959	0.01119	0.00802	0.00638	0.00556	0.00159	0.01106	0.00399	0.00319	0.00725
17	0.01250	0.03223	0.74875	0.01776	0.02697	0.01447	0.02302	0.01973	0.01315	0.01973	0.01118	0.01315	0.00789	0.00592	0.00592	0.00197	0.00921	0.00460	0.00263	0.00921
18	0.01666	0.78478	0.03265	0.01066	0.01599	0.02465	0.01066	0.01866	0.01266	0.01466	0.00866	0.00999	0.00800	0.00533	0.00400	0.00133	0.00666	0.00333	0.00267	0.00800
19	0.00981	0.00710	0.00972	0.01103	0.01252	0.00701	0.00959	0.01257	0.01433	0.01849	0.03557	0.06940	0.09621	0.01709	0.00850	0.00280	0.00552	0.64131	0.00574	0.00570
20	0.02282	0.01739	0.02043	0.01548	0.02059	0.01898	0.07980	0.65404	0.02789	0.03741	0.01473	0.01514	0.01049	0.00727	0.00634	0.00189	0.00721	0.00578	0.00594	0.01039
21	0.04287	0.01110	0.01239	0.01072	0.01405	0.01171	0.00844	0.10584	0.27975	0.14728	0.13281	0.04791	0.10800	0.00986	0.00649	0.00202	0.00463	0.00819	0.02733	0.00862
22	0.00890	0.00668	0.01001	0.01001	0.01113	0.00779	0.00779	0.01113	0.01001	0.01446	0.01669	0.02448	0.01558	0.04673	0.75634	0.01001	0.01669	0.00668	0.00334	0.00556
23	0.00864	0.00636	0.00808	0.00765	0.00920	0.00580	0.00574	0.01141	0.01721	0.02396	0.65429	0.04822	0.14402	0.01312	0.00735	0.00198	0.00297	0.01150	0.00672	0.00580
24	0.01527	0.01465	0.02502	0.06845	0.71315	0.01476	0.01905	0.01899	0.01412	0.02017	0.01169	0.01547	0.00980	0.00558	0.00617	0.00186	0.00744	0.00555	0.00307	0.00975
25	0.01542	0.01480	0.02529	0.03824	0.74217	0.01480	0.01912	0.01912	0.01419	0.02036	0.01172	0.01542	0.00987	0.00555	0.00617	0.00185	0.00740	0.00555	0.00308	0.00987
26	0.00843	0.00635	0.00779	0.00743	0.00907	0.00571	0.00557	0.01100	0.01671	0.02279	0.55733	0.05015	0.24170	0.01355	0.00735	0.00200	0.00300	0.01177	0.00657	0.00571
27	0.01371	0.01388	0.02046	0.01713	0.01762	0.01883	0.06845	0.01538	0.00994	0.01538	0.00852	0.01388	0.00828	0.01047	0.01943	0.00268	0.71068	0.00560	0.00276	0.00694
28	0.00906	0.00604	0.00680	0.00680	0.00680	0.00604	0.00378	0.00906	0.00906	0.01208	0.01963	0.04077	0.02265	0.78103	0.03171	0.00604	0.00604	0.00906	0.00378	0.00378
29	0.01542	0.01480	0.02529	0.03824	0.74217	0.01480	0.01912	0.01912	0.01419	0.02036	0.01172	0.01542	0.00987	0.00555	0.00617	0.00185	0.00740	0.00555	0.00308	0.00987
30	0.00759	0.00542	0.00723	0.00868	0.00904	0.00506	0.00578	0.00868	0.01193	0.01591	0.03434	0.77697	0.04121	0.01952	0.00795	0.00253	0.00361	0.01771	0.00578	0.00506
31	0.01363	0.01363	0.01908	0.01636	0.01636	0.01908	0.01363	0.01499	0.00954	0.01499	0.00818	0.01363	0.00818	0.01091	0.02045	0.00273	0.76963	0.00545	0.00273	0.00682
32	0.01276	0.08032	0.70299	0.01730	0.02627	0.01512	0.02223	0.01966	0.01312	0.01941	0.01102	0.01295	0.00790	0.00588	0.00580	0.00193	0.00905	0.00452	0.00263	0.00913
33	0.02368	0.01745	0.01870	0.01434	0.01932	0.01932	0.01184	0.72139	0.02929	0.03927	0.01496	0.01496	0.01060	0.00748	0.00623	0.00187	0.00686	0.00561	0.00623	0.01060
34	0.00890	0.00668	0.01001	0.01001	0.01113	0.00779	0.00779	0.01113	0.01001	0.01446	0.01669	0.02448	0.01558	0.04673	0.75634	0.01001	0.01669	0.00668	0.00334	0.00556
35	0.02465	0.01602	0.06629	0.01266	0.01734	0.15123	0.01075	0.02888	0.09444	0.47992	0.02091	0.01898	0.01389	0.00742	0.00613	0.00189	0.00665	0.00581	0.00636	0.00979
36	0.02273	0.06109	0.03689	0.01587	0.01932	0.70679	0.01226	0.02449	0.01733	0.01534	0.00963	0.01123	0.00802	0.00636	0.00556	0.00160	0.01099	0.00400	0.00317	0.00731
37	0.01318	0.01237	0.01905	0.01375	0.01928	0.01016	0.19735	0.01654	0.01336	0.02003	0.01245	0.04566	0.01062	0.00540	0.00548	0.00130	0.00614	0.00525	0.00363	0.56901
38	0.02287	0.02885	0.01747	0.01588	0.01910	0.71763	0.01193	0.02531	0.05464	0.01581	0.01045	0.01186	0.00860	0.00653	0.00566	0.00163	0.01091	0.00417	0.00337	0.00736
39	0.01177	0.01107	0.01869	0.76606	0.04291	0.01384	0.01730	0.01592	0.01246	0.01592	0.01107	0.01661	0.00831	0.00623	0.00623	0.00208	0.00831	0.00554	0.00277	0.00692
40	0.00772	0.00633	0.00681	0.00669	0.00864	0.00541	0.00502	0.00963	0.01505	0.01884	0.22933	0.05666	0.57218	0.01503	0.00736	0.00207	0.00310	0.01269	0.00605	0.00541
41	0.00896	0.00665	0.00866	0.00823	0.00968	0.00635	0.00629	0.01177	0.01701	0.02388	0.64136	0.04743	0.09268	0.01308	0.00784	0.00204	0.02824	0.04737	0.00661	0.00587
42	0.01342	0.01228	0.04271	0.01143	0.01444	0.03638	0.00920	0.04583	0.39989	0.02456	0.20195	0.07531	0.04630	0.01039	0.00673	0.00209	0.00478	0.02788	0.00615	0.00828
43	0.01542	0.01480	0.02529	0.03824	0.74217	0.01480	0.01912	0.01912	0.01419	0.02036	0.01172	0.01542	0.00987	0.00555	0.00617	0.00185	0.00740	0.00555	0.00308	0.00987
44	0.01337	0.01106	0.01297	0.00928	0.01480	0.00833	0.00744	0.01613	0.01307	0.04197	0.01148	0.01317	0.00941	0.00471	0.00466	0.00095	0.00463	0.00377	0.00381	0.79500
45	0.01292	0.01107	0.01292	0.00923	0.01477	0.00831	0.00738	0.01569	0.01292	0.02030	0.01107	0.01292	0.00923	0.00461	0.00461	0.00092	0.00461	0.00369	0.00369	0.81912
46	0.00891	0.00664	0.00984	0.00984	0.01090	0.00770	0.00758	0.01102	0.00996	0.01434	0.01684	0.02534	0.01595	0.08549	0.71809	0.00980	0.01613	0.00680	0.00336	0.00547
47	0.01250	0.03223	0.74875	0.01776	0.02697	0.01447	0.02302	0.01973	0.01315	0.01973	0.01118	0.01315	0.00789	0.00592	0.00592	0.00197	0.00921	0.00460	0.00263	0.00921
48	0.00791	0.00607	0.00725	0.00750	0.00889	0.00541	0.00542	0.00980	0.01468	0.01927	0.27883	0.26262	0.31218	0.01585	0.00753	0.00218	0.00322	0.01384	0.00614	0.00541
49	0.01706	0.01397	0.01492	0.01299	0.01673	0.01592	0.01032	0.18818	0.53306	0.02866	0.02341	0.02390	0.01802	0.00870	0.00644	0.00210	0.00541	0.04412	0.00628	0.00981
50	0.01250	0.03223	0.74875	0.01776	0.02697	0.01447	0.02302	0.01973	0.01315	0.01973	0.01118	0.01315	0.00789	0.00592	0.00592	0.00197	0.00921	0.00460	0.00263	0.00921
51	0.01550	0.01338	0.01409	0.01268	0.01620	0.01550	0.00986	0.03311	0.73091	0.02606	0.02536	0.02325	0.01902	0.00845	0.00634	0.00211	0.00493	0.00704	0.00634	0.00986
52	0.82504	0.01205	0.00916	0.00819	0.01205	0.01398	0.00675	0.01832	0.01060	0.02795	0.00868	0.01012	0.00675	0.00578	0.00386	0.00193	0.00482	0.00337	0.00386	0.00675
53	0.01082	0.00541	0.00812	0.00812	0.00812	0.00541	0.00541	0.00812	0.00812	0.01082	0.01082	0.01894	0.01082	0.02165	0.02435	0.81872	0.00541	0.00541	0.00271	0.00271
54	0.82504	0.01205	0.00916	0.00819	0.01205	0.01398	0.00675	0.01832	0.01060	0.02795	0.00868	0.01012	0.00675	0.00578	0.00386	0.00193	0.00482	0.00337	0.00386	0.00675
55	0.01250	0.03223	0.74875	0.01776	0.02697	0.01447	0.02302	0.01973	0.01315	0.01973	0.01118	0.01315	0.00789	0.00592	0.00592	0.00197	0.00921	0.00460	0.00263	0.00921
56	0.00906	0.00604	0.00680	0.00680	0.00680	0.00604	0.00378	0.00906	0.00906	0.01208	0.01963	0.04077	0.02265	0.78103	0.03171	0.00604	0.00604	0.00906	0.00378	0.00378
57	0.01250	0.03223	0.74875	0.01776	0.02697	0.01447	0.02302	0.01973	0.01315	0.01973	0.01118	0.01315	0.00789	0.00592	0.00592	0.00197	0.00921	0.00460	0.00263	0.00921
58	0.00770	0.00633	0.00678	0.00667	0.00862	0.00540	0.00500	0.00960	0.01501	0.01874	0.22155	0.05682	0.58001	0.01507	0.00736	0.00207	0.00311	0.01271	0.00604	0.00540
59	0.00870	0.00636	0.00816	0.00771	0.00924	0.00583	0.00579	0.01153	0.01736	0.02432	0.68348	0.04764	0.11461	0.01299	0.00735	0.00197	0.00296	0.01142	0.00677	0.00583
60	0.00736	0.00631	0.00631	0.00631	0.00842	0.00526	0.00473	0.00894	0.01420	0.01683	0.06312	0.05996	0.73964	0.01578	0.00736	0.00210	0.00316	0.01315	0.00579	0.00526
61	0.01542	0.01480	0.02529	0.03824	0.74217	0.01480	0.01912	0.01912	0.01419	0.02036	0.01172	0.01542	0.00987	0.00555	0.00617	0.00185	0.00740	0.00555	0.00308	0.00987
62	0.00744	0.00629	0.00643	0.00645	0.00848	0.00528	0.00482	0.00907	0.01430	0.01719	0.09380	0.07996	0.68779	0.01575	0.00738	0.00211	0.00316	0.01319	0.00584	0.00528
63	0.00988	0.00808	0.01172	0.01115	0.01198	0.01003	0.00879	0.01182	0.00987	0.01445	0.01509	0.02309	0.01442	0.07741	0.56702	0.00830	0.17140	0.00655	0.00323	0.00573
64	0.00906	0.00604	0.00680	0.00680	0.00680	0.00604	0.00378	0.00906	0.00906	0.01208	0.01963	0.04077	0.02265	0.78103	0.03171	0.00604	0.00604	0.00906	0.00378	0.00378
65	0.01446	0.01511	0.01827	0.01590	0.01631	0.10650	0.01301	0.01583	0.01064	0.01507	0.00978	0.05501	0.00996	0.01084	0.01799	0.00258	0.63707	0.00595	0.00295	0.00677
66	0.01640	0.74439	0.03126	0.01041	0.01554	0.02368	0.01033	0.01844	0.01268	0.01510	0.00927	0.01068	0.00841	0.00543	0.00402	0.00134	0.00647	0.00346	0.04481	0.00788
67	0.01377	0.01191	0.01527	0.01122	0.01649	0.00992	0.07050	0.07043	0.03891	0.02174	0.01296	0.04548	0.01102	0.00564	0.00518	0.00121	0.00527	0.00486	0.00402	0.62421
68	0.02161	0.02497	0.01697	0.01515	0.01860	0.52427	0.01154	0.09252	0.17490	0.01989	0.01358	0.01422	0.01068	0.00697	0.00583	0.00174	0.00944	0.00483	0.00418	0.00812
69	0.01214	0.03042	0.69691	0.01696	0.02567	0.01383	0.02174	0.01898	0.01323	0.01953	0.01481	0.01642	0.05898	0.00661	0.00602	0.00198	0.00879	0.00520	0.00285	0.00893
70	0.01176	0.01096	0.01842	0.67554	0.07695	0.01347	0.01673	0.01575	0.01238	0.01605	0.01150	0.01710	0.00889	0.00902	0.05860	0.00262	0.00884	0.00562	0.00282	0.00698
71	0.01298	0.01120	0.01365	0.01121	0.06540	0.00869	0.00816	0.01582	0.01314	0.02044	0.03172	0.01405	0.01068	0.00491	0.00480	0.00102	0.00476	0.00404	0.00374	0.73960

[dist]
# distance from previous block
# <min> <max>
1	57

[block]
# block no. 2 follows, 36 sequences, length 15
# corresponding to MSA columns:
# 183-197
name=unknown_C
#
# <colnr> <probs for GDERKNQSTAVLIFYWHMCP>
#	G	D	E	R	K	N	Q	S	T	A	V	L	I	F	Y	W	H	M	C	P
0	0.01550	0.01338	0.01409	0.01268	0.01620	0.01550	0.00986	0.03311	0.73091	0.02606	0.02536	0.02325	0.01902	0.00845	0.00634	0.00211	0.00493	0.00704	0.00634	0.00986
1	0.00972	0.00634	0.00788	0.00850	0.00974	0.00597	0.00640	0.01157	0.01324	0.05095	0.06249	0.28276	0.14593	0.07788	0.00938	0.00264	0.00418	0.17003	0.10888	0.00552
2	0.00890	0.00668	0.01001	0.01001	0.01113	0.00779	0.00779	0.01113	0.01001	0.01446	0.01669	0.02448	0.01558	0.04673	0.75634	0.01001	0.01669	0.00668	0.00334	0.00556
3	0.01363	0.01363	0.01908	0.01636	0.01636	0.01908	0.01363	0.01499	0.00954	0.01499	0.00818	0.01363	0.00818	0.01091	0.02045	0.00273	0.76963	0.00545	0.00273	0.00682
4	0.00841	0.00651	0.00686	0.00667	0.00883	0.00549	0.00504	0.01015	0.01469	0.04981	0.12526	0.05698	0.64335	0.01514	0.00731	0.00208	0.00323	0.01267	0.00597	0.00555
5	0.00759	0.00542	0.00723	0.00868	0.00904	0.00506	0.00578	0.00868	0.01193	0.01591	0.03434	0.77697	0.04121	0.01952	0.00795	0.00253	0.00361	0.01771	0.00578	0.00506
6	0.01542	0.01480	0.02529	0.03824	0.74217	0.01480	0.01912	0.01912	0.01419	0.02036	0.01172	0.01542	0.00987	0.00555	0.00617	0.00185	0.00740	0.00555	0.00308	0.00987
7	0.00759	0.00542	0.00723	0.00868	0.00904	0.00506	0.00578	0.00868	0.01193	0.01591	0.03434	0.77697	0.04121	0.01952	0.00795	0.00253	0.00361	0.01771	0.00578	0.00506
8	0.00906	0.00604	0.00680	0.00680	0.00680	0.00604	0.00378	0.00906	0.00906	0.01208	0.01963	0.04077	0.02265	0.78103	0.03171	0.00604	0.00604	0.00906	0.00378	0.00378
9	0.01448	0.01614	0.03303	0.02417	0.02914	0.01646	0.57030	0.01891	0.01361	0.01891	0.01167	0.01614	0.00918	0.00645	0.01012	0.00223	0.17100	0.00695	0.00306	0.00807
10	0.02027	0.01586	0.01796	0.01410	0.01882	0.01727	0.04662	0.45299	0.20638	0.03338	0.01718	0.01700	0.01258	0.00738	0.00619	0.00187	0.00637	0.00591	0.00590	0.07597
11	0.30756	0.01382	0.05020	0.01152	0.01645	0.01309	0.06646	0.09447	0.07928	0.02557	0.01205	0.01339	0.00932	0.00581	0.00496	0.00164	0.00566	0.00443	0.00417	0.26014
12	0.09071	0.01187	0.01241	0.01003	0.01397	0.04684	0.00796	0.13734	0.04486	0.06143	0.16098	0.02464	0.08593	0.00822	0.00581	0.00162	0.00493	0.00662	0.00524	0.25858
13	0.04623	0.21066	0.17819	0.01228	0.01726	0.03607	0.01215	0.07707	0.11805	0.02179	0.12189	0.05419	0.01886	0.00786	0.00568	0.00179	0.00626	0.00621	0.00435	0.04316
14	0.07133	0.22338	0.07103	0.01129	0.01543	0.04280	0.05076	0.01805	0.03893	0.09917	0.08722	0.02916	0.14406	0.00925	0.00597	0.00188	0.00589	0.06227	0.00464	0.00750

[dist]
# distance from previous block
# <min> <max>
3	17

[block]
# block no. 3 follows, 36 sequences, length 32
# corresponding to MSA columns:
# 215-246
name=unknown_D
#
# <colnr> <probs for GDERKNQSTAVLIFYWHMCP>
#	G	D	E	R	K	N	Q	S	T	A	V	L	I	F	Y	W	H	M	C	P
0	0.14976	0.01500	0.02203	0.03132	0.56053	0.04090	0.01647	0.05391	0.01446	0.02237	0.01130	0.01438	0.00933	0.00572	0.00577	0.00186	0.00708	0.00514	0.00337	0.00930
1	0.01571	0.01571	0.02306	0.07797	0.56218	0.08938	0.01744	0.01951	0.03344	0.01974	0.03725	0.01632	0.01150	0.00615	0.00655	0.00187	0.02810	0.00563	0.00329	0.00920
2	0.29095	0.01403	0.01374	0.07090	0.01735	0.06488	0.00974	0.12741	0.16102	0.07554	0.03237	0.01597	0.01203	0.00710	0.00588	0.00194	0.03267	0.00514	0.00488	0.03646
3	0.00759	0.00542	0.00723	0.00868	0.00904	0.00506	0.00578	0.00868	0.01193	0.01591	0.03434	0.77697	0.04121	0.01952	0.00795	0.00253	0.00361	0.01771	0.00578	0.00506
4	0.00873	0.00634	0.00823	0.00781	0.00927	0.00583	0.00584	0.01157	0.01735	0.02445	0.69580	0.06906	0.08019	0.01304	0.00737	0.00198	0.00297	0.01152	0.00679	0.00583
5	0.02390	0.01711	0.01849	0.01418	0.01915	0.01882	0.01171	0.68725	0.02873	0.07421	0.01543	0.01527	0.01083	0.00749	0.00623	0.00187	0.00678	0.00564	0.00631	0.01060
6	0.01250	0.03223	0.74875	0.01776	0.02697	0.01447	0.02302	0.01973	0.01315	0.01973	0.01118	0.01315	0.00789	0.00592	0.00592	0.00197	0.00921	0.00460	0.00263	0.00921
7	0.01689	0.01266	0.01523	0.01218	0.01520	0.01352	0.06613	0.36870	0.01971	0.02641	0.01671	0.02582	0.01551	0.32826	0.01690	0.00362	0.00681	0.00718	0.00496	0.00759
8	0.00890	0.00668	0.01001	0.01001	0.01113	0.00779	0.00779	0.01113	0.01001	0.01446	0.01669	0.02448	0.01558	0.04673	0.75634	0.01001	0.01669	0.00668	0.00334	0.00556
9	0.01355	0.22341	0.56683	0.01596	0.02418	0.01706	0.01988	0.01946	0.01303	0.01844	0.01054	0.01235	0.00792	0.00577	0.00543	0.00181	0.00856	0.00428	0.00264	0.00890
10	0.01250	0.03223	0.74875	0.01776	0.02697	0.01447	0.02302	0.01973	0.01315	0.01973	0.01118	0.01315	0.00789	0.00592	0.00592	0.00197	0.00921	0.00460	0.00263	0.00921
11	0.00745	0.00628	0.00645	0.00648	0.00849	0.00529	0.00483	0.00908	0.01431	0.01724	0.09841	0.08465	0.67830	0.01575	0.00738	0.00211	0.00316	0.01321	0.00584	0.00529
12	0.00866	0.00636	0.00811	0.00767	0.00921	0.00581	0.00575	0.01145	0.01726	0.02409	0.66485	0.04801	0.13337	0.01307	0.00735	0.00198	0.00296	0.01147	0.00674	0.00581
13	0.00906	0.00604	0.00680	0.00680	0.00680	0.00604	0.00378	0.00906	0.00906	0.01208	0.01963	0.04077	0.02265	0.78103	0.03171	0.00604	0.00604	0.00906	0.00378	0.00378
14	0.01410	0.01575	0.03359	0.02438	0.02993	0.01509	0.62834	0.01887	0.01418	0.01935	0.01363	0.05450	0.01119	0.00768	0.03469	0.00243	0.04320	0.00776	0.00327	0.00807
15	0.01458	0.40888	0.39034	0.01421	0.02147	0.01957	0.01683	0.01919	0.01291	0.01719	0.00992	0.01157	0.00794	0.00562	0.00496	0.00165	0.00793	0.00397	0.00265	0.00860
16	0.01292	0.01107	0.01292	0.00923	0.01477	0.00831	0.00738	0.01569	0.01292	0.02030	0.01107	0.01292	0.00923	0.00461	0.00461	0.00092	0.00461	0.00369	0.00369	0.81912
17	0.01636	0.01381	0.01458	0.01286	0.01653	0.01590	0.01007	0.10601	0.65660	0.02746	0.02426	0.02237	0.01813	0.00835	0.00633	0.00209	0.00513	0.00689	0.00633	0.00994
18	0.01777	0.01409	0.02792	0.02040	0.02580	0.01298	0.45716	0.02195	0.01560	0.22098	0.05341	0.05143	0.01492	0.00691	0.00708	0.00206	0.00840	0.00768	0.00471	0.00874
19	0.00815	0.00612	0.00847	0.00901	0.00977	0.00577	0.03547	0.00940	0.01198	0.01591	0.05710	0.54796	0.08908	0.11732	0.03503	0.00315	0.00458	0.01525	0.00537	0.00509
20	0.00993	0.00709	0.00991	0.01135	0.01274	0.00708	0.00985	0.01272	0.01424	0.01852	0.03305	0.10186	0.03610	0.01731	0.00858	0.00285	0.00564	0.66973	0.00574	0.00571
21	0.01451	0.01609	0.03274	0.02464	0.05388	0.01641	0.55027	0.01891	0.01363	0.01895	0.01167	0.01611	0.00921	0.00642	0.01000	0.00222	0.16627	0.00690	0.00306	0.00813
22	0.01423	0.01430	0.02190	0.01786	0.01908	0.01856	0.12677	0.04544	0.01120	0.01681	0.00917	0.01420	0.00848	0.00985	0.01775	0.00259	0.61586	0.00576	0.00294	0.00723
23	0.00909	0.00647	0.00926	0.00972	0.01069	0.00635	0.03185	0.01075	0.01225	0.03635	0.06410	0.43186	0.03422	0.08382	0.12230	0.00392	0.00630	0.10001	0.00526	0.00543
24	0.00759	0.00542	0.00723	0.00868	0.00904	0.00506	0.00578	0.00868	0.01193	0.01591	0.03434	0.77697	0.04121	0.01952	0.00795	0.00253	0.00361	0.01771	0.00578	0.00506
25	0.01770	0.01714	0.01593	0.01445	0.03664	0.19799	0.03476	0.14168	0.28224	0.02404	0.03893	0.07756	0.01794	0.00901	0.00644	0.00201	0.00696	0.04468	0.00529	0.00860
26	0.01980	0.01943	0.01576	0.01384	0.01728	0.28930	0.01067	0.18856	0.20383	0.04504	0.01805	0.09840	0.01527	0.00865	0.00622	0.00191	0.00758	0.00672	0.00514	0.00856
27	0.03713	0.01113	0.01223	0.01067	0.01377	0.01195	0.00837	0.14108	0.27736	0.05836	0.22512	0.03221	0.11398	0.01024	0.00665	0.00201	0.00451	0.00856	0.00639	0.00828
28	0.01403	0.01632	0.10435	0.16834	0.27589	0.01533	0.18534	0.01828	0.01331	0.01871	0.01132	0.01552	0.00906	0.00629	0.00816	0.00207	0.10037	0.00586	0.00295	0.00852
29	0.01339	0.01259	0.01922	0.01373	0.01947	0.01027	0.19556	0.01682	0.01339	0.02021	0.01148	0.01395	0.00929	0.00478	0.00534	0.00123	0.00617	0.00466	0.00355	0.60490
30	0.00980	0.00742	0.00872	0.00866	0.01035	0.00715	0.00643	0.08727	0.03166	0.02094	0.18863	0.29807	0.23304	0.01542	0.00747	0.00223	0.00381	0.04086	0.00607	0.00602
31	0.01758	0.01332	0.01441	0.01245	0.01625	0.01488	0.00983	0.12338	0.52934	0.10541	0.02552	0.02351	0.04866	0.00856	0.00636	0.00206	0.00515	0.00703	0.00645	0.00984

[dist]
# distance from previous block
# <min> <max>
0	1

[block]
# block no. 4 follows, 36 sequences, length 56
# corresponding to MSA columns:
# 248-256,264-310
name=unknown_E
#
# <colnr> <probs for GDERKNQSTAVLIFYWHMCP>
#	G	D	E	R	K	N	Q	S	T	A	V	L	I	F	Y	W	H	M	C	P
0	0.03093	0.01439	0.01383	0.01257	0.01511	0.17804	0.03294	0.08442	0.09257	0.08321	0.04251	0.20517	0.03578	0.02703	0.00796	0.00222	0.04345	0.06533	0.00519	0.00734
1	0.70430	0.01261	0.03428	0.00893	0.01299	0.01360	0.00765	0.03467	0.01169	0.07565	0.01064	0.01275	0.00826	0.00627	0.00427	0.00195	0.00507	0.02310	0.00418	0.00714
2	0.01441	0.01178	0.01345	0.06740	0.01642	0.06651	0.02551	0.06851	0.10389	0.07490	0.20737	0.05794	0.04129	0.00892	0.00653	0.00177	0.01917	0.00751	0.00532	0.18139
3	0.01073	0.00589	0.00861	0.00856	0.00886	0.00608	0.00592	0.02643	0.00908	0.01227	0.01276	0.05225	0.01279	0.02473	0.12629	0.64923	0.00696	0.00612	0.00302	0.00341
4	0.01543	0.01785	0.15020	0.15679	0.27406	0.04709	0.01697	0.10347	0.09762	0.02223	0.02961	0.01658	0.01138	0.00650	0.00616	0.00194	0.00760	0.00562	0.00378	0.00911
5	0.01367	0.01375	0.01976	0.01674	0.01698	0.01896	0.04081	0.01519	0.00974	0.01519	0.00835	0.01375	0.00823	0.01069	0.01994	0.00270	0.74040	0.00553	0.00274	0.00688
6	0.01731	0.33056	0.20229	0.01434	0.01963	0.23008	0.01428	0.02043	0.01398	0.01609	0.00952	0.01138	0.00799	0.00619	0.00611	0.00167	0.06337	0.00399	0.00282	0.00799
7	0.01618	0.01401	0.01445	0.01286	0.01646	0.03312	0.01003	0.07459	0.67167	0.02661	0.02436	0.02246	0.01825	0.00835	0.00632	0.00209	0.00520	0.00689	0.00626	0.00984
8	0.01834	0.59243	0.02883	0.01203	0.01682	0.21096	0.01101	0.02024	0.01393	0.01481	0.00891	0.01031	0.00800	0.00561	0.00441	0.00140	0.00783	0.00351	0.00280	0.00780
9	0.00906	0.00604	0.00680	0.00680	0.00680	0.00604	0.00378	0.00906	0.00906	0.01208	0.01963	0.04077	0.02265	0.78103	0.03171	0.00604	0.00604	0.00906	0.00378	0.00378
10	0.01250	0.03223	0.74875	0.01776	0.02697	0.01447	0.02302	0.01973	0.01315	0.01973	0.01118	0.01315	0.00789	0.00592	0.00592	0.00197	0.00921	0.00460	0.00263	0.00921
11	0.01600	0.11432	0.44434	0.01544	0.02272	0.01459	0.03923	0.03725	0.04072	0.14891	0.01469	0.04007	0.01087	0.00673	0.00589	0.00192	0.00786	0.00538	0.00388	0.00921
12	0.01512	0.01447	0.02465	0.05758	0.70444	0.01453	0.01874	0.01877	0.01408	0.02012	0.01227	0.03460	0.01061	0.00592	0.00621	0.00187	0.00733	0.00586	0.00314	0.00967
13	0.01540	0.01487	0.02568	0.03783	0.71779	0.01484	0.04319	0.01915	0.01420	0.02034	0.01175	0.01547	0.00985	0.00554	0.00621	0.00186	0.00751	0.00561	0.00309	0.00982
14	0.03069	0.06127	0.32468	0.04478	0.13302	0.01347	0.08822	0.01808	0.02913	0.02060	0.13816	0.02089	0.03567	0.00725	0.00626	0.00194	0.00748	0.00638	0.00367	0.00837
15	0.01694	0.01615	0.02481	0.06355	0.47555	0.05883	0.09635	0.13023	0.01676	0.02280	0.01218	0.01531	0.00976	0.00590	0.00628	0.00188	0.00793	0.00567	0.00358	0.00954
16	0.01768	0.01309	0.01417	0.01221	0.01588	0.01459	0.00970	0.17072	0.44011	0.08858	0.02293	0.02278	0.01722	0.00834	0.00619	0.00201	0.00519	0.02709	0.08195	0.00957
17	0.00784	0.00565	0.00755	0.00889	0.00943	0.00536	0.00619	0.00914	0.01211	0.01610	0.03432	0.66515	0.06034	0.02039	0.04014	0.00287	0.00434	0.07338	0.00567	0.00514
18	0.04154	0.09643	0.25640	0.02421	0.26431	0.01566	0.10960	0.04268	0.03092	0.02043	0.01232	0.03558	0.01001	0.00614	0.00601	0.00190	0.00804	0.00557	0.00319	0.00907
19	0.02215	0.04011	0.03291	0.04612	0.05160	0.32523	0.01232	0.13874	0.01827	0.16077	0.01342	0.01441	0.00998	0.00718	0.00724	0.00185	0.07971	0.00497	0.00448	0.00856
20	0.00737	0.00628	0.00635	0.00640	0.00844	0.00525	0.00477	0.00893	0.01412	0.01680	0.06205	0.08657	0.71372	0.01592	0.00739	0.00212	0.00317	0.01332	0.00579	0.00525
21	0.00978	0.00850	0.01221	0.01146	0.03334	0.00808	0.09697	0.01367	0.08677	0.01913	0.11803	0.19279	0.27805	0.01395	0.00745	0.00223	0.00467	0.07104	0.00555	0.00632
22	0.01679	0.21054	0.30364	0.01537	0.04467	0.11708	0.01574	0.03878	0.08917	0.07298	0.01294	0.01389	0.00978	0.00627	0.00550	0.00177	0.00801	0.00465	0.00358	0.00887
23	0.10057	0.01061	0.01304	0.01062	0.01467	0.01021	0.00859	0.02708	0.13380	0.45928	0.12179	0.02396	0.02116	0.00834	0.00619	0.00196	0.00487	0.00680	0.00700	0.00946
24	0.01428	0.01389	0.02425	0.24256	0.46697	0.01471	0.07808	0.01819	0.01363	0.01894	0.01153	0.01583	0.00935	0.00584	0.00662	0.00196	0.02582	0.00570	0.00299	0.00884
25	0.09399	0.01792	0.04577	0.01889	0.08880	0.17404	0.19884	0.02392	0.11593	0.12116	0.01535	0.01737	0.01161	0.00665	0.00623	0.00194	0.00819	0.02044	0.00434	0.00861
26	0.01569	0.01489	0.02507	0.03746	0.71838	0.01495	0.01888	0.04223	0.01468	0.02098	0.01183	0.01541	0.00989	0.00561	0.00617	0.00185	0.00738	0.00555	0.00319	0.00989
27	0.00807	0.00634	0.00729	0.00705	0.00885	0.00556	0.00529	0.01031	0.01587	0.02079	0.39102	0.05345	0.40927	0.01430	0.00736	0.00203	0.00305	0.01224	0.00631	0.00556
28	0.01322	0.01255	0.02117	0.41954	0.34957	0.01397	0.01767	0.01709	0.01328	0.01790	0.01315	0.01758	0.03412	0.00626	0.00624	0.00198	0.00773	0.00580	0.00301	0.00816
29	0.10596	0.08752	0.06265	0.01254	0.01581	0.11563	0.01058	0.12695	0.08016	0.03903	0.01669	0.14927	0.01568	0.01130	0.04333	0.00241	0.08513	0.00719	0.00446	0.00771
30	0.01299	0.05224	0.63097	0.01985	0.09621	0.01485	0.04813	0.01965	0.01330	0.01965	0.01121	0.01342	0.00815	0.00584	0.00594	0.00195	0.00901	0.00476	0.00270	0.00921
31	0.00763	0.00632	0.00667	0.00659	0.00858	0.00537	0.00494	0.00945	0.01482	0.01830	0.18464	0.05755	0.61721	0.01523	0.00736	0.00208	0.00312	0.01281	0.00598	0.00537
32	0.03688	0.01357	0.01381	0.01166	0.01511	0.11264	0.03066	0.13452	0.12670	0.14812	0.16238	0.02881	0.11937	0.00954	0.00651	0.00194	0.00571	0.00782	0.00600	0.00825
33	0.01355	0.22617	0.20258	0.01352	0.01874	0.01549	0.07863	0.04915	0.08590	0.02000	0.09851	0.07402	0.06179	0.00834	0.00598	0.00187	0.00665	0.00699	0.00410	0.00803
34	0.00773	0.00552	0.00732	0.00859	0.00900	0.00520	0.00575	0.00888	0.01202	0.01611	0.06362	0.69924	0.04065	0.05063	0.02537	0.00281	0.00397	0.01684	0.00569	0.00505
35	0.01542	0.01480	0.02529	0.03824	0.74217	0.01480	0.01912	0.01912	0.01419	0.02036	0.01172	0.01542	0.00987	0.00555	0.00617	0.00185	0.00740	0.00555	0.00308	0.00987
36	0.01557	0.24027	0.42015	0.01549	0.02255	0.14937	0.01764	0.02035	0.01382	0.01753	0.01021	0.01194	0.00794	0.00585	0.00533	0.00173	0.00886	0.00415	0.00274	0.00852
37	0.01487	0.01447	0.02357	0.19916	0.56278	0.03928	0.01848	0.01860	0.01392	0.01920	0.01151	0.01555	0.00946	0.00573	0.00616	0.00189	0.00773	0.00550	0.00302	0.00913
38	0.00763	0.00545	0.00726	0.00865	0.00904	0.00508	0.00579	0.00877	0.01210	0.01617	0.05485	0.75570	0.04172	0.01932	0.00793	0.00251	0.00360	0.01752	0.00581	0.00508
39	0.01564	0.01483	0.02399	0.03030	0.46943	0.01533	0.09865	0.04952	0.15814	0.02207	0.01460	0.01709	0.01164	0.00629	0.00666	0.00195	0.02428	0.00606	0.00386	0.00966
40	0.00863	0.00692	0.01080	0.01156	0.04274	0.00650	0.07298	0.01028	0.01247	0.01678	0.05470	0.64908	0.03748	0.01736	0.00780	0.00244	0.00440	0.01601	0.00546	0.00561
41	0.02663	0.01113	0.01459	0.01136	0.01606	0.01014	0.00933	0.05723	0.08483	0.65202	0.02428	0.02116	0.01557	0.00777	0.00627	0.00194	0.00533	0.00631	0.00753	0.01053
42	0.01418	0.01353	0.02304	0.28587	0.50426	0.01448	0.01850	0.01803	0.01360	0.01885	0.01150	0.01583	0.00934	0.00578	0.00619	0.00193	0.00771	0.00555	0.00298	0.00887
43	0.01270	0.06967	0.71312	0.01741	0.02642	0.01498	0.02241	0.01968	0.01313	0.01948	0.01106	0.01300	0.00790	0.00589	0.00582	0.00194	0.00908	0.00454	0.00263	0.00915
44	0.01550	0.01294	0.01465	0.01458	0.08344	0.01450	0.01036	0.03012	0.58698	0.05588	0.02650	0.02480	0.06466	0.00862	0.00639	0.00208	0.00506	0.00727	0.00606	0.00960
45	0.00842	0.00703	0.00711	0.00683	0.00912	0.00617	0.00519	0.05506	0.01518	0.01828	0.06000	0.05705	0.69244	0.01524	0.00729	0.00209	0.00340	0.01266	0.00581	0.00561
46	0.02217	0.01239	0.01536	0.01345	0.06302	0.01243	0.01014	0.18000	0.13543	0.35230	0.08293	0.02268	0.03223	0.00822	0.00638	0.00195	0.00548	0.00676	0.00676	0.00993
47	0.01613	0.01730	0.09235	0.03195	0.52058	0.04276	0.06197	0.08178	0.03535	0.02191	0.01231	0.01532	0.00991	0.00585	0.00621	0.00188	0.00779	0.00556	0.00342	0.00968
48	0.00942	0.00676	0.00887	0.00819	0.00865	0.00674	0.05029	0.00985	0.00947	0.01269	0.01905	0.03852	0.02149	0.69926	0.06127	0.00596	0.00679	0.00885	0.00372	0.00415
49	0.01550	0.06465	0.02577	0.03646	0.69515	0.01544	0.01857	0.01909	0.01409	0.01999	0.01152	0.01507	0.00975	0.00554	0.00603	0.00182	0.00735	0.00541	0.00306	0.00975
50	0.03217	0.12403	0.31206	0.01414	0.02033	0.08338	0.01508	0.04416	0.08887	0.13750	0.03435	0.01729	0.03599	0.00698	0.00579	0.00186	0.00747	0.00536	0.00424	0.00894
51	0.01224	0.02877	0.63350	0.01742	0.02567	0.01371	0.06651	0.01885	0.01339	0.01978	0.04414	0.05285	0.01187	0.00685	0.00618	0.00201	0.00874	0.00572	0.00301	0.00880
52	0.00826	0.00699	0.00895	0.00868	0.01072	0.00619	0.05193	0.01019	0.01394	0.01717	0.05149	0.15767	0.49360	0.01582	0.00762	0.00227	0.00407	0.11331	0.00561	0.00551
53	0.11354	0.06367	0.03785	0.01128	0.01581	0.01269	0.00955	0.14181	0.05240	0.39487	0.01945	0.01930	0.01356	0.05734	0.00748	0.00216	0.00575	0.00581	0.00622	0.00948
54	0.01467	0.01378	0.02254	0.10054	0.56293	0.01420	0.01723	0.01966	0.08115	0.02078	0.06001	0.01827	0.01375	0.00635	0.00627	0.00190	0.00697	0.00606	0.00360	0.00934
55	0.01154	0.01056	0.07857	0.00952	0.01255	0.00856	0.00816	0.09482	0.04431	0.05374	0.23846	0.11267	0.24077	0.01241	0.00698	0.00202	0.00434	0.01055	0.00588	0.03359

[dist]
# distance from previous block
# <min> <max>
0	14

# created by:
# /home/cegg/simao/soft/augustus-3.2.1/scripts/msa2prfl.pl ./align_prep/EOG090W0B5T.fa
