[name]
unknown

[dist]
# distance from previous block
# <min> <max>
0	27

[block]
# block no. 0 follows, 27 sequences, length 30
# corresponding to MSA columns:
# 28-49,52-59
name=unknown_A
#
# <colnr> <probs for GDERKNQSTAVLIFYWHMCP>
#	G	D	E	R	K	N	Q	S	T	A	V	L	I	F	Y	W	H	M	C	P
0	0.06468	0.03330	0.01220	0.01089	0.01307	0.00981	0.00824	0.03848	0.03161	0.04340	0.02601	0.12099	0.06359	0.10540	0.08369	0.15838	0.00742	0.08349	0.00520	0.08012
1	0.01271	0.00909	0.00993	0.00987	0.01102	0.04349	0.00663	0.01428	0.03703	0.05501	0.10534	0.19517	0.08794	0.29030	0.02110	0.06026	0.00604	0.01285	0.00586	0.00606
2	0.01835	0.05334	0.01701	0.01185	0.01786	0.01253	0.00964	0.06856	0.07122	0.08723	0.01678	0.01790	0.01306	0.00666	0.00593	0.00146	0.00582	0.00527	0.04515	0.51438
3	0.00905	0.00718	0.00813	0.00863	0.01038	0.00627	0.00619	0.01091	0.01648	0.02073	0.12911	0.28478	0.41626	0.01986	0.00900	0.00265	0.00391	0.01719	0.00703	0.00627
4	0.05152	0.00957	0.01125	0.01031	0.01307	0.00917	0.00775	0.03811	0.05315	0.17128	0.08071	0.15224	0.17171	0.09455	0.03651	0.00331	0.00566	0.01200	0.06003	0.00810
5	0.00979	0.00772	0.00887	0.00880	0.01084	0.00695	0.00651	0.01288	0.04210	0.02387	0.29352	0.14442	0.36156	0.01770	0.00881	0.00251	0.00381	0.01524	0.00738	0.00671
6	0.02647	0.03112	0.02033	0.01819	0.02209	0.55605	0.01378	0.12400	0.02263	0.02252	0.01453	0.06565	0.01285	0.00896	0.00700	0.00204	0.01196	0.00623	0.00458	0.00902
7	0.12796	0.01020	0.01160	0.01044	0.01336	0.01010	0.00793	0.04164	0.04949	0.16043	0.18422	0.11723	0.08151	0.09070	0.01082	0.00291	0.00516	0.01086	0.04521	0.00825
8	0.04379	0.00926	0.01110	0.01034	0.01310	0.00854	0.00790	0.04316	0.01802	0.16917	0.11716	0.17580	0.22901	0.05858	0.01020	0.00285	0.00502	0.05174	0.00733	0.00793
9	0.01025	0.00764	0.00976	0.01081	0.01229	0.00731	0.00846	0.01249	0.01562	0.02006	0.04679	0.23660	0.21004	0.06238	0.06123	0.00390	0.00636	0.24514	0.00653	0.00635
10	0.02760	0.01914	0.02077	0.01604	0.02166	0.02089	0.01321	0.57017	0.03241	0.09828	0.01921	0.01913	0.01355	0.00892	0.00727	0.00220	0.00768	0.00676	0.06289	0.01222
11	0.03706	0.00975	0.01110	0.01015	0.01274	0.00975	0.00772	0.05046	0.11373	0.05464	0.32562	0.04749	0.15723	0.05242	0.00963	0.00260	0.00449	0.01163	0.06384	0.00795
12	0.22678	0.01004	0.00990	0.00907	0.01207	0.01023	0.00695	0.01864	0.03645	0.09385	0.09583	0.03785	0.17322	0.08643	0.00984	0.00276	0.00490	0.00922	0.13839	0.00756
13	0.09147	0.01269	0.01550	0.01249	0.01726	0.01212	0.01007	0.07860	0.06845	0.42097	0.08542	0.02975	0.05530	0.04506	0.00886	0.00256	0.00605	0.00826	0.00812	0.01100
14	0.01063	0.00785	0.01140	0.01140	0.01254	0.00899	0.00862	0.01292	0.01177	0.01684	0.02037	0.03185	0.01972	0.15014	0.61682	0.01128	0.01813	0.00835	0.00405	0.00633
15	0.03389	0.00744	0.00909	0.00935	0.01026	0.00753	0.00636	0.01225	0.01355	0.01931	0.10355	0.18782	0.06881	0.27642	0.14661	0.00589	0.00803	0.01253	0.05547	0.00584
16	0.01328	0.00949	0.01117	0.01079	0.01302	0.00930	0.00822	0.09366	0.03714	0.04950	0.14573	0.17742	0.19412	0.09275	0.01189	0.00314	0.00529	0.09969	0.00700	0.00739
17	0.09320	0.01547	0.01627	0.01442	0.01880	0.01756	0.01132	0.03746	0.55222	0.09607	0.02824	0.02598	0.02086	0.00968	0.00726	0.00248	0.00591	0.00789	0.00743	0.01148
18	0.01233	0.06208	0.04073	0.03710	0.01507	0.00967	0.02977	0.01552	0.01843	0.05557	0.36931	0.18539	0.09001	0.01524	0.00844	0.00244	0.00494	0.01346	0.00701	0.00750
19	0.01676	0.01821	0.07144	0.46126	0.07365	0.09286	0.04294	0.06505	0.01704	0.02147	0.01369	0.01896	0.01048	0.00930	0.03437	0.00274	0.01066	0.00646	0.00369	0.00895
20	0.01034	0.00776	0.00977	0.01091	0.01210	0.00758	0.00788	0.01390	0.07760	0.02109	0.07237	0.49620	0.10345	0.02091	0.00930	0.00294	0.00469	0.09746	0.00701	0.00673
21	0.00877	0.00752	0.00752	0.00752	0.01003	0.00627	0.00564	0.01065	0.01692	0.02005	0.07520	0.07144	0.68978	0.01880	0.00877	0.00251	0.00376	0.01567	0.00689	0.00627
22	0.01539	0.01319	0.01539	0.01100	0.01759	0.00990	0.00880	0.01869	0.01539	0.02419	0.01319	0.01539	0.01100	0.00550	0.00550	0.00110	0.00550	0.00440	0.00440	0.78449
23	0.05690	0.01579	0.02507	0.30529	0.34420	0.01742	0.02025	0.05129	0.04849	0.02400	0.01443	0.01903	0.01140	0.00721	0.00725	0.00233	0.00891	0.00656	0.00393	0.01023
24	0.01107	0.00742	0.00925	0.00977	0.01093	0.00693	0.00686	0.01270	0.01528	0.05318	0.12292	0.30357	0.13170	0.18554	0.01578	0.00383	0.00514	0.07529	0.00661	0.00623
25	0.08079	0.01526	0.02382	0.16853	0.39161	0.01598	0.01859	0.02208	0.04028	0.05616	0.02053	0.02373	0.07478	0.00818	0.00728	0.00231	0.00808	0.00734	0.00438	0.01030
26	0.04585	0.28075	0.11968	0.01781	0.05886	0.08019	0.04877	0.06773	0.05556	0.02298	0.01314	0.01525	0.01079	0.00738	0.00739	0.00200	0.06006	0.00529	0.00399	0.07655
27	0.01387	0.00982	0.01319	0.01457	0.04991	0.00981	0.01138	0.04919	0.04822	0.05661	0.09425	0.13424	0.06548	0.01795	0.00944	0.00303	0.00627	0.37798	0.00697	0.00779
28	0.01080	0.00720	0.00810	0.00810	0.00810	0.00720	0.00450	0.01080	0.01080	0.01439	0.02339	0.04858	0.02699	0.73910	0.03779	0.00720	0.00720	0.01080	0.00450	0.00450
29	0.00901	0.00725	0.00803	0.00842	0.01032	0.00628	0.00609	0.01089	0.01661	0.02069	0.12434	0.24145	0.46541	0.01961	0.00895	0.00262	0.00388	0.01686	0.00701	0.00628

[dist]
# distance from previous block
# <min> <max>
0	1

[block]
# block no. 1 follows, 27 sequences, length 13
# corresponding to MSA columns:
# 61-73
name=unknown_B
#
# <colnr> <probs for GDERKNQSTAVLIFYWHMCP>
#	G	D	E	R	K	N	Q	S	T	A	V	L	I	F	Y	W	H	M	C	P
0	0.02077	0.09428	0.05032	0.03387	0.42565	0.10458	0.01938	0.05179	0.04810	0.05948	0.01496	0.01777	0.01206	0.00712	0.00701	0.00213	0.00908	0.00621	0.00425	0.01120
1	0.06013	0.01338	0.01828	0.01647	0.08745	0.01221	0.01205	0.03443	0.05471	0.56908	0.02705	0.02418	0.01753	0.00888	0.00735	0.00230	0.00653	0.00729	0.00837	0.01232
2	0.08641	0.06738	0.02184	0.01924	0.05722	0.48526	0.01425	0.09781	0.02105	0.02276	0.01209	0.01405	0.00990	0.00778	0.00713	0.00202	0.03534	0.00504	0.00422	0.00920
3	0.00955	0.00715	0.01001	0.08278	0.01488	0.00710	0.00829	0.01122	0.01428	0.01895	0.03809	0.66146	0.04511	0.02164	0.00927	0.00296	0.00488	0.01963	0.00653	0.00626
4	0.01225	0.00798	0.01042	0.01007	0.01108	0.00853	0.00718	0.01380	0.01306	0.04653	0.08933	0.03746	0.02615	0.27987	0.24607	0.04776	0.03782	0.00925	0.07932	0.00608
5	0.79154	0.01436	0.01091	0.00976	0.01436	0.01665	0.00804	0.02182	0.01263	0.03331	0.01034	0.01206	0.00804	0.00689	0.00459	0.00230	0.00574	0.00402	0.00459	0.00804
6	0.01301	0.01176	0.01587	0.01852	0.16175	0.03377	0.04058	0.01711	0.05283	0.02387	0.18173	0.05085	0.27382	0.01411	0.00844	0.00245	0.00587	0.05921	0.00625	0.00820
7	0.01985	0.74357	0.03890	0.01270	0.01905	0.02937	0.01270	0.02223	0.01508	0.01747	0.01032	0.01191	0.00953	0.00635	0.00476	0.00159	0.00794	0.00397	0.00318	0.00953
8	0.01072	0.00766	0.01052	0.01209	0.01330	0.00746	0.00966	0.01331	0.01619	0.02139	0.07955	0.33860	0.04690	0.02127	0.00986	0.00319	0.00564	0.35922	0.00694	0.00653
9	0.02382	0.02355	0.01724	0.01508	0.01881	0.33756	0.01163	0.18214	0.02284	0.02793	0.01673	0.01862	0.01306	0.00825	0.00644	0.00194	0.00923	0.00587	0.23018	0.00910
10	0.01837	0.01764	0.03013	0.04557	0.69279	0.01764	0.02278	0.02278	0.01690	0.02425	0.01396	0.01837	0.01176	0.00661	0.00735	0.00220	0.00882	0.00661	0.00367	0.01176
11	0.01872	0.01659	0.02474	0.19142	0.29993	0.04352	0.03747	0.05758	0.08142	0.06559	0.04248	0.02119	0.01490	0.00808	0.00829	0.00236	0.04347	0.00709	0.00465	0.01051
12	0.02319	0.13478	0.05076	0.05453	0.05600	0.14420	0.01476	0.24113	0.15251	0.03062	0.01734	0.01809	0.01325	0.00825	0.00689	0.00215	0.00884	0.00620	0.00559	0.01092

[dist]
# distance from previous block
# <min> <max>
0	1

[block]
# block no. 2 follows, 27 sequences, length 33
# corresponding to MSA columns:
# 75-107
name=unknown_C
#
# <colnr> <probs for GDERKNQSTAVLIFYWHMCP>
#	G	D	E	R	K	N	Q	S	T	A	V	L	I	F	Y	W	H	M	C	P
0	0.19958	0.01926	0.05022	0.02826	0.26927	0.06017	0.12067	0.07923	0.05589	0.02820	0.01438	0.01726	0.01130	0.00710	0.00690	0.00228	0.00883	0.00631	0.00443	0.01047
1	0.06375	0.14317	0.23948	0.05614	0.10737	0.01746	0.01782	0.02273	0.04280	0.04578	0.01468	0.03594	0.01188	0.00726	0.00641	0.00201	0.00831	0.00577	0.00402	0.14723
2	0.01780	0.01967	0.09043	0.06280	0.51549	0.01774	0.12070	0.02288	0.01682	0.02395	0.01404	0.01843	0.01142	0.00662	0.00754	0.00227	0.00960	0.00684	0.00363	0.01131
3	0.00952	0.00748	0.00861	0.00848	0.01053	0.00656	0.00630	0.01205	0.01846	0.02408	0.33159	0.10968	0.38504	0.01758	0.00881	0.00247	0.00369	0.01509	0.00743	0.00656
4	0.01539	0.01319	0.01539	0.01100	0.01759	0.00990	0.00880	0.01869	0.01539	0.02419	0.01319	0.01539	0.01100	0.00550	0.00550	0.00110	0.00550	0.00440	0.00440	0.78449
5	0.01489	0.03840	0.70064	0.02116	0.03213	0.01724	0.02743	0.02351	0.01567	0.02351	0.01332	0.01567	0.00940	0.00705	0.00705	0.00235	0.01097	0.00549	0.00313	0.01097
6	0.03180	0.01505	0.01872	0.01435	0.02015	0.01449	0.01186	0.22306	0.02529	0.50534	0.02590	0.02307	0.01668	0.00911	0.00745	0.00228	0.00686	0.00723	0.00867	0.01263
7	0.00977	0.00714	0.00915	0.01017	0.01111	0.00690	0.00723	0.01138	0.01422	0.01866	0.04108	0.37960	0.13947	0.12633	0.09414	0.00460	0.00672	0.09010	0.00621	0.00601
8	0.79154	0.01436	0.01091	0.00976	0.01436	0.01665	0.00804	0.02182	0.01263	0.03331	0.01034	0.01206	0.00804	0.00689	0.00459	0.00230	0.00574	0.00402	0.00459	0.00804
9	0.01051	0.00759	0.00992	0.00934	0.01109	0.00700	0.00700	0.01401	0.02101	0.02977	0.68888	0.05545	0.07005	0.01518	0.00876	0.00233	0.00350	0.01343	0.00817	0.00700
10	0.01013	0.00733	0.00948	0.00945	0.01088	0.00677	0.00684	0.01297	0.01903	0.02651	0.50101	0.20442	0.08815	0.04119	0.00988	0.00265	0.00381	0.01511	0.00772	0.00668
11	0.01890	0.01430	0.01537	0.01331	0.01742	0.01551	0.01049	0.15048	0.33064	0.07690	0.06166	0.03551	0.15621	0.01169	0.00773	0.00241	0.00574	0.00961	0.03561	0.01052
12	0.79154	0.01436	0.01091	0.00976	0.01436	0.01665	0.00804	0.02182	0.01263	0.03331	0.01034	0.01206	0.00804	0.00689	0.00459	0.00230	0.00574	0.00402	0.00459	0.00804
13	0.01398	0.00743	0.00764	0.00753	0.00926	0.00749	0.00557	0.04101	0.01598	0.02727	0.02476	0.06318	0.02068	0.04763	0.00719	0.00210	0.00387	0.00781	0.67264	0.00696
14	0.01168	0.00861	0.01021	0.00999	0.01232	0.00811	0.00774	0.01610	0.08009	0.05240	0.27310	0.09663	0.27432	0.01680	0.00882	0.00258	0.00438	0.09131	0.00748	0.00735
15	0.01078	0.00728	0.00850	0.00850	0.00864	0.00742	0.00500	0.01106	0.01092	0.01469	0.02302	0.04653	0.02610	0.66701	0.10866	0.00770	0.00854	0.01050	0.00444	0.00472
16	0.00904	0.00646	0.00861	0.01034	0.01077	0.00603	0.00689	0.01034	0.01421	0.01895	0.04092	0.73426	0.04910	0.02326	0.00948	0.00301	0.00431	0.02110	0.00689	0.00603
17	0.00949	0.00753	0.00840	0.00819	0.01030	0.00658	0.00606	0.01185	0.01805	0.02319	0.28954	0.06459	0.43587	0.05524	0.01029	0.00269	0.00385	0.01462	0.00722	0.00644
18	0.02170	0.01479	0.01647	0.01386	0.01811	0.01589	0.01088	0.18284	0.27677	0.14863	0.06119	0.03069	0.05724	0.08395	0.01068	0.00287	0.00640	0.00870	0.00750	0.01086
19	0.01074	0.00773	0.01052	0.01216	0.01344	0.00752	0.00980	0.01331	0.01603	0.02092	0.04164	0.32059	0.07651	0.02143	0.00990	0.00323	0.00576	0.38539	0.00686	0.00651
20	0.01080	0.00720	0.00810	0.00810	0.00810	0.00720	0.00450	0.01080	0.01080	0.01439	0.02339	0.04858	0.02699	0.73910	0.03779	0.00720	0.00720	0.01080	0.00450	0.00450
21	0.00903	0.00654	0.00854	0.01014	0.01072	0.00605	0.00680	0.01036	0.01440	0.01903	0.04333	0.68757	0.09423	0.02294	0.00943	0.00298	0.00427	0.02072	0.00689	0.00605
22	0.01078	0.00725	0.00836	0.00836	0.00845	0.00734	0.00482	0.01096	0.01087	0.01459	0.02315	0.04726	0.02642	0.69273	0.08338	0.00752	0.00806	0.01060	0.00446	0.00464
23	0.00877	0.00752	0.00752	0.00752	0.01003	0.00627	0.00564	0.01065	0.01692	0.02005	0.07520	0.07144	0.68978	0.01880	0.00877	0.00251	0.00376	0.01567	0.00689	0.00627
24	0.01539	0.01319	0.01539	0.01100	0.01759	0.00990	0.00880	0.01869	0.01539	0.02419	0.01319	0.01539	0.01100	0.00550	0.00550	0.00110	0.00550	0.00440	0.00440	0.78449
25	0.00995	0.00746	0.00922	0.00900	0.01080	0.00673	0.00666	0.01285	0.01938	0.02640	0.47929	0.12383	0.21751	0.01682	0.00883	0.00244	0.00364	0.01470	0.00774	0.00673
26	0.01590	0.01278	0.01509	0.01107	0.01727	0.00972	0.00879	0.01906	0.01561	0.05665	0.01557	0.05725	0.01355	0.00670	0.00582	0.00127	0.00547	0.00551	0.00477	0.70215
27	0.01080	0.00720	0.00810	0.00810	0.00810	0.00720	0.00450	0.01080	0.01080	0.01439	0.02339	0.04858	0.02699	0.73910	0.03779	0.00720	0.00720	0.01080	0.00450	0.00450
28	0.20228	0.01550	0.01608	0.01371	0.01829	0.01715	0.01103	0.17886	0.23460	0.10837	0.04426	0.04836	0.01951	0.00992	0.00702	0.00242	0.00633	0.02865	0.00699	0.01067
29	0.06785	0.19968	0.02380	0.06339	0.05563	0.08851	0.05722	0.03855	0.01541	0.02040	0.01615	0.08272	0.01599	0.11973	0.01236	0.00290	0.05513	0.00750	0.00413	0.05294
30	0.05698	0.13216	0.07340	0.01401	0.01841	0.04062	0.01240	0.16152	0.01914	0.07178	0.02032	0.06289	0.04097	0.02038	0.16987	0.00445	0.03654	0.00748	0.02737	0.00931
31	0.01080	0.01472	0.17369	0.01171	0.01542	0.00914	0.01123	0.01397	0.01515	0.01987	0.04383	0.16815	0.26969	0.13736	0.01342	0.00339	0.00633	0.04945	0.00559	0.00709
32	0.01857	0.01056	0.01301	0.01178	0.01438	0.01038	0.00886	0.11714	0.01867	0.18493	0.05129	0.18413	0.03042	0.20550	0.01619	0.00384	0.00638	0.07871	0.00693	0.00832

[dist]
# distance from previous block
# <min> <max>
2	12

[block]
# block no. 3 follows, 27 sequences, length 125
# corresponding to MSA columns:
# 120-244
name=unknown_D
#
# <colnr> <probs for GDERKNQSTAVLIFYWHMCP>
#	G	D	E	R	K	N	Q	S	T	A	V	L	I	F	Y	W	H	M	C	P
0	0.02209	0.12379	0.09588	0.01754	0.02273	0.19408	0.03831	0.11095	0.17584	0.04586	0.01727	0.01818	0.01336	0.00854	0.00820	0.00223	0.06348	0.00619	0.00512	0.01037
1	0.01201	0.00749	0.00859	0.00837	0.00868	0.00740	0.00484	0.01217	0.01136	0.05131	0.02371	0.04732	0.02652	0.69968	0.03615	0.00693	0.00715	0.01062	0.00475	0.00494
2	0.01504	0.01289	0.01497	0.01081	0.01718	0.00970	0.00863	0.01826	0.01548	0.02397	0.01654	0.01842	0.04766	0.00622	0.00567	0.00118	0.00540	0.00501	0.00453	0.74246
3	0.01567	0.01540	0.02165	0.01873	0.01886	0.02138	0.01554	0.01740	0.01143	0.01780	0.01077	0.01755	0.01064	0.01731	0.09362	0.00413	0.65420	0.00664	0.00332	0.00797
4	0.02085	0.31745	0.12124	0.01628	0.02174	0.20092	0.01531	0.05837	0.01768	0.02068	0.04331	0.01561	0.01256	0.00800	0.00788	0.00201	0.08169	0.00523	0.00381	0.00940
5	0.01608	0.03134	0.47251	0.02946	0.25691	0.01738	0.02585	0.02326	0.01609	0.02376	0.01354	0.01659	0.01021	0.00690	0.00715	0.00230	0.01024	0.00587	0.00332	0.01124
6	0.01054	0.00709	0.00817	0.00842	0.00848	0.00703	0.00484	0.01073	0.01129	0.01505	0.02593	0.14794	0.03019	0.63538	0.03368	0.00659	0.00678	0.01229	0.00484	0.00472
7	0.01240	0.00805	0.01062	0.00991	0.01197	0.00741	0.00761	0.01585	0.02080	0.08229	0.59765	0.05476	0.06431	0.01502	0.00874	0.00240	0.00393	0.05068	0.00817	0.00744
8	0.01552	0.05776	0.58916	0.02419	0.12106	0.01768	0.02634	0.02337	0.01582	0.02342	0.01331	0.01592	0.00973	0.00697	0.00702	0.00231	0.01059	0.00559	0.00321	0.01103
9	0.00995	0.00697	0.00899	0.01025	0.01076	0.00672	0.00703	0.01123	0.01375	0.01824	0.03603	0.45331	0.04227	0.21255	0.01710	0.00418	0.00546	0.11321	0.00625	0.00575
10	0.00913	0.00712	0.00831	0.00903	0.01060	0.00630	0.00648	0.01094	0.01613	0.02042	0.10720	0.34395	0.35565	0.02042	0.00911	0.00273	0.00407	0.03917	0.00699	0.00625
11	0.03087	0.01244	0.01670	0.01297	0.01833	0.01098	0.01065	0.05765	0.02174	0.60773	0.09384	0.02796	0.02325	0.00977	0.00759	0.00230	0.00611	0.00802	0.00902	0.01208
12	0.03331	0.01263	0.01723	0.01321	0.01895	0.01091	0.01091	0.03618	0.02125	0.69794	0.02929	0.02527	0.01838	0.00919	0.00747	0.00230	0.00632	0.00747	0.00919	0.01263
13	0.00949	0.00678	0.00912	0.01084	0.01147	0.00641	0.00766	0.01110	0.01465	0.01945	0.04067	0.63559	0.04813	0.02284	0.00959	0.00308	0.00469	0.11540	0.00688	0.00615
14	0.00904	0.00646	0.00861	0.01034	0.01077	0.00603	0.00689	0.01034	0.01421	0.01895	0.04092	0.73426	0.04910	0.02326	0.00948	0.00301	0.00431	0.02110	0.00689	0.00603
15	0.02822	0.02079	0.02228	0.01708	0.02302	0.02302	0.01411	0.66804	0.03490	0.04679	0.01782	0.01782	0.01262	0.00891	0.00743	0.00223	0.00817	0.00668	0.00743	0.01262
16	0.00877	0.00752	0.00752	0.00752	0.01003	0.00627	0.00564	0.01065	0.01692	0.02005	0.07520	0.07144	0.68978	0.01880	0.00877	0.00251	0.00376	0.01567	0.00689	0.00627
17	0.01510	0.00729	0.00759	0.00733	0.00932	0.00718	0.00556	0.01853	0.01594	0.07125	0.02455	0.02752	0.01899	0.00868	0.00534	0.00177	0.00365	0.00695	0.73018	0.00729
18	0.01356	0.00693	0.00729	0.00725	0.00887	0.00689	0.00539	0.01660	0.01555	0.02687	0.06671	0.02916	0.02195	0.01016	0.00694	0.05158	0.00365	0.00731	0.68063	0.00669
19	0.01187	0.00848	0.01183	0.01340	0.01511	0.00845	0.01165	0.01529	0.01734	0.02270	0.08067	0.08194	0.04446	0.02017	0.01016	0.00335	0.00662	0.60275	0.00692	0.00685
20	0.00929	0.00700	0.00864	0.00966	0.01088	0.00635	0.00687	0.01109	0.01580	0.02047	0.11005	0.43976	0.23422	0.02106	0.00926	0.00283	0.00424	0.05926	0.00701	0.00624
21	0.00920	0.00660	0.00849	0.00994	0.01046	0.00616	0.00658	0.01040	0.01405	0.01857	0.04137	0.62445	0.08772	0.09355	0.01222	0.00339	0.00456	0.01974	0.00666	0.00589
22	0.00904	0.00646	0.00861	0.01034	0.01077	0.00603	0.00689	0.01034	0.01421	0.01895	0.04092	0.73426	0.04910	0.02326	0.00948	0.00301	0.00431	0.02110	0.00689	0.00603
23	0.79154	0.01436	0.01091	0.00976	0.01436	0.01665	0.00804	0.02182	0.01263	0.03331	0.01034	0.01206	0.00804	0.00689	0.00459	0.00230	0.00574	0.00402	0.00459	0.00804
24	0.01080	0.00720	0.00810	0.00810	0.00810	0.00720	0.00450	0.01080	0.01080	0.01439	0.02339	0.04858	0.02699	0.73910	0.03779	0.00720	0.00720	0.01080	0.00450	0.00450
25	0.03026	0.01198	0.01613	0.01259	0.01787	0.01036	0.01032	0.03311	0.02095	0.61132	0.07427	0.03019	0.06532	0.01019	0.00763	0.00231	0.00597	0.00838	0.00897	0.01186
26	0.01985	0.74357	0.03890	0.01270	0.01905	0.02937	0.01270	0.02223	0.01508	0.01747	0.01032	0.01191	0.00953	0.00635	0.00476	0.00159	0.00794	0.00397	0.00318	0.00953
27	0.01985	0.74357	0.03890	0.01270	0.01905	0.02937	0.01270	0.02223	0.01508	0.01747	0.01032	0.01191	0.00953	0.00635	0.00476	0.00159	0.00794	0.00397	0.00318	0.00953
28	0.01033	0.00758	0.00968	0.00915	0.01098	0.00693	0.00687	0.01367	0.02060	0.02878	0.62651	0.05708	0.13303	0.01555	0.00876	0.00235	0.00353	0.01365	0.00804	0.00693
29	0.00946	0.00654	0.00847	0.00997	0.01046	0.00616	0.00663	0.01081	0.01408	0.01921	0.03871	0.64469	0.04575	0.06887	0.01104	0.00320	0.00444	0.01953	0.05598	0.00599
30	0.02108	0.63288	0.03611	0.01371	0.01966	0.13565	0.01296	0.02339	0.01601	0.01758	0.01050	0.01214	0.00953	0.00655	0.00507	0.00164	0.00879	0.00410	0.00328	0.00938
31	0.00904	0.00646	0.00861	0.01034	0.01077	0.00603	0.00689	0.01034	0.01421	0.01895	0.04092	0.73426	0.04910	0.02326	0.00948	0.00301	0.00431	0.02110	0.00689	0.00603
32	0.01447	0.01366	0.02309	0.65084	0.11800	0.01661	0.02084	0.01937	0.01506	0.01952	0.01327	0.01964	0.01009	0.00734	0.00741	0.00245	0.00978	0.00660	0.00334	0.00861
33	0.01289	0.00645	0.00967	0.00967	0.00967	0.00645	0.00645	0.00967	0.00967	0.01289	0.01289	0.02257	0.01289	0.02579	0.02901	0.78401	0.00645	0.00645	0.00322	0.00322
34	0.01462	0.01381	0.02335	0.62823	0.13948	0.01665	0.02092	0.01949	0.01513	0.01970	0.01330	0.01960	0.01015	0.00731	0.00741	0.00244	0.00975	0.00660	0.00335	0.00873
35	0.01591	0.12163	0.02346	0.01734	0.01847	0.02166	0.01466	0.01780	0.01200	0.01771	0.01138	0.01758	0.01106	0.01853	0.12607	0.00433	0.51261	0.00635	0.00335	0.00810
36	0.01837	0.01764	0.03013	0.04557	0.69279	0.01764	0.02278	0.02278	0.01690	0.02425	0.01396	0.01837	0.01176	0.00661	0.00735	0.00220	0.00882	0.00661	0.00367	0.01176
37	0.00904	0.00646	0.00861	0.01034	0.01077	0.00603	0.00689	0.01034	0.01421	0.01895	0.04092	0.73426	0.04910	0.02326	0.00948	0.00301	0.00431	0.02110	0.00689	0.00603
38	0.00930	0.00680	0.00899	0.01022	0.01101	0.00649	0.00707	0.01094	0.01462	0.01955	0.08348	0.55304	0.10054	0.02611	0.09043	0.00396	0.00601	0.01863	0.00664	0.00618
39	0.00904	0.00646	0.00861	0.01034	0.01077	0.00603	0.00689	0.01034	0.01421	0.01895	0.04092	0.73426	0.04910	0.02326	0.00948	0.00301	0.00431	0.02110	0.00689	0.00603
40	0.01559	0.01337	0.01548	0.01126	0.01770	0.01044	0.00898	0.02001	0.05767	0.02463	0.01428	0.01618	0.01174	0.00579	0.00563	0.00119	0.00552	0.00465	0.00460	0.73528
41	0.01963	0.01652	0.01744	0.01534	0.01975	0.01901	0.01203	0.11426	0.60268	0.03293	0.02874	0.02652	0.02147	0.00993	0.00754	0.00248	0.00615	0.00819	0.00754	0.01185
42	0.00949	0.00758	0.00851	0.00838	0.01060	0.00661	0.00635	0.01198	0.01833	0.02346	0.28347	0.06646	0.45299	0.01763	0.00883	0.00248	0.00379	0.03919	0.00733	0.00654
43	0.06104	0.01268	0.01671	0.01297	0.01842	0.01134	0.01067	0.05787	0.02141	0.60527	0.07012	0.02640	0.02105	0.00947	0.00743	0.00230	0.00618	0.00768	0.00888	0.01210
44	0.02522	0.01903	0.02051	0.01647	0.02178	0.02117	0.01350	0.50033	0.16219	0.04205	0.02169	0.02408	0.01658	0.00990	0.00764	0.00236	0.00763	0.04838	0.00741	0.01207
45	0.00903	0.00653	0.00854	0.01015	0.01072	0.00605	0.00681	0.01036	0.01439	0.01902	0.04315	0.69117	0.09075	0.02297	0.00943	0.00298	0.00427	0.02075	0.00689	0.00605
46	0.01539	0.01319	0.01539	0.01100	0.01759	0.00990	0.00880	0.01869	0.01539	0.02419	0.01319	0.01539	0.01100	0.00550	0.00550	0.00110	0.00550	0.00440	0.00440	0.78449
47	0.00904	0.00646	0.00861	0.01034	0.01077	0.00603	0.00689	0.01034	0.01421	0.01895	0.04092	0.73426	0.04910	0.02326	0.00948	0.00301	0.00431	0.02110	0.00689	0.00603
48	0.00904	0.00646	0.00861	0.01034	0.01077	0.00603	0.00689	0.01034	0.01421	0.01895	0.04092	0.73426	0.04910	0.02326	0.00948	0.00301	0.00431	0.02110	0.00689	0.00603
49	0.01184	0.00846	0.01178	0.01329	0.01500	0.00841	0.01153	0.01526	0.01743	0.02288	0.09620	0.08126	0.04512	0.02004	0.01012	0.00332	0.00654	0.58770	0.00695	0.00685
50	0.01051	0.00759	0.00992	0.00934	0.01109	0.00700	0.00700	0.01401	0.02101	0.02977	0.68888	0.05545	0.07005	0.01518	0.00876	0.00233	0.00350	0.01343	0.00817	0.00700
51	0.01061	0.00795	0.01193	0.01193	0.01326	0.00928	0.00928	0.01326	0.01193	0.01723	0.01988	0.02916	0.01856	0.05568	0.70968	0.01193	0.01988	0.00795	0.00398	0.00663
52	0.01208	0.00826	0.01228	0.01201	0.01363	0.00939	0.00939	0.01475	0.01254	0.06149	0.02050	0.02891	0.01855	0.05265	0.66403	0.01130	0.01900	0.00792	0.00432	0.00702
53	0.01132	0.00855	0.01057	0.00990	0.01198	0.00829	0.00747	0.01675	0.09698	0.02934	0.57585	0.05320	0.10171	0.01480	0.00862	0.00237	0.00379	0.01298	0.00802	0.00751
54	0.02536	0.03097	0.01987	0.01811	0.02183	0.57036	0.01366	0.02990	0.10948	0.01985	0.01456	0.01635	0.01192	0.01110	0.05251	0.00265	0.01279	0.00548	0.00434	0.00890
55	0.01104	0.00739	0.00908	0.00905	0.00965	0.00772	0.00594	0.01223	0.01195	0.01705	0.04643	0.04150	0.02547	0.45579	0.21426	0.00775	0.01010	0.00974	0.08247	0.00540
56	0.02773	0.03538	0.02104	0.01913	0.02295	0.70930	0.01434	0.02964	0.02104	0.01817	0.01148	0.01339	0.00956	0.00765	0.00669	0.00191	0.01339	0.00478	0.00383	0.00861
57	0.02672	0.01855	0.02032	0.01589	0.02132	0.02008	0.01300	0.53799	0.03153	0.10766	0.02267	0.06721	0.04179	0.01025	0.00762	0.00230	0.00757	0.00805	0.00754	0.01195
58	0.01846	0.01595	0.01679	0.01511	0.01930	0.01846	0.01175	0.03945	0.67938	0.03105	0.03022	0.02770	0.02266	0.01007	0.00755	0.00252	0.00588	0.00839	0.00755	0.01175
59	0.01591	0.01344	0.01452	0.01359	0.01693	0.01510	0.01034	0.03160	0.49714	0.02816	0.05677	0.15880	0.06961	0.01315	0.00801	0.00260	0.00538	0.01130	0.00741	0.01023
60	0.00945	0.00753	0.00837	0.00817	0.01031	0.00656	0.00606	0.01181	0.01807	0.02315	0.28321	0.06504	0.45073	0.04676	0.00994	0.00264	0.00381	0.01470	0.00723	0.00645
61	0.00926	0.00763	0.00819	0.00831	0.01066	0.00656	0.00640	0.01144	0.01732	0.02119	0.12963	0.07116	0.56637	0.01863	0.00892	0.00258	0.00404	0.07828	0.00701	0.00639
62	0.01018	0.00766	0.00956	0.00995	0.01176	0.00704	0.00777	0.01294	0.01813	0.02395	0.28441	0.14530	0.23917	0.01841	0.00920	0.00272	0.00446	0.16340	0.00734	0.00664
63	0.01539	0.01319	0.01539	0.01100	0.01759	0.00990	0.00880	0.01869	0.01539	0.02419	0.01319	0.01539	0.01100	0.00550	0.00550	0.00110	0.00550	0.00440	0.00440	0.78449
64	0.01874	0.01875	0.02804	0.06969	0.57236	0.08531	0.02122	0.02280	0.01712	0.02322	0.01478	0.04696	0.01298	0.00742	0.00737	0.00222	0.00913	0.00702	0.00380	0.01107
65	0.01339	0.01086	0.01254	0.00991	0.01416	0.00873	0.00731	0.01560	0.01422	0.02100	0.02186	0.05561	0.06992	0.20725	0.01471	0.00294	0.00578	0.00765	0.00471	0.48186
66	0.01294	0.00765	0.01004	0.01039	0.01173	0.00709	0.00730	0.01467	0.01582	0.11329	0.13356	0.41837	0.04473	0.11917	0.01304	0.00341	0.00495	0.03790	0.00706	0.00690
67	0.01488	0.01399	0.02345	0.62880	0.04813	0.01712	0.05503	0.04624	0.01570	0.02035	0.01336	0.01959	0.01008	0.00763	0.00812	0.00249	0.03633	0.00671	0.00349	0.00852
68	0.04430	0.01797	0.08709	0.01590	0.02140	0.03729	0.08277	0.12592	0.08034	0.04815	0.01723	0.02155	0.01417	0.08669	0.03051	0.00283	0.03732	0.00668	0.00508	0.21681
69	0.01109	0.00675	0.00891	0.00949	0.00981	0.00658	0.00625	0.01060	0.01199	0.01609	0.02723	0.24812	0.05095	0.19392	0.02314	0.28568	0.00581	0.03509	0.02776	0.00472
70	0.00974	0.00694	0.00843	0.00915	0.00981	0.00654	0.00595	0.01088	0.01405	0.01859	0.10091	0.35929	0.12222	0.26118	0.01878	0.00429	0.00513	0.01626	0.00621	0.00564
71	0.79154	0.01436	0.01091	0.00976	0.01436	0.01665	0.00804	0.02182	0.01263	0.03331	0.01034	0.01206	0.00804	0.00689	0.00459	0.00230	0.00574	0.00402	0.00459	0.00804
72	0.01231	0.00955	0.01214	0.04969	0.01473	0.01067	0.00888	0.01730	0.12688	0.01971	0.05192	0.10363	0.02706	0.25057	0.19305	0.00643	0.03660	0.03670	0.00525	0.00695
73	0.02706	0.02006	0.02154	0.01670	0.02239	0.02220	0.01373	0.61060	0.06921	0.04533	0.04259	0.01971	0.01523	0.00920	0.00748	0.00225	0.00788	0.00702	0.00746	0.01238
74	0.00986	0.00718	0.00928	0.00956	0.01090	0.00660	0.00686	0.01245	0.01829	0.02520	0.41296	0.29794	0.10863	0.01832	0.00901	0.00259	0.00381	0.01632	0.00762	0.00660
75	0.02279	0.34228	0.09379	0.01733	0.04439	0.29934	0.01515	0.04951	0.01832	0.01964	0.01147	0.01329	0.00972	0.00704	0.00594	0.00183	0.01044	0.00463	0.00361	0.00949
76	0.00903	0.00695	0.00827	0.00917	0.01050	0.00618	0.00641	0.01069	0.01570	0.02007	0.09528	0.43147	0.30167	0.02100	0.00915	0.00277	0.00404	0.01849	0.00697	0.00618
77	0.60459	0.01336	0.01141	0.01021	0.01408	0.01525	0.00814	0.06081	0.01353	0.03054	0.01127	0.01429	0.00919	0.01038	0.00911	0.14118	0.00602	0.00462	0.00453	0.00748
78	0.01327	0.00844	0.01025	0.00960	0.01203	0.00745	0.00713	0.01550	0.01726	0.11276	0.19168	0.14807	0.22833	0.09796	0.01181	0.00298	0.00473	0.03598	0.00705	0.05769
79	0.00964	0.00671	0.00844	0.00958	0.00986	0.00643	0.00608	0.01049	0.01305	0.01740	0.03497	0.50163	0.04160	0.26612	0.01908	0.00443	0.00529	0.01761	0.00608	0.00551
80	0.01061	0.00795	0.01193	0.01193	0.01326	0.00928	0.00928	0.01326	0.01193	0.01723	0.01988	0.02916	0.01856	0.05568	0.70968	0.01193	0.01988	0.00795	0.00398	0.00663
81	0.01061	0.00795	0.01193	0.01193	0.01326	0.00928	0.00928	0.01326	0.01193	0.01723	0.01988	0.02916	0.01856	0.05568	0.70968	0.01193	0.01988	0.00795	0.00398	0.00663
82	0.00973	0.00743	0.00897	0.00914	0.01093	0.00667	0.00681	0.01226	0.01813	0.02395	0.31653	0.17959	0.28656	0.01820	0.00898	0.00258	0.00395	0.05562	0.00741	0.00656
83	0.01064	0.00781	0.01120	0.01120	0.01228	0.00888	0.00837	0.01279	0.01172	0.01669	0.02055	0.03285	0.02016	0.18542	0.58213	0.01103	0.01748	0.00849	0.00408	0.00622
84	0.01196	0.00854	0.01196	0.01367	0.01538	0.00854	0.01196	0.01538	0.01709	0.02222	0.03931	0.08374	0.04272	0.02051	0.01025	0.00342	0.00684	0.64283	0.00684	0.00684
85	0.74326	0.01425	0.01131	0.00998	0.01465	0.01629	0.00822	0.02274	0.01318	0.07563	0.01154	0.01290	0.00870	0.00704	0.00478	0.00230	0.00578	0.00424	0.00489	0.00833
86	0.01254	0.00898	0.01233	0.01379	0.01565	0.00906	0.01204	0.03874	0.01773	0.02310	0.03854	0.08138	0.04165	0.02009	0.01015	0.00338	0.00688	0.62006	0.00686	0.00704
87	0.00904	0.00646	0.00861	0.01034	0.01077	0.00603	0.00689	0.01034	0.01421	0.01895	0.04092	0.73426	0.04910	0.02326	0.00948	0.00301	0.00431	0.02110	0.00689	0.00603
88	0.03307	0.01302	0.01747	0.01339	0.01914	0.01148	0.01106	0.06591	0.02189	0.66730	0.02875	0.02492	0.01811	0.00918	0.00746	0.00229	0.00640	0.00743	0.00911	0.01263
89	0.01051	0.00759	0.00992	0.00934	0.01109	0.00700	0.00700	0.01401	0.02101	0.02977	0.68888	0.05545	0.07005	0.01518	0.00876	0.00233	0.00350	0.01343	0.00817	0.00700
90	0.01080	0.00720	0.00810	0.00810	0.00810	0.00720	0.00450	0.01080	0.01080	0.01439	0.02339	0.04858	0.02699	0.73910	0.03779	0.00720	0.00720	0.01080	0.00450	0.00450
91	0.01384	0.00692	0.00692	0.00692	0.00865	0.00692	0.00519	0.01730	0.01557	0.02768	0.02422	0.02768	0.01903	0.00865	0.00519	0.00173	0.00346	0.00692	0.78031	0.00692
92	0.01846	0.01595	0.01679	0.01511	0.01930	0.01846	0.01175	0.03945	0.67938	0.03105	0.03022	0.02770	0.02266	0.01007	0.00755	0.00252	0.00588	0.00839	0.00755	0.01175
93	0.02773	0.03538	0.02104	0.01913	0.02295	0.70930	0.01434	0.02964	0.02104	0.01817	0.01148	0.01339	0.00956	0.00765	0.00669	0.00191	0.01339	0.00478	0.00383	0.00861
94	0.03331	0.01263	0.01723	0.01321	0.01895	0.01091	0.01091	0.03618	0.02125	0.69794	0.02929	0.02527	0.01838	0.00919	0.00747	0.00230	0.00632	0.00747	0.00919	0.01263
95	0.00877	0.00752	0.00752	0.00752	0.01003	0.00627	0.00564	0.01065	0.01692	0.02005	0.07520	0.07144	0.68978	0.01880	0.00877	0.00251	0.00376	0.01567	0.00689	0.00627
96	0.02773	0.03538	0.02104	0.01913	0.02295	0.70930	0.01434	0.02964	0.02104	0.01817	0.01148	0.01339	0.00956	0.00765	0.00669	0.00191	0.01339	0.00478	0.00383	0.00861
97	0.00877	0.00752	0.00752	0.00752	0.01003	0.00627	0.00564	0.01065	0.01692	0.02005	0.07520	0.07144	0.68978	0.01880	0.00877	0.00251	0.00376	0.01567	0.00689	0.00627
98	0.00904	0.00646	0.00861	0.01034	0.01077	0.00603	0.00689	0.01034	0.01421	0.01895	0.04092	0.73426	0.04910	0.02326	0.00948	0.00301	0.00431	0.02110	0.00689	0.00603
99	0.03331	0.01263	0.01723	0.01321	0.01895	0.01091	0.01091	0.03618	0.02125	0.69794	0.02929	0.02527	0.01838	0.00919	0.00747	0.00230	0.00632	0.00747	0.00919	0.01263
100	0.79154	0.01436	0.01091	0.00976	0.01436	0.01665	0.00804	0.02182	0.01263	0.03331	0.01034	0.01206	0.00804	0.00689	0.00459	0.00230	0.00574	0.00402	0.00459	0.00804
101	0.00919	0.00754	0.00810	0.00796	0.01028	0.00645	0.00597	0.01146	0.01791	0.02240	0.22349	0.06758	0.54003	0.01793	0.00877	0.00247	0.00370	0.01513	0.00720	0.00645
102	0.02773	0.03538	0.02104	0.01913	0.02295	0.70930	0.01434	0.02964	0.02104	0.01817	0.01148	0.01339	0.00956	0.00765	0.00669	0.00191	0.01339	0.00478	0.00383	0.00861
103	0.79154	0.01436	0.01091	0.00976	0.01436	0.01665	0.00804	0.02182	0.01263	0.03331	0.01034	0.01206	0.00804	0.00689	0.00459	0.00230	0.00574	0.00402	0.00459	0.00804
104	0.00904	0.00646	0.00861	0.01034	0.01077	0.00603	0.00689	0.01034	0.01421	0.01895	0.04092	0.73426	0.04910	0.02326	0.00948	0.00301	0.00431	0.02110	0.00689	0.00603
105	0.01489	0.03840	0.70064	0.02116	0.03213	0.01724	0.02743	0.02351	0.01567	0.02351	0.01332	0.01567	0.00940	0.00705	0.00705	0.00235	0.01097	0.00549	0.00313	0.01097
106	0.01314	0.00845	0.01095	0.00997	0.01223	0.00788	0.00760	0.01731	0.04847	0.09735	0.59477	0.05125	0.06285	0.01436	0.00858	0.00234	0.00389	0.01261	0.00825	0.00777
107	0.70151	0.01350	0.01045	0.00943	0.01370	0.01553	0.00771	0.02130	0.01297	0.03266	0.01194	0.01387	0.00931	0.00709	0.00466	0.00223	0.00548	0.00436	0.09439	0.00791
108	0.01752	0.02003	0.04380	0.03129	0.03880	0.01877	0.66583	0.02378	0.01752	0.02378	0.01502	0.02003	0.01126	0.00626	0.00876	0.00250	0.01252	0.00876	0.00375	0.01001
109	0.02822	0.02079	0.02228	0.01708	0.02302	0.02302	0.01411	0.66804	0.03490	0.04679	0.01782	0.01782	0.01262	0.00891	0.00743	0.00223	0.00817	0.00668	0.00743	0.01262
110	0.00937	0.00688	0.00859	0.00952	0.01048	0.00632	0.00651	0.01101	0.01549	0.02050	0.14833	0.45872	0.16044	0.07775	0.01148	0.00315	0.00431	0.01814	0.00691	0.00610
111	0.00981	0.00756	0.00896	0.00861	0.01067	0.00671	0.00646	0.01267	0.01938	0.02589	0.44371	0.06184	0.31763	0.01662	0.00876	0.00240	0.00361	0.01432	0.00766	0.00671
112	0.00883	0.00752	0.00760	0.00758	0.01006	0.00629	0.00569	0.01077	0.01706	0.02038	0.09577	0.07091	0.66902	0.01868	0.00877	0.00250	0.00375	0.01559	0.00694	0.00629
113	0.03247	0.01397	0.01805	0.01384	0.01962	0.01289	0.01143	0.13961	0.02348	0.59135	0.02741	0.02405	0.01744	0.00914	0.00746	0.00229	0.00662	0.00734	0.00890	0.01263
114	0.22048	0.01204	0.01257	0.01118	0.01493	0.01250	0.00883	0.06287	0.10095	0.14489	0.07493	0.08445	0.14258	0.03414	0.00819	0.00260	0.00549	0.03065	0.00681	0.00892
115	0.02822	0.02079	0.02228	0.01708	0.02302	0.02302	0.01411	0.66804	0.03490	0.04679	0.01782	0.01782	0.01262	0.00891	0.00743	0.00223	0.00817	0.00668	0.00743	0.01262
116	0.00904	0.00753	0.00789	0.00780	0.01019	0.00638	0.00585	0.01117	0.01754	0.02154	0.16876	0.06901	0.59530	0.01825	0.00877	0.00248	0.00372	0.01533	0.00709	0.00638
117	0.01460	0.00872	0.01084	0.01048	0.01269	0.00811	0.00768	0.03540	0.04223	0.14472	0.13552	0.31136	0.15286	0.05655	0.01029	0.00289	0.00479	0.01516	0.00740	0.00773
118	0.01074	0.00766	0.00915	0.00926	0.01110	0.00698	0.00675	0.01362	0.03734	0.04766	0.24636	0.24492	0.25543	0.01794	0.00874	0.00256	0.00398	0.01564	0.03734	0.00684
119	0.01073	0.00717	0.00812	0.00818	0.00819	0.00715	0.00459	0.01078	0.01092	0.01456	0.02403	0.07369	0.02780	0.71289	0.03675	0.00704	0.00709	0.01117	0.00459	0.00455
120	0.02773	0.03538	0.02104	0.01913	0.02295	0.70930	0.01434	0.02964	0.02104	0.01817	0.01148	0.01339	0.00956	0.00765	0.00669	0.00191	0.01339	0.00478	0.00383	0.00861
121	0.01145	0.00741	0.00927	0.00942	0.01074	0.00683	0.00654	0.01294	0.01578	0.06483	0.18595	0.26681	0.15111	0.13999	0.01506	0.05316	0.00479	0.01494	0.00669	0.00628
122	0.00949	0.00737	0.00829	0.00844	0.01036	0.00657	0.00618	0.01161	0.01668	0.02152	0.16330	0.15800	0.41006	0.04206	0.04743	0.00316	0.00476	0.01510	0.04326	0.00635
123	0.01489	0.03840	0.70064	0.02116	0.03213	0.01724	0.02743	0.02351	0.01567	0.02351	0.01332	0.01567	0.00940	0.00705	0.00705	0.00235	0.01097	0.00549	0.00313	0.01097
124	0.00908	0.00659	0.00858	0.01008	0.01072	0.00609	0.00680	0.01050	0.01468	0.01944	0.06788	0.65653	0.10045	0.02260	0.00939	0.00295	0.00423	0.02039	0.00694	0.00609

[dist]
# distance from previous block
# <min> <max>
0	1

[block]
# block no. 4 follows, 27 sequences, length 52
# corresponding to MSA columns:
# 259-310
name=unknown_E
#
# <colnr> <probs for GDERKNQSTAVLIFYWHMCP>
#	G	D	E	R	K	N	Q	S	T	A	V	L	I	F	Y	W	H	M	C	P
0	0.04390	0.01467	0.01760	0.01587	0.04909	0.01598	0.03634	0.26805	0.08034	0.03091	0.02381	0.17741	0.02312	0.12028	0.01311	0.00322	0.04005	0.01053	0.00629	0.00943
1	0.79154	0.01436	0.01091	0.00976	0.01436	0.01665	0.00804	0.02182	0.01263	0.03331	0.01034	0.01206	0.00804	0.00689	0.00459	0.00230	0.00574	0.00402	0.00459	0.00804
2	0.02085	0.24446	0.05243	0.05123	0.02290	0.13527	0.04611	0.08967	0.01767	0.04975	0.01347	0.03965	0.01171	0.00902	0.01026	0.00226	0.16364	0.00607	0.00415	0.00942
3	0.01289	0.01194	0.02137	0.01792	0.02068	0.01212	0.21472	0.01602	0.01500	0.02080	0.02754	0.34193	0.02982	0.01758	0.04454	0.00326	0.08582	0.03551	0.04294	0.00760
4	0.01295	0.00813	0.01159	0.07898	0.01476	0.00851	0.00838	0.04202	0.01397	0.01901	0.15967	0.03078	0.02591	0.05592	0.06446	0.41975	0.00710	0.00827	0.00460	0.00523
5	0.01768	0.16003	0.14334	0.09118	0.37260	0.01977	0.04827	0.02252	0.01620	0.02237	0.01314	0.01687	0.01076	0.00669	0.00687	0.00215	0.00925	0.00601	0.00346	0.01083
6	0.09611	0.01513	0.05020	0.01369	0.01940	0.01362	0.01174	0.12558	0.04815	0.46075	0.02504	0.02276	0.01640	0.00886	0.00711	0.00228	0.00664	0.00697	0.03765	0.01190
7	0.01570	0.01544	0.02169	0.01876	0.01889	0.02143	0.01557	0.01742	0.01142	0.01780	0.01073	0.01749	0.01060	0.01713	0.09079	0.00409	0.65712	0.00664	0.00332	0.00798
8	0.01623	0.01956	0.12798	0.08994	0.10500	0.01617	0.32174	0.02179	0.01682	0.04486	0.04628	0.04741	0.03890	0.01029	0.04076	0.00289	0.01084	0.00864	0.00420	0.00972
9	0.01069	0.00715	0.00813	0.00824	0.00826	0.00712	0.00465	0.01077	0.01101	0.01468	0.02448	0.09138	0.02837	0.69442	0.03602	0.00694	0.00702	0.01144	0.00465	0.00459
10	0.02822	0.02079	0.02228	0.01708	0.02302	0.02302	0.01411	0.66804	0.03490	0.04679	0.01782	0.01782	0.01262	0.00891	0.00743	0.00223	0.00817	0.00668	0.00743	0.01262
11	0.00904	0.00674	0.00842	0.00967	0.01061	0.00612	0.00662	0.01055	0.01508	0.01961	0.07345	0.56022	0.19295	0.02195	0.00929	0.00288	0.00415	0.01960	0.00694	0.00612
12	0.01145	0.00902	0.01405	0.01312	0.01474	0.01031	0.05022	0.01421	0.01237	0.01802	0.01944	0.02868	0.01804	0.07487	0.57724	0.01031	0.05096	0.00800	0.03810	0.00684
13	0.01015	0.00715	0.00806	0.00832	0.00886	0.00685	0.00507	0.01070	0.01246	0.01614	0.03579	0.15438	0.15570	0.49684	0.02810	0.00569	0.00612	0.01324	0.00531	0.00506
14	0.01117	0.00824	0.01089	0.01224	0.01406	0.00796	0.01042	0.01417	0.01693	0.02162	0.04694	0.10829	0.17939	0.02026	0.00991	0.00321	0.00608	0.48468	0.00685	0.00668
15	0.00928	0.00681	0.00857	0.00980	0.01064	0.00628	0.00671	0.01074	0.01478	0.01931	0.06752	0.52586	0.15657	0.07214	0.01134	0.00321	0.00449	0.04316	0.00677	0.00603
16	0.01539	0.01319	0.01539	0.01100	0.01759	0.00990	0.00880	0.01869	0.01539	0.02419	0.01319	0.01539	0.01100	0.00550	0.00550	0.00110	0.00550	0.00440	0.00440	0.78449
17	0.01066	0.00773	0.01078	0.01078	0.01171	0.00866	0.00785	0.01252	0.01159	0.01638	0.02093	0.03497	0.02108	0.26009	0.50871	0.01051	0.01609	0.00880	0.00413	0.00599
18	0.01116	0.00813	0.00938	0.00954	0.01155	0.00751	0.00704	0.01429	0.05937	0.05380	0.10370	0.21457	0.32739	0.07046	0.01098	0.00300	0.00459	0.05973	0.00697	0.00685
19	0.21645	0.01369	0.01589	0.01270	0.01805	0.01347	0.01043	0.06227	0.07190	0.45314	0.02422	0.02190	0.01593	0.00869	0.00677	0.00231	0.00623	0.00666	0.00786	0.01145
20	0.02005	0.01618	0.01662	0.01465	0.01879	0.05985	0.01143	0.06630	0.47348	0.09375	0.09984	0.02911	0.02610	0.01034	0.00762	0.00243	0.00624	0.00854	0.00754	0.01116
21	0.02514	0.01890	0.02028	0.01629	0.02164	0.02109	0.01322	0.43707	0.24929	0.06362	0.02234	0.02137	0.01617	0.00931	0.00747	0.00233	0.00734	0.00728	0.00753	0.01233
22	0.00908	0.00661	0.00856	0.01003	0.01071	0.00609	0.00678	0.01051	0.01474	0.01948	0.06973	0.64468	0.11063	0.02252	0.00938	0.00294	0.00422	0.02029	0.00694	0.00609
23	0.11102	0.01281	0.01658	0.01286	0.01848	0.01150	0.01062	0.03471	0.02037	0.62982	0.02735	0.02391	0.01732	0.00895	0.00717	0.00230	0.00626	0.00711	0.00872	0.01216
24	0.00904	0.00646	0.00861	0.01034	0.01077	0.00603	0.00689	0.01034	0.01421	0.01895	0.04092	0.73426	0.04910	0.02326	0.00948	0.00301	0.00431	0.02110	0.00689	0.00603
25	0.01067	0.00656	0.00892	0.00979	0.01000	0.00634	0.00640	0.01016	0.01211	0.01615	0.02845	0.38427	0.03307	0.12338	0.02040	0.28337	0.00547	0.01442	0.00525	0.00481
26	0.01811	0.01761	0.03075	0.07557	0.61639	0.01767	0.06884	0.02268	0.01685	0.02398	0.01400	0.01856	0.01164	0.00663	0.00745	0.00224	0.00913	0.00677	0.00366	0.01147
27	0.01184	0.00953	0.01335	0.01266	0.01341	0.01165	0.00967	0.01367	0.01156	0.01673	0.01854	0.03081	0.01860	0.20050	0.41403	0.00904	0.16574	0.00829	0.00394	0.00646
28	0.02773	0.03538	0.02104	0.01913	0.02295	0.70930	0.01434	0.02964	0.02104	0.01817	0.01148	0.01339	0.00956	0.00765	0.00669	0.00191	0.01339	0.00478	0.00383	0.00861
29	0.01392	0.00950	0.01531	0.16768	0.11654	0.01021	0.01183	0.01355	0.01182	0.01583	0.01311	0.02137	0.01209	0.01909	0.02127	0.50400	0.00753	0.00650	0.00330	0.00553
30	0.01061	0.00792	0.01176	0.01176	0.01303	0.00919	0.00907	0.01315	0.01188	0.01711	0.02004	0.03002	0.01893	0.08574	0.68012	0.01172	0.01933	0.00808	0.00400	0.00653
31	0.01539	0.01319	0.01539	0.01100	0.01759	0.00990	0.00880	0.01869	0.01539	0.02419	0.01319	0.01539	0.01100	0.00550	0.00550	0.00110	0.00550	0.00440	0.00440	0.78449
32	0.02885	0.01979	0.02166	0.01660	0.02252	0.02153	0.01372	0.59020	0.03322	0.12700	0.01924	0.01874	0.01333	0.00895	0.00743	0.00224	0.00794	0.00678	0.00764	0.01263
33	0.01657	0.01733	0.03403	0.25659	0.17814	0.01780	0.32481	0.02202	0.01653	0.02233	0.01421	0.01961	0.01093	0.00671	0.00804	0.00243	0.01091	0.00762	0.00359	0.00981
34	0.01040	0.00758	0.00977	0.00923	0.01102	0.00696	0.00692	0.01380	0.02076	0.02916	0.65057	0.05645	0.10873	0.01540	0.00876	0.00235	0.00352	0.01357	0.00809	0.00696
35	0.01080	0.00720	0.00810	0.00810	0.00810	0.00720	0.00450	0.01080	0.01080	0.01439	0.02339	0.04858	0.02699	0.73910	0.03779	0.00720	0.00720	0.01080	0.00450	0.00450
