[name]
unknown

[dist]
# distance from previous block
# <min> <max>
24	467

[block]
# block no. 0 follows, 31 sequences, length 17
# corresponding to MSA columns:
# 664-680
name=unknown_A
#
# <colnr> <probs for GDERKNQSTAVLIFYWHMCP>
#	G	D	E	R	K	N	Q	S	T	A	V	L	I	F	Y	W	H	M	C	P
0	0.03759	0.01372	0.01961	0.07081	0.11947	0.05175	0.10953	0.04332	0.05545	0.06476	0.14019	0.02731	0.07498	0.00988	0.00891	0.03834	0.04924	0.00797	0.00498	0.05219
1	0.04693	0.07327	0.10895	0.01489	0.05944	0.01256	0.04945	0.04290	0.04781	0.17813	0.02612	0.14550	0.07816	0.01077	0.00701	0.00219	0.00644	0.03403	0.00562	0.04985
2	0.01607	0.05973	0.05856	0.01984	0.18325	0.06069	0.04050	0.02060	0.06427	0.06725	0.13023	0.02526	0.06363	0.00860	0.00738	0.00196	0.03887	0.00726	0.00485	0.12119
3	0.01593	0.04641	0.09191	0.01555	0.02061	0.03941	0.15422	0.07693	0.01712	0.08182	0.06501	0.12085	0.08624	0.00990	0.00712	0.00206	0.00717	0.00895	0.00509	0.12771
4	0.01551	0.03959	0.19393	0.01831	0.07843	0.01422	0.11078	0.08346	0.07523	0.05061	0.06270	0.05232	0.08151	0.00909	0.00709	0.00214	0.00757	0.02909	0.00484	0.06357
5	0.25320	0.07246	0.11601	0.01439	0.08653	0.03778	0.01146	0.01749	0.01299	0.02188	0.01685	0.08555	0.01685	0.14774	0.01131	0.00302	0.00688	0.05603	0.00414	0.00743
6	0.01864	0.01880	0.17587	0.01415	0.01924	0.07352	0.01343	0.11778	0.07231	0.15757	0.02551	0.07926	0.08632	0.01317	0.05922	0.00284	0.00810	0.02929	0.00565	0.00932
7	0.00941	0.00710	0.00957	0.00980	0.01106	0.00751	0.00740	0.01140	0.01226	0.01654	0.03148	0.10090	0.16012	0.11220	0.41347	0.00767	0.01226	0.04942	0.00463	0.00581
8	0.01961	0.34304	0.02573	0.01521	0.05688	0.19558	0.01228	0.06357	0.10614	0.02010	0.01607	0.01861	0.03821	0.00771	0.00578	0.00181	0.00817	0.03246	0.00412	0.00891
9	0.01625	0.01226	0.01444	0.01069	0.01633	0.00987	0.00854	0.06694	0.01592	0.08921	0.01532	0.05752	0.01289	0.00655	0.00557	0.00129	0.00525	0.00535	0.00480	0.62499
10	0.01670	0.12813	0.16956	0.05747	0.42330	0.04791	0.02013	0.02120	0.01520	0.02090	0.01214	0.01542	0.00995	0.00621	0.00635	0.00198	0.00863	0.00546	0.00321	0.01015
11	0.01607	0.19943	0.14174	0.02158	0.15373	0.03522	0.13061	0.01997	0.01462	0.04089	0.01494	0.05965	0.01357	0.05973	0.00896	0.00238	0.03121	0.02311	0.00364	0.00893
12	0.01044	0.00667	0.00907	0.00907	0.00948	0.00708	0.00614	0.01042	0.01001	0.01375	0.01771	0.03190	0.01855	0.31112	0.26739	0.23480	0.01037	0.00792	0.00365	0.00447
13	0.01573	0.18652	0.45138	0.01797	0.02620	0.04810	0.07297	0.02166	0.01479	0.04169	0.01298	0.03698	0.01021	0.00685	0.00624	0.00203	0.00940	0.00547	0.00325	0.00957
14	0.02037	0.26869	0.05124	0.01666	0.02101	0.27426	0.07070	0.05297	0.01636	0.01829	0.01058	0.01307	0.00908	0.00733	0.00827	0.00193	0.12254	0.00481	0.00337	0.00849
15	0.00831	0.00605	0.00784	0.00926	0.00985	0.00558	0.00623	0.00956	0.01335	0.01757	0.04092	0.68494	0.11333	0.02102	0.00867	0.00273	0.00392	0.01894	0.00635	0.00558
16	0.01769	0.16439	0.13977	0.02027	0.12173	0.06808	0.10545	0.08947	0.05495	0.02301	0.01318	0.01529	0.01042	0.00638	0.00617	0.00183	0.00839	0.00540	0.00388	0.12424

[dist]
# distance from previous block
# <min> <max>
0	2

[block]
# block no. 1 follows, 31 sequences, length 7
# corresponding to MSA columns:
# 683-689
name=unknown_B
#
# <colnr> <probs for GDERKNQSTAVLIFYWHMCP>
#	G	D	E	R	K	N	Q	S	T	A	V	L	I	F	Y	W	H	M	C	P
0	0.01250	0.00774	0.00984	0.00918	0.01121	0.00715	0.00685	0.01566	0.04206	0.11938	0.41346	0.13719	0.11363	0.05176	0.00930	0.00247	0.00395	0.01243	0.00721	0.00702
1	0.01975	0.08754	0.02031	0.01393	0.01939	0.05589	0.03991	0.27179	0.02110	0.02893	0.01335	0.01484	0.01045	0.00676	0.00663	0.00163	0.03973	0.00508	0.00489	0.31809
2	0.07542	0.01728	0.12401	0.01478	0.02099	0.01367	0.08755	0.08435	0.10031	0.12303	0.01653	0.01732	0.01213	0.00672	0.00620	0.00182	0.00693	0.00566	0.00505	0.26025
3	0.05458	0.12015	0.57323	0.01770	0.02679	0.01692	0.02205	0.02199	0.01448	0.05423	0.01250	0.01428	0.00900	0.00651	0.00615	0.00208	0.00934	0.00491	0.00322	0.00989
4	0.00999	0.00753	0.00928	0.00955	0.01107	0.00731	0.00711	0.01385	0.08128	0.02222	0.27116	0.23585	0.13682	0.05371	0.00964	0.00270	0.00420	0.09359	0.00670	0.00641
5	0.01600	0.05856	0.09741	0.15670	0.46380	0.01667	0.02014	0.02110	0.04467	0.02137	0.01315	0.01694	0.01064	0.00639	0.00663	0.00207	0.00834	0.00592	0.00340	0.01010
6	0.01663	0.20320	0.45452	0.01740	0.02550	0.13087	0.02025	0.02228	0.01509	0.01961	0.01137	0.01331	0.00872	0.00644	0.00596	0.00194	0.00981	0.00463	0.00300	0.00946

[dist]
# distance from previous block
# <min> <max>
0	31

[block]
# block no. 2 follows, 31 sequences, length 38
# corresponding to MSA columns:
# 721-758
name=unknown_C
#
# <colnr> <probs for GDERKNQSTAVLIFYWHMCP>
#	G	D	E	R	K	N	Q	S	T	A	V	L	I	F	Y	W	H	M	C	P
0	0.01478	0.01334	0.02236	0.34689	0.32554	0.01471	0.01839	0.01887	0.01464	0.03980	0.03709	0.01958	0.01254	0.01011	0.06058	0.00281	0.00909	0.00642	0.00354	0.00893
1	0.00979	0.00726	0.01064	0.01064	0.01174	0.00836	0.00811	0.01199	0.01089	0.01562	0.01865	0.02867	0.01788	0.12213	0.66270	0.01056	0.01716	0.00759	0.00371	0.00591
2	0.01694	0.01375	0.01459	0.01289	0.01671	0.01533	0.01009	0.09764	0.49897	0.05365	0.03350	0.03117	0.13389	0.01047	0.00713	0.00228	0.00532	0.00865	0.00690	0.01011
3	0.01419	0.01216	0.01419	0.01013	0.01621	0.00912	0.00811	0.01723	0.01419	0.02229	0.01216	0.01419	0.01013	0.00507	0.00507	0.00101	0.00507	0.00405	0.00405	0.80139
4	0.01615	0.01845	0.04037	0.02884	0.03576	0.01730	0.69204	0.02191	0.01615	0.02191	0.01384	0.01845	0.01038	0.00577	0.00807	0.00231	0.01153	0.00807	0.00346	0.00923
5	0.01673	0.04008	0.04804	0.13359	0.21494	0.05461	0.06716	0.05938	0.11033	0.04578	0.06720	0.02091	0.01605	0.00945	0.03583	0.00250	0.03676	0.00680	0.00446	0.00940
6	0.00866	0.00699	0.00779	0.00812	0.01010	0.00612	0.00626	0.01067	0.01569	0.01937	0.11039	0.12541	0.50769	0.01766	0.00834	0.00246	0.00391	0.11205	0.00643	0.00589
7	0.05033	0.29572	0.32593	0.01562	0.02289	0.09107	0.01739	0.02268	0.04276	0.04047	0.01206	0.01355	0.00941	0.00649	0.00564	0.00188	0.00880	0.00459	0.00335	0.00937
8	0.01081	0.00882	0.01028	0.03077	0.01316	0.00860	0.00764	0.01608	0.15059	0.02053	0.04047	0.31279	0.20802	0.01577	0.00780	0.00238	0.00446	0.03538	0.00614	0.08951
9	0.01860	0.36249	0.12038	0.01424	0.02043	0.10550	0.04708	0.05023	0.01578	0.04645	0.01161	0.01319	0.00950	0.00615	0.00537	0.00161	0.00809	0.00445	0.00358	0.13527
10	0.00998	0.00751	0.01080	0.01072	0.01169	0.00870	0.00811	0.01198	0.01088	0.01556	0.01896	0.04971	0.01871	0.15352	0.57914	0.00978	0.04660	0.00801	0.00378	0.00586
11	0.01622	0.01556	0.02590	0.06008	0.57940	0.01640	0.01960	0.01986	0.01477	0.02126	0.01332	0.04555	0.01189	0.00746	0.00884	0.00219	0.10154	0.00660	0.00344	0.01010
12	0.00856	0.00607	0.00794	0.00927	0.00967	0.00571	0.00612	0.00972	0.01303	0.01744	0.06480	0.64964	0.04391	0.09951	0.01147	0.00316	0.00422	0.01814	0.00617	0.00545
13	0.01513	0.01571	0.05609	0.04248	0.17225	0.01477	0.28526	0.01934	0.01553	0.05079	0.03949	0.02670	0.13163	0.00871	0.00892	0.00229	0.07344	0.00843	0.00417	0.00886
14	0.01338	0.01176	0.01465	0.01112	0.01590	0.01009	0.03099	0.01623	0.01437	0.02163	0.06594	0.02237	0.08774	0.00771	0.00750	0.00148	0.08216	0.00605	0.00440	0.55455
15	0.00989	0.00664	0.00763	0.00768	0.00774	0.00668	0.00440	0.01003	0.01009	0.01351	0.02192	0.06594	0.02517	0.70657	0.06376	0.00670	0.00705	0.01013	0.00419	0.00427
16	0.00871	0.00696	0.00780	0.00759	0.00962	0.00604	0.00569	0.01103	0.01707	0.02198	0.32125	0.06008	0.45998	0.01602	0.00808	0.00225	0.00337	0.01363	0.00681	0.00604
17	0.01419	0.01216	0.01419	0.01013	0.01621	0.00912	0.00811	0.01723	0.01419	0.02229	0.01216	0.01419	0.01013	0.00507	0.00507	0.00101	0.00507	0.00405	0.00405	0.80139
18	0.01748	0.36281	0.32172	0.01550	0.02298	0.05965	0.01749	0.05544	0.01549	0.03799	0.01152	0.01309	0.00909	0.00637	0.00556	0.00182	0.00873	0.00449	0.00328	0.00951
19	0.00978	0.00691	0.00909	0.00918	0.00975	0.00745	0.00626	0.01096	0.01059	0.01468	0.02096	0.07493	0.02244	0.39836	0.35002	0.00840	0.01180	0.00927	0.00405	0.00511
20	0.00855	0.00687	0.00763	0.00760	0.00957	0.00595	0.00564	0.01067	0.01647	0.02093	0.24838	0.11408	0.48022	0.01670	0.00813	0.00230	0.00344	0.01424	0.00668	0.00595
21	0.01419	0.01216	0.01419	0.01013	0.01621	0.00912	0.00811	0.01723	0.01419	0.02229	0.01216	0.01419	0.01013	0.00507	0.00507	0.00101	0.00507	0.00405	0.00405	0.80139
22	0.02987	0.01297	0.01670	0.01280	0.01813	0.01202	0.01057	0.14969	0.02180	0.60215	0.02513	0.02208	0.01600	0.00842	0.00687	0.00211	0.00612	0.00675	0.00818	0.01164
23	0.00990	0.00737	0.00926	0.00872	0.01051	0.00692	0.00656	0.01380	0.05336	0.02666	0.61907	0.05119	0.12273	0.01406	0.00802	0.00217	0.00336	0.01233	0.00739	0.00661
24	0.80789	0.01323	0.01006	0.00900	0.01323	0.01535	0.00741	0.02011	0.01164	0.03070	0.00953	0.01111	0.00741	0.00635	0.00423	0.00212	0.00529	0.00370	0.00423	0.00741
25	0.01829	0.76368	0.03585	0.01171	0.01756	0.02707	0.01171	0.02049	0.01390	0.01610	0.00951	0.01097	0.00878	0.00585	0.00439	0.00146	0.00732	0.00366	0.00293	0.00878
26	0.00995	0.00764	0.00849	0.00809	0.01040	0.00690	0.00613	0.01337	0.06408	0.04569	0.25926	0.05719	0.44707	0.01547	0.00796	0.00226	0.00361	0.01310	0.00682	0.00653
27	0.01829	0.76368	0.03585	0.01171	0.01756	0.02707	0.01171	0.02049	0.01390	0.01610	0.00951	0.01097	0.00878	0.00585	0.00439	0.00146	0.00732	0.00366	0.00293	0.00878
28	0.06256	0.01171	0.01564	0.01204	0.01729	0.01027	0.00995	0.03280	0.01926	0.69330	0.02627	0.02279	0.01654	0.00838	0.00677	0.00212	0.00580	0.00675	0.00829	0.01147
29	0.00993	0.00665	0.00759	0.00770	0.00776	0.00664	0.00444	0.01007	0.01024	0.01364	0.02256	0.06880	0.02600	0.71151	0.03315	0.00639	0.00654	0.03183	0.00429	0.00426
30	0.00825	0.00630	0.00758	0.00861	0.00968	0.00563	0.00594	0.00963	0.01398	0.01782	0.04888	0.51136	0.28178	0.01998	0.00850	0.00261	0.00379	0.01768	0.00635	0.00563
31	0.01727	0.01618	0.02648	0.06611	0.61862	0.01652	0.01998	0.05790	0.05093	0.02360	0.01378	0.01739	0.01132	0.00640	0.00679	0.00206	0.00800	0.00618	0.00374	0.01076
32	0.00947	0.00698	0.00885	0.00838	0.01009	0.00636	0.00629	0.01250	0.01886	0.02623	0.62679	0.05308	0.15179	0.01443	0.00807	0.00217	0.00326	0.01265	0.00737	0.00636
33	0.04872	0.01304	0.01579	0.01269	0.01706	0.03968	0.06894	0.07952	0.10369	0.06803	0.06413	0.10142	0.01980	0.00886	0.00642	0.00183	0.00586	0.00763	0.06092	0.25594
34	0.04718	0.01274	0.01773	0.25929	0.09932	0.01351	0.01369	0.07196	0.07444	0.11019	0.04565	0.04484	0.03737	0.00810	0.00666	0.00205	0.00690	0.00690	0.00494	0.11656
35	0.01419	0.01216	0.01419	0.01013	0.01621	0.00912	0.00811	0.01723	0.01419	0.02229	0.01216	0.01419	0.01013	0.00507	0.00507	0.00101	0.00507	0.00405	0.00405	0.80139
36	0.04261	0.26628	0.04947	0.05219	0.07225	0.05648	0.05769	0.04839	0.01597	0.11864	0.01352	0.01498	0.01051	0.00633	0.00566	0.00170	0.00745	0.00496	0.00420	0.15071
37	0.22230	0.01158	0.03386	0.01088	0.01416	0.01143	0.02891	0.06262	0.06758	0.05417	0.09274	0.14198	0.02444	0.06740	0.00862	0.00253	0.00540	0.03415	0.04539	0.05987

[dist]
# distance from previous block
# <min> <max>
0	14

[block]
# block no. 3 follows, 31 sequences, length 36
# corresponding to MSA columns:
# 773-808
name=unknown_D
#
# <colnr> <probs for GDERKNQSTAVLIFYWHMCP>
#	G	D	E	R	K	N	Q	S	T	A	V	L	I	F	Y	W	H	M	C	P
0	0.01486	0.07000	0.04415	0.01728	0.09394	0.04014	0.06426	0.01771	0.01502	0.06376	0.16748	0.02820	0.07077	0.03457	0.04282	0.00282	0.19150	0.00808	0.00469	0.00795
1	0.04200	0.08962	0.13748	0.01190	0.01610	0.03763	0.01105	0.06264	0.03834	0.04199	0.05608	0.20638	0.15421	0.01261	0.00707	0.00219	0.00600	0.01057	0.00526	0.05086
2	0.01689	0.36959	0.05062	0.01761	0.07281	0.06622	0.13180	0.02052	0.04028	0.01845	0.01543	0.06739	0.03749	0.00784	0.00669	0.00191	0.03972	0.00644	0.00361	0.00869
3	0.01706	0.01820	0.05130	0.13156	0.34567	0.09826	0.11375	0.04120	0.01613	0.02129	0.01371	0.01949	0.01154	0.00714	0.00753	0.00216	0.03324	0.03768	0.00358	0.00950
4	0.00847	0.00632	0.00791	0.00902	0.00997	0.00576	0.00630	0.00998	0.01413	0.01839	0.08340	0.53080	0.19654	0.01998	0.00858	0.00265	0.00391	0.04578	0.00642	0.00569
5	0.80789	0.01323	0.01006	0.00900	0.01323	0.01535	0.00741	0.02011	0.01164	0.03070	0.00953	0.01111	0.00741	0.00635	0.00423	0.00212	0.00529	0.00370	0.00423	0.00741
6	0.00831	0.00604	0.00785	0.00929	0.00986	0.00558	0.00625	0.00955	0.01332	0.01756	0.04056	0.69291	0.10560	0.02106	0.00867	0.00274	0.00392	0.01900	0.00635	0.00558
7	0.01687	0.01432	0.06706	0.01322	0.01689	0.04005	0.01115	0.07364	0.27227	0.09848	0.05040	0.05913	0.04201	0.01466	0.06250	0.04919	0.00711	0.07590	0.00611	0.00903
8	0.01001	0.00740	0.00926	0.00900	0.01052	0.00711	0.00656	0.01388	0.06893	0.02484	0.49757	0.14754	0.07818	0.06654	0.00994	0.00257	0.00374	0.01292	0.00705	0.00647
9	0.00834	0.00595	0.00794	0.00953	0.00992	0.00556	0.00635	0.00953	0.01310	0.01746	0.03771	0.75510	0.04525	0.02143	0.00873	0.00278	0.00397	0.01945	0.00635	0.00556
10	0.01829	0.76368	0.03585	0.01171	0.01756	0.02707	0.01171	0.02049	0.01390	0.01610	0.00951	0.01097	0.00878	0.00585	0.00439	0.00146	0.00732	0.00366	0.00293	0.00878
11	0.01372	0.03539	0.72412	0.01950	0.02961	0.01589	0.02528	0.02167	0.01444	0.02167	0.01228	0.01444	0.00867	0.00650	0.00650	0.00217	0.01011	0.00506	0.00289	0.01011
12	0.01419	0.01216	0.01419	0.01013	0.01621	0.00912	0.00811	0.01723	0.01419	0.02229	0.01216	0.01419	0.01013	0.00507	0.00507	0.00101	0.00507	0.00405	0.00405	0.80139
13	0.02195	0.01341	0.01473	0.01183	0.01588	0.01417	0.00959	0.34902	0.02383	0.14052	0.02016	0.02074	0.01457	0.00816	0.00611	0.00190	0.00571	0.00635	0.29163	0.00974
14	0.33013	0.01283	0.01334	0.01118	0.01556	0.01355	0.00906	0.07795	0.10405	0.25663	0.05237	0.04266	0.01646	0.00840	0.00597	0.00216	0.00551	0.00635	0.00639	0.00945
15	0.05802	0.15249	0.20644	0.01598	0.04221	0.16917	0.01522	0.04993	0.03893	0.13700	0.04191	0.01664	0.01278	0.00726	0.00612	0.00194	0.00859	0.00536	0.00449	0.00950
16	0.01615	0.01845	0.04037	0.02884	0.03576	0.01730	0.69204	0.02191	0.01615	0.02191	0.01384	0.01845	0.01038	0.00577	0.00807	0.00231	0.01153	0.00807	0.00346	0.00923
17	0.02601	0.01916	0.02053	0.01574	0.02122	0.02122	0.01300	0.69408	0.03217	0.04312	0.01643	0.01643	0.01163	0.00821	0.00684	0.00205	0.00753	0.00616	0.00684	0.01163
18	0.01631	0.44798	0.33420	0.01508	0.02278	0.02222	0.01759	0.02100	0.01414	0.01851	0.01071	0.01248	0.00873	0.00613	0.00530	0.00177	0.00853	0.00426	0.00291	0.00936
19	0.01555	0.01441	0.06637	0.06614	0.01995	0.01112	0.01063	0.07551	0.01585	0.04451	0.01297	0.01497	0.01028	0.00567	0.00551	0.00131	0.00596	0.00454	0.00426	0.59448
20	0.02742	0.01271	0.01611	0.01253	0.01746	0.01200	0.01028	0.16921	0.02219	0.50404	0.09969	0.02489	0.02102	0.00902	0.00700	0.00211	0.00590	0.00733	0.00803	0.01107
21	0.00881	0.00632	0.00837	0.00920	0.01003	0.00588	0.00639	0.01073	0.01533	0.02101	0.27810	0.50460	0.05212	0.01878	0.00850	0.00256	0.00371	0.01693	0.00677	0.00588
22	0.00855	0.00610	0.00818	0.00977	0.01026	0.00574	0.00672	0.00989	0.01331	0.01770	0.03759	0.70207	0.04479	0.02124	0.00879	0.00281	0.00415	0.07040	0.00635	0.00561
23	0.01800	0.01837	0.02427	0.04702	0.02318	0.14113	0.15187	0.02061	0.01389	0.06514	0.01157	0.01591	0.00978	0.00944	0.01511	0.00256	0.39421	0.00620	0.00355	0.00820
24	0.00917	0.00664	0.00885	0.01032	0.01123	0.00631	0.00775	0.01103	0.01412	0.01850	0.03951	0.48978	0.09154	0.02033	0.00891	0.00286	0.00467	0.22634	0.00633	0.00581
25	0.01638	0.01706	0.03317	0.06926	0.37464	0.01668	0.32677	0.02125	0.01575	0.02192	0.01328	0.01769	0.01055	0.00598	0.00737	0.00217	0.00973	0.00700	0.00340	0.00995
26	0.00864	0.00617	0.00829	0.00988	0.01041	0.00582	0.00688	0.01005	0.01340	0.01781	0.03754	0.67799	0.04458	0.02115	0.00881	0.00282	0.00423	0.09354	0.00634	0.00564
27	0.01292	0.01216	0.02052	0.74312	0.04712	0.01520	0.01900	0.01748	0.01368	0.01748	0.01216	0.01824	0.00912	0.00684	0.00684	0.00228	0.00912	0.00608	0.00304	0.00760
28	0.02743	0.01693	0.01858	0.01446	0.01971	0.05384	0.01185	0.39334	0.04841	0.29290	0.02041	0.01905	0.01375	0.00828	0.00683	0.00207	0.00708	0.00639	0.00728	0.01142
29	0.01291	0.01170	0.04006	0.05215	0.01706	0.01171	0.06175	0.06413	0.04305	0.04484	0.17737	0.04039	0.25336	0.01272	0.01003	0.00235	0.12095	0.01033	0.00568	0.00750
30	0.01778	0.01225	0.01379	0.01197	0.01489	0.01302	0.00907	0.28124	0.06936	0.07426	0.02455	0.21397	0.02392	0.14783	0.01235	0.00308	0.00604	0.01045	0.03171	0.00848
31	0.01745	0.01426	0.02043	0.13196	0.26952	0.01526	0.01534	0.08907	0.17008	0.07591	0.09193	0.02307	0.01903	0.00813	0.00698	0.00215	0.00693	0.00719	0.00527	0.01002
32	0.18489	0.01775	0.02308	0.02242	0.17281	0.06808	0.13847	0.18352	0.07442	0.02908	0.01424	0.01624	0.01089	0.00692	0.00647	0.00211	0.00810	0.00599	0.00470	0.00981
33	0.04440	0.01616	0.01691	0.01330	0.01841	0.07150	0.01071	0.26459	0.06715	0.15730	0.01820	0.04540	0.01377	0.00791	0.00636	0.00183	0.00665	0.00617	0.00610	0.20719
34	0.20239	0.03394	0.01473	0.06163	0.01762	0.01389	0.03222	0.15457	0.04230	0.02731	0.06101	0.11008	0.07028	0.01152	0.00732	0.00236	0.02509	0.09824	0.00553	0.00798
35	0.17174	0.01681	0.09268	0.04090	0.01949	0.06188	0.01195	0.09921	0.06050	0.27807	0.04473	0.01927	0.01465	0.00783	0.00628	0.00208	0.00679	0.00598	0.00609	0.03307

[dist]
# distance from previous block
# <min> <max>
2	12

[block]
# block no. 4 follows, 31 sequences, length 29
# corresponding to MSA columns:
# 821-849
name=unknown_E
#
# <colnr> <probs for GDERKNQSTAVLIFYWHMCP>
#	G	D	E	R	K	N	Q	S	T	A	V	L	I	F	Y	W	H	M	C	P
0	0.01585	0.11353	0.30712	0.01568	0.02218	0.01647	0.03841	0.15038	0.01860	0.02576	0.12701	0.02308	0.05528	0.00867	0.00721	0.00210	0.03186	0.00688	0.00461	0.00932
1	0.02222	0.14744	0.04635	0.01359	0.01879	0.20541	0.01149	0.08968	0.01833	0.15812	0.01483	0.01541	0.01114	0.00682	0.00582	0.00166	0.00791	0.00493	0.02314	0.17692
2	0.02016	0.01115	0.01343	0.01124	0.01525	0.01060	0.00891	0.06479	0.13993	0.30077	0.06849	0.08580	0.14765	0.01122	0.00719	0.00217	0.00511	0.00938	0.00724	0.05952
3	0.01897	0.04786	0.37504	0.01565	0.02298	0.01375	0.01756	0.06061	0.01745	0.22575	0.09872	0.02129	0.01776	0.00802	0.00674	0.00212	0.00783	0.00645	0.00526	0.01017
4	0.01766	0.01771	0.02522	0.15700	0.49049	0.10572	0.01939	0.04610	0.01635	0.02159	0.01259	0.01656	0.01032	0.00642	0.00671	0.00204	0.00880	0.00588	0.00347	0.00995
5	0.02419	0.02425	0.02042	0.01750	0.03932	0.34272	0.04979	0.25702	0.05923	0.05109	0.01467	0.01635	0.01137	0.03246	0.00754	0.00210	0.00975	0.00570	0.00503	0.00951
6	0.15577	0.01417	0.01526	0.03893	0.01803	0.03492	0.00992	0.15582	0.05730	0.14650	0.04647	0.01798	0.01401	0.00724	0.00592	0.00179	0.00603	0.00554	0.00565	0.24274
7	0.01639	0.01590	0.02771	0.12758	0.58935	0.01619	0.06503	0.02062	0.01538	0.02172	0.01285	0.01719	0.01059	0.00617	0.00687	0.00208	0.00847	0.00622	0.00335	0.01033
8	0.01985	0.27876	0.05909	0.01203	0.01693	0.01698	0.01095	0.11217	0.01841	0.18488	0.10514	0.06298	0.05589	0.00924	0.00628	0.00193	0.00627	0.00729	0.00566	0.00928
9	0.00817	0.00687	0.00710	0.00718	0.00933	0.00579	0.00533	0.00994	0.01560	0.01882	0.09610	0.11066	0.64084	0.01745	0.00813	0.00233	0.00349	0.01468	0.00641	0.00579
10	0.01692	0.54593	0.24164	0.01404	0.02116	0.02373	0.01576	0.02084	0.01406	0.01776	0.01034	0.01201	0.00875	0.00605	0.00502	0.00167	0.00815	0.00408	0.00292	0.00918
11	0.01630	0.04392	0.02546	0.25184	0.44592	0.01664	0.01956	0.05961	0.01592	0.02186	0.01273	0.01707	0.01028	0.00644	0.00671	0.00209	0.00836	0.00600	0.00347	0.00982
12	0.01188	0.00594	0.00891	0.00891	0.00891	0.00594	0.00594	0.00891	0.00891	0.01188	0.01188	0.02080	0.01188	0.02377	0.02674	0.80095	0.00594	0.00594	0.00297	0.00297
13	0.00818	0.00693	0.00706	0.00703	0.00930	0.00582	0.00527	0.01000	0.01582	0.01901	0.10729	0.06497	0.67580	0.01713	0.00808	0.00230	0.00345	0.01432	0.00642	0.00582
14	0.04396	0.12624	0.07060	0.07115	0.20071	0.10061	0.08756	0.02411	0.11851	0.04552	0.01463	0.01688	0.01155	0.00697	0.00694	0.00205	0.03252	0.00588	0.00401	0.00958
15	0.01643	0.46782	0.31545	0.01487	0.02245	0.02253	0.01722	0.02097	0.01412	0.01836	0.01064	0.01238	0.00873	0.00612	0.00525	0.00175	0.00845	0.00423	0.00291	0.00932
16	0.00924	0.00711	0.00856	0.00877	0.01062	0.00643	0.00687	0.01175	0.01680	0.02186	0.27755	0.08879	0.33116	0.01668	0.00839	0.00245	0.00399	0.15013	0.00674	0.00610
17	0.14589	0.02404	0.16959	0.01731	0.02334	0.16377	0.09688	0.20309	0.02016	0.05377	0.01334	0.01483	0.00981	0.00703	0.00637	0.00206	0.00913	0.00544	0.00457	0.00960
18	0.01942	0.14641	0.11574	0.02040	0.06204	0.01791	0.23801	0.12354	0.01837	0.11940	0.01709	0.01871	0.03708	0.00705	0.00684	0.00207	0.00878	0.00663	0.00459	0.00991
19	0.00855	0.00612	0.00813	0.00938	0.00997	0.00570	0.00637	0.01006	0.01409	0.01905	0.14499	0.64330	0.04831	0.02025	0.00863	0.00268	0.00385	0.01833	0.00654	0.00570
20	0.01503	0.01495	0.02147	0.05122	0.07361	0.02034	0.01561	0.01686	0.01101	0.01697	0.00942	0.01526	0.00913	0.01129	0.02056	0.00289	0.65761	0.00600	0.00303	0.00775
21	0.01758	0.01157	0.01835	0.22907	0.12400	0.01197	0.04039	0.02112	0.01598	0.20265	0.02277	0.07494	0.01996	0.01052	0.00755	0.00242	0.00732	0.14766	0.00540	0.00878
22	0.07592	0.02073	0.01871	0.01536	0.02007	0.16522	0.01229	0.39713	0.14713	0.03435	0.01680	0.01685	0.01242	0.00804	0.00655	0.00205	0.00799	0.00592	0.00601	0.01046
23	0.01601	0.01631	0.03076	0.15386	0.37939	0.01643	0.24376	0.02072	0.01545	0.02140	0.01307	0.01766	0.01040	0.00611	0.00722	0.00216	0.00942	0.00675	0.00335	0.00977
24	0.02109	0.01521	0.01805	0.01440	0.01847	0.01662	0.01190	0.30507	0.02186	0.12073	0.01876	0.02183	0.04077	0.00949	0.01002	0.00217	0.16063	0.04118	0.00580	0.12594
25	0.01551	0.01035	0.01333	0.05927	0.01638	0.00996	0.00933	0.05147	0.01633	0.14342	0.11348	0.12630	0.07966	0.03079	0.00899	0.00224	0.05994	0.04981	0.00588	0.17757
26	0.01538	0.01491	0.06961	0.01375	0.01928	0.04859	0.09266	0.01892	0.01457	0.06704	0.01425	0.01724	0.01154	0.01293	0.12123	0.00295	0.00876	0.00534	0.00410	0.42697
27	0.03843	0.17510	0.02043	0.01347	0.01799	0.12602	0.01112	0.08329	0.22296	0.15439	0.05428	0.02027	0.01691	0.00815	0.00627	0.00198	0.00700	0.00623	0.00583	0.00988
28	0.01224	0.00758	0.00966	0.00889	0.01095	0.00689	0.00673	0.01496	0.01809	0.11424	0.46844	0.04982	0.13896	0.06887	0.00994	0.00253	0.00394	0.03319	0.00721	0.00686

[dist]
# distance from previous block
# <min> <max>
0	7

[block]
# block no. 5 follows, 31 sequences, length 20
# corresponding to MSA columns:
# 857-876
name=unknown_F
#
# <colnr> <probs for GDERKNQSTAVLIFYWHMCP>
#	G	D	E	R	K	N	Q	S	T	A	V	L	I	F	Y	W	H	M	C	P
0	0.01701	0.05216	0.08192	0.18449	0.13108	0.10083	0.25878	0.05216	0.01641	0.02110	0.01276	0.01676	0.00984	0.00637	0.00706	0.00214	0.01014	0.00642	0.00345	0.00910
1	0.01661	0.01330	0.01701	0.06254	0.11088	0.01186	0.01115	0.06594	0.06142	0.07265	0.01461	0.01634	0.01145	0.00604	0.00578	0.00146	0.00597	0.00504	0.00459	0.48535
2	0.01244	0.00971	0.01537	0.20322	0.02370	0.01042	0.05728	0.01590	0.01489	0.04651	0.04717	0.05012	0.02730	0.05516	0.05667	0.00349	0.00806	0.33058	0.00510	0.00692
3	0.01389	0.01224	0.01655	0.01797	0.19728	0.01041	0.01103	0.01709	0.01518	0.02244	0.08458	0.02332	0.08226	0.00735	0.00608	0.00151	0.00554	0.00636	0.00443	0.44450
4	0.01937	0.47678	0.11719	0.01399	0.01990	0.14094	0.01370	0.06595	0.04153	0.01911	0.01115	0.01252	0.00940	0.00641	0.00520	0.00167	0.00843	0.00427	0.00342	0.00907
5	0.00896	0.00746	0.00798	0.00778	0.01015	0.00644	0.00580	0.01149	0.04096	0.01969	0.11041	0.12778	0.52721	0.01638	0.00791	0.00226	0.00367	0.01385	0.00632	0.05750
6	0.01754	0.64386	0.14909	0.01299	0.01954	0.02523	0.01394	0.02068	0.01399	0.01701	0.00997	0.01155	0.00876	0.00596	0.00474	0.00158	0.00778	0.00389	0.00292	0.00900
7	0.04393	0.09645	0.03893	0.05243	0.02049	0.13517	0.01238	0.16192	0.07916	0.16941	0.01680	0.01733	0.01234	0.00880	0.02381	0.00220	0.04958	0.00571	0.00543	0.04774
8	0.00866	0.00619	0.00831	0.00990	0.01044	0.00584	0.00691	0.01009	0.01342	0.01783	0.03753	0.67334	0.04454	0.02113	0.00882	0.00282	0.00425	0.09801	0.00634	0.00565
9	0.00994	0.00724	0.00969	0.01108	0.01243	0.00699	0.00906	0.01239	0.01501	0.01942	0.04062	0.25952	0.12234	0.01940	0.00909	0.00295	0.00533	0.41515	0.00632	0.00604
10	0.01641	0.01959	0.17315	0.02037	0.02657	0.01526	0.27785	0.13082	0.01835	0.04818	0.02114	0.05334	0.06003	0.00909	0.00767	0.00233	0.00905	0.07691	0.00465	0.00923
11	0.01621	0.14263	0.32232	0.01888	0.02652	0.09169	0.15441	0.02160	0.01519	0.02041	0.01197	0.01446	0.00922	0.00614	0.00629	0.00191	0.00960	0.00526	0.00321	0.10209
12	0.01188	0.00594	0.00891	0.00891	0.00891	0.00594	0.00594	0.00891	0.00891	0.01188	0.01188	0.02080	0.01188	0.02377	0.02674	0.80095	0.00594	0.00594	0.00297	0.00297
13	0.01419	0.01216	0.01419	0.01013	0.01621	0.00912	0.00811	0.01723	0.01419	0.02229	0.01216	0.01419	0.01013	0.00507	0.00507	0.00101	0.00507	0.00405	0.00405	0.80139
14	0.01788	0.04286	0.18944	0.20400	0.02769	0.01389	0.01591	0.07941	0.01685	0.16952	0.03453	0.06618	0.01464	0.00817	0.00670	0.00210	0.00768	0.00679	0.00487	0.07090
15	0.02068	0.11352	0.27348	0.01696	0.02410	0.04967	0.04982	0.24701	0.02109	0.09745	0.01479	0.01567	0.01058	0.00718	0.00646	0.00203	0.00866	0.00556	0.00482	0.01047
16	0.00955	0.00708	0.00887	0.00893	0.01032	0.00687	0.00668	0.01167	0.01480	0.01978	0.22492	0.05268	0.19682	0.16420	0.13541	0.00467	0.00688	0.09830	0.00580	0.00578
17	0.08972	0.07969	0.49175	0.01676	0.02523	0.01563	0.02014	0.02341	0.01502	0.14004	0.01431	0.01539	0.00995	0.00677	0.00621	0.00211	0.00875	0.00514	0.00395	0.01003
18	0.01780	0.25792	0.18262	0.08935	0.09126	0.15137	0.05802	0.02229	0.03446	0.01888	0.01167	0.01412	0.00942	0.00643	0.00594	0.00188	0.00932	0.00495	0.00323	0.00908
19	0.01698	0.01540	0.08302	0.06102	0.23978	0.01369	0.06371	0.04152	0.09018	0.11212	0.06411	0.07654	0.01943	0.00893	0.00715	0.00219	0.00720	0.03349	0.00508	0.03846

[dist]
# distance from previous block
# <min> <max>
1	4

[block]
# block no. 6 follows, 31 sequences, length 6
# corresponding to MSA columns:
# 881-886
name=unknown_G
#
# <colnr> <probs for GDERKNQSTAVLIFYWHMCP>
#	G	D	E	R	K	N	Q	S	T	A	V	L	I	F	Y	W	H	M	C	P
0	0.05241	0.12832	0.01854	0.01313	0.01655	0.07455	0.04998	0.04534	0.09105	0.07853	0.10623	0.09882	0.02398	0.04298	0.00906	0.00236	0.05632	0.04589	0.00531	0.04062
1	0.24858	0.01661	0.11362	0.01397	0.01960	0.01414	0.08474	0.10040	0.01706	0.19403	0.01632	0.01700	0.01148	0.00708	0.00596	0.00205	0.00685	0.00560	0.05990	0.04500
2	0.00934	0.00703	0.00862	0.00884	0.01029	0.00646	0.00633	0.01108	0.01415	0.01885	0.13138	0.26579	0.19070	0.12414	0.06180	0.00360	0.00532	0.05127	0.00586	0.05916
3	0.01679	0.23068	0.05334	0.01500	0.05957	0.08823	0.06369	0.01994	0.01487	0.01991	0.01142	0.01358	0.00961	0.00566	0.00537	0.00142	0.00732	0.00444	0.00355	0.35559
4	0.01492	0.05654	0.06271	0.01447	0.01809	0.01285	0.12016	0.10114	0.01602	0.05945	0.02294	0.19770	0.04675	0.11834	0.01218	0.00290	0.05044	0.01015	0.00499	0.05724
5	0.02208	0.01360	0.06780	0.01254	0.01711	0.01177	0.01066	0.10156	0.10539	0.33315	0.06209	0.09218	0.02161	0.05392	0.00866	0.00242	0.00599	0.00830	0.00700	0.04217

[dist]
# distance from previous block
# <min> <max>
1	8

[block]
# block no. 7 follows, 31 sequences, length 9
# corresponding to MSA columns:
# 895-903
name=unknown_H
#
# <colnr> <probs for GDERKNQSTAVLIFYWHMCP>
#	G	D	E	R	K	N	Q	S	T	A	V	L	I	F	Y	W	H	M	C	P
0	0.05342	0.06671	0.03940	0.00975	0.01273	0.01041	0.04429	0.01806	0.09034	0.02393	0.06368	0.05351	0.11559	0.00974	0.00596	0.00192	0.00463	0.00808	0.36055	0.00729
1	0.07791	0.23138	0.04489	0.01444	0.01982	0.07228	0.03544	0.26498	0.08496	0.06878	0.01500	0.01545	0.01135	0.00730	0.00596	0.00191	0.00758	0.00537	0.00518	0.01005
2	0.00846	0.00614	0.00799	0.00923	0.00990	0.00567	0.00627	0.00991	0.01396	0.01861	0.11260	0.62747	0.09785	0.02032	0.00861	0.00268	0.00385	0.01831	0.00648	0.00567
3	0.01969	0.06732	0.01675	0.01240	0.01684	0.04419	0.00998	0.22429	0.08038	0.11739	0.02411	0.08542	0.07896	0.03736	0.00768	0.00212	0.00622	0.00782	0.00602	0.13506
4	0.01612	0.19085	0.16601	0.12112	0.05262	0.01951	0.14382	0.05320	0.05116	0.02069	0.01259	0.01576	0.00997	0.00708	0.00818	0.00214	0.09081	0.00578	0.00346	0.00913
5	0.00932	0.00690	0.01004	0.01053	0.01150	0.00761	0.00786	0.01137	0.01165	0.01638	0.02440	0.25527	0.02593	0.04194	0.50548	0.00842	0.01382	0.01113	0.00451	0.00594
6	0.00934	0.00694	0.00829	0.00795	0.00979	0.00623	0.00596	0.01208	0.01789	0.02447	0.47016	0.05444	0.26978	0.01473	0.00790	0.00217	0.00330	0.01271	0.04962	0.00623
7	0.05874	0.31408	0.10499	0.15822	0.09392	0.02056	0.06263	0.04876	0.04166	0.02037	0.01195	0.01466	0.00966	0.00639	0.00578	0.00190	0.00817	0.00509	0.00342	0.00905
8	0.00991	0.00918	0.04540	0.00954	0.01190	0.00792	0.00768	0.01423	0.09421	0.02101	0.15938	0.16474	0.31183	0.01842	0.05934	0.00300	0.00521	0.03416	0.00625	0.00669

[dist]
# distance from previous block
# <min> <max>
0	1

[block]
# block no. 8 follows, 31 sequences, length 10
# corresponding to MSA columns:
# 905-914
name=unknown_I
#
# <colnr> <probs for GDERKNQSTAVLIFYWHMCP>
#	G	D	E	R	K	N	Q	S	T	A	V	L	I	F	Y	W	H	M	C	P
0	0.01013	0.00692	0.00846	0.00857	0.01014	0.00621	0.00616	0.01207	0.01581	0.06426	0.23584	0.27267	0.23967	0.05928	0.00973	0.00264	0.00388	0.01469	0.00669	0.00617
1	0.01343	0.00667	0.00704	0.00691	0.00858	0.00656	0.00513	0.01634	0.01438	0.06409	0.02328	0.06103	0.01917	0.04442	0.00652	0.00192	0.00354	0.00720	0.67728	0.00653
2	0.13349	0.02211	0.10452	0.01684	0.02178	0.22223	0.10527	0.03987	0.05236	0.12901	0.01477	0.01616	0.01095	0.00740	0.00737	0.00210	0.05628	0.00562	0.02285	0.00903
3	0.01040	0.01006	0.04317	0.07533	0.01836	0.00896	0.12514	0.01317	0.01447	0.01908	0.06324	0.37377	0.13924	0.01588	0.00827	0.00255	0.00593	0.04086	0.00548	0.00664
4	0.00952	0.00652	0.00787	0.00833	0.00864	0.00637	0.00522	0.01024	0.01184	0.01590	0.08483	0.24359	0.03443	0.46342	0.02435	0.00505	0.00559	0.03834	0.00513	0.00481
5	0.11224	0.52948	0.12644	0.01348	0.01978	0.02355	0.05444	0.02069	0.01384	0.01896	0.01015	0.01192	0.00870	0.00600	0.00488	0.00169	0.00771	0.00412	0.00311	0.00882
6	0.00844	0.00686	0.00748	0.00750	0.00950	0.00590	0.00556	0.01045	0.01619	0.02030	0.20313	0.11868	0.52223	0.01695	0.00813	0.00231	0.00346	0.01441	0.00660	0.00590
7	0.01438	0.01673	0.13125	0.01417	0.02101	0.01131	0.10367	0.01857	0.01449	0.02214	0.01241	0.01481	0.00993	0.00539	0.00570	0.00137	0.00675	0.00476	0.00379	0.56737
8	0.24776	0.01026	0.01085	0.04431	0.01395	0.01094	0.00790	0.05113	0.05913	0.05025	0.29147	0.04950	0.06859	0.01069	0.00657	0.00215	0.00458	0.00872	0.04382	0.00743
9	0.01441	0.06167	0.03542	0.05890	0.06497	0.02723	0.02543	0.01743	0.01377	0.05414	0.04220	0.01965	0.01415	0.01811	0.19021	0.00403	0.06745	0.00586	0.00400	0.26095

[dist]
# distance from previous block
# <min> <max>
0	6

[block]
# block no. 9 follows, 31 sequences, length 20
# corresponding to MSA columns:
# 921-940
name=unknown_J
#
# <colnr> <probs for GDERKNQSTAVLIFYWHMCP>
#	G	D	E	R	K	N	Q	S	T	A	V	L	I	F	Y	W	H	M	C	P
0	0.09691	0.28742	0.02371	0.01328	0.01817	0.12263	0.01149	0.16772	0.04188	0.08771	0.01438	0.01632	0.01154	0.00884	0.03049	0.00216	0.00804	0.02326	0.00473	0.00931
1	0.01253	0.01116	0.01838	0.33312	0.16479	0.01293	0.01549	0.01620	0.01305	0.01783	0.01460	0.02121	0.01243	0.02329	0.27758	0.00548	0.01236	0.00655	0.00334	0.00767
2	0.00834	0.00670	0.00748	0.00806	0.00975	0.00584	0.00590	0.01000	0.01486	0.01830	0.05782	0.27243	0.47260	0.01865	0.00836	0.00250	0.00379	0.05653	0.00635	0.00574
3	0.05104	0.02295	0.32661	0.07338	0.02754	0.01517	0.15493	0.01926	0.01404	0.02076	0.01526	0.07855	0.01335	0.01018	0.03564	0.00269	0.07698	0.02942	0.00352	0.00873
4	0.02817	0.01729	0.01819	0.01429	0.01943	0.10468	0.01164	0.29858	0.02462	0.36049	0.02069	0.01916	0.01379	0.00819	0.00678	0.00205	0.00732	0.00628	0.00720	0.01118
5	0.00860	0.00627	0.00810	0.00909	0.00992	0.00577	0.00627	0.01028	0.01468	0.01970	0.18603	0.53978	0.11132	0.01945	0.00853	0.00260	0.00376	0.01746	0.00660	0.00577
6	0.01535	0.01605	0.02360	0.01931	0.02116	0.07171	0.15391	0.01787	0.01238	0.01754	0.01127	0.01698	0.01027	0.01525	0.10719	0.00376	0.44900	0.00647	0.00321	0.00771
7	0.01520	0.01317	0.01416	0.01293	0.01582	0.07820	0.03715	0.02501	0.31803	0.05322	0.15094	0.18048	0.03211	0.01228	0.00750	0.00233	0.00562	0.01068	0.00654	0.00865
8	0.00870	0.00616	0.00807	0.00946	0.00989	0.00583	0.00637	0.00987	0.01288	0.01714	0.03565	0.62667	0.04240	0.11117	0.01195	0.00327	0.00444	0.05857	0.00608	0.00543
9	0.00995	0.00663	0.00746	0.00746	0.00746	0.00663	0.00415	0.00995	0.00995	0.01327	0.02156	0.04477	0.02487	0.75957	0.03482	0.00663	0.00663	0.00995	0.00415	0.00415
10	0.02309	0.01684	0.01639	0.01375	0.01799	0.13389	0.01089	0.15793	0.20257	0.21324	0.07362	0.02290	0.01919	0.00879	0.00679	0.00208	0.00684	0.00695	0.03603	0.01023
11	0.00848	0.00606	0.00810	0.00969	0.01015	0.00568	0.00660	0.00977	0.01324	0.01762	0.03763	0.71920	0.04494	0.02130	0.00877	0.00280	0.00409	0.05395	0.00635	0.00560
12	0.00995	0.00714	0.01002	0.01002	0.01100	0.00804	0.00744	0.01191	0.01093	0.01578	0.01920	0.03062	0.01878	0.20006	0.54960	0.00962	0.01512	0.00784	0.04121	0.00570
13	0.01525	0.00907	0.01104	0.01053	0.01283	0.00886	0.00783	0.09064	0.05742	0.15289	0.03401	0.38897	0.08270	0.01554	0.00773	0.00243	0.00469	0.01361	0.06622	0.00774
14	0.02541	0.01911	0.22201	0.01457	0.02127	0.01259	0.01470	0.07938	0.01903	0.46748	0.02193	0.02020	0.01414	0.00788	0.00677	0.00213	0.00720	0.00630	0.00673	0.01120
15	0.01360	0.00794	0.00994	0.00890	0.01146	0.00702	0.00686	0.01631	0.01840	0.16845	0.39950	0.04929	0.22821	0.01374	0.00783	0.00219	0.00383	0.01179	0.00741	0.00735
16	0.01711	0.01677	0.02298	0.30254	0.27675	0.09919	0.01825	0.08150	0.01651	0.02139	0.01243	0.01674	0.00991	0.00703	0.00766	0.00215	0.05249	0.00589	0.00356	0.00914
17	0.02076	0.15069	0.02935	0.02029	0.02531	0.30621	0.24075	0.05878	0.01767	0.01974	0.01173	0.01448	0.00949	0.00668	0.00721	0.00196	0.04100	0.00567	0.00355	0.00869
18	0.02078	0.01495	0.07070	0.01466	0.01933	0.01376	0.07407	0.15723	0.06247	0.23530	0.09623	0.02629	0.06469	0.01125	0.03877	0.00258	0.05292	0.00780	0.00640	0.00984
19	0.05887	0.07605	0.04683	0.06006	0.12905	0.04207	0.25460	0.01934	0.03761	0.01971	0.01293	0.01759	0.01065	0.00982	0.01101	0.16715	0.00884	0.00640	0.00343	0.00799

[dist]
# distance from previous block
# <min> <max>
0	29

# created by:
# /home/cegg/simao/soft/augustus-3.2.1/scripts/msa2prfl.pl ./align_prep/EOG090W0E4W.fa
