[name]
unknown

[dist]
# distance from previous block
# <min> <max>
0	85

[block]
# block no. 0 follows, 33 sequences, length 13
# corresponding to MSA columns:
# 85-97
name=unknown_A
#
# <colnr> <probs for GDERKNQSTAVLIFYWHMCP>
#	G	D	E	R	K	N	Q	S	T	A	V	L	I	F	Y	W	H	M	C	P
0	0.01061	0.00758	0.01061	0.01212	0.01364	0.00758	0.01061	0.01364	0.01515	0.01970	0.03486	0.07426	0.03789	0.01819	0.00909	0.00303	0.00606	0.68326	0.00606	0.00606
1	0.01637	0.01414	0.01489	0.01340	0.01712	0.01637	0.01042	0.03498	0.71568	0.02754	0.02679	0.02456	0.02010	0.00893	0.00670	0.00223	0.00521	0.00744	0.00670	0.01042
2	0.00802	0.00573	0.00764	0.00917	0.00955	0.00535	0.00611	0.00917	0.01260	0.01681	0.03628	0.76434	0.04354	0.02062	0.00840	0.00267	0.00382	0.01872	0.00611	0.00535
3	0.00942	0.00700	0.01029	0.01029	0.01136	0.00807	0.00786	0.01157	0.01049	0.01506	0.01790	0.02736	0.01711	0.11174	0.68107	0.01022	0.01666	0.00727	0.00357	0.00571
4	0.01440	0.01440	0.02016	0.01728	0.01728	0.02016	0.01440	0.01584	0.01008	0.01584	0.00864	0.01440	0.00864	0.01152	0.02160	0.00288	0.75659	0.00576	0.00288	0.00720
5	0.00957	0.00638	0.00718	0.00718	0.00718	0.00638	0.00399	0.00957	0.00957	0.01276	0.02074	0.04308	0.02393	0.76864	0.03351	0.00638	0.00638	0.00957	0.00399	0.00399
6	0.81514	0.01273	0.00968	0.00866	0.01273	0.01477	0.00713	0.01935	0.01120	0.02954	0.00917	0.01069	0.00713	0.00611	0.00407	0.00204	0.00509	0.00356	0.00407	0.00713
7	0.02459	0.03138	0.01866	0.01696	0.02035	0.74221	0.01272	0.02629	0.01866	0.01611	0.01018	0.01187	0.00848	0.00678	0.00594	0.00170	0.01187	0.00424	0.00339	0.00763
8	0.01193	0.00620	0.00644	0.00638	0.00792	0.00614	0.00479	0.01500	0.01436	0.02476	0.10224	0.02738	0.02207	0.00834	0.00497	0.00160	0.00307	0.00680	0.71346	0.00614
9	0.01155	0.00688	0.00907	0.00915	0.01066	0.00626	0.00661	0.01353	0.01551	0.12404	0.25096	0.40034	0.07708	0.01639	0.00791	0.00237	0.00383	0.01460	0.00676	0.00648
10	0.02954	0.01120	0.01528	0.01171	0.01681	0.00968	0.00968	0.03208	0.01884	0.73213	0.02597	0.02241	0.01630	0.00815	0.00662	0.00204	0.00560	0.00662	0.00815	0.01120
11	0.00802	0.00573	0.00764	0.00917	0.00955	0.00535	0.00611	0.00917	0.01260	0.01681	0.03628	0.76434	0.04354	0.02062	0.00840	0.00267	0.00382	0.01872	0.00611	0.00535
12	0.01127	0.00714	0.00909	0.00850	0.01046	0.00642	0.00640	0.01389	0.01750	0.10522	0.47205	0.11624	0.16251	0.01405	0.00770	0.00215	0.00350	0.01227	0.00706	0.00660

[dist]
# distance from previous block
# <min> <max>
0	1

[block]
# block no. 1 follows, 33 sequences, length 17
# corresponding to MSA columns:
# 99-115
name=unknown_B
#
# <colnr> <probs for GDERKNQSTAVLIFYWHMCP>
#	G	D	E	R	K	N	Q	S	T	A	V	L	I	F	Y	W	H	M	C	P
0	0.01190	0.00740	0.00968	0.00913	0.01102	0.00689	0.00690	0.01514	0.04028	0.11216	0.48931	0.15331	0.05150	0.01388	0.00773	0.00219	0.00369	0.03393	0.00713	0.00683
1	0.01365	0.01170	0.01365	0.00975	0.01560	0.00878	0.00780	0.01658	0.01365	0.02145	0.01170	0.01365	0.00975	0.00488	0.00488	0.00098	0.00488	0.00390	0.00390	0.80888
2	0.00921	0.00698	0.00996	0.00996	0.01122	0.00782	0.00766	0.01138	0.01110	0.01550	0.02391	0.03124	0.10572	0.07310	0.62284	0.00937	0.01540	0.00801	0.00387	0.00576
3	0.01056	0.00875	0.01279	0.01212	0.01303	0.01098	0.00965	0.01270	0.01047	0.01541	0.01556	0.02322	0.01466	0.04066	0.57661	0.00881	0.18772	0.00676	0.00338	0.00618
4	0.00909	0.00637	0.00824	0.00934	0.00990	0.00619	0.00663	0.01038	0.01239	0.01639	0.03160	0.39294	0.03668	0.22846	0.01557	0.00380	0.00509	0.18028	0.00551	0.00515
5	0.01771	0.01255	0.01405	0.01256	0.01611	0.01378	0.00974	0.03122	0.50124	0.15374	0.02784	0.11708	0.02235	0.01026	0.00690	0.00225	0.00511	0.00871	0.00689	0.00992
6	0.00940	0.00705	0.01058	0.01058	0.01176	0.00823	0.00823	0.01176	0.01058	0.01528	0.01763	0.02586	0.01646	0.04937	0.74255	0.01058	0.01763	0.00705	0.00353	0.00588
7	0.01629	0.01564	0.02672	0.04041	0.72757	0.01564	0.02020	0.02020	0.01499	0.02151	0.01238	0.01629	0.01043	0.00587	0.00652	0.00196	0.00782	0.00587	0.00326	0.01043
8	0.00989	0.00738	0.01057	0.01014	0.01110	0.00823	0.02857	0.01161	0.01051	0.01499	0.01830	0.03051	0.01833	0.26674	0.45646	0.00851	0.03644	0.00778	0.02851	0.00544
9	0.02503	0.01844	0.01976	0.01515	0.02042	0.02042	0.01251	0.70562	0.03095	0.04149	0.01581	0.01581	0.01120	0.00790	0.00659	0.00198	0.00724	0.00593	0.00659	0.01120
10	0.81514	0.01273	0.00968	0.00866	0.01273	0.01477	0.00713	0.01935	0.01120	0.02954	0.00917	0.01069	0.00713	0.00611	0.00407	0.00204	0.00509	0.00356	0.00407	0.00713
11	0.00798	0.00590	0.00746	0.00871	0.00943	0.00539	0.00591	0.00922	0.01304	0.01698	0.04179	0.63745	0.16688	0.01991	0.00829	0.00259	0.00373	0.01784	0.00611	0.00539
12	0.05295	0.01750	0.01888	0.01449	0.01973	0.01907	0.01196	0.61083	0.02882	0.08866	0.01614	0.01601	0.01136	0.00775	0.00644	0.00195	0.00697	0.00582	0.00651	0.03814
13	0.01320	0.03405	0.73453	0.01876	0.02849	0.01529	0.02432	0.02085	0.01390	0.02085	0.01181	0.01390	0.00834	0.00625	0.00625	0.00208	0.00973	0.00486	0.00278	0.00973
14	0.00940	0.00705	0.01058	0.01058	0.01176	0.00823	0.00823	0.01176	0.01058	0.01528	0.01763	0.02586	0.01646	0.04937	0.74255	0.01058	0.01763	0.00705	0.00353	0.00588
15	0.67293	0.01245	0.01069	0.00921	0.01347	0.01385	0.00759	0.02166	0.01259	0.15672	0.01221	0.01281	0.00879	0.00648	0.00453	0.00204	0.00518	0.00412	0.00481	0.00787
16	0.02536	0.01181	0.01506	0.01205	0.01660	0.01119	0.00989	0.10968	0.08228	0.49845	0.07414	0.02658	0.02044	0.00912	0.00684	0.00210	0.00561	0.04466	0.00765	0.01050

[dist]
# distance from previous block
# <min> <max>
0	1

[block]
# block no. 2 follows, 33 sequences, length 20
# corresponding to MSA columns:
# 117-136
name=unknown_C
#
# <colnr> <probs for GDERKNQSTAVLIFYWHMCP>
#	G	D	E	R	K	N	Q	S	T	A	V	L	I	F	Y	W	H	M	C	P
0	0.01344	0.00790	0.01040	0.00974	0.01066	0.00831	0.00690	0.09295	0.06819	0.01628	0.01319	0.01988	0.01210	0.01998	0.02194	0.64835	0.00586	0.00588	0.00361	0.00445
1	0.01629	0.01564	0.02672	0.04041	0.72757	0.01564	0.02020	0.02020	0.01499	0.02151	0.01238	0.01629	0.01043	0.00587	0.00652	0.00196	0.00782	0.00587	0.00326	0.01043
2	0.01227	0.00614	0.00614	0.00614	0.00767	0.00614	0.00460	0.01534	0.01381	0.02454	0.02148	0.02454	0.01687	0.00767	0.00460	0.00153	0.00307	0.00614	0.80518	0.00614
3	0.00839	0.00668	0.00743	0.00725	0.00914	0.00582	0.00538	0.01048	0.01602	0.02054	0.29172	0.05758	0.46558	0.04822	0.00889	0.00235	0.00339	0.01302	0.00641	0.00572
4	0.01472	0.01622	0.03401	0.02488	0.03035	0.01594	0.56608	0.01956	0.01451	0.01998	0.01345	0.01844	0.01064	0.01120	0.09558	0.00326	0.07193	0.00752	0.00332	0.00839
5	0.02910	0.01191	0.01572	0.01205	0.01716	0.01073	0.00995	0.09796	0.02003	0.66458	0.02498	0.02176	0.01580	0.00812	0.00662	0.00203	0.00576	0.00655	0.00800	0.01120
6	0.76058	0.06471	0.01137	0.00884	0.01302	0.01554	0.00741	0.01938	0.01135	0.02858	0.00917	0.01069	0.00722	0.00608	0.00408	0.00199	0.00523	0.00356	0.00399	0.00722
7	0.50432	0.01030	0.00900	0.00869	0.01153	0.01151	0.00686	0.01649	0.01187	0.02533	0.01680	0.10369	0.01645	0.07057	0.00747	0.00251	0.00495	0.07244	0.08275	0.00648
8	0.00809	0.00665	0.00717	0.00750	0.00943	0.00573	0.00568	0.00982	0.01474	0.01786	0.05999	0.14713	0.57732	0.01729	0.00798	0.00236	0.00366	0.07993	0.00611	0.00558
9	0.00942	0.00701	0.01035	0.01035	0.01144	0.00810	0.00794	0.01161	0.01051	0.01511	0.01785	0.02704	0.01697	0.09857	0.69405	0.01029	0.01686	0.00723	0.00356	0.00575
10	0.00884	0.00687	0.00814	0.00828	0.01015	0.00617	0.00652	0.01123	0.01617	0.02087	0.26629	0.06112	0.37784	0.01597	0.00804	0.00234	0.00382	0.14901	0.00646	0.00586
11	0.01033	0.00654	0.00759	0.00758	0.00785	0.00643	0.00445	0.01056	0.01029	0.04582	0.02250	0.11268	0.02550	0.66095	0.02983	0.00582	0.00610	0.01033	0.00439	0.00445
12	0.01637	0.01414	0.01489	0.01340	0.01712	0.01637	0.01042	0.03498	0.71568	0.02754	0.02679	0.02456	0.02010	0.00893	0.00670	0.00223	0.00521	0.00744	0.00670	0.01042
13	0.01554	0.01776	0.03885	0.02775	0.03441	0.01665	0.70366	0.02109	0.01554	0.02109	0.01332	0.01776	0.00999	0.00555	0.00777	0.00222	0.01110	0.00777	0.00333	0.00888
14	0.00802	0.00573	0.00764	0.00917	0.00955	0.00535	0.00611	0.00917	0.01260	0.01681	0.03628	0.76434	0.04354	0.02062	0.00840	0.00267	0.00382	0.01872	0.00611	0.00535
15	0.01390	0.00699	0.00809	0.00746	0.00949	0.00665	0.00572	0.01690	0.01575	0.12288	0.20390	0.03062	0.02850	0.00923	0.00570	0.00174	0.00343	0.00770	0.48850	0.00686
16	0.01629	0.01564	0.02672	0.04041	0.72757	0.01564	0.02020	0.02020	0.01499	0.02151	0.01238	0.01629	0.01043	0.00587	0.00652	0.00196	0.00782	0.00587	0.00326	0.01043
17	0.01061	0.00758	0.01061	0.01212	0.01364	0.00758	0.01061	0.01364	0.01515	0.01970	0.03486	0.07426	0.03789	0.01819	0.00909	0.00303	0.00606	0.68326	0.00606	0.00606
18	0.00844	0.00603	0.00812	0.00964	0.01021	0.00571	0.00683	0.00988	0.01301	0.01727	0.03606	0.65354	0.04263	0.02023	0.00851	0.00273	0.00418	0.12542	0.00610	0.00546
19	0.01224	0.00736	0.00925	0.00858	0.01076	0.00654	0.00650	0.01467	0.01708	0.14364	0.36448	0.13242	0.21271	0.01418	0.00765	0.00217	0.00367	0.01229	0.00699	0.00680

[dist]
# distance from previous block
# <min> <max>
1	10

[block]
# block no. 3 follows, 33 sequences, length 7
# corresponding to MSA columns:
# 147-153
name=unknown_D
#
# <colnr> <probs for GDERKNQSTAVLIFYWHMCP>
#	G	D	E	R	K	N	Q	S	T	A	V	L	I	F	Y	W	H	M	C	P
0	0.01637	0.01414	0.01489	0.01340	0.01712	0.01637	0.01042	0.03498	0.71568	0.02754	0.02679	0.02456	0.02010	0.00893	0.00670	0.00223	0.00521	0.00744	0.00670	0.01042
1	0.00957	0.00638	0.00718	0.00718	0.00718	0.00638	0.00399	0.00957	0.00957	0.01276	0.02074	0.04308	0.02393	0.76864	0.03351	0.00638	0.00638	0.00957	0.00399	0.00399
2	0.00957	0.00638	0.00718	0.00718	0.00718	0.00638	0.00399	0.00957	0.00957	0.01276	0.02074	0.04308	0.02393	0.76864	0.03351	0.00638	0.00638	0.00957	0.00399	0.00399
3	0.01359	0.11669	0.01611	0.01008	0.01523	0.01110	0.00834	0.01632	0.01317	0.01974	0.01219	0.01497	0.01053	0.01134	0.11014	0.00241	0.00700	0.00430	0.00370	0.58306
4	0.02023	0.16958	0.07576	0.01369	0.01885	0.01866	0.01217	0.21939	0.25198	0.10439	0.01890	0.01822	0.01392	0.00769	0.00612	0.00196	0.00654	0.00594	0.00574	0.01027
5	0.02127	0.25456	0.02199	0.01300	0.01758	0.13336	0.01097	0.10672	0.14005	0.15843	0.01755	0.04773	0.01379	0.00777	0.00584	0.00184	0.00710	0.00584	0.00520	0.00939
6	0.01794	0.38001	0.05683	0.01190	0.01680	0.01938	0.01102	0.11362	0.08577	0.08032	0.12642	0.01986	0.01909	0.00773	0.00563	0.00175	0.00627	0.00587	0.00484	0.00894

[dist]
# distance from previous block
# <min> <max>
5	10

[block]
# block no. 4 follows, 33 sequences, length 54
# corresponding to MSA columns:
# 164,165,176-215,219-230
name=unknown_E
#
# <colnr> <probs for GDERKNQSTAVLIFYWHMCP>
#	G	D	E	R	K	N	Q	S	T	A	V	L	I	F	Y	W	H	M	C	P
0	0.00874	0.00631	0.00764	0.00813	0.00896	0.00591	0.00550	0.01004	0.01324	0.01751	0.15011	0.29219	0.15935	0.23246	0.01539	0.00357	0.00444	0.03966	0.00569	0.00517
1	0.48705	0.01146	0.01075	0.00956	0.01321	0.01247	0.00760	0.02122	0.05971	0.16014	0.01721	0.10599	0.01473	0.03572	0.00631	0.00228	0.00509	0.00645	0.00526	0.00779
2	0.01320	0.03405	0.73453	0.01876	0.02849	0.01529	0.02432	0.02085	0.01390	0.02085	0.01181	0.01390	0.00834	0.00625	0.00625	0.00208	0.00973	0.00486	0.00278	0.00973
3	0.00955	0.00646	0.00712	0.00718	0.00778	0.00626	0.00448	0.01025	0.01115	0.01503	0.02954	0.04615	0.14872	0.53454	0.02528	0.00506	0.00552	0.03588	0.07950	0.00455
4	0.00829	0.00579	0.00755	0.00891	0.00930	0.00545	0.00590	0.00942	0.01242	0.01678	0.03459	0.68364	0.04111	0.07640	0.01015	0.00291	0.00399	0.01758	0.03455	0.00527
5	0.01526	0.01459	0.02486	0.23058	0.54545	0.01537	0.01969	0.01930	0.01450	0.02026	0.01220	0.01663	0.00999	0.00606	0.00653	0.00202	0.00808	0.00586	0.00317	0.00960
6	0.02074	0.01227	0.01387	0.01125	0.01508	0.01272	0.00909	0.28407	0.04162	0.18682	0.04893	0.02309	0.04172	0.00953	0.02533	0.00212	0.00568	0.00672	0.22005	0.00929
7	0.02105	0.01646	0.01752	0.01434	0.01890	0.01856	0.01155	0.39710	0.34596	0.03507	0.02086	0.01983	0.01529	0.00838	0.00664	0.00209	0.00631	0.00662	0.00664	0.01084
8	0.01094	0.00716	0.00903	0.00839	0.01041	0.00644	0.00642	0.01369	0.01781	0.09055	0.50328	0.05033	0.19268	0.01376	0.00770	0.00213	0.00348	0.03220	0.00706	0.00654
9	0.01766	0.69837	0.07314	0.01194	0.01770	0.05705	0.01206	0.02007	0.01364	0.01582	0.00935	0.01081	0.00844	0.00572	0.00441	0.00146	0.00740	0.00363	0.00284	0.00848
10	0.00838	0.00603	0.00752	0.00844	0.00905	0.00563	0.00559	0.00951	0.01274	0.01685	0.08591	0.49653	0.12051	0.15993	0.01299	0.00327	0.00419	0.01595	0.00579	0.00518
11	0.02548	0.01022	0.01383	0.01113	0.01541	0.00888	0.00897	0.02783	0.01790	0.59635	0.04926	0.12234	0.04143	0.01020	0.00692	0.00213	0.00523	0.00858	0.00779	0.01012
12	0.01760	0.77260	0.03450	0.01126	0.01690	0.02605	0.01126	0.01971	0.01338	0.01549	0.00915	0.01056	0.00845	0.00563	0.00422	0.00141	0.00704	0.00352	0.00282	0.00845
13	0.00820	0.00585	0.00754	0.00883	0.00923	0.00548	0.00581	0.00923	0.01232	0.01634	0.03553	0.64841	0.06728	0.11280	0.01148	0.00311	0.00412	0.01740	0.00585	0.00519
14	0.11773	0.00754	0.00873	0.00862	0.01041	0.00729	0.00630	0.01337	0.01491	0.07633	0.25260	0.25902	0.11909	0.05767	0.00885	0.00251	0.00399	0.01254	0.00624	0.00625
15	0.81514	0.01273	0.00968	0.00866	0.01273	0.01477	0.00713	0.01935	0.01120	0.02954	0.00917	0.01069	0.00713	0.00611	0.00407	0.00204	0.00509	0.00356	0.00407	0.00713
16	0.00839	0.00615	0.00744	0.00830	0.00906	0.00570	0.00559	0.00949	0.01262	0.01630	0.03991	0.42832	0.19427	0.17525	0.01351	0.00336	0.00433	0.04121	0.00567	0.00514
17	0.01499	0.00878	0.01192	0.01099	0.01326	0.00915	0.00855	0.08070	0.01466	0.17386	0.02272	0.16074	0.02094	0.03121	0.37784	0.00645	0.01149	0.00901	0.00530	0.00744
18	0.00856	0.00602	0.00758	0.00847	0.00888	0.00571	0.00549	0.00954	0.01228	0.01644	0.08675	0.48607	0.05722	0.23131	0.01543	0.00366	0.00447	0.01547	0.00560	0.00504
19	0.01192	0.00759	0.00949	0.00859	0.01080	0.00691	0.00658	0.03392	0.01833	0.11042	0.49633	0.04766	0.17951	0.01326	0.00760	0.00209	0.00357	0.01147	0.00712	0.00683
20	0.00802	0.00573	0.00764	0.00917	0.00955	0.00535	0.00611	0.00917	0.01260	0.01681	0.03628	0.76434	0.04354	0.02062	0.00840	0.00267	0.00382	0.01872	0.00611	0.00535
21	0.02265	0.02062	0.01732	0.01477	0.01877	0.27273	0.01179	0.29944	0.02305	0.07951	0.01925	0.02420	0.04731	0.00918	0.00672	0.00202	0.00843	0.08768	0.00549	0.00905
22	0.34954	0.01447	0.01618	0.20163	0.08978	0.03665	0.01246	0.16237	0.01639	0.02768	0.01153	0.01406	0.00874	0.00660	0.00552	0.00205	0.00692	0.00487	0.00421	0.00835
23	0.00791	0.00667	0.00685	0.00681	0.00897	0.00561	0.00510	0.00970	0.01531	0.01851	0.12210	0.06216	0.66904	0.01640	0.00778	0.00221	0.00332	0.01373	0.00621	0.00561
24	0.01365	0.01170	0.01365	0.00975	0.01560	0.00878	0.00780	0.01658	0.01365	0.02145	0.01170	0.01365	0.00975	0.00488	0.00488	0.00098	0.00488	0.00390	0.00390	0.80888
25	0.81514	0.01273	0.00968	0.00866	0.01273	0.01477	0.00713	0.01935	0.01120	0.02954	0.00917	0.01069	0.00713	0.00611	0.00407	0.00204	0.00509	0.00356	0.00407	0.00713
26	0.01608	0.01542	0.02633	0.08045	0.68923	0.01558	0.02010	0.02001	0.01489	0.02124	0.01234	0.01636	0.01034	0.00591	0.00652	0.00197	0.00787	0.00586	0.00324	0.01025
27	0.77073	0.01305	0.01024	0.00902	0.01316	0.01509	0.00743	0.05792	0.01231	0.03021	0.00954	0.01098	0.00736	0.00621	0.00422	0.00203	0.00521	0.00370	0.00422	0.00736
28	0.01440	0.01440	0.02016	0.01728	0.01728	0.02016	0.01440	0.01584	0.01008	0.01584	0.00864	0.01440	0.00864	0.01152	0.02160	0.00288	0.75659	0.00576	0.00288	0.00720
29	0.02767	0.01474	0.01707	0.01320	0.01828	0.04594	0.01085	0.27852	0.02327	0.44757	0.02155	0.01952	0.01408	0.00800	0.00658	0.00200	0.00648	0.00626	0.00737	0.01104
30	0.01629	0.01564	0.02672	0.04041	0.72757	0.01564	0.02020	0.02020	0.01499	0.02151	0.01238	0.01629	0.01043	0.00587	0.00652	0.00196	0.00782	0.00587	0.00326	0.01043
31	0.00863	0.00641	0.00804	0.00825	0.00957	0.00582	0.00595	0.01085	0.01608	0.02180	0.38686	0.27431	0.18061	0.01629	0.00797	0.00229	0.00337	0.01440	0.00668	0.00582
32	0.00802	0.00597	0.00747	0.00859	0.00942	0.00543	0.00587	0.00935	0.01336	0.01739	0.06928	0.58451	0.19238	0.01949	0.00824	0.00255	0.00369	0.01741	0.00616	0.00543
33	0.01620	0.01394	0.01475	0.01336	0.01701	0.01610	0.01043	0.03432	0.69396	0.02730	0.02704	0.02610	0.02065	0.00922	0.00677	0.00226	0.00524	0.02840	0.00668	0.01029
34	0.02858	0.01194	0.01564	0.01208	0.01712	0.01088	0.00995	0.08898	0.05062	0.64282	0.02515	0.02195	0.01603	0.00816	0.00662	0.00204	0.00572	0.00660	0.00795	0.01117
35	0.64669	0.01240	0.01088	0.00931	0.01360	0.01368	0.00768	0.02208	0.01284	0.18019	0.01277	0.01321	0.00910	0.00655	0.00462	0.00204	0.00520	0.00422	0.00495	0.00800
36	0.00843	0.00649	0.00770	0.00784	0.00940	0.00576	0.00571	0.01054	0.01589	0.02091	0.31452	0.21026	0.32026	0.01629	0.00791	0.00226	0.00335	0.01417	0.00655	0.00576
37	0.81514	0.01273	0.00968	0.00866	0.01273	0.01477	0.00713	0.01935	0.01120	0.02954	0.00917	0.01069	0.00713	0.00611	0.00407	0.00204	0.00509	0.00356	0.00407	0.00713
38	0.01144	0.00572	0.00858	0.00858	0.00858	0.00572	0.00572	0.00858	0.00858	0.01144	0.01144	0.02001	0.01144	0.02287	0.02573	0.80846	0.00572	0.00572	0.00286	0.00286
39	0.08227	0.01198	0.01532	0.01183	0.01687	0.01103	0.00977	0.09432	0.01946	0.61989	0.02388	0.02100	0.01520	0.00799	0.00644	0.00203	0.00572	0.00635	0.00773	0.01093
40	0.39327	0.01370	0.01307	0.01121	0.01543	0.01543	0.00905	0.10833	0.23169	0.10196	0.01712	0.01678	0.01255	0.00741	0.00545	0.00209	0.00544	0.00536	0.00560	0.00905
41	0.02954	0.01120	0.01528	0.01171	0.01681	0.00968	0.00968	0.03208	0.01884	0.73213	0.02597	0.02241	0.01630	0.00815	0.00662	0.00204	0.00560	0.00662	0.00815	0.01120
42	0.01357	0.09503	0.67673	0.01814	0.02754	0.01618	0.02325	0.02075	0.01386	0.02041	0.01159	0.01362	0.00835	0.00620	0.00609	0.00203	0.00951	0.00475	0.00278	0.00962
43	0.00876	0.00647	0.00818	0.00825	0.00962	0.00590	0.00600	0.01116	0.01659	0.02270	0.45282	0.22694	0.16084	0.01572	0.00792	0.00224	0.00332	0.01389	0.00679	0.00590
44	0.00811	0.00633	0.00735	0.00783	0.00928	0.00558	0.00559	0.00981	0.01469	0.01876	0.15725	0.31763	0.37310	0.01762	0.00801	0.00236	0.00348	0.01535	0.00629	0.00558
45	0.00818	0.00585	0.00778	0.00906	0.00958	0.00545	0.00612	0.00956	0.01333	0.01796	0.11933	0.67799	0.04578	0.01976	0.00833	0.00260	0.00373	0.01789	0.00625	0.00545
46	0.02094	0.01641	0.01745	0.01432	0.01886	0.01851	0.01152	0.38859	0.35465	0.03489	0.02100	0.01994	0.01540	0.00839	0.00664	0.00210	0.00628	0.00664	0.00664	0.01083
47	0.01279	0.01207	0.02040	0.68608	0.10925	0.01472	0.01846	0.01714	0.01333	0.01726	0.01176	0.01743	0.00893	0.00651	0.00658	0.00217	0.00869	0.00585	0.00296	0.00760
48	0.29484	0.01032	0.01005	0.00892	0.01158	0.01113	0.00665	0.07081	0.04376	0.09417	0.01717	0.02485	0.01541	0.25496	0.01427	0.00340	0.00552	0.00645	0.08884	0.00686
49	0.00812	0.00606	0.00756	0.00850	0.00944	0.00550	0.00588	0.00962	0.01387	0.01818	0.12613	0.52136	0.19803	0.01888	0.00819	0.00250	0.00362	0.01682	0.00625	0.00550
50	0.00961	0.00705	0.00903	0.01014	0.01108	0.00705	0.00747	0.01277	0.07884	0.01818	0.03359	0.45169	0.03808	0.08822	0.01075	0.00307	0.00476	0.18680	0.00596	0.00588
51	0.00810	0.00578	0.00773	0.00925	0.00967	0.00541	0.00624	0.00930	0.01268	0.01689	0.03624	0.74395	0.04337	0.02055	0.00842	0.00268	0.00389	0.03835	0.00611	0.00537
52	0.01144	0.00572	0.00858	0.00858	0.00858	0.00572	0.00572	0.00858	0.00858	0.01144	0.01144	0.02001	0.01144	0.02287	0.02573	0.80846	0.00572	0.00572	0.00286	0.00286
53	0.00988	0.00754	0.01025	0.01112	0.07686	0.00706	0.00732	0.01279	0.01754	0.02460	0.57399	0.04670	0.09939	0.05541	0.00910	0.00231	0.00375	0.01134	0.00661	0.00644

[dist]
# distance from previous block
# <min> <max>
0	1

[block]
# block no. 5 follows, 33 sequences, length 84
# corresponding to MSA columns:
# 232-315
name=unknown_F
#
# <colnr> <probs for GDERKNQSTAVLIFYWHMCP>
#	G	D	E	R	K	N	Q	S	T	A	V	L	I	F	Y	W	H	M	C	P
0	0.02954	0.01120	0.01528	0.01171	0.01681	0.00968	0.00968	0.03208	0.01884	0.73213	0.02597	0.02241	0.01630	0.00815	0.00662	0.00204	0.00560	0.00662	0.00815	0.01120
1	0.01243	0.01170	0.01975	0.75282	0.04534	0.01463	0.01828	0.01682	0.01316	0.01682	0.01170	0.01755	0.00878	0.00658	0.00658	0.00219	0.00878	0.00585	0.00293	0.00731
2	0.81514	0.01273	0.00968	0.00866	0.01273	0.01477	0.00713	0.01935	0.01120	0.02954	0.00917	0.01069	0.00713	0.00611	0.00407	0.00204	0.00509	0.00356	0.00407	0.00713
3	0.02541	0.01289	0.01665	0.01306	0.01789	0.01256	0.03907	0.13280	0.13466	0.45840	0.04846	0.02251	0.01749	0.00832	0.00672	0.00207	0.00593	0.00688	0.00744	0.01080
4	0.01320	0.03405	0.73453	0.01876	0.02849	0.01529	0.02432	0.02085	0.01390	0.02085	0.01181	0.01390	0.00834	0.00625	0.00625	0.00208	0.00973	0.00486	0.00278	0.00973
5	0.00957	0.00638	0.00718	0.00718	0.00718	0.00638	0.00399	0.00957	0.00957	0.01276	0.02074	0.04308	0.02393	0.76864	0.03351	0.00638	0.00638	0.00957	0.00399	0.00399
6	0.01983	0.46279	0.02848	0.01302	0.01810	0.02372	0.01192	0.24787	0.01898	0.02418	0.01133	0.01260	0.00938	0.00684	0.00635	0.00171	0.06506	0.00450	0.00408	0.00927
7	0.01144	0.00572	0.00858	0.00858	0.00858	0.00572	0.00572	0.00858	0.00858	0.01144	0.01144	0.02001	0.01144	0.02287	0.02573	0.80846	0.00572	0.00572	0.00286	0.00286
8	0.01250	0.01156	0.01802	0.13476	0.34489	0.01162	0.01422	0.01564	0.01466	0.01939	0.03148	0.05506	0.24539	0.01035	0.00708	0.00214	0.00632	0.03254	0.00432	0.00807
9	0.00940	0.00705	0.01058	0.01058	0.01176	0.00823	0.00823	0.01176	0.01058	0.01528	0.01763	0.02586	0.01646	0.04937	0.74255	0.01058	0.01763	0.00705	0.00353	0.00588
10	0.00896	0.00750	0.00789	0.00765	0.00994	0.00685	0.00578	0.01271	0.09268	0.02015	0.16126	0.05695	0.54755	0.01534	0.00766	0.00220	0.00351	0.01288	0.00635	0.00619
11	0.01421	0.01547	0.03241	0.13478	0.03322	0.01505	0.52088	0.01908	0.01485	0.01996	0.01570	0.10293	0.01364	0.00743	0.00766	0.00227	0.00992	0.00873	0.00359	0.00824
12	0.01773	0.01589	0.04149	0.05645	0.58506	0.01561	0.01890	0.07853	0.01651	0.07027	0.01354	0.01664	0.01079	0.00622	0.00653	0.00197	0.00770	0.00590	0.00384	0.01044
13	0.01775	0.01142	0.01199	0.01001	0.01315	0.01227	0.00800	0.31196	0.02117	0.03183	0.01904	0.02079	0.01443	0.00777	0.00545	0.00172	0.00486	0.00605	0.46202	0.00831
14	0.01138	0.00660	0.00875	0.00940	0.01046	0.00608	0.00648	0.01265	0.01331	0.12418	0.03354	0.59732	0.03794	0.07613	0.01006	0.00286	0.00428	0.01619	0.00625	0.00612
15	0.01370	0.11763	0.65531	0.01791	0.02718	0.01651	0.02285	0.02072	0.01384	0.02024	0.01151	0.01352	0.00835	0.00618	0.00602	0.00201	0.00942	0.00471	0.00278	0.00958
16	0.02533	0.01796	0.01946	0.01492	0.02018	0.01970	0.01232	0.66085	0.03015	0.08740	0.01648	0.01624	0.01153	0.00792	0.00659	0.00198	0.00714	0.00597	0.00669	0.01120
17	0.02459	0.03138	0.01866	0.01696	0.02035	0.74221	0.01272	0.02629	0.01866	0.01611	0.01018	0.01187	0.00848	0.00678	0.00594	0.00170	0.01187	0.00424	0.00339	0.00763
18	0.00848	0.00670	0.00764	0.00741	0.00932	0.00586	0.00556	0.01081	0.01667	0.02173	0.36741	0.05687	0.42172	0.01520	0.00777	0.00215	0.00323	0.01298	0.00663	0.00586
19	0.01934	0.01561	0.01479	0.01295	0.01614	0.14459	0.00997	0.27616	0.02115	0.08631	0.02258	0.26383	0.02201	0.01193	0.00702	0.00215	0.00669	0.00992	0.02837	0.00847
20	0.00802	0.00573	0.00764	0.00917	0.00955	0.00535	0.00611	0.00917	0.01260	0.01681	0.03628	0.76434	0.04354	0.02062	0.00840	0.00267	0.00382	0.01872	0.00611	0.00535
21	0.00907	0.00665	0.00853	0.00836	0.00986	0.00611	0.00626	0.01181	0.01747	0.02419	0.55253	0.12734	0.12980	0.01476	0.00789	0.00219	0.00333	0.04086	0.00696	0.00604
22	0.01498	0.01682	0.03586	0.02586	0.03193	0.01597	0.62725	0.02014	0.01544	0.02097	0.04102	0.02052	0.03912	0.00647	0.00826	0.00224	0.03691	0.00808	0.00356	0.00860
23	0.01450	0.01411	0.01908	0.01650	0.01706	0.01921	0.01362	0.01840	0.10956	0.01747	0.01152	0.01624	0.01053	0.01250	0.04503	0.00306	0.62451	0.00604	0.00344	0.00761
24	0.06348	0.00741	0.00791	0.00756	0.00997	0.00659	0.00575	0.01237	0.01540	0.07964	0.14008	0.09180	0.49858	0.01506	0.00747	0.00220	0.00364	0.01260	0.00629	0.00621
25	0.07221	0.01373	0.01451	0.01256	0.01653	0.03564	0.00992	0.06719	0.43183	0.16436	0.04569	0.02449	0.04437	0.00888	0.00655	0.00215	0.00545	0.00721	0.00670	0.01002
26	0.01558	0.01306	0.01385	0.01253	0.01595	0.01494	0.00972	0.03200	0.61710	0.02725	0.07839	0.02639	0.02301	0.00918	0.00664	0.00217	0.00491	0.00769	0.05982	0.00982
27	0.02706	0.01139	0.01498	0.01174	0.01650	0.01033	0.00960	0.05536	0.07118	0.60802	0.07181	0.02410	0.01942	0.00855	0.00670	0.00205	0.00547	0.00701	0.00792	0.01082
28	0.01872	0.01362	0.01496	0.01310	0.01706	0.01518	0.01029	0.03447	0.59155	0.15304	0.02665	0.02418	0.01942	0.00879	0.00668	0.00220	0.00528	0.00730	0.00696	0.01056
29	0.00802	0.00573	0.00764	0.00917	0.00955	0.00535	0.00611	0.00917	0.01260	0.01681	0.03628	0.76434	0.04354	0.02062	0.00840	0.00267	0.00382	0.01872	0.00611	0.00535
30	0.00900	0.00664	0.00843	0.00824	0.00977	0.00607	0.00614	0.01170	0.01742	0.02405	0.54503	0.12529	0.15180	0.01476	0.00787	0.00218	0.00328	0.02936	0.00694	0.00603
31	0.01144	0.00572	0.00858	0.00858	0.00858	0.00572	0.00572	0.00858	0.00858	0.01144	0.01144	0.02001	0.01144	0.02287	0.02573	0.80846	0.00572	0.00572	0.00286	0.00286
32	0.00836	0.00597	0.00803	0.00956	0.01009	0.00564	0.00671	0.00976	0.01294	0.01719	0.03609	0.67272	0.04279	0.02030	0.00849	0.00272	0.00412	0.10695	0.00610	0.00544
33	0.01101	0.00629	0.00895	0.05767	0.01065	0.00649	0.00609	0.00939	0.00915	0.01215	0.01393	0.02600	0.01459	0.22061	0.02653	0.54104	0.00610	0.00675	0.00316	0.00346
34	0.02306	0.01684	0.01819	0.01446	0.01931	0.01865	0.01178	0.48556	0.20912	0.08375	0.01935	0.01853	0.01386	0.00819	0.00662	0.00205	0.00660	0.00637	0.00672	0.01099
35	0.01243	0.01170	0.01975	0.75282	0.04534	0.01463	0.01828	0.01682	0.01316	0.01682	0.01170	0.01755	0.00878	0.00658	0.00658	0.00219	0.00878	0.00585	0.00293	0.00731
36	0.01600	0.01501	0.02010	0.01696	0.01776	0.02020	0.01412	0.11968	0.01322	0.01970	0.00972	0.01461	0.00903	0.01098	0.01934	0.00274	0.64378	0.00579	0.00344	0.00780
37	0.01760	0.77260	0.03450	0.01126	0.01690	0.02605	0.01126	0.01971	0.01338	0.01549	0.00915	0.01056	0.00845	0.00563	0.00422	0.00141	0.00704	0.00352	0.00282	0.00845
38	0.00802	0.00573	0.00764	0.00917	0.00955	0.00535	0.00611	0.00917	0.01260	0.01681	0.03628	0.76434	0.04354	0.02062	0.00840	0.00267	0.00382	0.01872	0.00611	0.00535
39	0.01828	0.04089	0.02057	0.08619	0.23178	0.24486	0.01448	0.04534	0.03755	0.01977	0.01205	0.01491	0.00996	0.00764	0.02786	0.00201	0.02798	0.00507	0.00358	0.12923
40	0.01513	0.03738	0.02373	0.31264	0.30560	0.01546	0.06178	0.05996	0.01514	0.02067	0.01224	0.01650	0.00970	0.00617	0.00645	0.00198	0.00815	0.00578	0.00336	0.06218
41	0.09477	0.01732	0.01898	0.06799	0.15270	0.10723	0.01335	0.25842	0.07568	0.08229	0.01527	0.01655	0.01142	0.00850	0.02886	0.00225	0.00787	0.00569	0.00512	0.00975
42	0.00888	0.00671	0.00893	0.00988	0.01038	0.00691	0.00702	0.01017	0.01241	0.01667	0.03342	0.55687	0.06280	0.07008	0.03077	0.00316	0.06779	0.06604	0.00563	0.00549
43	0.01397	0.01077	0.01556	0.04537	0.21583	0.01083	0.01148	0.04856	0.06968	0.07078	0.26095	0.07612	0.03295	0.05192	0.00865	0.00236	0.00549	0.03491	0.00566	0.00814
44	0.01414	0.01201	0.01391	0.01005	0.01582	0.00941	0.00805	0.04202	0.03426	0.02235	0.01228	0.01404	0.01010	0.00510	0.00499	0.00105	0.00497	0.00407	0.00408	0.75730
45	0.00915	0.00658	0.00772	0.00792	0.00947	0.00584	0.00567	0.01085	0.01475	0.04852	0.17060	0.26029	0.33267	0.06765	0.00965	0.00260	0.00373	0.01434	0.00626	0.00574
46	0.00932	0.00673	0.00880	0.00828	0.00984	0.00621	0.00621	0.01242	0.01863	0.02640	0.72410	0.04918	0.06212	0.01346	0.00776	0.00207	0.00311	0.01191	0.00725	0.00621
47	0.01324	0.01110	0.01184	0.01096	0.01366	0.03078	0.00836	0.05708	0.32202	0.02512	0.19675	0.11517	0.13240	0.01226	0.00726	0.00221	0.00458	0.01047	0.00659	0.00815
48	0.10750	0.01043	0.01181	0.01051	0.01345	0.01066	0.00822	0.14136	0.04512	0.14516	0.08911	0.14530	0.07760	0.06834	0.00893	0.00253	0.00518	0.06158	0.02935	0.00786
49	0.00877	0.00626	0.00850	0.01002	0.01073	0.00599	0.00741	0.01046	0.01334	0.01764	0.03587	0.56452	0.04190	0.01992	0.00860	0.00278	0.00447	0.21114	0.00610	0.00555
50	0.00802	0.00573	0.00764	0.00917	0.00955	0.00535	0.00611	0.00917	0.01260	0.01681	0.03628	0.76434	0.04354	0.02062	0.00840	0.00267	0.00382	0.01872	0.00611	0.00535
51	0.04717	0.00762	0.00977	0.00942	0.01145	0.00699	0.00697	0.01585	0.01553	0.19168	0.18844	0.35438	0.07830	0.01519	0.00761	0.00233	0.00411	0.01337	0.00677	0.00704
52	0.01120	0.00674	0.00869	0.00902	0.01038	0.00612	0.00637	0.01275	0.01426	0.11676	0.11410	0.46099	0.12121	0.05749	0.00935	0.00266	0.00407	0.01523	0.00641	0.00621
53	0.03721	0.01256	0.01343	0.01187	0.01539	0.01389	0.00937	0.10614	0.40373	0.07463	0.02759	0.02772	0.07121	0.00943	0.00650	0.00212	0.00508	0.03147	0.11128	0.00940
54	0.01644	0.01244	0.01343	0.01110	0.01474	0.05104	0.00877	0.18451	0.06319	0.08080	0.26632	0.03118	0.07862	0.01000	0.00679	0.00188	0.00518	0.00830	0.00633	0.12891
55	0.00944	0.00689	0.00977	0.00977	0.01067	0.00779	0.00722	0.01124	0.01034	0.01468	0.01837	0.02997	0.01824	0.22077	0.57359	0.00958	0.01495	0.00765	0.00364	0.00543
56	0.01450	0.01381	0.02348	0.37146	0.41054	0.01517	0.01931	0.01863	0.01414	0.01933	0.01207	0.01688	0.00966	0.00620	0.00655	0.00207	0.00826	0.00586	0.00310	0.00898
57	0.17062	0.01392	0.01371	0.01120	0.01558	0.06603	0.00889	0.12838	0.06722	0.05737	0.01564	0.04045	0.01335	0.05191	0.00723	0.00198	0.00597	0.03199	0.00487	0.27369
58	0.00848	0.00604	0.00792	0.00879	0.00946	0.00565	0.00599	0.01006	0.01400	0.01908	0.21855	0.52256	0.04710	0.07173	0.01001	0.00278	0.00381	0.01625	0.00626	0.00548
59	0.00911	0.00607	0.00792	0.00850	0.00929	0.00564	0.00591	0.00957	0.01280	0.01684	0.12300	0.33056	0.16296	0.01953	0.01284	0.21734	0.00419	0.02769	0.00539	0.00485
60	0.00977	0.01072	0.11790	0.01119	0.01337	0.00769	0.00976	0.03127	0.01378	0.01857	0.03232	0.47071	0.05575	0.03356	0.00867	0.00270	0.00525	0.13518	0.00557	0.00628
61	0.01540	0.40317	0.38466	0.01502	0.02270	0.02067	0.01780	0.02028	0.01364	0.01817	0.01048	0.01223	0.00839	0.00594	0.00524	0.00175	0.00839	0.00419	0.00280	0.00909
62	0.22922	0.01002	0.01025	0.00940	0.01209	0.03537	0.00711	0.01820	0.01363	0.18479	0.02448	0.14780	0.06555	0.14443	0.01105	0.00293	0.00533	0.03262	0.02864	0.00708
63	0.00881	0.00641	0.00790	0.00864	0.00944	0.00610	0.00591	0.01058	0.03294	0.01754	0.10671	0.40346	0.12380	0.17004	0.01332	0.00331	0.00436	0.04955	0.00581	0.00537
64	0.04973	0.00853	0.01015	0.00962	0.01191	0.00820	0.00716	0.05861	0.05207	0.15170	0.08157	0.30889	0.15855	0.04158	0.00841	0.00247	0.00444	0.01278	0.00645	0.00718
65	0.01874	0.01621	0.06974	0.01599	0.03690	0.03625	0.07011	0.23214	0.06066	0.09356	0.03318	0.03895	0.04330	0.01113	0.03805	0.03183	0.13216	0.00691	0.00514	0.00907
66	0.01704	0.00980	0.01186	0.01031	0.01328	0.00943	0.00802	0.13628	0.01860	0.21184	0.13769	0.13421	0.14190	0.06962	0.00934	0.00251	0.00498	0.03855	0.00674	0.00800
67	0.00946	0.00694	0.00872	0.00966	0.01055	0.00689	0.00691	0.01238	0.07560	0.01796	0.05328	0.43891	0.05551	0.12837	0.01201	0.00321	0.00466	0.12735	0.00588	0.00575
68	0.11042	0.04509	0.01441	0.01188	0.01517	0.06769	0.00938	0.16524	0.09163	0.09834	0.02527	0.17650	0.08558	0.01128	0.00733	0.00218	0.03945	0.00906	0.00576	0.00834
69	0.01523	0.00906	0.01095	0.00985	0.01239	0.00880	0.00742	0.05872	0.09368	0.18333	0.14260	0.14682	0.13304	0.10596	0.02927	0.00293	0.00506	0.01077	0.00652	0.00760
70	0.58828	0.01428	0.01191	0.01018	0.01436	0.04185	0.00832	0.16038	0.01565	0.03128	0.01112	0.01241	0.00845	0.00657	0.00468	0.00199	0.00569	0.00419	0.04047	0.00794
71	0.01856	0.01175	0.01430	0.01047	0.01609	0.00937	0.00848	0.04095	0.01565	0.22705	0.01594	0.01624	0.01168	0.00591	0.00543	0.00131	0.00515	0.00474	0.00520	0.55573
72	0.01144	0.00572	0.00858	0.00858	0.00858	0.00572	0.00572	0.00858	0.00858	0.01144	0.01144	0.02001	0.01144	0.02287	0.02573	0.80846	0.00572	0.00572	0.00286	0.00286
73	0.01657	0.01182	0.01352	0.01150	0.01488	0.01222	0.00903	0.23982	0.09682	0.07818	0.14457	0.14173	0.07648	0.01288	0.03415	0.00240	0.00563	0.00959	0.00642	0.06180
74	0.09097	0.01429	0.06598	0.01266	0.01694	0.01369	0.01069	0.15185	0.20921	0.19079	0.02335	0.13181	0.01910	0.00988	0.00665	0.00218	0.00578	0.00814	0.00641	0.00964
75	0.00808	0.00593	0.00759	0.00876	0.00948	0.00544	0.00597	0.00944	0.01336	0.01762	0.08926	0.61710	0.13866	0.01957	0.00827	0.00257	0.00370	0.01757	0.00619	0.00544
76	0.04746	0.00864	0.01093	0.00965	0.01247	0.00780	0.00729	0.01984	0.01538	0.33285	0.05240	0.20008	0.11589	0.11553	0.01077	0.00280	0.00492	0.01076	0.00668	0.00787
77	0.00932	0.00667	0.00815	0.00824	0.00986	0.00598	0.00609	0.01149	0.01597	0.04718	0.30500	0.21912	0.26667	0.01611	0.00792	0.00229	0.00354	0.03781	0.00661	0.00598
78	0.01506	0.01438	0.02449	0.26829	0.50935	0.01532	0.01959	0.01912	0.01441	0.02001	0.01216	0.01670	0.00990	0.00609	0.00654	0.00203	0.00813	0.00586	0.00315	0.00943
79	0.08732	0.01139	0.01478	0.01152	0.01641	0.01026	0.00947	0.05116	0.01847	0.63854	0.02470	0.04214	0.01622	0.00834	0.00648	0.00205	0.00556	0.00671	0.00774	0.01074
80	0.01121	0.00734	0.00886	0.00875	0.01050	0.00683	0.00633	0.01402	0.06048	0.09653	0.16476	0.26659	0.21157	0.08318	0.01007	0.00269	0.00408	0.01342	0.00639	0.00640
81	0.01345	0.00990	0.01208	0.01082	0.01285	0.01080	0.00835	0.03826	0.14325	0.08646	0.23844	0.06213	0.11280	0.08487	0.01201	0.00267	0.11763	0.00976	0.00607	0.00740
82	0.02193	0.01368	0.01532	0.01293	0.01722	0.03510	0.01028	0.05832	0.40536	0.29549	0.02559	0.02305	0.01799	0.00853	0.00664	0.00213	0.00563	0.00698	0.00715	0.01067
83	0.01497	0.00962	0.01155	0.01059	0.01294	0.00967	0.00808	0.15055	0.01750	0.12492	0.05722	0.25744	0.12576	0.08030	0.01030	0.00271	0.02693	0.05532	0.00626	0.00739

[dist]
# distance from previous block
# <min> <max>
1	3

[block]
# block no. 6 follows, 33 sequences, length 17
# corresponding to MSA columns:
# 319-335
name=unknown_G
#
# <colnr> <probs for GDERKNQSTAVLIFYWHMCP>
#	G	D	E	R	K	N	Q	S	T	A	V	L	I	F	Y	W	H	M	C	P
0	0.52207	0.01183	0.01100	0.01009	0.01376	0.01312	0.00845	0.06242	0.01397	0.08870	0.01664	0.02590	0.01489	0.00903	0.00555	0.00225	0.00548	0.15233	0.00502	0.00750
1	0.04470	0.00838	0.01016	0.01008	0.01196	0.02166	0.00775	0.01626	0.05330	0.11888	0.16069	0.20050	0.03604	0.09016	0.01029	0.00282	0.00494	0.15808	0.02660	0.00675
2	0.03332	0.01080	0.01222	0.01021	0.01409	0.01019	0.00803	0.04887	0.16227	0.10722	0.06255	0.03083	0.13575	0.04398	0.00758	0.00203	0.00484	0.03140	0.03189	0.23193
3	0.01862	0.01413	0.01651	0.01415	0.01739	0.01656	0.01136	0.08786	0.40046	0.12985	0.02177	0.02128	0.01627	0.00929	0.00993	0.00232	0.16944	0.00682	0.00607	0.00990
4	0.00984	0.00757	0.00922	0.01009	0.01120	0.00775	0.00705	0.01480	0.16606	0.01915	0.03421	0.60287	0.03842	0.01807	0.00803	0.00258	0.00412	0.01625	0.00624	0.00645
5	0.01571	0.01184	0.01859	0.01567	0.01819	0.01319	0.11921	0.01890	0.03051	0.14198	0.06339	0.03263	0.02072	0.01442	0.06821	0.00319	0.22624	0.15462	0.00496	0.00782
6	0.01003	0.00712	0.00851	0.00883	0.01063	0.00652	0.00669	0.01260	0.04372	0.06219	0.09677	0.25561	0.31869	0.01692	0.00802	0.00244	0.00405	0.10816	0.00633	0.00616
7	0.01093	0.00860	0.01152	0.01120	0.01293	0.01001	0.00871	0.01683	0.16448	0.01796	0.01963	0.02558	0.01725	0.04055	0.58194	0.00876	0.01492	0.00714	0.00422	0.00687
8	0.02587	0.01366	0.01642	0.01284	0.01769	0.01368	0.01052	0.25818	0.08195	0.40367	0.05838	0.02174	0.01725	0.00840	0.00667	0.00203	0.00599	0.00673	0.00745	0.01088
9	0.55983	0.02786	0.01077	0.00909	0.01283	0.01343	0.00741	0.06029	0.01408	0.05609	0.12494	0.01967	0.04597	0.00788	0.00506	0.00203	0.00490	0.00556	0.00494	0.00735
10	0.00853	0.00609	0.00805	0.00907	0.00976	0.00572	0.00631	0.01017	0.01394	0.01890	0.18564	0.53438	0.04639	0.05178	0.00941	0.00273	0.00391	0.05743	0.00626	0.00552
11	0.02597	0.01619	0.17227	0.01325	0.01936	0.01090	0.01287	0.02963	0.01776	0.57688	0.02288	0.02055	0.01456	0.00773	0.00654	0.00205	0.00650	0.00624	0.00698	0.01088
12	0.01504	0.01765	0.07054	0.02553	0.04885	0.01667	0.53179	0.01998	0.01452	0.02016	0.01278	0.01742	0.01001	0.00819	0.03978	0.00264	0.10933	0.00728	0.00325	0.00862
13	0.01697	0.01420	0.02108	0.01619	0.02064	0.01446	0.20311	0.23020	0.04648	0.05986	0.07707	0.02967	0.17072	0.00975	0.00786	0.00215	0.03660	0.00869	0.00555	0.00878
14	0.01154	0.00924	0.00953	0.00852	0.01141	0.00880	0.00664	0.16140	0.01849	0.02296	0.05558	0.05298	0.56912	0.01476	0.00752	0.00217	0.00419	0.01216	0.00622	0.00679
15	0.55641	0.01397	0.04506	0.01118	0.01468	0.01566	0.00965	0.01943	0.01154	0.06883	0.01019	0.01236	0.00807	0.00742	0.00815	0.00222	0.16936	0.00429	0.00400	0.00751
16	0.00996	0.00865	0.01160	0.01470	0.16621	0.00801	0.00888	0.01228	0.01492	0.01906	0.08956	0.08253	0.43093	0.01585	0.04080	0.00259	0.00511	0.04622	0.00544	0.00669

[dist]
# distance from previous block
# <min> <max>
0	322

# created by:
# /home/cegg/simao/soft/augustus-3.2.1/scripts/msa2prfl.pl ./align_prep/EOG090W0CVF.fa
