[name]
unknown

[dist]
# distance from previous block
# <min> <max>
0	51

[block]
# block no. 0 follows, 38 sequences, length 14
# corresponding to MSA columns:
# 51-64
name=unknown_A
#
# <colnr> <probs for GDERKNQSTAVLIFYWHMCP>
#	G	D	E	R	K	N	Q	S	T	A	V	L	I	F	Y	W	H	M	C	P
0	0.01318	0.27198	0.25068	0.01208	0.01804	0.01487	0.01302	0.01692	0.01254	0.01742	0.01215	0.03602	0.01087	0.00637	0.00503	0.00152	0.00654	0.05751	0.00312	0.22014
1	0.01559	0.69907	0.12035	0.01113	0.01674	0.02260	0.01175	0.01814	0.01228	0.01475	0.00866	0.01002	0.00771	0.00522	0.00409	0.00136	0.00673	0.00337	0.00257	0.00786
2	0.01370	0.05402	0.02939	0.02074	0.02577	0.01414	0.52950	0.05256	0.01436	0.01929	0.04738	0.02070	0.03513	0.08459	0.00925	0.00236	0.00880	0.00733	0.00346	0.00755
3	0.29356	0.00952	0.01007	0.00866	0.01195	0.00966	0.00694	0.01938	0.05305	0.23054	0.17886	0.02629	0.10102	0.00875	0.00560	0.00190	0.00422	0.00691	0.00573	0.00739
4	0.01125	0.00693	0.00884	0.20514	0.01595	0.00762	0.00745	0.01437	0.01246	0.02060	0.01731	0.02077	0.01350	0.00675	0.00467	0.00156	0.00416	0.00554	0.60926	0.00589
5	0.01219	0.01069	0.01392	0.20759	0.02131	0.00941	0.00962	0.01521	0.01236	0.01850	0.01069	0.01340	0.00868	0.00486	0.00486	0.00118	0.00538	0.00403	0.00333	0.61280
6	0.22430	0.01116	0.01635	0.54523	0.03330	0.01347	0.04257	0.01613	0.01165	0.01854	0.01015	0.01442	0.00767	0.00586	0.00546	0.00197	0.00723	0.00487	0.00296	0.00670
7	0.01121	0.00561	0.00561	0.00561	0.00701	0.00561	0.00421	0.01402	0.01262	0.02243	0.01962	0.02243	0.01542	0.00701	0.00421	0.00140	0.00280	0.00561	0.82198	0.00561
8	0.01425	0.01326	0.02042	0.16838	0.42741	0.01429	0.01581	0.02139	0.20201	0.02028	0.01462	0.01707	0.01154	0.00621	0.00601	0.00189	0.00669	0.00573	0.00374	0.00899
9	0.01702	0.01394	0.01476	0.01266	0.01643	0.01592	0.01002	0.21346	0.55535	0.02847	0.02188	0.02037	0.01625	0.00792	0.00609	0.00198	0.00524	0.00644	0.00609	0.00971
10	0.01615	0.01351	0.01427	0.01248	0.01609	0.01552	0.00981	0.13672	0.63351	0.02708	0.02298	0.02125	0.01714	0.00802	0.00611	0.00201	0.00504	0.00659	0.00611	0.00963
11	0.01397	0.01336	0.02276	0.22833	0.56681	0.01405	0.01801	0.01766	0.01326	0.01854	0.01115	0.01519	0.00914	0.00553	0.00597	0.00184	0.00737	0.00536	0.00290	0.00879
12	0.01057	0.21034	0.01474	0.00922	0.01115	0.01142	0.00748	0.01224	0.01015	0.01357	0.01465	0.02307	0.01447	0.17962	0.42413	0.00674	0.01160	0.00606	0.00314	0.00564
13	0.01314	0.21468	0.02494	0.42989	0.03274	0.01644	0.15389	0.01682	0.01250	0.01581	0.01038	0.01442	0.00816	0.00561	0.00567	0.00182	0.00802	0.00513	0.00272	0.00723

[dist]
# distance from previous block
# <min> <max>
0	3

[block]
# block no. 1 follows, 38 sequences, length 15
# corresponding to MSA columns:
# 68-82
name=unknown_B
#
# <colnr> <probs for GDERKNQSTAVLIFYWHMCP>
#	G	D	E	R	K	N	Q	S	T	A	V	L	I	F	Y	W	H	M	C	P
0	0.00861	0.00691	0.01036	0.23448	0.01853	0.00747	0.00903	0.01061	0.01176	0.01547	0.02647	0.52883	0.03020	0.01497	0.00721	0.00233	0.00491	0.04167	0.00472	0.00544
1	0.01292	0.01163	0.01886	0.06127	0.49928	0.01175	0.01401	0.01546	0.01216	0.01710	0.01354	0.02217	0.01310	0.23654	0.01324	0.00299	0.00680	0.00636	0.00316	0.00766
2	0.00806	0.00578	0.00773	0.00858	0.00941	0.00545	0.00628	0.00992	0.01352	0.01837	0.24388	0.44993	0.04396	0.01655	0.00761	0.00233	0.00363	0.12789	0.00588	0.00523
3	0.00913	0.00654	0.00896	0.00980	0.01110	0.00637	0.00814	0.01177	0.01458	0.01957	0.24329	0.12607	0.04162	0.01555	0.00789	0.00248	0.00456	0.44121	0.00586	0.00552
4	0.01275	0.00931	0.01100	0.00942	0.01184	0.00951	0.00738	0.22374	0.02035	0.02819	0.53142	0.03594	0.04303	0.01080	0.00678	0.00187	0.00395	0.00927	0.00644	0.00702
5	0.02247	0.02867	0.01705	0.01550	0.01860	0.76443	0.01162	0.02402	0.01705	0.01472	0.00930	0.01085	0.00775	0.00620	0.00542	0.00155	0.01085	0.00387	0.00310	0.00697
6	0.00836	0.00614	0.00783	0.00741	0.00889	0.00561	0.00555	0.01105	0.01666	0.02326	0.67234	0.04636	0.13285	0.01262	0.00710	0.00191	0.00286	0.01108	0.00651	0.00561
7	0.01007	0.00550	0.00601	0.00642	0.00752	0.00539	0.00461	0.01235	0.01229	0.02034	0.02362	0.24739	0.02261	0.01050	0.00523	0.00171	0.00301	0.00900	0.58103	0.00539
8	0.58915	0.01136	0.01156	0.23405	0.02043	0.01346	0.00952	0.01700	0.01077	0.02356	0.00906	0.01162	0.00696	0.00571	0.00440	0.00190	0.00565	0.00387	0.00341	0.00656
9	0.01316	0.01316	0.01843	0.01579	0.01579	0.01843	0.01316	0.01448	0.00921	0.01448	0.00790	0.01316	0.00790	0.01053	0.01974	0.00263	0.77757	0.00526	0.00263	0.00658
10	0.10011	0.01259	0.01489	0.01261	0.01535	0.01487	0.01026	0.09121	0.23605	0.15259	0.03505	0.01787	0.01364	0.00849	0.00990	0.00214	0.23302	0.00582	0.00508	0.00845
11	0.00775	0.00541	0.00686	0.00784	0.00809	0.00517	0.00501	0.00849	0.01070	0.01427	0.02897	0.56470	0.03450	0.24602	0.01445	0.00344	0.00418	0.01464	0.00501	0.00452
12	0.01121	0.00561	0.00561	0.00561	0.00701	0.00561	0.00421	0.01402	0.01262	0.02243	0.01962	0.02243	0.01542	0.00701	0.00421	0.00140	0.00280	0.00561	0.82198	0.00561
13	0.01292	0.02575	0.53789	0.01570	0.02297	0.01426	0.01848	0.02286	0.22741	0.02086	0.01484	0.01558	0.01079	0.00644	0.00584	0.00195	0.00767	0.00514	0.00360	0.00908
14	0.02406	0.01567	0.01678	0.01302	0.01768	0.06421	0.01068	0.47798	0.02429	0.24811	0.01685	0.01599	0.01144	0.00722	0.00599	0.00181	0.00645	0.00550	0.00625	0.01002

[dist]
# distance from previous block
# <min> <max>
0	3

[block]
# block no. 2 follows, 38 sequences, length 30
# corresponding to MSA columns:
# 86-115
name=unknown_C
#
# <colnr> <probs for GDERKNQSTAVLIFYWHMCP>
#	G	D	E	R	K	N	Q	S	T	A	V	L	I	F	Y	W	H	M	C	P
0	0.01123	0.00632	0.00735	0.11323	0.01183	0.00669	0.00596	0.01421	0.01253	0.02144	0.01837	0.02153	0.01438	0.00687	0.00446	0.00149	0.00353	0.00557	0.70725	0.00576
1	0.00832	0.00614	0.00777	0.00736	0.00887	0.00559	0.00552	0.01097	0.01656	0.02302	0.65169	0.04675	0.15365	0.01271	0.00710	0.00191	0.00287	0.01113	0.00648	0.00559
2	0.01489	0.58269	0.12508	0.11816	0.02047	0.02105	0.01276	0.01778	0.01226	0.01497	0.00901	0.01095	0.00775	0.00534	0.00441	0.00147	0.00698	0.00368	0.00258	0.00773
3	0.00741	0.00529	0.00707	0.00847	0.00885	0.00496	0.00572	0.00851	0.01160	0.01545	0.03311	0.76044	0.03961	0.01877	0.00770	0.00245	0.00356	0.04053	0.00558	0.00491
4	0.00767	0.00542	0.00708	0.00828	0.00864	0.00514	0.00555	0.00867	0.01127	0.01499	0.03109	0.63855	0.03698	0.12651	0.01093	0.00294	0.00394	0.05632	0.00531	0.00475
5	0.00962	0.00683	0.00755	0.00736	0.00783	0.00711	0.00447	0.01200	0.11118	0.01355	0.01973	0.03700	0.02138	0.67930	0.02719	0.00530	0.00568	0.00848	0.00399	0.00447
6	0.00814	0.00607	0.00783	0.00839	0.00952	0.00538	0.00581	0.00955	0.01207	0.01661	0.08379	0.62086	0.03674	0.01634	0.00718	0.00218	0.00358	0.01474	0.00538	0.11984
7	0.01455	0.01379	0.02275	0.03300	0.64788	0.01341	0.01688	0.01800	0.01353	0.01965	0.01123	0.01455	0.00944	0.00523	0.00575	0.00166	0.00677	0.00511	0.00306	0.12377
8	0.71790	0.01236	0.01013	0.00874	0.01262	0.01422	0.00720	0.11757	0.01276	0.02852	0.00923	0.01043	0.00704	0.00581	0.00404	0.00185	0.00493	0.00356	0.00404	0.00704
9	0.02358	0.01570	0.01734	0.01330	0.01808	0.01695	0.01098	0.60938	0.02637	0.16224	0.01605	0.01549	0.01104	0.00726	0.00602	0.00182	0.00636	0.00553	0.00627	0.01023
10	0.77023	0.01292	0.00946	0.00848	0.01216	0.07000	0.00690	0.01816	0.01075	0.02607	0.00845	0.00985	0.00661	0.00563	0.00385	0.00184	0.00512	0.00330	0.00368	0.00655
11	0.02314	0.01620	0.01737	0.01344	0.01814	0.03669	0.01105	0.60235	0.04829	0.12787	0.01579	0.01536	0.01100	0.00725	0.00601	0.00181	0.00648	0.00550	0.00613	0.01013
12	0.01121	0.00561	0.00561	0.00561	0.00701	0.00561	0.00421	0.01402	0.01262	0.02243	0.01962	0.02243	0.01542	0.00701	0.00421	0.00140	0.00280	0.00561	0.82198	0.00561
13	0.01247	0.01069	0.01247	0.00891	0.01426	0.00802	0.00713	0.01515	0.01247	0.01960	0.01069	0.01247	0.00891	0.00446	0.00446	0.00089	0.00446	0.00356	0.00356	0.82536
14	0.01317	0.22837	0.54795	0.01560	0.02344	0.01656	0.03961	0.01879	0.01262	0.01779	0.01020	0.01201	0.00769	0.00555	0.00527	0.00175	0.00829	0.00420	0.00256	0.00856
15	0.01121	0.00561	0.00561	0.00561	0.00701	0.00561	0.00421	0.01402	0.01262	0.02243	0.01962	0.02243	0.01542	0.00701	0.00421	0.00140	0.00280	0.00561	0.82198	0.00561
16	0.10185	0.01885	0.01773	0.10084	0.07913	0.32353	0.08478	0.06076	0.01535	0.01858	0.01316	0.05359	0.01188	0.00748	0.00591	0.00186	0.00848	0.06547	0.00360	0.00718
17	0.00875	0.00666	0.00765	0.00727	0.00918	0.00608	0.00549	0.01188	0.06196	0.03914	0.36625	0.04884	0.37225	0.01326	0.00701	0.00197	0.00312	0.01133	0.00613	0.00576
18	0.01359	0.00951	0.01158	0.00894	0.01319	0.00753	0.00704	0.01609	0.01372	0.12770	0.11783	0.08670	0.01923	0.00727	0.00534	0.00131	0.00424	0.00615	0.00474	0.51829
19	0.00733	0.00524	0.00698	0.00838	0.00873	0.00489	0.00558	0.00838	0.01152	0.01536	0.03316	0.78466	0.03979	0.01885	0.00768	0.00244	0.00349	0.01710	0.00558	0.00489
20	0.01178	0.01112	0.01880	0.68703	0.12527	0.01348	0.01691	0.01574	0.01223	0.01588	0.01077	0.01590	0.00820	0.00594	0.00601	0.00198	0.00792	0.00535	0.00271	0.00702
21	0.01136	0.01069	0.01804	0.77412	0.04143	0.01337	0.01671	0.01537	0.01203	0.01537	0.01069	0.01604	0.00802	0.00601	0.00601	0.00200	0.00802	0.00535	0.00267	0.00668
22	0.17730	0.01894	0.01493	0.01271	0.01647	0.28665	0.01001	0.20775	0.06370	0.08831	0.03879	0.01434	0.01117	0.00679	0.00541	0.00175	0.00740	0.00478	0.00467	0.00813
23	0.02247	0.02867	0.01705	0.01550	0.01860	0.76443	0.01162	0.02402	0.01705	0.01472	0.00930	0.01085	0.00775	0.00620	0.00542	0.00155	0.01085	0.00387	0.00310	0.00697
24	0.00874	0.00588	0.00681	0.00681	0.00689	0.00597	0.00395	0.00891	0.00882	0.01185	0.01873	0.03813	0.02133	0.72996	0.08851	0.00613	0.00664	0.00857	0.00361	0.00378
25	0.01136	0.01069	0.01804	0.77412	0.04143	0.01337	0.01671	0.01537	0.01203	0.01537	0.01069	0.01604	0.00802	0.00601	0.00601	0.00200	0.00802	0.00535	0.00267	0.00668
26	0.00939	0.00635	0.00813	0.00762	0.00925	0.00576	0.00573	0.01198	0.01646	0.06549	0.60186	0.07256	0.13143	0.01259	0.00706	0.00193	0.00302	0.01103	0.00652	0.00585
27	0.01420	0.01623	0.03550	0.02535	0.03144	0.01521	0.72921	0.01927	0.01420	0.01927	0.01217	0.01623	0.00913	0.00507	0.00710	0.00203	0.01014	0.00710	0.00304	0.00811
28	0.00752	0.00543	0.00716	0.00848	0.00901	0.00507	0.00588	0.00874	0.01185	0.01564	0.03466	0.68051	0.08062	0.01844	0.00770	0.00245	0.00364	0.07666	0.00558	0.00495
29	0.00874	0.00587	0.00676	0.00676	0.00683	0.00594	0.00389	0.00888	0.00881	0.01181	0.01877	0.03836	0.02143	0.74082	0.07778	0.00608	0.00649	0.00860	0.00362	0.00376

[dist]
# distance from previous block
# <min> <max>
0	1

[block]
# block no. 3 follows, 38 sequences, length 144
# corresponding to MSA columns:
# 117-260
name=unknown_D
#
# <colnr> <probs for GDERKNQSTAVLIFYWHMCP>
#	G	D	E	R	K	N	Q	S	T	A	V	L	I	F	Y	W	H	M	C	P
0	0.01608	0.79220	0.03152	0.01029	0.01544	0.02380	0.01029	0.01801	0.01222	0.01415	0.00836	0.00965	0.00772	0.00515	0.00386	0.00129	0.00643	0.00322	0.00257	0.00772
1	0.01853	0.01256	0.01448	0.01098	0.01576	0.01185	0.00891	0.27605	0.01898	0.15556	0.01547	0.05337	0.01199	0.00670	0.00546	0.00147	0.00531	0.00535	0.00524	0.34598
2	0.03322	0.01078	0.01201	0.03532	0.01474	0.09983	0.03348	0.03023	0.08759	0.01934	0.08547	0.07136	0.02887	0.01304	0.00735	0.00238	0.00604	0.39743	0.00519	0.00634
3	0.00843	0.00615	0.00793	0.00748	0.00894	0.00564	0.00561	0.01119	0.01683	0.02366	0.70738	0.04570	0.09756	0.01247	0.00710	0.00190	0.00285	0.01099	0.00656	0.00564
4	0.01242	0.09875	0.69290	0.01654	0.02509	0.01484	0.02117	0.01896	0.01266	0.01862	0.01058	0.01243	0.00763	0.00566	0.00555	0.00185	0.00867	0.00434	0.00254	0.00879
5	0.01489	0.01429	0.02442	0.03692	0.75106	0.01429	0.01846	0.01846	0.01370	0.01965	0.01132	0.01489	0.00953	0.00536	0.00596	0.00179	0.00715	0.00536	0.00298	0.00953
6	0.01207	0.03112	0.75741	0.01715	0.02604	0.01397	0.02223	0.01905	0.01270	0.01905	0.01080	0.01270	0.00762	0.00572	0.00572	0.00191	0.00889	0.00445	0.00254	0.00889
7	0.00837	0.00611	0.00787	0.00759	0.00899	0.00561	0.00568	0.01100	0.01638	0.02287	0.63759	0.09207	0.10567	0.01301	0.00716	0.00196	0.00295	0.02710	0.00646	0.00558
8	0.01635	0.63151	0.05412	0.01231	0.01748	0.08779	0.07469	0.01869	0.01284	0.01482	0.00886	0.01044	0.00784	0.00525	0.00435	0.00140	0.00723	0.00366	0.00266	0.00773
9	0.00718	0.00610	0.00619	0.00617	0.00817	0.00511	0.00463	0.00877	0.01388	0.01665	0.09543	0.05724	0.71388	0.01509	0.00711	0.00202	0.00304	0.01260	0.00564	0.00511
10	0.01136	0.01069	0.01804	0.77412	0.04143	0.01337	0.01671	0.01537	0.01203	0.01537	0.01069	0.01604	0.00802	0.00601	0.00601	0.00200	0.00802	0.00535	0.00267	0.00668
11	0.01438	0.01377	0.02349	0.14369	0.64829	0.01416	0.01821	0.01801	0.01346	0.01903	0.01123	0.01506	0.00931	0.00545	0.00596	0.00182	0.00727	0.00536	0.00293	0.00912
12	0.01181	0.01115	0.01885	0.68050	0.13155	0.01348	0.01693	0.01576	0.01224	0.01591	0.01077	0.01589	0.00821	0.00593	0.00601	0.00198	0.00791	0.00535	0.00271	0.00704
13	0.00770	0.00612	0.00692	0.00672	0.00849	0.00533	0.00504	0.00978	0.01511	0.01958	0.35118	0.05242	0.45630	0.01399	0.00710	0.00197	0.00296	0.01193	0.00602	0.00533
14	0.00733	0.00524	0.00698	0.00838	0.00873	0.00489	0.00558	0.00838	0.01152	0.01536	0.03316	0.78466	0.03979	0.01885	0.00768	0.00244	0.00349	0.01710	0.00558	0.00489
15	0.01215	0.01150	0.01946	0.60979	0.19962	0.01357	0.01710	0.01606	0.01240	0.01633	0.01083	0.01578	0.00836	0.00587	0.00600	0.00196	0.00782	0.00535	0.00274	0.00732
16	0.01608	0.79220	0.03152	0.01029	0.01544	0.02380	0.01029	0.01801	0.01222	0.01415	0.00836	0.00965	0.00772	0.00515	0.00386	0.00129	0.00643	0.00322	0.00257	0.00772
17	0.00868	0.00609	0.00788	0.00788	0.00833	0.00655	0.00529	0.00959	0.00914	0.01264	0.01775	0.03270	0.01898	0.47355	0.34170	0.00746	0.01019	0.00777	0.00347	0.00438
18	0.02223	0.02817	0.01694	0.01539	0.01850	0.74069	0.01156	0.02427	0.03995	0.01505	0.00978	0.01122	0.00809	0.00626	0.00545	0.00157	0.01066	0.00397	0.00320	0.00705
19	0.01489	0.01429	0.02442	0.03692	0.75106	0.01429	0.01846	0.01846	0.01370	0.01965	0.01132	0.01489	0.00953	0.00536	0.00596	0.00179	0.00715	0.00536	0.00298	0.00953
20	0.01434	0.01373	0.02342	0.15248	0.63982	0.01415	0.01819	0.01798	0.01344	0.01898	0.01122	0.01507	0.00929	0.00546	0.00596	0.00182	0.00728	0.00536	0.00293	0.00908
21	0.01207	0.03112	0.75741	0.01715	0.02604	0.01397	0.02223	0.01905	0.01270	0.01905	0.01080	0.01270	0.00762	0.00572	0.00572	0.00191	0.00889	0.00445	0.00254	0.00889
22	0.01318	0.24251	0.55579	0.01524	0.02309	0.01670	0.01891	0.01876	0.01257	0.01769	0.01012	0.01185	0.00765	0.00556	0.00520	0.00173	0.00821	0.00410	0.00255	0.00857
23	0.01608	0.79220	0.03152	0.01029	0.01544	0.02380	0.01029	0.01801	0.01222	0.01415	0.00836	0.00965	0.00772	0.00515	0.00386	0.00129	0.00643	0.00322	0.00257	0.00772
24	0.00875	0.00583	0.00656	0.00656	0.00656	0.00583	0.00365	0.00875	0.00875	0.01166	0.01895	0.03937	0.02187	0.78858	0.03062	0.00583	0.00583	0.00875	0.00365	0.00365
25	0.05160	0.01468	0.01581	0.01256	0.01695	0.15062	0.04570	0.09174	0.03535	0.47322	0.01913	0.01761	0.01266	0.00703	0.00591	0.00181	0.00655	0.00557	0.00613	0.00938
26	0.01794	0.01500	0.01524	0.01293	0.01678	0.05381	0.01026	0.26139	0.46982	0.02883	0.02042	0.01923	0.01516	0.00775	0.00605	0.00194	0.00568	0.00620	0.00594	0.00963
27	0.00824	0.00628	0.00896	0.00941	0.01034	0.00588	0.04486	0.02663	0.01226	0.01649	0.05282	0.68211	0.03714	0.01725	0.00751	0.00235	0.00393	0.01574	0.00544	0.02636
28	0.03746	0.08847	0.16428	0.38602	0.03130	0.03910	0.06490	0.01824	0.01292	0.08485	0.01169	0.01486	0.00857	0.00594	0.00575	0.00189	0.00792	0.00505	0.00315	0.00764
29	0.01282	0.17469	0.62048	0.01585	0.02404	0.01583	0.01998	0.01886	0.01261	0.01813	0.01034	0.01213	0.00764	0.00561	0.00537	0.00179	0.00843	0.00421	0.00255	0.00867
30	0.00861	0.00637	0.00929	0.00929	0.01023	0.00731	0.00705	0.01050	0.00956	0.01368	0.01646	0.02555	0.01587	0.13584	0.67516	0.00920	0.01486	0.00673	0.00327	0.00516
31	0.02213	0.06991	0.01783	0.01522	0.01843	0.72443	0.01155	0.02370	0.01679	0.01469	0.00925	0.01078	0.00775	0.00614	0.00534	0.00154	0.01061	0.00384	0.00307	0.00701
32	0.01708	0.70550	0.02971	0.01058	0.01559	0.06015	0.01027	0.01901	0.01277	0.05994	0.00936	0.01038	0.00816	0.00534	0.00407	0.00134	0.00657	0.00342	0.00290	0.00784
33	0.00859	0.00645	0.00967	0.00967	0.01074	0.00752	0.00752	0.01074	0.00967	0.01396	0.01611	0.02363	0.01504	0.04512	0.76474	0.00967	0.01611	0.00645	0.00322	0.00537
34	0.00733	0.00524	0.00698	0.00838	0.00873	0.00489	0.00558	0.00838	0.01152	0.01536	0.03316	0.78466	0.03979	0.01885	0.00768	0.00244	0.00349	0.01710	0.00558	0.00489
35	0.01207	0.03112	0.75741	0.01715	0.02604	0.01397	0.02223	0.01905	0.01270	0.01905	0.01080	0.01270	0.00762	0.00572	0.00572	0.00191	0.00889	0.00445	0.00254	0.00889
36	0.01227	0.09333	0.60515	0.01630	0.02411	0.01422	0.04356	0.01838	0.01281	0.01855	0.01251	0.01746	0.01008	0.00661	0.00583	0.00193	0.00842	0.06718	0.00283	0.00847
37	0.00762	0.00611	0.00679	0.00662	0.00844	0.00529	0.00497	0.00961	0.01491	0.01908	0.30819	0.05323	0.49960	0.01418	0.00710	0.00198	0.00297	0.01204	0.00596	0.00529
38	0.01207	0.03112	0.75741	0.01715	0.02604	0.01397	0.02223	0.01905	0.01270	0.01905	0.01080	0.01270	0.00762	0.00572	0.00572	0.00191	0.00889	0.00445	0.00254	0.00889
39	0.01555	0.08176	0.14537	0.01323	0.01755	0.11359	0.01205	0.06459	0.34973	0.02202	0.03422	0.01938	0.01483	0.00754	0.00608	0.00189	0.02174	0.02633	0.02393	0.00862
40	0.00717	0.00598	0.00626	0.00643	0.00823	0.00507	0.00473	0.00867	0.01350	0.01632	0.07383	0.15331	0.63858	0.01564	0.00718	0.00208	0.00310	0.01323	0.00561	0.00507
41	0.00747	0.00611	0.00660	0.00648	0.00835	0.00523	0.00486	0.00934	0.01457	0.01829	0.23914	0.05453	0.56914	0.01447	0.00711	0.00200	0.00299	0.01222	0.00586	0.00523
42	0.00863	0.00614	0.00821	0.00824	0.00882	0.00670	0.00573	0.00979	0.00930	0.01297	0.01781	0.04968	0.01872	0.37814	0.41637	0.00777	0.01118	0.00774	0.00347	0.00458
43	0.02247	0.02867	0.01705	0.01550	0.01860	0.76443	0.01162	0.02402	0.01705	0.01472	0.00930	0.01085	0.00775	0.00620	0.00542	0.00155	0.01085	0.00387	0.00310	0.00697
44	0.00733	0.00524	0.00698	0.00838	0.00873	0.00489	0.00558	0.00838	0.01152	0.01536	0.03316	0.78466	0.03979	0.01885	0.00768	0.00244	0.00349	0.01710	0.00558	0.00489
45	0.01559	0.00927	0.01048	0.00916	0.01194	0.00961	0.00718	0.06840	0.21230	0.16164	0.11742	0.02451	0.02123	0.00811	0.00557	0.00175	0.00402	0.00670	0.28727	0.00785
46	0.02219	0.02820	0.01709	0.01551	0.01851	0.74166	0.01167	0.02373	0.01681	0.01472	0.00926	0.01092	0.00775	0.00633	0.00586	0.00158	0.03426	0.00392	0.00309	0.00696
47	0.09542	0.10914	0.01792	0.01416	0.01762	0.57848	0.01100	0.05829	0.01647	0.01694	0.00937	0.01080	0.00776	0.00608	0.00513	0.00156	0.00959	0.00382	0.00325	0.00718
48	0.00714	0.00610	0.00614	0.00613	0.00815	0.00509	0.00460	0.00870	0.01379	0.01645	0.07808	0.05757	0.73135	0.01516	0.00711	0.00203	0.00304	0.01265	0.00561	0.00509
49	0.01605	0.65788	0.11138	0.01139	0.01682	0.07083	0.01171	0.01852	0.01259	0.01474	0.00869	0.01007	0.00771	0.00528	0.00417	0.00137	0.00699	0.00340	0.00260	0.00780
50	0.00884	0.00723	0.00876	0.00807	0.01013	0.00680	0.02964	0.01282	0.09825	0.02074	0.34932	0.04691	0.34428	0.01283	0.00699	0.00197	0.00339	0.01106	0.00601	0.00594
51	0.00892	0.00749	0.04502	0.00779	0.00987	0.00592	0.00630	0.01111	0.01448	0.05761	0.24654	0.15238	0.35415	0.01406	0.00710	0.00206	0.00353	0.03414	0.00582	0.00570
52	0.10631	0.02697	0.47959	0.01536	0.02224	0.15325	0.01750	0.02067	0.03162	0.05688	0.01125	0.01267	0.00816	0.00594	0.00547	0.00184	0.00849	0.00435	0.00312	0.00835
53	0.01464	0.01257	0.01333	0.01207	0.01536	0.01448	0.00940	0.03086	0.70025	0.02496	0.04765	0.02422	0.01996	0.00849	0.00620	0.00205	0.00472	0.02336	0.00612	0.00931
54	0.02156	0.02726	0.01860	0.01631	0.01958	0.68411	0.07050	0.02339	0.01662	0.01509	0.00950	0.01135	0.00787	0.00622	0.00592	0.00162	0.03020	0.00417	0.00308	0.00706
55	0.01437	0.01384	0.02386	0.14063	0.62870	0.01419	0.04013	0.01805	0.01348	0.01904	0.01125	0.01509	0.00930	0.00544	0.00600	0.00182	0.00736	0.00541	0.00294	0.00908
56	0.01266	0.01202	0.02039	0.50305	0.30237	0.01371	0.01735	0.01651	0.01264	0.01695	0.01092	0.01562	0.00857	0.00577	0.00599	0.00192	0.00770	0.00535	0.00279	0.00773
57	0.00711	0.00609	0.00609	0.00609	0.00813	0.00508	0.00457	0.00863	0.01371	0.01625	0.06094	0.05789	0.74862	0.01524	0.00711	0.00203	0.00305	0.01270	0.00559	0.00508
58	0.01265	0.14251	0.65118	0.01614	0.02449	0.01541	0.02048	0.01890	0.01263	0.01833	0.01044	0.01225	0.00764	0.00563	0.00544	0.00181	0.00853	0.00427	0.00255	0.00872
59	0.01552	0.01590	0.05438	0.02455	0.08961	0.01444	0.57377	0.02024	0.01442	0.09551	0.01325	0.01645	0.00971	0.00536	0.00685	0.00199	0.00933	0.00676	0.00348	0.00848
60	0.00872	0.00658	0.00969	0.00963	0.01060	0.00769	0.00742	0.01071	0.00960	0.01383	0.01608	0.02437	0.01529	0.09181	0.69856	0.00924	0.03508	0.00656	0.00323	0.00529
61	0.01463	0.01403	0.02395	0.09069	0.69930	0.01423	0.01833	0.01824	0.01358	0.01934	0.01127	0.01497	0.00942	0.00541	0.00596	0.00180	0.00721	0.00536	0.00296	0.00932
62	0.01339	0.01276	0.02171	0.34993	0.44976	0.01390	0.01772	0.01715	0.01299	0.01783	0.01105	0.01538	0.00889	0.00564	0.00598	0.00188	0.00752	0.00535	0.00285	0.00832
63	0.01458	0.37707	0.38588	0.01382	0.02072	0.04123	0.01614	0.01898	0.01273	0.03492	0.00996	0.01145	0.00785	0.00551	0.00487	0.00161	0.00774	0.00391	0.00269	0.00833
64	0.02247	0.02867	0.01705	0.01550	0.01860	0.76443	0.01162	0.02402	0.01705	0.01472	0.00930	0.01085	0.00775	0.00620	0.00542	0.00155	0.01085	0.00387	0.00310	0.00697
65	0.01290	0.01227	0.02083	0.45157	0.35192	0.01377	0.01747	0.01672	0.01276	0.01724	0.01097	0.01554	0.00868	0.00573	0.00599	0.00191	0.00764	0.00535	0.00281	0.00793
66	0.01371	0.34170	0.46119	0.01435	0.02171	0.01798	0.01736	0.01863	0.01251	0.01705	0.00980	0.01146	0.00766	0.00548	0.00496	0.00165	0.00789	0.00394	0.00255	0.00841
67	0.01007	0.00926	0.01649	0.01335	0.01614	0.00861	0.23685	0.01314	0.01460	0.01981	0.27855	0.14446	0.11587	0.03018	0.00781	0.00217	0.00550	0.04585	0.00509	0.00622
68	0.00736	0.00632	0.00634	0.00629	0.00837	0.00540	0.00473	0.00939	0.03724	0.01654	0.05976	0.05675	0.72496	0.01501	0.00708	0.00203	0.00310	0.01251	0.00560	0.00522
69	0.01047	0.00801	0.01259	0.01168	0.01359	0.00769	0.11498	0.01338	0.04560	0.05740	0.06567	0.32137	0.05241	0.05335	0.00869	0.00254	0.00520	0.18407	0.00527	0.00601
70	0.01399	0.01338	0.02279	0.22473	0.57028	0.01406	0.01802	0.01767	0.01327	0.01856	0.01116	0.01518	0.00914	0.00553	0.00597	0.00184	0.00737	0.00536	0.00290	0.00880
71	0.02256	0.02596	0.01728	0.01512	0.01861	0.59358	0.01158	0.18598	0.01962	0.02004	0.01048	0.01167	0.00832	0.00643	0.00556	0.00161	0.00988	0.00423	0.00377	0.00772
72	0.01459	0.01399	0.02389	0.09853	0.69175	0.01422	0.01832	0.01820	0.01356	0.01930	0.01126	0.01499	0.00940	0.00541	0.00596	0.00180	0.00722	0.00536	0.00295	0.00929
73	0.04983	0.01247	0.01434	0.01233	0.01571	0.04996	0.05356	0.13665	0.24427	0.12043	0.03797	0.10628	0.03677	0.00969	0.00643	0.00205	0.00559	0.07161	0.00573	0.00835
74	0.01406	0.01345	0.02293	0.20950	0.58494	0.01408	0.01805	0.01774	0.01331	0.01865	0.01117	0.01516	0.00918	0.00551	0.00597	0.00184	0.00735	0.00536	0.00291	0.00886
75	0.00835	0.00607	0.00736	0.00790	0.00930	0.00547	0.00593	0.01004	0.01338	0.04136	0.10141	0.30236	0.32010	0.01617	0.00745	0.00227	0.00363	0.12043	0.00572	0.00530
76	0.68467	0.01258	0.01051	0.00899	0.01291	0.01443	0.00741	0.14690	0.01351	0.02897	0.00948	0.01062	0.00719	0.00588	0.00414	0.00185	0.00501	0.00365	0.00414	0.00719
77	0.01173	0.01107	0.01872	0.69594	0.11669	0.01346	0.01689	0.01570	0.01221	0.01582	0.01076	0.01592	0.00818	0.00595	0.00601	0.00198	0.00793	0.00535	0.00271	0.00698
78	0.06813	0.21382	0.31991	0.01617	0.09017	0.03460	0.01586	0.10117	0.03197	0.02052	0.01073	0.01237	0.00833	0.00590	0.00554	0.00174	0.02699	0.00433	0.00317	0.00857
79	0.01274	0.03018	0.72395	0.01686	0.02556	0.01374	0.02162	0.01951	0.01290	0.05219	0.01138	0.01305	0.00795	0.00579	0.00573	0.00190	0.00872	0.00452	0.00276	0.00895
80	0.01006	0.00740	0.00903	0.00909	0.01045	0.03091	0.00686	0.04475	0.01248	0.04108	0.04419	0.20440	0.10568	0.06656	0.27299	0.00499	0.00851	0.06254	0.04240	0.00561
81	0.01332	0.02907	0.67987	0.01682	0.02530	0.01359	0.03824	0.01989	0.01310	0.07856	0.01187	0.01341	0.00824	0.00584	0.00578	0.00190	0.00862	0.00464	0.00295	0.00898
82	0.00733	0.00524	0.00698	0.00838	0.00873	0.00489	0.00558	0.00838	0.01152	0.01536	0.03316	0.78466	0.03979	0.01885	0.00768	0.00244	0.00349	0.01710	0.00558	0.00489
83	0.01290	0.08816	0.66098	0.01662	0.02502	0.01459	0.03804	0.01930	0.01284	0.04200	0.01105	0.01280	0.00789	0.00571	0.00562	0.00186	0.00861	0.00447	0.00271	0.00883
84	0.01267	0.02705	0.60306	0.01738	0.04770	0.01343	0.05852	0.01932	0.03400	0.04379	0.03403	0.01623	0.01063	0.00634	0.00594	0.00194	0.00837	0.02780	0.00306	0.00873
85	0.00796	0.00582	0.00755	0.00863	0.00950	0.00546	0.00639	0.00954	0.01258	0.01645	0.07081	0.45963	0.13622	0.03617	0.00828	0.00252	0.00394	0.18191	0.00558	0.00508
86	0.00731	0.00550	0.00678	0.00773	0.00857	0.00496	0.00531	0.00854	0.01229	0.01589	0.06442	0.56434	0.23123	0.01766	0.00751	0.00231	0.00335	0.01571	0.00562	0.00496
87	0.01207	0.03112	0.75741	0.01715	0.02604	0.01397	0.02223	0.01905	0.01270	0.01905	0.01080	0.01270	0.00762	0.00572	0.00572	0.00191	0.00889	0.00445	0.00254	0.00889
88	0.00939	0.01106	0.12694	0.01246	0.04710	0.00811	0.07744	0.01239	0.02759	0.01741	0.09321	0.37330	0.08146	0.03819	0.03301	0.00255	0.00555	0.01195	0.00472	0.00618
89	0.01207	0.03112	0.75741	0.01715	0.02604	0.01397	0.02223	0.01905	0.01270	0.01905	0.01080	0.01270	0.00762	0.00572	0.00572	0.00191	0.00889	0.00445	0.00254	0.00889
90	0.01448	0.01333	0.02261	0.20487	0.56416	0.01390	0.01774	0.01811	0.01343	0.04307	0.01158	0.01534	0.00936	0.00558	0.00597	0.00184	0.00728	0.00538	0.00306	0.00890
91	0.01424	0.01699	0.20368	0.01759	0.02291	0.01244	0.27477	0.01894	0.02973	0.11571	0.03574	0.06235	0.03721	0.00802	0.00731	0.00208	0.04324	0.06499	0.00405	0.00801
92	0.01301	0.01393	0.06309	0.03821	0.08703	0.03186	0.32334	0.05234	0.01454	0.01946	0.03593	0.07003	0.04084	0.00960	0.02284	0.00230	0.00808	0.14219	0.00394	0.00744
93	0.03430	0.11768	0.42334	0.01502	0.02168	0.01446	0.06910	0.04202	0.05358	0.06445	0.01290	0.01582	0.01004	0.07125	0.00767	0.00217	0.00779	0.00508	0.00332	0.00835
94	0.01247	0.09559	0.56676	0.01676	0.02442	0.01468	0.08443	0.01845	0.01290	0.01875	0.04762	0.01438	0.01024	0.00609	0.00618	0.00188	0.03218	0.00493	0.00280	0.00848
95	0.01410	0.01535	0.21143	0.01305	0.01755	0.01060	0.07563	0.07656	0.01500	0.13880	0.06286	0.12704	0.09834	0.00992	0.00693	0.00204	0.02991	0.04268	0.02451	0.00771
96	0.01152	0.01086	0.01834	0.74025	0.07404	0.01341	0.01679	0.01551	0.01211	0.01557	0.01072	0.01599	0.00809	0.00598	0.00601	0.00199	0.00798	0.00535	0.00269	0.00681
97	0.01318	0.01254	0.02118	0.33986	0.43381	0.01360	0.01728	0.01686	0.01301	0.01777	0.01271	0.01679	0.03344	0.00596	0.00602	0.00188	0.00737	0.00560	0.00294	0.00821
98	0.01403	0.01292	0.02057	0.06355	0.25925	0.05612	0.16033	0.03867	0.01409	0.05808	0.01866	0.12676	0.04742	0.03337	0.00737	0.00212	0.00709	0.04790	0.00395	0.00775
99	0.03402	0.07842	0.62212	0.01645	0.02453	0.01458	0.04379	0.04071	0.01317	0.01950	0.01135	0.01421	0.00852	0.00602	0.00567	0.00189	0.00849	0.02510	0.00278	0.00867
100	0.00780	0.00587	0.00723	0.00804	0.00893	0.00552	0.00556	0.00987	0.04890	0.01666	0.09726	0.53370	0.16985	0.03507	0.00798	0.00238	0.00347	0.01506	0.00565	0.00519
101	0.01591	0.01236	0.13431	0.01143	0.03359	0.00898	0.01012	0.06513	0.01567	0.25970	0.11596	0.16056	0.09190	0.01065	0.00656	0.00201	0.00514	0.02634	0.00578	0.00789
102	0.01395	0.06145	0.07319	0.13935	0.25583	0.02960	0.03554	0.04059	0.03513	0.05184	0.01660	0.04712	0.02869	0.00816	0.00673	0.00201	0.03250	0.10999	0.00377	0.00797
103	0.01052	0.01708	0.29792	0.01395	0.01855	0.01043	0.09439	0.01523	0.04911	0.01789	0.02349	0.25300	0.08029	0.01115	0.00702	0.00216	0.02241	0.04422	0.00410	0.00710
104	0.01232	0.05356	0.69200	0.01743	0.02603	0.01435	0.06412	0.01903	0.01278	0.01891	0.01080	0.01282	0.00771	0.00566	0.00574	0.00189	0.00889	0.00457	0.00257	0.00881
105	0.01406	0.02936	0.06190	0.01450	0.06233	0.02888	0.12243	0.01878	0.10026	0.13371	0.10159	0.13397	0.05650	0.01028	0.00676	0.00208	0.00587	0.08400	0.00517	0.00759
106	0.01209	0.02943	0.68986	0.01736	0.02585	0.01379	0.06537	0.01883	0.01293	0.01922	0.03348	0.01391	0.00922	0.00588	0.00584	0.00191	0.00878	0.00481	0.00270	0.00874
107	0.01844	0.01535	0.09747	0.01381	0.01799	0.07906	0.08419	0.11504	0.05454	0.22888	0.03872	0.06369	0.04852	0.00851	0.00739	0.00198	0.06893	0.02382	0.00517	0.00848
108	0.01442	0.01395	0.02420	0.12633	0.62831	0.01423	0.05393	0.01813	0.01352	0.01911	0.01128	0.01510	0.00932	0.00543	0.00602	0.00183	0.00740	0.00545	0.00294	0.00911
109	0.01413	0.01399	0.04436	0.12275	0.60835	0.01380	0.01792	0.01781	0.01348	0.01904	0.01226	0.01762	0.01055	0.00601	0.00607	0.00187	0.00722	0.04074	0.00306	0.00897
110	0.01448	0.01435	0.02591	0.09497	0.56243	0.01438	0.14744	0.01836	0.01365	0.01923	0.01142	0.01523	0.00933	0.00536	0.00617	0.00185	0.00776	0.00567	0.00296	0.00904
111	0.01480	0.01420	0.02426	0.05519	0.73348	0.01427	0.01842	0.01839	0.01366	0.01955	0.01130	0.01492	0.00949	0.00538	0.00596	0.00179	0.00717	0.00536	0.00297	0.00946
112	0.01212	0.00751	0.00877	0.00823	0.01064	0.00687	0.00634	0.01530	0.08323	0.16875	0.05834	0.15029	0.37826	0.01349	0.00694	0.00209	0.00382	0.04640	0.00604	0.00657
113	0.01131	0.01045	0.01729	0.55996	0.11590	0.01249	0.01535	0.01482	0.01213	0.01590	0.01381	0.10339	0.01252	0.00783	0.00668	0.00207	0.03093	0.02729	0.00312	0.00676
114	0.01715	0.13964	0.39277	0.01458	0.02126	0.10617	0.01624	0.04343	0.01451	0.16042	0.01286	0.01357	0.00913	0.00607	0.00548	0.00176	0.00797	0.00453	0.00367	0.00878
115	0.01489	0.01429	0.02442	0.03692	0.75106	0.01429	0.01846	0.01846	0.01370	0.01965	0.01132	0.01489	0.00953	0.00536	0.00596	0.00179	0.00715	0.00536	0.00298	0.00953
116	0.01224	0.02991	0.69906	0.01781	0.02647	0.01407	0.07937	0.01907	0.01282	0.01907	0.01091	0.01299	0.00774	0.00566	0.00583	0.00192	0.00899	0.00466	0.00258	0.00883
117	0.02514	0.05465	0.04032	0.01251	0.06114	0.01018	0.00996	0.02768	0.01657	0.64411	0.02168	0.01927	0.01392	0.00713	0.00591	0.00183	0.00544	0.00580	0.00674	0.01001
118	0.00733	0.00524	0.00698	0.00838	0.00873	0.00489	0.00558	0.00838	0.01152	0.01536	0.03316	0.78466	0.03979	0.01885	0.00768	0.00244	0.00349	0.01710	0.00558	0.00489
119	0.00711	0.00609	0.00609	0.00609	0.00813	0.00508	0.00457	0.00863	0.01371	0.01625	0.06094	0.05789	0.74862	0.01524	0.00711	0.00203	0.00305	0.01270	0.00559	0.00508
120	0.01576	0.73068	0.09020	0.01085	0.01630	0.02301	0.01126	0.01810	0.01226	0.01455	0.00856	0.00990	0.00771	0.00519	0.00401	0.00134	0.00663	0.00332	0.00257	0.00781
121	0.01303	0.02985	0.69171	0.01685	0.02538	0.01439	0.02127	0.08232	0.01409	0.02073	0.01112	0.01286	0.00785	0.00585	0.00574	0.00190	0.00869	0.00453	0.00285	0.00901
122	0.00733	0.00524	0.00698	0.00838	0.00873	0.00489	0.00558	0.00838	0.01152	0.01536	0.03316	0.78466	0.03979	0.01885	0.00768	0.00244	0.00349	0.01710	0.00558	0.00489
123	0.00993	0.00719	0.00987	0.01113	0.01261	0.00728	0.00969	0.01334	0.04634	0.01832	0.03152	0.06583	0.03389	0.01624	0.00821	0.00274	0.00550	0.67908	0.00557	0.00572
124	0.01004	0.00686	0.02876	0.00732	0.00801	0.00637	0.00483	0.01068	0.00962	0.05729	0.01881	0.03544	0.02020	0.62420	0.08659	0.00559	0.00657	0.00814	0.04027	0.00442
125	0.02323	0.01627	0.01769	0.01356	0.01837	0.01779	0.01121	0.66921	0.02731	0.10108	0.01526	0.01497	0.01064	0.00724	0.00602	0.00181	0.00649	0.00547	0.00614	0.01023
126	0.13687	0.09763	0.20019	0.01323	0.01769	0.08274	0.01291	0.07720	0.10104	0.02062	0.01212	0.01413	0.00968	0.01018	0.07442	0.00259	0.10061	0.00473	0.00356	0.00784
127	0.25400	0.01771	0.22218	0.01593	0.12745	0.01354	0.01356	0.06440	0.07244	0.12462	0.01328	0.01414	0.00961	0.00615	0.00527	0.00187	0.00640	0.00471	0.00413	0.00861
128	0.01900	0.44372	0.02492	0.01267	0.01688	0.36183	0.01090	0.02076	0.01443	0.01441	0.00879	0.01020	0.00773	0.00563	0.00457	0.00141	0.00845	0.00352	0.00281	0.00738
129	0.02699	0.01024	0.01396	0.01070	0.01536	0.00884	0.00884	0.02932	0.01722	0.75522	0.02373	0.02048	0.01489	0.00745	0.00605	0.00186	0.00512	0.00605	0.00745	0.01024
130	0.01769	0.01460	0.02239	0.05312	0.45412	0.03084	0.05869	0.14645	0.01674	0.10650	0.01327	0.01548	0.01015	0.00595	0.00604	0.00182	0.00711	0.00552	0.00402	0.00950
131	0.02049	0.19252	0.03804	0.01426	0.03455	0.20734	0.05092	0.18743	0.03658	0.12442	0.01290	0.01355	0.00971	0.00644	0.00577	0.00167	0.02580	0.00472	0.00432	0.00858
132	0.00711	0.00609	0.00609	0.00609	0.00813	0.00508	0.00457	0.00863	0.01371	0.01625	0.06094	0.05789	0.74862	0.01524	0.00711	0.00203	0.00305	0.01270	0.00559	0.00508
133	0.00823	0.00596	0.00777	0.00768	0.00891	0.00550	0.00562	0.01067	0.01582	0.02212	0.58270	0.19371	0.07534	0.01371	0.00721	0.00201	0.00298	0.01219	0.00638	0.00550
134	0.01599	0.10737	0.22172	0.02054	0.16124	0.15693	0.11446	0.05547	0.05483	0.01911	0.01147	0.01354	0.00895	0.00580	0.00573	0.00177	0.00849	0.00492	0.00317	0.00852
135	0.03455	0.01689	0.11018	0.01577	0.08328	0.06208	0.03502	0.11359	0.41135	0.02466	0.01864	0.01835	0.01399	0.00721	0.00598	0.00194	0.00627	0.00595	0.00503	0.00926
136	0.00874	0.00587	0.00675	0.00675	0.00682	0.00594	0.00388	0.00887	0.00880	0.01181	0.01878	0.03840	0.02145	0.74276	0.07587	0.00607	0.00647	0.00861	0.00362	0.00375
137	0.02362	0.01172	0.01689	0.01386	0.05410	0.03221	0.09242	0.02715	0.05762	0.55160	0.04006	0.02017	0.01502	0.00720	0.00618	0.00188	0.00589	0.00624	0.00649	0.00970
138	0.01581	0.02063	0.24569	0.01795	0.02390	0.05741	0.22791	0.15409	0.04795	0.04723	0.04805	0.01621	0.01164	0.00646	0.00669	0.00193	0.03205	0.00587	0.00389	0.00865
139	0.07040	0.01477	0.01856	0.09963	0.19925	0.10658	0.06375	0.11006	0.06554	0.11063	0.05007	0.03694	0.01335	0.00689	0.00596	0.00185	0.00697	0.00592	0.00439	0.00848
140	0.01341	0.00844	0.02929	0.03418	0.01250	0.00747	0.00742	0.01683	0.06873	0.20417	0.20497	0.08793	0.22581	0.01181	0.00679	0.00201	0.00410	0.04099	0.00616	0.00700
141	0.01464	0.04558	0.28760	0.01967	0.09391	0.01356	0.22574	0.01952	0.01392	0.10833	0.05085	0.01748	0.02904	0.00636	0.00657	0.00192	0.02715	0.00600	0.00360	0.00854
142	0.01860	0.01851	0.20201	0.02042	0.18781	0.06346	0.09833	0.05235	0.01541	0.24099	0.01502	0.01589	0.01053	0.00618	0.00602	0.00185	0.00754	0.00545	0.00436	0.00928
143	0.01695	0.04276	0.15579	0.01723	0.08493	0.01441	0.12770	0.19889	0.07965	0.10422	0.01649	0.08472	0.01329	0.00752	0.00622	0.00192	0.00704	0.00666	0.00465	0.00896

[dist]
# distance from previous block
# <min> <max>
2	14

[block]
# block no. 4 follows, 38 sequences, length 17
# corresponding to MSA columns:
# 275-291
name=unknown_E
#
# <colnr> <probs for GDERKNQSTAVLIFYWHMCP>
#	G	D	E	R	K	N	Q	S	T	A	V	L	I	F	Y	W	H	M	C	P
0	0.01618	0.01338	0.06010	0.01551	0.14097	0.03354	0.03251	0.06656	0.03781	0.14344	0.05503	0.01656	0.01297	0.00599	0.00546	0.00147	0.00572	0.00509	0.00443	0.32726
1	0.01405	0.00996	0.01177	0.00931	0.01336	0.00855	0.00733	0.08006	0.03763	0.11479	0.07049	0.10878	0.07391	0.00823	0.00561	0.00147	0.00441	0.00692	0.00496	0.40841
2	0.01305	0.00913	0.01131	0.00972	0.03835	0.00775	0.00725	0.01632	0.05028	0.12181	0.21284	0.05112	0.08097	0.00845	0.00582	0.00152	0.00409	0.00720	0.00523	0.33780
3	0.01448	0.01179	0.04768	0.01422	0.12103	0.00977	0.03335	0.04989	0.02953	0.11046	0.12168	0.02059	0.01770	0.00673	0.00561	0.00149	0.00520	0.02597	0.00456	0.34825
4	0.01414	0.01260	0.02054	0.13372	0.48267	0.01260	0.01573	0.01749	0.01339	0.04875	0.01325	0.04583	0.01154	0.00636	0.00595	0.00178	0.00668	0.03193	0.00338	0.10168
5	0.01729	0.00940	0.01335	0.01138	0.03502	0.00876	0.04677	0.02019	0.03434	0.32712	0.22513	0.08414	0.02740	0.00947	0.00714	0.00190	0.04538	0.00810	0.00617	0.06155
6	0.01698	0.01477	0.01468	0.01277	0.01642	0.06844	0.01003	0.16277	0.55547	0.02683	0.02153	0.02012	0.01609	0.00785	0.00605	0.00196	0.00554	0.00633	0.00589	0.00948
7	0.06833	0.01623	0.08039	0.02321	0.10520	0.01547	0.42930	0.01823	0.01291	0.01898	0.01098	0.01487	0.00868	0.00613	0.00886	0.00209	0.14309	0.00615	0.00297	0.00795
8	0.00875	0.00583	0.00656	0.00656	0.00656	0.00583	0.00365	0.00875	0.00875	0.01166	0.01895	0.03937	0.02187	0.78858	0.03062	0.00583	0.00583	0.00875	0.00365	0.00365
9	0.02287	0.01685	0.01805	0.01384	0.01866	0.01866	0.01143	0.73100	0.02828	0.03791	0.01444	0.01444	0.01023	0.00722	0.00602	0.00181	0.00662	0.00542	0.00602	0.01023
10	0.01687	0.01387	0.01467	0.01263	0.01637	0.01585	0.00998	0.20018	0.56888	0.02823	0.02207	0.02052	0.01641	0.00794	0.00610	0.00198	0.00521	0.00647	0.00610	0.00969
11	0.83108	0.01163	0.00884	0.00791	0.01163	0.01350	0.00651	0.01768	0.01024	0.02699	0.00838	0.00977	0.00651	0.00558	0.00372	0.00186	0.00465	0.00326	0.00372	0.00651
12	0.00730	0.00610	0.00636	0.00630	0.00825	0.00516	0.00472	0.00901	0.01417	0.01734	0.15625	0.05610	0.65262	0.01483	0.00711	0.00201	0.00302	0.01244	0.00573	0.00516
13	0.04155	0.01487	0.02502	0.06134	0.48270	0.04723	0.16024	0.01929	0.01395	0.05823	0.01193	0.01516	0.00950	0.00548	0.00610	0.00184	0.00776	0.00561	0.00324	0.00896
14	0.00883	0.00619	0.00692	0.00694	0.00733	0.00618	0.00417	0.00994	0.04797	0.01304	0.02398	0.09072	0.08818	0.62571	0.02566	0.00506	0.00537	0.00957	0.00408	0.00417
15	0.49530	0.01246	0.01246	0.01134	0.04743	0.01400	0.04342	0.08767	0.14263	0.02652	0.01446	0.01515	0.04200	0.00659	0.00478	0.00190	0.00517	0.00479	0.00438	0.00756
16	0.05178	0.01364	0.04100	0.28447	0.09235	0.06532	0.09167	0.09534	0.01441	0.05162	0.01293	0.01859	0.01062	0.04837	0.00826	0.03111	0.02339	0.03422	0.00356	0.00737

[dist]
# distance from previous block
# <min> <max>
0	4

[block]
# block no. 5 follows, 38 sequences, length 6
# corresponding to MSA columns:
# 296-301
name=unknown_F
#
# <colnr> <probs for GDERKNQSTAVLIFYWHMCP>
#	G	D	E	R	K	N	Q	S	T	A	V	L	I	F	Y	W	H	M	C	P
0	0.11048	0.08909	0.02121	0.01522	0.01919	0.09138	0.18773	0.05797	0.05609	0.09695	0.04220	0.01558	0.01149	0.00683	0.00767	0.00189	0.11566	0.00548	0.00399	0.04389
1	0.17497	0.01502	0.04597	0.01324	0.01735	0.06801	0.08199	0.22202	0.11291	0.06328	0.01507	0.01743	0.01171	0.01062	0.07807	0.00264	0.00753	0.02914	0.00473	0.00830
2	0.08950	0.00986	0.01027	0.00943	0.01084	0.08526	0.03740	0.05406	0.01144	0.01589	0.01691	0.07802	0.01788	0.39090	0.13288	0.00497	0.00787	0.00766	0.00377	0.00518
3	0.01020	0.00839	0.01341	0.01298	0.05103	0.00815	0.12279	0.01348	0.06698	0.03992	0.05831	0.41480	0.05557	0.01543	0.04032	0.00259	0.00550	0.04882	0.00508	0.00624
4	0.01482	0.01096	0.01289	0.00991	0.01444	0.00954	0.00804	0.13394	0.01602	0.08458	0.08428	0.02070	0.01611	0.00682	0.00539	0.00136	0.00479	0.05755	0.00473	0.48313
5	0.00790	0.00596	0.00731	0.00732	0.00870	0.00536	0.00536	0.01004	0.01507	0.02030	0.42383	0.18931	0.24286	0.01435	0.00721	0.00204	0.00302	0.01256	0.00614	0.00536

[dist]
# distance from previous block
# <min> <max>
2	3

[block]
# block no. 6 follows, 38 sequences, length 13
# corresponding to MSA columns:
# 305-317
name=unknown_G
#
# <colnr> <probs for GDERKNQSTAVLIFYWHMCP>
#	G	D	E	R	K	N	Q	S	T	A	V	L	I	F	Y	W	H	M	C	P
0	0.01336	0.23395	0.48999	0.01613	0.02373	0.01674	0.09006	0.01879	0.01272	0.01776	0.01028	0.01224	0.00780	0.00550	0.00536	0.00175	0.00836	0.00438	0.00260	0.00850
1	0.01290	0.18950	0.60636	0.01572	0.02383	0.01602	0.01974	0.01884	0.01260	0.01803	0.01029	0.01207	0.00764	0.00560	0.00533	0.00178	0.00838	0.00419	0.00255	0.00865
2	0.66663	0.01158	0.00985	0.00861	0.01242	0.01308	0.00705	0.02028	0.07469	0.11132	0.01156	0.01212	0.00852	0.00602	0.00420	0.00188	0.00472	0.00389	0.00436	0.00721
3	0.01243	0.01274	0.08733	0.00974	0.01544	0.00862	0.00865	0.01554	0.01250	0.01955	0.01070	0.01250	0.00878	0.00458	0.00458	0.00099	0.00490	0.00365	0.00346	0.74332
4	0.00977	0.00703	0.00882	0.00891	0.01055	0.00650	0.00642	0.01266	0.07481	0.05071	0.08047	0.49735	0.03339	0.01477	0.00698	0.00212	0.00383	0.03362	0.00549	0.12577
5	0.00864	0.00626	0.00870	0.00870	0.00944	0.00700	0.00632	0.01012	0.00938	0.01325	0.01700	0.02852	0.01716	0.27590	0.53686	0.00848	0.01292	0.00716	0.00335	0.00484
6	0.01132	0.01077	0.02826	0.04622	0.05811	0.06242	0.03703	0.03914	0.03677	0.01990	0.25276	0.03495	0.19344	0.01088	0.00829	0.00200	0.09986	0.02152	0.01989	0.00645
7	0.00908	0.00717	0.01061	0.01033	0.01128	0.00869	0.00813	0.01114	0.00962	0.01402	0.01523	0.02251	0.01427	0.04141	0.68478	0.00891	0.09784	0.00632	0.00316	0.00550
