[name]
unknown

[dist]
# distance from previous block
# <min> <max>
9	70

[block]
# block no. 0 follows, 33 sequences, length 18
# corresponding to MSA columns:
# 110-127
name=unknown_A
#
# <colnr> <probs for GDERKNQSTAVLIFYWHMCP>
#	G	D	E	R	K	N	Q	S	T	A	V	L	I	F	Y	W	H	M	C	P
0	0.03221	0.06272	0.03408	0.04430	0.04663	0.01261	0.09530	0.09701	0.03989	0.03647	0.03360	0.08738	0.04753	0.00991	0.03051	0.02501	0.00665	0.00713	0.02591	0.22514
1	0.01994	0.01231	0.01450	0.01180	0.01561	0.01261	0.00948	0.25589	0.07234	0.19713	0.26851	0.02973	0.03096	0.00999	0.00702	0.00204	0.00526	0.00830	0.00719	0.00939
2	0.01654	0.19017	0.04269	0.03541	0.01568	0.03146	0.01004	0.03895	0.02992	0.14877	0.04754	0.15921	0.02051	0.08031	0.01034	0.00248	0.08142	0.00839	0.02234	0.00781
3	0.16952	0.01785	0.18373	0.01320	0.01925	0.01336	0.01297	0.11790	0.01773	0.31683	0.01767	0.01705	0.01181	0.00718	0.00600	0.00200	0.00667	0.00545	0.00577	0.03805
4	0.01602	0.19506	0.03782	0.02388	0.03029	0.01886	0.54103	0.02076	0.01503	0.01977	0.01234	0.01607	0.00963	0.00557	0.00694	0.00203	0.01015	0.00677	0.00321	0.00878
5	0.02609	0.01674	0.01870	0.01434	0.01957	0.01789	0.01185	0.54742	0.02811	0.20371	0.01819	0.01736	0.01239	0.00796	0.00659	0.00199	0.00686	0.00609	0.00695	0.01120
6	0.02202	0.02675	0.01748	0.01527	0.01924	0.56994	0.01156	0.02401	0.01748	0.01737	0.01053	0.01229	0.00878	0.00634	0.00569	0.00153	0.01023	0.00416	0.00351	0.19583
7	0.01307	0.00973	0.01274	0.01165	0.01379	0.01109	0.00924	0.17473	0.01537	0.02144	0.01720	0.02350	0.01522	0.03963	0.56969	0.00856	0.01519	0.00679	0.00425	0.00713
8	0.08727	0.01063	0.01467	0.18490	0.02189	0.01063	0.01085	0.02382	0.01683	0.37584	0.14955	0.02521	0.02219	0.00859	0.00661	0.00208	0.00585	0.00716	0.00642	0.00903
9	0.02044	0.30514	0.02882	0.01607	0.02165	0.05210	0.13909	0.29096	0.02093	0.02681	0.01259	0.01401	0.00982	0.00656	0.00588	0.00179	0.00807	0.00528	0.00442	0.00958
10	0.01489	0.01583	0.02812	0.02174	0.02457	0.01867	0.30777	0.01808	0.01240	0.01808	0.01063	0.01583	0.00922	0.00898	0.01572	0.00260	0.43929	0.00662	0.00307	0.00792
11	0.36490	0.01723	0.18180	0.01205	0.01779	0.01319	0.01202	0.02395	0.01438	0.26170	0.01539	0.01535	0.01047	0.00682	0.00544	0.00205	0.00635	0.00489	0.00513	0.00910
12	0.02331	0.16762	0.02157	0.01591	0.01972	0.61057	0.01245	0.02508	0.01769	0.01600	0.00999	0.01163	0.00847	0.00657	0.00562	0.00164	0.01098	0.00411	0.00329	0.00778
13	0.02152	0.06727	0.02050	0.18848	0.02603	0.14519	0.01382	0.38166	0.02351	0.02961	0.01344	0.01520	0.00998	0.00725	0.00632	0.00194	0.00840	0.00546	0.00493	0.00949
14	0.15645	0.00757	0.00774	0.00784	0.00988	0.00729	0.00582	0.01161	0.01424	0.02090	0.13954	0.21637	0.34162	0.01522	0.00724	0.00227	0.00374	0.01285	0.00589	0.00589
15	0.01724	0.20605	0.39370	0.01635	0.02362	0.16718	0.01828	0.02216	0.01496	0.04739	0.01142	0.01304	0.00872	0.00629	0.00573	0.00184	0.00937	0.00449	0.00313	0.00906
16	0.01032	0.01331	0.18017	0.01206	0.01509	0.00964	0.01145	0.01360	0.01123	0.01626	0.01668	0.02531	0.01553	0.13375	0.47645	0.00803	0.01430	0.00687	0.00341	0.00653
17	0.01487	0.01474	0.04535	0.01700	0.03960	0.04392	0.20747	0.07864	0.16334	0.02500	0.18607	0.02846	0.06508	0.00901	0.00720	0.00210	0.00695	0.00846	0.00538	0.03136

[dist]
# distance from previous block
# <min> <max>
0	7

[block]
# block no. 1 follows, 33 sequences, length 40
# corresponding to MSA columns:
# 135-174
name=unknown_B
#
# <colnr> <probs for GDERKNQSTAVLIFYWHMCP>
#	G	D	E	R	K	N	Q	S	T	A	V	L	I	F	Y	W	H	M	C	P
0	0.04109	0.07249	0.19129	0.08688	0.07494	0.10775	0.01463	0.05004	0.01493	0.02058	0.01186	0.01500	0.00965	0.03584	0.00676	0.00185	0.00786	0.00479	0.00348	0.22829
1	0.78158	0.01269	0.01010	0.03977	0.01409	0.01476	0.00760	0.01925	0.01129	0.02901	0.00927	0.01098	0.00720	0.00613	0.00418	0.00204	0.00525	0.00366	0.00403	0.00714
2	0.00801	0.00577	0.00760	0.00907	0.00952	0.00536	0.00607	0.00918	0.01270	0.01684	0.03746	0.73729	0.06984	0.02047	0.00838	0.00266	0.00380	0.01853	0.00611	0.00536
3	0.01365	0.01170	0.01365	0.00975	0.01560	0.00878	0.00780	0.01658	0.01365	0.02145	0.01170	0.01365	0.00975	0.00488	0.00488	0.00098	0.00488	0.00390	0.00390	0.80888
4	0.01357	0.14124	0.35746	0.01465	0.02198	0.01456	0.04313	0.01857	0.01393	0.01987	0.01671	0.01823	0.07774	0.00681	0.00582	0.00174	0.00760	0.00541	0.00339	0.19759
5	0.01777	0.01958	0.16272	0.01945	0.05455	0.01655	0.18791	0.27335	0.02021	0.02780	0.01452	0.01736	0.01105	0.01275	0.11063	0.00327	0.01019	0.00634	0.00445	0.00955
6	0.02117	0.01307	0.01503	0.01278	0.01700	0.01394	0.01015	0.03393	0.46203	0.28402	0.02650	0.02378	0.01871	0.00865	0.00667	0.00216	0.00535	0.00714	0.00723	0.01071
7	0.01237	0.01013	0.01133	0.01043	0.01307	0.01081	0.00799	0.02243	0.33901	0.02582	0.31897	0.03966	0.12764	0.01179	0.00728	0.00216	0.00410	0.01011	0.00685	0.00807
8	0.00802	0.00573	0.00764	0.00917	0.00955	0.00535	0.00611	0.00917	0.01260	0.01681	0.03628	0.76434	0.04354	0.02062	0.00840	0.00267	0.00382	0.01872	0.00611	0.00535
9	0.01868	0.65786	0.03205	0.01215	0.01743	0.13691	0.01149	0.02073	0.01419	0.01559	0.00931	0.01076	0.00845	0.00581	0.00449	0.00145	0.00779	0.00363	0.00291	0.00832
10	0.81514	0.01273	0.00968	0.00866	0.01273	0.01477	0.00713	0.01935	0.01120	0.02954	0.00917	0.01069	0.00713	0.00611	0.00407	0.00204	0.00509	0.00356	0.00407	0.00713
11	0.01706	0.01586	0.02581	0.03711	0.63298	0.01627	0.01925	0.08603	0.01634	0.02322	0.01257	0.01618	0.01044	0.00627	0.00709	0.00199	0.03570	0.00587	0.00356	0.01038
12	0.00932	0.00673	0.00880	0.00828	0.00984	0.00621	0.00621	0.01242	0.01863	0.02640	0.72410	0.04918	0.06212	0.01346	0.00776	0.00207	0.00311	0.01191	0.00725	0.00621
13	0.01601	0.01382	0.01453	0.01311	0.01677	0.01591	0.01019	0.03389	0.68568	0.02712	0.02850	0.02622	0.05027	0.00926	0.00674	0.00223	0.00513	0.00772	0.00667	0.01021
14	0.01704	0.01732	0.02686	0.03720	0.60730	0.08567	0.07093	0.02086	0.01538	0.02096	0.01224	0.01598	0.01021	0.00593	0.00656	0.00195	0.00846	0.00585	0.00328	0.01004
15	0.00802	0.00573	0.00764	0.00917	0.00955	0.00535	0.00611	0.00917	0.01260	0.01681	0.03628	0.76434	0.04354	0.02062	0.00840	0.00267	0.00382	0.01872	0.00611	0.00535
16	0.01827	0.70124	0.03297	0.01181	0.01723	0.09500	0.01140	0.02035	0.01388	0.01555	0.00925	0.01069	0.00845	0.00574	0.00439	0.00144	0.00751	0.00359	0.00287	0.00837
17	0.01669	0.61934	0.17977	0.01282	0.01930	0.02382	0.01397	0.01995	0.01348	0.01660	0.00970	0.01125	0.00843	0.00576	0.00465	0.00155	0.00760	0.00380	0.00281	0.00871
18	0.00792	0.00613	0.00723	0.00810	0.00927	0.00544	0.00564	0.00929	0.01363	0.01722	0.04923	0.46599	0.33354	0.01894	0.00814	0.00248	0.00361	0.01666	0.00611	0.00544
19	0.02353	0.01699	0.01845	0.01446	0.01926	0.01863	0.01181	0.61772	0.02881	0.06049	0.01809	0.08808	0.01447	0.00914	0.00676	0.00204	0.00686	0.00718	0.00659	0.01063
20	0.01721	0.01381	0.01556	0.01144	0.01711	0.01242	0.00928	0.23241	0.01907	0.02773	0.01299	0.01433	0.01020	0.00582	0.00541	0.00129	0.00562	0.00454	0.00474	0.55901
21	0.00974	0.00834	0.03557	0.00937	0.01135	0.00738	0.00745	0.01389	0.08350	0.02236	0.31998	0.17343	0.17833	0.01506	0.00785	0.00231	0.00400	0.07711	0.00650	0.00646
22	0.00778	0.00667	0.00667	0.00667	0.00889	0.00556	0.00500	0.00945	0.01501	0.01778	0.06669	0.06336	0.72490	0.01667	0.00778	0.00222	0.00333	0.01389	0.00611	0.00556
23	0.01113	0.00763	0.00915	0.00867	0.00905	0.00823	0.00560	0.01204	0.03161	0.04582	0.01988	0.03820	0.02173	0.61213	0.05635	0.00588	0.07895	0.00892	0.00413	0.00489
24	0.00802	0.00573	0.00764	0.00917	0.00955	0.00535	0.00611	0.00917	0.01260	0.01681	0.03628	0.76434	0.04354	0.02062	0.00840	0.00267	0.00382	0.01872	0.00611	0.00535
25	0.02459	0.03138	0.01866	0.01696	0.02035	0.74221	0.01272	0.02629	0.01866	0.01611	0.01018	0.01187	0.00848	0.00678	0.00594	0.00170	0.01187	0.00424	0.00339	0.00763
26	0.01243	0.01170	0.01975	0.75282	0.04534	0.01463	0.01828	0.01682	0.01316	0.01682	0.01170	0.01755	0.00878	0.00658	0.00658	0.00219	0.00878	0.00585	0.00293	0.00731
27	0.01637	0.01414	0.01489	0.01340	0.01712	0.01637	0.01042	0.03498	0.71568	0.02754	0.02679	0.02456	0.02010	0.00893	0.00670	0.00223	0.00521	0.00744	0.00670	0.01042
28	0.01600	0.01741	0.09487	0.03832	0.66027	0.01561	0.02060	0.02027	0.01489	0.02144	0.01233	0.01606	0.01023	0.00590	0.00649	0.00197	0.00800	0.00577	0.00321	0.01036
29	0.08525	0.01131	0.01488	0.01150	0.01652	0.01004	0.00950	0.03118	0.01830	0.68231	0.02478	0.02158	0.01565	0.00800	0.00644	0.00204	0.00557	0.00640	0.00786	0.01091
30	0.02159	0.01156	0.01398	0.01178	0.01554	0.03753	0.00936	0.02756	0.17139	0.37751	0.05321	0.02495	0.01908	0.04354	0.12679	0.00361	0.00762	0.00712	0.00671	0.00956
31	0.00802	0.00573	0.00764	0.00917	0.00955	0.00535	0.00611	0.00917	0.01260	0.01681	0.03628	0.76434	0.04354	0.02062	0.00840	0.00267	0.00382	0.01872	0.00611	0.00535
32	0.02459	0.03138	0.01866	0.01696	0.02035	0.74221	0.01272	0.02629	0.01866	0.01611	0.01018	0.01187	0.00848	0.00678	0.00594	0.00170	0.01187	0.00424	0.00339	0.00763
33	0.01227	0.00614	0.00614	0.00614	0.00767	0.00614	0.00460	0.01534	0.01381	0.02454	0.02148	0.02454	0.01687	0.00767	0.00460	0.00153	0.00307	0.00614	0.80518	0.00614
34	0.15869	0.01348	0.03455	0.01200	0.01694	0.01289	0.01012	0.17697	0.02009	0.41314	0.05043	0.01991	0.01539	0.00793	0.00623	0.00203	0.00588	0.00614	0.00694	0.01027
35	0.02410	0.04789	0.02422	0.01721	0.02286	0.01333	0.24042	0.06607	0.01819	0.42470	0.02044	0.01996	0.01356	0.00716	0.00689	0.00207	0.00759	0.00682	0.00622	0.01031
36	0.81514	0.01273	0.00968	0.00866	0.01273	0.01477	0.00713	0.01935	0.01120	0.02954	0.00917	0.01069	0.00713	0.00611	0.00407	0.00204	0.00509	0.00356	0.00407	0.00713
37	0.02222	0.01611	0.01753	0.01387	0.01840	0.01770	0.01126	0.52301	0.08477	0.06545	0.01950	0.02063	0.04105	0.05140	0.04386	0.00267	0.00731	0.00665	0.00635	0.01026
38	0.01061	0.00758	0.01061	0.01212	0.01364	0.00758	0.01061	0.01364	0.01515	0.01970	0.03486	0.07426	0.03789	0.01819	0.00909	0.00303	0.00606	0.68326	0.00606	0.00606
39	0.01498	0.04217	0.15199	0.02521	0.03215	0.01635	0.55021	0.02064	0.01511	0.02075	0.01366	0.04005	0.01071	0.00613	0.00744	0.00219	0.01053	0.00751	0.00331	0.00890

[dist]
# distance from previous block
# <min> <max>
0	44

[block]
# block no. 2 follows, 33 sequences, length 40
# corresponding to MSA columns:
# 219-258
name=unknown_C
#
# <colnr> <probs for GDERKNQSTAVLIFYWHMCP>
#	G	D	E	R	K	N	Q	S	T	A	V	L	I	F	Y	W	H	M	C	P
0	0.01028	0.00703	0.00878	0.00826	0.01019	0.00633	0.00630	0.01302	0.01770	0.06869	0.50653	0.05157	0.21028	0.01402	0.00774	0.00214	0.00341	0.03437	0.00700	0.00637
1	0.01493	0.23183	0.48819	0.01702	0.02534	0.01844	0.05105	0.04567	0.01446	0.02017	0.01131	0.01324	0.00855	0.00612	0.00579	0.00190	0.00898	0.00467	0.00295	0.00940
2	0.00831	0.00593	0.00797	0.00949	0.01000	0.00559	0.00661	0.00966	0.01289	0.01713	0.03613	0.68798	0.04292	0.02035	0.00848	0.00271	0.00407	0.09225	0.00611	0.00543
3	0.01589	0.01616	0.05289	0.03790	0.63701	0.01539	0.06313	0.01996	0.01491	0.02132	0.01312	0.03829	0.01130	0.00629	0.00664	0.00200	0.00798	0.00633	0.00333	0.01016
4	0.00957	0.00638	0.00718	0.00718	0.00718	0.00638	0.00399	0.00957	0.00957	0.01276	0.02074	0.04308	0.02393	0.76864	0.03351	0.00638	0.00638	0.00957	0.00399	0.00399
5	0.01923	0.16861	0.22398	0.01830	0.06754	0.33138	0.04194	0.02295	0.01599	0.01786	0.01070	0.01270	0.00861	0.00632	0.00581	0.00179	0.01008	0.00452	0.00310	0.00860
6	0.01352	0.11771	0.61853	0.01739	0.02625	0.01608	0.02194	0.02031	0.01407	0.02050	0.04629	0.01524	0.01098	0.00653	0.00609	0.00201	0.00910	0.00505	0.00300	0.00941
7	0.01550	0.01246	0.01645	0.01616	0.16087	0.01025	0.01048	0.01859	0.01435	0.08005	0.01302	0.01491	0.01043	0.00535	0.00535	0.00126	0.00554	0.00453	0.00412	0.58032
8	0.00957	0.00638	0.00718	0.00718	0.00718	0.00638	0.00399	0.00957	0.00957	0.01276	0.02074	0.04308	0.02393	0.76864	0.03351	0.00638	0.00638	0.00957	0.00399	0.00399
9	0.01073	0.04033	0.01286	0.01134	0.01228	0.01096	0.00885	0.01252	0.01044	0.01499	0.01606	0.02584	0.01584	0.15769	0.45763	0.00803	0.15715	0.00707	0.00345	0.00593
10	0.81514	0.01273	0.00968	0.00866	0.01273	0.01477	0.00713	0.01935	0.01120	0.02954	0.00917	0.01069	0.00713	0.00611	0.00407	0.00204	0.00509	0.00356	0.00407	0.00713
11	0.00875	0.00710	0.00819	0.00856	0.03026	0.00637	0.00606	0.01138	0.04019	0.02034	0.22912	0.13296	0.43570	0.01569	0.00777	0.00223	0.00352	0.01345	0.00634	0.00601
12	0.02578	0.01041	0.01388	0.01091	0.01546	0.00899	0.00892	0.02826	0.01837	0.60651	0.07082	0.02882	0.10344	0.00947	0.00682	0.00206	0.00519	0.00779	0.00785	0.01024
13	0.01056	0.00894	0.01498	0.01321	0.01506	0.00993	0.11030	0.01319	0.01122	0.01600	0.01676	0.02520	0.01560	0.08643	0.55484	0.00871	0.05205	0.00725	0.00350	0.00626
14	0.02954	0.01120	0.01528	0.01171	0.01681	0.00968	0.00968	0.03208	0.01884	0.73213	0.02597	0.02241	0.01630	0.00815	0.00662	0.00204	0.00560	0.00662	0.00815	0.01120
15	0.01814	0.71572	0.03328	0.01170	0.01716	0.08101	0.01138	0.02022	0.01378	0.01554	0.00923	0.01066	0.00845	0.00572	0.00436	0.00143	0.00741	0.00358	0.00286	0.00839
16	0.00945	0.00646	0.00781	0.00790	0.00813	0.00664	0.00487	0.00993	0.00994	0.01346	0.02118	0.08587	0.02387	0.59480	0.15644	0.00688	0.00820	0.00971	0.00404	0.00441
17	0.01776	0.67897	0.07796	0.01210	0.01785	0.07051	0.01219	0.02020	0.01374	0.01587	0.00939	0.01086	0.00844	0.00574	0.00446	0.00147	0.00752	0.00365	0.00285	0.00848
18	0.01268	0.01195	0.02019	0.70757	0.08867	0.01469	0.01840	0.01704	0.01328	0.01712	0.01174	0.01747	0.00888	0.00654	0.00658	0.00218	0.00872	0.00585	0.00295	0.00751
19	0.02429	0.02687	0.01879	0.01637	0.02000	0.52449	0.01263	0.15398	0.02045	0.05698	0.01194	0.01330	0.00940	0.00736	0.00706	0.00184	0.05682	0.00477	0.00420	0.00846
20	0.02448	0.01817	0.01945	0.01504	0.02021	0.02016	0.01238	0.66302	0.07444	0.04060	0.01650	0.01636	0.01176	0.00797	0.00659	0.00199	0.00712	0.00602	0.00659	0.01115
21	0.02787	0.01126	0.01511	0.01151	0.01668	0.00958	0.00948	0.03046	0.01830	0.65765	0.02448	0.02149	0.01561	0.00781	0.00644	0.00193	0.00553	0.00634	0.00770	0.09480
22	0.01227	0.00614	0.00614	0.00614	0.00767	0.00614	0.00460	0.01534	0.01381	0.02454	0.02148	0.02454	0.01687	0.00767	0.00460	0.00153	0.00307	0.00614	0.80518	0.00614
23	0.01308	0.01267	0.02266	0.15193	0.07389	0.01311	0.24002	0.01755	0.04837	0.01919	0.02173	0.03270	0.07239	0.07817	0.01059	0.00273	0.04200	0.11555	0.00411	0.00755
24	0.00962	0.00718	0.00876	0.00830	0.00992	0.00682	0.00610	0.01324	0.06335	0.02396	0.52133	0.04870	0.13887	0.09277	0.01040	0.00255	0.00362	0.01162	0.00673	0.00617
25	0.01913	0.01524	0.01891	0.08626	0.18655	0.07117	0.01353	0.18110	0.05923	0.11012	0.04690	0.02118	0.03436	0.04327	0.02553	0.00244	0.04407	0.00660	0.00507	0.00934
26	0.81514	0.01273	0.00968	0.00866	0.01273	0.01477	0.00713	0.01935	0.01120	0.02954	0.00917	0.01069	0.00713	0.00611	0.00407	0.00204	0.00509	0.00356	0.00407	0.00713
27	0.01631	0.04180	0.02352	0.28688	0.28983	0.11849	0.04864	0.04020	0.01517	0.01930	0.01176	0.01592	0.00945	0.00645	0.00686	0.00202	0.02977	0.00564	0.00324	0.00873
28	0.81514	0.01273	0.00968	0.00866	0.01273	0.01477	0.00713	0.01935	0.01120	0.02954	0.00917	0.01069	0.00713	0.00611	0.00407	0.00204	0.00509	0.00356	0.00407	0.00713
29	0.07957	0.13616	0.05005	0.01228	0.01667	0.09908	0.01047	0.08919	0.01735	0.27137	0.02022	0.13440	0.01691	0.00930	0.00623	0.00199	0.00659	0.00739	0.00573	0.00906
30	0.01292	0.06035	0.01430	0.01366	0.06460	0.07799	0.03461	0.01694	0.10067	0.03966	0.02865	0.33980	0.06293	0.01592	0.04107	0.00272	0.00630	0.05444	0.00535	0.00713
31	0.02152	0.01812	0.01787	0.01476	0.01912	0.09486	0.01182	0.36977	0.27966	0.03301	0.01904	0.01856	0.01410	0.00826	0.00697	0.00207	0.02759	0.00630	0.00619	0.01043
32	0.01701	0.00883	0.01235	0.01095	0.01358	0.00901	0.00866	0.03918	0.01406	0.27022	0.02069	0.02518	0.01661	0.06866	0.42532	0.00709	0.01251	0.00699	0.00528	0.00783
33	0.01525	0.01486	0.03834	0.25511	0.30031	0.03507	0.03747	0.05903	0.05954	0.02087	0.01410	0.05073	0.01185	0.00742	0.00752	0.00214	0.05125	0.00653	0.00367	0.00895
34	0.00796	0.00597	0.00739	0.00852	0.00938	0.00540	0.00582	0.00924	0.01323	0.01706	0.04419	0.58207	0.22071	0.01960	0.00824	0.00256	0.00369	0.01746	0.00611	0.00540
35	0.01410	0.18412	0.59229	0.01724	0.02614	0.01748	0.02167	0.02062	0.01379	0.01976	0.01127	0.01322	0.00836	0.00613	0.00584	0.00195	0.00918	0.00459	0.00279	0.00947
36	0.00818	0.00585	0.00783	0.00935	0.00981	0.00549	0.00639	0.00945	0.01276	0.01699	0.03619	0.72084	0.04318	0.02047	0.00845	0.00270	0.00396	0.06060	0.00611	0.00539
37	0.01365	0.01170	0.01365	0.00975	0.01560	0.00878	0.00780	0.01658	0.01365	0.02145	0.01170	0.01365	0.00975	0.00488	0.00488	0.00098	0.00488	0.00390	0.00390	0.80888
38	0.00802	0.00573	0.00764	0.00917	0.00955	0.00535	0.00611	0.00917	0.01260	0.01681	0.03628	0.76434	0.04354	0.02062	0.00840	0.00267	0.00382	0.01872	0.00611	0.00535
39	0.01629	0.01564	0.02672	0.04041	0.72757	0.01564	0.02020	0.02020	0.01499	0.02151	0.01238	0.01629	0.01043	0.00587	0.00652	0.00196	0.00782	0.00587	0.00326	0.01043

[dist]
# distance from previous block
# <min> <max>
0	7

[block]
# block no. 3 follows, 33 sequences, length 6
# corresponding to MSA columns:
# 266-271
name=unknown_D
#
# <colnr> <probs for GDERKNQSTAVLIFYWHMCP>
#	G	D	E	R	K	N	Q	S	T	A	V	L	I	F	Y	W	H	M	C	P
0	0.72724	0.01201	0.00929	0.00838	0.01218	0.01382	0.00685	0.01891	0.01149	0.02899	0.01051	0.01221	0.00820	0.00628	0.00413	0.00198	0.00487	0.00385	0.09179	0.00702
1	0.01227	0.00614	0.00614	0.00614	0.00767	0.00614	0.00460	0.01534	0.01381	0.02454	0.02148	0.02454	0.01687	0.00767	0.00460	0.00153	0.00307	0.00614	0.80518	0.00614
2	0.81514	0.01273	0.00968	0.00866	0.01273	0.01477	0.00713	0.01935	0.01120	0.02954	0.00917	0.01069	0.00713	0.00611	0.00407	0.00204	0.00509	0.00356	0.00407	0.00713
3	0.01637	0.01414	0.01489	0.01340	0.01712	0.01637	0.01042	0.03498	0.71568	0.02754	0.02679	0.02456	0.02010	0.00893	0.00670	0.00223	0.00521	0.00744	0.00670	0.01042
4	0.01259	0.01163	0.01826	0.15526	0.34045	0.01179	0.01435	0.01589	0.01499	0.02005	0.08970	0.03266	0.21615	0.00970	0.00699	0.00208	0.00631	0.00865	0.00435	0.00813
5	0.01554	0.01776	0.03885	0.02775	0.03441	0.01665	0.70366	0.02109	0.01554	0.02109	0.01332	0.01776	0.00999	0.00555	0.00777	0.00222	0.01110	0.00777	0.00333	0.00888

[dist]
# distance from previous block
# <min> <max>
0	4

[block]
# block no. 4 follows, 33 sequences, length 35
# corresponding to MSA columns:
# 276-310
name=unknown_E
#
# <colnr> <probs for GDERKNQSTAVLIFYWHMCP>
#	G	D	E	R	K	N	Q	S	T	A	V	L	I	F	Y	W	H	M	C	P
0	0.12053	0.43232	0.04747	0.01355	0.03858	0.21702	0.01178	0.02149	0.01459	0.01777	0.00960	0.01120	0.00834	0.00603	0.00479	0.00160	0.00820	0.00383	0.00314	0.00816
1	0.01365	0.01170	0.01365	0.00975	0.01560	0.00878	0.00780	0.01658	0.01365	0.02145	0.01170	0.01365	0.00975	0.00488	0.00488	0.00098	0.00488	0.00390	0.00390	0.80888
2	0.01462	0.01531	0.02957	0.02207	0.02738	0.01478	0.46337	0.02170	0.13427	0.02165	0.01852	0.11559	0.01605	0.00805	0.00754	0.00222	0.00887	0.00896	0.00429	0.04521
3	0.01243	0.01170	0.01975	0.75282	0.04534	0.01463	0.01828	0.01682	0.01316	0.01682	0.01170	0.01755	0.00878	0.00658	0.00658	0.00219	0.00878	0.00585	0.00293	0.00731
4	0.00932	0.00673	0.00880	0.00828	0.00984	0.00621	0.00621	0.01242	0.01863	0.02640	0.72410	0.04918	0.06212	0.01346	0.00776	0.00207	0.00311	0.01191	0.00725	0.00621
5	0.00957	0.00638	0.00718	0.00718	0.00718	0.00638	0.00399	0.00957	0.00957	0.01276	0.02074	0.04308	0.02393	0.76864	0.03351	0.00638	0.00638	0.00957	0.00399	0.00399
6	0.01637	0.01414	0.01489	0.01340	0.01712	0.01637	0.01042	0.03498	0.71568	0.02754	0.02679	0.02456	0.02010	0.00893	0.00670	0.00223	0.00521	0.00744	0.00670	0.01042
7	0.02459	0.03138	0.01866	0.01696	0.02035	0.74221	0.01272	0.02629	0.01866	0.01611	0.01018	0.01187	0.00848	0.00678	0.00594	0.00170	0.01187	0.00424	0.00339	0.00763
8	0.02459	0.03138	0.01866	0.01696	0.02035	0.74221	0.01272	0.02629	0.01866	0.01611	0.01018	0.01187	0.00848	0.00678	0.00594	0.00170	0.01187	0.00424	0.00339	0.00763
9	0.00813	0.00668	0.00715	0.00703	0.00910	0.00571	0.00527	0.01012	0.01582	0.01973	0.21488	0.06016	0.57549	0.01595	0.00778	0.00219	0.00328	0.01345	0.00637	0.00571
10	0.00901	0.00672	0.00838	0.00796	0.00965	0.00608	0.00597	0.01183	0.01792	0.02469	0.59389	0.05198	0.19339	0.01410	0.00777	0.00210	0.00315	0.01230	0.00702	0.00608
11	0.00932	0.00673	0.00880	0.00828	0.00984	0.00621	0.00621	0.01242	0.01863	0.02640	0.72410	0.04918	0.06212	0.01346	0.00776	0.00207	0.00311	0.01191	0.00725	0.00621
12	0.01243	0.01170	0.01975	0.75282	0.04534	0.01463	0.01828	0.01682	0.01316	0.01682	0.01170	0.01755	0.00878	0.00658	0.00658	0.00219	0.00878	0.00585	0.00293	0.00731
13	0.00957	0.00638	0.00718	0.00718	0.00718	0.00638	0.00399	0.00957	0.00957	0.01276	0.02074	0.04308	0.02393	0.76864	0.03351	0.00638	0.00638	0.00957	0.00399	0.00399
14	0.01440	0.01440	0.02016	0.01728	0.01728	0.02016	0.01440	0.01584	0.01008	0.01584	0.00864	0.01440	0.00864	0.01152	0.02160	0.00288	0.75659	0.00576	0.00288	0.00720
15	0.01645	0.01175	0.01438	0.01114	0.04036	0.00917	0.00855	0.01934	0.01458	0.14245	0.01415	0.01523	0.01089	0.00547	0.00523	0.00119	0.00510	0.00443	0.00460	0.64555
16	0.44595	0.01639	0.01292	0.01122	0.01518	0.15596	0.00890	0.07661	0.03680	0.10856	0.01291	0.01459	0.00995	0.04152	0.00636	0.00217	0.00670	0.00463	0.00469	0.00798
17	0.00802	0.00573	0.00764	0.00917	0.00955	0.00535	0.00611	0.00917	0.01260	0.01681	0.03628	0.76434	0.04354	0.02062	0.00840	0.00267	0.00382	0.01872	0.00611	0.00535
18	0.01320	0.03405	0.73453	0.01876	0.02849	0.01529	0.02432	0.02085	0.01390	0.02085	0.01181	0.01390	0.00834	0.00625	0.00625	0.00208	0.00973	0.00486	0.00278	0.00973
19	0.01050	0.00754	0.01046	0.01192	0.01346	0.00750	0.01040	0.01348	0.01515	0.01963	0.03606	0.07385	0.06393	0.01813	0.00904	0.00300	0.00596	0.65789	0.00606	0.00604
20	0.01733	0.72657	0.07813	0.01173	0.01762	0.02538	0.01208	0.01978	0.01341	0.01582	0.00932	0.01077	0.00844	0.00567	0.00435	0.00145	0.00721	0.00360	0.00281	0.00853
21	0.81514	0.01273	0.00968	0.00866	0.01273	0.01477	0.00713	0.01935	0.01120	0.02954	0.00917	0.01069	0.00713	0.00611	0.00407	0.00204	0.00509	0.00356	0.00407	0.00713
22	0.01760	0.77260	0.03450	0.01126	0.01690	0.02605	0.01126	0.01971	0.01338	0.01549	0.00915	0.01056	0.00845	0.00563	0.00422	0.00141	0.00704	0.00352	0.00282	0.00845
23	0.01320	0.03405	0.73453	0.01876	0.02849	0.01529	0.02432	0.02085	0.01390	0.02085	0.01181	0.01390	0.00834	0.00625	0.00625	0.00208	0.00973	0.00486	0.00278	0.00973
24	0.00861	0.00670	0.00782	0.00754	0.00940	0.00591	0.00566	0.01106	0.01697	0.02245	0.42309	0.05567	0.36558	0.01493	0.00777	0.00214	0.00321	0.01282	0.00673	0.00591
25	0.00778	0.00667	0.00667	0.00667	0.00889	0.00556	0.00500	0.00945	0.01501	0.01778	0.06669	0.06336	0.72490	0.01667	0.00778	0.00222	0.00333	0.01389	0.00611	0.00556
26	0.01637	0.01414	0.01489	0.01340	0.01712	0.01637	0.01042	0.03498	0.71568	0.02754	0.02679	0.02456	0.02010	0.00893	0.00670	0.00223	0.00521	0.00744	0.00670	0.01042
27	0.00784	0.00667	0.00675	0.00673	0.00893	0.00558	0.00505	0.00957	0.01515	0.01812	0.09258	0.06280	0.69880	0.01655	0.00778	0.00222	0.00333	0.01382	0.00616	0.00558
28	0.00922	0.00673	0.00867	0.00818	0.00978	0.00617	0.00614	0.01224	0.01841	0.02587	0.68374	0.05005	0.10280	0.01366	0.00777	0.00208	0.00312	0.01203	0.00718	0.00617
29	0.01192	0.00618	0.00618	0.00618	0.00777	0.00609	0.00463	0.01487	0.01390	0.02401	0.02506	0.02762	0.07299	0.00838	0.00485	0.00159	0.00309	0.00675	0.74185	0.00609
30	0.01249	0.01347	0.07640	0.69464	0.04401	0.01468	0.01876	0.01714	0.01322	0.01714	0.01171	0.01726	0.00874	0.00656	0.00656	0.00219	0.00885	0.00577	0.00291	0.00750
31	0.01064	0.00796	0.01131	0.01094	0.01244	0.00919	0.00857	0.06675	0.01219	0.01736	0.01749	0.02507	0.01604	0.04609	0.68422	0.00990	0.01681	0.00696	0.00377	0.00630
32	0.01365	0.01170	0.01365	0.00975	0.01560	0.00878	0.00780	0.01658	0.01365	0.02145	0.01170	0.01365	0.00975	0.00488	0.00488	0.00098	0.00488	0.00390	0.00390	0.80888
33	0.01365	0.01170	0.01365	0.00975	0.01560	0.00878	0.00780	0.01658	0.01365	0.02145	0.01170	0.01365	0.00975	0.00488	0.00488	0.00098	0.00488	0.00390	0.00390	0.80888
34	0.01469	0.07199	0.01538	0.00996	0.01576	0.01019	0.00816	0.01753	0.01387	0.05342	0.01215	0.01381	0.00995	0.00508	0.00490	0.00106	0.00508	0.00399	0.00401	0.70902

[dist]
# distance from previous block
# <min> <max>
0	54

[block]
# block no. 5 follows, 33 sequences, length 45
# corresponding to MSA columns:
# 365-409
name=unknown_F
#
# <colnr> <probs for GDERKNQSTAVLIFYWHMCP>
#	G	D	E	R	K	N	Q	S	T	A	V	L	I	F	Y	W	H	M	C	P
0	0.01946	0.03768	0.01453	0.03922	0.01634	0.01081	0.00924	0.11293	0.03477	0.26997	0.04566	0.18542	0.02157	0.01038	0.00667	0.00198	0.00538	0.00881	0.00633	0.14283
1	0.01174	0.00902	0.01064	0.00872	0.01240	0.00729	0.00676	0.01434	0.01545	0.05634	0.20588	0.05847	0.19674	0.01053	0.00650	0.00166	0.00406	0.00892	0.00555	0.34898
2	0.01360	0.00870	0.01066	0.00982	0.01227	0.00818	0.00738	0.07539	0.04484	0.12558	0.17789	0.28500	0.10920	0.01420	0.00747	0.00221	0.00431	0.01241	0.00655	0.06435
3	0.01533	0.02310	0.34577	0.02095	0.11852	0.01451	0.10785	0.02118	0.03678	0.08252	0.01458	0.04581	0.01142	0.00715	0.00742	0.00208	0.05206	0.00615	0.00372	0.06311
4	0.01679	0.01236	0.01450	0.01057	0.01626	0.01013	0.00853	0.09214	0.01613	0.10971	0.01387	0.01494	0.01070	0.00560	0.00527	0.00121	0.00522	0.00445	0.00470	0.62693
5	0.01428	0.01127	0.01335	0.00984	0.01527	0.00860	0.00781	0.01706	0.01391	0.06610	0.01425	0.06452	0.01243	0.00614	0.00522	0.00116	0.00485	0.00507	0.00432	0.70456
6	0.00802	0.00573	0.00764	0.00917	0.00955	0.00535	0.00611	0.00917	0.01260	0.01681	0.03628	0.76434	0.04354	0.02062	0.00840	0.00267	0.00382	0.01872	0.00611	0.00535
7	0.03967	0.01552	0.02315	0.09582	0.45859	0.04423	0.01727	0.08658	0.01690	0.11742	0.01428	0.01685	0.01097	0.00647	0.00646	0.00198	0.00765	0.00585	0.00422	0.01013
8	0.70806	0.01276	0.01051	0.00910	0.01335	0.01437	0.00749	0.04104	0.01241	0.07669	0.01059	0.01175	0.00797	0.00626	0.00435	0.00199	0.00518	0.00385	0.00442	0.03785
9	0.01042	0.00793	0.00872	0.00840	0.00974	0.00799	0.00563	0.01412	0.12968	0.01684	0.03151	0.07143	0.16892	0.40518	0.04424	0.00462	0.00576	0.01020	0.00495	0.03373
10	0.01517	0.01667	0.03281	0.02437	0.02888	0.01778	0.48104	0.01939	0.01378	0.01939	0.01181	0.01667	0.00955	0.00748	0.01224	0.00243	0.25189	0.00712	0.00318	0.00834
11	0.00798	0.00670	0.00696	0.00711	0.00923	0.00569	0.00541	0.00972	0.01495	0.01788	0.06369	0.08396	0.65954	0.01689	0.00789	0.00229	0.00353	0.05890	0.00611	0.00559
12	0.00802	0.00573	0.00764	0.00917	0.00955	0.00535	0.00611	0.00917	0.01260	0.01681	0.03628	0.76434	0.04354	0.02062	0.00840	0.00267	0.00382	0.01872	0.00611	0.00535
13	0.00886	0.00629	0.00840	0.00979	0.01044	0.00604	0.00714	0.01041	0.01302	0.01723	0.03450	0.51296	0.04025	0.08711	0.01084	0.00310	0.00466	0.19763	0.00591	0.00542
14	0.00840	0.00703	0.00738	0.00739	0.00959	0.00616	0.00566	0.01092	0.04323	0.01879	0.09999	0.06174	0.61335	0.01628	0.00782	0.00227	0.00358	0.05839	0.00620	0.00582
15	0.00800	0.00666	0.00690	0.00685	0.00892	0.00565	0.00508	0.00975	0.01516	0.01845	0.13053	0.06117	0.63228	0.04479	0.00875	0.00237	0.00343	0.01353	0.00615	0.00556
16	0.01227	0.00614	0.00614	0.00614	0.00767	0.00614	0.00460	0.01534	0.01381	0.02454	0.02148	0.02454	0.01687	0.00767	0.00460	0.00153	0.00307	0.00614	0.80518	0.00614
17	0.17332	0.01168	0.01422	0.01126	0.01608	0.01106	0.00926	0.02993	0.06415	0.55552	0.02293	0.02039	0.01486	0.00783	0.00616	0.00205	0.00548	0.00611	0.00730	0.01040
18	0.00782	0.00651	0.00683	0.00709	0.00900	0.00552	0.00519	0.00940	0.01460	0.01762	0.06160	0.18078	0.61077	0.01733	0.00788	0.00230	0.00342	0.01470	0.00611	0.00552
19	0.00865	0.00618	0.00836	0.00988	0.01054	0.00589	0.00720	0.01025	0.01322	0.01751	0.03594	0.59683	0.04217	0.02003	0.00857	0.00276	0.00436	0.18003	0.00610	0.00552
20	0.00957	0.00638	0.00718	0.00718	0.00718	0.00638	0.00399	0.00957	0.00957	0.01276	0.02074	0.04308	0.02393	0.76864	0.03351	0.00638	0.00638	0.00957	0.00399	0.00399
21	0.00802	0.00573	0.00764	0.00917	0.00955	0.00535	0.00611	0.00917	0.01260	0.01681	0.03628	0.76434	0.04354	0.02062	0.00840	0.00267	0.00382	0.01872	0.00611	0.00535
22	0.02134	0.01661	0.01768	0.01440	0.01901	0.01869	0.01162	0.41999	0.32258	0.03555	0.02049	0.01953	0.01499	0.00834	0.00663	0.00209	0.00638	0.00657	0.00663	0.01087
23	0.00812	0.00580	0.00776	0.00928	0.00971	0.00544	0.00629	0.00934	0.01270	0.01692	0.03623	0.73706	0.04332	0.02053	0.00843	0.00269	0.00391	0.04499	0.00611	0.00538
24	0.00822	0.00588	0.00782	0.00903	0.00959	0.00548	0.00613	0.00966	0.01352	0.01827	0.14103	0.65543	0.04637	0.01953	0.00831	0.00258	0.00371	0.01768	0.00628	0.00548
25	0.00802	0.00573	0.00764	0.00917	0.00955	0.00535	0.00611	0.00917	0.01260	0.01681	0.03628	0.76434	0.04354	0.02062	0.00840	0.00267	0.00382	0.01872	0.00611	0.00535
26	0.00808	0.00586	0.00766	0.00907	0.00963	0.00543	0.00617	0.00933	0.01286	0.01697	0.03853	0.69005	0.09461	0.02025	0.00838	0.00265	0.00385	0.03912	0.00611	0.00539
27	0.81514	0.01273	0.00968	0.00866	0.01273	0.01477	0.00713	0.01935	0.01120	0.02954	0.00917	0.01069	0.00713	0.00611	0.00407	0.00204	0.00509	0.00356	0.00407	0.00713
28	0.00802	0.00573	0.00764	0.00917	0.00955	0.00535	0.00611	0.00917	0.01260	0.01681	0.03628	0.76434	0.04354	0.02062	0.00840	0.00267	0.00382	0.01872	0.00611	0.00535
29	0.69495	0.01250	0.01053	0.00912	0.01335	0.01399	0.00752	0.02130	0.01237	0.13702	0.01174	0.01249	0.00853	0.00642	0.00446	0.00204	0.00517	0.00403	0.00470	0.00775
30	0.01223	0.00663	0.00757	0.00719	0.00893	0.00636	0.00544	0.01528	0.01575	0.06503	0.26329	0.03289	0.03240	0.00969	0.00580	0.00175	0.00322	0.00815	0.48597	0.00645
31	0.02528	0.01803	0.01950	0.01495	0.02021	0.01981	0.01235	0.66769	0.03027	0.08038	0.01638	0.01618	0.01148	0.00792	0.00659	0.00198	0.00715	0.00597	0.00667	0.01120
32	0.00940	0.00705	0.01058	0.01058	0.01176	0.00823	0.00823	0.01176	0.01058	0.01528	0.01763	0.02586	0.01646	0.04937	0.74255	0.01058	0.01763	0.00705	0.00353	0.00588
33	0.00939	0.00696	0.00997	0.01052	0.01171	0.00754	0.00829	0.01169	0.01211	0.01661	0.02664	0.14272	0.06186	0.03668	0.43767	0.00735	0.01237	0.15948	0.00459	0.00583
34	0.01204	0.00622	0.00648	0.00662	0.00812	0.00621	0.00504	0.01504	0.01386	0.02399	0.02280	0.04984	0.01906	0.00875	0.00501	0.00167	0.00329	0.05135	0.72849	0.00611
35	0.00802	0.00573	0.00764	0.00917	0.00955	0.00535	0.00611	0.00917	0.01260	0.01681	0.03628	0.76434	0.04354	0.02062	0.00840	0.00267	0.00382	0.01872	0.00611	0.00535
36	0.01499	0.01421	0.02233	0.41932	0.29965	0.03915	0.01850	0.05719	0.01503	0.01995	0.01214	0.01679	0.00952	0.00639	0.00654	0.00208	0.00843	0.00581	0.00327	0.00871
37	0.06891	0.01384	0.01943	0.47188	0.07180	0.03919	0.01627	0.12277	0.01578	0.02159	0.01191	0.01633	0.00910	0.00711	0.00757	0.00218	0.06704	0.00565	0.00359	0.00806
38	0.01274	0.01218	0.02107	0.68712	0.06814	0.01478	0.05733	0.01718	0.01336	0.01722	0.01182	0.01752	0.00890	0.00650	0.00665	0.00219	0.00888	0.00596	0.00296	0.00751
39	0.01797	0.01733	0.01694	0.19880	0.02472	0.20408	0.01230	0.04344	0.09867	0.06877	0.01418	0.01612	0.01089	0.00660	0.00597	0.00172	0.00785	0.00514	0.00423	0.22429
40	0.00957	0.00676	0.00833	0.00835	0.01002	0.00608	0.00624	0.01184	0.01620	0.05226	0.32654	0.19322	0.24980	0.01584	0.00792	0.00229	0.00359	0.05241	0.00666	0.00606
41	0.01565	0.01311	0.01832	0.15855	0.04647	0.01260	0.07775	0.06637	0.09655	0.06259	0.01471	0.01679	0.01127	0.00616	0.00596	0.00164	0.00657	0.00541	0.00438	0.35915
42	0.01181	0.00732	0.00948	0.00868	0.01075	0.00663	0.00666	0.01470	0.01821	0.11616	0.55000	0.04784	0.12057	0.01323	0.00766	0.00211	0.00353	0.03067	0.00722	0.00679
43	0.00917	0.00717	0.00851	0.00792	0.01008	0.00621	0.00595	0.01168	0.01662	0.02253	0.39657	0.08151	0.28354	0.01401	0.00751	0.00204	0.00339	0.01208	0.00647	0.08706
44	0.01274	0.01211	0.01909	0.48356	0.03460	0.01568	0.01633	0.01606	0.01216	0.01649	0.01203	0.04929	0.01046	0.00983	0.03141	0.00265	0.22888	0.00642	0.00307	0.00716

[dist]
# distance from previous block
# <min> <max>
13	44

[block]
# block no. 6 follows, 33 sequences, length 10
# corresponding to MSA columns:
# 458-467
name=unknown_G
#
# <colnr> <probs for GDERKNQSTAVLIFYWHMCP>
#	G	D	E	R	K	N	Q	S	T	A	V	L	I	F	Y	W	H	M	C	P
0	0.56706	0.09689	0.06940	0.01061	0.01537	0.04411	0.00959	0.08146	0.01370	0.02793	0.01000	0.01143	0.00778	0.00626	0.00455	0.00195	0.00611	0.00390	0.00404	0.00786
1	0.00918	0.00648	0.00830	0.00868	0.00954	0.00618	0.00614	0.01101	0.01446	0.01981	0.29516	0.23873	0.04524	0.19948	0.01434	0.00338	0.00442	0.08804	0.00602	0.00543
2	0.01629	0.01564	0.02672	0.04041	0.72757	0.01564	0.02020	0.02020	0.01499	0.02151	0.01238	0.01629	0.01043	0.00587	0.00652	0.00196	0.00782	0.00587	0.00326	0.01043
3	0.00799	0.00668	0.00696	0.00689	0.00902	0.00565	0.00517	0.00985	0.01550	0.01896	0.15619	0.06143	0.63467	0.01624	0.00778	0.00220	0.00330	0.01362	0.00627	0.00565
4	0.01759	0.01158	0.01405	0.01024	0.01590	0.00900	0.00827	0.02042	0.01494	0.19750	0.01524	0.01582	0.01137	0.00569	0.00531	0.00124	0.00506	0.00457	0.00495	0.61129
5	0.01265	0.01170	0.01868	0.62251	0.04013	0.01360	0.01644	0.01678	0.01325	0.01763	0.01170	0.01687	0.00895	0.00628	0.00628	0.00198	0.00809	0.00551	0.00310	0.14788
6	0.02203	0.01012	0.01317	0.01039	0.01476	0.00860	0.00840	0.02462	0.01769	0.45379	0.13241	0.02958	0.09804	0.00941	0.00668	0.00192	0.00489	0.00782	0.00722	0.11845
7	0.09967	0.01312	0.01792	0.06221	0.01845	0.01665	0.04771	0.04258	0.04008	0.02060	0.10828	0.02132	0.01724	0.01055	0.01467	0.00255	0.40850	0.02650	0.00401	0.00739
8	0.10437	0.01025	0.01238	0.01037	0.01407	0.00975	0.00823	0.02341	0.09500	0.29780	0.21086	0.06588	0.02891	0.00983	0.00662	0.00202	0.00469	0.00821	0.00688	0.07047
9	0.03884	0.01148	0.01493	0.01191	0.01625	0.01061	0.04789	0.06679	0.09206	0.25907	0.09657	0.09538	0.02195	0.00911	0.00655	0.00190	0.00537	0.00782	0.00632	0.17918

[dist]
# distance from previous block
# <min> <max>
5	23

[block]
# block no. 7 follows, 33 sequences, length 11
# corresponding to MSA columns:
# 492-502
name=unknown_H
#
# <colnr> <probs for GDERKNQSTAVLIFYWHMCP>
#	G	D	E	R	K	N	Q	S	T	A	V	L	I	F	Y	W	H	M	C	P
0	0.01975	0.48820	0.02771	0.01188	0.01685	0.02092	0.01104	0.02194	0.01429	0.17619	0.01300	0.01375	0.01029	0.00674	0.00651	0.00167	0.08063	0.00445	0.00407	0.05012
1	0.01493	0.01225	0.01337	0.01241	0.01536	0.01374	0.00944	0.09411	0.45456	0.02596	0.02832	0.22729	0.02567	0.01205	0.00716	0.00233	0.00503	0.01040	0.00653	0.00910
2	0.00793	0.00609	0.00727	0.00821	0.00930	0.00543	0.00568	0.00927	0.01353	0.01718	0.04797	0.49503	0.30531	0.01911	0.00816	0.00250	0.00363	0.01686	0.00611	0.00543
3	0.01365	0.01170	0.01365	0.00975	0.01560	0.00878	0.00780	0.01658	0.01365	0.02145	0.01170	0.01365	0.00975	0.00488	0.00488	0.00098	0.00488	0.00390	0.00390	0.80888
4	0.02503	0.01844	0.01976	0.01515	0.02042	0.02042	0.01251	0.70562	0.03095	0.04149	0.01581	0.01581	0.01120	0.00790	0.00659	0.00198	0.00724	0.00593	0.00659	0.01120
5	0.01760	0.77260	0.03450	0.01126	0.01690	0.02605	0.01126	0.01971	0.01338	0.01549	0.00915	0.01056	0.00845	0.00563	0.00422	0.00141	0.00704	0.00352	0.00282	0.00845
6	0.00940	0.00705	0.01058	0.01058	0.01176	0.00823	0.00823	0.01176	0.01058	0.01528	0.01763	0.02586	0.01646	0.04937	0.74255	0.01058	0.01763	0.00705	0.00353	0.00588
7	0.01365	0.01170	0.01365	0.00975	0.01560	0.00878	0.00780	0.01658	0.01365	0.02145	0.01170	0.01365	0.00975	0.00488	0.00488	0.00098	0.00488	0.00390	0.00390	0.80888
8	0.02503	0.01844	0.01976	0.01515	0.02042	0.02042	0.01251	0.70562	0.03095	0.04149	0.01581	0.01581	0.01120	0.00790	0.00659	0.00198	0.00724	0.00593	0.00659	0.01120
9	0.01320	0.03405	0.73453	0.01876	0.02849	0.01529	0.02432	0.02085	0.01390	0.02085	0.01181	0.01390	0.00834	0.00625	0.00625	0.00208	0.00973	0.00486	0.00278	0.00973
10	0.02398	0.01792	0.01917	0.01494	0.02002	0.01993	0.01226	0.62477	0.11350	0.03981	0.01713	0.01686	0.01227	0.00803	0.00660	0.00201	0.00700	0.00611	0.00660	0.01110

[dist]
# distance from previous block
# <min> <max>
20	94

[block]
# block no. 8 follows, 33 sequences, length 18
# corresponding to MSA columns:
# 619-636
name=unknown_I
#
# <colnr> <probs for GDERKNQSTAVLIFYWHMCP>
#	G	D	E	R	K	N	Q	S	T	A	V	L	I	F	Y	W	H	M	C	P
0	0.05506	0.01370	0.05715	0.01619	0.13571	0.01158	0.01154	0.05166	0.01575	0.16579	0.05523	0.01788	0.01399	0.00672	0.00643	0.00165	0.03475	0.00544	0.00487	0.31891
1	0.05033	0.06815	0.04457	0.01134	0.03485	0.01077	0.00935	0.04962	0.01559	0.15300	0.02514	0.05598	0.12068	0.00918	0.00618	0.00177	0.00539	0.05786	0.00525	0.26500
2	0.05037	0.02360	0.33532	0.01601	0.02337	0.01523	0.05136	0.19052	0.01822	0.04997	0.01322	0.01467	0.00960	0.00643	0.00608	0.00186	0.00796	0.00510	0.00419	0.15691
3	0.01365	0.01170	0.01365	0.00975	0.01560	0.00878	0.00780	0.01658	0.01365	0.02145	0.01170	0.01365	0.00975	0.00488	0.00488	0.00098	0.00488	0.00390	0.00390	0.80888
4	0.01793	0.01525	0.02626	0.03567	0.57852	0.01496	0.07580	0.02180	0.01553	0.11275	0.01421	0.01720	0.01115	0.00613	0.00663	0.00199	0.00781	0.00612	0.00389	0.01040
5	0.00957	0.00638	0.00718	0.00718	0.00718	0.00638	0.00399	0.00957	0.00957	0.01276	0.02074	0.04308	0.02393	0.76864	0.03351	0.00638	0.00638	0.00957	0.00399	0.00399
6	0.01760	0.77260	0.03450	0.01126	0.01690	0.02605	0.01126	0.01971	0.01338	0.01549	0.00915	0.01056	0.00845	0.00563	0.00422	0.00141	0.00704	0.00352	0.00282	0.00845
7	0.00918	0.00672	0.00861	0.00814	0.00975	0.00615	0.00611	0.01216	0.01832	0.02565	0.66666	0.05041	0.12002	0.01374	0.00777	0.00208	0.00313	0.01208	0.00715	0.00615
8	0.01609	0.01810	0.08541	0.11802	0.03263	0.01696	0.43813	0.10651	0.01674	0.02280	0.01305	0.01700	0.00978	0.00637	0.00814	0.00221	0.05252	0.00696	0.00362	0.00894
9	0.00956	0.00689	0.00914	0.00900	0.01055	0.00647	0.00704	0.01265	0.01798	0.02514	0.59494	0.05388	0.05758	0.01434	0.00801	0.00225	0.00366	0.13771	0.00702	0.00618
10	0.01285	0.01213	0.02050	0.67544	0.11944	0.01474	0.01849	0.01719	0.01336	0.01733	0.01178	0.01741	0.00896	0.00650	0.00657	0.00217	0.00867	0.00585	0.00296	0.00765
11	0.00932	0.00673	0.00880	0.00828	0.00984	0.00621	0.00621	0.01242	0.01863	0.02640	0.72410	0.04918	0.06212	0.01346	0.00776	0.00207	0.00311	0.01191	0.00725	0.00621
12	0.01620	0.01591	0.02828	0.03878	0.63853	0.01577	0.10800	0.02032	0.01506	0.02145	0.01250	0.01648	0.01037	0.00583	0.00668	0.00199	0.00824	0.00611	0.00327	0.01023
13	0.01391	0.01346	0.02335	0.46219	0.20620	0.01519	0.09645	0.01903	0.04925	0.01897	0.01281	0.01763	0.00988	0.00641	0.00671	0.00214	0.00863	0.00615	0.00324	0.00839
14	0.02328	0.01272	0.01595	0.06795	0.01921	0.01226	0.01049	0.16049	0.05953	0.36155	0.04987	0.02061	0.01583	0.00774	0.00639	0.00188	0.00592	0.00627	0.00666	0.13540
15	0.01556	0.01164	0.01385	0.00999	0.01575	0.00888	0.00803	0.01844	0.01427	0.10685	0.01342	0.01470	0.01054	0.00527	0.00509	0.00110	0.00496	0.00423	0.00441	0.71304
16	0.01774	0.01187	0.01423	0.01056	0.01599	0.00972	0.00850	0.07164	0.01604	0.17723	0.01607	0.04504	0.01260	0.00643	0.00552	0.00135	0.00517	0.00522	0.00511	0.54396
17	0.01507	0.01258	0.01440	0.01055	0.01622	0.01049	0.00847	0.09412	0.05446	0.02401	0.01299	0.01449	0.01048	0.00544	0.00517	0.00116	0.00516	0.00432	0.00435	0.67607

[dist]
# distance from previous block
# <min> <max>
14	46

[block]
# block no. 9 follows, 33 sequences, length 7
# corresponding to MSA columns:
# 683-689
name=unknown_J
#
# <colnr> <probs for GDERKNQSTAVLIFYWHMCP>
#	G	D	E	R	K	N	Q	S	T	A	V	L	I	F	Y	W	H	M	C	P
0	0.01971	0.05855	0.02120	0.11603	0.02413	0.01852	0.08098	0.33113	0.20450	0.03103	0.01749	0.01822	0.01291	0.00763	0.00660	0.00206	0.00729	0.00636	0.00558	0.01008
1	0.01640	0.01406	0.01563	0.01374	0.01695	0.01657	0.01087	0.08983	0.51321	0.02710	0.06970	0.02405	0.02055	0.00949	0.00879	0.00229	0.10742	0.00738	0.00621	0.00977
2	0.00912	0.00763	0.00823	0.00817	0.01033	0.00724	0.00613	0.01310	0.10966	0.01879	0.05395	0.12405	0.49946	0.01889	0.07229	0.00300	0.00489	0.01289	0.00597	0.00623
3	0.00909	0.00651	0.00879	0.00983	0.01082	0.00621	0.00746	0.01125	0.01477	0.01991	0.19736	0.39282	0.04623	0.01822	0.00846	0.00264	0.00431	0.21319	0.00636	0.00576
4	0.01320	0.03405	0.73453	0.01876	0.02849	0.01529	0.02432	0.02085	0.01390	0.02085	0.01181	0.01390	0.00834	0.00625	0.00625	0.00208	0.00973	0.00486	0.00278	0.00973
5	0.04478	0.02387	0.36910	0.14842	0.05868	0.01542	0.06876	0.07619	0.05079	0.06194	0.01369	0.01596	0.00984	0.00661	0.00642	0.00210	0.00875	0.00555	0.00371	0.00941
6	0.01527	0.01827	0.15971	0.07342	0.07254	0.01603	0.18768	0.05792	0.03414	0.05070	0.01335	0.01725	0.01056	0.01137	0.07768	0.00306	0.16244	0.00632	0.00360	0.00868

[dist]
