[name]
unknown

[dist]
# distance from previous block
# <min> <max>
0	74

[block]
# block no. 0 follows, 33 sequences, length 40
# corresponding to MSA columns:
# 75-114
name=unknown_A
#
# <colnr> <probs for GDERKNQSTAVLIFYWHMCP>
#	G	D	E	R	K	N	Q	S	T	A	V	L	I	F	Y	W	H	M	C	P
0	0.01346	0.00851	0.01212	0.01362	0.05328	0.00830	0.01101	0.01647	0.01564	0.11529	0.03243	0.06413	0.03349	0.01616	0.00862	0.00284	0.00610	0.55536	0.00619	0.00699
1	0.01675	0.01467	0.01832	0.01541	0.01955	0.01631	0.10355	0.09462	0.51937	0.02755	0.02440	0.02556	0.01889	0.00889	0.00696	0.00225	0.00624	0.04446	0.00620	0.01005
2	0.01718	0.01475	0.01693	0.01718	0.11266	0.01666	0.01193	0.09640	0.55703	0.02805	0.02382	0.02263	0.01796	0.00842	0.00666	0.00217	0.00575	0.00709	0.00623	0.01049
3	0.02297	0.01768	0.02066	0.01942	0.14301	0.01933	0.01372	0.54462	0.07104	0.03715	0.01590	0.01644	0.01162	0.00761	0.00658	0.00199	0.00722	0.00601	0.00602	0.01101
4	0.02136	0.01586	0.01780	0.06024	0.02019	0.01746	0.01193	0.53234	0.02734	0.03675	0.11151	0.02353	0.01931	0.00912	0.00688	0.00206	0.00672	0.04318	0.00642	0.01001
5	0.01320	0.03405	0.73453	0.01876	0.02849	0.01529	0.02432	0.02085	0.01390	0.02085	0.01181	0.01390	0.00834	0.00625	0.00625	0.00208	0.00973	0.00486	0.00278	0.00973
6	0.01739	0.73664	0.06858	0.01163	0.01746	0.02553	0.01190	0.01977	0.01340	0.01575	0.00928	0.01072	0.00844	0.00566	0.00432	0.00144	0.00717	0.00359	0.00281	0.00851
7	0.00924	0.00673	0.00870	0.00820	0.00979	0.00618	0.00615	0.01228	0.01846	0.02598	0.69209	0.04987	0.09439	0.01362	0.00777	0.00208	0.00312	0.01200	0.00719	0.00618
8	0.00813	0.00580	0.00776	0.00929	0.00972	0.00544	0.00630	0.00935	0.01271	0.01692	0.03623	0.73603	0.04331	0.02052	0.00843	0.00269	0.00391	0.04598	0.00611	0.00538
9	0.00859	0.00614	0.00829	0.00982	0.01045	0.00584	0.00710	0.01015	0.01316	0.01744	0.03597	0.61275	0.04230	0.02009	0.00855	0.00275	0.00431	0.16469	0.00610	0.00550
10	0.01630	0.01781	0.03731	0.02673	0.03328	0.01695	0.64808	0.07614	0.01678	0.02273	0.01352	0.01760	0.01009	0.00574	0.00767	0.00220	0.01079	0.00762	0.00359	0.00907
11	0.00924	0.00686	0.00870	0.00862	0.01030	0.00632	0.00672	0.01206	0.01735	0.02361	0.48070	0.05616	0.18564	0.01488	0.00799	0.00226	0.00365	0.12606	0.00683	0.00606
12	0.36867	0.01569	0.01338	0.01095	0.01561	0.11174	0.00879	0.10984	0.01553	0.02692	0.01092	0.01240	0.00862	0.00607	0.00489	0.00167	0.00623	0.00407	0.00426	0.24375
13	0.01437	0.02087	0.21846	0.02247	0.02840	0.01648	0.35657	0.01953	0.01381	0.01973	0.01228	0.01655	0.00965	0.00925	0.05021	0.00277	0.15026	0.00658	0.00311	0.00863
14	0.00932	0.00673	0.00880	0.00828	0.00984	0.00621	0.00621	0.01242	0.01863	0.02640	0.72410	0.04918	0.06212	0.01346	0.00776	0.00207	0.00311	0.01191	0.00725	0.00621
15	0.01243	0.01170	0.01975	0.75282	0.04534	0.01463	0.01828	0.01682	0.01316	0.01682	0.01170	0.01755	0.00878	0.00658	0.00658	0.00219	0.00878	0.00585	0.00293	0.00731
16	0.00942	0.00699	0.01028	0.01028	0.01135	0.00807	0.00785	0.01156	0.01049	0.01506	0.01791	0.02739	0.01712	0.11298	0.67984	0.01021	0.01664	0.00728	0.00357	0.00571
17	0.01629	0.01564	0.02672	0.04041	0.72757	0.01564	0.02020	0.02020	0.01499	0.02151	0.01238	0.01629	0.01043	0.00587	0.00652	0.00196	0.00782	0.00587	0.00326	0.01043
18	0.01629	0.01564	0.02672	0.04041	0.72757	0.01564	0.02020	0.02020	0.01499	0.02151	0.01238	0.01629	0.01043	0.00587	0.00652	0.00196	0.00782	0.00587	0.00326	0.01043
19	0.66299	0.01383	0.01162	0.00991	0.01421	0.01586	0.00817	0.15150	0.01501	0.03184	0.01045	0.01168	0.00791	0.00646	0.00456	0.00203	0.00551	0.00402	0.00456	0.00791
20	0.01760	0.77260	0.03450	0.01126	0.01690	0.02605	0.01126	0.01971	0.01338	0.01549	0.00915	0.01056	0.00845	0.00563	0.00422	0.00141	0.00704	0.00352	0.00282	0.00845
21	0.81514	0.01273	0.00968	0.00866	0.01273	0.01477	0.00713	0.01935	0.01120	0.02954	0.00917	0.01069	0.00713	0.00611	0.00407	0.00204	0.00509	0.00356	0.00407	0.00713
22	0.01684	0.01437	0.01515	0.01349	0.01730	0.01659	0.01053	0.07108	0.67882	0.02829	0.02620	0.02409	0.01962	0.00888	0.00669	0.00222	0.00532	0.00736	0.00669	0.01046
23	0.00802	0.00573	0.00764	0.00917	0.00955	0.00535	0.00611	0.00917	0.01260	0.01681	0.03628	0.76434	0.04354	0.02062	0.00840	0.00267	0.00382	0.01872	0.00611	0.00535
24	0.00944	0.00693	0.00997	0.00997	0.01093	0.00790	0.00747	0.01136	0.01040	0.01483	0.01819	0.02896	0.01780	0.17894	0.61483	0.00982	0.01561	0.00751	0.00361	0.00554
25	0.00989	0.00676	0.00854	0.00836	0.00999	0.00611	0.00616	0.01232	0.01679	0.06170	0.43022	0.19325	0.17485	0.01518	0.00783	0.00222	0.00343	0.01333	0.00687	0.00620
26	0.01061	0.00758	0.01061	0.01212	0.01364	0.00758	0.01061	0.01364	0.01515	0.01970	0.03486	0.07426	0.03789	0.01819	0.00909	0.00303	0.00606	0.68326	0.00606	0.00606
27	0.02238	0.14760	0.02232	0.01912	0.11459	0.50140	0.01348	0.05133	0.01781	0.01774	0.01053	0.01241	0.00884	0.00652	0.00577	0.00170	0.01037	0.00441	0.00341	0.00828
28	0.01444	0.02919	0.53752	0.02064	0.02944	0.01539	0.18728	0.02137	0.01450	0.05009	0.01276	0.01518	0.00906	0.00616	0.00663	0.00212	0.00989	0.00564	0.00313	0.00959
29	0.01243	0.01170	0.01975	0.75282	0.04534	0.01463	0.01828	0.01682	0.01316	0.01682	0.01170	0.01755	0.00878	0.00658	0.00658	0.00219	0.00878	0.00585	0.00293	0.00731
30	0.00815	0.00620	0.00750	0.00820	0.00938	0.00555	0.00576	0.00977	0.01435	0.01864	0.15469	0.41970	0.27197	0.01819	0.00810	0.00243	0.00355	0.01605	0.00629	0.00555
31	0.02498	0.01022	0.01368	0.01083	0.01520	0.00886	0.00882	0.02753	0.01849	0.57705	0.12299	0.02946	0.08244	0.00958	0.00687	0.00206	0.00508	0.00794	0.00786	0.01006
32	0.01119	0.00581	0.00839	0.00839	0.00839	0.00581	0.00549	0.00871	0.00871	0.01161	0.01268	0.02310	0.01311	0.12283	0.02677	0.70095	0.00581	0.00623	0.00301	0.00301
33	0.00980	0.00732	0.00949	0.01057	0.01229	0.00700	0.00902	0.01245	0.01511	0.01916	0.04390	0.07116	0.23310	0.01776	0.00872	0.00280	0.00529	0.49306	0.00608	0.00592
34	0.01317	0.00732	0.00987	0.01006	0.01174	0.00676	0.00758	0.01513	0.01495	0.16885	0.11027	0.39290	0.03843	0.03551	0.00870	0.00263	0.00456	0.12819	0.00661	0.00676
35	0.01435	0.22728	0.55138	0.01680	0.02546	0.01810	0.02091	0.02055	0.01376	0.01945	0.01112	0.01303	0.00837	0.00609	0.00572	0.00191	0.00903	0.00451	0.00279	0.00939
36	0.06580	0.02667	0.01849	0.01657	0.01927	0.54546	0.01278	0.02364	0.01638	0.01679	0.00979	0.01236	0.00844	0.00778	0.00924	0.00197	0.17322	0.00453	0.00332	0.00751
37	0.01362	0.01291	0.02189	0.53363	0.25524	0.01494	0.01887	0.01786	0.01373	0.01826	0.01191	0.01716	0.00928	0.00636	0.00656	0.00212	0.00848	0.00586	0.00303	0.00827
38	0.01760	0.77260	0.03450	0.01126	0.01690	0.02605	0.01126	0.01971	0.01338	0.01549	0.00915	0.01056	0.00845	0.00563	0.00422	0.00141	0.00704	0.00352	0.00282	0.00845
39	0.01610	0.01574	0.06574	0.01471	0.01903	0.01632	0.05681	0.03310	0.62172	0.02666	0.02489	0.02339	0.01863	0.00853	0.00674	0.00222	0.00591	0.00729	0.00621	0.01027

[dist]
# distance from previous block
# <min> <max>
0	13

[block]
# block no. 1 follows, 33 sequences, length 19
# corresponding to MSA columns:
# 128-146
name=unknown_B
#
# <colnr> <probs for GDERKNQSTAVLIFYWHMCP>
#	G	D	E	R	K	N	Q	S	T	A	V	L	I	F	Y	W	H	M	C	P
0	0.01629	0.01564	0.02672	0.04041	0.72757	0.01564	0.02020	0.02020	0.01499	0.02151	0.01238	0.01629	0.01043	0.00587	0.00652	0.00196	0.00782	0.00587	0.00326	0.01043
1	0.00778	0.00667	0.00667	0.00667	0.00889	0.00556	0.00500	0.00945	0.01501	0.01778	0.06669	0.06336	0.72490	0.01667	0.00778	0.00222	0.00333	0.01389	0.00611	0.00556
2	0.02503	0.01844	0.01976	0.01515	0.02042	0.02042	0.01251	0.70562	0.03095	0.04149	0.01581	0.01581	0.01120	0.00790	0.00659	0.00198	0.00724	0.00593	0.00659	0.01120
3	0.01365	0.01170	0.01365	0.00975	0.01560	0.00878	0.00780	0.01658	0.01365	0.02145	0.01170	0.01365	0.00975	0.00488	0.00488	0.00098	0.00488	0.00390	0.00390	0.80888
4	0.01440	0.11464	0.55489	0.01667	0.02502	0.01547	0.02054	0.02075	0.01451	0.06398	0.06747	0.01677	0.01300	0.00686	0.00616	0.00200	0.00866	0.00536	0.00346	0.00940
5	0.81514	0.01273	0.00968	0.00866	0.01273	0.01477	0.00713	0.01935	0.01120	0.02954	0.00917	0.01069	0.00713	0.00611	0.00407	0.00204	0.00509	0.00356	0.00407	0.00713
6	0.01629	0.01564	0.02672	0.04041	0.72757	0.01564	0.02020	0.02020	0.01499	0.02151	0.01238	0.01629	0.01043	0.00587	0.00652	0.00196	0.00782	0.00587	0.00326	0.01043
7	0.01902	0.01313	0.01525	0.01145	0.01679	0.01189	0.00928	0.18545	0.04262	0.14761	0.04314	0.01740	0.01358	0.00663	0.00576	0.00148	0.00551	0.00528	0.00549	0.42324
8	0.01629	0.01564	0.02672	0.04041	0.72757	0.01564	0.02020	0.02020	0.01499	0.02151	0.01238	0.01629	0.01043	0.00587	0.00652	0.00196	0.00782	0.00587	0.00326	0.01043
9	0.00838	0.00669	0.00751	0.00730	0.00926	0.00581	0.00548	0.01062	0.01643	0.02117	0.32506	0.05778	0.46442	0.01541	0.00777	0.00216	0.00324	0.01311	0.00656	0.00581
10	0.01554	0.01776	0.03885	0.02775	0.03441	0.01665	0.70366	0.02109	0.01554	0.02109	0.01332	0.01776	0.00999	0.00555	0.00777	0.00222	0.01110	0.00777	0.00333	0.00888
11	0.00802	0.00573	0.00764	0.00917	0.00955	0.00535	0.00611	0.00917	0.01260	0.01681	0.03628	0.76434	0.04354	0.02062	0.00840	0.00267	0.00382	0.01872	0.00611	0.00535
12	0.01554	0.01776	0.03885	0.02775	0.03441	0.01665	0.70366	0.02109	0.01554	0.02109	0.01332	0.01776	0.00999	0.00555	0.00777	0.00222	0.01110	0.00777	0.00333	0.00888
13	0.00920	0.00663	0.00872	0.00856	0.00996	0.00615	0.00638	0.01205	0.01770	0.02486	0.60528	0.14402	0.05867	0.01459	0.00790	0.00219	0.00332	0.04067	0.00705	0.00609
14	0.00946	0.00670	0.00867	0.00818	0.00973	0.00621	0.00613	0.01257	0.01840	0.02631	0.68940	0.04796	0.05988	0.01317	0.00761	0.00204	0.00310	0.01162	0.04666	0.00621
15	0.00802	0.00573	0.00764	0.00917	0.00955	0.00535	0.00611	0.00917	0.01260	0.01681	0.03628	0.76434	0.04354	0.02062	0.00840	0.00267	0.00382	0.01872	0.00611	0.00535
16	0.01496	0.01544	0.02143	0.01802	0.01865	0.05378	0.06373	0.01671	0.01088	0.01623	0.00905	0.01452	0.00873	0.01087	0.01988	0.00278	0.66821	0.00583	0.00294	0.00734
17	0.01870	0.65616	0.03201	0.01216	0.01744	0.13855	0.01149	0.02075	0.01421	0.01559	0.00931	0.01077	0.00845	0.00581	0.00449	0.00145	0.00780	0.00363	0.00291	0.00832
18	0.75734	0.01409	0.01033	0.00926	0.01329	0.06795	0.00754	0.01986	0.01175	0.02856	0.00924	0.01078	0.00723	0.00616	0.00421	0.00201	0.00559	0.00361	0.00402	0.00717

[dist]
# distance from previous block
# <min> <max>
0	2

[block]
# block no. 2 follows, 33 sequences, length 34
# corresponding to MSA columns:
# 149-182
name=unknown_C
#
# <colnr> <probs for GDERKNQSTAVLIFYWHMCP>
#	G	D	E	R	K	N	Q	S	T	A	V	L	I	F	Y	W	H	M	C	P
0	0.02195	0.01671	0.01663	0.01369	0.01799	0.08943	0.01096	0.32103	0.21498	0.10644	0.01983	0.01929	0.01441	0.00808	0.00638	0.00199	0.00661	0.00627	0.07718	0.01018
1	0.02503	0.01844	0.01976	0.01515	0.02042	0.02042	0.01251	0.70562	0.03095	0.04149	0.01581	0.01581	0.01120	0.00790	0.00659	0.00198	0.00724	0.00593	0.00659	0.01120
2	0.01611	0.01391	0.01463	0.01319	0.01686	0.01604	0.01025	0.03419	0.69397	0.02724	0.02803	0.02576	0.04193	0.00917	0.00673	0.00223	0.00515	0.00764	0.00668	0.01027
3	0.00957	0.00638	0.00718	0.00718	0.00718	0.00638	0.00399	0.00957	0.00957	0.01276	0.02074	0.04308	0.02393	0.76864	0.03351	0.00638	0.00638	0.00957	0.00399	0.00399
4	0.01453	0.01477	0.02221	0.01843	0.01916	0.01978	0.08975	0.01642	0.01068	0.01642	0.00915	0.01477	0.00879	0.01087	0.02009	0.00281	0.67510	0.00598	0.00293	0.00738
5	0.00957	0.00638	0.00718	0.00718	0.00718	0.00638	0.00399	0.00957	0.00957	0.01276	0.02074	0.04308	0.02393	0.76864	0.03351	0.00638	0.00638	0.00957	0.00399	0.00399
6	0.01002	0.00755	0.00936	0.00876	0.01059	0.00731	0.00661	0.01477	0.09607	0.02604	0.60907	0.04724	0.09509	0.01314	0.00765	0.00210	0.00335	0.01152	0.00712	0.00664
7	0.02462	0.03044	0.01874	0.01683	0.02036	0.68984	0.01270	0.07558	0.01955	0.01795	0.01058	0.01216	0.00868	0.00687	0.00598	0.00172	0.01154	0.00436	0.00362	0.00789
8	0.01356	0.01259	0.02028	0.41562	0.22455	0.01368	0.01672	0.01754	0.01393	0.01917	0.03771	0.01774	0.01131	0.00637	0.00634	0.00193	0.00770	0.00577	0.00333	0.13416
9	0.01949	0.03772	0.01926	0.01689	0.04507	0.34509	0.10529	0.03665	0.01691	0.08119	0.01834	0.16992	0.01766	0.00991	0.00685	0.00205	0.00901	0.03039	0.00450	0.00780
10	0.81514	0.01273	0.00968	0.00866	0.01273	0.01477	0.00713	0.01935	0.01120	0.02954	0.00917	0.01069	0.00713	0.00611	0.00407	0.00204	0.00509	0.00356	0.00407	0.00713
11	0.01565	0.01385	0.02241	0.01720	0.02203	0.01340	0.25506	0.05651	0.17058	0.06546	0.04522	0.10305	0.01824	0.00842	0.00699	0.00204	0.00713	0.00826	0.00507	0.14346
12	0.04566	0.06727	0.27842	0.01938	0.02670	0.01534	0.24769	0.03745	0.01528	0.10631	0.01384	0.01592	0.00997	0.00614	0.00651	0.00200	0.00896	0.00588	0.00382	0.06746
13	0.05377	0.01230	0.01570	0.01236	0.01685	0.03704	0.01018	0.02982	0.01770	0.61142	0.02311	0.02084	0.01495	0.00837	0.00802	0.00211	0.08127	0.00635	0.00731	0.01054
14	0.01605	0.01611	0.03354	0.02456	0.03049	0.01518	0.56225	0.02146	0.03379	0.07270	0.01686	0.02424	0.01365	0.00716	0.00780	0.00229	0.01002	0.07901	0.00405	0.00879
15	0.01160	0.00728	0.00897	0.00894	0.01101	0.00650	0.00691	0.01366	0.01551	0.12270	0.12469	0.20187	0.30054	0.01611	0.00794	0.00240	0.00416	0.11621	0.00653	0.00649
16	0.04417	0.01415	0.02294	0.06517	0.39408	0.01415	0.05493	0.02322	0.01567	0.22378	0.01599	0.01792	0.01180	0.00683	0.00730	0.00205	0.04496	0.00611	0.00465	0.01014
17	0.01728	0.71901	0.08529	0.01181	0.01774	0.02527	0.01221	0.01980	0.01341	0.01588	0.00935	0.01080	0.00844	0.00568	0.00437	0.00146	0.00724	0.00362	0.00281	0.00854
18	0.01243	0.01170	0.01975	0.75282	0.04534	0.01463	0.01828	0.01682	0.01316	0.01682	0.01170	0.01755	0.00878	0.00658	0.00658	0.00219	0.00878	0.00585	0.00293	0.00731
19	0.01716	0.69839	0.10484	0.01202	0.01806	0.02497	0.01258	0.01983	0.01343	0.01603	0.00942	0.01090	0.00844	0.00569	0.00443	0.00148	0.00731	0.00366	0.00281	0.00858
20	0.01535	0.22821	0.06731	0.13983	0.27290	0.01785	0.07722	0.01914	0.01448	0.01933	0.05833	0.01704	0.01286	0.00641	0.00606	0.00188	0.00784	0.00572	0.00332	0.00893
21	0.00925	0.00673	0.00871	0.00821	0.00979	0.00618	0.00616	0.01229	0.01848	0.02602	0.69527	0.04980	0.09118	0.01360	0.00777	0.00208	0.00312	0.01199	0.00720	0.00618
22	0.01629	0.01564	0.02672	0.04041	0.72757	0.01564	0.02020	0.02020	0.01499	0.02151	0.01238	0.01629	0.01043	0.00587	0.00652	0.00196	0.00782	0.00587	0.00326	0.01043
23	0.01360	0.13603	0.57154	0.01712	0.02554	0.01613	0.02126	0.02005	0.01394	0.01999	0.01348	0.01877	0.01097	0.00722	0.00622	0.00207	0.00902	0.06475	0.00308	0.00922
24	0.00821	0.00587	0.00786	0.00939	0.00985	0.00551	0.00645	0.00950	0.01279	0.01702	0.03618	0.71284	0.04312	0.02044	0.00845	0.00270	0.00399	0.06831	0.00611	0.00540
25	0.00800	0.00582	0.00754	0.00892	0.00948	0.00537	0.00600	0.00919	0.01285	0.01690	0.03934	0.69391	0.11200	0.02023	0.00834	0.00263	0.00377	0.01823	0.00611	0.00537
26	0.01486	0.01655	0.03556	0.02562	0.03172	0.01551	0.62742	0.02014	0.01588	0.02167	0.09102	0.02119	0.01569	0.00641	0.00777	0.00220	0.01023	0.00822	0.00376	0.00859
27	0.01869	0.01881	0.03030	0.02248	0.02810	0.08194	0.40732	0.19155	0.05936	0.02588	0.01426	0.01702	0.01068	0.00665	0.00775	0.00214	0.03648	0.00691	0.00432	0.00937
28	0.00849	0.00662	0.00960	0.01014	0.01112	0.00611	0.05197	0.00998	0.01304	0.01719	0.03783	0.64470	0.10979	0.01923	0.00830	0.00260	0.00425	0.01751	0.00593	0.00560
29	0.00802	0.00573	0.00764	0.00917	0.00955	0.00535	0.00611	0.00917	0.01260	0.01681	0.03628	0.76434	0.04354	0.02062	0.00840	0.00267	0.00382	0.01872	0.00611	0.00535
30	0.01372	0.01192	0.01457	0.01041	0.01629	0.00906	0.03310	0.01674	0.01372	0.02144	0.01176	0.01380	0.00976	0.00490	0.00498	0.00102	0.00510	0.00404	0.00388	0.77980
31	0.01840	0.01986	0.02397	0.08069	0.48128	0.22241	0.01795	0.02171	0.01591	0.01966	0.01171	0.01512	0.00976	0.00617	0.00636	0.00190	0.00904	0.00540	0.00327	0.00943
32	0.00956	0.00643	0.00740	0.00740	0.00748	0.00650	0.00427	0.00972	0.00964	0.01293	0.02054	0.04195	0.02344	0.72123	0.08024	0.00666	0.00712	0.00941	0.00396	0.00411
33	0.01613	0.01566	0.02731	0.06095	0.66141	0.01568	0.06519	0.02016	0.01497	0.02134	0.01242	0.01643	0.01035	0.00587	0.00660	0.00198	0.00807	0.00599	0.00325	0.01023

[dist]
# distance from previous block
# <min> <max>
0	3

[block]
# block no. 3 follows, 33 sequences, length 49
# corresponding to MSA columns:
# 186-234
name=unknown_D
#
# <colnr> <probs for GDERKNQSTAVLIFYWHMCP>
#	G	D	E	R	K	N	Q	S	T	A	V	L	I	F	Y	W	H	M	C	P
0	0.01239	0.01140	0.01899	0.67663	0.06019	0.01400	0.01734	0.01667	0.01347	0.01762	0.04304	0.01913	0.01141	0.00690	0.00656	0.00216	0.00831	0.00612	0.03034	0.00731
1	0.01597	0.01641	0.05196	0.03659	0.57453	0.01550	0.11877	0.02021	0.01498	0.02142	0.01247	0.01632	0.01027	0.00579	0.00662	0.00196	0.00824	0.00603	0.00328	0.04269
2	0.00878	0.00671	0.00805	0.00771	0.00950	0.00598	0.00579	0.01137	0.01736	0.02336	0.49242	0.05417	0.29569	0.01459	0.00777	0.00212	0.00319	0.01261	0.00685	0.00598
3	0.02059	0.45560	0.02772	0.01370	0.01837	0.33233	0.01189	0.02252	0.01563	0.01576	0.00959	0.01112	0.00846	0.00612	0.00496	0.00153	0.00911	0.00383	0.00306	0.00810
4	0.13160	0.01478	0.02280	0.09424	0.51440	0.01548	0.01743	0.02087	0.06544	0.02271	0.01291	0.01619	0.01052	0.00619	0.00618	0.00201	0.00732	0.00565	0.00360	0.00969
5	0.01357	0.09568	0.67612	0.01814	0.02753	0.01619	0.02323	0.02075	0.01386	0.02040	0.01159	0.01362	0.00835	0.00620	0.00609	0.00203	0.00950	0.00475	0.00278	0.00962
6	0.00801	0.00578	0.00758	0.00902	0.00951	0.00536	0.00605	0.00918	0.01274	0.01686	0.03801	0.72445	0.08232	0.02040	0.00837	0.00265	0.00379	0.01844	0.00611	0.00536
7	0.01320	0.03405	0.73453	0.01876	0.02849	0.01529	0.02432	0.02085	0.01390	0.02085	0.01181	0.01390	0.00834	0.00625	0.00625	0.00208	0.00973	0.00486	0.00278	0.00973
8	0.01337	0.09066	0.52054	0.01783	0.02581	0.01517	0.07084	0.01973	0.01416	0.02025	0.01504	0.02264	0.01275	0.00788	0.00661	0.00218	0.00907	0.10316	0.00330	0.00903
9	0.01629	0.01564	0.02672	0.04041	0.72757	0.01564	0.02020	0.02020	0.01499	0.02151	0.01238	0.01629	0.01043	0.00587	0.00652	0.00196	0.00782	0.00587	0.00326	0.01043
10	0.02418	0.02861	0.01927	0.01803	0.06061	0.59638	0.01312	0.12427	0.02023	0.02009	0.01112	0.01269	0.00898	0.00689	0.00606	0.00175	0.01097	0.00458	0.00385	0.00831
11	0.01352	0.01281	0.02170	0.55281	0.23687	0.01491	0.01882	0.01777	0.01368	0.01814	0.01189	0.01720	0.00924	0.00638	0.00656	0.00213	0.00851	0.00585	0.00302	0.00819
12	0.00870	0.00657	0.00815	0.00920	0.01026	0.00622	0.00659	0.01109	0.05136	0.01789	0.04174	0.51064	0.17873	0.01894	0.00826	0.00260	0.00403	0.08717	0.00614	0.00574
13	0.00802	0.00573	0.00764	0.00917	0.00955	0.00535	0.00611	0.00917	0.01260	0.01681	0.03628	0.76434	0.04354	0.02062	0.00840	0.00267	0.00382	0.01872	0.00611	0.00535
14	0.01964	0.01600	0.02096	0.01633	0.02105	0.01714	0.13943	0.36804	0.15141	0.03283	0.07735	0.05312	0.01825	0.00867	0.00700	0.00211	0.00709	0.00760	0.00604	0.00995
15	0.01391	0.06897	0.46057	0.01718	0.02457	0.01500	0.07032	0.07431	0.03444	0.02181	0.01605	0.12307	0.01412	0.00845	0.00660	0.00214	0.00850	0.00717	0.00372	0.00909
16	0.02230	0.02756	0.01899	0.01703	0.01966	0.57996	0.01310	0.02394	0.01673	0.01605	0.00983	0.01244	0.00852	0.00785	0.00946	0.00196	0.17921	0.00458	0.00328	0.00754
17	0.01365	0.01170	0.01365	0.00975	0.01560	0.00878	0.00780	0.01658	0.01365	0.02145	0.01170	0.01365	0.00975	0.00488	0.00488	0.00098	0.00488	0.00390	0.00390	0.80888
18	0.07961	0.01550	0.01702	0.01613	0.08415	0.09053	0.03265	0.11960	0.21486	0.10253	0.08515	0.02285	0.01889	0.00866	0.00731	0.00212	0.04337	0.02401	0.00572	0.00936
19	0.00802	0.00573	0.00764	0.00917	0.00955	0.00535	0.00611	0.00917	0.01260	0.01681	0.03628	0.76434	0.04354	0.02062	0.00840	0.00267	0.00382	0.01872	0.00611	0.00535
20	0.00940	0.00729	0.01056	0.01381	0.11365	0.00699	0.00835	0.01103	0.01302	0.01755	0.03235	0.59860	0.03793	0.03721	0.00880	0.00268	0.00459	0.05444	0.00564	0.00609
21	0.01537	0.01727	0.03614	0.02623	0.03193	0.01716	0.60389	0.02033	0.01475	0.02033	0.01264	0.01727	0.00979	0.00641	0.00977	0.00232	0.11901	0.00748	0.00326	0.00864
22	0.00802	0.00573	0.00764	0.00917	0.00955	0.00535	0.00611	0.00917	0.01260	0.01681	0.03628	0.76434	0.04354	0.02062	0.00840	0.00267	0.00382	0.01872	0.00611	0.00535
23	0.00940	0.00705	0.01058	0.01058	0.01176	0.00823	0.00823	0.01176	0.01058	0.01528	0.01763	0.02586	0.01646	0.04937	0.74255	0.01058	0.01763	0.00705	0.00353	0.00588
24	0.01419	0.01662	0.12619	0.34223	0.33435	0.01516	0.01998	0.01885	0.01405	0.01941	0.01201	0.01649	0.00942	0.00623	0.00651	0.00208	0.00851	0.00571	0.00305	0.00899
25	0.01760	0.77260	0.03450	0.01126	0.01690	0.02605	0.01126	0.01971	0.01338	0.01549	0.00915	0.01056	0.00845	0.00563	0.00422	0.00141	0.00704	0.00352	0.00282	0.00845
26	0.00813	0.00581	0.00777	0.00930	0.00973	0.00544	0.00631	0.00936	0.01272	0.01693	0.03622	0.73432	0.04330	0.02052	0.00843	0.00269	0.00392	0.04763	0.00611	0.00538
27	0.00932	0.00673	0.00880	0.00828	0.00984	0.00621	0.00621	0.01242	0.01863	0.02640	0.72410	0.04918	0.06212	0.01346	0.00776	0.00207	0.00311	0.01191	0.00725	0.00621
28	0.00856	0.00721	0.00760	0.00747	0.00987	0.00617	0.00577	0.01082	0.03168	0.01839	0.05991	0.06052	0.60912	0.01594	0.00770	0.00222	0.00370	0.06992	0.00600	0.05143
29	0.01818	0.01501	0.01591	0.01367	0.01779	0.01704	0.01080	0.18049	0.54647	0.03040	0.02397	0.02234	0.01786	0.00859	0.00662	0.00214	0.00564	0.00701	0.00659	0.03346
30	0.01536	0.01908	0.12832	0.02953	0.24105	0.01643	0.35209	0.02038	0.01473	0.02078	0.01247	0.01653	0.00979	0.00620	0.00826	0.00217	0.06765	0.00665	0.00320	0.00933
31	0.00927	0.00673	0.00873	0.00823	0.00980	0.00619	0.00617	0.01232	0.01851	0.02611	0.70198	0.04965	0.08442	0.01357	0.00777	0.00208	0.00311	0.01197	0.00721	0.00619
32	0.00823	0.00648	0.00743	0.00763	0.00928	0.00568	0.00555	0.01015	0.01540	0.01977	0.22795	0.21379	0.40584	0.01672	0.00791	0.00228	0.00338	0.01445	0.00640	0.00568
33	0.01966	0.01705	0.01666	0.01416	0.01837	0.08949	0.01119	0.23159	0.42261	0.03034	0.02143	0.02038	0.01599	0.00829	0.00653	0.00206	0.00646	0.00657	0.00625	0.03492
34	0.02422	0.01761	0.01903	0.01467	0.01987	0.01924	0.01207	0.61006	0.06867	0.06794	0.01667	0.01648	0.01185	0.00784	0.00652	0.00195	0.00696	0.00595	0.00654	0.04586
35	0.01409	0.16640	0.57985	0.01778	0.02665	0.01728	0.04989	0.02065	0.01387	0.01989	0.01140	0.01346	0.00843	0.00611	0.00595	0.00197	0.00930	0.00474	0.00281	0.00946
36	0.01330	0.03338	0.70593	0.01913	0.02874	0.01534	0.05225	0.02086	0.01397	0.02086	0.01188	0.01406	0.00841	0.00623	0.00632	0.00209	0.00979	0.00498	0.00280	0.00969
37	0.00955	0.00648	0.00767	0.00767	0.00784	0.00665	0.00460	0.00989	0.00972	0.01313	0.02029	0.04059	0.02285	0.66453	0.13614	0.00699	0.00801	0.00921	0.00392	0.00426
38	0.01144	0.00572	0.00858	0.00858	0.00858	0.00572	0.00572	0.00858	0.00858	0.01144	0.01144	0.02001	0.01144	0.02287	0.02573	0.80846	0.00572	0.00572	0.00286	0.00286
39	0.02429	0.01881	0.01732	0.01439	0.01862	0.24828	0.03701	0.11251	0.08261	0.27769	0.04789	0.03827	0.01580	0.00818	0.00654	0.00196	0.00786	0.00641	0.00602	0.00954
40	0.01521	0.01604	0.05410	0.03635	0.05337	0.03572	0.29468	0.04475	0.22431	0.02292	0.02239	0.06515	0.06702	0.00840	0.00726	0.00221	0.00803	0.00835	0.00476	0.00899
41	0.01415	0.01380	0.01895	0.01600	0.01688	0.01818	0.01327	0.01583	0.01061	0.01664	0.00934	0.01462	0.00902	0.01164	0.03970	0.00282	0.62675	0.00553	0.00305	0.12320
42	0.08435	0.01160	0.01461	0.01163	0.01634	0.01091	0.00949	0.03096	0.11914	0.55684	0.04664	0.02270	0.01761	0.00828	0.00648	0.00207	0.00543	0.00668	0.00761	0.01064
43	0.01791	0.01255	0.01807	0.02069	0.23452	0.01224	0.02823	0.08711	0.06479	0.16750	0.04989	0.12946	0.02014	0.00951	0.00686	0.00206	0.00613	0.03110	0.00553	0.07569
44	0.01571	0.14021	0.24911	0.02481	0.18639	0.01727	0.21144	0.02091	0.01466	0.04045	0.01235	0.01524	0.00952	0.00593	0.00643	0.00199	0.00914	0.00575	0.00320	0.00949
45	0.01096	0.00944	0.01423	0.01301	0.01404	0.01156	0.04508	0.01305	0.01081	0.01574	0.01650	0.07700	0.01632	0.06420	0.42986	0.00735	0.21333	0.00770	0.00355	0.00627
46	0.01684	0.01194	0.01551	0.01359	0.01708	0.01278	0.06066	0.04091	0.31977	0.14478	0.02537	0.03145	0.02077	0.01583	0.11365	0.00353	0.00768	0.11260	0.00614	0.00912
47	0.01650	0.01643	0.02401	0.04127	0.06702	0.10436	0.26065	0.05110	0.15735	0.04378	0.01952	0.11850	0.01710	0.00887	0.00724	0.00220	0.00834	0.02233	0.00471	0.00873
48	0.01891	0.06533	0.09285	0.04640	0.34791	0.01392	0.01602	0.02256	0.01576	0.21214	0.01972	0.02080	0.06378	0.00731	0.00646	0.00198	0.00706	0.00640	0.00470	0.00999

[dist]
# distance from previous block
# <min> <max>
1	3

[block]
# block no. 4 follows, 33 sequences, length 54
# corresponding to MSA columns:
# 238-291
name=unknown_E
#
# <colnr> <probs for GDERKNQSTAVLIFYWHMCP>
#	G	D	E	R	K	N	Q	S	T	A	V	L	I	F	Y	W	H	M	C	P
0	0.06094	0.01815	0.01747	0.04964	0.01952	0.19560	0.04819	0.20692	0.05953	0.04841	0.05208	0.04372	0.04884	0.02891	0.00817	0.00219	0.05064	0.02753	0.00507	0.00850
1	0.03931	0.01617	0.05995	0.04229	0.11543	0.01519	0.28786	0.11539	0.05751	0.02493	0.08143	0.02193	0.01641	0.00732	0.00708	0.00209	0.00829	0.02967	0.00444	0.04732
2	0.01618	0.01467	0.02257	0.21878	0.39459	0.03393	0.01749	0.05558	0.03603	0.04435	0.01313	0.01671	0.01041	0.00627	0.00640	0.00194	0.00776	0.00574	0.00366	0.07382
3	0.01554	0.01776	0.03885	0.02775	0.03441	0.01665	0.70366	0.02109	0.01554	0.02109	0.01332	0.01776	0.00999	0.00555	0.00777	0.00222	0.01110	0.00777	0.00333	0.00888
4	0.01490	0.18510	0.51161	0.01677	0.02503	0.03658	0.02022	0.03934	0.05443	0.02054	0.01218	0.01381	0.00911	0.00634	0.00586	0.00194	0.00891	0.00475	0.00313	0.00949
5	0.00990	0.00711	0.00751	0.00716	0.00966	0.00596	0.00546	0.01166	0.01538	0.08749	0.06272	0.05936	0.65576	0.01584	0.00767	0.00220	0.00356	0.01318	0.00631	0.00611
6	0.81514	0.01273	0.00968	0.00866	0.01273	0.01477	0.00713	0.01935	0.01120	0.02954	0.00917	0.01069	0.00713	0.00611	0.00407	0.00204	0.00509	0.00356	0.00407	0.00713
7	0.00923	0.00673	0.00868	0.00819	0.00978	0.00617	0.00614	0.01225	0.01843	0.02591	0.68656	0.04999	0.09997	0.01364	0.00777	0.00208	0.00312	0.01202	0.00718	0.00617
8	0.02490	0.02211	0.01944	0.01566	0.02040	0.22517	0.01257	0.51291	0.02746	0.03429	0.01421	0.01469	0.01043	0.00759	0.00640	0.00190	0.00856	0.00545	0.00568	0.01018
9	0.65177	0.01391	0.01176	0.01000	0.01432	0.01594	0.00824	0.16125	0.01529	0.03201	0.01054	0.01175	0.00797	0.00648	0.00459	0.00202	0.00554	0.00405	0.00459	0.00797
10	0.02885	0.01401	0.01575	0.01244	0.01730	0.11142	0.01010	0.03128	0.01882	0.63268	0.02378	0.02094	0.01521	0.00796	0.00653	0.00199	0.00647	0.00629	0.00749	0.01071
11	0.00957	0.00638	0.00718	0.00718	0.00718	0.00638	0.00399	0.00957	0.00957	0.01276	0.02074	0.04308	0.02393	0.76864	0.03351	0.00638	0.00638	0.00957	0.00399	0.00399
12	0.00802	0.00573	0.00764	0.00917	0.00955	0.00535	0.00611	0.00917	0.01260	0.01681	0.03628	0.76434	0.04354	0.02062	0.00840	0.00267	0.00382	0.01872	0.00611	0.00535
13	0.02771	0.01161	0.01522	0.01195	0.01685	0.01061	0.00978	0.03249	0.11563	0.63427	0.02609	0.02271	0.01682	0.00826	0.00663	0.00206	0.00555	0.00673	0.00795	0.01109
14	0.01678	0.63498	0.16494	0.01266	0.01906	0.02404	0.01370	0.01992	0.01347	0.01649	0.00965	0.01118	0.00843	0.00575	0.00460	0.00153	0.00754	0.00377	0.00281	0.00869
15	0.00778	0.00667	0.00667	0.00667	0.00889	0.00556	0.00500	0.00945	0.01501	0.01778	0.06669	0.06336	0.72490	0.01667	0.00778	0.00222	0.00333	0.01389	0.00611	0.00556
16	0.01622	0.01585	0.02790	0.03917	0.65994	0.01574	0.08689	0.02029	0.01504	0.02147	0.01247	0.01644	0.01039	0.00583	0.00664	0.00198	0.00814	0.00605	0.00327	0.01028
17	0.01365	0.01170	0.01365	0.00975	0.01560	0.00878	0.00780	0.01658	0.01365	0.02145	0.01170	0.01365	0.00975	0.00488	0.00488	0.00098	0.00488	0.00390	0.00390	0.80888
18	0.01417	0.01569	0.03295	0.02390	0.02970	0.01461	0.57353	0.01906	0.01561	0.02088	0.05446	0.02558	0.11176	0.00747	0.00777	0.00221	0.00964	0.00882	0.00390	0.00829
19	0.01752	0.01654	0.01541	0.01389	0.01757	0.11719	0.01074	0.03377	0.61887	0.02595	0.02449	0.02280	0.01848	0.00863	0.00659	0.00216	0.00614	0.00700	0.00624	0.01003
20	0.01760	0.77260	0.03450	0.01126	0.01690	0.02605	0.01126	0.01971	0.01338	0.01549	0.00915	0.01056	0.00845	0.00563	0.00422	0.00141	0.00704	0.00352	0.00282	0.00845
21	0.81514	0.01273	0.00968	0.00866	0.01273	0.01477	0.00713	0.01935	0.01120	0.02954	0.00917	0.01069	0.00713	0.00611	0.00407	0.00204	0.00509	0.00356	0.00407	0.00713
22	0.01227	0.00614	0.00614	0.00614	0.00767	0.00614	0.00460	0.01534	0.01381	0.02454	0.02148	0.02454	0.01687	0.00767	0.00460	0.00153	0.00307	0.00614	0.80518	0.00614
23	0.02459	0.03138	0.01866	0.01696	0.02035	0.74221	0.01272	0.02629	0.01866	0.01611	0.01018	0.01187	0.00848	0.00678	0.00594	0.00170	0.01187	0.00424	0.00339	0.00763
24	0.70408	0.01343	0.01373	0.01131	0.01574	0.01503	0.10387	0.01959	0.01181	0.02836	0.00974	0.01168	0.00753	0.00603	0.00459	0.00206	0.00593	0.00415	0.00397	0.00737
25	0.00824	0.00582	0.00758	0.00889	0.00922	0.00549	0.00582	0.00922	0.01218	0.01624	0.03413	0.66417	0.04082	0.12452	0.01189	0.00319	0.00418	0.01745	0.00582	0.00516
26	0.01607	0.01541	0.02631	0.08231	0.68744	0.01558	0.02009	0.02000	0.01488	0.02123	0.01234	0.01637	0.01033	0.00591	0.00652	0.00197	0.00788	0.00586	0.00324	0.01024
27	0.00930	0.00696	0.01036	0.01048	0.01159	0.00802	0.00807	0.01157	0.01073	0.01539	0.01900	0.08013	0.01845	0.04726	0.68860	0.01000	0.01662	0.00791	0.00372	0.00584
28	0.02459	0.03138	0.01866	0.01696	0.02035	0.74221	0.01272	0.02629	0.01866	0.01611	0.01018	0.01187	0.00848	0.00678	0.00594	0.00170	0.01187	0.00424	0.00339	0.00763
29	0.00799	0.00583	0.00753	0.00889	0.00948	0.00537	0.00599	0.00920	0.01287	0.01691	0.03962	0.68739	0.11834	0.02019	0.00833	0.00262	0.00377	0.01819	0.00611	0.00537
30	0.01637	0.01414	0.01489	0.01340	0.01712	0.01637	0.01042	0.03498	0.71568	0.02754	0.02679	0.02456	0.02010	0.00893	0.00670	0.00223	0.00521	0.00744	0.00670	0.01042
31	0.01717	0.05148	0.01829	0.01313	0.01782	0.01160	0.11603	0.09052	0.01786	0.15754	0.17900	0.02532	0.04059	0.00820	0.00652	0.00177	0.00589	0.00727	0.00565	0.20833
32	0.01699	0.67002	0.13172	0.01231	0.01851	0.02455	0.01308	0.01987	0.01345	0.01623	0.00952	0.01102	0.00843	0.00572	0.00451	0.00150	0.00741	0.00371	0.00281	0.00863
33	0.00830	0.00669	0.00739	0.00722	0.00921	0.00578	0.00541	0.01046	0.01624	0.02071	0.29019	0.05854	0.49958	0.01558	0.00778	0.00217	0.00326	0.01322	0.00650	0.00578
34	0.00808	0.00676	0.00708	0.00724	0.00939	0.00577	0.00559	0.00989	0.01502	0.01798	0.06336	0.06450	0.65307	0.01683	0.00792	0.00231	0.00362	0.08388	0.00611	0.00561
35	0.01405	0.15525	0.48383	0.01734	0.02479	0.01754	0.04125	0.01972	0.01333	0.01920	0.01160	0.03213	0.00932	0.00717	0.00801	0.00209	0.10625	0.00519	0.00290	0.00905
36	0.01818	0.01070	0.01153	0.00966	0.01278	0.01121	0.00771	0.24532	0.01997	0.09919	0.02004	0.02144	0.01494	0.00779	0.00546	0.00173	0.00470	0.00611	0.46324	0.00830
37	0.00808	0.00668	0.00709	0.00699	0.00908	0.00569	0.00524	0.01003	0.01572	0.01947	0.19554	0.06058	0.59500	0.01604	0.00778	0.00219	0.00329	0.01350	0.00634	0.00569
38	0.00957	0.00638	0.00718	0.00718	0.00718	0.00638	0.00399	0.00957	0.00957	0.01276	0.02074	0.04308	0.02393	0.76864	0.03351	0.00638	0.00638	0.00957	0.00399	0.00399
39	0.01554	0.01487	0.02535	0.18004	0.59386	0.01544	0.01983	0.01954	0.01463	0.02059	0.01225	0.01654	0.01010	0.00601	0.00653	0.00200	0.00801	0.00586	0.00319	0.00982
40	0.01820	0.01373	0.01494	0.01316	0.01708	0.01544	0.01032	0.03458	0.61890	0.12540	0.02668	0.02426	0.01957	0.00882	0.00669	0.00221	0.00526	0.00733	0.00690	0.01053
41	0.00940	0.00705	0.01058	0.01058	0.01176	0.00823	0.00823	0.01176	0.01058	0.01528	0.01763	0.02586	0.01646	0.04937	0.74255	0.01058	0.01763	0.00705	0.00353	0.00588
42	0.01365	0.01170	0.01365	0.00975	0.01560	0.00878	0.00780	0.01658	0.01365	0.02145	0.01170	0.01365	0.00975	0.00488	0.00488	0.00098	0.00488	0.00390	0.00390	0.80888
43	0.02954	0.01120	0.01528	0.01171	0.01681	0.00968	0.00968	0.03208	0.01884	0.73213	0.02597	0.02241	0.01630	0.00815	0.00662	0.00204	0.00560	0.00662	0.00815	0.01120
44	0.00932	0.00673	0.00880	0.00828	0.00984	0.00621	0.00621	0.01242	0.01863	0.02640	0.72410	0.04918	0.06212	0.01346	0.00776	0.00207	0.00311	0.01191	0.00725	0.00621
45	0.01531	0.01464	0.02495	0.22141	0.55424	0.01538	0.01972	0.01934	0.01453	0.02032	0.01221	0.01661	0.01001	0.00605	0.00653	0.00202	0.00806	0.00586	0.00317	0.00964
46	0.01484	0.01430	0.02439	0.28719	0.40463	0.01551	0.05807	0.01942	0.03690	0.01987	0.01255	0.01703	0.01008	0.00637	0.00708	0.00209	0.03127	0.00602	0.00325	0.00915
47	0.01629	0.01564	0.02672	0.04041	0.72757	0.01564	0.02020	0.02020	0.01499	0.02151	0.01238	0.01629	0.01043	0.00587	0.00652	0.00196	0.00782	0.00587	0.00326	0.01043
48	0.01369	0.01336	0.01880	0.01633	0.01650	0.01847	0.01353	0.01526	0.01015	0.01576	0.00992	0.01603	0.00975	0.01690	0.12407	0.00397	0.65156	0.00594	0.00297	0.00701
49	0.01502	0.01135	0.01921	0.05737	0.02052	0.01085	0.20578	0.03856	0.03692	0.13846	0.11171	0.12234	0.10096	0.03164	0.00830	0.00238	0.00666	0.04852	0.00558	0.00788
50	0.01388	0.14815	0.62639	0.01761	0.02670	0.01695	0.02231	0.02067	0.01382	0.02002	0.01140	0.01338	0.00836	0.00616	0.00594	0.00198	0.00931	0.00466	0.00279	0.00953
51	0.01891	0.02140	0.01675	0.01517	0.01754	0.38977	0.01174	0.05951	0.01584	0.01729	0.01229	0.01630	0.01083	0.01918	0.20898	0.00431	0.12802	0.00534	0.00353	0.00729
52	0.00932	0.00673	0.00880	0.00828	0.00984	0.00621	0.00621	0.01242	0.01863	0.02640	0.72410	0.04918	0.06212	0.01346	0.00776	0.00207	0.00311	0.01191	0.00725	0.00621
53	0.01338	0.01142	0.01337	0.00972	0.01531	0.00861	0.00772	0.01622	0.01360	0.02123	0.01287	0.04927	0.01135	0.00562	0.00504	0.00106	0.00483	0.00460	0.00401	0.77076

[dist]
# distance from previous block
# <min> <max>
0	1

[block]
# block no. 5 follows, 33 sequences, length 25
# corresponding to MSA columns:
# 293-317
name=unknown_F
#
# <colnr> <probs for GDERKNQSTAVLIFYWHMCP>
#	G	D	E	R	K	N	Q	S	T	A	V	L	I	F	Y	W	H	M	C	P
0	0.02129	0.04347	0.01820	0.01451	0.01746	0.10870	0.01190	0.09235	0.04032	0.23716	0.01800	0.01899	0.04273	0.00944	0.01177	0.00228	0.27109	0.00617	0.00519	0.00896
1	0.01629	0.01564	0.02672	0.04041	0.72757	0.01564	0.02020	0.02020	0.01499	0.02151	0.01238	0.01629	0.01043	0.00587	0.00652	0.00196	0.00782	0.00587	0.00326	0.01043
2	0.00954	0.00689	0.00934	0.01075	0.01193	0.00669	0.00871	0.01184	0.01428	0.01859	0.03751	0.30684	0.08657	0.01891	0.00877	0.00286	0.00512	0.41300	0.00608	0.00579
3	0.02110	0.01641	0.01757	0.01413	0.01888	0.01813	0.01142	0.41500	0.27579	0.03503	0.01946	0.01880	0.01429	0.00805	0.00650	0.00200	0.00634	0.00633	0.00643	0.06834
4	0.01320	0.03405	0.73453	0.01876	0.02849	0.01529	0.02432	0.02085	0.01390	0.02085	0.01181	0.01390	0.00834	0.00625	0.00625	0.00208	0.00973	0.00486	0.00278	0.00973
5	0.02629	0.01563	0.01792	0.01383	0.01896	0.01634	0.01139	0.43218	0.05633	0.29137	0.01997	0.01858	0.01343	0.00804	0.00660	0.00201	0.00656	0.00624	0.00716	0.01116
6	0.01540	0.24078	0.40269	0.01776	0.02569	0.01836	0.12464	0.02096	0.01418	0.04475	0.01179	0.01385	0.00891	0.00604	0.00592	0.00191	0.00903	0.00499	0.00307	0.00929
7	0.00957	0.00638	0.00718	0.00718	0.00718	0.00638	0.00399	0.00957	0.00957	0.01276	0.02074	0.04308	0.02393	0.76864	0.03351	0.00638	0.00638	0.00957	0.00399	0.00399
8	0.01144	0.00572	0.00858	0.00858	0.00858	0.00572	0.00572	0.00858	0.00858	0.01144	0.01144	0.02001	0.01144	0.02287	0.02573	0.80846	0.00572	0.00572	0.00286	0.00286
9	0.01637	0.01414	0.01489	0.01340	0.01712	0.01637	0.01042	0.03498	0.71568	0.02754	0.02679	0.02456	0.02010	0.00893	0.00670	0.00223	0.00521	0.00744	0.00670	0.01042
10	0.01629	0.01564	0.02672	0.04041	0.72757	0.01564	0.02020	0.02020	0.01499	0.02151	0.01238	0.01629	0.01043	0.00587	0.00652	0.00196	0.00782	0.00587	0.00326	0.01043
11	0.00957	0.00638	0.00718	0.00718	0.00718	0.00638	0.00399	0.00957	0.00957	0.01276	0.02074	0.04308	0.02393	0.76864	0.03351	0.00638	0.00638	0.00957	0.00399	0.00399
12	0.00957	0.00638	0.00718	0.00718	0.00718	0.00638	0.00399	0.00957	0.00957	0.01276	0.02074	0.04308	0.02393	0.76864	0.03351	0.00638	0.00638	0.00957	0.00399	0.00399
13	0.01554	0.01776	0.03885	0.02775	0.03441	0.01665	0.70366	0.02109	0.01554	0.02109	0.01332	0.01776	0.00999	0.00555	0.00777	0.00222	0.01110	0.00777	0.00333	0.00888
14	0.02503	0.01844	0.01976	0.01515	0.02042	0.02042	0.01251	0.70562	0.03095	0.04149	0.01581	0.01581	0.01120	0.00790	0.00659	0.00198	0.00724	0.00593	0.00659	0.01120
15	0.01440	0.01440	0.02016	0.01728	0.01728	0.02016	0.01440	0.01584	0.01008	0.01584	0.00864	0.01440	0.00864	0.01152	0.02160	0.00288	0.75659	0.00576	0.00288	0.00720
16	0.00940	0.00705	0.01058	0.01058	0.01176	0.00823	0.00823	0.01176	0.01058	0.01528	0.01763	0.02586	0.01646	0.04937	0.74255	0.01058	0.01763	0.00705	0.00353	0.00588
17	0.00957	0.00638	0.00718	0.00718	0.00718	0.00638	0.00399	0.00957	0.00957	0.01276	0.02074	0.04308	0.02393	0.76864	0.03351	0.00638	0.00638	0.00957	0.00399	0.00399
18	0.01440	0.01440	0.02016	0.01728	0.01728	0.02016	0.01440	0.01584	0.01008	0.01584	0.00864	0.01440	0.00864	0.01152	0.02160	0.00288	0.75659	0.00576	0.00288	0.00720
19	0.01243	0.01170	0.01975	0.75282	0.04534	0.01463	0.01828	0.01682	0.01316	0.01682	0.01170	0.01755	0.00878	0.00658	0.00658	0.00219	0.00878	0.00585	0.00293	0.00731
20	0.01760	0.77260	0.03450	0.01126	0.01690	0.02605	0.01126	0.01971	0.01338	0.01549	0.00915	0.01056	0.00845	0.00563	0.00422	0.00141	0.00704	0.00352	0.00282	0.00845
21	0.01243	0.01170	0.01975	0.75282	0.04534	0.01463	0.01828	0.01682	0.01316	0.01682	0.01170	0.01755	0.00878	0.00658	0.00658	0.00219	0.00878	0.00585	0.00293	0.00731
22	0.00889	0.00771	0.00932	0.01121	0.10030	0.00682	0.00705	0.01079	0.01476	0.01816	0.05669	0.12873	0.56474	0.01570	0.00768	0.00223	0.00395	0.01336	0.00575	0.00616
23	0.01948	0.01954	0.01586	0.01435	0.01738	0.30946	0.01111	0.02571	0.19399	0.08385	0.03988	0.02132	0.01587	0.01374	0.10086	0.00312	0.05155	0.02976	0.00486	0.00832
24	0.02666	0.01191	0.01529	0.01200	0.01677	0.01114	0.00981	0.09690	0.08451	0.55707	0.06704	0.02357	0.01891	0.00852	0.00669	0.00205	0.00558	0.00695	0.00781	0.01083

[dist]
# distance from previous block
# <min> <max>
0	1

[block]
# block no. 6 follows, 33 sequences, length 23
# corresponding to MSA columns:
# 319-341
name=unknown_G
#
# <colnr> <probs for GDERKNQSTAVLIFYWHMCP>
#	G	D	E	R	K	N	Q	S	T	A	V	L	I	F	Y	W	H	M	C	P
0	0.63255	0.01562	0.08403	0.01051	0.01531	0.01555	0.00956	0.10790	0.01402	0.03020	0.01029	0.01168	0.00778	0.00636	0.00462	0.00203	0.00584	0.00400	0.00427	0.00792
1	0.01891	0.01628	0.01610	0.01409	0.01794	0.09029	0.01126	0.21768	0.36874	0.02929	0.02304	0.02693	0.01862	0.00956	0.00688	0.00220	0.00656	0.08956	0.00625	0.00982
2	0.01629	0.01564	0.02672	0.04041	0.72757	0.01564	0.02020	0.02020	0.01499	0.02151	0.01238	0.01629	0.01043	0.00587	0.00652	0.00196	0.00782	0.00587	0.00326	0.01043
3	0.01760	0.77260	0.03450	0.01126	0.01690	0.02605	0.01126	0.01971	0.01338	0.01549	0.00915	0.01056	0.00845	0.00563	0.00422	0.00141	0.00704	0.00352	0.00282	0.00845
4	0.00808	0.00610	0.00748	0.00836	0.00939	0.00550	0.00580	0.00958	0.01391	0.01806	0.11501	0.49043	0.24092	0.01876	0.00816	0.00248	0.00361	0.01664	0.00623	0.00550
5	0.00957	0.00638	0.00718	0.00718	0.00718	0.00638	0.00399	0.00957	0.00957	0.01276	0.02074	0.04308	0.02393	0.76864	0.03351	0.00638	0.00638	0.00957	0.00399	0.00399
6	0.12125	0.01395	0.01460	0.01273	0.01675	0.01575	0.01007	0.07972	0.50378	0.10271	0.02367	0.02194	0.01740	0.00841	0.00634	0.00217	0.00538	0.00675	0.00650	0.01013
7	0.01320	0.03405	0.73453	0.01876	0.02849	0.01529	0.02432	0.02085	0.01390	0.02085	0.01181	0.01390	0.00834	0.00625	0.00625	0.00208	0.00973	0.00486	0.00278	0.00973
8	0.01227	0.00614	0.00614	0.00614	0.00767	0.00614	0.00460	0.01534	0.01381	0.02454	0.02148	0.02454	0.01687	0.00767	0.00460	0.00153	0.00307	0.00614	0.80518	0.00614
9	0.37430	0.01187	0.01282	0.01037	0.01502	0.01191	0.00856	0.02650	0.01549	0.42380	0.01860	0.01727	0.01227	0.00725	0.00550	0.00204	0.00538	0.00528	0.00636	0.00942
10	0.01590	0.01524	0.02601	0.11292	0.65814	0.01554	0.02001	0.01986	0.01480	0.02103	0.01231	0.01642	0.01026	0.00594	0.00652	0.00198	0.00792	0.00586	0.00322	0.01011
11	0.00846	0.00666	0.00773	0.00822	0.00992	0.00593	0.00628	0.01041	0.01497	0.01881	0.12267	0.19057	0.41701	0.01732	0.00812	0.00243	0.00386	0.12875	0.00622	0.00567
12	0.01760	0.77260	0.03450	0.01126	0.01690	0.02605	0.01126	0.01971	0.01338	0.01549	0.00915	0.01056	0.00845	0.00563	0.00422	0.00141	0.00704	0.00352	0.00282	0.00845
