[name]
unknown

[dist]
# distance from previous block
# <min> <max>
2	941

[block]
# block no. 0 follows, 31 sequences, length 15
# corresponding to MSA columns:
# 1194-1208
name=unknown_A
#
# <colnr> <probs for GDERKNQSTAVLIFYWHMCP>
#	G	D	E	R	K	N	Q	S	T	A	V	L	I	F	Y	W	H	M	C	P
0	0.01659	0.06954	0.14352	0.01479	0.04840	0.06268	0.01288	0.17789	0.06915	0.02518	0.05398	0.06264	0.07486	0.09096	0.04438	0.00301	0.00788	0.00788	0.00503	0.00874
1	0.08141	0.07017	0.06537	0.08776	0.05079	0.03279	0.10330	0.08149	0.10275	0.02409	0.09580	0.06290	0.02028	0.05148	0.03802	0.00277	0.00778	0.00778	0.00482	0.00848
2	0.03191	0.07886	0.26866	0.01466	0.02030	0.01310	0.05782	0.01835	0.01429	0.07439	0.02275	0.12530	0.08243	0.05210	0.02871	0.00267	0.03120	0.00845	0.00436	0.04968
3	0.05112	0.01295	0.03152	0.08265	0.10684	0.01294	0.03145	0.12895	0.05875	0.09893	0.03837	0.05544	0.08852	0.09176	0.04035	0.00298	0.00711	0.00810	0.00533	0.04595
4	0.01840	0.06178	0.17916	0.01805	0.12542	0.04410	0.01480	0.05960	0.05298	0.13427	0.01632	0.01833	0.01244	0.03849	0.00739	0.00205	0.00737	0.00569	0.03742	0.14597
5	0.01565	0.01225	0.01400	0.01102	0.01581	0.01103	0.00872	0.10769	0.09737	0.05427	0.07815	0.06135	0.06624	0.00853	0.00624	0.00162	0.00514	0.00707	0.00550	0.41235
6	0.01298	0.09947	0.04422	0.01243	0.06826	0.05130	0.00933	0.04352	0.01779	0.02398	0.32609	0.03892	0.14334	0.01154	0.00707	0.00202	0.00510	0.00972	0.06551	0.00741
7	0.01468	0.05360	0.01469	0.01256	0.05042	0.01230	0.02675	0.15011	0.08469	0.02567	0.07829	0.06748	0.20821	0.03362	0.00791	0.00224	0.00539	0.03509	0.06685	0.04945
8	0.01353	0.05606	0.07340	0.24426	0.15949	0.01426	0.05103	0.01833	0.05183	0.01942	0.01993	0.02615	0.07165	0.03391	0.08343	0.00326	0.00911	0.03884	0.00385	0.00826
9	0.01591	0.01388	0.02256	0.05651	0.16580	0.01504	0.13464	0.03771	0.06646	0.07348	0.01952	0.06154	0.04527	0.01308	0.07066	0.00313	0.14267	0.02886	0.00445	0.00884
10	0.74795	0.01276	0.00999	0.00897	0.01300	0.01468	0.00734	0.01957	0.01222	0.03045	0.06237	0.01412	0.01170	0.00692	0.00452	0.00212	0.00514	0.00436	0.00448	0.00734
11	0.01874	0.03819	0.16310	0.04610	0.09078	0.01730	0.01547	0.21680	0.20305	0.04905	0.05736	0.02056	0.01636	0.00816	0.00681	0.00215	0.00732	0.00665	0.00557	0.01051
12	0.10514	0.01658	0.04935	0.01884	0.14426	0.01686	0.01337	0.34052	0.02290	0.07907	0.01703	0.05853	0.01356	0.01007	0.03625	0.00246	0.00750	0.00669	0.03078	0.01024
13	0.80789	0.01323	0.01006	0.00900	0.01323	0.01535	0.00741	0.02011	0.01164	0.03070	0.00953	0.01111	0.00741	0.00635	0.00423	0.00212	0.00529	0.00370	0.00423	0.00741
14	0.01669	0.01730	0.06601	0.06155	0.22669	0.06664	0.06006	0.06846	0.16450	0.02368	0.02116	0.02452	0.06656	0.00873	0.00791	0.00224	0.04812	0.03490	0.00467	0.00961

[dist]
# distance from previous block
# <min> <max>
0	3

[block]
# block no. 1 follows, 31 sequences, length 12
# corresponding to MSA columns:
# 1212-1214,1218,1219,1240-1246
name=unknown_B
#
# <colnr> <probs for GDERKNQSTAVLIFYWHMCP>
#	G	D	E	R	K	N	Q	S	T	A	V	L	I	F	Y	W	H	M	C	P
0	0.01826	0.03396	0.03521	0.06304	0.09010	0.01417	0.04003	0.18622	0.03867	0.07730	0.06100	0.04141	0.01584	0.00758	0.00642	0.00179	0.00659	0.00640	0.00522	0.25078
1	0.01213	0.00743	0.00926	0.00872	0.01069	0.00684	0.00650	0.01453	0.01656	0.11037	0.29988	0.10542	0.17811	0.06990	0.05661	0.00309	0.00488	0.01178	0.06059	0.00670
2	0.01698	0.22612	0.02493	0.05867	0.07926	0.12330	0.08109	0.03863	0.03461	0.01907	0.01514	0.10798	0.01445	0.00964	0.02462	0.00219	0.05384	0.00699	0.00386	0.05865
3	0.01330	0.01230	0.10076	0.01152	0.01471	0.00966	0.01010	0.10698	0.01813	0.06887	0.18361	0.23552	0.11217	0.01465	0.00791	0.00240	0.00529	0.05814	0.00637	0.00762
4	0.01609	0.01201	0.01441	0.01254	0.01610	0.01230	0.02728	0.13819	0.15592	0.06747	0.04208	0.05623	0.07174	0.05234	0.05869	0.00307	0.00680	0.12219	0.00604	0.10852
5	0.09049	0.01231	0.01507	0.10387	0.02002	0.01279	0.01067	0.07533	0.14505	0.31382	0.02247	0.02180	0.01556	0.00815	0.00641	0.00211	0.00592	0.00655	0.10162	0.00999
6	0.02412	0.03003	0.01873	0.01668	0.02053	0.64101	0.01257	0.02605	0.01873	0.01744	0.01077	0.01257	0.00898	0.00680	0.00603	0.00167	0.01142	0.00436	0.00359	0.10790
7	0.01021	0.00709	0.00981	0.00981	0.01088	0.00795	0.00734	0.01237	0.01129	0.01678	0.01938	0.02953	0.01839	0.15762	0.52273	0.00902	0.01441	0.00762	0.11195	0.00583
8	0.00866	0.00694	0.00777	0.00784	0.00982	0.00605	0.00593	0.01080	0.01634	0.02066	0.21802	0.10705	0.47578	0.01689	0.00821	0.00235	0.00362	0.05467	0.00663	0.00596
9	0.07343	0.07769	0.06549	0.16989	0.07755	0.06563	0.09974	0.03769	0.08401	0.02143	0.01488	0.05282	0.01249	0.00885	0.02751	0.00236	0.03806	0.00650	0.00395	0.06002
10	0.00855	0.00625	0.00804	0.00907	0.00990	0.00574	0.00624	0.01016	0.01450	0.01935	0.16158	0.55195	0.12417	0.01964	0.00854	0.00261	0.00378	0.01762	0.00656	0.00574
11	0.01780	0.01712	0.05456	0.02642	0.33091	0.07474	0.01593	0.05919	0.04281	0.06567	0.01757	0.01980	0.05672	0.00762	0.00778	0.00200	0.06313	0.00630	0.00427	0.10967

[dist]
# distance from previous block
# <min> <max>
0	6

[block]
# block no. 2 follows, 31 sequences, length 19
# corresponding to MSA columns:
# 1253-1271
name=unknown_C
#
# <colnr> <probs for GDERKNQSTAVLIFYWHMCP>
#	G	D	E	R	K	N	Q	S	T	A	V	L	I	F	Y	W	H	M	C	P
0	0.00935	0.00859	0.05055	0.00905	0.01125	0.00683	0.00742	0.01216	0.01688	0.02267	0.35436	0.12221	0.26145	0.01662	0.02920	0.00256	0.00435	0.04154	0.00661	0.00635
1	0.01012	0.00853	0.05071	0.00923	0.01019	0.00775	0.00671	0.01132	0.01053	0.01454	0.02004	0.03762	0.02159	0.50286	0.24235	0.00768	0.01034	0.00888	0.00393	0.00509
2	0.01440	0.02567	0.37498	0.05858	0.02720	0.07399	0.12053	0.02018	0.01526	0.02107	0.05113	0.06970	0.01535	0.00814	0.00696	0.00216	0.00927	0.02611	0.00368	0.05562
3	0.00977	0.00733	0.01100	0.01100	0.01222	0.00855	0.00855	0.01222	0.01100	0.01588	0.01833	0.02688	0.01710	0.05131	0.73245	0.01100	0.01833	0.00733	0.00367	0.00611
4	0.01489	0.17499	0.52950	0.01751	0.02625	0.01816	0.02140	0.02270	0.07375	0.02118	0.01308	0.01472	0.00974	0.00661	0.00613	0.00204	0.00916	0.00501	0.00325	0.00991
5	0.01003	0.00737	0.00944	0.00894	0.01062	0.00700	0.00669	0.01406	0.05681	0.02707	0.64644	0.08003	0.06132	0.01405	0.00804	0.00219	0.00338	0.01242	0.00745	0.00666
6	0.01457	0.04977	0.02480	0.38647	0.26152	0.01591	0.07785	0.01884	0.01460	0.01943	0.01477	0.01945	0.03882	0.00689	0.00686	0.00216	0.00869	0.00649	0.00332	0.00878
7	0.00992	0.00677	0.00813	0.00813	0.00837	0.00700	0.00498	0.01038	0.01015	0.01376	0.02094	0.04136	0.02339	0.62475	0.16761	0.00746	0.00886	0.00945	0.00405	0.00452
8	0.01965	0.04661	0.18277	0.01808	0.05653	0.14120	0.04987	0.13097	0.09554	0.07635	0.01647	0.01973	0.01296	0.02768	0.00833	0.00227	0.04923	0.03137	0.00472	0.00967
9	0.01433	0.01229	0.01425	0.01032	0.01629	0.00951	0.00824	0.01818	0.04868	0.02261	0.01294	0.01475	0.01067	0.00528	0.00516	0.00108	0.00508	0.00424	0.00420	0.76189
10	0.01639	0.28694	0.25343	0.01481	0.02188	0.03818	0.04459	0.02073	0.01459	0.04839	0.01269	0.03650	0.01051	0.00654	0.00564	0.00172	0.00798	0.00501	0.00349	0.14998
11	0.00985	0.00820	0.01093	0.00985	0.01219	0.00754	0.05915	0.01341	0.05487	0.02277	0.31480	0.10237	0.31831	0.01496	0.00806	0.00228	0.00414	0.01311	0.00663	0.00657
12	0.01737	0.67145	0.05760	0.01171	0.01733	0.02486	0.01172	0.01986	0.01440	0.01729	0.07167	0.01463	0.01369	0.00659	0.00479	0.00155	0.00705	0.00448	0.00333	0.00862
13	0.02529	0.01891	0.01907	0.01515	0.02004	0.10386	0.01231	0.47865	0.02742	0.12309	0.01720	0.01761	0.01239	0.01144	0.06283	0.00272	0.00872	0.00613	0.00641	0.01077
14	0.01494	0.01302	0.02055	0.19551	0.32347	0.01351	0.01616	0.01943	0.05228	0.05091	0.03808	0.07767	0.05659	0.00882	0.00704	0.00216	0.00719	0.02564	0.00433	0.05271
15	0.10366	0.01637	0.01787	0.14519	0.02325	0.12120	0.03215	0.10869	0.01696	0.08746	0.02826	0.01770	0.01189	0.03871	0.00943	0.00225	0.10140	0.00575	0.00451	0.10729
16	0.01120	0.00810	0.01022	0.02763	0.03447	0.02445	0.00793	0.01368	0.04683	0.05953	0.03441	0.45283	0.07469	0.06757	0.04099	0.00326	0.00552	0.06424	0.00601	0.00644
17	0.01306	0.01216	0.02073	0.67438	0.04468	0.01486	0.04890	0.01761	0.01382	0.01808	0.01274	0.01861	0.00959	0.00685	0.00679	0.00225	0.00894	0.00619	0.04216	0.00761
18	0.07456	0.01177	0.01306	0.09525	0.01720	0.08235	0.04144	0.04157	0.01525	0.04188	0.08574	0.03852	0.14369	0.16751	0.03060	0.00336	0.00696	0.05706	0.02557	0.00668

[dist]
# distance from previous block
# <min> <max>
8	21

[block]
# block no. 3 follows, 31 sequences, length 18
# corresponding to MSA columns:
# 1294-1311
name=unknown_D
#
# <colnr> <probs for GDERKNQSTAVLIFYWHMCP>
#	G	D	E	R	K	N	Q	S	T	A	V	L	I	F	Y	W	H	M	C	P
0	0.00854	0.00608	0.00807	0.00958	0.01002	0.00572	0.00648	0.00978	0.01308	0.01741	0.03687	0.68794	0.04399	0.05634	0.01001	0.00298	0.00421	0.05113	0.00624	0.00553
1	0.01072	0.00782	0.01081	0.01061	0.01188	0.00883	0.00802	0.05022	0.01221	0.01736	0.01956	0.05886	0.01902	0.14220	0.54942	0.00933	0.01517	0.00810	0.02372	0.00614
2	0.00841	0.00608	0.00796	0.00932	0.00990	0.00563	0.00629	0.00977	0.01366	0.01820	0.08531	0.66837	0.08439	0.02070	0.00865	0.00271	0.00389	0.01869	0.00643	0.00563
3	0.01552	0.01295	0.01490	0.01077	0.01678	0.01048	0.00866	0.09356	0.01621	0.02464	0.01264	0.01444	0.01030	0.00542	0.00527	0.00113	0.00534	0.00429	0.00437	0.71233
4	0.01400	0.01474	0.05179	0.05887	0.11098	0.07291	0.08865	0.01783	0.04883	0.01997	0.05018	0.03131	0.17864	0.04815	0.01078	0.00249	0.11400	0.00857	0.04953	0.00779
5	0.01551	0.01313	0.02169	0.12640	0.34983	0.01313	0.05005	0.01904	0.01515	0.07329	0.01903	0.14688	0.01804	0.00944	0.00720	0.00220	0.00730	0.03458	0.00439	0.05372
6	0.00959	0.00636	0.00830	0.00945	0.01029	0.00583	0.00646	0.01091	0.01369	0.05761	0.03988	0.65280	0.10251	0.02033	0.00857	0.00270	0.00403	0.01829	0.00647	0.00592
7	0.01543	0.05722	0.08305	0.03108	0.04090	0.01291	0.02539	0.08398	0.07648	0.02365	0.01519	0.04008	0.01293	0.04943	0.00747	0.00183	0.00632	0.00566	0.00442	0.40658
8	0.01717	0.22442	0.22162	0.03777	0.06202	0.06350	0.19753	0.05988	0.01610	0.02109	0.01211	0.01478	0.00945	0.00625	0.00637	0.00198	0.00960	0.00558	0.00334	0.00945
9	0.01715	0.11460	0.18337	0.01835	0.09561	0.08634	0.04897	0.03831	0.14529	0.04225	0.04467	0.01814	0.01410	0.00716	0.00632	0.00193	0.00792	0.00585	0.00437	0.09931
10	0.01515	0.01148	0.03446	0.14971	0.03799	0.03081	0.03838	0.05113	0.01720	0.13756	0.13567	0.09092	0.18163	0.01194	0.00754	0.00226	0.00607	0.02625	0.00591	0.00793
11	0.01507	0.01322	0.01699	0.01552	0.05233	0.01418	0.08710	0.05916	0.36659	0.02524	0.03148	0.07364	0.11958	0.04198	0.00858	0.00253	0.00607	0.03540	0.00612	0.00922
12	0.01546	0.01679	0.11527	0.03256	0.04731	0.06250	0.01267	0.04947	0.22262	0.04794	0.13876	0.03006	0.10191	0.01036	0.00831	0.00225	0.06278	0.00832	0.00568	0.00897
13	0.05016	0.00704	0.00876	0.00929	0.01028	0.00708	0.00652	0.01180	0.01248	0.04052	0.03030	0.32378	0.06824	0.18992	0.13504	0.00492	0.00715	0.04438	0.02663	0.00570
14	0.01517	0.01761	0.11860	0.05663	0.11220	0.03305	0.13725	0.04450	0.13312	0.02326	0.09590	0.02458	0.05729	0.00892	0.00894	0.00229	0.08927	0.00770	0.00462	0.00910
15	0.06678	0.01724	0.05242	0.01435	0.01925	0.01782	0.01209	0.43299	0.10918	0.07113	0.01965	0.07714	0.01553	0.00922	0.00678	0.00214	0.00676	0.00727	0.03168	0.01057
16	0.01565	0.01851	0.14018	0.02056	0.16458	0.06836	0.05389	0.06647	0.11477	0.02392	0.08327	0.08266	0.05581	0.00929	0.00704	0.00212	0.00737	0.00811	0.00486	0.05256
17	0.01575	0.01450	0.01669	0.05592	0.01789	0.10062	0.01217	0.05166	0.01444	0.05934	0.02200	0.13999	0.08364	0.01294	0.01394	0.00261	0.32314	0.03070	0.00454	0.00749

[dist]
# distance from previous block
# <min> <max>
2	6

[block]
# block no. 4 follows, 31 sequences, length 15
# corresponding to MSA columns:
# 1318-1332
name=unknown_E
#
# <colnr> <probs for GDERKNQSTAVLIFYWHMCP>
#	G	D	E	R	K	N	Q	S	T	A	V	L	I	F	Y	W	H	M	C	P
0	0.04089	0.01714	0.04289	0.01612	0.04404	0.01825	0.03555	0.39594	0.13254	0.03498	0.07233	0.04472	0.01791	0.00919	0.00776	0.00219	0.04359	0.00728	0.00627	0.01043
1	0.01578	0.06560	0.19864	0.01894	0.09816	0.04602	0.08865	0.06977	0.07000	0.02329	0.03883	0.05755	0.03316	0.00778	0.00659	0.00196	0.00787	0.00675	0.00425	0.14039
2	0.00916	0.00689	0.00848	0.00825	0.00994	0.00621	0.00612	0.01185	0.01790	0.02434	0.49380	0.11054	0.23056	0.01544	0.00813	0.00224	0.00335	0.01346	0.00713	0.00621
3	0.04548	0.02159	0.09897	0.01744	0.04359	0.17814	0.07072	0.07200	0.30979	0.04274	0.01919	0.01933	0.01445	0.00788	0.00672	0.00214	0.00825	0.00640	0.00526	0.00992
4	0.00908	0.00711	0.00832	0.00890	0.01047	0.00659	0.00652	0.01191	0.05704	0.01961	0.10593	0.32365	0.31438	0.01823	0.00836	0.00254	0.00397	0.06481	0.00648	0.00610
5	0.01630	0.01437	0.01752	0.11265	0.13513	0.03642	0.01301	0.09618	0.30021	0.02610	0.05819	0.02763	0.09786	0.00940	0.00706	0.00221	0.00644	0.00797	0.00571	0.00963
6	0.00862	0.00680	0.00762	0.00769	0.00944	0.00597	0.00557	0.01053	0.01581	0.02015	0.21638	0.14662	0.42905	0.06692	0.00996	0.00262	0.00368	0.01427	0.00649	0.00580
7	0.01127	0.00960	0.01161	0.04620	0.07210	0.00969	0.00883	0.01735	0.17090	0.02142	0.08009	0.14688	0.31779	0.01455	0.00780	0.00237	0.00470	0.03325	0.00615	0.00744
8	0.00988	0.00692	0.00892	0.00892	0.00942	0.00742	0.00596	0.01088	0.01038	0.01434	0.02023	0.03741	0.02168	0.46826	0.32176	0.00843	0.01144	0.00887	0.00395	0.00495
9	0.01513	0.01399	0.02383	0.17466	0.42017	0.01447	0.06293	0.01926	0.01545	0.02204	0.07215	0.02086	0.01551	0.00704	0.00682	0.00207	0.00773	0.00677	0.06974	0.00935
10	0.01510	0.01415	0.02314	0.29468	0.37730	0.01543	0.01867	0.02057	0.07239	0.02135	0.04972	0.01988	0.01379	0.00704	0.00688	0.00215	0.00801	0.00655	0.00377	0.00943
11	0.01659	0.01662	0.03002	0.03489	0.44098	0.01631	0.21512	0.02216	0.06314	0.02265	0.01415	0.01785	0.01137	0.00618	0.00709	0.00209	0.00880	0.00670	0.00368	0.04360
12	0.01439	0.01804	0.14159	0.22010	0.17369	0.01531	0.20899	0.01946	0.01484	0.02040	0.01493	0.07903	0.01277	0.00755	0.00728	0.00226	0.00933	0.00760	0.00348	0.00895
13	0.01847	0.01775	0.06000	0.20230	0.07390	0.12778	0.04939	0.11819	0.06938	0.07199	0.01663	0.04929	0.01321	0.00969	0.03602	0.00248	0.00890	0.00668	0.03894	0.00900
14	0.00998	0.00733	0.00955	0.01054	0.01175	0.00714	0.00800	0.01259	0.04162	0.01871	0.03471	0.36201	0.06043	0.08196	0.04069	0.00345	0.00563	0.23012	0.00597	0.03781

[dist]
# distance from previous block
# <min> <max>
0	2

[block]
# block no. 5 follows, 31 sequences, length 83
# corresponding to MSA columns:
# 1335-1399,1402-1419
name=unknown_F
#
# <colnr> <probs for GDERKNQSTAVLIFYWHMCP>
#	G	D	E	R	K	N	Q	S	T	A	V	L	I	F	Y	W	H	M	C	P
0	0.11834	0.01625	0.01989	0.18804	0.13657	0.03979	0.01476	0.26425	0.06344	0.05139	0.01486	0.01691	0.01104	0.00736	0.00649	0.00212	0.00768	0.00589	0.00504	0.00988
1	0.01601	0.12584	0.44434	0.01977	0.04876	0.09241	0.09088	0.02262	0.03924	0.02072	0.01247	0.01466	0.00937	0.00648	0.00638	0.00205	0.00991	0.00525	0.00318	0.00967
2	0.01651	0.01445	0.01140	0.01079	0.01314	0.20400	0.00830	0.04594	0.04103	0.02360	0.06943	0.02820	0.02042	0.00922	0.00598	0.00187	0.00621	0.06799	0.39435	0.00716
3	0.05178	0.00788	0.00848	0.00817	0.01051	0.00726	0.00615	0.01301	0.06030	0.02191	0.20817	0.10503	0.40966	0.01534	0.00775	0.00225	0.00372	0.01297	0.00647	0.03317
4	0.04302	0.01505	0.02369	0.04682	0.05948	0.01742	0.15321	0.01976	0.03255	0.06660	0.01240	0.01655	0.01031	0.00894	0.01409	0.00245	0.35271	0.00625	0.00375	0.09495
5	0.00942	0.00675	0.00822	0.00873	0.00902	0.00679	0.00557	0.01006	0.01156	0.01539	0.03021	0.33077	0.07136	0.38712	0.02225	0.00467	0.03820	0.01385	0.00511	0.00495
6	0.00978	0.00708	0.00985	0.00990	0.01074	0.00789	0.00718	0.01146	0.01075	0.01516	0.01988	0.05481	0.02028	0.26003	0.50346	0.00945	0.01442	0.00848	0.00389	0.00551
7	0.02517	0.03188	0.01976	0.01871	0.05199	0.70037	0.01356	0.02704	0.01922	0.01699	0.01068	0.01254	0.00890	0.00701	0.00620	0.00177	0.01215	0.00448	0.00352	0.00806
8	0.01000	0.00810	0.00954	0.00978	0.03538	0.02957	0.00698	0.01273	0.01788	0.02393	0.44725	0.07898	0.23450	0.01481	0.00803	0.00223	0.00387	0.03311	0.00686	0.00644
9	0.00834	0.00595	0.00794	0.00953	0.00992	0.00556	0.00635	0.00953	0.01310	0.01746	0.03771	0.75510	0.04525	0.02143	0.00873	0.00278	0.00397	0.01945	0.00635	0.00556
10	0.00972	0.00659	0.00762	0.00788	0.00805	0.00651	0.00468	0.01002	0.01070	0.01419	0.02548	0.13947	0.04733	0.61860	0.02985	0.00590	0.00618	0.03222	0.00456	0.00444
11	0.16647	0.09713	0.06598	0.16915	0.19063	0.14326	0.03467	0.02124	0.01489	0.02123	0.01133	0.01456	0.00912	0.00645	0.00597	0.00201	0.00867	0.00508	0.00342	0.00872
12	0.01448	0.01425	0.02232	0.53393	0.16861	0.05374	0.03616	0.01874	0.01430	0.01843	0.01215	0.01759	0.00945	0.00684	0.00731	0.00223	0.03203	0.00604	0.00314	0.00826
13	0.00894	0.00689	0.00770	0.00756	0.00947	0.00606	0.00560	0.01119	0.01656	0.02170	0.28259	0.07675	0.41715	0.03921	0.00876	0.00237	0.00348	0.01330	0.04875	0.00598
14	0.01174	0.00781	0.01075	0.01193	0.01349	0.00769	0.01006	0.01447	0.01530	0.05697	0.03486	0.13556	0.03773	0.06975	0.01100	0.00330	0.00608	0.52888	0.00627	0.00637
15	0.06428	0.01456	0.02118	0.15435	0.26537	0.05418	0.03951	0.01840	0.01412	0.02014	0.04060	0.02077	0.03864	0.03042	0.05885	0.00296	0.12294	0.00663	0.00363	0.00847
16	0.01928	0.05394	0.01444	0.01127	0.01489	0.03732	0.00909	0.10336	0.05316	0.23308	0.15304	0.06074	0.10647	0.01248	0.03002	0.00242	0.00583	0.03235	0.03792	0.00890
17	0.00834	0.00595	0.00794	0.00953	0.00992	0.00556	0.00635	0.00953	0.01310	0.01746	0.03771	0.75510	0.04525	0.02143	0.00873	0.00278	0.00397	0.01945	0.00635	0.00556
18	0.10552	0.06512	0.04615	0.01835	0.09573	0.22553	0.05433	0.12771	0.04035	0.02413	0.01619	0.08074	0.01469	0.00887	0.00659	0.00209	0.00864	0.04594	0.00456	0.00878
19	0.00914	0.00659	0.00908	0.00999	0.01069	0.00678	0.00714	0.01074	0.01228	0.01673	0.02975	0.40391	0.03376	0.10615	0.24323	0.00583	0.00900	0.05831	0.00526	0.00564
20	0.04462	0.01061	0.01469	0.01223	0.01550	0.01043	0.07806	0.04456	0.11425	0.13447	0.39050	0.03724	0.04165	0.01116	0.00755	0.00218	0.00501	0.00991	0.00703	0.00836
21	0.01340	0.01503	0.09270	0.47895	0.12266	0.01487	0.07043	0.01810	0.01413	0.01883	0.01421	0.07021	0.01195	0.00767	0.00703	0.00228	0.00892	0.00708	0.00333	0.00822
22	0.01011	0.00806	0.01055	0.01033	0.01189	0.00802	0.03142	0.01220	0.01471	0.01918	0.12679	0.09462	0.24339	0.13630	0.01382	0.00327	0.05961	0.17399	0.00578	0.00596
23	0.69467	0.09245	0.01312	0.00962	0.01399	0.04468	0.00809	0.02043	0.01218	0.02862	0.00957	0.01115	0.00761	0.00633	0.00433	0.00203	0.00578	0.00373	0.00407	0.00757
24	0.01423	0.01419	0.02392	0.54928	0.10988	0.04229	0.11177	0.01880	0.01442	0.01854	0.01240	0.01792	0.00945	0.00663	0.00698	0.00224	0.00948	0.00629	0.00315	0.00815
25	0.01839	0.02181	0.06463	0.02635	0.18483	0.20156	0.19523	0.02201	0.01565	0.01961	0.01174	0.01564	0.00972	0.00743	0.01001	0.00223	0.15475	0.00611	0.00334	0.00897
26	0.01671	0.06128	0.01987	0.01590	0.01817	0.14888	0.06354	0.07759	0.01475	0.01891	0.01325	0.01935	0.01218	0.07235	0.16971	0.00453	0.23544	0.00630	0.00369	0.00761
27	0.00991	0.00679	0.00825	0.00825	0.00853	0.00706	0.00513	0.01046	0.01018	0.01385	0.02083	0.04076	0.02313	0.60100	0.19101	0.00761	0.00925	0.00936	0.00404	0.00458
28	0.02199	0.33115	0.06372	0.01511	0.02013	0.33405	0.01322	0.09073	0.01815	0.01937	0.01081	0.01230	0.00907	0.00665	0.00552	0.00169	0.00968	0.00431	0.00358	0.00876
29	0.01443	0.01345	0.05418	0.01109	0.01672	0.01034	0.00935	0.04128	0.06742	0.02290	0.01490	0.01909	0.01279	0.04620	0.00710	0.00159	0.00559	0.02938	0.00439	0.59781
30	0.01834	0.04802	0.07533	0.10916	0.20378	0.06571	0.01610	0.11950	0.14060	0.05101	0.01741	0.01921	0.03045	0.00783	0.00753	0.00215	0.04691	0.00634	0.00467	0.00995
31	0.09363	0.01388	0.01622	0.05362	0.01839	0.05489	0.03477	0.12310	0.04333	0.18313	0.01888	0.05819	0.01473	0.00912	0.00866	0.00219	0.11292	0.00683	0.12456	0.00899
32	0.02296	0.01382	0.01708	0.01554	0.09888	0.03805	0.01110	0.11994	0.01938	0.31107	0.02256	0.02182	0.05871	0.00789	0.00649	0.00184	0.00624	0.00643	0.00631	0.19388
33	0.01449	0.01289	0.01927	0.04740	0.20275	0.01528	0.01432	0.01688	0.01287	0.04460	0.01778	0.04896	0.05370	0.06120	0.07615	0.00354	0.29394	0.03210	0.00386	0.00800
34	0.01337	0.03109	0.01815	0.01518	0.04525	0.01111	0.14818	0.04168	0.06327	0.04299	0.06843	0.16332	0.14440	0.01220	0.00760	0.00223	0.00621	0.05313	0.00545	0.10677
35	0.00833	0.00691	0.00728	0.00724	0.00940	0.00587	0.00541	0.01026	0.01608	0.01977	0.16298	0.08160	0.60141	0.01694	0.00810	0.00230	0.00344	0.01427	0.00653	0.00587
36	0.01465	0.01421	0.06482	0.01136	0.01743	0.01068	0.00978	0.03632	0.05448	0.02301	0.01310	0.01494	0.01066	0.00567	0.00578	0.00125	0.02480	0.00444	0.00418	0.65844
37	0.01780	0.01628	0.03359	0.02450	0.03060	0.01514	0.52101	0.02271	0.01648	0.13211	0.01808	0.06799	0.01447	0.00757	0.00797	0.00233	0.01000	0.02757	0.00452	0.00929
38	0.01581	0.01414	0.02019	0.01718	0.01788	0.01894	0.03086	0.01758	0.01139	0.07275	0.01133	0.01673	0.01034	0.01488	0.08110	0.00359	0.60786	0.00622	0.00350	0.00774
39	0.01645	0.01604	0.02597	0.16902	0.55153	0.04122	0.02020	0.02045	0.01523	0.02111	0.01256	0.01696	0.01040	0.00642	0.00717	0.00209	0.02777	0.00603	0.00332	0.01005
40	0.00851	0.00608	0.00814	0.00973	0.01021	0.00571	0.00666	0.00983	0.01327	0.01766	0.03761	0.71012	0.04486	0.02127	0.00878	0.00280	0.00412	0.06267	0.00635	0.00561
41	0.01372	0.03539	0.72412	0.01950	0.02961	0.01589	0.02528	0.02167	0.01444	0.02167	0.01228	0.01444	0.00867	0.00650	0.00650	0.00217	0.01011	0.00506	0.00289	0.01011
42	0.00919	0.00688	0.00853	0.00833	0.00997	0.00621	0.00617	0.01189	0.01790	0.02446	0.50315	0.12483	0.20637	0.01547	0.00814	0.00225	0.00335	0.01354	0.00715	0.00621
43	0.01139	0.00603	0.00874	0.00890	0.00903	0.00603	0.00595	0.00935	0.00963	0.01308	0.01554	0.09880	0.01628	0.05653	0.04722	0.63233	0.00608	0.00759	0.02801	0.00350
44	0.01419	0.01216	0.01419	0.01013	0.01621	0.00912	0.00811	0.01723	0.01419	0.02229	0.01216	0.01419	0.01013	0.00507	0.00507	0.00101	0.00507	0.00405	0.00405	0.80139
45	0.80789	0.01323	0.01006	0.00900	0.01323	0.01535	0.00741	0.02011	0.01164	0.03070	0.00953	0.01111	0.00741	0.00635	0.00423	0.00212	0.00529	0.00370	0.00423	0.00741
46	0.00981	0.00718	0.01023	0.01023	0.01118	0.00813	0.00759	0.01172	0.01077	0.01531	0.01903	0.03076	0.01879	0.20511	0.58096	0.01005	0.01579	0.00790	0.00377	0.00568
47	0.01271	0.00763	0.00956	0.00868	0.01097	0.00686	0.00665	0.01558	0.01839	0.12837	0.45008	0.04790	0.17046	0.01336	0.00767	0.00214	0.00365	0.01153	0.06072	0.00710
48	0.01552	0.01326	0.01479	0.01447	0.05967	0.01477	0.01048	0.04840	0.49887	0.02712	0.08068	0.05755	0.09349	0.01065	0.00720	0.00230	0.00524	0.00903	0.00669	0.00983
49	0.02758	0.01343	0.01723	0.05205	0.01982	0.01329	0.01135	0.16278	0.05175	0.49080	0.02342	0.02142	0.01533	0.00851	0.00750	0.00216	0.03610	0.00670	0.00757	0.01122
50	0.00911	0.00697	0.00835	0.00800	0.00987	0.00621	0.00600	0.01180	0.01801	0.02421	0.48101	0.05642	0.29883	0.01519	0.00808	0.00221	0.00331	0.01312	0.00711	0.00621
51	0.02002	0.39831	0.10035	0.01516	0.02093	0.16859	0.06178	0.04367	0.03994	0.05597	0.01209	0.01346	0.00983	0.00649	0.00553	0.00174	0.00879	0.00466	0.00364	0.00908
52	0.01447	0.06098	0.67470	0.01896	0.02875	0.01609	0.02426	0.02203	0.01460	0.04563	0.01269	0.01462	0.00896	0.00654	0.00644	0.00214	0.00986	0.00507	0.00308	0.01012
53	0.00993	0.00745	0.01036	0.01048	0.01129	0.00834	0.00777	0.01171	0.01164	0.01633	0.04957	0.15456	0.02554	0.17436	0.37859	0.00764	0.05763	0.03663	0.00442	0.00575
54	0.01409	0.05473	0.64823	0.02071	0.06457	0.01627	0.04479	0.02161	0.01454	0.02155	0.01228	0.01459	0.00883	0.00644	0.00650	0.00214	0.00997	0.00516	0.00293	0.01008
55	0.69051	0.12480	0.01389	0.00940	0.01387	0.01709	0.00805	0.02017	0.01198	0.02852	0.00952	0.01109	0.00761	0.00628	0.00426	0.00202	0.00559	0.00370	0.00404	0.00761
56	0.80789	0.01323	0.01006	0.00900	0.01323	0.01535	0.00741	0.02011	0.01164	0.03070	0.00953	0.01111	0.00741	0.00635	0.00423	0.00212	0.00529	0.00370	0.00423	0.00741
57	0.00846	0.00617	0.00797	0.00916	0.00989	0.00568	0.00624	0.00993	0.01405	0.01867	0.11570	0.60583	0.11668	0.02018	0.00859	0.00266	0.00383	0.01815	0.00648	0.00568
58	0.01244	0.01032	0.01650	0.02041	0.18771	0.01021	0.05346	0.01573	0.01540	0.02064	0.02933	0.14396	0.03137	0.01529	0.00862	0.00278	0.00677	0.38614	0.00542	0.00750
59	0.00844	0.00603	0.00803	0.00946	0.00995	0.00563	0.00636	0.00979	0.01358	0.01823	0.08978	0.70084	0.04674	0.02086	0.00868	0.00273	0.00391	0.01890	0.00644	0.00563
60	0.01536	0.01212	0.00968	0.00934	0.01141	0.15189	0.00705	0.01912	0.05440	0.02353	0.02120	0.04688	0.01752	0.00862	0.00545	0.00175	0.00526	0.02741	0.54510	0.00691
61	0.00968	0.00628	0.00742	0.00818	0.00928	0.00589	0.00574	0.01167	0.01423	0.02063	0.08351	0.39876	0.13106	0.01643	0.00744	0.00233	0.00362	0.01446	0.23748	0.00589
62	0.01845	0.71096	0.03473	0.01214	0.01771	0.05334	0.01187	0.02061	0.01399	0.01613	0.00953	0.01116	0.00879	0.00610	0.00507	0.00153	0.03247	0.00376	0.00295	0.00870
63	0.02064	0.01171	0.01404	0.01160	0.01555	0.01157	0.00928	0.13364	0.11968	0.27462	0.18789	0.03359	0.10455	0.01079	0.00729	0.00217	0.00518	0.00898	0.00754	0.00968
64	0.02029	0.01716	0.02382	0.10277	0.08695	0.01862	0.13674	0.31553	0.14970	0.03188	0.01727	0.01872	0.01276	0.00763	0.00708	0.00217	0.00810	0.00678	0.00552	0.01052
65	0.01497	0.01497	0.02095	0.01796	0.01796	0.02095	0.01497	0.01646	0.01048	0.01646	0.00898	0.01497	0.00898	0.01197	0.02245	0.00299	0.74704	0.00599	0.00299	0.00748
66	0.01292	0.01216	0.02052	0.74312	0.04712	0.01520	0.01900	0.01748	0.01368	0.01748	0.01216	0.01824	0.00912	0.00684	0.00684	0.00228	0.00912	0.00608	0.00304	0.00760
67	0.00945	0.00691	0.00887	0.00854	0.01012	0.00633	0.00635	0.01240	0.01858	0.02594	0.60925	0.10709	0.11493	0.01483	0.00812	0.00221	0.00330	0.01309	0.00735	0.00633
68	0.00899	0.00647	0.00867	0.01019	0.01095	0.00614	0.00747	0.01069	0.01386	0.01825	0.03861	0.55871	0.07066	0.02064	0.00888	0.00285	0.00453	0.18134	0.00634	0.00575
69	0.01352	0.01167	0.01836	0.57459	0.03921	0.01412	0.01651	0.05905	0.01496	0.02002	0.01505	0.04152	0.01223	0.00788	0.00677	0.00224	0.00816	0.02998	0.08655	0.00762
70	0.01719	0.01627	0.02224	0.01798	0.02261	0.04352	0.19310	0.05773	0.44599	0.02661	0.02331	0.04584	0.01802	0.00860	0.00728	0.00230	0.00735	0.00801	0.00587	0.01016
71	0.01570	0.14617	0.17263	0.02401	0.14221	0.01773	0.24333	0.02160	0.05872	0.02112	0.01586	0.04548	0.03021	0.00710	0.00687	0.00211	0.00908	0.00696	0.00365	0.00947
72	0.01839	0.01642	0.01618	0.01435	0.01832	0.07203	0.01119	0.08855	0.59808	0.02888	0.02561	0.02378	0.01922	0.00903	0.00689	0.00226	0.00611	0.00735	0.00669	0.01067
73	0.01324	0.00774	0.01009	0.00906	0.01131	0.00703	0.00695	0.01632	0.01908	0.14266	0.55081	0.04602	0.07729	0.01296	0.00775	0.00213	0.00367	0.01130	0.03732	0.00729
74	0.01237	0.01001	0.01433	0.21458	0.02270	0.01104	0.01172	0.01423	0.01381	0.01883	0.02575	0.32709	0.02761	0.02409	0.16667	0.00476	0.05534	0.01246	0.00521	0.00739
75	0.01867	0.36390	0.27578	0.01723	0.02457	0.02230	0.06697	0.06081	0.04084	0.02225	0.01381	0.01629	0.01129	0.00762	0.00649	0.00220	0.00913	0.00542	0.00399	0.01044
76	0.01180	0.00884	0.01116	0.01159	0.01271	0.00879	0.00840	0.02925	0.01536	0.02097	0.11548	0.38659	0.08423	0.04586	0.09006	0.00404	0.05345	0.06788	0.00649	0.00706
77	0.01141	0.00839	0.01001	0.01081	0.01219	0.00771	0.00803	0.01260	0.01524	0.01977	0.04386	0.23790	0.21084	0.13521	0.01358	0.00370	0.00567	0.21986	0.00656	0.00666
78	0.06773	0.01601	0.06145	0.04048	0.17311	0.07042	0.03916	0.05624	0.07783	0.04254	0.05594	0.04578	0.07725	0.01087	0.03522	0.00254	0.08492	0.00749	0.02623	0.00878
79	0.04732	0.20785	0.33453	0.01657	0.02358	0.08142	0.04146	0.02268	0.07467	0.02065	0.01350	0.01662	0.01088	0.00720	0.00655	0.00204	0.03118	0.02850	0.00350	0.00931
80	0.01010	0.00713	0.00829	0.00873	0.01020	0.00668	0.00620	0.01262	0.05312	0.04505	0.04443	0.32537	0.25650	0.09067	0.01070	0.00289	0.00424	0.03553	0.05545	0.00609
81	0.06446	0.01014	0.03928	0.14328	0.01946	0.01025	0.01078	0.01627	0.01403	0.10097	0.08055	0.10836	0.06801	0.02301	0.21321	0.00481	0.02796	0.03296	0.00498	0.00724
82	0.04589	0.01602	0.02387	0.08621	0.06609	0.07726	0.21555	0.09533	0.01768	0.10819	0.01867	0.04210	0.03607	0.00937	0.02640	0.00244	0.03224	0.03176	0.03989	0.00897

[dist]
# distance from previous block
# <min> <max>
1	5

[block]
# block no. 6 follows, 31 sequences, length 43
# corresponding to MSA columns:
# 1431-1440,1450-1482
name=unknown_G
#
# <colnr> <probs for GDERKNQSTAVLIFYWHMCP>
#	G	D	E	R	K	N	Q	S	T	A	V	L	I	F	Y	W	H	M	C	P
0	0.07138	0.08492	0.12199	0.07678	0.04353	0.05528	0.03392	0.05968	0.03703	0.13811	0.01751	0.04633	0.03506	0.00816	0.00751	0.00205	0.06273	0.00629	0.00470	0.08705
1	0.01984	0.04374	0.04369	0.10724	0.04529	0.27987	0.03594	0.04880	0.05708	0.05491	0.01391	0.03881	0.01158	0.00849	0.00932	0.00216	0.14012	0.00597	0.02482	0.00843
2	0.01048	0.00664	0.00900	0.00900	0.00937	0.00702	0.00606	0.01033	0.00996	0.01365	0.01761	0.03192	0.01851	0.31606	0.24812	0.25029	0.01004	0.00792	0.00364	0.00439
3	0.01603	0.01580	0.02831	0.17653	0.48068	0.01621	0.12478	0.02045	0.01530	0.02133	0.01288	0.01742	0.01043	0.00619	0.00699	0.00212	0.00885	0.00640	0.00333	0.00996
4	0.01661	0.28855	0.29256	0.09238	0.04738	0.05960	0.01800	0.04748	0.04145	0.02010	0.01196	0.01407	0.00941	0.00650	0.00581	0.00190	0.00880	0.00481	0.00328	0.00937
5	0.01945	0.01482	0.07496	0.01282	0.01664	0.09862	0.01097	0.06794	0.01808	0.23631	0.09601	0.11714	0.04766	0.01459	0.06098	0.00291	0.00751	0.06756	0.00631	0.00873
6	0.01653	0.00864	0.01104	0.00967	0.01240	0.00784	0.00738	0.01945	0.03857	0.25068	0.28850	0.07998	0.11533	0.09032	0.01047	0.00266	0.00456	0.01080	0.00727	0.00791
7	0.01551	0.01295	0.01764	0.07201	0.09957	0.03471	0.07866	0.09029	0.12114	0.05799	0.09569	0.07601	0.10189	0.06466	0.00943	0.00257	0.00665	0.02853	0.00559	0.00851
8	0.01905	0.09506	0.02557	0.06572	0.37364	0.08170	0.03720	0.07811	0.01706	0.06700	0.01363	0.01655	0.01092	0.00681	0.00712	0.00200	0.03896	0.00581	0.02812	0.00999
9	0.03845	0.05038	0.24357	0.01674	0.05848	0.07663	0.01581	0.12646	0.03835	0.10489	0.01808	0.07211	0.01520	0.03350	0.03110	0.00259	0.00849	0.03485	0.00484	0.00948
10	0.00861	0.00646	0.00802	0.00884	0.00998	0.00586	0.00627	0.01037	0.01491	0.01955	0.16133	0.43147	0.21804	0.01901	0.00848	0.00257	0.00381	0.04405	0.00655	0.00580
11	0.00844	0.00672	0.00757	0.00783	0.00958	0.00585	0.00569	0.01033	0.01573	0.01992	0.18204	0.21964	0.44125	0.01764	0.00823	0.00239	0.00354	0.01519	0.00657	0.00585
12	0.80789	0.01323	0.01006	0.00900	0.01323	0.01535	0.00741	0.02011	0.01164	0.03070	0.00953	0.01111	0.00741	0.00635	0.00423	0.00212	0.00529	0.00370	0.00423	0.00741
13	0.02102	0.01625	0.01886	0.01544	0.01981	0.08746	0.08522	0.20644	0.14690	0.13886	0.04400	0.06716	0.03998	0.00993	0.00728	0.00223	0.00727	0.04969	0.00636	0.00984
14	0.01743	0.01304	0.01357	0.01149	0.01494	0.03515	0.00910	0.26548	0.10703	0.03144	0.13250	0.03100	0.11404	0.01034	0.00678	0.00204	0.00537	0.00838	0.16205	0.00883
15	0.00973	0.00724	0.00908	0.00858	0.01035	0.00673	0.00645	0.01331	0.04183	0.02637	0.61117	0.05206	0.14295	0.01424	0.00803	0.00218	0.00333	0.01247	0.00737	0.00652
16	0.00879	0.00629	0.00815	0.00946	0.01004	0.00594	0.00652	0.01008	0.01315	0.01735	0.03749	0.56253	0.08060	0.10660	0.01180	0.00324	0.00449	0.08593	0.00609	0.00548
17	0.01702	0.01470	0.01547	0.01392	0.01779	0.01702	0.01083	0.03635	0.70453	0.02862	0.02785	0.02553	0.02088	0.00928	0.00696	0.00232	0.00541	0.00773	0.00696	0.01083
18	0.01370	0.01279	0.02064	0.60487	0.10355	0.01548	0.01833	0.01976	0.08583	0.01907	0.01386	0.01888	0.01050	0.00703	0.00685	0.00226	0.00865	0.00625	0.00348	0.00822
19	0.00977	0.00733	0.01100	0.01100	0.01222	0.00855	0.00855	0.01222	0.01100	0.01588	0.01833	0.02688	0.01710	0.05131	0.73245	0.01100	0.01833	0.00733	0.00367	0.00611
20	0.02556	0.03261	0.01939	0.01763	0.02115	0.73210	0.01322	0.02732	0.01939	0.01674	0.01058	0.01234	0.00881	0.00705	0.00617	0.00176	0.01234	0.00441	0.00353	0.00793
21	0.02438	0.03038	0.02053	0.02095	0.11602	0.63448	0.01428	0.02646	0.01887	0.01751	0.01089	0.01296	0.00909	0.00692	0.00625	0.00180	0.01176	0.00464	0.00351	0.00833
22	0.01605	0.01585	0.02619	0.24251	0.45199	0.04350	0.06437	0.02028	0.01521	0.02070	0.01264	0.01723	0.01023	0.00633	0.00685	0.00211	0.00880	0.00616	0.00330	0.00969
23	0.01514	0.01221	0.01353	0.01250	0.01552	0.01346	0.00967	0.10617	0.36515	0.02739	0.09838	0.16331	0.05279	0.01268	0.00757	0.00240	0.00518	0.05101	0.00683	0.00909
24	0.00979	0.00726	0.01063	0.01063	0.01172	0.00835	0.00809	0.01198	0.01089	0.01561	0.01866	0.02874	0.01791	0.12511	0.65976	0.01054	0.01711	0.00760	0.00372	0.00590
25	0.01317	0.01228	0.01971	0.55757	0.10973	0.01459	0.01743	0.01843	0.06051	0.01881	0.01836	0.02282	0.07270	0.00786	0.00695	0.00226	0.00827	0.00694	0.00363	0.00798
26	0.00867	0.00695	0.00773	0.00754	0.00960	0.00602	0.00565	0.01094	0.01696	0.02173	0.30305	0.06049	0.47834	0.01611	0.00808	0.00225	0.00338	0.01369	0.00678	0.00602
27	0.01860	0.73274	0.03515	0.01196	0.01771	0.05691	0.01177	0.02078	0.01413	0.01612	0.00956	0.01103	0.00878	0.00590	0.00447	0.00148	0.00753	0.00369	0.00295	0.00874
28	0.01894	0.66156	0.05745	0.01239	0.01835	0.02608	0.01230	0.09071	0.01582	0.01910	0.01032	0.01166	0.00907	0.00612	0.00472	0.00155	0.00743	0.00397	0.00333	0.00912
29	0.00829	0.00690	0.00723	0.00723	0.00938	0.00585	0.00539	0.01018	0.01595	0.01951	0.14490	0.09034	0.61117	0.01708	0.00811	0.00231	0.00346	0.01438	0.00649	0.00585
30	0.01952	0.25812	0.04244	0.01128	0.01556	0.01586	0.01002	0.06899	0.01645	0.19371	0.02051	0.06704	0.03746	0.03115	0.00724	0.00203	0.03171	0.00673	0.13535	0.00885
31	0.01179	0.08517	0.01115	0.00863	0.00924	0.00842	0.00583	0.01053	0.00984	0.01287	0.01546	0.02924	0.01669	0.31240	0.02760	0.40404	0.00636	0.00729	0.00343	0.00404
32	0.01942	0.47696	0.07891	0.01365	0.01921	0.13508	0.01289	0.06216	0.08781	0.01945	0.01218	0.01326	0.01020	0.00658	0.00523	0.00168	0.00811	0.00444	0.00366	0.00912
33	0.01471	0.03621	0.07280	0.05194	0.21766	0.01394	0.14352	0.01925	0.03763	0.04310	0.02464	0.03376	0.10196	0.01005	0.00809	0.00236	0.03254	0.12257	0.00447	0.00881
34	0.02224	0.06677	0.01929	0.01650	0.04290	0.36406	0.01245	0.11474	0.19919	0.02370	0.01626	0.01684	0.01270	0.00771	0.00633	0.00193	0.00916	0.00558	0.03239	0.00926
35	0.01419	0.01216	0.01419	0.01013	0.01621	0.00912	0.00811	0.01723	0.01419	0.02229	0.01216	0.01419	0.01013	0.00507	0.00507	0.00101	0.00507	0.00405	0.00405	0.80139
36	0.01442	0.01387	0.05873	0.11692	0.14091	0.01386	0.03648	0.06213	0.17059	0.02318	0.04272	0.17347	0.02275	0.01126	0.00794	0.00239	0.03066	0.04370	0.00519	0.00881
37	0.01930	0.13259	0.01964	0.01420	0.03689	0.06528	0.01134	0.25976	0.02022	0.04828	0.01666	0.03960	0.01447	0.06227	0.10562	0.00351	0.05668	0.02623	0.03855	0.00890
38	0.01684	0.01708	0.08385	0.02000	0.13178	0.01672	0.06199	0.05825	0.43503	0.02688	0.02282	0.02377	0.01758	0.00851	0.00704	0.00227	0.00682	0.02647	0.00575	0.01055
39	0.00995	0.00663	0.00746	0.00746	0.00746	0.00663	0.00415	0.00995	0.00995	0.01327	0.02156	0.04477	0.02487	0.75957	0.03482	0.00663	0.00663	0.00995	0.00415	0.00415
40	0.04592	0.06838	0.29778	0.04281	0.11503	0.04041	0.03879	0.07489	0.01606	0.02312	0.01451	0.03214	0.02968	0.00696	0.00628	0.00193	0.00831	0.00567	0.00372	0.12759
41	0.01602	0.03418	0.01995	0.06486	0.29508	0.04181	0.01464	0.02328	0.18330	0.04336	0.02142	0.05202	0.04578	0.01147	0.05444	0.00274	0.00768	0.02618	0.03230	0.00950
42	0.15124	0.01704	0.02022	0.13672	0.23809	0.13579	0.03775	0.04627	0.01558	0.02253	0.01358	0.05526	0.01173	0.00756	0.00679	0.00210	0.03007	0.00620	0.03681	0.00867

[dist]
# distance from previous block
# <min> <max>
2	6

[block]
# block no. 7 follows, 31 sequences, length 9
# corresponding to MSA columns:
# 1491-1499
name=unknown_H
#
# <colnr> <probs for GDERKNQSTAVLIFYWHMCP>
#	G	D	E	R	K	N	Q	S	T	A	V	L	I	F	Y	W	H	M	C	P
0	0.01617	0.11354	0.15067	0.01909	0.13074	0.06710	0.04724	0.05955	0.04233	0.02256	0.04692	0.02392	0.01613	0.00814	0.00653	0.00198	0.00775	0.08003	0.02854	0.11107
1	0.01161	0.00945	0.01127	0.01060	0.01327	0.00929	0.03263	0.06780	0.10622	0.02284	0.09853	0.07799	0.34671	0.01534	0.00812	0.00245	0.00486	0.13742	0.00644	0.00715
2	0.02310	0.01724	0.01838	0.01464	0.01947	0.01919	0.01191	0.50424	0.17109	0.03873	0.01927	0.01903	0.01402	0.00842	0.00671	0.00207	0.00675	0.00651	0.06819	0.01106
3	0.00942	0.00682	0.00912	0.00945	0.01022	0.00722	0.00665	0.01087	0.01141	0.01563	0.02625	0.18824	0.06504	0.24299	0.34103	0.00753	0.01114	0.01104	0.00452	0.00542
4	0.01234	0.00833	0.01134	0.01117	0.03880	0.00762	0.03596	0.01475	0.01612	0.10962	0.16905	0.14676	0.24775	0.03863	0.04239	0.00291	0.00532	0.06773	0.00642	0.00696
5	0.01761	0.37499	0.21617	0.04296	0.02342	0.11726	0.05536	0.02155	0.01478	0.01807	0.01072	0.01292	0.00887	0.00643	0.00611	0.00182	0.03442	0.00456	0.00303	0.00896
6	0.00977	0.00733	0.01100	0.01100	0.01222	0.00855	0.00855	0.01222	0.01100	0.01588	0.01833	0.02688	0.01710	0.05131	0.73245	0.01100	0.01833	0.00733	0.00367	0.00611
7	0.00977	0.00733	0.01100	0.01100	0.01222	0.00855	0.00855	0.01222	0.01100	0.01588	0.01833	0.02688	0.01710	0.05131	0.73245	0.01100	0.01833	0.00733	0.00367	0.00611
8	0.01526	0.01549	0.05791	0.11324	0.47555	0.01479	0.04882	0.01933	0.01516	0.02114	0.01728	0.02428	0.04547	0.03332	0.00802	0.00232	0.00809	0.05123	0.00369	0.00960

[dist]
# distance from previous block
# <min> <max>
0	1

[block]
# block no. 8 follows, 31 sequences, length 24
# corresponding to MSA columns:
# 1501-1524
name=unknown_I
#
# <colnr> <probs for GDERKNQSTAVLIFYWHMCP>
#	G	D	E	R	K	N	Q	S	T	A	V	L	I	F	Y	W	H	M	C	P
0	0.01597	0.01764	0.05745	0.02051	0.02352	0.06646	0.21758	0.04283	0.01373	0.01916	0.01182	0.01746	0.01040	0.03846	0.04642	0.00311	0.35931	0.00667	0.00337	0.00812
1	0.01182	0.00917	0.01343	0.01334	0.04270	0.01115	0.00990	0.01304	0.01077	0.01583	0.01475	0.02240	0.01390	0.03303	0.36582	0.16983	0.18406	0.00665	0.03244	0.00600
2	0.15962	0.09875	0.05507	0.01567	0.01987	0.50490	0.01268	0.02514	0.01728	0.01935	0.01038	0.01210	0.00856	0.00679	0.00568	0.00182	0.01053	0.00425	0.00356	0.00803
3	0.00824	0.00692	0.00718	0.00735	0.00951	0.00586	0.00554	0.01000	0.01546	0.01851	0.06592	0.10666	0.64366	0.01764	0.00819	0.00238	0.00363	0.04523	0.00635	0.00579
4	0.01625	0.13081	0.18089	0.05468	0.13062	0.06750	0.06156	0.02266	0.10609	0.04235	0.05444	0.02059	0.03951	0.00914	0.03208	0.00236	0.00853	0.00643	0.00417	0.00934
5	0.00817	0.00693	0.00704	0.00702	0.00929	0.00581	0.00526	0.00998	0.01579	0.01894	0.10196	0.06509	0.68118	0.01716	0.00808	0.00230	0.00345	0.01433	0.00641	0.00581
6	0.01601	0.01656	0.07418	0.10158	0.29101	0.01563	0.13583	0.08043	0.03579	0.02358	0.04205	0.02411	0.03639	0.00803	0.00759	0.00223	0.02364	0.05165	0.00417	0.00956
7	0.01841	0.69826	0.06582	0.01232	0.01826	0.05833	0.01238	0.02085	0.01417	0.01637	0.00968	0.01119	0.00878	0.00594	0.00456	0.00151	0.00767	0.00375	0.00295	0.00880
8	0.04057	0.02959	0.09090	0.04209	0.11031	0.03739	0.01211	0.01661	0.04596	0.02136	0.12451	0.17241	0.04680	0.01387	0.02823	0.02237	0.03100	0.06879	0.03759	0.00755
9	0.02017	0.10689	0.10744	0.05102	0.13943	0.18571	0.06255	0.11623	0.08085	0.04444	0.01419	0.01595	0.01097	0.00700	0.00645	0.00198	0.00914	0.00562	0.00425	0.00973
10	0.01615	0.01845	0.04037	0.02884	0.03576	0.01730	0.69204	0.02191	0.01615	0.02191	0.01384	0.01845	0.01038	0.00577	0.00807	0.00231	0.01153	0.00807	0.00346	0.00923
11	0.01419	0.01216	0.01419	0.01013	0.01621	0.00912	0.00811	0.01723	0.01419	0.02229	0.01216	0.01419	0.01013	0.00507	0.00507	0.00101	0.00507	0.00405	0.00405	0.80139
12	0.00863	0.00616	0.00827	0.00986	0.01039	0.00581	0.00686	0.01003	0.01339	0.01779	0.03755	0.68120	0.04461	0.02116	0.00881	0.00282	0.00422	0.09045	0.00635	0.00564
13	0.00830	0.00608	0.00781	0.00920	0.00984	0.00558	0.00621	0.00956	0.01341	0.01759	0.04165	0.66916	0.12864	0.02092	0.00865	0.00272	0.00391	0.01882	0.00635	0.00558
14	0.00972	0.00793	0.01046	0.01223	0.09268	0.00739	0.00785	0.01210	0.01579	0.02088	0.22103	0.15728	0.29930	0.01879	0.07249	0.00308	0.00535	0.01305	0.00607	0.00654
15	0.02205	0.02029	0.02020	0.01672	0.02002	0.16089	0.01355	0.32010	0.05508	0.02892	0.01350	0.01560	0.01069	0.00921	0.01158	0.00230	0.23889	0.00584	0.00500	0.00957
16	0.01307	0.01189	0.01881	0.39843	0.16364	0.01360	0.01597	0.01734	0.03510	0.01953	0.04530	0.05062	0.08879	0.00890	0.00753	0.00224	0.03366	0.00773	0.03989	0.00794
