[name]
unknown

[dist]
# distance from previous block
# <min> <max>
0	61

[block]
# block no. 0 follows, 32 sequences, length 11
# corresponding to MSA columns:
# 79-89
name=unknown_A
#
# <colnr> <probs for GDERKNQSTAVLIFYWHMCP>
#	G	D	E	R	K	N	Q	S	T	A	V	L	I	F	Y	W	H	M	C	P
0	0.01168	0.00787	0.01086	0.01205	0.01382	0.00773	0.01047	0.01467	0.01564	0.05711	0.03671	0.07234	0.07225	0.01792	0.00907	0.00299	0.00601	0.60809	0.00629	0.00643
1	0.01703	0.01575	0.05750	0.13507	0.06649	0.05260	0.13878	0.13214	0.04948	0.06914	0.01834	0.12346	0.01601	0.00918	0.00768	0.00222	0.03751	0.00820	0.03460	0.00879
2	0.23913	0.01250	0.01438	0.01143	0.01631	0.01232	0.00941	0.08059	0.04114	0.46390	0.02110	0.01919	0.01383	0.00775	0.00605	0.00208	0.00569	0.00589	0.00702	0.01028
3	0.01147	0.00595	0.00892	0.00892	0.00903	0.00605	0.00605	0.00903	0.00892	0.01200	0.01221	0.02092	0.01210	0.02568	0.08861	0.73514	0.00689	0.00595	0.00297	0.00318
4	0.01495	0.01648	0.03492	0.09543	0.03384	0.01580	0.56955	0.02027	0.01589	0.02157	0.07798	0.02101	0.01493	0.00650	0.00780	0.00225	0.01034	0.00812	0.00372	0.00865
5	0.00846	0.00672	0.00760	0.00760	0.00944	0.00586	0.00561	0.01058	0.01623	0.02085	0.27414	0.13359	0.43685	0.01637	0.00799	0.00226	0.00338	0.01403	0.00660	0.00586
6	0.01485	0.01452	0.02025	0.01862	0.07358	0.01896	0.01436	0.01739	0.04054	0.01763	0.01018	0.01520	0.00955	0.01055	0.01859	0.00266	0.59277	0.00578	0.00323	0.08079
7	0.08800	0.01826	0.01772	0.01417	0.01896	0.11388	0.01149	0.39848	0.04792	0.14786	0.01708	0.01689	0.01208	0.00782	0.00635	0.00198	0.00733	0.00579	0.03757	0.01037
8	0.00961	0.00707	0.01019	0.01019	0.01118	0.00807	0.00765	0.01160	0.01061	0.01514	0.01852	0.02936	0.01808	0.17254	0.61716	0.01005	0.01601	0.00763	0.00368	0.00566
9	0.68949	0.01479	0.03257	0.01079	0.03515	0.04413	0.00871	0.05794	0.01304	0.02974	0.00994	0.01150	0.00769	0.00635	0.00451	0.00206	0.00581	0.00390	0.00420	0.00770
10	0.23330	0.22245	0.08352	0.01486	0.08955	0.01820	0.01220	0.10579	0.01606	0.07708	0.03111	0.01444	0.01090	0.00661	0.00529	0.00185	0.00668	0.00475	0.00431	0.04104

[dist]
# distance from previous block
# <min> <max>
0	3

[block]
# block no. 1 follows, 32 sequences, length 6
# corresponding to MSA columns:
# 93-98
name=unknown_B
#
# <colnr> <probs for GDERKNQSTAVLIFYWHMCP>
#	G	D	E	R	K	N	Q	S	T	A	V	L	I	F	Y	W	H	M	C	P
0	0.01631	0.09956	0.47703	0.01963	0.07676	0.04236	0.04573	0.06755	0.01587	0.05969	0.01287	0.01468	0.00936	0.00650	0.00629	0.00203	0.00925	0.00516	0.00347	0.00992
1	0.00839	0.00609	0.00796	0.00928	0.00995	0.00565	0.00642	0.00983	0.01355	0.01795	0.07841	0.62381	0.09757	0.02014	0.00852	0.00268	0.00395	0.05801	0.00629	0.00556
2	0.01549	0.01842	0.11866	0.13758	0.14090	0.01608	0.32810	0.06575	0.01610	0.02207	0.01416	0.04926	0.01141	0.00678	0.00729	0.00220	0.00967	0.00730	0.00359	0.00916
3	0.00869	0.00614	0.00802	0.00906	0.00945	0.00602	0.00599	0.00973	0.01193	0.01604	0.03131	0.51778	0.03681	0.18919	0.09697	0.00448	0.00607	0.01566	0.00545	0.00520
4	0.10518	0.02088	0.05989	0.01503	0.02007	0.14878	0.01265	0.39065	0.07714	0.06206	0.01541	0.01569	0.01121	0.00765	0.00632	0.00200	0.00793	0.00556	0.00571	0.01018
5	0.01926	0.20547	0.08027	0.01734	0.09469	0.17026	0.03043	0.12571	0.05002	0.02244	0.01290	0.01474	0.01044	0.00815	0.03175	0.00206	0.00869	0.00500	0.02368	0.06670

[dist]
# distance from previous block
# <min> <max>
0	1

[block]
# block no. 2 follows, 32 sequences, length 30
# corresponding to MSA columns:
# 100-129
name=unknown_C
#
# <colnr> <probs for GDERKNQSTAVLIFYWHMCP>
#	G	D	E	R	K	N	Q	S	T	A	V	L	I	F	Y	W	H	M	C	P
0	0.01253	0.00805	0.01023	0.00971	0.01171	0.00770	0.00735	0.05495	0.03531	0.10110	0.33611	0.21366	0.08613	0.01583	0.02864	0.00255	0.00448	0.03999	0.00693	0.00703
1	0.01466	0.01419	0.02220	0.42235	0.28156	0.04545	0.01842	0.01875	0.01434	0.01909	0.01211	0.01695	0.00959	0.00635	0.00655	0.00205	0.00849	0.00578	0.00318	0.05795
2	0.01020	0.00826	0.01110	0.03254	0.05180	0.00789	0.03098	0.01327	0.04389	0.02013	0.13122	0.10635	0.28763	0.01586	0.00877	0.02994	0.00491	0.17292	0.00593	0.00640
3	0.01391	0.01193	0.01391	0.00994	0.01590	0.00894	0.00795	0.01690	0.01391	0.02186	0.01193	0.01391	0.00994	0.00497	0.00497	0.00099	0.00497	0.00398	0.00398	0.80521
4	0.01207	0.01004	0.01577	0.01280	0.01598	0.00931	0.14509	0.01592	0.04559	0.04771	0.28777	0.03936	0.11475	0.07070	0.03866	0.00277	0.00608	0.02646	0.00573	0.07743
5	0.00809	0.00657	0.00717	0.00752	0.00928	0.00565	0.00545	0.00975	0.01492	0.01842	0.10028	0.23293	0.51505	0.01777	0.00808	0.00237	0.00350	0.01523	0.00630	0.00565
6	0.01773	0.01521	0.02070	0.25395	0.22091	0.06023	0.01614	0.07481	0.14524	0.08331	0.01644	0.01879	0.01237	0.00720	0.00668	0.00211	0.00780	0.00624	0.00455	0.00957
7	0.05187	0.04881	0.02169	0.09271	0.16604	0.12735	0.04227	0.18587	0.01919	0.06945	0.01369	0.01603	0.01056	0.00738	0.00766	0.00204	0.07071	0.00568	0.03156	0.00941
8	0.01688	0.01342	0.01561	0.01157	0.01702	0.01202	0.00938	0.15080	0.01735	0.05418	0.01314	0.01475	0.01043	0.00613	0.00644	0.00136	0.05169	0.00461	0.00462	0.56863
9	0.02031	0.22484	0.02444	0.01804	0.10332	0.21988	0.03548	0.11362	0.11400	0.02219	0.01427	0.01659	0.01177	0.00722	0.00599	0.00185	0.00852	0.02420	0.00425	0.00921
10	0.01618	0.41187	0.24041	0.01643	0.02332	0.02167	0.11521	0.02048	0.01397	0.01824	0.01073	0.01299	0.00881	0.00616	0.00616	0.00182	0.03888	0.00471	0.00294	0.00901
11	0.00973	0.00663	0.00798	0.00794	0.00949	0.00614	0.00591	0.01242	0.01661	0.02380	0.37644	0.12848	0.15903	0.01402	0.00738	0.00212	0.00336	0.02968	0.16673	0.00610
12	0.00835	0.00601	0.00795	0.00933	0.00990	0.00560	0.00638	0.00974	0.01340	0.01788	0.08004	0.66794	0.06546	0.02035	0.00853	0.00269	0.00392	0.04469	0.00630	0.00554
13	0.00911	0.00684	0.00844	0.00804	0.00979	0.00617	0.00603	0.01192	0.01809	0.02475	0.55915	0.05367	0.22430	0.01452	0.00792	0.00215	0.00322	0.01263	0.00710	0.00617
14	0.01623	0.01708	0.04730	0.17242	0.43598	0.06462	0.10806	0.02049	0.01522	0.02056	0.01244	0.01667	0.01005	0.00615	0.00677	0.00206	0.00893	0.00609	0.00326	0.00960
15	0.00924	0.00685	0.00861	0.00817	0.00987	0.00622	0.00613	0.01216	0.01838	0.02546	0.61140	0.05251	0.17161	0.01426	0.00792	0.00214	0.00320	0.01247	0.00720	0.00622
16	0.01650	0.06040	0.20773	0.13878	0.10416	0.04232	0.05567	0.10075	0.06251	0.04584	0.01475	0.04660	0.01179	0.00770	0.00758	0.00216	0.05512	0.00630	0.00401	0.00933
17	0.02867	0.01174	0.01553	0.01212	0.01716	0.01059	0.00994	0.03302	0.09291	0.65243	0.02656	0.02307	0.01702	0.00839	0.00676	0.00210	0.00567	0.00684	0.00815	0.01133
18	0.02512	0.01375	0.01624	0.01298	0.01774	0.01404	0.01055	0.20139	0.18073	0.36372	0.02385	0.02173	0.01621	0.00840	0.00667	0.00208	0.00593	0.00674	0.04110	0.01102
19	0.02551	0.01813	0.01965	0.01514	0.02044	0.01991	0.01248	0.63072	0.05492	0.08850	0.01722	0.01689	0.01209	0.00811	0.00672	0.00203	0.00720	0.00614	0.00683	0.01138
20	0.00920	0.00677	0.00861	0.00830	0.00988	0.00618	0.00617	0.01203	0.01806	0.02507	0.58555	0.10570	0.14415	0.01468	0.00797	0.00218	0.00325	0.01291	0.00715	0.00618
21	0.02506	0.03198	0.01901	0.01729	0.02074	0.73725	0.01296	0.02679	0.01901	0.01642	0.01037	0.01210	0.00864	0.00691	0.00605	0.00173	0.01210	0.00432	0.00346	0.00778
22	0.01434	0.01218	0.01414	0.01014	0.01608	0.00938	0.00813	0.04218	0.01457	0.02262	0.01208	0.01400	0.00999	0.00508	0.00503	0.00103	0.00506	0.00405	0.00408	0.77582
23	0.00795	0.00673	0.00686	0.00697	0.00911	0.00565	0.00517	0.00961	0.01513	0.01806	0.06586	0.11192	0.67363	0.01727	0.00797	0.00230	0.00343	0.01450	0.00623	0.00565
24	0.01794	0.76823	0.03516	0.01148	0.01722	0.02655	0.01148	0.02009	0.01363	0.01579	0.00933	0.01076	0.00861	0.00574	0.00431	0.00144	0.00718	0.00359	0.00287	0.00861
25	0.01034	0.00857	0.00988	0.01012	0.03971	0.04811	0.00710	0.01309	0.01783	0.02408	0.50238	0.10258	0.15280	0.01405	0.00781	0.00215	0.00396	0.01226	0.00674	0.00643
26	0.02716	0.03568	0.01568	0.01187	0.01659	0.01062	0.00972	0.07116	0.01913	0.58822	0.02637	0.09833	0.01891	0.00952	0.00685	0.00212	0.00567	0.00788	0.00782	0.01071
27	0.01076	0.00769	0.01074	0.01219	0.01374	0.00766	0.01062	0.01385	0.01560	0.02037	0.06417	0.07462	0.03965	0.01833	0.00921	0.00305	0.00605	0.64929	0.00623	0.00618
28	0.01165	0.00858	0.01012	0.01016	0.01215	0.00851	0.00771	0.07200	0.09239	0.04489	0.08292	0.30184	0.19311	0.01651	0.00806	0.00250	0.00454	0.09898	0.00647	0.00691
29	0.42612	0.03269	0.01600	0.14865	0.10483	0.05747	0.01198	0.06761	0.01411	0.02605	0.01072	0.01341	0.00843	0.00662	0.00578	0.00208	0.03086	0.00462	0.00391	0.00806

[dist]
# distance from previous block
# <min> <max>
0	1

[block]
# block no. 3 follows, 32 sequences, length 12
# corresponding to MSA columns:
# 131-142
name=unknown_D
#
# <colnr> <probs for GDERKNQSTAVLIFYWHMCP>
#	G	D	E	R	K	N	Q	S	T	A	V	L	I	F	Y	W	H	M	C	P
0	0.76195	0.01334	0.01051	0.00924	0.01347	0.01542	0.00761	0.06267	0.01269	0.03087	0.00977	0.01123	0.00753	0.00634	0.00431	0.00207	0.00533	0.00379	0.00431	0.00753
1	0.00959	0.00719	0.01078	0.01078	0.01198	0.00839	0.00839	0.01198	0.01078	0.01558	0.01797	0.02636	0.01677	0.05032	0.73760	0.01078	0.01797	0.00719	0.00359	0.00599
2	0.81159	0.01298	0.00986	0.00882	0.01298	0.01505	0.00727	0.01972	0.01142	0.03010	0.00934	0.01090	0.00727	0.00623	0.00415	0.00208	0.00519	0.00363	0.00415	0.00727
3	0.02307	0.01561	0.01879	0.12795	0.02359	0.06776	0.04384	0.26774	0.02243	0.22834	0.04991	0.02191	0.01561	0.00838	0.00688	0.00210	0.00744	0.03244	0.00621	0.01000
4	0.01776	0.01394	0.01726	0.10622	0.12507	0.04231	0.01264	0.07384	0.27090	0.10998	0.11609	0.02495	0.02190	0.00872	0.00689	0.00214	0.00631	0.00744	0.00595	0.00969
5	0.00946	0.00713	0.00861	0.00895	0.01024	0.00687	0.00637	0.01270	0.07521	0.02037	0.21125	0.30610	0.15564	0.09565	0.01086	0.00287	0.00410	0.03524	0.00634	0.00603
6	0.00841	0.00598	0.00767	0.00892	0.00933	0.00562	0.00584	0.00942	0.01248	0.01654	0.03591	0.61827	0.07131	0.13569	0.01249	0.00329	0.00427	0.01742	0.00589	0.00525
7	0.06076	0.06126	0.02181	0.01851	0.04539	0.53854	0.08547	0.05565	0.01852	0.01893	0.01095	0.01295	0.00893	0.00672	0.00613	0.00181	0.01112	0.00477	0.00360	0.00819
8	0.05150	0.00967	0.01277	0.01363	0.08105	0.00965	0.02585	0.01853	0.11651	0.10802	0.09806	0.26109	0.06803	0.04821	0.00879	0.00258	0.00510	0.04715	0.00614	0.00768
9	0.04715	0.00755	0.00962	0.01038	0.01200	0.00722	0.00817	0.01295	0.01415	0.04471	0.03492	0.29705	0.08584	0.05383	0.00959	0.00288	0.00509	0.28262	0.00596	0.04833
10	0.01267	0.01193	0.02013	0.74806	0.04621	0.01491	0.01863	0.01714	0.01342	0.01714	0.01193	0.01789	0.00894	0.00671	0.00671	0.00224	0.00894	0.00596	0.00298	0.00745
11	0.01564	0.01642	0.09008	0.02627	0.31953	0.05196	0.10319	0.02048	0.05121	0.02220	0.01530	0.01868	0.01222	0.00708	0.00690	0.02493	0.00756	0.00618	0.17514	0.00904

[dist]
# distance from previous block
# <min> <max>
1	13

[block]
# block no. 4 follows, 32 sequences, length 24
# corresponding to MSA columns:
# 156-179
name=unknown_E
#
# <colnr> <probs for GDERKNQSTAVLIFYWHMCP>
#	G	D	E	R	K	N	Q	S	T	A	V	L	I	F	Y	W	H	M	C	P
0	0.18458	0.12811	0.14429	0.01443	0.05282	0.03443	0.03114	0.09618	0.03393	0.04790	0.05492	0.01845	0.03478	0.01063	0.06204	0.00263	0.00787	0.00567	0.00435	0.03084
1	0.00855	0.00869	0.06284	0.00875	0.01100	0.00644	0.00719	0.01061	0.01446	0.01814	0.05283	0.27508	0.42985	0.01748	0.00806	0.00243	0.00416	0.04153	0.00597	0.00595
2	0.01453	0.05840	0.61611	0.01827	0.02736	0.07114	0.02260	0.02142	0.01451	0.02072	0.01181	0.01388	0.00858	0.00633	0.00621	0.00202	0.00975	0.00481	0.00294	0.04861
3	0.00966	0.00640	0.00733	0.00756	0.00769	0.00634	0.00441	0.00999	0.01042	0.01419	0.02347	0.14650	0.02693	0.61973	0.02901	0.00572	0.00596	0.01093	0.04338	0.00437
4	0.01391	0.01193	0.01391	0.00994	0.01590	0.00894	0.00795	0.01690	0.01391	0.02186	0.01193	0.01391	0.00994	0.00497	0.00497	0.00099	0.00497	0.00398	0.00398	0.80521
5	0.00838	0.00598	0.00802	0.00957	0.01005	0.00562	0.00658	0.00969	0.01305	0.01736	0.03687	0.70719	0.04394	0.02083	0.00862	0.00275	0.00407	0.06969	0.00622	0.00551
6	0.01330	0.01125	0.01204	0.01107	0.01411	0.01220	0.00852	0.02531	0.42099	0.02539	0.15301	0.03911	0.20243	0.01185	0.00728	0.00225	0.00447	0.00999	0.00677	0.00866
7	0.00999	0.00663	0.00881	0.00979	0.01083	0.00608	0.00692	0.01150	0.01350	0.05988	0.03500	0.62056	0.04054	0.01926	0.00834	0.00263	0.00425	0.07401	0.00624	0.04526
8	0.81159	0.01298	0.00986	0.00882	0.01298	0.01505	0.00727	0.01972	0.01142	0.03010	0.00934	0.01090	0.00727	0.00623	0.00415	0.00208	0.00519	0.00363	0.00415	0.00727
9	0.01267	0.01193	0.02013	0.74806	0.04621	0.01491	0.01863	0.01714	0.01342	0.01714	0.01193	0.01789	0.00894	0.00671	0.00671	0.00224	0.00894	0.00596	0.00298	0.00745
10	0.01714	0.63720	0.15918	0.01285	0.01933	0.02459	0.01386	0.02030	0.01373	0.01676	0.00981	0.01137	0.00859	0.00585	0.00468	0.00156	0.00767	0.00383	0.00286	0.00884
11	0.00976	0.00651	0.00732	0.00732	0.00732	0.00651	0.00407	0.00976	0.00976	0.01301	0.02114	0.04391	0.02439	0.76419	0.03415	0.00651	0.00651	0.00976	0.00407	0.00407
12	0.02054	0.01174	0.01339	0.01096	0.01464	0.01202	0.00881	0.23412	0.04470	0.19638	0.09696	0.02444	0.02036	0.00869	0.00623	0.00191	0.00515	0.00699	0.25274	0.00924
13	0.81159	0.01298	0.00986	0.00882	0.01298	0.01505	0.00727	0.01972	0.01142	0.03010	0.00934	0.01090	0.00727	0.00623	0.00415	0.00208	0.00519	0.00363	0.00415	0.00727
14	0.01296	0.02284	0.37378	0.03783	0.02287	0.01349	0.04160	0.02136	0.14550	0.02264	0.10179	0.02707	0.10951	0.00908	0.00690	0.00218	0.00746	0.00759	0.00456	0.00899
15	0.00908	0.00670	0.00848	0.00833	0.00984	0.00611	0.00614	0.01174	0.01756	0.02420	0.52429	0.15557	0.15658	0.01526	0.00801	0.00222	0.00331	0.01344	0.00705	0.00611
16	0.00930	0.00839	0.05134	0.00888	0.01095	0.00666	0.00720	0.01226	0.01736	0.02390	0.48366	0.12905	0.17663	0.01468	0.00790	0.00221	0.00369	0.01284	0.00678	0.00633
17	0.04231	0.01710	0.08147	0.06236	0.02609	0.01577	0.23533	0.16254	0.07247	0.15748	0.01739	0.01891	0.01240	0.00883	0.03631	0.00250	0.00885	0.00679	0.00521	0.00990
18	0.01786	0.01503	0.02337	0.03301	0.53033	0.03886	0.01737	0.02201	0.03786	0.09900	0.04056	0.01912	0.01382	0.00675	0.00657	0.00198	0.00731	0.00630	0.05269	0.01020
19	0.81159	0.01298	0.00986	0.00882	0.01298	0.01505	0.00727	0.01972	0.01142	0.03010	0.00934	0.01090	0.00727	0.00623	0.00415	0.00208	0.00519	0.00363	0.00415	0.00727
20	0.01326	0.01073	0.01429	0.01350	0.01477	0.01289	0.01094	0.01742	0.10092	0.05433	0.06537	0.16205	0.02695	0.01551	0.03221	0.00297	0.26093	0.15844	0.00527	0.00727
21	0.40065	0.12161	0.09811	0.01230	0.01749	0.08196	0.01134	0.14277	0.01633	0.02810	0.01096	0.01230	0.00846	0.00657	0.00506	0.00195	0.00701	0.00427	0.00422	0.00854
22	0.01132	0.00722	0.00915	0.00848	0.01045	0.00655	0.00642	0.01420	0.01814	0.09026	0.52093	0.06793	0.13731	0.01353	0.00767	0.00212	0.00345	0.01179	0.04640	0.00669
23	0.23918	0.08476	0.01874	0.18537	0.10886	0.08453	0.01304	0.08990	0.03383	0.02435	0.01200	0.01467	0.00942	0.00660	0.00561	0.00197	0.00740	0.00495	0.02501	0.02984

[dist]
# distance from previous block
# <min> <max>
0	4

[block]
# block no. 5 follows, 32 sequences, length 14
# corresponding to MSA columns:
# 184-197
name=unknown_F
#
# <colnr> <probs for GDERKNQSTAVLIFYWHMCP>
#	G	D	E	R	K	N	Q	S	T	A	V	L	I	F	Y	W	H	M	C	P
0	0.00863	0.00628	0.00779	0.00856	0.00929	0.00593	0.00575	0.00984	0.01287	0.01697	0.07989	0.41325	0.14869	0.17225	0.05875	0.00388	0.00517	0.01523	0.00570	0.00529
1	0.03976	0.05818	0.06716	0.10810	0.25378	0.03536	0.04333	0.11935	0.03284	0.05102	0.01397	0.01732	0.01109	0.00670	0.00635	0.00192	0.00771	0.01949	0.00415	0.10242
2	0.01038	0.00801	0.01096	0.04521	0.01362	0.00724	0.04415	0.01267	0.01510	0.04696	0.16443	0.28500	0.20375	0.01515	0.00775	0.00226	0.00446	0.01345	0.00599	0.08346
3	0.81159	0.01298	0.00986	0.00882	0.01298	0.01505	0.00727	0.01972	0.01142	0.03010	0.00934	0.01090	0.00727	0.00623	0.00415	0.00208	0.00519	0.00363	0.00415	0.00727
4	0.01757	0.58804	0.10079	0.01330	0.01935	0.02420	0.04574	0.04347	0.05936	0.01825	0.01118	0.01254	0.00953	0.00609	0.00492	0.00161	0.00753	0.00427	0.00327	0.00898
5	0.01406	0.02109	0.26550	0.20790	0.22217	0.01515	0.07941	0.01950	0.01448	0.02027	0.01500	0.01854	0.04368	0.00680	0.00674	0.00214	0.00895	0.00619	0.00322	0.00921
6	0.00933	0.00685	0.00874	0.00827	0.00992	0.00626	0.00620	0.01234	0.01860	0.02599	0.65046	0.05164	0.13222	0.01406	0.00792	0.00213	0.00319	0.01235	0.00726	0.00626
7	0.01110	0.00616	0.00911	0.00911	0.00937	0.00642	0.00628	0.00951	0.00924	0.01259	0.01357	0.02304	0.01350	0.07141	0.18169	0.58628	0.00851	0.00635	0.00313	0.00365
8	0.81159	0.01298	0.00986	0.00882	0.01298	0.01505	0.00727	0.01972	0.01142	0.03010	0.00934	0.01090	0.00727	0.00623	0.00415	0.00208	0.00519	0.00363	0.00415	0.00727
9	0.01080	0.00710	0.00921	0.00854	0.01018	0.00657	0.00631	0.01360	0.01804	0.06888	0.60296	0.04778	0.05635	0.09179	0.01058	0.00257	0.00367	0.01155	0.00710	0.00641
10	0.00894	0.00670	0.00804	0.00795	0.00961	0.00601	0.00587	0.01140	0.01691	0.02288	0.40570	0.13768	0.26947	0.01542	0.00788	0.00221	0.00332	0.01340	0.03460	0.00601
11	0.01529	0.01244	0.01469	0.01075	0.01632	0.01028	0.00866	0.05582	0.01493	0.05274	0.01261	0.01446	0.01024	0.00565	0.00606	0.00120	0.04549	0.00431	0.00426	0.68379
12	0.01130	0.00833	0.01018	0.00894	0.01184	0.00700	0.00676	0.01385	0.01605	0.05645	0.28231	0.15437	0.13851	0.01264	0.00713	0.00192	0.00395	0.01098	0.00612	0.23139
13	0.01524	0.01783	0.13663	0.01880	0.02222	0.01727	0.14992	0.01858	0.01258	0.05645	0.01202	0.01732	0.01036	0.05144	0.01598	0.00276	0.37824	0.00633	0.00340	0.03662

[dist]
# distance from previous block
# <min> <max>
0	1

[block]
# block no. 6 follows, 32 sequences, length 48
# corresponding to MSA columns:
# 199-227,232-250
name=unknown_G
#
# <colnr> <probs for GDERKNQSTAVLIFYWHMCP>
#	G	D	E	R	K	N	Q	S	T	A	V	L	I	F	Y	W	H	M	C	P
0	0.01561	0.01621	0.05160	0.14480	0.16229	0.05381	0.22666	0.02072	0.05416	0.04258	0.01674	0.05427	0.03443	0.00729	0.00702	0.00209	0.00868	0.00729	0.00391	0.06984
1	0.01579	0.01763	0.03390	0.02456	0.03080	0.05732	0.54411	0.02073	0.01566	0.02100	0.01465	0.01863	0.02770	0.00710	0.02661	0.00231	0.01061	0.00739	0.00354	0.09994
2	0.81159	0.01298	0.00986	0.00882	0.01298	0.01505	0.00727	0.01972	0.01142	0.03010	0.00934	0.01090	0.00727	0.00623	0.00415	0.00208	0.00519	0.00363	0.00415	0.00727
3	0.01932	0.01064	0.01184	0.00993	0.01323	0.01092	0.00793	0.17902	0.05587	0.17186	0.02176	0.02251	0.01591	0.00804	0.00569	0.00181	0.00476	0.00638	0.41386	0.00873
4	0.01421	0.01390	0.01930	0.01664	0.01664	0.01922	0.01367	0.01554	0.01023	0.01585	0.00998	0.01746	0.01029	0.08319	0.02317	0.00327	0.68113	0.00624	0.00304	0.00703
5	0.02914	0.01297	0.01653	0.01268	0.01790	0.01217	0.01047	0.17320	0.02180	0.58281	0.02429	0.02142	0.01551	0.00825	0.00674	0.00206	0.00606	0.00660	0.00797	0.01142
6	0.05035	0.08804	0.49211	0.01918	0.02761	0.04880	0.12050	0.02174	0.03239	0.02121	0.01225	0.01452	0.00901	0.00631	0.00634	0.00208	0.00967	0.00526	0.00311	0.00949
7	0.01048	0.00819	0.01215	0.01128	0.01270	0.00891	0.05668	0.01328	0.04114	0.01702	0.05685	0.08184	0.02218	0.18091	0.38507	0.00747	0.03138	0.00881	0.02762	0.00604
8	0.01115	0.00722	0.00950	0.00872	0.01059	0.00661	0.00661	0.01427	0.01901	0.08313	0.66320	0.04793	0.05956	0.01328	0.00782	0.00211	0.00337	0.01170	0.00746	0.00674
9	0.01216	0.00836	0.01063	0.02940	0.03648	0.00808	0.00767	0.03361	0.06632	0.08208	0.35602	0.13484	0.13615	0.01354	0.00762	0.00220	0.00407	0.01181	0.03180	0.00716
10	0.01459	0.00821	0.01062	0.00935	0.01192	0.00749	0.00724	0.01806	0.04279	0.19438	0.48410	0.04369	0.09550	0.01248	0.00760	0.00212	0.00387	0.01082	0.00751	0.00766
11	0.01839	0.19669	0.10613	0.06723	0.06457	0.11915	0.01380	0.13397	0.01759	0.02268	0.01185	0.01376	0.00949	0.00629	0.00565	0.00165	0.00794	0.00466	0.00386	0.17467
12	0.04682	0.13542	0.07445	0.05103	0.21206	0.07752	0.06378	0.12125	0.01758	0.06322	0.01544	0.01745	0.04141	0.00713	0.00668	0.00197	0.02725	0.00586	0.00415	0.00953
13	0.04421	0.05763	0.01728	0.06552	0.03429	0.12701	0.01132	0.23345	0.01972	0.06304	0.01562	0.01894	0.01256	0.04583	0.11605	0.00343	0.02671	0.00594	0.07282	0.00862
14	0.01328	0.01070	0.01113	0.01083	0.01204	0.09120	0.00811	0.02994	0.03467	0.01917	0.02156	0.20679	0.02172	0.01535	0.03620	0.10810	0.10369	0.02649	0.21286	0.00616
15	0.01129	0.00759	0.00923	0.00892	0.01092	0.00704	0.00664	0.01471	0.06544	0.08939	0.29336	0.20255	0.21675	0.01528	0.00787	0.00229	0.00377	0.01331	0.00689	0.00676
16	0.14938	0.01457	0.01552	0.10557	0.04555	0.07821	0.01111	0.17955	0.01861	0.12751	0.01682	0.04915	0.01319	0.02457	0.00707	0.00213	0.02604	0.00624	0.10043	0.00875
17	0.01361	0.01218	0.01770	0.06138	0.23555	0.01255	0.01308	0.03428	0.03860	0.02069	0.03825	0.13977	0.07136	0.01051	0.00879	0.00214	0.09803	0.02962	0.00443	0.13747
18	0.01882	0.01331	0.02165	0.17900	0.32851	0.01346	0.03168	0.02252	0.01620	0.20730	0.06620	0.02093	0.01558	0.00729	0.00680	0.00208	0.00731	0.00666	0.00485	0.00983
19	0.01391	0.01193	0.01391	0.00994	0.01590	0.00894	0.00795	0.01690	0.01391	0.02186	0.01193	0.01391	0.00994	0.00497	0.00497	0.00099	0.00497	0.00398	0.00398	0.80521
20	0.01753	0.01990	0.18680	0.08904	0.18072	0.04203	0.01709	0.15554	0.06770	0.06059	0.01700	0.07048	0.01407	0.00827	0.00679	0.00214	0.00792	0.02197	0.00462	0.00979
21	0.07654	0.06222	0.07486	0.03529	0.03418	0.27990	0.04224	0.09059	0.07818	0.07171	0.01430	0.01668	0.01129	0.00771	0.00730	0.00203	0.05917	0.02256	0.00440	0.00884
22	0.00827	0.00606	0.00777	0.00893	0.00967	0.00556	0.00609	0.00969	0.01373	0.01816	0.10421	0.60513	0.13241	0.01983	0.00842	0.00261	0.00376	0.01780	0.00634	0.00556
23	0.02366	0.07815	0.02049	0.01502	0.02004	0.11818	0.01231	0.47249	0.08486	0.03470	0.01558	0.01581	0.01152	0.00769	0.00638	0.00191	0.00774	0.00566	0.00587	0.04194
24	0.01612	0.28037	0.06031	0.01470	0.05959	0.05742	0.01230	0.01856	0.01361	0.06464	0.01636	0.06755	0.03582	0.01405	0.09477	0.00308	0.12928	0.02958	0.00383	0.00805
25	0.03379	0.01374	0.14708	0.01098	0.01492	0.00989	0.01033	0.06092	0.06349	0.05944	0.09247	0.11316	0.27160	0.01376	0.02523	0.00243	0.00559	0.01065	0.03294	0.00760
26	0.01483	0.12540	0.57731	0.01822	0.02724	0.01732	0.04338	0.06259	0.01521	0.02186	0.01200	0.01398	0.00874	0.00638	0.00618	0.00204	0.00946	0.00494	0.00309	0.00982
27	0.05237	0.01259	0.01610	0.01238	0.01757	0.01168	0.01023	0.13371	0.02085	0.60247	0.02439	0.02147	0.01555	0.00821	0.00667	0.00207	0.00595	0.00655	0.00794	0.01130
28	0.13189	0.01275	0.01546	0.01207	0.01711	0.01228	0.00995	0.12595	0.03846	0.51923	0.02277	0.02037	0.01475	0.00802	0.00640	0.00207	0.00587	0.00626	0.00749	0.01085
29	0.15408	0.01666	0.01773	0.01380	0.01894	0.01811	0.01140	0.48206	0.02629	0.15039	0.01668	0.01634	0.01157	0.00780	0.00630	0.00203	0.00676	0.00576	0.00655	0.01074
30	0.01121	0.00726	0.00856	0.00823	0.01043	0.00632	0.00616	0.01323	0.01616	0.11299	0.18942	0.17080	0.38265	0.01585	0.00788	0.00229	0.00374	0.01359	0.00674	0.00652
31	0.00942	0.00708	0.00911	0.00960	0.01110	0.00625	0.00684	0.01113	0.01353	0.01866	0.06847	0.54762	0.03901	0.01768	0.00795	0.00242	0.00419	0.05938	0.00589	0.14467
32	0.00959	0.00719	0.01078	0.01078	0.01198	0.00839	0.00839	0.01198	0.01078	0.01558	0.01797	0.02636	0.01677	0.05032	0.73760	0.01078	0.01797	0.00719	0.00359	0.00599
33	0.02738	0.01167	0.01509	0.01188	0.01669	0.01075	0.00971	0.05640	0.09198	0.58258	0.02588	0.02296	0.01686	0.00835	0.00662	0.00206	0.00556	0.00678	0.05981	0.01100
34	0.49410	0.01263	0.01213	0.01025	0.01469	0.01360	0.00839	0.02526	0.08018	0.24572	0.01635	0.01594	0.01141	0.00714	0.00521	0.00210	0.00536	0.00497	0.00569	0.00887
35	0.00893	0.00639	0.00861	0.00993	0.01072	0.00607	0.00728	0.01076	0.01415	0.01893	0.11538	0.52211	0.04525	0.01961	0.00865	0.00274	0.00433	0.16810	0.00635	0.00572
36	0.01731	0.01472	0.01552	0.01378	0.01768	0.01698	0.01077	0.08244	0.66241	0.02907	0.02652	0.02441	0.01984	0.00903	0.00682	0.00226	0.00546	0.00748	0.00682	0.01068
37	0.03010	0.01142	0.01557	0.01194	0.01713	0.00986	0.00986	0.03270	0.01920	0.72698	0.02647	0.02284	0.01661	0.00830	0.00675	0.00208	0.00571	0.00675	0.00830	0.01142
38	0.01263	0.00634	0.00920	0.00898	0.00953	0.00637	0.00626	0.01103	0.00997	0.05672	0.01394	0.02150	0.01288	0.02413	0.09797	0.61605	0.00690	0.00606	0.05956	0.00399
39	0.05344	0.01738	0.01868	0.01451	0.01960	0.01907	0.01194	0.57204	0.05914	0.08876	0.01732	0.01714	0.01225	0.00804	0.00655	0.00201	0.00693	0.00608	0.03809	0.01102
40	0.27177	0.01245	0.01414	0.01123	0.01612	0.01229	0.00927	0.07842	0.01771	0.46014	0.02039	0.01864	0.01333	0.00764	0.00594	0.00207	0.00567	0.00573	0.00690	0.01013
41	0.00823	0.00600	0.00776	0.00903	0.00968	0.00553	0.00612	0.00957	0.01347	0.01783	0.08174	0.64704	0.11294	0.02017	0.00846	0.00264	0.00380	0.01816	0.00630	0.00553
42	0.01168	0.00875	0.01357	0.13652	0.11409	0.00963	0.01055	0.01317	0.01138	0.01589	0.01527	0.02411	0.01430	0.10799	0.24345	0.19171	0.01042	0.00675	0.03482	0.00596
43	0.05745	0.00698	0.00782	0.00806	0.00981	0.00647	0.00591	0.01079	0.01472	0.01977	0.15177	0.22631	0.36525	0.01905	0.05649	0.00291	0.00457	0.01395	0.00610	0.00583
44	0.07381	0.01337	0.01421	0.01242	0.01610	0.01486	0.00966	0.09634	0.42947	0.09581	0.02606	0.02648	0.04943	0.08076	0.00926	0.00262	0.00558	0.00757	0.00648	0.00970
45	0.69139	0.01274	0.01074	0.00930	0.01361	0.01425	0.00767	0.02172	0.01262	0.13729	0.01198	0.01274	0.00870	0.00655	0.00455	0.00208	0.00527	0.00411	0.00479	0.00791
46	0.32415	0.09536	0.04921	0.03697	0.04221	0.10103	0.06908	0.01970	0.01343	0.03808	0.01296	0.06631	0.01150	0.01023	0.05091	0.00260	0.03886	0.00575	0.00390	0.00775
47	0.05843	0.00727	0.00892	0.00961	0.01088	0.00694	0.00677	0.03612	0.01384	0.01966	0.06152	0.58783	0.03914	0.01814	0.00796	0.00252	0.00420	0.03207	0.00601	0.06216

[dist]
# distance from previous block
# <min> <max>
2	14

[block]
# block no. 7 follows, 32 sequences, length 9
# corresponding to MSA columns:
# 265-273
name=unknown_H
#
# <colnr> <probs for GDERKNQSTAVLIFYWHMCP>
#	G	D	E	R	K	N	Q	S	T	A	V	L	I	F	Y	W	H	M	C	P
0	0.07411	0.06506	0.06815	0.23241	0.07338	0.04944	0.05608	0.04770	0.01558	0.11350	0.04782	0.06241	0.01542	0.00920	0.02389	0.00234	0.00797	0.02264	0.00445	0.00846
1	0.32929	0.02017	0.01648	0.06772	0.04525	0.27831	0.03909	0.02191	0.01472	0.02247	0.01030	0.01267	0.00833	0.00668	0.00615	0.00195	0.04329	0.00443	0.00369	0.04709
2	0.04376	0.01513	0.02216	0.10655	0.44504	0.05709	0.01683	0.04226	0.01546	0.02208	0.01409	0.04839	0.01212	0.00691	0.00639	0.00196	0.00753	0.00628	0.06122	0.04875
3	0.01416	0.01413	0.02325	0.53447	0.13728	0.04966	0.09510	0.01857	0.01421	0.01826	0.01213	0.01746	0.00930	0.00650	0.00680	0.00218	0.00923	0.00611	0.00310	0.00809
4	0.01037	0.00714	0.00871	0.00815	0.01019	0.00635	0.00617	0.01303	0.01782	0.07080	0.46395	0.05293	0.27061	0.01441	0.00784	0.00216	0.00341	0.01242	0.00708	0.00646
5	0.00818	0.00584	0.00779	0.00934	0.00973	0.00545	0.00623	0.00934	0.01285	0.01713	0.03698	0.75981	0.04438	0.02102	0.00856	0.00273	0.00389	0.01908	0.00623	0.00545
6	0.00892	0.00664	0.00831	0.00830	0.00978	0.00602	0.00607	0.01140	0.01703	0.02322	0.45390	0.19678	0.18723	0.01584	0.00805	0.00227	0.00336	0.01394	0.00693	0.00602
7	0.00853	0.00627	0.00808	0.00938	0.01024	0.00582	0.00673	0.01006	0.01362	0.01772	0.04167	0.54881	0.15043	0.02002	0.00857	0.00271	0.00415	0.11539	0.00622	0.00559
8	0.81159	0.01298	0.00986	0.00882	0.01298	0.01505	0.00727	0.01972	0.01142	0.03010	0.00934	0.01090	0.00727	0.00623	0.00415	0.00208	0.00519	0.00363	0.00415	0.00727

[dist]
# distance from previous block
# <min> <max>
0	1

[block]
# block no. 8 follows, 32 sequences, length 18
# corresponding to MSA columns:
# 275-292
name=unknown_I
#
# <colnr> <probs for GDERKNQSTAVLIFYWHMCP>
#	G	D	E	R	K	N	Q	S	T	A	V	L	I	F	Y	W	H	M	C	P
0	0.02335	0.01629	0.01795	0.01427	0.01892	0.01769	0.01157	0.52575	0.05367	0.10009	0.02016	0.11299	0.01647	0.00979	0.00696	0.00212	0.00670	0.00784	0.00680	0.01061
1	0.81159	0.01298	0.00986	0.00882	0.01298	0.01505	0.00727	0.01972	0.01142	0.03010	0.00934	0.01090	0.00727	0.00623	0.00415	0.00208	0.00519	0.00363	0.00415	0.00727
2	0.69662	0.01346	0.01114	0.00962	0.01394	0.01534	0.00792	0.08566	0.01374	0.06652	0.01086	0.01200	0.00814	0.00651	0.00453	0.00207	0.00543	0.00402	0.00461	0.00787
3	0.00950	0.00686	0.00897	0.00844	0.01002	0.00633	0.00633	0.01266	0.01899	0.02691	0.71879	0.05012	0.06331	0.01372	0.00791	0.00211	0.00317	0.01213	0.00739	0.00633
4	0.81159	0.01298	0.00986	0.00882	0.01298	0.01505	0.00727	0.01972	0.01142	0.03010	0.00934	0.01090	0.00727	0.00623	0.00415	0.00208	0.00519	0.00363	0.00415	0.00727
5	0.01834	0.01520	0.01707	0.01454	0.01789	0.01801	0.01168	0.19954	0.36942	0.02921	0.02061	0.02075	0.01575	0.00929	0.00966	0.00231	0.15127	0.00680	0.04267	0.00998
6	0.01235	0.00786	0.01035	0.01005	0.01197	0.00733	0.02484	0.04542	0.01609	0.10882	0.15136	0.34999	0.12577	0.01623	0.00799	0.00243	0.00440	0.05254	0.02743	0.00680
7	0.03010	0.01142	0.01557	0.01194	0.01713	0.00986	0.00986	0.03270	0.01920	0.72698	0.02647	0.02284	0.01661	0.00830	0.00675	0.00208	0.00571	0.00675	0.00830	0.01142
8	0.00866	0.00668	0.00791	0.00791	0.00959	0.00593	0.00582	0.01092	0.01655	0.02185	0.35058	0.16467	0.32642	0.01616	0.00802	0.00227	0.00337	0.01402	0.00674	0.00593
9	0.01584	0.01810	0.03959	0.02828	0.03507	0.01697	0.69796	0.02149	0.01584	0.02149	0.01357	0.01810	0.01018	0.00566	0.00792	0.00226	0.01131	0.00792	0.00339	0.00905
10	0.00880	0.00655	0.00835	0.00955	0.01066	0.00609	0.00716	0.01059	0.01408	0.01812	0.04363	0.42438	0.19605	0.01946	0.00860	0.00272	0.00437	0.18892	0.00622	0.00569
11	0.01016	0.00639	0.00853	0.00951	0.01039	0.00589	0.00655	0.01157	0.01378	0.07929	0.07808	0.65218	0.04314	0.01947	0.00837	0.00263	0.00401	0.01758	0.00648	0.00602
12	0.01498	0.01355	0.02203	0.06658	0.43906	0.01367	0.03845	0.05996	0.01660	0.02332	0.13282	0.08966	0.02242	0.00879	0.00708	0.00210	0.00692	0.00826	0.00446	0.00928
13	0.02669	0.05826	0.01766	0.01279	0.01779	0.01376	0.01065	0.21366	0.02168	0.44729	0.02202	0.02052	0.01472	0.01100	0.05731	0.00263	0.00711	0.00640	0.00722	0.01087
14	0.01437	0.01491	0.13528	0.06775	0.02299	0.01160	0.21709	0.01658	0.01269	0.05916	0.01319	0.01868	0.01081	0.01325	0.01503	0.33183	0.00834	0.00638	0.00337	0.00670
15	0.47355	0.01743	0.01602	0.04149	0.08032	0.16071	0.05817	0.02114	0.01363	0.02512	0.01021	0.01252	0.00815	0.00650	0.00568	0.00205	0.03129	0.00443	0.00381	0.00780
16	0.06894	0.01016	0.01279	0.01110	0.01457	0.00971	0.00909	0.07745	0.01856	0.31155	0.15699	0.06045	0.02938	0.01144	0.00723	0.00226	0.00524	0.13042	0.04385	0.00881
17	0.01464	0.04535	0.19493	0.02250	0.04887	0.01645	0.33139	0.02029	0.03838	0.02041	0.01492	0.01868	0.03222	0.00975	0.05393	0.00280	0.09530	0.00692	0.00341	0.00885

[dist]
# distance from previous block
# <min> <max>
0	20

[block]
# block no. 9 follows, 32 sequences, length 16
# corresponding to MSA columns:
# 313-328
name=unknown_J
#
# <colnr> <probs for GDERKNQSTAVLIFYWHMCP>
#	G	D	E	R	K	N	Q	S	T	A	V	L	I	F	Y	W	H	M	C	P
0	0.00950	0.00686	0.00897	0.00844	0.01002	0.00633	0.00633	0.01266	0.01899	0.02691	0.71879	0.05012	0.06331	0.01372	0.00791	0.00211	0.00317	0.01213	0.00739	0.00633
1	0.00950	0.00724	0.00880	0.00858	0.01023	0.00692	0.00633	0.01293	0.06065	0.02253	0.37706	0.11240	0.20325	0.06039	0.06029	0.00307	0.00464	0.01244	0.00653	0.00622
2	0.06116	0.01267	0.01457	0.01219	0.01624	0.01325	0.00974	0.11990	0.25112	0.23853	0.14978	0.02699	0.02517	0.00941	0.00685	0.00214	0.00532	0.00775	0.00722	0.01002
3	0.16056	0.01415	0.01421	0.01278	0.01664	0.01639	0.01001	0.03277	0.58374	0.02844	0.02406	0.02248	0.01809	0.00858	0.00634	0.00224	0.00529	0.00687	0.00634	0.01001
4	0.01251	0.00625	0.00625	0.00625	0.00782	0.00625	0.00469	0.01563	0.01407	0.02502	0.02189	0.02502	0.01720	0.00782	0.00469	0.00156	0.00313	0.00625	0.80144	0.00625
5	0.02407	0.01890	0.02018	0.10313	0.02394	0.11304	0.03720	0.43523	0.02587	0.10799	0.01587	0.01658	0.01126	0.00769	0.00667	0.00202	0.00815	0.00595	0.00589	0.01038
6	0.10433	0.04662	0.12871	0.01442	0.01993	0.01558	0.04573	0.12221	0.15799	0.16364	0.01807	0.01804	0.01299	0.00757	0.00685	0.00205	0.03591	0.00591	0.00551	0.06794
7	0.01821	0.56607	0.10729	0.01380	0.01976	0.10987	0.04614	0.02108	0.01444	0.01672	0.00995	0.01164	0.00868	0.00594	0.00491	0.00158	0.00826	0.00403	0.00296	0.00867
8	0.02614	0.01041	0.01416	0.01147	0.01579	0.00906	0.00920	0.02847	0.01805	0.59850	0.02837	0.15622	0.02164	0.01061	0.00708	0.00219	0.00538	0.00898	0.00793	0.01034
9	0.01015	0.00736	0.00862	0.02913	0.01104	0.00703	0.00655	0.01379	0.05533	0.02328	0.29449	0.04926	0.24523	0.01349	0.00733	0.00214	0.00371	0.05518	0.15052	0.00638
10	0.01547	0.06416	0.33214	0.01598	0.02318	0.06052	0.04249	0.05389	0.06095	0.02212	0.01292	0.01476	0.00989	0.00641	0.00648	0.00180	0.03181	0.00496	0.00365	0.21642
11	0.01035	0.00792	0.01119	0.14379	0.01758	0.00833	0.00963	0.03865	0.01450	0.01919	0.07268	0.38456	0.03596	0.04198	0.00913	0.00278	0.00547	0.15448	0.00565	0.00620
12	0.01295	0.00746	0.00994	0.00945	0.01139	0.00681	0.00712	0.01551	0.01736	0.15091	0.39703	0.22287	0.04918	0.01474	0.00792	0.00230	0.00392	0.03889	0.00722	0.00703
13	0.01514	0.02145	0.21493	0.11749	0.06425	0.07710	0.21102	0.02151	0.06709	0.02078	0.01598	0.02307	0.01325	0.00774	0.00718	0.00225	0.00953	0.07762	0.00374	0.00885
14	0.03811	0.04426	0.02069	0.04351	0.16054	0.18566	0.01395	0.26408	0.04508	0.04634	0.01431	0.01588	0.01099	0.00734	0.00669	0.00195	0.02576	0.00557	0.03955	0.00976
15	0.00834	0.00594	0.00789	0.00938	0.00981	0.00558	0.00633	0.00954	0.01283	0.01709	0.03629	0.70364	0.04335	0.05039	0.00961	0.00289	0.00409	0.04543	0.00614	0.00542

[dist]
# distance from previous block
# <min> <max>
0	1

[block]
# block no. 10 follows, 32 sequences, length 16
# corresponding to MSA columns:
# 330-345
name=unknown_K
#
# <colnr> <probs for GDERKNQSTAVLIFYWHMCP>
#	G	D	E	R	K	N	Q	S	T	A	V	L	I	F	Y	W	H	M	C	P
0	0.02500	0.01076	0.01430	0.01125	0.01583	0.00939	0.00914	0.02821	0.03967	0.53515	0.14468	0.02697	0.02429	0.00902	0.00682	0.00201	0.00521	0.00750	0.00779	0.06699
1	0.02010	0.41669	0.02795	0.04614	0.04458	0.12800	0.01261	0.10420	0.01675	0.05964	0.01147	0.01307	0.00951	0.00679	0.00635	0.00174	0.05721	0.00451	0.00376	0.00893
2	0.01349	0.01190	0.05939	0.05285	0.06437	0.03413	0.03566	0.04713	0.05406	0.06167	0.13394	0.08111	0.07896	0.03591	0.13340	0.00371	0.00797	0.00891	0.07385	0.00758
3	0.01206	0.00748	0.00948	0.00862	0.01083	0.00670	0.00659	0.01488	0.01834	0.12239	0.50192	0.04902	0.17869	0.01357	0.00776	0.00213	0.00356	0.01176	0.00730	0.00691
4	0.00932	0.00714	0.00816	0.00809	0.00977	0.00654	0.00584	0.04022	0.01600	0.02080	0.22661	0.17535	0.33303	0.09002	0.01056	0.00271	0.00390	0.01368	0.00634	0.00589
5	0.01840	0.72110	0.03413	0.01185	0.01745	0.07204	0.01158	0.02052	0.01398	0.01583	0.00940	0.01085	0.00861	0.00582	0.00442	0.00145	0.00749	0.00363	0.00291	0.00856
6	0.00993	0.00771	0.01181	0.09191	0.01575	0.00910	0.00951	0.01255	0.01107	0.01575	0.01731	0.02543	0.01591	0.04552	0.65717	0.00984	0.01698	0.00705	0.00353	0.00615
7	0.01852	0.01714	0.02139	0.06079	0.24496	0.09889	0.03739	0.08045	0.20598	0.05498	0.01693	0.01857	0.01316	0.00773	0.00801	0.00215	0.07198	0.00632	0.00474	0.00990
8	0.01866	0.13079	0.12814	0.03687	0.05421	0.11863	0.11231	0.02289	0.04293	0.13568	0.01698	0.08145	0.01407	0.00813	0.00690	0.00204	0.02754	0.00685	0.02595	0.00898
9	0.01810	0.07416	0.03654	0.01475	0.06359	0.03993	0.05885	0.09941	0.03521	0.10749	0.04212	0.01709	0.01314	0.00645	0.00588	0.00156	0.00647	0.00537	0.00480	0.34910
10	0.08190	0.39817	0.07419	0.01275	0.01817	0.05938	0.02804	0.07465	0.03732	0.09442	0.05302	0.01560	0.01307	0.00689	0.00534	0.00174	0.00715	0.00496	0.00425	0.00900
11	0.02067	0.01299	0.03974	0.01429	0.03939	0.01302	0.03197	0.12897	0.04804	0.26695	0.01941	0.02168	0.01459	0.04424	0.13569	0.04071	0.08601	0.00668	0.00573	0.00922
12	0.01430	0.24286	0.09143	0.01196	0.01571	0.08612	0.01095	0.01755	0.04039	0.01857	0.09359	0.08653	0.05455	0.08198	0.00916	0.00248	0.00684	0.10315	0.00452	0.00736
13	0.01730	0.07261	0.22294	0.10124	0.18233	0.01690	0.10791	0.11354	0.01717	0.06464	0.01357	0.01615	0.01011	0.00653	0.00660	0.00206	0.00879	0.00584	0.00388	0.00990
14	0.01446	0.05136	0.09814	0.11345	0.10307	0.08211	0.14301	0.01918	0.05935	0.01941	0.01985	0.12314	0.04438	0.04973	0.00857	0.00244	0.00825	0.02793	0.00409	0.00810
15	0.00833	0.00630	0.00769	0.00842	0.00958	0.00567	0.00591	0.01000	0.01464	0.01911	0.16353	0.42812	0.25130	0.01855	0.00826	0.00248	0.00362	0.01640	0.00643	0.00567

[dist]
# distance from previous block
# <min> <max>
0	1

[block]
# block no. 11 follows, 32 sequences, length 16
# corresponding to MSA columns:
# 347-362
name=unknown_L
#
# <colnr> <probs for GDERKNQSTAVLIFYWHMCP>
#	G	D	E	R	K	N	Q	S	T	A	V	L	I	F	Y	W	H	M	C	P
0	0.02015	0.02297	0.20448	0.01820	0.04123	0.11156	0.09159	0.18266	0.07063	0.10170	0.01608	0.01808	0.01193	0.00764	0.00728	0.00212	0.03477	0.02213	0.00486	0.00994
1	0.05495	0.02180	0.34794	0.04963	0.05513	0.01335	0.01670	0.07430	0.01523	0.02301	0.06181	0.02061	0.01491	0.05275	0.07691	0.00312	0.00885	0.00615	0.07430	0.00857
2	0.60993	0.01317	0.01184	0.01010	0.01429	0.01488	0.00833	0.06247	0.01374	0.13419	0.01228	0.01317	0.00898	0.00691	0.00554	0.00211	0.04069	0.00435	0.00487	0.00814
3	0.01424	0.01282	0.01848	0.11478	0.18784	0.01155	0.03713	0.01760	0.01403	0.02079	0.01263	0.01678	0.01073	0.04475	0.00721	0.00173	0.00651	0.00515	0.00367	0.44157
4	0.00962	0.00705	0.01010	0.01010	0.01107	0.00802	0.00754	0.01155	0.01058	0.01507	0.01859	0.02980	0.01827	0.19029	0.59968	0.00994	0.01572	0.00769	0.00369	0.00561
5	0.01797	0.58294	0.08097	0.01309	0.01840	0.08876	0.01283	0.02042	0.01385	0.01626	0.00956	0.01148	0.00862	0.00643	0.00621	0.00165	0.07518	0.00396	0.00293	0.00851
6	0.00918	0.00694	0.00757	0.00752	0.00962	0.00597	0.00561	0.01100	0.01545	0.04944	0.12243	0.11339	0.53800	0.04042	0.00879	0.00243	0.00368	0.03027	0.00636	0.00592
7	0.00826	0.00681	0.00725	0.00714	0.00926	0.00580	0.00536	0.01027	0.01607	0.01997	0.20464	0.06154	0.58179	0.01631	0.00793	0.00223	0.00335	0.01374	0.00647	0.00580
8	0.00838	0.00599	0.00776	0.00900	0.00949	0.00560	0.00598	0.00955	0.01295	0.01725	0.06920	0.62874	0.07262	0.09036	0.01091	0.00303	0.00408	0.01766	0.00608	0.00537
9	0.01879	0.68081	0.03324	0.01217	0.01764	0.11093	0.01166	0.02089	0.01427	0.01586	0.00945	0.01092	0.00861	0.00588	0.00451	0.00147	0.00776	0.00367	0.00294	0.00851
10	0.01712	0.00761	0.00870	0.00775	0.01026	0.00720	0.00605	0.02011	0.01542	0.20919	0.02309	0.02444	0.01704	0.00795	0.00523	0.00170	0.00380	0.00638	0.59334	0.00761
11	0.02706	0.01164	0.01486	0.01159	0.01630	0.01076	0.00951	0.11569	0.02007	0.54151	0.02451	0.02228	0.01603	0.00820	0.00646	0.00200	0.00556	0.00659	0.11868	0.01070
12	0.55347	0.01671	0.01412	0.01526	0.12346	0.13988	0.01030	0.02108	0.01332	0.02648	0.01002	0.01199	0.00802	0.00631	0.00486	0.00200	0.00681	0.00411	0.00390	0.00787
13	0.01349	0.01364	0.02196	0.01995	0.10989	0.06951	0.24295	0.01674	0.01527	0.01995	0.10198	0.14347	0.08385	0.08429	0.01027	0.00266	0.00772	0.01032	0.00459	0.00750
14	0.65351	0.01314	0.01204	0.01026	0.01443	0.01483	0.04428	0.06385	0.01358	0.03019	0.06682	0.01476	0.01218	0.00692	0.00482	0.00208	0.00550	0.00470	0.00454	0.00756
15	0.18964	0.01327	0.01439	0.01198	0.01610	0.05966	0.04139	0.02395	0.13303	0.17244	0.01943	0.02091	0.03168	0.04620	0.07339	0.00295	0.00721	0.00613	0.00538	0.11087

[dist]
# distance from previous block
# <min> <max>
2	8

[block]
# block no. 12 follows, 32 sequences, length 43
# corresponding to MSA columns:
# 371-413
name=unknown_M
#
# <colnr> <probs for GDERKNQSTAVLIFYWHMCP>
#	G	D	E	R	K	N	Q	S	T	A	V	L	I	F	Y	W	H	M	C	P
0	0.14600	0.01388	0.05616	0.12837	0.06801	0.06028	0.01141	0.05804	0.06449	0.06213	0.02069	0.07845	0.05991	0.03011	0.00696	0.00220	0.00641	0.00726	0.11127	0.00795
1	0.01670	0.03384	0.09432	0.01380	0.04242	0.01175	0.03177	0.10657	0.06001	0.13970	0.06295	0.19793	0.02407	0.01125	0.00708	0.00215	0.00602	0.03632	0.00583	0.09553
2	0.01416	0.01260	0.02006	0.14596	0.36040	0.01308	0.01560	0.05885	0.01579	0.02183	0.07843	0.17281	0.02188	0.00999	0.00716	0.00219	0.00684	0.00921	0.00442	0.00872
3	0.19637	0.11143	0.06490	0.09486	0.06010	0.06472	0.03431	0.10148	0.03696	0.02466	0.01198	0.01405	0.00942	0.00633	0.00551	0.00181	0.00719	0.00475	0.00402	0.14517
4	0.01080	0.00675	0.00982	0.01044	0.03877	0.00704	0.00694	0.01033	0.01007	0.01375	0.01738	0.04926	0.04022	0.11869	0.22871	0.39641	0.00933	0.00739	0.00348	0.00442
