[name]
unknown

[dist]
# distance from previous block
# <min> <max>
6	51

[block]
# block no. 0 follows, 38 sequences, length 14
# corresponding to MSA columns:
# 58-71
name=unknown_A
#
# <colnr> <probs for GDERKNQSTAVLIFYWHMCP>
#	G	D	E	R	K	N	Q	S	T	A	V	L	I	F	Y	W	H	M	C	P
0	0.09409	0.01082	0.01423	0.11133	0.01840	0.01095	0.05320	0.07341	0.09764	0.18710	0.05724	0.11314	0.01746	0.00830	0.00596	0.00186	0.00543	0.00711	0.00519	0.10713
1	0.01486	0.01325	0.01405	0.01117	0.01507	0.12509	0.05605	0.08091	0.01481	0.05865	0.04996	0.06273	0.03278	0.08202	0.00790	0.00184	0.00601	0.00600	0.00420	0.34266
2	0.00970	0.00766	0.00990	0.08042	0.04800	0.00774	0.00767	0.07315	0.03884	0.01856	0.07678	0.39690	0.17245	0.01454	0.00710	0.00219	0.00427	0.01285	0.00531	0.00598
3	0.02283	0.01802	0.01795	0.01401	0.01865	0.09274	0.01145	0.66076	0.02717	0.03561	0.01393	0.01409	0.00998	0.00712	0.00596	0.00178	0.00704	0.00526	0.00573	0.00991
4	0.01247	0.01069	0.01247	0.00891	0.01426	0.00802	0.00713	0.01515	0.01247	0.01960	0.01069	0.01247	0.00891	0.00446	0.00446	0.00089	0.00446	0.00356	0.00356	0.82536
5	0.00861	0.00640	0.00944	0.00944	0.01043	0.00740	0.00723	0.01060	0.00960	0.01380	0.01632	0.02479	0.01554	0.09990	0.71065	0.00939	0.01536	0.00662	0.00325	0.00524
6	0.00749	0.00535	0.00717	0.00857	0.00899	0.00503	0.00587	0.00866	0.01168	0.01554	0.03307	0.73459	0.03943	0.01869	0.00772	0.00247	0.00363	0.06554	0.00558	0.00493
7	0.02165	0.02743	0.01888	0.01648	0.01987	0.69000	0.08291	0.02355	0.01676	0.01517	0.00958	0.01138	0.00789	0.00609	0.00559	0.00160	0.01078	0.00419	0.00309	0.00709
8	0.00875	0.00671	0.00963	0.00908	0.01020	0.00695	0.04734	0.01036	0.01069	0.01464	0.07746	0.07308	0.08934	0.25780	0.33417	0.00640	0.00981	0.00865	0.00394	0.00498
9	0.01651	0.74125	0.03056	0.01064	0.01565	0.07322	0.01038	0.01841	0.01255	0.01419	0.00843	0.00973	0.00772	0.00522	0.00396	0.00130	0.00673	0.00326	0.00261	0.00767
10	0.01338	0.01180	0.01573	0.01183	0.01669	0.01039	0.10409	0.06087	0.11334	0.02118	0.01430	0.05886	0.01209	0.00604	0.00532	0.00134	0.00533	0.00537	0.00411	0.50795
11	0.03494	0.05562	0.05213	0.26851	0.02472	0.08427	0.01283	0.15660	0.01636	0.05870	0.10474	0.01826	0.01486	0.00740	0.00693	0.00190	0.06378	0.00575	0.00412	0.00761
12	0.00844	0.00618	0.00840	0.00849	0.00930	0.00671	0.00614	0.00990	0.00984	0.01361	0.02131	0.08114	0.07257	0.23966	0.46239	0.00760	0.01156	0.00823	0.00367	0.00486
13	0.00854	0.03697	0.00929	0.01013	0.05213	0.00657	0.00697	0.01015	0.01251	0.01641	0.06796	0.44946	0.12920	0.03586	0.00801	0.00242	0.00410	0.12262	0.00531	0.00540

[dist]
# distance from previous block
# <min> <max>
1	7

[block]
# block no. 1 follows, 38 sequences, length 11
# corresponding to MSA columns:
# 79-89
name=unknown_B
#
# <colnr> <probs for GDERKNQSTAVLIFYWHMCP>
#	G	D	E	R	K	N	Q	S	T	A	V	L	I	F	Y	W	H	M	C	P
0	0.01474	0.06579	0.03362	0.02482	0.08687	0.01584	0.59632	0.04942	0.01463	0.01977	0.01196	0.01562	0.00912	0.00519	0.00676	0.00195	0.00952	0.00664	0.00313	0.00829
1	0.01247	0.01069	0.01247	0.00891	0.01426	0.00802	0.00713	0.01515	0.01247	0.01960	0.01069	0.01247	0.00891	0.00446	0.00446	0.00089	0.00446	0.00356	0.00356	0.82536
2	0.01228	0.02959	0.68336	0.01799	0.02659	0.01410	0.09475	0.01907	0.01285	0.01907	0.01094	0.01306	0.00778	0.00565	0.00586	0.00192	0.00902	0.00472	0.00259	0.00881
3	0.00871	0.00598	0.00730	0.00730	0.00756	0.00624	0.00457	0.00923	0.00897	0.01221	0.01828	0.03561	0.02024	0.61083	0.20614	0.00675	0.00829	0.00820	0.00354	0.00406
4	0.00714	0.00597	0.00623	0.00643	0.00822	0.00505	0.00472	0.00860	0.01338	0.01612	0.05680	0.16633	0.64286	0.01577	0.00719	0.00209	0.00311	0.01335	0.00559	0.00505
5	0.00861	0.00591	0.00722	0.00733	0.00757	0.00610	0.00458	0.00912	0.00915	0.01241	0.01947	0.09317	0.02186	0.57930	0.17741	0.00635	0.00773	0.00892	0.00371	0.00409
6	0.01147	0.00963	0.01140	0.00881	0.01318	0.00741	0.00683	0.01383	0.01229	0.01877	0.01507	0.16304	0.01493	0.00726	0.00508	0.00119	0.00427	0.00620	0.00396	0.66538
7	0.01341	0.28553	0.51476	0.01486	0.02249	0.01726	0.01824	0.01870	0.01254	0.01741	0.00998	0.01168	0.00765	0.00553	0.00510	0.00170	0.00807	0.00403	0.00255	0.00850
8	0.66617	0.16957	0.01343	0.00839	0.01240	0.01558	0.00728	0.01775	0.01064	0.02439	0.00837	0.00975	0.00676	0.00550	0.00375	0.00175	0.00501	0.00325	0.00349	0.00676
9	0.06559	0.01316	0.01479	0.01160	0.01611	0.07334	0.00948	0.17028	0.01910	0.51299	0.01990	0.01793	0.01294	0.00721	0.00588	0.00182	0.00587	0.00560	0.00661	0.00978
10	0.06455	0.01378	0.01508	0.01246	0.01541	0.06255	0.01011	0.27397	0.04695	0.08942	0.15507	0.02039	0.01907	0.00877	0.00884	0.00199	0.16184	0.00632	0.00526	0.00817

[dist]
# distance from previous block
# <min> <max>
0	2

[block]
# block no. 2 follows, 38 sequences, length 135
# corresponding to MSA columns:
# 92-226
name=unknown_C
#
# <colnr> <probs for GDERKNQSTAVLIFYWHMCP>
#	G	D	E	R	K	N	Q	S	T	A	V	L	I	F	Y	W	H	M	C	P
0	0.01543	0.01413	0.02246	0.12405	0.52690	0.01498	0.01703	0.11336	0.01521	0.02130	0.01148	0.01488	0.00935	0.00596	0.00669	0.00186	0.04712	0.00536	0.00333	0.00912
1	0.01413	0.01643	0.06959	0.04021	0.02927	0.01507	0.57990	0.02087	0.11136	0.01996	0.01372	0.01687	0.01026	0.00554	0.00687	0.00202	0.00931	0.00688	0.00342	0.00831
2	0.01346	0.01063	0.01750	0.67182	0.03794	0.01276	0.01565	0.01724	0.01272	0.11452	0.01244	0.01663	0.00894	0.00621	0.00602	0.00199	0.00763	0.00544	0.00331	0.00716
3	0.72122	0.01151	0.01007	0.11059	0.01563	0.01348	0.00788	0.01737	0.01048	0.02543	0.00869	0.01061	0.00672	0.00564	0.00403	0.00188	0.00510	0.00354	0.00358	0.00654
4	0.01136	0.01069	0.01804	0.77412	0.04143	0.01337	0.01671	0.01537	0.01203	0.01537	0.01069	0.01604	0.00802	0.00601	0.00601	0.00200	0.00802	0.00535	0.00267	0.00668
5	0.01054	0.00727	0.00813	0.00766	0.00833	0.00749	0.00482	0.10551	0.01155	0.01543	0.01931	0.08644	0.02152	0.63180	0.02577	0.00506	0.00578	0.00887	0.00409	0.00461
6	0.01346	0.03079	0.65820	0.01693	0.02504	0.11454	0.02081	0.01972	0.01328	0.01847	0.01060	0.01245	0.00764	0.00578	0.00568	0.00186	0.00915	0.00437	0.00262	0.00863
7	0.00778	0.00566	0.00748	0.00840	0.00885	0.00551	0.00572	0.00900	0.01200	0.01626	0.12716	0.61060	0.03982	0.06854	0.00952	0.00260	0.02933	0.01532	0.00550	0.00497
8	0.02678	0.01058	0.01417	0.01087	0.01553	0.00935	0.00898	0.06569	0.01779	0.71804	0.02325	0.02016	0.01465	0.00743	0.00605	0.00186	0.00520	0.00602	0.00737	0.01024
9	0.00856	0.00575	0.00662	0.00680	0.00685	0.00571	0.00390	0.00870	0.00912	0.01216	0.02086	0.13925	0.02427	0.68543	0.02754	0.00538	0.00552	0.00987	0.00390	0.00381
10	0.20612	0.01483	0.01520	0.01183	0.01646	0.01605	0.00973	0.47210	0.02204	0.03296	0.01255	0.01311	0.00920	0.00648	0.00528	0.00170	0.00588	0.00467	0.00516	0.11862
11	0.01325	0.01487	0.03156	0.02277	0.02832	0.01385	0.63210	0.01784	0.01413	0.01887	0.01871	0.02181	0.10823	0.00643	0.00710	0.00203	0.00919	0.00785	0.00338	0.00771
12	0.00711	0.00609	0.00609	0.00609	0.00813	0.00508	0.00457	0.00863	0.01371	0.01625	0.06094	0.05789	0.74862	0.01524	0.00711	0.00203	0.00305	0.01270	0.00559	0.00508
13	0.83108	0.01163	0.00884	0.00791	0.01163	0.01350	0.00651	0.01768	0.01024	0.02699	0.00838	0.00977	0.00651	0.00558	0.00372	0.00186	0.00465	0.00326	0.00372	0.00651
14	0.18717	0.01123	0.01278	0.01072	0.01458	0.01151	0.00886	0.12869	0.08616	0.31431	0.03682	0.02448	0.01641	0.00844	0.00590	0.00199	0.00522	0.09998	0.00607	0.00867
15	0.02368	0.01417	0.01614	0.01243	0.01704	0.01484	0.01025	0.46817	0.02394	0.27211	0.01772	0.01679	0.01200	0.00729	0.00594	0.00181	0.00595	0.00563	0.04408	0.01002
16	0.01130	0.00603	0.00672	0.00643	0.00781	0.00586	0.00467	0.01363	0.01308	0.06636	0.15250	0.02915	0.02396	0.13439	0.00912	0.00224	0.00344	0.00710	0.49062	0.00559
17	0.00878	0.00658	0.00846	0.00942	0.01095	0.00626	0.00792	0.01108	0.01369	0.01733	0.04079	0.10189	0.25254	0.01631	0.00791	0.00253	0.00467	0.46197	0.00556	0.00537
18	0.01076	0.00765	0.00879	0.00830	0.01047	0.00738	0.00627	0.01548	0.14955	0.08784	0.20825	0.13743	0.29265	0.01297	0.00690	0.00204	0.00356	0.01112	0.00610	0.00650
19	0.83108	0.01163	0.00884	0.00791	0.01163	0.01350	0.00651	0.01768	0.01024	0.02699	0.00838	0.00977	0.00651	0.00558	0.00372	0.00186	0.00465	0.00326	0.00372	0.00651
20	0.14361	0.01133	0.01376	0.01072	0.01526	0.01084	0.00885	0.12166	0.01768	0.55297	0.02025	0.01811	0.01305	0.00714	0.00571	0.00185	0.00525	0.00556	0.00671	0.00969
21	0.52102	0.01092	0.01032	0.00888	0.01259	0.01178	0.00726	0.04839	0.01288	0.20541	0.01447	0.05438	0.01129	0.00708	0.00471	0.00190	0.00476	0.02101	0.02352	0.00745
22	0.00759	0.00587	0.00680	0.00705	0.00838	0.00521	0.00503	0.00919	0.01358	0.01752	0.20776	0.24221	0.35976	0.06569	0.00878	0.00235	0.00330	0.01317	0.00570	0.00507
23	0.83108	0.01163	0.00884	0.00791	0.01163	0.01350	0.00651	0.01768	0.01024	0.02699	0.00838	0.00977	0.00651	0.00558	0.00372	0.00186	0.00465	0.00326	0.00372	0.00651
24	0.80495	0.01159	0.00901	0.00800	0.01175	0.01334	0.00659	0.01806	0.01046	0.05065	0.00888	0.01012	0.00679	0.00564	0.00380	0.00186	0.00467	0.00335	0.00384	0.00664
25	0.03124	0.00891	0.01115	0.01009	0.01287	0.00864	0.00815	0.07784	0.06654	0.24365	0.12077	0.12132	0.08161	0.01186	0.00688	0.00214	0.00467	0.15779	0.00631	0.00756
26	0.20534	0.01348	0.01336	0.01122	0.01513	0.07279	0.00903	0.13516	0.18022	0.22111	0.03565	0.01838	0.01392	0.00736	0.00556	0.00189	0.00557	0.02040	0.00567	0.00876
27	0.83108	0.01163	0.00884	0.00791	0.01163	0.01350	0.00651	0.01768	0.01024	0.02699	0.00838	0.00977	0.00651	0.00558	0.00372	0.00186	0.00465	0.00326	0.00372	0.00651
28	0.00810	0.00562	0.00699	0.00762	0.00793	0.00545	0.00488	0.00888	0.01071	0.01440	0.07654	0.38004	0.03256	0.35008	0.03599	0.00404	0.00480	0.02616	0.00476	0.00443
29	0.00860	0.00641	0.00949	0.00948	0.01052	0.00740	0.00731	0.01067	0.00979	0.01409	0.03280	0.02481	0.01629	0.07743	0.71496	0.00932	0.01536	0.00665	0.00332	0.00530
30	0.03695	0.02047	0.01898	0.19339	0.21266	0.38241	0.01442	0.02047	0.01488	0.01643	0.01011	0.01305	0.00824	0.00593	0.00566	0.00172	0.00910	0.00458	0.00299	0.00756
31	0.83108	0.01163	0.00884	0.00791	0.01163	0.01350	0.00651	0.01768	0.01024	0.02699	0.00838	0.00977	0.00651	0.00558	0.00372	0.00186	0.00465	0.00326	0.00372	0.00651
32	0.00776	0.00566	0.00712	0.00792	0.00868	0.00526	0.00550	0.00911	0.01240	0.01638	0.12783	0.45297	0.14297	0.10285	0.01011	0.00271	0.00374	0.06062	0.00550	0.00492
33	0.01393	0.01361	0.02285	0.26414	0.47730	0.03115	0.05461	0.01767	0.01328	0.01819	0.01112	0.01522	0.00900	0.00557	0.00602	0.00186	0.00766	0.00541	0.00289	0.00852
34	0.02245	0.01257	0.01546	0.01217	0.01643	0.06288	0.05700	0.12085	0.07062	0.43023	0.07261	0.02181	0.04099	0.00782	0.00619	0.00186	0.00580	0.00650	0.00645	0.00933
35	0.01496	0.01292	0.01360	0.01224	0.01564	0.01496	0.00952	0.03197	0.74019	0.02516	0.02448	0.02244	0.01836	0.00816	0.00612	0.00204	0.00476	0.00680	0.00612	0.00952
36	0.01803	0.01421	0.01630	0.03169	0.05306	0.04769	0.04521	0.15944	0.40623	0.11066	0.02033	0.01941	0.01488	0.00749	0.00610	0.00194	0.00586	0.00624	0.00574	0.00949
37	0.01068	0.00674	0.00922	0.01065	0.06685	0.00620	0.00693	0.01216	0.01274	0.12096	0.03323	0.53569	0.11289	0.01578	0.00725	0.00226	0.00395	0.01413	0.00565	0.00603
38	0.02273	0.01076	0.06123	0.01073	0.01494	0.00851	0.00917	0.02514	0.01597	0.58338	0.02447	0.14792	0.01859	0.00924	0.00630	0.00196	0.00509	0.00780	0.00681	0.00925
39	0.61392	0.03217	0.03247	0.01127	0.03365	0.09327	0.07041	0.01855	0.01150	0.02434	0.00894	0.01065	0.00701	0.00559	0.00431	0.00183	0.00600	0.00374	0.00352	0.00687
40	0.01345	0.01702	0.11338	0.02298	0.02882	0.01443	0.57981	0.01837	0.01367	0.01881	0.01310	0.05577	0.01066	0.00692	0.02503	0.00223	0.02724	0.00727	0.00311	0.00793
41	0.01467	0.01276	0.01501	0.01398	0.05965	0.01426	0.04706	0.06416	0.55735	0.02473	0.05732	0.02389	0.05152	0.00829	0.00625	0.00201	0.00511	0.00711	0.00577	0.00911
42	0.83108	0.01163	0.00884	0.00791	0.01163	0.01350	0.00651	0.01768	0.01024	0.02699	0.00838	0.00977	0.00651	0.00558	0.00372	0.00186	0.00465	0.00326	0.00372	0.00651
43	0.01487	0.01435	0.02354	0.05983	0.67915	0.02950	0.01780	0.01866	0.02813	0.01952	0.01150	0.01493	0.00960	0.00543	0.00591	0.00177	0.00714	0.00531	0.00305	0.03001
44	0.00752	0.00538	0.00715	0.00825	0.00877	0.00501	0.00560	0.00885	0.01240	0.01676	0.14759	0.66622	0.04251	0.01780	0.00758	0.00235	0.00339	0.01611	0.00575	0.00501
45	0.01132	0.01043	0.01755	0.73743	0.03982	0.01298	0.01616	0.01501	0.01183	0.01513	0.01068	0.01615	0.00814	0.00673	0.00685	0.04141	0.00789	0.00534	0.00267	0.00649
46	0.01127	0.01054	0.01771	0.74860	0.04035	0.01311	0.01634	0.01524	0.01220	0.01566	0.03523	0.01700	0.00964	0.00622	0.00605	0.00200	0.00785	0.00553	0.00280	0.00665
47	0.01456	0.01257	0.01321	0.01192	0.01525	0.01445	0.00927	0.03076	0.70253	0.02470	0.02637	0.02428	0.05622	0.00853	0.00617	0.00204	0.00467	0.00711	0.00609	0.00929
48	0.01420	0.01623	0.03550	0.02535	0.03144	0.01521	0.72921	0.01927	0.01420	0.01927	0.01217	0.01623	0.00913	0.00507	0.00710	0.00203	0.01014	0.00710	0.00304	0.00811
49	0.00783	0.00569	0.00745	0.00843	0.00924	0.00531	0.00609	0.00944	0.01290	0.01719	0.14831	0.50541	0.10202	0.01719	0.00763	0.00237	0.00364	0.11300	0.00574	0.00512
50	0.00746	0.00574	0.00683	0.00732	0.00854	0.00511	0.00520	0.00903	0.01341	0.01734	0.17697	0.35987	0.32316	0.01620	0.00735	0.00218	0.00319	0.01420	0.00578	0.00511
51	0.02247	0.02867	0.01705	0.01550	0.01860	0.76443	0.01162	0.02402	0.01705	0.01472	0.00930	0.01085	0.00775	0.00620	0.00542	0.00155	0.01085	0.00387	0.00310	0.00697
52	0.01236	0.01175	0.01647	0.01438	0.01473	0.01600	0.01186	0.02993	0.00975	0.01490	0.00988	0.01552	0.00954	0.01816	0.18544	0.00418	0.59038	0.00553	0.00284	0.00639
53	0.00855	0.00642	0.00798	0.00770	0.00929	0.00596	0.00588	0.01161	0.04027	0.02227	0.54645	0.04819	0.18189	0.01301	0.00715	0.00198	0.00313	0.06023	0.00634	0.00568
54	0.00955	0.00686	0.00951	0.01085	0.01223	0.00681	0.00943	0.01224	0.01379	0.01788	0.03283	0.08502	0.05795	0.01663	0.00825	0.00274	0.00541	0.67097	0.00554	0.00551
55	0.01489	0.01429	0.02442	0.03692	0.75106	0.01429	0.01846	0.01846	0.01370	0.01965	0.01132	0.01489	0.00953	0.00536	0.00596	0.00179	0.00715	0.00536	0.00298	0.00953
56	0.10784	0.01571	0.02752	0.02181	0.07978	0.04350	0.42427	0.07587	0.01436	0.02093	0.01124	0.01469	0.00875	0.00602	0.00799	0.00203	0.10034	0.00606	0.00331	0.00798
57	0.83108	0.01163	0.00884	0.00791	0.01163	0.01350	0.00651	0.01768	0.01024	0.02699	0.00838	0.00977	0.00651	0.00558	0.00372	0.00186	0.00465	0.00326	0.00372	0.00651
58	0.02333	0.01343	0.01561	0.01226	0.01678	0.01392	0.01003	0.32217	0.13874	0.33822	0.01998	0.01828	0.01351	0.00747	0.00605	0.00187	0.00569	0.00591	0.00664	0.01012
59	0.17069	0.01336	0.01414	0.01140	0.01569	0.04856	0.00928	0.20122	0.11557	0.31197	0.01805	0.01684	0.01234	0.00709	0.00560	0.00186	0.00563	0.00538	0.00603	0.00931
60	0.01436	0.01139	0.01312	0.06712	0.03291	0.02720	0.00972	0.09057	0.35106	0.06088	0.03762	0.15176	0.02201	0.01040	0.00656	0.00212	0.00519	0.07217	0.00567	0.00817
61	0.13475	0.01042	0.01327	0.01033	0.01486	0.00947	0.00853	0.02776	0.01628	0.65763	0.02168	0.01904	0.01377	0.00720	0.00574	0.00186	0.00506	0.00568	0.00695	0.00974
62	0.02096	0.02558	0.01551	0.01417	0.01704	0.66274	0.01063	0.02268	0.01645	0.01576	0.01068	0.01240	0.00878	0.00631	0.00526	0.00153	0.00977	0.00411	0.11284	0.00679
63	0.01661	0.01350	0.01435	0.01247	0.01614	0.01541	0.00982	0.14844	0.60147	0.04751	0.02279	0.02106	0.01691	0.00799	0.00610	0.00200	0.00508	0.00655	0.00614	0.00966
64	0.00761	0.00543	0.00696	0.00807	0.00848	0.00511	0.00537	0.00858	0.01128	0.01492	0.03237	0.60930	0.07361	0.13673	0.01119	0.00295	0.00389	0.03812	0.00529	0.00473
65	0.83108	0.01163	0.00884	0.00791	0.01163	0.01350	0.00651	0.01768	0.01024	0.02699	0.00838	0.00977	0.00651	0.00558	0.00372	0.00186	0.00465	0.00326	0.00372	0.00651
66	0.01124	0.00891	0.01008	0.00924	0.01161	0.00922	0.00718	0.07737	0.21199	0.02366	0.31467	0.04010	0.18139	0.01157	0.00681	0.00200	0.00386	0.04596	0.00617	0.00697
67	0.00762	0.00588	0.00700	0.00745	0.00878	0.00526	0.00545	0.00933	0.01365	0.01760	0.18227	0.29044	0.33887	0.01593	0.00737	0.00219	0.00332	0.06065	0.00578	0.00516
68	0.02419	0.01131	0.01428	0.01133	0.01571	0.01083	0.00931	0.12285	0.10829	0.53633	0.02294	0.02198	0.01556	0.00791	0.00615	0.00192	0.00529	0.03687	0.00701	0.00994
69	0.01023	0.00749	0.00904	0.00829	0.01006	0.00731	0.00623	0.10717	0.01737	0.02391	0.49226	0.10086	0.11023	0.05265	0.00822	0.00214	0.00357	0.01070	0.00621	0.00606
70	0.00909	0.00650	0.00868	0.00980	0.01090	0.00639	0.00801	0.01118	0.01284	0.01669	0.03210	0.16038	0.07773	0.12029	0.01114	0.00309	0.00515	0.47960	0.00529	0.00517
71	0.00859	0.00645	0.00967	0.00967	0.01074	0.00752	0.00752	0.01074	0.00967	0.01396	0.01611	0.02363	0.01504	0.04512	0.76474	0.00967	0.01611	0.00645	0.00322	0.00537
72	0.06405	0.01622	0.01717	0.01339	0.01802	0.01805	0.01101	0.63050	0.09204	0.03619	0.01504	0.01493	0.01078	0.00722	0.00591	0.00183	0.00635	0.00543	0.00591	0.00997
73	0.40261	0.00990	0.00962	0.00824	0.01166	0.01044	0.00669	0.03344	0.01310	0.21820	0.02996	0.01624	0.01181	0.00656	0.00456	0.00176	0.00436	0.00472	0.18882	0.00735
74	0.01027	0.00627	0.00708	0.00678	0.00768	0.00595	0.00433	0.01096	0.01071	0.08084	0.02724	0.03991	0.15585	0.51927	0.02217	0.00446	0.00504	0.00902	0.06153	0.00465
75	0.72332	0.01145	0.00953	0.00829	0.01213	0.01287	0.00683	0.01924	0.01117	0.12458	0.01043	0.01121	0.00764	0.00583	0.00403	0.00186	0.00472	0.00363	0.00422	0.00701
76	0.00919	0.00623	0.00803	0.00771	0.00920	0.00568	0.00573	0.01164	0.01600	0.06013	0.55214	0.14398	0.11519	0.01319	0.00712	0.00198	0.00306	0.01163	0.00643	0.00575
77	0.19263	0.00693	0.00722	0.00765	0.00917	0.00693	0.00549	0.01066	0.01183	0.01836	0.06087	0.38619	0.19364	0.04600	0.00757	0.00233	0.00372	0.01241	0.00513	0.00528
78	0.00762	0.00547	0.00712	0.00812	0.00869	0.00511	0.00553	0.00891	0.01225	0.01642	0.12938	0.58983	0.07429	0.06342	0.00895	0.00256	0.00357	0.03222	0.00561	0.00494
79	0.01925	0.01568	0.02085	0.01598	0.02075	0.01683	0.17092	0.39910	0.18499	0.04732	0.01641	0.01678	0.01192	0.00696	0.00628	0.00191	0.00695	0.00612	0.00541	0.00960
80	0.01085	0.00679	0.00860	0.00845	0.00899	0.04385	0.00591	0.00970	0.00916	0.02804	0.01465	0.02187	0.04997	0.05830	0.14775	0.54721	0.00727	0.00593	0.00305	0.00364
81	0.09254	0.00808	0.00987	0.00902	0.01147	0.00771	0.00685	0.01777	0.05793	0.25174	0.13791	0.25681	0.06303	0.03226	0.00718	0.00216	0.00413	0.01030	0.00614	0.00711
82	0.01136	0.01069	0.01804	0.77412	0.04143	0.01337	0.01671	0.01537	0.01203	0.01537	0.01069	0.01604	0.00802	0.00601	0.00601	0.00200	0.00802	0.00535	0.00267	0.00668
83	0.67696	0.13426	0.01270	0.00848	0.01246	0.01528	0.00727	0.04091	0.01114	0.02533	0.00857	0.00990	0.00682	0.00557	0.00382	0.00177	0.00500	0.00332	0.00362	0.00682
84	0.01558	0.01732	0.21138	0.01659	0.11680	0.01338	0.03017	0.05829	0.26203	0.10706	0.03538	0.01865	0.01412	0.00698	0.00593	0.00190	0.00628	0.00588	0.04714	0.00915
85	0.01532	0.64743	0.16960	0.01160	0.01746	0.02193	0.01256	0.01821	0.01231	0.01509	0.00883	0.01023	0.00770	0.00525	0.00421	0.00140	0.00690	0.00345	0.00257	0.00794
86	0.01608	0.79220	0.03152	0.01029	0.01544	0.02380	0.01029	0.01801	0.01222	0.01415	0.00836	0.00965	0.00772	0.00515	0.00386	0.00129	0.00643	0.00322	0.00257	0.00772
87	0.01600	0.12568	0.30474	0.01442	0.02031	0.03385	0.01514	0.20350	0.11400	0.02362	0.01322	0.01452	0.01002	0.02100	0.00671	0.00191	0.04354	0.00495	0.00396	0.00891
88	0.01131	0.00648	0.00820	0.00818	0.00982	0.00577	0.00593	0.01266	0.01324	0.16061	0.06843	0.38467	0.20890	0.03008	0.00814	0.02899	0.00377	0.01304	0.00586	0.00592
89	0.02247	0.02867	0.01705	0.01550	0.01860	0.76443	0.01162	0.02402	0.01705	0.01472	0.00930	0.01085	0.00775	0.00620	0.00542	0.00155	0.01085	0.00387	0.00310	0.00697
90	0.01496	0.01292	0.01360	0.01224	0.01564	0.01496	0.00952	0.03197	0.74019	0.02516	0.02448	0.02244	0.01836	0.00816	0.00612	0.00204	0.00476	0.00680	0.00612	0.00952
91	0.00769	0.00578	0.00685	0.00722	0.00829	0.00524	0.00501	0.00912	0.01299	0.01694	0.18560	0.29635	0.27306	0.11949	0.01045	0.00265	0.00353	0.01327	0.00554	0.00494
92	0.07205	0.00884	0.01049	0.00892	0.01220	0.00822	0.00709	0.02037	0.08479	0.32785	0.09788	0.05321	0.24226	0.01048	0.00636	0.00195	0.00418	0.00866	0.00638	0.00781
93	0.02699	0.01024	0.01396	0.01070	0.01536	0.00884	0.00884	0.02932	0.01722	0.75522	0.02373	0.02048	0.01489	0.00745	0.00605	0.00186	0.00512	0.00605	0.00745	0.01024
94	0.29715	0.01071	0.01224	0.00977	0.01411	0.01041	0.00806	0.02541	0.01487	0.51055	0.01857	0.01688	0.01208	0.00682	0.00527	0.00186	0.00496	0.00511	0.00619	0.00899
95	0.06804	0.01286	0.01386	0.01196	0.01568	0.01435	0.00951	0.12499	0.48323	0.12477	0.02221	0.02145	0.01647	0.00799	0.00600	0.00199	0.00507	0.02400	0.00612	0.00943
96	0.04222	0.01064	0.01354	0.01087	0.01511	0.01004	0.00882	0.02889	0.16194	0.56753	0.02385	0.04607	0.01623	0.00793	0.00607	0.00192	0.00498	0.00650	0.00703	0.00983
97	0.01568	0.01328	0.01401	0.01239	0.01592	0.01530	0.00970	0.09549	0.67550	0.02632	0.02357	0.02172	0.01762	0.00808	0.00611	0.00202	0.00493	0.00668	0.00611	0.00959
98	0.75801	0.01151	0.00931	0.00816	0.01197	0.01307	0.00673	0.01874	0.01087	0.09317	0.00977	0.01075	0.00728	0.00575	0.00393	0.00186	0.00470	0.00351	0.00406	0.00685
99	0.00990	0.00623	0.00809	0.00857	0.00981	0.00580	0.00639	0.01167	0.01327	0.08439	0.12527	0.36031	0.10009	0.05200	0.00846	0.00246	0.00397	0.13886	0.03889	0.00558
100	0.00756	0.00553	0.00710	0.00818	0.00887	0.00512	0.00570	0.00885	0.01215	0.01595	0.06765	0.58166	0.13465	0.03923	0.00826	0.00248	0.00362	0.06690	0.00557	0.00496
101	0.00864	0.00625	0.00868	0.00868	0.00941	0.00698	0.00629	0.01011	0.00938	0.01323	0.01702	0.02864	0.01721	0.28187	0.53096	0.00845	0.01284	0.00718	0.00336	0.00482
102	0.01446	0.01395	0.02406	0.12042	0.64636	0.01422	0.04192	0.01814	0.01352	0.01915	0.01127	0.01506	0.00934	0.00542	0.00600	0.00182	0.00735	0.00542	0.00295	0.00916
103	0.02287	0.01685	0.01805	0.01384	0.01866	0.01866	0.01143	0.73100	0.02828	0.03791	0.01444	0.01444	0.01023	0.00722	0.00602	0.00181	0.00662	0.00542	0.00602	0.01023
104	0.01591	0.01294	0.01385	0.01212	0.01576	0.01460	0.00950	0.07431	0.63028	0.06012	0.02323	0.02142	0.01728	0.00791	0.00604	0.00197	0.00488	0.00654	0.00607	0.04528
105	0.04249	0.01239	0.01511	0.01166	0.01631	0.01214	0.00961	0.24695	0.03870	0.49872	0.02054	0.01843	0.01335	0.00735	0.00599	0.00185	0.00557	0.00581	0.00689	0.01014
106	0.81064	0.01177	0.00907	0.00806	0.01181	0.01363	0.00664	0.03572	0.01069	0.02727	0.00853	0.00989	0.00661	0.00563	0.00378	0.00186	0.00470	0.00331	0.00378	0.00661
107	0.00752	0.00551	0.00712	0.00814	0.00883	0.00504	0.00554	0.00878	0.01211	0.01615	0.08485	0.65265	0.09960	0.01772	0.00751	0.00233	0.00343	0.01596	0.00561	0.02560
108	0.01225	0.01160	0.01965	0.58849	0.22013	0.01360	0.01715	0.01615	0.01245	0.01645	0.01085	0.01575	0.00840	0.00585	0.00600	0.00195	0.00780	0.00535	0.00275	0.00740
109	0.01577	0.01403	0.02220	0.12993	0.52316	0.01465	0.01683	0.11414	0.03447	0.03853	0.01228	0.01531	0.00978	0.00582	0.00598	0.00183	0.00708	0.00542	0.00353	0.00926
110	0.01260	0.00643	0.00704	0.00678	0.00858	0.00630	0.00531	0.03146	0.01355	0.08870	0.02278	0.02772	0.04873	0.00828	0.00491	0.00160	0.00336	0.06991	0.61986	0.00610
111	0.40967	0.01080	0.01137	0.00929	0.01342	0.01098	0.00765	0.02332	0.01389	0.38982	0.03464	0.01599	0.01195	0.00668	0.00497	0.00186	0.00484	0.00484	0.00565	0.00835
112	0.00794	0.00615	0.00714	0.00755	0.00881	0.00570	0.00536	0.01018	0.05200	0.01696	0.11973	0.31707	0.30957	0.07251	0.00901	0.00246	0.00353	0.02754	0.00558	0.00522
113	0.73175	0.01168	0.00961	0.00836	0.01220	0.01324	0.00689	0.04192	0.01146	0.09352	0.00997	0.01090	0.00740	0.00581	0.00401	0.00186	0.00476	0.00358	0.00414	0.00697
114	0.66489	0.01166	0.01009	0.00864	0.01256	0.01300	0.00712	0.05316	0.01220	0.14351	0.01111	0.01170	0.00802	0.00596	0.00420	0.00186	0.00482	0.00380	0.00442	0.00728
115	0.28261	0.01002	0.01118	0.00914	0.01301	0.00986	0.00747	0.02319	0.01449	0.41253	0.05092	0.01834	0.01414	0.00702	0.00516	0.00182	0.00463	0.00532	0.09081	0.00836
116	0.00806	0.00638	0.00729	0.00711	0.00886	0.00576	0.00531	0.01080	0.04821	0.01983	0.33903	0.09335	0.39045	0.01392	0.00709	0.00200	0.00307	0.01194	0.00603	0.00552
117	0.75801	0.01151	0.00931	0.00816	0.01197	0.01307	0.00673	0.01874	0.01087	0.09317	0.00977	0.01075	0.00728	0.00575	0.00393	0.00186	0.00470	0.00351	0.00406	0.00685
118	0.00949	0.00585	0.00750	0.00811	0.00875	0.00550	0.00537	0.01038	0.01130	0.08161	0.02853	0.51726	0.03277	0.22226	0.01362	0.00329	0.00426	0.01388	0.00524	0.00504
119	0.52521	0.01225	0.01121	0.00955	0.01347	0.01373	0.00779	0.10593	0.11108	0.11890	0.01317	0.01336	0.00959	0.00636	0.00461	0.00188	0.00496	0.00434	0.00478	0.00782
120	0.00777	0.00579	0.00689	0.00741	0.00865	0.00513	0.00525	0.00924	0.01315	0.03160	0.12649	0.39259	0.32549	0.01641	0.00735	0.00220	0.00327	0.01440	0.00574	0.00516
121	0.02524	0.01224	0.01510	0.01166	0.01630	0.01191	0.00961	0.22775	0.05550	0.51701	0.02114	0.01887	0.01374	0.00742	0.00604	0.00185	0.00553	0.00591	0.00698	0.01020
122	0.18422	0.01278	0.01386	0.01110	0.01526	0.01354	0.00908	0.28329	0.07021	0.23344	0.06344	0.01786	0.01443	0.00734	0.00561	0.00185	0.00536	0.00561	0.02268	0.00905
123	0.01046	0.00634	0.00834	0.00876	0.01012	0.00581	0.00651	0.01217	0.01344	0.11831	0.11368	0.42949	0.10575	0.01590	0.00742	0.00231	0.00388	0.10955	0.00595	0.00582
124	0.00871	0.00636	0.00951	0.00950	0.01051	0.00732	0.00732	0.01058	0.00976	0.01403	0.03603	0.02389	0.01591	0.04269	0.69726	0.06060	0.01506	0.00649	0.00328	0.00521
125	0.01245	0.00706	0.00763	0.00708	0.00903	0.00712	0.00543	0.04348	0.07828	0.06847	0.11078	0.02637	0.05406	0.00817	0.00504	0.00159	0.00328	0.00670	0.53159	0.00640
126	0.00821	0.00551	0.00723	0.00833	0.00894	0.00509	0.00563	0.00931	0.01180	0.04767	0.03371	0.69908	0.07168	0.03667	0.00813	0.00248	0.00360	0.01621	0.00562	0.00510
127	0.00999	0.00565	0.00790	0.00790	0.00843	0.00562	0.00549	0.00945	0.01004	0.03004	0.09732	0.09290	0.03831	0.05982	0.10034	0.44750	0.00585	0.00746	0.04610	0.00390
128	0.03326	0.01836	0.01623	0.01413	0.01751	0.27652	0.06218	0.11127	0.25492	0.02172	0.01764	0.07171	0.01488	0.00816	0.00608	0.00189	0.00745	0.03328	0.00472	0.00808
129	0.01878	0.11957	0.01666	0.01201	0.01563	0.15646	0.00981	0.24176	0.01908	0.11084	0.05017	0.09012	0.04954	0.00902	0.00602	0.00183	0.00654	0.05302	0.00511	0.00806
130	0.09015	0.01384	0.01663	0.32022	0.08305	0.11400	0.01330	0.04824	0.06110	0.10310	0.01326	0.01666	0.01015	0.00679	0.00650	0.00194	0.04726	0.02234	0.00382	0.00763
131	0.14017	0.41121	0.11764	0.04909	0.01917	0.04355	0.07937	0.04687	0.01296	0.01824	0.00941	0.01121	0.00777	0.00544	0.00462	0.00159	0.00705	0.00395	0.00295	0.00775
132	0.06649	0.01532	0.06848	0.15822	0.10010	0.11346	0.04963	0.08949	0.06603	0.08437	0.04509	0.05120	0.01370	0.04398	0.00711	0.00207	0.00713	0.00612	0.00416	0.00784
133	0.05115	0.00988	0.01002	0.01018	0.04063	0.07851	0.00709	0.09001	0.01409	0.01850	0.02992	0.27875	0.17843	0.08347	0.03402	0.00262	0.00530	0.01081	0.00486	0.04176
134	0.01653	0.03224	0.06444	0.01353	0.01728	0.03048	0.10370	0.27877	0.05680	0.05610	0.01650	0.10956	0.01450	0.04140	0.00961	0.11239	0.00656	0.00711	0.00472	0.00777

[dist]
# distance from previous block
# <min> <max>
5	15

# created by:
# /home/cegg/simao/soft/augustus-3.2.1/scripts/msa2prfl.pl ./align_prep/EOG090W0ESV.fa
