[name]
unknown

[dist]
# distance from previous block
# <min> <max>
0	139

[block]
# block no. 0 follows, 34 sequences, length 7
# corresponding to MSA columns:
# 140-146
name=unknown_A
#
# <colnr> <probs for GDERKNQSTAVLIFYWHMCP>
#	G	D	E	R	K	N	Q	S	T	A	V	L	I	F	Y	W	H	M	C	P
0	0.07553	0.01079	0.01421	0.01346	0.05102	0.01102	0.04451	0.07842	0.05609	0.12652	0.02576	0.05805	0.06820	0.05068	0.02912	0.00275	0.03767	0.19942	0.00553	0.04126
1	0.07519	0.01340	0.06911	0.01203	0.01574	0.03632	0.01038	0.08209	0.04701	0.12627	0.07891	0.08771	0.04144	0.01012	0.00800	0.00207	0.08251	0.06889	0.00531	0.12750
2	0.01604	0.01969	0.19579	0.01559	0.05283	0.08784	0.01401	0.12205	0.17053	0.02346	0.01654	0.01906	0.01312	0.04272	0.08697	0.00308	0.04153	0.00598	0.04435	0.00882
3	0.00817	0.00617	0.00754	0.00803	0.00926	0.00555	0.00571	0.00999	0.01475	0.01946	0.24186	0.35605	0.24980	0.01710	0.00789	0.00233	0.00341	0.01508	0.00632	0.00555
4	0.00996	0.00782	0.00896	0.00890	0.01019	0.03186	0.00638	0.04571	0.01329	0.01738	0.08428	0.16559	0.17512	0.18439	0.19561	0.00511	0.00791	0.01104	0.00495	0.00556
5	0.01244	0.00702	0.00927	0.04347	0.01183	0.00667	0.00679	0.01405	0.01348	0.14603	0.06428	0.41085	0.03273	0.11584	0.01080	0.00286	0.00453	0.01319	0.06759	0.00629
6	0.63088	0.01167	0.01029	0.04547	0.01409	0.01317	0.00765	0.01906	0.01216	0.08654	0.04848	0.05228	0.01239	0.00728	0.00473	0.00204	0.00505	0.00503	0.00454	0.00720

[dist]
# distance from previous block
# <min> <max>
3	7

[block]
# block no. 1 follows, 34 sequences, length 8
# corresponding to MSA columns:
# 154-161
name=unknown_B
#
# <colnr> <probs for GDERKNQSTAVLIFYWHMCP>
#	G	D	E	R	K	N	Q	S	T	A	V	L	I	F	Y	W	H	M	C	P
0	0.01471	0.04978	0.04505	0.01578	0.08190	0.03125	0.08769	0.06723	0.08736	0.03854	0.01860	0.09848	0.01683	0.01017	0.02999	0.00222	0.04699	0.05149	0.08183	0.12409
1	0.01169	0.00911	0.00973	0.00937	0.01071	0.05423	0.00669	0.08361	0.01417	0.01877	0.08787	0.13234	0.06942	0.27467	0.11122	0.00461	0.00716	0.03948	0.03939	0.00575
2	0.01495	0.09772	0.19637	0.04841	0.04105	0.04986	0.14148	0.07372	0.07865	0.02115	0.01684	0.09163	0.01504	0.00862	0.00712	0.00213	0.03132	0.05136	0.00404	0.00854
3	0.01230	0.01044	0.01441	0.22097	0.08181	0.01128	0.01155	0.03944	0.11643	0.02014	0.07373	0.06405	0.08510	0.08235	0.00937	0.00254	0.00617	0.07355	0.00473	0.05964
4	0.00943	0.00787	0.01022	0.01135	0.07929	0.00778	0.00756	0.01148	0.01428	0.01884	0.17877	0.11452	0.32344	0.04930	0.07083	0.00307	0.05881	0.01164	0.00543	0.00610
5	0.09295	0.01420	0.04684	0.09599	0.34505	0.01369	0.01505	0.02079	0.07925	0.06839	0.01449	0.03676	0.01174	0.00655	0.00603	0.00188	0.00672	0.00578	0.00401	0.11385
6	0.00852	0.00629	0.00820	0.00892	0.01000	0.00597	0.00656	0.01044	0.01404	0.01876	0.18163	0.36474	0.14498	0.02065	0.07914	0.00322	0.00509	0.09128	0.00598	0.00558
7	0.04175	0.16560	0.25107	0.01758	0.07281	0.09681	0.04105	0.07781	0.01498	0.02023	0.01165	0.03800	0.00980	0.00730	0.00779	0.00199	0.10653	0.00524	0.00333	0.00869

[dist]
# distance from previous block
# <min> <max>
5	6

[block]
# block no. 2 follows, 34 sequences, length 13
# corresponding to MSA columns:
# 168-180
name=unknown_C
#
# <colnr> <probs for GDERKNQSTAVLIFYWHMCP>
#	G	D	E	R	K	N	Q	S	T	A	V	L	I	F	Y	W	H	M	C	P
0	0.01708	0.04993	0.02215	0.07517	0.35402	0.11013	0.03707	0.02209	0.09400	0.05656	0.04119	0.01758	0.01301	0.00657	0.00624	0.00187	0.00758	0.00582	0.00398	0.05795
1	0.01146	0.00852	0.01035	0.00932	0.01143	0.00852	0.00715	0.09084	0.08264	0.02764	0.58787	0.04251	0.05178	0.01221	0.00740	0.00204	0.00368	0.01065	0.00699	0.00700
2	0.08546	0.17509	0.27473	0.01563	0.06417	0.03505	0.01550	0.09542	0.01581	0.10235	0.01463	0.01573	0.03216	0.00765	0.02246	0.00207	0.00783	0.00508	0.00400	0.00917
3	0.01743	0.12665	0.06462	0.01620	0.05589	0.08826	0.11329	0.07348	0.03765	0.11217	0.01711	0.05302	0.03258	0.03400	0.08793	0.00301	0.04733	0.00664	0.00434	0.00839
4	0.00812	0.00581	0.00751	0.00863	0.00915	0.00543	0.00577	0.00933	0.01272	0.01700	0.09666	0.60684	0.07282	0.08913	0.01045	0.00289	0.00390	0.01674	0.00590	0.00521
5	0.01504	0.01438	0.02451	0.21996	0.55976	0.01510	0.01936	0.01900	0.01426	0.01995	0.01199	0.01630	0.00983	0.00593	0.00641	0.00198	0.00791	0.00575	0.00312	0.00947
6	0.01570	0.07455	0.14785	0.03895	0.04662	0.05059	0.03465	0.09695	0.13471	0.05474	0.05053	0.06073	0.01762	0.01065	0.04297	0.00244	0.00735	0.04367	0.06012	0.00861
7	0.01274	0.02346	0.41549	0.07634	0.06937	0.01339	0.06992	0.04251	0.01476	0.02097	0.07575	0.05751	0.06354	0.00811	0.00663	0.00209	0.00813	0.00699	0.00368	0.00862
8	0.02014	0.00969	0.01237	0.01025	0.01391	0.00888	0.00819	0.02437	0.09397	0.39855	0.20387	0.03352	0.11322	0.01037	0.00692	0.00205	0.00459	0.00872	0.00739	0.00904
9	0.02222	0.01403	0.06979	0.03826	0.07448	0.01249	0.01177	0.16636	0.05071	0.34314	0.03970	0.05516	0.05468	0.00873	0.00662	0.00204	0.00613	0.00721	0.00647	0.01001
10	0.03768	0.01811	0.12624	0.06892	0.42611	0.05804	0.04484	0.04806	0.01503	0.02108	0.01333	0.05358	0.01155	0.02144	0.00692	0.00207	0.00803	0.00624	0.00344	0.00932
11	0.01446	0.01658	0.15704	0.15207	0.22898	0.01330	0.10409	0.01885	0.01449	0.07313	0.05138	0.09512	0.01581	0.00794	0.00677	0.00210	0.00780	0.00745	0.00390	0.00872
12	0.01252	0.00876	0.01020	0.00963	0.01186	0.00877	0.00736	0.07702	0.11570	0.06921	0.14343	0.15830	0.18348	0.04084	0.00884	0.02769	0.00443	0.06245	0.03255	0.00696

[dist]
# distance from previous block
# <min> <max>
1	4

[block]
# block no. 3 follows, 34 sequences, length 22
# corresponding to MSA columns:
# 185-206
name=unknown_D
#
# <colnr> <probs for GDERKNQSTAVLIFYWHMCP>
#	G	D	E	R	K	N	Q	S	T	A	V	L	I	F	Y	W	H	M	C	P
0	0.01727	0.10065	0.09144	0.01335	0.04179	0.03848	0.02438	0.11272	0.07302	0.08327	0.01412	0.01505	0.01081	0.00610	0.00550	0.00151	0.00634	0.00480	0.00447	0.33494
1	0.01954	0.01426	0.02040	0.04489	0.33912	0.02900	0.01454	0.13276	0.01800	0.17514	0.03801	0.04099	0.01399	0.00719	0.00640	0.00190	0.00677	0.00632	0.00498	0.06579
2	0.01638	0.32730	0.15748	0.01380	0.01914	0.01955	0.03632	0.12350	0.06781	0.02144	0.03175	0.06681	0.01329	0.00776	0.00652	0.00186	0.05077	0.00584	0.00395	0.00875
3	0.01907	0.12806	0.17716	0.01522	0.04172	0.09327	0.01404	0.21172	0.09147	0.07128	0.01569	0.04398	0.01244	0.02842	0.00680	0.00203	0.00765	0.00584	0.00472	0.00942
4	0.00820	0.00606	0.00710	0.00778	0.00858	0.00557	0.00514	0.00918	0.01229	0.01575	0.04038	0.37434	0.23854	0.21386	0.01444	0.00344	0.00426	0.01466	0.00546	0.00496
5	0.01499	0.18815	0.40407	0.01483	0.02191	0.01601	0.01718	0.04126	0.03688	0.07056	0.09941	0.01808	0.01558	0.00712	0.00594	0.00190	0.00770	0.00556	0.00386	0.00902
6	0.00874	0.00599	0.00769	0.00861	0.00930	0.00557	0.00580	0.00997	0.01287	0.03763	0.09218	0.55766	0.09020	0.10264	0.01084	0.00293	0.00399	0.01615	0.00591	0.00535
7	0.01098	0.00821	0.00896	0.00843	0.01084	0.00786	0.00650	0.06218	0.08708	0.04577	0.13894	0.07713	0.39537	0.01393	0.00728	0.00214	0.00388	0.03842	0.05946	0.00664
8	0.00992	0.00778	0.01104	0.01066	0.01144	0.00932	0.00813	0.01168	0.01014	0.01462	0.01668	0.02698	0.01647	0.17699	0.51756	0.00860	0.11572	0.00721	0.00346	0.00560
9	0.05337	0.01154	0.01293	0.08858	0.07482	0.08430	0.00977	0.01738	0.01354	0.04920	0.01646	0.04523	0.01362	0.00814	0.00769	0.00190	0.11894	0.00606	0.35952	0.00701
10	0.75302	0.01420	0.06889	0.00930	0.01375	0.01454	0.00837	0.01911	0.01121	0.02830	0.00921	0.01075	0.00709	0.00601	0.00417	0.00200	0.00537	0.00360	0.00390	0.00721
11	0.01532	0.05566	0.03967	0.04288	0.10122	0.11006	0.06775	0.05857	0.01605	0.05553	0.07252	0.10464	0.04275	0.00995	0.00664	0.00204	0.00673	0.07763	0.10675	0.00764
12	0.00925	0.03710	0.00860	0.00772	0.00967	0.00652	0.00580	0.01116	0.01517	0.04782	0.20321	0.18458	0.39902	0.01561	0.00756	0.00219	0.00354	0.01338	0.00620	0.00589
13	0.00786	0.00567	0.00745	0.00888	0.00934	0.00526	0.00595	0.00901	0.01248	0.01654	0.03705	0.73460	0.07591	0.02006	0.00822	0.00260	0.00373	0.01814	0.00600	0.00526
14	0.01414	0.06548	0.37810	0.07502	0.16900	0.01527	0.05752	0.05571	0.01466	0.02083	0.01351	0.06692	0.01127	0.00708	0.00635	0.00203	0.00850	0.00612	0.00329	0.00918
15	0.01844	0.58046	0.07157	0.01212	0.01757	0.09142	0.01180	0.02144	0.04136	0.06615	0.01105	0.01202	0.00926	0.00597	0.00468	0.00152	0.00734	0.00396	0.00333	0.00855
16	0.01637	0.40984	0.21978	0.01431	0.02073	0.05727	0.06270	0.02018	0.01404	0.04370	0.03326	0.01351	0.01034	0.00605	0.00522	0.00166	0.00789	0.00451	0.00318	0.03546
17	0.02052	0.11553	0.06302	0.01443	0.04609	0.11068	0.01194	0.13052	0.09014	0.18369	0.04533	0.02031	0.03805	0.00822	0.00723	0.00197	0.05933	0.01843	0.00532	0.00926
18	0.01637	0.01353	0.01527	0.01423	0.06977	0.01452	0.01038	0.16556	0.34865	0.02780	0.06333	0.02530	0.08176	0.00882	0.00649	0.00198	0.00540	0.00731	0.00598	0.09754
19	0.00788	0.00575	0.00742	0.00870	0.00931	0.00530	0.00588	0.00912	0.01280	0.01687	0.05835	0.66901	0.12064	0.01961	0.00816	0.00256	0.00368	0.01765	0.00603	0.00530
20	0.01850	0.02167	0.17916	0.05299	0.09905	0.12080	0.08345	0.22757	0.01963	0.03640	0.01466	0.04697	0.01191	0.00759	0.00656	0.00202	0.00860	0.02881	0.00436	0.00930
21	0.06416	0.09956	0.07127	0.04287	0.06435	0.04628	0.03487	0.36019	0.02247	0.11034	0.01467	0.01529	0.01058	0.00705	0.00607	0.00190	0.00735	0.00543	0.00530	0.01000

[dist]
# distance from previous block
# <min> <max>
0	1

[block]
# block no. 4 follows, 34 sequences, length 18
# corresponding to MSA columns:
# 208-212,217-229
name=unknown_E
#
# <colnr> <probs for GDERKNQSTAVLIFYWHMCP>
#	G	D	E	R	K	N	Q	S	T	A	V	L	I	F	Y	W	H	M	C	P
0	0.57454	0.01387	0.01115	0.00994	0.01374	0.06747	0.00798	0.04673	0.10983	0.02802	0.05381	0.01484	0.01214	0.00691	0.00479	0.00200	0.00546	0.00463	0.00458	0.00757
1	0.00820	0.00631	0.00753	0.00796	0.00939	0.00564	0.00581	0.01007	0.01481	0.01920	0.20712	0.28259	0.32298	0.01694	0.00789	0.00233	0.00351	0.04990	0.00625	0.00556
2	0.01557	0.01572	0.07124	0.16288	0.40924	0.01516	0.05964	0.07501	0.03406	0.02208	0.01311	0.01670	0.01039	0.00621	0.00639	0.00197	0.00783	0.00586	0.04152	0.00941
3	0.02047	0.05603	0.01722	0.01291	0.01772	0.18749	0.01037	0.20081	0.01939	0.09571	0.01361	0.01458	0.01041	0.00761	0.02693	0.00178	0.00755	0.00476	0.00475	0.26991
4	0.63338	0.01690	0.05374	0.01049	0.01470	0.14181	0.00894	0.02026	0.01242	0.02620	0.00932	0.01088	0.00730	0.00612	0.00444	0.00194	0.00642	0.00369	0.00381	0.00723
5	0.08306	0.10431	0.06995	0.01240	0.01713	0.01569	0.01098	0.29276	0.02157	0.13570	0.15032	0.02153	0.02034	0.00831	0.00620	0.00191	0.00609	0.00649	0.00592	0.00933
6	0.01166	0.00927	0.01095	0.01113	0.01329	0.00984	0.00888	0.01955	0.25946	0.02190	0.08437	0.14743	0.10375	0.01454	0.00779	0.00251	0.00488	0.24524	0.00626	0.00730
7	0.00835	0.00644	0.00762	0.00760	0.00923	0.00571	0.00559	0.01054	0.01599	0.02111	0.35857	0.15462	0.33438	0.01549	0.00771	0.00218	0.00324	0.01342	0.00650	0.00571
8	0.01342	0.01299	0.01819	0.01587	0.01610	0.01776	0.01319	0.01506	0.01069	0.01634	0.05146	0.02009	0.01352	0.01341	0.05097	0.00312	0.64055	0.04708	0.00329	0.00689
9	0.01085	0.00665	0.00822	0.00781	0.00945	0.00620	0.00583	0.01361	0.01647	0.06600	0.43776	0.08926	0.06863	0.03046	0.00748	0.00205	0.00332	0.01052	0.19319	0.00624
10	0.00930	0.00693	0.00825	0.00870	0.00967	0.00686	0.00591	0.01242	0.09544	0.01790	0.10786	0.36709	0.10458	0.19260	0.01365	0.00331	0.00437	0.01382	0.00570	0.00563
11	0.01509	0.01671	0.07899	0.20566	0.26079	0.04991	0.14381	0.03659	0.01452	0.01979	0.01186	0.01594	0.00941	0.00628	0.00739	0.00203	0.05276	0.00586	0.00319	0.04343
12	0.01668	0.01528	0.02428	0.09567	0.55635	0.01585	0.01832	0.10113	0.05110	0.02331	0.01319	0.01644	0.01065	0.00620	0.00642	0.00195	0.00756	0.00584	0.00372	0.01007
13	0.01387	0.01305	0.03055	0.09537	0.27364	0.03727	0.01335	0.01904	0.11464	0.01991	0.02025	0.02649	0.07071	0.09741	0.00957	0.00246	0.00668	0.04238	0.00415	0.08921
14	0.01465	0.01660	0.18632	0.04473	0.24571	0.01232	0.01561	0.04117	0.02707	0.08789	0.07693	0.10803	0.01910	0.02922	0.04372	0.00258	0.00747	0.00774	0.00438	0.00877
15	0.10461	0.04211	0.13638	0.07339	0.12494	0.01352	0.10412	0.04815	0.01455	0.03572	0.04449	0.05309	0.01313	0.00683	0.00602	0.00184	0.00713	0.00604	0.00384	0.16007
16	0.06225	0.03316	0.19549	0.03152	0.07740	0.05431	0.01372	0.04054	0.03603	0.05359	0.03655	0.09500	0.01572	0.01603	0.14410	0.00360	0.04475	0.00693	0.00401	0.03531
17	0.01609	0.10342	0.04265	0.01643	0.10396	0.01483	0.07083	0.16210	0.06721	0.03654	0.07679	0.08058	0.04272	0.00853	0.00666	0.00188	0.02258	0.00728	0.00486	0.11407

[dist]
# distance from previous block
# <min> <max>
3	14

[block]
# block no. 5 follows, 34 sequences, length 22
# corresponding to MSA columns:
# 247-268
name=unknown_F
#
# <colnr> <probs for GDERKNQSTAVLIFYWHMCP>
#	G	D	E	R	K	N	Q	S	T	A	V	L	I	F	Y	W	H	M	C	P
0	0.01700	0.01447	0.05213	0.01634	0.11736	0.06197	0.01165	0.08859	0.18566	0.10507	0.05199	0.04799	0.01762	0.04108	0.07915	0.00298	0.02612	0.00697	0.02013	0.03575
1	0.01098	0.04243	0.07605	0.00958	0.01193	0.00804	0.00800	0.01306	0.01317	0.06595	0.07253	0.18815	0.14316	0.16924	0.05791	0.00355	0.00595	0.06115	0.00511	0.03406
2	0.01885	0.01627	0.05433	0.01359	0.01803	0.04185	0.01125	0.23717	0.35700	0.05553	0.02059	0.02052	0.01550	0.03685	0.00738	0.00217	0.00623	0.00647	0.00602	0.05443
3	0.01321	0.13895	0.49973	0.01564	0.02343	0.01510	0.01883	0.01890	0.01343	0.01941	0.01323	0.07691	0.01126	0.00710	0.00588	0.00189	0.00819	0.00563	0.00312	0.09016
4	0.03809	0.07751	0.05392	0.03411	0.01558	0.01110	0.00951	0.06725	0.04754	0.22066	0.07244	0.08001	0.13700	0.01049	0.00659	0.00203	0.00533	0.04442	0.02352	0.04291
5	0.05318	0.20784	0.16367	0.01521	0.02054	0.18802	0.05087	0.10303	0.01651	0.04555	0.01156	0.01324	0.00910	0.00664	0.00641	0.00182	0.04997	0.00467	0.02355	0.00861
6	0.00931	0.00749	0.00849	0.00815	0.01028	0.00691	0.00609	0.01312	0.08980	0.02107	0.25356	0.13155	0.33898	0.01445	0.00744	0.00212	0.00353	0.01240	0.00628	0.04896
7	0.03896	0.01477	0.06960	0.06249	0.12986	0.01351	0.27143	0.01979	0.08452	0.04638	0.03600	0.14748	0.01775	0.00877	0.00714	0.00219	0.00784	0.00881	0.00429	0.00843
8	0.01515	0.03459	0.11829	0.07743	0.06491	0.04147	0.23898	0.03481	0.05660	0.04687	0.01510	0.02136	0.01256	0.00925	0.03473	0.00253	0.10170	0.06146	0.00377	0.00843
9	0.00857	0.00647	0.00798	0.00863	0.00975	0.00609	0.00607	0.01118	0.05556	0.01918	0.17993	0.45466	0.16701	0.01747	0.00791	0.00240	0.00360	0.01553	0.00626	0.00575
10	0.01531	0.01192	0.01580	0.01304	0.01613	0.07462	0.12031	0.03991	0.03124	0.13600	0.21606	0.09487	0.10168	0.01093	0.00780	0.00210	0.04068	0.00956	0.03449	0.00756
11	0.06737	0.05893	0.12635	0.01475	0.06085	0.03404	0.01273	0.24294	0.03890	0.11030	0.07626	0.02346	0.05726	0.00858	0.00640	0.00200	0.00665	0.03750	0.00545	0.00929
12	0.01845	0.00939	0.01203	0.01062	0.01362	0.00882	0.00826	0.08130	0.04102	0.31406	0.09915	0.25190	0.05230	0.01285	0.00726	0.00223	0.00480	0.03656	0.00698	0.00838
13	0.00939	0.00626	0.00775	0.00788	0.00811	0.00642	0.00493	0.00963	0.00974	0.01317	0.02042	0.10151	0.02293	0.52383	0.14722	0.07540	0.00780	0.00946	0.00393	0.00424
14	0.01603	0.01561	0.02224	0.34688	0.25572	0.08941	0.04711	0.09179	0.01597	0.02062	0.01204	0.01610	0.00940	0.00635	0.00643	0.00201	0.00857	0.00568	0.00342	0.00864
15	0.09509	0.01331	0.01444	0.01233	0.01606	0.01454	0.00982	0.25458	0.21262	0.09405	0.05484	0.11647	0.02065	0.01006	0.00662	0.00215	0.00557	0.03118	0.00635	0.00928
16	0.01016	0.00717	0.00859	0.00865	0.00978	0.00715	0.00595	0.01315	0.08711	0.04283	0.11688	0.23498	0.10355	0.25179	0.05961	0.00403	0.00541	0.01203	0.00547	0.00572
17	0.08924	0.08115	0.01701	0.03144	0.07294	0.15145	0.01100	0.09580	0.13928	0.09521	0.02185	0.02424	0.08255	0.00868	0.00622	0.00199	0.00688	0.04934	0.00511	0.00863
18	0.04980	0.01631	0.11971	0.07695	0.04456	0.05461	0.01306	0.12664	0.05319	0.02288	0.02817	0.07366	0.01456	0.02572	0.00940	0.00223	0.13807	0.02112	0.07504	0.03431
19	0.07118	0.07912	0.01618	0.01271	0.01623	0.15273	0.01008	0.17250	0.17190	0.02474	0.02269	0.09973	0.08560	0.00971	0.00667	0.00202	0.02494	0.00757	0.00525	0.00844
20	0.01696	0.01634	0.01993	0.01490	0.02036	0.12360	0.15369	0.09356	0.01646	0.03848	0.01233	0.01439	0.00973	0.00560	0.00575	0.00145	0.00735	0.00494	0.00401	0.42017
21	0.09882	0.01314	0.03491	0.01195	0.05612	0.10066	0.00870	0.08959	0.01562	0.08197	0.02826	0.06293	0.18930	0.12644	0.01093	0.02322	0.00611	0.00833	0.00496	0.02804

[dist]
# distance from previous block
# <min> <max>
3	11

[block]
# block no. 6 follows, 34 sequences, length 36
# corresponding to MSA columns:
# 281-316
name=unknown_G
#
# <colnr> <probs for GDERKNQSTAVLIFYWHMCP>
#	G	D	E	R	K	N	Q	S	T	A	V	L	I	F	Y	W	H	M	C	P
0	0.01920	0.01741	0.01923	0.09498	0.14672	0.14118	0.03321	0.25653	0.06076	0.02624	0.01463	0.01767	0.01164	0.04694	0.03248	0.00242	0.00828	0.00588	0.03556	0.00903
1	0.01388	0.10704	0.05798	0.49364	0.05407	0.05843	0.04357	0.01777	0.01323	0.01672	0.01099	0.01567	0.00861	0.00660	0.00711	0.00206	0.05675	0.00539	0.00290	0.00758
2	0.01373	0.01524	0.14720	0.01367	0.05380	0.01040	0.05457	0.03037	0.01421	0.05421	0.06720	0.03817	0.01544	0.06584	0.00788	0.00188	0.00622	0.00588	0.00411	0.37998
3	0.01742	0.13544	0.36442	0.01627	0.02313	0.16255	0.01756	0.10832	0.05735	0.02170	0.01224	0.01362	0.00924	0.00651	0.00586	0.00187	0.00903	0.00474	0.00354	0.00918
4	0.01029	0.02645	0.00900	0.00808	0.00977	0.00702	0.00592	0.01283	0.04169	0.05597	0.30397	0.07007	0.20760	0.17067	0.01272	0.00297	0.00416	0.02889	0.00603	0.00592
5	0.00835	0.00623	0.00772	0.00868	0.00973	0.00574	0.00632	0.00989	0.01339	0.01722	0.05912	0.40521	0.22570	0.06202	0.00960	0.00276	0.00411	0.12695	0.00590	0.00536
6	0.01728	0.18642	0.17508	0.02240	0.18231	0.01735	0.15418	0.05578	0.01543	0.09463	0.01307	0.01516	0.00994	0.00605	0.00611	0.00189	0.00828	0.00550	0.00368	0.00948
7	0.01866	0.02494	0.15615	0.02458	0.26356	0.32152	0.01701	0.02257	0.03178	0.01885	0.01214	0.01567	0.01009	0.00665	0.00619	0.00188	0.00958	0.02603	0.00333	0.00882
8	0.00868	0.00662	0.00732	0.00726	0.00923	0.00569	0.00540	0.01054	0.01525	0.04399	0.18032	0.13188	0.51316	0.01591	0.00766	0.00219	0.00336	0.01353	0.00627	0.00574
9	0.00834	0.00658	0.00789	0.00883	0.03160	0.00591	0.00613	0.01003	0.01412	0.01793	0.10658	0.28014	0.36787	0.04302	0.00874	0.00249	0.00382	0.05849	0.00593	0.00557
10	0.01993	0.23832	0.04749	0.01230	0.01697	0.01674	0.01102	0.19110	0.04270	0.17318	0.05973	0.03845	0.01768	0.00874	0.00614	0.00193	0.00632	0.07655	0.00553	0.00920
11	0.01888	0.04260	0.13915	0.01723	0.09069	0.01474	0.06566	0.13198	0.10658	0.17630	0.02011	0.02084	0.05188	0.02718	0.00790	0.00217	0.04470	0.00654	0.00522	0.00964
12	0.01671	0.01360	0.01418	0.01249	0.01536	0.09649	0.00981	0.12993	0.16700	0.08587	0.09472	0.05262	0.04432	0.01718	0.14881	0.00368	0.05591	0.00755	0.00550	0.00827
13	0.01340	0.01148	0.01340	0.00957	0.01531	0.00861	0.00766	0.01627	0.01340	0.02105	0.01148	0.01340	0.00957	0.00479	0.00479	0.00096	0.00479	0.00383	0.00383	0.81242
14	0.37805	0.01840	0.21032	0.01233	0.01791	0.01435	0.01247	0.10651	0.01497	0.10005	0.01355	0.05131	0.01054	0.00718	0.00536	0.00204	0.00649	0.00519	0.00447	0.00851
15	0.00808	0.00582	0.00733	0.00845	0.00895	0.00542	0.00557	0.00909	0.01216	0.01599	0.03635	0.58587	0.11022	0.13429	0.01193	0.00313	0.00408	0.01652	0.00568	0.00507
16	0.04830	0.01689	0.09427	0.20440	0.02662	0.06056	0.05834	0.17073	0.01775	0.12643	0.01520	0.01728	0.02606	0.00755	0.00782	0.00210	0.08043	0.00587	0.00453	0.00886
17	0.01446	0.21286	0.29654	0.13354	0.09681	0.01787	0.07625	0.01935	0.01351	0.01844	0.01099	0.01394	0.00862	0.00613	0.00638	0.00192	0.03579	0.00496	0.00285	0.00877
18	0.01837	0.59719	0.06640	0.01249	0.01780	0.16256	0.01197	0.02063	0.01414	0.01558	0.00931	0.01078	0.00829	0.00577	0.00457	0.00147	0.00795	0.00366	0.00287	0.00820
19	0.01310	0.00868	0.01031	0.00914	0.01192	0.00781	0.00684	0.05482	0.03254	0.09115	0.05886	0.23788	0.06953	0.05552	0.00798	0.00212	0.00439	0.01002	0.10580	0.20159
20	0.10530	0.00922	0.01097	0.04699	0.01356	0.00931	0.00783	0.08777	0.01696	0.11214	0.27308	0.03640	0.10559	0.04131	0.00906	0.05398	0.00473	0.04279	0.00601	0.00700
21	0.10885	0.01089	0.01376	0.01091	0.01535	0.01005	0.00886	0.02847	0.05235	0.56394	0.05071	0.02294	0.01736	0.04652	0.00761	0.00222	0.00537	0.00657	0.00727	0.01000
22	0.00978	0.00803	0.01160	0.01058	0.01265	0.00762	0.08607	0.03549	0.01450	0.01916	0.10932	0.21382	0.24338	0.04036	0.08549	0.00325	0.00603	0.04653	0.03027	0.00606
23	0.02639	0.01368	0.01644	0.01266	0.01762	0.01358	0.01044	0.30390	0.02313	0.42937	0.02302	0.02093	0.04147	0.00822	0.00653	0.00198	0.00606	0.00650	0.00730	0.01078
24	0.00836	0.00636	0.00754	0.00827	0.00950	0.00580	0.00604	0.00986	0.01338	0.01689	0.04556	0.29176	0.31384	0.10368	0.01091	0.00292	0.00420	0.12408	0.00575	0.00529
25	0.00806	0.00610	0.00738	0.00802	0.00915	0.00549	0.00561	0.00965	0.01406	0.01833	0.16563	0.39996	0.26149	0.03936	0.00865	0.00249	0.00355	0.01546	0.00613	0.00542
26	0.01477	0.01539	0.02912	0.15291	0.22169	0.01623	0.30670	0.01902	0.01394	0.01936	0.01190	0.01654	0.00953	0.00654	0.00904	0.00220	0.11685	0.00652	0.00312	0.00863
27	0.01745	0.60635	0.12027	0.01256	0.01836	0.09940	0.01280	0.02016	0.01373	0.01592	0.00941	0.01091	0.00828	0.00572	0.00457	0.00149	0.00773	0.00369	0.00282	0.00837
28	0.01463	0.01194	0.01375	0.01029	0.01536	0.01023	0.00823	0.12188	0.03501	0.02481	0.10202	0.01835	0.01646	0.00639	0.00544	0.00127	0.00493	0.00520	0.00471	0.56908
29	0.01233	0.17989	0.28270	0.09031	0.02131	0.01424	0.01470	0.01670	0.01434	0.01927	0.12906	0.02662	0.13578	0.00881	0.00622	0.00194	0.00687	0.00711	0.00396	0.00783
30	0.00787	0.00562	0.00750	0.00900	0.00937	0.00525	0.00600	0.00900	0.01237	0.01649	0.03561	0.76871	0.04274	0.02024	0.00825	0.00262	0.00375	0.01837	0.00600	0.00525
31	0.00871	0.00621	0.00784	0.00881	0.00947	0.00594	0.00619	0.00994	0.01229	0.01610	0.03417	0.38818	0.09965	0.21230	0.01463	0.00358	0.00476	0.14072	0.00546	0.00506
32	0.01933	0.01395	0.01372	0.01152	0.01508	0.12268	0.00910	0.17033	0.03528	0.19315	0.17686	0.03119	0.13972	0.01023	0.00681	0.00198	0.00589	0.00828	0.00641	0.00850
33	0.01804	0.01489	0.02141	0.05764	0.02188	0.06164	0.15338	0.09156	0.04124	0.13773	0.01603	0.02143	0.01305	0.01001	0.02962	0.00254	0.21572	0.05915	0.00456	0.00847
34	0.00908	0.00638	0.00837	0.00952	0.01018	0.00622	0.00699	0.01056	0.01252	0.01652	0.03158	0.36563	0.03638	0.19515	0.01423	0.00359	0.00507	0.24136	0.00550	0.00517
35	0.28467	0.01479	0.03102	0.01443	0.01828	0.04490	0.12561	0.05506	0.11310	0.06434	0.01495	0.01662	0.02775	0.00761	0.00805	0.00216	0.12135	0.00567	0.02147	0.00817

[dist]
# distance from previous block
# <min> <max>
0	1

[block]
# block no. 7 follows, 34 sequences, length 32
# corresponding to MSA columns:
# 318-349
name=unknown_H
#
# <colnr> <probs for GDERKNQSTAVLIFYWHMCP>
#	G	D	E	R	K	N	Q	S	T	A	V	L	I	F	Y	W	H	M	C	P
0	0.01820	0.33943	0.11522	0.01516	0.02022	0.23641	0.07130	0.02110	0.01492	0.01685	0.03312	0.01314	0.01012	0.00645	0.00610	0.00170	0.04478	0.00455	0.00311	0.00812
1	0.01284	0.01065	0.04058	0.00958	0.01389	0.00818	0.00785	0.01615	0.03744	0.07100	0.14158	0.07931	0.09528	0.00891	0.00604	0.00154	0.00451	0.00754	0.00510	0.42205
2	0.01573	0.21914	0.28802	0.01656	0.04641	0.07120	0.07691	0.07444	0.01582	0.02096	0.08352	0.01670	0.01397	0.00679	0.00592	0.00184	0.00823	0.00545	0.00358	0.00879
3	0.01328	0.01058	0.01187	0.01090	0.01352	0.01154	0.00837	0.04651	0.37156	0.02460	0.20265	0.03397	0.08860	0.01211	0.00887	0.08371	0.00459	0.02857	0.00626	0.00796
4	0.01047	0.00785	0.00941	0.00887	0.01092	0.00750	0.00695	0.08198	0.01820	0.02448	0.40616	0.05145	0.22108	0.01402	0.00767	0.00217	0.00387	0.09392	0.00663	0.00641
5	0.01363	0.08999	0.02265	0.49982	0.10362	0.04265	0.07648	0.01758	0.01357	0.01718	0.01312	0.01768	0.03206	0.00654	0.00634	0.00204	0.00849	0.00587	0.00304	0.00767
6	0.01496	0.01451	0.02065	0.38307	0.24209	0.07791	0.01695	0.05194	0.04800	0.01946	0.01334	0.04451	0.01097	0.00695	0.00646	0.00205	0.00818	0.00616	0.00347	0.00836
7	0.10904	0.00764	0.00882	0.00870	0.01075	0.00731	0.00667	0.01369	0.01478	0.09165	0.18278	0.18170	0.19875	0.04075	0.00822	0.00243	0.00416	0.08977	0.00611	0.00629
8	0.04740	0.00995	0.01286	0.01066	0.01449	0.00908	0.00872	0.05672	0.01813	0.43522	0.14505	0.03391	0.08039	0.01043	0.00693	0.00211	0.00503	0.07652	0.00729	0.00912
9	0.01375	0.12661	0.38254	0.04241	0.12012	0.01546	0.03069	0.01980	0.04743	0.02059	0.08429	0.01767	0.01442	0.00680	0.00607	0.00192	0.00793	0.00560	0.00347	0.03246
10	0.01680	0.07896	0.03706	0.09145	0.13444	0.06471	0.01223	0.02016	0.04813	0.15676	0.01969	0.16803	0.01792	0.00983	0.00755	0.00210	0.06083	0.00817	0.03688	0.00830
11	0.01300	0.01238	0.01725	0.01508	0.01524	0.01686	0.01230	0.01439	0.00991	0.01517	0.01086	0.01848	0.01102	0.09298	0.11967	0.00419	0.58543	0.00620	0.00302	0.00658
12	0.01309	0.01124	0.01364	0.06054	0.01710	0.00898	0.00838	0.01603	0.01320	0.02042	0.01180	0.01431	0.00986	0.00727	0.04522	0.00155	0.00573	0.00413	0.00374	0.71378
13	0.01413	0.03727	0.07518	0.01020	0.01336	0.01004	0.00866	0.10922	0.04950	0.09969	0.10593	0.07494	0.18860	0.08908	0.01095	0.06527	0.00527	0.00928	0.01622	0.00719
14	0.00799	0.00590	0.00748	0.00847	0.00930	0.00539	0.00582	0.00944	0.01351	0.01783	0.12708	0.55813	0.16259	0.01870	0.00806	0.00247	0.00358	0.01673	0.00614	0.00539
15	0.01301	0.00821	0.00962	0.00827	0.01139	0.00692	0.00639	0.01537	0.01512	0.13174	0.11693	0.08630	0.23864	0.01120	0.00645	0.00180	0.00393	0.00942	0.11352	0.18579
16	0.01504	0.06348	0.49939	0.01861	0.04675	0.05166	0.08989	0.02116	0.01457	0.07135	0.03955	0.01574	0.01096	0.00645	0.00627	0.00200	0.00908	0.00538	0.00337	0.00930
17	0.02699	0.01055	0.01435	0.01116	0.01581	0.00915	0.00915	0.02955	0.01847	0.66548	0.09635	0.02464	0.02052	0.00852	0.00661	0.00200	0.00525	0.00702	0.00791	0.01050
18	0.02433	0.01190	0.01483	0.01196	0.01629	0.01152	0.00964	0.15029	0.09061	0.45377	0.02502	0.11180	0.01873	0.00952	0.00671	0.00208	0.00553	0.00790	0.00734	0.01022
19	0.01663	0.01550	0.04407	0.16831	0.05800	0.11330	0.09640	0.04129	0.01473	0.09093	0.01338	0.03216	0.01069	0.00801	0.00847	0.06466	0.04689	0.00572	0.00385	0.14701
20	0.01630	0.01499	0.01583	0.01379	0.01573	0.11494	0.01083	0.15044	0.08414	0.02104	0.01507	0.03651	0.01381	0.12375	0.10000	0.00380	0.23062	0.00660	0.00425	0.00754
21	0.00793	0.00645	0.00688	0.00714	0.00890	0.00559	0.00523	0.00944	0.01403	0.01705	0.05684	0.14702	0.55870	0.07555	0.00973	0.00259	0.00369	0.04607	0.00584	0.00533
22	0.01572	0.00847	0.01087	0.00995	0.01261	0.00795	0.00797	0.01949	0.06702	0.23202	0.22400	0.07863	0.07904	0.01236	0.00727	0.00221	0.00448	0.13065	0.06159	0.00771
23	0.05204	0.11648	0.02115	0.10511	0.04670	0.04010	0.07003	0.16131	0.01878	0.27925	0.01696	0.01720	0.01176	0.00702	0.00615	0.00192	0.00710	0.00574	0.00550	0.00969
24	0.01593	0.00988	0.01228	0.03096	0.01433	0.01023	0.00872	0.04386	0.13599	0.20135	0.04325	0.18319	0.12336	0.04037	0.00926	0.00245	0.06457	0.03584	0.00622	0.00796
25	0.00915	0.00684	0.00819	0.00814	0.00980	0.00630	0.00599	0.01214	0.05131	0.03448	0.34283	0.19381	0.25665	0.01524	0.00768	0.00220	0.00340	0.01329	0.00654	0.00603
26	0.01514	0.01730	0.07656	0.18837	0.15734	0.11396	0.03497	0.01833	0.01334	0.01773	0.03668	0.01614	0.01074	0.00807	0.01105	0.00224	0.24529	0.00570	0.00313	0.00794
27	0.01783	0.08209	0.29354	0.02026	0.14450	0.05173	0.01788	0.20912	0.01853	0.03804	0.01262	0.01438	0.00947	0.00671	0.00666	0.00195	0.03578	0.00516	0.00396	0.00980
28	0.01322	0.10132	0.43813	0.07137	0.08495	0.01507	0.05413	0.01898	0.01412	0.02006	0.07171	0.01841	0.03706	0.00695	0.00623	0.00199	0.00839	0.00580	0.00328	0.00885
29	0.01801	0.01391	0.04459	0.07396	0.06929	0.07100	0.11044	0.05600	0.04268	0.20175	0.02196	0.15118	0.01948	0.01012	0.00708	0.00220	0.00710	0.06528	0.00539	0.00855
30	0.04750	0.01220	0.01558	0.02839	0.12346	0.03940	0.01098	0.04501	0.06418	0.23149	0.07316	0.05592	0.11013	0.00989	0.00850	0.00214	0.09984	0.00785	0.00567	0.00872
31	0.02160	0.01839	0.01838	0.13170	0.07355	0.19366	0.01308	0.20453	0.10297	0.13365	0.01609	0.01687	0.01170	0.00730	0.00632	0.00194	0.00801	0.00568	0.00516	0.00940

[dist]
# distance from previous block
# <min> <max>
36	114

[block]
# block no. 8 follows, 34 sequences, length 11
# corresponding to MSA columns:
# 478-488
name=unknown_I
#
# <colnr> <probs for GDERKNQSTAVLIFYWHMCP>
#	G	D	E	R	K	N	Q	S	T	A	V	L	I	F	Y	W	H	M	C	P
0	0.03609	0.08903	0.01911	0.27613	0.02682	0.01416	0.05394	0.06740	0.07091	0.13612	0.04928	0.03978	0.03212	0.00790	0.00637	0.00202	0.00691	0.02300	0.00472	0.03819
1	0.01001	0.00725	0.00808	0.00753	0.00981	0.00618	0.00553	0.01169	0.01427	0.06655	0.09654	0.09811	0.42662	0.11018	0.01050	0.00258	0.00397	0.01181	0.00573	0.08706
2	0.01781	0.01435	0.01548	0.01287	0.01710	0.01564	0.01024	0.23338	0.37698	0.03030	0.06888	0.02182	0.01862	0.00826	0.00639	0.00195	0.00553	0.00672	0.00623	0.11145
3	0.02025	0.01572	0.01615	0.13050	0.02125	0.19095	0.02753	0.03679	0.06048	0.23395	0.08339	0.02096	0.01690	0.01040	0.05450	0.00247	0.00814	0.00628	0.00529	0.03810
4	0.02269	0.11080	0.11037	0.01497	0.02057	0.08773	0.10432	0.02676	0.04799	0.36070	0.01857	0.01798	0.01266	0.00703	0.00625	0.00193	0.00749	0.00586	0.00554	0.00980
5	0.01727	0.06894	0.03033	0.02163	0.02679	0.10533	0.40985	0.10748	0.01675	0.02152	0.01281	0.01706	0.01028	0.04501	0.00919	0.00228	0.05871	0.00666	0.00365	0.00848
6	0.01055	0.00778	0.00949	0.00952	0.01105	0.00738	0.00674	0.08095	0.01402	0.01910	0.02848	0.47508	0.03260	0.11595	0.01090	0.00284	0.00463	0.03987	0.00550	0.10758
7	0.02183	0.01157	0.01800	0.09958	0.02128	0.01099	0.11426	0.04092	0.03454	0.41576	0.02216	0.07267	0.01651	0.05925	0.00854	0.00237	0.00662	0.00758	0.00622	0.00933
8	0.02568	0.03163	0.01658	0.09832	0.02032	0.07342	0.01101	0.08501	0.03631	0.50099	0.02138	0.01982	0.01400	0.00765	0.00638	0.00197	0.00653	0.00611	0.00673	0.01018
9	0.02742	0.01503	0.01636	0.01288	0.01770	0.10488	0.01048	0.17774	0.02104	0.49543	0.02138	0.01929	0.01394	0.00778	0.00641	0.00194	0.00662	0.00606	0.00708	0.01055
10	0.01049	0.00861	0.01241	0.01133	0.01340	0.00822	0.09517	0.08148	0.01531	0.02009	0.06744	0.41477	0.18369	0.01598	0.00783	0.00238	0.00486	0.01444	0.00575	0.00635

[dist]
# distance from previous block
# <min> <max>
9	60

[block]
# block no. 9 follows, 34 sequences, length 23
# corresponding to MSA columns:
# 549-571
name=unknown_J
#
# <colnr> <probs for GDERKNQSTAVLIFYWHMCP>
#	G	D	E	R	K	N	Q	S	T	A	V	L	I	F	Y	W	H	M	C	P
0	0.16297	0.01633	0.05029	0.01246	0.01695	0.08884	0.01041	0.20465	0.12149	0.08011	0.07815	0.01851	0.01574	0.00759	0.00589	0.00188	0.00631	0.00576	0.00544	0.09022
1	0.08157	0.01750	0.01660	0.01332	0.01802	0.13588	0.01070	0.29506	0.08655	0.12255	0.01583	0.01584	0.01151	0.00714	0.00595	0.00179	0.00697	0.00531	0.00559	0.12634
2	0.13066	0.01545	0.03923	0.01326	0.01800	0.06243	0.05406	0.16523	0.14363	0.16987	0.01946	0.01906	0.04004	0.00756	0.00608	0.00193	0.00642	0.00600	0.00569	0.07594
3	0.16614	0.03627	0.01667	0.07057	0.01953	0.07665	0.01104	0.27053	0.07258	0.17348	0.01621	0.01623	0.01145	0.00731	0.00592	0.00196	0.00675	0.00544	0.00570	0.00956
4	0.22471	0.07991	0.01735	0.07693	0.01917	0.03624	0.01101	0.24703	0.06462	0.06975	0.01349	0.01462	0.01011	0.00720	0.00655	0.00197	0.05645	0.00504	0.00490	0.03294
5	0.31429	0.06863	0.08293	0.02794	0.01750	0.13965	0.01081	0.08281	0.06175	0.03865	0.01177	0.01300	0.00910	0.00635	0.00509	0.00181	0.00694	0.00433	0.00411	0.09255
6	0.03468	0.00890	0.01180	0.16189	0.01802	0.00898	0.00892	0.04189	0.01560	0.11726	0.20689	0.07572	0.13548	0.08127	0.00934	0.00245	0.00517	0.00945	0.00559	0.04072
7	0.00780	0.00650	0.00681	0.00685	0.00886	0.00551	0.00509	0.00956	0.01495	0.01826	0.13150	0.10177	0.62179	0.01627	0.00767	0.00219	0.00328	0.01371	0.00611	0.00551
8	0.01804	0.01486	0.01572	0.01355	0.01755	0.01699	0.01070	0.19125	0.56082	0.03020	0.02380	0.02211	0.01770	0.00853	0.00655	0.00213	0.00558	0.00696	0.00655	0.01040
9	0.01947	0.01559	0.01609	0.01292	0.01745	0.06342	0.01032	0.29774	0.18355	0.05635	0.04618	0.01905	0.01506	0.02697	0.00682	0.00190	0.00623	0.00600	0.00577	0.17314
10	0.01624	0.08947	0.44414	0.01738	0.02518	0.01716	0.06436	0.17965	0.04275	0.02494	0.01290	0.01442	0.00935	0.00651	0.00616	0.00198	0.00870	0.00518	0.00376	0.00975
11	0.01007	0.00717	0.00993	0.01136	0.01265	0.00713	0.00962	0.01270	0.01435	0.01872	0.03382	0.15462	0.03729	0.04868	0.00981	0.00307	0.00570	0.58164	0.00587	0.00578
12	0.00902	0.00613	0.00725	0.00757	0.00775	0.00602	0.00453	0.00947	0.01062	0.01425	0.06565	0.21325	0.03022	0.55144	0.02561	0.00516	0.00548	0.01164	0.00459	0.00436
13	0.01708	0.04454	0.01681	0.17214	0.02285	0.18803	0.01254	0.14429	0.06690	0.02187	0.01841	0.06929	0.01702	0.01077	0.02558	0.00236	0.00822	0.12884	0.00463	0.00783
14	0.01783	0.11804	0.20904	0.01784	0.02382	0.17858	0.14935	0.10776	0.04659	0.02141	0.01253	0.01466	0.00969	0.00801	0.03507	0.00222	0.00976	0.00535	0.00362	0.00884
15	0.02571	0.01484	0.12854	0.01348	0.01927	0.01075	0.05233	0.02915	0.01755	0.58452	0.02262	0.02043	0.01443	0.00756	0.00651	0.00202	0.00644	0.00630	0.00691	0.01064
16	0.00898	0.00668	0.00859	0.00959	0.01095	0.00629	0.00763	0.01115	0.01440	0.01856	0.08814	0.25393	0.20685	0.01782	0.00835	0.00263	0.00453	0.30322	0.00605	0.00565
17	0.01826	0.01631	0.02854	0.06941	0.02826	0.03933	0.39611	0.13577	0.03914	0.10907	0.01708	0.01931	0.03752	0.00674	0.00713	0.00210	0.00905	0.00717	0.00454	0.00915
18	0.01337	0.03986	0.12555	0.34756	0.03601	0.01505	0.24647	0.01835	0.01391	0.01856	0.01326	0.01979	0.01058	0.00671	0.00687	0.00217	0.00929	0.04551	0.00316	0.00798
19	0.02446	0.01003	0.01362	0.01093	0.01512	0.00879	0.00896	0.02708	0.01825	0.57178	0.14867	0.02950	0.02505	0.00947	0.00683	0.00206	0.00510	0.04671	0.00773	0.00985
20	0.01071	0.00714	0.00869	0.00861	0.00970	0.00706	0.00606	0.02722	0.01250	0.06291	0.04726	0.14167	0.14170	0.33089	0.06749	0.00454	0.02429	0.07111	0.00506	0.00540
21	0.03895	0.05932	0.08769	0.08795	0.02294	0.03206	0.13242	0.07526	0.01694	0.28379	0.03464	0.06756	0.01500	0.00791	0.00658	0.00204	0.00729	0.00699	0.00541	0.00927
22	0.03739	0.01622	0.01815	0.05550	0.02036	0.07644	0.05140	0.32058	0.09205	0.13570	0.01736	0.03141	0.01292	0.02746	0.00706	0.00204	0.00708	0.00618	0.00577	0.05891

[dist]
# distance from previous block
# <min> <max>
0	60

[block]
# block no. 10 follows, 34 sequences, length 48
# corresponding to MSA columns:
# 638-685
name=unknown_K
#
# <colnr> <probs for GDERKNQSTAVLIFYWHMCP>
#	G	D	E	R	K	N	Q	S	T	A	V	L	I	F	Y	W	H	M	C	P
0	0.01733	0.06167	0.01727	0.06807	0.01931	0.03766	0.02861	0.15921	0.10990	0.06645	0.01538	0.03144	0.01206	0.00666	0.00572	0.00158	0.00612	0.00537	0.00483	0.32536
1	0.01279	0.04126	0.03988	0.08957	0.01730	0.03971	0.02627	0.08795	0.03885	0.02141	0.10613	0.19306	0.09019	0.02692	0.00728	0.00206	0.00558	0.00968	0.00505	0.13906
2	0.01517	0.05721	0.19393	0.04442	0.02049	0.01333	0.08604	0.14464	0.01749	0.06412	0.08530	0.08803	0.07183	0.00918	0.00661	0.00203	0.00685	0.00789	0.05704	0.00842
3	0.05970	0.01379	0.06104	0.03702	0.01780	0.06243	0.05006	0.06425	0.05121	0.16567	0.01778	0.06248	0.01442	0.01596	0.15642	0.00358	0.00884	0.00649	0.00487	0.12619
4	0.05858	0.01337	0.01806	0.22798	0.02582	0.05759	0.09661	0.11147	0.06118	0.05083	0.04011	0.07640	0.04894	0.00913	0.00680	0.00215	0.00731	0.05851	0.00466	0.02449
5	0.01539	0.05150	0.01597	0.13386	0.02025	0.03126	0.02972	0.16456	0.09478	0.04409	0.02456	0.08155	0.12301	0.03641	0.00742	0.00210	0.00615	0.00790	0.00507	0.10445
6	0.07823	0.04129	0.07757	0.10715	0.02123	0.06873	0.01312	0.14998	0.06259	0.08974	0.03181	0.04637	0.01287	0.00861	0.00923	0.00217	0.16003	0.00612	0.00458	0.00856
7	0.01629	0.19242	0.04046	0.19087	0.04624	0.09093	0.20322	0.07128	0.01575	0.01971	0.04423	0.01633	0.01143	0.00637	0.00623	0.00190	0.00877	0.00583	0.00347	0.00824
8	0.00882	0.00608	0.00813	0.00886	0.00931	0.00614	0.00603	0.00968	0.01105	0.01495	0.02650	0.37474	0.03037	0.20036	0.16575	0.06539	0.00729	0.03090	0.00476	0.00488
9	0.01860	0.01535	0.05212	0.10128	0.02594	0.01516	0.23088	0.09329	0.15026	0.16697	0.01786	0.01909	0.01278	0.00722	0.00751	0.00214	0.04224	0.00674	0.00507	0.00947
10	0.01493	0.06589	0.12171	0.20426	0.02553	0.05222	0.03476	0.03994	0.08298	0.05697	0.04775	0.02190	0.01466	0.00814	0.00768	0.00208	0.07322	0.05700	0.00409	0.06429
11	0.01475	0.01906	0.12783	0.02522	0.03176	0.01598	0.57301	0.02025	0.01485	0.02045	0.01343	0.01869	0.01047	0.00615	0.00793	0.00221	0.03594	0.03006	0.00327	0.00867
12	0.00822	0.00597	0.00783	0.00919	0.00989	0.00558	0.00654	0.00966	0.01296	0.01700	0.03822	0.60133	0.10664	0.01953	0.00829	0.00263	0.00402	0.11514	0.00599	0.00537
13	0.01835	0.05426	0.04278	0.23308	0.08268	0.01537	0.15855	0.11778	0.03456	0.15562	0.01527	0.01754	0.01093	0.00666	0.00658	0.00204	0.00808	0.00618	0.00452	0.00916
14	0.01485	0.01563	0.02918	0.02182	0.02688	0.01583	0.44710	0.02266	0.17684	0.02153	0.01923	0.02168	0.05982	0.00740	0.00845	0.00223	0.06819	0.00780	0.00417	0.00872
15	0.01041	0.00744	0.01041	0.01190	0.01339	0.00744	0.01041	0.01339	0.01487	0.01934	0.03421	0.07288	0.03719	0.01785	0.00892	0.00297	0.00595	0.68913	0.00595	0.00595
16	0.01574	0.01441	0.07345	0.15652	0.02354	0.01594	0.05509	0.01864	0.01279	0.12608	0.04924	0.01782	0.01240	0.00926	0.01357	0.00244	0.36515	0.00616	0.00386	0.00792
17	0.01520	0.08525	0.54189	0.01799	0.02647	0.01535	0.08807	0.02156	0.01427	0.09566	0.01301	0.01465	0.00917	0.00622	0.00617	0.00200	0.00905	0.00513	0.00334	0.00953
18	0.00951	0.00691	0.00931	0.01064	0.01193	0.00670	0.00877	0.01190	0.01426	0.01845	0.03781	0.23953	0.11083	0.01827	0.00863	0.00281	0.00514	0.45691	0.00597	0.00573
19	0.81856	0.01250	0.00950	0.00850	0.01250	0.01449	0.00700	0.01899	0.01100	0.02899	0.00900	0.01050	0.00700	0.00600	0.00400	0.00200	0.00500	0.00350	0.00400	0.00700
20	0.00814	0.00574	0.00742	0.00866	0.00897	0.00543	0.00563	0.00907	0.01185	0.01580	0.03294	0.64166	0.03937	0.15188	0.01256	0.00326	0.00419	0.01680	0.00563	0.00502
21	0.01238	0.01130	0.01529	0.05468	0.01764	0.03935	0.11123	0.01915	0.19745	0.02102	0.08659	0.19466	0.10107	0.01208	0.00731	0.00224	0.00578	0.04584	0.00547	0.03946
22	0.01995	0.42041	0.02614	0.01347	0.01786	0.33992	0.01156	0.02186	0.01528	0.01546	0.00975	0.01152	0.00862	0.00773	0.03443	0.00186	0.00939	0.00390	0.00304	0.00784
23	0.01584	0.44332	0.08671	0.01483	0.07103	0.02141	0.01302	0.01968	0.06831	0.01705	0.01115	0.01348	0.00976	0.00894	0.04552	0.00222	0.12166	0.00455	0.00314	0.00838
24	0.01993	0.04935	0.10928	0.01251	0.01727	0.01256	0.01133	0.05807	0.18614	0.29613	0.07307	0.02465	0.03951	0.01021	0.03597	0.00238	0.00631	0.01931	0.00632	0.00970
25	0.01250	0.04968	0.04755	0.04552	0.01599	0.00982	0.08228	0.01660	0.07093	0.08925	0.20144	0.15733	0.15048	0.01221	0.00724	0.00215	0.00518	0.01084	0.00576	0.00724
26	0.02414	0.03079	0.01831	0.01665	0.01998	0.74698	0.01248	0.02580	0.01831	0.01581	0.00999	0.01165	0.00832	0.00666	0.00583	0.00166	0.01165	0.00416	0.00333	0.00749
27	0.00813	0.00618	0.00748	0.00797	0.00924	0.00554	0.00567	0.00992	0.01468	0.01926	0.22579	0.35173	0.27074	0.01715	0.00789	0.00233	0.00341	0.01509	0.00629	0.00554
28	0.01538	0.01657	0.02803	0.22106	0.03292	0.09615	0.36682	0.04753	0.01572	0.02008	0.04971	0.01939	0.01257	0.00660	0.00709	0.00211	0.00970	0.02095	0.00355	0.00807
29	0.02498	0.01017	0.01406	0.01127	0.01549	0.00921	0.00921	0.02744	0.01685	0.59068	0.02383	0.02268	0.01603	0.01620	0.15670	0.00370	0.00789	0.00658	0.00708	0.00994
30	0.00787	0.00562	0.00750	0.00900	0.00937	0.00525	0.00600	0.00900	0.01237	0.01649	0.03561	0.76871	0.04274	0.02024	0.00825	0.00262	0.00375	0.01837	0.00600	0.00525
31	0.01396	0.01524	0.05369	0.06334	0.05742	0.04731	0.30973	0.01978	0.09707	0.02040	0.04162	0.04590	0.09062	0.00884	0.00781	0.00223	0.03353	0.05917	0.00425	0.00808
32	0.01079	0.00697	0.00848	0.00835	0.00999	0.00638	0.00601	0.01299	0.03513	0.09669	0.19506	0.24307	0.21645	0.10105	0.01050	0.00271	0.00398	0.01305	0.00625	0.00611
33	0.01855	0.01174	0.01305	0.01126	0.01482	0.01261	0.00889	0.07876	0.35421	0.18077	0.02412	0.02302	0.01754	0.00824	0.00607	0.00197	0.00485	0.00672	0.19333	0.00947
34	0.11159	0.12855	0.02024	0.03895	0.01979	0.35254	0.03209	0.16273	0.01896	0.04142	0.01140	0.01275	0.00897	0.00664	0.00561	0.00176	0.00904	0.00454	0.00407	0.00837
35	0.76425	0.01232	0.00981	0.00878	0.01251	0.01437	0.00719	0.01852	0.01087	0.02794	0.00905	0.01093	0.00719	0.00673	0.00530	0.02944	0.03039	0.00364	0.00392	0.00686
