[name]
unknown

[dist]
# distance from previous block
# <min> <max>
0	61

[block]
# block no. 0 follows, 35 sequences, length 13
# corresponding to MSA columns:
# 69-81
name=unknown_A
#
# <colnr> <probs for GDERKNQSTAVLIFYWHMCP>
#	G	D	E	R	K	N	Q	S	T	A	V	L	I	F	Y	W	H	M	C	P
0	0.01077	0.00871	0.01373	0.01334	0.01549	0.00858	0.10674	0.01441	0.04342	0.01914	0.03172	0.12736	0.05957	0.01565	0.00838	0.00272	0.00617	0.48228	0.00551	0.00630
1	0.01563	0.01289	0.01895	0.04589	0.31026	0.01338	0.03501	0.02319	0.21959	0.08479	0.04472	0.05203	0.03636	0.00847	0.00667	0.00208	0.00624	0.04961	0.00496	0.00928
2	0.01314	0.01415	0.10734	0.01823	0.19208	0.02930	0.01266	0.05940	0.05344	0.02128	0.13118	0.04208	0.11150	0.03896	0.00927	0.01955	0.07584	0.00783	0.03496	0.00780
3	0.00784	0.00560	0.00746	0.00876	0.00923	0.00523	0.00590	0.00911	0.01265	0.01700	0.09580	0.70978	0.04352	0.01927	0.00804	0.00253	0.00362	0.01746	0.00598	0.00523
4	0.01749	0.50090	0.03089	0.01662	0.09678	0.12120	0.10008	0.02007	0.01401	0.01631	0.00979	0.01181	0.00854	0.00559	0.00496	0.00155	0.00799	0.00424	0.00290	0.00829
5	0.01321	0.01232	0.02032	0.45102	0.23860	0.01442	0.01715	0.01699	0.01296	0.01780	0.01169	0.01664	0.00930	0.00661	0.00749	0.00207	0.07378	0.00565	0.04413	0.00784
6	0.07259	0.18608	0.28780	0.01779	0.11136	0.04052	0.03442	0.07238	0.03310	0.06976	0.01228	0.01376	0.00928	0.00615	0.00558	0.00183	0.00782	0.00475	0.00358	0.00915
7	0.01856	0.04517	0.08501	0.03850	0.16136	0.03247	0.04707	0.04691	0.01571	0.25934	0.02067	0.16457	0.01778	0.00928	0.00660	0.00205	0.00648	0.00817	0.00529	0.00900
8	0.00923	0.00615	0.00692	0.00692	0.00692	0.00615	0.00384	0.00923	0.00923	0.01230	0.01999	0.04151	0.02306	0.77705	0.03229	0.00615	0.00615	0.00923	0.00384	0.00384
9	0.01615	0.06702	0.08103	0.08072	0.19282	0.03365	0.05782	0.08216	0.14123	0.06603	0.01728	0.07599	0.01431	0.00772	0.00629	0.00198	0.00692	0.00678	0.03506	0.00903
10	0.01358	0.01244	0.02024	0.11129	0.37515	0.01286	0.04757	0.01843	0.07480	0.02110	0.13051	0.02546	0.02048	0.00947	0.03505	0.00234	0.00710	0.04940	0.00418	0.00856
11	0.01467	0.01509	0.07494	0.04938	0.15373	0.08911	0.02830	0.04894	0.13608	0.04518	0.07714	0.06648	0.10071	0.01055	0.02786	0.00228	0.02114	0.02543	0.00478	0.00821
12	0.00992	0.00723	0.00841	0.00794	0.00996	0.00662	0.00599	0.05471	0.01672	0.04908	0.32162	0.11507	0.33449	0.01435	0.00743	0.00210	0.00348	0.01231	0.00642	0.00613

[dist]
# distance from previous block
# <min> <max>
0	1

[block]
# block no. 1 follows, 35 sequences, length 9
# corresponding to MSA columns:
# 83-91
name=unknown_B
#
# <colnr> <probs for GDERKNQSTAVLIFYWHMCP>
#	G	D	E	R	K	N	Q	S	T	A	V	L	I	F	Y	W	H	M	C	P
0	0.01597	0.05159	0.13102	0.01796	0.06432	0.12493	0.16477	0.08555	0.08241	0.02143	0.05042	0.01931	0.03123	0.03155	0.04696	0.00247	0.00879	0.00629	0.00401	0.03900
1	0.00953	0.00664	0.00830	0.00785	0.00959	0.00598	0.00590	0.01214	0.01700	0.05697	0.53314	0.07840	0.19752	0.01365	0.00746	0.00205	0.00318	0.01190	0.00675	0.00605
2	0.01381	0.01101	0.01303	0.00972	0.01480	0.00879	0.00774	0.04606	0.01387	0.05254	0.01349	0.05003	0.01163	0.00812	0.04759	0.00163	0.00548	0.00480	0.00413	0.66173
3	0.01322	0.01024	0.01362	0.13269	0.05393	0.01169	0.01033	0.09940	0.09100	0.02133	0.06984	0.02299	0.03436	0.01639	0.13868	0.06983	0.06341	0.00666	0.11331	0.00709
4	0.00780	0.00580	0.00727	0.00826	0.00910	0.00527	0.00568	0.00918	0.01316	0.01725	0.10577	0.55895	0.18647	0.01845	0.00792	0.00243	0.00352	0.01647	0.00599	0.00527
5	0.01321	0.01230	0.05821	0.15468	0.13879	0.01181	0.05854	0.07672	0.04203	0.04142	0.05685	0.06044	0.12145	0.01267	0.06323	0.03057	0.00738	0.02763	0.00439	0.00765
6	0.00934	0.00643	0.00795	0.00796	0.00943	0.00580	0.00576	0.01133	0.01518	0.05864	0.31504	0.24317	0.21507	0.04895	0.00868	0.00237	0.00350	0.01332	0.00633	0.00577
7	0.03522	0.04441	0.07133	0.04989	0.12846	0.04668	0.01249	0.10305	0.10775	0.08402	0.01490	0.01623	0.01139	0.00667	0.00643	0.00175	0.04212	0.00525	0.03553	0.17643
8	0.11279	0.08434	0.15239	0.05054	0.10241	0.03024	0.02900	0.07157	0.01450	0.03744	0.01805	0.08706	0.06802	0.00823	0.00622	0.00192	0.02499	0.00666	0.03958	0.05406

[dist]
# distance from previous block
# <min> <max>
0	3

[block]
# block no. 2 follows, 35 sequences, length 26
# corresponding to MSA columns:
# 95,96,98-121
name=unknown_C
#
# <colnr> <probs for GDERKNQSTAVLIFYWHMCP>
#	G	D	E	R	K	N	Q	S	T	A	V	L	I	F	Y	W	H	M	C	P
0	0.01556	0.03759	0.08837	0.01703	0.12947	0.11888	0.03089	0.13250	0.05222	0.02340	0.14469	0.09618	0.05155	0.00960	0.00666	0.00199	0.00675	0.02363	0.00490	0.00816
1	0.01575	0.01696	0.05929	0.07529	0.20223	0.13165	0.12181	0.06465	0.06294	0.02051	0.01701	0.05317	0.04837	0.00951	0.04468	0.00238	0.00855	0.00676	0.03011	0.00837
2	0.00962	0.00720	0.00915	0.00886	0.01050	0.00667	0.03027	0.04044	0.01440	0.03461	0.14610	0.27891	0.22241	0.09963	0.01031	0.00268	0.00423	0.03185	0.00575	0.02642
3	0.09791	0.05179	0.02097	0.01808	0.10194	0.17243	0.10936	0.15755	0.04112	0.08995	0.01335	0.01476	0.01009	0.00657	0.00628	0.00184	0.02527	0.00529	0.00442	0.05104
4	0.01572	0.11284	0.13857	0.07053	0.19853	0.08987	0.03785	0.03449	0.04783	0.04332	0.01365	0.05630	0.01162	0.00788	0.02385	0.00204	0.02330	0.00579	0.00358	0.06242
5	0.01006	0.00770	0.00873	0.00845	0.01003	0.03624	0.00619	0.01268	0.03954	0.04434	0.32973	0.12234	0.17771	0.08965	0.06536	0.00309	0.00495	0.01137	0.00595	0.00590
6	0.01252	0.01103	0.01346	0.07755	0.08506	0.06690	0.03294	0.03713	0.10933	0.01980	0.02766	0.20759	0.08529	0.01249	0.00712	0.00225	0.00582	0.12110	0.05792	0.00706
7	0.06613	0.01404	0.01885	0.07000	0.23999	0.04979	0.04009	0.06040	0.01476	0.04628	0.01326	0.01575	0.02817	0.00612	0.00628	0.00165	0.03700	0.00513	0.00378	0.26253
8	0.01271	0.00938	0.01138	0.04352	0.03295	0.03316	0.00821	0.03799	0.05001	0.07665	0.12978	0.18259	0.07916	0.04381	0.02813	0.00246	0.07377	0.00982	0.09093	0.04355
9	0.00912	0.00646	0.00793	0.00832	0.00949	0.00612	0.00600	0.03377	0.01455	0.01995	0.21017	0.32665	0.13393	0.06079	0.00898	0.00250	0.00377	0.05496	0.07094	0.00560
10	0.01578	0.01548	0.02489	0.09258	0.65233	0.04852	0.01900	0.01949	0.01447	0.02015	0.01179	0.01560	0.00984	0.00574	0.00626	0.00189	0.00778	0.00558	0.00312	0.00970
11	0.01660	0.01660	0.02155	0.05046	0.43431	0.12451	0.01569	0.03890	0.05118	0.02061	0.01228	0.01507	0.01010	0.00585	0.00595	0.00171	0.00754	0.00518	0.00350	0.14241
12	0.00885	0.00657	0.00935	0.00952	0.01050	0.00730	0.00712	0.01072	0.01053	0.01477	0.02172	0.11416	0.05558	0.11700	0.55620	0.00851	0.01367	0.00866	0.00385	0.00540
13	0.00814	0.00583	0.00771	0.00889	0.00942	0.00562	0.00614	0.00938	0.01199	0.01596	0.03311	0.57513	0.06100	0.08989	0.06753	0.00349	0.00507	0.06505	0.00551	0.00513
14	0.00784	0.00557	0.00733	0.00869	0.00903	0.00523	0.00573	0.00886	0.01192	0.01589	0.03381	0.71664	0.04050	0.07813	0.00996	0.00285	0.00387	0.01736	0.00573	0.00505
15	0.01554	0.01491	0.02546	0.07058	0.70711	0.01503	0.01939	0.01933	0.01437	0.02053	0.01190	0.01575	0.00998	0.00568	0.00628	0.00189	0.00758	0.00565	0.00313	0.00992
16	0.00980	0.00811	0.00895	0.00974	0.01089	0.06330	0.00732	0.01163	0.01397	0.01784	0.11620	0.34679	0.10152	0.05500	0.00917	0.00267	0.00484	0.19102	0.00570	0.00555
17	0.01317	0.06210	0.29592	0.15475	0.02614	0.03037	0.06605	0.01807	0.01347	0.01931	0.03637	0.01564	0.01060	0.00619	0.00618	0.00179	0.02645	0.00511	0.03553	0.15678
18	0.01784	0.01937	0.01943	0.18691	0.18590	0.28842	0.01474	0.05829	0.01580	0.01845	0.01187	0.03561	0.01002	0.00705	0.00703	0.00191	0.05845	0.00542	0.02957	0.00795
19	0.00921	0.00598	0.00707	0.00741	0.00768	0.00593	0.00457	0.00975	0.01032	0.01441	0.02308	0.20579	0.02603	0.47320	0.04734	0.03282	0.00559	0.01069	0.08875	0.00438
20	0.01523	0.01498	0.02440	0.08989	0.54543	0.04001	0.06328	0.01931	0.03398	0.02006	0.01456	0.01798	0.04305	0.00639	0.00672	0.00195	0.02400	0.00611	0.00333	0.00935
21	0.01478	0.01111	0.01304	0.00958	0.01485	0.00876	0.00768	0.04508	0.01445	0.09754	0.01697	0.01782	0.06594	0.00602	0.00516	0.00118	0.00475	0.00486	0.00446	0.63599
22	0.00921	0.00698	0.00856	0.00827	0.00995	0.00662	0.00622	0.01299	0.07136	0.02333	0.50022	0.09743	0.16765	0.01375	0.00748	0.00210	0.00331	0.03178	0.00665	0.00613
23	0.01388	0.01602	0.10204	0.19793	0.04686	0.01437	0.33878	0.01965	0.06060	0.03572	0.03865	0.01974	0.03567	0.00657	0.00688	0.00209	0.00881	0.00696	0.02055	0.00822
24	0.01707	0.06784	0.13168	0.01461	0.04727	0.07331	0.03657	0.12274	0.10984	0.08799	0.06493	0.02076	0.05946	0.00790	0.00677	0.00188	0.03899	0.00625	0.00483	0.07930
25	0.06021	0.01109	0.06802	0.03897	0.08838	0.00983	0.02057	0.03354	0.02850	0.04461	0.15353	0.12639	0.11891	0.01130	0.00745	0.00209	0.04310	0.04445	0.04520	0.04386

[dist]
# distance from previous block
# <min> <max>
0	30

[block]
# block no. 3 follows, 35 sequences, length 8
# corresponding to MSA columns:
# 152-159
name=unknown_D
#
# <colnr> <probs for GDERKNQSTAVLIFYWHMCP>
#	G	D	E	R	K	N	Q	S	T	A	V	L	I	F	Y	W	H	M	C	P
0	0.01229	0.01515	0.14927	0.08224	0.14138	0.04848	0.03586	0.01597	0.01409	0.01924	0.08977	0.05431	0.10635	0.01134	0.03702	0.00244	0.04850	0.06900	0.03983	0.00746
1	0.01035	0.00682	0.00810	0.00770	0.00968	0.00600	0.00575	0.01238	0.01555	0.09862	0.26955	0.11936	0.34559	0.04555	0.00844	0.00228	0.00355	0.01228	0.00637	0.00607
2	0.00946	0.00706	0.00913	0.00915	0.01013	0.00760	0.00666	0.01200	0.05135	0.01704	0.10323	0.18147	0.07102	0.15573	0.23871	0.00535	0.04559	0.01030	0.04344	0.00558
3	0.00800	0.00563	0.00728	0.00849	0.00879	0.00533	0.00552	0.00890	0.01162	0.01550	0.03228	0.64195	0.03857	0.15546	0.01243	0.00322	0.00412	0.01646	0.00552	0.00492
4	0.01907	0.28761	0.02359	0.05584	0.01930	0.33607	0.01234	0.02095	0.01454	0.01531	0.00930	0.01171	0.00820	0.00690	0.00769	0.00175	0.13515	0.00417	0.00297	0.00754
5	0.01315	0.01128	0.01315	0.00940	0.01503	0.00846	0.00752	0.01597	0.01315	0.02067	0.01128	0.01315	0.00940	0.00470	0.00470	0.00094	0.00470	0.00376	0.00376	0.81583
6	0.05823	0.12508	0.17348	0.09741	0.02182	0.03723	0.05308	0.07172	0.08347	0.07938	0.01707	0.12372	0.01490	0.00844	0.00614	0.00201	0.00707	0.00705	0.00433	0.00838
7	0.01472	0.01175	0.01624	0.06329	0.24383	0.03518	0.01206	0.01879	0.07169	0.10306	0.06153	0.07643	0.11426	0.00947	0.00662	0.00197	0.00585	0.04561	0.00488	0.08276

[dist]
# distance from previous block
# <min> <max>
2	4

[block]
# block no. 4 follows, 35 sequences, length 6
# corresponding to MSA columns:
# 164-169
name=unknown_E
#
# <colnr> <probs for GDERKNQSTAVLIFYWHMCP>
#	G	D	E	R	K	N	Q	S	T	A	V	L	I	F	Y	W	H	M	C	P
0	0.05122	0.11248	0.21901	0.05577	0.02193	0.07094	0.03957	0.18770	0.06737	0.02432	0.01484	0.04589	0.01226	0.00764	0.00607	0.00196	0.00775	0.04018	0.00423	0.00886
1	0.01732	0.57068	0.02854	0.01248	0.05703	0.02210	0.01091	0.10650	0.01515	0.01921	0.01088	0.01235	0.00932	0.00589	0.00452	0.00147	0.00650	0.00404	0.07672	0.00838
2	0.00927	0.04647	0.00906	0.00838	0.00974	0.00719	0.00605	0.04276	0.01336	0.01706	0.03874	0.34272	0.23473	0.13389	0.01140	0.00293	0.00436	0.05102	0.00543	0.00546
3	0.01526	0.05643	0.14018	0.01360	0.05903	0.06289	0.01158	0.07250	0.05717	0.06096	0.01550	0.06832	0.01364	0.08264	0.00832	0.00207	0.00655	0.00603	0.00419	0.24315
4	0.05441	0.04421	0.22980	0.01602	0.10376	0.01285	0.01399	0.02041	0.12718	0.06087	0.11057	0.07228	0.01980	0.00843	0.00660	0.00199	0.02596	0.00700	0.02409	0.03978
5	0.04137	0.08376	0.17427	0.01713	0.08825	0.08434	0.07979	0.08969	0.07799	0.06955	0.03911	0.05780	0.03351	0.00768	0.00618	0.00194	0.00746	0.00645	0.02500	0.00875

[dist]
# distance from previous block
# <min> <max>
4	13

[block]
# block no. 5 follows, 35 sequences, length 26
# corresponding to MSA columns:
# 183-208
name=unknown_F
#
# <colnr> <probs for GDERKNQSTAVLIFYWHMCP>
#	G	D	E	R	K	N	Q	S	T	A	V	L	I	F	Y	W	H	M	C	P
0	0.04807	0.11489	0.08043	0.01383	0.01766	0.25418	0.03356	0.07128	0.01614	0.05939	0.06174	0.01864	0.01419	0.01122	0.07444	0.00259	0.04147	0.02900	0.02958	0.00773
1	0.00913	0.00641	0.00769	0.00798	0.00853	0.00635	0.00520	0.02877	0.01145	0.01522	0.05143	0.23103	0.08029	0.41019	0.06683	0.00483	0.00588	0.03333	0.00473	0.00473
2	0.05402	0.06407	0.11424	0.01723	0.11699	0.03676	0.06797	0.15719	0.03499	0.07478	0.04760	0.06905	0.01513	0.02741	0.02230	0.00218	0.00714	0.00662	0.02056	0.04377
3	0.01330	0.01315	0.06059	0.09757	0.09091	0.06073	0.03117	0.05892	0.06299	0.01837	0.01797	0.11506	0.01782	0.12998	0.02843	0.03920	0.08209	0.05072	0.00408	0.00697
4	0.06992	0.01529	0.09616	0.03671	0.15696	0.03198	0.07738	0.05380	0.12630	0.06860	0.04990	0.02380	0.04632	0.00822	0.00704	0.00208	0.03857	0.05026	0.03205	0.00865
5	0.01490	0.09693	0.19808	0.03943	0.05622	0.11531	0.12987	0.04242	0.01505	0.01954	0.04588	0.04818	0.03863	0.00765	0.00630	0.00190	0.00819	0.04346	0.00367	0.06839
6	0.00791	0.00600	0.00720	0.00790	0.00900	0.00541	0.00554	0.00936	0.01342	0.01729	0.11228	0.40304	0.28020	0.05644	0.00908	0.00256	0.00363	0.03259	0.00589	0.00525
7	0.01597	0.09041	0.16701	0.01701	0.06571	0.04127	0.08638	0.02619	0.31334	0.05535	0.01786	0.01827	0.01347	0.00725	0.00675	0.00203	0.03566	0.00605	0.00462	0.00940
8	0.00787	0.00575	0.00742	0.00861	0.00930	0.00531	0.00594	0.00920	0.01282	0.01691	0.07551	0.62258	0.12484	0.01896	0.00802	0.00251	0.00367	0.04360	0.00595	0.00525
9	0.07417	0.07551	0.01878	0.03596	0.16982	0.13128	0.01247	0.08346	0.26779	0.02369	0.03379	0.01781	0.01391	0.00719	0.00596	0.00191	0.00688	0.00576	0.00471	0.00915
10	0.00907	0.00677	0.01004	0.01004	0.01112	0.00785	0.00774	0.01123	0.01015	0.01461	0.01713	0.02569	0.01619	0.08124	0.71870	0.01001	0.01649	0.00691	0.00342	0.00558
11	0.01575	0.43732	0.31070	0.01405	0.02088	0.06993	0.01588	0.01985	0.01343	0.01699	0.00989	0.01152	0.00810	0.00574	0.00495	0.00163	0.00811	0.00395	0.00274	0.00857
12	0.02235	0.02805	0.01755	0.01597	0.01896	0.67313	0.01206	0.02402	0.01713	0.01546	0.01019	0.01239	0.00866	0.00931	0.05325	0.00222	0.04446	0.00432	0.00326	0.00723
13	0.01049	0.00574	0.00810	0.00810	0.00818	0.00582	0.00531	0.00869	0.00861	0.01156	0.01342	0.02459	0.01402	0.19061	0.07693	0.58074	0.00645	0.00642	0.00304	0.00320
14	0.03494	0.01497	0.01988	0.19567	0.14668	0.06413	0.06971	0.11099	0.16391	0.04312	0.01526	0.01729	0.01159	0.00672	0.00625	0.00195	0.00738	0.00587	0.00436	0.05933
15	0.05548	0.01002	0.01316	0.05842	0.01609	0.00965	0.00900	0.05906	0.01593	0.39417	0.02246	0.04842	0.03803	0.03766	0.11982	0.00331	0.00719	0.00682	0.03648	0.03882
16	0.04794	0.42680	0.16521	0.01326	0.01894	0.16597	0.01334	0.02096	0.01414	0.04762	0.01020	0.01154	0.00840	0.00588	0.00487	0.00159	0.00808	0.00391	0.00308	0.00829
17	0.04027	0.14731	0.36526	0.01504	0.02182	0.01578	0.04606	0.04521	0.10005	0.06708	0.04356	0.01753	0.03422	0.00695	0.00589	0.00192	0.00757	0.00553	0.00392	0.00902
18	0.00790	0.00630	0.00708	0.00719	0.00889	0.00548	0.00527	0.00976	0.01495	0.01902	0.22319	0.17038	0.46040	0.01591	0.00759	0.00218	0.00323	0.01366	0.00616	0.00548
19	0.00816	0.00572	0.00729	0.00832	0.00863	0.00544	0.00537	0.00905	0.01161	0.01554	0.05650	0.56045	0.03780	0.21234	0.01423	0.00346	0.00428	0.01555	0.00541	0.00485
20	0.03990	0.01443	0.02248	0.16318	0.49206	0.03703	0.01738	0.04898	0.01485	0.04094	0.01249	0.01607	0.01004	0.00602	0.00614	0.00191	0.00749	0.00557	0.03383	0.00923
21	0.02738	0.01253	0.01579	0.01211	0.01706	0.01189	0.01000	0.20111	0.02106	0.56759	0.02259	0.02001	0.01448	0.00779	0.00637	0.00195	0.00579	0.00621	0.00748	0.01079
22	0.00852	0.00647	0.00785	0.00750	0.00920	0.00579	0.00563	0.01109	0.01688	0.02288	0.52783	0.05160	0.26775	0.01392	0.00749	0.00204	0.00306	0.01206	0.00665	0.00579
23	0.00775	0.00571	0.00717	0.00831	0.00899	0.00523	0.00561	0.00890	0.01244	0.01620	0.03968	0.61191	0.16765	0.05132	0.00901	0.00265	0.00370	0.01681	0.00580	0.00513
24	0.01315	0.01128	0.01315	0.00940	0.01503	0.00846	0.00752	0.01597	0.01315	0.02067	0.01128	0.01315	0.00940	0.00470	0.00470	0.00094	0.00470	0.00376	0.00376	0.81583
25	0.01606	0.11374	0.25804	0.01811	0.11367	0.03814	0.06391	0.06133	0.03194	0.08848	0.04962	0.03466	0.01307	0.00678	0.00600	0.00184	0.00757	0.00570	0.00396	0.06738

[dist]
# distance from previous block
# <min> <max>
0	2

[block]
# block no. 6 follows, 35 sequences, length 37
# corresponding to MSA columns:
# 211-247
name=unknown_G
#
# <colnr> <probs for GDERKNQSTAVLIFYWHMCP>
#	G	D	E	R	K	N	Q	S	T	A	V	L	I	F	Y	W	H	M	C	P
0	0.09402	0.08597	0.53611	0.01699	0.02516	0.01538	0.07637	0.01975	0.01322	0.02057	0.01105	0.01313	0.00810	0.00587	0.00574	0.00193	0.00869	0.00466	0.00288	0.03442
1	0.25990	0.01243	0.01242	0.01106	0.03599	0.04778	0.00847	0.08677	0.09433	0.11804	0.12664	0.02258	0.05872	0.00817	0.00571	0.00189	0.00517	0.00634	0.00544	0.07213
2	0.01021	0.00752	0.00955	0.00903	0.01124	0.00649	0.00674	0.01242	0.01428	0.04077	0.21214	0.31712	0.03722	0.01368	0.00707	0.00201	0.00396	0.06075	0.00569	0.21212
3	0.02044	0.01569	0.01634	0.01359	0.01782	0.05180	0.01091	0.30878	0.33194	0.09109	0.02091	0.02079	0.01552	0.00828	0.00643	0.00203	0.00617	0.02494	0.00636	0.01016
4	0.14095	0.01610	0.01708	0.01327	0.01816	0.01759	0.01096	0.52918	0.02560	0.12580	0.01552	0.01531	0.01083	0.00739	0.00600	0.00192	0.00648	0.00546	0.00618	0.01022
5	0.00920	0.00646	0.00863	0.00863	0.00921	0.00704	0.00598	0.01027	0.00969	0.01349	0.01816	0.03232	0.01899	0.38034	0.39872	0.03502	0.01165	0.00786	0.00358	0.00474
6	0.02301	0.01722	0.01842	0.01437	0.01925	0.01916	0.01179	0.62582	0.12214	0.03820	0.01663	0.01635	0.01193	0.00775	0.00636	0.00194	0.00672	0.00591	0.00636	0.01069
7	0.01213	0.01150	0.01972	0.15106	0.20672	0.01173	0.13873	0.01542	0.01382	0.01868	0.04107	0.12819	0.13656	0.00980	0.00737	0.00213	0.02987	0.00911	0.02892	0.00748
8	0.00793	0.00642	0.00681	0.00672	0.00871	0.00550	0.00504	0.00986	0.01511	0.01899	0.19492	0.05710	0.57767	0.01516	0.00739	0.00209	0.00316	0.01276	0.03315	0.00550
9	0.82186	0.01227	0.00932	0.00834	0.01227	0.01423	0.00687	0.01865	0.01080	0.02846	0.00883	0.01031	0.00687	0.00589	0.00393	0.00196	0.00491	0.00344	0.00393	0.00687
10	0.01388	0.01388	0.01943	0.01666	0.01666	0.01943	0.01388	0.01527	0.00972	0.01527	0.00833	0.01388	0.00833	0.01110	0.02082	0.00278	0.76544	0.00555	0.00278	0.00694
11	0.00763	0.00639	0.00664	0.00667	0.00867	0.00540	0.00497	0.00933	0.01464	0.01778	0.11826	0.09399	0.64592	0.01599	0.00753	0.00215	0.00322	0.01345	0.00598	0.00540
12	0.00879	0.00642	0.00782	0.00772	0.00931	0.00574	0.00569	0.01105	0.01598	0.03834	0.40329	0.16445	0.26236	0.01488	0.00756	0.00213	0.00322	0.01296	0.00650	0.00578
13	0.01393	0.01403	0.02030	0.01714	0.01745	0.01927	0.04755	0.01551	0.00997	0.01551	0.00854	0.01403	0.00839	0.01083	0.02018	0.00275	0.72916	0.00564	0.00280	0.00702
14	0.00813	0.00590	0.00769	0.00854	0.00937	0.00546	0.00600	0.00982	0.01391	0.01875	0.21693	0.50686	0.09784	0.01773	0.00792	0.00241	0.00355	0.04162	0.00617	0.00541
15	0.02370	0.03023	0.01798	0.01634	0.01961	0.75158	0.01226	0.02533	0.01798	0.01553	0.00981	0.01144	0.00817	0.00654	0.00572	0.00163	0.01144	0.00409	0.00327	0.00735
16	0.00771	0.00558	0.00730	0.00868	0.00916	0.00517	0.00582	0.00885	0.01229	0.01625	0.03685	0.72718	0.08647	0.01963	0.00806	0.00255	0.00365	0.01774	0.00589	0.00517
17	0.01286	0.01219	0.02051	0.57865	0.19481	0.01449	0.01790	0.01689	0.01297	0.01717	0.01132	0.01655	0.00880	0.00635	0.00681	0.00209	0.03342	0.00564	0.00289	0.00770
18	0.01529	0.40200	0.34247	0.01518	0.04856	0.02003	0.01670	0.04119	0.01370	0.01818	0.01026	0.01195	0.00825	0.00577	0.00508	0.00168	0.00795	0.00411	0.00283	0.00883
19	0.01630	0.05535	0.08572	0.01577	0.01792	0.17822	0.01365	0.01887	0.03199	0.03723	0.04479	0.01522	0.01124	0.00930	0.01392	0.00231	0.41603	0.00540	0.00332	0.00746
20	0.00925	0.00788	0.01302	0.01223	0.01360	0.00768	0.12591	0.01108	0.01251	0.01685	0.02995	0.60881	0.03488	0.01700	0.00861	0.00251	0.04148	0.01565	0.00529	0.00581
21	0.00904	0.00700	0.00951	0.00990	0.01076	0.00702	0.03025	0.03655	0.01298	0.01737	0.05252	0.58306	0.08243	0.04150	0.00949	0.00262	0.05115	0.01569	0.00559	0.00559
22	0.01419	0.23382	0.11371	0.01094	0.01700	0.01402	0.01054	0.01737	0.01311	0.01896	0.01059	0.01234	0.00886	0.00508	0.00469	0.00120	0.00590	0.00377	0.00332	0.48061
23	0.00933	0.00699	0.00989	0.00975	0.01057	0.00807	0.00728	0.01104	0.00995	0.01420	0.01726	0.02819	0.01715	0.21287	0.55214	0.00891	0.05033	0.00729	0.00347	0.00531
24	0.01574	0.01494	0.02517	0.07895	0.67694	0.01516	0.01914	0.04010	0.01481	0.02105	0.01199	0.01576	0.00998	0.00575	0.00629	0.00190	0.00757	0.00565	0.00322	0.00990
25	0.01657	0.03999	0.08848	0.05109	0.10537	0.15412	0.12096	0.08067	0.04921	0.01991	0.01247	0.01611	0.01029	0.03262	0.04899	0.00257	0.11224	0.00567	0.00355	0.02914
26	0.00968	0.00640	0.00781	0.00809	0.00949	0.00574	0.00573	0.01120	0.01384	0.07940	0.12426	0.35882	0.24927	0.06856	0.00935	0.00257	0.00377	0.01426	0.00605	0.00571
27	0.00750	0.00643	0.00643	0.00643	0.00857	0.00536	0.00482	0.00910	0.01446	0.01714	0.06427	0.06105	0.73490	0.01607	0.00750	0.00214	0.00321	0.01339	0.00589	0.00536
28	0.72889	0.01210	0.00996	0.00869	0.01273	0.01366	0.00716	0.02009	0.01166	0.11207	0.01073	0.01163	0.00791	0.00612	0.00421	0.00196	0.00496	0.00378	0.00439	0.00733
29	0.01481	0.04676	0.24578	0.02294	0.06605	0.01544	0.38820	0.02074	0.03490	0.04755	0.01346	0.02990	0.01023	0.00602	0.00681	0.00206	0.00951	0.00656	0.00335	0.00893
30	0.00871	0.00647	0.00811	0.00770	0.00931	0.00587	0.00577	0.01145	0.01732	0.02394	0.61297	0.04986	0.18196	0.01353	0.00749	0.00202	0.00303	0.01182	0.00679	0.00587
31	0.00808	0.00580	0.00759	0.00861	0.00911	0.00563	0.00580	0.00920	0.01164	0.01554	0.03232	0.54877	0.07207	0.12516	0.09952	0.00394	0.00557	0.01527	0.00532	0.00505
32	0.00867	0.00651	0.00907	0.04242	0.05452	0.00636	0.00714	0.01023	0.01249	0.01693	0.07045	0.55527	0.05329	0.05385	0.04053	0.00294	0.00473	0.01512	0.02390	0.00556
33	0.01676	0.74517	0.06717	0.01120	0.01682	0.02461	0.01146	0.01905	0.01291	0.01517	0.00894	0.01033	0.00814	0.00546	0.00416	0.00139	0.00691	0.00345	0.00271	0.00820
34	0.01543	0.01469	0.02495	0.03758	0.70652	0.01469	0.01881	0.01904	0.01422	0.02037	0.01227	0.01680	0.01060	0.03835	0.00738	0.00206	0.00748	0.00580	0.00317	0.00979
35	0.01017	0.00855	0.00913	0.00871	0.01082	0.03228	0.00656	0.01536	0.15094	0.02189	0.30173	0.09083	0.28214	0.01342	0.00727	0.00210	0.00378	0.01147	0.00632	0.00653
36	0.01701	0.01241	0.01682	0.03994	0.17835	0.01162	0.01136	0.09789	0.01647	0.13859	0.08302	0.01872	0.01547	0.00678	0.00632	0.00162	0.02907	0.00567	0.00482	0.28805

[dist]
# distance from previous block
# <min> <max>
0	1

[block]
# block no. 7 follows, 35 sequences, length 86
# corresponding to MSA columns:
# 249-334
name=unknown_H
#
# <colnr> <probs for GDERKNQSTAVLIFYWHMCP>
#	G	D	E	R	K	N	Q	S	T	A	V	L	I	F	Y	W	H	M	C	P
0	0.01802	0.00826	0.00992	0.00851	0.01142	0.00777	0.00673	0.02164	0.05759	0.29457	0.07264	0.02552	0.03890	0.00826	0.00558	0.00175	0.00401	0.00675	0.38417	0.00799
1	0.01281	0.01269	0.04333	0.56168	0.14113	0.01416	0.04394	0.03394	0.01345	0.01772	0.01235	0.04261	0.00993	0.00669	0.00643	0.00209	0.00824	0.00611	0.00307	0.00764
2	0.01705	0.01388	0.01480	0.01294	0.01670	0.01581	0.01017	0.12355	0.59149	0.04924	0.04581	0.02321	0.01934	0.00859	0.00647	0.00211	0.00523	0.00709	0.00650	0.01004
3	0.00888	0.00648	0.00835	0.00788	0.00942	0.00595	0.00591	0.01179	0.01773	0.02491	0.69132	0.04826	0.10300	0.01317	0.00748	0.00200	0.00301	0.01160	0.00691	0.00595
4	0.00893	0.00648	0.00841	0.00793	0.00945	0.00596	0.00595	0.01187	0.01784	0.02516	0.71134	0.04785	0.08282	0.01307	0.00748	0.00200	0.00300	0.01154	0.00695	0.00596
5	0.02370	0.03023	0.01798	0.01634	0.01961	0.75158	0.01226	0.02533	0.01798	0.01553	0.00981	0.01144	0.00817	0.00654	0.00572	0.00163	0.01144	0.00409	0.00327	0.00735
6	0.01570	0.01507	0.02575	0.03894	0.73748	0.01507	0.01947	0.01947	0.01444	0.02073	0.01193	0.01570	0.01005	0.00565	0.00628	0.00188	0.00754	0.00565	0.00314	0.01005
7	0.01495	0.01065	0.01186	0.01074	0.01357	0.02875	0.00832	0.09154	0.21654	0.11628	0.13446	0.14735	0.11935	0.01201	0.00704	0.00216	0.00472	0.03522	0.00644	0.00805
8	0.04449	0.24517	0.02163	0.01405	0.04130	0.27318	0.01124	0.08523	0.01678	0.09675	0.03372	0.03985	0.01191	0.00719	0.00595	0.00171	0.03250	0.00505	0.00408	0.00822
9	0.01736	0.01563	0.01463	0.01383	0.06212	0.15833	0.01011	0.15890	0.16368	0.06025	0.05397	0.02943	0.17998	0.00983	0.00660	0.00198	0.00639	0.02302	0.00554	0.00839
10	0.00750	0.00643	0.00643	0.00643	0.00857	0.00536	0.00482	0.00910	0.01446	0.01714	0.06427	0.06105	0.73490	0.01607	0.00750	0.00214	0.00321	0.01339	0.00589	0.00536
11	0.01758	0.66736	0.05763	0.01175	0.01707	0.10796	0.01148	0.01976	0.01349	0.01518	0.00903	0.01044	0.00814	0.00558	0.00433	0.00141	0.00741	0.00352	0.00278	0.00810
12	0.02268	0.02525	0.01739	0.01537	0.01898	0.51397	0.01176	0.11116	0.13257	0.05040	0.01366	0.01428	0.01059	0.00705	0.00594	0.00176	0.00962	0.00487	0.00434	0.00835
13	0.01537	0.01549	0.09378	0.01422	0.04227	0.01521	0.01175	0.05629	0.55344	0.02591	0.04942	0.02407	0.01942	0.00858	0.00650	0.00213	0.00560	0.02488	0.00593	0.00974
14	0.00911	0.00662	0.00930	0.00930	0.01013	0.00745	0.00682	0.01076	0.00993	0.01407	0.01781	0.02944	0.01782	0.24620	0.55598	0.00909	0.01404	0.00746	0.00352	0.00517
15	0.01198	0.01128	0.01903	0.76180	0.04369	0.01409	0.01762	0.01621	0.01268	0.01621	0.01128	0.01691	0.00846	0.00634	0.00634	0.00211	0.00846	0.00564	0.00282	0.00705
16	0.02131	0.02600	0.01695	0.01542	0.01844	0.58916	0.01167	0.02465	0.08842	0.01683	0.03046	0.01449	0.01110	0.00953	0.05124	0.00225	0.03612	0.00480	0.00368	0.00747
17	0.00923	0.00615	0.00692	0.00692	0.00692	0.00615	0.00384	0.00923	0.00923	0.01230	0.01999	0.04151	0.02306	0.77705	0.03229	0.00615	0.00615	0.00923	0.00384	0.00384
18	0.01874	0.01865	0.09896	0.03996	0.05058	0.05727	0.30052	0.19382	0.04265	0.09291	0.01462	0.01654	0.01055	0.00642	0.00675	0.00201	0.00883	0.00635	0.00447	0.00939
19	0.00977	0.00702	0.00968	0.01109	0.01242	0.00693	0.00941	0.01238	0.01425	0.01852	0.03484	0.17207	0.06132	0.01781	0.00862	0.00284	0.00544	0.57400	0.00585	0.00573
20	0.01272	0.03281	0.74418	0.01808	0.02746	0.01473	0.02344	0.02009	0.01339	0.02009	0.01138	0.01339	0.00804	0.00603	0.00603	0.00201	0.00938	0.00469	0.00268	0.00938
21	0.00822	0.00615	0.00763	0.00790	0.00917	0.00556	0.00568	0.01026	0.01522	0.02044	0.34620	0.29027	0.21211	0.01598	0.00769	0.00222	0.00327	0.01409	0.00637	0.00556
22	0.00769	0.00569	0.00719	0.00839	0.00909	0.00519	0.00569	0.00888	0.01257	0.01637	0.04032	0.64287	0.16855	0.01918	0.00799	0.00250	0.00360	0.01719	0.00589	0.00519
23	0.01884	0.00915	0.01219	0.03314	0.04882	0.00866	0.03064	0.04200	0.01593	0.30247	0.04682	0.02266	0.01670	0.00759	0.00560	0.00176	0.00466	0.00632	0.35778	0.00828
24	0.82186	0.01227	0.00932	0.00834	0.01227	0.01423	0.00687	0.01865	0.01080	0.02846	0.00883	0.01031	0.00687	0.00589	0.00393	0.00196	0.00491	0.00344	0.00393	0.00687
25	0.01428	0.26384	0.40769	0.01788	0.09663	0.01781	0.03333	0.01939	0.01327	0.01836	0.01086	0.01310	0.00858	0.00720	0.03085	0.00207	0.00866	0.00451	0.00277	0.00891
26	0.03991	0.10593	0.20489	0.04336	0.05616	0.16117	0.01403	0.01918	0.01397	0.01856	0.01158	0.04427	0.00990	0.00648	0.00598	0.00165	0.03336	0.00483	0.00326	0.20154
27	0.01750	0.52689	0.08991	0.01272	0.01805	0.13082	0.02853	0.03851	0.03722	0.01666	0.01118	0.01246	0.02417	0.00603	0.00477	0.00153	0.00766	0.00410	0.00309	0.00821
28	0.01136	0.00875	0.01080	0.01074	0.01244	0.00969	0.00832	0.01787	0.22341	0.01874	0.02410	0.06222	0.02320	0.13331	0.21285	0.03307	0.00857	0.15897	0.00497	0.00662
29	0.01027	0.00988	0.03816	0.03980	0.07722	0.00878	0.12411	0.01316	0.01457	0.01926	0.14798	0.14443	0.22884	0.03179	0.00810	0.00231	0.00549	0.06417	0.00513	0.00654
30	0.01451	0.00939	0.01135	0.01005	0.01278	0.00951	0.00780	0.02186	0.22919	0.15464	0.39531	0.03567	0.03984	0.01075	0.00698	0.00204	0.00403	0.00927	0.00698	0.00806
31	0.01590	0.01954	0.20758	0.01860	0.09063	0.01583	0.09944	0.13452	0.22904	0.02533	0.04384	0.01872	0.01421	0.00735	0.00690	0.00206	0.02997	0.00630	0.00466	0.00956
32	0.01232	0.00777	0.00989	0.00901	0.01113	0.00742	0.00687	0.01669	0.09180	0.12452	0.51873	0.08562	0.04839	0.01222	0.00726	0.00204	0.00358	0.01072	0.00698	0.00703
33	0.01512	0.01391	0.02337	0.11343	0.58883	0.01411	0.01795	0.01880	0.01449	0.04107	0.04070	0.01882	0.03832	0.00644	0.00638	0.00192	0.00725	0.00617	0.00348	0.00943
34	0.01279	0.03234	0.72282	0.01834	0.02763	0.01477	0.04432	0.02010	0.01344	0.02010	0.01143	0.01351	0.00808	0.00601	0.00607	0.00201	0.00942	0.00477	0.00269	0.00935
35	0.02281	0.02831	0.01779	0.01607	0.01920	0.67047	0.01215	0.04920	0.01781	0.01636	0.01021	0.01216	0.00855	0.00825	0.03354	0.00200	0.04006	0.00430	0.00336	0.00740
36	0.36454	0.06565	0.01579	0.06374	0.10391	0.09285	0.01079	0.03708	0.01294	0.04742	0.01068	0.01313	0.00863	0.00783	0.02892	0.00220	0.07829	0.00444	0.02358	0.00759
37	0.01140	0.00678	0.00749	0.03215	0.00974	0.00689	0.00563	0.03111	0.04014	0.02306	0.10310	0.04814	0.07783	0.01050	0.03277	0.00199	0.00387	0.00749	0.53374	0.00615
38	0.01418	0.01209	0.01354	0.07566	0.06443	0.06103	0.00971	0.06882	0.20829	0.03973	0.13715	0.05415	0.08461	0.05205	0.00796	0.00220	0.00552	0.00809	0.02455	0.05624
39	0.00919	0.00630	0.00767	0.00767	0.00793	0.00656	0.00478	0.00971	0.00945	0.01286	0.01930	0.03771	0.02141	0.60961	0.19747	0.00708	0.00864	0.00867	0.00374	0.00426
40	0.01360	0.02286	0.36157	0.07063	0.14471	0.01509	0.08630	0.02020	0.07551	0.02002	0.01416	0.01670	0.03092	0.00687	0.00758	0.00209	0.07321	0.00573	0.00325	0.00899
41	0.00907	0.00609	0.00696	0.00712	0.00715	0.00605	0.00406	0.00918	0.00953	0.01270	0.02153	0.11702	0.02501	0.69888	0.02979	0.00578	0.00590	0.01013	0.00406	0.00398
42	0.01696	0.78087	0.03324	0.01085	0.01628	0.02510	0.01085	0.01900	0.01289	0.01493	0.00882	0.01018	0.00814	0.00543	0.00407	0.00136	0.00678	0.00339	0.00271	0.00814
43	0.00923	0.00615	0.00692	0.00692	0.00692	0.00615	0.00384	0.00923	0.00923	0.01230	0.01999	0.04151	0.02306	0.77705	0.03229	0.00615	0.00615	0.00923	0.00384	0.00384
44	0.02522	0.01599	0.01794	0.01375	0.01879	0.01703	0.01136	0.54140	0.02685	0.21911	0.01773	0.01685	0.01204	0.00768	0.00635	0.00192	0.00658	0.00588	0.00673	0.01079
45	0.01646	0.01445	0.02351	0.07775	0.43772	0.01479	0.08120	0.08439	0.05884	0.05984	0.01420	0.01775	0.01141	0.03337	0.02477	0.00228	0.00775	0.00611	0.00390	0.00951
46	0.00898	0.00648	0.00848	0.00798	0.00948	0.00599	0.00599	0.01197	0.01796	0.02544	0.73413	0.04739	0.05986	0.01297	0.00748	0.00200	0.00299	0.01147	0.00698	0.00599
47	0.00906	0.00680	0.01020	0.01020	0.01133	0.00793	0.00793	0.01133	0.01020	0.01473	0.01699	0.02492	0.01586	0.04758	0.75191	0.01020	0.01699	0.00680	0.00340	0.00566
48	0.01102	0.00551	0.00826	0.00826	0.00826	0.00551	0.00551	0.00826	0.00826	0.01102	0.01102	0.01928	0.01102	0.02204	0.02479	0.81543	0.00551	0.00551	0.00275	0.00275
49	0.02370	0.03023	0.01798	0.01634	0.01961	0.75158	0.01226	0.02533	0.01798	0.01553	0.00981	0.01144	0.00817	0.00654	0.00572	0.00163	0.01144	0.00409	0.00327	0.00735
50	0.01562	0.01274	0.01448	0.01057	0.01608	0.01098	0.00854	0.17363	0.01691	0.02502	0.01217	0.01362	0.00971	0.00535	0.00507	0.00116	0.00521	0.00420	0.00434	0.63461
51	0.01198	0.01128	0.01903	0.76180	0.04369	0.01409	0.01762	0.01621	0.01268	0.01621	0.01128	0.01691	0.00846	0.00634	0.00634	0.00211	0.00846	0.00564	0.00282	0.00705
52	0.00773	0.00552	0.00736	0.00883	0.00920	0.00515	0.00589	0.00883	0.01215	0.01619	0.03497	0.77291	0.04196	0.01987	0.00810	0.00258	0.00368	0.01803	0.00589	0.00515
53	0.11258	0.01262	0.01308	0.01068	0.01432	0.01369	0.00865	0.35831	0.02142	0.05173	0.04364	0.01990	0.03577	0.00780	0.00556	0.00179	0.00523	0.00596	0.24874	0.00853
54	0.06289	0.01428	0.01523	0.01516	0.08260	0.04199	0.01080	0.03123	0.59371	0.02572	0.02298	0.02172	0.01738	0.00810	0.00627	0.00210	0.00548	0.00670	0.00589	0.00976
55	0.01272	0.03281	0.74418	0.01808	0.02746	0.01473	0.02344	0.02009	0.01339	0.02009	0.01138	0.01339	0.00804	0.00603	0.00603	0.00201	0.00938	0.00469	0.00268	0.00938
56	0.01380	0.01377	0.01941	0.04757	0.01778	0.01921	0.01403	0.01531	0.00984	0.01531	0.00845	0.01401	0.00833	0.01091	0.02022	0.00275	0.73404	0.00556	0.00278	0.00694
57	0.06227	0.02473	0.45657	0.01706	0.06406	0.04005	0.03836	0.01988	0.01398	0.07380	0.03346	0.04518	0.01262	0.00727	0.00611	0.00201	0.00806	0.02865	0.03712	0.00877
58	0.01307	0.01185	0.01839	0.58738	0.08591	0.03810	0.01624	0.01734	0.03387	0.04305	0.03296	0.04921	0.01193	0.00716	0.00643	0.00209	0.00794	0.00633	0.00338	0.00737
59	0.00779	0.00630	0.00695	0.00723	0.00895	0.00545	0.00534	0.00949	0.01438	0.01785	0.12380	0.19392	0.51144	0.01653	0.00766	0.00224	0.00338	0.03990	0.00600	0.00540
60	0.00905	0.00677	0.00845	0.00830	0.00979	0.00641	0.00611	0.01253	0.06256	0.02301	0.49455	0.17710	0.12298	0.01424	0.00753	0.00212	0.00327	0.01256	0.00664	0.00604
61	0.01790	0.02245	0.16740	0.02347	0.24724	0.19798	0.03161	0.10517	0.06061	0.02190	0.01326	0.01644	0.01068	0.00674	0.00621	0.00191	0.00867	0.02744	0.00375	0.00916
62	0.01004	0.03435	0.01144	0.03201	0.07134	0.00860	0.00860	0.01261	0.04207	0.01696	0.02965	0.24253	0.10721	0.08823	0.11342	0.00384	0.02805	0.12815	0.00487	0.00605
63	0.00804	0.00584	0.00764	0.00885	0.00956	0.00544	0.00624	0.00949	0.01297	0.01714	0.08124	0.59152	0.10555	0.01886	0.00807	0.00254	0.00381	0.08595	0.00595	0.00529
64	0.01700	0.01961	0.14246	0.02704	0.31659	0.07804	0.12329	0.09012	0.03282	0.04670	0.01278	0.01546	0.00992	0.00627	0.00688	0.00196	0.03424	0.00570	0.00363	0.00948
65	0.01646	0.01591	0.08088	0.02244	0.22967	0.01410	0.11749	0.10523	0.01597	0.06663	0.01286	0.01531	0.01000	0.00612	0.00695	0.00177	0.05269	0.00544	0.00392	0.20016
66	0.53849	0.05144	0.01310	0.03470	0.01539	0.13014	0.00879	0.07933	0.03820	0.02633	0.01019	0.01157	0.00794	0.00622	0.00458	0.00189	0.00631	0.00393	0.00402	0.00745
67	0.01717	0.75702	0.03276	0.01103	0.01639	0.04818	0.01090	0.01920	0.01305	0.01494	0.00885	0.01022	0.00814	0.00546	0.00412	0.00137	0.00693	0.00341	0.00273	0.00812
68	0.00906	0.00674	0.00858	0.00814	0.00975	0.00639	0.00613	0.01236	0.04131	0.02384	0.58820	0.04650	0.12814	0.01554	0.05883	0.00258	0.00405	0.01121	0.00660	0.00603
69	0.00780	0.00558	0.00743	0.00878	0.00922	0.00520	0.00589	0.00901	0.01248	0.01673	0.07542	0.73093	0.04299	0.01948	0.00806	0.00254	0.00364	0.01765	0.00595	0.00520
70	0.00908	0.00655	0.00903	0.00907	0.00981	0.00726	0.00652	0.01056	0.00993	0.01397	0.01851	0.05232	0.01901	0.28786	0.49228	0.00864	0.01302	0.00793	0.00362	0.00505
71	0.01696	0.78087	0.03324	0.01085	0.01628	0.02510	0.01085	0.01900	0.01289	0.01493	0.00882	0.01018	0.00814	0.00543	0.00407	0.00136	0.00678	0.00339	0.00271	0.00814
72	0.00966	0.00663	0.00859	0.00806	0.00970	0.00606	0.00606	0.01249	0.01757	0.05439	0.64366	0.07194	0.09479	0.01317	0.00746	0.00202	0.00313	0.01159	0.00692	0.00612
73	0.00931	0.00618	0.00709	0.00709	0.00722	0.00625	0.00413	0.00956	0.00944	0.01287	0.01982	0.03980	0.02236	0.70239	0.07701	0.00624	0.00672	0.00895	0.03354	0.00404
74	0.02598	0.01007	0.01341	0.01048	0.01488	0.00881	0.00859	0.02851	0.01743	0.63463	0.02438	0.02190	0.01579	0.00778	0.00609	0.00189	0.00503	0.00631	0.12796	0.01007
75	0.82186	0.01227	0.00932	0.00834	0.01227	0.01423	0.00687	0.01865	0.01080	0.02846	0.00883	0.01031	0.00687	0.00589	0.00393	0.00196	0.00491	0.00344	0.00393	0.00687
76	0.00893	0.00648	0.00841	0.00793	0.00945	0.00596	0.00595	0.01187	0.01784	0.02516	0.71156	0.04785	0.08260	0.01307	0.00748	0.00200	0.00300	0.01154	0.00695	0.00596
77	0.82186	0.01227	0.00932	0.00834	0.01227	0.01423	0.00687	0.01865	0.01080	0.02846	0.00883	0.01031	0.00687	0.00589	0.00393	0.00196	0.00491	0.00344	0.00393	0.00687
78	0.01315	0.01128	0.01315	0.00940	0.01503	0.00846	0.00752	0.01597	0.01315	0.02067	0.01128	0.01315	0.00940	0.00470	0.00470	0.00094	0.00470	0.00376	0.00376	0.81583
79	0.00923	0.00615	0.00692	0.00692	0.00692	0.00615	0.00384	0.00923	0.00923	0.01230	0.01999	0.04151	0.02306	0.77705	0.03229	0.00615	0.00615	0.00923	0.00384	0.00384
80	0.02514	0.01488	0.01710	0.01325	0.01816	0.01555	0.01090	0.41324	0.07495	0.29974	0.01962	0.01819	0.01322	0.00777	0.00637	0.00194	0.00625	0.00606	0.00691	0.01074
81	0.00796	0.00640	0.00710	0.00702	0.00888	0.00554	0.00523	0.00997	0.01541	0.01962	0.26723	0.09346	0.49324	0.01532	0.00752	0.00212	0.00317	0.01304	0.00622	0.00554
82	0.01311	0.01128	0.01337	0.03685	0.01608	0.00866	0.00789	0.01598	0.01314	0.02051	0.01128	0.01329	0.00936	0.00476	0.00476	0.00098	0.00484	0.00383	0.00372	0.78632
83	0.02571	0.01010	0.01362	0.01070	0.01507	0.00880	0.00874	0.02819	0.01768	0.63563	0.06733	0.04564	0.01915	0.00849	0.00638	0.00195	0.00506	0.00700	0.05468	0.01006
84	0.05393	0.01105	0.01467	0.01129	0.01617	0.00979	0.00933	0.05066	0.01826	0.69824	0.02422	0.02104	0.01527	0.00778	0.00630	0.00196	0.00543	0.00626	0.00768	0.01067
85	0.01492	0.01454	0.02343	0.23379	0.49914	0.04135	0.01852	0.01865	0.01394	0.01913	0.01156	0.01582	0.00949	0.00605	0.00676	0.00197	0.03327	0.00559	0.00305	0.00903

[dist]
# distance from previous block
# <min> <max>
0	2

[block]
# block no. 8 follows, 35 sequences, length 28
# corresponding to MSA columns:
# 337-364
name=unknown_I
#
# <colnr> <probs for GDERKNQSTAVLIFYWHMCP>
#	G	D	E	R	K	N	Q	S	T	A	V	L	I	F	Y	W	H	M	C	P
0	0.01508	0.01440	0.02453	0.11932	0.63768	0.01475	0.01891	0.01886	0.01412	0.02004	0.01201	0.01611	0.01004	0.00699	0.02869	0.00216	0.00792	0.00569	0.00311	0.00958
1	0.34956	0.01357	0.01667	0.07488	0.29047	0.04228	0.01264	0.01848	0.01259	0.02304	0.01100	0.01455	0.00918	0.03470	0.00658	0.00209	0.02626	0.00481	0.02868	0.00797
2	0.01227	0.00658	0.00732	0.00698	0.00874	0.00647	0.00531	0.01556	0.03427	0.06883	0.14954	0.02877	0.04258	0.01007	0.03123	0.00194	0.00367	0.00719	0.54634	0.00633
3	0.01339	0.03047	0.01790	0.18710	0.06710	0.04051	0.09449	0.04295	0.14366	0.01951	0.04287	0.07585	0.06340	0.07078	0.00977	0.02040	0.04018	0.00786	0.00431	0.00749
4	0.00898	0.00648	0.00848	0.00798	0.00948	0.00599	0.00599	0.01197	0.01796	0.02544	0.73413	0.04739	0.05986	0.01297	0.00748	0.00200	0.00299	0.01147	0.00698	0.00599
5	0.00842	0.00620	0.00829	0.00914	0.00966	0.00634	0.00638	0.00967	0.01153	0.01557	0.03008	0.49422	0.05451	0.11353	0.13206	0.00424	0.03527	0.03460	0.00512	0.00518
6	0.02846	0.01080	0.01472	0.01129	0.01619	0.00932	0.00932	0.03092	0.01816	0.74187	0.02503	0.02159	0.01570	0.00785	0.00638	0.00196	0.00540	0.00638	0.00785	0.01080
7	0.02370	0.03023	0.01798	0.01634	0.01961	0.75158	0.01226	0.02533	0.01798	0.01553	0.00981	0.01144	0.00817	0.00654	0.00572	0.00163	0.01144	0.00409	0.00327	0.00735
8	0.01696	0.78087	0.03324	0.01085	0.01628	0.02510	0.01085	0.01900	0.01289	0.01493	0.00882	0.01018	0.00814	0.00543	0.00407	0.00136	0.00678	0.00339	0.00271	0.00814
9	0.00773	0.00552	0.00736	0.00883	0.00920	0.00515	0.00589	0.00883	0.01215	0.01619	0.03497	0.77291	0.04196	0.01987	0.00810	0.00258	0.00368	0.01803	0.00589	0.00515
10	0.02370	0.03023	0.01798	0.01634	0.01961	0.75158	0.01226	0.02533	0.01798	0.01553	0.00981	0.01144	0.00817	0.00654	0.00572	0.00163	0.01144	0.00409	0.00327	0.00735
11	0.08101	0.01136	0.01283	0.00931	0.01480	0.00894	0.00746	0.01620	0.01296	0.02133	0.01107	0.01292	0.00918	0.00480	0.00463	0.00103	0.00472	0.00373	0.00377	0.74796
12	0.01347	0.19217	0.40553	0.01567	0.02229	0.01660	0.04996	0.01852	0.01349	0.01907	0.08783	0.01654	0.01370	0.00710	0.00726	0.00194	0.08187	0.00534	0.00318	0.00847
13	0.02448	0.01718	0.01868	0.01432	0.01938	0.01880	0.01183	0.65882	0.02885	0.09887	0.01605	0.01576	0.01120	0.00764	0.00635	0.00191	0.00685	0.00577	0.00647	0.01079
14	0.00901	0.00674	0.00878	0.00868	0.00959	0.00724	0.00625	0.01044	0.01079	0.01469	0.04724	0.03633	0.13422	0.27213	0.35936	0.00715	0.03352	0.00873	0.00403	0.00508
15	0.01540	0.08065	0.07203	0.09449	0.43763	0.05186	0.03815	0.01940	0.03259	0.01919	0.01186	0.01575	0.00997	0.02437	0.00751	0.00202	0.04941	0.00549	0.00314	0.00909
16	0.01208	0.00599	0.00888	0.00864	0.00908	0.00598	0.00598	0.01011	0.00912	0.06251	0.01250	0.01992	0.01175	0.02319	0.08451	0.69091	0.00647	0.00568	0.00317	0.00356
17	0.00773	0.00552	0.00736	0.00883	0.00920	0.00515	0.00589	0.00883	0.01215	0.01619	0.03497	0.77291	0.04196	0.01987	0.00810	0.00258	0.00368	0.01803	0.00589	0.00515
18	0.01560	0.01842	0.08397	0.08451	0.17289	0.17368	0.17253	0.01941	0.01533	0.01955	0.08577	0.04146	0.01554	0.00712	0.00650	0.00193	0.00854	0.00662	0.04258	0.00806
19	0.01507	0.01501	0.07425	0.04646	0.11918	0.04170	0.03646	0.01760	0.01237	0.07798	0.05179	0.01813	0.01282	0.04787	0.01479	0.00257	0.37855	0.00610	0.00357	0.00774
