[name]
unknown

[dist]
# distance from previous block
# <min> <max>
2	39

[block]
# block no. 0 follows, 27 sequences, length 14
# corresponding to MSA columns:
# 54-67
name=unknown_A
#
# <colnr> <probs for GDERKNQSTAVLIFYWHMCP>
#	G	D	E	R	K	N	Q	S	T	A	V	L	I	F	Y	W	H	M	C	P
0	0.05280	0.01742	0.01833	0.03849	0.02030	0.09528	0.01253	0.21765	0.06811	0.14404	0.04761	0.04734	0.03642	0.01124	0.01004	0.03074	0.08149	0.03355	0.00647	0.01015
1	0.06722	0.03651	0.01544	0.01350	0.03270	0.05568	0.01007	0.16268	0.09392	0.06254	0.09319	0.13694	0.02710	0.09578	0.03311	0.00321	0.00700	0.00998	0.03446	0.00896
2	0.04216	0.01502	0.04815	0.05754	0.08867	0.01454	0.03785	0.13863	0.08630	0.10170	0.06532	0.05255	0.02093	0.11161	0.03474	0.00326	0.00775	0.00832	0.00592	0.05904
3	0.01829	0.04069	0.07598	0.01501	0.03745	0.08373	0.01235	0.13827	0.10723	0.02696	0.02200	0.07103	0.05230	0.04163	0.04480	0.00274	0.00809	0.00770	0.00542	0.18836
4	0.13213	0.07954	0.03935	0.09341	0.02167	0.04698	0.01217	0.13591	0.06866	0.12859	0.07087	0.04714	0.05112	0.03149	0.00789	0.00243	0.00716	0.00768	0.00608	0.00973
5	0.09798	0.08529	0.09115	0.01707	0.04282	0.05405	0.08704	0.11112	0.09819	0.10329	0.07010	0.02288	0.01821	0.03604	0.00817	0.00243	0.00796	0.00715	0.02888	0.01016
6	0.12654	0.18071	0.19150	0.04262	0.02300	0.07981	0.01597	0.08625	0.01717	0.02462	0.01545	0.03818	0.03653	0.00842	0.00752	0.00218	0.05840	0.00594	0.00415	0.03505
7	0.06680	0.04686	0.14444	0.05451	0.02163	0.05215	0.01421	0.11793	0.04581	0.07151	0.02088	0.03950	0.04124	0.01141	0.03810	0.00266	0.02969	0.03497	0.09305	0.05266
8	0.01919	0.01336	0.01580	0.01238	0.01772	0.01191	0.00983	0.10936	0.06090	0.13039	0.02076	0.09997	0.01768	0.01063	0.03196	0.00213	0.00639	0.00745	0.00601	0.39617
9	0.01737	0.04440	0.05942	0.15252	0.11570	0.03052	0.09951	0.10626	0.01868	0.04919	0.04652	0.10564	0.01954	0.03630	0.00883	0.00254	0.00849	0.02687	0.00498	0.04673
10	0.01300	0.00928	0.01097	0.01023	0.01110	0.01005	0.00686	0.08597	0.01372	0.01865	0.02159	0.04067	0.02329	0.52037	0.13307	0.00714	0.04373	0.00970	0.00469	0.00591
11	0.01380	0.01155	0.01426	0.04407	0.01760	0.00953	0.00910	0.01678	0.01479	0.02234	0.01829	0.12951	0.01776	0.01405	0.08600	0.00269	0.00715	0.00751	0.00469	0.53855
12	0.61421	0.01482	0.01239	0.01081	0.01542	0.01694	0.00884	0.09557	0.05779	0.03399	0.01590	0.01687	0.04579	0.00796	0.00533	0.00231	0.00592	0.00522	0.00523	0.00870
13	0.02441	0.01094	0.01413	0.01139	0.01599	0.00938	0.00919	0.02715	0.01999	0.43983	0.11365	0.03864	0.17502	0.01187	0.00782	0.00230	0.00539	0.00985	0.00834	0.04472

[dist]
# distance from previous block
# <min> <max>
4	6

[block]
# block no. 1 follows, 27 sequences, length 26
# corresponding to MSA columns:
# 74-99
name=unknown_B
#
# <colnr> <probs for GDERKNQSTAVLIFYWHMCP>
#	G	D	E	R	K	N	Q	S	T	A	V	L	I	F	Y	W	H	M	C	P
0	0.05468	0.15618	0.15968	0.01749	0.02381	0.17267	0.03966	0.14711	0.11070	0.02705	0.01546	0.01654	0.01188	0.00778	0.00666	0.00212	0.00957	0.00574	0.00478	0.01045
1	0.01812	0.05512	0.15393	0.06874	0.25319	0.04916	0.03789	0.08258	0.07337	0.02604	0.06906	0.02108	0.01656	0.00818	0.00794	0.00229	0.03460	0.00695	0.00455	0.01067
2	0.01131	0.00904	0.01183	0.01287	0.06289	0.00788	0.00845	0.01345	0.01517	0.02114	0.06178	0.43363	0.08184	0.01709	0.00828	0.00243	0.00486	0.01530	0.00610	0.19466
3	0.01743	0.04156	0.13141	0.05159	0.25877	0.04633	0.06919	0.07214	0.06973	0.02522	0.03794	0.10851	0.01836	0.00948	0.00764	0.00236	0.00866	0.00859	0.00469	0.01039
4	0.01015	0.00703	0.00844	0.00912	0.00948	0.00682	0.00576	0.01086	0.01259	0.01664	0.03275	0.28845	0.06740	0.42077	0.02522	0.00534	0.00601	0.04640	0.00556	0.00523
5	0.01383	0.01072	0.01237	0.05633	0.01592	0.01104	0.00891	0.08232	0.13639	0.04200	0.16528	0.09836	0.23220	0.06831	0.01050	0.00283	0.00527	0.01233	0.00695	0.00814
6	0.04213	0.06353	0.06359	0.01716	0.02051	0.21897	0.04335	0.06958	0.03600	0.02188	0.01870	0.14968	0.01864	0.01196	0.01074	0.00251	0.14653	0.03123	0.00469	0.00861
7	0.01833	0.05137	0.04541	0.04669	0.10202	0.04107	0.01278	0.04482	0.06621	0.08820	0.04135	0.04836	0.01611	0.00798	0.00707	0.00183	0.02630	0.00652	0.00513	0.32245
8	0.02001	0.11082	0.23332	0.02174	0.07813	0.09580	0.10417	0.10628	0.03704	0.05640	0.01552	0.03805	0.01223	0.00797	0.00766	0.00225	0.03110	0.00656	0.00440	0.01055
9	0.02252	0.19374	0.02387	0.01517	0.01996	0.14342	0.01269	0.23264	0.04636	0.02852	0.01531	0.01720	0.01231	0.01157	0.05917	0.00271	0.03991	0.00575	0.04975	0.04741
10	0.01233	0.01187	0.06499	0.04820	0.01788	0.01091	0.04245	0.04769	0.01489	0.02072	0.05336	0.03250	0.09703	0.05206	0.39241	0.00767	0.01422	0.00870	0.00459	0.04552
11	0.02237	0.13854	0.23689	0.01977	0.06823	0.11169	0.04188	0.13187	0.02036	0.11683	0.01561	0.01677	0.01140	0.00756	0.00685	0.00214	0.00965	0.00581	0.00481	0.01094
12	0.01837	0.01448	0.01627	0.03294	0.01904	0.04472	0.00991	0.06689	0.01789	0.09152	0.04811	0.01853	0.01462	0.00674	0.00610	0.00144	0.00618	0.00539	0.00521	0.55565
13	0.00923	0.00740	0.00817	0.00856	0.01050	0.00647	0.00632	0.01110	0.01634	0.02016	0.09023	0.18325	0.47374	0.05522	0.01044	0.00289	0.00424	0.06270	0.00682	0.00621
14	0.01628	0.01317	0.01548	0.01111	0.01766	0.00995	0.00890	0.01956	0.01568	0.05757	0.01399	0.01588	0.01136	0.00568	0.00560	0.00116	0.00554	0.00455	0.00464	0.74624
15	0.01092	0.00906	0.00974	0.00930	0.01194	0.00864	0.00705	0.01661	0.13754	0.02423	0.20548	0.05993	0.42947	0.01641	0.00855	0.00247	0.00408	0.01385	0.00730	0.00742
16	0.01062	0.00788	0.01156	0.01156	0.01276	0.00908	0.00882	0.01302	0.01182	0.01696	0.02022	0.03103	0.01937	0.12133	0.64514	0.01148	0.01867	0.00823	0.00403	0.00642
17	0.01402	0.01319	0.02227	0.72126	0.05113	0.01649	0.02062	0.01897	0.01484	0.01897	0.01319	0.01979	0.00990	0.00742	0.00742	0.00247	0.00990	0.00660	0.00330	0.00825
18	0.01128	0.00783	0.00977	0.00914	0.01126	0.00704	0.00691	0.01440	0.02014	0.06130	0.52341	0.05738	0.20103	0.01566	0.00869	0.00237	0.00370	0.01361	0.00795	0.00713
19	0.01059	0.00761	0.01036	0.01202	0.01320	0.00738	0.00955	0.01304	0.01584	0.02073	0.04128	0.36356	0.06852	0.02163	0.00987	0.00321	0.00564	0.35263	0.00686	0.00647
20	0.05834	0.40247	0.02969	0.01480	0.02013	0.21492	0.01296	0.09707	0.01873	0.02171	0.01188	0.01370	0.01019	0.00903	0.03429	0.00220	0.00985	0.00467	0.00393	0.00944
21	0.02210	0.07169	0.02202	0.20459	0.02908	0.09625	0.02948	0.20136	0.04574	0.10388	0.01813	0.05986	0.01433	0.00888	0.00722	0.00223	0.00868	0.00718	0.00557	0.04173
22	0.01979	0.24611	0.13447	0.01735	0.04158	0.04694	0.08503	0.10626	0.04237	0.05610	0.01547	0.01745	0.01211	0.00892	0.03040	0.00233	0.00900	0.00587	0.06188	0.04058
23	0.61124	0.01653	0.04687	0.01291	0.04457	0.04399	0.01046	0.02269	0.01362	0.06175	0.01152	0.01341	0.00890	0.00738	0.00619	0.00234	0.04795	0.00453	0.00459	0.00858
24	0.01910	0.01668	0.02071	0.02037	0.12095	0.11762	0.09336	0.06653	0.06814	0.08489	0.11140	0.06086	0.02374	0.01394	0.07123	0.00314	0.00916	0.00860	0.06010	0.00947
25	0.01379	0.04657	0.06633	0.01481	0.07142	0.01180	0.03650	0.04825	0.01846	0.04899	0.24170	0.04452	0.20106	0.04980	0.01058	0.00263	0.04725	0.01114	0.00623	0.00816

[dist]
# distance from previous block
# <min> <max>
0	4

[block]
# block no. 2 follows, 27 sequences, length 133
# corresponding to MSA columns:
# 104-162,164-176,181-237,240-243
name=unknown_C
#
# <colnr> <probs for GDERKNQSTAVLIFYWHMCP>
#	G	D	E	R	K	N	Q	S	T	A	V	L	I	F	Y	W	H	M	C	P
0	0.02029	0.08188	0.12616	0.05089	0.02327	0.04149	0.03328	0.19706	0.05923	0.07753	0.02096	0.07583	0.04201	0.00937	0.00713	0.00215	0.00789	0.00760	0.00564	0.11036
1	0.07377	0.05577	0.18566	0.02394	0.05706	0.01764	0.30012	0.02300	0.01653	0.05085	0.04509	0.01945	0.01343	0.00730	0.00834	0.00235	0.04311	0.00722	0.00407	0.04530
2	0.01899	0.39586	0.28096	0.01662	0.02436	0.10882	0.01834	0.02362	0.01604	0.01978	0.01157	0.01348	0.00949	0.00677	0.00585	0.00191	0.00973	0.00463	0.00324	0.00995
3	0.01456	0.04193	0.01503	0.01125	0.01624	0.03781	0.00880	0.01740	0.01547	0.02268	0.04482	0.14084	0.02011	0.01135	0.03853	0.00202	0.00629	0.00779	0.00488	0.52219
4	0.04133	0.02105	0.02838	0.03468	0.39229	0.16260	0.10844	0.02362	0.01745	0.02274	0.01460	0.05006	0.01278	0.00774	0.00792	0.00225	0.03071	0.00711	0.00388	0.01039
5	0.00907	0.00666	0.00852	0.00989	0.01068	0.00611	0.00672	0.01055	0.01491	0.01960	0.07539	0.60967	0.14048	0.02226	0.00934	0.00291	0.00419	0.01999	0.00695	0.00611
6	0.08043	0.21900	0.12294	0.01598	0.02242	0.10821	0.01503	0.25144	0.02274	0.03020	0.01365	0.01486	0.01055	0.00753	0.00629	0.00200	0.00888	0.00527	0.00490	0.03769
7	0.01852	0.11217	0.08846	0.13197	0.26623	0.09972	0.10668	0.02296	0.01662	0.02155	0.01303	0.01710	0.01061	0.00705	0.00777	0.00223	0.03740	0.00625	0.00352	0.01016
8	0.07342	0.24121	0.38186	0.01955	0.07931	0.02060	0.02082	0.02334	0.01555	0.04331	0.01277	0.01482	0.00981	0.00687	0.00624	0.00211	0.00939	0.00509	0.00348	0.01045
9	0.01465	0.01129	0.01364	0.01327	0.04124	0.01214	0.00957	0.02327	0.23574	0.05694	0.23329	0.07141	0.06302	0.09157	0.04035	0.00337	0.03874	0.01084	0.00695	0.00871
10	0.00981	0.00715	0.00937	0.01013	0.01130	0.00671	0.00735	0.01211	0.01682	0.02283	0.25773	0.37730	0.10270	0.02129	0.03696	0.00314	0.00482	0.06881	0.00720	0.00646
11	0.01347	0.01881	0.19061	0.01861	0.05356	0.01326	0.13988	0.01935	0.06113	0.02321	0.08902	0.12061	0.16183	0.01237	0.00871	0.00252	0.02783	0.01110	0.00525	0.00887
12	0.01866	0.01834	0.02935	0.07289	0.63216	0.05211	0.02227	0.02296	0.01702	0.02373	0.01381	0.01818	0.01157	0.00670	0.00732	0.00220	0.00909	0.00652	0.00367	0.01145
13	0.01276	0.00857	0.01160	0.01283	0.01479	0.00839	0.01108	0.01603	0.01719	0.05314	0.04110	0.07743	0.09378	0.01929	0.00977	0.00321	0.00640	0.53235	0.04323	0.00706
14	0.01066	0.00773	0.01078	0.01078	0.01170	0.00865	0.00784	0.01252	0.01159	0.01638	0.02094	0.03500	0.02109	0.26125	0.50758	0.01051	0.01607	0.00881	0.00413	0.00599
15	0.01643	0.04771	0.05700	0.36896	0.30522	0.03689	0.02128	0.02114	0.01589	0.02121	0.01334	0.01852	0.01060	0.00704	0.00724	0.00231	0.00953	0.00639	0.00345	0.00984
16	0.02081	0.43313	0.05806	0.01581	0.04889	0.08582	0.01383	0.08499	0.12986	0.02304	0.01475	0.01567	0.01212	0.00737	0.00585	0.00189	0.00825	0.00521	0.00438	0.01026
17	0.01196	0.00854	0.01196	0.01367	0.01538	0.00854	0.01196	0.01538	0.01709	0.02222	0.03931	0.08374	0.04272	0.02051	0.01025	0.00342	0.00684	0.64283	0.00684	0.00684
18	0.01202	0.00957	0.01142	0.03556	0.01432	0.00977	0.00852	0.01901	0.17094	0.02619	0.29075	0.15154	0.15615	0.01572	0.00860	0.00255	0.00456	0.03752	0.00741	0.00787
19	0.01326	0.01124	0.01539	0.04640	0.01823	0.01188	0.07224	0.02172	0.23281	0.02349	0.03362	0.38086	0.03482	0.01650	0.00871	0.00279	0.00594	0.03503	0.00664	0.00841
20	0.00901	0.00660	0.00847	0.00996	0.01067	0.00606	0.00673	0.01038	0.01457	0.01910	0.04544	0.64673	0.13371	0.02267	0.00938	0.00295	0.00423	0.02039	0.00689	0.00606
21	0.02503	0.02880	0.02132	0.10577	0.05002	0.46550	0.01518	0.10243	0.07408	0.02281	0.01400	0.01600	0.01108	0.00792	0.00696	0.00208	0.01160	0.00558	0.00447	0.00939
22	0.01570	0.01323	0.01715	0.01452	0.01850	0.01377	0.09284	0.02716	0.32178	0.05860	0.12202	0.04064	0.18773	0.01229	0.00815	0.00248	0.00593	0.01078	0.00707	0.00965
23	0.01161	0.00829	0.01156	0.01327	0.01482	0.00824	0.01135	0.01477	0.01674	0.02182	0.03950	0.16291	0.04350	0.02084	0.01016	0.00337	0.00653	0.56716	0.00684	0.00674
24	0.01985	0.74357	0.03890	0.01270	0.01905	0.02937	0.01270	0.02223	0.01508	0.01747	0.01032	0.01191	0.00953	0.00635	0.00476	0.00159	0.00794	0.00397	0.00318	0.00953
25	0.01791	0.01740	0.02720	0.05984	0.49696	0.04863	0.04949	0.02359	0.07768	0.02400	0.01745	0.07445	0.01546	0.00828	0.00757	0.00231	0.00861	0.00791	0.00428	0.01098
26	0.00877	0.00752	0.00752	0.00752	0.01003	0.00627	0.00564	0.01065	0.01692	0.02005	0.07520	0.07144	0.68978	0.01880	0.00877	0.00251	0.00376	0.01567	0.00689	0.00627
27	0.00930	0.00664	0.00890	0.01063	0.01117	0.00625	0.00733	0.01077	0.01446	0.01923	0.04078	0.67776	0.04855	0.02302	0.00954	0.00305	0.00453	0.07511	0.00689	0.00610
28	0.01061	0.00795	0.01193	0.01193	0.01326	0.00928	0.00928	0.01326	0.01193	0.01723	0.01988	0.02916	0.01856	0.05568	0.70968	0.01193	0.01988	0.00795	0.00398	0.00663
29	0.01527	0.09290	0.64949	0.02051	0.03112	0.01818	0.02629	0.02341	0.01563	0.02304	0.01309	0.01538	0.00941	0.00700	0.00688	0.00229	0.01074	0.00537	0.00314	0.01086
30	0.02822	0.02079	0.02228	0.01708	0.02302	0.02302	0.01411	0.66804	0.03490	0.04679	0.01782	0.01782	0.01262	0.00891	0.00743	0.00223	0.00817	0.00668	0.00743	0.01262
31	0.01752	0.02003	0.04380	0.03129	0.03880	0.01877	0.66583	0.02378	0.01752	0.02378	0.01502	0.02003	0.01126	0.00626	0.00876	0.00250	0.01252	0.00876	0.00375	0.01001
32	0.01402	0.01319	0.02227	0.72126	0.05113	0.01649	0.02062	0.01897	0.01484	0.01897	0.01319	0.01979	0.00990	0.00742	0.00742	0.00247	0.00990	0.00660	0.00330	0.00825
33	0.01752	0.02003	0.04380	0.03129	0.03880	0.01877	0.66583	0.02378	0.01752	0.02378	0.01502	0.02003	0.01126	0.00626	0.00876	0.00250	0.01252	0.00876	0.00375	0.01001
34	0.79154	0.01436	0.01091	0.00976	0.01436	0.01665	0.00804	0.02182	0.01263	0.03331	0.01034	0.01206	0.00804	0.00689	0.00459	0.00230	0.00574	0.00402	0.00459	0.00804
35	0.01402	0.01319	0.02227	0.72126	0.05113	0.01649	0.02062	0.01897	0.01484	0.01897	0.01319	0.01979	0.00990	0.00742	0.00742	0.00247	0.00990	0.00660	0.00330	0.00825
36	0.00877	0.00752	0.00752	0.00752	0.01003	0.00627	0.00564	0.01065	0.01692	0.02005	0.07520	0.07144	0.68978	0.01880	0.00877	0.00251	0.00376	0.01567	0.00689	0.00627
37	0.02822	0.02079	0.02228	0.01708	0.02302	0.02302	0.01411	0.66804	0.03490	0.04679	0.01782	0.01782	0.01262	0.00891	0.00743	0.00223	0.00817	0.00668	0.00743	0.01262
38	0.01080	0.00720	0.00810	0.00810	0.00810	0.00720	0.00450	0.01080	0.01080	0.01439	0.02339	0.04858	0.02699	0.73910	0.03779	0.00720	0.00720	0.01080	0.00450	0.00450
39	0.01061	0.00792	0.01176	0.01176	0.01302	0.00918	0.00906	0.01314	0.01188	0.01710	0.02004	0.03005	0.01894	0.08682	0.67907	0.01172	0.01931	0.00808	0.00400	0.00653
40	0.01196	0.00854	0.01196	0.01367	0.01538	0.00854	0.01196	0.01538	0.01709	0.02222	0.03931	0.08374	0.04272	0.02051	0.01025	0.00342	0.00684	0.64283	0.00684	0.00684
41	0.01884	0.01613	0.01700	0.01518	0.01945	0.01864	0.01184	0.06341	0.65481	0.03165	0.02974	0.02732	0.02228	0.01003	0.00755	0.00251	0.00596	0.00833	0.00755	0.01178
42	0.02732	0.03333	0.02122	0.01896	0.02282	0.62124	0.01440	0.08558	0.02188	0.02069	0.01197	0.01389	0.00984	0.00797	0.00746	0.00199	0.04137	0.00502	0.00412	0.00894
43	0.01266	0.00969	0.01177	0.01118	0.01237	0.01083	0.00796	0.04150	0.09662	0.01915	0.02517	0.07026	0.05172	0.34131	0.18412	0.00681	0.06523	0.01002	0.00499	0.00665
44	0.79154	0.01436	0.01091	0.00976	0.01436	0.01665	0.00804	0.02182	0.01263	0.03331	0.01034	0.01206	0.00804	0.00689	0.00459	0.00230	0.00574	0.00402	0.00459	0.00804
45	0.01489	0.03840	0.70064	0.02116	0.03213	0.01724	0.02743	0.02351	0.01567	0.02351	0.01332	0.01567	0.00940	0.00705	0.00705	0.00235	0.01097	0.00549	0.00313	0.01097
46	0.01489	0.03840	0.70064	0.02116	0.03213	0.01724	0.02743	0.02351	0.01567	0.02351	0.01332	0.01567	0.00940	0.00705	0.00705	0.00235	0.01097	0.00549	0.00313	0.01097
47	0.09487	0.01291	0.01669	0.01300	0.01859	0.01168	0.01071	0.03513	0.04659	0.61706	0.02777	0.02428	0.01770	0.00903	0.00723	0.00231	0.00625	0.00722	0.00875	0.01222
48	0.01892	0.01404	0.01531	0.01300	0.01699	0.01501	0.01030	0.21829	0.20427	0.06421	0.14166	0.03661	0.14069	0.01194	0.00781	0.00235	0.00573	0.00983	0.04292	0.01012
49	0.01640	0.01724	0.03016	0.02359	0.02649	0.02045	0.26481	0.01979	0.01386	0.02018	0.01321	0.05084	0.01214	0.01089	0.01769	0.00295	0.41891	0.00804	0.00361	0.00875
50	0.00908	0.00753	0.00798	0.00810	0.01041	0.00643	0.00612	0.01114	0.01712	0.02087	0.11996	0.10190	0.57880	0.01881	0.00888	0.00256	0.00392	0.04705	0.00699	0.00634
51	0.79154	0.01436	0.01091	0.00976	0.01436	0.01665	0.00804	0.02182	0.01263	0.03331	0.01034	0.01206	0.00804	0.00689	0.00459	0.00230	0.00574	0.00402	0.00459	0.00804
52	0.02822	0.02079	0.02228	0.01708	0.02302	0.02302	0.01411	0.66804	0.03490	0.04679	0.01782	0.01782	0.01262	0.00891	0.00743	0.00223	0.00817	0.00668	0.00743	0.01262
53	0.03218	0.01240	0.01678	0.01295	0.01854	0.01070	0.01067	0.03501	0.02105	0.66677	0.03140	0.02739	0.04925	0.00963	0.00753	0.00231	0.00620	0.00784	0.00908	0.01234
54	0.10279	0.01312	0.01685	0.01305	0.01869	0.01192	0.01077	0.06010	0.02100	0.61084	0.02709	0.02376	0.01720	0.00897	0.00720	0.00229	0.00634	0.00712	0.00870	0.01221
55	0.06786	0.01271	0.01694	0.01305	0.01874	0.01117	0.01078	0.03552	0.02086	0.66765	0.02842	0.02467	0.01791	0.00908	0.00733	0.00230	0.00629	0.00731	0.00898	0.01242
56	0.00936	0.00673	0.00881	0.01019	0.01087	0.00629	0.00698	0.01091	0.01491	0.01989	0.09654	0.58919	0.07928	0.05057	0.01054	0.00312	0.00444	0.04838	0.00690	0.00610
57	0.02080	0.10026	0.16757	0.05014	0.04580	0.10317	0.01646	0.14451	0.15693	0.05876	0.01910	0.05139	0.01508	0.00885	0.00709	0.00226	0.00875	0.00695	0.00539	0.01074
58	0.01629	0.07823	0.01578	0.01275	0.01604	0.11526	0.00996	0.04796	0.01723	0.05237	0.02794	0.26876	0.04694	0.01444	0.00781	0.00234	0.00676	0.08819	0.00577	0.14918
59	0.01770	0.16307	0.23450	0.17515	0.08632	0.10336	0.07578	0.02298	0.01629	0.02081	0.01270	0.01617	0.00990	0.00697	0.00683	0.00218	0.01041	0.00573	0.00336	0.00980
60	0.01985	0.74357	0.03890	0.01270	0.01905	0.02937	0.01270	0.02223	0.01508	0.01747	0.01032	0.01191	0.00953	0.00635	0.00476	0.00159	0.00794	0.00397	0.00318	0.00953
61	0.00995	0.00709	0.00902	0.00973	0.01094	0.00653	0.00702	0.01146	0.01583	0.02083	0.16721	0.32207	0.19140	0.02079	0.01146	0.09098	0.00449	0.07046	0.00671	0.00602
62	0.00935	0.00754	0.00833	0.00813	0.01038	0.00651	0.00610	0.01178	0.01829	0.02331	0.28071	0.06609	0.48225	0.01759	0.00877	0.00245	0.00367	0.01492	0.00732	0.00651
63	0.01065	0.00776	0.01095	0.01095	0.01194	0.00875	0.00806	0.01263	0.01164	0.01651	0.02078	0.03411	0.02071	0.22966	0.53863	0.01073	0.01665	0.00868	0.00411	0.00609
64	0.42733	0.01353	0.01395	0.01142	0.01656	0.01390	0.00942	0.02872	0.01677	0.35255	0.01944	0.01840	0.01300	0.00799	0.00597	0.00230	0.00602	0.00567	0.00680	0.01025
65	0.01752	0.02003	0.04380	0.03129	0.03880	0.01877	0.66583	0.02378	0.01752	0.02378	0.01502	0.02003	0.01126	0.00626	0.00876	0.00250	0.01252	0.00876	0.00375	0.01001
66	0.01061	0.00795	0.01193	0.01193	0.01326	0.00928	0.00928	0.01326	0.01193	0.01723	0.01988	0.02916	0.01856	0.05568	0.70968	0.01193	0.01988	0.00795	0.00398	0.00663
67	0.01402	0.01319	0.02227	0.72126	0.05113	0.01649	0.02062	0.01897	0.01484	0.01897	0.01319	0.01979	0.00990	0.00742	0.00742	0.00247	0.00990	0.00660	0.00330	0.00825
68	0.01489	0.03840	0.70064	0.02116	0.03213	0.01724	0.02743	0.02351	0.01567	0.02351	0.01332	0.01567	0.00940	0.00705	0.00705	0.00235	0.01097	0.00549	0.00313	0.01097
69	0.03086	0.01267	0.01682	0.01318	0.01859	0.01138	0.01079	0.03536	0.07939	0.60566	0.06229	0.02699	0.02133	0.00957	0.00754	0.00232	0.00614	0.00784	0.00899	0.01227
70	0.79154	0.01436	0.01091	0.00976	0.01436	0.01665	0.00804	0.02182	0.01263	0.03331	0.01034	0.01206	0.00804	0.00689	0.00459	0.00230	0.00574	0.00402	0.00459	0.00804
71	0.01043	0.00759	0.00981	0.00926	0.01104	0.00697	0.00694	0.01386	0.02083	0.02933	0.66086	0.05618	0.09834	0.01534	0.00876	0.00234	0.00351	0.01353	0.00811	0.00697
72	0.00904	0.00646	0.00861	0.01034	0.01077	0.00603	0.00689	0.01034	0.01421	0.01895	0.04092	0.73426	0.04910	0.02326	0.00948	0.00301	0.00431	0.02110	0.00689	0.00603
73	0.00995	0.00714	0.00951	0.01038	0.01146	0.00670	0.00756	0.01232	0.01709	0.02336	0.28077	0.40247	0.05607	0.01992	0.00930	0.00281	0.00432	0.09502	0.00736	0.00649
74	0.01305	0.00766	0.01211	0.01135	0.01185	0.00798	0.04001	0.01103	0.01034	0.01404	0.01351	0.02279	0.01321	0.02704	0.09024	0.64269	0.03700	0.00670	0.00332	0.00407
75	0.01402	0.01319	0.02227	0.72126	0.05113	0.01649	0.02062	0.01897	0.01484	0.01897	0.01319	0.01979	0.00990	0.00742	0.00742	0.00247	0.00990	0.00660	0.00330	0.00825
76	0.75631	0.04765	0.01219	0.00990	0.01457	0.01723	0.00825	0.02184	0.01275	0.03258	0.01034	0.01205	0.00811	0.00687	0.00460	0.00226	0.00584	0.00402	0.00453	0.00811
77	0.01107	0.00764	0.00932	0.00935	0.00957	0.00800	0.00596	0.01144	0.01132	0.01530	0.02362	0.08016	0.02670	0.54725	0.09196	0.04350	0.03855	0.03974	0.00457	0.00496
78	0.02012	0.04916	0.02176	0.15696	0.08403	0.01801	0.04070	0.10953	0.26554	0.09281	0.02165	0.02236	0.01604	0.00852	0.00732	0.00233	0.00759	0.00724	0.00605	0.04226
79	0.01018	0.00738	0.00897	0.00945	0.01111	0.00667	0.00689	0.01220	0.01643	0.04467	0.14406	0.31023	0.28726	0.02134	0.04098	0.00313	0.00487	0.04062	0.00702	0.00654
80	0.02011	0.20443	0.16898	0.01875	0.04869	0.02138	0.08978	0.19929	0.04908	0.02861	0.01735	0.01877	0.04007	0.00785	0.00682	0.00211	0.00883	0.00636	0.00480	0.03796
81	0.05226	0.17325	0.16528	0.02378	0.08242	0.01949	0.26305	0.02240	0.01652	0.02308	0.04550	0.02153	0.01457	0.00755	0.00736	0.00228	0.00998	0.03595	0.00389	0.00986
82	0.01078	0.00712	0.00809	0.00824	0.00836	0.00708	0.00474	0.01105	0.01132	0.01542	0.02500	0.10916	0.02861	0.64112	0.03374	0.00657	0.00677	0.01154	0.04053	0.00475
83	0.01028	0.00790	0.00962	0.01011	0.01217	0.00724	0.00820	0.01305	0.01783	0.02285	0.18981	0.07255	0.32817	0.01866	0.00930	0.00280	0.00481	0.24087	0.00714	0.00662
84	0.02517	0.26778	0.02704	0.01683	0.02167	0.42624	0.01378	0.08183	0.02026	0.02039	0.01164	0.01328	0.00981	0.00733	0.00612	0.00183	0.01114	0.00468	0.00392	0.00925
85	0.01752	0.02003	0.04380	0.03129	0.03880	0.01877	0.66583	0.02378	0.01752	0.02378	0.01502	0.02003	0.01126	0.00626	0.00876	0.00250	0.01252	0.00876	0.00375	0.01001
86	0.01361	0.00690	0.00700	0.00708	0.00875	0.00688	0.00527	0.01697	0.01550	0.02727	0.02500	0.06083	0.02044	0.00933	0.00539	0.00179	0.00350	0.00758	0.74403	0.00688
87	0.01063	0.00786	0.01146	0.01146	0.01262	0.00902	0.00869	0.01295	0.01179	0.01688	0.02032	0.03156	0.01960	0.14005	0.62673	0.01135	0.01832	0.00830	0.00404	0.00637
88	0.79154	0.01436	0.01091	0.00976	0.01436	0.01665	0.00804	0.02182	0.01263	0.03331	0.01034	0.01206	0.00804	0.00689	0.00459	0.00230	0.00574	0.00402	0.00459	0.00804
89	0.02773	0.03538	0.02104	0.01913	0.02295	0.70930	0.01434	0.02964	0.02104	0.01817	0.01148	0.01339	0.00956	0.00765	0.00669	0.00191	0.01339	0.00478	0.00383	0.00861
90	0.01549	0.05498	0.06731	0.13193	0.04845	0.04575	0.01308	0.01975	0.03567	0.04471	0.14845	0.02747	0.02443	0.00996	0.00911	0.00227	0.09827	0.00776	0.18682	0.00834
91	0.01859	0.28132	0.28207	0.02010	0.11153	0.02047	0.01910	0.02357	0.01609	0.08560	0.01513	0.04847	0.01243	0.00769	0.00643	0.00209	0.00887	0.00600	0.00397	0.01050
92	0.01985	0.74357	0.03890	0.01270	0.01905	0.02937	0.01270	0.02223	0.01508	0.01747	0.01032	0.01191	0.00953	0.00635	0.00476	0.00159	0.00794	0.00397	0.00318	0.00953
93	0.01408	0.04887	0.22150	0.04211	0.07163	0.01357	0.03588	0.04838	0.04338	0.02379	0.07434	0.15287	0.09932	0.01220	0.00783	0.00242	0.00748	0.02742	0.00517	0.04778
94	0.72431	0.01559	0.01186	0.01050	0.01512	0.04854	0.00858	0.04958	0.01396	0.03319	0.01071	0.01236	0.00830	0.00701	0.00481	0.00228	0.00619	0.00417	0.00468	0.00826
95	0.01776	0.01701	0.02903	0.14049	0.60265	0.01748	0.02248	0.02225	0.01661	0.02351	0.01386	0.01857	0.01150	0.00673	0.00736	0.00224	0.00897	0.00661	0.00362	0.01127
96	0.79154	0.01436	0.01091	0.00976	0.01436	0.01665	0.00804	0.02182	0.01263	0.03331	0.01034	0.01206	0.00804	0.00689	0.00459	0.00230	0.00574	0.00402	0.00459	0.00804
97	0.01605	0.01527	0.02594	0.40596	0.35055	0.01703	0.02163	0.02075	0.01581	0.02143	0.01355	0.01913	0.01077	0.00705	0.00739	0.00235	0.00939	0.00661	0.00347	0.00989
98	0.01752	0.02003	0.04380	0.03129	0.03880	0.01877	0.66583	0.02378	0.01752	0.02378	0.01502	0.02003	0.01126	0.00626	0.00876	0.00250	0.01252	0.00876	0.00375	0.01001
99	0.01196	0.00854	0.01196	0.01367	0.01538	0.00854	0.01196	0.01538	0.01709	0.02222	0.03931	0.08374	0.04272	0.02051	0.01025	0.00342	0.00684	0.64283	0.00684	0.00684
100	0.01539	0.01319	0.01539	0.01100	0.01759	0.00990	0.00880	0.01869	0.01539	0.02419	0.01319	0.01539	0.01100	0.00550	0.00550	0.00110	0.00550	0.00440	0.00440	0.78449
101	0.01037	0.00753	0.00977	0.00931	0.01103	0.00693	0.00695	0.01371	0.02054	0.02888	0.63451	0.08743	0.09377	0.01569	0.00879	0.00237	0.00355	0.01387	0.00806	0.00693
102	0.01624	0.01624	0.02274	0.01949	0.01949	0.02274	0.01624	0.01787	0.01137	0.01787	0.00975	0.01624	0.00975	0.01299	0.02436	0.00325	0.72552	0.00650	0.00325	0.00812
103	0.01061	0.00795	0.01193	0.01193	0.01326	0.00928	0.00928	0.01326	0.01193	0.01723	0.01988	0.02916	0.01856	0.05568	0.70968	0.01193	0.01988	0.00795	0.00398	0.00663
104	0.79154	0.01436	0.01091	0.00976	0.01436	0.01665	0.00804	0.02182	0.01263	0.03331	0.01034	0.01206	0.00804	0.00689	0.00459	0.00230	0.00574	0.00402	0.00459	0.00804
105	0.02838	0.02118	0.02205	0.01704	0.02288	0.05415	0.01401	0.61661	0.03379	0.06822	0.01793	0.01788	0.01269	0.00886	0.00739	0.00222	0.00834	0.00662	0.00732	0.01244
106	0.01845	0.01801	0.02934	0.08504	0.63052	0.04224	0.02235	0.02280	0.01693	0.02372	0.01383	0.01828	0.01157	0.00670	0.00733	0.00221	0.00905	0.00655	0.00366	0.01144
107	0.01976	0.18191	0.16413	0.02697	0.24402	0.04968	0.05176	0.07602	0.01793	0.05470	0.01385	0.01649	0.01099	0.00720	0.00737	0.00214	0.03431	0.00588	0.00401	0.01088
108	0.00980	0.00747	0.00991	0.01103	0.01147	0.00769	0.00765	0.01109	0.01390	0.01870	0.03844	0.61396	0.06728	0.05100	0.01202	0.00319	0.07370	0.01909	0.00644	0.00618
109	0.02725	0.03457	0.02111	0.01914	0.02280	0.68033	0.01442	0.02915	0.02063	0.01816	0.01140	0.01351	0.00957	0.00788	0.00744	0.00197	0.04343	0.00485	0.00380	0.00859
110	0.01069	0.00721	0.00807	0.00807	0.00819	0.00715	0.00456	0.01079	0.01110	0.01468	0.02598	0.04972	0.06007	0.70315	0.03634	0.00696	0.00703	0.01104	0.00462	0.00459
111	0.01094	0.00805	0.01035	0.01006	0.01193	0.00763	0.00778	0.01506	0.04687	0.02838	0.54831	0.05879	0.09362	0.01584	0.00890	0.00249	0.00405	0.09588	0.00791	0.00714
112	0.01846	0.01595	0.01679	0.01511	0.01930	0.01846	0.01175	0.03945	0.67938	0.03105	0.03022	0.02770	0.02266	0.01007	0.00755	0.00252	0.00588	0.00839	0.00755	0.01175
113	0.00877	0.00752	0.00752	0.00752	0.01003	0.00627	0.00564	0.01065	0.01692	0.02005	0.07520	0.07144	0.68978	0.01880	0.00877	0.00251	0.00376	0.01567	0.00689	0.00627
114	0.02822	0.02079	0.02228	0.01708	0.02302	0.02302	0.01411	0.66804	0.03490	0.04679	0.01782	0.01782	0.01262	0.00891	0.00743	0.00223	0.00817	0.00668	0.00743	0.01262
115	0.02822	0.02079	0.02228	0.01708	0.02302	0.02302	0.01411	0.66804	0.03490	0.04679	0.01782	0.01782	0.01262	0.00891	0.00743	0.00223	0.00817	0.00668	0.00743	0.01262
116	0.01554	0.01332	0.01546	0.01119	0.01767	0.01030	0.00894	0.01967	0.04654	0.02451	0.01399	0.01597	0.01154	0.00571	0.00559	0.00117	0.00552	0.00459	0.00455	0.74823
117	0.00904	0.00646	0.00861	0.01034	0.01077	0.00603	0.00689	0.01034	0.01421	0.01895	0.04092	0.73426	0.04910	0.02326	0.00948	0.00301	0.00431	0.02110	0.00689	0.00603
118	0.15548	0.01685	0.01762	0.01461	0.01963	0.01873	0.01178	0.24044	0.27678	0.11676	0.02268	0.02152	0.01638	0.00904	0.00700	0.00236	0.00665	0.00698	0.00720	0.01151
119	0.01846	0.01595	0.01679	0.01511	0.01930	0.01846	0.01175	0.03945	0.67938	0.03105	0.03022	0.02770	0.02266	0.01007	0.00755	0.00252	0.00588	0.00839	0.00755	0.01175
120	0.01752	0.02003	0.04380	0.03129	0.03880	0.01877	0.66583	0.02378	0.01752	0.02378	0.01502	0.02003	0.01126	0.00626	0.00876	0.00250	0.01252	0.00876	0.00375	0.01001
121	0.00967	0.00715	0.00916	0.01045	0.01160	0.00664	0.00771	0.01161	0.01564	0.02034	0.07748	0.44222	0.17027	0.02146	0.00947	0.00297	0.00469	0.14825	0.00694	0.00629
122	0.01539	0.01319	0.01539	0.01100	0.01759	0.00990	0.00880	0.01869	0.01539	0.02419	0.01319	0.01539	0.01100	0.00550	0.00550	0.00110	0.00550	0.00440	0.00440	0.78449
123	0.01752	0.02003	0.04380	0.03129	0.03880	0.01877	0.66583	0.02378	0.01752	0.02378	0.01502	0.02003	0.01126	0.00626	0.00876	0.00250	0.01252	0.00876	0.00375	0.01001
124	0.03331	0.01263	0.01723	0.01321	0.01895	0.01091	0.01091	0.03618	0.02125	0.69794	0.02929	0.02527	0.01838	0.00919	0.00747	0.00230	0.00632	0.00747	0.00919	0.01263
125	0.01393	0.00835	0.01102	0.00992	0.01227	0.00759	0.00759	0.01734	0.02105	0.13019	0.58975	0.05092	0.06228	0.01428	0.00856	0.00233	0.00393	0.01253	0.00832	0.00785
126	0.79154	0.01436	0.01091	0.00976	0.01436	0.01665	0.00804	0.02182	0.01263	0.03331	0.01034	0.01206	0.00804	0.00689	0.00459	0.00230	0.00574	0.00402	0.00459	0.00804
127	0.03166	0.01441	0.01822	0.01406	0.01978	0.01365	0.01159	0.16274	0.05188	0.53938	0.02703	0.02388	0.01741	0.00917	0.00746	0.00229	0.00667	0.00735	0.00877	0.01259
128	0.03331	0.01263	0.01723	0.01321	0.01895	0.01091	0.01091	0.03618	0.02125	0.69794	0.02929	0.02527	0.01838	0.00919	0.00747	0.00230	0.00632	0.00747	0.00919	0.01263
129	0.01061	0.00792	0.01178	0.01178	0.01305	0.00920	0.00909	0.01316	0.01189	0.01712	0.02002	0.02994	0.01889	0.08291	0.68291	0.01174	0.01938	0.00807	0.00400	0.00654
130	0.03259	0.01297	0.01844	0.01404	0.01986	0.01127	0.04086	0.03561	0.02108	0.66710	0.02864	0.02503	0.01805	0.00905	0.00752	0.00231	0.00660	0.00752	0.00894	0.01251
131	0.01019	0.00717	0.00937	0.01036	0.01096	0.00716	0.00722	0.01158	0.01332	0.01785	0.03276	0.34524	0.03767	0.24038	0.10787	0.00546	0.00753	0.10636	0.00580	0.00577
132	0.01837	0.01764	0.03013	0.04557	0.69279	0.01764	0.02278	0.02278	0.01690	0.02425	0.01396	0.01837	0.01176	0.00661	0.00735	0.00220	0.00882	0.00661	0.00367	0.01176

[dist]
# distance from previous block
# <min> <max>
2	5

[block]
# block no. 3 follows, 27 sequences, length 28
# corresponding to MSA columns:
# 249-276
name=unknown_D
#
# <colnr> <probs for GDERKNQSTAVLIFYWHMCP>
#	G	D	E	R	K	N	Q	S	T	A	V	L	I	F	Y	W	H	M	C	P
0	0.25243	0.21134	0.08072	0.01854	0.06685	0.07977	0.12114	0.02296	0.01527	0.02429	0.01165	0.01431	0.00951	0.00694	0.00666	0.00215	0.03714	0.00524	0.00379	0.00929
1	0.02109	0.01471	0.02077	0.29255	0.05884	0.05136	0.04733	0.08295	0.01888	0.20577	0.02093	0.09601	0.01670	0.00963	0.00767	0.00242	0.00845	0.00838	0.00571	0.00985
2	0.01378	0.00737	0.00797	0.00768	0.00969	0.00707	0.00581	0.01705	0.01685	0.06092	0.13448	0.03638	0.09507	0.01074	0.00623	0.00193	0.00364	0.00886	0.54133	0.00715
3	0.01215	0.00829	0.01067	0.00984	0.01194	0.00780	0.00746	0.01651	0.05467	0.06611	0.61941	0.05240	0.06482	0.01459	0.00862	0.00234	0.00378	0.01284	0.00820	0.00755
4	0.01133	0.00795	0.00937	0.00895	0.01134	0.00700	0.00687	0.01399	0.01885	0.07107	0.31280	0.06254	0.36508	0.01679	0.00875	0.00247	0.00399	0.04626	0.00756	0.00703
5	0.01631	0.01033	0.01120	0.01031	0.01312	0.01097	0.00794	0.02544	0.23267	0.07569	0.10472	0.03078	0.02617	0.00992	0.00654	0.00210	0.00445	0.00820	0.38426	0.00890
6	0.01061	0.00795	0.01193	0.01193	0.01326	0.00928	0.00928	0.01326	0.01193	0.01723	0.01988	0.02916	0.01856	0.05568	0.70968	0.01193	0.01988	0.00795	0.00398	0.00663
7	0.01078	0.00724	0.00832	0.00832	0.00840	0.00732	0.00478	0.01094	0.01086	0.01456	0.02318	0.04743	0.02649	0.69852	0.07768	0.00748	0.00795	0.01063	0.00447	0.00462
8	0.79154	0.01436	0.01091	0.00976	0.01436	0.01665	0.00804	0.02182	0.01263	0.03331	0.01034	0.01206	0.00804	0.00689	0.00459	0.00230	0.00574	0.00402	0.00459	0.00804
9	0.01639	0.25244	0.49978	0.01859	0.02816	0.02092	0.02296	0.02312	0.01549	0.02168	0.01241	0.01453	0.00944	0.00684	0.00636	0.00212	0.01005	0.00503	0.00315	0.01053
10	0.79154	0.01436	0.01091	0.00976	0.01436	0.01665	0.00804	0.02182	0.01263	0.03331	0.01034	0.01206	0.00804	0.00689	0.00459	0.00230	0.00574	0.00402	0.00459	0.00804
11	0.03331	0.01263	0.01723	0.01321	0.01895	0.01091	0.01091	0.03618	0.02125	0.69794	0.02929	0.02527	0.01838	0.00919	0.00747	0.00230	0.00632	0.00747	0.00919	0.01263
12	0.03295	0.01320	0.01758	0.01348	0.01923	0.01175	0.01113	0.08017	0.02220	0.65260	0.02849	0.02475	0.01798	0.00917	0.00746	0.00229	0.00645	0.00741	0.00907	0.01263
13	0.02822	0.02079	0.02228	0.01708	0.02302	0.02302	0.01411	0.66804	0.03490	0.04679	0.01782	0.01782	0.01262	0.00891	0.00743	0.00223	0.00817	0.00668	0.00743	0.01262
14	0.01489	0.03840	0.70064	0.02116	0.03213	0.01724	0.02743	0.02351	0.01567	0.02351	0.01332	0.01567	0.00940	0.00705	0.00705	0.00235	0.01097	0.00549	0.00313	0.01097
15	0.79154	0.01436	0.01091	0.00976	0.01436	0.01665	0.00804	0.02182	0.01263	0.03331	0.01034	0.01206	0.00804	0.00689	0.00459	0.00230	0.00574	0.00402	0.00459	0.00804
16	0.01985	0.74357	0.03890	0.01270	0.01905	0.02937	0.01270	0.02223	0.01508	0.01747	0.01032	0.01191	0.00953	0.00635	0.00476	0.00159	0.00794	0.00397	0.00318	0.00953
17	0.03005	0.01213	0.01624	0.01275	0.01787	0.01073	0.01035	0.03348	0.04456	0.59289	0.07495	0.02863	0.02256	0.04632	0.00908	0.00255	0.00615	0.00808	0.00882	0.01180
18	0.01624	0.01624	0.02274	0.01949	0.01949	0.02274	0.01624	0.01787	0.01137	0.01787	0.00975	0.01624	0.00975	0.01299	0.02436	0.00325	0.72552	0.00650	0.00325	0.00812
19	0.03210	0.01237	0.01684	0.01300	0.01853	0.01070	0.01070	0.03500	0.02124	0.66251	0.06425	0.02687	0.02112	0.00951	0.00753	0.00230	0.00617	0.00778	0.00913	0.01234
20	0.06653	0.01271	0.01695	0.01306	0.01875	0.01116	0.01079	0.03555	0.02087	0.66882	0.02846	0.02469	0.01792	0.00909	0.00734	0.00230	0.00629	0.00731	0.00899	0.01243
21	0.01028	0.00698	0.00825	0.00876	0.00888	0.00685	0.00520	0.01066	0.01180	0.01574	0.02856	0.25065	0.03351	0.52814	0.02944	0.00596	0.00635	0.01383	0.00520	0.00495
22	0.02773	0.03538	0.02104	0.01913	0.02295	0.70930	0.01434	0.02964	0.02104	0.01817	0.01148	0.01339	0.00956	0.00765	0.00669	0.00191	0.01339	0.00478	0.00383	0.00861
23	0.01080	0.00720	0.00810	0.00810	0.00810	0.00720	0.00450	0.01080	0.01080	0.01439	0.02339	0.04858	0.02699	0.73910	0.03779	0.00720	0.00720	0.01080	0.00450	0.00450
24	0.07805	0.01318	0.01713	0.01321	0.01890	0.01191	0.01091	0.06963	0.02148	0.62312	0.02754	0.02408	0.01745	0.00904	0.00729	0.00229	0.00638	0.00722	0.00882	0.01236
25	0.03306	0.01303	0.01748	0.01340	0.01915	0.01150	0.01107	0.06716	0.02192	0.66601	0.02873	0.02490	0.01809	0.00917	0.00746	0.00229	0.00641	0.00743	0.00910	0.01263
26	0.01846	0.01595	0.01679	0.01511	0.01930	0.01846	0.01175	0.03945	0.67938	0.03105	0.03022	0.02770	0.02266	0.01007	0.00755	0.00252	0.00588	0.00839	0.00755	0.01175
27	0.00904	0.00646	0.00861	0.01034	0.01077	0.00603	0.00689	0.01034	0.01421	0.01895	0.04092	0.73426	0.04910	0.02326	0.00948	0.00301	0.00431	0.02110	0.00689	0.00603

[dist]
# distance from previous block
# <min> <max>
0	7

[block]
# block no. 4 follows, 27 sequences, length 26
# corresponding to MSA columns:
# 284-309
name=unknown_E
#
# <colnr> <probs for GDERKNQSTAVLIFYWHMCP>
#	G	D	E	R	K	N	Q	S	T	A	V	L	I	F	Y	W	H	M	C	P
0	0.01365	0.00726	0.00784	0.04164	0.01085	0.00739	0.00604	0.01719	0.01585	0.02738	0.06239	0.02891	0.02156	0.00897	0.00551	0.00180	0.00377	0.00728	0.69774	0.00699
1	0.01402	0.01319	0.02227	0.72126	0.05113	0.01649	0.02062	0.01897	0.01484	0.01897	0.01319	0.01979	0.00990	0.00742	0.00742	0.00247	0.00990	0.00660	0.00330	0.00825
2	0.02773	0.03538	0.02104	0.01913	0.02295	0.70930	0.01434	0.02964	0.02104	0.01817	0.01148	0.01339	0.00956	0.00765	0.00669	0.00191	0.01339	0.00478	0.00383	0.00861
3	0.02773	0.03538	0.02104	0.01913	0.02295	0.70930	0.01434	0.02964	0.02104	0.01817	0.01148	0.01339	0.00956	0.00765	0.00669	0.00191	0.01339	0.00478	0.00383	0.00861
4	0.71029	0.01387	0.01103	0.00979	0.01429	0.01583	0.00804	0.02233	0.01324	0.06777	0.01207	0.01359	0.00917	0.00711	0.00478	0.00227	0.00565	0.00436	0.04632	0.00822
5	0.01067	0.00771	0.01069	0.01069	0.01158	0.00860	0.00773	0.01246	0.01156	0.01631	0.02102	0.03545	0.02129	0.27709	0.49201	0.01040	0.01577	0.00887	0.00415	0.00594
6	0.03331	0.01263	0.01723	0.01321	0.01895	0.01091	0.01091	0.03618	0.02125	0.69794	0.02929	0.02527	0.01838	0.00919	0.00747	0.00230	0.00632	0.00747	0.00919	0.01263
7	0.00877	0.00752	0.00752	0.00752	0.01003	0.00627	0.00564	0.01065	0.01692	0.02005	0.07520	0.07144	0.68978	0.01880	0.00877	0.00251	0.00376	0.01567	0.00689	0.00627
8	0.02822	0.02079	0.02228	0.01708	0.02302	0.02302	0.01411	0.66804	0.03490	0.04679	0.01782	0.01782	0.01262	0.00891	0.00743	0.00223	0.00817	0.00668	0.00743	0.01262
9	0.01846	0.01595	0.01679	0.01511	0.01930	0.01846	0.01175	0.03945	0.67938	0.03105	0.03022	0.02770	0.02266	0.01007	0.00755	0.00252	0.00588	0.00839	0.00755	0.01175
10	0.01713	0.01422	0.01633	0.01182	0.01833	0.01167	0.00952	0.10665	0.01804	0.02725	0.01382	0.01572	0.01122	0.00596	0.00576	0.00125	0.00586	0.00471	0.00481	0.67994
11	0.02199	0.01583	0.01742	0.01436	0.01885	0.01725	0.01151	0.30096	0.20878	0.08312	0.14038	0.02821	0.02624	0.01034	0.00758	0.00231	0.00633	0.00841	0.04904	0.01109
12	0.01735	0.03874	0.02474	0.13313	0.19925	0.05847	0.05515	0.06257	0.01606	0.02192	0.01429	0.04361	0.01269	0.01335	0.07224	0.00336	0.19268	0.00715	0.00389	0.00936
13	0.01569	0.12233	0.57150	0.02089	0.03105	0.01882	0.07336	0.02338	0.01574	0.02280	0.01309	0.01554	0.00956	0.00691	0.00690	0.00227	0.01072	0.00555	0.00319	0.01072
14	0.01752	0.02003	0.04380	0.03129	0.03880	0.01877	0.66583	0.02378	0.01752	0.02378	0.01502	0.02003	0.01126	0.00626	0.00876	0.00250	0.01252	0.00876	0.00375	0.01001
15	0.01062	0.00789	0.01161	0.01161	0.01282	0.00911	0.00888	0.01305	0.01184	0.01700	0.02018	0.03079	0.01926	0.11287	0.65346	0.01153	0.01882	0.00819	0.00402	0.00645
16	0.05057	0.01588	0.02284	0.35426	0.16664	0.06747	0.04917	0.04692	0.01691	0.05805	0.01505	0.01953	0.01147	0.00745	0.00713	0.00230	0.00915	0.00653	0.06335	0.00934
17	0.79154	0.01436	0.01091	0.00976	0.01436	0.01665	0.00804	0.02182	0.01263	0.03331	0.01034	0.01206	0.00804	0.00689	0.00459	0.00230	0.00574	0.00402	0.00459	0.00804
18	0.01985	0.74357	0.03890	0.01270	0.01905	0.02937	0.01270	0.02223	0.01508	0.01747	0.01032	0.01191	0.00953	0.00635	0.00476	0.00159	0.00794	0.00397	0.00318	0.00953
19	0.75071	0.01426	0.01125	0.00995	0.01460	0.01634	0.00819	0.02260	0.01310	0.06910	0.01136	0.01277	0.00860	0.00701	0.00475	0.00230	0.00577	0.00421	0.00484	0.00829
20	0.00894	0.00753	0.00774	0.00769	0.01013	0.00634	0.00577	0.01097	0.01730	0.02096	0.13229	0.06996	0.63214	0.01846	0.00877	0.00249	0.00374	0.01546	0.00701	0.00634
21	0.09955	0.01278	0.01668	0.01291	0.01855	0.01141	0.01066	0.03492	0.02050	0.63987	0.02763	0.02411	0.01747	0.00899	0.00721	0.00230	0.00627	0.00716	0.00879	0.01223
22	0.38829	0.01418	0.01473	0.01194	0.01717	0.01470	0.00986	0.08689	0.01845	0.32717	0.01936	0.01840	0.01301	0.00809	0.00612	0.00229	0.00622	0.00578	0.00687	0.01048
23	0.01478	0.01401	0.02349	0.58795	0.14813	0.01693	0.02076	0.01951	0.01501	0.01973	0.01317	0.01942	0.01018	0.00753	0.00813	0.00247	0.04007	0.00660	0.00335	0.00878
24	0.64733	0.01403	0.01211	0.01042	0.01523	0.01556	0.00859	0.02455	0.01427	0.15971	0.01394	0.01457	0.01001	0.00733	0.00514	0.00230	0.00585	0.00468	0.00547	0.00891
25	0.01751	0.01334	0.01589	0.01185	0.01774	0.01104	0.00949	0.05767	0.01686	0.08800	0.01632	0.05493	0.01377	0.00728	0.00673	0.00146	0.03333	0.00579	0.00511	0.59589

[dist]
# distance from previous block
# <min> <max>
0	1

[block]
# block no. 5 follows, 27 sequences, length 30
# corresponding to MSA columns:
# 311-340
name=unknown_F
#
# <colnr> <probs for GDERKNQSTAVLIFYWHMCP>
#	G	D	E	R	K	N	Q	S	T	A	V	L	I	F	Y	W	H	M	C	P
0	0.34810	0.01428	0.01518	0.01222	0.01750	0.01468	0.01008	0.10207	0.01922	0.34744	0.02010	0.01893	0.01342	0.00820	0.00627	0.00229	0.00629	0.00594	0.00708	0.01072
1	0.01063	0.00784	0.01137	0.01137	0.01250	0.00897	0.00858	0.01289	0.01176	0.01682	0.02040	0.03202	0.01980	0.15620	0.61085	0.01123	0.01802	0.00837	0.00405	0.00631
2	0.79154	0.01436	0.01091	0.00976	0.01436	0.01665	0.00804	0.02182	0.01263	0.03331	0.01034	0.01206	0.00804	0.00689	0.00459	0.00230	0.00574	0.00402	0.00459	0.00804
3	0.00921	0.00758	0.00817	0.00851	0.01077	0.00655	0.00655	0.01125	0.01676	0.02026	0.06823	0.11764	0.56257	0.01932	0.00901	0.00266	0.00420	0.09755	0.00689	0.00633
4	0.07727	0.07055	0.04766	0.01501	0.01987	0.09544	0.01268	0.07414	0.10746	0.18347	0.01854	0.01895	0.01371	0.00869	0.00896	0.00220	0.10285	0.00613	0.00582	0.11060
5	0.02228	0.01549	0.01720	0.01480	0.01944	0.01706	0.01170	0.07444	0.49801	0.17863	0.02931	0.02660	0.02115	0.00981	0.00753	0.00245	0.00610	0.00809	0.00791	0.01199
6	0.00904	0.00729	0.00806	0.00838	0.01032	0.00630	0.00609	0.01098	0.01680	0.02097	0.14089	0.21962	0.47054	0.01938	0.00893	0.00260	0.00385	0.01663	0.00705	0.00630
7	0.01402	0.01319	0.02227	0.72126	0.05113	0.01649	0.02062	0.01897	0.01484	0.01897	0.01319	0.01979	0.00990	0.00742	0.00742	0.00247	0.00990	0.00660	0.00330	0.00825
