[name]
unknown

[dist]
# distance from previous block
# <min> <max>
0	30

[block]
# block no. 0 follows, 32 sequences, length 23
# corresponding to MSA columns:
# 45-67
name=unknown_A
#
# <colnr> <probs for GDERKNQSTAVLIFYWHMCP>
#	G	D	E	R	K	N	Q	S	T	A	V	L	I	F	Y	W	H	M	C	P
0	0.00837	0.00632	0.00779	0.00877	0.00987	0.00573	0.00625	0.00995	0.01410	0.01818	0.08294	0.46391	0.24464	0.01925	0.00839	0.00258	0.00388	0.06717	0.00629	0.00562
1	0.01004	0.00770	0.00891	0.00837	0.01045	0.00713	0.00633	0.06347	0.01823	0.02421	0.38073	0.08457	0.31530	0.01489	0.00786	0.00219	0.00361	0.01277	0.00683	0.00642
2	0.00953	0.00785	0.00862	0.00985	0.01046	0.06101	0.00664	0.01069	0.01317	0.01689	0.03424	0.67022	0.04075	0.05407	0.00955	0.00282	0.00464	0.01753	0.00592	0.00556
3	0.81159	0.01298	0.00986	0.00882	0.01298	0.01505	0.00727	0.01972	0.01142	0.03010	0.00934	0.01090	0.00727	0.00623	0.00415	0.00208	0.00519	0.00363	0.00415	0.00727
4	0.75098	0.01290	0.01064	0.06490	0.01550	0.01504	0.00813	0.01953	0.01157	0.02912	0.00954	0.01143	0.00739	0.00626	0.00435	0.00209	0.00548	0.00381	0.00406	0.00728
5	0.01251	0.00625	0.00625	0.00625	0.00782	0.00625	0.00469	0.01563	0.01407	0.02502	0.02189	0.02502	0.01720	0.00782	0.00469	0.00156	0.00313	0.00625	0.80144	0.00625
6	0.81159	0.01298	0.00986	0.00882	0.01298	0.01505	0.00727	0.01972	0.01142	0.03010	0.00934	0.01090	0.00727	0.00623	0.00415	0.00208	0.00519	0.00363	0.00415	0.00727
7	0.00976	0.00651	0.00732	0.00732	0.00732	0.00651	0.00407	0.00976	0.00976	0.01301	0.02114	0.04391	0.02439	0.76419	0.03415	0.00651	0.00651	0.00976	0.00407	0.00407
8	0.00802	0.00680	0.00692	0.00689	0.00912	0.00570	0.00517	0.00980	0.01550	0.01861	0.10365	0.06378	0.68363	0.01681	0.00793	0.00226	0.00339	0.01405	0.00629	0.00570
9	0.81159	0.01298	0.00986	0.00882	0.01298	0.01505	0.00727	0.01972	0.01142	0.03010	0.00934	0.01090	0.00727	0.00623	0.00415	0.00208	0.00519	0.00363	0.00415	0.00727
10	0.01267	0.01193	0.02013	0.74806	0.04621	0.01491	0.01863	0.01714	0.01342	0.01714	0.01193	0.01789	0.00894	0.00671	0.00671	0.00224	0.00894	0.00596	0.00298	0.00745
11	0.02396	0.03015	0.01918	0.01732	0.02041	0.66129	0.01315	0.02567	0.01809	0.01639	0.01021	0.01237	0.00866	0.00743	0.00774	0.00186	0.09051	0.00449	0.00340	0.00773
12	0.00835	0.00595	0.00791	0.00935	0.00980	0.00559	0.00632	0.00961	0.01303	0.01740	0.05766	0.69286	0.04416	0.04385	0.00936	0.00284	0.00403	0.04029	0.00620	0.00546
13	0.01000	0.00692	0.00901	0.00857	0.01020	0.00635	0.00639	0.01293	0.01837	0.04848	0.61776	0.10744	0.08363	0.01425	0.00793	0.00216	0.00332	0.01260	0.00728	0.00640
14	0.01682	0.16441	0.27235	0.01577	0.02205	0.01829	0.03640	0.09164	0.15096	0.04691	0.01552	0.01661	0.01176	0.00741	0.00719	0.00205	0.05908	0.00557	0.02952	0.00969
15	0.00996	0.00767	0.01123	0.01102	0.01205	0.00912	0.00853	0.01212	0.01068	0.01544	0.01755	0.02677	0.01675	0.09782	0.63735	0.00993	0.06922	0.00728	0.00358	0.00595
16	0.00818	0.00584	0.00779	0.00934	0.00973	0.00545	0.00623	0.00934	0.01285	0.01713	0.03698	0.75981	0.04438	0.02102	0.00856	0.00273	0.00389	0.01908	0.00623	0.00545
17	0.00972	0.00684	0.00823	0.00824	0.00998	0.00606	0.00604	0.01183	0.01614	0.05964	0.27300	0.22549	0.30133	0.01641	0.00801	0.00232	0.00357	0.01427	0.00673	0.00615
18	0.01824	0.19864	0.20069	0.03759	0.13289	0.05384	0.01651	0.11858	0.08936	0.05109	0.01413	0.01549	0.01085	0.00679	0.00603	0.00192	0.00804	0.00529	0.00413	0.00990
19	0.02437	0.03152	0.04409	0.01818	0.04535	0.68706	0.01364	0.02638	0.01872	0.01678	0.01051	0.01233	0.00871	0.00686	0.00608	0.00175	0.01188	0.00440	0.00343	0.00795
20	0.05380	0.47703	0.19181	0.01382	0.02005	0.08105	0.01459	0.02074	0.01397	0.01777	0.01002	0.01181	0.00853	0.00623	0.00557	0.00170	0.03577	0.00405	0.00297	0.00873
21	0.00818	0.00584	0.00779	0.00934	0.00973	0.00545	0.00623	0.00934	0.01285	0.01713	0.03698	0.75981	0.04438	0.02102	0.00856	0.00273	0.00389	0.01908	0.00623	0.00545
22	0.01696	0.01000	0.01238	0.01060	0.01369	0.00980	0.00832	0.07572	0.11465	0.20505	0.39327	0.03708	0.04152	0.01127	0.00737	0.00212	0.00444	0.00967	0.00749	0.00861

[dist]
# distance from previous block
# <min> <max>
0	16

[block]
# block no. 1 follows, 32 sequences, length 25
# corresponding to MSA columns:
# 84-108
name=unknown_B
#
# <colnr> <probs for GDERKNQSTAVLIFYWHMCP>
#	G	D	E	R	K	N	Q	S	T	A	V	L	I	F	Y	W	H	M	C	P
0	0.06505	0.04197	0.07552	0.06787	0.02496	0.01893	0.13053	0.41076	0.02435	0.05251	0.01479	0.01616	0.01064	0.00726	0.00668	0.00207	0.00818	0.00609	0.00539	0.01031
1	0.06622	0.01462	0.13438	0.05415	0.04223	0.01217	0.03602	0.04374	0.03781	0.11050	0.01726	0.02361	0.01467	0.14354	0.14228	0.00443	0.05217	0.00674	0.03557	0.00789
2	0.00835	0.00661	0.00752	0.00772	0.00943	0.00578	0.00563	0.01029	0.01566	0.02000	0.21611	0.20742	0.42158	0.01706	0.00806	0.00233	0.00345	0.01471	0.00650	0.00578
3	0.01317	0.01237	0.02057	0.65832	0.10514	0.01506	0.01851	0.01813	0.03923	0.01797	0.01255	0.01804	0.00952	0.00673	0.00671	0.00222	0.00872	0.00602	0.00315	0.00785
4	0.00924	0.00681	0.00865	0.00827	0.00989	0.00621	0.00617	0.01214	0.01827	0.02539	0.60816	0.08205	0.14490	0.01444	0.00794	0.00216	0.00323	0.01268	0.00719	0.00621
5	0.01207	0.00745	0.00968	0.00879	0.01088	0.00675	0.00671	0.01507	0.01877	0.11740	0.58501	0.04754	0.10132	0.01323	0.00776	0.00212	0.00351	0.01157	0.00743	0.00695
6	0.01794	0.76823	0.03516	0.01148	0.01722	0.02655	0.01148	0.02009	0.01363	0.01579	0.00933	0.01076	0.00861	0.00574	0.00431	0.00144	0.00718	0.00359	0.00287	0.00861
7	0.01661	0.01594	0.02724	0.04119	0.72233	0.01594	0.02059	0.02059	0.01528	0.02192	0.01262	0.01661	0.01063	0.00598	0.00664	0.00199	0.00797	0.00598	0.00332	0.01063
8	0.01273	0.00999	0.01139	0.01048	0.01299	0.01068	0.00802	0.02253	0.30923	0.02726	0.38002	0.03784	0.04213	0.01137	0.00723	0.00214	0.00406	0.00982	0.06193	0.00813
9	0.01391	0.01193	0.01391	0.00994	0.01590	0.00894	0.00795	0.01690	0.01391	0.02186	0.01193	0.01391	0.00994	0.00497	0.00497	0.00099	0.00497	0.00398	0.00398	0.80521
10	0.01391	0.01193	0.01391	0.00994	0.01590	0.00894	0.00795	0.01690	0.01391	0.02186	0.01193	0.01391	0.00994	0.00497	0.00497	0.00099	0.00497	0.00398	0.00398	0.80521
11	0.01542	0.01743	0.03785	0.02724	0.03368	0.01634	0.66006	0.02083	0.01567	0.02125	0.01486	0.05874	0.01205	0.00650	0.00795	0.00229	0.01091	0.00853	0.00355	0.00885
12	0.01189	0.00933	0.01123	0.01143	0.01352	0.00985	0.00907	0.01958	0.23242	0.02310	0.14336	0.16707	0.06450	0.01517	0.00812	0.00259	0.00495	0.22880	0.00658	0.00745
13	0.03010	0.01142	0.01557	0.01194	0.01713	0.00986	0.00986	0.03270	0.01920	0.72698	0.02647	0.02284	0.01661	0.00830	0.00675	0.00208	0.00571	0.00675	0.00830	0.01142
14	0.01148	0.00589	0.00861	0.00861	0.00861	0.00589	0.00566	0.00884	0.00884	0.01178	0.01255	0.02261	0.01286	0.09317	0.02697	0.72951	0.00589	0.00620	0.00302	0.00302
15	0.00828	0.00589	0.00775	0.00920	0.00957	0.00552	0.00608	0.00937	0.01263	0.01684	0.03589	0.71042	0.04300	0.07229	0.01033	0.00299	0.00407	0.01843	0.00608	0.00535
16	0.02506	0.03198	0.01901	0.01729	0.02074	0.73725	0.01296	0.02679	0.01901	0.01642	0.01037	0.01210	0.00864	0.00691	0.00605	0.00173	0.01210	0.00432	0.00346	0.00778
17	0.01940	0.09000	0.15837	0.06950	0.09055	0.01651	0.03895	0.16872	0.03432	0.12826	0.01510	0.01640	0.01103	0.00702	0.00679	0.00195	0.03166	0.00559	0.00475	0.08512
18	0.01645	0.01807	0.11510	0.18609	0.22622	0.06501	0.08155	0.02213	0.07635	0.06661	0.01511	0.03801	0.01195	0.00720	0.00712	0.00214	0.02520	0.00646	0.00390	0.00932
19	0.01481	0.01472	0.02217	0.01832	0.01944	0.01924	0.10416	0.01761	0.03925	0.01775	0.01080	0.01604	0.00986	0.01065	0.01873	0.00276	0.58867	0.00623	0.04115	0.00765
20	0.03656	0.01686	0.02643	0.02125	0.05995	0.03929	0.28653	0.13095	0.17841	0.04441	0.01777	0.02093	0.01375	0.00770	0.00796	0.00225	0.04394	0.03047	0.00493	0.00966
21	0.04290	0.01809	0.12374	0.09341	0.34328	0.01554	0.14281	0.02192	0.03924	0.07334	0.01407	0.01721	0.01077	0.00632	0.00678	0.00210	0.00858	0.00622	0.00375	0.00991
22	0.01808	0.00934	0.01170	0.01023	0.01338	0.00875	0.00804	0.04775	0.05824	0.28524	0.11336	0.11898	0.13650	0.01401	0.04198	0.00260	0.00530	0.02615	0.06193	0.00845
23	0.00976	0.00651	0.00732	0.00732	0.00732	0.00651	0.00407	0.00976	0.00976	0.01301	0.02114	0.04391	0.02439	0.76419	0.03415	0.00651	0.00651	0.00976	0.00407	0.00407
24	0.04483	0.09976	0.32666	0.01924	0.09123	0.12025	0.05057	0.02356	0.01567	0.12678	0.01375	0.01515	0.01000	0.00660	0.00621	0.00198	0.00905	0.00520	0.00387	0.00964

[dist]
# distance from previous block
# <min> <max>
0	2

[block]
# block no. 2 follows, 32 sequences, length 22
# corresponding to MSA columns:
# 111-132
name=unknown_C
#
# <colnr> <probs for GDERKNQSTAVLIFYWHMCP>
#	G	D	E	R	K	N	Q	S	T	A	V	L	I	F	Y	W	H	M	C	P
0	0.01276	0.01263	0.05018	0.23217	0.11680	0.04346	0.03151	0.04803	0.01530	0.02002	0.05752	0.16886	0.12200	0.01124	0.00723	0.00224	0.00681	0.00991	0.02381	0.00751
1	0.00923	0.00670	0.00871	0.00853	0.00995	0.00617	0.00627	0.01203	0.01789	0.02506	0.58876	0.16298	0.08257	0.01499	0.00802	0.00221	0.00329	0.01330	0.00716	0.00617
2	0.01420	0.10103	0.56411	0.01847	0.02706	0.01698	0.05184	0.02158	0.04717	0.02081	0.01242	0.01456	0.00917	0.00668	0.00706	0.00211	0.04689	0.00513	0.00306	0.00966
3	0.00974	0.00658	0.00769	0.00769	0.00782	0.00671	0.00453	0.01000	0.00987	0.01329	0.02080	0.04201	0.02357	0.68685	0.11036	0.00697	0.00775	0.00948	0.00401	0.00427
4	0.01561	0.01339	0.02242	0.13377	0.40635	0.01368	0.06491	0.01957	0.01494	0.04604	0.01495	0.01883	0.01190	0.00652	0.00635	0.00196	0.00728	0.00620	0.16614	0.00920
5	0.02551	0.01879	0.02014	0.01544	0.02081	0.02081	0.01275	0.69996	0.03155	0.04229	0.01611	0.01611	0.01141	0.00805	0.00671	0.00201	0.00738	0.00604	0.00671	0.01141
6	0.06471	0.01123	0.01484	0.01151	0.01647	0.00992	0.00948	0.03125	0.01859	0.65996	0.02546	0.02241	0.01621	0.00819	0.00653	0.00205	0.00556	0.00658	0.04808	0.01097
7	0.02506	0.03198	0.01901	0.01729	0.02074	0.73725	0.01296	0.02679	0.01901	0.01642	0.01037	0.01210	0.00864	0.00691	0.00605	0.00173	0.01210	0.00432	0.00346	0.00778
8	0.00818	0.00584	0.00779	0.00934	0.00973	0.00545	0.00623	0.00934	0.01285	0.01713	0.03698	0.75981	0.04438	0.02102	0.00856	0.00273	0.00389	0.01908	0.00623	0.00545
9	0.00793	0.00680	0.00680	0.00680	0.00906	0.00566	0.00510	0.00963	0.01529	0.01813	0.06797	0.06457	0.71961	0.01699	0.00793	0.00227	0.00340	0.01416	0.00623	0.00566
10	0.02360	0.02983	0.01797	0.01639	0.01974	0.67468	0.01229	0.02533	0.01870	0.01657	0.01530	0.01659	0.06945	0.00778	0.00621	0.00177	0.01136	0.00516	0.00369	0.00760
11	0.01883	0.01244	0.01520	0.01181	0.01675	0.02851	0.03659	0.06785	0.06237	0.21160	0.02180	0.07724	0.04971	0.00824	0.00625	0.00170	0.00563	0.00692	0.00575	0.33481
12	0.05970	0.05373	0.11903	0.01273	0.01773	0.05123	0.01167	0.02652	0.09972	0.31899	0.13533	0.02454	0.02226	0.00870	0.00661	0.00206	0.00625	0.00703	0.00645	0.00973
13	0.02551	0.01879	0.02014	0.01544	0.02081	0.02081	0.01275	0.69996	0.03155	0.04229	0.01611	0.01611	0.01141	0.00805	0.00671	0.00201	0.00738	0.00604	0.00671	0.01141
14	0.01237	0.00630	0.00647	0.00647	0.00802	0.00636	0.00487	0.01546	0.01391	0.02456	0.02170	0.02508	0.01718	0.00988	0.04020	0.00201	0.00385	0.00630	0.76278	0.00624
15	0.01828	0.01846	0.11797	0.02843	0.25504	0.01546	0.26637	0.04168	0.01640	0.13224	0.01515	0.01780	0.01115	0.00633	0.00709	0.00212	0.00907	0.00668	0.00416	0.01011
16	0.02393	0.02396	0.01841	0.01673	0.05039	0.40674	0.01243	0.17334	0.02099	0.09905	0.01494	0.04687	0.01208	0.00978	0.03845	0.00228	0.01010	0.00579	0.00481	0.00892
17	0.02900	0.01154	0.01548	0.01194	0.01698	0.01019	0.00983	0.06104	0.01974	0.66617	0.05651	0.02374	0.01844	0.00853	0.00680	0.00207	0.00567	0.00695	0.00819	0.01119
18	0.00952	0.00640	0.00739	0.00763	0.00769	0.00634	0.00439	0.00969	0.01023	0.01364	0.02355	0.15283	0.02743	0.65112	0.03026	0.00593	0.00611	0.01118	0.00439	0.00428
19	0.02295	0.10418	0.06091	0.05823	0.05278	0.04706	0.04279	0.14487	0.01939	0.29195	0.03771	0.03671	0.01467	0.00801	0.00692	0.00203	0.02641	0.00643	0.00589	0.01008
20	0.01731	0.08198	0.01636	0.01146	0.01620	0.01372	0.00943	0.18485	0.08543	0.05377	0.04976	0.02236	0.04751	0.00791	0.00597	0.00167	0.00558	0.02899	0.06215	0.27760
21	0.07604	0.32120	0.11153	0.01311	0.01790	0.05146	0.01259	0.06034	0.01451	0.05351	0.01200	0.01484	0.01018	0.04044	0.00861	0.00206	0.10727	0.00479	0.03854	0.02906

[dist]
# distance from previous block
# <min> <max>
0	17

[block]
# block no. 3 follows, 32 sequences, length 41
# corresponding to MSA columns:
# 150-190
name=unknown_D
#
# <colnr> <probs for GDERKNQSTAVLIFYWHMCP>
#	G	D	E	R	K	N	Q	S	T	A	V	L	I	F	Y	W	H	M	C	P
0	0.08708	0.01509	0.01750	0.01459	0.05841	0.05600	0.05952	0.17334	0.03729	0.04566	0.04042	0.01677	0.01273	0.00662	0.00586	0.00163	0.00648	0.00539	0.03230	0.30732
1	0.01041	0.00617	0.00804	0.00804	0.00867	0.00586	0.00542	0.00910	0.01067	0.01360	0.02829	0.03528	0.20857	0.10622	0.02208	0.49199	0.00523	0.00858	0.00396	0.00380
2	0.09050	0.52894	0.03083	0.01422	0.05225	0.06178	0.05098	0.06832	0.01518	0.01960	0.01026	0.01192	0.00887	0.00602	0.00487	0.00162	0.00755	0.00417	0.00334	0.00876
3	0.00909	0.00676	0.00890	0.00914	0.01020	0.00698	0.00661	0.01080	0.01223	0.01653	0.07293	0.16231	0.14478	0.15759	0.32670	0.00672	0.01027	0.01113	0.00480	0.00554
4	0.00934	0.00685	0.00876	0.00828	0.00993	0.00627	0.00621	0.01237	0.01863	0.02606	0.65564	0.05152	0.12700	0.01404	0.00792	0.00213	0.00319	0.01233	0.00727	0.00627
5	0.00884	0.00674	0.00755	0.00740	0.00890	0.00607	0.00519	0.01053	0.01495	0.01934	0.24212	0.05520	0.35563	0.20563	0.01458	0.00330	0.00412	0.01246	0.00601	0.00545
6	0.02506	0.03198	0.01901	0.01729	0.02074	0.73725	0.01296	0.02679	0.01901	0.01642	0.01037	0.01210	0.00864	0.00691	0.00605	0.00173	0.01210	0.00432	0.00346	0.00778
7	0.01251	0.00625	0.00625	0.00625	0.00782	0.00625	0.00469	0.01563	0.01407	0.02502	0.02189	0.02502	0.01720	0.00782	0.00469	0.00156	0.00313	0.00625	0.80144	0.00625
8	0.03010	0.01142	0.01557	0.01194	0.01713	0.00986	0.00986	0.03270	0.01920	0.72698	0.02647	0.02284	0.01661	0.00830	0.00675	0.00208	0.00571	0.00675	0.00830	0.01142
9	0.46931	0.01210	0.01158	0.00975	0.01398	0.01293	0.00799	0.05520	0.01485	0.22710	0.01583	0.01601	0.01115	0.00707	0.00506	0.00202	0.00522	0.00490	0.08941	0.00853
10	0.01346	0.03471	0.72942	0.01912	0.02904	0.01558	0.02479	0.02125	0.01417	0.02125	0.01204	0.01417	0.00850	0.00637	0.00637	0.00212	0.00992	0.00496	0.00283	0.00992
11	0.01669	0.01441	0.01517	0.01365	0.01745	0.01669	0.01062	0.03565	0.71021	0.02807	0.02731	0.02503	0.02048	0.00910	0.00683	0.00228	0.00531	0.00759	0.00683	0.01062
12	0.01532	0.01463	0.02491	0.27210	0.50146	0.01560	0.01995	0.01947	0.01467	0.02036	0.01239	0.01703	0.01008	0.00622	0.00666	0.00207	0.00829	0.00597	0.00321	0.00959
13	0.05377	0.01153	0.01316	0.01099	0.01461	0.01142	0.00858	0.18506	0.03510	0.06378	0.06633	0.12583	0.02090	0.04998	0.06823	0.00282	0.00640	0.00806	0.05111	0.19234
14	0.59395	0.01644	0.01195	0.01062	0.01465	0.14999	0.00850	0.03859	0.01371	0.05391	0.01068	0.01208	0.00824	0.00652	0.00468	0.00200	0.00650	0.00401	0.02536	0.00760
15	0.01543	0.01739	0.03739	0.02700	0.03324	0.01653	0.64089	0.02072	0.01550	0.02110	0.01454	0.05393	0.01179	0.00661	0.00844	0.00231	0.03648	0.00839	0.00352	0.00882
16	0.01744	0.07981	0.01693	0.01338	0.01741	0.01722	0.01066	0.03416	0.61637	0.06065	0.02571	0.02369	0.01926	0.00877	0.00660	0.00219	0.00549	0.00720	0.00655	0.01048
17	0.01719	0.64619	0.15067	0.01275	0.01919	0.02473	0.01370	0.02028	0.01372	0.01670	0.00978	0.01133	0.00859	0.00585	0.00465	0.00155	0.00763	0.00382	0.00286	0.00883
18	0.01920	0.01176	0.01446	0.01059	0.01630	0.00924	0.00858	0.02206	0.01564	0.25221	0.01668	0.01683	0.01212	0.00606	0.00555	0.00135	0.00521	0.00488	0.00539	0.54590
19	0.00938	0.00685	0.00880	0.00832	0.00995	0.00628	0.00624	0.01243	0.01871	0.02624	0.66941	0.05122	0.11311	0.01397	0.00792	0.00212	0.00318	0.01229	0.00730	0.00628
20	0.00959	0.00719	0.01078	0.01078	0.01198	0.00839	0.00839	0.01198	0.01078	0.01558	0.01797	0.02636	0.01677	0.05032	0.73760	0.01078	0.01797	0.00719	0.00359	0.00599
21	0.01802	0.01723	0.08502	0.09937	0.36331	0.04833	0.09951	0.02225	0.01576	0.11950	0.01473	0.01762	0.01118	0.00647	0.00671	0.00205	0.00836	0.00616	0.02854	0.00992
22	0.01346	0.03471	0.72942	0.01912	0.02904	0.01558	0.02479	0.02125	0.01417	0.02125	0.01204	0.01417	0.00850	0.00637	0.00637	0.00212	0.00992	0.00496	0.00283	0.00992
23	0.81159	0.01298	0.00986	0.00882	0.01298	0.01505	0.00727	0.01972	0.01142	0.03010	0.00934	0.01090	0.00727	0.00623	0.00415	0.00208	0.00519	0.00363	0.00415	0.00727
24	0.00802	0.00680	0.00692	0.00689	0.00912	0.00570	0.00517	0.00980	0.01551	0.01863	0.10521	0.06375	0.68206	0.01681	0.00793	0.00226	0.00339	0.01405	0.00630	0.00570
25	0.00965	0.00745	0.01032	0.01050	0.01121	0.00831	0.00774	0.01137	0.01230	0.01724	0.09979	0.30252	0.03177	0.08709	0.24998	0.00561	0.09416	0.01221	0.00495	0.00583
26	0.01729	0.01708	0.02549	0.03679	0.60260	0.07351	0.01908	0.02245	0.07848	0.02204	0.01377	0.01701	0.01136	0.00634	0.00661	0.00200	0.00806	0.00599	0.00365	0.01040
27	0.00825	0.00590	0.00785	0.00929	0.00975	0.00550	0.00623	0.00953	0.01320	0.01769	0.07599	0.71921	0.04546	0.02060	0.00853	0.00269	0.00385	0.01868	0.00629	0.00550
28	0.02536	0.01837	0.01979	0.01525	0.02055	0.02026	0.01257	0.65146	0.05556	0.06696	0.01689	0.01668	0.01193	0.00810	0.00672	0.00203	0.00725	0.00612	0.00678	0.01138
29	0.00943	0.00708	0.00873	0.00944	0.01089	0.00664	0.00718	0.03519	0.01534	0.01986	0.10734	0.32099	0.23254	0.01821	0.00842	0.00260	0.00432	0.16350	0.00634	0.00596
30	0.02402	0.06595	0.01947	0.01670	0.02030	0.64227	0.01270	0.02722	0.07703	0.01737	0.01175	0.01313	0.00964	0.00704	0.00603	0.00176	0.01129	0.00456	0.00371	0.00806
31	0.01258	0.00681	0.00715	0.00690	0.00861	0.00681	0.00522	0.04094	0.01541	0.02593	0.11885	0.02818	0.02341	0.00865	0.00522	0.00166	0.00329	0.00707	0.66085	0.00646
32	0.02917	0.01122	0.01520	0.01172	0.01679	0.00968	0.00966	0.03173	0.01904	0.69702	0.02823	0.02460	0.04632	0.00867	0.00680	0.00208	0.00561	0.00706	0.00822	0.01118
33	0.01853	0.01978	0.02548	0.06627	0.13843	0.20196	0.20790	0.04645	0.06793	0.03764	0.01499	0.02013	0.01237	0.00756	0.00777	0.00215	0.04548	0.04631	0.00400	0.00888
34	0.01556	0.02594	0.37876	0.02071	0.02795	0.04703	0.20382	0.02138	0.01467	0.06084	0.01347	0.03365	0.01032	0.00724	0.00852	0.00224	0.08893	0.00627	0.00342	0.00929
35	0.02636	0.01159	0.01468	0.01159	0.01620	0.01083	0.00946	0.09371	0.06382	0.51958	0.02490	0.02264	0.01645	0.00826	0.00646	0.00201	0.00548	0.00667	0.11865	0.01065
36	0.02723	0.01144	0.01510	0.01188	0.01662	0.01034	0.00969	0.06798	0.04507	0.59202	0.07118	0.05088	0.02049	0.00913	0.00689	0.00211	0.00556	0.00753	0.00803	0.01084
37	0.01779	0.01872	0.02319	0.06325	0.35950	0.18727	0.05692	0.04373	0.01631	0.02042	0.01471	0.07905	0.01353	0.00803	0.00729	0.00208	0.03192	0.02345	0.00376	0.00909
38	0.01178	0.01060	0.01720	0.01546	0.04104	0.01113	0.14457	0.01457	0.01423	0.01966	0.07650	0.18797	0.11067	0.01376	0.01044	0.00253	0.13465	0.10408	0.05226	0.00690
39	0.16595	0.01646	0.02214	0.14611	0.23635	0.10299	0.10320	0.02013	0.01451	0.02163	0.01236	0.03814	0.01038	0.00681	0.00671	0.00207	0.02904	0.00592	0.00355	0.03558
40	0.01343	0.00786	0.01013	0.00915	0.01142	0.00725	0.00700	0.01688	0.04183	0.15172	0.48911	0.07868	0.07409	0.01285	0.00758	0.00213	0.00374	0.01121	0.03664	0.00732

[dist]
# distance from previous block
# <min> <max>
0	1

[block]
# block no. 4 follows, 32 sequences, length 11
# corresponding to MSA columns:
# 192-202
name=unknown_E
#
# <colnr> <probs for GDERKNQSTAVLIFYWHMCP>
#	G	D	E	R	K	N	Q	S	T	A	V	L	I	F	Y	W	H	M	C	P
0	0.01329	0.01234	0.01976	0.48520	0.09212	0.01538	0.01707	0.01702	0.01308	0.01782	0.01285	0.01999	0.01071	0.00818	0.00967	0.00236	0.15159	0.03501	0.03898	0.00758
1	0.00948	0.00690	0.00970	0.00986	0.01071	0.00766	0.00720	0.01121	0.01077	0.01517	0.02067	0.10708	0.02136	0.20616	0.50466	0.00899	0.01395	0.00901	0.00398	0.00551
2	0.00884	0.00678	0.00810	0.00788	0.00965	0.00603	0.00587	0.01135	0.01728	0.02310	0.43931	0.09490	0.30591	0.01534	0.00796	0.00220	0.00329	0.01327	0.00689	0.00603
3	0.01346	0.03471	0.72942	0.01912	0.02904	0.01558	0.02479	0.02125	0.01417	0.02125	0.01204	0.01417	0.00850	0.00637	0.00637	0.00212	0.00992	0.00496	0.00283	0.00992
4	0.00824	0.00641	0.00751	0.00824	0.00961	0.00569	0.00590	0.00983	0.01439	0.01820	0.08510	0.37441	0.35795	0.01869	0.00827	0.00250	0.00372	0.04344	0.00629	0.00562
5	0.02551	0.01879	0.02014	0.01544	0.02081	0.02081	0.01275	0.69996	0.03155	0.04229	0.01611	0.01611	0.01141	0.00805	0.00671	0.00201	0.00738	0.00604	0.00671	0.01141
6	0.02357	0.01736	0.01870	0.01483	0.01980	0.01926	0.01209	0.50426	0.19729	0.07253	0.01937	0.01863	0.01389	0.00832	0.00674	0.00208	0.00679	0.00645	0.00682	0.01122
7	0.70692	0.01273	0.01010	0.00895	0.01296	0.01464	0.00734	0.05418	0.01266	0.03032	0.01070	0.01231	0.00828	0.00645	0.00433	0.00203	0.00514	0.00397	0.06860	0.00740
8	0.01950	0.02055	0.02170	0.01853	0.05110	0.26683	0.14691	0.09954	0.01768	0.02197	0.01339	0.01636	0.01075	0.00756	0.00849	0.00202	0.11109	0.00582	0.13196	0.00826
9	0.00999	0.00716	0.00951	0.01044	0.01172	0.00696	0.00841	0.01244	0.01508	0.01997	0.15184	0.14698	0.08098	0.10356	0.01174	0.00323	0.00528	0.37270	0.00615	0.00585
10	0.01911	0.01579	0.01453	0.01276	0.01560	0.17628	0.00997	0.17238	0.01847	0.07555	0.01707	0.02206	0.01422	0.03523	0.09446	0.06787	0.04054	0.03608	0.13421	0.00782

[dist]
# distance from previous block
# <min> <max>
4	5

[block]
# block no. 5 follows, 32 sequences, length 29
# corresponding to MSA columns:
# 208-236
name=unknown_F
#
# <colnr> <probs for GDERKNQSTAVLIFYWHMCP>
#	G	D	E	R	K	N	Q	S	T	A	V	L	I	F	Y	W	H	M	C	P
0	0.06392	0.01189	0.01399	0.03630	0.01679	0.00981	0.00853	0.03630	0.01495	0.09238	0.04466	0.01641	0.01280	0.00590	0.00533	0.00129	0.00518	0.00471	0.00460	0.59425
1	0.01310	0.01270	0.02031	0.01707	0.01852	0.01538	0.14232	0.01534	0.01215	0.01772	0.01764	0.21356	0.01880	0.01292	0.01518	0.00271	0.38710	0.00978	0.03059	0.00713
2	0.01751	0.01627	0.02531	0.05766	0.59123	0.05231	0.01899	0.04565	0.01627	0.04856	0.03673	0.01775	0.01249	0.00647	0.00666	0.00199	0.00794	0.00613	0.00376	0.01030
3	0.01346	0.03471	0.72942	0.01912	0.02904	0.01558	0.02479	0.02125	0.01417	0.02125	0.01204	0.01417	0.00850	0.00637	0.00637	0.00212	0.00992	0.00496	0.00283	0.00992
4	0.01779	0.60233	0.12035	0.01388	0.04451	0.07035	0.01357	0.02068	0.01410	0.01673	0.00985	0.01149	0.00867	0.00590	0.00476	0.00156	0.00786	0.00389	0.00292	0.00879
5	0.11748	0.20762	0.05402	0.00990	0.01388	0.01492	0.00896	0.08421	0.03356	0.05219	0.01629	0.01803	0.01277	0.00708	0.00494	0.00171	0.00536	0.00520	0.32390	0.00799
6	0.01858	0.01610	0.05154	0.02053	0.18785	0.05737	0.06103	0.08174	0.08243	0.11970	0.01813	0.01921	0.04017	0.00703	0.00639	0.00182	0.00706	0.00610	0.00488	0.19234
7	0.09382	0.01121	0.01274	0.01194	0.03979	0.05388	0.02982	0.01963	0.09777	0.10726	0.23131	0.06610	0.09570	0.01214	0.02397	0.00234	0.00545	0.03400	0.02152	0.02964
8	0.01549	0.21124	0.42811	0.01935	0.07708	0.01863	0.06770	0.05103	0.01500	0.02091	0.01171	0.01387	0.00893	0.00621	0.00601	0.00195	0.00909	0.00495	0.00309	0.00965
9	0.01391	0.01193	0.01391	0.00994	0.01590	0.00894	0.00795	0.01690	0.01391	0.02186	0.01193	0.01391	0.00994	0.00497	0.00497	0.00099	0.00497	0.00398	0.00398	0.80521
10	0.01154	0.00587	0.00866	0.00866	0.00866	0.00587	0.00572	0.00880	0.00880	0.01174	0.01223	0.02182	0.01243	0.06821	0.02670	0.75640	0.00587	0.00607	0.00298	0.00298
11	0.06495	0.01427	0.01479	0.01322	0.01705	0.01642	0.01033	0.05982	0.62035	0.02845	0.02701	0.02503	0.04049	0.00913	0.00669	0.00225	0.00533	0.00749	0.00664	0.01030
12	0.06240	0.00983	0.01099	0.01028	0.01235	0.03600	0.00788	0.08688	0.01540	0.07981	0.06897	0.03872	0.04603	0.20766	0.11165	0.00448	0.00759	0.11744	0.05890	0.00672
13	0.00933	0.00953	0.07794	0.00890	0.01153	0.00699	0.00768	0.01242	0.01722	0.02326	0.42068	0.05174	0.28964	0.01416	0.00777	0.00217	0.00390	0.01216	0.00654	0.00644
14	0.20925	0.01221	0.01453	0.01143	0.01639	0.01170	0.00944	0.06884	0.01814	0.52685	0.02193	0.01970	0.01416	0.00781	0.00615	0.00207	0.00569	0.00599	0.00726	0.01047
15	0.01705	0.01512	0.02552	0.12896	0.58717	0.01539	0.01959	0.02100	0.01532	0.07055	0.01350	0.01720	0.01083	0.00623	0.00666	0.00203	0.00794	0.00603	0.00363	0.01028
16	0.01131	0.00861	0.01454	0.01298	0.01462	0.00912	0.10733	0.01269	0.01136	0.01573	0.01714	0.02845	0.01652	0.05089	0.32865	0.22777	0.03126	0.07181	0.00362	0.00559
17	0.01661	0.01594	0.02724	0.04119	0.72233	0.01594	0.02059	0.02059	0.01528	0.02192	0.01262	0.01661	0.01063	0.00598	0.00664	0.00199	0.00797	0.00598	0.00332	0.01063
18	0.01401	0.00999	0.01309	0.08373	0.06541	0.03211	0.00991	0.06188	0.01529	0.11003	0.02903	0.36884	0.06599	0.01636	0.04063	0.00280	0.03517	0.01267	0.00568	0.00736
19	0.01566	0.01758	0.07444	0.05729	0.32589	0.01600	0.32368	0.02055	0.01532	0.02137	0.01379	0.04159	0.01135	0.00638	0.00726	0.00215	0.00948	0.00722	0.00341	0.00960
20	0.01141	0.00767	0.00984	0.00903	0.01101	0.00726	0.00686	0.01558	0.06453	0.07587	0.62491	0.04656	0.05723	0.01304	0.00776	0.00212	0.00348	0.01146	0.00741	0.00697
21	0.01346	0.03471	0.72942	0.01912	0.02904	0.01558	0.02479	0.02125	0.01417	0.02125	0.01204	0.01417	0.00850	0.00637	0.00637	0.00212	0.00992	0.00496	0.00283	0.00992
22	0.01689	0.07315	0.11873	0.07020	0.24481	0.11883	0.13501	0.02095	0.01495	0.01961	0.01168	0.01536	0.00954	0.00680	0.00835	0.00210	0.09489	0.00577	0.00319	0.00915
23	0.01516	0.19163	0.47688	0.01878	0.05118	0.01827	0.07087	0.04589	0.01485	0.02088	0.01173	0.01387	0.00883	0.00623	0.00606	0.00198	0.00926	0.00495	0.00304	0.00965
24	0.00821	0.00593	0.00770	0.00910	0.00960	0.00550	0.00607	0.00938	0.01291	0.01706	0.03860	0.68649	0.09084	0.04645	0.00941	0.00282	0.00395	0.01841	0.00615	0.00542
25	0.09015	0.03285	0.04447	0.02744	0.37597	0.01516	0.03601	0.07350	0.01661	0.14193	0.01628	0.01817	0.03098	0.00698	0.00682	0.00203	0.02657	0.00605	0.00455	0.02749
26	0.05571	0.08084	0.10574	0.03375	0.08636	0.34389	0.01440	0.04461	0.07748	0.03973	0.01426	0.01571	0.02868	0.00727	0.00644	0.00191	0.02537	0.00520	0.00393	0.00873
27	0.00869	0.00691	0.00790	0.00821	0.01013	0.00612	0.00639	0.01081	0.01566	0.01961	0.14781	0.11085	0.46082	0.01710	0.00822	0.00243	0.00391	0.13623	0.00638	0.00583
28	0.01738	0.08183	0.17459	0.01437	0.03960	0.04540	0.01346	0.13857	0.03559	0.05611	0.03283	0.01576	0.01176	0.00648	0.00583	0.00163	0.00704	0.00503	0.00443	0.29230

[dist]
# distance from previous block
# <min> <max>
0	2

[block]
# block no. 6 follows, 32 sequences, length 67
# corresponding to MSA columns:
# 239-258,264-295,312-326
name=unknown_G
#
# <colnr> <probs for GDERKNQSTAVLIFYWHMCP>
#	G	D	E	R	K	N	Q	S	T	A	V	L	I	F	Y	W	H	M	C	P
0	0.00823	0.00586	0.00777	0.00927	0.00964	0.00549	0.00615	0.00936	0.01273	0.01698	0.03641	0.73382	0.04365	0.04800	0.00949	0.00286	0.00399	0.01874	0.00615	0.00540
1	0.01984	0.06245	0.02373	0.05765	0.20611	0.20006	0.08564	0.14233	0.01886	0.02361	0.01278	0.01533	0.01018	0.00656	0.00633	0.00186	0.00891	0.00551	0.02834	0.06391
2	0.00991	0.00747	0.01058	0.01042	0.01128	0.00867	0.00780	0.01173	0.01053	0.01505	0.01814	0.02953	0.01799	0.20430	0.54271	0.00940	0.05749	0.00768	0.00366	0.00565
3	0.01633	0.01355	0.01451	0.01297	0.01650	0.01538	0.01008	0.08769	0.54502	0.02869	0.09281	0.05256	0.02458	0.00984	0.00693	0.00224	0.00517	0.00826	0.02688	0.00998
4	0.00841	0.00682	0.00746	0.00730	0.00936	0.00587	0.00547	0.01056	0.01642	0.02081	0.26667	0.06016	0.51924	0.01599	0.00793	0.00222	0.00333	0.01354	0.00658	0.00587
5	0.00851	0.00628	0.00796	0.00867	0.00970	0.00573	0.00607	0.01032	0.01498	0.02004	0.23395	0.44526	0.16126	0.01830	0.00828	0.00248	0.00361	0.01631	0.00655	0.00573
6	0.01267	0.01193	0.02013	0.74806	0.04621	0.01491	0.01863	0.01714	0.01342	0.01714	0.01193	0.01789	0.00894	0.00671	0.00671	0.00224	0.00894	0.00596	0.00298	0.00745
7	0.01159	0.00946	0.01143	0.00970	0.01340	0.00753	0.00725	0.01384	0.01348	0.01995	0.02207	0.31580	0.02388	0.01147	0.00642	0.00169	0.00453	0.01009	0.00489	0.48152
8	0.11205	0.01178	0.01431	0.01084	0.01620	0.01010	0.00885	0.02532	0.01635	0.38437	0.01909	0.01815	0.01306	0.00682	0.00579	0.00167	0.00537	0.00536	0.00622	0.30829
9	0.00829	0.00675	0.00733	0.00731	0.00931	0.00580	0.00543	0.01027	0.01595	0.01998	0.20764	0.10329	0.53623	0.01652	0.00796	0.00226	0.00338	0.01402	0.00648	0.00580
10	0.00996	0.00704	0.00873	0.00826	0.00996	0.00662	0.00621	0.01355	0.04144	0.02613	0.57379	0.04752	0.10230	0.01314	0.00752	0.00207	0.00325	0.01148	0.09461	0.00642
11	0.00959	0.00719	0.01078	0.01078	0.01198	0.00839	0.00839	0.01198	0.01078	0.01558	0.01797	0.02636	0.01677	0.05032	0.73760	0.01078	0.01797	0.00719	0.00359	0.00599
12	0.81159	0.01298	0.00986	0.00882	0.01298	0.01505	0.00727	0.01972	0.01142	0.03010	0.00934	0.01090	0.00727	0.00623	0.00415	0.00208	0.00519	0.00363	0.00415	0.00727
13	0.01088	0.00829	0.00996	0.01000	0.05130	0.00746	0.00688	0.01394	0.03908	0.02206	0.20219	0.07666	0.19996	0.05886	0.00853	0.00219	0.00411	0.01014	0.12001	0.13751
14	0.81159	0.01298	0.00986	0.00882	0.01298	0.01505	0.00727	0.01972	0.01142	0.03010	0.00934	0.01090	0.00727	0.00623	0.00415	0.00208	0.00519	0.00363	0.00415	0.00727
15	0.01794	0.76823	0.03516	0.01148	0.01722	0.02655	0.01148	0.02009	0.01363	0.01579	0.00933	0.01076	0.00861	0.00574	0.00431	0.00144	0.00718	0.00359	0.00287	0.00861
16	0.01460	0.01390	0.02362	0.40095	0.37822	0.01542	0.01960	0.01884	0.01433	0.01949	0.01227	0.01726	0.00977	0.00635	0.00668	0.00212	0.00847	0.00597	0.00315	0.00901
17	0.01896	0.01841	0.01969	0.20122	0.10342	0.17101	0.01486	0.15921	0.11946	0.02419	0.01530	0.01877	0.01212	0.00790	0.00743	0.00212	0.04623	0.02610	0.00452	0.00908
18	0.52899	0.01243	0.01153	0.01009	0.01394	0.01405	0.00823	0.08790	0.01399	0.08723	0.01294	0.01509	0.01010	0.01418	0.13086	0.00357	0.00765	0.00475	0.00466	0.00781
19	0.00815	0.00592	0.00770	0.00912	0.00967	0.00547	0.00613	0.00937	0.01306	0.01721	0.03965	0.69996	0.10250	0.02067	0.00851	0.00269	0.00385	0.01865	0.00623	0.00547
20	0.08478	0.01135	0.01326	0.01204	0.01554	0.01185	0.00980	0.02657	0.25601	0.20656	0.06810	0.03739	0.04252	0.01129	0.00724	0.00239	0.00543	0.16186	0.00685	0.00915
21	0.01544	0.01203	0.01413	0.01033	0.01610	0.00949	0.00827	0.01935	0.05628	0.08133	0.01407	0.01533	0.01113	0.00550	0.00523	0.00116	0.00505	0.00443	0.00451	0.69084
22	0.01257	0.01176	0.01981	0.72297	0.04505	0.01469	0.01829	0.01697	0.01333	0.01709	0.01213	0.01818	0.00921	0.00819	0.03159	0.00253	0.00925	0.00600	0.00300	0.00740
23	0.00808	0.00620	0.00742	0.00839	0.00948	0.00553	0.00581	0.00945	0.01376	0.01750	0.04856	0.50012	0.29660	0.01952	0.00833	0.00255	0.00371	0.01724	0.00623	0.00553
24	0.00886	0.00671	0.00821	0.00833	0.00991	0.00605	0.00620	0.01122	0.01657	0.02210	0.35951	0.18259	0.25788	0.01630	0.00811	0.00232	0.00354	0.05287	0.00676	0.00596
25	0.04256	0.00807	0.00931	0.00862	0.01113	0.00754	0.00664	0.01522	0.05602	0.10537	0.22425	0.04856	0.34322	0.01682	0.06405	0.00286	0.00492	0.01143	0.00653	0.00689
26	0.37780	0.01288	0.01330	0.01093	0.01556	0.01351	0.00897	0.07346	0.07449	0.30955	0.01817	0.01722	0.01240	0.00743	0.00559	0.00209	0.00556	0.00538	0.00622	0.00950
27	0.17600	0.01255	0.01502	0.01175	0.01677	0.01208	0.00971	0.10630	0.01915	0.51839	0.02208	0.01983	0.01427	0.00789	0.00626	0.00207	0.00580	0.00608	0.00735	0.01064
28	0.00850	0.00668	0.00768	0.00772	0.00949	0.00586	0.00568	0.01062	0.01620	0.02097	0.28515	0.15978	0.39886	0.01646	0.00802	0.00228	0.00339	0.01418	0.00662	0.00586
29	0.00959	0.00719	0.01078	0.01078	0.01198	0.00839	0.00839	0.01198	0.01078	0.01558	0.01797	0.02636	0.01677	0.05032	0.73760	0.01078	0.01797	0.00719	0.00359	0.00599
30	0.01632	0.01589	0.02786	0.08058	0.62602	0.01597	0.07725	0.02047	0.01522	0.02161	0.01266	0.01681	0.01049	0.00599	0.00675	0.00203	0.00831	0.00614	0.00331	0.01031
31	0.01347	0.01414	0.06195	0.01829	0.07655	0.01651	0.04044	0.01593	0.01128	0.01699	0.01193	0.01803	0.01110	0.02089	0.20828	0.00486	0.42247	0.00625	0.00315	0.00748
32	0.00822	0.00602	0.00775	0.00910	0.00977	0.00555	0.00622	0.00952	0.01325	0.01735	0.04098	0.64825	0.13226	0.02042	0.00850	0.00268	0.00390	0.03853	0.00623	0.00550
33	0.62000	0.01716	0.01213	0.01082	0.01487	0.16660	0.00865	0.04436	0.01370	0.02765	0.00979	0.01133	0.00770	0.00643	0.00464	0.00200	0.00671	0.00386	0.00409	0.00752
34	0.01402	0.09505	0.62896	0.01981	0.06979	0.01652	0.02342	0.02111	0.01419	0.02083	0.01185	0.01403	0.00864	0.00630	0.00622	0.00206	0.00957	0.00490	0.00287	0.00985
35	0.01372	0.01091	0.01253	0.01219	0.01487	0.01200	0.00982	0.02484	0.36695	0.02523	0.11376	0.04406	0.03123	0.01257	0.00761	0.00247	0.00520	0.21922	0.05239	0.00845
36	0.01081	0.00772	0.01081	0.01236	0.01390	0.00772	0.01081	0.01390	0.01545	0.02008	0.03553	0.07569	0.03862	0.01854	0.00927	0.00309	0.00618	0.67717	0.00618	0.00618
37	0.01638	0.01571	0.02683	0.08167	0.68361	0.01588	0.02048	0.02040	0.01517	0.02165	0.01258	0.01668	0.01053	0.00602	0.00665	0.00201	0.00803	0.00598	0.00330	0.01045
38	0.00818	0.00584	0.00779	0.00934	0.00973	0.00545	0.00623	0.00934	0.01285	0.01713	0.03698	0.75981	0.04438	0.02102	0.00856	0.00273	0.00389	0.01908	0.00623	0.00545
39	0.00831	0.00590	0.00775	0.00917	0.00953	0.00554	0.00605	0.00938	0.01259	0.01678	0.03565	0.69981	0.04270	0.08330	0.01071	0.00304	0.00411	0.01829	0.00605	0.00533
40	0.01166	0.00583	0.00874	0.00874	0.00874	0.00583	0.00583	0.00874	0.00874	0.01166	0.01166	0.02040	0.01166	0.02331	0.02622	0.80478	0.00583	0.00583	0.00291	0.00291
41	0.29147	0.02024	0.01474	0.01331	0.01710	0.27514	0.01032	0.02702	0.22284	0.02458	0.01508	0.01555	0.01171	0.00733	0.00563	0.00201	0.00771	0.00506	0.00470	0.00845
42	0.12447	0.12407	0.09926	0.01538	0.09664	0.01504	0.01244	0.08315	0.01625	0.14860	0.01425	0.01517	0.01062	0.00639	0.00558	0.00172	0.00656	0.00489	0.00465	0.19486
43	0.01979	0.37025	0.16295	0.01396	0.02018	0.06424	0.01409	0.11229	0.04529	0.09895	0.01342	0.01411	0.01032	0.00666	0.00550	0.00177	0.00779	0.00473	0.00416	0.00957
44	0.00892	0.00637	0.00864	0.01019	0.01091	0.00609	0.00752	0.01063	0.01358	0.01796	0.03657	0.56683	0.04275	0.02032	0.00876	0.00283	0.00454	0.20471	0.00621	0.00566
45	0.11274	0.01330	0.02007	0.25960	0.23876	0.01521	0.01595	0.01888	0.01345	0.06254	0.01281	0.01801	0.01058	0.05058	0.01000	0.00247	0.10711	0.00594	0.00360	0.00842
46	0.00984	0.00711	0.00954	0.01089	0.01215	0.00691	0.00887	0.01219	0.01454	0.01887	0.03822	0.24966	0.09990	0.04776	0.00993	0.00305	0.00536	0.42323	0.00611	0.00586
47	0.02526	0.03079	0.01893	0.01703	0.02061	0.68675	0.01284	0.04964	0.01944	0.04309	0.01115	0.01262	0.00903	0.00700	0.00610	0.00175	0.01171	0.00447	0.00374	0.00803
48	0.01590	0.01358	0.01449	0.01308	0.01663	0.01555	0.01015	0.03313	0.63420	0.02794	0.10335	0.02779	0.02519	0.00961	0.00695	0.00226	0.00507	0.00809	0.00689	0.01015
49	0.00909	0.00681	0.00843	0.00810	0.00980	0.00615	0.00605	0.01185	0.01792	0.02454	0.54495	0.08074	0.21140	0.01474	0.00794	0.00217	0.00325	0.01286	0.00708	0.00615
50	0.01468	0.01468	0.02055	0.01762	0.01762	0.02055	0.01468	0.01615	0.01028	0.01615	0.00881	0.01468	0.00881	0.01174	0.02202	0.00294	0.75191	0.00587	0.00294	0.00734
51	0.00937	0.00685	0.00879	0.00830	0.00994	0.00628	0.00623	0.01241	0.01868	0.02617	0.66425	0.05133	0.11831	0.01399	0.00792	0.00212	0.00319	0.01230	0.00729	0.00628
52	0.01650	0.20279	0.12759	0.22264	0.07091	0.03877	0.05532	0.10861	0.03408	0.02148	0.01303	0.03591	0.01056	0.00696	0.00617	0.00198	0.00838	0.00572	0.00367	0.00893
53	0.01794	0.76823	0.03516	0.01148	0.01722	0.02655	0.01148	0.02009	0.01363	0.01579	0.00933	0.01076	0.00861	0.00574	0.00431	0.00144	0.00718	0.00359	0.00287	0.00861
54	0.00913	0.00657	0.00867	0.00890	0.01010	0.00611	0.00649	0.01166	0.01688	0.02349	0.47141	0.27773	0.05619	0.01626	0.00818	0.00235	0.00353	0.04334	0.00696	0.00604
55	0.01492	0.00719	0.00819	0.00752	0.00968	0.00686	0.00579	0.01797	0.01566	0.14009	0.12920	0.02850	0.02415	0.00880	0.00552	0.00173	0.00356	0.00723	0.55033	0.00711
56	0.07139	0.01217	0.01846	0.41567	0.07490	0.01411	0.01534	0.02060	0.01435	0.16495	0.01488	0.01834	0.01079	0.00742	0.00775	0.00221	0.07002	0.00597	0.03229	0.00840
57	0.02992	0.01172	0.01576	0.01208	0.01728	0.01031	0.00998	0.05977	0.01971	0.69921	0.02605	0.02257	0.01640	0.00829	0.00675	0.00207	0.00578	0.00672	0.00824	0.01142
58	0.00909	0.00703	0.00783	0.00796	0.01008	0.00612	0.00619	0.01112	0.01566	0.03825	0.11814	0.08754	0.52260	0.01683	0.00811	0.00238	0.00386	0.10889	0.00638	0.00594
59	0.01145	0.00583	0.00868	0.00878	0.00880	0.00580	0.00585	0.00878	0.00899	0.01198	0.01318	0.06492	0.01363	0.02317	0.02516	0.75649	0.00571	0.00663	0.00311	0.00307
60	0.01239	0.01410	0.11208	0.01471	0.01724	0.01290	0.09285	0.01618	0.06595	0.01777	0.01918	0.14717	0.01976	0.19685	0.03572	0.00373	0.18100	0.00931	0.00412	0.00699
61	0.00895	0.00643	0.00850	0.00896	0.01001	0.00598	0.00642	0.01123	0.01617	0.02238	0.39669	0.36472	0.05419	0.01709	0.00824	0.00241	0.00358	0.03525	0.00684	0.00594
62	0.08392	0.01028	0.01216	0.01048	0.01395	0.01017	0.00833	0.04076	0.11439	0.30008	0.03903	0.07600	0.01996	0.00986	0.00682	0.02171	0.00494	0.03105	0.17715	0.00896
63	0.01851	0.01913	0.03737	0.03700	0.02138	0.19635	0.12372	0.13770	0.12568	0.02393	0.01955	0.10917	0.03391	0.00939	0.00748	0.00214	0.03380	0.00793	0.02717	0.00869
64	0.01746	0.01847	0.08022	0.34220	0.09053	0.11499	0.03182	0.15176	0.04622	0.02317	0.01325	0.01663	0.00998	0.00698	0.00662	0.00210	0.00898	0.00578	0.00395	0.00889
65	0.01796	0.19390	0.13969	0.01377	0.01982	0.03640	0.03619	0.07744	0.01594	0.09965	0.01313	0.01453	0.01016	0.00647	0.00650	0.00166	0.04978	0.00478	0.00414	0.23807
66	0.01742	0.24499	0.16100	0.04920	0.12390	0.04581	0.09694	0.02150	0.01493	0.08010	0.01266	0.01476	0.00988	0.00612	0.00589	0.00181	0.00825	0.00513	0.00358	0.07612

[dist]
# distance from previous block
# <min> <max>
0	6

[block]
# block no. 7 follows, 32 sequences, length 40
# corresponding to MSA columns:
# 333-372
name=unknown_H
#
# <colnr> <probs for GDERKNQSTAVLIFYWHMCP>
#	G	D	E	R	K	N	Q	S	T	A	V	L	I	F	Y	W	H	M	C	P
0	0.52679	0.01329	0.01355	0.08404	0.03760	0.01487	0.02839	0.04737	0.01293	0.02729	0.01037	0.01269	0.00816	0.00642	0.00555	0.00200	0.03819	0.00428	0.00403	0.10219
1	0.11002	0.02031	0.14455	0.02429	0.05734	0.03643	0.43595	0.02114	0.01489	0.02214	0.01251	0.01626	0.00949	0.00613	0.00768	0.00222	0.03965	0.00668	0.00337	0.00894
2	0.01026	0.00858	0.00915	0.00870	0.01119	0.00835	0.00661	0.01624	0.17750	0.02207	0.17976	0.05269	0.43486	0.01455	0.00767	0.00224	0.00380	0.01226	0.00658	0.00694
3	0.00947	0.00704	0.00983	0.00981	0.01092	0.00778	0.00735	0.01147	0.01135	0.01588	0.05286	0.03332	0.07870	0.15759	0.53517	0.00903	0.01432	0.00839	0.00405	0.00568
4	0.02383	0.02993	0.01920	0.01733	0.02037	0.65229	0.01317	0.02553	0.01798	0.01639	0.01019	0.01241	0.00866	0.00749	0.00794	0.00187	0.09980	0.00451	0.00340	0.00773
5	0.00899	0.00672	0.00835	0.00819	0.00978	0.00608	0.00605	0.01159	0.01742	0.02378	0.49199	0.14158	0.20412	0.01534	0.00800	0.00222	0.00331	0.01344	0.00699	0.00608
6	0.01103	0.00784	0.00941	0.00883	0.01072	0.00781	0.00667	0.01646	0.11740	0.02676	0.50357	0.04234	0.04949	0.01207	0.00722	0.00204	0.00347	0.01050	0.13943	0.00693
7	0.01794	0.76823	0.03516	0.01148	0.01722	0.02655	0.01148	0.02009	0.01363	0.01579	0.00933	0.01076	0.00861	0.00574	0.00431	0.00144	0.00718	0.00359	0.00287	0.00861
8	0.01608	0.45845	0.26885	0.01534	0.05044	0.02165	0.01634	0.02026	0.01395	0.01806	0.01142	0.01474	0.00985	0.00647	0.00530	0.00176	0.00810	0.03088	0.00301	0.00904
9	0.29528	0.01416	0.01499	0.01192	0.01681	0.01491	0.00984	0.22793	0.02024	0.28442	0.01753	0.01675	0.01187	0.00752	0.00585	0.00206	0.00603	0.00547	0.00641	0.01000
10	0.14861	0.28145	0.08624	0.01334	0.01841	0.21179	0.01215	0.04236	0.01587	0.07328	0.03318	0.01372	0.01076	0.00670	0.00530	0.00176	0.00819	0.00449	0.00389	0.00851
11	0.02377	0.01671	0.01825	0.01453	0.01946	0.01834	0.01183	0.44076	0.20844	0.12528	0.02037	0.01931	0.01445	0.00836	0.00675	0.00209	0.00663	0.00654	0.00694	0.01120
12	0.01710	0.01527	0.01536	0.01383	0.01761	0.05162	0.01073	0.03523	0.67670	0.02750	0.02649	0.02441	0.01991	0.00900	0.00679	0.00225	0.00564	0.00743	0.00666	0.01048
13	0.01584	0.01810	0.03959	0.02828	0.03507	0.01697	0.69796	0.02149	0.01584	0.02149	0.01357	0.01810	0.01018	0.00566	0.00792	0.00226	0.01131	0.00792	0.00339	0.00905
14	0.74502	0.01479	0.06987	0.00968	0.01432	0.01510	0.00873	0.01985	0.01165	0.02937	0.00957	0.01117	0.00737	0.00624	0.00434	0.00208	0.00558	0.00374	0.00404	0.00749
