[name]
unknown

[dist]
# distance from previous block
# <min> <max>
0	162

[block]
# block no. 0 follows, 33 sequences, length 16
# corresponding to MSA columns:
# 253-268
name=unknown_A
#
# <colnr> <probs for GDERKNQSTAVLIFYWHMCP>
#	G	D	E	R	K	N	Q	S	T	A	V	L	I	F	Y	W	H	M	C	P
0	0.01070	0.00750	0.01035	0.01178	0.01330	0.00750	0.01027	0.01374	0.01508	0.01998	0.03409	0.07143	0.03669	0.01759	0.00884	0.00295	0.00589	0.64473	0.05154	0.00607
1	0.00801	0.00578	0.00758	0.00902	0.00951	0.00536	0.00605	0.00918	0.01274	0.01686	0.03801	0.72445	0.08232	0.02040	0.00837	0.00265	0.00379	0.01844	0.00611	0.00536
2	0.01544	0.01747	0.03722	0.02683	0.03291	0.01695	0.64357	0.02063	0.01506	0.02063	0.01291	0.01747	0.00987	0.00607	0.00898	0.00228	0.07609	0.00759	0.00329	0.00873
3	0.00778	0.00667	0.00667	0.00667	0.00889	0.00556	0.00500	0.00945	0.01501	0.01778	0.06669	0.06336	0.72490	0.01667	0.00778	0.00222	0.00333	0.01389	0.00611	0.00556
4	0.01554	0.01776	0.03885	0.02775	0.03441	0.01665	0.70366	0.02109	0.01554	0.02109	0.01332	0.01776	0.00999	0.00555	0.00777	0.00222	0.01110	0.00777	0.00333	0.00888
5	0.02503	0.01844	0.01976	0.01515	0.02042	0.02042	0.01251	0.70562	0.03095	0.04149	0.01581	0.01581	0.01120	0.00790	0.00659	0.00198	0.00724	0.00593	0.00659	0.01120
6	0.01629	0.01564	0.02672	0.04041	0.72757	0.01564	0.02020	0.02020	0.01499	0.02151	0.01238	0.01629	0.01043	0.00587	0.00652	0.00196	0.00782	0.00587	0.00326	0.01043
7	0.01243	0.01170	0.01975	0.75282	0.04534	0.01463	0.01828	0.01682	0.01316	0.01682	0.01170	0.01755	0.00878	0.00658	0.00658	0.00219	0.00878	0.00585	0.00293	0.00731
8	0.00957	0.00638	0.00718	0.00718	0.00718	0.00638	0.00399	0.00957	0.00957	0.01276	0.02074	0.04308	0.02393	0.76864	0.03351	0.00638	0.00638	0.00957	0.00399	0.00399
9	0.00940	0.00705	0.01058	0.01058	0.01176	0.00823	0.00823	0.01176	0.01058	0.01528	0.01763	0.02586	0.01646	0.04937	0.74255	0.01058	0.01763	0.00705	0.00353	0.00588
10	0.00800	0.00581	0.00755	0.00895	0.00949	0.00537	0.00601	0.00919	0.01281	0.01689	0.03894	0.70323	0.10294	0.02028	0.00835	0.00263	0.00378	0.01829	0.00611	0.00537
11	0.01760	0.77260	0.03450	0.01126	0.01690	0.02605	0.01126	0.01971	0.01338	0.01549	0.00915	0.01056	0.00845	0.00563	0.00422	0.00141	0.00704	0.00352	0.00282	0.00845
12	0.00932	0.00673	0.00880	0.00828	0.00984	0.00621	0.00621	0.01242	0.01863	0.02640	0.72410	0.04918	0.06212	0.01346	0.00776	0.00207	0.00311	0.01191	0.00725	0.00621
13	0.01629	0.01564	0.02672	0.04041	0.72757	0.01564	0.02020	0.02020	0.01499	0.02151	0.01238	0.01629	0.01043	0.00587	0.00652	0.00196	0.00782	0.00587	0.00326	0.01043
14	0.01554	0.01776	0.03885	0.02775	0.03441	0.01665	0.70366	0.02109	0.01554	0.02109	0.01332	0.01776	0.00999	0.00555	0.00777	0.00222	0.01110	0.00777	0.00333	0.00888
15	0.02459	0.03138	0.01866	0.01696	0.02035	0.74221	0.01272	0.02629	0.01866	0.01611	0.01018	0.01187	0.00848	0.00678	0.00594	0.00170	0.01187	0.00424	0.00339	0.00763

[dist]
# distance from previous block
# <min> <max>
0	1

[block]
# block no. 1 follows, 33 sequences, length 9
# corresponding to MSA columns:
# 270-278
name=unknown_B
#
# <colnr> <probs for GDERKNQSTAVLIFYWHMCP>
#	G	D	E	R	K	N	Q	S	T	A	V	L	I	F	Y	W	H	M	C	P
0	0.01243	0.01170	0.01975	0.75282	0.04534	0.01463	0.01828	0.01682	0.01316	0.01682	0.01170	0.01755	0.00878	0.00658	0.00658	0.00219	0.00878	0.00585	0.00293	0.00731
1	0.70703	0.01259	0.01103	0.10888	0.01712	0.01475	0.00863	0.01901	0.01147	0.02782	0.00951	0.01162	0.00735	0.00617	0.00441	0.00206	0.00559	0.00387	0.00392	0.00715
2	0.01243	0.01170	0.01975	0.75282	0.04534	0.01463	0.01828	0.01682	0.01316	0.01682	0.01170	0.01755	0.00878	0.00658	0.00658	0.00219	0.00878	0.00585	0.00293	0.00731
3	0.00957	0.00638	0.00718	0.00718	0.00718	0.00638	0.00399	0.00957	0.00957	0.01276	0.02074	0.04308	0.02393	0.76864	0.03351	0.00638	0.00638	0.00957	0.00399	0.00399
4	0.00894	0.00768	0.00778	0.00758	0.01000	0.00701	0.00573	0.01289	0.10937	0.01910	0.06132	0.05813	0.62998	0.01563	0.00763	0.00222	0.00359	0.01303	0.00619	0.00621
5	0.01629	0.01564	0.02672	0.04041	0.72757	0.01564	0.02020	0.02020	0.01499	0.02151	0.01238	0.01629	0.01043	0.00587	0.00652	0.00196	0.00782	0.00587	0.00326	0.01043
6	0.00932	0.00673	0.00880	0.00828	0.00984	0.00621	0.00621	0.01242	0.01863	0.02640	0.72410	0.04918	0.06212	0.01346	0.00776	0.00207	0.00311	0.01191	0.00725	0.00621
7	0.02954	0.01120	0.01528	0.01171	0.01681	0.00968	0.00968	0.03208	0.01884	0.73213	0.02597	0.02241	0.01630	0.00815	0.00662	0.00204	0.00560	0.00662	0.00815	0.01120
8	0.01320	0.03405	0.73453	0.01876	0.02849	0.01529	0.02432	0.02085	0.01390	0.02085	0.01181	0.01390	0.00834	0.00625	0.00625	0.00208	0.00973	0.00486	0.00278	0.00973

[dist]
# distance from previous block
# <min> <max>
2	14

[block]
# block no. 2 follows, 33 sequences, length 30
# corresponding to MSA columns:
# 293-322
name=unknown_C
#
# <colnr> <probs for GDERKNQSTAVLIFYWHMCP>
#	G	D	E	R	K	N	Q	S	T	A	V	L	I	F	Y	W	H	M	C	P
0	0.01760	0.77260	0.03450	0.01126	0.01690	0.02605	0.01126	0.01971	0.01338	0.01549	0.00915	0.01056	0.00845	0.00563	0.00422	0.00141	0.00704	0.00352	0.00282	0.00845
1	0.81514	0.01273	0.00968	0.00866	0.01273	0.01477	0.00713	0.01935	0.01120	0.02954	0.00917	0.01069	0.00713	0.00611	0.00407	0.00204	0.00509	0.00356	0.00407	0.00713
2	0.01243	0.01170	0.01975	0.75282	0.04534	0.01463	0.01828	0.01682	0.01316	0.01682	0.01170	0.01755	0.00878	0.00658	0.00658	0.00219	0.00878	0.00585	0.00293	0.00731
3	0.01243	0.01170	0.01975	0.75282	0.04534	0.01463	0.01828	0.01682	0.01316	0.01682	0.01170	0.01755	0.00878	0.00658	0.00658	0.00219	0.00878	0.00585	0.00293	0.00731
4	0.02503	0.01844	0.01976	0.01515	0.02042	0.02042	0.01251	0.70562	0.03095	0.04149	0.01581	0.01581	0.01120	0.00790	0.00659	0.00198	0.00724	0.00593	0.00659	0.01120
5	0.01554	0.01776	0.03885	0.02775	0.03441	0.01665	0.70366	0.02109	0.01554	0.02109	0.01332	0.01776	0.00999	0.00555	0.00777	0.00222	0.01110	0.00777	0.00333	0.00888
6	0.00792	0.00667	0.00687	0.00682	0.00898	0.00562	0.00511	0.00972	0.01534	0.01858	0.12717	0.06205	0.66392	0.01638	0.00778	0.00221	0.00331	0.01371	0.00622	0.00562
7	0.00952	0.00658	0.00820	0.00820	0.00856	0.00694	0.00527	0.01023	0.00988	0.01352	0.01981	0.03790	0.02168	0.55207	0.24700	0.00765	0.00977	0.00881	0.00385	0.00456
8	0.00802	0.00573	0.00764	0.00917	0.00955	0.00535	0.00611	0.00917	0.01260	0.01681	0.03628	0.76434	0.04354	0.02062	0.00840	0.00267	0.00382	0.01872	0.00611	0.00535
9	0.02855	0.01099	0.01496	0.01155	0.01647	0.00951	0.00951	0.03113	0.01883	0.69779	0.05995	0.02371	0.01853	0.00841	0.00668	0.00204	0.00548	0.00688	0.00810	0.01096
10	0.00820	0.00586	0.00785	0.00938	0.00984	0.00551	0.00643	0.00948	0.01279	0.01701	0.03618	0.71530	0.04314	0.02045	0.00845	0.00270	0.00398	0.06594	0.00611	0.00540
11	0.02465	0.01825	0.01955	0.01507	0.02027	0.02024	0.01242	0.67661	0.06058	0.04089	0.01628	0.01618	0.01158	0.00795	0.00659	0.00199	0.00716	0.00599	0.00659	0.01116
12	0.01637	0.01414	0.01489	0.01340	0.01712	0.01637	0.01042	0.03498	0.71568	0.02754	0.02679	0.02456	0.02010	0.00893	0.00670	0.00223	0.00521	0.00744	0.00670	0.01042
13	0.02954	0.01120	0.01528	0.01171	0.01681	0.00968	0.00968	0.03208	0.01884	0.73213	0.02597	0.02241	0.01630	0.00815	0.00662	0.00204	0.00560	0.00662	0.00815	0.01120
14	0.02835	0.01310	0.01645	0.01261	0.01775	0.01249	0.01042	0.20863	0.02202	0.55110	0.02331	0.02068	0.01496	0.00808	0.00661	0.00202	0.00603	0.00644	0.00774	0.01120
15	0.01351	0.08590	0.68539	0.01824	0.02768	0.01604	0.02341	0.02077	0.01386	0.02047	0.01163	0.01366	0.00835	0.00621	0.00611	0.00204	0.00954	0.00477	0.00278	0.00964
16	0.00944	0.00633	0.00722	0.00735	0.00738	0.00629	0.00417	0.00954	0.00983	0.01311	0.02206	0.10400	0.02559	0.70546	0.03139	0.00607	0.00617	0.01035	0.00417	0.00410
17	0.01243	0.01170	0.01975	0.75282	0.04534	0.01463	0.01828	0.01682	0.01316	0.01682	0.01170	0.01755	0.00878	0.00658	0.00658	0.00219	0.00878	0.00585	0.00293	0.00731
18	0.07120	0.64486	0.03149	0.01249	0.04141	0.07415	0.01140	0.02016	0.01365	0.01668	0.00934	0.01086	0.00843	0.00575	0.00441	0.00149	0.00727	0.00365	0.00295	0.00837
19	0.01370	0.01336	0.01881	0.01634	0.01650	0.01848	0.01353	0.01527	0.01015	0.01576	0.00991	0.01602	0.00975	0.01688	0.12359	0.00397	0.65206	0.00594	0.00297	0.00701
20	0.00802	0.00573	0.00764	0.00917	0.00955	0.00535	0.00611	0.00917	0.01260	0.01681	0.03628	0.76434	0.04354	0.02062	0.00840	0.00267	0.00382	0.01872	0.00611	0.00535
21	0.02503	0.01844	0.01976	0.01515	0.02042	0.02042	0.01251	0.70562	0.03095	0.04149	0.01581	0.01581	0.01120	0.00790	0.00659	0.00198	0.00724	0.00593	0.00659	0.01120
22	0.02003	0.01442	0.01586	0.01348	0.01768	0.01597	0.01077	0.17961	0.44015	0.13554	0.02454	0.02394	0.01817	0.00889	0.00674	0.00217	0.00574	0.02884	0.00687	0.01056
23	0.00957	0.00638	0.00718	0.00718	0.00718	0.00638	0.00399	0.00957	0.00957	0.01276	0.02074	0.04308	0.02393	0.76864	0.03351	0.00638	0.00638	0.00957	0.00399	0.00399
24	0.02503	0.01844	0.01976	0.01515	0.02042	0.02042	0.01251	0.70562	0.03095	0.04149	0.01581	0.01581	0.01120	0.00790	0.00659	0.00198	0.00724	0.00593	0.00659	0.01120
25	0.01760	0.77260	0.03450	0.01126	0.01690	0.02605	0.01126	0.01971	0.01338	0.01549	0.00915	0.01056	0.00845	0.00563	0.00422	0.00141	0.00704	0.00352	0.00282	0.00845
26	0.00950	0.00667	0.00863	0.00863	0.00913	0.00717	0.00579	0.01050	0.01000	0.01384	0.01942	0.03576	0.02075	0.46269	0.33510	0.00817	0.01117	0.00850	0.00379	0.00479
27	0.00940	0.00705	0.01058	0.01058	0.01176	0.00823	0.00823	0.01176	0.01058	0.01528	0.01763	0.02586	0.01646	0.04937	0.74255	0.01058	0.01763	0.00705	0.00353	0.00588
28	0.02787	0.01270	0.01599	0.01231	0.01731	0.01204	0.01015	0.18771	0.02147	0.54634	0.02345	0.02095	0.01513	0.00807	0.00654	0.00200	0.00589	0.00644	0.03661	0.01102
29	0.02503	0.01844	0.01976	0.01515	0.02042	0.02042	0.01251	0.70562	0.03095	0.04149	0.01581	0.01581	0.01120	0.00790	0.00659	0.00198	0.00724	0.00593	0.00659	0.01120

[dist]
# distance from previous block
# <min> <max>
6	21

[block]
# block no. 3 follows, 33 sequences, length 15
# corresponding to MSA columns:
# 344-358
name=unknown_D
#
# <colnr> <probs for GDERKNQSTAVLIFYWHMCP>
#	G	D	E	R	K	N	Q	S	T	A	V	L	I	F	Y	W	H	M	C	P
0	0.12018	0.02709	0.01741	0.01560	0.01923	0.55582	0.01188	0.07556	0.06216	0.02031	0.01150	0.01281	0.00924	0.00692	0.00580	0.00179	0.01029	0.00448	0.00391	0.00801
1	0.01382	0.01046	0.01291	0.01240	0.01386	0.01021	0.00912	0.01514	0.01842	0.02618	0.44952	0.17071	0.05177	0.01676	0.01113	0.00301	0.09637	0.04242	0.00756	0.00821
2	0.01755	0.01410	0.01595	0.01250	0.01782	0.01136	0.00952	0.05803	0.01756	0.02649	0.10234	0.02341	0.01983	0.00874	0.00703	0.00193	0.00613	0.00630	0.00575	0.61764
3	0.02066	0.24625	0.36106	0.01780	0.02532	0.02054	0.01887	0.10666	0.01840	0.06582	0.01616	0.01896	0.01290	0.00895	0.00734	0.00257	0.00944	0.00596	0.00492	0.01143
4	0.02113	0.72772	0.03574	0.01379	0.01946	0.02720	0.01269	0.02206	0.01571	0.01915	0.01314	0.01608	0.01216	0.00824	0.00597	0.00215	0.00824	0.00486	0.00418	0.01034
5	0.76889	0.01529	0.01247	0.01134	0.01556	0.01663	0.00881	0.02173	0.01367	0.03232	0.01315	0.01620	0.01093	0.00869	0.00583	0.00273	0.00641	0.00490	0.00536	0.00910
6	0.01991	0.01802	0.02845	0.04111	0.68578	0.01745	0.02107	0.02252	0.01722	0.02480	0.01617	0.02145	0.01402	0.00846	0.00812	0.00266	0.00897	0.00706	0.00459	0.01220
7	0.01215	0.00872	0.01056	0.01182	0.01257	0.00779	0.00785	0.01218	0.01499	0.02039	0.03858	0.72281	0.04507	0.02229	0.00988	0.00333	0.00522	0.01910	0.00727	0.00743
8	0.01609	0.01544	0.02636	0.07761	0.69194	0.01559	0.02010	0.02003	0.01489	0.02126	0.01235	0.01636	0.01034	0.00590	0.00652	0.00197	0.00787	0.00586	0.00324	0.01027
9	0.02503	0.01844	0.01976	0.01515	0.02042	0.02042	0.01251	0.70562	0.03095	0.04149	0.01581	0.01581	0.01120	0.00790	0.00659	0.00198	0.00724	0.00593	0.00659	0.01120
10	0.01320	0.03405	0.73453	0.01876	0.02849	0.01529	0.02432	0.02085	0.01390	0.02085	0.01181	0.01390	0.00834	0.00625	0.00625	0.00208	0.00973	0.00486	0.00278	0.00973
11	0.01063	0.00743	0.01021	0.01149	0.01301	0.00740	0.00994	0.01366	0.01530	0.02045	0.08024	0.06947	0.03820	0.01721	0.00872	0.00287	0.00568	0.59597	0.05602	0.00608
12	0.01032	0.00748	0.01021	0.01157	0.01315	0.00737	0.01003	0.01321	0.01514	0.01951	0.03811	0.07314	0.10816	0.01803	0.00896	0.00295	0.00578	0.61480	0.00607	0.00601
13	0.00915	0.00751	0.00820	0.00817	0.01028	0.00698	0.00619	0.01299	0.09616	0.02007	0.14467	0.11912	0.45895	0.01578	0.00778	0.00229	0.00371	0.04946	0.00633	0.00621
14	0.01645	0.10763	0.02767	0.03687	0.64121	0.01691	0.01912	0.02014	0.01479	0.02078	0.01199	0.01560	0.01019	0.00584	0.00624	0.00189	0.00773	0.00558	0.00320	0.01019

[dist]
# distance from previous block
# <min> <max>
0	1

[block]
# block no. 4 follows, 33 sequences, length 7
# corresponding to MSA columns:
# 360-366
name=unknown_E
#
# <colnr> <probs for GDERKNQSTAVLIFYWHMCP>
#	G	D	E	R	K	N	Q	S	T	A	V	L	I	F	Y	W	H	M	C	P
0	0.02321	0.02916	0.01792	0.01638	0.01957	0.67533	0.01231	0.02496	0.01792	0.01604	0.01086	0.01315	0.00921	0.01066	0.07305	0.00251	0.01240	0.00450	0.00340	0.00747
1	0.01305	0.01233	0.02086	0.63861	0.15471	0.01479	0.01859	0.01736	0.01346	0.01757	0.01181	0.01735	0.00904	0.00647	0.00657	0.00216	0.00862	0.00585	0.00298	0.00781
2	0.01243	0.01170	0.01975	0.75282	0.04534	0.01463	0.01828	0.01682	0.01316	0.01682	0.01170	0.01755	0.00878	0.00658	0.00658	0.00219	0.00878	0.00585	0.00293	0.00731
3	0.00940	0.00705	0.01058	0.01058	0.01176	0.00823	0.00823	0.01176	0.01058	0.01528	0.01763	0.02586	0.01646	0.04937	0.74255	0.01058	0.01763	0.00705	0.00353	0.00588
4	0.00943	0.00695	0.01004	0.01004	0.01102	0.00793	0.00755	0.01141	0.01042	0.01488	0.01813	0.02862	0.01766	0.16468	0.62888	0.00991	0.01583	0.00746	0.00360	0.00558
5	0.00802	0.00573	0.00764	0.00917	0.00955	0.00535	0.00611	0.00917	0.01260	0.01681	0.03628	0.76434	0.04354	0.02062	0.00840	0.00267	0.00382	0.01872	0.00611	0.00535
6	0.01749	0.70349	0.03271	0.01146	0.01692	0.02517	0.01119	0.02110	0.07736	0.01659	0.01076	0.01184	0.00951	0.00593	0.00445	0.00148	0.00687	0.00388	0.00317	0.00863

[dist]
# distance from previous block
# <min> <max>
0	1

[block]
# block no. 5 follows, 33 sequences, length 11
# corresponding to MSA columns:
# 368-378
name=unknown_F
#
# <colnr> <probs for GDERKNQSTAVLIFYWHMCP>
#	G	D	E	R	K	N	Q	S	T	A	V	L	I	F	Y	W	H	M	C	P
0	0.01605	0.01707	0.08181	0.03872	0.67317	0.01561	0.02052	0.02025	0.01491	0.02146	0.01234	0.01611	0.01027	0.00590	0.00650	0.00197	0.00797	0.00579	0.00322	0.01037
1	0.01320	0.03405	0.73453	0.01876	0.02849	0.01529	0.02432	0.02085	0.01390	0.02085	0.01181	0.01390	0.00834	0.00625	0.00625	0.00208	0.00973	0.00486	0.00278	0.00973
2	0.02459	0.03138	0.01866	0.01696	0.02035	0.74221	0.01272	0.02629	0.01866	0.01611	0.01018	0.01187	0.00848	0.00678	0.00594	0.00170	0.01187	0.00424	0.00339	0.00763
3	0.02360	0.01447	0.01665	0.01308	0.01769	0.01509	0.01069	0.38014	0.05922	0.23535	0.12223	0.02297	0.02049	0.00883	0.00677	0.00202	0.00608	0.00707	0.00713	0.01044
4	0.01243	0.01170	0.01975	0.75282	0.04534	0.01463	0.01828	0.01682	0.01316	0.01682	0.01170	0.01755	0.00878	0.00658	0.00658	0.00219	0.00878	0.00585	0.00293	0.00731
5	0.81514	0.01273	0.00968	0.00866	0.01273	0.01477	0.00713	0.01935	0.01120	0.02954	0.00917	0.01069	0.00713	0.00611	0.00407	0.00204	0.00509	0.00356	0.00407	0.00713
6	0.01243	0.01170	0.01975	0.75282	0.04534	0.01463	0.01828	0.01682	0.01316	0.01682	0.01170	0.01755	0.00878	0.00658	0.00658	0.00219	0.00878	0.00585	0.00293	0.00731
7	0.00957	0.00638	0.00718	0.00718	0.00718	0.00638	0.00399	0.00957	0.00957	0.01276	0.02074	0.04308	0.02393	0.76864	0.03351	0.00638	0.00638	0.00957	0.00399	0.00399
8	0.00802	0.00573	0.00764	0.00917	0.00955	0.00535	0.00611	0.00917	0.01260	0.01681	0.03628	0.76434	0.04354	0.02062	0.00840	0.00267	0.00382	0.01872	0.00611	0.00535
9	0.01243	0.01170	0.01975	0.75282	0.04534	0.01463	0.01828	0.01682	0.01316	0.01682	0.01170	0.01755	0.00878	0.00658	0.00658	0.00219	0.00878	0.00585	0.00293	0.00731
10	0.00932	0.00673	0.00880	0.00828	0.00984	0.00621	0.00621	0.01242	0.01863	0.02640	0.72410	0.04918	0.06212	0.01346	0.00776	0.00207	0.00311	0.01191	0.00725	0.00621

[dist]
# distance from previous block
# <min> <max>
0	4

[block]
# block no. 6 follows, 33 sequences, length 38
# corresponding to MSA columns:
# 383-420
name=unknown_G
#
# <colnr> <probs for GDERKNQSTAVLIFYWHMCP>
#	G	D	E	R	K	N	Q	S	T	A	V	L	I	F	Y	W	H	M	C	P
0	0.02384	0.01835	0.02215	0.01673	0.02217	0.01994	0.09923	0.61973	0.02902	0.03893	0.01549	0.01605	0.01104	0.00761	0.00673	0.00201	0.00773	0.00616	0.00618	0.01090
1	0.01476	0.01637	0.03508	0.02530	0.03132	0.01534	0.61615	0.02000	0.01593	0.02175	0.10250	0.02170	0.01653	0.00654	0.00777	0.00220	0.01010	0.00829	0.00382	0.00854
2	0.01746	0.01468	0.01550	0.01362	0.01753	0.01688	0.01068	0.11913	0.62977	0.02929	0.02542	0.02346	0.01898	0.00880	0.00668	0.00220	0.00547	0.00725	0.00668	0.01052
3	0.00861	0.00764	0.00836	0.00800	0.00994	0.00739	0.00618	0.01025	0.01439	0.01754	0.05941	0.05721	0.63503	0.01603	0.00952	0.00231	0.09784	0.01287	0.00571	0.00576
4	0.01764	0.01639	0.01550	0.01380	0.01760	0.10736	0.01071	0.05758	0.58232	0.02643	0.02386	0.02232	0.01801	0.00850	0.00654	0.00212	0.00611	0.00688	0.00620	0.03416
5	0.01253	0.01451	0.10943	0.66072	0.04323	0.01471	0.01904	0.01733	0.01326	0.01733	0.01172	0.01709	0.00872	0.00654	0.00654	0.00218	0.00890	0.00573	0.00291	0.00762
6	0.81514	0.01273	0.00968	0.00866	0.01273	0.01477	0.00713	0.01935	0.01120	0.02954	0.00917	0.01069	0.00713	0.00611	0.00407	0.00204	0.00509	0.00356	0.00407	0.00713
7	0.81514	0.01273	0.00968	0.00866	0.01273	0.01477	0.00713	0.01935	0.01120	0.02954	0.00917	0.01069	0.00713	0.00611	0.00407	0.00204	0.00509	0.00356	0.00407	0.00713
8	0.01375	0.01203	0.01502	0.01073	0.01662	0.00920	0.04567	0.01682	0.01375	0.02143	0.01179	0.01387	0.00976	0.00491	0.00503	0.00104	0.00521	0.00411	0.00387	0.76534
9	0.01243	0.01170	0.01975	0.75282	0.04534	0.01463	0.01828	0.01682	0.01316	0.01682	0.01170	0.01755	0.00878	0.00658	0.00658	0.00219	0.00878	0.00585	0.00293	0.00731
10	0.02328	0.01757	0.01878	0.01479	0.01975	0.01960	0.01209	0.57052	0.16889	0.03868	0.01802	0.01757	0.01299	0.00811	0.00661	0.00203	0.00683	0.00623	0.00661	0.01104
11	0.01554	0.01776	0.03885	0.02775	0.03441	0.01665	0.70366	0.02109	0.01554	0.02109	0.01332	0.01776	0.00999	0.00555	0.00777	0.00222	0.01110	0.00777	0.00333	0.00888
12	0.00806	0.00668	0.00706	0.00697	0.00907	0.00568	0.00522	0.01000	0.01567	0.01937	0.18767	0.06075	0.60293	0.01608	0.00778	0.00219	0.00329	0.01353	0.00632	0.00568
13	0.02700	0.01064	0.01446	0.01128	0.01593	0.00924	0.00924	0.02962	0.01882	0.64358	0.11356	0.02577	0.02205	0.00881	0.00676	0.00204	0.00529	0.00728	0.00804	0.01058
14	0.00781	0.00654	0.00680	0.00702	0.00898	0.00553	0.00516	0.00941	0.01467	0.01765	0.06246	0.16097	0.63002	0.01722	0.00787	0.00229	0.00340	0.01457	0.00611	0.00553
15	0.01365	0.01170	0.01365	0.00975	0.01560	0.00878	0.00780	0.01658	0.01365	0.02145	0.01170	0.01365	0.00975	0.00488	0.00488	0.00098	0.00488	0.00390	0.00390	0.80888
16	0.02954	0.01120	0.01528	0.01171	0.01681	0.00968	0.00968	0.03208	0.01884	0.73213	0.02597	0.02241	0.01630	0.00815	0.00662	0.00204	0.00560	0.00662	0.00815	0.01120
17	0.01554	0.01776	0.03885	0.02775	0.03441	0.01665	0.70366	0.02109	0.01554	0.02109	0.01332	0.01776	0.00999	0.00555	0.00777	0.00222	0.01110	0.00777	0.00333	0.00888
18	0.71452	0.01541	0.10062	0.00993	0.01471	0.01483	0.00929	0.01954	0.01154	0.02845	0.00950	0.01110	0.00728	0.00613	0.00435	0.00204	0.00567	0.00373	0.00391	0.00746
19	0.01047	0.00748	0.01045	0.01196	0.01342	0.00746	0.01037	0.01340	0.01502	0.01954	0.03493	0.11158	0.03819	0.01832	0.00906	0.00301	0.00594	0.64733	0.00606	0.00602
20	0.00786	0.00667	0.00678	0.00676	0.00894	0.00559	0.00507	0.00961	0.01520	0.01825	0.10224	0.06259	0.68906	0.01650	0.00778	0.00221	0.00332	0.01379	0.00617	0.00559
21	0.01320	0.03405	0.73453	0.01876	0.02849	0.01529	0.02432	0.02085	0.01390	0.02085	0.01181	0.01390	0.00834	0.00625	0.00625	0.00208	0.00973	0.00486	0.00278	0.00973
22	0.00957	0.00638	0.00718	0.00718	0.00718	0.00638	0.00399	0.00957	0.00957	0.01276	0.02074	0.04308	0.02393	0.76864	0.03351	0.00638	0.00638	0.00957	0.00399	0.00399
23	0.01243	0.01170	0.01975	0.75282	0.04534	0.01463	0.01828	0.01682	0.01316	0.01682	0.01170	0.01755	0.00878	0.00658	0.00658	0.00219	0.00878	0.00585	0.00293	0.00731
24	0.01760	0.77260	0.03450	0.01126	0.01690	0.02605	0.01126	0.01971	0.01338	0.01549	0.00915	0.01056	0.00845	0.00563	0.00422	0.00141	0.00704	0.00352	0.00282	0.00845
25	0.02929	0.01160	0.01552	0.01190	0.01700	0.01026	0.00983	0.06874	0.01950	0.69454	0.02542	0.02205	0.01602	0.00813	0.00662	0.00203	0.00569	0.00658	0.00806	0.01120
26	0.00802	0.00573	0.00764	0.00917	0.00955	0.00535	0.00611	0.00917	0.01260	0.01681	0.03628	0.76434	0.04354	0.02062	0.00840	0.00267	0.00382	0.01872	0.00611	0.00535
27	0.01637	0.01414	0.01489	0.01340	0.01712	0.01637	0.01042	0.03498	0.71568	0.02754	0.02679	0.02456	0.02010	0.00893	0.00670	0.00223	0.00521	0.00744	0.00670	0.01042
28	0.01760	0.77260	0.03450	0.01126	0.01690	0.02605	0.01126	0.01971	0.01338	0.01549	0.00915	0.01056	0.00845	0.00563	0.00422	0.00141	0.00704	0.00352	0.00282	0.00845
29	0.00802	0.00573	0.00764	0.00917	0.00955	0.00535	0.00611	0.00917	0.01260	0.01681	0.03628	0.76434	0.04354	0.02062	0.00840	0.00267	0.00382	0.01872	0.00611	0.00535
30	0.00802	0.00573	0.00764	0.00917	0.00955	0.00535	0.00611	0.00917	0.01260	0.01681	0.03628	0.76434	0.04354	0.02062	0.00840	0.00267	0.00382	0.01872	0.00611	0.00535
31	0.01433	0.24602	0.50644	0.01622	0.02447	0.01806	0.01990	0.02022	0.01392	0.01950	0.03680	0.01421	0.01032	0.00634	0.00572	0.00189	0.00871	0.00473	0.00295	0.00923
32	0.01386	0.07648	0.60332	0.02103	0.11550	0.01599	0.02302	0.02070	0.01400	0.02061	0.01172	0.01400	0.00861	0.00617	0.00616	0.00203	0.00933	0.00491	0.00284	0.00974
33	0.00956	0.00644	0.00746	0.00746	0.00756	0.00654	0.00434	0.00976	0.00966	0.01297	0.02048	0.04165	0.02331	0.70868	0.09261	0.00673	0.00732	0.00936	0.00395	0.00415
34	0.71898	0.01343	0.01090	0.00945	0.01367	0.01546	0.00778	0.10288	0.01361	0.03099	0.00997	0.01132	0.00762	0.00633	0.00438	0.00203	0.00535	0.00385	0.00438	0.00762
35	0.01728	0.05459	0.01569	0.01284	0.01671	0.01584	0.01018	0.05137	0.55999	0.08370	0.04996	0.02526	0.03935	0.00902	0.00662	0.00216	0.00528	0.00745	0.00660	0.01013
36	0.04314	0.50587	0.07335	0.01303	0.01842	0.15900	0.01233	0.07440	0.01570	0.01839	0.01003	0.01143	0.00862	0.00608	0.00485	0.00157	0.00807	0.00393	0.00325	0.00855
37	0.01707	0.68271	0.11970	0.01218	0.01831	0.02474	0.01285	0.01985	0.01344	0.01614	0.00948	0.01097	0.00844	0.00571	0.00447	0.00149	0.00737	0.00368	0.00281	0.00860

[dist]
# distance from previous block
# <min> <max>
1	2

[block]
# block no. 7 follows, 33 sequences, length 48
# corresponding to MSA columns:
# 423-458,468-479
name=unknown_H
#
# <colnr> <probs for GDERKNQSTAVLIFYWHMCP>
#	G	D	E	R	K	N	Q	S	T	A	V	L	I	F	Y	W	H	M	C	P
0	0.65382	0.01285	0.01108	0.03270	0.01459	0.01465	0.00806	0.04442	0.05414	0.08513	0.01184	0.01283	0.00881	0.00651	0.00459	0.00205	0.00533	0.00419	0.00460	0.00779
1	0.00954	0.00653	0.00794	0.00794	0.00820	0.00679	0.00493	0.01006	0.00980	0.01332	0.02005	0.03926	0.02227	0.60886	0.19102	0.00731	0.00888	0.00901	0.00389	0.00441
2	0.01607	0.01541	0.02631	0.08247	0.68729	0.01558	0.02009	0.02000	0.01488	0.02123	0.01234	0.01637	0.01033	0.00591	0.00652	0.00197	0.00788	0.00586	0.00324	0.01024
3	0.64877	0.01290	0.01259	0.01045	0.01484	0.01414	0.07180	0.01894	0.01193	0.02770	0.01179	0.01345	0.03299	0.00633	0.00461	0.00198	0.00557	0.00435	0.00406	0.07081
4	0.01608	0.51684	0.27692	0.01386	0.02091	0.02232	0.01579	0.02011	0.01356	0.01734	0.01007	0.01172	0.00841	0.00585	0.00493	0.00164	0.00797	0.00399	0.00280	0.00889
5	0.00802	0.00573	0.00764	0.00917	0.00955	0.00535	0.00611	0.00917	0.01260	0.01681	0.03628	0.76434	0.04354	0.02062	0.00840	0.00267	0.00382	0.01872	0.00611	0.00535
6	0.01365	0.01170	0.01365	0.00975	0.01560	0.00878	0.00780	0.01658	0.01365	0.02145	0.01170	0.01365	0.00975	0.00488	0.00488	0.00098	0.00488	0.00390	0.00390	0.80888
7	0.01358	0.09690	0.67495	0.01813	0.02751	0.01620	0.02321	0.02075	0.01385	0.02039	0.01159	0.01361	0.00835	0.00620	0.00608	0.00203	0.00950	0.00475	0.00278	0.00962
8	0.58228	0.01606	0.12869	0.10543	0.01946	0.01483	0.01135	0.01927	0.01189	0.02650	0.00992	0.01209	0.00754	0.00619	0.00475	0.00206	0.00632	0.00407	0.00372	0.00758
9	0.01264	0.01192	0.02013	0.71366	0.08284	0.01468	0.01839	0.01701	0.01326	0.01708	0.01174	0.01748	0.00887	0.00654	0.00658	0.00218	0.00872	0.00585	0.00294	0.00748
10	0.01328	0.01275	0.01800	0.01577	0.01604	0.01747	0.01301	0.01492	0.01019	0.01572	0.01067	0.01699	0.01040	0.02006	0.18420	0.00462	0.58993	0.00605	0.00303	0.00690
11	0.01014	0.00724	0.01007	0.01159	0.01290	0.00717	0.00979	0.01283	0.01469	0.01918	0.03512	0.19933	0.03891	0.01863	0.00897	0.00297	0.00566	0.56282	0.00607	0.00593
12	0.01340	0.01281	0.02095	0.51048	0.15132	0.01574	0.01793	0.01720	0.01293	0.01741	0.01129	0.01681	0.00902	0.00732	0.00916	0.00227	0.13737	0.00584	0.00297	0.00780
13	0.00932	0.00673	0.00880	0.00828	0.00984	0.00621	0.00621	0.01242	0.01863	0.02640	0.72410	0.04918	0.06212	0.01346	0.00776	0.00207	0.00311	0.01191	0.00725	0.00621
14	0.01650	0.58823	0.20925	0.01314	0.01979	0.02336	0.01452	0.02000	0.01351	0.01683	0.00982	0.01139	0.00842	0.00579	0.00473	0.00158	0.00771	0.00386	0.00281	0.00877
15	0.02464	0.02995	0.01878	0.01676	0.02036	0.66240	0.01270	0.10140	0.02002	0.01892	0.01080	0.01231	0.00878	0.00691	0.00601	0.00173	0.01136	0.00443	0.00375	0.00803
16	0.01629	0.01564	0.02672	0.04041	0.72757	0.01564	0.02020	0.02020	0.01499	0.02151	0.01238	0.01629	0.01043	0.00587	0.00652	0.00196	0.00782	0.00587	0.00326	0.01043
17	0.02459	0.03138	0.01866	0.01696	0.02035	0.74221	0.01272	0.02629	0.01866	0.01611	0.01018	0.01187	0.00848	0.00678	0.00594	0.00170	0.01187	0.00424	0.00339	0.00763
18	0.00957	0.00638	0.00718	0.00718	0.00718	0.00638	0.00399	0.00957	0.00957	0.01276	0.02074	0.04308	0.02393	0.76864	0.03351	0.00638	0.00638	0.00957	0.00399	0.00399
19	0.00940	0.00705	0.01058	0.01058	0.01176	0.00823	0.00823	0.01176	0.01058	0.01528	0.01763	0.02586	0.01646	0.04937	0.74255	0.01058	0.01763	0.00705	0.00353	0.00588
20	0.00957	0.00638	0.00718	0.00718	0.00718	0.00638	0.00399	0.00957	0.00957	0.01276	0.02074	0.04308	0.02393	0.76864	0.03351	0.00638	0.00638	0.00957	0.00399	0.00399
21	0.01760	0.77260	0.03450	0.01126	0.01690	0.02605	0.01126	0.01971	0.01338	0.01549	0.00915	0.01056	0.00845	0.00563	0.00422	0.00141	0.00704	0.00352	0.00282	0.00845
22	0.00787	0.00667	0.00679	0.00676	0.00895	0.00560	0.00507	0.00962	0.01522	0.01829	0.10551	0.06252	0.68577	0.01648	0.00778	0.00221	0.00332	0.01378	0.00618	0.00560
23	0.81514	0.01273	0.00968	0.00866	0.01273	0.01477	0.00713	0.01935	0.01120	0.02954	0.00917	0.01069	0.00713	0.00611	0.00407	0.00204	0.00509	0.00356	0.00407	0.00713
24	0.01554	0.01776	0.03885	0.02775	0.03441	0.01665	0.70366	0.02109	0.01554	0.02109	0.01332	0.01776	0.00999	0.00555	0.00777	0.00222	0.01110	0.00777	0.00333	0.00888
25	0.02459	0.03138	0.01866	0.01696	0.02035	0.74221	0.01272	0.02629	0.01866	0.01611	0.01018	0.01187	0.00848	0.00678	0.00594	0.00170	0.01187	0.00424	0.00339	0.00763
26	0.02492	0.02921	0.01854	0.01651	0.02015	0.64437	0.01252	0.07800	0.01960	0.06031	0.01153	0.01279	0.00915	0.00695	0.00603	0.00174	0.01115	0.00451	0.00391	0.00811
27	0.01243	0.01170	0.01975	0.75282	0.04534	0.01463	0.01828	0.01682	0.01316	0.01682	0.01170	0.01755	0.00878	0.00658	0.00658	0.00219	0.00878	0.00585	0.00293	0.00731
28	0.81514	0.01273	0.00968	0.00866	0.01273	0.01477	0.00713	0.01935	0.01120	0.02954	0.00917	0.01069	0.00713	0.00611	0.00407	0.00204	0.00509	0.00356	0.00407	0.00713
29	0.00829	0.00669	0.00738	0.00721	0.00921	0.00578	0.00541	0.01044	0.01622	0.02067	0.28664	0.05861	0.50315	0.01560	0.00778	0.00217	0.00326	0.01323	0.00649	0.00578
30	0.00940	0.00705	0.01058	0.01058	0.01176	0.00823	0.00823	0.01176	0.01058	0.01528	0.01763	0.02586	0.01646	0.04937	0.74255	0.01058	0.01763	0.00705	0.00353	0.00588
31	0.01061	0.00758	0.01061	0.01212	0.01364	0.00758	0.01061	0.01364	0.01515	0.01970	0.03486	0.07426	0.03789	0.01819	0.00909	0.00303	0.00606	0.68326	0.00606	0.00606
32	0.01266	0.01193	0.02015	0.71126	0.08514	0.01469	0.01839	0.01702	0.01327	0.01709	0.01174	0.01748	0.00887	0.00654	0.00658	0.00218	0.00872	0.00585	0.00294	0.00749
33	0.00807	0.00670	0.00707	0.00705	0.00916	0.00571	0.00533	0.00997	0.01550	0.01900	0.15380	0.06178	0.61548	0.01629	0.00782	0.00223	0.00339	0.03373	0.00626	0.00566
34	0.02503	0.01844	0.01976	0.01515	0.02042	0.02042	0.01251	0.70562	0.03095	0.04149	0.01581	0.01581	0.01120	0.00790	0.00659	0.00198	0.00724	0.00593	0.00659	0.01120
35	0.01320	0.03405	0.73453	0.01876	0.02849	0.01529	0.02432	0.02085	0.01390	0.02085	0.01181	0.01390	0.00834	0.00625	0.00625	0.00208	0.00973	0.00486	0.00278	0.00973
36	0.01133	0.00823	0.01020	0.00916	0.01119	0.00803	0.00702	0.10104	0.02021	0.02833	0.63355	0.04491	0.05561	0.01275	0.00761	0.00206	0.00363	0.01114	0.00716	0.00685
37	0.01630	0.01545	0.02521	0.03695	0.63675	0.01574	0.01895	0.02209	0.10457	0.02228	0.01423	0.01735	0.01166	0.00626	0.00654	0.00199	0.00749	0.00607	0.00370	0.01043
38	0.02104	0.01638	0.01654	0.01395	0.01823	0.07922	0.01107	0.21030	0.38630	0.12030	0.02236	0.02089	0.01627	0.00838	0.00659	0.00209	0.00637	0.00666	0.00657	0.01048
39	0.02200	0.02716	0.01749	0.01587	0.01882	0.60292	0.01199	0.02386	0.01812	0.01741	0.10135	0.01680	0.01535	0.00793	0.00715	0.00182	0.05737	0.00532	0.00385	0.00742
40	0.00955	0.00647	0.00761	0.00761	0.00777	0.00662	0.00453	0.00985	0.00970	0.01309	0.02035	0.04088	0.02298	0.67669	0.12415	0.00692	0.00782	0.00925	0.00393	0.00423
41	0.11505	0.01183	0.01846	0.65768	0.04117	0.01464	0.01686	0.01714	0.01291	0.01845	0.01138	0.01667	0.00857	0.00652	0.00626	0.00217	0.00830	0.00556	0.00307	0.00729
42	0.01794	0.01743	0.01561	0.01408	0.01774	0.15489	0.01086	0.03332	0.58266	0.02536	0.02362	0.02214	0.01788	0.00852	0.00655	0.00213	0.00648	0.00683	0.00607	0.00989
43	0.02732	0.01261	0.01726	0.01578	0.10809	0.01168	0.01135	0.10834	0.01975	0.56153	0.02306	0.02086	0.01496	0.00783	0.00660	0.00202	0.00608	0.00644	0.00734	0.01110
44	0.00999	0.00817	0.00834	0.00775	0.01037	0.00746	0.00596	0.09845	0.01704	0.02081	0.06019	0.05728	0.63366	0.01555	0.00763	0.00219	0.00383	0.01288	0.00617	0.00628
45	0.01636	0.01433	0.01640	0.01685	0.10794	0.01628	0.01167	0.03309	0.62610	0.02677	0.02495	0.02350	0.01886	0.00854	0.00668	0.00220	0.00554	0.00724	0.00626	0.01042
46	0.01106	0.00987	0.00978	0.00918	0.01105	0.10021	0.00688	0.01380	0.01815	0.02393	0.54495	0.04630	0.14386	0.01303	0.00753	0.00204	0.00426	0.01119	0.00660	0.00631
47	0.01293	0.01094	0.01288	0.00968	0.01483	0.00834	0.00758	0.01563	0.01352	0.02086	0.01484	0.10962	0.01407	0.00689	0.00533	0.00119	0.00474	0.00579	0.00418	0.70616

[dist]
# distance from previous block
# <min> <max>
0	2

[block]
# block no. 8 follows, 33 sequences, length 26
# corresponding to MSA columns:
# 482-507
name=unknown_I
#
# <colnr> <probs for GDERKNQSTAVLIFYWHMCP>
#	G	D	E	R	K	N	Q	S	T	A	V	L	I	F	Y	W	H	M	C	P
0	0.01397	0.02949	0.55918	0.02413	0.20168	0.01538	0.02330	0.02069	0.01417	0.02101	0.01196	0.01449	0.00886	0.00616	0.00632	0.00205	0.00926	0.00511	0.00290	0.00990
1	0.21419	0.01492	0.02250	0.03254	0.55048	0.01543	0.01697	0.01999	0.01405	0.02350	0.01159	0.01491	0.00961	0.00593	0.00591	0.00198	0.00715	0.00530	0.00346	0.00961
2	0.01851	0.01349	0.01612	0.19549	0.02319	0.01517	0.01183	0.35098	0.02197	0.03086	0.01630	0.01857	0.01211	0.00751	0.00606	0.00191	0.00651	0.00596	0.21856	0.00889
3	0.21054	0.00746	0.00885	0.00860	0.00961	0.00796	0.00607	0.01125	0.00923	0.01592	0.01087	0.01770	0.01037	0.01872	0.02036	0.60869	0.00556	0.00518	0.00316	0.00392
4	0.04902	0.01888	0.21365	0.01466	0.02067	0.01367	0.05020	0.13281	0.07973	0.19818	0.03946	0.04981	0.02932	0.00809	0.00652	0.00204	0.00700	0.00668	0.00551	0.05411
5	0.01323	0.01281	0.02023	0.66832	0.09621	0.04467	0.01820	0.01747	0.01353	0.01715	0.01169	0.01722	0.00889	0.00654	0.00655	0.00216	0.00883	0.00579	0.00297	0.00756
6	0.00913	0.00645	0.00705	0.00705	0.00760	0.00618	0.00424	0.00954	0.01092	0.01401	0.03213	0.04810	0.19759	0.58235	0.02713	0.00535	0.00563	0.01064	0.00452	0.00438
7	0.01243	0.01170	0.01975	0.75282	0.04534	0.01463	0.01828	0.01682	0.01316	0.01682	0.01170	0.01755	0.00878	0.00658	0.00658	0.00219	0.00878	0.00585	0.00293	0.00731
8	0.01944	0.58577	0.03085	0.01223	0.01777	0.02465	0.01157	0.18963	0.01773	0.02193	0.01080	0.01186	0.00913	0.00619	0.00481	0.00155	0.00709	0.00412	0.00375	0.00913
9	0.00796	0.00644	0.00707	0.00741	0.00913	0.00556	0.00537	0.00960	0.01469	0.01820	0.10916	0.23593	0.50569	0.01741	0.00793	0.00232	0.00344	0.01494	0.00620	0.00556
10	0.00869	0.00627	0.00718	0.00761	0.00827	0.00589	0.00484	0.00943	0.01177	0.01515	0.03650	0.25108	0.20310	0.37184	0.02007	0.00431	0.00491	0.01322	0.00511	0.00476
11	0.02327	0.01509	0.01601	0.01254	0.01756	0.09460	0.01011	0.14524	0.07169	0.30214	0.01894	0.01806	0.01319	0.00720	0.00611	0.00174	0.00639	0.00562	0.00618	0.20835
12	0.01793	0.73727	0.03374	0.01154	0.01706	0.06018	0.01133	0.02003	0.01363	0.01552	0.00920	0.01062	0.00845	0.00569	0.00431	0.00142	0.00727	0.00355	0.00284	0.00841
13	0.00906	0.00673	0.00985	0.01023	0.01121	0.00752	0.00770	0.01111	0.01108	0.01566	0.02225	0.20881	0.02317	0.04225	0.56068	0.00862	0.01421	0.00994	0.00417	0.00575
14	0.01313	0.00815	0.00844	0.00805	0.01012	0.00868	0.00613	0.02005	0.18793	0.02538	0.05950	0.02583	0.02004	0.00828	0.00529	0.00174	0.00360	0.00676	0.56569	0.00720
15	0.01540	0.34866	0.25475	0.01515	0.02070	0.02115	0.01622	0.01912	0.01273	0.01729	0.00988	0.01258	0.00846	0.00729	0.00918	0.00199	0.19359	0.00451	0.00282	0.00855
16	0.01556	0.01507	0.02462	0.08307	0.50527	0.01669	0.01864	0.01889	0.01365	0.01979	0.01141	0.01591	0.00987	0.00732	0.01026	0.00220	0.19338	0.00584	0.00314	0.00942
17	0.01003	0.00718	0.00931	0.01028	0.01150	0.00705	0.00833	0.01216	0.01376	0.01777	0.03497	0.06530	0.11227	0.20392	0.01499	0.00377	0.00583	0.44053	0.00555	0.00549
18	0.04611	0.01948	0.19985	0.10051	0.41677	0.01525	0.01979	0.03971	0.01482	0.02188	0.01245	0.01586	0.00986	0.00616	0.00630	0.00200	0.00811	0.00554	0.02982	0.00971
19	0.01325	0.04726	0.25172	0.07413	0.14199	0.01416	0.12529	0.01820	0.01344	0.01913	0.01348	0.01800	0.01099	0.01676	0.18889	0.00417	0.01142	0.00605	0.00314	0.00854
20	0.22461	0.01867	0.19344	0.08540	0.02226	0.01497	0.03676	0.08770	0.11142	0.04927	0.01406	0.01545	0.01041	0.00668	0.00574	0.00199	0.00702	0.00514	0.00434	0.08466
21	0.25380	0.01964	0.03792	0.01437	0.01861	0.19654	0.04796	0.17947	0.03591	0.04741	0.01219	0.01365	0.00935	0.00716	0.00679	0.00199	0.06165	0.00489	0.00450	0.02619
22	0.07775	0.12836	0.08388	0.01629	0.04091	0.19673	0.08565	0.07556	0.06493	0.09045	0.04294	0.01633	0.01255	0.00716	0.00656	0.00192	0.03331	0.00551	0.00437	0.00884
23	0.23859	0.01637	0.01861	0.01599	0.06399	0.03859	0.07103	0.30402	0.06948	0.05138	0.01416	0.01523	0.01051	0.00727	0.00657	0.00206	0.03590	0.00551	0.00522	0.00952
24	0.08777	0.01582	0.04352	0.01332	0.01756	0.06871	0.03365	0.25797	0.10536	0.06975	0.05620	0.07922	0.05973	0.00956	0.00663	0.00207	0.00648	0.02371	0.00584	0.03713
25	0.05496	0.01269	0.01390	0.01166	0.01491	0.06121	0.03157	0.12394	0.11122	0.18137	0.06094	0.02874	0.05126	0.19702	0.01328	0.00312	0.00633	0.00771	0.00588	0.00828

[dist]
# distance from previous block
# <min> <max>
12	76

# created by:
# /home/cegg/simao/soft/augustus-3.2.1/scripts/msa2prfl.pl ./align_prep/EOG090W0C3P.fa
