[name]
unknown

[dist]
# distance from previous block
# <min> <max>
0	36

[block]
# block no. 0 follows, 28 sequences, length 40
# corresponding to MSA columns:
# 100-113,115-140
name=unknown_A
#
# <colnr> <probs for GDERKNQSTAVLIFYWHMCP>
#	G	D	E	R	K	N	Q	S	T	A	V	L	I	F	Y	W	H	M	C	P
0	0.01153	0.00825	0.01145	0.01284	0.01452	0.00817	0.01108	0.01489	0.01723	0.02271	0.12366	0.07840	0.04530	0.01940	0.00985	0.00321	0.00627	0.56766	0.00686	0.00671
1	0.01808	0.01561	0.01644	0.01479	0.01890	0.01808	0.01151	0.03863	0.68606	0.03041	0.02959	0.02712	0.02219	0.00986	0.00740	0.00247	0.00575	0.00822	0.00740	0.01151
2	0.01043	0.00711	0.00860	0.00917	0.00950	0.00704	0.00596	0.01117	0.01213	0.01609	0.02848	0.18189	0.03281	0.49951	0.02772	0.00572	0.00647	0.10998	0.00519	0.00503
3	0.00961	0.00700	0.00905	0.00940	0.01066	0.00644	0.00672	0.01208	0.01770	0.02435	0.39581	0.32240	0.10535	0.01820	0.00885	0.00256	0.00375	0.01623	0.00742	0.00644
4	0.00870	0.00740	0.00752	0.00757	0.01000	0.00621	0.00574	0.01059	0.01657	0.01971	0.07241	0.07038	0.67334	0.01847	0.00864	0.00249	0.00379	0.03757	0.00675	0.00616
5	0.00886	0.00633	0.00843	0.01012	0.01054	0.00590	0.00675	0.01012	0.01392	0.01856	0.04006	0.73979	0.04808	0.02277	0.00928	0.00295	0.00422	0.02066	0.00675	0.00590
6	0.33422	0.01304	0.01442	0.01160	0.01678	0.01291	0.00957	0.02987	0.01747	0.43884	0.02135	0.01963	0.01399	0.00811	0.00620	0.00225	0.00596	0.00598	0.00722	0.01059
7	0.01355	0.00678	0.00678	0.00678	0.00847	0.00678	0.00508	0.01694	0.01524	0.02710	0.02371	0.02710	0.01863	0.00847	0.00508	0.00169	0.00339	0.00678	0.78489	0.00678
8	0.03243	0.01266	0.01705	0.01307	0.01870	0.01112	0.01080	0.05872	0.02129	0.68024	0.02827	0.02448	0.01779	0.00899	0.00731	0.00225	0.00625	0.00728	0.00893	0.01237
9	0.00922	0.00661	0.00876	0.00987	0.01062	0.00615	0.00678	0.01104	0.01562	0.02127	0.20805	0.56407	0.05333	0.02074	0.00910	0.00278	0.00402	0.01874	0.00707	0.00615
10	0.01507	0.01292	0.01507	0.01077	0.01723	0.00969	0.00861	0.01830	0.01507	0.02369	0.01292	0.01507	0.01077	0.00538	0.00538	0.00108	0.00538	0.00431	0.00431	0.78898
11	0.03949	0.01726	0.02854	0.02173	0.02723	0.04137	0.31695	0.02801	0.18888	0.10856	0.04083	0.02384	0.03347	0.00835	0.00861	0.00243	0.04047	0.00828	0.00549	0.01020
12	0.01181	0.00954	0.01395	0.01257	0.01514	0.01001	0.04113	0.01542	0.04033	0.01888	0.01856	0.02582	0.01676	0.04214	0.53387	0.00909	0.01621	0.00726	0.00410	0.13741
13	0.04817	0.05456	0.06063	0.03245	0.39060	0.20768	0.03611	0.02453	0.01751	0.04198	0.01316	0.01628	0.01077	0.00684	0.00684	0.00208	0.00984	0.00581	0.00378	0.01039
14	0.01241	0.00995	0.01198	0.01290	0.07276	0.03227	0.00869	0.03471	0.04748	0.04376	0.28952	0.12966	0.21353	0.01630	0.02890	0.00266	0.00515	0.01298	0.00686	0.00753
15	0.01210	0.00650	0.00907	0.00907	0.00907	0.00650	0.00582	0.00975	0.00975	0.01300	0.01526	0.02863	0.01616	0.20964	0.03061	0.58818	0.00650	0.00740	0.00348	0.00348
16	0.01198	0.00674	0.01011	0.01011	0.01049	0.00712	0.00712	0.01049	0.01011	0.01386	0.01461	0.02397	0.01423	0.03373	0.22756	0.56342	0.01013	0.00674	0.00337	0.00412
17	0.01507	0.01292	0.01507	0.01077	0.01723	0.00969	0.00861	0.01830	0.01507	0.02369	0.01292	0.01507	0.01077	0.00538	0.00538	0.00108	0.00538	0.00431	0.00431	0.78898
18	0.01014	0.00692	0.00801	0.00835	0.00854	0.00678	0.00493	0.01047	0.01151	0.01524	0.02864	0.18835	0.06076	0.56631	0.03013	0.00601	0.00633	0.01282	0.00498	0.00478
19	0.01062	0.00710	0.00808	0.00814	0.00821	0.00710	0.00469	0.01075	0.01081	0.01439	0.02351	0.04891	0.02703	0.71627	0.03595	0.00690	0.00703	0.03553	0.00449	0.00449
20	0.01098	0.00815	0.01031	0.00964	0.01157	0.00785	0.00727	0.01592	0.07941	0.02926	0.63650	0.05190	0.06449	0.01442	0.00847	0.00230	0.00363	0.01271	0.00795	0.00727
21	0.00955	0.00710	0.00890	0.00909	0.01057	0.00645	0.00657	0.01205	0.01789	0.02427	0.38746	0.25590	0.18179	0.01783	0.00878	0.00251	0.00371	0.01574	0.00740	0.00645
22	0.00884	0.00639	0.00837	0.00996	0.01050	0.00592	0.00668	0.01014	0.01407	0.01862	0.04203	0.70049	0.08610	0.02252	0.00924	0.00292	0.00419	0.02035	0.00675	0.00592
23	0.01050	0.00702	0.00795	0.00802	0.00804	0.00700	0.00451	0.01055	0.01072	0.01429	0.02365	0.07759	0.02737	0.71323	0.03580	0.00687	0.00692	0.01101	0.00451	0.00447
24	0.01062	0.00814	0.01214	0.01200	0.01325	0.00966	0.00938	0.01318	0.01166	0.01690	0.01904	0.02801	0.01780	0.05270	0.68567	0.01131	0.05040	0.00773	0.00386	0.00655
25	0.01162	0.00762	0.00923	0.00902	0.01108	0.00677	0.00668	0.01401	0.01768	0.08706	0.26385	0.19839	0.27017	0.01694	0.00849	0.00246	0.00394	0.01469	0.03336	0.00693
26	0.01105	0.00694	0.00911	0.01014	0.01107	0.00640	0.00691	0.01240	0.01443	0.07895	0.03929	0.61115	0.06816	0.06374	0.01070	0.00311	0.00454	0.01869	0.00681	0.00640
27	0.02730	0.01564	0.01793	0.01398	0.01913	0.01618	0.01147	0.35963	0.02683	0.26944	0.02222	0.02136	0.01521	0.00878	0.00697	0.00213	0.00671	0.00684	0.12069	0.01155
28	0.01385	0.01151	0.01370	0.01035	0.01559	0.00896	0.00816	0.01713	0.01648	0.02509	0.18786	0.02513	0.02559	0.00781	0.00620	0.00139	0.00488	0.00657	0.00525	0.58848
29	0.00890	0.00703	0.00791	0.00839	0.01004	0.00616	0.00596	0.01061	0.01581	0.01984	0.11221	0.27488	0.41405	0.05194	0.01007	0.00280	0.00398	0.01659	0.00675	0.00605
30	0.01507	0.01292	0.01507	0.01077	0.01723	0.00969	0.00861	0.01830	0.01507	0.02369	0.01292	0.01507	0.01077	0.00538	0.00538	0.00108	0.00538	0.00431	0.00431	0.78898
31	0.01608	0.01357	0.01472	0.01351	0.01704	0.01526	0.01053	0.03216	0.51505	0.02919	0.13172	0.03647	0.06280	0.01162	0.00779	0.00249	0.00536	0.04697	0.00741	0.01027
32	0.00946	0.00696	0.00857	0.00951	0.01054	0.00646	0.00671	0.01101	0.01466	0.01902	0.07643	0.37649	0.18978	0.12895	0.01332	0.00347	0.00477	0.09157	0.00645	0.00587
33	0.00909	0.00725	0.00817	0.00838	0.01033	0.00632	0.00621	0.01121	0.01696	0.02147	0.19356	0.17464	0.44148	0.01845	0.00875	0.00253	0.00382	0.03810	0.00700	0.00627
34	0.03088	0.01376	0.01759	0.01354	0.01907	0.01286	0.01116	0.15922	0.02340	0.55286	0.04935	0.02434	0.01863	0.00915	0.00735	0.00224	0.00644	0.00736	0.00863	0.01218
35	0.01567	0.01490	0.02530	0.41688	0.34511	0.01666	0.02115	0.02027	0.01545	0.02092	0.01326	0.01875	0.01052	0.00691	0.00724	0.00230	0.00921	0.00647	0.00340	0.00964
36	0.01373	0.01292	0.02180	0.72707	0.05006	0.01615	0.02019	0.01857	0.01453	0.01857	0.01292	0.01938	0.00969	0.00727	0.00727	0.00242	0.00969	0.00646	0.00323	0.00807
37	0.01317	0.01187	0.01555	0.03832	0.01723	0.06141	0.06824	0.01772	0.08802	0.01902	0.02282	0.06383	0.04939	0.10288	0.34800	0.00729	0.03456	0.00883	0.00452	0.00733
38	0.02182	0.02128	0.07351	0.01649	0.02149	0.14000	0.03602	0.19215	0.25449	0.06035	0.06911	0.02291	0.01922	0.00912	0.00730	0.00226	0.00807	0.00728	0.00637	0.01077
39	0.07267	0.10794	0.26767	0.01583	0.02305	0.03646	0.04143	0.07240	0.01634	0.02417	0.01355	0.01688	0.01095	0.04132	0.03889	0.00255	0.00899	0.00540	0.00392	0.17960

[dist]
# distance from previous block
# <min> <max>
1	6

[block]
# block no. 1 follows, 28 sequences, length 29
# corresponding to MSA columns:
# 147-175
name=unknown_B
#
# <colnr> <probs for GDERKNQSTAVLIFYWHMCP>
#	G	D	E	R	K	N	Q	S	T	A	V	L	I	F	Y	W	H	M	C	P
0	0.05368	0.10477	0.05633	0.01581	0.02123	0.12328	0.01343	0.28601	0.16687	0.03262	0.01761	0.01780	0.01328	0.00821	0.00670	0.00209	0.00819	0.00608	0.00587	0.04014
1	0.05547	0.02960	0.08740	0.01760	0.02269	0.42291	0.01465	0.16686	0.02232	0.02533	0.01282	0.01435	0.01003	0.00753	0.00658	0.00194	0.01097	0.00510	0.00451	0.06136
2	0.02247	0.01516	0.01755	0.01307	0.01916	0.01394	0.01066	0.22889	0.02222	0.16369	0.01743	0.01771	0.01268	0.00714	0.00636	0.00165	0.00637	0.00560	0.00616	0.39207
3	0.04404	0.01039	0.01464	0.13385	0.16361	0.01110	0.01167	0.01822	0.01502	0.02440	0.01895	0.02341	0.01519	0.01133	0.06071	0.00271	0.00687	0.00663	0.39924	0.00802
4	0.01281	0.00896	0.01096	0.01130	0.01318	0.00894	0.00841	0.04119	0.11335	0.06766	0.06103	0.39966	0.10450	0.01848	0.00880	0.00278	0.00491	0.08849	0.00704	0.00753
5	0.01612	0.03377	0.59332	0.01962	0.02937	0.01659	0.02428	0.02537	0.08147	0.06902	0.01571	0.01713	0.01106	0.00733	0.00698	0.00231	0.00995	0.00578	0.00389	0.01093
6	0.01394	0.01170	0.01153	0.01122	0.01275	0.07881	0.00774	0.06060	0.11247	0.02071	0.05134	0.23145	0.03073	0.29026	0.01903	0.00424	0.00660	0.01228	0.00574	0.00686
7	0.03047	0.01304	0.01678	0.01298	0.01833	0.01201	0.01068	0.12188	0.02222	0.56187	0.02675	0.02392	0.01727	0.00892	0.00713	0.00220	0.00622	0.00716	0.06822	0.01194
8	0.00949	0.00766	0.00891	0.00934	0.01119	0.00708	0.00719	0.01152	0.01608	0.02007	0.08288	0.18789	0.42498	0.01911	0.00951	0.00271	0.03113	0.12032	0.00666	0.00628
9	0.01057	0.00705	0.00793	0.00793	0.00793	0.00705	0.00440	0.01057	0.01057	0.01409	0.02290	0.04757	0.02643	0.74454	0.03700	0.00705	0.00705	0.01057	0.00440	0.00440
10	0.01280	0.00782	0.00947	0.00937	0.01152	0.00688	0.00685	0.01466	0.01645	0.13236	0.09455	0.29196	0.30062	0.03842	0.00941	0.00271	0.00436	0.01558	0.00714	0.00708
11	0.01781	0.01508	0.01585	0.01431	0.01827	0.01740	0.01112	0.03732	0.64568	0.03021	0.02923	0.02712	0.02198	0.00978	0.00726	0.00242	0.00561	0.00813	0.05420	0.01122
12	0.01568	0.00924	0.01196	0.01185	0.01464	0.00868	0.00994	0.01922	0.04283	0.16784	0.06736	0.06402	0.18236	0.01677	0.00898	0.00284	0.00576	0.32479	0.00727	0.00797
13	0.79588	0.01406	0.01068	0.00956	0.01406	0.01631	0.00787	0.02137	0.01237	0.03261	0.01012	0.01181	0.00787	0.00675	0.00450	0.00225	0.00562	0.00394	0.00450	0.00787
14	0.01005	0.00735	0.00857	0.00911	0.01038	0.00689	0.00661	0.01162	0.01438	0.01843	0.04505	0.13641	0.25546	0.24860	0.01786	0.00413	0.00544	0.14996	0.02798	0.00570
15	0.00988	0.00736	0.00909	0.00875	0.01051	0.00667	0.00647	0.01276	0.01908	0.02613	0.51153	0.08306	0.20122	0.04367	0.00968	0.00253	0.00365	0.01380	0.00755	0.00657
16	0.00970	0.00717	0.00910	0.00941	0.01088	0.00657	0.00693	0.01224	0.01776	0.02407	0.36254	0.25452	0.16390	0.01805	0.00888	0.00257	0.00391	0.05800	0.00735	0.00646
17	0.02763	0.02036	0.02182	0.01672	0.02254	0.02254	0.01382	0.67496	0.03418	0.04581	0.01745	0.01745	0.01236	0.00873	0.00727	0.00218	0.00800	0.00654	0.00727	0.01236
18	0.02936	0.01759	0.02010	0.01541	0.02116	0.01843	0.01273	0.45298	0.02954	0.27435	0.02135	0.01998	0.01432	0.00882	0.00728	0.00221	0.00737	0.00681	0.00787	0.01236
19	0.01057	0.00705	0.00793	0.00793	0.00793	0.00705	0.00440	0.01057	0.01057	0.01409	0.02290	0.04757	0.02643	0.74454	0.03700	0.00705	0.00705	0.01057	0.00440	0.00440
20	0.09110	0.01250	0.01640	0.01267	0.01821	0.01111	0.01047	0.03435	0.02016	0.65276	0.02726	0.02375	0.01722	0.00882	0.00709	0.00225	0.00614	0.00705	0.00865	0.01203
21	0.00896	0.00637	0.00840	0.00999	0.01039	0.00597	0.00661	0.01015	0.01372	0.01829	0.03903	0.69813	0.04677	0.06622	0.01095	0.00320	0.00439	0.02006	0.00661	0.00581
22	0.01507	0.01292	0.01507	0.01077	0.01723	0.00969	0.00861	0.01830	0.01507	0.02369	0.01292	0.01507	0.01077	0.00538	0.00538	0.00108	0.00538	0.00431	0.00431	0.78898
23	0.00860	0.00732	0.00741	0.00747	0.00985	0.00613	0.00557	0.01042	0.01646	0.01959	0.07232	0.09619	0.67086	0.01858	0.00862	0.00247	0.00370	0.01555	0.00675	0.00613
24	0.01022	0.00743	0.00962	0.00907	0.01082	0.00683	0.00680	0.01358	0.02041	0.02876	0.67023	0.05493	0.09396	0.01500	0.00857	0.00229	0.00344	0.01323	0.00795	0.00683
25	0.00886	0.00633	0.00843	0.01012	0.01054	0.00590	0.00675	0.01012	0.01392	0.01856	0.04006	0.73979	0.04808	0.02277	0.00928	0.00295	0.00422	0.02066	0.00675	0.00590
26	0.03150	0.01262	0.01684	0.01308	0.01858	0.01125	0.01075	0.03567	0.07178	0.65259	0.02875	0.02492	0.01832	0.00906	0.00732	0.00227	0.00615	0.00738	0.00887	0.01230
27	0.01384	0.01308	0.02094	0.52419	0.04060	0.01672	0.01831	0.01774	0.01376	0.01834	0.01415	0.07034	0.01241	0.00955	0.01096	0.00262	0.16362	0.00746	0.00347	0.00789
28	0.02647	0.01646	0.01880	0.01474	0.01995	0.01731	0.01205	0.38581	0.07353	0.22262	0.09439	0.02407	0.02063	0.00954	0.00743	0.00223	0.00686	0.00758	0.00783	0.01171

[dist]
# distance from previous block
# <min> <max>
2	12

[block]
# block no. 2 follows, 28 sequences, length 26
# corresponding to MSA columns:
# 193-218
name=unknown_C
#
# <colnr> <probs for GDERKNQSTAVLIFYWHMCP>
#	G	D	E	R	K	N	Q	S	T	A	V	L	I	F	Y	W	H	M	C	P
0	0.00859	0.00736	0.00736	0.00736	0.00982	0.00614	0.00552	0.01043	0.01657	0.01964	0.07364	0.06996	0.69624	0.01841	0.00859	0.00245	0.00368	0.01534	0.00675	0.00614
1	0.04755	0.01649	0.02734	0.02315	0.08755	0.01711	0.25722	0.02789	0.21340	0.08761	0.02060	0.02369	0.01587	0.00959	0.02685	0.00271	0.05296	0.02672	0.00535	0.01033
2	0.01341	0.00912	0.03880	0.01060	0.01201	0.00831	0.00790	0.01402	0.08539	0.01634	0.03599	0.02288	0.01517	0.02104	0.02292	0.58779	0.00627	0.00655	0.00386	0.06163
3	0.53716	0.01352	0.01169	0.01076	0.01472	0.01552	0.00854	0.02386	0.15958	0.03054	0.01775	0.09744	0.01554	0.00924	0.00567	0.00238	0.00549	0.00676	0.00539	0.00844
4	0.07908	0.01247	0.01649	0.01273	0.01828	0.01103	0.01051	0.03457	0.02029	0.66334	0.02755	0.02395	0.01738	0.00886	0.00714	0.00225	0.00615	0.00710	0.00872	0.01210
5	0.01539	0.00793	0.00824	0.00772	0.00987	0.00799	0.00592	0.06046	0.01674	0.06117	0.02355	0.02636	0.01819	0.00851	0.00533	0.00175	0.00382	0.00679	0.69686	0.00741
6	0.01234	0.00905	0.01169	0.01131	0.01341	0.00977	0.00871	0.01754	0.11703	0.05599	0.06613	0.07992	0.13200	0.03551	0.37682	0.00728	0.01238	0.01011	0.00554	0.00749
7	0.00897	0.00637	0.00840	0.00997	0.01037	0.00598	0.00659	0.01015	0.01369	0.01825	0.03890	0.69297	0.04661	0.07160	0.01115	0.00323	0.00441	0.01998	0.00659	0.00580
8	0.01826	0.01629	0.01640	0.01478	0.01879	0.05342	0.01146	0.03721	0.62713	0.02971	0.05346	0.02741	0.02326	0.00993	0.00740	0.00243	0.00604	0.00822	0.00723	0.01117
9	0.00892	0.00660	0.00833	0.00954	0.01043	0.00602	0.00653	0.01045	0.01490	0.01955	0.09548	0.56522	0.16870	0.02138	0.00910	0.00281	0.00406	0.01912	0.00684	0.00602
10	0.02231	0.01084	0.01353	0.01126	0.01535	0.00976	0.00897	0.07644	0.02012	0.36620	0.08150	0.09973	0.20662	0.01306	0.00790	0.00236	0.00532	0.01093	0.00800	0.00979
11	0.54614	0.01532	0.01382	0.01152	0.01643	0.01716	0.00950	0.17071	0.01814	0.10234	0.01362	0.01437	0.00989	0.00742	0.00541	0.00223	0.00622	0.00486	0.00557	0.00934
12	0.02715	0.03464	0.02060	0.01873	0.02247	0.71536	0.01404	0.02903	0.02060	0.01779	0.01124	0.01311	0.00936	0.00749	0.00655	0.00187	0.01311	0.00468	0.00375	0.00843
13	0.01035	0.00810	0.00946	0.00900	0.01118	0.00756	0.00678	0.01468	0.07586	0.02589	0.41868	0.05752	0.28668	0.01569	0.00848	0.00236	0.00372	0.01350	0.00751	0.00700
14	0.05785	0.00781	0.00861	0.00829	0.01054	0.00708	0.00626	0.01257	0.01809	0.02466	0.34610	0.05941	0.37482	0.01611	0.00833	0.00237	0.00369	0.01366	0.00717	0.00656
15	0.01849	0.01705	0.01403	0.01265	0.01557	0.24199	0.00961	0.02121	0.02032	0.10735	0.34213	0.03817	0.08816	0.01196	0.00775	0.00216	0.00699	0.00979	0.00662	0.00800
16	0.01040	0.00772	0.01133	0.01133	0.01251	0.00890	0.00865	0.01276	0.01158	0.01662	0.01979	0.03033	0.01894	0.11886	0.65244	0.01125	0.01831	0.00805	0.00394	0.00630
17	0.11822	0.00970	0.01105	0.01067	0.01298	0.00970	0.00782	0.08166	0.01658	0.11294	0.03358	0.36316	0.08588	0.07920	0.01052	0.00300	0.00524	0.01398	0.00660	0.00755
18	0.01808	0.01561	0.01644	0.01479	0.01890	0.01808	0.01151	0.03863	0.68606	0.03041	0.02959	0.02712	0.02219	0.00986	0.00740	0.00247	0.00575	0.00822	0.00740	0.01151
19	0.00931	0.00714	0.00864	0.00965	0.01113	0.00648	0.00722	0.01121	0.01553	0.01961	0.05320	0.34376	0.30636	0.02050	0.00915	0.00283	0.00448	0.14091	0.00674	0.00615
20	0.00966	0.00683	0.00848	0.00909	0.00975	0.00647	0.00597	0.01100	0.01437	0.01937	0.16886	0.34872	0.08183	0.24529	0.01771	0.00406	0.00491	0.01571	0.00627	0.00564
21	0.69812	0.01345	0.01099	0.00976	0.01404	0.01531	0.00794	0.02146	0.01270	0.07270	0.01143	0.01327	0.00880	0.00809	0.00622	0.05319	0.00570	0.00430	0.00469	0.00784
22	0.01041	0.00735	0.00965	0.00973	0.01033	0.00792	0.00663	0.01164	0.01122	0.01555	0.02208	0.06864	0.02361	0.40049	0.34377	0.00897	0.01256	0.00974	0.00427	0.00542
23	0.01411	0.00891	0.01052	0.00970	0.01111	0.00902	0.00655	0.04775	0.05966	0.08905	0.09948	0.04198	0.02885	0.45906	0.06913	0.00576	0.00727	0.01000	0.00559	0.00649
24	0.01205	0.00831	0.01037	0.01090	0.01247	0.00811	0.00837	0.03504	0.03549	0.04984	0.05542	0.20122	0.12641	0.15685	0.01450	0.00371	0.00576	0.23215	0.00645	0.00659
25	0.11451	0.01359	0.01745	0.21368	0.06187	0.01503	0.01351	0.02768	0.20317	0.16523	0.02423	0.02474	0.05674	0.00892	0.00705	0.00237	0.00695	0.00736	0.00597	0.00995

[dist]
# distance from previous block
# <min> <max>
7	59

# created by:
# /home/cegg/simao/soft/augustus-3.2.1/scripts/msa2prfl.pl ./align_prep/EOG090W0J3R.fa
