[name]
unknown

[dist]
# distance from previous block
# <min> <max>
0	65

[block]
# block no. 0 follows, 36 sequences, length 6
# corresponding to MSA columns:
# 66-71
name=unknown_A
#
# <colnr> <probs for GDERKNQSTAVLIFYWHMCP>
#	G	D	E	R	K	N	Q	S	T	A	V	L	I	F	Y	W	H	M	C	P
0	0.31690	0.01539	0.07074	0.01096	0.01429	0.16068	0.00944	0.01766	0.01417	0.02279	0.15808	0.02659	0.02170	0.00897	0.00576	0.00201	0.00622	0.10643	0.00450	0.00672
1	0.17833	0.36652	0.02292	0.12102	0.01978	0.16808	0.01112	0.01944	0.01323	0.01761	0.00921	0.01123	0.00780	0.00577	0.00462	0.00161	0.00745	0.00380	0.00303	0.00744
2	0.01307	0.00663	0.00889	0.00843	0.00986	0.00608	0.00608	0.01280	0.01183	0.15933	0.02750	0.13779	0.16276	0.01738	0.01495	0.37313	0.00467	0.00893	0.00477	0.00514
3	0.13154	0.01038	0.06941	0.00958	0.01256	0.00882	0.00799	0.01728	0.06385	0.16468	0.07667	0.19837	0.12085	0.06992	0.00842	0.00242	0.00475	0.00983	0.00559	0.00707
4	0.01030	0.00578	0.00629	0.00658	0.00752	0.00570	0.00453	0.01226	0.01204	0.01953	0.02301	0.17834	0.02238	0.16388	0.01053	0.00258	0.00367	0.00885	0.49097	0.00525
5	0.30373	0.07446	0.03983	0.00943	0.01352	0.01255	0.00811	0.07999	0.04329	0.04604	0.02251	0.02377	0.15665	0.00828	0.00528	0.00182	0.00500	0.02726	0.00457	0.11392

[dist]
# distance from previous block
# <min> <max>
0	2

[block]
# block no. 1 follows, 36 sequences, length 19
# corresponding to MSA columns:
# 74-92
name=unknown_B
#
# <colnr> <probs for GDERKNQSTAVLIFYWHMCP>
#	G	D	E	R	K	N	Q	S	T	A	V	L	I	F	Y	W	H	M	C	P
0	0.01607	0.16074	0.25012	0.03648	0.04844	0.07675	0.10933	0.10290	0.06944	0.02097	0.01219	0.01407	0.00938	0.00635	0.00645	0.00187	0.04109	0.00509	0.00348	0.00880
1	0.01424	0.00834	0.00861	0.00766	0.00988	0.00875	0.00598	0.16822	0.01659	0.02672	0.01916	0.02143	0.01480	0.00731	0.00476	0.00154	0.00376	0.00576	0.63963	0.00685
2	0.25825	0.01281	0.01587	0.27613	0.06312	0.05356	0.03305	0.03771	0.01379	0.16039	0.01305	0.01517	0.00936	0.00636	0.00553	0.00196	0.00683	0.00501	0.00418	0.00788
3	0.01962	0.02361	0.01820	0.01617	0.01816	0.47684	0.01264	0.02113	0.01458	0.01515	0.00908	0.01214	0.00808	0.00812	0.01124	0.00203	0.29855	0.00456	0.00303	0.00707
4	0.01242	0.00703	0.00892	0.00850	0.01053	0.00626	0.00640	0.01422	0.01491	0.17676	0.18241	0.22536	0.21831	0.01460	0.00795	0.03269	0.00387	0.03617	0.00631	0.00642
5	0.02336	0.02703	0.01788	0.01568	0.01927	0.59583	0.01200	0.17633	0.02019	0.02047	0.01079	0.01205	0.00858	0.00665	0.00575	0.00166	0.01028	0.00436	0.00387	0.00796
6	0.00906	0.00604	0.00680	0.00680	0.00680	0.00604	0.00378	0.00906	0.00906	0.01208	0.01963	0.04077	0.02265	0.78103	0.03171	0.00604	0.00604	0.00906	0.00378	0.00378
7	0.20127	0.01092	0.01331	0.01046	0.01507	0.01021	0.00863	0.02774	0.01626	0.59025	0.02112	0.01880	0.01354	0.00729	0.00574	0.00193	0.00520	0.00564	0.00687	0.00977
8	0.01252	0.01216	0.02230	0.52653	0.07095	0.01380	0.16937	0.01648	0.01277	0.01670	0.01142	0.01674	0.00878	0.00690	0.00755	0.05055	0.00857	0.00593	0.00286	0.00713
9	0.01177	0.01107	0.01869	0.76606	0.04291	0.01384	0.01730	0.01592	0.01246	0.01592	0.01107	0.01661	0.00831	0.00623	0.00623	0.00208	0.00831	0.00554	0.00277	0.00692
10	0.01979	0.05951	0.01687	0.01342	0.01722	0.18194	0.01065	0.28109	0.17495	0.04592	0.03715	0.08124	0.01572	0.00850	0.00617	0.00189	0.00699	0.00663	0.00540	0.00894
11	0.01850	0.01601	0.02105	0.04698	0.06625	0.07006	0.15237	0.25404	0.03965	0.05913	0.01362	0.01522	0.01020	0.00620	0.00606	0.00171	0.00739	0.00548	0.00458	0.18550
12	0.01181	0.01155	0.16735	0.00841	0.01154	0.00769	0.00841	0.01565	0.01309	0.02247	0.01834	0.02104	0.01421	0.00697	0.00470	0.00157	0.00427	0.00555	0.63885	0.00655
13	0.01960	0.02377	0.01726	0.17864	0.02374	0.53362	0.01284	0.02181	0.01590	0.01533	0.01052	0.01348	0.00870	0.00967	0.06698	0.00239	0.01104	0.00456	0.00312	0.00702
14	0.01495	0.01306	0.01976	0.48513	0.15065	0.01519	0.01641	0.16983	0.01640	0.02171	0.01202	0.01606	0.00906	0.00639	0.00622	0.00200	0.00784	0.00556	0.00357	0.00820
15	0.01246	0.00745	0.00761	0.00730	0.00920	0.00791	0.00555	0.01856	0.16915	0.02385	0.02142	0.02323	0.01663	0.00752	0.00479	0.00160	0.00334	0.00608	0.63965	0.00669
16	0.44218	0.04113	0.01402	0.04270	0.05531	0.21439	0.00977	0.03512	0.01319	0.02270	0.00950	0.01153	0.00770	0.00711	0.02265	0.00204	0.03432	0.00395	0.00356	0.00715
17	0.19155	0.01346	0.01975	0.14667	0.39982	0.01440	0.01526	0.03699	0.03874	0.04910	0.01199	0.01494	0.00948	0.00594	0.00569	0.00192	0.00681	0.00516	0.00357	0.00876
18	0.24523	0.20226	0.22918	0.01225	0.01823	0.01651	0.01295	0.07574	0.01386	0.06313	0.01092	0.01213	0.00830	0.00590	0.00485	0.00174	0.00670	0.00408	0.00362	0.05242

[dist]
# distance from previous block
# <min> <max>
3	32

[block]
# block no. 2 follows, 36 sequences, length 75
# corresponding to MSA columns:
# 129-203
name=unknown_C
#
# <colnr> <probs for GDERKNQSTAVLIFYWHMCP>
#	G	D	E	R	K	N	Q	S	T	A	V	L	I	F	Y	W	H	M	C	P
0	0.09489	0.01446	0.02050	0.02389	0.32280	0.03684	0.06132	0.12654	0.03339	0.11743	0.03191	0.01667	0.01185	0.00661	0.00647	0.00191	0.03078	0.00570	0.02677	0.00929
1	0.01559	0.01453	0.02320	0.03308	0.60018	0.01462	0.01723	0.04744	0.08025	0.02161	0.01305	0.01596	0.01069	0.00583	0.00608	0.00181	0.00697	0.00557	0.00354	0.06277
2	0.01490	0.01422	0.02421	0.11228	0.65122	0.01450	0.01870	0.01863	0.01401	0.01985	0.01221	0.01698	0.01039	0.00593	0.00624	0.00190	0.00745	0.02379	0.00312	0.00946
3	0.01514	0.01451	0.02477	0.09507	0.68757	0.01473	0.01898	0.01887	0.01405	0.02001	0.01167	0.01551	0.00975	0.00560	0.00617	0.00187	0.00747	0.00555	0.00306	0.00964
4	0.00899	0.00715	0.01075	0.01303	0.10435	0.00679	0.03337	0.01077	0.01295	0.01763	0.10850	0.57061	0.03796	0.01645	0.00763	0.00236	0.00428	0.01506	0.00546	0.00589
5	0.79557	0.01182	0.00904	0.00811	0.01188	0.01368	0.00666	0.01818	0.01069	0.02778	0.00910	0.01060	0.00708	0.00584	0.00387	0.00191	0.00475	0.00346	0.03327	0.00671
6	0.01583	0.01684	0.02482	0.01923	0.02385	0.11077	0.33519	0.02479	0.26953	0.02129	0.01823	0.01965	0.03557	0.00702	0.00711	0.00206	0.02828	0.00695	0.00436	0.00863
7	0.01497	0.02877	0.63141	0.01669	0.02520	0.01362	0.02081	0.02143	0.01390	0.13586	0.01332	0.01444	0.00910	0.00621	0.00597	0.00197	0.00858	0.00487	0.00344	0.00943
8	0.00736	0.00631	0.00631	0.00631	0.00842	0.00526	0.00473	0.00894	0.01420	0.01683	0.06312	0.05996	0.73964	0.01578	0.00736	0.00210	0.00316	0.01315	0.00579	0.00526
9	0.82504	0.01205	0.00916	0.00819	0.01205	0.01398	0.00675	0.01832	0.01060	0.02795	0.00868	0.01012	0.00675	0.00578	0.00386	0.00193	0.00482	0.00337	0.00386	0.00675
10	0.01543	0.01462	0.02385	0.03495	0.64866	0.01489	0.01793	0.02092	0.10651	0.02109	0.01348	0.01643	0.01105	0.00593	0.00619	0.00188	0.00708	0.00574	0.00350	0.00987
11	0.02565	0.01073	0.01418	0.01102	0.01551	0.00966	0.00904	0.08511	0.01875	0.61486	0.09671	0.02328	0.01945	0.00821	0.00637	0.00193	0.00519	0.00672	0.00750	0.01012
12	0.02647	0.01026	0.01399	0.01098	0.01549	0.00890	0.00902	0.02883	0.01745	0.69073	0.02529	0.05898	0.01724	0.00855	0.00641	0.00198	0.00523	0.02644	0.00756	0.01020
13	0.02795	0.01060	0.01446	0.01109	0.01591	0.00916	0.00916	0.03036	0.01783	0.74648	0.02458	0.02121	0.01542	0.00771	0.00627	0.00193	0.00530	0.00627	0.00771	0.01060
14	0.01481	0.10346	0.56230	0.01642	0.02457	0.01593	0.01995	0.11033	0.01533	0.04372	0.01183	0.01332	0.00848	0.00612	0.00578	0.00190	0.00854	0.00466	0.00325	0.00931
15	0.01649	0.01514	0.02444	0.03516	0.64906	0.01539	0.01818	0.10958	0.01613	0.02279	0.01214	0.01536	0.00996	0.00580	0.00618	0.00185	0.00733	0.00556	0.00349	0.00996
16	0.02368	0.01745	0.01870	0.01434	0.01932	0.01932	0.01184	0.72139	0.02929	0.03927	0.01496	0.01496	0.01060	0.00748	0.00623	0.00187	0.00686	0.00561	0.00623	0.01060
17	0.01277	0.01217	0.02018	0.52498	0.19363	0.01462	0.01731	0.01652	0.01252	0.01679	0.01090	0.01603	0.00864	0.00659	0.00776	0.00210	0.09057	0.00553	0.00283	0.00756
18	0.82504	0.01205	0.00916	0.00819	0.01205	0.01398	0.00675	0.01832	0.01060	0.02795	0.00868	0.01012	0.00675	0.00578	0.00386	0.00193	0.00482	0.00337	0.00386	0.00675
19	0.00759	0.00542	0.00723	0.00868	0.00904	0.00506	0.00578	0.00868	0.01193	0.01591	0.03434	0.77697	0.04121	0.01952	0.00795	0.00253	0.00361	0.01771	0.00578	0.00506
20	0.00906	0.00604	0.00680	0.00680	0.00680	0.00604	0.00378	0.00906	0.00906	0.01208	0.01963	0.04077	0.02265	0.78103	0.03171	0.00604	0.00604	0.00906	0.00378	0.00378
21	0.02343	0.01835	0.01849	0.01443	0.01923	0.07960	0.01180	0.64562	0.04738	0.03694	0.01480	0.01488	0.01061	0.00742	0.00619	0.00185	0.00716	0.00552	0.00599	0.01030
22	0.02795	0.01060	0.01446	0.01109	0.01591	0.00916	0.00916	0.03036	0.01783	0.74648	0.02458	0.02121	0.01542	0.00771	0.00627	0.00193	0.00530	0.00627	0.00771	0.01060
23	0.01589	0.64660	0.16413	0.01196	0.01801	0.02278	0.01293	0.01885	0.01275	0.01559	0.00912	0.01057	0.00798	0.00544	0.00435	0.00145	0.00713	0.00357	0.00266	0.00822
24	0.01666	0.78478	0.03265	0.01066	0.01599	0.02465	0.01066	0.01866	0.01266	0.01466	0.00866	0.00999	0.00800	0.00533	0.00400	0.00133	0.00666	0.00333	0.00267	0.00800
25	0.01082	0.00541	0.00812	0.00812	0.00812	0.00541	0.00541	0.00812	0.00812	0.01082	0.01082	0.01894	0.01082	0.02165	0.02435	0.81872	0.00541	0.00541	0.00271	0.00271
26	0.01481	0.01803	0.09180	0.02523	0.03172	0.01577	0.64322	0.04168	0.01504	0.02054	0.01257	0.01646	0.00937	0.00537	0.00721	0.00208	0.01029	0.00708	0.00321	0.00853
27	0.01161	0.00581	0.00581	0.00581	0.00726	0.00581	0.00436	0.01452	0.01307	0.02323	0.02033	0.02323	0.01597	0.00726	0.00436	0.00145	0.00290	0.00581	0.81562	0.00581
28	0.02224	0.02393	0.07525	0.01545	0.01978	0.34831	0.01287	0.32777	0.02206	0.02606	0.01202	0.01310	0.00914	0.00702	0.00649	0.00179	0.03860	0.00481	0.00446	0.00883
29	0.01533	0.01506	0.02677	0.03670	0.65077	0.01493	0.10934	0.01923	0.01425	0.02030	0.01183	0.01560	0.00982	0.00551	0.00632	0.00188	0.00780	0.00578	0.00309	0.00968
30	0.01161	0.00581	0.00581	0.00581	0.00726	0.00581	0.00436	0.01452	0.01307	0.02323	0.02033	0.02323	0.01597	0.00726	0.00436	0.00145	0.00290	0.00581	0.81562	0.00581
31	0.47712	0.01076	0.01052	0.00914	0.01284	0.01136	0.00736	0.02074	0.01297	0.24512	0.01682	0.11227	0.01383	0.00814	0.00512	0.00201	0.00481	0.00610	0.00528	0.00770
32	0.02327	0.02970	0.01766	0.01605	0.01926	0.75602	0.01204	0.02488	0.01766	0.01525	0.00963	0.01124	0.00803	0.00642	0.00562	0.00161	0.01124	0.00401	0.00321	0.00722
33	0.00863	0.00636	0.00807	0.00764	0.00919	0.00580	0.00573	0.01140	0.01719	0.02394	0.65184	0.04827	0.14649	0.01313	0.00735	0.00198	0.00297	0.01151	0.00672	0.00580
34	0.02327	0.02970	0.01766	0.01605	0.01926	0.75602	0.01204	0.02488	0.01766	0.01525	0.00963	0.01124	0.00803	0.00642	0.00562	0.00161	0.01124	0.00401	0.00321	0.00722
35	0.01082	0.00541	0.00812	0.00812	0.00812	0.00541	0.00541	0.00812	0.00812	0.01082	0.01082	0.01894	0.01082	0.02165	0.02435	0.81872	0.00541	0.00541	0.00271	0.00271
36	0.02762	0.01114	0.01479	0.01134	0.01617	0.00995	0.00937	0.08432	0.01873	0.69126	0.02383	0.02072	0.01505	0.00769	0.00626	0.00192	0.00542	0.00621	0.00760	0.01060
37	0.01177	0.01107	0.01869	0.76606	0.04291	0.01384	0.01730	0.01592	0.01246	0.01592	0.01107	0.01661	0.00831	0.00623	0.00623	0.00208	0.00831	0.00554	0.00277	0.00692
38	0.01177	0.01107	0.01869	0.76606	0.04291	0.01384	0.01730	0.01592	0.01246	0.01592	0.01107	0.01661	0.00831	0.00623	0.00623	0.00208	0.00831	0.00554	0.00277	0.00692
39	0.01604	0.01820	0.03202	0.02360	0.02888	0.11154	0.53774	0.04555	0.01514	0.01959	0.01190	0.01573	0.00919	0.00600	0.00830	0.00209	0.08040	0.00668	0.00323	0.00818
40	0.01539	0.01567	0.02820	0.02108	0.02638	0.01583	0.44507	0.05688	0.25934	0.02293	0.01706	0.01891	0.01276	0.00645	0.00696	0.00209	0.00844	0.00717	0.00438	0.00900
41	0.01161	0.00581	0.00581	0.00581	0.00726	0.00581	0.00436	0.01452	0.01307	0.02323	0.02033	0.02323	0.01597	0.00726	0.00436	0.00145	0.00290	0.00581	0.81562	0.00581
42	0.02327	0.02970	0.01766	0.01605	0.01926	0.75602	0.01204	0.02488	0.01766	0.01525	0.00963	0.01124	0.00803	0.00642	0.00562	0.00161	0.01124	0.00401	0.00321	0.00722
43	0.00921	0.00677	0.00891	0.00961	0.01113	0.00646	0.00797	0.01184	0.01510	0.01991	0.22092	0.08466	0.15545	0.01589	0.00806	0.00250	0.00453	0.38937	0.00604	0.00568
44	0.01161	0.00581	0.00581	0.00581	0.00726	0.00581	0.00436	0.01452	0.01307	0.02323	0.02033	0.02323	0.01597	0.00726	0.00436	0.00145	0.00290	0.00581	0.81562	0.00581
45	0.02329	0.02930	0.01769	0.01600	0.01926	0.73213	0.01203	0.04747	0.01803	0.01603	0.00980	0.01136	0.00811	0.00645	0.00564	0.00161	0.01109	0.00406	0.00331	0.00733
46	0.02795	0.01060	0.01446	0.01109	0.01591	0.00916	0.00916	0.03036	0.01783	0.74648	0.02458	0.02121	0.01542	0.00771	0.00627	0.00193	0.00530	0.00627	0.00771	0.01060
47	0.01324	0.01155	0.01451	0.01297	0.10846	0.00914	0.00889	0.01613	0.01308	0.02031	0.01116	0.01324	0.00931	0.00473	0.00481	0.00104	0.00497	0.00393	0.00361	0.71488
48	0.01489	0.01426	0.02433	0.14430	0.64027	0.01466	0.01886	0.01865	0.01394	0.01971	0.01163	0.01559	0.00964	0.00565	0.00618	0.00188	0.00753	0.00555	0.00304	0.00944
49	0.00909	0.00609	0.00720	0.00718	0.00734	0.00618	0.00428	0.00933	0.00945	0.01277	0.04700	0.03879	0.02303	0.65894	0.09837	0.03144	0.00690	0.00881	0.00382	0.00399
50	0.47666	0.01146	0.01078	0.00949	0.01246	0.01337	0.00772	0.06757	0.03039	0.02598	0.06962	0.01716	0.04082	0.00769	0.00668	0.00200	0.10310	0.00510	0.07504	0.00690
51	0.01321	0.21119	0.51872	0.01528	0.02295	0.01625	0.01871	0.01885	0.01339	0.01892	0.06740	0.01500	0.01189	0.00631	0.00557	0.00182	0.00811	0.00482	0.00297	0.00866
52	0.00962	0.01060	0.10374	0.00919	0.01183	0.03600	0.00814	0.01285	0.01651	0.02264	0.50953	0.04300	0.15839	0.01210	0.00710	0.00197	0.00410	0.01043	0.00600	0.00626
53	0.01303	0.12916	0.65651	0.01684	0.02555	0.01578	0.02143	0.01959	0.01309	0.01908	0.01086	0.01275	0.00791	0.00584	0.00567	0.00189	0.00888	0.00444	0.00264	0.00905
54	0.01376	0.03046	0.68856	0.01721	0.02606	0.01403	0.02188	0.02060	0.01354	0.07930	0.01228	0.01381	0.00851	0.00607	0.00595	0.00197	0.00889	0.00474	0.00305	0.00932
55	0.01177	0.01107	0.01869	0.76606	0.04291	0.01384	0.01730	0.01592	0.01246	0.01592	0.01107	0.01661	0.00831	0.00623	0.00623	0.00208	0.00831	0.00554	0.00277	0.00692
56	0.01550	0.01338	0.01409	0.01268	0.01620	0.01550	0.00986	0.03311	0.73091	0.02606	0.02536	0.02325	0.01902	0.00845	0.00634	0.00211	0.00493	0.00704	0.00634	0.00986
57	0.82504	0.01205	0.00916	0.00819	0.01205	0.01398	0.00675	0.01832	0.01060	0.02795	0.00868	0.01012	0.00675	0.00578	0.00386	0.00193	0.00482	0.00337	0.00386	0.00675
58	0.00863	0.00629	0.00885	0.00918	0.00993	0.00688	0.00667	0.01023	0.01028	0.01439	0.02114	0.19584	0.02250	0.16332	0.46756	0.00767	0.01198	0.00955	0.00396	0.00515
59	0.82504	0.01205	0.00916	0.00819	0.01205	0.01398	0.00675	0.01832	0.01060	0.02795	0.00868	0.01012	0.00675	0.00578	0.00386	0.00193	0.00482	0.00337	0.00386	0.00675
60	0.82504	0.01205	0.00916	0.00819	0.01205	0.01398	0.00675	0.01832	0.01060	0.02795	0.00868	0.01012	0.00675	0.00578	0.00386	0.00193	0.00482	0.00337	0.00386	0.00675
61	0.82504	0.01205	0.00916	0.00819	0.01205	0.01398	0.00675	0.01832	0.01060	0.02795	0.00868	0.01012	0.00675	0.00578	0.00386	0.00193	0.00482	0.00337	0.00386	0.00675
62	0.00892	0.00659	0.00960	0.00960	0.01057	0.00756	0.00727	0.01086	0.00989	0.01416	0.01707	0.02658	0.01649	0.14131	0.66301	0.00950	0.01532	0.00698	0.00339	0.00533
63	0.02327	0.02970	0.01766	0.01605	0.01926	0.75602	0.01204	0.02488	0.01766	0.01525	0.00963	0.01124	0.00803	0.00642	0.00562	0.00161	0.01124	0.00401	0.00321	0.00722
64	0.01531	0.54014	0.26545	0.01297	0.01956	0.02134	0.01468	0.01901	0.01282	0.01631	0.00948	0.01102	0.00796	0.00552	0.00462	0.00154	0.00749	0.00375	0.00265	0.00839
65	0.01177	0.01107	0.01869	0.76606	0.04291	0.01384	0.01730	0.01592	0.01246	0.01592	0.01107	0.01661	0.00831	0.00623	0.00623	0.00208	0.00831	0.00554	0.00277	0.00692
66	0.65694	0.01622	0.16217	0.01017	0.01514	0.01408	0.01011	0.01861	0.01113	0.02625	0.00919	0.01075	0.00698	0.00581	0.00428	0.00194	0.00573	0.00363	0.00360	0.00726
67	0.00990	0.00947	0.06824	0.01247	0.10505	0.00767	0.00888	0.01321	0.01670	0.02364	0.56028	0.04048	0.07684	0.01141	0.00709	0.00195	0.00401	0.01009	0.00600	0.00663
68	0.00882	0.00637	0.00833	0.00784	0.00931	0.00588	0.00588	0.01176	0.01764	0.02499	0.73888	0.04654	0.05879	0.01274	0.00735	0.00196	0.00294	0.01127	0.00686	0.00588
69	0.01250	0.03223	0.74875	0.01776	0.02697	0.01447	0.02302	0.01973	0.01315	0.01973	0.01118	0.01315	0.00789	0.00592	0.00592	0.00197	0.00921	0.00460	0.00263	0.00921
70	0.00890	0.00668	0.01001	0.01001	0.01113	0.00779	0.00779	0.01113	0.01001	0.01446	0.01669	0.02448	0.01558	0.04673	0.75634	0.01001	0.01669	0.00668	0.00334	0.00556
71	0.01390	0.01312	0.02179	0.09280	0.56570	0.01321	0.01670	0.01738	0.01426	0.01992	0.06113	0.02194	0.08688	0.00708	0.00637	0.00190	0.00677	0.00667	0.00356	0.00892
72	0.01429	0.14214	0.34424	0.13024	0.14348	0.01637	0.03997	0.06345	0.01421	0.01973	0.01114	0.01376	0.00851	0.00589	0.00577	0.00187	0.00828	0.00484	0.00297	0.00885
73	0.01189	0.01124	0.01871	0.71731	0.04119	0.01418	0.01706	0.01586	0.01227	0.01586	0.01089	0.01642	0.00830	0.00653	0.00715	0.00212	0.05780	0.00553	0.00277	0.00691
74	0.01365	0.13744	0.17758	0.18069	0.06827	0.03436	0.06672	0.05526	0.03696	0.01991	0.11236	0.02007	0.03637	0.00721	0.00607	0.00189	0.00737	0.00613	0.00372	0.00797

[dist]
# distance from previous block
# <min> <max>
0	2

[block]
# block no. 3 follows, 36 sequences, length 20
# corresponding to MSA columns:
# 206-225
name=unknown_D
#
# <colnr> <probs for GDERKNQSTAVLIFYWHMCP>
#	G	D	E	R	K	N	Q	S	T	A	V	L	I	F	Y	W	H	M	C	P
0	0.02166	0.19897	0.04625	0.01358	0.01879	0.02042	0.01194	0.53229	0.02483	0.03281	0.01335	0.01373	0.00989	0.00692	0.00570	0.00175	0.00689	0.00504	0.00527	0.00994
1	0.01723	0.72236	0.03151	0.01096	0.01626	0.02422	0.01076	0.07582	0.01401	0.01666	0.00917	0.01040	0.00821	0.00551	0.00418	0.00138	0.00668	0.00352	0.00296	0.00821
2	0.01836	0.59716	0.02917	0.01165	0.01681	0.06192	0.01096	0.15460	0.01613	0.01944	0.00993	0.01102	0.00850	0.00580	0.00451	0.00145	0.00694	0.00381	0.00338	0.00846
3	0.01303	0.12795	0.65767	0.01686	0.02557	0.01577	0.02145	0.01959	0.01309	0.01909	0.01086	0.01275	0.00791	0.00584	0.00568	0.00189	0.00888	0.00444	0.00264	0.00905
4	0.00900	0.00657	0.00966	0.00966	0.01063	0.00754	0.00735	0.01082	0.00985	0.01410	0.01668	0.02560	0.01596	0.10745	0.66295	0.04545	0.01529	0.00682	0.00335	0.00529
5	0.01666	0.78478	0.03265	0.01066	0.01599	0.02465	0.01066	0.01866	0.01266	0.01466	0.00866	0.00999	0.00800	0.00533	0.00400	0.00133	0.00666	0.00333	0.00267	0.00800
6	0.01250	0.03223	0.74875	0.01776	0.02697	0.01447	0.02302	0.01973	0.01315	0.01973	0.01118	0.01315	0.00789	0.00592	0.00592	0.00197	0.00921	0.00460	0.00263	0.00921
7	0.00906	0.00604	0.00680	0.00680	0.00680	0.00604	0.00378	0.00906	0.00906	0.01208	0.01963	0.04077	0.02265	0.78103	0.03171	0.00604	0.00604	0.00906	0.00378	0.00378
8	0.82504	0.01205	0.00916	0.00819	0.01205	0.01398	0.00675	0.01832	0.01060	0.02795	0.00868	0.01012	0.00675	0.00578	0.00386	0.00193	0.00482	0.00337	0.00386	0.00675
9	0.01177	0.01107	0.01869	0.76606	0.04291	0.01384	0.01730	0.01592	0.01246	0.01592	0.01107	0.01661	0.00831	0.00623	0.00623	0.00208	0.00831	0.00554	0.00277	0.00692
10	0.01244	0.01164	0.01956	0.49058	0.23993	0.01334	0.01680	0.01619	0.01291	0.01719	0.01333	0.08381	0.01168	0.00722	0.00636	0.00205	0.00763	0.00662	0.00313	0.00760
11	0.01515	0.01453	0.02480	0.09230	0.69023	0.01473	0.01899	0.01888	0.01406	0.02003	0.01167	0.01551	0.00975	0.00560	0.00617	0.00187	0.00747	0.00555	0.00306	0.00965
12	0.01505	0.01442	0.02461	0.11271	0.67063	0.01471	0.01894	0.01879	0.01401	0.01990	0.01165	0.01554	0.00971	0.00562	0.00617	0.00187	0.00749	0.00555	0.00305	0.00957
13	0.01460	0.01429	0.02238	0.26229	0.46007	0.05307	0.01775	0.01830	0.01378	0.01871	0.01139	0.01548	0.00926	0.00577	0.00610	0.00187	0.00778	0.00540	0.00302	0.03869
14	0.01335	0.01255	0.02096	0.31319	0.33306	0.01358	0.04750	0.01753	0.04136	0.01826	0.01307	0.03723	0.01115	0.05160	0.00775	0.00220	0.00754	0.00615	0.00322	0.02874
15	0.04630	0.01599	0.04083	0.10302	0.30699	0.07144	0.06473	0.11648	0.08181	0.02264	0.01371	0.01746	0.01110	0.00676	0.00667	0.00197	0.03099	0.02824	0.00389	0.00900
16	0.04030	0.01408	0.03535	0.08616	0.13413	0.07327	0.01213	0.12926	0.10698	0.04288	0.02200	0.08449	0.09327	0.00951	0.00743	0.00208	0.05808	0.03575	0.00471	0.00814
17	0.06158	0.16973	0.21752	0.08785	0.03995	0.01555	0.01393	0.09960	0.03012	0.02056	0.01566	0.06587	0.04944	0.02926	0.00677	0.00198	0.02697	0.00598	0.00368	0.03800
18	0.01777	0.12787	0.06130	0.05460	0.19744	0.19916	0.03625	0.09008	0.07446	0.02032	0.03126	0.01496	0.01102	0.00655	0.00624	0.00179	0.03149	0.00514	0.00368	0.00861
19	0.05510	0.05002	0.17633	0.28960	0.07057	0.03205	0.05905	0.09717	0.03500	0.02063	0.01167	0.01494	0.00883	0.00645	0.00673	0.00200	0.04707	0.00526	0.00333	0.00820

[dist]
# distance from previous block
# <min> <max>
4	72

[block]
# block no. 4 follows, 36 sequences, length 26
# corresponding to MSA columns:
# 324-349
name=unknown_E
#
# <colnr> <probs for GDERKNQSTAVLIFYWHMCP>
#	G	D	E	R	K	N	Q	S	T	A	V	L	I	F	Y	W	H	M	C	P
0	0.01861	0.05922	0.21416	0.04153	0.07783	0.22524	0.02732	0.03365	0.01576	0.12865	0.02884	0.02973	0.02824	0.00708	0.00605	0.00186	0.00845	0.00543	0.00404	0.03830
1	0.01593	0.15177	0.23985	0.01444	0.03128	0.03694	0.02753	0.16383	0.01730	0.03976	0.07708	0.02377	0.01696	0.03024	0.00698	0.00211	0.00732	0.08394	0.00440	0.00859
2	0.03507	0.10437	0.27158	0.01785	0.11831	0.07366	0.01590	0.10039	0.09356	0.04069	0.03569	0.01727	0.03433	0.00706	0.00599	0.00193	0.00765	0.00550	0.00404	0.00916
3	0.03255	0.14322	0.24254	0.01314	0.01804	0.04941	0.02400	0.04236	0.11054	0.03294	0.01828	0.10360	0.03608	0.09568	0.00896	0.00245	0.00703	0.00709	0.00410	0.00799
4	0.04145	0.16589	0.32743	0.01691	0.02304	0.11740	0.09705	0.01988	0.01356	0.01824	0.01059	0.01315	0.00843	0.00659	0.00740	0.00196	0.09487	0.00477	0.00294	0.00844
5	0.01750	0.25111	0.24732	0.01616	0.02225	0.20228	0.09479	0.02128	0.01466	0.04138	0.01099	0.01289	0.00871	0.00608	0.00559	0.00177	0.00907	0.00456	0.00313	0.00847
6	0.01739	0.20928	0.32857	0.01689	0.08327	0.10003	0.01665	0.02164	0.01447	0.11659	0.01259	0.01392	0.00945	0.00627	0.00563	0.00182	0.00823	0.00465	0.00355	0.00910
7	0.01567	0.30435	0.23824	0.16347	0.02522	0.11849	0.01592	0.01948	0.01365	0.01680	0.01036	0.01289	0.00836	0.00606	0.00538	0.00177	0.00846	0.00435	0.00287	0.00820
8	0.10746	0.29567	0.30824	0.01388	0.02052	0.01886	0.01534	0.11424	0.01508	0.02179	0.01085	0.01240	0.00849	0.00613	0.00519	0.00179	0.00758	0.00426	0.00339	0.00885
9	0.01361	0.26381	0.27207	0.09801	0.02202	0.01611	0.01485	0.01774	0.01371	0.01874	0.10906	0.01750	0.01529	0.00680	0.00557	0.00175	0.00715	0.00524	0.00344	0.07753
10	0.01473	0.30232	0.38804	0.01814	0.11984	0.01836	0.01808	0.01946	0.01332	0.01828	0.01068	0.01278	0.00852	0.00588	0.00540	0.00179	0.00814	0.00438	0.00282	0.00902
11	0.12447	0.35801	0.08203	0.01600	0.15953	0.01793	0.01213	0.01769	0.01314	0.01861	0.01718	0.01858	0.10742	0.00712	0.00517	0.00174	0.00640	0.00532	0.00345	0.00809
12	0.07823	0.33176	0.14904	0.01187	0.01695	0.01772	0.01185	0.11265	0.01603	0.02227	0.15509	0.01896	0.01863	0.00746	0.00544	0.00175	0.00636	0.00556	0.00418	0.00821
13	0.03877	0.40980	0.06718	0.01638	0.11579	0.20623	0.01289	0.03486	0.01464	0.01702	0.00994	0.01180	0.00860	0.00595	0.00500	0.00160	0.00812	0.00404	0.00308	0.00831
14	0.58873	0.05771	0.15927	0.01074	0.01574	0.03940	0.01054	0.01905	0.01168	0.02543	0.00956	0.01124	0.00742	0.00603	0.00449	0.00196	0.00613	0.00376	0.00364	0.00750
15	0.01931	0.52494	0.02812	0.01211	0.01733	0.02298	0.01118	0.25320	0.01841	0.02319	0.01111	0.01213	0.00919	0.00628	0.00490	0.00158	0.00683	0.00421	0.00397	0.00903
16	0.00759	0.00542	0.00723	0.00868	0.00904	0.00506	0.00578	0.00868	0.01193	0.01591	0.03434	0.77697	0.04121	0.01952	0.00795	0.00253	0.00361	0.01771	0.00578	0.00506
17	0.02397	0.01699	0.01841	0.01412	0.01909	0.01864	0.01166	0.67471	0.02852	0.08704	0.01561	0.01538	0.01092	0.00750	0.00624	0.00187	0.00675	0.00565	0.00633	0.01060
18	0.01583	0.27156	0.02774	0.02905	0.50002	0.01809	0.01630	0.01897	0.01368	0.01846	0.01070	0.01361	0.00924	0.00548	0.00544	0.00168	0.00716	0.00481	0.00294	0.00924
19	0.17272	0.00920	0.01102	0.01024	0.01242	0.01057	0.00813	0.10856	0.01274	0.02049	0.01487	0.02034	0.01315	0.03330	0.50574	0.00731	0.01301	0.00588	0.00383	0.00648
20	0.01958	0.46278	0.02668	0.01236	0.01739	0.08693	0.01118	0.25353	0.01864	0.02292	0.01085	0.01176	0.00887	0.00614	0.00489	0.00154	0.00713	0.00415	0.00390	0.00880
21	0.00784	0.00573	0.00737	0.00822	0.00903	0.00526	0.00569	0.00939	0.01344	0.01801	0.19306	0.53492	0.12385	0.01760	0.00775	0.00236	0.00341	0.01578	0.00602	0.00526
22	0.01563	0.01018	0.01110	0.00950	0.01190	0.01091	0.00727	0.26688	0.03847	0.02600	0.01717	0.02184	0.01426	0.10459	0.01117	0.11310	0.00511	0.00612	0.29184	0.00697
23	0.23405	0.35935	0.20798	0.01192	0.01783	0.01900	0.01279	0.04213	0.01278	0.02035	0.00952	0.01100	0.00772	0.00567	0.00452	0.00167	0.00682	0.00374	0.00310	0.00805
24	0.01177	0.16747	0.01335	0.00886	0.01029	0.01015	0.00664	0.04753	0.01107	0.01431	0.01670	0.17076	0.01819	0.14172	0.01716	0.31200	0.00549	0.00803	0.00367	0.00485
25	0.16574	0.24777	0.10547	0.01080	0.01628	0.04624	0.01033	0.01821	0.01273	0.03358	0.01011	0.01163	0.00831	0.00534	0.00452	0.00141	0.00610	0.00369	0.00334	0.27840

[dist]
# distance from previous block
# <min> <max>
4	1090

# created by:
# /home/cegg/simao/soft/augustus-3.2.1/scripts/msa2prfl.pl ./align_prep/EOG090W0EE8.fa
