[name]
unknown

[dist]
# distance from previous block
# <min> <max>
4	79

[block]
# block no. 0 follows, 30 sequences, length 27
# corresponding to MSA columns:
# 116-142
name=unknown_A
#
# <colnr> <probs for GDERKNQSTAVLIFYWHMCP>
#	G	D	E	R	K	N	Q	S	T	A	V	L	I	F	Y	W	H	M	C	P
0	0.01849	0.25915	0.27444	0.01669	0.02383	0.04378	0.04269	0.14867	0.04334	0.02440	0.01292	0.01452	0.00999	0.00703	0.00661	0.00199	0.03240	0.00515	0.00392	0.01001
1	0.01711	0.17059	0.25044	0.07243	0.02397	0.01753	0.01631	0.11930	0.03875	0.05471	0.06334	0.01983	0.03975	0.00779	0.00638	0.00199	0.00787	0.00608	0.00447	0.06136
2	0.10302	0.06853	0.18785	0.04314	0.02318	0.01809	0.04630	0.28738	0.02182	0.03107	0.01864	0.02123	0.05826	0.00847	0.00670	0.00217	0.00798	0.03109	0.00511	0.00997
3	0.04201	0.10034	0.02242	0.14600	0.02533	0.01619	0.10809	0.14698	0.03898	0.02523	0.04074	0.05087	0.01475	0.03585	0.00766	0.00213	0.00756	0.00679	0.00461	0.15747
4	0.05503	0.01906	0.14427	0.01616	0.02232	0.03462	0.09183	0.13109	0.09160	0.17426	0.01904	0.04557	0.01415	0.00795	0.00680	0.00208	0.00763	0.00672	0.00566	0.10417
5	0.04621	0.09147	0.24405	0.07219	0.02710	0.08649	0.14401	0.02271	0.03789	0.07392	0.04458	0.04903	0.01423	0.00772	0.00685	0.00216	0.00924	0.00674	0.00410	0.00929
6	0.07522	0.10828	0.32378	0.07156	0.02736	0.08211	0.09076	0.02221	0.01523	0.04765	0.01256	0.01494	0.00942	0.00651	0.00630	0.00203	0.00939	0.00524	0.00349	0.06595
7	0.05418	0.02333	0.28593	0.01498	0.02087	0.11084	0.01550	0.02301	0.07481	0.09403	0.09319	0.02424	0.03971	0.05643	0.00857	0.00243	0.00807	0.00690	0.03394	0.00903
8	0.01513	0.01194	0.01312	0.01074	0.01480	0.01143	0.00851	0.19251	0.05040	0.02809	0.12843	0.03790	0.24619	0.01152	0.00715	0.00196	0.00506	0.00948	0.00627	0.18936
9	0.02143	0.28802	0.02770	0.02148	0.17704	0.31621	0.01474	0.02392	0.01690	0.01814	0.01093	0.01315	0.00945	0.00653	0.00579	0.00175	0.00978	0.00461	0.00335	0.00907
10	0.01041	0.00771	0.01089	0.01073	0.01172	0.00893	0.00810	0.01246	0.01116	0.01622	0.01897	0.02990	0.01842	0.17032	0.53760	0.00958	0.05279	0.00783	0.04031	0.00597
11	0.01683	0.01714	0.05803	0.09167	0.63385	0.01649	0.02146	0.02119	0.01570	0.02241	0.01305	0.01726	0.01083	0.00629	0.00690	0.00210	0.00845	0.00617	0.00341	0.01078
12	0.02109	0.07643	0.10519	0.02021	0.14277	0.01460	0.08050	0.06747	0.03307	0.24778	0.05270	0.07123	0.01788	0.00867	0.00705	0.00216	0.00742	0.00763	0.00575	0.01037
13	0.01555	0.02063	0.15599	0.13403	0.07973	0.01715	0.40076	0.02135	0.01552	0.02144	0.01332	0.01783	0.01006	0.00645	0.00826	0.00233	0.03973	0.00717	0.00334	0.00936
14	0.00997	0.00748	0.01121	0.01121	0.01246	0.00872	0.00872	0.01246	0.01121	0.01620	0.01869	0.02741	0.01745	0.05234	0.72710	0.01121	0.01869	0.00748	0.00374	0.00623
15	0.01493	0.01464	0.02175	0.37115	0.26014	0.06769	0.01807	0.01883	0.01507	0.01945	0.01694	0.07230	0.04312	0.00828	0.00710	0.00224	0.00858	0.00743	0.00364	0.00863
16	0.01867	0.01837	0.04239	0.03720	0.04831	0.21480	0.01157	0.08854	0.06914	0.06546	0.01914	0.02456	0.03869	0.12268	0.14545	0.00442	0.01076	0.00696	0.00470	0.00817
17	0.00861	0.00612	0.00807	0.00958	0.00996	0.00574	0.00633	0.00974	0.01316	0.01754	0.03741	0.70519	0.04483	0.06868	0.01061	0.00309	0.00422	0.01922	0.00633	0.00558
18	0.01727	0.01658	0.02832	0.04283	0.71123	0.01658	0.02142	0.02142	0.01589	0.02280	0.01313	0.01727	0.01105	0.00622	0.00691	0.00207	0.00829	0.00622	0.00345	0.01105
19	0.05503	0.01401	0.02314	0.44226	0.29296	0.01591	0.01953	0.01930	0.01457	0.02036	0.01254	0.01774	0.00986	0.00667	0.00682	0.00222	0.00873	0.00608	0.00329	0.00897
20	0.01784	0.01765	0.02778	0.04124	0.66692	0.06220	0.02091	0.02183	0.01614	0.02243	0.01298	0.01697	0.01092	0.00628	0.00687	0.00205	0.00857	0.00611	0.00346	0.01086
21	0.00872	0.00616	0.00803	0.00944	0.00979	0.00581	0.00619	0.00977	0.01294	0.01726	0.03632	0.65855	0.04345	0.11720	0.01237	0.00335	0.00440	0.01858	0.00619	0.00548
22	0.01685	0.01644	0.02863	0.08524	0.58003	0.01682	0.07750	0.02106	0.01558	0.02217	0.01299	0.01740	0.01082	0.00651	0.00775	0.00216	0.04171	0.00638	0.00342	0.01055
23	0.01277	0.01121	0.01118	0.01072	0.01169	0.10215	0.00745	0.01462	0.04353	0.01556	0.01934	0.03430	0.02022	0.40780	0.20440	0.00685	0.04797	0.00843	0.00410	0.00573
24	0.00850	0.00607	0.00810	0.00972	0.01012	0.00567	0.00648	0.00972	0.01336	0.01781	0.03846	0.75020	0.04615	0.02186	0.00891	0.00283	0.00405	0.01984	0.00648	0.00567
25	0.00850	0.00691	0.00754	0.00775	0.00968	0.00594	0.00567	0.01037	0.01597	0.01986	0.14801	0.18248	0.51111	0.01795	0.00836	0.00242	0.00359	0.01533	0.00664	0.00594
26	0.00998	0.00744	0.01104	0.01104	0.01223	0.00863	0.00851	0.01235	0.01116	0.01607	0.01885	0.02828	0.01782	0.08556	0.69439	0.01100	0.01813	0.00760	0.00376	0.00614

[dist]
# distance from previous block
# <min> <max>
0	43

[block]
# block no. 1 follows, 30 sequences, length 42
# corresponding to MSA columns:
# 192-233
name=unknown_B
#
# <colnr> <probs for GDERKNQSTAVLIFYWHMCP>
#	G	D	E	R	K	N	Q	S	T	A	V	L	I	F	Y	W	H	M	C	P
0	0.01400	0.03610	0.71860	0.01989	0.03020	0.01621	0.02578	0.02210	0.01473	0.02210	0.01252	0.01473	0.00884	0.00663	0.00663	0.00221	0.01031	0.00516	0.00295	0.01031
1	0.02607	0.03326	0.01978	0.01798	0.02157	0.72674	0.01348	0.02787	0.01978	0.01708	0.01079	0.01258	0.00899	0.00719	0.00629	0.00180	0.01258	0.00449	0.00360	0.00809
2	0.01400	0.03610	0.71860	0.01989	0.03020	0.01621	0.02578	0.02210	0.01473	0.02210	0.01252	0.01473	0.00884	0.00663	0.00663	0.00221	0.01031	0.00516	0.00295	0.01031
3	0.01479	0.00767	0.00878	0.00820	0.01012	0.00771	0.00614	0.03767	0.01481	0.10310	0.02253	0.02815	0.01853	0.10899	0.09791	0.00354	0.00604	0.00714	0.48120	0.00696
4	0.01006	0.00678	0.00787	0.00795	0.00805	0.00684	0.00463	0.01028	0.01037	0.01391	0.02256	0.07799	0.02584	0.67399	0.07944	0.00687	0.00742	0.01043	0.00430	0.00443
5	0.01607	0.01801	0.03881	0.06171	0.03596	0.01709	0.62266	0.02177	0.01633	0.02207	0.01512	0.02166	0.01194	0.00657	0.00824	0.00239	0.01140	0.03935	0.00365	0.00919
6	0.01612	0.31034	0.34998	0.01787	0.02571	0.02096	0.09593	0.02144	0.01455	0.01973	0.01148	0.01387	0.00910	0.00653	0.00667	0.00199	0.04012	0.00500	0.00303	0.00958
7	0.02497	0.01678	0.11019	0.01358	0.01876	0.09268	0.01215	0.02822	0.01871	0.43569	0.07532	0.08065	0.02110	0.00966	0.00712	0.00218	0.00694	0.00791	0.00705	0.01035
8	0.00850	0.00607	0.00810	0.00972	0.01012	0.00567	0.00648	0.00972	0.01336	0.01781	0.03846	0.75020	0.04615	0.02186	0.00891	0.00283	0.00405	0.01984	0.00648	0.00567
9	0.01344	0.01276	0.02098	0.64949	0.04440	0.01623	0.01887	0.01770	0.01355	0.01770	0.01200	0.01819	0.00928	0.00762	0.00893	0.00242	0.09940	0.00619	0.00309	0.00774
10	0.02296	0.01839	0.01892	0.01732	0.08045	0.10283	0.01271	0.29502	0.19294	0.08905	0.01985	0.01973	0.01459	0.00832	0.00680	0.00210	0.00738	0.00653	0.05327	0.01082
11	0.02588	0.01986	0.01818	0.01510	0.01977	0.19776	0.01198	0.19190	0.16523	0.23014	0.02081	0.01967	0.01469	0.00838	0.00684	0.00209	0.00797	0.00638	0.00662	0.01073
12	0.01626	0.01840	0.03985	0.07571	0.03723	0.01751	0.64233	0.02206	0.01631	0.02206	0.01401	0.01881	0.01050	0.00595	0.00815	0.00235	0.01160	0.00810	0.00350	0.00930
13	0.01550	0.01362	0.02344	0.37350	0.23108	0.01504	0.07001	0.01979	0.01485	0.06508	0.01428	0.01935	0.01114	0.01078	0.07055	0.00303	0.00981	0.00653	0.00365	0.00896
14	0.01546	0.01552	0.02339	0.47464	0.21292	0.07856	0.04212	0.01978	0.01504	0.01917	0.01250	0.01774	0.00976	0.00677	0.00694	0.00222	0.00942	0.00612	0.00325	0.00867
15	0.00880	0.00624	0.00823	0.00970	0.01014	0.00589	0.00654	0.01001	0.01322	0.01760	0.03693	0.65146	0.04399	0.08634	0.01129	0.00320	0.00442	0.05413	0.00628	0.00558
16	0.00862	0.00617	0.00821	0.00963	0.01015	0.00575	0.00649	0.01002	0.01392	0.01871	0.09746	0.68865	0.04789	0.02119	0.00885	0.00278	0.00398	0.01920	0.00658	0.00575
17	0.01781	0.01753	0.07018	0.03330	0.47322	0.01665	0.01892	0.11251	0.06992	0.02591	0.01750	0.02146	0.03657	0.00761	0.00705	0.00215	0.00790	0.02864	0.00438	0.01078
18	0.01196	0.00765	0.00969	0.00888	0.01107	0.00687	0.00676	0.01492	0.01909	0.10263	0.51875	0.05166	0.17489	0.01425	0.00810	0.00222	0.00363	0.01237	0.00757	0.00705
19	0.06126	0.01985	0.01894	0.01541	0.02031	0.12227	0.01239	0.38887	0.16129	0.08046	0.01857	0.01819	0.01347	0.00835	0.00678	0.00211	0.00774	0.00627	0.00650	0.01095
20	0.01336	0.01259	0.02126	0.70731	0.07732	0.01555	0.01947	0.01799	0.01404	0.01805	0.01243	0.01855	0.00938	0.00694	0.00697	0.00231	0.00926	0.00620	0.00312	0.00790
21	0.01866	0.75896	0.03657	0.01194	0.01791	0.02761	0.01194	0.02090	0.01418	0.01642	0.00970	0.01119	0.00896	0.00597	0.00448	0.00149	0.00746	0.00373	0.00299	0.00896
22	0.01435	0.01333	0.02239	0.50357	0.23724	0.01539	0.01929	0.01879	0.01454	0.01964	0.01310	0.01857	0.01021	0.00681	0.00686	0.00222	0.00873	0.00622	0.04011	0.00864
23	0.02507	0.01949	0.01944	0.01561	0.02065	0.09341	0.01262	0.44126	0.16008	0.09089	0.01924	0.01867	0.01383	0.00849	0.00694	0.00212	0.00763	0.00647	0.00678	0.01131
24	0.01014	0.00679	0.00773	0.00773	0.00778	0.00683	0.00438	0.01023	0.01018	0.01362	0.02187	0.04504	0.02510	0.73060	0.05930	0.00692	0.00718	0.01006	0.00421	0.00430
25	0.00850	0.00607	0.00810	0.00972	0.01012	0.00567	0.00648	0.00972	0.01336	0.01781	0.03846	0.75020	0.04615	0.02186	0.00891	0.00283	0.00405	0.01984	0.00648	0.00567
26	0.00849	0.00612	0.00805	0.00960	0.01009	0.00568	0.00643	0.00973	0.01347	0.01786	0.03986	0.72067	0.07479	0.02168	0.00888	0.00281	0.00403	0.01962	0.00648	0.00568
27	0.01866	0.75896	0.03657	0.01194	0.01791	0.02761	0.01194	0.02090	0.01418	0.01642	0.00970	0.01119	0.00896	0.00597	0.00448	0.00149	0.00746	0.00373	0.00299	0.00896
28	0.01318	0.01240	0.02093	0.73798	0.04806	0.01550	0.01938	0.01783	0.01395	0.01783	0.01240	0.01860	0.00930	0.00698	0.00698	0.00233	0.00930	0.00620	0.00310	0.00775
29	0.00848	0.00616	0.00801	0.00948	0.01006	0.00569	0.00637	0.00974	0.01358	0.01791	0.04130	0.68998	0.10455	0.02149	0.00885	0.00279	0.00400	0.01939	0.00648	0.00569
30	0.00855	0.00611	0.00814	0.00968	0.01013	0.00570	0.00648	0.00983	0.01358	0.01816	0.06104	0.72664	0.04682	0.02161	0.00888	0.00281	0.00402	0.01959	0.00652	0.00570
31	0.01507	0.01601	0.02987	0.02464	0.08808	0.05306	0.40076	0.01948	0.01614	0.02140	0.04438	0.15298	0.02080	0.01001	0.00823	0.00244	0.00948	0.05428	0.00439	0.00852
32	0.01058	0.00837	0.01238	0.01203	0.01313	0.01018	0.00948	0.01296	0.01115	0.01627	0.01760	0.02602	0.01649	0.04772	0.64614	0.01028	0.10185	0.00732	0.00366	0.00639
33	0.01400	0.03610	0.71860	0.01989	0.03020	0.01621	0.02578	0.02210	0.01473	0.02210	0.01252	0.01473	0.00884	0.00663	0.00663	0.00221	0.01031	0.00516	0.00295	0.01031
34	0.01713	0.01644	0.02807	0.06685	0.68832	0.01654	0.02135	0.02129	0.01582	0.02263	0.01310	0.01732	0.01099	0.00624	0.00691	0.00208	0.00833	0.00622	0.00344	0.01094
35	0.01213	0.00985	0.01207	0.01016	0.01336	0.00904	0.00790	0.01630	0.06279	0.02540	0.37414	0.03650	0.06302	0.01099	0.00803	0.00189	0.04793	0.00924	0.00618	0.26311
36	0.01858	0.37916	0.24456	0.01599	0.02332	0.02109	0.07542	0.02301	0.01526	0.10472	0.01315	0.01450	0.01009	0.00649	0.00578	0.00187	0.00853	0.00497	0.00372	0.00977
37	0.08912	0.01739	0.04602	0.01689	0.10240	0.15097	0.01213	0.08485	0.03380	0.13087	0.09885	0.07646	0.06570	0.01007	0.00750	0.00217	0.03214	0.00804	0.00562	0.00900
38	0.02181	0.10850	0.02078	0.01450	0.01971	0.02003	0.01201	0.35599	0.22411	0.03438	0.01892	0.01859	0.01414	0.00812	0.00655	0.00201	0.00680	0.00625	0.00627	0.08053
39	0.02192	0.01658	0.01775	0.01438	0.01875	0.01844	0.01141	0.43124	0.19133	0.03596	0.02035	0.02321	0.01612	0.11714	0.01116	0.00284	0.00702	0.00724	0.00661	0.01056
40	0.05216	0.01915	0.02037	0.01575	0.02122	0.02126	0.01298	0.63829	0.06007	0.04293	0.01701	0.01696	0.01212	0.00836	0.00690	0.00211	0.00751	0.00627	0.00690	0.01169
41	0.01644	0.28633	0.43589	0.01688	0.02537	0.02053	0.02015	0.06519	0.01572	0.02155	0.01182	0.01363	0.00908	0.00651	0.00590	0.00195	0.00915	0.00473	0.00322	0.00994

[dist]
# distance from previous block
# <min> <max>
0	2

[block]
# block no. 2 follows, 30 sequences, length 10
# corresponding to MSA columns:
# 236-245
name=unknown_C
#
# <colnr> <probs for GDERKNQSTAVLIFYWHMCP>
#	G	D	E	R	K	N	Q	S	T	A	V	L	I	F	Y	W	H	M	C	P
0	0.10345	0.06225	0.02079	0.01513	0.02061	0.02139	0.01262	0.58246	0.02964	0.04110	0.01564	0.01589	0.01127	0.00805	0.00657	0.00207	0.00744	0.00588	0.00648	0.01127
1	0.01629	0.39195	0.38284	0.01598	0.02415	0.02182	0.01897	0.02151	0.01446	0.01930	0.01113	0.01299	0.00890	0.00631	0.00557	0.00186	0.00891	0.00445	0.00297	0.00964
2	0.01911	0.25115	0.35011	0.01606	0.02382	0.05713	0.01818	0.02414	0.01576	0.14216	0.01421	0.01513	0.01037	0.00681	0.00603	0.00196	0.00880	0.00502	0.00399	0.01006
3	0.01815	0.01539	0.01623	0.01436	0.01845	0.01773	0.01124	0.09362	0.64078	0.03048	0.02739	0.02523	0.02048	0.00937	0.00709	0.00234	0.00571	0.00775	0.00709	0.01112
4	0.01547	0.26440	0.50319	0.01738	0.02632	0.01981	0.02141	0.02172	0.01456	0.02030	0.01163	0.01362	0.00888	0.00642	0.00595	0.00198	0.00941	0.00471	0.00296	0.00988
5	0.02510	0.02143	0.10049	0.01649	0.02262	0.02102	0.01469	0.61204	0.03075	0.04148	0.01627	0.01652	0.01152	0.00818	0.00694	0.00211	0.00798	0.00615	0.00652	0.01169
6	0.02653	0.01955	0.02094	0.01606	0.02164	0.02164	0.01326	0.68796	0.03281	0.04398	0.01675	0.01675	0.01187	0.00838	0.00698	0.00209	0.00768	0.00628	0.00698	0.01187
7	0.01951	0.54118	0.11347	0.01375	0.02002	0.07268	0.01382	0.09756	0.01675	0.02027	0.01091	0.01234	0.00928	0.00640	0.00514	0.00167	0.00817	0.00424	0.00348	0.00939
8	0.08273	0.42867	0.21118	0.01424	0.02117	0.02300	0.01535	0.09332	0.01615	0.02211	0.01120	0.01273	0.00913	0.00644	0.00530	0.00180	0.00806	0.00438	0.00352	0.00951
9	0.11572	0.17937	0.32663	0.01616	0.02364	0.01891	0.03892	0.07993	0.07123	0.04787	0.01378	0.01509	0.01031	0.00689	0.00602	0.00206	0.00839	0.00516	0.00401	0.00990

[dist]
# distance from previous block
# <min> <max>
5	30

[block]
# block no. 3 follows, 30 sequences, length 9
# corresponding to MSA columns:
# 276-284
name=unknown_D
#
# <colnr> <probs for GDERKNQSTAVLIFYWHMCP>
#	G	D	E	R	K	N	Q	S	T	A	V	L	I	F	Y	W	H	M	C	P
0	0.01664	0.01411	0.02314	0.11888	0.45331	0.01425	0.01788	0.02050	0.01625	0.07926	0.06295	0.02622	0.05418	0.00835	0.00723	0.00220	0.00754	0.04278	0.00443	0.00991
1	0.01479	0.01404	0.02384	0.46489	0.30859	0.01593	0.02018	0.01924	0.01471	0.01978	0.01269	0.01808	0.00999	0.00668	0.00695	0.00223	0.00890	0.00621	0.00324	0.00905
2	0.01505	0.01432	0.02432	0.41961	0.35179	0.01600	0.02031	0.01947	0.01484	0.02011	0.01273	0.01799	0.01010	0.00663	0.00695	0.00221	0.00884	0.00621	0.00326	0.00926
3	0.01630	0.01559	0.02657	0.20756	0.55408	0.01633	0.02093	0.02057	0.01543	0.02162	0.01295	0.01759	0.01064	0.00640	0.00692	0.00213	0.00853	0.00621	0.00337	0.01027
4	0.01309	0.05628	0.01484	0.01389	0.07084	0.05974	0.00978	0.01575	0.03461	0.01968	0.10543	0.12494	0.10059	0.08823	0.05775	0.00327	0.08640	0.03868	0.00499	0.08121
5	0.01578	0.12671	0.40682	0.02148	0.14336	0.01659	0.02064	0.02151	0.01506	0.06274	0.01528	0.07575	0.01281	0.00784	0.00660	0.00214	0.00880	0.00647	0.00367	0.00997
6	0.08572	0.10404	0.11370	0.01364	0.01885	0.01516	0.03379	0.11996	0.06603	0.07129	0.07173	0.04752	0.03720	0.00957	0.00672	0.00212	0.00674	0.07635	0.00539	0.09448
7	0.13214	0.02166	0.05368	0.02007	0.13920	0.18946	0.01425	0.21910	0.05749	0.06610	0.01469	0.01585	0.01107	0.00744	0.00642	0.00205	0.00857	0.00556	0.00508	0.01010
8	0.10252	0.01449	0.05873	0.01248	0.01613	0.05227	0.01050	0.12080	0.06462	0.10409	0.13489	0.07117	0.10072	0.01341	0.04614	0.00275	0.05080	0.00882	0.00606	0.00862

[dist]
# distance from previous block
# <min> <max>
8	38

[block]
# block no. 4 follows, 30 sequences, length 13
# corresponding to MSA columns:
# 323-335
name=unknown_E
#
# <colnr> <probs for GDERKNQSTAVLIFYWHMCP>
#	G	D	E	R	K	N	Q	S	T	A	V	L	I	F	Y	W	H	M	C	P
0	0.01796	0.01320	0.01766	0.18709	0.09959	0.03667	0.01337	0.11628	0.01926	0.12716	0.15349	0.02872	0.02411	0.00940	0.00723	0.00216	0.00691	0.04768	0.00571	0.06635
1	0.20417	0.01553	0.02324	0.03283	0.49963	0.01594	0.01739	0.02205	0.01522	0.07148	0.01329	0.01630	0.01065	0.00644	0.00630	0.00210	0.00745	0.00570	0.00401	0.01028
2	0.01508	0.01434	0.02437	0.41496	0.35623	0.01600	0.02033	0.01950	0.01485	0.02014	0.01274	0.01798	0.01012	0.00662	0.00695	0.00221	0.00883	0.00621	0.00327	0.00929
3	0.01645	0.01574	0.02684	0.18221	0.57827	0.01636	0.02101	0.02070	0.01550	0.02180	0.01298	0.01754	0.01070	0.00637	0.00692	0.00212	0.00849	0.00621	0.00338	0.01039
4	0.01570	0.01448	0.02349	0.39254	0.29910	0.01607	0.01928	0.06431	0.01599	0.02170	0.01297	0.01780	0.01019	0.00670	0.00688	0.00216	0.00863	0.00613	0.00354	0.04234
5	0.01903	0.01499	0.01887	0.01930	0.18166	0.04277	0.01243	0.08748	0.04149	0.11241	0.01540	0.01685	0.01186	0.00640	0.00611	0.00160	0.00657	0.00535	0.00490	0.37452
6	0.07194	0.01143	0.01292	0.01114	0.01467	0.03581	0.03408	0.02070	0.14210	0.09089	0.17834	0.06372	0.16977	0.01163	0.00723	0.00213	0.00506	0.00983	0.00641	0.10018
7	0.01584	0.01139	0.01467	0.01150	0.01626	0.00952	0.03718	0.04351	0.01685	0.11089	0.13188	0.06401	0.02425	0.00906	0.00659	0.00170	0.00536	0.05161	0.00564	0.41230
8	0.01750	0.01421	0.02080	0.12157	0.23035	0.01415	0.03815	0.04866	0.10944	0.09245	0.01755	0.04748	0.01407	0.00747	0.00671	0.00197	0.00708	0.00668	0.00482	0.17890
9	0.12274	0.01420	0.04781	0.08429	0.23277	0.01397	0.01422	0.04450	0.08703	0.04304	0.14817	0.02608	0.02297	0.00873	0.00685	0.00217	0.00657	0.02865	0.00508	0.04015
10	0.11316	0.01349	0.01839	0.06760	0.08719	0.01311	0.08059	0.03916	0.09147	0.05523	0.06065	0.02254	0.01665	0.00765	0.00644	0.00191	0.00655	0.03970	0.00490	0.25359
11	0.01617	0.01372	0.01959	0.02253	0.25001	0.01312	0.03718	0.05003	0.10480	0.05323	0.04456	0.08421	0.04362	0.00861	0.00681	0.00194	0.00641	0.00773	0.00500	0.21071
12	0.04120	0.01417	0.01845	0.01611	0.07880	0.01371	0.07304	0.14944	0.09608	0.05096	0.08177	0.02446	0.07065	0.00835	0.00671	0.00188	0.00631	0.00718	0.00555	0.23518

[dist]
# distance from previous block
# <min> <max>
5	71

[block]
# block no. 5 follows, 30 sequences, length 24
# corresponding to MSA columns:
# 408-431
name=unknown_F
#
# <colnr> <probs for GDERKNQSTAVLIFYWHMCP>
#	G	D	E	R	K	N	Q	S	T	A	V	L	I	F	Y	W	H	M	C	P
0	0.03664	0.01257	0.04249	0.07653	0.01997	0.01160	0.07168	0.05346	0.03071	0.06098	0.07668	0.12695	0.07909	0.01104	0.00815	0.00216	0.05015	0.03980	0.00525	0.18413
1	0.07096	0.01494	0.02342	0.01790	0.02280	0.01490	0.23380	0.18288	0.02037	0.11129	0.08099	0.07679	0.03718	0.03724	0.00862	0.00245	0.00787	0.02050	0.00576	0.00933
2	0.01787	0.05586	0.02507	0.01829	0.02348	0.03293	0.24049	0.09052	0.12648	0.07437	0.01945	0.08068	0.01633	0.04034	0.00844	0.00232	0.00807	0.00810	0.00513	0.10576
3	0.13955	0.01402	0.02047	0.01615	0.02069	0.01425	0.17284	0.12060	0.04736	0.13474	0.08440	0.06612	0.04195	0.00987	0.00767	0.00234	0.02399	0.04793	0.00590	0.00915
4	0.01941	0.01695	0.05787	0.01572	0.02116	0.04710	0.10602	0.23303	0.02121	0.07016	0.01915	0.06874	0.03190	0.00867	0.00690	0.00197	0.00745	0.03164	0.02155	0.19340
5	0.01333	0.01152	0.01668	0.01822	0.14832	0.01130	0.06743	0.06119	0.08324	0.02299	0.06544	0.23394	0.13142	0.01343	0.00784	0.00236	0.00590	0.02807	0.00567	0.05171
6	0.09291	0.10911	0.01552	0.01147	0.01481	0.01320	0.00949	0.10097	0.03277	0.10996	0.03180	0.15025	0.13580	0.01332	0.00778	0.00239	0.02773	0.10652	0.00604	0.00815
7	0.03647	0.10650	0.02040	0.01412	0.01863	0.01617	0.08249	0.21859	0.08110	0.06082	0.15352	0.04357	0.07687	0.00992	0.00708	0.00210	0.00647	0.00838	0.00615	0.03065
8	0.01907	0.46361	0.07762	0.01430	0.02027	0.02401	0.04941	0.11115	0.11742	0.02262	0.01381	0.01476	0.01123	0.00684	0.00554	0.00180	0.00763	0.00502	0.00414	0.00976
9	0.49016	0.01307	0.01458	0.10161	0.01987	0.01440	0.06843	0.01936	0.01342	0.02748	0.05445	0.01924	0.01354	0.00756	0.00558	0.00218	0.00635	0.04080	0.00440	0.06355
10	0.07337	0.01712	0.02333	0.01902	0.02146	0.08096	0.13352	0.02127	0.05425	0.06202	0.01249	0.01655	0.01050	0.00986	0.01561	0.00266	0.40738	0.00634	0.00386	0.00845
11	0.01084	0.00869	0.01367	0.01335	0.01534	0.00831	0.09286	0.01375	0.01567	0.02071	0.09494	0.25734	0.07728	0.01782	0.00906	0.00286	0.00599	0.30878	0.00619	0.00657
12	0.02005	0.01618	0.01733	0.01434	0.01911	0.01778	0.01144	0.25118	0.39226	0.03331	0.02254	0.02151	0.01680	0.00857	0.00682	0.00211	0.00620	0.00689	0.00669	0.10887
13	0.01862	0.01490	0.01971	0.04457	0.10648	0.01434	0.05968	0.13262	0.12110	0.08044	0.01690	0.01811	0.01284	0.00686	0.00640	0.00177	0.00670	0.00590	0.00523	0.30683
14	0.01976	0.02609	0.39816	0.01702	0.02492	0.01536	0.01905	0.08500	0.10243	0.19517	0.01854	0.01852	0.01272	0.00763	0.00681	0.00221	0.00842	0.00605	0.00521	0.01092
15	0.01400	0.03610	0.71860	0.01989	0.03020	0.01621	0.02578	0.02210	0.01473	0.02210	0.01252	0.01473	0.00884	0.00663	0.00663	0.00221	0.01031	0.00516	0.00295	0.01031
16	0.01210	0.00762	0.00964	0.00899	0.01112	0.00683	0.00679	0.01485	0.01849	0.11071	0.44301	0.11242	0.18097	0.01488	0.00814	0.00228	0.00373	0.01296	0.00747	0.00703
17	0.01563	0.03184	0.58424	0.01868	0.02787	0.01592	0.02291	0.02475	0.09746	0.07209	0.01550	0.01673	0.01094	0.00711	0.00671	0.00223	0.00943	0.00562	0.00385	0.01051
18	0.01506	0.01352	0.02134	0.61009	0.08136	0.01632	0.01873	0.10116	0.01640	0.02135	0.01298	0.01830	0.00972	0.00711	0.00697	0.00228	0.00905	0.00621	0.00360	0.00844
19	0.01560	0.01626	0.02689	0.02141	0.02338	0.02034	0.20204	0.01834	0.01230	0.01834	0.01054	0.01626	0.00956	0.01045	0.01882	0.00286	0.53861	0.00670	0.00319	0.00813
20	0.00850	0.00607	0.00810	0.00972	0.01012	0.00567	0.00648	0.00972	0.01336	0.01781	0.03846	0.75020	0.04615	0.02186	0.00891	0.00283	0.00405	0.01984	0.00648	0.00567
21	0.01668	0.02297	0.22617	0.02284	0.03054	0.01666	0.33923	0.09774	0.01760	0.02480	0.01376	0.01690	0.01021	0.00629	0.00726	0.00212	0.01007	0.00664	0.00383	0.10770
22	0.06641	0.02340	0.15400	0.01878	0.08280	0.10667	0.01592	0.34768	0.02440	0.07098	0.01509	0.01598	0.01092	0.00762	0.00668	0.00208	0.00862	0.00574	0.00543	0.01079
23	0.11154	0.01303	0.02117	0.59281	0.04288	0.01569	0.06943	0.01851	0.01389	0.01985	0.01220	0.01772	0.00919	0.00683	0.00674	0.00231	0.00901	0.00606	0.00328	0.00786

[dist]
# distance from previous block
# <min> <max>
10	15

[block]
# block no. 6 follows, 30 sequences, length 15
# corresponding to MSA columns:
# 447-461
name=unknown_G
#
# <colnr> <probs for GDERKNQSTAVLIFYWHMCP>
#	G	D	E	R	K	N	Q	S	T	A	V	L	I	F	Y	W	H	M	C	P
0	0.01685	0.01816	0.12135	0.01506	0.01996	0.01718	0.01326	0.03483	0.59589	0.02813	0.02602	0.02434	0.01943	0.00904	0.00703	0.00234	0.00624	0.00748	0.00648	0.01094
1	0.00949	0.00697	0.00889	0.00873	0.01027	0.00637	0.00642	0.01229	0.01836	0.02542	0.53501	0.15869	0.13556	0.01579	0.00833	0.00231	0.00343	0.01394	0.00736	0.00637
2	0.01528	0.01289	0.01491	0.01072	0.01688	0.01014	0.00861	0.06283	0.01571	0.02417	0.01270	0.01462	0.01044	0.00538	0.00529	0.00111	0.00534	0.00428	0.00433	0.74438
3	0.02090	0.01631	0.01662	0.01573	0.06454	0.12115	0.01146	0.03139	0.32907	0.17678	0.09788	0.02574	0.02269	0.00924	0.00707	0.00220	0.00662	0.00759	0.00673	0.01030
4	0.01479	0.03114	0.55356	0.01855	0.02737	0.01648	0.02232	0.02562	0.17533	0.02376	0.01625	0.01739	0.01177	0.00730	0.00674	0.00225	0.00919	0.00580	0.00392	0.01049
5	0.01086	0.00776	0.01080	0.01241	0.01385	0.00770	0.01057	0.01379	0.01568	0.02045	0.03716	0.17327	0.04100	0.01964	0.00954	0.00316	0.00609	0.57352	0.00643	0.00632
6	0.00976	0.00660	0.00773	0.00811	0.00820	0.00651	0.00476	0.01005	0.01090	0.01454	0.02586	0.21111	0.03025	0.58265	0.02927	0.00584	0.00613	0.01242	0.00476	0.00457
7	0.02653	0.01955	0.02094	0.01606	0.02164	0.02164	0.01326	0.68796	0.03281	0.04398	0.01675	0.01675	0.01187	0.00838	0.00698	0.00209	0.00768	0.00628	0.00698	0.01187
8	0.02136	0.19897	0.02716	0.01833	0.02249	0.35673	0.11438	0.02384	0.01669	0.01768	0.01080	0.01357	0.00925	0.00741	0.00850	0.00199	0.11396	0.00510	0.00337	0.00843
9	0.01689	0.20363	0.45515	0.01776	0.02605	0.12559	0.02072	0.02269	0.01536	0.02003	0.01161	0.01359	0.00889	0.00656	0.00608	0.00198	0.00999	0.00473	0.00305	0.00966
10	0.01967	0.01401	0.01623	0.01197	0.01792	0.01233	0.00972	0.17731	0.01955	0.12535	0.01555	0.01631	0.01167	0.00641	0.00585	0.00144	0.00587	0.00504	0.00544	0.50234
11	0.02259	0.12198	0.02162	0.01413	0.01992	0.01958	0.01190	0.43661	0.02588	0.03511	0.01474	0.01543	0.01110	0.00728	0.00620	0.00176	0.00706	0.00542	0.00575	0.19592
12	0.01628	0.01215	0.01394	0.01224	0.01546	0.01233	0.00934	0.27197	0.02101	0.02858	0.02643	0.36420	0.02791	0.01432	0.00764	0.00230	0.00560	0.01241	0.00634	0.11954
13	0.01698	0.37426	0.23312	0.02151	0.18430	0.02170	0.01819	0.02137	0.01474	0.01957	0.01133	0.01365	0.00941	0.00622	0.00567	0.00184	0.00849	0.00473	0.00308	0.00984
14	0.02231	0.01619	0.01760	0.04827	0.01984	0.01774	0.01162	0.49775	0.02775	0.03790	0.02207	0.02255	0.07245	0.00907	0.00678	0.00206	0.00674	0.00704	0.12392	0.01036

[dist]
# distance from previous block
# <min> <max>
0	16

[block]
# block no. 7 follows, 30 sequences, length 7
# corresponding to MSA columns:
# 478-484
name=unknown_H
#
# <colnr> <probs for GDERKNQSTAVLIFYWHMCP>
#	G	D	E	R	K	N	Q	S	T	A	V	L	I	F	Y	W	H	M	C	P
0	0.01628	0.22618	0.27942	0.01638	0.02323	0.09540	0.06870	0.02107	0.01588	0.02080	0.09892	0.01853	0.01625	0.00734	0.00626	0.00192	0.00876	0.00582	0.00373	0.04913
1	0.01219	0.09180	0.01676	0.01238	0.01468	0.01253	0.06715	0.01432	0.01428	0.01919	0.12461	0.10872	0.16568	0.10623	0.01394	0.00291	0.14406	0.01050	0.00498	0.04310
2	0.17966	0.00910	0.01091	0.01040	0.01259	0.00913	0.04383	0.01479	0.01334	0.04136	0.02561	0.29378	0.02753	0.10693	0.01063	0.00295	0.00528	0.05043	0.08216	0.04960
3	0.01260	0.07302	0.25531	0.01361	0.01861	0.01181	0.01464	0.01731	0.01554	0.02195	0.07635	0.04216	0.08403	0.01204	0.00740	0.00239	0.00696	0.20248	0.10386	0.00793
4	0.01295	0.12462	0.15632	0.01253	0.01616	0.06906	0.01168	0.01596	0.01482	0.01933	0.10762	0.24646	0.03020	0.09278	0.01039	0.00279	0.00678	0.03733	0.00493	0.00727
5	0.13068	0.19565	0.21264	0.01283	0.01844	0.01675	0.01335	0.07224	0.01512	0.02286	0.01727	0.02147	0.05446	0.10127	0.00941	0.00256	0.00733	0.00602	0.06124	0.00840
6	0.08567	0.11017	0.01953	0.01397	0.01845	0.01738	0.05193	0.11402	0.28038	0.02712	0.01947	0.02043	0.01526	0.01343	0.09679	0.00320	0.00805	0.00646	0.00544	0.07285

[dist]
# distance from previous block
# <min> <max>
7	164

# created by:
# /home/cegg/simao/soft/augustus-3.2.1/scripts/msa2prfl.pl ./align_prep/EOG090W0LRN.fa
