[name]
unknown

[dist]
# distance from previous block
# <min> <max>
0	74

[block]
# block no. 0 follows, 33 sequences, length 24
# corresponding to MSA columns:
# 74-97
name=unknown_A
#
# <colnr> <probs for GDERKNQSTAVLIFYWHMCP>
#	G	D	E	R	K	N	Q	S	T	A	V	L	I	F	Y	W	H	M	C	P
0	0.01781	0.06566	0.01661	0.01331	0.01703	0.01494	0.01131	0.32462	0.04288	0.02934	0.02281	0.03818	0.02154	0.01286	0.03032	0.00257	0.00695	0.26360	0.00592	0.04174
1	0.15532	0.04808	0.06392	0.01520	0.02064	0.04139	0.12221	0.20098	0.05703	0.12861	0.01529	0.01603	0.01103	0.00685	0.00609	0.00194	0.00728	0.00562	0.00516	0.07134
2	0.08319	0.40981	0.11500	0.01131	0.01620	0.01870	0.01121	0.01816	0.03633	0.01870	0.07289	0.06438	0.04551	0.04568	0.00669	0.00199	0.00646	0.00616	0.00380	0.00785
3	0.01014	0.00702	0.00822	0.00781	0.00992	0.00613	0.00589	0.01240	0.01657	0.07897	0.31036	0.08801	0.38454	0.01495	0.00771	0.00217	0.00346	0.01278	0.00671	0.00625
4	0.01822	0.10692	0.14020	0.02134	0.09498	0.09366	0.21864	0.08312	0.07091	0.06731	0.01424	0.01621	0.01072	0.00646	0.00655	0.00199	0.00904	0.00601	0.00403	0.00946
5	0.01314	0.01121	0.01422	0.01303	0.01603	0.01195	0.06875	0.02307	0.32916	0.02282	0.03391	0.04445	0.13403	0.03643	0.00847	0.00258	0.00570	0.19688	0.00606	0.00811
6	0.00802	0.00573	0.00764	0.00917	0.00955	0.00535	0.00611	0.00917	0.01260	0.01681	0.03628	0.76434	0.04354	0.02062	0.00840	0.00267	0.00382	0.01872	0.00611	0.00535
7	0.01008	0.00772	0.01075	0.01001	0.01216	0.00707	0.05498	0.01285	0.01655	0.04205	0.31914	0.08076	0.23793	0.01479	0.00800	0.00232	0.00436	0.13575	0.00642	0.00630
8	0.01577	0.46474	0.32630	0.01439	0.02173	0.02156	0.01671	0.02019	0.01359	0.01772	0.01026	0.01195	0.00840	0.00589	0.00507	0.00169	0.00816	0.00408	0.00280	0.00898
9	0.01061	0.00758	0.01061	0.01212	0.01364	0.00758	0.01061	0.01364	0.01515	0.01970	0.03486	0.07426	0.03789	0.01819	0.00909	0.00303	0.00606	0.68326	0.00606	0.00606
10	0.81514	0.01273	0.00968	0.00866	0.01273	0.01477	0.00713	0.01935	0.01120	0.02954	0.00917	0.01069	0.00713	0.00611	0.00407	0.00204	0.00509	0.00356	0.00407	0.00713
11	0.00957	0.00638	0.00718	0.00718	0.00718	0.00638	0.00399	0.00957	0.00957	0.01276	0.02074	0.04308	0.02393	0.76864	0.03351	0.00638	0.00638	0.00957	0.00399	0.00399
12	0.01883	0.01606	0.06603	0.01281	0.01854	0.01436	0.01104	0.29205	0.06523	0.05331	0.01477	0.01551	0.01110	0.00654	0.00582	0.00156	0.00620	0.00509	0.00521	0.35994
13	0.06949	0.01426	0.06491	0.15930	0.28846	0.01354	0.08513	0.01820	0.01436	0.04012	0.01905	0.06590	0.06555	0.00838	0.00682	0.00216	0.00754	0.04439	0.00389	0.00857
14	0.03853	0.13451	0.31871	0.01485	0.02153	0.03877	0.01611	0.12845	0.01732	0.09016	0.06324	0.04028	0.01438	0.00752	0.00611	0.00194	0.00773	0.00584	0.00438	0.02963
15	0.01468	0.01400	0.02381	0.33728	0.44328	0.01522	0.01940	0.01879	0.01423	0.01955	0.01210	0.01682	0.00974	0.00616	0.00654	0.00205	0.00822	0.00586	0.00312	0.00913
16	0.02498	0.01021	0.01370	0.01085	0.01521	0.00887	0.00883	0.02755	0.01855	0.57618	0.13422	0.02928	0.07219	0.00954	0.00687	0.00205	0.00507	0.00792	0.00787	0.01006
17	0.01339	0.03293	0.69134	0.02008	0.07115	0.01531	0.02407	0.02081	0.01397	0.02089	0.01185	0.01405	0.00847	0.00623	0.00627	0.00208	0.00961	0.00493	0.00281	0.00977
18	0.01320	0.01213	0.02052	0.13273	0.35935	0.01262	0.04951	0.01655	0.01365	0.01903	0.01722	0.14501	0.01674	0.01535	0.12351	0.00349	0.00900	0.00833	0.00374	0.00832
19	0.02954	0.01120	0.01528	0.01171	0.01681	0.00968	0.00968	0.03208	0.01884	0.73213	0.02597	0.02241	0.01630	0.00815	0.00662	0.00204	0.00560	0.00662	0.00815	0.01120
20	0.00823	0.00601	0.00776	0.00889	0.00965	0.00555	0.00616	0.00972	0.01363	0.01807	0.11452	0.58023	0.12444	0.01930	0.00829	0.00257	0.00377	0.04151	0.00623	0.00549
21	0.01979	0.02200	0.22505	0.02068	0.10533	0.05200	0.12808	0.18988	0.01942	0.13067	0.01510	0.01642	0.01072	0.00680	0.00665	0.00204	0.00862	0.00594	0.00467	0.01014
22	0.01060	0.00996	0.06113	0.03898	0.10879	0.00830	0.00952	0.01386	0.01632	0.02280	0.33102	0.04294	0.18686	0.01204	0.00723	0.00208	0.00454	0.03188	0.07425	0.00691
23	0.01708	0.01562	0.01521	0.01370	0.01740	0.07849	0.01062	0.03424	0.65603	0.02656	0.02537	0.02348	0.01910	0.00875	0.00663	0.00219	0.00578	0.00717	0.00642	0.01018

[dist]
# distance from previous block
# <min> <max>
0	1

[block]
# block no. 1 follows, 33 sequences, length 26
# corresponding to MSA columns:
# 99-124
name=unknown_B
#
# <colnr> <probs for GDERKNQSTAVLIFYWHMCP>
#	G	D	E	R	K	N	Q	S	T	A	V	L	I	F	Y	W	H	M	C	P
0	0.02202	0.02356	0.01757	0.01549	0.01881	0.42513	0.01197	0.12653	0.06492	0.05492	0.01364	0.01556	0.01095	0.01233	0.09180	0.00288	0.05409	0.00523	0.00430	0.00829
1	0.01768	0.01865	0.07093	0.05596	0.39356	0.11524	0.06893	0.02327	0.09489	0.05531	0.01437	0.01691	0.01131	0.00648	0.00654	0.00199	0.00838	0.00593	0.00386	0.00981
2	0.54060	0.22065	0.01708	0.00997	0.01442	0.07097	0.00866	0.01996	0.01234	0.02474	0.00924	0.01074	0.00759	0.00603	0.00425	0.00184	0.00612	0.00360	0.00368	0.00752
3	0.00904	0.00672	0.00842	0.00799	0.00967	0.00609	0.00600	0.01189	0.01799	0.02486	0.60646	0.05171	0.18072	0.01403	0.00777	0.00210	0.00315	0.01226	0.00704	0.00609
4	0.01345	0.02849	0.52795	0.02004	0.02851	0.01496	0.17512	0.02031	0.01460	0.02129	0.06206	0.01723	0.01248	0.00660	0.00670	0.00211	0.00957	0.00601	0.00322	0.00929
5	0.01462	0.01474	0.09752	0.01279	0.01861	0.01093	0.07579	0.05151	0.04677	0.05083	0.06177	0.01881	0.03492	0.00646	0.00581	0.00147	0.00601	0.00556	0.00443	0.46063
6	0.02725	0.01070	0.01454	0.01132	0.01602	0.00928	0.00928	0.02986	0.01882	0.65225	0.10499	0.02544	0.02148	0.00875	0.00675	0.00204	0.00532	0.00722	0.00805	0.01064
7	0.01049	0.00749	0.01047	0.01199	0.01345	0.00748	0.01041	0.01344	0.01504	0.01957	0.03492	0.10546	0.03814	0.01830	0.00906	0.00301	0.00596	0.65322	0.00606	0.00603
8	0.01369	0.11577	0.65707	0.01793	0.02721	0.01648	0.02288	0.02072	0.01384	0.02026	0.01152	0.01353	0.00835	0.00619	0.00603	0.00201	0.00943	0.00472	0.00278	0.00959
9	0.01144	0.00572	0.00858	0.00858	0.00858	0.00572	0.00572	0.00858	0.00858	0.01144	0.01144	0.02001	0.01144	0.02287	0.02573	0.80846	0.00572	0.00572	0.00286	0.00286
10	0.00799	0.00584	0.00753	0.00888	0.00947	0.00537	0.00599	0.00920	0.01288	0.01692	0.03973	0.68500	0.12066	0.02018	0.00833	0.00262	0.00376	0.01817	0.00611	0.00537
11	0.00802	0.00573	0.00764	0.00917	0.00955	0.00535	0.00611	0.00917	0.01260	0.01681	0.03628	0.76434	0.04354	0.02062	0.00840	0.00267	0.00382	0.01872	0.00611	0.00535
12	0.02669	0.01307	0.01616	0.01250	0.01739	0.01268	0.01028	0.23463	0.02249	0.47143	0.07388	0.02236	0.01810	0.00846	0.00669	0.00202	0.00592	0.00680	0.00761	0.01084
13	0.01556	0.01632	0.01999	0.01725	0.01763	0.10189	0.01421	0.01703	0.01105	0.01587	0.00882	0.01412	0.00862	0.01099	0.01983	0.00275	0.67230	0.00559	0.00294	0.00725
14	0.09012	0.01733	0.13068	0.01642	0.09901	0.03998	0.01337	0.17142	0.01956	0.23702	0.08351	0.02006	0.01650	0.00781	0.00641	0.00201	0.00681	0.00625	0.00580	0.00993
15	0.05224	0.44675	0.28943	0.01405	0.02105	0.04178	0.01590	0.02030	0.01362	0.01811	0.01016	0.01183	0.00835	0.00591	0.00501	0.00169	0.00807	0.00404	0.00288	0.00884
16	0.01498	0.25729	0.49570	0.01636	0.02468	0.01874	0.01992	0.04607	0.01438	0.01999	0.01116	0.01296	0.00848	0.00613	0.00565	0.00188	0.00882	0.00450	0.00293	0.00940
17	0.03168	0.11448	0.08914	0.01093	0.01544	0.02728	0.00975	0.03232	0.02782	0.10731	0.06311	0.12082	0.07494	0.03776	0.00715	0.00195	0.00566	0.00782	0.00493	0.20972
18	0.04894	0.15012	0.22496	0.01339	0.05130	0.01316	0.01310	0.01683	0.01434	0.05340	0.05031	0.08849	0.19073	0.01057	0.00653	0.00207	0.00638	0.03304	0.00447	0.00787
19	0.01616	0.14967	0.04040	0.01149	0.01664	0.03076	0.00988	0.13759	0.04229	0.02412	0.06125	0.03673	0.01516	0.00709	0.00558	0.00149	0.00588	0.02312	0.00456	0.36012
20	0.08618	0.01780	0.06246	0.01453	0.01856	0.10416	0.02721	0.24194	0.08481	0.05423	0.01673	0.03948	0.01380	0.00891	0.00813	0.00214	0.09209	0.05049	0.02999	0.02638
21	0.03341	0.08374	0.11671	0.11333	0.02202	0.01385	0.02766	0.11032	0.03652	0.07468	0.07781	0.03345	0.01558	0.00725	0.00602	0.00176	0.00661	0.00592	0.00459	0.20876
22	0.07897	0.05939	0.23177	0.01501	0.04051	0.06751	0.03006	0.09405	0.05010	0.08539	0.03078	0.01749	0.03801	0.00703	0.00597	0.00185	0.00743	0.00547	0.00440	0.12880
23	0.05157	0.09179	0.01736	0.03311	0.01746	0.01390	0.04274	0.09468	0.14180	0.06073	0.06887	0.03849	0.03367	0.00821	0.00643	0.00181	0.02154	0.03354	0.00515	0.21715
24	0.06801	0.07254	0.05776	0.01105	0.01616	0.03798	0.00951	0.04936	0.06286	0.08585	0.07033	0.03420	0.03047	0.00710	0.00560	0.00154	0.00559	0.00562	0.00478	0.36368
25	0.03546	0.04715	0.16275	0.01485	0.01988	0.13299	0.05848	0.08842	0.10549	0.07020	0.10550	0.03942	0.03690	0.00857	0.00658	0.00201	0.00756	0.02043	0.00497	0.03238

[dist]
# distance from previous block
# <min> <max>
4	31

[block]
# block no. 2 follows, 33 sequences, length 153
# corresponding to MSA columns:
# 168-268,278-329
name=unknown_C
#
# <colnr> <probs for GDERKNQSTAVLIFYWHMCP>
#	G	D	E	R	K	N	Q	S	T	A	V	L	I	F	Y	W	H	M	C	P
0	0.04215	0.04517	0.09221	0.01536	0.06741	0.01516	0.01262	0.16541	0.18543	0.24061	0.02030	0.01932	0.01425	0.00770	0.00639	0.00202	0.00645	0.00618	0.00619	0.02967
1	0.09072	0.05667	0.17945	0.01476	0.02079	0.04439	0.03199	0.24590	0.08460	0.08698	0.01527	0.01576	0.01106	0.00705	0.00607	0.00193	0.00738	0.00539	0.00506	0.06878
2	0.10148	0.03798	0.08340	0.01634	0.07057	0.10582	0.05294	0.13386	0.11013	0.15421	0.01729	0.03889	0.01300	0.00757	0.00625	0.00200	0.00737	0.00607	0.00528	0.02957
3	0.04050	0.03726	0.12763	0.01772	0.07174	0.01435	0.13749	0.10822	0.07572	0.14105	0.05819	0.01916	0.01474	0.00709	0.00650	0.00194	0.00733	0.00633	0.00502	0.10203
4	0.08962	0.07764	0.18620	0.01312	0.01854	0.01386	0.03093	0.09603	0.07075	0.10328	0.14441	0.02317	0.04085	0.00828	0.00628	0.00196	0.00638	0.00669	0.00519	0.05681
5	0.04125	0.01862	0.17975	0.01578	0.06576	0.01449	0.01409	0.19967	0.07108	0.18961	0.05077	0.01883	0.01450	0.00751	0.00638	0.00196	0.00689	0.00602	0.00563	0.07140
6	0.06161	0.07976	0.11193	0.01435	0.01960	0.04990	0.05927	0.11516	0.18724	0.14512	0.03879	0.02015	0.03345	0.00779	0.00632	0.00201	0.00688	0.00632	0.00551	0.02882
7	0.06678	0.10996	0.09411	0.01303	0.01796	0.08044	0.01164	0.08049	0.16394	0.19043	0.06939	0.02004	0.01677	0.00784	0.00613	0.00194	0.00660	0.00609	0.00565	0.03077
8	0.03962	0.03881	0.18450	0.01715	0.02343	0.01437	0.17982	0.08267	0.06948	0.15002	0.05587	0.01908	0.01438	0.00703	0.00660	0.00200	0.00780	0.00640	0.00487	0.07609
9	0.03459	0.10655	0.21539	0.01224	0.01703	0.01260	0.01247	0.01906	0.09558	0.05115	0.29273	0.03032	0.05455	0.00970	0.00666	0.00202	0.00582	0.00807	0.00532	0.00814
10	0.02777	0.01110	0.01496	0.01146	0.01650	0.00950	0.00943	0.03036	0.01847	0.65946	0.04734	0.02265	0.01730	0.00809	0.00653	0.00196	0.00547	0.00660	0.00782	0.06723
11	0.01617	0.01552	0.02650	0.06324	0.70571	0.01561	0.02014	0.02010	0.01493	0.02136	0.01236	0.01633	0.01037	0.00589	0.00652	0.00196	0.00785	0.00587	0.00325	0.01033
12	0.02503	0.01844	0.01976	0.01515	0.02042	0.02042	0.01251	0.70562	0.03095	0.04149	0.01581	0.01581	0.01120	0.00790	0.00659	0.00198	0.00724	0.00593	0.00659	0.01120
13	0.00860	0.00640	0.00784	0.00865	0.00974	0.00591	0.00626	0.01016	0.01367	0.01761	0.08145	0.34272	0.23153	0.10197	0.01109	0.00298	0.00427	0.11780	0.00593	0.00541
14	0.01608	0.01547	0.02664	0.03913	0.68543	0.01542	0.04239	0.02002	0.01511	0.02162	0.03151	0.01722	0.01180	0.00606	0.00659	0.00197	0.00780	0.00609	0.00337	0.01026
15	0.01227	0.00614	0.00614	0.00614	0.00767	0.00614	0.00460	0.01534	0.01381	0.02454	0.02148	0.02454	0.01687	0.00767	0.00460	0.00153	0.00307	0.00614	0.80518	0.00614
16	0.01814	0.51557	0.14765	0.01354	0.01945	0.15433	0.01369	0.02110	0.01442	0.01649	0.00978	0.01135	0.00844	0.00594	0.00487	0.00157	0.00836	0.00387	0.00291	0.00851
17	0.01354	0.26576	0.33725	0.01376	0.02026	0.01654	0.01573	0.01815	0.01437	0.01943	0.10373	0.04160	0.07789	0.00822	0.00597	0.00189	0.00734	0.00645	0.00372	0.00841
18	0.01227	0.00614	0.00614	0.00614	0.00767	0.00614	0.00460	0.01534	0.01381	0.02454	0.02148	0.02454	0.01687	0.00767	0.00460	0.00153	0.00307	0.00614	0.80518	0.00614
19	0.62602	0.01660	0.01187	0.01056	0.01456	0.15596	0.00846	0.05193	0.01355	0.02748	0.00966	0.01116	0.00758	0.00632	0.00455	0.00197	0.00650	0.00380	0.00406	0.00741
20	0.01584	0.01518	0.02591	0.12343	0.64806	0.01552	0.01998	0.01981	0.01478	0.02096	0.01230	0.01644	0.01024	0.00595	0.00652	0.00198	0.00793	0.00586	0.00322	0.01006
21	0.00842	0.00632	0.00896	0.00977	0.01055	0.00588	0.03418	0.00992	0.01328	0.01778	0.09181	0.65681	0.06280	0.01933	0.00831	0.00259	0.00404	0.01759	0.00609	0.00557
22	0.00961	0.00629	0.00715	0.00732	0.00748	0.00625	0.00427	0.00998	0.01023	0.01412	0.02249	0.12017	0.02552	0.62826	0.02854	0.00560	0.00585	0.01030	0.06628	0.00430
23	0.01646	0.04887	0.02445	0.08807	0.53238	0.04056	0.01792	0.02069	0.04327	0.04737	0.01567	0.01868	0.04328	0.00664	0.00647	0.00197	0.00761	0.00616	0.00367	0.00982
24	0.02098	0.15920	0.02090	0.01411	0.01876	0.10589	0.01167	0.29488	0.23280	0.02942	0.01721	0.01700	0.01305	0.00766	0.00610	0.00191	0.00714	0.00574	0.00554	0.01003
25	0.01719	0.01871	0.02841	0.02149	0.02652	0.14534	0.38231	0.05995	0.05159	0.02126	0.01372	0.01717	0.01074	0.00839	0.04047	0.00244	0.05119	0.00665	0.03150	0.04496
26	0.05731	0.13735	0.12358	0.01137	0.01485	0.01211	0.01033	0.01688	0.08526	0.04669	0.04988	0.33716	0.04567	0.01314	0.00687	0.00224	0.00549	0.01129	0.00513	0.00740
27	0.01493	0.03222	0.64884	0.01816	0.02726	0.04715	0.02271	0.02193	0.01448	0.07394	0.01280	0.01445	0.00894	0.00642	0.00627	0.00206	0.00952	0.00497	0.00321	0.00975
28	0.00914	0.00676	0.00858	0.00836	0.00998	0.00619	0.00637	0.01196	0.01762	0.02425	0.54761	0.07403	0.16251	0.01454	0.00789	0.00219	0.00340	0.06559	0.00694	0.00607
29	0.01320	0.03405	0.73453	0.01876	0.02849	0.01529	0.02432	0.02085	0.01390	0.02085	0.01181	0.01390	0.00834	0.00625	0.00625	0.00208	0.00973	0.00486	0.00278	0.00973
30	0.00952	0.00658	0.00817	0.00817	0.00851	0.00692	0.00523	0.01021	0.00987	0.01350	0.01984	0.03806	0.02175	0.55889	0.24028	0.00761	0.00966	0.00884	0.00385	0.00454
31	0.01440	0.01440	0.02016	0.01728	0.01728	0.02016	0.01440	0.01584	0.01008	0.01584	0.00864	0.01440	0.00864	0.01152	0.02160	0.00288	0.75659	0.00576	0.00288	0.00720
32	0.02954	0.01120	0.01528	0.01171	0.01681	0.00968	0.00968	0.03208	0.01884	0.73213	0.02597	0.02241	0.01630	0.00815	0.00662	0.00204	0.00560	0.00662	0.00815	0.01120
33	0.02475	0.01212	0.01506	0.01218	0.01674	0.01185	0.00985	0.05439	0.22269	0.47594	0.05325	0.02387	0.01903	0.00858	0.00669	0.00209	0.00544	0.00704	0.00764	0.01078
34	0.01616	0.01551	0.02648	0.06510	0.70392	0.01561	0.02014	0.02009	0.01493	0.02134	0.01236	0.01634	0.01037	0.00589	0.00652	0.00196	0.00785	0.00587	0.00325	0.01032
35	0.02034	0.01594	0.01697	0.01401	0.01834	0.01796	0.01119	0.36212	0.35297	0.03379	0.02118	0.02100	0.01589	0.03821	0.00769	0.00227	0.00625	0.00678	0.00654	0.01055
36	0.63975	0.01572	0.03233	0.01148	0.01586	0.09236	0.06922	0.02028	0.01245	0.02714	0.00971	0.01152	0.00756	0.00614	0.00465	0.00202	0.00646	0.00404	0.00390	0.00741
37	0.01440	0.01440	0.02016	0.01728	0.01728	0.02016	0.01440	0.01584	0.01008	0.01584	0.00864	0.01440	0.00864	0.01152	0.02160	0.00288	0.75659	0.00576	0.00288	0.00720
38	0.05278	0.17776	0.06612	0.01577	0.06325	0.09125	0.01299	0.30731	0.06787	0.06226	0.01434	0.01492	0.01080	0.00710	0.00591	0.00186	0.00755	0.00523	0.00502	0.00992
39	0.02155	0.08362	0.02135	0.10550	0.09487	0.24857	0.01400	0.26009	0.02120	0.02552	0.01241	0.01434	0.00966	0.00711	0.00666	0.00189	0.03295	0.00517	0.00437	0.00917
40	0.00957	0.00638	0.00718	0.00718	0.00718	0.00638	0.00399	0.00957	0.00957	0.01276	0.02074	0.04308	0.02393	0.76864	0.03351	0.00638	0.00638	0.00957	0.00399	0.00399
41	0.02432	0.01789	0.01918	0.01478	0.01981	0.01978	0.01212	0.67394	0.02998	0.04018	0.01603	0.01705	0.01178	0.04253	0.00781	0.00218	0.00721	0.00609	0.00647	0.01087
42	0.01331	0.03328	0.70167	0.01919	0.02877	0.01535	0.05641	0.02086	0.01398	0.02086	0.01189	0.01408	0.00842	0.00622	0.00633	0.00209	0.00979	0.00500	0.00281	0.00969
43	0.02503	0.01844	0.01976	0.01515	0.02042	0.02042	0.01251	0.70562	0.03095	0.04149	0.01581	0.01581	0.01120	0.00790	0.00659	0.00198	0.00724	0.00593	0.00659	0.01120
44	0.01561	0.04843	0.03518	0.01308	0.01679	0.01573	0.01057	0.03145	0.58988	0.02614	0.05227	0.04835	0.02220	0.00958	0.00676	0.00223	0.00533	0.03419	0.00639	0.00983
45	0.01357	0.09581	0.67599	0.01814	0.02752	0.01619	0.02323	0.02075	0.01386	0.02040	0.01159	0.01362	0.00835	0.00620	0.00608	0.00203	0.00950	0.00475	0.00278	0.00962
46	0.01320	0.03405	0.73453	0.01876	0.02849	0.01529	0.02432	0.02085	0.01390	0.02085	0.01181	0.01390	0.00834	0.00625	0.00625	0.00208	0.00973	0.00486	0.00278	0.00973
47	0.01629	0.01564	0.02672	0.04041	0.72757	0.01564	0.02020	0.02020	0.01499	0.02151	0.01238	0.01629	0.01043	0.00587	0.00652	0.00196	0.00782	0.00587	0.00326	0.01043
48	0.01599	0.01620	0.05491	0.07196	0.66837	0.01558	0.02028	0.02008	0.01486	0.02127	0.01233	0.01625	0.01027	0.00591	0.00651	0.00197	0.00794	0.00582	0.00322	0.01026
49	0.01499	0.01182	0.01446	0.01039	0.01620	0.00906	0.02665	0.01795	0.01412	0.07889	0.01290	0.01447	0.01029	0.00516	0.00509	0.00109	0.00510	0.00422	0.00423	0.72291
50	0.00802	0.00573	0.00764	0.00917	0.00955	0.00535	0.00611	0.00917	0.01260	0.01681	0.03628	0.76434	0.04354	0.02062	0.00840	0.00267	0.00382	0.01872	0.00611	0.00535
51	0.01671	0.01431	0.01508	0.01347	0.01725	0.01653	0.01050	0.06128	0.68883	0.02809	0.02636	0.02422	0.01975	0.00889	0.00669	0.00222	0.00529	0.00738	0.00669	0.01045
52	0.01350	0.08407	0.68712	0.01826	0.02771	0.01602	0.02344	0.02077	0.01386	0.02049	0.01163	0.01367	0.00835	0.00621	0.00612	0.00204	0.00955	0.00477	0.00278	0.00964
53	0.01386	0.07167	0.67933	0.01819	0.02758	0.01570	0.02326	0.02109	0.01400	0.03933	0.01205	0.01395	0.00855	0.00627	0.00616	0.00205	0.00948	0.00484	0.00292	0.00970
54	0.01320	0.03405	0.73453	0.01876	0.02849	0.01529	0.02432	0.02085	0.01390	0.02085	0.01181	0.01390	0.00834	0.00625	0.00625	0.00208	0.00973	0.00486	0.00278	0.00973
55	0.01604	0.01538	0.02626	0.08731	0.68265	0.01557	0.02008	0.01998	0.01487	0.02120	0.01234	0.01638	0.01032	0.00591	0.00652	0.00197	0.00788	0.00586	0.00324	0.01022
56	0.01638	0.01505	0.02553	0.11626	0.62674	0.01530	0.01959	0.02029	0.01494	0.04814	0.01283	0.01666	0.01047	0.00603	0.00653	0.00198	0.00784	0.00589	0.00341	0.01012
57	0.01955	0.02379	0.40141	0.03776	0.02483	0.01320	0.05524	0.02504	0.01586	0.29260	0.01730	0.01746	0.01148	0.00695	0.00649	0.00208	0.00820	0.00572	0.00487	0.01018
58	0.01556	0.01770	0.03849	0.02812	0.05488	0.01662	0.68347	0.02106	0.01552	0.02110	0.01329	0.01771	0.01000	0.00556	0.00773	0.00221	0.01100	0.00771	0.00333	0.00892
59	0.00819	0.00584	0.00772	0.00902	0.00948	0.00546	0.00604	0.00945	0.01300	0.01746	0.09328	0.67749	0.04436	0.04802	0.00929	0.00276	0.00386	0.01780	0.00613	0.00537
60	0.02236	0.01255	0.01977	0.18028	0.17304	0.01234	0.04654	0.02574	0.01664	0.39325	0.01941	0.01984	0.01312	0.00720	0.00664	0.00206	0.00702	0.00635	0.00575	0.01008
61	0.01026	0.00866	0.01321	0.07859	0.15445	0.00854	0.02839	0.01245	0.01355	0.01804	0.03247	0.43256	0.11408	0.01560	0.00781	0.00244	0.00522	0.03183	0.00521	0.00665
62	0.00793	0.00608	0.00728	0.00823	0.00930	0.00543	0.00570	0.00927	0.01350	0.01717	0.04765	0.50237	0.29818	0.01915	0.00817	0.00251	0.00364	0.01691	0.00611	0.00543
63	0.01357	0.05829	0.66080	0.01813	0.02731	0.01574	0.02291	0.02178	0.06212	0.02112	0.01275	0.01452	0.00915	0.00642	0.00621	0.00207	0.00933	0.00500	0.00305	0.00973
64	0.01501	0.04931	0.64282	0.01785	0.02700	0.01496	0.02248	0.02199	0.01440	0.09488	0.01323	0.01471	0.00917	0.00644	0.00624	0.00206	0.00923	0.00502	0.00334	0.00985
65	0.01557	0.01491	0.02542	0.17318	0.60042	0.01545	0.01985	0.01957	0.01465	0.02063	0.01226	0.01653	0.01012	0.00600	0.00653	0.00200	0.00800	0.00586	0.00320	0.00985
66	0.00907	0.00659	0.00878	0.01015	0.01119	0.00630	0.00787	0.01106	0.01390	0.01811	0.03866	0.40862	0.10772	0.01922	0.00863	0.00278	0.00471	0.29488	0.00609	0.00567
67	0.01525	0.01458	0.02484	0.23226	0.54385	0.01537	0.01969	0.01929	0.01450	0.02025	0.01220	0.01663	0.00998	0.00606	0.00653	0.00202	0.00808	0.00586	0.00317	0.00959
68	0.01565	0.01640	0.03473	0.08107	0.03317	0.01561	0.58373	0.02076	0.01539	0.05641	0.01492	0.05324	0.01180	0.00647	0.00765	0.00223	0.01030	0.00808	0.00367	0.00871
69	0.01552	0.01478	0.02512	0.13438	0.60957	0.01515	0.01942	0.01946	0.01488	0.02106	0.03893	0.01769	0.01214	0.00625	0.00657	0.00199	0.00777	0.00609	0.00336	0.00985
70	0.01345	0.01324	0.02000	0.66859	0.07585	0.06469	0.01799	0.01763	0.01363	0.01699	0.01163	0.01710	0.00883	0.00656	0.00653	0.00215	0.00894	0.00574	0.00297	0.00748
71	0.01335	0.01251	0.02149	0.04322	0.37941	0.01227	0.09831	0.01665	0.01456	0.02012	0.04041	0.19729	0.05938	0.01049	0.00730	0.00221	0.00688	0.03141	0.00428	0.00846
72	0.01320	0.03405	0.73453	0.01876	0.02849	0.01529	0.02432	0.02085	0.01390	0.02085	0.01181	0.01390	0.00834	0.00625	0.00625	0.00208	0.00973	0.00486	0.00278	0.00973
73	0.01261	0.01189	0.02007	0.71917	0.07756	0.01467	0.01837	0.01698	0.01325	0.01704	0.01173	0.01749	0.00885	0.00655	0.00658	0.00218	0.00873	0.00585	0.00294	0.00746
74	0.01320	0.03405	0.73453	0.01876	0.02849	0.01529	0.02432	0.02085	0.01390	0.02085	0.01181	0.01390	0.00834	0.00625	0.00625	0.00208	0.00973	0.00486	0.00278	0.00973
75	0.01539	0.03100	0.63844	0.01782	0.02693	0.01454	0.02237	0.02235	0.01456	0.11587	0.01371	0.01504	0.00940	0.00651	0.00630	0.00208	0.00918	0.00510	0.00350	0.00993
76	0.01543	0.01513	0.02287	0.32391	0.14575	0.09099	0.13788	0.01975	0.03349	0.05114	0.01624	0.03913	0.04461	0.00729	0.00682	0.00212	0.00873	0.00682	0.00367	0.00825
77	0.01374	0.05422	0.69012	0.01843	0.02789	0.01577	0.02355	0.04455	0.01448	0.02141	0.01188	0.01387	0.00844	0.00629	0.00621	0.00206	0.00957	0.00486	0.00291	0.00974
78	0.01586	0.01520	0.02594	0.12006	0.65129	0.01553	0.01999	0.01983	0.01479	0.02098	0.01231	0.01643	0.01024	0.00595	0.00652	0.00198	0.00793	0.00586	0.00322	0.01008
79	0.01764	0.01441	0.04704	0.07785	0.25215	0.01347	0.15789	0.02220	0.04875	0.16998	0.02065	0.05006	0.06174	0.00779	0.00696	0.00211	0.00759	0.00750	0.00472	0.00949
80	0.01463	0.22315	0.53627	0.01680	0.02531	0.03729	0.02067	0.02070	0.01389	0.01935	0.01109	0.01299	0.00837	0.00611	0.00573	0.00190	0.00910	0.00450	0.00281	0.00935
81	0.02604	0.01506	0.13047	0.01296	0.01870	0.01102	0.01207	0.03048	0.06484	0.57088	0.02376	0.02119	0.01528	0.00790	0.00657	0.00206	0.00624	0.00639	0.00719	0.01091
82	0.00889	0.00673	0.00966	0.01008	0.01100	0.00644	0.04393	0.01044	0.01278	0.01710	0.06364	0.49542	0.06419	0.10452	0.06240	0.00359	0.00554	0.05256	0.00559	0.00551
83	0.01388	0.05183	0.64318	0.01821	0.02725	0.01507	0.04167	0.02089	0.01409	0.04922	0.01316	0.03903	0.00987	0.00677	0.00633	0.00209	0.00933	0.00544	0.00312	0.00959
84	0.01313	0.01242	0.02101	0.62371	0.16898	0.01481	0.01863	0.01743	0.01349	0.01767	0.01182	0.01732	0.00908	0.00645	0.00657	0.00215	0.00860	0.00585	0.00299	0.00788
85	0.01320	0.03405	0.73453	0.01876	0.02849	0.01529	0.02432	0.02085	0.01390	0.02085	0.01181	0.01390	0.00834	0.00625	0.00625	0.00208	0.00973	0.00486	0.00278	0.00973
86	0.01417	0.01348	0.02289	0.43204	0.35253	0.01508	0.01915	0.01834	0.01399	0.01893	0.01201	0.01699	0.00952	0.00626	0.00655	0.00209	0.00835	0.00586	0.00308	0.00872
87	0.01779	0.06893	0.01613	0.01468	0.04761	0.34556	0.01060	0.06112	0.01666	0.01811	0.01973	0.24424	0.02095	0.03387	0.00757	0.00219	0.00826	0.03434	0.00449	0.00717
88	0.01243	0.01170	0.01975	0.75282	0.04534	0.01463	0.01828	0.01682	0.01316	0.01682	0.01170	0.01755	0.00878	0.00658	0.00658	0.00219	0.00878	0.00585	0.00293	0.00731
89	0.00778	0.00667	0.00667	0.00667	0.00889	0.00556	0.00500	0.00945	0.01501	0.01778	0.06669	0.06336	0.72490	0.01667	0.00778	0.00222	0.00333	0.01389	0.00611	0.00556
90	0.01481	0.01426	0.02464	0.30717	0.44079	0.01531	0.04984	0.01897	0.01433	0.01973	0.01217	0.01683	0.00979	0.00612	0.00660	0.00206	0.00832	0.00594	0.00314	0.00919
91	0.02391	0.01778	0.01933	0.01497	0.01985	0.01983	0.01235	0.64631	0.02951	0.03971	0.04400	0.01709	0.01313	0.00829	0.00732	0.00202	0.04118	0.00616	0.00644	0.01081
92	0.78005	0.01298	0.01012	0.00895	0.01307	0.01502	0.00737	0.04983	0.01208	0.03007	0.00946	0.01092	0.00731	0.00619	0.00419	0.00203	0.00519	0.00367	0.00419	0.00731
93	0.01629	0.01564	0.02672	0.04041	0.72757	0.01564	0.02020	0.02020	0.01499	0.02151	0.01238	0.01629	0.01043	0.00587	0.00652	0.00196	0.00782	0.00587	0.00326	0.01043
94	0.01481	0.30369	0.47896	0.01603	0.02426	0.01922	0.01956	0.02043	0.01371	0.01889	0.01084	0.01268	0.00838	0.00603	0.00551	0.00184	0.00875	0.00437	0.00279	0.00926
95	0.00964	0.00706	0.00939	0.01066	0.01207	0.00681	0.00882	0.01208	0.01462	0.01882	0.04019	0.21111	0.14799	0.01844	0.00875	0.00283	0.00518	0.44365	0.00608	0.00584
96	0.01635	0.01116	0.01512	0.01272	0.01608	0.01113	0.08242	0.10785	0.12854	0.15241	0.13033	0.18371	0.07959	0.01197	0.00738	0.00223	0.00543	0.01062	0.00650	0.00847
97	0.01691	0.08821	0.51388	0.01700	0.02538	0.01506	0.03967	0.02302	0.01490	0.16353	0.01449	0.01545	0.01000	0.00657	0.00621	0.00202	0.00872	0.00519	0.00388	0.00990
98	0.02851	0.01099	0.01487	0.01147	0.01643	0.00948	0.00946	0.03101	0.01866	0.69839	0.02790	0.02434	0.04976	0.00855	0.00668	0.00205	0.00549	0.00696	0.00805	0.01094
99	0.01445	0.01376	0.02339	0.38107	0.40134	0.01516	0.01929	0.01859	0.01412	0.01927	0.01206	0.01690	0.00964	0.00621	0.00655	0.00207	0.00828	0.00586	0.00310	0.00894
100	0.01450	0.01497	0.05616	0.29394	0.37669	0.01509	0.07503	0.01881	0.01427	0.01964	0.01278	0.03542	0.01053	0.00648	0.00668	0.00209	0.00842	0.00629	0.00319	0.00902
101	0.01486	0.01418	0.02413	0.30462	0.47455	0.01527	0.01949	0.01895	0.01431	0.01977	0.01213	0.01676	0.00982	0.00613	0.00654	0.00204	0.00818	0.00586	0.00314	0.00927
102	0.00958	0.00724	0.01018	0.01074	0.01156	0.00744	0.02801	0.01109	0.01266	0.01693	0.03122	0.40055	0.05344	0.08325	0.03652	0.03577	0.05891	0.16399	0.00539	0.00555
103	0.05075	0.10694	0.46345	0.02019	0.05873	0.01667	0.15179	0.02068	0.01408	0.02075	0.01173	0.01425	0.00870	0.00603	0.00624	0.00203	0.00941	0.00526	0.00297	0.00934
104	0.01332	0.05353	0.71607	0.01857	0.02819	0.01557	0.02398	0.02082	0.01389	0.02071	0.01174	0.01381	0.00834	0.00624	0.00620	0.00207	0.00966	0.00483	0.00278	0.00970
105	0.01138	0.06796	0.11485	0.01463	0.01842	0.01111	0.16290	0.01510	0.03452	0.01876	0.02956	0.30448	0.11616	0.01333	0.00757	0.00235	0.00652	0.03843	0.00483	0.00715
106	0.01320	0.03405	0.73453	0.01876	0.02849	0.01529	0.02432	0.02085	0.01390	0.02085	0.01181	0.01390	0.00834	0.00625	0.00625	0.00208	0.00973	0.00486	0.00278	0.00973
107	0.01057	0.00772	0.01031	0.01152	0.01311	0.00772	0.00985	0.01398	0.04309	0.01954	0.03633	0.06994	0.08969	0.05314	0.01005	0.00309	0.00583	0.57242	0.00599	0.00610
108	0.01588	0.01560	0.02767	0.05822	0.59925	0.01551	0.11062	0.01997	0.01501	0.02123	0.01376	0.01762	0.02701	0.00610	0.00672	0.00200	0.00818	0.00631	0.00333	0.01002
109	0.01629	0.01564	0.02672	0.04041	0.72757	0.01564	0.02020	0.02020	0.01499	0.02151	0.01238	0.01629	0.01043	0.00587	0.00652	0.00196	0.00782	0.00587	0.00326	0.01043
110	0.00921	0.00650	0.00794	0.00865	0.01002	0.00584	0.00628	0.01081	0.01410	0.05142	0.06385	0.40863	0.27936	0.01827	0.00814	0.00250	0.00391	0.07257	0.00623	0.00578
111	0.01045	0.00690	0.00883	0.00876	0.01039	0.00630	0.00655	0.01280	0.01635	0.07562	0.35895	0.20311	0.15013	0.03305	0.00852	0.00239	0.00378	0.06413	0.00674	0.00625
112	0.01392	0.15383	0.62100	0.01755	0.02661	0.01703	0.02221	0.02066	0.01381	0.01998	0.01138	0.01336	0.00836	0.00615	0.00593	0.00198	0.00929	0.00465	0.00279	0.00952
113	0.01507	0.01853	0.09032	0.02636	0.03301	0.01611	0.62560	0.02061	0.01530	0.02091	0.01408	0.04598	0.01115	0.00618	0.00768	0.00223	0.01072	0.00797	0.00339	0.00881
114	0.01267	0.01197	0.02003	0.69268	0.06960	0.01492	0.01818	0.01690	0.01309	0.01695	0.01159	0.01736	0.00883	0.00678	0.00726	0.00222	0.04278	0.00585	0.00294	0.00742
115	0.01554	0.01488	0.02537	0.17866	0.59518	0.01544	0.01983	0.01955	0.01464	0.02060	0.01225	0.01654	0.01011	0.00600	0.00653	0.00200	0.00801	0.00586	0.00319	0.00982
116	0.01299	0.01221	0.02121	0.56673	0.11447	0.01429	0.07096	0.01705	0.01339	0.01748	0.01252	0.01909	0.00996	0.00748	0.00761	0.03889	0.00864	0.02442	0.00307	0.00753
117	0.01320	0.03405	0.73453	0.01876	0.02849	0.01529	0.02432	0.02085	0.01390	0.02085	0.01181	0.01390	0.00834	0.00625	0.00625	0.00208	0.00973	0.00486	0.00278	0.00973
118	0.01629	0.01564	0.02672	0.04041	0.72757	0.01564	0.02020	0.02020	0.01499	0.02151	0.01238	0.01629	0.01043	0.00587	0.00652	0.00196	0.00782	0.00587	0.00326	0.01043
119	0.01469	0.04132	0.32411	0.01541	0.02146	0.01206	0.07076	0.01951	0.01490	0.12745	0.02389	0.10036	0.07455	0.01031	0.00709	0.00227	0.00756	0.09906	0.00467	0.00859
120	0.01337	0.06226	0.70779	0.01848	0.02805	0.01570	0.02382	0.02081	0.01388	0.02064	0.01171	0.01377	0.00834	0.00623	0.00618	0.00206	0.00963	0.00481	0.00278	0.00968
121	0.01525	0.22915	0.50466	0.01643	0.02479	0.01809	0.02003	0.03902	0.01438	0.04463	0.01170	0.01336	0.00872	0.00620	0.00574	0.00190	0.00881	0.00460	0.00308	0.00948
122	0.01495	0.01472	0.02650	0.21552	0.40892	0.01524	0.14038	0.01924	0.01476	0.02043	0.03705	0.01801	0.01173	0.00625	0.00680	0.00207	0.00848	0.00641	0.00333	0.00923
123	0.01431	0.01073	0.04985	0.03526	0.13080	0.00936	0.02911	0.01736	0.03164	0.15007	0.03156	0.25551	0.11579	0.01343	0.00754	0.00235	0.00560	0.07619	0.00571	0.00783
124	0.02954	0.01120	0.01528	0.01171	0.01681	0.00968	0.00968	0.03208	0.01884	0.73213	0.02597	0.02241	0.01630	0.00815	0.00662	0.00204	0.00560	0.00662	0.00815	0.01120
125	0.01276	0.01203	0.02033	0.69325	0.10239	0.01471	0.01844	0.01710	0.01332	0.01721	0.01176	0.01745	0.00891	0.00652	0.00658	0.00217	0.00870	0.00585	0.00295	0.00757
126	0.01515	0.15751	0.26403	0.02189	0.02937	0.01788	0.35967	0.02077	0.01462	0.02001	0.01209	0.01522	0.00918	0.00579	0.00665	0.00203	0.00993	0.00607	0.00306	0.00908
127	0.01297	0.01225	0.02072	0.65315	0.14079	0.01477	0.01855	0.01729	0.01342	0.01748	0.01180	0.01738	0.00901	0.00648	0.00657	0.00216	0.00864	0.00585	0.00297	0.00775
128	0.00908	0.00672	0.00847	0.00803	0.00969	0.00611	0.00602	0.01196	0.01807	0.02505	0.62138	0.05139	0.16567	0.01396	0.00777	0.00209	0.00314	0.01222	0.00707	0.00611
129	0.01400	0.01331	0.02259	0.46270	0.32316	0.01504	0.01907	0.01820	0.01391	0.01873	0.01198	0.01704	0.00945	0.00629	0.00656	0.00210	0.00839	0.00586	0.00306	0.00858
130	0.02338	0.03859	0.24487	0.01387	0.02032	0.01177	0.01428	0.02750	0.01694	0.46531	0.02131	0.04115	0.01435	0.00784	0.00649	0.00205	0.00690	0.00633	0.00623	0.01049
131	0.01554	0.01776	0.03885	0.02775	0.03441	0.01665	0.70366	0.02109	0.01554	0.02109	0.01332	0.01776	0.00999	0.00555	0.00777	0.00222	0.01110	0.00777	0.00333	0.00888
132	0.00778	0.00667	0.00667	0.00667	0.00889	0.00556	0.00500	0.00945	0.01501	0.01778	0.06669	0.06336	0.72490	0.01667	0.00778	0.00222	0.00333	0.01389	0.00611	0.00556
133	0.01320	0.03405	0.73453	0.01876	0.02849	0.01529	0.02432	0.02085	0.01390	0.02085	0.01181	0.01390	0.00834	0.00625	0.00625	0.00208	0.00973	0.00486	0.00278	0.00973
134	0.02613	0.01280	0.02101	0.01561	0.02109	0.01137	0.17842	0.02941	0.01804	0.55924	0.02290	0.02128	0.01476	0.00752	0.00690	0.00208	0.00694	0.00690	0.00698	0.01064
135	0.01760	0.77260	0.03450	0.01126	0.01690	0.02605	0.01126	0.01971	0.01338	0.01549	0.00915	0.01056	0.00845	0.00563	0.00422	0.00141	0.00704	0.00352	0.00282	0.00845
136	0.01598	0.01532	0.02615	0.09881	0.67164	0.01556	0.02005	0.01993	0.01484	0.02112	0.01233	0.01640	0.01029	0.00592	0.00652	0.00197	0.00790	0.00586	0.00323	0.01017
137	0.02043	0.01072	0.03232	0.01246	0.01646	0.00913	0.08256	0.02300	0.01655	0.40008	0.03107	0.19331	0.09920	0.01157	0.00726	0.00222	0.00564	0.01022	0.00683	0.00898
138	0.02858	0.01123	0.01553	0.05323	0.01840	0.00995	0.01016	0.03123	0.01852	0.69206	0.02517	0.02214	0.01587	0.00806	0.00662	0.00205	0.00578	0.00658	0.00786	0.01099
139	0.01243	0.01170	0.01975	0.75282	0.04534	0.01463	0.01828	0.01682	0.01316	0.01682	0.01170	0.01755	0.00878	0.00658	0.00658	0.00219	0.00878	0.00585	0.00293	0.00731
140	0.01466	0.01398	0.02378	0.34111	0.43961	0.01521	0.01939	0.01878	0.01422	0.01953	0.01210	0.01682	0.00973	0.00617	0.00654	0.00206	0.00822	0.00586	0.00312	0.00911
141	0.02527	0.01133	0.01652	0.01370	0.04387	0.01014	0.05873	0.02846	0.04079	0.55402	0.02572	0.10285	0.01873	0.00927	0.00689	0.00212	0.00587	0.00802	0.00735	0.01035
142	0.01754	0.01466	0.02394	0.15627	0.49708	0.01510	0.01833	0.05929	0.01599	0.09746	0.01391	0.01713	0.01082	0.00634	0.00654	0.00201	0.00771	0.00595	0.00391	0.01003
143	0.02014	0.01358	0.09092	0.01411	0.01866	0.01088	0.12396	0.02384	0.04659	0.33850	0.02163	0.04475	0.01696	0.17049	0.01257	0.00303	0.00703	0.00761	0.00580	0.00894
144	0.16150	0.01744	0.09634	0.01498	0.02031	0.06453	0.10091	0.14131	0.05777	0.21336	0.01736	0.03728	0.01256	0.00750	0.00628	0.00206	0.00731	0.00613	0.00550	0.00958
145	0.35177	0.01502	0.03594	0.01342	0.05519	0.08084	0.04459	0.05858	0.01531	0.16117	0.01695	0.01893	0.04348	0.00752	0.00563	0.00202	0.00647	0.03063	0.00497	0.03157
146	0.09759	0.04113	0.22855	0.02051	0.06536	0.01544	0.24742	0.05793	0.01569	0.10581	0.01387	0.01600	0.01001	0.00624	0.00653	0.00206	0.00880	0.00596	0.00398	0.03111
147	0.04979	0.04646	0.01771	0.03513	0.03638	0.10013	0.03724	0.19231	0.11709	0.11174	0.04643	0.04035	0.03569	0.00810	0.00632	0.00190	0.00679	0.00650	0.00556	0.09837
148	0.15464	0.01598	0.07591	0.01303	0.04037	0.09878	0.01080	0.04127	0.04898	0.20189	0.03790	0.04267	0.01466	0.00770	0.00593	0.00187	0.00647	0.02528	0.00526	0.15063
149	0.06952	0.01741	0.09415	0.01523	0.03847	0.08075	0.08316	0.09211	0.13189	0.10345	0.01818	0.03944	0.03118	0.00746	0.00625	0.00189	0.00707	0.00623	0.00499	0.15115
150	0.05371	0.01448	0.08153	0.01362	0.03657	0.01227	0.05717	0.08907	0.11317	0.14357	0.06585	0.03950	0.05417	0.00807	0.00633	0.00186	0.00600	0.00681	0.00549	0.19075
151	0.05356	0.03400	0.08167	0.01165	0.01657	0.01173	0.01020	0.07346	0.11097	0.15369	0.09735	0.05614	0.01962	0.00816	0.00613	0.00178	0.00551	0.00669	0.00561	0.23552
152	0.03879	0.01424	0.03298	0.01161	0.01588	0.09229	0.00939	0.07744	0.11354	0.12753	0.14621	0.02458	0.04818	0.00842	0.00628	0.00176	0.00576	0.00681	0.00572	0.21259

[dist]
# distance from previous block
# <min> <max>
6	18

[block]
# block no. 3 follows, 33 sequences, length 47
# corresponding to MSA columns:
# 348-361,385-417
name=unknown_D
#
# <colnr> <probs for GDERKNQSTAVLIFYWHMCP>
#	G	D	E	R	K	N	Q	S	T	A	V	L	I	F	Y	W	H	M	C	P
0	0.07013	0.01396	0.01827	0.01572	0.06756	0.01424	0.08024	0.19333	0.11921	0.17386	0.08439	0.03896	0.01847	0.00825	0.00662	0.00202	0.00631	0.00706	0.00611	0.05528
1	0.01800	0.01199	0.01626	0.01511	0.09469	0.01162	0.04804	0.12045	0.07184	0.18156	0.21556	0.02855	0.04836	0.00921	0.00687	0.00196	0.00553	0.00800	0.00632	0.08005
2	0.01751	0.01467	0.01786	0.01823	0.16368	0.06174	0.02809	0.05831	0.17995	0.08970	0.04109	0.01886	0.01469	0.00692	0.00613	0.00174	0.00630	0.00587	0.00502	0.24365
3	0.03880	0.01458	0.01805	0.01544	0.06416	0.03953	0.04917	0.15279	0.10325	0.16858	0.03594	0.01842	0.01385	0.00762	0.00763	0.00191	0.07367	0.00598	0.00551	0.16512
4	0.01647	0.01387	0.05834	0.01223	0.01707	0.01232	0.01040	0.05526	0.13471	0.10696	0.01605	0.01714	0.01238	0.00829	0.03062	0.00193	0.08438	0.00528	0.00483	0.38146
5	0.01646	0.01367	0.01926	0.10576	0.12454	0.03255	0.07870	0.04108	0.04730	0.09379	0.01418	0.01630	0.01090	0.00595	0.00594	0.00160	0.00673	0.00530	0.00426	0.35573
6	0.01545	0.01428	0.02355	0.19505	0.40220	0.03464	0.06782	0.01939	0.01524	0.05016	0.08376	0.02009	0.01537	0.00688	0.00674	0.00204	0.00783	0.00659	0.00379	0.00915
7	0.05171	0.35124	0.10223	0.01345	0.01888	0.08823	0.01269	0.12888	0.13224	0.02271	0.01347	0.01417	0.01073	0.00672	0.00537	0.00176	0.00743	0.00475	0.00414	0.00921
8	0.00940	0.00705	0.01058	0.01058	0.01176	0.00823	0.00823	0.01176	0.01058	0.01528	0.01763	0.02586	0.01646	0.04937	0.74255	0.01058	0.01763	0.00705	0.00353	0.00588
9	0.01937	0.09445	0.06696	0.01656	0.07952	0.10460	0.01292	0.16164	0.29944	0.04885	0.01863	0.01844	0.01407	0.00768	0.00629	0.00200	0.00712	0.00604	0.00538	0.01002
10	0.01576	0.08233	0.39250	0.01951	0.02719	0.06365	0.17073	0.06778	0.05792	0.02198	0.01301	0.01514	0.00962	0.00636	0.00647	0.00204	0.00953	0.00559	0.00343	0.00945
11	0.01977	0.01210	0.01415	0.01210	0.01598	0.01269	0.00957	0.03080	0.38343	0.26278	0.12599	0.02735	0.02482	0.00932	0.00682	0.00214	0.00504	0.00780	0.00726	0.01008
12	0.01369	0.01290	0.02178	0.47533	0.28041	0.01469	0.01863	0.01786	0.01388	0.01856	0.01290	0.01946	0.01055	0.00681	0.00666	0.00215	0.00833	0.03388	0.00317	0.00834
13	0.00788	0.00627	0.00708	0.00774	0.00917	0.00547	0.00548	0.00933	0.01398	0.01736	0.05367	0.36363	0.43304	0.01837	0.00805	0.00242	0.00354	0.01596	0.00611	0.00547
14	0.01635	0.01728	0.03694	0.02651	0.03290	0.01632	0.64397	0.02161	0.01560	0.06376	0.01396	0.01795	0.01033	0.00586	0.00806	0.00223	0.03014	0.00765	0.00361	0.00898
15	0.00811	0.00651	0.00724	0.00743	0.00919	0.00564	0.00543	0.00995	0.01523	0.01920	0.18262	0.19078	0.47593	0.01681	0.00789	0.00228	0.00338	0.01442	0.00632	0.00564
16	0.01269	0.01196	0.02021	0.70521	0.09093	0.01469	0.01841	0.01705	0.01329	0.01713	0.01175	0.01747	0.00889	0.00653	0.00658	0.00218	0.00871	0.00585	0.00295	0.00752
17	0.00834	0.00596	0.00801	0.00954	0.01006	0.00563	0.00667	0.00972	0.01292	0.01717	0.03611	0.67831	0.04284	0.02032	0.00849	0.00272	0.00410	0.10156	0.00610	0.00544
18	0.01453	0.01296	0.01701	0.03371	0.01886	0.01332	0.09278	0.02462	0.32553	0.02340	0.02148	0.07116	0.01818	0.00883	0.00709	0.00201	0.02982	0.04790	0.00529	0.21151
19	0.02153	0.35595	0.02559	0.01447	0.01884	0.42861	0.01208	0.02341	0.01634	0.01584	0.00973	0.01130	0.00847	0.00628	0.00519	0.00157	0.00976	0.00392	0.00314	0.00799
20	0.81514	0.01273	0.00968	0.00866	0.01273	0.01477	0.00713	0.01935	0.01120	0.02954	0.00917	0.01069	0.00713	0.00611	0.00407	0.00204	0.00509	0.00356	0.00407	0.00713
21	0.05205	0.01757	0.05738	0.04554	0.04921	0.01757	0.25114	0.24312	0.14559	0.02900	0.01620	0.01782	0.01197	0.00701	0.00689	0.00212	0.00830	0.00668	0.00497	0.00986
22	0.02016	0.01437	0.01709	0.01417	0.01856	0.01562	0.05230	0.12725	0.43863	0.16989	0.02428	0.02250	0.01748	0.00843	0.00673	0.00216	0.00593	0.00709	0.00677	0.01059
23	0.00804	0.00586	0.00758	0.00888	0.00949	0.00540	0.00600	0.00931	0.01306	0.01723	0.06288	0.66664	0.11548	0.01997	0.00832	0.00261	0.00374	0.01798	0.00615	0.00540
24	0.01661	0.01274	0.01460	0.01256	0.01613	0.01388	0.02767	0.11792	0.38246	0.07799	0.18258	0.02962	0.04647	0.00987	0.00697	0.00215	0.00514	0.00837	0.00680	0.00946
25	0.01506	0.02204	0.23611	0.02332	0.02994	0.01686	0.39190	0.04530	0.01491	0.02107	0.01236	0.01613	0.00938	0.00663	0.00911	0.00226	0.10880	0.00660	0.00323	0.00899
26	0.01765	0.01597	0.04240	0.01504	0.04746	0.03606	0.01168	0.12519	0.54915	0.02865	0.02371	0.02230	0.01774	0.00851	0.00664	0.00217	0.00594	0.00699	0.00631	0.01043
27	0.00957	0.00638	0.00718	0.00718	0.00718	0.00638	0.00399	0.00957	0.00957	0.01276	0.02074	0.04308	0.02393	0.76864	0.03351	0.00638	0.00638	0.00957	0.00399	0.00399
28	0.44176	0.11032	0.01747	0.01337	0.04637	0.14632	0.05148	0.06663	0.01454	0.02537	0.01017	0.01189	0.00811	0.00625	0.00492	0.00190	0.00716	0.00419	0.00389	0.00790
29	0.02322	0.01222	0.01555	0.01338	0.05775	0.01176	0.01015	0.18141	0.02107	0.36748	0.14670	0.02508	0.02276	0.00879	0.00671	0.00198	0.00558	0.00726	0.02597	0.03518
30	0.06439	0.01560	0.02457	0.07844	0.59586	0.03505	0.01869	0.02074	0.04411	0.02182	0.01269	0.01626	0.01049	0.00608	0.00637	0.00198	0.00771	0.00575	0.00344	0.00997
31	0.01320	0.03405	0.73453	0.01876	0.02849	0.01529	0.02432	0.02085	0.01390	0.02085	0.01181	0.01390	0.00834	0.00625	0.00625	0.00208	0.00973	0.00486	0.00278	0.00973
32	0.01526	0.01647	0.03304	0.02438	0.05229	0.01520	0.53119	0.02078	0.04167	0.02141	0.01351	0.01723	0.01034	0.00557	0.00717	0.00199	0.00966	0.00700	0.00356	0.15229
33	0.00802	0.00573	0.00764	0.00917	0.00955	0.00535	0.00611	0.00917	0.01260	0.01681	0.03628	0.76434	0.04354	0.02062	0.00840	0.00267	0.00382	0.01872	0.00611	0.00535
34	0.02578	0.01656	0.01941	0.01479	0.02008	0.01750	0.04074	0.50421	0.02720	0.21775	0.01831	0.01758	0.01245	0.00787	0.00664	0.00200	0.00698	0.00618	0.00685	0.01110
