[name]
unknown

[dist]
# distance from previous block
# <min> <max>
10	101

[block]
# block no. 0 follows, 35 sequences, length 7
# corresponding to MSA columns:
# 147-153
name=unknown_A
#
# <colnr> <probs for GDERKNQSTAVLIFYWHMCP>
#	G	D	E	R	K	N	Q	S	T	A	V	L	I	F	Y	W	H	M	C	P
0	0.04131	0.01152	0.04821	0.03567	0.08016	0.01098	0.07339	0.01805	0.08035	0.10369	0.03735	0.02633	0.06832	0.07472	0.01198	0.10324	0.06222	0.03866	0.03249	0.04137
1	0.01384	0.01292	0.01876	0.13942	0.31217	0.05892	0.01429	0.01669	0.01352	0.01858	0.06938	0.01894	0.01411	0.01153	0.07535	0.06246	0.04002	0.00593	0.00344	0.07974
2	0.01175	0.05892	0.03947	0.01199	0.06525	0.07498	0.00850	0.01351	0.01298	0.01715	0.10954	0.18509	0.04092	0.13770	0.05455	0.04066	0.02354	0.00932	0.00439	0.07977
3	0.00978	0.00943	0.06401	0.01150	0.07666	0.00748	0.00855	0.01277	0.01588	0.02187	0.36885	0.07727	0.18772	0.01258	0.00723	0.00204	0.00419	0.04832	0.00581	0.04804
4	0.01496	0.17252	0.23491	0.01567	0.06902	0.10683	0.03870	0.01953	0.04273	0.01903	0.05090	0.01712	0.04514	0.00666	0.00564	0.00169	0.00759	0.00524	0.00348	0.12265
5	0.01267	0.01147	0.01860	0.09285	0.41055	0.01153	0.01433	0.01585	0.01455	0.02027	0.13889	0.13144	0.06129	0.00952	0.00681	0.00204	0.00608	0.00880	0.00429	0.00815
6	0.01315	0.01128	0.01315	0.00940	0.01503	0.00846	0.00752	0.01597	0.01315	0.02067	0.01128	0.01315	0.00940	0.00470	0.00470	0.00094	0.00470	0.00376	0.00376	0.81583

[dist]
# distance from previous block
# <min> <max>
5	7

[block]
# block no. 1 follows, 35 sequences, length 11
# corresponding to MSA columns:
# 161-171
name=unknown_B
#
# <colnr> <probs for GDERKNQSTAVLIFYWHMCP>
#	G	D	E	R	K	N	Q	S	T	A	V	L	I	F	Y	W	H	M	C	P
0	0.09480	0.01313	0.02079	0.06171	0.28064	0.01346	0.12797	0.01971	0.11027	0.02238	0.10973	0.02325	0.05942	0.00761	0.00649	0.00201	0.00666	0.00713	0.00431	0.00853
1	0.01929	0.01309	0.01985	0.08997	0.02214	0.01335	0.16600	0.19414	0.01862	0.19412	0.01739	0.01905	0.01249	0.01005	0.06300	0.00257	0.00786	0.00636	0.10172	0.00895
2	0.00916	0.00624	0.00793	0.00805	0.00839	0.00652	0.00523	0.00972	0.00967	0.01321	0.01987	0.09458	0.02193	0.47341	0.22816	0.05173	0.00890	0.00906	0.00383	0.00439
3	0.01256	0.01187	0.02008	0.64872	0.15222	0.01425	0.01791	0.01672	0.01296	0.01692	0.01138	0.01672	0.00871	0.00623	0.00633	0.00208	0.00831	0.00564	0.00287	0.00752
4	0.01158	0.01084	0.01791	0.69461	0.04057	0.01332	0.01648	0.01558	0.01284	0.01629	0.01599	0.02084	0.07308	0.00721	0.00645	0.00212	0.00799	0.00633	0.00309	0.00690
5	0.01119	0.01064	0.01116	0.01263	0.11054	0.08245	0.00813	0.01464	0.07887	0.01896	0.11074	0.04459	0.41188	0.03623	0.00782	0.00217	0.00486	0.01052	0.00534	0.00663
6	0.00881	0.00648	0.00825	0.00781	0.00938	0.00591	0.00585	0.01165	0.01756	0.02450	0.65868	0.04893	0.13589	0.01332	0.00748	0.00201	0.00302	0.01169	0.00686	0.00591
7	0.01399	0.01420	0.02123	0.01766	0.01831	0.01909	0.08405	0.01577	0.01024	0.01577	0.00878	0.01420	0.00846	0.01053	0.01948	0.00271	0.68985	0.00575	0.00282	0.00710
8	0.00914	0.00647	0.00856	0.00856	0.00913	0.00704	0.00589	0.01028	0.00971	0.01351	0.01849	0.03321	0.01946	0.41192	0.39249	0.00818	0.01158	0.00801	0.00362	0.00476
9	0.01383	0.01481	0.10320	0.01682	0.16635	0.01113	0.01209	0.01854	0.06759	0.02106	0.01253	0.01451	0.01013	0.00535	0.00532	0.00136	0.00587	0.00452	0.00371	0.49128
10	0.01626	0.42044	0.23331	0.01617	0.09499	0.02062	0.01544	0.08139	0.01470	0.01923	0.01044	0.01212	0.00855	0.00582	0.00506	0.00165	0.00762	0.00420	0.00307	0.00893

[dist]
# distance from previous block
# <min> <max>
0	2

[block]
# block no. 2 follows, 35 sequences, length 14
# corresponding to MSA columns:
# 174-187
name=unknown_C
#
# <colnr> <probs for GDERKNQSTAVLIFYWHMCP>
#	G	D	E	R	K	N	Q	S	T	A	V	L	I	F	Y	W	H	M	C	P
0	0.01403	0.02530	0.42266	0.02439	0.22547	0.03988	0.09123	0.01985	0.01416	0.02031	0.03575	0.01548	0.01049	0.00610	0.00628	0.00197	0.00885	0.00545	0.00303	0.00930
1	0.00906	0.00680	0.01020	0.01020	0.01133	0.00793	0.00793	0.01133	0.01020	0.01473	0.01699	0.02492	0.01586	0.04758	0.75191	0.01020	0.01699	0.00680	0.00340	0.00566
2	0.01578	0.01363	0.01434	0.01291	0.01650	0.01578	0.01004	0.03371	0.72602	0.02654	0.02582	0.02367	0.01937	0.00861	0.00646	0.00215	0.00502	0.00717	0.00646	0.01004
3	0.00867	0.00647	0.00805	0.00766	0.00929	0.00585	0.00574	0.01137	0.01723	0.02370	0.59414	0.05024	0.20093	0.01362	0.00749	0.00203	0.00304	0.01187	0.00676	0.00585
4	0.01436	0.02251	0.34773	0.06591	0.29082	0.01441	0.05982	0.01978	0.01416	0.04639	0.03621	0.01608	0.01090	0.00616	0.00628	0.00197	0.00836	0.00554	0.00322	0.00939
5	0.01315	0.01128	0.01315	0.00940	0.01503	0.00846	0.00752	0.01597	0.01315	0.02067	0.01128	0.01315	0.00940	0.00470	0.00470	0.00094	0.00470	0.00376	0.00376	0.81583
6	0.00810	0.00624	0.00889	0.00956	0.01043	0.00576	0.04407	0.00948	0.01253	0.01651	0.03669	0.66109	0.10931	0.01871	0.00800	0.00251	0.00401	0.01700	0.00574	0.00536
7	0.01569	0.13375	0.18988	0.04368	0.21563	0.09639	0.03855	0.02090	0.07076	0.01946	0.01216	0.01434	0.00971	0.00595	0.00573	0.00175	0.00792	0.00491	0.00330	0.08953
8	0.00956	0.00762	0.00892	0.00847	0.01016	0.03284	0.00639	0.01280	0.04326	0.02290	0.51698	0.04489	0.14629	0.01646	0.08161	0.00283	0.00479	0.01085	0.00632	0.00607
9	0.01572	0.01390	0.01618	0.01401	0.01782	0.01580	0.06604	0.03265	0.66949	0.02604	0.02479	0.02315	0.01859	0.00835	0.00654	0.00215	0.00547	0.00720	0.00620	0.00992
10	0.08293	0.02182	0.01785	0.09014	0.02051	0.39130	0.01287	0.02075	0.01430	0.01654	0.00941	0.01266	0.00815	0.00789	0.01034	0.00206	0.24556	0.00465	0.00312	0.00716
11	0.00773	0.00552	0.00736	0.00883	0.00920	0.00515	0.00589	0.00883	0.01215	0.01619	0.03497	0.77291	0.04196	0.01987	0.00810	0.00258	0.00368	0.01803	0.00589	0.00515
12	0.36916	0.01143	0.01240	0.01002	0.01451	0.01143	0.00827	0.02565	0.01500	0.43553	0.01807	0.01675	0.01191	0.00701	0.00533	0.00196	0.00519	0.00512	0.00617	0.00911
13	0.82186	0.01227	0.00932	0.00834	0.01227	0.01423	0.00687	0.01865	0.01080	0.02846	0.00883	0.01031	0.00687	0.00589	0.00393	0.00196	0.00491	0.00344	0.00393	0.00687

[dist]
# distance from previous block
# <min> <max>
4	10

[block]
# block no. 3 follows, 35 sequences, length 23
# corresponding to MSA columns:
# 198-220
name=unknown_D
#
# <colnr> <probs for GDERKNQSTAVLIFYWHMCP>
#	G	D	E	R	K	N	Q	S	T	A	V	L	I	F	Y	W	H	M	C	P
0	0.01526	0.01511	0.04364	0.05942	0.58335	0.01467	0.06076	0.04355	0.01494	0.02100	0.01519	0.01846	0.05322	0.00636	0.00642	0.00193	0.00753	0.00620	0.00340	0.00958
1	0.76435	0.01216	0.00972	0.00856	0.01255	0.01388	0.00705	0.01954	0.01133	0.08017	0.01001	0.01112	0.00751	0.00603	0.00410	0.00196	0.00494	0.00365	0.00421	0.00715
2	0.00774	0.00628	0.00663	0.00678	0.00861	0.00534	0.00497	0.00903	0.01385	0.01667	0.05813	0.12859	0.62253	0.01681	0.00861	0.05179	0.00340	0.01337	0.00570	0.00518
3	0.82186	0.01227	0.00932	0.00834	0.01227	0.01423	0.00687	0.01865	0.01080	0.02846	0.00883	0.01031	0.00687	0.00589	0.00393	0.00196	0.00491	0.00344	0.00393	0.00687
4	0.82186	0.01227	0.00932	0.00834	0.01227	0.01423	0.00687	0.01865	0.01080	0.02846	0.00883	0.01031	0.00687	0.00589	0.00393	0.00196	0.00491	0.00344	0.00393	0.00687
5	0.82186	0.01227	0.00932	0.00834	0.01227	0.01423	0.00687	0.01865	0.01080	0.02846	0.00883	0.01031	0.00687	0.00589	0.00393	0.00196	0.00491	0.00344	0.00393	0.00687
6	0.00760	0.00631	0.00665	0.00682	0.00870	0.00536	0.00502	0.00920	0.01431	0.01739	0.09083	0.15606	0.61108	0.01644	0.00758	0.00219	0.00327	0.01393	0.00594	0.00536
7	0.01570	0.01507	0.02575	0.03894	0.73748	0.01507	0.01947	0.01947	0.01444	0.02073	0.01193	0.01570	0.01005	0.00565	0.00628	0.00188	0.00754	0.00565	0.00314	0.01005
8	0.01323	0.01306	0.02040	0.04321	0.01880	0.01647	0.13096	0.01516	0.01063	0.01567	0.01112	0.01910	0.01099	0.13657	0.01994	0.00320	0.48528	0.00649	0.00303	0.00671
9	0.01530	0.01475	0.02512	0.03396	0.57998	0.01428	0.07914	0.01908	0.01432	0.02068	0.01193	0.01549	0.00993	0.00550	0.00618	0.00178	0.00744	0.00556	0.00323	0.11635
10	0.00908	0.00674	0.00993	0.00993	0.01097	0.00779	0.00760	0.01116	0.01012	0.01453	0.01723	0.02626	0.01644	0.10656	0.69372	0.00987	0.01612	0.00699	0.00343	0.00552
11	0.01371	0.01365	0.01940	0.08233	0.01904	0.01896	0.01421	0.01535	0.00998	0.01535	0.00859	0.01415	0.00834	0.01068	0.01954	0.00272	0.69872	0.00556	0.00278	0.00695
12	0.01102	0.00551	0.00826	0.00826	0.00826	0.00551	0.00551	0.00826	0.00826	0.01102	0.01102	0.01928	0.01102	0.02204	0.02479	0.81543	0.00551	0.00551	0.00275	0.00275
13	0.00788	0.00644	0.00696	0.00683	0.00881	0.00552	0.00512	0.00985	0.01537	0.01930	0.23849	0.05750	0.55933	0.01526	0.00749	0.00210	0.00316	0.01289	0.00618	0.00552
14	0.01696	0.24734	0.02691	0.02367	0.28667	0.07650	0.06402	0.01977	0.01382	0.04850	0.01096	0.01380	0.00931	0.00645	0.00760	0.00185	0.10891	0.00499	0.00318	0.00877
15	0.01195	0.00768	0.00971	0.00942	0.00966	0.05315	0.00659	0.00992	0.00904	0.01172	0.01095	0.01860	0.01081	0.02116	0.04748	0.68127	0.05918	0.00547	0.00281	0.00343
16	0.01247	0.07363	0.04016	0.04550	0.14009	0.06259	0.03455	0.01579	0.03360	0.02026	0.23145	0.03253	0.11542	0.02701	0.03415	0.00234	0.02492	0.02624	0.02012	0.00719
17	0.01225	0.01155	0.01951	0.70941	0.09398	0.01417	0.01775	0.01644	0.01281	0.01654	0.01132	0.01683	0.00857	0.00629	0.00634	0.00210	0.00839	0.00564	0.00284	0.00726
18	0.01487	0.47164	0.06869	0.01113	0.01545	0.06360	0.01049	0.01757	0.03112	0.01668	0.07894	0.11540	0.01783	0.00964	0.03062	0.00195	0.00678	0.00639	0.00367	0.00754
19	0.71522	0.01271	0.01191	0.01014	0.01400	0.01468	0.05658	0.01855	0.01102	0.02707	0.00908	0.01100	0.00715	0.00618	0.00523	0.00203	0.05280	0.00385	0.00380	0.00699
20	0.01315	0.01128	0.01315	0.00940	0.01503	0.00846	0.00752	0.01597	0.01315	0.02067	0.01128	0.01315	0.00940	0.00470	0.00470	0.00094	0.00470	0.00376	0.00376	0.81583
21	0.01817	0.01632	0.06290	0.01854	0.16044	0.06639	0.01296	0.13503	0.28770	0.08755	0.03830	0.03529	0.01592	0.00785	0.00638	0.00200	0.00650	0.00654	0.00545	0.00979
22	0.01588	0.32325	0.33737	0.01453	0.02151	0.01943	0.01638	0.10067	0.05856	0.02075	0.01170	0.01297	0.00909	0.00613	0.00532	0.00175	0.00782	0.00445	0.00335	0.00909

[dist]
# distance from previous block
# <min> <max>
1	4

[block]
# block no. 4 follows, 35 sequences, length 101
# corresponding to MSA columns:
# 225-284,288-328
name=unknown_E
#
# <colnr> <probs for GDERKNQSTAVLIFYWHMCP>
#	G	D	E	R	K	N	Q	S	T	A	V	L	I	F	Y	W	H	M	C	P
0	0.01370	0.01115	0.01312	0.00944	0.01496	0.00844	0.00756	0.01651	0.01347	0.05097	0.02762	0.01425	0.01076	0.00501	0.00483	0.00101	0.00469	0.00404	0.00400	0.76447
1	0.01322	0.01349	0.02574	0.05098	0.22878	0.01296	0.31214	0.01706	0.01428	0.01935	0.02131	0.13047	0.09326	0.00873	0.00719	0.00213	0.00789	0.00906	0.00385	0.00809
2	0.01127	0.02300	0.46739	0.01432	0.02076	0.01156	0.01686	0.01709	0.03028	0.02085	0.16737	0.07361	0.08073	0.00924	0.00659	0.00206	0.00708	0.00772	0.00413	0.00809
3	0.01292	0.05806	0.69070	0.01777	0.02664	0.01528	0.02262	0.01986	0.01323	0.01972	0.01117	0.01330	0.00805	0.00621	0.00655	0.00202	0.03930	0.00468	0.00268	0.00924
4	0.01432	0.01363	0.02316	0.27487	0.49509	0.01454	0.01858	0.01818	0.01382	0.01915	0.01220	0.03205	0.01020	0.00618	0.00634	0.00197	0.00776	0.00591	0.00309	0.00896
5	0.00898	0.00648	0.00848	0.00798	0.00948	0.00599	0.00599	0.01197	0.01796	0.02544	0.73413	0.04739	0.05986	0.01297	0.00748	0.00200	0.00299	0.01147	0.00698	0.00599
6	0.00773	0.00610	0.00697	0.00746	0.00889	0.00534	0.00533	0.00928	0.01394	0.01759	0.11806	0.32185	0.41467	0.01717	0.00772	0.00229	0.00336	0.01491	0.00600	0.00534
7	0.01582	0.06522	0.25412	0.02371	0.18170	0.01545	0.19883	0.02078	0.01429	0.09143	0.01293	0.01551	0.00967	0.00617	0.00712	0.00201	0.04676	0.00576	0.00344	0.00926
8	0.00812	0.00643	0.00730	0.00713	0.00896	0.00561	0.00533	0.01029	0.01586	0.02056	0.34192	0.07279	0.43742	0.01487	0.00751	0.00209	0.00313	0.01271	0.00634	0.00561
9	0.00860	0.00617	0.00748	0.00803	0.00887	0.00581	0.00559	0.00970	0.01234	0.01601	0.07880	0.25089	0.18920	0.23352	0.01549	0.03324	0.00457	0.09558	0.00525	0.00487
10	0.01427	0.08920	0.13479	0.12608	0.33508	0.03049	0.03560	0.01809	0.01348	0.01850	0.01351	0.01792	0.03374	0.05340	0.00826	0.00219	0.03790	0.00577	0.00311	0.00861
11	0.01710	0.70401	0.03121	0.01082	0.01604	0.02391	0.01062	0.05580	0.01381	0.01666	0.00972	0.01108	0.00866	0.00564	0.00421	0.00139	0.00662	0.00363	0.04089	0.00818
12	0.72269	0.01179	0.00952	0.00846	0.01224	0.01340	0.00689	0.01789	0.01081	0.02696	0.00931	0.01126	0.00745	0.00778	0.02921	0.03193	0.00531	0.00364	0.00386	0.04961
13	0.01240	0.00744	0.00688	0.00678	0.00835	0.05151	0.00510	0.01524	0.01342	0.02268	0.01983	0.02297	0.01575	0.00947	0.04418	0.00195	0.00422	0.00585	0.72000	0.00599
14	0.01198	0.01128	0.01903	0.76180	0.04369	0.01409	0.01762	0.01621	0.01268	0.01621	0.01128	0.01691	0.00846	0.00634	0.00634	0.00211	0.00846	0.00564	0.00282	0.00705
15	0.01629	0.01388	0.01463	0.01301	0.01669	0.01602	0.01016	0.07535	0.68355	0.02736	0.02517	0.02315	0.01884	0.00855	0.00645	0.00214	0.00514	0.00708	0.00645	0.01009
16	0.02727	0.01231	0.01561	0.01201	0.01692	0.01162	0.00991	0.17311	0.03693	0.57980	0.02301	0.02032	0.01477	0.00782	0.00637	0.00196	0.00572	0.00626	0.00751	0.01078
17	0.01411	0.07135	0.01790	0.11131	0.16236	0.11427	0.01228	0.01610	0.01249	0.01594	0.01420	0.07914	0.01439	0.17082	0.01420	0.00295	0.13890	0.00697	0.00339	0.00693
18	0.00845	0.00641	0.00778	0.00755	0.00918	0.00574	0.00562	0.01090	0.01652	0.02232	0.48497	0.09586	0.26688	0.01435	0.00752	0.00208	0.00310	0.01246	0.00658	0.00574
19	0.02846	0.01080	0.01472	0.01129	0.01619	0.00932	0.00932	0.03092	0.01816	0.74187	0.02503	0.02159	0.01570	0.00785	0.00638	0.00196	0.00540	0.00638	0.00785	0.01080
20	0.00773	0.00552	0.00736	0.00883	0.00920	0.00515	0.00589	0.00883	0.01215	0.01619	0.03497	0.77291	0.04196	0.01987	0.00810	0.00258	0.00368	0.01803	0.00589	0.00515
21	0.00884	0.00648	0.00829	0.00783	0.00939	0.00593	0.00588	0.01170	0.01763	0.02465	0.67061	0.04868	0.12387	0.01326	0.00748	0.00201	0.00301	0.01165	0.00688	0.00593
22	0.30074	0.01115	0.01264	0.01015	0.01460	0.01089	0.00836	0.02600	0.01562	0.47020	0.04539	0.01865	0.01428	0.00736	0.00558	0.00196	0.00514	0.00555	0.00647	0.00927
23	0.13993	0.01195	0.01316	0.04688	0.01531	0.02900	0.00921	0.19025	0.06030	0.02765	0.25863	0.02712	0.04506	0.01062	0.02607	0.00224	0.06579	0.00756	0.00559	0.00769
24	0.61984	0.08371	0.02713	0.01165	0.06990	0.06242	0.00887	0.01920	0.01178	0.02565	0.00918	0.01084	0.00734	0.00587	0.00428	0.00188	0.00578	0.00367	0.00369	0.00731
25	0.01747	0.49125	0.02862	0.05799	0.09257	0.06199	0.02613	0.09208	0.01514	0.01858	0.01018	0.01198	0.00871	0.00576	0.00485	0.00153	0.00723	0.00413	0.00323	0.04058
26	0.01401	0.02599	0.45214	0.06185	0.24181	0.04044	0.03539	0.01990	0.01387	0.01993	0.01152	0.01427	0.00870	0.00593	0.00614	0.00197	0.00887	0.00506	0.00286	0.00937
27	0.00865	0.00630	0.00832	0.00964	0.01047	0.00608	0.00714	0.01081	0.03626	0.01731	0.03542	0.53377	0.06632	0.01873	0.00820	0.00264	0.00428	0.19826	0.00589	0.00550
28	0.01477	0.01409	0.02391	0.15720	0.53687	0.01466	0.04244	0.01917	0.04224	0.01993	0.01262	0.01667	0.01039	0.00769	0.03859	0.00230	0.00811	0.00582	0.00323	0.00930
29	0.00906	0.00680	0.01020	0.01020	0.01133	0.00793	0.00793	0.01133	0.01020	0.01473	0.01699	0.02492	0.01586	0.04758	0.75191	0.01020	0.01699	0.00680	0.00340	0.00566
30	0.00765	0.00646	0.00680	0.00680	0.00884	0.00561	0.00513	0.00933	0.01404	0.01690	0.05957	0.05746	0.66348	0.01920	0.08144	0.00294	0.00458	0.01273	0.00564	0.00539
31	0.00772	0.00554	0.00734	0.00878	0.00919	0.00516	0.00586	0.00884	0.01220	0.01622	0.03563	0.75664	0.05780	0.01979	0.00808	0.00257	0.00367	0.01793	0.00589	0.00516
32	0.02833	0.01102	0.01486	0.01139	0.01630	0.00965	0.00941	0.05252	0.01853	0.71975	0.02472	0.02139	0.01555	0.00784	0.00638	0.00196	0.00545	0.00636	0.00780	0.01080
33	0.01597	0.01367	0.01447	0.01281	0.01655	0.01558	0.01000	0.05903	0.66527	0.02677	0.02472	0.02284	0.01856	0.00838	0.00637	0.00208	0.00508	0.00695	0.00632	0.04857
34	0.01226	0.02697	0.55804	0.01681	0.02437	0.01362	0.05492	0.01850	0.01391	0.02045	0.10409	0.01939	0.03758	0.00743	0.00704	0.00205	0.04457	0.00600	0.00335	0.00866
35	0.06144	0.02873	0.01762	0.01597	0.01914	0.68728	0.01206	0.02461	0.01731	0.01613	0.00970	0.01148	0.00812	0.00669	0.00623	0.00170	0.04106	0.00411	0.00328	0.00731
36	0.01010	0.00722	0.01009	0.01155	0.01296	0.00720	0.01002	0.01294	0.01449	0.01885	0.03365	0.10507	0.03677	0.01764	0.00873	0.00290	0.00574	0.66244	0.00584	0.00581
37	0.01561	0.01498	0.02559	0.05662	0.72050	0.01505	0.01942	0.01939	0.01440	0.02061	0.01192	0.01573	0.01001	0.00567	0.00628	0.00189	0.00756	0.00565	0.00313	0.00998
38	0.01723	0.01407	0.12784	0.01119	0.01682	0.00947	0.01041	0.02067	0.01511	0.23422	0.08133	0.01881	0.01565	0.00659	0.00566	0.00151	0.00548	0.00538	0.00509	0.37745
39	0.82186	0.01227	0.00932	0.00834	0.01227	0.01423	0.00687	0.01865	0.01080	0.02846	0.00883	0.01031	0.00687	0.00589	0.00393	0.00196	0.00491	0.00344	0.00393	0.00687
40	0.01709	0.72883	0.03294	0.01163	0.01703	0.04679	0.03787	0.01924	0.01312	0.01515	0.00900	0.01048	0.00820	0.00546	0.00425	0.00140	0.00708	0.00357	0.00275	0.00813
41	0.00764	0.00623	0.00677	0.00706	0.00877	0.00535	0.00513	0.00923	0.01417	0.01746	0.10058	0.21817	0.53796	0.01671	0.00763	0.00223	0.00330	0.01430	0.00596	0.00535
42	0.00764	0.00622	0.00676	0.00707	0.00877	0.00535	0.00513	0.00922	0.01415	0.01743	0.09846	0.22227	0.53598	0.01674	0.00763	0.00223	0.00331	0.01433	0.00596	0.00535
43	0.01410	0.01344	0.02286	0.34937	0.43953	0.01465	0.01867	0.01807	0.01369	0.01879	0.01165	0.01622	0.00936	0.00595	0.00631	0.00198	0.00793	0.00565	0.00300	0.00876
44	0.01658	0.01402	0.01479	0.01307	0.01680	0.01615	0.01023	0.09896	0.65947	0.02782	0.02481	0.02286	0.01855	0.00851	0.00644	0.00213	0.00521	0.00703	0.00644	0.01011
45	0.02126	0.01664	0.01890	0.01500	0.01880	0.01942	0.01239	0.51539	0.06003	0.03343	0.01412	0.01533	0.01063	0.00849	0.00979	0.00212	0.18716	0.00575	0.00550	0.00984
46	0.01581	0.01409	0.01929	0.23752	0.21742	0.07785	0.03761	0.09423	0.01573	0.03899	0.01390	0.01834	0.01111	0.00691	0.00657	0.00194	0.03047	0.02447	0.10952	0.00824
47	0.20487	0.01196	0.09263	0.01099	0.02764	0.01094	0.00924	0.01575	0.01166	0.07922	0.05942	0.02387	0.01641	0.18847	0.14053	0.00440	0.07489	0.00643	0.00408	0.00660
48	0.00753	0.00628	0.00657	0.00681	0.00867	0.00532	0.00499	0.00906	0.01409	0.01699	0.05965	0.17330	0.62564	0.01667	0.00759	0.00221	0.00329	0.01412	0.00589	0.00532
49	0.01315	0.01128	0.01315	0.00940	0.01503	0.00846	0.00752	0.01597	0.01315	0.02067	0.01128	0.01315	0.00940	0.00470	0.00470	0.00094	0.00470	0.00376	0.00376	0.81583
50	0.01228	0.01223	0.04423	0.65170	0.07820	0.01382	0.01730	0.01650	0.01283	0.01686	0.01131	0.01650	0.00858	0.00619	0.00623	0.00203	0.00821	0.00549	0.00289	0.05662
51	0.01070	0.01107	0.00897	0.00858	0.01086	0.14432	0.00648	0.01230	0.01497	0.01678	0.05246	0.05041	0.57795	0.01415	0.00757	0.00207	0.02786	0.01142	0.00531	0.00577
52	0.01446	0.01127	0.01346	0.00994	0.01513	0.00912	0.00798	0.01764	0.03500	0.08243	0.01295	0.01455	0.01038	0.00648	0.02589	0.00138	0.03154	0.00423	0.00415	0.67201
53	0.00911	0.00669	0.00894	0.04059	0.01096	0.00634	0.00649	0.01215	0.01773	0.02504	0.70286	0.04607	0.05763	0.01268	0.00743	0.00200	0.00323	0.01122	0.00680	0.00603
54	0.01276	0.01217	0.01842	0.58298	0.08904	0.04563	0.01624	0.01745	0.05642	0.01701	0.01318	0.04164	0.01076	0.03209	0.00722	0.00223	0.00808	0.00617	0.00321	0.00730
55	0.04252	0.01100	0.01403	0.01053	0.01568	0.00913	0.00861	0.02524	0.01618	0.46510	0.01969	0.01828	0.01322	0.00667	0.00571	0.00160	0.00513	0.00537	0.00628	0.30002
56	0.02008	0.02338	0.01615	0.03551	0.03591	0.49864	0.01121	0.05725	0.05459	0.01727	0.01391	0.04150	0.01283	0.09688	0.00910	0.00230	0.00963	0.03285	0.00383	0.00719
57	0.01264	0.06169	0.68029	0.01723	0.02610	0.01470	0.02204	0.01952	0.01342	0.01974	0.01381	0.01554	0.04277	0.00648	0.00602	0.00199	0.00898	0.00505	0.00283	0.00913
58	0.82186	0.01227	0.00932	0.00834	0.01227	0.01423	0.00687	0.01865	0.01080	0.02846	0.00883	0.01031	0.00687	0.00589	0.00393	0.00196	0.00491	0.00344	0.00393	0.00687
59	0.01696	0.78087	0.03324	0.01085	0.01628	0.02510	0.01085	0.01900	0.01289	0.01493	0.00882	0.01018	0.00814	0.00543	0.00407	0.00136	0.00678	0.00339	0.00271	0.00814
60	0.02702	0.01105	0.01454	0.01129	0.01600	0.00995	0.00928	0.06477	0.04664	0.64713	0.02438	0.02144	0.01563	0.00785	0.00630	0.00195	0.00536	0.00636	0.04252	0.01055
61	0.00949	0.00738	0.01084	0.01060	0.01158	0.00884	0.00825	0.01157	0.01011	0.01466	0.01638	0.02476	0.01555	0.07926	0.65405	0.00936	0.08146	0.00680	0.00337	0.00569
62	0.01354	0.01094	0.01292	0.00939	0.01472	0.00833	0.00750	0.01636	0.01368	0.05218	0.05910	0.01576	0.01297	0.00537	0.00495	0.00105	0.00462	0.00438	0.00415	0.72810
63	0.00781	0.00558	0.00743	0.00878	0.00922	0.00520	0.00589	0.00902	0.01250	0.01676	0.07761	0.72865	0.04305	0.01945	0.00806	0.00254	0.00364	0.01763	0.00596	0.00520
64	0.82186	0.01227	0.00932	0.00834	0.01227	0.01423	0.00687	0.01865	0.01080	0.02846	0.00883	0.01031	0.00687	0.00589	0.00393	0.00196	0.00491	0.00344	0.00393	0.00687
65	0.02827	0.01110	0.01491	0.01143	0.01634	0.00977	0.00944	0.06057	0.01866	0.71151	0.02460	0.02132	0.01549	0.00784	0.00638	0.00196	0.00547	0.00635	0.00779	0.01080
66	0.00780	0.00555	0.00734	0.00874	0.00909	0.00520	0.00579	0.00885	0.01200	0.01600	0.03421	0.73616	0.04101	0.05792	0.00931	0.00276	0.00380	0.01759	0.00579	0.00509
67	0.01374	0.01205	0.01559	0.01117	0.01686	0.00958	0.07192	0.04321	0.01396	0.02138	0.01157	0.01359	0.00947	0.00487	0.00501	0.00109	0.00533	0.00417	0.00381	0.71163
68	0.01008	0.04695	0.01134	0.01019	0.03653	0.02283	0.03286	0.01350	0.06164	0.02084	0.29146	0.11498	0.24222	0.01342	0.00729	0.00211	0.00419	0.04530	0.00591	0.00635
69	0.79649	0.03650	0.01008	0.00842	0.01239	0.01457	0.00700	0.01866	0.01086	0.02804	0.00883	0.01030	0.00691	0.00587	0.00393	0.00194	0.00497	0.00343	0.00389	0.00691
70	0.01538	0.01328	0.01397	0.01260	0.01612	0.01528	0.00979	0.03253	0.69202	0.02609	0.02766	0.02545	0.05355	0.00896	0.00650	0.00215	0.00493	0.00747	0.00643	0.00982
71	0.01212	0.01226	0.01938	0.12230	0.03912	0.06182	0.22022	0.01541	0.01451	0.01849	0.06524	0.11337	0.17151	0.01057	0.00724	0.00215	0.00711	0.05138	0.00440	0.03142
72	0.00854	0.00647	0.00787	0.00752	0.00921	0.00580	0.00564	0.01112	0.01692	0.02298	0.53568	0.05144	0.25984	0.01389	0.00749	0.00204	0.00306	0.01204	0.00666	0.00580
73	0.01562	0.01667	0.01837	0.01601	0.01676	0.16650	0.01303	0.01713	0.01151	0.01556	0.00934	0.01411	0.00883	0.01146	0.04529	0.00279	0.56094	0.00531	0.02782	0.00694
74	0.01595	0.05244	0.01123	0.00950	0.01181	0.23065	0.00729	0.03560	0.01509	0.02118	0.01670	0.01911	0.01329	0.00704	0.00485	0.00153	0.00579	0.00523	0.50914	0.00658
75	0.00832	0.00624	0.00771	0.00780	0.00919	0.00563	0.00568	0.01052	0.01572	0.02121	0.40374	0.22265	0.22163	0.01537	0.00763	0.00217	0.00321	0.01350	0.00646	0.00563
76	0.01298	0.03102	0.66357	0.01907	0.02811	0.01488	0.10226	0.02012	0.01357	0.02012	0.01155	0.01382	0.00822	0.00595	0.00619	0.00202	0.00953	0.00501	0.00274	0.00928
77	0.01462	0.01371	0.02311	0.07515	0.60027	0.01385	0.01788	0.01820	0.01424	0.02009	0.01492	0.06058	0.01385	0.00743	0.00659	0.00202	0.00724	0.06349	0.00349	0.00927
78	0.01289	0.01430	0.07417	0.01202	0.01435	0.15899	0.00995	0.01632	0.05647	0.01709	0.09383	0.02437	0.01891	0.07799	0.33858	0.00587	0.03673	0.00673	0.00390	0.00654
79	0.01269	0.01076	0.01265	0.00931	0.01448	0.00817	0.00736	0.01542	0.01331	0.02064	0.04380	0.05495	0.01331	0.00586	0.00500	0.00107	0.00457	0.00485	0.00401	0.73778
80	0.63376	0.08250	0.04053	0.00980	0.01400	0.09503	0.00844	0.01946	0.01186	0.02555	0.00904	0.01054	0.00717	0.00592	0.00421	0.00188	0.00595	0.00355	0.00370	0.00713
81	0.05532	0.01224	0.01908	0.04111	0.07171	0.03857	0.18854	0.07554	0.01523	0.07918	0.05964	0.14064	0.01946	0.02724	0.05560	0.03789	0.00762	0.02189	0.02597	0.00752
82	0.58747	0.01346	0.05061	0.01150	0.05820	0.01365	0.02497	0.01833	0.01158	0.02603	0.01004	0.01263	0.00813	0.00608	0.00478	0.00189	0.02014	0.01837	0.00379	0.09836
83	0.54155	0.01221	0.01007	0.00954	0.03121	0.05761	0.00730	0.03929	0.01218	0.02584	0.01167	0.01444	0.00953	0.03627	0.04496	0.00246	0.00585	0.00434	0.11691	0.00680
84	0.01116	0.00909	0.01187	0.07531	0.03594	0.01060	0.00857	0.01408	0.07631	0.01654	0.04264	0.09266	0.04842	0.26830	0.04533	0.00388	0.15973	0.00856	0.05507	0.00594
85	0.00821	0.00593	0.00814	0.00905	0.00966	0.00596	0.00633	0.00967	0.01181	0.01613	0.06671	0.50657	0.03526	0.06138	0.20243	0.00469	0.00722	0.01436	0.00521	0.00527
86	0.00977	0.00680	0.00782	0.00756	0.00967	0.00591	0.00576	0.01178	0.01541	0.08190	0.20355	0.09853	0.45304	0.01497	0.00749	0.00215	0.00350	0.04212	0.00630	0.00597
87	0.01474	0.01544	0.02088	0.01751	0.01832	0.07627	0.07458	0.01649	0.01082	0.01573	0.00883	0.01397	0.00843	0.01025	0.01848	0.00263	0.64107	0.00561	0.00285	0.00711
88	0.02706	0.01266	0.01583	0.01218	0.01710	0.01214	0.01005	0.20773	0.03699	0.54488	0.02252	0.02000	0.01452	0.00781	0.00637	0.00195	0.00580	0.00623	0.00743	0.01078
89	0.02846	0.01080	0.01472	0.01129	0.01619	0.00932	0.00932	0.03092	0.01816	0.74187	0.02503	0.02159	0.01570	0.00785	0.00638	0.00196	0.00540	0.00638	0.00785	0.01080
90	0.82186	0.01227	0.00932	0.00834	0.01227	0.01423	0.00687	0.01865	0.01080	0.02846	0.00883	0.01031	0.00687	0.00589	0.00393	0.00196	0.00491	0.00344	0.00393	0.00687
91	0.01713	0.01415	0.01494	0.01302	0.01681	0.01620	0.01024	0.15223	0.58577	0.02881	0.02384	0.02220	0.01779	0.00840	0.00638	0.00209	0.00531	0.00688	0.02776	0.01006
92	0.01260	0.00834	0.00996	0.00918	0.01070	0.00888	0.00663	0.11025	0.03535	0.05340	0.01950	0.05232	0.01886	0.31456	0.21082	0.00569	0.00861	0.00782	0.09046	0.00607
93	0.48880	0.01144	0.01127	0.00941	0.01357	0.01201	0.00773	0.02283	0.01387	0.29106	0.05125	0.01633	0.01279	0.00697	0.00501	0.00196	0.00499	0.00492	0.00553	0.00827
94	0.01483	0.01270	0.01388	0.01312	0.03777	0.01445	0.00980	0.03029	0.61222	0.02573	0.07991	0.06499	0.02337	0.00945	0.00662	0.00215	0.00487	0.00803	0.00636	0.00947
95	0.00765	0.00641	0.00666	0.00665	0.00868	0.00541	0.00497	0.00939	0.01476	0.01796	0.13202	0.07736	0.64866	0.01584	0.00751	0.00214	0.00320	0.01331	0.00600	0.00541
96	0.00984	0.00795	0.01036	0.01126	0.04977	0.00790	0.02608	0.01426	0.12917	0.01934	0.10035	0.38644	0.14036	0.01560	0.00760	0.00236	0.00425	0.04480	0.00586	0.00643
97	0.04483	0.01211	0.02030	0.59221	0.15446	0.01432	0.03894	0.01696	0.01297	0.01755	0.01133	0.01646	0.00869	0.00618	0.00627	0.00207	0.00824	0.00561	0.00293	0.00757
98	0.01599	0.01508	0.02277	0.18554	0.44153	0.06014	0.01760	0.04684	0.01465	0.04200	0.01192	0.01572	0.00967	0.00642	0.00739	0.00199	0.06678	0.00557	0.00332	0.00907
99	0.01487	0.23085	0.03745	0.01154	0.01499	0.05903	0.06839	0.06106	0.01467	0.06426	0.09786	0.06549	0.05601	0.16411	0.01128	0.00268	0.00649	0.00751	0.00438	0.00709
100	0.41970	0.21257	0.03626	0.01284	0.08985	0.01706	0.00996	0.05237	0.01296	0.04065	0.01000	0.01152	0.00805	0.00583	0.00446	0.00175	0.00588	0.00388	0.00370	0.04071

[dist]
# distance from previous block
# <min> <max>
0	1

[block]
# block no. 5 follows, 35 sequences, length 80
# corresponding to MSA columns:
# 330-409
name=unknown_F
#
# <colnr> <probs for GDERKNQSTAVLIFYWHMCP>
#	G	D	E	R	K	N	Q	S	T	A	V	L	I	F	Y	W	H	M	C	P
0	0.01767	0.53354	0.07186	0.01310	0.03965	0.10519	0.01203	0.05348	0.06877	0.01754	0.01078	0.01195	0.00918	0.00594	0.00473	0.00153	0.00736	0.00401	0.00324	0.00845
1	0.01252	0.01278	0.05313	0.46900	0.14126	0.01432	0.01685	0.01623	0.01256	0.01695	0.01268	0.06987	0.01104	0.00780	0.00831	0.00219	0.10551	0.00646	0.00307	0.00746
2	0.00875	0.00650	0.00817	0.00784	0.00945	0.00592	0.00593	0.01149	0.01719	0.02367	0.58421	0.05082	0.18331	0.01371	0.00753	0.00206	0.00314	0.03772	0.00674	0.00586
3	0.00833	0.00646	0.00758	0.00730	0.00908	0.00571	0.00548	0.01072	0.01643	0.02182	0.44194	0.05335	0.35431	0.01432	0.00749	0.00206	0.00309	0.01231	0.00651	0.00571
4	0.00859	0.00645	0.00795	0.00762	0.00925	0.00581	0.00570	0.01120	0.01696	0.02319	0.55394	0.06879	0.22344	0.01389	0.00750	0.00205	0.00306	0.01210	0.00669	0.00581
5	0.01433	0.01525	0.03109	0.06647	0.16401	0.01470	0.46679	0.01899	0.01463	0.01993	0.01497	0.04674	0.01286	0.00691	0.00732	0.00217	0.00936	0.06160	0.00347	0.00843
6	0.00906	0.00648	0.00886	0.01015	0.01115	0.00628	0.00801	0.01123	0.01388	0.01840	0.09834	0.36396	0.04094	0.01809	0.00837	0.00269	0.00467	0.34791	0.00597	0.00557
7	0.01367	0.01158	0.01343	0.00964	0.01525	0.00898	0.00773	0.04868	0.01393	0.02157	0.01146	0.01325	0.00946	0.00483	0.00478	0.00098	0.00480	0.00385	0.00388	0.77823
8	0.02381	0.01805	0.01884	0.01460	0.01956	0.04434	0.01199	0.66911	0.05370	0.03868	0.01542	0.01540	0.01100	0.00761	0.00633	0.00190	0.00706	0.00571	0.00625	0.01065
9	0.01570	0.01507	0.02575	0.03894	0.73748	0.01507	0.01947	0.01947	0.01444	0.02073	0.01193	0.01570	0.01005	0.00565	0.00628	0.00188	0.00754	0.00565	0.00314	0.01005
10	0.01297	0.01248	0.02093	0.37410	0.18405	0.01463	0.06598	0.01647	0.01269	0.01731	0.01287	0.07469	0.01145	0.00796	0.00893	0.00221	0.13277	0.00672	0.00315	0.00763
11	0.01225	0.02741	0.57657	0.01762	0.05171	0.01332	0.04017	0.01845	0.01330	0.01962	0.01459	0.11492	0.01272	0.00780	0.00631	0.00205	0.00844	0.00656	0.00317	0.03301
12	0.00915	0.00623	0.00744	0.00755	0.00785	0.00623	0.00471	0.00976	0.01052	0.01421	0.08750	0.08800	0.02785	0.58093	0.06961	0.00563	0.00633	0.04186	0.00433	0.00432
13	0.02470	0.01512	0.01723	0.01328	0.01813	0.01589	0.01094	0.47544	0.02573	0.25117	0.05286	0.01870	0.01464	0.00794	0.00641	0.00193	0.00631	0.00619	0.00683	0.01056
14	0.00836	0.00588	0.00718	0.00787	0.00828	0.00560	0.00502	0.00916	0.01145	0.01519	0.06494	0.40122	0.08516	0.31497	0.01747	0.00391	0.00458	0.01394	0.00514	0.00470
15	0.01556	0.22998	0.02286	0.03509	0.04039	0.10621	0.08549	0.04195	0.01363	0.01732	0.01235	0.06053	0.01160	0.03779	0.04424	0.00236	0.11495	0.00573	0.00337	0.09860
16	0.01526	0.01959	0.20724	0.11465	0.11671	0.04033	0.18415	0.04614	0.01469	0.05785	0.01246	0.01544	0.00937	0.00609	0.00689	0.00195	0.03662	0.00565	0.00342	0.08550
17	0.01432	0.01585	0.10038	0.04268	0.05236	0.08190	0.01195	0.04260	0.28090	0.02132	0.02401	0.07729	0.09039	0.01170	0.04761	0.00257	0.06124	0.00770	0.00489	0.00833
18	0.01183	0.00591	0.00591	0.00591	0.00739	0.00591	0.00443	0.01478	0.01330	0.02365	0.02069	0.02365	0.01626	0.00739	0.00443	0.00148	0.00296	0.00591	0.81227	0.00591
19	0.01013	0.00724	0.01012	0.01158	0.01300	0.00722	0.01006	0.01298	0.01451	0.01888	0.03364	0.09748	0.03671	0.01761	0.00874	0.00291	0.00576	0.66977	0.00584	0.00582
20	0.02614	0.01012	0.01349	0.01054	0.01497	0.00885	0.00864	0.02867	0.01748	0.64175	0.02442	0.02188	0.01578	0.00779	0.00611	0.00190	0.00506	0.00631	0.11999	0.01012
21	0.01417	0.01151	0.01246	0.01127	0.01426	0.01288	0.00872	0.04674	0.48862	0.02643	0.18198	0.02868	0.02783	0.00944	0.00651	0.00205	0.00445	0.00798	0.07522	0.00881
22	0.00946	0.00660	0.00858	0.00802	0.00963	0.00606	0.00604	0.01239	0.01784	0.04475	0.69137	0.04716	0.08219	0.01294	0.00745	0.00200	0.00307	0.01140	0.00697	0.00610
23	0.82186	0.01227	0.00932	0.00834	0.01227	0.01423	0.00687	0.01865	0.01080	0.02846	0.00883	0.01031	0.00687	0.00589	0.00393	0.00196	0.00491	0.00344	0.00393	0.00687
24	0.01198	0.01128	0.01903	0.76180	0.04369	0.01409	0.01762	0.01621	0.01268	0.01621	0.01128	0.01691	0.00846	0.00634	0.00634	0.00211	0.00846	0.00564	0.00282	0.00705
25	0.00798	0.00572	0.00759	0.00866	0.00926	0.00532	0.00591	0.00947	0.01333	0.01808	0.17737	0.62514	0.04560	0.01847	0.00797	0.00246	0.00354	0.01670	0.00611	0.00532
26	0.02412	0.01777	0.01904	0.01460	0.01967	0.01967	0.01206	0.71633	0.02983	0.03998	0.01523	0.01523	0.01079	0.00762	0.00635	0.00190	0.00698	0.00571	0.00635	0.01079
27	0.02370	0.03023	0.01798	0.01634	0.01961	0.75158	0.01226	0.02533	0.01798	0.01553	0.00981	0.01144	0.00817	0.00654	0.00572	0.00163	0.01144	0.00409	0.00327	0.00735
28	0.03266	0.00772	0.02885	0.00789	0.01021	0.00646	0.00627	0.01233	0.01618	0.05558	0.38718	0.04821	0.30545	0.01323	0.00721	0.00202	0.00347	0.01129	0.00631	0.03148
29	0.01250	0.08146	0.32963	0.01367	0.01910	0.02902	0.01483	0.01778	0.05676	0.03977	0.03960	0.13564	0.05218	0.01165	0.03811	0.00245	0.00744	0.06806	0.00415	0.02622
30	0.01388	0.01388	0.01943	0.01666	0.01666	0.01943	0.01388	0.01527	0.00972	0.01527	0.00833	0.01388	0.00833	0.01110	0.02082	0.00278	0.76544	0.00555	0.00278	0.00694
31	0.29933	0.04095	0.04099	0.01284	0.01700	0.24446	0.03179	0.10250	0.01621	0.09826	0.01183	0.01297	0.00892	0.00693	0.00580	0.02495	0.00764	0.00443	0.00427	0.00794
32	0.01866	0.01718	0.04728	0.08408	0.26478	0.07406	0.01508	0.26912	0.07298	0.02711	0.01558	0.01726	0.03394	0.00705	0.00631	0.00192	0.00746	0.00588	0.00459	0.00968
33	0.01532	0.01651	0.12402	0.01369	0.01814	0.01562	0.01205	0.03166	0.61893	0.02557	0.02365	0.02212	0.01766	0.00822	0.00639	0.00213	0.00568	0.00680	0.00589	0.00994
34	0.01328	0.01173	0.01425	0.01067	0.01532	0.01038	0.00863	0.01585	0.01255	0.01972	0.01076	0.01328	0.00921	0.00582	0.00752	0.00126	0.13798	0.00407	0.00359	0.67412
35	0.00774	0.00644	0.00676	0.00668	0.00872	0.00546	0.00501	0.00957	0.01503	0.01849	0.17350	0.05882	0.62482	0.01556	0.00750	0.00212	0.00318	0.01308	0.00607	0.00546
36	0.82186	0.01227	0.00932	0.00834	0.01227	0.01423	0.00687	0.01865	0.01080	0.02846	0.00883	0.01031	0.00687	0.00589	0.00393	0.00196	0.00491	0.00344	0.00393	0.00687
37	0.02385	0.01764	0.01889	0.01454	0.01957	0.01955	0.01199	0.69439	0.05219	0.03955	0.01557	0.01550	0.01106	0.00765	0.00635	0.00191	0.00692	0.00576	0.00635	0.01076
38	0.02517	0.01097	0.01455	0.01107	0.01599	0.00943	0.00910	0.02766	0.01698	0.58553	0.02197	0.01978	0.01431	0.00734	0.00644	0.00179	0.02527	0.00586	0.00694	0.16386
39	0.03988	0.01802	0.03502	0.02535	0.03144	0.07526	0.63663	0.02067	0.01509	0.02018	0.01247	0.01645	0.00943	0.00546	0.00724	0.00209	0.01058	0.00709	0.00323	0.00841
40	0.01395	0.01329	0.02259	0.37919	0.41091	0.01461	0.01860	0.01793	0.01362	0.01860	0.01162	0.01627	0.00930	0.00598	0.00631	0.00199	0.00797	0.00565	0.00299	0.00864
41	0.01961	0.02287	0.01542	0.01452	0.01717	0.50884	0.01107	0.04459	0.01689	0.01675	0.01597	0.08385	0.01576	0.01020	0.00735	0.04118	0.00946	0.11770	0.00398	0.00682
42	0.01198	0.01128	0.01903	0.76180	0.04369	0.01409	0.01762	0.01621	0.01268	0.01621	0.01128	0.01691	0.00846	0.00634	0.00634	0.00211	0.00846	0.00564	0.00282	0.00705
43	0.01241	0.02803	0.60143	0.01708	0.02495	0.01342	0.05414	0.01839	0.01291	0.01903	0.01262	0.05298	0.01014	0.00825	0.00801	0.08052	0.00878	0.00558	0.00288	0.00848
44	0.00781	0.00558	0.00745	0.00892	0.00932	0.00522	0.00602	0.00897	0.01222	0.01628	0.03492	0.75093	0.04179	0.01980	0.00812	0.00259	0.00375	0.03925	0.00589	0.00517
45	0.82186	0.01227	0.00932	0.00834	0.01227	0.01423	0.00687	0.01865	0.01080	0.02846	0.00883	0.01031	0.00687	0.00589	0.00393	0.00196	0.00491	0.00344	0.00393	0.00687
46	0.02181	0.02716	0.01681	0.01539	0.01832	0.65497	0.01150	0.02341	0.01692	0.01531	0.01088	0.01399	0.00952	0.04705	0.06787	0.00255	0.01164	0.00455	0.00331	0.00705
47	0.01198	0.01128	0.01903	0.76180	0.04369	0.01409	0.01762	0.01621	0.01268	0.01621	0.01128	0.01691	0.00846	0.00634	0.00634	0.00211	0.00846	0.00564	0.00282	0.00705
48	0.01315	0.01128	0.01315	0.00940	0.01503	0.00846	0.00752	0.01597	0.01315	0.02067	0.01128	0.01315	0.00940	0.00470	0.00470	0.00094	0.00470	0.00376	0.00376	0.81583
49	0.01244	0.01152	0.01903	0.73349	0.04278	0.01431	0.01741	0.04274	0.01333	0.01711	0.01143	0.01685	0.00855	0.00639	0.00634	0.00211	0.00840	0.00564	0.00295	0.00719
50	0.02412	0.01777	0.01904	0.01460	0.01967	0.01967	0.01206	0.71633	0.02983	0.03998	0.01523	0.01523	0.01079	0.00762	0.00635	0.00190	0.00698	0.00571	0.00635	0.01079
51	0.82186	0.01227	0.00932	0.00834	0.01227	0.01423	0.00687	0.01865	0.01080	0.02846	0.00883	0.01031	0.00687	0.00589	0.00393	0.00196	0.00491	0.00344	0.00393	0.00687
52	0.00791	0.00552	0.00741	0.00880	0.00915	0.00517	0.00587	0.00880	0.01193	0.01591	0.03365	0.73138	0.04025	0.01999	0.00902	0.04737	0.00378	0.01734	0.00572	0.00502
53	0.01105	0.00571	0.00864	0.03469	0.00951	0.00581	0.00593	0.00854	0.00842	0.01120	0.01103	0.01920	0.01093	0.02149	0.02415	0.78690	0.00561	0.00551	0.00276	0.00291
54	0.01485	0.01621	0.03238	0.02631	0.11994	0.01659	0.48716	0.01921	0.01387	0.01937	0.01183	0.01629	0.00942	0.00652	0.00997	0.00223	0.15942	0.00687	0.00311	0.00843
55	0.01211	0.01141	0.01926	0.73645	0.06803	0.01413	0.01768	0.01632	0.01275	0.01637	0.01130	0.01687	0.00851	0.00632	0.00634	0.00211	0.00842	0.00564	0.00283	0.00715
56	0.01570	0.01507	0.02575	0.03894	0.73748	0.01507	0.01947	0.01947	0.01444	0.02073	0.01193	0.01570	0.01005	0.00565	0.00628	0.00188	0.00754	0.00565	0.00314	0.01005
57	0.01676	0.23012	0.09579	0.01442	0.05554	0.01869	0.01237	0.10685	0.33580	0.02390	0.01764	0.01745	0.01359	0.00719	0.00572	0.00187	0.00632	0.00561	0.00484	0.00953
58	0.82186	0.01227	0.00932	0.00834	0.01227	0.01423	0.00687	0.01865	0.01080	0.02846	0.00883	0.01031	0.00687	0.00589	0.00393	0.00196	0.00491	0.00344	0.00393	0.00687
59	0.01229	0.01145	0.01883	0.55260	0.14801	0.01355	0.01653	0.01614	0.01302	0.01715	0.01540	0.02003	0.06183	0.00711	0.00678	0.00208	0.02950	0.00621	0.02414	0.00736
60	0.01204	0.01082	0.01448	0.01280	0.01280	0.01417	0.00991	0.01288	0.00952	0.01409	0.01294	0.02482	0.01416	0.31426	0.02536	0.00411	0.46492	0.00701	0.00320	0.00571
61	0.82186	0.01227	0.00932	0.00834	0.01227	0.01423	0.00687	0.01865	0.01080	0.02846	0.00883	0.01031	0.00687	0.00589	0.00393	0.00196	0.00491	0.00344	0.00393	0.00687
62	0.01198	0.01128	0.01903	0.76180	0.04369	0.01409	0.01762	0.01621	0.01268	0.01621	0.01128	0.01691	0.00846	0.00634	0.00634	0.00211	0.00846	0.00564	0.00282	0.00705
63	0.01570	0.01507	0.02575	0.03894	0.73748	0.01507	0.01947	0.01947	0.01444	0.02073	0.01193	0.01570	0.01005	0.00565	0.00628	0.00188	0.00754	0.00565	0.00314	0.01005
64	0.00755	0.00638	0.00653	0.00660	0.00863	0.00536	0.00491	0.00917	0.01444	0.01733	0.08193	0.09829	0.67892	0.01618	0.00753	0.00216	0.00323	0.01358	0.00592	0.00536
65	0.01342	0.01274	0.02162	0.48259	0.31168	0.01447	0.01833	0.01747	0.01336	0.01795	0.01153	0.01645	0.00907	0.00608	0.00632	0.00203	0.00810	0.00564	0.00294	0.00821
66	0.01439	0.01187	0.01717	0.22524	0.10769	0.01112	0.03460	0.01776	0.01363	0.07634	0.01249	0.01530	0.00971	0.00554	0.00557	0.00150	0.00633	0.00483	0.00373	0.40519
67	0.01078	0.00876	0.01062	0.00915	0.01248	0.00701	0.00681	0.01285	0.01271	0.01871	0.02163	0.34536	0.02363	0.01133	0.00618	0.00166	0.00425	0.01000	0.00469	0.46136
68	0.01396	0.01196	0.01571	0.04265	0.14803	0.00989	0.01012	0.01699	0.01350	0.03857	0.01174	0.01397	0.00964	0.00501	0.00509	0.00118	0.00537	0.00424	0.00371	0.61865
69	0.01465	0.01156	0.01455	0.03467	0.07821	0.00927	0.00900	0.01756	0.01368	0.08244	0.01251	0.01421	0.00997	0.00510	0.00503	0.00114	0.00512	0.00420	0.00403	0.65308
70	0.00887	0.00647	0.00847	0.00889	0.01019	0.00606	0.00685	0.01133	0.01565	0.02126	0.36511	0.20732	0.10969	0.01576	0.00791	0.00235	0.00382	0.17190	0.00639	0.00572
71	0.01425	0.01323	0.02150	0.23206	0.25769	0.01423	0.09551	0.05365	0.10498	0.02094	0.04951	0.04102	0.01448	0.03072	0.00737	0.00217	0.00744	0.00680	0.00392	0.00855
72	0.01345	0.01254	0.07186	0.08094	0.09789	0.01196	0.02932	0.03761	0.16850	0.05805	0.15585	0.09101	0.02564	0.01151	0.03508	0.00246	0.04165	0.04142	0.00520	0.00805
73	0.00920	0.00721	0.00883	0.00925	0.04455	0.00684	0.00645	0.01108	0.01399	0.03697	0.15354	0.07343	0.39360	0.07512	0.09293	0.00334	0.03105	0.01138	0.00544	0.00579
74	0.19655	0.17643	0.01763	0.01234	0.06625	0.05455	0.00947	0.09375	0.01548	0.07050	0.09087	0.01746	0.01513	0.02612	0.00584	0.00179	0.00585	0.00518	0.02451	0.09431
75	0.03508	0.08510	0.03881	0.01247	0.04122	0.04761	0.01002	0.16014	0.03736	0.07304	0.03626	0.06270	0.03184	0.00854	0.02462	0.00184	0.02518	0.00595	0.00471	0.25752
76	0.03725	0.10421	0.01877	0.03793	0.19838	0.01286	0.01145	0.03564	0.01387	0.03826	0.03393	0.03490	0.01204	0.00738	0.02866	0.00175	0.02563	0.00509	0.00374	0.33826
77	0.10130	0.05154	0.08156	0.01663	0.08269	0.01360	0.14683	0.08754	0.03326	0.08153	0.04784	0.01730	0.01274	0.02792	0.00662	0.00188	0.00687	0.00568	0.00428	0.17241
78	0.03536	0.05765	0.15131	0.04641	0.14725	0.04970	0.05795	0.03630	0.01440	0.07707	0.01488	0.05288	0.02706	0.00778	0.02499	0.00195	0.00737	0.00580	0.00384	0.18004
79	0.01600	0.09471	0.08709	0.01667	0.13309	0.01347	0.05301	0.07777	0.06774	0.09434	0.04354	0.02079	0.06715	0.02642	0.00661	0.00183	0.00631	0.00613	0.00452	0.16280

[dist]
