[name]
unknown

[dist]
# distance from previous block
# <min> <max>
9	71

[block]
# block no. 0 follows, 31 sequences, length 85
# corresponding to MSA columns:
# 100-184
name=unknown_A
#
# <colnr> <probs for GDERKNQSTAVLIFYWHMCP>
#	G	D	E	R	K	N	Q	S	T	A	V	L	I	F	Y	W	H	M	C	P
0	0.07889	0.04856	0.14761	0.08730	0.09447	0.03875	0.01499	0.11087	0.13969	0.07593	0.07976	0.02077	0.01704	0.00800	0.00659	0.00213	0.00730	0.00649	0.00513	0.00971
1	0.10381	0.17953	0.07853	0.01695	0.06413	0.01974	0.07179	0.17353	0.10029	0.06118	0.01486	0.01607	0.01138	0.00739	0.00705	0.00205	0.05147	0.00564	0.00477	0.00985
2	0.04176	0.01736	0.15372	0.01327	0.01786	0.05108	0.01236	0.15171	0.07225	0.07160	0.23342	0.06569	0.04801	0.01053	0.00717	0.00216	0.00635	0.00873	0.00609	0.00889
3	0.09951	0.10049	0.08455	0.01694	0.08453	0.12699	0.01348	0.23565	0.05545	0.02869	0.05592	0.01850	0.03473	0.00790	0.00629	0.00199	0.00783	0.00596	0.00500	0.00961
4	0.06226	0.08538	0.04790	0.03994	0.04887	0.03481	0.16112	0.02640	0.26232	0.05910	0.05083	0.02345	0.05091	0.00822	0.00686	0.00218	0.00733	0.00739	0.00524	0.00950
5	0.04906	0.22653	0.06156	0.01291	0.01724	0.08877	0.05303	0.05188	0.03758	0.02191	0.15301	0.09072	0.05060	0.00966	0.00640	0.00193	0.00676	0.00792	0.00479	0.04775
6	0.01515	0.01279	0.01929	0.01521	0.01910	0.03378	0.18389	0.09784	0.05335	0.06651	0.28964	0.03614	0.10575	0.01078	0.00775	0.00219	0.00643	0.00997	0.00618	0.00826
7	0.01580	0.01280	0.01797	0.22287	0.13595	0.01409	0.01395	0.09190	0.14074	0.05980	0.17524	0.02684	0.02471	0.00900	0.00713	0.00219	0.00664	0.00785	0.00548	0.00905
8	0.21976	0.01370	0.01484	0.01318	0.06701	0.01341	0.00967	0.07904	0.11426	0.02715	0.01415	0.01542	0.01116	0.00635	0.00540	0.00165	0.00561	0.00482	0.00471	0.35872
9	0.01134	0.00805	0.00945	0.00951	0.01100	0.00801	0.00670	0.01548	0.12273	0.05391	0.09203	0.26156	0.13153	0.19155	0.01438	0.00347	0.00485	0.03183	0.00613	0.00648
10	0.39196	0.01191	0.01241	0.01167	0.04904	0.01259	0.00875	0.04552	0.01496	0.18596	0.06059	0.02395	0.01701	0.07690	0.00841	0.00259	0.00569	0.04625	0.00557	0.00827
11	0.01410	0.06113	0.62471	0.04491	0.07870	0.01632	0.02424	0.02143	0.01448	0.02136	0.01221	0.01462	0.00884	0.00646	0.00645	0.00213	0.00983	0.00511	0.00293	0.01003
12	0.01432	0.01443	0.06482	0.07947	0.33261	0.01343	0.04433	0.01979	0.07498	0.02393	0.21643	0.02754	0.02693	0.00871	0.00721	0.00213	0.00682	0.00807	0.00483	0.00922
13	0.01063	0.00726	0.00909	0.00847	0.01046	0.00653	0.00641	0.01351	0.01859	0.06771	0.53734	0.05249	0.19711	0.01435	0.00800	0.00218	0.00343	0.01247	0.00734	0.00663
14	0.01693	0.01626	0.02777	0.04199	0.71689	0.01626	0.02100	0.02100	0.01558	0.02235	0.01287	0.01693	0.01084	0.00610	0.00677	0.00203	0.00813	0.00610	0.00339	0.01084
15	0.01372	0.03539	0.72412	0.01950	0.02961	0.01589	0.02528	0.02167	0.01444	0.02167	0.01228	0.01444	0.00867	0.00650	0.00650	0.00217	0.01011	0.00506	0.00289	0.01011
16	0.02226	0.02465	0.01768	0.01594	0.01967	0.41825	0.01215	0.03118	0.29762	0.04448	0.01812	0.01805	0.01398	0.00800	0.00651	0.00200	0.00931	0.00584	0.00508	0.00923
17	0.01569	0.01332	0.01432	0.01306	0.01648	0.01516	0.01007	0.03216	0.58679	0.02789	0.10933	0.06739	0.02734	0.01048	0.00719	0.00232	0.00508	0.00891	0.00700	0.01003
18	0.01694	0.01618	0.02715	0.04059	0.68190	0.01629	0.02049	0.02176	0.05006	0.02266	0.01362	0.01736	0.01134	0.00626	0.00678	0.00205	0.00799	0.00618	0.00357	0.01084
19	0.01961	0.01599	0.01693	0.01445	0.01878	0.01823	0.01146	0.22636	0.51029	0.03281	0.02455	0.02290	0.01821	0.00897	0.00693	0.00224	0.00603	0.00728	0.00693	0.01106
20	0.02483	0.01092	0.01430	0.01150	0.01590	0.00990	0.00930	0.02910	0.08319	0.50716	0.15030	0.03005	0.05243	0.00986	0.00714	0.00215	0.00523	0.00822	0.00808	0.01042
21	0.15652	0.01483	0.01575	0.01281	0.01669	0.01638	0.01020	0.40564	0.02282	0.03316	0.01444	0.01747	0.01144	0.03811	0.01170	0.17522	0.00677	0.00583	0.00546	0.00877
22	0.01055	0.00857	0.01141	0.01132	0.01266	0.04413	0.00878	0.01296	0.01141	0.01592	0.01794	0.02616	0.01670	0.04913	0.69674	0.01054	0.01803	0.00719	0.00366	0.00620
23	0.01176	0.00892	0.01073	0.01101	0.01267	0.00925	0.00809	0.07380	0.14251	0.02278	0.09124	0.44877	0.03910	0.01725	0.00824	0.00261	0.00465	0.06284	0.00660	0.00718
24	0.45387	0.01335	0.01250	0.01067	0.01494	0.01469	0.00866	0.12060	0.06718	0.12378	0.01886	0.04449	0.05455	0.00833	0.00557	0.00216	0.00554	0.00600	0.00559	0.00868
25	0.00936	0.00698	0.00870	0.00827	0.01002	0.00632	0.00620	0.01228	0.01860	0.02562	0.58256	0.05410	0.19641	0.01466	0.00807	0.00218	0.00328	0.01279	0.00729	0.00632
26	0.00809	0.00693	0.00693	0.00693	0.00924	0.00578	0.00520	0.00982	0.01559	0.01848	0.06931	0.06584	0.71411	0.01733	0.00809	0.00231	0.00347	0.01444	0.00635	0.00578
27	0.00865	0.00640	0.00807	0.00881	0.00988	0.00583	0.00617	0.01047	0.01520	0.02028	0.22150	0.44496	0.17121	0.01873	0.00844	0.00253	0.00368	0.01668	0.00666	0.00583
28	0.14288	0.00934	0.01106	0.00991	0.01288	0.00888	0.00756	0.01997	0.01569	0.26864	0.09219	0.20117	0.08633	0.07124	0.00929	0.00265	0.00493	0.01071	0.00670	0.00799
29	0.80789	0.01323	0.01006	0.00900	0.01323	0.01535	0.00741	0.02011	0.01164	0.03070	0.00953	0.01111	0.00741	0.00635	0.00423	0.00212	0.00529	0.00370	0.00423	0.00741
30	0.00969	0.00702	0.00847	0.00824	0.01009	0.00624	0.00613	0.01216	0.01739	0.04668	0.39298	0.13052	0.28780	0.01576	0.00811	0.00227	0.00348	0.01366	0.00703	0.00630
31	0.74977	0.01296	0.01026	0.00911	0.01330	0.01484	0.00748	0.02040	0.01222	0.05830	0.03398	0.01295	0.00972	0.00669	0.00447	0.00212	0.00524	0.00412	0.00451	0.00755
32	0.04151	0.00724	0.00892	0.00842	0.01023	0.00673	0.00634	0.01283	0.01861	0.02651	0.60885	0.05124	0.13912	0.01408	0.00792	0.00217	0.00334	0.01227	0.00726	0.00641
33	0.01702	0.01470	0.01547	0.01392	0.01779	0.01702	0.01083	0.03635	0.70453	0.02862	0.02785	0.02553	0.02088	0.00928	0.00696	0.00232	0.00541	0.00773	0.00696	0.01083
34	0.39296	0.01310	0.01341	0.01093	0.01564	0.01371	0.00900	0.10295	0.01717	0.29966	0.01747	0.01687	0.01189	0.00743	0.00558	0.00209	0.00569	0.00530	0.02965	0.00951
35	0.01344	0.00928	0.01102	0.01014	0.01240	0.00932	0.00762	0.08705	0.09005	0.07608	0.24500	0.12781	0.11335	0.10267	0.03513	0.00309	0.00519	0.02735	0.00664	0.00737
36	0.00904	0.00692	0.00844	0.00926	0.01081	0.00632	0.00715	0.01109	0.01518	0.01928	0.09084	0.25763	0.30994	0.01868	0.00863	0.00265	0.00435	0.19148	0.00641	0.00590
37	0.00981	0.00655	0.00743	0.00763	0.00790	0.00643	0.00452	0.01025	0.01092	0.01483	0.02622	0.13589	0.06374	0.57970	0.02823	0.00560	0.00591	0.01119	0.05271	0.00455
38	0.00989	0.00720	0.01059	0.01059	0.01165	0.00826	0.00805	0.01186	0.01080	0.01546	0.01827	0.02808	0.01750	0.10980	0.63788	0.05047	0.01671	0.00748	0.00367	0.00578
39	0.02231	0.01180	0.01572	0.01295	0.01713	0.01163	0.03865	0.06606	0.13351	0.36209	0.04298	0.02776	0.04228	0.01585	0.11792	0.00356	0.00788	0.03290	0.00700	0.01003
40	0.00895	0.00712	0.00806	0.00790	0.00989	0.00634	0.00589	0.01172	0.03633	0.02210	0.30990	0.09583	0.41338	0.01606	0.00808	0.00228	0.00346	0.01374	0.00682	0.00616
41	0.05859	0.00697	0.00753	0.00755	0.00799	0.00708	0.00452	0.01116	0.01066	0.01579	0.02171	0.07631	0.02408	0.59993	0.02858	0.00565	0.00607	0.00968	0.08551	0.00464
42	0.01841	0.04603	0.02433	0.24994	0.15878	0.09704	0.09470	0.16361	0.01878	0.02408	0.01311	0.01676	0.01014	0.00727	0.00728	0.02138	0.00909	0.00605	0.00401	0.00921
43	0.01372	0.03539	0.72412	0.01950	0.02961	0.01589	0.02528	0.02167	0.01444	0.02167	0.01228	0.01444	0.00867	0.00650	0.00650	0.00217	0.01011	0.00506	0.00289	0.01011
44	0.00834	0.00595	0.00794	0.00953	0.00992	0.00556	0.00635	0.00953	0.01310	0.01746	0.03771	0.75510	0.04525	0.02143	0.00873	0.00278	0.00397	0.01945	0.00635	0.00556
45	0.00995	0.00663	0.00746	0.00746	0.00746	0.00663	0.00415	0.00995	0.00995	0.01327	0.02156	0.04477	0.02487	0.75957	0.03482	0.00663	0.00663	0.00995	0.00415	0.00415
46	0.02601	0.01916	0.02053	0.01574	0.02122	0.02122	0.01300	0.69408	0.03217	0.04312	0.01643	0.01643	0.01163	0.00821	0.00684	0.00205	0.00753	0.00616	0.00684	0.01163
47	0.11086	0.01945	0.01966	0.01647	0.05516	0.07749	0.01281	0.53321	0.02807	0.03860	0.01502	0.01554	0.01091	0.00781	0.00650	0.00204	0.00770	0.00575	0.00612	0.01084
48	0.02049	0.07882	0.06378	0.02549	0.27143	0.28793	0.01625	0.05987	0.05243	0.02123	0.01291	0.01524	0.01052	0.00678	0.00631	0.00190	0.00948	0.00531	0.02437	0.00947
49	0.02601	0.01916	0.02053	0.01574	0.02122	0.02122	0.01300	0.69408	0.03217	0.04312	0.01643	0.01643	0.01163	0.00821	0.00684	0.00205	0.00753	0.00616	0.00684	0.01163
50	0.01591	0.01267	0.01475	0.01066	0.01666	0.01008	0.00858	0.06940	0.01582	0.05887	0.01323	0.01481	0.01059	0.00548	0.00529	0.00115	0.00529	0.00435	0.00449	0.70193
51	0.02382	0.02971	0.01978	0.01760	0.02114	0.63218	0.05171	0.02589	0.01861	0.01724	0.01150	0.01383	0.00959	0.00936	0.04490	0.00228	0.01235	0.00483	0.02581	0.00786
52	0.10491	0.02407	0.01829	0.01552	0.01988	0.35998	0.01216	0.21747	0.03895	0.10395	0.01437	0.01491	0.01067	0.00752	0.00626	0.00193	0.00937	0.00519	0.00517	0.00942
53	0.00887	0.00696	0.00802	0.00776	0.00973	0.00611	0.00582	0.01135	0.01746	0.02291	0.38747	0.05856	0.39319	0.01568	0.00808	0.00223	0.00335	0.01342	0.00694	0.00611
54	0.00977	0.00733	0.01100	0.01100	0.01222	0.00855	0.00855	0.01222	0.01100	0.01588	0.01833	0.02688	0.01710	0.05131	0.73245	0.01100	0.01833	0.00733	0.00367	0.00611
55	0.02340	0.01718	0.01879	0.01639	0.06192	0.04667	0.01245	0.34198	0.22852	0.12817	0.02079	0.01992	0.01493	0.00839	0.00685	0.00213	0.00690	0.00665	0.00676	0.01120
56	0.01927	0.15890	0.12846	0.02291	0.23398	0.04553	0.03263	0.04029	0.04559	0.14300	0.05254	0.01857	0.01440	0.00716	0.00639	0.00197	0.00773	0.00601	0.00457	0.01011
57	0.03050	0.01196	0.01607	0.01232	0.01762	0.01053	0.01018	0.06118	0.02011	0.69304	0.02655	0.02300	0.01671	0.00846	0.00688	0.00211	0.00589	0.00685	0.00840	0.01164
58	0.00973	0.00676	0.00908	0.04847	0.01208	0.00657	0.00713	0.01131	0.01371	0.03792	0.10417	0.48618	0.04147	0.11772	0.01203	0.00320	0.00471	0.05592	0.00606	0.00579
59	0.01532	0.17500	0.34313	0.04204	0.14360	0.05312	0.01922	0.02053	0.01506	0.02047	0.05134	0.01819	0.04035	0.00717	0.00626	0.00199	0.00866	0.00572	0.00340	0.00942
60	0.01403	0.01325	0.02241	0.50985	0.25078	0.01527	0.01928	0.01835	0.01424	0.01897	0.01304	0.03699	0.01058	0.00699	0.00687	0.00222	0.00868	0.00643	0.00323	0.00854
61	0.01197	0.00652	0.00697	0.00686	0.00848	0.00637	0.00514	0.01512	0.01543	0.02568	0.16718	0.03210	0.04953	0.00952	0.00557	0.00173	0.00321	0.00788	0.60837	0.00637
62	0.01265	0.01098	0.01657	0.06718	0.27906	0.01091	0.01290	0.01627	0.03511	0.02175	0.12212	0.09190	0.16229	0.01181	0.00750	0.00226	0.00587	0.06624	0.03853	0.00808
63	0.01842	0.11705	0.13621	0.05327	0.23510	0.09674	0.05420	0.04005	0.05825	0.07707	0.03925	0.01762	0.01294	0.00696	0.00650	0.00200	0.00850	0.00592	0.00411	0.00984
64	0.01728	0.58276	0.14071	0.01348	0.01946	0.02479	0.01410	0.02030	0.01367	0.01699	0.00989	0.01188	0.00878	0.00651	0.00637	0.00171	0.07544	0.00409	0.00293	0.00887
65	0.01546	0.01446	0.01606	0.01226	0.01765	0.07279	0.04260	0.02040	0.09719	0.02231	0.01537	0.01694	0.02937	0.00626	0.00605	0.00138	0.02451	0.00504	0.00436	0.55955
66	0.01444	0.03792	0.02320	0.46994	0.26378	0.01576	0.01911	0.01872	0.01432	0.01916	0.01231	0.01746	0.00970	0.00652	0.00669	0.00214	0.00862	0.00595	0.00318	0.03110
67	0.00944	0.00698	0.00881	0.00835	0.01007	0.00635	0.00626	0.01244	0.01879	0.02606	0.61445	0.05337	0.16424	0.01450	0.00807	0.00218	0.00326	0.01269	0.00735	0.00635
68	0.01387	0.01610	0.12653	0.05583	0.09638	0.01286	0.20761	0.01900	0.04216	0.04226	0.08252	0.05422	0.11429	0.00973	0.00753	0.00227	0.00780	0.04408	0.03645	0.00849
69	0.01829	0.76368	0.03585	0.01171	0.01756	0.02707	0.01171	0.02049	0.01390	0.01610	0.00951	0.01097	0.00878	0.00585	0.00439	0.00146	0.00732	0.00366	0.00293	0.00878
70	0.02456	0.01214	0.01690	0.01621	0.10918	0.01157	0.01141	0.05584	0.04143	0.45009	0.06120	0.08124	0.02042	0.00966	0.00784	0.00221	0.04235	0.00802	0.00719	0.01055
71	0.00830	0.00610	0.00779	0.00914	0.00982	0.00559	0.00618	0.00957	0.01347	0.01762	0.04239	0.65295	0.14437	0.02082	0.00864	0.00271	0.00389	0.01871	0.00635	0.00559
72	0.80789	0.01323	0.01006	0.00900	0.01323	0.01535	0.00741	0.02011	0.01164	0.03070	0.00953	0.01111	0.00741	0.00635	0.00423	0.00212	0.00529	0.00370	0.00423	0.00741
73	0.01903	0.04735	0.33047	0.03398	0.02408	0.01368	0.05596	0.04037	0.01632	0.23340	0.01846	0.06110	0.01376	0.00903	0.02483	0.00235	0.00839	0.00665	0.00497	0.03581
74	0.01419	0.01216	0.01419	0.01013	0.01621	0.00912	0.00811	0.01723	0.01419	0.02229	0.01216	0.01419	0.01013	0.00507	0.00507	0.00101	0.00507	0.00405	0.00405	0.80139
75	0.00817	0.00693	0.00705	0.00702	0.00929	0.00581	0.00526	0.00998	0.01579	0.01896	0.10359	0.06506	0.67953	0.01715	0.00808	0.00230	0.00345	0.01433	0.00642	0.00581
76	0.01709	0.01575	0.02446	0.05641	0.51889	0.01631	0.01831	0.06384	0.12698	0.02434	0.01730	0.01991	0.03530	0.00712	0.00685	0.00210	0.00754	0.00663	0.00426	0.01062
77	0.44164	0.01241	0.01251	0.01037	0.01488	0.01296	0.00852	0.04365	0.01571	0.29383	0.05909	0.01832	0.01462	0.00767	0.00555	0.00212	0.00543	0.00551	0.00612	0.00908
78	0.01036	0.00774	0.01028	0.00999	0.01051	0.00884	0.00708	0.01155	0.01045	0.01470	0.01896	0.03422	0.02001	0.38375	0.33280	0.00815	0.08305	0.00844	0.00383	0.00531
79	0.80789	0.01323	0.01006	0.00900	0.01323	0.01535	0.00741	0.02011	0.01164	0.03070	0.00953	0.01111	0.00741	0.00635	0.00423	0.00212	0.00529	0.00370	0.00423	0.00741
80	0.01444	0.03341	0.65949	0.01894	0.02852	0.01578	0.02394	0.02291	0.05649	0.04345	0.01367	0.01539	0.00966	0.00673	0.00654	0.00217	0.00969	0.00527	0.00331	0.01020
81	0.01398	0.03205	0.61523	0.06291	0.02957	0.01595	0.02355	0.02278	0.07884	0.02206	0.01372	0.01571	0.00983	0.00678	0.00656	0.00219	0.00961	0.00537	0.00328	0.01003
82	0.02016	0.01823	0.01732	0.01498	0.01903	0.11947	0.01178	0.18022	0.43694	0.02977	0.02228	0.02131	0.01676	0.00881	0.00730	0.00220	0.02977	0.00686	0.00633	0.01049
83	0.01464	0.01267	0.02014	0.60967	0.06279	0.01531	0.01783	0.04172	0.06469	0.05389	0.01419	0.01892	0.01049	0.00712	0.00685	0.00226	0.00861	0.00624	0.00373	0.00826
84	0.01292	0.01216	0.02052	0.74312	0.04712	0.01520	0.01900	0.01748	0.01368	0.01748	0.01216	0.01824	0.00912	0.00684	0.00684	0.00228	0.00912	0.00608	0.00304	0.00760

[dist]
# distance from previous block
# <min> <max>
0	1

[block]
# block no. 1 follows, 31 sequences, length 11
# corresponding to MSA columns:
# 186-196
name=unknown_B
#
# <colnr> <probs for GDERKNQSTAVLIFYWHMCP>
#	G	D	E	R	K	N	Q	S	T	A	V	L	I	F	Y	W	H	M	C	P
0	0.01292	0.01216	0.02052	0.74312	0.04712	0.01520	0.01900	0.01748	0.01368	0.01748	0.01216	0.01824	0.00912	0.00684	0.00684	0.00228	0.00912	0.00608	0.00304	0.00760
1	0.09688	0.01227	0.01941	0.66559	0.04354	0.01522	0.01778	0.01776	0.01346	0.01888	0.01188	0.01749	0.00894	0.00679	0.00656	0.00226	0.00872	0.00583	0.00317	0.00758
2	0.08709	0.01858	0.02585	0.14517	0.02972	0.13016	0.26149	0.05946	0.12941	0.02331	0.01509	0.01786	0.01144	0.00691	0.00698	0.00219	0.00949	0.00661	0.00422	0.00897
3	0.01472	0.01463	0.02090	0.10509	0.02146	0.02026	0.01545	0.01659	0.01086	0.01659	0.00936	0.01536	0.00900	0.01136	0.02058	0.00291	0.65838	0.00600	0.00300	0.00750
4	0.01000	0.00753	0.00946	0.00860	0.01076	0.00667	0.00651	0.01306	0.01845	0.02601	0.57572	0.04866	0.12287	0.01337	0.00775	0.00205	0.00345	0.01170	0.00705	0.09034
5	0.02599	0.01725	0.01881	0.01497	0.01994	0.10133	0.04061	0.27009	0.07573	0.28368	0.02106	0.02149	0.01491	0.00854	0.00694	0.00211	0.00745	0.03139	0.00688	0.01083
6	0.01509	0.01524	0.02016	0.01744	0.01769	0.05323	0.01442	0.01666	0.01093	0.01644	0.00973	0.01571	0.00956	0.01459	0.07307	0.00352	0.66004	0.00601	0.00307	0.00741
7	0.01619	0.01426	0.08941	0.01329	0.01732	0.01251	0.04364	0.12911	0.15322	0.09861	0.06760	0.18375	0.10703	0.01236	0.00751	0.00233	0.00593	0.01067	0.00633	0.00893
8	0.01304	0.01161	0.05222	0.01343	0.06517	0.01054	0.03662	0.04830	0.12877	0.05254	0.16926	0.07008	0.20508	0.04779	0.04230	0.00285	0.00589	0.01056	0.00605	0.00791
9	0.00981	0.00717	0.01018	0.01018	0.01112	0.00811	0.00753	0.01169	0.01075	0.01528	0.01907	0.03102	0.01890	0.21515	0.57107	0.00999	0.01562	0.00794	0.00378	0.00565
10	0.01365	0.02031	0.26322	0.04980	0.07431	0.03335	0.12108	0.01874	0.01575	0.03903	0.11151	0.07717	0.05961	0.00999	0.00745	0.00230	0.00813	0.06155	0.00448	0.00857

[dist]
# distance from previous block
# <min> <max>
0	1

[block]
# block no. 2 follows, 31 sequences, length 28
# corresponding to MSA columns:
# 198-225
name=unknown_C
#
# <colnr> <probs for GDERKNQSTAVLIFYWHMCP>
#	G	D	E	R	K	N	Q	S	T	A	V	L	I	F	Y	W	H	M	C	P
0	0.01454	0.01449	0.04753	0.32997	0.33766	0.01523	0.01903	0.01880	0.01486	0.02048	0.06451	0.01987	0.01398	0.00721	0.00742	0.00218	0.03318	0.00652	0.00352	0.00902
1	0.06197	0.49429	0.08733	0.01342	0.01915	0.13495	0.01292	0.07173	0.01604	0.01945	0.01042	0.01188	0.00891	0.00629	0.00501	0.00165	0.00824	0.00408	0.00338	0.00890
2	0.70965	0.05486	0.01211	0.00976	0.01403	0.06718	0.00805	0.02065	0.01232	0.02892	0.00960	0.01119	0.00758	0.00637	0.00438	0.00206	0.00590	0.00375	0.00411	0.00752
3	0.01123	0.00964	0.01500	0.14595	0.08468	0.00968	0.06092	0.01479	0.01729	0.02367	0.39150	0.04131	0.12361	0.01175	0.00773	0.00219	0.00540	0.01058	0.00589	0.00720
4	0.06000	0.02022	0.07174	0.08510	0.21256	0.17061	0.12745	0.02149	0.01583	0.02092	0.01281	0.03444	0.01065	0.00662	0.00656	0.00195	0.00920	0.00596	0.00357	0.10233
5	0.01276	0.01145	0.01612	0.03985	0.01589	0.01511	0.01178	0.01457	0.01083	0.01633	0.01360	0.02190	0.01326	0.09424	0.23964	0.00571	0.40287	0.00679	0.03060	0.00671
6	0.01013	0.00734	0.00992	0.01122	0.01261	0.00712	0.00926	0.01277	0.01544	0.02017	0.08605	0.21398	0.09878	0.01895	0.00909	0.00293	0.00537	0.43635	0.00640	0.00611
7	0.01270	0.01175	0.01955	0.68841	0.04417	0.01456	0.01790	0.01692	0.01340	0.01717	0.01286	0.02021	0.01029	0.06282	0.00892	0.00260	0.00893	0.00637	0.00312	0.00734
8	0.01050	0.00750	0.01042	0.01200	0.01335	0.00742	0.01012	0.01327	0.01523	0.01989	0.03651	0.20890	0.04051	0.01939	0.00931	0.00308	0.00585	0.54427	0.00631	0.00616
9	0.01593	0.01613	0.02972	0.16393	0.30413	0.01648	0.24868	0.02193	0.07205	0.02182	0.01430	0.01840	0.01119	0.00638	0.00724	0.00219	0.00925	0.00690	0.00364	0.00969
10	0.00994	0.00666	0.00761	0.00761	0.00766	0.00671	0.00432	0.01004	0.00999	0.01337	0.02142	0.04404	0.02456	0.73071	0.06325	0.00681	0.00711	0.00984	0.00413	0.00423
11	0.01070	0.00866	0.01262	0.01209	0.01305	0.01067	0.00952	0.01288	0.01086	0.01588	0.01679	0.02545	0.01596	0.07143	0.58013	0.00941	0.14684	0.00719	0.00356	0.00628
12	0.00866	0.00671	0.00789	0.00811	0.00972	0.00594	0.00588	0.01074	0.01619	0.02111	0.26844	0.23033	0.34121	0.01726	0.00824	0.00237	0.00351	0.01501	0.00673	0.00594
13	0.01637	0.01783	0.03679	0.03257	0.22928	0.01700	0.50138	0.02165	0.01599	0.02204	0.01356	0.01802	0.01051	0.00586	0.00770	0.00223	0.01057	0.00751	0.00344	0.00968
14	0.80789	0.01323	0.01006	0.00900	0.01323	0.01535	0.00741	0.02011	0.01164	0.03070	0.00953	0.01111	0.00741	0.00635	0.00423	0.00212	0.00529	0.00370	0.00423	0.00741
15	0.01689	0.01188	0.01311	0.01129	0.01474	0.01214	0.00890	0.23975	0.07075	0.09136	0.03917	0.11432	0.25585	0.03593	0.00841	0.00242	0.00540	0.03245	0.00668	0.00855
16	0.01236	0.01113	0.01808	0.60565	0.03971	0.01360	0.01622	0.01607	0.01298	0.01669	0.01392	0.02320	0.01206	0.14750	0.01207	0.00309	0.00866	0.00680	0.00325	0.00695
17	0.01998	0.02274	0.02244	0.10372	0.24983	0.32730	0.01660	0.02276	0.01635	0.01861	0.01128	0.01482	0.00953	0.00737	0.00861	0.00207	0.10852	0.00535	0.00336	0.00878
18	0.01618	0.01636	0.05110	0.17695	0.36690	0.01659	0.11116	0.04662	0.06006	0.02225	0.01379	0.01778	0.01096	0.00672	0.00757	0.00218	0.03692	0.00643	0.00365	0.00984
19	0.56883	0.01274	0.01185	0.00997	0.01453	0.01372	0.00822	0.02418	0.01408	0.24322	0.01490	0.01486	0.01034	0.00700	0.00505	0.00212	0.00546	0.00468	0.00554	0.00871
20	0.01590	0.01364	0.01444	0.01307	0.01668	0.01553	0.01014	0.03292	0.61100	0.02777	0.07138	0.03014	0.07701	0.01018	0.00711	0.00231	0.00514	0.00853	0.00695	0.01018
21	0.00968	0.00699	0.00914	0.00861	0.01022	0.00646	0.00646	0.01291	0.01937	0.02743	0.71328	0.05110	0.06455	0.01399	0.00807	0.00215	0.00323	0.01237	0.00753	0.00646
22	0.01517	0.01770	0.08832	0.01936	0.02210	0.05927	0.14946	0.01870	0.03092	0.01830	0.01189	0.01708	0.01045	0.01429	0.09638	0.00359	0.38929	0.00642	0.00329	0.00803
23	0.00964	0.00628	0.00820	0.00930	0.01007	0.00586	0.00637	0.01120	0.01391	0.04545	0.08628	0.61515	0.04334	0.01928	0.00829	0.00261	0.00392	0.01737	0.07155	0.00592
24	0.01491	0.22484	0.54507	0.01747	0.02648	0.01880	0.02175	0.02136	0.01430	0.02022	0.01156	0.01354	0.00870	0.00633	0.00595	0.00198	0.00938	0.00469	0.00290	0.00976
25	0.01436	0.01076	0.01405	0.01539	0.07383	0.01065	0.01143	0.08138	0.03682	0.02592	0.18943	0.08215	0.04059	0.01624	0.00916	0.00295	0.00628	0.34356	0.00689	0.00817
26	0.01520	0.01391	0.02300	0.31679	0.21163	0.01473	0.08701	0.01883	0.01599	0.02174	0.08658	0.02743	0.04462	0.01081	0.03562	0.00286	0.00902	0.03067	0.00444	0.00913
27	0.01696	0.02710	0.41145	0.05763	0.08115	0.01595	0.13893	0.02273	0.01611	0.07484	0.01658	0.03971	0.01310	0.00830	0.00764	0.00251	0.01000	0.02458	0.00420	0.01053

[dist]
# distance from previous block
# <min> <max>
2	127

[block]
# block no. 3 follows, 31 sequences, length 16
# corresponding to MSA columns:
# 354-369
name=unknown_D
#
# <colnr> <probs for GDERKNQSTAVLIFYWHMCP>
#	G	D	E	R	K	N	Q	S	T	A	V	L	I	F	Y	W	H	M	C	P
0	0.02276	0.08059	0.02251	0.01960	0.13033	0.03847	0.03271	0.33551	0.04955	0.09791	0.01694	0.01842	0.01283	0.01110	0.05787	0.00276	0.02722	0.00632	0.00578	0.01082
1	0.73396	0.01350	0.01134	0.07155	0.01650	0.01560	0.00863	0.02022	0.01217	0.02997	0.01032	0.01251	0.00810	0.00676	0.00471	0.00223	0.00581	0.00410	0.00432	0.00771
2	0.12845	0.12057	0.02269	0.02170	0.18547	0.30786	0.01431	0.05941	0.01742	0.02179	0.01167	0.01416	0.00979	0.00714	0.00656	0.00199	0.03108	0.00494	0.00386	0.00913
3	0.01071	0.00757	0.01045	0.02860	0.01206	0.00820	0.00779	0.01195	0.01136	0.01579	0.02071	0.05320	0.02123	0.23004	0.39667	0.07579	0.01285	0.05521	0.00416	0.00566
4	0.01383	0.08639	0.33621	0.01731	0.02386	0.01442	0.11107	0.01924	0.01620	0.02289	0.17388	0.02960	0.02497	0.00956	0.00740	0.00231	0.00830	0.06907	0.00454	0.00895
5	0.01088	0.00817	0.01203	0.08558	0.01589	0.00940	0.00958	0.01342	0.01186	0.01724	0.01847	0.02655	0.01678	0.04372	0.60152	0.00947	0.01640	0.00729	0.05915	0.00657
6	0.01573	0.01521	0.02098	0.59094	0.06826	0.08887	0.01825	0.06138	0.01583	0.01971	0.01284	0.01820	0.00984	0.00728	0.00700	0.00230	0.00946	0.00609	0.00354	0.00829
7	0.01018	0.00771	0.01097	0.01095	0.01233	0.00859	0.00844	0.01238	0.01182	0.01667	0.02401	0.03149	0.08853	0.04781	0.65239	0.01013	0.01688	0.00821	0.00413	0.00637
8	0.00834	0.00595	0.00794	0.00953	0.00992	0.00556	0.00635	0.00953	0.01310	0.01746	0.03771	0.75510	0.04525	0.02143	0.00873	0.00278	0.00397	0.01945	0.00635	0.00556
9	0.01178	0.00717	0.00886	0.00868	0.00952	0.00709	0.00568	0.01259	0.01165	0.08645	0.02522	0.12885	0.04801	0.46725	0.12640	0.00617	0.00777	0.01059	0.00486	0.00541
10	0.00940	0.00698	0.00876	0.00831	0.01005	0.00634	0.00624	0.01237	0.01871	0.02587	0.60059	0.05368	0.17821	0.01457	0.00807	0.00218	0.00327	0.01273	0.00732	0.00634
11	0.01502	0.02124	0.19773	0.02418	0.03115	0.01603	0.43801	0.02179	0.05865	0.02193	0.01622	0.07583	0.01337	0.00739	0.00768	0.00231	0.01022	0.00823	0.00377	0.00925
12	0.00879	0.00635	0.00835	0.00935	0.01019	0.00591	0.00657	0.01061	0.01488	0.02010	0.20340	0.51577	0.08070	0.01930	0.00858	0.00262	0.00389	0.05219	0.00664	0.00583
13	0.01888	0.50073	0.10727	0.01609	0.07868	0.14114	0.01422	0.02178	0.01501	0.01734	0.01027	0.01208	0.00895	0.00614	0.00511	0.00164	0.00852	0.00414	0.00306	0.00896
14	0.01763	0.47382	0.06655	0.01343	0.01821	0.04097	0.01276	0.06744	0.03124	0.01865	0.01121	0.01369	0.00993	0.01047	0.06245	0.00251	0.11234	0.00463	0.00338	0.00870
15	0.01004	0.00752	0.00942	0.00989	0.01088	0.02585	0.00724	0.01158	0.01288	0.01712	0.07239	0.19825	0.08462	0.15120	0.20715	0.04807	0.00878	0.09650	0.00508	0.00556

[dist]
# distance from previous block
# <min> <max>
0	2

[block]
# block no. 4 follows, 31 sequences, length 18
# corresponding to MSA columns:
# 372-389
name=unknown_E
#
# <colnr> <probs for GDERKNQSTAVLIFYWHMCP>
#	G	D	E	R	K	N	Q	S	T	A	V	L	I	F	Y	W	H	M	C	P
0	0.06694	0.06031	0.01980	0.04666	0.08583	0.13913	0.04088	0.08942	0.32619	0.02602	0.01914	0.01939	0.01466	0.00789	0.00653	0.00211	0.00754	0.00635	0.00534	0.00989
1	0.01520	0.01254	0.01473	0.01489	0.08368	0.01350	0.01041	0.02744	0.40420	0.04842	0.16753	0.03240	0.07949	0.01036	0.00719	0.00221	0.00509	0.00886	0.00664	0.03522
2	0.00848	0.00691	0.00727	0.00720	0.00919	0.00595	0.00526	0.01024	0.01553	0.01913	0.14880	0.06182	0.56062	0.09068	0.01074	0.00272	0.00375	0.01372	0.00629	0.00570
3	0.00952	0.00761	0.00948	0.01023	0.05623	0.00686	0.00706	0.01215	0.01733	0.02292	0.35893	0.05638	0.34212	0.01513	0.00805	0.00226	0.00378	0.04084	0.00670	0.00644
4	0.00850	0.00641	0.00787	0.00864	0.00978	0.00578	0.00605	0.01020	0.01489	0.01949	0.16478	0.43973	0.23507	0.01899	0.00844	0.00254	0.00370	0.01681	0.00656	0.00578
5	0.01372	0.03539	0.72412	0.01950	0.02961	0.01589	0.02528	0.02167	0.01444	0.02167	0.01228	0.01444	0.00867	0.00650	0.00650	0.00217	0.01011	0.00506	0.00289	0.01011
6	0.01869	0.72399	0.03496	0.01203	0.01775	0.06535	0.01179	0.02086	0.01420	0.01613	0.00957	0.01105	0.00878	0.00592	0.00449	0.00148	0.00759	0.00370	0.00296	0.00873
7	0.02556	0.03261	0.01939	0.01763	0.02115	0.73210	0.01322	0.02732	0.01939	0.01674	0.01058	0.01234	0.00881	0.00705	0.00617	0.00176	0.01234	0.00441	0.00353	0.00793
8	0.01313	0.01248	0.02151	0.64072	0.07116	0.01499	0.05921	0.01769	0.01415	0.01837	0.04253	0.01962	0.01165	0.00705	0.00696	0.00227	0.00897	0.00647	0.00327	0.00778
9	0.04689	0.08871	0.10330	0.01521	0.04846	0.06776	0.03104	0.10835	0.01807	0.20572	0.03842	0.10940	0.01764	0.01093	0.03206	0.00244	0.03293	0.00765	0.00556	0.00944
10	0.04375	0.09145	0.07076	0.01750	0.08715	0.06949	0.08756	0.02456	0.17225	0.09582	0.06274	0.05801	0.01891	0.04476	0.02336	0.00252	0.00757	0.00749	0.00514	0.00920
11	0.01606	0.17888	0.15720	0.04475	0.12115	0.05387	0.09121	0.06074	0.03468	0.02140	0.03790	0.09233	0.01638	0.00867	0.00669	0.00209	0.00821	0.03473	0.00405	0.00902
12	0.01696	0.16680	0.05133	0.06765	0.06269	0.03489	0.03594	0.13427	0.04132	0.02410	0.07203	0.02136	0.03469	0.00827	0.00754	0.00194	0.06474	0.02750	0.00454	0.12143
13	0.01774	0.03890	0.04238	0.01565	0.04643	0.03675	0.07096	0.12320	0.10433	0.08714	0.03722	0.04410	0.05838	0.00956	0.00809	0.00213	0.06087	0.06143	0.00544	0.12932
14	0.01881	0.01543	0.01672	0.01407	0.01787	0.08884	0.03796	0.20148	0.09097	0.07562	0.04839	0.08341	0.06570	0.01083	0.00812	0.00220	0.05153	0.06634	0.00591	0.07981
15	0.01894	0.08023	0.03659	0.04198	0.12133	0.08205	0.05379	0.11893	0.11231	0.09021	0.02010	0.04110	0.04753	0.03538	0.03339	0.00250	0.00790	0.00698	0.00509	0.04368
16	0.02148	0.08754	0.05922	0.01644	0.06984	0.05469	0.05477	0.18169	0.06193	0.16801	0.01966	0.01978	0.04586	0.00771	0.00649	0.00192	0.00724	0.00627	0.00560	0.10384
17	0.08162	0.09055	0.07481	0.01527	0.06641	0.05835	0.03444	0.13721	0.05911	0.09203	0.02040	0.10915	0.03915	0.06198	0.00856	0.00241	0.00703	0.00783	0.00521	0.02849

[dist]
# distance from previous block
# <min> <max>
1	26

# created by:
# /home/cegg/simao/soft/augustus-3.2.1/scripts/msa2prfl.pl ./align_prep/EOG090W0HX4.fa
