[name]
unknown

[dist]
# distance from previous block
# <min> <max>
0	136

[block]
# block no. 0 follows, 33 sequences, length 8
# corresponding to MSA columns:
# 207-214
name=unknown_A
#
# <colnr> <probs for GDERKNQSTAVLIFYWHMCP>
#	G	D	E	R	K	N	Q	S	T	A	V	L	I	F	Y	W	H	M	C	P
0	0.09221	0.01450	0.01556	0.01245	0.01694	0.01545	0.01015	0.37710	0.07280	0.13499	0.02646	0.02533	0.13841	0.00940	0.00659	0.00205	0.00598	0.00733	0.00651	0.00978
1	0.01743	0.14751	0.01854	0.01126	0.01681	0.01429	0.00948	0.13566	0.05693	0.06895	0.01371	0.01464	0.01077	0.00596	0.00526	0.00136	0.00572	0.00455	0.00459	0.43658
2	0.01141	0.00685	0.01104	0.04719	0.01232	0.00689	0.05057	0.01002	0.00984	0.01309	0.01462	0.08677	0.01501	0.02059	0.02150	0.61674	0.00606	0.03240	0.00330	0.00380
3	0.01418	0.02766	0.48472	0.01940	0.02752	0.01572	0.14153	0.02339	0.13829	0.02207	0.01473	0.01646	0.01071	0.00660	0.00660	0.00213	0.00917	0.00583	0.00357	0.00970
4	0.01553	0.01290	0.01413	0.01215	0.01561	0.07493	0.03601	0.04129	0.22086	0.06247	0.09256	0.02830	0.04925	0.02499	0.00890	0.07527	0.00588	0.05387	0.00545	0.14965
5	0.01810	0.01353	0.02068	0.34824	0.13206	0.01488	0.04993	0.11758	0.04814	0.14813	0.01565	0.01831	0.01124	0.00699	0.00664	0.00210	0.00782	0.00617	0.00460	0.00920
6	0.01542	0.01372	0.02099	0.30772	0.18165	0.01567	0.04297	0.13877	0.01646	0.02226	0.01446	0.08089	0.01258	0.00829	0.00818	0.00221	0.07823	0.00704	0.00393	0.00855
7	0.00997	0.00791	0.01152	0.01509	0.13727	0.00762	0.00940	0.01201	0.01370	0.01827	0.03397	0.44722	0.08573	0.01726	0.00816	0.00258	0.00493	0.14540	0.00560	0.00640

[dist]
# distance from previous block
# <min> <max>
0	4

[block]
# block no. 1 follows, 33 sequences, length 23
# corresponding to MSA columns:
# 219-241
name=unknown_B
#
# <colnr> <probs for GDERKNQSTAVLIFYWHMCP>
#	G	D	E	R	K	N	Q	S	T	A	V	L	I	F	Y	W	H	M	C	P
0	0.05068	0.01010	0.08383	0.00879	0.01186	0.00745	0.00771	0.01358	0.01522	0.07651	0.13315	0.10112	0.38710	0.01381	0.00723	0.00216	0.00426	0.01157	0.04723	0.00661
1	0.04311	0.05111	0.39539	0.01871	0.02652	0.01606	0.14640	0.11437	0.01686	0.08917	0.01376	0.01544	0.00973	0.00649	0.00647	0.00207	0.00903	0.00562	0.00393	0.00978
2	0.02203	0.01192	0.01527	0.08953	0.01931	0.01204	0.01067	0.15263	0.07668	0.34160	0.02446	0.13206	0.01960	0.01017	0.00696	0.00218	0.00596	0.03039	0.00682	0.00970
3	0.01582	0.01481	0.02482	0.27788	0.35473	0.01589	0.08566	0.09073	0.01609	0.02197	0.01260	0.01681	0.00991	0.00629	0.00667	0.00206	0.00841	0.00605	0.00350	0.00930
4	0.02356	0.01510	0.01663	0.09054	0.02073	0.09241	0.01146	0.12173	0.18100	0.32355	0.02159	0.02037	0.01485	0.00798	0.00656	0.00205	0.00674	0.00638	0.00654	0.01023
5	0.01200	0.01198	0.04102	0.29651	0.06604	0.01227	0.11545	0.01678	0.06676	0.01879	0.02565	0.13889	0.12969	0.01031	0.00722	0.00226	0.00721	0.00947	0.00428	0.00744
6	0.00919	0.00787	0.00859	0.04667	0.01168	0.04125	0.00659	0.01114	0.01516	0.01908	0.18136	0.24186	0.34352	0.01610	0.00779	0.00229	0.00411	0.01391	0.00604	0.00582
7	0.01780	0.01561	0.09082	0.01541	0.07519	0.01444	0.01228	0.22300	0.16950	0.08492	0.02595	0.09455	0.08907	0.01021	0.00694	0.00217	0.00623	0.03042	0.00596	0.00953
8	0.03679	0.01515	0.02227	0.02106	0.13977	0.05160	0.15535	0.07470	0.08894	0.04642	0.05237	0.02339	0.03870	0.02712	0.01030	0.00237	0.14275	0.03782	0.00446	0.00867
9	0.00939	0.00768	0.01216	0.01169	0.01313	0.00725	0.10040	0.01179	0.03193	0.01866	0.10477	0.56960	0.04034	0.01754	0.00821	0.00254	0.00476	0.01623	0.00587	0.00605
10	0.01433	0.10472	0.41712	0.08253	0.13666	0.01656	0.09699	0.02033	0.01413	0.02009	0.01178	0.01464	0.00889	0.00608	0.00628	0.00202	0.00923	0.00528	0.00293	0.00941
11	0.02132	0.10832	0.05576	0.06375	0.10348	0.12993	0.04854	0.13471	0.05987	0.17066	0.01691	0.01755	0.02546	0.00722	0.00628	0.00193	0.00788	0.00580	0.00500	0.00964
12	0.01480	0.06517	0.18976	0.34139	0.03360	0.01552	0.07336	0.02137	0.09278	0.06793	0.01437	0.01739	0.01053	0.00673	0.00647	0.00211	0.00846	0.00586	0.00370	0.00869
13	0.00837	0.00670	0.00751	0.00755	0.00946	0.00584	0.00572	0.01047	0.01584	0.02009	0.23391	0.09417	0.47710	0.01612	0.00789	0.00226	0.00347	0.05537	0.00640	0.00575
14	0.04543	0.04996	0.26687	0.01976	0.05899	0.14503	0.14650	0.11250	0.01748	0.05724	0.01287	0.01482	0.00950	0.00648	0.00642	0.00199	0.00950	0.00548	0.00382	0.00937
15	0.01496	0.09545	0.06519	0.12000	0.09600	0.01821	0.23910	0.01876	0.01328	0.01844	0.01114	0.01566	0.00923	0.00749	0.01105	0.00229	0.22617	0.00615	0.00306	0.00833
16	0.01058	0.01066	0.06068	0.01545	0.05168	0.00905	0.15222	0.01338	0.01368	0.01849	0.02869	0.45214	0.03219	0.01563	0.00812	0.00255	0.00613	0.08683	0.00518	0.00668
17	0.01843	0.01681	0.02136	0.01752	0.01968	0.10492	0.08549	0.08534	0.01464	0.09812	0.01192	0.01547	0.00985	0.00961	0.01520	0.00249	0.43509	0.00590	0.00393	0.00825
18	0.10407	0.01705	0.02002	0.06008	0.28701	0.11728	0.01461	0.08470	0.14235	0.06607	0.01539	0.01694	0.01187	0.00692	0.00622	0.00200	0.00749	0.00572	0.00455	0.00964
19	0.00986	0.01313	0.17546	0.01220	0.05076	0.00839	0.01068	0.01299	0.01431	0.01943	0.13863	0.25510	0.18628	0.05183	0.00883	0.00250	0.00530	0.01233	0.00526	0.00672
20	0.01289	0.01253	0.01990	0.35158	0.05422	0.05069	0.11384	0.01665	0.01417	0.01854	0.08892	0.06397	0.01828	0.01136	0.05371	0.00277	0.04566	0.03922	0.00382	0.00728
21	0.01784	0.01410	0.02128	0.22501	0.24228	0.05021	0.05096	0.02215	0.04771	0.15750	0.01638	0.02076	0.01269	0.00745	0.00721	0.00213	0.03230	0.03842	0.00440	0.00919
22	0.01514	0.02516	0.38872	0.02102	0.09975	0.01569	0.12459	0.09699	0.06512	0.02355	0.01632	0.01815	0.04560	0.00699	0.00666	0.00210	0.00883	0.00616	0.00377	0.00967

[dist]
# distance from previous block
# <min> <max>
0	7

[block]
# block no. 2 follows, 33 sequences, length 32
# corresponding to MSA columns:
# 249-280
name=unknown_C
#
# <colnr> <probs for GDERKNQSTAVLIFYWHMCP>
#	G	D	E	R	K	N	Q	S	T	A	V	L	I	F	Y	W	H	M	C	P
0	0.01511	0.01019	0.03564	0.01146	0.01419	0.00950	0.00944	0.09437	0.06516	0.14491	0.08822	0.21604	0.05981	0.01442	0.00780	0.00246	0.00529	0.18171	0.00653	0.00776
1	0.01291	0.02380	0.39864	0.01823	0.02509	0.01382	0.15203	0.01926	0.04288	0.02079	0.05051	0.07657	0.04782	0.00875	0.00743	0.00223	0.03004	0.03674	0.00379	0.00869
2	0.01283	0.04589	0.13929	0.01183	0.01543	0.00987	0.02898	0.01711	0.07200	0.10062	0.05866	0.27188	0.12960	0.01369	0.00740	0.00232	0.00552	0.04393	0.00563	0.00753
3	0.01081	0.00855	0.01199	0.03508	0.11962	0.00847	0.00921	0.03011	0.04358	0.02142	0.22996	0.25667	0.06233	0.04906	0.00896	0.00253	0.00480	0.07421	0.00585	0.00677
4	0.01375	0.00950	0.01017	0.00942	0.01079	0.05015	0.00652	0.08233	0.01356	0.07823	0.02092	0.05640	0.02147	0.44958	0.07966	0.00522	0.00740	0.03783	0.03122	0.00588
5	0.01591	0.16905	0.43484	0.01788	0.04200	0.01707	0.07633	0.02155	0.01431	0.08804	0.01270	0.01448	0.00932	0.00643	0.00655	0.00199	0.03363	0.00507	0.00336	0.00949
6	0.01966	0.02032	0.10017	0.05143	0.17034	0.14238	0.07137	0.13962	0.05173	0.08462	0.01412	0.01612	0.01071	0.00723	0.00777	0.00206	0.07069	0.00577	0.00434	0.00955
7	0.01433	0.05636	0.43762	0.06727	0.25437	0.01580	0.02213	0.02037	0.01419	0.02062	0.01188	0.01475	0.00904	0.00612	0.00628	0.00202	0.00895	0.00519	0.00294	0.00977
8	0.01642	0.01629	0.08946	0.02722	0.39021	0.04320	0.01623	0.05161	0.05496	0.07464	0.07704	0.02336	0.07461	0.00789	0.00670	0.00201	0.00708	0.00701	0.00448	0.00959
9	0.05872	0.01630	0.01901	0.04330	0.14047	0.09461	0.04073	0.14699	0.16319	0.11758	0.01824	0.05044	0.01425	0.00815	0.00714	0.00209	0.03712	0.00664	0.00535	0.00968
10	0.02091	0.01519	0.10682	0.01308	0.01781	0.01282	0.01170	0.23698	0.02072	0.25105	0.02481	0.13910	0.05144	0.01057	0.00699	0.00217	0.00628	0.03545	0.00648	0.00963
11	0.00837	0.00594	0.00784	0.00914	0.00956	0.00568	0.00617	0.00952	0.01230	0.01642	0.03372	0.62189	0.03998	0.10550	0.04111	0.00343	0.00477	0.04765	0.00577	0.00525
12	0.01395	0.02117	0.28289	0.04944	0.30090	0.01427	0.07576	0.01907	0.01439	0.02056	0.01609	0.08026	0.03074	0.00779	0.00677	0.00212	0.00833	0.02273	0.00345	0.00931
13	0.01698	0.06810	0.07727	0.08253	0.18733	0.08213	0.06834	0.05310	0.01624	0.10005	0.03271	0.04511	0.06727	0.00873	0.00679	0.00209	0.00769	0.06429	0.00448	0.00878
14	0.01510	0.05222	0.20234	0.02547	0.06015	0.01667	0.48774	0.02094	0.01504	0.02082	0.01276	0.01650	0.00955	0.00573	0.00722	0.00214	0.01048	0.00683	0.00318	0.00912
15	0.01346	0.01025	0.01359	0.04810	0.11318	0.02552	0.01016	0.03427	0.02612	0.06159	0.06639	0.16901	0.07416	0.01167	0.00899	0.00221	0.11856	0.02011	0.16539	0.00729
16	0.07031	0.19381	0.26604	0.01816	0.07193	0.08721	0.09754	0.02198	0.01476	0.08221	0.01234	0.01410	0.00933	0.00621	0.00585	0.00189	0.00869	0.00498	0.00350	0.00914
17	0.01356	0.01211	0.01954	0.16695	0.06495	0.01335	0.13867	0.08029	0.01446	0.01988	0.01771	0.05304	0.04596	0.09698	0.09506	0.00364	0.08651	0.00764	0.04229	0.00739
18	0.01784	0.39879	0.07595	0.01281	0.01788	0.05416	0.01196	0.13411	0.09956	0.02166	0.01428	0.05027	0.01234	0.00932	0.04085	0.00216	0.00762	0.00541	0.00411	0.00892
19	0.07482	0.01730	0.09748	0.13750	0.23057	0.04464	0.04929	0.14244	0.01774	0.06254	0.05212	0.01776	0.01288	0.00696	0.00645	0.00203	0.00782	0.00600	0.00429	0.00939
20	0.01889	0.04516	0.05594	0.08838	0.16482	0.21465	0.13498	0.04200	0.04327	0.07240	0.04598	0.01740	0.01269	0.00682	0.00657	0.00196	0.00916	0.00602	0.00401	0.00890
21	0.01725	0.01492	0.01932	0.05141	0.28734	0.06608	0.01433	0.06792	0.18379	0.07226	0.02141	0.04438	0.04801	0.00869	0.00681	0.00212	0.00690	0.05247	0.00502	0.00956
22	0.01041	0.00830	0.00866	0.00846	0.01059	0.03970	0.00637	0.01320	0.04940	0.05416	0.18239	0.13137	0.40003	0.01531	0.00770	0.00224	0.00402	0.03507	0.00633	0.00628
23	0.01648	0.01695	0.09049	0.05633	0.20476	0.04984	0.11809	0.09048	0.08286	0.05404	0.01750	0.11098	0.01534	0.00860	0.00749	0.00216	0.03620	0.00777	0.00444	0.00921
24	0.01498	0.23649	0.24081	0.01815	0.05203	0.01796	0.15575	0.02090	0.07286	0.01973	0.01474	0.05001	0.01264	0.00731	0.00625	0.00199	0.00836	0.03659	0.00354	0.00892
25	0.00868	0.00646	0.00925	0.01007	0.01083	0.00617	0.03449	0.01018	0.01281	0.01715	0.05082	0.59872	0.04002	0.05703	0.04483	0.00322	0.00503	0.06293	0.00580	0.00552
26	0.01359	0.06232	0.64478	0.01926	0.02855	0.01584	0.08394	0.02082	0.01402	0.02065	0.01184	0.01411	0.00849	0.00617	0.00631	0.00207	0.00974	0.00507	0.00283	0.00960
27	0.05124	0.06847	0.09614	0.14993	0.19084	0.05594	0.01466	0.03960	0.01498	0.05652	0.07165	0.09203	0.01776	0.04322	0.00772	0.00225	0.00729	0.00733	0.00414	0.00829
28	0.01339	0.04734	0.02334	0.35427	0.03286	0.01584	0.15589	0.01721	0.01357	0.01836	0.07975	0.01969	0.01411	0.00797	0.00980	0.00229	0.15665	0.00670	0.00341	0.00756
29	0.00841	0.00608	0.00797	0.00892	0.00971	0.00564	0.00622	0.01013	0.01431	0.01935	0.21088	0.53249	0.07885	0.01857	0.00823	0.00251	0.00368	0.03605	0.00640	0.00560
30	0.01816	0.14160	0.08820	0.02344	0.17035	0.05061	0.22121	0.08647	0.01689	0.08116	0.03064	0.01665	0.01152	0.00637	0.00651	0.00196	0.00867	0.00611	0.00399	0.00949
31	0.01484	0.01126	0.01464	0.01518	0.11502	0.03316	0.03594	0.09157	0.06765	0.09109	0.22766	0.10903	0.09657	0.03650	0.00814	0.00227	0.00538	0.01000	0.00606	0.00804

[dist]
# distance from previous block
# <min> <max>
0	15

[block]
# block no. 3 follows, 33 sequences, length 38
# corresponding to MSA columns:
# 296-333
name=unknown_D
#
# <colnr> <probs for GDERKNQSTAVLIFYWHMCP>
#	G	D	E	R	K	N	Q	S	T	A	V	L	I	F	Y	W	H	M	C	P
0	0.01430	0.01804	0.15388	0.07893	0.17552	0.08544	0.05179	0.01953	0.07346	0.02028	0.04943	0.09948	0.04125	0.00958	0.00740	0.00220	0.02891	0.05797	0.00420	0.00842
1	0.04681	0.01880	0.07514	0.09068	0.19530	0.15276	0.07161	0.08264	0.04202	0.07048	0.03924	0.05626	0.01391	0.00760	0.00657	0.00202	0.00833	0.00655	0.00429	0.00902
2	0.01564	0.07591	0.37104	0.02197	0.12920	0.05741	0.11318	0.07294	0.01578	0.02180	0.01293	0.03894	0.01025	0.00668	0.00644	0.00203	0.00920	0.00581	0.00336	0.00948
3	0.00998	0.00726	0.00970	0.01021	0.01097	0.00773	0.00738	0.01194	0.04252	0.03424	0.02934	0.43262	0.04692	0.06620	0.10999	0.04137	0.06904	0.04152	0.00529	0.00578
4	0.01880	0.04694	0.12779	0.01839	0.08824	0.13775	0.10401	0.11014	0.05204	0.09646	0.01604	0.03697	0.01301	0.07531	0.00891	0.00237	0.00842	0.00642	0.02302	0.00896
5	0.01511	0.04647	0.14915	0.04297	0.02510	0.01413	0.27655	0.07793	0.01627	0.05915	0.02154	0.07187	0.08514	0.00861	0.00713	0.00216	0.00829	0.02850	0.03540	0.00853
6	0.01268	0.04384	0.04194	0.01473	0.01792	0.01109	0.17643	0.04592	0.05310	0.03982	0.10172	0.23480	0.02921	0.05318	0.02698	0.00277	0.00679	0.07459	0.00524	0.00727
7	0.01594	0.01550	0.02473	0.16345	0.55312	0.04341	0.01920	0.02042	0.04201	0.02071	0.01274	0.01667	0.01044	0.00615	0.00651	0.00200	0.00804	0.00586	0.00334	0.00977
8	0.01620	0.01389	0.04401	0.01389	0.01742	0.04791	0.07973	0.09885	0.18927	0.08400	0.06000	0.11807	0.07183	0.01076	0.00788	0.00223	0.04834	0.02669	0.04042	0.00859
9	0.04004	0.05310	0.10942	0.07490	0.29445	0.16726	0.03803	0.06072	0.01611	0.02087	0.01233	0.01639	0.01025	0.00679	0.00681	0.00198	0.03317	0.02477	0.00347	0.00914
10	0.01380	0.00967	0.01204	0.01276	0.06443	0.03523	0.00875	0.07934	0.03505	0.08187	0.02447	0.23607	0.02536	0.11063	0.08845	0.07113	0.00703	0.07192	0.00524	0.00676
11	0.01552	0.26312	0.40219	0.01543	0.02296	0.01875	0.01798	0.06755	0.05162	0.02105	0.01238	0.01392	0.00949	0.00636	0.00560	0.00185	0.00824	0.00469	0.03195	0.00933
12	0.04618	0.09309	0.17029	0.03885	0.13291	0.04740	0.17259	0.04520	0.04453	0.10489	0.01415	0.01622	0.01054	0.00653	0.00684	0.00203	0.02846	0.00587	0.00398	0.00946
13	0.01573	0.03778	0.13078	0.05489	0.37295	0.01494	0.09218	0.03856	0.03281	0.05125	0.05658	0.01996	0.03799	0.00695	0.00668	0.00202	0.00787	0.00656	0.00388	0.00963
14	0.01074	0.00961	0.01106	0.04846	0.03675	0.03970	0.03238	0.03674	0.07978	0.01974	0.07143	0.15436	0.39546	0.01446	0.00755	0.00224	0.00477	0.01238	0.00575	0.00664
15	0.01246	0.05217	0.08240	0.01206	0.01511	0.03566	0.06102	0.06149	0.03112	0.03601	0.04419	0.18314	0.16610	0.09449	0.03250	0.00296	0.02763	0.03750	0.00504	0.00693
16	0.01863	0.08688	0.16598	0.08233	0.15204	0.06972	0.03968	0.08814	0.06097	0.12700	0.03548	0.01745	0.01256	0.00698	0.00633	0.00198	0.00795	0.00579	0.00447	0.00965
17	0.00891	0.00596	0.00795	0.00927	0.00985	0.00553	0.00626	0.01011	0.01286	0.04637	0.03586	0.73367	0.04242	0.02011	0.00833	0.00265	0.00389	0.01822	0.00620	0.00559
18	0.01282	0.01784	0.19827	0.08871	0.06325	0.01311	0.23269	0.01763	0.01431	0.01971	0.03800	0.07401	0.05513	0.03564	0.03960	0.00275	0.00903	0.05564	0.00382	0.00805
19	0.01723	0.05291	0.11662	0.11091	0.30367	0.14429	0.07087	0.04600	0.03742	0.02055	0.01234	0.01545	0.00983	0.00629	0.00639	0.00196	0.00901	0.00555	0.00339	0.00931
20	0.03453	0.10383	0.36909	0.01679	0.02422	0.01625	0.07524	0.08443	0.06535	0.12567	0.01506	0.01595	0.01069	0.00674	0.00623	0.00202	0.00833	0.00547	0.00425	0.00986
21	0.01656	0.01806	0.01682	0.04574	0.17440	0.28435	0.01255	0.01899	0.01603	0.01839	0.06262	0.12262	0.05618	0.01208	0.03878	0.00244	0.00861	0.06295	0.00430	0.00754
22	0.01884	0.01563	0.09454	0.04326	0.08832	0.03306	0.03796	0.11104	0.10674	0.17983	0.04055	0.04563	0.01756	0.01026	0.02730	0.00243	0.04660	0.06543	0.00556	0.00945
23	0.01528	0.06474	0.31248	0.07187	0.16524	0.05427	0.09789	0.04926	0.01500	0.02075	0.01254	0.03487	0.01005	0.00679	0.00711	0.00207	0.04150	0.00581	0.00324	0.00927
24	0.00890	0.00669	0.00964	0.01012	0.01117	0.00625	0.04876	0.01048	0.01323	0.01771	0.05526	0.55395	0.09476	0.01864	0.00869	0.02523	0.00436	0.05609	0.03446	0.00560
25	0.01647	0.05222	0.20084	0.02498	0.28903	0.01539	0.03737	0.07558	0.07792	0.06513	0.03855	0.04828	0.01410	0.00736	0.00653	0.00204	0.00764	0.00648	0.00422	0.00988
26	0.04260	0.22456	0.36531	0.01668	0.02386	0.01837	0.08221	0.05573	0.01450	0.02047	0.01211	0.04024	0.00990	0.00684	0.00653	0.00197	0.04056	0.00533	0.00321	0.00903
27	0.01601	0.16036	0.24759	0.05437	0.20239	0.10055	0.04275	0.02044	0.01458	0.01910	0.01294	0.01550	0.03107	0.00656	0.00647	0.00192	0.02994	0.00525	0.00311	0.00910
28	0.01505	0.01016	0.01243	0.01247	0.05047	0.03220	0.00881	0.10119	0.04315	0.13098	0.02787	0.32207	0.05363	0.05020	0.07778	0.00329	0.02307	0.01175	0.00587	0.00755
29	0.04847	0.08459	0.01932	0.30286	0.13825	0.08074	0.01430	0.01837	0.05206	0.01865	0.03766	0.08164	0.02986	0.03739	0.00744	0.00223	0.00760	0.00705	0.00377	0.00774
30	0.01378	0.06432	0.18700	0.01783	0.06732	0.04425	0.14942	0.05775	0.01500	0.02010	0.02159	0.10397	0.09432	0.03485	0.05999	0.00286	0.02527	0.00830	0.00400	0.00808
31	0.01513	0.03773	0.05422	0.04936	0.01522	0.01000	0.00930	0.05292	0.06616	0.15253	0.17135	0.09277	0.05404	0.06462	0.03146	0.00268	0.00563	0.04471	0.06240	0.00775
32	0.01693	0.06496	0.21877	0.04501	0.06614	0.07871	0.10031	0.09894	0.09832	0.04149	0.01557	0.01730	0.02967	0.00728	0.00737	0.00206	0.05413	0.00592	0.00408	0.02703
33	0.11541	0.04079	0.04569	0.04205	0.05184	0.14433	0.01083	0.08252	0.01645	0.05169	0.10640	0.09951	0.05717	0.00994	0.00754	0.00208	0.06448	0.00772	0.03589	0.00768
34	0.01754	0.07407	0.25564	0.01794	0.06853	0.07041	0.07588	0.18041	0.04878	0.02566	0.01424	0.01601	0.01068	0.00681	0.00617	0.00194	0.00825	0.00553	0.08606	0.00946
35	0.01267	0.07508	0.18271	0.01287	0.01677	0.01236	0.01255	0.08843	0.01576	0.02138	0.07634	0.18189	0.09686	0.01283	0.00831	0.00233	0.06025	0.09810	0.00496	0.00755
36	0.06269	0.04947	0.08816	0.08983	0.12486	0.21059	0.06357	0.03799	0.02852	0.04054	0.08689	0.01821	0.01497	0.00731	0.00676	0.00195	0.03092	0.00588	0.00395	0.02693
37	0.04390	0.06668	0.05762	0.01824	0.10344	0.25778	0.03310	0.19228	0.07032	0.02455	0.01515	0.01697	0.03235	0.03073	0.00704	0.00202	0.00872	0.00561	0.00446	0.00905

[dist]
# distance from previous block
# <min> <max>
8	26

[block]
# block no. 4 follows, 33 sequences, length 13
# corresponding to MSA columns:
# 360-372
name=unknown_E
#
# <colnr> <probs for GDERKNQSTAVLIFYWHMCP>
#	G	D	E	R	K	N	Q	S	T	A	V	L	I	F	Y	W	H	M	C	P
0	0.01658	0.06985	0.09020	0.12363	0.26985	0.06455	0.12912	0.06808	0.04668	0.02150	0.01281	0.01609	0.01012	0.00640	0.00689	0.00202	0.02686	0.00589	0.00353	0.00936
1	0.01769	0.10511	0.20131	0.05554	0.12229	0.04151	0.05232	0.10576	0.11203	0.07536	0.01507	0.01649	0.01129	0.00700	0.00678	0.00202	0.03271	0.00567	0.00430	0.00975
2	0.01269	0.01488	0.12782	0.18327	0.15130	0.01274	0.06488	0.03760	0.01450	0.01997	0.06653	0.17205	0.04126	0.01020	0.00773	0.00225	0.03913	0.00911	0.00414	0.00794
3	0.01385	0.01045	0.01092	0.01003	0.01222	0.07332	0.00777	0.05282	0.03385	0.08250	0.21081	0.08921	0.14914	0.01226	0.00794	0.00211	0.05302	0.03609	0.12470	0.00700
4	0.02046	0.13645	0.09135	0.01563	0.05905	0.04404	0.04189	0.19575	0.09079	0.15305	0.03879	0.05245	0.01511	0.00803	0.00634	0.00197	0.00704	0.00650	0.00546	0.00985
5	0.01593	0.11591	0.21172	0.04199	0.08430	0.01572	0.05164	0.08280	0.08694	0.06594	0.06669	0.02291	0.04704	0.00822	0.00686	0.00206	0.02498	0.03468	0.00452	0.00915
6	0.00932	0.00753	0.01211	0.01187	0.01321	0.00729	0.09326	0.01130	0.01287	0.01733	0.03082	0.52455	0.03533	0.02246	0.10741	0.00371	0.00674	0.06156	0.00541	0.00591
7	0.01655	0.02333	0.26189	0.06524	0.19988	0.09150	0.09454	0.05162	0.07187	0.04044	0.01368	0.01607	0.01035	0.00649	0.00653	0.00204	0.00900	0.00572	0.00365	0.00961
8	0.05666	0.07412	0.16323	0.01800	0.06693	0.01628	0.12643	0.19646	0.01916	0.13320	0.03281	0.01775	0.01239	0.02858	0.00722	0.00213	0.00791	0.00608	0.00489	0.00977
9	0.01439	0.01542	0.07304	0.24346	0.30050	0.01532	0.09160	0.01912	0.03919	0.01967	0.01352	0.04840	0.01138	0.00719	0.00776	0.00217	0.05908	0.00659	0.00335	0.00886
10	0.01569	0.00820	0.01046	0.00966	0.01228	0.00737	0.00740	0.01823	0.03775	0.25855	0.10652	0.24343	0.18084	0.01442	0.00758	0.00231	0.00438	0.04037	0.00692	0.00763
11	0.05422	0.08105	0.13062	0.05546	0.14992	0.10439	0.03116	0.14808	0.01826	0.08545	0.03902	0.01670	0.01220	0.00697	0.00614	0.00192	0.00790	0.00557	0.03563	0.00938
12	0.03879	0.05364	0.26714	0.01893	0.10113	0.06184	0.07159	0.10339	0.04152	0.06801	0.01576	0.07003	0.01283	0.00767	0.00641	0.00204	0.00812	0.00646	0.03541	0.00932

[dist]
# distance from previous block
# <min> <max>
0	22

[block]
# block no. 5 follows, 33 sequences, length 26
# corresponding to MSA columns:
# 395-420
name=unknown_F
#
# <colnr> <probs for GDERKNQSTAVLIFYWHMCP>
#	G	D	E	R	K	N	Q	S	T	A	V	L	I	F	Y	W	H	M	C	P
0	0.01331	0.05881	0.06089	0.06167	0.18063	0.01206	0.09627	0.01657	0.01516	0.04038	0.11988	0.17889	0.05121	0.01144	0.00745	0.00229	0.00665	0.05351	0.00488	0.00804
1	0.01539	0.01535	0.08107	0.02134	0.11646	0.01346	0.24838	0.03732	0.08559	0.07171	0.09117	0.13068	0.02193	0.00949	0.00752	0.00228	0.00772	0.00925	0.00496	0.00893
2	0.01743	0.07281	0.13669	0.02168	0.12138	0.15495	0.17866	0.02360	0.11201	0.02123	0.01484	0.01724	0.01161	0.00682	0.00657	0.00204	0.00907	0.00605	0.05614	0.00918
3	0.01553	0.03584	0.09480	0.01543	0.01932	0.03561	0.15755	0.04345	0.01570	0.10718	0.13194	0.07342	0.04383	0.10556	0.01184	0.00279	0.06850	0.00872	0.00503	0.00798
4	0.01700	0.02328	0.34309	0.07643	0.09664	0.01502	0.06620	0.09600	0.03466	0.09687	0.01521	0.01722	0.01102	0.00698	0.00657	0.00212	0.00846	0.00581	0.05157	0.00986
5	0.00908	0.00663	0.00857	0.00965	0.01019	0.00656	0.00666	0.01026	0.01287	0.01762	0.03531	0.63947	0.07018	0.01930	0.00911	0.00267	0.04982	0.01701	0.05332	0.00573
6	0.01784	0.01705	0.07316	0.08965	0.06570	0.01597	0.32693	0.06314	0.09719	0.10968	0.01648	0.01905	0.01212	0.00705	0.00785	0.00226	0.03768	0.00706	0.00454	0.00959
7	0.01657	0.04438	0.16871	0.01871	0.09667	0.08840	0.10305	0.08645	0.05070	0.05428	0.05335	0.10907	0.03584	0.00918	0.00693	0.00215	0.00789	0.00794	0.03078	0.00895
8	0.02343	0.01061	0.01387	0.01156	0.01551	0.00962	0.00932	0.07295	0.01874	0.46880	0.07669	0.11548	0.04530	0.01127	0.00731	0.00227	0.00544	0.06444	0.00762	0.00977
9	0.01720	0.02043	0.08034	0.06016	0.18500	0.18883	0.20384	0.02136	0.03655	0.01987	0.01524	0.09103	0.01357	0.00790	0.00706	0.00214	0.00952	0.00737	0.00378	0.00881
10	0.01440	0.03505	0.03374	0.05604	0.01921	0.03346	0.12844	0.12785	0.01768	0.04134	0.08256	0.20450	0.11910	0.01265	0.00766	0.00234	0.00655	0.04413	0.00554	0.00777
11	0.01635	0.04365	0.02329	0.25924	0.36057	0.01570	0.01780	0.05010	0.01519	0.06088	0.01340	0.01757	0.01070	0.00820	0.03138	0.00240	0.03453	0.00597	0.00370	0.00937
12	0.00918	0.00771	0.00809	0.00817	0.01005	0.03033	0.00604	0.01095	0.01548	0.01933	0.16605	0.14864	0.45687	0.01781	0.03610	0.00265	0.00440	0.02996	0.00623	0.00594
13	0.01587	0.02034	0.18904	0.03392	0.47444	0.01588	0.11019	0.02071	0.01504	0.02164	0.01277	0.01647	0.01027	0.00618	0.00679	0.00209	0.00880	0.00601	0.00330	0.01025
14	0.01707	0.16134	0.31925	0.06926	0.05628	0.05851	0.01778	0.08272	0.08687	0.04819	0.01403	0.01565	0.01061	0.00693	0.00616	0.00202	0.00849	0.00525	0.00392	0.00968
15	0.00802	0.00573	0.00764	0.00917	0.00955	0.00535	0.00611	0.00917	0.01260	0.01681	0.03628	0.76434	0.04354	0.02062	0.00840	0.00267	0.00382	0.01872	0.00611	0.00535
16	0.01362	0.03132	0.62228	0.02095	0.07046	0.01545	0.09279	0.02083	0.01413	0.02091	0.01200	0.01443	0.00863	0.00616	0.00642	0.00209	0.00975	0.00522	0.00286	0.00968
17	0.01441	0.01010	0.01233	0.01111	0.01335	0.01105	0.00856	0.20735	0.01686	0.04378	0.02007	0.10986	0.01894	0.11017	0.30948	0.00602	0.01070	0.00829	0.05028	0.00727
18	0.01554	0.04854	0.53531	0.01780	0.02625	0.01453	0.07272	0.02194	0.01473	0.11873	0.01595	0.01720	0.03745	0.00685	0.00642	0.00208	0.00894	0.00564	0.00369	0.00967
19	0.01194	0.01109	0.01817	0.17819	0.20977	0.01127	0.07900	0.01523	0.01471	0.01954	0.09036	0.11444	0.17775	0.01074	0.00726	0.00218	0.00647	0.00982	0.00451	0.00758
20	0.08141	0.11716	0.18308	0.01725	0.07601	0.03971	0.06835	0.13056	0.04864	0.15308	0.01523	0.01595	0.01096	0.00681	0.00609	0.00196	0.00772	0.00547	0.00472	0.00981
21	0.01864	0.05925	0.04352	0.01497	0.05936	0.08361	0.01161	0.29673	0.08783	0.02841	0.02179	0.13329	0.04912	0.01028	0.00677	0.00209	0.00677	0.03394	0.02292	0.00910
22	0.05864	0.00892	0.03383	0.01006	0.01162	0.00911	0.00788	0.05135	0.01241	0.01816	0.05915	0.03078	0.05531	0.15472	0.26449	0.10072	0.04313	0.03339	0.03055	0.00578
23	0.06476	0.02487	0.35607	0.06004	0.09904	0.10387	0.01832	0.04123	0.01536	0.06274	0.03733	0.03696	0.01278	0.00747	0.00636	0.00207	0.00864	0.02928	0.00377	0.00902
24	0.01557	0.31900	0.42353	0.01566	0.02355	0.01974	0.01861	0.05880	0.01465	0.01993	0.01101	0.01271	0.00854	0.00611	0.00549	0.00182	0.00855	0.00440	0.00301	0.00932
25	0.16567	0.00918	0.01048	0.00977	0.01183	0.00967	0.00739	0.04674	0.07694	0.08604	0.01934	0.02800	0.04345	0.08538	0.01562	0.28380	0.00561	0.07438	0.00465	0.00604

[dist]
# distance from previous block
# <min> <max>
0	4

[block]
# block no. 6 follows, 33 sequences, length 79
# corresponding to MSA columns:
# 425-469,473-506
name=unknown_G
#
# <colnr> <probs for GDERKNQSTAVLIFYWHMCP>
#	G	D	E	R	K	N	Q	S	T	A	V	L	I	F	Y	W	H	M	C	P
0	0.01556	0.01589	0.05468	0.05960	0.58828	0.01513	0.07084	0.01961	0.01480	0.02105	0.01366	0.05560	0.01200	0.00665	0.00670	0.00203	0.00796	0.00664	0.00338	0.00992
1	0.01893	0.01363	0.01694	0.03481	0.10000	0.04402	0.02691	0.09514	0.18076	0.17817	0.06492	0.04578	0.05615	0.00952	0.00799	0.00218	0.06244	0.02630	0.00598	0.00944
2	0.01713	0.01422	0.02292	0.01769	0.02204	0.01425	0.25905	0.22034	0.01926	0.06465	0.02015	0.15505	0.01871	0.06948	0.00954	0.00257	0.00782	0.03136	0.00519	0.00858
3	0.01696	0.01347	0.02314	0.03571	0.02288	0.01352	0.26250	0.05735	0.06863	0.14524	0.07046	0.05172	0.03917	0.00952	0.00866	0.00232	0.06722	0.07764	0.00526	0.00867
4	0.04008	0.07499	0.12808	0.01709	0.09556	0.03515	0.03316	0.09748	0.03149	0.22210	0.05081	0.01881	0.01426	0.00906	0.02982	0.00232	0.07890	0.00606	0.00515	0.00962
5	0.01447	0.01395	0.02160	0.43649	0.26388	0.04415	0.01809	0.01966	0.06668	0.01912	0.01299	0.01744	0.01015	0.00653	0.00654	0.00210	0.00832	0.00591	0.00334	0.00857
6	0.01496	0.00760	0.01025	0.01008	0.01206	0.00687	0.00748	0.01675	0.01501	0.24139	0.06907	0.45718	0.03568	0.01621	0.00785	0.00246	0.00446	0.05057	0.00681	0.00726
7	0.02098	0.01203	0.01466	0.01394	0.06882	0.05005	0.01020	0.09863	0.03922	0.32318	0.02725	0.16335	0.04986	0.01137	0.00715	0.00222	0.00590	0.06531	0.00668	0.00920
8	0.01748	0.01739	0.01916	0.24295	0.13875	0.17657	0.01481	0.10989	0.09542	0.02179	0.01553	0.07268	0.01316	0.00800	0.00658	0.00206	0.00834	0.00665	0.00422	0.00858
9	0.01433	0.00976	0.01120	0.01056	0.01286	0.06292	0.00829	0.01719	0.03778	0.14899	0.13637	0.06890	0.11480	0.04585	0.17528	0.00429	0.00814	0.09960	0.00581	0.00708
10	0.06774	0.01611	0.01562	0.01273	0.01722	0.11032	0.01013	0.19867	0.14800	0.08607	0.07183	0.01927	0.01631	0.00766	0.00611	0.00179	0.00640	0.00594	0.00565	0.17644
11	0.01509	0.24833	0.43591	0.01595	0.02369	0.03487	0.01874	0.02216	0.08930	0.01989	0.01261	0.01402	0.00964	0.00637	0.00570	0.00189	0.00850	0.00473	0.00323	0.00938
12	0.00925	0.00685	0.00878	0.00995	0.01095	0.00671	0.00734	0.01214	0.06601	0.01824	0.03679	0.49338	0.08228	0.03552	0.00895	0.00278	0.00446	0.16765	0.00610	0.00587
13	0.01365	0.07585	0.54870	0.01803	0.02638	0.01565	0.07103	0.02134	0.06674	0.02109	0.03323	0.03381	0.01169	0.00691	0.00637	0.00208	0.00900	0.00571	0.00332	0.00944
14	0.01670	0.01452	0.02421	0.18744	0.51347	0.01506	0.01881	0.03481	0.01524	0.07673	0.01338	0.01703	0.01056	0.00624	0.00654	0.00201	0.00784	0.00592	0.00364	0.00985
15	0.01375	0.03147	0.61600	0.07419	0.02969	0.04687	0.05639	0.02079	0.01413	0.02035	0.01181	0.01427	0.00846	0.00627	0.00634	0.00208	0.00982	0.00505	0.00284	0.00942
16	0.01083	0.00980	0.00957	0.00990	0.01118	0.11210	0.00705	0.01272	0.01555	0.01989	0.25953	0.39309	0.07155	0.01612	0.00781	0.00232	0.00473	0.01420	0.00609	0.00597
17	0.06322	0.03682	0.16625	0.02042	0.16179	0.10748	0.05634	0.07015	0.05448	0.06752	0.07335	0.01958	0.03394	0.00761	0.00692	0.00203	0.03241	0.00623	0.00434	0.00912
18	0.01499	0.01572	0.11052	0.30273	0.04991	0.04296	0.06503	0.04692	0.05017	0.07289	0.03267	0.04245	0.01305	0.01066	0.05984	0.00278	0.04793	0.00658	0.00394	0.00824
19	0.01330	0.00780	0.01078	0.01163	0.04901	0.00747	0.00790	0.01487	0.01384	0.16730	0.03120	0.51495	0.03397	0.03921	0.00925	0.00262	0.03716	0.01466	0.00619	0.00689
20	0.01410	0.01509	0.07455	0.34079	0.26935	0.03824	0.01786	0.01903	0.04846	0.01965	0.04534	0.01987	0.03542	0.00706	0.00661	0.00209	0.00803	0.00633	0.00352	0.00860
21	0.03452	0.09759	0.28514	0.01899	0.08394	0.01614	0.10088	0.09347	0.03061	0.09435	0.01508	0.05483	0.01190	0.00737	0.00678	0.00206	0.02645	0.00623	0.00412	0.00953
22	0.01612	0.04231	0.14990	0.01825	0.02335	0.10677	0.20927	0.02204	0.09785	0.05980	0.05588	0.06523	0.03559	0.00843	0.00794	0.00216	0.05870	0.00750	0.00432	0.00861
23	0.01637	0.01950	0.07098	0.01275	0.01608	0.29925	0.01043	0.05629	0.04055	0.02045	0.14997	0.05520	0.18431	0.01076	0.00685	0.00198	0.00748	0.00851	0.00501	0.00729
24	0.01754	0.01357	0.01881	0.14963	0.21675	0.03687	0.01415	0.12774	0.05208	0.11102	0.09705	0.04535	0.01910	0.00928	0.02153	0.00225	0.00712	0.02588	0.00511	0.00917
25	0.01893	0.01938	0.02107	0.10318	0.11640	0.22341	0.08016	0.09717	0.08933	0.03973	0.04914	0.01774	0.01329	0.00765	0.00789	0.00205	0.07443	0.00606	0.00427	0.00874
26	0.06857	0.00625	0.00779	0.00913	0.00979	0.00605	0.00619	0.00993	0.01250	0.01776	0.03425	0.70780	0.04081	0.01954	0.00808	0.00263	0.00391	0.01758	0.00596	0.00548
27	0.01529	0.01565	0.02365	0.31374	0.25062	0.08466	0.08255	0.01906	0.01414	0.01850	0.01159	0.01630	0.00936	0.00682	0.00824	0.00215	0.09023	0.00587	0.00311	0.00845
28	0.03789	0.24700	0.38269	0.01626	0.02387	0.01905	0.05413	0.09074	0.03238	0.02180	0.01181	0.01349	0.00900	0.00626	0.00572	0.00188	0.00852	0.00476	0.00334	0.00940
29	0.01901	0.01529	0.09570	0.01295	0.01707	0.04792	0.01131	0.22597	0.02004	0.16366	0.04284	0.14543	0.04032	0.05084	0.00848	0.00242	0.00653	0.05931	0.00606	0.00886
30	0.00891	0.00652	0.00804	0.00800	0.00950	0.00593	0.00587	0.01138	0.01665	0.02290	0.44055	0.17179	0.19507	0.01509	0.00774	0.00218	0.00327	0.01322	0.04146	0.00593
31	0.25555	0.01421	0.01727	0.18569	0.14702	0.05091	0.01342	0.06906	0.01412	0.02350	0.01139	0.01483	0.00912	0.00709	0.00756	0.00212	0.10039	0.00510	0.04362	0.00803
32	0.24912	0.09960	0.03753	0.01408	0.01806	0.44352	0.01130	0.02351	0.01587	0.02001	0.00983	0.01146	0.00809	0.00646	0.00524	0.00178	0.00940	0.00399	0.00351	0.00763
33	0.01709	0.01708	0.02537	0.03685	0.62522	0.08534	0.01901	0.02151	0.04941	0.02128	0.01287	0.01627	0.01071	0.00610	0.00647	0.00194	0.00808	0.00579	0.00344	0.01016
34	0.00827	0.00597	0.00786	0.00912	0.00976	0.00556	0.00631	0.00972	0.01342	0.01790	0.10110	0.62416	0.08069	0.01963	0.00835	0.00261	0.00385	0.05403	0.00621	0.00548
35	0.00846	0.00626	0.00833	0.00941	0.00990	0.00621	0.00647	0.00973	0.01262	0.01697	0.06213	0.62095	0.06294	0.04568	0.04544	0.00315	0.03721	0.01686	0.00582	0.00545
36	0.00802	0.00573	0.00764	0.00917	0.00955	0.00535	0.00611	0.00917	0.01260	0.01681	0.03628	0.76434	0.04354	0.02062	0.00840	0.00267	0.00382	0.01872	0.00611	0.00535
37	0.01320	0.03405	0.73453	0.01876	0.02849	0.01529	0.02432	0.02085	0.01390	0.02085	0.01181	0.01390	0.00834	0.00625	0.00625	0.00208	0.00973	0.00486	0.00278	0.00973
38	0.01449	0.03230	0.66855	0.01828	0.02759	0.01529	0.02311	0.05463	0.01494	0.05273	0.01262	0.01436	0.00882	0.00642	0.00629	0.00208	0.00943	0.00499	0.00320	0.00986
39	0.01409	0.01981	0.20406	0.02224	0.04563	0.01475	0.36634	0.02056	0.06736	0.02106	0.01718	0.08895	0.01490	0.00804	0.00741	0.00227	0.00930	0.04343	0.00384	0.00877
40	0.00979	0.00756	0.00912	0.00886	0.01052	0.02828	0.00683	0.01271	0.01788	0.02449	0.55894	0.05240	0.11873	0.01413	0.00787	0.00219	0.00375	0.09291	0.00688	0.00618
41	0.01866	0.06613	0.05150	0.01321	0.01610	0.08644	0.01120	0.02102	0.01438	0.21364	0.04458	0.02032	0.01475	0.03643	0.09811	0.00329	0.19948	0.00618	0.05640	0.00819
42	0.01860	0.28561	0.08902	0.01356	0.01854	0.11223	0.01241	0.15606	0.10959	0.02334	0.05051	0.01749	0.03473	0.00756	0.00608	0.00182	0.02386	0.00550	0.00445	0.00903
43	0.00911	0.00664	0.00868	0.00970	0.01066	0.00644	0.00710	0.03258	0.01391	0.01845	0.06600	0.49469	0.09363	0.02114	0.05757	0.00318	0.00515	0.12365	0.00599	0.00574
44	0.01494	0.01626	0.08514	0.22626	0.29529	0.03699	0.06249	0.02114	0.10199	0.02066	0.01490	0.01991	0.01209	0.00701	0.00671	0.00212	0.00818	0.03509	0.00368	0.00915
45	0.05830	0.01595	0.02070	0.01981	0.14028	0.07720	0.10573	0.10481	0.14258	0.13586	0.01991	0.02059	0.05017	0.00794	0.00748	0.00210	0.04908	0.00669	0.00522	0.00960
46	0.01333	0.01283	0.02238	0.57589	0.16186	0.01495	0.07003	0.01772	0.01366	0.01795	0.01194	0.01735	0.00915	0.00638	0.00666	0.00215	0.00879	0.00600	0.00301	0.00797
47	0.00864	0.00634	0.00896	0.00969	0.01050	0.00593	0.03393	0.01025	0.01345	0.01836	0.11226	0.62467	0.04324	0.01870	0.00816	0.00254	0.00400	0.01701	0.03776	0.00562
48	0.01736	0.07417	0.29111	0.01814	0.07978	0.04623	0.07746	0.07304	0.01679	0.13081	0.07967	0.01987	0.03136	0.00744	0.00651	0.00201	0.00804	0.00627	0.00448	0.00945
49	0.08846	0.03932	0.01921	0.16349	0.10938	0.05628	0.01394	0.10039	0.10730	0.07795	0.01439	0.01678	0.01112	0.00791	0.00900	0.00219	0.14389	0.00575	0.00440	0.00886
50	0.01372	0.01421	0.10512	0.01211	0.01511	0.04973	0.01020	0.09721	0.16583	0.02163	0.02364	0.19952	0.02352	0.16745	0.03293	0.00336	0.00665	0.02529	0.00521	0.00755
51	0.01480	0.05873	0.51755	0.02136	0.10694	0.01625	0.07676	0.07212	0.01541	0.02228	0.01219	0.01449	0.00893	0.00625	0.00635	0.00205	0.00933	0.00524	0.00316	0.00980
52	0.11912	0.04864	0.16997	0.04499	0.18099	0.03491	0.11009	0.03929	0.01480	0.05602	0.01416	0.04687	0.01181	0.00708	0.00629	0.00202	0.00792	0.02808	0.00382	0.05313
53	0.03109	0.01118	0.01580	0.14157	0.08018	0.03122	0.04631	0.07260	0.01610	0.09870	0.11608	0.19557	0.02618	0.01267	0.02973	0.00251	0.03093	0.02856	0.00530	0.00772
54	0.01488	0.04850	0.40453	0.11231	0.02770	0.01465	0.07397	0.05735	0.01551	0.07483	0.05266	0.01912	0.04047	0.00724	0.00654	0.00208	0.00858	0.00610	0.00382	0.00915
55	0.01719	0.01663	0.07758	0.10187	0.13324	0.06694	0.20573	0.04962	0.01670	0.11477	0.09234	0.02258	0.01714	0.00756	0.00705	0.00210	0.00839	0.02911	0.00452	0.00894
56	0.01453	0.08170	0.27794	0.09475	0.15819	0.03750	0.15349	0.01976	0.01437	0.01982	0.01341	0.06005	0.01121	0.00690	0.00659	0.00207	0.00905	0.00642	0.00321	0.00903
57	0.01175	0.00779	0.01057	0.00993	0.01195	0.00716	0.04427	0.03561	0.01564	0.10237	0.15964	0.33012	0.17478	0.01557	0.00777	0.00233	0.00429	0.01383	0.02802	0.00662
58	0.04592	0.01185	0.01411	0.01167	0.01541	0.03311	0.00937	0.04444	0.12320	0.32091	0.13196	0.02709	0.06066	0.00953	0.00787	0.00208	0.06525	0.00755	0.00672	0.05131
59	0.06109	0.05692	0.07885	0.01845	0.08798	0.05301	0.13628	0.09217	0.11458	0.14972	0.03574	0.02143	0.01492	0.00772	0.00665	0.00209	0.00757	0.04010	0.00517	0.00956
60	0.01050	0.00764	0.01106	0.01108	0.01251	0.00734	0.05910	0.01345	0.06502	0.05772	0.05211	0.57156	0.03813	0.01767	0.00814	0.00257	0.00462	0.03734	0.00609	0.00635
61	0.01465	0.05273	0.28915	0.09159	0.14011	0.01598	0.21844	0.03887	0.01495	0.02092	0.01382	0.01698	0.02865	0.00632	0.00673	0.00209	0.00939	0.00617	0.00322	0.00925
62	0.05593	0.01045	0.06479	0.01000	0.01313	0.00870	0.00849	0.01847	0.07091	0.15128	0.41767	0.03869	0.08222	0.01143	0.00717	0.00209	0.00432	0.00977	0.00680	0.00770
63	0.01562	0.07418	0.08135	0.05012	0.27089	0.01629	0.18396	0.04814	0.07018	0.02221	0.06684	0.01911	0.01457	0.00688	0.00719	0.00205	0.03050	0.00665	0.00388	0.00936
64	0.01219	0.01156	0.05354	0.10019	0.13534	0.01067	0.05845	0.06613	0.01574	0.02139	0.10565	0.21076	0.12195	0.01211	0.00732	0.00222	0.00593	0.01089	0.03048	0.00747
65	0.16545	0.05522	0.04103	0.01813	0.16127	0.01481	0.03952	0.10291	0.09831	0.11121	0.03711	0.03876	0.01540	0.00803	0.00619	0.00207	0.00637	0.04166	0.02733	0.00922
66	0.01432	0.03967	0.23397	0.09103	0.02511	0.01489	0.13014	0.03912	0.01428	0.05843	0.04603	0.10195	0.01555	0.00914	0.00942	0.00229	0.13485	0.00756	0.00388	0.00836
67	0.01247	0.00904	0.01105	0.01242	0.06532	0.04630	0.00837	0.02790	0.03430	0.08407	0.09391	0.42736	0.03589	0.01583	0.00775	0.00242	0.00488	0.06190	0.03202	0.00679
68	0.03765	0.08093	0.38606	0.01731	0.02454	0.01533	0.10661	0.05092	0.05679	0.07708	0.01581	0.07387	0.01271	0.00761	0.00647	0.00210	0.00842	0.00652	0.00396	0.00933
69	0.01716	0.01471	0.03442	0.07810	0.06107	0.04348	0.07263	0.22766	0.07210	0.04611	0.04385	0.12890	0.03884	0.01042	0.00783	0.00223	0.04218	0.04414	0.00538	0.00878
70	0.01419	0.06001	0.26731	0.16571	0.12522	0.01532	0.04081	0.05340	0.03564	0.02072	0.01383	0.01867	0.01113	0.00925	0.04419	0.00253	0.03324	0.03263	0.02738	0.00881
71	0.00812	0.00587	0.00769	0.00895	0.00954	0.00543	0.00606	0.00947	0.01326	0.01769	0.09777	0.66311	0.08312	0.01978	0.00831	0.00260	0.00373	0.01785	0.00621	0.00543
72	0.01881	0.07885	0.13691	0.04627	0.20498	0.03232	0.07412	0.09142	0.05883	0.14415	0.03841	0.01806	0.01311	0.00695	0.00646	0.00199	0.00772	0.00606	0.00464	0.00993
73	0.01415	0.15536	0.55222	0.01859	0.06279	0.01730	0.02153	0.02043	0.01372	0.01979	0.01127	0.01349	0.00848	0.00634	0.00654	0.00200	0.03901	0.00473	0.00282	0.00945
74	0.01076	0.00616	0.00924	0.00924	0.00963	0.00655	0.00655	0.00963	0.00924	0.01270	0.01348	0.02194	0.01309	0.03162	0.26232	0.54512	0.00965	0.00616	0.00308	0.00386
75	0.01283	0.01703	0.18909	0.26396	0.15310	0.01385	0.01756	0.01740	0.01426	0.01990	0.11304	0.02245	0.04484	0.00811	0.00783	0.00216	0.06393	0.00677	0.00367	0.00821
76	0.05274	0.01492	0.02072	0.01991	0.14999	0.03643	0.09991	0.16133	0.07847	0.20699	0.01950	0.02298	0.01488	0.00811	0.00683	0.00212	0.00720	0.06124	0.00573	0.01001
77	0.00974	0.00682	0.00845	0.00875	0.01029	0.00625	0.00647	0.01211	0.03130	0.05556	0.21331	0.30214	0.22046	0.01677	0.00801	0.00239	0.00381	0.06479	0.00650	0.00608
78	0.28267	0.01128	0.01276	0.01032	0.01476	0.01102	0.00847	0.02636	0.01611	0.44194	0.04794	0.01977	0.01517	0.00767	0.00574	0.00201	0.00521	0.00582	0.04554	0.00944

[dist]
# distance from previous block
# <min> <max>
4	15

[block]
# block no. 7 follows, 33 sequences, length 86
# corresponding to MSA columns:
# 522-607
name=unknown_H
#
# <colnr> <probs for GDERKNQSTAVLIFYWHMCP>
#	G	D	E	R	K	N	Q	S	T	A	V	L	I	F	Y	W	H	M	C	P
0	0.01587	0.01172	0.01492	0.01086	0.01648	0.00919	0.04497	0.01882	0.01459	0.12774	0.01637	0.01740	0.04260	0.00593	0.00542	0.00126	0.00525	0.00496	0.00460	0.61103
1	0.01341	0.01221	0.03675	0.13278	0.04558	0.01336	0.01191	0.08910	0.10437	0.02172	0.06469	0.05064	0.15015	0.02811	0.01032	0.00245	0.13620	0.06361	0.00497	0.00767
2	0.02156	0.03197	0.01715	0.01541	0.08574	0.05831	0.04811	0.07295	0.04335	0.32888	0.07360	0.08749	0.02104	0.03242	0.00770	0.00222	0.00636	0.02991	0.00638	0.00943
3	0.00840	0.00608	0.00797	0.00901	0.00979	0.00565	0.00631	0.01007	0.01407	0.01890	0.17218	0.54386	0.08845	0.01885	0.00828	0.00255	0.00377	0.05391	0.00633	0.00557
4	0.10796	0.01241	0.01864	0.41653	0.15067	0.01425	0.01569	0.05853	0.01448	0.04874	0.01420	0.07373	0.01196	0.00762	0.00642	0.00215	0.00759	0.00660	0.00378	0.00805
5	0.02154	0.01669	0.07339	0.12051	0.08567	0.04196	0.01409	0.25630	0.06829	0.18476	0.01798	0.01962	0.01300	0.00781	0.00662	0.00207	0.00733	0.02651	0.00571	0.01013
6	0.01425	0.01458	0.15030	0.22220	0.02544	0.01235	0.01462	0.01838	0.02692	0.12012	0.01678	0.06485	0.01394	0.01822	0.18390	0.00424	0.06007	0.00687	0.00406	0.00792
7	0.00823	0.00639	0.00749	0.00784	0.00933	0.00565	0.00564	0.01008	0.01512	0.01955	0.21535	0.28097	0.35053	0.01715	0.00797	0.00233	0.00343	0.01494	0.00639	0.00565
8	0.01522	0.08631	0.35078	0.11490	0.02858	0.10439	0.10562	0.02049	0.01422	0.01893	0.01131	0.01439	0.00865	0.00667	0.00758	0.00208	0.07291	0.00525	0.00295	0.00874
9	0.01621	0.03580	0.07489	0.21349	0.05067	0.01635	0.32710	0.09183	0.03766	0.05016	0.01384	0.01742	0.01022	0.00632	0.00704	0.00215	0.00943	0.00668	0.00380	0.00893
10	0.01033	0.00651	0.00852	0.00925	0.01040	0.00595	0.00656	0.01189	0.01400	0.08833	0.09054	0.54500	0.10335	0.01839	0.00815	0.00254	0.00399	0.04389	0.00640	0.00604
11	0.01250	0.01385	0.06889	0.01920	0.02320	0.01234	0.34077	0.01625	0.01401	0.01910	0.02169	0.25248	0.02243	0.03639	0.00955	0.00258	0.04873	0.05431	0.00433	0.00741
12	0.04818	0.07448	0.03222	0.02315	0.04844	0.01744	0.44321	0.07576	0.01595	0.04535	0.01346	0.03254	0.01066	0.00676	0.00854	0.00219	0.08199	0.00708	0.00375	0.00885
13	0.04493	0.03873	0.08814	0.12465	0.14228	0.05216	0.11963	0.12511	0.04623	0.11378	0.01481	0.01691	0.01089	0.00686	0.00691	0.00206	0.02596	0.00601	0.00445	0.00953
