[name]
unknown

[dist]
# distance from previous block
# <min> <max>
12	836

[block]
# block no. 0 follows, 31 sequences, length 13
# corresponding to MSA columns:
# 965-977
name=unknown_A
#
# <colnr> <probs for GDERKNQSTAVLIFYWHMCP>
#	G	D	E	R	K	N	Q	S	T	A	V	L	I	F	Y	W	H	M	C	P
0	0.07997	0.01615	0.02113	0.01669	0.02119	0.12999	0.21788	0.02072	0.04181	0.08169	0.02632	0.08350	0.13964	0.00964	0.00716	0.00214	0.00796	0.00876	0.00488	0.06278
1	0.04926	0.01359	0.01495	0.01529	0.08316	0.07175	0.01054	0.16136	0.09236	0.07896	0.02557	0.30267	0.02553	0.01308	0.00742	0.00234	0.00616	0.01127	0.00608	0.00865
2	0.03161	0.01314	0.01412	0.01221	0.01557	0.08085	0.03449	0.11069	0.08813	0.05334	0.11069	0.08552	0.06606	0.01389	0.06482	0.00276	0.00697	0.03422	0.06553	0.09541
3	0.08106	0.07612	0.08516	0.01305	0.01792	0.05168	0.01164	0.16206	0.08809	0.17245	0.03991	0.02320	0.03711	0.00866	0.00640	0.00206	0.00661	0.03318	0.07395	0.00968
4	0.01946	0.01394	0.01702	0.04998	0.10095	0.01486	0.01200	0.24665	0.12151	0.09663	0.07987	0.02764	0.04600	0.00952	0.00699	0.00215	0.00627	0.04712	0.07162	0.00984
5	0.09794	0.01615	0.01786	0.01592	0.07285	0.01769	0.01177	0.44693	0.04409	0.03538	0.01792	0.07749	0.01519	0.07089	0.00905	0.00250	0.00694	0.00733	0.00606	0.01004
6	0.01545	0.07517	0.01938	0.32172	0.02970	0.05812	0.03078	0.06907	0.03069	0.04657	0.07072	0.02140	0.02983	0.01106	0.06347	0.00271	0.00865	0.00648	0.00421	0.08481
7	0.01964	0.39886	0.02832	0.01407	0.01934	0.15352	0.06744	0.02218	0.01544	0.07260	0.01211	0.01387	0.01008	0.00834	0.03964	0.00205	0.00878	0.00463	0.00366	0.08542
8	0.50662	0.01340	0.01338	0.01290	0.07081	0.01458	0.00958	0.07511	0.01518	0.15431	0.01472	0.01729	0.01123	0.00745	0.00536	0.00215	0.00584	0.03614	0.00523	0.00872
9	0.01507	0.11428	0.13476	0.08203	0.26057	0.01619	0.04226	0.02047	0.07292	0.02090	0.01674	0.10669	0.01523	0.00849	0.00705	0.00214	0.02497	0.00746	0.02247	0.00931
10	0.01253	0.00860	0.01034	0.00944	0.01188	0.00828	0.00723	0.01786	0.12242	0.09309	0.42268	0.04730	0.17482	0.01336	0.00779	0.00220	0.00385	0.01153	0.00732	0.00749
11	0.01849	0.01860	0.05869	0.02339	0.02945	0.01797	0.41297	0.21459	0.02033	0.02759	0.01544	0.05162	0.01223	0.00746	0.00825	0.00228	0.03855	0.00785	0.00453	0.00972
12	0.00834	0.00595	0.00794	0.00953	0.00992	0.00556	0.00635	0.00953	0.01310	0.01746	0.03771	0.75510	0.04525	0.02143	0.00873	0.00278	0.00397	0.01945	0.00635	0.00556

[dist]
# distance from previous block
# <min> <max>
0	3

[block]
# block no. 1 follows, 31 sequences, length 41
# corresponding to MSA columns:
# 981-1021
name=unknown_B
#
# <colnr> <probs for GDERKNQSTAVLIFYWHMCP>
#	G	D	E	R	K	N	Q	S	T	A	V	L	I	F	Y	W	H	M	C	P
0	0.01618	0.02100	0.19499	0.02182	0.02842	0.01626	0.32036	0.11046	0.06661	0.02476	0.01737	0.07326	0.01449	0.00814	0.00756	0.00231	0.00949	0.03269	0.00434	0.00949
1	0.01045	0.00855	0.00873	0.00809	0.01082	0.00781	0.00623	0.10018	0.01778	0.02173	0.06232	0.05932	0.62135	0.01612	0.00792	0.00228	0.00400	0.01335	0.00642	0.00655
2	0.00867	0.00672	0.00789	0.00809	0.00972	0.00595	0.00588	0.01077	0.01625	0.02119	0.27356	0.22237	0.34402	0.01719	0.00823	0.00237	0.00351	0.01493	0.00674	0.00595
3	0.01778	0.01217	0.01417	0.01386	0.07086	0.01298	0.01018	0.20023	0.11716	0.06023	0.02282	0.02913	0.01876	0.00954	0.00651	0.00208	0.00558	0.09426	0.27273	0.00898
4	0.01583	0.02069	0.13066	0.02760	0.03494	0.01711	0.60399	0.02188	0.01592	0.02188	0.01363	0.01792	0.01015	0.00586	0.00787	0.00229	0.01135	0.00768	0.00338	0.00934
5	0.01413	0.01523	0.10794	0.01137	0.01798	0.01001	0.01037	0.01781	0.01422	0.02221	0.01218	0.01422	0.00994	0.00526	0.00526	0.00117	0.00573	0.00419	0.00390	0.69690
6	0.01301	0.03150	0.62954	0.01818	0.02701	0.01452	0.02278	0.02006	0.01427	0.02111	0.01564	0.11225	0.01350	0.00847	0.00679	0.00225	0.00930	0.00696	0.00335	0.00951
7	0.01592	0.01695	0.03141	0.02355	0.02897	0.05298	0.46644	0.05072	0.06269	0.02238	0.01867	0.11788	0.01669	0.00871	0.00798	0.00236	0.00981	0.03278	0.00433	0.00878
8	0.01512	0.01680	0.03609	0.02629	0.03234	0.01575	0.60149	0.02028	0.01574	0.02133	0.01699	0.11573	0.01499	0.00784	0.00816	0.00237	0.01054	0.00958	0.00384	0.00874
9	0.01406	0.01391	0.01910	0.01650	0.01681	0.01895	0.01368	0.01559	0.01115	0.01673	0.01695	0.02169	0.10210	0.01268	0.02055	0.00290	0.64885	0.00710	0.00344	0.00726
10	0.01228	0.01147	0.01873	0.64590	0.04212	0.01396	0.01718	0.01647	0.01393	0.01761	0.01971	0.02453	0.10222	0.00822	0.00700	0.00228	0.00837	0.00718	0.00348	0.00736
11	0.03008	0.01264	0.01649	0.01264	0.01796	0.01153	0.01044	0.12059	0.02124	0.63203	0.02560	0.02238	0.01624	0.00843	0.00688	0.00211	0.00605	0.00678	0.00825	0.01164
12	0.01292	0.01216	0.02052	0.74312	0.04712	0.01520	0.01900	0.01748	0.01368	0.01748	0.01216	0.01824	0.00912	0.00684	0.00684	0.00228	0.00912	0.00608	0.00304	0.00760
13	0.00977	0.00733	0.01100	0.01100	0.01222	0.00855	0.00855	0.01222	0.01100	0.01588	0.01833	0.02688	0.01710	0.05131	0.73245	0.01100	0.01833	0.00733	0.00367	0.00611
14	0.01615	0.01845	0.04037	0.02884	0.03576	0.01730	0.69204	0.02191	0.01615	0.02191	0.01384	0.01845	0.01038	0.00577	0.00807	0.00231	0.01153	0.00807	0.00346	0.00923
15	0.01702	0.01470	0.01547	0.01392	0.01779	0.01702	0.01083	0.03635	0.70453	0.02862	0.02785	0.02553	0.02088	0.00928	0.00696	0.00232	0.00541	0.00773	0.00696	0.01083
16	0.01372	0.03539	0.72412	0.01950	0.02961	0.01589	0.02528	0.02167	0.01444	0.02167	0.01228	0.01444	0.00867	0.00650	0.00650	0.00217	0.01011	0.00506	0.00289	0.01011
17	0.80789	0.01323	0.01006	0.00900	0.01323	0.01535	0.00741	0.02011	0.01164	0.03070	0.00953	0.01111	0.00741	0.00635	0.00423	0.00212	0.00529	0.00370	0.00423	0.00741
18	0.02601	0.01916	0.02053	0.01574	0.02122	0.02122	0.01300	0.69408	0.03217	0.04312	0.01643	0.01643	0.01163	0.00821	0.00684	0.00205	0.00753	0.00616	0.00684	0.01163
19	0.01292	0.01216	0.02052	0.74312	0.04712	0.01520	0.01900	0.01748	0.01368	0.01748	0.01216	0.01824	0.00912	0.00684	0.00684	0.00228	0.00912	0.00608	0.00304	0.00760
20	0.80789	0.01323	0.01006	0.00900	0.01323	0.01535	0.00741	0.02011	0.01164	0.03070	0.00953	0.01111	0.00741	0.00635	0.00423	0.00212	0.00529	0.00370	0.00423	0.00741
21	0.03070	0.01164	0.01588	0.01217	0.01746	0.01006	0.01006	0.03334	0.01958	0.72163	0.02699	0.02329	0.01694	0.00847	0.00688	0.00212	0.00582	0.00688	0.00847	0.01164
22	0.00968	0.00699	0.00914	0.00861	0.01022	0.00646	0.00646	0.01291	0.01937	0.02743	0.71328	0.05110	0.06455	0.01399	0.00807	0.00215	0.00323	0.01237	0.00753	0.00646
23	0.01693	0.01626	0.02777	0.04199	0.71689	0.01626	0.02100	0.02100	0.01558	0.02235	0.01287	0.01693	0.01084	0.00610	0.00677	0.00203	0.00813	0.00610	0.00339	0.01084
24	0.01829	0.76368	0.03585	0.01171	0.01756	0.02707	0.01171	0.02049	0.01390	0.01610	0.00951	0.01097	0.00878	0.00585	0.00439	0.00146	0.00732	0.00366	0.00293	0.00878
25	0.01494	0.01542	0.02004	0.54720	0.07955	0.13036	0.01746	0.01887	0.01481	0.01769	0.01494	0.01970	0.04607	0.00738	0.00679	0.00218	0.00929	0.00625	0.00331	0.00774
26	0.02285	0.01910	0.07541	0.01547	0.02090	0.01939	0.01334	0.45230	0.20295	0.05735	0.01933	0.01880	0.01392	0.00836	0.00685	0.00213	0.00714	0.00650	0.00660	0.01131
27	0.80789	0.01323	0.01006	0.00900	0.01323	0.01535	0.00741	0.02011	0.01164	0.03070	0.00953	0.01111	0.00741	0.00635	0.00423	0.00212	0.00529	0.00370	0.00423	0.00741
28	0.02556	0.03261	0.01939	0.01763	0.02115	0.73210	0.01322	0.02732	0.01939	0.01674	0.01058	0.01234	0.00881	0.00705	0.00617	0.00176	0.01234	0.00441	0.00353	0.00793
29	0.73924	0.01375	0.01098	0.00959	0.01393	0.01586	0.00790	0.07928	0.01344	0.03179	0.01013	0.01158	0.00778	0.00651	0.00446	0.00211	0.00549	0.00392	0.00446	0.00778
30	0.00995	0.00663	0.00746	0.00746	0.00746	0.00663	0.00415	0.00995	0.00995	0.01327	0.02156	0.04477	0.02487	0.75957	0.03482	0.00663	0.00663	0.00995	0.00415	0.00415
31	0.01419	0.01216	0.01419	0.01013	0.01621	0.00912	0.00811	0.01723	0.01419	0.02229	0.01216	0.01419	0.01013	0.00507	0.00507	0.00101	0.00507	0.00405	0.00405	0.80139
32	0.00852	0.00690	0.00757	0.00751	0.00954	0.00595	0.00559	0.01063	0.01647	0.02081	0.23919	0.09799	0.50607	0.01665	0.00812	0.00229	0.00343	0.01415	0.00667	0.00595
33	0.00968	0.00699	0.00914	0.00861	0.01022	0.00646	0.00646	0.01291	0.01937	0.02743	0.71328	0.05110	0.06455	0.01399	0.00807	0.00215	0.00323	0.01237	0.00753	0.00646
34	0.01478	0.01439	0.02541	0.40134	0.29831	0.01583	0.09282	0.01929	0.01466	0.01980	0.01261	0.01777	0.00990	0.00644	0.00695	0.00219	0.00901	0.00630	0.00322	0.00900
35	0.00834	0.00595	0.00794	0.00953	0.00992	0.00556	0.00635	0.00953	0.01310	0.01746	0.03771	0.75510	0.04525	0.02143	0.00873	0.00278	0.00397	0.01945	0.00635	0.00556
36	0.03624	0.01164	0.01174	0.01054	0.01320	0.07200	0.00811	0.10142	0.08693	0.02724	0.37450	0.04218	0.15232	0.01253	0.00754	0.00215	0.00486	0.01054	0.00676	0.00757
37	0.77835	0.01396	0.01041	0.00932	0.01353	0.04241	0.00763	0.02038	0.01194	0.03017	0.00957	0.01116	0.00746	0.00638	0.00431	0.00210	0.00556	0.00373	0.00421	0.00743
38	0.00995	0.00755	0.01116	0.01107	0.01219	0.00887	0.00857	0.01225	0.01093	0.01579	0.01816	0.02728	0.01718	0.08109	0.67887	0.01054	0.04142	0.00740	0.00366	0.00607
39	0.04123	0.34648	0.07811	0.01610	0.06444	0.19243	0.01363	0.07613	0.01652	0.01965	0.01110	0.01321	0.00947	0.00857	0.03704	0.00215	0.03687	0.00454	0.00348	0.00884
40	0.11556	0.01597	0.02610	0.03732	0.60007	0.01619	0.04792	0.02092	0.01511	0.02337	0.01249	0.01627	0.01039	0.00611	0.00651	0.00205	0.00792	0.00588	0.00350	0.01034

[dist]
# distance from previous block
# <min> <max>
0	2

[block]
# block no. 2 follows, 31 sequences, length 54
# corresponding to MSA columns:
# 1024-1077
name=unknown_C
#
# <colnr> <probs for GDERKNQSTAVLIFYWHMCP>
#	G	D	E	R	K	N	Q	S	T	A	V	L	I	F	Y	W	H	M	C	P
0	0.01519	0.01221	0.01428	0.01048	0.01618	0.00968	0.00837	0.05784	0.01559	0.04987	0.03516	0.03878	0.01323	0.00616	0.00545	0.00121	0.00515	0.00502	0.00456	0.67559
1	0.02632	0.01229	0.01553	0.01251	0.01730	0.01178	0.01014	0.03343	0.20197	0.51293	0.05110	0.02485	0.01964	0.00888	0.00694	0.00217	0.00562	0.00730	0.00803	0.01125
2	0.01607	0.01259	0.01511	0.01378	0.03970	0.01358	0.03553	0.04635	0.39233	0.07781	0.20198	0.03231	0.05219	0.01040	0.00730	0.00225	0.00521	0.00897	0.00694	0.00958
3	0.00834	0.00595	0.00794	0.00953	0.00992	0.00556	0.00635	0.00953	0.01310	0.01746	0.03771	0.75510	0.04525	0.02143	0.00873	0.00278	0.00397	0.01945	0.00635	0.00556
4	0.01542	0.01871	0.08467	0.02681	0.03348	0.01636	0.59721	0.02101	0.01581	0.02158	0.01545	0.07119	0.01277	0.00694	0.00801	0.00233	0.01089	0.00869	0.00363	0.00902
5	0.00963	0.00699	0.00907	0.00855	0.01019	0.00643	0.00641	0.01281	0.01924	0.02714	0.69213	0.05159	0.08589	0.01410	0.00807	0.00216	0.00324	0.01244	0.00749	0.00643
6	0.00992	0.00673	0.00797	0.00797	0.00814	0.00691	0.00478	0.01027	0.01010	0.01364	0.02109	0.04221	0.02376	0.65823	0.13464	0.00726	0.00831	0.00957	0.00408	0.00443
7	0.00809	0.00693	0.00693	0.00693	0.00924	0.00578	0.00520	0.00982	0.01559	0.01848	0.06931	0.06584	0.71411	0.01733	0.00809	0.00231	0.00347	0.01444	0.00635	0.00578
8	0.80789	0.01323	0.01006	0.00900	0.01323	0.01535	0.00741	0.02011	0.01164	0.03070	0.00953	0.01111	0.00741	0.00635	0.00423	0.00212	0.00529	0.00370	0.00423	0.00741
9	0.01836	0.01647	0.01615	0.01435	0.01831	0.07537	0.01118	0.08295	0.60052	0.02870	0.02562	0.02380	0.01924	0.00902	0.00689	0.00226	0.00613	0.00735	0.00667	0.01065
10	0.01829	0.76368	0.03585	0.01171	0.01756	0.02707	0.01171	0.02049	0.01390	0.01610	0.00951	0.01097	0.00878	0.00585	0.00439	0.00146	0.00732	0.00366	0.00293	0.00878
11	0.01052	0.00858	0.01215	0.01109	0.01327	0.00810	0.07492	0.03856	0.04001	0.02267	0.25182	0.24195	0.18713	0.01569	0.00822	0.00241	0.00464	0.03513	0.00647	0.00668
12	0.80789	0.01323	0.01006	0.00900	0.01323	0.01535	0.00741	0.02011	0.01164	0.03070	0.00953	0.01111	0.00741	0.00635	0.00423	0.00212	0.00529	0.00370	0.00423	0.00741
13	0.01347	0.01272	0.02151	0.64703	0.13891	0.01534	0.01927	0.01796	0.01394	0.01815	0.01226	0.01806	0.00936	0.00674	0.00683	0.00225	0.00898	0.00608	0.00309	0.00804
14	0.01070	0.00753	0.00967	0.00879	0.01088	0.00675	0.00666	0.01385	0.01887	0.05163	0.61585	0.04796	0.08150	0.01326	0.00781	0.00207	0.00346	0.01165	0.00727	0.06383
15	0.02613	0.01259	0.01653	0.01304	0.01786	0.01196	0.03382	0.10642	0.09451	0.47884	0.06913	0.04790	0.02045	0.00920	0.00706	0.00216	0.00595	0.00768	0.00782	0.01095
16	0.01419	0.01216	0.01419	0.01013	0.01621	0.00912	0.00811	0.01723	0.01419	0.02229	0.01216	0.01419	0.01013	0.00507	0.00507	0.00101	0.00507	0.00405	0.00405	0.80139
17	0.01497	0.01497	0.02095	0.01796	0.01796	0.02095	0.01497	0.01646	0.01048	0.01646	0.00898	0.01497	0.00898	0.01197	0.02245	0.00299	0.74704	0.00599	0.00299	0.00748
18	0.01057	0.00773	0.01040	0.01173	0.01342	0.00755	0.01013	0.01351	0.01573	0.02017	0.04129	0.07544	0.14271	0.01866	0.00924	0.00302	0.00587	0.57031	0.00631	0.00622
19	0.00995	0.00663	0.00746	0.00746	0.00746	0.00663	0.00415	0.00995	0.00995	0.01327	0.02156	0.04477	0.02487	0.75957	0.03482	0.00663	0.00663	0.00995	0.00415	0.00415
20	0.00977	0.00733	0.01100	0.01100	0.01222	0.00855	0.00855	0.01222	0.01100	0.01588	0.01833	0.02688	0.01710	0.05131	0.73245	0.01100	0.01833	0.00733	0.00367	0.00611
21	0.01615	0.01845	0.04037	0.02884	0.03576	0.01730	0.69204	0.02191	0.01615	0.02191	0.01384	0.01845	0.01038	0.00577	0.00807	0.00231	0.01153	0.00807	0.00346	0.00923
22	0.03070	0.01164	0.01588	0.01217	0.01746	0.01006	0.01006	0.03334	0.01958	0.72163	0.02699	0.02329	0.01694	0.00847	0.00688	0.00212	0.00582	0.00688	0.00847	0.01164
23	0.01275	0.00638	0.00638	0.00638	0.00797	0.00638	0.00478	0.01594	0.01435	0.02551	0.02232	0.02551	0.01754	0.00797	0.00478	0.00159	0.00319	0.00638	0.79755	0.00638
24	0.01491	0.01419	0.02412	0.39491	0.37976	0.01572	0.01999	0.01923	0.01462	0.01990	0.01251	0.01759	0.00997	0.00647	0.00681	0.00216	0.00863	0.00609	0.00321	0.00921
25	0.00968	0.00699	0.00914	0.00861	0.01022	0.00646	0.00646	0.01291	0.01937	0.02743	0.71328	0.05110	0.06455	0.01399	0.00807	0.00215	0.00323	0.01237	0.00753	0.00646
26	0.02702	0.01754	0.01952	0.01497	0.02040	0.01880	0.01237	0.55104	0.02944	0.19000	0.01871	0.01791	0.01278	0.00827	0.00685	0.00207	0.00716	0.00632	0.00720	0.01164
27	0.80789	0.01323	0.01006	0.00900	0.01323	0.01535	0.00741	0.02011	0.01164	0.03070	0.00953	0.01111	0.00741	0.00635	0.00423	0.00212	0.00529	0.00370	0.00423	0.00741
28	0.01693	0.01626	0.02777	0.04199	0.71689	0.01626	0.02100	0.02100	0.01558	0.02235	0.01287	0.01693	0.01084	0.00610	0.00677	0.00203	0.00813	0.00610	0.00339	0.01084
29	0.02556	0.03261	0.01939	0.01763	0.02115	0.73210	0.01322	0.02732	0.01939	0.01674	0.01058	0.01234	0.00881	0.00705	0.00617	0.00176	0.01234	0.00441	0.00353	0.00793
30	0.02601	0.01916	0.02053	0.01574	0.02122	0.02122	0.01300	0.69408	0.03217	0.04312	0.01643	0.01643	0.01163	0.00821	0.00684	0.00205	0.00753	0.00616	0.00684	0.01163
31	0.01702	0.01470	0.01547	0.01392	0.01779	0.01702	0.01083	0.03635	0.70453	0.02862	0.02785	0.02553	0.02088	0.00928	0.00696	0.00232	0.00541	0.00773	0.00696	0.01083
32	0.01466	0.01340	0.01893	0.01365	0.01978	0.01093	0.13068	0.01890	0.04480	0.02250	0.01315	0.01545	0.01065	0.00538	0.00569	0.00130	0.00624	0.00493	0.00407	0.62490
33	0.01275	0.00638	0.00638	0.00638	0.00797	0.00638	0.00478	0.01594	0.01435	0.02551	0.02232	0.02551	0.01754	0.00797	0.00478	0.00159	0.00319	0.00638	0.79755	0.00638
34	0.01469	0.01480	0.01311	0.03999	0.03893	0.19670	0.00956	0.03999	0.04206	0.02214	0.24511	0.08784	0.14936	0.01261	0.00752	0.00217	0.00645	0.04400	0.00580	0.00717
35	0.01372	0.03539	0.72412	0.01950	0.02961	0.01589	0.02528	0.02167	0.01444	0.02167	0.01228	0.01444	0.00867	0.00650	0.00650	0.00217	0.01011	0.00506	0.00289	0.01011
36	0.01402	0.01308	0.02191	0.39476	0.29529	0.01457	0.01831	0.01817	0.01484	0.02012	0.07020	0.04503	0.01547	0.00763	0.00698	0.00219	0.00810	0.00704	0.00365	0.00866
37	0.01630	0.01558	0.02627	0.03947	0.66596	0.01550	0.01986	0.02019	0.01558	0.02207	0.01693	0.02045	0.06145	0.00690	0.00687	0.00205	0.00779	0.00670	0.00360	0.01047
38	0.00915	0.00881	0.05900	0.00892	0.01119	0.00672	0.00731	0.01180	0.01654	0.02199	0.30821	0.17564	0.29770	0.01598	0.00808	0.00232	0.00393	0.01384	0.00656	0.00631
39	0.01698	0.55539	0.23269	0.01394	0.02101	0.02387	0.01559	0.02082	0.01406	0.01769	0.01030	0.01197	0.00875	0.00604	0.00499	0.00166	0.00812	0.00406	0.00292	0.00916
40	0.80789	0.01323	0.01006	0.00900	0.01323	0.01535	0.00741	0.02011	0.01164	0.03070	0.00953	0.01111	0.00741	0.00635	0.00423	0.00212	0.00529	0.00370	0.00423	0.00741
41	0.01702	0.01470	0.01547	0.01392	0.01779	0.01702	0.01083	0.03635	0.70453	0.02862	0.02785	0.02553	0.02088	0.00928	0.00696	0.00232	0.00541	0.00773	0.00696	0.01083
42	0.01023	0.00783	0.01008	0.01137	0.06166	0.00731	0.00819	0.01300	0.01658	0.02217	0.22878	0.05874	0.26419	0.01543	0.00814	0.00242	0.00447	0.18617	0.05674	0.00650
43	0.00942	0.00690	0.00897	0.00874	0.01025	0.00646	0.00649	0.01226	0.01780	0.02484	0.54051	0.12399	0.11186	0.01772	0.06027	0.00287	0.00441	0.01292	0.00703	0.00628
44	0.00809	0.00693	0.00693	0.00693	0.00924	0.00578	0.00520	0.00982	0.01559	0.01848	0.06931	0.06584	0.71411	0.01733	0.00809	0.00231	0.00347	0.01444	0.00635	0.00578
45	0.01372	0.03539	0.72412	0.01950	0.02961	0.01589	0.02528	0.02167	0.01444	0.02167	0.01228	0.01444	0.00867	0.00650	0.00650	0.00217	0.01011	0.00506	0.00289	0.01011
46	0.00888	0.00683	0.00812	0.00808	0.00980	0.00607	0.00595	0.01124	0.01704	0.02258	0.36992	0.15318	0.31500	0.01631	0.00817	0.00230	0.00342	0.01415	0.00691	0.00607
47	0.01684	0.46295	0.20014	0.01649	0.02354	0.02274	0.13152	0.02101	0.01442	0.01842	0.01091	0.01308	0.00903	0.00599	0.00552	0.00177	0.00870	0.00475	0.00301	0.00917
48	0.00972	0.00692	0.00872	0.00963	0.01051	0.00670	0.00711	0.01125	0.01328	0.01728	0.03564	0.23026	0.11021	0.25002	0.01703	0.00405	0.00553	0.23511	0.00565	0.00539
49	0.01730	0.39562	0.10118	0.02446	0.29530	0.02168	0.01673	0.02081	0.01462	0.01912	0.01111	0.01368	0.00958	0.00601	0.00554	0.00176	0.00792	0.00476	0.00310	0.00973
50	0.01419	0.01216	0.01419	0.01013	0.01621	0.00912	0.00811	0.01723	0.01419	0.02229	0.01216	0.01419	0.01013	0.00507	0.00507	0.00101	0.00507	0.00405	0.00405	0.80139
51	0.04267	0.04516	0.27512	0.01546	0.02233	0.01525	0.01610	0.16821	0.03735	0.23960	0.01877	0.04342	0.01337	0.00803	0.00665	0.00213	0.00771	0.00634	0.00569	0.01065
52	0.04331	0.01927	0.02509	0.03236	0.44209	0.14918	0.05776	0.04350	0.07881	0.02272	0.01385	0.01675	0.01126	0.00661	0.00668	0.00203	0.00876	0.00598	0.00387	0.01012
53	0.01830	0.49492	0.18859	0.01431	0.02079	0.12547	0.01498	0.02173	0.01481	0.01744	0.01029	0.01195	0.00876	0.00617	0.00512	0.00166	0.00866	0.00408	0.00300	0.00896

[dist]
# distance from previous block
# <min> <max>
0	2

[block]
# block no. 3 follows, 31 sequences, length 24
# corresponding to MSA columns:
# 1080-1103
name=unknown_D
#
# <colnr> <probs for GDERKNQSTAVLIFYWHMCP>
#	G	D	E	R	K	N	Q	S	T	A	V	L	I	F	Y	W	H	M	C	P
0	0.01138	0.00743	0.00934	0.00861	0.01072	0.00666	0.00655	0.01425	0.01862	0.09234	0.51694	0.05141	0.19149	0.01413	0.00796	0.00218	0.00353	0.01226	0.00738	0.00682
1	0.01585	0.01348	0.01446	0.01315	0.01663	0.01537	0.01016	0.03265	0.60000	0.02804	0.10507	0.05765	0.02676	0.01030	0.00716	0.00232	0.00511	0.00872	0.00700	0.01013
2	0.01275	0.00638	0.00638	0.00638	0.00797	0.00638	0.00478	0.01594	0.01435	0.02551	0.02232	0.02551	0.01754	0.00797	0.00478	0.00159	0.00319	0.00638	0.79755	0.00638
3	0.01829	0.76368	0.03585	0.01171	0.01756	0.02707	0.01171	0.02049	0.01390	0.01610	0.00951	0.01097	0.00878	0.00585	0.00439	0.00146	0.00732	0.00366	0.00293	0.00878
4	0.01275	0.00638	0.00638	0.00638	0.00797	0.00638	0.00478	0.01594	0.01435	0.02551	0.02232	0.02551	0.01754	0.00797	0.00478	0.00159	0.00319	0.00638	0.79755	0.00638
5	0.00968	0.00699	0.00914	0.00861	0.01022	0.00646	0.00646	0.01291	0.01937	0.02743	0.71328	0.05110	0.06455	0.01399	0.00807	0.00215	0.00323	0.01237	0.00753	0.00646
6	0.80789	0.01323	0.01006	0.00900	0.01323	0.01535	0.00741	0.02011	0.01164	0.03070	0.00953	0.01111	0.00741	0.00635	0.00423	0.00212	0.00529	0.00370	0.00423	0.00741
7	0.00809	0.00693	0.00693	0.00693	0.00924	0.00578	0.00520	0.00982	0.01559	0.01848	0.06931	0.06584	0.71411	0.01733	0.00809	0.00231	0.00347	0.01444	0.00635	0.00578
8	0.00834	0.00595	0.00794	0.00953	0.00992	0.00556	0.00635	0.00953	0.01310	0.01746	0.03771	0.75510	0.04525	0.02143	0.00873	0.00278	0.00397	0.01945	0.00635	0.00556
9	0.01693	0.01626	0.02777	0.04199	0.71689	0.01626	0.02100	0.02100	0.01558	0.02235	0.01287	0.01693	0.01084	0.00610	0.00677	0.00203	0.00813	0.00610	0.00339	0.01084
10	0.01372	0.03539	0.72412	0.01950	0.02961	0.01589	0.02528	0.02167	0.01444	0.02167	0.01228	0.01444	0.00867	0.00650	0.00650	0.00217	0.01011	0.00506	0.00289	0.01011
11	0.01292	0.01216	0.02052	0.74312	0.04712	0.01520	0.01900	0.01748	0.01368	0.01748	0.01216	0.01824	0.00912	0.00684	0.00684	0.00228	0.00912	0.00608	0.00304	0.00760
12	0.02556	0.03261	0.01939	0.01763	0.02115	0.73210	0.01322	0.02732	0.01939	0.01674	0.01058	0.01234	0.00881	0.00705	0.00617	0.00176	0.01234	0.00441	0.00353	0.00793
13	0.00968	0.00699	0.00914	0.00861	0.01022	0.00646	0.00646	0.01291	0.01937	0.02743	0.71328	0.05110	0.06455	0.01399	0.00807	0.00215	0.00323	0.01237	0.00753	0.00646
14	0.01829	0.76368	0.03585	0.01171	0.01756	0.02707	0.01171	0.02049	0.01390	0.01610	0.00951	0.01097	0.00878	0.00585	0.00439	0.00146	0.00732	0.00366	0.00293	0.00878
15	0.00968	0.00699	0.00914	0.00861	0.01022	0.00646	0.00646	0.01291	0.01937	0.02743	0.71328	0.05110	0.06455	0.01399	0.00807	0.00215	0.00323	0.01237	0.00753	0.00646
16	0.01372	0.03539	0.72412	0.01950	0.02961	0.01589	0.02528	0.02167	0.01444	0.02167	0.01228	0.01444	0.00867	0.00650	0.00650	0.00217	0.01011	0.00506	0.00289	0.01011
17	0.01471	0.01459	0.02046	0.01761	0.01767	0.02034	0.01465	0.01625	0.01050	0.01644	0.00945	0.01556	0.00939	0.01394	0.05786	0.00339	0.71070	0.00605	0.00303	0.00742
18	0.01292	0.01216	0.02052	0.74312	0.04712	0.01520	0.01900	0.01748	0.01368	0.01748	0.01216	0.01824	0.00912	0.00684	0.00684	0.00228	0.00912	0.00608	0.00304	0.00760
19	0.00977	0.00656	0.00752	0.00769	0.00774	0.00651	0.00439	0.00990	0.01030	0.01374	0.02337	0.12439	0.02716	0.67683	0.03190	0.00620	0.00633	0.01101	0.00439	0.00430
20	0.15820	0.01235	0.01344	0.00993	0.01567	0.01025	0.00798	0.01775	0.01373	0.02382	0.01168	0.01363	0.00964	0.00530	0.00492	0.00121	0.00511	0.00399	0.00409	0.65732
21	0.01626	0.21409	0.27327	0.02193	0.10420	0.04674	0.16430	0.02139	0.01486	0.02002	0.01180	0.01464	0.00932	0.00633	0.00685	0.00201	0.03391	0.00547	0.00311	0.00949
22	0.01707	0.02551	0.29726	0.02095	0.02742	0.09700	0.19457	0.02228	0.01512	0.06883	0.01295	0.01595	0.00976	0.00745	0.00964	0.00230	0.13708	0.00605	0.00351	0.00929
23	0.04589	0.01390	0.01524	0.01317	0.01671	0.09223	0.03586	0.11832	0.07607	0.22586	0.02592	0.24307	0.02365	0.01211	0.00733	0.00229	0.00640	0.01034	0.00659	0.00908

[dist]
# distance from previous block
# <min> <max>
0	8

[block]
# block no. 4 follows, 31 sequences, length 82
# corresponding to MSA columns:
# 1112-1193
name=unknown_E
#
# <colnr> <probs for GDERKNQSTAVLIFYWHMCP>
#	G	D	E	R	K	N	Q	S	T	A	V	L	I	F	Y	W	H	M	C	P
0	0.14021	0.01413	0.02135	0.01631	0.02142	0.01393	0.19553	0.07968	0.07361	0.24681	0.08869	0.02255	0.01837	0.00801	0.00693	0.00218	0.00714	0.00729	0.00612	0.00976
1	0.28989	0.01533	0.01729	0.01391	0.01869	0.05706	0.09554	0.09439	0.10826	0.13011	0.01680	0.03745	0.01272	0.00755	0.00603	0.00209	0.00677	0.00602	0.00540	0.05870
2	0.01354	0.01279	0.02164	0.63499	0.15041	0.01536	0.01931	0.01802	0.01397	0.01823	0.01227	0.01804	0.00938	0.00673	0.00683	0.00224	0.00897	0.00608	0.00309	0.00810
3	0.10067	0.02210	0.01852	0.01534	0.01996	0.24631	0.01220	0.32977	0.07206	0.07487	0.01535	0.01567	0.01130	0.00775	0.00639	0.00199	0.00859	0.00552	0.00564	0.00999
4	0.01673	0.01605	0.02740	0.07734	0.68313	0.01620	0.02090	0.02082	0.01548	0.02211	0.01283	0.01700	0.01075	0.00613	0.00678	0.00204	0.00818	0.00609	0.00337	0.01067
5	0.01693	0.01626	0.02777	0.04199	0.71689	0.01626	0.02100	0.02100	0.01558	0.02235	0.01287	0.01693	0.01084	0.00610	0.00677	0.00203	0.00813	0.00610	0.00339	0.01084
6	0.01693	0.01626	0.02777	0.04199	0.71689	0.01626	0.02100	0.02100	0.01558	0.02235	0.01287	0.01693	0.01084	0.00610	0.00677	0.00203	0.00813	0.00610	0.00339	0.01084
7	0.02601	0.01916	0.02053	0.01574	0.02122	0.02122	0.01300	0.69408	0.03217	0.04312	0.01643	0.01643	0.01163	0.00821	0.00684	0.00205	0.00753	0.00616	0.00684	0.01163
8	0.01702	0.01470	0.01547	0.01392	0.01779	0.01702	0.01083	0.03635	0.70453	0.02862	0.02785	0.02553	0.02088	0.00928	0.00696	0.00232	0.00541	0.00773	0.00696	0.01083
9	0.01345	0.01270	0.02148	0.65043	0.13567	0.01534	0.01926	0.01794	0.01393	0.01812	0.01225	0.01807	0.00935	0.00674	0.00683	0.00225	0.00899	0.00608	0.00309	0.00803
10	0.01275	0.00638	0.00638	0.00638	0.00797	0.00638	0.00478	0.01594	0.01435	0.02551	0.02232	0.02551	0.01754	0.00797	0.00478	0.00159	0.00319	0.00638	0.79755	0.00638
11	0.01292	0.01216	0.02052	0.74312	0.04712	0.01520	0.01900	0.01748	0.01368	0.01748	0.01216	0.01824	0.00912	0.00684	0.00684	0.00228	0.00912	0.00608	0.00304	0.00760
12	0.01102	0.00787	0.01102	0.01260	0.01417	0.00787	0.01102	0.01417	0.01575	0.02047	0.03622	0.07717	0.03937	0.01890	0.00945	0.00315	0.00630	0.67084	0.00630	0.00630
13	0.00934	0.00698	0.00867	0.00825	0.01001	0.00631	0.00618	0.01224	0.01855	0.02550	0.57429	0.05428	0.20475	0.01471	0.00807	0.00219	0.00328	0.01282	0.00728	0.00631
14	0.00995	0.00663	0.00746	0.00746	0.00746	0.00663	0.00415	0.00995	0.00995	0.01327	0.02156	0.04477	0.02487	0.75957	0.03482	0.00663	0.00663	0.00995	0.00415	0.00415
15	0.01312	0.01237	0.02089	0.70778	0.08088	0.01525	0.01910	0.01766	0.01378	0.01773	0.01220	0.01817	0.00921	0.00680	0.00684	0.00227	0.00907	0.00608	0.00306	0.00776
16	0.01840	0.01439	0.01551	0.01375	0.01776	0.01631	0.01075	0.03605	0.63506	0.09890	0.02776	0.02530	0.02048	0.00920	0.00695	0.00230	0.00546	0.00765	0.00711	0.01091
17	0.01862	0.05512	0.05571	0.03735	0.11665	0.08782	0.11841	0.04655	0.29448	0.06801	0.01960	0.02018	0.01478	0.00765	0.00687	0.00215	0.00789	0.00678	0.00521	0.01016
18	0.00825	0.00669	0.00732	0.00769	0.00947	0.00576	0.00557	0.00994	0.01520	0.01879	0.10187	0.23787	0.50543	0.01815	0.00825	0.00242	0.00358	0.01557	0.00643	0.00576
19	0.01679	0.01549	0.01542	0.01477	0.04676	0.08711	0.01088	0.03146	0.51644	0.02623	0.06128	0.06056	0.04683	0.01000	0.00705	0.00227	0.00598	0.00834	0.00644	0.00990
20	0.04612	0.08883	0.09022	0.06968	0.02013	0.07843	0.01424	0.01747	0.01264	0.01776	0.01407	0.12570	0.01432	0.01124	0.01380	0.00254	0.34415	0.00748	0.00358	0.00763
21	0.01905	0.30095	0.09489	0.01286	0.01896	0.01882	0.01222	0.11092	0.06263	0.09123	0.01421	0.01492	0.01104	0.00653	0.00549	0.00163	0.00685	0.00480	0.00450	0.18747
22	0.02005	0.50232	0.02976	0.01324	0.01850	0.13355	0.01198	0.09038	0.08569	0.02015	0.01220	0.01318	0.01028	0.00662	0.00516	0.00165	0.00792	0.00443	0.00381	0.00914
23	0.70782	0.08887	0.01289	0.00950	0.01388	0.03580	0.00800	0.02034	0.01208	0.02886	0.00955	0.01113	0.00758	0.00632	0.00430	0.00204	0.00568	0.00372	0.00408	0.00756
24	0.01816	0.01425	0.01777	0.05057	0.02009	0.01555	0.07676	0.14412	0.33296	0.07440	0.04661	0.02558	0.03601	0.04768	0.00844	0.00244	0.00642	0.00772	0.04461	0.00988
25	0.01686	0.01449	0.04197	0.01447	0.01888	0.01450	0.07486	0.09433	0.32761	0.06212	0.10031	0.04935	0.02342	0.00946	0.00709	0.00216	0.00609	0.02661	0.00629	0.08912
26	0.01380	0.03481	0.70088	0.01982	0.02982	0.01594	0.04794	0.02167	0.01450	0.02167	0.01233	0.01458	0.00872	0.00647	0.00655	0.00217	0.01016	0.00516	0.00291	0.01008
27	0.01517	0.01274	0.01377	0.01267	0.01596	0.01433	0.00986	0.03004	0.52853	0.02664	0.08680	0.03371	0.08149	0.01138	0.00798	0.03033	0.00515	0.04715	0.00678	0.00952
28	0.00834	0.00595	0.00794	0.00953	0.00992	0.00556	0.00635	0.00953	0.01310	0.01746	0.03771	0.75510	0.04525	0.02143	0.00873	0.00278	0.00397	0.01945	0.00635	0.00556
29	0.01615	0.01845	0.04037	0.02884	0.03576	0.01730	0.69204	0.02191	0.01615	0.02191	0.01384	0.01845	0.01038	0.00577	0.00807	0.00231	0.01153	0.00807	0.00346	0.00923
30	0.01052	0.00768	0.00933	0.00874	0.01078	0.00718	0.00661	0.01456	0.06784	0.04733	0.50235	0.05160	0.20125	0.01420	0.00796	0.00220	0.00352	0.01232	0.00726	0.00678
31	0.01383	0.00837	0.00856	0.00810	0.01028	0.00881	0.00619	0.04597	0.13672	0.02645	0.02505	0.02686	0.04746	0.00861	0.00539	0.00177	0.00376	0.00695	0.59353	0.00734
32	0.02601	0.01916	0.02053	0.01574	0.02122	0.02122	0.01300	0.69408	0.03217	0.04312	0.01643	0.01643	0.01163	0.00821	0.00684	0.00205	0.00753	0.00616	0.00684	0.01163
33	0.01848	0.02126	0.03022	0.02319	0.02809	0.19951	0.36945	0.02400	0.08242	0.02056	0.01375	0.01714	0.01082	0.00721	0.00928	0.00226	0.10293	0.00685	0.00375	0.00883
34	0.01487	0.01369	0.01963	0.01431	0.02034	0.01157	0.14712	0.02009	0.08368	0.02285	0.01407	0.01619	0.01126	0.00563	0.00587	0.00141	0.00641	0.00524	0.00422	0.56156
35	0.00809	0.00693	0.00693	0.00693	0.00924	0.00578	0.00520	0.00982	0.01559	0.01848	0.06931	0.06584	0.71411	0.01733	0.00809	0.00231	0.00347	0.01444	0.00635	0.00578
36	0.01165	0.00813	0.00963	0.00890	0.01127	0.00759	0.00679	0.01597	0.08675	0.08246	0.38094	0.05096	0.26462	0.01413	0.00786	0.00222	0.00374	0.01211	0.00717	0.00711
37	0.01275	0.00638	0.00638	0.00638	0.00797	0.00638	0.00478	0.01594	0.01435	0.02551	0.02232	0.02551	0.01754	0.00797	0.00478	0.00159	0.00319	0.00638	0.79755	0.00638
38	0.01702	0.01470	0.01547	0.01392	0.01779	0.01702	0.01083	0.03635	0.70453	0.02862	0.02785	0.02553	0.02088	0.00928	0.00696	0.00232	0.00541	0.00773	0.00696	0.01083
39	0.01615	0.01845	0.04037	0.02884	0.03576	0.01730	0.69204	0.02191	0.01615	0.02191	0.01384	0.01845	0.01038	0.00577	0.00807	0.00231	0.01153	0.00807	0.00346	0.00923
40	0.01419	0.01216	0.01419	0.01013	0.01621	0.00912	0.00811	0.01723	0.01419	0.02229	0.01216	0.01419	0.01013	0.00507	0.00507	0.00101	0.00507	0.00405	0.00405	0.80139
41	0.01419	0.01216	0.01419	0.01013	0.01621	0.00912	0.00811	0.01723	0.01419	0.02229	0.01216	0.01419	0.01013	0.00507	0.00507	0.00101	0.00507	0.00405	0.00405	0.80139
42	0.80789	0.01323	0.01006	0.00900	0.01323	0.01535	0.00741	0.02011	0.01164	0.03070	0.00953	0.01111	0.00741	0.00635	0.00423	0.00212	0.00529	0.00370	0.00423	0.00741
43	0.00938	0.00737	0.00853	0.00817	0.01020	0.00671	0.00615	0.01281	0.05320	0.02369	0.40417	0.05604	0.33833	0.01516	0.00802	0.00223	0.00344	0.01301	0.00700	0.00639
44	0.01419	0.01216	0.01419	0.01013	0.01621	0.00912	0.00811	0.01723	0.01419	0.02229	0.01216	0.01419	0.01013	0.00507	0.00507	0.00101	0.00507	0.00405	0.00405	0.80139
45	0.01372	0.03539	0.72412	0.01950	0.02961	0.01589	0.02528	0.02167	0.01444	0.02167	0.01228	0.01444	0.00867	0.00650	0.00650	0.00217	0.01011	0.00506	0.00289	0.01011
46	0.00824	0.00694	0.00714	0.00709	0.00933	0.00584	0.00532	0.01012	0.01596	0.01934	0.13119	0.06442	0.65169	0.01701	0.00808	0.00229	0.00344	0.01424	0.00647	0.00584
47	0.01378	0.00751	0.00772	0.00735	0.00924	0.00768	0.00559	0.07694	0.01591	0.02678	0.02239	0.05340	0.01809	0.00852	0.00512	0.00168	0.00361	0.00687	0.69499	0.00682
48	0.01655	0.01586	0.02707	0.10937	0.65253	0.01615	0.02080	0.02066	0.01540	0.02188	0.01280	0.01706	0.01067	0.00617	0.00678	0.00206	0.00822	0.00609	0.00335	0.01053
49	0.01693	0.01626	0.02777	0.04199	0.71689	0.01626	0.02100	0.02100	0.01558	0.02235	0.01287	0.01693	0.01084	0.00610	0.00677	0.00203	0.00813	0.00610	0.00339	0.01084
50	0.02601	0.01916	0.02053	0.01574	0.02122	0.02122	0.01300	0.69408	0.03217	0.04312	0.01643	0.01643	0.01163	0.00821	0.00684	0.00205	0.00753	0.00616	0.00684	0.01163
51	0.00834	0.00595	0.00794	0.00953	0.00992	0.00556	0.00635	0.00953	0.01310	0.01746	0.03771	0.75510	0.04525	0.02143	0.00873	0.00278	0.00397	0.01945	0.00635	0.00556
52	0.01800	0.05630	0.05078	0.01379	0.01782	0.12624	0.01133	0.12153	0.29910	0.02726	0.13216	0.02656	0.05070	0.00954	0.00689	0.00212	0.00668	0.00766	0.00608	0.00946
53	0.08197	0.01828	0.01938	0.01505	0.02036	0.02023	0.01240	0.59256	0.06281	0.06331	0.01682	0.01670	0.01195	0.00814	0.00666	0.00207	0.00721	0.00608	0.00671	0.01129
54	0.01275	0.00638	0.00638	0.00638	0.00797	0.00638	0.00478	0.01594	0.01435	0.02551	0.02232	0.02551	0.01754	0.00797	0.00478	0.00159	0.00319	0.00638	0.79755	0.00638
55	0.04939	0.01381	0.01478	0.01091	0.01673	0.04773	0.00873	0.07101	0.01576	0.02400	0.01230	0.01414	0.01007	0.00547	0.00523	0.00118	0.00565	0.00422	0.00425	0.66464
56	0.01722	0.00856	0.01061	0.00919	0.01198	0.00798	0.00720	0.04356	0.01832	0.22612	0.27852	0.03400	0.03451	0.01034	0.00667	0.00197	0.00411	0.00873	0.25232	0.00810
57	0.05141	0.13248	0.09114	0.03600	0.01983	0.01845	0.01268	0.14228	0.32677	0.02764	0.02074	0.05750	0.01653	0.00872	0.00647	0.00214	0.00658	0.00695	0.00564	0.01006
58	0.80789	0.01323	0.01006	0.00900	0.01323	0.01535	0.00741	0.02011	0.01164	0.03070	0.00953	0.01111	0.00741	0.00635	0.00423	0.00212	0.00529	0.00370	0.00423	0.00741
59	0.76845	0.01421	0.01053	0.00943	0.01363	0.05148	0.00770	0.02047	0.01203	0.02999	0.00958	0.01118	0.00748	0.00639	0.00433	0.00210	0.00565	0.00374	0.00420	0.00744
60	0.01114	0.00849	0.01272	0.01438	0.08311	0.00818	0.05036	0.01393	0.04874	0.04877	0.03276	0.54823	0.03706	0.01770	0.00835	0.00263	0.00507	0.03550	0.00600	0.00686
61	0.01372	0.03539	0.72412	0.01950	0.02961	0.01589	0.02528	0.02167	0.01444	0.02167	0.01228	0.01444	0.00867	0.00650	0.00650	0.00217	0.01011	0.00506	0.00289	0.01011
62	0.00834	0.00595	0.00794	0.00953	0.00992	0.00556	0.00635	0.00953	0.01310	0.01746	0.03771	0.75510	0.04525	0.02143	0.00873	0.00278	0.00397	0.01945	0.00635	0.00556
63	0.00987	0.00671	0.00778	0.00778	0.00798	0.00679	0.00460	0.01016	0.01024	0.01369	0.02287	0.04377	0.04755	0.66627	0.10095	0.00690	0.00765	0.00985	0.00417	0.00439
64	0.00833	0.00685	0.00734	0.00742	0.00944	0.00585	0.00549	0.01022	0.01588	0.01964	0.15668	0.13001	0.55864	0.01725	0.00815	0.00233	0.00348	0.01463	0.00652	0.00585
65	0.00829	0.00635	0.00760	0.00853	0.00968	0.00567	0.00592	0.00975	0.01423	0.01817	0.07141	0.47443	0.29611	0.01966	0.00847	0.00258	0.00376	0.01735	0.00639	0.00567
66	0.80789	0.01323	0.01006	0.00900	0.01323	0.01535	0.00741	0.02011	0.01164	0.03070	0.00953	0.01111	0.00741	0.00635	0.00423	0.00212	0.00529	0.00370	0.00423	0.00741
67	0.01693	0.01626	0.02777	0.04199	0.71689	0.01626	0.02100	0.02100	0.01558	0.02235	0.01287	0.01693	0.01084	0.00610	0.00677	0.00203	0.00813	0.00610	0.00339	0.01084
68	0.02556	0.03261	0.01939	0.01763	0.02115	0.73210	0.01322	0.02732	0.01939	0.01674	0.01058	0.01234	0.00881	0.00705	0.00617	0.00176	0.01234	0.00441	0.00353	0.00793
69	0.00995	0.00663	0.00746	0.00746	0.00746	0.00663	0.00415	0.00995	0.00995	0.01327	0.02156	0.04477	0.02487	0.75957	0.03482	0.00663	0.00663	0.00995	0.00415	0.00415
70	0.00834	0.00595	0.00794	0.00953	0.00992	0.00556	0.00635	0.00953	0.01310	0.01746	0.03771	0.75510	0.04525	0.02143	0.00873	0.00278	0.00397	0.01945	0.00635	0.00556
71	0.01693	0.01626	0.02777	0.04199	0.71689	0.01626	0.02100	0.02100	0.01558	0.02235	0.01287	0.01693	0.01084	0.00610	0.00677	0.00203	0.00813	0.00610	0.00339	0.01084
72	0.01785	0.69369	0.10199	0.01246	0.01872	0.02600	0.01301	0.02060	0.01395	0.01663	0.00978	0.01131	0.00877	0.00592	0.00459	0.00153	0.00758	0.00379	0.00292	0.00891
73	0.01702	0.01470	0.01547	0.01392	0.01779	0.01702	0.01083	0.03635	0.70453	0.02862	0.02785	0.02553	0.02088	0.00928	0.00696	0.00232	0.00541	0.00773	0.00696	0.01083
74	0.01443	0.01390	0.02317	0.41858	0.22420	0.01644	0.03989	0.01842	0.01378	0.01878	0.01191	0.01739	0.00960	0.00740	0.00927	0.00232	0.12273	0.00613	0.00314	0.00851
75	0.00960	0.00702	0.00903	0.00861	0.01027	0.00645	0.00651	0.01271	0.01896	0.02652	0.64198	0.05308	0.11373	0.01440	0.00811	0.00220	0.00334	0.03368	0.00740	0.00640
76	0.01073	0.00832	0.01084	0.01119	0.04672	0.00835	0.00780	0.01514	0.08606	0.02470	0.44498	0.13283	0.06748	0.03972	0.03195	0.00269	0.02473	0.01211	0.00673	0.00693
77	0.00995	0.00663	0.00746	0.00746	0.00746	0.00663	0.00415	0.00995	0.00995	0.01327	0.02156	0.04477	0.02487	0.75957	0.03482	0.00663	0.00663	0.00995	0.00415	0.00415
78	0.01682	0.01629	0.03174	0.08803	0.03130	0.01613	0.44761	0.07592	0.01725	0.05734	0.05094	0.02040	0.01379	0.00697	0.00821	0.00226	0.03882	0.00774	0.04339	0.00904
79	0.01275	0.01695	0.18461	0.12596	0.02538	0.01295	0.12429	0.04032	0.01491	0.02060	0.05302	0.21933	0.02288	0.01172	0.00858	0.00246	0.05266	0.03827	0.00444	0.00793
80	0.16032	0.19039	0.01907	0.09425	0.05117	0.01642	0.01084	0.02058	0.12596	0.02187	0.03980	0.03954	0.03411	0.03575	0.07936	0.00302	0.00754	0.00629	0.00435	0.03936
81	0.03858	0.23471	0.08172	0.04911	0.09253	0.14508	0.07913	0.04346	0.01541	0.01918	0.01239	0.01577	0.01050	0.01328	0.11794	0.00325	0.01064	0.00533	0.00341	0.00859

[dist]
# distance from previous block
# <min> <max>
2	26

[block]
# block no. 5 follows, 31 sequences, length 31
# corresponding to MSA columns:
# 1223-1253
name=unknown_F
#
# <colnr> <probs for GDERKNQSTAVLIFYWHMCP>
#	G	D	E	R	K	N	Q	S	T	A	V	L	I	F	Y	W	H	M	C	P
0	0.01733	0.04930	0.01685	0.01479	0.09192	0.01183	0.02556	0.04195	0.09421	0.14588	0.06444	0.05476	0.06060	0.00875	0.00651	0.00183	0.00568	0.02643	0.00561	0.25576
1	0.01359	0.01067	0.01394	0.05783	0.01620	0.01189	0.01006	0.04220	0.05893	0.06127	0.08414	0.14193	0.07326	0.01655	0.08819	0.00327	0.16593	0.00941	0.02764	0.09312
2	0.01188	0.00594	0.00891	0.00891	0.00891	0.00594	0.00594	0.00891	0.00891	0.01188	0.01188	0.02080	0.01188	0.02377	0.02674	0.80095	0.00594	0.00594	0.00297	0.00297
3	0.01426	0.03426	0.67682	0.01964	0.02948	0.01613	0.04492	0.04717	0.01517	0.02249	0.01248	0.01464	0.00883	0.00654	0.00656	0.00217	0.01006	0.00519	0.00306	0.01014
4	0.01538	0.01926	0.21753	0.01926	0.05240	0.01377	0.21986	0.02057	0.01505	0.06286	0.01609	0.01922	0.01211	0.00708	0.00748	0.00210	0.05108	0.00652	0.21356	0.00882
5	0.02116	0.01487	0.06217	0.01371	0.01848	0.01385	0.04638	0.16860	0.15750	0.23108	0.02813	0.02788	0.10116	0.05272	0.00869	0.00244	0.00644	0.00794	0.00669	0.01011
6	0.00957	0.00699	0.00898	0.00849	0.01015	0.00641	0.00636	0.01269	0.01909	0.02679	0.66662	0.05217	0.11161	0.01423	0.00807	0.00216	0.00324	0.01252	0.00745	0.00641
7	0.01357	0.01127	0.01955	0.01581	0.01916	0.01082	0.21600	0.01721	0.03205	0.08507	0.15345	0.19185	0.10297	0.01288	0.00883	0.00242	0.04309	0.03060	0.00572	0.00765
8	0.01419	0.01216	0.01419	0.01013	0.01621	0.00912	0.00811	0.01723	0.01419	0.02229	0.01216	0.01419	0.01013	0.00507	0.00507	0.00101	0.00507	0.00405	0.00405	0.80139
9	0.01829	0.76368	0.03585	0.01171	0.01756	0.02707	0.01171	0.02049	0.01390	0.01610	0.00951	0.01097	0.00878	0.00585	0.00439	0.00146	0.00732	0.00366	0.00293	0.00878
10	0.01672	0.01604	0.02739	0.07848	0.68203	0.01620	0.02089	0.02081	0.01548	0.02210	0.01283	0.01700	0.01075	0.00613	0.00678	0.00204	0.00818	0.00609	0.00337	0.01067
11	0.01372	0.03539	0.72412	0.01950	0.02961	0.01589	0.02528	0.02167	0.01444	0.02167	0.01228	0.01444	0.00867	0.00650	0.00650	0.00217	0.01011	0.00506	0.00289	0.01011
12	0.01038	0.00777	0.01035	0.01005	0.01057	0.00890	0.00714	0.01158	0.01046	0.01472	0.01890	0.03403	0.01991	0.37775	0.33582	0.00816	0.08595	0.00842	0.00382	0.00533
13	0.00834	0.00595	0.00794	0.00953	0.00992	0.00556	0.00635	0.00953	0.01310	0.01746	0.03771	0.75510	0.04525	0.02143	0.00873	0.00278	0.00397	0.01945	0.00635	0.00556
14	0.01650	0.01870	0.03596	0.02640	0.03198	0.05932	0.54140	0.02133	0.01540	0.02072	0.01285	0.01753	0.01006	0.00686	0.01033	0.00239	0.13249	0.00752	0.00339	0.00887
15	0.01596	0.01786	0.03790	0.02707	0.03391	0.01653	0.62749	0.02147	0.01596	0.02195	0.01368	0.01805	0.01036	0.00570	0.00779	0.00218	0.01092	0.00769	0.00352	0.08400
16	0.01759	0.01457	0.01557	0.01365	0.01753	0.01657	0.01071	0.12940	0.53829	0.03060	0.09493	0.02677	0.02392	0.00960	0.00706	0.00226	0.00550	0.00797	0.00700	0.01051
17	0.01497	0.01497	0.02095	0.01796	0.01796	0.02095	0.01497	0.01646	0.01048	0.01646	0.00898	0.01497	0.00898	0.01197	0.02245	0.00299	0.74704	0.00599	0.00299	0.00748
18	0.00845	0.00600	0.00790	0.00937	0.00974	0.00564	0.00619	0.00956	0.01286	0.01715	0.03651	0.70244	0.04374	0.07615	0.01067	0.00306	0.00417	0.01874	0.00619	0.00545
19	0.00909	0.00697	0.00833	0.00799	0.00986	0.00620	0.00599	0.01177	0.01797	0.02412	0.47516	0.05655	0.30473	0.01522	0.00808	0.00221	0.00332	0.01314	0.00710	0.00620
20	0.01275	0.00638	0.00638	0.00638	0.00797	0.00638	0.00478	0.01594	0.01435	0.02551	0.02232	0.02551	0.01754	0.00797	0.00478	0.00159	0.00319	0.00638	0.79755	0.00638
21	0.01314	0.01044	0.01253	0.01263	0.05409	0.01107	0.00910	0.02246	0.27617	0.02706	0.33142	0.03936	0.04054	0.01166	0.00745	0.00223	0.00451	0.04786	0.05796	0.00834
