[name]
unknown

[dist]
# distance from previous block
# <min> <max>
0	22

[block]
# block no. 0 follows, 35 sequences, length 40
# corresponding to MSA columns:
# 22-61
name=unknown_A
#
# <colnr> <probs for GDERKNQSTAVLIFYWHMCP>
#	G	D	E	R	K	N	Q	S	T	A	V	L	I	F	Y	W	H	M	C	P
0	0.01841	0.03671	0.03091	0.01199	0.01682	0.01317	0.01005	0.22690	0.09296	0.11712	0.01783	0.02163	0.01426	0.00769	0.00599	0.00171	0.00577	0.07359	0.00547	0.27102
1	0.01443	0.13631	0.13307	0.01180	0.01543	0.01330	0.01098	0.03896	0.06715	0.09696	0.01973	0.10069	0.04507	0.08083	0.06172	0.00296	0.08049	0.00736	0.05516	0.00761
2	0.01180	0.00819	0.00944	0.00882	0.01063	0.00803	0.00639	0.12222	0.01596	0.05745	0.13331	0.20462	0.18633	0.17292	0.01254	0.00300	0.00460	0.01172	0.00579	0.00622
3	0.00868	0.00649	0.00778	0.00822	0.00925	0.00624	0.00570	0.01093	0.05355	0.01725	0.11298	0.31500	0.18341	0.16490	0.04113	0.00339	0.00462	0.02958	0.00555	0.00535
4	0.00972	0.00667	0.00896	0.00886	0.00979	0.00714	0.00636	0.01119	0.01060	0.04140	0.03716	0.05301	0.05568	0.28798	0.40863	0.00774	0.01156	0.00833	0.00399	0.00522
5	0.09574	0.01562	0.01451	0.01280	0.01648	0.10139	0.01002	0.10960	0.46701	0.02689	0.02089	0.01997	0.01574	0.00794	0.00604	0.00202	0.00591	0.00623	0.03584	0.00935
6	0.00770	0.00584	0.00710	0.00805	0.00901	0.00524	0.00556	0.00902	0.01306	0.01679	0.06671	0.52537	0.26075	0.01845	0.00789	0.00242	0.00351	0.01636	0.00592	0.00524
7	0.00980	0.00667	0.00762	0.00748	0.00821	0.00654	0.00473	0.01126	0.04485	0.03684	0.09618	0.08186	0.11131	0.51316	0.02366	0.00477	0.00529	0.01022	0.00474	0.00480
8	0.00908	0.00673	0.00988	0.00988	0.01090	0.00776	0.00753	0.01112	0.01010	0.01449	0.01728	0.02653	0.01656	0.11837	0.68208	0.00980	0.01594	0.00703	0.00344	0.00549
9	0.03150	0.00660	0.00765	0.00758	0.00901	0.00608	0.00535	0.01122	0.01395	0.05350	0.21129	0.16645	0.24284	0.16739	0.01234	0.00295	0.00397	0.01208	0.02275	0.00549
10	0.00884	0.00668	0.00831	0.00918	0.01026	0.00651	0.00661	0.01201	0.08489	0.01827	0.08679	0.49444	0.12194	0.01758	0.00788	0.00247	0.00392	0.08160	0.00602	0.00579
11	0.00842	0.00610	0.00755	0.00835	0.00913	0.00574	0.00584	0.00970	0.01250	0.01632	0.07173	0.36104	0.15242	0.18765	0.01346	0.00332	0.00441	0.10581	0.00548	0.00503
12	0.01763	0.01220	0.01308	0.01082	0.01412	0.01314	0.00855	0.33613	0.08280	0.04931	0.04265	0.02446	0.05939	0.08299	0.00851	0.00225	0.00537	0.00688	0.20133	0.00840
13	0.11079	0.00843	0.00910	0.00871	0.01083	0.00848	0.00660	0.05301	0.05706	0.05863	0.06755	0.09342	0.22532	0.16105	0.01186	0.00299	0.00475	0.08975	0.00546	0.00620
14	0.05386	0.00628	0.00635	0.00634	0.00776	0.00635	0.00463	0.01409	0.01292	0.02258	0.04949	0.05577	0.01923	0.08273	0.00738	0.00202	0.00340	0.00682	0.62629	0.00573
15	0.00895	0.00700	0.00763	0.00752	0.00905	0.00664	0.00527	0.01185	0.08240	0.01770	0.12668	0.09486	0.35469	0.21566	0.01396	0.00321	0.00417	0.01175	0.00554	0.00547
16	0.00803	0.00645	0.00717	0.00699	0.00890	0.00558	0.00524	0.01014	0.01573	0.02015	0.30707	0.05610	0.49022	0.01494	0.00749	0.00209	0.00313	0.01269	0.00629	0.00558
17	0.00903	0.00647	0.00892	0.00909	0.00985	0.00711	0.00656	0.01060	0.01024	0.01450	0.01986	0.11228	0.02063	0.23156	0.46431	0.00808	0.01235	0.00865	0.02477	0.00514
18	0.01302	0.01128	0.01381	0.09300	0.01822	0.00908	0.00864	0.01600	0.01310	0.02018	0.01128	0.01357	0.00929	0.00488	0.00488	0.00107	0.00512	0.00397	0.00365	0.72596
19	0.01467	0.01234	0.01392	0.01059	0.01575	0.01097	0.00844	0.08164	0.16302	0.02360	0.01465	0.01553	0.01159	0.00577	0.00521	0.00128	0.00497	0.00464	0.00455	0.57686
20	0.01734	0.01682	0.10101	0.05387	0.09166	0.07556	0.01283	0.09756	0.25640	0.09402	0.04989	0.02095	0.03733	0.00780	0.00631	0.00197	0.00658	0.00640	0.00526	0.04044
21	0.01362	0.03155	0.70242	0.01769	0.02681	0.01442	0.02263	0.02071	0.01367	0.06141	0.01217	0.01386	0.00848	0.00613	0.00605	0.00201	0.00915	0.00478	0.00297	0.00946
22	0.00932	0.00626	0.00724	0.00738	0.00752	0.00626	0.00446	0.00961	0.00975	0.01295	0.02131	0.04443	0.02437	0.70335	0.03001	0.00584	0.00612	0.07575	0.00404	0.00404
23	0.02523	0.01055	0.08291	0.01175	0.04138	0.00840	0.06281	0.02863	0.01691	0.02390	0.48087	0.04095	0.09542	0.01156	0.00725	0.00204	0.00461	0.03216	0.00594	0.00674
24	0.02231	0.01584	0.01806	0.10093	0.02153	0.01746	0.01206	0.54107	0.02580	0.09508	0.01584	0.01730	0.01155	0.04651	0.00766	0.00215	0.00698	0.00594	0.00594	0.01000
25	0.02278	0.00964	0.01294	0.01057	0.01438	0.00854	0.00845	0.04228	0.01758	0.52444	0.12350	0.13021	0.02532	0.01023	0.00677	0.00205	0.00487	0.00869	0.00742	0.00935
26	0.82186	0.01227	0.00932	0.00834	0.01227	0.01423	0.00687	0.01865	0.01080	0.02846	0.00883	0.01031	0.00687	0.00589	0.00393	0.00196	0.00491	0.00344	0.00393	0.00687
27	0.00826	0.00585	0.00733	0.00810	0.00861	0.00552	0.00531	0.00934	0.01224	0.01639	0.11937	0.45366	0.07897	0.21410	0.01423	0.00340	0.00421	0.01468	0.00550	0.00493
28	0.01517	0.01302	0.01380	0.01245	0.01588	0.01493	0.00967	0.03180	0.66591	0.02624	0.06955	0.02601	0.03925	0.00905	0.00654	0.00214	0.00485	0.00758	0.00647	0.00968
29	0.00801	0.00638	0.00719	0.00713	0.00892	0.00555	0.00529	0.01005	0.01546	0.01986	0.28788	0.11036	0.45485	0.01531	0.00754	0.00213	0.00317	0.01309	0.00626	0.00555
30	0.01483	0.13268	0.30231	0.01954	0.12747	0.01526	0.10605	0.01973	0.01385	0.05204	0.01187	0.01407	0.00910	0.00568	0.00578	0.00175	0.00801	0.00493	0.00322	0.13183
31	0.01855	0.10287	0.02314	0.01636	0.02035	0.08338	0.16290	0.17346	0.01760	0.08863	0.04109	0.01684	0.01223	0.00877	0.03052	0.00226	0.13793	0.00598	0.02859	0.00856
32	0.00780	0.00590	0.00721	0.00801	0.00904	0.00531	0.00558	0.00927	0.01350	0.01753	0.12306	0.47673	0.25220	0.01795	0.00785	0.00238	0.00346	0.01589	0.00601	0.00531
33	0.00939	0.00609	0.00685	0.00693	0.00709	0.00607	0.00402	0.00974	0.00979	0.01362	0.02091	0.08144	0.02348	0.65923	0.02821	0.00549	0.00570	0.00941	0.08241	0.00412
34	0.05085	0.17010	0.05748	0.03626	0.01962	0.01847	0.03887	0.35434	0.05015	0.10294	0.01583	0.01608	0.02689	0.00716	0.00586	0.00184	0.00685	0.00547	0.00527	0.00969
35	0.05872	0.05927	0.03339	0.19109	0.10778	0.15785	0.01301	0.10480	0.03701	0.04691	0.01287	0.01704	0.01060	0.06443	0.00899	0.05134	0.00792	0.00542	0.00379	0.00776
36	0.01040	0.00677	0.00889	0.00887	0.00961	0.00700	0.00617	0.03899	0.04581	0.01592	0.08274	0.16698	0.02423	0.15065	0.12307	0.26882	0.00672	0.00927	0.00431	0.00476
37	0.00773	0.00552	0.00736	0.00883	0.00920	0.00515	0.00589	0.00883	0.01215	0.01619	0.03497	0.77291	0.04196	0.01987	0.00810	0.00258	0.00368	0.01803	0.00589	0.00515
38	0.62196	0.01270	0.01158	0.01162	0.07869	0.01430	0.00840	0.08585	0.01320	0.02819	0.01308	0.01434	0.05152	0.00665	0.00459	0.00196	0.00525	0.00446	0.00421	0.00745
39	0.02193	0.03560	0.08660	0.01554	0.06252	0.07611	0.01279	0.42359	0.02377	0.10142	0.01541	0.01585	0.01106	0.00722	0.00609	0.00186	0.00717	0.00551	0.06001	0.00995

[dist]
# distance from previous block
# <min> <max>
0	1

[block]
# block no. 1 follows, 35 sequences, length 33
# corresponding to MSA columns:
# 63-78,80-96
name=unknown_B
#
# <colnr> <probs for GDERKNQSTAVLIFYWHMCP>
#	G	D	E	R	K	N	Q	S	T	A	V	L	I	F	Y	W	H	M	C	P
0	0.01929	0.17022	0.02022	0.01416	0.01739	0.29159	0.01155	0.09528	0.03448	0.04516	0.01176	0.01417	0.00990	0.01183	0.09159	0.00277	0.12235	0.00481	0.00368	0.00782
1	0.01222	0.03623	0.36865	0.03327	0.02107	0.01274	0.03118	0.01981	0.14363	0.02063	0.05490	0.11814	0.05625	0.00952	0.00662	0.00214	0.00705	0.03331	0.00428	0.00836
2	0.01700	0.18487	0.04113	0.02816	0.05776	0.20170	0.08828	0.06336	0.03307	0.01846	0.03551	0.01945	0.01326	0.07603	0.02882	0.00241	0.02921	0.03151	0.02238	0.00764
3	0.00921	0.00620	0.00719	0.00719	0.00728	0.00630	0.00418	0.00940	0.00931	0.01250	0.01974	0.04015	0.02247	0.71706	0.09147	0.00648	0.00704	0.00903	0.00381	0.00399
4	0.00821	0.00645	0.00741	0.00717	0.00900	0.00566	0.00538	0.01048	0.01613	0.02111	0.38506	0.05451	0.41162	0.01458	0.00749	0.00207	0.00311	0.01247	0.00641	0.00566
5	0.18856	0.01429	0.02288	0.03525	0.02268	0.03351	0.30278	0.04334	0.05290	0.04135	0.01555	0.06054	0.01355	0.00801	0.00757	0.00221	0.05976	0.06333	0.00409	0.00783
6	0.00940	0.00724	0.01064	0.01045	0.01145	0.00861	0.00811	0.01148	0.01011	0.01463	0.01657	0.02508	0.01574	0.08486	0.66312	0.00947	0.06715	0.00684	0.00338	0.00565
7	0.01428	0.01467	0.02086	0.01747	0.01811	0.04254	0.07144	0.01600	0.01041	0.01569	0.00875	0.01407	0.00843	0.01048	0.01924	0.00269	0.67929	0.00566	0.00283	0.00709
8	0.00967	0.00757	0.01003	0.00979	0.03046	0.00673	0.05392	0.01174	0.01454	0.05598	0.07589	0.14722	0.44678	0.01515	0.00760	0.00225	0.00425	0.07863	0.00578	0.00603
9	0.01382	0.01316	0.02236	0.40382	0.38728	0.01458	0.01853	0.01782	0.01356	0.01845	0.01160	0.01631	0.00925	0.00600	0.00631	0.00200	0.00800	0.00565	0.00298	0.00853
10	0.01328	0.01212	0.01958	0.64121	0.09848	0.01463	0.01731	0.07405	0.01424	0.01853	0.01165	0.01668	0.00878	0.00639	0.00634	0.00208	0.00826	0.00565	0.00314	0.00760
11	0.01717	0.01393	0.01472	0.01259	0.01643	0.01561	0.00998	0.22905	0.43482	0.02927	0.02754	0.02588	0.10621	0.00925	0.00655	0.00208	0.00536	0.00752	0.00635	0.00967
12	0.01657	0.01200	0.01316	0.01099	0.01436	0.01271	0.00875	0.31349	0.09020	0.04954	0.16489	0.05329	0.12737	0.01034	0.00664	0.00197	0.00500	0.00850	0.07180	0.00842
13	0.01191	0.00696	0.00882	0.00867	0.01051	0.00623	0.00642	0.01374	0.01479	0.15420	0.15631	0.30474	0.19532	0.03512	0.00819	0.00237	0.00393	0.03901	0.00639	0.00639
14	0.01815	0.01874	0.01637	0.01608	0.07673	0.23695	0.01148	0.03002	0.45461	0.02275	0.01986	0.01934	0.01523	0.00774	0.00622	0.00197	0.00716	0.00612	0.00522	0.00923
15	0.00983	0.00619	0.00812	0.00891	0.00993	0.00566	0.00624	0.01124	0.01326	0.08677	0.07270	0.59343	0.09244	0.01802	0.00787	0.00246	0.00382	0.03121	0.00613	0.00577
16	0.03719	0.00631	0.00755	0.00810	0.00876	0.00616	0.00541	0.01054	0.01143	0.03555	0.02804	0.33293	0.05246	0.31234	0.01714	0.00388	0.00482	0.05890	0.04754	0.00495
17	0.00864	0.00628	0.00739	0.00737	0.00893	0.00566	0.00543	0.01093	0.01556	0.02133	0.34855	0.14645	0.27050	0.01430	0.00725	0.00207	0.00315	0.01238	0.09218	0.00566
18	0.01306	0.01268	0.01787	0.01556	0.01575	0.01748	0.01287	0.01460	0.00980	0.01518	0.00979	0.01575	0.00960	0.01728	0.14458	0.00403	0.63874	0.00576	0.00288	0.00672
19	0.02412	0.01777	0.01904	0.01460	0.01967	0.01967	0.01206	0.71633	0.02983	0.03998	0.01523	0.01523	0.01079	0.00762	0.00635	0.00190	0.00698	0.00571	0.00635	0.01079
20	0.01280	0.00708	0.00903	0.00907	0.01068	0.00670	0.00675	0.03245	0.01422	0.14267	0.06534	0.34369	0.03162	0.05914	0.00861	0.00249	0.00429	0.08707	0.13984	0.00643
21	0.00796	0.00580	0.00754	0.00878	0.00947	0.00538	0.00614	0.00933	0.01281	0.01687	0.06433	0.61242	0.11562	0.01902	0.00807	0.00254	0.00378	0.07295	0.00593	0.00526
22	0.01315	0.01128	0.01315	0.00940	0.01503	0.00846	0.00752	0.01597	0.01315	0.02067	0.01128	0.01315	0.00940	0.00470	0.00470	0.00094	0.00470	0.00376	0.00376	0.81583
23	0.01005	0.00626	0.00790	0.00831	0.00906	0.00594	0.00556	0.01117	0.01228	0.07018	0.09382	0.37373	0.03468	0.26416	0.01570	0.00362	0.00458	0.03038	0.02737	0.00526
24	0.56818	0.02851	0.01003	0.00877	0.01222	0.01289	0.00716	0.04580	0.03014	0.02602	0.01802	0.04130	0.08762	0.02733	0.00561	0.00216	0.00492	0.05208	0.00445	0.00679
25	0.00927	0.00811	0.04858	0.01034	0.01182	0.00814	0.00841	0.01162	0.01028	0.01481	0.01694	0.02567	0.01603	0.10482	0.65401	0.00943	0.01571	0.00688	0.00340	0.00571
26	0.00911	0.00670	0.00776	0.00744	0.00916	0.00593	0.00535	0.01089	0.01445	0.03865	0.24548	0.10650	0.30692	0.14190	0.01151	0.00274	0.00382	0.01180	0.00581	0.04810
27	0.00879	0.00654	0.00841	0.05949	0.01155	0.00647	0.00659	0.01085	0.03709	0.01711	0.08774	0.40831	0.11067	0.12657	0.01125	0.00294	0.00439	0.04514	0.02469	0.00540
28	0.37198	0.01047	0.01075	0.00946	0.01256	0.01123	0.04386	0.03584	0.06334	0.04877	0.07060	0.06625	0.11777	0.07230	0.00776	0.00238	0.00491	0.00736	0.02564	0.00678
29	0.05253	0.00796	0.01007	0.01023	0.01124	0.00877	0.00762	0.04919	0.01277	0.01802	0.02944	0.43665	0.08806	0.01948	0.07976	0.00323	0.11233	0.03165	0.00514	0.00589
30	0.01230	0.01072	0.07732	0.09771	0.03377	0.00956	0.00960	0.05965	0.06958	0.03461	0.03944	0.05951	0.08635	0.09150	0.03014	0.16956	0.00606	0.02300	0.07336	0.00626
31	0.01141	0.00798	0.01118	0.01160	0.04970	0.00802	0.04426	0.01416	0.05147	0.06192	0.02590	0.28846	0.02728	0.13196	0.03950	0.00319	0.02624	0.07466	0.10489	0.00622
32	0.07079	0.01002	0.01340	0.01444	0.11424	0.02943	0.05640	0.03883	0.04282	0.01953	0.05898	0.10304	0.02209	0.18983	0.06851	0.00365	0.00682	0.06477	0.06587	0.00655

[dist]
# distance from previous block
# <min> <max>
2	30

[block]
# block no. 2 follows, 35 sequences, length 6
# corresponding to MSA columns:
# 130-135
name=unknown_C
#
# <colnr> <probs for GDERKNQSTAVLIFYWHMCP>
#	G	D	E	R	K	N	Q	S	T	A	V	L	I	F	Y	W	H	M	C	P
0	0.08961	0.08547	0.05071	0.04624	0.01933	0.22276	0.03582	0.12681	0.08951	0.06178	0.04465	0.01584	0.01234	0.00719	0.00646	0.00185	0.04227	0.00524	0.00442	0.03169
1	0.05869	0.01056	0.01159	0.04636	0.01439	0.04216	0.00824	0.09620	0.08004	0.04392	0.06597	0.13924	0.14594	0.01593	0.10251	0.00304	0.00658	0.00908	0.00519	0.09437
2	0.01143	0.00809	0.01049	0.00975	0.01147	0.00803	0.03695	0.06441	0.07496	0.04243	0.15931	0.21662	0.10316	0.07077	0.01148	0.11108	0.00462	0.01106	0.02783	0.00608
3	0.06886	0.00663	0.00925	0.01008	0.04868	0.00674	0.00653	0.00993	0.00943	0.01364	0.01431	0.08249	0.01491	0.05697	0.02059	0.57047	0.00548	0.03787	0.00331	0.00383
4	0.01360	0.04606	0.01893	0.02049	0.22421	0.01240	0.08506	0.06404	0.07434	0.02087	0.02248	0.13442	0.05330	0.03423	0.00776	0.00227	0.00642	0.11333	0.00460	0.04120
5	0.07601	0.00948	0.04521	0.00951	0.01232	0.00825	0.00773	0.01677	0.07392	0.13524	0.17664	0.18737	0.14225	0.01262	0.00693	0.00213	0.00432	0.02926	0.00608	0.03796

[dist]
# distance from previous block
# <min> <max>
0	1

[block]
# block no. 3 follows, 35 sequences, length 20
# corresponding to MSA columns:
# 137-156
name=unknown_D
#
# <colnr> <probs for GDERKNQSTAVLIFYWHMCP>
#	G	D	E	R	K	N	Q	S	T	A	V	L	I	F	Y	W	H	M	C	P
0	0.01358	0.00818	0.00979	0.00895	0.01087	0.00794	0.00647	0.08806	0.01460	0.14328	0.04935	0.15846	0.14218	0.24543	0.06083	0.00386	0.00580	0.01042	0.00554	0.00642
1	0.03848	0.00947	0.01295	0.01090	0.01353	0.00934	0.08587	0.08602	0.04187	0.07700	0.21410	0.07223	0.10958	0.11015	0.03867	0.00287	0.00557	0.00946	0.04504	0.00690
2	0.03831	0.00981	0.01190	0.09406	0.01611	0.01031	0.00870	0.05394	0.17218	0.13319	0.09558	0.13014	0.10297	0.05789	0.00830	0.00236	0.00498	0.00934	0.03225	0.00769
3	0.01586	0.00911	0.01064	0.00934	0.01171	0.00908	0.00691	0.09284	0.08347	0.18363	0.05011	0.08773	0.06258	0.23277	0.01392	0.00319	0.00514	0.00863	0.09609	0.00724
4	0.02303	0.01346	0.01562	0.01242	0.01686	0.01396	0.01011	0.28558	0.14041	0.29475	0.06409	0.02118	0.01716	0.00818	0.00638	0.00196	0.00570	0.00655	0.03237	0.01022
5	0.09791	0.00918	0.01035	0.00951	0.01203	0.00937	0.00740	0.05967	0.08440	0.10831	0.12795	0.14869	0.21081	0.01277	0.00750	0.00219	0.03606	0.03279	0.00601	0.00709
6	0.01063	0.00708	0.00870	0.00873	0.01051	0.00657	0.00660	0.01338	0.04957	0.08860	0.18158	0.22615	0.22785	0.03473	0.00826	0.00239	0.00396	0.09224	0.00627	0.00620
7	0.11120	0.00743	0.00847	0.00823	0.01016	0.00708	0.00604	0.01368	0.01359	0.11835	0.10412	0.23735	0.18634	0.06688	0.00933	0.03396	0.00411	0.01140	0.03616	0.00611
8	0.01256	0.01062	0.01238	0.00941	0.01420	0.00850	0.00741	0.01631	0.06176	0.02118	0.07760	0.05512	0.03412	0.00671	0.00529	0.00122	0.00448	0.00560	0.00438	0.63116
9	0.05330	0.00705	0.00847	0.00889	0.01029	0.00677	0.00646	0.04221	0.01392	0.05648	0.07751	0.42602	0.14434	0.04845	0.00864	0.00255	0.00412	0.06277	0.00588	0.00586
10	0.01151	0.00734	0.00959	0.00946	0.01110	0.00736	0.00709	0.01479	0.06962	0.10225	0.15092	0.24282	0.05905	0.03855	0.17678	0.00414	0.00696	0.03213	0.03207	0.00647
11	0.01682	0.00950	0.01187	0.01047	0.01348	0.00927	0.00848	0.07667	0.09169	0.23314	0.22750	0.03850	0.05768	0.01126	0.00706	0.00214	0.00471	0.12391	0.03770	0.00814
12	0.06308	0.00801	0.00951	0.00891	0.01111	0.00754	0.00661	0.04392	0.01403	0.11682	0.06426	0.28525	0.02709	0.07490	0.00861	0.00236	0.00436	0.02989	0.11672	0.09701
13	0.05725	0.00989	0.01099	0.01025	0.01236	0.06795	0.00784	0.03434	0.04477	0.12584	0.05487	0.10413	0.02017	0.07110	0.28226	0.00527	0.00973	0.00785	0.05635	0.00681
14	0.01319	0.01192	0.04512	0.02011	0.22704	0.01135	0.07482	0.01729	0.07939	0.05731	0.02249	0.16286	0.06418	0.09687	0.03833	0.00290	0.03347	0.00917	0.00444	0.00776
15	0.00957	0.00693	0.00800	0.00776	0.00962	0.00626	0.00574	0.03822	0.01565	0.05190	0.23888	0.15741	0.36187	0.04304	0.00840	0.00230	0.00357	0.01278	0.00622	0.00589
16	0.00949	0.00682	0.00926	0.03117	0.06486	0.00681	0.00673	0.01050	0.01140	0.01554	0.05580	0.24394	0.07238	0.22959	0.08849	0.08238	0.00618	0.01101	0.03254	0.00511
17	0.03773	0.01555	0.05837	0.06626	0.03712	0.17959	0.03983	0.06518	0.03371	0.01904	0.04126	0.05142	0.03263	0.01734	0.16553	0.05753	0.00968	0.00646	0.05886	0.00692
18	0.01102	0.00551	0.00826	0.00826	0.00826	0.00551	0.00551	0.00826	0.00826	0.01102	0.01102	0.01928	0.01102	0.02204	0.02479	0.81543	0.00551	0.00551	0.00275	0.00275
19	0.01745	0.01165	0.01437	0.01205	0.01488	0.01273	0.02388	0.22738	0.07593	0.11526	0.01802	0.02114	0.03326	0.04424	0.11327	0.13502	0.06542	0.00640	0.02983	0.00783

[dist]
# distance from previous block
# <min> <max>
0	2

[block]
# block no. 4 follows, 35 sequences, length 19
# corresponding to MSA columns:
# 159-177
name=unknown_E
#
# <colnr> <probs for GDERKNQSTAVLIFYWHMCP>
#	G	D	E	R	K	N	Q	S	T	A	V	L	I	F	Y	W	H	M	C	P
0	0.02863	0.01565	0.12465	0.16412	0.14073	0.01327	0.18385	0.03202	0.01429	0.03654	0.04065	0.04849	0.04884	0.00852	0.02766	0.00227	0.00824	0.01979	0.00367	0.03813
1	0.07256	0.18049	0.04442	0.01577	0.03793	0.25345	0.08647	0.01988	0.01396	0.01695	0.01056	0.01366	0.00914	0.01117	0.08919	0.00275	0.10622	0.00480	0.00312	0.00751
2	0.14850	0.16359	0.11957	0.01484	0.01964	0.27924	0.07700	0.02156	0.03703	0.01894	0.01140	0.04044	0.00968	0.00661	0.00544	0.00179	0.00868	0.00486	0.00338	0.00781
3	0.01134	0.00703	0.01077	0.01263	0.11141	0.00713	0.00753	0.01020	0.00939	0.01283	0.01252	0.02140	0.01245	0.09464	0.08447	0.55433	0.00683	0.00600	0.00297	0.00414
4	0.03558	0.04191	0.14560	0.13062	0.15885	0.04030	0.03522	0.18372	0.04224	0.04086	0.01489	0.07474	0.01238	0.00757	0.00630	0.00199	0.00756	0.00641	0.00422	0.00902
5	0.08729	0.05267	0.03540	0.11992	0.13475	0.19534	0.01321	0.08477	0.07662	0.02078	0.01331	0.01736	0.01114	0.03671	0.03023	0.00233	0.03260	0.02366	0.00384	0.00809
6	0.01388	0.01388	0.01943	0.01666	0.01666	0.01943	0.01388	0.01527	0.00972	0.01527	0.00833	0.01388	0.00833	0.01110	0.02082	0.00278	0.76544	0.00555	0.00278	0.00694
7	0.01315	0.01128	0.01315	0.00940	0.01503	0.00846	0.00752	0.01597	0.01315	0.02067	0.01128	0.01315	0.00940	0.00470	0.00470	0.00094	0.00470	0.00376	0.00376	0.81583
8	0.00779	0.00644	0.00683	0.00673	0.00875	0.00548	0.00505	0.00966	0.01514	0.01876	0.19481	0.05839	0.60335	0.01546	0.00749	0.00211	0.00317	0.01302	0.00610	0.00548
9	0.02243	0.01147	0.01379	0.01116	0.01513	0.04114	0.00898	0.09212	0.06795	0.42777	0.18891	0.02672	0.02547	0.00902	0.00661	0.00196	0.00522	0.00746	0.00722	0.00948
10	0.01439	0.01463	0.04241	0.14653	0.42964	0.01442	0.14805	0.01848	0.01427	0.01991	0.03602	0.04669	0.01252	0.00650	0.00662	0.00200	0.00802	0.00664	0.00332	0.00897
11	0.01890	0.01706	0.01687	0.05570	0.04592	0.18602	0.04508	0.09034	0.23458	0.10397	0.02101	0.02087	0.06247	0.00788	0.00629	0.00192	0.00716	0.00637	0.00522	0.04636
12	0.00770	0.00563	0.00725	0.00856	0.00913	0.00518	0.00577	0.00886	0.01241	0.01630	0.03835	0.69079	0.12189	0.01944	0.00803	0.00253	0.00363	0.01750	0.00589	0.00518
13	0.06607	0.01259	0.01705	0.01655	0.12314	0.01268	0.06118	0.19922	0.01870	0.18662	0.02245	0.14371	0.05091	0.00981	0.00670	0.00209	0.00611	0.02973	0.00573	0.00897
14	0.01196	0.01034	0.01561	0.08022	0.21605	0.01033	0.03501	0.01539	0.04026	0.02006	0.10838	0.17079	0.06434	0.01027	0.00707	0.00200	0.02874	0.00918	0.05988	0.08413
15	0.00907	0.00645	0.00861	0.00868	0.00927	0.00701	0.00602	0.01028	0.00986	0.01372	0.01919	0.06851	0.02032	0.36947	0.39701	0.00803	0.01154	0.00842	0.00372	0.00483
16	0.01653	0.01004	0.01110	0.00953	0.01239	0.01046	0.00751	0.19469	0.07195	0.10362	0.08852	0.05774	0.02036	0.00869	0.00573	0.00179	0.00442	0.00709	0.34989	0.00794
17	0.02044	0.16339	0.01974	0.01419	0.01800	0.41572	0.01133	0.07945	0.08875	0.01880	0.01420	0.01639	0.03275	0.00725	0.00567	0.00170	0.00895	0.02865	0.00392	0.03070
18	0.06279	0.04361	0.10462	0.03171	0.01897	0.23062	0.01204	0.08855	0.09194	0.07367	0.03022	0.01702	0.01227	0.00703	0.00579	0.00175	0.00772	0.02648	0.00440	0.12883

[dist]
# distance from previous block
# <min> <max>
1	6

[block]
# block no. 5 follows, 35 sequences, length 60
# corresponding to MSA columns:
# 184-243
name=unknown_F
#
# <colnr> <probs for GDERKNQSTAVLIFYWHMCP>
#	G	D	E	R	K	N	Q	S	T	A	V	L	I	F	Y	W	H	M	C	P
0	0.12003	0.05507	0.03273	0.06741	0.01944	0.09467	0.05119	0.13968	0.13661	0.07365	0.01757	0.01826	0.05010	0.00748	0.00641	0.00191	0.03430	0.00577	0.00480	0.06291
1	0.01854	0.32101	0.03730	0.02831	0.01788	0.05792	0.01115	0.23204	0.09873	0.02437	0.01558	0.01605	0.04478	0.00701	0.00539	0.00167	0.00671	0.00512	0.00447	0.04596
2	0.01083	0.00590	0.00857	0.00853	0.00882	0.00604	0.00586	0.00933	0.02895	0.01206	0.01398	0.02150	0.03803	0.02406	0.09810	0.68049	0.00659	0.00597	0.00304	0.00335
3	0.01369	0.01228	0.01808	0.21486	0.18919	0.03154	0.04745	0.07636	0.07362	0.02080	0.05585	0.10421	0.05437	0.00946	0.00714	0.01848	0.00680	0.03356	0.00433	0.00791
4	0.01983	0.11958	0.01893	0.01290	0.01723	0.03597	0.05482	0.22796	0.09094	0.16742	0.14655	0.02242	0.02093	0.00825	0.00631	0.00189	0.00609	0.00677	0.00598	0.00925
5	0.00946	0.00690	0.00864	0.00821	0.00988	0.00649	0.00615	0.01305	0.05834	0.03596	0.56663	0.09323	0.12621	0.01339	0.00745	0.00206	0.00322	0.01176	0.00678	0.00618
6	0.02726	0.01126	0.03502	0.01130	0.01624	0.00933	0.00956	0.02982	0.01789	0.69519	0.02607	0.02279	0.04160	0.00810	0.00641	0.00197	0.00543	0.00659	0.00763	0.01056
7	0.04912	0.01640	0.01723	0.01365	0.01836	0.05524	0.01112	0.43760	0.12531	0.16298	0.01801	0.01722	0.01263	0.00769	0.00626	0.00194	0.00658	0.00588	0.00640	0.01038
8	0.04318	0.40998	0.06898	0.01321	0.01787	0.14794	0.02684	0.06811	0.03986	0.01803	0.01048	0.01226	0.00895	0.00758	0.02812	0.00191	0.06108	0.00422	0.00326	0.00814
9	0.00770	0.00637	0.00666	0.00671	0.00860	0.00543	0.00493	0.00931	0.01436	0.01750	0.11192	0.10047	0.61138	0.04980	0.00863	0.00233	0.00335	0.01333	0.00588	0.00532
10	0.14261	0.06918	0.01742	0.01455	0.01816	0.54714	0.01123	0.04025	0.01690	0.05323	0.01047	0.01178	0.00840	0.00647	0.00540	0.00169	0.00980	0.00410	0.00363	0.00757
11	0.01349	0.07602	0.01373	0.06564	0.03394	0.05887	0.00894	0.08867	0.08683	0.04717	0.14879	0.06895	0.22212	0.01137	0.00678	0.00202	0.00525	0.02864	0.00551	0.00729
12	0.01388	0.09131	0.64946	0.01715	0.02598	0.01528	0.02170	0.02057	0.01360	0.05731	0.01189	0.01356	0.00844	0.00607	0.00589	0.00195	0.00896	0.00467	0.00295	0.00935
13	0.00916	0.00643	0.00833	0.00833	0.00881	0.00692	0.00560	0.01013	0.00964	0.01334	0.01870	0.03438	0.01997	0.46354	0.34157	0.00789	0.01081	0.00818	0.00365	0.00463
14	0.01236	0.01174	0.02007	0.68431	0.09819	0.01423	0.03712	0.01658	0.01289	0.01668	0.01137	0.01682	0.00861	0.00626	0.00637	0.00210	0.00845	0.00569	0.00286	0.00733
15	0.06815	0.01336	0.01896	0.47899	0.03453	0.01574	0.03671	0.21447	0.01748	0.02385	0.01228	0.01601	0.00905	0.00664	0.00622	0.00205	0.00788	0.00557	0.00390	0.00814
16	0.00983	0.09067	0.01139	0.00815	0.01088	0.00832	0.02417	0.01191	0.01456	0.01890	0.19620	0.04438	0.35229	0.06637	0.00855	0.00217	0.00412	0.01030	0.00533	0.10152
17	0.04029	0.54315	0.09921	0.01230	0.01776	0.09864	0.01213	0.04863	0.04548	0.01740	0.01018	0.01143	0.00870	0.00584	0.00463	0.00152	0.00740	0.00385	0.00311	0.00834
18	0.01418	0.01348	0.02225	0.06278	0.58771	0.01341	0.01695	0.01761	0.01438	0.01994	0.02064	0.02332	0.13099	0.00742	0.00649	0.00194	0.00685	0.00694	0.00359	0.00914
19	0.00950	0.00765	0.00891	0.00862	0.01059	0.00765	0.00654	0.01423	0.13196	0.02029	0.21381	0.07928	0.29740	0.01951	0.13162	0.00347	0.00578	0.01101	0.00584	0.00633
20	0.01435	0.03096	0.01459	0.01486	0.13386	0.02979	0.04280	0.12146	0.02958	0.04241	0.10648	0.02998	0.13229	0.00929	0.00624	0.00187	0.00524	0.02717	0.19912	0.00767
21	0.00895	0.00772	0.00988	0.01231	0.13038	0.00696	0.00748	0.01088	0.01418	0.01784	0.07192	0.17350	0.47514	0.01487	0.00740	0.00217	0.00401	0.01282	0.00547	0.00612
22	0.01504	0.07729	0.06420	0.13690	0.14552	0.08788	0.18284	0.01923	0.03394	0.01878	0.02606	0.01691	0.02910	0.00647	0.00703	0.00191	0.04833	0.00589	0.00332	0.07333
23	0.01310	0.01060	0.01197	0.01147	0.01398	0.01155	0.00876	0.06692	0.35893	0.02315	0.02831	0.26819	0.02736	0.01288	0.00713	0.00230	0.00478	0.07589	0.00611	0.03662
24	0.06566	0.02356	0.01707	0.01491	0.01866	0.42075	0.01152	0.17400	0.14962	0.02346	0.01384	0.01442	0.01071	0.00711	0.00589	0.00180	0.00896	0.00496	0.00454	0.00855
25	0.04332	0.01439	0.01626	0.01274	0.01731	0.01513	0.01038	0.39741	0.06135	0.19454	0.01787	0.01835	0.01290	0.03759	0.04760	0.00247	0.00683	0.00594	0.00622	0.06138
26	0.00963	0.00789	0.00869	0.00839	0.01058	0.00767	0.00639	0.01490	0.15898	0.02107	0.21571	0.07940	0.37485	0.01402	0.00735	0.00215	0.00364	0.03596	0.00627	0.00646
27	0.01717	0.01302	0.01430	0.01212	0.01554	0.01437	0.00971	0.31891	0.17429	0.02976	0.05808	0.06640	0.07315	0.01114	0.03045	0.00231	0.02735	0.03559	0.06749	0.00883
28	0.01476	0.01406	0.03947	0.20246	0.37221	0.01465	0.02796	0.04200	0.12450	0.02116	0.01483	0.01882	0.01193	0.00669	0.00635	0.00200	0.00727	0.02357	0.02621	0.00910
29	0.00885	0.00671	0.00799	0.00785	0.00933	0.00628	0.00568	0.01178	0.05393	0.02097	0.37107	0.13413	0.22249	0.09258	0.01004	0.00253	0.00356	0.01226	0.00623	0.00573
30	0.00835	0.00646	0.00761	0.00732	0.00909	0.00572	0.00549	0.01076	0.01648	0.02192	0.45051	0.05317	0.34567	0.01428	0.00749	0.00206	0.00309	0.01228	0.00652	0.00572
31	0.02065	0.00928	0.01230	0.01006	0.01366	0.00829	0.00806	0.02382	0.04367	0.44693	0.26993	0.03177	0.05365	0.00990	0.00680	0.00199	0.00449	0.00838	0.00744	0.00894
32	0.01578	0.01363	0.01434	0.01291	0.01650	0.01578	0.01004	0.03371	0.72602	0.02654	0.02582	0.02367	0.01937	0.00861	0.00646	0.00215	0.00502	0.00717	0.00646	0.01004
33	0.01608	0.37334	0.30856	0.01484	0.02157	0.11038	0.03750	0.02024	0.01378	0.01718	0.01006	0.01180	0.00815	0.00580	0.00514	0.00167	0.00849	0.00411	0.00278	0.00854
34	0.02202	0.02470	0.01785	0.05452	0.02045	0.47927	0.01229	0.15025	0.09927	0.02121	0.01262	0.01385	0.00992	0.00707	0.00634	0.00180	0.02932	0.00485	0.00415	0.00825
35	0.01094	0.00554	0.00820	0.00820	0.00820	0.00554	0.00544	0.00831	0.00831	0.01108	0.01142	0.02027	0.01155	0.05553	0.02513	0.77953	0.00554	0.00567	0.00280	0.00280
36	0.00768	0.00625	0.00680	0.00705	0.00878	0.00537	0.00514	0.00930	0.01430	0.01768	0.11774	0.20467	0.53403	0.01657	0.00762	0.00222	0.00329	0.01416	0.00599	0.00537
37	0.00787	0.00647	0.00697	0.00719	0.00914	0.00558	0.00551	0.00964	0.01449	0.01762	0.08640	0.10219	0.59262	0.01632	0.00767	0.00225	0.00352	0.08721	0.00593	0.00542
38	0.01551	0.01488	0.02540	0.07663	0.70130	0.01502	0.01937	0.01930	0.01435	0.02049	0.01190	0.01576	0.00997	0.00569	0.00628	0.00190	0.00758	0.00565	0.00312	0.00989
39	0.01047	0.00840	0.00958	0.00900	0.01119	0.00850	0.00683	0.01718	0.21143	0.02354	0.36334	0.06519	0.20531	0.01269	0.00722	0.00209	0.00362	0.01093	0.00655	0.00693
40	0.07006	0.01512	0.01576	0.01397	0.04005	0.04851	0.01081	0.26573	0.31411	0.04380	0.02060	0.04248	0.01631	0.00869	0.00639	0.00207	0.00607	0.04386	0.00599	0.00963
41	0.01383	0.01146	0.01639	0.01264	0.01736	0.00976	0.11727	0.04893	0.01454	0.05516	0.01718	0.08809	0.01599	0.00800	0.00608	0.00161	0.00582	0.09097	0.00443	0.44450
42	0.00900	0.00669	0.00986	0.00994	0.01096	0.00768	0.00759	0.01107	0.01024	0.01467	0.01813	0.06600	0.01767	0.08765	0.67100	0.00956	0.01566	0.00754	0.00356	0.00553
43	0.05392	0.01769	0.01771	0.01973	0.19898	0.20735	0.01249	0.11632	0.12800	0.02242	0.04555	0.01730	0.01327	0.00865	0.00805	0.08672	0.00756	0.00563	0.00429	0.00836
44	0.00924	0.00701	0.00893	0.00933	0.01063	0.00696	0.00718	0.01209	0.04609	0.01987	0.21871	0.25320	0.14377	0.01593	0.00841	0.00241	0.03747	0.15669	0.02023	0.00585
45	0.01749	0.09290	0.09275	0.01562	0.03716	0.31270	0.04343	0.04197	0.01489	0.01686	0.01220	0.01718	0.01091	0.05328	0.10178	0.00314	0.08077	0.02426	0.00332	0.00739
46	0.00933	0.00653	0.00756	0.00739	0.00892	0.00586	0.00525	0.01096	0.01426	0.05594	0.21750	0.11764	0.32180	0.16829	0.01248	0.00294	0.00391	0.01214	0.00585	0.00547
47	0.02282	0.00959	0.01268	0.01014	0.01419	0.00830	0.00822	0.02522	0.01759	0.54132	0.12345	0.03079	0.12762	0.00973	0.00669	0.00199	0.00476	0.00808	0.00745	0.00936
48	0.04721	0.01408	0.02054	0.01874	0.08784	0.01771	0.07043	0.04948	0.01189	0.01826	0.01024	0.01585	0.00951	0.00963	0.01590	0.00249	0.50875	0.02515	0.00319	0.04313
49	0.01488	0.01685	0.03597	0.02592	0.03182	0.01632	0.65767	0.01991	0.01455	0.01991	0.01247	0.01685	0.00952	0.00581	0.00857	0.00219	0.07185	0.00733	0.00317	0.00843
50	0.02083	0.03640	0.10728	0.07840	0.02198	0.03892	0.01349	0.48406	0.02459	0.05114	0.01670	0.01726	0.04462	0.00764	0.00629	0.00193	0.00730	0.00586	0.00544	0.00988
51	0.01763	0.65283	0.06260	0.01187	0.01720	0.11670	0.01159	0.01985	0.01356	0.01523	0.00906	0.01048	0.00814	0.00559	0.00437	0.00142	0.00749	0.00354	0.00278	0.00810
52	0.01871	0.01188	0.01329	0.01125	0.01491	0.01260	0.00894	0.13611	0.29002	0.18820	0.04364	0.02451	0.05660	0.00861	0.00619	0.00196	0.00495	0.00702	0.13128	0.00933
53	0.02098	0.01263	0.01493	0.03089	0.01681	0.01312	0.00990	0.23397	0.15075	0.25667	0.11424	0.05635	0.02159	0.00907	0.00660	0.00201	0.00549	0.00748	0.00682	0.00969
54	0.00773	0.00552	0.00736	0.00883	0.00920	0.00515	0.00589	0.00883	0.01215	0.01619	0.03497	0.77291	0.04196	0.01987	0.00810	0.00258	0.00368	0.01803	0.00589	0.00515
55	0.01302	0.00962	0.03627	0.00937	0.01207	0.00881	0.00757	0.13069	0.01812	0.08379	0.29828	0.03973	0.18679	0.05330	0.04114	0.00257	0.00491	0.00980	0.02713	0.00704
56	0.01408	0.00773	0.01008	0.00923	0.01148	0.00712	0.00700	0.01718	0.05020	0.21104	0.33605	0.20503	0.06178	0.01308	0.00728	0.00213	0.00388	0.01148	0.00691	0.00723
57	0.01747	0.01364	0.01396	0.01271	0.03528	0.13842	0.03158	0.06933	0.12583	0.14149	0.04262	0.08192	0.01815	0.04435	0.09282	0.00305	0.00760	0.00728	0.09451	0.00798
58	0.01834	0.01647	0.08119	0.11028	0.30889	0.04974	0.03442	0.10653	0.03486	0.13370	0.01441	0.01649	0.01075	0.00661	0.00671	0.00196	0.02907	0.00570	0.00427	0.00960
59	0.02093	0.01283	0.01467	0.01195	0.01600	0.01348	0.00963	0.24095	0.18997	0.22882	0.08670	0.02265	0.01914	0.00839	0.00633	0.00195	0.00538	0.00679	0.07367	0.00977

[dist]
# distance from previous block
# <min> <max>
6	33

[block]
# block no. 6 follows, 35 sequences, length 18
# corresponding to MSA columns:
# 278-295
name=unknown_G
#
# <colnr> <probs for GDERKNQSTAVLIFYWHMCP>
#	G	D	E	R	K	N	Q	S	T	A	V	L	I	F	Y	W	H	M	C	P
0	0.01900	0.30602	0.06518	0.01355	0.01858	0.06385	0.03787	0.26608	0.04695	0.02505	0.02882	0.01537	0.03197	0.00705	0.00594	0.00174	0.02840	0.00515	0.00438	0.00903
1	0.15217	0.01496	0.01548	0.02833	0.01741	0.09892	0.05948	0.10003	0.19634	0.05494	0.03788	0.01901	0.03381	0.02368	0.00636	0.00193	0.00632	0.00585	0.00497	0.12212
2	0.04015	0.01876	0.13311	0.14136	0.02325	0.13126	0.02888	0.15317	0.07769	0.02279	0.01488	0.06380	0.01249	0.03971	0.00723	0.00209	0.00776	0.00614	0.00420	0.07128
3	0.25628	0.27612	0.09645	0.03375	0.01701	0.04575	0.01147	0.01867	0.02747	0.01993	0.01109	0.01306	0.02884	0.00687	0.00687	0.00188	0.11330	0.00430	0.00328	0.00762
4	0.09457	0.01869	0.22169	0.01384	0.01879	0.03459	0.04639	0.11041	0.17466	0.02375	0.03518	0.03778	0.01511	0.11573	0.00980	0.00261	0.00703	0.00648	0.00451	0.00840
5	0.01229	0.00753	0.00959	0.00886	0.01093	0.00703	0.00670	0.01587	0.06543	0.13838	0.43031	0.14128	0.09464	0.01301	0.00732	0.00209	0.00363	0.01139	0.00686	0.00688
6	0.01468	0.01764	0.07932	0.02478	0.03048	0.01644	0.57245	0.01960	0.01413	0.01960	0.01211	0.01642	0.00934	0.00620	0.00927	0.00222	0.11679	0.00704	0.00311	0.00838
7	0.00965	0.00659	0.00881	0.00901	0.00996	0.00713	0.00677	0.01156	0.01100	0.01598	0.02049	0.03507	0.02045	0.21293	0.37293	0.00701	0.01090	0.10085	0.11763	0.00529
8	0.00831	0.00624	0.00770	0.00780	0.00919	0.00563	0.00567	0.01050	0.01568	0.02114	0.39889	0.22633	0.22287	0.01541	0.00763	0.00217	0.00321	0.01354	0.00645	0.00563
9	0.02200	0.04809	0.01948	0.01894	0.12034	0.48720	0.01308	0.11877	0.05682	0.02016	0.01167	0.01317	0.00939	0.00664	0.00587	0.00173	0.00980	0.00467	0.00382	0.00837
10	0.00773	0.00644	0.00699	0.00705	0.00898	0.00571	0.00530	0.00941	0.01377	0.01676	0.05647	0.08375	0.60671	0.02065	0.11224	0.00329	0.00517	0.01264	0.00554	0.00539
11	0.06413	0.02231	0.39466	0.12102	0.02614	0.01320	0.07214	0.01900	0.01398	0.06617	0.07203	0.02019	0.03435	0.00728	0.00631	0.00206	0.00803	0.02489	0.00367	0.00843
12	0.00947	0.00663	0.00841	0.00788	0.00959	0.00602	0.00594	0.01225	0.01747	0.04989	0.61454	0.04839	0.15324	0.01322	0.00744	0.00201	0.00311	0.01156	0.00686	0.00607
13	0.01349	0.01256	0.02038	0.06652	0.45307	0.01256	0.03707	0.01754	0.04468	0.02092	0.12082	0.02642	0.11037	0.00817	0.00665	0.00196	0.00638	0.00758	0.00416	0.00867
14	0.01711	0.01379	0.01523	0.01176	0.01678	0.01350	0.00946	0.23671	0.17121	0.02791	0.01562	0.01605	0.01197	0.00644	0.00559	0.00150	0.00547	0.00510	0.00514	0.39365
15	0.03788	0.01274	0.01504	0.13374	0.02013	0.07903	0.05470	0.06143	0.17693	0.04833	0.06199	0.02916	0.03670	0.05558	0.02503	0.00254	0.00681	0.08862	0.04595	0.00768
16	0.01259	0.01246	0.02277	0.61220	0.04155	0.01449	0.15944	0.01705	0.01315	0.01705	0.01159	0.01695	0.00869	0.00614	0.00658	0.00212	0.00891	0.00601	0.00290	0.00735
17	0.01572	0.06259	0.09464	0.08338	0.02314	0.04327	0.17102	0.02013	0.04086	0.10416	0.05671	0.01758	0.01321	0.00626	0.00605	0.00171	0.00727	0.00575	0.00412	0.22244

[dist]
# distance from previous block
# <min> <max>
0	1

[block]
# block no. 7 follows, 35 sequences, length 34
# corresponding to MSA columns:
# 297-330
name=unknown_H
#
# <colnr> <probs for GDERKNQSTAVLIFYWHMCP>
#	G	D	E	R	K	N	Q	S	T	A	V	L	I	F	Y	W	H	M	C	P
0	0.42358	0.10824	0.04989	0.08696	0.03142	0.06345	0.00993	0.01840	0.03095	0.02282	0.01257	0.07949	0.01140	0.00746	0.00499	0.00196	0.00611	0.01939	0.00382	0.00717
1	0.08361	0.00850	0.00967	0.00868	0.01137	0.00817	0.00674	0.03166	0.07636	0.14218	0.25812	0.06299	0.24319	0.01214	0.00690	0.00206	0.00390	0.01020	0.00645	0.00709
2	0.04543	0.04313	0.15530	0.09639	0.22283	0.04668	0.09218	0.08458	0.01569	0.06802	0.01266	0.01517	0.00961	0.00606	0.00610	0.00188	0.00799	0.00538	0.00369	0.06122
3	0.01613	0.09905	0.05556	0.10850	0.02062	0.07831	0.01128	0.13830	0.03385	0.02226	0.01212	0.01419	0.00966	0.00727	0.03060	0.00176	0.00706	0.00456	0.00392	0.32499
4	0.00923	0.00615	0.00692	0.00692	0.00692	0.00615	0.00384	0.00923	0.00923	0.01230	0.01999	0.04151	0.02306	0.77705	0.03229	0.00615	0.00615	0.00923	0.00384	0.00384
5	0.01542	0.10453	0.01721	0.01340	0.03982	0.09630	0.03635	0.07962	0.19143	0.02051	0.04523	0.02464	0.06103	0.13627	0.01198	0.00269	0.08428	0.00694	0.00459	0.00774
6	0.00783	0.00634	0.00655	0.00661	0.00828	0.00550	0.00468	0.00912	0.01338	0.01619	0.05480	0.08423	0.57430	0.15994	0.01220	0.00292	0.00379	0.01278	0.00550	0.00506
7	0.01198	0.01128	0.01903	0.76180	0.04369	0.01409	0.01762	0.01621	0.01268	0.01621	0.01128	0.01691	0.00846	0.00634	0.00634	0.00211	0.00846	0.00564	0.00282	0.00705
8	0.00809	0.00607	0.00678	0.00725	0.00870	0.00537	0.00519	0.00972	0.01372	0.01786	0.07960	0.29621	0.39777	0.01632	0.00738	0.00221	0.00333	0.01410	0.08894	0.00537
9	0.02302	0.02730	0.01777	0.01583	0.01933	0.60088	0.01203	0.10481	0.08412	0.01932	0.01189	0.01299	0.00949	0.00685	0.00586	0.00171	0.01034	0.00455	0.00391	0.00799
10	0.02244	0.01144	0.01399	0.01133	0.01554	0.01115	0.00916	0.09754	0.16441	0.41850	0.06961	0.02635	0.08137	0.00900	0.00655	0.00201	0.00515	0.00739	0.00719	0.00988
11	0.03253	0.00976	0.01008	0.01015	0.01168	0.07292	0.00741	0.05265	0.09336	0.01993	0.12089	0.33168	0.03381	0.09641	0.01007	0.00273	0.00506	0.06701	0.00562	0.00626
12	0.01786	0.42634	0.10466	0.01261	0.01750	0.04603	0.01235	0.02050	0.01367	0.12969	0.01282	0.01577	0.01072	0.00715	0.00685	0.00177	0.09366	0.03793	0.00369	0.00841
13	0.00882	0.00610	0.00731	0.00757	0.00792	0.00600	0.00472	0.00950	0.01084	0.01457	0.08693	0.19213	0.05667	0.48514	0.06449	0.00513	0.00586	0.01125	0.00459	0.00446
14	0.01469	0.01654	0.08630	0.28623	0.33790	0.06859	0.06178	0.01887	0.01403	0.01869	0.01156	0.01570	0.00916	0.00597	0.00631	0.00197	0.00850	0.00556	0.00300	0.00866
15	0.01838	0.54193	0.04722	0.01232	0.01717	0.19858	0.01134	0.03477	0.01437	0.01565	0.00959	0.01161	0.00865	0.02879	0.00541	0.00160	0.00796	0.00382	0.00296	0.00791
16	0.00778	0.00558	0.00730	0.00866	0.00909	0.00520	0.00576	0.00886	0.01213	0.01608	0.03565	0.71392	0.07109	0.04902	0.00901	0.00270	0.00376	0.01749	0.00581	0.00511
17	0.01375	0.01733	0.12660	0.07041	0.05110	0.01437	0.46742	0.01879	0.01429	0.01981	0.01475	0.08280	0.01243	0.00686	0.00712	0.00213	0.00937	0.00780	0.03466	0.00821
18	0.01707	0.40047	0.12860	0.01341	0.01906	0.15918	0.04262	0.02002	0.01405	0.01674	0.00986	0.01155	0.00836	0.00563	0.00489	0.00148	0.00794	0.00393	0.00297	0.11218
19	0.01321	0.01434	0.08444	0.47096	0.25909	0.01446	0.01870	0.01757	0.01330	0.01796	0.01149	0.01623	0.00892	0.00610	0.00630	0.00203	0.00825	0.00556	0.00291	0.00819
20	0.00796	0.00616	0.00726	0.00758	0.00900	0.00546	0.00546	0.00977	0.01465	0.01902	0.23067	0.27960	0.34177	0.01644	0.00768	0.00224	0.00330	0.01434	0.00618	0.00546
21	0.01786	0.01504	0.04509	0.07857	0.02188	0.03776	0.12429	0.20657	0.14062	0.09413	0.01977	0.08414	0.03387	0.00840	0.00663	0.00203	0.00696	0.00740	0.00531	0.04369
22	0.01244	0.01189	0.01877	0.48333	0.03438	0.04860	0.09153	0.01633	0.01355	0.01732	0.01700	0.02611	0.04392	0.00819	0.00674	0.00218	0.00806	0.09796	0.03475	0.00695
23	0.01544	0.03087	0.01500	0.01062	0.01611	0.01012	0.03203	0.05891	0.04020	0.08785	0.01328	0.01449	0.01039	0.00534	0.00509	0.00118	0.00516	0.00435	0.00434	0.61924
24	0.00814	0.00686	0.00788	0.07265	0.01179	0.00623	0.00614	0.01022	0.01490	0.01848	0.17459	0.05485	0.55564	0.01469	0.00739	0.00211	0.00363	0.01238	0.00581	0.00561
25	0.01583	0.03664	0.04167	0.22866	0.03622	0.01261	0.01203	0.05192	0.16619	0.15155	0.08175	0.06541	0.05462	0.00889	0.00654	0.00207	0.00609	0.00756	0.00532	0.00841
26	0.01023	0.07606	0.01049	0.00822	0.01050	0.06978	0.00640	0.01239	0.01591	0.01988	0.30263	0.04740	0.36093	0.01319	0.00704	0.00198	0.00413	0.01103	0.00580	0.00600
27	0.01097	0.00854	0.01027	0.00950	0.01211	0.00759	0.00712	0.07310	0.01434	0.01990	0.02825	0.37124	0.08491	0.01369	0.00689	0.00200	0.00438	0.05532	0.00527	0.25462
28	0.07429	0.09477	0.17293	0.03034	0.07893	0.01614	0.09672	0.17776	0.01705	0.02471	0.01196	0.01393	0.00916	0.00611	0.00605	0.00177	0.02306	0.00500	0.00388	0.13544
29	0.10352	0.10472	0.01920	0.01464	0.01800	0.33196	0.01179	0.15364	0.01752	0.02140	0.01038	0.01233	0.00856	0.00734	0.00807	0.00189	0.13880	0.00450	0.00378	0.00797
30	0.00813	0.00645	0.00730	0.00709	0.00895	0.00562	0.00532	0.01032	0.01595	0.02066	0.34888	0.05525	0.44808	0.01475	0.00749	0.00208	0.00312	0.01257	0.00636	0.00562
31	0.01592	0.01397	0.02198	0.04504	0.12685	0.01421	0.19888	0.11036	0.16104	0.05643	0.09677	0.02294	0.04353	0.00768	0.00677	0.00201	0.00699	0.00734	0.00498	0.03632
32	0.00870	0.00608	0.00699	0.00725	0.00766	0.00585	0.00443	0.00923	0.01077	0.01413	0.05292	0.18254	0.12276	0.50664	0.02357	0.00480	0.00519	0.01152	0.00461	0.00437
33	0.01299	0.01233	0.01764	0.04390	0.04035	0.01535	0.03618	0.01499	0.01123	0.01674	0.01352	0.07910	0.01383	0.01104	0.01521	0.00247	0.46116	0.07047	0.00346	0.10802

[dist]
# distance from previous block
# <min> <max>
0	1

[block]
# block no. 8 follows, 35 sequences, length 13
# corresponding to MSA columns:
# 332-344
name=unknown_I
#
# <colnr> <probs for GDERKNQSTAVLIFYWHMCP>
#	G	D	E	R	K	N	Q	S	T	A	V	L	I	F	Y	W	H	M	C	P
0	0.01805	0.01615	0.01553	0.01357	0.01737	0.09737	0.01062	0.14742	0.53122	0.02758	0.02228	0.02091	0.01669	0.00821	0.00636	0.00205	0.00606	0.00659	0.00609	0.00987
