[name]
unknown

[dist]
# distance from previous block
# <min> <max>
0	129

[block]
# block no. 0 follows, 36 sequences, length 32
# corresponding to MSA columns:
# 148-179
name=unknown_A
#
# <colnr> <probs for GDERKNQSTAVLIFYWHMCP>
#	G	D	E	R	K	N	Q	S	T	A	V	L	I	F	Y	W	H	M	C	P
0	0.00952	0.00831	0.01186	0.01145	0.01291	0.03902	0.10083	0.01179	0.03653	0.01685	0.03094	0.57859	0.05582	0.01653	0.00772	0.00242	0.00494	0.03285	0.00534	0.00578
1	0.01237	0.16577	0.30303	0.01327	0.01858	0.03274	0.02989	0.03731	0.01358	0.01814	0.02112	0.18038	0.07948	0.01006	0.00626	0.00201	0.00688	0.03771	0.00384	0.00758
2	0.03255	0.03553	0.10809	0.08971	0.13797	0.05334	0.09784	0.06495	0.06234	0.07174	0.03371	0.11678	0.02850	0.03044	0.00718	0.00213	0.00716	0.00755	0.00427	0.00821
3	0.01799	0.04858	0.05046	0.05862	0.40304	0.03334	0.05958	0.06997	0.03624	0.13995	0.01426	0.01627	0.01080	0.00616	0.00615	0.00187	0.00731	0.00566	0.00411	0.00965
4	0.00806	0.00705	0.00795	0.00907	0.07180	0.00608	0.00598	0.00982	0.01420	0.01714	0.05868	0.05611	0.67660	0.01490	0.00726	0.00208	0.00352	0.01249	0.00555	0.00566
5	0.01162	0.01037	0.01213	0.05815	0.14591	0.07264	0.00919	0.01389	0.01475	0.05225	0.08917	0.05988	0.38292	0.01208	0.00692	0.00203	0.00510	0.02927	0.00506	0.00667
6	0.01401	0.07003	0.06596	0.37182	0.11627	0.08042	0.03286	0.04609	0.01355	0.01724	0.01170	0.01723	0.00978	0.07319	0.00868	0.00230	0.03284	0.00554	0.00307	0.00744
7	0.01422	0.01588	0.03418	0.02458	0.03034	0.01492	0.65770	0.01902	0.01422	0.01928	0.01321	0.01888	0.01059	0.07227	0.00946	0.00244	0.01012	0.00750	0.00321	0.00800
8	0.00865	0.00667	0.00806	0.00762	0.00950	0.00584	0.00568	0.01101	0.01572	0.02143	0.41926	0.11867	0.24218	0.01354	0.00718	0.00197	0.00321	0.01177	0.00618	0.07588
9	0.01269	0.03090	0.68724	0.01849	0.02745	0.01458	0.08319	0.01975	0.01329	0.01975	0.01130	0.01347	0.00803	0.00586	0.00604	0.00198	0.00932	0.00484	0.00268	0.00914
10	0.00893	0.00654	0.00933	0.00933	0.01021	0.00742	0.00694	0.01069	0.00981	0.01396	0.01731	0.02792	0.01707	0.20175	0.60336	0.00917	0.01444	0.00718	0.00343	0.00519
11	0.00890	0.00668	0.01001	0.01001	0.01113	0.00779	0.00779	0.01113	0.01001	0.01446	0.01669	0.02448	0.01558	0.04673	0.75634	0.01001	0.01669	0.00668	0.00334	0.00556
12	0.00906	0.00604	0.00680	0.00680	0.00680	0.00604	0.00378	0.00906	0.00906	0.01208	0.01963	0.04077	0.02265	0.78103	0.03171	0.00604	0.00604	0.00906	0.00378	0.00378
13	0.78103	0.01235	0.00968	0.00853	0.01245	0.01427	0.00703	0.05693	0.01163	0.02858	0.00902	0.01039	0.00696	0.00588	0.00399	0.00192	0.00493	0.00350	0.00399	0.00696
14	0.01750	0.58991	0.08786	0.01219	0.01746	0.15367	0.01190	0.01985	0.01359	0.01517	0.00904	0.01047	0.00799	0.00557	0.00444	0.00143	0.00768	0.00356	0.00276	0.00796
15	0.01353	0.00823	0.01006	0.00887	0.01122	0.00785	0.00678	0.08944	0.01698	0.15122	0.29639	0.06655	0.15456	0.08637	0.04143	0.00272	0.00472	0.00993	0.00628	0.00687
16	0.02327	0.02970	0.01766	0.01605	0.01926	0.75602	0.01204	0.02488	0.01766	0.01525	0.00963	0.01124	0.00803	0.00642	0.00562	0.00161	0.01124	0.00401	0.00321	0.00722
17	0.00844	0.00602	0.00814	0.00953	0.01023	0.00578	0.00711	0.01008	0.01263	0.01668	0.03342	0.52154	0.03885	0.04341	0.00894	0.00275	0.00439	0.24111	0.00570	0.00524
18	0.01554	0.01396	0.02072	0.11495	0.02351	0.06600	0.19534	0.03646	0.01457	0.08937	0.04959	0.01691	0.01216	0.00633	0.00701	0.00173	0.05845	0.00571	0.00394	0.24776
19	0.01248	0.01180	0.01997	0.62430	0.17911	0.01403	0.01766	0.01654	0.01280	0.01678	0.01120	0.01638	0.00861	0.00610	0.00622	0.00203	0.00813	0.00554	0.00283	0.00750
20	0.01666	0.78478	0.03265	0.01066	0.01599	0.02465	0.01066	0.01866	0.01266	0.01466	0.00866	0.00999	0.00800	0.00533	0.00400	0.00133	0.00666	0.00333	0.00267	0.00800
21	0.01527	0.01465	0.02502	0.06824	0.71334	0.01476	0.01905	0.01899	0.01412	0.02017	0.01169	0.01547	0.00980	0.00558	0.00617	0.00186	0.00744	0.00555	0.00307	0.00975
22	0.00906	0.00604	0.00680	0.00680	0.00680	0.00604	0.00378	0.00906	0.00906	0.01208	0.01963	0.04077	0.02265	0.78103	0.03171	0.00604	0.00604	0.00906	0.00378	0.00378
23	0.00786	0.00562	0.00754	0.00899	0.00947	0.00530	0.00626	0.00915	0.01220	0.01621	0.03419	0.69812	0.04061	0.01926	0.00803	0.00257	0.00385	0.09387	0.00578	0.00514
24	0.01222	0.01232	0.02007	0.15629	0.06575	0.04372	0.22666	0.03255	0.03511	0.01849	0.02866	0.07790	0.22409	0.00963	0.00699	0.00208	0.00712	0.00907	0.00418	0.00713
25	0.04444	0.09432	0.57299	0.01678	0.02500	0.01542	0.05021	0.05031	0.01394	0.04442	0.01154	0.01327	0.00829	0.00596	0.00576	0.00192	0.00865	0.00466	0.00303	0.00908
26	0.01484	0.01642	0.03457	0.02855	0.16800	0.01557	0.58586	0.01980	0.01461	0.02003	0.01244	0.01654	0.00953	0.00531	0.00713	0.00205	0.00991	0.00701	0.00314	0.00868
27	0.04454	0.00826	0.00882	0.00822	0.01080	0.00797	0.00631	0.01605	0.15204	0.08278	0.10882	0.06488	0.43092	0.01310	0.00694	0.00208	0.00374	0.01093	0.00607	0.00671
28	0.05521	0.01524	0.06922	0.06865	0.42893	0.01435	0.01632	0.08926	0.03615	0.12537	0.01403	0.01609	0.01063	0.00620	0.00607	0.00189	0.00703	0.00554	0.00413	0.00969
29	0.01026	0.01307	0.16907	0.01658	0.16153	0.00907	0.01217	0.01324	0.01281	0.01788	0.04486	0.43886	0.02825	0.01359	0.00714	0.00226	0.00556	0.01227	0.00459	0.00694
30	0.01725	0.61647	0.09036	0.01191	0.01736	0.08420	0.01187	0.05853	0.01405	0.01651	0.00930	0.01064	0.00813	0.00559	0.00442	0.00144	0.00727	0.00362	0.00291	0.00818
31	0.01471	0.25371	0.43247	0.01628	0.05382	0.07069	0.01804	0.02013	0.03331	0.01811	0.01074	0.01246	0.00833	0.00584	0.00535	0.00176	0.00840	0.00429	0.00281	0.00875

[dist]
# distance from previous block
# <min> <max>
0	3

[block]
# block no. 1 follows, 36 sequences, length 18
# corresponding to MSA columns:
# 183-200
name=unknown_B
#
# <colnr> <probs for GDERKNQSTAVLIFYWHMCP>
#	G	D	E	R	K	N	Q	S	T	A	V	L	I	F	Y	W	H	M	C	P
0	0.82504	0.01205	0.00916	0.00819	0.01205	0.01398	0.00675	0.01832	0.01060	0.02795	0.00868	0.01012	0.00675	0.00578	0.00386	0.00193	0.00482	0.00337	0.00386	0.00675
1	0.01082	0.00541	0.00812	0.00812	0.00812	0.00541	0.00541	0.00812	0.00812	0.01082	0.01082	0.01894	0.01082	0.02165	0.02435	0.81872	0.00541	0.00541	0.00271	0.00271
2	0.00827	0.00635	0.00757	0.00727	0.00897	0.00565	0.00545	0.01071	0.01635	0.02194	0.48633	0.05156	0.31324	0.01387	0.00735	0.00201	0.00302	0.01197	0.00646	0.00565
3	0.05914	0.01167	0.01315	0.00970	0.01499	0.00975	0.00778	0.06233	0.05569	0.02229	0.01202	0.01350	0.00975	0.00509	0.00478	0.00111	0.00479	0.00399	0.00402	0.67447
4	0.00832	0.00605	0.00797	0.00915	0.01006	0.00571	0.00686	0.01005	0.01316	0.01727	0.07669	0.46393	0.11466	0.01810	0.00804	0.00255	0.00412	0.20615	0.00583	0.00532
5	0.01843	0.16737	0.17688	0.01389	0.01955	0.01812	0.01350	0.26702	0.16574	0.05589	0.01545	0.01556	0.01143	0.00694	0.00576	0.00184	0.00687	0.00527	0.00485	0.00965
6	0.00947	0.00734	0.00874	0.00822	0.01010	0.00711	0.00621	0.01420	0.11723	0.02353	0.50532	0.04591	0.18745	0.01274	0.00721	0.00201	0.00326	0.01105	0.00657	0.00632
7	0.00869	0.00621	0.00849	0.00993	0.01078	0.00601	0.00770	0.01058	0.01301	0.01714	0.03373	0.45908	0.03880	0.01848	0.00825	0.00268	0.00457	0.32473	0.00576	0.00537
8	0.00881	0.00664	0.00821	0.00906	0.00996	0.00662	0.00626	0.01229	0.11382	0.01762	0.06461	0.58867	0.05826	0.04713	0.00860	0.00257	0.00385	0.01545	0.00583	0.00573
9	0.01708	0.01754	0.01788	0.08513	0.18192	0.19875	0.01313	0.02643	0.33073	0.02122	0.01716	0.01794	0.01331	0.00710	0.00611	0.00193	0.00734	0.00583	0.00452	0.00895
10	0.00906	0.00604	0.00680	0.00680	0.00680	0.00604	0.00378	0.00906	0.00906	0.01208	0.01963	0.04077	0.02265	0.78103	0.03171	0.00604	0.00604	0.00906	0.00378	0.00378
11	0.01714	0.01836	0.02405	0.03148	0.50012	0.18757	0.06378	0.02037	0.01486	0.01894	0.01116	0.01447	0.00935	0.00593	0.00664	0.00184	0.03648	0.00531	0.00310	0.00904
12	0.01193	0.01045	0.01736	0.53002	0.05480	0.01223	0.04223	0.01568	0.01308	0.03836	0.01720	0.05250	0.03414	0.00865	0.00673	0.00221	0.00757	0.11440	0.00359	0.00688
13	0.00759	0.00542	0.00723	0.00868	0.00904	0.00506	0.00578	0.00868	0.01193	0.01591	0.03434	0.77697	0.04121	0.01952	0.00795	0.00253	0.00361	0.01771	0.00578	0.00506
14	0.02509	0.01232	0.01616	0.01508	0.11135	0.03639	0.01074	0.06161	0.06724	0.54299	0.02198	0.01995	0.01446	0.00742	0.00623	0.00192	0.00583	0.00612	0.00679	0.01034
15	0.02289	0.01662	0.01898	0.01735	0.11605	0.09394	0.03813	0.34156	0.04873	0.19742	0.01649	0.01645	0.01162	0.00712	0.00621	0.00187	0.00709	0.00570	0.00572	0.01004
16	0.00800	0.00571	0.00770	0.00914	0.00968	0.00541	0.00649	0.00938	0.01233	0.01636	0.03412	0.65982	0.04032	0.01914	0.00806	0.00259	0.00397	0.13085	0.00578	0.00517
17	0.02110	0.01617	0.01724	0.01381	0.01834	0.01811	0.01122	0.50389	0.25101	0.03509	0.01825	0.01758	0.01326	0.00779	0.00627	0.00195	0.00625	0.00606	0.00627	0.01036

[dist]
# distance from previous block
# <min> <max>
0	1

[block]
# block no. 2 follows, 36 sequences, length 12
# corresponding to MSA columns:
# 203-214
name=unknown_C
#
# <colnr> <probs for GDERKNQSTAVLIFYWHMCP>
#	G	D	E	R	K	N	Q	S	T	A	V	L	I	F	Y	W	H	M	C	P
0	0.01599	0.01769	0.13121	0.02126	0.21314	0.04538	0.05111	0.10271	0.25561	0.02399	0.01739	0.01978	0.01367	0.00729	0.00633	0.00200	0.00704	0.03433	0.00457	0.00950
1	0.01705	0.61697	0.08373	0.01275	0.04401	0.08185	0.01203	0.04059	0.01366	0.01604	0.00923	0.01068	0.00814	0.00553	0.00442	0.00144	0.00725	0.00363	0.00283	0.00817
2	0.01677	0.01078	0.02780	0.01197	0.04359	0.00955	0.05163	0.05642	0.05593	0.22425	0.10060	0.04853	0.06865	0.04009	0.00726	0.00196	0.00518	0.01980	0.04307	0.15618
3	0.04031	0.23960	0.21115	0.01602	0.07372	0.14749	0.04331	0.04143	0.01471	0.06641	0.01341	0.01471	0.03953	0.00636	0.00543	0.00172	0.00805	0.00479	0.00341	0.00843
4	0.01048	0.01019	0.07638	0.03858	0.04852	0.00870	0.00901	0.01569	0.11420	0.02296	0.43344	0.06790	0.04155	0.04838	0.00821	0.00222	0.00443	0.02648	0.00586	0.00682
5	0.00744	0.00631	0.00642	0.00639	0.00846	0.00529	0.00480	0.00910	0.01439	0.01728	0.09993	0.05923	0.70254	0.01561	0.00736	0.00210	0.00314	0.01305	0.00584	0.00529
6	0.01631	0.00791	0.01031	0.00915	0.01186	0.00696	0.00704	0.01837	0.01582	0.32370	0.16507	0.20986	0.14629	0.01272	0.00704	0.00210	0.00412	0.01099	0.00679	0.00757
7	0.01866	0.11342	0.13408	0.02120	0.23457	0.18300	0.01502	0.04513	0.01556	0.11334	0.01288	0.01448	0.00989	0.00619	0.00569	0.00175	0.00801	0.00489	0.03333	0.00891
8	0.02615	0.01098	0.01442	0.01122	0.01583	0.00998	0.00921	0.07519	0.05295	0.63013	0.05859	0.02212	0.01738	0.00798	0.00632	0.00193	0.00527	0.00650	0.00751	0.01034
9	0.00797	0.00584	0.00728	0.00808	0.00906	0.00534	0.00571	0.00959	0.01344	0.01789	0.15129	0.45774	0.18871	0.01717	0.00765	0.00233	0.00348	0.04411	0.03204	0.00528
10	0.01507	0.04681	0.32476	0.04736	0.16126	0.07733	0.01740	0.03965	0.01468	0.06995	0.04445	0.01942	0.03692	0.00723	0.00642	0.00195	0.02220	0.03475	0.00364	0.00872
11	0.01690	0.08699	0.08873	0.02863	0.45527	0.03596	0.01699	0.11297	0.03907	0.04120	0.01254	0.01495	0.01001	0.00599	0.00595	0.00182	0.00739	0.00530	0.00365	0.00968

[dist]
# distance from previous block
# <min> <max>
1	3

[block]
# block no. 3 follows, 36 sequences, length 43
# corresponding to MSA columns:
# 299-318,320-336,343-348
name=unknown_D
#
# <colnr> <probs for GDERKNQSTAVLIFYWHMCP>
#	G	D	E	R	K	N	Q	S	T	A	V	L	I	F	Y	W	H	M	C	P
0	0.38298	0.11746	0.12431	0.01345	0.08062	0.04889	0.01132	0.05108	0.03986	0.02359	0.01153	0.04935	0.00974	0.00660	0.00487	0.00187	0.00627	0.00472	0.00372	0.00779
1	0.00757	0.00550	0.00715	0.00847	0.00898	0.00508	0.00569	0.00870	0.01212	0.01598	0.03680	0.71575	0.10084	0.01920	0.00790	0.00249	0.00358	0.01732	0.00578	0.00508
2	0.00844	0.00626	0.00799	0.00859	0.00985	0.00580	0.00655	0.01055	0.01454	0.01929	0.24073	0.27044	0.18236	0.01634	0.00781	0.00236	0.00380	0.16673	0.00608	0.00548
3	0.01275	0.05428	0.68602	0.01803	0.02695	0.01485	0.06266	0.01971	0.01323	0.01959	0.01119	0.01327	0.00799	0.00586	0.00594	0.00196	0.00920	0.00472	0.00266	0.00912
4	0.00815	0.00626	0.00745	0.00732	0.00894	0.00557	0.00543	0.01039	0.01580	0.02102	0.41442	0.11659	0.32111	0.01452	0.00741	0.00207	0.00308	0.01257	0.00635	0.00557
5	0.02259	0.08998	0.01999	0.01414	0.01888	0.04748	0.01181	0.60001	0.02648	0.03505	0.01389	0.01430	0.01016	0.00738	0.00658	0.00184	0.03841	0.00533	0.00564	0.01007
6	0.01335	0.12050	0.63996	0.01687	0.02542	0.04073	0.02120	0.01978	0.01325	0.01898	0.01083	0.01272	0.00791	0.00587	0.00568	0.00189	0.00898	0.00443	0.00265	0.00900
7	0.01678	0.65624	0.09896	0.01167	0.01727	0.04877	0.01192	0.04791	0.01356	0.01617	0.00919	0.01054	0.00809	0.00551	0.00433	0.00142	0.00707	0.00357	0.00283	0.00819
8	0.06927	0.01541	0.02165	0.22293	0.33165	0.10283	0.06311	0.04427	0.01444	0.01964	0.01183	0.03363	0.00980	0.00624	0.00609	0.00192	0.00802	0.00564	0.00325	0.00838
9	0.01464	0.01643	0.11615	0.06153	0.44654	0.01447	0.05849	0.03371	0.09617	0.02086	0.01439	0.05299	0.01210	0.00666	0.00632	0.00195	0.00738	0.00629	0.00358	0.00935
10	0.01588	0.01508	0.02555	0.03608	0.65673	0.01514	0.05938	0.06212	0.01514	0.02149	0.01197	0.01547	0.00989	0.00565	0.00624	0.00187	0.00755	0.00566	0.00328	0.00983
11	0.00755	0.00609	0.00672	0.00704	0.00865	0.00526	0.00510	0.00912	0.01393	0.01731	0.11505	0.23969	0.50378	0.01646	0.00751	0.00220	0.00325	0.01414	0.00588	0.00526
12	0.01177	0.01107	0.01869	0.76606	0.04291	0.01384	0.01730	0.01592	0.01246	0.01592	0.01107	0.01661	0.00831	0.00623	0.00623	0.00208	0.00831	0.00554	0.00277	0.00692
13	0.01177	0.01107	0.01869	0.76606	0.04291	0.01384	0.01730	0.01592	0.01246	0.01592	0.01107	0.01661	0.00831	0.00623	0.00623	0.00208	0.00831	0.00554	0.00277	0.00692
14	0.02069	0.05385	0.01866	0.01461	0.01804	0.18040	0.01190	0.36079	0.02121	0.02718	0.01232	0.01398	0.00963	0.00785	0.00887	0.00195	0.16619	0.00513	0.03800	0.00876
15	0.01293	0.01051	0.01230	0.00952	0.01412	0.00863	0.00746	0.01704	0.08640	0.04360	0.04818	0.09354	0.01592	0.00699	0.00531	0.00129	0.00449	0.00588	0.00444	0.59147
16	0.01595	0.14684	0.36201	0.01930	0.12700	0.08729	0.04694	0.05465	0.01472	0.05268	0.01156	0.01340	0.00875	0.00595	0.00571	0.00182	0.00850	0.00472	0.00319	0.00902
17	0.01346	0.01275	0.01928	0.14985	0.28995	0.04197	0.03796	0.03159	0.01338	0.01824	0.03643	0.07777	0.03273	0.05187	0.00992	0.00235	0.11361	0.03559	0.00358	0.00771
18	0.01292	0.01107	0.01292	0.00923	0.01477	0.00831	0.00738	0.01569	0.01292	0.02030	0.01107	0.01292	0.00923	0.00461	0.00461	0.00092	0.00461	0.00369	0.00369	0.81912
19	0.00940	0.00611	0.00785	0.00842	0.00955	0.00554	0.00593	0.01093	0.01356	0.07693	0.14024	0.50961	0.13834	0.01705	0.00765	0.00234	0.00359	0.01521	0.00610	0.00566
20	0.01292	0.01107	0.01292	0.00923	0.01477	0.00831	0.00738	0.01569	0.01292	0.02030	0.01107	0.01292	0.00923	0.00461	0.00461	0.00092	0.00461	0.00369	0.00369	0.81912
21	0.01237	0.02333	0.47729	0.01517	0.03886	0.01196	0.01730	0.01839	0.03849	0.05629	0.15108	0.05600	0.04033	0.00825	0.00636	0.00200	0.00723	0.00687	0.00404	0.00839
22	0.01114	0.00824	0.01161	0.02894	0.01330	0.00901	0.02670	0.04327	0.01288	0.05043	0.02478	0.16457	0.04544	0.06718	0.18852	0.00454	0.08408	0.19456	0.00474	0.00609
23	0.02068	0.24038	0.02153	0.01422	0.01805	0.48076	0.01145	0.02391	0.08339	0.01610	0.01084	0.01202	0.00905	0.00631	0.00523	0.00158	0.00936	0.00411	0.00335	0.00769
24	0.01293	0.11012	0.67463	0.01702	0.02583	0.01552	0.02174	0.01962	0.01310	0.01921	0.01092	0.01283	0.00790	0.00586	0.00572	0.00191	0.00894	0.00447	0.00263	0.00908
25	0.03206	0.07105	0.49082	0.01619	0.02369	0.06099	0.04891	0.05191	0.01455	0.07440	0.01466	0.01592	0.04448	0.00657	0.00592	0.00192	0.00846	0.00517	0.00341	0.00890
26	0.01187	0.01018	0.01596	0.42819	0.02969	0.01215	0.02884	0.06554	0.03101	0.01738	0.01396	0.04409	0.01183	0.01781	0.20026	0.03479	0.01006	0.00631	0.00336	0.00672
27	0.01216	0.01166	0.02059	0.54569	0.09225	0.01346	0.10668	0.01622	0.01295	0.01691	0.01340	0.05201	0.01134	0.00716	0.00656	0.00212	0.00819	0.04032	0.00312	0.00720
28	0.01500	0.01455	0.02544	0.03588	0.64871	0.01444	0.07777	0.01872	0.01413	0.02012	0.01283	0.05026	0.01126	0.00616	0.00635	0.00190	0.00749	0.00626	0.00321	0.00953
29	0.01626	0.08795	0.40918	0.04407	0.02387	0.01383	0.07338	0.02144	0.01421	0.18170	0.01503	0.04656	0.01110	0.00679	0.00604	0.00195	0.00796	0.00566	0.00395	0.00910
30	0.00950	0.00873	0.01471	0.01252	0.01503	0.00798	0.18948	0.01197	0.01375	0.01789	0.08312	0.30256	0.24132	0.01423	0.00760	0.00226	0.00526	0.03085	0.00517	0.00605
31	0.01295	0.01645	0.18119	0.01596	0.02050	0.03983	0.16359	0.04259	0.08195	0.02050	0.04059	0.05556	0.01972	0.01156	0.04175	0.00260	0.00796	0.18572	0.03135	0.00767
32	0.09616	0.04335	0.20297	0.01443	0.04558	0.06019	0.01353	0.13647	0.06738	0.23487	0.01628	0.01607	0.01127	0.00685	0.00584	0.00190	0.00696	0.00526	0.00511	0.00951
33	0.01198	0.01129	0.01907	0.72337	0.08392	0.01390	0.01741	0.01611	0.01256	0.01618	0.01111	0.01654	0.00840	0.00619	0.00623	0.00206	0.00825	0.00554	0.00279	0.00709
34	0.01612	0.01370	0.01444	0.01281	0.01644	0.01579	0.01001	0.08574	0.67726	0.02707	0.02456	0.02261	0.01838	0.00838	0.00633	0.00209	0.00508	0.00693	0.00633	0.00992
35	0.01445	0.00766	0.00986	0.00857	0.01118	0.00678	0.00668	0.01698	0.01709	0.24560	0.39862	0.04114	0.16676	0.01173	0.00702	0.00198	0.00371	0.01006	0.00693	0.00722
36	0.00890	0.00668	0.01001	0.01001	0.01113	0.00779	0.00779	0.01113	0.01001	0.01446	0.01669	0.02448	0.01558	0.04673	0.75634	0.01001	0.01669	0.00668	0.00334	0.00556
37	0.01730	0.00787	0.00995	0.00863	0.01139	0.00715	0.00680	0.01987	0.01581	0.31448	0.15468	0.07329	0.04587	0.00964	0.00607	0.00185	0.00400	0.02482	0.25284	0.00769
38	0.01542	0.01480	0.02529	0.03824	0.74217	0.01480	0.01912	0.01912	0.01419	0.02036	0.01172	0.01542	0.00987	0.00555	0.00617	0.00185	0.00740	0.00555	0.00308	0.00987
39	0.82504	0.01205	0.00916	0.00819	0.01205	0.01398	0.00675	0.01832	0.01060	0.02795	0.00868	0.01012	0.00675	0.00578	0.00386	0.00193	0.00482	0.00337	0.00386	0.00675
40	0.00906	0.00604	0.00680	0.00680	0.00680	0.00604	0.00378	0.00906	0.00906	0.01208	0.01963	0.04077	0.02265	0.78103	0.03171	0.00604	0.00604	0.00906	0.00378	0.00378
41	0.03874	0.03689	0.01421	0.01021	0.01539	0.04422	0.00824	0.06505	0.04971	0.07944	0.01290	0.01397	0.01013	0.00538	0.00494	0.00120	0.00521	0.00418	0.00426	0.57574
42	0.01280	0.00950	0.01495	0.01748	0.19350	0.00896	0.05818	0.01518	0.01376	0.10264	0.06964	0.33109	0.02735	0.03120	0.00768	0.00225	0.00533	0.02859	0.00508	0.04484

[dist]
# distance from previous block
# <min> <max>
2	4

[block]
# block no. 4 follows, 36 sequences, length 10
# corresponding to MSA columns:
# 353-362
name=unknown_E
#
# <colnr> <probs for GDERKNQSTAVLIFYWHMCP>
#	G	D	E	R	K	N	Q	S	T	A	V	L	I	F	Y	W	H	M	C	P
0	0.01697	0.01672	0.04478	0.01797	0.11639	0.10179	0.08237	0.12556	0.31850	0.02463	0.02031	0.02044	0.04987	0.00764	0.00635	0.00198	0.00689	0.00653	0.00504	0.00926
1	0.00817	0.00620	0.00765	0.00852	0.00978	0.00568	0.00647	0.00994	0.01355	0.01731	0.07596	0.32621	0.27893	0.01737	0.00788	0.00244	0.00395	0.18282	0.00582	0.00533
2	0.05901	0.26765	0.14504	0.01444	0.01991	0.14309	0.06122	0.14914	0.04789	0.02163	0.01139	0.01268	0.00897	0.00616	0.00532	0.00170	0.00798	0.00451	0.00366	0.00859
3	0.01457	0.22450	0.14897	0.01739	0.15653	0.09134	0.01371	0.01853	0.04539	0.01835	0.06829	0.04089	0.05736	0.00797	0.00585	0.00182	0.00704	0.04974	0.00371	0.00804
4	0.00769	0.00576	0.00710	0.00799	0.00884	0.00531	0.00548	0.00889	0.01226	0.01584	0.04018	0.50147	0.22477	0.06801	0.04710	0.00302	0.00431	0.01539	0.00553	0.00506
5	0.01094	0.00997	0.01433	0.04512	0.18432	0.04591	0.05480	0.01324	0.01353	0.01779	0.06050	0.34696	0.10495	0.01340	0.00725	0.00222	0.00549	0.03783	0.00479	0.00666
6	0.01686	0.24824	0.24575	0.01613	0.06991	0.05548	0.03453	0.12857	0.07065	0.03967	0.01243	0.01363	0.00956	0.00620	0.00548	0.00175	0.00769	0.00472	0.00368	0.00907
7	0.00928	0.00665	0.00836	0.00821	0.00850	0.00726	0.00541	0.00995	0.00934	0.01288	0.01819	0.03486	0.01993	0.54081	0.22418	0.00691	0.05303	0.00822	0.00360	0.00443
8	0.00974	0.00629	0.00752	0.00759	0.00804	0.00617	0.00484	0.01038	0.01070	0.04214	0.07339	0.10222	0.02759	0.56865	0.02507	0.00503	0.00557	0.07012	0.00448	0.00446
9	0.04590	0.02072	0.24248	0.02186	0.22806	0.08253	0.03613	0.08336	0.01561	0.09410	0.01382	0.04333	0.01090	0.00767	0.02466	0.00211	0.00813	0.00565	0.00384	0.00912

[dist]
# distance from previous block
# <min> <max>
0	1

[block]
# block no. 5 follows, 36 sequences, length 14
# corresponding to MSA columns:
# 364-377
name=unknown_F
#
# <colnr> <probs for GDERKNQSTAVLIFYWHMCP>
#	G	D	E	R	K	N	Q	S	T	A	V	L	I	F	Y	W	H	M	C	P
0	0.01798	0.11547	0.02299	0.01604	0.04498	0.07538	0.18682	0.07944	0.04376	0.12714	0.01390	0.01524	0.01045	0.00589	0.00580	0.00163	0.00729	0.00531	0.00427	0.20024
1	0.01014	0.00808	0.01126	0.01048	0.01144	0.00933	0.03295	0.01265	0.05641	0.01471	0.01706	0.02810	0.01699	0.27519	0.36137	0.00709	0.10029	0.00735	0.00359	0.00551
2	0.32684	0.10766	0.22652	0.01408	0.05498	0.06705	0.03253	0.02029	0.06047	0.02247	0.01083	0.01238	0.00836	0.00597	0.00496	0.00186	0.00703	0.00423	0.00343	0.00804
3	0.06852	0.07242	0.07106	0.01706	0.17947	0.03351	0.01190	0.06970	0.01461	0.05616	0.01178	0.01359	0.00938	0.00546	0.00519	0.00144	0.00612	0.00440	0.00378	0.34445
4	0.00920	0.00756	0.00831	0.00796	0.00956	0.04448	0.00590	0.01147	0.01561	0.02072	0.42315	0.04622	0.22932	0.06553	0.06507	0.00285	0.00466	0.01090	0.00593	0.00563
5	0.01251	0.07199	0.49823	0.01482	0.02182	0.01318	0.01770	0.01874	0.04566	0.04224	0.11160	0.04090	0.04874	0.00776	0.00614	0.00196	0.00749	0.00630	0.00374	0.00847
6	0.02161	0.02342	0.01775	0.01536	0.01868	0.42528	0.01197	0.19756	0.08339	0.02215	0.01220	0.01350	0.00966	0.00736	0.00748	0.00184	0.09350	0.00484	0.00419	0.00825
7	0.00859	0.00620	0.00704	0.00694	0.00861	0.00557	0.00516	0.01085	0.01518	0.02083	0.30801	0.09044	0.33131	0.01352	0.00692	0.00197	0.00306	0.01156	0.13266	0.00557
8	0.01171	0.01034	0.01327	0.01150	0.01378	0.04931	0.07548	0.01579	0.08967	0.04262	0.24645	0.03712	0.18601	0.01344	0.04819	0.00254	0.09484	0.02589	0.00535	0.00671
9	0.01023	0.00780	0.01136	0.10124	0.04373	0.00806	0.01075	0.01320	0.01420	0.01858	0.06679	0.08261	0.05233	0.01527	0.00811	0.00266	0.00582	0.51587	0.00535	0.00601
10	0.01177	0.01107	0.01869	0.76606	0.04291	0.01384	0.01730	0.01592	0.01246	0.01592	0.01107	0.01661	0.00831	0.00623	0.00623	0.00208	0.00831	0.00554	0.00277	0.00692
11	0.01668	0.01515	0.02119	0.14622	0.36915	0.04844	0.01595	0.14744	0.11393	0.02360	0.01396	0.01640	0.01091	0.00644	0.00619	0.00191	0.00728	0.00569	0.00405	0.00941
12	0.01017	0.00826	0.01085	0.01053	0.01167	0.03873	0.00816	0.01241	0.03565	0.01475	0.01756	0.02413	0.04541	0.03761	0.55069	0.07498	0.07273	0.00666	0.00344	0.00563
13	0.01344	0.01321	0.01842	0.01955	0.18323	0.08986	0.10770	0.01700	0.05061	0.01869	0.08088	0.10541	0.01963	0.03452	0.08431	0.00297	0.06520	0.03307	0.00405	0.03827

[dist]
# distance from previous block
# <min> <max>
0	7

[block]
# block no. 6 follows, 36 sequences, length 24
# corresponding to MSA columns:
# 385-408
name=unknown_G
#
# <colnr> <probs for GDERKNQSTAVLIFYWHMCP>
#	G	D	E	R	K	N	Q	S	T	A	V	L	I	F	Y	W	H	M	C	P
0	0.01579	0.06882	0.15273	0.02290	0.26066	0.08654	0.06045	0.07283	0.09469	0.02175	0.07015	0.01762	0.01409	0.00670	0.00612	0.00187	0.00758	0.00582	0.00388	0.00902
1	0.01127	0.00957	0.01338	0.06867	0.01534	0.03701	0.05414	0.04717	0.01185	0.01611	0.01798	0.18102	0.01865	0.07484	0.22297	0.06683	0.11476	0.00872	0.00384	0.00588
2	0.01194	0.01069	0.01666	0.03724	0.27931	0.01101	0.04328	0.01493	0.03428	0.01839	0.06088	0.12876	0.09616	0.08043	0.01028	0.00253	0.06575	0.06592	0.00426	0.00729
3	0.00906	0.00604	0.00680	0.00680	0.00680	0.00604	0.00378	0.00906	0.00906	0.01208	0.01963	0.04077	0.02265	0.78103	0.03171	0.00604	0.00604	0.00906	0.00378	0.00378
4	0.01542	0.01480	0.02529	0.03824	0.74217	0.01480	0.01912	0.01912	0.01419	0.02036	0.01172	0.01542	0.00987	0.00555	0.00617	0.00185	0.00740	0.00555	0.00308	0.00987
5	0.82504	0.01205	0.00916	0.00819	0.01205	0.01398	0.00675	0.01832	0.01060	0.02795	0.00868	0.01012	0.00675	0.00578	0.00386	0.00193	0.00482	0.00337	0.00386	0.00675
6	0.02318	0.01720	0.01841	0.01423	0.01913	0.01909	0.01172	0.67897	0.07253	0.03845	0.01560	0.01547	0.01111	0.00754	0.00624	0.00188	0.00674	0.00570	0.00624	0.01055
7	0.01003	0.00652	0.00772	0.00727	0.00913	0.00589	0.00551	0.01254	0.01592	0.06683	0.38471	0.04505	0.24429	0.01241	0.00680	0.00192	0.00314	0.01061	0.13772	0.00598
8	0.00899	0.00608	0.00712	0.00717	0.00729	0.00617	0.00423	0.00924	0.00926	0.01245	0.01990	0.06654	0.02267	0.68281	0.09987	0.00629	0.00696	0.00915	0.00381	0.00399
9	0.01012	0.00666	0.00830	0.00784	0.00967	0.00596	0.00589	0.01250	0.01629	0.08893	0.44199	0.11472	0.22033	0.01364	0.00731	0.00204	0.00327	0.01186	0.00658	0.00609
10	0.01218	0.01155	0.01626	0.01362	0.01676	0.04261	0.16942	0.01916	0.21728	0.02061	0.09038	0.16495	0.15582	0.01132	0.00710	0.00215	0.00574	0.01037	0.00532	0.00738
11	0.00906	0.00604	0.00680	0.00680	0.00680	0.00604	0.00378	0.00906	0.00906	0.01208	0.01963	0.04077	0.02265	0.78103	0.03171	0.00604	0.00604	0.00906	0.00378	0.00378
12	0.01668	0.01836	0.16878	0.02793	0.40052	0.01494	0.05613	0.10336	0.03804	0.07503	0.01339	0.01565	0.01022	0.00608	0.00620	0.00190	0.00764	0.00556	0.00380	0.00980
13	0.01599	0.08883	0.08427	0.01578	0.08958	0.07981	0.01224	0.02844	0.46570	0.02292	0.01980	0.01928	0.01512	0.00747	0.00600	0.00196	0.00627	0.00607	0.00507	0.00940
14	0.01235	0.01278	0.06788	0.06185	0.34111	0.03550	0.01386	0.01545	0.01392	0.01902	0.07853	0.19016	0.06652	0.01034	0.00678	0.00207	0.00619	0.03371	0.00420	0.00777
15	0.01383	0.16624	0.57148	0.01655	0.02481	0.01617	0.04389	0.01990	0.01327	0.04306	0.01122	0.01298	0.00822	0.00585	0.00563	0.00186	0.00866	0.00452	0.00282	0.00901
16	0.04127	0.14536	0.12552	0.01581	0.04575	0.03922	0.15934	0.03717	0.03901	0.14112	0.03918	0.08735	0.04093	0.00790	0.00619	0.00192	0.00715	0.00702	0.00441	0.00839
17	0.05858	0.00967	0.01243	0.00986	0.01394	0.00867	0.00806	0.02655	0.01653	0.56525	0.02302	0.02115	0.01517	0.00754	0.00577	0.00183	0.00478	0.00605	0.17573	0.00944
18	0.01609	0.12163	0.21605	0.02594	0.35692	0.03478	0.03628	0.02037	0.01413	0.08244	0.01226	0.01453	0.00952	0.00582	0.00584	0.00182	0.00778	0.00508	0.00332	0.00940
19	0.01789	0.02017	0.22226	0.02254	0.25674	0.07461	0.01671	0.06331	0.07631	0.14615	0.01495	0.01608	0.01094	0.00645	0.00609	0.00190	0.00761	0.00542	0.00422	0.00964
20	0.00906	0.00604	0.00680	0.00680	0.00680	0.00604	0.00378	0.00906	0.00906	0.01208	0.01963	0.04077	0.02265	0.78103	0.03171	0.00604	0.00604	0.00906	0.00378	0.00378
21	0.00876	0.00642	0.00836	0.00919	0.01043	0.00608	0.00723	0.01091	0.01415	0.01861	0.16208	0.24079	0.15161	0.03823	0.00867	0.00259	0.00431	0.28022	0.00590	0.00546
22	0.01675	0.07152	0.31558	0.01965	0.14077	0.05302	0.06433	0.06442	0.03650	0.12019	0.02975	0.01572	0.01099	0.00637	0.00603	0.00189	0.00800	0.00534	0.00389	0.00930
23	0.03424	0.01207	0.01841	0.13236	0.20739	0.02959	0.08575	0.05216	0.05713	0.06198	0.08148	0.14228	0.03987	0.00918	0.00667	0.00205	0.00648	0.00843	0.00451	0.00797

[dist]
# distance from previous block
# <min> <max>
0	1

[block]
# block no. 7 follows, 36 sequences, length 31
# corresponding to MSA columns:
# 410-440
name=unknown_H
#
# <colnr> <probs for GDERKNQSTAVLIFYWHMCP>
#	G	D	E	R	K	N	Q	S	T	A	V	L	I	F	Y	W	H	M	C	P
0	0.21578	0.08494	0.04264	0.01559	0.10539	0.01693	0.03539	0.29336	0.04170	0.02922	0.01238	0.01354	0.00940	0.00638	0.00538	0.00180	0.00642	0.00482	0.00459	0.05435
1	0.00920	0.00667	0.00839	0.00830	0.00983	0.00621	0.00617	0.01126	0.01466	0.04654	0.29164	0.23495	0.19729	0.01602	0.03545	0.00244	0.02562	0.03013	0.00599	0.03325
2	0.01493	0.01569	0.08264	0.03240	0.56229	0.01432	0.03745	0.04136	0.04120	0.02120	0.04573	0.03671	0.01308	0.00643	0.00629	0.00190	0.00723	0.00616	0.00351	0.00949
3	0.00914	0.00693	0.01005	0.00992	0.01085	0.00811	0.00758	0.01106	0.00988	0.01420	0.01664	0.02594	0.01608	0.13393	0.63385	0.00919	0.05097	0.00691	0.00336	0.00541
4	0.15047	0.02148	0.13066	0.02280	0.24779	0.23051	0.07051	0.02082	0.01449	0.01999	0.01060	0.01310	0.00849	0.00587	0.00568	0.00183	0.00861	0.00474	0.00318	0.00837
5	0.12465	0.46373	0.20889	0.01231	0.01834	0.04771	0.01329	0.01911	0.01269	0.01774	0.00933	0.01085	0.00780	0.00558	0.00452	0.00158	0.00722	0.00368	0.00284	0.00810
6	0.01453	0.01403	0.03161	0.09026	0.11747	0.08218	0.01161	0.02453	0.35251	0.02264	0.12244	0.02482	0.04758	0.00847	0.00641	0.00200	0.00594	0.00718	0.00522	0.00858
7	0.01331	0.11266	0.55858	0.01885	0.09000	0.01549	0.04442	0.01945	0.01324	0.01925	0.01100	0.01313	0.00817	0.00576	0.00574	0.00186	0.00867	0.00461	0.00272	0.03309
8	0.00759	0.00542	0.00723	0.00868	0.00904	0.00506	0.00578	0.00868	0.01193	0.01591	0.03434	0.77697	0.04121	0.01952	0.00795	0.00253	0.00361	0.01771	0.00578	0.00506
9	0.00755	0.00606	0.00675	0.00713	0.00867	0.00525	0.00514	0.00910	0.01382	0.01725	0.11148	0.26913	0.47756	0.01662	0.00754	0.00222	0.00327	0.01433	0.00588	0.00525
10	0.01190	0.01035	0.01556	0.35940	0.11969	0.01167	0.01307	0.03296	0.07181	0.01933	0.09056	0.06041	0.08647	0.00860	0.00640	0.00202	0.00628	0.00755	0.05876	0.00720
11	0.01329	0.01257	0.03979	0.02843	0.47845	0.01212	0.01573	0.01663	0.01376	0.01930	0.01790	0.08425	0.01764	0.01147	0.05358	0.00261	0.00742	0.14284	0.00381	0.00841
12	0.01111	0.00675	0.00962	0.03191	0.03213	0.00684	0.00702	0.01096	0.04740	0.01354	0.01511	0.02690	0.01512	0.05715	0.01983	0.54495	0.00558	0.10073	0.00341	0.03393
13	0.01595	0.01512	0.02966	0.02178	0.02700	0.01469	0.49366	0.07751	0.01586	0.08471	0.03501	0.05373	0.01341	0.00708	0.00791	0.00213	0.04892	0.02339	0.00406	0.00841
14	0.04053	0.12012	0.13498	0.01617	0.10822	0.04666	0.04434	0.10267	0.01674	0.18662	0.07185	0.01984	0.04951	0.00736	0.00598	0.00184	0.00674	0.00603	0.00482	0.00897
15	0.01695	0.49846	0.06727	0.01381	0.08787	0.05474	0.01170	0.01948	0.01387	0.08160	0.05536	0.01505	0.02809	0.00632	0.00487	0.00154	0.00667	0.00461	0.00350	0.00826
16	0.00915	0.00704	0.01049	0.01035	0.01140	0.00838	0.00809	0.01133	0.00999	0.01449	0.01624	0.02391	0.01519	0.04485	0.71776	0.00963	0.05617	0.00661	0.00331	0.00563
17	0.01204	0.00911	0.00977	0.00932	0.01106	0.04825	0.00678	0.09583	0.04941	0.04876	0.07316	0.23340	0.13990	0.12797	0.05469	0.02185	0.00556	0.01097	0.02600	0.00617
18	0.01500	0.06630	0.32487	0.01681	0.09170	0.03439	0.05046	0.01955	0.01441	0.13195	0.06490	0.07605	0.05047	0.00804	0.00626	0.00196	0.00728	0.00682	0.00417	0.00860
19	0.01452	0.15186	0.35191	0.01730	0.08572	0.01550	0.05611	0.07436	0.01475	0.04241	0.03726	0.03217	0.01261	0.02670	0.00660	0.00201	0.00783	0.03820	0.00352	0.00868
20	0.01525	0.01463	0.02498	0.07290	0.70887	0.01476	0.01904	0.01897	0.01410	0.02014	0.01169	0.01548	0.00979	0.00558	0.00617	0.00186	0.00744	0.00555	0.00307	0.00973
21	0.03064	0.01362	0.03552	0.20117	0.27723	0.01369	0.13833	0.02036	0.04261	0.12151	0.01463	0.03783	0.01134	0.00647	0.00641	0.00199	0.00764	0.00630	0.00388	0.00882
22	0.01494	0.02083	0.24780	0.02616	0.33615	0.07380	0.06097	0.01993	0.03538	0.03621	0.03492	0.03990	0.01196	0.00651	0.00622	0.00192	0.00808	0.00586	0.00336	0.00911
23	0.01303	0.03085	0.69564	0.01856	0.06074	0.01435	0.02248	0.01997	0.01332	0.03824	0.01155	0.01347	0.00818	0.00595	0.00594	0.00197	0.00902	0.00469	0.00278	0.00928
24	0.01268	0.01206	0.01805	0.22566	0.18024	0.04049	0.03778	0.01644	0.04797	0.01716	0.01607	0.02048	0.05932	0.01508	0.15011	0.00360	0.10975	0.00633	0.00335	0.00739
25	0.03857	0.12019	0.25082	0.01795	0.12976	0.01467	0.04947	0.08337	0.01520	0.11569	0.01543	0.09387	0.01295	0.00754	0.00600	0.00192	0.00724	0.00635	0.00408	0.00892
26	0.07165	0.08676	0.37184	0.01912	0.14508	0.01473	0.03367	0.04056	0.01428	0.12625	0.01298	0.01437	0.00937	0.00609	0.00575	0.00189	0.00778	0.00491	0.00365	0.00927
27	0.03604	0.01340	0.03684	0.36298	0.30092	0.03831	0.01682	0.03281	0.01353	0.01846	0.01232	0.04401	0.01031	0.00767	0.02825	0.00222	0.00803	0.00590	0.00313	0.00806
28	0.01548	0.07934	0.02022	0.21798	0.24491	0.07541	0.01454	0.06432	0.05753	0.04138	0.03169	0.04065	0.01220	0.00762	0.00701	0.04472	0.00731	0.00587	0.00368	0.00816
29	0.08381	0.06091	0.13106	0.05214	0.21354	0.08304	0.13582	0.03888	0.01449	0.04701	0.01343	0.03816	0.01133	0.00679	0.00615	0.00195	0.00805	0.04142	0.00354	0.00849
30	0.01607	0.01551	0.02273	0.04576	0.46073	0.06945	0.04248	0.07557	0.03223	0.02092	0.01309	0.01840	0.01133	0.00704	0.00768	0.00200	0.07992	0.04648	0.00354	0.00908

[dist]
# distance from previous block
# <min> <max>
1	32

[block]
# block no. 8 follows, 36 sequences, length 23
# corresponding to MSA columns:
# 473-495
name=unknown_I
#
# <colnr> <probs for GDERKNQSTAVLIFYWHMCP>
#	G	D	E	R	K	N	Q	S	T	A	V	L	I	F	Y	W	H	M	C	P
0	0.08982	0.09117	0.30575	0.01683	0.08303	0.07566	0.05317	0.06229	0.01478	0.05875	0.03200	0.01572	0.03371	0.00647	0.00571	0.00184	0.00780	0.00512	0.00359	0.03681
1	0.05480	0.09482	0.25039	0.02161	0.20796	0.01512	0.08782	0.02047	0.04339	0.08245	0.01416	0.01605	0.02952	0.00636	0.00633	0.00192	0.02883	0.00544	0.00354	0.00903
2	0.01508	0.07538	0.34959	0.02098	0.17655	0.08247	0.05451	0.03891	0.01453	0.03786	0.03599	0.01480	0.01044	0.00608	0.00590	0.00183	0.00834	0.00506	0.00322	0.04247
3	0.04572	0.05472	0.24424	0.04795	0.12200	0.04986	0.05683	0.02062	0.09788	0.05030	0.03464	0.01743	0.02665	0.02280	0.00642	0.00192	0.00736	0.00553	0.00376	0.08338
4	0.08363	0.05905	0.29974	0.01841	0.13783	0.03428	0.04892	0.01917	0.01352	0.07879	0.04299	0.03752	0.01246	0.03783	0.00738	0.00209	0.03296	0.00566	0.00359	0.02416
5	0.01527	0.08463	0.20905	0.01999	0.16125	0.06655	0.08160	0.06616	0.10799	0.02107	0.01431	0.05215	0.01176	0.00679	0.00602	0.00186	0.00766	0.00586	0.00374	0.05631
6	0.08254	0.05622	0.17123	0.01873	0.15592	0.06646	0.08036	0.05712	0.02987	0.03639	0.05160	0.05460	0.04249	0.00727	0.00598	0.00186	0.00719	0.00623	0.00386	0.06408
7	0.01392	0.04294	0.03159	0.01201	0.05858	0.09523	0.00868	0.08803	0.01537	0.06950	0.08304	0.15882	0.14293	0.11271	0.01047	0.00256	0.03225	0.00958	0.00501	0.00678
8	0.17377	0.07808	0.14252	0.01808	0.14803	0.06268	0.06535	0.06885	0.03308	0.02248	0.06958	0.03360	0.01347	0.00700	0.00627	0.00192	0.03764	0.00560	0.00380	0.00822
9	0.00809	0.00569	0.00734	0.00826	0.00862	0.00552	0.00541	0.00904	0.01127	0.01515	0.05298	0.51749	0.03543	0.21281	0.06340	0.00389	0.00507	0.01459	0.00515	0.00480
10	0.01432	0.01184	0.01322	0.00964	0.01503	0.04023	0.00769	0.01701	0.01343	0.06628	0.01187	0.01338	0.00957	0.00489	0.00476	0.00102	0.00494	0.00387	0.00393	0.73308
11	0.01502	0.01399	0.02173	0.06121	0.51512	0.01460	0.01638	0.02198	0.18530	0.02139	0.01571	0.04298	0.01305	0.00674	0.00627	0.00195	0.00672	0.00632	0.00394	0.00958
12	0.71912	0.01369	0.01031	0.03670	0.01386	0.08444	0.00764	0.01885	0.01134	0.02631	0.00885	0.01047	0.00693	0.00586	0.00411	0.00190	0.00556	0.00351	0.00375	0.00680
13	0.02179	0.01137	0.01345	0.01090	0.01486	0.01143	0.00881	0.15254	0.14237	0.35075	0.02213	0.02083	0.01528	0.00771	0.00589	0.00186	0.00504	0.00619	0.16725	0.00952
14	0.00876	0.00654	0.00765	0.00737	0.00912	0.00606	0.00555	0.01164	0.03874	0.02137	0.37024	0.04746	0.29834	0.01494	0.04510	0.00238	0.00378	0.01109	0.07809	0.00576
15	0.00813	0.00611	0.00742	0.00773	0.00899	0.00555	0.00559	0.00997	0.01435	0.01895	0.26489	0.25096	0.25272	0.06375	0.00911	0.00246	0.00352	0.04845	0.00600	0.00533
16	0.03408	0.01184	0.04268	0.01476	0.04575	0.01413	0.03598	0.01407	0.01061	0.01614	0.05413	0.02031	0.01405	0.08380	0.17930	0.00445	0.38781	0.00635	0.00325	0.00650
17	0.00852	0.00599	0.00707	0.00755	0.00802	0.00576	0.00486	0.00921	0.01086	0.01417	0.03021	0.23900	0.12378	0.42611	0.02063	0.00437	0.00500	0.05973	0.00471	0.00445
18	0.01978	0.01848	0.15292	0.01821	0.13507	0.01611	0.01451	0.31867	0.10926	0.10976	0.01610	0.01642	0.01156	0.00703	0.00618	0.00192	0.00696	0.00567	0.00525	0.01014
19	0.49449	0.10678	0.05419	0.01140	0.01572	0.15572	0.04557	0.01976	0.01252	0.02315	0.00919	0.01082	0.00733	0.00583	0.00449	0.00181	0.00677	0.00376	0.00349	0.00720
20	0.03424	0.00777	0.02591	0.00845	0.01066	0.00669	0.00657	0.01377	0.01435	0.11928	0.17212	0.16827	0.18164	0.07057	0.00878	0.00236	0.00410	0.05010	0.04685	0.04750
21	0.05518	0.06641	0.11365	0.01684	0.13958	0.09908	0.01267	0.09206	0.05130	0.02124	0.01292	0.03736	0.01105	0.04580	0.00726	0.00189	0.02824	0.00523	0.00377	0.17848
22	0.08775	0.18886	0.24091	0.01918	0.19231	0.01618	0.01575	0.04499	0.01404	0.05733	0.03663	0.01436	0.01057	0.00604	0.00541	0.00176	0.00719	0.00477	0.00342	0.03256

[dist]
# distance from previous block
# <min> <max>
0	2

[block]
# block no. 9 follows, 36 sequences, length 11
# corresponding to MSA columns:
# 498-508
name=unknown_J
#
# <colnr> <probs for GDERKNQSTAVLIFYWHMCP>
#	G	D	E	R	K	N	Q	S	T	A	V	L	I	F	Y	W	H	M	C	P
0	0.03996	0.11484	0.13116	0.01731	0.13819	0.06763	0.01347	0.10474	0.18791	0.02329	0.06133	0.01768	0.01451	0.00700	0.00582	0.00183	0.00674	0.00562	0.00441	0.03655
1	0.01167	0.00832	0.00944	0.00907	0.01119	0.00849	0.00696	0.04996	0.16488	0.04630	0.14267	0.14600	0.15282	0.01238	0.00675	0.00208	0.00396	0.06229	0.13795	0.00684
2	0.01597	0.01393	0.01610	0.06179	0.11938	0.04207	0.01170	0.11929	0.39727	0.02519	0.02288	0.02430	0.05235	0.00850	0.00643	0.00206	0.00592	0.04012	0.00548	0.00926
3	0.01167	0.01049	0.01759	0.68737	0.03930	0.01297	0.01607	0.01511	0.01201	0.01539	0.01105	0.01685	0.00857	0.00783	0.00811	0.08686	0.00801	0.00552	0.00276	0.00648
4	0.01325	0.16896	0.61864	0.01647	0.02497	0.01632	0.02077	0.01954	0.01306	0.01881	0.01072	0.01258	0.00791	0.00581	0.00557	0.00186	0.00875	0.00437	0.00264	0.00899
5	0.01550	0.25267	0.18143	0.01373	0.03624	0.12544	0.01302	0.03496	0.05745	0.03577	0.04604	0.10836	0.01525	0.00816	0.00609	0.00182	0.03009	0.00630	0.00374	0.00794
6	0.00757	0.00620	0.00668	0.00682	0.00861	0.00531	0.00502	0.00924	0.01430	0.01768	0.13966	0.15725	0.56220	0.01593	0.00744	0.00215	0.00319	0.01355	0.00591	0.00531
7	0.01437	0.01373	0.02339	0.24824	0.54041	0.01453	0.01860	0.01820	0.01369	0.01908	0.01153	0.01576	0.00942	0.00575	0.00619	0.00192	0.00766	0.00555	0.00299	0.00902
8	0.01575	0.15352	0.38004	0.01789	0.10184	0.05508	0.01772	0.07491	0.05826	0.05027	0.01243	0.01385	0.00932	0.00615	0.00567	0.00183	0.00809	0.00476	0.00343	0.00918
9	0.01916	0.01076	0.01546	0.15055	0.12490	0.01080	0.01142	0.02347	0.07721	0.32408	0.06964	0.02168	0.01672	0.00750	0.00613	0.00191	0.00571	0.00640	0.08754	0.00896
10	0.00811	0.00603	0.00725	0.00765	0.00871	0.00552	0.00535	0.00963	0.01343	0.01764	0.19337	0.28164	0.23289	0.13599	0.01140	0.00285	0.00380	0.03791	0.00570	0.00512

[dist]
# distance from previous block
# <min> <max>
3	14

[block]
# block no. 10 follows, 36 sequences, length 10
# corresponding to MSA columns:
# 524-533
name=unknown_K
#
# <colnr> <probs for GDERKNQSTAVLIFYWHMCP>
#	G	D	E	R	K	N	Q	S	T	A	V	L	I	F	Y	W	H	M	C	P
0	0.23839	0.19952	0.14614	0.01275	0.01801	0.09987	0.03214	0.09365	0.04504	0.04610	0.01120	0.01235	0.00866	0.00611	0.00497	0.00177	0.00712	0.00424	0.00375	0.00822
1	0.07620	0.03468	0.05780	0.00965	0.01208	0.00836	0.00799	0.02963	0.01387	0.13087	0.12174	0.21065	0.04786	0.06136	0.00951	0.05523	0.00485	0.07649	0.02471	0.00649
2	0.01484	0.09528	0.36987	0.03471	0.05551	0.04827	0.04002	0.07991	0.05069	0.04086	0.06374	0.01630	0.01270	0.00658	0.00589	0.00185	0.00783	0.00529	0.00368	0.04620
3	0.01043	0.00702	0.00846	0.00772	0.00989	0.00613	0.00583	0.01268	0.01569	0.09080	0.35003	0.06842	0.27206	0.04538	0.00812	0.00213	0.00350	0.01102	0.00622	0.05849
4	0.02621	0.01187	0.01604	0.01411	0.08640	0.01098	0.01046	0.11598	0.01892	0.58770	0.02213	0.01986	0.01428	0.00747	0.00625	0.00191	0.00570	0.00611	0.00708	0.01053
5	0.00899	0.00630	0.00812	0.00812	0.00858	0.00676	0.00543	0.00991	0.00945	0.01306	0.01842	0.03406	0.01974	0.47860	0.33016	0.00768	0.01043	0.00808	0.00360	0.00451
6	0.00807	0.00628	0.00735	0.00734	0.00900	0.00556	0.00549	0.01019	0.01537	0.02009	0.33113	0.12411	0.37272	0.01497	0.00746	0.00211	0.00321	0.03783	0.00622	0.00551
7	0.03966	0.41257	0.18828	0.01417	0.01973	0.02052	0.06685	0.04837	0.01319	0.01766	0.00972	0.01186	0.00818	0.00623	0.00674	0.00174	0.09916	0.00427	0.00289	0.00823
8	0.00983	0.00765	0.00862	0.00853	0.00913	0.05035	0.00575	0.01075	0.00991	0.01315	0.01796	0.03300	0.01917	0.46321	0.29933	0.00726	0.01030	0.00788	0.00358	0.00464
9	0.01763	0.02032	0.12360	0.03941	0.14616	0.19460	0.07940	0.14261	0.01735	0.04015	0.01541	0.01748	0.05218	0.00945	0.05460	0.00238	0.00910	0.00575	0.00389	0.00852

[dist]
# distance from previous block
# <min> <max>
0	1

[block]
