[name]
unknown

[dist]
# distance from previous block
# <min> <max>
0	125

[block]
# block no. 0 follows, 30 sequences, length 58
# corresponding to MSA columns:
# 127-184
name=unknown_A
#
# <colnr> <probs for GDERKNQSTAVLIFYWHMCP>
#	G	D	E	R	K	N	Q	S	T	A	V	L	I	F	Y	W	H	M	C	P
0	0.01099	0.00794	0.01089	0.01231	0.01398	0.00784	0.01068	0.01410	0.01616	0.02094	0.05869	0.07711	0.08939	0.01902	0.00950	0.00312	0.00613	0.59837	0.00647	0.00639
1	0.00990	0.00648	0.00865	0.00981	0.01058	0.00599	0.00670	0.01134	0.01418	0.05841	0.08436	0.66017	0.04587	0.02058	0.00875	0.00275	0.00410	0.01860	0.00668	0.00609
2	0.01591	0.01515	0.02530	0.03483	0.50510	0.01562	0.05130	0.02005	0.03739	0.02183	0.01667	0.11393	0.01583	0.00887	0.00858	0.00228	0.06929	0.00815	0.00394	0.00998
3	0.05640	0.01257	0.01640	0.01261	0.01799	0.01139	0.01042	0.08836	0.02078	0.63716	0.02604	0.02276	0.01650	0.00854	0.00693	0.00215	0.00607	0.00685	0.00836	0.01173
4	0.00850	0.00607	0.00810	0.00972	0.01012	0.00567	0.00648	0.00972	0.01336	0.01781	0.03846	0.75020	0.04615	0.02186	0.00891	0.00283	0.00405	0.01984	0.00648	0.00567
5	0.00998	0.00745	0.01108	0.01108	0.01228	0.00865	0.00856	0.01238	0.01118	0.01610	0.01881	0.02808	0.01774	0.07805	0.70179	0.01105	0.01826	0.00757	0.00376	0.00616
6	0.01908	0.71750	0.03561	0.01229	0.01812	0.06755	0.01203	0.02129	0.01450	0.01646	0.00976	0.01127	0.00896	0.00604	0.00458	0.00151	0.00776	0.00377	0.00302	0.00891
7	0.01015	0.00677	0.00761	0.00761	0.00761	0.00677	0.00423	0.01015	0.01015	0.01353	0.02199	0.04567	0.02537	0.75476	0.03552	0.00677	0.00677	0.01015	0.00423	0.00423
8	0.01731	0.02037	0.11642	0.02968	0.29872	0.06549	0.15601	0.02528	0.15323	0.02351	0.01616	0.01870	0.01259	0.00692	0.00714	0.00219	0.00900	0.00671	0.00415	0.01042
9	0.03131	0.01188	0.01619	0.01242	0.01781	0.01026	0.01026	0.03401	0.01997	0.71606	0.02753	0.02375	0.01727	0.00864	0.00702	0.00216	0.00594	0.00702	0.00864	0.01188
10	0.01588	0.01296	0.01419	0.01281	0.01622	0.01450	0.00992	0.03107	0.51203	0.04748	0.19667	0.03244	0.03223	0.01063	0.00738	0.00232	0.00498	0.00904	0.00729	0.00996
11	0.00950	0.00692	0.00903	0.00939	0.01023	0.00717	0.00657	0.01092	0.01193	0.01611	0.03002	0.19650	0.10627	0.23863	0.29124	0.00709	0.01036	0.01179	0.00480	0.00551
12	0.02750	0.01254	0.01618	0.01225	0.01783	0.01089	0.01007	0.07808	0.01977	0.52464	0.02364	0.02133	0.01545	0.00790	0.00663	0.00192	0.00591	0.00637	0.00759	0.17350
13	0.01717	0.01688	0.03002	0.04107	0.62241	0.01672	0.10887	0.02154	0.01597	0.02274	0.01326	0.01748	0.01099	0.00617	0.00708	0.00211	0.00875	0.00648	0.00346	0.01084
14	0.01736	0.01499	0.01578	0.01420	0.01815	0.01736	0.01105	0.03708	0.69862	0.02919	0.02840	0.02604	0.02130	0.00947	0.00710	0.00237	0.00552	0.00789	0.00710	0.01105
15	0.00853	0.00642	0.00793	0.00910	0.01008	0.00581	0.00632	0.00997	0.01416	0.01821	0.04727	0.53867	0.22797	0.02062	0.00875	0.00272	0.00399	0.04126	0.00648	0.00576
16	0.02622	0.01940	0.02077	0.01599	0.02152	0.02150	0.01319	0.66644	0.05482	0.04349	0.01714	0.01706	0.01218	0.00841	0.00698	0.00210	0.00761	0.00634	0.00698	0.01184
17	0.01015	0.00677	0.00761	0.00761	0.00761	0.00677	0.00423	0.01015	0.01015	0.01353	0.02199	0.04567	0.02537	0.75476	0.03552	0.00677	0.00677	0.01015	0.00423	0.00423
18	0.01642	0.17125	0.12539	0.19787	0.09953	0.01940	0.08090	0.06309	0.05796	0.02134	0.01309	0.01648	0.01036	0.00723	0.00788	0.00216	0.07087	0.00584	0.00362	0.00931
19	0.01486	0.03171	0.56864	0.06356	0.07981	0.01647	0.02395	0.05070	0.04379	0.02312	0.01340	0.01570	0.00967	0.00681	0.00670	0.00221	0.00980	0.00546	0.00334	0.01031
20	0.41428	0.11646	0.01777	0.01384	0.05091	0.16709	0.01073	0.07771	0.01575	0.02664	0.01068	0.01242	0.00861	0.00685	0.00557	0.00201	0.02585	0.00431	0.00414	0.00839
21	0.01601	0.34860	0.42375	0.01645	0.02489	0.02114	0.01980	0.02158	0.01449	0.01964	0.01130	0.01320	0.00889	0.00634	0.00570	0.00190	0.00908	0.00454	0.00296	0.00973
22	0.01049	0.00832	0.01190	0.01176	0.01258	0.00990	0.00899	0.01244	0.01148	0.01643	0.02126	0.16472	0.02219	0.08417	0.44253	0.00813	0.12252	0.00980	0.00419	0.00621
23	0.01015	0.00677	0.00761	0.00761	0.00761	0.00677	0.00423	0.01015	0.01015	0.01353	0.02199	0.04567	0.02537	0.75476	0.03552	0.00677	0.00677	0.01015	0.00423	0.00423
24	0.00885	0.00729	0.00825	0.00825	0.01014	0.00670	0.00617	0.01078	0.01563	0.01966	0.14279	0.13710	0.48409	0.01966	0.05349	0.00296	0.03153	0.01426	0.00634	0.00604
25	0.00870	0.00622	0.00797	0.00929	0.00975	0.00583	0.00611	0.00979	0.01308	0.01731	0.03813	0.61845	0.08125	0.11809	0.01237	0.00332	0.00438	0.01827	0.00618	0.00549
26	0.01281	0.01188	0.01836	0.01599	0.01721	0.01488	0.07823	0.01513	0.01165	0.01718	0.01548	0.07155	0.01517	0.02823	0.30077	0.00622	0.33073	0.00782	0.00361	0.00711
27	0.01770	0.01860	0.03720	0.02672	0.03354	0.01776	0.56400	0.10973	0.01852	0.02522	0.01438	0.01834	0.01074	0.00618	0.00792	0.00225	0.01090	0.00778	0.00401	0.04851
28	0.02065	0.01760	0.01809	0.06539	0.02160	0.07008	0.01251	0.24423	0.38781	0.03227	0.02227	0.02156	0.01654	0.00878	0.00699	0.00224	0.00699	0.00701	0.00653	0.01087
29	0.02548	0.02748	0.02027	0.01736	0.02137	0.44440	0.01353	0.24625	0.02348	0.02599	0.01266	0.01415	0.00996	0.00793	0.00766	0.00198	0.06085	0.00520	0.00468	0.00931
30	0.02176	0.01607	0.01651	0.01518	0.05204	0.10796	0.01131	0.03248	0.34180	0.21569	0.05071	0.02553	0.04296	0.00923	0.00704	0.00221	0.00656	0.00752	0.00688	0.01055
31	0.01496	0.01418	0.02349	0.22920	0.43657	0.01488	0.01874	0.01893	0.01536	0.02091	0.02050	0.02420	0.10236	0.00793	0.00710	0.00218	0.00794	0.00733	0.00376	0.00947
32	0.01648	0.01823	0.03783	0.03025	0.12376	0.01782	0.54223	0.02176	0.01591	0.02195	0.01357	0.01832	0.01053	0.00646	0.00929	0.00237	0.07249	0.00779	0.00348	0.00948
33	0.01458	0.01383	0.02346	0.50020	0.27491	0.01587	0.02008	0.01906	0.01462	0.01953	0.01265	0.01815	0.00990	0.00672	0.00695	0.00224	0.00896	0.00621	0.00322	0.00888
34	0.02560	0.03255	0.02083	0.01854	0.02231	0.69185	0.04657	0.02759	0.01961	0.01734	0.01095	0.01289	0.00907	0.00713	0.00639	0.00183	0.01254	0.00468	0.00359	0.00815
35	0.01212	0.00606	0.00909	0.00909	0.00909	0.00606	0.00606	0.00909	0.00909	0.01212	0.01212	0.02121	0.01212	0.02424	0.02727	0.79697	0.00606	0.00606	0.00303	0.00303
36	0.01212	0.00606	0.00909	0.00909	0.00909	0.00606	0.00606	0.00909	0.00909	0.01212	0.01212	0.02121	0.01212	0.02424	0.02727	0.79697	0.00606	0.00606	0.00303	0.00303
37	0.01744	0.02082	0.09325	0.02587	0.03220	0.06006	0.47587	0.07041	0.01714	0.02304	0.01349	0.01761	0.01030	0.00683	0.00934	0.00236	0.08346	0.00740	0.00369	0.00941
38	0.00988	0.00713	0.00933	0.00878	0.01043	0.00658	0.00658	0.01317	0.01975	0.02798	0.70754	0.05213	0.06584	0.01427	0.00823	0.00219	0.00329	0.01262	0.00768	0.00658
39	0.00955	0.00712	0.00888	0.00844	0.01023	0.00645	0.00633	0.01254	0.01898	0.02616	0.58019	0.05513	0.19434	0.01495	0.00823	0.00223	0.00334	0.01304	0.00744	0.00645
40	0.02620	0.02944	0.02010	0.01744	0.02159	0.53050	0.01342	0.21158	0.02340	0.02457	0.01245	0.01374	0.00979	0.00752	0.00648	0.00188	0.01122	0.00499	0.00454	0.00914
41	0.01615	0.01798	0.12494	0.24199	0.05337	0.08473	0.01650	0.11112	0.01779	0.02328	0.01853	0.02991	0.01646	0.00971	0.00728	0.00236	0.00858	0.14130	0.04951	0.00852
42	0.07341	0.03788	0.02432	0.11138	0.42437	0.05753	0.01801	0.06136	0.01685	0.07037	0.01434	0.01845	0.01161	0.00698	0.00671	0.00211	0.00819	0.02184	0.00410	0.01020
43	0.73703	0.01335	0.01077	0.00946	0.01387	0.01519	0.00779	0.02168	0.01258	0.09070	0.01126	0.01241	0.00840	0.00667	0.00455	0.00216	0.00544	0.00406	0.00469	0.00793
44	0.01734	0.02095	0.08581	0.10068	0.06998	0.16220	0.26879	0.02174	0.01619	0.02057	0.01521	0.01895	0.03348	0.00730	0.00819	0.00220	0.05680	0.00683	0.05811	0.00870
45	0.00918	0.00698	0.00849	0.00873	0.01037	0.00630	0.00652	0.01155	0.01692	0.02236	0.30812	0.19381	0.27624	0.01730	0.00848	0.00246	0.00378	0.06932	0.00694	0.00616
46	0.80405	0.01350	0.01026	0.00918	0.01350	0.01565	0.00756	0.02051	0.01188	0.03131	0.00972	0.01134	0.00756	0.00648	0.00432	0.00216	0.00540	0.00378	0.00432	0.00756
47	0.01005	0.00715	0.00954	0.00954	0.01021	0.00781	0.00664	0.01139	0.01072	0.01496	0.02022	0.03588	0.02112	0.37832	0.40615	0.00915	0.01316	0.00872	0.00397	0.00530
48	0.00895	0.00710	0.00804	0.00781	0.00986	0.00619	0.00585	0.01137	0.01756	0.02278	0.34497	0.06068	0.43166	0.01621	0.00824	0.00229	0.00343	0.01382	0.00700	0.00619
49	0.01447	0.01240	0.01447	0.01034	0.01654	0.00930	0.00827	0.01757	0.01447	0.02274	0.01240	0.01447	0.01034	0.00517	0.00517	0.00103	0.00517	0.00413	0.00413	0.79742
50	0.02653	0.01955	0.02094	0.01606	0.02164	0.02164	0.01326	0.68796	0.03281	0.04398	0.01675	0.01675	0.01187	0.00838	0.00698	0.00209	0.00768	0.00628	0.00698	0.01187
51	0.02607	0.03326	0.01978	0.01798	0.02157	0.72674	0.01348	0.02787	0.01978	0.01708	0.01079	0.01258	0.00899	0.00719	0.00629	0.00180	0.01258	0.00449	0.00360	0.00809
52	0.00997	0.00748	0.01121	0.01121	0.01246	0.00872	0.00872	0.01246	0.01121	0.01620	0.01869	0.02741	0.01745	0.05234	0.72710	0.01121	0.01869	0.00748	0.00374	0.00623
53	0.01010	0.00737	0.00925	0.00873	0.01052	0.00688	0.00656	0.01381	0.04192	0.02718	0.60638	0.05160	0.11715	0.01418	0.00807	0.00219	0.00339	0.01242	0.03563	0.00667
54	0.01823	0.01656	0.12260	0.01441	0.01918	0.01426	0.01322	0.12016	0.22938	0.12014	0.02839	0.03588	0.06065	0.01125	0.00759	0.00245	0.00669	0.14256	0.00648	0.00992
55	0.01767	0.01525	0.01963	0.04772	0.21883	0.01615	0.01400	0.12887	0.26106	0.02788	0.02320	0.02371	0.06530	0.00847	0.00693	0.00211	0.00661	0.00725	0.00557	0.08379
56	0.01053	0.00821	0.00971	0.00967	0.03155	0.00762	0.00697	0.06084	0.01855	0.02451	0.32716	0.10305	0.32470	0.01554	0.00815	0.00229	0.00391	0.01334	0.00693	0.00675
57	0.01741	0.01744	0.05143	0.03728	0.53402	0.01693	0.09106	0.04666	0.07372	0.02402	0.01462	0.01807	0.01182	0.00655	0.00706	0.00213	0.00847	0.00654	0.00388	0.01088

[dist]
# distance from previous block
# <min> <max>
0	48

[block]
# block no. 1 follows, 30 sequences, length 22
# corresponding to MSA columns:
# 280-301
name=unknown_B
#
# <colnr> <probs for GDERKNQSTAVLIFYWHMCP>
#	G	D	E	R	K	N	Q	S	T	A	V	L	I	F	Y	W	H	M	C	P
0	0.01147	0.00749	0.00984	0.00905	0.01097	0.00686	0.00686	0.01472	0.01977	0.07914	0.65699	0.05002	0.06223	0.01385	0.00814	0.00219	0.00349	0.01220	0.00775	0.00698
1	0.01751	0.07609	0.22177	0.01863	0.02513	0.11319	0.13935	0.07868	0.06008	0.02306	0.01486	0.05064	0.01216	0.00758	0.00722	0.00206	0.03076	0.00642	0.00404	0.09077
2	0.01642	0.01319	0.01649	0.05879	0.05563	0.01156	0.01048	0.06108	0.01582	0.06788	0.01351	0.01566	0.01079	0.00614	0.00655	0.00142	0.04510	0.00480	0.00444	0.56425
3	0.05961	0.17228	0.12491	0.01889	0.02521	0.05200	0.21553	0.12881	0.01806	0.02458	0.01437	0.05767	0.01203	0.00739	0.00666	0.00206	0.00902	0.00667	0.00413	0.04012
4	0.01142	0.01032	0.05646	0.01230	0.04900	0.00910	0.05497	0.01360	0.03463	0.01688	0.06856	0.03895	0.02473	0.49301	0.07277	0.00575	0.00792	0.00942	0.00436	0.00586
5	0.00911	0.00665	0.00875	0.00982	0.01065	0.00649	0.00701	0.01069	0.01333	0.01766	0.03747	0.44000	0.11167	0.08334	0.12191	0.00442	0.00671	0.08269	0.00587	0.00574
6	0.01058	0.00925	0.00937	0.00975	0.01149	0.05632	0.00701	0.01402	0.08569	0.01971	0.07307	0.35145	0.28082	0.01777	0.00828	0.00252	0.00457	0.01543	0.00639	0.00650
7	0.07340	0.16869	0.23493	0.01815	0.05664	0.01931	0.07806	0.16939	0.01902	0.07859	0.01401	0.01542	0.01034	0.00694	0.00632	0.00204	0.00854	0.00550	0.00444	0.01027
8	0.01014	0.00681	0.00781	0.00781	0.00788	0.00687	0.00448	0.01028	0.01021	0.01368	0.02180	0.04465	0.02493	0.71551	0.07415	0.00701	0.00743	0.01000	0.00420	0.00434
9	0.00872	0.00633	0.00823	0.00936	0.01012	0.00584	0.00641	0.01034	0.01466	0.01966	0.15699	0.57805	0.09901	0.02023	0.00874	0.00269	0.00388	0.01820	0.00669	0.00584
10	0.02005	0.22214	0.26444	0.01676	0.02359	0.19104	0.01727	0.12566	0.01858	0.02277	0.01202	0.01360	0.00937	0.00686	0.00604	0.00191	0.00971	0.00480	0.00373	0.00966
11	0.08292	0.24749	0.10546	0.01447	0.02002	0.08461	0.03278	0.13496	0.06921	0.07323	0.01590	0.06143	0.01322	0.00805	0.00607	0.00198	0.00780	0.00609	0.00475	0.00958
12	0.01863	0.00998	0.01115	0.00963	0.01262	0.01007	0.00758	0.14990	0.01905	0.15253	0.02343	0.06941	0.01838	0.00913	0.00592	0.00189	0.00465	0.00739	0.45018	0.00846
13	0.00866	0.00905	0.05702	0.00812	0.01092	0.00660	0.00680	0.01085	0.01568	0.01902	0.06481	0.10180	0.62219	0.01713	0.00817	0.00237	0.00404	0.01434	0.00623	0.00619
14	0.06729	0.02378	0.33334	0.02289	0.17461	0.01513	0.05682	0.02143	0.06574	0.02278	0.01736	0.06071	0.03486	0.01009	0.04095	0.00266	0.00909	0.00693	0.00384	0.00969
15	0.02147	0.02103	0.01917	0.01869	0.10117	0.23135	0.01317	0.21495	0.11768	0.02731	0.02070	0.05507	0.06260	0.00934	0.00752	0.00213	0.03444	0.00719	0.00536	0.00965
16	0.00873	0.00625	0.00830	0.00956	0.01017	0.00582	0.00650	0.01029	0.01442	0.01950	0.14969	0.63416	0.04943	0.02060	0.00879	0.00273	0.00392	0.01864	0.00668	0.00582
17	0.06757	0.02026	0.13535	0.21399	0.16513	0.09388	0.07380	0.05731	0.01659	0.07097	0.01365	0.01688	0.01023	0.00686	0.00677	0.00217	0.00926	0.00593	0.00390	0.00948
18	0.01881	0.01885	0.14608	0.02332	0.21765	0.01592	0.01682	0.15473	0.07658	0.09176	0.01929	0.07724	0.01625	0.00925	0.00775	0.00228	0.03390	0.03791	0.00521	0.01041
19	0.01861	0.06606	0.33626	0.05768	0.02595	0.08564	0.01870	0.19265	0.04333	0.02712	0.01438	0.01607	0.01057	0.00729	0.00652	0.00208	0.00911	0.00553	0.04636	0.01010
20	0.08852	0.09583	0.01766	0.06449	0.05019	0.04036	0.01111	0.11158	0.14457	0.06392	0.02726	0.05024	0.13483	0.02780	0.00812	0.00231	0.03870	0.00802	0.00552	0.00895
21	0.04961	0.15332	0.13434	0.01894	0.13421	0.03666	0.01514	0.11523	0.04819	0.09255	0.04064	0.02086	0.01482	0.00791	0.00644	0.00202	0.00758	0.04249	0.00483	0.05423

[dist]
# distance from previous block
# <min> <max>
2	8

[block]
# block no. 2 follows, 30 sequences, length 21
# corresponding to MSA columns:
# 310-330
name=unknown_C
#
# <colnr> <probs for GDERKNQSTAVLIFYWHMCP>
#	G	D	E	R	K	N	Q	S	T	A	V	L	I	F	Y	W	H	M	C	P
0	0.04075	0.31562	0.05665	0.01889	0.10238	0.06492	0.09333	0.08969	0.01670	0.02189	0.01171	0.01409	0.00977	0.00663	0.00672	0.00184	0.04869	0.00508	0.00368	0.07095
1	0.01548	0.01511	0.02677	0.32953	0.35700	0.01626	0.09858	0.02004	0.01515	0.02069	0.01294	0.01801	0.01027	0.00649	0.00709	0.00221	0.00912	0.00645	0.00332	0.00949
2	0.01494	0.07082	0.18350	0.02100	0.02699	0.04975	0.29124	0.01977	0.01531	0.02051	0.01972	0.10605	0.06197	0.00921	0.00856	0.00234	0.05697	0.00874	0.00388	0.00872
3	0.01561	0.25173	0.45485	0.01833	0.02706	0.01976	0.07900	0.02176	0.01472	0.02041	0.01181	0.01403	0.00903	0.00637	0.00612	0.00201	0.00958	0.00500	0.00301	0.00983
4	0.00970	0.00738	0.00907	0.01003	0.01112	0.00726	0.00698	0.01348	0.10353	0.01985	0.07011	0.56364	0.10235	0.01953	0.00858	0.00270	0.00416	0.01750	0.00661	0.00643
5	0.01038	0.00701	0.00880	0.00953	0.01099	0.00636	0.00699	0.01216	0.01507	0.06677	0.07366	0.41193	0.21958	0.01923	0.00866	0.00268	0.00429	0.09296	0.00667	0.00628
6	0.01641	0.10690	0.07508	0.01789	0.11266	0.01455	0.07362	0.10079	0.04280	0.06991	0.02435	0.19185	0.05852	0.01113	0.00716	0.00223	0.00679	0.00981	0.04862	0.00895
7	0.01605	0.01903	0.10383	0.34857	0.16974	0.11694	0.01908	0.02035	0.01504	0.01932	0.01234	0.01697	0.00973	0.00720	0.00787	0.00222	0.05982	0.00584	0.02132	0.00871
8	0.00849	0.00613	0.00804	0.00957	0.01008	0.00568	0.00641	0.00973	0.01350	0.01787	0.04024	0.71254	0.08267	0.02163	0.00887	0.00281	0.00402	0.01956	0.00648	0.00568
9	0.01240	0.01065	0.01396	0.11566	0.07946	0.02884	0.02427	0.06104	0.04429	0.02234	0.13400	0.14732	0.20663	0.01514	0.03472	0.00269	0.00621	0.02720	0.00573	0.00745
10	0.01750	0.06551	0.51826	0.01839	0.02735	0.01742	0.02195	0.14655	0.01836	0.06408	0.01400	0.01544	0.00987	0.00703	0.00662	0.00215	0.00945	0.00540	0.00401	0.01062
11	0.01482	0.01387	0.02303	0.24887	0.39971	0.01470	0.01860	0.01888	0.01547	0.02114	0.04637	0.02545	0.06199	0.00818	0.00720	0.00223	0.00798	0.03835	0.00387	0.00929
12	0.01685	0.01626	0.02808	0.10926	0.62291	0.01652	0.04533	0.02110	0.01572	0.02230	0.01309	0.01746	0.01087	0.00628	0.00696	0.00211	0.00851	0.00629	0.00342	0.01068
13	0.01591	0.01602	0.02525	0.22292	0.30663	0.06387	0.09685	0.01993	0.01538	0.02039	0.01617	0.02178	0.04445	0.00780	0.00820	0.00227	0.05498	0.02845	0.00359	0.00916
14	0.01854	0.05442	0.10667	0.02418	0.07132	0.07935	0.33746	0.08684	0.06085	0.04696	0.01562	0.01949	0.01205	0.00703	0.00745	0.00223	0.01015	0.02533	0.00424	0.00981
15	0.01412	0.00812	0.01034	0.00986	0.01231	0.00727	0.00770	0.01657	0.01735	0.17301	0.20397	0.15968	0.20937	0.01575	0.00827	0.00247	0.00449	0.10472	0.00723	0.00740
16	0.01387	0.06031	0.52316	0.01921	0.02794	0.01562	0.10087	0.02077	0.01527	0.02200	0.05477	0.02068	0.05952	0.00768	0.00693	0.00221	0.00952	0.00652	0.00352	0.00965
17	0.01448	0.01630	0.14307	0.12300	0.17672	0.01311	0.04830	0.05097	0.01588	0.04755	0.02180	0.18644	0.02151	0.01142	0.00767	0.00244	0.00770	0.07820	0.00467	0.00877
18	0.04489	0.01273	0.01297	0.06095	0.01657	0.08700	0.00972	0.11711	0.06463	0.02354	0.05398	0.20837	0.11787	0.05515	0.00935	0.00269	0.00633	0.08276	0.00589	0.00750
19	0.01286	0.01128	0.01759	0.10029	0.15827	0.01142	0.05861	0.01703	0.04897	0.02115	0.08637	0.11441	0.05519	0.01704	0.10885	0.00354	0.00837	0.06617	0.00483	0.07776
20	0.01717	0.01697	0.08583	0.02999	0.36823	0.01562	0.06385	0.05156	0.04825	0.06655	0.01759	0.07745	0.01551	0.00878	0.00834	0.00230	0.05764	0.03385	0.00440	0.01013

[dist]
# distance from previous block
# <min> <max>
10	323

[block]
# block no. 3 follows, 30 sequences, length 43
# corresponding to MSA columns:
# 700-742
name=unknown_D
#
# <colnr> <probs for GDERKNQSTAVLIFYWHMCP>
#	G	D	E	R	K	N	Q	S	T	A	V	L	I	F	Y	W	H	M	C	P
0	0.01585	0.01416	0.10154	0.04281	0.01842	0.01135	0.03808	0.04533	0.11428	0.10991	0.02714	0.11344	0.08872	0.01026	0.00685	0.00208	0.00595	0.00875	0.10005	0.12503
1	0.01998	0.06970	0.12102	0.04972	0.18350	0.03821	0.01592	0.20249	0.02067	0.09910	0.02153	0.02244	0.08820	0.00842	0.00687	0.00210	0.00776	0.00688	0.00517	0.01032
2	0.01024	0.00813	0.00891	0.00843	0.01085	0.00742	0.00648	0.06586	0.01824	0.02324	0.22428	0.05974	0.46736	0.01613	0.00819	0.00233	0.00391	0.03688	0.00682	0.00657
3	0.01827	0.08913	0.25895	0.02123	0.13436	0.19113	0.01821	0.02464	0.08999	0.02131	0.01367	0.01552	0.01068	0.00686	0.00637	0.00197	0.00947	0.00528	0.00371	0.05926
4	0.05877	0.08658	0.06630	0.01537	0.05075	0.01795	0.01282	0.31379	0.02255	0.05897	0.01446	0.01555	0.01092	0.00723	0.00670	0.00183	0.03176	0.00536	0.00532	0.19702
5	0.01828	0.01864	0.09768	0.07970	0.09014	0.07241	0.12572	0.12928	0.01857	0.07121	0.04953	0.07811	0.01628	0.00893	0.00846	0.00225	0.06468	0.00769	0.00476	0.03769
6	0.02067	0.23847	0.05104	0.01368	0.01921	0.01826	0.04382	0.09503	0.14324	0.16249	0.02069	0.02027	0.04456	0.00787	0.00622	0.00192	0.00678	0.00621	0.00556	0.07401
7	0.01811	0.01080	0.01225	0.01058	0.01368	0.06605	0.00825	0.02096	0.01952	0.25279	0.37656	0.04079	0.09651	0.01211	0.00768	0.00216	0.00493	0.01029	0.00757	0.00839
8	0.01131	0.00845	0.01200	0.01161	0.01320	0.00977	0.00909	0.06716	0.01296	0.01845	0.01853	0.02655	0.01699	0.04878	0.66879	0.01048	0.01780	0.00738	0.00400	0.00669
9	0.01628	0.02008	0.13274	0.02724	0.11149	0.01665	0.41373	0.06312	0.01703	0.02347	0.01595	0.05133	0.01324	0.00744	0.00786	0.00234	0.01034	0.03616	0.00390	0.00960
10	0.00915	0.00731	0.00827	0.00879	0.01045	0.00675	0.00629	0.01220	0.07029	0.01959	0.07695	0.34150	0.36001	0.01859	0.00842	0.00255	0.00390	0.01618	0.00657	0.00624
11	0.01116	0.00717	0.00948	0.00938	0.01092	0.00658	0.00685	0.01372	0.01767	0.08035	0.43231	0.27954	0.05543	0.01631	0.00835	0.00240	0.00376	0.01454	0.00736	0.00671
12	0.01709	0.40662	0.18071	0.01835	0.02552	0.02252	0.19776	0.02154	0.01492	0.01922	0.01149	0.01401	0.00937	0.00608	0.00595	0.00188	0.00923	0.00525	0.00312	0.00936
13	0.02260	0.03825	0.08400	0.01950	0.04569	0.01580	0.21137	0.16510	0.02081	0.23762	0.03705	0.02131	0.03137	0.00782	0.00732	0.00219	0.00838	0.00728	0.00592	0.01063
14	0.00934	0.00704	0.00863	0.00839	0.01014	0.00633	0.00623	0.01208	0.01827	0.02481	0.48912	0.10596	0.23666	0.01572	0.00828	0.00228	0.00341	0.01370	0.00727	0.00633
15	0.01318	0.01240	0.02093	0.73798	0.04806	0.01550	0.01938	0.01783	0.01395	0.01783	0.01240	0.01860	0.00930	0.00698	0.00698	0.00233	0.00930	0.00620	0.00310	0.00775
16	0.01568	0.01563	0.06582	0.24642	0.22393	0.01581	0.04624	0.07434	0.06529	0.02301	0.01821	0.02165	0.05563	0.00794	0.00766	0.00223	0.03903	0.00691	0.03927	0.00931
17	0.02208	0.02629	0.07668	0.01820	0.02219	0.38847	0.06855	0.08088	0.01865	0.04774	0.01389	0.06071	0.01203	0.00876	0.00886	0.00214	0.10483	0.00627	0.00414	0.00863
18	0.01736	0.01499	0.01578	0.01420	0.01815	0.01736	0.01105	0.03708	0.69862	0.02919	0.02840	0.02604	0.02130	0.00947	0.00710	0.00237	0.00552	0.00789	0.00710	0.01105
19	0.13277	0.02230	0.05794	0.04937	0.02739	0.20502	0.26988	0.07884	0.01763	0.02363	0.01247	0.01558	0.00965	0.00687	0.00756	0.00218	0.04200	0.00613	0.00389	0.00890
20	0.00862	0.00615	0.00823	0.00985	0.01030	0.00577	0.00668	0.00991	0.01347	0.01794	0.03840	0.72218	0.04590	0.02175	0.00894	0.00285	0.00415	0.04673	0.00648	0.00570
21	0.02653	0.01955	0.02094	0.01606	0.02164	0.02164	0.01326	0.68796	0.03281	0.04398	0.01675	0.01675	0.01187	0.00838	0.00698	0.00209	0.00768	0.00628	0.00698	0.01187
22	0.01268	0.01125	0.01553	0.01399	0.01432	0.01466	0.01101	0.01413	0.01071	0.01590	0.01463	0.02540	0.01505	0.19043	0.21597	0.00609	0.38087	0.00739	0.00350	0.00649
23	0.01548	0.26591	0.50177	0.01736	0.02629	0.01983	0.02138	0.02172	0.01456	0.02029	0.01163	0.01361	0.00888	0.00642	0.00595	0.00198	0.00941	0.00470	0.00296	0.00988
24	0.01100	0.06849	0.01256	0.01175	0.01327	0.00938	0.00966	0.01333	0.01475	0.01922	0.03532	0.29354	0.06603	0.01866	0.00955	0.00290	0.04084	0.33735	0.00601	0.00641
25	0.02687	0.01900	0.02060	0.01579	0.02137	0.02082	0.01305	0.64107	0.03189	0.09217	0.01753	0.01726	0.01226	0.00840	0.00698	0.00210	0.00755	0.00634	0.00710	0.01187
26	0.01526	0.01317	0.02177	0.16571	0.34692	0.01369	0.06011	0.01938	0.01521	0.02269	0.01569	0.02002	0.01256	0.00687	0.00645	0.00202	0.00733	0.00643	0.21965	0.00907
27	0.01016	0.01164	0.12427	0.01062	0.01350	0.00793	0.00958	0.01373	0.01746	0.02443	0.42044	0.17472	0.10535	0.01469	0.00810	0.00233	0.00459	0.01290	0.00659	0.00697
28	0.03131	0.01188	0.01619	0.01242	0.01781	0.01026	0.01026	0.03401	0.01997	0.71606	0.02753	0.02375	0.01727	0.00864	0.00702	0.00216	0.00594	0.00702	0.00864	0.01188
29	0.00941	0.00677	0.00891	0.00910	0.01032	0.00627	0.00655	0.01200	0.01758	0.02453	0.48048	0.28903	0.05916	0.01684	0.00846	0.00241	0.00355	0.01507	0.00727	0.00627
30	0.12946	0.01597	0.07274	0.25929	0.02828	0.04721	0.01437	0.07875	0.14879	0.03996	0.06161	0.02197	0.03639	0.00831	0.00668	0.00225	0.00747	0.00671	0.00490	0.00888
31	0.01088	0.00826	0.01015	0.00948	0.01149	0.00810	0.00717	0.01646	0.11682	0.02776	0.58286	0.04904	0.08712	0.01373	0.00807	0.00223	0.00362	0.01203	0.00755	0.00719
32	0.00981	0.00713	0.00923	0.00871	0.01038	0.00656	0.00653	0.01304	0.01959	0.02760	0.68070	0.05276	0.09293	0.01441	0.00823	0.00220	0.00330	0.01271	0.00763	0.00656
33	0.00922	0.00657	0.00830	0.00890	0.01002	0.00606	0.00628	0.01134	0.01590	0.02190	0.26878	0.39183	0.12408	0.01795	0.00835	0.00249	0.00368	0.01598	0.05630	0.00606
34	0.02111	0.12719	0.06589	0.01532	0.02070	0.04946	0.05530	0.26001	0.14754	0.07648	0.02220	0.02196	0.06870	0.00866	0.00677	0.00209	0.00744	0.00690	0.00587	0.01040
35	0.34211	0.02202	0.22544	0.01438	0.02086	0.01755	0.01467	0.21447	0.01880	0.03222	0.01260	0.01392	0.00919	0.00707	0.00578	0.00216	0.00753	0.00492	0.00468	0.00963
36	0.00879	0.00632	0.00840	0.00996	0.01056	0.00593	0.00695	0.01024	0.01374	0.01818	0.03946	0.65359	0.06928	0.02143	0.00896	0.00286	0.00429	0.08884	0.00647	0.00576
37	0.01521	0.02283	0.26384	0.09415	0.03129	0.01646	0.25518	0.06222	0.01604	0.02245	0.01523	0.07628	0.01274	0.00810	0.00847	0.00237	0.05648	0.00767	0.00371	0.00929
38	0.01587	0.05356	0.24580	0.05553	0.05873	0.01546	0.20484	0.02135	0.01569	0.06734	0.04265	0.02210	0.01434	0.00768	0.00768	0.00222	0.03136	0.04780	0.00401	0.06598
39	0.00903	0.00649	0.00800	0.00900	0.00992	0.00606	0.00624	0.01052	0.01373	0.01827	0.04183	0.45781	0.17372	0.07961	0.03651	0.00329	0.00474	0.04393	0.05561	0.00570
40	0.00919	0.00687	0.00947	0.05559	0.01296	0.00693	0.00773	0.01092	0.01325	0.01764	0.03520	0.49234	0.08179	0.04588	0.12632	0.00426	0.00691	0.04510	0.00576	0.00590
41	0.10375	0.01592	0.01487	0.01145	0.01702	0.12669	0.00904	0.01957	0.01505	0.02277	0.01184	0.01382	0.00981	0.00564	0.00526	0.00128	0.00640	0.00415	0.00407	0.58162
42	0.20906	0.04034	0.11259	0.01564	0.03517	0.04683	0.10246	0.10542	0.01794	0.08638	0.11362	0.02069	0.01817	0.00792	0.00646	0.00211	0.00737	0.00652	0.00512	0.04020

[dist]
# distance from previous block
# <min> <max>
1	4

[block]
# block no. 4 follows, 30 sequences, length 14
# corresponding to MSA columns:
# 747-760
name=unknown_E
#
# <colnr> <probs for GDERKNQSTAVLIFYWHMCP>
#	G	D	E	R	K	N	Q	S	T	A	V	L	I	F	Y	W	H	M	C	P
0	0.01649	0.08720	0.02012	0.07147	0.05724	0.01617	0.01238	0.10292	0.01587	0.02293	0.01222	0.01549	0.01032	0.00887	0.03209	0.00213	0.16816	0.00518	0.00402	0.31874
1	0.05902	0.00866	0.01126	0.01080	0.01258	0.00951	0.00839	0.01301	0.01243	0.01824	0.02752	0.10199	0.13415	0.03397	0.38070	0.00694	0.07547	0.00932	0.00447	0.06156
2	0.00929	0.00666	0.00823	0.00904	0.00979	0.00629	0.00618	0.01058	0.01351	0.01778	0.08459	0.35488	0.12531	0.22236	0.01618	0.00385	0.00491	0.07920	0.00594	0.00544
3	0.01911	0.37951	0.23979	0.01511	0.02231	0.02247	0.01632	0.14296	0.01793	0.04741	0.01246	0.01371	0.00974	0.00670	0.00567	0.00184	0.00831	0.00474	0.00390	0.01000
4	0.02300	0.01458	0.05843	0.01362	0.04542	0.06079	0.01097	0.02753	0.07488	0.34447	0.04173	0.03941	0.01745	0.00835	0.00657	0.00197	0.00625	0.00680	0.08388	0.11390
5	0.00878	0.00674	0.00790	0.00831	0.00975	0.00602	0.00588	0.01058	0.01553	0.02008	0.18896	0.28313	0.31998	0.06353	0.01013	0.00275	0.00385	0.01566	0.00659	0.00586
6	0.01470	0.00768	0.01033	0.01040	0.01220	0.00694	0.00750	0.01641	0.01543	0.20612	0.06547	0.52351	0.03927	0.01796	0.00837	0.00262	0.00452	0.01607	0.00711	0.00738
7	0.01659	0.06385	0.08764	0.10686	0.02266	0.12652	0.04077	0.10029	0.01813	0.02312	0.13668	0.02669	0.08783	0.01000	0.00908	0.00223	0.10032	0.00769	0.00476	0.00830
8	0.01616	0.01756	0.11454	0.02065	0.02503	0.01614	0.25104	0.02013	0.01452	0.08812	0.01720	0.11929	0.01555	0.01026	0.01217	0.00258	0.21734	0.00873	0.00423	0.00874
9	0.01215	0.00760	0.00971	0.00972	0.01147	0.00704	0.00707	0.01502	0.04610	0.11001	0.23251	0.35841	0.11200	0.01705	0.00833	0.00250	0.00408	0.01511	0.00713	0.00698
10	0.01880	0.02062	0.10920	0.13434	0.02938	0.10709	0.17104	0.08912	0.16208	0.06187	0.01722	0.01909	0.01271	0.00746	0.00717	0.00223	0.00928	0.00674	0.00476	0.00980
11	0.07205	0.03704	0.05139	0.06670	0.06828	0.07720	0.01314	0.19143	0.13645	0.13149	0.06886	0.02116	0.01723	0.00842	0.00678	0.00214	0.00728	0.00668	0.00603	0.01025
12	0.01714	0.01621	0.01746	0.01644	0.11310	0.10282	0.01125	0.04858	0.09361	0.02361	0.01429	0.01602	0.01157	0.00619	0.00584	0.00147	0.00668	0.00498	0.00442	0.46833
13	0.00892	0.00654	0.00813	0.00885	0.00979	0.00601	0.00606	0.01053	0.01476	0.01963	0.18079	0.41428	0.15887	0.09948	0.01156	0.00305	0.00410	0.01643	0.00648	0.00574

[dist]
# distance from previous block
# <min> <max>
0	1

[block]
# block no. 5 follows, 30 sequences, length 179
# corresponding to MSA columns:
# 762-925,929-943
name=unknown_F
#
# <colnr> <probs for GDERKNQSTAVLIFYWHMCP>
#	G	D	E	R	K	N	Q	S	T	A	V	L	I	F	Y	W	H	M	C	P
0	0.01405	0.01045	0.01357	0.01168	0.01479	0.01038	0.05766	0.02138	0.18507	0.06715	0.27236	0.06934	0.05343	0.01122	0.00730	0.00213	0.00479	0.00988	0.09995	0.06340
1	0.01702	0.06130	0.01709	0.01164	0.01761	0.01305	0.00953	0.13831	0.05016	0.02643	0.01377	0.01522	0.01104	0.00600	0.00554	0.00132	0.00578	0.00467	0.00471	0.56982
2	0.01731	0.24135	0.02914	0.02715	0.32995	0.03710	0.04804	0.02062	0.01504	0.02021	0.01264	0.01733	0.01124	0.00698	0.00730	0.00194	0.05866	0.02974	0.00345	0.06482
3	0.04357	0.01844	0.12040	0.01424	0.01820	0.14619	0.01277	0.04165	0.01738	0.11063	0.12896	0.08232	0.02582	0.01133	0.00850	0.00231	0.06142	0.09281	0.00547	0.03758
4	0.01627	0.01226	0.01505	0.06612	0.01811	0.06256	0.05262	0.11979	0.01881	0.10615	0.12250	0.27577	0.05708	0.01385	0.00790	0.00239	0.00620	0.01220	0.00633	0.00806
5	0.00845	0.00658	0.00769	0.00856	0.00990	0.00583	0.00605	0.00997	0.01461	0.01837	0.05342	0.41611	0.35417	0.01985	0.00862	0.00262	0.00387	0.03305	0.00648	0.00579
6	0.21168	0.21050	0.30471	0.01465	0.02192	0.01875	0.01641	0.04407	0.01481	0.06744	0.01221	0.01364	0.00918	0.00661	0.00555	0.00201	0.00802	0.00461	0.00379	0.00944
7	0.01749	0.04904	0.22786	0.06862	0.04814	0.06691	0.10147	0.06765	0.01726	0.10441	0.02164	0.05487	0.06941	0.00914	0.00722	0.00225	0.00870	0.04386	0.00467	0.00936
8	0.01964	0.01494	0.01618	0.01412	0.01835	0.01681	0.01111	0.08164	0.57235	0.11150	0.02750	0.02512	0.02017	0.00929	0.00708	0.00232	0.00572	0.00768	0.00727	0.01120
9	0.01348	0.01395	0.06579	0.01486	0.01705	0.01503	0.01272	0.01594	0.01199	0.01825	0.01398	0.06828	0.01361	0.01932	0.16096	0.00426	0.35115	0.00689	0.00363	0.15887
10	0.01866	0.75896	0.03657	0.01194	0.01791	0.02761	0.01194	0.02090	0.01418	0.01642	0.00970	0.01119	0.00896	0.00597	0.00448	0.00149	0.00746	0.00373	0.00299	0.00896
11	0.03060	0.01301	0.01690	0.01296	0.01838	0.01195	0.01070	0.13108	0.02188	0.61630	0.02593	0.02271	0.01647	0.00860	0.00701	0.00215	0.00620	0.00691	0.00839	0.01187
12	0.01667	0.01742	0.03819	0.09404	0.17029	0.13929	0.08252	0.07826	0.01744	0.02176	0.02417	0.11045	0.11453	0.01032	0.00790	0.00225	0.03246	0.00893	0.00453	0.00860
13	0.01450	0.01417	0.02069	0.61434	0.06326	0.06538	0.01841	0.02005	0.06470	0.01876	0.01349	0.01869	0.01021	0.00715	0.00694	0.00228	0.00922	0.00621	0.00344	0.00811
14	0.00902	0.00644	0.00869	0.01031	0.01094	0.00611	0.00738	0.01061	0.01387	0.01839	0.03818	0.62380	0.04503	0.02138	0.00904	0.00291	0.00450	0.14114	0.00647	0.00581
15	0.01517	0.01479	0.02584	0.19737	0.25431	0.01619	0.13638	0.01925	0.01482	0.02047	0.01539	0.02485	0.01373	0.00874	0.00976	0.00246	0.11344	0.08443	0.00368	0.00895
16	0.01311	0.01140	0.01266	0.01309	0.06201	0.06016	0.00918	0.06592	0.09769	0.02283	0.13425	0.11167	0.19451	0.02054	0.13500	0.00387	0.00774	0.01092	0.00587	0.00759
17	0.01591	0.00851	0.01024	0.00923	0.01230	0.00730	0.00712	0.01790	0.01687	0.24926	0.05160	0.15500	0.38076	0.01531	0.00794	0.00236	0.00441	0.01294	0.00719	0.00784
18	0.00972	0.00659	0.00774	0.00815	0.00826	0.00648	0.00481	0.01004	0.01097	0.01463	0.02623	0.22691	0.03072	0.56622	0.02867	0.00575	0.00607	0.01264	0.00481	0.00460
19	0.02438	0.02080	0.01874	0.08399	0.02276	0.23510	0.01294	0.17897	0.14471	0.15895	0.01867	0.01866	0.01347	0.00813	0.00680	0.00209	0.00862	0.00616	0.00591	0.01017
20	0.06651	0.02576	0.37104	0.01979	0.02709	0.01646	0.13804	0.02269	0.01490	0.10409	0.01392	0.01639	0.01011	0.00753	0.00915	0.00235	0.11461	0.00597	0.00382	0.00978
21	0.00848	0.00615	0.00802	0.00952	0.01007	0.00568	0.00639	0.00974	0.01355	0.01789	0.04083	0.70004	0.09479	0.02155	0.00886	0.00280	0.00401	0.01946	0.00648	0.00568
22	0.02221	0.01492	0.01670	0.01402	0.01852	0.01621	0.01117	0.17487	0.37421	0.19028	0.02608	0.05021	0.01927	0.00950	0.00712	0.00228	0.00603	0.00778	0.00741	0.01121
23	0.02040	0.24874	0.04849	0.01960	0.14936	0.02166	0.01440	0.22481	0.13540	0.02825	0.01571	0.01662	0.01230	0.00735	0.00620	0.00195	0.00745	0.00571	0.00497	0.01062
24	0.01774	0.00804	0.00937	0.02638	0.01163	0.00770	0.00663	0.02088	0.01600	0.20398	0.02373	0.02525	0.01751	0.00823	0.00548	0.00178	0.00410	0.00663	0.57102	0.00792
25	0.01863	0.01572	0.02635	0.09028	0.58046	0.01575	0.01995	0.02264	0.01623	0.10448	0.01478	0.01814	0.01166	0.00656	0.00693	0.00210	0.00809	0.00631	0.00404	0.01091
26	0.02073	0.21506	0.22624	0.01703	0.02316	0.34673	0.01666	0.02446	0.01692	0.01837	0.01102	0.01286	0.00894	0.00672	0.00594	0.00184	0.01065	0.00450	0.00326	0.00895
27	0.01866	0.75896	0.03657	0.01194	0.01791	0.02761	0.01194	0.02090	0.01418	0.01642	0.00970	0.01119	0.00896	0.00597	0.00448	0.00149	0.00746	0.00373	0.00299	0.00896
28	0.02591	0.01653	0.02016	0.01562	0.02100	0.01733	0.05846	0.35044	0.12629	0.24106	0.02151	0.02036	0.01479	0.00844	0.00710	0.00217	0.00712	0.00687	0.00726	0.01158
29	0.01582	0.02339	0.22025	0.02689	0.03481	0.01727	0.51139	0.02229	0.01601	0.02229	0.01370	0.01774	0.01013	0.00608	0.00781	0.00232	0.01138	0.00742	0.00338	0.00965
30	0.01647	0.01882	0.04118	0.02941	0.03647	0.01765	0.68588	0.02235	0.01647	0.02235	0.01412	0.01882	0.01059	0.00588	0.00824	0.00235	0.01176	0.00824	0.00353	0.00941
31	0.01318	0.01240	0.02093	0.73798	0.04806	0.01550	0.01938	0.01783	0.01395	0.01783	0.01240	0.01860	0.00930	0.00698	0.00698	0.00233	0.00930	0.00620	0.00310	0.00775
32	0.11663	0.01889	0.01854	0.01500	0.01996	0.07108	0.01215	0.42799	0.16566	0.03751	0.01787	0.01771	0.01308	0.00829	0.00664	0.00214	0.00732	0.00619	0.00645	0.01092
33	0.01212	0.00606	0.00909	0.00909	0.00909	0.00606	0.00606	0.00909	0.00909	0.01212	0.01212	0.02121	0.01212	0.02424	0.02727	0.79697	0.00606	0.00606	0.00303	0.00303
34	0.01679	0.00981	0.01472	0.01396	0.01694	0.00931	0.06054	0.02007	0.01710	0.19983	0.03285	0.06018	0.03210	0.01556	0.00886	0.00288	0.00669	0.44700	0.00678	0.00805
35	0.00856	0.00612	0.00815	0.00968	0.01013	0.00571	0.00648	0.00986	0.01363	0.01824	0.06631	0.72115	0.04697	0.02155	0.00888	0.00281	0.00402	0.01954	0.00653	0.00571
36	0.01208	0.00992	0.01437	0.01333	0.01397	0.01265	0.01057	0.01345	0.01073	0.01582	0.01451	0.02239	0.01386	0.03466	0.38723	0.12106	0.26294	0.00681	0.00340	0.00625
37	0.01522	0.22525	0.54013	0.01781	0.02699	0.01919	0.02216	0.02178	0.01459	0.02061	0.01178	0.01381	0.00887	0.00646	0.00607	0.00202	0.00957	0.00478	0.00296	0.00996
38	0.01866	0.75896	0.03657	0.01194	0.01791	0.02761	0.01194	0.02090	0.01418	0.01642	0.00970	0.01119	0.00896	0.00597	0.00448	0.00149	0.00746	0.00373	0.00299	0.00896
39	0.01602	0.03235	0.58892	0.01981	0.02933	0.01607	0.06963	0.05049	0.01600	0.07653	0.01396	0.01579	0.00974	0.00681	0.00679	0.00221	0.00997	0.00556	0.00359	0.01044
40	0.02066	0.11184	0.07568	0.01431	0.01874	0.01690	0.01270	0.14031	0.04333	0.17888	0.01824	0.06882	0.01472	0.00948	0.00965	0.00220	0.14769	0.00686	0.02456	0.06446
41	0.01608	0.35512	0.02281	0.01089	0.01518	0.01774	0.00966	0.02060	0.09866	0.06950	0.15971	0.03039	0.12810	0.00998	0.00628	0.00191	0.00571	0.00788	0.00533	0.00848
42	0.00827	0.00700	0.00714	0.00725	0.00947	0.00588	0.00538	0.00999	0.01573	0.01878	0.06844	0.11490	0.66211	0.01797	0.00829	0.00239	0.00357	0.01508	0.00648	0.00588
43	0.01488	0.01291	0.01987	0.04242	0.11441	0.01296	0.13788	0.10666	0.06672	0.02659	0.19223	0.06289	0.10099	0.01062	0.00764	0.00223	0.00656	0.00977	0.04312	0.00866
44	0.01714	0.07797	0.25266	0.06619	0.02954	0.06763	0.20546	0.07289	0.09774	0.02359	0.01483	0.01720	0.01107	0.00690	0.00700	0.00219	0.00985	0.00634	0.00396	0.00985
45	0.01365	0.01225	0.01577	0.01378	0.01595	0.08133	0.08885	0.06197	0.01395	0.01840	0.01770	0.02779	0.01690	0.18843	0.35513	0.00744	0.03217	0.00773	0.00401	0.00679
46	0.00847	0.00644	0.00781	0.00881	0.00990	0.00577	0.00610	0.00994	0.01443	0.01853	0.07380	0.50065	0.26376	0.02021	0.00867	0.00265	0.00385	0.01790	0.00652	0.00577
47	0.01678	0.02043	0.19295	0.02310	0.18650	0.03757	0.06628	0.09027	0.10383	0.04744	0.01956	0.12797	0.01727	0.00939	0.00725	0.00228	0.00805	0.00834	0.00478	0.00996
48	0.01405	0.10539	0.59896	0.01836	0.02751	0.01656	0.02300	0.02107	0.01458	0.02122	0.01415	0.06840	0.01159	0.00768	0.00658	0.00218	0.00957	0.00609	0.00321	0.00984
49	0.00847	0.00621	0.00795	0.00934	0.01002	0.00570	0.00631	0.00976	0.01372	0.01796	0.04305	0.65290	0.14049	0.02127	0.00881	0.00277	0.00398	0.01911	0.00648	0.00570
50	0.01375	0.01036	0.01129	0.01019	0.01330	0.01041	0.00790	0.06663	0.19740	0.07279	0.14699	0.04761	0.33640	0.01374	0.00777	0.00230	0.00448	0.01150	0.00700	0.00818
51	0.02231	0.06751	0.15197	0.09093	0.02573	0.07214	0.01616	0.40607	0.02542	0.03357	0.01465	0.01593	0.01065	0.00767	0.00671	0.00208	0.00868	0.00578	0.00534	0.01070
52	0.00856	0.00708	0.00750	0.00740	0.00962	0.00602	0.00555	0.01062	0.01664	0.02060	0.19283	0.06427	0.58516	0.01702	0.00824	0.00233	0.00349	0.01432	0.00671	0.00602
53	0.00883	0.00630	0.00847	0.01009	0.01063	0.00595	0.00704	0.01028	0.01368	0.01818	0.03828	0.67074	0.04544	0.02156	0.00899	0.00288	0.00433	0.09610	0.00647	0.00576
54	0.02009	0.07210	0.01839	0.01439	0.01861	0.10377	0.01157	0.21436	0.28810	0.03027	0.07059	0.02559	0.03849	0.00955	0.00698	0.00218	0.00695	0.03155	0.00634	0.01014
55	0.02473	0.13006	0.02208	0.01718	0.02098	0.61052	0.01333	0.02658	0.01874	0.01698	0.01059	0.01248	0.00899	0.00719	0.00658	0.00180	0.03508	0.00444	0.00350	0.00819
56	0.03131	0.01188	0.01619	0.01242	0.01781	0.01026	0.01026	0.03401	0.01997	0.71606	0.02753	0.02375	0.01727	0.00864	0.00702	0.00216	0.00594	0.00702	0.00864	0.01188
57	0.01866	0.75896	0.03657	0.01194	0.01791	0.02761	0.01194	0.02090	0.01418	0.01642	0.00970	0.01119	0.00896	0.00597	0.00448	0.00149	0.00746	0.00373	0.00299	0.00896
58	0.01910	0.01608	0.13905	0.01259	0.01875	0.01091	0.01188	0.04731	0.01726	0.22434	0.07321	0.02236	0.04495	0.00777	0.00639	0.00175	0.00618	0.00632	0.00570	0.30811
59	0.02253	0.02704	0.07406	0.04085	0.13827	0.38646	0.06275	0.10294	0.03960	0.02227	0.01278	0.01498	0.01013	0.00710	0.00668	0.00198	0.01079	0.00544	0.00400	0.00935
60	0.00864	0.00708	0.00762	0.00748	0.00967	0.00606	0.00561	0.01078	0.01684	0.02106	0.22489	0.06352	0.55281	0.01685	0.00824	0.00232	0.00348	0.01422	0.00677	0.00606
61	0.02145	0.01465	0.01552	0.01247	0.01657	0.01596	0.01011	0.43574	0.02598	0.03723	0.01901	0.02023	0.01413	0.00828	0.00619	0.00192	0.00602	0.00637	0.30231	0.00985
62	0.01474	0.01388	0.02124	0.42338	0.08648	0.06395	0.09543	0.01905	0.01492	0.02013	0.01438	0.01942	0.01108	0.00701	0.00670	0.00215	0.00868	0.00638	0.14301	0.00799
63	0.01367	0.01272	0.01641	0.06520	0.01789	0.05953	0.01225	0.03749	0.01261	0.01763	0.01550	0.07395	0.01510	0.02730	0.28571	0.00596	0.29266	0.00754	0.00373	0.00713
64	0.01218	0.01727	0.25268	0.01267	0.01749	0.01002	0.01327	0.01702	0.01785	0.05673	0.40704	0.03876	0.07576	0.01156	0.00763	0.00221	0.00583	0.00991	0.00604	0.00807
65	0.00942	0.00684	0.00907	0.01052	0.01154	0.00650	0.00799	0.01137	0.01454	0.01897	0.04119	0.45124	0.11076	0.02055	0.00909	0.00292	0.00481	0.24024	0.00646	0.00595
66	0.02260	0.01687	0.02214	0.18269	0.09346	0.01849	0.04693	0.37836	0.02492	0.09953	0.01633	0.01799	0.01167	0.00776	0.00704	0.00216	0.00813	0.00642	0.00576	0.01074
67	0.01689	0.01361	0.01832	0.03911	0.06961	0.03957	0.11703	0.17969	0.01999	0.02823	0.06634	0.04457	0.07974	0.00920	0.00680	0.00205	0.00663	0.00807	0.22593	0.00862
68	0.01819	0.60222	0.03332	0.01328	0.01807	0.04257	0.01260	0.02028	0.01365	0.01650	0.00962	0.01199	0.00899	0.00717	0.00799	0.00179	0.14584	0.00420	0.00301	0.00869
69	0.07480	0.06821	0.03146	0.15158	0.03266	0.01762	0.36299	0.02163	0.01526	0.06983	0.01368	0.01773	0.01036	0.00688	0.00867	0.00232	0.07461	0.00696	0.00379	0.00896
70	0.00997	0.00748	0.01121	0.01121	0.01246	0.00872	0.00872	0.01246	0.01121	0.01620	0.01869	0.02741	0.01745	0.05234	0.72710	0.01121	0.01869	0.00748	0.00374	0.00623
71	0.02103	0.11230	0.04389	0.01994	0.02519	0.17602	0.24279	0.04903	0.01777	0.12309	0.04314	0.01819	0.01321	0.00745	0.00801	0.00212	0.05648	0.00657	0.00448	0.00930
72	0.22400	0.06425	0.01516	0.06483	0.01753	0.01436	0.01024	0.12951	0.01699	0.07573	0.05732	0.02486	0.01736	0.01707	0.14125	0.00388	0.00863	0.05851	0.03027	0.00826
73	0.00957	0.00707	0.00877	0.00858	0.01016	0.00648	0.00634	0.01219	0.01774	0.02422	0.46604	0.09440	0.18334	0.07454	0.01050	0.00267	0.00379	0.04035	0.00706	0.00621
74	0.01607	0.03316	0.01424	0.01228	0.01558	0.09733	0.00953	0.10341	0.24110	0.02650	0.14985	0.06257	0.16591	0.01192	0.00742	0.00223	0.00583	0.00983	0.00652	0.00874
75	0.01955	0.02046	0.01579	0.01449	0.01780	0.30656	0.01113	0.02698	0.22070	0.04828	0.10767	0.02984	0.06534	0.01028	0.00715	0.00216	0.00811	0.05334	0.00570	0.00867
76	0.00848	0.00614	0.00803	0.00953	0.01007	0.00568	0.00640	0.00974	0.01354	0.01789	0.04069	0.70306	0.09186	0.02157	0.00886	0.00280	0.00401	0.01949	0.00648	0.00568
77	0.01082	0.00737	0.00910	0.00864	0.01064	0.00658	0.00649	0.01351	0.01826	0.07227	0.44023	0.10548	0.23383	0.01535	0.00820	0.00228	0.00360	0.01333	0.00734	0.00670
