[name]
unknown

[dist]
# distance from previous block
# <min> <max>
0	38

[block]
# block no. 0 follows, 32 sequences, length 14
# corresponding to MSA columns:
# 40-53
name=unknown_A
#
# <colnr> <probs for GDERKNQSTAVLIFYWHMCP>
#	G	D	E	R	K	N	Q	S	T	A	V	L	I	F	Y	W	H	M	C	P
0	0.00836	0.00651	0.00765	0.00832	0.00976	0.00579	0.00606	0.01008	0.01465	0.01855	0.10220	0.32844	0.36142	0.01840	0.00827	0.00249	0.00378	0.06727	0.00631	0.00567
1	0.00975	0.00654	0.00751	0.00751	0.00758	0.00661	0.00430	0.00988	0.00981	0.01315	0.02097	0.04294	0.02397	0.72473	0.07304	0.00674	0.00714	0.00962	0.00404	0.00417
2	0.06027	0.31382	0.11293	0.01570	0.08505	0.04330	0.03090	0.06083	0.03908	0.02030	0.01597	0.14287	0.01555	0.00882	0.00591	0.00193	0.00714	0.00711	0.00397	0.00857
3	0.01754	0.16057	0.25487	0.02102	0.13533	0.09339	0.06234	0.06492	0.03120	0.04230	0.01243	0.01463	0.00969	0.00670	0.00693	0.00198	0.04588	0.00522	0.00352	0.00954
4	0.44840	0.01240	0.01249	0.01035	0.01492	0.01298	0.00851	0.02589	0.04923	0.31879	0.01733	0.01655	0.01179	0.00723	0.00536	0.00209	0.00541	0.00512	0.00601	0.00915
5	0.00994	0.00652	0.00883	0.00934	0.00985	0.00667	0.00658	0.01043	0.01111	0.01498	0.02367	0.18494	0.02622	0.22601	0.15717	0.17238	0.00796	0.09820	0.00445	0.00475
6	0.01889	0.19276	0.14618	0.02254	0.22104	0.08903	0.01666	0.08010	0.01649	0.07499	0.01269	0.01474	0.01003	0.00676	0.00687	0.00192	0.04964	0.00515	0.00380	0.00971
7	0.03879	0.00859	0.01032	0.01054	0.01212	0.03248	0.02899	0.03710	0.04520	0.04861	0.03597	0.50105	0.10781	0.01753	0.00804	0.00255	0.00474	0.03702	0.00610	0.00644
8	0.00972	0.00687	0.00908	0.00929	0.00994	0.00734	0.00656	0.01104	0.01085	0.01491	0.02193	0.07029	0.02354	0.37212	0.31472	0.00774	0.01099	0.07380	0.00417	0.00511
9	0.06361	0.13677	0.16413	0.03840	0.02219	0.32934	0.03607	0.02377	0.05576	0.01907	0.01272	0.01617	0.01059	0.00719	0.00602	0.00191	0.00978	0.03450	0.00358	0.00842
10	0.01822	0.05910	0.15990	0.06528	0.05673	0.10489	0.01494	0.15698	0.09846	0.04664	0.01599	0.02023	0.01304	0.06532	0.00951	0.00245	0.05177	0.02684	0.00456	0.00917
11	0.00837	0.00641	0.00741	0.00795	0.00919	0.00574	0.00551	0.00980	0.01405	0.01791	0.10675	0.32121	0.32930	0.10549	0.01123	0.00292	0.00393	0.01531	0.00608	0.00545
12	0.01736	0.12835	0.33646	0.01704	0.02380	0.17527	0.04795	0.05963	0.04052	0.02095	0.01328	0.01639	0.01053	0.00703	0.00617	0.00196	0.00943	0.02795	0.03085	0.00909
13	0.01765	0.05331	0.09781	0.02469	0.28195	0.15324	0.01603	0.05332	0.11555	0.02279	0.08326	0.01968	0.01652	0.00748	0.00655	0.00198	0.00806	0.00628	0.00432	0.00953

[dist]
# distance from previous block
# <min> <max>
0	1

[block]
# block no. 1 follows, 32 sequences, length 66
# corresponding to MSA columns:
# 55-120
name=unknown_B
#
# <colnr> <probs for GDERKNQSTAVLIFYWHMCP>
#	G	D	E	R	K	N	Q	S	T	A	V	L	I	F	Y	W	H	M	C	P
0	0.06615	0.01385	0.01470	0.06075	0.01821	0.03649	0.01045	0.12208	0.36864	0.05182	0.04687	0.06480	0.01975	0.00928	0.00659	0.00217	0.00573	0.00761	0.06456	0.00950
1	0.01900	0.26274	0.12027	0.01697	0.06789	0.12371	0.04487	0.09894	0.06630	0.04515	0.01307	0.01473	0.01045	0.00799	0.02487	0.00209	0.04269	0.00509	0.00392	0.00925
2	0.01243	0.07390	0.44748	0.01635	0.02328	0.01361	0.05646	0.01793	0.01397	0.01982	0.02009	0.18946	0.04676	0.01014	0.00690	0.00223	0.00814	0.00870	0.00380	0.00857
3	0.01815	0.04518	0.04730	0.01128	0.01721	0.01122	0.00964	0.08213	0.01650	0.15546	0.01493	0.01566	0.01120	0.00597	0.00549	0.00136	0.00564	0.00471	0.00494	0.51604
4	0.01590	0.01296	0.01384	0.01239	0.01555	0.01457	0.00947	0.10636	0.45293	0.02635	0.02703	0.03083	0.05214	0.14278	0.01176	0.00302	0.00571	0.03095	0.00628	0.00918
5	0.02510	0.03078	0.01912	0.01712	0.02075	0.67228	0.01295	0.08784	0.02015	0.01877	0.01089	0.01246	0.00889	0.00702	0.00611	0.00175	0.01167	0.00448	0.00375	0.00811
6	0.13010	0.01782	0.01831	0.01434	0.01944	0.04053	0.01179	0.52851	0.04569	0.08400	0.01601	0.01597	0.01136	0.00782	0.00636	0.00202	0.00707	0.00576	0.00638	0.01073
7	0.01731	0.06521	0.03704	0.01209	0.01751	0.01390	0.01016	0.21603	0.04916	0.02737	0.01537	0.05217	0.01299	0.00721	0.00582	0.00154	0.00595	0.02041	0.00494	0.40780
8	0.01715	0.09958	0.28562	0.02146	0.16084	0.09445	0.04318	0.04530	0.03312	0.05296	0.01292	0.01493	0.00989	0.00636	0.00616	0.00189	0.00874	0.00516	0.00359	0.07670
9	0.00953	0.00683	0.00851	0.00839	0.00949	0.00660	0.00597	0.01145	0.01466	0.02006	0.31943	0.04928	0.10823	0.26295	0.07880	0.00437	0.00576	0.05843	0.00578	0.00549
10	0.01559	0.01750	0.03772	0.02806	0.06488	0.01653	0.63597	0.02102	0.01558	0.02124	0.01373	0.01841	0.01050	0.00772	0.04126	0.00264	0.01147	0.00780	0.00340	0.00898
11	0.05514	0.06468	0.01679	0.04478	0.01812	0.10891	0.01089	0.20526	0.05194	0.12180	0.10399	0.04895	0.03989	0.00994	0.00683	0.00211	0.00682	0.06822	0.00599	0.00895
12	0.01874	0.19719	0.04578	0.02407	0.25656	0.12111	0.06461	0.06279	0.05673	0.04479	0.01328	0.01561	0.01080	0.00790	0.03035	0.00216	0.00873	0.00545	0.00381	0.00953
13	0.00875	0.00679	0.00796	0.00774	0.00958	0.00600	0.00578	0.01119	0.01712	0.02263	0.40329	0.08259	0.35558	0.01545	0.00795	0.00220	0.00330	0.01329	0.00683	0.00600
14	0.01588	0.01512	0.02568	0.11416	0.61967	0.01541	0.01976	0.01988	0.01525	0.02164	0.04375	0.01822	0.01278	0.00640	0.00671	0.00202	0.00786	0.00625	0.00347	0.01010
15	0.01594	0.11217	0.02207	0.23045	0.20942	0.04904	0.01555	0.04122	0.07939	0.04357	0.01577	0.04104	0.01341	0.00975	0.04177	0.00250	0.00828	0.03585	0.00399	0.00881
16	0.05732	0.01183	0.01426	0.01167	0.01604	0.01167	0.00942	0.04895	0.19232	0.42140	0.02515	0.02296	0.01712	0.00835	0.00642	0.00206	0.00533	0.00675	0.10052	0.01044
17	0.00969	0.00736	0.00925	0.01019	0.01202	0.00692	0.00859	0.01224	0.01539	0.01932	0.04815	0.07136	0.30359	0.01794	0.00875	0.00277	0.00510	0.41919	0.00620	0.00598
18	0.08774	0.01907	0.07390	0.09005	0.25181	0.12073	0.01626	0.10456	0.04705	0.04705	0.01313	0.01575	0.01032	0.00715	0.00755	0.00209	0.06675	0.00555	0.00405	0.00945
19	0.01344	0.04459	0.01498	0.01539	0.09272	0.06137	0.03152	0.01687	0.05388	0.05108	0.03089	0.16894	0.10265	0.01539	0.03048	0.00276	0.03175	0.20861	0.00540	0.00731
20	0.00953	0.00634	0.00737	0.00773	0.00790	0.00625	0.00459	0.00995	0.01067	0.01453	0.02481	0.20709	0.02863	0.55738	0.02687	0.00540	0.00574	0.01172	0.04301	0.00449
21	0.01346	0.03471	0.72942	0.01912	0.02904	0.01558	0.02479	0.02125	0.01417	0.02125	0.01204	0.01417	0.00850	0.00637	0.00637	0.00212	0.00992	0.00496	0.00283	0.00992
22	0.01665	0.30501	0.16452	0.01850	0.08901	0.10257	0.10537	0.02040	0.01474	0.01837	0.01323	0.07762	0.01207	0.00733	0.00597	0.00188	0.00861	0.00607	0.00333	0.00874
23	0.02623	0.01166	0.01499	0.01179	0.01642	0.01075	0.00962	0.12036	0.02042	0.52343	0.07390	0.04822	0.04330	0.00931	0.00687	0.00208	0.00557	0.00764	0.02686	0.01057
24	0.01669	0.01441	0.01517	0.01365	0.01745	0.01669	0.01062	0.03565	0.71021	0.02807	0.02731	0.02503	0.02048	0.00910	0.00683	0.00228	0.00531	0.00759	0.00683	0.01062
25	0.01392	0.01402	0.03624	0.46280	0.07509	0.07750	0.01606	0.01927	0.07418	0.01970	0.10827	0.02216	0.01730	0.00782	0.00681	0.00216	0.00810	0.00676	0.00396	0.00785
26	0.00961	0.00671	0.00834	0.00911	0.01024	0.00627	0.00633	0.01180	0.04565	0.04998	0.07052	0.51838	0.16035	0.04208	0.00906	0.00269	0.00400	0.01654	0.00633	0.00599
27	0.00984	0.00722	0.00927	0.00869	0.01038	0.00683	0.00654	0.01377	0.05232	0.02696	0.68545	0.04891	0.06125	0.01349	0.00786	0.00212	0.00327	0.01192	0.00736	0.00654
28	0.02542	0.02140	0.01992	0.01580	0.02080	0.16233	0.01280	0.56698	0.02907	0.03718	0.01498	0.01532	0.01086	0.00783	0.00658	0.00196	0.00832	0.00570	0.00607	0.01069
29	0.01038	0.00897	0.01521	0.01370	0.01587	0.00843	0.15783	0.01296	0.01437	0.01908	0.06995	0.37890	0.08571	0.03344	0.00904	0.00270	0.00588	0.12559	0.00561	0.00639
30	0.03791	0.01064	0.01211	0.01069	0.01358	0.03401	0.00827	0.10831	0.07039	0.15416	0.26042	0.14140	0.06598	0.01229	0.00732	0.00217	0.00481	0.01050	0.02688	0.00815
31	0.42105	0.18833	0.04269	0.01200	0.01692	0.06604	0.04038	0.10337	0.01517	0.02675	0.01051	0.01201	0.00834	0.00636	0.00486	0.00191	0.00679	0.00420	0.00405	0.00828
32	0.00995	0.00727	0.00969	0.01082	0.01232	0.00701	0.00900	0.01260	0.01542	0.02007	0.10449	0.15970	0.13723	0.01819	0.00886	0.00283	0.00521	0.43700	0.00631	0.00603
33	0.00976	0.00651	0.00732	0.00732	0.00732	0.00651	0.00407	0.00976	0.00976	0.01301	0.02114	0.04391	0.02439	0.76419	0.03415	0.00651	0.00651	0.00976	0.00407	0.00407
34	0.02551	0.01879	0.02014	0.01544	0.02081	0.02081	0.01275	0.69996	0.03155	0.04229	0.01611	0.01611	0.01141	0.00805	0.00671	0.00201	0.00738	0.00604	0.00671	0.01141
35	0.05741	0.05363	0.05751	0.08918	0.11263	0.03429	0.02795	0.13999	0.09707	0.14618	0.01672	0.01757	0.01222	0.00708	0.00626	0.00193	0.00703	0.00578	0.00519	0.10436
36	0.02506	0.03198	0.01901	0.01729	0.02074	0.73725	0.01296	0.02679	0.01901	0.01642	0.01037	0.01210	0.00864	0.00691	0.00605	0.00173	0.01210	0.00432	0.00346	0.00778
37	0.01346	0.03471	0.72942	0.01912	0.02904	0.01558	0.02479	0.02125	0.01417	0.02125	0.01204	0.01417	0.00850	0.00637	0.00637	0.00212	0.00992	0.00496	0.00283	0.00992
38	0.11623	0.06959	0.04261	0.01358	0.04075	0.03332	0.01079	0.24427	0.13207	0.02886	0.02145	0.11793	0.04816	0.04149	0.00766	0.00231	0.00631	0.00797	0.00560	0.00905
39	0.00934	0.00718	0.00866	0.00847	0.00962	0.00711	0.00603	0.01098	0.01423	0.01898	0.22871	0.11728	0.22891	0.20370	0.04008	0.00366	0.05363	0.01219	0.00571	0.00555
40	0.01524	0.32639	0.45335	0.01609	0.02434	0.01994	0.01950	0.02079	0.01395	0.01908	0.01096	0.01281	0.00854	0.00612	0.00555	0.00185	0.00883	0.00441	0.00285	0.00940
41	0.01361	0.05904	0.70639	0.01887	0.02865	0.01595	0.02435	0.02121	0.01415	0.02107	0.01195	0.01405	0.00850	0.00635	0.00631	0.00210	0.00983	0.00491	0.00283	0.00987
42	0.00876	0.00674	0.00800	0.00788	0.00962	0.00599	0.00584	0.01115	0.01695	0.02252	0.39808	0.12362	0.31921	0.01570	0.00798	0.00223	0.00333	0.01359	0.00682	0.00599
43	0.02380	0.01375	0.01641	0.01236	0.01784	0.01281	0.01013	0.22461	0.02123	0.30944	0.01897	0.01812	0.01304	0.00721	0.00619	0.00173	0.00598	0.00569	0.00651	0.25419
44	0.01669	0.01441	0.01517	0.01365	0.01745	0.01669	0.01062	0.03565	0.71021	0.02807	0.02731	0.02503	0.02048	0.00910	0.00683	0.00228	0.00531	0.00759	0.00683	0.01062
45	0.01640	0.13231	0.47533	0.01740	0.02545	0.09740	0.02022	0.07462	0.04149	0.02185	0.01236	0.01402	0.00919	0.00658	0.00610	0.00198	0.00942	0.00488	0.00335	0.00964
46	0.02240	0.19616	0.02265	0.01521	0.01954	0.32626	0.01241	0.17268	0.08630	0.02303	0.01295	0.01398	0.01038	0.00725	0.00637	0.00181	0.03238	0.00489	0.00434	0.00902
47	0.00823	0.00608	0.00770	0.00884	0.00964	0.00555	0.00604	0.00963	0.01370	0.01799	0.09050	0.58961	0.16233	0.01981	0.00841	0.00260	0.00376	0.01774	0.00631	0.00555
48	0.01559	0.01579	0.02931	0.12736	0.33711	0.01553	0.24907	0.02011	0.01510	0.02114	0.01279	0.01704	0.01019	0.00588	0.00694	0.00203	0.00897	0.00646	0.00336	0.08023
49	0.00955	0.00700	0.01002	0.01009	0.01104	0.00791	0.00751	0.01146	0.01070	0.01519	0.01946	0.06488	0.01947	0.17704	0.57618	0.00963	0.01524	0.00822	0.00381	0.00562
50	0.00909	0.00632	0.00798	0.00896	0.00935	0.00612	0.00599	0.01006	0.01202	0.01596	0.03092	0.40986	0.03625	0.29668	0.01815	0.00417	0.00514	0.09653	0.00542	0.00503
51	0.00838	0.00598	0.00802	0.00957	0.01005	0.00562	0.00658	0.00969	0.01305	0.01735	0.03687	0.70749	0.04394	0.02083	0.00862	0.00275	0.00407	0.06941	0.00622	0.00551
52	0.00818	0.00584	0.00779	0.00934	0.00973	0.00545	0.00623	0.00934	0.01285	0.01713	0.03698	0.75981	0.04438	0.02102	0.00856	0.00273	0.00389	0.01908	0.00623	0.00545
53	0.01391	0.01193	0.01391	0.00994	0.01590	0.00894	0.00795	0.01690	0.01391	0.02186	0.01193	0.01391	0.00994	0.00497	0.00497	0.00099	0.00497	0.00398	0.00398	0.80521
54	0.02312	0.00980	0.01305	0.01066	0.01418	0.00888	0.00826	0.02504	0.01606	0.48269	0.02436	0.02850	0.01860	0.20379	0.07860	0.00397	0.00700	0.00755	0.00681	0.00907
55	0.00886	0.00618	0.00753	0.00833	0.00863	0.00593	0.00522	0.00954	0.01160	0.01536	0.03147	0.40978	0.06810	0.34939	0.01985	0.00437	0.00502	0.01472	0.00527	0.00485
56	0.00818	0.00584	0.00779	0.00934	0.00973	0.00545	0.00623	0.00934	0.01285	0.01713	0.03698	0.75981	0.04438	0.02102	0.00856	0.00273	0.00389	0.01908	0.00623	0.00545
57	0.76045	0.01287	0.01024	0.00903	0.01325	0.01471	0.00744	0.02057	0.01193	0.07570	0.01046	0.01168	0.00788	0.00636	0.00432	0.00208	0.00522	0.00384	0.00442	0.00754
58	0.04202	0.01602	0.02162	0.02294	0.21787	0.01729	0.07596	0.16436	0.29349	0.02869	0.01913	0.01981	0.01455	0.00761	0.00677	0.00214	0.00702	0.00673	0.00543	0.01054
59	0.00960	0.00656	0.00860	0.00969	0.01049	0.00622	0.00672	0.03335	0.01403	0.04134	0.06543	0.65754	0.04301	0.01978	0.00844	0.00267	0.00411	0.04016	0.00636	0.00590
60	0.02112	0.01569	0.01656	0.01386	0.01825	0.04304	0.01105	0.22825	0.37094	0.12648	0.02457	0.02289	0.03869	0.00885	0.00679	0.00215	0.00616	0.00711	0.00685	0.01070
61	0.01066	0.00866	0.00980	0.01047	0.01184	0.02955	0.00741	0.01604	0.17683	0.01972	0.03535	0.53359	0.06863	0.01763	0.00805	0.00257	0.00444	0.01572	0.00629	0.00674
62	0.01609	0.01551	0.02671	0.12877	0.61805	0.01584	0.04020	0.02019	0.01506	0.02131	0.01256	0.01681	0.01041	0.00606	0.00669	0.00203	0.00819	0.00603	0.00328	0.01019
63	0.00847	0.00645	0.00793	0.04099	0.01104	0.00597	0.00633	0.01005	0.01376	0.01780	0.04583	0.45869	0.27236	0.01846	0.00810	0.00250	0.00392	0.01628	0.03944	0.00565
64	0.01560	0.01526	0.07792	0.01226	0.01558	0.10811	0.03961	0.02315	0.19714	0.02381	0.01998	0.02159	0.01548	0.00797	0.00645	0.00191	0.03727	0.00628	0.34654	0.00810
65	0.15045	0.03887	0.04949	0.04074	0.04916	0.19987	0.07264	0.09362	0.04280	0.04005	0.05381	0.07634	0.04710	0.00872	0.00641	0.00205	0.00798	0.00701	0.00463	0.00826

[dist]
# distance from previous block
# <min> <max>
0	2

[block]
# block no. 2 follows, 32 sequences, length 34
# corresponding to MSA columns:
# 125-158
name=unknown_C
#
# <colnr> <probs for GDERKNQSTAVLIFYWHMCP>
#	G	D	E	R	K	N	Q	S	T	A	V	L	I	F	Y	W	H	M	C	P
0	0.01885	0.28361	0.20124	0.01532	0.02126	0.21001	0.01523	0.06241	0.01614	0.01918	0.01078	0.01257	0.00883	0.00654	0.00614	0.00176	0.03793	0.00437	0.00330	0.04452
1	0.01425	0.01342	0.02007	0.65696	0.04305	0.05015	0.01791	0.06971	0.01507	0.01903	0.01217	0.01747	0.00912	0.00682	0.00668	0.00219	0.00898	0.00589	0.00329	0.00777
2	0.07937	0.01238	0.04213	0.02062	0.23414	0.01196	0.01291	0.01954	0.10112	0.06128	0.02458	0.13828	0.04403	0.03835	0.00823	0.00252	0.00625	0.12873	0.00514	0.00844
3	0.01574	0.18366	0.23444	0.03866	0.02178	0.08676	0.01645	0.02005	0.04157	0.01817	0.01206	0.04528	0.01063	0.00853	0.01039	0.00220	0.21632	0.00559	0.00324	0.00848
4	0.01094	0.00802	0.00974	0.00920	0.01114	0.00782	0.00696	0.04635	0.04534	0.05009	0.33009	0.13894	0.21697	0.01617	0.03657	0.00259	0.02729	0.01247	0.00664	0.00668
5	0.00880	0.00660	0.00815	0.00825	0.00972	0.00596	0.00600	0.01113	0.01663	0.02242	0.39671	0.22107	0.22150	0.01625	0.00807	0.00229	0.00339	0.01427	0.00683	0.00596
6	0.01698	0.31078	0.19631	0.09823	0.07317	0.11160	0.04342	0.02147	0.03616	0.01835	0.01135	0.01367	0.00919	0.00627	0.00567	0.00182	0.00881	0.00473	0.00312	0.00891
7	0.01180	0.00806	0.01027	0.01014	0.03202	0.00776	0.00731	0.01622	0.08670	0.07618	0.44322	0.13266	0.07607	0.01346	0.00765	0.00218	0.00380	0.01184	0.03551	0.00712
8	0.12704	0.01214	0.01519	0.01180	0.01688	0.01129	0.00975	0.07902	0.01912	0.59105	0.02360	0.02087	0.01507	0.00803	0.00642	0.00207	0.00577	0.00631	0.00767	0.01090
9	0.01404	0.09888	0.62669	0.01973	0.06843	0.01658	0.02336	0.02111	0.01418	0.02080	0.01183	0.01401	0.00863	0.00630	0.00621	0.00206	0.00956	0.00490	0.00287	0.00984
10	0.00874	0.00701	0.00783	0.00764	0.00966	0.00620	0.00572	0.01143	0.03596	0.02150	0.29739	0.07773	0.44787	0.01572	0.00791	0.00222	0.00338	0.01339	0.00666	0.00603
11	0.00959	0.00719	0.01078	0.01078	0.01198	0.00839	0.00839	0.01198	0.01078	0.01558	0.01797	0.02636	0.01677	0.05032	0.73760	0.01078	0.01797	0.00719	0.00359	0.00599
12	0.00973	0.00660	0.00781	0.00781	0.00798	0.00677	0.00468	0.01007	0.00990	0.01337	0.02069	0.04142	0.02331	0.66282	0.13404	0.00711	0.00813	0.00939	0.00400	0.00434
13	0.01476	0.05779	0.02125	0.15397	0.32672	0.05656	0.01575	0.01869	0.03318	0.02082	0.11425	0.04284	0.02007	0.00995	0.03516	0.00242	0.00780	0.03524	0.00411	0.00868
14	0.01794	0.76823	0.03516	0.01148	0.01722	0.02655	0.01148	0.02009	0.01363	0.01579	0.00933	0.01076	0.00861	0.00574	0.00431	0.00144	0.00718	0.00359	0.00287	0.00861
15	0.01036	0.00755	0.00911	0.00875	0.00880	0.00833	0.00557	0.01065	0.00987	0.01351	0.01947	0.03953	0.02213	0.64053	0.06221	0.00624	0.09976	0.00917	0.00391	0.00455
16	0.00816	0.00589	0.00773	0.00920	0.00969	0.00546	0.00617	0.00936	0.01298	0.01718	0.03871	0.72095	0.08212	0.02080	0.00853	0.00270	0.00387	0.01880	0.00623	0.00546
17	0.04493	0.01640	0.05635	0.12019	0.23450	0.01561	0.28509	0.03685	0.01563	0.06456	0.01439	0.03890	0.01139	0.00659	0.00712	0.00216	0.00911	0.00704	0.00378	0.00938
18	0.01267	0.01193	0.02013	0.74806	0.04621	0.01491	0.01863	0.01714	0.01342	0.01714	0.01193	0.01789	0.00894	0.00671	0.00671	0.00224	0.00894	0.00596	0.00298	0.00745
19	0.01209	0.00680	0.00739	0.00731	0.00889	0.00676	0.00544	0.04221	0.01533	0.02504	0.12246	0.11642	0.02678	0.01025	0.00570	0.00180	0.00340	0.00862	0.56096	0.00638
20	0.01713	0.02064	0.11835	0.06521	0.29604	0.10932	0.15022	0.04407	0.03251	0.02130	0.01266	0.01614	0.01009	0.00659	0.00765	0.00210	0.05095	0.00604	0.00345	0.00955
21	0.01889	0.23205	0.27203	0.01508	0.02175	0.09126	0.01599	0.06658	0.04822	0.11484	0.03374	0.01579	0.01189	0.00695	0.00590	0.00189	0.00826	0.00514	0.00419	0.00956
22	0.00959	0.00719	0.01078	0.01078	0.01198	0.00839	0.00839	0.01198	0.01078	0.01558	0.01797	0.02636	0.01677	0.05032	0.73760	0.01078	0.01797	0.00719	0.00359	0.00599
23	0.47291	0.12656	0.09262	0.01323	0.06658	0.03776	0.01117	0.04670	0.01358	0.05141	0.01076	0.01230	0.00837	0.00632	0.00484	0.00197	0.00649	0.00416	0.00399	0.00831
24	0.00835	0.00613	0.00783	0.00885	0.00968	0.00562	0.00609	0.00990	0.01414	0.01879	0.14730	0.55297	0.14103	0.01933	0.00838	0.00257	0.00371	0.01731	0.00641	0.00562
25	0.01546	0.01069	0.01143	0.01022	0.01313	0.01155	0.00797	0.10982	0.23513	0.04908	0.05133	0.02787	0.07447	0.01075	0.03274	0.00227	0.00500	0.00753	0.30516	0.00839
26	0.01926	0.33931	0.21331	0.01509	0.02129	0.21461	0.01532	0.02281	0.01549	0.05165	0.01115	0.01260	0.00898	0.00635	0.00544	0.00173	0.00916	0.00430	0.00328	0.00887
27	0.06635	0.00993	0.04008	0.05440	0.03946	0.00951	0.00948	0.01617	0.04060	0.08271	0.22427	0.07748	0.10053	0.01812	0.11926	0.00357	0.02987	0.04532	0.00569	0.00720
28	0.04460	0.09328	0.18921	0.01812	0.10260	0.04989	0.05925	0.07577	0.01569	0.02260	0.01194	0.01427	0.00948	0.00620	0.00646	0.00174	0.03723	0.00491	0.00365	0.23312
29	0.01216	0.05921	0.01458	0.08370	0.14161	0.01065	0.01006	0.01551	0.05531	0.04392	0.08214	0.05802	0.28560	0.08702	0.00987	0.00258	0.00548	0.01014	0.00515	0.00728
30	0.04524	0.01498	0.04448	0.04074	0.05945	0.04240	0.01117	0.11148	0.07360	0.04948	0.04102	0.01699	0.01301	0.00685	0.00671	0.00164	0.04784	0.00529	0.00467	0.36296
31	0.04933	0.11129	0.23430	0.01947	0.12290	0.03685	0.07675	0.02073	0.03113	0.06184	0.03802	0.01795	0.01259	0.04910	0.00837	0.00223	0.03757	0.00579	0.00375	0.06006
32	0.01427	0.01462	0.08919	0.07587	0.11084	0.02975	0.04040	0.03701	0.13968	0.04444	0.09749	0.06705	0.08715	0.01049	0.02562	0.00228	0.00669	0.00819	0.00506	0.09390
33	0.04858	0.09877	0.04789	0.06174	0.18157	0.11686	0.05661	0.10637	0.01820	0.10771	0.07755	0.01892	0.01537	0.00736	0.00643	0.00196	0.00792	0.00614	0.00467	0.00939

[dist]
# distance from previous block
# <min> <max>
0	12

[block]
# block no. 3 follows, 32 sequences, length 44
# corresponding to MSA columns:
# 190-233
name=unknown_D
#
# <colnr> <probs for GDERKNQSTAVLIFYWHMCP>
#	G	D	E	R	K	N	Q	S	T	A	V	L	I	F	Y	W	H	M	C	P
0	0.04229	0.10101	0.08427	0.01382	0.01854	0.09931	0.05010	0.13743	0.09205	0.07314	0.06987	0.02162	0.03189	0.05145	0.00787	0.00217	0.00722	0.00645	0.03216	0.05736
1	0.08216	0.01724	0.05968	0.01719	0.09316	0.11411	0.07123	0.13177	0.01889	0.17940	0.04897	0.02185	0.05081	0.03344	0.00749	0.00217	0.00752	0.00667	0.02691	0.00932
2	0.12982	0.03226	0.04103	0.13543	0.09766	0.01308	0.05032	0.05972	0.03837	0.07907	0.07433	0.04171	0.05343	0.00857	0.00644	0.00207	0.00648	0.03276	0.04125	0.05618
3	0.01660	0.06069	0.08328	0.01590	0.03573	0.07621	0.10896	0.10340	0.09294	0.02396	0.04553	0.05615	0.01525	0.00781	0.00697	0.00188	0.03605	0.00659	0.03215	0.17396
4	0.03993	0.01489	0.02424	0.15903	0.17579	0.01552	0.17617	0.11035	0.06877	0.02402	0.01740	0.04096	0.03721	0.00767	0.00701	0.00215	0.00814	0.02691	0.00430	0.03952
5	0.09567	0.18327	0.02148	0.01348	0.01859	0.04798	0.01143	0.33928	0.10756	0.03138	0.01489	0.01526	0.01133	0.00728	0.00583	0.00185	0.00692	0.00528	0.00536	0.05591
6	0.01768	0.02418	0.25766	0.04667	0.07196	0.16396	0.05694	0.04456	0.04025	0.07407	0.01668	0.01844	0.04449	0.00755	0.00713	0.00205	0.04088	0.00593	0.04990	0.00904
7	0.04626	0.01127	0.01626	0.01382	0.03324	0.01072	0.11364	0.04196	0.08537	0.13629	0.07253	0.13036	0.10764	0.02769	0.00787	0.00229	0.00590	0.04819	0.00587	0.08283
8	0.01669	0.06347	0.22933	0.14264	0.05383	0.01413	0.09583	0.02140	0.01494	0.14717	0.01609	0.02079	0.01247	0.05072	0.00821	0.00234	0.00835	0.03191	0.00418	0.04550
9	0.01585	0.14885	0.16074	0.03925	0.11507	0.04924	0.11501	0.05259	0.03189	0.03532	0.01805	0.04165	0.03281	0.00870	0.00682	0.00215	0.00830	0.10479	0.00406	0.00886
10	0.00809	0.00617	0.00744	0.00846	0.00950	0.00552	0.00583	0.00944	0.01370	0.01748	0.04778	0.51767	0.27956	0.01962	0.00834	0.00257	0.00372	0.01736	0.00623	0.00552
11	0.01598	0.01259	0.07949	0.03681	0.01691	0.01077	0.03694	0.02246	0.16222	0.17479	0.12779	0.05275	0.13103	0.05444	0.00883	0.00248	0.00566	0.03321	0.00631	0.00855
12	0.06500	0.07279	0.18624	0.09293	0.02476	0.03614	0.07380	0.13766	0.01800	0.14501	0.03220	0.01844	0.01249	0.00755	0.00701	0.00211	0.03312	0.02046	0.00477	0.00954
13	0.01734	0.00973	0.01295	0.01253	0.01540	0.00950	0.01074	0.08218	0.01794	0.21159	0.03131	0.05603	0.03021	0.01483	0.00836	0.00272	0.00616	0.43563	0.00680	0.00807
14	0.04979	0.00945	0.01215	0.01017	0.01347	0.00872	0.00807	0.05053	0.01932	0.30991	0.38184	0.03613	0.04007	0.01100	0.00725	0.00209	0.00445	0.00937	0.00760	0.00864
15	0.01794	0.01705	0.01963	0.07701	0.06213	0.16613	0.10307	0.12193	0.03852	0.05004	0.04240	0.04411	0.03871	0.03486	0.05866	0.00286	0.03587	0.03771	0.02308	0.00831
16	0.01988	0.06732	0.02249	0.08852	0.02414	0.10452	0.13030	0.16244	0.19308	0.07577	0.01777	0.01868	0.01319	0.00749	0.00667	0.00207	0.00805	0.00643	0.02149	0.00969
17	0.01267	0.01193	0.02013	0.74806	0.04621	0.01491	0.01863	0.01714	0.01342	0.01714	0.01193	0.01789	0.00894	0.00671	0.00671	0.00224	0.00894	0.00596	0.00298	0.00745
18	0.05467	0.02698	0.07417	0.01613	0.02031	0.48968	0.01317	0.02678	0.01804	0.14960	0.01340	0.01432	0.01007	0.00729	0.00675	0.00188	0.03901	0.00486	0.00432	0.00859
19	0.05055	0.14801	0.15341	0.01504	0.02068	0.13130	0.04891	0.05482	0.10926	0.15402	0.03920	0.01766	0.01360	0.00735	0.00616	0.00196	0.00796	0.00569	0.00489	0.00953
20	0.01661	0.01594	0.02724	0.04119	0.72233	0.01594	0.02059	0.02059	0.01528	0.02192	0.01262	0.01661	0.01063	0.00598	0.00664	0.00199	0.00797	0.00598	0.00332	0.01063
21	0.00804	0.00638	0.00723	0.00791	0.00935	0.00557	0.00559	0.00950	0.01423	0.01769	0.05447	0.36749	0.42541	0.01875	0.00821	0.00247	0.00361	0.01630	0.00623	0.00557
22	0.01821	0.01683	0.08047	0.12172	0.13361	0.01502	0.32197	0.02300	0.01599	0.16184	0.01568	0.01851	0.01124	0.00642	0.00722	0.00217	0.00929	0.00693	0.00427	0.00961
23	0.01397	0.01387	0.02512	0.47123	0.14656	0.01567	0.15445	0.01851	0.01408	0.01871	0.01226	0.01763	0.00944	0.00656	0.00746	0.00223	0.03454	0.00635	0.00311	0.00825
24	0.00965	0.00692	0.00944	0.00944	0.01017	0.00766	0.00671	0.01112	0.01039	0.01458	0.01920	0.03317	0.01973	0.32743	0.46454	0.00912	0.01352	0.00819	0.00378	0.00524
25	0.01516	0.01522	0.02637	0.23721	0.31256	0.03428	0.15142	0.01931	0.01458	0.01984	0.01315	0.04206	0.01104	0.00699	0.00785	0.00219	0.05174	0.00675	0.00332	0.00898
26	0.01430	0.05582	0.45346	0.09251	0.14513	0.01613	0.08780	0.02073	0.01442	0.02079	0.01217	0.01517	0.00906	0.00625	0.00652	0.00210	0.00953	0.00545	0.00298	0.00967
27	0.01609	0.01756	0.09390	0.02901	0.24336	0.01524	0.32488	0.02101	0.01565	0.05754	0.01599	0.02326	0.01333	0.00724	0.00746	0.00224	0.00936	0.07360	0.00385	0.00945
28	0.01661	0.01594	0.02724	0.04119	0.72233	0.01594	0.02059	0.02059	0.01528	0.02192	0.01262	0.01661	0.01063	0.00598	0.00664	0.00199	0.00797	0.00598	0.00332	0.01063
29	0.01513	0.13261	0.56405	0.01806	0.02700	0.01681	0.05103	0.02176	0.01446	0.06119	0.01257	0.01437	0.00905	0.00637	0.00618	0.00203	0.00936	0.00500	0.00318	0.00979
30	0.00829	0.00603	0.00780	0.00906	0.00965	0.00566	0.00611	0.00951	0.01285	0.01696	0.03844	0.62279	0.10936	0.05756	0.04306	0.00323	0.00461	0.01760	0.00600	0.00543
31	0.01523	0.17460	0.38397	0.02334	0.18890	0.01793	0.06412	0.02088	0.01443	0.02034	0.01174	0.01431	0.00913	0.00611	0.00613	0.00197	0.00901	0.00511	0.00299	0.00977
32	0.02048	0.12837	0.23665	0.01820	0.09490	0.01810	0.01664	0.24092	0.02046	0.11989	0.01492	0.01570	0.01074	0.00704	0.00627	0.00197	0.00796	0.00545	0.00485	0.01048
33	0.01411	0.01589	0.09527	0.15717	0.22687	0.01502	0.13630	0.01828	0.01368	0.01924	0.01324	0.01891	0.01115	0.03961	0.10365	0.00348	0.07982	0.00649	0.00325	0.00856
34	0.00862	0.00638	0.00813	0.00923	0.01024	0.00589	0.00670	0.01032	0.01416	0.01849	0.09381	0.47260	0.17427	0.01934	0.00850	0.00264	0.00408	0.11464	0.00631	0.00566
35	0.05656	0.10545	0.21463	0.02345	0.20362	0.06480	0.09113	0.04478	0.03510	0.07858	0.01353	0.01561	0.01027	0.00644	0.00630	0.00200	0.00863	0.00553	0.00381	0.00978
36	0.01557	0.12412	0.02263	0.06497	0.11659	0.03495	0.10586	0.06052	0.14842	0.02236	0.06043	0.04717	0.07563	0.00910	0.00755	0.00214	0.04275	0.02569	0.00473	0.00880
37	0.00857	0.00617	0.00819	0.00960	0.01027	0.00580	0.00680	0.01009	0.01352	0.01792	0.06279	0.61266	0.07329	0.02025	0.00861	0.00273	0.00415	0.10675	0.00626	0.00559
38	0.01614	0.01550	0.04797	0.17229	0.34524	0.01555	0.07451	0.11191	0.01732	0.02377	0.04938	0.02063	0.04523	0.00727	0.00688	0.00209	0.00799	0.00678	0.00403	0.00952
39	0.01485	0.07487	0.05902	0.05789	0.37417	0.01411	0.01572	0.01874	0.03154	0.04614	0.05943	0.05027	0.08161	0.01136	0.05912	0.00266	0.00778	0.00747	0.00413	0.00910
40	0.02421	0.01805	0.01606	0.01342	0.01751	0.23485	0.01057	0.12647	0.02077	0.28401	0.10935	0.02397	0.05295	0.00894	0.00673	0.00197	0.00749	0.00693	0.00636	0.00938
41	0.01078	0.00793	0.01009	0.01052	0.01218	0.00785	0.00839	0.04624	0.04821	0.02226	0.19970	0.17282	0.09810	0.04209	0.00934	0.00276	0.00489	0.27295	0.00646	0.00644
42	0.01900	0.15186	0.15820	0.09336	0.15103	0.06598	0.01661	0.16005	0.03714	0.06482	0.01362	0.01544	0.01034	0.00679	0.00618	0.00194	0.00825	0.00536	0.00420	0.00984
43	0.09570	0.06623	0.01906	0.07498	0.02140	0.35868	0.03879	0.11865	0.01881	0.04146	0.01573	0.03586	0.05111	0.00786	0.00618	0.00191	0.00932	0.00575	0.00427	0.00823

[dist]
# distance from previous block
# <min> <max>
0	2

[block]
# block no. 4 follows, 32 sequences, length 47
# corresponding to MSA columns:
# 236-282
name=unknown_E
#
# <colnr> <probs for GDERKNQSTAVLIFYWHMCP>
#	G	D	E	R	K	N	Q	S	T	A	V	L	I	F	Y	W	H	M	C	P
0	0.01532	0.08702	0.16591	0.01696	0.12146	0.01345	0.01386	0.03941	0.01436	0.05016	0.01312	0.03589	0.01099	0.00776	0.00783	0.06118	0.03252	0.00524	0.00375	0.28379
1	0.02120	0.07731	0.02006	0.01643	0.04862	0.26491	0.03243	0.17160	0.09716	0.04825	0.01777	0.01873	0.05509	0.00905	0.02114	0.00215	0.05824	0.00603	0.00480	0.00904
2	0.01407	0.00898	0.01071	0.00946	0.01219	0.00849	0.00734	0.08735	0.04008	0.13286	0.31808	0.07271	0.22446	0.01331	0.00761	0.00217	0.00415	0.01134	0.00709	0.00756
3	0.01827	0.68108	0.06480	0.01225	0.01801	0.07874	0.01218	0.02064	0.01406	0.01608	0.00953	0.01101	0.00861	0.00586	0.00453	0.00149	0.00766	0.00370	0.00291	0.00861
4	0.01627	0.49563	0.29316	0.01432	0.02161	0.02247	0.01643	0.02052	0.01383	0.01782	0.01034	0.01203	0.00857	0.00598	0.00507	0.00169	0.00819	0.00410	0.00286	0.00910
5	0.01397	0.11198	0.63208	0.01826	0.02741	0.01691	0.02304	0.02096	0.01398	0.02050	0.01165	0.01382	0.00852	0.00649	0.00668	0.00208	0.03430	0.00484	0.00284	0.00969
6	0.01370	0.06546	0.01525	0.01184	0.01510	0.01223	0.05941	0.05281	0.21906	0.04461	0.23347	0.06205	0.14443	0.01157	0.00727	0.00216	0.00501	0.01001	0.00637	0.00819
7	0.01561	0.01559	0.04697	0.14100	0.57634	0.01539	0.01985	0.01970	0.01498	0.02107	0.01463	0.01856	0.03750	0.00652	0.00669	0.00204	0.00800	0.00626	0.00337	0.00996
8	0.01267	0.01193	0.02013	0.74806	0.04621	0.01491	0.01863	0.01714	0.01342	0.01714	0.01193	0.01789	0.00894	0.00671	0.00671	0.00224	0.00894	0.00596	0.00298	0.00745
9	0.01676	0.17769	0.36741	0.01824	0.07202	0.14534	0.01865	0.03873	0.01564	0.02013	0.04203	0.01490	0.01115	0.00668	0.00600	0.00190	0.00926	0.00498	0.00328	0.00921
10	0.00964	0.00697	0.00966	0.00966	0.01047	0.00778	0.00699	0.01126	0.01045	0.01475	0.01900	0.03204	0.01924	0.28127	0.51002	0.00940	0.01426	0.00802	0.00375	0.00537
11	0.01005	0.00699	0.00841	0.00836	0.00888	0.00722	0.00536	0.03220	0.01107	0.01492	0.02322	0.09088	0.04957	0.52342	0.16518	0.00676	0.00843	0.00997	0.00429	0.00483
12	0.00922	0.00700	0.00902	0.01034	0.03308	0.00671	0.00699	0.01200	0.05934	0.01950	0.13224	0.50596	0.11069	0.01831	0.00826	0.00255	0.00402	0.03233	0.00633	0.00611
13	0.01761	0.01567	0.01927	0.02250	0.23975	0.04919	0.01394	0.05770	0.39978	0.04286	0.02160	0.02245	0.01675	0.00816	0.00678	0.00216	0.00657	0.02122	0.00559	0.01045
14	0.00892	0.00639	0.00869	0.01000	0.01069	0.00627	0.00726	0.01055	0.01298	0.01734	0.03386	0.51191	0.03927	0.05776	0.09111	0.00387	0.00603	0.14571	0.00583	0.00559
15	0.00836	0.00631	0.00750	0.00821	0.00946	0.00565	0.00577	0.01000	0.01443	0.01877	0.11981	0.40597	0.29409	0.01835	0.00814	0.00245	0.00361	0.01613	0.03132	0.00565
16	0.01603	0.09991	0.04414	0.08548	0.45205	0.04149	0.04910	0.01968	0.01477	0.02016	0.01362	0.06430	0.01228	0.00719	0.00702	0.00203	0.03120	0.00657	0.00342	0.00954
17	0.01706	0.01430	0.01735	0.04374	0.15233	0.06032	0.01243	0.23492	0.01964	0.02615	0.03929	0.16520	0.02038	0.03772	0.06265	0.00299	0.03156	0.02810	0.00520	0.00867
18	0.01448	0.00971	0.01206	0.01084	0.01293	0.01061	0.00831	0.16824	0.01583	0.05153	0.01823	0.02578	0.01628	0.13275	0.32484	0.06586	0.01123	0.00708	0.07645	0.00697
19	0.01168	0.00745	0.00901	0.00827	0.01061	0.00655	0.00632	0.01418	0.01756	0.11854	0.36704	0.05214	0.31683	0.01428	0.00776	0.00217	0.00360	0.01221	0.00705	0.00676
20	0.01570	0.01563	0.01344	0.01250	0.01485	0.21190	0.00969	0.08764	0.01715	0.02011	0.06102	0.08753	0.18252	0.01440	0.02808	0.05125	0.06345	0.08122	0.00504	0.00689
21	0.01499	0.13228	0.27203	0.08211	0.08708	0.01738	0.21771	0.02096	0.03662	0.02037	0.01315	0.03168	0.01037	0.00647	0.00663	0.00208	0.00941	0.00618	0.00325	0.00926
22	0.02639	0.01204	0.01529	0.01210	0.01688	0.01131	0.00987	0.08499	0.10789	0.52938	0.04918	0.02531	0.04981	0.00895	0.00684	0.00211	0.00561	0.00730	0.00787	0.01090
23	0.01179	0.01236	0.04637	0.01510	0.09352	0.06765	0.07998	0.01458	0.01571	0.02005	0.14219	0.12917	0.27652	0.01316	0.00805	0.00224	0.02773	0.01146	0.00532	0.00705
24	0.01567	0.34050	0.34289	0.01717	0.02491	0.02038	0.11185	0.02080	0.01417	0.01899	0.01111	0.01328	0.00878	0.00601	0.00572	0.00185	0.00896	0.00479	0.00293	0.00925
25	0.01380	0.09098	0.67616	0.01854	0.02813	0.01642	0.02377	0.02116	0.01413	0.02083	0.01183	0.01391	0.00851	0.00633	0.00622	0.00207	0.00971	0.00485	0.00284	0.00982
26	0.00815	0.00595	0.00768	0.00906	0.00966	0.00547	0.00610	0.00937	0.01312	0.01724	0.04041	0.68282	0.11916	0.02058	0.00849	0.00267	0.00384	0.01853	0.00623	0.00547
27	0.01964	0.10763	0.15246	0.01667	0.03910	0.17104	0.05960	0.15921	0.01912	0.06594	0.03684	0.04527	0.03897	0.00813	0.00693	0.00199	0.03145	0.00632	0.00452	0.00916
28	0.02201	0.05069	0.01840	0.01400	0.01859	0.01843	0.01151	0.49496	0.09876	0.03645	0.01896	0.05287	0.01501	0.00896	0.00663	0.00205	0.00664	0.02794	0.06677	0.01038
29	0.00810	0.00638	0.00732	0.00797	0.00939	0.00560	0.00564	0.00963	0.01439	0.01806	0.08169	0.36578	0.39908	0.01861	0.00820	0.00246	0.00360	0.01621	0.00628	0.00560
30	0.05373	0.11498	0.21229	0.06798	0.08779	0.01616	0.07010	0.06972	0.04046	0.17958	0.01576	0.01682	0.01123	0.00686	0.00631	0.00203	0.00797	0.00568	0.00461	0.00993
31	0.01637	0.01158	0.01832	0.06866	0.02088	0.01146	0.14361	0.07134	0.04843	0.15002	0.05657	0.12112	0.03978	0.01215	0.00789	0.00246	0.00689	0.17825	0.00592	0.00829
32	0.01316	0.03170	0.64934	0.01837	0.02735	0.01471	0.02323	0.02043	0.01431	0.02112	0.01466	0.02102	0.01186	0.00773	0.00670	0.00223	0.00950	0.07987	0.00321	0.00950
33	0.01610	0.01509	0.02549	0.08569	0.63431	0.01529	0.01950	0.02006	0.01508	0.02179	0.01314	0.01720	0.01092	0.00614	0.00653	0.00198	0.00774	0.00599	0.05181	0.01015
34	0.07819	0.01690	0.13736	0.04715	0.02217	0.01252	0.11427	0.01978	0.05990	0.02257	0.01300	0.01525	0.01017	0.00576	0.00578	0.00160	0.00696	0.00503	0.00386	0.40179
35	0.00838	0.00668	0.00758	0.00809	0.00981	0.00587	0.00606	0.01018	0.01490	0.01851	0.08676	0.22945	0.45401	0.01797	0.00823	0.00246	0.00382	0.08927	0.00628	0.00570
36	0.01008	0.00648	0.00857	0.00931	0.01033	0.00596	0.00649	0.01175	0.01454	0.07301	0.16446	0.55283	0.06349	0.01858	0.00829	0.00255	0.00388	0.01671	0.00660	0.00607
37	0.01549	0.02753	0.46550	0.02261	0.12696	0.01545	0.10314	0.02262	0.04579	0.07089	0.01399	0.01607	0.01010	0.00649	0.00664	0.00213	0.00931	0.00570	0.00353	0.01005
38	0.01305	0.01202	0.01572	0.01463	0.01540	0.04683	0.01207	0.01506	0.01207	0.01695	0.01787	0.03347	0.01849	0.04902	0.14648	0.00446	0.36682	0.17893	0.00395	0.00669
39	0.01097	0.00885	0.01304	0.23180	0.02290	0.00959	0.01235	0.01427	0.01482	0.01893	0.03301	0.05683	0.12511	0.01478	0.00831	0.00272	0.00662	0.38340	0.00523	0.00649
40	0.01988	0.03017	0.09955	0.02198	0.23002	0.03703	0.03121	0.04486	0.04074	0.23868	0.02063	0.10267	0.01697	0.00894	0.00690	0.00214	0.00709	0.02514	0.00542	0.00995
41	0.04709	0.01847	0.10522	0.05869	0.23041	0.10141	0.04693	0.05843	0.04003	0.13007	0.03679	0.02020	0.01391	0.00745	0.00661	0.00206	0.00799	0.02924	0.02943	0.00960
42	0.01279	0.01016	0.01466	0.18156	0.02180	0.01120	0.03536	0.03799	0.06822	0.05027	0.09746	0.12571	0.06244	0.01318	0.00881	0.00253	0.05485	0.17831	0.00542	0.00727
43	0.27127	0.01293	0.01718	0.06572	0.27476	0.01375	0.01325	0.04037	0.01430	0.04449	0.01658	0.10199	0.01564	0.00892	0.00628	0.00221	0.00646	0.06107	0.00437	0.00847
44	0.04289	0.04455	0.08580	0.11378	0.16718	0.02919	0.05173	0.04667	0.03956	0.13160	0.01672	0.07553	0.01378	0.00808	0.00741	0.00209	0.04773	0.00685	0.00453	0.06434
45	0.07794	0.15380	0.15210	0.06577	0.07235	0.06121	0.03630	0.07700	0.03419	0.06685	0.03585	0.01864	0.01285	0.00766	0.00707	0.00204	0.05306	0.03562	0.00413	0.02558
46	0.24374	0.11178	0.19846	0.01279	0.01831	0.01587	0.01292	0.06043	0.01373	0.02349	0.01168	0.01531	0.00981	0.06728	0.00858	0.00228	0.05606	0.00480	0.00370	0.10898

[dist]
# distance from previous block
# <min> <max>
2	42

[block]
# block no. 5 follows, 32 sequences, length 54
# corresponding to MSA columns:
# 330-378,386-390
name=unknown_F
#
# <colnr> <probs for GDERKNQSTAVLIFYWHMCP>
#	G	D	E	R	K	N	Q	S	T	A	V	L	I	F	Y	W	H	M	C	P
0	0.06834	0.01649	0.06067	0.04232	0.26084	0.06684	0.05841	0.04029	0.01506	0.02199	0.01344	0.05778	0.01179	0.00698	0.00678	0.00184	0.03527	0.00603	0.00377	0.20505
1	0.01533	0.03852	0.04675	0.07248	0.24124	0.01434	0.13333	0.03689	0.01501	0.05021	0.03531	0.05551	0.04061	0.04804	0.00931	0.00231	0.05741	0.00735	0.00400	0.07603
2	0.03675	0.05517	0.04830	0.25142	0.21252	0.01523	0.03887	0.03942	0.01461	0.06850	0.01434	0.05414	0.01210	0.02580	0.00821	0.00223	0.05609	0.00653	0.00380	0.03595
3	0.01686	0.01418	0.05760	0.03228	0.07329	0.01257	0.01130	0.12609	0.09343	0.08066	0.04291	0.02078	0.01522	0.03095	0.04677	0.00233	0.00677	0.02120	0.00507	0.28975
4	0.01621	0.01377	0.02027	0.06373	0.21280	0.01299	0.05861	0.05616	0.01544	0.06501	0.01384	0.03579	0.01143	0.00656	0.00695	0.00170	0.04727	0.00569	0.00411	0.33166
5	0.04140	0.01210	0.01509	0.08292	0.04214	0.01130	0.01009	0.08396	0.05837	0.14570	0.11235	0.02164	0.01899	0.00751	0.00615	0.00169	0.00558	0.00622	0.00550	0.31130
6	0.01645	0.01310	0.01958	0.08013	0.19381	0.01215	0.06580	0.03917	0.03281	0.10503	0.06583	0.02044	0.03271	0.00691	0.00634	0.00174	0.00653	0.00624	0.00464	0.27060
7	0.01460	0.01295	0.01731	0.01791	0.19602	0.01073	0.01117	0.01784	0.01426	0.02188	0.01210	0.01460	0.01011	0.00523	0.00540	0.00125	0.00573	0.00449	0.00381	0.60262
8	0.00837	0.00598	0.00801	0.00957	0.01004	0.00562	0.00657	0.00968	0.01304	0.01735	0.03687	0.70852	0.04395	0.02084	0.00862	0.00275	0.00406	0.06841	0.00622	0.00550
9	0.01547	0.01592	0.03074	0.12779	0.30526	0.01584	0.30819	0.02019	0.01528	0.02102	0.01407	0.02034	0.01160	0.00656	0.00732	0.00219	0.00943	0.04003	0.00345	0.00932
10	0.01413	0.01212	0.01401	0.01023	0.01602	0.00955	0.00816	0.01837	0.06869	0.02235	0.01314	0.01479	0.01077	0.00529	0.00512	0.00109	0.00500	0.00426	0.00420	0.74270
11	0.00876	0.00675	0.00750	0.00736	0.00894	0.00603	0.00520	0.01048	0.01508	0.01938	0.23381	0.05611	0.38896	0.18056	0.01370	0.00316	0.00402	0.01264	0.00607	0.00549
12	0.00793	0.00680	0.00680	0.00680	0.00906	0.00566	0.00510	0.00963	0.01529	0.01813	0.06797	0.06457	0.71961	0.01699	0.00793	0.00227	0.00340	0.01416	0.00623	0.00566
13	0.00793	0.00680	0.00680	0.00680	0.00906	0.00566	0.00510	0.00963	0.01529	0.01813	0.06797	0.06457	0.71961	0.01699	0.00793	0.00227	0.00340	0.01416	0.00623	0.00566
14	0.01669	0.01441	0.01517	0.01365	0.01745	0.01669	0.01062	0.03565	0.71021	0.02807	0.02731	0.02503	0.02048	0.00910	0.00683	0.00228	0.00531	0.00759	0.00683	0.01062
15	0.01441	0.01371	0.02327	0.43496	0.34570	0.01537	0.01950	0.01867	0.01424	0.01926	0.01223	0.01732	0.00969	0.00639	0.00668	0.00213	0.00851	0.00597	0.00313	0.00886
16	0.01982	0.57367	0.03089	0.01302	0.01815	0.21436	0.01187	0.02186	0.01506	0.01595	0.00960	0.01112	0.00862	0.00605	0.00477	0.00151	0.00848	0.00378	0.00303	0.00839
17	0.02012	0.06278	0.29953	0.01780	0.05661	0.01430	0.08690	0.04743	0.01680	0.26490	0.03587	0.01850	0.01312	0.00716	0.00661	0.00207	0.00811	0.00608	0.00505	0.01026
18	0.01187	0.00826	0.01069	0.00979	0.01202	0.00786	0.02760	0.01630	0.09104	0.08507	0.39803	0.13391	0.13345	0.01384	0.00778	0.00223	0.00398	0.01218	0.00700	0.00711
19	0.01570	0.01908	0.08040	0.02774	0.03471	0.01689	0.65814	0.02148	0.01574	0.02148	0.01348	0.01787	0.01008	0.00570	0.00783	0.00225	0.01123	0.00774	0.00336	0.00910
20	0.01661	0.01594	0.02724	0.04119	0.72233	0.01594	0.02059	0.02059	0.01528	0.02192	0.01262	0.01661	0.01063	0.00598	0.00664	0.00199	0.00797	0.00598	0.00332	0.01063
21	0.02508	0.01294	0.01999	0.05666	0.19898	0.01202	0.04812	0.02828	0.01775	0.47640	0.02157	0.02077	0.01438	0.00750	0.00678	0.00207	0.00673	0.00657	0.00652	0.01090
22	0.00942	0.00686	0.00887	0.00836	0.00998	0.00630	0.00627	0.01252	0.01882	0.02650	0.68831	0.05080	0.09405	0.01387	0.00791	0.00212	0.00318	0.01223	0.00733	0.00630
23	0.00970	0.00674	0.00850	0.00850	0.00891	0.00715	0.00554	0.01052	0.01011	0.01389	0.02006	0.03790	0.02179	0.51985	0.27493	0.00797	0.01043	0.00888	0.00390	0.00472
24	0.81159	0.01298	0.00986	0.00882	0.01298	0.01505	0.00727	0.01972	0.01142	0.03010	0.00934	0.01090	0.00727	0.00623	0.00415	0.00208	0.00519	0.00363	0.00415	0.00727
25	0.02304	0.00992	0.01346	0.03071	0.01586	0.00882	0.00922	0.02547	0.01758	0.48844	0.05088	0.14143	0.06644	0.01158	0.00730	0.00226	0.00534	0.05516	0.00755	0.00955
26	0.81159	0.01298	0.00986	0.00882	0.01298	0.01505	0.00727	0.01972	0.01142	0.03010	0.00934	0.01090	0.00727	0.00623	0.00415	0.00208	0.00519	0.00363	0.00415	0.00727
27	0.00959	0.00719	0.01078	0.01078	0.01198	0.00839	0.00839	0.01198	0.01078	0.01558	0.01797	0.02636	0.01677	0.05032	0.73760	0.01078	0.01797	0.00719	0.00359	0.00599
28	0.01391	0.01193	0.01391	0.00994	0.01590	0.00894	0.00795	0.01690	0.01391	0.02186	0.01193	0.01391	0.00994	0.00497	0.00497	0.00099	0.00497	0.00398	0.00398	0.80521
29	0.02565	0.01857	0.02000	0.01533	0.02070	0.02047	0.01266	0.67954	0.03117	0.06324	0.01643	0.01632	0.01157	0.00806	0.00671	0.00202	0.00733	0.00606	0.00676	0.01141
30	0.00820	0.00598	0.00772	0.00903	0.00967	0.00551	0.00611	0.00950	0.01334	0.01760	0.06582	0.65822	0.11798	0.02031	0.00847	0.00265	0.00381	0.01829	0.00627	0.00551
