[name]
unknown

[dist]
# distance from previous block
# <min> <max>
1	39

[block]
# block no. 0 follows, 36 sequences, length 44
# corresponding to MSA columns:
# 39-82
name=unknown_A
#
# <colnr> <probs for GDERKNQSTAVLIFYWHMCP>
#	G	D	E	R	K	N	Q	S	T	A	V	L	I	F	Y	W	H	M	C	P
0	0.04869	0.01259	0.04428	0.05721	0.02082	0.01163	0.21774	0.04749	0.06769	0.13445	0.12243	0.02758	0.10076	0.00854	0.00675	0.00201	0.00656	0.02368	0.00509	0.03401
1	0.14911	0.05208	0.01344	0.01137	0.05440	0.01133	0.00853	0.07165	0.07433	0.13284	0.10382	0.06784	0.06746	0.00872	0.00584	0.00182	0.00489	0.02149	0.00532	0.13373
2	0.03280	0.03548	0.01130	0.00892	0.01250	0.00828	0.00696	0.01489	0.04898	0.05798	0.05423	0.13476	0.14580	0.01184	0.04800	0.00207	0.00495	0.00815	0.00479	0.34734
3	0.04392	0.22737	0.15654	0.01225	0.01723	0.03492	0.01193	0.06301	0.13026	0.10614	0.03412	0.07730	0.04360	0.00809	0.00569	0.00185	0.00631	0.00636	0.00457	0.00854
4	0.01780	0.11237	0.12024	0.01689	0.02169	0.27742	0.15583	0.06511	0.04454	0.01875	0.01297	0.01758	0.01099	0.03317	0.00695	0.00198	0.00926	0.04501	0.00353	0.00793
5	0.04295	0.03245	0.00971	0.00884	0.01074	0.00795	0.00670	0.05351	0.05584	0.04615	0.24705	0.25218	0.14762	0.01409	0.00717	0.00216	0.00389	0.03864	0.00605	0.00630
6	0.01659	0.53338	0.10783	0.01335	0.05267	0.06079	0.01246	0.04068	0.07835	0.01726	0.01083	0.01201	0.00915	0.00581	0.00467	0.00153	0.00707	0.00402	0.00315	0.00842
7	0.08207	0.01230	0.01590	0.01687	0.17841	0.03502	0.01093	0.08218	0.01636	0.28991	0.02014	0.08552	0.03928	0.00806	0.00607	0.00187	0.00578	0.00677	0.00551	0.08106
8	0.06001	0.37895	0.37625	0.01394	0.02106	0.01915	0.01639	0.01916	0.01278	0.01785	0.00988	0.01152	0.00788	0.00564	0.00492	0.00167	0.00779	0.00395	0.00272	0.00851
9	0.01505	0.01818	0.06965	0.02497	0.03104	0.05733	0.62414	0.02007	0.01464	0.01953	0.01223	0.01622	0.00926	0.00553	0.00759	0.00209	0.03409	0.00697	0.00312	0.00833
10	0.00808	0.00643	0.00731	0.00735	0.00920	0.00566	0.00569	0.01018	0.01514	0.01923	0.23979	0.05764	0.47163	0.01514	0.00751	0.00216	0.00341	0.09688	0.00607	0.00548
11	0.01479	0.01420	0.02449	0.08023	0.62412	0.01429	0.05221	0.01855	0.01430	0.02033	0.05252	0.01731	0.01250	0.00598	0.00630	0.00188	0.00736	0.00596	0.00328	0.00939
12	0.01873	0.01455	0.01646	0.01344	0.01755	0.01609	0.03860	0.32990	0.31027	0.05105	0.08783	0.02153	0.01864	0.00829	0.00643	0.00199	0.00581	0.00681	0.00625	0.00977
13	0.00904	0.00607	0.00695	0.00690	0.00705	0.00602	0.00399	0.00934	0.00994	0.01341	0.09369	0.04137	0.02637	0.70192	0.02920	0.00562	0.00572	0.00929	0.00409	0.00399
14	0.01491	0.01343	0.02130	0.30165	0.28010	0.01474	0.05279	0.11835	0.03759	0.02147	0.01360	0.01918	0.01111	0.00681	0.00640	0.00202	0.00765	0.04467	0.00367	0.00857
15	0.01643	0.64956	0.12577	0.01185	0.01759	0.05876	0.01235	0.01910	0.01297	0.01535	0.00904	0.01047	0.00798	0.00546	0.00433	0.00143	0.00722	0.00353	0.00269	0.00812
16	0.00906	0.00604	0.00680	0.00680	0.00680	0.00604	0.00378	0.00906	0.00906	0.01208	0.01963	0.04077	0.02265	0.78103	0.03171	0.00604	0.00604	0.00906	0.00378	0.00378
17	0.00764	0.00551	0.00724	0.00852	0.00902	0.00511	0.00574	0.00883	0.01231	0.01638	0.06875	0.70799	0.07588	0.01902	0.00790	0.00248	0.00356	0.01719	0.00583	0.00511
18	0.01333	0.00920	0.01100	0.01066	0.01301	0.00954	0.00834	0.03891	0.23005	0.10649	0.07220	0.21371	0.07677	0.01339	0.00728	0.00232	0.00464	0.14544	0.00624	0.00750
19	0.02317	0.01741	0.01973	0.01502	0.02008	0.01912	0.05243	0.68116	0.02846	0.03816	0.01482	0.01506	0.01053	0.00735	0.00630	0.00188	0.00707	0.00571	0.00606	0.01047
20	0.00890	0.00668	0.01001	0.01001	0.01113	0.00779	0.00779	0.01113	0.01001	0.01446	0.01669	0.02448	0.01558	0.04673	0.75634	0.01001	0.01669	0.00668	0.00334	0.00556
21	0.02327	0.02970	0.01766	0.01605	0.01926	0.75602	0.01204	0.02488	0.01766	0.01525	0.00963	0.01124	0.00803	0.00642	0.00562	0.00161	0.01124	0.00401	0.00321	0.00722
22	0.01514	0.01451	0.02478	0.09498	0.68766	0.01473	0.01898	0.01887	0.01405	0.02001	0.01167	0.01551	0.00975	0.00560	0.00617	0.00187	0.00747	0.00555	0.00306	0.00964
23	0.00764	0.00546	0.00727	0.00864	0.00905	0.00509	0.00579	0.00879	0.01215	0.01625	0.06148	0.74883	0.04189	0.01926	0.00793	0.00251	0.00359	0.01746	0.00583	0.00509
24	0.02224	0.01635	0.01763	0.01378	0.01845	0.01805	0.01129	0.60026	0.10120	0.05416	0.05019	0.01745	0.01384	0.00783	0.00630	0.00190	0.00644	0.00604	0.00631	0.01030
25	0.01250	0.03223	0.74875	0.01776	0.02697	0.01447	0.02302	0.01973	0.01315	0.01973	0.01118	0.01315	0.00789	0.00592	0.00592	0.00197	0.00921	0.00460	0.00263	0.00921
26	0.00860	0.00680	0.00864	0.00901	0.01047	0.00641	0.02681	0.01135	0.06001	0.01778	0.07920	0.36035	0.25491	0.01660	0.00770	0.00237	0.00398	0.09758	0.00580	0.00566
27	0.01161	0.00581	0.00581	0.00581	0.00726	0.00581	0.00436	0.01452	0.01307	0.02323	0.02033	0.02323	0.01597	0.00726	0.00436	0.00145	0.00290	0.00581	0.81562	0.00581
28	0.00906	0.00604	0.00680	0.00680	0.00680	0.00604	0.00378	0.00906	0.00906	0.01208	0.01963	0.04077	0.02265	0.78103	0.03171	0.00604	0.00604	0.00906	0.00378	0.00378
29	0.01337	0.01172	0.01137	0.01065	0.01308	0.10709	0.00816	0.03786	0.21125	0.04679	0.21743	0.10763	0.11160	0.01171	0.00692	0.00208	0.00502	0.05305	0.00596	0.00727
30	0.01666	0.78478	0.03265	0.01066	0.01599	0.02465	0.01066	0.01866	0.01266	0.01466	0.00866	0.00999	0.00800	0.00533	0.00400	0.00133	0.00666	0.00333	0.00267	0.00800
31	0.01161	0.00581	0.00581	0.00581	0.00726	0.00581	0.00436	0.01452	0.01307	0.02323	0.02033	0.02323	0.01597	0.00726	0.00436	0.00145	0.00290	0.00581	0.81562	0.00581
32	0.00805	0.00634	0.00726	0.00703	0.00883	0.00555	0.00527	0.01026	0.01582	0.02066	0.38052	0.05366	0.41984	0.01435	0.00736	0.00204	0.00305	0.01227	0.00629	0.00555
33	0.01626	0.03747	0.01531	0.09438	0.01788	0.12100	0.01058	0.17722	0.06406	0.02062	0.01425	0.03907	0.01267	0.03129	0.01228	0.18336	0.08016	0.04114	0.00410	0.00690
34	0.01640	0.67788	0.11203	0.01162	0.01731	0.04580	0.01208	0.01897	0.01287	0.01524	0.00897	0.01038	0.00799	0.00543	0.00426	0.00141	0.00709	0.00349	0.00268	0.00811
35	0.00906	0.00604	0.00680	0.00680	0.00680	0.00604	0.00378	0.00906	0.00906	0.01208	0.01963	0.04077	0.02265	0.78103	0.03171	0.00604	0.00604	0.00906	0.00378	0.00378
36	0.01615	0.01408	0.01443	0.01287	0.01645	0.03788	0.01003	0.06841	0.67331	0.02642	0.02435	0.02246	0.01826	0.00834	0.00631	0.00209	0.00522	0.00688	0.00624	0.00982
37	0.09312	0.01462	0.01529	0.01281	0.01692	0.01652	0.01026	0.27631	0.39365	0.05289	0.02011	0.01903	0.01479	0.00784	0.00607	0.00200	0.00562	0.00617	0.00612	0.00986
38	0.01189	0.01120	0.01891	0.74121	0.06678	0.01388	0.01737	0.01603	0.01252	0.01607	0.01110	0.01657	0.00836	0.00621	0.00623	0.00207	0.00827	0.00554	0.00278	0.00702
39	0.03948	0.20646	0.05728	0.01608	0.10014	0.17629	0.01236	0.13625	0.12389	0.03753	0.02865	0.01483	0.01148	0.00665	0.00551	0.00173	0.00747	0.00495	0.00418	0.00878
40	0.00837	0.00629	0.00775	0.00752	0.00907	0.00567	0.00559	0.01085	0.01639	0.02234	0.52299	0.10101	0.22535	0.01396	0.00739	0.00204	0.00304	0.01218	0.00652	0.00567
41	0.04633	0.01430	0.02400	0.18379	0.45490	0.01496	0.08578	0.06390	0.01472	0.02092	0.01177	0.01557	0.00943	0.00580	0.00621	0.00193	0.00775	0.00564	0.00326	0.00905
42	0.12323	0.28204	0.07328	0.01103	0.01631	0.01665	0.01027	0.08339	0.05549	0.08682	0.01231	0.01308	0.00962	0.00587	0.00479	0.00152	0.00597	0.00419	0.00402	0.18010
43	0.01730	0.01615	0.02225	0.02664	0.37199	0.07977	0.06886	0.16005	0.08136	0.02379	0.01377	0.01633	0.01099	0.00877	0.05219	0.00238	0.00821	0.00577	0.00403	0.00941

[dist]
# distance from previous block
# <min> <max>
0	8

[block]
# block no. 1 follows, 36 sequences, length 42
# corresponding to MSA columns:
# 91-132
name=unknown_B
#
# <colnr> <probs for GDERKNQSTAVLIFYWHMCP>
#	G	D	E	R	K	N	Q	S	T	A	V	L	I	F	Y	W	H	M	C	P
0	0.01258	0.03162	0.72075	0.01809	0.02719	0.01452	0.05041	0.01974	0.01322	0.01974	0.01124	0.01330	0.00795	0.00589	0.00598	0.00198	0.00926	0.00471	0.00265	0.00918
1	0.01481	0.26547	0.47148	0.01515	0.02283	0.01755	0.01822	0.04018	0.01368	0.05125	0.01111	0.01258	0.00834	0.00586	0.00534	0.00177	0.00817	0.00431	0.00297	0.00893
2	0.01481	0.01403	0.02339	0.20001	0.49372	0.01479	0.04469	0.03957	0.05620	0.02022	0.01250	0.01619	0.01006	0.00592	0.00624	0.00193	0.00756	0.00571	0.00330	0.00917
3	0.01161	0.00581	0.00581	0.00581	0.00726	0.00581	0.00436	0.01452	0.01307	0.02323	0.02033	0.02323	0.01597	0.00726	0.00436	0.00145	0.00290	0.00581	0.81562	0.00581
4	0.02531	0.01223	0.01517	0.01184	0.01647	0.01185	0.00971	0.18476	0.08003	0.50346	0.04660	0.02083	0.01611	0.00789	0.00630	0.00193	0.00554	0.00635	0.00724	0.01038
5	0.00849	0.00627	0.00805	0.00917	0.00992	0.00615	0.00640	0.01122	0.07705	0.01728	0.05672	0.64401	0.03948	0.01817	0.00783	0.00249	0.00383	0.05605	0.00587	0.00556
6	0.02327	0.02970	0.01766	0.01605	0.01926	0.75602	0.01204	0.02488	0.01766	0.01525	0.00963	0.01124	0.00803	0.00642	0.00562	0.00161	0.01124	0.00401	0.00321	0.00722
7	0.01161	0.00581	0.00581	0.00581	0.00726	0.00581	0.00436	0.01452	0.01307	0.02323	0.02033	0.02323	0.01597	0.00726	0.00436	0.00145	0.00290	0.00581	0.81562	0.00581
8	0.01043	0.00783	0.01014	0.01110	0.01272	0.00806	0.00925	0.01521	0.12144	0.01931	0.03290	0.16466	0.05422	0.01619	0.00814	0.00268	0.00524	0.47839	0.00584	0.00624
9	0.01274	0.07627	0.70684	0.01734	0.02632	0.01507	0.02230	0.01967	0.01313	0.01943	0.01103	0.01297	0.00790	0.00589	0.00581	0.00194	0.00906	0.00453	0.00263	0.00914
10	0.01542	0.01480	0.02529	0.03824	0.74217	0.01480	0.01912	0.01912	0.01419	0.02036	0.01172	0.01542	0.00987	0.00555	0.00617	0.00185	0.00740	0.00555	0.00308	0.00987
11	0.00896	0.00643	0.00878	0.00878	0.00946	0.00712	0.00624	0.01033	0.00965	0.01355	0.01782	0.03075	0.01830	0.32928	0.47751	0.00848	0.01259	0.00759	0.00351	0.00488
12	0.00776	0.00554	0.00742	0.00887	0.00930	0.00520	0.00607	0.00896	0.01209	0.01609	0.03425	0.72867	0.04084	0.01936	0.00800	0.00255	0.00376	0.06436	0.00578	0.00511
13	0.01467	0.01403	0.02393	0.18850	0.59780	0.01461	0.01875	0.01846	0.01383	0.01944	0.01159	0.01567	0.00955	0.00569	0.00618	0.00190	0.00759	0.00555	0.00302	0.00926
14	0.01051	0.00720	0.01000	0.01106	0.01261	0.00710	0.00955	0.01337	0.01482	0.04391	0.11050	0.06601	0.03770	0.01640	0.00839	0.00274	0.00541	0.60088	0.00593	0.00592
15	0.02327	0.02970	0.01766	0.01605	0.01926	0.75602	0.01204	0.02488	0.01766	0.01525	0.00963	0.01124	0.00803	0.00642	0.00562	0.00161	0.01124	0.00401	0.00321	0.00722
16	0.01471	0.01681	0.03676	0.02626	0.03256	0.01576	0.71954	0.01996	0.01471	0.01996	0.01261	0.01681	0.00945	0.00525	0.00735	0.00210	0.01050	0.00735	0.00315	0.00840
17	0.01177	0.01107	0.01869	0.76606	0.04291	0.01384	0.01730	0.01592	0.01246	0.01592	0.01107	0.01661	0.00831	0.00623	0.00623	0.00208	0.00831	0.00554	0.00277	0.00692
18	0.00801	0.00638	0.00721	0.00713	0.00898	0.00558	0.00543	0.01012	0.01536	0.01967	0.28787	0.05607	0.47023	0.01484	0.00743	0.00210	0.00323	0.05273	0.00614	0.00550
19	0.02368	0.01745	0.01870	0.01434	0.01932	0.01932	0.01184	0.72139	0.02929	0.03927	0.01496	0.01496	0.01060	0.00748	0.00623	0.00187	0.00686	0.00561	0.00623	0.01060
20	0.01444	0.01795	0.10512	0.04742	0.03138	0.01556	0.58813	0.02057	0.05595	0.02016	0.01316	0.01681	0.00982	0.00553	0.00712	0.00209	0.00999	0.00701	0.00327	0.00852
21	0.01177	0.01107	0.01869	0.76606	0.04291	0.01384	0.01730	0.01592	0.01246	0.01592	0.01107	0.01661	0.00831	0.00623	0.00623	0.00208	0.00831	0.00554	0.00277	0.00692
22	0.00905	0.00605	0.00686	0.00684	0.00690	0.00603	0.00386	0.00917	0.00940	0.01260	0.04848	0.04100	0.02410	0.75022	0.03074	0.00588	0.00592	0.00915	0.00390	0.00386
23	0.01447	0.01739	0.07667	0.02477	0.03062	0.01601	0.60821	0.01945	0.01410	0.01945	0.01208	0.01628	0.00923	0.00586	0.00858	0.00216	0.08631	0.00700	0.00308	0.00829
24	0.01250	0.03223	0.74875	0.01776	0.02697	0.01447	0.02302	0.01973	0.01315	0.01973	0.01118	0.01315	0.00789	0.00592	0.00592	0.00197	0.00921	0.00460	0.00263	0.00921
25	0.00905	0.00609	0.00702	0.00702	0.00710	0.00616	0.00406	0.00921	0.00913	0.01225	0.01942	0.03963	0.02216	0.72948	0.08258	0.00632	0.00679	0.00889	0.00374	0.00390
26	0.01471	0.01681	0.03676	0.02626	0.03256	0.01576	0.71954	0.01996	0.01471	0.01996	0.01261	0.01681	0.00945	0.00525	0.00735	0.00210	0.01050	0.00735	0.00315	0.00840
27	0.00926	0.00685	0.00895	0.00974	0.01132	0.00654	0.00818	0.01187	0.01491	0.01941	0.16620	0.06386	0.18690	0.01611	0.00812	0.00255	0.00470	0.43292	0.00595	0.00566
28	0.00821	0.00659	0.00741	0.00776	0.00936	0.00606	0.00565	0.01097	0.06788	0.01784	0.09709	0.28365	0.40124	0.01623	0.00750	0.00225	0.00348	0.02934	0.00590	0.00560
29	0.02542	0.01181	0.01491	0.01175	0.01635	0.01128	0.00966	0.13286	0.09533	0.54130	0.02350	0.02207	0.01574	0.00806	0.00634	0.00197	0.00551	0.02849	0.00728	0.01037
30	0.02298	0.02920	0.01770	0.01606	0.01917	0.73347	0.01209	0.02458	0.01741	0.01524	0.00959	0.01131	0.00803	0.00656	0.00607	0.00164	0.03444	0.00406	0.00320	0.00721
31	0.01271	0.07045	0.71238	0.01740	0.02641	0.01499	0.02239	0.01968	0.01313	0.01947	0.01105	0.01299	0.00790	0.00589	0.00582	0.00194	0.00908	0.00454	0.00263	0.00915
32	0.02332	0.02834	0.01777	0.01586	0.01927	0.67420	0.01202	0.10224	0.01895	0.01792	0.01022	0.01165	0.00831	0.00654	0.00569	0.00163	0.01075	0.00419	0.00355	0.00760
33	0.02035	0.00924	0.01269	0.01063	0.01412	0.00829	0.02470	0.02318	0.03814	0.45008	0.12134	0.13295	0.04380	0.01074	0.00684	0.00209	0.00484	0.05027	0.00702	0.00872
34	0.00902	0.00625	0.00788	0.00870	0.00994	0.00571	0.00647	0.01064	0.01328	0.05377	0.04119	0.41787	0.22320	0.01750	0.00783	0.00245	0.00397	0.14294	0.00587	0.00552
35	0.02795	0.01060	0.01446	0.01109	0.01591	0.00916	0.00916	0.03036	0.01783	0.74648	0.02458	0.02121	0.01542	0.00771	0.00627	0.00193	0.00530	0.00627	0.00771	0.01060
36	0.02406	0.01175	0.03636	0.01149	0.01572	0.05414	0.00965	0.02654	0.01695	0.55817	0.02475	0.07084	0.01847	0.00930	0.00657	0.00205	0.00573	0.08101	0.00696	0.00950
37	0.02340	0.01346	0.03606	0.01480	0.05089	0.06710	0.10871	0.02672	0.03405	0.48040	0.06250	0.02090	0.01621	0.00744	0.00642	0.00193	0.00652	0.00648	0.00632	0.00968
38	0.01532	0.01673	0.03214	0.02973	0.26478	0.04859	0.45806	0.01990	0.01467	0.01988	0.01218	0.01610	0.00953	0.00540	0.00689	0.00200	0.00952	0.00661	0.00313	0.00883
39	0.01536	0.01429	0.02457	0.03540	0.65162	0.01418	0.04951	0.01896	0.01420	0.04164	0.01329	0.05434	0.01161	0.00631	0.00631	0.00190	0.00729	0.00627	0.00336	0.00958
40	0.11540	0.00939	0.01073	0.01024	0.01270	0.00975	0.00796	0.07313	0.12645	0.11500	0.05464	0.26482	0.05130	0.01294	0.00688	0.00227	0.00467	0.09849	0.00595	0.00729
41	0.51421	0.01607	0.08004	0.01373	0.06306	0.06702	0.08284	0.06027	0.01307	0.02568	0.00993	0.01178	0.00764	0.00587	0.00481	0.00192	0.00653	0.00421	0.00372	0.00759

[dist]
# distance from previous block
# <min> <max>
0	5

# created by:
# /home/cegg/simao/soft/augustus-3.2.1/scripts/msa2prfl.pl ./align_prep/EOG090W0MK4.fa
