[name]
unknown

[dist]
# distance from previous block
# <min> <max>
0	562

[block]
# block no. 0 follows, 35 sequences, length 22
# corresponding to MSA columns:
# 824-845
name=unknown_A
#
# <colnr> <probs for GDERKNQSTAVLIFYWHMCP>
#	G	D	E	R	K	N	Q	S	T	A	V	L	I	F	Y	W	H	M	C	P
0	0.00926	0.00667	0.00868	0.00908	0.00993	0.00667	0.00650	0.01079	0.01326	0.04108	0.16164	0.42062	0.09719	0.07703	0.01076	0.00272	0.06069	0.03610	0.00576	0.00556
1	0.00946	0.00730	0.01062	0.01040	0.01134	0.00867	0.00802	0.01144	0.01007	0.01454	0.01659	0.02559	0.01593	0.11236	0.62737	0.00923	0.07514	0.00692	0.00339	0.00560
2	0.01729	0.01362	0.01469	0.01292	0.01667	0.01542	0.01020	0.09990	0.58417	0.07730	0.02499	0.02433	0.01885	0.00876	0.00652	0.00214	0.00527	0.03041	0.00652	0.01002
3	0.01198	0.01128	0.01903	0.76180	0.04369	0.01409	0.01762	0.01621	0.01268	0.01621	0.01128	0.01691	0.00846	0.00634	0.00634	0.00211	0.00846	0.00564	0.00282	0.00705
4	0.02183	0.01635	0.01767	0.01413	0.01871	0.01814	0.01163	0.56367	0.12764	0.03641	0.01819	0.02088	0.01404	0.00854	0.00655	0.00202	0.00661	0.06038	0.00632	0.01029
5	0.02255	0.02833	0.01815	0.01638	0.01927	0.66627	0.01245	0.02416	0.01701	0.01550	0.00963	0.01172	0.00819	0.00707	0.00748	0.00177	0.09930	0.00426	0.00321	0.00731
6	0.01198	0.01128	0.01903	0.76180	0.04369	0.01409	0.01762	0.01621	0.01268	0.01621	0.01128	0.01691	0.00846	0.00634	0.00634	0.00211	0.00846	0.00564	0.00282	0.00705
7	0.00750	0.00643	0.00643	0.00643	0.00857	0.00536	0.00482	0.00910	0.01446	0.01714	0.06427	0.06105	0.73490	0.01607	0.00750	0.00214	0.00321	0.01339	0.00589	0.00536
8	0.00898	0.00648	0.00848	0.00798	0.00948	0.00599	0.00599	0.01197	0.01796	0.02544	0.73413	0.04739	0.05986	0.01297	0.00748	0.00200	0.00299	0.01147	0.00698	0.00599
9	0.82186	0.01227	0.00932	0.00834	0.01227	0.01423	0.00687	0.01865	0.01080	0.02846	0.00883	0.01031	0.00687	0.00589	0.00393	0.00196	0.00491	0.00344	0.00393	0.00687
10	0.82186	0.01227	0.00932	0.00834	0.01227	0.01423	0.00687	0.01865	0.01080	0.02846	0.00883	0.01031	0.00687	0.00589	0.00393	0.00196	0.00491	0.00344	0.00393	0.00687
11	0.01388	0.01388	0.01943	0.01666	0.01666	0.01943	0.01388	0.01527	0.00972	0.01527	0.00833	0.01388	0.00833	0.01110	0.02082	0.00278	0.76544	0.00555	0.00278	0.00694
12	0.04927	0.01818	0.01809	0.01416	0.01902	0.08603	0.01154	0.56230	0.04852	0.03566	0.01459	0.01484	0.01059	0.00730	0.00610	0.00182	0.00711	0.00540	0.00582	0.06366
13	0.01996	0.01570	0.01670	0.01376	0.01809	0.01773	0.01105	0.37606	0.37686	0.03328	0.02051	0.01944	0.01506	0.00811	0.00640	0.00203	0.00600	0.00644	0.00640	0.01042
14	0.37146	0.01638	0.01415	0.01185	0.01606	0.10900	0.00957	0.24709	0.07692	0.05290	0.01294	0.01350	0.00961	0.00682	0.00522	0.00192	0.00643	0.00465	0.00496	0.00859
15	0.00923	0.00615	0.00692	0.00692	0.00692	0.00615	0.00384	0.00923	0.00923	0.01230	0.01999	0.04151	0.02306	0.77705	0.03229	0.00615	0.00615	0.00923	0.00384	0.00384
16	0.75915	0.01215	0.00975	0.00858	0.01258	0.01384	0.00706	0.01962	0.01138	0.08485	0.01011	0.01120	0.00757	0.00604	0.00412	0.00196	0.00495	0.00367	0.00424	0.00718
17	0.02242	0.01656	0.01781	0.01408	0.01882	0.01838	0.01149	0.53511	0.18591	0.06533	0.01801	0.01739	0.01292	0.00785	0.00637	0.00196	0.00648	0.00607	0.00643	0.01062
18	0.01388	0.01388	0.01943	0.01666	0.01666	0.01943	0.01388	0.01527	0.00972	0.01527	0.00833	0.01388	0.00833	0.01110	0.02082	0.00278	0.76544	0.00555	0.00278	0.00694
19	0.01315	0.01128	0.01315	0.00940	0.01503	0.00846	0.00752	0.01597	0.01315	0.02067	0.01128	0.01315	0.00940	0.00470	0.00470	0.00094	0.00470	0.00376	0.00376	0.81583
20	0.01102	0.00551	0.00826	0.00826	0.00826	0.00551	0.00551	0.00826	0.00826	0.01102	0.01102	0.01928	0.01102	0.02204	0.02479	0.81543	0.00551	0.00551	0.00275	0.00275
21	0.01497	0.01711	0.03743	0.02674	0.03316	0.01604	0.71444	0.02032	0.01497	0.02032	0.01283	0.01711	0.00963	0.00535	0.00749	0.00214	0.01070	0.00749	0.00321	0.00856

[dist]
# distance from previous block
# <min> <max>
0	25

[block]
# block no. 1 follows, 35 sequences, length 9
# corresponding to MSA columns:
# 871-879
name=unknown_B
#
# <colnr> <probs for GDERKNQSTAVLIFYWHMCP>
#	G	D	E	R	K	N	Q	S	T	A	V	L	I	F	Y	W	H	M	C	P
0	0.02254	0.00949	0.01282	0.01028	0.01415	0.00831	0.00831	0.02516	0.01810	0.52406	0.24062	0.02943	0.02913	0.00941	0.00671	0.00197	0.00467	0.00793	0.00759	0.00933
1	0.08906	0.01091	0.01431	0.01106	0.01589	0.00970	0.00914	0.02998	0.01760	0.68738	0.02379	0.02073	0.01503	0.00770	0.00619	0.00196	0.00536	0.00615	0.00755	0.01050
2	0.00762	0.00596	0.00691	0.00767	0.00890	0.00525	0.00537	0.00896	0.01326	0.01665	0.04909	0.42967	0.37608	0.01804	0.00781	0.00237	0.00346	0.01579	0.00589	0.00525
3	0.00765	0.00643	0.00664	0.00659	0.00866	0.00542	0.00494	0.00940	0.01482	0.01800	0.13416	0.05963	0.66447	0.01574	0.00750	0.00213	0.00319	0.01319	0.00601	0.00542
4	0.01570	0.01507	0.02575	0.03894	0.73748	0.01507	0.01947	0.01947	0.01444	0.02073	0.01193	0.01570	0.01005	0.00565	0.00628	0.00188	0.00754	0.00565	0.00314	0.01005
5	0.02053	0.01599	0.01702	0.01387	0.01831	0.01800	0.01119	0.42311	0.32888	0.03421	0.01978	0.01886	0.01447	0.00804	0.00639	0.00201	0.00614	0.00634	0.00639	0.01047
6	0.70012	0.01204	0.01015	0.00879	0.01287	0.01348	0.00725	0.02053	0.01193	0.13794	0.01132	0.01204	0.00823	0.00619	0.00430	0.00196	0.00498	0.00389	0.00453	0.00747
7	0.00923	0.00615	0.00692	0.00692	0.00692	0.00615	0.00384	0.00923	0.00923	0.01230	0.01999	0.04151	0.02306	0.77705	0.03229	0.00615	0.00615	0.00923	0.00384	0.00384
8	0.00773	0.00552	0.00736	0.00883	0.00920	0.00515	0.00589	0.00883	0.01215	0.01619	0.03497	0.77291	0.04196	0.01987	0.00810	0.00258	0.00368	0.01803	0.00589	0.00515

[dist]
# distance from previous block
# <min> <max>
0	1

[block]
# block no. 2 follows, 35 sequences, length 58
# corresponding to MSA columns:
# 881-905,920-952
name=unknown_C
#
# <colnr> <probs for GDERKNQSTAVLIFYWHMCP>
#	G	D	E	R	K	N	Q	S	T	A	V	L	I	F	Y	W	H	M	C	P
0	0.02056	0.01541	0.01665	0.01365	0.01801	0.01718	0.01104	0.38115	0.31305	0.07188	0.02059	0.02057	0.01527	0.00831	0.00646	0.00204	0.00606	0.02533	0.00646	0.01035
1	0.01499	0.01435	0.02447	0.17674	0.60522	0.01489	0.01912	0.01885	0.01411	0.01986	0.01181	0.01593	0.00975	0.00578	0.00629	0.00193	0.00771	0.00565	0.00308	0.00948
2	0.01570	0.01507	0.02575	0.03894	0.73748	0.01507	0.01947	0.01947	0.01444	0.02073	0.01193	0.01570	0.01005	0.00565	0.00628	0.00188	0.00754	0.00565	0.00314	0.01005
3	0.00773	0.00552	0.00736	0.00883	0.00920	0.00515	0.00589	0.00883	0.01215	0.01619	0.03497	0.77291	0.04196	0.01987	0.00810	0.00258	0.00368	0.01803	0.00589	0.00515
4	0.02495	0.01644	0.01821	0.01396	0.01901	0.01769	0.01154	0.58527	0.02760	0.17419	0.01710	0.01645	0.01173	0.00766	0.00635	0.00192	0.00668	0.00584	0.00663	0.01079
5	0.01183	0.00591	0.00591	0.00591	0.00739	0.00591	0.00443	0.01478	0.01330	0.02365	0.02069	0.02365	0.01626	0.00739	0.00443	0.00148	0.00296	0.00591	0.81227	0.00591
6	0.82186	0.01227	0.00932	0.00834	0.01227	0.01423	0.00687	0.01865	0.01080	0.02846	0.00883	0.01031	0.00687	0.00589	0.00393	0.00196	0.00491	0.00344	0.00393	0.00687
7	0.82186	0.01227	0.00932	0.00834	0.01227	0.01423	0.00687	0.01865	0.01080	0.02846	0.00883	0.01031	0.00687	0.00589	0.00393	0.00196	0.00491	0.00344	0.00393	0.00687
8	0.02846	0.01080	0.01472	0.01129	0.01619	0.00932	0.00932	0.03092	0.01816	0.74187	0.02503	0.02159	0.01570	0.00785	0.00638	0.00196	0.00540	0.00638	0.00785	0.01080
9	0.00773	0.00552	0.00736	0.00883	0.00920	0.00515	0.00589	0.00883	0.01215	0.01619	0.03497	0.77291	0.04196	0.01987	0.00810	0.00258	0.00368	0.01803	0.00589	0.00515
10	0.00772	0.00585	0.00713	0.00804	0.00902	0.00526	0.00556	0.00908	0.01317	0.01697	0.08035	0.51333	0.25896	0.01833	0.00788	0.00241	0.00350	0.01625	0.00595	0.00526
11	0.02357	0.02358	0.01833	0.01536	0.01951	0.37072	0.01207	0.35621	0.05325	0.02768	0.01307	0.01376	0.00989	0.00714	0.00605	0.00178	0.00904	0.00499	0.00487	0.00911
12	0.02129	0.13893	0.07154	0.01746	0.08019	0.48772	0.01343	0.06458	0.01731	0.01765	0.01027	0.01197	0.00847	0.00633	0.00558	0.00166	0.01002	0.00425	0.00332	0.00804
13	0.01211	0.01141	0.01926	0.73642	0.06806	0.01413	0.01768	0.01632	0.01275	0.01637	0.01130	0.01687	0.00851	0.00632	0.00634	0.00211	0.00842	0.00564	0.00283	0.00715
14	0.01102	0.00551	0.00826	0.00826	0.00826	0.00551	0.00551	0.00826	0.00826	0.01102	0.01102	0.01928	0.01102	0.02204	0.02479	0.81543	0.00551	0.00551	0.00275	0.00275
15	0.00871	0.00647	0.00811	0.00770	0.00931	0.00587	0.00578	0.01145	0.01733	0.02394	0.61306	0.04986	0.18187	0.01353	0.00749	0.00202	0.00303	0.01182	0.00679	0.00587
16	0.00879	0.00648	0.00822	0.00778	0.00936	0.00591	0.00584	0.01161	0.01751	0.02438	0.64870	0.04913	0.14595	0.01336	0.00748	0.00201	0.00302	0.01172	0.00684	0.00591
17	0.01578	0.01363	0.01434	0.01291	0.01650	0.01578	0.01004	0.03371	0.72602	0.02654	0.02582	0.02367	0.01937	0.00861	0.00646	0.00215	0.00502	0.00717	0.00646	0.01004
18	0.02846	0.01080	0.01472	0.01129	0.01619	0.00932	0.00932	0.03092	0.01816	0.74187	0.02503	0.02159	0.01570	0.00785	0.00638	0.00196	0.00540	0.00638	0.00785	0.01080
19	0.02846	0.01080	0.01472	0.01129	0.01619	0.00932	0.00932	0.03092	0.01816	0.74187	0.02503	0.02159	0.01570	0.00785	0.00638	0.00196	0.00540	0.00638	0.00785	0.01080
20	0.01388	0.01388	0.01943	0.01666	0.01666	0.01943	0.01388	0.01527	0.00972	0.01527	0.00833	0.01388	0.00833	0.01110	0.02082	0.00278	0.76544	0.00555	0.00278	0.00694
21	0.01183	0.00591	0.00591	0.00591	0.00739	0.00591	0.00443	0.01478	0.01330	0.02365	0.02069	0.02365	0.01626	0.00739	0.00443	0.00148	0.00296	0.00591	0.81227	0.00591
22	0.00898	0.00648	0.00848	0.00798	0.00948	0.00599	0.00599	0.01197	0.01796	0.02544	0.73413	0.04739	0.05986	0.01297	0.00748	0.00200	0.00299	0.01147	0.00698	0.00599
23	0.02846	0.01080	0.01472	0.01129	0.01619	0.00932	0.00932	0.03092	0.01816	0.74187	0.02503	0.02159	0.01570	0.00785	0.00638	0.00196	0.00540	0.00638	0.00785	0.01080
24	0.01662	0.01405	0.01482	0.01308	0.01682	0.01617	0.01024	0.10268	0.65567	0.02790	0.02475	0.02282	0.01850	0.00851	0.00644	0.00213	0.00522	0.00702	0.00644	0.01012
25	0.01665	0.01459	0.01480	0.01316	0.01683	0.04680	0.01026	0.07750	0.65139	0.02695	0.02447	0.02261	0.01834	0.00846	0.00642	0.00211	0.00542	0.00695	0.00631	0.00998
26	0.01592	0.01192	0.01379	0.01053	0.01563	0.01046	0.00841	0.04441	0.16378	0.11019	0.01613	0.01645	0.01230	0.00600	0.00532	0.00135	0.00493	0.00486	0.00491	0.52271
27	0.02370	0.03023	0.01798	0.01634	0.01961	0.75158	0.01226	0.02533	0.01798	0.01553	0.00981	0.01144	0.00817	0.00654	0.00572	0.00163	0.01144	0.00409	0.00327	0.00735
28	0.12130	0.01912	0.01727	0.01392	0.01847	0.17110	0.01124	0.42938	0.02406	0.09264	0.01415	0.01438	0.01018	0.00720	0.00592	0.00186	0.00753	0.00515	0.00554	0.00960
29	0.02234	0.02814	0.02039	0.01762	0.02117	0.63995	0.09765	0.02442	0.01736	0.01610	0.01013	0.01220	0.00835	0.00653	0.00639	0.00173	0.03425	0.00454	0.00325	0.00749
30	0.00813	0.00588	0.00777	0.00914	0.00982	0.00553	0.00654	0.00957	0.01272	0.01673	0.03678	0.60621	0.08933	0.01922	0.00817	0.00260	0.00401	0.13071	0.00588	0.00528
31	0.01420	0.01354	0.02304	0.33036	0.45778	0.01468	0.01872	0.01815	0.01374	0.01890	0.01167	0.01619	0.00941	0.00593	0.00631	0.00198	0.00791	0.00565	0.00301	0.00884
32	0.00868	0.00647	0.00807	0.00767	0.00929	0.00586	0.00575	0.01139	0.01725	0.02377	0.59919	0.05014	0.19584	0.01359	0.00749	0.00202	0.00304	0.01186	0.00676	0.00586
33	0.01198	0.01128	0.01903	0.76180	0.04369	0.01409	0.01762	0.01621	0.01268	0.01621	0.01128	0.01691	0.00846	0.00634	0.00634	0.00211	0.00846	0.00564	0.00282	0.00705
34	0.00773	0.00552	0.00736	0.00883	0.00920	0.00515	0.00589	0.00883	0.01215	0.01619	0.03497	0.77291	0.04196	0.01987	0.00810	0.00258	0.00368	0.01803	0.00589	0.00515
35	0.82186	0.01227	0.00932	0.00834	0.01227	0.01423	0.00687	0.01865	0.01080	0.02846	0.00883	0.01031	0.00687	0.00589	0.00393	0.00196	0.00491	0.00344	0.00393	0.00687
36	0.01272	0.03281	0.74418	0.01808	0.02746	0.01473	0.02344	0.02009	0.01339	0.02009	0.01138	0.01339	0.00804	0.00603	0.00603	0.00201	0.00938	0.00469	0.00268	0.00938
37	0.01126	0.00622	0.00921	0.00897	0.00897	0.00668	0.00622	0.00885	0.00839	0.01138	0.01079	0.01883	0.01079	0.02112	0.02446	0.74692	0.06958	0.00551	0.00276	0.00311
38	0.01753	0.71759	0.03196	0.01132	0.01656	0.08635	0.01097	0.01953	0.01332	0.01498	0.00890	0.01028	0.00814	0.00552	0.00421	0.00138	0.00718	0.00345	0.00276	0.00807
39	0.00898	0.00648	0.00848	0.00798	0.00948	0.00599	0.00599	0.01197	0.01796	0.02544	0.73413	0.04739	0.05986	0.01297	0.00748	0.00200	0.00299	0.01147	0.00698	0.00599
40	0.01229	0.01160	0.01959	0.70086	0.10218	0.01418	0.01777	0.01648	0.01283	0.01659	0.01133	0.01681	0.00859	0.00628	0.00634	0.00209	0.00838	0.00564	0.00285	0.00730
41	0.15124	0.63088	0.04983	0.01064	0.01594	0.02299	0.01055	0.01897	0.01256	0.01734	0.00890	0.01029	0.00793	0.00552	0.00410	0.00148	0.00655	0.00344	0.00292	0.00796
42	0.01871	0.01543	0.02966	0.02158	0.02740	0.01462	0.46704	0.06013	0.05977	0.19338	0.01665	0.01848	0.01172	0.00626	0.00710	0.00209	0.00890	0.00711	0.00468	0.00930
43	0.14554	0.06786	0.19883	0.01395	0.01966	0.07831	0.01361	0.21179	0.07363	0.09697	0.01419	0.01464	0.01025	0.00682	0.00571	0.00191	0.00731	0.00500	0.00472	0.00931
44	0.01272	0.03281	0.74418	0.01808	0.02746	0.01473	0.02344	0.02009	0.01339	0.02009	0.01138	0.01339	0.00804	0.00603	0.00603	0.00201	0.00938	0.00469	0.00268	0.00938
45	0.01285	0.01216	0.02059	0.59328	0.20544	0.01432	0.01805	0.01697	0.01310	0.01726	0.01143	0.01663	0.00883	0.00618	0.00633	0.00206	0.00824	0.00564	0.00289	0.00775
46	0.00802	0.00580	0.00798	0.00913	0.00966	0.00576	0.00633	0.00938	0.01172	0.01588	0.03106	0.61042	0.03629	0.02589	0.16968	0.00423	0.00657	0.01559	0.00535	0.00526
47	0.01725	0.01644	0.01482	0.01309	0.01579	0.22294	0.01008	0.10323	0.03340	0.06386	0.01800	0.20244	0.01778	0.01053	0.00845	0.00201	0.11365	0.00813	0.00464	0.10347
48	0.01297	0.01251	0.01754	0.01529	0.01546	0.01717	0.01258	0.01443	0.00977	0.01506	0.01010	0.01667	0.01006	0.04854	0.12973	0.00402	0.62269	0.00589	0.00291	0.00662
49	0.01272	0.03281	0.74418	0.01808	0.02746	0.01473	0.02344	0.02009	0.01339	0.02009	0.01138	0.01339	0.00804	0.00603	0.00603	0.00201	0.00938	0.00469	0.00268	0.00938
50	0.01272	0.03281	0.74418	0.01808	0.02746	0.01473	0.02344	0.02009	0.01339	0.02009	0.01138	0.01339	0.00804	0.00603	0.00603	0.00201	0.00938	0.00469	0.00268	0.00938
51	0.00912	0.00658	0.00910	0.00910	0.00986	0.00734	0.00657	0.01063	0.00987	0.01392	0.01799	0.03046	0.01827	0.29120	0.51158	0.00884	0.01337	0.00761	0.00355	0.00506
52	0.27869	0.01677	0.01399	0.01201	0.01585	0.18262	0.00950	0.16423	0.03645	0.12320	0.01521	0.07775	0.01245	0.00791	0.00558	0.00193	0.00679	0.00578	0.00503	0.00825
53	0.00810	0.00645	0.00727	0.00706	0.00894	0.00561	0.00530	0.01028	0.01589	0.02053	0.33825	0.05546	0.45880	0.01480	0.00749	0.00208	0.00312	0.01261	0.00634	0.00561
54	0.01300	0.03091	0.65829	0.01913	0.02815	0.01489	0.10742	0.02012	0.01359	0.02012	0.01156	0.01385	0.00823	0.00594	0.00620	0.00202	0.00954	0.00503	0.00274	0.00928
55	0.01198	0.01128	0.01903	0.76180	0.04369	0.01409	0.01762	0.01621	0.01268	0.01621	0.01128	0.01691	0.00846	0.00634	0.00634	0.00211	0.00846	0.00564	0.00282	0.00705
56	0.01570	0.01507	0.02575	0.03894	0.73748	0.01507	0.01947	0.01947	0.01444	0.02073	0.01193	0.01570	0.01005	0.00565	0.00628	0.00188	0.00754	0.00565	0.00314	0.01005
57	0.01272	0.03281	0.74418	0.01808	0.02746	0.01473	0.02344	0.02009	0.01339	0.02009	0.01138	0.01339	0.00804	0.00603	0.00603	0.00201	0.00938	0.00469	0.00268	0.00938

[dist]
# distance from previous block
# <min> <max>
0	30

[block]
# block no. 3 follows, 35 sequences, length 56
# corresponding to MSA columns:
# 983-1038
name=unknown_D
#
# <colnr> <probs for GDERKNQSTAVLIFYWHMCP>
#	G	D	E	R	K	N	Q	S	T	A	V	L	I	F	Y	W	H	M	C	P
0	0.00887	0.00648	0.00833	0.00787	0.00941	0.00594	0.00590	0.01176	0.01770	0.02483	0.68482	0.04839	0.10955	0.01320	0.00748	0.00201	0.00301	0.01161	0.00690	0.00594
1	0.01388	0.01388	0.01943	0.01666	0.01666	0.01943	0.01388	0.01527	0.00972	0.01527	0.00833	0.01388	0.00833	0.01110	0.02082	0.00278	0.76544	0.00555	0.00278	0.00694
2	0.01315	0.01128	0.01315	0.00940	0.01503	0.00846	0.00752	0.01597	0.01315	0.02067	0.01128	0.01315	0.00940	0.00470	0.00470	0.00094	0.00470	0.00376	0.00376	0.81583
3	0.01842	0.01844	0.02823	0.02120	0.02613	0.12661	0.37759	0.13175	0.01739	0.06561	0.01300	0.01588	0.00981	0.00668	0.00845	0.00209	0.09365	0.00641	0.00395	0.00869
4	0.00906	0.00680	0.01020	0.01020	0.01133	0.00793	0.00793	0.01133	0.01020	0.01473	0.01699	0.02492	0.01586	0.04758	0.75191	0.01020	0.01699	0.00680	0.00340	0.00566
5	0.02268	0.02272	0.10306	0.01545	0.02056	0.20731	0.01343	0.45770	0.02487	0.03138	0.01339	0.01404	0.00980	0.00715	0.00615	0.00185	0.00841	0.00517	0.00513	0.00974
6	0.01365	0.01126	0.01321	0.00946	0.01507	0.00848	0.00758	0.01645	0.01332	0.04390	0.01172	0.01343	0.00960	0.00480	0.00475	0.00097	0.00472	0.00384	0.00389	0.78990
7	0.02049	0.01334	0.01516	0.01264	0.01674	0.01430	0.01019	0.20279	0.30779	0.20907	0.05651	0.02431	0.01896	0.00878	0.00656	0.00207	0.00555	0.03795	0.00678	0.01004
8	0.01696	0.78087	0.03324	0.01085	0.01628	0.02510	0.01085	0.01900	0.01289	0.01493	0.00882	0.01018	0.00814	0.00543	0.00407	0.00136	0.00678	0.00339	0.00271	0.00814
9	0.00923	0.00615	0.00692	0.00692	0.00692	0.00615	0.00384	0.00923	0.00923	0.01230	0.01999	0.04151	0.02306	0.77705	0.03229	0.00615	0.00615	0.00923	0.00384	0.00384
10	0.01294	0.01239	0.02150	0.52189	0.19890	0.01419	0.06675	0.01710	0.01342	0.01782	0.03500	0.01764	0.01057	0.00633	0.00645	0.00206	0.00823	0.00596	0.00305	0.00780
11	0.02370	0.03023	0.01798	0.01634	0.01961	0.75158	0.01226	0.02533	0.01798	0.01553	0.00981	0.01144	0.00817	0.00654	0.00572	0.00163	0.01144	0.00409	0.00327	0.00735
12	0.01696	0.78087	0.03324	0.01085	0.01628	0.02510	0.01085	0.01900	0.01289	0.01493	0.00882	0.01018	0.00814	0.00543	0.00407	0.00136	0.00678	0.00339	0.00271	0.00814
13	0.00863	0.00636	0.00809	0.00806	0.00947	0.00583	0.00600	0.01112	0.01638	0.02249	0.49490	0.16405	0.15368	0.01471	0.00764	0.00215	0.00327	0.04481	0.00660	0.00576
14	0.02827	0.01111	0.01492	0.01144	0.01635	0.00979	0.00945	0.06196	0.01869	0.71008	0.02458	0.02130	0.01548	0.00784	0.00638	0.00196	0.00547	0.00635	0.00778	0.01080
15	0.00773	0.00552	0.00736	0.00883	0.00920	0.00515	0.00589	0.00883	0.01215	0.01619	0.03497	0.77291	0.04196	0.01987	0.00810	0.00258	0.00368	0.01803	0.00589	0.00515
16	0.00860	0.00647	0.00795	0.00758	0.00924	0.00582	0.00569	0.01123	0.01706	0.02330	0.56149	0.05091	0.23383	0.01377	0.00749	0.00203	0.00305	0.01197	0.00670	0.00582
17	0.01500	0.01468	0.02600	0.15678	0.54114	0.01502	0.09995	0.01903	0.01422	0.01993	0.01193	0.01607	0.00974	0.00573	0.00643	0.00195	0.00806	0.00586	0.00310	0.00938
18	0.00773	0.00552	0.00736	0.00883	0.00920	0.00515	0.00589	0.00883	0.01215	0.01619	0.03497	0.77291	0.04196	0.01987	0.00810	0.00258	0.00368	0.01803	0.00589	0.00515
19	0.01890	0.53561	0.05051	0.01229	0.01761	0.07477	0.01160	0.17459	0.01703	0.02070	0.01039	0.01149	0.00873	0.00601	0.00475	0.00152	0.00723	0.00400	0.00356	0.00871
20	0.01269	0.01202	0.02021	0.61187	0.16318	0.01444	0.01782	0.01674	0.01289	0.01696	0.01129	0.01660	0.00873	0.00638	0.00681	0.00210	0.03320	0.00564	0.00287	0.00756
21	0.11209	0.01984	0.08463	0.01727	0.10165	0.22692	0.05556	0.04138	0.10106	0.07274	0.03202	0.01730	0.01241	0.00698	0.00594	0.00187	0.00794	0.02476	0.00425	0.05340
22	0.00898	0.00648	0.00848	0.00798	0.00948	0.00599	0.00599	0.01197	0.01796	0.02544	0.73413	0.04739	0.05986	0.01297	0.00748	0.00200	0.00299	0.01147	0.00698	0.00599
23	0.01445	0.01045	0.03160	0.05263	0.06564	0.02806	0.00965	0.03650	0.06546	0.14598	0.32663	0.03556	0.06374	0.01076	0.00752	0.00207	0.03246	0.04703	0.00612	0.00768
24	0.00919	0.00628	0.00760	0.00760	0.00784	0.00652	0.00469	0.00966	0.00943	0.01281	0.01937	0.03806	0.02157	0.62531	0.18198	0.00699	0.00841	0.00872	0.00375	0.00422
25	0.01533	0.01469	0.02507	0.11199	0.66737	0.01497	0.01928	0.01914	0.01427	0.02027	0.01187	0.01582	0.00989	0.00572	0.00629	0.00191	0.00763	0.00565	0.00311	0.00975
26	0.01493	0.01698	0.03670	0.02633	0.03248	0.01618	0.68585	0.02011	0.01476	0.02011	0.01265	0.01698	0.00957	0.00558	0.00803	0.00217	0.04150	0.00741	0.00319	0.00849
27	0.01388	0.01388	0.01943	0.01666	0.01666	0.01943	0.01388	0.01527	0.00972	0.01527	0.00833	0.01388	0.00833	0.01110	0.02082	0.00278	0.76544	0.00555	0.00278	0.00694
28	0.00750	0.00643	0.00643	0.00643	0.00857	0.00536	0.00482	0.00910	0.01446	0.01714	0.06427	0.06105	0.73490	0.01607	0.00750	0.00214	0.00321	0.01339	0.00589	0.00536
29	0.00805	0.00609	0.00743	0.00785	0.00910	0.00548	0.00560	0.00990	0.01467	0.01938	0.26369	0.33188	0.25471	0.01656	0.00772	0.00226	0.00332	0.01458	0.00623	0.00548
30	0.01315	0.01128	0.01315	0.00940	0.01503	0.00846	0.00752	0.01597	0.01315	0.02067	0.01128	0.01315	0.00940	0.00470	0.00470	0.00094	0.00470	0.00376	0.00376	0.81583
31	0.00892	0.00648	0.00841	0.00792	0.00944	0.00596	0.00594	0.01187	0.01783	0.02514	0.70984	0.04788	0.08434	0.01308	0.00748	0.00200	0.00300	0.01154	0.00694	0.00596
32	0.01183	0.00591	0.00591	0.00591	0.00739	0.00591	0.00443	0.01478	0.01330	0.02365	0.02069	0.02365	0.01626	0.00739	0.00443	0.00148	0.00296	0.00591	0.81227	0.00591
33	0.00773	0.00552	0.00736	0.00883	0.00920	0.00515	0.00589	0.00883	0.01215	0.01619	0.03497	0.77291	0.04196	0.01987	0.00810	0.00258	0.00368	0.01803	0.00589	0.00515
34	0.01315	0.01128	0.01315	0.00940	0.01503	0.00846	0.00752	0.01597	0.01315	0.02067	0.01128	0.01315	0.00940	0.00470	0.00470	0.00094	0.00470	0.00376	0.00376	0.81583
35	0.01844	0.21073	0.05152	0.01275	0.01838	0.01439	0.09178	0.03962	0.01500	0.19976	0.01437	0.01502	0.01066	0.00588	0.00538	0.00151	0.00636	0.00484	0.00447	0.25915
36	0.01424	0.01265	0.01738	0.14935	0.19185	0.01278	0.01274	0.04300	0.16301	0.02157	0.01557	0.04769	0.01285	0.00675	0.00592	0.00172	0.00613	0.00590	0.00418	0.25472
37	0.01954	0.01932	0.02279	0.05386	0.05605	0.20992	0.19508	0.12979	0.13841	0.06841	0.01525	0.01665	0.01141	0.00677	0.00650	0.00195	0.00879	0.00603	0.00452	0.00897
38	0.01383	0.00959	0.01135	0.01072	0.01315	0.00997	0.00824	0.07041	0.21662	0.10144	0.12505	0.23853	0.05752	0.01322	0.00727	0.00228	0.00457	0.07206	0.00644	0.00774
39	0.01570	0.01507	0.02575	0.03894	0.73748	0.01507	0.01947	0.01947	0.01444	0.02073	0.01193	0.01570	0.01005	0.00565	0.00628	0.00188	0.00754	0.00565	0.00314	0.01005
40	0.00782	0.00571	0.00738	0.00868	0.00931	0.00528	0.00596	0.00907	0.01254	0.01644	0.03839	0.65520	0.12428	0.01931	0.00806	0.00254	0.00373	0.04921	0.00589	0.00521
41	0.01444	0.01021	0.01345	0.01111	0.01430	0.00997	0.06076	0.10470	0.09473	0.10951	0.35293	0.03456	0.07860	0.01041	0.00695	0.00196	0.00467	0.00911	0.00643	0.05120
42	0.82186	0.01227	0.00932	0.00834	0.01227	0.01423	0.00687	0.01865	0.01080	0.02846	0.00883	0.01031	0.00687	0.00589	0.00393	0.00196	0.00491	0.00344	0.00393	0.00687
43	0.01486	0.01421	0.02423	0.20274	0.58027	0.01485	0.01905	0.01873	0.01405	0.01970	0.01178	0.01598	0.00969	0.00581	0.00629	0.00194	0.00775	0.00565	0.00307	0.00937
44	0.01275	0.01048	0.01272	0.01351	0.06506	0.01130	0.01012	0.02216	0.32374	0.02273	0.08164	0.04436	0.07635	0.01239	0.00741	0.00239	0.00522	0.25174	0.00600	0.00794
45	0.06566	0.01087	0.01447	0.01115	0.01601	0.00955	0.00921	0.03034	0.01781	0.70843	0.02427	0.02106	0.01529	0.00776	0.00626	0.00196	0.00538	0.00624	0.00767	0.01061
46	0.01578	0.01363	0.01434	0.01291	0.01650	0.01578	0.01004	0.03371	0.72602	0.02654	0.02582	0.02367	0.01937	0.00861	0.00646	0.00215	0.00502	0.00717	0.00646	0.01004
47	0.00898	0.00648	0.00848	0.00798	0.00948	0.00599	0.00599	0.01197	0.01796	0.02544	0.73413	0.04739	0.05986	0.01297	0.00748	0.00200	0.00299	0.01147	0.00698	0.00599
48	0.02846	0.01080	0.01472	0.01129	0.01619	0.00932	0.00932	0.03092	0.01816	0.74187	0.02503	0.02159	0.01570	0.00785	0.00638	0.00196	0.00540	0.00638	0.00785	0.01080
49	0.82186	0.01227	0.00932	0.00834	0.01227	0.01423	0.00687	0.01865	0.01080	0.02846	0.00883	0.01031	0.00687	0.00589	0.00393	0.00196	0.00491	0.00344	0.00393	0.00687
50	0.01102	0.00551	0.00826	0.00826	0.00826	0.00551	0.00551	0.00826	0.00826	0.01102	0.01102	0.01928	0.01102	0.02204	0.02479	0.81543	0.00551	0.00551	0.00275	0.00275
51	0.82186	0.01227	0.00932	0.00834	0.01227	0.01423	0.00687	0.01865	0.01080	0.02846	0.00883	0.01031	0.00687	0.00589	0.00393	0.00196	0.00491	0.00344	0.00393	0.00687
52	0.01198	0.01128	0.01903	0.76180	0.04369	0.01409	0.01762	0.01621	0.01268	0.01621	0.01128	0.01691	0.00846	0.00634	0.00634	0.00211	0.00846	0.00564	0.00282	0.00705
53	0.01520	0.01312	0.01379	0.01245	0.01594	0.01504	0.00967	0.03198	0.67588	0.02588	0.02853	0.02630	0.06978	0.00913	0.00653	0.00215	0.00489	0.00761	0.00642	0.00971
54	0.01198	0.01128	0.01903	0.76180	0.04369	0.01409	0.01762	0.01621	0.01268	0.01621	0.01128	0.01691	0.00846	0.00634	0.00634	0.00211	0.00846	0.00564	0.00282	0.00705
55	0.01388	0.01388	0.01943	0.01666	0.01666	0.01943	0.01388	0.01527	0.00972	0.01527	0.00833	0.01388	0.00833	0.01110	0.02082	0.00278	0.76544	0.00555	0.00278	0.00694

[dist]
# distance from previous block
# <min> <max>
0	44

[block]
# block no. 4 follows, 35 sequences, length 57
# corresponding to MSA columns:
# 1083-1139
name=unknown_E
#
# <colnr> <probs for GDERKNQSTAVLIFYWHMCP>
#	G	D	E	R	K	N	Q	S	T	A	V	L	I	F	Y	W	H	M	C	P
0	0.82186	0.01227	0.00932	0.00834	0.01227	0.01423	0.00687	0.01865	0.01080	0.02846	0.00883	0.01031	0.00687	0.00589	0.00393	0.00196	0.00491	0.00344	0.00393	0.00687
1	0.01464	0.01382	0.02789	0.02057	0.02560	0.01286	0.46756	0.01907	0.01580	0.08651	0.15335	0.02665	0.04478	0.00781	0.00743	0.00212	0.00833	0.03261	0.00453	0.00807
2	0.02262	0.01597	0.01749	0.01380	0.01846	0.01747	0.01132	0.52877	0.11165	0.10132	0.03989	0.01952	0.01455	0.00822	0.00647	0.00197	0.00644	0.02714	0.00650	0.01040
3	0.01805	0.01476	0.01562	0.01337	0.01736	0.01684	0.01059	0.21969	0.53634	0.03020	0.02294	0.02137	0.01703	0.00834	0.00643	0.00208	0.00555	0.00677	0.00643	0.01024
4	0.01333	0.00764	0.01000	0.00885	0.01113	0.00702	0.00683	0.01671	0.04154	0.17719	0.56042	0.04114	0.04916	0.01174	0.00721	0.00199	0.00357	0.01025	0.00715	0.00714
5	0.01315	0.01128	0.01315	0.00940	0.01503	0.00846	0.00752	0.01597	0.01315	0.02067	0.01128	0.01315	0.00940	0.00470	0.00470	0.00094	0.00470	0.00376	0.00376	0.81583
6	0.02119	0.01824	0.01727	0.01428	0.01857	0.12907	0.01140	0.37776	0.26672	0.03167	0.01804	0.01755	0.01333	0.00779	0.00629	0.00195	0.00698	0.00597	0.00592	0.01001
7	0.00934	0.00705	0.00869	0.00818	0.00993	0.00669	0.00617	0.01336	0.07449	0.02448	0.59281	0.04720	0.14158	0.01301	0.00740	0.00203	0.00318	0.01137	0.00680	0.00623
8	0.00773	0.00552	0.00736	0.00883	0.00920	0.00515	0.00589	0.00883	0.01215	0.01619	0.03497	0.77291	0.04196	0.01987	0.00810	0.00258	0.00368	0.01803	0.00589	0.00515
9	0.01487	0.01682	0.03580	0.02582	0.03166	0.01635	0.65097	0.01986	0.01450	0.01986	0.01243	0.01682	0.00951	0.00587	0.00869	0.00220	0.07908	0.00731	0.00317	0.00841
10	0.01272	0.03281	0.74418	0.01808	0.02746	0.01473	0.02344	0.02009	0.01339	0.02009	0.01138	0.01339	0.00804	0.00603	0.00603	0.00201	0.00938	0.00469	0.00268	0.00938
11	0.00898	0.00648	0.00848	0.00798	0.00948	0.00599	0.00599	0.01197	0.01796	0.02544	0.73413	0.04739	0.05986	0.01297	0.00748	0.00200	0.00299	0.01147	0.00698	0.00599
12	0.01741	0.73029	0.03221	0.01122	0.01651	0.07406	0.01095	0.01942	0.01323	0.01497	0.00889	0.01026	0.00814	0.00550	0.00418	0.00138	0.00710	0.00344	0.00275	0.00809
13	0.00898	0.00648	0.00848	0.00798	0.00948	0.00599	0.00599	0.01197	0.01796	0.02544	0.73413	0.04739	0.05986	0.01297	0.00748	0.00200	0.00299	0.01147	0.00698	0.00599
14	0.01272	0.03281	0.74418	0.01808	0.02746	0.01473	0.02344	0.02009	0.01339	0.02009	0.01138	0.01339	0.00804	0.00603	0.00603	0.00201	0.00938	0.00469	0.00268	0.00938
15	0.00898	0.00648	0.00848	0.00798	0.00948	0.00599	0.00599	0.01197	0.01796	0.02544	0.73413	0.04739	0.05986	0.01297	0.00748	0.00200	0.00299	0.01147	0.00698	0.00599
16	0.00752	0.00634	0.00651	0.00665	0.00863	0.00534	0.00492	0.00908	0.01425	0.01705	0.06157	0.12651	0.67119	0.01642	0.00755	0.00218	0.00326	0.01382	0.00589	0.00534
17	0.01704	0.01336	0.01504	0.01123	0.01655	0.01230	0.00909	0.22879	0.06113	0.04649	0.01372	0.01464	0.01059	0.00590	0.00535	0.00133	0.00543	0.00462	0.00481	0.50259
18	0.02370	0.03023	0.01798	0.01634	0.01961	0.75158	0.01226	0.02533	0.01798	0.01553	0.00981	0.01144	0.00817	0.00654	0.00572	0.00163	0.01144	0.00409	0.00327	0.00735
19	0.01492	0.41983	0.37637	0.01434	0.02168	0.02010	0.01693	0.01952	0.01313	0.01742	0.01006	0.01173	0.00809	0.00572	0.00501	0.00167	0.00803	0.00402	0.00270	0.00874
20	0.01216	0.01146	0.01936	0.72628	0.07778	0.01414	0.01771	0.01637	0.01277	0.01643	0.01131	0.01685	0.00853	0.00631	0.00634	0.00210	0.00841	0.00564	0.00283	0.00719
21	0.01183	0.00591	0.00591	0.00591	0.00739	0.00591	0.00443	0.01478	0.01330	0.02365	0.02069	0.02365	0.01626	0.00739	0.00443	0.00148	0.00296	0.00591	0.81227	0.00591
22	0.01497	0.01711	0.03743	0.02674	0.03316	0.01604	0.71444	0.02032	0.01497	0.02032	0.01283	0.01711	0.00963	0.00535	0.00749	0.00214	0.01070	0.00749	0.00321	0.00856
23	0.01251	0.01181	0.01998	0.65923	0.14214	0.01423	0.01788	0.01667	0.01293	0.01685	0.01137	0.01674	0.00868	0.00624	0.00633	0.00208	0.00833	0.00564	0.00286	0.00747
24	0.01102	0.00551	0.00826	0.00826	0.00826	0.00551	0.00551	0.00826	0.00826	0.01102	0.01102	0.01928	0.01102	0.02204	0.02479	0.81543	0.00551	0.00551	0.00275	0.00275
25	0.00923	0.00615	0.00692	0.00692	0.00692	0.00615	0.00384	0.00923	0.00923	0.01230	0.01999	0.04151	0.02306	0.77705	0.03229	0.00615	0.00615	0.00923	0.00384	0.00384
26	0.01198	0.01128	0.01903	0.76180	0.04369	0.01409	0.01762	0.01621	0.01268	0.01621	0.01128	0.01691	0.00846	0.00634	0.00634	0.00211	0.00846	0.00564	0.00282	0.00705
27	0.02731	0.01105	0.01469	0.01143	0.01622	0.00991	0.00939	0.03117	0.08229	0.67706	0.02510	0.02178	0.01604	0.00792	0.00639	0.00198	0.00536	0.00645	0.00773	0.01073
28	0.02846	0.01080	0.01472	0.01129	0.01619	0.00932	0.00932	0.03092	0.01816	0.74187	0.02503	0.02159	0.01570	0.00785	0.00638	0.00196	0.00540	0.00638	0.00785	0.01080
29	0.82186	0.01227	0.00932	0.00834	0.01227	0.01423	0.00687	0.01865	0.01080	0.02846	0.00883	0.01031	0.00687	0.00589	0.00393	0.00196	0.00491	0.00344	0.00393	0.00687
30	0.01198	0.01128	0.01903	0.76180	0.04369	0.01409	0.01762	0.01621	0.01268	0.01621	0.01128	0.01691	0.00846	0.00634	0.00634	0.00211	0.00846	0.00564	0.00282	0.00705
31	0.01211	0.01141	0.01926	0.73692	0.06758	0.01413	0.01768	0.01632	0.01275	0.01636	0.01130	0.01687	0.00851	0.00632	0.00634	0.00211	0.00842	0.00564	0.00283	0.00715
32	0.01272	0.03281	0.74418	0.01808	0.02746	0.01473	0.02344	0.02009	0.01339	0.02009	0.01138	0.01339	0.00804	0.00603	0.00603	0.00201	0.00938	0.00469	0.00268	0.00938
33	0.01699	0.01229	0.01355	0.01186	0.01546	0.01342	0.00931	0.05752	0.48110	0.13951	0.06880	0.02773	0.08555	0.00937	0.00659	0.00210	0.00488	0.00779	0.00665	0.00954
34	0.00750	0.00643	0.00643	0.00643	0.00857	0.00536	0.00482	0.00910	0.01446	0.01714	0.06427	0.06105	0.73490	0.01607	0.00750	0.00214	0.00321	0.01339	0.00589	0.00536
35	0.01428	0.01454	0.01937	0.01664	0.01678	0.04916	0.01381	0.01568	0.01005	0.01528	0.00839	0.01378	0.00832	0.01092	0.02021	0.00273	0.73483	0.00549	0.00280	0.00696
36	0.01664	0.72408	0.08721	0.01140	0.01713	0.02431	0.01181	0.01908	0.01293	0.01532	0.00901	0.01042	0.00813	0.00547	0.00422	0.00141	0.00698	0.00349	0.00271	0.00823
37	0.00898	0.00648	0.00848	0.00798	0.00948	0.00599	0.00599	0.01197	0.01796	0.02544	0.73413	0.04739	0.05986	0.01297	0.00748	0.00200	0.00299	0.01147	0.00698	0.00599
38	0.00923	0.00615	0.00692	0.00692	0.00692	0.00615	0.00384	0.00923	0.00923	0.01230	0.01999	0.04151	0.02306	0.77705	0.03229	0.00615	0.00615	0.00923	0.00384	0.00384
39	0.00771	0.00558	0.00730	0.00869	0.00916	0.00517	0.00582	0.00885	0.01229	0.01625	0.03675	0.72948	0.08423	0.01964	0.00806	0.00255	0.00365	0.01775	0.00589	0.00517
40	0.01183	0.00591	0.00591	0.00591	0.00739	0.00591	0.00443	0.01478	0.01330	0.02365	0.02069	0.02365	0.01626	0.00739	0.00443	0.00148	0.00296	0.00591	0.81227	0.00591
41	0.02846	0.01080	0.01472	0.01129	0.01619	0.00932	0.00932	0.03092	0.01816	0.74187	0.02503	0.02159	0.01570	0.00785	0.00638	0.00196	0.00540	0.00638	0.00785	0.01080
42	0.82186	0.01227	0.00932	0.00834	0.01227	0.01423	0.00687	0.01865	0.01080	0.02846	0.00883	0.01031	0.00687	0.00589	0.00393	0.00196	0.00491	0.00344	0.00393	0.00687
43	0.00910	0.00665	0.00946	0.00946	0.01034	0.00753	0.00702	0.01086	0.00998	0.01419	0.01766	0.02862	0.01747	0.21036	0.59133	0.00929	0.01457	0.00734	0.00350	0.00526
44	0.01552	0.01489	0.02542	0.07446	0.70339	0.01502	0.01938	0.01931	0.01436	0.02050	0.01190	0.01576	0.00997	0.00569	0.00628	0.00190	0.00758	0.00565	0.00312	0.00990
45	0.01305	0.06965	0.67371	0.01814	0.02718	0.01532	0.05676	0.02005	0.01345	0.01984	0.01133	0.01341	0.00812	0.00596	0.00600	0.00198	0.00931	0.00476	0.00271	0.00927
46	0.82186	0.01227	0.00932	0.00834	0.01227	0.01423	0.00687	0.01865	0.01080	0.02846	0.00883	0.01031	0.00687	0.00589	0.00393	0.00196	0.00491	0.00344	0.00393	0.00687
47	0.74808	0.01174	0.00906	0.00817	0.01193	0.01343	0.00668	0.01778	0.01113	0.02744	0.01386	0.01490	0.07283	0.00681	0.00425	0.00198	0.00475	0.00434	0.00410	0.00673
48	0.01172	0.01087	0.01823	0.69371	0.04076	0.01354	0.01674	0.01577	0.01246	0.01607	0.01179	0.01764	0.00913	0.01008	0.07389	0.00285	0.00923	0.00574	0.00287	0.00692
49	0.01696	0.78087	0.03324	0.01085	0.01628	0.02510	0.01085	0.01900	0.01289	0.01493	0.00882	0.01018	0.00814	0.00543	0.00407	0.00136	0.00678	0.00339	0.00271	0.00814
50	0.02412	0.01777	0.01904	0.01460	0.01967	0.01967	0.01206	0.71633	0.02983	0.03998	0.01523	0.01523	0.01079	0.00762	0.00635	0.00190	0.00698	0.00571	0.00635	0.01079
51	0.01183	0.00591	0.00591	0.00591	0.00739	0.00591	0.00443	0.01478	0.01330	0.02365	0.02069	0.02365	0.01626	0.00739	0.00443	0.00148	0.00296	0.00591	0.81227	0.00591
52	0.01497	0.01711	0.03743	0.02674	0.03316	0.01604	0.71444	0.02032	0.01497	0.02032	0.01283	0.01711	0.00963	0.00535	0.00749	0.00214	0.01070	0.00749	0.00321	0.00856
53	0.77253	0.01192	0.00927	0.00832	0.01210	0.01373	0.00682	0.01824	0.01123	0.02828	0.05285	0.01256	0.01009	0.00632	0.00414	0.00196	0.00479	0.00392	0.00411	0.00682
54	0.01666	0.73416	0.03238	0.05643	0.01795	0.02443	0.01127	0.01883	0.01288	0.01500	0.00897	0.01059	0.00816	0.00548	0.00421	0.00140	0.00689	0.00353	0.00272	0.00807
55	0.02361	0.01752	0.01875	0.01449	0.01948	0.01944	0.01194	0.67490	0.07208	0.03917	0.01587	0.01574	0.01131	0.00768	0.00635	0.00192	0.00686	0.00580	0.00635	0.01074
56	0.77278	0.01221	0.00956	0.00841	0.01244	0.01388	0.00691	0.01849	0.01094	0.02799	0.00898	0.01048	0.00702	0.00582	0.00397	0.00190	0.00489	0.00345	0.00392	0.05596

[dist]
# distance from previous block
# <min> <max>
1	15

[block]
# block no. 5 follows, 35 sequences, length 14
# corresponding to MSA columns:
# 1155-1168
name=unknown_F
#
# <colnr> <probs for GDERKNQSTAVLIFYWHMCP>
#	G	D	E	R	K	N	Q	S	T	A	V	L	I	F	Y	W	H	M	C	P
0	0.01315	0.01128	0.01315	0.00940	0.01503	0.00846	0.00752	0.01597	0.01315	0.02067	0.01128	0.01315	0.00940	0.00470	0.00470	0.00094	0.00470	0.00376	0.00376	0.81583
1	0.00947	0.00728	0.00887	0.00972	0.01078	0.00745	0.00679	0.01422	0.16665	0.01843	0.03299	0.61075	0.03707	0.01744	0.00774	0.00248	0.00397	0.01568	0.00601	0.00621
2	0.01576	0.01394	0.01681	0.01854	0.17254	0.01563	0.01208	0.03063	0.57201	0.02528	0.02281	0.02194	0.01735	0.00797	0.00642	0.00209	0.00557	0.00684	0.00574	0.01004
3	0.01034	0.00772	0.00948	0.01001	0.01133	0.00796	0.00766	0.01477	0.13247	0.01851	0.06148	0.18754	0.05226	0.18061	0.01325	0.00336	0.00516	0.25453	0.00557	0.00598
4	0.01735	0.01404	0.01624	0.01509	0.08993	0.01473	0.01085	0.17099	0.33148	0.05035	0.01903	0.01876	0.01435	0.00723	0.00603	0.00180	0.00563	0.00595	0.00556	0.18462
5	0.00892	0.00641	0.00824	0.00873	0.00970	0.00623	0.00644	0.01070	0.01331	0.01787	0.18150	0.19590	0.09676	0.18363	0.07139	0.00386	0.00552	0.15418	0.00548	0.00525
6	0.04082	0.27537	0.32418	0.01397	0.02013	0.01656	0.01584	0.01817	0.01340	0.01842	0.01525	0.02481	0.01419	0.00831	0.00590	0.00199	0.00760	0.15357	0.00342	0.00812
7	0.64723	0.01332	0.01541	0.01232	0.01679	0.01462	0.16001	0.01901	0.01170	0.02670	0.00970	0.01178	0.00747	0.00577	0.00470	0.00200	0.00616	0.00431	0.00377	0.00724
8	0.01211	0.01146	0.01906	0.70964	0.04180	0.01447	0.01736	0.01614	0.01248	0.01614	0.01107	0.01670	0.00845	0.00668	0.00736	0.00216	0.06145	0.00563	0.00282	0.00704
9	0.01521	0.01409	0.02215	0.23523	0.35164	0.01598	0.01728	0.08851	0.01473	0.02051	0.01149	0.01569	0.00939	0.00694	0.00870	0.00210	0.13263	0.00564	0.00332	0.00877
10	0.01322	0.00984	0.01163	0.01100	0.01355	0.01047	0.00876	0.02225	0.30591	0.06863	0.25006	0.04136	0.03558	0.01186	0.00727	0.00226	0.00458	0.15729	0.00657	0.00790
11	0.00773	0.00552	0.00736	0.00883	0.00920	0.00515	0.00589	0.00883	0.01215	0.01619	0.03497	0.77291	0.04196	0.01987	0.00810	0.00258	0.00368	0.01803	0.00589	0.00515
12	0.00764	0.00623	0.00676	0.00704	0.00876	0.00535	0.00512	0.00922	0.01417	0.01744	0.09919	0.21428	0.54334	0.01670	0.00763	0.00223	0.00330	0.01428	0.00596	0.00535
13	0.82186	0.01227	0.00932	0.00834	0.01227	0.01423	0.00687	0.01865	0.01080	0.02846	0.00883	0.01031	0.00687	0.00589	0.00393	0.00196	0.00491	0.00344	0.00393	0.00687

[dist]
# distance from previous block
# <min> <max>
0	17

[block]
# block no. 6 follows, 35 sequences, length 21
# corresponding to MSA columns:
# 1186-1206
name=unknown_G
#
# <colnr> <probs for GDERKNQSTAVLIFYWHMCP>
#	G	D	E	R	K	N	Q	S	T	A	V	L	I	F	Y	W	H	M	C	P
0	0.00773	0.00552	0.00736	0.00883	0.00920	0.00515	0.00589	0.00883	0.01215	0.01619	0.03497	0.77291	0.04196	0.01987	0.00810	0.00258	0.00368	0.01803	0.00589	0.00515
1	0.00850	0.00612	0.00805	0.00830	0.00937	0.00567	0.00595	0.01078	0.01575	0.02193	0.46858	0.32295	0.05306	0.01559	0.00772	0.00222	0.00325	0.01397	0.00657	0.00567
2	0.01837	0.01348	0.01503	0.01208	0.01580	0.01447	0.00975	0.44880	0.02532	0.03446	0.28828	0.02744	0.02943	0.00965	0.00678	0.00194	0.00547	0.00790	0.00659	0.00896
3	0.01028	0.00600	0.00900	0.00900	0.00943	0.00643	0.00643	0.00943	0.00900	0.01243	0.01329	0.02143	0.01286	0.03174	0.30097	0.50959	0.00987	0.00600	0.00300	0.00386
4	0.82186	0.01227	0.00932	0.00834	0.01227	0.01423	0.00687	0.01865	0.01080	0.02846	0.00883	0.01031	0.00687	0.00589	0.00393	0.00196	0.00491	0.00344	0.00393	0.00687
5	0.00914	0.00623	0.00623	0.00623	0.00812	0.00557	0.00467	0.01126	0.01402	0.01961	0.04772	0.04685	0.46195	0.01277	0.00633	0.00189	0.00312	0.01055	0.31217	0.00557
6	0.51886	0.01436	0.01301	0.01072	0.01508	0.01630	0.00884	0.28364	0.01802	0.03284	0.01126	0.01218	0.00836	0.00654	0.00485	0.00194	0.00569	0.00430	0.00485	0.00836
7	0.01183	0.00591	0.00591	0.00591	0.00739	0.00591	0.00443	0.01478	0.01330	0.02365	0.02069	0.02365	0.01626	0.00739	0.00443	0.00148	0.00296	0.00591	0.81227	0.00591
8	0.51886	0.01436	0.01301	0.01072	0.01508	0.01630	0.00884	0.28364	0.01802	0.03284	0.01126	0.01218	0.00836	0.00654	0.00485	0.00194	0.00569	0.00430	0.00485	0.00836
9	0.01087	0.00957	0.01567	0.47633	0.03140	0.01175	0.01394	0.01435	0.01174	0.01565	0.01345	0.01996	0.01127	0.02200	0.28952	0.00518	0.01170	0.00608	0.00304	0.00652
10	0.01133	0.02293	0.46540	0.01509	0.02133	0.01215	0.01755	0.01676	0.01218	0.01805	0.01351	0.01777	0.01101	0.02181	0.28933	0.00512	0.01227	0.00549	0.00295	0.00797
11	0.01388	0.01388	0.01943	0.01666	0.01666	0.01943	0.01388	0.01527	0.00972	0.01527	0.00833	0.01388	0.00833	0.01110	0.02082	0.00278	0.76544	0.00555	0.00278	0.00694
12	0.01076	0.00915	0.01435	0.02027	0.28581	0.00892	0.01105	0.01287	0.01302	0.01792	0.02622	0.48531	0.02984	0.01447	0.00741	0.00231	0.00515	0.01333	0.00484	0.00701
13	0.01897	0.01109	0.01375	0.01011	0.01547	0.00879	0.00820	0.02165	0.01505	0.29460	0.01650	0.01636	0.01179	0.00590	0.00534	0.00133	0.00496	0.00475	0.00531	0.51006
14	0.52051	0.01171	0.01137	0.00946	0.01376	0.01237	0.00780	0.02331	0.01359	0.29943	0.01498	0.01459	0.01023	0.00663	0.00486	0.00196	0.00509	0.00455	0.00542	0.00836
15	0.01638	0.00812	0.01085	0.00924	0.01203	0.00725	0.00725	0.01917	0.01803	0.29755	0.46480	0.03759	0.04309	0.01103	0.00706	0.00198	0.00391	0.00954	0.00731	0.00781
16	0.01643	0.00832	0.01191	0.01061	0.01318	0.00846	0.00846	0.01877	0.01322	0.29091	0.02004	0.02366	0.01580	0.03249	0.46874	0.00707	0.01259	0.00664	0.00509	0.00761
17	0.01578	0.01363	0.01434	0.01291	0.01650	0.01578	0.01004	0.03371	0.72602	0.02654	0.02582	0.02367	0.01937	0.00861	0.00646	0.00215	0.00502	0.00717	0.00646	0.01004
