[name]
unknown

[dist]
# distance from previous block
# <min> <max>
0	72

[block]
# block no. 0 follows, 34 sequences, length 9
# corresponding to MSA columns:
# 74-82
name=unknown_A
#
# <colnr> <probs for GDERKNQSTAVLIFYWHMCP>
#	G	D	E	R	K	N	Q	S	T	A	V	L	I	F	Y	W	H	M	C	P
0	0.31197	0.01246	0.01209	0.01046	0.01416	0.04326	0.02129	0.10372	0.05991	0.05663	0.02164	0.07698	0.09897	0.01021	0.02629	0.00223	0.00573	0.02790	0.00501	0.07908
1	0.05158	0.00888	0.01025	0.00929	0.01107	0.02834	0.02297	0.01477	0.05750	0.03462	0.11913	0.06914	0.02458	0.23608	0.06094	0.00370	0.03833	0.00826	0.11639	0.07417
2	0.15641	0.02911	0.03016	0.02563	0.01591	0.09946	0.07563	0.01843	0.09815	0.02219	0.16583	0.12671	0.02613	0.01078	0.00752	0.02720	0.02510	0.02756	0.00499	0.00710
3	0.03396	0.01076	0.01680	0.01535	0.07972	0.01026	0.15025	0.01609	0.06551	0.03284	0.04344	0.13156	0.08329	0.14065	0.03189	0.00300	0.00662	0.02054	0.00457	0.10293
4	0.01506	0.01542	0.03028	0.02563	0.14830	0.01492	0.44858	0.02103	0.07468	0.02171	0.01499	0.01854	0.01152	0.00603	0.00696	0.00206	0.00892	0.00709	0.09951	0.00878
5	0.01385	0.01403	0.02790	0.10831	0.02860	0.01348	0.43653	0.01849	0.01492	0.02109	0.07734	0.02068	0.01500	0.00646	0.00694	0.00201	0.00860	0.00733	0.09957	0.05886
6	0.01438	0.01315	0.05025	0.07732	0.01676	0.09765	0.00982	0.09862	0.04550	0.06780	0.18135	0.10611	0.15679	0.01167	0.00707	0.00210	0.00580	0.02478	0.00568	0.00739
7	0.10762	0.01146	0.01716	0.51390	0.03411	0.01430	0.01495	0.01606	0.01202	0.01752	0.01162	0.01829	0.00973	0.07506	0.01027	0.00258	0.09763	0.00579	0.00309	0.00685
8	0.02075	0.02077	0.01601	0.01434	0.01779	0.35238	0.01100	0.02812	0.25298	0.10487	0.01790	0.01821	0.01371	0.01106	0.06891	0.00262	0.00921	0.00572	0.00498	0.00868

[dist]
# distance from previous block
# <min> <max>
0	1

[block]
# block no. 1 follows, 34 sequences, length 48
# corresponding to MSA columns:
# 84-123,131-138
name=unknown_B
#
# <colnr> <probs for GDERKNQSTAVLIFYWHMCP>
#	G	D	E	R	K	N	Q	S	T	A	V	L	I	F	Y	W	H	M	C	P
0	0.01057	0.00643	0.00936	0.00924	0.00959	0.00702	0.00655	0.00975	0.00917	0.01267	0.01381	0.02328	0.01375	0.10079	0.24356	0.45989	0.04111	0.00637	0.00311	0.00398
1	0.01854	0.00967	0.01222	0.01032	0.01368	0.00918	0.00817	0.02389	0.13769	0.32253	0.28800	0.03378	0.06345	0.01041	0.00697	0.00205	0.00443	0.00886	0.00734	0.00882
2	0.16770	0.30793	0.02338	0.01541	0.09117	0.26279	0.01169	0.02148	0.01462	0.01857	0.00965	0.01140	0.00826	0.00602	0.00491	0.00165	0.00822	0.00394	0.00323	0.00799
3	0.01369	0.00840	0.01277	0.17804	0.06022	0.00907	0.00975	0.01407	0.01130	0.09186	0.01382	0.02026	0.01190	0.04853	0.01680	0.38209	0.03041	0.00594	0.05558	0.00549
4	0.01246	0.01085	0.01764	0.35041	0.12995	0.01262	0.03081	0.01519	0.01246	0.01690	0.01464	0.07335	0.01353	0.01053	0.01050	0.10666	0.07863	0.04697	0.02908	0.00683
5	0.01142	0.00903	0.01342	0.01337	0.01556	0.00913	0.07634	0.01621	0.08819	0.02045	0.05158	0.06187	0.03348	0.01560	0.00852	0.00279	0.00625	0.53434	0.00579	0.00666
6	0.01190	0.00908	0.01263	0.04188	0.17591	0.00849	0.00962	0.01426	0.01486	0.08586	0.06518	0.12981	0.33876	0.01323	0.00733	0.00219	0.00484	0.04155	0.00547	0.00714
7	0.01426	0.01426	0.02095	0.51205	0.21024	0.08388	0.01789	0.01820	0.01387	0.01757	0.01151	0.01640	0.00898	0.00631	0.00638	0.00205	0.00867	0.00560	0.00299	0.00795
8	0.01727	0.77681	0.03386	0.01106	0.01658	0.02557	0.01106	0.01935	0.01313	0.01520	0.00898	0.01036	0.00829	0.00553	0.00415	0.00138	0.00691	0.00345	0.00276	0.00829
9	0.01194	0.00962	0.03391	0.01161	0.01405	0.02698	0.07443	0.01505	0.01630	0.07690	0.35393	0.07562	0.05785	0.01520	0.05959	0.00280	0.02225	0.10922	0.00600	0.00678
10	0.06326	0.01535	0.02433	0.10420	0.60114	0.04046	0.01864	0.01968	0.01445	0.02096	0.01183	0.01563	0.00983	0.00587	0.00624	0.00194	0.00774	0.00557	0.00322	0.00966
11	0.01256	0.01185	0.02002	0.69022	0.10890	0.01445	0.01812	0.01682	0.01309	0.01694	0.01155	0.01711	0.00877	0.00639	0.00645	0.00213	0.00853	0.00574	0.00290	0.00746
12	0.01220	0.01148	0.01938	0.75739	0.04450	0.01436	0.01794	0.01651	0.01292	0.01651	0.01148	0.01723	0.00861	0.00646	0.00646	0.00215	0.00861	0.00574	0.00287	0.00718
13	0.01530	0.01471	0.06951	0.14681	0.29418	0.03509	0.06183	0.04805	0.01561	0.06356	0.08241	0.04076	0.01689	0.00767	0.00665	0.00203	0.00738	0.03029	0.03250	0.00876
14	0.01149	0.00827	0.01085	0.01022	0.01217	0.00832	0.04841	0.04109	0.09515	0.02203	0.14573	0.14872	0.07416	0.01345	0.00836	0.05992	0.00459	0.10269	0.16792	0.00647
15	0.01538	0.00903	0.01132	0.00998	0.01264	0.00873	0.00771	0.06754	0.08648	0.19189	0.36565	0.12187	0.04084	0.01200	0.00725	0.00210	0.00419	0.01042	0.00709	0.00788
16	0.04652	0.01521	0.07165	0.02586	0.35197	0.01393	0.04974	0.04403	0.08981	0.15210	0.06094	0.01964	0.01519	0.00702	0.00647	0.00199	0.00690	0.00637	0.00476	0.00990
17	0.01474	0.06331	0.48967	0.02054	0.07016	0.08493	0.12608	0.02091	0.01437	0.01986	0.01158	0.01402	0.00857	0.00603	0.00626	0.00199	0.00972	0.00515	0.00290	0.00921
18	0.01269	0.01092	0.01256	0.01152	0.01252	0.06809	0.00875	0.05790	0.01211	0.01661	0.01602	0.02700	0.01607	0.24421	0.21659	0.00566	0.18322	0.02139	0.04014	0.00601
19	0.14738	0.01116	0.01377	0.01085	0.01536	0.01042	0.00883	0.05340	0.01716	0.55267	0.02225	0.02143	0.01497	0.06140	0.00797	0.00230	0.00554	0.00622	0.00705	0.00989
20	0.01437	0.05294	0.10168	0.01889	0.21180	0.02388	0.01290	0.01786	0.01473	0.06200	0.11020	0.07216	0.01909	0.00768	0.00609	0.00170	0.00609	0.00668	0.00430	0.23496
21	0.01513	0.15440	0.40259	0.01582	0.02287	0.06455	0.03759	0.03275	0.03539	0.05018	0.01424	0.05749	0.01186	0.00736	0.00603	0.00194	0.00837	0.02737	0.00351	0.03056
22	0.01256	0.01185	0.02002	0.69022	0.10890	0.01445	0.01812	0.01682	0.01309	0.01694	0.01155	0.01711	0.00877	0.00639	0.00645	0.00213	0.00853	0.00574	0.00290	0.00746
23	0.00889	0.00648	0.00836	0.00944	0.01022	0.00629	0.00661	0.02813	0.04546	0.01840	0.08302	0.62602	0.04186	0.01878	0.00812	0.00257	0.00397	0.05554	0.00611	0.00572
24	0.01191	0.01109	0.01828	0.64295	0.03956	0.01381	0.01659	0.01574	0.01269	0.01645	0.01359	0.08811	0.01183	0.00805	0.00750	0.00224	0.05254	0.00693	0.00316	0.00699
25	0.00837	0.00620	0.00786	0.00831	0.00941	0.00576	0.00590	0.01025	0.01451	0.01953	0.26572	0.34557	0.16639	0.04062	0.05224	0.00292	0.00431	0.01443	0.00615	0.00555
26	0.01842	0.02181	0.01528	0.01402	0.01669	0.46618	0.03026	0.02038	0.01735	0.01802	0.15236	0.11534	0.04762	0.00991	0.00659	0.00189	0.00871	0.00780	0.00448	0.00691
27	0.05966	0.01360	0.01577	0.01257	0.01718	0.01404	0.01024	0.24063	0.15112	0.32956	0.05154	0.02098	0.01663	0.00820	0.00644	0.00202	0.00580	0.00652	0.00705	0.01047
28	0.00858	0.00621	0.00823	0.00943	0.01031	0.00586	0.00698	0.01036	0.01369	0.01813	0.10296	0.48520	0.09134	0.01874	0.00831	0.00262	0.00417	0.17725	0.00609	0.00551
29	0.01325	0.01241	0.02093	0.43524	0.28252	0.01411	0.01767	0.01720	0.01331	0.01798	0.01227	0.01757	0.00989	0.01019	0.07650	0.00285	0.00911	0.00586	0.00304	0.00812
30	0.01394	0.01325	0.02251	0.42918	0.35917	0.01481	0.01881	0.01803	0.01374	0.01861	0.01179	0.01666	0.00935	0.00614	0.00643	0.00205	0.00818	0.00575	0.00302	0.00858
31	0.02299	0.02845	0.01715	0.01564	0.01880	0.67691	0.01173	0.02478	0.01786	0.01660	0.01104	0.01283	0.00910	0.00674	0.00570	0.00165	0.01083	0.00434	0.07950	0.00735
32	0.01925	0.38674	0.02507	0.01327	0.01772	0.25651	0.01135	0.02436	0.15334	0.01771	0.01270	0.01347	0.01054	0.00653	0.00516	0.00163	0.00809	0.00444	0.00369	0.00841
33	0.00794	0.00656	0.00696	0.00686	0.00891	0.00558	0.00514	0.00985	0.01543	0.01913	0.19701	0.05942	0.59739	0.01574	0.00763	0.00215	0.00323	0.01325	0.00622	0.00558
34	0.00787	0.00562	0.00750	0.00900	0.00937	0.00525	0.00600	0.00900	0.01237	0.01649	0.03561	0.76871	0.04274	0.02024	0.00825	0.00262	0.00375	0.01837	0.00600	0.00525
35	0.01340	0.01148	0.01340	0.00957	0.01531	0.00861	0.00766	0.01627	0.01340	0.02105	0.01148	0.01340	0.00957	0.00479	0.00479	0.00096	0.00479	0.00383	0.00383	0.81242
36	0.01275	0.00931	0.01250	0.05980	0.06084	0.00862	0.02325	0.01634	0.05694	0.09556	0.19541	0.13900	0.12025	0.01126	0.00688	0.00196	0.00468	0.00987	0.00568	0.14909
37	0.01306	0.03281	0.71533	0.01913	0.05179	0.01502	0.02374	0.02044	0.01368	0.02048	0.01161	0.01372	0.00825	0.00613	0.00615	0.00204	0.00949	0.00481	0.00274	0.00957
38	0.00786	0.00623	0.00707	0.00754	0.00904	0.00544	0.00540	0.00945	0.01425	0.01792	0.11793	0.30447	0.42976	0.01740	0.00785	0.00232	0.00342	0.01508	0.00610	0.00544
39	0.01305	0.01270	0.02255	0.57792	0.12845	0.01472	0.10388	0.01744	0.01343	0.01760	0.01176	0.01710	0.00896	0.00625	0.00660	0.00213	0.00878	0.00598	0.00296	0.00775
40	0.01449	0.11827	0.56792	0.01703	0.02529	0.08518	0.02074	0.02068	0.01402	0.01952	0.01142	0.01339	0.00846	0.00616	0.00583	0.00192	0.00925	0.00460	0.02674	0.00910
41	0.00828	0.00748	0.04050	0.00830	0.01008	0.00597	0.00646	0.01029	0.01451	0.01880	0.16911	0.29583	0.33300	0.01668	0.00780	0.00232	0.00374	0.02910	0.00605	0.00569
42	0.02678	0.01052	0.01421	0.01106	0.01571	0.00910	0.00908	0.02927	0.01831	0.65984	0.07151	0.02546	0.05114	0.00870	0.00662	0.00201	0.00524	0.00715	0.00785	0.01044
43	0.12344	0.37242	0.05050	0.01266	0.01743	0.05460	0.01162	0.17626	0.01671	0.02304	0.01056	0.01208	0.00875	0.00671	0.00641	0.00176	0.07833	0.00428	0.00380	0.00863
44	0.01794	0.01871	0.18271	0.02622	0.29232	0.01423	0.12814	0.02302	0.03794	0.17163	0.01543	0.01722	0.01123	0.00636	0.00656	0.00201	0.00806	0.00604	0.00422	0.01000
45	0.01500	0.09256	0.42714	0.01933	0.02724	0.01599	0.19248	0.02169	0.04587	0.06262	0.01321	0.01526	0.00957	0.00614	0.00638	0.00202	0.00922	0.00559	0.00335	0.00935
46	0.00823	0.00652	0.00710	0.00711	0.00880	0.00574	0.00516	0.00987	0.01442	0.01805	0.15770	0.07543	0.48126	0.12870	0.01146	0.00281	0.00379	0.03666	0.00586	0.00534
47	0.04243	0.16263	0.07005	0.04064	0.01806	0.10944	0.03604	0.04211	0.04530	0.15794	0.04785	0.04424	0.01472	0.00788	0.00680	0.00189	0.05692	0.00597	0.08070	0.00839

[dist]
# distance from previous block
# <min> <max>
0	2

[block]
# block no. 2 follows, 34 sequences, length 52
# corresponding to MSA columns:
# 141-192
name=unknown_C
#
# <colnr> <probs for GDERKNQSTAVLIFYWHMCP>
#	G	D	E	R	K	N	Q	S	T	A	V	L	I	F	Y	W	H	M	C	P
0	0.02160	0.01725	0.11719	0.01646	0.09004	0.08666	0.03475	0.04774	0.13150	0.31095	0.02150	0.02059	0.03846	0.00771	0.00646	0.00201	0.00697	0.00634	0.00583	0.00998
1	0.00862	0.00619	0.00711	0.00744	0.00810	0.00583	0.00473	0.00940	0.01173	0.01521	0.06707	0.21683	0.19237	0.38781	0.02015	0.00428	0.00484	0.01257	0.00503	0.00468
2	0.01336	0.01348	0.07945	0.01038	0.01646	0.00919	0.00913	0.01665	0.01342	0.02100	0.01149	0.01342	0.00944	0.00491	0.00491	0.00106	0.00522	0.00391	0.00373	0.73938
3	0.01266	0.01141	0.01864	0.59223	0.08847	0.01370	0.01663	0.04359	0.01363	0.01772	0.01362	0.05682	0.01153	0.00802	0.00721	0.02752	0.00806	0.02798	0.00329	0.00727
4	0.01753	0.46232	0.03009	0.01460	0.01952	0.12326	0.12355	0.02064	0.03777	0.01690	0.01077	0.01281	0.00923	0.00612	0.00582	0.00165	0.04287	0.00455	0.03182	0.00818
5	0.02421	0.01531	0.01726	0.01360	0.01844	0.01633	0.01111	0.39342	0.15650	0.23365	0.02034	0.01894	0.01403	0.00801	0.00649	0.00200	0.00628	0.00629	0.00692	0.01085
6	0.02065	0.01419	0.01479	0.01225	0.01606	0.10434	0.02753	0.15596	0.11405	0.21667	0.09719	0.02394	0.04184	0.00858	0.00637	0.00193	0.00604	0.00693	0.10157	0.00910
7	0.09576	0.00782	0.00971	0.01032	0.03671	0.00759	0.00721	0.01210	0.01237	0.01869	0.04665	0.37734	0.02928	0.05141	0.10118	0.00343	0.00606	0.04329	0.00501	0.11808
8	0.01026	0.00855	0.01086	0.18081	0.01807	0.03525	0.00914	0.01298	0.01483	0.01947	0.17593	0.12616	0.19457	0.01306	0.00728	0.00222	0.00510	0.08605	0.06330	0.00613
9	0.04233	0.01289	0.02304	0.52585	0.06752	0.01465	0.16059	0.01810	0.01359	0.04215	0.01222	0.01714	0.00911	0.00626	0.00661	0.00214	0.00882	0.00608	0.00318	0.00774
10	0.00900	0.00689	0.00812	0.00828	0.00984	0.00649	0.00602	0.01235	0.07411	0.02075	0.25445	0.26117	0.24364	0.01564	0.00763	0.00225	0.00349	0.01368	0.03020	0.00601
11	0.01508	0.01471	0.01841	0.25154	0.09440	0.09741	0.05253	0.02357	0.24661	0.02141	0.08197	0.02158	0.01723	0.00773	0.00659	0.00208	0.00734	0.00673	0.00458	0.00849
12	0.07879	0.01913	0.13345	0.07973	0.11784	0.13446	0.01428	0.06980	0.03374	0.07137	0.01307	0.01570	0.01025	0.02405	0.03451	0.00228	0.04263	0.00516	0.00391	0.09585
13	0.01220	0.01148	0.01938	0.75739	0.04450	0.01436	0.01794	0.01651	0.01292	0.01651	0.01148	0.01723	0.00861	0.00646	0.00646	0.00215	0.00861	0.00574	0.00287	0.00718
14	0.01204	0.00602	0.00602	0.00602	0.00753	0.00602	0.00452	0.01506	0.01355	0.02409	0.02108	0.02409	0.01656	0.00753	0.00452	0.00151	0.00301	0.00602	0.80879	0.00602
15	0.01686	0.00836	0.01129	0.00978	0.01262	0.00760	0.00778	0.01966	0.01772	0.29847	0.37603	0.03846	0.03973	0.01342	0.04761	0.00253	0.00495	0.05199	0.00718	0.00795
16	0.00843	0.00636	0.00771	0.00782	0.00922	0.00573	0.00564	0.01052	0.01559	0.02083	0.35404	0.21252	0.24950	0.04585	0.00877	0.00238	0.00340	0.01365	0.00641	0.00563
17	0.01607	0.01388	0.01461	0.01315	0.01680	0.01607	0.01023	0.03433	0.72094	0.02703	0.02630	0.02411	0.01972	0.00877	0.00657	0.00219	0.00511	0.00731	0.00657	0.01023
18	0.02456	0.01810	0.01939	0.01487	0.02004	0.02004	0.01228	0.71107	0.03038	0.04072	0.01551	0.01551	0.01099	0.00776	0.00646	0.00194	0.00711	0.00582	0.00646	0.01099
19	0.01220	0.01148	0.01938	0.75739	0.04450	0.01436	0.01794	0.01651	0.01292	0.01651	0.01148	0.01723	0.00861	0.00646	0.00646	0.00215	0.00861	0.00574	0.00287	0.00718
20	0.23049	0.01230	0.01294	0.00982	0.01501	0.01120	0.00795	0.07718	0.01443	0.05544	0.01176	0.01317	0.00928	0.00550	0.00479	0.00136	0.00507	0.00402	0.00428	0.49399
21	0.01305	0.01269	0.01891	0.54889	0.09153	0.06299	0.01656	0.01683	0.01305	0.01663	0.01194	0.01750	0.00950	0.01097	0.08431	0.00299	0.03561	0.00576	0.00299	0.00728
22	0.78466	0.01273	0.00992	0.00877	0.01282	0.01473	0.00722	0.04854	0.01182	0.02949	0.00928	0.01071	0.00717	0.00607	0.00410	0.00200	0.00509	0.00360	0.00410	0.00717
23	0.01363	0.01333	0.01173	0.01096	0.01340	0.16761	0.00838	0.01927	0.16070	0.02238	0.29703	0.03882	0.13698	0.01160	0.00709	0.00206	0.00551	0.04640	0.00596	0.00714
24	0.00963	0.00669	0.00869	0.00820	0.00981	0.00613	0.00614	0.01251	0.01787	0.04674	0.64741	0.08136	0.08732	0.01351	0.00762	0.00206	0.00316	0.01192	0.00704	0.00618
25	0.01159	0.01059	0.01435	0.01381	0.05634	0.02795	0.03448	0.01356	0.01236	0.01711	0.04080	0.10902	0.13958	0.05155	0.10135	0.00351	0.23120	0.04033	0.00420	0.06632
26	0.01314	0.01552	0.12565	0.49297	0.19252	0.01467	0.01922	0.01781	0.01342	0.01809	0.01165	0.01643	0.00891	0.00626	0.00640	0.00209	0.00854	0.00560	0.00292	0.00819
27	0.01087	0.00580	0.00848	0.00848	0.00859	0.00591	0.00569	0.00880	0.00869	0.01170	0.01264	0.02226	0.01281	0.09355	0.09452	0.66220	0.00678	0.00608	0.00297	0.00319
28	0.01227	0.01158	0.01939	0.73109	0.04352	0.01455	0.01781	0.01647	0.01281	0.01647	0.01138	0.01712	0.00861	0.00663	0.00698	0.00218	0.03534	0.00574	0.00287	0.00717
29	0.00881	0.00648	0.00836	0.00909	0.01016	0.00616	0.00663	0.01136	0.04063	0.01988	0.22808	0.40931	0.09500	0.01732	0.00805	0.00246	0.00384	0.09629	0.00632	0.00576
30	0.02456	0.01810	0.01939	0.01487	0.02004	0.02004	0.01228	0.71107	0.03038	0.04072	0.01551	0.01551	0.01099	0.00776	0.00646	0.00194	0.00711	0.00582	0.00646	0.01099
31	0.01220	0.01148	0.01938	0.75739	0.04450	0.01436	0.01794	0.01651	0.01292	0.01651	0.01148	0.01723	0.00861	0.00646	0.00646	0.00215	0.00861	0.00574	0.00287	0.00718
32	0.00806	0.00652	0.00676	0.00681	0.00855	0.00567	0.00489	0.00942	0.01372	0.01657	0.05591	0.05872	0.57413	0.16045	0.01248	0.00298	0.00392	0.03366	0.00560	0.00518
33	0.00908	0.00672	0.00855	0.00842	0.01004	0.00619	0.00653	0.01189	0.01721	0.02358	0.52027	0.05410	0.16657	0.01440	0.00781	0.00219	0.00351	0.11020	0.00676	0.00597
34	0.00999	0.00605	0.00749	0.00749	0.00749	0.00605	0.00446	0.00908	0.00908	0.01211	0.01741	0.03497	0.01953	0.53066	0.03042	0.26637	0.00605	0.00817	0.00356	0.00356
35	0.01220	0.01148	0.01938	0.75739	0.04450	0.01436	0.01794	0.01651	0.01292	0.01651	0.01148	0.01723	0.00861	0.00646	0.00646	0.00215	0.00861	0.00574	0.00287	0.00718
36	0.01509	0.18573	0.07306	0.04991	0.01937	0.04085	0.03334	0.03773	0.01229	0.01696	0.01073	0.01667	0.01010	0.00939	0.01374	0.00235	0.39955	0.04239	0.00311	0.00763
37	0.00821	0.00611	0.00870	0.00967	0.01028	0.00572	0.03386	0.00947	0.01240	0.01655	0.03429	0.71866	0.04089	0.04060	0.00891	0.00271	0.00410	0.01769	0.00583	0.00535
38	0.02527	0.01018	0.01374	0.01081	0.01520	0.00884	0.00882	0.02782	0.01831	0.60565	0.12887	0.02739	0.05085	0.00908	0.00671	0.00201	0.00506	0.00753	0.00779	0.01007
39	0.01727	0.77681	0.03386	0.01106	0.01658	0.02557	0.01106	0.01935	0.01313	0.01520	0.00898	0.01036	0.00829	0.00553	0.00415	0.00138	0.00691	0.00345	0.00276	0.00829
40	0.01099	0.00916	0.01252	0.01183	0.01298	0.02935	0.00938	0.03673	0.01119	0.01600	0.01553	0.02275	0.01445	0.03957	0.57744	0.00857	0.14528	0.00660	0.00345	0.00622
41	0.02414	0.03079	0.01831	0.01665	0.01998	0.74698	0.01248	0.02580	0.01831	0.01581	0.00999	0.01165	0.00832	0.00666	0.00583	0.00166	0.01165	0.00416	0.00333	0.00749
42	0.01494	0.01438	0.02509	0.06390	0.56895	0.01436	0.07963	0.01866	0.01445	0.02042	0.01462	0.09341	0.01347	0.00724	0.00670	0.00202	0.00760	0.00722	0.00348	0.00947
43	0.00822	0.00590	0.00787	0.00932	0.00991	0.00556	0.00657	0.00961	0.01279	0.01692	0.03636	0.65041	0.06355	0.01979	0.00832	0.00266	0.00404	0.11087	0.00599	0.00535
44	0.02593	0.01497	0.01729	0.01329	0.01829	0.01551	0.01097	0.42536	0.02525	0.31229	0.01957	0.01829	0.01311	0.00784	0.00642	0.00195	0.00636	0.00609	0.03037	0.01085
45	0.81856	0.01250	0.00950	0.00850	0.01250	0.01449	0.00700	0.01899	0.01100	0.02899	0.00900	0.01050	0.00700	0.00600	0.00400	0.00200	0.00500	0.00350	0.00400	0.00700
46	0.00971	0.00682	0.00889	0.00860	0.01025	0.00631	0.00666	0.01264	0.01761	0.04244	0.57675	0.05173	0.10180	0.01389	0.00776	0.00216	0.00350	0.09941	0.00691	0.00616
47	0.01499	0.01688	0.03662	0.02640	0.03266	0.01585	0.67105	0.02030	0.01523	0.02062	0.01422	0.02045	0.01130	0.00612	0.00770	0.00222	0.01062	0.04479	0.00341	0.00856
48	0.01220	0.01148	0.01938	0.75739	0.04450	0.01436	0.01794	0.01651	0.01292	0.01651	0.01148	0.01723	0.00861	0.00646	0.00646	0.00215	0.00861	0.00574	0.00287	0.00718
49	0.02899	0.01100	0.01499	0.01150	0.01649	0.00950	0.00950	0.03149	0.01849	0.73709	0.02549	0.02199	0.01599	0.00800	0.00650	0.00200	0.00550	0.00650	0.00800	0.01100
50	0.01001	0.00757	0.01034	0.01221	0.05145	0.00734	0.00958	0.01265	0.01465	0.01887	0.03882	0.12144	0.16270	0.01710	0.00850	0.00275	0.00539	0.47678	0.00581	0.00604
51	0.01122	0.00561	0.00842	0.00842	0.00842	0.00561	0.00561	0.00842	0.00842	0.01122	0.01122	0.01964	0.01122	0.02245	0.02525	0.81201	0.00561	0.00561	0.00281	0.00281

[dist]
# distance from previous block
# <min> <max>
0	3

# created by:
# /home/cegg/simao/soft/augustus-3.2.1/scripts/msa2prfl.pl ./align_prep/EOG090W0MFT.fa
