[name]
unknown

[dist]
# distance from previous block
# <min> <max>
0	32

[block]
# block no. 0 follows, 42 sequences, length 32
# corresponding to MSA columns:
# 34-65
name=unknown_A
#
# <colnr> <probs for GDERKNQSTAVLIFYWHMCP>
#	G	D	E	R	K	N	Q	S	T	A	V	L	I	F	Y	W	H	M	C	P
0	0.01212	0.01130	0.05521	0.04622	0.03065	0.01143	0.08146	0.04500	0.12054	0.05039	0.18824	0.04290	0.02144	0.02219	0.00888	0.00197	0.16079	0.02043	0.00435	0.06449
1	0.05893	0.06274	0.10367	0.08149	0.01981	0.05201	0.09765	0.18352	0.02761	0.02064	0.01076	0.01335	0.00854	0.00856	0.05420	0.00224	0.13758	0.00481	0.00343	0.04848
2	0.00818	0.00546	0.00614	0.00614	0.00614	0.00546	0.00341	0.00818	0.00818	0.01091	0.01773	0.03683	0.02046	0.80222	0.02864	0.00546	0.00546	0.00818	0.00341	0.00341
3	0.01812	0.06474	0.08637	0.01400	0.01860	0.07818	0.09430	0.43998	0.02078	0.02739	0.03737	0.01434	0.01056	0.00793	0.03984	0.00200	0.00734	0.00513	0.00451	0.00850
4	0.01266	0.01051	0.01208	0.00879	0.01357	0.00856	0.00702	0.09687	0.01323	0.02004	0.01064	0.01267	0.00886	0.02959	0.00510	0.00108	0.00444	0.00368	0.00360	0.71701
5	0.00804	0.00603	0.00904	0.00904	0.01005	0.00703	0.00703	0.01005	0.00904	0.01306	0.01507	0.02211	0.01407	0.04221	0.77992	0.00904	0.01507	0.00603	0.00301	0.00502
6	0.01886	0.05775	0.21063	0.01173	0.01687	0.01135	0.01167	0.11331	0.03938	0.35982	0.07690	0.01792	0.01452	0.00679	0.00555	0.00172	0.00576	0.00544	0.00527	0.00876
7	0.01466	0.51511	0.03947	0.00999	0.01403	0.05200	0.00934	0.09211	0.01291	0.01612	0.01013	0.01210	0.00883	0.01026	0.10940	0.00235	0.00729	0.00382	0.05305	0.00704
8	0.02035	0.11475	0.01748	0.01395	0.01706	0.69412	0.01073	0.02184	0.01544	0.01371	0.00860	0.01002	0.00725	0.00569	0.00491	0.00142	0.00968	0.00356	0.00284	0.00660
9	0.84197	0.01088	0.00827	0.00740	0.01088	0.01262	0.00609	0.01654	0.00958	0.02525	0.00784	0.00914	0.00609	0.00522	0.00348	0.00174	0.00435	0.00305	0.00348	0.00609
10	0.84197	0.01088	0.00827	0.00740	0.01088	0.01262	0.00609	0.01654	0.00958	0.02525	0.00784	0.00914	0.00609	0.00522	0.00348	0.00174	0.00435	0.00305	0.00348	0.00609
11	0.02122	0.01476	0.01611	0.01249	0.01687	0.01613	0.01027	0.60760	0.08564	0.11753	0.01527	0.01477	0.01069	0.00685	0.00564	0.00171	0.00589	0.00524	0.00579	0.00952
12	0.00768	0.00607	0.00696	0.00668	0.00837	0.00552	0.00503	0.01048	0.05413	0.01922	0.39849	0.04650	0.37932	0.01256	0.00660	0.00184	0.00284	0.01076	0.00572	0.00524
13	0.00790	0.00577	0.00743	0.00706	0.00843	0.00530	0.00533	0.01046	0.01563	0.02188	0.69331	0.04348	0.10482	0.01181	0.00667	0.00180	0.00273	0.02882	0.00610	0.00527
14	0.02525	0.00958	0.01306	0.01001	0.01437	0.00827	0.00827	0.02743	0.01611	0.77102	0.02220	0.01915	0.01393	0.00697	0.00566	0.00174	0.00479	0.00566	0.00697	0.00958
15	0.00682	0.00559	0.00601	0.00616	0.00777	0.00478	0.00452	0.00831	0.01285	0.01586	0.12788	0.16209	0.58291	0.01446	0.00673	0.00194	0.00289	0.01230	0.00533	0.00478
16	0.04907	0.00991	0.01310	0.01008	0.01441	0.00884	0.00832	0.06181	0.01641	0.71369	0.02136	0.01859	0.01349	0.00690	0.00559	0.00174	0.00484	0.00555	0.00680	0.00947
17	0.74810	0.01025	0.00793	0.00716	0.01039	0.01179	0.00585	0.01616	0.00983	0.02477	0.00902	0.01048	0.00704	0.00537	0.00353	0.00169	0.00416	0.00330	0.09719	0.00600
18	0.01432	0.42377	0.26771	0.01218	0.01793	0.10401	0.01323	0.01766	0.01210	0.01506	0.00878	0.01022	0.00725	0.00506	0.00437	0.00140	0.00713	0.00347	0.00250	0.05185
19	0.03912	0.62571	0.11145	0.01058	0.01553	0.06762	0.01080	0.01713	0.01165	0.01414	0.00832	0.00976	0.00736	0.00591	0.02378	0.00150	0.00672	0.00326	0.00248	0.00721
20	0.00816	0.00557	0.00671	0.00671	0.00691	0.00577	0.00412	0.00855	0.00835	0.01133	0.01721	0.03394	0.01921	0.65312	0.17603	0.00616	0.00734	0.00776	0.00333	0.00373
21	0.01905	0.00852	0.01094	0.00886	0.01211	0.00781	0.00714	0.07116	0.01612	0.44622	0.17824	0.02390	0.02201	0.00785	0.00560	0.00168	0.00410	0.00651	0.13419	0.00800
22	0.00780	0.00605	0.00715	0.00694	0.00849	0.00559	0.00517	0.01071	0.05925	0.01951	0.42454	0.10486	0.28786	0.01268	0.00663	0.00186	0.00288	0.01098	0.00577	0.00528
23	0.00673	0.00568	0.00583	0.00585	0.00767	0.00478	0.00437	0.00821	0.01294	0.01560	0.09655	0.07833	0.69987	0.01421	0.00667	0.00191	0.00285	0.01192	0.00528	0.00478
24	0.31532	0.01004	0.01136	0.00908	0.01313	0.00982	0.00750	0.02356	0.01379	0.50615	0.01710	0.01560	0.01115	0.00635	0.00489	0.00174	0.00463	0.00473	0.00573	0.00834
25	0.17986	0.01116	0.01274	0.01002	0.01411	0.01123	0.00826	0.20213	0.01721	0.41389	0.01714	0.01593	0.01138	0.00656	0.00516	0.00171	0.00495	0.00500	0.04284	0.00872
26	0.01494	0.78328	0.05087	0.00981	0.01473	0.02200	0.00995	0.01688	0.01145	0.01337	0.00789	0.00911	0.00722	0.00483	0.00366	0.00122	0.00608	0.00304	0.00241	0.00725
27	0.01607	0.01249	0.01319	0.01149	0.01491	0.03346	0.00904	0.08941	0.59314	0.10868	0.02167	0.01988	0.01592	0.00744	0.00569	0.00186	0.00478	0.00610	0.00578	0.00898
28	0.01034	0.00955	0.01599	0.70067	0.03552	0.01189	0.01466	0.01389	0.01100	0.01423	0.01058	0.01581	0.00824	0.00976	0.09305	0.00268	0.00836	0.00512	0.00256	0.00611
29	0.00699	0.00499	0.00668	0.00799	0.00837	0.00469	0.00546	0.00807	0.01091	0.01452	0.03094	0.75414	0.03693	0.01750	0.00722	0.00230	0.00338	0.05909	0.00522	0.00461
30	0.06408	0.01471	0.01565	0.01222	0.01641	0.01628	0.01003	0.62767	0.06252	0.03353	0.05904	0.01539	0.01241	0.00701	0.00558	0.00171	0.00579	0.00533	0.00555	0.00909
31	0.01792	0.01378	0.01401	0.01179	0.01541	0.07725	0.00936	0.22234	0.37701	0.12666	0.04070	0.01844	0.01491	0.00727	0.00566	0.00178	0.00539	0.00580	0.00565	0.00887

[dist]
# distance from previous block
# <min> <max>
0	1

[block]
# block no. 1 follows, 42 sequences, length 48
# corresponding to MSA columns:
# 67-114
name=unknown_B
#
# <colnr> <probs for GDERKNQSTAVLIFYWHMCP>
#	G	D	E	R	K	N	Q	S	T	A	V	L	I	F	Y	W	H	M	C	P
0	0.65838	0.08984	0.01043	0.00773	0.01119	0.04045	0.00646	0.01606	0.01027	0.02278	0.01211	0.01305	0.07173	0.00598	0.00383	0.00169	0.00460	0.00383	0.00351	0.00611
1	0.00992	0.08593	0.01053	0.00824	0.00951	0.00876	0.00611	0.07365	0.01047	0.01417	0.01558	0.04019	0.01600	0.34153	0.31897	0.00606	0.00931	0.00670	0.00338	0.00498
2	0.02033	0.01609	0.01684	0.01333	0.01750	0.12237	0.05783	0.42509	0.11494	0.11547	0.01490	0.01475	0.01065	0.00663	0.00563	0.00170	0.00658	0.00520	0.00524	0.00893
3	0.00665	0.00570	0.00570	0.00570	0.00760	0.00475	0.00428	0.00808	0.01283	0.01520	0.05701	0.05416	0.76483	0.01425	0.00665	0.00190	0.00285	0.01188	0.00523	0.00475
4	0.00932	0.00767	0.01039	0.07653	0.01245	0.02389	0.00778	0.01103	0.00995	0.01412	0.08844	0.04094	0.01777	0.16557	0.31360	0.00539	0.14251	0.00670	0.03088	0.00509
5	0.01547	0.01282	0.01355	0.01175	0.01519	0.01468	0.00926	0.17251	0.61196	0.02591	0.02104	0.01951	0.01567	0.00746	0.00571	0.00187	0.00480	0.00611	0.00571	0.00904
6	0.01152	0.01145	0.01680	0.72188	0.03692	0.07871	0.01522	0.01508	0.01166	0.01433	0.00989	0.01458	0.00748	0.00564	0.00558	0.00184	0.00773	0.00488	0.00254	0.00628
7	0.01572	0.16681	0.23024	0.01547	0.08348	0.18997	0.02485	0.09217	0.08316	0.01832	0.01090	0.01220	0.00853	0.00574	0.00528	0.00161	0.02024	0.00424	0.00318	0.00789
8	0.01319	0.01492	0.03176	0.02291	0.02809	0.01450	0.68022	0.01762	0.01286	0.01762	0.01102	0.01492	0.00843	0.00521	0.00771	0.00195	0.08030	0.00649	0.00281	0.00746
9	0.01904	0.06801	0.04505	0.02956	0.06027	0.20863	0.05969	0.36459	0.01990	0.02487	0.01133	0.01242	0.00856	0.00600	0.00536	0.00159	0.00745	0.00458	0.00414	0.03896
10	0.01393	0.01337	0.02284	0.03454	0.76712	0.01337	0.01727	0.01727	0.01281	0.01839	0.01059	0.01393	0.00891	0.00501	0.00557	0.00167	0.00669	0.00501	0.00279	0.00891
11	0.00685	0.00492	0.00651	0.00778	0.00815	0.00458	0.00520	0.00784	0.01083	0.01439	0.03172	0.77837	0.05694	0.01754	0.00717	0.00228	0.00325	0.01589	0.00522	0.00458
12	0.00818	0.00546	0.00614	0.00614	0.00614	0.00546	0.00341	0.00818	0.00818	0.01091	0.01773	0.03683	0.02046	0.80222	0.02864	0.00546	0.00546	0.00818	0.00341	0.00341
13	0.01322	0.01299	0.02296	0.15641	0.24581	0.01298	0.24522	0.05044	0.04767	0.01859	0.01137	0.01454	0.00889	0.00513	0.00575	0.00169	0.00727	0.00538	0.00309	0.11060
14	0.00695	0.00497	0.00664	0.00795	0.00832	0.00466	0.00539	0.00801	0.01087	0.01448	0.03096	0.76600	0.03701	0.01754	0.00721	0.00230	0.00335	0.04759	0.00522	0.00460
15	0.03748	0.01475	0.01573	0.01245	0.01664	0.01643	0.01016	0.56330	0.18427	0.04653	0.01559	0.01515	0.01123	0.00692	0.00561	0.00174	0.00575	0.00532	0.00563	0.00935
16	0.01507	0.34858	0.09680	0.01313	0.08772	0.04718	0.01113	0.11908	0.03612	0.01851	0.00997	0.01127	0.00819	0.00517	0.00447	0.00134	0.00613	0.00378	0.00317	0.15319
17	0.03061	0.01359	0.01635	0.07066	0.15924	0.09456	0.05630	0.08798	0.27459	0.02088	0.01713	0.03276	0.01427	0.00744	0.00585	0.00186	0.00621	0.07740	0.00436	0.00796
18	0.01491	0.01137	0.01222	0.01083	0.01399	0.01282	0.00847	0.04718	0.60633	0.09128	0.02220	0.02063	0.01645	0.00746	0.00556	0.00184	0.00437	0.00617	0.07727	0.00867
19	0.00967	0.00638	0.00794	0.00729	0.00910	0.00585	0.00555	0.01258	0.04495	0.09546	0.52787	0.04121	0.18174	0.01142	0.00651	0.00180	0.00298	0.00990	0.00607	0.00577
20	0.00683	0.00500	0.00643	0.00758	0.00809	0.00459	0.00511	0.00787	0.01102	0.01447	0.03419	0.70773	0.12600	0.01722	0.00712	0.00224	0.00321	0.01550	0.00522	0.00459
21	0.63367	0.01055	0.00949	0.00807	0.01177	0.01151	0.00665	0.01932	0.01124	0.21545	0.01150	0.01170	0.00809	0.00567	0.00404	0.00174	0.00446	0.00371	0.00437	0.00698
22	0.01716	0.01113	0.01192	0.00964	0.01283	0.01196	0.00780	0.40816	0.01990	0.07052	0.01597	0.01687	0.01179	0.00669	0.00494	0.00154	0.00466	0.00517	0.34354	0.00781
23	0.01691	0.01215	0.01321	0.01090	0.01433	0.01332	0.00874	0.33817	0.23866	0.07401	0.09180	0.01972	0.01693	0.00748	0.00557	0.00172	0.00485	0.00601	0.09702	0.00848
24	0.84197	0.01088	0.00827	0.00740	0.01088	0.01262	0.00609	0.01654	0.00958	0.02525	0.00784	0.00914	0.00609	0.00522	0.00348	0.00174	0.00435	0.00305	0.00348	0.00609
25	0.01144	0.00720	0.00621	0.00608	0.00754	0.07533	0.00456	0.01396	0.01218	0.02033	0.01748	0.02000	0.01377	0.00649	0.00404	0.00132	0.00330	0.00510	0.75830	0.00536
26	0.00962	0.00494	0.00721	0.00721	0.00721	0.00494	0.00474	0.00742	0.00742	0.00989	0.01056	0.01906	0.01083	0.09718	0.02265	0.75386	0.00494	0.00521	0.00254	0.00254
27	0.01340	0.00673	0.00729	0.00654	0.00854	0.00670	0.00510	0.07847	0.01364	0.12212	0.01845	0.02009	0.01394	0.00663	0.00431	0.00140	0.00322	0.00528	0.65196	0.00620
28	0.01505	0.80561	0.02949	0.00963	0.01444	0.02227	0.00963	0.01685	0.01143	0.01324	0.00782	0.00903	0.00722	0.00481	0.00361	0.00120	0.00602	0.00301	0.00241	0.00722
29	0.01394	0.01090	0.01191	0.01049	0.01348	0.01207	0.00820	0.09048	0.48747	0.06683	0.15012	0.02534	0.05709	0.00848	0.00591	0.00186	0.00425	0.00711	0.00585	0.00820
30	0.00785	0.07777	0.00967	0.00863	0.00958	0.00656	0.03523	0.00906	0.01093	0.01441	0.02813	0.69582	0.03336	0.01596	0.00684	0.00217	0.00376	0.01445	0.00487	0.00493
31	0.01847	0.01214	0.01429	0.01175	0.01559	0.01299	0.03554	0.15541	0.39131	0.23749	0.02064	0.01895	0.01461	0.00719	0.00572	0.00182	0.00504	0.00594	0.00596	0.00917
32	0.00708	0.00503	0.00659	0.00761	0.00801	0.00472	0.00508	0.00814	0.01106	0.01488	0.10259	0.65778	0.03735	0.08473	0.00898	0.00251	0.00339	0.01475	0.00516	0.00454
33	0.01377	0.01149	0.01231	0.01102	0.01407	0.01310	0.00858	0.04343	0.65378	0.03775	0.09621	0.02289	0.02052	0.00799	0.00581	0.00189	0.00432	0.00670	0.00579	0.00858
34	0.06163	0.01346	0.01641	0.38120	0.06922	0.08990	0.01305	0.20474	0.04548	0.03478	0.01142	0.01406	0.00851	0.00598	0.00545	0.00177	0.00703	0.00484	0.00363	0.00744
35	0.00801	0.00584	0.00714	0.00742	0.00865	0.00538	0.00540	0.03428	0.01330	0.03180	0.21798	0.34968	0.22642	0.01459	0.00685	0.00204	0.00321	0.04141	0.00551	0.00509
36	0.00722	0.00532	0.00677	0.00734	0.00824	0.00488	0.00521	0.00883	0.01273	0.01707	0.25921	0.43277	0.15439	0.01518	0.00695	0.00208	0.00306	0.03240	0.00552	0.00484
37	0.02695	0.01657	0.14969	0.05080	0.28361	0.04471	0.16965	0.07850	0.01422	0.07772	0.02599	0.01456	0.00965	0.00549	0.00574	0.00175	0.00743	0.00528	0.00336	0.00834
38	0.01849	0.01046	0.01505	0.01330	0.08001	0.01001	0.08197	0.04656	0.13070	0.37568	0.10639	0.02243	0.04780	0.00749	0.00591	0.00178	0.00509	0.00656	0.00580	0.00854
39	0.01198	0.01230	0.01878	0.61841	0.03550	0.08880	0.10451	0.01563	0.01197	0.01476	0.01004	0.01454	0.00760	0.00554	0.00570	0.00184	0.00801	0.00507	0.00258	0.00644
40	0.00912	0.00699	0.00968	0.01150	0.07594	0.00689	0.00860	0.01200	0.03985	0.01734	0.09716	0.12308	0.10479	0.01405	0.00724	0.00232	0.00465	0.43818	0.00509	0.00555
41	0.01405	0.01374	0.02723	0.09211	0.11121	0.01376	0.46119	0.01798	0.01283	0.08227	0.01171	0.01508	0.00884	0.00555	0.00752	0.00191	0.08619	0.00605	0.00313	0.00765
42	0.00966	0.00751	0.01123	0.01126	0.01311	0.00740	0.07546	0.03696	0.01343	0.01744	0.02993	0.05661	0.09266	0.01416	0.00750	0.00244	0.00540	0.57733	0.00499	0.00551
43	0.00804	0.00603	0.00904	0.00904	0.01005	0.00703	0.00703	0.01005	0.00904	0.01306	0.01507	0.02211	0.01407	0.04221	0.77992	0.00904	0.01507	0.00603	0.00301	0.00502
44	0.01354	0.01735	0.19839	0.01879	0.15029	0.09311	0.16971	0.05021	0.01334	0.05143	0.01429	0.12713	0.01297	0.03574	0.00676	0.00195	0.00739	0.00673	0.00340	0.00748
45	0.01192	0.12971	0.02023	0.01445	0.01640	0.01508	0.15257	0.01397	0.01020	0.01440	0.01137	0.09139	0.01124	0.01227	0.09251	0.00284	0.36408	0.00618	0.00286	0.00632
46	0.01263	0.14919	0.39204	0.01406	0.02013	0.01469	0.05801	0.02065	0.20861	0.01853	0.01363	0.03082	0.01052	0.00609	0.00528	0.00174	0.00688	0.00495	0.00335	0.00817
47	0.01283	0.01321	0.01711	0.08154	0.01704	0.07465	0.01249	0.01429	0.00940	0.01363	0.00771	0.01238	0.00739	0.00918	0.01634	0.00233	0.66493	0.00483	0.00250	0.00619

[dist]
# distance from previous block
# <min> <max>
0	1

[block]
# block no. 2 follows, 42 sequences, length 35
# corresponding to MSA columns:
# 116-150
name=unknown_C
#
# <colnr> <probs for GDERKNQSTAVLIFYWHMCP>
#	G	D	E	R	K	N	Q	S	T	A	V	L	I	F	Y	W	H	M	C	P
0	0.01682	0.01875	0.01812	0.01515	0.01813	0.35500	0.14520	0.11112	0.01536	0.01743	0.01274	0.10496	0.01185	0.00775	0.00714	0.00179	0.09050	0.02188	0.00351	0.00681
1	0.01451	0.01475	0.02138	0.10613	0.60014	0.11076	0.01630	0.01765	0.01306	0.01740	0.01029	0.01355	0.00856	0.00517	0.00551	0.00166	0.00721	0.00484	0.00277	0.00835
2	0.01311	0.05949	0.18080	0.05566	0.03415	0.04931	0.03226	0.05046	0.23220	0.04057	0.11728	0.01979	0.03160	0.00705	0.00556	0.00172	0.00581	0.00585	0.00430	0.05300
3	0.00839	0.00613	0.00821	0.00932	0.01056	0.00595	0.00781	0.01058	0.01262	0.01624	0.03392	0.17000	0.13922	0.01566	0.00752	0.00245	0.00456	0.52063	0.00519	0.00503
4	0.01951	0.01447	0.01540	0.01210	0.01627	0.03692	0.00986	0.52194	0.11268	0.07395	0.04938	0.01585	0.01261	0.00691	0.00559	0.00166	0.00573	0.00535	0.00553	0.05827
5	0.01242	0.01063	0.01128	0.01040	0.01316	0.01198	0.00799	0.02516	0.59562	0.02166	0.02797	0.09469	0.11408	0.00937	0.00597	0.00194	0.00414	0.00793	0.00562	0.00799
6	0.01366	0.08949	0.04832	0.01317	0.11037	0.10981	0.00962	0.02836	0.05639	0.01774	0.01094	0.02776	0.00922	0.00511	0.00464	0.00120	0.00565	0.00405	0.00329	0.43121
7	0.02395	0.11084	0.01515	0.00996	0.01438	0.01005	0.00844	0.02608	0.01551	0.67462	0.02037	0.01787	0.01308	0.00669	0.00540	0.00167	0.00495	0.00532	0.00639	0.00928
8	0.00937	0.00619	0.00775	0.00734	0.00892	0.00579	0.00550	0.01230	0.04952	0.07413	0.48713	0.12209	0.11387	0.01167	0.00644	0.00182	0.00297	0.01021	0.05136	0.00564
9	0.02349	0.01043	0.01334	0.01045	0.01466	0.00978	0.00856	0.08937	0.11124	0.61304	0.02155	0.01891	0.01397	0.00703	0.00567	0.00176	0.00487	0.00570	0.00669	0.00949
10	0.01336	0.01495	0.03189	0.02510	0.12326	0.01412	0.65389	0.01793	0.01322	0.01807	0.01128	0.01502	0.00859	0.00478	0.00651	0.00187	0.00913	0.00643	0.00284	0.00776
11	0.00867	0.00619	0.00861	0.00990	0.01102	0.00613	0.00837	0.01097	0.01256	0.01639	0.03002	0.19698	0.03327	0.01592	0.00767	0.00254	0.00483	0.59971	0.00519	0.00507
12	0.00696	0.00497	0.00664	0.00787	0.00826	0.00465	0.00533	0.00805	0.01104	0.01475	0.05989	0.74939	0.03772	0.01733	0.00718	0.00227	0.00329	0.03453	0.00526	0.00462
13	0.02139	0.01576	0.01689	0.01295	0.01745	0.01745	0.01070	0.74835	0.02646	0.03547	0.01351	0.01351	0.00957	0.00676	0.00563	0.00169	0.00619	0.00507	0.00563	0.00957
14	0.01229	0.01029	0.01089	0.00991	0.01274	0.01137	0.00767	0.02400	0.53787	0.03790	0.06007	0.02953	0.19302	0.00932	0.00598	0.00190	0.00402	0.00778	0.00566	0.00781
15	0.00938	0.00656	0.00865	0.00940	0.01071	0.00646	0.00764	0.05168	0.01332	0.03677	0.06589	0.26271	0.07076	0.01516	0.00732	0.00236	0.00445	0.40014	0.00532	0.00535
16	0.00785	0.00561	0.00767	0.00897	0.00973	0.00543	0.00695	0.00955	0.01175	0.01548	0.03047	0.46875	0.03505	0.01670	0.00745	0.00242	0.00413	0.33601	0.00521	0.00485
17	0.00804	0.00603	0.00904	0.00904	0.01005	0.00703	0.00703	0.01005	0.00904	0.01306	0.01507	0.02211	0.01407	0.04221	0.77992	0.00904	0.01507	0.00603	0.00301	0.00502
18	0.08772	0.01258	0.01208	0.01090	0.01311	0.16210	0.00858	0.14813	0.01362	0.01840	0.01259	0.01665	0.01093	0.02401	0.38722	0.00530	0.04123	0.00507	0.00349	0.00629
19	0.01317	0.01263	0.02132	0.18634	0.57767	0.01341	0.01666	0.01648	0.01226	0.01730	0.01029	0.01406	0.00854	0.00541	0.00630	0.00176	0.05046	0.00501	0.00271	0.00822
20	0.01063	0.01000	0.01688	0.78870	0.03876	0.01250	0.01563	0.01438	0.01125	0.01438	0.01000	0.01500	0.00750	0.00563	0.00563	0.00188	0.00750	0.00500	0.00250	0.00625
21	0.00986	0.00677	0.00751	0.00700	0.00758	0.00698	0.00434	0.10234	0.01051	0.01404	0.01719	0.03386	0.01907	0.70103	0.02572	0.00498	0.00555	0.00779	0.00369	0.00419
22	0.00803	0.00553	0.00622	0.00628	0.00658	0.00541	0.00378	0.00833	0.00899	0.01173	0.02328	0.04026	0.11570	0.66574	0.02488	0.00487	0.00511	0.04187	0.00372	0.00366
23	0.01167	0.01000	0.01167	0.00834	0.01334	0.00750	0.00667	0.01417	0.01167	0.01834	0.01000	0.01167	0.00834	0.00417	0.00417	0.00083	0.00417	0.00333	0.00333	0.83663
24	0.00805	0.00600	0.00889	0.00889	0.00984	0.00695	0.00684	0.00995	0.00900	0.01295	0.01522	0.02290	0.01441	0.08302	0.73958	0.00885	0.01456	0.00615	0.00304	0.00494
25	0.00799	0.00595	0.00877	0.00883	0.00975	0.00683	0.00675	0.00984	0.00908	0.01300	0.01596	0.05869	0.01549	0.08328	0.70260	0.00853	0.01400	0.00661	0.00314	0.00491
26	0.00753	0.00574	0.00692	0.00663	0.00814	0.00513	0.00497	0.00978	0.01491	0.02014	0.53126	0.04603	0.28750	0.01241	0.00664	0.00181	0.00272	0.01074	0.00588	0.00513
27	0.03797	0.01496	0.01579	0.01249	0.01661	0.03142	0.01020	0.59248	0.11800	0.03227	0.01456	0.01470	0.01062	0.00845	0.04125	0.00205	0.00642	0.00520	0.00542	0.00914
28	0.02107	0.02541	0.01607	0.01430	0.01740	0.68267	0.01085	0.11481	0.01729	0.01653	0.00931	0.01058	0.00754	0.00592	0.00514	0.00148	0.00965	0.00381	0.00325	0.00691
29	0.00702	0.00569	0.00623	0.00615	0.00784	0.00490	0.00459	0.00878	0.01364	0.01724	0.25401	0.07183	0.54523	0.01358	0.00666	0.00187	0.00281	0.01152	0.00550	0.00490
30	0.00694	0.00496	0.00661	0.00778	0.00818	0.00463	0.00523	0.00805	0.01118	0.01501	0.08834	0.73940	0.03846	0.01715	0.00714	0.00225	0.00322	0.01554	0.00530	0.00463
31	0.07128	0.00935	0.01231	0.00960	0.01367	0.00830	0.00789	0.02557	0.01563	0.67065	0.06194	0.01987	0.01563	0.00710	0.00555	0.00173	0.00460	0.00575	0.02454	0.00905
32	0.84197	0.01088	0.00827	0.00740	0.01088	0.01262	0.00609	0.01654	0.00958	0.02525	0.00784	0.00914	0.00609	0.00522	0.00348	0.00174	0.00435	0.00305	0.00348	0.00609
33	0.00683	0.00511	0.00636	0.00731	0.00803	0.00463	0.00500	0.00796	0.01139	0.01477	0.05524	0.60176	0.21181	0.01667	0.00704	0.00218	0.00315	0.01487	0.00525	0.00463
34	0.01442	0.73416	0.02766	0.00958	0.01405	0.02091	0.00940	0.01624	0.01122	0.01322	0.00847	0.01020	0.00783	0.00816	0.07298	0.00190	0.00683	0.00328	0.00246	0.00703

[dist]
# distance from previous block
# <min> <max>
0	1

[block]
# block no. 3 follows, 42 sequences, length 16
# corresponding to MSA columns:
# 152-167
name=unknown_D
#
# <colnr> <probs for GDERKNQSTAVLIFYWHMCP>
#	G	D	E	R	K	N	Q	S	T	A	V	L	I	F	Y	W	H	M	C	P
0	0.01401	0.19146	0.45096	0.01460	0.02107	0.16260	0.03626	0.01852	0.01261	0.01609	0.00939	0.01104	0.00721	0.00531	0.00496	0.00160	0.00822	0.00388	0.00250	0.00772
1	0.84197	0.01088	0.00827	0.00740	0.01088	0.01262	0.00609	0.01654	0.00958	0.02525	0.00784	0.00914	0.00609	0.00522	0.00348	0.00174	0.00435	0.00305	0.00348	0.00609
2	0.01536	0.01617	0.02115	0.05525	0.58044	0.17941	0.01583	0.01830	0.01344	0.01725	0.01016	0.01314	0.00851	0.00520	0.00547	0.00163	0.00746	0.00471	0.00280	0.00831
3	0.84197	0.01088	0.00827	0.00740	0.01088	0.01262	0.00609	0.01654	0.00958	0.02525	0.00784	0.00914	0.00609	0.00522	0.00348	0.00174	0.00435	0.00305	0.00348	0.00609
4	0.01071	0.00595	0.00714	0.00664	0.00830	0.00562	0.00507	0.01321	0.01386	0.09907	0.32017	0.03113	0.07163	0.01030	0.03334	0.00185	0.00332	0.00767	0.33933	0.00569
5	0.00773	0.00574	0.00720	0.00683	0.00826	0.00521	0.00512	0.01016	0.01537	0.02125	0.63719	0.04421	0.18089	0.01200	0.00664	0.00179	0.00269	0.01048	0.00602	0.00521
6	0.00814	0.00596	0.00871	0.00869	0.00967	0.00683	0.00668	0.01009	0.00933	0.01357	0.04008	0.02345	0.01569	0.07731	0.68817	0.00834	0.01372	0.00624	0.03435	0.00496
7	0.01959	0.01459	0.01614	0.06176	0.01802	0.01635	0.01064	0.61631	0.04279	0.03224	0.01359	0.01418	0.00983	0.00680	0.00598	0.00171	0.03343	0.00510	0.05195	0.00898
8	0.00804	0.00603	0.00904	0.00904	0.01005	0.00703	0.00703	0.01005	0.00904	0.01306	0.01507	0.02211	0.01407	0.04221	0.77992	0.00904	0.01507	0.00603	0.00301	0.00502
9	0.01437	0.66565	0.16351	0.01078	0.01623	0.02061	0.01164	0.01703	0.01152	0.01407	0.00823	0.00954	0.00721	0.00491	0.00392	0.00131	0.00643	0.00322	0.00240	0.00742
10	0.01179	0.01042	0.01267	0.00950	0.01360	0.00926	0.00769	0.01406	0.01112	0.01747	0.00953	0.01179	0.00816	0.00519	0.00675	0.00113	0.14615	0.00362	0.00318	0.68694
11	0.00814	0.00709	0.00904	0.01109	0.14461	0.00638	0.00676	0.01008	0.01325	0.01678	0.14511	0.04525	0.53150	0.01221	0.00645	0.00184	0.00352	0.01041	0.00492	0.00558
12	0.69142	0.00995	0.00781	0.00709	0.01029	0.01121	0.00577	0.01502	0.01016	0.02344	0.01670	0.01726	0.14285	0.00685	0.00405	0.00177	0.00408	0.00464	0.00380	0.00585
13	0.01198	0.01104	0.01508	0.01306	0.01329	0.01508	0.01080	0.01347	0.00919	0.01488	0.00936	0.01387	0.00866	0.00926	0.01585	0.00225	0.64966	0.00498	0.15224	0.00599
14	0.01016	0.00583	0.00660	0.00648	0.00765	0.00621	0.00498	0.01258	0.01145	0.01942	0.04498	0.02326	0.01617	0.02909	0.08164	0.00230	0.05249	0.03233	0.62115	0.00524
15	0.01188	0.02424	0.57391	0.15532	0.02669	0.01279	0.04694	0.01765	0.01201	0.05158	0.01068	0.01290	0.00756	0.00545	0.00546	0.00180	0.00805	0.00447	0.00263	0.00797

[dist]
# distance from previous block
# <min> <max>
0	1

[block]
# block no. 4 follows, 42 sequences, length 25
# corresponding to MSA columns:
# 169-193
name=unknown_E
#
# <colnr> <probs for GDERKNQSTAVLIFYWHMCP>
#	G	D	E	R	K	N	Q	S	T	A	V	L	I	F	Y	W	H	M	C	P
0	0.01197	0.01156	0.04407	0.41391	0.26782	0.01234	0.01516	0.04548	0.01240	0.01674	0.03228	0.01669	0.01013	0.02447	0.00661	0.02304	0.00692	0.01838	0.00289	0.00711
1	0.02672	0.01371	0.01492	0.01537	0.14116	0.11682	0.01036	0.17183	0.13714	0.06576	0.04243	0.09908	0.01519	0.02890	0.00706	0.00188	0.05188	0.00645	0.00452	0.02882
2	0.01578	0.05324	0.01477	0.03135	0.09715	0.06267	0.03623	0.02202	0.22576	0.19202	0.02317	0.02546	0.09419	0.00819	0.00585	0.00184	0.00539	0.07196	0.00505	0.00793
3	0.00807	0.00592	0.00849	0.00849	0.00930	0.00673	0.00634	0.00969	0.00888	0.01265	0.01558	0.02492	0.01529	0.18763	0.63617	0.00836	0.01323	0.00644	0.00309	0.00472
4	0.01194	0.14469	0.01891	0.45846	0.12758	0.04083	0.01372	0.01501	0.01157	0.01470	0.02591	0.01526	0.00927	0.03444	0.03411	0.00210	0.00734	0.00487	0.00266	0.00661
5	0.02342	0.00917	0.01247	0.00970	0.01374	0.00796	0.00796	0.02565	0.01609	0.69193	0.10060	0.02157	0.01807	0.00745	0.00576	0.00174	0.00456	0.00614	0.00688	0.00913
6	0.51694	0.01091	0.01071	0.00951	0.03909	0.01176	0.00743	0.05849	0.03824	0.22993	0.01269	0.01270	0.00891	0.00586	0.00434	0.00174	0.00466	0.00405	0.00460	0.00743
7	0.84197	0.01088	0.00827	0.00740	0.01088	0.01262	0.00609	0.01654	0.00958	0.02525	0.00784	0.00914	0.00609	0.00522	0.00348	0.00174	0.00435	0.00305	0.00348	0.00609
8	0.01982	0.01536	0.01580	0.01262	0.01674	0.05651	0.01024	0.52992	0.18957	0.05107	0.01560	0.01516	0.01127	0.00691	0.00562	0.00173	0.00597	0.00530	0.00554	0.00926
9	0.16190	0.01131	0.01319	0.01029	0.01454	0.01125	0.00850	0.20222	0.01754	0.46516	0.01765	0.01609	0.01154	0.00662	0.00529	0.00173	0.00506	0.00507	0.00605	0.00899
10	0.53603	0.00969	0.00832	0.00741	0.01017	0.01087	0.00579	0.06661	0.01093	0.04117	0.01136	0.01561	0.00983	0.13979	0.00797	0.00232	0.00450	0.00435	0.09141	0.00588
11	0.02051	0.09711	0.14274	0.01094	0.01600	0.01074	0.01045	0.02395	0.04410	0.48660	0.01790	0.01646	0.01185	0.00631	0.00530	0.00164	0.00546	0.00501	0.00543	0.06150
12	0.00802	0.00632	0.00890	0.00924	0.01021	0.00619	0.05329	0.01082	0.08978	0.01557	0.02890	0.66601	0.03326	0.01575	0.00699	0.00222	0.00379	0.01438	0.00512	0.00522
13	0.00721	0.00525	0.00687	0.00804	0.00869	0.00491	0.00577	0.00851	0.01136	0.01487	0.03356	0.59605	0.11329	0.01692	0.00723	0.00230	0.00354	0.13573	0.00522	0.00469
14	0.01217	0.01358	0.02857	0.02068	0.02574	0.01263	0.62160	0.01635	0.01321	0.01755	0.01907	0.02175	0.13596	0.00635	0.00664	0.00190	0.00837	0.00752	0.00325	0.00711
15	0.01218	0.01031	0.01194	0.00858	0.01355	0.00803	0.00688	0.05277	0.01245	0.01924	0.01019	0.01177	0.00840	0.00430	0.00424	0.00088	0.00427	0.00343	0.00345	0.79314
16	0.01035	0.00599	0.00796	0.00825	0.00951	0.00551	0.00605	0.01186	0.01244	0.14289	0.10891	0.45486	0.05883	0.04324	0.00769	0.00227	0.00372	0.08857	0.00555	0.00552
17	0.00723	0.00516	0.00696	0.00826	0.00875	0.00489	0.00587	0.00848	0.01114	0.01478	0.03081	0.67471	0.03641	0.01728	0.00728	0.00234	0.00359	0.13616	0.00522	0.00467
18	0.01505	0.80561	0.02949	0.00963	0.01444	0.02227	0.00963	0.01685	0.01143	0.01324	0.00782	0.00903	0.00722	0.00481	0.00361	0.00120	0.00602	0.00301	0.00241	0.00722
19	0.01883	0.02332	0.01478	0.01358	0.01616	0.64947	0.01023	0.02038	0.01478	0.01365	0.00977	0.01216	0.00840	0.01193	0.13562	0.00273	0.01098	0.00403	0.00292	0.00627
20	0.01199	0.01275	0.02629	0.10122	0.02598	0.01234	0.52670	0.01574	0.01215	0.01636	0.01277	0.03730	0.01111	0.13950	0.01025	0.00250	0.00845	0.00695	0.00296	0.00667
21	0.00684	0.00562	0.00602	0.00611	0.00776	0.00480	0.00451	0.00836	0.01298	0.01601	0.14089	0.13495	0.59709	0.01429	0.00671	0.00193	0.00287	0.01212	0.00534	0.00480
22	0.70247	0.01130	0.01073	0.01197	0.13829	0.01275	0.00798	0.01667	0.01012	0.02409	0.00830	0.00995	0.00657	0.00519	0.00383	0.00173	0.00475	0.00338	0.00337	0.00657
23	0.02573	0.00992	0.01058	0.01086	0.03853	0.13691	0.03698	0.01195	0.01126	0.01425	0.02040	0.31859	0.02253	0.10167	0.15141	0.00369	0.02415	0.04141	0.00396	0.00523
24	0.01296	0.01208	0.04520	0.02431	0.43054	0.01165	0.05026	0.01727	0.09112	0.05258	0.01625	0.16349	0.01527	0.00787	0.00621	0.00185	0.02209	0.00732	0.00373	0.00798

[dist]
# distance from previous block
# <min> <max>
0	8

[block]
# block no. 5 follows, 42 sequences, length 51
# corresponding to MSA columns:
# 202-252
name=unknown_F
#
# <colnr> <probs for GDERKNQSTAVLIFYWHMCP>
#	G	D	E	R	K	N	Q	S	T	A	V	L	I	F	Y	W	H	M	C	P
0	0.01337	0.08507	0.12073	0.03038	0.18350	0.04263	0.03619	0.03383	0.07519	0.03569	0.01276	0.02809	0.02639	0.00569	0.00535	0.00148	0.02308	0.00474	0.00335	0.23250
1	0.01267	0.03064	0.25396	0.01316	0.06561	0.01048	0.03339	0.03097	0.09739	0.09038	0.07967	0.02018	0.07364	0.00820	0.00712	0.07993	0.00580	0.00579	0.00393	0.07709
2	0.01269	0.01304	0.09619	0.01271	0.09325	0.02472	0.02948	0.03653	0.04402	0.03637	0.01140	0.02701	0.00932	0.00496	0.00472	0.00118	0.00521	0.00415	0.00344	0.52962
3	0.00720	0.00544	0.00681	0.00732	0.00835	0.00498	0.00518	0.00866	0.01195	0.01585	0.14846	0.43152	0.20661	0.01724	0.06122	0.00255	0.00393	0.01308	0.00517	0.02846
4	0.01570	0.01303	0.01492	0.01258	0.03109	0.01431	0.04055	0.22305	0.41452	0.02567	0.01788	0.01737	0.01340	0.00690	0.00585	0.00174	0.02275	0.00564	0.00519	0.09787
5	0.00953	0.01057	0.10088	0.08771	0.12219	0.00863	0.07643	0.01239	0.01228	0.01662	0.08585	0.25118	0.10929	0.01109	0.00648	0.00200	0.00533	0.06122	0.00416	0.00617
6	0.01246	0.20033	0.59026	0.01448	0.02192	0.01499	0.01802	0.01784	0.01188	0.03503	0.00989	0.01143	0.00731	0.00527	0.00497	0.00165	0.00772	0.00394	0.00249	0.00811
7	0.01190	0.01128	0.01881	0.33965	0.39919	0.01221	0.01539	0.01524	0.01218	0.01645	0.01467	0.01811	0.07866	0.00612	0.00569	0.00178	0.00666	0.00565	0.00290	0.00744
8	0.02525	0.00958	0.01306	0.01001	0.01437	0.00827	0.00827	0.02743	0.01611	0.77102	0.02220	0.01915	0.01393	0.00697	0.00566	0.00174	0.00479	0.00566	0.00697	0.00958
9	0.00940	0.00601	0.00786	0.00827	0.02749	0.00547	0.00583	0.01113	0.01318	0.10133	0.23344	0.35955	0.14559	0.01391	0.00676	0.00202	0.00333	0.02832	0.00562	0.00548
10	0.04092	0.01562	0.17441	0.01260	0.03890	0.04070	0.01160	0.17603	0.01703	0.35161	0.03789	0.03059	0.01251	0.00676	0.00556	0.00174	0.00599	0.00537	0.00529	0.00887
11	0.00691	0.00556	0.00617	0.00633	0.00784	0.00481	0.00463	0.00847	0.01298	0.01631	0.17330	0.18984	0.50829	0.01441	0.00675	0.00195	0.00289	0.01235	0.00539	0.00481
12	0.00964	0.00650	0.00780	0.00768	0.00937	0.00608	0.00571	0.01264	0.08246	0.09509	0.18998	0.25528	0.24690	0.01330	0.00664	0.00198	0.00333	0.02826	0.00565	0.00571
13	0.01462	0.01328	0.02073	0.10008	0.54251	0.01388	0.01561	0.11486	0.07133	0.02067	0.01186	0.01451	0.00950	0.00550	0.00560	0.00171	0.00653	0.00512	0.00336	0.00875
14	0.01484	0.70986	0.04999	0.01213	0.08475	0.02118	0.01066	0.01692	0.01158	0.01385	0.00815	0.00956	0.00738	0.00485	0.00384	0.00126	0.00615	0.00323	0.00244	0.00741
15	0.01253	0.00765	0.00956	0.00845	0.01072	0.00745	0.00655	0.01744	0.14759	0.17383	0.48271	0.03368	0.03881	0.00990	0.00628	0.00179	0.00341	0.00859	0.00627	0.00681
16	0.00827	0.00555	0.00641	0.00653	0.00665	0.00555	0.00394	0.00851	0.00863	0.01146	0.01885	0.03931	0.02157	0.72904	0.02670	0.00519	0.00543	0.07527	0.00357	0.00357
17	0.00735	0.00619	0.00647	0.00651	0.00844	0.00551	0.00502	0.00982	0.06088	0.01589	0.05226	0.05289	0.64791	0.01395	0.00670	0.00197	0.00317	0.07876	0.00525	0.00506
18	0.02036	0.01449	0.01580	0.01224	0.01644	0.01581	0.01006	0.63943	0.02490	0.07538	0.08383	0.01648	0.01386	0.00721	0.00573	0.00170	0.00579	0.00558	0.00576	0.00917
19	0.02363	0.00922	0.01254	0.00974	0.01381	0.00799	0.00799	0.02585	0.01609	0.70086	0.09175	0.02130	0.01760	0.00739	0.00575	0.00174	0.00459	0.00608	0.00689	0.00918
20	0.02340	0.08384	0.01456	0.01009	0.01439	0.01003	0.00845	0.02664	0.07504	0.64061	0.02092	0.01836	0.01357	0.00682	0.00547	0.00170	0.00488	0.00547	0.00644	0.00930
21	0.01219	0.02890	0.70263	0.01590	0.02371	0.08439	0.01987	0.01825	0.01226	0.01745	0.00997	0.01172	0.00714	0.00539	0.00532	0.00175	0.00849	0.00411	0.00242	0.00815
22	0.01118	0.01080	0.01896	0.64683	0.10564	0.01275	0.08431	0.01499	0.01159	0.01509	0.01019	0.01492	0.00773	0.00549	0.00572	0.00186	0.00761	0.00516	0.00256	0.00662
23	0.01482	0.75800	0.07508	0.01002	0.01505	0.02170	0.01031	0.01691	0.01146	0.01352	0.00796	0.00920	0.00722	0.00485	0.00372	0.00124	0.00616	0.00308	0.00241	0.00729
24	0.00750	0.00631	0.00658	0.00641	0.00836	0.00569	0.00484	0.01043	0.08296	0.01688	0.14013	0.04957	0.60787	0.01330	0.00656	0.00189	0.00298	0.01115	0.00539	0.00521
25	0.00881	0.00650	0.00925	0.00914	0.01008	0.00747	0.00697	0.01087	0.02838	0.03496	0.01713	0.11724	0.01700	0.08806	0.54457	0.00717	0.06046	0.00733	0.00346	0.00516
26	0.01343	0.01149	0.01224	0.01104	0.01405	0.01318	0.00857	0.02810	0.68749	0.02345	0.09239	0.02297	0.02055	0.00800	0.00581	0.00190	0.00429	0.00672	0.00577	0.00857
27	0.84197	0.01088	0.00827	0.00740	0.01088	0.01262	0.00609	0.01654	0.00958	0.02525	0.00784	0.00914	0.00609	0.00522	0.00348	0.00174	0.00435	0.00305	0.00348	0.00609
28	0.01505	0.80561	0.02949	0.00963	0.01444	0.02227	0.00963	0.01685	0.01143	0.01324	0.00782	0.00903	0.00722	0.00481	0.00361	0.00120	0.00602	0.00301	0.00241	0.00722
29	0.20203	0.01371	0.01408	0.01151	0.02635	0.02903	0.00926	0.40999	0.08952	0.10544	0.01396	0.01389	0.00998	0.00647	0.00513	0.00172	0.00550	0.00478	0.01906	0.00860
30	0.00881	0.00608	0.00698	0.00655	0.00850	0.00526	0.00499	0.01071	0.01415	0.08794	0.28598	0.04692	0.46126	0.01267	0.00655	0.00184	0.00297	0.01074	0.00571	0.00538
31	0.01119	0.00846	0.00979	0.00936	0.03268	0.03217	0.02484	0.09374	0.07170	0.05307	0.04968	0.14703	0.18950	0.10816	0.06975	0.00285	0.00526	0.00900	0.06582	0.00597
32	0.00694	0.00576	0.00613	0.00634	0.00810	0.00494	0.00488	0.00848	0.01275	0.01536	0.05270	0.08797	0.64763	0.01455	0.00681	0.00200	0.00314	0.09552	0.00522	0.00479
33	0.01671	0.01836	0.01543	0.01674	0.15785	0.39528	0.01100	0.05791	0.01470	0.03341	0.03336	0.06609	0.01239	0.01122	0.09835	0.00251	0.00899	0.01944	0.00342	0.00685
34	0.00751	0.00629	0.00661	0.00646	0.00838	0.00568	0.00486	0.01044	0.08293	0.01690	0.14319	0.06654	0.58754	0.01336	0.00657	0.00189	0.00299	0.01124	0.00540	0.00521
35	0.00675	0.00572	0.00583	0.00586	0.00773	0.00481	0.00443	0.00823	0.01290	0.01541	0.07161	0.05416	0.72891	0.01423	0.00668	0.00192	0.00291	0.03188	0.00525	0.00478
36	0.01424	0.03828	0.01367	0.01206	0.03492	0.01435	0.00921	0.04954	0.69175	0.02340	0.02181	0.02020	0.01641	0.00745	0.00565	0.00187	0.00461	0.00618	0.00554	0.00887
37	0.01375	0.01320	0.06124	0.04822	0.57526	0.01221	0.02827	0.01704	0.01295	0.06708	0.01567	0.01798	0.07996	0.00604	0.00569	0.00171	0.00636	0.00568	0.00326	0.00844
38	0.01629	0.61391	0.02608	0.01070	0.01508	0.16923	0.00987	0.03149	0.03706	0.01408	0.00859	0.00972	0.00760	0.00513	0.00400	0.00128	0.00677	0.00328	0.00267	0.00718
39	0.84197	0.01088	0.00827	0.00740	0.01088	0.01262	0.00609	0.01654	0.00958	0.02525	0.00784	0.00914	0.00609	0.00522	0.00348	0.00174	0.00435	0.00305	0.00348	0.00609
40	0.00742	0.00587	0.00653	0.00643	0.00798	0.00526	0.00472	0.00948	0.03480	0.01708	0.24667	0.06917	0.44378	0.08728	0.00872	0.00222	0.00314	0.02321	0.00534	0.00490
41	0.01419	0.01646	0.19188	0.06709	0.29318	0.01274	0.15113	0.01893	0.04484	0.10214	0.02494	0.01511	0.01001	0.00551	0.00576	0.00177	0.00724	0.00534	0.00334	0.00840
42	0.01427	0.07264	0.41951	0.01386	0.02008	0.02675	0.03354	0.06316	0.11521	0.11094	0.04596	0.01527	0.01150	0.00616	0.00542	0.00175	0.00690	0.00493	0.00377	0.00837
43	0.01352	0.15349	0.36742	0.08825	0.10835	0.01506	0.01625	0.12221	0.01397	0.01929	0.01119	0.01300	0.02276	0.00562	0.00517	0.00167	0.00725	0.00443	0.00296	0.00812
44	0.01444	0.01363	0.05251	0.04513	0.27497	0.03372	0.03397	0.16747	0.14992	0.02225	0.03675	0.02017	0.09591	0.00708	0.00577	0.00176	0.00593	0.00613	0.00423	0.00828
45	0.00810	0.00568	0.00690	0.00710	0.00748	0.00568	0.00468	0.00886	0.01005	0.01351	0.10673	0.15613	0.04930	0.47600	0.02002	0.00411	0.02469	0.07671	0.00420	0.00408
46	0.01364	0.05057	0.20651	0.01567	0.08942	0.01184	0.12525	0.03496	0.04509	0.08630	0.02242	0.01488	0.01003	0.00555	0.00557	0.00155	0.02236	0.01845	0.00347	0.21646
47	0.00686	0.00490	0.00653	0.00784	0.00816	0.00457	0.00522	0.00784	0.01077	0.01437	0.03102	0.79855	0.03722	0.01763	0.00718	0.00229	0.00326	0.01600	0.00522	0.00457
48	0.01063	0.01000	0.01688	0.78870	0.03876	0.01250	0.01563	0.01438	0.01125	0.01438	0.01000	0.01500	0.00750	0.00563	0.00563	0.00188	0.00750	0.00500	0.00250	0.00625
49	0.01313	0.01438	0.09263	0.15213	0.55241	0.01324	0.04644	0.01689	0.01250	0.01768	0.01048	0.01396	0.00851	0.00513	0.00560	0.00172	0.00708	0.00500	0.00270	0.00838
50	0.01440	0.73061	0.02730	0.00930	0.01367	0.02069	0.00905	0.01604	0.01113	0.01302	0.00875	0.01163	0.00846	0.07956	0.00596	0.00160	0.00597	0.00349	0.00250	0.00686

[dist]
# distance from previous block
# <min> <max>
0	16

# created by:
# /home/cegg/simao/soft/augustus-3.2.1/scripts/msa2prfl.pl ./align_prep/EOG090W0BQS.fa
