[name]
unknown

[dist]
# distance from previous block
# <min> <max>
0	41

[block]
# block no. 0 follows, 29 sequences, length 9
# corresponding to MSA columns:
# 50-58
name=unknown_A
#
# <colnr> <probs for GDERKNQSTAVLIFYWHMCP>
#	G	D	E	R	K	N	Q	S	T	A	V	L	I	F	Y	W	H	M	C	P
0	0.01257	0.00772	0.00956	0.00904	0.01108	0.00707	0.00683	0.01527	0.01784	0.09978	0.34615	0.07705	0.15497	0.06938	0.01012	0.00264	0.00417	0.04823	0.08358	0.00696
1	0.01678	0.07162	0.18734	0.02137	0.18403	0.05658	0.01642	0.04086	0.07010	0.06124	0.08779	0.02553	0.07581	0.00883	0.00694	0.00213	0.00763	0.00737	0.04190	0.00973
2	0.00982	0.00745	0.00928	0.00978	0.01135	0.00684	0.00712	0.01247	0.03873	0.02117	0.15953	0.38717	0.15094	0.01849	0.00861	0.00259	0.00424	0.06995	0.00669	0.05777
3	0.01777	0.42907	0.19699	0.01660	0.07243	0.04709	0.01605	0.04802	0.01580	0.01994	0.01468	0.01624	0.04827	0.00709	0.00567	0.00183	0.00835	0.00511	0.00346	0.00955
4	0.01951	0.11732	0.22436	0.01702	0.05205	0.01662	0.04644	0.11796	0.01842	0.11925	0.01520	0.01637	0.01115	0.00685	0.00636	0.00188	0.00803	0.00547	0.00470	0.17502
5	0.02213	0.05230	0.11999	0.03494	0.04372	0.12822	0.07097	0.12542	0.08920	0.15508	0.04318	0.02013	0.01515	0.00805	0.00694	0.00213	0.00852	0.00657	0.03707	0.01030
6	0.01025	0.00769	0.00945	0.00938	0.01096	0.00738	0.00680	0.01420	0.07444	0.02451	0.39187	0.20472	0.12402	0.05957	0.01010	0.00269	0.00396	0.01417	0.00718	0.00668
7	0.01546	0.12277	0.15410	0.09404	0.09878	0.06774	0.01529	0.06618	0.01677	0.02176	0.05164	0.10850	0.09194	0.01175	0.03077	0.00250	0.00823	0.00854	0.00448	0.00874
8	0.01962	0.12719	0.24738	0.04927	0.07761	0.12438	0.08284	0.05286	0.04392	0.08763	0.01459	0.01638	0.01087	0.00705	0.00668	0.00210	0.00969	0.00573	0.00411	0.01010

[dist]
# distance from previous block
# <min> <max>
0	5

[block]
# block no. 1 follows, 29 sequences, length 12
# corresponding to MSA columns:
# 64-75
name=unknown_B
#
# <colnr> <probs for GDERKNQSTAVLIFYWHMCP>
#	G	D	E	R	K	N	Q	S	T	A	V	L	I	F	Y	W	H	M	C	P
0	0.07518	0.06909	0.24132	0.07179	0.04861	0.02857	0.03671	0.01998	0.03141	0.05596	0.10104	0.07316	0.03987	0.01278	0.06167	0.00295	0.00870	0.00784	0.00456	0.00882
1	0.01134	0.00870	0.01059	0.01045	0.01213	0.00903	0.00779	0.06398	0.04883	0.02084	0.06881	0.19801	0.18326	0.10244	0.15639	0.00485	0.02843	0.04163	0.00583	0.00669
2	0.01865	0.01904	0.02554	0.06724	0.45984	0.12343	0.01911	0.02386	0.08023	0.02234	0.01419	0.01767	0.01173	0.00726	0.00810	0.00218	0.05907	0.00623	0.00385	0.01043
3	0.01647	0.01282	0.01529	0.01144	0.01696	0.01088	0.00920	0.06938	0.01652	0.07067	0.04652	0.01801	0.01408	0.00866	0.03857	0.00182	0.03674	0.00523	0.00485	0.57589
4	0.01460	0.01383	0.02344	0.54282	0.22987	0.01612	0.02035	0.01920	0.01478	0.01959	0.01286	0.01861	0.00998	0.00691	0.00710	0.00230	0.00921	0.00633	0.00326	0.00884
5	0.01854	0.01962	0.02641	0.06016	0.37769	0.14886	0.07006	0.02203	0.01599	0.02083	0.01258	0.01693	0.01070	0.00891	0.03189	0.00253	0.11679	0.00620	0.00349	0.00979
6	0.01558	0.01558	0.02181	0.01869	0.01869	0.02181	0.01558	0.01714	0.01091	0.01714	0.00935	0.01558	0.00935	0.01246	0.02337	0.00312	0.73672	0.00623	0.00312	0.00779
7	0.01623	0.01463	0.06263	0.06750	0.02060	0.01144	0.01102	0.06968	0.01632	0.05690	0.01397	0.01621	0.01108	0.00767	0.03153	0.00175	0.00668	0.00488	0.00448	0.55480
8	0.73910	0.01327	0.01039	0.00933	0.01353	0.01526	0.00763	0.02035	0.01274	0.03169	0.06328	0.01478	0.01230	0.00722	0.00471	0.00221	0.00534	0.00455	0.00467	0.00763
9	0.01066	0.00890	0.01129	0.13859	0.01787	0.00906	0.00900	0.01512	0.08250	0.02231	0.21186	0.11517	0.29138	0.01479	0.00813	0.00240	0.00485	0.01274	0.00636	0.00702
10	0.01221	0.01000	0.01054	0.01075	0.01259	0.07048	0.00818	0.01510	0.04033	0.04364	0.18150	0.19956	0.16231	0.05125	0.00988	0.00280	0.00537	0.14020	0.00659	0.00672
11	0.01767	0.01660	0.02414	0.13822	0.33190	0.04936	0.05038	0.07445	0.13858	0.02478	0.01753	0.05389	0.01453	0.00802	0.00724	0.00225	0.00823	0.00734	0.00457	0.01034

[dist]
# distance from previous block
# <min> <max>
0	1

[block]
# block no. 2 follows, 29 sequences, length 21
# corresponding to MSA columns:
# 77-97
name=unknown_C
#
# <colnr> <probs for GDERKNQSTAVLIFYWHMCP>
#	G	D	E	R	K	N	Q	S	T	A	V	L	I	F	Y	W	H	M	C	P
0	0.07812	0.01227	0.01376	0.07221	0.01784	0.03833	0.00947	0.06591	0.04919	0.05232	0.11000	0.08068	0.04252	0.01095	0.03075	0.00220	0.00613	0.00782	0.05376	0.24578
1	0.09244	0.01753	0.02319	0.20915	0.23509	0.10229	0.06200	0.05067	0.04877	0.02328	0.01351	0.01714	0.01068	0.00685	0.00673	0.00212	0.00885	0.00598	0.00392	0.05981
2	0.01537	0.01331	0.01484	0.03707	0.03765	0.09373	0.04057	0.02015	0.10191	0.06007	0.09581	0.08887	0.12748	0.03851	0.00999	0.00251	0.07405	0.03077	0.08944	0.00791
3	0.01314	0.00901	0.01069	0.00962	0.01235	0.00833	0.00732	0.03850	0.06667	0.09220	0.30257	0.08161	0.21778	0.03705	0.00886	0.00239	0.00427	0.01203	0.00714	0.05847
4	0.01834	0.05804	0.24256	0.04683	0.04823	0.03674	0.08389	0.08951	0.13794	0.08334	0.01832	0.04494	0.01403	0.00804	0.00702	0.00221	0.00856	0.00684	0.00493	0.03970
5	0.00972	0.00754	0.01020	0.01008	0.01165	0.00684	0.03724	0.01178	0.01559	0.02099	0.20059	0.36330	0.14841	0.06548	0.01038	0.00282	0.00446	0.01578	0.00651	0.04064
6	0.01537	0.01302	0.01509	0.01083	0.01713	0.01011	0.00869	0.05062	0.01569	0.02427	0.01287	0.01488	0.01062	0.00543	0.00536	0.00111	0.00540	0.00433	0.00436	0.75480
7	0.04548	0.12640	0.21491	0.01949	0.11942	0.01664	0.05131	0.08377	0.01763	0.06302	0.07127	0.02262	0.06655	0.00822	0.00673	0.00208	0.00790	0.00681	0.00458	0.04517
8	0.01748	0.10529	0.07446	0.06262	0.04410	0.07004	0.07410	0.08712	0.01615	0.04657	0.03360	0.01868	0.01274	0.01210	0.01258	0.22481	0.00806	0.00602	0.00405	0.06943
9	0.01056	0.00717	0.00860	0.00880	0.01031	0.00646	0.00619	0.01223	0.01545	0.06443	0.15076	0.28179	0.24963	0.11963	0.01241	0.00315	0.00436	0.01524	0.00663	0.00621
10	0.01330	0.01120	0.01581	0.05459	0.07968	0.02707	0.06433	0.01739	0.06368	0.05358	0.14367	0.14818	0.16393	0.01400	0.00915	0.00250	0.05092	0.05327	0.00596	0.00781
11	0.05836	0.15805	0.07862	0.02398	0.17289	0.18019	0.11381	0.04527	0.04147	0.02179	0.01270	0.01538	0.01034	0.00690	0.00701	0.00204	0.03221	0.00564	0.00373	0.00964
12	0.08846	0.01494	0.06160	0.01346	0.01904	0.01323	0.01165	0.09030	0.10569	0.46786	0.02482	0.02232	0.01633	0.00859	0.00693	0.00223	0.00641	0.00683	0.00775	0.01156
13	0.01033	0.00747	0.00907	0.00954	0.01144	0.00676	0.00745	0.01261	0.01644	0.04784	0.13142	0.18794	0.32324	0.01841	0.00883	0.00267	0.00448	0.17079	0.00683	0.00643
14	0.01523	0.06758	0.09429	0.07715	0.18838	0.04514	0.01523	0.02006	0.06394	0.03938	0.09669	0.08051	0.06584	0.01205	0.03854	0.00267	0.05511	0.00851	0.00472	0.00897
15	0.05441	0.04946	0.04526	0.14726	0.11707	0.06814	0.01378	0.11303	0.04387	0.04538	0.08232	0.05035	0.10101	0.00978	0.00708	0.00220	0.00731	0.00811	0.02522	0.00895
16	0.01322	0.00975	0.01080	0.03737	0.01350	0.03173	0.00771	0.04084	0.07433	0.07369	0.24927	0.04817	0.25708	0.04550	0.00906	0.00246	0.00468	0.01155	0.05184	0.00744
17	0.01163	0.00771	0.00942	0.00961	0.01131	0.00728	0.00701	0.01481	0.05783	0.07201	0.16509	0.30376	0.15398	0.04537	0.00941	0.00270	0.00429	0.04252	0.05742	0.00683
18	0.25431	0.06567	0.19303	0.02076	0.17246	0.01619	0.04018	0.02131	0.01453	0.05047	0.01535	0.01773	0.03984	0.00926	0.03890	0.00259	0.00834	0.00570	0.00398	0.00939
19	0.09018	0.60852	0.07832	0.01379	0.04776	0.02583	0.01310	0.02139	0.01436	0.01880	0.01024	0.01193	0.00909	0.00619	0.00480	0.00166	0.00765	0.00401	0.00319	0.00919
20	0.04448	0.01395	0.01974	0.05334	0.14264	0.03142	0.03666	0.02144	0.08948	0.07917	0.01737	0.02324	0.01481	0.01828	0.15090	0.00430	0.19007	0.03530	0.00450	0.00891

[dist]
# distance from previous block
# <min> <max>
0	3

[block]
# block no. 3 follows, 29 sequences, length 40
# corresponding to MSA columns:
# 101-140
name=unknown_D
#
# <colnr> <probs for GDERKNQSTAVLIFYWHMCP>
#	G	D	E	R	K	N	Q	S	T	A	V	L	I	F	Y	W	H	M	C	P
0	0.06154	0.10083	0.01922	0.03295	0.05673	0.04172	0.01092	0.12600	0.01772	0.02579	0.01317	0.01538	0.01077	0.00836	0.03840	0.00195	0.00718	0.00485	0.00446	0.40207
1	0.04917	0.00990	0.01406	0.08135	0.13332	0.00979	0.01085	0.01631	0.01658	0.07948	0.19306	0.19529	0.11124	0.01393	0.00797	0.00243	0.00542	0.03591	0.00614	0.00780
2	0.01790	0.01723	0.02966	0.05957	0.50922	0.01738	0.12325	0.05926	0.05086	0.02456	0.01451	0.01833	0.01172	0.00660	0.00728	0.00218	0.00887	0.00675	0.00391	0.01096
3	0.04728	0.11942	0.02463	0.04601	0.12378	0.01765	0.09236	0.11121	0.11842	0.16787	0.01969	0.02200	0.01492	0.00814	0.00695	0.00219	0.00763	0.03352	0.00571	0.01062
4	0.00879	0.00656	0.00820	0.00934	0.01033	0.00597	0.00650	0.01035	0.01471	0.01914	0.08575	0.52630	0.19925	0.02078	0.00892	0.00275	0.00405	0.03972	0.00668	0.00592
5	0.01334	0.01071	0.03230	0.04509	0.04126	0.01053	0.00969	0.09379	0.01718	0.04466	0.07200	0.13285	0.20565	0.04425	0.06893	0.00334	0.04708	0.03931	0.06055	0.00749
6	0.01860	0.06472	0.14518	0.06657	0.18820	0.01668	0.12068	0.06104	0.04812	0.10992	0.03607	0.02023	0.01394	0.03099	0.00846	0.00237	0.02658	0.00682	0.00458	0.01027
7	0.08932	0.30289	0.20784	0.01619	0.02323	0.04166	0.07242	0.08888	0.01700	0.06142	0.01280	0.01436	0.00989	0.00674	0.00591	0.00196	0.00864	0.00505	0.00395	0.00985
8	0.34407	0.01492	0.01520	0.04794	0.01854	0.01634	0.01043	0.22566	0.02039	0.15431	0.01621	0.01671	0.01149	0.00771	0.00589	0.00216	0.00639	0.00550	0.05035	0.00979
9	0.01690	0.08242	0.10574	0.04611	0.19475	0.03610	0.21478	0.07052	0.01739	0.02349	0.03978	0.02155	0.05075	0.00934	0.03689	0.00257	0.00978	0.00732	0.00404	0.00976
10	0.05974	0.01700	0.08837	0.07192	0.26122	0.03799	0.07262	0.04427	0.04601	0.04974	0.04264	0.06723	0.09209	0.00925	0.00730	0.00226	0.00783	0.00830	0.00465	0.00956
11	0.00904	0.00635	0.00816	0.00945	0.00978	0.00603	0.00611	0.01001	0.01293	0.01723	0.03562	0.59442	0.04252	0.17924	0.01495	0.00376	0.00473	0.01811	0.00611	0.00547
12	0.07455	0.07727	0.02113	0.04018	0.07693	0.18071	0.04593	0.13667	0.04603	0.11994	0.06423	0.01985	0.01593	0.01004	0.03771	0.00247	0.00898	0.00637	0.00537	0.00970
13	0.01950	0.01943	0.02192	0.31937	0.03372	0.22367	0.07694	0.02307	0.01664	0.08394	0.01399	0.01777	0.01061	0.00760	0.00792	0.00222	0.05326	0.00609	0.03383	0.00851
14	0.01295	0.01075	0.01552	0.01381	0.01514	0.01298	0.04719	0.04497	0.01270	0.01864	0.01689	0.02605	0.01601	0.12430	0.33256	0.00712	0.20300	0.00754	0.05497	0.00693
15	0.00885	0.00644	0.00824	0.00944	0.01017	0.00594	0.00639	0.01029	0.01437	0.01906	0.10345	0.57790	0.11854	0.05267	0.01013	0.00295	0.00412	0.01857	0.00662	0.00583
16	0.01656	0.01589	0.02279	0.14789	0.15872	0.09905	0.12801	0.02012	0.03535	0.04152	0.01552	0.02308	0.01365	0.12592	0.03700	0.04711	0.03250	0.00722	0.00387	0.00825
17	0.17648	0.01937	0.01984	0.01568	0.02085	0.09450	0.05662	0.38138	0.02536	0.07769	0.01568	0.01694	0.01156	0.02784	0.00739	0.00227	0.00807	0.00600	0.00602	0.01046
18	0.01363	0.01284	0.02168	0.70274	0.07753	0.01587	0.01987	0.01835	0.01432	0.01841	0.01269	0.01893	0.00957	0.00709	0.00712	0.00236	0.00945	0.00633	0.00318	0.00806
19	0.01525	0.01486	0.02207	0.08608	0.21927	0.04173	0.03796	0.01806	0.01407	0.01990	0.04944	0.11272	0.01773	0.01122	0.01356	0.00262	0.28250	0.00843	0.00396	0.00857
20	0.01478	0.01142	0.04173	0.01086	0.01526	0.00868	0.00874	0.01728	0.01508	0.09478	0.06057	0.18202	0.02286	0.01134	0.00804	0.05326	0.00527	0.00880	0.00533	0.40393
21	0.01447	0.01233	0.01455	0.01061	0.01660	0.00945	0.00847	0.01759	0.01455	0.02277	0.01307	0.01563	0.01102	0.00841	0.05191	0.00173	0.00617	0.00444	0.00419	0.74205
22	0.01365	0.01013	0.01227	0.01040	0.01427	0.00852	0.00807	0.01714	0.04546	0.07031	0.14082	0.15024	0.07723	0.01179	0.00712	0.00192	0.00479	0.04638	0.00597	0.34351
23	0.01466	0.03294	0.58337	0.01906	0.02813	0.04191	0.02331	0.02322	0.07161	0.02268	0.01579	0.06345	0.01256	0.00804	0.00694	0.00229	0.00979	0.00644	0.00362	0.01019
24	0.01781	0.06698	0.10381	0.11468	0.21970	0.05612	0.07754	0.07298	0.04184	0.04872	0.01685	0.03683	0.03437	0.00759	0.00696	0.00212	0.00865	0.00674	0.00423	0.05547
25	0.13161	0.18947	0.14168	0.01657	0.06127	0.04407	0.03850	0.09870	0.03607	0.06554	0.01464	0.03925	0.01215	0.03604	0.00809	0.00229	0.04423	0.00592	0.00441	0.00951
26	0.01490	0.12134	0.48750	0.01811	0.02671	0.01737	0.04233	0.02303	0.07917	0.02265	0.04461	0.01928	0.03729	0.00765	0.00671	0.00219	0.00921	0.00611	0.00376	0.01007
27	0.01103	0.00771	0.00975	0.01036	0.03204	0.00710	0.00742	0.01321	0.01611	0.06556	0.16312	0.20957	0.25304	0.05125	0.04930	0.00324	0.00525	0.07168	0.00662	0.00664
28	0.01696	0.04398	0.08003	0.17963	0.18131	0.14851	0.04972	0.02084	0.01615	0.02031	0.01691	0.04931	0.04993	0.00791	0.00688	0.00206	0.00906	0.00677	0.00379	0.08993
29	0.01976	0.04725	0.16697	0.08428	0.07528	0.19156	0.04384	0.04747	0.04197	0.09890	0.01723	0.07813	0.01435	0.01004	0.02971	0.00247	0.00978	0.00704	0.00453	0.00942
30	0.01657	0.01599	0.02751	0.14203	0.54606	0.01634	0.05356	0.02086	0.01596	0.02233	0.01589	0.02011	0.04099	0.00695	0.00719	0.00218	0.00858	0.00682	0.00361	0.01048
31	0.09009	0.01153	0.04389	0.06443	0.07545	0.01115	0.01118	0.01890	0.07436	0.07926	0.09257	0.08984	0.07714	0.04974	0.10291	0.00384	0.00782	0.08225	0.00562	0.00800
32	0.02025	0.02160	0.15106	0.09331	0.14598	0.10208	0.09690	0.09232	0.01864	0.12524	0.01688	0.05401	0.01318	0.00797	0.00721	0.00222	0.00927	0.00699	0.00473	0.01017
33	0.01693	0.10809	0.24623	0.01953	0.09679	0.05545	0.05565	0.08343	0.01759	0.04790	0.05714	0.06425	0.06257	0.00914	0.00745	0.00220	0.02807	0.00752	0.00446	0.00960
34	0.00989	0.00913	0.04794	0.05591	0.01355	0.00753	0.00792	0.01246	0.01608	0.02106	0.18326	0.10495	0.33541	0.08004	0.01062	0.00278	0.00472	0.03171	0.03863	0.00641
35	0.01627	0.01630	0.10795	0.09910	0.10419	0.01448	0.12074	0.02036	0.01547	0.10715	0.02314	0.02828	0.09185	0.01273	0.05699	0.00306	0.10381	0.04452	0.00459	0.00901
36	0.04588	0.06237	0.14168	0.07232	0.11878	0.07588	0.12946	0.07037	0.01719	0.04296	0.01854	0.02341	0.05705	0.00856	0.00809	0.00229	0.04874	0.04281	0.00421	0.00942
37	0.01817	0.02348	0.21818	0.11383	0.17585	0.08618	0.06135	0.07849	0.05553	0.05530	0.01653	0.01894	0.03132	0.00746	0.00706	0.00221	0.00937	0.00639	0.00419	0.01019
38	0.04642	0.00825	0.01011	0.05642	0.01363	0.00817	0.00781	0.01425	0.05431	0.02367	0.29441	0.15378	0.18023	0.04272	0.00930	0.00263	0.00449	0.05599	0.00670	0.00671
39	0.05839	0.05865	0.08284	0.04557	0.03910	0.12216	0.01211	0.07364	0.06128	0.02316	0.07284	0.24074	0.02723	0.01295	0.00750	0.00238	0.00718	0.03872	0.00542	0.00816

[dist]
# distance from previous block
# <min> <max>
0	29

[block]
# block no. 4 follows, 29 sequences, length 7
# corresponding to MSA columns:
# 170-176
name=unknown_E
#
# <colnr> <probs for GDERKNQSTAVLIFYWHMCP>
#	G	D	E	R	K	N	Q	S	T	A	V	L	I	F	Y	W	H	M	C	P
0	0.14166	0.05815	0.01867	0.01708	0.10125	0.11598	0.05116	0.04111	0.08527	0.07202	0.02067	0.06395	0.05667	0.05519	0.00840	0.00239	0.00742	0.00733	0.00499	0.07063
1	0.01638	0.01825	0.08137	0.07119	0.20063	0.10118	0.08727	0.04445	0.03511	0.02232	0.04394	0.09700	0.03932	0.01085	0.03584	0.00253	0.00890	0.00817	0.00437	0.07091
2	0.01511	0.00980	0.01169	0.01046	0.01329	0.00948	0.00805	0.09543	0.06229	0.12279	0.27741	0.12947	0.17743	0.01438	0.00809	0.00235	0.00455	0.01234	0.00746	0.00814
3	0.01703	0.06870	0.02141	0.06679	0.29656	0.06614	0.01483	0.02065	0.04075	0.07463	0.02190	0.05871	0.07348	0.07108	0.05415	0.00311	0.00842	0.00794	0.00452	0.00920
4	0.01765	0.01790	0.02249	0.22194	0.21578	0.14587	0.04289	0.06044	0.01708	0.02126	0.01665	0.02359	0.03628	0.03342	0.00882	0.00243	0.03657	0.04603	0.00397	0.00894
5	0.01241	0.00974	0.01444	0.24586	0.07129	0.01030	0.01214	0.01542	0.01546	0.06152	0.07615	0.20909	0.16111	0.01402	0.00805	0.00251	0.00624	0.04137	0.00549	0.00737
6	0.01125	0.00793	0.01176	0.01163	0.01325	0.00733	0.06008	0.01334	0.01533	0.06869	0.10437	0.48757	0.08327	0.01888	0.00883	0.00273	0.00492	0.05551	0.00665	0.00668

[dist]
# distance from previous block
# <min> <max>
0	1

[block]
# block no. 5 follows, 29 sequences, length 6
# corresponding to MSA columns:
# 178-183
name=unknown_F
#
# <colnr> <probs for GDERKNQSTAVLIFYWHMCP>
#	G	D	E	R	K	N	Q	S	T	A	V	L	I	F	Y	W	H	M	C	P
0	0.05489	0.07728	0.02527	0.08109	0.40128	0.06964	0.01765	0.06055	0.01751	0.05975	0.05633	0.01910	0.01450	0.00723	0.00678	0.00208	0.00818	0.00634	0.00426	0.01029
1	0.02064	0.08828	0.13878	0.02289	0.09871	0.10154	0.18784	0.12247	0.04606	0.08134	0.01533	0.01732	0.01141	0.00708	0.00709	0.00215	0.00975	0.00641	0.00455	0.01037
2	0.05554	0.01631	0.04407	0.23817	0.05205	0.09384	0.05920	0.07450	0.04171	0.05415	0.07582	0.08549	0.01885	0.00958	0.00817	0.00234	0.04883	0.00802	0.00475	0.00861
3	0.01133	0.00995	0.01167	0.01067	0.01304	0.04530	0.04859	0.01533	0.07538	0.02288	0.25690	0.11738	0.26652	0.05132	0.00964	0.00259	0.00492	0.01305	0.00660	0.00692
4	0.01091	0.00815	0.01145	0.01117	0.01217	0.00958	0.00851	0.01304	0.01149	0.01692	0.01903	0.02958	0.01831	0.15172	0.50225	0.00929	0.07990	0.00784	0.06249	0.00620
5	0.02322	0.10690	0.02054	0.06147	0.02132	0.25347	0.01245	0.07460	0.04365	0.14422	0.01567	0.01674	0.01185	0.00765	0.00705	0.00191	0.04172	0.00543	0.03225	0.09788

[dist]
# distance from previous block
# <min> <max>
0	4

[block]
# block no. 6 follows, 29 sequences, length 32
# corresponding to MSA columns:
# 188-219
name=unknown_G
#
# <colnr> <probs for GDERKNQSTAVLIFYWHMCP>
#	G	D	E	R	K	N	Q	S	T	A	V	L	I	F	Y	W	H	M	C	P
0	0.01784	0.07694	0.20006	0.02130	0.12983	0.11096	0.04154	0.09225	0.04697	0.02368	0.03762	0.05974	0.03904	0.00893	0.00817	0.00223	0.06186	0.00708	0.00431	0.00967
1	0.01049	0.00797	0.01148	0.01128	0.01235	0.00927	0.00861	0.01271	0.01170	0.01681	0.05189	0.03077	0.02070	0.13431	0.56428	0.00998	0.05702	0.00814	0.00403	0.00621
2	0.15379	0.36813	0.02588	0.01308	0.01815	0.13731	0.01147	0.02546	0.11882	0.04839	0.01371	0.01449	0.01115	0.00704	0.00535	0.00185	0.00775	0.00472	0.00425	0.00919
3	0.01927	0.07331	0.11676	0.08426	0.23924	0.01683	0.01742	0.07426	0.07221	0.11990	0.03509	0.01933	0.01388	0.00763	0.00743	0.00215	0.03395	0.00637	0.00482	0.03586
4	0.01328	0.01182	0.04728	0.01303	0.01506	0.04193	0.01065	0.01643	0.03790	0.05291	0.01890	0.06107	0.01763	0.07177	0.40530	0.00766	0.11173	0.00784	0.00424	0.03357
5	0.01717	0.02171	0.18248	0.09471	0.11811	0.06697	0.06144	0.06330	0.21548	0.02504	0.01897	0.05094	0.01505	0.00836	0.00719	0.00230	0.00854	0.00721	0.00481	0.01024
6	0.15895	0.01343	0.01449	0.01173	0.01614	0.01402	0.00956	0.22591	0.02160	0.21791	0.02036	0.02043	0.01437	0.00822	0.00613	0.00205	0.00582	0.00623	0.20270	0.00998
7	0.00940	0.00725	0.00988	0.01243	0.06954	0.00677	0.00775	0.01098	0.01421	0.01876	0.04158	0.58973	0.13440	0.02036	0.00882	0.00276	0.00443	0.01834	0.00635	0.00628
8	0.01320	0.01186	0.01935	0.01602	0.01924	0.01183	0.18427	0.04478	0.08885	0.02433	0.19111	0.20013	0.06619	0.01361	0.00900	0.00253	0.03366	0.03602	0.00607	0.00796
9	0.01054	0.00828	0.01316	0.01248	0.01409	0.00941	0.04646	0.01328	0.01174	0.01688	0.01881	0.02748	0.01741	0.05075	0.68160	0.01094	0.01868	0.00767	0.00380	0.00654
10	0.01404	0.00777	0.01053	0.01102	0.01271	0.00717	0.00822	0.01593	0.01551	0.16466	0.03664	0.48437	0.03988	0.01903	0.00880	0.00281	0.00493	0.12166	0.00707	0.00725
11	0.01069	0.00731	0.00898	0.00927	0.01071	0.00675	0.00674	0.01256	0.01552	0.05445	0.16357	0.21550	0.19697	0.15052	0.01372	0.00340	0.00477	0.09591	0.00652	0.00615
12	0.32665	0.01515	0.01459	0.01225	0.01682	0.06247	0.00998	0.12796	0.04156	0.20988	0.05199	0.02137	0.01595	0.00860	0.00622	0.00222	0.00645	0.03398	0.00629	0.00961
13	0.01345	0.01266	0.02136	0.73264	0.04904	0.01582	0.01978	0.01819	0.01424	0.01819	0.01266	0.01898	0.00949	0.00712	0.00712	0.00237	0.00949	0.00633	0.00316	0.00791
14	0.13804	0.01580	0.01751	0.01378	0.01897	0.01662	0.01128	0.31731	0.05712	0.26649	0.02053	0.02006	0.01423	0.03060	0.00763	0.00233	0.00677	0.00650	0.00723	0.01121
15	0.02517	0.05357	0.01678	0.01218	0.01744	0.01144	0.01008	0.02910	0.06021	0.43731	0.05820	0.02558	0.01948	0.00877	0.00683	0.00201	0.00586	0.03310	0.00738	0.15951
16	0.02111	0.01401	0.02141	0.01675	0.04970	0.01223	0.14486	0.05398	0.01784	0.24544	0.01941	0.05176	0.01462	0.00752	0.00684	0.00187	0.00708	0.00692	0.00579	0.28087
17	0.01598	0.11711	0.57126	0.01920	0.02857	0.08470	0.02353	0.02297	0.01546	0.02141	0.01229	0.01442	0.00905	0.00674	0.00649	0.00213	0.01042	0.00503	0.00307	0.01015
18	0.01022	0.00746	0.01057	0.01057	0.01154	0.00843	0.00781	0.01216	0.01119	0.01589	0.01987	0.03238	0.01972	0.21830	0.55926	0.01037	0.01619	0.00827	0.00393	0.00587
19	0.09505	0.01332	0.01636	0.01273	0.01799	0.01271	0.01049	0.14204	0.02163	0.50751	0.02446	0.02207	0.01589	0.00856	0.00682	0.00217	0.00618	0.00673	0.04584	0.01148
20	0.01044	0.00787	0.00955	0.00895	0.01098	0.00733	0.00676	0.03330	0.03893	0.02703	0.52397	0.05472	0.20353	0.01500	0.00833	0.00228	0.00361	0.01302	0.00753	0.00685
21	0.00957	0.00695	0.00884	0.01005	0.01086	0.00661	0.00687	0.04345	0.01481	0.01958	0.04046	0.66109	0.09154	0.02132	0.00894	0.00282	0.00428	0.01919	0.00664	0.00612
22	0.01511	0.01197	0.01575	0.09796	0.05633	0.01351	0.01182	0.09489	0.09059	0.04711	0.13845	0.03318	0.08061	0.01620	0.08985	0.00343	0.09752	0.03780	0.03950	0.00841
23	0.01591	0.01573	0.02588	0.37451	0.31022	0.04549	0.06958	0.02043	0.01547	0.02054	0.01301	0.01820	0.01029	0.00673	0.00716	0.00225	0.00940	0.00642	0.00336	0.00940
24	0.00887	0.00723	0.00784	0.00769	0.00989	0.00620	0.00576	0.01109	0.01729	0.02176	0.24265	0.06437	0.53036	0.01709	0.00841	0.00236	0.00354	0.01445	0.00694	0.00620
25	0.00992	0.00672	0.00789	0.00832	0.00843	0.00662	0.00491	0.01024	0.01120	0.01493	0.02676	0.22637	0.03135	0.56253	0.02925	0.00587	0.00619	0.01290	0.00491	0.00469
26	0.05995	0.10599	0.08030	0.01705	0.02176	0.21062	0.07042	0.10328	0.11325	0.02430	0.03622	0.04079	0.01432	0.00855	0.00790	0.00216	0.06271	0.00642	0.00467	0.00935
27	0.01428	0.03683	0.71286	0.02030	0.03082	0.01654	0.02631	0.02255	0.01503	0.02255	0.01278	0.01503	0.00902	0.00677	0.00677	0.00226	0.01052	0.00526	0.00301	0.01052
28	0.00853	0.00704	0.00750	0.00775	0.00978	0.00600	0.00567	0.01031	0.01596	0.01947	0.09481	0.18327	0.56208	0.01861	0.00853	0.00248	0.00369	0.01582	0.00667	0.00600
29	0.01950	0.05751	0.04310	0.11388	0.26915	0.03375	0.05532	0.08166	0.04533	0.12077	0.04424	0.02048	0.01473	0.00948	0.03792	0.00256	0.00866	0.00676	0.00485	0.01035
30	0.01507	0.04478	0.07296	0.07985	0.05491	0.03906	0.10636	0.05798	0.07632	0.05070	0.07854	0.19583	0.07309	0.01215	0.00781	0.00240	0.00720	0.01095	0.00547	0.00856
31	0.01451	0.01371	0.02104	0.54314	0.12142	0.04394	0.01845	0.01955	0.04019	0.01986	0.03680	0.02030	0.01242	0.00743	0.00705	0.00229	0.00892	0.00656	0.03408	0.00836

[dist]
# distance from previous block
# <min> <max>
0	1

[block]
# block no. 7 follows, 29 sequences, length 27
# corresponding to MSA columns:
# 221-241,251-256
name=unknown_H
#
# <colnr> <probs for GDERKNQSTAVLIFYWHMCP>
#	G	D	E	R	K	N	Q	S	T	A	V	L	I	F	Y	W	H	M	C	P
0	0.01660	0.05810	0.08930	0.04491	0.14458	0.01354	0.01380	0.02037	0.01519	0.06740	0.01349	0.01594	0.01081	0.00633	0.00683	0.00162	0.04440	0.00506	0.00411	0.40763
1	0.12105	0.21102	0.10139	0.01581	0.02122	0.11429	0.05965	0.07157	0.11339	0.04090	0.01434	0.01571	0.01129	0.00753	0.00707	0.00208	0.05239	0.00542	0.00438	0.00953
2	0.01026	0.00693	0.00807	0.00814	0.00826	0.00700	0.00477	0.01051	0.01059	0.01421	0.02295	0.07700	0.02624	0.66392	0.08688	0.00706	0.00770	0.01060	0.00438	0.00454
3	0.01708	0.09347	0.08055	0.11695	0.31032	0.04423	0.05328	0.02186	0.04300	0.04721	0.03959	0.02187	0.01472	0.03489	0.00806	0.00234	0.00852	0.02821	0.00403	0.00983
4	0.01574	0.01263	0.01487	0.01067	0.01695	0.00955	0.00855	0.01888	0.01508	0.06225	0.01353	0.01530	0.01095	0.00547	0.00538	0.00112	0.00532	0.00439	0.00448	0.74889
5	0.01596	0.01617	0.05105	0.30025	0.20671	0.01723	0.10369	0.04369	0.07730	0.02209	0.01446	0.01890	0.01129	0.00744	0.00847	0.00236	0.06293	0.00671	0.00381	0.00951
6	0.02351	0.01807	0.01903	0.04210	0.02139	0.05895	0.01272	0.35972	0.22177	0.08502	0.02091	0.02062	0.01527	0.01052	0.03501	0.00258	0.00785	0.00688	0.00681	0.01127
7	0.00946	0.00674	0.00855	0.00948	0.01009	0.00655	0.00643	0.01065	0.01293	0.01712	0.03515	0.39057	0.08633	0.22822	0.07636	0.00472	0.00630	0.06312	0.00573	0.00549
8	0.00996	0.00680	0.00782	0.00810	0.00830	0.00666	0.00476	0.01027	0.01124	0.01485	0.02810	0.16588	0.06788	0.58529	0.03007	0.00597	0.00625	0.01229	0.00483	0.00466
9	0.01904	0.75404	0.03731	0.01218	0.01828	0.02818	0.01218	0.02132	0.01447	0.01675	0.00990	0.01142	0.00914	0.00609	0.00457	0.00152	0.00761	0.00381	0.00305	0.00914
10	0.01036	0.00690	0.00777	0.00777	0.00777	0.00690	0.00431	0.01036	0.01036	0.01381	0.02244	0.04660	0.02589	0.74975	0.03624	0.00690	0.00690	0.01036	0.00431	0.00431
11	0.76048	0.01369	0.01078	0.00953	0.01400	0.01569	0.00785	0.02164	0.01254	0.06689	0.01085	0.01222	0.00822	0.00672	0.00455	0.00220	0.00554	0.00403	0.00463	0.00794
12	0.02757	0.01914	0.02087	0.01600	0.02168	0.02088	0.01322	0.61492	0.03213	0.11345	0.01823	0.01783	0.01268	0.00858	0.00713	0.00214	0.00765	0.00649	0.00730	0.01211
13	0.80005	0.01377	0.01047	0.00936	0.01377	0.01597	0.00771	0.02093	0.01212	0.03195	0.00991	0.01157	0.00771	0.00661	0.00441	0.00220	0.00551	0.00386	0.00441	0.00771
14	0.00995	0.00758	0.00917	0.00872	0.01068	0.00697	0.00656	0.01357	0.04600	0.02615	0.50897	0.05616	0.23262	0.01528	0.00836	0.00229	0.00352	0.01325	0.00749	0.00671
15	0.74767	0.01366	0.01088	0.00959	0.01407	0.01560	0.00790	0.02187	0.01268	0.07820	0.01115	0.01243	0.00839	0.00676	0.00459	0.00220	0.00555	0.00408	0.00471	0.00801
16	0.01895	0.01591	0.01680	0.01474	0.01899	0.01829	0.01157	0.12329	0.60500	0.03179	0.02740	0.02531	0.02046	0.00951	0.00723	0.00238	0.00593	0.00783	0.00723	0.01138
17	0.38697	0.01103	0.01075	0.00964	0.01300	0.01181	0.00765	0.01953	0.04134	0.08255	0.29661	0.03022	0.03347	0.01016	0.00637	0.00223	0.00467	0.00798	0.00626	0.00777
18	0.01422	0.01121	0.01308	0.01256	0.01525	0.01212	0.00995	0.07955	0.24750	0.02641	0.12020	0.12079	0.06850	0.01714	0.05691	0.00322	0.00638	0.14964	0.00683	0.00854
19	0.01237	0.00618	0.00928	0.00928	0.00928	0.00618	0.00618	0.00928	0.00928	0.01237	0.01237	0.02165	0.01237	0.02474	0.02783	0.79283	0.00618	0.00618	0.00309	0.00309
20	0.03104	0.01192	0.01623	0.01252	0.01787	0.01031	0.01031	0.03382	0.02037	0.68206	0.05596	0.02543	0.01968	0.00905	0.00721	0.00220	0.00595	0.00740	0.00877	0.01189
21	0.02480	0.01094	0.01449	0.01178	0.01607	0.00988	0.00947	0.02884	0.06595	0.47219	0.19717	0.05345	0.03121	0.01072	0.00753	0.00225	0.00530	0.00905	0.00840	0.01052
22	0.02400	0.02199	0.02098	0.07310	0.07008	0.24181	0.03418	0.21929	0.04819	0.09753	0.01656	0.04285	0.01295	0.00853	0.00761	0.00215	0.03630	0.00650	0.00538	0.01002
23	0.01917	0.06017	0.25261	0.01953	0.07677	0.17515	0.01790	0.05945	0.10641	0.04977	0.01646	0.03512	0.01325	0.00837	0.00755	0.00221	0.04014	0.02569	0.00439	0.00991
24	0.01184	0.00853	0.01080	0.01048	0.01172	0.00906	0.00758	0.03813	0.03674	0.04552	0.10122	0.18503	0.08280	0.20263	0.14947	0.00531	0.05927	0.01188	0.00554	0.00645
25	0.01228	0.00625	0.00937	0.00937	0.00942	0.00630	0.00630	0.00942	0.00937	0.01254	0.01265	0.02191	0.01260	0.02595	0.05707	0.75989	0.00673	0.00625	0.00312	0.00323
26	0.09135	0.04296	0.02346	0.12380	0.28327	0.04160	0.06116	0.03696	0.01600	0.02365	0.04028	0.01782	0.01263	0.00667	0.00652	0.00196	0.00789	0.00596	0.00394	0.15211

[dist]
# distance from previous block
# <min> <max>
0	1

[block]
# block no. 8 follows, 29 sequences, length 27
# corresponding to MSA columns:
# 258-284
name=unknown_I
#
# <colnr> <probs for GDERKNQSTAVLIFYWHMCP>
#	G	D	E	R	K	N	Q	S	T	A	V	L	I	F	Y	W	H	M	C	P
0	0.05872	0.02050	0.08643	0.01737	0.04513	0.07819	0.01454	0.28313	0.12324	0.03181	0.04071	0.01876	0.01429	0.00911	0.00954	0.00233	0.12375	0.00647	0.00559	0.01039
1	0.00872	0.00687	0.00790	0.00859	0.01017	0.00605	0.00620	0.01043	0.01538	0.01926	0.08010	0.32805	0.39778	0.01963	0.00874	0.00263	0.00394	0.04696	0.00665	0.00597
2	0.01567	0.01534	0.02086	0.05857	0.24997	0.10487	0.07825	0.01841	0.01453	0.01883	0.01631	0.02653	0.01570	0.22271	0.08948	0.00445	0.01008	0.00759	0.00379	0.00807
3	0.01437	0.03540	0.66630	0.02019	0.03000	0.01689	0.02559	0.02219	0.01476	0.02219	0.01255	0.01507	0.00904	0.00715	0.00788	0.00231	0.05944	0.00533	0.00301	0.01034
4	0.01046	0.00850	0.01281	0.01198	0.01375	0.00932	0.04716	0.01310	0.01293	0.01794	0.06096	0.03473	0.12833	0.04165	0.50654	0.00873	0.04108	0.00906	0.00442	0.00656
5	0.01010	0.00719	0.00952	0.00957	0.01037	0.00756	0.00668	0.01172	0.01258	0.01753	0.12760	0.10000	0.03092	0.30125	0.29794	0.00762	0.01088	0.01052	0.00486	0.00561
6	0.11844	0.01673	0.01288	0.01173	0.01478	0.20253	0.00900	0.08491	0.06335	0.02640	0.01871	0.04988	0.01531	0.00852	0.00582	0.00192	0.00678	0.00637	0.31793	0.00801
7	0.00969	0.00726	0.00898	0.00855	0.01040	0.00655	0.00641	0.01268	0.01923	0.02636	0.55350	0.05680	0.21663	0.01538	0.00840	0.00228	0.00342	0.01338	0.00755	0.00655
8	0.01875	0.71002	0.07877	0.01268	0.01905	0.02746	0.01305	0.02140	0.01450	0.01711	0.01008	0.01164	0.00913	0.00613	0.00470	0.00157	0.00779	0.00390	0.00304	0.00922
9	0.02029	0.01440	0.01734	0.06148	0.07574	0.01467	0.01184	0.21799	0.09770	0.13116	0.02889	0.02840	0.13821	0.00977	0.00715	0.00211	0.00642	0.00799	0.00641	0.10205
10	0.02724	0.02033	0.02112	0.01633	0.02192	0.05651	0.01342	0.62295	0.03229	0.07029	0.01723	0.01717	0.01218	0.00850	0.00709	0.00212	0.00801	0.00635	0.00702	0.01192
11	0.04648	0.01759	0.06106	0.20003	0.07559	0.11556	0.01498	0.10559	0.05775	0.07365	0.07341	0.05997	0.01913	0.00945	0.00724	0.00228	0.00824	0.03774	0.00515	0.00911
12	0.01743	0.37645	0.16829	0.01564	0.02136	0.03707	0.04714	0.04792	0.01483	0.01927	0.01171	0.01555	0.01038	0.05292	0.01001	0.00231	0.11416	0.00520	0.00333	0.00905
13	0.01225	0.00832	0.01146	0.01275	0.01462	0.00818	0.01108	0.01542	0.01657	0.05313	0.03924	0.07704	0.07806	0.01907	0.00963	0.00318	0.00636	0.59020	0.00666	0.00678
14	0.02221	0.02554	0.01929	0.01704	0.01995	0.41720	0.01326	0.08874	0.01898	0.02028	0.01775	0.01981	0.08334	0.00976	0.01054	0.00222	0.17535	0.00625	0.00420	0.00829
15	0.01802	0.46221	0.20803	0.01614	0.05377	0.05536	0.01627	0.02290	0.05273	0.01930	0.01191	0.01355	0.00991	0.00653	0.00548	0.00180	0.00853	0.00457	0.00332	0.00967
16	0.00874	0.00630	0.00828	0.00974	0.01031	0.00585	0.00656	0.01013	0.01412	0.01880	0.07767	0.67527	0.07852	0.02168	0.00902	0.00283	0.00406	0.01959	0.00668	0.00585
17	0.02942	0.01617	0.01903	0.01459	0.02020	0.01648	0.01205	0.36974	0.02716	0.36565	0.02240	0.02054	0.01477	0.00868	0.00714	0.00217	0.00698	0.00677	0.00794	0.01211
18	0.01481	0.09241	0.44310	0.06649	0.02823	0.01656	0.06158	0.04449	0.01542	0.02226	0.01430	0.03275	0.01117	0.01031	0.05482	0.00281	0.01027	0.00600	0.04259	0.00965
19	0.01469	0.06358	0.01703	0.06006	0.08411	0.11309	0.03787	0.05369	0.03214	0.02043	0.02799	0.32752	0.06768	0.01555	0.02910	0.00269	0.00733	0.01248	0.00528	0.00769
20	0.00868	0.00681	0.00785	0.00847	0.01000	0.00599	0.00602	0.01040	0.01555	0.01968	0.11746	0.33989	0.37908	0.01943	0.00869	0.00259	0.00380	0.01693	0.00673	0.00599
21	0.01173	0.00723	0.00933	0.01002	0.01145	0.00668	0.00735	0.01368	0.01537	0.09015	0.07838	0.43761	0.10869	0.01881	0.00860	0.00270	0.00446	0.09149	0.05962	0.00665
22	0.09624	0.01480	0.02416	0.23267	0.22623	0.01574	0.11487	0.04712	0.01618	0.06995	0.01478	0.01867	0.01126	0.00693	0.00687	0.00222	0.00845	0.00647	0.05692	0.00947
23	0.14782	0.10541	0.07777	0.03689	0.03646	0.11658	0.05740	0.05064	0.01579	0.06446	0.01651	0.10174	0.01503	0.01351	0.07646	0.00311	0.04422	0.00723	0.00444	0.00853
24	0.38043	0.01437	0.01497	0.01247	0.01696	0.04724	0.04657	0.08107	0.01666	0.19241	0.01758	0.06572	0.01381	0.01048	0.03830	0.00265	0.00707	0.00643	0.00574	0.00909
25	0.01728	0.10529	0.08149	0.05394	0.21888	0.09232	0.05805	0.04800	0.01650	0.02170	0.01678	0.06053	0.03418	0.00852	0.00763	0.00211	0.04218	0.03295	0.00401	0.07768
26	0.06195	0.11720	0.15326	0.01634	0.07767	0.01476	0.04685	0.02001	0.04743	0.02255	0.03383	0.05073	0.03890	0.02527	0.00700	0.00198	0.00715	0.02249	0.00423	0.23042

[dist]
# distance from previous block
# <min> <max>
1	5

[block]
# block no. 9 follows, 29 sequences, length 13
# corresponding to MSA columns:
# 290-297,309-313
name=unknown_J
#
# <colnr> <probs for GDERKNQSTAVLIFYWHMCP>
#	G	D	E	R	K	N	Q	S	T	A	V	L	I	F	Y	W	H	M	C	P
0	0.01205	0.01109	0.05030	0.01419	0.09285	0.00937	0.00997	0.04534	0.01645	0.02258	0.13916	0.16952	0.16198	0.03996	0.05125	0.00295	0.00612	0.03066	0.00573	0.10849
1	0.01745	0.04456	0.02400	0.23650	0.30639	0.07047	0.01842	0.02221	0.05228	0.05322	0.01534	0.02100	0.01265	0.00779	0.00773	0.00226	0.03805	0.03603	0.00398	0.00966
2	0.27972	0.02062	0.05576	0.01727	0.09718	0.20510	0.01273	0.02506	0.05709	0.08523	0.01397	0.01554	0.01076	0.00749	0.00669	0.00213	0.04155	0.00517	0.03197	0.00900
3	0.00995	0.00744	0.00955	0.00940	0.01102	0.00718	0.00700	0.01328	0.04000	0.02440	0.41858	0.14229	0.13527	0.02123	0.10725	0.00363	0.00575	0.01323	0.00695	0.00661
4	0.01149	0.00805	0.00978	0.00949	0.01028	0.00852	0.00633	0.06231	0.01259	0.01713	0.02210	0.07851	0.02393	0.47270	0.20937	0.00749	0.00996	0.00990	0.00453	0.00552
5	0.01266	0.01084	0.01765	0.04327	0.01853	0.01194	0.12154	0.05194	0.01367	0.01910	0.01886	0.07174	0.01806	0.10639	0.37168	0.00748	0.06476	0.00861	0.00412	0.00714
6	0.01345	0.01266	0.02136	0.73264	0.04904	0.01582	0.01978	0.01819	0.01424	0.01819	0.01266	0.01898	0.00949	0.00712	0.00712	0.00237	0.00949	0.00633	0.00316	0.00791
7	0.01681	0.01921	0.04202	0.03001	0.03721	0.01801	0.67947	0.02281	0.01681	0.02281	0.01441	0.01921	0.01080	0.00600	0.00840	0.00240	0.01200	0.00840	0.00360	0.00960
8	0.01057	0.00750	0.00930	0.00915	0.00944	0.00810	0.00592	0.01123	0.01063	0.01459	0.02102	0.04080	0.02322	0.55400	0.19228	0.00775	0.04586	0.00953	0.00414	0.00495
9	0.00918	0.00646	0.00837	0.00970	0.01011	0.00615	0.00647	0.01031	0.01317	0.01752	0.03587	0.56702	0.04258	0.16398	0.01443	0.00370	0.00482	0.05846	0.00616	0.00555
10	0.01477	0.01266	0.01477	0.01055	0.01687	0.00949	0.00844	0.01793	0.01477	0.02320	0.01266	0.01477	0.01055	0.00527	0.00527	0.00105	0.00527	0.00422	0.00422	0.79328
11	0.02363	0.01130	0.01434	0.01157	0.01587	0.01036	0.00934	0.09849	0.02123	0.39993	0.17613	0.03548	0.11830	0.01123	0.00759	0.00223	0.00536	0.00934	0.00813	0.01016
12	0.02180	0.01625	0.01832	0.04143	0.02037	0.01820	0.01234	0.33530	0.18297	0.08277	0.02429	0.05945	0.05710	0.01033	0.00857	0.00234	0.06260	0.00804	0.00676	0.01075

[dist]
# distance from previous block
# <min> <max>
1	3

[block]
# block no. 10 follows, 29 sequences, length 47
# corresponding to MSA columns:
# 317-363
name=unknown_K
#
# <colnr> <probs for GDERKNQSTAVLIFYWHMCP>
#	G	D	E	R	K	N	Q	S	T	A	V	L	I	F	Y	W	H	M	C	P
0	0.01827	0.01825	0.04744	0.06923	0.31266	0.08554	0.01685	0.06770	0.16391	0.02500	0.01753	0.04320	0.01435	0.00783	0.00698	0.00213	0.00801	0.00683	0.00469	0.06360
1	0.01215	0.00931	0.01296	0.01227	0.01384	0.01095	0.00963	0.07701	0.01348	0.01920	0.01835	0.02673	0.01696	0.06911	0.58494	0.00986	0.06470	0.00751	0.00410	0.00694
2	0.02020	0.64372	0.03473	0.01307	0.01885	0.11476	0.01242	0.04036	0.01571	0.01761	0.01024	0.01176	0.00922	0.00632	0.00487	0.00158	0.00828	0.00398	0.00324	0.00911
3	0.00867	0.00685	0.00781	0.00835	0.00997	0.00600	0.00597	0.01041	0.01567	0.01974	0.11995	0.31038	0.40658	0.01924	0.00866	0.00256	0.00377	0.01670	0.00673	0.00600
4	0.01027	0.00759	0.00963	0.00906	0.01088	0.00710	0.00681	0.01419	0.04614	0.02802	0.63593	0.05311	0.10519	0.01458	0.00835	0.00226	0.00346	0.01282	0.00774	0.00685
5	0.00993	0.00744	0.00922	0.00940	0.01091	0.00704	0.00685	0.01333	0.05607	0.02367	0.34174	0.25153	0.14965	0.03737	0.00934	0.00262	0.00395	0.03626	0.00714	0.00654
6	0.02329	0.01654	0.01788	0.01424	0.01893	0.01793	0.01156	0.50175	0.02864	0.06142	0.02344	0.07679	0.06226	0.01022	0.00716	0.00217	0.00679	0.00809	0.08020	0.01071
7	0.03045	0.01451	0.01801	0.01381	0.01937	0.01402	0.01141	0.23272	0.02439	0.50658	0.02473	0.02205	0.01594	0.00873	0.00715	0.00218	0.00660	0.00693	0.00830	0.01212
8	0.01098	0.00842	0.01137	0.01094	0.01153	0.00985	0.00796	0.01236	0.01093	0.01551	0.01911	0.03382	0.01992	0.32928	0.34964	0.00848	0.11173	0.00854	0.00392	0.00573
9	0.02363	0.01824	0.01943	0.01569	0.02077	0.02047	0.01270	0.44484	0.27583	0.03933	0.02147	0.02058	0.01565	0.00896	0.00717	0.00224	0.00703	0.00701	0.00717	0.01180
10	0.00886	0.00633	0.00848	0.01013	0.01063	0.00595	0.00694	0.01024	0.01382	0.01839	0.03914	0.70040	0.04668	0.02213	0.00914	0.00292	0.00429	0.06309	0.00661	0.00584
11	0.00997	0.00684	0.00833	0.00894	0.00928	0.00670	0.00575	0.01076	0.01224	0.01634	0.05441	0.25103	0.03499	0.44321	0.02487	0.00523	0.00594	0.07484	0.00532	0.00504
12	0.01493	0.13430	0.62106	0.01919	0.02911	0.01812	0.02439	0.02238	0.01496	0.02176	0.01239	0.01454	0.00904	0.00667	0.00647	0.00216	0.01013	0.00506	0.00301	0.01034
13	0.01089	0.00860	0.01291	0.01263	0.01418	0.00829	0.08016	0.05696	0.01541	0.02059	0.03501	0.59624	0.04060	0.01953	0.00890	0.00280	0.00531	0.03803	0.00632	0.00665
14	0.04986	0.01399	0.03907	0.01137	0.01766	0.01092	0.00950	0.06429	0.01630	0.07078	0.01387	0.01543	0.01095	0.00584	0.00554	0.00129	0.00569	0.00458	0.00469	0.62837
15	0.04494	0.12229	0.02272	0.01582	0.02095	0.11877	0.01312	0.41212	0.07886	0.03482	0.01575	0.01627	0.01184	0.00820	0.00714	0.00207	0.03172	0.00586	0.00590	0.01085
16	0.01677	0.01146	0.01637	0.14417	0.08321	0.01190	0.03353	0.06706	0.05684	0.13271	0.02664	0.15687	0.04759	0.04425	0.00892	0.00263	0.00665	0.06484	0.05896	0.00863
17	0.01525	0.04377	0.14648	0.14149	0.17380	0.04521	0.12912	0.02060	0.03905	0.02158	0.03881	0.07192	0.04321	0.00885	0.00746	0.00231	0.00895	0.02883	0.00406	0.00924
18	0.02309	0.05315	0.06912	0.06636	0.02457	0.15675	0.08698	0.16313	0.08331	0.14947	0.01957	0.02008	0.03563	0.00817	0.00705	0.00215	0.00891	0.00664	0.00562	0.01027
19	0.01312	0.01221	0.02046	0.68304	0.04639	0.01513	0.01887	0.01763	0.01420	0.01819	0.01448	0.06882	0.01207	0.00816	0.00725	0.00241	0.00912	0.00728	0.00340	0.00776
20	0.01067	0.06096	0.06653	0.03677	0.03808	0.00936	0.03217	0.01298	0.01413	0.01888	0.03256	0.53714	0.03765	0.01831	0.00848	0.00271	0.00555	0.04453	0.00577	0.00679
21	0.01592	0.21127	0.43655	0.02078	0.07401	0.01958	0.08371	0.02222	0.01514	0.02119	0.01226	0.01471	0.00937	0.00650	0.00639	0.00208	0.00980	0.00527	0.00311	0.01015
22	0.01430	0.01076	0.01222	0.01131	0.01414	0.01123	0.00862	0.04849	0.25927	0.06677	0.20873	0.13727	0.14021	0.01383	0.00796	0.00241	0.00465	0.01190	0.00730	0.00864
23	0.01036	0.00726	0.00854	0.00866	0.01058	0.00637	0.00632	0.01233	0.01644	0.06701	0.16851	0.25872	0.35684	0.01805	0.00852	0.00250	0.00388	0.01564	0.00697	0.00648
24	0.04189	0.06344	0.03290	0.03864	0.01849	0.04047	0.08379	0.06006	0.06257	0.09766	0.04385	0.28882	0.04589	0.01384	0.00786	0.00248	0.00656	0.03651	0.00599	0.00829
25	0.02218	0.02496	0.02463	0.05188	0.20821	0.35631	0.09069	0.02650	0.06407	0.04304	0.01387	0.01637	0.01106	0.00712	0.00692	0.00204	0.01074	0.00587	0.00401	0.00954
26	0.00868	0.00620	0.00826	0.00991	0.01033	0.00578	0.00661	0.00991	0.01363	0.01818	0.03925	0.74510	0.04710	0.02231	0.00909	0.00289	0.00413	0.02024	0.00661	0.00578
27	0.01222	0.00628	0.00943	0.00943	0.00951	0.00637	0.00637	0.00951	0.00943	0.01265	0.01283	0.02208	0.01274	0.02670	0.07544	0.73920	0.00707	0.00628	0.00314	0.00332
28	0.07353	0.04572	0.02125	0.21169	0.09854	0.27372	0.03806	0.05202	0.03508	0.02121	0.01359	0.03657	0.01122	0.00760	0.00663	0.00210	0.00985	0.00596	0.02703	0.00864
29	0.01824	0.01796	0.02743	0.03998	0.61191	0.06468	0.02058	0.02340	0.06289	0.02332	0.01430	0.01791	0.01185	0.00664	0.00702	0.00212	0.00856	0.00634	0.00379	0.01107
30	0.01644	0.01284	0.01348	0.01226	0.01551	0.01453	0.00940	0.04910	0.47018	0.02836	0.02687	0.02767	0.02094	0.06010	0.00871	0.00254	0.00525	0.00784	0.18824	0.00974
31	0.04914	0.24076	0.21318	0.01754	0.04669	0.08451	0.06646	0.08851	0.01730	0.04030	0.01442	0.06393	0.01234	0.00783	0.00633	0.00203	0.00891	0.00617	0.00400	0.00963
32	0.19950	0.11047	0.06993	0.05792	0.20654	0.07941	0.03683	0.04651	0.01546	0.02410	0.01199	0.01503	0.00981	0.00710	0.00725	0.00213	0.06161	0.00529	0.02381	0.00931
33	0.01012	0.00757	0.01109	0.01109	0.01233	0.00869	0.00852	0.01249	0.01155	0.01647	0.02109	0.03043	0.04177	0.09213	0.65775	0.01087	0.01784	0.00804	0.00394	0.00623
