[name]
unknown

[dist]
# distance from previous block
# <min> <max>
4	100

[block]
# block no. 0 follows, 36 sequences, length 74
# corresponding to MSA columns:
# 134-207
name=unknown_A
#
# <colnr> <probs for GDERKNQSTAVLIFYWHMCP>
#	G	D	E	R	K	N	Q	S	T	A	V	L	I	F	Y	W	H	M	C	P
0	0.01064	0.00905	0.03186	0.00928	0.03220	0.05006	0.00602	0.01249	0.06259	0.01393	0.01879	0.03515	0.02026	0.58690	0.07127	0.00549	0.00705	0.00823	0.00385	0.00489
1	0.02148	0.08628	0.05153	0.03954	0.05753	0.08607	0.03484	0.48666	0.02434	0.03179	0.01340	0.01424	0.00987	0.00692	0.00600	0.00182	0.00752	0.00527	0.00513	0.00978
2	0.01468	0.01295	0.01538	0.01165	0.01653	0.04235	0.05222	0.09820	0.05936	0.02212	0.01263	0.01458	0.01025	0.00767	0.04416	0.00173	0.03218	0.00457	0.00404	0.52275
3	0.01544	0.01406	0.04614	0.05704	0.06268	0.01473	0.01124	0.08944	0.47002	0.02552	0.04529	0.02117	0.01718	0.00778	0.00619	0.00196	0.00553	0.00650	0.00557	0.07649
4	0.05425	0.05439	0.68880	0.01705	0.02586	0.01476	0.02181	0.01963	0.01301	0.02000	0.01098	0.01290	0.00784	0.00589	0.00575	0.00195	0.00890	0.00450	0.00269	0.00904
5	0.00956	0.00613	0.00754	0.00797	0.00859	0.00583	0.00521	0.01035	0.01126	0.05926	0.02891	0.34258	0.07109	0.35060	0.01820	0.00401	0.00483	0.03819	0.00502	0.00488
6	0.01281	0.05981	0.01338	0.05489	0.03940	0.16846	0.00941	0.01488	0.01312	0.01577	0.04078	0.06869	0.06461	0.07991	0.22910	0.00468	0.01006	0.09017	0.00393	0.00614
7	0.02145	0.06948	0.05545	0.04557	0.01941	0.20502	0.01187	0.29236	0.04319	0.11167	0.01679	0.01699	0.04821	0.00743	0.00598	0.00181	0.00771	0.00551	0.00505	0.00904
8	0.00761	0.00554	0.00723	0.00850	0.00905	0.00516	0.00575	0.00878	0.01208	0.01594	0.03641	0.68829	0.10393	0.02003	0.03124	0.00272	0.00398	0.01695	0.00571	0.00509
9	0.02012	0.01361	0.01515	0.01298	0.05324	0.01466	0.00995	0.44344	0.02324	0.07720	0.01689	0.01770	0.01237	0.00733	0.00570	0.00175	0.00568	0.00570	0.23408	0.00921
10	0.01343	0.20100	0.58815	0.01617	0.02451	0.01675	0.02025	0.01949	0.01304	0.01859	0.01062	0.01245	0.00792	0.00579	0.00549	0.00183	0.00864	0.00432	0.00264	0.00894
11	0.10285	0.13598	0.05195	0.01618	0.05647	0.31548	0.06872	0.14314	0.01761	0.02145	0.01072	0.01232	0.00854	0.00622	0.00548	0.00171	0.00880	0.00449	0.00368	0.00819
12	0.00782	0.00633	0.00694	0.00679	0.00869	0.00545	0.00509	0.00982	0.01527	0.01937	0.27348	0.05578	0.52770	0.01483	0.00736	0.00206	0.00309	0.01256	0.00612	0.00545
13	0.08962	0.01158	0.01291	0.01114	0.01462	0.01247	0.00883	0.08814	0.31046	0.16570	0.12021	0.02524	0.04290	0.01077	0.04520	0.00243	0.00545	0.00717	0.00627	0.00889
14	0.01795	0.03501	0.05043	0.01543	0.06236	0.01616	0.03411	0.15890	0.32448	0.09872	0.01900	0.01887	0.01415	0.00801	0.00790	0.00208	0.09517	0.00622	0.00547	0.00960
15	0.02210	0.02678	0.01727	0.01596	0.03989	0.62543	0.01178	0.08297	0.01833	0.01754	0.01343	0.01467	0.05323	0.00706	0.00579	0.00167	0.01025	0.00476	0.00362	0.00747
16	0.00802	0.00670	0.00705	0.00704	0.00904	0.00595	0.00524	0.01069	0.06003	0.01802	0.11397	0.11485	0.58082	0.01537	0.00735	0.00213	0.00329	0.01298	0.00591	0.00559
17	0.01154	0.01057	0.01372	0.01214	0.01436	0.07610	0.09061	0.03665	0.05414	0.01678	0.02155	0.02697	0.09838	0.06888	0.41116	0.00651	0.01238	0.00738	0.00388	0.00632
18	0.01659	0.05296	0.01517	0.01346	0.06409	0.06315	0.00984	0.08831	0.34937	0.08636	0.02528	0.02544	0.09469	0.05790	0.00787	0.00223	0.00569	0.00715	0.00561	0.00883
19	0.00762	0.00630	0.00668	0.00664	0.00859	0.00536	0.00496	0.00942	0.01472	0.01820	0.17819	0.07877	0.60228	0.01537	0.00738	0.00209	0.00313	0.01296	0.00597	0.00536
20	0.02151	0.02660	0.01841	0.01846	0.10254	0.61350	0.01281	0.02334	0.01672	0.01585	0.01078	0.01277	0.02186	0.00675	0.00658	0.00171	0.05467	0.00444	0.00322	0.00747
21	0.05646	0.01667	0.01842	0.02966	0.05692	0.07803	0.05668	0.34664	0.19010	0.06124	0.01671	0.01683	0.01225	0.00729	0.00617	0.00193	0.00690	0.00585	0.00554	0.00973
22	0.11886	0.01747	0.06253	0.05786	0.05705	0.05572	0.01258	0.43112	0.02258	0.05632	0.01338	0.01435	0.00974	0.00709	0.00642	0.00191	0.03521	0.00520	0.00513	0.00948
23	0.01219	0.00875	0.01179	0.15027	0.01702	0.00966	0.00900	0.09822	0.07403	0.01878	0.05857	0.14303	0.01918	0.01646	0.06625	0.23561	0.00639	0.00802	0.03086	0.00591
24	0.01455	0.01369	0.02324	0.14859	0.45512	0.01411	0.08024	0.05434	0.01470	0.02033	0.01460	0.03776	0.02463	0.00695	0.00650	0.00199	0.00753	0.04880	0.00348	0.00886
25	0.01659	0.05559	0.04875	0.01714	0.08344	0.09071	0.12599	0.11837	0.18676	0.04138	0.01893	0.02100	0.05584	0.05686	0.00840	0.00222	0.03224	0.00659	0.00459	0.00860
26	0.00769	0.00548	0.00726	0.00857	0.00896	0.00513	0.00571	0.00881	0.01205	0.01612	0.06142	0.72113	0.04121	0.04738	0.00881	0.00264	0.00368	0.01714	0.00575	0.00505
27	0.01395	0.19967	0.49926	0.01787	0.07760	0.03328	0.03782	0.01956	0.01326	0.01854	0.01066	0.01266	0.00811	0.00575	0.00554	0.00182	0.00858	0.00445	0.00270	0.00892
28	0.01492	0.03274	0.03551	0.16956	0.34243	0.11452	0.07497	0.01836	0.01397	0.01809	0.01285	0.05884	0.01128	0.00868	0.04468	0.00233	0.00863	0.00617	0.00320	0.00828
29	0.01955	0.01279	0.04373	0.01237	0.01644	0.06897	0.07367	0.07610	0.01714	0.32456	0.04729	0.07147	0.13753	0.00987	0.00671	0.00202	0.00602	0.03913	0.00609	0.00853
30	0.01006	0.00866	0.00956	0.01002	0.01106	0.07133	0.00741	0.01213	0.03490	0.01673	0.07288	0.36655	0.07273	0.05794	0.08158	0.00333	0.04565	0.09675	0.00514	0.00561
31	0.01473	0.01545	0.06550	0.16220	0.55027	0.02688	0.03707	0.01872	0.01390	0.01946	0.01157	0.01546	0.00945	0.00570	0.00619	0.00190	0.00780	0.00552	0.00301	0.00924
32	0.01676	0.01564	0.01623	0.01366	0.01704	0.17011	0.09275	0.11239	0.17242	0.05984	0.06931	0.06831	0.08097	0.05649	0.00810	0.00222	0.00690	0.00776	0.00515	0.00795
33	0.00762	0.00625	0.00671	0.00674	0.00861	0.00535	0.00500	0.00938	0.01460	0.01810	0.17201	0.11149	0.57541	0.01556	0.00741	0.00211	0.00315	0.01318	0.00596	0.00535
34	0.82504	0.01205	0.00916	0.00819	0.01205	0.01398	0.00675	0.01832	0.01060	0.02795	0.00868	0.01012	0.00675	0.00578	0.00386	0.00193	0.00482	0.00337	0.00386	0.00675
35	0.07329	0.01350	0.01398	0.01245	0.01607	0.01559	0.00974	0.06732	0.64392	0.02687	0.02364	0.02189	0.01772	0.00821	0.00616	0.00209	0.00502	0.00671	0.00616	0.00968
36	0.01692	0.01643	0.08860	0.06213	0.05760	0.09218	0.06005	0.12185	0.01619	0.08855	0.01395	0.01635	0.02227	0.03673	0.00738	0.00183	0.03924	0.00524	0.00415	0.23234
37	0.01625	0.01525	0.02350	0.11079	0.58066	0.06695	0.01791	0.01978	0.01444	0.05723	0.01217	0.01555	0.00986	0.00580	0.00614	0.00186	0.00766	0.00548	0.00330	0.00941
38	0.01640	0.73881	0.07640	0.01109	0.01666	0.02403	0.01142	0.01872	0.01269	0.01497	0.00882	0.01019	0.00799	0.00537	0.00412	0.00137	0.00682	0.00341	0.00266	0.00807
39	0.02167	0.02156	0.01996	0.01620	0.02047	0.30063	0.09643	0.32324	0.05010	0.02657	0.01359	0.03574	0.01067	0.00719	0.00618	0.00182	0.00880	0.00561	0.00470	0.00885
40	0.01448	0.01539	0.02834	0.04420	0.02669	0.05280	0.45867	0.05135	0.02666	0.02035	0.06478	0.04017	0.01420	0.00877	0.04601	0.00246	0.04165	0.00738	0.00368	0.03196
41	0.28146	0.10686	0.06195	0.01226	0.01661	0.03733	0.06020	0.10760	0.04332	0.09960	0.01476	0.04307	0.03200	0.00733	0.00615	0.00194	0.04965	0.00541	0.00443	0.00808
42	0.00871	0.00663	0.00849	0.00919	0.00974	0.00687	0.00636	0.01071	0.05291	0.01629	0.05384	0.55007	0.05134	0.10649	0.01154	0.00290	0.06232	0.01485	0.00538	0.00535
43	0.01177	0.01107	0.01869	0.76606	0.04291	0.01384	0.01730	0.01592	0.01246	0.01592	0.01107	0.01661	0.00831	0.00623	0.00623	0.00208	0.00831	0.00554	0.00277	0.00692
44	0.01747	0.46669	0.14451	0.01295	0.01851	0.12663	0.01293	0.07828	0.03836	0.01797	0.01027	0.01153	0.00856	0.00586	0.00480	0.00155	0.00769	0.00394	0.00315	0.00836
45	0.06465	0.01598	0.05136	0.06361	0.52315	0.04363	0.08526	0.04134	0.01452	0.02096	0.01159	0.01502	0.00945	0.00567	0.00612	0.00188	0.00778	0.00550	0.00321	0.00931
46	0.00880	0.00653	0.00778	0.00762	0.00945	0.00582	0.00587	0.01113	0.01582	0.03952	0.35688	0.05406	0.35168	0.01437	0.00745	0.00211	0.00337	0.07972	0.00630	0.00572
47	0.01406	0.01458	0.02220	0.01812	0.01932	0.03622	0.13953	0.01612	0.01066	0.01589	0.00900	0.01414	0.00840	0.00979	0.01775	0.00259	0.61595	0.00576	0.00281	0.00711
48	0.01542	0.17883	0.06592	0.01170	0.01530	0.14472	0.01010	0.10064	0.06855	0.02197	0.23118	0.06656	0.02620	0.00906	0.00607	0.00180	0.00625	0.00727	0.00488	0.00758
49	0.02847	0.01191	0.01230	0.01208	0.05084	0.05877	0.00873	0.02325	0.37440	0.03714	0.04574	0.04650	0.19585	0.01098	0.00757	0.04854	0.00499	0.00840	0.00561	0.00794
50	0.01400	0.01544	0.02895	0.02176	0.02618	0.05756	0.48039	0.01791	0.01379	0.01844	0.01511	0.12978	0.01396	0.00819	0.00904	0.00222	0.10771	0.00846	0.00349	0.00763
51	0.01289	0.01026	0.01510	0.01416	0.05301	0.01059	0.09976	0.06892	0.10623	0.05881	0.09649	0.24164	0.02821	0.01312	0.02007	0.00242	0.04259	0.09300	0.00543	0.00730
52	0.07173	0.01875	0.08295	0.01765	0.12385	0.09002	0.01333	0.38074	0.07607	0.03048	0.02571	0.01533	0.01117	0.00701	0.00601	0.00187	0.00724	0.00541	0.00503	0.00966
53	0.01537	0.01115	0.01230	0.01087	0.01403	0.01211	0.00849	0.06537	0.40175	0.09962	0.13625	0.02840	0.06828	0.00933	0.00637	0.00200	0.00449	0.00780	0.07729	0.00873
54	0.02327	0.02970	0.01766	0.01605	0.01926	0.75602	0.01204	0.02488	0.01766	0.01525	0.00963	0.01124	0.00803	0.00642	0.00562	0.00161	0.01124	0.00401	0.00321	0.00722
55	0.05505	0.10409	0.11509	0.02039	0.08163	0.03198	0.30889	0.03778	0.03732	0.10672	0.01351	0.01563	0.01001	0.00585	0.00625	0.00190	0.00838	0.00589	0.00379	0.02984
56	0.01197	0.00997	0.01356	0.17288	0.10447	0.01051	0.01051	0.10081	0.04667	0.02217	0.20397	0.06323	0.18308	0.01061	0.00682	0.00202	0.00524	0.00917	0.00517	0.00715
57	0.00938	0.00661	0.00783	0.00738	0.00933	0.00581	0.00558	0.01169	0.01615	0.06661	0.39926	0.05081	0.35319	0.01375	0.00729	0.00202	0.00318	0.01178	0.00644	0.00590
58	0.03703	0.04112	0.10010	0.01948	0.17097	0.01620	0.05482	0.22741	0.18072	0.04187	0.01729	0.01796	0.03243	0.00713	0.00618	0.00194	0.00681	0.00601	0.00487	0.00967
59	0.01662	0.01415	0.05302	0.06327	0.02351	0.01340	0.26586	0.02432	0.20292	0.16047	0.04350	0.02232	0.05192	0.00743	0.00675	0.00206	0.00724	0.00726	0.00507	0.00891
60	0.01519	0.01287	0.01365	0.01219	0.01561	0.01467	0.00950	0.06989	0.61511	0.02634	0.07028	0.02585	0.05322	0.00899	0.00644	0.00209	0.00484	0.00750	0.00634	0.00945
61	0.03826	0.01504	0.01741	0.01394	0.01837	0.01645	0.05351	0.36303	0.24815	0.09627	0.01939	0.04058	0.01444	0.00799	0.00634	0.00199	0.00619	0.00653	0.00615	0.00998
62	0.01489	0.05768	0.02288	0.11754	0.39934	0.01517	0.05684	0.05566	0.07853	0.02048	0.01416	0.06271	0.01227	0.00703	0.00681	0.00196	0.03705	0.00641	0.00363	0.00894
63	0.01576	0.61241	0.08213	0.01136	0.01638	0.02199	0.01135	0.03954	0.01317	0.01614	0.02969	0.05132	0.01115	0.00661	0.00520	0.00153	0.03878	0.00454	0.00305	0.00791
64	0.00768	0.00597	0.00692	0.00742	0.00871	0.00528	0.00524	0.00917	0.01356	0.01728	0.12997	0.33381	0.36730	0.04193	0.00839	0.00238	0.00340	0.01455	0.00585	0.00521
65	0.01795	0.01635	0.02777	0.02346	0.13068	0.08411	0.36626	0.02209	0.02759	0.15031	0.01430	0.01679	0.01054	0.00626	0.00762	0.00203	0.05662	0.00646	0.00400	0.00883
66	0.01230	0.01152	0.01918	0.47925	0.23254	0.01313	0.01646	0.01600	0.01299	0.01719	0.01535	0.06520	0.04822	0.00735	0.00638	0.00204	0.00750	0.00668	0.00320	0.00754
67	0.00783	0.00574	0.00769	0.00898	0.00932	0.00561	0.00609	0.00892	0.01184	0.01587	0.03331	0.74704	0.03991	0.01918	0.00844	0.00254	0.03365	0.01723	0.00566	0.00513
68	0.10174	0.01584	0.01690	0.01669	0.10725	0.11538	0.05232	0.07373	0.35059	0.02432	0.01867	0.02032	0.01469	0.00766	0.00611	0.00201	0.00657	0.03522	0.00503	0.00897
69	0.06624	0.01297	0.08864	0.03554	0.01736	0.01102	0.07265	0.10427	0.03050	0.21974	0.20936	0.02644	0.03716	0.03138	0.00723	0.00208	0.00576	0.00746	0.00583	0.00836
70	0.00927	0.00745	0.01025	0.01253	0.12258	0.00698	0.00776	0.01145	0.01447	0.01944	0.24219	0.22587	0.20001	0.04034	0.00820	0.00230	0.00408	0.04315	0.00561	0.00608
71	0.01016	0.00694	0.00925	0.03450	0.01155	0.00657	0.00728	0.01299	0.01648	0.06371	0.46533	0.05035	0.10294	0.01345	0.00753	0.00217	0.00389	0.16237	0.00644	0.00610
72	0.01343	0.01215	0.02040	0.55687	0.17336	0.01411	0.04023	0.03928	0.01356	0.04041	0.01179	0.01648	0.00893	0.00615	0.00626	0.00202	0.00807	0.00562	0.00310	0.00776
73	0.06101	0.01349	0.01908	0.33815	0.23302	0.06508	0.01551	0.01815	0.05374	0.01816	0.01211	0.01699	0.00999	0.04665	0.00819	0.00222	0.05194	0.00557	0.00320	0.00777

[dist]
# distance from previous block
# <min> <max>
0	2

[block]
# block no. 1 follows, 36 sequences, length 28
# corresponding to MSA columns:
# 210-237
name=unknown_B
#
# <colnr> <probs for GDERKNQSTAVLIFYWHMCP>
#	G	D	E	R	K	N	Q	S	T	A	V	L	I	F	Y	W	H	M	C	P
0	0.56433	0.01227	0.01114	0.00949	0.01356	0.01362	0.00777	0.06966	0.07170	0.15493	0.01326	0.01347	0.00953	0.00646	0.00464	0.00194	0.00505	0.00433	0.00490	0.00794
1	0.08965	0.35747	0.21134	0.01336	0.01917	0.14911	0.01378	0.04941	0.01417	0.01829	0.00974	0.01124	0.00797	0.00580	0.00486	0.00162	0.00796	0.00388	0.00301	0.00817
2	0.01407	0.01290	0.02176	0.10424	0.55356	0.01314	0.01672	0.01704	0.01331	0.01874	0.01326	0.07252	0.01213	0.00810	0.00794	0.07529	0.00703	0.00644	0.00322	0.00858
3	0.01567	0.01655	0.06277	0.03564	0.04455	0.01529	0.48360	0.07673	0.01550	0.05163	0.01284	0.01619	0.00963	0.00584	0.00760	0.00201	0.04959	0.00660	0.00358	0.06817
4	0.01476	0.01665	0.03587	0.02719	0.08780	0.01568	0.66501	0.01989	0.01467	0.01999	0.01254	0.01670	0.00949	0.00528	0.00726	0.00208	0.01026	0.00721	0.00315	0.00852
5	0.01500	0.01457	0.02544	0.11122	0.62046	0.01477	0.06905	0.01886	0.01405	0.01988	0.01172	0.01564	0.00968	0.00560	0.00626	0.00189	0.00772	0.00568	0.00306	0.00947
6	0.00757	0.00549	0.00716	0.00848	0.00899	0.00508	0.00570	0.00870	0.01211	0.01598	0.03668	0.71868	0.09798	0.01922	0.00790	0.00250	0.00358	0.01734	0.00578	0.00508
7	0.01495	0.01711	0.03536	0.02549	0.03142	0.04093	0.66538	0.01991	0.01458	0.01959	0.01231	0.01648	0.00935	0.00553	0.00786	0.00211	0.04305	0.00716	0.00314	0.00830
8	0.01068	0.00738	0.00869	0.00811	0.01008	0.00690	0.00609	0.06933	0.01650	0.06579	0.31036	0.12623	0.25589	0.04222	0.00811	0.00220	0.00366	0.01159	0.02403	0.00619
9	0.01371	0.09219	0.58209	0.01773	0.02611	0.01572	0.08389	0.06148	0.01421	0.02050	0.01133	0.01333	0.00820	0.00590	0.00591	0.00193	0.00897	0.00481	0.00290	0.00912
10	0.01485	0.01422	0.02426	0.15226	0.63262	0.01465	0.01884	0.01862	0.01392	0.01966	0.01162	0.01561	0.00962	0.00566	0.00618	0.00189	0.00754	0.00555	0.00303	0.00941
11	0.00756	0.00556	0.00709	0.00832	0.00894	0.00509	0.00563	0.00872	0.01227	0.01604	0.03864	0.66984	0.14556	0.01896	0.00786	0.00247	0.00355	0.01703	0.00578	0.00509
12	0.01366	0.01330	0.06548	0.04316	0.01674	0.01345	0.01032	0.02692	0.51153	0.02348	0.02992	0.02972	0.13060	0.00965	0.00655	0.00213	0.00513	0.03362	0.00582	0.00882
13	0.01776	0.03728	0.19466	0.03825	0.02201	0.09361	0.08472	0.18198	0.11560	0.07081	0.01490	0.01616	0.01104	0.00862	0.03875	0.00230	0.03243	0.00560	0.00444	0.00909
14	0.03827	0.27696	0.17769	0.01362	0.01869	0.15652	0.01334	0.02171	0.09084	0.05100	0.03230	0.01407	0.01090	0.00665	0.00614	0.00175	0.05313	0.00461	0.00354	0.00827
15	0.00920	0.00607	0.00698	0.00698	0.00715	0.00616	0.00411	0.00954	0.00937	0.01292	0.01945	0.03852	0.02173	0.68028	0.08400	0.00606	0.00665	0.00869	0.05212	0.00403
16	0.01574	0.01561	0.02372	0.12132	0.40772	0.07523	0.09839	0.04892	0.05545	0.02035	0.01254	0.01591	0.01009	0.00611	0.00667	0.00192	0.03061	0.00572	0.01900	0.00898
17	0.03844	0.27920	0.30873	0.01467	0.02079	0.04256	0.05748	0.03259	0.01321	0.01799	0.01211	0.07431	0.01077	0.00708	0.00618	0.00183	0.04542	0.00541	0.00306	0.00819
18	0.02177	0.01006	0.01299	0.01043	0.01426	0.00930	0.00843	0.08720	0.03864	0.45428	0.21113	0.02741	0.02649	0.00902	0.00650	0.00192	0.00475	0.00753	0.02869	0.00921
19	0.00833	0.00617	0.00771	0.00769	0.00903	0.00561	0.00560	0.01059	0.01571	0.02144	0.46320	0.18690	0.17976	0.03409	0.00808	0.00220	0.00319	0.01278	0.00638	0.00556
20	0.01593	0.01919	0.17816	0.03200	0.02735	0.04443	0.38597	0.02190	0.06658	0.10258	0.01500	0.03609	0.01123	0.00633	0.00679	0.00205	0.00906	0.00674	0.00386	0.00877
21	0.01394	0.01210	0.01769	0.20474	0.24848	0.05862	0.02412	0.01713	0.01395	0.06145	0.01832	0.08373	0.01742	0.02341	0.00721	0.00222	0.00707	0.14117	0.01957	0.00765
22	0.00916	0.00655	0.00937	0.00937	0.01043	0.00747	0.00715	0.01126	0.01021	0.01506	0.01725	0.02569	0.01619	0.10287	0.62990	0.00892	0.01459	0.00679	0.07633	0.00544
23	0.05218	0.01387	0.01662	0.01506	0.08159	0.01517	0.03471	0.39712	0.02149	0.03022	0.01665	0.09349	0.01413	0.01047	0.04442	0.00235	0.03763	0.00687	0.08712	0.00884
24	0.01768	0.12117	0.03615	0.05741	0.11158	0.05334	0.09949	0.19122	0.07660	0.05127	0.01422	0.01674	0.01119	0.00712	0.01569	0.00189	0.00737	0.02367	0.00435	0.08185
25	0.01216	0.00822	0.01000	0.00956	0.01167	0.00802	0.00747	0.10492	0.03056	0.08254	0.19074	0.20058	0.15727	0.01425	0.00743	0.00224	0.00432	0.12514	0.00624	0.00666
26	0.01433	0.01945	0.15859	0.02481	0.03161	0.01554	0.60036	0.01992	0.01444	0.01992	0.01236	0.01618	0.00919	0.00537	0.00711	0.00208	0.01028	0.00688	0.00306	0.00854
27	0.01468	0.01634	0.09163	0.08327	0.48738	0.01474	0.14706	0.01900	0.01407	0.01989	0.01218	0.01656	0.00999	0.00579	0.00641	0.00194	0.00816	0.01855	0.00308	0.00927

[dist]
# distance from previous block
# <min> <max>
1	9

[block]
# block no. 2 follows, 36 sequences, length 18
# corresponding to MSA columns:
# 247-264
name=unknown_C
#
# <colnr> <probs for GDERKNQSTAVLIFYWHMCP>
#	G	D	E	R	K	N	Q	S	T	A	V	L	I	F	Y	W	H	M	C	P
0	0.00815	0.00615	0.00723	0.00730	0.00877	0.00550	0.00531	0.01016	0.01491	0.01984	0.30991	0.17815	0.31447	0.03693	0.00805	0.00221	0.00323	0.01285	0.03544	0.00544
1	0.02171	0.01144	0.01364	0.01118	0.01499	0.03868	0.00893	0.12349	0.07182	0.39747	0.12590	0.09028	0.02321	0.00944	0.00655	0.00198	0.00523	0.00787	0.00694	0.00925
2	0.01672	0.10564	0.30339	0.01629	0.02250	0.03431	0.09424	0.08770	0.06054	0.11063	0.01367	0.01501	0.00999	0.00676	0.00724	0.00197	0.07512	0.00528	0.00392	0.00907
3	0.01661	0.01321	0.02157	0.06158	0.52921	0.01300	0.01615	0.01993	0.01471	0.13877	0.01833	0.02034	0.07498	0.00683	0.00629	0.00189	0.00672	0.00634	0.00407	0.00946
4	0.01018	0.00779	0.01082	0.01122	0.01298	0.00769	0.04272	0.03068	0.03907	0.01877	0.03480	0.13246	0.12226	0.04081	0.00893	0.00275	0.00544	0.44910	0.00559	0.00594
5	0.01514	0.01261	0.02082	0.23794	0.35671	0.01330	0.04655	0.01936	0.04041	0.08426	0.01398	0.01731	0.01078	0.00618	0.00609	0.00191	0.00712	0.00577	0.07509	0.00868
6	0.01581	0.01314	0.04074	0.11703	0.09995	0.02705	0.21361	0.03690	0.03062	0.14323	0.04183	0.04398	0.03791	0.04141	0.00784	0.00223	0.00746	0.04535	0.02577	0.00814
7	0.01634	0.01471	0.01602	0.03041	0.01652	0.12663	0.03404	0.11226	0.08465	0.04861	0.03638	0.01794	0.01298	0.01189	0.07590	0.00278	0.22757	0.00583	0.10090	0.00761
8	0.00923	0.00697	0.00880	0.00902	0.01024	0.00706	0.00683	0.01080	0.01259	0.04070	0.03834	0.25727	0.25938	0.06022	0.08384	0.00335	0.07264	0.09197	0.00523	0.00553
9	0.01059	0.07759	0.03671	0.01064	0.01320	0.03087	0.05560	0.01316	0.03756	0.01755	0.05263	0.41315	0.05960	0.01347	0.00683	0.00206	0.00490	0.01203	0.00490	0.12694
10	0.08530	0.03668	0.01694	0.02755	0.06323	0.01141	0.12353	0.06866	0.04896	0.06405	0.16462	0.07993	0.04020	0.00895	0.00640	0.00190	0.00571	0.03282	0.00499	0.10817
11	0.01650	0.01360	0.01527	0.03947	0.06968	0.08370	0.02911	0.17159	0.12647	0.07308	0.06789	0.05924	0.07289	0.01232	0.07248	0.00264	0.00713	0.01799	0.00524	0.04372
12	0.05662	0.01436	0.10229	0.07959	0.02047	0.01222	0.07785	0.08985	0.08951	0.16288	0.08139	0.02133	0.01657	0.00746	0.00616	0.00188	0.00631	0.02994	0.00509	0.11824
13	0.01623	0.05032	0.06949	0.09366	0.01987	0.17158	0.03492	0.11643	0.03885	0.04405	0.04369	0.10458	0.04264	0.00884	0.00646	0.00188	0.01957	0.02971	0.00440	0.08284
14	0.03639	0.04034	0.04124	0.01233	0.03846	0.03088	0.09394	0.01774	0.02774	0.18292	0.09663	0.07013	0.20861	0.03625	0.00762	0.00217	0.00553	0.03814	0.00550	0.00744
15	0.08633	0.01715	0.19903	0.13446	0.02430	0.01318	0.10370	0.10030	0.01533	0.08552	0.01673	0.06374	0.03186	0.00788	0.00631	0.00204	0.00740	0.04710	0.00417	0.03348
16	0.06938	0.14108	0.14295	0.06780	0.04345	0.14515	0.01302	0.05888	0.06081	0.04449	0.01460	0.05419	0.01273	0.00888	0.02998	0.00212	0.00784	0.04923	0.00386	0.02957
17	0.09541	0.27354	0.13564	0.01568	0.08237	0.05237	0.06074	0.04767	0.04648	0.01939	0.01223	0.02721	0.02400	0.00655	0.00616	0.00177	0.05501	0.00489	0.00333	0.02955

[dist]
# distance from previous block
# <min> <max>
7	33

[block]
# block no. 3 follows, 36 sequences, length 54
# corresponding to MSA columns:
# 298-340,342-352
name=unknown_D
#
# <colnr> <probs for GDERKNQSTAVLIFYWHMCP>
#	G	D	E	R	K	N	Q	S	T	A	V	L	I	F	Y	W	H	M	C	P
0	0.01381	0.11456	0.12259	0.08286	0.02148	0.01337	0.14432	0.05396	0.04825	0.06192	0.02003	0.16257	0.04800	0.00934	0.00651	0.00203	0.00692	0.02934	0.00426	0.03388
1	0.01778	0.11233	0.02563	0.07547	0.02421	0.03029	0.29349	0.05417	0.01539	0.18416	0.01616	0.03487	0.01265	0.04491	0.00775	0.00217	0.00800	0.02773	0.00440	0.00844
2	0.01408	0.02162	0.27660	0.07951	0.06630	0.05397	0.29842	0.01984	0.03160	0.01965	0.01248	0.01564	0.00933	0.00581	0.00645	0.00198	0.00925	0.00591	0.04306	0.00849
3	0.01436	0.01451	0.02897	0.08490	0.04733	0.01420	0.46189	0.01871	0.01414	0.05044	0.01471	0.04015	0.01233	0.00703	0.00796	0.00213	0.05570	0.05897	0.00358	0.04798
4	0.01314	0.01298	0.05647	0.24521	0.13189	0.01240	0.17569	0.01696	0.01361	0.05563	0.01820	0.10396	0.06051	0.00799	0.00665	0.00203	0.00753	0.00771	0.00373	0.04770
5	0.01709	0.01318	0.07185	0.04889	0.04343	0.01131	0.21480	0.04719	0.01554	0.23276	0.04243	0.15592	0.01899	0.00926	0.00695	0.00212	0.00697	0.02770	0.00520	0.00842
6	0.01158	0.04383	0.15066	0.01416	0.03748	0.01090	0.11032	0.01669	0.09255	0.03205	0.07453	0.17637	0.09398	0.01300	0.04391	0.00256	0.00671	0.05672	0.00468	0.00731
7	0.01826	0.01443	0.02442	0.01841	0.02327	0.03626	0.32899	0.07300	0.09424	0.19352	0.01816	0.06170	0.01389	0.00835	0.02608	0.00227	0.02351	0.00737	0.00495	0.00891
8	0.05527	0.01388	0.05443	0.37125	0.11925	0.04262	0.07652	0.01969	0.03674	0.11142	0.01323	0.01652	0.00974	0.00641	0.00653	0.00202	0.02712	0.00563	0.00365	0.00808
9	0.04608	0.09449	0.19741	0.01575	0.02113	0.08931	0.11997	0.08269	0.05646	0.10467	0.01517	0.07082	0.01231	0.00750	0.00667	0.00196	0.03865	0.00621	0.00416	0.00860
10	0.00841	0.04423	0.00875	0.00853	0.00960	0.00636	0.00620	0.01001	0.01327	0.01751	0.14562	0.46826	0.12986	0.03024	0.00805	0.00242	0.00381	0.06771	0.00576	0.00539
11	0.01441	0.04989	0.45802	0.05770	0.02783	0.01462	0.18574	0.02045	0.01386	0.08048	0.01256	0.01477	0.00892	0.00591	0.00624	0.00198	0.00906	0.00540	0.00319	0.00898
12	0.01044	0.00712	0.00955	0.00855	0.00929	0.00697	0.06084	0.01098	0.00994	0.04890	0.01932	0.03791	0.02125	0.68136	0.02853	0.00553	0.00636	0.00879	0.00392	0.00448
13	0.05304	0.07626	0.56050	0.04090	0.02669	0.01522	0.10355	0.01950	0.01316	0.01973	0.01106	0.01334	0.00804	0.00581	0.00588	0.00195	0.00896	0.00482	0.00276	0.00884
14	0.01583	0.01729	0.04077	0.04388	0.04561	0.11482	0.25576	0.04084	0.13141	0.01952	0.01316	0.01616	0.01049	0.00744	0.01005	0.00217	0.19682	0.00617	0.00364	0.00817
15	0.34003	0.27252	0.07604	0.01155	0.01653	0.04113	0.04429	0.09775	0.01400	0.02339	0.00979	0.01121	0.00785	0.00583	0.00455	0.00172	0.00647	0.00392	0.00358	0.00788
16	0.00861	0.00621	0.00837	0.00973	0.01064	0.00596	0.00752	0.01048	0.01307	0.01711	0.03535	0.43939	0.07720	0.01834	0.00820	0.00265	0.00449	0.30557	0.00576	0.00536
17	0.00807	0.00583	0.00770	0.00894	0.00962	0.00552	0.00640	0.00952	0.01250	0.01652	0.05365	0.56225	0.08467	0.03857	0.02502	0.00280	0.00426	0.12728	0.00570	0.00518
18	0.00901	0.03876	0.03026	0.01036	0.04501	0.00722	0.00754	0.01101	0.01364	0.01819	0.16128	0.37358	0.13550	0.01578	0.00776	0.00231	0.01827	0.08316	0.00557	0.00580
19	0.01324	0.16644	0.62104	0.01649	0.02501	0.01629	0.02082	0.01954	0.01307	0.01883	0.01073	0.01259	0.00791	0.00581	0.00558	0.00186	0.00875	0.00438	0.00264	0.00899
20	0.01208	0.01151	0.01979	0.69649	0.07966	0.01397	0.04670	0.01626	0.01264	0.01632	0.01117	0.01656	0.00844	0.00615	0.00627	0.00207	0.00835	0.00561	0.00280	0.00714
21	0.01290	0.02886	0.61426	0.04839	0.02737	0.01447	0.08254	0.04100	0.01388	0.02034	0.03161	0.01459	0.00954	0.00611	0.00611	0.00198	0.00904	0.00510	0.00291	0.00900
22	0.01547	0.11490	0.12901	0.17032	0.02851	0.01526	0.25885	0.01984	0.01413	0.10884	0.03693	0.01683	0.01115	0.00625	0.00668	0.00197	0.02709	0.00603	0.00362	0.00832
23	0.01454	0.01374	0.02205	0.39717	0.06763	0.05270	0.16328	0.06992	0.03769	0.04301	0.01281	0.01694	0.00970	0.00814	0.04209	0.00240	0.00896	0.00597	0.00345	0.00781
24	0.00821	0.00641	0.00740	0.00768	0.00931	0.00575	0.00589	0.01011	0.01429	0.01808	0.15963	0.10269	0.41191	0.06696	0.00925	0.00251	0.00382	0.13897	0.00581	0.00533
25	0.01592	0.01684	0.08040	0.18411	0.35344	0.08817	0.05952	0.03769	0.01457	0.05358	0.01199	0.01538	0.00942	0.00607	0.00653	0.00192	0.02687	0.00546	0.00329	0.00883
26	0.01397	0.01631	0.12585	0.15388	0.19471	0.01393	0.25813	0.01842	0.01373	0.03910	0.01320	0.04582	0.01070	0.00675	0.00715	0.02719	0.00852	0.00653	0.01782	0.00830
27	0.00759	0.00647	0.00654	0.00650	0.00861	0.00551	0.00488	0.00956	0.03045	0.01725	0.07995	0.05878	0.70557	0.01553	0.00734	0.00210	0.00319	0.01296	0.00583	0.00538
28	0.01323	0.03120	0.71399	0.01744	0.02644	0.01422	0.02236	0.02024	0.01338	0.05414	0.01182	0.01354	0.00825	0.00600	0.00594	0.00197	0.00902	0.00468	0.00287	0.00927
29	0.18452	0.05528	0.08439	0.01310	0.05166	0.06876	0.01101	0.09223	0.01660	0.33802	0.01664	0.01602	0.01130	0.00681	0.00558	0.00187	0.00634	0.00511	0.00550	0.00927
30	0.01702	0.62275	0.02866	0.01099	0.01584	0.07815	0.01040	0.04101	0.04757	0.01649	0.01039	0.01163	0.00906	0.00574	0.00432	0.00141	0.00671	0.00377	0.05009	0.00798
31	0.00809	0.00634	0.00731	0.00707	0.00886	0.00557	0.00530	0.01034	0.01590	0.02087	0.39819	0.05331	0.40204	0.01427	0.00736	0.00203	0.00305	0.01222	0.00632	0.00557
32	0.00827	0.00668	0.00988	0.00987	0.01114	0.00613	0.07214	0.00992	0.01285	0.01688	0.07106	0.54941	0.15754	0.01723	0.00777	0.00239	0.00415	0.01566	0.00559	0.00545
33	0.01603	0.67666	0.06896	0.01175	0.01715	0.02300	0.04525	0.01846	0.01267	0.01517	0.00931	0.01109	0.00837	0.00707	0.03546	0.00176	0.00740	0.00373	0.00271	0.00798
34	0.00881	0.00640	0.00791	0.00758	0.00922	0.00576	0.00567	0.01132	0.01653	0.03799	0.52487	0.08438	0.22313	0.01370	0.00736	0.00202	0.00308	0.01193	0.00656	0.00579
35	0.02330	0.02906	0.01771	0.01596	0.01926	0.71790	0.01203	0.06092	0.01826	0.01649	0.00991	0.01143	0.00816	0.00648	0.00565	0.00162	0.01101	0.00410	0.00337	0.00740
36	0.01623	0.01712	0.07939	0.02404	0.08044	0.01554	0.48116	0.07346	0.01565	0.07551	0.01330	0.01650	0.00985	0.00595	0.00765	0.00207	0.04694	0.00673	0.00366	0.00881
37	0.00750	0.00632	0.00650	0.00645	0.00850	0.00532	0.00484	0.00920	0.01452	0.01758	0.12521	0.05873	0.67708	0.01550	0.00736	0.00209	0.00314	0.01298	0.00588	0.00532
38	0.00996	0.00715	0.00993	0.01132	0.01277	0.00711	0.00988	0.01279	0.01434	0.01859	0.03390	0.06997	0.05715	0.01717	0.00857	0.00285	0.00566	0.67944	0.00574	0.00572
39	0.01453	0.01385	0.02137	0.36876	0.24234	0.04377	0.05412	0.06883	0.04344	0.01946	0.01203	0.01609	0.00941	0.00636	0.00684	0.00201	0.03961	0.00564	0.00329	0.00825
40	0.01351	0.10479	0.54319	0.04477	0.05383	0.03601	0.04875	0.02017	0.04308	0.01926	0.01155	0.01356	0.00852	0.00595	0.00581	0.00191	0.00878	0.00474	0.00285	0.00897
41	0.00771	0.00563	0.00728	0.00850	0.00914	0.00520	0.00585	0.00899	0.01249	0.01645	0.06276	0.64153	0.11947	0.01876	0.00789	0.00248	0.00363	0.04528	0.00582	0.00514
42	0.25848	0.01359	0.01431	0.01144	0.01582	0.01462	0.00941	0.31093	0.02016	0.19583	0.03728	0.01626	0.01221	0.00860	0.03248	0.00219	0.00614	0.00531	0.00579	0.00915
43	0.10555	0.06073	0.03530	0.01194	0.03042	0.04908	0.00977	0.09031	0.10188	0.34268	0.08200	0.02040	0.01714	0.00771	0.00593	0.00189	0.00567	0.00608	0.00617	0.00932
44	0.00890	0.00686	0.00944	0.00987	0.01121	0.00648	0.04053	0.02867	0.01359	0.01768	0.05164	0.41383	0.16305	0.01719	0.00791	0.00248	0.00442	0.17499	0.00568	0.00557
45	0.01035	0.00760	0.00937	0.00871	0.01061	0.00745	0.00668	0.03626	0.09781	0.03783	0.55934	0.04417	0.08633	0.01235	0.00723	0.00202	0.00345	0.03920	0.00669	0.00652
46	0.01472	0.01449	0.01825	0.01532	0.01709	0.10326	0.08557	0.08466	0.01347	0.01826	0.05266	0.01855	0.01315	0.05376	0.11643	0.00357	0.34004	0.00618	0.00354	0.00702
47	0.05825	0.09701	0.14042	0.01972	0.04373	0.05074	0.32718	0.02194	0.06987	0.09012	0.01376	0.01582	0.01018	0.00594	0.00631	0.00195	0.00864	0.00598	0.00374	0.00871
48	0.01477	0.04214	0.03663	0.02575	0.03202	0.01605	0.69615	0.01992	0.01464	0.01978	0.01247	0.01658	0.00941	0.00525	0.00724	0.00208	0.01038	0.00722	0.00314	0.00839
49	0.45172	0.01349	0.04787	0.06462	0.01683	0.01387	0.00953	0.12721	0.01509	0.16743	0.01300	0.01361	0.00918	0.00645	0.00495	0.00193	0.00568	0.00449	0.00483	0.00821
50	0.01465	0.23712	0.40555	0.01626	0.02362	0.01728	0.09770	0.02052	0.04788	0.04693	0.01185	0.01349	0.00893	0.00587	0.00558	0.00182	0.00829	0.00475	0.00308	0.00887
51	0.01774	0.09193	0.04955	0.01438	0.03796	0.01527	0.08756	0.21011	0.16111	0.09693	0.13188	0.02187	0.01988	0.00796	0.00632	0.00191	0.00619	0.00677	0.00557	0.00912
52	0.00790	0.00636	0.00705	0.00697	0.00886	0.00552	0.00528	0.00993	0.01521	0.01929	0.25988	0.05645	0.51170	0.01495	0.00741	0.00209	0.00320	0.04039	0.00610	0.00546
53	0.05464	0.40689	0.10891	0.01313	0.01813	0.25742	0.01234	0.02103	0.02751	0.01624	0.00957	0.01101	0.00814	0.00583	0.00478	0.00154	0.00831	0.00377	0.00296	0.00787

[dist]
# distance from previous block
# <min> <max>
0	9

[block]
# block no. 4 follows, 36 sequences, length 27
# corresponding to MSA columns:
# 362-388
name=unknown_E
#
# <colnr> <probs for GDERKNQSTAVLIFYWHMCP>
#	G	D	E	R	K	N	Q	S	T	A	V	L	I	F	Y	W	H	M	C	P
0	0.01734	0.01502	0.01557	0.08458	0.01933	0.07029	0.01096	0.18598	0.42535	0.02679	0.02028	0.02049	0.01542	0.03567	0.00717	0.00216	0.00619	0.00643	0.00565	0.00934
1	0.00764	0.00636	0.00670	0.00672	0.00873	0.00542	0.00511	0.00943	0.01456	0.01776	0.13117	0.05909	0.63518	0.01554	0.00742	0.00213	0.00326	0.04655	0.00589	0.00535
2	0.01279	0.08510	0.69844	0.01726	0.02620	0.01519	0.02215	0.01966	0.01312	0.01938	0.01100	0.01293	0.00790	0.00588	0.00578	0.00193	0.00903	0.00451	0.00263	0.00912
3	0.02157	0.10210	0.01878	0.01486	0.01851	0.50088	0.01158	0.09965	0.11761	0.01925	0.01229	0.01318	0.00983	0.00671	0.00562	0.00168	0.00943	0.00454	0.00391	0.00803
4	0.01955	0.01886	0.01898	0.03616	0.06051	0.24192	0.06761	0.17270	0.04593	0.06889	0.01395	0.05197	0.01150	0.00798	0.00826	0.00197	0.11960	0.00592	0.01942	0.00832
5	0.00803	0.00676	0.00702	0.00688	0.00900	0.00596	0.00518	0.01076	0.05907	0.01831	0.13616	0.05619	0.61895	0.01499	0.00730	0.00209	0.00324	0.01256	0.00594	0.00561
6	0.03583	0.15214	0.57157	0.01606	0.02418	0.01616	0.01984	0.02027	0.05313	0.01949	0.01150	0.01312	0.00850	0.00596	0.00558	0.00188	0.00844	0.00450	0.00288	0.00898
7	0.01870	0.11360	0.01952	0.10790	0.02084	0.21360	0.03741	0.08483	0.06063	0.09996	0.01324	0.01531	0.01038	0.00979	0.05736	0.00243	0.09732	0.00517	0.00401	0.00802
8	0.01527	0.00952	0.01145	0.00996	0.01287	0.00954	0.00779	0.04721	0.20073	0.18653	0.33576	0.03444	0.07161	0.01048	0.00681	0.00200	0.00413	0.00896	0.00684	0.00810
9	0.03751	0.01245	0.05606	0.01309	0.01547	0.01344	0.01116	0.05384	0.03712	0.18981	0.07715	0.03969	0.01635	0.01408	0.09966	0.00320	0.29079	0.00656	0.00472	0.00785
10	0.32416	0.03545	0.05507	0.01097	0.01539	0.03679	0.00946	0.13036	0.07386	0.18621	0.05362	0.01651	0.01315	0.00707	0.00531	0.00191	0.00565	0.00516	0.00531	0.00858
11	0.04038	0.13051	0.08721	0.04210	0.02009	0.39628	0.03642	0.04097	0.07681	0.01764	0.01166	0.02714	0.00966	0.00674	0.00603	0.00175	0.03263	0.00472	0.00346	0.00779
12	0.00920	0.00646	0.00840	0.00786	0.00943	0.00593	0.00591	0.01208	0.01752	0.04124	0.69821	0.04644	0.08227	0.01273	0.00732	0.00196	0.00300	0.01122	0.00684	0.00596
13	0.01348	0.02847	0.59976	0.01744	0.02568	0.01448	0.06061	0.02163	0.09536	0.04488	0.01333	0.01478	0.00950	0.00623	0.00606	0.00199	0.00866	0.00509	0.00325	0.00928
14	0.02993	0.04275	0.18803	0.01315	0.01758	0.01088	0.07620	0.06463	0.01504	0.14901	0.06200	0.23375	0.02214	0.01055	0.00663	0.00209	0.00615	0.00928	0.03229	0.00790
15	0.70095	0.01182	0.00998	0.00864	0.01265	0.01323	0.00712	0.02019	0.01173	0.13982	0.01115	0.01185	0.00810	0.00608	0.00423	0.00193	0.00489	0.00382	0.00446	0.00735
16	0.01785	0.01442	0.05812	0.22622	0.02516	0.08906	0.06023	0.02303	0.10387	0.21577	0.07161	0.02015	0.01541	0.00744	0.00664	0.00199	0.02340	0.00627	0.00492	0.00846
17	0.01567	0.07876	0.25073	0.08888	0.02755	0.01566	0.24453	0.08023	0.04330	0.07478	0.01331	0.01556	0.00967	0.00605	0.00634	0.00197	0.00869	0.00579	0.00364	0.00889
18	0.01281	0.03007	0.64929	0.01895	0.02775	0.01465	0.12032	0.01976	0.01337	0.01976	0.01138	0.01366	0.00811	0.00583	0.00612	0.00199	0.00939	0.00499	0.00270	0.00910
19	0.00764	0.00552	0.00723	0.00850	0.00902	0.00511	0.00573	0.00884	0.01233	0.01639	0.06978	0.70181	0.08110	0.01899	0.00789	0.00248	0.00356	0.01715	0.00584	0.00511
20	0.01540	0.01242	0.08161	0.05588	0.01929	0.01048	0.15005	0.01869	0.01507	0.20771	0.11440	0.07505	0.13309	0.00978	0.00766	0.00209	0.04952	0.00865	0.00528	0.00786
21	0.01539	0.01477	0.02484	0.03538	0.64311	0.01491	0.05192	0.02041	0.07837	0.02085	0.01298	0.01619	0.01067	0.00580	0.00624	0.00189	0.00733	0.00577	0.00338	0.00980
22	0.11761	0.01077	0.01386	0.01076	0.01547	0.00970	0.00889	0.02901	0.01702	0.66566	0.02279	0.01996	0.01445	0.00749	0.00599	0.00193	0.00525	0.00594	0.00728	0.01017
23	0.02543	0.01476	0.04324	0.01285	0.01787	0.02863	0.01089	0.33121	0.02266	0.39695	0.01960	0.01799	0.01290	0.00752	0.00623	0.00190	0.00624	0.00587	0.00679	0.01048
24	0.05781	0.02123	0.17850	0.10348	0.02474	0.14826	0.10605	0.16970	0.05268	0.05889	0.01310	0.01480	0.00959	0.00649	0.00609	0.00192	0.00852	0.00531	0.00407	0.00876
25	0.01068	0.00837	0.01186	0.03599	0.01335	0.00999	0.00898	0.07192	0.01169	0.01667	0.01558	0.02243	0.01424	0.03881	0.60110	0.00840	0.08387	0.00644	0.00351	0.00615
26	0.04261	0.01516	0.03140	0.15333	0.03264	0.01491	0.54222	0.01872	0.01405	0.01937	0.01312	0.04863	0.01050	0.00604	0.00706	0.00211	0.00963	0.00733	0.00322	0.00795

[dist]
# distance from previous block
# <min> <max>
0	14

[block]
# block no. 5 follows, 36 sequences, length 23
# corresponding to MSA columns:
# 403-418,432-438
name=unknown_F
#
# <colnr> <probs for GDERKNQSTAVLIFYWHMCP>
#	G	D	E	R	K	N	Q	S	T	A	V	L	I	F	Y	W	H	M	C	P
0	0.01092	0.00781	0.00986	0.01042	0.04076	0.00769	0.00751	0.01508	0.11007	0.06476	0.18871	0.20065	0.12194	0.05809	0.00882	0.00249	0.00431	0.11765	0.00598	0.00647
1	0.00972	0.00592	0.00680	0.00707	0.00773	0.00593	0.00470	0.01111	0.01111	0.01689	0.02244	0.15647	0.02328	0.32307	0.06207	0.00403	0.00519	0.02519	0.28643	0.00485
2	0.00819	0.00631	0.00726	0.00754	0.00891	0.00580	0.00553	0.00969	0.01296	0.01635	0.08158	0.12026	0.37762	0.16100	0.05978	0.00346	0.00489	0.09249	0.00531	0.00507
3	0.00841	0.00611	0.00748	0.00827	0.00901	0.00579	0.00561	0.03166	0.01240	0.01621	0.03542	0.49163	0.14183	0.15224	0.01200	0.00307	0.00415	0.03821	0.00544	0.00506
4	0.00882	0.00606	0.00765	0.00807	0.00901	0.00562	0.00560	0.01036	0.01347	0.04108	0.22151	0.35944	0.11212	0.13312	0.01132	0.00286	0.00386	0.02889	0.00582	0.00529
5	0.08022	0.00827	0.01033	0.01133	0.07850	0.00806	0.00755	0.05384	0.01479	0.08205	0.14213	0.28766	0.13889	0.01336	0.00690	0.00214	0.00420	0.01164	0.03153	0.00662
6	0.00792	0.00659	0.00773	0.07743	0.01173	0.00607	0.00612	0.00967	0.01367	0.01683	0.08193	0.18201	0.50078	0.03361	0.00794	0.00226	0.00377	0.01307	0.00550	0.00537
7	0.18068	0.01071	0.01307	0.08053	0.01687	0.01073	0.00913	0.07572	0.01616	0.37172	0.05660	0.09677	0.01752	0.00864	0.00601	0.00200	0.00531	0.00700	0.00614	0.00869
8	0.00959	0.00706	0.00840	0.00818	0.00996	0.00666	0.00608	0.01331	0.08788	0.04792	0.33508	0.17320	0.23495	0.01412	0.00732	0.00211	0.00340	0.01228	0.00636	0.00615
9	0.00948	0.00681	0.00769	0.00730	0.00926	0.00609	0.00542	0.01190	0.03909	0.06460	0.24630	0.05084	0.41542	0.08100	0.00938	0.00240	0.00354	0.01163	0.00605	0.00579
10	0.02622	0.00675	0.00794	0.00781	0.00939	0.00625	0.00567	0.03322	0.01489	0.04788	0.25982	0.20277	0.25105	0.08062	0.00943	0.00247	0.00367	0.01248	0.00600	0.00569
11	0.24964	0.01124	0.07850	0.00948	0.01296	0.00969	0.00828	0.01818	0.01447	0.17749	0.22362	0.06005	0.02614	0.04049	0.00690	0.00212	0.00472	0.00733	0.03137	0.00732
12	0.01128	0.00804	0.01008	0.01091	0.07823	0.00752	0.00727	0.02942	0.05605	0.09048	0.16058	0.15266	0.30286	0.03646	0.00788	0.00222	0.00406	0.01149	0.00589	0.00662
13	0.00816	0.00870	0.07579	0.00779	0.01035	0.00624	0.00672	0.01055	0.01477	0.01884	0.20407	0.07675	0.50034	0.01433	0.00725	0.00207	0.00369	0.01210	0.00573	0.00575
14	0.00983	0.00627	0.00801	0.00830	0.00951	0.00572	0.00586	0.01145	0.01385	0.08573	0.19555	0.40559	0.12585	0.06723	0.00917	0.00253	0.00373	0.01406	0.00607	0.00570
15	0.13723	0.00942	0.00944	0.00869	0.01160	0.00971	0.00676	0.01844	0.21431	0.06303	0.05927	0.03944	0.36607	0.01165	0.00647	0.00207	0.00403	0.00949	0.00578	0.00710
16	0.18481	0.00818	0.00845	0.00824	0.01041	0.00837	0.00635	0.01400	0.07583	0.02155	0.18236	0.08508	0.22633	0.05985	0.00817	0.00238	0.00407	0.07400	0.00551	0.00605
17	0.00927	0.00693	0.00803	0.00757	0.00940	0.00638	0.00568	0.05383	0.01584	0.02074	0.31398	0.04793	0.36064	0.01469	0.00899	0.08390	0.00353	0.01119	0.00592	0.00557
18	0.00817	0.00652	0.00749	0.00747	0.00931	0.00558	0.00545	0.00993	0.01399	0.01815	0.15439	0.25069	0.37487	0.01530	0.00727	0.00209	0.00338	0.01324	0.00576	0.08095
19	0.01115	0.00690	0.00893	0.00826	0.01018	0.00631	0.00628	0.01368	0.01641	0.12034	0.46701	0.08541	0.14030	0.01495	0.05338	0.00250	0.00417	0.01093	0.00655	0.00637
20	0.02856	0.01126	0.01354	0.01350	0.08660	0.01192	0.00941	0.17914	0.16590	0.04654	0.17574	0.11259	0.06380	0.01096	0.00744	0.03533	0.00498	0.00884	0.00586	0.00807
21	0.01832	0.01658	0.06131	0.05798	0.34380	0.05760	0.06209	0.15323	0.05020	0.09642	0.01412	0.01605	0.01067	0.00634	0.00623	0.00189	0.00754	0.00568	0.00426	0.00967
22	0.01067	0.00762	0.01000	0.01095	0.05222	0.02809	0.02617	0.01205	0.01239	0.06861	0.04877	0.40354	0.03172	0.18964	0.01306	0.00321	0.00502	0.05541	0.00520	0.00566

[dist]
# distance from previous block
# <min> <max>
0	10

# created by:
# /home/cegg/simao/soft/augustus-3.2.1/scripts/msa2prfl.pl ./align_prep/EOG090W0FOK.fa
