[name]
unknown

[dist]
# distance from previous block
# <min> <max>
1	1048

[block]
# block no. 0 follows, 31 sequences, length 6
# corresponding to MSA columns:
# 1058-1063
name=unknown_A
#
# <colnr> <probs for GDERKNQSTAVLIFYWHMCP>
#	G	D	E	R	K	N	Q	S	T	A	V	L	I	F	Y	W	H	M	C	P
0	0.01596	0.23494	0.06593	0.17905	0.02399	0.01767	0.01324	0.14374	0.01713	0.02214	0.01801	0.18336	0.01769	0.01011	0.00653	0.00210	0.00718	0.00836	0.00446	0.00840
1	0.00943	0.00657	0.00811	0.00868	0.00992	0.00644	0.00630	0.01141	0.01342	0.01884	0.03760	0.29536	0.18599	0.02478	0.17269	0.00432	0.00698	0.01309	0.15417	0.00589
2	0.01526	0.01278	0.01528	0.01266	0.01565	0.01403	0.01021	0.16894	0.01729	0.02394	0.02606	0.02856	0.17150	0.03983	0.05858	0.00290	0.19704	0.00781	0.00492	0.15677
3	0.01513	0.01367	0.02079	0.06274	0.36447	0.01462	0.01575	0.02232	0.17137	0.02207	0.01749	0.02122	0.01447	0.01716	0.17211	0.00415	0.00988	0.00675	0.00425	0.00960
4	0.01377	0.27859	0.02131	0.01201	0.01475	0.01701	0.01040	0.01612	0.01384	0.01870	0.17172	0.02449	0.02342	0.01921	0.17445	0.00408	0.14766	0.00692	0.00416	0.00740
5	0.01337	0.01150	0.01746	0.01450	0.01777	0.01122	0.16352	0.14084	0.01794	0.02352	0.03548	0.29174	0.18335	0.01445	0.00808	0.00243	0.00625	0.01322	0.00579	0.00758

[dist]
# distance from previous block
# <min> <max>
0	15

[block]
# block no. 1 follows, 31 sequences, length 82
# corresponding to MSA columns:
# 1079-1118,1122-1128,1161-1195
name=unknown_B
#
# <colnr> <probs for GDERKNQSTAVLIFYWHMCP>
#	G	D	E	R	K	N	Q	S	T	A	V	L	I	F	Y	W	H	M	C	P
0	0.01292	0.01216	0.02052	0.74312	0.04712	0.01520	0.01900	0.01748	0.01368	0.01748	0.01216	0.01824	0.00912	0.00684	0.00684	0.00228	0.00912	0.00608	0.00304	0.00760
1	0.01695	0.01597	0.02555	0.03692	0.59065	0.01639	0.01916	0.02377	0.13999	0.02348	0.01557	0.01848	0.01265	0.00667	0.00681	0.00208	0.00764	0.00639	0.00403	0.01084
2	0.01422	0.03527	0.69444	0.01942	0.02925	0.04605	0.02477	0.02190	0.01465	0.02146	0.01221	0.01436	0.00867	0.00652	0.00649	0.00215	0.01020	0.00503	0.00292	0.01002
3	0.00977	0.00733	0.01100	0.01100	0.01222	0.00855	0.00855	0.01222	0.01100	0.01588	0.01833	0.02688	0.01710	0.05131	0.73245	0.01100	0.01833	0.00733	0.00367	0.00611
4	0.00968	0.00699	0.00914	0.00861	0.01022	0.00646	0.00646	0.01291	0.01937	0.02743	0.71328	0.05110	0.06455	0.01399	0.00807	0.00215	0.00323	0.01237	0.00753	0.00646
5	0.01633	0.01564	0.02668	0.14752	0.61608	0.01610	0.02070	0.02047	0.01529	0.02162	0.01276	0.01713	0.01058	0.00621	0.00678	0.00207	0.00828	0.00609	0.00333	0.01035
6	0.00977	0.00733	0.01100	0.01100	0.01222	0.00855	0.00855	0.01222	0.01100	0.01588	0.01833	0.02688	0.01710	0.05131	0.73245	0.01100	0.01833	0.00733	0.00367	0.00611
7	0.03070	0.01164	0.01588	0.01217	0.01746	0.01006	0.01006	0.03334	0.01958	0.72163	0.02699	0.02329	0.01694	0.00847	0.00688	0.00212	0.00582	0.00688	0.00847	0.01164
8	0.01693	0.01626	0.02777	0.04199	0.71689	0.01626	0.02100	0.02100	0.01558	0.02235	0.01287	0.01693	0.01084	0.00610	0.00677	0.00203	0.00813	0.00610	0.00339	0.01084
9	0.00968	0.00699	0.00914	0.00861	0.01022	0.00646	0.00646	0.01291	0.01937	0.02743	0.71328	0.05110	0.06455	0.01399	0.00807	0.00215	0.00323	0.01237	0.00753	0.00646
10	0.00995	0.00663	0.00746	0.00746	0.00746	0.00663	0.00415	0.00995	0.00995	0.01327	0.02156	0.04477	0.02487	0.75957	0.03482	0.00663	0.00663	0.00995	0.00415	0.00415
11	0.01419	0.01216	0.01419	0.01013	0.01621	0.00912	0.00811	0.01723	0.01419	0.02229	0.01216	0.01419	0.01013	0.00507	0.00507	0.00101	0.00507	0.00405	0.00405	0.80139
12	0.00876	0.00617	0.00798	0.00927	0.00964	0.00586	0.00614	0.00981	0.01262	0.01680	0.03458	0.59068	0.04113	0.16139	0.01371	0.00353	0.00458	0.04611	0.00593	0.00532
13	0.02516	0.01693	0.01871	0.01474	0.01988	0.01837	0.01205	0.44765	0.15785	0.16484	0.02054	0.01942	0.01437	0.00846	0.00687	0.00212	0.00681	0.00659	0.00716	0.01148
14	0.11070	0.04798	0.31050	0.01706	0.02422	0.03764	0.09448	0.02537	0.08526	0.15727	0.01639	0.01715	0.01155	0.00705	0.00646	0.00215	0.00839	0.00580	0.00461	0.00995
15	0.01696	0.01018	0.01258	0.01191	0.01473	0.01030	0.00927	0.02395	0.21054	0.20276	0.03193	0.25855	0.03018	0.01427	0.00786	0.00253	0.00520	0.11049	0.00706	0.00873
16	0.00892	0.00629	0.00819	0.00949	0.00995	0.00601	0.00647	0.01012	0.01282	0.01704	0.03463	0.55203	0.04092	0.15445	0.01352	0.00352	0.00471	0.08960	0.00595	0.00538
17	0.19482	0.47642	0.05707	0.01216	0.01754	0.11028	0.01151	0.02129	0.01409	0.01966	0.00976	0.01132	0.00847	0.00614	0.00466	0.00168	0.00760	0.00382	0.00329	0.00843
18	0.00974	0.00670	0.00776	0.00787	0.00827	0.00654	0.00486	0.01036	0.01163	0.01547	0.08860	0.09157	0.07838	0.56394	0.02787	0.00554	0.00593	0.03949	0.00483	0.00465
19	0.01693	0.01626	0.02777	0.04199	0.71689	0.01626	0.02100	0.02100	0.01558	0.02235	0.01287	0.01693	0.01084	0.00610	0.00677	0.00203	0.00813	0.00610	0.00339	0.01084
20	0.00898	0.00687	0.00826	0.00824	0.00995	0.00614	0.00613	0.01142	0.01713	0.02277	0.37766	0.14293	0.29609	0.01625	0.00820	0.00232	0.00350	0.03415	0.00692	0.00610
21	0.01419	0.01216	0.01419	0.01013	0.01621	0.00912	0.00811	0.01723	0.01419	0.02229	0.01216	0.01419	0.01013	0.00507	0.00507	0.00101	0.00507	0.00405	0.00405	0.80139
22	0.02611	0.01796	0.01971	0.01508	0.02056	0.01937	0.01245	0.58632	0.02991	0.12515	0.01755	0.01717	0.01222	0.00812	0.00678	0.00202	0.00722	0.00616	0.00693	0.04321
23	0.01693	0.01626	0.02777	0.04199	0.71689	0.01626	0.02100	0.02100	0.01558	0.02235	0.01287	0.01693	0.01084	0.00610	0.00677	0.00203	0.00813	0.00610	0.00339	0.01084
24	0.01180	0.00600	0.00900	0.00900	0.00905	0.00605	0.00605	0.00905	0.00900	0.01205	0.01215	0.02104	0.01210	0.02489	0.05554	0.76871	0.00645	0.00600	0.00300	0.00310
25	0.00978	0.00730	0.01085	0.01085	0.01202	0.00847	0.00837	0.01212	0.01095	0.01577	0.01846	0.02763	0.01743	0.08113	0.70308	0.01081	0.01783	0.00744	0.00369	0.00603
26	0.01292	0.01216	0.02052	0.74312	0.04712	0.01520	0.01900	0.01748	0.01368	0.01748	0.01216	0.01824	0.00912	0.00684	0.00684	0.00228	0.00912	0.00608	0.00304	0.00760
27	0.01292	0.01216	0.02052	0.74312	0.04712	0.01520	0.01900	0.01748	0.01368	0.01748	0.01216	0.01824	0.00912	0.00684	0.00684	0.00228	0.00912	0.00608	0.00304	0.00760
28	0.01390	0.01042	0.01203	0.01077	0.01356	0.01084	0.00833	0.07038	0.22786	0.05863	0.37802	0.04066	0.09230	0.01214	0.00759	0.00221	0.00434	0.01042	0.00726	0.00834
29	0.00941	0.00697	0.00869	0.00827	0.00995	0.00634	0.00615	0.01226	0.01836	0.02534	0.57426	0.05348	0.17809	0.04156	0.00904	0.00234	0.00339	0.01265	0.00720	0.00625
30	0.80789	0.01323	0.01006	0.00900	0.01323	0.01535	0.00741	0.02011	0.01164	0.03070	0.00953	0.01111	0.00741	0.00635	0.00423	0.00212	0.00529	0.00370	0.00423	0.00741
31	0.26656	0.01421	0.01409	0.01180	0.01603	0.01562	0.00953	0.25239	0.10295	0.06248	0.04455	0.04514	0.09857	0.00943	0.00629	0.00216	0.00578	0.00719	0.00606	0.00917
32	0.00920	0.00660	0.00860	0.00992	0.01058	0.00632	0.00682	0.03916	0.01402	0.01869	0.03673	0.69622	0.04357	0.02076	0.00868	0.00276	0.00422	0.04492	0.00637	0.00585
33	0.01372	0.03539	0.72412	0.01950	0.02961	0.01589	0.02528	0.02167	0.01444	0.02167	0.01228	0.01444	0.00867	0.00650	0.00650	0.00217	0.01011	0.00506	0.00289	0.01011
34	0.00818	0.00682	0.00714	0.00731	0.00936	0.00578	0.00539	0.00991	0.01546	0.01874	0.09272	0.14591	0.60846	0.01767	0.00816	0.00236	0.00351	0.01494	0.00640	0.00578
35	0.00940	0.00698	0.00825	0.00849	0.01008	0.00634	0.00610	0.01182	0.03696	0.03709	0.20285	0.27605	0.29553	0.04090	0.00907	0.00255	0.00379	0.01501	0.00662	0.00611
36	0.01345	0.00741	0.00762	0.00724	0.00895	0.00757	0.00535	0.06831	0.01521	0.02539	0.02176	0.02714	0.01797	0.09948	0.00860	0.00224	0.00395	0.00679	0.63905	0.00652
37	0.80789	0.01323	0.01006	0.00900	0.01323	0.01535	0.00741	0.02011	0.01164	0.03070	0.00953	0.01111	0.00741	0.00635	0.00423	0.00212	0.00529	0.00370	0.00423	0.00741
38	0.00918	0.00629	0.00804	0.00916	0.00984	0.00583	0.00613	0.01034	0.01320	0.03904	0.03860	0.59508	0.10374	0.09742	0.01133	0.00312	0.00426	0.01761	0.00619	0.00562
39	0.02870	0.01115	0.01510	0.01173	0.01665	0.00969	0.00963	0.03141	0.01937	0.65195	0.07009	0.02512	0.01996	0.00880	0.00688	0.00210	0.00556	0.00721	0.03778	0.01112
40	0.01034	0.00739	0.01024	0.01182	0.01310	0.00729	0.00984	0.01300	0.01508	0.01971	0.03660	0.24906	0.04086	0.01954	0.00927	0.00306	0.00571	0.50568	0.00631	0.00611
41	0.02837	0.01203	0.01574	0.01233	0.01734	0.01099	0.01009	0.05918	0.08298	0.60162	0.05555	0.02439	0.01909	0.00876	0.00694	0.00213	0.00574	0.00716	0.00822	0.01135
42	0.00907	0.00673	0.00806	0.00875	0.00968	0.00637	0.00590	0.01107	0.04329	0.01805	0.08902	0.40293	0.17061	0.16190	0.01351	0.00337	0.00439	0.01563	0.00604	0.00562
43	0.00854	0.00695	0.00756	0.00741	0.00952	0.00597	0.00555	0.01070	0.01666	0.02102	0.25209	0.06166	0.52975	0.01638	0.00808	0.00227	0.00340	0.01385	0.00669	0.00597
44	0.01419	0.01216	0.01419	0.01013	0.01621	0.00912	0.00811	0.01723	0.01419	0.02229	0.01216	0.01419	0.01013	0.00507	0.00507	0.00101	0.00507	0.00405	0.00405	0.80139
45	0.02040	0.01759	0.01675	0.01407	0.01789	0.14367	0.01120	0.34879	0.02356	0.03002	0.04554	0.02339	0.07456	0.01802	0.15879	0.00390	0.01014	0.00703	0.00557	0.00913
46	0.01693	0.08005	0.02066	0.04838	0.04804	0.10066	0.01366	0.01861	0.01264	0.05982	0.01136	0.01613	0.01018	0.01327	0.05902	0.05338	0.40034	0.00574	0.00344	0.00768
47	0.01906	0.01554	0.02593	0.03739	0.60890	0.01530	0.01931	0.02290	0.01620	0.13032	0.01505	0.01791	0.01178	0.00646	0.00679	0.00205	0.00777	0.00622	0.00417	0.01096
48	0.01047	0.00722	0.00886	0.00837	0.01037	0.00644	0.00630	0.01313	0.01798	0.06811	0.44903	0.08450	0.25382	0.01496	0.00803	0.00222	0.00349	0.01295	0.00719	0.00654
49	0.01693	0.01626	0.02777	0.04199	0.71689	0.01626	0.02100	0.02100	0.01558	0.02235	0.01287	0.01693	0.01084	0.00610	0.00677	0.00203	0.00813	0.00610	0.00339	0.01084
50	0.02230	0.02765	0.02491	0.02049	0.02487	0.50376	0.20241	0.02521	0.01815	0.01815	0.01180	0.01463	0.00958	0.00846	0.03574	0.00228	0.01235	0.00555	0.00351	0.00822
51	0.22409	0.01145	0.01305	0.01097	0.01504	0.01148	0.00879	0.02626	0.09429	0.33973	0.08194	0.06029	0.02031	0.00982	0.00726	0.03654	0.00533	0.00725	0.00679	0.00933
52	0.02947	0.01361	0.01709	0.01310	0.01844	0.01297	0.01082	0.20584	0.02287	0.54449	0.02423	0.02149	0.01555	0.00840	0.00687	0.00210	0.00627	0.00669	0.00804	0.01164
53	0.02556	0.03261	0.01939	0.01763	0.02115	0.73210	0.01322	0.02732	0.01939	0.01674	0.01058	0.01234	0.00881	0.00705	0.00617	0.00176	0.01234	0.00441	0.00353	0.00793
54	0.07019	0.00823	0.00926	0.00868	0.01114	0.00768	0.00657	0.01532	0.04895	0.10385	0.21294	0.11130	0.30712	0.03794	0.00850	0.00241	0.00405	0.01224	0.00670	0.00692
55	0.10888	0.00982	0.01049	0.00984	0.01243	0.01039	0.00752	0.02008	0.21208	0.02627	0.25724	0.08286	0.12210	0.01215	0.00708	0.00221	0.00417	0.01025	0.06643	0.00767
56	0.00834	0.00595	0.00794	0.00953	0.00992	0.00556	0.00635	0.00953	0.01310	0.01746	0.03771	0.75510	0.04525	0.02143	0.00873	0.00278	0.00397	0.01945	0.00635	0.00556
57	0.00859	0.00619	0.00814	0.00926	0.00996	0.00574	0.00633	0.01019	0.01439	0.01942	0.16887	0.59693	0.07087	0.01986	0.00858	0.00264	0.00381	0.01792	0.00658	0.00574
58	0.00909	0.00639	0.00804	0.00884	0.00937	0.00609	0.00586	0.01026	0.01308	0.01754	0.11407	0.40590	0.06272	0.24346	0.01655	0.00387	0.00477	0.04300	0.00582	0.00528
59	0.00891	0.00680	0.01008	0.01084	0.01169	0.00637	0.04974	0.01046	0.01338	0.01784	0.03615	0.68678	0.04286	0.02036	0.00871	0.00276	0.00452	0.03975	0.00617	0.00581
60	0.01148	0.00839	0.01136	0.01270	0.01445	0.00857	0.01101	0.01585	0.06778	0.02109	0.03559	0.07327	0.03798	0.01817	0.00926	0.00309	0.00623	0.62075	0.00635	0.00664
61	0.00894	0.00651	0.00842	0.00958	0.01048	0.00609	0.00692	0.01065	0.01423	0.01876	0.09808	0.47180	0.12233	0.05098	0.00982	0.00290	0.00435	0.12710	0.00635	0.00572
62	0.00986	0.00704	0.00967	0.01119	0.01227	0.00686	0.00892	0.01219	0.01476	0.01945	0.05901	0.35946	0.04265	0.01980	0.00910	0.00296	0.00523	0.37722	0.00636	0.00599
63	0.17084	0.01225	0.01502	0.01175	0.01686	0.01148	0.00970	0.05877	0.01868	0.56829	0.02339	0.02080	0.01499	0.00807	0.00640	0.00211	0.00580	0.00628	0.00763	0.01088
64	0.01196	0.00749	0.00951	0.00878	0.01082	0.00676	0.00660	0.01466	0.01816	0.10957	0.47510	0.07929	0.15338	0.04633	0.00911	0.00239	0.00376	0.01221	0.00727	0.00685
65	0.00977	0.00733	0.01100	0.01100	0.01222	0.00855	0.00855	0.01222	0.01100	0.01588	0.01833	0.02688	0.01710	0.05131	0.73245	0.01100	0.01833	0.00733	0.00367	0.00611
66	0.02423	0.01904	0.02411	0.01811	0.02384	0.02051	0.13562	0.57270	0.02927	0.03929	0.01596	0.01679	0.01141	0.00777	0.00707	0.00210	0.00825	0.00651	0.00623	0.01120
67	0.01497	0.01497	0.02095	0.01796	0.01796	0.02095	0.01497	0.01646	0.01048	0.01646	0.00898	0.01497	0.00898	0.01197	0.02245	0.00299	0.74704	0.00599	0.00299	0.00748
68	0.01014	0.00704	0.01039	0.01033	0.01138	0.00783	0.00783	0.01170	0.01164	0.01657	0.10176	0.02873	0.02194	0.04179	0.51683	0.15257	0.01425	0.00769	0.00401	0.00558
69	0.01111	0.00806	0.01143	0.04415	0.01560	0.00819	0.01137	0.01432	0.01566	0.02034	0.03518	0.07463	0.03807	0.01838	0.00934	0.00311	0.00642	0.64213	0.00616	0.00636
70	0.00962	0.00695	0.00909	0.00865	0.01021	0.00642	0.00645	0.01276	0.01910	0.02700	0.68410	0.08151	0.06372	0.01431	0.00810	0.00218	0.00326	0.01268	0.00748	0.00642
71	0.12055	0.02669	0.04871	0.01606	0.02044	0.43225	0.01288	0.17487	0.02108	0.04745	0.01236	0.01355	0.00953	0.00725	0.00612	0.00190	0.01010	0.00482	0.00448	0.00891
72	0.01829	0.76368	0.03585	0.01171	0.01756	0.02707	0.01171	0.02049	0.01390	0.01610	0.00951	0.01097	0.00878	0.00585	0.00439	0.00146	0.00732	0.00366	0.00293	0.00878
73	0.01587	0.01473	0.02289	0.05069	0.45677	0.01377	0.01650	0.01960	0.01505	0.02219	0.01260	0.01602	0.01055	0.00576	0.00619	0.00169	0.00710	0.00539	0.00361	0.28303
74	0.00976	0.00655	0.00752	0.00771	0.00775	0.00650	0.00441	0.00990	0.01032	0.01376	0.02347	0.12911	0.02729	0.67192	0.03172	0.00618	0.00632	0.01108	0.00441	0.00431
75	0.01428	0.12405	0.64033	0.01855	0.02814	0.01725	0.02363	0.02152	0.01438	0.02099	0.01194	0.01402	0.00868	0.00642	0.00624	0.00208	0.00977	0.00489	0.00289	0.00995
76	0.01292	0.01216	0.02052	0.74312	0.04712	0.01520	0.01900	0.01748	0.01368	0.01748	0.01216	0.01824	0.00912	0.00684	0.00684	0.00228	0.00912	0.00608	0.00304	0.00760
77	0.01529	0.01189	0.01242	0.01090	0.01429	0.01262	0.00856	0.17081	0.22341	0.02783	0.03952	0.03797	0.26733	0.01177	0.00707	0.00217	0.00491	0.00963	0.10296	0.00865
78	0.20377	0.01200	0.01458	0.01147	0.01652	0.01123	0.00947	0.03039	0.01781	0.56776	0.02310	0.02058	0.01481	0.00800	0.00629	0.00212	0.00570	0.00617	0.00752	0.01070
79	0.01419	0.01216	0.01419	0.01013	0.01621	0.00912	0.00811	0.01723	0.01419	0.02229	0.01216	0.01419	0.01013	0.00507	0.00507	0.00101	0.00507	0.00405	0.00405	0.80139
80	0.03070	0.01164	0.01588	0.01217	0.01746	0.01006	0.01006	0.03334	0.01958	0.72163	0.02699	0.02329	0.01694	0.00847	0.00688	0.00212	0.00582	0.00688	0.00847	0.01164
81	0.00834	0.00595	0.00794	0.00953	0.00992	0.00556	0.00635	0.00953	0.01310	0.01746	0.03771	0.75510	0.04525	0.02143	0.00873	0.00278	0.00397	0.01945	0.00635	0.00556

[dist]
# distance from previous block
# <min> <max>
0	30

[block]
# block no. 2 follows, 31 sequences, length 22
# corresponding to MSA columns:
# 1228-1249
name=unknown_C
#
# <colnr> <probs for GDERKNQSTAVLIFYWHMCP>
#	G	D	E	R	K	N	Q	S	T	A	V	L	I	F	Y	W	H	M	C	P
0	0.00968	0.00699	0.00914	0.00861	0.01022	0.00646	0.00646	0.01291	0.01937	0.02743	0.71328	0.05110	0.06455	0.01399	0.00807	0.00215	0.00323	0.01237	0.00753	0.00646
1	0.00995	0.00663	0.00746	0.00746	0.00746	0.00663	0.00415	0.00995	0.00995	0.01327	0.02156	0.04477	0.02487	0.75957	0.03482	0.00663	0.00663	0.00995	0.00415	0.00415
2	0.01177	0.00873	0.00976	0.00954	0.01065	0.00924	0.00631	0.03810	0.16663	0.01841	0.02561	0.16351	0.02710	0.43836	0.02312	0.00485	0.00592	0.01099	0.00525	0.00613
3	0.00995	0.00663	0.00746	0.00746	0.00746	0.00663	0.00415	0.00995	0.00995	0.01327	0.02156	0.04477	0.02487	0.75957	0.03482	0.00663	0.00663	0.00995	0.00415	0.00415
4	0.01090	0.00779	0.01088	0.01246	0.01398	0.00777	0.01081	0.01396	0.01563	0.02034	0.03629	0.10844	0.03964	0.01902	0.00942	0.00313	0.00619	0.64080	0.00630	0.00627
5	0.00834	0.00595	0.00794	0.00953	0.00992	0.00556	0.00635	0.00953	0.01310	0.01746	0.03771	0.75510	0.04525	0.02143	0.00873	0.00278	0.00397	0.01945	0.00635	0.00556
6	0.15803	0.01457	0.01477	0.01284	0.01690	0.01654	0.01018	0.14842	0.40348	0.03105	0.05102	0.02422	0.05083	0.00913	0.00655	0.00223	0.00559	0.00723	0.00645	0.00996
7	0.73140	0.01257	0.00970	0.00874	0.01272	0.01448	0.00716	0.01971	0.01190	0.03020	0.01076	0.01250	0.00838	0.00651	0.00429	0.00207	0.00509	0.00396	0.08055	0.00731
8	0.01292	0.01216	0.02052	0.74312	0.04712	0.01520	0.01900	0.01748	0.01368	0.01748	0.01216	0.01824	0.00912	0.00684	0.00684	0.00228	0.00912	0.00608	0.00304	0.00760
9	0.00881	0.00627	0.00838	0.00990	0.01045	0.00595	0.00696	0.01024	0.01336	0.01773	0.03678	0.62240	0.04348	0.05317	0.00998	0.00300	0.00444	0.11685	0.00625	0.00561
10	0.00968	0.00699	0.00914	0.00861	0.01022	0.00646	0.00646	0.01291	0.01937	0.02743	0.71328	0.05110	0.06455	0.01399	0.00807	0.00215	0.00323	0.01237	0.00753	0.00646
11	0.00876	0.00696	0.00787	0.00764	0.00965	0.00606	0.00573	0.01112	0.01719	0.02226	0.34139	0.05961	0.43967	0.01592	0.00808	0.00224	0.00336	0.01357	0.00685	0.00606
12	0.01561	0.40855	0.02381	0.01095	0.01432	0.04636	0.00955	0.01612	0.01219	0.01472	0.01123	0.01588	0.01065	0.01643	0.08631	0.26471	0.00819	0.00481	0.00304	0.00657
13	0.01103	0.00657	0.00981	0.00988	0.01043	0.00704	0.00718	0.01043	0.01002	0.01381	0.01545	0.02561	0.01511	0.03426	0.30038	0.45908	0.01077	0.03542	0.00339	0.00434
14	0.01615	0.01845	0.04037	0.02884	0.03576	0.01730	0.69204	0.02191	0.01615	0.02191	0.01384	0.01845	0.01038	0.00577	0.00807	0.00231	0.01153	0.00807	0.00346	0.00923
15	0.01182	0.00868	0.01043	0.01089	0.01249	0.00899	0.00778	0.01819	0.20801	0.05340	0.03443	0.51567	0.03707	0.01741	0.00815	0.00262	0.00446	0.01557	0.00662	0.00732
16	0.01854	0.01546	0.02196	0.31726	0.11335	0.03965	0.06222	0.17350	0.07260	0.07471	0.01554	0.01843	0.01143	0.00730	0.00691	0.00218	0.00839	0.00637	0.00467	0.00954
17	0.01378	0.01355	0.02044	0.69376	0.04535	0.06397	0.01861	0.01815	0.01407	0.01743	0.01205	0.01784	0.00910	0.00685	0.00679	0.00224	0.00934	0.00597	0.00307	0.00762
18	0.01471	0.01619	0.08983	0.21310	0.35329	0.01500	0.07961	0.01913	0.01480	0.02054	0.01515	0.08929	0.01352	0.00779	0.00707	0.00220	0.00846	0.00748	0.00355	0.00929
19	0.01751	0.15586	0.33366	0.01908	0.07208	0.03582	0.07655	0.04096	0.03993	0.09962	0.01498	0.01771	0.01139	0.00707	0.00644	0.00206	0.00883	0.02657	0.00397	0.00991
20	0.04196	0.04837	0.23888	0.01611	0.02238	0.08700	0.06106	0.04529	0.03522	0.23348	0.01941	0.05045	0.01490	0.00851	0.00683	0.00217	0.00824	0.04462	0.00528	0.00984
21	0.04035	0.01675	0.15161	0.01684	0.02216	0.01259	0.17263	0.04351	0.03590	0.19376	0.02182	0.13058	0.01887	0.06073	0.00926	0.00261	0.00779	0.02780	0.00537	0.00909

[dist]
# distance from previous block
# <min> <max>
12	25

# created by:
# /home/cegg/simao/soft/augustus-3.2.1/scripts/msa2prfl.pl ./align_prep/EOG090W0IH3.fa
