[name]
unknown

[dist]
# distance from previous block
# <min> <max>
0	84

[block]
# block no. 0 follows, 33 sequences, length 6
# corresponding to MSA columns:
# 87-92
name=unknown_A
#
# <colnr> <probs for GDERKNQSTAVLIFYWHMCP>
#	G	D	E	R	K	N	Q	S	T	A	V	L	I	F	Y	W	H	M	C	P
0	0.01090	0.00904	0.01469	0.01338	0.01584	0.00862	0.12835	0.01429	0.01615	0.02161	0.21931	0.05697	0.09002	0.01462	0.00841	0.00257	0.00593	0.33683	0.00591	0.00655
1	0.02008	0.05151	0.01782	0.01655	0.05919	0.48331	0.01200	0.02198	0.01672	0.01684	0.04294	0.04900	0.04334	0.01139	0.06134	0.00251	0.05638	0.00594	0.00373	0.00743
2	0.00833	0.00669	0.00743	0.00724	0.00923	0.00579	0.00543	0.01050	0.01629	0.02084	0.30021	0.05832	0.48947	0.01553	0.00777	0.00217	0.00325	0.01319	0.00652	0.00579
3	0.00957	0.00638	0.00718	0.00718	0.00718	0.00638	0.00399	0.00957	0.00957	0.01276	0.02074	0.04308	0.02393	0.76864	0.03351	0.00638	0.00638	0.00957	0.00399	0.00399
4	0.01830	0.69828	0.03291	0.01184	0.01724	0.09785	0.01141	0.02037	0.01391	0.01555	0.00925	0.01069	0.00845	0.00575	0.00440	0.00144	0.00752	0.00359	0.00287	0.00837
5	0.01187	0.01089	0.01804	0.64257	0.04006	0.01332	0.01649	0.01593	0.01353	0.01753	0.06629	0.07521	0.01530	0.00813	0.00680	0.00222	0.00799	0.00725	0.00348	0.00709

[dist]
# distance from previous block
# <min> <max>
0	1

[block]
# block no. 1 follows, 33 sequences, length 83
# corresponding to MSA columns:
# 94-176
name=unknown_B
#
# <colnr> <probs for GDERKNQSTAVLIFYWHMCP>
#	G	D	E	R	K	N	Q	S	T	A	V	L	I	F	Y	W	H	M	C	P
0	0.02053	0.07724	0.04173	0.05007	0.17009	0.38489	0.08001	0.04547	0.01709	0.01863	0.01111	0.01371	0.00913	0.00653	0.00655	0.00185	0.02843	0.00503	0.00338	0.00854
1	0.02461	0.01215	0.01522	0.01219	0.01662	0.01190	0.00991	0.10097	0.14010	0.45728	0.08731	0.02429	0.02034	0.00882	0.00710	0.00209	0.02391	0.00714	0.00752	0.01052
2	0.01629	0.01564	0.02672	0.04041	0.72757	0.01564	0.02020	0.02020	0.01499	0.02151	0.01238	0.01629	0.01043	0.00587	0.00652	0.00196	0.00782	0.00587	0.00326	0.01043
3	0.01185	0.00965	0.01345	0.23442	0.04015	0.01062	0.01099	0.08605	0.05200	0.02074	0.07210	0.33001	0.05471	0.01346	0.00746	0.00236	0.00578	0.01196	0.00523	0.00701
4	0.00840	0.00617	0.00833	0.01017	0.03619	0.00579	0.00654	0.00968	0.01284	0.01715	0.05352	0.67458	0.06512	0.04065	0.00900	0.00272	0.00401	0.01765	0.00597	0.00553
5	0.01550	0.01765	0.03826	0.02742	0.03387	0.01676	0.68219	0.02092	0.01537	0.02092	0.01317	0.01765	0.00995	0.00574	0.00820	0.00224	0.03433	0.00771	0.00332	0.00883
6	0.01432	0.01363	0.02316	0.40387	0.37950	0.01512	0.01922	0.01848	0.01406	0.01912	0.01204	0.01694	0.00958	0.00623	0.00655	0.00208	0.00831	0.00586	0.00309	0.00884
7	0.01374	0.03139	0.62826	0.01866	0.04695	0.04119	0.02242	0.02100	0.04018	0.02052	0.01232	0.01457	0.00899	0.00712	0.00715	0.03879	0.00940	0.00501	0.00297	0.00939
8	0.01243	0.01170	0.01975	0.75282	0.04534	0.01463	0.01828	0.01682	0.01316	0.01682	0.01170	0.01755	0.00878	0.00658	0.00658	0.00219	0.00878	0.00585	0.00293	0.00731
9	0.02885	0.01165	0.01547	0.01194	0.01699	0.01042	0.00984	0.06383	0.04461	0.67421	0.02552	0.02218	0.01619	0.00816	0.00662	0.00204	0.00566	0.00662	0.00802	0.01117
10	0.05840	0.01186	0.01544	0.01188	0.01695	0.01076	0.00982	0.08754	0.01956	0.64863	0.02450	0.02142	0.01553	0.00805	0.00652	0.00203	0.00572	0.00645	0.00787	0.01105
11	0.04420	0.01485	0.04585	0.17168	0.18241	0.08114	0.09129	0.04403	0.01514	0.02008	0.01979	0.12349	0.05473	0.00956	0.00701	0.00220	0.00781	0.05268	0.00408	0.00800
12	0.01973	0.10071	0.01916	0.14083	0.02231	0.03266	0.03681	0.20279	0.01934	0.17472	0.01977	0.12177	0.01686	0.00948	0.00669	0.00210	0.00688	0.03278	0.00557	0.00905
13	0.01747	0.12607	0.22316	0.01482	0.02154	0.01430	0.08363	0.04243	0.01550	0.15397	0.03323	0.01634	0.01185	0.00637	0.00592	0.00173	0.00734	0.00529	0.00434	0.19469
14	0.01776	0.64262	0.09902	0.01243	0.01827	0.08354	0.01261	0.02036	0.01386	0.01604	0.00949	0.01098	0.00844	0.00578	0.00455	0.00150	0.00769	0.00371	0.00286	0.00850
15	0.01079	0.00726	0.00947	0.00868	0.01059	0.00671	0.00656	0.01363	0.01730	0.07007	0.54065	0.04407	0.07216	0.04318	0.07089	0.00290	0.00471	0.01077	0.00668	0.04295
16	0.03406	0.02364	0.28101	0.02021	0.08376	0.10215	0.10940	0.02220	0.01482	0.11432	0.01323	0.01551	0.00983	0.00721	0.00870	0.00216	0.11927	0.00560	0.00372	0.00919
17	0.00904	0.00679	0.00847	0.00917	0.01025	0.00656	0.00644	0.01224	0.07878	0.01985	0.17928	0.49195	0.10086	0.01775	0.00806	0.00247	0.00376	0.01588	0.00640	0.00601
18	0.01112	0.00738	0.01086	0.01056	0.01202	0.00829	0.00820	0.01340	0.01125	0.07607	0.01845	0.02618	0.01671	0.07137	0.65492	0.00971	0.01621	0.00711	0.00394	0.00626
19	0.01713	0.67551	0.09414	0.01265	0.01868	0.02471	0.04390	0.01987	0.01352	0.01620	0.00957	0.01117	0.00851	0.00568	0.00456	0.00150	0.00745	0.00383	0.00284	0.00858
20	0.00941	0.00702	0.01042	0.01042	0.01154	0.00814	0.00803	0.01165	0.01053	0.01516	0.01778	0.02667	0.01681	0.08316	0.70924	0.01038	0.01711	0.00717	0.00355	0.00579
21	0.00798	0.00612	0.00731	0.00818	0.00931	0.00546	0.00569	0.00939	0.01373	0.01752	0.07224	0.47223	0.30349	0.01887	0.00814	0.00248	0.00361	0.01664	0.00615	0.00546
22	0.01629	0.01564	0.02672	0.04041	0.72757	0.01564	0.02020	0.02020	0.01499	0.02151	0.01238	0.01629	0.01043	0.00587	0.00652	0.00196	0.00782	0.00587	0.00326	0.01043
23	0.01505	0.26917	0.48451	0.01624	0.02449	0.01891	0.01972	0.04597	0.01437	0.01991	0.01111	0.01290	0.00848	0.00612	0.00562	0.00186	0.00878	0.00448	0.00293	0.00938
24	0.01320	0.03405	0.73453	0.01876	0.02849	0.01529	0.02432	0.02085	0.01390	0.02085	0.01181	0.01390	0.00834	0.00625	0.00625	0.00208	0.00973	0.00486	0.00278	0.00973
25	0.00878	0.00671	0.00806	0.00772	0.00951	0.00598	0.00579	0.01139	0.01737	0.02340	0.49492	0.05412	0.29317	0.01458	0.00777	0.00212	0.00319	0.01260	0.00685	0.00598
26	0.81514	0.01273	0.00968	0.00866	0.01273	0.01477	0.00713	0.01935	0.01120	0.02954	0.00917	0.01069	0.00713	0.00611	0.00407	0.00204	0.00509	0.00356	0.00407	0.00713
27	0.01008	0.04873	0.01068	0.00941	0.01037	0.00843	0.00689	0.01126	0.01026	0.01420	0.01759	0.02978	0.01787	0.26435	0.42467	0.07655	0.01260	0.00752	0.00357	0.00519
28	0.01243	0.01170	0.01975	0.75282	0.04534	0.01463	0.01828	0.01682	0.01316	0.01682	0.01170	0.01755	0.00878	0.00658	0.00658	0.00219	0.00878	0.00585	0.00293	0.00731
29	0.00872	0.00647	0.00822	0.00944	0.01017	0.00629	0.00644	0.01137	0.07239	0.01775	0.03649	0.67825	0.06417	0.01950	0.00824	0.00262	0.00392	0.01760	0.00616	0.00578
30	0.02791	0.01313	0.01639	0.01264	0.01773	0.01263	0.01042	0.20159	0.04803	0.53200	0.02345	0.02083	0.01516	0.00812	0.00661	0.00203	0.00600	0.00648	0.00770	0.01117
31	0.01745	0.74780	0.05801	0.01152	0.01729	0.02569	0.01170	0.01975	0.01339	0.01567	0.00924	0.01067	0.00844	0.00565	0.00429	0.00143	0.00713	0.00357	0.00281	0.00849
32	0.01243	0.01170	0.01975	0.75282	0.04534	0.01463	0.01828	0.01682	0.01316	0.01682	0.01170	0.01755	0.00878	0.00658	0.00658	0.00219	0.00878	0.00585	0.00293	0.00731
33	0.00844	0.00663	0.00763	0.00752	0.00933	0.00582	0.00559	0.01067	0.01635	0.02132	0.33936	0.10668	0.39998	0.01561	0.00782	0.00219	0.00327	0.01340	0.00659	0.00582
34	0.00984	0.00692	0.00842	0.00938	0.05223	0.00687	0.00517	0.01020	0.01026	0.01372	0.02244	0.09298	0.04153	0.64992	0.02942	0.00574	0.00622	0.01010	0.00415	0.00452
35	0.01760	0.77260	0.03450	0.01126	0.01690	0.02605	0.01126	0.01971	0.01338	0.01549	0.00915	0.01056	0.00845	0.00563	0.00422	0.00141	0.00704	0.00352	0.00282	0.00845
36	0.00797	0.00668	0.00693	0.00687	0.00901	0.00564	0.00515	0.00981	0.01545	0.01883	0.14673	0.06163	0.64421	0.01628	0.00778	0.00220	0.00331	0.01365	0.00625	0.00564
37	0.01629	0.01564	0.02672	0.04041	0.72757	0.01564	0.02020	0.02020	0.01499	0.02151	0.01238	0.01629	0.01043	0.00587	0.00652	0.00196	0.00782	0.00587	0.00326	0.01043
38	0.01270	0.01198	0.02024	0.70276	0.09328	0.01470	0.01842	0.01706	0.01329	0.01715	0.01175	0.01746	0.00889	0.00653	0.00658	0.00218	0.00871	0.00585	0.00295	0.00753
39	0.01517	0.01927	0.18540	0.06630	0.29148	0.03441	0.03825	0.02311	0.16787	0.02255	0.05802	0.01952	0.01500	0.00713	0.00660	0.00207	0.00767	0.00635	0.00413	0.00972
40	0.00946	0.00634	0.00721	0.00732	0.00735	0.00631	0.00414	0.00954	0.00979	0.01305	0.02183	0.09376	0.02531	0.71608	0.03174	0.00612	0.00620	0.01022	0.00414	0.00408
41	0.09903	0.03575	0.04087	0.05049	0.38885	0.10684	0.04841	0.02183	0.07628	0.02203	0.03870	0.01698	0.01238	0.00656	0.00625	0.00197	0.00786	0.00579	0.00377	0.00935
42	0.01814	0.01835	0.01859	0.12477	0.18471	0.25424	0.01392	0.02117	0.03091	0.06206	0.01542	0.08901	0.01367	0.00833	0.00719	0.00201	0.04756	0.00667	0.05513	0.00817
43	0.02586	0.01039	0.01410	0.01109	0.01554	0.00905	0.00905	0.02851	0.01880	0.60376	0.15296	0.02728	0.02463	0.00911	0.00683	0.00204	0.00515	0.00758	0.00798	0.01030
44	0.01371	0.00753	0.00996	0.00927	0.01138	0.00679	0.00696	0.01613	0.01701	0.19028	0.36095	0.22736	0.06800	0.01415	0.00766	0.00222	0.00389	0.01247	0.00713	0.00715
45	0.01723	0.70988	0.09395	0.01190	0.01788	0.02514	0.01237	0.01981	0.01342	0.01594	0.00938	0.01084	0.00844	0.00569	0.00440	0.00147	0.00727	0.00363	0.00281	0.00856
46	0.00808	0.00592	0.00746	0.00865	0.00930	0.00545	0.00580	0.00924	0.01278	0.01670	0.03998	0.61018	0.14741	0.06774	0.00991	0.00284	0.00391	0.01739	0.00598	0.00529
47	0.81514	0.01273	0.00968	0.00866	0.01273	0.01477	0.00713	0.01935	0.01120	0.02954	0.00917	0.01069	0.00713	0.00611	0.00407	0.00204	0.00509	0.00356	0.00407	0.00713
48	0.07170	0.00748	0.00798	0.00729	0.00962	0.00736	0.00567	0.01855	0.01450	0.14853	0.02140	0.02320	0.01609	0.00764	0.00492	0.00166	0.00365	0.00604	0.60964	0.00709
49	0.56407	0.01523	0.01282	0.01089	0.01508	0.06149	0.00891	0.17502	0.01611	0.03101	0.01072	0.01203	0.00818	0.00671	0.00526	0.00203	0.02759	0.00420	0.00457	0.00808
50	0.01243	0.01170	0.01975	0.75282	0.04534	0.01463	0.01828	0.01682	0.01316	0.01682	0.01170	0.01755	0.00878	0.00658	0.00658	0.00219	0.00878	0.00585	0.00293	0.00731
51	0.81514	0.01273	0.00968	0.00866	0.01273	0.01477	0.00713	0.01935	0.01120	0.02954	0.00917	0.01069	0.00713	0.00611	0.00407	0.00204	0.00509	0.00356	0.00407	0.00713
52	0.01172	0.00994	0.01302	0.01216	0.01328	0.03863	0.00956	0.04458	0.01164	0.01645	0.01565	0.02374	0.01484	0.08849	0.48427	0.00799	0.16736	0.00681	0.00356	0.00632
53	0.01038	0.00688	0.00891	0.00853	0.01019	0.00627	0.00634	0.01305	0.01749	0.07187	0.52737	0.15466	0.10418	0.01440	0.00778	0.00217	0.00340	0.01271	0.00706	0.00637
54	0.02423	0.01749	0.01890	0.01473	0.01980	0.01930	0.01209	0.58437	0.11393	0.08008	0.01774	0.01726	0.01258	0.00804	0.00660	0.00201	0.00690	0.00615	0.00669	0.01110
55	0.01614	0.01614	0.02438	0.20344	0.50592	0.08065	0.01909	0.01997	0.01490	0.01994	0.01203	0.01619	0.00987	0.00611	0.00648	0.00199	0.00841	0.00572	0.00319	0.00945
56	0.01715	0.01903	0.01945	0.05737	0.01958	0.23091	0.01396	0.01885	0.01277	0.01596	0.00949	0.01413	0.00880	0.01085	0.03488	0.00270	0.47842	0.00535	0.00305	0.00730
57	0.00827	0.00662	0.00720	0.00715	0.00897	0.00576	0.00521	0.01008	0.01523	0.01916	0.20207	0.08346	0.49971	0.07999	0.00998	0.00256	0.00356	0.01327	0.00617	0.00556
58	0.01104	0.05245	0.01109	0.01012	0.01154	0.00898	0.00746	0.09480	0.01491	0.01967	0.03229	0.48114	0.07715	0.06519	0.00989	0.00275	0.02477	0.05275	0.00575	0.00625
59	0.12343	0.01447	0.01573	0.01274	0.03564	0.05762	0.01005	0.17626	0.01935	0.27520	0.01721	0.01678	0.01197	0.00699	0.00587	0.00177	0.00619	0.00533	0.00596	0.18144
60	0.01538	0.31114	0.41949	0.01665	0.05074	0.01953	0.01885	0.04339	0.01432	0.01955	0.01097	0.01280	0.00856	0.00606	0.00551	0.00182	0.00856	0.00443	0.00294	0.00932
61	0.01991	0.01427	0.01522	0.01243	0.01637	0.01576	0.01003	0.40115	0.13556	0.03414	0.01907	0.01974	0.01423	0.00927	0.02848	0.00217	0.00617	0.00626	0.21016	0.00962
62	0.01002	0.00690	0.00896	0.00835	0.01006	0.00632	0.00630	0.01305	0.01850	0.05264	0.67252	0.04871	0.08589	0.01338	0.00772	0.00208	0.00321	0.01178	0.00724	0.00637
63	0.01405	0.04861	0.53377	0.02303	0.14603	0.01575	0.08565	0.02073	0.01422	0.02084	0.01198	0.01457	0.00884	0.00611	0.00639	0.00206	0.00947	0.00526	0.00291	0.00974
64	0.01583	0.02531	0.31824	0.04728	0.16830	0.12062	0.05212	0.02146	0.04638	0.01992	0.01209	0.01494	0.00945	0.00694	0.00809	0.00211	0.09318	0.00537	0.00319	0.00920
65	0.00813	0.00581	0.00774	0.00909	0.00957	0.00542	0.00612	0.00944	0.01312	0.01762	0.09470	0.70361	0.04512	0.02002	0.00835	0.00262	0.00376	0.01814	0.00621	0.00542
66	0.01241	0.01054	0.01209	0.01238	0.06324	0.01108	0.00879	0.02178	0.31572	0.02371	0.15273	0.04149	0.23951	0.01212	0.00727	0.00221	0.00451	0.03397	0.00635	0.00811
67	0.01083	0.00677	0.00887	0.00961	0.01093	0.00633	0.00723	0.01278	0.01431	0.08277	0.07639	0.41277	0.08718	0.01748	0.00807	0.00256	0.00434	0.15856	0.05608	0.00614
68	0.01494	0.00898	0.01003	0.00908	0.01159	0.00935	0.00706	0.06200	0.14271	0.09678	0.08441	0.02718	0.04205	0.01166	0.05753	0.00244	0.00500	0.00720	0.38230	0.00770
69	0.01733	0.72663	0.07807	0.01173	0.01762	0.02538	0.01208	0.01978	0.01341	0.01582	0.00932	0.01077	0.00844	0.00567	0.00435	0.00145	0.00721	0.00360	0.00281	0.00853
70	0.01117	0.00887	0.01091	0.04478	0.01443	0.00931	0.00920	0.01750	0.18593	0.02063	0.03669	0.19706	0.13208	0.01567	0.00807	0.00261	0.00513	0.25691	0.00609	0.00697
71	0.02364	0.01762	0.01826	0.01425	0.01905	0.04665	0.01167	0.60554	0.02864	0.03870	0.01620	0.01659	0.01170	0.00783	0.00635	0.00192	0.00697	0.00588	0.09201	0.01052
72	0.04488	0.01680	0.12914	0.04338	0.02230	0.01280	0.12802	0.07915	0.03435	0.06791	0.01355	0.01545	0.01025	0.00589	0.00591	0.00163	0.00708	0.00520	0.00417	0.35213
73	0.03685	0.01410	0.01586	0.03805	0.04312	0.01577	0.01094	0.12716	0.42776	0.07433	0.02230	0.02224	0.01690	0.03759	0.00798	0.00229	0.02735	0.00684	0.00613	0.04642
74	0.01230	0.00970	0.01144	0.01145	0.01269	0.05811	0.00908	0.01405	0.03013	0.03546	0.02669	0.06273	0.08151	0.09966	0.04251	0.12144	0.09550	0.25496	0.00479	0.00578
75	0.00809	0.00578	0.00770	0.00912	0.00956	0.00539	0.00612	0.00934	0.01292	0.01732	0.07288	0.72629	0.04453	0.02024	0.00837	0.00264	0.00378	0.01835	0.00617	0.00539
76	0.01839	0.20941	0.24911	0.05650	0.04663	0.07164	0.01630	0.09532	0.01631	0.10210	0.01293	0.01441	0.00970	0.00682	0.00664	0.00192	0.04771	0.00494	0.00388	0.00934
77	0.01612	0.01818	0.06713	0.02769	0.11750	0.01683	0.51973	0.06680	0.01625	0.02233	0.01315	0.01716	0.01000	0.00598	0.00793	0.00219	0.03512	0.00721	0.00350	0.00921
78	0.02442	0.01009	0.01355	0.01077	0.01502	0.00878	0.00875	0.02702	0.01859	0.55602	0.16249	0.02987	0.06522	0.00965	0.00691	0.00205	0.00499	0.00805	0.00786	0.00992
79	0.01659	0.01591	0.07939	0.02023	0.14231	0.01458	0.13835	0.13454	0.12558	0.05756	0.04800	0.02519	0.07572	0.02683	0.00760	0.00220	0.00725	0.02543	0.00504	0.03170
80	0.27404	0.01029	0.01021	0.00945	0.01234	0.01111	0.00733	0.03754	0.13121	0.02568	0.13846	0.11417	0.07010	0.01171	0.02994	0.00237	0.00486	0.00841	0.05372	0.03707
81	0.08420	0.01511	0.01531	0.01283	0.01721	0.09553	0.03636	0.04535	0.27767	0.02429	0.01854	0.02114	0.01500	0.00763	0.00603	0.00182	0.00619	0.04613	0.00509	0.24857
82	0.01465	0.11497	0.37489	0.01528	0.02301	0.01503	0.03786	0.06079	0.01484	0.02163	0.01175	0.01366	0.00899	0.00585	0.00567	0.00168	0.00788	0.00457	0.00336	0.24364

[dist]
# distance from previous block
# <min> <max>
0	2

[block]
# block no. 2 follows, 33 sequences, length 27
# corresponding to MSA columns:
# 179-192,195-207
name=unknown_C
#
# <colnr> <probs for GDERKNQSTAVLIFYWHMCP>
#	G	D	E	R	K	N	Q	S	T	A	V	L	I	F	Y	W	H	M	C	P
0	0.59260	0.07503	0.01354	0.01094	0.03834	0.05332	0.00864	0.05213	0.03861	0.05083	0.01082	0.01205	0.00837	0.00635	0.00456	0.00197	0.00581	0.00402	0.00425	0.00781
1	0.00874	0.00656	0.00814	0.00833	0.00980	0.00595	0.00619	0.01105	0.01617	0.02169	0.36191	0.20928	0.22341	0.01615	0.00800	0.00231	0.00352	0.06031	0.00663	0.00585
2	0.01665	0.07530	0.08699	0.05187	0.48783	0.08702	0.04216	0.02058	0.01518	0.02044	0.02755	0.01603	0.01099	0.00615	0.00634	0.00192	0.00835	0.00564	0.00328	0.00972
3	0.00919	0.00672	0.00824	0.00805	0.00957	0.00623	0.00600	0.01163	0.01628	0.02229	0.42028	0.05169	0.19898	0.09384	0.03258	0.00285	0.00412	0.05316	0.03250	0.00582
4	0.01723	0.06254	0.25672	0.13513	0.04440	0.06519	0.03947	0.14562	0.04739	0.06332	0.04958	0.01740	0.01269	0.00716	0.00641	0.00202	0.00837	0.00578	0.00426	0.00932
5	0.01456	0.01374	0.02319	0.26185	0.45937	0.01462	0.01855	0.01856	0.01469	0.02040	0.06555	0.01916	0.01379	0.00666	0.00663	0.00204	0.00777	0.00631	0.00345	0.00913
6	0.01231	0.01325	0.07403	0.14049	0.14301	0.01222	0.12958	0.01599	0.01439	0.01962	0.08567	0.14408	0.08584	0.01063	0.00813	0.00228	0.04747	0.02902	0.00431	0.00767
7	0.00966	0.01109	0.12073	0.00980	0.01272	0.00772	0.00887	0.01345	0.04005	0.02255	0.36352	0.12300	0.20440	0.01371	0.00757	0.00218	0.00433	0.01186	0.00615	0.00665
8	0.00963	0.00752	0.01056	0.01206	0.06823	0.00709	0.02279	0.01202	0.01519	0.02036	0.20931	0.27766	0.13949	0.01631	0.00813	0.00246	0.00448	0.14438	0.00610	0.00621
9	0.01747	0.69112	0.03239	0.01149	0.01692	0.02501	0.01117	0.02135	0.08882	0.01678	0.01105	0.01206	0.00970	0.00599	0.00449	0.00150	0.00684	0.00394	0.00323	0.00866
10	0.01445	0.03307	0.65768	0.01847	0.02762	0.05470	0.02307	0.05783	0.01507	0.02170	0.01194	0.01389	0.00850	0.00637	0.00626	0.00206	0.00971	0.00489	0.00302	0.00969
11	0.01320	0.03405	0.73453	0.01876	0.02849	0.01529	0.02432	0.02085	0.01390	0.02085	0.01181	0.01390	0.00834	0.00625	0.00625	0.00208	0.00973	0.00486	0.00278	0.00973
12	0.01601	0.07844	0.10541	0.05410	0.10234	0.13656	0.05081	0.05300	0.01476	0.01951	0.01347	0.03753	0.01158	0.01219	0.08727	0.00294	0.11095	0.00589	0.07918	0.00805
13	0.00905	0.00667	0.00812	0.00846	0.00963	0.00599	0.00571	0.01011	0.01232	0.01647	0.03382	0.41026	0.13078	0.16853	0.01355	0.03070	0.00445	0.01408	0.00532	0.09598
14	0.01702	0.27604	0.14507	0.01329	0.03973	0.01709	0.01269	0.08606	0.01571	0.06960	0.01380	0.01493	0.02997	0.00625	0.00530	0.00155	0.00677	0.00466	0.00393	0.22054
15	0.01130	0.00682	0.00828	0.00818	0.00886	0.00664	0.00523	0.01197	0.01140	0.08343	0.04761	0.14221	0.02744	0.52180	0.04591	0.00532	0.00615	0.03152	0.00485	0.00507
16	0.01468	0.08928	0.40038	0.01558	0.04774	0.01380	0.01718	0.02009	0.01414	0.06409	0.01337	0.01519	0.00999	0.00618	0.00569	0.00176	0.00763	0.00483	0.08069	0.15768
17	0.01547	0.10715	0.30871	0.01457	0.02191	0.01437	0.03740	0.06203	0.01510	0.05708	0.01247	0.01410	0.00946	0.00589	0.00564	0.00163	0.00746	0.00463	0.00368	0.28125
18	0.04469	0.19970	0.02273	0.01732	0.08734	0.41938	0.01278	0.05119	0.01736	0.05464	0.01116	0.01266	0.00913	0.00652	0.00560	0.00169	0.00966	0.00440	0.00364	0.00840
19	0.02319	0.01711	0.01835	0.01431	0.01901	0.01890	0.01161	0.61196	0.05601	0.03817	0.01672	0.01878	0.01278	0.08128	0.00919	0.00241	0.00708	0.00634	0.00634	0.01047
20	0.00923	0.00740	0.01098	0.01045	0.01181	0.00696	0.08060	0.01091	0.01308	0.01734	0.08637	0.37372	0.13148	0.15373	0.04171	0.00350	0.00549	0.01425	0.00541	0.00560
21	0.01760	0.64341	0.05738	0.01197	0.01748	0.05301	0.01171	0.02149	0.08131	0.01687	0.01099	0.01208	0.00957	0.00602	0.00460	0.00152	0.00715	0.00398	0.00321	0.00865
22	0.01030	0.00868	0.00938	0.01032	0.01132	0.07693	0.00755	0.01203	0.01423	0.01819	0.10690	0.46151	0.04047	0.04131	0.00901	0.00270	0.00502	0.14249	0.00590	0.00575
23	0.01073	0.00908	0.00957	0.00912	0.01076	0.07716	0.00678	0.01339	0.01766	0.02372	0.54172	0.06738	0.08620	0.05672	0.00913	0.00234	0.00426	0.03157	0.00656	0.00616
24	0.00955	0.00762	0.00887	0.00868	0.01094	0.00686	0.00674	0.01267	0.05283	0.02047	0.17418	0.11919	0.32812	0.01511	0.00770	0.00224	0.00400	0.11467	0.00613	0.08344
25	0.10120	0.01789	0.01879	0.01452	0.01967	0.01987	0.01199	0.63946	0.02905	0.04034	0.01517	0.01531	0.01080	0.00773	0.00634	0.00198	0.00704	0.00570	0.00634	0.01080
26	0.02244	0.02086	0.01676	0.01410	0.01797	0.28309	0.01108	0.32456	0.02317	0.02894	0.01481	0.01602	0.01128	0.00745	0.00597	0.00179	0.00815	0.00535	0.15729	0.00892

[dist]
# distance from previous block
# <min> <max>
0	2

[block]
# block no. 3 follows, 33 sequences, length 133
# corresponding to MSA columns:
# 210-342
name=unknown_D
#
# <colnr> <probs for GDERKNQSTAVLIFYWHMCP>
#	G	D	E	R	K	N	Q	S	T	A	V	L	I	F	Y	W	H	M	C	P
0	0.00867	0.00632	0.00827	0.00963	0.01029	0.00611	0.00671	0.01089	0.04972	0.01761	0.03567	0.66804	0.04184	0.01981	0.00837	0.00268	0.00408	0.07347	0.00614	0.00567
1	0.01494	0.01529	0.02009	0.01727	0.01744	0.05806	0.01431	0.01639	0.01053	0.01586	0.00872	0.01427	0.00863	0.01127	0.02078	0.00282	0.71750	0.00568	0.00291	0.00722
2	0.01124	0.00577	0.00848	0.00848	0.00859	0.00571	0.00568	0.00862	0.00891	0.01177	0.01434	0.02229	0.04888	0.02254	0.02479	0.76615	0.00559	0.00615	0.00303	0.00300
3	0.00941	0.00697	0.00879	0.00816	0.00995	0.00629	0.00610	0.01225	0.01769	0.02481	0.59790	0.04845	0.12151	0.04099	0.00856	0.00219	0.00334	0.01159	0.00684	0.04820
4	0.02412	0.03066	0.01972	0.01753	0.02109	0.70413	0.04898	0.02601	0.01849	0.01637	0.01034	0.01218	0.00856	0.00672	0.00603	0.00172	0.01183	0.00443	0.00339	0.00770
5	0.01818	0.62549	0.03096	0.01205	0.01713	0.12842	0.01132	0.02024	0.01399	0.01557	0.00975	0.01155	0.00887	0.00809	0.04322	0.00193	0.00829	0.00381	0.00294	0.00820
6	0.00825	0.00604	0.00827	0.04820	0.01143	0.00583	0.00675	0.00957	0.01263	0.01681	0.03499	0.72515	0.04172	0.01989	0.00831	0.00265	0.00408	0.01804	0.00594	0.00545
7	0.01334	0.01144	0.01328	0.00959	0.01525	0.00861	0.00765	0.01620	0.01372	0.02126	0.01459	0.01626	0.04729	0.00549	0.00503	0.00104	0.00479	0.00442	0.00402	0.76672
8	0.65325	0.01344	0.01167	0.01105	0.05109	0.03397	0.00838	0.04421	0.01298	0.09341	0.01113	0.01227	0.00832	0.00636	0.00457	0.00202	0.00554	0.00406	0.00447	0.00783
9	0.01462	0.00844	0.00950	0.00896	0.01125	0.00864	0.00686	0.02058	0.15844	0.11354	0.05108	0.11557	0.02298	0.01008	0.00600	0.00194	0.00401	0.02926	0.39068	0.00756
10	0.00953	0.00636	0.00719	0.00723	0.00724	0.00635	0.00405	0.00956	0.00966	0.01287	0.02116	0.06258	0.02446	0.74841	0.03283	0.00628	0.00631	0.00982	0.00405	0.00403
11	0.05191	0.13667	0.04393	0.24407	0.10128	0.01697	0.03122	0.14391	0.03242	0.08119	0.02836	0.01734	0.01157	0.02387	0.00674	0.00207	0.00754	0.00571	0.00428	0.00892
12	0.01734	0.01551	0.02619	0.24055	0.12439	0.03826	0.23057	0.09925	0.01680	0.08695	0.01395	0.01744	0.01032	0.00659	0.00729	0.00213	0.02698	0.00648	0.00401	0.00902
13	0.00834	0.00669	0.00745	0.00726	0.00924	0.00580	0.00545	0.01054	0.01634	0.02094	0.30780	0.05816	0.48182	0.01549	0.00777	0.00217	0.00325	0.01316	0.00653	0.00580
14	0.01484	0.01570	0.01351	0.03701	0.06024	0.25132	0.01060	0.01704	0.01587	0.01782	0.03000	0.14150	0.13968	0.01336	0.00750	0.00231	0.00742	0.19265	0.00492	0.00671
15	0.03827	0.05602	0.02336	0.26484	0.21086	0.09350	0.07750	0.08018	0.05326	0.02132	0.01281	0.01631	0.01003	0.00650	0.00642	0.00202	0.00855	0.00576	0.00364	0.00884
16	0.01908	0.01142	0.01252	0.01031	0.01373	0.01190	0.00828	0.27365	0.02104	0.12525	0.04410	0.02304	0.03871	0.00829	0.00581	0.00180	0.00497	0.00656	0.35086	0.00868
17	0.00802	0.00573	0.00764	0.00917	0.00955	0.00535	0.00611	0.00917	0.01260	0.01681	0.03628	0.76434	0.04354	0.02062	0.00840	0.00267	0.00382	0.01872	0.00611	0.00535
18	0.01600	0.01523	0.02595	0.09624	0.59513	0.01546	0.05155	0.04102	0.01547	0.02188	0.03440	0.01746	0.01189	0.00621	0.00662	0.00199	0.00789	0.00614	0.00346	0.00999
19	0.01821	0.02223	0.08972	0.01650	0.07774	0.30124	0.03050	0.02127	0.01582	0.01927	0.01121	0.01329	0.00917	0.00587	0.00564	0.00149	0.00854	0.00439	0.00352	0.32435
20	0.01760	0.77260	0.03450	0.01126	0.01690	0.02605	0.01126	0.01971	0.01338	0.01549	0.00915	0.01056	0.00845	0.00563	0.00422	0.00141	0.00704	0.00352	0.00282	0.00845
21	0.81514	0.01273	0.00968	0.00866	0.01273	0.01477	0.00713	0.01935	0.01120	0.02954	0.00917	0.01069	0.00713	0.00611	0.00407	0.00204	0.00509	0.00356	0.00407	0.00713
22	0.01093	0.00704	0.00917	0.00845	0.01026	0.00646	0.00640	0.01399	0.01846	0.07838	0.64474	0.04622	0.05694	0.01284	0.00755	0.00205	0.00329	0.01129	0.03896	0.00658
23	0.00933	0.00628	0.00725	0.00750	0.00756	0.00622	0.00433	0.00951	0.01006	0.01341	0.02322	0.15792	0.02706	0.64954	0.02951	0.00579	0.00597	0.01103	0.00433	0.00421
24	0.00881	0.00666	0.00832	0.00934	0.01071	0.00617	0.00726	0.01077	0.01426	0.01811	0.04590	0.29872	0.26784	0.01849	0.00843	0.00264	0.00442	0.24140	0.00610	0.00566
25	0.26908	0.01167	0.01357	0.01078	0.01556	0.01123	0.00890	0.02820	0.01651	0.51790	0.02085	0.01884	0.01350	0.00753	0.00584	0.00204	0.00545	0.00569	0.00691	0.00996
26	0.02548	0.01402	0.01634	0.01269	0.01747	0.01431	0.01043	0.34569	0.02395	0.32880	0.02070	0.01956	0.01397	0.00798	0.00638	0.00195	0.00609	0.00624	0.09733	0.01063
27	0.00912	0.00667	0.00867	0.00899	0.01036	0.00621	0.00686	0.01166	0.01639	0.02232	0.38966	0.20173	0.12349	0.01612	0.00814	0.00238	0.00381	0.13479	0.00668	0.00594
28	0.00957	0.00638	0.00718	0.00718	0.00718	0.00638	0.00399	0.00957	0.00957	0.01276	0.02074	0.04308	0.02393	0.76864	0.03351	0.00638	0.00638	0.00957	0.00399	0.00399
29	0.81514	0.01273	0.00968	0.00866	0.01273	0.01477	0.00713	0.01935	0.01120	0.02954	0.00917	0.01069	0.00713	0.00611	0.00407	0.00204	0.00509	0.00356	0.00407	0.00713
30	0.81514	0.01273	0.00968	0.00866	0.01273	0.01477	0.00713	0.01935	0.01120	0.02954	0.00917	0.01069	0.00713	0.00611	0.00407	0.00204	0.00509	0.00356	0.00407	0.00713
31	0.01643	0.57623	0.22063	0.01326	0.01998	0.02319	0.01474	0.02001	0.01352	0.01691	0.00986	0.01145	0.00842	0.00580	0.00476	0.00159	0.00776	0.00388	0.00281	0.00879
32	0.01665	0.01428	0.01504	0.01345	0.01723	0.01651	0.01049	0.05664	0.69357	0.02799	0.02644	0.02428	0.01981	0.00890	0.00670	0.00222	0.00528	0.00739	0.00670	0.01045
33	0.00802	0.00573	0.00764	0.00917	0.00955	0.00535	0.00611	0.00917	0.01260	0.01681	0.03628	0.76434	0.04354	0.02062	0.00840	0.00267	0.00382	0.01872	0.00611	0.00535
34	0.01035	0.00711	0.00996	0.00979	0.01097	0.00781	0.00732	0.01221	0.01100	0.04996	0.02096	0.03083	0.05126	0.18660	0.53320	0.00895	0.01417	0.00785	0.00396	0.00575
35	0.01320	0.03405	0.73453	0.01876	0.02849	0.01529	0.02432	0.02085	0.01390	0.02085	0.01181	0.01390	0.00834	0.00625	0.00625	0.00208	0.00973	0.00486	0.00278	0.00973
36	0.00802	0.00573	0.00764	0.00917	0.00955	0.00535	0.00611	0.00917	0.01260	0.01681	0.03628	0.76434	0.04354	0.02062	0.00840	0.00267	0.00382	0.01872	0.00611	0.00535
37	0.01243	0.01170	0.01975	0.75282	0.04534	0.01463	0.01828	0.01682	0.01316	0.01682	0.01170	0.01755	0.00878	0.00658	0.00658	0.00219	0.00878	0.00585	0.00293	0.00731
38	0.06263	0.01652	0.01947	0.01495	0.01989	0.01786	0.07763	0.50771	0.02622	0.06221	0.01620	0.01690	0.01166	0.00757	0.00636	0.00196	0.00700	0.00603	0.09097	0.01023
39	0.02523	0.01744	0.01906	0.01468	0.01988	0.01902	0.01211	0.60281	0.05464	0.12120	0.01739	0.01689	0.01211	0.00797	0.00659	0.00199	0.00698	0.00606	0.00677	0.01117
40	0.00802	0.00573	0.00764	0.00917	0.00955	0.00535	0.00611	0.00917	0.01260	0.01681	0.03628	0.76434	0.04354	0.02062	0.00840	0.00267	0.00382	0.01872	0.00611	0.00535
41	0.01543	0.01744	0.03708	0.02676	0.03279	0.01698	0.63867	0.02059	0.01502	0.02059	0.01288	0.01744	0.00986	0.00611	0.00907	0.00228	0.08139	0.00758	0.00329	0.00872
42	0.00812	0.00580	0.00776	0.00928	0.00971	0.00544	0.00629	0.00934	0.01271	0.01692	0.03623	0.73697	0.04332	0.02053	0.00843	0.00269	0.00391	0.04507	0.00611	0.00538
43	0.06270	0.01127	0.01504	0.01158	0.01663	0.00989	0.00957	0.03155	0.01852	0.70248	0.02526	0.02191	0.01591	0.00806	0.00651	0.00204	0.00558	0.00649	0.00798	0.01103
44	0.04099	0.09635	0.65001	0.01778	0.02696	0.01619	0.02262	0.02070	0.01376	0.02069	0.01150	0.01350	0.00831	0.00620	0.00601	0.00203	0.00934	0.00471	0.00283	0.00953
45	0.01043	0.00800	0.01154	0.01097	0.01270	0.00766	0.07188	0.01380	0.07275	0.04574	0.13907	0.42311	0.09274	0.03661	0.00867	0.00254	0.00461	0.01465	0.00609	0.00643
46	0.01320	0.03405	0.73453	0.01876	0.02849	0.01529	0.02432	0.02085	0.01390	0.02085	0.01181	0.01390	0.00834	0.00625	0.00625	0.00208	0.00973	0.00486	0.00278	0.00973
47	0.01243	0.01170	0.01975	0.75282	0.04534	0.01463	0.01828	0.01682	0.01316	0.01682	0.01170	0.01755	0.00878	0.00658	0.00658	0.00219	0.00878	0.00585	0.00293	0.00731
48	0.01399	0.11542	0.06396	0.20281	0.13794	0.01523	0.04187	0.04983	0.03980	0.01952	0.03868	0.09189	0.01625	0.03757	0.02603	0.00249	0.04650	0.02829	0.00388	0.00804
49	0.81514	0.01273	0.00968	0.00866	0.01273	0.01477	0.00713	0.01935	0.01120	0.02954	0.00917	0.01069	0.00713	0.00611	0.00407	0.00204	0.00509	0.00356	0.00407	0.00713
50	0.81514	0.01273	0.00968	0.00866	0.01273	0.01477	0.00713	0.01935	0.01120	0.02954	0.00917	0.01069	0.00713	0.00611	0.00407	0.00204	0.00509	0.00356	0.00407	0.00713
51	0.00796	0.00634	0.00715	0.00765	0.00918	0.00553	0.00547	0.00954	0.01440	0.01800	0.09895	0.30756	0.44340	0.01785	0.00800	0.00237	0.00349	0.01545	0.00619	0.00553
52	0.02692	0.01540	0.01788	0.01371	0.01890	0.01591	0.01132	0.42290	0.02587	0.33139	0.02007	0.01858	0.01334	0.00801	0.00660	0.00200	0.00655	0.00622	0.00724	0.01120
53	0.01532	0.01165	0.01382	0.00996	0.01573	0.00887	0.00800	0.01820	0.01420	0.09593	0.01320	0.01457	0.01044	0.00522	0.00506	0.00109	0.00495	0.00419	0.00435	0.72528
54	0.01440	0.01440	0.02016	0.01728	0.01728	0.02016	0.01440	0.01584	0.01008	0.01584	0.00864	0.01440	0.00864	0.01152	0.02160	0.00288	0.75659	0.00576	0.00288	0.00720
55	0.00799	0.00662	0.00700	0.00702	0.00905	0.00563	0.00522	0.00982	0.01535	0.01886	0.15092	0.10027	0.60061	0.01647	0.00781	0.00223	0.00333	0.01390	0.00626	0.00563
56	0.02503	0.01844	0.01976	0.01515	0.02042	0.02042	0.01251	0.70562	0.03095	0.04149	0.01581	0.01581	0.01120	0.00790	0.00659	0.00198	0.00724	0.00593	0.00659	0.01120
57	0.01365	0.01170	0.01365	0.00975	0.01560	0.00878	0.00780	0.01658	0.01365	0.02145	0.01170	0.01365	0.00975	0.00488	0.00488	0.00098	0.00488	0.00390	0.00390	0.80888
58	0.00957	0.00638	0.00718	0.00718	0.00718	0.00638	0.00399	0.00957	0.00957	0.01276	0.02074	0.04308	0.02393	0.76864	0.03351	0.00638	0.00638	0.00957	0.00399	0.00399
59	0.01641	0.01309	0.01409	0.01260	0.01622	0.01471	0.00982	0.03205	0.58752	0.07663	0.06482	0.02807	0.06557	0.00959	0.00681	0.00221	0.00501	0.00801	0.00679	0.00996
60	0.01522	0.13650	0.24196	0.05466	0.02773	0.03985	0.25637	0.04211	0.01481	0.02003	0.01288	0.04661	0.01055	0.00686	0.00733	0.00208	0.04601	0.00636	0.00327	0.00880
61	0.00840	0.00669	0.00753	0.00732	0.00928	0.00582	0.00549	0.01066	0.01648	0.02128	0.33371	0.05760	0.45570	0.01537	0.00777	0.00216	0.00324	0.01309	0.00657	0.00582
62	0.01306	0.01218	0.02036	0.69826	0.04394	0.01494	0.04017	0.04603	0.01399	0.01800	0.01193	0.01748	0.00892	0.00660	0.00662	0.00219	0.00879	0.00592	0.00309	0.00753
63	0.01760	0.77260	0.03450	0.01126	0.01690	0.02605	0.01126	0.01971	0.01338	0.01549	0.00915	0.01056	0.00845	0.00563	0.00422	0.00141	0.00704	0.00352	0.00282	0.00845
64	0.00817	0.00665	0.00723	0.00715	0.00915	0.00571	0.00534	0.01018	0.01583	0.01988	0.22834	0.08162	0.53982	0.01600	0.00780	0.00220	0.00329	0.01355	0.00639	0.00571
65	0.81514	0.01273	0.00968	0.00866	0.01273	0.01477	0.00713	0.01935	0.01120	0.02954	0.00917	0.01069	0.00713	0.00611	0.00407	0.00204	0.00509	0.00356	0.00407	0.00713
66	0.34488	0.01624	0.01450	0.01228	0.01650	0.09694	0.01005	0.25728	0.01956	0.06309	0.01468	0.01893	0.01191	0.00800	0.00572	0.00207	0.00670	0.06674	0.00523	0.00868
67	0.00802	0.00573	0.00764	0.00917	0.00955	0.00535	0.00611	0.00917	0.01260	0.01681	0.03628	0.76434	0.04354	0.02062	0.00840	0.00267	0.00382	0.01872	0.00611	0.00535
68	0.00817	0.00583	0.00781	0.00934	0.00978	0.00547	0.00637	0.00942	0.01275	0.01697	0.03620	0.72489	0.04322	0.02049	0.00844	0.00269	0.00395	0.05671	0.00611	0.00539
69	0.02019	0.02228	0.01861	0.01622	0.02003	0.34816	0.06830	0.05048	0.29986	0.02202	0.01796	0.01922	0.01414	0.00788	0.00650	0.00200	0.00882	0.02351	0.00489	0.00893
70	0.01567	0.01281	0.02061	0.55136	0.03912	0.01493	0.06333	0.09433	0.01583	0.08848	0.01363	0.01784	0.00985	0.00681	0.00667	0.00216	0.00846	0.00606	0.00386	0.00822
71	0.05720	0.01242	0.01580	0.01215	0.01724	0.01159	0.01004	0.13991	0.02051	0.59571	0.02373	0.02092	0.01514	0.00804	0.00652	0.00203	0.00585	0.00640	0.00775	0.01106
72	0.65433	0.01598	0.01230	0.01077	0.01484	0.13363	0.03567	0.02055	0.01259	0.02701	0.00950	0.01117	0.00746	0.00620	0.00452	0.00199	0.00644	0.00384	0.00393	0.00728
73	0.00957	0.00640	0.00729	0.00729	0.00733	0.00644	0.00412	0.00964	0.00961	0.01284	0.02064	0.04253	0.02370	0.74572	0.05610	0.00652	0.00674	0.00949	0.00397	0.00405
74	0.01719	0.01512	0.01512	0.01357	0.01731	0.06022	0.01054	0.03438	0.65649	0.04396	0.02577	0.02374	0.01930	0.00878	0.00665	0.00220	0.00562	0.00723	0.00653	0.01027
75	0.01025	0.00732	0.01020	0.01172	0.01307	0.00727	0.00999	0.01302	0.01480	0.01930	0.03505	0.16962	0.03867	0.01852	0.00900	0.00298	0.00575	0.59143	0.00607	0.00596
76	0.00918	0.00759	0.01246	0.01204	0.01339	0.00709	0.11384	0.01101	0.01306	0.01747	0.03274	0.64904	0.03836	0.01830	0.00830	0.00260	0.00494	0.01702	0.00568	0.00589
77	0.01637	0.01414	0.01489	0.01340	0.01712	0.01637	0.01042	0.03498	0.71568	0.02754	0.02679	0.02456	0.02010	0.00893	0.00670	0.00223	0.00521	0.00744	0.00670	0.01042
78	0.00811	0.00668	0.00713	0.00702	0.00910	0.00570	0.00526	0.01009	0.01579	0.01965	0.20925	0.06028	0.58118	0.01598	0.00778	0.00219	0.00328	0.01346	0.00636	0.00570
79	0.01760	0.77260	0.03450	0.01126	0.01690	0.02605	0.01126	0.01971	0.01338	0.01549	0.00915	0.01056	0.00845	0.00563	0.00422	0.00141	0.00704	0.00352	0.00282	0.00845
80	0.01620	0.01249	0.01360	0.01218	0.01559	0.01396	0.00947	0.03069	0.53255	0.07918	0.11492	0.02753	0.02495	0.00937	0.00670	0.00215	0.00484	0.00787	0.05608	0.00968
81	0.01760	0.77260	0.03450	0.01126	0.01690	0.02605	0.01126	0.01971	0.01338	0.01549	0.00915	0.01056	0.00845	0.00563	0.00422	0.00141	0.00704	0.00352	0.00282	0.00845
82	0.01456	0.03220	0.66571	0.01825	0.02754	0.01526	0.02305	0.05363	0.01494	0.05660	0.01269	0.01440	0.00886	0.00642	0.00629	0.00208	0.00941	0.00500	0.00322	0.00987
83	0.00839	0.00662	0.00765	0.00824	0.00991	0.00589	0.00628	0.01023	0.01463	0.01822	0.07823	0.21974	0.42917	0.01770	0.00815	0.00246	0.00391	0.13280	0.00614	0.00562
84	0.01022	0.00846	0.03230	0.03455	0.01233	0.00776	0.00759	0.01500	0.08520	0.02601	0.61070	0.04464	0.05459	0.01257	0.00757	0.00209	0.00371	0.01105	0.00691	0.00676
85	0.00848	0.00670	0.00764	0.00740	0.00932	0.00586	0.00555	0.01080	0.01666	0.02171	0.36619	0.05690	0.42296	0.01521	0.00777	0.00215	0.00323	0.01299	0.00663	0.00586
86	0.53631	0.01409	0.01348	0.01319	0.07766	0.06266	0.03823	0.05761	0.01308	0.02651	0.01029	0.01275	0.00828	0.00782	0.00679	0.07941	0.00622	0.00433	0.00395	0.00735
87	0.00942	0.00699	0.01028	0.01028	0.01136	0.00807	0.00786	0.01157	0.01049	0.01506	0.01790	0.02736	0.01711	0.11206	0.68075	0.01021	0.01665	0.00727	0.00357	0.00571
88	0.01365	0.01170	0.01365	0.00975	0.01560	0.00878	0.00780	0.01658	0.01365	0.02145	0.01170	0.01365	0.00975	0.00488	0.00488	0.00098	0.00488	0.00390	0.00390	0.80888
89	0.02397	0.01792	0.01916	0.01493	0.02001	0.01992	0.01226	0.62378	0.11451	0.03979	0.01715	0.01687	0.01228	0.00803	0.00660	0.00201	0.00700	0.00611	0.00660	0.01110
90	0.01206	0.00776	0.01056	0.01138	0.01327	0.00749	0.00974	0.01487	0.01555	0.08807	0.06190	0.08583	0.09808	0.01698	0.00867	0.00282	0.00561	0.51653	0.00631	0.00650
91	0.00975	0.00634	0.00744	0.00744	0.00748	0.00639	0.00431	0.00956	0.00951	0.01273	0.01974	0.04024	0.02246	0.67107	0.05838	0.08351	0.00673	0.00911	0.00386	0.00395
92	0.01343	0.05050	0.64859	0.01844	0.02713	0.01602	0.02305	0.02034	0.01352	0.02024	0.01144	0.01386	0.00837	0.00674	0.00768	0.00214	0.08134	0.00492	0.00279	0.00945
93	0.00823	0.00589	0.00783	0.00902	0.00959	0.00549	0.00613	0.00969	0.01357	0.01835	0.14699	0.64924	0.04653	0.01947	0.00830	0.00258	0.00370	0.01762	0.00629	0.00549
94	0.01023	0.00735	0.01015	0.01160	0.01303	0.00727	0.00992	0.01302	0.01489	0.01933	0.03634	0.14255	0.06745	0.01837	0.00897	0.00296	0.00572	0.58880	0.00607	0.00597
95	0.01228	0.00802	0.01225	0.08177	0.01425	0.00894	0.03356	0.02830	0.01004	0.01359	0.01167	0.01981	0.01127	0.04601	0.02258	0.56448	0.08797	0.00595	0.00302	0.00423
96	0.01760	0.77260	0.03450	0.01126	0.01690	0.02605	0.01126	0.01971	0.01338	0.01549	0.00915	0.01056	0.00845	0.00563	0.00422	0.00141	0.00704	0.00352	0.00282	0.00845
97	0.00819	0.00586	0.00779	0.00905	0.00959	0.00546	0.00612	0.00958	0.01338	0.01803	0.12421	0.67292	0.04592	0.01971	0.00832	0.00260	0.00373	0.01784	0.00626	0.00546
98	0.01590	0.01534	0.02649	0.10832	0.63705	0.01558	0.04472	0.01991	0.01483	0.02104	0.01235	0.01647	0.01025	0.00592	0.00657	0.00199	0.00803	0.00593	0.00323	0.01007
99	0.73974	0.01258	0.01021	0.00895	0.01312	0.01428	0.00737	0.02057	0.01194	0.09697	0.01078	0.01182	0.00801	0.00631	0.00432	0.00204	0.00514	0.00386	0.00447	0.00752
100	0.01036	0.00740	0.01032	0.01184	0.01325	0.00736	0.01018	0.01321	0.01491	0.01942	0.03499	0.14049	0.03843	0.01842	0.00903	0.00300	0.00585	0.61948	0.00607	0.00599
101	0.41759	0.01196	0.01251	0.01020	0.01479	0.01219	0.00842	0.02579	0.01507	0.38508	0.01767	0.01662	0.01177	0.00714	0.00536	0.00204	0.00535	0.00511	0.00614	0.00919
102	0.01320	0.03405	0.73453	0.01876	0.02849	0.01529	0.02432	0.02085	0.01390	0.02085	0.01181	0.01390	0.00834	0.00625	0.00625	0.00208	0.00973	0.00486	0.00278	0.00973
103	0.02485	0.02362	0.01932	0.01587	0.02039	0.30941	0.01260	0.43363	0.02603	0.03133	0.01355	0.01423	0.01011	0.00745	0.00633	0.00186	0.00910	0.00525	0.00531	0.00977
104	0.02459	0.03138	0.01866	0.01696	0.02035	0.74221	0.01272	0.02629	0.01866	0.01611	0.01018	0.01187	0.00848	0.00678	0.00594	0.00170	0.01187	0.00424	0.00339	0.00763
105	0.02764	0.01065	0.01427	0.01110	0.01580	0.00929	0.00912	0.03024	0.01829	0.65425	0.02548	0.02264	0.01636	0.00810	0.00640	0.00198	0.00532	0.00657	0.09588	0.01065
106	0.02743	0.01194	0.01538	0.01200	0.01691	0.01103	0.00984	0.09181	0.07452	0.59297	0.02639	0.02325	0.03807	0.00845	0.00666	0.00205	0.00565	0.00685	0.00783	0.01097
107	0.01081	0.00822	0.01206	0.17796	0.07489	0.00889	0.00931	0.01203	0.01120	0.01492	0.01927	0.10428	0.03781	0.28052	0.07190	0.12060	0.00741	0.00874	0.00377	0.00541
108	0.02365	0.02923	0.01815	0.01641	0.01981	0.65722	0.01236	0.04765	0.05313	0.01785	0.03709	0.01397	0.01108	0.00717	0.00606	0.00174	0.01108	0.00473	0.00379	0.00783
109	0.01243	0.01170	0.01975	0.75282	0.04534	0.01463	0.01828	0.01682	0.01316	0.01682	0.01170	0.01755	0.00878	0.00658	0.00658	0.00219	0.00878	0.00585	0.00293	0.00731
110	0.01747	0.01471	0.01800	0.04335	0.17610	0.05025	0.01205	0.15860	0.01787	0.04569	0.01343	0.01543	0.01059	0.00608	0.00574	0.00153	0.00645	0.00501	0.03819	0.34345
111	0.01104	0.00761	0.01042	0.01040	0.01186	0.00731	0.02900	0.01343	0.04334	0.07878	0.08631	0.52655	0.03774	0.01694	0.00842	0.00246	0.03158	0.01514	0.00608	0.04560
112	0.01480	0.01433	0.01976	0.07433	0.01959	0.01949	0.01436	0.04457	0.05897	0.01773	0.01039	0.01539	0.00953	0.01082	0.01883	0.00275	0.61760	0.00589	0.00329	0.00759
113	0.00816	0.00592	0.00773	0.00907	0.00968	0.00549	0.00622	0.00949	0.01311	0.01735	0.06342	0.65532	0.09651	0.01996	0.00836	0.00263	0.00385	0.04615	0.00615	0.00542
114	0.09802	0.03671	0.01902	0.07819	0.07131	0.18494	0.01303	0.20115	0.01860	0.02487	0.01168	0.01408	0.00934	0.00755	0.00845	0.00200	0.12972	0.00508	0.00419	0.06209
115	0.01287	0.01215	0.02054	0.67136	0.12334	0.01474	0.01850	0.01721	0.01337	0.01736	0.01178	0.01741	0.00896	0.00650	0.00657	0.00217	0.00867	0.00585	0.00296	0.00767
116	0.01594	0.48360	0.27258	0.01412	0.02087	0.02209	0.01587	0.01991	0.01339	0.01733	0.01004	0.01189	0.00842	0.00613	0.00577	0.00171	0.04461	0.00409	0.00281	0.00882
117	0.01380	0.01153	0.01303	0.01239	0.03742	0.01269	0.00920	0.02633	0.44262	0.02673	0.26133	0.03347	0.05044	0.01053	0.00708	0.00217	0.00454	0.00904	0.00676	0.00889
118	0.01346	0.00956	0.01547	0.01389	0.01652	0.00911	0.13046	0.03718	0.01551	0.10923	0.05115	0.26457	0.03194	0.01499	0.00822	0.00259	0.00615	0.23695	0.00591	0.00715
119	0.00878	0.00632	0.00801	0.00893	0.00973	0.00597	0.00633	0.01024	0.01325	0.01746	0.09415	0.39077	0.11773	0.15023	0.01279	0.00328	0.00451	0.12038	0.00583	0.00532
120	0.02923	0.01169	0.01558	0.01195	0.01705	0.01040	0.00987	0.07773	0.01966	0.68533	0.02528	0.02196	0.01595	0.00813	0.00662	0.00203	0.00571	0.00657	0.00804	0.01120
121	0.02954	0.01120	0.01528	0.01171	0.01681	0.00968	0.00968	0.03208	0.01884	0.73213	0.02597	0.02241	0.01630	0.00815	0.00662	0.00204	0.00560	0.00662	0.00815	0.01120
122	0.06818	0.03696	0.01681	0.01254	0.01753	0.01385	0.01040	0.25177	0.02225	0.42023	0.04682	0.02024	0.01558	0.00808	0.00644	0.00200	0.00607	0.00633	0.00722	0.01072
