[name]
unknown

[dist]
# distance from previous block
# <min> <max>
0	15

[block]
# block no. 0 follows, 37 sequences, length 12
# corresponding to MSA columns:
# 15-26
name=unknown_A
#
# <colnr> <probs for GDERKNQSTAVLIFYWHMCP>
#	G	D	E	R	K	N	Q	S	T	A	V	L	I	F	Y	W	H	M	C	P
0	0.05259	0.01278	0.01369	0.01190	0.01509	0.09480	0.03657	0.12552	0.10043	0.10877	0.10044	0.03113	0.02210	0.05777	0.00804	0.00225	0.00605	0.14035	0.00544	0.05426
1	0.01195	0.00813	0.00937	0.00905	0.00980	0.05390	0.00626	0.01306	0.12606	0.01345	0.01378	0.02108	0.01299	0.09868	0.02069	0.55270	0.00566	0.00587	0.00338	0.00418
2	0.01807	0.04626	0.16473	0.01469	0.01932	0.16891	0.01347	0.21330	0.15324	0.02417	0.01417	0.01517	0.01082	0.00843	0.03135	0.00215	0.06336	0.00521	0.00437	0.00881
3	0.01412	0.08227	0.04035	0.01422	0.13297	0.01118	0.00997	0.03326	0.03027	0.04815	0.01208	0.01466	0.01010	0.03980	0.00609	0.00143	0.00545	0.00437	0.00368	0.48558
4	0.06745	0.20631	0.03916	0.01133	0.01537	0.10876	0.00971	0.15144	0.09176	0.05862	0.02186	0.04758	0.12969	0.00839	0.00560	0.00177	0.00620	0.00638	0.00464	0.00798
5	0.01275	0.01177	0.01872	0.05858	0.38906	0.01267	0.01436	0.01543	0.01268	0.01784	0.01769	0.12781	0.04262	0.03321	0.00956	0.00227	0.13013	0.06143	0.00365	0.00777
6	0.01382	0.01293	0.01926	0.04957	0.38160	0.04177	0.05191	0.01878	0.12150	0.01890	0.01611	0.06786	0.01484	0.13253	0.01029	0.00257	0.00680	0.00701	0.00378	0.00816
7	0.01296	0.01301	0.01638	0.01456	0.01491	0.07300	0.01178	0.01431	0.01039	0.01487	0.01265	0.13750	0.01357	0.01326	0.04886	0.00287	0.55826	0.00724	0.00323	0.00640
8	0.01860	0.01459	0.01475	0.01219	0.01558	0.06869	0.00952	0.41783	0.09060	0.02911	0.01765	0.07838	0.01539	0.13371	0.01021	0.00254	0.00638	0.00700	0.02882	0.00847
9	0.01458	0.55887	0.12711	0.01132	0.01641	0.02018	0.01168	0.01728	0.01208	0.01505	0.01012	0.01254	0.00904	0.01188	0.12627	0.00277	0.00848	0.00397	0.00272	0.00763
10	0.01248	0.01016	0.01421	0.32754	0.02480	0.01136	0.01156	0.12835	0.01518	0.02028	0.09047	0.08624	0.01968	0.09341	0.00916	0.00244	0.00639	0.05717	0.00428	0.05481
11	0.04249	0.02433	0.50562	0.01679	0.07796	0.01272	0.03830	0.01880	0.01309	0.04369	0.01285	0.01494	0.00942	0.00603	0.00556	0.00185	0.00767	0.00487	0.13454	0.00849

[dist]
# distance from previous block
# <min> <max>
0	3

[block]
# block no. 1 follows, 37 sequences, length 26
# corresponding to MSA columns:
# 30-55
name=unknown_B
#
# <colnr> <probs for GDERKNQSTAVLIFYWHMCP>
#	G	D	E	R	K	N	Q	S	T	A	V	L	I	F	Y	W	H	M	C	P
0	0.01154	0.01081	0.01819	0.72146	0.06346	0.01334	0.01668	0.01550	0.01228	0.01578	0.01166	0.04178	0.00929	0.00653	0.00617	0.00205	0.00798	0.00584	0.00283	0.00683
1	0.01051	0.00536	0.00788	0.00788	0.00788	0.00536	0.00520	0.00804	0.00804	0.01072	0.01127	0.02018	0.01149	0.07732	0.02445	0.76200	0.00536	0.00558	0.00274	0.00274
2	0.00770	0.00622	0.00684	0.00669	0.00855	0.00537	0.00502	0.00968	0.01505	0.01914	0.28335	0.05463	0.52125	0.01453	0.00723	0.00202	0.00303	0.01232	0.00603	0.00537
3	0.01203	0.00631	0.00637	0.00615	0.00775	0.00640	0.00467	0.05169	0.01368	0.02365	0.01969	0.02239	0.01541	0.00714	0.00438	0.00145	0.00306	0.00570	0.77613	0.00595
4	0.00724	0.00617	0.00623	0.00628	0.00829	0.00516	0.00469	0.00878	0.01387	0.01650	0.06100	0.08474	0.71903	0.01563	0.00726	0.00208	0.00312	0.01308	0.00568	0.00516
5	0.00874	0.00656	0.00984	0.00984	0.01093	0.00765	0.00765	0.01093	0.00984	0.01421	0.01640	0.02405	0.01530	0.04591	0.76062	0.00984	0.01640	0.00656	0.00328	0.00547
6	0.01269	0.01088	0.01269	0.00907	0.01451	0.00816	0.00725	0.01541	0.01269	0.01995	0.01088	0.01269	0.00907	0.00453	0.00453	0.00091	0.00453	0.00363	0.00363	0.82229
7	0.02241	0.00933	0.01240	0.00988	0.01384	0.00809	0.00802	0.02475	0.01707	0.56114	0.12949	0.02888	0.10848	0.00922	0.00643	0.00192	0.00463	0.00765	0.00723	0.00914
8	0.00874	0.00656	0.00984	0.00984	0.01093	0.00765	0.00765	0.01093	0.00984	0.01421	0.01640	0.02405	0.01530	0.04591	0.76062	0.00984	0.01640	0.00656	0.00328	0.00547
9	0.00741	0.00600	0.00658	0.00688	0.00849	0.00517	0.00499	0.00896	0.01371	0.01700	0.11295	0.22882	0.51945	0.01612	0.00737	0.00215	0.00319	0.01382	0.00577	0.00517
10	0.02239	0.08492	0.01843	0.01538	0.01869	0.70626	0.01173	0.02399	0.01699	0.01494	0.00939	0.01095	0.00788	0.00623	0.00540	0.00156	0.01071	0.00389	0.00311	0.00715
11	0.02235	0.01645	0.01822	0.07795	0.04156	0.04247	0.01210	0.57181	0.02576	0.08763	0.01480	0.01517	0.01046	0.00717	0.00610	0.00185	0.00690	0.00550	0.00576	0.00998
12	0.01500	0.01439	0.02458	0.06800	0.71743	0.01450	0.01871	0.01866	0.01387	0.01982	0.01149	0.01520	0.00963	0.00548	0.00606	0.00183	0.00731	0.00545	0.00302	0.00958
13	0.01450	0.01388	0.02367	0.17004	0.61929	0.01437	0.01846	0.01822	0.01363	0.01921	0.01140	0.01536	0.00942	0.00557	0.00607	0.00186	0.00743	0.00545	0.00297	0.00917
14	0.01713	0.01409	0.01491	0.01284	0.01664	0.01611	0.01015	0.19660	0.56846	0.02867	0.02250	0.02091	0.01673	0.00808	0.00620	0.00202	0.00529	0.00659	0.00620	0.00986
15	0.00923	0.00765	0.01114	0.26072	0.02017	0.00835	0.00952	0.01219	0.04268	0.01696	0.09506	0.36514	0.09068	0.01346	0.00708	0.00223	0.00503	0.01202	0.00482	0.00587
16	0.02265	0.01210	0.02015	0.01681	0.08856	0.01094	0.17725	0.02581	0.01646	0.48724	0.04322	0.02008	0.01463	0.00697	0.00643	0.00193	0.00653	0.00650	0.00607	0.00969
17	0.13190	0.05916	0.51174	0.01696	0.02467	0.01475	0.11935	0.01917	0.01275	0.02038	0.01072	0.01286	0.00781	0.00568	0.00564	0.00192	0.00849	0.00468	0.00283	0.00853
18	0.82811	0.01184	0.00900	0.00805	0.01184	0.01373	0.00663	0.01799	0.01042	0.02746	0.00852	0.00994	0.00663	0.00568	0.00379	0.00189	0.00474	0.00331	0.00379	0.00663
19	0.01156	0.01088	0.01836	0.77016	0.04216	0.01360	0.01700	0.01564	0.01224	0.01564	0.01088	0.01632	0.00816	0.00612	0.00612	0.00204	0.00816	0.00544	0.00272	0.00680
20	0.01326	0.01262	0.02144	0.42238	0.37662	0.01405	0.01785	0.01713	0.01305	0.01771	0.01118	0.01576	0.00889	0.00580	0.00609	0.00193	0.00774	0.00545	0.00287	0.00817
21	0.00751	0.00579	0.00688	0.00763	0.00878	0.00517	0.00542	0.00892	0.01297	0.01648	0.07558	0.42396	0.33233	0.01729	0.00757	0.00230	0.00342	0.04117	0.00573	0.00511
22	0.01686	0.01163	0.01334	0.01010	0.01508	0.03430	0.00809	0.02106	0.09358	0.19606	0.01557	0.01571	0.01155	0.00574	0.00514	0.00130	0.00495	0.00461	0.00485	0.51049
23	0.01433	0.01357	0.02296	0.05520	0.65501	0.01360	0.01746	0.01777	0.01381	0.01967	0.03145	0.07148	0.01309	0.00664	0.00622	0.00188	0.00692	0.00646	0.00331	0.00917
24	0.01671	0.29420	0.29054	0.01434	0.02083	0.05052	0.03619	0.14488	0.01596	0.04637	0.01121	0.01245	0.00857	0.00595	0.00525	0.00169	0.00775	0.00437	0.00344	0.00881
25	0.01448	0.01425	0.02088	0.06865	0.45695	0.07988	0.03580	0.03198	0.01394	0.01873	0.01548	0.07350	0.04587	0.00931	0.04508	0.00231	0.03447	0.00664	0.00341	0.00841

[dist]
# distance from previous block
# <min> <max>
0	3

[block]
# block no. 2 follows, 37 sequences, length 17
# corresponding to MSA columns:
# 59-75
name=unknown_C
#
# <colnr> <probs for GDERKNQSTAVLIFYWHMCP>
#	G	D	E	R	K	N	Q	S	T	A	V	L	I	F	Y	W	H	M	C	P
0	0.04189	0.00674	0.00731	0.00669	0.00878	0.00655	0.00519	0.01712	0.01358	0.15055	0.02031	0.02204	0.01529	0.00716	0.00459	0.00152	0.00333	0.00570	0.64910	0.00656
1	0.00853	0.00625	0.00800	0.00756	0.00907	0.00572	0.00567	0.01130	0.01702	0.02382	0.68137	0.04693	0.12030	0.01279	0.00722	0.00194	0.00291	0.01124	0.00664	0.00572
2	0.01350	0.18846	0.57732	0.01594	0.02399	0.04303	0.01971	0.01935	0.01298	0.01819	0.01042	0.01221	0.00778	0.00571	0.00541	0.00180	0.00860	0.00424	0.00261	0.00873
3	0.02242	0.08182	0.01837	0.01540	0.01870	0.70927	0.01173	0.02402	0.01701	0.01494	0.00940	0.01095	0.00788	0.00623	0.00541	0.00156	0.01073	0.00390	0.00312	0.00715
4	0.01269	0.01088	0.01269	0.00907	0.01451	0.00816	0.00725	0.01541	0.01269	0.01995	0.01088	0.01269	0.00907	0.00453	0.00453	0.00091	0.00453	0.00363	0.00363	0.82229
5	0.01698	0.01402	0.01483	0.01281	0.01659	0.01605	0.01011	0.18392	0.58138	0.02844	0.02268	0.02106	0.01688	0.00810	0.00621	0.00202	0.00526	0.00661	0.00621	0.00985
6	0.01189	0.00966	0.01334	0.01186	0.01290	0.01191	0.00946	0.01358	0.01023	0.05181	0.01350	0.02049	0.01271	0.10182	0.28162	0.00535	0.31282	0.00608	0.02631	0.06266
7	0.01446	0.03100	0.04535	0.02162	0.02683	0.01413	0.52061	0.01882	0.01427	0.06750	0.03407	0.04722	0.03876	0.00703	0.00776	0.00210	0.04738	0.02944	0.00370	0.00796
8	0.01228	0.03166	0.75316	0.01745	0.02649	0.01422	0.02262	0.01939	0.01292	0.01939	0.01099	0.01292	0.00775	0.00582	0.00582	0.00194	0.00905	0.00452	0.00258	0.00905
9	0.00745	0.00627	0.00650	0.00662	0.00863	0.00532	0.00508	0.00911	0.01396	0.01668	0.05956	0.05975	0.68555	0.01562	0.00734	0.00213	0.00331	0.07022	0.00568	0.00521
10	0.01163	0.01088	0.01829	0.67547	0.09477	0.01324	0.01657	0.01552	0.01234	0.01597	0.01208	0.05462	0.00990	0.00672	0.00620	0.00205	0.00786	0.00604	0.00289	0.00693
11	0.01637	0.78856	0.03208	0.01047	0.01571	0.02422	0.01047	0.01833	0.01244	0.01440	0.00851	0.00982	0.00786	0.00524	0.00393	0.00131	0.00655	0.00327	0.00262	0.00786
12	0.00851	0.00625	0.00798	0.00754	0.00905	0.00571	0.00566	0.01126	0.01698	0.02371	0.67244	0.04710	0.12929	0.01283	0.00722	0.00194	0.00291	0.01126	0.00663	0.00571
13	0.00770	0.00550	0.00738	0.00880	0.00926	0.00518	0.00610	0.00894	0.01196	0.01590	0.03361	0.70960	0.03996	0.01895	0.00788	0.00252	0.00376	0.08630	0.00568	0.00504
14	0.01710	0.01182	0.01577	0.01272	0.01604	0.01235	0.08067	0.21625	0.05676	0.14913	0.17624	0.08551	0.02443	0.03201	0.00834	0.00213	0.06050	0.00812	0.00585	0.00825
15	0.02230	0.01055	0.01345	0.01071	0.01470	0.00993	0.00869	0.11619	0.05648	0.46716	0.17518	0.02541	0.02374	0.00863	0.00638	0.00190	0.00490	0.00715	0.00714	0.00940
16	0.02018	0.01065	0.01309	0.01101	0.01460	0.01053	0.00871	0.10064	0.16728	0.36449	0.05726	0.15227	0.02165	0.00992	0.00650	0.00203	0.00491	0.00840	0.00678	0.00912

[dist]
# distance from previous block
# <min> <max>
0	1

[block]
# block no. 3 follows, 37 sequences, length 70
# corresponding to MSA columns:
# 77-146
name=unknown_D
#
# <colnr> <probs for GDERKNQSTAVLIFYWHMCP>
#	G	D	E	R	K	N	Q	S	T	A	V	L	I	F	Y	W	H	M	C	P
0	0.48769	0.01773	0.01343	0.03132	0.04322	0.25772	0.03226	0.02012	0.01299	0.02255	0.00913	0.01087	0.00728	0.00587	0.00461	0.00180	0.00716	0.00378	0.00350	0.00695
1	0.00810	0.00581	0.00759	0.00868	0.00937	0.00550	0.00623	0.00954	0.01240	0.01642	0.08041	0.49473	0.07855	0.08640	0.00994	0.00279	0.00408	0.14285	0.00557	0.00505
2	0.01655	0.01797	0.02205	0.13289	0.32566	0.22378	0.08463	0.01973	0.01454	0.01789	0.01115	0.01453	0.00910	0.00596	0.00634	0.00181	0.02913	0.00521	0.03289	0.00819
3	0.00932	0.00632	0.00790	0.00745	0.00888	0.00584	0.00546	0.01173	0.01579	0.04573	0.53704	0.04415	0.10810	0.10554	0.00992	0.00239	0.00335	0.01052	0.04895	0.00562
4	0.54951	0.01161	0.04835	0.03327	0.01324	0.01182	0.00772	0.01713	0.01177	0.07204	0.05587	0.07229	0.05917	0.00781	0.00483	0.00196	0.00481	0.00570	0.00436	0.00675
5	0.00867	0.00626	0.00822	0.00787	0.00928	0.00580	0.00594	0.01150	0.01701	0.02400	0.69121	0.07046	0.05627	0.01291	0.00729	0.00198	0.00302	0.03989	0.00666	0.00574
6	0.01228	0.03166	0.75316	0.01745	0.02649	0.01422	0.02262	0.01939	0.01292	0.01939	0.01099	0.01292	0.00775	0.00582	0.00582	0.00194	0.00905	0.00452	0.00258	0.00905
7	0.02157	0.02705	0.01688	0.04307	0.01929	0.68021	0.01165	0.02327	0.01680	0.01522	0.01034	0.03568	0.00897	0.00664	0.00558	0.00160	0.01045	0.00441	0.00324	0.03809
8	0.01515	0.01454	0.02485	0.03757	0.74669	0.01454	0.01879	0.01879	0.01394	0.02000	0.01151	0.01515	0.00970	0.00545	0.00606	0.00182	0.00727	0.00545	0.00303	0.00970
9	0.00993	0.00934	0.03598	0.02729	0.04545	0.00842	0.15075	0.03122	0.01329	0.01761	0.03045	0.40518	0.11894	0.01427	0.00746	0.00230	0.00546	0.05558	0.00492	0.00619
10	0.00989	0.00824	0.01203	0.01137	0.01220	0.01039	0.00907	0.01187	0.00972	0.01434	0.01434	0.02142	0.01351	0.03724	0.57815	0.00807	0.20299	0.00626	0.00313	0.00577
11	0.01653	0.01244	0.01369	0.01051	0.01500	0.01206	0.00849	0.28174	0.04595	0.02761	0.01436	0.01552	0.01104	0.00616	0.00515	0.00139	0.00509	0.00480	0.14106	0.35142
12	0.01182	0.01115	0.01883	0.71661	0.09366	0.01367	0.01713	0.01587	0.01236	0.01596	0.01093	0.01623	0.00827	0.00607	0.00612	0.00202	0.00810	0.00544	0.00274	0.00701
13	0.01228	0.03166	0.75316	0.01745	0.02649	0.01422	0.02262	0.01939	0.01292	0.01939	0.01099	0.01292	0.00775	0.00582	0.00582	0.00194	0.00905	0.00452	0.00258	0.00905
14	0.01318	0.01258	0.01907	0.53591	0.16014	0.04477	0.01639	0.03238	0.07170	0.01764	0.01215	0.01640	0.00931	0.00621	0.00609	0.00198	0.00783	0.00550	0.00314	0.00762
15	0.02327	0.01715	0.01837	0.01408	0.01898	0.01898	0.01163	0.72628	0.02878	0.03858	0.01470	0.01470	0.01041	0.00735	0.00612	0.00184	0.00674	0.00551	0.00612	0.01041
16	0.01483	0.01399	0.02340	0.16967	0.58873	0.01456	0.01817	0.04737	0.01424	0.01997	0.01153	0.01534	0.00945	0.00565	0.00607	0.00186	0.00741	0.00545	0.00310	0.00920
17	0.01228	0.03166	0.75316	0.01745	0.02649	0.01422	0.02262	0.01939	0.01292	0.01939	0.01099	0.01292	0.00775	0.00582	0.00582	0.00194	0.00905	0.00452	0.00258	0.00905
18	0.00923	0.00670	0.00857	0.00890	0.01050	0.00594	0.00660	0.01094	0.01272	0.03752	0.04882	0.45266	0.09034	0.01575	0.00729	0.00223	0.00403	0.12220	0.00543	0.13363
19	0.01105	0.00995	0.04586	0.01335	0.01598	0.00879	0.17762	0.01361	0.01313	0.06384	0.07084	0.40349	0.04428	0.01327	0.00780	0.00224	0.03482	0.01234	0.00495	0.03281
20	0.00987	0.00740	0.01004	0.00969	0.01057	0.00856	0.00730	0.03819	0.01052	0.01501	0.01694	0.02816	0.01686	0.22286	0.43590	0.00743	0.08013	0.02987	0.02935	0.00534
21	0.01138	0.01030	0.01717	0.65404	0.05387	0.01261	0.01558	0.01483	0.01192	0.01534	0.01224	0.01770	0.02568	0.00874	0.03187	0.06373	0.00808	0.00564	0.00281	0.00647
22	0.82811	0.01184	0.00900	0.00805	0.01184	0.01373	0.00663	0.01799	0.01042	0.02746	0.00852	0.00994	0.00663	0.00568	0.00379	0.00189	0.00474	0.00331	0.00379	0.00663
23	0.01156	0.01088	0.01836	0.77016	0.04216	0.01360	0.01700	0.01564	0.01224	0.01564	0.01088	0.01632	0.00816	0.00612	0.00612	0.00204	0.00816	0.00544	0.00272	0.00680
24	0.00743	0.00616	0.00651	0.00652	0.00842	0.00524	0.00485	0.00913	0.01426	0.01752	0.14847	0.09758	0.61616	0.01532	0.00727	0.00207	0.00310	0.01293	0.00582	0.00524
25	0.01156	0.01088	0.01836	0.77016	0.04216	0.01360	0.01700	0.01564	0.01224	0.01564	0.01088	0.01632	0.00816	0.00612	0.00612	0.00204	0.00816	0.00544	0.00272	0.00680
26	0.00856	0.00621	0.00807	0.00770	0.00911	0.00572	0.00574	0.01132	0.01694	0.02386	0.68758	0.08468	0.07560	0.01295	0.00725	0.00196	0.00293	0.01145	0.00665	0.00572
27	0.01416	0.01645	0.05283	0.02470	0.03064	0.01517	0.66354	0.01919	0.01439	0.01967	0.03902	0.01742	0.01099	0.00558	0.00749	0.00207	0.02809	0.00725	0.00321	0.00815
28	0.00758	0.00554	0.00716	0.00841	0.00904	0.00512	0.00582	0.00881	0.01214	0.01590	0.03710	0.64889	0.12582	0.01859	0.00778	0.00246	0.00363	0.05950	0.00568	0.00504
29	0.01396	0.01333	0.02270	0.27973	0.51381	0.01423	0.01820	0.01775	0.01338	0.01856	0.01130	0.01554	0.00919	0.00567	0.00608	0.00189	0.00757	0.00545	0.00293	0.00874
30	0.03928	0.08879	0.04680	0.01634	0.03919	0.50774	0.06203	0.02247	0.03131	0.01615	0.01051	0.01331	0.00892	0.00662	0.00634	0.00172	0.05006	0.02186	0.00320	0.00737
31	0.01611	0.51111	0.15872	0.01185	0.01749	0.05601	0.01234	0.01907	0.01326	0.05694	0.04025	0.01264	0.01035	0.00580	0.00463	0.00148	0.00692	0.00403	0.00312	0.03791
32	0.01642	0.72139	0.03051	0.01072	0.01570	0.06097	0.01044	0.01837	0.01259	0.01442	0.00885	0.01040	0.00813	0.00678	0.03172	0.00164	0.00713	0.00343	0.00267	0.00773
33	0.82811	0.01184	0.00900	0.00805	0.01184	0.01373	0.00663	0.01799	0.01042	0.02746	0.00852	0.00994	0.00663	0.00568	0.00379	0.00189	0.00474	0.00331	0.00379	0.00663
34	0.01628	0.01397	0.04279	0.01438	0.06753	0.01489	0.01088	0.14277	0.46534	0.04928	0.02175	0.04834	0.01685	0.00966	0.03499	0.00232	0.00589	0.00684	0.00576	0.00947
35	0.01184	0.00978	0.01150	0.00896	0.01316	0.00777	0.00688	0.03363	0.01274	0.01921	0.01552	0.14932	0.01543	0.05521	0.00679	0.00152	0.00451	0.00642	0.00406	0.60576
36	0.00883	0.00596	0.00722	0.00742	0.00857	0.00572	0.00536	0.01083	0.01327	0.01902	0.20475	0.19192	0.13661	0.08484	0.07637	0.00304	0.00459	0.02652	0.17386	0.00529
37	0.01908	0.02286	0.01795	0.07871	0.11046	0.49398	0.02948	0.02120	0.01579	0.01607	0.03185	0.06176	0.01162	0.00731	0.00640	0.00176	0.03771	0.00543	0.00334	0.00724
38	0.01635	0.05344	0.07223	0.01309	0.05564	0.07889	0.02644	0.12045	0.01584	0.06621	0.01207	0.01342	0.00940	0.00548	0.00516	0.00133	0.00619	0.00431	0.00401	0.42005
39	0.01467	0.23565	0.39960	0.01516	0.04159	0.07865	0.01676	0.03592	0.01368	0.03359	0.01287	0.02848	0.03566	0.00637	0.00539	0.00174	0.00802	0.00477	0.00302	0.00842
40	0.00869	0.00602	0.00734	0.00746	0.00779	0.00618	0.00472	0.00928	0.00952	0.01284	0.02150	0.10064	0.04897	0.54012	0.17747	0.00630	0.00777	0.00930	0.00386	0.00423
41	0.06601	0.01175	0.01397	0.01039	0.01543	0.01027	0.02735	0.08382	0.03794	0.10411	0.01300	0.01407	0.01002	0.00549	0.00530	0.00127	0.02253	0.00431	0.00436	0.53861
42	0.01748	0.03431	0.01554	0.01290	0.01676	0.03411	0.01025	0.20843	0.52034	0.02837	0.02153	0.02016	0.01605	0.00794	0.00613	0.00198	0.00552	0.00640	0.00604	0.00976
43	0.01156	0.01088	0.01836	0.77016	0.04216	0.01360	0.01700	0.01564	0.01224	0.01564	0.01088	0.01632	0.00816	0.00612	0.00612	0.00204	0.00816	0.00544	0.00272	0.00680
44	0.01415	0.32210	0.37231	0.01459	0.02137	0.03645	0.04343	0.01906	0.02972	0.01744	0.01149	0.01499	0.00955	0.00622	0.00528	0.00174	0.00790	0.04098	0.00288	0.00834
45	0.02321	0.04138	0.01912	0.01410	0.01905	0.01747	0.04862	0.56119	0.02580	0.14398	0.01579	0.01556	0.01098	0.00720	0.00611	0.00184	0.00669	0.00562	0.00607	0.01021
46	0.00806	0.00595	0.00748	0.00767	0.00884	0.00543	0.00550	0.01008	0.01477	0.02007	0.38937	0.27418	0.16414	0.04004	0.00818	0.00225	0.00323	0.01325	0.00614	0.00536
47	0.00882	0.00628	0.00856	0.00990	0.01080	0.00613	0.00782	0.01077	0.01284	0.01687	0.03227	0.36014	0.03671	0.05816	0.00938	0.00285	0.00480	0.38607	0.00555	0.00526
48	0.01018	0.01008	0.07926	0.07845	0.08319	0.02256	0.00976	0.02877	0.01321	0.03108	0.09927	0.40307	0.04516	0.03112	0.02373	0.00246	0.00530	0.01216	0.00490	0.00629
49	0.01129	0.01029	0.01465	0.01318	0.01365	0.01369	0.01071	0.01297	0.00956	0.01444	0.01188	0.01858	0.01148	0.04372	0.33807	0.00583	0.43101	0.00595	0.00296	0.00610
50	0.00834	0.00589	0.00749	0.00797	0.00905	0.00536	0.00564	0.01008	0.01397	0.03835	0.25896	0.41988	0.15386	0.01622	0.00749	0.00223	0.00332	0.01443	0.00606	0.00540
51	0.49984	0.01109	0.01036	0.00880	0.01256	0.01201	0.00720	0.06393	0.01353	0.18571	0.03208	0.01483	0.01094	0.00652	0.00459	0.00184	0.00473	0.00451	0.08736	0.00758
52	0.04090	0.04665	0.15384	0.03219	0.09680	0.03279	0.05667	0.12819	0.21213	0.11212	0.01684	0.01710	0.01228	0.00684	0.00599	0.00192	0.00680	0.00570	0.00483	0.00940
53	0.01352	0.01146	0.01413	0.06445	0.10849	0.04305	0.01138	0.08392	0.18207	0.02166	0.02561	0.04019	0.06022	0.01138	0.00709	0.00229	0.00602	0.28025	0.00520	0.00763
54	0.00723	0.00620	0.00620	0.00620	0.00827	0.00517	0.00465	0.00878	0.01395	0.01654	0.06201	0.05891	0.74421	0.01550	0.00723	0.00207	0.00310	0.01292	0.00568	0.00517
55	0.01297	0.01104	0.01284	0.00920	0.01462	0.00844	0.00737	0.03412	0.01312	0.02044	0.01098	0.01275	0.00910	0.00461	0.00458	0.00093	0.00459	0.00368	0.00369	0.80093
56	0.01464	0.01497	0.02742	0.03111	0.43341	0.03102	0.26037	0.01864	0.01413	0.01955	0.01327	0.04183	0.01146	0.00624	0.00659	0.00196	0.00822	0.03309	0.00324	0.00884
57	0.00746	0.00533	0.00710	0.00852	0.00888	0.00497	0.00568	0.00852	0.01172	0.01563	0.03374	0.78088	0.04049	0.01918	0.00781	0.00249	0.00355	0.01740	0.00568	0.00497
58	0.01515	0.01454	0.02485	0.03757	0.74669	0.01454	0.01879	0.01879	0.01394	0.02000	0.01151	0.01515	0.00970	0.00545	0.00606	0.00182	0.00727	0.00545	0.00303	0.00970
59	0.01743	0.01416	0.01500	0.01278	0.01663	0.01608	0.01014	0.24063	0.50322	0.02926	0.02285	0.02137	0.03602	0.00821	0.00622	0.00200	0.00537	0.00666	0.00618	0.00978
60	0.01156	0.01088	0.01836	0.77016	0.04216	0.01360	0.01700	0.01564	0.01224	0.01564	0.01088	0.01632	0.00816	0.00612	0.00612	0.00204	0.00816	0.00544	0.00272	0.00680
61	0.01512	0.01490	0.02940	0.02224	0.05340	0.01423	0.50785	0.06426	0.04198	0.06254	0.01740	0.03573	0.05021	0.00682	0.00707	0.00207	0.00880	0.03376	0.00394	0.00830
62	0.35761	0.01601	0.01399	0.01191	0.01563	0.19976	0.06308	0.02148	0.05756	0.10769	0.06967	0.01558	0.01289	0.00672	0.00518	0.00184	0.00666	0.00493	0.00440	0.00743
63	0.01485	0.01459	0.02317	0.18084	0.56961	0.05351	0.01807	0.01846	0.01378	0.01888	0.01128	0.01516	0.00930	0.00563	0.00604	0.00185	0.00764	0.00537	0.00298	0.00899
64	0.04870	0.01352	0.02080	0.01547	0.02050	0.01283	0.23363	0.11681	0.06010	0.06723	0.01425	0.04448	0.01136	0.00631	0.00632	0.00168	0.02740	0.00593	0.00427	0.26842
65	0.30927	0.01369	0.04186	0.01255	0.05388	0.03481	0.03221	0.14848	0.03354	0.19073	0.06064	0.01645	0.01309	0.00690	0.00537	0.00188	0.00574	0.00523	0.00518	0.00850
66	0.28674	0.11275	0.08994	0.01129	0.01598	0.04336	0.01029	0.15197	0.05362	0.06890	0.01255	0.01410	0.00970	0.00766	0.02937	0.00203	0.00643	0.01623	0.00430	0.05280
67	0.14152	0.07550	0.23718	0.01465	0.02056	0.03166	0.08375	0.15477	0.02967	0.06782	0.01220	0.01356	0.00898	0.00624	0.00599	0.00184	0.03243	0.00481	0.00394	0.05295
68	0.03649	0.13912	0.17747	0.01628	0.02198	0.01497	0.21780	0.04160	0.04104	0.05896	0.02849	0.01569	0.01081	0.00761	0.03723	0.00212	0.02582	0.00549	0.02733	0.07371
69	0.07067	0.01324	0.02141	0.01613	0.02056	0.01309	0.26381	0.10897	0.01545	0.05456	0.07161	0.04642	0.01459	0.00821	0.02935	0.00209	0.06712	0.00658	0.00419	0.15195

[dist]
# distance from previous block
# <min> <max>
3	31

[block]
# block no. 4 follows, 37 sequences, length 6
# corresponding to MSA columns:
# 178-183
name=unknown_E
#
# <colnr> <probs for GDERKNQSTAVLIFYWHMCP>
#	G	D	E	R	K	N	Q	S	T	A	V	L	I	F	Y	W	H	M	C	P
0	0.13494	0.01428	0.02142	0.06651	0.51568	0.01492	0.01605	0.10478	0.01515	0.02314	0.01143	0.01439	0.00926	0.00575	0.00574	0.00184	0.00688	0.00515	0.00350	0.00919
1	0.58938	0.01064	0.00911	0.00825	0.01148	0.01200	0.00663	0.01743	0.05757	0.02668	0.17786	0.01895	0.01910	0.00741	0.00473	0.00191	0.00432	0.00532	0.00462	0.00663
2	0.01487	0.01310	0.02046	0.02778	0.47170	0.01362	0.01519	0.12053	0.01517	0.02139	0.01310	0.01712	0.01108	0.01500	0.17887	0.00366	0.00928	0.00572	0.00354	0.00883
3	0.36409	0.01520	0.10543	0.01750	0.17547	0.01512	0.01279	0.01759	0.01125	0.02193	0.00937	0.01224	0.00776	0.00680	0.00827	0.00206	0.18191	0.00440	0.00322	0.00761
4	0.09731	0.01248	0.01810	0.32217	0.22164	0.01424	0.01474	0.02059	0.17817	0.02030	0.01402	0.01684	0.01082	0.00640	0.00589	0.00197	0.00681	0.00556	0.00372	0.00822
5	0.01514	0.01344	0.12403	0.35603	0.06548	0.01173	0.01471	0.01910	0.01426	0.18588	0.10329	0.02038	0.01583	0.00715	0.00621	0.00197	0.00693	0.00616	0.00432	0.00798

[dist]
# distance from previous block
# <min> <max>
0	24

# created by:
# /home/cegg/simao/soft/augustus-3.2.1/scripts/msa2prfl.pl ./align_prep/EOG090W0JZ5.fa
