[name]
unknown

[dist]
# distance from previous block
# <min> <max>
0	136

[block]
# block no. 0 follows, 27 sequences, length 116
# corresponding to MSA columns:
# 202-244,247-319
name=unknown_A
#
# <colnr> <probs for GDERKNQSTAVLIFYWHMCP>
#	G	D	E	R	K	N	Q	S	T	A	V	L	I	F	Y	W	H	M	C	P
0	0.02232	0.26246	0.11220	0.02074	0.11768	0.20837	0.01659	0.11439	0.01978	0.02344	0.01256	0.01451	0.01027	0.00718	0.00630	0.00195	0.00994	0.00513	0.00401	0.01020
1	0.02550	0.02383	0.10138	0.01759	0.02368	0.09308	0.01554	0.46833	0.02930	0.03880	0.01608	0.01693	0.01173	0.00858	0.00794	0.00220	0.03937	0.00623	0.00623	0.04767
2	0.01236	0.00993	0.01142	0.01143	0.01378	0.01022	0.00874	0.02020	0.21257	0.02476	0.13900	0.19925	0.18120	0.01687	0.00875	0.00271	0.00487	0.09664	0.00727	0.00802
3	0.01834	0.01936	0.05327	0.06172	0.48719	0.08631	0.05562	0.02271	0.01757	0.02385	0.06882	0.02094	0.01612	0.00744	0.00747	0.00222	0.00916	0.00706	0.00403	0.01081
4	0.00913	0.00650	0.00859	0.01023	0.01064	0.00609	0.00678	0.01036	0.01405	0.01874	0.04009	0.70183	0.04805	0.05711	0.01081	0.00321	0.00444	0.02062	0.00678	0.00596
5	0.00987	0.00773	0.01158	0.01201	0.01320	0.00727	0.05884	0.01172	0.01464	0.01944	0.03992	0.58629	0.08181	0.02294	0.03913	0.00334	0.00567	0.04168	0.00652	0.00641
6	0.01717	0.02388	0.20987	0.03429	0.29584	0.01792	0.24471	0.02332	0.01679	0.02390	0.01416	0.01824	0.01097	0.00661	0.00776	0.00235	0.01065	0.00706	0.00356	0.01095
7	0.01810	0.01484	0.02315	0.26649	0.27745	0.01603	0.01843	0.02453	0.10220	0.09878	0.02057	0.02347	0.04700	0.00823	0.00748	0.00236	0.00827	0.00738	0.00483	0.01039
8	0.00904	0.00646	0.00861	0.01034	0.01077	0.00603	0.00689	0.01034	0.01421	0.01895	0.04092	0.73426	0.04910	0.02326	0.00948	0.00301	0.00431	0.02110	0.00689	0.00603
9	0.01592	0.02763	0.35484	0.02595	0.11315	0.01799	0.17310	0.02238	0.01558	0.02273	0.01363	0.01764	0.01054	0.00952	0.03831	0.00287	0.09788	0.00661	0.00339	0.01032
10	0.02022	0.06036	0.27935	0.04517	0.25077	0.01661	0.02143	0.02579	0.01723	0.16749	0.01680	0.01855	0.01213	0.00734	0.00714	0.00226	0.00908	0.00624	0.00462	0.01145
11	0.01587	0.02184	0.19367	0.25800	0.14817	0.01747	0.19385	0.02197	0.01609	0.02221	0.01384	0.01862	0.01044	0.00689	0.00768	0.00241	0.01068	0.00690	0.00344	0.00995
12	0.01432	0.01378	0.02413	0.66169	0.05007	0.01669	0.07632	0.01938	0.01508	0.01938	0.01335	0.01981	0.01001	0.00732	0.00754	0.00248	0.01012	0.00678	0.00334	0.00840
13	0.01173	0.01256	0.07263	0.06853	0.04124	0.01041	0.12244	0.01519	0.01628	0.02167	0.10642	0.27487	0.16474	0.01560	0.00872	0.00264	0.00662	0.01430	0.00582	0.00761
14	0.01662	0.04641	0.02643	0.19453	0.41675	0.01713	0.02023	0.02084	0.01629	0.02260	0.04616	0.02359	0.01553	0.00824	0.00828	0.00236	0.04257	0.04131	0.00393	0.01020
15	0.01527	0.09802	0.17640	0.01955	0.02553	0.01607	0.21122	0.02002	0.01625	0.04336	0.04822	0.11250	0.10074	0.01085	0.00892	0.00246	0.05107	0.00986	0.00462	0.00910
16	0.01673	0.03526	0.09002	0.01759	0.07532	0.01276	0.09668	0.05809	0.04047	0.11520	0.09874	0.10283	0.15381	0.01259	0.00820	0.00247	0.00701	0.04073	0.00621	0.00927
17	0.01488	0.02983	0.45665	0.06053	0.06242	0.01631	0.12306	0.02188	0.01562	0.02258	0.01556	0.05435	0.01282	0.05025	0.00926	0.00269	0.01050	0.00719	0.00353	0.01009
18	0.01692	0.12655	0.48519	0.04629	0.05759	0.01883	0.05108	0.04493	0.01655	0.04970	0.01380	0.01607	0.01007	0.00707	0.00688	0.00225	0.01024	0.00563	0.00357	0.01080
19	0.01601	0.01523	0.02586	0.41246	0.34438	0.01702	0.02161	0.02071	0.01579	0.02138	0.01355	0.01914	0.01075	0.00705	0.00739	0.00235	0.00940	0.00661	0.00347	0.00985
20	0.01678	0.01638	0.02906	0.21978	0.41539	0.01707	0.10464	0.02146	0.01635	0.02261	0.01487	0.04478	0.01255	0.00738	0.00763	0.00234	0.00942	0.00741	0.00370	0.01041
21	0.01574	0.01530	0.02500	0.47873	0.22175	0.03624	0.03981	0.02040	0.01554	0.02048	0.01330	0.01913	0.01042	0.00734	0.00793	0.00241	0.03117	0.00661	0.00343	0.00925
22	0.01564	0.01993	0.15862	0.02421	0.06043	0.01512	0.32741	0.02105	0.01674	0.04619	0.02323	0.12936	0.05215	0.01040	0.00851	0.00258	0.00990	0.04452	0.00460	0.00943
23	0.01837	0.01764	0.03013	0.04557	0.69279	0.01764	0.02278	0.02278	0.01690	0.02425	0.01396	0.01837	0.01176	0.00661	0.00735	0.00220	0.00882	0.00661	0.00367	0.01176
24	0.01539	0.10919	0.63421	0.02031	0.03082	0.01846	0.02595	0.02338	0.01561	0.02290	0.01302	0.01530	0.00942	0.00698	0.00682	0.00227	0.01067	0.00533	0.00314	0.01083
25	0.01269	0.05890	0.20543	0.03942	0.01933	0.01129	0.01397	0.01646	0.01527	0.04838	0.03087	0.36950	0.05229	0.01625	0.00840	0.00271	0.00683	0.05839	0.00558	0.00803
26	0.01088	0.00883	0.03227	0.03487	0.01506	0.00803	0.01051	0.01366	0.01597	0.02087	0.04089	0.30254	0.09093	0.02049	0.00969	0.00315	0.00596	0.34209	0.00663	0.00669
27	0.01837	0.01764	0.03013	0.04557	0.69279	0.01764	0.02278	0.02278	0.01690	0.02425	0.01396	0.01837	0.01176	0.00661	0.00735	0.00220	0.00882	0.00661	0.00367	0.01176
28	0.03168	0.01231	0.01671	0.01305	0.01853	0.01067	0.01079	0.03454	0.02094	0.64941	0.03111	0.02908	0.04007	0.00995	0.00762	0.00235	0.00626	0.03370	0.00902	0.01220
29	0.02019	0.01961	0.02270	0.02719	0.26941	0.12848	0.01644	0.03062	0.28091	0.04296	0.02023	0.02136	0.01582	0.00852	0.00812	0.00233	0.04160	0.00705	0.00536	0.01111
30	0.01489	0.03840	0.70064	0.02116	0.03213	0.01724	0.02743	0.02351	0.01567	0.02351	0.01332	0.01567	0.00940	0.00705	0.00705	0.00235	0.01097	0.00549	0.00313	0.01097
31	0.01837	0.01586	0.01674	0.01498	0.01925	0.01820	0.01166	0.03880	0.65869	0.03084	0.02968	0.02731	0.02230	0.00993	0.00749	0.00247	0.00586	0.00827	0.00746	0.03583
32	0.01609	0.01317	0.01547	0.01108	0.01765	0.00994	0.00888	0.01938	0.01562	0.05050	0.01382	0.01578	0.01128	0.00564	0.00557	0.00115	0.00553	0.00452	0.00459	0.75435
33	0.01489	0.03840	0.70064	0.02116	0.03213	0.01724	0.02743	0.02351	0.01567	0.02351	0.01332	0.01567	0.00940	0.00705	0.00705	0.00235	0.01097	0.00549	0.00313	0.01097
34	0.01516	0.03649	0.63234	0.02221	0.03282	0.01740	0.09381	0.02354	0.01587	0.02354	0.01350	0.01613	0.00960	0.00697	0.00723	0.00237	0.01113	0.00583	0.00320	0.01087
35	0.01837	0.01764	0.03013	0.04557	0.69279	0.01764	0.02278	0.02278	0.01690	0.02425	0.01396	0.01837	0.01176	0.00661	0.00735	0.00220	0.00882	0.00661	0.00367	0.01176
36	0.01402	0.01319	0.02227	0.72126	0.05113	0.01649	0.02062	0.01897	0.01484	0.01897	0.01319	0.01979	0.00990	0.00742	0.00742	0.00247	0.00990	0.00660	0.00330	0.00825
37	0.01592	0.04660	0.04969	0.01129	0.01427	0.00909	0.00911	0.01827	0.01685	0.18715	0.07751	0.35165	0.12915	0.01697	0.00847	0.00262	0.00522	0.01483	0.00714	0.00819
38	0.01402	0.01319	0.02227	0.72126	0.05113	0.01649	0.02062	0.01897	0.01484	0.01897	0.01319	0.01979	0.00990	0.00742	0.00742	0.00247	0.00990	0.00660	0.00330	0.00825
39	0.01402	0.01319	0.02227	0.72126	0.05113	0.01649	0.02062	0.01897	0.01484	0.01897	0.01319	0.01979	0.00990	0.00742	0.00742	0.00247	0.00990	0.00660	0.00330	0.00825
40	0.00904	0.00646	0.00861	0.01034	0.01077	0.00603	0.00689	0.01034	0.01421	0.01895	0.04092	0.73426	0.04910	0.02326	0.00948	0.00301	0.00431	0.02110	0.00689	0.00603
41	0.01619	0.01375	0.02183	0.26332	0.21166	0.01445	0.03655	0.01947	0.01665	0.04387	0.02377	0.18573	0.02356	0.01282	0.00876	0.00287	0.00850	0.06148	0.00523	0.00956
42	0.01850	0.02632	0.28128	0.03660	0.42967	0.01818	0.02481	0.02394	0.01731	0.02526	0.01524	0.01943	0.01232	0.00782	0.00787	0.00254	0.01007	0.00666	0.00401	0.01216
43	0.01955	0.01830	0.03030	0.08496	0.63926	0.01826	0.02295	0.02345	0.01765	0.02523	0.01543	0.02052	0.01309	0.00771	0.00799	0.00250	0.00933	0.00708	0.00419	0.01225
44	0.01705	0.03432	0.52414	0.02441	0.03442	0.01831	0.18304	0.02444	0.01702	0.02488	0.01527	0.01887	0.01136	0.00789	0.00811	0.00267	0.01174	0.00678	0.00384	0.01145
45	0.06340	0.01598	0.07430	0.01477	0.02086	0.01275	0.01277	0.03519	0.04066	0.57939	0.02834	0.02590	0.01861	0.00992	0.00795	0.00259	0.00718	0.00764	0.00885	0.01295
46	0.01980	0.01856	0.03075	0.04572	0.67652	0.01833	0.02307	0.02367	0.01777	0.02553	0.01548	0.02044	0.01320	0.00766	0.00798	0.00249	0.00927	0.00708	0.00421	0.01245
47	0.01641	0.03879	0.68407	0.02194	0.03279	0.01794	0.02760	0.02438	0.01657	0.02481	0.01485	0.01781	0.01091	0.00809	0.00770	0.00263	0.01136	0.00598	0.00369	0.01168
48	0.01545	0.01420	0.02392	0.49998	0.04346	0.01601	0.10232	0.01965	0.01651	0.02173	0.05159	0.06609	0.01859	0.01030	0.00857	0.00283	0.00985	0.04542	0.00455	0.00899
49	0.01869	0.01647	0.02685	0.32686	0.37622	0.01753	0.02160	0.02271	0.01712	0.05518	0.01588	0.02136	0.01273	0.00812	0.00802	0.00260	0.00960	0.00712	0.00432	0.01102
50	0.01556	0.01423	0.02309	0.70409	0.05131	0.01721	0.02096	0.01995	0.01577	0.02038	0.01473	0.02182	0.01139	0.00845	0.00806	0.00275	0.01031	0.00707	0.00385	0.00903
51	0.01841	0.01714	0.02824	0.26154	0.47157	0.01796	0.02238	0.02245	0.01711	0.02385	0.01523	0.02089	0.01261	0.00792	0.00801	0.00257	0.00961	0.00708	0.00409	0.01133
52	0.01724	0.03300	0.47691	0.02514	0.03490	0.01842	0.22894	0.02446	0.01716	0.02489	0.01539	0.01918	0.01149	0.00784	0.00823	0.00268	0.01185	0.00702	0.00388	0.01138
53	0.01556	0.01423	0.02309	0.70409	0.05131	0.01721	0.02096	0.01995	0.01577	0.02038	0.01473	0.02182	0.01139	0.00845	0.00806	0.00275	0.01031	0.00707	0.00385	0.00903
54	0.01356	0.00970	0.01305	0.01465	0.01647	0.00947	0.01253	0.01646	0.01795	0.02355	0.04017	0.08413	0.04337	0.02120	0.01081	0.00367	0.00733	0.62699	0.00729	0.00765
55	0.79154	0.01436	0.01091	0.00976	0.01436	0.01665	0.00804	0.02182	0.01263	0.03331	0.01034	0.01206	0.00804	0.00689	0.00459	0.00230	0.00574	0.00402	0.00459	0.00804
56	0.01289	0.00645	0.00967	0.00967	0.00967	0.00645	0.00645	0.00967	0.00967	0.01289	0.01289	0.02257	0.01289	0.02579	0.02901	0.78401	0.00645	0.00645	0.00322	0.00322
57	0.01985	0.74357	0.03890	0.01270	0.01905	0.02937	0.01270	0.02223	0.01508	0.01747	0.01032	0.01191	0.00953	0.00635	0.00476	0.00159	0.00794	0.00397	0.00318	0.00953
58	0.02561	0.03117	0.02179	0.02213	0.10885	0.55164	0.01517	0.02973	0.08586	0.02023	0.01366	0.01545	0.01115	0.00776	0.00686	0.00201	0.01205	0.00538	0.00418	0.00932
59	0.01767	0.43432	0.32910	0.01641	0.02479	0.02405	0.01916	0.02279	0.01534	0.02012	0.01164	0.01356	0.00947	0.00666	0.00577	0.00192	0.00927	0.00463	0.00316	0.01016
60	0.01061	0.00795	0.01193	0.01193	0.01326	0.00928	0.00928	0.01326	0.01193	0.01723	0.01988	0.02916	0.01856	0.05568	0.70968	0.01193	0.01988	0.00795	0.00398	0.00663
61	0.01221	0.01153	0.02176	0.01817	0.02124	0.01079	0.25310	0.01536	0.01545	0.02076	0.03124	0.46739	0.03496	0.01691	0.00921	0.00282	0.00737	0.01649	0.00572	0.00752
62	0.01702	0.01637	0.02026	0.01763	0.01873	0.05480	0.01441	0.02236	0.13465	0.02111	0.01478	0.01914	0.01287	0.01183	0.01882	0.00292	0.49860	0.00679	0.06819	0.00871
63	0.01061	0.00795	0.01193	0.01193	0.01326	0.00928	0.00928	0.01326	0.01193	0.01723	0.01988	0.02916	0.01856	0.05568	0.70968	0.01193	0.01988	0.00795	0.00398	0.00663
64	0.01972	0.01657	0.01750	0.01536	0.01978	0.01905	0.01205	0.12058	0.59620	0.03309	0.02862	0.02642	0.02137	0.00992	0.00754	0.00248	0.00617	0.00817	0.00754	0.01186
65	0.02613	0.17940	0.02467	0.01782	0.02216	0.57103	0.01401	0.02814	0.01983	0.01803	0.01124	0.01309	0.00956	0.00739	0.00630	0.00185	0.01228	0.00462	0.00369	0.00879
66	0.04577	0.05529	0.11308	0.01985	0.02596	0.04517	0.17393	0.07920	0.30387	0.02844	0.02105	0.02170	0.01578	0.00828	0.00751	0.00240	0.00871	0.00748	0.00559	0.01094
67	0.01985	0.74357	0.03890	0.01270	0.01905	0.02937	0.01270	0.02223	0.01508	0.01747	0.01032	0.01191	0.00953	0.00635	0.00476	0.00159	0.00794	0.00397	0.00318	0.00953
68	0.02773	0.03538	0.02104	0.01913	0.02295	0.70930	0.01434	0.02964	0.02104	0.01817	0.01148	0.01339	0.00956	0.00765	0.00669	0.00191	0.01339	0.00478	0.00383	0.00861
69	0.01539	0.01319	0.01539	0.01100	0.01759	0.00990	0.00880	0.01869	0.01539	0.02419	0.01319	0.01539	0.01100	0.00550	0.00550	0.00110	0.00550	0.00440	0.00440	0.78449
70	0.01080	0.00720	0.00810	0.00810	0.00810	0.00720	0.00450	0.01080	0.01080	0.01439	0.02339	0.04858	0.02699	0.73910	0.03779	0.00720	0.00720	0.01080	0.00450	0.00450
71	0.79154	0.01436	0.01091	0.00976	0.01436	0.01665	0.00804	0.02182	0.01263	0.03331	0.01034	0.01206	0.00804	0.00689	0.00459	0.00230	0.00574	0.00402	0.00459	0.00804
72	0.01985	0.74357	0.03890	0.01270	0.01905	0.02937	0.01270	0.02223	0.01508	0.01747	0.01032	0.01191	0.00953	0.00635	0.00476	0.00159	0.00794	0.00397	0.00318	0.00953
73	0.35382	0.01642	0.01643	0.01319	0.01852	0.01788	0.01089	0.26616	0.02269	0.17203	0.01695	0.01687	0.01183	0.00811	0.00623	0.00227	0.00676	0.00571	0.00658	0.01068
74	0.02734	0.03216	0.02172	0.01915	0.02314	0.59760	0.04077	0.02950	0.02055	0.07448	0.01302	0.01475	0.01037	0.00792	0.00751	0.00202	0.03956	0.00523	0.00424	0.00898
75	0.00902	0.00657	0.00850	0.01005	0.01069	0.00605	0.00676	0.01037	0.01449	0.01906	0.04441	0.66669	0.11441	0.02280	0.00940	0.00296	0.00425	0.02055	0.00689	0.00605
76	0.01256	0.01001	0.01167	0.01212	0.01396	0.01068	0.00871	0.02121	0.26275	0.02347	0.03692	0.47026	0.03922	0.01833	0.00876	0.00283	0.00489	0.01635	0.00714	0.00817
77	0.02716	0.05095	0.02446	0.01799	0.02397	0.05087	0.06514	0.54580	0.03175	0.06182	0.01737	0.01779	0.01243	0.00855	0.00739	0.00221	0.00866	0.00668	0.00687	0.01213
78	0.01822	0.01573	0.01668	0.01478	0.01917	0.01779	0.01152	0.03782	0.62724	0.03052	0.02888	0.02673	0.02175	0.00971	0.00739	0.00241	0.00585	0.00808	0.00731	0.07243
79	0.01080	0.00720	0.00810	0.00810	0.00810	0.00720	0.00450	0.01080	0.01080	0.01439	0.02339	0.04858	0.02699	0.73910	0.03779	0.00720	0.00720	0.01080	0.00450	0.00450
80	0.01125	0.00871	0.01158	0.01065	0.01217	0.00904	0.00820	0.01451	0.01977	0.02823	0.60122	0.05039	0.06226	0.01489	0.01077	0.00245	0.09669	0.01253	0.00754	0.00715
81	0.01289	0.00645	0.00967	0.00967	0.00967	0.00645	0.00645	0.00967	0.00967	0.01289	0.01289	0.02257	0.01289	0.02579	0.02901	0.78401	0.00645	0.00645	0.00322	0.00322
82	0.21327	0.01953	0.01856	0.01508	0.02031	0.07723	0.01224	0.35901	0.10149	0.06698	0.01738	0.01750	0.01265	0.00846	0.00669	0.00225	0.00767	0.00611	0.00653	0.01108
83	0.01837	0.01764	0.03013	0.04557	0.69279	0.01764	0.02278	0.02278	0.01690	0.02425	0.01396	0.01837	0.01176	0.00661	0.00735	0.00220	0.00882	0.00661	0.00367	0.01176
84	0.01837	0.01764	0.03013	0.04557	0.69279	0.01764	0.02278	0.02278	0.01690	0.02425	0.01396	0.01837	0.01176	0.00661	0.00735	0.00220	0.00882	0.00661	0.00367	0.01176
85	0.00904	0.00646	0.00861	0.01034	0.01077	0.00603	0.00689	0.01034	0.01421	0.01895	0.04092	0.73426	0.04910	0.02326	0.00948	0.00301	0.00431	0.02110	0.00689	0.00603
86	0.06697	0.09492	0.31658	0.01870	0.02689	0.01794	0.08649	0.09961	0.01893	0.15869	0.01669	0.01768	0.01166	0.00753	0.00699	0.00227	0.00930	0.00612	0.00497	0.01108
87	0.01720	0.01618	0.02724	0.06526	0.58166	0.01622	0.02067	0.02151	0.01736	0.02477	0.10105	0.02321	0.01922	0.00775	0.00753	0.00223	0.00817	0.00749	0.00424	0.01102
88	0.01503	0.03740	0.66502	0.02171	0.03249	0.01732	0.06205	0.02352	0.01577	0.02352	0.01341	0.01591	0.00950	0.00701	0.00715	0.00236	0.01106	0.00566	0.00317	0.01092
89	0.79154	0.01436	0.01091	0.00976	0.01436	0.01665	0.00804	0.02182	0.01263	0.03331	0.01034	0.01206	0.00804	0.00689	0.00459	0.00230	0.00574	0.00402	0.00459	0.00804
90	0.00917	0.00655	0.00872	0.01025	0.01079	0.00611	0.00690	0.01064	0.01477	0.01984	0.09438	0.67825	0.05083	0.02259	0.00942	0.00296	0.00424	0.02047	0.00700	0.00611
91	0.01654	0.01373	0.01764	0.06032	0.14441	0.01473	0.01298	0.12490	0.19068	0.02756	0.02999	0.22119	0.06722	0.01326	0.00809	0.00255	0.00646	0.01164	0.00634	0.00977
92	0.41192	0.09863	0.07114	0.01389	0.01892	0.23421	0.01201	0.02444	0.01575	0.02617	0.01092	0.01274	0.00878	0.00708	0.00546	0.00211	0.00877	0.00437	0.00409	0.00860
93	0.01157	0.00772	0.01020	0.00992	0.01167	0.00713	0.00743	0.01467	0.01972	0.06386	0.51538	0.16725	0.06249	0.01644	0.00888	0.00250	0.00395	0.04414	0.00795	0.00714
94	0.07020	0.01853	0.01972	0.01544	0.02112	0.02000	0.01260	0.43459	0.13328	0.04018	0.01867	0.01870	0.01371	0.00848	0.00700	0.00211	0.00727	0.00646	0.00684	0.12513
95	0.01577	0.01458	0.01974	0.38526	0.03555	0.04887	0.01650	0.04790	0.11338	0.02225	0.01835	0.06196	0.01568	0.00967	0.00876	0.00249	0.06053	0.03906	0.00455	0.05914
96	0.01715	0.12115	0.44106	0.02365	0.11540	0.07597	0.05856	0.02378	0.01630	0.02244	0.01298	0.01561	0.00984	0.00692	0.00687	0.00221	0.01060	0.00556	0.00330	0.01065
97	0.01767	0.08769	0.35887	0.01840	0.02636	0.01832	0.04417	0.02932	0.22994	0.06640	0.01955	0.01998	0.01430	0.00807	0.00711	0.00234	0.00885	0.00654	0.00495	0.01117
98	0.00947	0.00679	0.00900	0.01005	0.01086	0.00631	0.00692	0.01141	0.01619	0.02210	0.22955	0.53664	0.05520	0.02091	0.00927	0.00282	0.00407	0.01887	0.00726	0.00631
99	0.01518	0.07935	0.66221	0.02067	0.03137	0.01795	0.02657	0.02344	0.01564	0.02316	0.01315	0.01545	0.00941	0.00701	0.00692	0.00231	0.01080	0.00540	0.00314	0.01089
100	0.01769	0.01129	0.01622	0.09891	0.02107	0.01110	0.05900	0.02271	0.07777	0.18995	0.14759	0.04510	0.13767	0.01297	0.00838	0.00255	0.00635	0.09756	0.00706	0.00904
101	0.01169	0.01026	0.01582	0.39383	0.03245	0.01172	0.01411	0.01505	0.01496	0.01913	0.03113	0.24816	0.12484	0.01403	0.00826	0.00265	0.00724	0.01245	0.00495	0.00726
102	0.02782	0.03265	0.02127	0.01874	0.02296	0.58087	0.01430	0.14912	0.02363	0.02352	0.01266	0.01422	0.01014	0.00789	0.00683	0.00197	0.01241	0.00514	0.00450	0.00936
103	0.01338	0.01233	0.02050	0.62950	0.04592	0.01514	0.01885	0.01785	0.01476	0.01897	0.01677	0.11201	0.01496	0.00947	0.00769	0.00254	0.00917	0.00847	0.00376	0.00796
104	0.01627	0.01776	0.06036	0.04850	0.02998	0.01787	0.35053	0.04571	0.01582	0.02212	0.01491	0.02122	0.01243	0.03882	0.10999	0.00410	0.15277	0.00798	0.00381	0.00907
105	0.01837	0.01764	0.03013	0.04557	0.69279	0.01764	0.02278	0.02278	0.01690	0.02425	0.01396	0.01837	0.01176	0.00661	0.00735	0.00220	0.00882	0.00661	0.00367	0.01176
106	0.01703	0.01924	0.04176	0.03007	0.03717	0.01803	0.62757	0.02300	0.01733	0.02350	0.01652	0.06150	0.01346	0.00725	0.00880	0.00253	0.01204	0.00948	0.00394	0.00978
107	0.01288	0.02542	0.41318	0.01714	0.02392	0.01294	0.01963	0.01877	0.01549	0.02209	0.02457	0.21941	0.02499	0.01339	0.00817	0.00269	0.00857	0.10302	0.00469	0.00903
108	0.01489	0.03840	0.70064	0.02116	0.03213	0.01724	0.02743	0.02351	0.01567	0.02351	0.01332	0.01567	0.00940	0.00705	0.00705	0.00235	0.01097	0.00549	0.00313	0.01097
109	0.02773	0.03538	0.02104	0.01913	0.02295	0.70930	0.01434	0.02964	0.02104	0.01817	0.01148	0.01339	0.00956	0.00765	0.00669	0.00191	0.01339	0.00478	0.00383	0.00861
110	0.01706	0.01629	0.02775	0.24994	0.49871	0.01729	0.02213	0.02163	0.01628	0.02265	0.01373	0.01880	0.01120	0.00686	0.00737	0.00229	0.00915	0.00661	0.00356	0.01070
111	0.01331	0.01114	0.01735	0.39117	0.07243	0.01258	0.01505	0.01683	0.01524	0.04807	0.02806	0.16376	0.11145	0.04058	0.00918	0.00274	0.00768	0.01079	0.00479	0.00780
112	0.01489	0.03840	0.70064	0.02116	0.03213	0.01724	0.02743	0.02351	0.01567	0.02351	0.01332	0.01567	0.00940	0.00705	0.00705	0.00235	0.01097	0.00549	0.00313	0.01097
113	0.00904	0.00646	0.00861	0.01034	0.01077	0.00603	0.00689	0.01034	0.01421	0.01895	0.04092	0.73426	0.04910	0.02326	0.00948	0.00301	0.00431	0.02110	0.00689	0.00603
114	0.01489	0.03840	0.70064	0.02116	0.03213	0.01724	0.02743	0.02351	0.01567	0.02351	0.01332	0.01567	0.00940	0.00705	0.00705	0.00235	0.01097	0.00549	0.00313	0.01097
115	0.01837	0.01764	0.03013	0.04557	0.69279	0.01764	0.02278	0.02278	0.01690	0.02425	0.01396	0.01837	0.01176	0.00661	0.00735	0.00220	0.00882	0.00661	0.00367	0.01176

[dist]
# distance from previous block
# <min> <max>
0	13

[block]
# block no. 1 follows, 27 sequences, length 58
# corresponding to MSA columns:
# 333-390
name=unknown_B
#
# <colnr> <probs for GDERKNQSTAVLIFYWHMCP>
#	G	D	E	R	K	N	Q	S	T	A	V	L	I	F	Y	W	H	M	C	P
0	0.01929	0.01982	0.13445	0.02399	0.07082	0.01573	0.29992	0.05224	0.01905	0.13758	0.10942	0.02487	0.02029	0.00823	0.00814	0.00239	0.00960	0.00845	0.00532	0.01041
1	0.01402	0.01319	0.02227	0.72126	0.05113	0.01649	0.02062	0.01897	0.01484	0.01897	0.01319	0.01979	0.00990	0.00742	0.00742	0.00247	0.00990	0.00660	0.00330	0.00825
2	0.01511	0.06963	0.67133	0.02078	0.03155	0.01778	0.02678	0.02345	0.01565	0.02324	0.01319	0.01551	0.00941	0.00702	0.00695	0.00232	0.01084	0.00542	0.00314	0.01091
3	0.01834	0.20678	0.45642	0.01813	0.02734	0.01942	0.02183	0.02474	0.01621	0.10421	0.01454	0.01593	0.01053	0.00714	0.00655	0.00216	0.00967	0.00536	0.00388	0.01082
4	0.01850	0.12254	0.47615	0.01941	0.02880	0.01788	0.05731	0.02532	0.01656	0.12696	0.01550	0.01691	0.01091	0.00725	0.00692	0.00225	0.00995	0.00578	0.00411	0.01099
5	0.01814	0.01053	0.01383	0.01356	0.01653	0.01039	0.01138	0.05670	0.06645	0.18477	0.03525	0.11746	0.03441	0.01667	0.00918	0.00299	0.00650	0.35897	0.00748	0.00881
6	0.02030	0.01334	0.01831	0.01547	0.01970	0.01340	0.08156	0.10564	0.13147	0.18280	0.09523	0.04268	0.05380	0.01261	0.00845	0.00262	0.00689	0.15833	0.00737	0.01004
7	0.01491	0.00978	0.01518	0.09098	0.01980	0.00955	0.06653	0.01768	0.01627	0.13334	0.03342	0.35636	0.03526	0.01721	0.00900	0.00287	0.00642	0.13098	0.00660	0.00787
8	0.01555	0.01365	0.05123	0.01906	0.02326	0.01194	0.25146	0.01930	0.01653	0.10385	0.02872	0.31427	0.02938	0.01444	0.00892	0.00274	0.00801	0.05328	0.00586	0.00856
9	0.01945	0.01912	0.04057	0.02909	0.03638	0.01782	0.58604	0.02529	0.01798	0.10591	0.01676	0.02066	0.01213	0.00661	0.00860	0.00248	0.01176	0.00860	0.00442	0.01033
10	0.01402	0.01319	0.02227	0.72126	0.05113	0.01649	0.02062	0.01897	0.01484	0.01897	0.01319	0.01979	0.00990	0.00742	0.00742	0.00247	0.00990	0.00660	0.00330	0.00825
11	0.25198	0.04886	0.12133	0.01468	0.02072	0.04380	0.04197	0.10654	0.01912	0.19661	0.05313	0.01934	0.01498	0.00816	0.00653	0.00226	0.00755	0.00617	0.00593	0.01031
12	0.01765	0.01690	0.02882	0.15839	0.58566	0.01745	0.02242	0.02215	0.01656	0.02337	0.01384	0.01861	0.01145	0.00675	0.00736	0.00225	0.00900	0.00661	0.00361	0.01117
13	0.01489	0.03840	0.70064	0.02116	0.03213	0.01724	0.02743	0.02351	0.01567	0.02351	0.01332	0.01567	0.00940	0.00705	0.00705	0.00235	0.01097	0.00549	0.00313	0.01097
14	0.03331	0.01263	0.01723	0.01321	0.01895	0.01091	0.01091	0.03618	0.02125	0.69794	0.02929	0.02527	0.01838	0.00919	0.00747	0.00230	0.00632	0.00747	0.00919	0.01263
15	0.02877	0.01421	0.07494	0.01333	0.01905	0.01093	0.01178	0.03215	0.02056	0.55513	0.08514	0.02894	0.05052	0.00992	0.00759	0.00231	0.00637	0.00814	0.00849	0.01175
16	0.01752	0.02003	0.04380	0.03129	0.03880	0.01877	0.66583	0.02378	0.01752	0.02378	0.01502	0.02003	0.01126	0.00626	0.00876	0.00250	0.01252	0.00876	0.00375	0.01001
17	0.01028	0.00698	0.00825	0.00876	0.00889	0.00685	0.00521	0.01066	0.01181	0.01575	0.02859	0.25186	0.03354	0.52688	0.02939	0.00596	0.00634	0.01385	0.00521	0.00495
18	0.01702	0.02774	0.35101	0.11093	0.03366	0.01860	0.14611	0.10105	0.01791	0.02536	0.01389	0.01733	0.01024	0.00766	0.00889	0.00245	0.06945	0.00648	0.00381	0.01041
19	0.01871	0.02700	0.31683	0.02204	0.03009	0.01824	0.18592	0.14614	0.02010	0.05558	0.04561	0.01940	0.01361	0.00790	0.00836	0.00240	0.03961	0.00703	0.00459	0.01081
20	0.01289	0.00645	0.00967	0.00967	0.00967	0.00645	0.00645	0.00967	0.00967	0.01289	0.01289	0.02257	0.01289	0.02579	0.02901	0.78401	0.00645	0.00645	0.00322	0.00322
21	0.02369	0.02275	0.25743	0.01870	0.02606	0.01496	0.09977	0.02889	0.01813	0.32974	0.02053	0.02063	0.01374	0.00836	0.00872	0.00241	0.06124	0.00687	0.00597	0.01140
22	0.01460	0.01360	0.02249	0.50277	0.11576	0.01596	0.04562	0.02038	0.06079	0.02071	0.01708	0.06118	0.01448	0.00885	0.00770	0.00252	0.00918	0.03355	0.00399	0.00877
23	0.01731	0.01940	0.04033	0.02934	0.03561	0.01943	0.55862	0.02280	0.01651	0.02280	0.01415	0.01940	0.01101	0.00737	0.01134	0.00263	0.13019	0.00839	0.00367	0.00970
24	0.01489	0.03840	0.70064	0.02116	0.03213	0.01724	0.02743	0.02351	0.01567	0.02351	0.01332	0.01567	0.00940	0.00705	0.00705	0.00235	0.01097	0.00549	0.00313	0.01097
25	0.01985	0.74357	0.03890	0.01270	0.01905	0.02937	0.01270	0.02223	0.01508	0.01747	0.01032	0.01191	0.00953	0.00635	0.00476	0.00159	0.00794	0.00397	0.00318	0.00953
26	0.01833	0.02069	0.08206	0.02957	0.03718	0.01820	0.58704	0.02452	0.01764	0.06497	0.01579	0.02008	0.01159	0.00649	0.00858	0.00248	0.01204	0.00848	0.00405	0.01023
27	0.01080	0.00720	0.00810	0.00810	0.00810	0.00720	0.00450	0.01080	0.01080	0.01439	0.02339	0.04858	0.02699	0.73910	0.03779	0.00720	0.00720	0.01080	0.00450	0.00450
28	0.01624	0.01624	0.02274	0.01949	0.01949	0.02274	0.01624	0.01787	0.01137	0.01787	0.00975	0.01624	0.00975	0.01299	0.02436	0.00325	0.72552	0.00650	0.00325	0.00812
29	0.00904	0.00646	0.00861	0.01034	0.01077	0.00603	0.00689	0.01034	0.01421	0.01895	0.04092	0.73426	0.04910	0.02326	0.00948	0.00301	0.00431	0.02110	0.00689	0.00603
30	0.01549	0.06784	0.58991	0.02288	0.07233	0.01791	0.06524	0.02342	0.01583	0.02330	0.01333	0.01593	0.00967	0.00695	0.00707	0.00232	0.01080	0.00569	0.00321	0.01090
31	0.01752	0.02003	0.04380	0.03129	0.03880	0.01877	0.66583	0.02378	0.01752	0.02378	0.01502	0.02003	0.01126	0.00626	0.00876	0.00250	0.01252	0.00876	0.00375	0.01001
32	0.03331	0.01263	0.01723	0.01321	0.01895	0.01091	0.01091	0.03618	0.02125	0.69794	0.02929	0.02527	0.01838	0.00919	0.00747	0.00230	0.00632	0.00747	0.00919	0.01263
33	0.01402	0.01319	0.02227	0.72126	0.05113	0.01649	0.02062	0.01897	0.01484	0.01897	0.01319	0.01979	0.00990	0.00742	0.00742	0.00247	0.00990	0.00660	0.00330	0.00825
34	0.00904	0.00646	0.00861	0.01034	0.01077	0.00603	0.00689	0.01034	0.01421	0.01895	0.04092	0.73426	0.04910	0.02326	0.00948	0.00301	0.00431	0.02110	0.00689	0.00603
35	0.01402	0.01319	0.02227	0.72126	0.05113	0.01649	0.02062	0.01897	0.01484	0.01897	0.01319	0.01979	0.00990	0.00742	0.00742	0.00247	0.00990	0.00660	0.00330	0.00825
36	0.02822	0.02079	0.02228	0.01708	0.02302	0.02302	0.01411	0.66804	0.03490	0.04679	0.01782	0.01782	0.01262	0.00891	0.00743	0.00223	0.00817	0.00668	0.00743	0.01262
37	0.01579	0.01887	0.16405	0.33102	0.09027	0.01607	0.05922	0.02100	0.01565	0.06240	0.01785	0.02197	0.04735	0.00832	0.00848	0.00244	0.05411	0.00704	0.02878	0.00931
38	0.00877	0.00752	0.00752	0.00752	0.01003	0.00627	0.00564	0.01065	0.01692	0.02005	0.07520	0.07144	0.68978	0.01880	0.00877	0.00251	0.00376	0.01567	0.00689	0.00627
39	0.01402	0.01319	0.02227	0.72126	0.05113	0.01649	0.02062	0.01897	0.01484	0.01897	0.01319	0.01979	0.00990	0.00742	0.00742	0.00247	0.00990	0.00660	0.00330	0.00825
40	0.00890	0.00756	0.00770	0.00777	0.01024	0.00636	0.00589	0.01084	0.01693	0.02014	0.07377	0.07193	0.66401	0.01887	0.00883	0.00254	0.00388	0.04065	0.00689	0.00629
41	0.01909	0.01719	0.03435	0.19974	0.03879	0.01699	0.40451	0.02450	0.01743	0.12674	0.01677	0.02078	0.01202	0.00700	0.00823	0.00246	0.01091	0.00802	0.00448	0.00998
42	0.01985	0.74357	0.03890	0.01270	0.01905	0.02937	0.01270	0.02223	0.01508	0.01747	0.01032	0.01191	0.00953	0.00635	0.00476	0.00159	0.00794	0.00397	0.00318	0.00953
43	0.79154	0.01436	0.01091	0.00976	0.01436	0.01665	0.00804	0.02182	0.01263	0.03331	0.01034	0.01206	0.00804	0.00689	0.00459	0.00230	0.00574	0.00402	0.00459	0.00804
44	0.01402	0.01319	0.02227	0.72126	0.05113	0.01649	0.02062	0.01897	0.01484	0.01897	0.01319	0.01979	0.00990	0.00742	0.00742	0.00247	0.00990	0.00660	0.00330	0.00825
45	0.03331	0.01263	0.01723	0.01321	0.01895	0.01091	0.01091	0.03618	0.02125	0.69794	0.02929	0.02527	0.01838	0.00919	0.00747	0.00230	0.00632	0.00747	0.00919	0.01263
46	0.01837	0.01764	0.03013	0.04557	0.69279	0.01764	0.02278	0.02278	0.01690	0.02425	0.01396	0.01837	0.01176	0.00661	0.00735	0.00220	0.00882	0.00661	0.00367	0.01176
47	0.01539	0.01319	0.01539	0.01100	0.01759	0.00990	0.00880	0.01869	0.01539	0.02419	0.01319	0.01539	0.01100	0.00550	0.00550	0.00110	0.00550	0.00440	0.00440	0.78449
48	0.00877	0.00752	0.00752	0.00752	0.01003	0.00627	0.00564	0.01065	0.01692	0.02005	0.07520	0.07144	0.68978	0.01880	0.00877	0.00251	0.00376	0.01567	0.00689	0.00627
49	0.01985	0.74357	0.03890	0.01270	0.01905	0.02937	0.01270	0.02223	0.01508	0.01747	0.01032	0.01191	0.00953	0.00635	0.00476	0.00159	0.00794	0.00397	0.00318	0.00953
50	0.00904	0.00646	0.00861	0.01034	0.01077	0.00603	0.00689	0.01034	0.01421	0.01895	0.04092	0.73426	0.04910	0.02326	0.00948	0.00301	0.00431	0.02110	0.00689	0.00603
51	0.00904	0.00646	0.00861	0.01034	0.01077	0.00603	0.00689	0.01034	0.01421	0.01895	0.04092	0.73426	0.04910	0.02326	0.00948	0.00301	0.00431	0.02110	0.00689	0.00603
52	0.03331	0.01263	0.01723	0.01321	0.01895	0.01091	0.01091	0.03618	0.02125	0.69794	0.02929	0.02527	0.01838	0.00919	0.00747	0.00230	0.00632	0.00747	0.00919	0.01263
53	0.01748	0.01690	0.03122	0.03745	0.43810	0.01657	0.18939	0.02145	0.01618	0.02275	0.01411	0.01932	0.01177	0.00886	0.01036	0.09753	0.00950	0.00716	0.00364	0.01026
54	0.01061	0.00795	0.01193	0.01193	0.01326	0.00928	0.00928	0.01326	0.01193	0.01723	0.01988	0.02916	0.01856	0.05568	0.70968	0.01193	0.01988	0.00795	0.00398	0.00663
55	0.00922	0.00748	0.00818	0.00812	0.01033	0.00644	0.00605	0.01147	0.01779	0.02241	0.22567	0.10308	0.50155	0.01814	0.00881	0.00249	0.00373	0.01540	0.00721	0.00644
56	0.08430	0.02245	0.02079	0.01662	0.02204	0.15352	0.01345	0.44554	0.02948	0.09444	0.01701	0.01717	0.01218	0.00854	0.00708	0.00218	0.00884	0.00619	0.00667	0.01152
57	0.07148	0.04364	0.01974	0.01456	0.02035	0.01680	0.01211	0.28953	0.02606	0.37408	0.02293	0.02105	0.01517	0.00885	0.00719	0.00224	0.00709	0.00683	0.00800	0.01227

[dist]
# distance from previous block
# <min> <max>
1	10

[block]
# block no. 2 follows, 27 sequences, length 26
# corresponding to MSA columns:
# 401-423,425-427
name=unknown_C
#
# <colnr> <probs for GDERKNQSTAVLIFYWHMCP>
#	G	D	E	R	K	N	Q	S	T	A	V	L	I	F	Y	W	H	M	C	P
0	0.01654	0.07868	0.56515	0.02079	0.03084	0.01858	0.05780	0.08224	0.01749	0.02528	0.01364	0.01586	0.00980	0.00714	0.00703	0.00230	0.01061	0.00567	0.00356	0.01099
1	0.01720	0.20313	0.41804	0.01749	0.02606	0.01976	0.02069	0.08145	0.01728	0.02456	0.01399	0.01604	0.01059	0.00720	0.00637	0.00210	0.00932	0.00536	0.07297	0.01041
2	0.01705	0.01000	0.01249	0.01086	0.01386	0.00960	0.00846	0.06502	0.06292	0.16636	0.42569	0.04325	0.04943	0.01280	0.00810	0.00229	0.00454	0.01103	0.05742	0.00882
3	0.01669	0.45258	0.02749	0.01192	0.01642	0.06420	0.01068	0.01876	0.01555	0.01816	0.02546	0.16046	0.11301	0.01146	0.00636	0.00201	0.00699	0.00899	0.00446	0.00833
4	0.02508	0.02308	0.28881	0.01648	0.02421	0.01389	0.01753	0.03134	0.05916	0.38924	0.02300	0.02160	0.01507	0.00839	0.00731	0.00233	0.00814	0.00674	0.00668	0.01192
5	0.01065	0.00780	0.01020	0.01066	0.01237	0.00734	0.00849	0.01373	0.01859	0.02509	0.33883	0.12752	0.13447	0.01812	0.00932	0.00278	0.00472	0.22508	0.00745	0.00677
6	0.01594	0.03110	0.43959	0.02519	0.03478	0.01785	0.28115	0.02362	0.01641	0.02362	0.01400	0.01740	0.01014	0.00674	0.00773	0.00241	0.01159	0.00679	0.00338	0.01059
7	0.01196	0.00854	0.01196	0.01367	0.01538	0.00854	0.01196	0.01538	0.01709	0.02222	0.03931	0.08374	0.04272	0.02051	0.01025	0.00342	0.00684	0.64283	0.00684	0.00684
8	0.01624	0.01624	0.02274	0.01949	0.01949	0.02274	0.01624	0.01787	0.01137	0.01787	0.00975	0.01624	0.00975	0.01299	0.02436	0.00325	0.72552	0.00650	0.00325	0.00812
9	0.01489	0.03840	0.70064	0.02116	0.03213	0.01724	0.02743	0.02351	0.01567	0.02351	0.01332	0.01567	0.00940	0.00705	0.00705	0.00235	0.01097	0.00549	0.00313	0.01097
10	0.01539	0.01319	0.01539	0.01100	0.01759	0.00990	0.00880	0.01869	0.01539	0.02419	0.01319	0.01539	0.01100	0.00550	0.00550	0.00110	0.00550	0.00440	0.00440	0.78449
11	0.01061	0.00795	0.01193	0.01193	0.01326	0.00928	0.00928	0.01326	0.01193	0.01723	0.01988	0.02916	0.01856	0.05568	0.70968	0.01193	0.01988	0.00795	0.00398	0.00663
12	0.01553	0.01269	0.01407	0.01320	0.01618	0.01414	0.01016	0.02906	0.41578	0.02739	0.11363	0.04145	0.03187	0.11476	0.01232	0.00327	0.00589	0.09202	0.00711	0.00949
13	0.00995	0.00751	0.01046	0.01090	0.01216	0.00802	0.00815	0.01214	0.01322	0.01807	0.03307	0.21604	0.12093	0.04216	0.43130	0.00832	0.01362	0.01241	0.00514	0.00642
14	0.00904	0.00646	0.00861	0.01034	0.01077	0.00603	0.00689	0.01034	0.01421	0.01895	0.04092	0.73426	0.04910	0.02326	0.00948	0.00301	0.00431	0.02110	0.00689	0.00603
15	0.02189	0.02557	0.02263	0.20341	0.03086	0.37520	0.06041	0.02661	0.07864	0.01992	0.01377	0.01700	0.01097	0.00805	0.00820	0.00224	0.05582	0.00596	0.00399	0.00887
16	0.79154	0.01436	0.01091	0.00976	0.01436	0.01665	0.00804	0.02182	0.01263	0.03331	0.01034	0.01206	0.00804	0.00689	0.00459	0.00230	0.00574	0.00402	0.00459	0.00804
17	0.00904	0.00646	0.00861	0.01034	0.01077	0.00603	0.00689	0.01034	0.01421	0.01895	0.04092	0.73426	0.04910	0.02326	0.00948	0.00301	0.00431	0.02110	0.00689	0.00603
18	0.02079	0.01937	0.02468	0.01941	0.02408	0.09582	0.14392	0.14079	0.11090	0.05362	0.01649	0.01879	0.01283	0.00877	0.01076	0.00235	0.15215	0.00681	0.00514	0.11252
19	0.01118	0.00817	0.00950	0.00938	0.01172	0.00739	0.00723	0.01437	0.04398	0.05747	0.21241	0.10639	0.37140	0.01756	0.00886	0.00258	0.00427	0.08177	0.00734	0.00703
20	0.01823	0.11384	0.07570	0.03790	0.47887	0.01929	0.10446	0.02289	0.01667	0.02326	0.01358	0.01757	0.01125	0.00656	0.00718	0.00217	0.00932	0.00647	0.00359	0.01119
21	0.01889	0.60683	0.16722	0.01434	0.02159	0.02702	0.01556	0.02248	0.01520	0.01864	0.01090	0.01264	0.00950	0.00649	0.00521	0.00174	0.00853	0.00426	0.00317	0.00981
22	0.00904	0.00646	0.00861	0.01034	0.01077	0.00603	0.00689	0.01034	0.01421	0.01895	0.04092	0.73426	0.04910	0.02326	0.00948	0.00301	0.00431	0.02110	0.00689	0.00603
23	0.01534	0.10273	0.64027	0.02039	0.03094	0.01835	0.02608	0.02339	0.01562	0.02296	0.01305	0.01533	0.00942	0.00699	0.00684	0.00228	0.01069	0.00535	0.00314	0.01084
24	0.01985	0.74357	0.03890	0.01270	0.01905	0.02937	0.01270	0.02223	0.01508	0.01747	0.01032	0.01191	0.00953	0.00635	0.00476	0.00159	0.00794	0.00397	0.00318	0.00953
25	0.00904	0.00646	0.00861	0.01034	0.01077	0.00603	0.00689	0.01034	0.01421	0.01895	0.04092	0.73426	0.04910	0.02326	0.00948	0.00301	0.00431	0.02110	0.00689	0.00603

[dist]
# distance from previous block
# <min> <max>
0	5

[block]
# block no. 3 follows, 27 sequences, length 32
# corresponding to MSA columns:
# 433-464
name=unknown_D
#
# <colnr> <probs for GDERKNQSTAVLIFYWHMCP>
#	G	D	E	R	K	N	Q	S	T	A	V	L	I	F	Y	W	H	M	C	P
0	0.01036	0.00758	0.00972	0.00918	0.01100	0.00694	0.00689	0.01372	0.02066	0.02893	0.63580	0.05684	0.12365	0.01549	0.00876	0.00235	0.00352	0.01362	0.00806	0.00694
1	0.01061	0.00795	0.01193	0.01193	0.01326	0.00928	0.00928	0.01326	0.01193	0.01723	0.01988	0.02916	0.01856	0.05568	0.70968	0.01193	0.01988	0.00795	0.00398	0.00663
2	0.01511	0.01820	0.13968	0.03016	0.37159	0.01426	0.01872	0.01968	0.01706	0.02376	0.08431	0.03303	0.14180	0.01013	0.00778	0.00234	0.00774	0.02995	0.00467	0.01004
3	0.01531	0.03587	0.61880	0.02414	0.11277	0.01729	0.02686	0.02342	0.01582	0.02360	0.01340	0.01600	0.00969	0.00700	0.00709	0.00233	0.01071	0.00562	0.00320	0.01107
4	0.00904	0.00646	0.00861	0.01034	0.01077	0.00603	0.00689	0.01034	0.01421	0.01895	0.04092	0.73426	0.04910	0.02326	0.00948	0.00301	0.00431	0.02110	0.00689	0.00603
5	0.01532	0.09939	0.64340	0.02043	0.03100	0.01829	0.02615	0.02340	0.01562	0.02299	0.01306	0.01535	0.00941	0.00699	0.00685	0.00228	0.01071	0.00535	0.00314	0.01085
6	0.01749	0.01690	0.02933	0.26465	0.19396	0.01851	0.17468	0.08519	0.01765	0.02402	0.01397	0.01900	0.01092	0.00759	0.00923	0.00246	0.07350	0.00712	0.00390	0.00992
7	0.62840	0.09773	0.01521	0.01082	0.01575	0.01873	0.00917	0.08586	0.01512	0.03284	0.01108	0.01261	0.00866	0.00703	0.00489	0.00221	0.00623	0.00428	0.00471	0.00866
8	0.04050	0.02041	0.15727	0.07619	0.44599	0.01652	0.02171	0.02190	0.01678	0.02456	0.07331	0.02102	0.01623	0.00751	0.00734	0.00226	0.00874	0.00692	0.00397	0.01087
9	0.02490	0.03067	0.02146	0.01921	0.02210	0.54036	0.01481	0.02675	0.01866	0.01809	0.01105	0.01409	0.00961	0.00896	0.01104	0.00224	0.18862	0.00520	0.00368	0.00849
10	0.01187	0.01024	0.01633	0.01493	0.01740	0.00990	0.13144	0.01618	0.07306	0.02151	0.03805	0.37812	0.09777	0.01810	0.00923	0.00289	0.00632	0.11290	0.00635	0.00742
11	0.02142	0.60814	0.03579	0.01352	0.01980	0.02818	0.01297	0.14324	0.01880	0.02296	0.01173	0.01302	0.01011	0.00683	0.00526	0.00171	0.00798	0.00448	0.00397	0.01011
12	0.01067	0.00770	0.01066	0.01066	0.01154	0.00859	0.00769	0.01244	0.01155	0.01629	0.02105	0.03562	0.02136	0.28295	0.48624	0.01036	0.01567	0.00890	0.00415	0.00592
13	0.01289	0.00645	0.00967	0.00967	0.00967	0.00645	0.00645	0.00967	0.00967	0.01289	0.01289	0.02257	0.01289	0.02579	0.02901	0.78401	0.00645	0.00645	0.00322	0.00322
14	0.02388	0.03304	0.14777	0.01893	0.02391	0.48569	0.01643	0.04792	0.03866	0.02048	0.01387	0.04770	0.01183	0.00852	0.00745	0.00211	0.03276	0.00588	0.00404	0.00913
15	0.01985	0.74357	0.03890	0.01270	0.01905	0.02937	0.01270	0.02223	0.01508	0.01747	0.01032	0.01191	0.00953	0.00635	0.00476	0.00159	0.00794	0.00397	0.00318	0.00953
16	0.01016	0.00787	0.00945	0.00991	0.01201	0.00716	0.00800	0.01285	0.01774	0.02259	0.17825	0.07254	0.35848	0.01869	0.00926	0.00278	0.00473	0.22381	0.00711	0.00659
17	0.09356	0.01488	0.01732	0.01496	0.01919	0.01651	0.06832	0.03214	0.45492	0.02949	0.06657	0.03123	0.08791	0.01055	0.00755	0.00248	0.00612	0.00897	0.00689	0.01044
18	0.01294	0.01041	0.01188	0.01102	0.01371	0.01077	0.00840	0.02211	0.24332	0.02873	0.37284	0.04848	0.14793	0.01400	0.00835	0.00242	0.00434	0.01206	0.00777	0.00850
19	0.00877	0.00752	0.00752	0.00752	0.01003	0.00627	0.00564	0.01065	0.01692	0.02005	0.07520	0.07144	0.68978	0.01880	0.00877	0.00251	0.00376	0.01567	0.00689	0.00627
20	0.01051	0.00759	0.00992	0.00934	0.01109	0.00700	0.00700	0.01401	0.02101	0.02977	0.68888	0.05545	0.07005	0.01518	0.00876	0.00233	0.00350	0.01343	0.00817	0.00700
21	0.01797	0.03120	0.43782	0.02325	0.06728	0.01858	0.12123	0.14428	0.01962	0.02795	0.01446	0.01688	0.01042	0.00726	0.00740	0.00234	0.01056	0.00627	0.00406	0.01118
22	0.02059	0.67971	0.03743	0.01309	0.01940	0.02881	0.01283	0.07929	0.01684	0.02006	0.01098	0.01243	0.00980	0.00658	0.00500	0.00164	0.00796	0.00421	0.00355	0.00980
23	0.01489	0.03840	0.70064	0.02116	0.03213	0.01724	0.02743	0.02351	0.01567	0.02351	0.01332	0.01567	0.00940	0.00705	0.00705	0.00235	0.01097	0.00549	0.00313	0.01097
24	0.00919	0.00657	0.00874	0.01024	0.01080	0.00613	0.00690	0.01070	0.01489	0.02002	0.10508	0.66704	0.05117	0.02246	0.00940	0.00295	0.00423	0.02034	0.00702	0.00613
25	0.01808	0.01707	0.02536	0.02027	0.02342	0.08557	0.19486	0.02112	0.01493	0.07925	0.01554	0.02220	0.01349	0.07830	0.10226	0.00423	0.24367	0.00759	0.00417	0.00860
26	0.01777	0.01703	0.02905	0.13885	0.60421	0.01748	0.02248	0.02226	0.01662	0.02352	0.01386	0.01857	0.01150	0.00673	0.00736	0.00224	0.00897	0.00661	0.00362	0.01127
27	0.01079	0.00904	0.01491	0.01530	0.05186	0.00852	0.10375	0.01297	0.01484	0.01994	0.03568	0.59137	0.04156	0.01988	0.00926	0.00290	0.00575	0.01852	0.00626	0.00692
28	0.01499	0.01455	0.02532	0.53708	0.12344	0.01718	0.08366	0.01983	0.01516	0.02000	0.01328	0.01946	0.01024	0.00751	0.00845	0.00249	0.04835	0.00681	0.00338	0.00882
29	0.01756	0.01681	0.02866	0.17217	0.57256	0.01742	0.02238	0.02207	0.01652	0.02326	0.01382	0.01864	0.01141	0.00677	0.00736	0.00226	0.00902	0.00661	0.00360	0.01110
30	0.01177	0.01057	0.01328	0.01298	0.01474	0.06834	0.07025	0.01398	0.01618	0.02070	0.10260	0.44591	0.09282	0.01898	0.00909	0.00279	0.00591	0.05588	0.00645	0.00679
31	0.02076	0.04718	0.34702	0.02052	0.02893	0.01624	0.14134	0.02694	0.01745	0.21355	0.01796	0.01910	0.01230	0.00765	0.00791	0.00237	0.03002	0.00664	0.00496	0.01114

[dist]
# distance from previous block
# <min> <max>
0	12

[block]
# block no. 4 follows, 27 sequences, length 39
# corresponding to MSA columns:
# 477-515
name=unknown_E
#
# <colnr> <probs for GDERKNQSTAVLIFYWHMCP>
#	G	D	E	R	K	N	Q	S	T	A	V	L	I	F	Y	W	H	M	C	P
0	0.43707	0.01689	0.01773	0.01526	0.05039	0.06198	0.07853	0.08430	0.01668	0.06012	0.01291	0.01475	0.00985	0.00701	0.00578	0.00216	0.00732	0.00513	0.00486	0.09128
1	0.09633	0.01332	0.02106	0.64594	0.04724	0.01651	0.01929	0.01927	0.01461	0.02049	0.01289	0.01897	0.00970	0.00737	0.00712	0.00246	0.00946	0.00632	0.00344	0.00822
2	0.01402	0.01319	0.02227	0.72126	0.05113	0.01649	0.02062	0.01897	0.01484	0.01897	0.01319	0.01979	0.00990	0.00742	0.00742	0.00247	0.00990	0.00660	0.00330	0.00825
3	0.05571	0.21604	0.49765	0.01843	0.02791	0.02029	0.02271	0.02310	0.01537	0.02248	0.01241	0.01453	0.00937	0.00687	0.00635	0.00215	0.00994	0.00503	0.00322	0.01046
4	0.79154	0.01436	0.01091	0.00976	0.01436	0.01665	0.00804	0.02182	0.01263	0.03331	0.01034	0.01206	0.00804	0.00689	0.00459	0.00230	0.00574	0.00402	0.00459	0.00804
