[name]
unknown

[dist]
# distance from previous block
# <min> <max>
0	132

[block]
# block no. 0 follows, 34 sequences, length 61
# corresponding to MSA columns:
# 258-271,273-319
name=unknown_A
#
# <colnr> <probs for GDERKNQSTAVLIFYWHMCP>
#	G	D	E	R	K	N	Q	S	T	A	V	L	I	F	Y	W	H	M	C	P
0	0.01302	0.01270	0.05551	0.24436	0.06560	0.01295	0.05784	0.05110	0.16567	0.02099	0.04120	0.12799	0.06392	0.00994	0.00696	0.00222	0.00670	0.02867	0.00470	0.00796
1	0.01397	0.01389	0.01947	0.01674	0.01678	0.01939	0.01393	0.01541	0.00991	0.01553	0.00878	0.01452	0.00875	0.01258	0.04614	0.00309	0.73555	0.00570	0.00285	0.00702
2	0.01120	0.04129	0.16270	0.01426	0.05755	0.01026	0.06386	0.01529	0.04609	0.01957	0.08469	0.28289	0.06267	0.01245	0.00715	0.00219	0.00593	0.03365	0.00482	0.06149
3	0.22331	0.06642	0.04441	0.10253	0.12039	0.03191	0.05718	0.07964	0.01521	0.08459	0.03439	0.01661	0.02872	0.00667	0.00566	0.00190	0.00674	0.00537	0.00424	0.06412
4	0.01665	0.01399	0.01474	0.01307	0.01679	0.01609	0.01022	0.08938	0.64274	0.02807	0.02525	0.02340	0.01891	0.00865	0.00650	0.00215	0.00521	0.00714	0.03088	0.01016
5	0.63471	0.01341	0.01357	0.03825	0.03588	0.01512	0.06861	0.07469	0.01309	0.02856	0.01005	0.01189	0.00771	0.00610	0.00466	0.00201	0.00588	0.00418	0.00407	0.00756
6	0.05161	0.01096	0.01349	0.01113	0.01518	0.01061	0.00892	0.04840	0.15249	0.43664	0.02517	0.08026	0.01838	0.00898	0.00639	0.00204	0.00510	0.00741	0.07702	0.00982
7	0.01462	0.04350	0.28844	0.07177	0.05313	0.01534	0.31433	0.02037	0.01444	0.04233	0.01259	0.01573	0.00929	0.00582	0.00669	0.00203	0.00955	0.00606	0.00320	0.05077
8	0.00909	0.00668	0.00957	0.00975	0.01065	0.00749	0.00724	0.01094	0.01048	0.01483	0.01989	0.11525	0.02032	0.14774	0.55917	0.00889	0.01415	0.00862	0.00382	0.00545
9	0.00873	0.00581	0.00787	0.00884	0.00935	0.00549	0.00607	0.00938	0.01237	0.01657	0.10264	0.50767	0.05591	0.01976	0.01146	0.15792	0.00410	0.03966	0.00550	0.00490
10	0.01348	0.01317	0.01853	0.01608	0.01624	0.01823	0.01333	0.01501	0.00996	0.01548	0.00966	0.01564	0.00951	0.01627	0.11817	0.00384	0.66177	0.00582	0.00291	0.00689
11	0.00789	0.00591	0.00733	0.00834	0.00923	0.00535	0.00574	0.00926	0.01331	0.01731	0.08527	0.55063	0.21324	0.01886	0.00806	0.00248	0.00359	0.01679	0.00607	0.00535
12	0.02019	0.28933	0.02322	0.03154	0.01786	0.05007	0.05197	0.03788	0.01508	0.24687	0.01573	0.01716	0.01198	0.03019	0.07018	0.00264	0.04928	0.00539	0.00467	0.00878
13	0.01234	0.01162	0.01963	0.73162	0.06921	0.01439	0.01801	0.01663	0.01298	0.01667	0.01151	0.01718	0.00867	0.00643	0.00646	0.00214	0.00858	0.00574	0.00288	0.00729
14	0.01904	0.34989	0.10781	0.01705	0.10212	0.19732	0.03365	0.02196	0.01505	0.06541	0.01112	0.01268	0.00907	0.00606	0.00530	0.00165	0.00847	0.00437	0.00331	0.00866
15	0.01727	0.77681	0.03386	0.01106	0.01658	0.02557	0.01106	0.01935	0.01313	0.01520	0.00898	0.01036	0.00829	0.00553	0.00415	0.00138	0.00691	0.00345	0.00276	0.00829
16	0.04068	0.01681	0.01802	0.01666	0.08449	0.09540	0.03139	0.28028	0.19769	0.04419	0.01855	0.07238	0.01504	0.00862	0.00694	0.00206	0.02864	0.00692	0.00559	0.00965
17	0.02414	0.03079	0.01831	0.01665	0.01998	0.74698	0.01248	0.02580	0.01831	0.01581	0.00999	0.01165	0.00832	0.00666	0.00583	0.00166	0.01165	0.00416	0.00333	0.00749
18	0.02354	0.02989	0.01965	0.01736	0.02090	0.69776	0.05941	0.02546	0.01810	0.01614	0.01020	0.01204	0.00842	0.00658	0.00595	0.00170	0.01160	0.00439	0.00333	0.00757
19	0.01466	0.00780	0.01038	0.00909	0.01156	0.00702	0.00704	0.01750	0.01818	0.22449	0.51284	0.06129	0.04788	0.01195	0.00732	0.00204	0.00375	0.01042	0.00733	0.00744
20	0.00940	0.00626	0.00705	0.00705	0.00705	0.00626	0.00392	0.00940	0.00940	0.01253	0.02036	0.04228	0.02349	0.77292	0.03289	0.00626	0.00626	0.00940	0.00392	0.00392
21	0.08399	0.01606	0.01704	0.01330	0.01800	0.01763	0.01094	0.55134	0.02656	0.07524	0.01611	0.01635	0.01152	0.00761	0.00608	0.00190	0.00645	0.00570	0.08800	0.01018
22	0.00842	0.00658	0.00764	0.00737	0.00921	0.00579	0.00553	0.01080	0.01659	0.02187	0.41207	0.05491	0.38063	0.01472	0.00763	0.00210	0.00316	0.01262	0.00658	0.00579
23	0.37373	0.01885	0.01418	0.01243	0.01606	0.27268	0.03098	0.04080	0.01476	0.05543	0.01277	0.01417	0.03436	0.00696	0.00570	0.00191	0.03452	0.00458	0.02770	0.00744
24	0.00929	0.00622	0.00708	0.00718	0.00721	0.00619	0.00406	0.00937	0.00960	0.01280	0.02140	0.09186	0.02480	0.72155	0.03121	0.00602	0.00609	0.01001	0.00406	0.00401
25	0.01220	0.01148	0.01938	0.75739	0.04450	0.01436	0.01794	0.01651	0.01292	0.01651	0.01148	0.01723	0.00861	0.00646	0.00646	0.00215	0.00861	0.00574	0.00287	0.00718
26	0.01607	0.01388	0.01461	0.01315	0.01680	0.01607	0.01023	0.03433	0.72094	0.02703	0.02630	0.02411	0.01972	0.00877	0.00657	0.00219	0.00511	0.00731	0.00657	0.01023
27	0.01500	0.01289	0.01378	0.01224	0.01592	0.01422	0.00949	0.02992	0.57347	0.02541	0.02676	0.05830	0.05196	0.00916	0.00649	0.00207	0.00493	0.00769	0.00620	0.10410
28	0.01340	0.01148	0.01340	0.00957	0.01531	0.00861	0.00766	0.01627	0.01340	0.02105	0.01148	0.01340	0.00957	0.00479	0.00479	0.00096	0.00479	0.00383	0.00383	0.81242
29	0.01274	0.01087	0.01302	0.01471	0.11907	0.04857	0.00950	0.01782	0.14916	0.01940	0.05808	0.08847	0.02455	0.20573	0.01367	0.00323	0.00604	0.11919	0.00492	0.06125
30	0.01820	0.63186	0.05723	0.01221	0.01754	0.13905	0.01175	0.02041	0.01397	0.01549	0.00924	0.01069	0.00829	0.00573	0.00448	0.00145	0.00775	0.00361	0.00285	0.00821
31	0.02456	0.01810	0.01939	0.01487	0.02004	0.02004	0.01228	0.71107	0.03038	0.04072	0.01551	0.01551	0.01099	0.00776	0.00646	0.00194	0.00711	0.00582	0.00646	0.01099
32	0.01720	0.01444	0.01524	0.01338	0.01723	0.01660	0.01050	0.12403	0.62942	0.02884	0.02487	0.02297	0.01857	0.00863	0.00656	0.00216	0.00538	0.00711	0.00656	0.01033
33	0.81856	0.01250	0.00950	0.00850	0.01250	0.01449	0.00700	0.01899	0.01100	0.02899	0.00900	0.01050	0.00700	0.00600	0.00400	0.00200	0.00500	0.00350	0.00400	0.00700
34	0.00810	0.00580	0.00770	0.00884	0.00942	0.00540	0.00602	0.00956	0.01342	0.01816	0.15826	0.64131	0.04596	0.01900	0.00814	0.00252	0.00362	0.01719	0.00620	0.00540
35	0.01320	0.01122	0.01308	0.00944	0.01490	0.00850	0.00747	0.01592	0.01320	0.02063	0.01193	0.01485	0.01027	0.04335	0.00620	0.00122	0.00486	0.00411	0.00383	0.77183
36	0.01414	0.01414	0.01979	0.01696	0.01696	0.01979	0.01414	0.01555	0.00990	0.01555	0.00848	0.01414	0.00848	0.01131	0.02120	0.00283	0.76110	0.00565	0.00283	0.00707
37	0.00771	0.00655	0.00665	0.00663	0.00877	0.00549	0.00497	0.00942	0.01491	0.01788	0.09878	0.06148	0.69640	0.01621	0.00764	0.00217	0.00326	0.01354	0.00606	0.00549
38	0.00787	0.00562	0.00750	0.00900	0.00937	0.00525	0.00600	0.00900	0.01237	0.01649	0.03561	0.76871	0.04274	0.02024	0.00825	0.00262	0.00375	0.01837	0.00600	0.00525
39	0.01296	0.03342	0.73944	0.01842	0.02797	0.01501	0.02387	0.02046	0.01364	0.02046	0.01160	0.01364	0.00818	0.00614	0.00614	0.00205	0.00955	0.00477	0.00273	0.00955
40	0.01414	0.01414	0.01979	0.01696	0.01696	0.01979	0.01414	0.01555	0.00990	0.01555	0.00848	0.01414	0.00848	0.01131	0.02120	0.00283	0.76110	0.00565	0.00283	0.00707
41	0.01533	0.01284	0.01347	0.01232	0.01548	0.03466	0.00961	0.10060	0.44131	0.02586	0.02841	0.10931	0.06397	0.01089	0.00690	0.00223	0.00526	0.05573	0.02679	0.00901
42	0.01527	0.01127	0.01278	0.01134	0.01446	0.01218	0.00882	0.04978	0.38993	0.09656	0.26454	0.03181	0.03306	0.01017	0.00692	0.00211	0.00452	0.00866	0.00689	0.00893
43	0.00787	0.00562	0.00750	0.00900	0.00937	0.00525	0.00600	0.00900	0.01237	0.01649	0.03561	0.76871	0.04274	0.02024	0.00825	0.00262	0.00375	0.01837	0.00600	0.00525
44	0.01204	0.00602	0.00602	0.00602	0.00753	0.00602	0.00452	0.01506	0.01355	0.02409	0.02108	0.02409	0.01656	0.00753	0.00452	0.00151	0.00301	0.00602	0.80879	0.00602
45	0.81856	0.01250	0.00950	0.00850	0.01250	0.01449	0.00700	0.01899	0.01100	0.02899	0.00900	0.01050	0.00700	0.00600	0.00400	0.00200	0.00500	0.00350	0.00400	0.00700
46	0.02456	0.01810	0.01939	0.01487	0.02004	0.02004	0.01228	0.71107	0.03038	0.04072	0.01551	0.01551	0.01099	0.00776	0.00646	0.00194	0.00711	0.00582	0.00646	0.01099
47	0.01419	0.07325	0.25657	0.04955	0.23561	0.01547	0.13307	0.01912	0.01408	0.01995	0.03131	0.05531	0.01225	0.00698	0.00702	0.00205	0.03552	0.00640	0.00325	0.00905
48	0.01430	0.01380	0.02216	0.22179	0.36815	0.03849	0.05817	0.01870	0.04959	0.01947	0.01534	0.10234	0.01390	0.00775	0.00669	0.00208	0.00767	0.00732	0.00361	0.00868
49	0.00929	0.00669	0.00918	0.00918	0.00992	0.00742	0.00657	0.01076	0.01003	0.01411	0.01841	0.03148	0.01880	0.31001	0.48939	0.00890	0.01332	0.00782	0.00363	0.00510
50	0.01340	0.01148	0.01340	0.00957	0.01531	0.00861	0.00766	0.01627	0.01340	0.02105	0.01148	0.01340	0.00957	0.00479	0.00479	0.00096	0.00479	0.00383	0.00383	0.81242
51	0.01045	0.00633	0.00730	0.00706	0.00860	0.00603	0.00529	0.01342	0.01588	0.02466	0.36349	0.03745	0.07044	0.01066	0.00615	0.00179	0.00304	0.00909	0.38682	0.00603
52	0.01237	0.01166	0.01969	0.72490	0.07566	0.01440	0.01803	0.01666	0.01300	0.01672	0.01151	0.01717	0.00869	0.00643	0.00646	0.00214	0.00857	0.00574	0.00289	0.00732
53	0.01727	0.77681	0.03386	0.01106	0.01658	0.02557	0.01106	0.01935	0.01313	0.01520	0.00898	0.01036	0.00829	0.00553	0.00415	0.00138	0.00691	0.00345	0.00276	0.00829
54	0.01340	0.01148	0.01340	0.00957	0.01531	0.00861	0.00766	0.01627	0.01340	0.02105	0.01148	0.01340	0.00957	0.00479	0.00479	0.00096	0.00479	0.00383	0.00383	0.81242
55	0.00940	0.00626	0.00705	0.00705	0.00705	0.00626	0.00392	0.00940	0.00940	0.01253	0.02036	0.04228	0.02349	0.77292	0.03289	0.00626	0.00626	0.00940	0.00392	0.00392
56	0.00948	0.00636	0.00731	0.00743	0.00755	0.00636	0.00443	0.00971	0.00983	0.01307	0.02145	0.04470	0.02457	0.71325	0.03099	0.00600	0.00624	0.06311	0.00408	0.00408
57	0.01582	0.01530	0.02651	0.06536	0.67579	0.01536	0.05097	0.01975	0.01467	0.02092	0.01217	0.01610	0.01016	0.00577	0.00645	0.00194	0.00786	0.00584	0.00319	0.01005
58	0.01041	0.00744	0.01041	0.01190	0.01339	0.00744	0.01041	0.01339	0.01487	0.01934	0.03421	0.07288	0.03719	0.01785	0.00892	0.00297	0.00595	0.68913	0.00595	0.00595
59	0.00787	0.00562	0.00750	0.00900	0.00937	0.00525	0.00600	0.00900	0.01237	0.01649	0.03561	0.76871	0.04274	0.02024	0.00825	0.00262	0.00375	0.01837	0.00600	0.00525
60	0.07418	0.02319	0.01761	0.14049	0.02295	0.44055	0.01286	0.05391	0.04033	0.01863	0.03424	0.01447	0.01051	0.00725	0.00703	0.00189	0.06377	0.00491	0.00363	0.00758

[dist]
# distance from previous block
# <min> <max>
0	1

[block]
# block no. 1 follows, 34 sequences, length 148
# corresponding to MSA columns:
# 321-468
name=unknown_B
#
# <colnr> <probs for GDERKNQSTAVLIFYWHMCP>
#	G	D	E	R	K	N	Q	S	T	A	V	L	I	F	Y	W	H	M	C	P
0	0.01220	0.01148	0.01938	0.75739	0.04450	0.01436	0.01794	0.01651	0.01292	0.01651	0.01148	0.01723	0.00861	0.00646	0.00646	0.00215	0.00861	0.00574	0.00287	0.00718
1	0.02388	0.01776	0.01901	0.01473	0.01978	0.01972	0.01212	0.65691	0.08565	0.03963	0.01638	0.01620	0.01169	0.00784	0.00647	0.00196	0.00695	0.00594	0.00647	0.01093
2	0.00831	0.00595	0.00794	0.00905	0.00973	0.00558	0.00635	0.00995	0.01371	0.01854	0.17082	0.57599	0.04588	0.01869	0.00818	0.00253	0.00378	0.06736	0.00621	0.00547
3	0.02823	0.01107	0.01492	0.01149	0.01638	0.00970	0.00947	0.05079	0.01884	0.69414	0.04751	0.02264	0.01727	0.00816	0.00653	0.00200	0.00547	0.00664	0.00792	0.01084
4	0.01607	0.01388	0.01461	0.01315	0.01680	0.01607	0.01023	0.03433	0.72094	0.02703	0.02630	0.02411	0.01972	0.00877	0.00657	0.00219	0.00511	0.00731	0.00657	0.01023
5	0.01029	0.00775	0.00773	0.00763	0.00783	0.05115	0.00443	0.01039	0.00994	0.01273	0.01973	0.04043	0.02257	0.72649	0.03125	0.00599	0.00659	0.00908	0.00388	0.00413
6	0.01021	0.00733	0.01015	0.01159	0.01305	0.00728	0.01003	0.01306	0.01477	0.01915	0.03540	0.10103	0.06242	0.01789	0.00885	0.00293	0.00576	0.63724	0.00595	0.00590
7	0.02414	0.03079	0.01831	0.01665	0.01998	0.74698	0.01248	0.02580	0.01831	0.01581	0.00999	0.01165	0.00832	0.00666	0.00583	0.00166	0.01165	0.00416	0.00333	0.00749
8	0.02899	0.01100	0.01499	0.01150	0.01649	0.00950	0.00950	0.03149	0.01849	0.73709	0.02549	0.02199	0.01599	0.00800	0.00650	0.00200	0.00550	0.00650	0.00800	0.01100
9	0.01030	0.00756	0.01095	0.01191	0.01340	0.00749	0.03486	0.01302	0.01435	0.01874	0.03280	0.13339	0.03594	0.05991	0.01016	0.00310	0.00594	0.56455	0.00574	0.00587
10	0.01607	0.01388	0.01461	0.01315	0.01680	0.01607	0.01023	0.03433	0.72094	0.02703	0.02630	0.02411	0.01972	0.00877	0.00657	0.00219	0.00511	0.00731	0.00657	0.01023
11	0.68529	0.01205	0.01018	0.00889	0.01288	0.01352	0.00728	0.02026	0.01189	0.12173	0.01125	0.01234	0.00834	0.00686	0.00510	0.03124	0.00509	0.00397	0.00448	0.00737
12	0.01609	0.01249	0.01443	0.01051	0.01612	0.01045	0.00849	0.12566	0.01636	0.06752	0.01296	0.01425	0.01018	0.00544	0.00515	0.00117	0.00519	0.00430	0.00449	0.63874
13	0.01727	0.77681	0.03386	0.01106	0.01658	0.02557	0.01106	0.01935	0.01313	0.01520	0.00898	0.01036	0.00829	0.00553	0.00415	0.00138	0.00691	0.00345	0.00276	0.00829
14	0.00916	0.00680	0.01000	0.01009	0.01113	0.00779	0.00769	0.01125	0.01044	0.01494	0.01861	0.07148	0.01822	0.09187	0.65803	0.00966	0.01580	0.00777	0.00364	0.00562
15	0.01607	0.01388	0.01461	0.01315	0.01680	0.01607	0.01023	0.03433	0.72094	0.02703	0.02630	0.02411	0.01972	0.00877	0.00657	0.00219	0.00511	0.00731	0.00657	0.01023
16	0.00883	0.00666	0.00828	0.00902	0.01047	0.00617	0.00707	0.01093	0.01455	0.01870	0.12258	0.20614	0.26383	0.03903	0.00891	0.00264	0.00432	0.24019	0.00605	0.00561
17	0.00923	0.00692	0.01038	0.01038	0.01154	0.00808	0.00808	0.01154	0.01038	0.01500	0.01731	0.02538	0.01615	0.04846	0.74732	0.01038	0.01731	0.00692	0.00346	0.00577
18	0.01305	0.01119	0.01298	0.00939	0.01491	0.00842	0.00749	0.01585	0.01348	0.02084	0.01476	0.01635	0.05323	0.00549	0.00496	0.00103	0.00469	0.00442	0.00396	0.76352
19	0.00940	0.00626	0.00705	0.00705	0.00705	0.00626	0.00392	0.00940	0.00940	0.01253	0.02036	0.04228	0.02349	0.77292	0.03289	0.00626	0.00626	0.00940	0.00392	0.00392
20	0.02554	0.01652	0.01842	0.01412	0.01925	0.01770	0.01166	0.56025	0.02774	0.19527	0.01773	0.01695	0.01210	0.00781	0.00647	0.00195	0.00675	0.00597	0.00680	0.01099
21	0.01769	0.01468	0.01552	0.01348	0.01742	0.01683	0.01062	0.16335	0.58929	0.02964	0.02424	0.02247	0.01806	0.00857	0.00655	0.00214	0.00549	0.00702	0.00655	0.01037
22	0.01424	0.01496	0.02985	0.12671	0.03115	0.01484	0.46099	0.02024	0.07241	0.02044	0.01677	0.02540	0.01413	0.00753	0.00755	0.00228	0.00944	0.09899	0.00384	0.00825
23	0.02385	0.06159	0.01895	0.01642	0.01984	0.71720	0.01243	0.02553	0.01810	0.01579	0.00995	0.01160	0.00832	0.00661	0.00576	0.00165	0.01146	0.00413	0.00331	0.00752
24	0.01122	0.01565	0.21391	0.07539	0.05991	0.01033	0.03819	0.01489	0.01289	0.01820	0.02104	0.20465	0.05173	0.07319	0.05086	0.00288	0.00731	0.00913	0.00401	0.10464
25	0.01611	0.01355	0.02095	0.04437	0.26370	0.01365	0.10757	0.08442	0.10791	0.08060	0.06594	0.02575	0.10976	0.00834	0.00684	0.00205	0.00672	0.00767	0.00493	0.00919
26	0.01727	0.77681	0.03386	0.01106	0.01658	0.02557	0.01106	0.01935	0.01313	0.01520	0.00898	0.01036	0.00829	0.00553	0.00415	0.00138	0.00691	0.00345	0.00276	0.00829
27	0.00932	0.00658	0.00865	0.00865	0.00921	0.00714	0.00592	0.01043	0.00987	0.01372	0.01889	0.03414	0.01996	0.42388	0.37710	0.00825	0.01158	0.00820	0.00370	0.00481
28	0.09215	0.01369	0.07894	0.41609	0.08735	0.01405	0.03348	0.03554	0.05024	0.01974	0.01300	0.01779	0.01020	0.03240	0.03375	0.00252	0.00817	0.00574	0.02747	0.00770
29	0.02414	0.03079	0.01831	0.01665	0.01998	0.74698	0.01248	0.02580	0.01831	0.01581	0.00999	0.01165	0.00832	0.00666	0.00583	0.00166	0.01165	0.00416	0.00333	0.00749
30	0.00786	0.00568	0.00744	0.00885	0.00933	0.00526	0.00593	0.00901	0.01251	0.01655	0.03742	0.72589	0.08438	0.02001	0.00821	0.00260	0.00372	0.01808	0.00600	0.00526
31	0.01356	0.01394	0.02846	0.02188	0.02666	0.01323	0.46539	0.01815	0.01512	0.02022	0.02045	0.03677	0.01936	0.00977	0.00808	0.00246	0.00917	0.24537	0.00420	0.00775
32	0.02135	0.01632	0.02089	0.10212	0.14109	0.01787	0.03688	0.43180	0.02392	0.07439	0.01477	0.01618	0.01077	0.00734	0.00701	0.00200	0.03378	0.00589	0.00538	0.01023
33	0.00849	0.00658	0.00773	0.00744	0.00925	0.00582	0.00558	0.01092	0.01674	0.02223	0.44029	0.05432	0.35218	0.01458	0.00763	0.00210	0.00315	0.01253	0.00663	0.00582
34	0.00923	0.00692	0.01038	0.01038	0.01154	0.00808	0.00808	0.01154	0.01038	0.01500	0.01731	0.02538	0.01615	0.04846	0.74732	0.01038	0.01731	0.00692	0.00346	0.00577
35	0.00905	0.00606	0.00816	0.00945	0.01015	0.00569	0.00668	0.01045	0.01293	0.04639	0.03503	0.65374	0.04097	0.01945	0.00826	0.00264	0.00409	0.09919	0.00607	0.00557
36	0.01757	0.74570	0.03327	0.01121	0.01673	0.02534	0.01111	0.04771	0.01384	0.01625	0.00925	0.01058	0.00840	0.00562	0.00424	0.00140	0.00692	0.00355	0.00292	0.00840
37	0.02758	0.01325	0.01639	0.01257	0.01762	0.01285	0.01038	0.24743	0.02227	0.51581	0.02232	0.01993	0.01440	0.00792	0.00649	0.00198	0.00601	0.00628	0.00751	0.01099
38	0.01029	0.00686	0.00900	0.00832	0.01005	0.00629	0.00629	0.01331	0.01830	0.06694	0.68861	0.04675	0.05837	0.01291	0.00756	0.00203	0.00319	0.01139	0.00716	0.00638
39	0.00940	0.00626	0.00705	0.00705	0.00705	0.00626	0.00392	0.00940	0.00940	0.01253	0.02036	0.04228	0.02349	0.77292	0.03289	0.00626	0.00626	0.00940	0.00392	0.00392
40	0.01516	0.01494	0.02175	0.36295	0.18453	0.08320	0.07057	0.06345	0.01484	0.01914	0.01207	0.01716	0.00975	0.03627	0.00824	0.00224	0.04646	0.00589	0.00329	0.00810
41	0.01340	0.01148	0.01340	0.00957	0.01531	0.00861	0.00766	0.01627	0.01340	0.02105	0.01148	0.01340	0.00957	0.00479	0.00479	0.00096	0.00479	0.00383	0.00383	0.81242
42	0.01901	0.02326	0.04474	0.10947	0.08524	0.39921	0.12915	0.02197	0.01633	0.01738	0.01346	0.04965	0.02822	0.00720	0.00642	0.00190	0.01018	0.00597	0.00342	0.00780
43	0.00787	0.00562	0.00750	0.00900	0.00937	0.00525	0.00600	0.00900	0.01237	0.01649	0.03561	0.76871	0.04274	0.02024	0.00825	0.00262	0.00375	0.01837	0.00600	0.00525
44	0.01578	0.01454	0.05557	0.33212	0.22843	0.04761	0.01672	0.06178	0.01522	0.08091	0.01451	0.06229	0.01188	0.00730	0.00651	0.00206	0.00788	0.00646	0.00382	0.00861
45	0.01162	0.02314	0.45054	0.01543	0.02157	0.01260	0.01775	0.01696	0.01243	0.01839	0.01440	0.05429	0.01233	0.02002	0.23408	0.00466	0.04246	0.00614	0.00312	0.00808
46	0.01136	0.00863	0.01043	0.01054	0.01190	0.00914	0.00761	0.10606	0.09400	0.02073	0.03010	0.52449	0.03367	0.04321	0.00928	0.00262	0.03914	0.01455	0.00591	0.00661
47	0.01727	0.77681	0.03386	0.01106	0.01658	0.02557	0.01106	0.01935	0.01313	0.01520	0.00898	0.01036	0.00829	0.00553	0.00415	0.00138	0.00691	0.00345	0.00276	0.00829
48	0.00940	0.00626	0.00705	0.00705	0.00705	0.00626	0.00392	0.00940	0.00940	0.01253	0.02036	0.04228	0.02349	0.77292	0.03289	0.00626	0.00626	0.00940	0.00392	0.00392
49	0.01068	0.00902	0.01415	0.33018	0.08134	0.01011	0.01233	0.01352	0.01289	0.01716	0.02251	0.30323	0.02393	0.03432	0.00797	0.00246	0.00631	0.05157	0.02983	0.00649
50	0.01525	0.01743	0.03813	0.02723	0.03377	0.01634	0.70915	0.02070	0.01525	0.02070	0.01307	0.01743	0.00980	0.00545	0.00763	0.00218	0.01089	0.00763	0.00327	0.00871
51	0.01296	0.03342	0.73944	0.01842	0.02797	0.01501	0.02387	0.02046	0.01364	0.02046	0.01160	0.01364	0.00818	0.00614	0.00614	0.00205	0.00955	0.00477	0.00273	0.00955
52	0.81856	0.01250	0.00950	0.00850	0.01250	0.01449	0.00700	0.01899	0.01100	0.02899	0.00900	0.01050	0.00700	0.00600	0.00400	0.00200	0.00500	0.00350	0.00400	0.00700
53	0.01122	0.00561	0.00842	0.00842	0.00842	0.00561	0.00561	0.00842	0.00842	0.01122	0.01122	0.01964	0.01122	0.02245	0.02525	0.81201	0.00561	0.00561	0.00281	0.00281
54	0.01220	0.01148	0.01938	0.75739	0.04450	0.01436	0.01794	0.01651	0.01292	0.01651	0.01148	0.01723	0.00861	0.00646	0.00646	0.00215	0.00861	0.00574	0.00287	0.00718
55	0.00794	0.00570	0.00756	0.00902	0.00947	0.00532	0.00610	0.00913	0.01250	0.01660	0.03634	0.73060	0.06019	0.02007	0.00825	0.00262	0.00380	0.03752	0.00600	0.00527
56	0.01296	0.03342	0.73944	0.01842	0.02797	0.01501	0.02387	0.02046	0.01364	0.02046	0.01160	0.01364	0.00818	0.00614	0.00614	0.00205	0.00955	0.00477	0.00273	0.00955
57	0.01569	0.01673	0.01956	0.01691	0.01743	0.13308	0.01388	0.01715	0.01121	0.01559	0.00872	0.01375	0.00846	0.01058	0.01881	0.00265	0.64434	0.00542	0.00291	0.00713
58	0.01870	0.01778	0.16022	0.01719	0.11081	0.01478	0.01407	0.18683	0.15803	0.12837	0.06130	0.02013	0.01601	0.00773	0.00641	0.00200	0.00664	0.00636	0.03667	0.00997
59	0.01873	0.48106	0.08273	0.01309	0.01825	0.21254	0.01230	0.04305	0.01512	0.01664	0.01109	0.01243	0.02667	0.00622	0.00490	0.00154	0.00827	0.00407	0.00311	0.00819
60	0.01054	0.00835	0.01012	0.00918	0.01181	0.00738	0.00683	0.01415	0.07271	0.02138	0.22208	0.25711	0.06010	0.01260	0.00688	0.00191	0.00396	0.01110	0.00571	0.24610
61	0.01853	0.04958	0.09357	0.03626	0.03787	0.29028	0.04932	0.09102	0.03368	0.01909	0.01224	0.01675	0.01066	0.09035	0.01120	0.00245	0.12021	0.00549	0.00362	0.00783
62	0.01856	0.63855	0.03103	0.01201	0.01721	0.12895	0.01131	0.04864	0.01458	0.01634	0.00939	0.01076	0.00841	0.00578	0.00448	0.00145	0.00760	0.00365	0.00300	0.00829
63	0.01533	0.01471	0.02081	0.13044	0.32883	0.06579	0.03702	0.04697	0.01502	0.02064	0.01404	0.03460	0.03160	0.00643	0.00612	0.00175	0.00729	0.00579	0.00359	0.19324
64	0.02078	0.02223	0.05802	0.02186	0.18988	0.27227	0.03900	0.20439	0.04743	0.02456	0.01337	0.01597	0.01066	0.00702	0.00631	0.00189	0.00899	0.02181	0.00428	0.00928
65	0.02344	0.01754	0.01876	0.01464	0.01961	0.01951	0.01201	0.62191	0.12136	0.03892	0.01693	0.01665	0.01214	0.00789	0.00648	0.00197	0.00685	0.00601	0.00648	0.01089
66	0.01398	0.08345	0.19136	0.03087	0.04440	0.01230	0.01266	0.03587	0.01391	0.02081	0.01142	0.01343	0.00916	0.00533	0.00520	0.00134	0.00637	0.00419	0.00349	0.48043
67	0.00813	0.00668	0.00768	0.00784	0.00949	0.00623	0.00583	0.00978	0.01368	0.01709	0.06651	0.18138	0.47932	0.02088	0.10178	0.00332	0.02994	0.01333	0.00560	0.00552
68	0.00874	0.00691	0.00793	0.00776	0.00969	0.00624	0.00593	0.01167	0.04353	0.02134	0.32888	0.05576	0.39153	0.01489	0.00767	0.00217	0.00342	0.05354	0.00647	0.00593
69	0.00842	0.00634	0.00685	0.00700	0.00806	0.00579	0.00458	0.00930	0.01220	0.01523	0.04312	0.12061	0.35924	0.34393	0.01861	0.00399	0.00461	0.01225	0.00510	0.00477
70	0.01599	0.01535	0.02623	0.03966	0.73262	0.01535	0.01983	0.01983	0.01471	0.02111	0.01215	0.01599	0.01023	0.00576	0.00640	0.00192	0.00768	0.00576	0.00320	0.01023
71	0.81856	0.01250	0.00950	0.00850	0.01250	0.01449	0.00700	0.01899	0.01100	0.02899	0.00900	0.01050	0.00700	0.00600	0.00400	0.00200	0.00500	0.00350	0.00400	0.00700
72	0.00901	0.00660	0.00845	0.00799	0.00957	0.00604	0.00599	0.01193	0.01797	0.02515	0.66911	0.04953	0.12154	0.01349	0.00762	0.00205	0.00307	0.01186	0.00701	0.00604
73	0.00914	0.00660	0.00864	0.00813	0.00965	0.00610	0.00610	0.01219	0.01829	0.02591	0.72921	0.04827	0.06097	0.01321	0.00762	0.00203	0.00305	0.01169	0.00711	0.00610
74	0.00930	0.00663	0.00890	0.00890	0.00954	0.00727	0.00622	0.01058	0.00994	0.01390	0.01867	0.03291	0.01942	0.37115	0.42910	0.00855	0.01239	0.00802	0.00366	0.00494
75	0.02414	0.03079	0.01831	0.01665	0.01998	0.74698	0.01248	0.02580	0.01831	0.01581	0.00999	0.01165	0.00832	0.00666	0.00583	0.00166	0.01165	0.00416	0.00333	0.00749
76	0.01296	0.03342	0.73944	0.01842	0.02797	0.01501	0.02387	0.02046	0.01364	0.02046	0.01160	0.01364	0.00818	0.00614	0.00614	0.00205	0.00955	0.00477	0.00273	0.00955
77	0.01041	0.00744	0.01041	0.01190	0.01339	0.00744	0.01041	0.01339	0.01487	0.01934	0.03421	0.07288	0.03719	0.01785	0.00892	0.00297	0.00595	0.68913	0.00595	0.00595
78	0.01599	0.01535	0.02623	0.03966	0.73262	0.01535	0.01983	0.01983	0.01471	0.02111	0.01215	0.01599	0.01023	0.00576	0.00640	0.00192	0.00768	0.00576	0.00320	0.01023
79	0.81856	0.01250	0.00950	0.00850	0.01250	0.01449	0.00700	0.01899	0.01100	0.02899	0.00900	0.01050	0.00700	0.00600	0.00400	0.00200	0.00500	0.00350	0.00400	0.00700
80	0.01919	0.00917	0.01208	0.01007	0.01340	0.00835	0.00800	0.02289	0.06097	0.37081	0.34539	0.03406	0.03666	0.01041	0.00701	0.00203	0.00436	0.00890	0.00751	0.00872
81	0.00929	0.00624	0.00718	0.00729	0.00735	0.00625	0.00419	0.00944	0.00963	0.01288	0.02130	0.09108	0.02456	0.69856	0.05413	0.00615	0.00645	0.00993	0.00404	0.00407
82	0.02481	0.02053	0.01879	0.01502	0.01974	0.19047	0.01211	0.49625	0.02660	0.08956	0.01500	0.01511	0.01075	0.00752	0.00632	0.00188	0.00805	0.00548	0.00585	0.01016
83	0.01446	0.18540	0.55554	0.01676	0.02520	0.03607	0.02062	0.04022	0.01414	0.01985	0.01113	0.01297	0.00829	0.00607	0.00573	0.00190	0.00899	0.00452	0.00286	0.00928
84	0.02328	0.02925	0.01792	0.01608	0.01960	0.68789	0.01210	0.02504	0.01792	0.01623	0.01011	0.01179	0.00842	0.00651	0.00574	0.00161	0.01110	0.00413	0.00337	0.07191
85	0.01837	0.06367	0.07209	0.02174	0.02796	0.01734	0.41284	0.19372	0.01900	0.06734	0.01408	0.01658	0.01028	0.00622	0.00698	0.00205	0.00932	0.00669	0.00428	0.00944
86	0.02125	0.01852	0.01968	0.10980	0.02351	0.17665	0.07820	0.22566	0.12746	0.10942	0.01636	0.01712	0.01190	0.00731	0.00645	0.00197	0.00816	0.00592	0.00521	0.00941
87	0.00822	0.00641	0.00747	0.00754	0.00917	0.00565	0.00553	0.01028	0.01560	0.02034	0.29962	0.18036	0.36889	0.01590	0.00774	0.00220	0.00327	0.01376	0.00640	0.00565
88	0.00905	0.00616	0.00732	0.00770	0.00785	0.00610	0.00466	0.00945	0.01024	0.01368	0.02417	0.21392	0.02812	0.55932	0.04618	0.00545	0.00597	0.02590	0.00444	0.00432
89	0.28084	0.01366	0.07051	0.05705	0.01803	0.01287	0.04237	0.10077	0.01614	0.17095	0.07301	0.04432	0.01677	0.00833	0.00598	0.00209	0.00605	0.04656	0.00532	0.00837
90	0.01431	0.02187	0.26449	0.02356	0.07228	0.01545	0.37288	0.02089	0.05283	0.02073	0.01345	0.01683	0.01013	0.00784	0.04090	0.00250	0.01024	0.00653	0.00328	0.00903
91	0.01887	0.01707	0.02137	0.17814	0.23854	0.13182	0.03227	0.13650	0.01757	0.08110	0.01313	0.01590	0.01008	0.00689	0.00724	0.00200	0.05270	0.00561	0.00407	0.00913
92	0.00828	0.00589	0.00782	0.00909	0.00959	0.00562	0.00626	0.00956	0.01245	0.01664	0.05445	0.60816	0.04043	0.08141	0.03370	0.00317	0.00454	0.07188	0.00578	0.00524
93	0.00938	0.00742	0.01158	0.01145	0.01272	0.00707	0.08911	0.01123	0.01284	0.01707	0.03098	0.46923	0.03566	0.10329	0.01109	0.00305	0.00528	0.14049	0.00543	0.00563
94	0.07133	0.02712	0.01684	0.01522	0.01853	0.60999	0.01150	0.05592	0.01804	0.01842	0.01107	0.01275	0.00902	0.00674	0.00564	0.00168	0.01035	0.00435	0.06797	0.00750
95	0.02109	0.02018	0.01818	0.01755	0.10235	0.25464	0.01236	0.30826	0.02209	0.02691	0.01612	0.11932	0.01446	0.00890	0.00650	0.00194	0.00819	0.00702	0.00499	0.00896
96	0.00779	0.00625	0.00698	0.00753	0.00907	0.00544	0.00543	0.00929	0.01392	0.01718	0.05439	0.30478	0.47580	0.01773	0.00788	0.00235	0.00351	0.03329	0.00600	0.00540
97	0.00793	0.00565	0.00748	0.00893	0.00929	0.00528	0.00593	0.00901	0.01227	0.01636	0.03508	0.74329	0.04206	0.04658	0.00911	0.00275	0.00384	0.01805	0.00593	0.00520
98	0.01340	0.01148	0.01340	0.00957	0.01531	0.00861	0.00766	0.01627	0.01340	0.02105	0.01148	0.01340	0.00957	0.00479	0.00479	0.00096	0.00479	0.00383	0.00383	0.81242
99	0.04049	0.22666	0.04733	0.01640	0.09177	0.05621	0.01298	0.37839	0.02245	0.02957	0.01283	0.01378	0.00985	0.00679	0.00572	0.00178	0.00736	0.00499	0.00478	0.00986
100	0.07859	0.01425	0.01815	0.01579	0.01628	0.05180	0.01300	0.01590	0.01052	0.01669	0.01024	0.05946	0.01043	0.01121	0.01834	0.00270	0.62035	0.00618	0.00314	0.00697
101	0.01789	0.01347	0.01466	0.01292	0.01676	0.01515	0.01012	0.03393	0.62216	0.12689	0.02618	0.02381	0.01920	0.00866	0.00656	0.00216	0.00517	0.00719	0.00677	0.01034
102	0.00923	0.00692	0.01038	0.01038	0.01154	0.00808	0.00808	0.01154	0.01038	0.01500	0.01731	0.02538	0.01615	0.04846	0.74732	0.01038	0.01731	0.00692	0.00346	0.00577
103	0.50842	0.01343	0.01359	0.08208	0.01792	0.01510	0.03218	0.14235	0.01538	0.08900	0.01190	0.01322	0.00870	0.00650	0.00500	0.00201	0.00595	0.00451	0.00464	0.00811
104	0.01109	0.00951	0.01187	0.01230	0.06900	0.05334	0.00854	0.01370	0.01553	0.02155	0.41268	0.03633	0.03983	0.05451	0.12824	0.00362	0.07716	0.00932	0.00543	0.00644
105	0.00978	0.00808	0.00823	0.00788	0.00977	0.05319	0.00591	0.01219	0.01652	0.02187	0.36758	0.04916	0.30995	0.01351	0.00724	0.00202	0.00368	0.01146	0.07605	0.00593
106	0.02434	0.01729	0.01873	0.01441	0.01941	0.01896	0.01184	0.64738	0.02899	0.08202	0.01627	0.01676	0.01169	0.03231	0.00731	0.00208	0.00699	0.00597	0.00647	0.01076
107	0.81856	0.01250	0.00950	0.00850	0.01250	0.01449	0.00700	0.01899	0.01100	0.02899	0.00900	0.01050	0.00700	0.00600	0.00400	0.00200	0.00500	0.00350	0.00400	0.00700
108	0.81856	0.01250	0.00950	0.00850	0.01250	0.01449	0.00700	0.01899	0.01100	0.02899	0.00900	0.01050	0.00700	0.00600	0.00400	0.00200	0.00500	0.00350	0.00400	0.00700
109	0.01780	0.59568	0.05943	0.01217	0.01730	0.13919	0.01161	0.02000	0.01394	0.01557	0.01034	0.04180	0.00970	0.00634	0.00466	0.00151	0.00764	0.00423	0.00299	0.00809
110	0.01340	0.01148	0.01340	0.00957	0.01531	0.00861	0.00766	0.01627	0.01340	0.02105	0.01148	0.01340	0.00957	0.00479	0.00479	0.00096	0.00479	0.00383	0.00383	0.81242
111	0.01085	0.00754	0.01062	0.01274	0.09111	0.00698	0.00805	0.01255	0.01325	0.07398	0.03069	0.55896	0.03483	0.01665	0.00771	0.00241	0.00445	0.03571	0.00571	0.05519
112	0.01346	0.08278	0.33651	0.01521	0.04171	0.01344	0.03801	0.04484	0.01550	0.05140	0.19176	0.02410	0.04000	0.00944	0.02537	0.00222	0.03461	0.00692	0.00432	0.00841
113	0.00764	0.00655	0.00655	0.00655	0.00873	0.00545	0.00491	0.00927	0.01473	0.01745	0.06546	0.06218	0.73000	0.01636	0.00764	0.00218	0.00327	0.01364	0.00600	0.00545
114	0.01340	0.01148	0.01340	0.00957	0.01531	0.00861	0.00766	0.01627	0.01340	0.02105	0.01148	0.01340	0.00957	0.00479	0.00479	0.00096	0.00479	0.00383	0.00383	0.81242
115	0.02074	0.04314	0.02132	0.02094	0.16812	0.24671	0.05379	0.20035	0.11590	0.02507	0.01422	0.01553	0.01104	0.00694	0.00626	0.00188	0.00859	0.00552	0.00452	0.00942
116	0.00787	0.00562	0.00750	0.00900	0.00937	0.00525	0.00600	0.00900	0.01237	0.01649	0.03561	0.76871	0.04274	0.02024	0.00825	0.00262	0.00375	0.01837	0.00600	0.00525
117	0.01776	0.01660	0.05439	0.04725	0.06155	0.07063	0.02707	0.10898	0.44123	0.05135	0.02131	0.02066	0.01590	0.00798	0.00649	0.00209	0.00650	0.00659	0.00574	0.00994
118	0.01195	0.01008	0.01445	0.01311	0.01349	0.01314	0.01046	0.01282	0.00976	0.01451	0.01192	0.01892	0.01155	0.02572	0.26074	0.16504	0.36742	0.00606	0.00303	0.00580
119	0.01867	0.16403	0.18814	0.03444	0.03923	0.09910	0.07383	0.10206	0.04897	0.11567	0.03093	0.01681	0.02615	0.00694	0.00604	0.00188	0.00805	0.00554	0.00432	0.00919
120	0.01809	0.61707	0.03064	0.01191	0.01705	0.07599	0.03597	0.02019	0.01375	0.05908	0.01067	0.01273	0.00944	0.03723	0.00572	0.00167	0.00729	0.00408	0.00319	0.00823
121	0.00787	0.00562	0.00750	0.00900	0.00937	0.00525	0.00600	0.00900	0.01237	0.01649	0.03561	0.76871	0.04274	0.02024	0.00825	0.00262	0.00375	0.01837	0.00600	0.00525
122	0.01187	0.01037	0.01618	0.08049	0.29818	0.01030	0.01237	0.01506	0.01567	0.02179	0.27692	0.09179	0.09161	0.01055	0.00710	0.00206	0.00540	0.00956	0.00504	0.00770
123	0.02078	0.13045	0.14778	0.01640	0.06368	0.21542	0.01418	0.10143	0.05438	0.13225	0.01410	0.01485	0.01050	0.00693	0.00633	0.00185	0.03010	0.00502	0.00437	0.00920
124	0.00940	0.00626	0.00705	0.00705	0.00705	0.00626	0.00392	0.00940	0.00940	0.01253	0.02036	0.04228	0.02349	0.77292	0.03289	0.00626	0.00626	0.00940	0.00392	0.00392
125	0.01398	0.01391	0.01949	0.01675	0.01679	0.01942	0.01394	0.01542	0.00991	0.01553	0.00876	0.01449	0.00872	0.01249	0.04422	0.00307	0.73752	0.00569	0.00285	0.00703
126	0.01869	0.01522	0.05574	0.16238	0.21755	0.03747	0.07156	0.09856	0.04241	0.16832	0.01630	0.03961	0.01229	0.00712	0.00657	0.00203	0.00762	0.00639	0.00467	0.00951
127	0.01622	0.01702	0.04491	0.08137	0.42578	0.09221	0.07090	0.02152	0.09002	0.02060	0.01453	0.01750	0.02667	0.00658	0.00683	0.00199	0.02631	0.00604	0.00359	0.00941
128	0.01026	0.00803	0.01145	0.01099	0.01203	0.00962	0.00854	0.03276	0.01084	0.01562	0.01650	0.02523	0.01574	0.10414	0.58183	0.00892	0.10110	0.00695	0.00352	0.00592
129	0.00923	0.00692	0.01038	0.01038	0.01154	0.00808	0.00808	0.01154	0.01038	0.01500	0.01731	0.02538	0.01615	0.04846	0.74732	0.01038	0.01731	0.00692	0.00346	0.00577
130	0.01505	0.01442	0.01974	0.04033	0.01813	0.01964	0.01408	0.08086	0.01191	0.01794	0.00924	0.01436	0.00872	0.01082	0.01935	0.00272	0.66639	0.00567	0.00317	0.00744
131	0.01381	0.01147	0.01344	0.00962	0.01534	0.00864	0.00770	0.01667	0.01353	0.03980	0.01185	0.01362	0.00974	0.00487	0.00483	0.00098	0.00480	0.00390	0.00394	0.79144
132	0.10599	0.01746	0.04071	0.01396	0.01891	0.01867	0.01172	0.58505	0.02687	0.03757	0.01493	0.01616	0.01106	0.04258	0.00741	0.00215	0.00693	0.00571	0.00597	0.01020
133	0.02415	0.03027	0.01835	0.01657	0.01998	0.71717	0.01248	0.05390	0.01881	0.01684	0.01021	0.01181	0.00843	0.00670	0.00585	0.00168	0.01147	0.00423	0.00346	0.00763
134	0.02551	0.01215	0.01490	0.01162	0.01618	0.01175	0.00953	0.20565	0.02090	0.45813	0.02229	0.02060	0.01477	0.00787	0.00622	0.00192	0.00557	0.00626	0.11787	0.01031
135	0.01275	0.01204	0.02037	0.65336	0.14424	0.01450	0.01822	0.01699	0.01318	0.01718	0.01158	0.01705	0.00885	0.00636	0.00645	0.00212	0.00848	0.00574	0.00292	0.00762
136	0.00867	0.00642	0.00712	0.00722	0.00820	0.00603	0.00478	0.00956	0.01183	0.01494	0.03905	0.07351	0.30473	0.39116	0.05404	0.00461	0.00549	0.03305	0.00485	0.00472
137	0.00923	0.00671	0.00924	0.00924	0.01007	0.00744	0.00670	0.01081	0.01022	0.01432	0.01982	0.03176	0.04177	0.26921	0.50437	0.00885	0.01347	0.00790	0.00368	0.00519
138	0.02249	0.01633	0.01750	0.01379	0.01844	0.01804	0.01127	0.54682	0.11697	0.05485	0.01763	0.01752	0.01272	0.00787	0.00631	0.00194	0.00646	0.00604	0.07655	0.01046
139	0.00923	0.00692	0.01038	0.01038	0.01154	0.00808	0.00808	0.01154	0.01038	0.01500	0.01731	0.02538	0.01615	0.04846	0.74732	0.01038	0.01731	0.00692	0.00346	0.00577
140	0.78148	0.01223	0.00946	0.00848	0.01237	0.01411	0.00696	0.01868	0.01133	0.02885	0.04199	0.01223	0.00947	0.00633	0.00416	0.00200	0.00491	0.00387	0.00414	0.00696
141	0.02231	0.05599	0.04800	0.01559	0.01937	0.52085	0.01236	0.11778	0.04158	0.01997	0.01248	0.03943	0.01047	0.00731	0.00593	0.00175	0.01005	0.00503	0.02568	0.00805
142	0.00964	0.00665	0.00794	0.00862	0.04038	0.00664	0.00473	0.00986	0.00976	0.01309	0.02061	0.07107	0.02368	0.70670	0.03066	0.00591	0.00623	0.00960	0.00397	0.00426
143	0.01545	0.16552	0.04233	0.01237	0.04927	0.07738	0.01002	0.04291	0.01434	0.01990	0.01126	0.01331	0.00950	0.00698	0.03370	0.00158	0.00666	0.00409	0.00359	0.45982
144	0.00905	0.00622	0.00807	0.00919	0.00987	0.00593	0.00623	0.01096	0.04493	0.04203	0.03421	0.67867	0.03996	0.05016	0.00912	0.00273	0.00398	0.01708	0.00601	0.00562
145	0.01445	0.09234	0.19274	0.01594	0.04103	0.04958	0.10759	0.08384	0.01598	0.02159	0.07255	0.06361	0.05979	0.00879	0.00692	0.00199	0.02613	0.04834	0.00420	0.07261
146	0.04163	0.27706	0.11041	0.04999	0.17477	0.04458	0.05662	0.04621	0.01447	0.01962	0.01091	0.01328	0.00902	0.00574	0.00539	0.00166	0.00757	0.00462	0.00322	0.10325
147	0.01614	0.01513	0.01818	0.01542	0.01764	0.06450	0.04395	0.09945	0.20868	0.02261	0.07215	0.01975	0.01610	0.00980	0.01283	0.00238	0.32564	0.00660	0.00466	0.00840

[dist]
# distance from previous block
# <min> <max>
0	20

[block]
# block no. 2 follows, 34 sequences, length 125
# corresponding to MSA columns:
# 489-613
name=unknown_C
#
# <colnr> <probs for GDERKNQSTAVLIFYWHMCP>
#	G	D	E	R	K	N	Q	S	T	A	V	L	I	F	Y	W	H	M	C	P
0	0.01979	0.01632	0.05628	0.05508	0.07815	0.06016	0.01253	0.28573	0.10732	0.10137	0.01826	0.07312	0.01459	0.00999	0.03624	0.00234	0.00733	0.00682	0.00555	0.03303
1	0.01284	0.04170	0.04081	0.03998	0.05660	0.06348	0.01071	0.07017	0.01471	0.01939	0.07040	0.05570	0.06388	0.04746	0.19257	0.00443	0.05528	0.12848	0.00450	0.00689
2	0.02000	0.01580	0.01683	0.01386	0.01829	0.01773	0.01112	0.35328	0.37435	0.03332	0.02078	0.01974	0.01530	0.00817	0.00647	0.00204	0.00605	0.00650	0.00644	0.03394
3	0.01467	0.04470	0.08384	0.13331	0.15763	0.01287	0.07522	0.06495	0.01558	0.07914	0.07519	0.09753	0.04157	0.01078	0.03811	0.00246	0.00747	0.03221	0.00449	0.00829
4	0.00870	0.00659	0.00802	0.00766	0.00938	0.00591	0.00575	0.01134	0.01724	0.02343	0.53429	0.05235	0.25744	0.01414	0.00763	0.00208	0.00311	0.01226	0.00679	0.00591
5	0.01388	0.01157	0.01390	0.03477	0.01638	0.00927	0.00831	0.01673	0.01341	0.04347	0.01181	0.01383	0.00970	0.00520	0.00554	0.00110	0.03479	0.00405	0.00389	0.72838
6	0.01814	0.01480	0.01674	0.06694	0.04015	0.06984	0.03397	0.25127	0.05834	0.06028	0.01756	0.11860	0.01530	0.00858	0.00634	0.00184	0.00656	0.00714	0.00521	0.18239
7	0.01380	0.02708	0.46640	0.02143	0.02954	0.01566	0.26205	0.02035	0.01405	0.02035	0.01198	0.01498	0.00876	0.00611	0.00726	0.00212	0.04018	0.00580	0.00292	0.00916
8	0.01572	0.01626	0.09157	0.04607	0.33533	0.03837	0.01537	0.04021	0.02897	0.04425	0.01260	0.01517	0.01011	0.00573	0.00586	0.00164	0.00698	0.00506	0.00366	0.26106
9	0.01236	0.01165	0.01967	0.72709	0.07355	0.01440	0.01802	0.01665	0.01300	0.01670	0.01151	0.01717	0.00868	0.00643	0.00646	0.00214	0.00857	0.00574	0.00288	0.00731
10	0.01122	0.00561	0.00842	0.00842	0.00842	0.00561	0.00561	0.00842	0.00842	0.01122	0.01122	0.01964	0.01122	0.02245	0.02525	0.81201	0.00561	0.00561	0.00281	0.00281
11	0.01967	0.12750	0.08382	0.01590	0.05726	0.06770	0.02859	0.28272	0.19946	0.02869	0.01637	0.01660	0.01233	0.00732	0.00611	0.00192	0.00721	0.00569	0.00518	0.00996
12	0.04904	0.04076	0.14237	0.04286	0.16836	0.05112	0.10317	0.12722	0.01760	0.15711	0.01501	0.01644	0.01083	0.00660	0.00632	0.00196	0.00792	0.00575	0.01986	0.00970
13	0.03750	0.01500	0.14728	0.01123	0.01708	0.00972	0.01060	0.01751	0.01375	0.06824	0.03111	0.06962	0.01329	0.00661	0.00544	0.00140	0.00560	0.00541	0.00414	0.50944
14	0.01335	0.01261	0.02121	0.44891	0.29743	0.01421	0.01793	0.01732	0.01363	0.01824	0.01405	0.03695	0.03302	0.00686	0.00652	0.00208	0.00797	0.00631	0.00317	0.00821
15	0.01513	0.03267	0.05209	0.28795	0.18573	0.08260	0.05712	0.04701	0.03878	0.01909	0.01272	0.04098	0.01059	0.00730	0.00791	0.00211	0.08248	0.00609	0.00337	0.00828
16	0.01290	0.06569	0.33987	0.01897	0.15674	0.01329	0.01701	0.03498	0.01526	0.02165	0.16070	0.02466	0.07467	0.00828	0.00649	0.00199	0.00718	0.00699	0.00405	0.00863
17	0.01470	0.01617	0.07149	0.01779	0.04259	0.04163	0.01493	0.03457	0.01112	0.01676	0.00906	0.01412	0.00858	0.01051	0.01876	0.00268	0.63857	0.00555	0.00294	0.00747
18	0.00857	0.00696	0.00754	0.00735	0.00943	0.00619	0.00554	0.03576	0.01561	0.01952	0.16567	0.08547	0.54160	0.01696	0.03656	0.00249	0.00395	0.01297	0.00609	0.00576
19	0.01846	0.06285	0.04346	0.03051	0.01749	0.06656	0.02794	0.21231	0.07541	0.10053	0.01815	0.08275	0.01544	0.06444	0.03443	0.00253	0.02677	0.00697	0.02862	0.06437
20	0.10625	0.00899	0.00902	0.00808	0.01052	0.00962	0.00635	0.14182	0.01619	0.02731	0.01854	0.02103	0.01444	0.00900	0.03388	0.00199	0.00454	0.00573	0.53966	0.00703
21	0.01374	0.01258	0.02038	0.59344	0.14275	0.01496	0.01777	0.07259	0.01458	0.01912	0.01190	0.01691	0.00904	0.00646	0.00645	0.00210	0.00836	0.00575	0.00321	0.00793
22	0.01201	0.01055	0.01176	0.06965	0.01512	0.06958	0.00821	0.01417	0.01290	0.01755	0.04379	0.07473	0.04422	0.14993	0.11268	0.00367	0.00755	0.05361	0.00415	0.26418
23	0.01723	0.69177	0.08553	0.01183	0.01756	0.05374	0.01206	0.01969	0.01337	0.01562	0.00922	0.01066	0.00829	0.00562	0.00436	0.00144	0.00730	0.00358	0.00278	0.00835
24	0.01821	0.01847	0.01539	0.01249	0.01713	0.26885	0.00971	0.04995	0.03684	0.04806	0.01228	0.01388	0.00993	0.00708	0.02695	0.00160	0.00770	0.00433	0.00400	0.41715
25	0.00976	0.00699	0.00959	0.01100	0.01223	0.00688	0.00914	0.01222	0.01419	0.01849	0.03502	0.22146	0.05737	0.03808	0.00937	0.00296	0.00541	0.50819	0.00591	0.00573
26	0.27274	0.01129	0.01300	0.01210	0.06728	0.01119	0.00891	0.04312	0.01554	0.33290	0.02379	0.05356	0.09115	0.00862	0.00590	0.00204	0.00523	0.00676	0.00604	0.00884
27	0.02271	0.04266	0.09108	0.01262	0.01820	0.01201	0.02666	0.08769	0.06168	0.39097	0.01992	0.01867	0.01345	0.00713	0.00611	0.00181	0.00609	0.00576	0.00621	0.14856
28	0.01824	0.31858	0.04414	0.01230	0.01732	0.15485	0.01084	0.07752	0.03945	0.04088	0.03799	0.01395	0.01133	0.00625	0.00512	0.00148	0.00721	0.00442	0.00383	0.17428
29	0.01219	0.00947	0.01156	0.01080	0.05620	0.00826	0.00743	0.03499	0.02780	0.04482	0.04408	0.11281	0.11352	0.14108	0.03139	0.00266	0.00530	0.00838	0.00470	0.31256
30	0.01744	0.14117	0.29887	0.03890	0.06362	0.12762	0.06843	0.12973	0.01706	0.02209	0.01171	0.01365	0.00891	0.00632	0.00597	0.00188	0.00905	0.00494	0.00348	0.00918
