[name]
unknown

[dist]
# distance from previous block
# <min> <max>
7	632

[block]
# block no. 0 follows, 29 sequences, length 12
# corresponding to MSA columns:
# 892-903
name=unknown_A
#
# <colnr> <probs for GDERKNQSTAVLIFYWHMCP>
#	G	D	E	R	K	N	Q	S	T	A	V	L	I	F	Y	W	H	M	C	P
0	0.10052	0.01737	0.02749	0.03397	0.43660	0.01779	0.10506	0.12743	0.01863	0.02757	0.01376	0.01712	0.01098	0.00668	0.00696	0.00217	0.00852	0.00637	0.00420	0.01082
1	0.10053	0.01528	0.02310	0.03076	0.43328	0.01479	0.01674	0.02281	0.01610	0.11402	0.01484	0.01740	0.01162	0.00652	0.00650	0.00197	0.00733	0.00585	0.00442	0.13613
2	0.01490	0.01351	0.01902	0.08830	0.02289	0.01126	0.09739	0.01860	0.01498	0.02263	0.01289	0.01579	0.01047	0.00556	0.00588	0.00137	0.00659	0.00499	0.00403	0.60898
3	0.67716	0.01351	0.01144	0.00989	0.01448	0.01509	0.00815	0.02313	0.01344	0.14047	0.01282	0.01359	0.00930	0.00696	0.00485	0.00220	0.00560	0.00438	0.00511	0.00842
4	0.01626	0.01173	0.01416	0.01057	0.01605	0.00918	0.00843	0.01940	0.01636	0.11393	0.12489	0.02215	0.02053	0.00722	0.00602	0.00139	0.00507	0.00599	0.00540	0.56527
5	0.01457	0.01253	0.01793	0.07403	0.02127	0.01070	0.09480	0.01796	0.01490	0.04188	0.01675	0.08567	0.01531	0.02568	0.02344	0.00197	0.00679	0.02246	0.00445	0.47692
6	0.01249	0.00942	0.01286	0.08623	0.01627	0.01035	0.00941	0.01446	0.01304	0.05432	0.05434	0.13917	0.04434	0.18057	0.15094	0.00513	0.10408	0.00999	0.00476	0.06785
7	0.22698	0.09562	0.01671	0.01212	0.01653	0.07400	0.00985	0.11287	0.01782	0.14175	0.01895	0.13215	0.01678	0.00966	0.00625	0.00211	0.00653	0.00747	0.00565	0.07021
8	0.01810	0.01515	0.02317	0.02090	0.13172	0.01414	0.15145	0.02523	0.14591	0.09972	0.01796	0.01945	0.01364	0.00683	0.00680	0.00189	0.00734	0.00649	0.00506	0.26904
9	0.01795	0.02122	0.13210	0.02245	0.18614	0.13152	0.05193	0.02211	0.01660	0.04913	0.04014	0.01728	0.01275	0.00665	0.00650	0.00180	0.00846	0.00564	0.00405	0.24559
10	0.02196	0.01854	0.01602	0.01393	0.03528	0.23035	0.01053	0.04976	0.04017	0.16465	0.02186	0.02216	0.06764	0.00826	0.00642	0.00182	0.00763	0.00631	0.08714	0.16957
11	0.01329	0.01119	0.02938	0.01207	0.01473	0.03166	0.00969	0.07939	0.03609	0.02287	0.11115	0.10869	0.02793	0.04362	0.22649	0.00519	0.02584	0.07666	0.00537	0.10869

[dist]
# distance from previous block
# <min> <max>
0	79

[block]
# block no. 1 follows, 29 sequences, length 25
# corresponding to MSA columns:
# 989-1013
name=unknown_B
#
# <colnr> <probs for GDERKNQSTAVLIFYWHMCP>
#	G	D	E	R	K	N	Q	S	T	A	V	L	I	F	Y	W	H	M	C	P
0	0.04951	0.02686	0.10230	0.01614	0.06998	0.02351	0.04002	0.08612	0.08077	0.07687	0.09174	0.04073	0.04425	0.00970	0.00712	0.00213	0.00678	0.07047	0.00560	0.14942
1	0.04317	0.01565	0.04197	0.01947	0.12957	0.06386	0.03312	0.04605	0.01491	0.02122	0.01910	0.06628	0.07074	0.01391	0.07165	0.00309	0.19813	0.00753	0.00417	0.11643
2	0.03961	0.06912	0.04412	0.01859	0.11078	0.07175	0.03816	0.14430	0.15673	0.04804	0.01701	0.01796	0.01309	0.00733	0.00648	0.00191	0.00744	0.00594	0.00522	0.17643
3	0.07384	0.21647	0.12429	0.01453	0.02018	0.04258	0.03824	0.15655	0.01857	0.04503	0.04242	0.01866	0.01376	0.06584	0.00893	0.00234	0.02938	0.00584	0.00455	0.05798
4	0.01623	0.08335	0.10901	0.08323	0.05593	0.01638	0.01413	0.13330	0.04262	0.02413	0.04531	0.08055	0.01761	0.07384	0.03652	0.00298	0.09595	0.00770	0.00465	0.05660
5	0.01810	0.31945	0.05120	0.09525	0.05441	0.05729	0.01361	0.07117	0.01614	0.02097	0.01161	0.01414	0.00981	0.00672	0.00665	0.00174	0.05294	0.00473	0.00367	0.17040
6	0.05218	0.05340	0.05050	0.04394	0.09321	0.04977	0.04177	0.04597	0.03785	0.08665	0.05656	0.01944	0.01477	0.01060	0.03523	0.00264	0.21913	0.00644	0.00449	0.07548
7	0.01999	0.08705	0.04899	0.08317	0.04758	0.10064	0.04197	0.11009	0.06573	0.12764	0.01962	0.08194	0.01662	0.04986	0.06468	0.00315	0.00899	0.00767	0.00531	0.00932
8	0.01657	0.08518	0.03697	0.01784	0.12944	0.03981	0.01253	0.10674	0.07379	0.02458	0.05855	0.02154	0.01675	0.01802	0.16999	0.00404	0.00982	0.00649	0.00471	0.14664
9	0.04926	0.05939	0.02002	0.01980	0.14724	0.04790	0.04638	0.03952	0.01467	0.02094	0.07890	0.02367	0.01813	0.04588	0.21132	0.00504	0.13247	0.00719	0.00411	0.00817
10	0.01866	0.10790	0.02126	0.06181	0.07890	0.19605	0.04609	0.07690	0.06513	0.02235	0.04681	0.11858	0.02938	0.00965	0.00690	0.00206	0.00834	0.00797	0.00475	0.07052
11	0.01401	0.01212	0.01492	0.01454	0.06892	0.07025	0.04325	0.07847	0.01988	0.02699	0.40777	0.03884	0.04391	0.01700	0.09412	0.00331	0.00732	0.01020	0.00638	0.00782
12	0.01766	0.62315	0.09175	0.01266	0.01859	0.02509	0.01286	0.02036	0.01444	0.01738	0.01290	0.08059	0.01269	0.00767	0.00518	0.00171	0.00753	0.00547	0.00338	0.00894
13	0.01357	0.01246	0.04784	0.01240	0.01572	0.01187	0.00992	0.02339	0.29686	0.02405	0.03239	0.24803	0.07052	0.01381	0.00774	0.00243	0.00530	0.04185	0.00640	0.10345
14	0.01936	0.32534	0.20054	0.01687	0.02382	0.08140	0.07847	0.08156	0.04685	0.04465	0.01319	0.01475	0.01036	0.00682	0.00606	0.00193	0.00907	0.00519	0.00387	0.00990
15	0.01378	0.01015	0.01417	0.01299	0.01440	0.01218	0.01026	0.04356	0.01287	0.07221	0.01790	0.02614	0.01642	0.09815	0.42745	0.00815	0.17032	0.00747	0.00424	0.00719
16	0.02133	0.01063	0.01357	0.01117	0.01500	0.00978	0.00893	0.08541	0.02118	0.33471	0.28234	0.03813	0.09357	0.01171	0.00773	0.00223	0.00501	0.00989	0.00810	0.00958
17	0.01249	0.01261	0.06956	0.01379	0.01577	0.01307	0.01171	0.01502	0.01178	0.01755	0.01551	0.02393	0.01477	0.09964	0.33278	0.00693	0.22171	0.00698	0.00364	0.08077
18	0.01151	0.01077	0.06528	0.01003	0.01300	0.00872	0.00851	0.07591	0.01983	0.02683	0.39528	0.05138	0.24703	0.01442	0.00816	0.00228	0.00442	0.01231	0.00703	0.00731
19	0.04756	0.01647	0.13607	0.01524	0.05967	0.07787	0.04311	0.01720	0.03752	0.02078	0.07837	0.16094	0.10477	0.07911	0.07048	0.00352	0.00820	0.01052	0.00495	0.00765
20	0.01030	0.00727	0.00907	0.06525	0.01169	0.00740	0.00612	0.01116	0.01205	0.01614	0.08258	0.16129	0.03166	0.50730	0.02705	0.00548	0.00634	0.01190	0.00491	0.00505
21	0.01669	0.06411	0.12801	0.04391	0.36152	0.01623	0.06682	0.02095	0.01552	0.05084	0.03723	0.02111	0.01417	0.07674	0.01028	0.00262	0.03265	0.00680	0.00384	0.00996
22	0.05786	0.05914	0.08163	0.02343	0.09413	0.34590	0.19187	0.02516	0.01786	0.02049	0.01219	0.01506	0.00973	0.00675	0.00686	0.00205	0.01143	0.00576	0.00359	0.00911
23	0.07716	0.04890	0.10956	0.14947	0.09154	0.01645	0.10288	0.11759	0.01764	0.02576	0.01330	0.01637	0.01022	0.00661	0.00655	0.00199	0.00837	0.00576	0.00412	0.16975
24	0.01031	0.07724	0.01083	0.00870	0.01058	0.00854	0.00652	0.01195	0.01482	0.01865	0.10658	0.11460	0.30647	0.19152	0.01486	0.00349	0.00504	0.06746	0.00584	0.00599

[dist]
# distance from previous block
# <min> <max>
1	2

[block]
# block no. 2 follows, 29 sequences, length 8
# corresponding to MSA columns:
# 1016-1023
name=unknown_C
#
# <colnr> <probs for GDERKNQSTAVLIFYWHMCP>
#	G	D	E	R	K	N	Q	S	T	A	V	L	I	F	Y	W	H	M	C	P
0	0.01996	0.17978	0.02462	0.13748	0.09324	0.12680	0.01490	0.12666	0.12414	0.02416	0.01494	0.01698	0.01186	0.00775	0.00733	0.00209	0.04727	0.00579	0.00450	0.00974
1	0.01213	0.00634	0.00951	0.00951	0.00965	0.00648	0.00648	0.00965	0.00951	0.01282	0.01310	0.02234	0.01296	0.02788	0.10388	0.70716	0.00760	0.00634	0.00317	0.00345
2	0.04231	0.09064	0.15150	0.01907	0.08187	0.14126	0.06537	0.12037	0.01904	0.07616	0.01842	0.04420	0.04899	0.01025	0.03745	0.00251	0.00950	0.00675	0.00466	0.00969
3	0.01854	0.29063	0.20463	0.02155	0.14205	0.02171	0.06589	0.11332	0.01772	0.02368	0.01255	0.01476	0.01001	0.00664	0.00618	0.00196	0.00884	0.00531	0.00372	0.01030
4	0.69040	0.01272	0.01016	0.00944	0.01329	0.01456	0.00756	0.01940	0.01233	0.03004	0.01398	0.11321	0.01317	0.00879	0.00506	0.00230	0.00532	0.00613	0.00471	0.00744
5	0.01604	0.09846	0.15083	0.01654	0.06742	0.05016	0.05501	0.05858	0.01717	0.07890	0.08147	0.18455	0.07180	0.01180	0.00745	0.00229	0.00725	0.01020	0.00529	0.00879
6	0.01716	0.01852	0.10034	0.19655	0.06619	0.04623	0.13612	0.08746	0.01686	0.05139	0.01663	0.02033	0.04716	0.00859	0.01021	0.00243	0.13760	0.00700	0.00408	0.00917
7	0.11866	0.00788	0.00827	0.00838	0.01021	0.00757	0.00599	0.01210	0.01483	0.02129	0.13631	0.19201	0.28945	0.12178	0.01198	0.00310	0.00441	0.01357	0.00615	0.00605

[dist]
# distance from previous block
# <min> <max>
5	63

[block]
# block no. 3 follows, 29 sequences, length 17
# corresponding to MSA columns:
# 1089-1105
name=unknown_D
#
# <colnr> <probs for GDERKNQSTAVLIFYWHMCP>
#	G	D	E	R	K	N	Q	S	T	A	V	L	I	F	Y	W	H	M	C	P
0	0.01401	0.03576	0.08218	0.01245	0.01601	0.01112	0.03585	0.02065	0.16109	0.08555	0.10244	0.21715	0.14839	0.01420	0.00794	0.00245	0.00550	0.01236	0.00649	0.00839
1	0.05475	0.01839	0.05494	0.12832	0.05036	0.01954	0.05810	0.35889	0.02426	0.06863	0.01544	0.01744	0.01129	0.00831	0.00862	0.00229	0.07789	0.00639	0.00556	0.01060
2	0.02798	0.01231	0.01582	0.01260	0.01765	0.01136	0.01025	0.03354	0.13135	0.55019	0.03126	0.02766	0.06531	0.00959	0.00726	0.00225	0.00582	0.00785	0.00840	0.01156
3	0.53723	0.01486	0.06090	0.08375	0.07043	0.01524	0.01094	0.01988	0.01268	0.02764	0.01179	0.01619	0.00991	0.07442	0.00794	0.00265	0.00660	0.00498	0.00411	0.00789
4	0.01180	0.00767	0.00957	0.00887	0.01086	0.00695	0.00659	0.01450	0.01851	0.08759	0.46023	0.05266	0.17275	0.08700	0.01103	0.00272	0.00400	0.01249	0.00736	0.00685
5	0.80005	0.01377	0.01047	0.00936	0.01377	0.01597	0.00771	0.02093	0.01212	0.03195	0.00991	0.01157	0.00771	0.00661	0.00441	0.00220	0.00551	0.00386	0.00441	0.00771
6	0.02023	0.56122	0.03356	0.01613	0.08158	0.14802	0.01334	0.02261	0.01562	0.01746	0.01041	0.01224	0.00934	0.00633	0.00512	0.00163	0.00860	0.00417	0.00320	0.00918
7	0.01756	0.01499	0.02513	0.18832	0.35750	0.01514	0.06858	0.02177	0.01622	0.08986	0.03558	0.01952	0.01310	0.00688	0.00706	0.00211	0.00828	0.00658	0.00417	0.08166
8	0.01809	0.01726	0.06237	0.01320	0.01717	0.13593	0.01096	0.10737	0.13062	0.08070	0.16603	0.03512	0.15272	0.01138	0.00749	0.00221	0.00671	0.00924	0.00644	0.00898
9	0.01801	0.01678	0.02690	0.03540	0.49155	0.01708	0.05034	0.08132	0.01727	0.02474	0.01340	0.01721	0.01111	0.00689	0.00819	0.00210	0.06361	0.00623	0.00389	0.08796
10	0.06802	0.16726	0.04241	0.17938	0.02297	0.01538	0.01218	0.06692	0.01605	0.02162	0.05388	0.11640	0.11868	0.01290	0.03454	0.00260	0.00724	0.02892	0.00477	0.00787
11	0.01465	0.06767	0.01681	0.06383	0.01875	0.01244	0.01012	0.03813	0.03756	0.02196	0.01601	0.09212	0.01489	0.01049	0.04446	0.00214	0.05665	0.00652	0.00440	0.45041
12	0.04394	0.08958	0.06894	0.03518	0.08759	0.01662	0.03358	0.16830	0.10644	0.11338	0.06070	0.05901	0.04168	0.00970	0.00712	0.00224	0.00704	0.03279	0.00599	0.01018
13	0.01608	0.11946	0.04046	0.01139	0.01568	0.04918	0.00965	0.02046	0.07250	0.09687	0.19005	0.03385	0.10650	0.01049	0.00692	0.00195	0.00569	0.02958	0.00595	0.15727
14	0.06885	0.04895	0.01349	0.08204	0.01672	0.01135	0.00912	0.08005	0.04915	0.02466	0.16774	0.18615	0.09908	0.04396	0.00869	0.00247	0.00536	0.01131	0.00599	0.06486
15	0.04352	0.01570	0.07519	0.01459	0.04576	0.04126	0.03070	0.18423	0.04118	0.02769	0.13477	0.03381	0.12600	0.09664	0.01177	0.00282	0.05097	0.00904	0.00577	0.00859
16	0.01739	0.08694	0.01982	0.01460	0.01860	0.05159	0.09351	0.11394	0.13476	0.06712	0.17008	0.09911	0.05978	0.01118	0.00754	0.00225	0.00661	0.00975	0.00630	0.00912

[dist]
# distance from previous block
# <min> <max>
4	14

[block]
# block no. 4 follows, 29 sequences, length 11
# corresponding to MSA columns:
# 1120-1130
name=unknown_E
#
# <colnr> <probs for GDERKNQSTAVLIFYWHMCP>
#	G	D	E	R	K	N	Q	S	T	A	V	L	I	F	Y	W	H	M	C	P
0	0.01866	0.01615	0.05212	0.01884	0.06134	0.01589	0.14365	0.15456	0.17929	0.08063	0.02385	0.09112	0.04078	0.01266	0.05420	0.00295	0.00840	0.00886	0.00592	0.01013
1	0.06637	0.04127	0.07976	0.01528	0.06027	0.01472	0.01205	0.08387	0.10797	0.02372	0.02060	0.15310	0.02012	0.09439	0.01249	0.00288	0.10401	0.00902	0.00503	0.07307
2	0.01197	0.00899	0.01103	0.01077	0.01260	0.00940	0.00800	0.06819	0.09844	0.02264	0.13258	0.21969	0.10614	0.04721	0.15672	0.04235	0.00770	0.01242	0.00610	0.00707
3	0.07374	0.00863	0.00980	0.00929	0.01180	0.00787	0.00707	0.01347	0.01546	0.02205	0.15484	0.10353	0.20338	0.10501	0.01125	0.00285	0.00482	0.09765	0.00598	0.13151
4	0.22942	0.01104	0.01134	0.01014	0.01329	0.03834	0.00785	0.01970	0.01596	0.16767	0.15192	0.06683	0.09510	0.07458	0.05439	0.00322	0.00623	0.00894	0.00622	0.00784
5	0.07988	0.01026	0.01202	0.01123	0.01374	0.01065	0.00859	0.09985	0.05539	0.10212	0.02983	0.17750	0.07960	0.11251	0.10854	0.00430	0.00755	0.06259	0.00611	0.00774
6	0.01177	0.00749	0.00983	0.01024	0.01149	0.00725	0.00754	0.01362	0.01463	0.07582	0.10640	0.24940	0.05821	0.18064	0.07191	0.00438	0.00647	0.14041	0.00619	0.00629
7	0.01289	0.00871	0.01049	0.01019	0.01222	0.00853	0.00757	0.01757	0.11448	0.08710	0.18765	0.17501	0.13719	0.11379	0.01207	0.00311	0.00484	0.06245	0.00687	0.00728
8	0.01747	0.01195	0.06850	0.01260	0.01571	0.00932	0.01026	0.01962	0.01796	0.20061	0.14240	0.28932	0.07744	0.01668	0.00899	0.00286	0.00580	0.05589	0.00762	0.00899
9	0.29518	0.01192	0.01153	0.01050	0.01390	0.01229	0.00810	0.02176	0.07202	0.09341	0.10971	0.03062	0.08982	0.01076	0.00674	0.00245	0.00526	0.00796	0.17726	0.00881
10	0.44136	0.01387	0.01388	0.01178	0.01643	0.01413	0.00941	0.02640	0.01686	0.27707	0.07143	0.02192	0.01764	0.00923	0.00653	0.00253	0.00616	0.00637	0.00686	0.01015

[dist]
# distance from previous block
# <min> <max>
3	6

[block]
# block no. 5 follows, 29 sequences, length 13
# corresponding to MSA columns:
# 1137-1149
name=unknown_F
#
# <colnr> <probs for GDERKNQSTAVLIFYWHMCP>
#	G	D	E	R	K	N	Q	S	T	A	V	L	I	F	Y	W	H	M	C	P
0	0.01344	0.00824	0.01043	0.00989	0.01220	0.00740	0.00761	0.01607	0.01857	0.12992	0.34013	0.12154	0.18408	0.01579	0.00854	0.00249	0.00432	0.07428	0.00759	0.00747
1	0.19483	0.01222	0.01357	0.07916	0.01801	0.01271	0.00969	0.11614	0.01880	0.16638	0.07971	0.02966	0.12514	0.01016	0.00675	0.00225	0.00577	0.00795	0.08214	0.00897
2	0.13595	0.01084	0.01314	0.07911	0.01736	0.01081	0.00930	0.04843	0.01695	0.23575	0.08428	0.12052	0.07882	0.09440	0.01058	0.00291	0.00592	0.00975	0.00660	0.00860
3	0.04503	0.08005	0.01376	0.01072	0.01354	0.01113	0.00866	0.06002	0.05492	0.04962	0.35244	0.04809	0.11895	0.01378	0.00799	0.00237	0.00489	0.08922	0.00700	0.00783
4	0.01452	0.01061	0.01216	0.01143	0.01417	0.01093	0.00862	0.02315	0.26105	0.08344	0.18564	0.17447	0.13151	0.01443	0.00814	0.00250	0.00471	0.01241	0.00739	0.00871
5	0.00961	0.00690	0.00864	0.00945	0.01013	0.00660	0.00630	0.01075	0.01350	0.01801	0.07592	0.41008	0.10296	0.19673	0.07615	0.00454	0.00608	0.01592	0.00600	0.00574
6	0.01352	0.00879	0.01111	0.07806	0.01511	0.00860	0.00809	0.01592	0.03744	0.11566	0.06777	0.12706	0.20897	0.17320	0.07481	0.00420	0.00676	0.01182	0.00604	0.00707
7	0.01174	0.00807	0.00960	0.00931	0.01156	0.00698	0.00677	0.01359	0.01606	0.07928	0.12764	0.26763	0.26536	0.04740	0.00950	0.00263	0.00436	0.01455	0.00672	0.08124
8	0.01389	0.00836	0.01042	0.00987	0.01234	0.00755	0.00756	0.01613	0.01712	0.15178	0.16835	0.14476	0.26521	0.01988	0.07738	0.00338	0.00586	0.04559	0.00708	0.00750
9	0.01344	0.01236	0.02052	0.45525	0.17922	0.01420	0.01778	0.01743	0.01454	0.01925	0.01771	0.15258	0.01680	0.00976	0.00747	0.00241	0.00829	0.00890	0.00387	0.00822
10	0.01451	0.01374	0.02327	0.55806	0.21535	0.01610	0.02030	0.01912	0.01474	0.01948	0.01284	0.01864	0.00994	0.00692	0.00710	0.00231	0.00923	0.00633	0.00326	0.00876
11	0.01449	0.01392	0.02089	0.11519	0.05595	0.01781	0.05378	0.01688	0.01270	0.01857	0.07044	0.02255	0.01607	0.08249	0.01946	0.00322	0.42691	0.00734	0.00369	0.00766
12	0.02158	0.28447	0.02592	0.01390	0.01941	0.01882	0.06784	0.12578	0.01909	0.17910	0.02171	0.04533	0.06940	0.00855	0.00638	0.00194	0.00710	0.00685	0.00550	0.05133

[dist]
# distance from previous block
# <min> <max>
0	1

[block]
# block no. 6 follows, 29 sequences, length 12
# corresponding to MSA columns:
# 1151-1162
name=unknown_G
#
# <colnr> <probs for GDERKNQSTAVLIFYWHMCP>
#	G	D	E	R	K	N	Q	S	T	A	V	L	I	F	Y	W	H	M	C	P
0	0.01720	0.05136	0.02320	0.10595	0.29296	0.01674	0.01691	0.08117	0.01661	0.05176	0.01688	0.06422	0.01538	0.01118	0.03576	0.00273	0.11441	0.05165	0.00436	0.00958
1	0.15331	0.01714	0.01986	0.02124	0.18857	0.06511	0.01385	0.21401	0.04325	0.11791	0.01649	0.01797	0.01237	0.01070	0.05495	0.00277	0.00840	0.00607	0.00554	0.01049
2	0.04783	0.01473	0.02280	0.37380	0.23327	0.01649	0.01857	0.09589	0.01734	0.07059	0.01433	0.01845	0.01080	0.00715	0.00700	0.00225	0.00861	0.00630	0.00415	0.00965
3	0.01950	0.20256	0.17071	0.07509	0.21938	0.01868	0.01820	0.04294	0.01655	0.12976	0.01477	0.01667	0.01117	0.00688	0.00640	0.00203	0.00836	0.00562	0.00421	0.01050
4	0.01762	0.01692	0.02890	0.04371	0.70533	0.01692	0.02185	0.02185	0.01621	0.02326	0.01339	0.01762	0.01128	0.00634	0.00705	0.00211	0.00846	0.00634	0.00352	0.01128
5	0.01008	0.00737	0.00935	0.01046	0.01158	0.00707	0.00761	0.04685	0.01543	0.02023	0.04155	0.52444	0.11873	0.02067	0.00902	0.00286	0.00465	0.11917	0.00663	0.00627
6	0.16077	0.09854	0.02330	0.10651	0.02471	0.01661	0.13438	0.06896	0.01728	0.18774	0.05020	0.01951	0.01434	0.00780	0.00734	0.00222	0.03843	0.00650	0.00529	0.00955
7	0.59087	0.01766	0.01319	0.04374	0.01721	0.14468	0.00960	0.05039	0.01459	0.02924	0.01054	0.01237	0.00825	0.00685	0.00501	0.00214	0.00712	0.00421	0.00433	0.00801
8	0.00883	0.00636	0.00840	0.00999	0.01055	0.00593	0.00684	0.01021	0.01390	0.01840	0.04056	0.67779	0.07464	0.02197	0.00910	0.00289	0.00425	0.05694	0.00661	0.00584
9	0.02381	0.01665	0.02430	0.04191	0.02507	0.01702	0.17738	0.21524	0.13611	0.21417	0.02123	0.02119	0.01480	0.00813	0.00747	0.00227	0.00808	0.00738	0.00659	0.01121
10	0.02330	0.01642	0.02138	0.08108	0.02452	0.01757	0.08858	0.25090	0.19479	0.17236	0.02167	0.02138	0.01530	0.00847	0.00731	0.00227	0.00754	0.00720	0.00674	0.01124
11	0.21241	0.01231	0.01370	0.01099	0.01614	0.01115	0.00903	0.02185	0.01548	0.17023	0.01808	0.02342	0.01480	0.00799	0.00598	0.00183	0.00564	0.07899	0.00550	0.34446

[dist]
# distance from previous block
# <min> <max>
0	3

[block]
# block no. 7 follows, 29 sequences, length 22
# corresponding to MSA columns:
# 1166-1174,1189-1201
name=unknown_H
#
# <colnr> <probs for GDERKNQSTAVLIFYWHMCP>
#	G	D	E	R	K	N	Q	S	T	A	V	L	I	F	Y	W	H	M	C	P
0	0.07904	0.43006	0.05837	0.01256	0.01848	0.02135	0.01196	0.02578	0.04193	0.21540	0.01592	0.01581	0.01192	0.00707	0.00549	0.00183	0.00707	0.00499	0.00494	0.01002
1	0.01889	0.11714	0.20234	0.01460	0.02150	0.01600	0.01468	0.06797	0.11930	0.12245	0.01728	0.01768	0.01276	0.00715	0.00626	0.00187	0.00730	0.00558	0.00505	0.20420
2	0.01802	0.02952	0.43935	0.01849	0.02688	0.01812	0.02095	0.19294	0.11401	0.02926	0.01614	0.01717	0.01158	0.00762	0.00692	0.00225	0.00916	0.00594	0.00465	0.01103
3	0.02590	0.01154	0.01436	0.01155	0.01600	0.01086	0.00937	0.07726	0.06767	0.44211	0.02614	0.02446	0.01768	0.00872	0.00662	0.00208	0.00547	0.00704	0.20449	0.01068
4	0.02544	0.01914	0.02046	0.01606	0.02146	0.02132	0.01314	0.56989	0.14782	0.04226	0.01916	0.01874	0.01378	0.00874	0.00714	0.00219	0.00745	0.00670	0.00714	0.01196
5	0.01685	0.01612	0.02750	0.17214	0.58298	0.01671	0.02147	0.02117	0.01585	0.02232	0.01326	0.01788	0.01095	0.00649	0.00706	0.00216	0.00865	0.00634	0.00346	0.01065
6	0.01904	0.75404	0.03731	0.01218	0.01828	0.02818	0.01218	0.02132	0.01447	0.01675	0.00990	0.01142	0.00914	0.00609	0.00457	0.00152	0.00761	0.00381	0.00305	0.00914
7	0.01017	0.00763	0.01144	0.01144	0.01272	0.00890	0.00890	0.01272	0.01144	0.01653	0.01907	0.02797	0.01780	0.05340	0.72153	0.01144	0.01907	0.00763	0.00381	0.00636
8	0.01681	0.01921	0.04202	0.03001	0.03721	0.01801	0.67947	0.02281	0.01681	0.02281	0.01441	0.01921	0.01080	0.00600	0.00840	0.00240	0.01200	0.00840	0.00360	0.00960
9	0.01727	0.48675	0.28907	0.01521	0.02295	0.02384	0.01745	0.02178	0.01468	0.01891	0.01097	0.01277	0.00909	0.00634	0.00539	0.00180	0.00870	0.00435	0.00303	0.00965
10	0.00868	0.00620	0.00826	0.00991	0.01033	0.00578	0.00661	0.00991	0.01363	0.01818	0.03925	0.74510	0.04710	0.02231	0.00909	0.00289	0.00413	0.02024	0.00661	0.00578
11	0.01327	0.00664	0.00664	0.00664	0.00830	0.00664	0.00498	0.01659	0.01493	0.02655	0.02323	0.02655	0.01825	0.00830	0.00498	0.00166	0.00332	0.00664	0.78928	0.00664
12	0.01345	0.01266	0.02136	0.73264	0.04904	0.01582	0.01978	0.01819	0.01424	0.01819	0.01266	0.01898	0.00949	0.00712	0.00712	0.00237	0.00949	0.00633	0.00316	0.00791
13	0.03029	0.01213	0.01627	0.01258	0.01784	0.01071	0.01035	0.06083	0.02092	0.63675	0.07227	0.02585	0.02068	0.00918	0.00724	0.00220	0.00596	0.00751	0.00868	0.01176
14	0.01345	0.01266	0.02136	0.73264	0.04904	0.01582	0.01978	0.01819	0.01424	0.01819	0.01266	0.01898	0.00949	0.00712	0.00712	0.00237	0.00949	0.00633	0.00316	0.00791
15	0.01147	0.00820	0.01147	0.01311	0.01475	0.00820	0.01147	0.01475	0.01639	0.02131	0.03770	0.08032	0.04098	0.01967	0.00984	0.00328	0.00656	0.65741	0.00656	0.00656
16	0.02792	0.01464	0.02203	0.01656	0.02221	0.01389	0.13265	0.12406	0.02126	0.46600	0.02337	0.02200	0.01531	0.00839	0.00796	0.00226	0.03329	0.00725	0.00742	0.01151
17	0.41756	0.01403	0.01421	0.01266	0.04284	0.01511	0.00981	0.07059	0.09518	0.21745	0.01771	0.01738	0.01248	0.00769	0.00577	0.00222	0.00594	0.00551	0.00609	0.00976
18	0.07433	0.01669	0.02757	0.04122	0.65521	0.01685	0.02083	0.02179	0.01592	0.02389	0.01314	0.01718	0.01102	0.00636	0.00686	0.00212	0.00825	0.00616	0.00359	0.01102
19	0.12052	0.01631	0.02087	0.01825	0.07015	0.08628	0.13553	0.10896	0.07124	0.09305	0.03772	0.04159	0.01502	0.01056	0.01000	0.11484	0.00803	0.00705	0.00511	0.00892
20	0.12050	0.06950	0.04834	0.01564	0.02140	0.03860	0.10649	0.13524	0.11472	0.09382	0.01685	0.01767	0.01254	0.00724	0.00642	0.00198	0.00742	0.00598	0.00536	0.15428
21	0.23518	0.03804	0.01797	0.01369	0.01899	0.05614	0.06279	0.11163	0.08093	0.12467	0.01613	0.01676	0.01191	0.00718	0.00602	0.00196	0.00686	0.00552	0.00546	0.16217

[dist]
# distance from previous block
# <min> <max>
12	45

[block]
# block no. 8 follows, 29 sequences, length 16
# corresponding to MSA columns:
# 1249-1256,1258-1265
name=unknown_I
#
# <colnr> <probs for GDERKNQSTAVLIFYWHMCP>
#	G	D	E	R	K	N	Q	S	T	A	V	L	I	F	Y	W	H	M	C	P
0	0.19612	0.06677	0.15756	0.01829	0.07975	0.27423	0.01539	0.05131	0.01725	0.04535	0.01205	0.01386	0.00938	0.00700	0.00604	0.00203	0.00966	0.00482	0.00396	0.00917
1	0.02034	0.02571	0.08162	0.21998	0.06186	0.35422	0.06942	0.02396	0.01733	0.01875	0.01194	0.01555	0.00948	0.00725	0.00739	0.00212	0.03550	0.00556	0.00344	0.00858
2	0.01903	0.01439	0.01601	0.01275	0.01717	0.01444	0.00996	0.31967	0.02257	0.03118	0.01930	0.10873	0.01786	0.11460	0.01098	0.00260	0.00654	0.00803	0.00585	0.22832
3	0.01380	0.01502	0.10422	0.01134	0.01765	0.00991	0.01032	0.01743	0.01501	0.02255	0.02112	0.02244	0.10865	0.00728	0.00591	0.00140	0.00572	0.00589	0.00440	0.57993
4	0.02511	0.01805	0.01928	0.01500	0.02012	0.01989	0.01232	0.58711	0.03084	0.04227	0.01797	0.01844	0.01298	0.00851	0.00682	0.00207	0.00719	0.00644	0.11824	0.01133
5	0.02480	0.12765	0.02274	0.01613	0.02114	0.21775	0.01316	0.33655	0.09748	0.03160	0.01564	0.01611	0.01190	0.00798	0.00658	0.00199	0.00897	0.00571	0.00559	0.01052
6	0.01345	0.01266	0.02136	0.73264	0.04904	0.01582	0.01978	0.01819	0.01424	0.01819	0.01266	0.01898	0.00949	0.00712	0.00712	0.00237	0.00949	0.00633	0.00316	0.00791
7	0.02707	0.01995	0.02137	0.01638	0.02208	0.02208	0.01353	0.68159	0.03348	0.04488	0.01710	0.01710	0.01211	0.00855	0.00712	0.00214	0.00784	0.00641	0.00712	0.01211
8	0.02707	0.01995	0.02137	0.01638	0.02208	0.02208	0.01353	0.68159	0.03348	0.04488	0.01710	0.01710	0.01211	0.00855	0.00712	0.00214	0.00784	0.00641	0.00712	0.01211
9	0.01771	0.01530	0.01610	0.01449	0.01852	0.01771	0.01127	0.03784	0.69247	0.02979	0.02898	0.02657	0.02174	0.00966	0.00725	0.00242	0.00564	0.00805	0.00725	0.01127
10	0.02707	0.01995	0.02137	0.01638	0.02208	0.02208	0.01353	0.68159	0.03348	0.04488	0.01710	0.01710	0.01211	0.00855	0.00712	0.00214	0.00784	0.00641	0.00712	0.01211
11	0.02707	0.01995	0.02137	0.01638	0.02208	0.02208	0.01353	0.68159	0.03348	0.04488	0.01710	0.01710	0.01211	0.00855	0.00712	0.00214	0.00784	0.00641	0.00712	0.01211
12	0.01237	0.00618	0.00928	0.00928	0.00928	0.00618	0.00618	0.00928	0.00928	0.01237	0.01237	0.02165	0.01237	0.02474	0.02783	0.79283	0.00618	0.00618	0.00309	0.00309
13	0.20688	0.01768	0.01789	0.01440	0.01951	0.01988	0.01177	0.41371	0.14393	0.03920	0.01749	0.01746	0.01276	0.00829	0.00651	0.00220	0.00690	0.00610	0.00651	0.01093
14	0.08082	0.06486	0.52065	0.01720	0.02549	0.01568	0.02093	0.02062	0.01409	0.02183	0.01377	0.01905	0.01131	0.11228	0.01065	0.00288	0.00944	0.00580	0.00331	0.00934
15	0.01536	0.19976	0.55939	0.01845	0.02797	0.01918	0.02310	0.02227	0.01491	0.02123	0.01212	0.01421	0.00905	0.00661	0.00627	0.00209	0.00986	0.00493	0.00302	0.01021

[dist]
# distance from previous block
# <min> <max>
0	2

[block]
# block no. 9 follows, 29 sequences, length 15
# corresponding to MSA columns:
# 1268-1282
name=unknown_J
#
# <colnr> <probs for GDERKNQSTAVLIFYWHMCP>
#	G	D	E	R	K	N	Q	S	T	A	V	L	I	F	Y	W	H	M	C	P
0	0.01630	0.01261	0.01492	0.01074	0.01699	0.00958	0.00862	0.01943	0.01527	0.08456	0.01403	0.01561	0.01118	0.00559	0.00544	0.00116	0.00534	0.00448	0.00463	0.72353
1	0.08489	0.01298	0.01827	0.01400	0.01951	0.01182	0.06782	0.03283	0.04810	0.57374	0.02566	0.02300	0.01651	0.00845	0.00707	0.00223	0.00651	0.00707	0.00798	0.01155
2	0.01054	0.00767	0.00964	0.01021	0.01141	0.00730	0.00709	0.05865	0.01549	0.02101	0.09221	0.55450	0.04313	0.06000	0.01018	0.00290	0.00455	0.01719	0.00649	0.04985
3	0.02061	0.01686	0.01838	0.01551	0.01971	0.01954	0.01242	0.24896	0.41060	0.03360	0.02321	0.02240	0.01739	0.00955	0.00871	0.00239	0.07476	0.00734	0.00682	0.01122
4	0.02660	0.03394	0.02018	0.01834	0.02201	0.72116	0.01376	0.02843	0.02018	0.01743	0.01101	0.01284	0.00917	0.00734	0.00642	0.00183	0.01284	0.00459	0.00367	0.00825
5	0.01147	0.00820	0.01147	0.01311	0.01475	0.00820	0.01147	0.01475	0.01639	0.02131	0.03770	0.08032	0.04098	0.01967	0.00984	0.00328	0.00656	0.65741	0.00656	0.00656
6	0.01904	0.75404	0.03731	0.01218	0.01828	0.02818	0.01218	0.02132	0.01447	0.01675	0.00990	0.01142	0.00914	0.00609	0.00457	0.00152	0.00761	0.00381	0.00305	0.00914
7	0.00842	0.00721	0.00721	0.00721	0.00962	0.00601	0.00541	0.01022	0.01623	0.01924	0.07213	0.06853	0.70244	0.01803	0.00842	0.00240	0.00361	0.01503	0.00661	0.00601
8	0.02750	0.01925	0.02094	0.01605	0.02173	0.02104	0.01326	0.62382	0.03231	0.10429	0.01808	0.01773	0.01260	0.00857	0.00713	0.00214	0.00768	0.00648	0.00727	0.01211
9	0.01771	0.01530	0.01610	0.01449	0.01852	0.01771	0.01127	0.03784	0.69247	0.02979	0.02898	0.02657	0.02174	0.00966	0.00725	0.00242	0.00564	0.00805	0.00725	0.01127
10	0.80005	0.01377	0.01047	0.00936	0.01377	0.01597	0.00771	0.02093	0.01212	0.03195	0.00991	0.01157	0.00771	0.00661	0.00441	0.00220	0.00551	0.00386	0.00441	0.00771
11	0.01640	0.01689	0.02335	0.02109	0.06893	0.05998	0.05269	0.01841	0.01212	0.01790	0.01001	0.01577	0.00956	0.01138	0.02044	0.00293	0.60449	0.00627	0.00320	0.00816
12	0.01135	0.00812	0.01131	0.01276	0.01440	0.00807	0.01107	0.01464	0.01672	0.02193	0.09478	0.07799	0.04323	0.01923	0.00971	0.00319	0.00628	0.60199	0.00667	0.00657
13	0.01008	0.00728	0.00952	0.00896	0.01064	0.00672	0.00672	0.01344	0.02016	0.02855	0.70158	0.05319	0.06719	0.01456	0.00840	0.00224	0.00336	0.01288	0.00784	0.00672
14	0.00868	0.00620	0.00826	0.00991	0.01033	0.00578	0.00661	0.00991	0.01363	0.01818	0.03925	0.74510	0.04710	0.02231	0.00909	0.00289	0.00413	0.02024	0.00661	0.00578

[dist]
# distance from previous block
# <min> <max>
0	23

[block]
# block no. 10 follows, 29 sequences, length 22
# corresponding to MSA columns:
# 1306-1327
name=unknown_K
#
# <colnr> <probs for GDERKNQSTAVLIFYWHMCP>
#	G	D	E	R	K	N	Q	S	T	A	V	L	I	F	Y	W	H	M	C	P
0	0.02690	0.01790	0.01993	0.01556	0.02097	0.01926	0.01289	0.53143	0.03021	0.15442	0.02024	0.02229	0.01486	0.00930	0.00730	0.00222	0.00746	0.04774	0.00737	0.01176
1	0.01017	0.00763	0.01144	0.01144	0.01272	0.00890	0.00890	0.01272	0.01144	0.01653	0.01907	0.02797	0.01780	0.05340	0.72153	0.01144	0.01907	0.00763	0.00381	0.00636
2	0.01147	0.00820	0.01147	0.01311	0.01475	0.00820	0.01147	0.01475	0.01639	0.02131	0.03770	0.08032	0.04098	0.01967	0.00984	0.00328	0.00656	0.65741	0.00656	0.00656
3	0.01428	0.03683	0.71286	0.02030	0.03082	0.01654	0.02631	0.02255	0.01503	0.02255	0.01278	0.01503	0.00902	0.00677	0.00677	0.00226	0.01052	0.00526	0.00301	0.01052
4	0.01904	0.75404	0.03731	0.01218	0.01828	0.02818	0.01218	0.02132	0.01447	0.01675	0.00990	0.01142	0.00914	0.00609	0.00457	0.00152	0.00761	0.00381	0.00305	0.00914
5	0.01558	0.01558	0.02181	0.01869	0.01869	0.02181	0.01558	0.01714	0.01091	0.01714	0.00935	0.01558	0.00935	0.01246	0.02337	0.00312	0.73672	0.00623	0.00312	0.00779
6	0.00868	0.00620	0.00826	0.00991	0.01033	0.00578	0.00661	0.00991	0.01363	0.01818	0.03925	0.74510	0.04710	0.02231	0.00909	0.00289	0.00413	0.02024	0.00661	0.00578
7	0.01588	0.01514	0.02576	0.33059	0.43204	0.01646	0.02099	0.02033	0.01539	0.02115	0.01309	0.01819	0.01053	0.00667	0.00708	0.00222	0.00889	0.00634	0.00337	0.00988
8	0.02660	0.03394	0.02018	0.01834	0.02201	0.72116	0.01376	0.02843	0.02018	0.01743	0.01101	0.01284	0.00917	0.00734	0.00642	0.00183	0.01284	0.00459	0.00367	0.00825
9	0.01754	0.01715	0.03020	0.04235	0.63903	0.01703	0.08712	0.02195	0.01627	0.02322	0.01349	0.01778	0.01123	0.00631	0.00718	0.00214	0.00881	0.00655	0.00353	0.01111
10	0.24930	0.46416	0.09643	0.01216	0.01819	0.02342	0.01226	0.02133	0.01383	0.02182	0.01019	0.01182	0.00870	0.00631	0.00474	0.00180	0.00728	0.00397	0.00344	0.00885
11	0.01386	0.01308	0.02211	0.66427	0.11418	0.01593	0.01998	0.01856	0.01443	0.01870	0.01273	0.01885	0.00967	0.00704	0.00711	0.00235	0.00939	0.00633	0.00320	0.00824
12	0.00868	0.00620	0.00826	0.00991	0.01033	0.00578	0.00661	0.00991	0.01363	0.01818	0.03925	0.74510	0.04710	0.02231	0.00909	0.00289	0.00413	0.02024	0.00661	0.00578
13	0.01746	0.25659	0.25004	0.02047	0.02810	0.07406	0.21389	0.02269	0.01577	0.02042	0.01222	0.01497	0.00960	0.00637	0.00653	0.00204	0.01022	0.00568	0.00324	0.00964
14	0.01556	0.01902	0.10249	0.23663	0.04007	0.01722	0.41975	0.02142	0.01587	0.02142	0.01373	0.01873	0.01024	0.00641	0.00786	0.00238	0.01112	0.00748	0.00341	0.00919
15	0.01428	0.03683	0.71286	0.02030	0.03082	0.01654	0.02631	0.02255	0.01503	0.02255	0.01278	0.01503	0.00902	0.00677	0.00677	0.00226	0.01052	0.00526	0.00301	0.01052
16	0.01237	0.00618	0.00928	0.00928	0.00928	0.00618	0.00618	0.00928	0.00928	0.01237	0.01237	0.02165	0.01237	0.02474	0.02783	0.79283	0.00618	0.00618	0.00309	0.00309
17	0.01885	0.02128	0.27640	0.08100	0.02601	0.01347	0.06823	0.02475	0.03985	0.21639	0.11959	0.02432	0.02064	0.00856	0.00729	0.00227	0.00807	0.00735	0.00555	0.01013
18	0.06554	0.01183	0.01572	0.01224	0.01740	0.01043	0.01006	0.03246	0.01998	0.62744	0.07833	0.02585	0.02093	0.00915	0.00713	0.00221	0.00583	0.00744	0.00854	0.01151
19	0.00866	0.00626	0.00820	0.00974	0.01028	0.00580	0.00653	0.00993	0.01380	0.01824	0.04133	0.70228	0.08858	0.02204	0.00905	0.00286	0.00410	0.01991	0.00661	0.00580
20	0.01325	0.00707	0.00786	0.06180	0.01143	0.00731	0.00615	0.01641	0.01465	0.02533	0.02198	0.02577	0.01734	0.00888	0.00608	0.03435	0.00390	0.00659	0.69724	0.00659
21	0.02464	0.01220	0.01760	0.22523	0.02687	0.01220	0.01305	0.05250	0.01904	0.42912	0.07419	0.02461	0.01877	0.00874	0.00724	0.00225	0.00694	0.00732	0.00701	0.01047

[dist]
# distance from previous block
# <min> <max>
3	5

[block]
# block no. 11 follows, 29 sequences, length 17
# corresponding to MSA columns:
# 1333-1349
name=unknown_L
#
# <colnr> <probs for GDERKNQSTAVLIFYWHMCP>
#	G	D	E	R	K	N	Q	S	T	A	V	L	I	F	Y	W	H	M	C	P
0	0.09972	0.01638	0.01597	0.01300	0.01728	0.06100	0.01050	0.38332	0.02518	0.03658	0.01777	0.01900	0.01326	0.00821	0.00619	0.00199	0.00662	0.00611	0.23207	0.00985
1	0.02823	0.05388	0.09000	0.01438	0.02048	0.01498	0.01296	0.19994	0.02292	0.43325	0.02277	0.02081	0.01490	0.00840	0.00698	0.00216	0.00705	0.00660	0.00749	0.01180
2	0.01718	0.01427	0.01759	0.22985	0.02745	0.01653	0.01364	0.07429	0.38067	0.05512	0.02547	0.02573	0.05263	0.00922	0.00726	0.00237	0.00686	0.00775	0.00604	0.01008
3	0.02123	0.21622	0.19069	0.01536	0.02189	0.06719	0.01535	0.08098	0.12646	0.15084	0.01768	0.01765	0.01295	0.00762	0.00634	0.00204	0.00809	0.00572	0.00515	0.01055
4	0.01973	0.01138	0.01263	0.01073	0.01440	0.05721	0.00846	0.04419	0.01944	0.28967	0.16998	0.04288	0.24433	0.01274	0.00775	0.00225	0.00528	0.01056	0.00752	0.00887
5	0.03088	0.01236	0.01649	0.01281	0.01820	0.01101	0.01053	0.03494	0.07081	0.65921	0.02816	0.02441	0.01793	0.00888	0.00717	0.00222	0.00603	0.00723	0.00870	0.01205
6	0.01398	0.01815	0.19366	0.01868	0.08941	0.01313	0.07693	0.06439	0.08549	0.02362	0.04963	0.27064	0.02623	0.01273	0.00788	0.00248	0.00730	0.01149	0.00525	0.00892
7	0.04658	0.05676	0.03060	0.09295	0.24929	0.07062	0.23081	0.06383	0.01754	0.05204	0.01401	0.01760	0.01089	0.00661	0.00723	0.00219	0.00974	0.00669	0.00398	0.01006
8	0.01818	0.10001	0.17903	0.01835	0.10298	0.05180	0.03885	0.04427	0.01648	0.08800	0.01406	0.01584	0.01080	0.00641	0.00616	0.00174	0.00789	0.00518	0.00422	0.26975
9	0.04950	0.14379	0.29749	0.01963	0.02730	0.01816	0.17297	0.02398	0.06645	0.06570	0.01561	0.01899	0.01200	0.00727	0.00686	0.00221	0.00941	0.02867	0.00402	0.00999
10	0.02260	0.02574	0.01611	0.01483	0.01789	0.50657	0.01112	0.02488	0.01860	0.02017	0.01468	0.01696	0.01190	0.00763	0.00599	0.00178	0.00998	0.00520	0.23961	0.00777
11	0.02152	0.01362	0.01682	0.01520	0.06427	0.03699	0.03358	0.16361	0.04265	0.23247	0.08976	0.06907	0.11941	0.01141	0.00766	0.00229	0.00636	0.03627	0.00709	0.00993
12	0.10456	0.02037	0.13400	0.02591	0.25350	0.04802	0.07141	0.09832	0.01794	0.07308	0.01425	0.01661	0.01086	0.00679	0.00666	0.00208	0.00845	0.00587	0.00438	0.07693
13	0.01398	0.01214	0.01994	0.02623	0.32719	0.01206	0.05870	0.01713	0.01477	0.02125	0.02154	0.19107	0.02179	0.06364	0.06297	0.00329	0.00785	0.01012	0.08578	0.00857
14	0.02660	0.03394	0.02018	0.01834	0.02201	0.72116	0.01376	0.02843	0.02018	0.01743	0.01101	0.01284	0.00917	0.00734	0.00642	0.00183	0.01284	0.00459	0.00367	0.00825
15	0.01345	0.01266	0.02136	0.73264	0.04904	0.01582	0.01978	0.01819	0.01424	0.01819	0.01266	0.01898	0.00949	0.00712	0.00712	0.00237	0.00949	0.00633	0.00316	0.00791
16	0.01309	0.01020	0.01273	0.01049	0.01452	0.00889	0.00827	0.01596	0.01413	0.04120	0.04514	0.02486	0.06193	0.02266	0.24337	0.00469	0.00963	0.00657	0.03148	0.40019

[dist]
# distance from previous block
# <min> <max>
0	1

[block]
# block no. 12 follows, 29 sequences, length 29
# corresponding to MSA columns:
# 1351-1379
name=unknown_M
#
# <colnr> <probs for GDERKNQSTAVLIFYWHMCP>
#	G	D	E	R	K	N	Q	S	T	A	V	L	I	F	Y	W	H	M	C	P
0	0.43577	0.01470	0.01452	0.01183	0.01682	0.05182	0.04294	0.02401	0.03492	0.15395	0.01452	0.01528	0.01061	0.00691	0.00544	0.00203	0.00630	0.00491	0.00519	0.12751
1	0.02559	0.20400	0.08702	0.01373	0.01960	0.01682	0.01274	0.06117	0.04724	0.38376	0.02087	0.01956	0.01428	0.00808	0.00704	0.00207	0.03284	0.00610	0.00645	0.01102
2	0.01665	0.01101	0.01331	0.01067	0.01499	0.00959	0.00844	0.05528	0.04920	0.14660	0.23402	0.03294	0.08081	0.01008	0.00699	0.00184	0.00485	0.00850	0.00661	0.27762
3	0.00881	0.00636	0.00822	0.00956	0.01017	0.00590	0.00641	0.01014	0.01400	0.01857	0.07458	0.62560	0.09579	0.05701	0.01033	0.00302	0.00419	0.01900	0.00656	0.00578
4	0.01477	0.01266	0.01477	0.01055	0.01687	0.00949	0.00844	0.01793	0.01477	0.02320	0.01266	0.01477	0.01055	0.00527	0.00527	0.00105	0.00527	0.00422	0.00422	0.79328
5	0.01019	0.00756	0.01107	0.01107	0.01221	0.00870	0.00843	0.01248	0.01133	0.01625	0.01942	0.02987	0.01862	0.12424	0.65183	0.01098	0.01784	0.00791	0.00387	0.00615
6	0.01904	0.75404	0.03731	0.01218	0.01828	0.02818	0.01218	0.02132	0.01447	0.01675	0.00990	0.01142	0.00914	0.00609	0.00457	0.00152	0.00761	0.00381	0.00305	0.00914
7	0.01558	0.01558	0.02181	0.01869	0.01869	0.02181	0.01558	0.01714	0.01091	0.01714	0.00935	0.01558	0.00935	0.01246	0.02337	0.00312	0.73672	0.00623	0.00312	0.00779
8	0.02735	0.01866	0.02047	0.01579	0.02139	0.02028	0.01301	0.56423	0.05967	0.13681	0.01913	0.01849	0.01329	0.00863	0.00713	0.00216	0.00749	0.00658	0.00736	0.01208
9	0.01345	0.01266	0.02136	0.73264	0.04904	0.01582	0.01978	0.01819	0.01424	0.01819	0.01266	0.01898	0.00949	0.00712	0.00712	0.00237	0.00949	0.00633	0.00316	0.00791
10	0.00986	0.00727	0.00921	0.00873	0.01050	0.00662	0.00655	0.01301	0.01964	0.02732	0.61813	0.05522	0.15140	0.01502	0.00840	0.00226	0.00339	0.01316	0.00768	0.00662
11	0.01025	0.00783	0.00947	0.00896	0.01096	0.00733	0.00675	0.01444	0.06636	0.02658	0.51557	0.05471	0.20421	0.01498	0.00832	0.00229	0.00357	0.01301	0.00753	0.00688
12	0.00868	0.00620	0.00826	0.00991	0.01033	0.00578	0.00661	0.00991	0.01363	0.01818	0.03925	0.74510	0.04710	0.02231	0.00909	0.00289	0.00413	0.02024	0.00661	0.00578
13	0.02660	0.03394	0.02018	0.01834	0.02201	0.72116	0.01376	0.02843	0.02018	0.01743	0.01101	0.01284	0.00917	0.00734	0.00642	0.00183	0.01284	0.00459	0.00367	0.00825
14	0.01637	0.21413	0.23561	0.01692	0.02226	0.02131	0.01738	0.02267	0.10513	0.02039	0.01319	0.01582	0.01087	0.00869	0.01124	0.00234	0.22707	0.00555	0.00362	0.00944
15	0.00868	0.00620	0.00826	0.00991	0.01033	0.00578	0.00661	0.00991	0.01363	0.01818	0.03925	0.74510	0.04710	0.02231	0.00909	0.00289	0.00413	0.02024	0.00661	0.00578
16	0.02733	0.01398	0.01699	0.01343	0.01843	0.01384	0.01089	0.18675	0.10662	0.41396	0.04680	0.02479	0.01879	0.04317	0.00854	0.00243	0.00638	0.00742	0.00798	0.01148
17	0.02660	0.03394	0.02018	0.01834	0.02201	0.72116	0.01376	0.02843	0.02018	0.01743	0.01101	0.01284	0.00917	0.00734	0.00642	0.00183	0.01284	0.00459	0.00367	0.00825
18	0.02404	0.01127	0.01529	0.01277	0.01644	0.01097	0.01034	0.02644	0.01787	0.44317	0.05373	0.12070	0.05405	0.01212	0.00981	0.00247	0.10429	0.03669	0.00753	0.01002
19	0.02029	0.02817	0.22656	0.01730	0.02298	0.27506	0.01644	0.13030	0.04396	0.02430	0.03978	0.08974	0.01586	0.00920	0.00700	0.00215	0.00988	0.00707	0.00460	0.00936
20	0.55513	0.01952	0.01360	0.01212	0.01638	0.20766	0.00962	0.05287	0.01527	0.02859	0.01054	0.01216	0.00831	0.00690	0.00508	0.00210	0.00760	0.00417	0.00433	0.00806
21	0.02192	0.01609	0.01786	0.01487	0.01915	0.01751	0.01211	0.48064	0.02789	0.03728	0.02354	0.14677	0.02179	0.01233	0.00781	0.00242	0.00705	0.09571	0.00696	0.01031
22	0.01981	0.68174	0.03566	0.01271	0.01865	0.06493	0.01233	0.05212	0.01565	0.01808	0.01029	0.01176	0.00928	0.00627	0.00479	0.00157	0.00790	0.00397	0.00327	0.00923
23	0.01017	0.00763	0.01144	0.01144	0.01272	0.00890	0.00890	0.01272	0.01144	0.01653	0.01907	0.02797	0.01780	0.05340	0.72153	0.01144	0.01907	0.00763	0.00381	0.00636
24	0.00856	0.00722	0.00742	0.00737	0.00971	0.00607	0.00553	0.01050	0.01658	0.02006	0.12764	0.06718	0.64643	0.01773	0.00841	0.00239	0.00358	0.01484	0.00672	0.00607
25	0.02660	0.03394	0.02018	0.01834	0.02201	0.72116	0.01376	0.02843	0.02018	0.01743	0.01101	0.01284	0.00917	0.00734	0.00642	0.00183	0.01284	0.00459	0.00367	0.00825
26	0.03195	0.01212	0.01652	0.01267	0.01818	0.01047	0.01047	0.03470	0.02038	0.71026	0.02809	0.02424	0.01763	0.00881	0.00716	0.00220	0.00606	0.00716	0.00881	0.01212
27	0.02707	0.01995	0.02137	0.01638	0.02208	0.02208	0.01353	0.68159	0.03348	0.04488	0.01710	0.01710	0.01211	0.00855	0.00712	0.00214	0.00784	0.00641	0.00712	0.01211
28	0.01888	0.01587	0.01676	0.01473	0.01896	0.01826	0.01155	0.11795	0.61046	0.03166	0.02750	0.02539	0.02054	0.00952	0.00723	0.00238	0.00591	0.00785	0.00723	0.01138

[dist]
# distance from previous block
# <min> <max>
1	4

[block]
# block no. 13 follows, 29 sequences, length 56
# corresponding to MSA columns:
# 1384-1439
name=unknown_N
#
# <colnr> <probs for GDERKNQSTAVLIFYWHMCP>
#	G	D	E	R	K	N	Q	S	T	A	V	L	I	F	Y	W	H	M	C	P
0	0.01740	0.01497	0.01584	0.01427	0.01820	0.01727	0.01109	0.03685	0.66530	0.02974	0.05616	0.02764	0.02357	0.00986	0.00729	0.00241	0.00554	0.00825	0.00727	0.01109
1	0.01904	0.75404	0.03731	0.01218	0.01828	0.02818	0.01218	0.02132	0.01447	0.01675	0.00990	0.01142	0.00914	0.00609	0.00457	0.00152	0.00761	0.00381	0.00305	0.00914
2	0.01558	0.01558	0.02181	0.01869	0.01869	0.02181	0.01558	0.01714	0.01091	0.01714	0.00935	0.01558	0.00935	0.01246	0.02337	0.00312	0.73672	0.00623	0.00312	0.00779
3	0.01904	0.75404	0.03731	0.01218	0.01828	0.02818	0.01218	0.02132	0.01447	0.01675	0.00990	0.01142	0.00914	0.00609	0.00457	0.00152	0.00761	0.00381	0.00305	0.00914
