[name]
unknown

[dist]
# distance from previous block
# <min> <max>
0	35

[block]
# block no. 0 follows, 30 sequences, length 22
# corresponding to MSA columns:
# 36-57
name=unknown_A
#
# <colnr> <probs for GDERKNQSTAVLIFYWHMCP>
#	G	D	E	R	K	N	Q	S	T	A	V	L	I	F	Y	W	H	M	C	P
0	0.01135	0.03254	0.04398	0.03329	0.01377	0.00832	0.00915	0.01385	0.01494	0.04956	0.08118	0.21974	0.11536	0.08069	0.03333	0.00329	0.00592	0.19479	0.02842	0.00654
1	0.01493	0.02265	0.31035	0.15215	0.09118	0.01548	0.01951	0.04835	0.07752	0.04031	0.01634	0.06370	0.01336	0.01037	0.04146	0.00272	0.03931	0.00686	0.00397	0.00949
2	0.01138	0.00774	0.01010	0.00980	0.01127	0.00799	0.00730	0.03402	0.01444	0.04794	0.16014	0.06094	0.07681	0.16868	0.27369	0.00637	0.00994	0.03743	0.03769	0.00630
3	0.11959	0.03474	0.09573	0.01682	0.12659	0.01215	0.03103	0.04700	0.01656	0.02520	0.18664	0.05182	0.05460	0.01122	0.00776	0.02733	0.00617	0.07869	0.04231	0.00805
4	0.03893	0.03922	0.01458	0.04078	0.04894	0.01081	0.03374	0.01809	0.10298	0.02308	0.12063	0.13935	0.07486	0.01173	0.00716	0.00211	0.00537	0.06171	0.02766	0.17828
5	0.00865	0.00708	0.00763	0.00749	0.00967	0.00606	0.00562	0.01079	0.01686	0.02111	0.22804	0.06344	0.54964	0.01683	0.00824	0.00232	0.00347	0.01421	0.00678	0.00606
6	0.04722	0.01466	0.04884	0.01394	0.05934	0.01277	0.01080	0.04474	0.18743	0.05867	0.01724	0.01796	0.01334	0.00670	0.00594	0.00162	0.00581	0.00544	0.00510	0.42245
7	0.01739	0.02495	0.35502	0.01633	0.02397	0.01518	0.01792	0.13324	0.01807	0.07622	0.03355	0.01674	0.01188	0.00720	0.00711	0.00197	0.03780	0.00551	0.00442	0.17553
8	0.01820	0.22279	0.22588	0.01690	0.06276	0.06515	0.01624	0.13606	0.04863	0.02419	0.01660	0.01777	0.05209	0.00749	0.00616	0.00193	0.00828	0.00564	0.00417	0.04306
9	0.01311	0.01187	0.01886	0.41426	0.06381	0.01469	0.01628	0.01646	0.01325	0.01778	0.01547	0.05790	0.01422	0.01301	0.05419	0.03657	0.13663	0.06071	0.00357	0.00738
10	0.04571	0.00850	0.01060	0.01013	0.01140	0.00937	0.00730	0.07050	0.01270	0.01821	0.01943	0.03296	0.01964	0.32205	0.36223	0.00829	0.01249	0.00826	0.00424	0.00599
11	0.01727	0.28193	0.24965	0.01542	0.02227	0.04829	0.04348	0.08321	0.03334	0.02257	0.03799	0.01598	0.01215	0.00692	0.00588	0.00186	0.00826	0.00523	0.04558	0.04272
12	0.01759	0.28184	0.34736	0.03632	0.02540	0.04732	0.05083	0.02278	0.01523	0.07659	0.01278	0.01447	0.00967	0.00656	0.00599	0.00195	0.00910	0.00497	0.00348	0.00977
13	0.01218	0.00764	0.01007	0.00917	0.01122	0.00698	0.00698	0.01541	0.01978	0.10187	0.63453	0.04908	0.06063	0.01366	0.00810	0.00219	0.00358	0.01202	0.00778	0.00715
14	0.00851	0.00695	0.00754	0.00787	0.00983	0.00599	0.00584	0.01032	0.01566	0.01919	0.09272	0.18111	0.53636	0.01829	0.00842	0.00247	0.00375	0.04672	0.00653	0.00591
15	0.01700	0.09944	0.28853	0.05222	0.05259	0.12441	0.07266	0.02179	0.01533	0.04155	0.02828	0.03903	0.01185	0.00797	0.00859	0.00221	0.09776	0.00605	0.00353	0.00918
16	0.01484	0.01457	0.02044	0.01774	0.01787	0.02018	0.01478	0.01648	0.01095	0.01695	0.01085	0.01867	0.01094	0.01443	0.05575	0.00345	0.67484	0.03552	0.00324	0.00751
17	0.00850	0.00607	0.00810	0.00972	0.01012	0.00567	0.00648	0.00972	0.01336	0.01781	0.03846	0.75020	0.04615	0.02186	0.00891	0.00283	0.00405	0.01984	0.00648	0.00567
18	0.01387	0.01284	0.02153	0.58639	0.15905	0.01528	0.01907	0.01837	0.01431	0.01905	0.01300	0.01872	0.00999	0.00690	0.00687	0.00225	0.00885	0.00622	0.03919	0.00826
19	0.03619	0.11888	0.11452	0.07170	0.04065	0.05815	0.08144	0.01758	0.01322	0.01782	0.01388	0.02201	0.01289	0.09020	0.04383	0.11312	0.09132	0.03177	0.00344	0.00739
20	0.02476	0.02631	0.01907	0.01665	0.02076	0.43066	0.01283	0.15029	0.14987	0.05746	0.01598	0.01641	0.01222	0.00790	0.00660	0.00198	0.01005	0.00558	0.00511	0.00951
21	0.01015	0.00677	0.00761	0.00761	0.00761	0.00677	0.00423	0.01015	0.01015	0.01353	0.02199	0.04567	0.02537	0.75476	0.03552	0.00677	0.00677	0.01015	0.00423	0.00423

[dist]
# distance from previous block
# <min> <max>
0	1

[block]
# block no. 1 follows, 30 sequences, length 13
# corresponding to MSA columns:
# 59-71
name=unknown_B
#
# <colnr> <probs for GDERKNQSTAVLIFYWHMCP>
#	G	D	E	R	K	N	Q	S	T	A	V	L	I	F	Y	W	H	M	C	P
0	0.02471	0.01264	0.01616	0.01302	0.01739	0.01185	0.01040	0.06351	0.01841	0.39156	0.02308	0.02415	0.01674	0.03883	0.07846	0.00329	0.06277	0.00699	0.04349	0.12254
1	0.01831	0.70464	0.08781	0.01254	0.01883	0.02675	0.01298	0.02099	0.01422	0.01684	0.00991	0.01146	0.00895	0.00602	0.00464	0.00155	0.00768	0.00384	0.00298	0.00906
2	0.01400	0.03610	0.71860	0.01989	0.03020	0.01621	0.02578	0.02210	0.01473	0.02210	0.01252	0.01473	0.00884	0.00663	0.00663	0.00221	0.01031	0.00516	0.00295	0.01031
3	0.01447	0.01240	0.01447	0.01034	0.01654	0.00930	0.00827	0.01757	0.01447	0.02274	0.01240	0.01447	0.01034	0.00517	0.00517	0.00103	0.00517	0.00413	0.00413	0.79742
4	0.00850	0.00607	0.00810	0.00972	0.01012	0.00567	0.00648	0.00972	0.01336	0.01781	0.03846	0.75020	0.04615	0.02186	0.00891	0.00283	0.00405	0.01984	0.00648	0.00567
5	0.02607	0.03326	0.01978	0.01798	0.02157	0.72674	0.01348	0.02787	0.01978	0.01708	0.01079	0.01258	0.00899	0.00719	0.00629	0.00180	0.01258	0.00449	0.00360	0.00809
6	0.01849	0.01519	0.02161	0.10968	0.23480	0.06079	0.03494	0.05222	0.01655	0.12318	0.06935	0.02112	0.01603	0.01106	0.05177	0.00280	0.11952	0.00684	0.00463	0.00943
7	0.07558	0.01379	0.01697	0.01309	0.01847	0.01327	0.01081	0.18814	0.02254	0.51660	0.02393	0.02136	0.01542	0.00845	0.00685	0.00214	0.00632	0.00665	0.00799	0.01162
8	0.01197	0.00799	0.01017	0.00932	0.01144	0.00750	0.00709	0.01614	0.06071	0.08268	0.58345	0.04895	0.08809	0.01368	0.00807	0.00221	0.00365	0.01198	0.00767	0.00725
9	0.45886	0.01661	0.01523	0.07725	0.08338	0.10838	0.01122	0.07128	0.01547	0.06824	0.01196	0.01380	0.00910	0.00685	0.00540	0.00211	0.00714	0.00468	0.00449	0.00854
10	0.00850	0.00607	0.00810	0.00972	0.01012	0.00567	0.00648	0.00972	0.01336	0.01781	0.03846	0.75020	0.04615	0.02186	0.00891	0.00283	0.00405	0.01984	0.00648	0.00567
11	0.01345	0.00738	0.00746	0.00729	0.00916	0.00762	0.00551	0.01840	0.08486	0.02634	0.02334	0.02602	0.01824	0.00827	0.00511	0.00170	0.00349	0.00665	0.71276	0.00697
12	0.01669	0.01848	0.13466	0.20722	0.07428	0.01594	0.17314	0.11069	0.01786	0.05073	0.03955	0.02104	0.01343	0.00748	0.00727	0.00223	0.00912	0.03002	0.00426	0.04588

[dist]
# distance from previous block
# <min> <max>
0	1

[block]
# block no. 2 follows, 30 sequences, length 27
# corresponding to MSA columns:
# 73-99
name=unknown_C
#
# <colnr> <probs for GDERKNQSTAVLIFYWHMCP>
#	G	D	E	R	K	N	Q	S	T	A	V	L	I	F	Y	W	H	M	C	P
0	0.01550	0.01476	0.01970	0.23453	0.16092	0.06754	0.01496	0.01904	0.01468	0.02051	0.01263	0.01671	0.01032	0.00680	0.00762	0.00188	0.06996	0.00546	0.04018	0.24631
1	0.80405	0.01350	0.01026	0.00918	0.01350	0.01565	0.00756	0.02051	0.01188	0.03131	0.00972	0.01134	0.00756	0.00648	0.00432	0.00216	0.00540	0.00378	0.00432	0.00756
2	0.04202	0.05457	0.37487	0.02085	0.08351	0.01616	0.10761	0.07216	0.01679	0.06772	0.04261	0.04130	0.01347	0.00753	0.00689	0.00220	0.00911	0.00653	0.00408	0.01003
3	0.22796	0.01458	0.01514	0.01163	0.01713	0.01431	0.00948	0.19744	0.01886	0.05595	0.01340	0.01458	0.01026	0.00650	0.00549	0.00166	0.00593	0.00472	0.00511	0.34988
4	0.01590	0.01535	0.01923	0.01643	0.01755	0.08627	0.05353	0.01809	0.01276	0.01914	0.01254	0.01753	0.01110	0.01047	0.01654	0.00258	0.46867	0.00616	0.17262	0.00754
5	0.01745	0.03893	0.14006	0.12189	0.05119	0.01252	0.01393	0.02213	0.04225	0.16574	0.06441	0.02150	0.01629	0.03281	0.02927	0.00235	0.00739	0.00631	0.00499	0.18859
6	0.01650	0.04375	0.35460	0.04217	0.02340	0.01340	0.01749	0.05214	0.01604	0.14320	0.02045	0.15709	0.01793	0.01180	0.03617	0.00266	0.00845	0.00842	0.00484	0.00948
7	0.00850	0.00607	0.00810	0.00972	0.01012	0.00567	0.00648	0.00972	0.01336	0.01781	0.03846	0.75020	0.04615	0.02186	0.00891	0.00283	0.00405	0.01984	0.00648	0.00567
8	0.01400	0.03610	0.71860	0.01989	0.03020	0.01621	0.02578	0.02210	0.01473	0.02210	0.01252	0.01473	0.00884	0.00663	0.00663	0.00221	0.01031	0.00516	0.00295	0.01031
9	0.01860	0.01839	0.10778	0.18412	0.19399	0.06014	0.03586	0.04965	0.03827	0.11887	0.01499	0.01796	0.01127	0.00769	0.00871	0.00227	0.09121	0.00619	0.00427	0.00976
10	0.01398	0.01342	0.01936	0.01693	0.01747	0.01776	0.04050	0.01586	0.01187	0.01775	0.03989	0.09117	0.01714	0.01526	0.05228	0.00336	0.53561	0.04925	0.00381	0.00734
11	0.02041	0.08269	0.01596	0.01151	0.01536	0.04780	0.00943	0.27044	0.02200	0.07660	0.01906	0.02040	0.01435	0.00801	0.00584	0.00183	0.00591	0.00610	0.33713	0.00917
12	0.01186	0.00769	0.01043	0.05798	0.01386	0.00766	0.00806	0.01402	0.03584	0.09538	0.03388	0.55552	0.03805	0.04252	0.00976	0.00284	0.02517	0.01645	0.00635	0.00667
13	0.02160	0.04407	0.09203	0.01663	0.04859	0.03649	0.07773	0.14995	0.06976	0.21881	0.02215	0.09407	0.01792	0.03077	0.00804	0.00237	0.00745	0.02519	0.00617	0.01018
14	0.01876	0.01493	0.01601	0.01414	0.01826	0.01699	0.01107	0.06206	0.62167	0.08154	0.02789	0.02550	0.02063	0.00936	0.00709	0.00234	0.00564	0.00776	0.00721	0.01114
15	0.00905	0.00655	0.00866	0.01016	0.01096	0.00617	0.00737	0.01071	0.01411	0.01852	0.04058	0.56108	0.09485	0.02102	0.00901	0.00288	0.00450	0.15153	0.00647	0.00584
16	0.01853	0.01810	0.10348	0.19135	0.22970	0.03758	0.09059	0.06547	0.01696	0.11412	0.01494	0.01807	0.01110	0.00708	0.00755	0.00221	0.03259	0.00637	0.00423	0.00999
17	0.01830	0.46709	0.03588	0.01730	0.02309	0.02367	0.19939	0.02152	0.01479	0.04633	0.01161	0.01413	0.00976	0.00652	0.00701	0.00188	0.06397	0.00529	0.00337	0.00910
18	0.48013	0.04104	0.04105	0.06722	0.01952	0.13703	0.03259	0.06811	0.01515	0.02768	0.01083	0.01283	0.00842	0.00674	0.00525	0.00209	0.00752	0.00445	0.00417	0.00817
19	0.00949	0.00705	0.00936	0.01018	0.01120	0.00700	0.00756	0.01145	0.01440	0.01930	0.12044	0.36218	0.10725	0.04713	0.09571	0.00390	0.02602	0.11826	0.00613	0.00600
20	0.02653	0.01955	0.02094	0.01606	0.02164	0.02164	0.01326	0.68796	0.03281	0.04398	0.01675	0.01675	0.01187	0.00838	0.00698	0.00209	0.00768	0.00628	0.00698	0.01187
21	0.01038	0.00945	0.03855	0.14014	0.01882	0.00874	0.03985	0.01355	0.01650	0.02221	0.29111	0.18355	0.15154	0.01436	0.00808	0.00238	0.00519	0.01277	0.00607	0.00676
22	0.01462	0.00868	0.01208	0.01278	0.01502	0.00841	0.01108	0.01775	0.01672	0.13798	0.03536	0.06946	0.03631	0.01748	0.00920	0.00304	0.00634	0.55355	0.00680	0.00734
23	0.02398	0.01020	0.01353	0.01113	0.01525	0.00887	0.00889	0.02643	0.01865	0.49047	0.08696	0.11722	0.11371	0.01180	0.00749	0.00227	0.00520	0.00996	0.00803	0.00996
24	0.01001	0.00759	0.00979	0.01022	0.03485	0.00712	0.00723	0.01338	0.04167	0.02480	0.44783	0.16343	0.14147	0.01564	0.00830	0.00235	0.00380	0.03673	0.00713	0.00665
25	0.01905	0.30105	0.11600	0.01474	0.02009	0.12658	0.01383	0.08761	0.12679	0.02212	0.01566	0.04256	0.01339	0.00811	0.00644	0.00196	0.02618	0.02411	0.00433	0.00940
26	0.12318	0.09496	0.14960	0.01932	0.11892	0.09002	0.03699	0.10681	0.07392	0.09921	0.01525	0.01634	0.01136	0.00718	0.00629	0.00207	0.00820	0.00558	0.00473	0.01008

[dist]
# distance from previous block
# <min> <max>
0	24

[block]
# block no. 3 follows, 30 sequences, length 8
# corresponding to MSA columns:
# 125-132
name=unknown_D
#
# <colnr> <probs for GDERKNQSTAVLIFYWHMCP>
#	G	D	E	R	K	N	Q	S	T	A	V	L	I	F	Y	W	H	M	C	P
0	0.04806	0.10407	0.34205	0.01774	0.06082	0.05123	0.04211	0.02133	0.01551	0.08079	0.05384	0.09855	0.01692	0.00880	0.00673	0.00217	0.00842	0.00727	0.00422	0.00937
1	0.01589	0.01972	0.19973	0.08211	0.12311	0.01581	0.05488	0.02384	0.15090	0.06152	0.08378	0.02208	0.01780	0.00858	0.00883	0.00233	0.08765	0.00704	0.00467	0.00973
2	0.02880	0.01319	0.01651	0.01278	0.01792	0.01254	0.01052	0.18039	0.02246	0.51035	0.02472	0.02235	0.01610	0.00854	0.00684	0.00210	0.00612	0.00681	0.06951	0.01145
3	0.03447	0.01478	0.11602	0.07042	0.06671	0.01242	0.09310	0.03532	0.04727	0.02195	0.07676	0.18040	0.07622	0.01270	0.00870	0.00251	0.04674	0.07046	0.00506	0.00800
4	0.01685	0.09386	0.29333	0.15774	0.11821	0.01759	0.02013	0.07624	0.01626	0.06403	0.01337	0.01620	0.01000	0.00716	0.00749	0.00218	0.05018	0.00561	0.00372	0.00986
5	0.01741	0.01790	0.11821	0.22413	0.30703	0.01596	0.05502	0.05399	0.01643	0.08574	0.01439	0.01794	0.01086	0.00679	0.00697	0.00218	0.00878	0.00625	0.00394	0.01008
6	0.00878	0.00645	0.00830	0.00968	0.01052	0.00597	0.00685	0.01031	0.01406	0.01832	0.04316	0.56966	0.14558	0.02093	0.00889	0.00281	0.00424	0.09323	0.00647	0.00579
7	0.01897	0.07465	0.18484	0.02178	0.12296	0.07538	0.13664	0.04588	0.01722	0.13285	0.05002	0.05565	0.01557	0.00795	0.00704	0.00215	0.00883	0.00714	0.00463	0.00986

[dist]
# distance from previous block
# <min> <max>
0	88

[block]
# block no. 4 follows, 30 sequences, length 100
# corresponding to MSA columns:
# 221-288,340-351,353-372
name=unknown_E
#
# <colnr> <probs for GDERKNQSTAVLIFYWHMCP>
#	G	D	E	R	K	N	Q	S	T	A	V	L	I	F	Y	W	H	M	C	P
0	0.01649	0.10861	0.21060	0.01746	0.05245	0.01735	0.05885	0.11692	0.10987	0.02481	0.01833	0.10572	0.01603	0.00939	0.00793	0.00225	0.05781	0.00765	0.03191	0.00957
1	0.01628	0.01395	0.04431	0.01461	0.04796	0.03742	0.04930	0.21939	0.02078	0.02779	0.05097	0.15178	0.12577	0.01288	0.00767	0.00234	0.00642	0.07703	0.06487	0.00848
2	0.06397	0.26554	0.05753	0.01668	0.05836	0.03910	0.10185	0.09976	0.03782	0.05731	0.01407	0.01697	0.01147	0.00690	0.00598	0.00184	0.00780	0.02589	0.00429	0.10686
3	0.01937	0.68977	0.03502	0.01245	0.01826	0.07042	0.01208	0.04346	0.01514	0.01737	0.01000	0.01146	0.00905	0.00613	0.00467	0.00153	0.00778	0.00386	0.00316	0.00900
4	0.01410	0.02455	0.40455	0.01684	0.04255	0.01296	0.03847	0.01991	0.01569	0.06370	0.07320	0.02779	0.10038	0.00914	0.00705	0.00218	0.00808	0.04011	0.00437	0.07439
5	0.01794	0.04344	0.04995	0.11567	0.48962	0.06048	0.03831	0.03951	0.01640	0.04327	0.01332	0.01706	0.01078	0.00649	0.00683	0.00208	0.00871	0.00607	0.00364	0.01040
6	0.01009	0.00700	0.00880	0.00880	0.00921	0.00741	0.00571	0.01091	0.01050	0.01441	0.02090	0.03964	0.02275	0.52278	0.26391	0.00823	0.01070	0.00927	0.00407	0.00489
7	0.01616	0.01607	0.02527	0.24743	0.37161	0.06172	0.06031	0.02029	0.01559	0.02094	0.04344	0.01894	0.01273	0.00704	0.00756	0.00219	0.03321	0.00651	0.00354	0.00946
8	0.01625	0.01480	0.02227	0.13334	0.30754	0.01613	0.03385	0.07322	0.12118	0.02373	0.01986	0.06323	0.05110	0.00893	0.00836	0.00230	0.06188	0.00775	0.00454	0.00975
9	0.00825	0.00707	0.00707	0.00707	0.00943	0.00589	0.00530	0.01001	0.01591	0.01885	0.07069	0.06716	0.70839	0.01767	0.00825	0.00236	0.00353	0.01473	0.00648	0.00589
10	0.01008	0.00673	0.00763	0.00770	0.00772	0.00672	0.00433	0.01013	0.01029	0.01372	0.02272	0.07687	0.02629	0.72230	0.03434	0.00659	0.00665	0.01058	0.00433	0.00429
11	0.23951	0.11432	0.09645	0.06446	0.06088	0.07135	0.04360	0.09718	0.10389	0.02668	0.01384	0.01542	0.01067	0.00707	0.00589	0.00209	0.00771	0.00528	0.00443	0.00929
12	0.00900	0.00689	0.00952	0.01047	0.01116	0.00670	0.02555	0.01039	0.01349	0.01796	0.03859	0.65402	0.08616	0.02073	0.00946	0.00280	0.03640	0.01859	0.00625	0.00587
13	0.00849	0.00612	0.00805	0.00960	0.01009	0.00568	0.00643	0.00973	0.01347	0.01786	0.03989	0.71995	0.07548	0.02168	0.00888	0.00281	0.00403	0.01961	0.00648	0.00568
14	0.01310	0.01237	0.01280	0.01237	0.01388	0.13961	0.00941	0.01520	0.01266	0.01614	0.01722	0.02595	0.01634	0.10623	0.50911	0.00882	0.04150	0.00713	0.00373	0.00644
15	0.16125	0.09720	0.21303	0.10691	0.09761	0.03979	0.03711	0.06052	0.08020	0.02453	0.01351	0.01573	0.01031	0.00690	0.00616	0.00213	0.00830	0.00539	0.00393	0.00949
16	0.01553	0.01232	0.05440	0.01449	0.01771	0.01145	0.10833	0.01882	0.01690	0.14811	0.25223	0.10918	0.05575	0.01223	0.01018	0.00241	0.11521	0.01044	0.00615	0.00819
17	0.02532	0.03079	0.01932	0.01731	0.02104	0.62735	0.01310	0.09024	0.02085	0.01973	0.01401	0.01540	0.04024	0.00777	0.00644	0.00185	0.01171	0.00512	0.00405	0.00835
18	0.03229	0.05766	0.07703	0.10001	0.18303	0.01307	0.05253	0.01633	0.01433	0.01985	0.02391	0.27326	0.05295	0.01248	0.00817	0.00241	0.03693	0.01113	0.00454	0.00809
19	0.01650	0.08445	0.11439	0.15635	0.37671	0.01756	0.07112	0.04164	0.01583	0.02191	0.01281	0.01675	0.01028	0.00642	0.00677	0.00210	0.00889	0.00602	0.00340	0.01010
20	0.01334	0.00825	0.01037	0.00991	0.01202	0.00779	0.00742	0.01625	0.04714	0.14135	0.19827	0.26211	0.18073	0.01605	0.00869	0.00246	0.02966	0.01387	0.00704	0.00731
21	0.02097	0.53543	0.03152	0.01363	0.01904	0.18364	0.01239	0.07754	0.01697	0.01884	0.01053	0.01196	0.00920	0.00644	0.00509	0.00161	0.00863	0.00411	0.00345	0.00900
22	0.00854	0.00616	0.00810	0.00956	0.01010	0.00571	0.00643	0.00986	0.01372	0.01825	0.06522	0.69318	0.07657	0.02139	0.00885	0.00279	0.00400	0.01934	0.00652	0.00571
23	0.01014	0.00680	0.00778	0.00778	0.00783	0.00685	0.00443	0.01025	0.01020	0.01365	0.02184	0.04483	0.02501	0.72260	0.06718	0.00697	0.00731	0.01003	0.00421	0.00432
24	0.07182	0.06473	0.20679	0.05321	0.17094	0.09357	0.01758	0.04332	0.10812	0.06196	0.01536	0.01718	0.01172	0.00824	0.02432	0.00233	0.00883	0.00574	0.00424	0.00998
25	0.01577	0.01461	0.02305	0.14019	0.29156	0.04156	0.08593	0.02055	0.05912	0.03884	0.01746	0.09257	0.01552	0.01054	0.03998	0.00265	0.03391	0.00792	0.03907	0.00919
26	0.01025	0.00755	0.01028	0.01019	0.01088	0.00852	0.00731	0.01172	0.01087	0.01531	0.02016	0.06034	0.02102	0.30817	0.41013	0.00885	0.05006	0.00885	0.00399	0.00554
27	0.11539	0.21606	0.04681	0.01947	0.11378	0.20895	0.05723	0.03776	0.01587	0.02048	0.01093	0.01353	0.00927	0.00707	0.00743	0.00198	0.08075	0.00490	0.00350	0.00885
28	0.01003	0.00737	0.00942	0.00887	0.01061	0.00688	0.00666	0.01375	0.03996	0.02761	0.65862	0.05202	0.09330	0.01427	0.00820	0.00221	0.00337	0.01257	0.00761	0.00669
29	0.01830	0.60358	0.12685	0.01390	0.02048	0.02508	0.04785	0.02151	0.01454	0.03793	0.01082	0.01242	0.00927	0.00613	0.00503	0.00165	0.00801	0.00424	0.00317	0.00924
30	0.01552	0.01794	0.13851	0.26464	0.28060	0.01576	0.01973	0.06549	0.01618	0.02245	0.01553	0.01943	0.03660	0.00718	0.00687	0.00218	0.00857	0.00637	0.03092	0.00954
31	0.01030	0.00732	0.00816	0.00820	0.01042	0.00628	0.00613	0.01210	0.01578	0.07636	0.06003	0.18964	0.50633	0.01775	0.00832	0.00246	0.00393	0.03748	0.00666	0.00636
32	0.01000	0.00670	0.00765	0.00779	0.00783	0.00667	0.00442	0.01011	0.01043	0.01390	0.02343	0.10720	0.02719	0.69075	0.03319	0.00642	0.00653	0.01099	0.00442	0.00435
33	0.01472	0.14815	0.61288	0.01866	0.02830	0.01797	0.02364	0.02191	0.01465	0.02122	0.01209	0.01418	0.00886	0.00653	0.00630	0.00210	0.00987	0.00494	0.00295	0.01010
34	0.01160	0.00692	0.00833	0.00853	0.01007	0.00667	0.00635	0.01418	0.01524	0.05294	0.13217	0.20533	0.08749	0.01684	0.06082	0.00286	0.00488	0.04076	0.30155	0.00648
35	0.01378	0.01272	0.02093	0.70564	0.04688	0.01578	0.01911	0.04786	0.01480	0.01900	0.01260	0.01852	0.00942	0.00704	0.00698	0.00232	0.00923	0.00621	0.00327	0.00794
36	0.00845	0.00711	0.00736	0.00739	0.00967	0.00601	0.00560	0.01036	0.01613	0.01945	0.10585	0.06673	0.64635	0.01754	0.00830	0.00238	0.00363	0.03919	0.00655	0.00595
37	0.00860	0.00622	0.00813	0.00947	0.01010	0.00576	0.00641	0.01002	0.01405	0.01872	0.09578	0.64862	0.09038	0.02097	0.00881	0.00275	0.00395	0.01891	0.00658	0.00576
38	0.02575	0.01880	0.02012	0.01551	0.02087	0.02077	0.01278	0.64953	0.03177	0.04295	0.01710	0.01728	0.01221	0.00836	0.00686	0.00207	0.00743	0.00630	0.05198	0.01156
39	0.00979	0.00713	0.00920	0.00869	0.01037	0.00655	0.00651	0.01300	0.01954	0.02748	0.67265	0.05295	0.10105	0.01445	0.00823	0.00220	0.00331	0.01274	0.00762	0.00655
40	0.02076	0.61720	0.03299	0.01226	0.01814	0.02504	0.01181	0.06546	0.01611	0.10640	0.01240	0.01313	0.01019	0.00646	0.00496	0.00162	0.00728	0.00431	0.00395	0.00951
41	0.11091	0.06636	0.15357	0.01997	0.13763	0.03606	0.01600	0.20935	0.01985	0.07072	0.01399	0.01563	0.01052	0.00739	0.00726	0.00209	0.04993	0.00551	0.00474	0.04250
42	0.01867	0.04161	0.11873	0.21591	0.16338	0.11385	0.01762	0.07435	0.04240	0.07831	0.01476	0.01756	0.01111	0.00715	0.00668	0.00211	0.00890	0.00590	0.03143	0.00956
43	0.01203	0.00797	0.01019	0.00977	0.01085	0.00855	0.00690	0.01426	0.04322	0.06149	0.04639	0.03566	0.02266	0.35300	0.26624	0.00730	0.03195	0.00875	0.03680	0.00600
44	0.01318	0.01240	0.02093	0.73798	0.04806	0.01550	0.01938	0.01783	0.01395	0.01783	0.01240	0.01860	0.00930	0.00698	0.00698	0.00233	0.00930	0.00620	0.00310	0.00775
45	0.70564	0.01426	0.01161	0.01005	0.01453	0.01641	0.00828	0.10499	0.01453	0.03291	0.01061	0.01202	0.00810	0.00672	0.00466	0.00215	0.00569	0.00410	0.00466	0.00810
46	0.01488	0.01492	0.02776	0.34060	0.20565	0.01593	0.20309	0.01960	0.01510	0.02029	0.01419	0.05023	0.01169	0.00714	0.00739	0.00229	0.00950	0.00736	0.00345	0.00893
47	0.75904	0.01367	0.01129	0.01110	0.05341	0.01571	0.00835	0.02056	0.01211	0.03082	0.00991	0.01168	0.00776	0.00646	0.00447	0.00215	0.00556	0.00392	0.00427	0.00776
48	0.00859	0.00646	0.00796	0.00889	0.00997	0.00583	0.00617	0.01020	0.01479	0.01927	0.12446	0.48508	0.22729	0.01985	0.00865	0.00263	0.00382	0.01762	0.00662	0.00583
49	0.03113	0.01216	0.01637	0.01255	0.01795	0.01068	0.01037	0.05807	0.02045	0.69133	0.02713	0.02349	0.01708	0.00863	0.00702	0.00216	0.00600	0.00699	0.00858	0.01188
50	0.02005	0.02020	0.02510	0.11369	0.35055	0.16836	0.04866	0.12479	0.01912	0.02424	0.01315	0.01642	0.01051	0.00683	0.00686	0.00206	0.00939	0.00595	0.00399	0.01009
51	0.01452	0.02390	0.35160	0.05234	0.11610	0.01464	0.06700	0.02057	0.03437	0.04996	0.03692	0.04612	0.09057	0.00884	0.00784	0.00228	0.04146	0.00746	0.00403	0.00947
52	0.00850	0.00607	0.00810	0.00972	0.01012	0.00567	0.00648	0.00972	0.01336	0.01781	0.03846	0.75020	0.04615	0.02186	0.00891	0.00283	0.00405	0.01984	0.00648	0.00567
53	0.00993	0.00718	0.00936	0.01017	0.01144	0.00685	0.00789	0.01227	0.01572	0.02090	0.18973	0.21573	0.11346	0.08821	0.01147	0.00315	0.00494	0.24904	0.00652	0.00603
54	0.01751	0.01810	0.13911	0.16346	0.14485	0.03615	0.06423	0.08028	0.03641	0.10658	0.02039	0.07090	0.05364	0.00874	0.00719	0.00225	0.00823	0.00769	0.00473	0.00958
55	0.01614	0.13741	0.04716	0.35436	0.18148	0.07213	0.05648	0.02025	0.01502	0.01899	0.01210	0.01655	0.00966	0.00659	0.00656	0.00209	0.00921	0.00576	0.00322	0.00885
56	0.02609	0.01874	0.02016	0.01553	0.02093	0.02062	0.01280	0.63817	0.03161	0.06427	0.01735	0.01738	0.01230	0.00837	0.00689	0.00208	0.00743	0.00632	0.04132	0.01163
57	0.01251	0.05727	0.43669	0.01559	0.02263	0.01319	0.01835	0.01835	0.01557	0.02211	0.12946	0.07517	0.09561	0.01031	0.00719	0.00226	0.00786	0.02669	0.00439	0.00879
58	0.01620	0.07262	0.36531	0.01710	0.02428	0.03649	0.06638	0.05169	0.04207	0.08589	0.02075	0.09698	0.05555	0.00918	0.00700	0.00223	0.00854	0.00771	0.00445	0.00958
59	0.01038	0.00915	0.03837	0.00970	0.01195	0.00807	0.00762	0.01529	0.10754	0.02377	0.30823	0.17876	0.21361	0.01556	0.00814	0.00238	0.00407	0.01353	0.00689	0.00699
60	0.03131	0.01188	0.01619	0.01242	0.01781	0.01026	0.01026	0.03401	0.01997	0.71606	0.02753	0.02375	0.01727	0.00864	0.00702	0.00216	0.00594	0.00702	0.00864	0.01188
61	0.01503	0.01538	0.08824	0.34284	0.21310	0.01467	0.04818	0.01949	0.01500	0.05970	0.01713	0.07097	0.03390	0.00816	0.00716	0.00228	0.00851	0.00746	0.00385	0.00896
62	0.01850	0.06924	0.17196	0.04037	0.22920	0.10882	0.01740	0.02422	0.07897	0.08714	0.01667	0.04944	0.01344	0.00771	0.00665	0.00209	0.00841	0.00644	0.03335	0.00997
63	0.02103	0.01753	0.01878	0.06575	0.06743	0.17235	0.03537	0.11186	0.01835	0.14860	0.01728	0.02177	0.01393	0.04326	0.11679	0.00371	0.06606	0.02614	0.00501	0.00900
64	0.68024	0.01443	0.03836	0.04254	0.01602	0.01610	0.00935	0.02018	0.01199	0.02928	0.00990	0.01208	0.00780	0.00693	0.00591	0.00224	0.06075	0.00411	0.00412	0.00768
65	0.01035	0.00678	0.00769	0.00769	0.00787	0.00684	0.00448	0.01071	0.01053	0.01459	0.02189	0.04336	0.02445	0.66685	0.06489	0.00659	0.00705	0.00975	0.06313	0.00449
66	0.01693	0.01684	0.04832	0.13909	0.42281	0.01706	0.08975	0.05957	0.04424	0.02320	0.01376	0.01779	0.01106	0.00684	0.00779	0.00220	0.04231	0.00646	0.00373	0.01026
67	0.00902	0.00647	0.00856	0.00936	0.01024	0.00601	0.00652	0.01101	0.01576	0.02163	0.28986	0.48792	0.05355	0.01901	0.00865	0.00259	0.00376	0.01713	0.00693	0.00601
68	0.00972	0.00687	0.00853	0.00920	0.01012	0.00655	0.00656	0.01135	0.01412	0.01888	0.12445	0.25313	0.11293	0.21827	0.01597	0.00380	0.00503	0.12991	0.02902	0.00558
69	0.01727	0.01658	0.02832	0.04283	0.71123	0.01658	0.02142	0.02142	0.01589	0.02280	0.01313	0.01727	0.01105	0.00622	0.00691	0.00207	0.00829	0.00622	0.00345	0.01105
70	0.07924	0.01483	0.12607	0.01243	0.01745	0.01114	0.01154	0.02553	0.07224	0.31283	0.17120	0.03009	0.06541	0.00994	0.00709	0.00220	0.00586	0.00818	0.00696	0.00977
71	0.01866	0.75896	0.03657	0.01194	0.01791	0.02761	0.01194	0.02090	0.01418	0.01642	0.00970	0.01119	0.00896	0.00597	0.00448	0.00149	0.00746	0.00373	0.00299	0.00896
72	0.02995	0.01247	0.01637	0.01272	0.01801	0.01134	0.01045	0.06277	0.07657	0.63004	0.02713	0.02364	0.01737	0.00869	0.00702	0.00217	0.00598	0.00706	0.00844	0.01181
73	0.01736	0.01499	0.01578	0.01420	0.01815	0.01736	0.01105	0.03708	0.69862	0.02919	0.02840	0.02604	0.02130	0.00947	0.00710	0.00237	0.00552	0.00789	0.00710	0.01105
74	0.60490	0.01448	0.01264	0.01067	0.01530	0.01634	0.00880	0.14295	0.01629	0.08474	0.01233	0.01325	0.00907	0.00698	0.00500	0.00215	0.00585	0.00448	0.00513	0.00866
75	0.01342	0.00898	0.01074	0.01117	0.04368	0.03380	0.00778	0.01544	0.01610	0.12446	0.14053	0.21964	0.19229	0.08264	0.01063	0.00283	0.00498	0.04735	0.00653	0.00703
76	0.06938	0.00742	0.00856	0.00846	0.00909	0.00779	0.00543	0.01148	0.01087	0.01595	0.04844	0.03990	0.02419	0.53535	0.16331	0.00708	0.00878	0.00927	0.00428	0.00495
77	0.02513	0.01885	0.02016	0.01577	0.02111	0.02099	0.01293	0.58908	0.13396	0.04173	0.01852	0.01816	0.01330	0.00854	0.00700	0.00214	0.00735	0.00653	0.00700	0.01174
78	0.01593	0.01792	0.03882	0.02800	0.03459	0.01687	0.63524	0.02151	0.01616	0.02195	0.01520	0.04662	0.01218	0.00821	0.03492	0.00270	0.01173	0.00864	0.00365	0.00915
79	0.01589	0.01517	0.02583	0.27718	0.48766	0.01622	0.02073	0.02021	0.01524	0.02112	0.01288	0.01772	0.01046	0.00647	0.00693	0.00216	0.00863	0.00621	0.00334	0.00994
80	0.01040	0.00732	0.00861	0.00854	0.01061	0.00649	0.00651	0.01274	0.01688	0.06089	0.22918	0.12737	0.35765	0.01651	0.00825	0.00240	0.00389	0.06761	0.03171	0.00645
81	0.01892	0.00912	0.01119	0.00983	0.01257	0.00862	0.00744	0.06106	0.01687	0.26099	0.04456	0.14189	0.02408	0.11584	0.01078	0.00277	0.00506	0.00944	0.22075	0.00822
82	0.01702	0.03611	0.14208	0.15338	0.08326	0.01494	0.05555	0.07803	0.10471	0.09679	0.01954	0.09019	0.01607	0.00997	0.02490	0.00248	0.00805	0.00775	0.02967	0.00952
83	0.05139	0.01890	0.02265	0.05284	0.20660	0.08593	0.04593	0.31469	0.05367	0.03202	0.01536	0.01716	0.01166	0.00749	0.00679	0.00208	0.00824	0.00617	0.02978	0.01065
84	0.05100	0.01207	0.01550	0.01382	0.01592	0.03948	0.05861	0.09137	0.01600	0.05338	0.04616	0.22233	0.02575	0.05836	0.03317	0.00309	0.13723	0.06465	0.03462	0.00750
85	0.77930	0.03698	0.01109	0.00926	0.01363	0.01603	0.00770	0.02052	0.01195	0.03084	0.00972	0.01133	0.00760	0.00646	0.00432	0.00214	0.00546	0.00378	0.00428	0.00760
86	0.01007	0.00715	0.00896	0.00943	0.00979	0.00738	0.00635	0.01096	0.01174	0.01577	0.02717	0.22681	0.03122	0.41032	0.06476	0.00545	0.03877	0.08784	0.00498	0.00511
87	0.01504	0.02341	0.28993	0.02332	0.13925	0.03672	0.14050	0.04261	0.01596	0.02241	0.05342	0.02165	0.05348	0.01039	0.04903	0.00275	0.03982	0.00703	0.00380	0.00946
88	0.01377	0.01353	0.07540	0.01347	0.04191	0.01214	0.01094	0.02349	0.27074	0.02602	0.20400	0.06457	0.05182	0.01129	0.00742	0.00223	0.00537	0.05327	0.00635	0.09227
89	0.01245	0.01635	0.22291	0.02970	0.03594	0.00996	0.01289	0.01639	0.01574	0.07145	0.15297	0.14214	0.15678	0.06175	0.00950	0.00262	0.00625	0.01095	0.00548	0.00781
90	0.02064	0.01413	0.01879	0.10343	0.10348	0.01562	0.01342	0.17122	0.06054	0.16982	0.01839	0.02109	0.01397	0.04311	0.04316	0.00287	0.10297	0.00673	0.04681	0.00981
91	0.03926	0.02901	0.48089	0.04359	0.04910	0.01638	0.05507	0.06142	0.08918	0.02441	0.01480	0.01672	0.01076	0.00704	0.00668	0.00221	0.00926	0.00574	0.02831	0.01017
92	0.01019	0.00884	0.01324	0.01132	0.01395	0.00798	0.11129	0.01303	0.01698	0.02236	0.28336	0.09647	0.30543	0.04280	0.00931	0.00250	0.00488	0.01312	0.00636	0.00661
93	0.01506	0.01252	0.01605	0.10163	0.10733	0.05399	0.01203	0.04293	0.03699	0.06103	0.04914	0.14713	0.02230	0.01449	0.06712	0.00293	0.02561	0.06283	0.00502	0.14388
94	0.00997	0.00748	0.01121	0.01121	0.01246	0.00872	0.00872	0.01246	0.01121	0.01620	0.01869	0.02741	0.01745	0.05234	0.72710	0.01121	0.01869	0.00748	0.00374	0.00623
95	0.08964	0.10980	0.13080	0.01545	0.04319	0.08983	0.01382	0.17806	0.05703	0.13586	0.01801	0.01827	0.03288	0.00783	0.00631	0.00203	0.00776	0.00586	0.02746	0.01011
96	0.01752	0.32135	0.25378	0.02088	0.15589	0.04779	0.01835	0.05219	0.01575	0.02077	0.01164	0.01382	0.00946	0.00639	0.00582	0.00187	0.00874	0.00482	0.00327	0.00990
97	0.01018	0.00780	0.01052	0.01054	0.01174	0.00860	0.00793	0.01280	0.03771	0.01735	0.04906	0.11136	0.09887	0.12529	0.38978	0.00764	0.04225	0.02973	0.00469	0.00614
98	0.01549	0.17081	0.06776	0.02181	0.23490	0.01635	0.01427	0.02135	0.12028	0.02198	0.04997	0.12976	0.02002	0.00945	0.00666	0.00208	0.00670	0.00818	0.03106	0.03112
99	0.04990	0.47137	0.14411	0.01398	0.03960	0.04462	0.01386	0.03714	0.01514	0.03705	0.01549	0.01664	0.06145	0.00715	0.00536	0.00176	0.00771	0.00503	0.00357	0.00907

[dist]
# distance from previous block
# <min> <max>
0	8

[block]
# block no. 5 follows, 30 sequences, length 16
# corresponding to MSA columns:
# 382-397
name=unknown_F
#
# <colnr> <probs for GDERKNQSTAVLIFYWHMCP>
#	G	D	E	R	K	N	Q	S	T	A	V	L	I	F	Y	W	H	M	C	P
0	0.01565	0.11475	0.02174	0.19065	0.09168	0.07382	0.05159	0.01971	0.04101	0.02043	0.04234	0.03978	0.03239	0.00736	0.00633	0.00183	0.00762	0.00625	0.00397	0.21113
1	0.01277	0.01035	0.01209	0.01040	0.01379	0.00981	0.00802	0.01984	0.17905	0.02655	0.34189	0.03686	0.06705	0.01093	0.00718	0.00194	0.00431	0.00940	0.00658	0.21121
2	0.06504	0.06967	0.21960	0.01824	0.11162	0.01452	0.03355	0.04219	0.01576	0.09830	0.01400	0.01569	0.01055	0.00635	0.00605	0.00179	0.00755	0.00514	0.00420	0.24018
3	0.02265	0.05297	0.01839	0.01429	0.06119	0.01362	0.01095	0.16528	0.02014	0.24215	0.01793	0.01784	0.01279	0.00703	0.00620	0.00170	0.00625	0.00559	0.00603	0.29700
4	0.01447	0.01240	0.01447	0.01034	0.01654	0.00930	0.00827	0.01757	0.01447	0.02274	0.01240	0.01447	0.01034	0.00517	0.00517	0.00103	0.00517	0.00413	0.00413	0.79742
5	0.01527	0.01527	0.02137	0.01832	0.01832	0.02137	0.01527	0.01679	0.01069	0.01679	0.00916	0.01527	0.00916	0.01221	0.02290	0.00305	0.74198	0.00611	0.00305	0.00763
6	0.01589	0.27438	0.20032	0.03443	0.05007	0.01836	0.07141	0.02088	0.05072	0.04904	0.02153	0.04684	0.10128	0.00850	0.00637	0.00202	0.00783	0.00695	0.00406	0.00911
7	0.02234	0.01460	0.02033	0.04788	0.22093	0.01498	0.01435	0.16633	0.06286	0.22686	0.01960	0.02074	0.01430	0.01267	0.08614	0.00313	0.00849	0.00670	0.00595	0.01082
8	0.00877	0.00632	0.00861	0.00990	0.01048	0.00616	0.00681	0.01026	0.01330	0.01799	0.06286	0.61498	0.04272	0.02605	0.11491	0.00405	0.00618	0.01772	0.00612	0.00579
9	0.01714	0.01565	0.02802	0.03416	0.44608	0.01528	0.16166	0.02148	0.01640	0.05995	0.05774	0.02061	0.01507	0.00688	0.00717	0.00212	0.00831	0.00711	0.04896	0.01021
10	0.00910	0.00730	0.00951	0.00936	0.01113	0.00652	0.03703	0.01125	0.01604	0.02090	0.21268	0.28279	0.30543	0.01766	0.00846	0.00247	0.00402	0.01558	0.00664	0.00615
11	0.01043	0.00745	0.01031	0.01192	0.01317	0.00733	0.00983	0.01305	0.01526	0.01997	0.03740	0.27752	0.04194	0.02004	0.00942	0.00310	0.00572	0.47347	0.00644	0.00620
12	0.01157	0.00800	0.01031	0.00970	0.01167	0.00799	0.00742	0.01575	0.06710	0.06060	0.39558	0.04323	0.09297	0.02216	0.16923	0.00422	0.00706	0.01074	0.03762	0.00706
13	0.01631	0.01543	0.02610	0.03919	0.63418	0.01538	0.01977	0.02013	0.01561	0.02225	0.01591	0.09782	0.01491	0.00794	0.00713	0.00216	0.00782	0.00771	0.00379	0.01046
14	0.01276	0.01281	0.09029	0.05863	0.07861	0.01086	0.05604	0.01669	0.04005	0.05349	0.18827	0.19091	0.06420	0.04415	0.00985	0.00259	0.04507	0.01140	0.00557	0.00775
15	0.00857	0.00637	0.00799	0.00910	0.01001	0.00579	0.00625	0.01008	0.01443	0.01890	0.10280	0.55076	0.18278	0.02035	0.00871	0.00268	0.00388	0.01817	0.00658	0.00579

[dist]
# distance from previous block
# <min> <max>
0	16

# created by:
# /home/cegg/simao/soft/augustus-3.2.1/scripts/msa2prfl.pl ./align_prep/EOG090W0EP5.fa
