[name]
unknown

[dist]
# distance from previous block
# <min> <max>
10	63

[block]
# block no. 0 follows, 36 sequences, length 11
# corresponding to MSA columns:
# 71-81
name=unknown_A
#
# <colnr> <probs for GDERKNQSTAVLIFYWHMCP>
#	G	D	E	R	K	N	Q	S	T	A	V	L	I	F	Y	W	H	M	C	P
0	0.01783	0.05182	0.07130	0.01503	0.07146	0.08928	0.05280	0.18259	0.06189	0.10204	0.01886	0.08922	0.04129	0.03122	0.00693	0.00199	0.00673	0.00695	0.03215	0.04861
1	0.01641	0.07878	0.06069	0.05073	0.07050	0.04550	0.03258	0.13831	0.11700	0.08615	0.09656	0.03734	0.03591	0.05235	0.00796	0.00213	0.02370	0.00677	0.00499	0.03566
2	0.01654	0.08244	0.01624	0.04660	0.09633	0.08391	0.01027	0.06746	0.10285	0.12507	0.07464	0.07862	0.07391	0.00871	0.00612	0.00182	0.00588	0.00722	0.00507	0.09029
3	0.06287	0.01516	0.06621	0.04855	0.03629	0.11838	0.05392	0.11876	0.04067	0.05976	0.05878	0.12834	0.08070	0.00965	0.00679	0.00199	0.02959	0.00799	0.02888	0.02674
4	0.04332	0.13067	0.03552	0.08150	0.10429	0.04762	0.04973	0.11237	0.03947	0.02132	0.05909	0.06537	0.03433	0.03821	0.02814	0.00225	0.03208	0.00665	0.06036	0.00772
5	0.04178	0.09950	0.07756	0.03682	0.16673	0.07127	0.01240	0.07365	0.02974	0.05186	0.02968	0.04285	0.01183	0.00639	0.00549	0.00158	0.00653	0.00520	0.00389	0.22527
6	0.01775	0.03431	0.03857	0.01656	0.12685	0.13129	0.01163	0.17719	0.11181	0.06313	0.03508	0.07545	0.03861	0.00948	0.03105	0.00212	0.00709	0.00669	0.00489	0.06047
7	0.03909	0.04587	0.03674	0.04230	0.01443	0.08103	0.00922	0.04831	0.03990	0.05797	0.01813	0.14232	0.01743	0.04363	0.24671	0.02751	0.04807	0.00773	0.02706	0.00658
8	0.01204	0.07313	0.06353	0.01127	0.04515	0.05190	0.00880	0.03085	0.07213	0.04255	0.06580	0.14567	0.13994	0.12440	0.03815	0.00295	0.00595	0.05436	0.00484	0.00658
9	0.05278	0.07829	0.23975	0.08459	0.02235	0.07978	0.05960	0.05139	0.07507	0.05081	0.01520	0.01721	0.03769	0.00964	0.05830	0.00249	0.03110	0.00550	0.02025	0.00820
10	0.01172	0.03616	0.05151	0.00932	0.01100	0.06945	0.00703	0.04175	0.01241	0.04957	0.02433	0.19110	0.07783	0.32749	0.04888	0.00404	0.00638	0.00998	0.00447	0.00557

[dist]
# distance from previous block
# <min> <max>
7	15

[block]
# block no. 1 follows, 36 sequences, length 66
# corresponding to MSA columns:
# 97-162
name=unknown_B
#
# <colnr> <probs for GDERKNQSTAVLIFYWHMCP>
#	G	D	E	R	K	N	Q	S	T	A	V	L	I	F	Y	W	H	M	C	P
0	0.00899	0.00603	0.00748	0.00792	0.00854	0.00574	0.00524	0.01004	0.01197	0.03814	0.12208	0.32648	0.06804	0.30278	0.01670	0.00374	0.00453	0.03542	0.00523	0.00489
1	0.01103	0.01022	0.05382	0.02602	0.02825	0.01007	0.00926	0.07993	0.03616	0.01959	0.09458	0.25038	0.12969	0.01602	0.05936	0.00283	0.11769	0.03355	0.00503	0.00653
2	0.01741	0.04212	0.02149	0.18664	0.17628	0.10745	0.08370	0.10425	0.03167	0.08487	0.01355	0.01724	0.01063	0.00688	0.00701	0.00197	0.04861	0.02575	0.00394	0.00855
3	0.04904	0.31446	0.02205	0.01230	0.01631	0.07457	0.01061	0.09680	0.21315	0.02100	0.01432	0.01515	0.01160	0.00866	0.03762	0.00211	0.06261	0.00495	0.00418	0.00849
4	0.00979	0.00696	0.00957	0.01087	0.01210	0.00693	0.00920	0.01229	0.01371	0.01787	0.03186	0.11268	0.03499	0.08700	0.01067	0.00314	0.00563	0.59367	0.00556	0.00552
5	0.05786	0.01265	0.01879	0.23363	0.08508	0.03999	0.12682	0.04358	0.10435	0.05005	0.01890	0.06476	0.06127	0.04607	0.00770	0.00225	0.00718	0.00726	0.00413	0.00769
6	0.00821	0.00632	0.00750	0.00726	0.00895	0.00561	0.00543	0.01056	0.01612	0.02151	0.45248	0.07282	0.32644	0.01413	0.00737	0.00203	0.00304	0.01219	0.00641	0.00561
7	0.01011	0.00841	0.01109	0.01114	0.04152	0.00944	0.00807	0.03612	0.01243	0.01697	0.08194	0.15593	0.17066	0.09553	0.14764	0.00408	0.15844	0.01008	0.00452	0.00587
8	0.01487	0.03558	0.09677	0.01301	0.05274	0.11867	0.01071	0.01887	0.06166	0.04322	0.02927	0.03140	0.02758	0.00722	0.02216	0.00163	0.02277	0.00499	0.00388	0.38300
9	0.06373	0.40085	0.04846	0.02999	0.05372	0.25818	0.01187	0.03833	0.01466	0.01668	0.00942	0.01104	0.00810	0.00581	0.00478	0.00153	0.00819	0.00381	0.00302	0.00785
10	0.00906	0.00604	0.00680	0.00680	0.00680	0.00604	0.00378	0.00906	0.00906	0.01208	0.01963	0.04077	0.02265	0.78103	0.03171	0.00604	0.00604	0.00906	0.00378	0.00378
11	0.00782	0.00614	0.00707	0.00723	0.00880	0.00539	0.00527	0.00968	0.01470	0.01894	0.24740	0.20427	0.40373	0.01570	0.00748	0.00215	0.00319	0.01356	0.00609	0.00539
12	0.01983	0.09814	0.01825	0.01335	0.01766	0.08880	0.01090	0.34151	0.24840	0.02953	0.01848	0.01801	0.03394	0.00770	0.00600	0.00187	0.00654	0.00589	0.00559	0.00961
13	0.01473	0.07636	0.41547	0.01520	0.02232	0.01348	0.05445	0.03500	0.02895	0.10278	0.03988	0.03910	0.01214	0.00665	0.00589	0.00183	0.00761	0.00547	0.00376	0.09895
14	0.04129	0.15836	0.26748	0.04140	0.06484	0.01548	0.03774	0.03615	0.05693	0.07984	0.06078	0.01639	0.01285	0.00676	0.00640	0.00185	0.04485	0.00526	0.00378	0.04158
15	0.01263	0.05687	0.72530	0.01753	0.02661	0.01480	0.02262	0.01970	0.01314	0.01957	0.01110	0.01305	0.00790	0.00590	0.00586	0.00195	0.00912	0.00456	0.00263	0.00917
16	0.01250	0.03223	0.74875	0.01776	0.02697	0.01447	0.02302	0.01973	0.01315	0.01973	0.01118	0.01315	0.00789	0.00592	0.00592	0.00197	0.00921	0.00460	0.00263	0.00921
17	0.01647	0.06296	0.14447	0.04679	0.22224	0.05337	0.12234	0.02081	0.03517	0.12889	0.01640	0.05477	0.03308	0.00702	0.00629	0.00193	0.00767	0.00642	0.00399	0.00893
18	0.07697	0.01521	0.01904	0.01497	0.03442	0.01615	0.10854	0.43531	0.02328	0.07870	0.04197	0.01868	0.04516	0.00757	0.00625	0.00191	0.00669	0.00628	0.03346	0.00944
19	0.00763	0.00566	0.00714	0.00829	0.00904	0.00517	0.00571	0.00888	0.01248	0.01619	0.04019	0.60572	0.18418	0.01867	0.00785	0.00245	0.00359	0.04023	0.00578	0.00512
20	0.00854	0.00645	0.00833	0.00902	0.00985	0.00641	0.00663	0.01010	0.01287	0.01710	0.11178	0.39254	0.13289	0.07365	0.01041	0.00273	0.04955	0.12030	0.00556	0.00529
21	0.01778	0.21774	0.21172	0.04216	0.06889	0.09577	0.06460	0.04200	0.03503	0.12844	0.01303	0.01422	0.00972	0.00615	0.00560	0.00177	0.00794	0.00485	0.00375	0.00886
22	0.01285	0.08325	0.67705	0.01754	0.02639	0.01521	0.04437	0.01967	0.01317	0.01939	0.01105	0.01305	0.00795	0.00586	0.00583	0.00193	0.00908	0.00460	0.00265	0.00910
23	0.00776	0.00624	0.00692	0.00694	0.00871	0.00540	0.00513	0.00964	0.01486	0.01883	0.23333	0.12790	0.49573	0.01537	0.00742	0.00211	0.00315	0.01312	0.00606	0.00540
24	0.07182	0.12429	0.51499	0.01606	0.02385	0.01566	0.04828	0.02051	0.04859	0.04350	0.01188	0.01345	0.00868	0.00599	0.00562	0.00190	0.00829	0.00464	0.00309	0.00892
25	0.01292	0.01107	0.01292	0.00923	0.01477	0.00831	0.00738	0.01569	0.01292	0.02030	0.01107	0.01292	0.00923	0.00461	0.00461	0.00092	0.00461	0.00369	0.00369	0.81912
26	0.01001	0.00819	0.01262	0.06105	0.07344	0.00916	0.03101	0.01322	0.04115	0.01611	0.04111	0.02488	0.04086	0.03576	0.54310	0.00774	0.01381	0.00692	0.00360	0.00627
27	0.00886	0.00637	0.00865	0.00997	0.01098	0.00616	0.00789	0.01093	0.01343	0.01764	0.06001	0.37019	0.06313	0.01799	0.00824	0.00267	0.00464	0.36101	0.00580	0.00544
28	0.01576	0.01521	0.04733	0.13623	0.51625	0.01521	0.03850	0.10069	0.01569	0.02191	0.01202	0.01550	0.00966	0.00587	0.00621	0.00190	0.00761	0.00558	0.00339	0.00948
29	0.01239	0.01235	0.03543	0.67814	0.06257	0.03794	0.01708	0.01694	0.03559	0.01645	0.01151	0.01653	0.00868	0.00628	0.00620	0.00205	0.00829	0.00551	0.00290	0.00717
30	0.00838	0.00599	0.00813	0.00958	0.01028	0.00574	0.00715	0.01004	0.01271	0.01679	0.03391	0.54954	0.03949	0.01878	0.00816	0.00264	0.00430	0.23737	0.00577	0.00528
31	0.01207	0.01148	0.01925	0.60149	0.08004	0.01405	0.04072	0.01586	0.01236	0.01624	0.01189	0.04805	0.00980	0.00711	0.00756	0.00214	0.07380	0.00610	0.00292	0.00706
32	0.00890	0.00668	0.01001	0.01001	0.01113	0.00779	0.00779	0.01113	0.01001	0.01446	0.01669	0.02448	0.01558	0.04673	0.75634	0.01001	0.01669	0.00668	0.00334	0.00556
33	0.01271	0.03075	0.68070	0.01857	0.02750	0.01459	0.08959	0.01975	0.01330	0.01975	0.01132	0.01350	0.00804	0.00586	0.00606	0.00199	0.00933	0.00487	0.00268	0.00913
34	0.00945	0.00764	0.03022	0.04992	0.01164	0.00761	0.03211	0.01079	0.00987	0.01356	0.01773	0.03256	0.01870	0.45173	0.26348	0.00686	0.00986	0.00791	0.00352	0.00484
35	0.01876	0.58525	0.02875	0.01140	0.01663	0.02260	0.01079	0.15575	0.01623	0.06733	0.01093	0.01169	0.00899	0.00590	0.00458	0.00148	0.00661	0.00397	0.00369	0.00867
36	0.01363	0.01363	0.01908	0.01636	0.01636	0.01908	0.01363	0.01499	0.00954	0.01499	0.00818	0.01363	0.00818	0.01091	0.02045	0.00273	0.76963	0.00545	0.00273	0.00682
37	0.01082	0.00541	0.00812	0.00812	0.00812	0.00541	0.00541	0.00812	0.00812	0.01082	0.01082	0.01894	0.01082	0.02165	0.02435	0.81872	0.00541	0.00541	0.00271	0.00271
38	0.01666	0.78478	0.03265	0.01066	0.01599	0.02465	0.01066	0.01866	0.01266	0.01466	0.00866	0.00999	0.00800	0.00533	0.00400	0.00133	0.00666	0.00333	0.00267	0.00800
39	0.01888	0.46445	0.06584	0.01304	0.01780	0.29493	0.01184	0.02102	0.01454	0.01515	0.00916	0.01063	0.00800	0.00577	0.00470	0.00147	0.00849	0.00365	0.00287	0.00778
40	0.02730	0.01048	0.01430	0.01110	0.01580	0.00909	0.00919	0.02973	0.01771	0.72000	0.02489	0.02299	0.01617	0.00806	0.00635	0.00196	0.00532	0.03151	0.00764	0.01043
41	0.00736	0.00631	0.00631	0.00631	0.00842	0.00526	0.00473	0.00894	0.01420	0.01683	0.06312	0.05996	0.73964	0.01578	0.00736	0.00210	0.00316	0.01315	0.00579	0.00526
42	0.01404	0.01715	0.11921	0.01688	0.01853	0.05821	0.03965	0.01635	0.01066	0.01583	0.00882	0.01355	0.00818	0.00978	0.01720	0.00254	0.59813	0.00533	0.00275	0.00722
43	0.77399	0.01264	0.00961	0.00856	0.01242	0.04056	0.00701	0.01889	0.01106	0.04750	0.00915	0.01047	0.00704	0.00586	0.00399	0.00192	0.00506	0.00348	0.00394	0.00687
44	0.00896	0.00646	0.00892	0.00892	0.00966	0.00720	0.00643	0.01043	0.00969	0.01366	0.01769	0.03001	0.01798	0.29588	0.51048	0.00867	0.01308	0.00748	0.00349	0.00496
45	0.01189	0.01120	0.01892	0.74054	0.06743	0.01388	0.01737	0.01603	0.01252	0.01607	0.01110	0.01657	0.00836	0.00621	0.00623	0.00207	0.00827	0.00554	0.00278	0.00702
46	0.01250	0.03223	0.74875	0.01776	0.02697	0.01447	0.02302	0.01973	0.01315	0.01973	0.01118	0.01315	0.00789	0.00592	0.00592	0.00197	0.00921	0.00460	0.00263	0.00921
47	0.01518	0.01302	0.01373	0.01239	0.01574	0.01503	0.00956	0.03192	0.69524	0.02537	0.02508	0.02411	0.01920	0.04663	0.00759	0.00231	0.00499	0.00714	0.00621	0.00956
48	0.01250	0.03223	0.74875	0.01776	0.02697	0.01447	0.02302	0.01973	0.01315	0.01973	0.01118	0.01315	0.00789	0.00592	0.00592	0.00197	0.00921	0.00460	0.00263	0.00921
49	0.01234	0.01098	0.01764	0.53801	0.10772	0.01295	0.01532	0.05008	0.01333	0.01743	0.03662	0.01975	0.03416	0.03575	0.00819	0.04585	0.00757	0.00609	0.00323	0.00698
50	0.04270	0.06019	0.05272	0.05881	0.22264	0.01189	0.01213	0.08441	0.01461	0.05004	0.02066	0.29988	0.02148	0.01110	0.00662	0.00210	0.00584	0.00987	0.00456	0.00775
51	0.01765	0.03949	0.04928	0.02551	0.29974	0.13229	0.10526	0.10303	0.01607	0.04340	0.01176	0.01462	0.00946	0.00658	0.00786	0.00194	0.09811	0.00546	0.00356	0.00894
52	0.01076	0.00543	0.00807	0.00807	0.00807	0.00543	0.00535	0.00815	0.00815	0.01087	0.01113	0.01971	0.01124	0.04835	0.02461	0.79015	0.00543	0.00554	0.00274	0.00274
53	0.01890	0.02080	0.01588	0.03885	0.04309	0.40183	0.01104	0.10233	0.06321	0.01859	0.01320	0.01692	0.01132	0.06665	0.12700	0.00334	0.01060	0.00527	0.00380	0.00737
54	0.01508	0.05728	0.27735	0.01517	0.06745	0.03913	0.03221	0.03423	0.01407	0.08369	0.01229	0.01383	0.00927	0.00559	0.00543	0.00154	0.00702	0.00449	0.00360	0.30129
55	0.01631	0.16268	0.11829	0.05444	0.07664	0.06014	0.13947	0.03502	0.01421	0.10403	0.01407	0.07084	0.01184	0.00725	0.00697	0.00190	0.05979	0.00615	0.00376	0.03619
56	0.02293	0.02809	0.01735	0.01561	0.01888	0.68135	0.01178	0.07240	0.01831	0.01715	0.01034	0.01188	0.00846	0.00652	0.00562	0.00162	0.01067	0.00418	0.02947	0.00741
57	0.01567	0.01322	0.03964	0.18532	0.03864	0.01411	0.03690	0.17210	0.21057	0.04736	0.06034	0.02308	0.03737	0.00814	0.00637	0.00202	0.00627	0.02904	0.04523	0.00860
58	0.04375	0.03152	0.18312	0.04816	0.26108	0.01330	0.05330	0.04292	0.01524	0.17938	0.05590	0.01778	0.01324	0.00659	0.00615	0.00192	0.00717	0.00581	0.00432	0.00936
59	0.00774	0.00644	0.00678	0.00671	0.00872	0.00555	0.00503	0.00983	0.02922	0.01818	0.15940	0.07276	0.61149	0.01527	0.00735	0.00209	0.00317	0.01285	0.00595	0.00544
60	0.00759	0.00587	0.00678	0.00746	0.00859	0.00522	0.00516	0.00882	0.01276	0.01606	0.04644	0.39705	0.35897	0.07196	0.00937	0.00259	0.00358	0.01501	0.00564	0.00506
61	0.01810	0.22423	0.15450	0.04165	0.09881	0.21739	0.05269	0.06585	0.01559	0.04088	0.01089	0.01272	0.00867	0.00599	0.00548	0.00169	0.00866	0.00451	0.00326	0.00844
62	0.01216	0.01148	0.01940	0.68766	0.11823	0.01395	0.01750	0.01626	0.01264	0.01640	0.01114	0.01648	0.00847	0.00616	0.00622	0.00205	0.00821	0.00554	0.00280	0.00724
63	0.00864	0.00634	0.00811	0.00786	0.00934	0.00582	0.00592	0.01132	0.01680	0.02329	0.59369	0.08859	0.13505	0.01364	0.00744	0.00205	0.00312	0.04061	0.00663	0.00576
64	0.01183	0.01113	0.01874	0.59105	0.10800	0.01318	0.03800	0.01575	0.01283	0.01668	0.02964	0.01972	0.04936	0.00803	0.02929	0.00230	0.00815	0.00616	0.00308	0.00710
65	0.01650	0.05878	0.21440	0.09346	0.11932	0.06151	0.10692	0.04742	0.01499	0.12322	0.02919	0.01768	0.01153	0.00677	0.00664	0.00197	0.03001	0.02704	0.00386	0.00878

[dist]
# distance from previous block
# <min> <max>
6	8

[block]
# block no. 2 follows, 36 sequences, length 23
# corresponding to MSA columns:
# 171-193
name=unknown_C
#
# <colnr> <probs for GDERKNQSTAVLIFYWHMCP>
#	G	D	E	R	K	N	Q	S	T	A	V	L	I	F	Y	W	H	M	C	P
0	0.01247	0.01213	0.02219	0.01701	0.02100	0.01167	0.33678	0.01669	0.05145	0.03650	0.04313	0.10365	0.14602	0.01060	0.03063	0.00234	0.04615	0.00919	0.02731	0.04308
1	0.00813	0.00587	0.00781	0.00917	0.00987	0.00555	0.00668	0.00965	0.01261	0.01658	0.03572	0.57583	0.08080	0.01878	0.00807	0.00258	0.00407	0.17126	0.00577	0.00522
2	0.09570	0.03783	0.01604	0.06730	0.09728	0.01257	0.01026	0.14888	0.01586	0.02413	0.01156	0.01347	0.00920	0.00551	0.00511	0.00140	0.00569	0.00434	0.00402	0.41384
3	0.01092	0.00900	0.01293	0.04670	0.01409	0.01077	0.03025	0.01312	0.03420	0.03779	0.01974	0.23627	0.02092	0.07105	0.19300	0.00455	0.21490	0.00961	0.00410	0.00608
4	0.00976	0.00687	0.00858	0.00799	0.00979	0.00638	0.00604	0.01316	0.05014	0.05570	0.57774	0.04627	0.15240	0.01275	0.00726	0.00199	0.00317	0.01112	0.00672	0.00618
5	0.01363	0.01363	0.01908	0.01636	0.01636	0.01908	0.01363	0.01499	0.00954	0.01499	0.00818	0.01363	0.00818	0.01091	0.02045	0.00273	0.76963	0.00545	0.00273	0.00682
6	0.00813	0.00634	0.00737	0.00711	0.00888	0.00558	0.00534	0.01042	0.01601	0.02111	0.41806	0.05291	0.38202	0.01418	0.00736	0.00203	0.00304	0.01216	0.00635	0.00558
7	0.00759	0.00542	0.00723	0.00868	0.00904	0.00506	0.00578	0.00868	0.01193	0.01591	0.03434	0.77697	0.04121	0.01952	0.00795	0.00253	0.00361	0.01771	0.00578	0.00506
8	0.01666	0.78478	0.03265	0.01066	0.01599	0.02465	0.01066	0.01866	0.01266	0.01466	0.00866	0.00999	0.00800	0.00533	0.00400	0.00133	0.00666	0.00333	0.00267	0.00800
9	0.00759	0.00542	0.00723	0.00868	0.00904	0.00506	0.00578	0.00868	0.01193	0.01591	0.03434	0.77697	0.04121	0.01952	0.00795	0.00253	0.00361	0.01771	0.00578	0.00506
10	0.02479	0.16469	0.01830	0.01128	0.01614	0.01318	0.00965	0.06928	0.05577	0.52063	0.02089	0.01872	0.01386	0.00727	0.00582	0.00182	0.00564	0.00569	0.00655	0.01005
11	0.01858	0.01803	0.23619	0.03819	0.08061	0.01210	0.03680	0.04554	0.01526	0.27068	0.01589	0.01638	0.01101	0.00652	0.00641	0.00182	0.03196	0.00530	0.00472	0.12803
12	0.01817	0.19744	0.20880	0.01883	0.15982	0.14770	0.01548	0.02182	0.01472	0.12325	0.01238	0.01370	0.00941	0.00606	0.00552	0.00173	0.00807	0.00463	0.00357	0.00891
13	0.82504	0.01205	0.00916	0.00819	0.01205	0.01398	0.00675	0.01832	0.01060	0.02795	0.00868	0.01012	0.00675	0.00578	0.00386	0.00193	0.00482	0.00337	0.00386	0.00675
14	0.00998	0.00747	0.01079	0.02964	0.03057	0.00804	0.02558	0.01149	0.01244	0.01753	0.26042	0.03188	0.02941	0.12859	0.16921	0.12684	0.07216	0.00824	0.00442	0.00532
15	0.00736	0.00631	0.00631	0.00631	0.00842	0.00526	0.00473	0.00894	0.01420	0.01683	0.06312	0.05996	0.73964	0.01578	0.00736	0.00210	0.00316	0.01315	0.00579	0.00526
16	0.01460	0.01388	0.02357	0.10217	0.63347	0.01411	0.01813	0.01818	0.01389	0.01968	0.01307	0.06281	0.01167	0.00648	0.00628	0.00191	0.00725	0.00631	0.00322	0.00930
17	0.01292	0.01107	0.01292	0.00923	0.01477	0.00831	0.00738	0.01569	0.01292	0.02030	0.01107	0.01292	0.00923	0.00461	0.00461	0.00092	0.00461	0.00369	0.00369	0.81912
18	0.01363	0.01363	0.01908	0.01636	0.01636	0.01908	0.01363	0.01499	0.00954	0.01499	0.00818	0.01363	0.00818	0.01091	0.02045	0.00273	0.76963	0.00545	0.00273	0.00682
19	0.00849	0.00664	0.00772	0.00740	0.00922	0.00602	0.00557	0.01147	0.04622	0.02161	0.42494	0.05120	0.34316	0.01384	0.00731	0.00203	0.00311	0.01188	0.00639	0.00579
20	0.01666	0.78478	0.03265	0.01066	0.01599	0.02465	0.01066	0.01866	0.01266	0.01466	0.00866	0.00999	0.00800	0.00533	0.00400	0.00133	0.00666	0.00333	0.00267	0.00800
21	0.02479	0.01567	0.01760	0.01349	0.01843	0.01668	0.01115	0.54192	0.02632	0.22294	0.01746	0.01658	0.01185	0.00754	0.00624	0.00188	0.00645	0.00578	0.00662	0.01060
22	0.01091	0.04074	0.01048	0.00887	0.01112	0.00872	0.00687	0.01673	0.16848	0.04415	0.44535	0.04114	0.13863	0.01178	0.00696	0.00198	0.00362	0.01015	0.00645	0.00686

[dist]
# distance from previous block
# <min> <max>
0	9

[block]
# block no. 3 follows, 36 sequences, length 23
# corresponding to MSA columns:
# 203-225
name=unknown_D
#
# <colnr> <probs for GDERKNQSTAVLIFYWHMCP>
#	G	D	E	R	K	N	Q	S	T	A	V	L	I	F	Y	W	H	M	C	P
0	0.01199	0.01151	0.02008	0.70918	0.04212	0.01399	0.07130	0.01623	0.01263	0.01623	0.01119	0.01663	0.00839	0.00615	0.00632	0.00208	0.00847	0.00568	0.00280	0.00704
1	0.00902	0.00620	0.00758	0.00758	0.00785	0.00647	0.00475	0.00956	0.00929	0.01266	0.01891	0.03680	0.02093	0.60186	0.20853	0.00701	0.00864	0.00848	0.00367	0.00421
2	0.01161	0.00581	0.00581	0.00581	0.00726	0.00581	0.00436	0.01452	0.01307	0.02323	0.02033	0.02323	0.01597	0.00726	0.00436	0.00145	0.00290	0.00581	0.81562	0.00581
3	0.82504	0.01205	0.00916	0.00819	0.01205	0.01398	0.00675	0.01832	0.01060	0.02795	0.00868	0.01012	0.00675	0.00578	0.00386	0.00193	0.00482	0.00337	0.00386	0.00675
4	0.05561	0.29642	0.09377	0.03884	0.01867	0.20817	0.01217	0.02259	0.10376	0.05709	0.01218	0.01321	0.00973	0.00639	0.00552	0.00169	0.02805	0.00439	0.00359	0.00817
5	0.01195	0.00997	0.01087	0.01001	0.01267	0.01070	0.00769	0.02216	0.38420	0.02383	0.22962	0.03736	0.18123	0.01117	0.00683	0.00207	0.00401	0.00949	0.00637	0.00780
6	0.00736	0.00631	0.00631	0.00631	0.00842	0.00526	0.00473	0.00894	0.01420	0.01683	0.06312	0.05996	0.73964	0.01578	0.00736	0.00210	0.00316	0.01315	0.00579	0.00526
7	0.02746	0.01140	0.01495	0.01146	0.01630	0.01034	0.00947	0.11082	0.01917	0.66414	0.02346	0.02048	0.01486	0.00768	0.00626	0.00192	0.00548	0.00619	0.00754	0.01060
8	0.78354	0.01212	0.00941	0.00842	0.01226	0.01406	0.00691	0.01907	0.04753	0.02786	0.00953	0.01079	0.00738	0.00592	0.00398	0.00194	0.00483	0.00356	0.00398	0.00691
9	0.00768	0.00584	0.00707	0.00779	0.00887	0.00523	0.00545	0.00917	0.01342	0.01740	0.13616	0.44588	0.27273	0.01740	0.00768	0.00232	0.00338	0.01537	0.00593	0.00523
10	0.02149	0.01589	0.01633	0.01287	0.01714	0.04924	0.01050	0.56322	0.02585	0.03532	0.01569	0.01629	0.01145	0.00739	0.00587	0.00178	0.00634	0.00558	0.15219	0.00958
11	0.00759	0.00542	0.00723	0.00868	0.00904	0.00506	0.00578	0.00868	0.01193	0.01591	0.03434	0.77697	0.04121	0.01952	0.00795	0.00253	0.00361	0.01771	0.00578	0.00506
12	0.00900	0.00573	0.00751	0.00859	0.00927	0.00534	0.00586	0.01030	0.01234	0.05609	0.03273	0.67803	0.03787	0.01794	0.00758	0.00241	0.00365	0.01618	0.06816	0.00542
13	0.02124	0.01624	0.01732	0.01384	0.01839	0.01818	0.01125	0.51610	0.23856	0.03533	0.01806	0.01743	0.01311	0.00777	0.00626	0.00194	0.00628	0.00604	0.00626	0.01038
14	0.01794	0.59397	0.05990	0.01172	0.01714	0.02312	0.01143	0.16444	0.01613	0.01998	0.01007	0.01116	0.00853	0.00580	0.00454	0.00147	0.00681	0.00386	0.00340	0.00859
15	0.02284	0.01417	0.01582	0.01233	0.01675	0.01502	0.01012	0.46062	0.02430	0.19557	0.01792	0.01760	0.01248	0.00750	0.00596	0.00182	0.00592	0.00579	0.12759	0.00988
16	0.00859	0.00636	0.00802	0.00760	0.00917	0.00578	0.00570	0.01132	0.01710	0.02372	0.63413	0.04862	0.16433	0.01321	0.00735	0.00198	0.00297	0.01156	0.00669	0.00578
17	0.01004	0.00717	0.01004	0.01147	0.01291	0.00717	0.01004	0.01291	0.01434	0.01865	0.03299	0.07028	0.03586	0.01721	0.00861	0.00287	0.00574	0.70023	0.00574	0.00574
18	0.01208	0.01139	0.01925	0.70434	0.10221	0.01392	0.01746	0.01619	0.01261	0.01630	0.01113	0.01651	0.00844	0.00617	0.00622	0.00206	0.00823	0.00554	0.00280	0.00717
19	0.00766	0.00545	0.00721	0.00859	0.00894	0.00511	0.00569	0.00869	0.01180	0.01573	0.03367	0.74349	0.04037	0.05414	0.00903	0.00269	0.00373	0.01732	0.00569	0.00500
20	0.01151	0.01114	0.06980	0.03339	0.03428	0.00978	0.07861	0.01764	0.14955	0.04141	0.34892	0.03584	0.11133	0.01051	0.00696	0.00202	0.00489	0.00935	0.00577	0.00731
21	0.01281	0.01189	0.01828	0.12872	0.08522	0.01450	0.06203	0.03914	0.01230	0.01736	0.01488	0.04596	0.01451	0.01328	0.07070	0.00306	0.30623	0.11857	0.00353	0.00702
22	0.01528	0.09809	0.19948	0.01363	0.01870	0.04608	0.06692	0.06505	0.10997	0.08956	0.15102	0.02284	0.03800	0.00797	0.00618	0.00189	0.00657	0.00668	0.02766	0.00842

[dist]
# distance from previous block
# <min> <max>
1	46

[block]
# block no. 4 follows, 36 sequences, length 17
# corresponding to MSA columns:
# 275-291
name=unknown_E
#
# <colnr> <probs for GDERKNQSTAVLIFYWHMCP>
#	G	D	E	R	K	N	Q	S	T	A	V	L	I	F	Y	W	H	M	C	P
0	0.01027	0.00807	0.01165	0.02992	0.07050	0.00826	0.04892	0.03426	0.01260	0.01750	0.02656	0.21402	0.10291	0.10364	0.13647	0.00394	0.02766	0.04219	0.08469	0.00598
1	0.01379	0.01014	0.01463	0.05743	0.03579	0.01073	0.07320	0.10819	0.05111	0.07958	0.10669	0.02592	0.06244	0.03711	0.18890	0.07672	0.02852	0.00734	0.00468	0.00706
2	0.01683	0.06302	0.07169	0.01096	0.03841	0.00951	0.00901	0.03890	0.01558	0.26484	0.14104	0.11661	0.04014	0.04861	0.00758	0.00213	0.00499	0.00834	0.08387	0.00792
3	0.01647	0.56416	0.02871	0.01402	0.08897	0.06694	0.01156	0.01860	0.01288	0.01567	0.00951	0.01150	0.00855	0.00596	0.00567	0.00152	0.06884	0.00388	0.03866	0.00794
4	0.01134	0.00688	0.00838	0.00777	0.00955	0.00621	0.00565	0.01316	0.01477	0.12888	0.28043	0.07990	0.21403	0.17109	0.01223	0.00286	0.00402	0.01084	0.00603	0.00597
5	0.00836	0.00624	0.00866	0.01041	0.04616	0.00617	0.00673	0.00950	0.01173	0.01582	0.03075	0.64952	0.03642	0.04123	0.03153	0.02242	0.03194	0.01579	0.00533	0.00529
6	0.00764	0.00550	0.00724	0.00854	0.00902	0.00511	0.00575	0.00883	0.01229	0.01636	0.06809	0.71397	0.07049	0.01905	0.00790	0.00249	0.00356	0.01723	0.00583	0.00511
7	0.01474	0.01562	0.10793	0.03700	0.22201	0.01255	0.08737	0.05125	0.04027	0.04149	0.01250	0.01483	0.00984	0.00549	0.00571	0.00157	0.00677	0.00502	0.00364	0.30439
8	0.01237	0.01209	0.02131	0.60578	0.06454	0.01439	0.10933	0.01651	0.01267	0.01656	0.01115	0.01644	0.00850	0.00631	0.00709	0.00210	0.04704	0.00577	0.00283	0.00721
9	0.01171	0.01084	0.01816	0.65454	0.07500	0.01327	0.01653	0.01567	0.01245	0.01614	0.01223	0.01891	0.00980	0.00919	0.05479	0.00261	0.00871	0.02958	0.00292	0.00694
10	0.02362	0.01621	0.01768	0.01361	0.01843	0.01764	0.01123	0.61628	0.02735	0.11463	0.01623	0.01599	0.01135	0.00749	0.00615	0.00186	0.00652	0.00569	0.04165	0.01039
11	0.00781	0.00558	0.00749	0.00893	0.00939	0.00525	0.00617	0.00906	0.01215	0.01616	0.03422	0.71243	0.04072	0.01931	0.00801	0.00256	0.00381	0.08004	0.00578	0.00512
12	0.00890	0.00668	0.01001	0.01001	0.01113	0.00779	0.00779	0.01113	0.01001	0.01446	0.01669	0.02448	0.01558	0.04673	0.75634	0.01001	0.01669	0.00668	0.00334	0.00556
13	0.00765	0.00632	0.00671	0.00662	0.00859	0.00538	0.00496	0.00950	0.01488	0.01845	0.19754	0.05729	0.60421	0.01517	0.00736	0.00208	0.00311	0.01278	0.00600	0.00538
14	0.01004	0.00717	0.01004	0.01147	0.01291	0.00717	0.01004	0.01291	0.01434	0.01865	0.03299	0.07028	0.03586	0.01721	0.00861	0.00287	0.00574	0.70023	0.00574	0.00574
15	0.01754	0.01468	0.02030	0.23323	0.22909	0.01629	0.01532	0.28679	0.05893	0.02663	0.01352	0.01601	0.01021	0.00664	0.00622	0.00194	0.00731	0.00565	0.00438	0.00931
16	0.40881	0.23650	0.01824	0.01135	0.03495	0.07612	0.00947	0.01856	0.01173	0.02135	0.00877	0.01074	0.00747	0.00631	0.00609	0.00182	0.09744	0.00372	0.00330	0.00724

[dist]
# distance from previous block
# <min> <max>
0	55

[block]
# block no. 5 follows, 36 sequences, length 37
# corresponding to MSA columns:
# 347-383
name=unknown_F
#
# <colnr> <probs for GDERKNQSTAVLIFYWHMCP>
#	G	D	E	R	K	N	Q	S	T	A	V	L	I	F	Y	W	H	M	C	P
0	0.01461	0.01065	0.01210	0.01049	0.01344	0.01120	0.00816	0.14480	0.21417	0.07143	0.22928	0.05294	0.06281	0.04002	0.02526	0.00230	0.00486	0.00847	0.02527	0.03771
1	0.02547	0.01029	0.01384	0.01079	0.01520	0.00907	0.00884	0.04940	0.01816	0.63608	0.11198	0.02412	0.02060	0.00832	0.00640	0.00193	0.00506	0.00686	0.00756	0.01002
2	0.01177	0.01107	0.01869	0.76606	0.04291	0.01384	0.01730	0.01592	0.01246	0.01592	0.01107	0.01661	0.00831	0.00623	0.00623	0.00208	0.00831	0.00554	0.00277	0.00692
3	0.00955	0.00770	0.01225	0.01131	0.01271	0.00871	0.06468	0.01182	0.01030	0.01475	0.01627	0.02468	0.01534	0.09694	0.61519	0.00882	0.04309	0.00686	0.00333	0.00570
4	0.01684	0.22308	0.16139	0.01983	0.18825	0.16679	0.01527	0.05178	0.01468	0.01819	0.01065	0.01302	0.00885	0.00764	0.03620	0.00204	0.02943	0.00452	0.00306	0.00849
5	0.00900	0.00628	0.00800	0.00800	0.00842	0.00670	0.00528	0.00984	0.00942	0.01298	0.01853	0.03466	0.02000	0.50539	0.30372	0.00753	0.01004	0.00817	0.00361	0.00445
6	0.01790	0.01701	0.01591	0.01492	0.05736	0.15564	0.01101	0.10988	0.47597	0.02522	0.02044	0.01959	0.01547	0.00780	0.00618	0.00197	0.00648	0.00622	0.00556	0.00945
7	0.01363	0.01363	0.01908	0.01636	0.01636	0.01908	0.01363	0.01499	0.00954	0.01499	0.00818	0.01363	0.00818	0.01091	0.02045	0.00273	0.76963	0.00545	0.00273	0.00682
8	0.01576	0.02766	0.59353	0.01635	0.02463	0.01335	0.02009	0.02198	0.01414	0.17336	0.01401	0.01486	0.00948	0.00630	0.00599	0.00196	0.00838	0.00496	0.00370	0.00950
9	0.00783	0.00627	0.00700	0.00694	0.00873	0.00544	0.00516	0.00980	0.01512	0.01931	0.27197	0.10272	0.48159	0.01508	0.00740	0.00209	0.00312	0.01286	0.00612	0.00544
10	0.00759	0.00542	0.00723	0.00868	0.00904	0.00506	0.00578	0.00868	0.01193	0.01591	0.03434	0.77697	0.04121	0.01952	0.00795	0.00253	0.00361	0.01771	0.00578	0.00506
11	0.29878	0.04077	0.01629	0.01681	0.18852	0.01410	0.01093	0.12095	0.01534	0.10940	0.01243	0.01369	0.00939	0.00604	0.00512	0.00176	0.00583	0.00459	0.00440	0.10488
12	0.18001	0.03690	0.01720	0.03838	0.12197	0.32202	0.01178	0.10115	0.01657	0.03964	0.01082	0.01251	0.00859	0.00619	0.00536	0.00171	0.00822	0.00436	0.00378	0.05285
13	0.03715	0.09048	0.45370	0.01914	0.10981	0.03706	0.05312	0.04133	0.01418	0.07009	0.01202	0.01380	0.00878	0.00597	0.00582	0.00189	0.00844	0.00484	0.00322	0.00916
14	0.01409	0.06205	0.28234	0.08418	0.02207	0.09337	0.01576	0.05025	0.03690	0.01895	0.03389	0.01861	0.03877	0.00890	0.02747	0.00225	0.12807	0.02687	0.02732	0.00789
15	0.02368	0.01745	0.01870	0.01434	0.01932	0.01932	0.01184	0.72139	0.02929	0.03927	0.01496	0.01496	0.01060	0.00748	0.00623	0.00187	0.00686	0.00561	0.00623	0.01060
16	0.01131	0.00988	0.01370	0.03812	0.09485	0.03153	0.06223	0.03110	0.05959	0.01892	0.13208	0.05703	0.13274	0.10738	0.09643	0.00350	0.03049	0.05784	0.00470	0.00656
17	0.00930	0.00599	0.00718	0.00718	0.00725	0.00606	0.00426	0.00905	0.00899	0.01205	0.01820	0.03666	0.02053	0.62766	0.07565	0.12164	0.00661	0.00839	0.00360	0.00373
18	0.03323	0.05829	0.07169	0.21179	0.29221	0.05590	0.10174	0.01820	0.01369	0.01853	0.01262	0.04477	0.01080	0.00655	0.00623	0.00195	0.00805	0.02230	0.00315	0.00831
19	0.56374	0.06265	0.06567	0.01080	0.01491	0.09707	0.02690	0.01902	0.01173	0.02423	0.00903	0.01082	0.00719	0.00611	0.00522	0.00191	0.04861	0.00374	0.00354	0.00710
20	0.03367	0.04159	0.14115	0.11984	0.12662	0.08546	0.24860	0.04128	0.01487	0.06881	0.01246	0.01538	0.00931	0.00588	0.00637	0.00195	0.00896	0.00579	0.00342	0.00859
21	0.01327	0.01253	0.03997	0.09669	0.24537	0.01234	0.02991	0.01632	0.01328	0.03698	0.06065	0.05602	0.05449	0.00794	0.00815	0.00188	0.11492	0.00656	0.00374	0.16898
22	0.00813	0.00631	0.00740	0.00720	0.00891	0.00557	0.00537	0.01040	0.01590	0.02104	0.41355	0.08229	0.35683	0.01435	0.00738	0.00205	0.00306	0.01236	0.00634	0.00557
23	0.01296	0.08621	0.07653	0.01253	0.06736	0.01097	0.02897	0.01628	0.04020	0.05171	0.04101	0.05523	0.09585	0.05676	0.02536	0.00206	0.02765	0.00656	0.00412	0.28168
24	0.01393	0.01329	0.02260	0.33433	0.45770	0.01441	0.01838	0.01782	0.01348	0.01855	0.01146	0.01591	0.00923	0.00583	0.00619	0.00194	0.00777	0.00555	0.00296	0.00867
25	0.17038	0.17007	0.01861	0.08626	0.07944	0.04777	0.02416	0.05825	0.09668	0.05447	0.05508	0.04465	0.01415	0.02311	0.00643	0.00196	0.03074	0.00570	0.00420	0.00791
26	0.01177	0.01107	0.01869	0.76606	0.04291	0.01384	0.01730	0.01592	0.01246	0.01592	0.01107	0.01661	0.00831	0.00623	0.00623	0.00208	0.00831	0.00554	0.00277	0.00692
27	0.01177	0.01107	0.01869	0.76606	0.04291	0.01384	0.01730	0.01592	0.01246	0.01592	0.01107	0.01661	0.00831	0.00623	0.00623	0.00208	0.00831	0.00554	0.00277	0.00692
28	0.00757	0.00629	0.00661	0.00660	0.00856	0.00534	0.00492	0.00931	0.01458	0.01789	0.15246	0.08374	0.62367	0.01551	0.00738	0.00210	0.00314	0.01306	0.00593	0.00534
29	0.02443	0.01626	0.01796	0.01377	0.01873	0.01755	0.01137	0.60073	0.02729	0.16276	0.01664	0.01605	0.01144	0.00752	0.00624	0.00188	0.00658	0.00572	0.00649	0.01060
30	0.00802	0.00630	0.00724	0.00708	0.00883	0.00553	0.00528	0.01018	0.01564	0.02041	0.36123	0.08107	0.41183	0.01457	0.00738	0.00206	0.00308	0.01249	0.00626	0.00553
31	0.00738	0.00626	0.00636	0.00644	0.00845	0.00525	0.00479	0.00893	0.01408	0.01678	0.06152	0.09982	0.70081	0.01599	0.00740	0.00213	0.00318	0.01340	0.00579	0.00525
32	0.01147	0.00579	0.00586	0.00591	0.00732	0.00578	0.00441	0.01430	0.01302	0.02296	0.02084	0.05080	0.01689	0.00771	0.00449	0.00149	0.00293	0.00624	0.78600	0.00578
33	0.01177	0.01107	0.01869	0.76606	0.04291	0.01384	0.01730	0.01592	0.01246	0.01592	0.01107	0.01661	0.00831	0.00623	0.00623	0.00208	0.00831	0.00554	0.00277	0.00692
34	0.02239	0.02341	0.07111	0.01484	0.01915	0.36401	0.01228	0.27355	0.02130	0.06516	0.01294	0.01378	0.00969	0.00687	0.00584	0.00174	0.00883	0.00483	0.03956	0.00870
35	0.01348	0.09052	0.50448	0.09087	0.06025	0.04335	0.07367	0.01946	0.01338	0.01882	0.01104	0.01353	0.00815	0.00585	0.00590	0.00192	0.00900	0.00482	0.00273	0.00878
36	0.01491	0.01206	0.01393	0.01046	0.01577	0.00927	0.00814	0.01710	0.01445	0.04154	0.05473	0.01762	0.01397	0.00643	0.00563	0.00138	0.00518	0.00482	0.00460	0.72799

[dist]
# distance from previous block
# <min> <max>
0	15

# created by:
# /home/cegg/simao/soft/augustus-3.2.1/scripts/msa2prfl.pl ./align_prep/EOG090W0IIS.fa
