[name]
unknown

[dist]
# distance from previous block
# <min> <max>
0	321

[block]
# block no. 0 follows, 35 sequences, length 80
# corresponding to MSA columns:
# 360-439
name=unknown_A
#
# <colnr> <probs for GDERKNQSTAVLIFYWHMCP>
#	G	D	E	R	K	N	Q	S	T	A	V	L	I	F	Y	W	H	M	C	P
0	0.02344	0.05901	0.01856	0.01613	0.01948	0.72373	0.01220	0.02509	0.01778	0.01550	0.00977	0.01139	0.00817	0.00649	0.00566	0.00162	0.01126	0.00406	0.00325	0.00738
1	0.01267	0.01109	0.01399	0.01072	0.01515	0.00955	0.03169	0.01521	0.01272	0.01954	0.01374	0.10135	0.01306	0.00719	0.00698	0.00137	0.08941	0.00574	0.00388	0.60496
2	0.00773	0.00552	0.00736	0.00883	0.00920	0.00515	0.00589	0.00883	0.01215	0.01619	0.03497	0.77291	0.04196	0.01987	0.00810	0.00258	0.00368	0.01803	0.00589	0.00515
3	0.40316	0.01191	0.01255	0.09378	0.01669	0.01380	0.00922	0.09585	0.03026	0.06188	0.01134	0.01405	0.00894	0.00899	0.00894	0.11628	0.06660	0.00464	0.00408	0.00704
4	0.00810	0.00604	0.00752	0.00840	0.00929	0.00562	0.00579	0.00997	0.03476	0.01757	0.11310	0.53220	0.16570	0.03406	0.00839	0.00250	0.00362	0.01601	0.00598	0.00540
5	0.02412	0.01777	0.01904	0.01460	0.01967	0.01967	0.01206	0.71633	0.02983	0.03998	0.01523	0.01523	0.01079	0.00762	0.00635	0.00190	0.00698	0.00571	0.00635	0.01079
6	0.01102	0.00551	0.00826	0.00826	0.00826	0.00551	0.00551	0.00826	0.00826	0.01102	0.01102	0.01928	0.01102	0.02204	0.02479	0.81543	0.00551	0.00551	0.00275	0.00275
7	0.01421	0.01444	0.01938	0.01664	0.01676	0.04446	0.01382	0.01561	0.01000	0.01528	0.00838	0.01380	0.00832	0.01095	0.02030	0.00274	0.73966	0.00550	0.00279	0.00695
8	0.01696	0.78087	0.03324	0.01085	0.01628	0.02510	0.01085	0.01900	0.01289	0.01493	0.00882	0.01018	0.00814	0.00543	0.00407	0.00136	0.00678	0.00339	0.00271	0.00814
9	0.02164	0.01654	0.01765	0.01410	0.01873	0.01852	0.01146	0.51389	0.23628	0.03599	0.01837	0.01773	0.01333	0.00791	0.00638	0.00198	0.00640	0.00614	0.00638	0.01057
10	0.02388	0.01466	0.01998	0.01536	0.02029	0.09702	0.16232	0.02823	0.07986	0.43882	0.02070	0.01963	0.01384	0.00722	0.00655	0.00198	0.00721	0.00642	0.00619	0.00985
11	0.01050	0.00591	0.00839	0.00869	0.00904	0.00586	0.00618	0.00924	0.00981	0.01290	0.01857	0.05197	0.04806	0.08146	0.02143	0.55309	0.00547	0.12628	0.00360	0.00355
12	0.00817	0.00662	0.00737	0.00765	0.00961	0.00581	0.00606	0.01014	0.01469	0.01802	0.09632	0.06254	0.54478	0.01620	0.00777	0.00230	0.00377	0.16073	0.00594	0.00550
13	0.01647	0.01117	0.01349	0.00981	0.01529	0.00864	0.00791	0.01921	0.01424	0.17674	0.01425	0.01498	0.01076	0.00538	0.00506	0.00116	0.00485	0.00433	0.00464	0.64162
14	0.01216	0.00967	0.01045	0.00973	0.01207	0.02825	0.00752	0.12609	0.09611	0.02275	0.13866	0.09403	0.24064	0.07461	0.00932	0.00251	0.00476	0.08792	0.00595	0.00681
15	0.00772	0.00555	0.00733	0.00876	0.00918	0.00516	0.00586	0.00884	0.01222	0.01622	0.03588	0.75079	0.06349	0.01976	0.00808	0.00256	0.00367	0.01789	0.00589	0.00516
16	0.02327	0.05998	0.01869	0.01577	0.01940	0.59628	0.01211	0.12526	0.03724	0.01932	0.01095	0.01224	0.00883	0.00670	0.00576	0.00167	0.01044	0.00437	0.00377	0.00795
17	0.01465	0.01163	0.01425	0.01045	0.01590	0.00936	0.03360	0.01867	0.06756	0.07891	0.01354	0.01477	0.01066	0.00527	0.00507	0.00116	0.00500	0.00436	0.00427	0.66093
18	0.04998	0.01706	0.02049	0.01591	0.02079	0.07517	0.12785	0.34452	0.12569	0.11191	0.01683	0.01702	0.01205	0.00726	0.00642	0.00197	0.00741	0.00609	0.00568	0.00990
19	0.02255	0.02783	0.01745	0.01585	0.01916	0.64511	0.01194	0.02654	0.12043	0.01712	0.01212	0.01321	0.00979	0.00684	0.00583	0.00171	0.01051	0.00453	0.00373	0.00774
20	0.00833	0.00646	0.00758	0.00730	0.00908	0.00571	0.00547	0.01071	0.01642	0.02179	0.43981	0.05339	0.35645	0.01433	0.00749	0.00206	0.00309	0.01231	0.00650	0.00571
21	0.00987	0.00705	0.00982	0.01128	0.01259	0.00700	0.00961	0.01253	0.01426	0.01859	0.03378	0.17068	0.03728	0.01786	0.00867	0.00287	0.00554	0.59913	0.00585	0.00574
22	0.01683	0.75858	0.05443	0.01107	0.01662	0.02479	0.01123	0.01903	0.01291	0.01508	0.00890	0.01027	0.00814	0.00545	0.00413	0.00138	0.00686	0.00343	0.00271	0.00818
23	0.00906	0.00680	0.01020	0.01020	0.01133	0.00793	0.00793	0.01133	0.01020	0.01473	0.01699	0.02492	0.01586	0.04758	0.75191	0.01020	0.01699	0.00680	0.00340	0.00566
24	0.00923	0.00615	0.00692	0.00692	0.00692	0.00615	0.00384	0.00923	0.00923	0.01230	0.01999	0.04151	0.02306	0.77705	0.03229	0.00615	0.00615	0.00923	0.00384	0.00384
25	0.02108	0.01484	0.01579	0.01245	0.01664	0.01627	0.01017	0.54286	0.02574	0.03594	0.01658	0.01731	0.01214	0.00756	0.00587	0.00180	0.00599	0.00576	0.20562	0.00958
26	0.01291	0.08647	0.47026	0.17860	0.02983	0.01523	0.05750	0.01893	0.01342	0.01901	0.03315	0.01513	0.00979	0.00622	0.00606	0.00199	0.00885	0.00514	0.00287	0.00863
27	0.01323	0.01250	0.02114	0.48363	0.29040	0.01423	0.01797	0.01726	0.01345	0.01807	0.03085	0.01730	0.01040	0.00627	0.00635	0.00203	0.00798	0.00580	0.00304	0.00809
28	0.02387	0.01804	0.01888	0.01460	0.01958	0.04215	0.01201	0.67628	0.04856	0.03886	0.01535	0.01535	0.01094	0.00761	0.00633	0.00190	0.00706	0.00570	0.00625	0.01066
29	0.02370	0.03023	0.01798	0.01634	0.01961	0.75158	0.01226	0.02533	0.01798	0.01553	0.00981	0.01144	0.00817	0.00654	0.00572	0.00163	0.01144	0.00409	0.00327	0.00735
30	0.01403	0.01180	0.01363	0.00981	0.01541	0.00936	0.00788	0.07211	0.01449	0.02222	0.01159	0.01332	0.00951	0.00493	0.00483	0.00102	0.00488	0.00392	0.00397	0.75131
31	0.00923	0.00615	0.00692	0.00692	0.00692	0.00615	0.00384	0.00923	0.00923	0.01230	0.01999	0.04151	0.02306	0.77705	0.03229	0.00615	0.00615	0.00923	0.00384	0.00384
32	0.00911	0.00660	0.00917	0.00917	0.00995	0.00737	0.00666	0.01067	0.00989	0.01397	0.01793	0.03010	0.01811	0.27514	0.52742	0.00893	0.01361	0.00755	0.00354	0.00510
33	0.01696	0.78087	0.03324	0.01085	0.01628	0.02510	0.01085	0.01900	0.01289	0.01493	0.00882	0.01018	0.00814	0.00543	0.00407	0.00136	0.00678	0.00339	0.00271	0.00814
34	0.01275	0.01193	0.01909	0.61808	0.03860	0.01513	0.01683	0.04333	0.01290	0.01699	0.01098	0.01638	0.00853	0.00712	0.00857	0.00221	0.12484	0.00563	0.00295	0.00718
35	0.01506	0.01221	0.01341	0.01230	0.01547	0.01374	0.00967	0.05551	0.52565	0.04536	0.07404	0.06189	0.02444	0.01027	0.00683	0.00223	0.00500	0.08132	0.00643	0.00916
36	0.01235	0.00642	0.00647	0.00628	0.00791	0.00650	0.00476	0.04466	0.01401	0.02435	0.02046	0.02329	0.01603	0.00740	0.00452	0.00150	0.00313	0.00590	0.77795	0.00612
37	0.02370	0.03023	0.01798	0.01634	0.01961	0.75158	0.01226	0.02533	0.01798	0.01553	0.00981	0.01144	0.00817	0.00654	0.00572	0.00163	0.01144	0.00409	0.00327	0.00735
38	0.02370	0.03023	0.01798	0.01634	0.01961	0.75158	0.01226	0.02533	0.01798	0.01553	0.00981	0.01144	0.00817	0.00654	0.00572	0.00163	0.01144	0.00409	0.00327	0.00735
39	0.01334	0.03196	0.71577	0.01782	0.02702	0.01452	0.02289	0.02051	0.01358	0.04820	0.01192	0.01371	0.00833	0.00610	0.00604	0.00201	0.00922	0.00475	0.00288	0.00943
40	0.01099	0.00975	0.01062	0.00984	0.01223	0.05207	0.03572	0.03698	0.13330	0.02077	0.15809	0.12210	0.31536	0.01351	0.00728	0.00215	0.00451	0.03218	0.00591	0.00664
41	0.00848	0.00647	0.00779	0.00746	0.00917	0.00578	0.00560	0.01101	0.01679	0.02267	0.51030	0.05195	0.28542	0.01400	0.00749	0.00204	0.00307	0.01211	0.00662	0.00578
42	0.01489	0.01443	0.02369	0.23763	0.52712	0.03439	0.01877	0.01873	0.01405	0.01934	0.01170	0.01592	0.00956	0.00587	0.00628	0.00194	0.00789	0.00561	0.00306	0.00915
43	0.01022	0.00730	0.01022	0.01168	0.01314	0.00730	0.01022	0.01314	0.01460	0.01899	0.03359	0.07156	0.03651	0.01752	0.00876	0.00292	0.00584	0.69478	0.00584	0.00584
44	0.01497	0.01711	0.03743	0.02674	0.03316	0.01604	0.71444	0.02032	0.01497	0.02032	0.01283	0.01711	0.00963	0.00535	0.00749	0.00214	0.01070	0.00749	0.00321	0.00856
45	0.01198	0.01128	0.01903	0.76180	0.04369	0.01409	0.01762	0.01621	0.01268	0.01621	0.01128	0.01691	0.00846	0.00634	0.00634	0.00211	0.00846	0.00564	0.00282	0.00705
46	0.00905	0.00698	0.01100	0.01096	0.01213	0.00651	0.08775	0.01067	0.01261	0.03354	0.03218	0.66821	0.03762	0.01792	0.00799	0.00251	0.00453	0.01655	0.00563	0.00568
47	0.17108	0.01953	0.01674	0.01373	0.01811	0.19927	0.01102	0.37969	0.03927	0.05315	0.01326	0.01378	0.00977	0.00706	0.00575	0.00186	0.00761	0.00494	0.00519	0.00920
48	0.01074	0.00860	0.01059	0.00941	0.01254	0.00706	0.00719	0.01297	0.01315	0.01909	0.05068	0.28912	0.02599	0.01185	0.00647	0.00179	0.00440	0.08861	0.00488	0.40488
49	0.01519	0.46780	0.33078	0.01388	0.02096	0.02076	0.01612	0.01945	0.01310	0.01709	0.00989	0.01152	0.00810	0.00568	0.00489	0.00163	0.00787	0.00393	0.00270	0.00866
50	0.01586	0.01815	0.03035	0.02281	0.02744	0.12793	0.46353	0.01982	0.01443	0.01859	0.01239	0.04236	0.01032	0.00702	0.00951	0.00219	0.13908	0.00701	0.00324	0.00798
51	0.00773	0.00552	0.00736	0.00883	0.00920	0.00515	0.00589	0.00883	0.01215	0.01619	0.03497	0.77291	0.04196	0.01987	0.00810	0.00258	0.00368	0.01803	0.00589	0.00515
52	0.01745	0.01883	0.02201	0.01950	0.07887	0.21530	0.17361	0.04431	0.17175	0.02036	0.01558	0.01967	0.01287	0.00783	0.00821	0.00209	0.09296	0.04627	0.00413	0.00840
53	0.02332	0.02878	0.01810	0.01625	0.01950	0.67567	0.01231	0.06843	0.01839	0.01706	0.01009	0.01178	0.00834	0.00679	0.00637	0.00170	0.04188	0.00425	0.00344	0.00755
54	0.01022	0.00730	0.01022	0.01168	0.01314	0.00730	0.01022	0.01314	0.01460	0.01899	0.03359	0.07156	0.03651	0.01752	0.00876	0.00292	0.00584	0.69478	0.00584	0.00584
55	0.01317	0.01107	0.01201	0.01104	0.01391	0.01223	0.00848	0.02562	0.47621	0.02486	0.17303	0.06212	0.10801	0.01076	0.00684	0.00214	0.00436	0.00916	0.00648	0.00851
56	0.82186	0.01227	0.00932	0.00834	0.01227	0.01423	0.00687	0.01865	0.01080	0.02846	0.00883	0.01031	0.00687	0.00589	0.00393	0.00196	0.00491	0.00344	0.00393	0.00687
57	0.00910	0.00686	0.00852	0.00916	0.01028	0.00669	0.00647	0.01243	0.09402	0.01851	0.11139	0.49861	0.06459	0.04962	0.00878	0.00256	0.00396	0.04174	0.00592	0.03079
58	0.01272	0.03281	0.74418	0.01808	0.02746	0.01473	0.02344	0.02009	0.01339	0.02009	0.01138	0.01339	0.00804	0.00603	0.00603	0.00201	0.00938	0.00469	0.00268	0.00938
59	0.00907	0.00677	0.01008	0.01008	0.01118	0.00787	0.00779	0.01126	0.01016	0.01464	0.01709	0.02549	0.01611	0.07252	0.72731	0.01006	0.01662	0.00688	0.00341	0.00560
60	0.00888	0.00711	0.00813	0.00758	0.00992	0.00617	0.02730	0.01121	0.03321	0.04483	0.13703	0.05573	0.59050	0.01489	0.00743	0.00212	0.00355	0.01257	0.00602	0.00585
61	0.00792	0.00572	0.00757	0.00885	0.00941	0.00527	0.00595	0.00909	0.01218	0.01635	0.03413	0.74611	0.04081	0.01934	0.00798	0.00252	0.00372	0.01753	0.00581	0.03375
62	0.00772	0.00555	0.00733	0.00875	0.00918	0.00516	0.00585	0.00884	0.01223	0.01623	0.03603	0.74698	0.06720	0.01974	0.00808	0.00256	0.00366	0.01787	0.00589	0.00516
63	0.01388	0.01388	0.01943	0.01666	0.01666	0.01943	0.01388	0.01527	0.00972	0.01527	0.00833	0.01388	0.00833	0.01110	0.02082	0.00278	0.76544	0.00555	0.00278	0.00694
64	0.00898	0.00648	0.00848	0.00798	0.00948	0.00599	0.00599	0.01197	0.01796	0.02544	0.73413	0.04739	0.05986	0.01297	0.00748	0.00200	0.00299	0.01147	0.00698	0.00599
65	0.01691	0.01580	0.03192	0.02476	0.08597	0.01524	0.50647	0.02142	0.01501	0.12440	0.01420	0.01742	0.01045	0.00615	0.00819	0.00214	0.06380	0.00704	0.00384	0.00888
66	0.01352	0.10064	0.66002	0.01724	0.02614	0.01554	0.02192	0.02027	0.01347	0.03857	0.01151	0.01331	0.00825	0.00602	0.00586	0.00195	0.00903	0.00461	0.00282	0.00930
67	0.01315	0.01128	0.01315	0.00940	0.01503	0.00846	0.00752	0.01597	0.01315	0.02067	0.01128	0.01315	0.00940	0.00470	0.00470	0.00094	0.00470	0.00376	0.00376	0.81583
68	0.00750	0.00643	0.00643	0.00643	0.00857	0.00536	0.00482	0.00910	0.01446	0.01714	0.06427	0.06105	0.73490	0.01607	0.00750	0.00214	0.00321	0.01339	0.00589	0.00536
69	0.00773	0.00552	0.00736	0.00883	0.00920	0.00515	0.00589	0.00883	0.01215	0.01619	0.03497	0.77291	0.04196	0.01987	0.00810	0.00258	0.00368	0.01803	0.00589	0.00515
70	0.00906	0.00680	0.01020	0.01020	0.01133	0.00793	0.00793	0.01133	0.01020	0.01473	0.01699	0.02492	0.01586	0.04758	0.75191	0.01020	0.01699	0.00680	0.00340	0.00566
71	0.00898	0.00648	0.00848	0.00798	0.00948	0.00599	0.00599	0.01197	0.01796	0.02544	0.73413	0.04739	0.05986	0.01297	0.00748	0.00200	0.00299	0.01147	0.00698	0.00599
72	0.00759	0.00643	0.00655	0.00652	0.00863	0.00539	0.00489	0.00928	0.01468	0.01765	0.10573	0.06021	0.69312	0.01587	0.00750	0.00213	0.00320	0.01327	0.00596	0.00539
73	0.01198	0.01128	0.01903	0.76180	0.04369	0.01409	0.01762	0.01621	0.01268	0.01621	0.01128	0.01691	0.00846	0.00634	0.00634	0.00211	0.00846	0.00564	0.00282	0.00705
74	0.01570	0.01507	0.02575	0.03894	0.73748	0.01507	0.01947	0.01947	0.01444	0.02073	0.01193	0.01570	0.01005	0.00565	0.00628	0.00188	0.00754	0.00565	0.00314	0.01005
75	0.01497	0.01711	0.03743	0.02674	0.03316	0.01604	0.71444	0.02032	0.01497	0.02032	0.01283	0.01711	0.00963	0.00535	0.00749	0.00214	0.01070	0.00749	0.00321	0.00856
76	0.01439	0.01489	0.02146	0.01781	0.01868	0.04755	0.09502	0.01624	0.01065	0.01586	0.00891	0.01416	0.00847	0.01026	0.01869	0.00266	0.64859	0.00572	0.00285	0.00714
77	0.01198	0.01128	0.01903	0.76180	0.04369	0.01409	0.01762	0.01621	0.01268	0.01621	0.01128	0.01691	0.00846	0.00634	0.00634	0.00211	0.00846	0.00564	0.00282	0.00705
78	0.01338	0.01318	0.01884	0.01618	0.01646	0.01809	0.02969	0.01495	0.00989	0.01533	0.00938	0.01517	0.00918	0.01496	0.10061	0.00357	0.66570	0.00573	0.00285	0.00684
79	0.06520	0.01929	0.01825	0.01450	0.01920	0.13188	0.01177	0.55593	0.04530	0.03527	0.01434	0.01461	0.01041	0.00739	0.00613	0.00187	0.00751	0.00538	0.00575	0.01004

[dist]
# distance from previous block
# <min> <max>
0	2

[block]
# block no. 1 follows, 35 sequences, length 65
# corresponding to MSA columns:
# 442-480,483-508
name=unknown_B
#
# <colnr> <probs for GDERKNQSTAVLIFYWHMCP>
#	G	D	E	R	K	N	Q	S	T	A	V	L	I	F	Y	W	H	M	C	P
0	0.01310	0.01119	0.01303	0.00947	0.01489	0.00862	0.00755	0.01643	0.03721	0.02103	0.03675	0.01469	0.01147	0.00512	0.00485	0.00102	0.00465	0.00414	0.00396	0.76083
1	0.03751	0.01576	0.06740	0.03451	0.02066	0.01597	0.11623	0.13211	0.40709	0.02674	0.02076	0.02178	0.01582	0.00796	0.00657	0.00212	0.00657	0.02931	0.00552	0.00959
2	0.01370	0.04685	0.18702	0.02111	0.02698	0.01505	0.38949	0.01911	0.03796	0.01968	0.02843	0.08903	0.01353	0.00750	0.00787	0.00216	0.05508	0.00768	0.00349	0.00830
3	0.02331	0.01039	0.01355	0.01096	0.01505	0.00958	0.00884	0.02788	0.11328	0.52026	0.12540	0.05066	0.02330	0.00908	0.00660	0.00201	0.00495	0.00759	0.00748	0.00983
4	0.01586	0.01258	0.01352	0.01204	0.01555	0.01407	0.00940	0.04651	0.56588	0.07754	0.05308	0.02773	0.08943	0.00940	0.00658	0.00213	0.00485	0.00783	0.00652	0.00952
5	0.01304	0.01114	0.01303	0.00936	0.01488	0.00839	0.00747	0.01586	0.01329	0.02080	0.03124	0.01410	0.01079	0.00493	0.00478	0.00097	0.00465	0.00397	0.00385	0.79346
6	0.00803	0.00592	0.00756	0.00863	0.00950	0.00546	0.00613	0.00954	0.01322	0.01733	0.09278	0.52675	0.16234	0.01847	0.00801	0.00249	0.00376	0.08279	0.00597	0.00532
7	0.02758	0.01121	0.01486	0.01150	0.01634	0.01007	0.00946	0.05613	0.05899	0.67538	0.02471	0.02148	0.01573	0.00789	0.00638	0.00197	0.00543	0.00640	0.00772	0.01075
8	0.01743	0.72837	0.03218	0.01124	0.01652	0.07591	0.01095	0.01944	0.01325	0.01497	0.00889	0.01026	0.00814	0.00551	0.00419	0.00138	0.00711	0.00344	0.00275	0.00809
9	0.00906	0.00680	0.01020	0.01020	0.01133	0.00793	0.00793	0.01133	0.01020	0.01473	0.01699	0.02492	0.01586	0.04758	0.75191	0.01020	0.01699	0.00680	0.00340	0.00566
10	0.00924	0.00706	0.01054	0.01044	0.01153	0.00836	0.00815	0.01148	0.01018	0.01475	0.01667	0.02451	0.01558	0.04621	0.72447	0.00992	0.04508	0.00675	0.00338	0.00571
11	0.00754	0.00643	0.00648	0.00647	0.00859	0.00537	0.00485	0.00918	0.01456	0.01737	0.08275	0.06068	0.71628	0.01598	0.00750	0.00214	0.00321	0.01334	0.00592	0.00537
12	0.00755	0.00643	0.00650	0.00648	0.00860	0.00538	0.00486	0.00921	0.01458	0.01743	0.08813	0.06057	0.71085	0.01596	0.00750	0.00214	0.00321	0.01332	0.00593	0.00538
13	0.16221	0.01240	0.01404	0.01114	0.01577	0.06207	0.00911	0.02845	0.01690	0.57051	0.02123	0.01897	0.01368	0.00743	0.00592	0.00194	0.00574	0.00572	0.00687	0.00989
14	0.82186	0.01227	0.00932	0.00834	0.01227	0.01423	0.00687	0.01865	0.01080	0.02846	0.00883	0.01031	0.00687	0.00589	0.00393	0.00196	0.00491	0.00344	0.00393	0.00687
15	0.01044	0.00852	0.01052	0.06053	0.03831	0.00866	0.00799	0.01608	0.15299	0.02241	0.31469	0.04456	0.21193	0.01248	0.00725	0.00212	0.00414	0.05343	0.00613	0.00682
16	0.00870	0.00647	0.00810	0.00769	0.00931	0.00587	0.00577	0.01143	0.01730	0.02389	0.60871	0.04995	0.18625	0.01355	0.00749	0.00202	0.00303	0.01183	0.00678	0.00587
17	0.00906	0.00680	0.01020	0.01020	0.01133	0.00793	0.00793	0.01133	0.01020	0.01473	0.01699	0.02492	0.01586	0.04758	0.75191	0.01020	0.01699	0.00680	0.00340	0.00566
18	0.01510	0.01677	0.03546	0.02880	0.15218	0.01588	0.59699	0.02018	0.01488	0.02039	0.01268	0.01687	0.00970	0.00540	0.00728	0.00210	0.01016	0.00718	0.00320	0.00881
19	0.02846	0.01080	0.01472	0.01129	0.01619	0.00932	0.00932	0.03092	0.01816	0.74187	0.02503	0.02159	0.01570	0.00785	0.00638	0.00196	0.00540	0.00638	0.00785	0.01080
20	0.01315	0.01128	0.01315	0.00940	0.01503	0.00846	0.00752	0.01597	0.01315	0.02067	0.01128	0.01315	0.00940	0.00470	0.00470	0.00094	0.00470	0.00376	0.00376	0.81583
21	0.01696	0.78087	0.03324	0.01085	0.01628	0.02510	0.01085	0.01900	0.01289	0.01493	0.00882	0.01018	0.00814	0.00543	0.00407	0.00136	0.00678	0.00339	0.00271	0.00814
22	0.00773	0.00552	0.00736	0.00883	0.00920	0.00515	0.00589	0.00883	0.01215	0.01619	0.03497	0.77291	0.04196	0.01987	0.00810	0.00258	0.00368	0.01803	0.00589	0.00515
23	0.22818	0.01157	0.01324	0.01056	0.01511	0.02988	0.00867	0.02714	0.01620	0.52493	0.02150	0.01945	0.03093	0.00752	0.00577	0.00196	0.00538	0.00575	0.00669	0.00958
24	0.02404	0.01989	0.01886	0.01489	0.01966	0.14437	0.01209	0.59860	0.02781	0.03581	0.01431	0.01459	0.01034	0.00743	0.00624	0.00186	0.00774	0.00543	0.00582	0.01020
25	0.00878	0.00648	0.00820	0.00777	0.00935	0.00590	0.00583	0.01158	0.01748	0.02431	0.64272	0.04925	0.15198	0.01339	0.00748	0.00202	0.00302	0.01173	0.00683	0.00590
26	0.00819	0.00611	0.00735	0.00771	0.00882	0.00556	0.00537	0.00980	0.01397	0.01844	0.22828	0.29224	0.23465	0.11122	0.01078	0.00275	0.00368	0.01391	0.00593	0.00527
27	0.02376	0.02830	0.01814	0.01607	0.01962	0.63817	0.01223	0.13240	0.01981	0.01932	0.01065	0.01203	0.00858	0.00670	0.00582	0.00168	0.01075	0.00434	0.00375	0.00789
28	0.02436	0.01738	0.01880	0.01441	0.01948	0.01909	0.01190	0.67768	0.02917	0.07956	0.01578	0.01559	0.01107	0.00763	0.00635	0.00191	0.00689	0.00575	0.00643	0.01079
29	0.01210	0.01140	0.01925	0.73792	0.06662	0.01413	0.01768	0.01632	0.01274	0.01636	0.01130	0.01687	0.00851	0.00632	0.00634	0.00211	0.00843	0.00564	0.00283	0.00715
30	0.00768	0.00594	0.00700	0.00778	0.00894	0.00527	0.00544	0.00906	0.01334	0.01693	0.07242	0.44473	0.33679	0.01801	0.00782	0.00237	0.00346	0.01583	0.00593	0.00527
31	0.00790	0.00566	0.00746	0.00878	0.00925	0.00529	0.00594	0.00911	0.01239	0.01650	0.05931	0.68222	0.05877	0.04496	0.00890	0.00268	0.00380	0.04008	0.00586	0.00517
32	0.02303	0.01730	0.01752	0.01384	0.01843	0.07693	0.01127	0.53282	0.06473	0.07883	0.01634	0.01636	0.01172	0.00758	0.00617	0.00187	0.00686	0.00571	0.06256	0.01013
33	0.01962	0.01188	0.01369	0.01170	0.01552	0.01255	0.00927	0.03070	0.40969	0.27164	0.04891	0.02375	0.01925	0.00841	0.00632	0.00203	0.00494	0.00696	0.06331	0.00988
34	0.00888	0.00648	0.00834	0.00788	0.00942	0.00594	0.00591	0.01178	0.01772	0.02488	0.68868	0.04831	0.10566	0.01318	0.00748	0.00201	0.00301	0.01160	0.00691	0.00594
35	0.01433	0.01415	0.01766	0.01535	0.01621	0.05825	0.01255	0.01848	0.12418	0.01789	0.06974	0.01800	0.01422	0.01061	0.01664	0.00255	0.54190	0.00620	0.00372	0.00738
36	0.01592	0.01679	0.01917	0.01653	0.01727	0.14317	0.01354	0.04328	0.01187	0.01624	0.00884	0.01352	0.00839	0.01020	0.01772	0.00255	0.60956	0.00531	0.00299	0.00715
37	0.00786	0.00562	0.00751	0.00891	0.00936	0.00526	0.00605	0.00910	0.01243	0.01661	0.05845	0.72216	0.04236	0.01955	0.00810	0.00257	0.00374	0.04321	0.00592	0.00521
38	0.01497	0.01711	0.03743	0.02674	0.03316	0.01604	0.71444	0.02032	0.01497	0.02032	0.01283	0.01711	0.00963	0.00535	0.00749	0.00214	0.01070	0.00749	0.00321	0.00856
39	0.04913	0.01568	0.01735	0.01362	0.01809	0.01721	0.03590	0.53947	0.05440	0.03574	0.01665	0.04406	0.01268	0.00794	0.00617	0.00190	0.00642	0.00623	0.09156	0.00982
40	0.08314	0.01220	0.01515	0.01170	0.01657	0.01160	0.00966	0.15820	0.01982	0.56075	0.02206	0.01961	0.01417	0.00767	0.00620	0.00195	0.00566	0.00605	0.00730	0.01052
41	0.00917	0.00613	0.00693	0.00699	0.00700	0.00611	0.00392	0.00921	0.00933	0.01244	0.02052	0.06757	0.02374	0.75007	0.03143	0.00602	0.00606	0.00954	0.00392	0.00389
42	0.01396	0.25069	0.53711	0.01598	0.02420	0.01775	0.01977	0.01977	0.01325	0.01859	0.01064	0.01246	0.00807	0.00585	0.00546	0.00182	0.00862	0.00431	0.00269	0.00902
43	0.01301	0.08310	0.69639	0.01760	0.02671	0.01543	0.02259	0.02002	0.01336	0.01974	0.01121	0.01318	0.00804	0.00599	0.00590	0.00197	0.00920	0.00460	0.00268	0.00929
44	0.02475	0.01162	0.01463	0.01172	0.01622	0.01118	0.00951	0.05554	0.19032	0.52546	0.04252	0.02251	0.01752	0.00815	0.00642	0.00201	0.00530	0.00667	0.00744	0.01049
45	0.01971	0.01587	0.01573	0.01319	0.01692	0.10792	0.01063	0.40453	0.02367	0.04847	0.08061	0.07814	0.04402	0.01013	0.00678	0.00204	0.00669	0.08016	0.00595	0.00885
46	0.02331	0.01713	0.01873	0.01461	0.01946	0.04494	0.03377	0.55728	0.06692	0.09265	0.01683	0.01766	0.01223	0.00785	0.00643	0.00195	0.00699	0.02459	0.00625	0.01042
47	0.01060	0.00816	0.00939	0.00928	0.01042	0.05926	0.00688	0.01253	0.01111	0.01590	0.01768	0.02678	0.01670	0.17059	0.43790	0.00734	0.01217	0.00690	0.14491	0.00549
48	0.02515	0.01610	0.01801	0.01381	0.01884	0.01720	0.01140	0.55256	0.02704	0.20768	0.01757	0.01675	0.01196	0.00767	0.00635	0.00192	0.00660	0.00587	0.00671	0.01079
49	0.01220	0.01150	0.01943	0.71836	0.08539	0.01415	0.01773	0.01640	0.01279	0.01648	0.01132	0.01684	0.00855	0.00630	0.00634	0.00210	0.00840	0.00564	0.00284	0.00723
50	0.00906	0.00680	0.01020	0.01020	0.01133	0.00793	0.00793	0.01133	0.01020	0.01473	0.01699	0.02492	0.01586	0.04758	0.75191	0.01020	0.01699	0.00680	0.00340	0.00566
51	0.01388	0.01388	0.01943	0.01666	0.01666	0.01943	0.01388	0.01527	0.00972	0.01527	0.00833	0.01388	0.00833	0.01110	0.02082	0.00278	0.76544	0.00555	0.00278	0.00694
52	0.01368	0.01126	0.01321	0.00946	0.01507	0.00849	0.00758	0.01649	0.01333	0.04561	0.01175	0.01345	0.00961	0.00481	0.00476	0.00098	0.00472	0.00385	0.00390	0.78800
53	0.02309	0.01924	0.01796	0.01443	0.01897	0.15742	0.01163	0.49074	0.07537	0.05880	0.01683	0.01677	0.03384	0.00775	0.00627	0.00188	0.00751	0.00577	0.00581	0.00991
54	0.01570	0.01507	0.02575	0.03894	0.73748	0.01507	0.01947	0.01947	0.01444	0.02073	0.01193	0.01570	0.01005	0.00565	0.00628	0.00188	0.00754	0.00565	0.00314	0.01005
55	0.82186	0.01227	0.00932	0.00834	0.01227	0.01423	0.00687	0.01865	0.01080	0.02846	0.00883	0.01031	0.00687	0.00589	0.00393	0.00196	0.00491	0.00344	0.00393	0.00687
56	0.00906	0.00680	0.01020	0.01020	0.01133	0.00793	0.00793	0.01133	0.01020	0.01473	0.01699	0.02492	0.01586	0.04758	0.75191	0.01020	0.01699	0.00680	0.00340	0.00566
57	0.01864	0.01417	0.01518	0.01269	0.01611	0.03948	0.00997	0.34843	0.19597	0.02881	0.01716	0.01919	0.01348	0.03853	0.03967	0.14555	0.00675	0.00615	0.00544	0.00864
58	0.01102	0.00551	0.00826	0.00826	0.00826	0.00551	0.00551	0.00826	0.00826	0.01102	0.01102	0.01928	0.01102	0.02204	0.02479	0.81543	0.00551	0.00551	0.00275	0.00275
59	0.01703	0.65151	0.10446	0.01185	0.01765	0.02367	0.01222	0.06788	0.01413	0.01720	0.00953	0.01086	0.00832	0.00564	0.00443	0.00146	0.00706	0.00369	0.00296	0.00845
60	0.00955	0.00681	0.00793	0.00803	0.00835	0.00707	0.00500	0.01106	0.05993	0.01414	0.02288	0.17961	0.02594	0.55292	0.02547	0.00507	0.03057	0.01065	0.00438	0.00463
61	0.01724	0.06883	0.02372	0.02963	0.47867	0.01647	0.01642	0.15482	0.06737	0.02457	0.03228	0.01661	0.01202	0.00642	0.00618	0.00187	0.00708	0.00577	0.00406	0.00995
62	0.02055	0.06701	0.09673	0.01390	0.01855	0.19281	0.01215	0.19659	0.06942	0.12473	0.06466	0.01930	0.01514	0.00776	0.00614	0.00186	0.00758	0.02867	0.00515	0.03131
63	0.18670	0.01880	0.01856	0.05615	0.12990	0.23698	0.07326	0.04659	0.10858	0.04685	0.01307	0.01471	0.01014	0.00651	0.00576	0.00190	0.00806	0.00510	0.00404	0.00834
64	0.01662	0.06841	0.04822	0.09948	0.46496	0.05086	0.01740	0.09479	0.03937	0.02190	0.01235	0.01537	0.01000	0.00606	0.00611	0.00187	0.00767	0.00545	0.00353	0.00957

[dist]
# distance from previous block
# <min> <max>
3	16

[block]
# block no. 2 follows, 35 sequences, length 38
# corresponding to MSA columns:
# 525-562
name=unknown_C
#
# <colnr> <probs for GDERKNQSTAVLIFYWHMCP>
#	G	D	E	R	K	N	Q	S	T	A	V	L	I	F	Y	W	H	M	C	P
0	0.05326	0.03896	0.23512	0.02430	0.29202	0.08055	0.01772	0.09104	0.01589	0.04735	0.01214	0.01434	0.00935	0.00609	0.00595	0.00186	0.00806	0.00504	0.00355	0.03741
1	0.01650	0.07407	0.28727	0.01499	0.02117	0.01525	0.04683	0.11841	0.16674	0.09214	0.05233	0.01933	0.03178	0.00747	0.00623	0.00198	0.00718	0.00609	0.00478	0.00946
2	0.07211	0.01512	0.01569	0.01523	0.10644	0.11717	0.01057	0.08758	0.14340	0.08591	0.03804	0.04649	0.01440	0.00725	0.00582	0.00172	0.00626	0.00583	0.00488	0.20011
3	0.01536	0.01243	0.01459	0.01353	0.07894	0.06195	0.03043	0.07348	0.10539	0.08608	0.19541	0.02641	0.05997	0.00852	0.00631	0.00174	0.00538	0.00725	0.00545	0.19136
4	0.01446	0.08164	0.02398	0.29836	0.42211	0.01561	0.01803	0.01825	0.01367	0.01857	0.01142	0.01565	0.00930	0.00588	0.00611	0.00192	0.00780	0.00545	0.00299	0.00879
5	0.01341	0.13181	0.62094	0.01692	0.02554	0.01616	0.02124	0.02048	0.04110	0.01965	0.01161	0.01337	0.00849	0.00605	0.00578	0.00193	0.00886	0.00461	0.00283	0.00924
6	0.01414	0.08250	0.58208	0.01804	0.02640	0.08091	0.06968	0.02050	0.01388	0.01935	0.01117	0.01326	0.00817	0.00598	0.00597	0.00194	0.00947	0.00474	0.00277	0.00905
7	0.01620	0.01233	0.01427	0.01062	0.01593	0.01062	0.00862	0.15118	0.01676	0.07450	0.01389	0.01649	0.01119	0.00599	0.00529	0.00128	0.00523	0.03215	0.00462	0.57282
8	0.23259	0.01633	0.01650	0.01296	0.01774	0.01825	0.01070	0.53400	0.02485	0.03697	0.01356	0.01394	0.00976	0.00716	0.00571	0.00192	0.00644	0.00512	0.00571	0.00976
9	0.02105	0.01625	0.01731	0.01398	0.01851	0.01824	0.01132	0.46555	0.28559	0.03504	0.01912	0.01833	0.01394	0.00798	0.00639	0.00199	0.00626	0.00625	0.00639	0.01051
10	0.00839	0.00654	0.00964	0.00994	0.01098	0.00615	0.05527	0.01002	0.01278	0.01709	0.08212	0.57536	0.08661	0.01986	0.05443	0.00295	0.00492	0.01583	0.00562	0.00549
11	0.00923	0.00615	0.00692	0.00692	0.00692	0.00615	0.00384	0.00923	0.00923	0.01230	0.01999	0.04151	0.02306	0.77705	0.03229	0.00615	0.00615	0.00923	0.00384	0.00384
12	0.01497	0.01711	0.03743	0.02674	0.03316	0.01604	0.71444	0.02032	0.01497	0.02032	0.01283	0.01711	0.00963	0.00535	0.00749	0.00214	0.01070	0.00749	0.00321	0.00856
13	0.01232	0.01147	0.01925	0.62134	0.12717	0.01375	0.01734	0.01640	0.01303	0.01696	0.01288	0.02050	0.01057	0.00702	0.00650	0.00214	0.00816	0.05277	0.00307	0.00733
14	0.01454	0.01627	0.03428	0.02492	0.03043	0.01589	0.61258	0.01930	0.01432	0.01963	0.01339	0.05100	0.01096	0.00658	0.00884	0.00222	0.08556	0.00777	0.00329	0.00824
15	0.01198	0.01128	0.01903	0.76180	0.04369	0.01409	0.01762	0.01621	0.01268	0.01621	0.01128	0.01691	0.00846	0.00634	0.00634	0.00211	0.00846	0.00564	0.00282	0.00705
16	0.00898	0.00648	0.00848	0.00798	0.00948	0.00599	0.00599	0.01197	0.01796	0.02544	0.73413	0.04739	0.05986	0.01297	0.00748	0.00200	0.00299	0.01147	0.00698	0.00599
17	0.01675	0.72748	0.03228	0.01126	0.01631	0.02471	0.01107	0.01874	0.01267	0.01495	0.00879	0.01043	0.00815	0.00582	0.00524	0.00146	0.05959	0.00354	0.00272	0.00806
18	0.01020	0.00761	0.01129	0.01214	0.01374	0.00752	0.04497	0.01306	0.01437	0.01877	0.03269	0.14089	0.03573	0.01716	0.00863	0.00285	0.00586	0.59090	0.00571	0.00591
19	0.00773	0.00552	0.00736	0.00883	0.00920	0.00515	0.00589	0.00883	0.01215	0.01619	0.03497	0.77291	0.04196	0.01987	0.00810	0.00258	0.00368	0.01803	0.00589	0.00515
20	0.00773	0.00552	0.00736	0.00883	0.00920	0.00515	0.00589	0.00883	0.01215	0.01619	0.03497	0.77291	0.04196	0.01987	0.00810	0.00258	0.00368	0.01803	0.00589	0.00515
21	0.16906	0.01147	0.01305	0.01069	0.01473	0.03927	0.00871	0.06516	0.01685	0.41301	0.07507	0.02219	0.01744	0.01003	0.04325	0.00237	0.00597	0.02280	0.02982	0.00906
22	0.01298	0.05722	0.68492	0.01827	0.02737	0.01515	0.05755	0.02007	0.01346	0.01993	0.01137	0.01347	0.00812	0.00597	0.00603	0.00199	0.00935	0.00478	0.00271	0.00929
23	0.00772	0.00555	0.00733	0.00876	0.00918	0.00516	0.00586	0.00884	0.01222	0.01622	0.03587	0.75085	0.06343	0.01976	0.00808	0.00256	0.00367	0.01789	0.00589	0.00516
24	0.01253	0.01007	0.01133	0.01081	0.01316	0.01089	0.00816	0.06926	0.32008	0.02356	0.11739	0.24539	0.07572	0.01304	0.00718	0.00226	0.00443	0.03069	0.00630	0.00777
25	0.01305	0.01237	0.02096	0.55358	0.24354	0.01438	0.01815	0.01715	0.01319	0.01751	0.01146	0.01656	0.00892	0.00614	0.00632	0.00205	0.00819	0.00564	0.00291	0.00791
26	0.01546	0.01511	0.02663	0.07042	0.63468	0.01513	0.08983	0.01941	0.01442	0.02048	0.01199	0.01590	0.00993	0.00565	0.00641	0.00192	0.00790	0.00584	0.00313	0.00976
27	0.00920	0.00625	0.00741	0.00741	0.00758	0.00642	0.00445	0.00954	0.00937	0.01266	0.01954	0.03905	0.02199	0.66849	0.13938	0.00675	0.00776	0.00886	0.00378	0.00411
28	0.01315	0.01128	0.01315	0.00940	0.01503	0.00846	0.00752	0.01597	0.01315	0.02067	0.01128	0.01315	0.00940	0.00470	0.00470	0.00094	0.00470	0.00376	0.00376	0.81583
29	0.00969	0.00952	0.06136	0.01005	0.01291	0.00719	0.04272	0.01199	0.01321	0.01818	0.05530	0.35840	0.15206	0.01379	0.00701	0.00204	0.00456	0.01225	0.00508	0.19270
30	0.01339	0.01163	0.01433	0.01216	0.08253	0.00907	0.00863	0.01630	0.01328	0.02068	0.01134	0.01339	0.00946	0.00479	0.00485	0.00103	0.00496	0.00394	0.00370	0.74055
31	0.01252	0.00923	0.01214	0.03953	0.01428	0.00894	0.05164	0.04819	0.09845	0.08787	0.25530	0.06467	0.19644	0.01177	0.00712	0.00206	0.00454	0.02944	0.00612	0.03975
32	0.01248	0.01015	0.01188	0.00943	0.01361	0.00848	0.00736	0.03526	0.04650	0.03684	0.06631	0.10820	0.09061	0.00857	0.00601	0.00146	0.01853	0.00717	0.00469	0.49644
33	0.01491	0.01317	0.02005	0.03646	0.14821	0.01188	0.13558	0.07492	0.01531	0.04178	0.03485	0.04129	0.01242	0.00611	0.00589	0.00154	0.00648	0.00575	0.00402	0.36936
34	0.04437	0.01165	0.01514	0.01224	0.01634	0.03571	0.10128	0.01735	0.08581	0.02031	0.02081	0.04933	0.06537	0.04699	0.00751	0.00197	0.00588	0.10770	0.00447	0.32979
35	0.01297	0.01132	0.05870	0.06326	0.01672	0.00977	0.03769	0.01718	0.07781	0.08680	0.10024	0.11893	0.11217	0.01008	0.00720	0.00190	0.04311	0.00854	0.00505	0.20058
36	0.01715	0.01472	0.02354	0.01914	0.06699	0.03944	0.23980	0.07114	0.04428	0.12140	0.06017	0.01861	0.01387	0.00754	0.00930	0.00208	0.14687	0.00656	0.00441	0.07298
37	0.01926	0.01689	0.02044	0.01600	0.02055	0.17885	0.19009	0.06160	0.06499	0.16717	0.04179	0.02165	0.07795	0.00762	0.00653	0.00189	0.00786	0.00676	0.00495	0.06717

[dist]
# distance from previous block
# <min> <max>
14	61

[block]
# block no. 3 follows, 35 sequences, length 13
# corresponding to MSA columns:
# 642-654
name=unknown_D
#
# <colnr> <probs for GDERKNQSTAVLIFYWHMCP>
#	G	D	E	R	K	N	Q	S	T	A	V	L	I	F	Y	W	H	M	C	P
0	0.08584	0.01504	0.02129	0.02390	0.28865	0.06482	0.10711	0.07865	0.05251	0.07671	0.01739	0.02106	0.04910	0.00729	0.00637	0.00197	0.00729	0.04127	0.00431	0.02943
1	0.08781	0.03456	0.09242	0.03912	0.11293	0.01380	0.26913	0.03859	0.03214	0.02180	0.07700	0.02142	0.06681	0.00706	0.00653	0.00197	0.00768	0.00695	0.00391	0.05837
2	0.05211	0.20772	0.03486	0.08784	0.06373	0.14232	0.01218	0.01787	0.01323	0.01683	0.01546	0.01795	0.08317	0.00815	0.00875	0.00195	0.17237	0.00548	0.03067	0.00736
3	0.01201	0.01063	0.01408	0.17776	0.09436	0.06530	0.01260	0.01512	0.01441	0.01818	0.02665	0.04876	0.06931	0.01296	0.00767	0.00249	0.00684	0.37954	0.00472	0.00662
4	0.01510	0.07225	0.02572	0.07504	0.41165	0.01681	0.08884	0.01841	0.01325	0.01878	0.01097	0.01511	0.00939	0.00683	0.00941	0.00208	0.17281	0.00565	0.00302	0.00889
5	0.01518	0.01454	0.08914	0.01131	0.01690	0.01136	0.01003	0.16852	0.01717	0.02517	0.06638	0.01620	0.01335	0.00609	0.00540	0.00134	0.00555	0.00486	0.00445	0.49706
6	0.01315	0.01128	0.01315	0.00940	0.01503	0.00846	0.00752	0.01597	0.01315	0.02067	0.01128	0.01315	0.00940	0.00470	0.00470	0.00094	0.00470	0.00376	0.00376	0.81583
7	0.01554	0.01269	0.01444	0.01053	0.01604	0.01090	0.00851	0.16840	0.01678	0.02487	0.01214	0.01361	0.00970	0.00533	0.00506	0.00115	0.00519	0.00418	0.00432	0.64062
8	0.01321	0.02940	0.59036	0.01997	0.02870	0.01502	0.17383	0.02014	0.01374	0.02014	0.01170	0.01420	0.00838	0.00588	0.00634	0.00204	0.00966	0.00530	0.00279	0.00920
9	0.01831	0.01397	0.02305	0.06567	0.54906	0.01378	0.01718	0.02181	0.01517	0.17747	0.01475	0.01704	0.01121	0.00616	0.00630	0.00191	0.00711	0.00581	0.00415	0.01008
10	0.01553	0.01456	0.02292	0.07017	0.54515	0.01518	0.01732	0.02240	0.16922	0.02176	0.01492	0.01750	0.01200	0.00633	0.00632	0.00195	0.00704	0.00598	0.00385	0.00989
11	0.01464	0.01075	0.01291	0.01028	0.01490	0.00902	0.00840	0.04671	0.04373	0.09661	0.01888	0.02623	0.03508	0.00790	0.00581	0.00152	0.00504	0.12731	0.00483	0.49945
12	0.01240	0.01139	0.01891	0.33704	0.28658	0.01250	0.01573	0.01578	0.01320	0.01784	0.01667	0.18101	0.01632	0.00904	0.00670	0.00213	0.00709	0.00834	0.00360	0.00772

[dist]
# distance from previous block
# <min> <max>
0	169

# created by:
# /home/cegg/simao/soft/augustus-3.2.1/scripts/msa2prfl.pl ./align_prep/EOG090W0E1Z.fa
