[name]
unknown

[dist]
# distance from previous block
# <min> <max>
0	114

[block]
# block no. 0 follows, 35 sequences, length 83
# corresponding to MSA columns:
# 114-196
name=unknown_A
#
# <colnr> <probs for GDERKNQSTAVLIFYWHMCP>
#	G	D	E	R	K	N	Q	S	T	A	V	L	I	F	Y	W	H	M	C	P
0	0.01005	0.00719	0.00985	0.01115	0.01253	0.00715	0.00957	0.01272	0.01421	0.01844	0.03370	0.06903	0.06025	0.07203	0.01041	0.00313	0.00577	0.62142	0.00570	0.00568
1	0.02291	0.01689	0.01875	0.01440	0.01927	0.01856	0.03636	0.64130	0.02811	0.03811	0.01554	0.01590	0.01114	0.00752	0.00625	0.00188	0.00682	0.00579	0.06413	0.01036
2	0.02164	0.01693	0.01756	0.04028	0.01916	0.07023	0.01146	0.54825	0.02679	0.03545	0.11030	0.01929	0.01704	0.00820	0.00645	0.00190	0.00682	0.00636	0.00609	0.00977
3	0.01183	0.00737	0.00898	0.00891	0.00920	0.05919	0.00609	0.00970	0.00922	0.01168	0.01209	0.02145	0.01220	0.05082	0.02315	0.69600	0.00597	0.02994	0.00294	0.00324
4	0.01484	0.01419	0.02437	0.08729	0.61135	0.01433	0.04295	0.01851	0.01417	0.02007	0.01357	0.07023	0.01221	0.00671	0.00646	0.00196	0.00744	0.00661	0.00332	0.00943
5	0.01672	0.01708	0.02449	0.05505	0.61904	0.11760	0.01842	0.02020	0.01489	0.01988	0.01162	0.01514	0.00974	0.00579	0.00620	0.00186	0.00810	0.00543	0.00315	0.00959
6	0.02690	0.01112	0.01616	0.01230	0.01721	0.00970	0.05987	0.02958	0.01792	0.66809	0.04587	0.02206	0.01662	0.00783	0.00649	0.00198	0.00570	0.00662	0.00749	0.01049
7	0.02510	0.01347	0.01597	0.01235	0.01714	0.01347	0.01017	0.32274	0.02289	0.38937	0.02365	0.02170	0.06526	0.00834	0.00645	0.00195	0.00592	0.00660	0.00707	0.01040
8	0.01513	0.01439	0.02443	0.03678	0.68516	0.01436	0.01849	0.01871	0.01428	0.02040	0.01359	0.07010	0.01234	0.00667	0.00641	0.00193	0.00726	0.00654	0.00334	0.00970
9	0.02118	0.01183	0.01410	0.01148	0.01545	0.01181	0.00923	0.20938	0.08967	0.31104	0.09147	0.07945	0.07558	0.00982	0.00669	0.00203	0.00527	0.00812	0.00694	0.00946
10	0.06761	0.02338	0.01628	0.01478	0.01760	0.47955	0.01126	0.03920	0.08358	0.01817	0.03171	0.06847	0.01299	0.00828	0.00734	0.00189	0.08085	0.00571	0.00392	0.00743
11	0.01437	0.01612	0.03477	0.04570	0.03172	0.01521	0.64434	0.01938	0.01471	0.01991	0.01438	0.07140	0.01192	0.00642	0.00750	0.00217	0.01013	0.00819	0.00339	0.00827
12	0.01463	0.01384	0.02331	0.15766	0.54688	0.01448	0.01832	0.01834	0.01402	0.01967	0.01327	0.01986	0.01163	0.00679	0.00691	0.00202	0.03078	0.05515	0.00327	0.00915
13	0.01357	0.01152	0.01258	0.03876	0.01524	0.02868	0.00902	0.04158	0.43076	0.02468	0.16927	0.10720	0.04880	0.01072	0.00684	0.00215	0.00474	0.00919	0.00628	0.00843
14	0.01388	0.01377	0.01963	0.01808	0.06829	0.01880	0.01412	0.01546	0.01007	0.01564	0.00883	0.01431	0.00866	0.01172	0.03992	0.00292	0.69038	0.00559	0.00282	0.00713
15	0.01226	0.01143	0.01929	0.68364	0.09885	0.01395	0.01745	0.01626	0.01271	0.01644	0.01132	0.01688	0.00865	0.00670	0.00682	0.02339	0.00831	0.00564	0.00284	0.00718
16	0.01272	0.03281	0.74418	0.01808	0.02746	0.01473	0.02344	0.02009	0.01339	0.02009	0.01138	0.01339	0.00804	0.00603	0.00603	0.00201	0.00938	0.00469	0.00268	0.00938
17	0.01198	0.01128	0.01903	0.76180	0.04369	0.01409	0.01762	0.01621	0.01268	0.01621	0.01128	0.01691	0.00846	0.00634	0.00634	0.00211	0.00846	0.00564	0.00282	0.00705
18	0.01514	0.01361	0.01902	0.01619	0.01662	0.01856	0.01349	0.01662	0.01044	0.07803	0.00977	0.01455	0.00896	0.01082	0.01957	0.00271	0.69979	0.00562	0.00321	0.00727
19	0.01497	0.01711	0.03743	0.02674	0.03316	0.01604	0.71444	0.02032	0.01497	0.02032	0.01283	0.01711	0.00963	0.00535	0.00749	0.00214	0.01070	0.00749	0.00321	0.00856
20	0.01302	0.01113	0.01301	0.00938	0.01489	0.00837	0.00748	0.01579	0.01313	0.02056	0.01187	0.03238	0.01022	0.00508	0.00478	0.00098	0.00467	0.00412	0.00381	0.79532
21	0.01462	0.06823	0.59286	0.01785	0.04911	0.01555	0.02114	0.08521	0.01509	0.04542	0.01208	0.01375	0.00862	0.00619	0.00598	0.00196	0.00883	0.00480	0.00321	0.00951
22	0.02227	0.01682	0.09367	0.01459	0.04737	0.03141	0.01235	0.33844	0.06892	0.21684	0.03805	0.01935	0.03457	0.00786	0.00638	0.00195	0.00660	0.00621	0.00617	0.01020
23	0.01198	0.01128	0.01903	0.76180	0.04369	0.01409	0.01762	0.01621	0.01268	0.01621	0.01128	0.01691	0.00846	0.00634	0.00634	0.00211	0.00846	0.00564	0.00282	0.00705
24	0.01828	0.01527	0.06286	0.02648	0.35456	0.01407	0.09601	0.10361	0.01717	0.15210	0.06322	0.01886	0.01433	0.00675	0.00651	0.00194	0.00725	0.00634	0.00460	0.00979
25	0.01351	0.01395	0.04235	0.01600	0.01631	0.01832	0.01347	0.01499	0.00980	0.01521	0.00927	0.01585	0.00938	0.06596	0.02116	0.00299	0.68605	0.00579	0.00285	0.00680
26	0.00773	0.00552	0.00736	0.00883	0.00920	0.00515	0.00589	0.00883	0.01215	0.01619	0.03497	0.77291	0.04196	0.01987	0.00810	0.00258	0.00368	0.01803	0.00589	0.00515
27	0.82186	0.01227	0.00932	0.00834	0.01227	0.01423	0.00687	0.01865	0.01080	0.02846	0.00883	0.01031	0.00687	0.00589	0.00393	0.00196	0.00491	0.00344	0.00393	0.00687
28	0.00789	0.00578	0.00748	0.00868	0.00935	0.00528	0.00586	0.00909	0.01235	0.01641	0.03633	0.69568	0.09168	0.01910	0.00794	0.00249	0.00368	0.01722	0.00582	0.03189
29	0.00773	0.00552	0.00736	0.00883	0.00920	0.00515	0.00589	0.00883	0.01215	0.01619	0.03497	0.77291	0.04196	0.01987	0.00810	0.00258	0.00368	0.01803	0.00589	0.00515
30	0.01274	0.03196	0.71523	0.01774	0.02696	0.01448	0.02281	0.01993	0.01338	0.02011	0.01138	0.01338	0.00809	0.00597	0.00597	0.00197	0.00919	0.00465	0.00272	0.04131
31	0.01570	0.01507	0.02575	0.03894	0.73748	0.01507	0.01947	0.01947	0.01444	0.02073	0.01193	0.01570	0.01005	0.00565	0.00628	0.00188	0.00754	0.00565	0.00314	0.01005
32	0.01564	0.01503	0.02554	0.03820	0.71372	0.01522	0.01929	0.01933	0.01429	0.02055	0.01181	0.01564	0.00999	0.00583	0.00676	0.00191	0.03252	0.00565	0.00313	0.00995
33	0.01568	0.01514	0.02612	0.03855	0.71516	0.01510	0.04149	0.01950	0.01446	0.02071	0.01196	0.01575	0.01004	0.00564	0.00632	0.00189	0.00764	0.00571	0.00314	0.01000
34	0.01696	0.78087	0.03324	0.01085	0.01628	0.02510	0.01085	0.01900	0.01289	0.01493	0.00882	0.01018	0.00814	0.00543	0.00407	0.00136	0.00678	0.00339	0.00271	0.00814
35	0.00906	0.00680	0.01020	0.01020	0.01133	0.00793	0.00793	0.01133	0.01020	0.01473	0.01699	0.02492	0.01586	0.04758	0.75191	0.01020	0.01699	0.00680	0.00340	0.00566
36	0.01290	0.01157	0.01849	0.10781	0.34048	0.01169	0.03518	0.03898	0.01582	0.02198	0.23315	0.02878	0.07890	0.00876	0.00678	0.00197	0.00603	0.00804	0.00457	0.00812
37	0.01676	0.01263	0.04357	0.11055	0.22194	0.01190	0.09131	0.02043	0.03068	0.19680	0.02005	0.10699	0.03907	0.00998	0.03638	0.00239	0.00726	0.00777	0.00475	0.00879
38	0.01198	0.01128	0.01903	0.76180	0.04369	0.01409	0.01762	0.01621	0.01268	0.01621	0.01128	0.01691	0.00846	0.00634	0.00634	0.00211	0.00846	0.00564	0.00282	0.00705
39	0.02846	0.01080	0.01472	0.01129	0.01619	0.00932	0.00932	0.03092	0.01816	0.74187	0.02503	0.02159	0.01570	0.00785	0.00638	0.00196	0.00540	0.00638	0.00785	0.01080
40	0.01553	0.09960	0.10323	0.17362	0.25209	0.12932	0.03310	0.01960	0.03279	0.01848	0.03296	0.01694	0.03281	0.00654	0.00605	0.00187	0.00821	0.00554	0.00328	0.00845
41	0.01711	0.71548	0.06067	0.01140	0.01688	0.05930	0.01142	0.01934	0.01315	0.01516	0.00897	0.01036	0.00814	0.00550	0.00423	0.00140	0.00711	0.00348	0.00274	0.00815
42	0.01115	0.00861	0.02923	0.05093	0.01387	0.00922	0.03166	0.01328	0.01092	0.05886	0.01695	0.02609	0.01590	0.17728	0.40670	0.00718	0.06892	0.00703	0.03022	0.00598
43	0.01727	0.02096	0.06483	0.01784	0.02029	0.26736	0.09780	0.01958	0.01337	0.01625	0.00955	0.01341	0.00841	0.00856	0.01320	0.00227	0.37339	0.00523	0.00299	0.00742
44	0.01458	0.04194	0.39834	0.08099	0.08370	0.04432	0.09879	0.04176	0.05617	0.04136	0.01296	0.01531	0.00958	0.00719	0.02399	0.00219	0.00907	0.00538	0.00331	0.00907
45	0.01570	0.01507	0.02575	0.03894	0.73748	0.01507	0.01947	0.01947	0.01444	0.02073	0.01193	0.01570	0.01005	0.00565	0.00628	0.00188	0.00754	0.00565	0.00314	0.01005
46	0.11864	0.06387	0.13660	0.08061	0.13634	0.01545	0.27260	0.02018	0.01400	0.06428	0.01233	0.01530	0.00928	0.00580	0.00626	0.00200	0.00854	0.00580	0.00343	0.00869
47	0.02112	0.06479	0.09014	0.11449	0.11546	0.04275	0.05890	0.06072	0.01656	0.32550	0.01728	0.01767	0.01185	0.00681	0.00622	0.00193	0.00721	0.00578	0.00520	0.00962
48	0.01533	0.01269	0.01385	0.03488	0.01656	0.01447	0.00982	0.03072	0.60753	0.04927	0.07346	0.05234	0.02247	0.00922	0.00658	0.00215	0.00495	0.00779	0.00641	0.00952
49	0.00775	0.00562	0.00733	0.00862	0.00916	0.00520	0.00581	0.00896	0.01251	0.01657	0.06015	0.69505	0.09514	0.01936	0.00803	0.00252	0.00362	0.01747	0.00592	0.00520
50	0.01546	0.01493	0.02560	0.07005	0.66361	0.01519	0.03984	0.01922	0.01424	0.02035	0.01182	0.01574	0.00991	0.00584	0.00676	0.00193	0.03091	0.00570	0.00312	0.00978
51	0.01043	0.00857	0.01283	0.01460	0.11138	0.00837	0.05906	0.04922	0.03440	0.01869	0.02973	0.53337	0.05223	0.01580	0.00765	0.00239	0.00491	0.01449	0.00536	0.00651
52	0.00773	0.00552	0.00736	0.00883	0.00920	0.00515	0.00589	0.00883	0.01215	0.01619	0.03497	0.77291	0.04196	0.01987	0.00810	0.00258	0.00368	0.01803	0.00589	0.00515
53	0.01300	0.01246	0.02083	0.51651	0.17463	0.01496	0.03462	0.01683	0.01273	0.01707	0.01110	0.01633	0.00878	0.00674	0.00805	0.00215	0.09699	0.00568	0.00289	0.00765
54	0.01457	0.01396	0.02368	0.13122	0.57335	0.01423	0.03515	0.01827	0.01423	0.01985	0.01586	0.01936	0.06514	0.00653	0.00641	0.00194	0.00741	0.00629	0.00331	0.00926
55	0.01222	0.01148	0.01922	0.64214	0.10790	0.01398	0.01722	0.01620	0.01275	0.01661	0.01220	0.04681	0.00994	0.00695	0.00681	0.00213	0.02910	0.00613	0.00297	0.00726
56	0.02669	0.01094	0.01450	0.01135	0.01603	0.00984	0.00930	0.03063	0.08544	0.65307	0.04570	0.02254	0.01733	0.00807	0.00642	0.00198	0.00529	0.00660	0.00769	0.01058
57	0.00828	0.00641	0.00966	0.01020	0.01103	0.00598	0.05996	0.00971	0.01236	0.01651	0.03328	0.71524	0.03949	0.01877	0.00805	0.00254	0.00422	0.01723	0.00568	0.00541
58	0.02139	0.15972	0.02007	0.01477	0.01842	0.50820	0.01160	0.06035	0.06317	0.01744	0.01195	0.04236	0.01036	0.00706	0.00560	0.00167	0.00966	0.00480	0.00364	0.00776
59	0.01458	0.01393	0.02372	0.25723	0.52797	0.01478	0.01891	0.01848	0.01391	0.01936	0.01173	0.01607	0.00957	0.00586	0.00630	0.00195	0.00781	0.00565	0.00304	0.00914
60	0.02371	0.02978	0.01802	0.01628	0.01961	0.72487	0.01225	0.05055	0.01841	0.01642	0.01000	0.01158	0.00827	0.00658	0.00574	0.00164	0.01128	0.00415	0.00338	0.00748
61	0.01315	0.01128	0.01315	0.00940	0.01503	0.00846	0.00752	0.01597	0.01315	0.02067	0.01128	0.01315	0.00940	0.00470	0.00470	0.00094	0.00470	0.00376	0.00376	0.81583
62	0.01696	0.78087	0.03324	0.01085	0.01628	0.02510	0.01085	0.01900	0.01289	0.01493	0.00882	0.01018	0.00814	0.00543	0.00407	0.00136	0.00678	0.00339	0.00271	0.00814
63	0.01272	0.03281	0.74418	0.01808	0.02746	0.01473	0.02344	0.02009	0.01339	0.02009	0.01138	0.01339	0.00804	0.00603	0.00603	0.00201	0.00938	0.00469	0.00268	0.00938
64	0.00923	0.00615	0.00692	0.00692	0.00692	0.00615	0.00384	0.00923	0.00923	0.01230	0.01999	0.04151	0.02306	0.77705	0.03229	0.00615	0.00615	0.00923	0.00384	0.00384
65	0.00961	0.02724	0.01145	0.01068	0.01184	0.00920	0.00843	0.01181	0.01023	0.01477	0.01616	0.02375	0.01512	0.04387	0.67998	0.00943	0.07065	0.00662	0.00334	0.00582
66	0.01089	0.00884	0.01124	0.01034	0.01056	0.01069	0.00742	0.01217	0.03783	0.01393	0.01647	0.03128	0.01795	0.46390	0.07735	0.00525	0.23731	0.00786	0.00359	0.00515
67	0.01388	0.01388	0.01943	0.01666	0.01666	0.01943	0.01388	0.01527	0.00972	0.01527	0.00833	0.01388	0.00833	0.01110	0.02082	0.00278	0.76544	0.00555	0.00278	0.00694
68	0.01022	0.00730	0.01022	0.01168	0.01314	0.00730	0.01022	0.01314	0.01460	0.01899	0.03359	0.07156	0.03651	0.01752	0.00876	0.00292	0.00584	0.69478	0.00584	0.00584
69	0.00763	0.00643	0.00661	0.00657	0.00865	0.00541	0.00493	0.00937	0.01478	0.01789	0.12532	0.05981	0.67337	0.01578	0.00750	0.00213	0.00319	0.01321	0.00599	0.00541
70	0.02299	0.02909	0.01804	0.06133	0.02106	0.70708	0.01258	0.02478	0.01766	0.01557	0.00989	0.01177	0.00819	0.00653	0.00576	0.00166	0.01126	0.00418	0.00324	0.00734
71	0.02454	0.01708	0.01861	0.01427	0.01933	0.01865	0.01179	0.64883	0.02868	0.10910	0.01620	0.01586	0.01127	0.00764	0.00635	0.00191	0.00682	0.00578	0.00649	0.01079
72	0.01485	0.01429	0.02445	0.18895	0.55265	0.01503	0.03650	0.01868	0.01395	0.01960	0.01171	0.01593	0.00965	0.00596	0.00677	0.00197	0.03102	0.00569	0.00306	0.00929
73	0.00930	0.00728	0.00853	0.00831	0.01011	0.00699	0.00618	0.01361	0.10923	0.02205	0.36214	0.14523	0.23886	0.01418	0.00743	0.00213	0.00341	0.01232	0.00647	0.00623
74	0.01383	0.04102	0.30243	0.02194	0.20207	0.01387	0.07690	0.03521	0.01474	0.03812	0.09298	0.02157	0.03251	0.00754	0.00692	0.00203	0.03026	0.03350	0.00372	0.00883
75	0.03784	0.43478	0.07852	0.01455	0.05937	0.22281	0.01258	0.04293	0.01490	0.01691	0.00966	0.01123	0.00831	0.00587	0.00486	0.00154	0.00825	0.00388	0.00303	0.00818
76	0.82186	0.01227	0.00932	0.00834	0.01227	0.01423	0.00687	0.01865	0.01080	0.02846	0.00883	0.01031	0.00687	0.00589	0.00393	0.00196	0.00491	0.00344	0.00393	0.00687
77	0.01044	0.01408	0.19151	0.04305	0.07957	0.00936	0.01186	0.01462	0.03008	0.02129	0.27736	0.03824	0.19501	0.01108	0.00698	0.00205	0.00535	0.02578	0.00513	0.00716
78	0.01388	0.01388	0.01943	0.01666	0.01666	0.01943	0.01388	0.01527	0.00972	0.01527	0.00833	0.01388	0.00833	0.01110	0.02082	0.00278	0.76544	0.00555	0.00278	0.00694
79	0.01314	0.01270	0.01923	0.15562	0.10457	0.03673	0.08033	0.01569	0.01218	0.01695	0.05602	0.02241	0.01462	0.10332	0.01491	0.00283	0.27669	0.03169	0.00338	0.00701
80	0.01284	0.05361	0.72442	0.01788	0.02715	0.01502	0.02309	0.02006	0.01338	0.01995	0.01131	0.01330	0.00804	0.00601	0.00597	0.00199	0.00930	0.00465	0.00268	0.00934
81	0.01301	0.01285	0.04057	0.05033	0.39693	0.03596	0.03583	0.01608	0.01411	0.01925	0.04988	0.19019	0.07806	0.01003	0.00685	0.00208	0.00645	0.00926	0.00411	0.00816
82	0.06460	0.19996	0.29944	0.01666	0.07713	0.01630	0.07336	0.03350	0.01383	0.02025	0.03990	0.01461	0.01073	0.00605	0.00550	0.00176	0.00763	0.00487	0.02669	0.06723

[dist]
# distance from previous block
# <min> <max>
0	3

[block]
# block no. 1 follows, 35 sequences, length 47
# corresponding to MSA columns:
# 200-246
name=unknown_B
#
# <colnr> <probs for GDERKNQSTAVLIFYWHMCP>
#	G	D	E	R	K	N	Q	S	T	A	V	L	I	F	Y	W	H	M	C	P
0	0.06682	0.14256	0.38034	0.05171	0.05094	0.03666	0.03426	0.01972	0.04278	0.02011	0.04669	0.01505	0.01118	0.00630	0.00565	0.00185	0.00792	0.00492	0.00324	0.05131
1	0.03593	0.50356	0.10614	0.01295	0.04912	0.02085	0.01225	0.06037	0.01429	0.06186	0.01076	0.01196	0.00888	0.00574	0.00469	0.00150	0.00684	0.00397	0.00335	0.06497
2	0.01373	0.06914	0.60518	0.01931	0.07831	0.03119	0.03837	0.03734	0.01399	0.02027	0.01139	0.01349	0.00830	0.00600	0.00598	0.00196	0.00912	0.00477	0.00283	0.00933
3	0.01451	0.24471	0.02241	0.01397	0.01585	0.01974	0.01209	0.03326	0.01140	0.01592	0.02756	0.01504	0.01047	0.03120	0.06236	0.00287	0.43119	0.00522	0.00302	0.00721
4	0.01803	0.01474	0.01561	0.01336	0.01735	0.01683	0.01059	0.21781	0.53826	0.03016	0.02296	0.02139	0.01705	0.00834	0.00643	0.00208	0.00555	0.00678	0.00643	0.01024
5	0.01440	0.01243	0.03806	0.01448	0.12570	0.01019	0.01005	0.06666	0.01486	0.05141	0.03130	0.05347	0.03631	0.00652	0.00549	0.00137	0.00534	0.00551	0.00423	0.49221
6	0.03993	0.17823	0.42408	0.01631	0.02381	0.01621	0.08740	0.02052	0.01391	0.08088	0.03403	0.01475	0.01040	0.00620	0.00579	0.00189	0.00832	0.00502	0.00335	0.00899
7	0.01497	0.01711	0.03743	0.02674	0.03316	0.01604	0.71444	0.02032	0.01497	0.02032	0.01283	0.01711	0.00963	0.00535	0.00749	0.00214	0.01070	0.00749	0.00321	0.00856
8	0.00869	0.00814	0.03876	0.01023	0.06748	0.00666	0.00730	0.01085	0.01448	0.01833	0.11636	0.14123	0.45853	0.01508	0.00749	0.00220	0.00400	0.05261	0.00564	0.00596
9	0.01544	0.01386	0.02437	0.11301	0.44612	0.01389	0.11641	0.01921	0.01445	0.06968	0.01489	0.06235	0.01286	0.00702	0.00665	0.00202	0.00766	0.02730	0.00368	0.00914
10	0.00773	0.00552	0.00736	0.00883	0.00920	0.00515	0.00589	0.00883	0.01215	0.01619	0.03497	0.77291	0.04196	0.01987	0.00810	0.00258	0.00368	0.01803	0.00589	0.00515
11	0.01005	0.00722	0.01000	0.01140	0.01286	0.00717	0.00990	0.01288	0.01454	0.01884	0.03488	0.08776	0.06530	0.01752	0.00869	0.00288	0.00568	0.65076	0.00584	0.00581
12	0.01461	0.02428	0.34381	0.09205	0.07643	0.06750	0.23093	0.03856	0.01463	0.02004	0.01184	0.01491	0.00877	0.00590	0.00650	0.00202	0.00965	0.00567	0.00302	0.00885
13	0.01751	0.01523	0.01527	0.01337	0.01716	0.05936	0.01048	0.13688	0.57893	0.02794	0.02328	0.02167	0.01741	0.00834	0.00640	0.00208	0.00569	0.00677	0.00625	0.01000
14	0.01490	0.01663	0.03538	0.06382	0.10303	0.01585	0.61199	0.02004	0.01481	0.02016	0.01267	0.01696	0.00961	0.00543	0.00731	0.00211	0.01027	0.00722	0.00318	0.00863
15	0.01771	0.69965	0.03167	0.01134	0.01664	0.06024	0.01099	0.06004	0.01413	0.01642	0.00924	0.01053	0.00830	0.00561	0.00428	0.00140	0.00702	0.00356	0.00295	0.00826
16	0.00920	0.00661	0.00810	0.00874	0.01003	0.00617	0.00634	0.03902	0.01384	0.03964	0.04138	0.44835	0.23006	0.01848	0.02680	0.00263	0.00425	0.06880	0.00590	0.00568
17	0.01605	0.01613	0.02403	0.11581	0.53272	0.08756	0.03919	0.02040	0.04934	0.01998	0.01236	0.01585	0.01013	0.00595	0.00628	0.00191	0.00800	0.00563	0.00328	0.00940
18	0.00906	0.00680	0.01020	0.01020	0.01133	0.00793	0.00793	0.01133	0.01020	0.01473	0.01699	0.02492	0.01586	0.04758	0.75191	0.01020	0.01699	0.00680	0.00340	0.00566
19	0.00827	0.00646	0.00749	0.00723	0.00904	0.00568	0.00543	0.01059	0.01628	0.02145	0.41247	0.05395	0.38401	0.01446	0.00749	0.00207	0.00310	0.01239	0.00646	0.00568
20	0.05595	0.04819	0.01528	0.01318	0.03813	0.14351	0.01016	0.08596	0.19579	0.14326	0.06405	0.04665	0.04222	0.00918	0.00640	0.00202	0.00639	0.05933	0.00569	0.00868
21	0.01139	0.00915	0.01125	0.01154	0.01315	0.02785	0.00934	0.01665	0.14955	0.01886	0.02692	0.10085	0.02750	0.07188	0.11877	0.00399	0.04755	0.31205	0.00524	0.00653
22	0.01542	0.01479	0.02524	0.09351	0.68511	0.01500	0.01933	0.01922	0.01431	0.02038	0.01188	0.01579	0.00993	0.00570	0.00629	0.00190	0.00761	0.00565	0.00312	0.00982
23	0.01234	0.01156	0.01964	0.66367	0.09466	0.01397	0.03659	0.01652	0.01290	0.01689	0.01166	0.01703	0.00885	0.00630	0.00631	0.00208	0.00828	0.00570	0.02777	0.00728
24	0.01684	0.01640	0.01581	0.04684	0.04040	0.14054	0.01126	0.03003	0.51191	0.02339	0.02104	0.02049	0.01607	0.00821	0.00715	0.00209	0.05035	0.00644	0.00544	0.00928
25	0.01015	0.00899	0.03539	0.01065	0.01341	0.00769	0.09266	0.01313	0.03440	0.04848	0.10365	0.11346	0.36820	0.01415	0.00759	0.00225	0.00482	0.09895	0.00564	0.00632
26	0.01272	0.03281	0.74418	0.01808	0.02746	0.01473	0.02344	0.02009	0.01339	0.02009	0.01138	0.01339	0.00804	0.00603	0.00603	0.00201	0.00938	0.00469	0.00268	0.00938
27	0.01950	0.01276	0.01641	0.08198	0.03918	0.01363	0.03385	0.20135	0.11888	0.20644	0.02126	0.11172	0.01739	0.00952	0.00740	0.00213	0.04316	0.02823	0.00598	0.00923
28	0.01597	0.01595	0.02195	0.19976	0.40818	0.11558	0.01713	0.04923	0.01527	0.01985	0.02856	0.01791	0.01144	0.00657	0.00633	0.00194	0.00810	0.02809	0.00340	0.00879
29	0.01544	0.01477	0.02501	0.08924	0.67171	0.01502	0.01912	0.01957	0.03101	0.02054	0.01221	0.01597	0.01016	0.00577	0.00629	0.00191	0.00754	0.00569	0.00320	0.00984
30	0.00779	0.00644	0.00683	0.00674	0.00875	0.00548	0.00505	0.00967	0.01515	0.01879	0.19725	0.05834	0.60089	0.01545	0.00749	0.00211	0.00317	0.01301	0.00611	0.00548
31	0.01718	0.16614	0.28841	0.05396	0.05171	0.17306	0.07236	0.02155	0.01473	0.06757	0.01164	0.01350	0.00884	0.00610	0.00577	0.00182	0.00905	0.00474	0.00323	0.00866
32	0.01408	0.01363	0.02216	0.39885	0.36992	0.03662	0.01833	0.01802	0.01367	0.01832	0.01154	0.01618	0.00920	0.00602	0.00629	0.00199	0.00811	0.00560	0.00298	0.00847
33	0.00815	0.00582	0.00784	0.00931	0.00986	0.00551	0.00661	0.00956	0.01256	0.01666	0.03473	0.65546	0.04105	0.01948	0.00821	0.00263	0.00404	0.13136	0.00588	0.00527
34	0.01490	0.01690	0.03628	0.02609	0.03209	0.01626	0.66941	0.02000	0.01464	0.02000	0.01254	0.01690	0.00954	0.00572	0.00834	0.00218	0.05921	0.00736	0.00318	0.00845
35	0.08400	0.01585	0.01708	0.01327	0.01815	0.04230	0.01092	0.44861	0.02474	0.23480	0.01731	0.01652	0.01178	0.00752	0.00616	0.00192	0.00654	0.00567	0.00648	0.01038
36	0.06186	0.01648	0.07283	0.13291	0.04638	0.03839	0.37023	0.05342	0.03821	0.02109	0.03392	0.04165	0.01198	0.00665	0.00716	0.00211	0.02597	0.00696	0.00360	0.00822
37	0.00784	0.00560	0.00748	0.00896	0.00937	0.00525	0.00608	0.00902	0.01225	0.01631	0.03491	0.74263	0.04172	0.01977	0.00813	0.00259	0.00377	0.04725	0.00589	0.00518
38	0.01426	0.01402	0.01942	0.01658	0.01677	0.01944	0.01381	0.04117	0.01046	0.01618	0.00858	0.01393	0.00842	0.01097	0.02028	0.00274	0.73741	0.00556	0.00291	0.00708
39	0.00949	0.00656	0.00889	0.01015	0.01124	0.00630	0.00800	0.01152	0.01358	0.03828	0.03529	0.38820	0.06854	0.01825	0.00834	0.00270	0.00473	0.33835	0.00592	0.00565
40	0.01141	0.00881	0.00977	0.00927	0.01163	0.00881	0.00697	0.06451	0.16907	0.03944	0.08081	0.21544	0.26422	0.01379	0.00713	0.00216	0.00406	0.01182	0.02744	0.03345
41	0.01792	0.59505	0.07874	0.01216	0.01764	0.08474	0.01194	0.08568	0.01496	0.01770	0.00968	0.01098	0.00839	0.00577	0.00456	0.00148	0.00737	0.00376	0.00310	0.00841
42	0.01520	0.00906	0.03969	0.00930	0.01211	0.00766	0.00749	0.01826	0.04157	0.24137	0.31861	0.03788	0.10011	0.10135	0.00998	0.00249	0.00445	0.00941	0.00659	0.00742
43	0.02275	0.07664	0.06630	0.01144	0.01615	0.01117	0.01007	0.02696	0.08027	0.47436	0.11445	0.02358	0.02057	0.00825	0.00631	0.00194	0.00545	0.00674	0.00682	0.00979
44	0.02041	0.07822	0.03578	0.01637	0.05363	0.47023	0.03146	0.06271	0.01687	0.01757	0.01182	0.04163	0.01046	0.03245	0.00742	0.00190	0.04869	0.00513	0.02970	0.00756
45	0.01639	0.04622	0.31697	0.03687	0.06476	0.05882	0.10708	0.10722	0.09384	0.05556	0.01404	0.01560	0.01030	0.00659	0.00653	0.00199	0.02240	0.00554	0.00391	0.00936
46	0.01314	0.01080	0.01196	0.01076	0.01379	0.01147	0.00842	0.05906	0.34993	0.02499	0.19090	0.03528	0.11614	0.01071	0.00682	0.00206	0.00447	0.04877	0.00628	0.06423

[dist]
# distance from previous block
# <min> <max>
0	1

[block]
# block no. 2 follows, 35 sequences, length 11
# corresponding to MSA columns:
# 248-258
name=unknown_C
#
# <colnr> <probs for GDERKNQSTAVLIFYWHMCP>
#	G	D	E	R	K	N	Q	S	T	A	V	L	I	F	Y	W	H	M	C	P
0	0.01589	0.01466	0.04307	0.05207	0.28942	0.01373	0.03262	0.12147	0.06630	0.02373	0.01317	0.01542	0.01047	0.00588	0.00584	0.00163	0.00658	0.00520	0.00401	0.25884
1	0.02264	0.02757	0.01815	0.08556	0.02186	0.62984	0.01274	0.07466	0.01835	0.01737	0.01034	0.01222	0.00839	0.00660	0.00582	0.00170	0.01084	0.00435	0.00345	0.00758
2	0.01665	0.01717	0.04225	0.12003	0.32254	0.11165	0.07045	0.06710	0.10750	0.02129	0.01354	0.01629	0.01072	0.00650	0.00673	0.00196	0.02900	0.00576	0.00374	0.00915
3	0.01388	0.01388	0.01943	0.01666	0.01666	0.01943	0.01388	0.01527	0.00972	0.01527	0.00833	0.01388	0.00833	0.01110	0.02082	0.00278	0.76544	0.00555	0.00278	0.00694
4	0.01038	0.00859	0.01010	0.01061	0.05303	0.00861	0.00738	0.01638	0.19088	0.02136	0.19511	0.15195	0.26411	0.01350	0.00726	0.00216	0.00393	0.01167	0.00611	0.00690
5	0.01007	0.00764	0.01002	0.01104	0.07627	0.00816	0.00664	0.01091	0.01011	0.01385	0.01988	0.03563	0.05050	0.51504	0.12839	0.00590	0.06280	0.00847	0.00373	0.00497
6	0.00923	0.00615	0.00692	0.00692	0.00692	0.00615	0.00384	0.00923	0.00923	0.01230	0.01999	0.04151	0.02306	0.77705	0.03229	0.00615	0.00615	0.00923	0.00384	0.00384
7	0.01233	0.21571	0.04063	0.01129	0.05455	0.01236	0.00899	0.01569	0.04221	0.03908	0.37276	0.07350	0.03720	0.01051	0.00645	0.00188	0.00473	0.02762	0.00539	0.00713
8	0.01722	0.48171	0.13249	0.01634	0.13094	0.02057	0.01387	0.02034	0.01370	0.08420	0.01118	0.01257	0.00913	0.00577	0.00491	0.00159	0.00715	0.00421	0.00325	0.00886
9	0.04970	0.27514	0.19597	0.03806	0.02069	0.15517	0.01427	0.10232	0.05705	0.02043	0.01142	0.01277	0.00904	0.00626	0.00531	0.00172	0.00816	0.00439	0.00350	0.00862
10	0.21850	0.09869	0.07707	0.01581	0.14820	0.01352	0.01139	0.05482	0.01365	0.04584	0.01579	0.13200	0.01513	0.00892	0.00614	0.02060	0.00596	0.03717	0.00415	0.05662

[dist]
# distance from previous block
# <min> <max>
6	34

[block]
# block no. 3 follows, 35 sequences, length 13
# corresponding to MSA columns:
# 293-296,298-306
name=unknown_D
#
# <colnr> <probs for GDERKNQSTAVLIFYWHMCP>
#	G	D	E	R	K	N	Q	S	T	A	V	L	I	F	Y	W	H	M	C	P
0	0.01273	0.04022	0.01570	0.11475	0.03760	0.01046	0.04970	0.01655	0.05270	0.01962	0.01670	0.07388	0.04177	0.00724	0.00570	0.00151	0.00563	0.03001	0.00400	0.44353
1	0.01560	0.01575	0.02316	0.26690	0.26901	0.09502	0.10467	0.04732	0.06294	0.01979	0.01267	0.01633	0.00993	0.00621	0.00641	0.00198	0.00847	0.00581	0.00341	0.00862
2	0.00894	0.00664	0.00870	0.06086	0.01217	0.00669	0.00709	0.01169	0.06459	0.01752	0.03266	0.57203	0.05637	0.01721	0.00767	0.00246	0.00415	0.04649	0.05035	0.00572
3	0.04467	0.19021	0.20139	0.01702	0.08041	0.01854	0.05605	0.24598	0.01887	0.05065	0.01258	0.01387	0.00944	0.00640	0.00575	0.00182	0.00767	0.00499	0.00416	0.00953
4	0.01554	0.17001	0.07968	0.03690	0.11804	0.05735	0.12514	0.03097	0.06362	0.06290	0.01608	0.07665	0.01432	0.03268	0.04826	0.00252	0.00810	0.02907	0.00393	0.00826
5	0.00769	0.00566	0.00722	0.00846	0.00910	0.00518	0.00572	0.00888	0.01250	0.01634	0.03950	0.66268	0.14926	0.01929	0.00800	0.00251	0.00361	0.01732	0.00589	0.00518
6	0.09381	0.09172	0.07184	0.05303	0.28131	0.03715	0.08515	0.06871	0.01540	0.09274	0.01366	0.01728	0.01090	0.00652	0.00604	0.00192	0.00749	0.03227	0.00393	0.00913
7	0.01607	0.09592	0.16092	0.05538	0.29875	0.10978	0.01704	0.02180	0.10299	0.01974	0.01284	0.01516	0.01028	0.00637	0.00640	0.00189	0.03084	0.00523	0.00341	0.00917
8	0.01071	0.00799	0.01083	0.01274	0.07979	0.00779	0.00919	0.01395	0.05220	0.04422	0.06287	0.18402	0.15403	0.01559	0.00794	0.00252	0.00500	0.30643	0.00575	0.00643
9	0.01598	0.04821	0.15564	0.04997	0.17136	0.07372	0.05087	0.11805	0.07567	0.02342	0.08620	0.01846	0.01523	0.00699	0.00620	0.00186	0.00742	0.00595	0.00419	0.06459
10	0.00789	0.00577	0.00731	0.00832	0.00902	0.00531	0.00564	0.00918	0.01285	0.01697	0.10256	0.56882	0.13844	0.05896	0.00924	0.00265	0.00368	0.01632	0.00588	0.00519
11	0.03521	0.01221	0.01381	0.01050	0.01532	0.03909	0.00840	0.03321	0.03024	0.08764	0.01336	0.03700	0.01104	0.00614	0.00616	0.00131	0.05742	0.00468	0.00424	0.57301
12	0.04895	0.19573	0.18648	0.01523	0.06841	0.01616	0.05077	0.08685	0.05505	0.05503	0.09082	0.02020	0.05528	0.00757	0.00615	0.00187	0.02058	0.00607	0.00423	0.00861

[dist]
# distance from previous block
# <min> <max>
1	5

[block]
# block no. 4 follows, 35 sequences, length 41
# corresponding to MSA columns:
# 312-352
name=unknown_E
#
# <colnr> <probs for GDERKNQSTAVLIFYWHMCP>
#	G	D	E	R	K	N	Q	S	T	A	V	L	I	F	Y	W	H	M	C	P
0	0.01557	0.05556	0.06468	0.01199	0.01570	0.01331	0.01018	0.06131	0.34769	0.09475	0.11157	0.04127	0.04338	0.03132	0.00734	0.00222	0.00532	0.05195	0.00604	0.00885
1	0.00909	0.04065	0.00896	0.00841	0.00979	0.00692	0.00606	0.04316	0.01423	0.01857	0.13384	0.40050	0.20884	0.05008	0.00867	0.00246	0.00388	0.01441	0.00583	0.00565
2	0.04714	0.01806	0.19687	0.10862	0.10607	0.06579	0.01510	0.03198	0.01514	0.19291	0.04076	0.03458	0.01387	0.00761	0.00663	0.00201	0.02653	0.03476	0.00451	0.03106
3	0.01696	0.01700	0.10306	0.10054	0.45733	0.03860	0.01811	0.06987	0.01568	0.08273	0.01309	0.01589	0.01015	0.00611	0.00625	0.00192	0.00773	0.00556	0.00369	0.00972
4	0.04944	0.00852	0.01032	0.00987	0.01228	0.00822	0.00778	0.06920	0.03588	0.15513	0.06627	0.21933	0.16485	0.01429	0.00740	0.00233	0.00463	0.14095	0.00626	0.00705
5	0.01847	0.02040	0.18888	0.01700	0.08483	0.15274	0.04021	0.02388	0.09777	0.17067	0.04445	0.01964	0.04517	0.00765	0.00691	0.00198	0.03960	0.00607	0.00467	0.00899
6	0.03180	0.01603	0.04396	0.09460	0.30541	0.03890	0.25299	0.05263	0.01532	0.05172	0.01319	0.03052	0.01047	0.00611	0.00667	0.00200	0.00861	0.00642	0.00355	0.00909
7	0.01362	0.03275	0.17638	0.06042	0.21309	0.04054	0.16507	0.01796	0.01399	0.01916	0.01613	0.10416	0.01509	0.02531	0.00738	0.00220	0.00819	0.05668	0.00355	0.00832
8	0.01534	0.01505	0.02359	0.24852	0.43514	0.05901	0.04878	0.04289	0.01469	0.01973	0.01177	0.01585	0.00948	0.00596	0.00632	0.00195	0.00816	0.00564	0.00317	0.00897
9	0.01457	0.05687	0.11742	0.03522	0.15968	0.04538	0.08889	0.03830	0.01391	0.05062	0.01745	0.10261	0.04596	0.00937	0.00922	0.00219	0.14416	0.03623	0.00384	0.00810
10	0.04536	0.01493	0.02064	0.04256	0.19460	0.10673	0.13781	0.04834	0.03147	0.05205	0.01953	0.05302	0.04637	0.00917	0.00723	0.00216	0.02431	0.13132	0.00429	0.00811
11	0.01928	0.01291	0.04539	0.03083	0.07418	0.03883	0.01073	0.14786	0.05427	0.24911	0.07106	0.13077	0.04430	0.01014	0.00676	0.00207	0.00584	0.03056	0.00616	0.00897
12	0.00906	0.00680	0.01020	0.01020	0.01133	0.00793	0.00793	0.01133	0.01020	0.01473	0.01699	0.02492	0.01586	0.04758	0.75191	0.01020	0.01699	0.00680	0.00340	0.00566
13	0.01638	0.01699	0.05223	0.09969	0.29172	0.12805	0.08656	0.03980	0.05918	0.04626	0.02888	0.02070	0.04071	0.00722	0.00651	0.00198	0.00806	0.03646	0.00387	0.00876
14	0.01347	0.02882	0.56776	0.01941	0.07907	0.04662	0.05403	0.02044	0.04366	0.02008	0.01291	0.04224	0.01000	0.00661	0.00620	0.00202	0.00900	0.00546	0.00304	0.00917
15	0.00771	0.00558	0.00730	0.00868	0.00916	0.00517	0.00582	0.00885	0.01229	0.01625	0.03679	0.72863	0.08506	0.01964	0.00806	0.00255	0.00365	0.01775	0.00589	0.00517
16	0.08212	0.05749	0.04894	0.04960	0.03549	0.03422	0.06578	0.13654	0.05334	0.25424	0.01859	0.05466	0.01418	0.00814	0.00679	0.00203	0.03370	0.02940	0.00555	0.00921
17	0.01550	0.01523	0.02519	0.12331	0.59984	0.04036	0.04928	0.01932	0.01438	0.01999	0.01182	0.01576	0.00978	0.00575	0.00632	0.00191	0.00792	0.00568	0.00311	0.00954
18	0.01198	0.01128	0.01903	0.76180	0.04369	0.01409	0.01762	0.01621	0.01268	0.01621	0.01128	0.01691	0.00846	0.00634	0.00634	0.00211	0.00846	0.00564	0.00282	0.00705
19	0.00789	0.00637	0.00702	0.00700	0.00885	0.00550	0.00520	0.00982	0.01518	0.01918	0.23284	0.10973	0.51209	0.01556	0.00754	0.00214	0.00319	0.01324	0.00617	0.00550
20	0.01562	0.29775	0.27593	0.05056	0.02272	0.10764	0.05944	0.01976	0.01382	0.01748	0.03013	0.01335	0.00965	0.00622	0.00598	0.00177	0.03632	0.00459	0.00292	0.00834
21	0.01198	0.01128	0.01903	0.76180	0.04369	0.01409	0.01762	0.01621	0.01268	0.01621	0.01128	0.01691	0.00846	0.00634	0.00634	0.00211	0.00846	0.00564	0.00282	0.00705
22	0.01261	0.03087	0.68165	0.01758	0.02622	0.01455	0.02228	0.01953	0.01344	0.02012	0.04275	0.01490	0.01031	0.00654	0.00671	0.00204	0.04089	0.00502	0.00287	0.00913
23	0.01442	0.01373	0.02301	0.27871	0.46688	0.01487	0.01843	0.01871	0.03509	0.01926	0.01204	0.01630	0.00976	0.00610	0.00666	0.00199	0.02625	0.00569	0.00312	0.00897
24	0.01335	0.02776	0.52500	0.02010	0.02815	0.01536	0.19146	0.01984	0.01354	0.01984	0.01154	0.01433	0.00844	0.00619	0.00734	0.00209	0.05842	0.00543	0.00281	0.00902
25	0.00773	0.00552	0.00736	0.00883	0.00920	0.00515	0.00589	0.00883	0.01215	0.01619	0.03497	0.77291	0.04196	0.01987	0.00810	0.00258	0.00368	0.01803	0.00589	0.00515
26	0.04542	0.01379	0.01545	0.05466	0.01840	0.01527	0.01062	0.19851	0.36121	0.14006	0.02201	0.04267	0.01635	0.00837	0.00638	0.00207	0.00571	0.00681	0.00634	0.00993
27	0.00847	0.00667	0.00766	0.00738	0.00925	0.00597	0.00554	0.01123	0.03725	0.02147	0.38986	0.05328	0.38444	0.01433	0.00746	0.00207	0.00316	0.01227	0.00644	0.00580
28	0.00914	0.00688	0.00798	0.00758	0.00955	0.00621	0.00573	0.01212	0.04617	0.04140	0.38547	0.05179	0.35871	0.01403	0.00742	0.00207	0.00324	0.01201	0.00650	0.00601
29	0.01484	0.01770	0.06801	0.02603	0.03237	0.01609	0.66142	0.02015	0.01473	0.02015	0.01263	0.01684	0.00951	0.00556	0.00785	0.00215	0.03494	0.00730	0.00317	0.00854
30	0.01488	0.01818	0.08900	0.10655	0.05645	0.05046	0.51146	0.01994	0.01460	0.01952	0.01227	0.01641	0.00929	0.00571	0.00743	0.00211	0.02741	0.00680	0.00311	0.00841
31	0.01537	0.01460	0.02451	0.03653	0.67718	0.01465	0.01848	0.01957	0.03846	0.02115	0.04825	0.01754	0.01283	0.00611	0.00635	0.00190	0.00723	0.00599	0.00344	0.00985
32	0.00827	0.00606	0.00788	0.00914	0.01002	0.00567	0.00673	0.00986	0.01304	0.01697	0.03882	0.51078	0.13932	0.01879	0.00816	0.00259	0.00411	0.17256	0.00588	0.00534
33	0.01290	0.02904	0.61568	0.01780	0.02623	0.01407	0.07328	0.01957	0.01352	0.03633	0.01397	0.01609	0.03499	0.00821	0.03908	0.00238	0.00950	0.00534	0.00298	0.00904
34	0.00890	0.00687	0.00831	0.00883	0.01047	0.00645	0.00693	0.01176	0.04816	0.01909	0.14102	0.17685	0.29680	0.01633	0.00790	0.00241	0.00409	0.20697	0.00605	0.00577
35	0.01631	0.03700	0.02655	0.06071	0.42439	0.05026	0.16505	0.07290	0.01574	0.02163	0.01249	0.01596	0.01004	0.00587	0.00639	0.00191	0.00819	0.00592	0.03337	0.00933
36	0.01416	0.01377	0.02063	0.50304	0.21367	0.06531	0.01750	0.04360	0.01412	0.01817	0.01148	0.01617	0.00892	0.00623	0.00628	0.00202	0.00838	0.00554	0.00306	0.00795
37	0.01980	0.01124	0.01604	0.01315	0.01588	0.01229	0.04129	0.02202	0.01451	0.34995	0.05490	0.05589	0.01658	0.01132	0.04358	0.00260	0.24819	0.00697	0.03524	0.00856
38	0.00801	0.00573	0.00764	0.00884	0.00941	0.00536	0.00609	0.00945	0.01304	0.01757	0.12934	0.64409	0.04414	0.01884	0.00804	0.00251	0.00368	0.04689	0.00603	0.00530
39	0.01466	0.04457	0.12745	0.07639	0.26590	0.01417	0.17057	0.01884	0.01415	0.06013	0.01616	0.08036	0.03587	0.00744	0.00695	0.00204	0.02479	0.00716	0.00363	0.00876
40	0.02002	0.23160	0.05542	0.03146	0.05057	0.28004	0.08464	0.02262	0.01547	0.10069	0.01174	0.01334	0.00927	0.00640	0.00624	0.00173	0.04220	0.00470	0.00358	0.00827

[dist]
# distance from previous block
# <min> <max>
1	2

[block]
# block no. 5 follows, 35 sequences, length 27
# corresponding to MSA columns:
# 355-381
name=unknown_F
#
# <colnr> <probs for GDERKNQSTAVLIFYWHMCP>
#	G	D	E	R	K	N	Q	S	T	A	V	L	I	F	Y	W	H	M	C	P
0	0.01630	0.01530	0.02150	0.14246	0.37732	0.06690	0.01630	0.10865	0.05385	0.02194	0.01373	0.05136	0.01167	0.00718	0.00712	0.00200	0.04733	0.00620	0.00380	0.00910
1	0.08164	0.01246	0.11421	0.01122	0.01465	0.01006	0.03277	0.05377	0.02984	0.08860	0.23359	0.08604	0.11353	0.01197	0.02473	0.00230	0.04157	0.02421	0.00551	0.00730
2	0.01267	0.01367	0.13323	0.05895	0.03703	0.01080	0.05233	0.07190	0.07961	0.04379	0.06104	0.23542	0.04276	0.01169	0.00703	0.00219	0.00602	0.06043	0.00503	0.05442
3	0.01491	0.01497	0.04686	0.05768	0.47837	0.01385	0.08866	0.01878	0.01415	0.02049	0.01186	0.01533	0.00976	0.00547	0.00609	0.00174	0.00741	0.00545	0.00324	0.16494
4	0.01315	0.01128	0.01315	0.00940	0.01503	0.00846	0.00752	0.01597	0.01315	0.02067	0.01128	0.01315	0.00940	0.00470	0.00470	0.00094	0.00470	0.00376	0.00376	0.81583
5	0.01413	0.01465	0.07160	0.06804	0.51672	0.01349	0.01715	0.01832	0.03159	0.02098	0.09977	0.02165	0.04989	0.00713	0.00647	0.00194	0.00691	0.00667	0.00375	0.00915
6	0.01267	0.01174	0.01963	0.24107	0.27934	0.01244	0.06605	0.01653	0.03521	0.01866	0.01897	0.15221	0.04960	0.00896	0.00672	0.00210	0.00696	0.00838	0.02490	0.00787
7	0.00853	0.00669	0.00810	0.00832	0.02972	0.00598	0.00598	0.01089	0.01609	0.02130	0.38694	0.07765	0.34367	0.01443	0.00751	0.00210	0.00331	0.03063	0.00634	0.00580
8	0.01687	0.01336	0.02205	0.11953	0.39407	0.01353	0.05917	0.03580	0.01519	0.13937	0.03554	0.02054	0.03483	0.00709	0.00688	0.00200	0.02641	0.02427	0.00420	0.00928
9	0.01601	0.01453	0.02103	0.12139	0.26843	0.04904	0.06348	0.08627	0.01560	0.04513	0.02838	0.01600	0.01087	0.00628	0.00682	0.00178	0.04703	0.00547	0.00377	0.17268
10	0.62293	0.01216	0.01084	0.00920	0.01338	0.01339	0.00759	0.04731	0.01308	0.18100	0.01252	0.01290	0.00890	0.00637	0.00454	0.00196	0.00509	0.00415	0.00485	0.00785
11	0.01844	0.04152	0.01643	0.01344	0.01749	0.04366	0.01071	0.22381	0.48155	0.02951	0.02170	0.02041	0.01618	0.00815	0.00632	0.00204	0.00586	0.00652	0.00618	0.01009
12	0.01631	0.01425	0.02374	0.09209	0.59068	0.01422	0.01794	0.01996	0.01454	0.07817	0.01290	0.01615	0.01035	0.00584	0.00622	0.00186	0.00730	0.00562	0.00352	0.04834
13	0.01654	0.36591	0.09813	0.01501	0.07260	0.09375	0.01297	0.05597	0.03997	0.01823	0.04626	0.01437	0.01157	0.00781	0.02419	0.00194	0.08842	0.00473	0.00336	0.00825
14	0.06254	0.01453	0.03583	0.04131	0.02052	0.01434	0.10778	0.25373	0.04732	0.28263	0.04170	0.01888	0.01395	0.00743	0.00643	0.00198	0.00673	0.00630	0.00614	0.00994
15	0.02369	0.01095	0.01423	0.01070	0.01583	0.00905	0.00876	0.02626	0.01660	0.51694	0.02074	0.01896	0.01374	0.00687	0.00586	0.00164	0.00518	0.00556	0.00658	0.26187
16	0.01469	0.01123	0.01331	0.00959	0.01515	0.00854	0.00770	0.01747	0.01366	0.09287	0.01265	0.01400	0.01003	0.00501	0.00487	0.00104	0.00477	0.00402	0.00417	0.73524
17	0.00864	0.00697	0.00899	0.00822	0.01022	0.00620	0.03931	0.01115	0.01633	0.02167	0.41560	0.05174	0.34375	0.01392	0.00749	0.00206	0.00345	0.01210	0.00634	0.00584
18	0.00908	0.00674	0.00992	0.00992	0.01096	0.00778	0.00759	0.01115	0.01011	0.01452	0.01724	0.02632	0.01647	0.10898	0.69134	0.00985	0.01608	0.00700	0.00344	0.00551
19	0.01399	0.01397	0.04208	0.09723	0.42802	0.01353	0.11875	0.01794	0.01479	0.02081	0.11818	0.04003	0.01789	0.00712	0.00668	0.00198	0.00737	0.00706	0.00374	0.00882
20	0.01047	0.00571	0.00785	0.00785	0.00785	0.00571	0.00500	0.00856	0.00856	0.01141	0.01376	0.02607	0.01470	0.25254	0.02708	0.56836	0.00571	0.00664	0.00309	0.00309
21	0.01627	0.01564	0.02549	0.03301	0.52960	0.03331	0.09418	0.07226	0.01555	0.02185	0.01209	0.01553	0.00993	0.00590	0.00674	0.00188	0.02957	0.00572	0.00342	0.05206
22	0.00978	0.00710	0.00964	0.00948	0.01046	0.00792	0.00696	0.04427	0.01093	0.01532	0.01831	0.05339	0.01842	0.24190	0.49761	0.00846	0.01315	0.00777	0.00374	0.00540
23	0.01282	0.05218	0.53302	0.01745	0.02526	0.03207	0.09302	0.01897	0.01380	0.01954	0.01680	0.02037	0.06864	0.00733	0.00636	0.00205	0.00880	0.03966	0.00317	0.00870
24	0.01198	0.01128	0.01903	0.76180	0.04369	0.01409	0.01762	0.01621	0.01268	0.01621	0.01128	0.01691	0.00846	0.00634	0.00634	0.00211	0.00846	0.00564	0.00282	0.00705
25	0.01552	0.01464	0.02482	0.03739	0.70325	0.01464	0.01876	0.01925	0.01439	0.02086	0.01234	0.01607	0.01034	0.00573	0.00619	0.00187	0.00732	0.00566	0.04107	0.00985
26	0.01354	0.01287	0.02185	0.45873	0.33457	0.01450	0.01839	0.01758	0.01342	0.01810	0.01155	0.01641	0.00912	0.00605	0.00632	0.00202	0.00807	0.00564	0.00295	0.00831

[dist]
# distance from previous block
# <min> <max>
0	0

# created by:
# /home/cegg/simao/soft/augustus-3.2.1/scripts/msa2prfl.pl ./align_prep/EOG090W0FOM.fa
