[name]
unknown

[dist]
# distance from previous block
# <min> <max>
0	75

[block]
# block no. 0 follows, 32 sequences, length 24
# corresponding to MSA columns:
# 75-98
name=unknown_A
#
# <colnr> <probs for GDERKNQSTAVLIFYWHMCP>
#	G	D	E	R	K	N	Q	S	T	A	V	L	I	F	Y	W	H	M	C	P
0	0.01081	0.00772	0.01081	0.01236	0.01390	0.00772	0.01081	0.01390	0.01545	0.02008	0.03553	0.07569	0.03862	0.01854	0.00927	0.00309	0.00618	0.67717	0.00618	0.00618
1	0.01632	0.01565	0.02671	0.09340	0.67239	0.01587	0.02045	0.02034	0.01514	0.02157	0.01257	0.01670	0.01050	0.00603	0.00665	0.00201	0.00804	0.00598	0.00330	0.01039
2	0.00818	0.00584	0.00779	0.00934	0.00973	0.00545	0.00623	0.00934	0.01285	0.01713	0.03698	0.75981	0.04438	0.02102	0.00856	0.00273	0.00389	0.01908	0.00623	0.00545
3	0.02551	0.01879	0.02014	0.01544	0.02081	0.02081	0.01275	0.69996	0.03155	0.04229	0.01611	0.01611	0.01141	0.00805	0.00671	0.00201	0.00738	0.00604	0.00671	0.01141
4	0.01468	0.01468	0.02055	0.01762	0.01762	0.02055	0.01468	0.01615	0.01028	0.01615	0.00881	0.01468	0.00881	0.01174	0.02202	0.00294	0.75191	0.00587	0.00294	0.00734
5	0.01346	0.03471	0.72942	0.01912	0.02904	0.01558	0.02479	0.02125	0.01417	0.02125	0.01204	0.01417	0.00850	0.00637	0.00637	0.00212	0.00992	0.00496	0.00283	0.00992
6	0.01669	0.01441	0.01517	0.01365	0.01745	0.01669	0.01062	0.03565	0.71021	0.02807	0.02731	0.02503	0.02048	0.00910	0.00683	0.00228	0.00531	0.00759	0.00683	0.01062
7	0.00950	0.00686	0.00897	0.00844	0.01002	0.00633	0.00633	0.01266	0.01899	0.02691	0.71879	0.05012	0.06331	0.01372	0.00791	0.00211	0.00317	0.01213	0.00739	0.00633
8	0.01669	0.01441	0.01517	0.01365	0.01745	0.01669	0.01062	0.03565	0.71021	0.02807	0.02731	0.02503	0.02048	0.00910	0.00683	0.00228	0.00531	0.00759	0.00683	0.01062
9	0.00820	0.00686	0.00717	0.00726	0.00944	0.00584	0.00555	0.01006	0.01546	0.01864	0.09387	0.06473	0.64352	0.01696	0.00802	0.00232	0.00358	0.06050	0.00628	0.00573
10	0.01346	0.03471	0.72942	0.01912	0.02904	0.01558	0.02479	0.02125	0.01417	0.02125	0.01204	0.01417	0.00850	0.00637	0.00637	0.00212	0.00992	0.00496	0.00283	0.00992
11	0.00818	0.00584	0.00779	0.00934	0.00973	0.00545	0.00623	0.00934	0.01285	0.01713	0.03698	0.75981	0.04438	0.02102	0.00856	0.00273	0.00389	0.01908	0.00623	0.00545
12	0.01661	0.01594	0.02724	0.04119	0.72233	0.01594	0.02059	0.02059	0.01528	0.02192	0.01262	0.01661	0.01063	0.00598	0.00664	0.00199	0.00797	0.00598	0.00332	0.01063
13	0.02506	0.03198	0.01901	0.01729	0.02074	0.73725	0.01296	0.02679	0.01901	0.01642	0.01037	0.01210	0.00864	0.00691	0.00605	0.00173	0.01210	0.00432	0.00346	0.00778
14	0.81159	0.01298	0.00986	0.00882	0.01298	0.01505	0.00727	0.01972	0.01142	0.03010	0.00934	0.01090	0.00727	0.00623	0.00415	0.00208	0.00519	0.00363	0.00415	0.00727
15	0.01774	0.01493	0.01576	0.01387	0.01785	0.01718	0.01087	0.11469	0.62946	0.02976	0.02598	0.02397	0.01940	0.00898	0.00681	0.00224	0.00556	0.00740	0.00681	0.01071
16	0.01508	0.01676	0.03595	0.02592	0.03209	0.01570	0.61567	0.02044	0.01621	0.02214	0.09748	0.02191	0.01650	0.00662	0.00792	0.00224	0.01034	0.00842	0.00387	0.00873
17	0.00918	0.00685	0.00854	0.00811	0.00983	0.00620	0.00609	0.01206	0.01826	0.02516	0.58918	0.05300	0.19401	0.01437	0.00792	0.00214	0.00321	0.01254	0.00716	0.00620
18	0.01495	0.01504	0.01993	0.01720	0.01752	0.04666	0.01423	0.01712	0.03670	0.01658	0.00990	0.01540	0.00953	0.01290	0.04753	0.00316	0.66917	0.00593	0.00312	0.00743
19	0.81159	0.01298	0.00986	0.00882	0.01298	0.01505	0.00727	0.01972	0.01142	0.03010	0.00934	0.01090	0.00727	0.00623	0.00415	0.00208	0.00519	0.00363	0.00415	0.00727
20	0.01669	0.01441	0.01517	0.01365	0.01745	0.01669	0.01062	0.03565	0.71021	0.02807	0.02731	0.02503	0.02048	0.00910	0.00683	0.00228	0.00531	0.00759	0.00683	0.01062
21	0.00793	0.00680	0.00680	0.00680	0.00906	0.00566	0.00510	0.00963	0.01529	0.01813	0.06797	0.06457	0.71961	0.01699	0.00793	0.00227	0.00340	0.01416	0.00623	0.00566
22	0.01669	0.01441	0.01517	0.01365	0.01745	0.01669	0.01062	0.03565	0.71021	0.02807	0.02731	0.02503	0.02048	0.00910	0.00683	0.00228	0.00531	0.00759	0.00683	0.01062
23	0.81159	0.01298	0.00986	0.00882	0.01298	0.01505	0.00727	0.01972	0.01142	0.03010	0.00934	0.01090	0.00727	0.00623	0.00415	0.00208	0.00519	0.00363	0.00415	0.00727

[dist]
# distance from previous block
# <min> <max>
0	3

[block]
# block no. 1 follows, 32 sequences, length 66
# corresponding to MSA columns:
# 106-171
name=unknown_B
#
# <colnr> <probs for GDERKNQSTAVLIFYWHMCP>
#	G	D	E	R	K	N	Q	S	T	A	V	L	I	F	Y	W	H	M	C	P
0	0.00950	0.00686	0.00897	0.00844	0.01002	0.00633	0.00633	0.01266	0.01899	0.02691	0.71879	0.05012	0.06331	0.01372	0.00791	0.00211	0.00317	0.01213	0.00739	0.00633
1	0.01794	0.76823	0.03516	0.01148	0.01722	0.02655	0.01148	0.02009	0.01363	0.01579	0.00933	0.01076	0.00861	0.00574	0.00431	0.00144	0.00718	0.00359	0.00287	0.00861
2	0.00944	0.00686	0.00889	0.00838	0.00999	0.00631	0.00629	0.01255	0.01886	0.02660	0.69571	0.05063	0.08659	0.01383	0.00791	0.00212	0.00317	0.01221	0.00735	0.00631
3	0.03010	0.01142	0.01557	0.01194	0.01713	0.00986	0.00986	0.03270	0.01920	0.72698	0.02647	0.02284	0.01661	0.00830	0.00675	0.00208	0.00571	0.00675	0.00830	0.01142
4	0.01081	0.00772	0.01081	0.01236	0.01390	0.00772	0.01081	0.01390	0.01545	0.02008	0.03553	0.07569	0.03862	0.01854	0.00927	0.00309	0.00618	0.67717	0.00618	0.00618
5	0.02506	0.03198	0.01901	0.01729	0.02074	0.73725	0.01296	0.02679	0.01901	0.01642	0.01037	0.01210	0.00864	0.00691	0.00605	0.00173	0.01210	0.00432	0.00346	0.00778
6	0.01669	0.01441	0.01517	0.01365	0.01745	0.01669	0.01062	0.03565	0.71021	0.02807	0.02731	0.02503	0.02048	0.00910	0.00683	0.00228	0.00531	0.00759	0.00683	0.01062
7	0.01468	0.01468	0.02055	0.01762	0.01762	0.02055	0.01468	0.01615	0.01028	0.01615	0.00881	0.01468	0.00881	0.01174	0.02202	0.00294	0.75191	0.00587	0.00294	0.00734
8	0.00818	0.00584	0.00779	0.00934	0.00973	0.00545	0.00623	0.00934	0.01285	0.01713	0.03698	0.75981	0.04438	0.02102	0.00856	0.00273	0.00389	0.01908	0.00623	0.00545
9	0.01661	0.01594	0.02724	0.04119	0.72233	0.01594	0.02059	0.02059	0.01528	0.02192	0.01262	0.01661	0.01063	0.00598	0.00664	0.00199	0.00797	0.00598	0.00332	0.01063
10	0.02547	0.01373	0.01638	0.01312	0.01796	0.01395	0.01065	0.16770	0.21300	0.39579	0.02462	0.02209	0.01664	0.00848	0.00676	0.00212	0.00594	0.00684	0.00758	0.01120
11	0.00950	0.00686	0.00897	0.00844	0.01002	0.00633	0.00633	0.01266	0.01899	0.02691	0.71879	0.05012	0.06331	0.01372	0.00791	0.00211	0.00317	0.01213	0.00739	0.00633
12	0.01631	0.01564	0.02670	0.09476	0.67109	0.01586	0.02044	0.02033	0.01514	0.02156	0.01257	0.01670	0.01050	0.00603	0.00665	0.00201	0.00805	0.00598	0.00330	0.01039
13	0.01059	0.00758	0.01050	0.01170	0.01325	0.00749	0.01006	0.01369	0.01604	0.02123	0.15076	0.07138	0.04278	0.01772	0.00904	0.00292	0.00567	0.56501	0.00638	0.00620
14	0.01616	0.01396	0.01467	0.01324	0.01694	0.01603	0.01029	0.03409	0.66842	0.02747	0.02976	0.02741	0.06253	0.00958	0.00689	0.00228	0.00520	0.00798	0.00679	0.01032
15	0.00813	0.00672	0.00716	0.00740	0.00939	0.00575	0.00553	0.00986	0.01509	0.01832	0.07955	0.15076	0.58846	0.01748	0.00807	0.00236	0.00358	0.04447	0.00626	0.00568
16	0.01643	0.01576	0.02691	0.07329	0.69162	0.01590	0.02050	0.02044	0.01519	0.02170	0.01259	0.01667	0.01055	0.00601	0.00665	0.00200	0.00802	0.00598	0.00331	0.01048
17	0.05336	0.03130	0.01869	0.01698	0.02046	0.71127	0.01276	0.02654	0.01874	0.01691	0.01033	0.01206	0.00859	0.00689	0.00598	0.00174	0.01185	0.00430	0.00348	0.00776
18	0.01298	0.01224	0.02069	0.69225	0.09960	0.01499	0.01879	0.01742	0.01356	0.01752	0.01198	0.01779	0.00908	0.00665	0.00670	0.00222	0.00887	0.00596	0.00301	0.00770
19	0.01800	0.56524	0.16069	0.01318	0.01955	0.05726	0.01392	0.02119	0.01423	0.04873	0.01064	0.01199	0.00895	0.00603	0.00488	0.00160	0.00784	0.00402	0.00313	0.00894
20	0.01386	0.01475	0.10248	0.01108	0.01753	0.00977	0.01004	0.01743	0.01394	0.02179	0.01194	0.01394	0.00976	0.00514	0.00514	0.00113	0.00558	0.00410	0.00383	0.70676
21	0.00922	0.00701	0.00923	0.00877	0.01047	0.00638	0.02401	0.01194	0.01749	0.02399	0.50020	0.13971	0.17650	0.01500	0.00800	0.00222	0.00351	0.01325	0.00693	0.00617
22	0.01598	0.01789	0.03492	0.02566	0.03132	0.04932	0.55090	0.02136	0.03730	0.02087	0.01415	0.01974	0.01130	0.00690	0.00930	0.00234	0.08718	0.03124	0.00356	0.00876
23	0.00818	0.00584	0.00779	0.00934	0.00973	0.00545	0.00623	0.00934	0.01285	0.01713	0.03698	0.75981	0.04438	0.02102	0.00856	0.00273	0.00389	0.01908	0.00623	0.00545
24	0.01531	0.33799	0.44238	0.01596	0.02415	0.02012	0.01929	0.02077	0.01395	0.01899	0.01092	0.01276	0.00855	0.00611	0.00552	0.00184	0.00878	0.00439	0.00285	0.00938
25	0.01877	0.01545	0.01634	0.01408	0.01824	0.01766	0.01112	0.19230	0.55018	0.03142	0.02467	0.02293	0.01834	0.00886	0.00680	0.00221	0.00580	0.00722	0.00680	0.01081
26	0.00818	0.00584	0.00779	0.00934	0.00973	0.00545	0.00623	0.00934	0.01285	0.01713	0.03698	0.75981	0.04438	0.02102	0.00856	0.00273	0.00389	0.01908	0.00623	0.00545
27	0.02480	0.01844	0.01974	0.01530	0.02054	0.02048	0.01258	0.64662	0.08604	0.04115	0.01701	0.01683	0.01214	0.00814	0.00672	0.00203	0.00722	0.00617	0.00672	0.01135
28	0.00816	0.00656	0.00728	0.00761	0.00933	0.00568	0.00551	0.00988	0.01506	0.01880	0.12851	0.23872	0.48006	0.01767	0.00809	0.00237	0.00350	0.01519	0.00635	0.00568
29	0.01267	0.01193	0.02013	0.74806	0.04621	0.01491	0.01863	0.01714	0.01342	0.01714	0.01193	0.01789	0.00894	0.00671	0.00671	0.00224	0.00894	0.00596	0.00298	0.00745
30	0.81159	0.01298	0.00986	0.00882	0.01298	0.01505	0.00727	0.01972	0.01142	0.03010	0.00934	0.01090	0.00727	0.00623	0.00415	0.00208	0.00519	0.00363	0.00415	0.00727
31	0.02506	0.03198	0.01901	0.01729	0.02074	0.73725	0.01296	0.02679	0.01901	0.01642	0.01037	0.01210	0.00864	0.00691	0.00605	0.00173	0.01210	0.00432	0.00346	0.00778
32	0.02506	0.03198	0.01901	0.01729	0.02074	0.73725	0.01296	0.02679	0.01901	0.01642	0.01037	0.01210	0.00864	0.00691	0.00605	0.00173	0.01210	0.00432	0.00346	0.00778
33	0.00800	0.00680	0.00690	0.00687	0.00911	0.00569	0.00515	0.00977	0.01546	0.01853	0.09753	0.06392	0.68980	0.01684	0.00793	0.00226	0.00339	0.01407	0.00628	0.00569
34	0.01267	0.01193	0.02013	0.74806	0.04621	0.01491	0.01863	0.01714	0.01342	0.01714	0.01193	0.01789	0.00894	0.00671	0.00671	0.00224	0.00894	0.00596	0.00298	0.00745
35	0.00959	0.00719	0.01078	0.01078	0.01198	0.00839	0.00839	0.01198	0.01078	0.01558	0.01797	0.02636	0.01677	0.05032	0.73760	0.01078	0.01797	0.00719	0.00359	0.00599
36	0.00966	0.00689	0.00926	0.00926	0.00994	0.00756	0.00649	0.01101	0.01033	0.01445	0.01936	0.03406	0.02012	0.36358	0.42891	0.00891	0.01294	0.00832	0.00380	0.00515
37	0.00803	0.00668	0.00702	0.00719	0.00919	0.00567	0.00529	0.00973	0.01516	0.01840	0.09334	0.14998	0.60658	0.01734	0.00801	0.00232	0.00345	0.01468	0.00628	0.00567
38	0.00818	0.00584	0.00779	0.00934	0.00973	0.00545	0.00623	0.00934	0.01285	0.01713	0.03698	0.75981	0.04438	0.02102	0.00856	0.00273	0.00389	0.01908	0.00623	0.00545
39	0.01391	0.01193	0.01391	0.00994	0.01590	0.00894	0.00795	0.01690	0.01391	0.02186	0.01193	0.01391	0.00994	0.00497	0.00497	0.00099	0.00497	0.00398	0.00398	0.80521
40	0.01767	0.72411	0.07691	0.01194	0.01793	0.02589	0.01228	0.02016	0.01367	0.01612	0.00949	0.01097	0.00860	0.00578	0.00443	0.00148	0.00734	0.00367	0.00287	0.00869
41	0.02473	0.01804	0.01930	0.01489	0.02003	0.01993	0.01227	0.65880	0.03050	0.04125	0.01646	0.01665	0.01176	0.00804	0.00659	0.00199	0.00713	0.00605	0.05451	0.01110
42	0.00818	0.00584	0.00779	0.00934	0.00973	0.00545	0.00623	0.00934	0.01285	0.01713	0.03698	0.75981	0.04438	0.02102	0.00856	0.00273	0.00389	0.01908	0.00623	0.00545
43	0.01408	0.01208	0.01399	0.01016	0.01599	0.00941	0.00811	0.01802	0.05579	0.02224	0.01285	0.01458	0.01057	0.00522	0.00508	0.00107	0.00499	0.00419	0.00415	0.75742
44	0.00818	0.00584	0.00779	0.00934	0.00973	0.00545	0.00623	0.00934	0.01285	0.01713	0.03698	0.75981	0.04438	0.02102	0.00856	0.00273	0.00389	0.01908	0.00623	0.00545
45	0.01346	0.03471	0.72942	0.01912	0.02904	0.01558	0.02479	0.02125	0.01417	0.02125	0.01204	0.01417	0.00850	0.00637	0.00637	0.00212	0.00992	0.00496	0.00283	0.00992
46	0.01722	0.01468	0.01547	0.01376	0.01765	0.01694	0.01075	0.07561	0.66940	0.02892	0.02664	0.02450	0.01994	0.00904	0.00682	0.00226	0.00543	0.00749	0.00682	0.01067
47	0.00830	0.00593	0.00793	0.00948	0.00993	0.00556	0.00644	0.00956	0.01297	0.01727	0.03691	0.72759	0.04411	0.02090	0.00860	0.00274	0.00400	0.05007	0.00623	0.00548
48	0.00818	0.00584	0.00779	0.00934	0.00973	0.00545	0.00623	0.00934	0.01285	0.01713	0.03698	0.75981	0.04438	0.02102	0.00856	0.00273	0.00389	0.01908	0.00623	0.00545
49	0.00798	0.00680	0.00686	0.00685	0.00909	0.00568	0.00514	0.00972	0.01541	0.01839	0.08764	0.06414	0.69977	0.01689	0.00793	0.00226	0.00339	0.01410	0.00627	0.00568
50	0.01794	0.76823	0.03516	0.01148	0.01722	0.02655	0.01148	0.02009	0.01363	0.01579	0.00933	0.01076	0.00861	0.00574	0.00431	0.00144	0.00718	0.00359	0.00287	0.00861
51	0.01794	0.76823	0.03516	0.01148	0.01722	0.02655	0.01148	0.02009	0.01363	0.01579	0.00933	0.01076	0.00861	0.00574	0.00431	0.00144	0.00718	0.00359	0.00287	0.00861
52	0.01847	0.01402	0.01523	0.01343	0.01741	0.01578	0.01052	0.03526	0.61833	0.12100	0.02720	0.02474	0.01997	0.00900	0.00682	0.00225	0.00536	0.00747	0.00702	0.01073
53	0.01391	0.01193	0.01391	0.00994	0.01590	0.00894	0.00795	0.01690	0.01391	0.02186	0.01193	0.01391	0.00994	0.00497	0.00497	0.00099	0.00497	0.00398	0.00398	0.80521
54	0.01661	0.01594	0.02724	0.04119	0.72233	0.01594	0.02059	0.02059	0.01528	0.02192	0.01262	0.01661	0.01063	0.00598	0.00664	0.00199	0.00797	0.00598	0.00332	0.01063
55	0.15140	0.01382	0.01569	0.01251	0.01738	0.01421	0.01024	0.18886	0.11522	0.35886	0.02141	0.01965	0.01442	0.00802	0.00634	0.00209	0.00597	0.00620	0.00707	0.01065
56	0.01609	0.01541	0.02630	0.13412	0.63344	0.01581	0.02034	0.02014	0.01503	0.02129	0.01253	0.01678	0.01041	0.00607	0.00665	0.00202	0.00810	0.00598	0.00328	0.01021
57	0.12478	0.01301	0.01550	0.01225	0.01719	0.01282	0.01005	0.12987	0.09092	0.46800	0.02291	0.02059	0.01508	0.00809	0.00643	0.00209	0.00585	0.00634	0.00740	0.01082
58	0.01647	0.01580	0.02699	0.06605	0.69855	0.01591	0.02052	0.02047	0.01521	0.02175	0.01260	0.01665	0.01057	0.00600	0.00665	0.00200	0.00801	0.00598	0.00331	0.01052
59	0.01612	0.01545	0.02636	0.12868	0.63864	0.01581	0.02035	0.02017	0.01505	0.02133	0.01254	0.01677	0.01042	0.00607	0.00665	0.00202	0.00809	0.00598	0.00328	0.01024
60	0.01576	0.01780	0.11334	0.11981	0.55870	0.01578	0.02089	0.02028	0.01493	0.02129	0.01247	0.01645	0.01017	0.00611	0.00662	0.00204	0.00832	0.00585	0.00322	0.01017
61	0.11335	0.21179	0.47021	0.01598	0.02416	0.01821	0.01936	0.02078	0.01370	0.02101	0.01104	0.01293	0.00837	0.00620	0.00559	0.00195	0.00866	0.00446	0.00301	0.00927
62	0.06268	0.01342	0.01544	0.01228	0.01670	0.03861	0.00982	0.18224	0.04501	0.39833	0.02208	0.02303	0.01579	0.10169	0.00999	0.00260	0.00638	0.00675	0.00699	0.01015
63	0.12784	0.01513	0.01688	0.01430	0.05107	0.10292	0.03489	0.07018	0.01842	0.41783	0.01988	0.01870	0.01330	0.00750	0.00629	0.00199	0.00682	0.00589	0.00647	0.04369
64	0.01252	0.01169	0.01960	0.71323	0.04451	0.01450	0.01806	0.01693	0.01368	0.01760	0.04522	0.01941	0.01150	0.00704	0.00677	0.00223	0.00867	0.00625	0.00319	0.00740
65	0.60660	0.01168	0.00985	0.00891	0.01248	0.01319	0.00718	0.01873	0.03767	0.02933	0.16656	0.02005	0.02010	0.00798	0.00508	0.00209	0.00475	0.00565	0.00496	0.00718

[dist]
# distance from previous block
# <min> <max>
3	4

[block]
# block no. 2 follows, 32 sequences, length 7
# corresponding to MSA columns:
# 176-182
name=unknown_C
#
# <colnr> <probs for GDERKNQSTAVLIFYWHMCP>
#	G	D	E	R	K	N	Q	S	T	A	V	L	I	F	Y	W	H	M	C	P
0	0.07912	0.01443	0.01805	0.31138	0.02963	0.01690	0.01416	0.19864	0.19807	0.02747	0.01678	0.01873	0.01243	0.00764	0.00654	0.00218	0.00731	0.00622	0.00503	0.00928
1	0.39976	0.01936	0.20036	0.01985	0.20050	0.01542	0.01524	0.02034	0.01313	0.02570	0.01089	0.01322	0.00845	0.00620	0.00537	0.00207	0.00713	0.00458	0.00360	0.00882
2	0.01389	0.01885	0.20532	0.37690	0.21655	0.01535	0.02073	0.01910	0.01409	0.01944	0.01214	0.01660	0.00926	0.00643	0.00661	0.00214	0.00894	0.00571	0.00303	0.00891
3	0.39656	0.00955	0.00909	0.00886	0.01137	0.01032	0.00676	0.01521	0.01375	0.02592	0.19988	0.21463	0.03135	0.01199	0.00627	0.00225	0.00433	0.00982	0.00553	0.00656
4	0.10795	0.01113	0.01377	0.14782	0.02008	0.01113	0.00995	0.04491	0.06167	0.07717	0.19661	0.02514	0.02448	0.00834	0.00628	0.00185	0.00544	0.00694	0.00531	0.21402
5	0.12570	0.01840	0.20016	0.20529	0.02703	0.01501	0.01571	0.02393	0.19393	0.05701	0.04173	0.01920	0.01390	0.00750	0.00634	0.00218	0.00737	0.00606	0.00451	0.00903
6	0.22845	0.01384	0.01628	0.17596	0.02348	0.01517	0.01189	0.19835	0.01908	0.21051	0.01610	0.01689	0.01113	0.00734	0.00605	0.00210	0.00673	0.00558	0.00563	0.00945

[dist]
# distance from previous block
# <min> <max>
11	45

# created by:
# /home/cegg/simao/soft/augustus-3.2.1/scripts/msa2prfl.pl ./align_prep/EOG090W0N7H.fa
