[name]
unknown

[dist]
# distance from previous block
# <min> <max>
9	75

[block]
# block no. 0 follows, 33 sequences, length 19
# corresponding to MSA columns:
# 146-164
name=unknown_A
#
# <colnr> <probs for GDERKNQSTAVLIFYWHMCP>
#	G	D	E	R	K	N	Q	S	T	A	V	L	I	F	Y	W	H	M	C	P
0	0.04292	0.01115	0.01483	0.08553	0.01775	0.04461	0.06292	0.01594	0.03996	0.05056	0.04671	0.13933	0.06753	0.07865	0.07930	0.00340	0.11109	0.02529	0.00453	0.05801
1	0.01497	0.01424	0.01610	0.06250	0.11752	0.15295	0.05104	0.04787	0.01550	0.04097	0.04684	0.25254	0.04847	0.01225	0.00799	0.03912	0.00698	0.01013	0.00471	0.03731
2	0.04784	0.01672	0.01721	0.04802	0.05156	0.16460	0.05344	0.11804	0.01754	0.08325	0.01722	0.01953	0.05659	0.04776	0.00751	0.00194	0.00742	0.00584	0.00458	0.21340
3	0.01285	0.01159	0.01679	0.18466	0.11282	0.01203	0.04330	0.01749	0.08334	0.01958	0.03764	0.02543	0.09939	0.05842	0.03985	0.00258	0.04327	0.00711	0.00414	0.16773
4	0.01464	0.01167	0.01375	0.00987	0.01568	0.00883	0.00792	0.01754	0.01397	0.06551	0.01259	0.01419	0.01016	0.00508	0.00498	0.00104	0.00492	0.00407	0.00416	0.75943
5	0.01443	0.01377	0.02319	0.36553	0.37838	0.01541	0.01902	0.01843	0.01390	0.01907	0.01188	0.01677	0.00958	0.00649	0.00733	0.00211	0.04694	0.00585	0.00309	0.00883
6	0.01014	0.00810	0.01208	0.01591	0.16295	0.00801	0.00930	0.01197	0.01272	0.01739	0.02784	0.44483	0.03176	0.08244	0.08947	0.00369	0.00645	0.03351	0.00505	0.00640
7	0.01276	0.01204	0.02035	0.69146	0.10410	0.01471	0.01845	0.01711	0.01332	0.01722	0.01176	0.01744	0.00892	0.00652	0.00658	0.00217	0.00869	0.00585	0.00295	0.00758
8	0.01522	0.01601	0.01462	0.01307	0.01495	0.21976	0.01004	0.01689	0.01362	0.01663	0.05415	0.02404	0.06043	0.11796	0.11262	0.00380	0.18607	0.00670	0.00380	0.07964
9	0.01365	0.01170	0.01365	0.00975	0.01560	0.00878	0.00780	0.01658	0.01365	0.02145	0.01170	0.01365	0.00975	0.00488	0.00488	0.00098	0.00488	0.00390	0.00390	0.80888
10	0.03721	0.01527	0.16042	0.01322	0.01750	0.01169	0.05138	0.03736	0.12853	0.02154	0.06934	0.10414	0.04551	0.04397	0.10655	0.00337	0.02256	0.00814	0.00466	0.09766
11	0.01144	0.00572	0.00858	0.00858	0.00858	0.00572	0.00572	0.00858	0.00858	0.01144	0.01144	0.02001	0.01144	0.02287	0.02573	0.80846	0.00572	0.00572	0.00286	0.00286
12	0.00981	0.00744	0.00995	0.05686	0.01200	0.00830	0.00719	0.01095	0.01074	0.01473	0.02199	0.20013	0.02455	0.33564	0.16756	0.00579	0.07641	0.01057	0.00421	0.00518
13	0.01053	0.00819	0.00975	0.00936	0.01139	0.00777	0.00684	0.01472	0.11057	0.02059	0.16772	0.23965	0.09096	0.10262	0.01045	0.00266	0.00439	0.04267	0.00584	0.12332
14	0.01469	0.01416	0.02411	0.26272	0.36125	0.01494	0.07660	0.01872	0.01416	0.01977	0.01205	0.01651	0.00974	0.00617	0.00702	0.00200	0.03435	0.00584	0.00320	0.08199
15	0.01497	0.01448	0.02495	0.03099	0.45007	0.01387	0.12677	0.01886	0.01516	0.02155	0.06081	0.02084	0.05176	0.00676	0.00668	0.00191	0.00747	0.00676	0.00375	0.10161
16	0.01534	0.07253	0.44356	0.01783	0.02526	0.09365	0.06221	0.02341	0.12208	0.02093	0.01379	0.01538	0.01028	0.00679	0.00669	0.00206	0.03002	0.00532	0.00349	0.00941
17	0.01252	0.01182	0.01963	0.67194	0.06609	0.01467	0.01778	0.01668	0.01313	0.01696	0.01316	0.01868	0.02942	0.00708	0.00733	0.00222	0.04443	0.00608	0.00303	0.00736
18	0.01604	0.01115	0.01451	0.05386	0.09800	0.01146	0.01033	0.09060	0.14187	0.13094	0.26977	0.05015	0.05254	0.01034	0.00710	0.00210	0.00514	0.00894	0.00646	0.00870

[dist]
# distance from previous block
# <min> <max>
1	10

[block]
# block no. 1 follows, 33 sequences, length 22
# corresponding to MSA columns:
# 175-196
name=unknown_B
#
# <colnr> <probs for GDERKNQSTAVLIFYWHMCP>
#	G	D	E	R	K	N	Q	S	T	A	V	L	I	F	Y	W	H	M	C	P
0	0.03501	0.01130	0.01581	0.10946	0.07322	0.01373	0.01202	0.05019	0.07956	0.01883	0.01516	0.02118	0.01341	0.05341	0.27810	0.00553	0.17644	0.00651	0.00377	0.00736
1	0.01835	0.38693	0.10273	0.01495	0.05712	0.19212	0.01318	0.02177	0.04242	0.01748	0.01075	0.01233	0.00911	0.00605	0.00512	0.00158	0.00827	0.00415	0.00321	0.07239
2	0.01554	0.31204	0.41107	0.01567	0.02334	0.05631	0.01836	0.02115	0.03625	0.01880	0.01120	0.01287	0.00876	0.00613	0.00549	0.00181	0.00868	0.00441	0.00295	0.00916
3	0.04083	0.06057	0.09545	0.03469	0.04886	0.18728	0.07230	0.01919	0.03644	0.01814	0.01529	0.09883	0.01465	0.05175	0.04266	0.00271	0.09733	0.02018	0.00374	0.03910
4	0.00835	0.00614	0.00775	0.00864	0.00953	0.00565	0.00602	0.00991	0.01390	0.01838	0.14679	0.47584	0.15961	0.05330	0.00939	0.00269	0.00383	0.04260	0.00619	0.00548
5	0.01748	0.01469	0.01551	0.01362	0.01754	0.01689	0.01069	0.12084	0.62801	0.02933	0.02539	0.02344	0.01896	0.00880	0.00668	0.00220	0.00547	0.00725	0.00668	0.01052
6	0.03316	0.01660	0.14448	0.03799	0.11647	0.01276	0.06895	0.05620	0.06592	0.13099	0.07079	0.03577	0.01611	0.00732	0.00638	0.00188	0.00683	0.00640	0.00483	0.16016
7	0.01457	0.17745	0.45579	0.10709	0.02807	0.01762	0.04093	0.04966	0.01449	0.02018	0.01149	0.01388	0.00859	0.00622	0.00595	0.00196	0.00901	0.00485	0.00299	0.00922
8	0.02463	0.03038	0.01874	0.01682	0.02036	0.68657	0.01270	0.07865	0.01960	0.01807	0.01061	0.01218	0.00869	0.00687	0.00599	0.00172	0.01152	0.00437	0.00364	0.00791
9	0.01472	0.01551	0.07744	0.10530	0.37072	0.01453	0.06176	0.02101	0.11464	0.02200	0.07016	0.02201	0.04613	0.00742	0.00676	0.00207	0.00736	0.00693	0.00410	0.00942
10	0.04037	0.02196	0.25657	0.05393	0.12980	0.03275	0.07664	0.16633	0.03246	0.08084	0.01486	0.01773	0.01114	0.00707	0.00656	0.00208	0.00839	0.02630	0.00436	0.00986
11	0.00957	0.00638	0.00718	0.00718	0.00718	0.00638	0.00399	0.00957	0.00957	0.01276	0.02074	0.04308	0.02393	0.76864	0.03351	0.00638	0.00638	0.00957	0.00399	0.00399
12	0.00825	0.00642	0.00749	0.00780	0.00932	0.00567	0.00563	0.01014	0.01526	0.01973	0.22762	0.25926	0.35996	0.01697	0.00795	0.00231	0.00341	0.01475	0.00641	0.00567
13	0.01742	0.03697	0.08678	0.13187	0.30076	0.12926	0.10198	0.07718	0.01655	0.02140	0.01222	0.01559	0.00967	0.00627	0.00652	0.00198	0.00909	0.00571	0.00346	0.00932
14	0.01390	0.11173	0.59986	0.01829	0.02724	0.01655	0.05982	0.02116	0.03483	0.02049	0.01206	0.01407	0.00879	0.00623	0.00613	0.00202	0.00938	0.00496	0.00293	0.00957
15	0.00957	0.00704	0.00892	0.00861	0.01021	0.00664	0.00654	0.01293	0.04194	0.02445	0.54967	0.05137	0.11039	0.05245	0.00916	0.00239	0.00363	0.07104	0.00687	0.00618
16	0.04234	0.00849	0.01010	0.01011	0.04391	0.00824	0.00721	0.06340	0.04790	0.02474	0.37732	0.07658	0.22803	0.01338	0.00746	0.00213	0.00388	0.01149	0.00652	0.00677
17	0.01638	0.03838	0.06405	0.09508	0.11507	0.03425	0.20737	0.07900	0.04288	0.04344	0.01301	0.01672	0.01032	0.00843	0.02664	0.00244	0.16767	0.00633	0.00371	0.00883
18	0.01853	0.37469	0.16202	0.01556	0.05241	0.09858	0.03849	0.07449	0.03586	0.05589	0.01193	0.01325	0.00952	0.00628	0.00539	0.00172	0.00813	0.00456	0.00358	0.00911
19	0.01619	0.07709	0.02629	0.11251	0.25620	0.08182	0.16972	0.02178	0.09356	0.02081	0.04903	0.01847	0.01345	0.00666	0.00665	0.00201	0.00844	0.00643	0.00379	0.00909
20	0.01068	0.00881	0.01107	0.08807	0.01453	0.04600	0.00843	0.01257	0.01153	0.01558	0.02085	0.09056	0.05146	0.18800	0.32065	0.00661	0.04499	0.00851	0.03539	0.00573
21	0.40521	0.03641	0.11743	0.01293	0.03545	0.07837	0.03217	0.06478	0.01416	0.02573	0.01248	0.04891	0.01069	0.00725	0.00530	0.00200	0.00676	0.02613	0.00407	0.05378

[dist]
# distance from previous block
# <min> <max>
10	26

[block]
# block no. 2 follows, 33 sequences, length 32
# corresponding to MSA columns:
# 226-257
name=unknown_C
#
# <colnr> <probs for GDERKNQSTAVLIFYWHMCP>
#	G	D	E	R	K	N	Q	S	T	A	V	L	I	F	Y	W	H	M	C	P
0	0.01559	0.05309	0.04836	0.10335	0.04221	0.11245	0.01147	0.05858	0.06961	0.04863	0.05116	0.04026	0.08568	0.01111	0.05402	0.00242	0.03296	0.00674	0.00449	0.14783
1	0.19670	0.01334	0.06173	0.01340	0.04988	0.03378	0.07352	0.01994	0.10429	0.07158	0.14736	0.03021	0.12185	0.00966	0.00653	0.00213	0.00576	0.02507	0.00536	0.00792
2	0.01441	0.04531	0.31670	0.01880	0.06114	0.01474	0.13991	0.05374	0.08040	0.02272	0.06508	0.03697	0.01482	0.00717	0.00657	0.00200	0.00820	0.00645	0.00395	0.08091
3	0.01144	0.00572	0.00858	0.00858	0.00858	0.00572	0.00572	0.00858	0.00858	0.01144	0.01144	0.02001	0.01144	0.02287	0.02573	0.80846	0.00572	0.00572	0.00286	0.00286
4	0.01761	0.01447	0.01815	0.06757	0.16577	0.06117	0.02948	0.04867	0.24370	0.10579	0.01933	0.02229	0.01540	0.08925	0.01029	0.00259	0.04730	0.00680	0.00511	0.00926
5	0.01422	0.01409	0.05530	0.03384	0.11113	0.04220	0.01082	0.01781	0.03101	0.02100	0.01328	0.05036	0.01156	0.00606	0.00547	0.00134	0.00590	0.00508	0.00388	0.54568
6	0.42977	0.01528	0.01548	0.01553	0.10578	0.10092	0.05181	0.02074	0.03435	0.05674	0.01234	0.03900	0.01022	0.00812	0.02443	0.00228	0.04007	0.00514	0.00411	0.00791
7	0.01382	0.01008	0.01289	0.01222	0.03214	0.01042	0.03894	0.11541	0.10348	0.05800	0.05833	0.20372	0.08280	0.01628	0.06941	0.00300	0.00625	0.07750	0.06770	0.00761
8	0.01447	0.01408	0.02433	0.27706	0.30701	0.01502	0.11939	0.01975	0.06548	0.02011	0.01593	0.01978	0.04457	0.00680	0.00680	0.00211	0.00823	0.00664	0.00354	0.00891
9	0.01243	0.01170	0.01975	0.75282	0.04534	0.01463	0.01828	0.01682	0.01316	0.01682	0.01170	0.01755	0.00878	0.00658	0.00658	0.00219	0.00878	0.00585	0.00293	0.00731
10	0.01525	0.01110	0.01187	0.01072	0.01368	0.01227	0.00832	0.05894	0.38108	0.04777	0.09116	0.02642	0.02258	0.00891	0.00615	0.00199	0.00446	0.00737	0.25120	0.00877
11	0.76851	0.01307	0.01027	0.00904	0.01318	0.01510	0.00745	0.05985	0.01237	0.03024	0.00956	0.01100	0.00737	0.00622	0.00422	0.00203	0.00522	0.00370	0.00422	0.00737
12	0.00901	0.00667	0.00848	0.00895	0.01008	0.00635	0.00635	0.01199	0.05659	0.02127	0.30875	0.40489	0.08197	0.01692	0.00802	0.00239	0.00360	0.01513	0.00659	0.00600
13	0.00793	0.00663	0.00691	0.00693	0.00901	0.00561	0.00516	0.00971	0.01523	0.01853	0.12536	0.09300	0.63433	0.01655	0.00781	0.00223	0.00334	0.01393	0.00622	0.00561
14	0.09122	0.01171	0.01477	0.01168	0.01652	0.01096	0.00957	0.03143	0.10858	0.58407	0.02472	0.02174	0.01605	0.00809	0.00643	0.00206	0.00551	0.00648	0.00763	0.01077
15	0.01375	0.01317	0.02268	0.50272	0.25646	0.01502	0.04646	0.01804	0.01383	0.01845	0.01198	0.01717	0.00934	0.00632	0.00661	0.00212	0.00857	0.00593	0.00304	0.00834
16	0.01669	0.01640	0.02633	0.03928	0.69361	0.05054	0.01984	0.02050	0.01517	0.02125	0.01228	0.01608	0.01033	0.00591	0.00649	0.00194	0.00802	0.00579	0.00327	0.01029
17	0.00782	0.00653	0.00682	0.00705	0.00899	0.00553	0.00517	0.00940	0.01464	0.01763	0.06204	0.17050	0.62076	0.01728	0.00788	0.00229	0.00341	0.01463	0.00611	0.00553
18	0.81514	0.01273	0.00968	0.00866	0.01273	0.01477	0.00713	0.01935	0.01120	0.02954	0.00917	0.01069	0.00713	0.00611	0.00407	0.00204	0.00509	0.00356	0.00407	0.00713
19	0.01200	0.01126	0.01580	0.01298	0.01604	0.06870	0.17024	0.01506	0.01538	0.02044	0.13473	0.03727	0.23329	0.01445	0.07423	0.00282	0.00709	0.00962	0.12187	0.00672
20	0.00971	0.00766	0.01205	0.01137	0.01292	0.00856	0.04908	0.01227	0.01136	0.01619	0.05004	0.02755	0.03956	0.04421	0.64449	0.00946	0.01617	0.00752	0.00376	0.00606
21	0.01365	0.01170	0.01365	0.00975	0.01560	0.00878	0.00780	0.01658	0.01365	0.02145	0.01170	0.01365	0.00975	0.00488	0.00488	0.00098	0.00488	0.00390	0.00390	0.80888
22	0.00925	0.00664	0.00903	0.01051	0.01148	0.00642	0.00823	0.01131	0.01389	0.01821	0.03642	0.41624	0.05925	0.01935	0.00872	0.00283	0.00488	0.33557	0.00609	0.00569
23	0.01144	0.00572	0.00858	0.00858	0.00858	0.00572	0.00572	0.00858	0.00858	0.01144	0.01144	0.02001	0.01144	0.02287	0.02573	0.80846	0.00572	0.00572	0.00286	0.00286
24	0.01147	0.10869	0.01504	0.03097	0.05966	0.01083	0.03923	0.01525	0.08746	0.01872	0.02808	0.40728	0.03083	0.01492	0.00745	0.00239	0.00527	0.07356	0.02603	0.00690
25	0.01708	0.01663	0.02569	0.03743	0.64246	0.05870	0.01923	0.04439	0.03469	0.02204	0.01276	0.01624	0.01060	0.00607	0.00649	0.00195	0.00797	0.00581	0.00347	0.01029
26	0.02028	0.48849	0.02843	0.01345	0.01822	0.30055	0.01182	0.02223	0.01540	0.01573	0.00954	0.01106	0.00846	0.00607	0.00488	0.00152	0.00889	0.00380	0.00304	0.00814
27	0.76397	0.06149	0.01127	0.00882	0.01300	0.01549	0.00739	0.01937	0.01134	0.02864	0.00917	0.01069	0.00721	0.00608	0.00408	0.00200	0.00522	0.00356	0.00399	0.00721
28	0.04343	0.01872	0.13594	0.04228	0.23834	0.04554	0.03263	0.05897	0.22099	0.02374	0.01626	0.01789	0.01261	0.00735	0.00742	0.00212	0.05555	0.00606	0.00436	0.00980
29	0.01411	0.01329	0.02223	0.25549	0.42464	0.01419	0.01785	0.01792	0.01415	0.01942	0.01607	0.02038	0.05711	0.00959	0.05385	0.00260	0.00845	0.00646	0.00336	0.00886
30	0.00894	0.00701	0.00812	0.00763	0.00969	0.00610	0.00570	0.01128	0.01637	0.02179	0.36425	0.05282	0.34539	0.04470	0.00862	0.00224	0.00345	0.01216	0.00641	0.05734
31	0.01242	0.00934	0.01221	0.15955	0.01856	0.01031	0.00971	0.07804	0.09673	0.02052	0.02351	0.20878	0.02357	0.07967	0.02678	0.05567	0.00605	0.06380	0.07806	0.00673

[dist]
# distance from previous block
# <min> <max>
0	5

[block]
# block no. 3 follows, 33 sequences, length 27
# corresponding to MSA columns:
# 285-311
name=unknown_D
#
# <colnr> <probs for GDERKNQSTAVLIFYWHMCP>
#	G	D	E	R	K	N	Q	S	T	A	V	L	I	F	Y	W	H	M	C	P
0	0.01819	0.01611	0.01584	0.01392	0.01782	0.07595	0.01089	0.12340	0.56799	0.02846	0.02398	0.02237	0.01797	0.00862	0.00662	0.00216	0.00602	0.00698	0.00641	0.01030
1	0.01570	0.01346	0.01430	0.01305	0.01650	0.01548	0.01007	0.03288	0.65849	0.02667	0.02757	0.08473	0.02200	0.00988	0.00684	0.00227	0.00510	0.00836	0.00665	0.01001
2	0.00846	0.00601	0.00794	0.00925	0.00976	0.00569	0.00638	0.00978	0.01288	0.01719	0.06580	0.60678	0.04223	0.08091	0.01048	0.00298	0.00421	0.08194	0.00598	0.00534
3	0.00864	0.00654	0.00856	0.00952	0.00996	0.00664	0.00656	0.00976	0.01233	0.01649	0.03481	0.60563	0.08242	0.07492	0.01129	0.00294	0.06520	0.01668	0.00569	0.00541
4	0.01522	0.01905	0.10417	0.02604	0.03246	0.01680	0.58301	0.02064	0.01494	0.02064	0.01280	0.01712	0.00972	0.00610	0.00874	0.00226	0.07089	0.00733	0.00324	0.00883
5	0.00873	0.00671	0.00799	0.00767	0.00948	0.00596	0.00575	0.01129	0.01726	0.02313	0.47476	0.05455	0.31350	0.01468	0.00777	0.00213	0.00319	0.01266	0.00682	0.00596
6	0.01081	0.00753	0.00929	0.00879	0.01063	0.00718	0.00660	0.06053	0.01762	0.04794	0.40595	0.14878	0.14149	0.01559	0.03738	0.00249	0.00420	0.01214	0.03857	0.00649
7	0.01721	0.70735	0.09635	0.01193	0.01792	0.02510	0.01242	0.01981	0.01342	0.01596	0.00939	0.01086	0.00844	0.00569	0.00440	0.00147	0.00728	0.00364	0.00281	0.00856
8	0.02459	0.03138	0.01866	0.01696	0.02035	0.74221	0.01272	0.02629	0.01866	0.01611	0.01018	0.01187	0.00848	0.00678	0.00594	0.00170	0.01187	0.00424	0.00339	0.00763
9	0.01415	0.01700	0.11640	0.01795	0.01972	0.01889	0.06058	0.01672	0.01096	0.01684	0.00967	0.01493	0.00895	0.01167	0.04225	0.00298	0.58401	0.00582	0.00292	0.00761
10	0.01020	0.00692	0.00908	0.00843	0.01014	0.00636	0.00636	0.01328	0.01864	0.05703	0.69380	0.04801	0.06013	0.01323	0.00771	0.00207	0.00321	0.01168	0.00729	0.00643
11	0.00841	0.00669	0.00755	0.00733	0.00928	0.00583	0.00550	0.01067	0.01650	0.02133	0.33711	0.05752	0.45227	0.01535	0.00777	0.00216	0.00324	0.01308	0.00658	0.00583
12	0.01642	0.01535	0.02537	0.12749	0.59328	0.01585	0.01943	0.06748	0.01587	0.02231	0.01254	0.01642	0.01028	0.00610	0.00653	0.00199	0.00790	0.00587	0.00345	0.01009
13	0.00959	0.00700	0.01030	0.01030	0.01150	0.00810	0.00800	0.01198	0.01078	0.01587	0.01788	0.02578	0.01648	0.04673	0.69582	0.01001	0.01671	0.00700	0.05429	0.00589
14	0.01194	0.01007	0.01208	0.01091	0.01369	0.03634	0.05595	0.01726	0.14535	0.05164	0.04255	0.04450	0.33999	0.01850	0.11317	0.00345	0.00687	0.05300	0.00564	0.00710
15	0.01549	0.01288	0.01461	0.01088	0.01642	0.01119	0.00873	0.11168	0.09395	0.02483	0.01393	0.01515	0.01109	0.00573	0.00531	0.00125	0.00523	0.00457	0.00457	0.61248
16	0.01365	0.01170	0.01365	0.00975	0.01560	0.00878	0.00780	0.01658	0.01365	0.02145	0.01170	0.01365	0.00975	0.00488	0.00488	0.00098	0.00488	0.00390	0.00390	0.80888
17	0.16601	0.05671	0.55011	0.01636	0.02473	0.01543	0.02015	0.02085	0.01351	0.04300	0.01163	0.01341	0.00835	0.00626	0.00578	0.00205	0.00863	0.00462	0.00318	0.00923
18	0.01433	0.03114	0.58741	0.01918	0.02789	0.05458	0.08789	0.04468	0.01487	0.02124	0.01258	0.03185	0.00943	0.00661	0.00644	0.00209	0.00975	0.00547	0.00308	0.00948
19	0.01046	0.00705	0.00946	0.00918	0.01008	0.00752	0.00656	0.01187	0.01159	0.04484	0.11651	0.03451	0.02503	0.29286	0.31835	0.03923	0.02667	0.00851	0.00435	0.00539
20	0.01855	0.06789	0.03488	0.03495	0.16235	0.24531	0.06381	0.09947	0.03046	0.02099	0.04085	0.03321	0.03971	0.05247	0.02493	0.00235	0.00897	0.00635	0.00406	0.00841
21	0.01448	0.07373	0.01552	0.01038	0.01588	0.01083	0.00858	0.06026	0.01483	0.02211	0.01337	0.01775	0.01169	0.00605	0.00522	0.00122	0.00528	0.05128	0.00413	0.63740
22	0.01520	0.00987	0.01211	0.01048	0.01384	0.00907	0.00824	0.03453	0.09525	0.14686	0.12450	0.08994	0.02722	0.07235	0.00901	0.00233	0.00504	0.09951	0.00598	0.20865
23	0.01260	0.06491	0.02164	0.21654	0.08157	0.01362	0.15974	0.01607	0.01412	0.01829	0.02613	0.05163	0.17622	0.00982	0.00809	0.00223	0.05659	0.03877	0.00399	0.00744
24	0.05830	0.01456	0.06834	0.20849	0.19119	0.01447	0.04274	0.03928	0.12498	0.02256	0.08920	0.02081	0.01658	0.00751	0.00689	0.00208	0.02462	0.00656	0.00425	0.03658
25	0.01526	0.01396	0.01878	0.16465	0.15462	0.04221	0.03603	0.06478	0.03734	0.02185	0.01257	0.01547	0.01006	0.00583	0.00583	0.00158	0.00686	0.00504	0.00382	0.36347
26	0.01650	0.03071	0.07749	0.12569	0.15824	0.05454	0.01483	0.07889	0.06300	0.06838	0.06200	0.01961	0.02958	0.00804	0.00856	0.00208	0.11171	0.00624	0.00432	0.05958

[dist]
# distance from previous block
# <min> <max>
2	7

[block]
# block no. 4 follows, 33 sequences, length 108
# corresponding to MSA columns:
# 319-335,340-356,358-431
name=unknown_E
#
# <colnr> <probs for GDERKNQSTAVLIFYWHMCP>
#	G	D	E	R	K	N	Q	S	T	A	V	L	I	F	Y	W	H	M	C	P
0	0.01470	0.03909	0.08152	0.03921	0.11729	0.14503	0.01202	0.03810	0.01575	0.02021	0.16443	0.04688	0.06180	0.01183	0.03476	0.06994	0.02644	0.00742	0.00439	0.04918
1	0.01282	0.01125	0.01732	0.04319	0.23930	0.01121	0.03678	0.03439	0.01369	0.01953	0.01846	0.18042	0.01856	0.01737	0.14607	0.00363	0.03099	0.00865	0.00410	0.13227
2	0.05095	0.07926	0.04521	0.10279	0.08348	0.29051	0.03834	0.02101	0.03713	0.01805	0.03163	0.05966	0.01303	0.03357	0.00830	0.00213	0.06747	0.00608	0.00363	0.00776
3	0.01570	0.01492	0.02314	0.17055	0.45718	0.03597	0.01773	0.03536	0.03855	0.02111	0.01268	0.01638	0.01032	0.00607	0.00634	0.00189	0.00769	0.00565	0.00346	0.09932
4	0.01270	0.01151	0.01643	0.08231	0.23500	0.05307	0.01266	0.01590	0.03335	0.01780	0.01763	0.10717	0.01703	0.05520	0.27656	0.00538	0.01112	0.00788	0.00380	0.00749
5	0.78724	0.01268	0.00987	0.00877	0.01288	0.01459	0.00722	0.01980	0.01147	0.05449	0.00976	0.01111	0.00746	0.00618	0.00416	0.00204	0.00511	0.00367	0.00422	0.00727
6	0.01345	0.00716	0.00755	0.00708	0.00902	0.00716	0.00542	0.05860	0.01542	0.05477	0.06718	0.02668	0.04140	0.00835	0.00511	0.00164	0.00344	0.00675	0.64719	0.00665
7	0.00810	0.00595	0.00762	0.00887	0.00958	0.00547	0.00609	0.00942	0.01318	0.01728	0.05813	0.62417	0.14224	0.01980	0.00832	0.00260	0.00380	0.03783	0.00614	0.00542
8	0.00825	0.00600	0.00788	0.00893	0.00965	0.00563	0.00615	0.00976	0.01349	0.01809	0.13020	0.57678	0.09574	0.02087	0.04672	0.00297	0.00441	0.01683	0.00613	0.00551
9	0.00891	0.00661	0.00830	0.00811	0.00964	0.00600	0.00599	0.01154	0.01733	0.02384	0.53348	0.13271	0.17355	0.01482	0.00784	0.00217	0.00323	0.01302	0.00692	0.00600
10	0.81514	0.01273	0.00968	0.00866	0.01273	0.01477	0.00713	0.01935	0.01120	0.02954	0.00917	0.01069	0.00713	0.00611	0.00407	0.00204	0.00509	0.00356	0.00407	0.00713
11	0.05106	0.01219	0.01570	0.01208	0.01716	0.01122	0.00997	0.11964	0.02021	0.62221	0.02417	0.02122	0.01537	0.00806	0.00654	0.00203	0.00580	0.00644	0.00783	0.01109
12	0.14192	0.06791	0.47581	0.01619	0.02393	0.01502	0.05701	0.01962	0.01372	0.02191	0.03350	0.01747	0.05490	0.00701	0.00601	0.00206	0.00834	0.00550	0.00335	0.00884
13	0.04849	0.02147	0.09884	0.01635	0.02152	0.14321	0.06858	0.37230	0.04157	0.03106	0.01424	0.01540	0.01053	0.00741	0.00684	0.00198	0.03130	0.00563	0.03352	0.00978
14	0.06542	0.01192	0.03970	0.03303	0.01666	0.01111	0.04759	0.06441	0.11138	0.25851	0.08382	0.02900	0.11888	0.00945	0.00663	0.00207	0.00545	0.00790	0.06810	0.00898
15	0.01854	0.67305	0.03237	0.01203	0.01736	0.12223	0.01146	0.02060	0.01409	0.01557	0.00929	0.01074	0.00845	0.00579	0.00445	0.00145	0.00769	0.00362	0.00289	0.00834
16	0.01365	0.01170	0.01365	0.00975	0.01560	0.00878	0.00780	0.01658	0.01365	0.02145	0.01170	0.01365	0.00975	0.00488	0.00488	0.00098	0.00488	0.00390	0.00390	0.80888
17	0.01997	0.01845	0.02803	0.02088	0.02648	0.09272	0.34683	0.21301	0.04015	0.07967	0.01659	0.01848	0.03200	0.00695	0.00713	0.00208	0.00930	0.00697	0.00478	0.00951
18	0.01176	0.01208	0.06267	0.07251	0.09720	0.05444	0.01093	0.01592	0.08767	0.01911	0.05390	0.34294	0.08325	0.01395	0.00787	0.00236	0.02689	0.01223	0.00515	0.00716
19	0.00900	0.00627	0.00784	0.00830	0.00872	0.00619	0.00536	0.00997	0.01173	0.01593	0.10654	0.28518	0.03422	0.36134	0.08955	0.00504	0.00621	0.01268	0.00503	0.00488
20	0.01626	0.01407	0.01502	0.03449	0.01792	0.01632	0.01064	0.03446	0.69564	0.02723	0.02636	0.02436	0.01977	0.00886	0.00670	0.00223	0.00531	0.00740	0.00659	0.01033
21	0.01699	0.01509	0.02494	0.12147	0.57310	0.01546	0.01902	0.05621	0.01581	0.05922	0.01319	0.01674	0.01058	0.00618	0.00653	0.00199	0.00779	0.00591	0.00365	0.01014
22	0.01551	0.11956	0.51748	0.01799	0.02629	0.08458	0.06163	0.02164	0.01456	0.04504	0.01194	0.01385	0.00875	0.00626	0.00609	0.00197	0.00955	0.00488	0.00306	0.00938
23	0.00940	0.00705	0.01058	0.01058	0.01176	0.00823	0.00823	0.01176	0.01058	0.01528	0.01763	0.02586	0.01646	0.04937	0.74255	0.01058	0.01763	0.00705	0.00353	0.00588
24	0.01318	0.00697	0.00783	0.00767	0.00947	0.00703	0.00601	0.03377	0.01442	0.06376	0.02267	0.02950	0.01886	0.01214	0.06435	0.00246	0.00480	0.07705	0.59154	0.00653
25	0.75387	0.01418	0.01037	0.00930	0.01332	0.07115	0.00756	0.01989	0.01178	0.02850	0.00924	0.01079	0.00723	0.00616	0.00422	0.00201	0.00562	0.00362	0.00402	0.00717
26	0.00805	0.00603	0.00749	0.00864	0.00952	0.00548	0.00598	0.00939	0.01330	0.01715	0.04391	0.56417	0.21533	0.01955	0.00827	0.00257	0.00377	0.03987	0.00611	0.00542
27	0.00957	0.00638	0.00718	0.00718	0.00718	0.00638	0.00399	0.00957	0.00957	0.01276	0.02074	0.04308	0.02393	0.76864	0.03351	0.00638	0.00638	0.00957	0.00399	0.00399
28	0.01799	0.04533	0.04485	0.14897	0.27287	0.13723	0.04079	0.04335	0.07697	0.06449	0.01389	0.01656	0.01085	0.00678	0.00687	0.00200	0.03135	0.00573	0.00389	0.00926
29	0.01859	0.39396	0.20090	0.01425	0.02053	0.11870	0.01471	0.08819	0.01611	0.04326	0.01115	0.01246	0.00896	0.00624	0.00526	0.00169	0.00832	0.00428	0.00343	0.00901
30	0.02393	0.01578	0.01756	0.01371	0.01851	0.01692	0.01124	0.48397	0.06350	0.16108	0.06533	0.01992	0.01612	0.00836	0.00661	0.00199	0.00644	0.00653	0.03184	0.01067
31	0.81514	0.01273	0.00968	0.00866	0.01273	0.01477	0.00713	0.01935	0.01120	0.02954	0.00917	0.01069	0.00713	0.00611	0.00407	0.00204	0.00509	0.00356	0.00407	0.00713
32	0.00911	0.00659	0.00864	0.00866	0.01001	0.00612	0.00645	0.01180	0.01716	0.02389	0.52956	0.18675	0.07564	0.01522	0.00797	0.00225	0.00344	0.05778	0.00692	0.00602
33	0.01066	0.00815	0.01037	0.01082	0.01285	0.00777	0.00871	0.01439	0.07226	0.01972	0.03320	0.24290	0.07284	0.01616	0.00806	0.00254	0.00509	0.32189	0.00584	0.11579
34	0.01365	0.01170	0.01365	0.00975	0.01560	0.00878	0.00780	0.01658	0.01365	0.02145	0.01170	0.01365	0.00975	0.00488	0.00488	0.00098	0.00488	0.00390	0.00390	0.80888
35	0.01631	0.01535	0.02440	0.03511	0.58823	0.01579	0.01829	0.02310	0.15242	0.02269	0.01521	0.01792	0.01232	0.00647	0.00655	0.00201	0.00731	0.00618	0.00393	0.01043
36	0.01423	0.01492	0.06155	0.33456	0.31431	0.01504	0.09148	0.01863	0.01417	0.01935	0.01279	0.03630	0.01044	0.00654	0.00671	0.00211	0.00856	0.00634	0.00318	0.00880
37	0.01305	0.01231	0.01444	0.09081	0.04637	0.08321	0.01077	0.01657	0.07359	0.01903	0.14044	0.09141	0.06652	0.08516	0.01308	0.00275	0.17737	0.03155	0.00469	0.00689
38	0.00805	0.00596	0.00752	0.00865	0.00944	0.00543	0.00591	0.00939	0.01338	0.01751	0.07906	0.59498	0.17167	0.01950	0.00825	0.00256	0.00369	0.01745	0.00617	0.00543
39	0.16467	0.01091	0.01232	0.04658	0.01546	0.01147	0.00901	0.08103	0.09409	0.18600	0.05518	0.02766	0.01916	0.00915	0.00616	0.00209	0.00525	0.08845	0.14694	0.00842
40	0.01256	0.01183	0.01998	0.72911	0.06804	0.01466	0.01835	0.01693	0.01322	0.01698	0.01172	0.01751	0.00883	0.00656	0.00658	0.00219	0.00874	0.00585	0.00294	0.00742
41	0.00957	0.00638	0.00718	0.00718	0.00718	0.00638	0.00399	0.00957	0.00957	0.01276	0.02074	0.04308	0.02393	0.76864	0.03351	0.00638	0.00638	0.00957	0.00399	0.00399
42	0.00987	0.00839	0.00895	0.00909	0.01051	0.05390	0.00670	0.01160	0.01431	0.01813	0.14078	0.18344	0.25400	0.10494	0.05421	0.00331	0.02730	0.06930	0.00561	0.00568
43	0.00869	0.00670	0.00793	0.00763	0.00945	0.00595	0.00572	0.01121	0.01716	0.02289	0.45665	0.05494	0.33175	0.01477	0.00777	0.00213	0.00320	0.01271	0.00679	0.00595
44	0.02287	0.01750	0.01921	0.01516	0.01969	0.01990	0.01246	0.55225	0.11171	0.03712	0.01639	0.01672	0.01201	0.00841	0.00817	0.00210	0.08537	0.00609	0.00621	0.01068
45	0.01365	0.01170	0.01365	0.00975	0.01560	0.00878	0.00780	0.01658	0.01365	0.02145	0.01170	0.01365	0.00975	0.00488	0.00488	0.00098	0.00488	0.00390	0.00390	0.80888
46	0.01633	0.15520	0.41153	0.01804	0.02562	0.13593	0.08925	0.03889	0.01519	0.01973	0.01136	0.01345	0.00862	0.00621	0.00603	0.00192	0.00971	0.00486	0.00304	0.00912
47	0.07583	0.01156	0.01511	0.01166	0.01670	0.01037	0.00963	0.05574	0.01883	0.66555	0.02461	0.02148	0.01557	0.00802	0.00647	0.00203	0.00563	0.00641	0.00785	0.01096
48	0.02383	0.01085	0.01584	0.03357	0.01761	0.00963	0.06541	0.02659	0.01786	0.51665	0.07880	0.04944	0.08451	0.00942	0.00695	0.00209	0.00570	0.00809	0.00730	0.00985
49	0.00805	0.00599	0.00751	0.00870	0.00953	0.00546	0.00600	0.00937	0.01321	0.01711	0.04298	0.58784	0.19440	0.01967	0.00829	0.00258	0.00378	0.03798	0.00611	0.00542
50	0.01551	0.01413	0.02463	0.01798	0.02374	0.01250	0.31506	0.02021	0.04832	0.07465	0.01552	0.05666	0.01264	0.00645	0.00656	0.00175	0.00764	0.00677	0.00422	0.31505
51	0.01474	0.01242	0.01370	0.01034	0.01554	0.03612	0.00821	0.06675	0.03646	0.03862	0.03244	0.03886	0.04986	0.00661	0.00545	0.00127	0.00518	0.00535	0.00451	0.59757
52	0.81514	0.01273	0.00968	0.00866	0.01273	0.01477	0.00713	0.01935	0.01120	0.02954	0.00917	0.01069	0.00713	0.00611	0.00407	0.00204	0.00509	0.00356	0.00407	0.00713
53	0.01637	0.01414	0.01489	0.01340	0.01712	0.01637	0.01042	0.03498	0.71568	0.02754	0.02679	0.02456	0.02010	0.00893	0.00670	0.00223	0.00521	0.00744	0.00670	0.01042
54	0.01563	0.01265	0.01487	0.03194	0.01717	0.01083	0.00897	0.10815	0.01598	0.04557	0.01259	0.01434	0.01008	0.00561	0.00568	0.00123	0.02654	0.00436	0.00433	0.63348
55	0.00798	0.00589	0.00748	0.00875	0.00944	0.00538	0.00593	0.00921	0.01301	0.01697	0.04138	0.64676	0.15783	0.01996	0.00830	0.00260	0.00374	0.01791	0.00611	0.00538
56	0.04101	0.01692	0.01403	0.01277	0.01519	0.24407	0.00960	0.09561	0.08123	0.01991	0.01660	0.04467	0.01528	0.14561	0.15270	0.00435	0.03125	0.00669	0.02533	0.00719
57	0.02344	0.00986	0.01328	0.01064	0.01469	0.00862	0.00860	0.02612	0.01867	0.52083	0.21537	0.03083	0.04954	0.00983	0.00696	0.00205	0.00486	0.00826	0.00785	0.00969
58	0.05649	0.03614	0.01432	0.03478	0.01640	0.09843	0.00991	0.08841	0.21234	0.09689	0.02409	0.16521	0.02182	0.01105	0.00681	0.00221	0.00611	0.05757	0.03250	0.00851
59	0.01440	0.01440	0.02016	0.01728	0.01728	0.02016	0.01440	0.01584	0.01008	0.01584	0.00864	0.01440	0.00864	0.01152	0.02160	0.00288	0.75659	0.00576	0.00288	0.00720
60	0.00952	0.00658	0.00818	0.00818	0.00852	0.00692	0.00523	0.01021	0.00987	0.01350	0.01983	0.03802	0.02174	0.55738	0.24176	0.00762	0.00969	0.00883	0.00385	0.00454
61	0.01412	0.01447	0.04658	0.37301	0.23450	0.01508	0.14683	0.01866	0.01416	0.01928	0.01247	0.01732	0.00968	0.00621	0.00672	0.00211	0.00881	0.00619	0.02527	0.00853
62	0.01076	0.00841	0.01035	0.00882	0.01172	0.00726	0.00677	0.01425	0.03850	0.02473	0.47477	0.03842	0.06479	0.01090	0.00689	0.00176	0.00370	0.00948	0.00622	0.24151
63	0.81514	0.01273	0.00968	0.00866	0.01273	0.01477	0.00713	0.01935	0.01120	0.02954	0.00917	0.01069	0.00713	0.00611	0.00407	0.00204	0.00509	0.00356	0.00407	0.00713
64	0.01747	0.48095	0.14184	0.01508	0.02122	0.10586	0.09741	0.02081	0.01433	0.01707	0.01019	0.01210	0.00862	0.00585	0.00517	0.00164	0.00851	0.00433	0.00294	0.00861
65	0.00959	0.00705	0.00961	0.00945	0.01050	0.00774	0.00704	0.01157	0.01189	0.01690	0.12134	0.03404	0.06371	0.17151	0.41863	0.00757	0.03440	0.00852	0.03332	0.00561
66	0.00894	0.00668	0.00829	0.00795	0.00962	0.00604	0.00594	0.01166	0.01764	0.02418	0.55645	0.07465	0.20891	0.01440	0.00779	0.00212	0.00318	0.01256	0.00696	0.00604
67	0.01760	0.77260	0.03450	0.01126	0.01690	0.02605	0.01126	0.01971	0.01338	0.01549	0.00915	0.01056	0.00845	0.00563	0.00422	0.00141	0.00704	0.00352	0.00282	0.00845
68	0.03897	0.00712	0.00855	0.00802	0.00998	0.00650	0.00608	0.01272	0.01743	0.05347	0.49915	0.05034	0.22978	0.01380	0.00759	0.00211	0.00334	0.01190	0.00688	0.00628
69	0.01267	0.01166	0.01753	0.50694	0.07168	0.03369	0.01538	0.01759	0.06415	0.01869	0.06032	0.06067	0.03917	0.00826	0.00671	0.00217	0.00757	0.00725	0.03046	0.00744
70	0.72012	0.01281	0.01051	0.00915	0.01335	0.01454	0.00754	0.04530	0.01256	0.08933	0.01083	0.01187	0.00805	0.00635	0.00438	0.00203	0.00521	0.00391	0.00451	0.00762
71	0.01521	0.01402	0.02314	0.05649	0.57527	0.01415	0.01753	0.01922	0.03632	0.02107	0.01502	0.06172	0.01350	0.03848	0.00765	0.00217	0.00723	0.00683	0.04542	0.00955
72	0.01637	0.01414	0.01489	0.01340	0.01712	0.01637	0.01042	0.03498	0.71568	0.02754	0.02679	0.02456	0.02010	0.00893	0.00670	0.00223	0.00521	0.00744	0.00670	0.01042
73	0.00892	0.00684	0.00825	0.00826	0.01006	0.00617	0.00643	0.01146	0.01668	0.02200	0.36028	0.05862	0.31627	0.01545	0.00798	0.00228	0.00366	0.11783	0.00662	0.00593
74	0.04345	0.58413	0.02973	0.01161	0.01650	0.02244	0.03903	0.03981	0.01346	0.01677	0.01098	0.01457	0.01029	0.06969	0.05176	0.00244	0.00774	0.00447	0.00313	0.00799
75	0.01299	0.01256	0.02083	0.56868	0.03919	0.01583	0.05341	0.01685	0.01268	0.01685	0.01118	0.01694	0.00881	0.00751	0.00963	0.00233	0.15750	0.00593	0.00294	0.00737
76	0.81514	0.01273	0.00968	0.00866	0.01273	0.01477	0.00713	0.01935	0.01120	0.02954	0.00917	0.01069	0.00713	0.00611	0.00407	0.00204	0.00509	0.00356	0.00407	0.00713
77	0.00977	0.00631	0.00733	0.00733	0.00733	0.00631	0.00417	0.00947	0.00947	0.01263	0.01977	0.04067	0.02263	0.69065	0.03269	0.09026	0.00631	0.00917	0.00387	0.00387
78	0.01554	0.01776	0.03885	0.02775	0.03441	0.01665	0.70366	0.02109	0.01554	0.02109	0.01332	0.01776	0.00999	0.00555	0.00777	0.00222	0.01110	0.00777	0.00333	0.00888
79	0.81514	0.01273	0.00968	0.00866	0.01273	0.01477	0.00713	0.01935	0.01120	0.02954	0.00917	0.01069	0.00713	0.00611	0.00407	0.00204	0.00509	0.00356	0.00407	0.00713
80	0.00932	0.00673	0.00880	0.00828	0.00984	0.00621	0.00621	0.01242	0.01863	0.02640	0.72410	0.04918	0.06212	0.01346	0.00776	0.00207	0.00311	0.01191	0.00725	0.00621
81	0.00998	0.00726	0.00973	0.01055	0.01215	0.00701	0.00888	0.01288	0.01604	0.02124	0.21734	0.06660	0.11603	0.01680	0.00861	0.00270	0.00501	0.43875	0.00638	0.00605
82	0.01630	0.01560	0.02636	0.03958	0.70583	0.01566	0.01990	0.02066	0.03643	0.02169	0.01282	0.01655	0.01072	0.00596	0.00652	0.00196	0.00774	0.00591	0.00336	0.01043
83	0.01243	0.01170	0.01975	0.75282	0.04534	0.01463	0.01828	0.01682	0.01316	0.01682	0.01170	0.01755	0.00878	0.00658	0.00658	0.00219	0.00878	0.00585	0.00293	0.00731
84	0.01246	0.00871	0.01257	0.01158	0.01158	0.01070	0.00871	0.01108	0.00910	0.01295	0.01047	0.01808	0.01047	0.01896	0.02431	0.53078	0.26454	0.00573	0.00287	0.00436
85	0.79239	0.01290	0.00997	0.00884	0.01295	0.01493	0.00728	0.03911	0.01177	0.02988	0.00936	0.01084	0.00725	0.00616	0.00415	0.00204	0.00515	0.00363	0.00415	0.00725
86	0.00957	0.00638	0.00718	0.00718	0.00718	0.00638	0.00399	0.00957	0.00957	0.01276	0.02074	0.04308	0.02393	0.76864	0.03351	0.00638	0.00638	0.00957	0.00399	0.00399
87	0.01696	0.01551	0.02516	0.03521	0.57706	0.01630	0.01872	0.05952	0.01542	0.04349	0.01253	0.01622	0.01043	0.00675	0.00840	0.00207	0.10071	0.00588	0.00355	0.01009
88	0.81514	0.01273	0.00968	0.00866	0.01273	0.01477	0.00713	0.01935	0.01120	0.02954	0.00917	0.01069	0.00713	0.00611	0.00407	0.00204	0.00509	0.00356	0.00407	0.00713
89	0.11957	0.00870	0.01165	0.01230	0.01438	0.00892	0.03880	0.01472	0.01464	0.02109	0.03049	0.06333	0.03258	0.01603	0.00836	0.00286	0.00614	0.56345	0.00568	0.00632
90	0.01365	0.01170	0.01365	0.00975	0.01560	0.00878	0.00780	0.01658	0.01365	0.02145	0.01170	0.01365	0.00975	0.00488	0.00488	0.00098	0.00488	0.00390	0.00390	0.80888
91	0.02862	0.01135	0.01576	0.03483	0.03943	0.01001	0.01026	0.03126	0.01855	0.68891	0.02513	0.02207	0.01589	0.00803	0.00662	0.00204	0.00577	0.00657	0.00784	0.01106
92	0.02304	0.01746	0.01864	0.01475	0.01966	0.01949	0.01203	0.55201	0.18779	0.03829	0.01832	0.01781	0.01323	0.00814	0.00661	0.00203	0.00678	0.00627	0.00661	0.01102
93	0.01440	0.01440	0.02016	0.01728	0.01728	0.02016	0.01440	0.01584	0.01008	0.01584	0.00864	0.01440	0.00864	0.01152	0.02160	0.00288	0.75659	0.00576	0.00288	0.00720
94	0.81514	0.01273	0.00968	0.00866	0.01273	0.01477	0.00713	0.01935	0.01120	0.02954	0.00917	0.01069	0.00713	0.00611	0.00407	0.00204	0.00509	0.00356	0.00407	0.00713
95	0.01031	0.00796	0.01068	0.00962	0.01161	0.00771	0.03549	0.01514	0.09140	0.02630	0.62178	0.04530	0.05557	0.01266	0.00765	0.00209	0.00366	0.01127	0.00703	0.00676
96	0.01637	0.01414	0.01489	0.01340	0.01712	0.01637	0.01042	0.03498	0.71568	0.02754	0.02679	0.02456	0.02010	0.00893	0.00670	0.00223	0.00521	0.00744	0.00670	0.01042
97	0.01629	0.01564	0.02672	0.04041	0.72757	0.01564	0.02020	0.02020	0.01499	0.02151	0.01238	0.01629	0.01043	0.00587	0.00652	0.00196	0.00782	0.00587	0.00326	0.01043
98	0.01754	0.01610	0.01545	0.01383	0.01757	0.09243	0.01073	0.05789	0.61847	0.02684	0.02467	0.02292	0.01857	0.00867	0.00661	0.00217	0.00598	0.00705	0.00635	0.01016
99	0.01440	0.01440	0.02016	0.01728	0.01728	0.02016	0.01440	0.01584	0.01008	0.01584	0.00864	0.01440	0.00864	0.01152	0.02160	0.00288	0.75659	0.00576	0.00288	0.00720
100	0.01243	0.01170	0.01975	0.75282	0.04534	0.01463	0.01828	0.01682	0.01316	0.01682	0.01170	0.01755	0.00878	0.00658	0.00658	0.00219	0.00878	0.00585	0.00293	0.00731
101	0.01265	0.01192	0.02013	0.71318	0.08330	0.01468	0.01839	0.01701	0.01327	0.01708	0.01174	0.01748	0.00887	0.00654	0.00658	0.00218	0.00872	0.00585	0.00294	0.00749
102	0.26791	0.01197	0.01257	0.00961	0.01482	0.01076	0.00778	0.01905	0.01342	0.09730	0.01237	0.01362	0.00960	0.00560	0.00480	0.00142	0.00502	0.00408	0.00439	0.47391
103	0.81514	0.01273	0.00968	0.00866	0.01273	0.01477	0.00713	0.01935	0.01120	0.02954	0.00917	0.01069	0.00713	0.00611	0.00407	0.00204	0.00509	0.00356	0.00407	0.00713
104	0.02466	0.02949	0.01882	0.01670	0.02036	0.63687	0.01269	0.12543	0.02045	0.01982	0.01100	0.01245	0.00888	0.00695	0.00603	0.00174	0.01120	0.00449	0.00386	0.00815
105	0.00785	0.00657	0.00684	0.00698	0.00899	0.00556	0.00516	0.00951	0.01487	0.01795	0.08373	0.13623	0.63326	0.01699	0.00785	0.00227	0.00338	0.01434	0.00615	0.00556
106	0.73275	0.01295	0.01050	0.00916	0.01335	0.01480	0.00754	0.05585	0.01263	0.06696	0.01039	0.01157	0.00782	0.00631	0.00434	0.00203	0.00523	0.00385	0.00442	0.00756
107	0.38562	0.01501	0.01465	0.01180	0.01650	0.01662	0.00974	0.31608	0.02057	0.11477	0.01394	0.01423	0.00992	0.00711	0.00544	0.00201	0.00608	0.00493	0.00562	0.00934

[dist]
# distance from previous block
# <min> <max>
0	1

[block]
# block no. 5 follows, 33 sequences, length 27
# corresponding to MSA columns:
# 433-459
name=unknown_F
#
# <colnr> <probs for GDERKNQSTAVLIFYWHMCP>
#	G	D	E	R	K	N	Q	S	T	A	V	L	I	F	Y	W	H	M	C	P
0	0.81514	0.01273	0.00968	0.00866	0.01273	0.01477	0.00713	0.01935	0.01120	0.02954	0.00917	0.01069	0.00713	0.00611	0.00407	0.00204	0.00509	0.00356	0.00407	0.00713
1	0.07065	0.02305	0.35479	0.01626	0.04778	0.03766	0.03669	0.02329	0.09714	0.13200	0.02051	0.02081	0.07521	0.00777	0.00639	0.00209	0.00771	0.00626	0.00451	0.00942
2	0.07197	0.01513	0.02492	0.03711	0.65039	0.01527	0.01892	0.01989	0.01473	0.02200	0.01301	0.01811	0.01124	0.00635	0.00644	0.00200	0.00756	0.03148	0.00342	0.01003
3	0.25765	0.01252	0.01438	0.01152	0.01597	0.01286	0.00952	0.08758	0.01708	0.41480	0.01894	0.01783	0.01262	0.00777	0.00692	0.00209	0.05815	0.00561	0.00645	0.00973
4	0.01243	0.01170	0.01975	0.75282	0.04534	0.01463	0.01828	0.01682	0.01316	0.01682	0.01170	0.01755	0.00878	0.00658	0.00658	0.00219	0.00878	0.00585	0.00293	0.00731
5	0.00914	0.00672	0.00855	0.00809	0.00972	0.00613	0.00607	0.01207	0.01821	0.02538	0.64665	0.05085	0.14020	0.01384	0.00777	0.00209	0.00313	0.01214	0.00711	0.00613
6	0.01121	0.00622	0.00913	0.00954	0.00995	0.00622	0.00705	0.00995	0.01037	0.01368	0.01780	0.03477	0.01863	0.02160	0.02120	0.58941	0.00581	0.18999	0.00373	0.00373
7	0.01389	0.01205	0.01482	0.01250	0.07940	0.00939	0.00891	0.01690	0.01377	0.02146	0.01176	0.01389	0.00981	0.00496	0.00502	0.00106	0.00514	0.00408	0.00384	0.73734
8	0.81514	0.01273	0.00968	0.00866	0.01273	0.01477	0.00713	0.01935	0.01120	0.02954	0.00917	0.01069	0.00713	0.00611	0.00407	0.00204	0.00509	0.00356	0.00407	0.00713
9	0.01632	0.01456	0.01798	0.01843	0.13136	0.01627	0.04696	0.03192	0.56854	0.02625	0.02381	0.02290	0.01804	0.00827	0.00672	0.00219	0.00592	0.00721	0.00598	0.01034
10	0.01602	0.01536	0.02623	0.09069	0.67942	0.01557	0.02007	0.01997	0.01486	0.02118	0.01233	0.01638	0.01031	0.00592	0.00652	0.00197	0.00789	0.00586	0.00324	0.01021
11	0.00989	0.00714	0.00973	0.01115	0.01248	0.00698	0.00931	0.01244	0.01462	0.01898	0.03731	0.21491	0.08571	0.01858	0.00886	0.00290	0.00542	0.50164	0.00608	0.00588
12	0.01365	0.01170	0.01365	0.00975	0.01560	0.00878	0.00780	0.01658	0.01365	0.02145	0.01170	0.01365	0.00975	0.00488	0.00488	0.00098	0.00488	0.00390	0.00390	0.80888
13	0.81514	0.01273	0.00968	0.00866	0.01273	0.01477	0.00713	0.01935	0.01120	0.02954	0.00917	0.01069	0.00713	0.00611	0.00407	0.00204	0.00509	0.00356	0.00407	0.00713
14	0.01466	0.01481	0.01870	0.01632	0.01665	0.07349	0.01338	0.01610	0.01095	0.01585	0.01088	0.01912	0.01111	0.06292	0.02060	0.00304	0.61192	0.03940	0.00315	0.00696
15	0.01061	0.00758	0.01061	0.01212	0.01364	0.00758	0.01061	0.01364	0.01515	0.01970	0.03486	0.07426	0.03789	0.01819	0.00909	0.00303	0.00606	0.68326	0.00606	0.00606
16	0.81514	0.01273	0.00968	0.00866	0.01273	0.01477	0.00713	0.01935	0.01120	0.02954	0.00917	0.01069	0.00713	0.00611	0.00407	0.00204	0.00509	0.00356	0.00407	0.00713
17	0.07990	0.03007	0.01803	0.01638	0.01982	0.69131	0.01233	0.02580	0.01813	0.01705	0.01011	0.01179	0.00839	0.00674	0.00581	0.00172	0.01140	0.00419	0.00344	0.00760
18	0.01343	0.01394	0.04703	0.59489	0.08368	0.05106	0.01809	0.01758	0.01337	0.01716	0.01146	0.01684	0.00884	0.00687	0.00755	0.00220	0.05970	0.00573	0.00296	0.00760
19	0.01159	0.00803	0.01086	0.01089	0.02897	0.02728	0.00782	0.02735	0.01080	0.01456	0.01743	0.02519	0.06169	0.02782	0.22475	0.39110	0.06172	0.02391	0.00346	0.00479
20	0.01243	0.01170	0.01975	0.75282	0.04534	0.01463	0.01828	0.01682	0.01316	0.01682	0.01170	0.01755	0.00878	0.00658	0.00658	0.00219	0.00878	0.00585	0.00293	0.00731
21	0.01103	0.00960	0.01037	0.01026	0.03066	0.03944	0.00755	0.01672	0.16457	0.02101	0.15954	0.04392	0.31168	0.01844	0.11222	0.00336	0.00621	0.01059	0.00587	0.00697
22	0.01240	0.00902	0.01100	0.01063	0.01223	0.03579	0.02541	0.04272	0.03280	0.08495	0.05767	0.39741	0.10193	0.05085	0.00989	0.00261	0.05581	0.01358	0.02673	0.00658
23	0.01405	0.01372	0.02150	0.53057	0.22135	0.05161	0.01850	0.01818	0.01392	0.01800	0.01180	0.01694	0.00919	0.00641	0.00653	0.00211	0.00868	0.00577	0.00304	0.00814
24	0.67540	0.01246	0.01067	0.00920	0.01346	0.01386	0.00758	0.02162	0.01256	0.15451	0.01216	0.01278	0.00876	0.00647	0.00453	0.00204	0.00518	0.00411	0.00480	0.00785
25	0.00901	0.00704	0.01075	0.01080	0.01197	0.00668	0.06617	0.01095	0.01367	0.01855	0.13340	0.53063	0.04149	0.02006	0.05518	0.00306	0.00528	0.03360	0.00587	0.00583
26	0.01480	0.01596	0.08067	0.26163	0.42367	0.01535	0.05441	0.01924	0.01436	0.01996	0.01217	0.01657	0.00972	0.00610	0.00658	0.00205	0.00844	0.00588	0.00312	0.00932

[dist]
# distance from previous block
# <min> <max>
0	16

[block]
# block no. 6 follows, 33 sequences, length 39
# corresponding to MSA columns:
# 476-514
