[name]
unknown

[dist]
# distance from previous block
# <min> <max>
0	61

[block]
# block no. 0 follows, 37 sequences, length 37
# corresponding to MSA columns:
# 69-105
name=unknown_A
#
# <colnr> <probs for GDERKNQSTAVLIFYWHMCP>
#	G	D	E	R	K	N	Q	S	T	A	V	L	I	F	Y	W	H	M	C	P
0	0.05664	0.06981	0.08276	0.03027	0.19249	0.09112	0.02960	0.06106	0.04297	0.04228	0.01430	0.01772	0.02941	0.00783	0.02766	0.00197	0.03264	0.03217	0.02903	0.10826
1	0.08821	0.17703	0.01972	0.13687	0.11934	0.05885	0.01187	0.11594	0.01547	0.06601	0.04124	0.01648	0.03439	0.00763	0.02599	0.00193	0.00687	0.00516	0.00394	0.04706
2	0.04331	0.14633	0.01319	0.02981	0.01159	0.03509	0.00713	0.01346	0.05803	0.03569	0.03811	0.14353	0.01784	0.08587	0.01439	0.28472	0.00544	0.00743	0.00380	0.00524
3	0.01406	0.10416	0.46208	0.07269	0.12883	0.03560	0.01946	0.04063	0.01369	0.03771	0.01120	0.01337	0.00834	0.00583	0.00569	0.00185	0.00836	0.00465	0.00291	0.00888
4	0.01510	0.38881	0.21382	0.03911	0.08958	0.04018	0.03602	0.04033	0.01334	0.01730	0.01010	0.01216	0.00836	0.00659	0.02501	0.00181	0.00777	0.00417	0.00283	0.02761
5	0.00891	0.00650	0.00798	0.00840	0.00940	0.00610	0.00573	0.04139	0.01217	0.01636	0.02966	0.48611	0.06882	0.16852	0.01208	0.00300	0.00427	0.03068	0.00515	0.06878
6	0.01748	0.47298	0.09636	0.01292	0.01804	0.16988	0.03393	0.05200	0.04519	0.01671	0.01003	0.01134	0.00847	0.00573	0.00472	0.00150	0.00774	0.00390	0.00305	0.00802
7	0.00784	0.00601	0.00704	0.00734	0.00866	0.00539	0.00528	0.00949	0.01374	0.01777	0.20038	0.23550	0.33210	0.07741	0.00934	0.00248	0.00349	0.03984	0.00576	0.00515
8	0.01723	0.01414	0.01497	0.01286	0.01668	0.01616	0.01017	0.20523	0.55966	0.02884	0.02237	0.02081	0.01663	0.00807	0.00620	0.00202	0.00532	0.00657	0.00620	0.00987
9	0.01375	0.01293	0.02130	0.37849	0.29816	0.01455	0.04411	0.05132	0.03767	0.01878	0.01170	0.01591	0.00922	0.00616	0.00674	0.00198	0.04036	0.00556	0.00313	0.00819
10	0.01592	0.39922	0.25604	0.01367	0.02002	0.01912	0.04839	0.05173	0.04466	0.06244	0.01140	0.01256	0.00891	0.00578	0.00501	0.00163	0.00737	0.00429	0.00324	0.00860
11	0.01278	0.12463	0.66459	0.01659	0.02517	0.01544	0.02113	0.01926	0.01286	0.01877	0.01068	0.01254	0.00777	0.00574	0.00558	0.00186	0.00874	0.00437	0.00259	0.00890
12	0.00810	0.00581	0.00717	0.00760	0.00833	0.00544	0.00510	0.00941	0.01268	0.01704	0.21242	0.33067	0.11760	0.20859	0.01344	0.00316	0.00393	0.01318	0.00546	0.00488
13	0.01596	0.07960	0.26602	0.09068	0.13063	0.14985	0.07322	0.05052	0.03206	0.03838	0.01155	0.01381	0.00880	0.00596	0.00583	0.00183	0.00868	0.00491	0.00318	0.00854
14	0.01731	0.03581	0.01942	0.28756	0.09657	0.19329	0.06724	0.03740	0.03873	0.10753	0.01307	0.01569	0.00977	0.00631	0.00596	0.00185	0.00825	0.00531	0.02505	0.00788
15	0.00741	0.00590	0.00653	0.00700	0.00837	0.00515	0.00493	0.00871	0.01290	0.01595	0.05004	0.29588	0.46741	0.06433	0.00891	0.00244	0.00342	0.01415	0.00556	0.00501
16	0.31126	0.01390	0.03579	0.05633	0.01895	0.01492	0.11949	0.08359	0.23965	0.02574	0.01498	0.01584	0.01125	0.00659	0.00547	0.00198	0.00611	0.00539	0.00455	0.00824
17	0.01476	0.21668	0.37653	0.04602	0.04705	0.04840	0.09574	0.01968	0.01338	0.05177	0.01108	0.01303	0.00838	0.00570	0.00552	0.00178	0.00838	0.00463	0.00292	0.00858
18	0.02344	0.00924	0.01208	0.00959	0.01350	0.00817	0.00781	0.02593	0.01635	0.56852	0.02310	0.02133	0.01529	0.00746	0.00569	0.00178	0.00462	0.00604	0.21082	0.00924
19	0.00803	0.00570	0.00759	0.00890	0.00942	0.00544	0.00632	0.00934	0.01195	0.01584	0.03235	0.58790	0.03805	0.07918	0.00978	0.00282	0.00413	0.14675	0.00552	0.00500
20	0.09095	0.04442	0.02392	0.03249	0.59524	0.01503	0.04741	0.04226	0.01407	0.02108	0.01126	0.01450	0.00935	0.00552	0.00582	0.00182	0.00712	0.00525	0.00319	0.00930
21	0.01755	0.01789	0.02268	0.06015	0.41686	0.17319	0.05560	0.10670	0.01634	0.02089	0.01141	0.01431	0.00927	0.00600	0.00634	0.00181	0.02538	0.00524	0.00342	0.00896
22	0.01320	0.06640	0.43212	0.05719	0.20015	0.01425	0.01931	0.01863	0.01309	0.01913	0.01096	0.01343	0.00837	0.00559	0.00566	0.00178	0.00801	0.00464	0.00280	0.08527
23	0.02927	0.07574	0.58126	0.01925	0.11376	0.03855	0.02074	0.01938	0.01311	0.01917	0.01080	0.01289	0.00798	0.00575	0.00568	0.00187	0.00865	0.00452	0.00268	0.00894
24	0.00890	0.00593	0.00668	0.00668	0.00668	0.00593	0.00371	0.00890	0.00890	0.01187	0.01929	0.04006	0.02225	0.78487	0.03116	0.00593	0.00593	0.00890	0.00371	0.00371
25	0.01142	0.01066	0.01787	0.73366	0.04058	0.01323	0.01646	0.01544	0.01248	0.01607	0.04595	0.01773	0.01053	0.00643	0.00617	0.00203	0.00791	0.00571	0.00291	0.00675
26	0.01520	0.05248	0.17755	0.02955	0.45314	0.07731	0.06902	0.01942	0.01398	0.01918	0.01117	0.01421	0.00903	0.00557	0.00596	0.00182	0.00814	0.00517	0.00293	0.00916
27	0.00779	0.00556	0.00748	0.00890	0.00940	0.00525	0.00625	0.00909	0.01204	0.01599	0.03356	0.68405	0.03977	0.01887	0.00790	0.00253	0.00384	0.11100	0.00568	0.00506
28	0.00802	0.00556	0.00694	0.00780	0.00802	0.00535	0.00491	0.00867	0.01062	0.01416	0.02809	0.49110	0.03335	0.31869	0.01694	0.00383	0.00448	0.01408	0.00491	0.00448
29	0.01415	0.00912	0.01043	0.04159	0.01281	0.03469	0.00741	0.07806	0.03391	0.15985	0.04411	0.09551	0.19341	0.14302	0.01093	0.00273	0.00510	0.07105	0.02541	0.00670
30	0.01362	0.26420	0.50360	0.01562	0.02338	0.01735	0.04576	0.01907	0.01283	0.01786	0.01028	0.01211	0.00784	0.00561	0.00529	0.00175	0.00833	0.00424	0.00261	0.00865
31	0.00874	0.00656	0.00984	0.00984	0.01093	0.00765	0.00765	0.01093	0.00984	0.01421	0.01640	0.02405	0.01530	0.04591	0.76062	0.00984	0.01640	0.00656	0.00328	0.00547
32	0.01543	0.00743	0.00928	0.00806	0.01059	0.00676	0.00631	0.01806	0.01588	0.25720	0.26075	0.03180	0.07206	0.00953	0.00602	0.00178	0.00364	0.00803	0.24420	0.00721
33	0.01396	0.26576	0.37215	0.04562	0.07464	0.01756	0.04435	0.01927	0.04076	0.01785	0.01076	0.01277	0.00843	0.00581	0.00568	0.00176	0.02705	0.00445	0.00280	0.00857
34	0.01228	0.03166	0.75316	0.01745	0.02649	0.01422	0.02262	0.01939	0.01292	0.01939	0.01099	0.01292	0.00775	0.00582	0.00582	0.00194	0.00905	0.00452	0.00258	0.00905
35	0.00800	0.00614	0.00733	0.00722	0.00879	0.00547	0.00535	0.01020	0.01549	0.02063	0.41528	0.12641	0.31290	0.01432	0.00729	0.00204	0.00304	0.01241	0.00624	0.00547
36	0.01666	0.01730	0.02246	0.17318	0.05449	0.16499	0.20744	0.09797	0.14257	0.02097	0.01390	0.01624	0.01056	0.00639	0.00632	0.00193	0.00856	0.00589	0.00390	0.00826

[dist]
# distance from previous block
# <min> <max>
0	2

[block]
# block no. 1 follows, 37 sequences, length 35
# corresponding to MSA columns:
# 109-143
name=unknown_B
#
# <colnr> <probs for GDERKNQSTAVLIFYWHMCP>
#	G	D	E	R	K	N	Q	S	T	A	V	L	I	F	Y	W	H	M	C	P
0	0.03775	0.09109	0.45007	0.02002	0.17018	0.01463	0.01901	0.02015	0.01346	0.09048	0.01209	0.01379	0.00884	0.00586	0.00568	0.00185	0.00797	0.00473	0.00320	0.00914
1	0.02287	0.02917	0.01735	0.01577	0.01892	0.76030	0.01183	0.02444	0.01735	0.01498	0.00946	0.01104	0.00788	0.00631	0.00552	0.00158	0.01104	0.00394	0.00315	0.00710
2	0.01297	0.01259	0.02236	0.40974	0.25499	0.01384	0.11331	0.01700	0.01315	0.01764	0.01228	0.01843	0.01004	0.00629	0.00636	0.00201	0.00806	0.03812	0.00300	0.00783
3	0.01617	0.01456	0.07513	0.10785	0.49146	0.01334	0.01703	0.01986	0.01422	0.12782	0.01470	0.01718	0.03077	0.00615	0.00610	0.00187	0.00707	0.00570	0.00371	0.00933
4	0.00972	0.00891	0.01478	0.07770	0.01716	0.00860	0.17004	0.01282	0.04220	0.01756	0.06606	0.30749	0.19544	0.01326	0.00731	0.00221	0.00540	0.01229	0.00491	0.00615
5	0.00877	0.00648	0.00942	0.00942	0.01036	0.00742	0.00713	0.01066	0.00971	0.01390	0.01678	0.02619	0.01623	0.14459	0.66320	0.00932	0.01500	0.00687	0.00334	0.00523
6	0.01277	0.02822	0.59011	0.01935	0.02774	0.01450	0.18221	0.01944	0.01327	0.01944	0.01130	0.01374	0.00810	0.00567	0.00614	0.00197	0.00934	0.00514	0.00270	0.00887
7	0.01606	0.09198	0.15815	0.06041	0.29819	0.05552	0.09845	0.08987	0.01535	0.04156	0.01177	0.01435	0.00918	0.00579	0.00593	0.00182	0.00801	0.00523	0.00335	0.00905
8	0.01249	0.07090	0.71578	0.01709	0.02593	0.01473	0.02199	0.01933	0.01290	0.01913	0.01086	0.01276	0.00776	0.00579	0.00572	0.00191	0.00892	0.00446	0.00259	0.00898
9	0.00757	0.00621	0.00672	0.00697	0.00880	0.00536	0.00531	0.00925	0.01388	0.01689	0.07718	0.12178	0.58942	0.01587	0.00741	0.00218	0.00340	0.08487	0.00571	0.00522
10	0.03756	0.01265	0.01470	0.03214	0.11978	0.01407	0.01057	0.05929	0.48014	0.02420	0.02603	0.02501	0.10009	0.00856	0.00624	0.00202	0.00515	0.00720	0.00556	0.00905
11	0.01319	0.01764	0.16325	0.04367	0.06543	0.01385	0.44378	0.01814	0.01383	0.01907	0.01481	0.08398	0.01288	0.00707	0.00698	0.00210	0.00907	0.03991	0.00333	0.00803
12	0.00761	0.00549	0.00723	0.00850	0.00899	0.00516	0.00579	0.00877	0.01181	0.01565	0.03435	0.67563	0.07623	0.03947	0.02801	0.00276	0.00401	0.04398	0.00557	0.00499
13	0.01228	0.03166	0.75316	0.01745	0.02649	0.01422	0.02262	0.01939	0.01292	0.01939	0.01099	0.01292	0.00775	0.00582	0.00582	0.00194	0.00905	0.00452	0.00258	0.00905
14	0.01798	0.01385	0.02066	0.15868	0.39965	0.06116	0.01566	0.02126	0.01472	0.19496	0.01431	0.01646	0.01062	0.00614	0.00606	0.00186	0.00717	0.00552	0.00408	0.00919
15	0.01280	0.02826	0.59835	0.02012	0.08090	0.01442	0.12076	0.01937	0.01321	0.01946	0.01122	0.01359	0.00811	0.00570	0.00603	0.00195	0.00909	0.00497	0.00269	0.00898
16	0.01156	0.01088	0.01836	0.77016	0.04216	0.01360	0.01700	0.01564	0.01224	0.01564	0.01088	0.01632	0.00816	0.00612	0.00612	0.00204	0.00816	0.00544	0.00272	0.00680
17	0.82811	0.01184	0.00900	0.00805	0.01184	0.01373	0.00663	0.01799	0.01042	0.02746	0.00852	0.00994	0.00663	0.00568	0.00379	0.00189	0.00474	0.00331	0.00379	0.00663
18	0.00924	0.00749	0.00867	0.00830	0.00981	0.04538	0.00624	0.01168	0.01528	0.02076	0.46376	0.04143	0.13390	0.04001	0.14724	0.00350	0.00592	0.01004	0.00569	0.00565
19	0.01632	0.65189	0.12275	0.01150	0.01716	0.04031	0.01201	0.01894	0.01276	0.03608	0.00929	0.01056	0.00805	0.00540	0.00427	0.00141	0.00693	0.00353	0.00277	0.00806
20	0.00848	0.00622	0.00760	0.00726	0.00884	0.00563	0.00544	0.01106	0.01633	0.02264	0.55114	0.04753	0.21153	0.01291	0.00707	0.00193	0.00293	0.01121	0.04860	0.00563
21	0.01490	0.01304	0.01584	0.05583	0.14777	0.01463	0.01152	0.05021	0.50857	0.02423	0.04101	0.02243	0.03678	0.00795	0.00624	0.00202	0.00541	0.00680	0.00547	0.00934
22	0.00890	0.00593	0.00668	0.00668	0.00668	0.00593	0.00371	0.00890	0.00890	0.01187	0.01929	0.04006	0.02225	0.78487	0.03116	0.00593	0.00593	0.00890	0.00371	0.00371
23	0.00785	0.00615	0.00711	0.00702	0.00869	0.00541	0.00521	0.00992	0.01518	0.01982	0.34522	0.11359	0.39786	0.01456	0.00728	0.00204	0.00305	0.01252	0.00613	0.00541
24	0.01925	0.02171	0.01855	0.01832	0.10749	0.40862	0.01303	0.02105	0.01452	0.04961	0.00996	0.01271	0.00849	0.00760	0.01004	0.00196	0.24178	0.00466	0.00320	0.00745
25	0.01269	0.01088	0.01269	0.00907	0.01451	0.00816	0.00725	0.01541	0.01269	0.01995	0.01088	0.01269	0.00907	0.00453	0.00453	0.00091	0.00453	0.00363	0.00363	0.82229
26	0.01482	0.04496	0.30063	0.04192	0.12820	0.04268	0.15393	0.10753	0.01534	0.02123	0.01249	0.04459	0.00999	0.00650	0.00656	0.00194	0.02879	0.00580	0.00334	0.00876
27	0.07576	0.01110	0.01266	0.00924	0.01449	0.00893	0.00743	0.03598	0.01325	0.06483	0.01160	0.01303	0.00928	0.00488	0.00462	0.00107	0.00465	0.00381	0.00394	0.68945
28	0.66852	0.01215	0.01072	0.00915	0.01299	0.01381	0.03359	0.08720	0.01252	0.02797	0.00998	0.01145	0.00766	0.00592	0.00417	0.00187	0.00502	0.00382	0.05448	0.00700
29	0.00878	0.00641	0.00907	0.00907	0.00990	0.00723	0.00669	0.01044	0.00961	0.01364	0.01710	0.02794	0.01699	0.22534	0.58349	0.00889	0.01386	0.00713	0.00338	0.00504
30	0.00866	0.00626	0.00818	0.00770	0.00914	0.00578	0.00578	0.01155	0.01733	0.02455	0.74346	0.04572	0.05776	0.01251	0.00722	0.00193	0.00289	0.01107	0.00674	0.00578
31	0.00739	0.00612	0.00648	0.00658	0.00841	0.00520	0.00486	0.00902	0.01404	0.01719	0.12293	0.13171	0.60775	0.01560	0.00729	0.00210	0.00313	0.01321	0.00578	0.00520
32	0.01515	0.01454	0.02485	0.03757	0.74669	0.01454	0.01879	0.01879	0.01394	0.02000	0.01151	0.01515	0.00970	0.00545	0.00606	0.00182	0.00727	0.00545	0.00303	0.00970
33	0.01572	0.01340	0.01412	0.01256	0.01611	0.01546	0.00981	0.07550	0.69184	0.02641	0.02428	0.02233	0.01817	0.00825	0.00622	0.00206	0.00496	0.00683	0.00622	0.00973
34	0.02161	0.01561	0.01682	0.01307	0.01757	0.01707	0.01074	0.62028	0.02676	0.05470	0.04627	0.01844	0.04671	0.00793	0.00615	0.00184	0.00623	0.00610	0.03630	0.00981

[dist]
# distance from previous block
# <min> <max>
1	3

[block]
# block no. 2 follows, 37 sequences, length 24
# corresponding to MSA columns:
# 147-170
name=unknown_C
#
# <colnr> <probs for GDERKNQSTAVLIFYWHMCP>
#	G	D	E	R	K	N	Q	S	T	A	V	L	I	F	Y	W	H	M	C	P
0	0.82811	0.01184	0.00900	0.00805	0.01184	0.01373	0.00663	0.01799	0.01042	0.02746	0.00852	0.00994	0.00663	0.00568	0.00379	0.00189	0.00474	0.00331	0.00379	0.00663
1	0.04656	0.12665	0.18462	0.04214	0.08597	0.08500	0.03028	0.06743	0.06728	0.04118	0.10929	0.01921	0.03148	0.00719	0.00574	0.00180	0.00688	0.00578	0.02740	0.00813
2	0.04485	0.01363	0.04984	0.18042	0.21738	0.01360	0.14669	0.03567	0.09658	0.04505	0.01546	0.08571	0.01313	0.00725	0.00638	0.00201	0.00730	0.00694	0.00382	0.00829
3	0.01515	0.01454	0.02485	0.03757	0.74669	0.01454	0.01879	0.01879	0.01394	0.02000	0.01151	0.01515	0.00970	0.00545	0.00606	0.00182	0.00727	0.00545	0.00303	0.00970
4	0.04850	0.00820	0.00969	0.00828	0.01118	0.00782	0.00657	0.02123	0.05650	0.30101	0.06581	0.02298	0.01790	0.00764	0.00527	0.00169	0.00394	0.00619	0.38183	0.00777
5	0.00890	0.00593	0.00668	0.00668	0.00668	0.00593	0.00371	0.00890	0.00890	0.01187	0.01929	0.04006	0.02225	0.78487	0.03116	0.00593	0.00593	0.00890	0.00371	0.00371
6	0.00759	0.00607	0.00679	0.00691	0.00856	0.00527	0.00507	0.00935	0.01433	0.01816	0.20831	0.17400	0.47715	0.01544	0.00733	0.00210	0.00313	0.01324	0.00592	0.00527
7	0.02287	0.02917	0.01735	0.01577	0.01892	0.76030	0.01183	0.02444	0.01735	0.01498	0.00946	0.01104	0.00788	0.00631	0.00552	0.00158	0.01104	0.00394	0.00315	0.00710
8	0.00779	0.00619	0.00664	0.00653	0.00842	0.00534	0.00490	0.00973	0.01469	0.01877	0.22131	0.05388	0.54315	0.01435	0.00708	0.00200	0.00304	0.01210	0.04875	0.00534
9	0.06496	0.00900	0.00994	0.00841	0.01132	0.00906	0.00671	0.13063	0.01634	0.20043	0.01947	0.02031	0.01420	0.00719	0.00499	0.00163	0.00414	0.00564	0.44800	0.00763
10	0.04428	0.01517	0.02198	0.02313	0.26693	0.01603	0.10102	0.25779	0.05271	0.07455	0.01386	0.01563	0.01047	0.00664	0.00697	0.00192	0.05111	0.00573	0.00453	0.00954
11	0.02201	0.02218	0.01673	0.01419	0.01790	0.39092	0.01108	0.30977	0.02161	0.02530	0.01253	0.01358	0.00961	0.00681	0.00566	0.00167	0.00856	0.00474	0.07684	0.00832
12	0.04368	0.28080	0.27499	0.01408	0.04398	0.01750	0.01461	0.08962	0.04890	0.05182	0.01168	0.01283	0.00900	0.00587	0.00510	0.00165	0.00712	0.00432	0.00346	0.05900
13	0.01293	0.01475	0.11375	0.01547	0.11338	0.09727	0.01170	0.01659	0.06155	0.04264	0.08544	0.17845	0.09209	0.01093	0.00831	0.00210	0.10208	0.00893	0.00443	0.00721
14	0.00847	0.00652	0.00778	0.00749	0.00918	0.00599	0.00560	0.01154	0.04973	0.02171	0.46628	0.08051	0.26957	0.01354	0.00720	0.00200	0.00307	0.01173	0.00634	0.00573
15	0.30537	0.16409	0.08809	0.01363	0.06149	0.01559	0.07975	0.03843	0.04436	0.11882	0.01224	0.01327	0.00916	0.00595	0.00495	0.00180	0.00630	0.00452	0.00400	0.00817
16	0.01395	0.01326	0.02231	0.25794	0.49913	0.01396	0.01770	0.01768	0.01337	0.01868	0.01129	0.01539	0.00920	0.00561	0.00601	0.00184	0.00741	0.00536	0.00296	0.04694
17	0.01269	0.01088	0.01269	0.00907	0.01451	0.00816	0.00725	0.01541	0.01269	0.01995	0.01088	0.01269	0.00907	0.00453	0.00453	0.00091	0.00453	0.00363	0.00363	0.82229
18	0.01884	0.04236	0.05574	0.01446	0.04035	0.05069	0.03627	0.34667	0.23226	0.02988	0.03567	0.01775	0.01379	0.00742	0.00605	0.00188	0.00643	0.00593	0.02798	0.00955
19	0.04924	0.01674	0.01620	0.01322	0.01716	0.12872	0.01071	0.43494	0.02285	0.06970	0.01510	0.01734	0.01161	0.00979	0.04938	0.00230	0.02618	0.03244	0.04741	0.00898
20	0.01613	0.01801	0.12485	0.04239	0.19900	0.06683	0.15689	0.10244	0.09387	0.04374	0.03094	0.01645	0.01147	0.00652	0.00692	0.00195	0.04291	0.00589	0.00389	0.00893
21	0.01224	0.01037	0.01233	0.09134	0.01609	0.03592	0.00858	0.05593	0.04217	0.02133	0.19481	0.04939	0.04083	0.00851	0.00646	0.00163	0.03464	0.03110	0.02807	0.29827
22	0.07125	0.08189	0.01748	0.04060	0.07812	0.01546	0.02966	0.27969	0.11040	0.06802	0.01765	0.02011	0.03158	0.00763	0.00583	0.00187	0.00602	0.04314	0.06474	0.00887
23	0.01078	0.03361	0.06904	0.02479	0.01294	0.02772	0.00852	0.03281	0.11464	0.01850	0.07583	0.11120	0.17706	0.06800	0.10481	0.00332	0.03616	0.03007	0.03374	0.00645

[dist]
# distance from previous block
# <min> <max>
0	6

[block]
# block no. 3 follows, 37 sequences, length 99
# corresponding to MSA columns:
# 177-275
name=unknown_D
#
# <colnr> <probs for GDERKNQSTAVLIFYWHMCP>
#	G	D	E	R	K	N	Q	S	T	A	V	L	I	F	Y	W	H	M	C	P
0	0.01495	0.05799	0.28882	0.04045	0.16778	0.04768	0.10081	0.06513	0.01499	0.05934	0.05054	0.01724	0.03385	0.00649	0.00609	0.00188	0.00794	0.00570	0.00356	0.00876
1	0.06986	0.17441	0.15762	0.04087	0.05230	0.14474	0.10982	0.06728	0.09010	0.02000	0.01197	0.01363	0.00934	0.00604	0.00553	0.00177	0.00809	0.00484	0.00347	0.00832
2	0.73039	0.01230	0.00999	0.04855	0.01383	0.03081	0.00743	0.03572	0.01118	0.02669	0.00887	0.01048	0.00688	0.00574	0.00402	0.00187	0.00511	0.00350	0.00377	0.02288
3	0.01716	0.03530	0.07923	0.07365	0.06127	0.06694	0.15473	0.16623	0.12753	0.05796	0.01435	0.01611	0.01080	0.00697	0.00761	0.00200	0.08322	0.00584	0.00429	0.00881
4	0.01443	0.01309	0.01988	0.34461	0.22283	0.03405	0.03903	0.08507	0.03828	0.03440	0.04181	0.01703	0.01133	0.00650	0.00658	0.00194	0.03172	0.00571	0.00355	0.02817
5	0.76495	0.03067	0.00952	0.00809	0.01179	0.01357	0.00668	0.01766	0.01083	0.02699	0.04724	0.01183	0.00935	0.00603	0.00397	0.00188	0.00468	0.00372	0.00391	0.00661
6	0.00920	0.00701	0.00956	0.03492	0.01191	0.00700	0.02972	0.04920	0.03658	0.01756	0.03138	0.53614	0.06444	0.01799	0.03736	0.00271	0.00482	0.08139	0.00544	0.00568
7	0.03470	0.06127	0.08433	0.06176	0.07007	0.18786	0.14824	0.13813	0.06527	0.02173	0.03116	0.01602	0.02615	0.00663	0.00628	0.00185	0.02076	0.00560	0.00388	0.00831
8	0.01063	0.00532	0.00797	0.00797	0.00797	0.00532	0.00532	0.00797	0.00797	0.01063	0.01063	0.01861	0.01063	0.02127	0.02392	0.82190	0.00532	0.00532	0.00266	0.00266
9	0.02044	0.01717	0.04413	0.03750	0.05925	0.03751	0.08582	0.48547	0.09559	0.03246	0.01494	0.01561	0.01086	0.00701	0.00622	0.00189	0.00718	0.00575	0.00537	0.00985
10	0.00749	0.00596	0.00672	0.00706	0.00856	0.00519	0.00510	0.00908	0.01377	0.01735	0.14543	0.26268	0.45172	0.01615	0.00740	0.00217	0.00320	0.01395	0.00583	0.00519
11	0.01269	0.01088	0.01269	0.00907	0.01451	0.00816	0.00725	0.01541	0.01269	0.01995	0.01088	0.01269	0.00907	0.00453	0.00453	0.00091	0.00453	0.00363	0.00363	0.82229
12	0.00964	0.00784	0.01092	0.01065	0.01140	0.00934	0.00832	0.01133	0.01051	0.01479	0.02091	0.11528	0.05774	0.10522	0.32814	0.00597	0.17310	0.07958	0.00383	0.00550
13	0.01746	0.01157	0.01285	0.01084	0.01441	0.01212	0.00862	0.19127	0.22562	0.16600	0.02985	0.05179	0.16280	0.00968	0.00635	0.00196	0.00488	0.00792	0.04527	0.00875
14	0.01001	0.00945	0.01716	0.01438	0.01681	0.00905	0.24522	0.01249	0.01273	0.01699	0.02805	0.43223	0.09017	0.01385	0.00807	0.00232	0.03705	0.01313	0.00470	0.00615
15	0.01981	0.01113	0.01315	0.01084	0.01469	0.01112	0.00870	0.11766	0.19836	0.32669	0.07148	0.02750	0.12303	0.00917	0.00639	0.00196	0.00488	0.00753	0.00673	0.00920
16	0.01331	0.01144	0.01478	0.01144	0.04545	0.00908	0.05482	0.01655	0.02927	0.03733	0.01163	0.01346	0.00947	0.00477	0.00485	0.00107	0.00505	0.00407	0.00372	0.69844
17	0.06543	0.01121	0.01277	0.00929	0.01458	0.00904	0.00747	0.04887	0.01345	0.04547	0.01135	0.01288	0.00918	0.00484	0.00461	0.00104	0.00467	0.00378	0.00388	0.70618
18	0.01175	0.01108	0.01871	0.73056	0.08025	0.01365	0.01710	0.01581	0.01233	0.01588	0.01091	0.01626	0.00824	0.00608	0.00612	0.00203	0.00811	0.00544	0.00274	0.00696
19	0.01378	0.35258	0.27687	0.04892	0.06782	0.01759	0.01500	0.01782	0.01311	0.01750	0.07940	0.01521	0.01282	0.00695	0.01955	0.00181	0.00737	0.00475	0.00304	0.00810
20	0.01615	0.74868	0.07007	0.01084	0.01628	0.02369	0.01111	0.01839	0.01246	0.01466	0.00864	0.00998	0.00785	0.00527	0.00403	0.00134	0.00668	0.00334	0.00262	0.00792
21	0.00816	0.00580	0.00759	0.00820	0.00885	0.00571	0.00565	0.00957	0.01189	0.01633	0.13490	0.39384	0.05429	0.14175	0.13515	0.00411	0.00591	0.01295	0.02435	0.00500
22	0.01637	0.78856	0.03208	0.01047	0.01571	0.02422	0.01047	0.01833	0.01244	0.01440	0.00851	0.00982	0.00786	0.00524	0.00393	0.00131	0.00655	0.00327	0.00262	0.00786
23	0.01775	0.01733	0.02141	0.06732	0.42762	0.18880	0.01585	0.02067	0.01468	0.08341	0.01191	0.01464	0.00957	0.00621	0.00684	0.00183	0.05677	0.00516	0.00343	0.00881
24	0.01696	0.01763	0.02380	0.06021	0.46039	0.16159	0.08548	0.06386	0.01551	0.01995	0.01137	0.01449	0.00928	0.00574	0.00607	0.00180	0.00831	0.00533	0.00324	0.00897
25	0.25638	0.01698	0.01718	0.13976	0.22773	0.20894	0.01310	0.01953	0.01352	0.02020	0.01000	0.01273	0.00807	0.00585	0.00526	0.00181	0.00765	0.00443	0.00324	0.00765
26	0.01539	0.03307	0.08274	0.01923	0.16092	0.15173	0.12682	0.03287	0.03089	0.05857	0.20090	0.02263	0.02196	0.00762	0.00639	0.00185	0.00730	0.00685	0.00434	0.00792
27	0.01128	0.03624	0.04121	0.42726	0.02981	0.01259	0.04352	0.01496	0.03021	0.01616	0.01689	0.09041	0.06106	0.01063	0.05273	0.00254	0.06393	0.00708	0.00334	0.02814
28	0.01141	0.00571	0.00571	0.00571	0.00713	0.00571	0.00428	0.01426	0.01284	0.02282	0.01997	0.02282	0.01569	0.00713	0.00428	0.00143	0.00285	0.00571	0.81886	0.00571
29	0.01280	0.01219	0.05682	0.10154	0.11816	0.01174	0.09187	0.04820	0.12699	0.03621	0.19373	0.03946	0.06278	0.00886	0.00688	0.00200	0.02210	0.01877	0.02115	0.00775
30	0.00854	0.00624	0.00793	0.00751	0.00896	0.00572	0.00558	0.01118	0.01666	0.02326	0.64838	0.04677	0.12247	0.04417	0.00819	0.00210	0.00303	0.01116	0.00651	0.00563
31	0.00883	0.00623	0.00816	0.00816	0.00867	0.00674	0.00555	0.00985	0.00934	0.01296	0.01793	0.03257	0.01900	0.43918	0.37241	0.00776	0.01083	0.00781	0.00351	0.00453
32	0.01637	0.78856	0.03208	0.01047	0.01571	0.02422	0.01047	0.01833	0.01244	0.01440	0.00851	0.00982	0.00786	0.00524	0.00393	0.00131	0.00655	0.00327	0.00262	0.00786
33	0.00944	0.00671	0.00852	0.00795	0.00954	0.00634	0.00595	0.01292	0.05476	0.04159	0.64155	0.04404	0.07133	0.04275	0.00809	0.00209	0.00317	0.01069	0.00658	0.00600
34	0.00873	0.00660	0.00811	0.00782	0.00944	0.00617	0.00590	0.01204	0.05418	0.02249	0.52195	0.07899	0.18524	0.01329	0.00724	0.00201	0.00315	0.03440	0.00643	0.00583
35	0.00900	0.00593	0.00664	0.00664	0.00669	0.00593	0.00373	0.00911	0.00906	0.01230	0.01931	0.03938	0.02200	0.75417	0.03009	0.00576	0.00581	0.00878	0.03589	0.00379
36	0.01390	0.01425	0.01867	0.01605	0.01622	0.05884	0.01331	0.01526	0.00981	0.01474	0.00811	0.01327	0.00803	0.01048	0.01930	0.00262	0.73244	0.00528	0.00270	0.00672
37	0.01305	0.01103	0.01286	0.00932	0.01460	0.00864	0.00747	0.04790	0.01334	0.02062	0.01123	0.01315	0.00933	0.00601	0.02919	0.00124	0.00502	0.00381	0.00373	0.75846
38	0.01573	0.66519	0.05323	0.01068	0.01560	0.02202	0.01051	0.04547	0.01304	0.01563	0.01102	0.07693	0.01078	0.00655	0.00441	0.00145	0.00638	0.00463	0.00302	0.00775
39	0.01819	0.01311	0.01441	0.01231	0.01613	0.01452	0.00976	0.13375	0.49670	0.14348	0.04323	0.02195	0.01799	0.00816	0.00623	0.00201	0.00513	0.00671	0.00644	0.00980
40	0.00784	0.00611	0.00772	0.00846	0.00924	0.00599	0.00597	0.00910	0.01218	0.01593	0.05218	0.52454	0.21097	0.01812	0.02325	0.00253	0.05406	0.01518	0.00546	0.00516
41	0.01261	0.05429	0.06975	0.10452	0.04249	0.01437	0.01258	0.01501	0.01074	0.04634	0.01186	0.01739	0.01064	0.04252	0.20067	0.00430	0.31440	0.00564	0.00308	0.00680
42	0.00780	0.00563	0.00747	0.00881	0.00941	0.00529	0.00625	0.00916	0.01219	0.01608	0.03507	0.63566	0.07775	0.01864	0.00788	0.00251	0.00384	0.11981	0.00568	0.00508
43	0.10306	0.01127	0.01398	0.01098	0.01553	0.01069	0.00902	0.08047	0.07543	0.57038	0.02201	0.01950	0.01427	0.00744	0.00593	0.00190	0.00525	0.00590	0.00700	0.00999
44	0.01663	0.01897	0.20471	0.02115	0.17014	0.01484	0.13524	0.17057	0.05512	0.07463	0.03108	0.01744	0.01183	0.00661	0.00630	0.00194	0.00770	0.02156	0.00421	0.00931
45	0.01461	0.01394	0.02011	0.20860	0.37235	0.06547	0.01567	0.05910	0.05385	0.02014	0.06005	0.01892	0.03713	0.00672	0.00616	0.00189	0.00717	0.00603	0.00364	0.00845
46	0.02114	0.15985	0.01981	0.01473	0.01816	0.57962	0.01156	0.02339	0.04460	0.01529	0.00986	0.01137	0.00831	0.00634	0.00573	0.00159	0.03418	0.00399	0.00317	0.00732
47	0.08407	0.01446	0.06569	0.01941	0.22871	0.03139	0.01284	0.13728	0.03992	0.15615	0.01623	0.08121	0.01325	0.00759	0.00635	0.00189	0.02756	0.00631	0.00475	0.04495
48	0.04346	0.01538	0.08589	0.18826	0.11128	0.03813	0.16141	0.05965	0.07653	0.13713	0.01467	0.01673	0.01061	0.00629	0.00623	0.00196	0.00773	0.00586	0.00413	0.00866
49	0.00880	0.00592	0.00667	0.00672	0.00680	0.00588	0.00380	0.00889	0.00916	0.01214	0.02114	0.06414	0.04636	0.73554	0.02964	0.00570	0.00577	0.00930	0.00384	0.00380
50	0.01276	0.01215	0.02071	0.47137	0.27385	0.01384	0.03685	0.01658	0.01279	0.01718	0.01169	0.03631	0.00956	0.00631	0.00646	0.00199	0.02314	0.00581	0.00291	0.00775
51	0.05806	0.11371	0.18389	0.02110	0.19529	0.06889	0.11957	0.05789	0.05208	0.02031	0.01387	0.01588	0.04036	0.00621	0.00582	0.00183	0.00782	0.00542	0.00339	0.00862
52	0.00870	0.00611	0.00745	0.00817	0.00926	0.00582	0.00604	0.01077	0.02784	0.01760	0.07269	0.31183	0.16154	0.07342	0.00907	0.00256	0.00394	0.14314	0.10878	0.00527
53	0.00815	0.00586	0.00772	0.00805	0.00903	0.00543	0.00574	0.01027	0.01495	0.02076	0.44233	0.35765	0.05043	0.01534	0.00747	0.00216	0.00317	0.01376	0.00629	0.00543
54	0.01855	0.02410	0.07610	0.01388	0.01728	0.51768	0.01121	0.02115	0.03976	0.01632	0.04671	0.02100	0.13487	0.00812	0.00592	0.00172	0.00902	0.00588	0.00377	0.00697
55	0.01772	0.43302	0.06537	0.01585	0.10821	0.18104	0.02734	0.05605	0.01459	0.01683	0.00962	0.01130	0.00825	0.00563	0.00482	0.00151	0.00783	0.00395	0.00297	0.00812
56	0.01550	0.01298	0.01383	0.01243	0.01588	0.01490	0.00974	0.05280	0.67160	0.03988	0.02488	0.02438	0.01902	0.00860	0.00631	0.00209	0.00494	0.03444	0.00623	0.00957
57	0.02715	0.01093	0.01452	0.01113	0.01588	0.00975	0.00920	0.08238	0.01837	0.69719	0.02344	0.02037	0.01479	0.00756	0.00615	0.00189	0.00532	0.00611	0.00747	0.01042
58	0.00817	0.00581	0.00701	0.00776	0.00871	0.00539	0.00550	0.00964	0.01247	0.01669	0.06105	0.38200	0.20005	0.09049	0.00963	0.00263	0.00378	0.07625	0.08192	0.00505
59	0.03747	0.53485	0.09482	0.01178	0.01703	0.08542	0.01157	0.04884	0.05278	0.04083	0.01047	0.01148	0.00874	0.00572	0.00452	0.00149	0.00699	0.00383	0.00319	0.00816
60	0.28839	0.01128	0.01256	0.01017	0.01448	0.01133	0.00834	0.04101	0.08162	0.43206	0.01890	0.01732	0.01259	0.00702	0.00539	0.00191	0.00505	0.00528	0.00618	0.00911
61	0.00826	0.00611	0.00772	0.00759	0.00897	0.00556	0.00559	0.01067	0.01597	0.02197	0.53206	0.15834	0.16057	0.01398	0.00731	0.00203	0.00302	0.01231	0.00642	0.00556
62	0.01259	0.02951	0.65146	0.01863	0.02727	0.01440	0.12216	0.01942	0.01314	0.01942	0.01118	0.01343	0.00797	0.00572	0.00602	0.00196	0.00923	0.00491	0.00266	0.00893
63	0.04393	0.15014	0.08858	0.11348	0.11287	0.13167	0.06969	0.13962	0.03543	0.04145	0.01177	0.01378	0.00911	0.00610	0.00563	0.00177	0.00795	0.00490	0.00366	0.00848
64	0.01922	0.02141	0.10913	0.01407	0.01823	0.29839	0.01201	0.14553	0.13204	0.06975	0.01742	0.05799	0.04216	0.00789	0.00601	0.00184	0.00795	0.00600	0.00461	0.00835
65	0.00952	0.00702	0.00782	0.00775	0.00818	0.03697	0.00498	0.01018	0.00959	0.01290	0.01824	0.03457	0.01983	0.55490	0.19963	0.00652	0.00848	0.00805	0.03056	0.00432
66	0.07663	0.11467	0.06048	0.02302	0.27932	0.17002	0.06312	0.06465	0.01487	0.01964	0.01054	0.01311	0.00869	0.00603	0.00637	0.00178	0.05058	0.00479	0.00322	0.00845
67	0.00994	0.00697	0.00870	0.00798	0.00974	0.00654	0.00604	0.05046	0.01741	0.04823	0.59553	0.04435	0.11900	0.03269	0.00776	0.00204	0.00327	0.01073	0.00655	0.00607
68	0.01672	0.01706	0.02382	0.05100	0.31649	0.12713	0.14187	0.09048	0.05005	0.02070	0.01200	0.01499	0.00966	0.00633	0.00742	0.00192	0.07451	0.00561	0.00348	0.00877
69	0.00753	0.00538	0.00706	0.00837	0.00875	0.00503	0.00555	0.00855	0.01162	0.01544	0.03361	0.72423	0.05568	0.06049	0.00906	0.00266	0.00367	0.01684	0.00558	0.00491
70	0.01637	0.78856	0.03208	0.01047	0.01571	0.02422	0.01047	0.01833	0.01244	0.01440	0.00851	0.00982	0.00786	0.00524	0.00393	0.00131	0.00655	0.00327	0.00262	0.00786
71	0.01263	0.01147	0.01848	0.58046	0.13111	0.01358	0.01615	0.06099	0.01359	0.01789	0.01312	0.01763	0.03282	0.00645	0.00610	0.00198	0.00765	0.00570	0.02488	0.00733
72	0.01760	0.01679	0.01920	0.02415	0.35133	0.19595	0.01392	0.02191	0.08929	0.09140	0.06633	0.01873	0.03249	0.00691	0.00607	0.00181	0.00733	0.00588	0.00416	0.00874
73	0.02288	0.02866	0.01739	0.01570	0.01893	0.72885	0.01182	0.05422	0.01783	0.01598	0.00968	0.01119	0.00799	0.00635	0.00555	0.00159	0.01086	0.00401	0.00328	0.00724
74	0.00791	0.00572	0.00703	0.00798	0.00888	0.00527	0.00565	0.00932	0.01242	0.01640	0.03881	0.48056	0.20043	0.04277	0.00829	0.00247	0.00366	0.07436	0.05700	0.00508
75	0.01444	0.01382	0.02356	0.18245	0.60736	0.01436	0.01843	0.01816	0.01360	0.01914	0.01139	0.01538	0.00939	0.00559	0.00607	0.00186	0.00745	0.00545	0.00297	0.00912
76	0.00899	0.00623	0.00759	0.03949	0.00875	0.00649	0.00480	0.00946	0.00917	0.01234	0.01855	0.03692	0.02073	0.65367	0.12700	0.00629	0.00742	0.00844	0.00361	0.00407
77	0.01269	0.01088	0.01269	0.00907	0.01451	0.00816	0.00725	0.01541	0.01269	0.01995	0.01088	0.01269	0.00907	0.00453	0.00453	0.00091	0.00453	0.00363	0.00363	0.82229
78	0.01526	0.01510	0.02432	0.09113	0.63273	0.05379	0.04064	0.01887	0.01401	0.01939	0.01139	0.01506	0.00947	0.00554	0.00607	0.00183	0.00763	0.00543	0.00302	0.00930
79	0.01057	0.00740	0.00924	0.00958	0.01122	0.00720	0.00752	0.08005	0.01500	0.04917	0.07414	0.29720	0.15200	0.01590	0.00765	0.00240	0.00446	0.22746	0.00585	0.00600
80	0.13209	0.14694	0.02275	0.04155	0.11248	0.05880	0.16737	0.05746	0.02817	0.05319	0.01266	0.04034	0.01071	0.03310	0.02992	0.00223	0.03306	0.00568	0.00362	0.00788
81	0.00880	0.00632	0.00863	0.00863	0.00931	0.00700	0.00615	0.01016	0.00948	0.01332	0.01750	0.03016	0.01796	0.32797	0.48218	0.00835	0.01240	0.00745	0.00344	0.00479
82	0.01487	0.01415	0.02406	0.03619	0.70802	0.01415	0.01832	0.01846	0.01395	0.01991	0.01262	0.01799	0.01104	0.00606	0.00619	0.00187	0.00719	0.04234	0.00317	0.00948
83	0.82811	0.01184	0.00900	0.00805	0.01184	0.01373	0.00663	0.01799	0.01042	0.02746	0.00852	0.00994	0.00663	0.00568	0.00379	0.00189	0.00474	0.00331	0.00379	0.00663
84	0.01079	0.00804	0.00987	0.03910	0.01261	0.00773	0.00757	0.03062	0.07992	0.05459	0.16073	0.08945	0.20404	0.01384	0.03158	0.00234	0.00469	0.14330	0.00562	0.08357
85	0.01818	0.01256	0.01542	0.01384	0.09735	0.01185	0.00991	0.17084	0.07860	0.16265	0.01575	0.01611	0.01160	0.00621	0.00548	0.00151	0.00541	0.00505	0.03089	0.31077
86	0.01359	0.01347	0.02193	0.14490	0.11167	0.03162	0.19193	0.04127	0.07562	0.01887	0.03937	0.01963	0.05130	0.00921	0.03897	0.00243	0.15632	0.00660	0.00358	0.00769
87	0.01744	0.01171	0.01383	0.01043	0.01542	0.01024	0.00847	0.12755	0.04558	0.17746	0.01554	0.01696	0.01180	0.00616	0.00532	0.00137	0.00506	0.02740	0.00501	0.46725
88	0.02007	0.01312	0.01468	0.01213	0.01618	0.01412	0.00973	0.21464	0.32896	0.20844	0.02277	0.02107	0.03338	0.00801	0.00614	0.00195	0.00533	0.00647	0.03300	0.00982
89	0.00851	0.00625	0.00797	0.00754	0.00905	0.00571	0.00565	0.01125	0.01696	0.02368	0.66950	0.04716	0.13226	0.01284	0.00722	0.00194	0.00291	0.01127	0.00662	0.00571
90	0.00747	0.00612	0.00654	0.00676	0.00850	0.00526	0.00499	0.00900	0.01362	0.01660	0.07841	0.14857	0.58187	0.04112	0.00814	0.00227	0.00334	0.04063	0.00565	0.00513
91	0.01156	0.01088	0.01836	0.77016	0.04216	0.01360	0.01700	0.01564	0.01224	0.01564	0.01088	0.01632	0.00816	0.00612	0.00612	0.00204	0.00816	0.00544	0.00272	0.00680
92	0.01519	0.01509	0.04825	0.04605	0.62015	0.01471	0.04103	0.03832	0.06267	0.02076	0.01250	0.01564	0.01022	0.00571	0.00610	0.00185	0.00727	0.00558	0.00331	0.00960
93	0.01365	0.01362	0.08871	0.09595	0.27535	0.01148	0.02521	0.01741	0.02835	0.05762	0.01500	0.09607	0.01346	0.00719	0.00595	0.00174	0.00635	0.02205	0.00374	0.20111
94	0.01551	0.08572	0.01387	0.01022	0.01342	0.01244	0.00829	0.27973	0.01937	0.05527	0.08167	0.12403	0.14403	0.01063	0.00628	0.00190	0.00495	0.02343	0.08154	0.00768
95	0.03174	0.16066	0.12994	0.02059	0.24078	0.07532	0.03346	0.07177	0.01464	0.02000	0.01082	0.01301	0.00881	0.00552	0.00533	0.00158	0.00725	0.00451	0.00324	0.14103
96	0.03839	0.08310	0.12420	0.04607	0.04929	0.30280	0.01320	0.09165	0.09652	0.03542	0.01246	0.01380	0.00971	0.00661	0.00605	0.00177	0.03374	0.00470	0.02238	0.00816
97	0.01498	0.01201	0.03869	0.01297	0.06784	0.01110	0.04794	0.15479	0.01549	0.06749	0.03155	0.02132	0.01403	0.18316	0.01186	0.00256	0.03134	0.00601	0.03124	0.22364
98	0.04905	0.07462	0.04149	0.03017	0.08747	0.04476	0.05195	0.11353	0.07678	0.07266	0.08778	0.01786	0.01519	0.00662	0.00561	0.00161	0.00600	0.00551	0.00453	0.20682

[dist]
# distance from previous block
# <min> <max>
28	56

[block]
# block no. 4 follows, 37 sequences, length 71
# corresponding to MSA columns:
# 340-410
name=unknown_E
#
# <colnr> <probs for GDERKNQSTAVLIFYWHMCP>
#	G	D	E	R	K	N	Q	S	T	A	V	L	I	F	Y	W	H	M	C	P
0	0.01826	0.06863	0.10084	0.01623	0.09899	0.13206	0.04511	0.14219	0.07116	0.11188	0.03503	0.01814	0.05143	0.00706	0.00590	0.00176	0.00713	0.00569	0.00457	0.05794
1	0.09199	0.07497	0.09230	0.05127	0.09575	0.06502	0.01172	0.11720	0.06672	0.05282	0.01555	0.06934	0.03203	0.00724	0.00557	0.00173	0.00634	0.00580	0.00422	0.13244
2	0.01676	0.14348	0.08102	0.01989	0.21027	0.10002	0.05931	0.08445	0.04986	0.06943	0.03119	0.04134	0.03091	0.02803	0.00652	0.00189	0.00726	0.00588	0.00394	0.00855
3	0.03990	0.09539	0.10697	0.01361	0.01870	0.09097	0.05096	0.23652	0.06000	0.07105	0.01430	0.04619	0.01128	0.00689	0.00568	0.00171	0.00696	0.00542	0.00458	0.11293
4	0.08130	0.01868	0.19354	0.02120	0.25185	0.05095	0.01537	0.11745	0.04601	0.03794	0.02518	0.01567	0.01074	0.03434	0.00665	0.00196	0.00718	0.00519	0.00377	0.05504
5	0.00889	0.00663	0.00955	0.00949	0.01038	0.00765	0.00716	0.01070	0.00968	0.01385	0.01665	0.02634	0.01623	0.16329	0.62539	0.00903	0.03362	0.00690	0.00333	0.00522
6	0.01684	0.01255	0.01327	0.01169	0.01508	0.04821	0.00913	0.02906	0.48966	0.14514	0.09781	0.02430	0.02153	0.00849	0.00623	0.00199	0.00494	0.00705	0.02786	0.00918
7	0.01356	0.01200	0.03056	0.01220	0.03165	0.01294	0.00953	0.02667	0.52484	0.02402	0.09543	0.03090	0.06968	0.00978	0.00657	0.00212	0.00477	0.06810	0.00603	0.00866
8	0.01269	0.01088	0.01269	0.00907	0.01451	0.00816	0.00725	0.01541	0.01269	0.01995	0.01088	0.01269	0.00907	0.00453	0.00453	0.00091	0.00453	0.00363	0.00363	0.82229
9	0.01548	0.01501	0.04884	0.06517	0.54264	0.04722	0.01704	0.03608	0.01439	0.05039	0.03514	0.03569	0.01195	0.00641	0.00656	0.00187	0.03167	0.00586	0.00344	0.00913
10	0.00879	0.00638	0.00895	0.00895	0.00974	0.00717	0.00655	0.01036	0.00958	0.01355	0.01721	0.02853	0.01725	0.25281	0.55638	0.00874	0.01347	0.00721	0.00340	0.00497
11	0.01322	0.01076	0.01308	0.01367	0.10802	0.02802	0.00930	0.13281	0.10449	0.02418	0.22798	0.07167	0.10221	0.01048	0.00726	0.00198	0.04201	0.02311	0.04826	0.00749
12	0.00750	0.00602	0.00669	0.00692	0.00853	0.00522	0.00504	0.00915	0.01398	0.01755	0.15853	0.21121	0.49051	0.01584	0.00736	0.00214	0.00316	0.01360	0.00584	0.00522
13	0.01425	0.01343	0.02230	0.03296	0.63131	0.01340	0.01680	0.01809	0.03333	0.02040	0.07869	0.01988	0.04486	0.00657	0.00622	0.00184	0.00665	0.00630	0.00355	0.00916
14	0.01315	0.01343	0.02220	0.01787	0.01957	0.01669	0.19424	0.01556	0.01072	0.01592	0.01007	0.01537	0.00916	0.01318	0.09859	0.00331	0.49521	0.00597	0.00285	0.00696
15	0.01384	0.01308	0.02298	0.43555	0.03510	0.01452	0.21818	0.10513	0.01495	0.01989	0.01211	0.01641	0.00904	0.00603	0.00637	0.00200	0.00841	0.00597	0.03282	0.00763
16	0.01719	0.01531	0.01987	0.12270	0.19185	0.05535	0.03239	0.22906	0.09303	0.02442	0.01316	0.01553	0.01028	0.00724	0.00824	0.00201	0.12372	0.00557	0.00419	0.00889
17	0.09306	0.32668	0.05339	0.01294	0.01699	0.23182	0.01142	0.06991	0.01449	0.01773	0.00927	0.01106	0.00795	0.00637	0.00642	0.00166	0.09416	0.00391	0.00313	0.00763
18	0.00815	0.00613	0.00754	0.00742	0.00889	0.00552	0.00548	0.01046	0.01576	0.02138	0.48031	0.14037	0.23195	0.01411	0.00730	0.00203	0.00302	0.01233	0.00634	0.00552
19	0.01487	0.47574	0.27308	0.01429	0.03867	0.02018	0.05200	0.01876	0.01274	0.01648	0.00962	0.01134	0.00794	0.00543	0.00478	0.00157	0.00760	0.00395	0.00264	0.00832
20	0.00834	0.00608	0.00797	0.00879	0.00968	0.00595	0.00652	0.00997	0.01221	0.01616	0.06832	0.32669	0.11556	0.10362	0.11153	0.00384	0.00590	0.16257	0.00519	0.00511
21	0.04557	0.07342	0.17531	0.01857	0.02427	0.01633	0.27378	0.13275	0.03192	0.05705	0.01249	0.01483	0.00933	0.00638	0.00754	0.00199	0.08036	0.00574	0.00371	0.00866
22	0.01437	0.29075	0.42955	0.01537	0.02264	0.05887	0.05246	0.01931	0.01308	0.01744	0.01012	0.01193	0.00787	0.00561	0.00522	0.00171	0.00836	0.00419	0.00265	0.00849
23	0.00894	0.00621	0.00802	0.00820	0.00875	0.00657	0.00568	0.01004	0.00989	0.01367	0.02009	0.06772	0.02165	0.41591	0.27350	0.00672	0.00926	0.06997	0.02465	0.00458
24	0.01510	0.01371	0.05558	0.04727	0.01794	0.01420	0.04472	0.09161	0.46198	0.03938	0.06034	0.02409	0.03529	0.00839	0.00633	0.00204	0.00551	0.02460	0.02287	0.00904
25	0.04941	0.07509	0.13362	0.01413	0.01787	0.24221	0.05132	0.01940	0.06664	0.01710	0.01371	0.04804	0.01223	0.03433	0.11688	0.00314	0.04963	0.02458	0.00345	0.00722
26	0.03489	0.18197	0.22114	0.01408	0.01946	0.09184	0.01413	0.17813	0.01674	0.06808	0.01186	0.01318	0.00903	0.00666	0.00666	0.00180	0.07517	0.00460	0.02192	0.00866
27	0.01192	0.01059	0.01519	0.21615	0.17468	0.04685	0.01229	0.01447	0.01284	0.03996	0.02175	0.25557	0.06248	0.01111	0.00749	0.00216	0.04847	0.02507	0.00411	0.00685
28	0.01602	0.53763	0.05625	0.01131	0.01584	0.10820	0.01063	0.01891	0.05247	0.01541	0.01204	0.05597	0.01147	0.02661	0.00537	0.00164	0.00688	0.02659	0.00317	0.00758
29	0.04713	0.01140	0.01436	0.01111	0.01567	0.01073	0.00915	0.15314	0.01909	0.56533	0.02182	0.01956	0.01411	0.00746	0.00599	0.00186	0.00534	0.00594	0.05076	0.01006
30	0.01485	0.01427	0.02414	0.07839	0.66599	0.01472	0.01839	0.01838	0.01359	0.01946	0.01129	0.01512	0.00952	0.00578	0.00684	0.00188	0.04960	0.00545	0.00299	0.00936
31	0.00965	0.00740	0.01051	0.01059	0.01187	0.00752	0.04187	0.01165	0.01303	0.03577	0.07358	0.29810	0.11086	0.03308	0.00945	0.00257	0.07239	0.22910	0.00535	0.00567
32	0.01868	0.12426	0.01920	0.01453	0.01759	0.40904	0.04446	0.05822	0.01532	0.01621	0.01071	0.01378	0.00933	0.02686	0.10411	0.00282	0.07989	0.00465	0.00322	0.00712
33	0.01966	0.01016	0.01247	0.01029	0.01379	0.00985	0.00822	0.13501	0.06807	0.34003	0.13419	0.08423	0.04607	0.00946	0.00634	0.00192	0.00470	0.00791	0.06893	0.00871
34	0.02013	0.01163	0.01360	0.01143	0.01531	0.01211	0.00911	0.05156	0.36851	0.32179	0.04118	0.02231	0.01777	0.00802	0.00612	0.00196	0.00491	0.00660	0.04620	0.00972
35	0.00809	0.00663	0.00780	0.00839	0.04598	0.00584	0.00582	0.01013	0.01481	0.01891	0.24430	0.07636	0.48070	0.01433	0.00722	0.00205	0.00333	0.02791	0.00584	0.00557
36	0.01341	0.01086	0.01277	0.00916	0.01456	0.00820	0.00734	0.01611	0.01293	0.05540	0.01152	0.01309	0.00936	0.00468	0.00461	0.00095	0.00457	0.00375	0.00382	0.78291
37	0.01552	0.01543	0.04076	0.18026	0.34386	0.06188	0.05566	0.09777	0.01502	0.02032	0.01130	0.01492	0.00911	0.00638	0.00752	0.00195	0.08501	0.00543	0.00328	0.00862
38	0.01435	0.04255	0.39967	0.09201	0.10570	0.05390	0.03687	0.03544	0.02957	0.05320	0.01170	0.01409	0.00873	0.00637	0.00703	0.00196	0.07017	0.00494	0.00309	0.00867
39	0.00744	0.00542	0.00701	0.00829	0.00882	0.00499	0.00558	0.00855	0.01195	0.01572	0.03661	0.70742	0.11209	0.01880	0.00775	0.00244	0.00351	0.01695	0.00568	0.00499
40	0.00854	0.00650	0.00832	0.00851	0.03567	0.00593	0.00601	0.01108	0.01622	0.02226	0.53905	0.08305	0.19969	0.01321	0.00721	0.00198	0.00312	0.01156	0.00633	0.00575
41	0.00812	0.00615	0.00748	0.00733	0.00885	0.00551	0.00543	0.01042	0.01577	0.02126	0.46901	0.12095	0.26326	0.01406	0.00728	0.00202	0.00302	0.01224	0.00632	0.00551
