[name]
unknown

[dist]
# distance from previous block
# <min> <max>
0	33

[block]
# block no. 0 follows, 30 sequences, length 13
# corresponding to MSA columns:
# 33-45
name=unknown_A
#
# <colnr> <probs for GDERKNQSTAVLIFYWHMCP>
#	G	D	E	R	K	N	Q	S	T	A	V	L	I	F	Y	W	H	M	C	P
0	0.01200	0.01102	0.08515	0.01161	0.03859	0.00830	0.00951	0.01533	0.03655	0.08342	0.13184	0.20126	0.25217	0.01560	0.00812	0.00245	0.00498	0.05842	0.00636	0.00732
1	0.01642	0.08073	0.45478	0.04610	0.08122	0.05631	0.02146	0.04622	0.04052	0.04737	0.01353	0.01550	0.00995	0.00678	0.00649	0.00209	0.00945	0.00531	0.00357	0.03620
2	0.01702	0.10178	0.31430	0.02510	0.16947	0.06119	0.14052	0.02271	0.01574	0.04876	0.01313	0.01585	0.00996	0.00646	0.00675	0.00211	0.00983	0.00581	0.00342	0.01009
3	0.01310	0.00949	0.01126	0.01091	0.01317	0.00951	0.00816	0.06386	0.13451	0.05902	0.10502	0.30223	0.09406	0.04162	0.00904	0.00264	0.00483	0.05661	0.00667	0.04430
4	0.08440	0.01303	0.01582	0.01239	0.01732	0.01251	0.01014	0.16456	0.02174	0.41064	0.10595	0.02440	0.02102	0.00895	0.00687	0.00210	0.00590	0.00717	0.00765	0.04746
5	0.01664	0.04350	0.11237	0.06168	0.20784	0.05588	0.12885	0.08221	0.01740	0.02353	0.06768	0.02250	0.06067	0.00827	0.00829	0.00221	0.05958	0.00728	0.00419	0.00945
6	0.01801	0.65812	0.13171	0.01305	0.01963	0.02602	0.01387	0.02106	0.01426	0.01721	0.01010	0.01169	0.00894	0.00606	0.00478	0.00159	0.00786	0.00393	0.00298	0.00914
7	0.01038	0.00795	0.01147	0.01125	0.01223	0.00938	0.00859	0.01247	0.01103	0.01588	0.01844	0.02899	0.01791	0.14434	0.58205	0.01002	0.07005	0.00774	0.00375	0.00606
8	0.07956	0.01453	0.01716	0.01333	0.01852	0.01459	0.01098	0.27192	0.02413	0.38581	0.06021	0.02194	0.01735	0.00871	0.00689	0.00214	0.00639	0.00684	0.00769	0.01129
9	0.03888	0.03278	0.08628	0.02513	0.27782	0.02857	0.04022	0.07581	0.03874	0.22225	0.01820	0.01923	0.01314	0.00730	0.00676	0.00209	0.00757	0.00635	0.04203	0.01083
10	0.00960	0.00718	0.01001	0.01023	0.01137	0.00782	0.00763	0.01161	0.01193	0.01647	0.02745	0.13057	0.09916	0.10779	0.48795	0.00870	0.01396	0.01019	0.00446	0.00594
11	0.01092	0.00705	0.00866	0.00894	0.01016	0.00647	0.00610	0.01232	0.01400	0.06938	0.08594	0.35440	0.12528	0.18330	0.01437	0.00347	0.00468	0.01466	0.03272	0.02721
12	0.07166	0.06873	0.04721	0.12802	0.30304	0.03641	0.09367	0.06531	0.04035	0.02347	0.01598	0.01914	0.04250	0.00710	0.00677	0.00213	0.00839	0.00647	0.00393	0.00973

[dist]
# distance from previous block
# <min> <max>
4	6

[block]
# block no. 1 follows, 30 sequences, length 37
# corresponding to MSA columns:
# 53,62-97
name=unknown_B
#
# <colnr> <probs for GDERKNQSTAVLIFYWHMCP>
#	G	D	E	R	K	N	Q	S	T	A	V	L	I	F	Y	W	H	M	C	P
0	0.04363	0.06809	0.18139	0.05759	0.21722	0.04232	0.04137	0.11589	0.04102	0.07758	0.01456	0.01673	0.01101	0.00717	0.00723	0.00214	0.03449	0.00588	0.00432	0.01039
1	0.07292	0.02773	0.39547	0.04734	0.11858	0.04518	0.12564	0.04587	0.01577	0.02334	0.01272	0.01557	0.00944	0.00655	0.00676	0.00219	0.00988	0.00572	0.00338	0.00995
2	0.00922	0.00703	0.00828	0.00886	0.01020	0.00652	0.00631	0.01145	0.03901	0.01917	0.10471	0.30660	0.27093	0.10169	0.01160	0.00307	0.00432	0.05877	0.00635	0.00590
3	0.01847	0.04288	0.04466	0.05264	0.27959	0.12247	0.08907	0.04780	0.12178	0.04055	0.01789	0.04405	0.03118	0.00781	0.00701	0.00214	0.00861	0.00702	0.00444	0.00996
4	0.12646	0.01559	0.01597	0.01251	0.01788	0.07932	0.03366	0.06871	0.11073	0.02577	0.01446	0.01578	0.01146	0.00638	0.00566	0.00157	0.00635	0.00494	0.00470	0.42212
5	0.01043	0.00725	0.00858	0.00837	0.01027	0.00643	0.00613	0.01258	0.01675	0.06605	0.27517	0.14665	0.31615	0.06547	0.01006	0.00264	0.00389	0.01388	0.00687	0.00637
6	0.01589	0.04141	0.07800	0.01570	0.01909	0.08245	0.08802	0.06520	0.06379	0.02200	0.02016	0.02615	0.05618	0.03725	0.05788	0.00306	0.14925	0.04643	0.10393	0.00815
7	0.01769	0.17302	0.22850	0.01805	0.06749	0.01833	0.05916	0.12462	0.06625	0.04966	0.05609	0.02171	0.01587	0.00813	0.00668	0.00211	0.00817	0.04393	0.00461	0.00993
8	0.04749	0.01625	0.01580	0.01347	0.01752	0.09976	0.01063	0.18243	0.22782	0.10321	0.10314	0.02817	0.08388	0.01003	0.00710	0.00219	0.00648	0.00803	0.00673	0.00989
9	0.00972	0.00803	0.00864	0.00832	0.01070	0.00743	0.00629	0.01400	0.09860	0.02223	0.21506	0.05870	0.47530	0.01589	0.00811	0.00232	0.00372	0.01341	0.00684	0.00667
10	0.01612	0.36472	0.40854	0.01628	0.02461	0.02139	0.01949	0.02155	0.01448	0.01952	0.01124	0.01312	0.00889	0.00633	0.00565	0.00188	0.00902	0.00451	0.00296	0.00970
11	0.01873	0.43517	0.12823	0.03927	0.02126	0.12640	0.01429	0.02392	0.09707	0.01890	0.01260	0.01393	0.01043	0.00670	0.00545	0.00177	0.00845	0.00463	0.00357	0.00923
12	0.01118	0.00830	0.01091	0.01197	0.01382	0.00827	0.01021	0.01528	0.05978	0.02164	0.08501	0.07221	0.12072	0.01813	0.00922	0.00299	0.00581	0.50132	0.00656	0.00667
13	0.01036	0.00889	0.01476	0.01362	0.01568	0.00830	0.13795	0.01279	0.01458	0.01919	0.03711	0.44912	0.11114	0.01799	0.00880	0.00274	0.00578	0.09879	0.00590	0.00651
14	0.01718	0.01172	0.01346	0.01237	0.01571	0.01239	0.00966	0.02784	0.34623	0.15199	0.03489	0.13681	0.09872	0.01278	0.00768	0.00247	0.00526	0.06621	0.00717	0.00950
15	0.01318	0.01240	0.02093	0.73798	0.04806	0.01550	0.01938	0.01783	0.01395	0.01783	0.01240	0.01860	0.00930	0.00698	0.00698	0.00233	0.00930	0.00620	0.00310	0.00775
16	0.00892	0.00637	0.00858	0.01020	0.01079	0.00603	0.00721	0.01044	0.01378	0.01829	0.03823	0.64706	0.04523	0.02147	0.00902	0.00289	0.00441	0.11882	0.00647	0.00578
17	0.01620	0.14355	0.53176	0.01823	0.02732	0.01858	0.02219	0.10169	0.01681	0.02386	0.01260	0.01444	0.00922	0.00674	0.00635	0.00209	0.00957	0.00508	0.00344	0.01029
18	0.01400	0.03610	0.71860	0.01989	0.03020	0.01621	0.02578	0.02210	0.01473	0.02210	0.01252	0.01473	0.00884	0.00663	0.00663	0.00221	0.01031	0.00516	0.00295	0.01031
19	0.00974	0.00668	0.00759	0.00787	0.00827	0.00647	0.00476	0.01026	0.01153	0.01531	0.03065	0.16747	0.11049	0.51682	0.02670	0.00540	0.00580	0.01222	0.03123	0.00475
20	0.01569	0.02878	0.42852	0.05024	0.03090	0.04027	0.17962	0.05003	0.06552	0.02322	0.01416	0.01668	0.01030	0.00676	0.00706	0.00224	0.01024	0.00615	0.00357	0.01004
21	0.02405	0.02129	0.01935	0.01598	0.02072	0.17105	0.01273	0.37788	0.20307	0.03439	0.01851	0.01828	0.01370	0.00841	0.00686	0.00210	0.00817	0.00632	0.00629	0.01085
22	0.00915	0.00690	0.00856	0.00928	0.01070	0.00631	0.00695	0.01127	0.01580	0.02061	0.17816	0.30301	0.24217	0.01873	0.00870	0.00263	0.00415	0.12418	0.00670	0.00604
23	0.01012	0.00703	0.00865	0.00898	0.01034	0.00646	0.00646	0.01196	0.01534	0.04780	0.18659	0.25675	0.19594	0.12533	0.01248	0.00317	0.00444	0.06966	0.00649	0.00602
24	0.14490	0.01892	0.17438	0.01601	0.02172	0.01495	0.08973	0.12759	0.01819	0.13865	0.03921	0.06551	0.01651	0.00922	0.00750	0.00232	0.03344	0.04633	0.00535	0.00955
25	0.04025	0.01095	0.01233	0.01219	0.01465	0.05072	0.00991	0.07812	0.01666	0.02237	0.02834	0.12165	0.03015	0.08926	0.01100	0.00305	0.00651	0.33459	0.00575	0.10154
26	0.01126	0.00815	0.01007	0.00949	0.01150	0.00788	0.00713	0.01623	0.10033	0.04965	0.50541	0.10018	0.10711	0.01432	0.00811	0.00227	0.00372	0.01256	0.00746	0.00717
27	0.01489	0.01665	0.07638	0.11352	0.23718	0.01529	0.23067	0.01952	0.01573	0.02152	0.04462	0.02489	0.09596	0.00809	0.00807	0.00227	0.03363	0.00803	0.00390	0.00919
28	0.04712	0.01624	0.04501	0.01955	0.10399	0.06417	0.12268	0.08550	0.07330	0.23066	0.02168	0.10203	0.01734	0.00919	0.00727	0.00224	0.00768	0.00822	0.00598	0.01015
29	0.01624	0.10136	0.32918	0.02138	0.12908	0.07710	0.01967	0.04420	0.01553	0.02137	0.03533	0.04213	0.01252	0.00807	0.00852	0.00220	0.09702	0.00604	0.00351	0.00955
30	0.15814	0.13861	0.04319	0.13589	0.02432	0.15569	0.01352	0.20490	0.01995	0.02713	0.01239	0.01437	0.00957	0.00714	0.00597	0.00199	0.00854	0.00505	0.00445	0.00919
31	0.04943	0.04719	0.01673	0.01349	0.01750	0.15143	0.01066	0.20044	0.10633	0.11435	0.02326	0.05991	0.06337	0.03567	0.00773	0.00225	0.00726	0.00746	0.05612	0.00944
32	0.05489	0.12606	0.19915	0.01870	0.07300	0.11481	0.07941	0.07423	0.01711	0.02283	0.06293	0.02012	0.05355	0.00809	0.00740	0.00210	0.04608	0.00637	0.00405	0.00914
33	0.01792	0.01098	0.01199	0.01035	0.01350	0.03430	0.00820	0.14490	0.01981	0.14315	0.11034	0.03313	0.10996	0.01201	0.03215	0.00235	0.00551	0.02468	0.24638	0.00839
34	0.01343	0.01186	0.01183	0.01164	0.01401	0.08412	0.00900	0.02033	0.19382	0.02325	0.14214	0.14097	0.12901	0.01442	0.00795	0.00246	0.00550	0.12230	0.03431	0.00765
35	0.06965	0.17103	0.06307	0.06000	0.06315	0.09381	0.05938	0.10707	0.09619	0.07305	0.03888	0.01877	0.01399	0.03409	0.00736	0.00219	0.00802	0.00606	0.00478	0.00950
36	0.07709	0.10870	0.14444	0.01725	0.02289	0.08257	0.16469	0.04788	0.04031	0.04793	0.02185	0.07195	0.08480	0.00919	0.00698	0.00220	0.00847	0.02756	0.00447	0.00880

[dist]
# distance from previous block
# <min> <max>
0	3

[block]
# block no. 2 follows, 30 sequences, length 49
# corresponding to MSA columns:
# 101-149
name=unknown_C
#
# <colnr> <probs for GDERKNQSTAVLIFYWHMCP>
#	G	D	E	R	K	N	Q	S	T	A	V	L	I	F	Y	W	H	M	C	P
0	0.01131	0.00882	0.01028	0.01011	0.01210	0.00887	0.00746	0.04515	0.14613	0.02421	0.23484	0.26252	0.15912	0.01602	0.00817	0.00245	0.00418	0.01403	0.00697	0.00726
1	0.01744	0.01550	0.04698	0.01326	0.01844	0.03572	0.03878	0.14494	0.16401	0.02824	0.03818	0.01967	0.01520	0.00737	0.00620	0.00173	0.00620	0.00603	0.07840	0.29771
2	0.06684	0.13699	0.08343	0.13299	0.08137	0.06351	0.13155	0.13218	0.01811	0.04751	0.01320	0.01599	0.01013	0.00697	0.00703	0.00210	0.03060	0.00586	0.00410	0.00952
3	0.00974	0.00741	0.00818	0.00831	0.01032	0.00663	0.00606	0.01232	0.04957	0.04549	0.08173	0.21902	0.45208	0.03958	0.00910	0.00258	0.00393	0.01506	0.00657	0.00630
4	0.01279	0.01195	0.04359	0.05559	0.01857	0.04062	0.11093	0.01661	0.04947	0.04115	0.09080	0.30210	0.06038	0.01370	0.00782	0.00236	0.00621	0.01251	0.03865	0.06420
5	0.09859	0.12891	0.06514	0.04727	0.08048	0.09478	0.03380	0.12924	0.04363	0.09819	0.01611	0.01750	0.02626	0.00773	0.00707	0.00205	0.04712	0.00576	0.04080	0.00955
6	0.01388	0.01191	0.01235	0.03754	0.01448	0.10233	0.00909	0.06889	0.01564	0.02045	0.08407	0.10025	0.02624	0.15714	0.15014	0.00486	0.03142	0.07857	0.05408	0.00667
7	0.06306	0.01426	0.02150	0.26027	0.20325	0.03961	0.06503	0.03587	0.03742	0.04286	0.01541	0.04672	0.01298	0.04499	0.00875	0.00246	0.02994	0.00695	0.03998	0.00873
8	0.01855	0.15078	0.17244	0.04923	0.06479	0.09772	0.07621	0.04888	0.01649	0.07734	0.01336	0.01532	0.01026	0.00646	0.00617	0.00182	0.00863	0.00522	0.00396	0.15635
9	0.05650	0.05404	0.30982	0.04434	0.09153	0.05954	0.11102	0.06769	0.01665	0.07550	0.01373	0.01606	0.01010	0.00698	0.00734	0.00219	0.03729	0.00580	0.00389	0.00998
10	0.00918	0.00657	0.00800	0.00869	0.00939	0.00618	0.00575	0.01034	0.01339	0.01767	0.10123	0.35599	0.13190	0.24696	0.01699	0.00393	0.00481	0.03176	0.00590	0.00536
11	0.08440	0.17495	0.10433	0.04044	0.10595	0.11557	0.03882	0.02331	0.09554	0.03935	0.03645	0.02209	0.03092	0.00819	0.00639	0.00208	0.00810	0.04968	0.00433	0.00912
12	0.07123	0.07356	0.11060	0.01774	0.06430	0.09969	0.10368	0.07544	0.06422	0.08473	0.06650	0.02546	0.06779	0.00887	0.00696	0.00216	0.00807	0.03467	0.00505	0.00926
13	0.00896	0.00645	0.00848	0.00994	0.01063	0.00608	0.00703	0.01046	0.01380	0.01817	0.03962	0.58082	0.08570	0.04898	0.00998	0.00301	0.00447	0.11529	0.00638	0.00574
14	0.07767	0.01080	0.01371	0.06608	0.08521	0.01149	0.03386	0.10897	0.01618	0.02546	0.01820	0.02409	0.01531	0.09877	0.03725	0.03438	0.00640	0.00672	0.30190	0.00756
15	0.06764	0.12941	0.04735	0.07751	0.24529	0.07793	0.07112	0.08040	0.04203	0.04611	0.01450	0.01867	0.01191	0.00722	0.00656	0.00207	0.00847	0.03188	0.00414	0.00979
16	0.01509	0.01440	0.02482	0.45651	0.22693	0.01622	0.08140	0.04361	0.01540	0.02055	0.01292	0.01819	0.00999	0.00672	0.00707	0.00225	0.00920	0.00640	0.00338	0.00896
17	0.00864	0.00706	0.00763	0.00755	0.00968	0.00605	0.00564	0.01075	0.01674	0.02097	0.21961	0.08344	0.53798	0.01699	0.00826	0.00233	0.00349	0.01438	0.00676	0.00605
18	0.01846	0.63559	0.03284	0.01200	0.01753	0.05178	0.01155	0.04940	0.01551	0.01823	0.04197	0.01562	0.04159	0.00697	0.00497	0.00160	0.00732	0.00472	0.00353	0.00882
19	0.07548	0.01632	0.01686	0.06010	0.05206	0.12755	0.01186	0.05111	0.17553	0.20690	0.04733	0.05779	0.01816	0.00926	0.00759	0.00223	0.04066	0.00729	0.00614	0.00979
20	0.00864	0.00623	0.00821	0.00968	0.01027	0.00580	0.00661	0.01003	0.01380	0.01833	0.06308	0.66889	0.07684	0.02131	0.00888	0.00280	0.00409	0.04422	0.00652	0.00574
21	0.01596	0.07706	0.56123	0.01938	0.02861	0.04801	0.04955	0.07922	0.01653	0.02342	0.01270	0.01476	0.00918	0.00673	0.00658	0.00215	0.01007	0.00526	0.00334	0.01023
22	0.01896	0.10788	0.02473	0.04338	0.18155	0.07045	0.08368	0.08896	0.03872	0.07529	0.01558	0.04465	0.01312	0.03020	0.00961	0.00231	0.10215	0.00672	0.03260	0.00946
23	0.00988	0.00685	0.00865	0.00909	0.00993	0.00658	0.00637	0.01166	0.01467	0.02020	0.23112	0.22834	0.04416	0.23638	0.01656	0.00382	0.00490	0.09333	0.03186	0.00563
24	0.00958	0.00702	0.00900	0.00885	0.01042	0.00644	0.00659	0.01245	0.01842	0.02551	0.53388	0.14187	0.13078	0.01574	0.00836	0.00233	0.00352	0.03550	0.00736	0.00639
25	0.11607	0.06069	0.06234	0.01453	0.01917	0.03685	0.09306	0.04922	0.08180	0.18022	0.02360	0.05622	0.06227	0.00953	0.00748	0.00225	0.03774	0.03604	0.04168	0.00924
26	0.01432	0.07533	0.02013	0.27290	0.05693	0.01540	0.03892	0.01875	0.05991	0.03925	0.06548	0.05024	0.01929	0.04253	0.01073	0.00264	0.11139	0.07360	0.00435	0.00794
27	0.01327	0.00784	0.01021	0.00952	0.01171	0.00709	0.00726	0.01605	0.01847	0.14323	0.42013	0.13944	0.11376	0.01479	0.00817	0.00233	0.00399	0.03793	0.00753	0.00730
28	0.03928	0.08644	0.02621	0.05802	0.21329	0.21965	0.09727	0.13318	0.01952	0.02403	0.01277	0.01544	0.01020	0.00683	0.00664	0.00200	0.00974	0.00571	0.00405	0.00973
29	0.04633	0.04379	0.03561	0.03356	0.07118	0.12056	0.08255	0.06732	0.06171	0.09807	0.12615	0.05174	0.06214	0.01027	0.00734	0.00222	0.00748	0.05754	0.00562	0.00881
30	0.02306	0.25202	0.05248	0.01604	0.02069	0.44240	0.01341	0.04450	0.04179	0.01826	0.01131	0.01283	0.00948	0.00691	0.00580	0.00175	0.01056	0.00446	0.00360	0.00865
31	0.00918	0.00663	0.00876	0.00982	0.01077	0.00621	0.00711	0.01116	0.01528	0.02054	0.18757	0.46725	0.08276	0.01961	0.00883	0.00272	0.00419	0.10887	0.00674	0.00599
32	0.02140	0.28264	0.08005	0.01446	0.01973	0.18044	0.01299	0.06476	0.11417	0.09982	0.03590	0.01684	0.01349	0.00748	0.00597	0.00187	0.00829	0.00539	0.00471	0.00959
33	0.01904	0.01735	0.09696	0.02006	0.14410	0.06553	0.06133	0.05906	0.12645	0.14243	0.07138	0.07108	0.02005	0.00907	0.00712	0.00219	0.00732	0.00792	0.04164	0.00992
34	0.00919	0.00671	0.00871	0.00956	0.01066	0.00623	0.00697	0.01128	0.01572	0.02109	0.22544	0.40433	0.12057	0.01902	0.00874	0.00265	0.00408	0.09621	0.00680	0.00604
35	0.01400	0.03610	0.71860	0.01989	0.03020	0.01621	0.02578	0.02210	0.01473	0.02210	0.01252	0.01473	0.00884	0.00663	0.00663	0.00221	0.01031	0.00516	0.00295	0.01031
36	0.02044	0.04497	0.02171	0.11178	0.23378	0.07847	0.01545	0.07050	0.10973	0.14342	0.01767	0.01928	0.01325	0.00767	0.00733	0.00213	0.03446	0.00634	0.03139	0.01023
37	0.04628	0.04445	0.02406	0.08309	0.08497	0.03746	0.14856	0.12111	0.04377	0.14119	0.04105	0.04568	0.01506	0.00853	0.00873	0.00228	0.08152	0.00730	0.00519	0.00972
38	0.00968	0.00699	0.00890	0.00894	0.01046	0.00645	0.00669	0.01246	0.01782	0.02473	0.45434	0.17076	0.12904	0.01602	0.00832	0.00237	0.00366	0.05900	0.03703	0.00634
39	0.01718	0.33348	0.32302	0.01708	0.02486	0.04673	0.07060	0.05511	0.01572	0.02068	0.01163	0.01361	0.00918	0.00641	0.00587	0.00190	0.00919	0.00484	0.00323	0.00968
40	0.01650	0.01374	0.04237	0.07908	0.13971	0.05683	0.01234	0.02199	0.11345	0.12555	0.10609	0.06027	0.16101	0.01095	0.00740	0.00224	0.00632	0.00935	0.00589	0.00895
41	0.03131	0.01188	0.01619	0.01242	0.01781	0.01026	0.01026	0.03401	0.01997	0.71606	0.02753	0.02375	0.01727	0.00864	0.00702	0.00216	0.00594	0.00702	0.00864	0.01188
42	0.01416	0.06221	0.69396	0.01960	0.02976	0.01662	0.02528	0.02206	0.01471	0.02189	0.01242	0.01461	0.00884	0.00661	0.00655	0.00218	0.01021	0.00511	0.00295	0.01026
43	0.05565	0.04371	0.15613	0.01665	0.04729	0.03700	0.05459	0.08332	0.09986	0.23474	0.02046	0.05882	0.01532	0.00869	0.00748	0.00223	0.03475	0.00707	0.00584	0.01040
44	0.01607	0.11764	0.43954	0.01771	0.02512	0.04469	0.02035	0.04104	0.01487	0.04834	0.01281	0.01606	0.01004	0.03999	0.00977	0.00241	0.10520	0.00541	0.00339	0.00956
45	0.01020	0.00698	0.00893	0.00965	0.01049	0.00679	0.00657	0.01238	0.04486	0.04349	0.09864	0.47045	0.04100	0.14335	0.04901	0.00380	0.00529	0.01591	0.00619	0.00601
46	0.54266	0.10249	0.01541	0.01144	0.01567	0.15050	0.00942	0.02181	0.01358	0.02647	0.00990	0.01168	0.00804	0.00674	0.00531	0.00204	0.03104	0.00398	0.00399	0.00782
47	0.01293	0.00924	0.01020	0.00943	0.01181	0.03092	0.00717	0.04684	0.06434	0.07062	0.31386	0.08132	0.19715	0.01362	0.00765	0.00220	0.00420	0.01161	0.08757	0.00731
48	0.02202	0.01791	0.02004	0.01584	0.02104	0.07527	0.06933	0.27270	0.19604	0.08273	0.01920	0.01915	0.01411	0.00793	0.00682	0.00202	0.00741	0.00647	0.00618	0.11779

[dist]
# distance from previous block
# <min> <max>
4	10

[block]
# block no. 3 follows, 30 sequences, length 11
# corresponding to MSA columns:
# 163-173
name=unknown_D
#
# <colnr> <probs for GDERKNQSTAVLIFYWHMCP>
#	G	D	E	R	K	N	Q	S	T	A	V	L	I	F	Y	W	H	M	C	P
0	0.01069	0.00757	0.00962	0.01089	0.04458	0.00701	0.00750	0.01245	0.01460	0.05544	0.04395	0.28171	0.23635	0.11043	0.01195	0.00317	0.00491	0.11476	0.00616	0.00626
1	0.00891	0.00632	0.00790	0.00900	0.00943	0.00596	0.00582	0.00985	0.01271	0.01679	0.03643	0.52385	0.08563	0.20899	0.01567	0.00381	0.00471	0.01701	0.00590	0.00531
2	0.10098	0.01876	0.02134	0.05987	0.33009	0.17043	0.01597	0.02327	0.08244	0.02258	0.01739	0.02126	0.04596	0.00785	0.00669	0.00212	0.00840	0.03094	0.00417	0.00947
3	0.01642	0.01360	0.01588	0.04793	0.01898	0.01167	0.00966	0.12950	0.01751	0.02604	0.01313	0.01506	0.01054	0.00579	0.00556	0.00128	0.00580	0.00460	0.00456	0.62652
4	0.00879	0.00632	0.00788	0.00900	0.00955	0.00591	0.00590	0.00984	0.01303	0.01710	0.03904	0.53312	0.11984	0.16380	0.01400	0.00354	0.00452	0.01736	0.00604	0.00541
5	0.01625	0.01338	0.01385	0.03954	0.05170	0.09270	0.00942	0.14891	0.04218	0.04476	0.02430	0.16320	0.05082	0.23918	0.01604	0.00366	0.00708	0.01018	0.00537	0.00749
6	0.01638	0.01199	0.01655	0.06998	0.18670	0.01228	0.01193	0.07521	0.07339	0.10612	0.02584	0.05373	0.09632	0.17099	0.03931	0.00352	0.00717	0.00874	0.00527	0.00859
7	0.01389	0.01216	0.01923	0.14467	0.33391	0.01267	0.01455	0.01654	0.01339	0.01845	0.01637	0.02828	0.01620	0.29081	0.01779	0.00390	0.00788	0.00771	0.00369	0.00791
8	0.08831	0.01551	0.02057	0.02517	0.29737	0.07292	0.03706	0.04403	0.05547	0.09193	0.05387	0.08586	0.01843	0.00889	0.00694	0.00216	0.00730	0.02389	0.00496	0.03934
9	0.05981	0.04752	0.02252	0.08790	0.30769	0.01649	0.01585	0.14896	0.04423	0.07253	0.01719	0.04105	0.03070	0.00770	0.00671	0.00207	0.00740	0.00664	0.00481	0.05223
10	0.08968	0.11938	0.09215	0.01513	0.06614	0.05028	0.01256	0.10136	0.07625	0.10074	0.08227	0.01975	0.01694	0.00771	0.00620	0.00190	0.00684	0.00602	0.00521	0.12350

[dist]
# distance from previous block
# <min> <max>
1	20

[block]
# block no. 4 follows, 30 sequences, length 17
# corresponding to MSA columns:
# 194-210
name=unknown_E
#
# <colnr> <probs for GDERKNQSTAVLIFYWHMCP>
#	G	D	E	R	K	N	Q	S	T	A	V	L	I	F	Y	W	H	M	C	P
0	0.01815	0.10510	0.07231	0.01772	0.10093	0.07387	0.04244	0.14062	0.03816	0.05090	0.02110	0.07511	0.05529	0.00958	0.00689	0.00207	0.00751	0.06273	0.00502	0.09450
1	0.17069	0.01695	0.09484	0.01379	0.01944	0.03175	0.07224	0.12970	0.03601	0.02767	0.04100	0.02091	0.07507	0.00777	0.00620	0.00189	0.00678	0.00625	0.00485	0.21619
2	0.01633	0.01729	0.13321	0.01417	0.03698	0.05278	0.01246	0.08530	0.10327	0.06051	0.05795	0.04852	0.03856	0.06102	0.02909	0.00258	0.00724	0.04104	0.00521	0.17650
3	0.08555	0.00982	0.01310	0.04570	0.01499	0.01076	0.04676	0.03985	0.03749	0.01919	0.01963	0.09292	0.01983	0.22819	0.22300	0.00613	0.04274	0.00876	0.00436	0.03123
4	0.09016	0.02245	0.21223	0.02083	0.07680	0.08190	0.16868	0.02167	0.04501	0.02243	0.04362	0.01894	0.01317	0.04245	0.00929	0.00243	0.05996	0.00645	0.00380	0.03771
5	0.01880	0.01555	0.05940	0.01653	0.08937	0.01348	0.04370	0.15346	0.04701	0.10381	0.03656	0.04998	0.01498	0.00757	0.00647	0.00177	0.00659	0.00642	0.00535	0.30320
6	0.01256	0.01007	0.01199	0.03737	0.01472	0.00906	0.00805	0.06944	0.03525	0.02426	0.18111	0.14317	0.13981	0.01216	0.00717	0.00195	0.00469	0.01044	0.00592	0.26082
7	0.04602	0.18119	0.07456	0.01896	0.09949	0.04088	0.12417	0.06020	0.09547	0.04462	0.05734	0.02138	0.05261	0.00778	0.00655	0.00200	0.00774	0.00673	0.00458	0.04773
8	0.01014	0.00868	0.00894	0.00880	0.01088	0.04050	0.00640	0.01261	0.03930	0.02008	0.14021	0.19114	0.35472	0.05850	0.00962	0.00258	0.00438	0.01385	0.00626	0.05240
9	0.01270	0.00892	0.01040	0.00963	0.01075	0.00948	0.00651	0.11744	0.01392	0.01884	0.02053	0.03763	0.02173	0.50327	0.16278	0.00688	0.00918	0.00903	0.00457	0.00581
10	0.02005	0.01805	0.02473	0.10041	0.33602	0.06176	0.04490	0.21456	0.06075	0.02841	0.01489	0.01754	0.01157	0.00715	0.00696	0.00212	0.00846	0.00631	0.00466	0.01071
11	0.01872	0.01343	0.01511	0.01311	0.01694	0.01460	0.01037	0.11520	0.37125	0.12017	0.15881	0.03125	0.02879	0.01046	0.00737	0.00230	0.00545	0.02904	0.00738	0.01025
12	0.01635	0.14679	0.32977	0.01873	0.08045	0.06410	0.01866	0.08000	0.01674	0.02247	0.01631	0.06272	0.01460	0.00882	0.00674	0.00218	0.00885	0.07228	0.00395	0.00949
13	0.01953	0.38120	0.08149	0.04665	0.02167	0.13032	0.04894	0.06092	0.01629	0.04757	0.01250	0.03819	0.01082	0.00738	0.00666	0.00187	0.05004	0.00526	0.00369	0.00900
14	0.01345	0.01164	0.01232	0.01185	0.01353	0.12168	0.00898	0.01562	0.01321	0.04700	0.04828	0.02791	0.01905	0.11513	0.47841	0.00848	0.01525	0.00749	0.00415	0.00658
15	0.01015	0.00677	0.00761	0.00761	0.00761	0.00677	0.00423	0.01015	0.01015	0.01353	0.02199	0.04567	0.02537	0.75476	0.03552	0.00677	0.00677	0.01015	0.00423	0.00423
16	0.11921	0.08959	0.14452	0.04027	0.07822	0.13313	0.06213	0.02246	0.06422	0.02202	0.01380	0.03928	0.01149	0.00764	0.00740	0.00209	0.06222	0.00580	0.02603	0.04849

[dist]
# distance from previous block
# <min> <max>
0	33

# created by:
# /home/cegg/simao/soft/augustus-3.2.1/scripts/msa2prfl.pl ./align_prep/EOG090W0L42.fa
