[name]
unknown

[dist]
# distance from previous block
# <min> <max>
2	146

[block]
# block no. 0 follows, 31 sequences, length 27
# corresponding to MSA columns:
# 151-177
name=unknown_A
#
# <colnr> <probs for GDERKNQSTAVLIFYWHMCP>
#	G	D	E	R	K	N	Q	S	T	A	V	L	I	F	Y	W	H	M	C	P
0	0.00923	0.00679	0.00864	0.00858	0.01004	0.00620	0.00628	0.01188	0.01770	0.02442	0.50439	0.18803	0.14076	0.01583	0.00820	0.00229	0.00340	0.01398	0.00716	0.00620
1	0.00959	0.00690	0.00885	0.00850	0.00990	0.00640	0.00618	0.01234	0.01797	0.02521	0.58779	0.09096	0.07837	0.08822	0.01075	0.00263	0.00361	0.01260	0.00710	0.00616
2	0.02275	0.02781	0.01766	0.01610	0.01955	0.57028	0.01212	0.02673	0.10526	0.01841	0.01856	0.01929	0.08006	0.00835	0.00646	0.00189	0.01059	0.00582	0.00424	0.00808
3	0.02560	0.03128	0.01950	0.01744	0.02116	0.66182	0.01320	0.09324	0.02065	0.01935	0.01115	0.01274	0.00909	0.00716	0.00624	0.00179	0.01186	0.00458	0.00385	0.00830
4	0.01003	0.00762	0.00938	0.00934	0.01109	0.00731	0.00708	0.01418	0.07900	0.02405	0.38892	0.15083	0.15914	0.01561	0.00820	0.00238	0.00387	0.07836	0.00701	0.00660
5	0.00905	0.00674	0.00867	0.00960	0.01075	0.00605	0.00672	0.01057	0.01351	0.01817	0.03700	0.60176	0.08174	0.01942	0.00837	0.00260	0.00418	0.05468	0.00612	0.08429
6	0.01608	0.01524	0.02581	0.03878	0.64700	0.01520	0.01955	0.01986	0.01533	0.02187	0.01532	0.08991	0.01424	0.00761	0.00697	0.00211	0.00772	0.00742	0.00368	0.01031
7	0.01066	0.00673	0.01001	0.01001	0.01068	0.00740	0.00731	0.01076	0.01009	0.01412	0.01573	0.02491	0.01517	0.06265	0.41399	0.34209	0.01275	0.00683	0.00339	0.00473
8	0.19883	0.01746	0.01798	0.01407	0.01926	0.01934	0.01162	0.51106	0.02698	0.07555	0.01545	0.01561	0.01098	0.00781	0.00627	0.00207	0.00695	0.00566	0.00635	0.01070
9	0.00864	0.00711	0.00764	0.00789	0.00984	0.00631	0.00577	0.01118	0.04942	0.01908	0.08290	0.20913	0.51565	0.01768	0.00817	0.00240	0.00366	0.01509	0.00642	0.00600
10	0.69909	0.01346	0.01103	0.00969	0.01389	0.01553	0.00796	0.07933	0.01343	0.03106	0.01057	0.01237	0.00826	0.00875	0.04064	0.00255	0.00614	0.00410	0.00444	0.00772
11	0.01558	0.03279	0.64677	0.01870	0.02828	0.01525	0.02361	0.02294	0.01501	0.09811	0.01388	0.01541	0.00957	0.00671	0.00654	0.00216	0.00964	0.00525	0.00350	0.01028
12	0.01015	0.00707	0.00926	0.01005	0.01121	0.00679	0.00736	0.01302	0.04944	0.04269	0.18966	0.44205	0.04671	0.01839	0.00854	0.00264	0.00426	0.10770	0.00671	0.00632
13	0.01748	0.01643	0.02733	0.04041	0.67498	0.01655	0.02051	0.06154	0.01658	0.02360	0.01308	0.01690	0.01088	0.00622	0.00678	0.00203	0.00809	0.00610	0.00359	0.01088
14	0.00829	0.00613	0.00776	0.00906	0.00980	0.00560	0.00614	0.00958	0.01355	0.01765	0.04337	0.63168	0.16502	0.02070	0.00862	0.00269	0.00388	0.01855	0.00635	0.00560
15	0.01336	0.01280	0.02222	0.65688	0.08449	0.01540	0.06279	0.01797	0.01395	0.01804	0.01231	0.01818	0.00930	0.00673	0.00692	0.00227	0.00922	0.00621	0.00309	0.00789
16	0.00897	0.00627	0.00797	0.00909	0.00943	0.00601	0.00596	0.00992	0.01231	0.01638	0.03279	0.50369	0.03882	0.24188	0.01657	0.00395	0.00490	0.05420	0.00569	0.00518
17	0.01292	0.01216	0.02052	0.74312	0.04712	0.01520	0.01900	0.01748	0.01368	0.01748	0.01216	0.01824	0.00912	0.00684	0.00684	0.00228	0.00912	0.00608	0.00304	0.00760
18	0.01716	0.01549	0.01534	0.01385	0.01762	0.06178	0.01073	0.03461	0.63062	0.02742	0.02859	0.02648	0.05085	0.00950	0.00696	0.00228	0.00577	0.00782	0.00672	0.01042
19	0.02362	0.02948	0.01956	0.12867	0.02513	0.62237	0.01410	0.02581	0.01851	0.01686	0.01082	0.01324	0.00886	0.00702	0.00627	0.00184	0.01185	0.00466	0.00345	0.00788
20	0.00890	0.00667	0.00840	0.00955	0.01074	0.00616	0.00714	0.01070	0.01439	0.01845	0.04584	0.41028	0.22343	0.01973	0.00873	0.00274	0.00438	0.17162	0.00634	0.00579
21	0.01937	0.01587	0.01680	0.01440	0.01869	0.01812	0.01140	0.20887	0.52817	0.03242	0.02485	0.02314	0.01846	0.00900	0.00693	0.00225	0.00597	0.00732	0.00693	0.01104
22	0.01371	0.01318	0.02140	0.30060	0.12395	0.01597	0.06136	0.01698	0.01310	0.01814	0.01458	0.10761	0.01383	0.00995	0.01167	0.00252	0.22226	0.00783	0.00351	0.00786
23	0.01389	0.01362	0.01740	0.13200	0.02102	0.08273	0.01330	0.01623	0.01200	0.01646	0.01277	0.01923	0.01171	0.02386	0.25620	0.00544	0.31548	0.00630	0.00328	0.00708
24	0.00847	0.00605	0.00810	0.00969	0.01014	0.00568	0.00659	0.00977	0.01324	0.01762	0.03763	0.71996	0.04494	0.02130	0.00877	0.00280	0.00409	0.05322	0.00635	0.00560
25	0.00938	0.00698	0.00993	0.01026	0.01132	0.00766	0.00767	0.01140	0.01166	0.01623	0.02560	0.18177	0.06535	0.07907	0.50263	0.00854	0.01385	0.01042	0.00441	0.00587
26	0.06017	0.38096	0.11564	0.01564	0.02175	0.10540	0.09692	0.07513	0.01635	0.03823	0.01149	0.01322	0.00933	0.00634	0.00556	0.00178	0.00864	0.00474	0.00357	0.00912

[dist]
# distance from previous block
# <min> <max>
0	3

[block]
# block no. 1 follows, 31 sequences, length 51
# corresponding to MSA columns:
# 181-231
name=unknown_B
#
# <colnr> <probs for GDERKNQSTAVLIFYWHMCP>
#	G	D	E	R	K	N	Q	S	T	A	V	L	I	F	Y	W	H	M	C	P
0	0.01779	0.01767	0.02579	0.06164	0.55336	0.08605	0.01935	0.03977	0.03978	0.02215	0.01306	0.01673	0.01087	0.00663	0.00739	0.00207	0.03999	0.00598	0.00359	0.01032
1	0.66820	0.01616	0.01249	0.01095	0.01518	0.11671	0.03342	0.02120	0.01290	0.02840	0.00983	0.01156	0.00772	0.00643	0.00465	0.00207	0.00652	0.00396	0.00411	0.00755
2	0.00990	0.00684	0.00852	0.00852	0.00888	0.00720	0.00546	0.01063	0.01026	0.01405	0.02059	0.03944	0.02256	0.54843	0.24279	0.00793	0.01012	0.00917	0.00400	0.00473
3	0.01702	0.01470	0.01547	0.01392	0.01779	0.01702	0.01083	0.03635	0.70453	0.02862	0.02785	0.02553	0.02088	0.00928	0.00696	0.00232	0.00541	0.00773	0.00696	0.01083
4	0.00977	0.00733	0.01100	0.01100	0.01222	0.00855	0.00855	0.01222	0.01100	0.01588	0.01833	0.02688	0.01710	0.05131	0.73245	0.01100	0.01833	0.00733	0.00367	0.00611
5	0.00977	0.00733	0.01100	0.01100	0.01222	0.00855	0.00855	0.01222	0.01100	0.01588	0.01833	0.02688	0.01710	0.05131	0.73245	0.01100	0.01833	0.00733	0.00367	0.00611
6	0.01617	0.01572	0.02752	0.16346	0.54470	0.01616	0.07497	0.02046	0.01529	0.02146	0.01282	0.01728	0.01050	0.00620	0.00689	0.00210	0.00858	0.00625	0.00333	0.01014
7	0.01060	0.00767	0.01046	0.01175	0.01334	0.00752	0.01006	0.01359	0.01594	0.02078	0.09354	0.09811	0.09158	0.01847	0.00921	0.00299	0.00576	0.54598	0.00641	0.00625
8	0.02314	0.01892	0.01838	0.01496	0.01961	0.10182	0.01202	0.42950	0.17619	0.03576	0.01862	0.01852	0.01371	0.00830	0.00666	0.00205	0.00735	0.00631	0.05750	0.01069
9	0.02556	0.03261	0.01939	0.01763	0.02115	0.73210	0.01322	0.02732	0.01939	0.01674	0.01058	0.01234	0.00881	0.00705	0.00617	0.00176	0.01234	0.00441	0.00353	0.00793
10	0.00832	0.00600	0.00789	0.00940	0.00989	0.00557	0.00630	0.00954	0.01322	0.01751	0.03921	0.72222	0.07716	0.02124	0.00870	0.00276	0.00395	0.01921	0.00635	0.00557
11	0.01829	0.76368	0.03585	0.01171	0.01756	0.02707	0.01171	0.02049	0.01390	0.01610	0.00951	0.01097	0.00878	0.00585	0.00439	0.00146	0.00732	0.00366	0.00293	0.00878
12	0.02415	0.02800	0.01885	0.01678	0.02058	0.52824	0.01279	0.10538	0.13801	0.02180	0.01420	0.01506	0.01120	0.00757	0.00638	0.00189	0.01060	0.00518	0.00449	0.00885
13	0.01292	0.01216	0.02052	0.74312	0.04712	0.01520	0.01900	0.01748	0.01368	0.01748	0.01216	0.01824	0.00912	0.00684	0.00684	0.00228	0.00912	0.00608	0.00304	0.00760
14	0.00814	0.00693	0.00701	0.00699	0.00927	0.00580	0.00524	0.00992	0.01572	0.01879	0.09142	0.06533	0.69181	0.01721	0.00809	0.00230	0.00346	0.01437	0.00639	0.00580
15	0.02965	0.01332	0.01692	0.01297	0.01830	0.01255	0.01071	0.18100	0.02239	0.57000	0.02463	0.02175	0.01575	0.00841	0.00687	0.00210	0.00620	0.00672	0.00810	0.01164
16	0.02556	0.03261	0.01939	0.01763	0.02115	0.73210	0.01322	0.02732	0.01939	0.01674	0.01058	0.01234	0.00881	0.00705	0.00617	0.00176	0.01234	0.00441	0.00353	0.00793
17	0.02627	0.01178	0.01542	0.01163	0.01713	0.00980	0.00953	0.02902	0.01814	0.53417	0.02302	0.02085	0.01511	0.00756	0.00639	0.00182	0.00562	0.00612	0.00728	0.22333
18	0.01829	0.76368	0.03585	0.01171	0.01756	0.02707	0.01171	0.02049	0.01390	0.01610	0.00951	0.01097	0.00878	0.00585	0.00439	0.00146	0.00732	0.00366	0.00293	0.00878
19	0.01615	0.01845	0.04037	0.02884	0.03576	0.01730	0.69204	0.02191	0.01615	0.02191	0.01384	0.01845	0.01038	0.00577	0.00807	0.00231	0.01153	0.00807	0.00346	0.00923
20	0.00834	0.00595	0.00794	0.00953	0.00992	0.00556	0.00635	0.00953	0.01310	0.01746	0.03771	0.75510	0.04525	0.02143	0.00873	0.00278	0.00397	0.01945	0.00635	0.00556
21	0.00834	0.00595	0.00794	0.00953	0.00992	0.00556	0.00635	0.00953	0.01310	0.01746	0.03771	0.75510	0.04525	0.02143	0.00873	0.00278	0.00397	0.01945	0.00635	0.00556
22	0.01702	0.01470	0.01547	0.01392	0.01779	0.01702	0.01083	0.03635	0.70453	0.02862	0.02785	0.02553	0.02088	0.00928	0.00696	0.00232	0.00541	0.00773	0.00696	0.01083
23	0.01709	0.01527	0.01626	0.01440	0.01829	0.04398	0.03370	0.03481	0.63447	0.02790	0.04749	0.02556	0.02139	0.00922	0.00700	0.00229	0.00582	0.00776	0.00673	0.01053
24	0.01829	0.76368	0.03585	0.01171	0.01756	0.02707	0.01171	0.02049	0.01390	0.01610	0.00951	0.01097	0.00878	0.00585	0.00439	0.00146	0.00732	0.00366	0.00293	0.00878
25	0.00893	0.00696	0.00810	0.00781	0.00976	0.00613	0.00586	0.01145	0.01758	0.02320	0.40878	0.05807	0.37169	0.01557	0.00808	0.00223	0.00334	0.01335	0.00697	0.00613
26	0.01810	0.73260	0.06522	0.01204	0.01807	0.02659	0.01229	0.02054	0.01392	0.01633	0.00963	0.01112	0.00877	0.00588	0.00448	0.00149	0.00744	0.00372	0.00292	0.00884
27	0.01680	0.01612	0.02752	0.06584	0.69411	0.01622	0.02093	0.02088	0.01551	0.02219	0.01284	0.01698	0.01078	0.00612	0.00678	0.00204	0.00816	0.00610	0.00337	0.01073
28	0.00995	0.00663	0.00746	0.00746	0.00746	0.00663	0.00415	0.00995	0.00995	0.01327	0.02156	0.04477	0.02487	0.75957	0.03482	0.00663	0.00663	0.00995	0.00415	0.00415
29	0.01275	0.00638	0.00638	0.00638	0.00797	0.00638	0.00478	0.01594	0.01435	0.02551	0.02232	0.02551	0.01754	0.00797	0.00478	0.00159	0.00319	0.00638	0.79755	0.00638
30	0.01527	0.28214	0.49093	0.01686	0.02553	0.01968	0.02068	0.02127	0.01426	0.01978	0.01134	0.01327	0.00870	0.00628	0.00578	0.00193	0.00916	0.00458	0.00290	0.00966
31	0.08165	0.01742	0.01844	0.01478	0.01970	0.01943	0.01212	0.49952	0.14458	0.03864	0.01881	0.02048	0.01422	0.00877	0.00680	0.00216	0.00694	0.03796	0.00664	0.01093
32	0.01429	0.00834	0.00995	0.00902	0.01130	0.00805	0.00678	0.01858	0.08641	0.13470	0.27450	0.03921	0.08161	0.09683	0.01016	0.00257	0.00426	0.00969	0.16635	0.00739
33	0.01676	0.01262	0.01387	0.01229	0.01589	0.01374	0.00960	0.05200	0.44038	0.10072	0.12163	0.03301	0.10640	0.01071	0.00722	0.00227	0.00502	0.00898	0.00712	0.00978
34	0.01854	0.62252	0.10142	0.01303	0.01908	0.09359	0.01318	0.02126	0.01448	0.01670	0.00988	0.01144	0.00877	0.00603	0.00477	0.00156	0.00807	0.00387	0.00298	0.00883
35	0.00846	0.00605	0.00809	0.00967	0.01013	0.00567	0.00657	0.00975	0.01322	0.01761	0.03764	0.72276	0.04497	0.02131	0.00877	0.00280	0.00408	0.05052	0.00635	0.00559
36	0.00977	0.00733	0.01100	0.01100	0.01222	0.00855	0.00855	0.01222	0.01100	0.01588	0.01833	0.02688	0.01710	0.05131	0.73245	0.01100	0.01833	0.00733	0.00367	0.00611
37	0.02338	0.01677	0.01788	0.01404	0.01878	0.01848	0.01149	0.55296	0.05216	0.03954	0.01785	0.01833	0.01298	0.00821	0.00649	0.00198	0.00670	0.00625	0.14503	0.01069
38	0.02556	0.03261	0.01939	0.01763	0.02115	0.73210	0.01322	0.02732	0.01939	0.01674	0.01058	0.01234	0.00881	0.00705	0.00617	0.00176	0.01234	0.00441	0.00353	0.00793
39	0.01009	0.00852	0.00892	0.00855	0.01110	0.00815	0.00649	0.01558	0.15653	0.02156	0.13379	0.05595	0.49916	0.01531	0.00785	0.00229	0.00384	0.01284	0.00661	0.00688
40	0.02339	0.01270	0.01490	0.01210	0.01630	0.01284	0.00974	0.22572	0.06820	0.29154	0.02386	0.07764	0.01789	0.00935	0.00663	0.00207	0.00568	0.00759	0.15171	0.01016
41	0.01693	0.01626	0.02777	0.04199	0.71689	0.01626	0.02100	0.02100	0.01558	0.02235	0.01287	0.01693	0.01084	0.00610	0.00677	0.00203	0.00813	0.00610	0.00339	0.01084
42	0.01419	0.01216	0.01419	0.01013	0.01621	0.00912	0.00811	0.01723	0.01419	0.02229	0.01216	0.01419	0.01013	0.00507	0.00507	0.00101	0.00507	0.00405	0.00405	0.80139
43	0.01016	0.00701	0.00898	0.00973	0.01100	0.00659	0.00709	0.01264	0.04026	0.05287	0.13066	0.44406	0.12272	0.01862	0.00850	0.00263	0.00421	0.08938	0.00663	0.00627
44	0.00834	0.00595	0.00794	0.00953	0.00992	0.00556	0.00635	0.00953	0.01310	0.01746	0.03771	0.75510	0.04525	0.02143	0.00873	0.00278	0.00397	0.01945	0.00635	0.00556
45	0.01829	0.76368	0.03585	0.01171	0.01756	0.02707	0.01171	0.02049	0.01390	0.01610	0.00951	0.01097	0.00878	0.00585	0.00439	0.00146	0.00732	0.00366	0.00293	0.00878
46	0.00819	0.00693	0.00708	0.00704	0.00931	0.00582	0.00528	0.01002	0.01584	0.01907	0.11179	0.06487	0.67126	0.01711	0.00808	0.00230	0.00345	0.01430	0.00643	0.00582
47	0.23532	0.00955	0.00958	0.00882	0.01087	0.01015	0.00630	0.06354	0.01388	0.04510	0.10736	0.06284	0.02438	0.30829	0.01740	0.00392	0.00558	0.00838	0.04244	0.00630
48	0.00810	0.00689	0.00698	0.00705	0.00927	0.00577	0.00525	0.00981	0.01548	0.01844	0.06789	0.09664	0.68422	0.01751	0.00811	0.00233	0.00349	0.01466	0.00635	0.00577
49	0.00971	0.00727	0.01085	0.01093	0.01211	0.00841	0.00845	0.01209	0.01109	0.01596	0.01924	0.06122	0.01843	0.04990	0.69833	0.01061	0.01765	0.00790	0.00379	0.00608
50	0.00947	0.00692	0.00899	0.00868	0.01023	0.00644	0.00646	0.01240	0.01821	0.02549	0.58333	0.10793	0.10361	0.01657	0.04228	0.00263	0.00402	0.01284	0.00718	0.00632

[dist]
# distance from previous block
# <min> <max>
4	10

[block]
# block no. 2 follows, 31 sequences, length 91
# corresponding to MSA columns:
# 242-332
name=unknown_C
#
# <colnr> <probs for GDERKNQSTAVLIFYWHMCP>
#	G	D	E	R	K	N	Q	S	T	A	V	L	I	F	Y	W	H	M	C	P
0	0.06319	0.02205	0.01800	0.01546	0.01959	0.29723	0.03275	0.14134	0.19859	0.02596	0.04791	0.01842	0.01498	0.00797	0.00648	0.00197	0.00856	0.00599	0.00522	0.04835
1	0.00844	0.00626	0.00790	0.00907	0.00994	0.00572	0.00628	0.00989	0.01397	0.01822	0.07517	0.56440	0.17806	0.02020	0.00860	0.00267	0.00391	0.03926	0.00640	0.00567
2	0.77926	0.01345	0.01044	0.00924	0.01352	0.01556	0.00761	0.04479	0.01239	0.03115	0.00978	0.01131	0.00756	0.00642	0.00433	0.00211	0.00537	0.00379	0.00433	0.00756
3	0.55100	0.01290	0.01173	0.00991	0.01440	0.01388	0.00809	0.05265	0.01408	0.13465	0.01377	0.04073	0.01069	0.00719	0.00500	0.00204	0.00541	0.00491	0.00506	0.08192
4	0.08859	0.01863	0.07755	0.02619	0.16866	0.01744	0.30262	0.13193	0.05354	0.02657	0.01429	0.01725	0.01083	0.00652	0.00710	0.00218	0.00922	0.00674	0.00421	0.00993
5	0.01746	0.01492	0.01572	0.01401	0.01796	0.01722	0.01094	0.06876	0.67140	0.02933	0.02728	0.02508	0.02043	0.00923	0.00696	0.00231	0.00552	0.00766	0.00696	0.01087
6	0.01419	0.01216	0.01419	0.01013	0.01621	0.00912	0.00811	0.01723	0.01419	0.02229	0.01216	0.01419	0.01013	0.00507	0.00507	0.00101	0.00507	0.00405	0.00405	0.80139
7	0.25216	0.01124	0.01176	0.01060	0.01373	0.01185	0.00816	0.13459	0.01676	0.12056	0.02442	0.24592	0.04613	0.05203	0.00818	0.00256	0.00535	0.01009	0.00598	0.00791
8	0.01067	0.00783	0.00891	0.00892	0.01086	0.00732	0.00656	0.04593	0.04682	0.04946	0.07658	0.24798	0.34207	0.06216	0.00977	0.00270	0.00428	0.03835	0.00641	0.00643
9	0.00997	0.00724	0.00973	0.01114	0.01247	0.00701	0.00911	0.01242	0.01500	0.01943	0.04020	0.26282	0.11366	0.01943	0.00910	0.00296	0.00535	0.42060	0.00632	0.00604
10	0.00922	0.00669	0.00890	0.01035	0.01130	0.00636	0.00784	0.01112	0.01421	0.01857	0.03987	0.46754	0.09958	0.02023	0.00892	0.00286	0.00472	0.23956	0.00633	0.00583
11	0.08775	0.01099	0.01258	0.01150	0.01445	0.01141	0.00903	0.15156	0.07778	0.11145	0.08069	0.22046	0.05103	0.01350	0.00747	0.00240	0.00530	0.08336	0.02901	0.00829
12	0.00977	0.00733	0.01100	0.01100	0.01222	0.00855	0.00855	0.01222	0.01100	0.01588	0.01833	0.02688	0.01710	0.05131	0.73245	0.01100	0.01833	0.00733	0.00367	0.00611
13	0.00851	0.00608	0.00814	0.00973	0.01021	0.00571	0.00666	0.00983	0.01327	0.01766	0.03761	0.71010	0.04486	0.02127	0.00878	0.00280	0.00412	0.06269	0.00635	0.00561
14	0.00939	0.00676	0.00850	0.00893	0.00998	0.00637	0.00640	0.01129	0.01505	0.02026	0.25091	0.23113	0.11921	0.16601	0.01376	0.00335	0.00450	0.09624	0.00628	0.00567
15	0.01137	0.00718	0.00876	0.00838	0.00971	0.00669	0.00577	0.01300	0.01493	0.08265	0.26306	0.10677	0.12143	0.28986	0.01790	0.00387	0.00481	0.01182	0.00613	0.00591
16	0.06009	0.01550	0.01799	0.01384	0.01918	0.01590	0.01143	0.36624	0.02561	0.35098	0.02095	0.01933	0.01387	0.00825	0.00675	0.00208	0.00666	0.00639	0.00748	0.01147
17	0.80789	0.01323	0.01006	0.00900	0.01323	0.01535	0.00741	0.02011	0.01164	0.03070	0.00953	0.01111	0.00741	0.00635	0.00423	0.00212	0.00529	0.00370	0.00423	0.00741
18	0.04119	0.00895	0.01043	0.00967	0.01187	0.00902	0.00727	0.04797	0.12103	0.04560	0.35877	0.08687	0.12203	0.05293	0.00970	0.02723	0.00424	0.01126	0.00679	0.00717
19	0.01031	0.00679	0.00804	0.00802	0.00860	0.00655	0.00502	0.01114	0.01242	0.03922	0.13926	0.12976	0.06241	0.49466	0.02533	0.00511	0.00560	0.01156	0.00519	0.00500
20	0.00833	0.00599	0.00790	0.00942	0.00990	0.00557	0.00630	0.00954	0.01320	0.01751	0.03898	0.72739	0.07214	0.02127	0.00871	0.00276	0.00395	0.01925	0.00635	0.00557
21	0.01702	0.01470	0.01547	0.01392	0.01779	0.01702	0.01083	0.03635	0.70453	0.02862	0.02785	0.02553	0.02088	0.00928	0.00696	0.00232	0.00541	0.00773	0.00696	0.01083
22	0.01462	0.01462	0.01850	0.10005	0.05458	0.09279	0.01388	0.01686	0.01218	0.01675	0.01212	0.01824	0.01117	0.02075	0.20181	0.00480	0.35950	0.00618	0.00325	0.00735
23	0.00839	0.00612	0.00792	0.00933	0.00998	0.00566	0.00637	0.00971	0.01346	0.01767	0.04122	0.65594	0.12034	0.02089	0.00868	0.00274	0.00399	0.03963	0.00635	0.00561
24	0.01292	0.01216	0.02052	0.74312	0.04712	0.01520	0.01900	0.01748	0.01368	0.01748	0.01216	0.01824	0.00912	0.00684	0.00684	0.00228	0.00912	0.00608	0.00304	0.00760
25	0.01498	0.01426	0.02424	0.38321	0.39094	0.01574	0.02002	0.01928	0.01465	0.01998	0.01252	0.01757	0.01000	0.00646	0.00681	0.00215	0.00861	0.00609	0.00322	0.00926
26	0.01419	0.01216	0.01419	0.01013	0.01621	0.00912	0.00811	0.01723	0.01419	0.02229	0.01216	0.01419	0.01013	0.00507	0.00507	0.00101	0.00507	0.00405	0.00405	0.80139
27	0.01456	0.01183	0.01269	0.01173	0.01500	0.01284	0.00911	0.02703	0.43278	0.05340	0.03982	0.06545	0.21095	0.01232	0.00744	0.00236	0.00489	0.03990	0.00681	0.00909
28	0.63847	0.01288	0.01132	0.00969	0.01415	0.01419	0.00799	0.02299	0.01337	0.18131	0.01333	0.01377	0.00949	0.00681	0.00481	0.00212	0.00541	0.00440	0.00516	0.00833
29	0.01578	0.01489	0.02292	0.44941	0.08840	0.05761	0.10249	0.04559	0.07092	0.04450	0.01426	0.01852	0.01069	0.00697	0.00696	0.00222	0.00907	0.00640	0.00379	0.00861
30	0.00983	0.00700	0.00955	0.01105	0.01205	0.00683	0.00872	0.01200	0.01435	0.01886	0.03618	0.36411	0.04120	0.05426	0.01032	0.00315	0.00532	0.36311	0.00622	0.00588
31	0.01702	0.01470	0.01547	0.01392	0.01779	0.01702	0.01083	0.03635	0.70453	0.02862	0.02785	0.02553	0.02088	0.00928	0.00696	0.00232	0.00541	0.00773	0.00696	0.01083
32	0.01474	0.00816	0.01074	0.00958	0.01213	0.00736	0.00750	0.01774	0.01901	0.19436	0.47373	0.04663	0.08965	0.01311	0.00786	0.00221	0.00403	0.04619	0.00762	0.00766
33	0.06125	0.01913	0.15857	0.02560	0.22983	0.01561	0.14861	0.04406	0.10220	0.02375	0.01813	0.04054	0.03374	0.00793	0.00707	0.00223	0.00832	0.03950	0.00422	0.00971
34	0.01372	0.03539	0.72412	0.01950	0.02961	0.01589	0.02528	0.02167	0.01444	0.02167	0.01228	0.01444	0.00867	0.00650	0.00650	0.00217	0.01011	0.00506	0.00289	0.01011
35	0.01615	0.01845	0.04037	0.02884	0.03576	0.01730	0.69204	0.02191	0.01615	0.02191	0.01384	0.01845	0.01038	0.00577	0.00807	0.00231	0.01153	0.00807	0.00346	0.00923
36	0.01615	0.01546	0.02636	0.17846	0.58653	0.01605	0.02061	0.02031	0.01521	0.02140	0.01273	0.01719	0.01050	0.00624	0.00679	0.00208	0.00832	0.00609	0.00332	0.01021
37	0.00834	0.00595	0.00794	0.00953	0.00992	0.00556	0.00635	0.00953	0.01310	0.01746	0.03771	0.75510	0.04525	0.02143	0.00873	0.00278	0.00397	0.01945	0.00635	0.00556
38	0.01372	0.03539	0.72412	0.01950	0.02961	0.01589	0.02528	0.02167	0.01444	0.02167	0.01228	0.01444	0.00867	0.00650	0.00650	0.00217	0.01011	0.00506	0.00289	0.01011
39	0.80789	0.01323	0.01006	0.00900	0.01323	0.01535	0.00741	0.02011	0.01164	0.03070	0.00953	0.01111	0.00741	0.00635	0.00423	0.00212	0.00529	0.00370	0.00423	0.00741
40	0.01372	0.03539	0.72412	0.01950	0.02961	0.01589	0.02528	0.02167	0.01444	0.02167	0.01228	0.01444	0.00867	0.00650	0.00650	0.00217	0.01011	0.00506	0.00289	0.01011
41	0.00988	0.00690	0.00881	0.00881	0.00928	0.00737	0.00583	0.01082	0.01035	0.01427	0.02032	0.03793	0.02190	0.48894	0.30139	0.00830	0.01110	0.00895	0.00396	0.00490
42	0.01292	0.01216	0.02052	0.74312	0.04712	0.01520	0.01900	0.01748	0.01368	0.01748	0.01216	0.01824	0.00912	0.00684	0.00684	0.00228	0.00912	0.00608	0.00304	0.00760
43	0.01233	0.01106	0.01577	0.01430	0.01488	0.01458	0.01156	0.01423	0.01071	0.01608	0.01384	0.02161	0.01337	0.05491	0.36136	0.00693	0.37566	0.00676	0.00335	0.00672
44	0.00868	0.00695	0.00775	0.00755	0.00961	0.00603	0.00567	0.01097	0.01700	0.02181	0.30866	0.06036	0.47269	0.01609	0.00808	0.00225	0.00338	0.01367	0.00679	0.00603
45	0.02507	0.03179	0.01946	0.01764	0.02100	0.69919	0.01330	0.02682	0.01898	0.01673	0.01050	0.01246	0.00882	0.00728	0.00692	0.00182	0.04634	0.00448	0.00350	0.00791
46	0.02620	0.01885	0.02034	0.01559	0.02106	0.02075	0.01288	0.66639	0.03164	0.07155	0.01687	0.01671	0.01186	0.00822	0.00685	0.00206	0.00746	0.00619	0.00691	0.01164
47	0.01292	0.01216	0.02052	0.74312	0.04712	0.01520	0.01900	0.01748	0.01368	0.01748	0.01216	0.01824	0.00912	0.00684	0.00684	0.00228	0.00912	0.00608	0.00304	0.00760
48	0.00846	0.00604	0.00808	0.00967	0.01012	0.00566	0.00657	0.00974	0.01322	0.01760	0.03764	0.72373	0.04498	0.02132	0.00877	0.00280	0.00408	0.04960	0.00635	0.00559
49	0.00809	0.00693	0.00693	0.00693	0.00924	0.00578	0.00520	0.00982	0.01559	0.01848	0.06931	0.06584	0.71411	0.01733	0.00809	0.00231	0.00347	0.01444	0.00635	0.00578
50	0.01724	0.01400	0.01506	0.01346	0.01725	0.01592	0.01049	0.03458	0.62101	0.06540	0.07490	0.02716	0.02367	0.00956	0.00703	0.00230	0.00529	0.00801	0.00708	0.01057
51	0.02323	0.02803	0.01935	0.01730	0.02027	0.55082	0.01329	0.06043	0.01830	0.01807	0.01096	0.01358	0.00934	0.00975	0.03923	0.00236	0.12924	0.00487	0.00362	0.00798
52	0.02626	0.01876	0.02028	0.01555	0.02102	0.02062	0.01285	0.65893	0.03150	0.07921	0.01699	0.01679	0.01192	0.00823	0.00685	0.00206	0.00744	0.00620	0.00693	0.01164
53	0.01372	0.03539	0.72412	0.01950	0.02961	0.01589	0.02528	0.02167	0.01444	0.02167	0.01228	0.01444	0.00867	0.00650	0.00650	0.00217	0.01011	0.00506	0.00289	0.01011
54	0.01372	0.03539	0.72412	0.01950	0.02961	0.01589	0.02528	0.02167	0.01444	0.02167	0.01228	0.01444	0.00867	0.00650	0.00650	0.00217	0.01011	0.00506	0.00289	0.01011
55	0.00876	0.00696	0.00787	0.00764	0.00966	0.00606	0.00573	0.01113	0.01719	0.02227	0.34162	0.05961	0.43943	0.01591	0.00808	0.00224	0.00336	0.01357	0.00685	0.00606
56	0.03070	0.01164	0.01588	0.01217	0.01746	0.01006	0.01006	0.03334	0.01958	0.72163	0.02699	0.02329	0.01694	0.00847	0.00688	0.00212	0.00582	0.00688	0.00847	0.01164
57	0.00995	0.00663	0.00746	0.00746	0.00746	0.00663	0.00415	0.00995	0.00995	0.01327	0.02156	0.04477	0.02487	0.75957	0.03482	0.00663	0.00663	0.00995	0.00415	0.00415
58	0.00977	0.00733	0.01100	0.01100	0.01222	0.00855	0.00855	0.01222	0.01100	0.01588	0.01833	0.02688	0.01710	0.05131	0.73245	0.01100	0.01833	0.00733	0.00367	0.00611
59	0.07696	0.01979	0.03097	0.06980	0.06363	0.14382	0.39166	0.02198	0.01575	0.02096	0.01240	0.01645	0.00971	0.00662	0.00846	0.00224	0.06994	0.00671	0.00346	0.00870
60	0.80789	0.01323	0.01006	0.00900	0.01323	0.01535	0.00741	0.02011	0.01164	0.03070	0.00953	0.01111	0.00741	0.00635	0.00423	0.00212	0.00529	0.00370	0.00423	0.00741
61	0.02556	0.03261	0.01939	0.01763	0.02115	0.73210	0.01322	0.02732	0.01939	0.01674	0.01058	0.01234	0.00881	0.00705	0.00617	0.00176	0.01234	0.00441	0.00353	0.00793
62	0.01980	0.05262	0.01989	0.05500	0.02132	0.31052	0.06928	0.04641	0.12408	0.04096	0.06389	0.06614	0.01731	0.00900	0.00774	0.00210	0.05379	0.00702	0.00467	0.00845
63	0.01308	0.01233	0.02082	0.71447	0.07449	0.01524	0.01908	0.01762	0.01376	0.01768	0.01219	0.01819	0.00919	0.00681	0.00684	0.00227	0.00908	0.00608	0.00305	0.00773
64	0.01372	0.03539	0.72412	0.01950	0.02961	0.01589	0.02528	0.02167	0.01444	0.02167	0.01228	0.01444	0.00867	0.00650	0.00650	0.00217	0.01011	0.00506	0.00289	0.01011
65	0.01688	0.01639	0.02853	0.04120	0.67566	0.01632	0.06162	0.02105	0.01561	0.02232	0.01293	0.01702	0.01081	0.00608	0.00685	0.00205	0.00833	0.00622	0.00339	0.01074
66	0.01102	0.00675	0.00885	0.00960	0.01077	0.00614	0.00670	0.01251	0.01432	0.10123	0.06717	0.58612	0.09408	0.01927	0.00844	0.00264	0.00412	0.01728	0.00665	0.00633
67	0.01702	0.01470	0.01547	0.01392	0.01779	0.01702	0.01083	0.03635	0.70453	0.02862	0.02785	0.02553	0.02088	0.00928	0.00696	0.00232	0.00541	0.00773	0.00696	0.01083
68	0.00843	0.00637	0.00781	0.00885	0.00992	0.00576	0.00622	0.00994	0.01419	0.01825	0.07030	0.49167	0.24822	0.01982	0.00855	0.00263	0.00390	0.04710	0.00639	0.00569
69	0.00881	0.00625	0.00829	0.00975	0.01026	0.00594	0.00676	0.01015	0.01318	0.01750	0.03618	0.60989	0.04281	0.08217	0.01098	0.00314	0.00449	0.10173	0.00616	0.00553
70	0.02662	0.01276	0.01595	0.01270	0.01757	0.01234	0.01033	0.09729	0.15456	0.48893	0.05712	0.02431	0.01934	0.00885	0.00695	0.00215	0.00579	0.00722	0.00797	0.01125
71	0.02633	0.01864	0.02021	0.01549	0.02096	0.02044	0.01280	0.64825	0.03129	0.09018	0.01716	0.01690	0.01200	0.00823	0.00685	0.00206	0.00741	0.00621	0.00696	0.01164
72	0.00991	0.00680	0.00830	0.00830	0.00858	0.00709	0.00519	0.01048	0.01020	0.01388	0.02079	0.04055	0.02304	0.59246	0.19942	0.00766	0.00939	0.00933	0.00403	0.00461
73	0.01994	0.02204	0.06057	0.01912	0.05276	0.24765	0.07388	0.09852	0.01708	0.04305	0.01227	0.01564	0.01016	0.01112	0.05507	0.00280	0.22011	0.00574	0.00387	0.00860
74	0.01675	0.01607	0.02744	0.07365	0.68664	0.01621	0.02091	0.02084	0.01549	0.02213	0.01284	0.01699	0.01076	0.00613	0.00678	0.00204	0.00817	0.00609	0.00337	0.01069
75	0.00834	0.00595	0.00794	0.00953	0.00992	0.00556	0.00635	0.00953	0.01310	0.01746	0.03771	0.75510	0.04525	0.02143	0.00873	0.00278	0.00397	0.01945	0.00635	0.00556
76	0.01175	0.00976	0.01205	0.11729	0.01766	0.01048	0.00945	0.01908	0.20873	0.02278	0.16416	0.15566	0.16041	0.01363	0.00774	0.00239	0.00499	0.03814	0.00626	0.00757
77	0.04275	0.11064	0.02060	0.05960	0.04631	0.16193	0.01258	0.18095	0.14300	0.12848	0.01742	0.01755	0.01285	0.00771	0.00636	0.00199	0.00791	0.00582	0.00553	0.01002
78	0.01497	0.01497	0.02095	0.01796	0.01796	0.02095	0.01497	0.01646	0.01048	0.01646	0.00898	0.01497	0.00898	0.01197	0.02245	0.00299	0.74704	0.00599	0.00299	0.00748
79	0.00852	0.00608	0.00815	0.00973	0.01021	0.00571	0.00666	0.00984	0.01328	0.01767	0.03761	0.70971	0.04486	0.02126	0.00878	0.00280	0.00413	0.06307	0.00635	0.00561
80	0.01313	0.01238	0.02091	0.70583	0.08275	0.01526	0.01911	0.01767	0.01378	0.01774	0.01220	0.01817	0.00921	0.00680	0.00684	0.00227	0.00907	0.00608	0.00306	0.00777
81	0.04622	0.01741	0.02542	0.11696	0.54249	0.09176	0.01945	0.02124	0.01562	0.02152	0.01242	0.01638	0.01031	0.00629	0.00662	0.00203	0.00858	0.00583	0.00339	0.01004
82	0.01006	0.00658	0.00749	0.00758	0.00782	0.00652	0.00447	0.01058	0.01102	0.01532	0.05688	0.09534	0.02769	0.60474	0.02903	0.00570	0.00598	0.01046	0.07220	0.00455
83	0.00865	0.00646	0.00924	0.01030	0.01096	0.00603	0.03392	0.01002	0.01322	0.01764	0.03675	0.72548	0.04385	0.02080	0.00871	0.00276	0.00427	0.01899	0.00623	0.00570
84	0.01456	0.03188	0.56981	0.08554	0.05035	0.05925	0.05180	0.02162	0.01478	0.02102	0.01225	0.01490	0.00885	0.00652	0.00658	0.00215	0.01016	0.00526	0.00298	0.00974
85	0.00995	0.00663	0.00746	0.00746	0.00746	0.00663	0.00415	0.00995	0.00995	0.01327	0.02156	0.04477	0.02487	0.75957	0.03482	0.00663	0.00663	0.00995	0.00415	0.00415
86	0.01421	0.01347	0.02284	0.51849	0.26170	0.01554	0.01964	0.01861	0.01429	0.01904	0.01239	0.01782	0.00967	0.00660	0.00682	0.00220	0.00880	0.00608	0.00315	0.00864
87	0.01058	0.00801	0.00976	0.00915	0.01103	0.00784	0.00684	0.01571	0.11086	0.02626	0.54223	0.04828	0.09890	0.05323	0.00934	0.00242	0.00372	0.01175	0.00720	0.00688
88	0.15653	0.00995	0.01064	0.00984	0.01220	0.01037	0.00736	0.12103	0.01662	0.05050	0.11510	0.17113	0.07617	0.14508	0.01195	0.00307	0.00522	0.03066	0.02957	0.00700
89	0.01041	0.00762	0.01019	0.01142	0.01307	0.00740	0.00973	0.01327	0.01580	0.02037	0.07208	0.09762	0.14747	0.01852	0.00915	0.00296	0.00563	0.51475	0.00637	0.00620
90	0.76899	0.05020	0.01133	0.00913	0.01344	0.01593	0.00762	0.02013	0.01175	0.02998	0.00953	0.01111	0.00748	0.00633	0.00424	0.00208	0.00539	0.00370	0.00417	0.00748

[dist]
# distance from previous block
# <min> <max>
9	19

[block]
# block no. 3 follows, 31 sequences, length 13
# corresponding to MSA columns:
# 357-369
name=unknown_D
#
# <colnr> <probs for GDERKNQSTAVLIFYWHMCP>
#	G	D	E	R	K	N	Q	S	T	A	V	L	I	F	Y	W	H	M	C	P
0	0.02601	0.01916	0.02053	0.01574	0.02122	0.02122	0.01300	0.69408	0.03217	0.04312	0.01643	0.01643	0.01163	0.00821	0.00684	0.00205	0.00753	0.00616	0.00684	0.01163
1	0.00872	0.00714	0.00872	0.08209	0.01332	0.00668	0.00702	0.01061	0.01472	0.01839	0.07750	0.28650	0.39915	0.01749	0.00817	0.00245	0.00419	0.01516	0.00606	0.00591
2	0.01419	0.01216	0.01419	0.01013	0.01621	0.00912	0.00811	0.01723	0.01419	0.02229	0.01216	0.01419	0.01013	0.00507	0.00507	0.00101	0.00507	0.00405	0.00405	0.80139
3	0.00995	0.00663	0.00746	0.00746	0.00746	0.00663	0.00415	0.00995	0.00995	0.01327	0.02156	0.04477	0.02487	0.75957	0.03482	0.00663	0.00663	0.00995	0.00415	0.00415
4	0.00962	0.00661	0.00806	0.00856	0.00894	0.00647	0.00554	0.01049	0.01206	0.01617	0.08422	0.22610	0.03462	0.44333	0.02369	0.00497	0.00565	0.07484	0.00518	0.00489
5	0.02014	0.09599	0.07314	0.01657	0.02168	0.11239	0.09743	0.22231	0.11609	0.04400	0.05563	0.02229	0.01652	0.00848	0.00687	0.00210	0.00819	0.04507	0.00536	0.00974
6	0.01692	0.04982	0.20255	0.08412	0.22130	0.01636	0.05080	0.05406	0.12969	0.06295	0.01598	0.01793	0.01206	0.00696	0.00667	0.00210	0.00816	0.00609	0.00426	0.03120
7	0.09062	0.15217	0.05628	0.05339	0.05196	0.26755	0.01322	0.09831	0.09088	0.02286	0.03291	0.01555	0.01194	0.00726	0.00598	0.00190	0.00886	0.00518	0.00426	0.00893
8	0.01649	0.01680	0.02242	0.01871	0.01986	0.07323	0.07076	0.05714	0.01287	0.01849	0.00993	0.01515	0.00924	0.01088	0.01915	0.00279	0.58886	0.00605	0.00330	0.00790
9	0.01833	0.01738	0.07811	0.01527	0.06047	0.11077	0.03639	0.02313	0.07506	0.11960	0.01670	0.01975	0.01325	0.00710	0.00619	0.00170	0.00712	0.03938	0.00480	0.32950
10	0.00921	0.00701	0.00980	0.01035	0.01142	0.00657	0.04064	0.01087	0.01375	0.01809	0.05986	0.47470	0.11514	0.08743	0.01109	0.00308	0.00479	0.09445	0.00604	0.00575
11	0.01277	0.00873	0.01112	0.01121	0.01263	0.00913	0.00818	0.04649	0.08261	0.08962	0.03232	0.51531	0.03549	0.01756	0.00942	0.00265	0.06595	0.01532	0.00637	0.00712
12	0.05959	0.02055	0.06102	0.03603	0.04182	0.14638	0.06337	0.26206	0.13816	0.05504	0.01819	0.01871	0.03213	0.00798	0.00672	0.00209	0.00826	0.00632	0.00551	0.01007

[dist]
# distance from previous block
# <min> <max>
1	3

[block]
# block no. 4 follows, 31 sequences, length 66
# corresponding to MSA columns:
# 373-438
name=unknown_E
#
# <colnr> <probs for GDERKNQSTAVLIFYWHMCP>
#	G	D	E	R	K	N	Q	S	T	A	V	L	I	F	Y	W	H	M	C	P
0	0.04258	0.06059	0.08434	0.02001	0.12555	0.03775	0.07173	0.18000	0.11201	0.08628	0.01631	0.01752	0.01224	0.00753	0.00751	0.00208	0.05113	0.00610	0.00508	0.05367
1	0.27082	0.19549	0.09071	0.01451	0.01965	0.16965	0.06521	0.04052	0.01495	0.02264	0.01052	0.01251	0.00855	0.00659	0.00589	0.00194	0.03340	0.00446	0.00362	0.00836
2	0.07893	0.10890	0.29227	0.01923	0.06557	0.01809	0.08219	0.01986	0.01367	0.02085	0.03786	0.01582	0.01107	0.00786	0.00995	0.00228	0.17773	0.00563	0.00329	0.00896
3	0.01292	0.01216	0.02052	0.74312	0.04712	0.01520	0.01900	0.01748	0.01368	0.01748	0.01216	0.01824	0.00912	0.00684	0.00684	0.00228	0.00912	0.00608	0.00304	0.00760
4	0.01167	0.00819	0.00956	0.00940	0.01034	0.00839	0.00624	0.10592	0.01413	0.01891	0.02601	0.27220	0.02944	0.39197	0.04315	0.00486	0.00624	0.01244	0.00523	0.00572
5	0.01626	0.01618	0.02548	0.28530	0.14665	0.07404	0.17501	0.07429	0.01669	0.02156	0.01483	0.02221	0.01232	0.00757	0.00727	0.00226	0.00943	0.06010	0.00380	0.00876
6	0.01705	0.01477	0.07347	0.05398	0.03764	0.03507	0.01268	0.13040	0.01684	0.10699	0.04100	0.10272	0.04179	0.04034	0.08188	0.00339	0.16825	0.00824	0.00504	0.00845
7	0.00977	0.00733	0.01100	0.01100	0.01222	0.00855	0.00855	0.01222	0.01100	0.01588	0.01833	0.02688	0.01710	0.05131	0.73245	0.01100	0.01833	0.00733	0.00367	0.00611
8	0.00977	0.00733	0.01100	0.01100	0.01222	0.00855	0.00855	0.01222	0.01100	0.01588	0.01833	0.02688	0.01710	0.05131	0.73245	0.01100	0.01833	0.00733	0.00367	0.00611
9	0.01731	0.01777	0.10886	0.01480	0.01962	0.01721	0.01290	0.08754	0.55969	0.02888	0.02488	0.02334	0.01853	0.00883	0.00689	0.00228	0.00620	0.00726	0.00642	0.01080
10	0.01154	0.00891	0.01131	0.01105	0.01245	0.03323	0.00844	0.05915	0.01292	0.01769	0.01995	0.03288	0.01962	0.16883	0.47741	0.00867	0.01436	0.06119	0.00418	0.00622
11	0.80789	0.01323	0.01006	0.00900	0.01323	0.01535	0.00741	0.02011	0.01164	0.03070	0.00953	0.01111	0.00741	0.00635	0.00423	0.00212	0.00529	0.00370	0.00423	0.00741
12	0.01292	0.01216	0.02052	0.74312	0.04712	0.01520	0.01900	0.01748	0.01368	0.01748	0.01216	0.01824	0.00912	0.00684	0.00684	0.00228	0.00912	0.00608	0.00304	0.00760
13	0.01102	0.00787	0.01102	0.01260	0.01417	0.00787	0.01102	0.01417	0.01575	0.02047	0.03622	0.07717	0.03937	0.01890	0.00945	0.00315	0.00630	0.67084	0.00630	0.00630
14	0.00885	0.00632	0.00853	0.01011	0.01074	0.00600	0.00724	0.01041	0.01361	0.01804	0.03742	0.62551	0.04413	0.02095	0.00887	0.00285	0.00441	0.14397	0.00634	0.00570
15	0.00948	0.00699	0.00886	0.00839	0.01010	0.00637	0.00630	0.01252	0.01889	0.02629	0.63128	0.05298	0.14727	0.01441	0.00807	0.00217	0.00326	0.01264	0.00738	0.00637
16	0.01676	0.01608	0.02746	0.07230	0.68794	0.01621	0.02091	0.02084	0.01550	0.02214	0.01284	0.01699	0.01076	0.00613	0.00678	0.00204	0.00817	0.00610	0.00337	0.01070
17	0.00891	0.00636	0.00859	0.01018	0.01082	0.00605	0.00734	0.01051	0.01366	0.01810	0.03739	0.61140	0.04400	0.02090	0.00888	0.00286	0.00446	0.15752	0.00634	0.00571
18	0.03070	0.01164	0.01588	0.01217	0.01746	0.01006	0.01006	0.03334	0.01958	0.72163	0.02699	0.02329	0.01694	0.00847	0.00688	0.00212	0.00582	0.00688	0.00847	0.01164
19	0.01372	0.03539	0.72412	0.01950	0.02961	0.01589	0.02528	0.02167	0.01444	0.02167	0.01228	0.01444	0.00867	0.00650	0.00650	0.00217	0.01011	0.00506	0.00289	0.01011
20	0.09908	0.01178	0.01536	0.01189	0.01709	0.01052	0.00982	0.03218	0.01888	0.66083	0.02545	0.02221	0.01610	0.00828	0.00665	0.00212	0.00577	0.00660	0.00810	0.01127
21	0.00834	0.00694	0.00728	0.00720	0.00940	0.00588	0.00540	0.01031	0.01619	0.01990	0.17140	0.06350	0.61114	0.01680	0.00808	0.00229	0.00343	0.01411	0.00654	0.00588
22	0.80789	0.01323	0.01006	0.00900	0.01323	0.01535	0.00741	0.02011	0.01164	0.03070	0.00953	0.01111	0.00741	0.00635	0.00423	0.00212	0.00529	0.00370	0.00423	0.00741
23	0.01292	0.01216	0.02052	0.74312	0.04712	0.01520	0.01900	0.01748	0.01368	0.01748	0.01216	0.01824	0.00912	0.00684	0.00684	0.00228	0.00912	0.00608	0.00304	0.00760
24	0.00854	0.00615	0.00815	0.00968	0.01024	0.00575	0.00668	0.00991	0.01341	0.01775	0.03879	0.67412	0.07024	0.02107	0.00877	0.00279	0.00414	0.07186	0.00635	0.00563
25	0.00968	0.00699	0.00914	0.00861	0.01022	0.00646	0.00646	0.01291	0.01937	0.02743	0.71328	0.05110	0.06455	0.01399	0.00807	0.00215	0.00323	0.01237	0.00753	0.00646
26	0.00834	0.00595	0.00794	0.00953	0.00992	0.00556	0.00635	0.00953	0.01310	0.01746	0.03771	0.75510	0.04525	0.02143	0.00873	0.00278	0.00397	0.01945	0.00635	0.00556
27	0.02996	0.01282	0.01661	0.01273	0.01805	0.01181	0.01052	0.13695	0.02155	0.61523	0.02533	0.02221	0.01610	0.00843	0.00687	0.00211	0.00609	0.00677	0.00821	0.01164
28	0.74333	0.01264	0.00988	0.00904	0.01296	0.01456	0.00732	0.01926	0.01176	0.02963	0.01180	0.07119	0.01046	0.00757	0.00460	0.00217	0.00519	0.00498	0.00440	0.00726
29	0.01292	0.01216	0.02052	0.74312	0.04712	0.01520	0.01900	0.01748	0.01368	0.01748	0.01216	0.01824	0.00912	0.00684	0.00684	0.00228	0.00912	0.00608	0.00304	0.00760
30	0.01436	0.13696	0.62812	0.01841	0.02793	0.01745	0.02338	0.02150	0.01437	0.02089	0.01189	0.01396	0.00868	0.00641	0.00621	0.00207	0.00972	0.00486	0.00289	0.00993
31	0.00990	0.00707	0.00973	0.01131	0.01239	0.00690	0.00906	0.01223	0.01464	0.01921	0.03685	0.36144	0.04184	0.01996	0.00915	0.00299	0.00532	0.39770	0.00632	0.00599
32	0.02059	0.01757	0.01741	0.01480	0.01916	0.07610	0.01172	0.24627	0.43387	0.03230	0.02279	0.02155	0.01695	0.00876	0.00686	0.00219	0.00665	0.00696	0.00665	0.01085
33	0.01327	0.01252	0.02116	0.68143	0.10605	0.01529	0.01918	0.01779	0.01385	0.01791	0.01222	0.01812	0.00927	0.00677	0.00683	0.00226	0.00903	0.00608	0.00307	0.00788
34	0.00834	0.00595	0.00794	0.00953	0.00992	0.00556	0.00635	0.00953	0.01310	0.01746	0.03771	0.75510	0.04525	0.02143	0.00873	0.00278	0.00397	0.01945	0.00635	0.00556
35	0.03070	0.01164	0.01588	0.01217	0.01746	0.01006	0.01006	0.03334	0.01958	0.72163	0.02699	0.02329	0.01694	0.00847	0.00688	0.00212	0.00582	0.00688	0.00847	0.01164
36	0.80789	0.01323	0.01006	0.00900	0.01323	0.01535	0.00741	0.02011	0.01164	0.03070	0.00953	0.01111	0.00741	0.00635	0.00423	0.00212	0.00529	0.00370	0.00423	0.00741
37	0.00957	0.00647	0.00757	0.00795	0.00804	0.00638	0.00466	0.00985	0.01069	0.01425	0.02535	0.21160	0.02966	0.58620	0.02869	0.00573	0.00601	0.01218	0.00466	0.00448
38	0.01702	0.01470	0.01547	0.01392	0.01779	0.01702	0.01083	0.03635	0.70453	0.02862	0.02785	0.02553	0.02088	0.00928	0.00696	0.00232	0.00541	0.00773	0.00696	0.01083
39	0.02893	0.01286	0.01643	0.01277	0.01797	0.01207	0.01050	0.11753	0.07958	0.57635	0.02572	0.02261	0.01660	0.00850	0.00688	0.00213	0.00600	0.00686	0.00813	0.01157
40	0.01292	0.01216	0.02052	0.74312	0.04712	0.01520	0.01900	0.01748	0.01368	0.01748	0.01216	0.01824	0.00912	0.00684	0.00684	0.00228	0.00912	0.00608	0.00304	0.00760
41	0.01008	0.00725	0.00969	0.00978	0.01138	0.00687	0.00779	0.01328	0.01831	0.02540	0.51514	0.05873	0.05718	0.01542	0.00847	0.00244	0.00413	0.20507	0.00717	0.00641
42	0.01781	0.05745	0.01703	0.01394	0.01805	0.01792	0.01105	0.08856	0.61114	0.02908	0.02589	0.02397	0.01945	0.00900	0.00681	0.00225	0.00569	0.00738	0.00672	0.01078
43	0.01456	0.05724	0.46211	0.02185	0.03052	0.01648	0.23039	0.02144	0.01499	0.02149	0.01347	0.01768	0.01024	0.00667	0.00701	0.00222	0.01031	0.02849	0.00318	0.00966
44	0.00835	0.00618	0.00780	0.00900	0.00981	0.00564	0.00614	0.00973	0.01383	0.01808	0.07277	0.59679	0.17018	0.02035	0.00858	0.00266	0.00384	0.01821	0.00640	0.00564
45	0.01279	0.01154	0.01651	0.24526	0.14855	0.01253	0.01358	0.01875	0.12630	0.02061	0.03272	0.03639	0.21643	0.01084	0.00736	0.00230	0.00655	0.04801	0.00488	0.00809
46	0.04425	0.06736	0.04491	0.02779	0.32630	0.08874	0.08180	0.07564	0.03814	0.02361	0.06954	0.01885	0.01491	0.00733	0.00740	0.00206	0.04120	0.00640	0.00410	0.00968
47	0.00968	0.00699	0.00914	0.00861	0.01022	0.00646	0.00646	0.01291	0.01937	0.02743	0.71328	0.05110	0.06455	0.01399	0.00807	0.00215	0.00323	0.01237	0.00753	0.00646
48	0.00834	0.00595	0.00794	0.00953	0.00992	0.00556	0.00635	0.00953	0.01310	0.01746	0.03771	0.75510	0.04525	0.02143	0.00873	0.00278	0.00397	0.01945	0.00635	0.00556
49	0.03834	0.18478	0.08653	0.04145	0.17023	0.05698	0.03757	0.14468	0.03833	0.06597	0.03695	0.01831	0.03618	0.00738	0.00628	0.00195	0.00779	0.00596	0.00452	0.00982
50	0.01676	0.51994	0.26620	0.01431	0.02159	0.02333	0.01625	0.02088	0.01408	0.01796	0.01044	0.01214	0.00874	0.00607	0.00510	0.00170	0.00825	0.00413	0.00291	0.00923
51	0.00845	0.00619	0.00795	0.00910	0.00987	0.00568	0.00622	0.00994	0.01410	0.01869	0.11638	0.59086	0.13121	0.02010	0.00858	0.00265	0.00382	0.01804	0.00648	0.00568
52	0.02556	0.03261	0.01939	0.01763	0.02115	0.73210	0.01322	0.02732	0.01939	0.01674	0.01058	0.01234	0.00881	0.00705	0.00617	0.00176	0.01234	0.00441	0.00353	0.00793
53	0.05440	0.10733	0.10815	0.04591	0.13815	0.06484	0.10153	0.11336	0.01809	0.13102	0.01577	0.04397	0.01225	0.00739	0.00657	0.00205	0.00831	0.00634	0.00467	0.00988
54	0.78348	0.01384	0.01035	0.00927	0.01348	0.03772	0.00759	0.02034	0.01188	0.03026	0.00956	0.01115	0.00745	0.00637	0.00429	0.00211	0.00551	0.00373	0.00421	0.00743
