[name]
unknown

[dist]
# distance from previous block
# <min> <max>
109	1346

[block]
# block no. 0 follows, 28 sequences, length 25
# corresponding to MSA columns:
# 1527-1551
name=unknown_A
#
# <colnr> <probs for GDERKNQSTAVLIFYWHMCP>
#	G	D	E	R	K	N	Q	S	T	A	V	L	I	F	Y	W	H	M	C	P
0	0.16993	0.04925	0.02166	0.08731	0.19422	0.07548	0.04051	0.02391	0.01642	0.14310	0.04835	0.01911	0.01414	0.00794	0.00781	0.00225	0.05773	0.00627	0.00486	0.00975
1	0.01881	0.04775	0.06797	0.01897	0.12593	0.01551	0.03321	0.17287	0.05059	0.06228	0.08980	0.02228	0.01872	0.01128	0.05574	0.00263	0.00799	0.00687	0.00547	0.16534
2	0.04479	0.11741	0.09664	0.01579	0.07148	0.04968	0.01295	0.04838	0.08812	0.12757	0.06217	0.02173	0.01726	0.04523	0.00802	0.00219	0.00716	0.00639	0.00533	0.15173
3	0.01285	0.01165	0.04972	0.01303	0.01676	0.00943	0.07771	0.01639	0.04075	0.04811	0.03247	0.30021	0.10482	0.01444	0.00795	0.00233	0.00582	0.03470	0.00577	0.19508
4	0.02023	0.14110	0.02112	0.01527	0.01915	0.27388	0.04404	0.02263	0.01777	0.06643	0.04421	0.08283	0.06362	0.01064	0.00761	0.00214	0.03253	0.06195	0.00484	0.04801
5	0.01419	0.06189	0.01432	0.01190	0.01492	0.01274	0.00977	0.10743	0.10344	0.02472	0.04417	0.07604	0.27512	0.01537	0.00909	0.00260	0.04244	0.14529	0.00646	0.00809
6	0.02374	0.06971	0.02291	0.01826	0.05553	0.06580	0.01441	0.34955	0.04902	0.06612	0.01553	0.01716	0.01191	0.00934	0.01087	0.00236	0.17496	0.00630	0.00572	0.01081
7	0.13740	0.01544	0.01965	0.01651	0.01852	0.01961	0.01372	0.07298	0.01463	0.12734	0.01319	0.01676	0.01081	0.01093	0.01707	0.00282	0.45290	0.00615	0.00460	0.00897
8	0.06892	0.11229	0.58717	0.01906	0.02889	0.01812	0.02400	0.02277	0.01508	0.02305	0.01253	0.01471	0.00913	0.00682	0.00650	0.00222	0.01007	0.00511	0.00317	0.01039
9	0.01983	0.66069	0.06638	0.01330	0.01953	0.08270	0.01321	0.02240	0.01526	0.01742	0.01033	0.01194	0.00933	0.00635	0.00491	0.00161	0.00833	0.00402	0.00316	0.00932
10	0.00886	0.00633	0.00843	0.01012	0.01054	0.00590	0.00675	0.01012	0.01392	0.01856	0.04006	0.73979	0.04808	0.02277	0.00928	0.00295	0.00422	0.02066	0.00675	0.00590
11	0.02763	0.02036	0.02182	0.01672	0.02254	0.02254	0.01382	0.67496	0.03418	0.04581	0.01745	0.01745	0.01236	0.00873	0.00727	0.00218	0.00800	0.00654	0.00727	0.01236
12	0.01905	0.69249	0.09114	0.01309	0.01967	0.02782	0.01358	0.02187	0.01482	0.01757	0.01034	0.01195	0.00932	0.00627	0.00484	0.00161	0.00801	0.00400	0.00311	0.00944
13	0.01016	0.00743	0.00953	0.00901	0.01078	0.00680	0.00676	0.01346	0.02027	0.02842	0.64738	0.05551	0.11703	0.01513	0.00857	0.00230	0.00345	0.01332	0.00791	0.00680
14	0.02763	0.02036	0.02182	0.01672	0.02254	0.02254	0.01382	0.67496	0.03418	0.04581	0.01745	0.01745	0.01236	0.00873	0.00727	0.00218	0.00800	0.00654	0.00727	0.01236
15	0.01808	0.65383	0.03429	0.01214	0.01762	0.02584	0.01171	0.02028	0.01466	0.01729	0.01394	0.10489	0.01429	0.00834	0.00525	0.00173	0.00732	0.00604	0.00358	0.00889
16	0.01044	0.01143	0.09922	0.01226	0.01433	0.00891	0.01048	0.01295	0.01448	0.01952	0.03764	0.44268	0.10943	0.01917	0.01014	0.00288	0.06294	0.08831	0.00599	0.00680
17	0.01894	0.42907	0.24902	0.01562	0.02323	0.02418	0.01721	0.10580	0.01744	0.02266	0.01198	0.01358	0.00968	0.00676	0.00571	0.00187	0.00875	0.00470	0.00363	0.01017
18	0.05262	0.22463	0.07475	0.01511	0.02118	0.02214	0.01381	0.34279	0.02481	0.08966	0.01651	0.01845	0.01267	0.00826	0.00652	0.00207	0.00785	0.02935	0.00582	0.01102
19	0.01841	0.07186	0.15124	0.06399	0.02246	0.07350	0.01473	0.15177	0.02049	0.06156	0.09347	0.03010	0.05038	0.01014	0.00731	0.00224	0.00790	0.07645	0.02434	0.04767
20	0.04027	0.29332	0.13290	0.01903	0.12092	0.08266	0.01572	0.05332	0.01657	0.02126	0.01794	0.02070	0.07274	0.00834	0.00702	0.00203	0.04088	0.02099	0.00389	0.00949
21	0.35018	0.14199	0.02045	0.09381	0.06958	0.01828	0.03601	0.06595	0.01531	0.02730	0.01167	0.01411	0.00933	0.00666	0.00547	0.00201	0.00704	0.00478	0.00419	0.09588
22	0.11629	0.21799	0.08025	0.06309	0.01936	0.03915	0.01178	0.02003	0.01548	0.06402	0.07379	0.10836	0.01996	0.00942	0.00624	0.00202	0.00677	0.00745	0.03332	0.08523
23	0.06071	0.16503	0.14766	0.04501	0.02320	0.08980	0.01567	0.15239	0.06874	0.07635	0.01506	0.01641	0.01145	0.00809	0.00799	0.00218	0.07357	0.00566	0.00481	0.01023
24	0.11625	0.09241	0.08368	0.10350	0.02463	0.01840	0.03664	0.22576	0.04059	0.10515	0.04625	0.01892	0.01418	0.00801	0.00668	0.00216	0.00774	0.00626	0.00563	0.03718

[dist]
# distance from previous block
# <min> <max>
19	91

[block]
# block no. 1 follows, 28 sequences, length 18
# corresponding to MSA columns:
# 1649-1666
name=unknown_B
#
# <colnr> <probs for GDERKNQSTAVLIFYWHMCP>
#	G	D	E	R	K	N	Q	S	T	A	V	L	I	F	Y	W	H	M	C	P
0	0.01654	0.04289	0.22662	0.01904	0.10145	0.01577	0.01678	0.06429	0.12254	0.06079	0.04294	0.04604	0.10058	0.00998	0.00846	0.00234	0.05830	0.00800	0.00513	0.03153
1	0.06204	0.18236	0.20886	0.01696	0.02211	0.12190	0.01691	0.02148	0.01475	0.01990	0.01384	0.01668	0.04088	0.00891	0.01081	0.00232	0.20127	0.00559	0.00346	0.00898
2	0.14121	0.24763	0.27374	0.01574	0.02326	0.02140	0.01720	0.13645	0.01800	0.02671	0.01246	0.01404	0.00959	0.00699	0.00591	0.00204	0.00855	0.00490	0.00404	0.01014
3	0.05208	0.13406	0.20240	0.14054	0.02756	0.01859	0.01746	0.13264	0.06784	0.02601	0.01745	0.02454	0.01465	0.00896	0.00699	0.00232	0.00855	0.08294	0.00463	0.00978
4	0.15282	0.25909	0.37295	0.01614	0.02435	0.02055	0.01896	0.02233	0.01464	0.02282	0.01160	0.01356	0.00901	0.00666	0.00577	0.00206	0.00891	0.00465	0.00333	0.00979
5	0.01883	0.01900	0.11189	0.02235	0.02949	0.01504	0.34839	0.02409	0.01729	0.13642	0.03829	0.02027	0.01376	0.00685	0.00761	0.00215	0.00958	0.00738	0.00473	0.14658
6	0.01301	0.00738	0.00991	0.01061	0.01195	0.00674	0.00744	0.01455	0.01512	0.13853	0.03807	0.61468	0.04281	0.02036	0.00893	0.00283	0.00456	0.01833	0.00714	0.00704
7	0.01920	0.62061	0.03430	0.01285	0.01870	0.02689	0.01227	0.02472	0.13222	0.01943	0.01351	0.01437	0.01158	0.00686	0.00514	0.00171	0.00742	0.00464	0.00386	0.00971
8	0.01356	0.00938	0.01036	0.00947	0.01049	0.00976	0.00605	0.12682	0.01470	0.01964	0.02195	0.04230	0.02397	0.61580	0.03180	0.00620	0.00721	0.00987	0.00491	0.00580
9	0.01519	0.03375	0.58607	0.01968	0.02926	0.01709	0.02417	0.02575	0.13270	0.02431	0.01594	0.01741	0.01148	0.00742	0.00699	0.00233	0.00987	0.00587	0.00383	0.01088
10	0.03261	0.01237	0.01687	0.01293	0.01856	0.01068	0.01068	0.03543	0.02081	0.70423	0.02868	0.02474	0.01799	0.00900	0.00731	0.00225	0.00619	0.00731	0.00900	0.01237
11	0.01598	0.24303	0.51373	0.01833	0.02776	0.02031	0.02269	0.02266	0.01518	0.02131	0.01220	0.01428	0.00924	0.00671	0.00626	0.00209	0.00989	0.00494	0.00308	0.01033
12	0.16955	0.15902	0.45103	0.01705	0.02576	0.01887	0.02056	0.02247	0.01466	0.02386	0.01195	0.01400	0.00897	0.00675	0.00603	0.00216	0.00921	0.00483	0.00336	0.00993
13	0.42897	0.01479	0.02011	0.01565	0.02076	0.01536	0.19913	0.02081	0.01490	0.02895	0.09340	0.01933	0.01621	0.00745	0.00621	0.00224	0.00725	0.00639	0.00467	0.05740
14	0.01459	0.02539	0.38388	0.02100	0.10565	0.01416	0.06112	0.01964	0.01467	0.02139	0.04453	0.01904	0.01307	0.01072	0.01130	0.15732	0.00914	0.00620	0.00347	0.04373
15	0.01599	0.05961	0.08624	0.01837	0.18034	0.01272	0.01249	0.06052	0.01673	0.02642	0.01895	0.02212	0.01497	0.00770	0.00589	0.00189	0.00597	0.00637	0.41787	0.00884
16	0.07313	0.16824	0.09540	0.01837	0.06476	0.23512	0.06254	0.02529	0.05899	0.04191	0.03010	0.01612	0.01211	0.00719	0.00631	0.00194	0.00953	0.00542	0.00411	0.06343
17	0.01731	0.24037	0.33580	0.01617	0.02378	0.01892	0.01834	0.02371	0.05791	0.07864	0.06635	0.02077	0.01625	0.00807	0.00653	0.00212	0.00851	0.02603	0.00432	0.01009

[dist]
# distance from previous block
# <min> <max>
23	98

[block]
# block no. 2 follows, 28 sequences, length 19
# corresponding to MSA columns:
# 1768-1786
name=unknown_C
#
# <colnr> <probs for GDERKNQSTAVLIFYWHMCP>
#	G	D	E	R	K	N	Q	S	T	A	V	L	I	F	Y	W	H	M	C	P
0	0.01794	0.16347	0.30196	0.06397	0.10373	0.07654	0.01970	0.05984	0.01732	0.04492	0.05390	0.01777	0.01354	0.00744	0.00664	0.00211	0.00934	0.00582	0.00393	0.01012
1	0.25943	0.15116	0.23660	0.01780	0.08422	0.09657	0.01663	0.02289	0.01502	0.02446	0.01149	0.01361	0.00904	0.00676	0.00576	0.00210	0.00871	0.00469	0.00364	0.00942
2	0.04293	0.05502	0.41890	0.04482	0.05126	0.01888	0.02165	0.20906	0.02063	0.02949	0.01413	0.01594	0.01017	0.00740	0.00688	0.00224	0.00959	0.00569	0.00434	0.01100
3	0.01719	0.08712	0.53950	0.01942	0.02898	0.01873	0.02355	0.13524	0.01855	0.02651	0.01359	0.01544	0.00976	0.00717	0.00680	0.00223	0.01005	0.00546	0.00380	0.01092
4	0.00897	0.00642	0.00854	0.01004	0.01057	0.00598	0.00676	0.01042	0.01447	0.01943	0.09439	0.68296	0.04978	0.02212	0.00922	0.00290	0.00415	0.02004	0.00685	0.00598
5	0.01458	0.03760	0.70688	0.02072	0.03146	0.01688	0.02686	0.02302	0.01535	0.02302	0.01304	0.01535	0.00921	0.00691	0.00691	0.00230	0.01074	0.00537	0.00307	0.01074
6	0.01512	0.11644	0.63275	0.01980	0.03004	0.01820	0.02526	0.02288	0.01528	0.02236	0.01272	0.01494	0.00922	0.00683	0.00666	0.00222	0.01041	0.00521	0.00307	0.01059
7	0.79588	0.01406	0.01068	0.00956	0.01406	0.01631	0.00787	0.02137	0.01237	0.03261	0.01012	0.01181	0.00787	0.00675	0.00450	0.00225	0.00562	0.00394	0.00450	0.00787
8	0.01458	0.03760	0.70688	0.02072	0.03146	0.01688	0.02686	0.02302	0.01535	0.02302	0.01304	0.01535	0.00921	0.00691	0.00691	0.00230	0.01074	0.00537	0.00307	0.01074
9	0.00967	0.00706	0.00910	0.00932	0.01067	0.00648	0.00671	0.01225	0.01803	0.02484	0.42620	0.28324	0.11381	0.01778	0.00881	0.00252	0.00371	0.01582	0.00748	0.00648
10	0.02276	0.01794	0.01907	0.01574	0.02069	0.02027	0.01264	0.35055	0.36651	0.03796	0.02364	0.02238	0.01737	0.00931	0.00734	0.00233	0.00685	0.00740	0.00734	0.01193
11	0.01943	0.74891	0.03809	0.01244	0.01866	0.02876	0.01244	0.02177	0.01477	0.01710	0.01011	0.01166	0.00933	0.00622	0.00466	0.00155	0.00777	0.00389	0.00311	0.00933
12	0.23428	0.03098	0.51111	0.01758	0.02657	0.01672	0.02152	0.02256	0.01451	0.02572	0.01222	0.01435	0.00883	0.00686	0.00623	0.00229	0.00930	0.00497	0.00347	0.00994
13	0.10630	0.62221	0.03375	0.01215	0.01814	0.02627	0.01182	0.02256	0.01487	0.06104	0.01125	0.01248	0.00970	0.00645	0.00481	0.00167	0.00744	0.00410	0.00363	0.00935
14	0.01653	0.32361	0.43796	0.01739	0.02631	0.02166	0.02106	0.02252	0.01511	0.02064	0.01186	0.01386	0.00926	0.00663	0.00600	0.00200	0.00955	0.00477	0.00309	0.01017
15	0.02185	0.01551	0.02023	0.06590	0.21421	0.07142	0.01436	0.02655	0.06762	0.22648	0.07897	0.02323	0.01888	0.00823	0.00712	0.00209	0.00731	0.00705	0.00594	0.09706
16	0.01420	0.01340	0.02266	0.65143	0.12201	0.01627	0.02042	0.01899	0.01476	0.01915	0.01300	0.01923	0.00989	0.00718	0.00726	0.00239	0.00957	0.00646	0.00327	0.00846
17	0.01507	0.01292	0.01507	0.01077	0.01723	0.00969	0.00861	0.01830	0.01507	0.02369	0.01292	0.01507	0.01077	0.00538	0.00538	0.00108	0.00538	0.00431	0.00431	0.78898
18	0.07223	0.03586	0.65550	0.01989	0.03018	0.01684	0.02546	0.02290	0.01513	0.02373	0.01283	0.01509	0.00911	0.00689	0.00673	0.00230	0.01036	0.00527	0.00317	0.01053

[dist]
# distance from previous block
# <min> <max>
0	3

[block]
# block no. 3 follows, 28 sequences, length 36
# corresponding to MSA columns:
# 1790-1808,1880-1896
name=unknown_D
#
# <colnr> <probs for GDERKNQSTAVLIFYWHMCP>
#	G	D	E	R	K	N	Q	S	T	A	V	L	I	F	Y	W	H	M	C	P
0	0.01534	0.01332	0.01640	0.01388	0.08002	0.01039	0.00987	0.01867	0.01521	0.02369	0.01299	0.01534	0.01084	0.00548	0.00555	0.00118	0.00568	0.00451	0.00424	0.71739
1	0.01539	0.01449	0.02396	0.41501	0.28113	0.01596	0.01989	0.01989	0.01531	0.02091	0.01319	0.01848	0.01045	0.00681	0.00707	0.00220	0.00891	0.00627	0.00346	0.08121
2	0.01658	0.01287	0.01523	0.01095	0.01734	0.00978	0.00879	0.01978	0.01557	0.08229	0.01428	0.01591	0.01139	0.00569	0.00555	0.00118	0.00545	0.00457	0.00471	0.72210
3	0.01021	0.00743	0.00961	0.00906	0.01081	0.00683	0.00680	0.01357	0.02040	0.02872	0.66741	0.05500	0.09681	0.01502	0.00857	0.00229	0.00344	0.01324	0.00795	0.00683
4	0.01355	0.00678	0.00678	0.00678	0.00847	0.00678	0.00508	0.01694	0.01524	0.02710	0.02371	0.02710	0.01863	0.00847	0.00508	0.00169	0.00339	0.00678	0.78489	0.00678
5	0.01373	0.01292	0.02180	0.72707	0.05006	0.01615	0.02019	0.01857	0.01453	0.01857	0.01292	0.01938	0.00969	0.00727	0.00727	0.00242	0.00969	0.00646	0.00323	0.00807
6	0.01057	0.00705	0.00793	0.00793	0.00793	0.00705	0.00440	0.01057	0.01057	0.01409	0.02290	0.04757	0.02643	0.74454	0.03700	0.00705	0.00705	0.01057	0.00440	0.00440
7	0.01043	0.00760	0.01072	0.01072	0.01169	0.00857	0.00789	0.01236	0.01140	0.01616	0.02035	0.03341	0.02028	0.23080	0.54234	0.01050	0.01630	0.00850	0.00402	0.00596
8	0.02396	0.02448	0.02034	0.01739	0.02189	0.29662	0.03676	0.18791	0.23990	0.02885	0.01882	0.01894	0.01431	0.00851	0.00707	0.00216	0.00945	0.00642	0.00578	0.01043
9	0.01373	0.01292	0.02180	0.72707	0.05006	0.01615	0.02019	0.01857	0.01453	0.01857	0.01292	0.01938	0.00969	0.00727	0.00727	0.00242	0.00969	0.00646	0.00323	0.00807
10	0.72511	0.01595	0.01160	0.01040	0.01483	0.08067	0.00844	0.02207	0.01313	0.03125	0.01022	0.01193	0.00801	0.00682	0.00469	0.00221	0.00631	0.00400	0.00443	0.00792
11	0.01760	0.01807	0.03827	0.02756	0.03430	0.01693	0.57828	0.02331	0.01716	0.05761	0.01623	0.02055	0.01208	0.00649	0.00819	0.00237	0.01114	0.00835	0.07587	0.00965
12	0.01355	0.00678	0.00678	0.00678	0.00847	0.00678	0.00508	0.01694	0.01524	0.02710	0.02371	0.02710	0.01863	0.00847	0.00508	0.00169	0.00339	0.00678	0.78489	0.00678
13	0.01808	0.01561	0.01644	0.01479	0.01890	0.01808	0.01151	0.03863	0.68606	0.03041	0.02959	0.02712	0.02219	0.00986	0.00740	0.00247	0.00575	0.00822	0.00740	0.01151
14	0.01263	0.00631	0.00947	0.00947	0.00947	0.00631	0.00631	0.00947	0.00947	0.01263	0.01263	0.02210	0.01263	0.02525	0.02841	0.78851	0.00631	0.00631	0.00316	0.00316
15	0.79588	0.01406	0.01068	0.00956	0.01406	0.01631	0.00787	0.02137	0.01237	0.03261	0.01012	0.01181	0.00787	0.00675	0.00450	0.00225	0.00562	0.00394	0.00450	0.00787
16	0.01599	0.00985	0.01259	0.01188	0.01469	0.00952	0.00980	0.08345	0.02022	0.13654	0.22563	0.05726	0.10292	0.01551	0.00877	0.00267	0.00553	0.24151	0.00750	0.00817
17	0.02759	0.02168	0.02170	0.01691	0.02254	0.08633	0.01384	0.61549	0.03293	0.04323	0.01688	0.01705	0.01209	0.00861	0.00721	0.00215	0.00847	0.00637	0.00695	0.01200
18	0.01355	0.00678	0.00678	0.00678	0.00847	0.00678	0.00508	0.01694	0.01524	0.02710	0.02371	0.02710	0.01863	0.00847	0.00508	0.00169	0.00339	0.00678	0.78489	0.00678
19	0.01373	0.01292	0.02180	0.72707	0.05006	0.01615	0.02019	0.01857	0.01453	0.01857	0.01292	0.01938	0.00969	0.00727	0.00727	0.00242	0.00969	0.00646	0.00323	0.00807
20	0.01057	0.00705	0.00793	0.00793	0.00793	0.00705	0.00440	0.01057	0.01057	0.01409	0.02290	0.04757	0.02643	0.74454	0.03700	0.00705	0.00705	0.01057	0.00440	0.00440
21	0.00893	0.00639	0.00850	0.01007	0.01056	0.00596	0.00675	0.01032	0.01428	0.01914	0.07604	0.70216	0.04920	0.02234	0.00924	0.00292	0.00417	0.02025	0.00682	0.00596
22	0.01590	0.01590	0.02226	0.01908	0.01908	0.02226	0.01590	0.01749	0.01113	0.01749	0.00954	0.01590	0.00954	0.01272	0.02385	0.00318	0.73123	0.00636	0.00318	0.00795
23	0.01507	0.01292	0.01507	0.01077	0.01723	0.00969	0.00861	0.01830	0.01507	0.02369	0.01292	0.01507	0.01077	0.00538	0.00538	0.00108	0.00538	0.00431	0.00431	0.78898
24	0.79588	0.01406	0.01068	0.00956	0.01406	0.01631	0.00787	0.02137	0.01237	0.03261	0.01012	0.01181	0.00787	0.00675	0.00450	0.00225	0.00562	0.00394	0.00450	0.00787
25	0.01096	0.00814	0.01030	0.00963	0.01155	0.00783	0.00726	0.01586	0.07788	0.02926	0.63803	0.05196	0.06459	0.01443	0.00847	0.00230	0.00363	0.01272	0.00795	0.00726
26	0.01808	0.01561	0.01644	0.01479	0.01890	0.01808	0.01151	0.03863	0.68606	0.03041	0.02959	0.02712	0.02219	0.00986	0.00740	0.00247	0.00575	0.00822	0.00740	0.01151
27	0.01943	0.74891	0.03809	0.01244	0.01866	0.02876	0.01244	0.02177	0.01477	0.01710	0.01011	0.01166	0.00933	0.00622	0.00466	0.00155	0.00777	0.00389	0.00311	0.00933
28	0.01799	0.01727	0.02950	0.04462	0.69919	0.01727	0.02231	0.02231	0.01655	0.02375	0.01367	0.01799	0.01151	0.00648	0.00720	0.00216	0.00864	0.00648	0.00360	0.01151
29	0.79588	0.01406	0.01068	0.00956	0.01406	0.01631	0.00787	0.02137	0.01237	0.03261	0.01012	0.01181	0.00787	0.00675	0.00450	0.00225	0.00562	0.00394	0.00450	0.00787
30	0.02715	0.03464	0.02060	0.01873	0.02247	0.71536	0.01404	0.02903	0.02060	0.01779	0.01124	0.01311	0.00936	0.00749	0.00655	0.00187	0.01311	0.00468	0.00375	0.00843
31	0.01038	0.00779	0.01168	0.01168	0.01298	0.00909	0.00909	0.01298	0.01168	0.01687	0.01947	0.02856	0.01817	0.05452	0.71573	0.01168	0.01947	0.00779	0.00389	0.00649
32	0.01906	0.01682	0.01694	0.01510	0.01928	0.05311	0.01176	0.07308	0.61707	0.03062	0.02800	0.02589	0.02101	0.00968	0.00735	0.00242	0.00624	0.00795	0.00721	0.01140
33	0.01171	0.00837	0.01171	0.01339	0.01506	0.00837	0.01171	0.01506	0.01673	0.02175	0.03849	0.08199	0.04183	0.02008	0.01004	0.00335	0.00669	0.65027	0.00669	0.00669
34	0.01057	0.00705	0.00793	0.00793	0.00793	0.00705	0.00440	0.01057	0.01057	0.01409	0.02290	0.04757	0.02643	0.74454	0.03700	0.00705	0.00705	0.01057	0.00440	0.00440
35	0.01800	0.53811	0.23629	0.01489	0.02245	0.02524	0.01671	0.02214	0.01494	0.01886	0.01098	0.01275	0.00929	0.00642	0.00533	0.00178	0.00865	0.00433	0.00310	0.00975

[dist]
# distance from previous block
# <min> <max>
0	1

[block]
# block no. 4 follows, 28 sequences, length 6
# corresponding to MSA columns:
# 1898-1903
name=unknown_E
#
# <colnr> <probs for GDERKNQSTAVLIFYWHMCP>
#	G	D	E	R	K	N	Q	S	T	A	V	L	I	F	Y	W	H	M	C	P
0	0.01015	0.00726	0.00985	0.01110	0.01222	0.00696	0.00854	0.01256	0.01618	0.02170	0.16313	0.37555	0.04972	0.02032	0.00942	0.00297	0.00495	0.24410	0.00696	0.00637
1	0.07118	0.00871	0.01003	0.00901	0.01178	0.00783	0.00689	0.01422	0.01826	0.02650	0.40552	0.04895	0.19671	0.01368	0.00781	0.00215	0.00393	0.01167	0.00692	0.11825
2	0.01373	0.01292	0.02180	0.72707	0.05006	0.01615	0.02019	0.01857	0.01453	0.01857	0.01292	0.01938	0.00969	0.00727	0.00727	0.00242	0.00969	0.00646	0.00323	0.00807
3	0.07622	0.01351	0.01553	0.01145	0.01760	0.01133	0.00926	0.07236	0.01719	0.12307	0.01531	0.01640	0.01171	0.00626	0.00574	0.00142	0.00572	0.00488	0.00522	0.55983
4	0.01024	0.00749	0.00978	0.01033	0.01189	0.00703	0.00808	0.01307	0.01780	0.02401	0.31613	0.18890	0.12939	0.01821	0.00912	0.00273	0.00454	0.19745	0.00725	0.00655
5	0.01578	0.01049	0.01288	0.01068	0.01475	0.00888	0.00827	0.01944	0.04842	0.13527	0.17896	0.13214	0.06452	0.01146	0.00723	0.00194	0.00484	0.00987	0.00653	0.29766

[dist]
# distance from previous block
# <min> <max>
4	85

[block]
# block no. 5 follows, 28 sequences, length 19
# corresponding to MSA columns:
# 2002-2020
name=unknown_F
#
# <colnr> <probs for GDERKNQSTAVLIFYWHMCP>
#	G	D	E	R	K	N	Q	S	T	A	V	L	I	F	Y	W	H	M	C	P
0	0.07130	0.08632	0.15840	0.04522	0.02005	0.01336	0.01304	0.02124	0.03973	0.10603	0.17433	0.02727	0.04825	0.00918	0.00680	0.00203	0.00652	0.00747	0.00551	0.13797
1	0.01770	0.08347	0.37454	0.01729	0.02524	0.01606	0.04371	0.06266	0.04102	0.11078	0.06837	0.02200	0.04304	0.00830	0.00702	0.00220	0.00865	0.00673	0.00480	0.03644
2	0.01708	0.09196	0.17221	0.01400	0.02070	0.05131	0.01368	0.05338	0.04737	0.05104	0.06918	0.01890	0.01574	0.00719	0.00623	0.00170	0.00724	0.00564	0.00465	0.33082
3	0.01702	0.01102	0.01352	0.01118	0.01537	0.00968	0.00870	0.02186	0.09054	0.16055	0.18015	0.11631	0.03149	0.01093	0.00721	0.00197	0.00499	0.00940	0.00674	0.27138
4	0.01320	0.04079	0.04668	0.01073	0.01463	0.00926	0.00892	0.01655	0.01762	0.05187	0.31045	0.09744	0.04008	0.01171	0.00737	0.00196	0.00487	0.03108	0.00626	0.25850
5	0.04603	0.01208	0.01312	0.01152	0.01481	0.04509	0.00896	0.06979	0.12175	0.11283	0.26810	0.04033	0.09611	0.04158	0.00893	0.00246	0.00538	0.02992	0.00718	0.04402
6	0.01458	0.03760	0.70688	0.02072	0.03146	0.01688	0.02686	0.02302	0.01535	0.02302	0.01304	0.01535	0.00921	0.00691	0.00691	0.00230	0.01074	0.00537	0.00307	0.01074
7	0.02758	0.02195	0.02168	0.01695	0.02253	0.09960	0.01384	0.60311	0.03267	0.04269	0.01676	0.01697	0.01203	0.00859	0.00719	0.00215	0.00857	0.00634	0.00688	0.01192
8	0.03168	0.01240	0.01677	0.01282	0.01849	0.01063	0.01057	0.03451	0.02050	0.66793	0.02784	0.02423	0.01761	0.00880	0.00721	0.00219	0.00614	0.00715	0.00875	0.05380
9	0.01263	0.00631	0.00947	0.00947	0.00947	0.00631	0.00631	0.00947	0.00947	0.01263	0.01263	0.02210	0.01263	0.02525	0.02841	0.78851	0.00631	0.00631	0.00316	0.00316
10	0.01458	0.03760	0.70688	0.02072	0.03146	0.01688	0.02686	0.02302	0.01535	0.02302	0.01304	0.01535	0.00921	0.00691	0.00691	0.00230	0.01074	0.00537	0.00307	0.01074
11	0.01373	0.01292	0.02180	0.72707	0.05006	0.01615	0.02019	0.01857	0.01453	0.01857	0.01292	0.01938	0.00969	0.00727	0.00727	0.00242	0.00969	0.00646	0.00323	0.00807
12	0.79588	0.01406	0.01068	0.00956	0.01406	0.01631	0.00787	0.02137	0.01237	0.03261	0.01012	0.01181	0.00787	0.00675	0.00450	0.00225	0.00562	0.00394	0.00450	0.00787
13	0.00886	0.00633	0.00843	0.01012	0.01054	0.00590	0.00675	0.01012	0.01392	0.01856	0.04006	0.73979	0.04808	0.02277	0.00928	0.00295	0.00422	0.02066	0.00675	0.00590
14	0.01373	0.01292	0.02180	0.72707	0.05006	0.01615	0.02019	0.01857	0.01453	0.01857	0.01292	0.01938	0.00969	0.00727	0.00727	0.00242	0.00969	0.00646	0.00323	0.00807
15	0.01740	0.01591	0.01953	0.01688	0.01996	0.01931	0.04777	0.03167	0.45436	0.02627	0.02297	0.02346	0.01792	0.01050	0.01225	0.00267	0.21712	0.00770	0.00597	0.01038
16	0.03261	0.01237	0.01687	0.01293	0.01856	0.01068	0.01068	0.03543	0.02081	0.70423	0.02868	0.02474	0.01799	0.00900	0.00731	0.00225	0.00619	0.00731	0.00900	0.01237
17	0.01799	0.01727	0.02950	0.04462	0.69919	0.01727	0.02231	0.02231	0.01655	0.02375	0.01367	0.01799	0.01151	0.00648	0.00720	0.00216	0.00864	0.00648	0.00360	0.01151
18	0.01458	0.03760	0.70688	0.02072	0.03146	0.01688	0.02686	0.02302	0.01535	0.02302	0.01304	0.01535	0.00921	0.00691	0.00691	0.00230	0.01074	0.00537	0.00307	0.01074

[dist]
# distance from previous block
# <min> <max>
0	18

[block]
# block no. 6 follows, 28 sequences, length 31
# corresponding to MSA columns:
# 2053-2076,2078-2084
name=unknown_G
#
# <colnr> <probs for GDERKNQSTAVLIFYWHMCP>
#	G	D	E	R	K	N	Q	S	T	A	V	L	I	F	Y	W	H	M	C	P
0	0.01171	0.00837	0.01171	0.01339	0.01506	0.00837	0.01171	0.01506	0.01673	0.02175	0.03849	0.08199	0.04183	0.02008	0.01004	0.00335	0.00669	0.65027	0.00669	0.00669
1	0.01091	0.00780	0.01078	0.01235	0.01371	0.00766	0.01021	0.01373	0.01619	0.02127	0.06905	0.24978	0.04467	0.02053	0.00978	0.00320	0.00591	0.45921	0.00677	0.00650
2	0.01373	0.01292	0.02180	0.72707	0.05006	0.01615	0.02019	0.01857	0.01453	0.01857	0.01292	0.01938	0.00969	0.00727	0.00727	0.00242	0.00969	0.00646	0.00323	0.00807
3	0.01686	0.01608	0.02685	0.04015	0.61662	0.01594	0.02030	0.02089	0.01655	0.02326	0.02086	0.02422	0.09353	0.00791	0.00736	0.00219	0.00804	0.00754	0.00398	0.01087
4	0.03150	0.01415	0.01797	0.01378	0.01944	0.01333	0.01138	0.17789	0.02378	0.55756	0.02618	0.02312	0.01674	0.00894	0.00730	0.00223	0.00659	0.00714	0.00861	0.01237
5	0.02297	0.02580	0.01826	0.01659	0.02025	0.42409	0.01279	0.09166	0.10994	0.02316	0.04541	0.02643	0.04836	0.00996	0.00725	0.00217	0.01019	0.07065	0.00517	0.00889
6	0.01799	0.01727	0.02950	0.04462	0.69919	0.01727	0.02231	0.02231	0.01655	0.02375	0.01367	0.01799	0.01151	0.00648	0.00720	0.00216	0.00864	0.00648	0.00360	0.01151
7	0.01373	0.01292	0.02180	0.72707	0.05006	0.01615	0.02019	0.01857	0.01453	0.01857	0.01292	0.01938	0.00969	0.00727	0.00727	0.00242	0.00969	0.00646	0.00323	0.00807
8	0.01799	0.01727	0.02950	0.04462	0.69919	0.01727	0.02231	0.02231	0.01655	0.02375	0.01367	0.01799	0.01151	0.00648	0.00720	0.00216	0.00864	0.00648	0.00360	0.01151
9	0.01458	0.03760	0.70688	0.02072	0.03146	0.01688	0.02686	0.02302	0.01535	0.02302	0.01304	0.01535	0.00921	0.00691	0.00691	0.00230	0.01074	0.00537	0.00307	0.01074
10	0.01884	0.01879	0.03465	0.02553	0.03199	0.01869	0.44879	0.13396	0.11188	0.02797	0.01804	0.02246	0.01386	0.00756	0.00825	0.00244	0.01046	0.03060	0.00489	0.01036
11	0.01943	0.74891	0.03809	0.01244	0.01866	0.02876	0.01244	0.02177	0.01477	0.01710	0.01011	0.01166	0.00933	0.00622	0.00466	0.00155	0.00777	0.00389	0.00311	0.00933
12	0.01064	0.00802	0.01022	0.01132	0.01326	0.00760	0.00959	0.01347	0.01668	0.02103	0.05053	0.07787	0.26601	0.01951	0.00954	0.00304	0.00566	0.43277	0.00671	0.00650
13	0.01943	0.74891	0.03809	0.01244	0.01866	0.02876	0.01244	0.02177	0.01477	0.01710	0.01011	0.01166	0.00933	0.00622	0.00466	0.00155	0.00777	0.00389	0.00311	0.00933
14	0.01057	0.00705	0.00793	0.00793	0.00793	0.00705	0.00440	0.01057	0.01057	0.01409	0.02290	0.04757	0.02643	0.74454	0.03700	0.00705	0.00705	0.01057	0.00440	0.00440
15	0.01514	0.11922	0.63013	0.01977	0.02999	0.01824	0.02520	0.02288	0.01528	0.02234	0.01271	0.01492	0.00922	0.00683	0.00665	0.00222	0.01040	0.00520	0.00307	0.01058
16	0.01592	0.23462	0.52163	0.01842	0.02791	0.02017	0.02286	0.02267	0.01519	0.02138	0.01223	0.01433	0.00924	0.00672	0.00629	0.00210	0.00992	0.00496	0.00308	0.01035
17	0.01799	0.01727	0.02950	0.04462	0.69919	0.01727	0.02231	0.02231	0.01655	0.02375	0.01367	0.01799	0.01151	0.00648	0.00720	0.00216	0.00864	0.00648	0.00360	0.01151
18	0.01799	0.01727	0.02950	0.04462	0.69919	0.01727	0.02231	0.02231	0.01655	0.02375	0.01367	0.01799	0.01151	0.00648	0.00720	0.00216	0.00864	0.00648	0.00360	0.01151
19	0.01137	0.00812	0.01132	0.01300	0.01452	0.00807	0.01112	0.01447	0.01640	0.02137	0.03868	0.16079	0.04258	0.02040	0.00995	0.00330	0.00640	0.57485	0.00670	0.00660
20	0.02540	0.03172	0.02086	0.01878	0.02194	0.60723	0.01433	0.02723	0.01912	0.01774	0.01097	0.01354	0.00939	0.00831	0.00925	0.00208	0.12514	0.00494	0.00366	0.00835
21	0.00886	0.00633	0.00843	0.01012	0.01054	0.00590	0.00675	0.01012	0.01392	0.01856	0.04006	0.73979	0.04808	0.02277	0.00928	0.00295	0.00422	0.02066	0.00675	0.00590
22	0.05793	0.01906	0.02017	0.01600	0.02139	0.02130	0.01306	0.50840	0.17566	0.04189	0.01979	0.01933	0.01432	0.00889	0.00718	0.00225	0.00741	0.00680	0.00718	0.01199
23	0.07258	0.00712	0.00873	0.00985	0.01084	0.00687	0.00680	0.01147	0.01469	0.02100	0.11747	0.57234	0.07297	0.02036	0.00878	0.00280	0.00422	0.01820	0.00672	0.00619
24	0.37889	0.01507	0.01474	0.01214	0.01716	0.01630	0.00991	0.14596	0.10209	0.13524	0.01693	0.01698	0.01225	0.00773	0.00587	0.00217	0.00614	0.00549	0.00603	0.07292
25	0.10988	0.01717	0.03166	0.02284	0.02962	0.01583	0.41699	0.02173	0.01603	0.02451	0.01368	0.01747	0.01058	0.00600	0.00724	0.00206	0.00964	0.00689	0.00394	0.21622
26	0.01681	0.43599	0.24540	0.01465	0.02176	0.02240	0.01631	0.02120	0.01565	0.02041	0.09311	0.01793	0.01639	0.00747	0.00584	0.00188	0.00819	0.00546	0.00368	0.00948
27	0.01443	0.08672	0.57379	0.01872	0.02804	0.01656	0.02339	0.02181	0.01593	0.02332	0.09456	0.01974	0.01633	0.00781	0.00694	0.00224	0.00965	0.00619	0.00366	0.01017
28	0.01010	0.00783	0.01009	0.01073	0.01136	0.00822	0.00765	0.01141	0.01357	0.01808	0.03777	0.42774	0.11785	0.12962	0.01516	0.00356	0.09182	0.05547	0.00596	0.00600
29	0.01770	0.49444	0.27735	0.01540	0.02324	0.02451	0.01760	0.02221	0.01498	0.01922	0.01116	0.01298	0.00929	0.00646	0.00547	0.00182	0.00884	0.00442	0.00310	0.00983
30	0.01629	0.01537	0.02533	0.25727	0.41138	0.01601	0.01999	0.02064	0.01573	0.02210	0.01334	0.01808	0.01085	0.00660	0.00700	0.00211	0.00858	0.00621	0.00357	0.10355

[dist]
# distance from previous block
# <min> <max>
1	4

[block]
# block no. 7 follows, 28 sequences, length 11
# corresponding to MSA columns:
# 2089-2099
name=unknown_H
#
# <colnr> <probs for GDERKNQSTAVLIFYWHMCP>
#	G	D	E	R	K	N	Q	S	T	A	V	L	I	F	Y	W	H	M	C	P
0	0.22932	0.09798	0.01784	0.01233	0.01772	0.10260	0.01017	0.06065	0.01707	0.14339	0.01463	0.01538	0.01100	0.00692	0.00565	0.00181	0.00696	0.00485	0.00513	0.21862
1	0.01038	0.00779	0.01168	0.01168	0.01298	0.00909	0.00909	0.01298	0.01168	0.01687	0.01947	0.02856	0.01817	0.05452	0.71573	0.01168	0.01947	0.00779	0.00389	0.00649
2	0.01331	0.00839	0.01236	0.01185	0.01371	0.00930	0.00930	0.01593	0.01288	0.10724	0.02068	0.02805	0.01815	0.04853	0.62259	0.01044	0.01772	0.00773	0.00456	0.00726
3	0.08531	0.01208	0.01345	0.01211	0.01547	0.04214	0.00931	0.02569	0.15983	0.21934	0.12356	0.19357	0.03178	0.01295	0.00769	0.00245	0.00550	0.01102	0.00738	0.00935
4	0.01749	0.01415	0.02346	0.42858	0.24053	0.01577	0.01957	0.02191	0.01596	0.11027	0.01522	0.01967	0.01133	0.00726	0.00725	0.00232	0.00891	0.00658	0.00410	0.00967
5	0.16307	0.12895	0.13936	0.01301	0.01919	0.01511	0.01269	0.02457	0.01663	0.21295	0.07420	0.02000	0.01664	0.00783	0.00618	0.00201	0.00679	0.00594	0.00555	0.10932
6	0.02046	0.01368	0.01838	0.24733	0.02858	0.01456	0.01379	0.15498	0.04527	0.17509	0.10759	0.02466	0.02032	0.00887	0.00729	0.00221	0.00726	0.00742	0.00617	0.07610
7	0.26783	0.01554	0.01585	0.01283	0.01788	0.01646	0.01050	0.26784	0.02174	0.06775	0.01698	0.05286	0.01401	0.00876	0.00631	0.00212	0.00649	0.03577	0.00594	0.13652
8	0.10850	0.01858	0.12863	0.01381	0.02050	0.01450	0.01288	0.16262	0.01967	0.11881	0.01567	0.01653	0.01148	0.00698	0.00619	0.00180	0.00695	0.00531	0.00538	0.30522
9	0.06369	0.05450	0.20202	0.01509	0.02198	0.04553	0.01500	0.18502	0.02033	0.05494	0.01874	0.01967	0.06045	0.00792	0.00654	0.00195	0.00782	0.00604	0.00501	0.18775
10	0.01831	0.04248	0.01814	0.01308	0.01864	0.01210	0.05854	0.08908	0.01822	0.11793	0.05686	0.07906	0.01827	0.00829	0.00656	0.00170	0.00616	0.00711	0.00557	0.40391

[dist]
# distance from previous block
# <min> <max>
40	116

[block]
# block no. 8 follows, 28 sequences, length 11
# corresponding to MSA columns:
# 2243-2253
name=unknown_I
#
# <colnr> <probs for GDERKNQSTAVLIFYWHMCP>
#	G	D	E	R	K	N	Q	S	T	A	V	L	I	F	Y	W	H	M	C	P
0	0.01253	0.01196	0.04980	0.31632	0.02924	0.01277	0.01433	0.01552	0.01384	0.01849	0.02218	0.20933	0.02324	0.10936	0.01346	0.00332	0.07565	0.03689	0.00451	0.00725
1	0.01829	0.02173	0.20287	0.01628	0.02329	0.01584	0.04743	0.17538	0.08315	0.02985	0.05370	0.01963	0.01528	0.00776	0.00688	0.00199	0.00779	0.00628	0.00523	0.24137
2	0.01997	0.01907	0.08920	0.14870	0.02617	0.10724	0.01485	0.15839	0.01978	0.08595	0.01656	0.01989	0.01284	0.01644	0.13755	0.00391	0.01107	0.00634	0.00496	0.08111
3	0.12193	0.12255	0.05888	0.01556	0.01840	0.01996	0.01355	0.02134	0.10106	0.02168	0.01412	0.01821	0.01232	0.01582	0.10452	0.00382	0.29733	0.00614	0.00409	0.00872
4	0.01456	0.01695	0.11212	0.49184	0.04157	0.01758	0.02029	0.01913	0.01415	0.01921	0.01256	0.01855	0.00988	0.00849	0.01060	0.00261	0.15166	0.00639	0.00330	0.00855
5	0.01611	0.01816	0.14755	0.02019	0.10963	0.01572	0.01668	0.10308	0.01813	0.02548	0.08533	0.03723	0.02430	0.01255	0.01140	0.00276	0.15000	0.17126	0.00521	0.00923
6	0.01702	0.01709	0.08490	0.19515	0.11732	0.01531	0.01609	0.10410	0.01763	0.02520	0.01376	0.01730	0.01088	0.00708	0.00738	0.00196	0.03811	0.00570	0.00426	0.28375
7	0.19082	0.16699	0.10513	0.02051	0.11085	0.02068	0.08329	0.02128	0.01416	0.02311	0.01157	0.01513	0.00978	0.00807	0.00998	0.00238	0.16771	0.00554	0.00366	0.00934
8	0.01490	0.00984	0.01331	0.01225	0.01451	0.01087	0.00960	0.10044	0.01546	0.09100	0.02034	0.02778	0.01786	0.08199	0.51432	0.00923	0.01594	0.00773	0.00488	0.00774
9	0.01352	0.01595	0.16624	0.01407	0.01807	0.01231	0.01339	0.10056	0.01630	0.02322	0.08717	0.02685	0.02062	0.03404	0.39541	0.00742	0.01442	0.00764	0.00457	0.00822
10	0.01858	0.18627	0.24529	0.01584	0.02330	0.08120	0.01652	0.10616	0.01805	0.02434	0.01277	0.01454	0.01002	0.00668	0.00607	0.00179	0.00867	0.00488	0.00397	0.19505

[dist]
# distance from previous block
# <min> <max>
2	32

[block]
# block no. 9 follows, 28 sequences, length 12
# corresponding to MSA columns:
# 2286-2297
name=unknown_J
#
# <colnr> <probs for GDERKNQSTAVLIFYWHMCP>
#	G	D	E	R	K	N	Q	S	T	A	V	L	I	F	Y	W	H	M	C	P
0	0.01402	0.01259	0.01832	0.22582	0.08628	0.01476	0.01445	0.01931	0.08623	0.02286	0.18294	0.05314	0.02702	0.01087	0.01082	0.00249	0.14743	0.00869	0.00503	0.03694
1	0.01630	0.01526	0.05311	0.08785	0.12022	0.03345	0.01318	0.10507	0.01862	0.02634	0.10942	0.06695	0.02117	0.00871	0.00688	0.00188	0.00679	0.00744	0.00507	0.27630
2	0.01331	0.01216	0.01962	0.39373	0.12697	0.01433	0.01679	0.01691	0.01436	0.01919	0.01940	0.19612	0.01937	0.01146	0.00923	0.00258	0.07239	0.00995	0.00414	0.00800
3	0.01823	0.01336	0.01567	0.01204	0.01779	0.01155	0.00970	0.05685	0.10824	0.11395	0.01877	0.02151	0.01493	0.00739	0.00624	0.00159	0.00574	0.03837	0.00561	0.50247
4	0.02271	0.01460	0.01877	0.01846	0.12017	0.01520	0.01284	0.13935	0.15680	0.22643	0.11719	0.02669	0.02360	0.00975	0.00826	0.00232	0.04061	0.00801	0.00716	0.01108
5	0.01480	0.01358	0.02048	0.55183	0.04240	0.01662	0.01805	0.02351	0.17975	0.02148	0.01702	0.02128	0.01277	0.00791	0.00730	0.00243	0.00872	0.00689	0.00426	0.00892
6	0.01544	0.03219	0.53701	0.01926	0.02837	0.01718	0.02308	0.02686	0.18036	0.02484	0.01711	0.01824	0.01240	0.00763	0.00703	0.00234	0.00952	0.00607	0.00413	0.01093
7	0.00994	0.00716	0.00940	0.00939	0.01078	0.00662	0.00683	0.01283	0.01894	0.02654	0.53414	0.22295	0.06354	0.01681	0.00875	0.00245	0.00362	0.01500	0.00769	0.00662
8	0.01019	0.00873	0.00926	0.00820	0.01164	0.00701	0.00628	0.01237	0.01620	0.02063	0.05870	0.05645	0.52760	0.01520	0.00780	0.00212	0.00410	0.01263	0.00615	0.19873
9	0.01140	0.00873	0.01097	0.00959	0.01241	0.00751	0.00729	0.01467	0.01890	0.02729	0.49575	0.07782	0.05337	0.01291	0.00782	0.00202	0.00395	0.01133	0.00703	0.19923
10	0.01595	0.02806	0.35492	0.02598	0.03492	0.01768	0.36925	0.02316	0.01631	0.02316	0.01393	0.01761	0.01017	0.00649	0.00779	0.00238	0.01154	0.00707	0.00339	0.01025
11	0.01546	0.01475	0.02462	0.41792	0.28146	0.01710	0.02057	0.01982	0.01496	0.02034	0.01289	0.01857	0.01033	0.00747	0.00872	0.00239	0.07350	0.00646	0.00336	0.00930

[dist]
# distance from previous block
# <min> <max>
1	49

[block]
# block no. 10 follows, 28 sequences, length 14
# corresponding to MSA columns:
# 2347-2360
name=unknown_K
#
# <colnr> <probs for GDERKNQSTAVLIFYWHMCP>
#	G	D	E	R	K	N	Q	S	T	A	V	L	I	F	Y	W	H	M	C	P
0	0.01883	0.66111	0.12065	0.01346	0.02024	0.02730	0.01422	0.02192	0.01484	0.01783	0.01047	0.01212	0.00931	0.00630	0.00494	0.00165	0.00814	0.00407	0.00310	0.00950
1	0.01532	0.07960	0.57960	0.01947	0.02911	0.01778	0.02406	0.02487	0.09810	0.02356	0.01490	0.01657	0.01082	0.00723	0.00683	0.00228	0.00994	0.00563	0.00361	0.01075
2	0.01263	0.00631	0.00947	0.00947	0.00947	0.00631	0.00631	0.00947	0.00947	0.01263	0.01263	0.02210	0.01263	0.02525	0.02841	0.78851	0.00631	0.00631	0.00316	0.00316
3	0.02832	0.02093	0.01962	0.06897	0.02309	0.21718	0.01319	0.20091	0.02380	0.28171	0.01952	0.01907	0.01340	0.00836	0.00708	0.00214	0.00892	0.00629	0.00660	0.01091
4	0.01943	0.74891	0.03809	0.01244	0.01866	0.02876	0.01244	0.02177	0.01477	0.01710	0.01011	0.01166	0.00933	0.00622	0.00466	0.00155	0.00777	0.00389	0.00311	0.00933
5	0.01507	0.01292	0.01507	0.01077	0.01723	0.00969	0.00861	0.01830	0.01507	0.02369	0.01292	0.01507	0.01077	0.00538	0.00538	0.00108	0.00538	0.00431	0.00431	0.78898
6	0.01263	0.00631	0.00947	0.00947	0.00947	0.00631	0.00631	0.00947	0.00947	0.01263	0.01263	0.02210	0.01263	0.02525	0.02841	0.78851	0.00631	0.00631	0.00316	0.00316
7	0.01171	0.00837	0.01171	0.01339	0.01506	0.00837	0.01171	0.01506	0.01673	0.02175	0.03849	0.08199	0.04183	0.02008	0.01004	0.00335	0.00669	0.65027	0.00669	0.00669
8	0.01373	0.01292	0.02180	0.72707	0.05006	0.01615	0.02019	0.01857	0.01453	0.01857	0.01292	0.01938	0.00969	0.00727	0.00727	0.00242	0.00969	0.00646	0.00323	0.00807
9	0.02297	0.01761	0.02294	0.13058	0.15442	0.01963	0.01636	0.34094	0.02467	0.08508	0.01616	0.01826	0.01196	0.00847	0.00880	0.00231	0.07544	0.00656	0.00571	0.01114
10	0.01816	0.01850	0.07800	0.03474	0.46853	0.01712	0.01974	0.06725	0.10016	0.02597	0.01578	0.01866	0.01266	0.00699	0.00707	0.00213	0.00816	0.00645	0.00432	0.06961
11	0.08218	0.01893	0.02202	0.01725	0.02223	0.02143	0.05705	0.45328	0.07832	0.03866	0.01667	0.01772	0.01234	0.00899	0.00921	0.00235	0.09721	0.00659	0.00633	0.01125
12	0.16362	0.01218	0.01344	0.01051	0.01574	0.01056	0.00845	0.01933	0.01568	0.07767	0.08702	0.02344	0.04143	0.00785	0.00596	0.00164	0.00527	0.02802	0.00525	0.44694
13	0.22701	0.01586	0.01751	0.20191	0.02659	0.06034	0.01321	0.12631	0.07136	0.14720	0.01684	0.01823	0.01204	0.00788	0.00651	0.00228	0.00765	0.00598	0.00556	0.00973

[dist]
# distance from previous block
# <min> <max>
2	18

[block]
# block no. 11 follows, 28 sequences, length 11
# corresponding to MSA columns:
# 2379-2388,2392
name=unknown_L
#
# <colnr> <probs for GDERKNQSTAVLIFYWHMCP>
#	G	D	E	R	K	N	Q	S	T	A	V	L	I	F	Y	W	H	M	C	P
0	0.08570	0.01464	0.02009	0.37830	0.07307	0.01660	0.01623	0.12567	0.06158	0.02587	0.01453	0.01831	0.01101	0.00735	0.00680	0.00219	0.00822	0.00611	0.00441	0.10330
1	0.14796	0.01481	0.01855	0.22835	0.02815	0.01631	0.01385	0.17213	0.01982	0.16351	0.01650	0.01833	0.01173	0.00793	0.00731	0.00224	0.03451	0.00608	0.00558	0.06637
2	0.01568	0.20260	0.10413	0.39877	0.03708	0.01961	0.01818	0.02175	0.07689	0.01981	0.01376	0.01768	0.01070	0.00720	0.00658	0.00219	0.00896	0.00585	0.00357	0.00902
3	0.01545	0.08423	0.07408	0.41773	0.17326	0.01778	0.07583	0.02032	0.01523	0.02017	0.01297	0.01813	0.01010	0.00689	0.00710	0.00228	0.00959	0.00633	0.00332	0.00920
4	0.01611	0.08303	0.02927	0.42481	0.04220	0.01773	0.21025	0.02100	0.01561	0.05056	0.01389	0.01897	0.01042	0.00691	0.00741	0.00234	0.01011	0.00688	0.00361	0.00889
5	0.02763	0.02036	0.02182	0.01672	0.02254	0.02254	0.01382	0.67496	0.03418	0.04581	0.01745	0.01745	0.01236	0.00873	0.00727	0.00218	0.00800	0.00654	0.00727	0.01236
6	0.01040	0.00773	0.01136	0.01136	0.01255	0.00891	0.00869	0.01278	0.01159	0.01664	0.01976	0.03017	0.01887	0.11318	0.65803	0.01129	0.01841	0.00802	0.00394	0.00631
7	0.02763	0.02036	0.02182	0.01672	0.02254	0.02254	0.01382	0.67496	0.03418	0.04581	0.01745	0.01745	0.01236	0.00873	0.00727	0.00218	0.00800	0.00654	0.00727	0.01236
8	0.02755	0.02271	0.02161	0.01705	0.02253	0.13656	0.01385	0.56866	0.03194	0.04120	0.01643	0.01674	0.01187	0.00852	0.00715	0.00213	0.00884	0.00624	0.00669	0.01171
9	0.38835	0.02130	0.01625	0.01391	0.01854	0.20882	0.01109	0.19156	0.02023	0.03196	0.01231	0.01361	0.00943	0.00746	0.00577	0.00213	0.00828	0.00481	0.00501	0.00918
10	0.02698	0.02004	0.02145	0.01659	0.02229	0.02224	0.01366	0.63167	0.07852	0.04476	0.01828	0.01811	0.01303	0.00880	0.00728	0.00220	0.00785	0.00666	0.00728	0.01230

[dist]
# distance from previous block
# <min> <max>
4	25

[block]
# block no. 12 follows, 28 sequences, length 10
# corresponding to MSA columns:
# 2420-2429
name=unknown_M
#
# <colnr> <probs for GDERKNQSTAVLIFYWHMCP>
#	G	D	E	R	K	N	Q	S	T	A	V	L	I	F	Y	W	H	M	C	P
0	0.02492	0.01910	0.02186	0.09204	0.02509	0.02184	0.01471	0.53612	0.02967	0.03994	0.01614	0.01749	0.01178	0.00899	0.00902	0.00231	0.08460	0.00652	0.00641	0.01144
1	0.02763	0.02036	0.02182	0.01672	0.02254	0.02254	0.01382	0.67496	0.03418	0.04581	0.01745	0.01745	0.01236	0.00873	0.00727	0.00218	0.00800	0.00654	0.00727	0.01236
2	0.04512	0.13533	0.10533	0.23913	0.03029	0.01892	0.01640	0.17627	0.01922	0.04912	0.01465	0.01802	0.01126	0.01206	0.07591	0.00310	0.00980	0.00601	0.00446	0.00960
3	0.02657	0.01983	0.02122	0.01651	0.02214	0.02205	0.01356	0.60421	0.10665	0.04410	0.01880	0.01853	0.01345	0.00885	0.00729	0.00221	0.00775	0.00673	0.00729	0.01227
4	0.02539	0.09917	0.09593	0.01669	0.02307	0.02260	0.01505	0.53704	0.03014	0.04037	0.01621	0.01662	0.01171	0.00827	0.00696	0.00213	0.00826	0.00614	0.00639	0.01187
5	0.01554	0.01276	0.01840	0.33594	0.03175	0.01512	0.01510	0.15541	0.01773	0.02376	0.01608	0.02206	0.01311	0.02349	0.24594	0.00549	0.01263	0.00693	0.00431	0.00845
6	0.02763	0.02036	0.02182	0.01672	0.02254	0.02254	0.01382	0.67496	0.03418	0.04581	0.01745	0.01745	0.01236	0.00873	0.00727	0.00218	0.00800	0.00654	0.00727	0.01236
7	0.02013	0.01597	0.01978	0.23480	0.02933	0.01752	0.01447	0.33174	0.02405	0.03230	0.01874	0.05089	0.04086	0.00884	0.00717	0.00216	0.00785	0.00720	0.00560	0.11061
8	0.06113	0.01510	0.01704	0.01414	0.01804	0.01686	0.01135	0.38373	0.02423	0.03370	0.01809	0.02276	0.01495	0.07347	0.23575	0.00556	0.01148	0.00708	0.00585	0.00971
9	0.05167	0.12426	0.05943	0.14152	0.02467	0.01574	0.01295	0.08651	0.01720	0.07792	0.01408	0.01622	0.01088	0.00661	0.00601	0.00171	0.00715	0.00514	0.00454	0.31579

[dist]
# distance from previous block
# <min> <max>
78	285

[block]
# block no. 13 follows, 28 sequences, length 13
# corresponding to MSA columns:
# 2735-2747
name=unknown_N
#
# <colnr> <probs for GDERKNQSTAVLIFYWHMCP>
#	G	D	E	R	K	N	Q	S	T	A	V	L	I	F	Y	W	H	M	C	P
