[name]
unknown

[dist]
# distance from previous block
# <min> <max>
0	59

[block]
# block no. 0 follows, 34 sequences, length 58
# corresponding to MSA columns:
# 59-95,124-144
name=unknown_A
#
# <colnr> <probs for GDERKNQSTAVLIFYWHMCP>
#	G	D	E	R	K	N	Q	S	T	A	V	L	I	F	Y	W	H	M	C	P
0	0.01041	0.00744	0.01041	0.01190	0.01339	0.00744	0.01041	0.01339	0.01487	0.01934	0.03421	0.07288	0.03719	0.01785	0.00892	0.00297	0.00595	0.68913	0.00595	0.00595
1	0.00940	0.00626	0.00705	0.00705	0.00705	0.00626	0.00392	0.00940	0.00940	0.01253	0.02036	0.04228	0.02349	0.77292	0.03289	0.00626	0.00626	0.00940	0.00392	0.00392
2	0.01097	0.00921	0.01047	0.01091	0.06325	0.06445	0.00747	0.01373	0.01746	0.03757	0.50029	0.04477	0.15963	0.01256	0.00737	0.00202	0.00414	0.01088	0.00637	0.00650
3	0.00787	0.00579	0.00738	0.00859	0.00928	0.00530	0.00583	0.00912	0.01290	0.01689	0.05856	0.63908	0.15084	0.01945	0.00813	0.00254	0.00366	0.01745	0.00603	0.00530
4	0.02386	0.01193	0.01476	0.01187	0.01626	0.01166	0.00961	0.10689	0.16114	0.44280	0.09650	0.02437	0.02078	0.00866	0.00662	0.00203	0.00535	0.00711	0.00745	0.01034
5	0.01398	0.06141	0.65922	0.01787	0.02694	0.01579	0.02252	0.07086	0.01484	0.02174	0.01178	0.01365	0.00839	0.00623	0.00608	0.00201	0.00927	0.00480	0.00300	0.00961
6	0.00887	0.00642	0.00834	0.00951	0.01044	0.00613	0.00717	0.01058	0.01322	0.01719	0.03718	0.37308	0.12105	0.09398	0.01086	0.00305	0.00470	0.24709	0.00577	0.00538
7	0.01680	0.01683	0.04330	0.11548	0.52543	0.07318	0.01856	0.07379	0.01599	0.02169	0.01216	0.01569	0.00991	0.00607	0.00636	0.00193	0.00810	0.00561	0.00341	0.00972
8	0.01860	0.50646	0.02865	0.01281	0.01744	0.08243	0.01173	0.12774	0.01586	0.01929	0.01003	0.01173	0.00874	0.00666	0.00668	0.00166	0.09744	0.00414	0.00340	0.00850
9	0.01356	0.01223	0.01227	0.01132	0.01383	0.09521	0.00866	0.02225	0.28933	0.02389	0.29009	0.03200	0.03364	0.01492	0.09482	0.00304	0.00653	0.00856	0.00604	0.00782
10	0.00915	0.00709	0.00840	0.00804	0.00988	0.00660	0.00603	0.01282	0.06785	0.02317	0.45796	0.07116	0.25982	0.01404	0.00757	0.00211	0.00329	0.01215	0.00671	0.00618
11	0.01248	0.01163	0.01947	0.59988	0.13624	0.01384	0.01727	0.01663	0.01359	0.01788	0.06806	0.01950	0.01296	0.00689	0.00654	0.00211	0.00805	0.00621	0.00325	0.00751
12	0.00929	0.00782	0.00821	0.00789	0.01024	0.00737	0.00598	0.01397	0.13670	0.02021	0.14585	0.05380	0.51997	0.01464	0.00745	0.00216	0.00356	0.01229	0.00625	0.00636
13	0.01770	0.01334	0.01865	0.03380	0.01986	0.01253	0.11909	0.08543	0.10391	0.14536	0.01622	0.01715	0.01203	0.00650	0.00658	0.00167	0.03541	0.00561	0.00497	0.32420
14	0.01340	0.01148	0.01340	0.00957	0.01531	0.00861	0.00766	0.01627	0.01340	0.02105	0.01148	0.01340	0.00957	0.00479	0.00479	0.00096	0.00479	0.00383	0.00383	0.81242
15	0.01549	0.13023	0.18650	0.01608	0.10110	0.04270	0.01368	0.03556	0.01309	0.06995	0.01238	0.01595	0.01020	0.01066	0.01168	0.20074	0.06515	0.00515	0.03622	0.00752
16	0.01467	0.13387	0.04510	0.01784	0.12226	0.07358	0.07384	0.06132	0.01453	0.01893	0.01877	0.17165	0.04373	0.01154	0.02977	0.00239	0.10792	0.02649	0.00405	0.00774
17	0.00940	0.00626	0.00705	0.00705	0.00705	0.00626	0.00392	0.00940	0.00940	0.01253	0.02036	0.04228	0.02349	0.77292	0.03289	0.00626	0.00626	0.00940	0.00392	0.00392
18	0.03345	0.07501	0.02254	0.02182	0.17729	0.22687	0.04936	0.02003	0.01390	0.01735	0.01000	0.01366	0.00885	0.00793	0.01126	0.00214	0.27224	0.00515	0.00309	0.00806
19	0.07417	0.01036	0.01636	0.09490	0.11720	0.01088	0.09737	0.01448	0.01354	0.01958	0.09005	0.25214	0.04620	0.01295	0.02325	0.00249	0.05491	0.03758	0.00463	0.00695
20	0.01765	0.07292	0.02504	0.03122	0.48954	0.10227	0.03400	0.07923	0.01631	0.02171	0.01195	0.01496	0.00989	0.00597	0.00614	0.00182	0.00800	0.00537	0.00349	0.04254
21	0.00803	0.00576	0.00753	0.00875	0.00926	0.00537	0.00587	0.00928	0.01279	0.01709	0.09066	0.65190	0.06983	0.05356	0.00929	0.00272	0.00379	0.01725	0.00599	0.00526
22	0.01943	0.07992	0.01808	0.01645	0.09852	0.32589	0.01154	0.02340	0.09277	0.07499	0.07701	0.03760	0.03461	0.00784	0.00609	0.00178	0.00808	0.00604	0.00447	0.05547
23	0.01546	0.41913	0.26877	0.01375	0.02030	0.02045	0.01520	0.02117	0.09225	0.01829	0.01203	0.01343	0.00976	0.00732	0.02636	0.00195	0.00790	0.00443	0.00320	0.00886
24	0.02378	0.01152	0.01440	0.01146	0.01575	0.01105	0.00931	0.13581	0.07487	0.44188	0.12496	0.02499	0.02198	0.00875	0.00658	0.00199	0.00528	0.00718	0.03843	0.01004
25	0.00851	0.00647	0.00671	0.00665	0.00865	0.00562	0.00499	0.01053	0.01497	0.01950	0.13770	0.05456	0.53845	0.01460	0.00715	0.00206	0.00321	0.01221	0.13185	0.00562
26	0.01952	0.01370	0.01921	0.11931	0.12032	0.01444	0.06694	0.13036	0.17412	0.19203	0.01923	0.02045	0.01407	0.03777	0.00763	0.00223	0.00683	0.00657	0.00556	0.00974
27	0.07348	0.34840	0.15168	0.01256	0.01763	0.07180	0.01246	0.01985	0.07344	0.01828	0.01373	0.07248	0.01246	0.01055	0.06363	0.00244	0.00801	0.00551	0.00352	0.00809
28	0.01259	0.08702	0.56891	0.01645	0.02430	0.01449	0.02020	0.01875	0.01326	0.01932	0.01385	0.07854	0.01172	0.01038	0.06030	0.00265	0.00942	0.00599	0.00306	0.00881
29	0.00788	0.00584	0.00735	0.00848	0.00926	0.00532	0.00579	0.00918	0.01307	0.01705	0.06864	0.60121	0.17895	0.01920	0.00810	0.00251	0.00363	0.01717	0.00604	0.00532
30	0.02367	0.08192	0.01938	0.01626	0.01974	0.69754	0.01239	0.02536	0.01796	0.01577	0.00992	0.01156	0.00832	0.00658	0.00571	0.00165	0.01133	0.00411	0.00329	0.00755
31	0.01347	0.01432	0.07416	0.47433	0.26292	0.01472	0.01898	0.01786	0.01354	0.01827	0.01171	0.01657	0.00910	0.00621	0.00642	0.00207	0.00838	0.00568	0.00297	0.00833
32	0.01599	0.01535	0.02623	0.03966	0.73262	0.01535	0.01983	0.01983	0.01471	0.02111	0.01215	0.01599	0.01023	0.00576	0.00640	0.00192	0.00768	0.00576	0.00320	0.01023
33	0.00787	0.00562	0.00750	0.00900	0.00937	0.00525	0.00600	0.00900	0.01237	0.01649	0.03561	0.76871	0.04274	0.02024	0.00825	0.00262	0.00375	0.01837	0.00600	0.00525
34	0.05949	0.01171	0.01518	0.01169	0.01666	0.01066	0.00965	0.09352	0.01929	0.64531	0.02393	0.02095	0.01518	0.00790	0.00640	0.00199	0.00563	0.00632	0.00770	0.01084
35	0.02414	0.03079	0.01831	0.01665	0.01998	0.74698	0.01248	0.02580	0.01831	0.01581	0.00999	0.01165	0.00832	0.00666	0.00583	0.00166	0.01165	0.00416	0.00333	0.00749
36	0.01599	0.01535	0.02623	0.03966	0.73262	0.01535	0.01983	0.01983	0.01471	0.02111	0.01215	0.01599	0.01023	0.00576	0.00640	0.00192	0.00768	0.00576	0.00320	0.01023
37	0.00903	0.00660	0.00847	0.00800	0.00958	0.00605	0.00600	0.01196	0.01801	0.02525	0.67697	0.04936	0.11362	0.01346	0.00762	0.00204	0.00307	0.01184	0.00703	0.00605
38	0.00874	0.00632	0.00857	0.00899	0.00995	0.00624	0.00651	0.01080	0.01400	0.01943	0.27562	0.31083	0.04268	0.05267	0.16409	0.00419	0.00651	0.03246	0.00578	0.00563
39	0.00998	0.00826	0.01177	0.01357	0.08249	0.00903	0.00904	0.01157	0.01248	0.01726	0.05542	0.49937	0.03373	0.01680	0.01044	0.00258	0.14297	0.04191	0.00518	0.00614
40	0.05536	0.06293	0.01865	0.01608	0.01953	0.68614	0.01220	0.02525	0.01779	0.01631	0.00990	0.01155	0.00827	0.00658	0.00568	0.00167	0.01118	0.00410	0.00333	0.00751
41	0.00900	0.00658	0.00846	0.00803	0.00958	0.00603	0.00601	0.01191	0.01789	0.02507	0.66447	0.06616	0.10941	0.01360	0.00764	0.00206	0.00308	0.01198	0.00701	0.00603
42	0.81856	0.01250	0.00950	0.00850	0.01250	0.01449	0.00700	0.01899	0.01100	0.02899	0.00900	0.01050	0.00700	0.00600	0.00400	0.00200	0.00500	0.00350	0.00400	0.00700
43	0.00791	0.00565	0.00753	0.00897	0.00938	0.00528	0.00600	0.00910	0.01256	0.01679	0.05765	0.74582	0.04331	0.02002	0.00823	0.00261	0.00373	0.01816	0.00603	0.00528
44	0.01231	0.00665	0.00701	0.00692	0.00858	0.00671	0.00536	0.04322	0.01453	0.02447	0.04997	0.02850	0.01970	0.00857	0.00506	0.00166	0.00341	0.05945	0.68170	0.00622
45	0.00787	0.00641	0.00697	0.00714	0.00895	0.00551	0.00524	0.00962	0.01483	0.01843	0.14914	0.17097	0.53331	0.01655	0.00773	0.00223	0.00332	0.01412	0.00615	0.00551
46	0.02313	0.00998	0.01335	0.01091	0.01476	0.00911	0.00877	0.02621	0.04960	0.51081	0.07623	0.02785	0.02088	0.07157	0.06704	0.00304	0.00631	0.03390	0.00711	0.00944
47	0.00818	0.00573	0.00731	0.00857	0.00918	0.00532	0.00580	0.00949	0.01265	0.01716	0.03683	0.65510	0.09479	0.01895	0.00791	0.00250	0.00365	0.01703	0.06853	0.00532
48	0.01330	0.01238	0.01694	0.10541	0.15735	0.05567	0.01256	0.01515	0.01155	0.01590	0.01303	0.02190	0.01279	0.17510	0.08039	0.03691	0.22717	0.00650	0.00322	0.00677
49	0.01639	0.62457	0.17836	0.01256	0.01891	0.02340	0.01368	0.01958	0.01323	0.01628	0.00952	0.01104	0.00827	0.00565	0.00455	0.00152	0.00745	0.00373	0.00276	0.00855
50	0.00769	0.00649	0.00666	0.00674	0.00879	0.00546	0.00501	0.00933	0.01467	0.01760	0.08007	0.10710	0.66931	0.01653	0.00768	0.00221	0.00330	0.01389	0.00603	0.00546
51	0.01269	0.01198	0.06514	0.01219	0.04264	0.01124	0.00962	0.04935	0.27478	0.02524	0.27860	0.07797	0.07948	0.01117	0.00707	0.00213	0.00468	0.00962	0.00628	0.00813
52	0.01890	0.04319	0.09193	0.02223	0.22088	0.09244	0.04541	0.25468	0.01975	0.02616	0.01352	0.01706	0.01102	0.06705	0.00874	0.00227	0.02521	0.00581	0.00431	0.00944
53	0.00813	0.00625	0.00732	0.00804	0.00929	0.00563	0.00578	0.00957	0.01342	0.01688	0.04745	0.33397	0.34373	0.07693	0.00996	0.00275	0.00395	0.07982	0.00583	0.00530
54	0.32008	0.09075	0.22731	0.01836	0.15193	0.01593	0.05140	0.01970	0.01287	0.02334	0.01054	0.01277	0.00821	0.00592	0.00527	0.00195	0.00730	0.00450	0.00333	0.00855
55	0.01570	0.48711	0.24599	0.01378	0.02006	0.02188	0.01519	0.01936	0.01301	0.01682	0.00973	0.01168	0.00828	0.00620	0.00620	0.00171	0.07193	0.00404	0.00276	0.00857
56	0.02459	0.01723	0.01870	0.01437	0.01943	0.01884	0.01186	0.63948	0.02901	0.09510	0.01644	0.01625	0.01153	0.00777	0.00642	0.00193	0.00688	0.00588	0.02745	0.01086
57	0.00952	0.00732	0.00943	0.00928	0.01014	0.00806	0.00670	0.01126	0.02933	0.01506	0.02618	0.09352	0.12318	0.26242	0.28316	0.00649	0.06994	0.00947	0.00420	0.00533

[dist]
# distance from previous block
# <min> <max>
0	2

[block]
# block no. 1 follows, 34 sequences, length 74
# corresponding to MSA columns:
# 147-185,189-223
name=unknown_B
#
# <colnr> <probs for GDERKNQSTAVLIFYWHMCP>
#	G	D	E	R	K	N	Q	S	T	A	V	L	I	F	Y	W	H	M	C	P
0	0.00800	0.00652	0.00708	0.00702	0.00897	0.00560	0.00524	0.00995	0.01547	0.01942	0.22172	0.08831	0.54261	0.01578	0.00766	0.00216	0.00324	0.01337	0.00626	0.00560
1	0.00992	0.00754	0.01013	0.01261	0.12120	0.00737	0.00700	0.01092	0.01135	0.01521	0.02602	0.22438	0.07422	0.41014	0.02076	0.00438	0.00564	0.01140	0.00447	0.00535
2	0.01513	0.01143	0.01358	0.00978	0.01544	0.00871	0.00786	0.01796	0.01396	0.10056	0.01304	0.01435	0.01028	0.00514	0.00498	0.00107	0.00486	0.00412	0.00429	0.72344
3	0.66960	0.03711	0.01133	0.00958	0.01355	0.07421	0.00781	0.02071	0.06522	0.02736	0.01038	0.01161	0.00810	0.00625	0.00435	0.00197	0.00560	0.00384	0.00410	0.00732
4	0.01727	0.77681	0.03386	0.01106	0.01658	0.02557	0.01106	0.01935	0.01313	0.01520	0.00898	0.01036	0.00829	0.00553	0.00415	0.00138	0.00691	0.00345	0.00276	0.00829
5	0.78540	0.01336	0.03954	0.00891	0.01313	0.01452	0.00769	0.01905	0.01111	0.02864	0.00910	0.01063	0.00705	0.00600	0.00409	0.00200	0.00519	0.00355	0.00395	0.00710
6	0.05854	0.01246	0.01525	0.01198	0.01655	0.01229	0.00984	0.21087	0.02056	0.43872	0.02134	0.02012	0.01431	0.01088	0.06220	0.00260	0.00670	0.00620	0.03836	0.01024
7	0.02317	0.01618	0.01773	0.01377	0.01845	0.01757	0.01126	0.57450	0.02766	0.09633	0.07038	0.01957	0.01566	0.03808	0.00759	0.00212	0.00664	0.00646	0.00654	0.01034
8	0.01414	0.01350	0.01833	0.01583	0.01624	0.01845	0.01309	0.01703	0.06770	0.01712	0.01087	0.01569	0.01000	0.01082	0.01876	0.00268	0.64274	0.00582	0.06394	0.00724
9	0.01539	0.01329	0.01396	0.01261	0.01615	0.01521	0.00980	0.03231	0.66381	0.02625	0.02947	0.02719	0.07719	0.00938	0.00666	0.00219	0.00496	0.00782	0.00653	0.00984
10	0.04778	0.02228	0.28792	0.11072	0.28079	0.04726	0.07226	0.01998	0.01416	0.02041	0.01172	0.01496	0.00904	0.00600	0.00628	0.00200	0.00878	0.00537	0.00303	0.00926
11	0.00979	0.00669	0.00878	0.00833	0.00989	0.00616	0.00622	0.01266	0.01782	0.05202	0.64651	0.10556	0.05779	0.01358	0.00763	0.00208	0.00320	0.01203	0.00706	0.00621
12	0.01468	0.01365	0.04399	0.05167	0.06485	0.07587	0.01047	0.12488	0.14680	0.02427	0.12633	0.09945	0.10560	0.01147	0.02385	0.00226	0.00609	0.00887	0.03692	0.00804
13	0.00940	0.00626	0.00705	0.00705	0.00705	0.00626	0.00392	0.00940	0.00940	0.01253	0.02036	0.04228	0.02349	0.77292	0.03289	0.00626	0.00626	0.00940	0.00392	0.00392
14	0.01220	0.01148	0.01938	0.75739	0.04450	0.01436	0.01794	0.01651	0.01292	0.01651	0.01148	0.01723	0.00861	0.00646	0.00646	0.00215	0.00861	0.00574	0.00287	0.00718
15	0.00938	0.00665	0.00899	0.00896	0.00977	0.00726	0.00643	0.01101	0.01077	0.01535	0.07216	0.03262	0.02196	0.28238	0.42918	0.00807	0.01207	0.00806	0.03373	0.00519
16	0.00841	0.00658	0.00762	0.00736	0.00920	0.00578	0.00552	0.01077	0.01655	0.02179	0.40568	0.05505	0.38707	0.01475	0.00763	0.00211	0.00316	0.01264	0.00657	0.00578
17	0.01063	0.00696	0.00898	0.00827	0.01013	0.00632	0.00627	0.01351	0.01801	0.08275	0.61745	0.04729	0.11259	0.01305	0.00753	0.00204	0.00327	0.01143	0.00709	0.00644
18	0.00940	0.00626	0.00705	0.00705	0.00705	0.00626	0.00392	0.00940	0.00940	0.01253	0.02036	0.04228	0.02349	0.77292	0.03289	0.00626	0.00626	0.00940	0.00392	0.00392
19	0.01220	0.01148	0.01938	0.75739	0.04450	0.01436	0.01794	0.01651	0.01292	0.01651	0.01148	0.01723	0.00861	0.00646	0.00646	0.00215	0.00861	0.00574	0.00287	0.00718
20	0.01340	0.01148	0.01340	0.00957	0.01531	0.00861	0.00766	0.01627	0.01340	0.02105	0.01148	0.01340	0.00957	0.00479	0.00479	0.00096	0.00479	0.00383	0.00383	0.81242
21	0.01085	0.01117	0.12288	0.03006	0.01292	0.00825	0.00872	0.01303	0.02621	0.03374	0.03659	0.05737	0.04179	0.40659	0.02117	0.03494	0.00649	0.08656	0.00423	0.02645
22	0.00878	0.00667	0.00824	0.00884	0.01039	0.00613	0.00695	0.01100	0.01506	0.01945	0.17628	0.17767	0.28612	0.01684	0.00812	0.00246	0.00410	0.21500	0.00619	0.00569
23	0.29106	0.02506	0.44154	0.01470	0.02200	0.01500	0.01723	0.03774	0.04078	0.02416	0.01137	0.01301	0.00830	0.00623	0.00543	0.00203	0.00775	0.00446	0.00341	0.00873
24	0.01610	0.07878	0.47382	0.01681	0.02456	0.05392	0.01936	0.14397	0.06981	0.02395	0.01313	0.01444	0.00956	0.00661	0.00608	0.00197	0.00872	0.00503	0.00371	0.00967
25	0.00876	0.00716	0.00782	0.00755	0.00965	0.00650	0.00569	0.01216	0.07291	0.02072	0.25817	0.05500	0.47509	0.01482	0.00755	0.00214	0.00336	0.01255	0.00637	0.00603
26	0.00788	0.00590	0.00734	0.00847	0.00932	0.00536	0.00585	0.00918	0.01302	0.01681	0.04293	0.57585	0.21190	0.01922	0.00811	0.00252	0.00369	0.03532	0.00600	0.00532
27	0.01182	0.00983	0.01075	0.01009	0.01270	0.01039	0.00774	0.02121	0.33129	0.02355	0.18689	0.07158	0.22189	0.01250	0.00722	0.00220	0.00415	0.03000	0.00649	0.00773
28	0.81856	0.01250	0.00950	0.00850	0.01250	0.01449	0.00700	0.01899	0.01100	0.02899	0.00900	0.01050	0.00700	0.00600	0.00400	0.00200	0.00500	0.00350	0.00400	0.00700
29	0.01569	0.01493	0.02480	0.09573	0.62294	0.01533	0.01895	0.02066	0.06785	0.02118	0.01317	0.01670	0.01082	0.00604	0.00642	0.00196	0.00756	0.00587	0.00343	0.00999
30	0.00830	0.00688	0.00731	0.00714	0.00926	0.00605	0.00537	0.01094	0.04642	0.01953	0.19345	0.05779	0.56808	0.01541	0.00759	0.00215	0.00331	0.01298	0.00624	0.00579
31	0.01351	0.01233	0.01993	0.63939	0.09807	0.01490	0.01764	0.07297	0.01448	0.01884	0.01186	0.01699	0.00894	0.00651	0.00646	0.00212	0.00842	0.00575	0.00319	0.00773
32	0.02320	0.01884	0.01924	0.01660	0.07322	0.10293	0.01251	0.54908	0.02688	0.03513	0.01483	0.01628	0.01117	0.04106	0.00754	0.00210	0.00764	0.00578	0.00574	0.01022
33	0.01251	0.00647	0.00652	0.00635	0.00799	0.00654	0.00480	0.04085	0.01417	0.02471	0.02087	0.02377	0.01635	0.00754	0.00459	0.00152	0.00316	0.00601	0.77906	0.00621
34	0.02204	0.02070	0.13136	0.01522	0.02081	0.05887	0.01382	0.51882	0.05542	0.03517	0.01519	0.01559	0.01091	0.00748	0.00633	0.00194	0.00755	0.00563	0.02674	0.01041
35	0.01517	0.01291	0.02155	0.30735	0.11747	0.01392	0.12298	0.05408	0.01513	0.08261	0.05756	0.02035	0.01373	0.00727	0.00742	0.00208	0.04615	0.02351	0.00399	0.05476
36	0.01606	0.19741	0.46887	0.01608	0.02389	0.07214	0.01899	0.02151	0.01427	0.07691	0.01201	0.01344	0.00885	0.00619	0.00570	0.00187	0.00879	0.00457	0.00321	0.00923
37	0.81856	0.01250	0.00950	0.00850	0.01250	0.01449	0.00700	0.01899	0.01100	0.02899	0.00900	0.01050	0.00700	0.00600	0.00400	0.00200	0.00500	0.00350	0.00400	0.00700
38	0.00884	0.00659	0.00822	0.00781	0.00947	0.00597	0.00586	0.01161	0.01758	0.02422	0.59630	0.05105	0.19493	0.01384	0.00762	0.00206	0.00309	0.01208	0.00689	0.00597
39	0.01349	0.01324	0.01816	0.07569	0.01830	0.03648	0.01333	0.01534	0.01104	0.01638	0.06430	0.01777	0.01306	0.01374	0.07336	0.00325	0.56675	0.00618	0.00322	0.00692
40	0.00904	0.00660	0.00850	0.00802	0.00959	0.00605	0.00602	0.01200	0.01805	0.02534	0.68433	0.04921	0.10621	0.01342	0.00762	0.00204	0.00306	0.01182	0.00704	0.00605
41	0.01642	0.01405	0.01481	0.01322	0.01693	0.01623	0.01031	0.06219	0.69252	0.02759	0.02585	0.02375	0.01936	0.00872	0.00657	0.00218	0.00520	0.00724	0.00657	0.01026
42	0.00797	0.00570	0.00760	0.00905	0.00948	0.00533	0.00611	0.00920	0.01260	0.01682	0.05455	0.73123	0.04309	0.01999	0.00825	0.00262	0.00379	0.03531	0.00603	0.00529
43	0.81856	0.01250	0.00950	0.00850	0.01250	0.01449	0.00700	0.01899	0.01100	0.02899	0.00900	0.01050	0.00700	0.00600	0.00400	0.00200	0.00500	0.00350	0.00400	0.00700
44	0.00940	0.00626	0.00705	0.00705	0.00705	0.00626	0.00392	0.00940	0.00940	0.01253	0.02036	0.04228	0.02349	0.77292	0.03289	0.00626	0.00626	0.00940	0.00392	0.00392
45	0.00940	0.00626	0.00705	0.00705	0.00705	0.00626	0.00392	0.00940	0.00940	0.01253	0.02036	0.04228	0.02349	0.77292	0.03289	0.00626	0.00626	0.00940	0.00392	0.00392
46	0.01606	0.56728	0.23273	0.01313	0.01979	0.02259	0.01467	0.01966	0.01327	0.01668	0.00972	0.01129	0.00826	0.00570	0.00471	0.00157	0.00765	0.00383	0.00275	0.00865
47	0.01727	0.77681	0.03386	0.01106	0.01658	0.02557	0.01106	0.01935	0.01313	0.01520	0.00898	0.01036	0.00829	0.00553	0.00415	0.00138	0.00691	0.00345	0.00276	0.00829
48	0.00769	0.00655	0.00662	0.00661	0.00876	0.00548	0.00495	0.00938	0.01486	0.01777	0.09053	0.06166	0.70472	0.01624	0.00764	0.00218	0.00326	0.01356	0.00604	0.00548
49	0.00832	0.00604	0.00742	0.00809	0.00885	0.00561	0.00542	0.00958	0.01302	0.01723	0.13815	0.40525	0.15346	0.16762	0.01294	0.00319	0.00407	0.01485	0.00575	0.00514
50	0.00764	0.00655	0.00655	0.00655	0.00873	0.00545	0.00491	0.00927	0.01473	0.01745	0.06546	0.06218	0.73000	0.01636	0.00764	0.00218	0.00327	0.01364	0.00600	0.00545
51	0.01340	0.01148	0.01340	0.00957	0.01531	0.00861	0.00766	0.01627	0.01340	0.02105	0.01148	0.01340	0.00957	0.00479	0.00479	0.00096	0.00479	0.00383	0.00383	0.81242
52	0.01356	0.01616	0.15863	0.01270	0.01862	0.01108	0.04780	0.04414	0.01440	0.02178	0.06470	0.01635	0.01311	0.00614	0.00626	0.00144	0.04225	0.00496	0.00388	0.48200
53	0.02133	0.01927	0.01798	0.01512	0.01846	0.20946	0.01207	0.25477	0.08517	0.07924	0.01516	0.04342	0.01215	0.00874	0.00928	0.00209	0.15623	0.00600	0.00503	0.00901
54	0.02238	0.01256	0.01892	0.08122	0.25969	0.01211	0.01356	0.05085	0.01700	0.38216	0.01931	0.01943	0.01330	0.00709	0.00638	0.00196	0.00644	0.00614	0.03926	0.01022
55	0.00787	0.00562	0.00750	0.00900	0.00937	0.00525	0.00600	0.00900	0.01237	0.01649	0.03561	0.76871	0.04274	0.02024	0.00825	0.00262	0.00375	0.01837	0.00600	0.00525
56	0.01517	0.01717	0.03704	0.02646	0.03296	0.01600	0.67836	0.02050	0.01517	0.02071	0.01300	0.01725	0.00979	0.00542	0.00750	0.00213	0.01063	0.00746	0.00329	0.04399
57	0.01262	0.01183	0.01660	0.01466	0.01493	0.01599	0.01193	0.01413	0.00997	0.01519	0.01147	0.01893	0.01143	0.07758	0.19425	0.00488	0.52779	0.00624	0.00306	0.00652
58	0.01340	0.01148	0.01340	0.00957	0.01531	0.00861	0.00766	0.01627	0.01340	0.02105	0.01148	0.01340	0.00957	0.00479	0.00479	0.00096	0.00479	0.00383	0.00383	0.81242
59	0.02469	0.01789	0.01926	0.01477	0.01994	0.01973	0.01220	0.69154	0.03004	0.06074	0.01580	0.01570	0.01113	0.00776	0.00646	0.00194	0.00706	0.00584	0.00651	0.01099
60	0.01238	0.01166	0.01970	0.72395	0.07657	0.01440	0.01803	0.01666	0.01300	0.01672	0.01152	0.01717	0.00869	0.00643	0.00646	0.00214	0.00857	0.00574	0.00289	0.00732
61	0.00938	0.00633	0.00739	0.00739	0.00750	0.00645	0.00434	0.00961	0.00950	0.01278	0.02005	0.04056	0.02274	0.69910	0.10569	0.00668	0.00739	0.00914	0.00387	0.00410
62	0.01722	0.67699	0.09488	0.01196	0.01774	0.05826	0.01224	0.01975	0.01342	0.01569	0.00926	0.01071	0.00828	0.00563	0.00440	0.00145	0.00736	0.00360	0.00279	0.00836
63	0.01351	0.02956	0.57021	0.02054	0.02937	0.01533	0.18924	0.02052	0.01403	0.02052	0.01195	0.01456	0.00858	0.00597	0.00650	0.00208	0.00987	0.00546	0.00286	0.00935
64	0.01774	0.01178	0.01388	0.04462	0.01674	0.01259	0.00982	0.05635	0.35068	0.18725	0.12156	0.02988	0.03975	0.00974	0.00685	0.00216	0.00517	0.04730	0.00675	0.00939
65	0.01347	0.12105	0.65627	0.01755	0.02662	0.01625	0.02236	0.02033	0.01358	0.01984	0.01129	0.01326	0.00820	0.00607	0.00590	0.00197	0.00924	0.00462	0.00273	0.00940
66	0.01656	0.01936	0.03454	0.04449	0.03189	0.13052	0.58232	0.02139	0.01567	0.01983	0.01255	0.01652	0.00954	0.00566	0.00731	0.00210	0.01095	0.00703	0.00327	0.00848
67	0.02231	0.00952	0.01286	0.01036	0.01419	0.00835	0.00835	0.02500	0.01843	0.49779	0.26229	0.03083	0.03113	0.00975	0.00688	0.00201	0.00467	0.00824	0.00770	0.00935
68	0.01122	0.00561	0.00842	0.00842	0.00842	0.00561	0.00561	0.00842	0.00842	0.01122	0.01122	0.01964	0.01122	0.02245	0.02525	0.81201	0.00561	0.00561	0.00281	0.00281
69	0.00893	0.00660	0.00833	0.00790	0.00952	0.00600	0.00592	0.01177	0.01777	0.02468	0.63259	0.05029	0.15835	0.01367	0.00762	0.00205	0.00308	0.01197	0.00695	0.00600
70	0.01122	0.00561	0.00842	0.00842	0.00842	0.00561	0.00561	0.00842	0.00842	0.01122	0.01122	0.01964	0.01122	0.02245	0.02525	0.81201	0.00561	0.00561	0.00281	0.00281
71	0.01303	0.03054	0.62997	0.01900	0.02792	0.01480	0.10307	0.02007	0.01387	0.02038	0.01380	0.01592	0.03565	0.00644	0.00637	0.00207	0.00947	0.00544	0.00291	0.00930
72	0.00923	0.00692	0.01038	0.01038	0.01154	0.00808	0.00808	0.01154	0.01038	0.01500	0.01731	0.02538	0.01615	0.04846	0.74732	0.01038	0.01731	0.00692	0.00346	0.00577
73	0.01672	0.35014	0.02597	0.01471	0.07640	0.04731	0.06409	0.07105	0.01500	0.01973	0.01080	0.01267	0.00914	0.00554	0.00502	0.00142	0.00687	0.00427	0.00345	0.23968

[dist]
# distance from previous block
# <min> <max>
1	12

[block]
# block no. 2 follows, 34 sequences, length 26
# corresponding to MSA columns:
# 236-261
name=unknown_C
#
# <colnr> <probs for GDERKNQSTAVLIFYWHMCP>
#	G	D	E	R	K	N	Q	S	T	A	V	L	I	F	Y	W	H	M	C	P
0	0.73606	0.06842	0.03349	0.00898	0.01326	0.01531	0.00781	0.01906	0.01123	0.02773	0.00907	0.01058	0.00713	0.00597	0.00407	0.00196	0.00528	0.00353	0.00387	0.00717
1	0.12588	0.07508	0.28546	0.01731	0.05962	0.08571	0.08655	0.08275	0.01570	0.06700	0.01256	0.01428	0.00928	0.00634	0.00585	0.00194	0.00834	0.00503	0.02632	0.00899
2	0.01574	0.01471	0.02287	0.08486	0.50661	0.01546	0.01733	0.02316	0.18863	0.02224	0.01559	0.01808	0.01246	0.00655	0.00645	0.00200	0.00711	0.00614	0.00401	0.01001
3	0.01414	0.01414	0.01979	0.01696	0.01696	0.01979	0.01414	0.01555	0.00990	0.01555	0.00848	0.01414	0.00848	0.01131	0.02120	0.00283	0.76110	0.00565	0.00283	0.00707
4	0.01763	0.73863	0.03306	0.01134	0.01676	0.06248	0.01113	0.01968	0.01339	0.01523	0.00903	0.01043	0.00829	0.00559	0.00423	0.00140	0.00715	0.00349	0.00279	0.00825
5	0.00787	0.00562	0.00750	0.00900	0.00937	0.00525	0.00600	0.00900	0.01237	0.01649	0.03561	0.76871	0.04274	0.02024	0.00825	0.00262	0.00375	0.01837	0.00600	0.00525
6	0.00937	0.00636	0.00754	0.00754	0.00771	0.00653	0.00453	0.00971	0.00954	0.01289	0.01991	0.03978	0.02240	0.66552	0.13880	0.00687	0.00790	0.00903	0.00385	0.00419
7	0.00998	0.00727	0.00981	0.01098	0.01256	0.00710	0.00944	0.01280	0.01509	0.01954	0.08469	0.06990	0.12481	0.01735	0.00868	0.00281	0.00542	0.55983	0.00603	0.00590
8	0.01727	0.77681	0.03386	0.01106	0.01658	0.02557	0.01106	0.01935	0.01313	0.01520	0.00898	0.01036	0.00829	0.00553	0.00415	0.00138	0.00691	0.00345	0.00276	0.00829
9	0.01663	0.01301	0.10334	0.01166	0.01615	0.00984	0.03859	0.06294	0.03554	0.21719	0.11981	0.07901	0.13053	0.01005	0.00673	0.00196	0.00545	0.00855	0.00595	0.10708
10	0.72793	0.01474	0.05885	0.00954	0.01388	0.04829	0.00838	0.01941	0.01151	0.02781	0.00922	0.01076	0.00714	0.00604	0.00423	0.00199	0.00561	0.00361	0.00388	0.00719
11	0.01296	0.03342	0.73944	0.01842	0.02797	0.01501	0.02387	0.02046	0.01364	0.02046	0.01160	0.01364	0.00818	0.00614	0.00614	0.00205	0.00955	0.00477	0.00273	0.00955
12	0.01674	0.01347	0.01471	0.01334	0.06721	0.05319	0.00973	0.22530	0.05460	0.05550	0.04452	0.07579	0.15046	0.00963	0.00647	0.00184	0.00572	0.00790	0.00550	0.16841
13	0.00778	0.00655	0.00674	0.00669	0.00881	0.00551	0.00502	0.00954	0.01506	0.01824	0.12710	0.06089	0.66786	0.01607	0.00764	0.00217	0.00325	0.01346	0.00610	0.00551
14	0.01355	0.01286	0.02182	0.50206	0.28930	0.01471	0.01862	0.01769	0.01356	0.01815	0.01172	0.01679	0.00919	0.00621	0.00644	0.00207	0.00828	0.00575	0.00299	0.00827
15	0.00929	0.00622	0.00708	0.00719	0.00722	0.00619	0.00407	0.00937	0.00961	0.01282	0.02146	0.09483	0.02488	0.71848	0.03110	0.00600	0.00608	0.01005	0.00407	0.00401
16	0.01235	0.01164	0.01965	0.72870	0.07201	0.01440	0.01802	0.01664	0.01299	0.01669	0.01151	0.01718	0.00868	0.00643	0.00646	0.00214	0.00858	0.00574	0.00288	0.00730
17	0.00914	0.00660	0.00864	0.00813	0.00965	0.00610	0.00610	0.01219	0.01829	0.02591	0.72921	0.04827	0.06097	0.01321	0.00762	0.00203	0.00305	0.01169	0.00711	0.00610
18	0.01464	0.01152	0.01275	0.01119	0.01412	0.01253	0.00864	0.14863	0.29358	0.02780	0.25138	0.03280	0.05256	0.06797	0.00891	0.00240	0.00485	0.00879	0.00651	0.00842
19	0.15499	0.10983	0.01934	0.10662	0.10740	0.08006	0.01228	0.13596	0.01737	0.17562	0.01434	0.01534	0.01043	0.00674	0.00571	0.00189	0.00704	0.00512	0.00480	0.00912
20	0.01296	0.03342	0.73944	0.01842	0.02797	0.01501	0.02387	0.02046	0.01364	0.02046	0.01160	0.01364	0.00818	0.00614	0.00614	0.00205	0.00955	0.00477	0.00273	0.00955
21	0.01333	0.01257	0.07810	0.01163	0.01513	0.01125	0.04541	0.06246	0.22461	0.05323	0.13211	0.03569	0.17681	0.08726	0.00960	0.00254	0.00537	0.00917	0.00580	0.00791
22	0.00940	0.00626	0.00705	0.00705	0.00705	0.00626	0.00392	0.00940	0.00940	0.01253	0.02036	0.04228	0.02349	0.77292	0.03289	0.00626	0.00626	0.00940	0.00392	0.00392
23	0.01376	0.01868	0.22938	0.01416	0.01900	0.04951	0.05942	0.05622	0.17559	0.02245	0.12138	0.02678	0.05016	0.10344	0.00993	0.00259	0.00701	0.00749	0.00477	0.00826
24	0.01331	0.09300	0.68289	0.01783	0.02705	0.01585	0.02285	0.02037	0.01360	0.02004	0.01139	0.01338	0.00819	0.00609	0.00598	0.00199	0.00934	0.00467	0.00273	0.00945
25	0.01805	0.01581	0.06472	0.01403	0.01801	0.01665	0.01187	0.20217	0.34102	0.06433	0.02212	0.02163	0.04788	0.00896	0.00838	0.00219	0.09972	0.00680	0.00587	0.00980

[dist]
# distance from previous block
# <min> <max>
9	60

[block]
# block no. 3 follows, 34 sequences, length 15
# corresponding to MSA columns:
# 323-337
name=unknown_D
#
# <colnr> <probs for GDERKNQSTAVLIFYWHMCP>
#	G	D	E	R	K	N	Q	S	T	A	V	L	I	F	Y	W	H	M	C	P
0	0.05289	0.06680	0.09537	0.03827	0.01926	0.01402	0.06610	0.11665	0.12738	0.11416	0.01952	0.01992	0.05174	0.00738	0.00600	0.00185	0.00633	0.00608	0.05480	0.11548
1	0.01699	0.02018	0.23239	0.01871	0.09363	0.04386	0.10694	0.10620	0.05024	0.10647	0.07263	0.04432	0.01583	0.00756	0.00659	0.00201	0.00777	0.00665	0.00462	0.03640
2	0.04004	0.03698	0.08344	0.01405	0.01913	0.07610	0.08920	0.08734	0.12144	0.11036	0.06561	0.02012	0.03550	0.00735	0.00618	0.00180	0.00675	0.00618	0.00504	0.16738
3	0.01554	0.02397	0.36040	0.01900	0.08525	0.06043	0.08406	0.07775	0.03841	0.05935	0.07133	0.04549	0.01500	0.00747	0.00654	0.00204	0.00837	0.00640	0.00403	0.00918
4	0.03942	0.01670	0.01676	0.01468	0.04213	0.19958	0.04883	0.04283	0.08996	0.16695	0.09874	0.04397	0.01850	0.00849	0.00758	0.00196	0.06784	0.00665	0.00523	0.06322
5	0.01412	0.01462	0.08246	0.04820	0.38787	0.01318	0.01558	0.04421	0.07218	0.02266	0.14093	0.02552	0.07416	0.00821	0.00670	0.00200	0.00651	0.00742	0.00442	0.00904
6	0.01739	0.01186	0.01360	0.01118	0.01508	0.01191	0.00890	0.16436	0.16832	0.14066	0.17189	0.02867	0.08172	0.00944	0.00660	0.00191	0.00496	0.00783	0.00647	0.11727
7	0.01490	0.01237	0.01421	0.01028	0.01595	0.01015	0.00828	0.10982	0.01568	0.02370	0.01203	0.01368	0.00976	0.00519	0.00501	0.00109	0.00510	0.00410	0.00418	0.70451
8	0.00923	0.00692	0.01038	0.01038	0.01154	0.00808	0.00808	0.01154	0.01038	0.01500	0.01731	0.02538	0.01615	0.04846	0.74732	0.01038	0.01731	0.00692	0.00346	0.00577
9	0.01395	0.01197	0.01509	0.18985	0.07175	0.03231	0.01175	0.10024	0.17427	0.02355	0.12629	0.06633	0.08654	0.01011	0.00693	0.00215	0.00603	0.03747	0.00533	0.00807
10	0.00777	0.00603	0.00708	0.00792	0.00909	0.00534	0.00552	0.00912	0.01341	0.01692	0.04875	0.45760	0.34536	0.01853	0.00798	0.00243	0.00354	0.01628	0.00600	0.00534
11	0.08798	0.01193	0.05658	0.01244	0.05342	0.01160	0.00967	0.03636	0.22263	0.02257	0.06339	0.09305	0.18571	0.01271	0.02840	0.00246	0.03153	0.04429	0.00550	0.00776
12	0.48380	0.01151	0.01131	0.00949	0.01363	0.01211	0.00778	0.02271	0.01414	0.27056	0.07257	0.01746	0.01441	0.00726	0.00514	0.00200	0.00501	0.00518	0.00561	0.00829
13	0.16565	0.01390	0.01554	0.01224	0.01704	0.01443	0.01007	0.26664	0.06174	0.32858	0.01915	0.01783	0.01288	0.00761	0.00605	0.00199	0.00595	0.00578	0.00668	0.01025
14	0.00854	0.00721	0.00750	0.00750	0.00975	0.00647	0.00578	0.01162	0.07156	0.01838	0.05981	0.05997	0.61757	0.01587	0.00765	0.00225	0.00363	0.06703	0.00604	0.00588

[dist]
# distance from previous block
# <min> <max>
0	2

[block]
# block no. 4 follows, 34 sequences, length 11
# corresponding to MSA columns:
# 365-375
name=unknown_E
#
# <colnr> <probs for GDERKNQSTAVLIFYWHMCP>
#	G	D	E	R	K	N	Q	S	T	A	V	L	I	F	Y	W	H	M	C	P
0	0.01625	0.01112	0.01262	0.00995	0.01374	0.01039	0.00765	0.16853	0.01671	0.09041	0.01672	0.02235	0.01439	0.17957	0.01163	0.00253	0.00550	0.00601	0.09268	0.29124
1	0.63909	0.01663	0.01149	0.01034	0.01419	0.17997	0.00824	0.02053	0.01265	0.02601	0.00922	0.01076	0.00730	0.00615	0.00441	0.00192	0.00650	0.00365	0.00385	0.00711
2	0.00929	0.00755	0.01027	0.01080	0.01109	0.00853	0.00784	0.01048	0.01181	0.01628	0.02948	0.59824	0.03500	0.01822	0.01117	0.00267	0.17484	0.01550	0.00528	0.00566
3	0.63542	0.01094	0.00905	0.00861	0.01179	0.01241	0.00677	0.01674	0.01131	0.02617	0.01501	0.18178	0.01507	0.00922	0.00496	0.00214	0.00472	0.00686	0.00445	0.00660
4	0.00982	0.00804	0.01080	0.01068	0.01146	0.00887	0.00795	0.01144	0.01290	0.01818	0.14944	0.43048	0.03635	0.01614	0.01087	0.00247	0.17478	0.01352	0.00536	0.05045
5	0.00906	0.05553	0.04352	0.00937	0.01086	0.00725	0.00728	0.01106	0.01399	0.01886	0.19060	0.47338	0.06884	0.01685	0.00775	0.00238	0.00411	0.03755	0.00589	0.00586
6	0.01892	0.01354	0.01508	0.01276	0.01635	0.01465	0.01004	0.37368	0.12396	0.07555	0.02334	0.22897	0.02149	0.01143	0.00698	0.00217	0.00578	0.00960	0.00644	0.00926
7	0.01122	0.00561	0.00842	0.00842	0.00842	0.00561	0.00561	0.00842	0.00842	0.01122	0.01122	0.01964	0.01122	0.02245	0.02525	0.81201	0.00561	0.00561	0.00281	0.00281
8	0.01122	0.00561	0.00842	0.00842	0.00842	0.00561	0.00561	0.00842	0.00842	0.01122	0.01122	0.01964	0.01122	0.02245	0.02525	0.81201	0.00561	0.00561	0.00281	0.00281
9	0.01911	0.14470	0.22250	0.01501	0.02056	0.25277	0.01468	0.07309	0.01708	0.07855	0.07106	0.01615	0.01343	0.00706	0.00590	0.00181	0.00877	0.00515	0.00399	0.00862
10	0.04126	0.02075	0.02429	0.02360	0.18372	0.25311	0.18047	0.07547	0.07427	0.04090	0.01334	0.01556	0.01040	0.00644	0.00646	0.00193	0.00935	0.00578	0.00393	0.00897

[dist]
# distance from previous block
# <min> <max>
0	32

# created by:
# /home/cegg/simao/soft/augustus-3.2.1/scripts/msa2prfl.pl ./align_prep/EOG090W0DJY.fa
