[name]
unknown

[dist]
# distance from previous block
# <min> <max>
0	88

[block]
# block no. 0 follows, 30 sequences, length 22
# corresponding to MSA columns:
# 123-144
name=unknown_A
#
# <colnr> <probs for GDERKNQSTAVLIFYWHMCP>
#	G	D	E	R	K	N	Q	S	T	A	V	L	I	F	Y	W	H	M	C	P
0	0.01595	0.01372	0.03963	0.14757	0.07308	0.04586	0.03739	0.07124	0.06423	0.07467	0.13085	0.09014	0.02434	0.04103	0.00836	0.00232	0.00685	0.00854	0.00535	0.09890
1	0.01551	0.04295	0.11803	0.06466	0.02231	0.03139	0.11426	0.09615	0.03715	0.05472	0.04489	0.15245	0.06851	0.04377	0.00906	0.00248	0.02535	0.00962	0.00504	0.04169
2	0.04063	0.04280	0.06491	0.01178	0.01478	0.04339	0.03227	0.04116	0.07597	0.02103	0.07386	0.14656	0.16694	0.05262	0.13564	0.00409	0.00816	0.01076	0.00533	0.00730
3	0.01415	0.04379	0.03356	0.01173	0.01496	0.06799	0.03060	0.01921	0.11728	0.05928	0.14840	0.17093	0.11664	0.02894	0.00805	0.00228	0.00560	0.01095	0.00603	0.08962
4	0.01721	0.01345	0.05134	0.01600	0.09870	0.01274	0.01151	0.17489	0.06533	0.09464	0.09592	0.15805	0.05722	0.06245	0.00953	0.00264	0.00619	0.03692	0.00628	0.00900
5	0.04967	0.04350	0.16443	0.05985	0.02230	0.07225	0.06907	0.04501	0.03721	0.06664	0.07638	0.10973	0.03563	0.01013	0.00861	0.00229	0.07893	0.00825	0.00472	0.03541
6	0.03659	0.01445	0.06200	0.01602	0.01937	0.03764	0.15096	0.06270	0.03744	0.02202	0.08853	0.02687	0.04898	0.07109	0.11046	0.04021	0.10087	0.00798	0.03813	0.00769
7	0.01136	0.00794	0.00981	0.00923	0.01130	0.00706	0.00669	0.01303	0.01446	0.05133	0.13760	0.17971	0.13040	0.12970	0.04173	0.05399	0.00534	0.03493	0.00570	0.13869
8	0.07864	0.09643	0.05358	0.02177	0.15933	0.14708	0.09832	0.06396	0.06934	0.02312	0.04476	0.01846	0.01384	0.01105	0.06816	0.00282	0.00971	0.00619	0.00419	0.00923
9	0.04471	0.08653	0.09550	0.01684	0.09991	0.12710	0.01299	0.05230	0.08664	0.08858	0.11620	0.02660	0.07475	0.03230	0.00768	0.00222	0.00738	0.00744	0.00527	0.00907
10	0.01103	0.00789	0.00935	0.00930	0.01093	0.00768	0.00666	0.04343	0.04198	0.04729	0.07665	0.22726	0.22639	0.14453	0.09345	0.00418	0.00626	0.01338	0.00599	0.00635
11	0.03675	0.00805	0.01045	0.01123	0.04693	0.00829	0.00784	0.01300	0.03552	0.01919	0.09737	0.11877	0.19120	0.07904	0.27790	0.00597	0.00981	0.01106	0.00521	0.00643
12	0.04895	0.04015	0.09526	0.04648	0.04488	0.05261	0.01150	0.09776	0.08583	0.02569	0.08957	0.10860	0.04396	0.01129	0.02315	0.00234	0.00650	0.00853	0.14857	0.00837
13	0.01426	0.04731	0.16675	0.19592	0.10763	0.01407	0.05865	0.04460	0.01427	0.01942	0.01535	0.02020	0.04029	0.01242	0.03784	0.16442	0.00885	0.00640	0.00344	0.00790
14	0.01325	0.00817	0.00973	0.00928	0.01089	0.00814	0.00661	0.03654	0.08106	0.07172	0.09706	0.11771	0.09156	0.15029	0.01579	0.13654	0.00504	0.01018	0.11408	0.00637
15	0.01294	0.01008	0.01459	0.13298	0.08353	0.01061	0.03219	0.06089	0.04333	0.02132	0.10070	0.13255	0.08909	0.01573	0.04013	0.13201	0.00661	0.00985	0.04383	0.00703
16	0.01930	0.10367	0.06684	0.04444	0.04220	0.04486	0.01270	0.19008	0.06303	0.08505	0.05908	0.02091	0.01601	0.02994	0.05634	0.06851	0.05619	0.00653	0.00517	0.00915
17	0.01224	0.01194	0.07388	0.01511	0.07790	0.01130	0.01158	0.03953	0.08577	0.01974	0.02092	0.02666	0.04691	0.03669	0.46782	0.00798	0.01459	0.00749	0.00423	0.00770
18	0.04824	0.01157	0.01292	0.01136	0.01438	0.01199	0.00864	0.18360	0.09250	0.10373	0.05421	0.16699	0.11695	0.11704	0.01146	0.00296	0.00565	0.01085	0.00655	0.00840
19	0.01628	0.01562	0.08456	0.14087	0.15560	0.03056	0.04953	0.05057	0.07707	0.08742	0.02364	0.10970	0.07645	0.01010	0.00801	0.00233	0.03882	0.00875	0.00493	0.00916
20	0.01413	0.08436	0.54490	0.01870	0.02742	0.01626	0.05630	0.02158	0.04257	0.02162	0.01527	0.07804	0.01264	0.00796	0.00677	0.00222	0.00945	0.00658	0.00345	0.00980
21	0.02060	0.01271	0.01418	0.01215	0.01607	0.04815	0.00967	0.06911	0.17066	0.26464	0.03447	0.03376	0.15917	0.01457	0.06889	0.00302	0.00691	0.02460	0.00702	0.00966

[dist]
# distance from previous block
# <min> <max>
5	20

[block]
# block no. 1 follows, 30 sequences, length 20
# corresponding to MSA columns:
# 175-194
name=unknown_B
#
# <colnr> <probs for GDERKNQSTAVLIFYWHMCP>
#	G	D	E	R	K	N	Q	S	T	A	V	L	I	F	Y	W	H	M	C	P
0	0.00928	0.00709	0.00842	0.00889	0.01016	0.00679	0.00622	0.01157	0.04583	0.01828	0.06956	0.29461	0.25134	0.13006	0.08551	0.00406	0.00581	0.01469	0.00595	0.00587
1	0.11206	0.01171	0.01426	0.01173	0.01573	0.01154	0.00934	0.10460	0.03757	0.35754	0.04602	0.04802	0.01831	0.05230	0.05274	0.06612	0.00673	0.00733	0.00683	0.00953
2	0.01180	0.00875	0.00969	0.00920	0.01144	0.00870	0.00687	0.03705	0.13410	0.02436	0.18687	0.10968	0.19855	0.04928	0.00874	0.00242	0.00414	0.01143	0.14068	0.02625
3	0.05391	0.00881	0.01003	0.00995	0.01197	0.00879	0.00724	0.04167	0.10463	0.06346	0.08142	0.31694	0.17192	0.06447	0.00980	0.00279	0.00459	0.01402	0.00652	0.00709
4	0.05046	0.00866	0.01076	0.00953	0.01217	0.00795	0.00720	0.01885	0.01683	0.23304	0.21188	0.08644	0.11456	0.10162	0.01154	0.03179	0.00478	0.01044	0.04383	0.00768
5	0.00999	0.00739	0.01078	0.01078	0.01188	0.00849	0.00819	0.01218	0.01109	0.01588	0.01909	0.02959	0.01839	0.13621	0.64453	0.01068	0.01727	0.00780	0.00380	0.00599
6	0.01077	0.00761	0.00915	0.00947	0.01109	0.00715	0.00687	0.03581	0.03849	0.05294	0.10432	0.34933	0.22145	0.05557	0.00984	0.00279	0.00437	0.04992	0.00661	0.00646
7	0.03163	0.00754	0.00859	0.00888	0.01040	0.00742	0.00635	0.01435	0.07922	0.02213	0.13627	0.28339	0.13886	0.05961	0.00927	0.00262	0.00405	0.01346	0.14951	0.00646
8	0.00961	0.00678	0.00859	0.00871	0.00964	0.00641	0.00596	0.01156	0.01576	0.02185	0.37112	0.21994	0.05079	0.20406	0.01532	0.00351	0.00436	0.01374	0.00651	0.00576
9	0.01546	0.01056	0.00904	0.00850	0.01063	0.09350	0.00646	0.06192	0.01645	0.02613	0.02094	0.02380	0.01643	0.00803	0.00519	0.00168	0.00466	0.00625	0.64734	0.00705
10	0.00942	0.00683	0.00824	0.00842	0.00985	0.00634	0.00606	0.01159	0.01581	0.02156	0.25387	0.20297	0.22230	0.06739	0.05265	0.00317	0.00466	0.01378	0.06908	0.00602
11	0.09562	0.00888	0.00972	0.00896	0.01129	0.00878	0.00664	0.03229	0.05847	0.09152	0.17375	0.06431	0.16879	0.14982	0.01239	0.00305	0.00473	0.01038	0.07362	0.00700
12	0.00893	0.00650	0.00817	0.00919	0.01001	0.00604	0.00633	0.01037	0.01404	0.01847	0.09448	0.47103	0.14450	0.10487	0.01186	0.00319	0.00437	0.05569	0.00631	0.00565
13	0.01000	0.00736	0.01062	0.01062	0.01167	0.00840	0.00799	0.01208	0.01104	0.01576	0.01923	0.03040	0.01874	0.16734	0.61387	0.01049	0.01674	0.00791	0.00382	0.00590
14	0.01422	0.01047	0.01494	0.09719	0.08294	0.01109	0.02736	0.06620	0.04501	0.07060	0.07952	0.09261	0.06158	0.02140	0.18232	0.00447	0.00923	0.04365	0.05726	0.00793
15	0.05242	0.00825	0.01016	0.06736	0.01386	0.00842	0.00771	0.03894	0.04560	0.02167	0.16448	0.32453	0.10099	0.09040	0.01083	0.00294	0.00482	0.01402	0.00615	0.00646
16	0.01259	0.00897	0.01059	0.01039	0.01273	0.00886	0.00806	0.05565	0.08749	0.07091	0.04419	0.17467	0.26158	0.03482	0.06598	0.00334	0.00595	0.10952	0.00645	0.00724
17	0.01675	0.01233	0.01650	0.06126	0.12192	0.01337	0.01175	0.06671	0.11040	0.11430	0.08311	0.04557	0.06672	0.12575	0.01355	0.00303	0.09414	0.00856	0.00557	0.00870
18	0.01535	0.01491	0.01881	0.35351	0.05511	0.11488	0.01547	0.04760	0.01464	0.01835	0.01307	0.01887	0.01088	0.01578	0.12401	0.05137	0.08025	0.00615	0.00345	0.00756
19	0.01271	0.01006	0.01268	0.11248	0.04663	0.04140	0.00955	0.03572	0.05996	0.02084	0.16682	0.09499	0.02896	0.10314	0.07759	0.09646	0.00721	0.00939	0.04676	0.00665

[dist]
# distance from previous block
# <min> <max>
9	61

[block]
# block no. 2 follows, 30 sequences, length 28
# corresponding to MSA columns:
# 261-288
name=unknown_C
#
# <colnr> <probs for GDERKNQSTAVLIFYWHMCP>
#	G	D	E	R	K	N	Q	S	T	A	V	L	I	F	Y	W	H	M	C	P
0	0.06742	0.05139	0.01716	0.01441	0.04206	0.22368	0.02773	0.02157	0.04426	0.04032	0.01500	0.03771	0.01308	0.01014	0.03935	0.03269	0.00840	0.03034	0.02748	0.23582
1	0.01846	0.01123	0.01414	0.01239	0.04180	0.01003	0.00950	0.07703	0.01797	0.19489	0.07867	0.07952	0.02318	0.01006	0.00684	0.00195	0.00546	0.08223	0.06463	0.24000
2	0.10018	0.01762	0.06635	0.10547	0.21685	0.05222	0.01616	0.14045	0.01866	0.13072	0.01511	0.01719	0.01122	0.00752	0.00763	0.00218	0.05349	0.00594	0.00485	0.01018
3	0.01390	0.01349	0.02115	0.68055	0.07103	0.04727	0.01919	0.01841	0.01428	0.01798	0.01236	0.01829	0.00935	0.00696	0.00694	0.00229	0.00941	0.00613	0.00314	0.00789
4	0.01122	0.00768	0.00963	0.00920	0.01112	0.00715	0.00687	0.01482	0.05248	0.06935	0.45765	0.14679	0.13908	0.01514	0.00819	0.00231	0.00371	0.01328	0.00740	0.00693
5	0.00874	0.00624	0.00837	0.00999	0.01050	0.00587	0.00689	0.01013	0.01359	0.01808	0.03833	0.69200	0.04563	0.02164	0.00897	0.00287	0.00425	0.07569	0.00647	0.00573
6	0.00905	0.00639	0.00802	0.00896	0.00943	0.00605	0.00582	0.01012	0.01309	0.01749	0.08843	0.47509	0.06746	0.22220	0.01613	0.00384	0.00471	0.01641	0.00596	0.00535
7	0.00963	0.00707	0.00902	0.00864	0.01030	0.00646	0.00644	0.01265	0.01902	0.02649	0.60503	0.08838	0.13482	0.01501	0.00827	0.00224	0.00336	0.01321	0.00749	0.00646
8	0.01508	0.01301	0.01360	0.01242	0.01597	0.01449	0.00961	0.03032	0.52814	0.02661	0.03896	0.03630	0.19288	0.01152	0.00739	0.00236	0.00503	0.00960	0.00695	0.00976
9	0.03061	0.01300	0.01689	0.01295	0.01837	0.01192	0.01070	0.12948	0.02185	0.61794	0.02596	0.02273	0.01648	0.00860	0.00701	0.00215	0.00619	0.00691	0.00840	0.01187
10	0.01527	0.01527	0.02137	0.01832	0.01832	0.02137	0.01527	0.01679	0.01069	0.01679	0.00916	0.01527	0.00916	0.01221	0.02290	0.00305	0.74198	0.00611	0.00305	0.00763
11	0.01447	0.01240	0.01447	0.01034	0.01654	0.00930	0.00827	0.01757	0.01447	0.02274	0.01240	0.01447	0.01034	0.00517	0.00517	0.00103	0.00517	0.00413	0.00413	0.79742
12	0.01866	0.75896	0.03657	0.01194	0.01791	0.02761	0.01194	0.02090	0.01418	0.01642	0.00970	0.01119	0.00896	0.00597	0.00448	0.00149	0.00746	0.00373	0.00299	0.00896
13	0.01866	0.75896	0.03657	0.01194	0.01791	0.02761	0.01194	0.02090	0.01418	0.01642	0.00970	0.01119	0.00896	0.00597	0.00448	0.00149	0.00746	0.00373	0.00299	0.00896
14	0.01400	0.03610	0.71860	0.01989	0.03020	0.01621	0.02578	0.02210	0.01473	0.02210	0.01252	0.01473	0.00884	0.00663	0.00663	0.00221	0.01031	0.00516	0.00295	0.01031
15	0.01324	0.00778	0.00853	0.00796	0.00993	0.00780	0.00607	0.07171	0.01764	0.02809	0.21989	0.03277	0.03122	0.00992	0.00602	0.00183	0.00363	0.00825	0.50073	0.00698
16	0.01124	0.00803	0.01124	0.01285	0.01446	0.00803	0.01124	0.01446	0.01606	0.02088	0.03695	0.07871	0.04016	0.01928	0.00964	0.00321	0.00643	0.66426	0.00643	0.00643
17	0.01015	0.00677	0.00761	0.00761	0.00761	0.00677	0.00423	0.01015	0.01015	0.01353	0.02199	0.04567	0.02537	0.75476	0.03552	0.00677	0.00677	0.01015	0.00423	0.00423
18	0.01015	0.00677	0.00761	0.00761	0.00761	0.00677	0.00423	0.01015	0.01015	0.01353	0.02199	0.04567	0.02537	0.75476	0.03552	0.00677	0.00677	0.01015	0.00423	0.00423
19	0.80405	0.01350	0.01026	0.00918	0.01350	0.01565	0.00756	0.02051	0.01188	0.03131	0.00972	0.01134	0.00756	0.00648	0.00432	0.00216	0.00540	0.00378	0.00432	0.00756
20	0.01447	0.01240	0.01447	0.01034	0.01654	0.00930	0.00827	0.01757	0.01447	0.02274	0.01240	0.01447	0.01034	0.00517	0.00517	0.00103	0.00517	0.00413	0.00413	0.79742
21	0.01280	0.00982	0.01150	0.01161	0.01380	0.01035	0.00882	0.02103	0.25723	0.04531	0.05983	0.29512	0.08822	0.01608	0.00824	0.00264	0.00491	0.10796	0.00680	0.00793
22	0.00861	0.00700	0.00765	0.00780	0.00981	0.00604	0.00581	0.01059	0.01620	0.02014	0.15898	0.13973	0.52044	0.01769	0.00836	0.00241	0.00365	0.03646	0.00665	0.00599
23	0.00986	0.00746	0.01034	0.01056	0.01159	0.00810	0.00792	0.01194	0.01309	0.01820	0.11025	0.20308	0.06530	0.07927	0.32866	0.00671	0.04772	0.03875	0.00510	0.00608
24	0.01800	0.01549	0.06192	0.09460	0.09544	0.06531	0.01328	0.09459	0.11691	0.07864	0.01621	0.01960	0.01287	0.01228	0.01298	0.20819	0.04442	0.00630	0.00461	0.00834
25	0.00881	0.00633	0.00836	0.00964	0.01026	0.00596	0.00660	0.01029	0.01392	0.01865	0.09747	0.60101	0.06522	0.04658	0.03125	0.00316	0.00458	0.03975	0.00642	0.00575
26	0.01689	0.01269	0.01508	0.09553	0.04185	0.01397	0.01107	0.04946	0.35219	0.09635	0.05981	0.05681	0.07895	0.01025	0.00715	0.00229	0.00569	0.00866	0.05563	0.00966
27	0.01685	0.01937	0.10591	0.20356	0.20446	0.07172	0.18076	0.02166	0.01570	0.04700	0.01334	0.01750	0.01027	0.00675	0.00774	0.00223	0.03575	0.00647	0.00352	0.00944

[dist]
# distance from previous block
# <min> <max>
0	2

[block]
# block no. 3 follows, 30 sequences, length 14
# corresponding to MSA columns:
# 291-304
name=unknown_D
#
# <colnr> <probs for GDERKNQSTAVLIFYWHMCP>
#	G	D	E	R	K	N	Q	S	T	A	V	L	I	F	Y	W	H	M	C	P
0	0.14316	0.14858	0.02178	0.04561	0.02063	0.18244	0.06861	0.09658	0.01829	0.10095	0.04015	0.01896	0.05027	0.00785	0.00619	0.00199	0.00828	0.00595	0.00480	0.00892
1	0.01678	0.01031	0.01083	0.00957	0.01240	0.01097	0.00749	0.14296	0.11603	0.05516	0.02265	0.02424	0.01725	0.00839	0.00566	0.00184	0.00449	0.00668	0.50798	0.00833
2	0.01639	0.06326	0.20812	0.16384	0.07647	0.08414	0.16964	0.04312	0.04623	0.02149	0.01496	0.01815	0.02877	0.00699	0.00700	0.00219	0.00989	0.00640	0.00361	0.00933
3	0.00926	0.00689	0.00862	0.00864	0.01016	0.00625	0.00631	0.01181	0.01763	0.02400	0.43838	0.20354	0.18970	0.01656	0.00838	0.00236	0.00350	0.01457	0.00719	0.00625
4	0.01031	0.00769	0.01072	0.01055	0.01136	0.00884	0.00777	0.01202	0.01087	0.01545	0.01913	0.03209	0.01931	0.25558	0.48636	0.00947	0.05472	0.00818	0.00384	0.00572
5	0.00873	0.00653	0.00812	0.00890	0.01002	0.00591	0.00623	0.01051	0.01530	0.02019	0.18664	0.44395	0.20494	0.01929	0.00861	0.00259	0.00377	0.01713	0.00673	0.00591
6	0.00881	0.00636	0.00841	0.00994	0.01059	0.00596	0.00697	0.01029	0.01382	0.01823	0.04011	0.63242	0.08301	0.02132	0.00896	0.00285	0.00430	0.09541	0.00647	0.00577
7	0.01301	0.00650	0.00650	0.00650	0.00813	0.00650	0.00488	0.01626	0.01463	0.02602	0.02276	0.02602	0.01789	0.00813	0.00488	0.00163	0.00325	0.00650	0.79350	0.00650
8	0.00898	0.00637	0.00842	0.00988	0.01039	0.00605	0.00682	0.01031	0.01337	0.01777	0.03673	0.60573	0.04349	0.09082	0.01151	0.00325	0.00458	0.09367	0.00626	0.00562
9	0.02464	0.01861	0.01988	0.01567	0.02092	0.02076	0.01281	0.55418	0.16965	0.04094	0.01915	0.01866	0.01381	0.00860	0.00701	0.00215	0.00724	0.00661	0.00701	0.01170
10	0.01762	0.01824	0.05643	0.04024	0.09076	0.15292	0.01324	0.06203	0.23174	0.02428	0.02480	0.03115	0.05856	0.01023	0.00723	0.00229	0.00761	0.10222	0.03920	0.00921
11	0.80405	0.01350	0.01026	0.00918	0.01350	0.01565	0.00756	0.02051	0.01188	0.03131	0.00972	0.01134	0.00756	0.00648	0.00432	0.00216	0.00540	0.00378	0.00432	0.00756
12	0.25500	0.08504	0.01885	0.01477	0.01880	0.34248	0.06062	0.02344	0.01609	0.02190	0.01161	0.01451	0.00975	0.03761	0.00684	0.00212	0.00930	0.00482	0.03859	0.00787
13	0.06089	0.18364	0.02029	0.04380	0.03811	0.10046	0.01151	0.01855	0.01344	0.04738	0.01400	0.01949	0.01268	0.05928	0.22123	0.00499	0.11297	0.00590	0.00369	0.00769

[dist]
# distance from previous block
# <min> <max>
0	6

[block]
# block no. 4 follows, 30 sequences, length 117
# corresponding to MSA columns:
# 311-427
name=unknown_E
#
# <colnr> <probs for GDERKNQSTAVLIFYWHMCP>
#	G	D	E	R	K	N	Q	S	T	A	V	L	I	F	Y	W	H	M	C	P
0	0.04794	0.04433	0.02437	0.10905	0.25872	0.12411	0.07205	0.11746	0.01855	0.05263	0.01443	0.01853	0.01163	0.00857	0.02870	0.00238	0.00929	0.02322	0.00426	0.00977
1	0.01222	0.01069	0.01573	0.15179	0.10629	0.01116	0.04640	0.01732	0.09789	0.02156	0.12308	0.14935	0.14043	0.03388	0.00863	0.00252	0.00610	0.03175	0.00549	0.00771
2	0.01318	0.01240	0.02093	0.73798	0.04806	0.01550	0.01938	0.01783	0.01395	0.01783	0.01240	0.01860	0.00930	0.00698	0.00698	0.00233	0.00930	0.00620	0.00310	0.00775
3	0.01529	0.01447	0.02430	0.23614	0.45843	0.01527	0.01939	0.01933	0.01523	0.02098	0.01686	0.05233	0.04636	0.00768	0.00708	0.00219	0.00816	0.00723	0.00364	0.00963
4	0.01694	0.10331	0.23038	0.07430	0.14201	0.06350	0.15374	0.04784	0.06013	0.02231	0.01370	0.01653	0.01053	0.00665	0.00681	0.00213	0.00963	0.00605	0.00362	0.00989
5	0.01400	0.03610	0.71860	0.01989	0.03020	0.01621	0.02578	0.02210	0.01473	0.02210	0.01252	0.01473	0.00884	0.00663	0.00663	0.00221	0.01031	0.00516	0.00295	0.01031
6	0.00850	0.00607	0.00810	0.00972	0.01012	0.00567	0.00648	0.00972	0.01336	0.01781	0.03846	0.75020	0.04615	0.02186	0.00891	0.00283	0.00405	0.01984	0.00648	0.00567
7	0.01163	0.00634	0.00933	0.00933	0.00953	0.00654	0.00636	0.00971	0.00951	0.01288	0.01389	0.02396	0.01393	0.08098	0.14101	0.61347	0.00815	0.00658	0.00323	0.00363
8	0.02115	0.22493	0.08012	0.12421	0.04848	0.15194	0.03166	0.06164	0.01724	0.13255	0.01403	0.01571	0.01064	0.00716	0.00665	0.00196	0.03093	0.00530	0.00429	0.00940
9	0.02584	0.01374	0.01608	0.01263	0.01735	0.01386	0.01034	0.28031	0.02381	0.32200	0.02247	0.02153	0.01533	0.00844	0.00658	0.00203	0.00607	0.00663	0.16417	0.01080
10	0.01654	0.00788	0.00870	0.00794	0.01036	0.00769	0.00614	0.02046	0.04759	0.15168	0.02389	0.02561	0.01793	0.00828	0.00537	0.00176	0.00385	0.00666	0.61396	0.00769
11	0.01553	0.04193	0.11981	0.23661	0.25051	0.01706	0.03985	0.03789	0.03557	0.02109	0.01347	0.01872	0.01100	0.00760	0.00863	0.00230	0.08715	0.02237	0.00350	0.00941
12	0.01276	0.01057	0.01248	0.07023	0.05114	0.03191	0.00954	0.06671	0.06630	0.02364	0.14901	0.06361	0.24474	0.01347	0.00818	0.00233	0.02740	0.06721	0.06131	0.00744
13	0.00875	0.00623	0.00829	0.00985	0.01032	0.00587	0.00671	0.01005	0.01342	0.01786	0.03774	0.67871	0.04497	0.04909	0.00995	0.00301	0.00431	0.06281	0.00639	0.00567
14	0.71514	0.06599	0.01343	0.01024	0.01479	0.01658	0.03702	0.02062	0.01223	0.02988	0.00990	0.01165	0.00779	0.00642	0.00450	0.00212	0.00582	0.00397	0.00419	0.00774
15	0.00856	0.00705	0.00753	0.00747	0.00964	0.00602	0.00558	0.01061	0.01656	0.02056	0.19079	0.08486	0.56631	0.01715	0.00826	0.00234	0.00350	0.01448	0.00671	0.00602
16	0.01606	0.03994	0.01756	0.06987	0.04439	0.06724	0.03236	0.01927	0.01511	0.04142	0.01270	0.01504	0.01033	0.00565	0.00559	0.00132	0.00650	0.00460	0.00406	0.57100
17	0.01703	0.10560	0.39011	0.01702	0.02504	0.01652	0.03913	0.09511	0.01710	0.07055	0.01493	0.01841	0.01150	0.00732	0.00650	0.00204	0.00872	0.03754	0.00409	0.09574
18	0.21860	0.06857	0.18235	0.01577	0.02229	0.01667	0.09014	0.12364	0.01787	0.15809	0.01527	0.01611	0.01076	0.00710	0.00621	0.00214	0.00784	0.00558	0.00504	0.00996
19	0.02335	0.16474	0.02250	0.06681	0.02229	0.52341	0.01332	0.02548	0.01816	0.01732	0.01111	0.01321	0.00931	0.00698	0.00596	0.00177	0.01109	0.00454	0.03049	0.00817
20	0.00881	0.00709	0.00785	0.00766	0.00977	0.00613	0.00574	0.01110	0.01723	0.02200	0.28999	0.06198	0.48713	0.01650	0.00824	0.00230	0.00345	0.01400	0.00689	0.00613
21	0.01438	0.01221	0.01395	0.01249	0.01576	0.01336	0.03807	0.02695	0.41658	0.02543	0.06956	0.03584	0.15264	0.04947	0.04040	0.00293	0.00586	0.00948	0.03558	0.00906
22	0.00862	0.00667	0.00788	0.00858	0.00999	0.00593	0.00613	0.01035	0.01521	0.01943	0.12363	0.36369	0.33114	0.01918	0.00857	0.00257	0.00382	0.03609	0.00661	0.00588
23	0.01089	0.00801	0.01010	0.01051	0.03882	0.00801	0.00757	0.01418	0.03876	0.02367	0.28010	0.11001	0.15291	0.01564	0.03605	0.00263	0.04063	0.04591	0.13889	0.00673
24	0.01992	0.02080	0.01822	0.01633	0.01948	0.30257	0.05543	0.10549	0.01923	0.02242	0.01940	0.03214	0.01834	0.01087	0.00845	0.00232	0.06077	0.17981	0.05995	0.00807
25	0.02397	0.07710	0.01918	0.01419	0.01833	0.10816	0.01167	0.22373	0.02153	0.19796	0.01786	0.01843	0.01299	0.00854	0.00840	0.00208	0.09783	0.00603	0.10202	0.00997
26	0.01997	0.01629	0.01725	0.01473	0.01914	0.01858	0.01168	0.22263	0.50882	0.03341	0.02508	0.02339	0.01861	0.00916	0.00707	0.00229	0.00614	0.00743	0.00707	0.01128
27	0.01646	0.02248	0.15639	0.07460	0.02238	0.24331	0.03454	0.01972	0.01556	0.01843	0.01854	0.20100	0.01877	0.01285	0.03609	0.00266	0.06530	0.00899	0.00412	0.00783
28	0.00893	0.00659	0.00912	0.06075	0.01294	0.00645	0.00756	0.01047	0.01351	0.01793	0.03658	0.67326	0.04335	0.02072	0.00880	0.00281	0.00451	0.04364	0.00624	0.00584
29	0.01432	0.01284	0.01814	0.10140	0.02255	0.01094	0.08865	0.01794	0.01475	0.02197	0.01432	0.01997	0.01232	0.00646	0.00606	0.00150	0.00653	0.05101	0.00410	0.55423
30	0.01866	0.75896	0.03657	0.01194	0.01791	0.02761	0.01194	0.02090	0.01418	0.01642	0.00970	0.01119	0.00896	0.00597	0.00448	0.00149	0.00746	0.00373	0.00299	0.00896
31	0.07422	0.50495	0.03040	0.01321	0.01859	0.08612	0.03475	0.06381	0.04918	0.02007	0.01167	0.01331	0.01004	0.00829	0.03396	0.00206	0.00828	0.00447	0.00363	0.00897
32	0.01402	0.01256	0.01738	0.01326	0.01837	0.01077	0.09079	0.01723	0.01459	0.02178	0.01771	0.05186	0.04102	0.00807	0.00742	0.00164	0.05748	0.06075	0.00436	0.51895
33	0.06782	0.08552	0.02278	0.02133	0.15756	0.22859	0.06078	0.04260	0.09833	0.10408	0.01575	0.01716	0.01215	0.00842	0.02552	0.00225	0.00923	0.00581	0.00465	0.00966
34	0.04374	0.00830	0.01058	0.00971	0.01201	0.00790	0.00742	0.01698	0.04046	0.13124	0.43095	0.09857	0.07352	0.01633	0.05817	0.00288	0.00499	0.01155	0.00727	0.00745
35	0.01685	0.06520	0.20929	0.08878	0.12646	0.07452	0.20164	0.04733	0.01611	0.02167	0.01268	0.01629	0.00982	0.00683	0.00804	0.00222	0.05710	0.00621	0.00341	0.00958
36	0.01212	0.00606	0.00909	0.00909	0.00909	0.00606	0.00606	0.00909	0.00909	0.01212	0.01212	0.02121	0.01212	0.02424	0.02727	0.79697	0.00606	0.00606	0.00303	0.00303
37	0.01556	0.01455	0.02005	0.15644	0.23025	0.04347	0.01450	0.01921	0.01503	0.02160	0.01255	0.01600	0.01030	0.00591	0.00607	0.00162	0.00719	0.00516	0.00371	0.38084
38	0.03689	0.01637	0.12227	0.01472	0.03933	0.01376	0.04122	0.07129	0.22785	0.07584	0.12944	0.02995	0.09121	0.00989	0.00717	0.00220	0.00623	0.00835	0.00611	0.04994
39	0.01613	0.18731	0.33668	0.01697	0.04141	0.03841	0.04728	0.04282	0.01612	0.04394	0.08353	0.01829	0.01529	0.00726	0.00632	0.00196	0.00848	0.00578	0.00389	0.06214
40	0.01344	0.06175	0.02981	0.01034	0.01307	0.00984	0.00823	0.01826	0.10627	0.09953	0.26595	0.17767	0.13022	0.01416	0.00778	0.00231	0.00452	0.01224	0.00688	0.00774
41	0.00915	0.00690	0.00846	0.00850	0.01009	0.00621	0.00621	0.01161	0.01741	0.02343	0.39783	0.19609	0.23918	0.01673	0.00837	0.00237	0.00351	0.01465	0.00711	0.00621
42	0.05785	0.01382	0.04465	0.01303	0.01861	0.01204	0.01114	0.11094	0.02100	0.58360	0.02501	0.02211	0.01594	0.00845	0.00690	0.00215	0.00630	0.00674	0.00806	0.01166
43	0.01996	0.10387	0.18313	0.02125	0.12975	0.14327	0.01753	0.16594	0.01915	0.02481	0.01252	0.01487	0.00991	0.00763	0.00839	0.00212	0.09653	0.00541	0.00403	0.00991
44	0.01183	0.00936	0.01236	0.01155	0.01355	0.00937	0.05879	0.07999	0.05404	0.02169	0.03742	0.35932	0.15837	0.06005	0.01018	0.00279	0.02445	0.01443	0.04353	0.00691
45	0.00854	0.00707	0.00750	0.00755	0.00972	0.00603	0.00568	0.01051	0.01626	0.01994	0.14288	0.09377	0.58575	0.01749	0.00831	0.00238	0.00362	0.03441	0.00662	0.00598
46	0.01026	0.00792	0.01070	0.06164	0.01400	0.00841	0.00842	0.04410	0.01414	0.01901	0.03321	0.60368	0.03891	0.01938	0.00981	0.00278	0.06426	0.01711	0.00599	0.00628
47	0.01728	0.07064	0.02597	0.05010	0.04788	0.14876	0.16673	0.02015	0.01433	0.01833	0.01223	0.03791	0.01101	0.01125	0.04813	0.00288	0.27817	0.00661	0.00341	0.00821
48	0.01511	0.01575	0.05138	0.01913	0.02200	0.01772	0.17173	0.02104	0.12912	0.02022	0.01523	0.02043	0.01307	0.04594	0.08682	0.00371	0.31200	0.00718	0.00397	0.00845
49	0.00936	0.00705	0.00869	0.00869	0.01038	0.00638	0.00652	0.01198	0.01771	0.02384	0.41217	0.14091	0.23630	0.01642	0.00841	0.00238	0.00365	0.05577	0.00713	0.00628
50	0.01422	0.07152	0.68517	0.01950	0.02960	0.01677	0.02510	0.02204	0.01471	0.02182	0.01238	0.01456	0.00885	0.00660	0.00652	0.00217	0.01017	0.00509	0.00295	0.01025
51	0.02231	0.01481	0.01667	0.01391	0.01843	0.01589	0.01125	0.22536	0.27495	0.18489	0.02743	0.02816	0.05311	0.00999	0.00726	0.00229	0.00621	0.04882	0.00733	0.01092
52	0.00926	0.00664	0.00914	0.01002	0.01073	0.00686	0.00708	0.01090	0.01240	0.01715	0.02982	0.42315	0.03368	0.08366	0.26790	0.00608	0.00946	0.01438	0.02590	0.00579
53	0.07051	0.29121	0.05766	0.04053	0.14113	0.08277	0.03064	0.11669	0.01780	0.02346	0.03458	0.01723	0.01250	0.00725	0.00596	0.00191	0.00807	0.02661	0.00405	0.00945
54	0.01101	0.00765	0.00816	0.00771	0.01043	0.00641	0.00590	0.01289	0.01639	0.10245	0.06552	0.06195	0.62553	0.01659	0.00810	0.00233	0.00382	0.01380	0.00674	0.00661
55	0.01936	0.43869	0.06097	0.01680	0.04144	0.14857	0.10832	0.02319	0.04911	0.01841	0.01165	0.01356	0.00985	0.00638	0.00562	0.00176	0.00902	0.00484	0.00338	0.00908
56	0.02162	0.01245	0.01482	0.01283	0.01684	0.01282	0.01006	0.03186	0.32808	0.30128	0.02952	0.13088	0.02333	0.01095	0.00733	0.00235	0.00547	0.00929	0.00762	0.01059
57	0.00906	0.00672	0.00845	0.00882	0.01013	0.00611	0.00631	0.01130	0.01665	0.02249	0.33988	0.31754	0.17537	0.01774	0.00849	0.00246	0.00362	0.01572	0.00701	0.00611
58	0.00917	0.00704	0.00790	0.00771	0.00954	0.00625	0.00562	0.01132	0.01658	0.02168	0.28670	0.05831	0.38809	0.09708	0.01113	0.00276	0.00380	0.01324	0.03011	0.00597
59	0.01736	0.01499	0.01578	0.01420	0.01815	0.01736	0.01105	0.03708	0.69862	0.02919	0.02840	0.02604	0.02130	0.00947	0.00710	0.00237	0.00552	0.00789	0.00710	0.01105
60	0.01015	0.00677	0.00761	0.00761	0.00761	0.00677	0.00423	0.01015	0.01015	0.01353	0.02199	0.04567	0.02537	0.75476	0.03552	0.00677	0.00677	0.01015	0.00423	0.00423
61	0.01866	0.75896	0.03657	0.01194	0.01791	0.02761	0.01194	0.02090	0.01418	0.01642	0.00970	0.01119	0.00896	0.00597	0.00448	0.00149	0.00746	0.00373	0.00299	0.00896
62	0.01587	0.01515	0.02579	0.28109	0.48393	0.01621	0.02072	0.02019	0.01523	0.02110	0.01288	0.01773	0.01045	0.00648	0.00693	0.00216	0.00864	0.00621	0.00333	0.00992
63	0.07800	0.17000	0.06983	0.03524	0.01747	0.01749	0.01240	0.01746	0.03625	0.01864	0.01521	0.09195	0.01497	0.04121	0.12469	0.00393	0.21668	0.00716	0.00377	0.00769
64	0.80405	0.01350	0.01026	0.00918	0.01350	0.01565	0.00756	0.02051	0.01188	0.03131	0.00972	0.01134	0.00756	0.00648	0.00432	0.00216	0.00540	0.00378	0.00432	0.00756
65	0.00966	0.00712	0.00903	0.00855	0.01029	0.00649	0.00641	0.01275	0.01924	0.02677	0.62314	0.05412	0.15101	0.01472	0.00823	0.00222	0.00332	0.01290	0.00752	0.00649
66	0.02653	0.01955	0.02094	0.01606	0.02164	0.02164	0.01326	0.68796	0.03281	0.04398	0.01675	0.01675	0.01187	0.00838	0.00698	0.00209	0.00768	0.00628	0.00698	0.01187
67	0.17715	0.01688	0.02216	0.19827	0.08078	0.07311	0.12198	0.15434	0.01823	0.02678	0.01315	0.01653	0.01006	0.00849	0.03124	0.00249	0.00909	0.00597	0.00428	0.00903
68	0.01527	0.01527	0.02137	0.01832	0.01832	0.02137	0.01527	0.01679	0.01069	0.01679	0.00916	0.01527	0.00916	0.01221	0.02290	0.00305	0.74198	0.00611	0.00305	0.00763
69	0.01673	0.01418	0.06658	0.07736	0.17022	0.01161	0.01319	0.02037	0.01553	0.11705	0.01828	0.04448	0.03967	0.00732	0.00628	0.00174	0.00645	0.00628	0.04329	0.30338
70	0.02607	0.03326	0.01978	0.01798	0.02157	0.72674	0.01348	0.02787	0.01978	0.01708	0.01079	0.01258	0.00899	0.00719	0.00629	0.00180	0.01258	0.00449	0.00360	0.00809
71	0.01527	0.01527	0.02137	0.01832	0.01832	0.02137	0.01527	0.01679	0.01069	0.01679	0.00916	0.01527	0.00916	0.01221	0.02290	0.00305	0.74198	0.00611	0.00305	0.00763
72	0.01533	0.01091	0.01284	0.01075	0.01400	0.01102	0.05492	0.18858	0.01984	0.02827	0.03491	0.03540	0.22198	0.01089	0.00666	0.00202	0.00508	0.00902	0.29968	0.00791
73	0.02740	0.01568	0.01814	0.01407	0.01932	0.01621	0.01157	0.36952	0.05347	0.30918	0.02179	0.02036	0.01469	0.00851	0.00690	0.00211	0.00668	0.00665	0.04619	0.01157
74	0.00875	0.00671	0.00802	0.00849	0.00994	0.00598	0.00606	0.01069	0.01592	0.02075	0.21830	0.31951	0.29895	0.01839	0.00849	0.00249	0.00367	0.01612	0.00678	0.00598
75	0.01004	0.00718	0.00972	0.00972	0.01045	0.00791	0.00686	0.01150	0.01077	0.01509	0.02006	0.03499	0.02074	0.34407	0.43987	0.00937	0.01374	0.00859	0.00394	0.00540
76	0.01041	0.00799	0.01170	0.06173	0.01442	0.00934	0.00901	0.01264	0.01123	0.01593	0.01842	0.02914	0.01779	0.15431	0.54728	0.00963	0.04147	0.00774	0.00374	0.00608
77	0.12286	0.01235	0.01567	0.01217	0.01744	0.01132	0.01005	0.05686	0.01949	0.60965	0.02501	0.02202	0.01592	0.00837	0.00670	0.00216	0.00594	0.00661	0.00806	0.01136
78	0.01449	0.00938	0.01115	0.01019	0.01308	0.00904	0.00800	0.02015	0.13879	0.14193	0.23686	0.04907	0.23106	0.01383	0.00794	0.00235	0.00445	0.06288	0.00730	0.00806
79	0.03097	0.01241	0.01653	0.01267	0.01808	0.01105	0.01047	0.07973	0.02087	0.66907	0.02678	0.02326	0.01690	0.00862	0.00701	0.00215	0.00606	0.00697	0.00852	0.01188
80	0.02135	0.01586	0.01696	0.01411	0.01766	0.07891	0.01119	0.30257	0.02211	0.11253	0.01859	0.04811	0.01554	0.09163	0.12364	0.00407	0.06275	0.00727	0.00579	0.00935
81	0.00861	0.00620	0.00820	0.00976	0.01029	0.00578	0.00664	0.00994	0.01357	0.01799	0.03958	0.69548	0.07032	0.02159	0.00891	0.00283	0.00413	0.04799	0.00648	0.00571
82	0.01496	0.00888	0.00920	0.00833	0.01056	0.00920	0.00634	0.13539	0.01758	0.02786	0.02398	0.02797	0.05126	0.06902	0.00790	0.00216	0.00434	0.00716	0.55068	0.00725
83	0.00886	0.00661	0.00830	0.00928	0.01040	0.00605	0.00666	0.01063	0.01495	0.01953	0.12401	0.44643	0.20233	0.01976	0.00874	0.00268	0.00406	0.07818	0.00661	0.00590
84	0.01886	0.09093	0.38880	0.06750	0.02690	0.01676	0.01958	0.09822	0.03831	0.14501	0.01584	0.01684	0.01107	0.00723	0.00659	0.00214	0.00879	0.00564	0.00453	0.01048
85	0.13359	0.02003	0.05124	0.06611	0.41195	0.15811	0.01788	0.02242	0.01594	0.02263	0.01210	0.01543	0.00996	0.00650	0.00640	0.00205	0.00886	0.00547	0.00357	0.00976
86	0.01385	0.01245	0.01851	0.05307	0.33109	0.04289	0.01420	0.01645	0.01498	0.02022	0.05078	0.22463	0.04973	0.01313	0.00907	0.05791	0.00674	0.03744	0.00465	0.00820
87	0.00918	0.00666	0.00876	0.00982	0.01079	0.00623	0.00714	0.01117	0.01527	0.02046	0.17934	0.45794	0.09387	0.01961	0.00883	0.00273	0.00422	0.11528	0.00672	0.00599
88	0.01447	0.01240	0.01447	0.01034	0.01654	0.00930	0.00827	0.01757	0.01447	0.02274	0.01240	0.01447	0.01034	0.00517	0.00517	0.00103	0.00517	0.00413	0.00413	0.79742
89	0.01964	0.01773	0.04506	0.02711	0.32915	0.06982	0.01624	0.11887	0.08186	0.07425	0.01593	0.01796	0.01241	0.00813	0.02486	0.00221	0.00808	0.00607	0.00474	0.09988
90	0.07103	0.12869	0.06496	0.07465	0.07426	0.09334	0.03881	0.02046	0.06210	0.03948	0.01525	0.01936	0.01284	0.02093	0.22900	0.00485	0.01173	0.00602	0.00389	0.00832
91	0.01387	0.00734	0.00743	0.00712	0.00900	0.00747	0.00541	0.05926	0.01580	0.02717	0.02238	0.02542	0.01750	0.00815	0.00501	0.00166	0.00354	0.00649	0.74314	0.00685
92	0.05624	0.01496	0.02323	0.15834	0.39636	0.01581	0.01788	0.04556	0.07544	0.07668	0.01559	0.01883	0.01220	0.00857	0.03273	0.00248	0.00826	0.00635	0.00428	0.01021
93	0.01252	0.00754	0.00960	0.00928	0.01103	0.00689	0.00675	0.01463	0.01645	0.12079	0.27118	0.20970	0.11873	0.11905	0.01206	0.00302	0.00445	0.03270	0.00689	0.00672
94	0.00977	0.00722	0.01051	0.01074	0.01178	0.00814	0.00808	0.01190	0.01145	0.01625	0.02181	0.13424	0.02219	0.09699	0.57387	0.00968	0.01572	0.00947	0.00417	0.00601
95	0.01627	0.01098	0.01271	0.01128	0.01455	0.01128	0.00878	0.02559	0.28100	0.14654	0.24581	0.03909	0.12304	0.01188	0.00759	0.00228	0.00464	0.01010	0.00747	0.00913
96	0.00862	0.00616	0.00824	0.00985	0.01031	0.00577	0.00669	0.00993	0.01348	0.01795	0.03839	0.72067	0.04589	0.02175	0.00894	0.00285	0.00415	0.04818	0.00648	0.00570
97	0.01579	0.31417	0.45623	0.01683	0.02547	0.02059	0.02046	0.02164	0.01452	0.01991	0.01144	0.01337	0.00888	0.00638	0.00580	0.00193	0.00922	0.00461	0.00296	0.00979
98	0.02400	0.01829	0.01952	0.01554	0.02068	0.02046	0.01265	0.50846	0.21642	0.03990	0.01997	0.01931	0.01447	0.00868	0.00701	0.00217	0.00708	0.00673	0.00701	0.01164
99	0.00959	0.00732	0.00883	0.00856	0.01040	0.00671	0.00637	0.01290	0.04264	0.02473	0.45615	0.10424	0.24466	0.01559	0.00824	0.00229	0.00349	0.01355	0.00724	0.00648
100	0.08049	0.03079	0.01920	0.01721	0.02101	0.62136	0.01305	0.07947	0.02025	0.02020	0.01118	0.01283	0.00912	0.00723	0.00621	0.00185	0.01169	0.00459	0.00391	0.00835
101	0.00936	0.00766	0.00896	0.00988	0.04039	0.00698	0.00682	0.01215	0.04911	0.02014	0.11411	0.22232	0.41523	0.01750	0.00832	0.00246	0.00401	0.03171	0.00648	0.00639
102	0.00916	0.00663	0.00795	0.00847	0.00973	0.00605	0.00596	0.01107	0.01535	0.02070	0.19088	0.32855	0.21959	0.05603	0.00966	0.00268	0.00383	0.01542	0.06638	0.00592
103	0.01318	0.01240	0.02093	0.73798	0.04806	0.01550	0.01938	0.01783	0.01395	0.01783	0.01240	0.01860	0.00930	0.00698	0.00698	0.00233	0.00930	0.00620	0.00310	0.00775
104	0.01727	0.01658	0.02832	0.04283	0.71123	0.01658	0.02142	0.02142	0.01589	0.02280	0.01313	0.01727	0.01105	0.00622	0.00691	0.00207	0.00829	0.00622	0.00345	0.01105
105	0.00997	0.00748	0.01121	0.01121	0.01246	0.00872	0.00872	0.01246	0.01121	0.01620	0.01869	0.02741	0.01745	0.05234	0.72710	0.01121	0.01869	0.00748	0.00374	0.00623
106	0.01294	0.00943	0.01113	0.01072	0.01272	0.00961	0.00799	0.12770	0.07311	0.02379	0.10124	0.27483	0.13772	0.01735	0.01053	0.09917	0.00498	0.04173	0.00631	0.00700
107	0.11694	0.01563	0.02065	0.01622	0.02080	0.01655	0.14470	0.31893	0.02247	0.03229	0.01910	0.13011	0.01706	0.03837	0.00822	0.00243	0.00746	0.00859	0.03408	0.00941
108	0.00898	0.00667	0.00792	0.00840	0.00950	0.00610	0.00574	0.01048	0.01459	0.01906	0.16030	0.30174	0.23494	0.15717	0.01361	0.00333	0.00428	0.01531	0.00626	0.00562
109	0.00940	0.00654	0.00828	0.00932	0.00971	0.00633	0.00621	0.01041	0.01251	0.01662	0.03238	0.42173	0.03802	0.28442	0.01853	0.00429	0.00529	0.08911	0.00567	0.00524
110	0.01866	0.75896	0.03657	0.01194	0.01791	0.02761	0.01194	0.02090	0.01418	0.01642	0.00970	0.01119	0.00896	0.00597	0.00448	0.00149	0.00746	0.00373	0.00299	0.00896
111	0.00978	0.00673	0.00830	0.00897	0.01027	0.00614	0.00641	0.01168	0.01525	0.04220	0.14155	0.39917	0.19302	0.01836	0.00835	0.00254	0.00391	0.03950	0.06174	0.00613
112	0.01441	0.01105	0.01318	0.01051	0.01527	0.00892	0.00821	0.01783	0.04415	0.07043	0.02133	0.15125	0.03964	0.00940	0.00628	0.00160	0.00503	0.02768	0.00514	0.51871
113	0.01038	0.00687	0.00798	0.00824	0.00981	0.00624	0.00591	0.01240	0.01536	0.04935	0.13425	0.25990	0.24918	0.04815	0.00899	0.00254	0.00385	0.01406	0.14034	0.00620
114	0.02324	0.01791	0.01909	0.01539	0.02039	0.02010	0.01247	0.45449	0.27164	0.03867	0.02093	0.02008	0.01525	0.00877	0.00702	0.00219	0.00691	0.00686	0.00702	0.01157
115	0.00980	0.00650	0.00828	0.00914	0.00984	0.00648	0.00630	0.01141	0.01285	0.01840	0.03040	0.39844	0.03390	0.13633	0.11501	0.00444	0.00648	0.03086	0.13945	0.00569
116	0.00899	0.00637	0.00805	0.00905	0.00971	0.00596	0.00606	0.01037	0.01386	0.01869	0.11245	0.50882	0.09101	0.11852	0.01223	0.00322	0.00427	0.01698	0.02977	0.00562

[dist]
# distance from previous block
# <min> <max>
0	10

[block]
# block no. 5 follows, 30 sequences, length 16
# corresponding to MSA columns:
# 438,439,441-454
name=unknown_F
#
# <colnr> <probs for GDERKNQSTAVLIFYWHMCP>
#	G	D	E	R	K	N	Q	S	T	A	V	L	I	F	Y	W	H	M	C	P
0	0.01328	0.00999	0.01193	0.01178	0.01383	0.01056	0.00899	0.12410	0.11297	0.02383	0.03224	0.30638	0.05910	0.05528	0.06551	0.00353	0.00647	0.11640	0.00632	0.00753
1	0.02577	0.01707	0.01902	0.01478	0.01997	0.01831	0.01214	0.49763	0.05228	0.16111	0.07272	0.02106	0.01734	0.00892	0.00709	0.00212	0.00696	0.00696	0.00733	0.01143
2	0.02082	0.01693	0.02123	0.13376	0.04800	0.01865	0.06243	0.34112	0.16276	0.03334	0.01788	0.01899	0.01317	0.00795	0.00699	0.00215	0.00768	0.00662	0.00586	0.05366
3	0.01382	0.01316	0.01541	0.01639	0.09237	0.10910	0.01145	0.01711	0.04635	0.01784	0.01830	0.02434	0.03906	0.03363	0.41617	0.00733	0.08985	0.00706	0.00388	0.00739
4	0.01332	0.00970	0.01430	0.15924	0.10671	0.03471	0.01097	0.01336	0.01207	0.01594	0.06255	0.02212	0.01520	0.01718	0.01851	0.45168	0.00702	0.00653	0.00345	0.00543
5	0.01242	0.00868	0.01112	0.01051	0.01216	0.00960	0.00798	0.09452	0.01448	0.02099	0.04591	0.02961	0.01987	0.14474	0.40783	0.00776	0.01282	0.00779	0.11452	0.00666
6	0.00899	0.00682	0.00807	0.00860	0.00996	0.00618	0.00617	0.01073	0.01507	0.01939	0.14233	0.26612	0.29469	0.09997	0.01156	0.00303	0.00423	0.06589	0.00639	0.00578
7	0.00956	0.00731	0.00957	0.01005	0.01104	0.00731	0.00737	0.01156	0.01537	0.02088	0.22703	0.38703	0.11481	0.01840	0.00978	0.00265	0.06125	0.05633	0.00655	0.00615
8	0.05176	0.01788	0.01870	0.14406	0.02484	0.09177	0.01331	0.26623	0.20436	0.03101	0.01798	0.01881	0.01339	0.00806	0.00675	0.00213	0.00769	0.00631	0.00572	0.04925
9	0.01329	0.00897	0.01163	0.03038	0.01319	0.00928	0.00812	0.10448	0.01416	0.01932	0.01905	0.10490	0.01930	0.10614	0.13821	0.26316	0.00831	0.04072	0.00445	0.06294
10	0.01740	0.12752	0.17994	0.02207	0.13013	0.01785	0.12848	0.05489	0.05823	0.07087	0.01495	0.01767	0.01164	0.01040	0.05981	0.00281	0.05523	0.00621	0.00404	0.00985
11	0.05937	0.10886	0.32766	0.02145	0.06206	0.01796	0.18614	0.04604	0.01573	0.04927	0.01311	0.01573	0.00977	0.00665	0.00719	0.00217	0.03154	0.00588	0.00356	0.00986
12	0.01790	0.01337	0.02056	0.45596	0.07701	0.01559	0.01707	0.07822	0.01650	0.14307	0.01524	0.01903	0.01102	0.00772	0.00813	0.00231	0.06150	0.00635	0.00442	0.00901
13	0.05325	0.01756	0.07061	0.16762	0.10645	0.07274	0.03875	0.12701	0.06918	0.11517	0.01707	0.04429	0.01311	0.00788	0.00681	0.00214	0.00807	0.00658	0.00503	0.05069
14	0.01358	0.01116	0.01338	0.05752	0.05366	0.04838	0.03580	0.03793	0.07295	0.07285	0.09447	0.08194	0.31190	0.01549	0.04507	0.00276	0.00623	0.01127	0.00601	0.00766
15	0.00877	0.00703	0.00783	0.00774	0.00977	0.00609	0.00576	0.01098	0.01696	0.02163	0.26674	0.09959	0.47285	0.01684	0.00828	0.00233	0.00349	0.01435	0.00685	0.00609

[dist]
# distance from previous block
# <min> <max>
0	16

[block]
# block no. 6 follows, 30 sequences, length 45
# corresponding to MSA columns:
# 471-515
name=unknown_G
#
# <colnr> <probs for GDERKNQSTAVLIFYWHMCP>
#	G	D	E	R	K	N	Q	S	T	A	V	L	I	F	Y	W	H	M	C	P
0	0.01531	0.01496	0.02549	0.25425	0.22341	0.01667	0.12742	0.02079	0.06921	0.02113	0.04121	0.01978	0.01317	0.00771	0.00916	0.00235	0.09816	0.00692	0.00376	0.00914
1	0.04367	0.08314	0.04796	0.15896	0.21487	0.14912	0.03808	0.11571	0.04107	0.02367	0.01319	0.01614	0.01042	0.00694	0.00657	0.00205	0.00911	0.00570	0.00400	0.00964
2	0.03131	0.01188	0.01619	0.01242	0.01781	0.01026	0.01026	0.03401	0.01997	0.71606	0.02753	0.02375	0.01727	0.00864	0.00702	0.00216	0.00594	0.00702	0.00864	0.01188
3	0.01095	0.00782	0.01090	0.01251	0.01399	0.00778	0.01073	0.01394	0.01577	0.02055	0.03711	0.15140	0.04081	0.01956	0.00956	0.00317	0.00617	0.59450	0.00643	0.00634
4	0.01783	0.01361	0.02227	0.20150	0.26191	0.01409	0.06342	0.02248	0.04826	0.14274	0.01877	0.06426	0.01530	0.00832	0.00717	0.00225	0.00777	0.02661	0.03178	0.00967
5	0.02137	0.01703	0.11879	0.05049	0.14042	0.01355	0.15249	0.02568	0.01719	0.29044	0.02043	0.06726	0.01527	0.00818	0.00732	0.00224	0.00813	0.00768	0.00559	0.01046
6	0.01527	0.01527	0.02137	0.01832	0.01832	0.02137	0.01527	0.01679	0.01069	0.01679	0.00916	0.01527	0.00916	0.01221	0.02290	0.00305	0.74198	0.00611	0.00305	0.00763
7	0.01656	0.01670	0.04767	0.10186	0.36292	0.03825	0.16781	0.02094	0.01616	0.04619	0.03539	0.02211	0.06068	0.00735	0.00731	0.00218	0.00882	0.00736	0.00393	0.00980
8	0.02485	0.01871	0.02000	0.01572	0.02100	0.02086	0.01286	0.56879	0.15471	0.04127	0.01889	0.01845	0.01359	0.00858	0.00700	0.00214	0.00728	0.00658	0.00700	0.01172
9	0.01647	0.01882	0.04118	0.02941	0.03647	0.01765	0.68588	0.02235	0.01647	0.02235	0.01412	0.01882	0.01059	0.00588	0.00824	0.00235	0.01176	0.00824	0.00353	0.00941
10	0.01002	0.00741	0.01026	0.01113	0.01249	0.00765	0.00893	0.01249	0.01389	0.01851	0.03442	0.17035	0.10549	0.03117	0.26192	0.00587	0.01004	0.25628	0.00549	0.00617
11	0.01337	0.01160	0.01356	0.03610	0.11530	0.08628	0.00989	0.01639	0.01833	0.04930	0.39330	0.08368	0.10003	0.01264	0.00779	0.00219	0.00536	0.01102	0.00635	0.00751
12	0.01212	0.00606	0.00909	0.00909	0.00909	0.00606	0.00606	0.00909	0.00909	0.01212	0.01212	0.02121	0.01212	0.02424	0.02727	0.79697	0.00606	0.00606	0.00303	0.00303
13	0.01011	0.00692	0.00841	0.00841	0.00869	0.00720	0.00523	0.01066	0.01039	0.01412	0.02125	0.04161	0.02361	0.59849	0.18937	0.00776	0.00942	0.00955	0.00412	0.00467
14	0.01318	0.01240	0.02093	0.73798	0.04806	0.01550	0.01938	0.01783	0.01395	0.01783	0.01240	0.01860	0.00930	0.00698	0.00698	0.00233	0.00930	0.00620	0.00310	0.00775
15	0.01548	0.01325	0.02165	0.12678	0.39829	0.01382	0.01663	0.04132	0.01465	0.02064	0.01371	0.01914	0.01172	0.01271	0.05731	0.14545	0.00849	0.00628	0.03400	0.00870
16	0.00849	0.00613	0.00804	0.00956	0.01008	0.00568	0.00641	0.00973	0.01351	0.01788	0.04039	0.70940	0.08571	0.02161	0.00887	0.00281	0.00402	0.01953	0.00648	0.00568
