[name]
unknown

[dist]
# distance from previous block
# <min> <max>
0	16

[block]
# block no. 0 follows, 35 sequences, length 136
# corresponding to MSA columns:
# 38-173
name=unknown_A
#
# <colnr> <probs for GDERKNQSTAVLIFYWHMCP>
#	G	D	E	R	K	N	Q	S	T	A	V	L	I	F	Y	W	H	M	C	P
0	0.01022	0.00730	0.01022	0.01168	0.01314	0.00730	0.01022	0.01314	0.01460	0.01899	0.03359	0.07156	0.03651	0.01752	0.00876	0.00292	0.00584	0.69478	0.00584	0.00584
1	0.82186	0.01227	0.00932	0.00834	0.01227	0.01423	0.00687	0.01865	0.01080	0.02846	0.00883	0.01031	0.00687	0.00589	0.00393	0.00196	0.00491	0.00344	0.00393	0.00687
2	0.00773	0.00552	0.00736	0.00883	0.00920	0.00515	0.00589	0.00883	0.01215	0.01619	0.03497	0.77291	0.04196	0.01987	0.00810	0.00258	0.00368	0.01803	0.00589	0.00515
3	0.00923	0.00615	0.00692	0.00692	0.00692	0.00615	0.00384	0.00923	0.00923	0.01230	0.01999	0.04151	0.02306	0.77705	0.03229	0.00615	0.00615	0.00923	0.00384	0.00384
4	0.82186	0.01227	0.00932	0.00834	0.01227	0.01423	0.00687	0.01865	0.01080	0.02846	0.00883	0.01031	0.00687	0.00589	0.00393	0.00196	0.00491	0.00344	0.00393	0.00687
5	0.01513	0.01490	0.02666	0.12716	0.54587	0.01510	0.12303	0.01919	0.01430	0.02010	0.01199	0.01606	0.00979	0.00569	0.00647	0.00195	0.00812	0.00592	0.00311	0.00945
6	0.02053	0.01646	0.01699	0.01394	0.01831	0.04550	0.01120	0.39776	0.32781	0.03330	0.01957	0.01871	0.01437	0.00800	0.00637	0.00200	0.00631	0.00628	0.00628	0.01034
7	0.01457	0.01409	0.02318	0.01990	0.12889	0.01299	0.23149	0.03953	0.04102	0.02110	0.01238	0.01527	0.00993	0.00560	0.00673	0.00162	0.04530	0.00549	0.00362	0.34729
8	0.01494	0.06293	0.47913	0.01790	0.02585	0.01594	0.10482	0.12148	0.03327	0.02294	0.01235	0.01421	0.00895	0.00617	0.00613	0.00195	0.00882	0.00515	0.00340	0.03367
9	0.01475	0.01346	0.02288	0.27226	0.44733	0.01429	0.03298	0.01863	0.01413	0.04647	0.03393	0.01730	0.01123	0.00617	0.00637	0.00197	0.00769	0.00589	0.00333	0.00894
10	0.02177	0.24643	0.02243	0.01468	0.01865	0.50979	0.01184	0.05374	0.01703	0.01642	0.00976	0.01124	0.00828	0.00626	0.00527	0.00157	0.00990	0.00396	0.00324	0.00773
11	0.01315	0.01128	0.01315	0.00940	0.01503	0.00846	0.00752	0.01597	0.01315	0.02067	0.01128	0.01315	0.00940	0.00470	0.00470	0.00094	0.00470	0.00376	0.00376	0.81583
12	0.01564	0.01525	0.02674	0.03791	0.67788	0.01516	0.07828	0.01954	0.01449	0.02069	0.01201	0.01582	0.01001	0.00563	0.00638	0.00191	0.00780	0.00581	0.00315	0.00992
13	0.01408	0.26970	0.46868	0.01529	0.02296	0.01782	0.01841	0.02002	0.04013	0.01884	0.03227	0.01375	0.01001	0.00614	0.00546	0.00181	0.00820	0.00457	0.00296	0.00891
14	0.01147	0.01032	0.01886	0.01629	0.01925	0.00991	0.24276	0.01496	0.01440	0.01906	0.02690	0.14517	0.02832	0.01380	0.00825	0.00262	0.00717	0.37886	0.00498	0.00665
15	0.00898	0.00648	0.00848	0.00798	0.00948	0.00599	0.00599	0.01197	0.01796	0.02544	0.73413	0.04739	0.05986	0.01297	0.00748	0.00200	0.00299	0.01147	0.00698	0.00599
16	0.01896	0.02250	0.02619	0.02219	0.08558	0.34171	0.29467	0.02342	0.06670	0.01867	0.01234	0.01495	0.00971	0.00613	0.00653	0.00189	0.01036	0.00580	0.00346	0.00826
17	0.01272	0.03281	0.74418	0.01808	0.02746	0.01473	0.02344	0.02009	0.01339	0.02009	0.01138	0.01339	0.00804	0.00603	0.00603	0.00201	0.00938	0.00469	0.00268	0.00938
18	0.01102	0.00551	0.00826	0.00826	0.00826	0.00551	0.00551	0.00826	0.00826	0.01102	0.01102	0.01928	0.01102	0.02204	0.02479	0.81543	0.00551	0.00551	0.00275	0.00275
19	0.01871	0.01577	0.01481	0.01277	0.01641	0.11760	0.01003	0.19291	0.34034	0.04959	0.02032	0.01988	0.01521	0.00789	0.00604	0.00192	0.00611	0.00619	0.11819	0.00929
20	0.01656	0.01422	0.01975	0.04522	0.01882	0.01826	0.04403	0.11786	0.01367	0.08057	0.01105	0.01499	0.00937	0.00989	0.01637	0.00253	0.52948	0.00573	0.00374	0.00790
21	0.01570	0.01507	0.02575	0.03894	0.73748	0.01507	0.01947	0.01947	0.01444	0.02073	0.01193	0.01570	0.01005	0.00565	0.00628	0.00188	0.00754	0.00565	0.00314	0.01005
22	0.00765	0.00584	0.00703	0.00798	0.00898	0.00522	0.00551	0.00893	0.01297	0.01653	0.04539	0.51955	0.28859	0.01852	0.00788	0.00242	0.00351	0.01638	0.00589	0.00522
23	0.01209	0.01139	0.01923	0.73980	0.06481	0.01412	0.01767	0.01631	0.01274	0.01635	0.01130	0.01688	0.00851	0.00632	0.00634	0.00211	0.00843	0.00564	0.00283	0.00714
24	0.01570	0.01507	0.02575	0.03894	0.73748	0.01507	0.01947	0.01947	0.01444	0.02073	0.01193	0.01570	0.01005	0.00565	0.00628	0.00188	0.00754	0.00565	0.00314	0.01005
25	0.01272	0.03281	0.74418	0.01808	0.02746	0.01473	0.02344	0.02009	0.01339	0.02009	0.01138	0.01339	0.00804	0.00603	0.00603	0.00201	0.00938	0.00469	0.00268	0.00938
26	0.59972	0.01417	0.01200	0.01013	0.01433	0.03718	0.00832	0.19268	0.01575	0.03095	0.01046	0.01157	0.00788	0.00634	0.00458	0.00194	0.00562	0.00402	0.00451	0.00786
27	0.01321	0.01195	0.01233	0.01156	0.01344	0.13531	0.00892	0.09139	0.01363	0.01753	0.01573	0.02239	0.01435	0.07235	0.50738	0.00763	0.01441	0.00634	0.00372	0.00643
28	0.01842	0.01736	0.03105	0.02268	0.02849	0.08548	0.50109	0.05299	0.01643	0.13884	0.01465	0.01722	0.01053	0.00597	0.00709	0.00205	0.00974	0.00690	0.00411	0.00891
29	0.00778	0.00562	0.00738	0.00877	0.00927	0.00522	0.00594	0.00896	0.01234	0.01632	0.03658	0.71417	0.08088	0.01960	0.00808	0.00256	0.00371	0.03573	0.00589	0.00518
30	0.01668	0.73156	0.08010	0.01133	0.01702	0.02442	0.01168	0.01907	0.01292	0.01527	0.00899	0.01039	0.00813	0.00547	0.00420	0.00140	0.00696	0.00348	0.00271	0.00822
31	0.01198	0.01128	0.01903	0.76180	0.04369	0.01409	0.01762	0.01621	0.01268	0.01621	0.01128	0.01691	0.00846	0.00634	0.00634	0.00211	0.00846	0.00564	0.00282	0.00705
32	0.01497	0.01711	0.03743	0.02674	0.03316	0.01604	0.71444	0.02032	0.01497	0.02032	0.01283	0.01711	0.00963	0.00535	0.00749	0.00214	0.01070	0.00749	0.00321	0.00856
33	0.00795	0.00644	0.00705	0.00690	0.00885	0.00555	0.00518	0.00998	0.01553	0.01967	0.26875	0.05688	0.52883	0.01512	0.00749	0.00210	0.00315	0.01280	0.00622	0.00555
34	0.01198	0.01128	0.01903	0.76180	0.04369	0.01409	0.01762	0.01621	0.01268	0.01621	0.01128	0.01691	0.00846	0.00634	0.00634	0.00211	0.00846	0.00564	0.00282	0.00705
35	0.14642	0.01410	0.01582	0.01231	0.01714	0.01464	0.01016	0.33220	0.02221	0.32366	0.01825	0.01707	0.01220	0.00745	0.00599	0.00194	0.00602	0.00564	0.00659	0.01020
36	0.00750	0.00643	0.00643	0.00643	0.00857	0.00536	0.00482	0.00910	0.01446	0.01714	0.06427	0.06105	0.73490	0.01607	0.00750	0.00214	0.00321	0.01339	0.00589	0.00536
37	0.01501	0.01676	0.03545	0.02773	0.11148	0.01606	0.61044	0.02004	0.01472	0.02018	0.01257	0.01683	0.00962	0.00560	0.00785	0.00213	0.03847	0.00721	0.00318	0.00866
38	0.01198	0.01128	0.01903	0.76180	0.04369	0.01409	0.01762	0.01621	0.01268	0.01621	0.01128	0.01691	0.00846	0.00634	0.00634	0.00211	0.00846	0.00564	0.00282	0.00705
39	0.01272	0.03281	0.74418	0.01808	0.02746	0.01473	0.02344	0.02009	0.01339	0.02009	0.01138	0.01339	0.00804	0.00603	0.00603	0.00201	0.00938	0.00469	0.00268	0.00938
40	0.01272	0.03281	0.74418	0.01808	0.02746	0.01473	0.02344	0.02009	0.01339	0.02009	0.01138	0.01339	0.00804	0.00603	0.00603	0.00201	0.00938	0.00469	0.00268	0.00938
41	0.01436	0.32142	0.46990	0.01529	0.02315	0.01873	0.01858	0.01967	0.01320	0.01810	0.01039	0.01215	0.00808	0.00580	0.00527	0.00176	0.00838	0.00419	0.00269	0.00890
42	0.01570	0.01507	0.02575	0.03894	0.73748	0.01507	0.01947	0.01947	0.01444	0.02073	0.01193	0.01570	0.01005	0.00565	0.00628	0.00188	0.00754	0.00565	0.00314	0.01005
43	0.00855	0.00644	0.00790	0.00759	0.00923	0.00579	0.00567	0.01112	0.01686	0.02296	0.53529	0.07229	0.23906	0.01400	0.00750	0.00205	0.00307	0.01218	0.00666	0.00579
44	0.01570	0.01507	0.02575	0.03894	0.73748	0.01507	0.01947	0.01947	0.01444	0.02073	0.01193	0.01570	0.01005	0.00565	0.00628	0.00188	0.00754	0.00565	0.00314	0.01005
45	0.01269	0.01200	0.02031	0.62347	0.17647	0.01428	0.01797	0.01683	0.01302	0.01707	0.01140	0.01668	0.00876	0.00621	0.00633	0.00207	0.00828	0.00564	0.00288	0.00762
46	0.02403	0.01739	0.01874	0.01442	0.01945	0.01917	0.01190	0.67077	0.04980	0.06575	0.01591	0.01572	0.01122	0.00765	0.00635	0.00191	0.00686	0.00578	0.00641	0.01077
47	0.00773	0.00552	0.00736	0.00883	0.00920	0.00515	0.00589	0.00883	0.01215	0.01619	0.03497	0.77291	0.04196	0.01987	0.00810	0.00258	0.00368	0.01803	0.00589	0.00515
48	0.01554	0.01491	0.02547	0.06953	0.70812	0.01503	0.01939	0.01933	0.01437	0.02053	0.01190	0.01575	0.00998	0.00568	0.00628	0.00189	0.00758	0.00565	0.00313	0.00992
49	0.01383	0.15773	0.50301	0.01832	0.02652	0.01672	0.13854	0.01994	0.01358	0.01925	0.01119	0.01348	0.00832	0.00581	0.00594	0.00192	0.00916	0.00494	0.00277	0.00903
50	0.02846	0.01080	0.01472	0.01129	0.01619	0.00932	0.00932	0.03092	0.01816	0.74187	0.02503	0.02159	0.01570	0.00785	0.00638	0.00196	0.00540	0.00638	0.00785	0.01080
51	0.02846	0.01080	0.01472	0.01129	0.01619	0.00932	0.00932	0.03092	0.01816	0.74187	0.02503	0.02159	0.01570	0.00785	0.00638	0.00196	0.00540	0.00638	0.00785	0.01080
52	0.03745	0.01468	0.02481	0.03304	0.54398	0.01471	0.09261	0.02058	0.06506	0.04127	0.04021	0.01762	0.01259	0.00617	0.00641	0.00194	0.00740	0.00613	0.00368	0.00967
53	0.01570	0.01507	0.02575	0.03894	0.73748	0.01507	0.01947	0.01947	0.01444	0.02073	0.01193	0.01570	0.01005	0.00565	0.00628	0.00188	0.00754	0.00565	0.00314	0.01005
54	0.42493	0.02086	0.01366	0.01227	0.01592	0.36076	0.00954	0.04102	0.01469	0.02270	0.00947	0.01097	0.00759	0.00624	0.00484	0.00181	0.00803	0.00380	0.00368	0.00721
55	0.01680	0.75189	0.06079	0.01113	0.01672	0.02470	0.01134	0.01904	0.01291	0.01513	0.00892	0.01030	0.00814	0.00545	0.00415	0.00138	0.00688	0.00344	0.00271	0.00819
56	0.01473	0.01408	0.02399	0.22826	0.55577	0.01482	0.01898	0.01862	0.01398	0.01954	0.01176	0.01602	0.00963	0.00583	0.00630	0.00194	0.00778	0.00565	0.00306	0.00926
57	0.03560	0.48842	0.10743	0.01422	0.02014	0.02110	0.12329	0.04106	0.01409	0.06598	0.01100	0.01253	0.00892	0.00572	0.00504	0.00162	0.00755	0.00445	0.00327	0.00857
58	0.01071	0.00831	0.00998	0.00924	0.01127	0.00849	0.00702	0.01752	0.19871	0.02572	0.55332	0.04133	0.04952	0.01186	0.00722	0.00204	0.00351	0.01037	0.00685	0.00702
59	0.01234	0.00606	0.00619	0.00608	0.00766	0.00602	0.00459	0.01528	0.01345	0.04590	0.02083	0.02359	0.01624	0.00741	0.00449	0.00149	0.00303	0.00593	0.78735	0.00606
60	0.01406	0.01222	0.01492	0.01684	0.16806	0.03989	0.01071	0.07969	0.22714	0.02439	0.18606	0.07286	0.08616	0.01008	0.00680	0.00204	0.00528	0.00873	0.00566	0.00841
61	0.00761	0.00643	0.00658	0.00654	0.00864	0.00540	0.00491	0.00932	0.01472	0.01775	0.11407	0.06004	0.68472	0.01584	0.00750	0.00213	0.00320	0.01325	0.00597	0.00540
62	0.00773	0.00552	0.00736	0.00883	0.00920	0.00515	0.00589	0.00883	0.01215	0.01619	0.03497	0.77291	0.04196	0.01987	0.00810	0.00258	0.00368	0.01803	0.00589	0.00515
63	0.02846	0.01080	0.01472	0.01129	0.01619	0.00932	0.00932	0.03092	0.01816	0.74187	0.02503	0.02159	0.01570	0.00785	0.00638	0.00196	0.00540	0.00638	0.00785	0.01080
64	0.01570	0.01507	0.02575	0.03894	0.73748	0.01507	0.01947	0.01947	0.01444	0.02073	0.01193	0.01570	0.01005	0.00565	0.00628	0.00188	0.00754	0.00565	0.00314	0.01005
65	0.01289	0.06180	0.71664	0.01780	0.02702	0.01513	0.02295	0.02005	0.01337	0.01989	0.01129	0.01327	0.00804	0.00600	0.00595	0.00198	0.00928	0.00464	0.00268	0.00933
66	0.00804	0.00640	0.00721	0.00711	0.00893	0.00557	0.00529	0.01011	0.01557	0.02004	0.30094	0.09604	0.45596	0.01518	0.00753	0.00211	0.00316	0.01297	0.00628	0.00557
67	0.00805	0.00626	0.00732	0.00745	0.00901	0.00553	0.00544	0.01002	0.01516	0.01975	0.28464	0.20499	0.36206	0.01581	0.00762	0.00218	0.00324	0.01371	0.00626	0.00553
68	0.03576	0.01377	0.01867	0.58737	0.03760	0.10153	0.01636	0.01727	0.01299	0.01638	0.01077	0.01582	0.00837	0.00677	0.00748	0.00211	0.07561	0.00539	0.00290	0.00707
69	0.02743	0.01245	0.01575	0.01207	0.01702	0.01178	0.00997	0.19349	0.02093	0.57538	0.02270	0.02008	0.01454	0.00780	0.00637	0.00195	0.00577	0.00622	0.00749	0.01079
70	0.01198	0.01128	0.01903	0.76180	0.04369	0.01409	0.01762	0.01621	0.01268	0.01621	0.01128	0.01691	0.00846	0.00634	0.00634	0.00211	0.00846	0.00564	0.00282	0.00705
71	0.01551	0.01524	0.02542	0.11497	0.60377	0.03744	0.05615	0.01934	0.01439	0.02006	0.01185	0.01578	0.00980	0.00574	0.00633	0.00191	0.00792	0.00570	0.00311	0.00957
72	0.02787	0.01093	0.01470	0.01136	0.01621	0.00963	0.00936	0.03105	0.05135	0.70833	0.02506	0.02169	0.01588	0.00789	0.00638	0.00197	0.00538	0.00642	0.00779	0.01076
73	0.00887	0.00632	0.00680	0.00668	0.00851	0.00564	0.00501	0.01112	0.01503	0.02065	0.21440	0.04900	0.40453	0.01329	0.00677	0.00195	0.00310	0.01117	0.19553	0.00564
74	0.10967	0.02369	0.01635	0.01454	0.01814	0.45969	0.01115	0.07707	0.13953	0.05136	0.01349	0.01412	0.01046	0.00696	0.00572	0.00179	0.00904	0.00476	0.00431	0.00816
75	0.01465	0.01400	0.02386	0.24260	0.54201	0.01480	0.01895	0.01855	0.01395	0.01945	0.01175	0.01604	0.00960	0.00585	0.00630	0.00195	0.00780	0.00565	0.00305	0.00920
76	0.00752	0.00633	0.00652	0.00668	0.00864	0.00533	0.00493	0.00908	0.01422	0.01704	0.06119	0.13586	0.66208	0.01647	0.00756	0.00219	0.00326	0.01388	0.00589	0.00533
77	0.01028	0.00866	0.01323	0.01221	0.01334	0.01057	0.04003	0.01251	0.01031	0.01508	0.01509	0.02238	0.01409	0.03847	0.57379	0.00837	0.16571	0.00658	0.00327	0.00604
78	0.01685	0.01339	0.01438	0.01277	0.01647	0.01523	0.00998	0.03347	0.66612	0.08707	0.02575	0.02349	0.01906	0.00854	0.00645	0.00214	0.00505	0.00711	0.00657	0.01011
79	0.02329	0.01736	0.01857	0.01443	0.01936	0.01929	0.01186	0.64890	0.09859	0.03865	0.01628	0.01606	0.01164	0.00771	0.00636	0.00193	0.00679	0.00586	0.00636	0.01071
80	0.01570	0.01507	0.02575	0.03894	0.73748	0.01507	0.01947	0.01947	0.01444	0.02073	0.01193	0.01570	0.01005	0.00565	0.00628	0.00188	0.00754	0.00565	0.00314	0.01005
81	0.02797	0.01091	0.01471	0.01135	0.01621	0.00957	0.00935	0.03102	0.04558	0.71416	0.02506	0.02167	0.01585	0.00788	0.00638	0.00197	0.00538	0.00641	0.00780	0.01077
82	0.01407	0.01394	0.01948	0.01661	0.01708	0.01903	0.03214	0.01696	0.07047	0.01636	0.00993	0.01479	0.00930	0.01074	0.01925	0.00271	0.68106	0.00574	0.00310	0.00724
83	0.00781	0.00582	0.00731	0.00846	0.00927	0.00531	0.00589	0.00912	0.01279	0.01655	0.04134	0.57863	0.19412	0.01891	0.00800	0.00250	0.00369	0.05336	0.00589	0.00523
84	0.02378	0.02786	0.01818	0.01601	0.01962	0.61209	0.01222	0.15703	0.02024	0.02019	0.01084	0.01216	0.00867	0.00674	0.00584	0.00169	0.01059	0.00440	0.00386	0.00801
85	0.02412	0.01777	0.01904	0.01460	0.01967	0.01967	0.01206	0.71633	0.02983	0.03998	0.01523	0.01523	0.01079	0.00762	0.00635	0.00190	0.00698	0.00571	0.00635	0.01079
86	0.00857	0.00647	0.00791	0.00755	0.00923	0.00581	0.00566	0.01118	0.01699	0.02314	0.54874	0.05117	0.24668	0.01383	0.00749	0.00204	0.00305	0.01200	0.00668	0.00581
87	0.01618	0.01639	0.03124	0.02293	0.02864	0.01610	0.51085	0.12738	0.07556	0.02376	0.01540	0.02034	0.01207	0.00663	0.00730	0.00215	0.00940	0.04473	0.00410	0.00887
88	0.00850	0.00607	0.00824	0.00971	0.01041	0.00581	0.00722	0.01016	0.01290	0.01705	0.03454	0.55709	0.04028	0.01915	0.00830	0.00268	0.00435	0.22629	0.00587	0.00536
89	0.01530	0.01760	0.03671	0.02635	0.03265	0.04346	0.68827	0.02051	0.01509	0.02014	0.01272	0.01690	0.00957	0.00539	0.00742	0.00212	0.01072	0.00736	0.00321	0.00851
90	0.01012	0.00723	0.01010	0.01156	0.01298	0.00721	0.01004	0.01296	0.01450	0.01887	0.03365	0.10124	0.03674	0.01762	0.00873	0.00291	0.00575	0.66614	0.00584	0.00581
91	0.01678	0.01471	0.02482	0.03660	0.67644	0.01459	0.01861	0.02044	0.01476	0.08175	0.01304	0.01620	0.01053	0.00584	0.00629	0.00189	0.00736	0.00571	0.00354	0.01011
92	0.04768	0.02857	0.01936	0.01698	0.02053	0.66650	0.07151	0.02470	0.01750	0.01633	0.01003	0.01189	0.00825	0.00642	0.00581	0.00169	0.01117	0.00435	0.00328	0.00744
93	0.01497	0.01711	0.03743	0.02674	0.03316	0.01604	0.71444	0.02032	0.01497	0.02032	0.01283	0.01711	0.00963	0.00535	0.00749	0.00214	0.01070	0.00749	0.00321	0.00856
94	0.00801	0.00572	0.00768	0.00915	0.00964	0.00539	0.00637	0.00931	0.01242	0.01650	0.03481	0.69486	0.04135	0.01961	0.00817	0.00261	0.00392	0.09334	0.00588	0.00523
95	0.02811	0.01136	0.01507	0.01155	0.01647	0.01016	0.00954	0.08619	0.01910	0.68527	0.02424	0.02108	0.01531	0.00783	0.00638	0.00196	0.00553	0.00633	0.00773	0.01080
96	0.01552	0.01336	0.01412	0.01273	0.01623	0.01541	0.00989	0.03289	0.69942	0.02650	0.05243	0.02456	0.02089	0.00877	0.00649	0.00215	0.00494	0.00733	0.00647	0.00989
97	0.00777	0.00581	0.00723	0.00820	0.00907	0.00527	0.00565	0.00915	0.01315	0.01715	0.09713	0.54836	0.20611	0.01843	0.00791	0.00243	0.00352	0.01642	0.00598	0.00527
98	0.01230	0.01160	0.01960	0.70063	0.10240	0.01418	0.01777	0.01648	0.01283	0.01659	0.01133	0.01681	0.00859	0.00628	0.00634	0.00209	0.00838	0.00564	0.00285	0.00730
99	0.00894	0.00648	0.00842	0.00794	0.00945	0.00597	0.00595	0.01189	0.01786	0.02522	0.71608	0.04776	0.07805	0.01305	0.00748	0.00200	0.00300	0.01152	0.00695	0.00597
100	0.02700	0.01156	0.01494	0.01157	0.01635	0.01065	0.00952	0.10914	0.04594	0.61349	0.02381	0.02100	0.01529	0.00784	0.00632	0.00195	0.00549	0.00632	0.03118	0.01062
101	0.82186	0.01227	0.00932	0.00834	0.01227	0.01423	0.00687	0.01865	0.01080	0.02846	0.00883	0.01031	0.00687	0.00589	0.00393	0.00196	0.00491	0.00344	0.00393	0.00687
102	0.02430	0.01747	0.01886	0.01446	0.01953	0.01924	0.01194	0.68732	0.02933	0.06968	0.01565	0.01550	0.01100	0.00763	0.00635	0.00191	0.00691	0.00574	0.00641	0.01079
103	0.00793	0.00567	0.00754	0.00870	0.00924	0.00528	0.00590	0.00933	0.01306	0.01765	0.14494	0.65879	0.04477	0.01879	0.00800	0.00248	0.00357	0.01700	0.00606	0.00528
104	0.01931	0.01648	0.02836	0.02231	0.08426	0.01638	0.36490	0.23749	0.01988	0.10332	0.01480	0.01689	0.01067	0.00634	0.00692	0.00203	0.00872	0.00667	0.00467	0.00961
105	0.01560	0.01497	0.02556	0.05924	0.71799	0.01505	0.01942	0.01938	0.01440	0.02060	0.01191	0.01574	0.01000	0.00567	0.00628	0.00189	0.00756	0.00565	0.00313	0.00996
106	0.02412	0.01777	0.01904	0.01460	0.01967	0.01967	0.01206	0.71633	0.02983	0.03998	0.01523	0.01523	0.01079	0.00762	0.00635	0.00190	0.00698	0.00571	0.00635	0.01079
107	0.01625	0.01352	0.01436	0.01285	0.01649	0.01554	0.01001	0.03361	0.69963	0.05320	0.02579	0.02359	0.01923	0.00858	0.00645	0.00214	0.00503	0.00714	0.00651	0.01007
108	0.01290	0.06447	0.71410	0.01778	0.02698	0.01517	0.02291	0.02004	0.01337	0.01987	0.01128	0.01326	0.00804	0.00600	0.00594	0.00198	0.00927	0.00463	0.00268	0.00932
109	0.00894	0.00648	0.00843	0.00794	0.00945	0.00597	0.00596	0.01190	0.01787	0.02523	0.71694	0.04774	0.07719	0.01305	0.00748	0.00200	0.00300	0.01152	0.00696	0.00597
110	0.01015	0.00725	0.01014	0.01160	0.01303	0.00724	0.01010	0.01302	0.01453	0.01891	0.03363	0.09132	0.03666	0.01759	0.00874	0.00291	0.00578	0.67571	0.00584	0.00582
111	0.01743	0.01727	0.03165	0.02316	0.02896	0.07851	0.52722	0.02282	0.05579	0.10928	0.01481	0.01755	0.01080	0.00594	0.00714	0.00207	0.00979	0.00704	0.00397	0.00881
112	0.02804	0.01147	0.01514	0.01161	0.01653	0.01033	0.00959	0.09732	0.01929	0.67387	0.02408	0.02098	0.01523	0.00783	0.00638	0.00196	0.00555	0.00631	0.00771	0.01080
113	0.01003	0.00724	0.00995	0.01130	0.01281	0.00716	0.00983	0.01285	0.01459	0.01885	0.03581	0.07080	0.08705	0.01742	0.00867	0.00286	0.00565	0.64547	0.00585	0.00581
114	0.01497	0.01711	0.03743	0.02674	0.03316	0.01604	0.71444	0.02032	0.01497	0.02032	0.01283	0.01711	0.00963	0.00535	0.00749	0.00214	0.01070	0.00749	0.00321	0.00856
115	0.02175	0.01651	0.01861	0.12958	0.08338	0.13283	0.03450	0.20108	0.06716	0.20568	0.01658	0.01714	0.01173	0.00714	0.00629	0.00193	0.00755	0.00576	0.00534	0.00949
116	0.00773	0.00552	0.00736	0.00883	0.00920	0.00515	0.00589	0.00883	0.01215	0.01619	0.03497	0.77291	0.04196	0.01987	0.00810	0.00258	0.00368	0.01803	0.00589	0.00515
117	0.00862	0.00638	0.00804	0.00782	0.00931	0.00580	0.00579	0.01121	0.01684	0.02322	0.55958	0.11986	0.16576	0.01413	0.00754	0.00207	0.00309	0.01241	0.00670	0.00580
118	0.01310	0.01241	0.02104	0.54491	0.25186	0.01439	0.01817	0.01719	0.01321	0.01756	0.01147	0.01655	0.00893	0.00614	0.00632	0.00205	0.00818	0.00564	0.00292	0.00795
119	0.00868	0.00629	0.00851	0.00871	0.00983	0.00612	0.00642	0.01102	0.01490	0.02082	0.39431	0.24817	0.04664	0.02092	0.13400	0.00358	0.00565	0.03369	0.00603	0.00569
120	0.01363	0.01156	0.01341	0.00962	0.01524	0.00895	0.00772	0.04662	0.01388	0.02152	0.01145	0.01325	0.00946	0.00483	0.00477	0.00098	0.00480	0.00384	0.00387	0.78060
121	0.01291	0.06555	0.71307	0.01777	0.02697	0.01519	0.02289	0.02004	0.01337	0.01986	0.01127	0.01325	0.00804	0.00600	0.00594	0.00198	0.00926	0.00463	0.00268	0.00932
122	0.00861	0.00631	0.00807	0.00796	0.00933	0.00578	0.00584	0.01113	0.01659	0.02297	0.54264	0.17198	0.13025	0.01448	0.00759	0.00211	0.00313	0.01279	0.00668	0.00578
123	0.02808	0.01141	0.01510	0.01158	0.01650	0.01023	0.00956	0.09085	0.01918	0.68049	0.02417	0.02104	0.01527	0.00783	0.00638	0.00196	0.00554	0.00632	0.00772	0.01080
124	0.16007	0.04809	0.03746	0.01294	0.01762	0.09260	0.06735	0.02605	0.01600	0.40837	0.01802	0.01724	0.01212	0.00711	0.00632	0.00194	0.03012	0.00552	0.00578	0.00930
125	0.01503	0.01273	0.01337	0.01194	0.01540	0.01432	0.00931	0.08351	0.55024	0.02601	0.03151	0.02934	0.14009	0.00979	0.00662	0.00213	0.00487	0.00811	0.00635	0.00931
126	0.01022	0.00730	0.01022	0.01168	0.01314	0.00730	0.01022	0.01314	0.01460	0.01899	0.03359	0.07156	0.03651	0.01752	0.00876	0.00292	0.00584	0.69478	0.00584	0.00584
127	0.01246	0.01220	0.02196	0.64485	0.04202	0.01440	0.12848	0.01686	0.01305	0.01686	0.01152	0.01694	0.00864	0.00618	0.00652	0.00212	0.00881	0.00593	0.00288	0.00729
128	0.01409	0.20435	0.54015	0.01623	0.02436	0.03738	0.01986	0.02036	0.03342	0.01896	0.01116	0.01289	0.00838	0.00598	0.00558	0.00185	0.00871	0.00444	0.00281	0.00905
129	0.00895	0.00639	0.00876	0.01022	0.01112	0.00620	0.00800	0.01094	0.01334	0.01756	0.03429	0.43090	0.03930	0.01873	0.00842	0.00274	0.00473	0.34805	0.00587	0.00549
130	0.02412	0.01777	0.01904	0.01460	0.01967	0.01967	0.01206	0.71633	0.02983	0.03998	0.01523	0.01523	0.01079	0.00762	0.00635	0.00190	0.00698	0.00571	0.00635	0.01079
131	0.01511	0.01447	0.02469	0.15304	0.62796	0.01492	0.01918	0.01895	0.01417	0.02001	0.01183	0.01589	0.00980	0.00576	0.00629	0.00192	0.00768	0.00565	0.00309	0.00957
132	0.01272	0.03281	0.74418	0.01808	0.02746	0.01473	0.02344	0.02009	0.01339	0.02009	0.01138	0.01339	0.00804	0.00603	0.00603	0.00201	0.00938	0.00469	0.00268	0.00938
133	0.01022	0.00730	0.01022	0.01168	0.01314	0.00730	0.01022	0.01314	0.01460	0.01899	0.03359	0.07156	0.03651	0.01752	0.00876	0.00292	0.00584	0.69478	0.00584	0.00584
134	0.01069	0.00784	0.01057	0.01179	0.01343	0.00802	0.01021	0.01488	0.07481	0.01962	0.03293	0.06751	0.03506	0.01677	0.00857	0.00286	0.00577	0.63659	0.00589	0.00620
135	0.01507	0.01443	0.02461	0.16119	0.62014	0.01491	0.01916	0.01892	0.01415	0.01996	0.01182	0.01591	0.00978	0.00577	0.00629	0.00192	0.00769	0.00565	0.00309	0.00954

[dist]
# distance from previous block
# <min> <max>
0	34

[block]
# block no. 1 follows, 35 sequences, length 16
# corresponding to MSA columns:
# 208-223
name=unknown_B
#
# <colnr> <probs for GDERKNQSTAVLIFYWHMCP>
#	G	D	E	R	K	N	Q	S	T	A	V	L	I	F	Y	W	H	M	C	P
0	0.02846	0.01080	0.01472	0.01129	0.01619	0.00932	0.00932	0.03092	0.01816	0.74187	0.02503	0.02159	0.01570	0.00785	0.00638	0.00196	0.00540	0.00638	0.00785	0.01080
1	0.82186	0.01227	0.00932	0.00834	0.01227	0.01423	0.00687	0.01865	0.01080	0.02846	0.00883	0.01031	0.00687	0.00589	0.00393	0.00196	0.00491	0.00344	0.00393	0.00687
2	0.00750	0.00643	0.00643	0.00643	0.00857	0.00536	0.00482	0.00910	0.01446	0.01714	0.06427	0.06105	0.73490	0.01607	0.00750	0.00214	0.00321	0.01339	0.00589	0.00536
3	0.00752	0.00635	0.00650	0.00662	0.00862	0.00534	0.00491	0.00908	0.01428	0.01706	0.06193	0.11784	0.67962	0.01637	0.00755	0.00218	0.00325	0.01376	0.00589	0.00534
4	0.01272	0.03281	0.74418	0.01808	0.02746	0.01473	0.02344	0.02009	0.01339	0.02009	0.01138	0.01339	0.00804	0.00603	0.00603	0.00201	0.00938	0.00469	0.00268	0.00938
5	0.01272	0.03281	0.74418	0.01808	0.02746	0.01473	0.02344	0.02009	0.01339	0.02009	0.01138	0.01339	0.00804	0.00603	0.00603	0.00201	0.00938	0.00469	0.00268	0.00938
6	0.01022	0.00730	0.01022	0.01168	0.01314	0.00730	0.01022	0.01314	0.01460	0.01899	0.03359	0.07156	0.03651	0.01752	0.00876	0.00292	0.00584	0.69478	0.00584	0.00584
7	0.00815	0.00598	0.00774	0.00899	0.00982	0.00557	0.00652	0.00966	0.01294	0.01684	0.03911	0.53840	0.14500	0.01888	0.00813	0.00257	0.00400	0.14050	0.00588	0.00531
8	0.01549	0.52113	0.28010	0.01336	0.02016	0.02150	0.01522	0.01938	0.01306	0.01672	0.00971	0.01129	0.00810	0.00564	0.00475	0.00158	0.00768	0.00384	0.00270	0.00857
9	0.01315	0.10810	0.67263	0.01735	0.02633	0.01578	0.02217	0.01998	0.01334	0.01957	0.01113	0.01307	0.00805	0.00597	0.00583	0.00194	0.00911	0.00456	0.00268	0.00925
10	0.01644	0.01348	0.01436	0.01283	0.01648	0.01544	0.01000	0.03356	0.68910	0.06385	0.02578	0.02356	0.01917	0.00857	0.00645	0.00214	0.00504	0.00713	0.00653	0.01008
11	0.00976	0.00692	0.00947	0.01079	0.01194	0.00687	0.00895	0.01212	0.01370	0.01790	0.03243	0.17167	0.03596	0.09400	0.01102	0.00319	0.00555	0.52656	0.00565	0.00554
12	0.01608	0.36092	0.33554	0.01444	0.02151	0.01995	0.01640	0.11076	0.01532	0.02042	0.01076	0.01221	0.00844	0.00597	0.00521	0.00171	0.00792	0.00425	0.00317	0.00902
13	0.12224	0.01823	0.05633	0.01389	0.01887	0.06874	0.01182	0.48273	0.04945	0.07426	0.01477	0.01491	0.01055	0.00729	0.00599	0.00191	0.00701	0.00535	0.00572	0.00996
14	0.00858	0.00634	0.00809	0.00891	0.01008	0.00592	0.00677	0.01053	0.01409	0.01847	0.15170	0.30825	0.18060	0.04102	0.00881	0.00260	0.00412	0.19365	0.00599	0.00547
15	0.01302	0.10767	0.63136	0.01699	0.02553	0.01538	0.02143	0.01960	0.01341	0.01950	0.01234	0.01626	0.00961	0.00660	0.00598	0.00199	0.00892	0.04249	0.00286	0.00906

[dist]
# distance from previous block
# <min> <max>
0	3

[block]
# block no. 2 follows, 35 sequences, length 10
# corresponding to MSA columns:
# 227-236
name=unknown_C
#
# <colnr> <probs for GDERKNQSTAVLIFYWHMCP>
#	G	D	E	R	K	N	Q	S	T	A	V	L	I	F	Y	W	H	M	C	P
0	0.01914	0.01638	0.07755	0.01458	0.01956	0.01575	0.07676	0.32881	0.15144	0.07712	0.06206	0.02063	0.04018	0.00796	0.00648	0.00196	0.00659	0.00663	0.00578	0.04463
1	0.01330	0.13463	0.64742	0.01710	0.02594	0.01614	0.02173	0.01994	0.01333	0.01939	0.01104	0.01296	0.00805	0.00595	0.00576	0.00192	0.00902	0.00451	0.00268	0.00921
2	0.01359	0.18581	0.59878	0.01660	0.02517	0.01685	0.02087	0.01987	0.01329	0.01903	0.01086	0.01274	0.00806	0.00590	0.00563	0.00188	0.00885	0.00442	0.00269	0.00912
3	0.00923	0.00669	0.00899	0.01014	0.01138	0.00645	0.00823	0.01157	0.01428	0.01873	0.10403	0.24991	0.09937	0.01757	0.00836	0.00268	0.00478	0.39600	0.00597	0.00564
4	0.01272	0.03281	0.74418	0.01808	0.02746	0.01473	0.02344	0.02009	0.01339	0.02009	0.01138	0.01339	0.00804	0.00603	0.00603	0.00201	0.00938	0.00469	0.00268	0.00938
5	0.01471	0.23765	0.51051	0.01574	0.02379	0.01731	0.01924	0.02035	0.01350	0.05618	0.01139	0.01293	0.00846	0.00596	0.00551	0.00183	0.00846	0.00442	0.00296	0.00911
6	0.01613	0.02805	0.58650	0.01661	0.02502	0.01356	0.02039	0.02243	0.01442	0.17612	0.01433	0.01517	0.00969	0.00642	0.00610	0.00200	0.00852	0.00505	0.00380	0.00968
7	0.02846	0.01080	0.01472	0.01129	0.01619	0.00932	0.00932	0.03092	0.01816	0.74187	0.02503	0.02159	0.01570	0.00785	0.00638	0.00196	0.00540	0.00638	0.00785	0.01080
8	0.01719	0.23348	0.03334	0.02027	0.02620	0.01814	0.41880	0.05050	0.01531	0.08713	0.01294	0.01548	0.00982	0.00570	0.00636	0.00189	0.00893	0.00614	0.00364	0.00874
9	0.06177	0.04385	0.34299	0.02134	0.20017	0.01515	0.01824	0.08977	0.05556	0.04719	0.01370	0.03835	0.01070	0.00671	0.00605	0.00197	0.00779	0.00553	0.00372	0.00946

[dist]
# distance from previous block
# <min> <max>
0	3

[block]
# block no. 3 follows, 35 sequences, length 25
# corresponding to MSA columns:
# 240-247,250-266
name=unknown_D
#
# <colnr> <probs for GDERKNQSTAVLIFYWHMCP>
#	G	D	E	R	K	N	Q	S	T	A	V	L	I	F	Y	W	H	M	C	P
0	0.01586	0.01627	0.04945	0.03626	0.65028	0.04677	0.01904	0.01955	0.01435	0.02024	0.01166	0.01536	0.00982	0.00595	0.00690	0.00192	0.04188	0.00555	0.00311	0.00977
1	0.00856	0.00647	0.00791	0.00755	0.00922	0.00581	0.00566	0.01117	0.01698	0.02312	0.54696	0.05121	0.24848	0.01383	0.00749	0.00204	0.00305	0.01201	0.00668	0.00581
2	0.00773	0.00552	0.00736	0.00883	0.00920	0.00515	0.00589	0.00883	0.01215	0.01619	0.03497	0.77291	0.04196	0.01987	0.00810	0.00258	0.00368	0.01803	0.00589	0.00515
3	0.01079	0.00559	0.00809	0.00809	0.00809	0.00559	0.00529	0.00839	0.00839	0.01118	0.01218	0.02215	0.01257	0.11938	0.02576	0.71109	0.00559	0.00599	0.00290	0.00290
4	0.01272	0.03281	0.74418	0.01808	0.02746	0.01473	0.02344	0.02009	0.01339	0.02009	0.01138	0.01339	0.00804	0.00603	0.00603	0.00201	0.00938	0.00469	0.00268	0.00938
5	0.00795	0.00616	0.00724	0.00758	0.00900	0.00545	0.00545	0.00975	0.01463	0.01896	0.22623	0.28008	0.34585	0.01647	0.00768	0.00224	0.00330	0.01435	0.00617	0.00545
6	0.01578	0.01363	0.01434	0.01291	0.01650	0.01578	0.01004	0.03371	0.72602	0.02654	0.02582	0.02367	0.01937	0.00861	0.00646	0.00215	0.00502	0.00717	0.00646	0.01004
7	0.02129	0.17927	0.11256	0.01517	0.02104	0.01503	0.14973	0.04878	0.01623	0.33258	0.01717	0.01705	0.01179	0.00661	0.00606	0.00187	0.00727	0.00573	0.00516	0.00962
8	0.82186	0.01227	0.00932	0.00834	0.01227	0.01423	0.00687	0.01865	0.01080	0.02846	0.00883	0.01031	0.00687	0.00589	0.00393	0.00196	0.00491	0.00344	0.00393	0.00687
9	0.01643	0.01590	0.05155	0.03056	0.38182	0.01494	0.25136	0.02144	0.05058	0.08104	0.01401	0.01699	0.01078	0.00589	0.00669	0.00199	0.00835	0.00637	0.00371	0.00959
10	0.00788	0.00568	0.00750	0.00889	0.00942	0.00530	0.00611	0.00912	0.01242	0.01642	0.03638	0.69133	0.07710	0.01953	0.00811	0.00258	0.00380	0.06133	0.00589	0.00521
11	0.82186	0.01227	0.00932	0.00834	0.01227	0.01423	0.00687	0.01865	0.01080	0.02846	0.00883	0.01031	0.00687	0.00589	0.00393	0.00196	0.00491	0.00344	0.00393	0.00687
12	0.01431	0.02382	0.38256	0.04824	0.12996	0.01526	0.09142	0.04670	0.14280	0.02192	0.01435	0.01616	0.01065	0.00643	0.00632	0.00203	0.00834	0.00564	0.00362	0.00947
13	0.02690	0.01045	0.01422	0.01102	0.01566	0.00906	0.00906	0.02940	0.01814	0.68439	0.08192	0.02366	0.01925	0.00826	0.00647	0.00197	0.00521	0.00679	0.00778	0.01041
14	0.01315	0.01128	0.01315	0.00940	0.01503	0.00846	0.00752	0.01597	0.01315	0.02067	0.01128	0.01315	0.00940	0.00470	0.00470	0.00094	0.00470	0.00376	0.00376	0.81583
15	0.02206	0.05947	0.01434	0.01072	0.01458	0.00996	0.00869	0.06713	0.01754	0.45940	0.09782	0.14588	0.02374	0.01017	0.00662	0.00202	0.00506	0.00857	0.00702	0.00921
16	0.01548	0.00967	0.01201	0.00956	0.01354	0.00816	0.00755	0.01889	0.04784	0.19233	0.23273	0.04742	0.02740	0.00853	0.00611	0.00160	0.00434	0.00725	0.00587	0.32374
17	0.01101	0.00883	0.01076	0.00872	0.01224	0.00718	0.00674	0.01383	0.01531	0.02266	0.34333	0.06193	0.03392	0.00915	0.00612	0.00149	0.00387	0.00791	0.00533	0.40966
18	0.01418	0.01555	0.13411	0.01339	0.01755	0.01374	0.02939	0.06268	0.40479	0.02437	0.05059	0.09677	0.04189	0.00993	0.00674	0.00219	0.00577	0.04172	0.00566	0.00898
19	0.06785	0.23069	0.27228	0.01372	0.02009	0.01679	0.01480	0.06260	0.01500	0.18228	0.01371	0.01429	0.00989	0.00653	0.00597	0.00184	0.03361	0.00472	0.00414	0.00920
20	0.04602	0.04247	0.03137	0.01208	0.01590	0.09648	0.00976	0.14338	0.19805	0.10779	0.07495	0.07373	0.06136	0.00917	0.00632	0.00194	0.00592	0.00740	0.00576	0.05012
21	0.03802	0.01027	0.01270	0.01080	0.04027	0.00857	0.00804	0.01824	0.03235	0.16594	0.01908	0.16556	0.01733	0.00851	0.00579	0.00156	0.00476	0.00726	0.00506	0.41991
22	0.21703	0.05328	0.05770	0.01090	0.01587	0.05508	0.00945	0.02315	0.04655	0.25296	0.01553	0.01539	0.01103	0.00640	0.00523	0.00170	0.00577	0.00473	0.00508	0.18716
23	0.06985	0.04686	0.07763	0.05323	0.09095	0.01387	0.01204	0.15659	0.08700	0.17707	0.04982	0.01917	0.03077	0.00734	0.00601	0.00186	0.00618	0.00592	0.00534	0.08251
24	0.05196	0.05193	0.17764	0.01508	0.06720	0.01401	0.03025	0.14705	0.08299	0.12686	0.07413	0.01967	0.03302	0.00743	0.00609	0.00188	0.00654	0.00604	0.00503	0.07519

[dist]
# distance from previous block
# <min> <max>
2	17

[block]
# block no. 4 follows, 35 sequences, length 21
# corresponding to MSA columns:
# 284-304
name=unknown_E
#
# <colnr> <probs for GDERKNQSTAVLIFYWHMCP>
#	G	D	E	R	K	N	Q	S	T	A	V	L	I	F	Y	W	H	M	C	P
0	0.01528	0.08796	0.21098	0.01412	0.01936	0.01256	0.08766	0.04588	0.03817	0.13466	0.12004	0.09571	0.02158	0.00901	0.00654	0.00200	0.00668	0.03112	0.00488	0.03580
1	0.04538	0.24041	0.26856	0.01318	0.01935	0.03277	0.01421	0.02038	0.03801	0.09803	0.05563	0.01599	0.01272	0.00804	0.03366	0.00204	0.00751	0.00494	0.00380	0.06539
2	0.05624	0.10267	0.34953	0.01452	0.04272	0.01356	0.01554	0.04818	0.01513	0.06523	0.15579	0.04081	0.02043	0.00813	0.00616	0.00196	0.00697	0.02377	0.00424	0.00841
3	0.01432	0.27852	0.34431	0.01389	0.02059	0.03565	0.01577	0.03635	0.01425	0.01937	0.09024	0.01605	0.01394	0.00656	0.00545	0.00171	0.00751	0.00496	0.00334	0.05721
4	0.01735	0.46529	0.18076	0.01369	0.01966	0.12260	0.03705	0.02059	0.01396	0.04296	0.01023	0.01168	0.00845	0.00579	0.00491	0.00158	0.00806	0.00401	0.00299	0.00840
5	0.06950	0.26665	0.37567	0.01408	0.02133	0.01723	0.01635	0.01956	0.01317	0.04008	0.01078	0.01238	0.00835	0.00575	0.00514	0.00169	0.00768	0.00415	0.00303	0.08744
6	0.01547	0.18877	0.32477	0.02094	0.18950	0.05824	0.01818	0.04422	0.04679	0.01984	0.01166	0.01366	0.00915	0.00601	0.00568	0.00182	0.00822	0.00475	0.00312	0.00923
7	0.01387	0.23478	0.55223	0.01613	0.02444	0.01753	0.02004	0.01979	0.01326	0.01870	0.01069	0.01252	0.00806	0.00587	0.00550	0.00183	0.00868	0.00434	0.00269	0.00904
8	0.00799	0.00573	0.00756	0.00893	0.00944	0.00538	0.00616	0.00923	0.01234	0.01634	0.03539	0.66186	0.06562	0.04513	0.00895	0.00271	0.00393	0.07631	0.00582	0.00518
9	0.01365	0.11814	0.46037	0.04172	0.10192	0.01585	0.09494	0.01953	0.01375	0.01962	0.03546	0.01489	0.01018	0.00608	0.00603	0.00193	0.00877	0.00519	0.00294	0.00903
10	0.01381	0.22508	0.56146	0.01622	0.02458	0.01740	0.02020	0.01981	0.01326	0.01876	0.01073	0.01257	0.00806	0.00587	0.00552	0.00184	0.00871	0.00435	0.00269	0.00906
11	0.01022	0.00730	0.01022	0.01168	0.01314	0.00730	0.01022	0.01314	0.01460	0.01899	0.03359	0.07156	0.03651	0.01752	0.00876	0.00292	0.00584	0.69478	0.00584	0.00584
12	0.01494	0.01590	0.03186	0.09841	0.26798	0.01554	0.41958	0.01966	0.01459	0.02008	0.01239	0.01663	0.00966	0.00554	0.00698	0.00205	0.00944	0.00671	0.00315	0.00891
13	0.02232	0.02076	0.04897	0.01494	0.01945	0.20568	0.01241	0.44116	0.04597	0.03103	0.01526	0.01830	0.01202	0.00798	0.00634	0.00192	0.00809	0.05255	0.00537	0.00949
14	0.01198	0.01128	0.01903	0.76180	0.04369	0.01409	0.01762	0.01621	0.01268	0.01621	0.01128	0.01691	0.00846	0.00634	0.00634	0.00211	0.00846	0.00564	0.00282	0.00705
15	0.00773	0.00552	0.00736	0.00883	0.00920	0.00515	0.00589	0.00883	0.01215	0.01619	0.03497	0.77291	0.04196	0.01987	0.00810	0.00258	0.00368	0.01803	0.00589	0.00515
16	0.01856	0.01840	0.16583	0.02085	0.05108	0.01412	0.33972	0.05278	0.01614	0.21384	0.01588	0.01747	0.01101	0.00625	0.00682	0.00205	0.00876	0.00652	0.00448	0.00946
17	0.02606	0.01410	0.01705	0.01373	0.04229	0.01421	0.01091	0.34087	0.02331	0.39955	0.02015	0.01851	0.01329	0.00767	0.00636	0.00193	0.00619	0.00605	0.00701	0.01077
18	0.00773	0.00552	0.00736	0.00883	0.00920	0.00515	0.00589	0.00883	0.01215	0.01619	0.03497	0.77291	0.04196	0.01987	0.00810	0.00258	0.00368	0.01803	0.00589	0.00515
19	0.01235	0.01165	0.01969	0.69068	0.11196	0.01419	0.01780	0.01653	0.01286	0.01665	0.01134	0.01679	0.00861	0.00627	0.00634	0.00209	0.00837	0.00564	0.00285	0.00734
20	0.02350	0.01858	0.05829	0.01478	0.02009	0.01941	0.01267	0.67864	0.02894	0.03890	0.01502	0.01513	0.01064	0.00753	0.00633	0.00191	0.00711	0.00566	0.00615	0.01071

[dist]
# distance from previous block
# <min> <max>
0	0

# created by:
# /home/cegg/simao/soft/augustus-3.2.1/scripts/msa2prfl.pl ./align_prep/EOG090W0EG5.fa
