[name]
unknown

[dist]
# distance from previous block
# <min> <max>
0	283

[block]
# block no. 0 follows, 33 sequences, length 70
# corresponding to MSA columns:
# 412-479,481,482
name=unknown_A
#
# <colnr> <probs for GDERKNQSTAVLIFYWHMCP>
#	G	D	E	R	K	N	Q	S	T	A	V	L	I	F	Y	W	H	M	C	P
0	0.00954	0.00793	0.00893	0.03289	0.01175	0.03481	0.00715	0.01215	0.04011	0.01921	0.13789	0.24198	0.28609	0.01650	0.00797	0.00241	0.00438	0.10624	0.00607	0.00597
1	0.71015	0.01226	0.01003	0.03533	0.01379	0.01402	0.00748	0.01904	0.01176	0.05086	0.01343	0.01464	0.05282	0.00686	0.00448	0.00205	0.00513	0.00440	0.00429	0.00717
2	0.00802	0.00573	0.00764	0.00917	0.00955	0.00535	0.00611	0.00917	0.01260	0.01681	0.03628	0.76434	0.04354	0.02062	0.00840	0.00267	0.00382	0.01872	0.00611	0.00535
3	0.01440	0.01440	0.02016	0.01728	0.01728	0.02016	0.01440	0.01584	0.01008	0.01584	0.00864	0.01440	0.00864	0.01152	0.02160	0.00288	0.75659	0.00576	0.00288	0.00720
4	0.01434	0.05890	0.42204	0.02209	0.03040	0.01630	0.29979	0.02090	0.01454	0.02072	0.01231	0.01532	0.00901	0.00594	0.00678	0.00211	0.01017	0.00599	0.00300	0.00933
5	0.01320	0.03405	0.73453	0.01876	0.02849	0.01529	0.02432	0.02085	0.01390	0.02085	0.01181	0.01390	0.00834	0.00625	0.00625	0.00208	0.00973	0.00486	0.00278	0.00973
6	0.00790	0.00671	0.00684	0.00690	0.00909	0.00564	0.00524	0.00963	0.01501	0.01787	0.06533	0.06382	0.69560	0.01674	0.00784	0.00226	0.00345	0.04244	0.00611	0.00558
7	0.01328	0.05436	0.59103	0.01749	0.02592	0.04254	0.03844	0.01982	0.01415	0.02015	0.01654	0.04004	0.06295	0.00745	0.00639	0.00208	0.00910	0.00596	0.00317	0.00914
8	0.01620	0.39956	0.06165	0.01642	0.02104	0.02222	0.15306	0.01908	0.01302	0.01694	0.00998	0.01312	0.00880	0.00711	0.00935	0.00197	0.19428	0.00500	0.00293	0.00828
9	0.00957	0.00638	0.00718	0.00718	0.00718	0.00638	0.00399	0.00957	0.00957	0.01276	0.02074	0.04308	0.02393	0.76864	0.03351	0.00638	0.00638	0.00957	0.00399	0.00399
10	0.00975	0.00738	0.01051	0.01033	0.01120	0.00861	0.00778	0.01158	0.01035	0.01482	0.01769	0.02852	0.01744	0.18766	0.55934	0.00928	0.06113	0.00747	0.00358	0.00559
11	0.03938	0.01775	0.06982	0.04907	0.09140	0.12618	0.12428	0.05991	0.07000	0.15651	0.01810	0.02328	0.01443	0.00824	0.00734	0.00216	0.03220	0.07594	0.00491	0.00912
12	0.01001	0.00794	0.01174	0.01139	0.01243	0.00967	0.00898	0.01225	0.01052	0.01535	0.01654	0.02447	0.01551	0.04479	0.65524	0.00965	0.10713	0.00690	0.00345	0.00604
13	0.01018	0.00739	0.01001	0.01114	0.01273	0.00722	0.00955	0.01308	0.01552	0.02024	0.11379	0.07039	0.11106	0.01751	0.00881	0.00284	0.00546	0.54086	0.00620	0.00603
14	0.01603	0.01105	0.01186	0.01030	0.01323	0.01168	0.00806	0.27387	0.04540	0.02904	0.02724	0.13736	0.10462	0.01084	0.00638	0.00198	0.00486	0.00894	0.25924	0.00800
15	0.01421	0.01168	0.01371	0.00982	0.01564	0.00881	0.00787	0.01712	0.01383	0.04658	0.01221	0.01396	0.00998	0.00499	0.00494	0.00101	0.00490	0.00400	0.00405	0.78068
16	0.01832	0.01509	0.01628	0.04533	0.01913	0.01729	0.01127	0.19780	0.51872	0.03049	0.02347	0.02213	0.01744	0.00858	0.00667	0.00217	0.00586	0.00701	0.00651	0.01048
17	0.04050	0.01885	0.14812	0.08065	0.05179	0.10049	0.01362	0.06182	0.03640	0.02165	0.01280	0.01628	0.01045	0.00663	0.00650	0.00170	0.04126	0.02637	0.00380	0.30031
18	0.01501	0.02297	0.37803	0.01524	0.02177	0.01400	0.01675	0.02481	0.22052	0.07595	0.01930	0.05947	0.01492	0.00807	0.00641	0.00212	0.00730	0.00660	0.06120	0.00955
19	0.01320	0.03405	0.73453	0.01876	0.02849	0.01529	0.02432	0.02085	0.01390	0.02085	0.01181	0.01390	0.00834	0.00625	0.00625	0.00208	0.00973	0.00486	0.00278	0.00973
20	0.01442	0.04657	0.02075	0.06251	0.01900	0.02007	0.01451	0.01607	0.01041	0.01589	0.00885	0.01443	0.00864	0.01097	0.01993	0.00278	0.67838	0.00567	0.00288	0.00726
21	0.01861	0.01568	0.11104	0.01636	0.07195	0.02871	0.07976	0.12669	0.05942	0.18352	0.05268	0.10567	0.01941	0.03371	0.00779	0.00227	0.00687	0.02499	0.02565	0.00923
22	0.00978	0.00666	0.00852	0.00906	0.01044	0.00611	0.00674	0.01176	0.01499	0.05850	0.18399	0.35185	0.17080	0.01739	0.00815	0.00248	0.00399	0.10636	0.00645	0.00598
23	0.01243	0.01170	0.01975	0.75282	0.04534	0.01463	0.01828	0.01682	0.01316	0.01682	0.01170	0.01755	0.00878	0.00658	0.00658	0.00219	0.00878	0.00585	0.00293	0.00731
24	0.01413	0.03718	0.04041	0.01221	0.03527	0.11447	0.00942	0.03367	0.05014	0.07336	0.14556	0.20737	0.10681	0.01330	0.00776	0.00224	0.02679	0.05702	0.00569	0.00719
25	0.04274	0.06660	0.24876	0.18075	0.08099	0.01532	0.08161	0.03768	0.06582	0.02134	0.05777	0.02006	0.01401	0.00729	0.00652	0.00211	0.00824	0.02994	0.00372	0.00874
26	0.00926	0.00669	0.00875	0.00832	0.00982	0.00618	0.00621	0.01229	0.01839	0.02601	0.69604	0.07835	0.06136	0.01375	0.00779	0.00210	0.00313	0.01218	0.00720	0.00618
27	0.00927	0.00673	0.00873	0.00823	0.00980	0.00619	0.00617	0.01233	0.01852	0.02612	0.70299	0.04963	0.08340	0.01356	0.00777	0.00208	0.00311	0.01197	0.00721	0.00619
28	0.01699	0.01473	0.02252	0.11078	0.25447	0.03701	0.10060	0.08264	0.06726	0.07476	0.01622	0.06389	0.01346	0.00788	0.00781	0.00213	0.06054	0.00702	0.03004	0.00923
29	0.01373	0.01348	0.02066	0.60716	0.13953	0.05994	0.01821	0.01788	0.01376	0.01743	0.01170	0.01702	0.00899	0.00649	0.00653	0.00213	0.00883	0.00575	0.00300	0.00777
30	0.00796	0.00673	0.00691	0.00701	0.00919	0.00568	0.00535	0.00971	0.01501	0.01790	0.06472	0.06403	0.68242	0.01677	0.00786	0.00227	0.00350	0.05528	0.00611	0.00559
31	0.01378	0.02866	0.53759	0.07674	0.17273	0.01531	0.02304	0.02042	0.01407	0.02069	0.01192	0.01466	0.00880	0.00620	0.00633	0.00207	0.00927	0.00514	0.00289	0.00970
32	0.06298	0.04611	0.04590	0.02178	0.18202	0.05558	0.11403	0.19660	0.04063	0.12793	0.01545	0.01690	0.01141	0.00784	0.02363	0.00219	0.00809	0.00601	0.00494	0.00998
33	0.01148	0.00757	0.00914	0.00851	0.01073	0.00691	0.00646	0.01480	0.05528	0.10474	0.35768	0.09338	0.26012	0.01404	0.00762	0.00216	0.00362	0.01209	0.00690	0.00676
34	0.00853	0.00691	0.00760	0.00739	0.00944	0.00609	0.00555	0.01116	0.03695	0.02085	0.27755	0.05763	0.49023	0.01541	0.00774	0.00217	0.00332	0.01306	0.00650	0.00591
35	0.01153	0.01041	0.01432	0.01437	0.05782	0.03345	0.03451	0.01399	0.03483	0.01744	0.04983	0.25168	0.05401	0.02104	0.15124	0.00409	0.20367	0.01067	0.00448	0.00664
36	0.04109	0.21181	0.17087	0.03638	0.02136	0.06728	0.01440	0.23723	0.01987	0.09978	0.01369	0.01443	0.01008	0.00685	0.00582	0.00185	0.00783	0.00500	0.00462	0.00974
37	0.00888	0.00689	0.00957	0.01223	0.08613	0.00647	0.00749	0.01038	0.01312	0.01741	0.03707	0.60753	0.11481	0.01862	0.00813	0.00255	0.00419	0.01681	0.00581	0.00591
38	0.01136	0.00577	0.00865	0.00865	0.00870	0.00581	0.00581	0.00870	0.00865	0.01158	0.01167	0.02024	0.01163	0.02389	0.05323	0.77785	0.00617	0.00577	0.00288	0.00297
39	0.01450	0.01276	0.01482	0.02975	0.01716	0.03308	0.02468	0.04639	0.01458	0.02201	0.01187	0.01388	0.00975	0.00513	0.00509	0.00110	0.00545	0.00414	0.00396	0.70992
40	0.04125	0.20668	0.15095	0.01742	0.04236	0.08393	0.14148	0.10765	0.01709	0.08730	0.01375	0.01648	0.01071	0.00676	0.00611	0.00191	0.00853	0.02636	0.00407	0.00922
41	0.02840	0.01303	0.01641	0.01258	0.01772	0.01239	0.01039	0.20211	0.02190	0.55779	0.02341	0.02074	0.01501	0.00809	0.00661	0.00202	0.00602	0.00645	0.00775	0.01120
42	0.01439	0.01382	0.02175	0.19231	0.37338	0.03729	0.03875	0.01855	0.04140	0.01995	0.03721	0.07027	0.05377	0.00813	0.00724	0.00211	0.02972	0.00740	0.00377	0.00877
43	0.00928	0.00669	0.00878	0.00845	0.00993	0.00620	0.00634	0.01226	0.01816	0.02560	0.66075	0.09415	0.06024	0.01404	0.00784	0.00214	0.00324	0.03261	0.00714	0.00615
44	0.01335	0.03305	0.69151	0.01932	0.02886	0.01537	0.06633	0.02086	0.01400	0.02086	0.01191	0.01414	0.00844	0.00621	0.00635	0.00209	0.00981	0.00504	0.00281	0.00968
45	0.00882	0.00676	0.00811	0.00792	0.00973	0.00605	0.00604	0.01137	0.01702	0.02267	0.42766	0.05625	0.31322	0.01500	0.00786	0.00219	0.00339	0.05725	0.00674	0.00595
46	0.00957	0.00638	0.00718	0.00718	0.00718	0.00638	0.00399	0.00957	0.00957	0.01276	0.02074	0.04308	0.02393	0.76864	0.03351	0.00638	0.00638	0.00957	0.00399	0.00399
47	0.81514	0.01273	0.00968	0.00866	0.01273	0.01477	0.00713	0.01935	0.01120	0.02954	0.00917	0.01069	0.00713	0.00611	0.00407	0.00204	0.00509	0.00356	0.00407	0.00713
48	0.02503	0.01844	0.01976	0.01515	0.02042	0.02042	0.01251	0.70562	0.03095	0.04149	0.01581	0.01581	0.01120	0.00790	0.00659	0.00198	0.00724	0.00593	0.00659	0.01120
49	0.00956	0.00645	0.00754	0.00754	0.00767	0.00658	0.00444	0.00981	0.00968	0.01303	0.02041	0.04124	0.02314	0.69185	0.10920	0.00683	0.00758	0.00930	0.00394	0.00419
50	0.01333	0.01216	0.01955	0.67897	0.04270	0.01483	0.01756	0.06361	0.01439	0.01864	0.01198	0.01731	0.00897	0.00662	0.00653	0.00214	0.00855	0.00579	0.00321	0.03317
51	0.01637	0.01414	0.01489	0.01340	0.01712	0.01637	0.01042	0.03498	0.71568	0.02754	0.02679	0.02456	0.02010	0.00893	0.00670	0.00223	0.00521	0.00744	0.00670	0.01042
52	0.81514	0.01273	0.00968	0.00866	0.01273	0.01477	0.00713	0.01935	0.01120	0.02954	0.00917	0.01069	0.00713	0.00611	0.00407	0.00204	0.00509	0.00356	0.00407	0.00713
53	0.00802	0.00573	0.00764	0.00917	0.00955	0.00535	0.00611	0.00917	0.01260	0.01681	0.03628	0.76434	0.04354	0.02062	0.00840	0.00267	0.00382	0.01872	0.00611	0.00535
54	0.00943	0.00695	0.01007	0.01007	0.01107	0.00795	0.00759	0.01143	0.01043	0.01490	0.01810	0.02846	0.01758	0.15768	0.63578	0.00995	0.01594	0.00743	0.00360	0.00559
55	0.00802	0.00573	0.00764	0.00917	0.00955	0.00535	0.00611	0.00917	0.01260	0.01681	0.03628	0.76434	0.04354	0.02062	0.00840	0.00267	0.00382	0.01872	0.00611	0.00535
56	0.01365	0.01170	0.01365	0.00975	0.01560	0.00878	0.00780	0.01658	0.01365	0.02145	0.01170	0.01365	0.00975	0.00488	0.00488	0.00098	0.00488	0.00390	0.00390	0.80888
57	0.01671	0.01484	0.01504	0.01354	0.01725	0.04599	0.01051	0.03463	0.68724	0.02707	0.02612	0.02404	0.01962	0.00884	0.00667	0.00221	0.00548	0.00731	0.00656	0.01031
58	0.02503	0.01844	0.01976	0.01515	0.02042	0.02042	0.01251	0.70562	0.03095	0.04149	0.01581	0.01581	0.01120	0.00790	0.00659	0.00198	0.00724	0.00593	0.00659	0.01120
59	0.01760	0.77260	0.03450	0.01126	0.01690	0.02605	0.01126	0.01971	0.01338	0.01549	0.00915	0.01056	0.00845	0.00563	0.00422	0.00141	0.00704	0.00352	0.00282	0.00845
60	0.00778	0.00667	0.00667	0.00667	0.00889	0.00556	0.00500	0.00945	0.01501	0.01778	0.06669	0.06336	0.72490	0.01667	0.00778	0.00222	0.00333	0.01389	0.00611	0.00556
61	0.01760	0.77260	0.03450	0.01126	0.01690	0.02605	0.01126	0.01971	0.01338	0.01549	0.00915	0.01056	0.00845	0.00563	0.00422	0.00141	0.00704	0.00352	0.00282	0.00845
62	0.00802	0.00573	0.00764	0.00917	0.00955	0.00535	0.00611	0.00917	0.01260	0.01681	0.03628	0.76434	0.04354	0.02062	0.00840	0.00267	0.00382	0.01872	0.00611	0.00535
63	0.00932	0.00673	0.00880	0.00828	0.00984	0.00621	0.00621	0.01242	0.01863	0.02640	0.72410	0.04918	0.06212	0.01346	0.00776	0.00207	0.00311	0.01191	0.00725	0.00621
64	0.00932	0.00673	0.00880	0.00828	0.00984	0.00621	0.00621	0.01242	0.01863	0.02640	0.72410	0.04918	0.06212	0.01346	0.00776	0.00207	0.00311	0.01191	0.00725	0.00621
65	0.00783	0.00648	0.00686	0.00717	0.00902	0.00552	0.00522	0.00939	0.01453	0.01759	0.06065	0.20272	0.58944	0.01746	0.00790	0.00231	0.00343	0.01485	0.00611	0.00552
66	0.81514	0.01273	0.00968	0.00866	0.01273	0.01477	0.00713	0.01935	0.01120	0.02954	0.00917	0.01069	0.00713	0.00611	0.00407	0.00204	0.00509	0.00356	0.00407	0.00713
67	0.01338	0.05922	0.02160	0.13402	0.22957	0.01307	0.11355	0.01694	0.01452	0.01979	0.04236	0.10921	0.03515	0.00986	0.00713	0.00222	0.00725	0.10492	0.03827	0.00800
68	0.01144	0.00572	0.00858	0.00858	0.00858	0.00572	0.00572	0.00858	0.00858	0.01144	0.01144	0.02001	0.01144	0.02287	0.02573	0.80846	0.00572	0.00572	0.00286	0.00286
69	0.01660	0.08644	0.27063	0.01679	0.06066	0.08742	0.01609	0.08536	0.19163	0.02368	0.03695	0.01744	0.01335	0.00721	0.00620	0.00196	0.00785	0.00566	0.00437	0.04371

[dist]
# distance from previous block
# <min> <max>
0	5

[block]
# block no. 1 follows, 33 sequences, length 88
# corresponding to MSA columns:
# 488-537,539-576
name=unknown_B
#
# <colnr> <probs for GDERKNQSTAVLIFYWHMCP>
#	G	D	E	R	K	N	Q	S	T	A	V	L	I	F	Y	W	H	M	C	P
0	0.01822	0.01943	0.02035	0.06109	0.26964	0.24395	0.01507	0.04577	0.07975	0.02023	0.01647	0.02104	0.04176	0.00804	0.00740	0.00204	0.05027	0.04673	0.00398	0.00877
1	0.00875	0.00598	0.00800	0.00939	0.00996	0.00558	0.00645	0.01003	0.01291	0.03661	0.03593	0.70773	0.04250	0.02015	0.00839	0.00267	0.00399	0.05327	0.00616	0.00555
2	0.01365	0.01170	0.01365	0.00975	0.01560	0.00878	0.00780	0.01658	0.01365	0.02145	0.01170	0.01365	0.00975	0.00488	0.00488	0.00098	0.00488	0.00390	0.00390	0.80888
3	0.00802	0.00573	0.00764	0.00917	0.00955	0.00535	0.00611	0.00917	0.01260	0.01681	0.03628	0.76434	0.04354	0.02062	0.00840	0.00267	0.00382	0.01872	0.00611	0.00535
4	0.01272	0.01154	0.01850	0.51366	0.03522	0.01470	0.01599	0.01564	0.01199	0.01598	0.01104	0.01720	0.00907	0.00953	0.01194	0.09848	0.16132	0.00582	0.00291	0.00676
5	0.01719	0.04597	0.01656	0.01444	0.04301	0.01711	0.01099	0.09351	0.60041	0.02806	0.02457	0.02290	0.01847	0.00859	0.00658	0.00217	0.00556	0.00709	0.00640	0.01041
6	0.00802	0.00573	0.00764	0.00917	0.00955	0.00535	0.00611	0.00917	0.01260	0.01681	0.03628	0.76434	0.04354	0.02062	0.00840	0.00267	0.00382	0.01872	0.00611	0.00535
7	0.01317	0.03313	0.70495	0.04914	0.02919	0.01526	0.02407	0.02068	0.01387	0.02068	0.01181	0.01405	0.00836	0.00627	0.00627	0.00209	0.00969	0.00491	0.00279	0.00963
8	0.01535	0.06387	0.02198	0.24637	0.02862	0.08892	0.15541	0.03483	0.07107	0.04874	0.03437	0.08691	0.01594	0.03034	0.00766	0.00227	0.00828	0.02701	0.00416	0.00790
9	0.02121	0.02238	0.35602	0.01618	0.04806	0.01285	0.01706	0.04541	0.01671	0.35053	0.01850	0.01798	0.01218	0.00716	0.00644	0.00205	0.00768	0.00574	0.00539	0.01048
10	0.00815	0.00584	0.00755	0.00886	0.00930	0.00545	0.00586	0.00922	0.01245	0.01648	0.03639	0.66310	0.07596	0.08892	0.01067	0.00299	0.00403	0.01764	0.00592	0.00523
11	0.00825	0.00612	0.00779	0.00865	0.00958	0.00566	0.00603	0.00985	0.01386	0.01838	0.14638	0.49051	0.16851	0.02025	0.04505	0.00290	0.00432	0.01621	0.00616	0.00554
12	0.01902	0.21160	0.13109	0.08012	0.02224	0.09308	0.04828	0.10504	0.01747	0.12367	0.07393	0.01780	0.01455	0.00723	0.00603	0.00187	0.00780	0.00567	0.00451	0.00902
13	0.01697	0.01760	0.02633	0.20854	0.11988	0.11399	0.22566	0.09175	0.01647	0.02112	0.01226	0.01626	0.00956	0.00673	0.00803	0.00214	0.06833	0.00622	0.00353	0.00862
14	0.22137	0.27048	0.04793	0.05031	0.05815	0.21817	0.01193	0.02135	0.01437	0.01982	0.00984	0.01174	0.00824	0.00615	0.00497	0.00174	0.00810	0.00402	0.00332	0.00799
15	0.00789	0.00663	0.00686	0.00690	0.00899	0.00559	0.00514	0.00963	0.01512	0.01829	0.10785	0.09763	0.64766	0.01666	0.00781	0.00224	0.00334	0.01401	0.00619	0.00559
16	0.02536	0.01066	0.01403	0.01107	0.01544	0.00956	0.00902	0.06575	0.01916	0.54973	0.12198	0.02589	0.02241	0.00884	0.00665	0.00201	0.00518	0.00728	0.05980	0.01018
17	0.01383	0.09114	0.48195	0.02046	0.12696	0.01543	0.04158	0.01996	0.01435	0.02096	0.05552	0.01660	0.01228	0.00661	0.00620	0.00199	0.00863	0.00546	0.03073	0.00936
18	0.01698	0.01527	0.09264	0.01632	0.10350	0.01189	0.05706	0.05831	0.01557	0.12465	0.01409	0.01566	0.01069	0.00601	0.00623	0.00155	0.02808	0.00505	0.00440	0.39603
19	0.15791	0.08592	0.09667	0.01396	0.01832	0.10292	0.01253	0.20455	0.01818	0.04880	0.01301	0.01555	0.01031	0.00781	0.00786	0.00204	0.11078	0.02038	0.04375	0.00875
20	0.02272	0.01808	0.01924	0.01525	0.02008	0.05943	0.03581	0.50532	0.15400	0.03620	0.01745	0.01749	0.01275	0.00895	0.02439	0.00222	0.00751	0.00620	0.00624	0.01065
21	0.00849	0.00672	0.00769	0.00776	0.00963	0.00592	0.00591	0.01067	0.01595	0.02042	0.25400	0.09835	0.43328	0.01608	0.00793	0.00227	0.00354	0.07316	0.00644	0.00578
22	0.01510	0.01449	0.02429	0.22704	0.48365	0.01578	0.01918	0.01892	0.01407	0.01976	0.01187	0.01646	0.00983	0.00656	0.00788	0.00210	0.07472	0.00585	0.00314	0.00932
23	0.00932	0.00673	0.00880	0.00828	0.00984	0.00621	0.00621	0.01242	0.01863	0.02640	0.72410	0.04918	0.06212	0.01346	0.00776	0.00207	0.00311	0.01191	0.00725	0.00621
24	0.00814	0.00582	0.00774	0.00909	0.00957	0.00542	0.00612	0.00946	0.01314	0.01766	0.09751	0.70068	0.04519	0.01999	0.00835	0.00262	0.00376	0.01811	0.00621	0.00542
25	0.01723	0.71115	0.09274	0.01189	0.01786	0.02515	0.01235	0.01981	0.01342	0.01593	0.00937	0.01084	0.00844	0.00568	0.00439	0.00146	0.00726	0.00363	0.00281	0.00855
26	0.01620	0.01541	0.02549	0.05622	0.64689	0.01568	0.01928	0.02143	0.07731	0.02192	0.01365	0.01706	0.01125	0.00616	0.00654	0.00199	0.00761	0.00601	0.00356	0.01035
27	0.02954	0.01120	0.01528	0.01171	0.01681	0.00968	0.00968	0.03208	0.01884	0.73213	0.02597	0.02241	0.01630	0.00815	0.00662	0.00204	0.00560	0.00662	0.00815	0.01120
28	0.02228	0.01670	0.01799	0.01437	0.01898	0.01850	0.01165	0.54826	0.12669	0.03731	0.01919	0.08368	0.01534	0.00918	0.00676	0.00207	0.00665	0.00728	0.00656	0.01056
29	0.00932	0.00673	0.00880	0.00828	0.00984	0.00621	0.00621	0.01242	0.01863	0.02640	0.72410	0.04918	0.06212	0.01346	0.00776	0.00207	0.00311	0.01191	0.00725	0.00621
30	0.01365	0.01170	0.01365	0.00975	0.01560	0.00878	0.00780	0.01658	0.01365	0.02145	0.01170	0.01365	0.00975	0.00488	0.00488	0.00098	0.00488	0.00390	0.00390	0.80888
31	0.00778	0.00667	0.00667	0.00667	0.00889	0.00556	0.00500	0.00945	0.01501	0.01778	0.06669	0.06336	0.72490	0.01667	0.00778	0.00222	0.00333	0.01389	0.00611	0.00556
32	0.00887	0.00671	0.00818	0.00782	0.00956	0.00602	0.00586	0.01156	0.01758	0.02391	0.53377	0.05328	0.25400	0.01439	0.00777	0.00211	0.00317	0.01248	0.00692	0.00602
33	0.01629	0.01564	0.02672	0.04041	0.72757	0.01564	0.02020	0.02020	0.01499	0.02151	0.01238	0.01629	0.01043	0.00587	0.00652	0.00196	0.00782	0.00587	0.00326	0.01043
34	0.00852	0.00602	0.00790	0.00921	0.00967	0.00574	0.00631	0.00971	0.01246	0.01656	0.03396	0.58847	0.04019	0.12450	0.01197	0.00323	0.00442	0.09011	0.00581	0.00524
35	0.01601	0.01382	0.01487	0.03989	0.01790	0.01598	0.01057	0.03360	0.66794	0.02712	0.04867	0.02510	0.02104	0.00899	0.00673	0.00223	0.00527	0.00753	0.00658	0.01017
36	0.01760	0.77260	0.03450	0.01126	0.01690	0.02605	0.01126	0.01971	0.01338	0.01549	0.00915	0.01056	0.00845	0.00563	0.00422	0.00141	0.00704	0.00352	0.00282	0.00845
37	0.01580	0.01475	0.02455	0.26498	0.40816	0.01580	0.05694	0.08018	0.01586	0.02177	0.01252	0.01673	0.00994	0.00626	0.00661	0.00205	0.00826	0.00597	0.00345	0.00942
38	0.01394	0.02211	0.33577	0.02237	0.17723	0.01385	0.08069	0.01979	0.03828	0.04065	0.01598	0.05741	0.01366	0.01123	0.06800	0.00286	0.00932	0.04411	0.00363	0.00913
39	0.01935	0.01529	0.01620	0.01364	0.01782	0.01730	0.01087	0.28249	0.42279	0.03254	0.02243	0.02131	0.01662	0.00848	0.00654	0.00210	0.00584	0.00681	0.05109	0.01047
40	0.01547	0.27359	0.27277	0.01996	0.06653	0.01925	0.20406	0.02050	0.01423	0.01917	0.01137	0.01398	0.00894	0.00583	0.00601	0.00189	0.00910	0.00526	0.00297	0.00911
41	0.00862	0.00670	0.00783	0.00755	0.00941	0.00591	0.00566	0.01107	0.01698	0.02248	0.42499	0.05563	0.36367	0.01492	0.00777	0.00214	0.00321	0.01281	0.00673	0.00591
42	0.01610	0.01544	0.02637	0.07618	0.69332	0.01559	0.02011	0.02003	0.01490	0.02127	0.01235	0.01636	0.01034	0.00590	0.00652	0.00197	0.00787	0.00586	0.00324	0.01027
43	0.00920	0.00664	0.00870	0.00836	0.00981	0.00613	0.00620	0.01213	0.01810	0.02555	0.66287	0.11283	0.06046	0.01410	0.00782	0.00212	0.00317	0.01251	0.00715	0.00613
44	0.01760	0.77260	0.03450	0.01126	0.01690	0.02605	0.01126	0.01971	0.01338	0.01549	0.00915	0.01056	0.00845	0.00563	0.00422	0.00141	0.00704	0.00352	0.00282	0.00845
45	0.00799	0.00668	0.00697	0.00689	0.00902	0.00565	0.00517	0.00986	0.01551	0.01898	0.15822	0.06138	0.63263	0.01623	0.00778	0.00220	0.00330	0.01362	0.00627	0.00565
46	0.02503	0.01844	0.01976	0.01515	0.02042	0.02042	0.01251	0.70562	0.03095	0.04149	0.01581	0.01581	0.01120	0.00790	0.00659	0.00198	0.00724	0.00593	0.00659	0.01120
47	0.00957	0.00638	0.00718	0.00718	0.00718	0.00638	0.00399	0.00957	0.00957	0.01276	0.02074	0.04308	0.02393	0.76864	0.03351	0.00638	0.00638	0.00957	0.00399	0.00399
48	0.02459	0.03138	0.01866	0.01696	0.02035	0.74221	0.01272	0.02629	0.01866	0.01611	0.01018	0.01187	0.00848	0.00678	0.00594	0.00170	0.01187	0.00424	0.00339	0.00763
49	0.01036	0.00750	0.01026	0.01164	0.01322	0.00740	0.01011	0.01327	0.01514	0.01953	0.03769	0.07329	0.09904	0.01805	0.00898	0.00296	0.00582	0.62368	0.00607	0.00602
50	0.02177	0.02211	0.04255	0.01754	0.02230	0.25430	0.13709	0.28963	0.02260	0.02776	0.04290	0.01648	0.01230	0.00729	0.00656	0.00192	0.00922	0.00593	0.03055	0.00920
51	0.02377	0.09245	0.02076	0.01683	0.04933	0.41131	0.01283	0.24859	0.02207	0.02462	0.01203	0.01323	0.00945	0.00701	0.00602	0.00177	0.00975	0.00480	0.00438	0.00899
52	0.81514	0.01273	0.00968	0.00866	0.01273	0.01477	0.00713	0.01935	0.01120	0.02954	0.00917	0.01069	0.00713	0.00611	0.00407	0.00204	0.00509	0.00356	0.00407	0.00713
53	0.00911	0.00667	0.00855	0.00819	0.00974	0.00611	0.00610	0.01198	0.01798	0.02510	0.62730	0.09024	0.12008	0.01414	0.00780	0.00212	0.00317	0.01246	0.00708	0.00611
54	0.01566	0.01577	0.02861	0.08659	0.44517	0.01622	0.18717	0.01979	0.01456	0.02056	0.01223	0.01658	0.01004	0.00634	0.00817	0.00212	0.07534	0.00632	0.00322	0.00954
55	0.02503	0.01844	0.01976	0.01515	0.02042	0.02042	0.01251	0.70562	0.03095	0.04149	0.01581	0.01581	0.01120	0.00790	0.00659	0.00198	0.00724	0.00593	0.00659	0.01120
56	0.02890	0.01106	0.01507	0.01160	0.01659	0.00957	0.00957	0.03146	0.01884	0.70985	0.04801	0.02325	0.01774	0.00832	0.00666	0.00204	0.00552	0.00679	0.00812	0.01105
57	0.01365	0.05534	0.62824	0.01997	0.04881	0.01576	0.08609	0.02082	0.01406	0.02072	0.01188	0.01422	0.00855	0.00616	0.00634	0.00207	0.00972	0.00512	0.00285	0.00963
58	0.00802	0.00573	0.00764	0.00917	0.00955	0.00535	0.00611	0.00917	0.01260	0.01681	0.03628	0.76434	0.04354	0.02062	0.00840	0.00267	0.00382	0.01872	0.00611	0.00535
59	0.00778	0.00667	0.00667	0.00667	0.00889	0.00556	0.00500	0.00945	0.01501	0.01778	0.06669	0.06336	0.72490	0.01667	0.00778	0.00222	0.00333	0.01389	0.00611	0.00556
60	0.01694	0.01704	0.02557	0.07287	0.62287	0.08889	0.01936	0.02065	0.01527	0.02073	0.01213	0.01591	0.01015	0.00599	0.00646	0.00194	0.00828	0.00570	0.00326	0.00999
61	0.04066	0.11646	0.07615	0.01950	0.14764	0.05814	0.05240	0.12497	0.20360	0.02483	0.01675	0.04073	0.01347	0.00764	0.00670	0.00202	0.02775	0.00627	0.00469	0.00964
62	0.00956	0.00672	0.00872	0.00881	0.00936	0.00718	0.00604	0.01067	0.01028	0.01415	0.02029	0.03798	0.02174	0.44122	0.31374	0.00786	0.01083	0.04607	0.00392	0.00485
63	0.01495	0.01437	0.02253	0.07326	0.53064	0.04383	0.01718	0.01839	0.01493	0.02051	0.03834	0.08667	0.05949	0.00815	0.00678	0.00204	0.00727	0.00762	0.00379	0.00926
64	0.01496	0.01608	0.12541	0.28811	0.15439	0.01429	0.10794	0.01950	0.01452	0.08298	0.04337	0.03859	0.01297	0.00723	0.00724	0.00215	0.03124	0.00663	0.00374	0.00866
65	0.01500	0.10580	0.08639	0.21746	0.22138	0.01684	0.18485	0.01992	0.03268	0.01958	0.01238	0.01632	0.00974	0.00606	0.00655	0.00204	0.00886	0.00601	0.00319	0.00895
66	0.00947	0.00681	0.00934	0.00934	0.01009	0.00756	0.00668	0.01096	0.01021	0.01436	0.01877	0.03214	0.01918	0.31170	0.48395	0.00905	0.01353	0.00797	0.00370	0.00519
67	0.01439	0.01214	0.01405	0.01010	0.01591	0.00953	0.00811	0.06142	0.01478	0.02276	0.01197	0.01379	0.00984	0.00507	0.00499	0.00104	0.00503	0.00403	0.00408	0.75697
68	0.08268	0.00834	0.03043	0.00897	0.01117	0.00745	0.00709	0.01461	0.01737	0.08250	0.52858	0.09976	0.05049	0.01274	0.00735	0.00211	0.00373	0.01108	0.00682	0.00673
69	0.00802	0.00573	0.00764	0.00917	0.00955	0.00535	0.00611	0.00917	0.01260	0.01681	0.03628	0.76434	0.04354	0.02062	0.00840	0.00267	0.00382	0.01872	0.00611	0.00535
70	0.18237	0.07356	0.14551	0.01308	0.01876	0.01588	0.01248	0.21893	0.01861	0.10749	0.01410	0.01508	0.01035	0.00891	0.04264	0.00231	0.00736	0.00503	0.00489	0.08268
71	0.01633	0.01537	0.02564	0.11391	0.62047	0.01577	0.01962	0.05426	0.01560	0.02202	0.01248	0.01640	0.01029	0.00604	0.00653	0.00198	0.00789	0.00587	0.00339	0.01014
72	0.00802	0.00573	0.00764	0.00917	0.00955	0.00535	0.00611	0.00917	0.01260	0.01681	0.03628	0.76434	0.04354	0.02062	0.00840	0.00267	0.00382	0.01872	0.00611	0.00535
73	0.00932	0.00673	0.00880	0.00828	0.00984	0.00621	0.00621	0.01242	0.01863	0.02640	0.72410	0.04918	0.06212	0.01346	0.00776	0.00207	0.00311	0.01191	0.00725	0.00621
74	0.00905	0.00650	0.00894	0.01033	0.01118	0.00639	0.00787	0.01096	0.01331	0.01768	0.03408	0.45603	0.03909	0.02241	0.07587	0.00352	0.00587	0.24943	0.00586	0.00565
75	0.00932	0.00673	0.00880	0.00828	0.00984	0.00621	0.00621	0.01242	0.01863	0.02640	0.72410	0.04918	0.06212	0.01346	0.00776	0.00207	0.00311	0.01191	0.00725	0.00621
76	0.00802	0.00573	0.00764	0.00917	0.00955	0.00535	0.00611	0.00917	0.01260	0.01681	0.03628	0.76434	0.04354	0.02062	0.00840	0.00267	0.00382	0.01872	0.00611	0.00535
77	0.01629	0.01564	0.02672	0.04041	0.72757	0.01564	0.02020	0.02020	0.01499	0.02151	0.01238	0.01629	0.01043	0.00587	0.00652	0.00196	0.00782	0.00587	0.00326	0.01043
78	0.01554	0.01776	0.03885	0.02775	0.03441	0.01665	0.70366	0.02109	0.01554	0.02109	0.01332	0.01776	0.00999	0.00555	0.00777	0.00222	0.01110	0.00777	0.00333	0.00888
79	0.00957	0.00638	0.00718	0.00718	0.00718	0.00638	0.00399	0.00957	0.00957	0.01276	0.02074	0.04308	0.02393	0.76864	0.03351	0.00638	0.00638	0.00957	0.00399	0.00399
80	0.00825	0.00589	0.00790	0.00943	0.00991	0.00555	0.00651	0.00956	0.01283	0.01706	0.03616	0.70292	0.04304	0.02041	0.00846	0.00271	0.00402	0.07787	0.00611	0.00541
81	0.00802	0.00573	0.00764	0.00917	0.00955	0.00535	0.00611	0.00917	0.01260	0.01681	0.03628	0.76434	0.04354	0.02062	0.00840	0.00267	0.00382	0.01872	0.00611	0.00535
82	0.01511	0.01890	0.10165	0.02639	0.03315	0.01620	0.62134	0.02072	0.01530	0.02094	0.01384	0.03893	0.01081	0.00605	0.00765	0.00222	0.01076	0.00782	0.00336	0.00886
83	0.01243	0.01170	0.01975	0.75282	0.04534	0.01463	0.01828	0.01682	0.01316	0.01682	0.01170	0.01755	0.00878	0.00658	0.00658	0.00219	0.00878	0.00585	0.00293	0.00731
84	0.01787	0.66397	0.03292	0.01418	0.08035	0.06498	0.01214	0.02012	0.01381	0.01606	0.00950	0.01114	0.00863	0.00572	0.00452	0.00147	0.00738	0.00377	0.00289	0.00858
85	0.00802	0.00573	0.00764	0.00917	0.00955	0.00535	0.00611	0.00917	0.01260	0.01681	0.03628	0.76434	0.04354	0.02062	0.00840	0.00267	0.00382	0.01872	0.00611	0.00535
86	0.02459	0.03138	0.01866	0.01696	0.02035	0.74221	0.01272	0.02629	0.01866	0.01611	0.01018	0.01187	0.00848	0.00678	0.00594	0.00170	0.01187	0.00424	0.00339	0.00763
87	0.01320	0.03405	0.73453	0.01876	0.02849	0.01529	0.02432	0.02085	0.01390	0.02085	0.01181	0.01390	0.00834	0.00625	0.00625	0.00208	0.00973	0.00486	0.00278	0.00973

[dist]
# distance from previous block
# <min> <max>
0	20

[block]
# block no. 2 follows, 33 sequences, length 8
# corresponding to MSA columns:
# 598-605
name=unknown_C
#
# <colnr> <probs for GDERKNQSTAVLIFYWHMCP>
#	G	D	E	R	K	N	Q	S	T	A	V	L	I	F	Y	W	H	M	C	P
0	0.00933	0.00782	0.01306	0.01240	0.01387	0.00731	0.12736	0.01124	0.01311	0.01755	0.03229	0.63457	0.03771	0.01800	0.00829	0.00259	0.00508	0.01681	0.00563	0.00596
1	0.01440	0.01440	0.02016	0.01728	0.01728	0.02016	0.01440	0.01584	0.01008	0.01584	0.00864	0.01440	0.00864	0.01152	0.02160	0.00288	0.75659	0.00576	0.00288	0.00720
2	0.01407	0.01260	0.01621	0.01441	0.09358	0.01150	0.01030	0.01684	0.01318	0.02048	0.01124	0.01407	0.00963	0.00614	0.00796	0.00141	0.13587	0.00444	0.00365	0.58241
3	0.01241	0.01191	0.02127	0.50849	0.03778	0.01360	0.13550	0.01670	0.01415	0.01861	0.09094	0.05824	0.01654	0.00785	0.00701	0.00221	0.00831	0.00749	0.00363	0.00737
4	0.04671	0.11608	0.04749	0.02326	0.16300	0.03942	0.27227	0.02106	0.01525	0.07883	0.03613	0.01700	0.01185	0.00611	0.00647	0.00191	0.00844	0.00619	0.00383	0.07872
5	0.01569	0.09889	0.11575	0.01244	0.01694	0.17127	0.01122	0.01909	0.03230	0.04491	0.04552	0.02242	0.09625	0.01244	0.08626	0.00266	0.00842	0.00615	0.03444	0.14695
6	0.01870	0.07576	0.01718	0.05823	0.01837	0.14004	0.03057	0.07687	0.09323	0.14080	0.04061	0.02505	0.07710	0.04727	0.03571	0.00252	0.03492	0.02420	0.00518	0.03769
7	0.01643	0.06385	0.03731	0.01269	0.01508	0.01322	0.01058	0.06001	0.01421	0.16831	0.02052	0.10287	0.03596	0.06832	0.10512	0.00370	0.19821	0.04089	0.00495	0.00777

[dist]
# distance from previous block
# <min> <max>
0	3

[block]
# block no. 3 follows, 33 sequences, length 30
# corresponding to MSA columns:
# 609-638
name=unknown_D
#
# <colnr> <probs for GDERKNQSTAVLIFYWHMCP>
#	G	D	E	R	K	N	Q	S	T	A	V	L	I	F	Y	W	H	M	C	P
0	0.07259	0.21384	0.06867	0.03557	0.06225	0.15765	0.07280	0.07019	0.07576	0.04433	0.01314	0.01468	0.01038	0.00653	0.00566	0.00180	0.00807	0.00502	0.03126	0.02983
1	0.02278	0.03550	0.04423	0.01292	0.01730	0.01217	0.04175	0.06618	0.07138	0.40454	0.09785	0.02363	0.01984	0.00875	0.00782	0.00209	0.06399	0.00702	0.03035	0.00990
2	0.02459	0.03138	0.01866	0.01696	0.02035	0.74221	0.01272	0.02629	0.01866	0.01611	0.01018	0.01187	0.00848	0.00678	0.00594	0.00170	0.01187	0.00424	0.00339	0.00763
3	0.00802	0.00573	0.00764	0.00917	0.00955	0.00535	0.00611	0.00917	0.01260	0.01681	0.03628	0.76434	0.04354	0.02062	0.00840	0.00267	0.00382	0.01872	0.00611	0.00535
4	0.77959	0.01266	0.00993	0.00880	0.01292	0.01454	0.00724	0.01993	0.01155	0.06133	0.00993	0.01122	0.00754	0.00620	0.00419	0.00204	0.00512	0.00370	0.00426	0.00731
5	0.00919	0.00672	0.00862	0.00815	0.00976	0.00616	0.00611	0.01217	0.01833	0.02568	0.66910	0.05036	0.11756	0.01373	0.00777	0.00208	0.00312	0.01207	0.00715	0.00616
6	0.00809	0.00576	0.00762	0.00907	0.00944	0.00540	0.00601	0.00919	0.01246	0.01662	0.03556	0.73068	0.04263	0.05553	0.00957	0.00285	0.00394	0.01829	0.00601	0.00528
7	0.00802	0.00573	0.00764	0.00917	0.00955	0.00535	0.00611	0.00917	0.01260	0.01681	0.03628	0.76434	0.04354	0.02062	0.00840	0.00267	0.00382	0.01872	0.00611	0.00535
8	0.00784	0.00645	0.00689	0.00725	0.00904	0.00551	0.00526	0.00938	0.01445	0.01756	0.05966	0.22534	0.56746	0.01759	0.00792	0.00233	0.00345	0.01501	0.00611	0.00551
9	0.01320	0.03405	0.73453	0.01876	0.02849	0.01529	0.02432	0.02085	0.01390	0.02085	0.01181	0.01390	0.00834	0.00625	0.00625	0.00208	0.00973	0.00486	0.00278	0.00973
10	0.00957	0.00638	0.00718	0.00718	0.00718	0.00638	0.00399	0.00957	0.00957	0.01276	0.02074	0.04308	0.02393	0.76864	0.03351	0.00638	0.00638	0.00957	0.00399	0.00399
11	0.00913	0.00624	0.00754	0.00813	0.00834	0.00612	0.00508	0.00968	0.01090	0.01450	0.02667	0.28087	0.03118	0.47910	0.02384	0.00497	0.00552	0.05284	0.00481	0.00456
12	0.01320	0.03405	0.73453	0.01876	0.02849	0.01529	0.02432	0.02085	0.01390	0.02085	0.01181	0.01390	0.00834	0.00625	0.00625	0.00208	0.00973	0.00486	0.00278	0.00973
13	0.00802	0.00573	0.00764	0.00917	0.00955	0.00535	0.00611	0.00917	0.01260	0.01681	0.03628	0.76434	0.04354	0.02062	0.00840	0.00267	0.00382	0.01872	0.00611	0.00535
14	0.00940	0.00705	0.01058	0.01058	0.01176	0.00823	0.00823	0.01176	0.01058	0.01528	0.01763	0.02586	0.01646	0.04937	0.74255	0.01058	0.01763	0.00705	0.00353	0.00588
15	0.81514	0.01273	0.00968	0.00866	0.01273	0.01477	0.00713	0.01935	0.01120	0.02954	0.00917	0.01069	0.00713	0.00611	0.00407	0.00204	0.00509	0.00356	0.00407	0.00713
16	0.01265	0.01195	0.01966	0.59066	0.11010	0.01450	0.01742	0.01664	0.01328	0.01729	0.01501	0.02009	0.05351	0.00743	0.00755	0.00221	0.05304	0.00635	0.00315	0.00751
17	0.01587	0.01523	0.02585	0.10694	0.64043	0.01569	0.01984	0.01974	0.01466	0.02088	0.01220	0.01635	0.01021	0.00611	0.00701	0.00201	0.03186	0.00586	0.00322	0.01003
18	0.00957	0.00638	0.00718	0.00718	0.00718	0.00638	0.00399	0.00957	0.00957	0.01276	0.02074	0.04308	0.02393	0.76864	0.03351	0.00638	0.00638	0.00957	0.00399	0.00399
19	0.02459	0.03138	0.01866	0.01696	0.02035	0.74221	0.01272	0.02629	0.01866	0.01611	0.01018	0.01187	0.00848	0.00678	0.00594	0.00170	0.01187	0.00424	0.00339	0.00763
20	0.00940	0.00705	0.01058	0.01058	0.01176	0.00823	0.00823	0.01176	0.01058	0.01528	0.01763	0.02586	0.01646	0.04937	0.74255	0.01058	0.01763	0.00705	0.00353	0.00588
21	0.01096	0.00730	0.00981	0.01035	0.01201	0.00695	0.00846	0.01369	0.01607	0.06549	0.23020	0.14060	0.08654	0.01641	0.00841	0.00261	0.00478	0.33651	0.00653	0.00631
22	0.01652	0.01660	0.02618	0.07946	0.56033	0.06739	0.06183	0.02028	0.01495	0.02055	0.01207	0.01606	0.01008	0.00622	0.00726	0.00201	0.04331	0.00586	0.00324	0.00980
23	0.01429	0.01206	0.01260	0.01152	0.01479	0.01344	0.00891	0.02833	0.52337	0.02527	0.03504	0.03289	0.17114	0.01052	0.00681	0.00219	0.00468	0.00875	0.05431	0.00912
24	0.58091	0.01228	0.01135	0.00957	0.01395	0.01325	0.00789	0.02315	0.01348	0.23902	0.01418	0.01419	0.00986	0.00672	0.00483	0.00204	0.00524	0.00448	0.00529	0.00834
25	0.00778	0.00667	0.00667	0.00667	0.00889	0.00556	0.00500	0.00945	0.01501	0.01778	0.06669	0.06336	0.72490	0.01667	0.00778	0.00222	0.00333	0.01389	0.00611	0.00556
26	0.01607	0.01365	0.01975	0.53995	0.03815	0.01630	0.01662	0.21559	0.01830	0.02394	0.01289	0.01705	0.00947	0.00696	0.00658	0.00213	0.00833	0.00587	0.00398	0.00843
27	0.00862	0.00670	0.00783	0.00755	0.00941	0.00591	0.00566	0.01107	0.01699	0.02249	0.42552	0.05562	0.36314	0.01492	0.00777	0.00214	0.00321	0.01281	0.00673	0.00591
28	0.06601	0.01517	0.02461	0.11255	0.57906	0.01570	0.01884	0.05076	0.01528	0.02241	0.01227	0.01606	0.01008	0.00605	0.00638	0.00199	0.00773	0.00572	0.00342	0.00993
29	0.06238	0.37250	0.09026	0.01399	0.01909	0.28242	0.01279	0.04558	0.01581	0.01783	0.00999	0.01152	0.00847	0.00621	0.00510	0.00163	0.00893	0.00399	0.00322	0.00829

[dist]
# distance from previous block
# <min> <max>
0	1

[block]
# block no. 4 follows, 33 sequences, length 11
# corresponding to MSA columns:
# 640-650
name=unknown_E
#
# <colnr> <probs for GDERKNQSTAVLIFYWHMCP>
#	G	D	E	R	K	N	Q	S	T	A	V	L	I	F	Y	W	H	M	C	P
0	0.81514	0.01273	0.00968	0.00866	0.01273	0.01477	0.00713	0.01935	0.01120	0.02954	0.00917	0.01069	0.00713	0.00611	0.00407	0.00204	0.00509	0.00356	0.00407	0.00713
1	0.01685	0.01271	0.01610	0.20807	0.06139	0.01428	0.01227	0.15012	0.19176	0.06950	0.02034	0.02169	0.03559	0.00795	0.00634	0.00204	0.00630	0.00660	0.13115	0.00897
2	0.00940	0.00705	0.01058	0.01058	0.01176	0.00823	0.00823	0.01176	0.01058	0.01528	0.01763	0.02586	0.01646	0.04937	0.74255	0.01058	0.01763	0.00705	0.00353	0.00588
3	0.00943	0.00805	0.01030	0.01257	0.12227	0.00729	0.00784	0.01163	0.01524	0.01935	0.12917	0.10720	0.45793	0.01497	0.00768	0.00223	0.00416	0.04048	0.00579	0.00640
4	0.02069	0.05248	0.01899	0.12984	0.02304	0.05556	0.01231	0.35984	0.02268	0.06657	0.01427	0.01554	0.01052	0.00695	0.00611	0.00178	0.00718	0.00535	0.00522	0.16509
5	0.01629	0.01564	0.02672	0.04041	0.72757	0.01564	0.02020	0.02020	0.01499	0.02151	0.01238	0.01629	0.01043	0.00587	0.00652	0.00196	0.00782	0.00587	0.00326	0.01043
6	0.01427	0.18260	0.54165	0.01790	0.02657	0.01757	0.07143	0.02064	0.01391	0.01978	0.01138	0.01350	0.00848	0.00608	0.00595	0.00196	0.00928	0.00480	0.00283	0.00941
7	0.01557	0.12968	0.53091	0.01750	0.02570	0.13101	0.02080	0.02156	0.01458	0.01941	0.01121	0.01315	0.00838	0.00626	0.00594	0.00194	0.00972	0.00459	0.00288	0.00923
8	0.01006	0.00782	0.00937	0.00952	0.01132	0.00772	0.00729	0.01491	0.12578	0.02186	0.23509	0.19102	0.18694	0.01555	0.00793	0.00240	0.00409	0.11828	0.00652	0.00655
9	0.01481	0.01554	0.03166	0.02313	0.02843	0.01479	0.53038	0.05474	0.01530	0.02068	0.01550	0.05051	0.01354	0.12626	0.01178	0.00288	0.00987	0.00838	0.00371	0.00809
10	0.01324	0.01248	0.02047	0.35182	0.31125	0.01360	0.01696	0.01701	0.01418	0.01884	0.02062	0.02425	0.12206	0.00788	0.00674	0.00210	0.00754	0.00712	0.00356	0.00828

[dist]
# distance from previous block
# <min> <max>
0	4

[block]
# block no. 5 follows, 33 sequences, length 25
# corresponding to MSA columns:
# 674-698
name=unknown_F
#
# <colnr> <probs for GDERKNQSTAVLIFYWHMCP>
#	G	D	E	R	K	N	Q	S	T	A	V	L	I	F	Y	W	H	M	C	P
0	0.66146	0.15916	0.01446	0.00916	0.01353	0.01694	0.00793	0.01942	0.01162	0.02683	0.00916	0.01067	0.00738	0.00602	0.00410	0.00192	0.00547	0.00356	0.00383	0.00738
1	0.01607	0.01462	0.01935	0.01636	0.01746	0.01930	0.01357	0.14845	0.01414	0.02074	0.01071	0.01555	0.00973	0.01373	0.07400	0.00330	0.55552	0.00589	0.00364	0.00787
2	0.01243	0.01170	0.01975	0.75282	0.04534	0.01463	0.01828	0.01682	0.01316	0.01682	0.01170	0.01755	0.00878	0.00658	0.00658	0.00219	0.00878	0.00585	0.00293	0.00731
3	0.01460	0.01226	0.01416	0.01020	0.01600	0.00974	0.00819	0.07392	0.01509	0.02312	0.01204	0.01383	0.00987	0.00513	0.00502	0.00106	0.00507	0.00407	0.00412	0.74250
4	0.09078	0.01796	0.01892	0.01461	0.01978	0.01995	0.01206	0.64851	0.02931	0.04049	0.01525	0.01538	0.01086	0.00775	0.00638	0.00198	0.00707	0.00573	0.00638	0.01086
5	0.01254	0.00707	0.00930	0.00958	0.01106	0.00649	0.00694	0.01410	0.01407	0.15490	0.05578	0.44789	0.07052	0.07985	0.01015	0.00285	0.00451	0.06958	0.00636	0.00646
6	0.00802	0.00573	0.00764	0.00917	0.00955	0.00535	0.00611	0.00917	0.01260	0.01681	0.03628	0.76434	0.04354	0.02062	0.00840	0.00267	0.00382	0.01872	0.00611	0.00535
7	0.01473	0.00851	0.00876	0.00787	0.01013	0.00889	0.00613	0.14836	0.01711	0.02781	0.02038	0.02286	0.01578	0.00771	0.00498	0.00162	0.00387	0.00610	0.65130	0.00711
8	0.00778	0.00667	0.00667	0.00667	0.00889	0.00556	0.00500	0.00945	0.01501	0.01778	0.06669	0.06336	0.72490	0.01667	0.00778	0.00222	0.00333	0.01389	0.00611	0.00556
9	0.01405	0.17637	0.59963	0.01732	0.02626	0.01736	0.02181	0.02063	0.01380	0.01982	0.01130	0.01326	0.00836	0.00613	0.00586	0.00195	0.00921	0.00461	0.00279	0.00948
10	0.01760	0.77260	0.03450	0.01126	0.01690	0.02605	0.01126	0.01971	0.01338	0.01549	0.00915	0.01056	0.00845	0.00563	0.00422	0.00141	0.00704	0.00352	0.00282	0.00845
11	0.01584	0.01300	0.01483	0.01079	0.01653	0.01102	0.00871	0.14935	0.01699	0.02531	0.01249	0.01407	0.01003	0.00546	0.00520	0.00117	0.00533	0.00429	0.00442	0.65517
12	0.00802	0.00573	0.00764	0.00917	0.00955	0.00535	0.00611	0.00917	0.01260	0.01681	0.03628	0.76434	0.04354	0.02062	0.00840	0.00267	0.00382	0.01872	0.00611	0.00535
13	0.01653	0.01609	0.02088	0.01709	0.02141	0.07175	0.18233	0.03004	0.46592	0.02472	0.02249	0.04581	0.01746	0.00831	0.00696	0.00220	0.00714	0.00764	0.00559	0.00966
14	0.01539	0.01518	0.01412	0.01101	0.01605	0.15008	0.00861	0.01842	0.03463	0.02031	0.01605	0.01743	0.06464	0.00626	0.00535	0.00125	0.00611	0.00483	0.00405	0.57023
15	0.68471	0.01334	0.01096	0.00959	0.01374	0.01539	0.00785	0.08063	0.06696	0.03043	0.01110	0.01221	0.00848	0.00648	0.00450	0.00205	0.00529	0.00407	0.00450	0.00774
16	0.02459	0.03138	0.01866	0.01696	0.02035	0.74221	0.01272	0.02629	0.01866	0.01611	0.01018	0.01187	0.00848	0.00678	0.00594	0.00170	0.01187	0.00424	0.00339	0.00763
17	0.01760	0.77260	0.03450	0.01126	0.01690	0.02605	0.01126	0.01971	0.01338	0.01549	0.00915	0.01056	0.00845	0.00563	0.00422	0.00141	0.00704	0.00352	0.00282	0.00845
18	0.00808	0.00668	0.00708	0.00698	0.00907	0.00568	0.00523	0.01002	0.01570	0.01944	0.19337	0.06062	0.59718	0.01605	0.00778	0.00219	0.00329	0.01351	0.00633	0.00568
19	0.66376	0.01244	0.01076	0.00925	0.01352	0.01379	0.00762	0.02181	0.01268	0.16493	0.01240	0.01295	0.00890	0.00650	0.00456	0.00204	0.00519	0.00415	0.00486	0.00791
20	0.01275	0.01203	0.02033	0.69353	0.10212	0.01471	0.01844	0.01710	0.01332	0.01721	0.01176	0.01745	0.00891	0.00652	0.00658	0.00217	0.00870	0.00585	0.00295	0.00757
21	0.09259	0.01795	0.01889	0.01459	0.01976	0.01993	0.01205	0.64694	0.02926	0.04047	0.01524	0.01537	0.01085	0.00775	0.00637	0.00198	0.00706	0.00573	0.00637	0.01085
22	0.02503	0.01844	0.01976	0.01515	0.02042	0.02042	0.01251	0.70562	0.03095	0.04149	0.01581	0.01581	0.01120	0.00790	0.00659	0.00198	0.00724	0.00593	0.00659	0.01120
23	0.00982	0.00749	0.01066	0.01044	0.01130	0.00879	0.00789	0.01165	0.01035	0.01484	0.01754	0.02830	0.01730	0.18507	0.55063	0.00918	0.07213	0.00744	0.00357	0.00562
24	0.63829	0.01225	0.01073	0.00923	0.01342	0.01352	0.00759	0.02159	0.01291	0.16483	0.03500	0.01417	0.01063	0.00674	0.00468	0.00204	0.00513	0.00442	0.00496	0.00789

[dist]
# distance from previous block
# <min> <max>
0	31

[block]
# block no. 6 follows, 33 sequences, length 20
# corresponding to MSA columns:
# 730-749
name=unknown_G
#
# <colnr> <probs for GDERKNQSTAVLIFYWHMCP>
#	G	D	E	R	K	N	Q	S	T	A	V	L	I	F	Y	W	H	M	C	P
0	0.02581	0.01040	0.01398	0.01100	0.01549	0.00901	0.00898	0.02837	0.01858	0.60481	0.11070	0.02809	0.06556	0.00930	0.00683	0.00205	0.00517	0.00769	0.00792	0.01027
1	0.00815	0.00585	0.00765	0.00893	0.00944	0.00545	0.00599	0.00940	0.01295	0.01727	0.07945	0.66307	0.07092	0.05031	0.00935	0.00277	0.00386	0.01773	0.00610	0.00535
