[name]
unknown

[dist]
# distance from previous block
# <min> <max>
0	23

[block]
# block no. 0 follows, 37 sequences, length 19
# corresponding to MSA columns:
# 23-41
name=unknown_A
#
# <colnr> <probs for GDERKNQSTAVLIFYWHMCP>
#	G	D	E	R	K	N	Q	S	T	A	V	L	I	F	Y	W	H	M	C	P
0	0.10540	0.00719	0.00858	0.00793	0.00987	0.00688	0.00609	0.01256	0.01615	0.02444	0.59365	0.04046	0.04834	0.01142	0.00671	0.00189	0.00328	0.03232	0.00618	0.05065
1	0.01405	0.01332	0.02239	0.10771	0.60018	0.01352	0.01721	0.01759	0.01395	0.01964	0.05402	0.01905	0.04757	0.00639	0.00619	0.00186	0.00692	0.00612	0.00333	0.00897
2	0.00799	0.00662	0.00790	0.00746	0.00942	0.00579	0.03226	0.00992	0.01441	0.01814	0.19965	0.05387	0.50774	0.05672	0.00859	0.00228	0.00357	0.03662	0.00570	0.00535
3	0.29667	0.01257	0.01363	0.01094	0.01523	0.04795	0.03556	0.09549	0.01613	0.34425	0.04256	0.01678	0.01274	0.00694	0.00540	0.00188	0.00560	0.00524	0.00573	0.00873
4	0.00754	0.00538	0.00713	0.00844	0.00883	0.00503	0.00563	0.00864	0.01185	0.01585	0.05882	0.73475	0.04062	0.03934	0.00841	0.00256	0.00359	0.01695	0.00567	0.00497
5	0.01462	0.01604	0.03340	0.02864	0.20419	0.01525	0.55444	0.01941	0.01433	0.01970	0.01217	0.01618	0.00939	0.00523	0.00694	0.00200	0.00959	0.00680	0.00308	0.00860
6	0.00748	0.00621	0.00657	0.00664	0.00856	0.00530	0.00501	0.00919	0.01418	0.01729	0.11963	0.08407	0.62767	0.01543	0.00731	0.00210	0.00321	0.04314	0.00577	0.00523
7	0.01642	0.01432	0.02138	0.13990	0.38958	0.01526	0.03036	0.18663	0.05944	0.02414	0.01321	0.01591	0.01032	0.00621	0.00607	0.00187	0.00707	0.00559	0.02701	0.00929
8	0.02123	0.00899	0.01165	0.00946	0.01295	0.00811	0.00754	0.02405	0.03933	0.48222	0.09312	0.02499	0.02000	0.06193	0.00768	0.00210	0.00462	0.00677	0.14458	0.00868
9	0.01622	0.01624	0.01526	0.05775	0.01812	0.19629	0.04143	0.06369	0.34348	0.02152	0.02114	0.09395	0.03495	0.00892	0.00631	0.00199	0.00675	0.02272	0.00505	0.00821
10	0.00905	0.00581	0.00772	0.00865	0.00938	0.00540	0.00596	0.01030	0.01234	0.06698	0.06708	0.63445	0.03855	0.05390	0.00878	0.00259	0.00381	0.03813	0.00577	0.00535
11	0.01272	0.09291	0.66767	0.01761	0.05186	0.01505	0.02148	0.01928	0.01292	0.01900	0.01080	0.01275	0.00783	0.00576	0.00567	0.00188	0.00878	0.00446	0.00260	0.00897
12	0.05185	0.02403	0.01573	0.01409	0.01710	0.55334	0.01066	0.06986	0.01696	0.04121	0.01140	0.01381	0.00947	0.04407	0.00700	0.00184	0.02720	0.00449	0.05875	0.00714
13	0.00768	0.00615	0.00687	0.00683	0.00858	0.00534	0.00507	0.00960	0.01481	0.01889	0.26568	0.10869	0.48452	0.01487	0.00727	0.00206	0.00307	0.01269	0.00600	0.00534
14	0.03796	0.16752	0.47261	0.01557	0.02299	0.05273	0.03447	0.06878	0.01426	0.04344	0.01110	0.01264	0.00821	0.00588	0.00546	0.00180	0.00831	0.00442	0.00307	0.00879
15	0.01470	0.02293	0.39404	0.07449	0.22419	0.01432	0.01938	0.06888	0.02922	0.06225	0.01241	0.01454	0.00914	0.00599	0.00595	0.00191	0.00803	0.00505	0.00332	0.00925
16	0.00742	0.00546	0.00696	0.00817	0.00878	0.00500	0.00552	0.00856	0.01206	0.01577	0.03808	0.66992	0.14864	0.01861	0.00772	0.00242	0.00348	0.01671	0.00568	0.00500
17	0.01332	0.01207	0.05964	0.11378	0.19161	0.01204	0.01284	0.09978	0.03975	0.04038	0.01462	0.01948	0.01234	0.04130	0.28417	0.00492	0.01060	0.00597	0.00368	0.00768
18	0.01533	0.01141	0.01289	0.01063	0.01469	0.01124	0.00839	0.04317	0.32057	0.11304	0.07189	0.02260	0.05328	0.00767	0.00581	0.00168	0.00462	0.00636	0.00560	0.25913

[dist]
# distance from previous block
# <min> <max>
0	2

[block]
# block no. 1 follows, 37 sequences, length 29
# corresponding to MSA columns:
# 53-57,67-90
name=unknown_B
#
# <colnr> <probs for GDERKNQSTAVLIFYWHMCP>
#	G	D	E	R	K	N	Q	S	T	A	V	L	I	F	Y	W	H	M	C	P
0	0.24788	0.08232	0.09650	0.01398	0.01731	0.03711	0.09308	0.01686	0.01130	0.01949	0.01095	0.06854	0.01010	0.00813	0.00969	0.00214	0.23870	0.00556	0.00326	0.00709
1	0.01466	0.07040	0.04394	0.01039	0.01570	0.06604	0.00877	0.05754	0.02970	0.03565	0.01140	0.01287	0.00925	0.00507	0.00477	0.00113	0.00549	0.00389	0.00376	0.58957
2	0.05108	0.34037	0.10495	0.01361	0.01840	0.12943	0.06416	0.04805	0.07638	0.01790	0.01112	0.01282	0.00920	0.00749	0.03160	0.00195	0.04583	0.00442	0.00326	0.00797
3	0.00912	0.00657	0.00860	0.00861	0.00912	0.00719	0.00607	0.01021	0.00971	0.01339	0.01891	0.03569	0.02028	0.42027	0.29046	0.00693	0.04227	0.06830	0.00368	0.00463
4	0.07514	0.04358	0.04311	0.17190	0.05105	0.07653	0.08134	0.06810	0.05667	0.09525	0.01527	0.06418	0.01251	0.01057	0.07136	0.00259	0.00793	0.00620	0.02590	0.02082
5	0.01007	0.00558	0.00789	0.00789	0.00801	0.00569	0.00522	0.00848	0.00836	0.01127	0.01306	0.02371	0.01358	0.18532	0.10195	0.56501	0.00660	0.00620	0.00294	0.00317
6	0.08234	0.00858	0.00910	0.00880	0.01019	0.06257	0.00636	0.01339	0.01119	0.06961	0.01866	0.10271	0.01855	0.23980	0.23525	0.00537	0.00872	0.00774	0.07554	0.00552
7	0.00789	0.00569	0.00732	0.00835	0.00900	0.00534	0.00581	0.00919	0.01225	0.01621	0.08291	0.52844	0.10041	0.09163	0.01002	0.00277	0.00390	0.08231	0.00556	0.00499
8	0.01515	0.01454	0.02485	0.03757	0.74669	0.01454	0.01879	0.01879	0.01394	0.02000	0.01151	0.01515	0.00970	0.00545	0.00606	0.00182	0.00727	0.00545	0.00303	0.00970
9	0.00824	0.00581	0.00716	0.00781	0.00832	0.00556	0.00519	0.00921	0.01144	0.01516	0.08248	0.34462	0.08927	0.30089	0.01639	0.00371	0.00450	0.06458	0.00503	0.00463
10	0.01602	0.01466	0.02330	0.06888	0.35168	0.04599	0.14559	0.04170	0.11259	0.07053	0.03762	0.01768	0.01260	0.00628	0.00632	0.00191	0.00742	0.00614	0.00398	0.00910
11	0.01141	0.00571	0.00571	0.00571	0.00713	0.00571	0.00428	0.01426	0.01284	0.02282	0.01997	0.02282	0.01569	0.00713	0.00428	0.00143	0.00285	0.00571	0.81886	0.00571
12	0.11815	0.01411	0.01355	0.03818	0.01596	0.10613	0.00948	0.13925	0.22955	0.06975	0.02007	0.11324	0.03154	0.00900	0.00634	0.00199	0.02546	0.00714	0.02292	0.00820
13	0.08172	0.02429	0.01760	0.01509	0.01883	0.49476	0.03882	0.17733	0.01923	0.04092	0.01104	0.01223	0.00859	0.00648	0.00561	0.00168	0.00945	0.00443	0.00397	0.00792
14	0.01141	0.00571	0.00571	0.00571	0.00713	0.00571	0.00428	0.01426	0.01284	0.02282	0.01997	0.02282	0.01569	0.00713	0.00428	0.00143	0.00285	0.00571	0.81886	0.00571
15	0.60198	0.01511	0.01115	0.03402	0.01437	0.15240	0.00812	0.02002	0.05696	0.02465	0.00979	0.01115	0.00766	0.00598	0.00434	0.00185	0.00602	0.00372	0.00379	0.00691
16	0.01222	0.02834	0.62716	0.01782	0.02601	0.01378	0.09937	0.01873	0.01302	0.01918	0.01256	0.06118	0.00996	0.00658	0.00610	0.00199	0.00885	0.00563	0.00283	0.00870
17	0.01274	0.01355	0.13346	0.01350	0.07607	0.01075	0.03126	0.10557	0.08601	0.04132	0.25071	0.05234	0.11392	0.00987	0.00661	0.00194	0.00527	0.00849	0.00534	0.02129
18	0.02152	0.11764	0.01961	0.01357	0.01824	0.07357	0.01130	0.51199	0.09826	0.03239	0.01456	0.01463	0.01074	0.00710	0.00581	0.00177	0.00683	0.00525	0.00546	0.00976
19	0.01591	0.31622	0.24148	0.01497	0.05098	0.11730	0.03926	0.04713	0.01403	0.01773	0.01005	0.01176	0.00815	0.00559	0.00503	0.00157	0.00791	0.00408	0.00293	0.06795
20	0.01652	0.01876	0.06790	0.03024	0.50871	0.18821	0.01696	0.01983	0.01467	0.01868	0.01260	0.01543	0.03234	0.00599	0.00596	0.00178	0.00813	0.00528	0.00311	0.00891
21	0.01197	0.00580	0.00843	0.00814	0.00855	0.00568	0.00552	0.00993	0.00887	0.07490	0.01240	0.02028	0.01183	0.07280	0.02288	0.69448	0.00535	0.00564	0.00316	0.00340
22	0.01549	0.01655	0.01745	0.01648	0.06165	0.20289	0.01264	0.01722	0.01221	0.01578	0.01123	0.01814	0.01078	0.00967	0.01388	0.00231	0.43533	0.06572	0.03774	0.00685
23	0.02867	0.29884	0.08341	0.01081	0.01500	0.01550	0.01013	0.09130	0.01420	0.04465	0.06603	0.01731	0.01396	0.01464	0.16222	0.00325	0.00820	0.00510	0.03845	0.05832
24	0.00884	0.00644	0.00771	0.00749	0.00915	0.00574	0.00551	0.01081	0.01458	0.04023	0.30632	0.13282	0.26842	0.08086	0.00926	0.00237	0.00352	0.03386	0.00587	0.04022
25	0.01904	0.01473	0.01561	0.01276	0.01670	0.04434	0.02492	0.40500	0.17981	0.03131	0.01896	0.02037	0.02844	0.00799	0.00604	0.00188	0.00598	0.03347	0.10342	0.00922
26	0.01234	0.01911	0.34260	0.01434	0.01958	0.01124	0.06652	0.07730	0.01418	0.05090	0.01999	0.28425	0.01994	0.01068	0.00666	0.00213	0.00684	0.00941	0.00423	0.00773
27	0.05780	0.08487	0.17061	0.01554	0.07272	0.04516	0.01373	0.30480	0.04068	0.11460	0.01410	0.01455	0.01012	0.00665	0.00574	0.00182	0.00707	0.00507	0.00482	0.00953
28	0.01325	0.19694	0.46447	0.03239	0.02329	0.01662	0.04720	0.01846	0.01269	0.01796	0.03128	0.01343	0.00931	0.00627	0.00669	0.00187	0.07209	0.00463	0.00274	0.00841

[dist]
# distance from previous block
# <min> <max>
3	8

[block]
# block no. 2 follows, 37 sequences, length 21
# corresponding to MSA columns:
# 99-119
name=unknown_C
#
# <colnr> <probs for GDERKNQSTAVLIFYWHMCP>
#	G	D	E	R	K	N	Q	S	T	A	V	L	I	F	Y	W	H	M	C	P
0	0.01323	0.01177	0.01760	0.26833	0.18810	0.01345	0.01413	0.07067	0.08407	0.01990	0.05976	0.07455	0.01629	0.00853	0.00771	0.00210	0.07784	0.04024	0.00398	0.00775
1	0.48364	0.01761	0.01177	0.01067	0.01411	0.27881	0.00834	0.01964	0.01313	0.02225	0.01263	0.01379	0.05911	0.00660	0.00465	0.00179	0.00686	0.00422	0.00370	0.00669
2	0.01653	0.01507	0.01792	0.21770	0.12215	0.12968	0.01341	0.08145	0.02971	0.07649	0.01208	0.01484	0.00940	0.00664	0.00744	0.00183	0.09734	0.00504	0.00370	0.12158
3	0.14682	0.06206	0.04164	0.01736	0.17745	0.01486	0.01196	0.19268	0.06455	0.16157	0.01501	0.01569	0.01101	0.00791	0.03141	0.00211	0.00653	0.00523	0.00492	0.00924
4	0.17680	0.05653	0.12306	0.01387	0.08283	0.07689	0.01133	0.06946	0.11822	0.02353	0.14824	0.02101	0.03845	0.00772	0.00569	0.00187	0.00601	0.00609	0.00453	0.00788
5	0.01395	0.01151	0.01075	0.00981	0.01191	0.12839	0.00726	0.03714	0.13082	0.07174	0.19914	0.03054	0.04704	0.15584	0.03431	0.00285	0.00576	0.00780	0.07680	0.00665
6	0.01929	0.02321	0.01788	0.01588	0.01785	0.48027	0.01242	0.02078	0.01434	0.01489	0.00892	0.01193	0.00794	0.00797	0.01102	0.00199	0.29903	0.00448	0.00297	0.00695
7	0.00871	0.00604	0.00757	0.00779	0.00813	0.00625	0.00507	0.00945	0.00964	0.01309	0.02083	0.13021	0.02332	0.49234	0.19788	0.00632	0.00807	0.03105	0.00392	0.00434
8	0.01115	0.00801	0.01150	0.01024	0.01224	0.00795	0.06554	0.06414	0.01489	0.06310	0.24423	0.15418	0.06441	0.04476	0.16350	0.00378	0.00692	0.00999	0.03318	0.00629
9	0.01647	0.01016	0.01212	0.01065	0.01372	0.01029	0.00870	0.19947	0.03424	0.17190	0.02921	0.06672	0.13828	0.01383	0.05999	0.00266	0.00595	0.14488	0.04295	0.00781
10	0.01558	0.01446	0.02369	0.09924	0.61844	0.01487	0.01797	0.08353	0.01515	0.02133	0.01175	0.01521	0.00963	0.00569	0.00607	0.00184	0.00730	0.00546	0.00329	0.00951
11	0.01141	0.00571	0.00571	0.00571	0.00713	0.00571	0.00428	0.01426	0.01284	0.02282	0.01997	0.02282	0.01569	0.00713	0.00428	0.00143	0.00285	0.00571	0.81886	0.00571
12	0.01463	0.01395	0.02303	0.07093	0.59895	0.01417	0.01731	0.01807	0.01346	0.01945	0.01121	0.01488	0.00946	0.00572	0.00678	0.00180	0.05385	0.00528	0.00305	0.08404
13	0.00919	0.00666	0.00911	0.01120	0.07691	0.00649	0.00726	0.01077	0.01196	0.01638	0.02779	0.37843	0.03150	0.15780	0.01183	0.00305	0.00470	0.15117	0.06244	0.00536
14	0.01141	0.00571	0.00571	0.00571	0.00713	0.00571	0.00428	0.01426	0.01284	0.02282	0.01997	0.02282	0.01569	0.00713	0.00428	0.00143	0.00285	0.00571	0.81886	0.00571
15	0.20883	0.01505	0.01551	0.01417	0.08307	0.06771	0.01038	0.32551	0.01989	0.10695	0.01424	0.03226	0.01099	0.04108	0.00667	0.00203	0.00635	0.00537	0.00513	0.00882
16	0.01398	0.01208	0.01832	0.57601	0.09770	0.04809	0.01592	0.01822	0.03876	0.08391	0.01258	0.01662	0.00929	0.00628	0.00609	0.00199	0.00783	0.00549	0.00334	0.00750
17	0.01257	0.04069	0.49331	0.01831	0.09017	0.01368	0.06879	0.01914	0.05732	0.01971	0.05907	0.01728	0.01258	0.04259	0.00719	0.00212	0.00813	0.00554	0.00320	0.00861
18	0.12358	0.02370	0.01600	0.06028	0.01904	0.52167	0.01117	0.06629	0.01679	0.05236	0.01170	0.01306	0.02595	0.00656	0.00545	0.00169	0.00934	0.00437	0.00366	0.00733
19	0.01938	0.01545	0.01689	0.01365	0.01775	0.04906	0.04009	0.42194	0.18794	0.03111	0.01702	0.01756	0.01275	0.01097	0.07546	0.00261	0.00742	0.00594	0.02758	0.00943
20	0.00794	0.00607	0.00738	0.00804	0.00935	0.00551	0.00604	0.00972	0.01366	0.01753	0.13034	0.29556	0.30551	0.01659	0.00764	0.00232	0.00367	0.13607	0.00580	0.00526

[dist]
# distance from previous block
# <min> <max>
0	25

[block]
# block no. 3 follows, 37 sequences, length 7
# corresponding to MSA columns:
# 145-151
name=unknown_D
#
# <colnr> <probs for GDERKNQSTAVLIFYWHMCP>
#	G	D	E	R	K	N	Q	S	T	A	V	L	I	F	Y	W	H	M	C	P
0	0.01649	0.33196	0.09633	0.01315	0.04351	0.07843	0.01168	0.06408	0.17573	0.04534	0.01495	0.05725	0.01258	0.00707	0.00527	0.00170	0.00660	0.00538	0.00404	0.00847
1	0.00744	0.00621	0.00649	0.00642	0.00839	0.00526	0.00481	0.00918	0.01444	0.01769	0.16015	0.05701	0.64535	0.01507	0.00723	0.00205	0.00307	0.01265	0.00584	0.00526
2	0.00795	0.00599	0.00740	0.00794	0.00917	0.00545	0.00585	0.00979	0.01400	0.01837	0.21675	0.31594	0.24686	0.01623	0.00757	0.00226	0.00348	0.08775	0.00594	0.00530
3	0.05845	0.04637	0.40678	0.01666	0.08462	0.01303	0.04475	0.01863	0.01300	0.04175	0.01124	0.01318	0.00845	0.00549	0.00544	0.00167	0.00748	0.00445	0.00310	0.19545
4	0.18628	0.26006	0.05586	0.01581	0.14658	0.01646	0.03612	0.01696	0.01191	0.01866	0.01149	0.05603	0.01056	0.01055	0.08175	0.00258	0.04650	0.00510	0.00320	0.00754
5	0.02022	0.01554	0.01756	0.01574	0.09105	0.01713	0.01156	0.49171	0.15132	0.03290	0.01644	0.01761	0.01247	0.05119	0.00755	0.00211	0.00641	0.00595	0.00569	0.00983
6	0.09742	0.04227	0.01237	0.01060	0.01345	0.23577	0.00817	0.07117	0.01602	0.05836	0.09364	0.08911	0.20736	0.01035	0.00616	0.00187	0.00619	0.00817	0.00485	0.00671

[dist]
# distance from previous block
# <min> <max>
1	16

[block]
# block no. 4 follows, 37 sequences, length 11
# corresponding to MSA columns:
# 168-178
name=unknown_E
#
# <colnr> <probs for GDERKNQSTAVLIFYWHMCP>
#	G	D	E	R	K	N	Q	S	T	A	V	L	I	F	Y	W	H	M	C	P
0	0.05321	0.01317	0.05710	0.01506	0.11994	0.01183	0.02314	0.15069	0.04129	0.11177	0.07056	0.02138	0.01593	0.03243	0.00668	0.00184	0.00578	0.04666	0.00487	0.19667
1	0.00842	0.00629	0.00847	0.00859	0.00959	0.00672	0.00631	0.01003	0.01050	0.01430	0.02576	0.09714	0.13658	0.16678	0.44799	0.00728	0.01133	0.00892	0.00395	0.00507
2	0.01406	0.08376	0.01641	0.05592	0.12004	0.01441	0.01086	0.02502	0.42019	0.02245	0.07768	0.07537	0.02044	0.00859	0.00618	0.00198	0.00528	0.00736	0.00525	0.00873
3	0.03123	0.04157	0.09641	0.01608	0.11065	0.12340	0.02462	0.12835	0.02693	0.19223	0.04217	0.04885	0.05738	0.00791	0.00639	0.00187	0.02390	0.00634	0.00495	0.00874
4	0.06616	0.27906	0.15460	0.06192	0.03498	0.09426	0.03679	0.14061	0.01597	0.04688	0.01101	0.01247	0.00857	0.00598	0.00517	0.00168	0.00757	0.00436	0.00354	0.00843
5	0.01632	0.55575	0.09779	0.01256	0.04498	0.05211	0.01186	0.05145	0.05438	0.01707	0.01041	0.01167	0.00885	0.00566	0.00449	0.00147	0.00682	0.00388	0.02433	0.00817
6	0.03535	0.05767	0.07257	0.01566	0.02008	0.10382	0.20379	0.12629	0.01665	0.07522	0.06959	0.06286	0.01557	0.00920	0.04039	0.00223	0.00796	0.00676	0.05039	0.00795
7	0.47263	0.10249	0.09173	0.01060	0.01480	0.13571	0.00954	0.01867	0.01211	0.02244	0.01041	0.05565	0.00907	0.00654	0.00454	0.00182	0.00635	0.00437	0.00354	0.00700
8	0.04995	0.01598	0.03912	0.03848	0.31063	0.09102	0.10946	0.11188	0.01632	0.09366	0.01413	0.05633	0.01154	0.00673	0.00618	0.00188	0.00755	0.00615	0.00406	0.00895
9	0.00886	0.00625	0.00748	0.00796	0.03163	0.00616	0.00470	0.00944	0.01022	0.01362	0.06687	0.08590	0.08649	0.56903	0.05622	0.00518	0.00585	0.00968	0.00414	0.00431
10	0.01479	0.01375	0.02434	0.07508	0.50174	0.01365	0.12612	0.01857	0.01436	0.05031	0.07468	0.01828	0.01388	0.00614	0.00635	0.00188	0.00733	0.00624	0.00353	0.00900

[dist]
# distance from previous block
# <min> <max>
0	2

[block]
# block no. 5 follows, 37 sequences, length 25
# corresponding to MSA columns:
# 181-205
name=unknown_F
#
# <colnr> <probs for GDERKNQSTAVLIFYWHMCP>
#	G	D	E	R	K	N	Q	S	T	A	V	L	I	F	Y	W	H	M	C	P
0	0.01646	0.03648	0.01512	0.01295	0.03202	0.01546	0.01002	0.11367	0.56498	0.04695	0.02233	0.02085	0.01670	0.00787	0.00607	0.00197	0.00517	0.00646	0.00597	0.04249
1	0.00821	0.00631	0.00667	0.00665	0.00867	0.00533	0.00496	0.00975	0.01390	0.05090	0.05742	0.12901	0.63994	0.01550	0.00724	0.00210	0.00324	0.01305	0.00577	0.00539
2	0.01064	0.00688	0.00881	0.00805	0.00994	0.00635	0.00613	0.01382	0.03951	0.09669	0.59679	0.04353	0.10488	0.01212	0.00708	0.00194	0.00320	0.01059	0.00673	0.00632
3	0.04531	0.01011	0.03122	0.01050	0.01359	0.00968	0.06243	0.01907	0.20532	0.08789	0.20059	0.03645	0.22139	0.01075	0.00669	0.00201	0.00448	0.00925	0.00589	0.00737
4	0.00877	0.00588	0.00672	0.00685	0.00688	0.00584	0.00390	0.00887	0.00917	0.01222	0.02065	0.11003	0.02398	0.71255	0.02895	0.00561	0.00571	0.00970	0.00390	0.00383
5	0.01577	0.67880	0.13664	0.01149	0.01727	0.02277	0.01223	0.01848	0.01251	0.01512	0.00887	0.01027	0.00784	0.00532	0.00420	0.00140	0.00691	0.00345	0.00261	0.00803
6	0.01141	0.00571	0.00571	0.00571	0.00713	0.00571	0.00428	0.01426	0.01284	0.02282	0.01997	0.02282	0.01569	0.00713	0.00428	0.00143	0.00285	0.00571	0.81886	0.00571
7	0.01139	0.01060	0.01775	0.72426	0.04017	0.01313	0.01632	0.01539	0.01255	0.01618	0.05498	0.01809	0.01115	0.00650	0.00619	0.00203	0.00784	0.00578	0.00296	0.00674
8	0.82811	0.01184	0.00900	0.00805	0.01184	0.01373	0.00663	0.01799	0.01042	0.02746	0.00852	0.00994	0.00663	0.00568	0.00379	0.00189	0.00474	0.00331	0.00379	0.00663
9	0.01041	0.00658	0.00828	0.00815	0.00977	0.00597	0.00608	0.01237	0.01462	0.10353	0.26339	0.19896	0.18538	0.07026	0.00906	0.00243	0.00378	0.06902	0.00609	0.00586
10	0.01228	0.03166	0.75316	0.01745	0.02649	0.01422	0.02262	0.01939	0.01292	0.01939	0.01099	0.01292	0.00775	0.00582	0.00582	0.00194	0.00905	0.00452	0.00258	0.00905
11	0.01207	0.01022	0.01203	0.00900	0.01383	0.00778	0.00707	0.01459	0.01258	0.01943	0.01361	0.10446	0.01282	0.00628	0.00493	0.00110	0.00442	0.00527	0.00387	0.72466
12	0.01192	0.00927	0.01124	0.02888	0.07213	0.00947	0.00803	0.10366	0.11404	0.02423	0.29417	0.03620	0.16560	0.01070	0.00659	0.00191	0.00415	0.00914	0.07156	0.00711
13	0.01714	0.42178	0.24476	0.01264	0.01892	0.01848	0.01384	0.02072	0.01350	0.14856	0.01207	0.01273	0.00914	0.00583	0.00489	0.00160	0.00705	0.00417	0.00350	0.00867
14	0.00890	0.00593	0.00668	0.00668	0.00668	0.00593	0.00371	0.00890	0.00890	0.01187	0.01929	0.04006	0.02225	0.78487	0.03116	0.00593	0.00593	0.00890	0.00371	0.00371
15	0.01898	0.18903	0.13004	0.01373	0.01918	0.01846	0.03370	0.36255	0.06773	0.04528	0.01492	0.01532	0.03049	0.00688	0.00566	0.00177	0.00688	0.00523	0.00476	0.00939
16	0.01530	0.01030	0.01240	0.00920	0.01396	0.00811	0.00725	0.01768	0.01329	0.16658	0.01439	0.01704	0.01160	0.08240	0.00750	0.00160	0.00481	0.00466	0.00443	0.57750
17	0.11448	0.01159	0.01802	0.52504	0.08292	0.01369	0.04832	0.04990	0.01300	0.01869	0.01177	0.04503	0.00949	0.00654	0.00594	0.00202	0.00753	0.00573	0.00317	0.00714
18	0.04789	0.12194	0.28943	0.01393	0.01990	0.06513	0.01458	0.14416	0.07178	0.06114	0.03699	0.03535	0.01195	0.00685	0.00563	0.00180	0.00727	0.00524	0.00409	0.03497
19	0.82811	0.01184	0.00900	0.00805	0.01184	0.01373	0.00663	0.01799	0.01042	0.02746	0.00852	0.00994	0.00663	0.00568	0.00379	0.00189	0.00474	0.00331	0.00379	0.00663
20	0.01050	0.00536	0.00787	0.00787	0.00787	0.00536	0.00519	0.00805	0.00805	0.01073	0.01130	0.02025	0.01152	0.07987	0.02448	0.75928	0.00536	0.00559	0.00274	0.00274
21	0.01059	0.00822	0.00970	0.03427	0.06481	0.00791	0.00713	0.04141	0.08586	0.04945	0.12663	0.04384	0.41380	0.01227	0.00675	0.00198	0.00393	0.01033	0.05462	0.00651
22	0.08966	0.00912	0.01170	0.00956	0.01309	0.00830	0.00769	0.02257	0.01685	0.44075	0.26856	0.02841	0.02898	0.00910	0.00632	0.00190	0.00438	0.00759	0.00697	0.00851
23	0.01420	0.01660	0.14219	0.02792	0.42181	0.01382	0.07967	0.05598	0.01481	0.02110	0.08457	0.03515	0.01480	0.00671	0.00658	0.00190	0.02342	0.00629	0.00355	0.00894
24	0.07014	0.01190	0.01345	0.01089	0.01481	0.04019	0.00880	0.15999	0.07512	0.34239	0.11061	0.02289	0.03710	0.00821	0.00606	0.00187	0.00522	0.00659	0.04470	0.00908

[dist]
# distance from previous block
# <min> <max>
0	2

[block]
# block no. 6 follows, 37 sequences, length 6
# corresponding to MSA columns:
# 208-213
name=unknown_G
#
# <colnr> <probs for GDERKNQSTAVLIFYWHMCP>
#	G	D	E	R	K	N	Q	S	T	A	V	L	I	F	Y	W	H	M	C	P
0	0.17923	0.08892	0.01718	0.01293	0.01706	0.22151	0.01047	0.28236	0.07045	0.02683	0.01222	0.01290	0.00933	0.00661	0.00531	0.00175	0.00737	0.00455	0.00454	0.00848
1	0.65483	0.01328	0.01104	0.01074	0.05940	0.07268	0.00799	0.01941	0.01170	0.07814	0.00991	0.01115	0.00754	0.00585	0.00424	0.00186	0.00543	0.00371	0.00396	0.00713
2	0.01564	0.01522	0.02107	0.07119	0.22309	0.07853	0.10535	0.07819	0.13456	0.02120	0.03546	0.01688	0.01216	0.00693	0.00778	0.00195	0.09582	0.00587	0.00391	0.04920
3	0.01258	0.01340	0.12542	0.01561	0.13722	0.01079	0.03339	0.04371	0.12618	0.05201	0.22980	0.03091	0.12436	0.00947	0.00658	0.00195	0.00534	0.00824	0.00517	0.00788
4	0.00888	0.00601	0.00704	0.00704	0.00717	0.00613	0.00416	0.00914	0.00901	0.01214	0.01895	0.03821	0.02145	0.69955	0.11538	0.00639	0.00714	0.00863	0.00366	0.00391
5	0.01706	0.15964	0.20165	0.05421	0.09064	0.11506	0.04358	0.15862	0.06375	0.02195	0.01208	0.01363	0.00929	0.00619	0.00562	0.00177	0.00797	0.00481	0.00366	0.00880

[dist]
# distance from previous block
# <min> <max>
5	8

[block]
# block no. 7 follows, 37 sequences, length 26
# corresponding to MSA columns:
# 222-247
name=unknown_H
#
# <colnr> <probs for GDERKNQSTAVLIFYWHMCP>
#	G	D	E	R	K	N	Q	S	T	A	V	L	I	F	Y	W	H	M	C	P
0	0.29500	0.13781	0.01937	0.02018	0.28853	0.06991	0.01226	0.01888	0.01271	0.03736	0.01027	0.01258	0.00849	0.00671	0.02550	0.00197	0.00676	0.00431	0.00334	0.00806
1	0.01404	0.25981	0.43944	0.01503	0.02223	0.01672	0.04237	0.01910	0.01307	0.04548	0.01195	0.01547	0.00962	0.00629	0.00545	0.00180	0.00800	0.04264	0.00297	0.00852
2	0.01063	0.00532	0.00797	0.00797	0.00797	0.00532	0.00532	0.00797	0.00797	0.01063	0.01063	0.01861	0.01063	0.02127	0.02392	0.82190	0.00532	0.00532	0.00266	0.00266
3	0.06322	0.00953	0.05854	0.00910	0.01206	0.00802	0.00769	0.01768	0.05777	0.18201	0.35943	0.03384	0.07903	0.01014	0.00642	0.00190	0.00403	0.00859	0.06377	0.00724
4	0.08950	0.37588	0.32684	0.01311	0.01963	0.01852	0.01503	0.01847	0.01236	0.01766	0.00982	0.01163	0.00797	0.00699	0.03211	0.00193	0.00777	0.00391	0.00274	0.00815
5	0.00893	0.00639	0.00939	0.00939	0.01029	0.00729	0.00710	0.01049	0.00959	0.01368	0.01613	0.02496	0.01549	0.10832	0.63045	0.08266	0.01448	0.00665	0.00326	0.00506
6	0.01550	0.52576	0.02399	0.00957	0.01365	0.07129	0.00891	0.01768	0.01289	0.01669	0.01164	0.01338	0.00995	0.00582	0.00413	0.00136	0.00588	0.00397	0.22070	0.00723
7	0.01336	0.22003	0.36728	0.01622	0.02304	0.01618	0.14426	0.01839	0.01350	0.01865	0.08174	0.01596	0.01291	0.00620	0.00572	0.00180	0.00804	0.00533	0.00309	0.00828
8	0.01417	0.01491	0.07345	0.07845	0.60197	0.01380	0.01794	0.01793	0.01377	0.01945	0.01501	0.01816	0.06138	0.00623	0.00613	0.00186	0.00715	0.00592	0.00317	0.00916
9	0.05971	0.07115	0.04402	0.01226	0.01568	0.21554	0.05071	0.06516	0.10495	0.01935	0.02615	0.08636	0.18516	0.00963	0.00614	0.00189	0.00674	0.00774	0.00450	0.00718
10	0.05593	0.04624	0.04978	0.02257	0.25600	0.22859	0.09328	0.01988	0.01445	0.03185	0.01214	0.04181	0.01034	0.00652	0.00636	0.00180	0.03842	0.00546	0.05052	0.00804
11	0.01519	0.01924	0.13376	0.06305	0.08621	0.16447	0.22000	0.01996	0.06313	0.03152	0.01636	0.01952	0.06213	0.04921	0.00772	0.00213	0.00867	0.00635	0.00351	0.00785
12	0.01761	0.01364	0.01510	0.01136	0.01623	0.01329	0.00917	0.36014	0.02028	0.02852	0.01322	0.01525	0.01048	0.05113	0.00685	0.00165	0.00568	0.00485	0.00484	0.38070
13	0.00855	0.00624	0.00796	0.00754	0.00899	0.00573	0.00561	0.01122	0.01676	0.02343	0.66014	0.04669	0.11655	0.03815	0.00801	0.00207	0.00301	0.01116	0.00655	0.00565
14	0.47976	0.01355	0.06369	0.03587	0.01503	0.01376	0.00898	0.14929	0.01446	0.06361	0.01140	0.01281	0.00852	0.00675	0.00531	0.03121	0.00547	0.00422	0.04883	0.00750
15	0.00768	0.00622	0.00682	0.00667	0.00854	0.00536	0.00500	0.00965	0.01501	0.01905	0.27587	0.05477	0.52878	0.01456	0.00723	0.00202	0.00303	0.01234	0.00602	0.00536
16	0.01221	0.10042	0.01385	0.01061	0.01288	0.01178	0.00856	0.10882	0.08372	0.01849	0.01619	0.02165	0.01438	0.06147	0.46890	0.00686	0.01241	0.00616	0.00389	0.00675
17	0.01418	0.12541	0.48307	0.01590	0.02305	0.09185	0.04307	0.04690	0.01394	0.01899	0.01183	0.04307	0.00943	0.00639	0.00565	0.00183	0.00851	0.00498	0.02348	0.00847
18	0.00806	0.00585	0.00671	0.00708	0.00777	0.00547	0.00456	0.00885	0.01128	0.01454	0.05787	0.24497	0.22117	0.34813	0.01770	0.00384	0.00444	0.01234	0.00487	0.00451
19	0.03363	0.02431	0.44402	0.02016	0.12655	0.01415	0.09675	0.05900	0.01449	0.09092	0.01262	0.01442	0.00902	0.00594	0.00601	0.00192	0.00834	0.00513	0.00340	0.00920
20	0.06209	0.01369	0.01643	0.01353	0.01598	0.01645	0.01106	0.30682	0.01765	0.05526	0.01234	0.01570	0.01016	0.03740	0.04251	0.05424	0.28080	0.00551	0.00441	0.00797
21	0.01441	0.04227	0.06500	0.20116	0.26020	0.04717	0.18742	0.03431	0.03202	0.01895	0.01230	0.01685	0.00989	0.00600	0.00631	0.00194	0.00833	0.02394	0.00316	0.00837
22	0.00890	0.00593	0.00668	0.00668	0.00668	0.00593	0.00371	0.00890	0.00890	0.01187	0.01929	0.04006	0.02225	0.78487	0.03116	0.00593	0.00593	0.00890	0.00371	0.00371
23	0.01013	0.01237	0.16746	0.01106	0.03540	0.00812	0.03484	0.01365	0.01528	0.04705	0.33863	0.05363	0.20569	0.01129	0.00686	0.00197	0.00473	0.00977	0.00538	0.00668
24	0.01406	0.01313	0.02123	0.28111	0.40965	0.01414	0.01690	0.03697	0.06470	0.01941	0.01231	0.01598	0.00981	0.00589	0.00603	0.00188	0.00728	0.00548	0.00326	0.04079
25	0.00981	0.00787	0.03762	0.00870	0.01074	0.00686	0.00699	0.01312	0.06232	0.05956	0.24205	0.14871	0.22768	0.01612	0.06046	0.00268	0.00469	0.06208	0.00583	0.00611

[dist]
# distance from previous block
# <min> <max>
0	27

# created by:
# /home/cegg/simao/soft/augustus-3.2.1/scripts/msa2prfl.pl ./align_prep/EOG090W0HNV.fa
