[name]
unknown

[dist]
# distance from previous block
# <min> <max>
1	74

[block]
# block no. 0 follows, 37 sequences, length 21
# corresponding to MSA columns:
# 92-112
name=unknown_A
#
# <colnr> <probs for GDERKNQSTAVLIFYWHMCP>
#	G	D	E	R	K	N	Q	S	T	A	V	L	I	F	Y	W	H	M	C	P
0	0.01071	0.00881	0.01193	0.20529	0.01900	0.00967	0.00945	0.01676	0.15833	0.02246	0.41216	0.03361	0.03722	0.01003	0.00674	0.00198	0.00464	0.00880	0.00560	0.00682
1	0.01069	0.00847	0.01186	0.20470	0.01889	0.00835	0.00905	0.01384	0.01510	0.04005	0.39085	0.03096	0.03422	0.00916	0.00638	0.00175	0.00463	0.00802	0.00511	0.16793
2	0.18252	0.01241	0.01632	0.01751	0.20374	0.01232	0.01130	0.09115	0.01626	0.35105	0.01689	0.01662	0.01160	0.00663	0.00566	0.00187	0.00579	0.00535	0.00551	0.00948
3	0.01064	0.00879	0.01481	0.01191	0.01460	0.00824	0.19078	0.01404	0.01554	0.02257	0.38096	0.03425	0.06776	0.00969	0.00664	0.00187	0.00481	0.00910	0.16665	0.00637
4	0.01164	0.01034	0.01675	0.02433	0.41022	0.01018	0.01281	0.01411	0.01293	0.01800	0.02165	0.36435	0.02374	0.01171	0.00686	0.00212	0.00558	0.01090	0.00424	0.00754
5	0.01270	0.01264	0.01272	0.01146	0.01287	0.15861	0.00894	0.01493	0.01528	0.02012	0.40836	0.03051	0.03505	0.01082	0.01020	0.00205	0.20329	0.00818	0.00498	0.00627
6	0.00861	0.00583	0.00686	0.00714	0.00725	0.00580	0.00422	0.00889	0.00949	0.01269	0.02206	0.18633	0.02565	0.61011	0.04929	0.00537	0.00579	0.01051	0.00409	0.00401
7	0.01650	0.01346	0.01938	0.02520	0.41248	0.01394	0.01407	0.20036	0.01755	0.02535	0.01401	0.01655	0.01107	0.00627	0.00572	0.00175	0.00626	0.00552	0.16546	0.00909
8	0.01613	0.01411	0.02043	0.02557	0.41368	0.01378	0.01439	0.15809	0.01656	0.02367	0.01198	0.01443	0.00968	0.00559	0.00568	0.00159	0.00646	0.00499	0.00380	0.21941
9	0.01495	0.01215	0.01805	0.01437	0.01796	0.01250	0.19262	0.06094	0.25760	0.09095	0.03423	0.02579	0.04494	0.16158	0.01147	0.00280	0.00651	0.00755	0.00503	0.00800
10	0.01588	0.01267	0.01381	0.01174	0.01574	0.01354	0.00923	0.05579	0.51572	0.07482	0.02169	0.02038	0.01622	0.00747	0.00588	0.00182	0.00488	0.00616	0.00580	0.17076
11	0.01428	0.01450	0.01279	0.01069	0.01453	0.20151	0.00812	0.01638	0.01370	0.01781	0.01504	0.16446	0.01499	0.00789	0.00544	0.00139	0.00602	0.00644	0.00391	0.45012
12	0.02135	0.02600	0.01665	0.01511	0.01833	0.61268	0.01140	0.02604	0.15966	0.01709	0.01252	0.01338	0.01002	0.00670	0.00566	0.00168	0.00981	0.00453	0.00376	0.00761
13	0.82811	0.01184	0.00900	0.00805	0.01184	0.01373	0.00663	0.01799	0.01042	0.02746	0.00852	0.00994	0.00663	0.00568	0.00379	0.00189	0.00474	0.00331	0.00379	0.00663
14	0.01546	0.21417	0.02671	0.03058	0.55816	0.01704	0.01664	0.01867	0.01355	0.01855	0.01074	0.01378	0.00922	0.00540	0.00551	0.00169	0.00708	0.00489	0.00292	0.00922
15	0.01230	0.00902	0.01068	0.00950	0.01177	0.00914	0.00740	0.19551	0.01944	0.02662	0.41958	0.10432	0.08328	0.01215	0.00705	0.00200	0.00408	0.04294	0.00637	0.00686
16	0.01730	0.01418	0.01501	0.01288	0.01671	0.01619	0.01019	0.21145	0.55333	0.02895	0.02228	0.02074	0.01655	0.00806	0.00620	0.00201	0.00533	0.00656	0.00620	0.00987
17	0.01067	0.20799	0.01420	0.00832	0.01060	0.01055	0.00679	0.01305	0.01526	0.02072	0.48475	0.03592	0.04150	0.08440	0.00866	0.00215	0.00412	0.00885	0.00539	0.00611
18	0.00903	0.00668	0.00984	0.01021	0.01138	0.00750	0.00822	0.01138	0.01093	0.01527	0.02053	0.03565	0.02044	0.03843	0.56663	0.00803	0.01362	0.18682	0.00389	0.00551
19	0.00870	0.01212	0.19952	0.01082	0.01342	0.00736	0.01005	0.01132	0.01203	0.01660	0.02787	0.58282	0.03204	0.01573	0.00730	0.00234	0.00497	0.01408	0.00488	0.00602
20	0.62254	0.01319	0.01139	0.00959	0.01366	0.01507	0.00791	0.19890	0.01511	0.03030	0.01010	0.01116	0.00759	0.00611	0.00438	0.00188	0.00525	0.00388	0.00438	0.00759

[dist]
# distance from previous block
# <min> <max>
0	9

[block]
# block no. 1 follows, 37 sequences, length 15
# corresponding to MSA columns:
# 122-136
name=unknown_B
#
# <colnr> <probs for GDERKNQSTAVLIFYWHMCP>
#	G	D	E	R	K	N	Q	S	T	A	V	L	I	F	Y	W	H	M	C	P
0	0.01325	0.01128	0.01456	0.03212	0.01518	0.01284	0.00997	0.11395	0.01309	0.01916	0.01222	0.01707	0.01093	0.04506	0.19755	0.00400	0.24177	0.00538	0.00358	0.20702
1	0.01521	0.00780	0.00933	0.00820	0.01074	0.00744	0.00641	0.01918	0.08040	0.21873	0.19508	0.02948	0.06133	0.00904	0.00580	0.00176	0.00369	0.00756	0.29550	0.00732
2	0.01744	0.48387	0.13858	0.01242	0.01816	0.02141	0.01261	0.19228	0.01652	0.02110	0.01041	0.01149	0.00847	0.00584	0.00475	0.00153	0.00697	0.00401	0.00347	0.00866
3	0.01241	0.01058	0.01239	0.00904	0.01420	0.00799	0.00717	0.01504	0.01264	0.01971	0.01211	0.05402	0.01076	0.00532	0.00471	0.00099	0.00448	0.00437	0.00374	0.77832
4	0.01147	0.00890	0.00961	0.00845	0.01108	0.00869	0.00660	0.18550	0.01831	0.02364	0.19470	0.04526	0.41871	0.01287	0.00696	0.00198	0.00395	0.01071	0.00602	0.00658
5	0.01792	0.57301	0.05366	0.01160	0.01689	0.02259	0.01118	0.19215	0.01647	0.02051	0.01011	0.01112	0.00848	0.00578	0.00453	0.00146	0.00668	0.00387	0.00348	0.00852
6	0.62794	0.01160	0.00990	0.00830	0.01249	0.01236	0.00678	0.01736	0.01098	0.02562	0.00910	0.01062	0.00723	0.00540	0.00397	0.00165	0.00469	0.00339	0.00375	0.20686
7	0.01203	0.00892	0.01038	0.00904	0.01142	0.00892	0.00704	0.18657	0.01962	0.02675	0.45883	0.04015	0.15265	0.01171	0.00695	0.00193	0.00387	0.00999	0.00642	0.00682
8	0.01281	0.00720	0.00905	0.00813	0.01048	0.00635	0.00625	0.01508	0.01608	0.20008	0.33410	0.09278	0.23240	0.01256	0.00700	0.00199	0.00356	0.01079	0.00659	0.00670
9	0.00934	0.00612	0.00757	0.00721	0.00865	0.00576	0.00541	0.01222	0.01622	0.02412	0.56586	0.04010	0.04743	0.01119	0.00650	0.00180	0.00288	0.00975	0.20610	0.00576
10	0.20965	0.00755	0.00820	0.00777	0.00974	0.00763	0.00592	0.01275	0.01502	0.02415	0.47203	0.09564	0.07910	0.01152	0.00642	0.00197	0.00340	0.00976	0.00588	0.00589
11	0.01664	0.33540	0.28002	0.01379	0.02027	0.01945	0.01499	0.19248	0.01662	0.02207	0.01089	0.01210	0.00845	0.00596	0.00512	0.00166	0.00746	0.00426	0.00347	0.00890
12	0.01912	0.08069	0.07287	0.01592	0.04528	0.39949	0.04768	0.06275	0.05035	0.01798	0.01081	0.01256	0.00878	0.00633	0.00629	0.00165	0.05027	0.00443	0.00340	0.08334
13	0.04047	0.36015	0.21346	0.01310	0.01918	0.01963	0.01374	0.19270	0.01666	0.04257	0.01110	0.01213	0.00863	0.00598	0.00501	0.00163	0.00715	0.00423	0.00364	0.00883
14	0.00874	0.00656	0.00984	0.00984	0.01093	0.00765	0.00765	0.01093	0.00984	0.01421	0.01640	0.02405	0.01530	0.04591	0.76062	0.00984	0.01640	0.00656	0.00328	0.00547

[dist]
# distance from previous block
# <min> <max>
0	7

[block]
# block no. 2 follows, 37 sequences, length 43
# corresponding to MSA columns:
# 144-186
name=unknown_C
#
# <colnr> <probs for GDERKNQSTAVLIFYWHMCP>
#	G	D	E	R	K	N	Q	S	T	A	V	L	I	F	Y	W	H	M	C	P
0	0.00792	0.00720	0.05754	0.00928	0.01028	0.00571	0.00706	0.00949	0.01193	0.01603	0.03213	0.68953	0.03799	0.01815	0.00771	0.00247	0.00404	0.05480	0.00547	0.00528
1	0.01473	0.01507	0.02656	0.14128	0.42937	0.04255	0.20252	0.01875	0.01395	0.01907	0.01157	0.01552	0.00930	0.00551	0.00635	0.00191	0.00834	0.00586	0.00301	0.00880
2	0.63625	0.01362	0.01092	0.03706	0.03575	0.09075	0.00794	0.01843	0.01146	0.02502	0.00895	0.01063	0.00707	0.00568	0.00417	0.00180	0.00557	0.00354	0.00365	0.06176
3	0.01128	0.01051	0.01760	0.71882	0.03992	0.01302	0.01624	0.01516	0.01220	0.01564	0.01242	0.06786	0.01034	0.00700	0.00623	0.00207	0.00785	0.00625	0.00292	0.00668
4	0.01423	0.01345	0.02272	0.13745	0.59875	0.01383	0.01752	0.01768	0.01336	0.01884	0.01195	0.01699	0.01033	0.05808	0.00776	0.00213	0.00731	0.00568	0.00303	0.00889
5	0.00882	0.00668	0.00820	0.00781	0.00945	0.00628	0.00585	0.01239	0.06498	0.02296	0.55591	0.07432	0.16741	0.01298	0.00718	0.00198	0.00308	0.01134	0.00649	0.00591
6	0.00882	0.00624	0.00824	0.00824	0.00879	0.00679	0.00567	0.00991	0.00937	0.01303	0.01785	0.03211	0.01881	0.41822	0.39310	0.00787	0.01113	0.00774	0.00350	0.00458
7	0.71636	0.01215	0.01029	0.05985	0.01439	0.01409	0.00768	0.06774	0.01183	0.02745	0.00912	0.01071	0.00700	0.00583	0.00411	0.00190	0.00511	0.00361	0.00388	0.00691
8	0.01463	0.01624	0.03462	0.02490	0.03089	0.01534	0.67503	0.04596	0.01498	0.02028	0.01310	0.01811	0.01015	0.00561	0.00722	0.00208	0.01004	0.02927	0.00329	0.00825
9	0.00817	0.00590	0.00772	0.00797	0.00902	0.00545	0.00571	0.01033	0.01511	0.02094	0.45537	0.32473	0.07044	0.01512	0.00745	0.00214	0.00315	0.01352	0.00631	0.00545
10	0.01316	0.00978	0.01093	0.00977	0.01244	0.01019	0.00752	0.10288	0.23093	0.06875	0.19423	0.07748	0.17424	0.04036	0.00767	0.00217	0.00426	0.00952	0.00618	0.00753
11	0.01565	0.01305	0.01385	0.01240	0.01591	0.01501	0.00966	0.03243	0.71060	0.05089	0.02489	0.02277	0.01856	0.00828	0.00623	0.00207	0.00486	0.00689	0.00628	0.00971
12	0.01424	0.01223	0.01294	0.01171	0.01495	0.01392	0.00908	0.02953	0.64009	0.02485	0.06741	0.02690	0.07707	0.00909	0.00636	0.00207	0.00460	0.00761	0.00621	0.00912
13	0.00876	0.00650	0.00955	0.00955	0.01054	0.00750	0.00729	0.01075	0.00975	0.01400	0.01666	0.02551	0.01594	0.11325	0.69414	0.00948	0.01544	0.00677	0.00332	0.00531
14	0.01156	0.01088	0.01836	0.77016	0.04216	0.01360	0.01700	0.01564	0.01224	0.01564	0.01088	0.01632	0.00816	0.00612	0.00612	0.00204	0.00816	0.00544	0.00272	0.00680
15	0.00877	0.00646	0.00934	0.00934	0.01026	0.00738	0.00703	0.01061	0.00969	0.01384	0.01685	0.02657	0.01640	0.16235	0.64568	0.00922	0.01475	0.00693	0.00335	0.00519
16	0.82811	0.01184	0.00900	0.00805	0.01184	0.01373	0.00663	0.01799	0.01042	0.02746	0.00852	0.00994	0.00663	0.00568	0.00379	0.00189	0.00474	0.00331	0.00379	0.00663
17	0.01156	0.01088	0.01836	0.77016	0.04216	0.01360	0.01700	0.01564	0.01224	0.01564	0.01088	0.01632	0.00816	0.00612	0.00612	0.00204	0.00816	0.00544	0.00272	0.00680
18	0.01228	0.03166	0.75316	0.01745	0.02649	0.01422	0.02262	0.01939	0.01292	0.01939	0.01099	0.01292	0.00775	0.00582	0.00582	0.00194	0.00905	0.00452	0.00258	0.00905
19	0.01228	0.03166	0.75316	0.01745	0.02649	0.01422	0.02262	0.01939	0.01292	0.01939	0.01099	0.01292	0.00775	0.00582	0.00582	0.00194	0.00905	0.00452	0.00258	0.00905
20	0.01637	0.78856	0.03208	0.01047	0.01571	0.02422	0.01047	0.01833	0.01244	0.01440	0.00851	0.00982	0.00786	0.00524	0.00393	0.00131	0.00655	0.00327	0.00262	0.00786
21	0.01228	0.03166	0.75316	0.01745	0.02649	0.01422	0.02262	0.01939	0.01292	0.01939	0.01099	0.01292	0.00775	0.00582	0.00582	0.00194	0.00905	0.00452	0.00258	0.00905
22	0.00866	0.00626	0.00818	0.00770	0.00914	0.00578	0.00578	0.01155	0.01733	0.02455	0.74346	0.04572	0.05776	0.01251	0.00722	0.00193	0.00289	0.01107	0.00674	0.00578
23	0.00986	0.00705	0.00986	0.01127	0.01268	0.00705	0.00986	0.01268	0.01409	0.01832	0.03241	0.06905	0.03523	0.01691	0.00845	0.00282	0.00564	0.70549	0.00564	0.00564
24	0.82811	0.01184	0.00900	0.00805	0.01184	0.01373	0.00663	0.01799	0.01042	0.02746	0.00852	0.00994	0.00663	0.00568	0.00379	0.00189	0.00474	0.00331	0.00379	0.00663
25	0.00845	0.00610	0.00799	0.00784	0.00910	0.00564	0.00576	0.01102	0.01635	0.02299	0.61994	0.17367	0.05475	0.01367	0.00732	0.00202	0.00300	0.01217	0.00655	0.00564
26	0.01515	0.01454	0.02485	0.03757	0.74669	0.01454	0.01879	0.01879	0.01394	0.02000	0.01151	0.01515	0.00970	0.00545	0.00606	0.00182	0.00727	0.00545	0.00303	0.00970
27	0.00890	0.00593	0.00668	0.00668	0.00668	0.00593	0.00371	0.00890	0.00890	0.01187	0.01929	0.04006	0.02225	0.78487	0.03116	0.00593	0.00593	0.00890	0.00371	0.00371
28	0.02327	0.01715	0.01837	0.01408	0.01898	0.01898	0.01163	0.72628	0.02878	0.03858	0.01470	0.01470	0.01041	0.00735	0.00612	0.00184	0.00674	0.00551	0.00612	0.01041
29	0.01515	0.01454	0.02485	0.03757	0.74669	0.01454	0.01879	0.01879	0.01394	0.02000	0.01151	0.01515	0.00970	0.00545	0.00606	0.00182	0.00727	0.00545	0.00303	0.00970
30	0.01300	0.05796	0.69922	0.01695	0.02569	0.01438	0.02166	0.01975	0.01308	0.04704	0.01140	0.01311	0.00804	0.00586	0.00576	0.00191	0.00881	0.00454	0.00278	0.00906
31	0.00837	0.00604	0.00811	0.00945	0.01030	0.00578	0.00723	0.01013	0.01275	0.01671	0.03483	0.46724	0.07837	0.01810	0.00803	0.00259	0.00432	0.28076	0.00566	0.00524
32	0.00859	0.00642	0.00801	0.00770	0.00926	0.00593	0.00579	0.01157	0.03564	0.02277	0.56836	0.07549	0.16824	0.01325	0.00725	0.00200	0.00307	0.02844	0.00649	0.00575
33	0.00746	0.00564	0.00690	0.00779	0.00872	0.00508	0.00539	0.00878	0.01271	0.01643	0.08448	0.52557	0.24751	0.01770	0.00761	0.00233	0.00338	0.01571	0.00575	0.00508
34	0.09846	0.03395	0.01122	0.00897	0.01220	0.00949	0.00722	0.06363	0.04967	0.28650	0.03986	0.05722	0.01650	0.00788	0.00535	0.00176	0.00437	0.00631	0.27143	0.00800
35	0.01408	0.01356	0.02219	0.30203	0.28329	0.03406	0.10005	0.04449	0.03677	0.01897	0.01199	0.01602	0.00946	0.00610	0.00669	0.00195	0.03698	0.00567	0.02745	0.00818
36	0.04488	0.18097	0.51241	0.01520	0.02290	0.01608	0.01842	0.04503	0.01356	0.06096	0.01128	0.01270	0.00825	0.00585	0.00539	0.00180	0.00808	0.00436	0.00305	0.00884
37	0.01424	0.01615	0.03512	0.02515	0.03117	0.01513	0.69875	0.01932	0.01455	0.01978	0.03853	0.01756	0.01102	0.00542	0.00722	0.00206	0.01005	0.00736	0.00323	0.00817
38	0.00755	0.00616	0.00667	0.00666	0.00849	0.00528	0.00495	0.00934	0.01451	0.01814	0.20160	0.10154	0.55759	0.01511	0.00727	0.00206	0.00308	0.01282	0.00590	0.00528
39	0.01035	0.00666	0.00877	0.00813	0.00979	0.00628	0.00614	0.01290	0.01585	0.08911	0.52111	0.04112	0.07762	0.05676	0.09916	0.00309	0.00490	0.01004	0.00619	0.00603
40	0.01269	0.01088	0.01269	0.00907	0.01451	0.00816	0.00725	0.01541	0.01269	0.01995	0.01088	0.01269	0.00907	0.00453	0.00453	0.00091	0.00453	0.00363	0.00363	0.82229
41	0.01327	0.00999	0.03892	0.01204	0.03954	0.00906	0.04260	0.07897	0.03705	0.09937	0.07823	0.10307	0.09009	0.02837	0.00759	0.00227	0.00534	0.22270	0.02395	0.05759
42	0.01496	0.01415	0.06118	0.02033	0.25600	0.05422	0.03942	0.04508	0.10534	0.07015	0.12277	0.02237	0.05165	0.00747	0.00616	0.00180	0.00614	0.00659	0.00455	0.08969

[dist]
# distance from previous block
# <min> <max>
1	5

[block]
# block no. 3 follows, 37 sequences, length 7
# corresponding to MSA columns:
# 192-198
name=unknown_D
#
# <colnr> <probs for GDERKNQSTAVLIFYWHMCP>
#	G	D	E	R	K	N	Q	S	T	A	V	L	I	F	Y	W	H	M	C	P
0	0.01653	0.06498	0.02452	0.03162	0.55018	0.09560	0.04396	0.06330	0.01515	0.02025	0.01134	0.01440	0.00941	0.00564	0.00592	0.00177	0.00771	0.00523	0.00321	0.00929
1	0.01381	0.01471	0.09238	0.02001	0.10218	0.01269	0.27151	0.01960	0.09626	0.04836	0.01830	0.02809	0.01611	0.00822	0.00691	0.00211	0.00767	0.15825	0.00416	0.05869
2	0.04354	0.13892	0.41153	0.01708	0.07093	0.01541	0.06515	0.02089	0.05874	0.08331	0.01268	0.01406	0.00929	0.00597	0.00563	0.00185	0.00789	0.00483	0.00336	0.00893
3	0.01005	0.00758	0.00914	0.00977	0.01104	0.02926	0.00731	0.01366	0.10051	0.03984	0.09287	0.42023	0.03582	0.01701	0.03236	0.00265	0.00474	0.14445	0.00573	0.00598
4	0.01587	0.01347	0.01420	0.01259	0.01616	0.01553	0.00984	0.08805	0.67906	0.02664	0.02410	0.02219	0.01802	0.00823	0.00622	0.00206	0.00500	0.00681	0.00622	0.00975
5	0.01358	0.01264	0.04500	0.01109	0.01652	0.01009	0.05594	0.05531	0.07686	0.02139	0.01241	0.01395	0.00994	0.00511	0.00500	0.00118	0.00525	0.00429	0.00391	0.62056
6	0.00797	0.00633	0.00723	0.00730	0.00912	0.00559	0.00568	0.01005	0.01484	0.01885	0.23330	0.05695	0.46719	0.01493	0.00740	0.00214	0.00340	0.11038	0.00595	0.00539

[dist]
# distance from previous block
# <min> <max>
0	47

[block]
# block no. 4 follows, 37 sequences, length 11
# corresponding to MSA columns:
# 246-256
name=unknown_E
#
# <colnr> <probs for GDERKNQSTAVLIFYWHMCP>
#	G	D	E	R	K	N	Q	S	T	A	V	L	I	F	Y	W	H	M	C	P
0	0.01445	0.01651	0.03612	0.02580	0.03199	0.01548	0.72446	0.01961	0.01445	0.01961	0.01238	0.01651	0.00929	0.00516	0.00722	0.00206	0.01032	0.00722	0.00310	0.00826
1	0.01286	0.13915	0.65076	0.01646	0.02496	0.01564	0.02089	0.01924	0.01285	0.01868	0.01063	0.01248	0.00777	0.00573	0.00555	0.00185	0.00869	0.00435	0.00259	0.00888
2	0.01350	0.01286	0.02187	0.37337	0.42375	0.01411	0.01797	0.01734	0.01316	0.01800	0.01122	0.01569	0.00899	0.00576	0.00609	0.00192	0.00768	0.00545	0.00289	0.00837
3	0.00744	0.00539	0.00704	0.00835	0.00883	0.00499	0.00561	0.00854	0.01188	0.01569	0.03582	0.72783	0.09220	0.01891	0.00777	0.00246	0.00352	0.01707	0.00568	0.00499
4	0.00804	0.00596	0.00751	0.00784	0.00903	0.00544	0.00569	0.01006	0.01468	0.01981	0.35004	0.29734	0.17846	0.01549	0.00747	0.00218	0.00326	0.04017	0.00614	0.00539
5	0.01465	0.01410	0.02210	0.27722	0.45115	0.04764	0.01758	0.04791	0.01416	0.01912	0.01135	0.01533	0.00914	0.00579	0.00606	0.00188	0.00771	0.00538	0.00306	0.00866
6	0.01450	0.01389	0.02368	0.16925	0.62006	0.01437	0.01847	0.01822	0.01363	0.01921	0.01140	0.01536	0.00942	0.00557	0.00607	0.00186	0.00743	0.00545	0.00297	0.00918
7	0.00808	0.00567	0.00732	0.00840	0.00879	0.00544	0.00569	0.00909	0.01132	0.01504	0.03014	0.52271	0.03553	0.20179	0.01346	0.00335	0.00436	0.09390	0.00521	0.00475
8	0.82811	0.01184	0.00900	0.00805	0.01184	0.01373	0.00663	0.01799	0.01042	0.02746	0.00852	0.00994	0.00663	0.00568	0.00379	0.00189	0.00474	0.00331	0.00379	0.00663
9	0.01956	0.01300	0.01690	0.01382	0.06003	0.01228	0.06103	0.18899	0.06280	0.21979	0.01634	0.01639	0.01166	0.00634	0.00573	0.00160	0.00583	0.00532	0.00536	0.25723
10	0.02104	0.07097	0.01814	0.01529	0.01826	0.59485	0.01178	0.02359	0.06077	0.01558	0.01022	0.01194	0.00857	0.00682	0.00697	0.00171	0.08877	0.00423	0.00326	0.00726

[dist]
# distance from previous block
# <min> <max>
0	1

[block]
# block no. 5 follows, 37 sequences, length 68
# corresponding to MSA columns:
# 258-325
name=unknown_F
#
# <colnr> <probs for GDERKNQSTAVLIFYWHMCP>
#	G	D	E	R	K	N	Q	S	T	A	V	L	I	F	Y	W	H	M	C	P
0	0.02735	0.01060	0.01432	0.01098	0.01572	0.00927	0.00907	0.04877	0.01783	0.73156	0.02389	0.02067	0.01502	0.00757	0.00615	0.00189	0.00525	0.00614	0.00754	0.01042
1	0.01033	0.00726	0.00995	0.00949	0.01032	0.00828	0.00701	0.01173	0.00992	0.05563	0.01695	0.02805	0.01685	0.28294	0.40330	0.00738	0.08853	0.00718	0.00361	0.00530
2	0.01269	0.01088	0.01269	0.00907	0.01451	0.00816	0.00725	0.01541	0.01269	0.01995	0.01088	0.01269	0.00907	0.00453	0.00453	0.00091	0.00453	0.00363	0.00363	0.82229
3	0.00890	0.00594	0.00672	0.00670	0.00674	0.00593	0.00377	0.00898	0.00913	0.01222	0.03932	0.04021	0.02324	0.76351	0.03049	0.00582	0.00585	0.00896	0.00379	0.00377
4	0.01334	0.01131	0.01217	0.01133	0.01420	0.01272	0.00871	0.02666	0.55231	0.02348	0.05034	0.11866	0.07812	0.01052	0.00659	0.00214	0.00452	0.02820	0.00612	0.00855
5	0.00890	0.00593	0.00668	0.00668	0.00668	0.00593	0.00371	0.00890	0.00890	0.01187	0.01929	0.04006	0.02225	0.78487	0.03116	0.00593	0.00593	0.00890	0.00371	0.00371
6	0.01526	0.01529	0.02257	0.04132	0.15964	0.06115	0.14452	0.06650	0.07426	0.01920	0.01153	0.01512	0.00963	0.00788	0.01170	0.00221	0.30497	0.00578	0.00338	0.00809
7	0.00890	0.00593	0.00668	0.00668	0.00668	0.00593	0.00371	0.00890	0.00890	0.01187	0.01929	0.04006	0.02225	0.78487	0.03116	0.00593	0.00593	0.00890	0.00371	0.00371
8	0.01269	0.01088	0.01269	0.00907	0.01451	0.00816	0.00725	0.01541	0.01269	0.01995	0.01088	0.01269	0.00907	0.00453	0.00453	0.00091	0.00453	0.00363	0.00363	0.82229
9	0.03181	0.08398	0.16413	0.01514	0.02123	0.03945	0.16756	0.06295	0.01461	0.08084	0.01226	0.01401	0.00925	0.00549	0.00557	0.00158	0.00727	0.00489	0.00369	0.25429
10	0.01870	0.01880	0.01461	0.01355	0.01646	0.35430	0.01076	0.09845	0.05511	0.06485	0.01875	0.02999	0.01740	0.00974	0.00650	0.00201	0.00810	0.21066	0.02392	0.00734
11	0.02442	0.01464	0.01674	0.01291	0.01769	0.01535	0.01064	0.45621	0.05223	0.28683	0.01839	0.01716	0.01239	0.00746	0.00614	0.00187	0.00613	0.00579	0.00663	0.01038
12	0.01269	0.01088	0.01269	0.00907	0.01451	0.00816	0.00725	0.01541	0.01269	0.01995	0.01088	0.01269	0.00907	0.00453	0.00453	0.00091	0.00453	0.00363	0.00363	0.82229
13	0.02153	0.01559	0.01665	0.01299	0.01741	0.01721	0.01066	0.61489	0.05034	0.03619	0.01569	0.01598	0.01134	0.00735	0.00590	0.00179	0.00619	0.00558	0.10691	0.00980
14	0.02327	0.01715	0.01837	0.01408	0.01898	0.01898	0.01163	0.72628	0.02878	0.03858	0.01470	0.01470	0.01041	0.00735	0.00612	0.00184	0.00674	0.00551	0.00612	0.01041
15	0.00858	0.00625	0.00807	0.00761	0.00909	0.00574	0.00571	0.01139	0.01713	0.02408	0.70381	0.04649	0.09770	0.01269	0.00722	0.00193	0.00290	0.01118	0.00668	0.00574
16	0.01523	0.01315	0.01384	0.01246	0.01592	0.01523	0.00969	0.03253	0.73563	0.02561	0.02491	0.02284	0.01869	0.00830	0.00623	0.00208	0.00484	0.00692	0.00623	0.00969
17	0.00746	0.00533	0.00710	0.00852	0.00888	0.00497	0.00568	0.00852	0.01172	0.01563	0.03374	0.78088	0.04049	0.01918	0.00781	0.00249	0.00355	0.01740	0.00568	0.00497
18	0.01445	0.01651	0.03612	0.02580	0.03199	0.01548	0.72446	0.01961	0.01445	0.01961	0.01238	0.01651	0.00929	0.00516	0.00722	0.00206	0.01032	0.00722	0.00310	0.00826
19	0.01497	0.01185	0.01639	0.01203	0.01732	0.00998	0.11203	0.01934	0.08023	0.10873	0.01400	0.01517	0.01072	0.00534	0.00528	0.00130	0.00549	0.00476	0.00427	0.53082
20	0.61718	0.03429	0.09993	0.00983	0.01441	0.01433	0.00914	0.07676	0.01251	0.05076	0.00984	0.01105	0.00739	0.00589	0.00430	0.00188	0.00548	0.00373	0.00393	0.00739
21	0.13232	0.27996	0.40560	0.01377	0.02078	0.01747	0.01626	0.01883	0.01240	0.01891	0.00981	0.01146	0.00762	0.00560	0.00489	0.00172	0.00759	0.00393	0.00277	0.00830
22	0.01586	0.69483	0.12137	0.01134	0.01705	0.02298	0.01198	0.01846	0.01250	0.01502	0.00882	0.01020	0.00784	0.00531	0.00416	0.00139	0.00686	0.00343	0.00261	0.00800
23	0.01637	0.78856	0.03208	0.01047	0.01571	0.02422	0.01047	0.01833	0.01244	0.01440	0.00851	0.00982	0.00786	0.00524	0.00393	0.00131	0.00655	0.00327	0.00262	0.00786
24	0.01542	0.01692	0.05157	0.01990	0.02450	0.11407	0.37572	0.03925	0.07780	0.03679	0.01564	0.03935	0.01330	0.00756	0.00770	0.00211	0.05380	0.07683	0.00384	0.00793
25	0.78044	0.01193	0.00942	0.00830	0.01215	0.01372	0.00684	0.03730	0.01114	0.05141	0.00920	0.01043	0.00701	0.00579	0.00393	0.00189	0.00480	0.00347	0.00397	0.00685
26	0.01515	0.01454	0.02485	0.03757	0.74669	0.01454	0.01879	0.01879	0.01394	0.02000	0.01151	0.01515	0.00970	0.00545	0.00606	0.00182	0.00727	0.00545	0.00303	0.00970
27	0.01269	0.01088	0.01269	0.00907	0.01451	0.00816	0.00725	0.01541	0.01269	0.01995	0.01088	0.01269	0.00907	0.00453	0.00453	0.00091	0.00453	0.00363	0.00363	0.82229
28	0.00767	0.00548	0.00735	0.00877	0.00922	0.00516	0.00605	0.00889	0.01193	0.01586	0.03362	0.71779	0.04002	0.01898	0.00787	0.00252	0.00374	0.07839	0.00568	0.00503
29	0.82811	0.01184	0.00900	0.00805	0.01184	0.01373	0.00663	0.01799	0.01042	0.02746	0.00852	0.00994	0.00663	0.00568	0.00379	0.00189	0.00474	0.00331	0.00379	0.00663
30	0.00862	0.00626	0.00812	0.00766	0.00912	0.00576	0.00574	0.01147	0.01723	0.02431	0.72345	0.04611	0.07792	0.01260	0.00722	0.00193	0.00289	0.01112	0.00671	0.00576
31	0.01269	0.10769	0.68073	0.01675	0.02541	0.01522	0.02140	0.01928	0.01287	0.01888	0.01074	0.01261	0.00776	0.00576	0.00563	0.00188	0.00880	0.00440	0.00259	0.00893
32	0.00874	0.00656	0.00984	0.00984	0.01093	0.00765	0.00765	0.01093	0.00984	0.01421	0.01640	0.02405	0.01530	0.04591	0.76062	0.00984	0.01640	0.00656	0.00328	0.00547
33	0.01825	0.01368	0.01418	0.01211	0.01543	0.07872	0.00955	0.17116	0.26112	0.13160	0.01951	0.02042	0.01487	0.04791	0.07035	0.00277	0.03233	0.00620	0.05108	0.00876
34	0.00797	0.00618	0.00725	0.00708	0.00874	0.00546	0.00527	0.01017	0.01554	0.02054	0.40511	0.09037	0.35992	0.01419	0.00726	0.00202	0.00302	0.01222	0.00622	0.00546
35	0.01395	0.01332	0.02268	0.28232	0.51131	0.01423	0.01819	0.01774	0.01337	0.01854	0.01130	0.01554	0.00918	0.00568	0.00608	0.00189	0.00757	0.00545	0.00293	0.00873
36	0.01486	0.00921	0.01055	0.00928	0.01233	0.00905	0.00727	0.02125	0.21906	0.20449	0.11024	0.03655	0.26058	0.01088	0.00657	0.00199	0.00409	0.00909	0.03481	0.00784
37	0.00897	0.00652	0.00875	0.00866	0.00923	0.00727	0.00611	0.01017	0.00941	0.01320	0.01738	0.03074	0.01812	0.37023	0.41402	0.00787	0.03762	0.00755	0.00345	0.00473
38	0.00866	0.00626	0.00818	0.00770	0.00914	0.00578	0.00578	0.01155	0.01733	0.02455	0.74346	0.04572	0.05776	0.01251	0.00722	0.00193	0.00289	0.01107	0.00674	0.00578
39	0.45917	0.01118	0.01140	0.00936	0.01358	0.01155	0.00772	0.02345	0.01369	0.36084	0.01572	0.01496	0.01056	0.00656	0.00488	0.00189	0.00495	0.00462	0.00553	0.00837
40	0.01527	0.35164	0.38569	0.01394	0.02101	0.01804	0.01633	0.01980	0.01310	0.07762	0.01102	0.01226	0.00841	0.00571	0.00504	0.00167	0.00767	0.00413	0.00301	0.00865
41	0.07478	0.06989	0.04434	0.01489	0.01856	0.34794	0.03518	0.17804	0.03475	0.02154	0.01085	0.01249	0.00867	0.00692	0.00718	0.00180	0.09582	0.00456	0.00382	0.00797
42	0.01468	0.05230	0.48918	0.01580	0.02341	0.01430	0.04174	0.09975	0.03371	0.06166	0.01244	0.01380	0.00893	0.00598	0.00574	0.00181	0.00798	0.00475	0.00347	0.08858
43	0.01429	0.33385	0.43973	0.01454	0.02193	0.01838	0.01739	0.04308	0.01327	0.01805	0.01012	0.01174	0.00789	0.00564	0.00507	0.00168	0.00797	0.00406	0.00272	0.00862
44	0.01565	0.63079	0.13743	0.01243	0.01828	0.02223	0.05612	0.01856	0.01263	0.01545	0.00911	0.01068	0.00793	0.00532	0.00441	0.00145	0.00714	0.00370	0.00264	0.00805
45	0.01399	0.01336	0.02275	0.27454	0.51880	0.01424	0.01821	0.01777	0.01339	0.01859	0.01131	0.01553	0.00920	0.00567	0.00608	0.00189	0.00756	0.00545	0.00293	0.00876
46	0.46847	0.01362	0.01527	0.01217	0.01648	0.01499	0.11230	0.18626	0.03511	0.02880	0.03668	0.01362	0.01002	0.00631	0.00503	0.00191	0.00596	0.00477	0.00441	0.00781
47	0.01339	0.01339	0.01875	0.01607	0.01607	0.01875	0.01339	0.01473	0.00937	0.01473	0.00804	0.01339	0.00804	0.01071	0.02009	0.00268	0.77367	0.00536	0.00268	0.00670
48	0.01515	0.01454	0.02485	0.03757	0.74669	0.01454	0.01879	0.01879	0.01394	0.02000	0.01151	0.01515	0.00970	0.00545	0.00606	0.00182	0.00727	0.00545	0.00303	0.00970
49	0.01156	0.01088	0.01836	0.77016	0.04216	0.01360	0.01700	0.01564	0.01224	0.01564	0.01088	0.01632	0.00816	0.00612	0.00612	0.00204	0.00816	0.00544	0.00272	0.00680
50	0.02327	0.01715	0.01837	0.01408	0.01898	0.01898	0.01163	0.72628	0.02878	0.03858	0.01470	0.01470	0.01041	0.00735	0.00612	0.00184	0.00674	0.00551	0.00612	0.01041
51	0.01952	0.01417	0.01567	0.01303	0.01704	0.01558	0.01069	0.39390	0.20956	0.08163	0.02058	0.02514	0.01650	0.00900	0.00649	0.00205	0.00598	0.10776	0.00618	0.00953
52	0.00844	0.00623	0.00789	0.00752	0.00902	0.00568	0.00562	0.01111	0.01674	0.02326	0.63521	0.06501	0.14935	0.01307	0.00724	0.00196	0.00293	0.01147	0.00657	0.00568
53	0.04952	0.01469	0.01641	0.01318	0.01757	0.03661	0.03522	0.30412	0.23797	0.17992	0.01928	0.01821	0.01364	0.00752	0.00610	0.00192	0.00603	0.00601	0.00618	0.00989
54	0.00751	0.00535	0.00709	0.00845	0.00879	0.00501	0.00561	0.00854	0.01161	0.01548	0.03318	0.75219	0.03978	0.04883	0.00872	0.00262	0.00364	0.01707	0.00561	0.00492
55	0.02177	0.00971	0.01277	0.01044	0.01424	0.00889	0.00845	0.02573	0.09068	0.50428	0.14992	0.04821	0.02433	0.00916	0.00647	0.00197	0.00474	0.03185	0.00717	0.00922
56	0.00728	0.00620	0.00627	0.00625	0.00830	0.00519	0.00469	0.00888	0.01407	0.01682	0.08599	0.05845	0.72005	0.01540	0.00723	0.00206	0.00309	0.01285	0.00572	0.00519
57	0.01515	0.01454	0.02485	0.03757	0.74669	0.01454	0.01879	0.01879	0.01394	0.02000	0.01151	0.01515	0.00970	0.00545	0.00606	0.00182	0.00727	0.00545	0.00303	0.00970
58	0.01515	0.01454	0.02485	0.03757	0.74669	0.01454	0.01879	0.01879	0.01394	0.02000	0.01151	0.01515	0.00970	0.00545	0.00606	0.00182	0.00727	0.00545	0.00303	0.00970
59	0.00754	0.00545	0.00716	0.00849	0.00899	0.00506	0.00578	0.00870	0.01194	0.01578	0.03536	0.71064	0.08187	0.01887	0.00780	0.00247	0.00361	0.04379	0.00568	0.00501
60	0.01445	0.01651	0.03612	0.02580	0.03199	0.01548	0.72446	0.01961	0.01445	0.01961	0.01238	0.01651	0.00929	0.00516	0.00722	0.00206	0.01032	0.00722	0.00310	0.00826
61	0.00967	0.00776	0.01106	0.01064	0.01140	0.00944	0.00830	0.01145	0.00983	0.01419	0.01600	0.02633	0.01583	0.13524	0.49256	0.00767	0.15393	0.03990	0.00334	0.00547
62	0.02651	0.01018	0.01387	0.01078	0.01531	0.00881	0.00884	0.02882	0.01724	0.71595	0.02461	0.05700	0.01636	0.00813	0.00623	0.00192	0.00513	0.00669	0.00749	0.01016
63	0.01320	0.01118	0.01296	0.00931	0.01472	0.00867	0.00746	0.04923	0.01346	0.02083	0.01106	0.01279	0.00913	0.00467	0.00461	0.00095	0.00464	0.00372	0.00375	0.78367
64	0.01372	0.01115	0.01314	0.01045	0.01455	0.03546	0.04167	0.07788	0.06030	0.06188	0.04569	0.11410	0.08793	0.00843	0.00579	0.00154	0.00497	0.00718	0.00475	0.37942
65	0.07198	0.01494	0.01484	0.01319	0.03999	0.08406	0.01005	0.20731	0.32174	0.02733	0.05747	0.03918	0.01665	0.00793	0.00598	0.00189	0.00583	0.00633	0.00554	0.04776
66	0.01169	0.01101	0.01859	0.74458	0.06676	0.01363	0.01706	0.01575	0.01230	0.01579	0.01090	0.01628	0.00821	0.00610	0.00612	0.00203	0.00813	0.00544	0.00273	0.00690
67	0.71762	0.01282	0.03369	0.00865	0.01254	0.03284	0.00734	0.03880	0.01139	0.02669	0.01136	0.01254	0.04190	0.00622	0.00413	0.00189	0.00502	0.00389	0.00389	0.00676

[dist]
# distance from previous block
# <min> <max>
0	1

[block]
# block no. 6 follows, 37 sequences, length 54
# corresponding to MSA columns:
# 327-380
name=unknown_G
#
# <colnr> <probs for GDERKNQSTAVLIFYWHMCP>
#	G	D	E	R	K	N	Q	S	T	A	V	L	I	F	Y	W	H	M	C	P
0	0.01272	0.01244	0.02090	0.40609	0.11336	0.03231	0.14534	0.01744	0.06274	0.01730	0.01350	0.04580	0.01129	0.05356	0.00788	0.00226	0.00800	0.00648	0.00324	0.00735
1	0.01177	0.01109	0.01873	0.72807	0.08264	0.01365	0.01710	0.01582	0.01234	0.01589	0.01092	0.01625	0.00825	0.00608	0.00612	0.00203	0.00811	0.00544	0.00274	0.00697
2	0.00823	0.00655	0.01029	0.01042	0.01142	0.00613	0.08457	0.00974	0.01202	0.01606	0.03139	0.69699	0.03706	0.01764	0.00775	0.00244	0.00429	0.01628	0.00540	0.00533
3	0.01269	0.01088	0.01269	0.00907	0.01451	0.00816	0.00725	0.01541	0.01269	0.01995	0.01088	0.01269	0.00907	0.00453	0.00453	0.00091	0.00453	0.00363	0.00363	0.82229
4	0.02300	0.01701	0.01822	0.01403	0.01888	0.01886	0.01157	0.70322	0.05227	0.03815	0.01504	0.01497	0.01068	0.00738	0.00613	0.00185	0.00667	0.00556	0.00613	0.01039
5	0.02327	0.01715	0.01837	0.01408	0.01898	0.01898	0.01163	0.72628	0.02878	0.03858	0.01470	0.01470	0.01041	0.00735	0.00612	0.00184	0.00674	0.00551	0.00612	0.01041
6	0.00757	0.00541	0.00720	0.00845	0.00890	0.00505	0.00569	0.00881	0.01224	0.01646	0.09994	0.71231	0.04210	0.01856	0.00776	0.00243	0.00349	0.01681	0.00578	0.00505
7	0.00968	0.00650	0.00839	0.00777	0.00947	0.00592	0.00588	0.01243	0.01707	0.06779	0.64469	0.04529	0.11089	0.01246	0.00716	0.00193	0.00305	0.01092	0.00670	0.00601
8	0.02327	0.01715	0.01837	0.01408	0.01898	0.01898	0.01163	0.72628	0.02878	0.03858	0.01470	0.01470	0.01041	0.00735	0.00612	0.00184	0.00674	0.00551	0.00612	0.01041
9	0.01515	0.01454	0.02485	0.03757	0.74669	0.01454	0.01879	0.01879	0.01394	0.02000	0.01151	0.01515	0.00970	0.00545	0.00606	0.00182	0.00727	0.00545	0.00303	0.00970
10	0.82811	0.01184	0.00900	0.00805	0.01184	0.01373	0.00663	0.01799	0.01042	0.02746	0.00852	0.00994	0.00663	0.00568	0.00379	0.00189	0.00474	0.00331	0.00379	0.00663
11	0.00890	0.00593	0.00668	0.00668	0.00668	0.00593	0.00371	0.00890	0.00890	0.01187	0.01929	0.04006	0.02225	0.78487	0.03116	0.00593	0.00593	0.00890	0.00371	0.00371
12	0.01523	0.01315	0.01384	0.01246	0.01592	0.01523	0.00969	0.03253	0.73563	0.02561	0.02491	0.02284	0.01869	0.00830	0.00623	0.00208	0.00484	0.00692	0.00623	0.00969
13	0.00890	0.00593	0.00668	0.00668	0.00668	0.00593	0.00371	0.00890	0.00890	0.01187	0.01929	0.04006	0.02225	0.78487	0.03116	0.00593	0.00593	0.00890	0.00371	0.00371
14	0.02327	0.01715	0.01837	0.01408	0.01898	0.01898	0.01163	0.72628	0.02878	0.03858	0.01470	0.01470	0.01041	0.00735	0.00612	0.00184	0.00674	0.00551	0.00612	0.01041
15	0.01796	0.06610	0.02766	0.02007	0.02516	0.19246	0.36934	0.13159	0.04991	0.02143	0.01239	0.01482	0.00947	0.00592	0.00641	0.00187	0.00945	0.00593	0.00370	0.00836
16	0.82811	0.01184	0.00900	0.00805	0.01184	0.01373	0.00663	0.01799	0.01042	0.02746	0.00852	0.00994	0.00663	0.00568	0.00379	0.00189	0.00474	0.00331	0.00379	0.00663
17	0.01493	0.01432	0.02445	0.08184	0.70412	0.01449	0.01868	0.01860	0.01384	0.01973	0.01148	0.01522	0.00960	0.00549	0.00606	0.00183	0.00733	0.00545	0.00301	0.00952
18	0.00734	0.00579	0.00662	0.00728	0.00855	0.00508	0.00513	0.00866	0.01291	0.01611	0.04882	0.39565	0.41597	0.01722	0.00750	0.00226	0.00331	0.01501	0.00568	0.00508
19	0.02250	0.02561	0.01736	0.01521	0.01876	0.55492	0.01166	0.17722	0.06275	0.02074	0.01152	0.01254	0.00908	0.00665	0.00569	0.00166	0.00973	0.00446	0.00398	0.00797
20	0.00746	0.00533	0.00710	0.00852	0.00888	0.00497	0.00568	0.00852	0.01172	0.01563	0.03374	0.78088	0.04049	0.01918	0.00781	0.00249	0.00355	0.01740	0.00568	0.00497
21	0.01228	0.03166	0.75316	0.01745	0.02649	0.01422	0.02262	0.01939	0.01292	0.01939	0.01099	0.01292	0.00775	0.00582	0.00582	0.00194	0.00905	0.00452	0.00258	0.00905
22	0.00866	0.00626	0.00818	0.00770	0.00914	0.00578	0.00578	0.01155	0.01733	0.02455	0.74346	0.04572	0.05776	0.01251	0.00722	0.00193	0.00289	0.01107	0.00674	0.00578
23	0.01523	0.01315	0.01384	0.01246	0.01592	0.01523	0.00969	0.03253	0.73563	0.02561	0.02491	0.02284	0.01869	0.00830	0.00623	0.00208	0.00484	0.00692	0.00623	0.00969
24	0.00746	0.00533	0.00710	0.00852	0.00888	0.00497	0.00568	0.00852	0.01172	0.01563	0.03374	0.78088	0.04049	0.01918	0.00781	0.00249	0.00355	0.01740	0.00568	0.00497
25	0.01637	0.78856	0.03208	0.01047	0.01571	0.02422	0.01047	0.01833	0.01244	0.01440	0.00851	0.00982	0.00786	0.00524	0.00393	0.00131	0.00655	0.00327	0.00262	0.00786
26	0.01333	0.01268	0.02155	0.40944	0.38906	0.01406	0.01788	0.01719	0.01308	0.01779	0.01119	0.01574	0.00892	0.00579	0.00609	0.00193	0.00772	0.00545	0.00287	0.00823
27	0.01260	0.07790	0.66368	0.01693	0.02519	0.01512	0.02130	0.01904	0.01268	0.01879	0.01065	0.01276	0.00778	0.00608	0.00656	0.00194	0.05509	0.00450	0.00259	0.00883
28	0.00848	0.00723	0.00742	0.00719	0.00944	0.00668	0.00545	0.01242	0.12080	0.01824	0.08738	0.05298	0.60586	0.01430	0.00709	0.00206	0.00335	0.01195	0.00581	0.00586
29	0.00874	0.00656	0.00984	0.00984	0.01093	0.00765	0.00765	0.01093	0.00984	0.01421	0.01640	0.02405	0.01530	0.04591	0.76062	0.00984	0.01640	0.00656	0.00328	0.00547
30	0.00875	0.00653	0.00969	0.00969	0.01074	0.00757	0.00747	0.01084	0.00980	0.01410	0.01653	0.02477	0.01562	0.07937	0.72758	0.00966	0.01592	0.00666	0.00330	0.00539
31	0.01339	0.01339	0.01875	0.01607	0.01607	0.01875	0.01339	0.01473	0.00937	0.01473	0.00804	0.01339	0.00804	0.01071	0.02009	0.00268	0.77367	0.00536	0.00268	0.00670
32	0.82811	0.01184	0.00900	0.00805	0.01184	0.01373	0.00663	0.01799	0.01042	0.02746	0.00852	0.00994	0.00663	0.00568	0.00379	0.00189	0.00474	0.00331	0.00379	0.00663
33	0.01228	0.03166	0.75316	0.01745	0.02649	0.01422	0.02262	0.01939	0.01292	0.01939	0.01099	0.01292	0.00775	0.00582	0.00582	0.00194	0.00905	0.00452	0.00258	0.00905
34	0.01488	0.01448	0.02534	0.08092	0.64828	0.01456	0.07381	0.01866	0.01388	0.01970	0.01154	0.01533	0.00957	0.00547	0.00615	0.00185	0.00756	0.00559	0.00302	0.00941
35	0.00823	0.00631	0.00755	0.00745	0.00901	0.00574	0.00551	0.01084	0.03555	0.02082	0.40976	0.14375	0.27864	0.01423	0.00727	0.00205	0.00310	0.01237	0.00624	0.00558
36	0.09802	0.01137	0.01398	0.01088	0.01540	0.01082	0.00897	0.13631	0.01841	0.54033	0.02108	0.01900	0.01367	0.00735	0.00585	0.00186	0.00529	0.00578	0.04579	0.00985
37	0.05132	0.01046	0.01405	0.01081	0.01551	0.00914	0.00893	0.02948	0.01731	0.72937	0.02368	0.02051	0.01490	0.00752	0.00609	0.00189	0.00519	0.00607	0.00746	0.01030
38	0.02145	0.02573	0.01673	0.01509	0.01836	0.59357	0.01142	0.05150	0.15249	0.01783	0.01255	0.01339	0.01000	0.00672	0.00567	0.00168	0.00972	0.00456	0.00384	0.00770
39	0.00831	0.00617	0.00773	0.00749	0.00896	0.00560	0.00556	0.01081	0.01627	0.02237	0.56242	0.10505	0.18346	0.01358	0.00727	0.00199	0.00298	0.01190	0.00646	0.00560
40	0.01005	0.00889	0.01285	0.01095	0.01366	0.00850	0.12207	0.01480	0.11409	0.02060	0.23520	0.04411	0.29217	0.01211	0.00717	0.00208	0.00460	0.05398	0.00563	0.00648
41	0.00828	0.00624	0.00765	0.00730	0.00891	0.00561	0.00547	0.01080	0.01642	0.02238	0.55947	0.04928	0.24310	0.01332	0.00722	0.00196	0.00295	0.01157	0.00645	0.00561
42	0.01907	0.01603	0.01594	0.01337	0.01739	0.07565	0.01064	0.31131	0.39413	0.02999	0.01958	0.01863	0.01450	0.00776	0.00613	0.00194	0.00610	0.00612	0.00594	0.00977
43	0.02287	0.02917	0.01735	0.01577	0.01892	0.76030	0.01183	0.02444	0.01735	0.01498	0.00946	0.01104	0.00788	0.00631	0.00552	0.00158	0.01104	0.00394	0.00315	0.00710
44	0.02289	0.02838	0.01741	0.01566	0.01893	0.71143	0.01181	0.07071	0.01810	0.01654	0.00981	0.01128	0.00805	0.00638	0.00556	0.00159	0.01076	0.00405	0.00335	0.00731
45	0.02327	0.01715	0.01837	0.01408	0.01898	0.01898	0.01163	0.72628	0.02878	0.03858	0.01470	0.01470	0.01041	0.00735	0.00612	0.00184	0.00674	0.00551	0.00612	0.01041
46	0.01226	0.01159	0.01962	0.62808	0.17880	0.01378	0.01735	0.01625	0.01257	0.01649	0.01100	0.01609	0.00846	0.00599	0.00611	0.00200	0.00799	0.00544	0.00278	0.00736
47	0.01515	0.01454	0.02485	0.03757	0.74669	0.01454	0.01879	0.01879	0.01394	0.02000	0.01151	0.01515	0.00970	0.00545	0.00606	0.00182	0.00727	0.00545	0.00303	0.00970
48	0.02314	0.01434	0.01699	0.01323	0.01791	0.01505	0.03634	0.37170	0.12826	0.26838	0.01920	0.01796	0.01313	0.00748	0.00619	0.00190	0.00609	0.00599	0.00650	0.01023
49	0.00866	0.00626	0.00818	0.00770	0.00914	0.00578	0.00578	0.01155	0.01733	0.02455	0.74346	0.04572	0.05776	0.01251	0.00722	0.00193	0.00289	0.01107	0.00674	0.00578
50	0.01402	0.01339	0.02281	0.26775	0.52533	0.01425	0.01822	0.01780	0.01340	0.01863	0.01131	0.01552	0.00921	0.00566	0.00608	0.00189	0.00755	0.00545	0.00293	0.00879
51	0.02246	0.02611	0.01722	0.01522	0.01862	0.59419	0.01160	0.15855	0.01936	0.01953	0.01123	0.03613	0.00940	0.00692	0.00571	0.00166	0.00998	0.00467	0.00380	0.00766
52	0.00724	0.00617	0.00623	0.00628	0.00829	0.00516	0.00468	0.00878	0.01388	0.01651	0.06109	0.08249	0.72122	0.01562	0.00725	0.00208	0.00312	0.01307	0.00568	0.00516
53	0.01488	0.01427	0.02436	0.09245	0.69392	0.01447	0.01865	0.01855	0.01381	0.01967	0.01147	0.01524	0.00958	0.00550	0.00606	0.00183	0.00734	0.00545	0.00301	0.00948

[dist]
# distance from previous block
# <min> <max>
1	49

[block]
# block no. 7 follows, 37 sequences, length 51
# corresponding to MSA columns:
# 430-480
name=unknown_H
#
# <colnr> <probs for GDERKNQSTAVLIFYWHMCP>
#	G	D	E	R	K	N	Q	S	T	A	V	L	I	F	Y	W	H	M	C	P
0	0.01023	0.00734	0.00849	0.00848	0.00920	0.03820	0.00588	0.01121	0.01042	0.03927	0.02006	0.03827	0.02150	0.46479	0.18781	0.00608	0.00840	0.09569	0.00397	0.00472
1	0.01163	0.00695	0.00894	0.00805	0.01012	0.00624	0.00617	0.01426	0.01693	0.14518	0.53715	0.04322	0.13710	0.01206	0.00704	0.00194	0.00330	0.01048	0.00675	0.00648
2	0.00857	0.00625	0.00806	0.00761	0.00909	0.00574	0.00570	0.01138	0.01711	0.02404	0.70051	0.04656	0.10102	0.01270	0.00722	0.00193	0.00290	0.01119	0.00667	0.00574
3	0.01445	0.01651	0.03612	0.02580	0.03199	0.01548	0.72446	0.01961	0.01445	0.01961	0.01238	0.01651	0.00929	0.00516	0.00722	0.00206	0.01032	0.00722	0.00310	0.00826
4	0.01339	0.01339	0.01875	0.01607	0.01607	0.01875	0.01339	0.01473	0.00937	0.01473	0.00804	0.01339	0.00804	0.01071	0.02009	0.00268	0.77367	0.00536	0.00268	0.00670
5	0.01183	0.00712	0.00744	0.00714	0.00894	0.00745	0.00542	0.01732	0.14503	0.02350	0.09349	0.02512	0.02046	0.00789	0.00493	0.00159	0.00322	0.00647	0.58922	0.00644
6	0.01228	0.03166	0.75316	0.01745	0.02649	0.01422	0.02262	0.01939	0.01292	0.01939	0.01099	0.01292	0.00775	0.00582	0.00582	0.00194	0.00905	0.00452	0.00258	0.00905
7	0.00815	0.00624	0.00748	0.00717	0.00883	0.00556	0.00537	0.01057	0.01612	0.02169	0.50064	0.05042	0.30236	0.01358	0.00722	0.00198	0.00296	0.01173	0.00636	0.00556
8	0.01523	0.01315	0.01384	0.01246	0.01592	0.01523	0.00969	0.03253	0.73563	0.02561	0.02491	0.02284	0.01869	0.00830	0.00623	0.00208	0.00484	0.00692	0.00623	0.00969
9	0.00986	0.00705	0.00986	0.01127	0.01268	0.00705	0.00986	0.01268	0.01409	0.01832	0.03241	0.06905	0.03523	0.01691	0.00845	0.00282	0.00564	0.70549	0.00564	0.00564
10	0.00834	0.00624	0.00773	0.00736	0.00895	0.00564	0.00552	0.01093	0.01656	0.02274	0.58944	0.04870	0.21291	0.01319	0.00722	0.00196	0.00294	0.01149	0.00650	0.00564
11	0.02250	0.02849	0.01770	0.01679	0.05313	0.72525	0.01215	0.02418	0.01719	0.01522	0.00956	0.01123	0.00797	0.00627	0.00554	0.00159	0.01086	0.00401	0.00315	0.00722
12	0.10279	0.01218	0.01425	0.01132	0.01579	0.03097	0.00924	0.11387	0.10194	0.49030	0.02119	0.01901	0.01397	0.00742	0.00591	0.00190	0.00546	0.00583	0.00676	0.00988
13	0.01440	0.01638	0.03539	0.02539	0.03132	0.01562	0.69463	0.01940	0.01424	0.01940	0.01220	0.01638	0.00924	0.00539	0.00776	0.00209	0.04234	0.00715	0.00308	0.00819
