[name]
unknown

[dist]
# distance from previous block
# <min> <max>
0	122

[block]
# block no. 0 follows, 30 sequences, length 33
# corresponding to MSA columns:
# 152-158,160-185
name=unknown_A
#
# <colnr> <probs for GDERKNQSTAVLIFYWHMCP>
#	G	D	E	R	K	N	Q	S	T	A	V	L	I	F	Y	W	H	M	C	P
0	0.00940	0.00704	0.00886	0.00983	0.01089	0.00682	0.00699	0.01206	0.05548	0.01903	0.06663	0.47210	0.13332	0.04669	0.05020	0.00335	0.00513	0.06377	0.00633	0.00610
1	0.15969	0.09762	0.01977	0.01500	0.01936	0.26687	0.05261	0.07014	0.12057	0.04747	0.01770	0.01837	0.05066	0.00792	0.00618	0.00201	0.00861	0.00581	0.00475	0.00887
2	0.03322	0.01305	0.03711	0.01141	0.01525	0.05194	0.00916	0.07749	0.08691	0.11724	0.16484	0.06015	0.08708	0.06303	0.00904	0.00234	0.00567	0.00882	0.00624	0.14000
3	0.04274	0.00798	0.00971	0.00935	0.01086	0.00779	0.00657	0.01337	0.01240	0.06290	0.02533	0.12105	0.05105	0.34229	0.12733	0.00558	0.00784	0.05621	0.00494	0.07470
4	0.45404	0.01136	0.01077	0.00994	0.01303	0.01271	0.00787	0.01802	0.01342	0.06901	0.07500	0.14253	0.06417	0.01092	0.00712	0.00235	0.05690	0.00823	0.00526	0.00733
5	0.01558	0.01244	0.03545	0.01434	0.06470	0.01214	0.03648	0.08930	0.17824	0.07600	0.15376	0.05999	0.14868	0.01249	0.00881	0.05107	0.00558	0.00983	0.00640	0.00871
6	0.14298	0.00955	0.01067	0.01024	0.01264	0.00987	0.00766	0.01881	0.12883	0.08708	0.14011	0.22816	0.08141	0.01470	0.00882	0.05849	0.00467	0.01153	0.00638	0.00742
7	0.01265	0.00843	0.01009	0.01005	0.01190	0.00814	0.00735	0.09374	0.01685	0.07230	0.06025	0.38787	0.15832	0.04522	0.00925	0.00270	0.00465	0.03413	0.03919	0.00694
8	0.00921	0.00669	0.00812	0.00862	0.00971	0.00615	0.00600	0.01054	0.01443	0.01883	0.14761	0.28084	0.22534	0.12660	0.01366	0.05195	0.00440	0.03965	0.00612	0.00553
9	0.07592	0.01310	0.01428	0.01209	0.01575	0.01399	0.00935	0.16615	0.20548	0.14495	0.02613	0.02950	0.06695	0.16045	0.01270	0.00315	0.00615	0.00805	0.00651	0.00937
10	0.01137	0.00821	0.00980	0.00941	0.01147	0.00775	0.00714	0.06913	0.01838	0.04468	0.29520	0.14939	0.23164	0.03744	0.00908	0.00252	0.00423	0.05940	0.00697	0.00679
11	0.48055	0.01346	0.01259	0.01058	0.01519	0.01456	0.00864	0.06974	0.06733	0.14632	0.01521	0.01559	0.01105	0.00716	0.00525	0.00207	0.00557	0.00492	0.02967	0.06455
12	0.12999	0.01237	0.01343	0.01151	0.01518	0.01301	0.00911	0.17726	0.09972	0.12695	0.11820	0.10088	0.07729	0.01111	0.00696	0.00223	0.00534	0.00909	0.05127	0.00907
13	0.09856	0.00801	0.00923	0.00910	0.01125	0.00752	0.00674	0.01442	0.01580	0.10204	0.16549	0.27829	0.21544	0.01616	0.00789	0.00244	0.00414	0.01393	0.00671	0.00682
14	0.01445	0.00854	0.01071	0.01027	0.01229	0.00814	0.00748	0.05342	0.04478	0.15077	0.13353	0.33661	0.07578	0.08655	0.01077	0.00290	0.00478	0.01394	0.00690	0.00740
15	0.01511	0.01051	0.01219	0.01100	0.01337	0.01104	0.00823	0.13542	0.13411	0.05243	0.18168	0.12355	0.03233	0.09659	0.01245	0.07483	0.00527	0.01018	0.05193	0.00776
16	0.01101	0.00775	0.00932	0.00957	0.01126	0.00737	0.00699	0.01439	0.07628	0.06056	0.12431	0.29973	0.20553	0.06739	0.01024	0.00285	0.00441	0.05776	0.00665	0.00662
17	0.01289	0.00761	0.00990	0.01010	0.01161	0.00717	0.00738	0.03271	0.01538	0.11287	0.10336	0.36562	0.06121	0.06477	0.01118	0.04773	0.00479	0.07636	0.03073	0.00663
18	0.01563	0.01459	0.01373	0.01268	0.01573	0.11011	0.00966	0.02675	0.36149	0.02567	0.17259	0.07776	0.09116	0.01165	0.00744	0.00228	0.00575	0.00975	0.00665	0.00892
19	0.00964	0.00719	0.00855	0.00902	0.01035	0.00679	0.00645	0.01200	0.05298	0.01907	0.10351	0.26722	0.24605	0.09968	0.01264	0.05182	0.00450	0.06051	0.00616	0.00585
20	0.04500	0.01085	0.01299	0.01173	0.01438	0.01171	0.00906	0.13439	0.10772	0.07339	0.12227	0.11012	0.02729	0.06503	0.20636	0.00500	0.00911	0.00944	0.00601	0.00816
21	0.00910	0.00685	0.00818	0.00880	0.00998	0.00634	0.00614	0.01109	0.03156	0.01916	0.12509	0.34933	0.23164	0.11009	0.01191	0.00311	0.00426	0.03520	0.00636	0.00582
22	0.03680	0.00885	0.01105	0.01020	0.01215	0.00930	0.00759	0.04938	0.03950	0.11530	0.02287	0.03203	0.04239	0.22623	0.27873	0.00670	0.01061	0.00816	0.06518	0.00698
23	0.07630	0.00953	0.01133	0.01035	0.01320	0.00919	0.00798	0.06218	0.04056	0.18401	0.14397	0.20714	0.12916	0.01410	0.00765	0.00237	0.00473	0.03086	0.02735	0.00805
24	0.01693	0.38246	0.05352	0.01671	0.10955	0.03976	0.01305	0.02203	0.11024	0.02010	0.05775	0.06906	0.01708	0.00842	0.00654	0.00192	0.03509	0.00649	0.00417	0.00913
25	0.02222	0.01634	0.01612	0.01394	0.01812	0.11888	0.01093	0.03350	0.36586	0.22444	0.06392	0.02488	0.02085	0.00917	0.00702	0.00221	0.00655	0.00741	0.00706	0.01060
26	0.01026	0.00673	0.00811	0.00855	0.00990	0.00619	0.00607	0.01229	0.01528	0.04486	0.15515	0.33569	0.16969	0.03833	0.00871	0.00253	0.00383	0.01471	0.13694	0.00618
27	0.01890	0.01519	0.02138	0.18329	0.14612	0.01721	0.03551	0.18420	0.06722	0.07298	0.01595	0.01894	0.01220	0.00967	0.03352	0.00259	0.09752	0.00650	0.03134	0.00978
28	0.01798	0.01882	0.02112	0.12043	0.09686	0.19339	0.06572	0.06248	0.06450	0.02062	0.01511	0.05894	0.01327	0.01266	0.07107	0.00306	0.12448	0.00692	0.00405	0.00853
29	0.01033	0.00729	0.00863	0.00846	0.01050	0.00642	0.00635	0.01263	0.01714	0.06466	0.27797	0.14468	0.34878	0.01653	0.00829	0.00237	0.00374	0.03173	0.00702	0.00648
30	0.01038	0.00838	0.01182	0.14669	0.01828	0.00850	0.03690	0.01281	0.01434	0.01867	0.03847	0.20780	0.21176	0.09153	0.01092	0.00297	0.00572	0.08686	0.05095	0.00626
31	0.01571	0.01550	0.06240	0.24066	0.19616	0.04189	0.04452	0.07270	0.01603	0.03611	0.01508	0.04397	0.01261	0.01400	0.11287	0.00350	0.01020	0.00677	0.00389	0.03543
32	0.01622	0.01681	0.02726	0.11737	0.11314	0.07685	0.24389	0.04531	0.01542	0.02054	0.01360	0.01878	0.01121	0.01400	0.11599	0.00366	0.11078	0.00693	0.00357	0.00867

[dist]
# distance from previous block
# <min> <max>
0	2

[block]
# block no. 1 follows, 30 sequences, length 58
# corresponding to MSA columns:
# 188-224,298-318
name=unknown_B
#
# <colnr> <probs for GDERKNQSTAVLIFYWHMCP>
#	G	D	E	R	K	N	Q	S	T	A	V	L	I	F	Y	W	H	M	C	P
0	0.01869	0.10261	0.08984	0.05007	0.06477	0.06031	0.01349	0.17067	0.11508	0.02645	0.01526	0.01688	0.01193	0.00801	0.00735	0.04407	0.00744	0.00555	0.00475	0.16676
1	0.04589	0.03188	0.02239	0.16246	0.27864	0.01622	0.01640	0.12525	0.05527	0.09573	0.01558	0.01803	0.01181	0.00704	0.00668	0.00206	0.00765	0.00610	0.00472	0.07020
2	0.11214	0.05374	0.06128	0.15101	0.07290	0.03068	0.01260	0.05493	0.01541	0.07908	0.01673	0.08655	0.01468	0.04488	0.00769	0.00223	0.00693	0.00689	0.03513	0.13452
3	0.01329	0.01067	0.01568	0.01354	0.01613	0.01107	0.10550	0.05348	0.11975	0.04048	0.11484	0.13131	0.02831	0.12548	0.16320	0.00487	0.00899	0.01035	0.00550	0.00756
4	0.01571	0.01410	0.02288	0.10336	0.45324	0.01444	0.01747	0.05419	0.01648	0.02308	0.08422	0.07782	0.01914	0.00922	0.00811	0.03742	0.00743	0.00790	0.00424	0.00955
5	0.07698	0.01356	0.01468	0.01297	0.01685	0.01485	0.01038	0.12179	0.33832	0.09287	0.05611	0.03320	0.08110	0.01088	0.00726	0.00237	0.00569	0.07332	0.00692	0.00990
6	0.01919	0.02053	0.01819	0.01703	0.07701	0.27527	0.01225	0.05973	0.01760	0.02156	0.08102	0.01829	0.01554	0.00902	0.02504	0.00205	0.09482	0.00572	0.00426	0.20590
7	0.02084	0.01432	0.01612	0.01331	0.01737	0.01530	0.01062	0.33018	0.11701	0.10880	0.13983	0.09797	0.02651	0.01089	0.00736	0.00222	0.00598	0.00902	0.02625	0.01011
8	0.01334	0.00809	0.00942	0.00868	0.01136	0.00715	0.00665	0.01608	0.03583	0.15044	0.16405	0.09633	0.37205	0.01492	0.00784	0.00228	0.00401	0.01261	0.05158	0.00728
9	0.03839	0.00917	0.01031	0.00974	0.01184	0.00924	0.00721	0.03991	0.10980	0.07494	0.07821	0.04697	0.16488	0.24626	0.01644	0.00377	0.00550	0.08188	0.02860	0.00692
10	0.01154	0.00750	0.00949	0.00946	0.01139	0.00680	0.00724	0.01400	0.01715	0.09137	0.27325	0.19294	0.20354	0.01664	0.00843	0.00249	0.00417	0.09877	0.00710	0.00675
11	0.01114	0.00930	0.00952	0.01014	0.01145	0.07789	0.00737	0.01310	0.01543	0.02012	0.12964	0.35420	0.10874	0.04241	0.00913	0.00267	0.00502	0.08486	0.07170	0.00616
12	0.10514	0.01683	0.01761	0.01426	0.01900	0.01868	0.01155	0.44207	0.13706	0.03760	0.02154	0.06316	0.04539	0.00956	0.00689	0.00220	0.00669	0.00745	0.00667	0.01065
13	0.00935	0.00683	0.00879	0.00890	0.01025	0.00626	0.00645	0.01192	0.01761	0.02431	0.46298	0.25230	0.11464	0.01672	0.00842	0.00239	0.00353	0.01486	0.00724	0.00626
14	0.00997	0.00748	0.01121	0.01121	0.01246	0.00872	0.00872	0.01246	0.01121	0.01620	0.01869	0.02741	0.01745	0.05234	0.72710	0.01121	0.01869	0.00748	0.00374	0.00623
15	0.01404	0.01184	0.01379	0.01006	0.01565	0.00905	0.00787	0.01683	0.01404	0.02182	0.01336	0.01757	0.01183	0.07971	0.00819	0.00160	0.00533	0.00473	0.00414	0.71854
16	0.01031	0.00808	0.00913	0.00889	0.01100	0.00774	0.00664	0.01513	0.11278	0.02360	0.27422	0.12299	0.29811	0.01537	0.00800	0.00232	0.00377	0.01320	0.04187	0.00685
17	0.01527	0.00881	0.01096	0.00961	0.01248	0.00802	0.00748	0.03847	0.03587	0.18929	0.36797	0.04703	0.19406	0.01339	0.00788	0.00222	0.00416	0.01145	0.00761	0.00795
18	0.05922	0.01453	0.01656	0.01318	0.01789	0.01512	0.01073	0.29560	0.08194	0.24525	0.08979	0.02352	0.01986	0.00904	0.00688	0.00212	0.00616	0.00718	0.05468	0.01076
19	0.04321	0.00908	0.01062	0.01045	0.01247	0.00928	0.00770	0.05274	0.13070	0.05273	0.17062	0.32863	0.06851	0.01560	0.00790	0.00246	0.00441	0.01370	0.04175	0.00746
20	0.02044	0.00980	0.01201	0.01020	0.01339	0.00929	0.00792	0.08271	0.01816	0.29336	0.07358	0.08941	0.02362	0.08419	0.00952	0.00253	0.00511	0.00861	0.21735	0.00878
21	0.02588	0.01682	0.01762	0.01427	0.01913	0.08633	0.01150	0.23079	0.16677	0.27925	0.02266	0.02108	0.01569	0.00858	0.00689	0.00213	0.00696	0.00671	0.02978	0.01117
22	0.00912	0.00660	0.00884	0.00977	0.01056	0.00649	0.00689	0.01079	0.01362	0.01842	0.10167	0.44563	0.07020	0.07491	0.14087	0.00455	0.00688	0.04243	0.00595	0.00581
23	0.01222	0.00845	0.00972	0.00943	0.01154	0.00838	0.00711	0.01754	0.12942	0.05452	0.19390	0.12068	0.16137	0.04922	0.00890	0.00250	0.00424	0.04837	0.13530	0.00720
24	0.02662	0.01371	0.01660	0.01325	0.01825	0.01362	0.01078	0.14526	0.17245	0.42564	0.02735	0.02454	0.04073	0.00908	0.00707	0.00220	0.00606	0.00735	0.00794	0.01149
25	0.01034	0.00799	0.00900	0.00913	0.01120	0.00753	0.00679	0.01441	0.10089	0.04057	0.09771	0.23010	0.36696	0.01727	0.00829	0.00250	0.00408	0.04183	0.00670	0.00672
26	0.05356	0.00802	0.01011	0.00995	0.01195	0.00744	0.00732	0.01615	0.01553	0.17107	0.11068	0.35433	0.08980	0.06332	0.00985	0.00281	0.00467	0.03944	0.00683	0.00717
27	0.00942	0.00702	0.00881	0.00891	0.01050	0.00641	0.00669	0.01204	0.01757	0.02376	0.40476	0.17269	0.19734	0.01667	0.00846	0.00242	0.00373	0.06941	0.00712	0.00627
28	0.01447	0.01240	0.01447	0.01034	0.01654	0.00930	0.00827	0.01757	0.01447	0.02274	0.01240	0.01447	0.01034	0.00517	0.00517	0.00103	0.00517	0.00413	0.00413	0.79742
29	0.01423	0.01340	0.02214	0.40660	0.22638	0.01577	0.01856	0.01823	0.01392	0.01896	0.01286	0.01871	0.01052	0.01143	0.07432	0.00314	0.08274	0.00631	0.00325	0.00852
30	0.08755	0.01318	0.01537	0.01258	0.01699	0.01342	0.01013	0.16557	0.12156	0.29780	0.11189	0.05954	0.02355	0.00988	0.00705	0.00221	0.00577	0.00805	0.00749	0.01043
31	0.01595	0.01308	0.02391	0.01866	0.02229	0.01336	0.26795	0.01936	0.05008	0.08799	0.01597	0.02116	0.01304	0.01789	0.12002	0.17985	0.08034	0.00730	0.00410	0.00769
32	0.00915	0.00641	0.00812	0.00899	0.00944	0.00610	0.00585	0.01028	0.01326	0.01789	0.11975	0.45864	0.04273	0.23083	0.01644	0.00388	0.00473	0.01613	0.00599	0.00537
33	0.01014	0.00719	0.00902	0.00953	0.01082	0.00681	0.00684	0.01287	0.04763	0.04107	0.19581	0.36632	0.12539	0.06484	0.01026	0.00286	0.00425	0.05534	0.00670	0.00630
34	0.02052	0.01110	0.01261	0.01049	0.01394	0.01124	0.00832	0.17798	0.03665	0.19814	0.04225	0.02497	0.01814	0.04374	0.00749	0.00214	0.00517	0.00696	0.33908	0.00908
35	0.01543	0.21031	0.39533	0.01758	0.02453	0.02017	0.02003	0.02063	0.01370	0.01952	0.01108	0.01398	0.00894	0.00770	0.00970	0.00222	0.17179	0.00501	0.00298	0.00938
36	0.04220	0.01230	0.01462	0.01216	0.01645	0.01225	0.00965	0.05058	0.22703	0.35468	0.03098	0.02964	0.08735	0.05694	0.00890	0.00253	0.00566	0.00815	0.00752	0.01044
37	0.01068	0.00743	0.00943	0.00916	0.01093	0.00688	0.00684	0.01394	0.03803	0.05534	0.46899	0.15690	0.13004	0.01553	0.00829	0.00234	0.00370	0.03145	0.00736	0.00673
38	0.01750	0.01343	0.01513	0.01345	0.01737	0.01436	0.01090	0.12533	0.32154	0.06503	0.02837	0.03647	0.04613	0.01129	0.00749	0.00237	0.00596	0.15295	0.00670	0.08821
39	0.01572	0.01633	0.02987	0.02272	0.02642	0.01807	0.34871	0.04039	0.01423	0.02011	0.01315	0.02011	0.01157	0.08278	0.01633	0.00304	0.28103	0.00758	0.00353	0.00832
40	0.15528	0.01038	0.04701	0.00957	0.01252	0.00928	0.00791	0.01583	0.05910	0.04405	0.19872	0.10969	0.24676	0.01390	0.00744	0.00234	0.00451	0.03233	0.00628	0.00709
41	0.01718	0.01023	0.01241	0.01105	0.01386	0.01031	0.00873	0.12499	0.03737	0.15243	0.11560	0.03902	0.05586	0.10584	0.07179	0.00358	0.00670	0.09896	0.09594	0.00814
42	0.00969	0.00660	0.00783	0.00824	0.00843	0.00646	0.00495	0.01019	0.01152	0.01544	0.06280	0.23411	0.03307	0.51975	0.02696	0.00547	0.00586	0.01287	0.00501	0.00474
43	0.01430	0.01063	0.01255	0.01247	0.01510	0.01146	0.01021	0.02389	0.27989	0.04616	0.07438	0.04978	0.03159	0.01374	0.00802	0.00263	0.00555	0.28416	0.08511	0.00839
44	0.01355	0.00809	0.00979	0.00891	0.01144	0.00722	0.00679	0.01593	0.03653	0.14875	0.22424	0.04947	0.32274	0.01553	0.00988	0.08130	0.00422	0.01170	0.00687	0.00704
45	0.25554	0.01365	0.01405	0.01154	0.01596	0.01463	0.00940	0.19557	0.06294	0.18424	0.01875	0.01878	0.01335	0.00790	0.00586	0.00207	0.00576	0.00584	0.13448	0.00967
46	0.08771	0.00926	0.01116	0.01061	0.01317	0.00896	0.00819	0.05955	0.01647	0.17130	0.05228	0.25470	0.11239	0.03713	0.00925	0.02543	0.00516	0.09304	0.00664	0.00759
47	0.01022	0.00774	0.01096	0.01067	0.01234	0.00819	0.00818	0.01275	0.01284	0.01849	0.10985	0.10133	0.02596	0.04004	0.49606	0.00828	0.01399	0.00907	0.00456	0.07849
48	0.01361	0.01238	0.02183	0.20959	0.02824	0.01286	0.19668	0.01767	0.01637	0.05255	0.18821	0.03263	0.10753	0.01007	0.00862	0.00234	0.04660	0.00936	0.00497	0.00788
49	0.00934	0.00642	0.00785	0.00865	0.00885	0.00622	0.00534	0.00994	0.01173	0.01564	0.03012	0.39337	0.03563	0.39306	0.02238	0.00483	0.00542	0.01493	0.00534	0.00494
50	0.01065	0.00805	0.01160	0.13671	0.01689	0.00915	0.00895	0.01250	0.01127	0.01545	0.01857	0.03207	0.01864	0.28825	0.34214	0.02890	0.01257	0.00815	0.00378	0.00571
51	0.01429	0.01227	0.06330	0.13057	0.02109	0.01145	0.06883	0.07455	0.05690	0.04594	0.02444	0.17628	0.04282	0.01096	0.00696	0.00222	0.00623	0.00966	0.21333	0.00792
52	0.00883	0.00634	0.00858	0.00985	0.01037	0.00622	0.00672	0.01019	0.01284	0.01732	0.03437	0.59517	0.04038	0.06575	0.12718	0.00441	0.00658	0.01731	0.00591	0.00568
53	0.00975	0.00639	0.00766	0.00849	0.00942	0.00603	0.00583	0.01154	0.01407	0.02016	0.07893	0.41672	0.10328	0.07279	0.00985	0.00276	0.00397	0.01502	0.19151	0.00584
54	0.04837	0.00894	0.01194	0.01298	0.08103	0.00871	0.02978	0.01431	0.03896	0.02231	0.24384	0.09801	0.13815	0.14333	0.01280	0.00314	0.00519	0.06551	0.00598	0.00673
55	0.02062	0.18760	0.11443	0.14061	0.02490	0.06218	0.01476	0.05157	0.01656	0.20284	0.01602	0.01758	0.01175	0.00972	0.04307	0.00251	0.04331	0.00567	0.00473	0.00956
56	0.01177	0.00991	0.04851	0.01099	0.01317	0.00947	0.00895	0.07994	0.01515	0.02136	0.09715	0.09482	0.07569	0.06663	0.34703	0.00667	0.01158	0.00946	0.05487	0.00689
57	0.23872	0.00886	0.00872	0.00837	0.01087	0.00917	0.00657	0.01569	0.01549	0.02678	0.21168	0.03776	0.12265	0.01131	0.00638	0.00213	0.00412	0.05010	0.19789	0.00674

[dist]
# distance from previous block
# <min> <max>
5	13

[block]
# block no. 2 follows, 30 sequences, length 8
# corresponding to MSA columns:
# 332-339
name=unknown_C
#
# <colnr> <probs for GDERKNQSTAVLIFYWHMCP>
#	G	D	E	R	K	N	Q	S	T	A	V	L	I	F	Y	W	H	M	C	P
0	0.11291	0.15608	0.09415	0.02159	0.20968	0.01797	0.01529	0.05590	0.04242	0.10883	0.01429	0.01604	0.01108	0.00710	0.00705	0.00203	0.05284	0.00542	0.00438	0.04496
1	0.17589	0.04950	0.07242	0.01272	0.01821	0.04086	0.01110	0.08991	0.14265	0.10265	0.01672	0.01702	0.01248	0.00714	0.00586	0.00187	0.00639	0.00536	0.00532	0.20594
2	0.08979	0.09916	0.16676	0.01630	0.06179	0.03216	0.04966	0.07539	0.01672	0.10073	0.01510	0.01832	0.01187	0.00710	0.00616	0.00189	0.00756	0.03461	0.00452	0.18439
3	0.02191	0.01559	0.04797	0.07251	0.02232	0.01478	0.04416	0.17634	0.12746	0.20497	0.01984	0.01972	0.01404	0.00769	0.00670	0.00198	0.00685	0.00635	0.00623	0.16259
4	0.00917	0.00650	0.00849	0.00946	0.01014	0.00615	0.00652	0.01077	0.01439	0.01948	0.16949	0.47434	0.04695	0.11656	0.01232	0.00325	0.00441	0.05948	0.00642	0.00571
5	0.01967	0.06340	0.07558	0.04403	0.03697	0.17856	0.05308	0.06991	0.10395	0.09858	0.05223	0.06437	0.04049	0.00921	0.00693	0.00210	0.00818	0.02305	0.00525	0.04445
6	0.01178	0.00857	0.01040	0.01007	0.01242	0.00777	0.00742	0.01512	0.06955	0.05700	0.06373	0.33264	0.11642	0.05015	0.00915	0.00255	0.00465	0.05385	0.00616	0.15060
7	0.01748	0.01666	0.02296	0.34496	0.17750	0.10740	0.05891	0.05129	0.01645	0.05501	0.01340	0.01749	0.01028	0.00682	0.00685	0.00211	0.00918	0.00603	0.00377	0.05546

[dist]
# distance from previous block
# <min> <max>
7	14

[block]
# block no. 3 follows, 30 sequences, length 35
# corresponding to MSA columns:
# 354-388
name=unknown_D
#
# <colnr> <probs for GDERKNQSTAVLIFYWHMCP>
#	G	D	E	R	K	N	Q	S	T	A	V	L	I	F	Y	W	H	M	C	P
0	0.06479	0.03892	0.03765	0.09153	0.04179	0.08566	0.03590	0.11178	0.16219	0.04615	0.01975	0.03991	0.01700	0.07640	0.00994	0.00267	0.02736	0.05894	0.00522	0.02646
1	0.01303	0.00895	0.01060	0.00994	0.01227	0.00848	0.00740	0.10099	0.01807	0.07557	0.16108	0.27044	0.19160	0.03745	0.00887	0.00251	0.00453	0.01376	0.00677	0.03768
2	0.01534	0.07387	0.20771	0.04473	0.04164	0.01486	0.07577	0.06262	0.08470	0.04661	0.05602	0.02883	0.03734	0.01237	0.05704	0.00289	0.00872	0.08877	0.00475	0.03542
3	0.01133	0.06039	0.01220	0.01014	0.01306	0.00878	0.00832	0.01401	0.01598	0.02141	0.14400	0.10061	0.18444	0.01456	0.00781	0.00228	0.00495	0.19517	0.00594	0.16463
4	0.02030	0.08499	0.01976	0.06609	0.04006	0.22665	0.01283	0.07104	0.33348	0.02447	0.01938	0.01948	0.01493	0.00817	0.00661	0.00210	0.00823	0.00627	0.00533	0.00982
5	0.05185	0.14484	0.07551	0.07591	0.47555	0.01834	0.01935	0.02112	0.01522	0.02174	0.01230	0.01587	0.01028	0.00626	0.00636	0.00200	0.00822	0.00561	0.00336	0.01029
6	0.06750	0.01693	0.06285	0.19972	0.07963	0.10106	0.01461	0.04490	0.06831	0.19891	0.04160	0.01994	0.01428	0.00774	0.00672	0.00213	0.00793	0.00628	0.00526	0.03369
7	0.01941	0.02077	0.02284	0.13543	0.16646	0.23339	0.06238	0.07078	0.05229	0.02122	0.01327	0.01682	0.01080	0.00956	0.04028	0.00257	0.08290	0.00596	0.00386	0.00903
8	0.00881	0.00637	0.00805	0.00909	0.00977	0.00592	0.00609	0.01013	0.01385	0.01838	0.10429	0.52350	0.11602	0.11092	0.01205	0.00321	0.00426	0.01741	0.00632	0.00560
9	0.01676	0.01221	0.01585	0.18071	0.02303	0.01337	0.02647	0.17833	0.06845	0.06873	0.08982	0.11953	0.02324	0.03652	0.00816	0.00240	0.00646	0.00903	0.09233	0.00861
10	0.01294	0.00780	0.01064	0.07013	0.01378	0.00784	0.00775	0.01386	0.03272	0.08348	0.06238	0.09885	0.09773	0.11323	0.05671	0.26587	0.00648	0.02723	0.00491	0.00567
11	0.01047	0.00796	0.00940	0.00993	0.01142	0.00776	0.00706	0.06533	0.06130	0.02088	0.04319	0.49269	0.18816	0.01904	0.00849	0.00264	0.00432	0.01684	0.00656	0.00657
12	0.09211	0.01288	0.02073	0.61059	0.04310	0.01581	0.04598	0.01825	0.01374	0.01932	0.01209	0.01777	0.00918	0.00706	0.00732	0.00234	0.03465	0.00604	0.00324	0.00780
13	0.00948	0.00691	0.00872	0.00929	0.01056	0.00671	0.00686	0.01147	0.01421	0.01911	0.09548	0.24770	0.18900	0.07538	0.13893	0.00441	0.00687	0.08017	0.05283	0.00592
14	0.06634	0.00834	0.00984	0.01032	0.01195	0.00839	0.00765	0.04397	0.05666	0.04561	0.03499	0.38279	0.08348	0.06144	0.00981	0.00291	0.00489	0.10593	0.03800	0.00669
15	0.01019	0.00727	0.00904	0.00851	0.01043	0.00655	0.00641	0.01312	0.01890	0.04754	0.54451	0.05458	0.20728	0.01485	0.00820	0.00223	0.00343	0.01291	0.00744	0.00660
16	0.00927	0.00628	0.00861	0.00981	0.01031	0.00604	0.00676	0.01014	0.01303	0.01750	0.06312	0.54578	0.04029	0.02357	0.05429	0.11480	0.00527	0.04384	0.00588	0.00540
17	0.01647	0.01882	0.04118	0.02941	0.03647	0.01765	0.68588	0.02235	0.01647	0.02235	0.01412	0.01882	0.01059	0.00588	0.00824	0.00235	0.01176	0.00824	0.00353	0.00941
18	0.00938	0.00670	0.00884	0.01022	0.01098	0.00641	0.00746	0.01102	0.01384	0.01822	0.03761	0.47426	0.06800	0.09657	0.01182	0.00332	0.00494	0.18845	0.00623	0.00573
19	0.01527	0.01206	0.01427	0.01038	0.01625	0.00920	0.00829	0.01835	0.01513	0.06709	0.05479	0.01730	0.01408	0.00593	0.00547	0.00117	0.00511	0.00482	0.00463	0.70038
20	0.00909	0.00701	0.00778	0.00778	0.00938	0.00628	0.00552	0.01076	0.01521	0.01933	0.17405	0.07969	0.39189	0.18710	0.01459	0.00339	0.00435	0.03497	0.00618	0.00565
21	0.01084	0.00730	0.00938	0.00885	0.01065	0.00675	0.00664	0.01327	0.01764	0.05877	0.45616	0.04925	0.17137	0.01802	0.05943	0.06579	0.00475	0.01184	0.00687	0.00642
22	0.01706	0.01960	0.03844	0.02792	0.03429	0.06696	0.59674	0.02238	0.01633	0.02163	0.01357	0.01817	0.01039	0.00638	0.00903	0.00236	0.05821	0.00784	0.00350	0.00921
23	0.45361	0.01364	0.01267	0.01072	0.01503	0.01508	0.00874	0.14890	0.03671	0.09424	0.06043	0.01925	0.04191	0.00812	0.00557	0.00214	0.00560	0.00576	0.03314	0.00870
24	0.01266	0.00930	0.01086	0.01055	0.01261	0.00930	0.00790	0.15274	0.01875	0.02498	0.11109	0.34564	0.15495	0.01693	0.00823	0.00251	0.00474	0.04826	0.03083	0.00717
25	0.00929	0.00715	0.00862	0.00888	0.01045	0.00665	0.00644	0.01217	0.04630	0.02165	0.24949	0.26964	0.25173	0.01897	0.03733	0.00281	0.00432	0.01507	0.00676	0.00627
26	0.01205	0.00785	0.01079	0.01082	0.01221	0.00843	0.00842	0.01430	0.01292	0.06594	0.02410	0.05957	0.02386	0.14990	0.33247	0.00713	0.02925	0.13944	0.06416	0.00638
27	0.01354	0.00889	0.01052	0.01020	0.01201	0.00898	0.00760	0.12037	0.01747	0.04744	0.10601	0.24849	0.03388	0.11041	0.01128	0.00296	0.00505	0.07669	0.14121	0.00700
28	0.06319	0.00791	0.00875	0.00836	0.01067	0.00732	0.00633	0.01358	0.03970	0.04762	0.29242	0.08261	0.35587	0.01527	0.00792	0.00230	0.00374	0.01294	0.00687	0.00662
29	0.01051	0.00846	0.01130	0.01149	0.01273	0.02989	0.05409	0.02772	0.01426	0.01861	0.03459	0.47928	0.06426	0.10330	0.01183	0.00322	0.00549	0.08696	0.00593	0.00608
30	0.01375	0.01389	0.01170	0.01221	0.01369	0.19884	0.00864	0.01630	0.05860	0.01834	0.03044	0.50735	0.03466	0.01716	0.00809	0.00253	0.00642	0.01498	0.00575	0.00666
31	0.05663	0.00723	0.00854	0.00865	0.01007	0.00692	0.00616	0.01178	0.01538	0.02160	0.26668	0.20770	0.17168	0.11894	0.04791	0.00344	0.00488	0.01352	0.00631	0.00597
32	0.01053	0.00746	0.00957	0.01038	0.01208	0.00698	0.00834	0.01298	0.01600	0.04473	0.11009	0.19970	0.21239	0.01851	0.00892	0.00279	0.00492	0.29062	0.00665	0.00635
33	0.01646	0.01131	0.01253	0.01130	0.01305	0.07245	0.00832	0.09132	0.01464	0.09174	0.01730	0.02582	0.01581	0.16507	0.11979	0.22392	0.03942	0.00707	0.03627	0.00642
34	0.02103	0.01023	0.01351	0.01157	0.01513	0.00969	0.00924	0.06908	0.01795	0.35309	0.05302	0.10633	0.08242	0.02002	0.15143	0.00408	0.00813	0.02778	0.00703	0.00924

[dist]
# distance from previous block
# <min> <max>
6	7

[block]
# block no. 4 follows, 30 sequences, length 32
# corresponding to MSA columns:
# 422-453
name=unknown_E
#
# <colnr> <probs for GDERKNQSTAVLIFYWHMCP>
#	G	D	E	R	K	N	Q	S	T	A	V	L	I	F	Y	W	H	M	C	P
0	0.05186	0.04822	0.05557	0.12355	0.05199	0.07628	0.11713	0.04177	0.08301	0.08023	0.01569	0.01999	0.01265	0.06665	0.01102	0.00261	0.09787	0.00659	0.00435	0.03297
1	0.01662	0.10090	0.06119	0.07801	0.05374	0.04424	0.14352	0.11647	0.04728	0.02508	0.14475	0.02504	0.04506	0.00899	0.00824	0.00219	0.05709	0.00776	0.00489	0.00895
2	0.01559	0.01394	0.01414	0.01274	0.01529	0.16677	0.04731	0.01824	0.01632	0.07502	0.15299	0.06079	0.06724	0.02272	0.21175	0.00467	0.01045	0.00870	0.05803	0.00731
3	0.13433	0.01130	0.01236	0.01161	0.01401	0.06314	0.03204	0.03591	0.04353	0.04145	0.08285	0.10451	0.06639	0.07990	0.16819	0.00469	0.00895	0.07256	0.00525	0.00702
4	0.03496	0.00834	0.00970	0.01003	0.01165	0.03325	0.00774	0.01294	0.01568	0.02105	0.19863	0.14708	0.15945	0.06252	0.09166	0.00379	0.00646	0.15271	0.00615	0.00622
5	0.01021	0.00714	0.00962	0.00962	0.01063	0.00775	0.00701	0.01183	0.01147	0.01628	0.02346	0.03424	0.07342	0.20386	0.42378	0.05204	0.01300	0.00851	0.06053	0.00559
6	0.00929	0.00663	0.00776	0.00822	0.00886	0.00626	0.00524	0.01016	0.01271	0.01662	0.07466	0.26511	0.15717	0.35602	0.02093	0.00451	0.00516	0.01407	0.00552	0.00510
7	0.01367	0.01434	0.02895	0.02184	0.02678	0.01337	0.43336	0.01808	0.01610	0.02152	0.06716	0.14269	0.10239	0.01077	0.00840	0.00245	0.00888	0.03642	0.00470	0.00813
8	0.01418	0.01203	0.01401	0.01015	0.01594	0.00913	0.00800	0.01707	0.01418	0.02212	0.01305	0.01656	0.01134	0.05540	0.00720	0.00142	0.00527	0.00454	0.00414	0.74427
9	0.00965	0.00672	0.00782	0.00803	0.00851	0.00647	0.00496	0.01038	0.01229	0.01632	0.10228	0.16537	0.10328	0.47914	0.02542	0.00518	0.00562	0.01249	0.00520	0.00489
10	0.01128	0.00877	0.00979	0.00928	0.01173	0.00841	0.00721	0.07869	0.05629	0.02430	0.20600	0.07738	0.36117	0.01555	0.00811	0.00236	0.00424	0.06641	0.02607	0.00697
11	0.01291	0.00779	0.00966	0.00894	0.01120	0.00694	0.00671	0.01532	0.01765	0.13859	0.32487	0.11108	0.22820	0.05688	0.00964	0.00255	0.00406	0.01274	0.00722	0.00707
12	0.04083	0.01101	0.01241	0.01128	0.01436	0.01140	0.00887	0.10882	0.16245	0.09406	0.11009	0.11149	0.13864	0.01303	0.00756	0.00236	0.00505	0.06834	0.05939	0.00854
13	0.02653	0.01955	0.02094	0.01606	0.02164	0.02164	0.01326	0.68796	0.03281	0.04398	0.01675	0.01675	0.01187	0.00838	0.00698	0.00209	0.00768	0.00628	0.00698	0.01187
14	0.00825	0.00707	0.00707	0.00707	0.00943	0.00589	0.00530	0.01001	0.01591	0.01885	0.07069	0.06716	0.70839	0.01767	0.00825	0.00236	0.00353	0.01473	0.00648	0.00589
15	0.00885	0.00637	0.00820	0.00922	0.00992	0.00592	0.00624	0.01034	0.01432	0.01921	0.14978	0.53398	0.08965	0.08021	0.01093	0.00302	0.00411	0.01753	0.00649	0.00572
16	0.01125	0.00834	0.00952	0.00966	0.01117	0.00837	0.00683	0.05873	0.08870	0.02064	0.03776	0.30137	0.15731	0.16294	0.01354	0.00337	0.00493	0.03356	0.04551	0.00649
17	0.61091	0.01275	0.01134	0.00988	0.01414	0.01420	0.00811	0.02216	0.01319	0.14582	0.01343	0.01470	0.00998	0.01046	0.06173	0.00287	0.00654	0.00462	0.00500	0.00818
18	0.01083	0.00769	0.00905	0.00874	0.01087	0.00694	0.00659	0.03610	0.01766	0.06195	0.27050	0.14628	0.33148	0.01630	0.00825	0.00237	0.00388	0.03087	0.00701	0.00665
19	0.07391	0.00705	0.00979	0.00970	0.01040	0.00757	0.00693	0.01095	0.00991	0.01479	0.01380	0.02220	0.01327	0.03082	0.22429	0.51111	0.00960	0.00628	0.00333	0.00430
20	0.55337	0.01492	0.01338	0.01115	0.01586	0.01680	0.00919	0.19065	0.01774	0.08199	0.01274	0.01357	0.00932	0.00711	0.00518	0.00214	0.00601	0.00464	0.00529	0.00895
21	0.01077	0.00779	0.00990	0.01060	0.01192	0.00764	0.00796	0.06469	0.01627	0.02166	0.11646	0.38986	0.07879	0.04992	0.00993	0.00293	0.00488	0.16511	0.00655	0.00639
22	0.06394	0.01832	0.01758	0.01500	0.01892	0.19207	0.06898	0.07745	0.19816	0.06809	0.10191	0.04289	0.06728	0.00967	0.00707	0.00217	0.00759	0.00794	0.00585	0.00910
23	0.01086	0.00837	0.00980	0.00985	0.01213	0.00791	0.00800	0.06527	0.01780	0.02270	0.14064	0.06487	0.35447	0.01700	0.00859	0.00259	0.00475	0.22113	0.00666	0.00663
24	0.01504	0.01140	0.01255	0.01162	0.01457	0.01235	0.00892	0.02629	0.36867	0.06455	0.08940	0.06006	0.10177	0.07030	0.00961	0.00270	0.00509	0.04665	0.05958	0.00888
25	0.01116	0.00916	0.01006	0.00973	0.01185	0.03019	0.00735	0.01639	0.12688	0.02380	0.30087	0.09159	0.22152	0.04700	0.00930	0.00255	0.00438	0.05234	0.00685	0.00700
26	0.01607	0.01591	0.02376	0.32902	0.34502	0.07724	0.01944	0.02018	0.01543	0.02015	0.01365	0.02008	0.01141	0.00718	0.00700	0.00220	0.00900	0.03457	0.00345	0.00922
27	0.01694	0.01189	0.01419	0.01311	0.01620	0.01254	0.01075	0.19226	0.10876	0.07502	0.10367	0.10744	0.03222	0.01416	0.00823	0.00260	0.00605	0.23828	0.00695	0.00874
28	0.01061	0.00713	0.00906	0.00955	0.01091	0.00662	0.00678	0.01310	0.04026	0.06729	0.18265	0.44695	0.12579	0.01843	0.00849	0.00258	0.00401	0.01642	0.00690	0.00650
29	0.02130	0.01841	0.02153	0.02021	0.11051	0.15196	0.08637	0.09069	0.10405	0.13985	0.04719	0.04646	0.01639	0.00890	0.00874	0.00224	0.08281	0.00721	0.00540	0.00979
30	0.09157	0.08936	0.08974	0.01534	0.07818	0.05736	0.01233	0.06007	0.10118	0.06147	0.05484	0.01994	0.03870	0.00756	0.00610	0.00183	0.00672	0.00594	0.00487	0.19689
31	0.01100	0.00802	0.01030	0.06883	0.01400	0.00805	0.00798	0.03610	0.01602	0.03933	0.17715	0.22791	0.16869	0.03739	0.03940	0.00292	0.02283	0.03834	0.05917	0.00656

[dist]
# distance from previous block
# <min> <max>
0	3

[block]
# block no. 5 follows, 30 sequences, length 24
# corresponding to MSA columns:
# 457-480
name=unknown_F
#
# <colnr> <probs for GDERKNQSTAVLIFYWHMCP>
#	G	D	E	R	K	N	Q	S	T	A	V	L	I	F	Y	W	H	M	C	P
0	0.11252	0.19597	0.30459	0.01657	0.04813	0.05036	0.01735	0.06632	0.03160	0.07686	0.01327	0.01459	0.00993	0.00680	0.00591	0.00201	0.00848	0.00495	0.00396	0.00984
1	0.01709	0.01121	0.01388	0.01235	0.01476	0.06508	0.02880	0.01936	0.01483	0.19220	0.05800	0.08644	0.02157	0.08597	0.24422	0.00556	0.06087	0.00854	0.03150	0.00779
2	0.08005	0.01598	0.02184	0.05104	0.23401	0.09089	0.09192	0.02049	0.01562	0.06071	0.05208	0.07109	0.01652	0.03566	0.00882	0.00230	0.04942	0.00739	0.00432	0.06985
3	0.00908	0.00676	0.00853	0.00963	0.01061	0.00636	0.00678	0.01136	0.04092	0.01936	0.09384	0.53191	0.14035	0.02005	0.00873	0.00272	0.00412	0.05627	0.00659	0.00602
4	0.01348	0.01246	0.01833	0.16912	0.02434	0.03339	0.09428	0.01725	0.04069	0.01953	0.02130	0.08904	0.04427	0.06838	0.01147	0.00272	0.09167	0.10220	0.00443	0.12166
5	0.17577	0.01371	0.01935	0.08381	0.23045	0.01428	0.04991	0.07547	0.01591	0.04757	0.01728	0.13114	0.01606	0.01021	0.02610	0.00244	0.00730	0.00792	0.00459	0.05072
6	0.01670	0.01599	0.02729	0.14055	0.61800	0.01643	0.02113	0.02091	0.01562	0.02210	0.01302	0.01746	0.01081	0.00632	0.00692	0.00211	0.00843	0.00622	0.00340	0.01059
7	0.01345	0.00924	0.01107	0.01081	0.01250	0.00973	0.00802	0.01879	0.16044	0.06943	0.02673	0.04549	0.02645	0.32331	0.07897	0.00509	0.00735	0.15064	0.00560	0.00689
8	0.01084	0.00748	0.00910	0.00947	0.01056	0.00731	0.00666	0.01329	0.05467	0.04251	0.08984	0.23432	0.09542	0.26912	0.01779	0.00408	0.00534	0.10039	0.00592	0.00591
9	0.01340	0.00766	0.00984	0.00906	0.01117	0.00705	0.00687	0.01643	0.01856	0.12886	0.45666	0.09808	0.05023	0.01314	0.00762	0.00216	0.00374	0.01147	0.12072	0.00729
10	0.01174	0.00865	0.01045	0.01080	0.01220	0.00881	0.00765	0.10402	0.06891	0.02233	0.05223	0.54435	0.03919	0.05151	0.00967	0.00286	0.00476	0.01645	0.00653	0.00689
11	0.01647	0.01882	0.04118	0.02941	0.03647	0.01765	0.68588	0.02235	0.01647	0.02235	0.01412	0.01882	0.01059	0.00588	0.00824	0.00235	0.01176	0.00824	0.00353	0.00941
12	0.01205	0.00735	0.00995	0.01087	0.01220	0.00693	0.00823	0.01398	0.01482	0.10134	0.03617	0.44615	0.04030	0.04423	0.00979	0.00300	0.00505	0.20437	0.00664	0.00657
13	0.01056	0.00731	0.00937	0.00875	0.01062	0.00666	0.00660	0.01368	0.01938	0.05428	0.61738	0.05250	0.12776	0.01438	0.00818	0.00221	0.00342	0.01261	0.00760	0.00672
14	0.00862	0.00616	0.00820	0.00964	0.01015	0.00574	0.00649	0.01000	0.01389	0.01866	0.09411	0.69214	0.04779	0.02123	0.00885	0.00278	0.00399	0.01924	0.00658	0.00574
15	0.00889	0.00669	0.00829	0.00919	0.01043	0.00609	0.00667	0.01072	0.01513	0.01965	0.12687	0.40153	0.23538	0.01950	0.00872	0.00266	0.00407	0.08698	0.00662	0.00592
16	0.00924	0.00648	0.00773	0.00846	0.00900	0.00615	0.00541	0.01012	0.01249	0.01655	0.03583	0.36759	0.12347	0.30323	0.01895	0.00425	0.00500	0.01503	0.02984	0.00517
17	0.02164	0.01306	0.01457	0.01189	0.01587	0.01369	0.00958	0.27147	0.07550	0.16222	0.05810	0.02352	0.01833	0.00875	0.00641	0.00199	0.00558	0.00695	0.25101	0.00986
18	0.01727	0.01658	0.02832	0.04283	0.71123	0.01658	0.02142	0.02142	0.01589	0.02280	0.01313	0.01727	0.01105	0.00622	0.00691	0.00207	0.00829	0.00622	0.00345	0.01105
19	0.00943	0.00688	0.00876	0.00956	0.01058	0.00632	0.00662	0.01088	0.01358	0.01830	0.06276	0.49125	0.06868	0.11948	0.01223	0.00321	0.00463	0.06410	0.00604	0.06672
20	0.01647	0.01882	0.04118	0.02941	0.03647	0.01765	0.68588	0.02235	0.01647	0.02235	0.01412	0.01882	0.01059	0.00588	0.00824	0.00235	0.01176	0.00824	0.00353	0.00941
21	0.26160	0.01085	0.01169	0.01015	0.01389	0.01102	0.00810	0.02016	0.03260	0.15196	0.02197	0.05025	0.06800	0.01669	0.13744	0.00369	0.00759	0.00680	0.04708	0.10848
22	0.01282	0.00822	0.01007	0.00995	0.01162	0.00790	0.00719	0.06961	0.01610	0.08973	0.09419	0.31234	0.11544	0.14665	0.01313	0.00331	0.00504	0.05357	0.00644	0.00670
23	0.01192	0.00814	0.00934	0.00888	0.01130	0.00737	0.00669	0.03868	0.03948	0.09402	0.15980	0.16502	0.38079	0.01624	0.00814	0.00238	0.00404	0.01386	0.00694	0.00698

[dist]
# distance from previous block
# <min> <max>
0	1

[block]
# block no. 6 follows, 30 sequences, length 19
# corresponding to MSA columns:
# 482-496,498-501
name=unknown_G
#
# <colnr> <probs for GDERKNQSTAVLIFYWHMCP>
#	G	D	E	R	K	N	Q	S	T	A	V	L	I	F	Y	W	H	M	C	P
0	0.01398	0.00883	0.01064	0.01023	0.01262	0.00847	0.00762	0.01874	0.12470	0.14282	0.11390	0.28637	0.18157	0.01587	0.00808	0.00247	0.00442	0.01383	0.00708	0.00775
1	0.01526	0.10176	0.07593	0.23955	0.21034	0.05882	0.01747	0.01926	0.01484	0.01939	0.01501	0.02303	0.01324	0.01196	0.07332	0.00302	0.00970	0.06584	0.00356	0.00872
2	0.09427	0.05825	0.03426	0.01189	0.04106	0.01179	0.00914	0.10539	0.04330	0.07607	0.06957	0.19323	0.19774	0.01358	0.00736	0.00232	0.00526	0.01139	0.00613	0.00800
3	0.01071	0.00960	0.01523	0.01299	0.01581	0.00880	0.14733	0.01400	0.03558	0.02131	0.16135	0.23471	0.23747	0.01524	0.00832	0.00243	0.00543	0.01395	0.00605	0.02372
4	0.03811	0.00882	0.01094	0.01029	0.01259	0.00839	0.00767	0.06586	0.01681	0.06432	0.20220	0.30602	0.03919	0.01794	0.06254	0.00298	0.00554	0.01287	0.00640	0.10054
5	0.05970	0.13355	0.01924	0.01502	0.05836	0.14441	0.03134	0.03814	0.11351	0.04732	0.01539	0.01957	0.01309	0.01317	0.03172	0.20379	0.00806	0.02264	0.00425	0.00771
6	0.06708	0.01336	0.01572	0.01438	0.04334	0.01498	0.01089	0.19628	0.12616	0.06621	0.03608	0.11949	0.03763	0.03564	0.09575	0.00356	0.07974	0.00878	0.00588	0.00907
7	0.24103	0.07533	0.01422	0.01084	0.01421	0.07484	0.00860	0.08843	0.01657	0.06458	0.10980	0.02813	0.08915	0.10543	0.01034	0.00271	0.02541	0.00741	0.00528	0.00769
8	0.01277	0.01103	0.03940	0.01344	0.05609	0.01051	0.03085	0.01959	0.19422	0.04447	0.08403	0.25125	0.10920	0.07800	0.01030	0.00284	0.00535	0.01259	0.00620	0.00787
9	0.00996	0.00724	0.00916	0.00961	0.01071	0.00687	0.00675	0.01138	0.01279	0.01733	0.03061	0.31901	0.05503	0.22807	0.07773	0.00452	0.00645	0.09379	0.00539	0.07758
10	0.17963	0.01472	0.06794	0.04799	0.01873	0.01269	0.01062	0.08658	0.01568	0.04798	0.01332	0.01569	0.01058	0.01013	0.06739	0.00244	0.00725	0.00484	0.00443	0.36138
11	0.14832	0.00984	0.00889	0.00822	0.01071	0.03716	0.00638	0.07507	0.01593	0.02811	0.01958	0.02222	0.01528	0.00784	0.00502	0.00176	0.00435	0.00595	0.56217	0.00720
12	0.01830	0.14455	0.10866	0.16045	0.04468	0.14405	0.01529	0.06701	0.06893	0.04989	0.05333	0.01857	0.01409	0.00939	0.03404	0.00240	0.02723	0.00593	0.00423	0.00899
13	0.06024	0.01048	0.01350	0.01330	0.07362	0.00987	0.00929	0.01540	0.01319	0.02025	0.01797	0.08008	0.01768	0.08710	0.18049	0.00444	0.02599	0.04424	0.00428	0.29859
14	0.01734	0.01274	0.01563	0.07339	0.01971	0.01066	0.00978	0.05778	0.01621	0.11809	0.01471	0.01622	0.01128	0.00598	0.00568	0.00136	0.00577	0.00483	0.00482	0.57804
15	0.06924	0.00736	0.00813	0.00875	0.01055	0.00682	0.00655	0.01125	0.01481	0.01971	0.05185	0.28051	0.36618	0.01834	0.00832	0.00259	0.00418	0.09253	0.00631	0.00601
16	0.01820	0.02179	0.13046	0.01569	0.02043	0.16373	0.01385	0.04698	0.31464	0.02478	0.05382	0.02116	0.01735	0.00864	0.00769	0.00217	0.04937	0.00661	0.00532	0.05731
17	0.01493	0.01215	0.01499	0.01195	0.01594	0.01161	0.00957	0.03715	0.01459	0.06317	0.02015	0.08685	0.07373	0.00953	0.00962	0.00183	0.15798	0.00712	0.00468	0.42245
18	0.01942	0.01523	0.03583	0.03894	0.07487	0.01529	0.14160	0.10365	0.19498	0.14551	0.06468	0.03996	0.04580	0.00905	0.00770	0.00228	0.02071	0.00816	0.00612	0.01022

[dist]
# distance from previous block
# <min> <max>
0	16

[block]
# block no. 7 follows, 30 sequences, length 30
# corresponding to MSA columns:
# 518-547
name=unknown_H
#
# <colnr> <probs for GDERKNQSTAVLIFYWHMCP>
#	G	D	E	R	K	N	Q	S	T	A	V	L	I	F	Y	W	H	M	C	P
0	0.00987	0.00756	0.00971	0.01001	0.04126	0.00691	0.00708	0.01285	0.01861	0.02549	0.51395	0.05473	0.20840	0.01482	0.00821	0.00225	0.00365	0.03083	0.00719	0.00662
1	0.01141	0.00946	0.01521	0.01569	0.08705	0.01022	0.06922	0.01390	0.01208	0.01711	0.01885	0.05998	0.01846	0.15017	0.43124	0.00821	0.03283	0.00834	0.00387	0.00672
2	0.10409	0.01231	0.01677	0.01842	0.17965	0.01174	0.01175	0.04391	0.01772	0.31127	0.05785	0.05952	0.10532	0.00980	0.00700	0.00219	0.00599	0.00825	0.00650	0.00996
3	0.02306	0.06114	0.02350	0.06281	0.02495	0.52660	0.11318	0.02568	0.01843	0.01785	0.01156	0.01425	0.00949	0.00826	0.02783	0.00218	0.01222	0.00521	0.00353	0.00825
4	0.01432	0.10225	0.01437	0.01074	0.01353	0.01166	0.00841	0.04070	0.13764	0.08495	0.21983	0.18627	0.08202	0.03162	0.00823	0.00239	0.00484	0.01158	0.00664	0.00801
5	0.01317	0.01069	0.01147	0.01048	0.01350	0.01097	0.00814	0.10156	0.19665	0.02571	0.12130	0.06665	0.33400	0.01416	0.00785	0.00235	0.00464	0.03180	0.00683	0.00806
6	0.01189	0.01297	0.10120	0.01478	0.06137	0.01130	0.04108	0.01598	0.05452	0.01894	0.02575	0.04595	0.11887	0.09101	0.25979	0.00581	0.06539	0.00860	0.02742	0.00736
7	0.02245	0.06488	0.02786	0.02154	0.02643	0.45154	0.24101	0.02565	0.01838	0.01883	0.01186	0.01463	0.00953	0.00669	0.00686	0.00197	0.01205	0.00572	0.00354	0.00858
8	0.01635	0.01119	0.01275	0.01152	0.01475	0.01148	0.00898	0.10490	0.18812	0.12506	0.03930	0.14862	0.19972	0.01483	0.02745	0.00265	0.00552	0.04109	0.00693	0.00878
9	0.01034	0.00673	0.00843	0.00919	0.01031	0.00623	0.00646	0.01203	0.01447	0.05479	0.08342	0.44640	0.12401	0.06323	0.00997	0.00285	0.00423	0.04477	0.07603	0.00609
10	0.01074	0.00872	0.01099	0.01128	0.01293	0.00914	0.00921	0.01382	0.04531	0.02003	0.06576	0.12318	0.25698	0.01751	0.01060	0.00281	0.09626	0.26211	0.00610	0.00654
11	0.00954	0.00720	0.00999	0.01021	0.01159	0.00665	0.04744	0.01153	0.01468	0.01990	0.09437	0.45085	0.15365	0.01829	0.00837	0.00258	0.00437	0.03680	0.07590	0.00610
12	0.06320	0.00836	0.00978	0.00916	0.01127	0.00793	0.00669	0.01605	0.03668	0.13381	0.14176	0.10981	0.17441	0.18376	0.01459	0.02419	0.00501	0.03047	0.00630	0.00678
13	0.01349	0.03251	0.63072	0.01851	0.02775	0.01501	0.02340	0.02099	0.01535	0.02283	0.09863	0.01937	0.01590	0.00758	0.00683	0.00221	0.00944	0.00608	0.00353	0.00985
14	0.01060	0.00782	0.01034	0.01160	0.01337	0.00757	0.00996	0.01350	0.01603	0.02044	0.04423	0.07622	0.18439	0.01893	0.00934	0.00303	0.00580	0.52407	0.00644	0.00631
15	0.01224	0.00820	0.01019	0.00993	0.01182	0.00793	0.00729	0.01669	0.10140	0.08676	0.29647	0.26223	0.08755	0.03741	0.00899	0.00255	0.00416	0.01380	0.00715	0.00723
16	0.01176	0.00713	0.00917	0.00966	0.01109	0.00647	0.00686	0.01335	0.01484	0.11282	0.07134	0.47495	0.13579	0.05033	0.00968	0.00282	0.00438	0.03426	0.00673	0.00654
17	0.00948	0.01002	0.09639	0.01078	0.01267	0.00717	0.00889	0.01199	0.01490	0.02052	0.17828	0.50985	0.04574	0.01835	0.00848	0.00262	0.00466	0.01648	0.00630	0.00644
18	0.07842	0.01456	0.01775	0.01674	0.10328	0.01548	0.04623	0.26608	0.06661	0.07274	0.01860	0.01995	0.01388	0.00786	0.00630	0.00201	0.00640	0.00640	0.21083	0.00987
19	0.01015	0.00748	0.00941	0.00965	0.01099	0.00748	0.00708	0.02971	0.03257	0.02001	0.13610	0.21228	0.13897	0.11558	0.15318	0.00477	0.00736	0.05924	0.02185	0.00614
20	0.01485	0.00836	0.01039	0.00936	0.01194	0.00740	0.00705	0.01638	0.01493	0.15137	0.06411	0.10537	0.14338	0.06086	0.01193	0.12073	0.00491	0.03959	0.09242	0.10467
21	0.02749	0.01310	0.01782	0.01639	0.10370	0.01222	0.01177	0.11360	0.02107	0.49790	0.07122	0.02402	0.01917	0.00869	0.00708	0.00214	0.00627	0.00721	0.00772	0.01141
22	0.01262	0.01157	0.01953	0.33161	0.03090	0.01305	0.11302	0.01578	0.01349	0.01765	0.02092	0.02762	0.09827	0.07878	0.05967	0.06338	0.05347	0.00797	0.00372	0.00699
23	0.01601	0.01486	0.01952	0.07325	0.09889	0.08868	0.07218	0.06533	0.01517	0.04128	0.01744	0.11315	0.01703	0.09215	0.07625	0.00367	0.15446	0.00846	0.00427	0.00794
