[name]
unknown

[dist]
# distance from previous block
# <min> <max>
0	62

[block]
# block no. 0 follows, 35 sequences, length 9
# corresponding to MSA columns:
# 62-70
name=unknown_A
#
# <colnr> <probs for GDERKNQSTAVLIFYWHMCP>
#	G	D	E	R	K	N	Q	S	T	A	V	L	I	F	Y	W	H	M	C	P
0	0.01020	0.00771	0.00933	0.00946	0.01146	0.00741	0.00777	0.06869	0.01638	0.02119	0.16591	0.05912	0.27844	0.01542	0.00791	0.00241	0.00453	0.28447	0.00610	0.00610
1	0.02238	0.01739	0.01743	0.01408	0.01860	0.08882	0.01136	0.42612	0.19859	0.09135	0.01810	0.01745	0.01304	0.00777	0.00631	0.00194	0.00680	0.00597	0.00620	0.01027
2	0.00929	0.00719	0.00818	0.00795	0.00983	0.00664	0.00592	0.06625	0.01627	0.02115	0.24591	0.18036	0.36145	0.01519	0.00751	0.00216	0.00353	0.01306	0.00624	0.00593
3	0.01347	0.16496	0.61859	0.01680	0.02548	0.01656	0.02122	0.01990	0.01330	0.01918	0.01093	0.01283	0.00805	0.00592	0.00568	0.00189	0.00892	0.00446	0.00268	0.00916
4	0.01469	0.01404	0.02392	0.23537	0.54894	0.01481	0.01897	0.01858	0.01397	0.01950	0.01175	0.01603	0.00962	0.00584	0.00630	0.00195	0.00779	0.00565	0.00305	0.00923
5	0.01515	0.01431	0.02324	0.14508	0.53826	0.01502	0.01796	0.02083	0.10703	0.02080	0.01365	0.01692	0.01102	0.00614	0.00631	0.00195	0.00735	0.00585	0.00352	0.00959
6	0.01380	0.01313	0.02231	0.40905	0.38225	0.01457	0.01852	0.01780	0.01354	0.01841	0.01160	0.01632	0.00923	0.00601	0.00631	0.00200	0.00801	0.00564	0.00298	0.00851
7	0.01236	0.01039	0.01148	0.01078	0.01266	0.08117	0.00831	0.07387	0.06637	0.01955	0.11340	0.02618	0.02110	0.05352	0.40729	0.00647	0.01191	0.00714	0.03948	0.00658
8	0.01582	0.47607	0.14622	0.01192	0.01803	0.01994	0.01234	0.04795	0.01374	0.01795	0.00999	0.01150	0.00848	0.00548	0.00461	0.00141	0.00682	0.00377	0.00306	0.16490

[dist]
# distance from previous block
# <min> <max>
0	1

[block]
# block no. 1 follows, 35 sequences, length 9
# corresponding to MSA columns:
# 72-80
name=unknown_B
#
# <colnr> <probs for GDERKNQSTAVLIFYWHMCP>
#	G	D	E	R	K	N	Q	S	T	A	V	L	I	F	Y	W	H	M	C	P
0	0.02422	0.03940	0.01709	0.01309	0.01778	0.06161	0.01070	0.29014	0.13020	0.29834	0.01997	0.01850	0.01369	0.00772	0.00626	0.00193	0.00637	0.00601	0.00662	0.01038
1	0.02338	0.01300	0.01745	0.01368	0.01760	0.01366	0.04514	0.16588	0.01868	0.39600	0.04201	0.01938	0.01436	0.00850	0.00934	0.00212	0.15749	0.00630	0.00628	0.00976
2	0.00765	0.00582	0.00705	0.00803	0.00899	0.00522	0.00553	0.00892	0.01292	0.01651	0.04476	0.53489	0.27365	0.01860	0.00790	0.00243	0.00352	0.01648	0.00589	0.00522
3	0.01630	0.01314	0.01484	0.01089	0.01636	0.01167	0.00882	0.21664	0.01793	0.02620	0.01241	0.01375	0.00980	0.00553	0.00517	0.00122	0.00535	0.00432	0.00450	0.58517
4	0.01729	0.01462	0.02133	0.02640	0.38337	0.01508	0.04126	0.16003	0.10999	0.05780	0.01920	0.02058	0.06949	0.00735	0.00646	0.00196	0.00678	0.00658	0.00465	0.00980
5	0.23050	0.01740	0.01500	0.10873	0.01980	0.22916	0.01074	0.08328	0.01649	0.16629	0.03639	0.01535	0.01125	0.00690	0.00558	0.00188	0.00749	0.00495	0.00468	0.00813
6	0.01195	0.00742	0.01175	0.01438	0.15370	0.00742	0.00829	0.01050	0.00950	0.01296	0.01120	0.01857	0.01083	0.01877	0.02110	0.65317	0.00591	0.00554	0.00283	0.00421
7	0.01600	0.01331	0.02347	0.01753	0.02245	0.01258	0.30577	0.07619	0.01535	0.11517	0.01519	0.01844	0.01172	0.01417	0.15525	0.00350	0.00995	0.00644	0.00420	0.14330
8	0.01587	0.01551	0.01801	0.35845	0.02997	0.16087	0.04736	0.04621	0.11291	0.05064	0.04825	0.01961	0.03450	0.00735	0.00638	0.00201	0.00809	0.00616	0.00406	0.00779

[dist]
# distance from previous block
# <min> <max>
20	192

[block]
# block no. 2 follows, 35 sequences, length 29
# corresponding to MSA columns:
# 339-367
name=unknown_C
#
# <colnr> <probs for GDERKNQSTAVLIFYWHMCP>
#	G	D	E	R	K	N	Q	S	T	A	V	L	I	F	Y	W	H	M	C	P
0	0.49251	0.01189	0.01159	0.05129	0.01522	0.01307	0.00831	0.04141	0.06370	0.17891	0.04699	0.01584	0.01225	0.00689	0.00499	0.00198	0.00519	0.00488	0.00508	0.00800
1	0.05454	0.00724	0.00940	0.04354	0.01215	0.00711	0.00756	0.01248	0.01542	0.02200	0.36506	0.13825	0.04421	0.03383	0.00817	0.00237	0.00425	0.17508	0.00603	0.03129
2	0.01202	0.01124	0.01887	0.69228	0.07572	0.01377	0.01717	0.01617	0.01301	0.01685	0.04441	0.01825	0.01089	0.00661	0.00639	0.00210	0.00816	0.00591	0.00303	0.00714
3	0.02269	0.02305	0.01736	0.01499	0.01884	0.39894	0.01162	0.18975	0.14769	0.07079	0.01495	0.01519	0.01129	0.00725	0.00604	0.00181	0.00885	0.00517	0.00486	0.00887
4	0.05593	0.74365	0.03208	0.01073	0.01609	0.02458	0.01066	0.01898	0.01279	0.01558	0.00882	0.01018	0.00808	0.00545	0.00406	0.00139	0.00669	0.00339	0.00277	0.00808
5	0.04643	0.01097	0.01404	0.01118	0.01557	0.01023	0.00910	0.04827	0.10671	0.54412	0.09306	0.02386	0.02006	0.00838	0.00643	0.00199	0.00515	0.00687	0.00744	0.01013
6	0.02365	0.01754	0.01878	0.01450	0.01950	0.01946	0.01195	0.67841	0.06849	0.03923	0.01582	0.01570	0.01126	0.00767	0.00635	0.00192	0.00687	0.00579	0.00635	0.01075
7	0.00773	0.00552	0.00736	0.00883	0.00920	0.00515	0.00589	0.00883	0.01215	0.01619	0.03497	0.77291	0.04196	0.01987	0.00810	0.00258	0.00368	0.01803	0.00589	0.00515
8	0.00877	0.00648	0.00819	0.00776	0.00935	0.00590	0.00582	0.01156	0.01746	0.02425	0.63838	0.04934	0.15635	0.01341	0.00748	0.00202	0.00302	0.01175	0.00683	0.00590
9	0.01388	0.01125	0.01323	0.00949	0.01509	0.00850	0.00760	0.01668	0.01339	0.05476	0.01193	0.01355	0.00969	0.00485	0.00478	0.00099	0.00473	0.00388	0.00395	0.77778
10	0.01315	0.01128	0.01315	0.00940	0.01503	0.00846	0.00752	0.01597	0.01315	0.02067	0.01128	0.01315	0.00940	0.00470	0.00470	0.00094	0.00470	0.00376	0.00376	0.81583
11	0.00750	0.00643	0.00643	0.00643	0.00857	0.00536	0.00482	0.00910	0.01446	0.01714	0.06427	0.06105	0.73490	0.01607	0.00750	0.00214	0.00321	0.01339	0.00589	0.00536
12	0.01198	0.01128	0.01903	0.76180	0.04369	0.01409	0.01762	0.01621	0.01268	0.01621	0.01128	0.01691	0.00846	0.00634	0.00634	0.00211	0.00846	0.00564	0.00282	0.00705
13	0.01497	0.01711	0.03743	0.02674	0.03316	0.01604	0.71444	0.02032	0.01497	0.02032	0.01283	0.01711	0.00963	0.00535	0.00749	0.00214	0.01070	0.00749	0.00321	0.00856
14	0.01578	0.01363	0.01434	0.01291	0.01650	0.01578	0.01004	0.03371	0.72602	0.02654	0.02582	0.02367	0.01937	0.00861	0.00646	0.00215	0.00502	0.00717	0.00646	0.01004
15	0.02846	0.01080	0.01472	0.01129	0.01619	0.00932	0.00932	0.03092	0.01816	0.74187	0.02503	0.02159	0.01570	0.00785	0.00638	0.00196	0.00540	0.00638	0.00785	0.01080
16	0.02412	0.01777	0.01904	0.01460	0.01967	0.01967	0.01206	0.71633	0.02983	0.03998	0.01523	0.01523	0.01079	0.00762	0.00635	0.00190	0.00698	0.00571	0.00635	0.01079
17	0.00750	0.00643	0.00643	0.00643	0.00857	0.00536	0.00482	0.00910	0.01446	0.01714	0.06427	0.06105	0.73490	0.01607	0.00750	0.00214	0.00321	0.01339	0.00589	0.00536
18	0.00923	0.00615	0.00692	0.00692	0.00692	0.00615	0.00384	0.00923	0.00923	0.01230	0.01999	0.04151	0.02306	0.77705	0.03229	0.00615	0.00615	0.00923	0.00384	0.00384
19	0.01570	0.01507	0.02575	0.03894	0.73748	0.01507	0.01947	0.01947	0.01444	0.02073	0.01193	0.01570	0.01005	0.00565	0.00628	0.00188	0.00754	0.00565	0.00314	0.01005
20	0.01497	0.01711	0.03743	0.02674	0.03316	0.01604	0.71444	0.02032	0.01497	0.02032	0.01283	0.01711	0.00963	0.00535	0.00749	0.00214	0.01070	0.00749	0.00321	0.00856
21	0.01315	0.01128	0.01315	0.00940	0.01503	0.00846	0.00752	0.01597	0.01315	0.02067	0.01128	0.01315	0.00940	0.00470	0.00470	0.00094	0.00470	0.00376	0.00376	0.81583
22	0.00898	0.00648	0.00848	0.00798	0.00948	0.00599	0.00599	0.01197	0.01796	0.02544	0.73413	0.04739	0.05986	0.01297	0.00748	0.00200	0.00299	0.01147	0.00698	0.00599
23	0.01578	0.01363	0.01434	0.01291	0.01650	0.01578	0.01004	0.03371	0.72602	0.02654	0.02582	0.02367	0.01937	0.00861	0.00646	0.00215	0.00502	0.00717	0.00646	0.01004
24	0.00929	0.00657	0.00816	0.00781	0.00950	0.00591	0.00584	0.01181	0.01674	0.05007	0.50312	0.10142	0.21219	0.01398	0.00749	0.00207	0.00318	0.01219	0.00669	0.00596
25	0.00919	0.00721	0.00995	0.00965	0.01087	0.00803	0.00746	0.01136	0.01214	0.01696	0.15111	0.03385	0.12854	0.05538	0.43349	0.00687	0.06927	0.00857	0.00437	0.00572
26	0.01449	0.01383	0.02355	0.27505	0.51086	0.01475	0.01886	0.01840	0.01387	0.01925	0.01172	0.01610	0.00953	0.00588	0.00630	0.00196	0.00784	0.00565	0.00304	0.00907
27	0.01798	0.01670	0.01525	0.01350	0.01710	0.14915	0.01059	0.14444	0.41363	0.02600	0.02307	0.02415	0.04470	0.00885	0.00647	0.00206	0.00649	0.04480	0.00580	0.00926
28	0.01449	0.01607	0.03299	0.02421	0.02923	0.01623	0.55967	0.01896	0.01391	0.01924	0.01288	0.04594	0.01065	0.00696	0.00993	0.00227	0.14745	0.00755	0.00323	0.00813

[dist]
# distance from previous block
# <min> <max>
8	25

[block]
# block no. 3 follows, 35 sequences, length 28
# corresponding to MSA columns:
# 395-422
name=unknown_D
#
# <colnr> <probs for GDERKNQSTAVLIFYWHMCP>
#	G	D	E	R	K	N	Q	S	T	A	V	L	I	F	Y	W	H	M	C	P
0	0.01555	0.01549	0.02817	0.03641	0.59175	0.01527	0.16327	0.01965	0.01455	0.02064	0.01212	0.01599	0.00996	0.00559	0.00653	0.00194	0.00819	0.00603	0.00315	0.00974
1	0.01478	0.01405	0.01930	0.01622	0.01769	0.07481	0.08906	0.01684	0.01155	0.05963	0.01154	0.01654	0.01029	0.01663	0.15196	0.00393	0.43882	0.00593	0.00328	0.00715
2	0.69469	0.01341	0.01038	0.00917	0.01303	0.05685	0.00746	0.06090	0.01265	0.02829	0.03859	0.01217	0.00932	0.00632	0.00432	0.00194	0.00533	0.00394	0.00416	0.00710
3	0.08877	0.01605	0.01569	0.01281	0.01714	0.09390	0.01028	0.29700	0.15544	0.09738	0.03961	0.01874	0.03471	0.00776	0.00604	0.00187	0.00637	0.00594	0.00579	0.06871
4	0.01483	0.01672	0.03602	0.06755	0.05823	0.01590	0.65198	0.02007	0.01483	0.02011	0.01272	0.01705	0.00958	0.00541	0.00738	0.00213	0.01046	0.00732	0.00318	0.00853
5	0.01353	0.26776	0.40944	0.01429	0.02126	0.01676	0.01686	0.01855	0.01390	0.01923	0.11646	0.01735	0.01566	0.00685	0.00562	0.00180	0.00761	0.00527	0.00332	0.00848
6	0.01570	0.01507	0.02575	0.03894	0.73748	0.01507	0.01947	0.01947	0.01444	0.02073	0.01193	0.01570	0.01005	0.00565	0.00628	0.00188	0.00754	0.00565	0.00314	0.01005
7	0.01315	0.01128	0.01315	0.00940	0.01503	0.00846	0.00752	0.01597	0.01315	0.02067	0.01128	0.01315	0.00940	0.00470	0.00470	0.00094	0.00470	0.00376	0.00376	0.81583
8	0.01570	0.01507	0.02575	0.03894	0.73748	0.01507	0.01947	0.01947	0.01444	0.02073	0.01193	0.01570	0.01005	0.00565	0.00628	0.00188	0.00754	0.00565	0.00314	0.01005
9	0.01497	0.01711	0.03743	0.02674	0.03316	0.01604	0.71444	0.02032	0.01497	0.02032	0.01283	0.01711	0.00963	0.00535	0.00749	0.00214	0.01070	0.00749	0.00321	0.00856
10	0.00788	0.00563	0.00753	0.00901	0.00944	0.00528	0.00615	0.00909	0.01229	0.01636	0.03488	0.73055	0.04163	0.01973	0.00814	0.00260	0.00381	0.05891	0.00589	0.00519
11	0.00921	0.00626	0.00716	0.00728	0.00752	0.00620	0.00442	0.00954	0.00996	0.01312	0.02362	0.04509	0.06467	0.67154	0.02895	0.00566	0.00596	0.06561	0.00412	0.00409
12	0.01102	0.00551	0.00826	0.00826	0.00826	0.00551	0.00551	0.00826	0.00826	0.01102	0.01102	0.01928	0.01102	0.02204	0.02479	0.81543	0.00551	0.00551	0.00275	0.00275
13	0.01272	0.03281	0.74418	0.01808	0.02746	0.01473	0.02344	0.02009	0.01339	0.02009	0.01138	0.01339	0.00804	0.00603	0.00603	0.00201	0.00938	0.00469	0.00268	0.00938
14	0.01570	0.01507	0.02575	0.03894	0.73748	0.01507	0.01947	0.01947	0.01444	0.02073	0.01193	0.01570	0.01005	0.00565	0.00628	0.00188	0.00754	0.00565	0.00314	0.01005
15	0.01198	0.01128	0.01903	0.76180	0.04369	0.01409	0.01762	0.01621	0.01268	0.01621	0.01128	0.01691	0.00846	0.00634	0.00634	0.00211	0.00846	0.00564	0.00282	0.00705
16	0.00773	0.00552	0.00736	0.00883	0.00920	0.00515	0.00589	0.00883	0.01215	0.01619	0.03497	0.77291	0.04196	0.01987	0.00810	0.00258	0.00368	0.01803	0.00589	0.00515
17	0.01272	0.03281	0.74418	0.01808	0.02746	0.01473	0.02344	0.02009	0.01339	0.02009	0.01138	0.01339	0.00804	0.00603	0.00603	0.00201	0.00938	0.00469	0.00268	0.00938
18	0.51594	0.01616	0.01280	0.10758	0.01818	0.16991	0.00961	0.04866	0.01334	0.02463	0.00962	0.01160	0.00751	0.00616	0.00472	0.00191	0.00683	0.00395	0.00374	0.00716
19	0.00801	0.00572	0.00768	0.00915	0.00964	0.00539	0.00637	0.00932	0.01242	0.01651	0.03481	0.69441	0.04135	0.01961	0.00817	0.00261	0.00392	0.09378	0.00588	0.00523
20	0.05501	0.01242	0.01824	0.60648	0.05677	0.04484	0.01621	0.01835	0.07607	0.01785	0.01239	0.01691	0.00937	0.00651	0.00620	0.00208	0.00807	0.00560	0.00323	0.00739
21	0.02846	0.01080	0.01472	0.01129	0.01619	0.00932	0.00932	0.03092	0.01816	0.74187	0.02503	0.02159	0.01570	0.00785	0.00638	0.00196	0.00540	0.00638	0.00785	0.01080
22	0.01428	0.00950	0.00848	0.00784	0.00988	0.07788	0.00600	0.09196	0.01554	0.02466	0.01907	0.02158	0.01490	0.00733	0.00476	0.00154	0.00420	0.00572	0.64830	0.00658
23	0.01730	0.51072	0.02812	0.01287	0.01685	0.13036	0.01169	0.01915	0.01297	0.01508	0.00886	0.01113	0.00818	0.00678	0.00781	0.00169	0.16590	0.00394	0.00281	0.00777
24	0.01549	0.07038	0.01404	0.01083	0.03544	0.01066	0.00834	0.06571	0.08611	0.13648	0.07636	0.10202	0.08981	0.00925	0.00607	0.00173	0.00481	0.00773	0.02953	0.21919
25	0.01743	0.39186	0.02403	0.01222	0.01621	0.14991	0.01062	0.06237	0.08625	0.01782	0.01229	0.01478	0.01072	0.04476	0.04241	0.00224	0.04725	0.00465	0.02429	0.00791
26	0.70492	0.01490	0.01059	0.00951	0.01334	0.12226	0.00766	0.01963	0.01185	0.02657	0.00898	0.01047	0.00706	0.00598	0.00419	0.00191	0.00586	0.00353	0.00383	0.00694
27	0.01174	0.01715	0.27111	0.01277	0.01710	0.01126	0.01304	0.03604	0.10460	0.02016	0.09985	0.07630	0.02088	0.09934	0.11593	0.00369	0.02556	0.00759	0.02835	0.00752

[dist]
# distance from previous block
# <min> <max>
0	1

[block]
# block no. 4 follows, 35 sequences, length 92
# corresponding to MSA columns:
# 424-497,499-516
name=unknown_E
#
# <colnr> <probs for GDERKNQSTAVLIFYWHMCP>
#	G	D	E	R	K	N	Q	S	T	A	V	L	I	F	Y	W	H	M	C	P
0	0.00847	0.00611	0.00705	0.00736	0.00804	0.00578	0.00472	0.00928	0.01151	0.01493	0.06429	0.20822	0.19652	0.37833	0.03828	0.00434	0.00505	0.01220	0.00490	0.00463
1	0.20753	0.36791	0.09284	0.01281	0.04408	0.08447	0.01167	0.07937	0.01440	0.02103	0.00982	0.01127	0.00813	0.00589	0.00465	0.00165	0.00704	0.00387	0.00337	0.00819
2	0.14251	0.15960	0.03641	0.01197	0.01656	0.01533	0.04583	0.09008	0.13490	0.19372	0.05128	0.01961	0.04087	0.00755	0.00571	0.00189	0.00586	0.00593	0.00542	0.00899
3	0.01007	0.00782	0.00955	0.01020	0.01208	0.00779	0.00842	0.01457	0.11190	0.01933	0.04125	0.10353	0.23125	0.01603	0.00805	0.00258	0.00486	0.36855	0.00594	0.00624
4	0.01591	0.22154	0.31981	0.01435	0.02090	0.01743	0.01574	0.11169	0.08609	0.04711	0.05983	0.01629	0.01315	0.00684	0.00571	0.00184	0.00741	0.00522	0.00399	0.00913
5	0.00773	0.00552	0.00736	0.00883	0.00920	0.00515	0.00589	0.00883	0.01215	0.01619	0.03497	0.77291	0.04196	0.01987	0.00810	0.00258	0.00368	0.01803	0.00589	0.00515
6	0.01315	0.01128	0.01315	0.00940	0.01503	0.00846	0.00752	0.01597	0.01315	0.02067	0.01128	0.01315	0.00940	0.00470	0.00470	0.00094	0.00470	0.00376	0.00376	0.81583
7	0.01537	0.01474	0.02515	0.10309	0.67591	0.01499	0.01931	0.01918	0.01429	0.02032	0.01187	0.01581	0.00991	0.00571	0.00629	0.00190	0.00762	0.00565	0.00311	0.00978
8	0.13629	0.01487	0.01589	0.08703	0.01948	0.09856	0.04666	0.17575	0.12135	0.05982	0.01711	0.01878	0.03673	0.01292	0.10820	0.00310	0.00840	0.00593	0.00480	0.00834
9	0.00793	0.00609	0.00730	0.00820	0.00925	0.00558	0.00569	0.00978	0.03746	0.01685	0.04404	0.51904	0.26320	0.01827	0.00785	0.00242	0.00358	0.01617	0.00591	0.00539
10	0.01467	0.01402	0.02389	0.23931	0.54517	0.01480	0.01896	0.01857	0.01396	0.01947	0.01175	0.01604	0.00961	0.00584	0.00630	0.00195	0.00779	0.00565	0.00305	0.00922
11	0.01736	0.01258	0.01449	0.01096	0.01614	0.01136	0.00883	0.13580	0.10809	0.12149	0.01564	0.01598	0.01175	0.00610	0.00542	0.00139	0.00521	0.00487	0.00508	0.47144
12	0.00856	0.00628	0.00803	0.00798	0.00932	0.00575	0.00584	0.01102	0.01640	0.02266	0.51905	0.19522	0.13090	0.01470	0.00761	0.00213	0.00316	0.01301	0.00664	0.00575
13	0.82186	0.01227	0.00932	0.00834	0.01227	0.01423	0.00687	0.01865	0.01080	0.02846	0.00883	0.01031	0.00687	0.00589	0.00393	0.00196	0.00491	0.00344	0.00393	0.00687
14	0.01315	0.01128	0.01315	0.00940	0.01503	0.00846	0.00752	0.01597	0.01315	0.02067	0.01128	0.01315	0.00940	0.00470	0.00470	0.00094	0.00470	0.00376	0.00376	0.81583
15	0.09624	0.01820	0.01473	0.01350	0.01557	0.31886	0.01045	0.01843	0.01337	0.01641	0.01189	0.01670	0.01082	0.04819	0.22063	0.00445	0.13640	0.00523	0.00331	0.00663
16	0.00947	0.00745	0.00867	0.00819	0.01017	0.00714	0.00619	0.01409	0.11394	0.02311	0.43680	0.04822	0.25613	0.01330	0.00735	0.00206	0.00334	0.01146	0.00658	0.00635
17	0.09407	0.04091	0.01736	0.07052	0.05636	0.19480	0.01195	0.15157	0.15874	0.05036	0.01515	0.01710	0.01188	0.00762	0.00692	0.00198	0.05656	0.02282	0.00467	0.00867
18	0.04878	0.27295	0.48362	0.01534	0.02321	0.01805	0.01867	0.01968	0.01312	0.01879	0.01045	0.01222	0.00802	0.00583	0.00531	0.00180	0.00835	0.00422	0.00274	0.00887
19	0.01679	0.07875	0.34894	0.01811	0.02537	0.01479	0.18651	0.02273	0.04292	0.16163	0.01480	0.01607	0.01038	0.00628	0.00632	0.00199	0.00855	0.00570	0.00397	0.00939
20	0.01535	0.01326	0.01394	0.01258	0.01609	0.01524	0.00977	0.03245	0.68951	0.02606	0.02779	0.02559	0.05608	0.00899	0.00651	0.00215	0.00493	0.00749	0.00643	0.00980
21	0.00918	0.00716	0.00846	0.00855	0.01014	0.00693	0.00624	0.01332	0.11239	0.02083	0.26709	0.26895	0.20646	0.01520	0.00753	0.00223	0.00353	0.01334	0.00632	0.00614
22	0.00791	0.00590	0.00728	0.00830	0.00918	0.00539	0.00579	0.00920	0.01275	0.01642	0.04161	0.50767	0.21816	0.05760	0.00923	0.00267	0.00383	0.06014	0.00578	0.00518
23	0.01497	0.01711	0.03743	0.02674	0.03316	0.01604	0.71444	0.02032	0.01497	0.02032	0.01283	0.01711	0.00963	0.00535	0.00749	0.00214	0.01070	0.00749	0.00321	0.00856
24	0.02412	0.01777	0.01904	0.01460	0.01967	0.01967	0.01206	0.71633	0.02983	0.03998	0.01523	0.01523	0.01079	0.00762	0.00635	0.00190	0.00698	0.00571	0.00635	0.01079
25	0.00856	0.00619	0.00810	0.00835	0.00949	0.00573	0.00607	0.01087	0.01577	0.02182	0.45066	0.29170	0.07622	0.01556	0.00774	0.00223	0.00334	0.03940	0.00654	0.00568
26	0.02846	0.01080	0.01472	0.01129	0.01619	0.00932	0.00932	0.03092	0.01816	0.74187	0.02503	0.02159	0.01570	0.00785	0.00638	0.00196	0.00540	0.00638	0.00785	0.01080
27	0.01578	0.01363	0.01434	0.01291	0.01650	0.01578	0.01004	0.03371	0.72602	0.02654	0.02582	0.02367	0.01937	0.00861	0.00646	0.00215	0.00502	0.00717	0.00646	0.01004
28	0.02846	0.01080	0.01472	0.01129	0.01619	0.00932	0.00932	0.03092	0.01816	0.74187	0.02503	0.02159	0.01570	0.00785	0.00638	0.00196	0.00540	0.00638	0.00785	0.01080
29	0.00773	0.00552	0.00736	0.00883	0.00920	0.00515	0.00589	0.00883	0.01215	0.01619	0.03497	0.77291	0.04196	0.01987	0.00810	0.00258	0.00368	0.01803	0.00589	0.00515
30	0.01388	0.01388	0.01943	0.01666	0.01666	0.01943	0.01388	0.01527	0.00972	0.01527	0.00833	0.01388	0.00833	0.01110	0.02082	0.00278	0.76544	0.00555	0.00278	0.00694
31	0.01035	0.00787	0.01026	0.00952	0.01105	0.00814	0.00747	0.04854	0.01744	0.02459	0.56124	0.04465	0.05011	0.01293	0.00886	0.00215	0.07879	0.07331	0.00643	0.00631
32	0.01963	0.01568	0.01577	0.01321	0.01683	0.08805	0.01040	0.45617	0.02386	0.03111	0.02005	0.22036	0.01898	0.01083	0.00676	0.00206	0.00653	0.00889	0.00592	0.00892
33	0.05070	0.01765	0.01617	0.01364	0.01764	0.15661	0.01079	0.26329	0.25471	0.06480	0.05481	0.01907	0.01573	0.00796	0.00623	0.00194	0.00683	0.00613	0.00581	0.00949
34	0.01592	0.01562	0.03012	0.02222	0.02745	0.03310	0.49287	0.02124	0.06099	0.08655	0.04011	0.04862	0.01371	0.00700	0.00809	0.00216	0.05397	0.00772	0.00406	0.00851
35	0.08776	0.01135	0.01284	0.00935	0.01481	0.00901	0.00750	0.01659	0.01306	0.03930	0.01139	0.01310	0.00932	0.00489	0.00467	0.00106	0.00473	0.00379	0.00388	0.72159
36	0.00866	0.00647	0.00803	0.00764	0.00928	0.00585	0.00573	0.01135	0.01720	0.02363	0.58846	0.05036	0.20665	0.01364	0.00749	0.00203	0.00304	0.01189	0.00675	0.00585
37	0.01541	0.01343	0.01467	0.01321	0.01640	0.01582	0.01040	0.03131	0.63583	0.02524	0.02448	0.02442	0.01894	0.00914	0.00785	0.00224	0.07485	0.03065	0.00610	0.00961
38	0.82186	0.01227	0.00932	0.00834	0.01227	0.01423	0.00687	0.01865	0.01080	0.02846	0.00883	0.01031	0.00687	0.00589	0.00393	0.00196	0.00491	0.00344	0.00393	0.00687
39	0.01497	0.01711	0.03743	0.02674	0.03316	0.01604	0.71444	0.02032	0.01497	0.02032	0.01283	0.01711	0.00963	0.00535	0.00749	0.00214	0.01070	0.00749	0.00321	0.00856
40	0.01586	0.01433	0.03909	0.01275	0.01637	0.04174	0.01027	0.09268	0.52050	0.02613	0.02566	0.05290	0.04673	0.00926	0.00651	0.00212	0.00543	0.02491	0.02735	0.00941
41	0.46593	0.01269	0.01220	0.01007	0.01436	0.01373	0.00829	0.14496	0.01602	0.19606	0.01576	0.01566	0.03626	0.00702	0.00506	0.00196	0.00533	0.00489	0.00534	0.00842
42	0.02056	0.01532	0.01659	0.01326	0.01776	0.01665	0.01073	0.44650	0.17620	0.06048	0.02016	0.04766	0.04040	0.00842	0.00637	0.00193	0.00609	0.00667	0.00623	0.06202
43	0.01516	0.01452	0.02477	0.14423	0.63642	0.01493	0.01920	0.01899	0.01419	0.02007	0.01184	0.01588	0.00982	0.00575	0.00629	0.00192	0.00767	0.00565	0.00309	0.00961
44	0.02006	0.01460	0.01849	0.01482	0.01934	0.03242	0.10681	0.14906	0.33758	0.18337	0.02166	0.02057	0.01549	0.00778	0.00654	0.00205	0.00637	0.00672	0.00622	0.01007
45	0.02299	0.04047	0.13268	0.01336	0.01884	0.01398	0.01237	0.22415	0.06910	0.33746	0.01983	0.03584	0.01371	0.00775	0.00629	0.00196	0.00646	0.00615	0.00629	0.01030
46	0.00797	0.00581	0.00741	0.00858	0.00925	0.00540	0.00592	0.00920	0.01245	0.01627	0.03791	0.57833	0.13530	0.06814	0.00963	0.00277	0.00393	0.06484	0.00575	0.00514
47	0.01599	0.10246	0.29301	0.01704	0.05001	0.11385	0.06157	0.08680	0.08117	0.02134	0.01489	0.01996	0.01234	0.00749	0.00623	0.00199	0.00842	0.07282	0.00382	0.00880
48	0.01528	0.04610	0.09457	0.06928	0.49564	0.01548	0.01801	0.02148	0.12100	0.02108	0.01381	0.01652	0.01109	0.00616	0.00620	0.00193	0.00736	0.00570	0.00356	0.00975
49	0.02341	0.06241	0.01863	0.01611	0.01947	0.72044	0.01220	0.02506	0.01776	0.01550	0.00976	0.01139	0.00817	0.00649	0.00565	0.00162	0.01124	0.00406	0.00324	0.00739
50	0.01759	0.01114	0.01361	0.00994	0.01537	0.00871	0.00804	0.02030	0.01460	0.22953	0.01526	0.01560	0.01122	0.00561	0.00519	0.00124	0.00490	0.00452	0.00494	0.58270
51	0.66747	0.01187	0.00986	0.00899	0.01272	0.01351	0.00741	0.01905	0.05857	0.02721	0.01231	0.01691	0.01050	0.00710	0.00456	0.00203	0.00499	0.06715	0.00426	0.03352
52	0.01263	0.00730	0.00958	0.00855	0.01072	0.00660	0.00657	0.01546	0.01785	0.16177	0.57012	0.04305	0.08037	0.01213	0.00727	0.00200	0.00346	0.01058	0.00710	0.00688
53	0.00921	0.00622	0.00729	0.00729	0.00741	0.00635	0.00430	0.00946	0.00933	0.01257	0.01965	0.03965	0.02225	0.69515	0.11308	0.00660	0.00737	0.00895	0.00379	0.00405
54	0.00830	0.00622	0.00779	0.00878	0.00975	0.00585	0.00627	0.01042	0.04138	0.01750	0.07558	0.51457	0.16515	0.01818	0.00795	0.00248	0.00381	0.07855	0.00596	0.00549
55	0.02289	0.11968	0.01980	0.01569	0.01922	0.66501	0.01209	0.02458	0.01737	0.01545	0.00969	0.01129	0.00817	0.00641	0.00552	0.00160	0.01089	0.00400	0.00320	0.00745
56	0.01315	0.01128	0.01315	0.00940	0.01503	0.00846	0.00752	0.01597	0.01315	0.02067	0.01128	0.01315	0.00940	0.00470	0.00470	0.00094	0.00470	0.00376	0.00376	0.81583
57	0.01438	0.25146	0.41932	0.01837	0.10833	0.01803	0.01886	0.01950	0.01322	0.01845	0.01057	0.01274	0.00832	0.00601	0.00606	0.00183	0.03836	0.00445	0.00275	0.00899
58	0.01497	0.01711	0.03743	0.02674	0.03316	0.01604	0.71444	0.02032	0.01497	0.02032	0.01283	0.01711	0.00963	0.00535	0.00749	0.00214	0.01070	0.00749	0.00321	0.00856
59	0.01315	0.01128	0.01315	0.00940	0.01503	0.00846	0.00752	0.01597	0.01315	0.02067	0.01128	0.01315	0.00940	0.00470	0.00470	0.00094	0.00470	0.00376	0.00376	0.81583
60	0.00773	0.00552	0.00736	0.00883	0.00920	0.00515	0.00589	0.00883	0.01215	0.01619	0.03497	0.77291	0.04196	0.01987	0.00810	0.00258	0.00368	0.01803	0.00589	0.00515
61	0.00907	0.00666	0.00865	0.00888	0.01040	0.00624	0.00705	0.01176	0.01621	0.02196	0.40360	0.09348	0.14468	0.01507	0.00789	0.00231	0.00388	0.20995	0.00645	0.00581
62	0.01658	0.01530	0.02892	0.02156	0.02606	0.01596	0.41531	0.02104	0.04229	0.11818	0.01390	0.01718	0.01052	0.00725	0.01062	0.00227	0.19783	0.00684	0.00387	0.00852
63	0.05214	0.01175	0.01455	0.01139	0.01600	0.03929	0.00932	0.06797	0.01856	0.60826	0.06530	0.02200	0.01746	0.00803	0.00634	0.00195	0.00557	0.00646	0.00741	0.01025
64	0.01028	0.00674	0.00872	0.00818	0.00990	0.00622	0.00625	0.01319	0.01747	0.06718	0.60357	0.04613	0.07615	0.01268	0.00732	0.00201	0.00326	0.04024	0.04827	0.00624
65	0.01846	0.01614	0.01546	0.01325	0.01688	0.14135	0.02787	0.21744	0.22393	0.05867	0.02418	0.09656	0.08255	0.00966	0.00658	0.00203	0.00654	0.00785	0.00575	0.00887
66	0.00783	0.00644	0.00689	0.00678	0.00877	0.00550	0.00508	0.00975	0.01525	0.01902	0.21578	0.05796	0.58222	0.01537	0.00749	0.00211	0.00316	0.01296	0.00614	0.00550
67	0.02142	0.01471	0.01677	0.01350	0.01799	0.01591	0.02915	0.31508	0.26606	0.16788	0.02191	0.02055	0.03295	0.00816	0.00645	0.00201	0.00601	0.00658	0.00658	0.01034
68	0.01516	0.38895	0.30496	0.01748	0.11939	0.01975	0.01686	0.01948	0.01330	0.01770	0.01023	0.01217	0.00836	0.00569	0.00512	0.00168	0.00788	0.00420	0.00276	0.00888
69	0.01505	0.44271	0.35462	0.01412	0.02133	0.02041	0.01654	0.01949	0.01312	0.01726	0.00998	0.01163	0.00809	0.00570	0.00496	0.00165	0.00796	0.00398	0.00270	0.00870
70	0.01696	0.78087	0.03324	0.01085	0.01628	0.02510	0.01085	0.01900	0.01289	0.01493	0.00882	0.01018	0.00814	0.00543	0.00407	0.00136	0.00678	0.00339	0.00271	0.00814
71	0.00773	0.00638	0.00678	0.00679	0.00874	0.00544	0.00505	0.00951	0.01484	0.01830	0.16041	0.09860	0.59788	0.01583	0.00753	0.00214	0.00321	0.01337	0.00605	0.00544
72	0.01396	0.01330	0.02261	0.37684	0.41317	0.01462	0.01860	0.01795	0.01362	0.01861	0.01163	0.01627	0.00930	0.00597	0.00631	0.00199	0.00797	0.00565	0.00299	0.00865
73	0.01265	0.01196	0.02024	0.63192	0.16835	0.01427	0.01795	0.01679	0.01300	0.01702	0.01139	0.01670	0.00874	0.00622	0.00633	0.00207	0.00829	0.00564	0.00288	0.00759
74	0.01497	0.01711	0.03743	0.02674	0.03316	0.01604	0.71444	0.02032	0.01497	0.02032	0.01283	0.01711	0.00963	0.00535	0.00749	0.00214	0.01070	0.00749	0.00321	0.00856
75	0.01272	0.03281	0.74418	0.01808	0.02746	0.01473	0.02344	0.02009	0.01339	0.02009	0.01138	0.01339	0.00804	0.00603	0.00603	0.00201	0.00938	0.00469	0.00268	0.00938
76	0.01473	0.38734	0.40725	0.01466	0.02216	0.01965	0.01747	0.01957	0.01315	0.01764	0.01017	0.01187	0.00809	0.00574	0.00510	0.00170	0.00815	0.00407	0.00270	0.00879
77	0.01211	0.01129	0.01897	0.71799	0.06824	0.01394	0.01738	0.01630	0.01276	0.01654	0.01152	0.01702	0.00869	0.00634	0.00630	0.00209	0.00830	0.00564	0.02142	0.00713
78	0.00898	0.00648	0.00848	0.00798	0.00948	0.00599	0.00599	0.01197	0.01796	0.02544	0.73413	0.04739	0.05986	0.01297	0.00748	0.00200	0.00299	0.01147	0.00698	0.00599
79	0.06947	0.01656	0.04025	0.03731	0.04718	0.17856	0.11021	0.04386	0.01632	0.23135	0.02069	0.04036	0.07467	0.03604	0.00731	0.00210	0.00762	0.00672	0.00502	0.00841
80	0.05349	0.00817	0.01066	0.11210	0.01534	0.00836	0.00814	0.04458	0.01459	0.10097	0.15162	0.21855	0.10846	0.05388	0.05964	0.00294	0.00561	0.01086	0.00553	0.00652
81	0.02739	0.01057	0.01430	0.01104	0.01580	0.00912	0.00909	0.02980	0.01797	0.70469	0.02704	0.02362	0.05260	0.00827	0.00644	0.00197	0.00529	0.00674	0.00775	0.01052
82	0.01198	0.01128	0.01903	0.76180	0.04369	0.01409	0.01762	0.01621	0.01268	0.01621	0.01128	0.01691	0.00846	0.00634	0.00634	0.00211	0.00846	0.00564	0.00282	0.00705
83	0.01345	0.01294	0.02279	0.25299	0.34442	0.01361	0.10406	0.01721	0.01368	0.01872	0.01483	0.11431	0.01365	0.00767	0.00669	0.00208	0.00771	0.00748	0.00341	0.00832
84	0.01443	0.01377	0.02345	0.28658	0.49980	0.01474	0.01884	0.01835	0.01384	0.01918	0.01171	0.01612	0.00950	0.00589	0.00630	0.00196	0.00785	0.00565	0.00303	0.00902
85	0.00773	0.00552	0.00736	0.00883	0.00920	0.00515	0.00589	0.00883	0.01215	0.01619	0.03497	0.77291	0.04196	0.01987	0.00810	0.00258	0.00368	0.01803	0.00589	0.00515
86	0.01460	0.01767	0.08125	0.08266	0.03360	0.01581	0.61668	0.01999	0.01470	0.01999	0.01262	0.01686	0.00943	0.00547	0.00731	0.00213	0.01044	0.00717	0.00314	0.00849
87	0.01490	0.29428	0.43915	0.01562	0.02332	0.01822	0.04527	0.02013	0.01346	0.04575	0.01106	0.01272	0.00843	0.00586	0.00541	0.00178	0.00836	0.00441	0.00291	0.00896
88	0.02779	0.01065	0.01451	0.01117	0.01596	0.00921	0.00921	0.03026	0.01815	0.71721	0.04943	0.02248	0.01722	0.00803	0.00642	0.00196	0.00532	0.00655	0.00782	0.01063
89	0.00787	0.00566	0.00748	0.00882	0.00934	0.00528	0.00602	0.00914	0.01257	0.01673	0.06589	0.69096	0.06637	0.01936	0.00808	0.00255	0.00372	0.04301	0.00593	0.00522
90	0.01633	0.01319	0.03710	0.30330	0.29853	0.01368	0.01651	0.04682	0.01487	0.12773	0.01408	0.01726	0.01051	0.00639	0.00625	0.00197	0.00741	0.00575	0.03344	0.00890
91	0.05218	0.06613	0.04246	0.03015	0.01631	0.05028	0.00995	0.08058	0.13867	0.24867	0.15544	0.02529	0.02304	0.00874	0.00635	0.00197	0.00563	0.02301	0.00621	0.00897

[dist]
# distance from previous block
# <min> <max>
0	12

# created by:
# /home/cegg/simao/soft/augustus-3.2.1/scripts/msa2prfl.pl ./align_prep/EOG090W0BFY.fa
