[name]
unknown

[dist]
# distance from previous block
# <min> <max>
1	457

[block]
# block no. 0 follows, 35 sequences, length 25
# corresponding to MSA columns:
# 559-583
name=unknown_A
#
# <colnr> <probs for GDERKNQSTAVLIFYWHMCP>
#	G	D	E	R	K	N	Q	S	T	A	V	L	I	F	Y	W	H	M	C	P
0	0.07676	0.07298	0.05280	0.01362	0.01739	0.03599	0.07729	0.16028	0.03936	0.02350	0.04825	0.11067	0.01621	0.01098	0.04643	0.00242	0.09480	0.00712	0.00447	0.08870
1	0.22669	0.12353	0.04117	0.04890	0.01779	0.05712	0.01045	0.22525	0.04234	0.02715	0.01364	0.01465	0.03307	0.00671	0.00523	0.00176	0.00639	0.00478	0.00447	0.08891
2	0.10328	0.23533	0.05915	0.01027	0.01410	0.01419	0.00921	0.06961	0.01570	0.08503	0.20155	0.09591	0.04388	0.00949	0.00589	0.00186	0.00526	0.00765	0.00505	0.00759
3	0.01581	0.03854	0.02232	0.01700	0.02075	0.05672	0.24841	0.01966	0.04938	0.12348	0.01955	0.05537	0.06490	0.01341	0.10185	0.00317	0.10992	0.00753	0.00431	0.00791
4	0.02412	0.01777	0.01904	0.01460	0.01967	0.01967	0.01206	0.71633	0.02983	0.03998	0.01523	0.01523	0.01079	0.00762	0.00635	0.00190	0.00698	0.00571	0.00635	0.01079
5	0.01735	0.01488	0.01443	0.01152	0.01597	0.15133	0.00909	0.02103	0.07094	0.12218	0.05198	0.01668	0.01345	0.00653	0.00615	0.00145	0.04080	0.00495	0.00458	0.40471
6	0.09490	0.01861	0.05439	0.01675	0.02160	0.17774	0.18332	0.08782	0.03562	0.19906	0.01513	0.01605	0.01079	0.00679	0.00674	0.00196	0.03332	0.00573	0.00476	0.00891
7	0.02358	0.02198	0.01723	0.01445	0.01862	0.36818	0.01130	0.19708	0.04418	0.14396	0.01434	0.01461	0.01054	0.00696	0.00594	0.00172	0.00863	0.00495	0.00494	0.06681
8	0.02205	0.01674	0.01788	0.01418	0.01889	0.01871	0.01156	0.54720	0.20232	0.03665	0.01785	0.01732	0.01291	0.00786	0.00637	0.00197	0.00650	0.00607	0.00637	0.01060
9	0.00795	0.00644	0.00706	0.00690	0.00885	0.00555	0.00518	0.00999	0.01553	0.01969	0.27011	0.05685	0.52747	0.01511	0.00749	0.00210	0.00315	0.01280	0.00623	0.00555
10	0.01641	0.01349	0.01436	0.01283	0.01648	0.01546	0.01001	0.03357	0.69088	0.06204	0.02578	0.02357	0.01918	0.00857	0.00645	0.00214	0.00504	0.00713	0.00652	0.01008
11	0.02412	0.01777	0.01904	0.01460	0.01967	0.01967	0.01206	0.71633	0.02983	0.03998	0.01523	0.01523	0.01079	0.00762	0.00635	0.00190	0.00698	0.00571	0.00635	0.01079
12	0.00863	0.00640	0.00805	0.00779	0.00930	0.00581	0.00578	0.01124	0.01691	0.02331	0.56620	0.10697	0.17205	0.01404	0.00753	0.00207	0.00308	0.01231	0.00671	0.00581
13	0.02373	0.02934	0.01805	0.01622	0.01962	0.69914	0.01224	0.07485	0.01883	0.01728	0.01019	0.01171	0.00836	0.00661	0.00576	0.00165	0.01112	0.00420	0.00349	0.00760
14	0.02412	0.01777	0.01904	0.01460	0.01967	0.01967	0.01206	0.71633	0.02983	0.03998	0.01523	0.01523	0.01079	0.00762	0.00635	0.00190	0.00698	0.00571	0.00635	0.01079
15	0.00771	0.00598	0.00702	0.00773	0.00894	0.00529	0.00543	0.00915	0.01353	0.01720	0.09234	0.41535	0.34615	0.01777	0.00780	0.00235	0.00343	0.01558	0.00596	0.00529
16	0.02627	0.01431	0.01690	0.01296	0.01795	0.01454	0.01070	0.37653	0.02404	0.38795	0.02009	0.01838	0.01323	0.00773	0.00636	0.00193	0.00620	0.00604	0.00709	0.01079
17	0.02412	0.01777	0.01904	0.01460	0.01967	0.01967	0.01206	0.71633	0.02983	0.03998	0.01523	0.01523	0.01079	0.00762	0.00635	0.00190	0.00698	0.00571	0.00635	0.01079
18	0.00773	0.00552	0.00736	0.00883	0.00920	0.00515	0.00589	0.00883	0.01215	0.01619	0.03497	0.77291	0.04196	0.01987	0.00810	0.00258	0.00368	0.01803	0.00589	0.00515
19	0.00773	0.00552	0.00736	0.00883	0.00920	0.00515	0.00589	0.00883	0.01215	0.01619	0.03497	0.77291	0.04196	0.01987	0.00810	0.00258	0.00368	0.01803	0.00589	0.00515
20	0.01472	0.01407	0.02397	0.23026	0.55385	0.01481	0.01898	0.01861	0.01398	0.01953	0.01176	0.01602	0.00963	0.00584	0.00630	0.00195	0.00778	0.00565	0.00306	0.00925
21	0.01272	0.03281	0.74418	0.01808	0.02746	0.01473	0.02344	0.02009	0.01339	0.02009	0.01138	0.01339	0.00804	0.00603	0.00603	0.00201	0.00938	0.00469	0.00268	0.00938
22	0.01551	0.01487	0.02540	0.07697	0.70097	0.01502	0.01937	0.01930	0.01435	0.02049	0.01190	0.01576	0.00996	0.00569	0.00628	0.00190	0.00758	0.00565	0.00312	0.00989
23	0.00868	0.00623	0.00823	0.00948	0.01030	0.00597	0.00712	0.01034	0.01289	0.01688	0.03522	0.42896	0.08448	0.08074	0.01026	0.00296	0.00458	0.24567	0.00571	0.00529
24	0.01538	0.01546	0.03029	0.02230	0.02765	0.03415	0.51435	0.05139	0.01592	0.05998	0.06263	0.06501	0.01603	0.00737	0.00740	0.00215	0.00919	0.03097	0.00409	0.00829

[dist]
# distance from previous block
# <min> <max>
1	3

[block]
# block no. 1 follows, 35 sequences, length 6
# corresponding to MSA columns:
# 587-592
name=unknown_B
#
# <colnr> <probs for GDERKNQSTAVLIFYWHMCP>
#	G	D	E	R	K	N	Q	S	T	A	V	L	I	F	Y	W	H	M	C	P
0	0.00851	0.00612	0.00703	0.00727	0.00798	0.00576	0.00466	0.00938	0.01181	0.01539	0.09908	0.18824	0.19468	0.38390	0.01958	0.00415	0.00470	0.01210	0.00500	0.00464
1	0.01315	0.01128	0.01315	0.00940	0.01503	0.00846	0.00752	0.01597	0.01315	0.02067	0.01128	0.01315	0.00940	0.00470	0.00470	0.00094	0.00470	0.00376	0.00376	0.81583
2	0.09155	0.01512	0.02511	0.08954	0.06421	0.01529	0.29075	0.16286	0.01789	0.14238	0.01476	0.01675	0.01052	0.00637	0.00658	0.00203	0.00818	0.00631	0.00463	0.00916
3	0.06049	0.01067	0.01452	0.01474	0.10116	0.01054	0.03673	0.07912	0.05531	0.19391	0.08000	0.10086	0.06225	0.01117	0.00703	0.00222	0.00557	0.13950	0.00596	0.00826
4	0.00956	0.00641	0.00781	0.00832	0.00980	0.00571	0.00604	0.01107	0.01366	0.07862	0.04486	0.40438	0.29539	0.01730	0.00777	0.00238	0.00378	0.05532	0.00605	0.00575
5	0.01310	0.01242	0.02105	0.54447	0.25228	0.01439	0.01817	0.01719	0.01321	0.01757	0.01147	0.01655	0.00894	0.00614	0.00632	0.00205	0.00818	0.00564	0.00292	0.00795

[dist]
# distance from previous block
# <min> <max>
0	4

[block]
# block no. 2 follows, 35 sequences, length 62
# corresponding to MSA columns:
# 597-658
name=unknown_C
#
# <colnr> <probs for GDERKNQSTAVLIFYWHMCP>
#	G	D	E	R	K	N	Q	S	T	A	V	L	I	F	Y	W	H	M	C	P
0	0.01390	0.01334	0.02283	0.37540	0.37379	0.01475	0.04047	0.01787	0.01352	0.01847	0.01157	0.01627	0.00925	0.00610	0.00670	0.00202	0.02655	0.00570	0.00298	0.00852
1	0.01498	0.01960	0.21582	0.09459	0.32584	0.01484	0.15091	0.01998	0.01427	0.05025	0.01245	0.01572	0.00953	0.00585	0.00645	0.00199	0.00861	0.00577	0.00320	0.00935
2	0.01642	0.01592	0.01491	0.01252	0.03119	0.15415	0.00956	0.05226	0.21032	0.02211	0.01516	0.01585	0.01197	0.00627	0.00548	0.00147	0.00624	0.00488	0.00450	0.38884
3	0.01843	0.01388	0.02164	0.06045	0.37552	0.01399	0.04567	0.05429	0.07210	0.17514	0.01582	0.01751	0.01184	0.00662	0.00683	0.00194	0.03394	0.00593	0.00455	0.04392
4	0.01619	0.57452	0.20311	0.01278	0.01908	0.04878	0.01392	0.01949	0.01319	0.01619	0.00947	0.01099	0.00812	0.00561	0.00460	0.00152	0.00757	0.00373	0.00273	0.00841
5	0.00906	0.00680	0.01020	0.01020	0.01133	0.00793	0.00793	0.01133	0.01020	0.01473	0.01699	0.02492	0.01586	0.04758	0.75191	0.01020	0.01699	0.00680	0.00340	0.00566
6	0.01491	0.01426	0.02432	0.19281	0.58980	0.01486	0.01908	0.01878	0.01407	0.01976	0.01179	0.01596	0.00971	0.00580	0.00629	0.00193	0.00773	0.00565	0.00307	0.00941
7	0.00828	0.00643	0.00761	0.00840	0.00957	0.00604	0.00588	0.01085	0.06843	0.01729	0.04339	0.49267	0.25622	0.01781	0.00778	0.00241	0.00364	0.01574	0.00593	0.00560
8	0.01342	0.01275	0.02163	0.48142	0.31280	0.01447	0.01834	0.01747	0.01337	0.01796	0.01153	0.01644	0.00907	0.00607	0.00632	0.00202	0.00810	0.00564	0.00294	0.00821
9	0.06642	0.00914	0.01100	0.00926	0.01272	0.00828	0.00738	0.04910	0.01671	0.33808	0.09948	0.06918	0.25433	0.01139	0.00677	0.00205	0.00443	0.00943	0.00675	0.00811
10	0.00923	0.00615	0.00692	0.00692	0.00692	0.00615	0.00384	0.00923	0.00923	0.01230	0.01999	0.04151	0.02306	0.77705	0.03229	0.00615	0.00615	0.00923	0.00384	0.00384
11	0.00927	0.00679	0.00873	0.00820	0.00978	0.00641	0.00616	0.01292	0.04872	0.02549	0.70335	0.04636	0.05810	0.01278	0.00744	0.00200	0.00308	0.01129	0.00696	0.00616
12	0.37239	0.01081	0.01064	0.00919	0.01290	0.01137	0.00741	0.02157	0.08770	0.20240	0.05373	0.02315	0.10748	0.00834	0.00543	0.00199	0.00467	0.00628	0.03466	0.00790
13	0.00845	0.00639	0.00762	0.00818	0.00950	0.00587	0.00612	0.01012	0.01363	0.01737	0.09973	0.20384	0.30560	0.11463	0.01106	0.00289	0.00421	0.15382	0.00570	0.00527
14	0.00836	0.00597	0.00809	0.00956	0.01020	0.00570	0.00699	0.00993	0.01277	0.01690	0.03461	0.59438	0.04057	0.01928	0.00827	0.00266	0.00423	0.19031	0.00588	0.00533
15	0.00916	0.00612	0.00694	0.00700	0.00701	0.00611	0.00393	0.00921	0.00935	0.01246	0.02062	0.07211	0.02385	0.74537	0.03128	0.00600	0.00605	0.00959	0.00393	0.00390
16	0.00810	0.00578	0.00715	0.00808	0.00854	0.00544	0.00524	0.00896	0.01163	0.01528	0.03416	0.50581	0.11070	0.21762	0.01436	0.00347	0.00428	0.01524	0.00535	0.00483
17	0.01601	0.00916	0.01045	0.00919	0.01218	0.00895	0.00732	0.07971	0.09688	0.19074	0.03370	0.03489	0.20035	0.01048	0.00633	0.00196	0.00435	0.05000	0.20955	0.00779
18	0.00819	0.00670	0.00725	0.00707	0.00910	0.00590	0.00532	0.01075	0.04125	0.01966	0.23918	0.05610	0.53122	0.01498	0.00746	0.00210	0.00322	0.01266	0.00620	0.00569
19	0.00959	0.00667	0.00838	0.00784	0.00961	0.00602	0.00592	0.01229	0.01731	0.05643	0.57633	0.04878	0.18441	0.01332	0.00744	0.00202	0.00314	0.01160	0.00682	0.00609
20	0.00971	0.00629	0.00726	0.00724	0.00759	0.00614	0.00432	0.01005	0.01030	0.03904	0.04867	0.09927	0.05563	0.63110	0.02754	0.00540	0.00569	0.01007	0.00434	0.00433
21	0.00792	0.00560	0.00731	0.00859	0.00892	0.00528	0.00563	0.00888	0.01178	0.01571	0.03310	0.68166	0.03960	0.11434	0.01112	0.00302	0.00399	0.01694	0.00563	0.00499
22	0.00854	0.00647	0.00788	0.00752	0.00921	0.00580	0.00564	0.01113	0.01693	0.02300	0.53712	0.05141	0.25840	0.01388	0.00749	0.00204	0.00306	0.01204	0.00666	0.00580
23	0.61257	0.01247	0.01073	0.00927	0.01312	0.01413	0.00753	0.10657	0.02839	0.05533	0.04158	0.01429	0.01076	0.03403	0.00553	0.00211	0.00515	0.00445	0.00455	0.00743
24	0.00949	0.00662	0.00816	0.00815	0.00869	0.00703	0.00538	0.01105	0.03999	0.01414	0.01992	0.06117	0.02125	0.48005	0.23692	0.00686	0.00903	0.00863	0.03272	0.00475
25	0.02828	0.01108	0.01490	0.01142	0.01634	0.00975	0.00944	0.05905	0.01864	0.71307	0.02463	0.02133	0.01550	0.00784	0.00638	0.00196	0.00546	0.00635	0.00779	0.01080
26	0.01047	0.00887	0.01290	0.01209	0.01289	0.01129	0.00967	0.01248	0.01006	0.01488	0.01446	0.02169	0.01366	0.03691	0.53805	0.00802	0.23594	0.00643	0.00322	0.00604
27	0.00849	0.00643	0.00760	0.00737	0.00886	0.00587	0.00534	0.01053	0.01512	0.02014	0.36287	0.05042	0.29134	0.12720	0.04226	0.00300	0.00412	0.01163	0.00599	0.00544
28	0.06214	0.00728	0.00921	0.00950	0.01079	0.00754	0.00706	0.01318	0.04117	0.06482	0.02550	0.24961	0.02723	0.15764	0.17420	0.00482	0.00758	0.10991	0.00500	0.00582
29	0.00906	0.00680	0.01020	0.01020	0.01133	0.00793	0.00793	0.01133	0.01020	0.01473	0.01699	0.02492	0.01586	0.04758	0.75191	0.01020	0.01699	0.00680	0.00340	0.00566
30	0.01663	0.01802	0.01943	0.01664	0.01840	0.19662	0.05759	0.02093	0.12439	0.01742	0.01172	0.01503	0.01010	0.00923	0.01405	0.00236	0.41475	0.00557	0.00350	0.00763
31	0.01447	0.01602	0.03320	0.12297	0.03290	0.01612	0.55224	0.01927	0.01415	0.01927	0.01218	0.01676	0.00934	0.00605	0.00867	0.00220	0.08583	0.00705	0.00311	0.00819
32	0.01459	0.01599	0.05761	0.02661	0.22404	0.01628	0.28845	0.01846	0.01325	0.01893	0.01153	0.01603	0.00958	0.00847	0.03778	0.00252	0.20198	0.00634	0.00306	0.00849
33	0.01114	0.00692	0.00894	0.00832	0.01020	0.00626	0.00627	0.01374	0.01707	0.11309	0.51008	0.11540	0.12144	0.01331	0.00741	0.00206	0.00338	0.01166	0.00688	0.00644
34	0.00863	0.00653	0.00845	0.00950	0.01010	0.00662	0.00657	0.01104	0.06707	0.01695	0.03305	0.68066	0.03869	0.01861	0.00855	0.00255	0.03839	0.01663	0.00579	0.00561
35	0.01767	0.01542	0.02626	0.04605	0.02584	0.01561	0.35003	0.10997	0.19494	0.10347	0.01766	0.01901	0.01283	0.00675	0.00693	0.00209	0.00816	0.00700	0.00490	0.00939
36	0.01327	0.01247	0.02069	0.41418	0.28155	0.01429	0.01730	0.01748	0.03274	0.01794	0.01216	0.01708	0.00978	0.00896	0.05428	0.00257	0.03634	0.00576	0.00307	0.00808
37	0.02509	0.01282	0.03189	0.01233	0.01706	0.01205	0.01040	0.19297	0.05272	0.46985	0.02308	0.02384	0.01613	0.00853	0.00655	0.00203	0.00588	0.05929	0.00716	0.01035
38	0.00906	0.00680	0.01020	0.01020	0.01133	0.00793	0.00793	0.01133	0.01020	0.01473	0.01699	0.02492	0.01586	0.04758	0.75191	0.01020	0.01699	0.00680	0.00340	0.00566
39	0.00921	0.00619	0.00714	0.00714	0.00722	0.00627	0.00412	0.00937	0.00929	0.01247	0.01978	0.04038	0.02257	0.72721	0.08146	0.00643	0.00689	0.00906	0.00381	0.00397
40	0.01416	0.24121	0.40233	0.06938	0.02615	0.01779	0.10699	0.01954	0.01340	0.01838	0.01083	0.01320	0.00830	0.00579	0.00568	0.00185	0.00874	0.00474	0.00277	0.00876
41	0.01632	0.01580	0.02227	0.17824	0.39058	0.08269	0.01707	0.08392	0.03459	0.02086	0.01201	0.01559	0.00974	0.00655	0.00737	0.00199	0.06639	0.00555	0.00344	0.00903
42	0.00810	0.00638	0.00685	0.00678	0.00836	0.00562	0.00480	0.00958	0.01390	0.01741	0.16026	0.05474	0.47715	0.17756	0.01277	0.00297	0.00380	0.01220	0.00563	0.00513
43	0.01431	0.01388	0.02440	0.32370	0.35917	0.01490	0.10528	0.03301	0.01414	0.01929	0.01185	0.01635	0.00938	0.00593	0.00646	0.00201	0.00828	0.00588	0.00309	0.00869
44	0.00911	0.00610	0.00695	0.00707	0.00710	0.00607	0.00400	0.00919	0.00945	0.01260	0.02116	0.09860	0.02454	0.71796	0.03040	0.00587	0.00596	0.00991	0.00400	0.00395
45	0.02340	0.02817	0.01816	0.01614	0.01952	0.63817	0.01229	0.10776	0.01911	0.01845	0.01040	0.01198	0.00849	0.00683	0.00633	0.00171	0.03741	0.00433	0.00362	0.00775
46	0.01759	0.01840	0.11394	0.02931	0.42824	0.03449	0.04249	0.19250	0.01823	0.02528	0.01266	0.01524	0.00992	0.00620	0.00629	0.00191	0.00784	0.00557	0.00388	0.01003
47	0.04440	0.05252	0.13680	0.04774	0.10312	0.21638	0.03650	0.02064	0.01515	0.07084	0.04414	0.01685	0.03717	0.00681	0.00618	0.00176	0.02492	0.00529	0.00377	0.10901
48	0.01512	0.25076	0.25974	0.02199	0.24218	0.01802	0.01753	0.02049	0.06185	0.01917	0.01176	0.01383	0.00946	0.00591	0.00555	0.00178	0.00774	0.00476	0.00309	0.00926
49	0.01211	0.01141	0.01927	0.73577	0.06868	0.01413	0.01768	0.01633	0.01275	0.01637	0.01130	0.01687	0.00851	0.00632	0.00634	0.00211	0.00842	0.00564	0.00283	0.00716
50	0.01006	0.00856	0.03031	0.00954	0.01125	0.03309	0.02293	0.01267	0.04346	0.04243	0.17977	0.30996	0.17231	0.04296	0.00876	0.00242	0.02198	0.02569	0.00581	0.00603
51	0.00881	0.00648	0.00808	0.00865	0.00988	0.00609	0.00657	0.01071	0.01399	0.01831	0.16658	0.18229	0.19689	0.12491	0.01148	0.00298	0.00440	0.20175	0.00578	0.00535
52	0.01390	0.01317	0.01982	0.41502	0.16388	0.04117	0.01641	0.04565	0.01341	0.01810	0.01134	0.01615	0.00910	0.00713	0.00874	0.00214	0.13885	0.00558	0.03272	0.00771
53	0.00818	0.00634	0.00738	0.00735	0.00896	0.00561	0.00539	0.01024	0.01547	0.02026	0.33179	0.13668	0.36080	0.03693	0.00827	0.00225	0.00326	0.01303	0.00628	0.00555
54	0.01013	0.00754	0.01008	0.00998	0.01101	0.00838	0.00738	0.06493	0.01200	0.01667	0.02124	0.20474	0.02249	0.14896	0.37503	0.00680	0.04295	0.00972	0.00426	0.00571
55	0.04786	0.16207	0.02075	0.01463	0.01879	0.39968	0.01178	0.21012	0.02002	0.02241	0.01106	0.01220	0.00883	0.00661	0.00553	0.00167	0.00919	0.00438	0.00402	0.00841
56	0.04834	0.02011	0.06847	0.01726	0.07893	0.22173	0.03255	0.14641	0.04293	0.09404	0.01408	0.01562	0.02504	0.00775	0.00859	0.00201	0.13774	0.00540	0.00433	0.00867
57	0.01553	0.21545	0.27492	0.01667	0.06958	0.09743	0.03221	0.03466	0.07145	0.01889	0.01304	0.04249	0.01103	0.00708	0.00636	0.00188	0.04073	0.01862	0.00336	0.00862
58	0.56377	0.17154	0.05430	0.00967	0.01411	0.04309	0.00876	0.01887	0.01181	0.02469	0.02701	0.01141	0.00856	0.00600	0.00422	0.00183	0.00572	0.00372	0.00366	0.00726
59	0.04365	0.01234	0.01526	0.05027	0.13724	0.06212	0.02697	0.07418	0.10108	0.08931	0.22558	0.04616	0.05227	0.01022	0.02352	0.00217	0.00595	0.00804	0.00552	0.00815
60	0.01369	0.08220	0.59180	0.01689	0.02507	0.06096	0.02066	0.02064	0.04478	0.01993	0.03801	0.01473	0.01043	0.00638	0.00595	0.00195	0.00890	0.00492	0.00304	0.00907
61	0.00842	0.00669	0.00760	0.00746	0.00929	0.00602	0.00556	0.01120	0.04539	0.02062	0.31491	0.10495	0.39935	0.01485	0.00749	0.00212	0.00324	0.01273	0.00633	0.00578

[dist]
# distance from previous block
# <min> <max>
0	1

[block]
# block no. 3 follows, 35 sequences, length 11
# corresponding to MSA columns:
# 660-670
name=unknown_D
#
# <colnr> <probs for GDERKNQSTAVLIFYWHMCP>
#	G	D	E	R	K	N	Q	S	T	A	V	L	I	F	Y	W	H	M	C	P
0	0.00958	0.00647	0.00794	0.00828	0.00981	0.00579	0.00608	0.01131	0.01431	0.07409	0.13547	0.33555	0.27594	0.01661	0.00772	0.00233	0.00370	0.05703	0.00618	0.00581
1	0.01905	0.01348	0.01835	0.09179	0.12012	0.01445	0.04404	0.20734	0.09221	0.16161	0.01811	0.05967	0.01412	0.01045	0.05122	0.00253	0.03997	0.00679	0.00535	0.00936
2	0.46452	0.01161	0.01176	0.00967	0.01404	0.01202	0.00798	0.02417	0.01411	0.34978	0.01613	0.01539	0.01085	0.00677	0.00503	0.00196	0.00513	0.00476	0.00569	0.00864
3	0.01509	0.01470	0.01851	0.18195	0.10609	0.12324	0.05869	0.07426	0.03948	0.01904	0.03343	0.04061	0.01326	0.01242	0.07885	0.03949	0.09222	0.02747	0.00370	0.00749
4	0.00783	0.00556	0.00733	0.00870	0.00904	0.00522	0.00575	0.00886	0.01194	0.01592	0.03392	0.72169	0.04063	0.07290	0.00979	0.00283	0.00385	0.01742	0.00575	0.00506
5	0.68644	0.01202	0.01025	0.00885	0.01294	0.01339	0.00729	0.02074	0.01205	0.15023	0.01160	0.01223	0.00838	0.00622	0.00434	0.00196	0.00499	0.00394	0.00460	0.00754
6	0.01158	0.01200	0.08855	0.03831	0.08624	0.01035	0.03075	0.01821	0.16785	0.02313	0.30746	0.06774	0.09035	0.01072	0.00699	0.00207	0.00499	0.00942	0.00566	0.00763
7	0.20495	0.18676	0.03869	0.01242	0.01652	0.07354	0.03517	0.09880	0.15007	0.02334	0.01353	0.01539	0.01101	0.04156	0.00730	0.00208	0.05144	0.00500	0.00422	0.00822
8	0.00770	0.00600	0.00700	0.00766	0.00892	0.00530	0.00540	0.00915	0.01358	0.01721	0.09218	0.39729	0.36466	0.01768	0.00778	0.00234	0.00342	0.01547	0.00596	0.00530
9	0.17268	0.06259	0.04533	0.03750	0.06574	0.09607	0.05477	0.05096	0.03602	0.03948	0.01136	0.01345	0.00911	0.00622	0.00646	0.00171	0.06736	0.00456	0.00375	0.21486
10	0.20906	0.10034	0.01527	0.01089	0.01476	0.03072	0.04040	0.10492	0.03360	0.06660	0.02043	0.02390	0.09937	0.02858	0.06757	0.00265	0.00668	0.04385	0.00463	0.07579

[dist]
# distance from previous block
# <min> <max>
0	10

[block]
# block no. 4 follows, 35 sequences, length 11
# corresponding to MSA columns:
# 681-691
name=unknown_E
#
# <colnr> <probs for GDERKNQSTAVLIFYWHMCP>
#	G	D	E	R	K	N	Q	S	T	A	V	L	I	F	Y	W	H	M	C	P
0	0.13422	0.01289	0.01937	0.09531	0.33913	0.01359	0.03776	0.01940	0.05229	0.06987	0.06543	0.05417	0.01529	0.00746	0.00673	0.00202	0.03580	0.00652	0.00411	0.00865
1	0.01695	0.00947	0.01195	0.00959	0.01335	0.00818	0.00763	0.04724	0.01721	0.26259	0.26801	0.03033	0.06659	0.00930	0.00643	0.00174	0.00436	0.00787	0.00645	0.19475
2	0.00928	0.00672	0.00881	0.00878	0.00925	0.00739	0.00604	0.01030	0.00982	0.01365	0.01925	0.08134	0.02078	0.40538	0.31376	0.00736	0.04487	0.00867	0.00375	0.00479
3	0.01522	0.01471	0.05417	0.10657	0.04923	0.05073	0.04430	0.08445	0.01443	0.04211	0.01169	0.01483	0.00952	0.00831	0.03476	0.00209	0.16296	0.00504	0.00367	0.27121
4	0.01183	0.00591	0.00591	0.00591	0.00739	0.00591	0.00443	0.01478	0.01330	0.02365	0.02069	0.02365	0.01626	0.00739	0.00443	0.00148	0.00296	0.00591	0.81227	0.00591
5	0.00827	0.00625	0.00884	0.10427	0.01357	0.00629	0.00738	0.00977	0.01221	0.01620	0.03196	0.67709	0.03771	0.01816	0.00787	0.00252	0.00429	0.01646	0.00550	0.00539
6	0.05597	0.10134	0.11816	0.03665	0.05266	0.01326	0.01153	0.09562	0.01514	0.05061	0.01190	0.01351	0.00934	0.00557	0.00515	0.00142	0.00613	0.00430	0.00389	0.38784
7	0.05498	0.08654	0.14690	0.06339	0.08782	0.03221	0.12363	0.01876	0.03630	0.06421	0.04002	0.02139	0.08306	0.03100	0.00845	0.00217	0.08069	0.00655	0.00383	0.00809
8	0.01486	0.31227	0.02424	0.04253	0.01770	0.05747	0.05258	0.01697	0.01262	0.01623	0.05787	0.01774	0.05829	0.00857	0.01049	0.00201	0.26128	0.00563	0.00327	0.00737
9	0.01429	0.01704	0.12006	0.23572	0.02968	0.08626	0.19886	0.01927	0.05116	0.04470	0.01718	0.07369	0.04822	0.00770	0.00673	0.00209	0.00856	0.00724	0.00370	0.00786
10	0.01341	0.10928	0.02098	0.28885	0.24755	0.01431	0.01514	0.01672	0.01319	0.01767	0.01380	0.05447	0.01262	0.04383	0.00737	0.00213	0.00727	0.04054	0.00331	0.05755

[dist]
# distance from previous block
# <min> <max>
0	1

[block]
# block no. 5 follows, 35 sequences, length 20
# corresponding to MSA columns:
# 693-712
name=unknown_F
#
# <colnr> <probs for GDERKNQSTAVLIFYWHMCP>
#	G	D	E	R	K	N	Q	S	T	A	V	L	I	F	Y	W	H	M	C	P
0	0.01777	0.37721	0.04478	0.04440	0.07995	0.08407	0.08185	0.09725	0.01569	0.03568	0.01095	0.01278	0.00900	0.00584	0.00522	0.00159	0.00762	0.00451	0.00344	0.06041
1	0.46296	0.22126	0.06730	0.01151	0.05575	0.01688	0.00987	0.01859	0.01202	0.02348	0.02710	0.01321	0.00948	0.00622	0.00445	0.00182	0.00585	0.02114	0.00359	0.00752
2	0.02185	0.01568	0.01787	0.01520	0.06152	0.01705	0.01175	0.53464	0.02573	0.08110	0.01761	0.01924	0.03120	0.01124	0.06673	0.00261	0.00759	0.02535	0.00599	0.01005
3	0.00952	0.01032	0.10530	0.01005	0.01278	0.00752	0.03825	0.01292	0.01633	0.02287	0.48313	0.07557	0.11742	0.01362	0.03419	0.00234	0.00471	0.01075	0.00597	0.00642
4	0.01183	0.00591	0.00591	0.00591	0.00739	0.00591	0.00443	0.01478	0.01330	0.02365	0.02069	0.02365	0.01626	0.00739	0.00443	0.00148	0.00296	0.00591	0.81227	0.00591
5	0.00895	0.00646	0.00897	0.03874	0.03969	0.00634	0.00717	0.01003	0.01199	0.01584	0.03110	0.42399	0.09534	0.04577	0.05390	0.10542	0.00525	0.07481	0.00505	0.00518
6	0.01284	0.03199	0.70722	0.01853	0.02775	0.01480	0.05958	0.02010	0.01348	0.02010	0.01146	0.01359	0.00812	0.00599	0.00610	0.00202	0.00944	0.00483	0.00271	0.00933
7	0.01102	0.00551	0.00826	0.00826	0.00826	0.00551	0.00551	0.00826	0.00826	0.01102	0.01102	0.01928	0.01102	0.02204	0.02479	0.81543	0.00551	0.00551	0.00275	0.00275
8	0.01452	0.01157	0.01157	0.01147	0.01354	0.12942	0.00898	0.06405	0.01601	0.09835	0.06002	0.25984	0.04633	0.01445	0.00755	0.00237	0.00596	0.21149	0.00574	0.00676
9	0.15832	0.04551	0.02145	0.01793	0.06881	0.08145	0.12916	0.09521	0.01416	0.02153	0.01032	0.01371	0.00866	0.00786	0.01108	0.00222	0.27589	0.00532	0.00351	0.00792
10	0.04505	0.01186	0.01737	0.08584	0.08840	0.03688	0.10794	0.01840	0.07320	0.08592	0.16158	0.06026	0.07205	0.01051	0.02692	0.00233	0.07472	0.00822	0.00490	0.00768
11	0.02235	0.01066	0.01356	0.01122	0.01508	0.01013	0.00893	0.08536	0.10087	0.44785	0.05086	0.15189	0.02179	0.01017	0.00672	0.00209	0.00511	0.00861	0.00719	0.00956
12	0.01245	0.01175	0.01987	0.67079	0.13104	0.01422	0.01785	0.01662	0.01291	0.01678	0.01136	0.01676	0.00866	0.00626	0.00633	0.00209	0.00834	0.00564	0.00286	0.00743
13	0.00785	0.00557	0.00732	0.00868	0.00901	0.00523	0.00572	0.00887	0.01191	0.01587	0.03373	0.71282	0.04041	0.08209	0.01008	0.00287	0.00388	0.01731	0.00572	0.00505
14	0.00980	0.00789	0.01177	0.06255	0.01407	0.00956	0.00918	0.01214	0.01066	0.01537	0.04778	0.02413	0.01647	0.03908	0.58484	0.00844	0.10012	0.00679	0.00345	0.00592
15	0.00841	0.00619	0.00804	0.00926	0.01024	0.00581	0.00697	0.01013	0.01324	0.01716	0.03938	0.45293	0.15422	0.01857	0.00819	0.00260	0.00423	0.21318	0.00588	0.00539
16	0.06938	0.04803	0.01966	0.08335	0.11771	0.19847	0.03669	0.20484	0.04644	0.09481	0.01374	0.01502	0.01027	0.00677	0.00599	0.00186	0.00805	0.00525	0.00460	0.00907
17	0.01281	0.01034	0.01364	0.01218	0.01372	0.01200	0.03369	0.13402	0.03515	0.01966	0.01887	0.16305	0.01929	0.13139	0.18518	0.00475	0.16035	0.00885	0.00440	0.00668
18	0.01468	0.13767	0.06487	0.06188	0.03346	0.03574	0.12150	0.05433	0.15737	0.03639	0.01874	0.08823	0.03369	0.06202	0.03367	0.00257	0.02341	0.00739	0.00434	0.00806
19	0.01576	0.12063	0.09330	0.07138	0.22558	0.07426	0.11550	0.01952	0.01425	0.03696	0.01159	0.01438	0.00931	0.00562	0.00582	0.00170	0.00789	0.00508	0.00326	0.14821

[dist]
# distance from previous block
# <min> <max>
0	11

[block]
# block no. 6 follows, 35 sequences, length 27
# corresponding to MSA columns:
# 724-750
name=unknown_G
#
# <colnr> <probs for GDERKNQSTAVLIFYWHMCP>
#	G	D	E	R	K	N	Q	S	T	A	V	L	I	F	Y	W	H	M	C	P
0	0.11354	0.01250	0.01598	0.16175	0.11320	0.06161	0.02564	0.04279	0.01383	0.05140	0.03879	0.07800	0.04282	0.03731	0.00911	0.00235	0.09743	0.07049	0.00415	0.00730
1	0.10084	0.26231	0.07003	0.04384	0.01869	0.08294	0.05860	0.01893	0.02917	0.01920	0.03149	0.01341	0.01018	0.00575	0.00497	0.00150	0.00684	0.00433	0.00340	0.21356
2	0.13883	0.24609	0.09115	0.01179	0.01634	0.10888	0.01086	0.07318	0.04222	0.05621	0.13002	0.01821	0.01740	0.00733	0.00538	0.00175	0.00660	0.00540	0.00433	0.00802
3	0.01227	0.00879	0.01028	0.00983	0.01180	0.00902	0.00752	0.06810	0.13588	0.05528	0.12559	0.07332	0.11044	0.18223	0.01294	0.00316	0.00507	0.14605	0.00580	0.00665
4	0.01411	0.01475	0.04549	0.41496	0.11344	0.08086	0.01630	0.01925	0.08768	0.01776	0.01238	0.01649	0.00972	0.00710	0.00809	0.00213	0.10282	0.00562	0.00327	0.00780
5	0.01183	0.00591	0.00591	0.00591	0.00739	0.00591	0.00443	0.01478	0.01330	0.02365	0.02069	0.02365	0.01626	0.00739	0.00443	0.00148	0.00296	0.00591	0.81227	0.00591
6	0.00906	0.00680	0.01020	0.01020	0.01133	0.00793	0.00793	0.01133	0.01020	0.01473	0.01699	0.02492	0.01586	0.04758	0.75191	0.01020	0.01699	0.00680	0.00340	0.00566
7	0.05025	0.01846	0.01882	0.05861	0.02024	0.19504	0.05387	0.14656	0.13318	0.02247	0.01324	0.01536	0.01056	0.00815	0.00994	0.00213	0.20503	0.00553	0.00421	0.00834
8	0.00843	0.00620	0.00724	0.00737	0.00839	0.00572	0.00498	0.00979	0.01328	0.01748	0.20781	0.17519	0.23003	0.25225	0.01530	0.00343	0.00415	0.01244	0.00552	0.00500
9	0.01525	0.01516	0.04403	0.04609	0.02161	0.03897	0.17302	0.05549	0.32606	0.02282	0.01951	0.04943	0.01585	0.00860	0.00838	0.00223	0.09114	0.03264	0.00489	0.00883
10	0.01102	0.00551	0.00826	0.00826	0.00826	0.00551	0.00551	0.00826	0.00826	0.01102	0.01102	0.01928	0.01102	0.02204	0.02479	0.81543	0.00551	0.00551	0.00275	0.00275
11	0.01295	0.01871	0.20879	0.02084	0.06486	0.01363	0.33532	0.01789	0.01440	0.01978	0.04690	0.02438	0.13143	0.00778	0.00749	0.00211	0.03320	0.00774	0.00364	0.00817
12	0.02524	0.01520	0.01735	0.01339	0.01834	0.01596	0.01103	0.45168	0.05641	0.27969	0.01905	0.01778	0.01285	0.00774	0.00636	0.00193	0.00635	0.00600	0.00687	0.01076
13	0.00773	0.00552	0.00736	0.00883	0.00920	0.00515	0.00589	0.00883	0.01215	0.01619	0.03497	0.77291	0.04196	0.01987	0.00810	0.00258	0.00368	0.01803	0.00589	0.00515
14	0.07855	0.04750	0.01725	0.08530	0.01988	0.16155	0.01161	0.26415	0.05368	0.05241	0.04623	0.04057	0.01394	0.00822	0.00696	0.00197	0.05090	0.02582	0.00493	0.00858
15	0.01595	0.10364	0.16211	0.01209	0.01780	0.03394	0.01168	0.05429	0.01438	0.10145	0.01287	0.01483	0.01011	0.02683	0.00699	0.02520	0.02880	0.00456	0.00395	0.33854
16	0.20630	0.18427	0.09736	0.01356	0.03795	0.22142	0.01172	0.02045	0.03171	0.01922	0.01051	0.01300	0.00890	0.02847	0.03688	0.00223	0.04084	0.00428	0.00332	0.00759
17	0.01014	0.00834	0.01028	0.00984	0.01136	0.03144	0.03159	0.01356	0.08224	0.01844	0.16197	0.14858	0.12045	0.13387	0.13377	0.00413	0.02278	0.03610	0.00519	0.00595
18	0.01648	0.03251	0.03736	0.01382	0.01688	0.19025	0.06322	0.02061	0.09876	0.08902	0.01824	0.07367	0.03603	0.04154	0.12029	0.00337	0.07736	0.00692	0.00435	0.03933
19	0.01254	0.01060	0.01242	0.00949	0.01431	0.00836	0.00742	0.01584	0.04692	0.02034	0.01519	0.11710	0.01430	0.00695	0.00524	0.00122	0.00457	0.00586	0.00418	0.66713
20	0.01518	0.01385	0.01688	0.05270	0.12616	0.03614	0.04402	0.02811	0.48080	0.02389	0.02476	0.02419	0.06828	0.00838	0.00653	0.00209	0.00588	0.00725	0.00550	0.00942
21	0.01696	0.78087	0.03324	0.01085	0.01628	0.02510	0.01085	0.01900	0.01289	0.01493	0.00882	0.01018	0.00814	0.00543	0.00407	0.00136	0.00678	0.00339	0.00271	0.00814
22	0.01183	0.00591	0.00591	0.00591	0.00739	0.00591	0.00443	0.01478	0.01330	0.02365	0.02069	0.02365	0.01626	0.00739	0.00443	0.00148	0.00296	0.00591	0.81227	0.00591
23	0.00919	0.00631	0.00773	0.00773	0.00801	0.00659	0.00485	0.00974	0.00946	0.01290	0.01925	0.03742	0.02129	0.59714	0.20977	0.00715	0.00882	0.00863	0.00373	0.00429
24	0.01679	0.53111	0.18893	0.01300	0.01913	0.07661	0.01379	0.04565	0.01401	0.01705	0.00970	0.01117	0.00822	0.00572	0.00471	0.00154	0.00771	0.00382	0.00288	0.00845
25	0.01087	0.00808	0.00887	0.00921	0.00991	0.07773	0.00643	0.01046	0.01141	0.01426	0.04502	0.25836	0.07663	0.01897	0.01533	0.36745	0.00528	0.03712	0.00426	0.00436
26	0.20175	0.01508	0.01705	0.01531	0.08723	0.01643	0.03333	0.37160	0.04674	0.06117	0.06174	0.01690	0.01354	0.00736	0.00591	0.00194	0.00629	0.00571	0.00549	0.00942

[dist]
# distance from previous block
# <min> <max>
3	8

[block]
# block no. 7 follows, 35 sequences, length 15
# corresponding to MSA columns:
# 759-773
name=unknown_H
#
# <colnr> <probs for GDERKNQSTAVLIFYWHMCP>
#	G	D	E	R	K	N	Q	S	T	A	V	L	I	F	Y	W	H	M	C	P
0	0.63720	0.01193	0.01058	0.00903	0.01318	0.01309	0.00744	0.02150	0.01251	0.19450	0.01260	0.01293	0.00893	0.00635	0.00450	0.00196	0.00502	0.00412	0.00484	0.00778
1	0.77639	0.01258	0.00988	0.00870	0.01269	0.01454	0.00717	0.05841	0.01188	0.02912	0.00920	0.01059	0.00709	0.00599	0.00406	0.00196	0.00503	0.00356	0.00406	0.00709
2	0.01226	0.01239	0.02412	0.06216	0.05530	0.01183	0.36425	0.01602	0.01435	0.01927	0.08477	0.12087	0.07929	0.05328	0.00891	0.00243	0.00779	0.03923	0.00422	0.00724
3	0.01601	0.01313	0.01355	0.01199	0.01539	0.04634	0.00941	0.12750	0.39380	0.05360	0.06424	0.04879	0.11611	0.01013	0.00671	0.00211	0.00526	0.03069	0.00627	0.00897
4	0.01582	0.01402	0.02333	0.06889	0.29190	0.03717	0.17064	0.04402	0.01498	0.08381	0.01606	0.10029	0.01421	0.03187	0.00750	0.00212	0.00762	0.00747	0.00402	0.04426
5	0.25699	0.05579	0.08711	0.01429	0.04122	0.29293	0.01185	0.10790	0.01644	0.02307	0.01108	0.01365	0.00901	0.00668	0.00533	0.00184	0.00826	0.02481	0.00384	0.00791
6	0.01242	0.00952	0.01280	0.04087	0.01536	0.04073	0.05375	0.03790	0.01522	0.06826	0.08407	0.14277	0.06907	0.01454	0.00836	0.00253	0.03080	0.32887	0.00560	0.00656
7	0.01977	0.04320	0.22335	0.01414	0.02018	0.01324	0.04171	0.08289	0.11276	0.27629	0.03606	0.01868	0.01389	0.00720	0.00620	0.00193	0.00677	0.00589	0.00549	0.05037
8	0.01047	0.00587	0.00881	0.00881	0.00913	0.00619	0.00619	0.00913	0.00881	0.01207	0.01270	0.02087	0.01238	0.02924	0.22995	0.58823	0.00875	0.00587	0.00294	0.00358
9	0.01438	0.01159	0.01324	0.01022	0.01488	0.01014	0.00808	0.15680	0.01648	0.02382	0.01796	0.11426	0.05257	0.00786	0.00562	0.00141	0.00495	0.00651	0.00467	0.50454
10	0.00852	0.00589	0.00773	0.00881	0.00956	0.00545	0.00612	0.00993	0.01306	0.03785	0.09520	0.61525	0.08571	0.01861	0.00799	0.00250	0.00374	0.04663	0.00603	0.00543
11	0.05983	0.06879	0.42553	0.01624	0.02345	0.11151	0.01812	0.16191	0.01716	0.02370	0.01169	0.01318	0.00856	0.00638	0.00583	0.00190	0.00878	0.00468	0.00357	0.00920
12	0.04637	0.01459	0.05261	0.07427	0.20702	0.04566	0.06915	0.10183	0.07888	0.04493	0.01697	0.11516	0.01516	0.01095	0.05374	0.00259	0.02981	0.00744	0.00432	0.00855
13	0.46683	0.04556	0.01267	0.01079	0.04253	0.03957	0.00835	0.03936	0.01372	0.18551	0.03690	0.04823	0.01240	0.00721	0.00500	0.00195	0.00538	0.00516	0.00494	0.00794
14	0.05469	0.04975	0.01874	0.11866	0.06604	0.25373	0.03979	0.15181	0.07724	0.04093	0.01519	0.04088	0.03038	0.00744	0.00608	0.00188	0.00829	0.00580	0.00432	0.00836

[dist]
# distance from previous block
# <min> <max>
2	23

[block]
# block no. 8 follows, 35 sequences, length 9
# corresponding to MSA columns:
# 797-805
name=unknown_I
#
# <colnr> <probs for GDERKNQSTAVLIFYWHMCP>
#	G	D	E	R	K	N	Q	S	T	A	V	L	I	F	Y	W	H	M	C	P
0	0.01053	0.00687	0.00867	0.00878	0.00975	0.00672	0.00624	0.01173	0.01145	0.05688	0.02416	0.12630	0.02634	0.39061	0.08560	0.00496	0.00666	0.15271	0.00468	0.04034
1	0.05009	0.01362	0.01694	0.01451	0.05743	0.01404	0.03925	0.26876	0.08911	0.24983	0.05801	0.02310	0.01708	0.00842	0.00653	0.00202	0.00613	0.04880	0.00643	0.00989
2	0.01504	0.01122	0.01335	0.00963	0.01518	0.00856	0.00774	0.01781	0.01377	0.10930	0.01297	0.01419	0.01017	0.00509	0.00490	0.00107	0.00478	0.00408	0.00426	0.71690
3	0.00919	0.00628	0.00758	0.00758	0.00781	0.00651	0.00467	0.00965	0.00942	0.01279	0.01938	0.03815	0.02160	0.62929	0.17806	0.00697	0.00835	0.00873	0.00375	0.00421
4	0.06337	0.00823	0.00953	0.00841	0.01116	0.00759	0.00657	0.04872	0.01682	0.16835	0.26180	0.04343	0.29681	0.01239	0.00699	0.00204	0.00387	0.01038	0.00653	0.00701
5	0.01838	0.01492	0.01581	0.01344	0.01749	0.01699	0.01067	0.24673	0.50876	0.03073	0.02252	0.02104	0.01669	0.00830	0.00642	0.00207	0.00563	0.00672	0.00642	0.01027
6	0.82186	0.01227	0.00932	0.00834	0.01227	0.01423	0.00687	0.01865	0.01080	0.02846	0.00883	0.01031	0.00687	0.00589	0.00393	0.00196	0.00491	0.00344	0.00393	0.00687
7	0.01636	0.55788	0.05756	0.01184	0.01654	0.04721	0.01137	0.04172	0.03351	0.01667	0.03414	0.01309	0.01063	0.00826	0.03985	0.00197	0.06599	0.00424	0.00313	0.00803
8	0.06213	0.00902	0.01028	0.00944	0.01180	0.00921	0.00742	0.08319	0.05419	0.06821	0.16070	0.10251	0.27006	0.01324	0.00798	0.00220	0.05105	0.05459	0.00597	0.00680

[dist]
# distance from previous block
# <min> <max>
0	2

[block]
# block no. 9 follows, 35 sequences, length 36
# corresponding to MSA columns:
# 808-824,833-851
name=unknown_J
#
# <colnr> <probs for GDERKNQSTAVLIFYWHMCP>
#	G	D	E	R	K	N	Q	S	T	A	V	L	I	F	Y	W	H	M	C	P
0	0.11311	0.09275	0.06239	0.19856	0.13822	0.05096	0.13272	0.01965	0.05527	0.01998	0.01188	0.01502	0.00933	0.00596	0.00588	0.00190	0.00789	0.00532	0.00333	0.04986
1	0.01379	0.01414	0.09215	0.07668	0.34836	0.01265	0.01529	0.03825	0.01467	0.04031	0.10806	0.05583	0.03869	0.04818	0.00853	0.00225	0.03824	0.02145	0.00406	0.00842
2	0.01529	0.01402	0.01942	0.04859	0.03821	0.01800	0.04239	0.13721	0.01370	0.01985	0.01074	0.01584	0.00970	0.03540	0.05375	0.00302	0.48795	0.00584	0.00349	0.00761
3	0.01387	0.01771	0.16789	0.07778	0.02670	0.01358	0.29473	0.06361	0.01502	0.02108	0.03261	0.07859	0.01320	0.00700	0.00667	0.00195	0.00835	0.00708	0.00368	0.12891
4	0.01028	0.00580	0.00788	0.00788	0.00794	0.00586	0.00503	0.00876	0.00871	0.01167	0.01454	0.02754	0.01558	0.29406	0.06428	0.48448	0.00632	0.00691	0.00318	0.00329
5	0.75859	0.01235	0.00987	0.00867	0.01268	0.01413	0.00714	0.03885	0.01171	0.06556	0.00985	0.01103	0.00744	0.00604	0.00412	0.00196	0.00499	0.00365	0.00420	0.00718
6	0.02373	0.02925	0.01806	0.01621	0.01962	0.69375	0.01224	0.07994	0.01891	0.01746	0.01023	0.01174	0.00838	0.00662	0.00577	0.00166	0.01109	0.00421	0.00351	0.00763
7	0.11793	0.00788	0.00952	0.00857	0.01088	0.00755	0.00662	0.01569	0.01687	0.13701	0.50647	0.06218	0.04550	0.01147	0.00687	0.00200	0.00364	0.00985	0.00668	0.00682
8	0.00794	0.00578	0.00749	0.00848	0.00920	0.00532	0.00582	0.00944	0.01342	0.01800	0.16795	0.57886	0.10230	0.01827	0.00793	0.00243	0.00351	0.01643	0.00609	0.00532
9	0.01599	0.01573	0.02511	0.03364	0.55277	0.04677	0.08271	0.02155	0.10189	0.02118	0.01363	0.01663	0.01107	0.00602	0.00639	0.00193	0.00769	0.00594	0.00356	0.00979
10	0.01198	0.01128	0.01903	0.76180	0.04369	0.01409	0.01762	0.01621	0.01268	0.01621	0.01128	0.01691	0.00846	0.00634	0.00634	0.00211	0.00846	0.00564	0.00282	0.00705
11	0.00907	0.00676	0.01003	0.01003	0.01111	0.00784	0.00772	0.01122	0.01015	0.01461	0.01714	0.02575	0.01622	0.08417	0.71582	0.00999	0.01645	0.00692	0.00342	0.00557
12	0.00913	0.00611	0.00695	0.00704	0.00706	0.00609	0.00397	0.00920	0.00941	0.01254	0.02092	0.08685	0.02423	0.73012	0.03079	0.00593	0.00600	0.00977	0.00397	0.00393
13	0.00756	0.00619	0.00667	0.00706	0.00873	0.00530	0.00510	0.00903	0.01385	0.01689	0.05661	0.24713	0.55377	0.01706	0.00765	0.00226	0.00334	0.01460	0.00589	0.00530
14	0.02373	0.02934	0.01805	0.01622	0.01962	0.69897	0.01224	0.07500	0.01883	0.01728	0.01020	0.01171	0.00836	0.00661	0.00577	0.00165	0.01112	0.00420	0.00349	0.00760
15	0.02358	0.01704	0.01839	0.01428	0.01921	0.01880	0.01174	0.61958	0.09252	0.07429	0.01669	0.01632	0.01182	0.00772	0.00636	0.00193	0.00672	0.00588	0.00643	0.01072
16	0.01342	0.01301	0.01988	0.16980	0.37402	0.04891	0.03551	0.01666	0.01411	0.01865	0.02177	0.08511	0.12511	0.00861	0.00664	0.00202	0.00701	0.00785	0.00374	0.00816
17	0.82186	0.01227	0.00932	0.00834	0.01227	0.01423	0.00687	0.01865	0.01080	0.02846	0.00883	0.01031	0.00687	0.00589	0.00393	0.00196	0.00491	0.00344	0.00393	0.00687
18	0.05808	0.00805	0.01008	0.00876	0.01147	0.00732	0.00685	0.01749	0.01716	0.23430	0.39696	0.03969	0.13537	0.01151	0.00697	0.00200	0.00383	0.00981	0.00693	0.00736
19	0.02525	0.01207	0.01504	0.01195	0.01659	0.01172	0.00974	0.09535	0.17578	0.51832	0.02429	0.02146	0.01606	0.00800	0.00639	0.00200	0.00546	0.00649	0.00740	0.01063
20	0.00804	0.00641	0.00725	0.00750	0.00925	0.00563	0.00568	0.00994	0.01476	0.01855	0.16605	0.14623	0.47119	0.01617	0.00770	0.00225	0.00350	0.08234	0.00606	0.00548
21	0.01210	0.01213	0.07496	0.01299	0.01635	0.01051	0.13289	0.10364	0.05038	0.02059	0.03095	0.16022	0.19022	0.09786	0.02991	0.00285	0.00643	0.02308	0.00494	0.00699
22	0.00854	0.00647	0.00787	0.00752	0.00921	0.00580	0.00564	0.01113	0.01692	0.02299	0.53641	0.05142	0.25911	0.01388	0.00749	0.00204	0.00306	0.01204	0.00666	0.00580
23	0.01812	0.65520	0.03083	0.01157	0.01684	0.06436	0.01106	0.09655	0.01504	0.01773	0.00958	0.01081	0.00844	0.00573	0.00441	0.00143	0.00706	0.00369	0.00315	0.00839
24	0.01517	0.10307	0.27744	0.01482	0.02151	0.01442	0.07139	0.07032	0.01469	0.05751	0.01204	0.01385	0.00917	0.00594	0.00620	0.00166	0.03889	0.00470	0.00357	0.24362
25	0.01749	0.06457	0.24313	0.09545	0.15054	0.06667	0.05326	0.11481	0.01659	0.09816	0.01325	0.01514	0.00971	0.00637	0.00613	0.00192	0.00828	0.00530	0.00388	0.00935
26	0.01673	0.01361	0.01456	0.01279	0.01647	0.01549	0.01003	0.10453	0.59396	0.05125	0.06020	0.02390	0.02037	0.00870	0.00649	0.00211	0.00514	0.00721	0.00652	0.00994
27	0.01315	0.01128	0.01315	0.00940	0.01503	0.00846	0.00752	0.01597	0.01315	0.02067	0.01128	0.01315	0.00940	0.00470	0.00470	0.00094	0.00470	0.00376	0.00376	0.81583
28	0.00781	0.00555	0.00734	0.00873	0.00908	0.00520	0.00578	0.00885	0.01199	0.01599	0.03419	0.73497	0.04098	0.05916	0.00935	0.00276	0.00381	0.01758	0.00578	0.00508
29	0.01105	0.00993	0.01605	0.01397	0.01549	0.01190	0.10037	0.01349	0.01069	0.01558	0.01425	0.02111	0.01314	0.03286	0.47010	0.00727	0.20660	0.00657	0.00322	0.00636
30	0.00903	0.00693	0.00835	0.00829	0.00988	0.00659	0.00610	0.01272	0.08180	0.02182	0.37777	0.20229	0.19530	0.01469	0.00752	0.00216	0.00337	0.01287	0.00647	0.00605
31	0.08649	0.01679	0.01742	0.01370	0.01846	0.05530	0.01127	0.51920	0.02581	0.12442	0.01624	0.01719	0.01176	0.00776	0.00620	0.00193	0.00682	0.02693	0.00617	0.01015
32	0.00806	0.00638	0.00736	0.00741	0.00912	0.00568	0.00553	0.01005	0.01493	0.01917	0.23665	0.13275	0.42712	0.01731	0.04596	0.00258	0.00397	0.02840	0.00605	0.00553
33	0.03763	0.09752	0.05091	0.04616	0.06725	0.52384	0.01317	0.05862	0.01733	0.01753	0.01023	0.01207	0.00840	0.00639	0.00564	0.00168	0.01019	0.00428	0.00333	0.00784
34	0.02050	0.06376	0.01723	0.11488	0.02056	0.08883	0.02699	0.12462	0.08567	0.24462	0.02055	0.02160	0.04945	0.02185	0.00671	0.00200	0.00673	0.02253	0.00555	0.03535
35	0.17184	0.09788	0.05410	0.01246	0.01638	0.16451	0.01051	0.04640	0.16158	0.08980	0.01614	0.01922	0.01311	0.03955	0.00705	0.00211	0.02359	0.04090	0.00464	0.00821

[dist]
# distance from previous block
# <min> <max>
0	19

[block]
# block no. 10 follows, 35 sequences, length 18
# corresponding to MSA columns:
# 871-888
name=unknown_K
#
# <colnr> <probs for GDERKNQSTAVLIFYWHMCP>
#	G	D	E	R	K	N	Q	S	T	A	V	L	I	F	Y	W	H	M	C	P
0	0.09429	0.04757	0.16682	0.06719	0.04084	0.07774	0.01366	0.15454	0.11405	0.07166	0.01655	0.01849	0.02979	0.00741	0.00599	0.00195	0.00720	0.02782	0.00464	0.03181
1	0.01861	0.01877	0.03993	0.06191	0.31633	0.20437	0.01530	0.07395	0.05333	0.06542	0.04000	0.01648	0.01213	0.00679	0.00661	0.00188	0.02959	0.00557	0.00398	0.00905
2	0.01439	0.10066	0.25323	0.20069	0.07188	0.03910	0.16680	0.04441	0.01430	0.01927	0.01152	0.01484	0.00871	0.00595	0.00623	0.00197	0.00903	0.00545	0.00301	0.00853
3	0.00857	0.00605	0.00714	0.00766	0.00815	0.00579	0.00491	0.00928	0.01112	0.01450	0.03151	0.26755	0.13106	0.40189	0.02027	0.00434	0.00497	0.04582	0.00485	0.00455
4	0.01183	0.00591	0.00591	0.00591	0.00739	0.00591	0.00443	0.01478	0.01330	0.02365	0.02069	0.02365	0.01626	0.00739	0.00443	0.00148	0.00296	0.00591	0.81227	0.00591
5	0.00800	0.00580	0.00739	0.00854	0.00915	0.00541	0.00584	0.00917	0.01229	0.01610	0.03688	0.57498	0.12121	0.09240	0.01040	0.00289	0.00400	0.05878	0.00569	0.00509
