[name]
unknown

[dist]
# distance from previous block
# <min> <max>
0	120

[block]
# block no. 0 follows, 26 sequences, length 7
# corresponding to MSA columns:
# 120-126
name=unknown_A
#
# <colnr> <probs for GDERKNQSTAVLIFYWHMCP>
#	G	D	E	R	K	N	Q	S	T	A	V	L	I	F	Y	W	H	M	C	P
0	0.01159	0.00889	0.01156	0.01311	0.04160	0.00862	0.00952	0.01526	0.06312	0.02167	0.04088	0.32305	0.10670	0.04977	0.01065	0.00317	0.00562	0.20570	0.00671	0.04280
1	0.01863	0.01884	0.03117	0.13023	0.47279	0.05822	0.11256	0.02333	0.01733	0.02364	0.01417	0.01890	0.01156	0.00688	0.00768	0.00231	0.00996	0.00696	0.00373	0.01110
2	0.78701	0.01467	0.01115	0.00997	0.01467	0.01702	0.00821	0.02230	0.01291	0.03403	0.01056	0.01232	0.00821	0.00704	0.00469	0.00235	0.00587	0.00411	0.00469	0.00821
3	0.01119	0.00782	0.01064	0.01064	0.01165	0.00867	0.00775	0.01323	0.01221	0.01778	0.02171	0.03515	0.02139	0.23970	0.45542	0.00990	0.01519	0.00883	0.07494	0.00620
4	0.01877	0.01802	0.03079	0.04656	0.68612	0.01802	0.02328	0.02328	0.01727	0.02478	0.01427	0.01877	0.01201	0.00676	0.00751	0.00225	0.00901	0.00676	0.00375	0.01201
5	0.01029	0.00774	0.00953	0.00908	0.01106	0.00697	0.00681	0.01346	0.02043	0.02794	0.53107	0.06074	0.22416	0.01643	0.00895	0.00243	0.00364	0.01429	0.00802	0.00697
6	0.01978	0.01607	0.01694	0.01489	0.01918	0.01835	0.01168	0.12395	0.51975	0.03361	0.02852	0.02690	0.02137	0.00998	0.00746	0.00245	0.00608	0.00819	0.08320	0.01164

[dist]
# distance from previous block
# <min> <max>
0	1

[block]
# block no. 1 follows, 26 sequences, length 31
# corresponding to MSA columns:
# 128-158
name=unknown_B
#
# <colnr> <probs for GDERKNQSTAVLIFYWHMCP>
#	G	D	E	R	K	N	Q	S	T	A	V	L	I	F	Y	W	H	M	C	P
0	0.02199	0.58917	0.03588	0.01437	0.02031	0.17272	0.01333	0.02432	0.01670	0.01800	0.01080	0.01249	0.00974	0.00677	0.00529	0.00169	0.00929	0.00423	0.00339	0.00953
1	0.02247	0.01796	0.04664	0.01416	0.01836	0.15265	0.01156	0.08505	0.05726	0.19477	0.25588	0.03327	0.03495	0.01116	0.00792	0.00229	0.00727	0.00911	0.00737	0.00990
2	0.05770	0.07858	0.29090	0.02137	0.06618	0.21479	0.06270	0.02549	0.03656	0.02262	0.01464	0.04778	0.01208	0.00808	0.00708	0.00226	0.01097	0.00632	0.00386	0.01005
3	0.01402	0.01307	0.02192	0.67343	0.04980	0.01622	0.02023	0.01886	0.01513	0.01938	0.01516	0.06221	0.01249	0.00854	0.00771	0.00256	0.00977	0.00762	0.00359	0.00829
4	0.02118	0.02151	0.06631	0.07499	0.12258	0.12304	0.01613	0.13847	0.25690	0.02994	0.03785	0.02225	0.01708	0.00891	0.00752	0.00236	0.00861	0.00724	0.00591	0.01122
5	0.01621	0.01497	0.02398	0.42983	0.22177	0.01711	0.02019	0.05112	0.05073	0.02288	0.01774	0.02258	0.04244	0.00810	0.00763	0.00244	0.00923	0.00727	0.00407	0.00971
6	0.01652	0.01552	0.02525	0.16008	0.43686	0.01611	0.01975	0.02158	0.05016	0.02346	0.02257	0.06002	0.08105	0.00917	0.00779	0.00239	0.00831	0.00850	0.00438	0.01052
7	0.01057	0.00773	0.00963	0.00952	0.01093	0.00773	0.00686	0.01266	0.01505	0.02052	0.16360	0.04952	0.18337	0.19648	0.22491	0.00652	0.00956	0.01166	0.03692	0.00627
8	0.78701	0.01467	0.01115	0.00997	0.01467	0.01702	0.00821	0.02230	0.01291	0.03403	0.01056	0.01232	0.00821	0.00704	0.00469	0.00235	0.00587	0.00411	0.00469	0.00821
9	0.00990	0.00772	0.00899	0.00867	0.01082	0.00680	0.00650	0.01270	0.01951	0.02575	0.39769	0.06434	0.35891	0.01725	0.00895	0.00247	0.00370	0.01479	0.00774	0.00680
10	0.15034	0.01318	0.01661	0.01295	0.01864	0.01205	0.01070	0.03470	0.02035	0.58983	0.02693	0.02373	0.01714	0.00903	0.00717	0.00235	0.00636	0.00708	0.00866	0.01218
11	0.02365	0.01033	0.01283	0.01067	0.01450	0.00951	0.00852	0.04621	0.01980	0.34230	0.09120	0.02958	0.02402	0.00976	0.00683	0.00212	0.00507	0.00798	0.31512	0.01002
12	0.01903	0.16817	0.07402	0.21983	0.19392	0.12598	0.05194	0.02326	0.01690	0.02082	0.01291	0.01694	0.01048	0.00711	0.00694	0.00218	0.01020	0.00595	0.00353	0.00990
13	0.05483	0.04992	0.02183	0.01724	0.02249	0.19084	0.01385	0.36914	0.12215	0.03667	0.01787	0.01811	0.01331	0.00879	0.00722	0.00222	0.00923	0.00640	0.00643	0.01147
14	0.00951	0.00671	0.00872	0.01022	0.01060	0.00634	0.00668	0.01063	0.01400	0.01867	0.03914	0.62738	0.04680	0.12945	0.01399	0.00372	0.00484	0.01999	0.00668	0.00593
15	0.05634	0.09220	0.14556	0.06580	0.13978	0.05907	0.16519	0.02327	0.01660	0.05287	0.01556	0.05067	0.01296	0.00930	0.02529	0.00263	0.04546	0.00730	0.00405	0.01011
16	0.01573	0.08144	0.37433	0.01869	0.02638	0.01663	0.04662	0.05632	0.04888	0.02479	0.02255	0.03412	0.04009	0.01085	0.00794	0.00260	0.00945	0.14786	0.00466	0.01008
17	0.00924	0.00660	0.00880	0.01056	0.01100	0.00616	0.00704	0.01056	0.01452	0.01936	0.04181	0.72848	0.05017	0.02376	0.00968	0.00308	0.00440	0.02156	0.00704	0.00616
18	0.01624	0.01622	0.05583	0.08345	0.39912	0.01551	0.01866	0.02206	0.08181	0.02400	0.02516	0.10437	0.08427	0.01034	0.00791	0.00244	0.00787	0.00946	0.00479	0.01050
19	0.01917	0.04259	0.10353	0.17653	0.06620	0.04955	0.13527	0.04527	0.08162	0.10503	0.05281	0.02532	0.01742	0.00879	0.00788	0.00246	0.00941	0.03575	0.00517	0.01022
20	0.01877	0.01802	0.03079	0.04656	0.68612	0.01802	0.02328	0.02328	0.01727	0.02478	0.01427	0.01877	0.01201	0.00676	0.00751	0.00225	0.00901	0.00676	0.00375	0.01201
21	0.20694	0.01384	0.01535	0.01262	0.01766	0.01400	0.01025	0.07307	0.11408	0.32986	0.02944	0.02725	0.08368	0.00994	0.00708	0.00240	0.00611	0.00773	0.00768	0.01101
22	0.01856	0.01398	0.01958	0.06993	0.23837	0.01460	0.01445	0.12203	0.01990	0.05884	0.05268	0.02617	0.05169	0.00912	0.00762	0.00220	0.02905	0.00769	0.21354	0.00999
23	0.01914	0.12905	0.15493	0.01951	0.09913	0.01647	0.04869	0.06420	0.03384	0.12513	0.06649	0.10972	0.02295	0.01088	0.00768	0.00241	0.00796	0.04589	0.00565	0.01028
24	0.01877	0.01802	0.03079	0.04656	0.68612	0.01802	0.02328	0.02328	0.01727	0.02478	0.01427	0.01877	0.01201	0.00676	0.00751	0.00225	0.00901	0.00676	0.00375	0.01201
25	0.01030	0.00709	0.00870	0.00941	0.00966	0.00698	0.00585	0.01097	0.01251	0.01675	0.03096	0.32352	0.03627	0.40999	0.06228	0.00588	0.00685	0.01514	0.00556	0.00535
26	0.06651	0.02355	0.06812	0.02551	0.21364	0.21790	0.04813	0.04788	0.01857	0.02444	0.01387	0.01678	0.01123	0.00711	0.00679	0.00200	0.00970	0.00575	0.04343	0.12907
27	0.00945	0.00719	0.00852	0.00922	0.01058	0.00646	0.00642	0.01119	0.01618	0.02086	0.13429	0.35754	0.28379	0.06851	0.01126	0.00309	0.00429	0.01783	0.00704	0.00627
28	0.01846	0.09140	0.19318	0.02537	0.17879	0.06437	0.07806	0.04898	0.10505	0.02507	0.01691	0.04189	0.01374	0.00793	0.00725	0.00224	0.00933	0.00689	0.00441	0.06067
29	0.02134	0.10557	0.11715	0.02042	0.11231	0.19667	0.01582	0.07992	0.04375	0.06363	0.06142	0.05431	0.01829	0.04644	0.00882	0.00245	0.00945	0.00730	0.00497	0.00995
30	0.01830	0.22568	0.08637	0.01333	0.01822	0.05297	0.01205	0.12119	0.01852	0.02473	0.01896	0.10618	0.01806	0.08280	0.00972	0.00255	0.00753	0.00786	0.08434	0.07064

[dist]
# distance from previous block
# <min> <max>
0	6

[block]
# block no. 2 follows, 26 sequences, length 10
# corresponding to MSA columns:
# 165-174
name=unknown_C
#
# <colnr> <probs for GDERKNQSTAVLIFYWHMCP>
#	G	D	E	R	K	N	Q	S	T	A	V	L	I	F	Y	W	H	M	C	P
0	0.01240	0.04606	0.07590	0.01166	0.01435	0.01010	0.00995	0.01536	0.01545	0.04688	0.15518	0.07061	0.09473	0.12616	0.23625	0.00626	0.01069	0.02917	0.00555	0.00729
1	0.01185	0.01028	0.01711	0.03952	0.01836	0.00989	0.14757	0.01462	0.01539	0.02066	0.06116	0.25825	0.12769	0.10480	0.07460	0.00411	0.00804	0.01419	0.03480	0.00710
2	0.02007	0.01066	0.01336	0.01212	0.01506	0.01028	0.00901	0.05764	0.08488	0.25305	0.03280	0.28065	0.03139	0.11705	0.01275	0.00334	0.00590	0.01315	0.00760	0.00922
3	0.01594	0.01434	0.04745	0.07587	0.04705	0.01349	0.12433	0.08092	0.05273	0.04960	0.02492	0.17303	0.04288	0.05079	0.07457	0.00361	0.00904	0.01075	0.00544	0.08325
4	0.01986	0.67968	0.09436	0.01370	0.02058	0.02898	0.01423	0.02282	0.01546	0.01836	0.01080	0.01249	0.00972	0.00655	0.00506	0.00169	0.00837	0.00419	0.00324	0.00986
5	0.78701	0.01467	0.01115	0.00997	0.01467	0.01702	0.00821	0.02230	0.01291	0.03403	0.01056	0.01232	0.00821	0.00704	0.00469	0.00235	0.00587	0.00411	0.00469	0.00821
6	0.01787	0.01402	0.01547	0.01355	0.01699	0.01549	0.01041	0.15826	0.29011	0.03184	0.15785	0.03489	0.03119	0.11156	0.04338	0.00356	0.00683	0.00956	0.00723	0.00997
7	0.01165	0.01896	0.26299	0.01411	0.01883	0.01059	0.01450	0.01585	0.01553	0.02152	0.07235	0.29905	0.10462	0.07123	0.01087	0.00306	0.00704	0.01375	0.00551	0.00800
8	0.01010	0.00763	0.00933	0.00912	0.01100	0.00685	0.00676	0.01300	0.01965	0.02660	0.45262	0.12398	0.24101	0.01732	0.00902	0.00250	0.00373	0.01509	0.00786	0.00685
9	0.02143	0.27723	0.11927	0.01523	0.02129	0.04968	0.01449	0.14197	0.06838	0.08834	0.01925	0.09674	0.01667	0.00961	0.00678	0.00217	0.00809	0.00745	0.00540	0.01055

[dist]
# distance from previous block
# <min> <max>
0	1

[block]
# block no. 3 follows, 26 sequences, length 18
# corresponding to MSA columns:
# 176-193
name=unknown_D
#
# <colnr> <probs for GDERKNQSTAVLIFYWHMCP>
#	G	D	E	R	K	N	Q	S	T	A	V	L	I	F	Y	W	H	M	C	P
0	0.01691	0.27368	0.47457	0.01872	0.02835	0.02178	0.02298	0.02358	0.01581	0.02195	0.01258	0.01472	0.00965	0.00697	0.00642	0.00214	0.01017	0.00509	0.00322	0.01071
1	0.05262	0.28036	0.34541	0.01833	0.02678	0.08632	0.04723	0.02409	0.01626	0.02181	0.01230	0.01448	0.00969	0.00697	0.00632	0.00209	0.01019	0.00507	0.00338	0.01029
2	0.01087	0.00799	0.01150	0.01150	0.01261	0.00911	0.00862	0.01310	0.01199	0.01710	0.02095	0.03330	0.02049	0.17647	0.58587	0.01134	0.01803	0.00864	0.00416	0.00639
3	0.01089	0.00729	0.00832	0.00846	0.00849	0.00726	0.00479	0.01099	0.01131	0.01509	0.02535	0.10478	0.02941	0.67578	0.03626	0.00701	0.00711	0.01189	0.00479	0.00472
4	0.01770	0.01682	0.05088	0.13809	0.19679	0.01722	0.11862	0.07825	0.04311	0.04376	0.01807	0.04573	0.01547	0.01287	0.06243	0.00330	0.06504	0.04115	0.00460	0.01010
5	0.01995	0.01683	0.01776	0.01565	0.02014	0.01937	0.01227	0.10765	0.60330	0.03347	0.02950	0.02720	0.02204	0.01016	0.00770	0.00254	0.00626	0.00839	0.00770	0.01210
6	0.00920	0.00677	0.00863	0.01012	0.01089	0.00620	0.00685	0.01061	0.01494	0.01953	0.04715	0.62855	0.14665	0.02307	0.00957	0.00300	0.00432	0.02072	0.00704	0.00620
7	0.01783	0.01976	0.16318	0.01687	0.04243	0.01333	0.07246	0.02255	0.01650	0.09347	0.01528	0.01738	0.01167	0.00672	0.00721	0.00176	0.03339	0.00560	0.00460	0.41798
8	0.02385	0.01638	0.01780	0.01350	0.01966	0.06986	0.01088	0.12264	0.02090	0.21300	0.01863	0.01874	0.01346	0.00738	0.00658	0.00171	0.00693	0.00575	0.00628	0.38606
9	0.01975	0.02323	0.04065	0.02977	0.03678	0.14005	0.54475	0.02536	0.01854	0.02328	0.01471	0.01926	0.01120	0.00665	0.00858	0.00245	0.01295	0.00823	0.00385	0.00998
10	0.01966	0.01622	0.01728	0.01507	0.01943	0.01837	0.01184	0.14699	0.48771	0.03406	0.07846	0.03025	0.04913	0.01079	0.00783	0.00251	0.00616	0.00892	0.00772	0.01160
11	0.01294	0.01131	0.01697	0.01497	0.01785	0.01126	0.12314	0.01969	0.15314	0.02434	0.12068	0.31234	0.09700	0.01642	0.00898	0.00275	0.00606	0.01512	0.00678	0.00825
12	0.01018	0.00728	0.00860	0.00915	0.00991	0.00689	0.00599	0.01125	0.01399	0.01827	0.07420	0.25232	0.15303	0.33181	0.02216	0.00483	0.00566	0.04283	0.00604	0.00561
13	0.00954	0.00762	0.00853	0.00848	0.01064	0.00662	0.00629	0.01193	0.01838	0.02350	0.26305	0.11767	0.44418	0.01840	0.00901	0.00255	0.00380	0.01572	0.00745	0.00662
14	0.01002	0.00718	0.00899	0.00950	0.01071	0.00657	0.00665	0.01159	0.01641	0.02179	0.21669	0.31118	0.19146	0.04817	0.01234	0.07687	0.00438	0.01641	0.00694	0.00615
15	0.01929	0.01285	0.01923	0.06230	0.02169	0.01266	0.10578	0.08966	0.05576	0.17474	0.20450	0.12775	0.03536	0.01246	0.00846	0.00250	0.00674	0.01128	0.00729	0.00968
16	0.16534	0.01784	0.07367	0.15970	0.35183	0.01712	0.01948	0.02218	0.01586	0.02550	0.01331	0.01742	0.01071	0.00693	0.00685	0.00227	0.00857	0.00603	0.00387	0.05553
17	0.05928	0.01696	0.01992	0.04932	0.18822	0.09498	0.01368	0.02183	0.01678	0.04855	0.01558	0.05838	0.01361	0.00752	0.00658	0.00179	0.00759	0.00630	0.00453	0.34860

[dist]
# distance from previous block
# <min> <max>
0	2

[block]
# block no. 4 follows, 26 sequences, length 15
# corresponding to MSA columns:
# 196-210
name=unknown_E
#
# <colnr> <probs for GDERKNQSTAVLIFYWHMCP>
#	G	D	E	R	K	N	Q	S	T	A	V	L	I	F	Y	W	H	M	C	P
0	0.01719	0.05333	0.11193	0.06383	0.18425	0.05786	0.01636	0.08228	0.07792	0.02631	0.09487	0.03155	0.12978	0.01042	0.00772	0.00234	0.00787	0.00878	0.00538	0.01004
1	0.08300	0.00906	0.01113	0.01054	0.01308	0.00878	0.00818	0.01718	0.01793	0.11524	0.24961	0.11089	0.14587	0.02120	0.10245	0.00386	0.00676	0.05032	0.00717	0.00775
2	0.01472	0.01314	0.01909	0.05469	0.17636	0.01338	0.05807	0.02179	0.15622	0.02388	0.03336	0.15930	0.12368	0.04270	0.00957	0.00276	0.00684	0.03068	0.00583	0.03394
3	0.02006	0.01689	0.01782	0.01568	0.02018	0.01942	0.01229	0.11446	0.59631	0.03365	0.02936	0.02709	0.02193	0.01015	0.00770	0.00254	0.00628	0.00837	0.00770	0.01211
4	0.12952	0.52343	0.07892	0.01354	0.02006	0.02674	0.01346	0.07982	0.01691	0.02324	0.01144	0.01299	0.00979	0.00685	0.00525	0.00184	0.00803	0.00442	0.00384	0.00990
5	0.02430	0.01201	0.01502	0.01222	0.01612	0.01138	0.00936	0.10378	0.01939	0.33938	0.02538	0.03190	0.02040	0.23260	0.05406	0.00433	0.00766	0.00845	0.00720	0.04506
6	0.02033	0.49337	0.17675	0.01569	0.02318	0.02522	0.04443	0.02433	0.01621	0.07968	0.01314	0.01457	0.01059	0.00690	0.00579	0.00189	0.00883	0.00492	0.00381	0.01035
7	0.00974	0.00734	0.00873	0.00919	0.01051	0.00677	0.00639	0.01144	0.01570	0.02041	0.13759	0.26500	0.25958	0.13673	0.05634	0.00405	0.00555	0.01611	0.00665	0.00617
8	0.01069	0.01235	0.11905	0.01240	0.01510	0.00857	0.01098	0.01376	0.01573	0.02126	0.08420	0.38089	0.11429	0.02174	0.05161	0.00347	0.00662	0.08374	0.00633	0.00719
9	0.01086	0.00787	0.01098	0.01122	0.01220	0.00867	0.00827	0.01285	0.01241	0.01734	0.02401	0.08690	0.02490	0.22104	0.44375	0.00978	0.01510	0.05105	0.00460	0.00620
10	0.02138	0.16370	0.21783	0.04619	0.06600	0.22753	0.06289	0.06740	0.01902	0.02268	0.01293	0.01535	0.01019	0.00731	0.00684	0.00212	0.01113	0.00552	0.00379	0.01020
11	0.01958	0.01233	0.01695	0.04842	0.07291	0.01239	0.03369	0.02621	0.14394	0.19829	0.06185	0.08660	0.04248	0.06297	0.01058	0.00301	0.00679	0.12405	0.00712	0.00985
12	0.00972	0.00721	0.00879	0.00984	0.01092	0.00665	0.00691	0.01124	0.01508	0.01937	0.04846	0.39746	0.21344	0.11823	0.01349	0.00356	0.00492	0.08191	0.00671	0.00610
13	0.01513	0.01644	0.08442	0.49370	0.11613	0.01669	0.06691	0.02048	0.01571	0.02121	0.01431	0.02014	0.01087	0.00744	0.00752	0.00245	0.00993	0.00682	0.04459	0.00912
14	0.02080	0.01910	0.08979	0.18997	0.10331	0.01797	0.14054	0.12678	0.07365	0.11456	0.01825	0.02079	0.01317	0.00793	0.00782	0.00243	0.00952	0.00734	0.00529	0.01100

[dist]
# distance from previous block
# <min> <max>
0	1

[block]
# block no. 5 follows, 26 sequences, length 30
# corresponding to MSA columns:
# 212-241
name=unknown_F
#
# <colnr> <probs for GDERKNQSTAVLIFYWHMCP>
#	G	D	E	R	K	N	Q	S	T	A	V	L	I	F	Y	W	H	M	C	P
0	0.02213	0.02695	0.05124	0.05288	0.06140	0.36250	0.05981	0.02494	0.01770	0.01943	0.01250	0.01659	0.01072	0.01230	0.06057	0.00308	0.16665	0.00599	0.00372	0.00890
1	0.01842	0.05260	0.11247	0.02022	0.08464	0.01700	0.10037	0.19058	0.04816	0.03004	0.06111	0.07830	0.08917	0.01135	0.00813	0.00248	0.00820	0.05064	0.00586	0.01024
2	0.01840	0.24842	0.28933	0.01653	0.02487	0.02070	0.01828	0.09394	0.01797	0.02490	0.01315	0.01502	0.01032	0.00690	0.00623	0.00191	0.00888	0.00505	0.00395	0.15525
3	0.01077	0.00793	0.01001	0.01052	0.01147	0.00820	0.00726	0.01355	0.06003	0.01865	0.03319	0.28811	0.07350	0.21907	0.18595	0.00636	0.00914	0.01423	0.00572	0.00632
4	0.00958	0.00686	0.00858	0.00981	0.01037	0.00643	0.00642	0.01069	0.01409	0.01853	0.04166	0.52616	0.10844	0.16678	0.01546	0.00389	0.00494	0.01888	0.00655	0.00587
5	0.01767	0.01957	0.09083	0.09693	0.19261	0.04422	0.08644	0.04030	0.11769	0.02421	0.01854	0.02322	0.03191	0.00938	0.01078	0.00260	0.13176	0.02651	0.00450	0.01034
6	0.02613	0.01276	0.01702	0.01525	0.06416	0.01195	0.01131	0.05761	0.08067	0.40936	0.17531	0.03218	0.03034	0.01065	0.00792	0.00237	0.00602	0.00899	0.00854	0.01147
7	0.54320	0.01418	0.01390	0.10413	0.02053	0.01589	0.01047	0.02466	0.01486	0.15551	0.01458	0.01590	0.01045	0.00755	0.00563	0.00237	0.00654	0.00512	0.00540	0.00912
8	0.04044	0.31410	0.17035	0.01988	0.09383	0.02238	0.06181	0.05211	0.04112	0.09525	0.01506	0.01655	0.01163	0.00723	0.00643	0.00207	0.00887	0.00567	0.00438	0.01083
9	0.01509	0.01342	0.07424	0.11439	0.12325	0.01143	0.03176	0.01850	0.01664	0.10213	0.03571	0.23425	0.14933	0.01445	0.00845	0.00262	0.00685	0.01283	0.00590	0.00877
10	0.01918	0.00964	0.01223	0.01050	0.01380	0.00852	0.00809	0.02177	0.01954	0.27575	0.23659	0.04771	0.17580	0.09256	0.01170	0.00295	0.00513	0.01161	0.00805	0.00889
11	0.01862	0.01935	0.10877	0.02642	0.17803	0.01710	0.15321	0.10651	0.06873	0.05496	0.01799	0.02181	0.01417	0.01683	0.13846	0.00423	0.01178	0.00752	0.00480	0.01071
12	0.05090	0.23262	0.21209	0.05998	0.11223	0.02126	0.13803	0.02374	0.01637	0.04620	0.01357	0.01648	0.01059	0.00688	0.00682	0.00219	0.00987	0.00599	0.00369	0.01049
13	0.01091	0.00730	0.00831	0.00843	0.00846	0.00727	0.00477	0.01100	0.01127	0.01503	0.02515	0.09687	0.02915	0.68405	0.03659	0.00706	0.00715	0.01176	0.00477	0.00470
14	0.00985	0.00713	0.00885	0.00975	0.01063	0.00665	0.00665	0.01137	0.01521	0.02010	0.11892	0.39880	0.13844	0.15572	0.01498	0.00375	0.00490	0.04552	0.00673	0.00606
15	0.02070	0.02147	0.14751	0.01952	0.06455	0.01869	0.05010	0.20301	0.23020	0.05636	0.02307	0.07199	0.01827	0.00989	0.00778	0.00247	0.00807	0.00834	0.00640	0.01162
16	0.01982	0.09446	0.16608	0.02241	0.07451	0.18933	0.15587	0.02452	0.01848	0.04578	0.06385	0.02254	0.05210	0.00840	0.00752	0.00224	0.01061	0.00729	0.00435	0.00982
17	0.06459	0.05520	0.02454	0.02425	0.14232	0.41320	0.04504	0.02674	0.01881	0.02070	0.01205	0.01509	0.01019	0.00807	0.00884	0.00219	0.08943	0.00552	0.00383	0.00939
18	0.01326	0.01184	0.01951	0.01603	0.01979	0.01068	0.17101	0.01656	0.01624	0.02237	0.07315	0.19240	0.06503	0.08339	0.01154	0.00297	0.00725	0.08892	0.00561	0.15246
19	0.04658	0.07554	0.10280	0.03363	0.39545	0.06099	0.02044	0.02390	0.04414	0.02395	0.01398	0.01754	0.01159	0.00743	0.00830	0.00225	0.05968	0.00619	0.00386	0.04176
20	0.01974	0.11316	0.20931	0.04358	0.13003	0.08087	0.10688	0.07098	0.03870	0.05980	0.01780	0.01995	0.03991	0.00786	0.00732	0.00227	0.00997	0.00674	0.00439	0.01076
21	0.01636	0.11025	0.02502	0.03033	0.39071	0.01624	0.01634	0.01944	0.01586	0.02146	0.02297	0.03009	0.09382	0.14463	0.01317	0.00316	0.00797	0.00829	0.00423	0.00966
22	0.01410	0.01014	0.01276	0.11078	0.01859	0.01010	0.00979	0.07042	0.01944	0.07701	0.18165	0.05327	0.26710	0.05475	0.01029	0.00281	0.00569	0.05656	0.00689	0.00785
23	0.01947	0.01355	0.01992	0.15368	0.19839	0.01376	0.01512	0.06663	0.01867	0.16449	0.02970	0.03386	0.12796	0.05952	0.01001	0.00276	0.00759	0.02908	0.00585	0.00998
24	0.01362	0.03856	0.01650	0.04355	0.14976	0.03351	0.01237	0.01749	0.04082	0.02432	0.19920	0.16833	0.06689	0.01531	0.00876	0.00266	0.00626	0.12747	0.00636	0.00826
25	0.01256	0.00772	0.00969	0.01018	0.01179	0.00694	0.00716	0.01416	0.01591	0.10845	0.04713	0.45017	0.18729	0.06006	0.01085	0.00310	0.00471	0.01788	0.00722	0.00702
26	0.02268	0.02011	0.04765	0.01650	0.02077	0.17013	0.04837	0.08511	0.11395	0.14659	0.10809	0.02659	0.02284	0.04009	0.02881	0.00283	0.05454	0.00795	0.00632	0.01008
27	0.01804	0.04878	0.21974	0.11505	0.12578	0.10300	0.04620	0.08346	0.01869	0.02438	0.01975	0.07117	0.05467	0.00931	0.00757	0.00237	0.00980	0.00781	0.00435	0.01007
28	0.01802	0.01067	0.01634	0.01562	0.05777	0.01028	0.05652	0.02108	0.01731	0.20597	0.10002	0.15278	0.03075	0.02447	0.17749	0.00496	0.00980	0.05448	0.00667	0.00898
29	0.01283	0.01487	0.14225	0.01506	0.01891	0.01023	0.08803	0.01650	0.01644	0.05747	0.09985	0.36950	0.07349	0.01675	0.00891	0.00275	0.00666	0.01524	0.00620	0.00806

[dist]
# distance from previous block
# <min> <max>
0	21

[block]
# block no. 6 follows, 26 sequences, length 17
# corresponding to MSA columns:
# 263-274,287-291
name=unknown_G
#
# <colnr> <probs for GDERKNQSTAVLIFYWHMCP>
#	G	D	E	R	K	N	Q	S	T	A	V	L	I	F	Y	W	H	M	C	P
0	0.03866	0.01878	0.11948	0.02235	0.13692	0.05014	0.07682	0.02285	0.05643	0.08425	0.06742	0.08927	0.05430	0.01140	0.00979	0.00259	0.08025	0.04315	0.00535	0.00979
1	0.10083	0.01138	0.04706	0.05193	0.05775	0.01078	0.01030	0.04321	0.03509	0.02340	0.02831	0.33087	0.03051	0.07558	0.04829	0.00357	0.00677	0.01334	0.06346	0.00758
2	0.02732	0.10270	0.02439	0.01683	0.02285	0.02401	0.01412	0.55434	0.06796	0.04351	0.01802	0.01807	0.01310	0.00887	0.00728	0.00222	0.00819	0.00661	0.00710	0.01249
3	0.02035	0.01678	0.08645	0.05877	0.11668	0.01519	0.01505	0.14598	0.06345	0.14033	0.02635	0.15680	0.04313	0.01212	0.00858	0.00255	0.02849	0.02600	0.00642	0.01054
4	0.01594	0.01789	0.10152	0.38141	0.25335	0.01695	0.02192	0.02116	0.01598	0.02195	0.01375	0.01903	0.01073	0.00717	0.00741	0.00235	0.00964	0.00649	0.00354	0.05183
5	0.02129	0.06873	0.32502	0.01986	0.06023	0.06053	0.02019	0.14521	0.05812	0.10238	0.01731	0.01832	0.01242	0.00800	0.00716	0.00229	0.00951	0.00619	0.02577	0.01146
6	0.01676	0.24772	0.38407	0.01964	0.02845	0.02098	0.09638	0.02297	0.01598	0.02194	0.01432	0.05174	0.01194	0.00774	0.00683	0.00222	0.01011	0.00634	0.00349	0.01039
7	0.01658	0.13652	0.02430	0.01742	0.01851	0.02256	0.01462	0.01818	0.01219	0.01778	0.01165	0.01962	0.01193	0.09425	0.02310	0.00349	0.51904	0.00671	0.00345	0.00812
8	0.02023	0.01322	0.01603	0.01213	0.01808	0.01086	0.00977	0.06085	0.01852	0.18038	0.04380	0.04636	0.01761	0.00815	0.00661	0.00166	0.00590	0.02537	0.00612	0.47835
9	0.05409	0.09475	0.58219	0.02004	0.03035	0.01838	0.02520	0.02430	0.01602	0.04817	0.01380	0.01587	0.00988	0.00722	0.00691	0.00233	0.01052	0.00548	0.00350	0.01100
10	0.01318	0.00659	0.00988	0.00988	0.00988	0.00659	0.00659	0.00988	0.00988	0.01318	0.01318	0.02306	0.01318	0.02635	0.02964	0.77931	0.00659	0.00659	0.00329	0.00329
11	0.01365	0.00799	0.00934	0.00887	0.00954	0.00779	0.00534	0.01399	0.01225	0.09186	0.02459	0.04692	0.02657	0.65088	0.03507	0.00678	0.00725	0.01064	0.00514	0.00554
12	0.01750	0.09166	0.32218	0.04441	0.15210	0.01816	0.07213	0.02421	0.04051	0.06140	0.01660	0.04219	0.01338	0.00826	0.00786	0.00239	0.02819	0.02190	0.00410	0.01086
13	0.69566	0.01625	0.01289	0.01259	0.05175	0.06190	0.00945	0.02287	0.01371	0.03252	0.01084	0.01276	0.00852	0.00708	0.00499	0.00232	0.00655	0.00430	0.00459	0.00846
14	0.06353	0.00986	0.01322	0.01364	0.05058	0.00966	0.04966	0.03699	0.04288	0.02371	0.11318	0.34244	0.14138	0.04148	0.00980	0.00289	0.00540	0.01564	0.00661	0.00744
15	0.01664	0.20769	0.49902	0.02088	0.06530	0.02065	0.02411	0.02366	0.01594	0.02256	0.01290	0.01523	0.00977	0.00701	0.00666	0.00220	0.01034	0.00529	0.00324	0.01090
16	0.01959	0.02242	0.15115	0.05399	0.08106	0.05619	0.01694	0.10594	0.34788	0.03018	0.02275	0.02274	0.01702	0.00899	0.00753	0.00244	0.00816	0.00735	0.00607	0.01161

[dist]
# distance from previous block
# <min> <max>
0	3

[block]
# block no. 7 follows, 26 sequences, length 33
# corresponding to MSA columns:
# 295-327
name=unknown_H
#
# <colnr> <probs for GDERKNQSTAVLIFYWHMCP>
#	G	D	E	R	K	N	Q	S	T	A	V	L	I	F	Y	W	H	M	C	P
0	0.01720	0.01562	0.02204	0.11223	0.17798	0.06127	0.06739	0.02274	0.07997	0.04872	0.06108	0.02970	0.05054	0.01194	0.03785	0.00285	0.05570	0.04806	0.04295	0.03417
1	0.02156	0.01763	0.01867	0.01598	0.02075	0.02013	0.01266	0.20817	0.50015	0.03608	0.02745	0.02557	0.02038	0.00997	0.00768	0.00249	0.00664	0.00810	0.00768	0.01225
2	0.01877	0.01802	0.03079	0.04656	0.68612	0.01802	0.02328	0.02328	0.01727	0.02478	0.01427	0.01877	0.01201	0.00676	0.00751	0.00225	0.00901	0.00676	0.00375	0.01201
3	0.01521	0.03923	0.69413	0.02162	0.03283	0.01762	0.02802	0.02402	0.01601	0.02402	0.01361	0.01601	0.00961	0.00721	0.00721	0.00240	0.01121	0.00560	0.00320	0.01121
4	0.02230	0.09302	0.35086	0.01883	0.02748	0.01707	0.06410	0.05333	0.01866	0.23353	0.01874	0.01913	0.01275	0.00784	0.00726	0.00232	0.00943	0.00638	0.00536	0.01161
5	0.01590	0.00968	0.01286	0.01174	0.01416	0.01004	0.00904	0.06155	0.01653	0.13554	0.08804	0.03631	0.07309	0.11799	0.34375	0.00765	0.01285	0.00939	0.00589	0.00799
6	0.01179	0.00842	0.01172	0.01347	0.01503	0.00835	0.01146	0.01496	0.01703	0.02221	0.04040	0.17961	0.04461	0.02136	0.01036	0.00343	0.00661	0.54531	0.00699	0.00686
7	0.01961	0.01693	0.07984	0.07809	0.04341	0.01693	0.07479	0.08455	0.01700	0.13423	0.01777	0.02471	0.01497	0.13543	0.01769	0.00351	0.19837	0.00772	0.00503	0.00943
8	0.01446	0.01298	0.02097	0.44885	0.11714	0.01512	0.01872	0.01969	0.04009	0.02160	0.05057	0.03406	0.01986	0.01041	0.00818	0.00267	0.00895	0.12258	0.00447	0.00865
9	0.01489	0.01406	0.02377	0.63023	0.13279	0.01700	0.02135	0.01988	0.01543	0.02007	0.01358	0.02004	0.01035	0.00748	0.00757	0.00249	0.00997	0.00674	0.00342	0.00888
10	0.08576	0.01161	0.01345	0.01113	0.01520	0.01136	0.00895	0.10034	0.02056	0.28336	0.06993	0.02682	0.02109	0.00939	0.00665	0.00214	0.00540	0.00747	0.27931	0.01007
11	0.01773	0.01948	0.04070	0.09329	0.14039	0.01880	0.50551	0.02371	0.01757	0.02395	0.01502	0.02018	0.01147	0.00655	0.00861	0.00251	0.01197	0.00842	0.00378	0.01035
12	0.01911	0.52648	0.17131	0.01498	0.02222	0.02642	0.01596	0.02466	0.07811	0.02043	0.01311	0.01449	0.01099	0.00700	0.00562	0.00187	0.00854	0.00480	0.00366	0.01025
13	0.01432	0.01348	0.02275	0.71520	0.05224	0.01685	0.02107	0.01938	0.01517	0.01938	0.01348	0.02022	0.01011	0.00758	0.00758	0.00253	0.01011	0.00674	0.00337	0.00843
14	0.00969	0.00779	0.00861	0.00868	0.01094	0.00681	0.00664	0.01201	0.01785	0.02232	0.18118	0.07053	0.48459	0.04277	0.01011	0.00279	0.00423	0.07871	0.00719	0.00654
15	0.01470	0.01387	0.02344	0.65802	0.10645	0.01695	0.02125	0.01971	0.01535	0.01984	0.01355	0.02010	0.01027	0.00751	0.00758	0.00250	0.01002	0.00674	0.00340	0.00873
16	0.60625	0.01471	0.01235	0.01091	0.01552	0.01684	0.00888	0.04633	0.09618	0.05807	0.01464	0.01567	0.01108	0.00768	0.00530	0.00235	0.00589	0.00501	0.03737	0.00897
17	0.01084	0.00813	0.01219	0.01219	0.01354	0.00948	0.00948	0.01354	0.01219	0.01761	0.02032	0.02980	0.01896	0.05689	0.70337	0.01219	0.02032	0.00813	0.00406	0.00677
18	0.01041	0.00733	0.00954	0.01021	0.01076	0.00750	0.00690	0.01164	0.01276	0.01731	0.02985	0.28122	0.03394	0.29938	0.18643	0.00689	0.00942	0.03736	0.00540	0.00575
19	0.01133	0.00886	0.01314	0.01286	0.01410	0.01067	0.01010	0.01395	0.01214	0.01766	0.01942	0.02866	0.01818	0.05312	0.64471	0.01142	0.08077	0.00800	0.00400	0.00690
20	0.01944	0.01810	0.02973	0.07395	0.60047	0.01845	0.02241	0.07823	0.01877	0.02653	0.01457	0.01879	0.01201	0.00700	0.00752	0.00227	0.00900	0.00676	0.00407	0.01193
21	0.02095	0.01581	0.01728	0.01524	0.01970	0.01773	0.01203	0.06943	0.53419	0.11322	0.03051	0.02985	0.02295	0.01056	0.00781	0.00257	0.00621	0.03410	0.00789	0.01195
22	0.01520	0.01440	0.02371	0.06009	0.36458	0.01403	0.07219	0.01912	0.01760	0.02385	0.08876	0.03672	0.19601	0.01084	0.00815	0.00238	0.00754	0.01002	0.00502	0.00979
23	0.01878	0.35729	0.28996	0.01952	0.08253	0.02375	0.01977	0.06707	0.01719	0.02288	0.01257	0.01464	0.01010	0.00697	0.00618	0.00202	0.00940	0.00508	0.00357	0.01072
24	0.01715	0.09017	0.35851	0.02212	0.03068	0.01767	0.19192	0.02371	0.01673	0.06897	0.01737	0.07914	0.01426	0.00851	0.00771	0.00243	0.01045	0.00788	0.00413	0.01050
25	0.00933	0.00698	0.00867	0.00976	0.01085	0.00632	0.00674	0.01103	0.01591	0.02078	0.11641	0.49990	0.20611	0.02180	0.00943	0.00288	0.00418	0.01940	0.00718	0.00632
26	0.01661	0.01528	0.02267	0.17173	0.19930	0.01667	0.06055	0.02669	0.23734	0.02532	0.02476	0.08138	0.04839	0.01001	0.00793	0.00252	0.00789	0.00911	0.00542	0.01041
27	0.04896	0.01616	0.02272	0.17158	0.27241	0.03978	0.01750	0.12126	0.03719	0.02705	0.01884	0.10968	0.01697	0.00969	0.00760	0.00240	0.00830	0.00855	0.03314	0.01022
28	0.02659	0.02388	0.04949	0.01716	0.02257	0.16793	0.01422	0.42298	0.05391	0.03832	0.01762	0.01833	0.01300	0.00877	0.00723	0.00218	0.00914	0.00644	0.06879	0.01144
29	0.02016	0.25226	0.12003	0.04699	0.07118	0.02031	0.05368	0.08478	0.01828	0.07836	0.01450	0.01636	0.01132	0.00697	0.00636	0.00189	0.00837	0.00550	0.00447	0.15822
30	0.04266	0.03238	0.03987	0.01130	0.01416	0.00974	0.00913	0.01828	0.07141	0.09465	0.15786	0.22505	0.16492	0.01675	0.00866	0.00267	0.00513	0.06015	0.00722	0.00803
31	0.01162	0.00848	0.01203	0.01194	0.01328	0.00958	0.00906	0.04195	0.01325	0.01872	0.02190	0.08604	0.02154	0.09716	0.54468	0.04124	0.01708	0.00928	0.00446	0.00671
32	0.01799	0.03775	0.02256	0.22313	0.03086	0.04289	0.11323	0.04763	0.03894	0.10367	0.06778	0.06441	0.05261	0.01003	0.00791	0.00239	0.00844	0.03165	0.00542	0.07070

[dist]
# distance from previous block
# <min> <max>
0	7

[block]
# block no. 8 follows, 26 sequences, length 29
# corresponding to MSA columns:
# 335-363
name=unknown_I
#
# <colnr> <probs for GDERKNQSTAVLIFYWHMCP>
#	G	D	E	R	K	N	Q	S	T	A	V	L	I	F	Y	W	H	M	C	P
0	0.01634	0.01543	0.02602	0.43629	0.16770	0.01717	0.08479	0.05198	0.01689	0.02266	0.01405	0.01956	0.01083	0.00725	0.00757	0.00237	0.00978	0.00682	0.00377	0.06274
1	0.01906	0.02038	0.12340	0.07638	0.21946	0.06327	0.11664	0.02373	0.01741	0.10055	0.01922	0.09047	0.01665	0.00947	0.00850	0.00248	0.03160	0.02617	0.00473	0.01043
2	0.01554	0.01568	0.02556	0.07232	0.14130	0.05387	0.20041	0.02007	0.03765	0.02308	0.08144	0.13554	0.09274	0.01174	0.00917	0.00256	0.03607	0.01113	0.00509	0.00904
3	0.00934	0.00712	0.00845	0.00930	0.01059	0.00639	0.00644	0.01097	0.01583	0.02029	0.09791	0.40179	0.28505	0.06060	0.01096	0.00308	0.00430	0.01838	0.00700	0.00623
4	0.05582	0.24859	0.12154	0.06469	0.02434	0.07830	0.05894	0.02473	0.11366	0.02234	0.01758	0.08439	0.01563	0.00920	0.00728	0.00225	0.02932	0.00727	0.00444	0.00969
5	0.02243	0.04910	0.12498	0.10845	0.02817	0.10386	0.06610	0.19506	0.02205	0.09585	0.01680	0.02005	0.01278	0.04495	0.02654	0.00282	0.03749	0.00676	0.00526	0.01050
6	0.01613	0.00968	0.01227	0.01182	0.01423	0.00944	0.00893	0.02119	0.11014	0.15472	0.16599	0.25764	0.04267	0.05641	0.01053	0.00300	0.00527	0.07373	0.00772	0.00850
7	0.01017	0.00780	0.01010	0.01206	0.05701	0.00725	0.00758	0.01183	0.01535	0.02016	0.08941	0.40659	0.18274	0.11013	0.01296	0.00340	0.00491	0.01748	0.00660	0.00649
8	0.06470	0.19353	0.16509	0.01865	0.05639	0.12781	0.05195	0.07925	0.01927	0.10941	0.03587	0.01762	0.01318	0.00775	0.00671	0.00213	0.00947	0.00590	0.00478	0.01053
9	0.01508	0.16085	0.21117	0.01729	0.06011	0.01614	0.06833	0.01920	0.01490	0.02072	0.01890	0.09230	0.01839	0.16537	0.01379	0.00334	0.00858	0.00845	0.05838	0.00868
10	0.01065	0.00729	0.00886	0.00956	0.00988	0.00716	0.00614	0.01141	0.01275	0.01693	0.03085	0.24914	0.03586	0.45042	0.02717	0.00570	0.00646	0.08290	0.00556	0.00531
11	0.01709	0.01688	0.02684	0.26535	0.26923	0.05489	0.09508	0.02254	0.05251	0.02226	0.01552	0.02138	0.01269	0.03892	0.03456	0.00296	0.01027	0.00723	0.00391	0.00991
12	0.01544	0.04708	0.05045	0.01644	0.05459	0.05979	0.05262	0.01957	0.06206	0.06712	0.02796	0.27353	0.02884	0.02128	0.10746	0.00406	0.03229	0.04526	0.00574	0.00841
13	0.01402	0.01283	0.02300	0.14081	0.12995	0.01298	0.16308	0.01723	0.01525	0.02056	0.02312	0.23002	0.02404	0.06973	0.01247	0.05776	0.00843	0.01192	0.00470	0.00808
14	0.00924	0.00660	0.00880	0.01056	0.01100	0.00616	0.00704	0.01056	0.01452	0.01936	0.04181	0.72848	0.05017	0.02376	0.00968	0.00308	0.00440	0.02156	0.00704	0.00616
15	0.01767	0.06805	0.06224	0.05276	0.37259	0.06993	0.01826	0.04249	0.01808	0.02380	0.04490	0.02838	0.13020	0.00938	0.00756	0.00226	0.00838	0.00819	0.00453	0.01036
16	0.26020	0.01803	0.10349	0.02150	0.14893	0.01635	0.07118	0.02311	0.05168	0.06378	0.01782	0.09888	0.01573	0.00952	0.00794	0.00250	0.04692	0.00781	0.00487	0.00973
17	0.01908	0.21171	0.02106	0.01266	0.01647	0.12448	0.01040	0.10839	0.02000	0.02574	0.14752	0.02789	0.02546	0.07895	0.00966	0.00249	0.00740	0.00757	0.11443	0.00864
18	0.01794	0.18957	0.08083	0.02664	0.24872	0.02148	0.01812	0.02145	0.01510	0.02155	0.01290	0.01707	0.01125	0.00864	0.01141	0.00237	0.20103	0.00602	0.05785	0.01005
19	0.01163	0.00847	0.01170	0.01147	0.01252	0.00980	0.00864	0.01386	0.01234	0.01827	0.02072	0.03234	0.01996	0.17272	0.45866	0.00956	0.06540	0.00844	0.08700	0.00651
20	0.01361	0.01350	0.05787	0.01128	0.01257	0.09522	0.00818	0.01462	0.01294	0.01631	0.02225	0.08719	0.02484	0.51219	0.02991	0.00587	0.04088	0.01040	0.00452	0.00585
21	0.48981	0.01853	0.08039	0.05182	0.02060	0.01861	0.01231	0.17401	0.01874	0.03553	0.01283	0.01451	0.00957	0.00758	0.00578	0.00235	0.00721	0.00504	0.00516	0.00963
22	0.05751	0.05053	0.01406	0.01197	0.01394	0.01289	0.00967	0.01892	0.05095	0.04512	0.02287	0.03462	0.02098	0.08038	0.07906	0.00385	0.12763	0.09614	0.24121	0.00769
23	0.01057	0.00791	0.01102	0.01136	0.01270	0.00854	0.00867	0.01292	0.01343	0.01839	0.03138	0.11729	0.10436	0.09234	0.43868	0.00896	0.01456	0.06537	0.00503	0.00653
24	0.01103	0.00735	0.00827	0.00827	0.00827	0.00735	0.00460	0.01103	0.01103	0.01471	0.02390	0.04964	0.02758	0.73343	0.03861	0.00735	0.00735	0.01103	0.00460	0.00460
25	0.02231	0.56279	0.03531	0.01446	0.02046	0.14913	0.01338	0.06902	0.01792	0.02008	0.01129	0.01286	0.00996	0.00691	0.00541	0.00173	0.00912	0.00440	0.00367	0.00979
26	0.01432	0.01348	0.02275	0.71520	0.05224	0.01685	0.02107	0.01938	0.01517	0.01938	0.01348	0.02022	0.01011	0.00758	0.00758	0.00253	0.01011	0.00674	0.00337	0.00843
27	0.02458	0.01961	0.02349	0.02363	0.16822	0.04293	0.01604	0.33891	0.11867	0.06698	0.01888	0.01985	0.01411	0.00902	0.00879	0.00238	0.05836	0.00702	0.00643	0.01212
28	0.01826	0.06188	0.01778	0.13389	0.02193	0.01454	0.01228	0.05613	0.01704	0.13018	0.06485	0.02531	0.01886	0.01597	0.10086	0.00364	0.11082	0.00742	0.15948	0.00888

[dist]
# distance from previous block
# <min> <max>
0	112

[block]
# block no. 9 follows, 26 sequences, length 25
# corresponding to MSA columns:
# 492-500,509-524
name=unknown_J
#
# <colnr> <probs for GDERKNQSTAVLIFYWHMCP>
#	G	D	E	R	K	N	Q	S	T	A	V	L	I	F	Y	W	H	M	C	P
0	0.02055	0.01638	0.02073	0.11601	0.02587	0.05689	0.07546	0.21947	0.05075	0.06720	0.02401	0.07268	0.02140	0.01178	0.00827	0.00260	0.00844	0.13253	0.03904	0.00993
1	0.01469	0.05067	0.01821	0.05813	0.17619	0.01322	0.01262	0.04393	0.08431	0.02710	0.27866	0.04037	0.10348	0.03483	0.00908	0.00251	0.00604	0.01053	0.00637	0.00907
2	0.02824	0.01549	0.01937	0.10379	0.02440	0.01594	0.01322	0.22588	0.06120	0.34330	0.02407	0.02301	0.01614	0.00910	0.00752	0.00234	0.00735	0.00730	0.04032	0.01204
3	0.00945	0.00696	0.00901	0.01041	0.01129	0.00652	0.00727	0.01106	0.01497	0.01962	0.04575	0.55762	0.14208	0.02474	0.04743	0.00352	0.00533	0.05383	0.00688	0.00628
4	0.01414	0.00707	0.00707	0.00707	0.00884	0.00707	0.00530	0.01767	0.01591	0.02828	0.02474	0.02828	0.01944	0.00884	0.00530	0.00177	0.00353	0.00707	0.77554	0.00707
5	0.02237	0.46610	0.03242	0.01482	0.02059	0.14202	0.01330	0.09146	0.09090	0.02257	0.01377	0.01482	0.01154	0.00740	0.00579	0.00185	0.00885	0.00498	0.00430	0.01015
6	0.06323	0.22959	0.19022	0.04241	0.06278	0.04749	0.01753	0.12344	0.01929	0.08490	0.01453	0.01616	0.01107	0.00775	0.00727	0.00217	0.03923	0.00557	0.00459	0.01077
7	0.01803	0.01604	0.01973	0.13478	0.17718	0.09400	0.01504	0.07169	0.06719	0.05944	0.02604	0.18554	0.05888	0.01220	0.00805	0.00250	0.00797	0.01064	0.00554	0.00952
8	0.78701	0.01467	0.01115	0.00997	0.01467	0.01702	0.00821	0.02230	0.01291	0.03403	0.01056	0.01232	0.00821	0.00704	0.00469	0.00235	0.00587	0.00411	0.00469	0.00821
9	0.01682	0.23088	0.27031	0.04681	0.02582	0.04874	0.05319	0.02301	0.05137	0.02255	0.08272	0.02083	0.01738	0.01079	0.04565	0.00273	0.00991	0.00649	0.00410	0.00989
10	0.01103	0.00735	0.00827	0.00827	0.00827	0.00735	0.00460	0.01103	0.01103	0.01471	0.02390	0.04964	0.02758	0.73343	0.03861	0.00735	0.00735	0.01103	0.00460	0.00460
11	0.01608	0.05505	0.02251	0.24957	0.05310	0.04896	0.08422	0.04572	0.09844	0.02190	0.01789	0.02443	0.01501	0.07356	0.13672	0.00458	0.01148	0.00756	0.00438	0.00885
12	0.01414	0.00707	0.00707	0.00707	0.00884	0.00707	0.00530	0.01767	0.01591	0.02828	0.02474	0.02828	0.01944	0.00884	0.00530	0.00177	0.00353	0.00707	0.77554	0.00707
13	0.09011	0.02205	0.14719	0.02262	0.06216	0.06729	0.18725	0.06116	0.01758	0.04728	0.01698	0.02465	0.01435	0.01125	0.03922	0.00300	0.08406	0.06752	0.00447	0.00980
14	0.78701	0.01467	0.01115	0.00997	0.01467	0.01702	0.00821	0.02230	0.01291	0.03403	0.01056	0.01232	0.00821	0.00704	0.00469	0.00235	0.00587	0.00411	0.00469	0.00821
15	0.01706	0.01265	0.01711	0.17706	0.06087	0.01343	0.01315	0.11461	0.05683	0.08207	0.15363	0.11786	0.05167	0.01243	0.00820	0.00249	0.00679	0.03702	0.00648	0.03857
16	0.01264	0.00694	0.01041	0.01041	0.01072	0.00725	0.00725	0.01072	0.01041	0.01419	0.01482	0.02461	0.01450	0.03337	0.18443	0.60307	0.00974	0.00694	0.00347	0.00409
17	0.02531	0.16518	0.02618	0.02083	0.10091	0.31438	0.01518	0.16328	0.05384	0.02604	0.01410	0.01565	0.01133	0.00783	0.00674	0.00202	0.01055	0.00554	0.00473	0.01039
18	0.02083	0.14863	0.15635	0.08320	0.09981	0.03930	0.01690	0.02653	0.06808	0.17079	0.04355	0.05839	0.01741	0.00898	0.00717	0.00228	0.00830	0.00736	0.00542	0.01073
19	0.02005	0.20165	0.12498	0.06593	0.09759	0.16199	0.01658	0.05029	0.04274	0.02277	0.04517	0.01762	0.01372	0.00757	0.00658	0.00199	0.00943	0.00572	0.00415	0.08350
20	0.17348	0.01678	0.04262	0.19879	0.15099	0.07908	0.01576	0.02280	0.04123	0.05268	0.06818	0.02321	0.01707	0.00856	0.00700	0.00236	0.00823	0.02456	0.03732	0.00930
21	0.01672	0.01237	0.00970	0.00934	0.01150	0.13383	0.00701	0.01997	0.01692	0.02651	0.02237	0.02562	0.01768	0.00865	0.00558	0.00180	0.00538	0.00667	0.63499	0.00738
22	0.12341	0.01598	0.01710	0.07470	0.06432	0.10332	0.03499	0.09045	0.04333	0.04955	0.02222	0.18594	0.02128	0.01157	0.00736	0.00237	0.00746	0.00972	0.06160	0.05333
23	0.01208	0.00883	0.01232	0.01196	0.01319	0.01047	0.00932	0.01472	0.01276	0.01952	0.02012	0.02880	0.01838	0.06816	0.47747	0.00914	0.09345	0.00788	0.14452	0.00691
24	0.13799	0.02255	0.16709	0.01721	0.05721	0.07899	0.01540	0.13222	0.06723	0.09830	0.02282	0.02315	0.07727	0.00907	0.00705	0.00229	0.00821	0.00696	0.00565	0.04333

[dist]
# distance from previous block
# <min> <max>
0	8

[block]
# block no. 10 follows, 26 sequences, length 42
# corresponding to MSA columns:
# 533-574
name=unknown_K
#
# <colnr> <probs for GDERKNQSTAVLIFYWHMCP>
#	G	D	E	R	K	N	Q	S	T	A	V	L	I	F	Y	W	H	M	C	P
0	0.01659	0.01659	0.02323	0.01991	0.01991	0.02323	0.01659	0.01825	0.01162	0.01825	0.00996	0.01659	0.00996	0.01328	0.02489	0.00332	0.71955	0.00664	0.00332	0.00830
1	0.01606	0.01387	0.02001	0.21299	0.18752	0.01510	0.01588	0.07176	0.09504	0.02525	0.05209	0.03284	0.09620	0.04338	0.00925	0.00268	0.00770	0.03624	0.03667	0.00949
2	0.00896	0.00768	0.00768	0.00768	0.01025	0.00640	0.00576	0.01089	0.01729	0.02049	0.07684	0.07300	0.68304	0.01921	0.00896	0.00256	0.00384	0.01601	0.00704	0.00640
3	0.02833	0.03615	0.02149	0.01954	0.02345	0.70298	0.01466	0.03029	0.02149	0.01856	0.01172	0.01368	0.00977	0.00782	0.00684	0.00195	0.01368	0.00489	0.00391	0.00879
4	0.01573	0.01348	0.01573	0.01123	0.01798	0.01011	0.00899	0.01910	0.01573	0.02472	0.01348	0.01573	0.01123	0.00562	0.00562	0.00112	0.00562	0.00449	0.00449	0.77980
5	0.01084	0.00813	0.01219	0.01219	0.01354	0.00948	0.00948	0.01354	0.01219	0.01761	0.02032	0.02980	0.01896	0.05689	0.70337	0.01219	0.02032	0.00813	0.00406	0.00677
6	0.02201	0.01651	0.07975	0.25761	0.09469	0.01554	0.01730	0.07768	0.05371	0.22640	0.04807	0.02321	0.01636	0.00862	0.00762	0.00241	0.00837	0.00731	0.00598	0.01085
7	0.02883	0.02125	0.02276	0.01745	0.02352	0.02352	0.01442	0.66082	0.03566	0.04780	0.01821	0.01821	0.01290	0.00911	0.00759	0.00228	0.00835	0.00683	0.00759	0.01290
8	0.01495	0.01398	0.02324	0.54623	0.14894	0.01640	0.02034	0.01974	0.01541	0.02042	0.01388	0.02016	0.01083	0.00937	0.03587	0.00281	0.01013	0.00669	0.00351	0.04709
9	0.01521	0.03923	0.69413	0.02162	0.03283	0.01762	0.02802	0.02402	0.01601	0.02402	0.01361	0.01601	0.00961	0.00721	0.00721	0.00240	0.01121	0.00560	0.00320	0.01121
10	0.05527	0.05970	0.25797	0.01907	0.02638	0.19701	0.04737	0.10636	0.02059	0.11702	0.01575	0.01690	0.01135	0.00783	0.00709	0.00223	0.01057	0.00587	0.00487	0.01079
11	0.01128	0.00920	0.01400	0.25948	0.02594	0.01014	0.01241	0.01409	0.01499	0.01964	0.03168	0.42595	0.03550	0.01782	0.00901	0.00292	0.00663	0.06654	0.00574	0.00703
12	0.01024	0.00791	0.00839	0.00814	0.01076	0.00669	0.00615	0.01239	0.01796	0.05024	0.14426	0.06911	0.58458	0.01837	0.00891	0.00253	0.00392	0.01539	0.00729	0.00677
