[name]
unknown

[dist]
# distance from previous block
# <min> <max>
0	91

[block]
# block no. 0 follows, 36 sequences, length 56
# corresponding to MSA columns:
# 110-148,159-175
name=unknown_A
#
# <colnr> <probs for GDERKNQSTAVLIFYWHMCP>
#	G	D	E	R	K	N	Q	S	T	A	V	L	I	F	Y	W	H	M	C	P
0	0.01110	0.04867	0.01135	0.01123	0.01305	0.00830	0.00977	0.01425	0.03497	0.04686	0.03203	0.08313	0.05288	0.01598	0.00815	0.00270	0.00562	0.57817	0.00567	0.00613
1	0.01325	0.05138	0.64910	0.01805	0.02679	0.01470	0.07884	0.02004	0.01341	0.04117	0.01162	0.01360	0.00825	0.00590	0.00599	0.00196	0.00913	0.00484	0.00282	0.00915
2	0.00906	0.00604	0.00680	0.00680	0.00680	0.00604	0.00378	0.00906	0.00906	0.01208	0.01963	0.04077	0.02265	0.78103	0.03171	0.00604	0.00604	0.00906	0.00378	0.00378
3	0.00906	0.00604	0.00680	0.00680	0.00680	0.00604	0.00378	0.00906	0.00906	0.01208	0.01963	0.04077	0.02265	0.78103	0.03171	0.00604	0.00604	0.00906	0.00378	0.00378
4	0.01628	0.71556	0.09852	0.01131	0.01700	0.02372	0.01180	0.01876	0.01271	0.01513	0.00889	0.01029	0.00799	0.00538	0.00417	0.00139	0.00690	0.00345	0.00266	0.00811
5	0.01558	0.50956	0.09950	0.01206	0.04120	0.04048	0.01146	0.01860	0.03321	0.03381	0.01499	0.01589	0.07539	0.00649	0.00477	0.00151	0.00656	0.00464	0.00325	0.05106
6	0.01474	0.04239	0.11025	0.04614	0.43260	0.01394	0.01653	0.03605	0.03536	0.02060	0.01189	0.01473	0.00969	0.00556	0.00577	0.00168	0.00699	0.00505	0.00330	0.16676
7	0.01496	0.04011	0.12658	0.03291	0.57735	0.03274	0.01876	0.01899	0.01408	0.01985	0.01326	0.01636	0.03438	0.00597	0.00610	0.00186	0.00758	0.00557	0.00310	0.00950
8	0.02251	0.02842	0.01777	0.01608	0.01903	0.69731	0.01217	0.02409	0.01701	0.01523	0.00952	0.01143	0.00804	0.00678	0.00680	0.00169	0.07166	0.00413	0.00317	0.00719
9	0.01070	0.00541	0.00808	0.00814	0.00815	0.00540	0.00543	0.00814	0.00827	0.01102	0.01174	0.04845	0.01201	0.02156	0.02371	0.78695	0.00534	0.00589	0.00283	0.00280
10	0.37940	0.01639	0.03148	0.01127	0.01537	0.15312	0.00922	0.11696	0.05758	0.08195	0.02876	0.01365	0.01023	0.00655	0.00501	0.00183	0.00640	0.00446	0.00453	0.04582
11	0.01467	0.02035	0.30547	0.02355	0.26966	0.01316	0.05876	0.01958	0.01439	0.09035	0.07398	0.03971	0.01458	0.00689	0.00630	0.00195	0.00760	0.00618	0.00375	0.00913
12	0.06182	0.09509	0.05933	0.03814	0.07175	0.32484	0.09241	0.05609	0.10549	0.01949	0.01231	0.01391	0.00974	0.00636	0.00576	0.00178	0.00893	0.00493	0.00367	0.00817
13	0.01508	0.10760	0.42387	0.04370	0.09292	0.09015	0.01856	0.02131	0.06583	0.04627	0.01233	0.01399	0.00921	0.00613	0.00576	0.00187	0.00848	0.00477	0.00320	0.00896
14	0.00835	0.00635	0.00768	0.00735	0.00902	0.00568	0.00551	0.01085	0.01653	0.02237	0.52176	0.05085	0.27754	0.01371	0.00735	0.00201	0.00301	0.01187	0.00651	0.00568
15	0.01432	0.01382	0.02355	0.18620	0.45043	0.01461	0.07677	0.01882	0.05166	0.01938	0.01288	0.03717	0.01080	0.00641	0.00687	0.00198	0.03609	0.00611	0.00326	0.00888
16	0.01122	0.00879	0.01117	0.00993	0.01159	0.00952	0.00777	0.08223	0.04122	0.02489	0.53331	0.03768	0.04506	0.01180	0.00920	0.00207	0.12009	0.00969	0.00615	0.00661
17	0.82504	0.01205	0.00916	0.00819	0.01205	0.01398	0.00675	0.01832	0.01060	0.02795	0.00868	0.01012	0.00675	0.00578	0.00386	0.00193	0.00482	0.00337	0.00386	0.00675
18	0.01177	0.01107	0.01869	0.76606	0.04291	0.01384	0.01730	0.01592	0.01246	0.01592	0.01107	0.01661	0.00831	0.00623	0.00623	0.00208	0.00831	0.00554	0.00277	0.00692
19	0.04942	0.01531	0.04543	0.01299	0.01807	0.01512	0.01105	0.41181	0.02359	0.27651	0.01772	0.01677	0.01195	0.00734	0.00610	0.00186	0.00628	0.00565	0.00642	0.04062
20	0.01082	0.00541	0.00812	0.00812	0.00812	0.00541	0.00541	0.00812	0.00812	0.01082	0.01082	0.01894	0.01082	0.02165	0.02435	0.81872	0.00541	0.00541	0.00271	0.00271
21	0.01537	0.01455	0.02275	0.19160	0.42689	0.04357	0.05466	0.06918	0.03750	0.02079	0.01247	0.01604	0.00996	0.00600	0.00618	0.00190	0.00766	0.00564	0.02832	0.00897
22	0.01247	0.01058	0.01626	0.04427	0.32650	0.01063	0.01243	0.01637	0.07390	0.04006	0.06329	0.26024	0.04149	0.01130	0.00692	0.00214	0.00556	0.03308	0.00469	0.00782
23	0.01576	0.61652	0.15232	0.01178	0.01778	0.02206	0.01257	0.01868	0.01276	0.01582	0.00922	0.01068	0.00804	0.00539	0.00435	0.00142	0.00698	0.00357	0.00271	0.05160
24	0.01285	0.09576	0.68830	0.01716	0.02604	0.01533	0.02198	0.01964	0.01311	0.01930	0.01097	0.01289	0.00790	0.00587	0.00576	0.00192	0.00899	0.00450	0.00263	0.00911
25	0.00759	0.00542	0.00723	0.00868	0.00904	0.00506	0.00578	0.00868	0.01193	0.01591	0.03434	0.77697	0.04121	0.01952	0.00795	0.00253	0.00361	0.01771	0.00578	0.00506
26	0.01177	0.01107	0.01869	0.76606	0.04291	0.01384	0.01730	0.01592	0.01246	0.01592	0.01107	0.01661	0.00831	0.00623	0.00623	0.00208	0.00831	0.00554	0.00277	0.00692
27	0.00850	0.00709	0.00741	0.00769	0.00934	0.02705	0.00556	0.03592	0.01410	0.01731	0.05010	0.29863	0.45615	0.01646	0.00747	0.00222	0.00368	0.01415	0.00573	0.00545
28	0.01542	0.01480	0.02529	0.03824	0.74217	0.01480	0.01912	0.01912	0.01419	0.02036	0.01172	0.01542	0.00987	0.00555	0.00617	0.00185	0.00740	0.00555	0.00308	0.00987
29	0.02368	0.01745	0.01870	0.01434	0.01932	0.01932	0.01184	0.72139	0.02929	0.03927	0.01496	0.01496	0.01060	0.00748	0.00623	0.00187	0.00686	0.00561	0.00623	0.01060
30	0.02327	0.02970	0.01766	0.01605	0.01926	0.75602	0.01204	0.02488	0.01766	0.01525	0.00963	0.01124	0.00803	0.00642	0.00562	0.00161	0.01124	0.00401	0.00321	0.00722
31	0.01721	0.01980	0.22342	0.01850	0.12607	0.01549	0.04176	0.22509	0.12588	0.05490	0.03535	0.01689	0.01244	0.00689	0.00618	0.00192	0.00720	0.00572	0.00466	0.03463
32	0.01605	0.67533	0.13680	0.01169	0.01759	0.02317	0.01246	0.01881	0.01273	0.01540	0.00903	0.01045	0.00798	0.00542	0.00428	0.00143	0.00703	0.00352	0.00266	0.00817
33	0.00759	0.00542	0.00723	0.00868	0.00904	0.00506	0.00578	0.00868	0.01193	0.01591	0.03434	0.77697	0.04121	0.01952	0.00795	0.00253	0.00361	0.01771	0.00578	0.00506
34	0.01363	0.01363	0.01908	0.01636	0.01636	0.01908	0.01363	0.01499	0.00954	0.01499	0.00818	0.01363	0.00818	0.01091	0.02045	0.00273	0.76963	0.00545	0.00273	0.00682
35	0.01529	0.01516	0.02732	0.03612	0.61670	0.01497	0.14296	0.01927	0.01428	0.02029	0.01188	0.01567	0.00980	0.00550	0.00638	0.00189	0.00795	0.00587	0.00310	0.00961
36	0.00759	0.00542	0.00723	0.00868	0.00904	0.00506	0.00578	0.00868	0.01193	0.01591	0.03434	0.77697	0.04121	0.01952	0.00795	0.00253	0.00361	0.01771	0.00578	0.00506
37	0.01082	0.00541	0.00812	0.00812	0.00812	0.00541	0.00541	0.00812	0.00812	0.01082	0.01082	0.01894	0.01082	0.02165	0.02435	0.81872	0.00541	0.00541	0.00271	0.00271
38	0.00896	0.00642	0.00874	0.00874	0.00941	0.00710	0.00620	0.01031	0.00964	0.01352	0.01786	0.03094	0.01838	0.33779	0.46912	0.00844	0.01247	0.00762	0.00351	0.00485
39	0.00853	0.00636	0.00793	0.00753	0.00913	0.00576	0.00565	0.01120	0.01695	0.02336	0.60451	0.04921	0.19417	0.01334	0.00735	0.00199	0.00298	0.01164	0.00665	0.00576
40	0.00759	0.00542	0.00723	0.00868	0.00904	0.00506	0.00578	0.00868	0.01193	0.01591	0.03434	0.77697	0.04121	0.01952	0.00795	0.00253	0.00361	0.01771	0.00578	0.00506
41	0.00758	0.00546	0.00719	0.00858	0.00901	0.00507	0.00574	0.00869	0.01202	0.01594	0.03547	0.74880	0.06865	0.01937	0.00793	0.00251	0.00360	0.01753	0.00578	0.00507
42	0.01542	0.01480	0.02529	0.03824	0.74217	0.01480	0.01912	0.01912	0.01419	0.02036	0.01172	0.01542	0.00987	0.00555	0.00617	0.00185	0.00740	0.00555	0.00308	0.00987
43	0.01250	0.03223	0.74875	0.01776	0.02697	0.01447	0.02302	0.01973	0.01315	0.01973	0.01118	0.01315	0.00789	0.00592	0.00592	0.00197	0.00921	0.00460	0.00263	0.00921
44	0.01239	0.01171	0.01982	0.64118	0.16289	0.01401	0.01762	0.01647	0.01276	0.01668	0.01118	0.01641	0.00857	0.00611	0.00622	0.00204	0.00815	0.00554	0.00282	0.00743
45	0.02327	0.02970	0.01766	0.01605	0.01926	0.75602	0.01204	0.02488	0.01766	0.01525	0.00963	0.01124	0.00803	0.00642	0.00562	0.00161	0.01124	0.00401	0.00321	0.00722
46	0.01004	0.00717	0.01004	0.01147	0.01291	0.00717	0.01004	0.01291	0.01434	0.01865	0.03299	0.07028	0.03586	0.01721	0.00861	0.00287	0.00574	0.70023	0.00574	0.00574
47	0.00759	0.00542	0.00723	0.00868	0.00904	0.00506	0.00578	0.00868	0.01193	0.01591	0.03434	0.77697	0.04121	0.01952	0.00795	0.00253	0.00361	0.01771	0.00578	0.00506
48	0.00813	0.00584	0.00798	0.00928	0.00990	0.00569	0.00670	0.00963	0.01214	0.01622	0.03234	0.58278	0.03773	0.02187	0.08346	0.00334	0.00529	0.13093	0.00553	0.00522
49	0.01599	0.01363	0.01437	0.01278	0.01639	0.01573	0.00998	0.07462	0.68860	0.02686	0.02473	0.02275	0.01851	0.00839	0.00633	0.00210	0.00505	0.00696	0.00633	0.00991
50	0.01004	0.00717	0.01004	0.01147	0.01291	0.00717	0.01004	0.01291	0.01434	0.01865	0.03299	0.07028	0.03586	0.01721	0.00861	0.00287	0.00574	0.70023	0.00574	0.00574
51	0.01340	0.03048	0.68182	0.01774	0.02660	0.01424	0.04965	0.02030	0.01346	0.05830	0.01195	0.01373	0.00835	0.00599	0.00599	0.00198	0.00905	0.00480	0.00292	0.00925
52	0.01366	0.05866	0.17128	0.01727	0.02003	0.01812	0.08141	0.01663	0.01093	0.01641	0.00923	0.01364	0.00823	0.00906	0.01537	0.00244	0.50203	0.00534	0.00274	0.00752
53	0.01614	0.02418	0.48377	0.01502	0.02241	0.01241	0.01770	0.02195	0.03236	0.20634	0.01904	0.01913	0.06730	0.00721	0.00613	0.00198	0.00762	0.00576	0.00428	0.00927
54	0.01350	0.00836	0.01013	0.00917	0.01103	0.00925	0.00725	0.09493	0.01409	0.06943	0.01796	0.02166	0.01454	0.01829	0.20917	0.00395	0.07371	0.00602	0.38088	0.00669
55	0.01889	0.02138	0.02179	0.02499	0.29698	0.34592	0.07295	0.04224	0.03435	0.01889	0.03543	0.01488	0.01089	0.00628	0.00607	0.00177	0.00915	0.00524	0.00344	0.00845

[dist]
# distance from previous block
# <min> <max>
0	2

[block]
# block no. 1 follows, 36 sequences, length 21
# corresponding to MSA columns:
# 178-198
name=unknown_B
#
# <colnr> <probs for GDERKNQSTAVLIFYWHMCP>
#	G	D	E	R	K	N	Q	S	T	A	V	L	I	F	Y	W	H	M	C	P
0	0.01072	0.00871	0.01352	0.01209	0.01391	0.00913	0.10218	0.01375	0.05596	0.01775	0.12228	0.03719	0.05118	0.08870	0.14675	0.08463	0.05479	0.14635	0.00450	0.00590
1	0.01362	0.02519	0.43343	0.14466	0.10479	0.06782	0.06164	0.01927	0.01345	0.01871	0.01110	0.01406	0.00828	0.00609	0.00652	0.00198	0.03299	0.00501	0.00278	0.00863
2	0.00857	0.00629	0.00781	0.00832	0.00945	0.00587	0.00586	0.03153	0.01276	0.01671	0.05221	0.43507	0.20393	0.01943	0.05380	0.06778	0.00455	0.01401	0.00536	0.03070
3	0.00904	0.00599	0.00701	0.00716	0.00733	0.00592	0.00429	0.00907	0.00961	0.01269	0.02253	0.09371	0.05848	0.60459	0.02751	0.07020	0.00567	0.03129	0.00399	0.00392
4	0.01412	0.01104	0.01304	0.00938	0.01486	0.00837	0.00752	0.01686	0.01331	0.07812	0.01215	0.01358	0.00972	0.00486	0.00475	0.00100	0.00467	0.00390	0.00401	0.75475
5	0.08095	0.02375	0.01745	0.01483	0.01877	0.42117	0.01158	0.29066	0.02160	0.02534	0.01160	0.01258	0.00892	0.00678	0.00573	0.00173	0.00910	0.00458	0.00441	0.00848
6	0.01292	0.01107	0.01292	0.00923	0.01477	0.00831	0.00738	0.01569	0.01292	0.02030	0.01107	0.01292	0.00923	0.00461	0.00461	0.00092	0.00461	0.00369	0.00369	0.81912
7	0.01270	0.06899	0.71377	0.01741	0.02643	0.01497	0.02242	0.01968	0.01313	0.01948	0.01106	0.01300	0.00790	0.00589	0.00583	0.00194	0.00908	0.00454	0.00263	0.00915
8	0.01177	0.01107	0.01869	0.76606	0.04291	0.01384	0.01730	0.01592	0.01246	0.01592	0.01107	0.01661	0.00831	0.00623	0.00623	0.00208	0.00831	0.00554	0.00277	0.00692
9	0.00773	0.00627	0.00727	0.00816	0.03135	0.00550	0.00557	0.00924	0.01351	0.01684	0.07017	0.30621	0.45676	0.01667	0.00753	0.00224	0.00344	0.01444	0.00573	0.00535
10	0.01610	0.72896	0.03103	0.01061	0.01564	0.02344	0.01045	0.01812	0.01247	0.01464	0.00924	0.01103	0.00854	0.00830	0.05797	0.00196	0.00738	0.00357	0.00271	0.00782
11	0.01542	0.01480	0.02529	0.03824	0.74217	0.01480	0.01912	0.01912	0.01419	0.02036	0.01172	0.01542	0.00987	0.00555	0.00617	0.00185	0.00740	0.00555	0.00308	0.00987
12	0.00873	0.00637	0.00821	0.00775	0.00926	0.00584	0.00581	0.01159	0.01744	0.02451	0.69952	0.04732	0.09845	0.01291	0.00735	0.00197	0.00295	0.01138	0.00680	0.00584
13	0.01454	0.06832	0.27010	0.04241	0.24203	0.03395	0.09911	0.02132	0.10894	0.02027	0.01319	0.01544	0.01017	0.00605	0.00610	0.00192	0.00812	0.00546	0.00334	0.00922
14	0.01287	0.16231	0.39889	0.01743	0.11691	0.01489	0.01737	0.01778	0.01338	0.01846	0.01854	0.02101	0.10883	0.00745	0.00588	0.00189	0.00757	0.02688	0.00322	0.00843
15	0.02260	0.01691	0.01809	0.01412	0.01891	0.01881	0.01158	0.63007	0.12238	0.03752	0.01634	0.01606	0.01171	0.00761	0.00625	0.00190	0.00660	0.00580	0.00625	0.01050
16	0.00972	0.00694	0.00967	0.01110	0.01240	0.00689	0.00948	0.01235	0.01402	0.01828	0.03317	0.16404	0.03657	0.01752	0.00852	0.00282	0.00546	0.60967	0.00574	0.00565
17	0.03993	0.07583	0.16840	0.01871	0.18774	0.08760	0.01414	0.05152	0.03349	0.05996	0.14600	0.02242	0.03723	0.00780	0.00614	0.00187	0.00687	0.02170	0.00428	0.00837
18	0.02191	0.02719	0.01872	0.01901	0.11508	0.63317	0.01303	0.02379	0.01693	0.01592	0.00986	0.01187	0.00828	0.00645	0.00618	0.00167	0.03594	0.00426	0.00318	0.00756
19	0.00783	0.00570	0.00710	0.00800	0.00866	0.00528	0.00536	0.00897	0.01227	0.01614	0.08297	0.52022	0.14828	0.11953	0.01097	0.00289	0.00382	0.01543	0.00559	0.00497
20	0.01185	0.02867	0.65037	0.01655	0.02459	0.01322	0.02073	0.01826	0.01299	0.01922	0.01425	0.11450	0.01231	0.00772	0.00619	0.00205	0.00847	0.00634	0.00305	0.00866

[dist]
# distance from previous block
# <min> <max>
0	5

[block]
# block no. 2 follows, 36 sequences, length 13
# corresponding to MSA columns:
# 204-216
name=unknown_C
#
# <colnr> <probs for GDERKNQSTAVLIFYWHMCP>
#	G	D	E	R	K	N	Q	S	T	A	V	L	I	F	Y	W	H	M	C	P
0	0.01282	0.01215	0.02058	0.55698	0.24379	0.01412	0.01783	0.01684	0.01296	0.01719	0.01126	0.01627	0.00875	0.00603	0.00621	0.00201	0.00805	0.00554	0.00286	0.00777
1	0.02102	0.02542	0.01985	0.02243	0.22693	0.54309	0.01407	0.02323	0.01666	0.01672	0.01023	0.01244	0.00856	0.00617	0.00578	0.00168	0.01013	0.00445	0.00317	0.00798
2	0.01321	0.01392	0.07028	0.21047	0.36489	0.01323	0.06347	0.01717	0.01405	0.01944	0.08319	0.02107	0.05455	0.00697	0.00642	0.00196	0.00729	0.00657	0.00349	0.00837
3	0.02210	0.00912	0.01238	0.01039	0.01393	0.00798	0.00819	0.02413	0.01614	0.53661	0.02738	0.23831	0.02283	0.01110	0.00675	0.00210	0.00482	0.00955	0.00716	0.00901
4	0.00895	0.00647	0.00899	0.00899	0.00974	0.00723	0.00651	0.01047	0.00971	0.01370	0.01763	0.02967	0.01783	0.28092	0.52524	0.00875	0.01329	0.00744	0.00348	0.00499
5	0.01061	0.00906	0.01255	0.01142	0.01213	0.01119	0.00902	0.01253	0.01195	0.01748	0.22132	0.02827	0.02591	0.08676	0.21219	0.00472	0.28504	0.00775	0.00416	0.00596
6	0.01030	0.01142	0.10730	0.01437	0.07487	0.00888	0.09330	0.01361	0.01428	0.01994	0.22811	0.21920	0.03364	0.01467	0.05712	0.00271	0.00627	0.05834	0.00499	0.00669
7	0.00759	0.00542	0.00723	0.00868	0.00904	0.00506	0.00578	0.00868	0.01193	0.01591	0.03434	0.77697	0.04121	0.01952	0.00795	0.00253	0.00361	0.01771	0.00578	0.00506
8	0.01229	0.02615	0.53902	0.23272	0.03155	0.01429	0.02138	0.01864	0.01295	0.01864	0.01115	0.01415	0.00801	0.00601	0.00601	0.00200	0.00895	0.00487	0.00267	0.00855
9	0.01757	0.01797	0.01531	0.04532	0.01820	0.22816	0.01080	0.03002	0.49581	0.02253	0.02024	0.01952	0.01541	0.00778	0.00613	0.00197	0.00688	0.00611	0.00529	0.00898
10	0.59057	0.01042	0.00892	0.00809	0.01126	0.01165	0.00650	0.01643	0.01262	0.02710	0.21844	0.02058	0.02170	0.00778	0.00486	0.00194	0.00428	0.00564	0.00472	0.00650
11	0.01116	0.02073	0.39645	0.01548	0.03998	0.01132	0.06455	0.01641	0.03413	0.01920	0.06676	0.23540	0.02133	0.01030	0.00672	0.00214	0.00710	0.00910	0.00397	0.00778
12	0.01606	0.29559	0.02136	0.01224	0.01624	0.01921	0.01047	0.04867	0.39782	0.02158	0.01778	0.01750	0.01400	0.00744	0.00642	0.00186	0.05649	0.00553	0.00475	0.00900

[dist]
# distance from previous block
# <min> <max>
0	3

[block]
# block no. 3 follows, 36 sequences, length 18
# corresponding to MSA columns:
# 220-237
name=unknown_D
#
# <colnr> <probs for GDERKNQSTAVLIFYWHMCP>
#	G	D	E	R	K	N	Q	S	T	A	V	L	I	F	Y	W	H	M	C	P
0	0.71919	0.01276	0.01042	0.00900	0.01301	0.01468	0.00742	0.11118	0.01307	0.02945	0.00951	0.01076	0.00726	0.00601	0.00417	0.00192	0.00509	0.00367	0.00417	0.00726
1	0.01454	0.02937	0.65176	0.01688	0.02551	0.01377	0.02119	0.02114	0.01377	0.11573	0.01295	0.01422	0.00889	0.00616	0.00597	0.00197	0.00869	0.00482	0.00330	0.00939
2	0.01365	0.01060	0.01723	0.60037	0.03642	0.01253	0.01523	0.01747	0.01362	0.11321	0.07618	0.01982	0.01364	0.00699	0.00633	0.00205	0.00744	0.00613	0.00378	0.00732
3	0.01485	0.01390	0.01418	0.04982	0.01709	0.10800	0.00877	0.05772	0.01447	0.02050	0.01111	0.01301	0.00910	0.00510	0.00492	0.00113	0.00581	0.00394	0.00373	0.62286
4	0.27618	0.01039	0.01233	0.02793	0.01419	0.01090	0.08170	0.05520	0.04532	0.03666	0.14559	0.02903	0.12961	0.02996	0.00660	0.00210	0.00501	0.02734	0.04718	0.00681
5	0.01323	0.01681	0.18283	0.19146	0.30594	0.01340	0.04469	0.01778	0.01379	0.01971	0.06563	0.01796	0.01301	0.00640	0.00616	0.00192	0.00755	0.00584	0.04738	0.00849
6	0.01186	0.08368	0.04528	0.01165	0.05215	0.01024	0.00893	0.01655	0.12242	0.05705	0.14400	0.19652	0.05265	0.03035	0.08398	0.00300	0.00603	0.05136	0.00527	0.00701
7	0.01328	0.01193	0.10823	0.05011	0.06815	0.00929	0.04905	0.01721	0.03163	0.13210	0.34754	0.03390	0.05431	0.01003	0.00689	0.00201	0.00526	0.03586	0.00569	0.00756
8	0.01575	0.01250	0.01440	0.03483	0.05127	0.03744	0.01005	0.17089	0.19286	0.06058	0.05534	0.06291	0.07717	0.01311	0.07434	0.02333	0.05384	0.00749	0.00533	0.02658
9	0.09286	0.06068	0.01622	0.01356	0.01689	0.42639	0.01049	0.08658	0.07493	0.02071	0.10757	0.01704	0.01573	0.00740	0.00572	0.00173	0.00842	0.00527	0.00425	0.00756
10	0.01384	0.01018	0.02946	0.09301	0.01686	0.02760	0.05508	0.03590	0.01474	0.11149	0.09057	0.07939	0.06315	0.00905	0.00611	0.00181	0.00524	0.04501	0.15662	0.13491
11	0.00845	0.00641	0.00854	0.10802	0.01293	0.00647	0.00673	0.00975	0.01161	0.01514	0.03124	0.42672	0.11307	0.19033	0.01305	0.00322	0.00473	0.01361	0.00493	0.00504
12	0.82504	0.01205	0.00916	0.00819	0.01205	0.01398	0.00675	0.01832	0.01060	0.02795	0.00868	0.01012	0.00675	0.00578	0.00386	0.00193	0.00482	0.00337	0.00386	0.00675
13	0.00816	0.00592	0.00782	0.00913	0.00991	0.00559	0.00671	0.00972	0.01272	0.01665	0.03667	0.54096	0.10432	0.01862	0.00806	0.00257	0.00408	0.18137	0.00577	0.00524
14	0.01274	0.01219	0.03558	0.33925	0.08793	0.03077	0.03277	0.01665	0.04439	0.01807	0.05114	0.01741	0.01199	0.00723	0.00745	0.04432	0.03699	0.00549	0.00339	0.18425
15	0.03000	0.01207	0.11847	0.10501	0.01774	0.01031	0.05144	0.04207	0.01214	0.01732	0.06274	0.02615	0.01731	0.22450	0.17584	0.00484	0.03529	0.00704	0.02348	0.00624
16	0.01076	0.00913	0.02843	0.01145	0.06296	0.04405	0.00790	0.03182	0.02947	0.01635	0.05883	0.08261	0.04115	0.21687	0.25579	0.02912	0.00939	0.02561	0.02258	0.00573
17	0.00987	0.00809	0.01203	0.08088	0.01468	0.00995	0.00938	0.01206	0.01013	0.01458	0.01502	0.02278	0.01409	0.06660	0.54924	0.00804	0.12707	0.00648	0.00321	0.00580

[dist]
# distance from previous block
# <min> <max>
0	10

[block]
# block no. 4 follows, 36 sequences, length 20
# corresponding to MSA columns:
# 248-267
name=unknown_E
#
# <colnr> <probs for GDERKNQSTAVLIFYWHMCP>
#	G	D	E	R	K	N	Q	S	T	A	V	L	I	F	Y	W	H	M	C	P
0	0.01436	0.01395	0.02288	0.33579	0.36365	0.03798	0.06351	0.03899	0.01407	0.01891	0.01154	0.01586	0.00916	0.00590	0.00626	0.00195	0.00808	0.00562	0.00306	0.00850
1	0.01358	0.01027	0.03253	0.01369	0.07628	0.00973	0.03121	0.08251	0.04736	0.07345	0.02421	0.08017	0.02393	0.07828	0.00929	0.00260	0.00585	0.28031	0.04476	0.05998
2	0.06056	0.01240	0.01593	0.10728	0.10617	0.04203	0.05307	0.16615	0.01691	0.07972	0.03169	0.02037	0.03621	0.03818	0.04046	0.00236	0.00677	0.00613	0.14964	0.00797
3	0.01318	0.02744	0.52748	0.02040	0.02871	0.01487	0.23948	0.01980	0.01364	0.01980	0.01162	0.01429	0.00838	0.00571	0.00636	0.00201	0.00961	0.00546	0.00279	0.00896
4	0.01151	0.01052	0.01503	0.01352	0.01402	0.01403	0.01102	0.01326	0.00975	0.01476	0.01199	0.01848	0.01149	0.02693	0.34970	0.00599	0.43275	0.00600	0.00300	0.00626
5	0.01419	0.03942	0.01375	0.06350	0.08874	0.01020	0.00938	0.04906	0.03537	0.13910	0.18059	0.12094	0.06169	0.06810	0.00934	0.00232	0.04936	0.00896	0.00539	0.03059
6	0.00807	0.00661	0.00761	0.04253	0.01069	0.00609	0.00605	0.01032	0.04120	0.01699	0.05017	0.24681	0.45879	0.01612	0.00749	0.00225	0.00371	0.04735	0.00566	0.00548
7	0.01292	0.01107	0.01292	0.00923	0.01477	0.00831	0.00738	0.01569	0.01292	0.02030	0.01107	0.01292	0.00923	0.00461	0.00461	0.00092	0.00461	0.00369	0.00369	0.81912
8	0.01472	0.01523	0.07852	0.02637	0.35655	0.01358	0.11834	0.04615	0.01433	0.03525	0.01348	0.06633	0.01174	0.00669	0.00682	0.00185	0.03914	0.00631	0.00353	0.12507
9	0.03950	0.01346	0.12428	0.03346	0.01527	0.04546	0.03992	0.01443	0.01098	0.04103	0.01477	0.02492	0.01453	0.28790	0.11810	0.00461	0.14105	0.00674	0.00342	0.00615
10	0.01173	0.00831	0.01257	0.09991	0.05011	0.00835	0.04181	0.01437	0.01380	0.08431	0.02864	0.19275	0.05277	0.03889	0.00852	0.00262	0.00579	0.31305	0.00528	0.00642
11	0.02327	0.02970	0.01766	0.01605	0.01926	0.75602	0.01204	0.02488	0.01766	0.01525	0.00963	0.01124	0.00803	0.00642	0.00562	0.00161	0.01124	0.00401	0.00321	0.00722
12	0.04135	0.01281	0.03691	0.13235	0.20411	0.01326	0.03714	0.06731	0.16801	0.04519	0.06053	0.07033	0.01828	0.00859	0.00653	0.00208	0.00636	0.05569	0.00468	0.00850
13	0.06786	0.01416	0.05998	0.18523	0.34864	0.01425	0.01618	0.04252	0.05453	0.05390	0.01296	0.01629	0.01025	0.00824	0.04307	0.00236	0.03179	0.00553	0.00355	0.00875
14	0.01070	0.00586	0.00874	0.00864	0.00878	0.00619	0.00599	0.00872	0.00839	0.01141	0.01142	0.01940	0.01129	0.02421	0.11051	0.69334	0.03488	0.00556	0.00278	0.00319
15	0.01127	0.01026	0.01393	0.13233	0.08526	0.04683	0.03016	0.01330	0.01271	0.01672	0.09314	0.08049	0.15538	0.05121	0.05218	0.05760	0.11841	0.00855	0.00407	0.00619
16	0.01468	0.01906	0.22659	0.13048	0.37403	0.01435	0.05591	0.01944	0.01387	0.05496	0.01215	0.01531	0.00935	0.00584	0.00617	0.00193	0.00809	0.00541	0.00314	0.00924
17	0.05006	0.01476	0.01849	0.10959	0.24556	0.06458	0.01363	0.11043	0.19164	0.02347	0.01566	0.03591	0.01251	0.00694	0.00604	0.00189	0.00671	0.00591	0.00439	0.06184
18	0.01173	0.04149	0.01552	0.15678	0.01928	0.03931	0.01169	0.01397	0.01105	0.01525	0.01434	0.07125	0.01399	0.02133	0.23722	0.00470	0.25106	0.04041	0.00329	0.00635
19	0.01326	0.04742	0.04636	0.06239	0.16665	0.02740	0.12289	0.05932	0.01438	0.01969	0.03207	0.15935	0.04144	0.02693	0.00736	0.00206	0.02047	0.02565	0.01976	0.08517

[dist]
# distance from previous block
# <min> <max>
3	6

[block]
# block no. 5 follows, 36 sequences, length 70
# corresponding to MSA columns:
# 274-343
name=unknown_F
#
# <colnr> <probs for GDERKNQSTAVLIFYWHMCP>
#	G	D	E	R	K	N	Q	S	T	A	V	L	I	F	Y	W	H	M	C	P
0	0.35634	0.06419	0.05071	0.03203	0.05818	0.16617	0.01062	0.04056	0.01312	0.02201	0.00966	0.01184	0.00791	0.00719	0.02204	0.00202	0.07096	0.00407	0.00348	0.04690
1	0.40406	0.08759	0.03853	0.07661	0.03234	0.03377	0.01033	0.14366	0.03291	0.02611	0.01056	0.01231	0.00822	0.00648	0.00573	0.00192	0.05281	0.00427	0.00400	0.00780
2	0.01240	0.01179	0.05175	0.15225	0.17665	0.01204	0.01303	0.05391	0.01371	0.01927	0.10704	0.04041	0.01837	0.04798	0.12328	0.00343	0.07977	0.02216	0.00384	0.03693
3	0.02185	0.12702	0.08149	0.01256	0.01738	0.01286	0.04520	0.05005	0.01589	0.41915	0.01878	0.01842	0.01294	0.01078	0.07522	0.00262	0.03701	0.00572	0.00566	0.00938
4	0.00926	0.00683	0.00853	0.00823	0.00985	0.00651	0.00628	0.01297	0.06313	0.02355	0.53721	0.06934	0.11320	0.01307	0.00729	0.00205	0.00331	0.05981	0.03352	0.00605
5	0.01444	0.05219	0.05455	0.20391	0.13566	0.06564	0.12042	0.01832	0.03927	0.03769	0.01267	0.01778	0.01051	0.00905	0.03789	0.02715	0.10307	0.02877	0.00327	0.00774
6	0.01669	0.03486	0.03854	0.12753	0.41286	0.10829	0.06606	0.06488	0.01544	0.03846	0.01188	0.01509	0.00950	0.00591	0.00614	0.00186	0.00815	0.00543	0.00336	0.00905
7	0.00906	0.00604	0.00680	0.00680	0.00680	0.00604	0.00378	0.00906	0.00906	0.01208	0.01963	0.04077	0.02265	0.78103	0.03171	0.00604	0.00604	0.00906	0.00378	0.00378
8	0.00802	0.00607	0.00868	0.04332	0.01131	0.00584	0.02814	0.00940	0.01206	0.01603	0.03304	0.68729	0.05609	0.01889	0.02164	0.00262	0.00427	0.01653	0.00552	0.00526
9	0.01148	0.01007	0.01498	0.29361	0.11924	0.01132	0.01248	0.01678	0.13148	0.01818	0.02126	0.27046	0.02123	0.01093	0.00681	0.00220	0.00607	0.00984	0.00440	0.00718
10	0.00993	0.00824	0.01278	0.06208	0.17596	0.00820	0.02587	0.01191	0.01241	0.01685	0.02617	0.47121	0.02978	0.04974	0.02929	0.00271	0.00543	0.03036	0.00478	0.00630
11	0.00894	0.00672	0.00996	0.03930	0.01205	0.00768	0.00788	0.01106	0.01038	0.01468	0.01871	0.09336	0.01856	0.07388	0.60390	0.00863	0.01437	0.03079	0.00363	0.00550
12	0.04077	0.01375	0.01890	0.56650	0.10733	0.09936	0.01640	0.03297	0.01354	0.01720	0.01098	0.01562	0.00843	0.00620	0.00607	0.00199	0.00841	0.00529	0.00296	0.00732
13	0.01250	0.03223	0.74875	0.01776	0.02697	0.01447	0.02302	0.01973	0.01315	0.01973	0.01118	0.01315	0.00789	0.00592	0.00592	0.00197	0.00921	0.00460	0.00263	0.00921
14	0.01551	0.01536	0.02585	0.05852	0.63453	0.03930	0.08061	0.01929	0.01429	0.02002	0.01171	0.01544	0.00972	0.00557	0.00626	0.00187	0.00783	0.00566	0.00308	0.00956
15	0.00953	0.00877	0.02974	0.07922	0.07184	0.03109	0.03493	0.01159	0.01298	0.01677	0.03336	0.41927	0.15642	0.01518	0.00743	0.00232	0.00498	0.04357	0.00504	0.00597
16	0.00981	0.00672	0.00961	0.02616	0.01067	0.00751	0.00713	0.01032	0.00973	0.01349	0.01674	0.06392	0.01722	0.14485	0.30305	0.22981	0.05564	0.04957	0.00345	0.00460
17	0.01720	0.01978	0.01521	0.01522	0.06050	0.41178	0.03192	0.03488	0.01572	0.01657	0.01847	0.25412	0.01954	0.01081	0.00655	0.00197	0.00831	0.03053	0.00416	0.00677
18	0.01565	0.04407	0.34016	0.06261	0.07257	0.01300	0.05448	0.02134	0.05314	0.16124	0.05782	0.01950	0.04244	0.00713	0.00620	0.00196	0.00743	0.00601	0.00425	0.00899
19	0.01517	0.06208	0.05389	0.08057	0.57056	0.01516	0.01798	0.01882	0.01394	0.03313	0.02827	0.01584	0.01075	0.00597	0.00651	0.00187	0.03142	0.00552	0.00318	0.00936
20	0.01318	0.01293	0.01990	0.57961	0.17650	0.05945	0.01733	0.01709	0.01311	0.01673	0.01111	0.01605	0.00859	0.00611	0.00618	0.00200	0.00831	0.00545	0.00286	0.00751
21	0.01367	0.01286	0.02142	0.30490	0.40674	0.01405	0.01735	0.01806	0.04465	0.01860	0.01238	0.01676	0.01004	0.00845	0.05211	0.00245	0.00820	0.00568	0.00313	0.00851
22	0.02079	0.01247	0.06964	0.03894	0.05082	0.01055	0.07403	0.05928	0.01634	0.40343	0.02168	0.08917	0.01656	0.01094	0.05246	0.00252	0.00688	0.02832	0.00599	0.00920
23	0.01368	0.01354	0.02265	0.32996	0.28793	0.03858	0.10355	0.01755	0.01356	0.01806	0.01345	0.01876	0.02957	0.00657	0.00675	0.00202	0.02559	0.02701	0.00311	0.00808
24	0.01942	0.02208	0.01629	0.09696	0.02027	0.44802	0.01159	0.07880	0.08389	0.01953	0.10785	0.01789	0.01597	0.00751	0.00603	0.00177	0.00889	0.00555	0.00417	0.00753
25	0.05132	0.01117	0.01826	0.66002	0.08310	0.01362	0.01653	0.01600	0.01246	0.01677	0.01176	0.04103	0.00940	0.00660	0.00617	0.00207	0.00793	0.00583	0.00294	0.00703
26	0.01724	0.22508	0.22611	0.06162	0.02318	0.12117	0.08801	0.09115	0.01565	0.05863	0.01154	0.01326	0.00880	0.00604	0.00559	0.00176	0.00845	0.00472	0.00342	0.00860
27	0.01230	0.01030	0.01498	0.37917	0.06983	0.02968	0.01242	0.01601	0.05912	0.04783	0.01561	0.04617	0.01413	0.18611	0.05799	0.00345	0.00782	0.00688	0.00361	0.00660
28	0.02204	0.02616	0.01774	0.04175	0.07858	0.61114	0.01238	0.02398	0.01704	0.04798	0.01089	0.01263	0.00880	0.00643	0.00567	0.00165	0.01026	0.00435	0.03300	0.00753
29	0.01425	0.01621	0.14838	0.09611	0.04059	0.01593	0.02840	0.03553	0.04381	0.06438	0.05588	0.01692	0.01230	0.00898	0.01303	0.00234	0.36980	0.00583	0.00355	0.00778
30	0.00977	0.00655	0.00861	0.00804	0.00964	0.00602	0.00605	0.01261	0.01742	0.06224	0.67415	0.07372	0.05584	0.01274	0.00732	0.00198	0.00309	0.01126	0.00686	0.00609
31	0.01156	0.00986	0.04911	0.04491	0.01618	0.00851	0.11447	0.01459	0.01445	0.07671	0.05688	0.06443	0.23639	0.01253	0.00731	0.00225	0.00562	0.19279	0.05484	0.00659
32	0.10792	0.01407	0.05274	0.10056	0.02034	0.05953	0.08705	0.06152	0.02845	0.02062	0.08867	0.02438	0.01715	0.00936	0.00990	0.00226	0.19296	0.09132	0.00403	0.00720
33	0.00760	0.00561	0.00714	0.00834	0.00902	0.00514	0.00570	0.00881	0.01236	0.01612	0.03909	0.64308	0.15708	0.01885	0.00787	0.00247	0.00358	0.03126	0.00578	0.00511
34	0.00812	0.00586	0.00770	0.00898	0.00966	0.00553	0.00646	0.00955	0.01244	0.01634	0.03543	0.55554	0.08780	0.05213	0.00908	0.00272	0.00411	0.15171	0.00569	0.00515
35	0.01431	0.01415	0.02175	0.36813	0.37311	0.06627	0.01780	0.01807	0.01364	0.01798	0.01128	0.01567	0.00903	0.00592	0.00616	0.00194	0.00808	0.00544	0.00295	0.00834
36	0.01187	0.01111	0.01872	0.60210	0.10092	0.01319	0.03674	0.01585	0.01301	0.01694	0.04514	0.02074	0.03133	0.00704	0.00641	0.00208	0.00783	0.02871	0.00316	0.00710
37	0.01080	0.00899	0.00834	0.00814	0.00860	0.09831	0.00505	0.01114	0.01018	0.01262	0.01822	0.03611	0.02040	0.63908	0.07465	0.00575	0.00736	0.00829	0.00368	0.00431
38	0.01292	0.01107	0.01292	0.00923	0.01477	0.00831	0.00738	0.01569	0.01292	0.02030	0.01107	0.01292	0.00923	0.00461	0.00461	0.00092	0.00461	0.00369	0.00369	0.81912
39	0.04104	0.24629	0.02182	0.01431	0.01803	0.49983	0.01157	0.02256	0.01574	0.01539	0.00927	0.01094	0.00799	0.00625	0.00565	0.00158	0.03741	0.00385	0.00305	0.00742
40	0.00985	0.00666	0.00857	0.00910	0.01042	0.00632	0.00691	0.01219	0.03380	0.06085	0.14263	0.29953	0.12044	0.06223	0.00924	0.00264	0.00426	0.18267	0.00594	0.00575
41	0.01666	0.78478	0.03265	0.01066	0.01599	0.02465	0.01066	0.01866	0.01266	0.01466	0.00866	0.00999	0.00800	0.00533	0.00400	0.00133	0.00666	0.00333	0.00267	0.00800
42	0.00963	0.00911	0.05572	0.15839	0.01789	0.00813	0.00998	0.01231	0.01318	0.01730	0.04513	0.20916	0.15153	0.03327	0.00794	0.00240	0.00541	0.17452	0.00483	0.05417
43	0.01431	0.17575	0.45128	0.01757	0.05893	0.05635	0.06898	0.03323	0.01389	0.01906	0.02898	0.01368	0.00945	0.00597	0.00569	0.00183	0.00862	0.00475	0.00290	0.00878
44	0.02100	0.00972	0.01267	0.01084	0.02751	0.00892	0.00840	0.02482	0.09224	0.46011	0.07470	0.10969	0.07566	0.02516	0.00711	0.00211	0.00482	0.00849	0.00699	0.00906
45	0.00850	0.00593	0.00758	0.00823	0.00923	0.00541	0.00576	0.01011	0.01373	0.04191	0.19598	0.48579	0.14453	0.01708	0.00768	0.00232	0.00345	0.01524	0.00609	0.00545
46	0.01521	0.01387	0.02394	0.19651	0.47872	0.01444	0.06970	0.01900	0.01394	0.05938	0.01227	0.01607	0.00976	0.00592	0.00659	0.00194	0.02466	0.00572	0.00327	0.00908
47	0.01455	0.02331	0.40873	0.10643	0.09779	0.01404	0.08580	0.05008	0.01427	0.07964	0.01290	0.01578	0.00951	0.03186	0.00702	0.00211	0.00852	0.00539	0.00335	0.00892
48	0.01463	0.01779	0.11954	0.09657	0.28473	0.03663	0.27614	0.01925	0.01405	0.01941	0.01175	0.01558	0.00922	0.00574	0.00699	0.00200	0.03210	0.00604	0.00302	0.00881
49	0.00894	0.00653	0.00930	0.00930	0.01016	0.00740	0.00689	0.01067	0.00980	0.01393	0.01735	0.02811	0.01715	0.21047	0.59476	0.00913	0.01431	0.00721	0.00344	0.00516
50	0.01317	0.01122	0.01305	0.00935	0.01487	0.00856	0.00748	0.03183	0.01329	0.02074	0.01116	0.01297	0.00926	0.00468	0.00465	0.00094	0.00467	0.00374	0.00375	0.80063
51	0.01858	0.26032	0.08391	0.04283	0.01906	0.20996	0.01222	0.15592	0.05484	0.02071	0.01284	0.05823	0.01107	0.00712	0.00546	0.00170	0.00789	0.00519	0.00387	0.00828
52	0.01143	0.00714	0.00929	0.00845	0.01036	0.00661	0.00643	0.03436	0.01772	0.10956	0.59995	0.07810	0.05145	0.01233	0.00722	0.00198	0.00336	0.01083	0.00689	0.00653
53	0.01790	0.64346	0.02984	0.01167	0.01660	0.16154	0.01092	0.01982	0.01360	0.01477	0.00884	0.01023	0.00800	0.00553	0.00430	0.00138	0.00752	0.00346	0.00277	0.00785
54	0.00779	0.00627	0.00695	0.00702	0.00881	0.00544	0.00524	0.00966	0.01476	0.01861	0.20928	0.12110	0.50520	0.01548	0.00745	0.00213	0.00323	0.03415	0.00602	0.00539
55	0.01341	0.22252	0.53790	0.01565	0.02356	0.01680	0.01928	0.01912	0.01291	0.01824	0.01076	0.01279	0.00822	0.00736	0.03471	0.00212	0.00885	0.00436	0.00267	0.00876
56	0.01581	0.01592	0.02271	0.07175	0.55184	0.11045	0.01737	0.01919	0.01456	0.01932	0.01314	0.01940	0.01166	0.00665	0.00630	0.00191	0.00781	0.06187	0.00330	0.00903
57	0.01695	0.00798	0.01050	0.00940	0.01211	0.00702	0.00719	0.01885	0.01538	0.35004	0.09082	0.28020	0.12116	0.01310	0.00706	0.00215	0.00427	0.01138	0.00675	0.00768
58	0.03971	0.04223	0.01956	0.13400	0.36364	0.01310	0.01456	0.05100	0.01418	0.04190	0.04504	0.08125	0.01549	0.03347	0.04853	0.00253	0.00728	0.02045	0.00380	0.00826
59	0.01576	0.01569	0.05697	0.22198	0.18965	0.10756	0.08801	0.03549	0.04707	0.06979	0.01401	0.03855	0.01115	0.00767	0.02536	0.00214	0.00825	0.00600	0.03066	0.00824
60	0.04144	0.09462	0.04584	0.07547	0.09552	0.01580	0.03000	0.24302	0.09239	0.02510	0.01500	0.05796	0.01247	0.00886	0.00794	0.07238	0.02712	0.00610	0.02451	0.00845
61	0.01577	0.24043	0.02497	0.20885	0.27377	0.07899	0.01539	0.03999	0.01406	0.01774	0.01059	0.01377	0.00880	0.00579	0.00550	0.00174	0.00771	0.00477	0.00299	0.00839
62	0.01545	0.01443	0.02212	0.17346	0.48021	0.05945	0.01715	0.01890	0.01412	0.05415	0.01400	0.01736	0.03815	0.00638	0.00658	0.00192	0.02812	0.00578	0.00335	0.00891
63	0.01878	0.01083	0.01298	0.01077	0.01412	0.01098	0.00854	0.17038	0.08130	0.25887	0.08852	0.05221	0.08688	0.06578	0.04348	0.00265	0.02365	0.00784	0.02290	0.00854
64	0.02989	0.03289	0.01971	0.51626	0.10461	0.03239	0.04985	0.01641	0.01277	0.01695	0.03487	0.01717	0.01037	0.00800	0.03423	0.00234	0.04536	0.00571	0.00300	0.00722
65	0.67336	0.01159	0.00970	0.00861	0.01230	0.01310	0.00704	0.03542	0.01149	0.05827	0.01092	0.01403	0.00894	0.03129	0.02985	0.00232	0.00534	0.02498	0.00412	0.02732
66	0.01467	0.01492	0.01779	0.01535	0.01624	0.10342	0.01255	0.04155	0.01147	0.01617	0.00996	0.03725	0.00968	0.01200	0.05373	0.00283	0.55539	0.00564	0.00308	0.04631
67	0.03726	0.00869	0.01219	0.12091	0.01567	0.01059	0.00922	0.01227	0.01020	0.01481	0.03228	0.02508	0.01542	0.21013	0.26141	0.02636	0.16181	0.00682	0.00333	0.00555
68	0.01282	0.01114	0.10175	0.01055	0.01390	0.00843	0.02700	0.03747	0.03008	0.12322	0.34393	0.05286	0.07484	0.01200	0.02971	0.00223	0.00508	0.05045	0.00592	0.04662
69	0.01426	0.01223	0.01366	0.09015	0.01750	0.07392	0.00886	0.01680	0.01332	0.06489	0.03442	0.01684	0.01190	0.06411	0.00768	0.00165	0.03357	0.00478	0.00387	0.49559

[dist]
# distance from previous block
# <min> <max>
0	9

# created by:
# /home/cegg/simao/soft/augustus-3.2.1/scripts/msa2prfl.pl ./align_prep/EOG090W0DDM.fa
