[name]
unknown

[dist]
# distance from previous block
# <min> <max>
0	40

[block]
# block no. 0 follows, 31 sequences, length 8
# corresponding to MSA columns:
# 42-49
name=unknown_A
#
# <colnr> <probs for GDERKNQSTAVLIFYWHMCP>
#	G	D	E	R	K	N	Q	S	T	A	V	L	I	F	Y	W	H	M	C	P
0	0.03961	0.00856	0.01024	0.00969	0.01180	0.00832	0.00726	0.06389	0.01586	0.14236	0.06252	0.18796	0.07185	0.14140	0.01204	0.00306	0.00508	0.07288	0.11853	0.00709
1	0.01571	0.01574	0.04380	0.10347	0.35751	0.04907	0.08185	0.03818	0.04691	0.02214	0.05207	0.08146	0.01762	0.00857	0.00721	0.00220	0.00802	0.03493	0.00417	0.00937
2	0.00990	0.00834	0.01241	0.01157	0.01321	0.00827	0.07675	0.01210	0.01467	0.01972	0.15790	0.33758	0.16169	0.01857	0.04622	0.00297	0.06145	0.01449	0.00588	0.00630
3	0.01438	0.01033	0.03039	0.00992	0.01248	0.01030	0.00772	0.05274	0.19877	0.05485	0.07140	0.03155	0.07622	0.10080	0.01100	0.05020	0.00490	0.00814	0.23629	0.00763
4	0.01039	0.00731	0.00861	0.00871	0.00976	0.00722	0.00604	0.01266	0.06587	0.01785	0.09445	0.10762	0.14233	0.29048	0.01966	0.07896	0.00528	0.07061	0.03076	0.00541
5	0.04209	0.01575	0.02148	0.19581	0.21366	0.10282	0.04494	0.01897	0.01406	0.01895	0.01260	0.01775	0.01071	0.01398	0.11716	0.00355	0.11800	0.00606	0.00334	0.00834
6	0.02263	0.01725	0.01896	0.05838	0.02153	0.01928	0.01260	0.49046	0.16135	0.03795	0.05440	0.02010	0.01602	0.00864	0.00693	0.00212	0.00699	0.00678	0.00668	0.01097
7	0.00848	0.00601	0.00790	0.00934	0.00970	0.00565	0.00615	0.00956	0.01282	0.01709	0.03626	0.69132	0.04342	0.08771	0.01107	0.00312	0.00421	0.01860	0.00615	0.00543

[dist]
# distance from previous block
# <min> <max>
0	6

[block]
# block no. 1 follows, 31 sequences, length 19
# corresponding to MSA columns:
# 56-74
name=unknown_B
#
# <colnr> <probs for GDERKNQSTAVLIFYWHMCP>
#	G	D	E	R	K	N	Q	S	T	A	V	L	I	F	Y	W	H	M	C	P
0	0.02174	0.23723	0.02318	0.01437	0.01896	0.26269	0.01194	0.19066	0.04362	0.02370	0.01753	0.01816	0.07256	0.00798	0.00602	0.00182	0.00867	0.00563	0.00455	0.00901
1	0.01764	0.01412	0.02370	0.01949	0.06623	0.01405	0.24441	0.11821	0.07817	0.08321	0.01827	0.02153	0.04034	0.01135	0.01197	0.18882	0.00808	0.00729	0.00469	0.00843
2	0.11402	0.08615	0.02057	0.01483	0.01998	0.10173	0.01228	0.48209	0.02676	0.03631	0.01436	0.01487	0.01058	0.00766	0.00625	0.00198	0.00780	0.00546	0.00582	0.01048
3	0.00979	0.00727	0.01068	0.01068	0.01179	0.00838	0.00816	0.01202	0.01090	0.01565	0.01861	0.02847	0.01779	0.11422	0.67049	0.01061	0.01729	0.00756	0.00371	0.00593
4	0.02043	0.07645	0.01454	0.01043	0.01427	0.00995	0.00853	0.02312	0.01859	0.36068	0.25196	0.03565	0.10463	0.01095	0.00717	0.00209	0.00487	0.00916	0.00745	0.00910
5	0.07868	0.01277	0.01397	0.01151	0.01549	0.01342	0.00927	0.22629	0.09803	0.17029	0.05253	0.02387	0.04316	0.00878	0.00629	0.00201	0.00544	0.00692	0.19173	0.00957
6	0.01829	0.76368	0.03585	0.01171	0.01756	0.02707	0.01171	0.02049	0.01390	0.01610	0.00951	0.01097	0.00878	0.00585	0.00439	0.00146	0.00732	0.00366	0.00293	0.00878
7	0.01053	0.00809	0.00917	0.00870	0.01087	0.00783	0.00658	0.01571	0.12121	0.02462	0.34994	0.04988	0.26053	0.01386	0.00764	0.00218	0.00363	0.01185	0.07029	0.00689
8	0.03223	0.00649	0.00746	0.00812	0.00924	0.00637	0.00580	0.01303	0.01385	0.02176	0.05506	0.32402	0.03151	0.04388	0.00789	0.00238	0.00384	0.04129	0.35979	0.00598
9	0.00967	0.00690	0.00947	0.01105	0.01203	0.00670	0.00866	0.01183	0.01441	0.01895	0.03697	0.41958	0.04234	0.02018	0.00909	0.00296	0.00512	0.34184	0.00633	0.00592
10	0.01408	0.03317	0.64817	0.01890	0.02834	0.01601	0.02373	0.02324	0.08841	0.02241	0.01395	0.01563	0.00998	0.00680	0.00655	0.00218	0.00961	0.00534	0.00333	0.01019
11	0.01419	0.01216	0.01419	0.01013	0.01621	0.00912	0.00811	0.01723	0.01419	0.02229	0.01216	0.01419	0.01013	0.00507	0.00507	0.00101	0.00507	0.00405	0.00405	0.80139
12	0.00950	0.00728	0.00895	0.00972	0.01152	0.00673	0.00793	0.01192	0.01574	0.01990	0.09720	0.11984	0.32423	0.01808	0.00873	0.00270	0.00473	0.30282	0.00641	0.00604
13	0.01004	0.00670	0.00763	0.00769	0.00794	0.00669	0.00460	0.01043	0.01060	0.01435	0.02385	0.04538	0.05107	0.64953	0.05244	0.00625	0.00670	0.03433	0.03932	0.00444
14	0.01216	0.00682	0.01043	0.01153	0.06532	0.00679	0.00717	0.01010	0.01005	0.01361	0.05243	0.02224	0.01484	0.02180	0.02407	0.69130	0.00596	0.00633	0.00327	0.00380
15	0.00973	0.00668	0.00748	0.00746	0.00778	0.00653	0.00437	0.01007	0.01099	0.01448	0.05833	0.04736	0.10188	0.64457	0.03068	0.00596	0.00613	0.01055	0.00454	0.00443
16	0.00968	0.00699	0.00914	0.00861	0.01022	0.00646	0.00646	0.01291	0.01937	0.02743	0.71328	0.05110	0.06455	0.01399	0.00807	0.00215	0.00323	0.01237	0.00753	0.00646
17	0.01732	0.60940	0.18165	0.01336	0.02011	0.02470	0.01458	0.02074	0.01402	0.01728	0.01010	0.01171	0.00876	0.00599	0.00484	0.00161	0.00791	0.00395	0.00292	0.00906
18	0.02475	0.03011	0.01900	0.01719	0.02075	0.63375	0.01308	0.07961	0.02019	0.01906	0.01252	0.01640	0.01080	0.00783	0.00641	0.00187	0.01161	0.04300	0.00395	0.00813

[dist]
# distance from previous block
# <min> <max>
0	2

[block]
# block no. 2 follows, 31 sequences, length 9
# corresponding to MSA columns:
# 77-85
name=unknown_C
#
# <colnr> <probs for GDERKNQSTAVLIFYWHMCP>
#	G	D	E	R	K	N	Q	S	T	A	V	L	I	F	Y	W	H	M	C	P
0	0.00992	0.00673	0.00796	0.00796	0.00813	0.00690	0.00476	0.01027	0.01010	0.01363	0.02110	0.04226	0.02378	0.66006	0.13283	0.00725	0.00828	0.00958	0.00408	0.00442
1	0.01940	0.01352	0.01507	0.01307	0.01710	0.01474	0.01029	0.06097	0.47142	0.16920	0.06771	0.02773	0.04957	0.00966	0.00705	0.00226	0.00538	0.00802	0.00727	0.01058
2	0.12675	0.01389	0.01716	0.06472	0.09675	0.05739	0.01233	0.04199	0.01534	0.21633	0.01645	0.01859	0.01236	0.01195	0.07033	0.00298	0.14644	0.00599	0.04326	0.00899
3	0.01457	0.00951	0.01034	0.00991	0.01171	0.05848	0.00725	0.01735	0.05605	0.11266	0.07955	0.15864	0.02689	0.11967	0.06311	0.05067	0.00624	0.02686	0.15380	0.00678
4	0.00829	0.00614	0.00774	0.00903	0.00979	0.00560	0.00613	0.00958	0.01358	0.01766	0.04380	0.62230	0.17412	0.02064	0.00861	0.00269	0.00387	0.01848	0.00635	0.00560
5	0.80789	0.01323	0.01006	0.00900	0.01323	0.01535	0.00741	0.02011	0.01164	0.03070	0.00953	0.01111	0.00741	0.00635	0.00423	0.00212	0.00529	0.00370	0.00423	0.00741
6	0.01419	0.01260	0.01667	0.08679	0.02076	0.01032	0.05720	0.01758	0.01427	0.02177	0.01228	0.01490	0.01005	0.00530	0.00546	0.00123	0.00594	0.00454	0.00391	0.66423
7	0.00942	0.00671	0.00807	0.00809	0.00900	0.00632	0.00540	0.01095	0.01447	0.01960	0.28093	0.14363	0.12448	0.30191	0.01844	0.00398	0.00466	0.01263	0.00593	0.00537
8	0.00987	0.00660	0.00741	0.00750	0.00774	0.00651	0.00437	0.01019	0.01067	0.01437	0.02537	0.08734	0.06653	0.63799	0.03034	0.00592	0.00613	0.01062	0.04012	0.00443

[dist]
# distance from previous block
# <min> <max>
0	2

[block]
# block no. 3 follows, 31 sequences, length 62
# corresponding to MSA columns:
# 88-149
name=unknown_D
#
# <colnr> <probs for GDERKNQSTAVLIFYWHMCP>
#	G	D	E	R	K	N	Q	S	T	A	V	L	I	F	Y	W	H	M	C	P
0	0.11581	0.01052	0.01205	0.01079	0.01413	0.01072	0.00884	0.06973	0.07976	0.20457	0.04110	0.03326	0.02142	0.01032	0.00658	0.00221	0.00524	0.13652	0.19782	0.00861
1	0.00968	0.00699	0.00914	0.00861	0.01022	0.00646	0.00646	0.01291	0.01937	0.02743	0.71328	0.05110	0.06455	0.01399	0.00807	0.00215	0.00323	0.01237	0.00753	0.00646
2	0.01773	0.01096	0.01262	0.01081	0.01409	0.01113	0.00851	0.15158	0.10468	0.15088	0.17418	0.06684	0.08869	0.01100	0.00699	0.00210	0.00484	0.00918	0.13439	0.00879
3	0.22167	0.00910	0.00961	0.00925	0.01180	0.00932	0.00710	0.01746	0.03550	0.10867	0.08787	0.21021	0.06823	0.01251	0.00661	0.00226	0.00446	0.03566	0.12553	0.00718
4	0.00831	0.00604	0.00785	0.00929	0.00986	0.00558	0.00625	0.00955	0.01333	0.01756	0.04058	0.69234	0.10615	0.02106	0.00867	0.00274	0.00392	0.01899	0.00635	0.00558
5	0.01654	0.01403	0.01541	0.01459	0.03669	0.01599	0.01120	0.05316	0.57945	0.02787	0.02813	0.03144	0.02263	0.01036	0.00726	0.00241	0.00566	0.09013	0.00678	0.01029
6	0.02024	0.01256	0.01453	0.01230	0.01607	0.01303	0.00970	0.15747	0.19838	0.21094	0.06756	0.05935	0.06201	0.07873	0.00974	0.00264	0.00578	0.03224	0.00703	0.00968
7	0.02479	0.01292	0.01568	0.01251	0.01697	0.01281	0.01015	0.23846	0.02253	0.35547	0.05987	0.07301	0.01974	0.01068	0.02639	0.00235	0.00626	0.00778	0.06119	0.01044
8	0.00931	0.00698	0.00862	0.00821	0.00999	0.00629	0.00616	0.01218	0.01848	0.02532	0.56121	0.05458	0.21794	0.01478	0.00807	0.00219	0.00328	0.01286	0.00725	0.00629
9	0.00944	0.00698	0.00880	0.00835	0.01007	0.00635	0.00626	0.01243	0.01878	0.02605	0.61361	0.05338	0.16509	0.01450	0.00807	0.00218	0.00326	0.01269	0.00735	0.00635
10	0.07520	0.00946	0.01080	0.00998	0.01214	0.00986	0.00743	0.10649	0.04198	0.05611	0.10123	0.12790	0.09996	0.15910	0.11626	0.00433	0.00710	0.01021	0.02748	0.00697
11	0.00809	0.00693	0.00693	0.00693	0.00924	0.00578	0.00520	0.00982	0.01559	0.01848	0.06931	0.06584	0.71411	0.01733	0.00809	0.00231	0.00347	0.01444	0.00635	0.00578
12	0.02436	0.00982	0.01270	0.01034	0.01431	0.00876	0.00833	0.02709	0.01773	0.48341	0.02612	0.05858	0.01845	0.00894	0.00635	0.00199	0.00496	0.00733	0.24061	0.00980
13	0.00988	0.00726	0.01089	0.01089	0.01204	0.00841	0.00841	0.01204	0.01089	0.01567	0.01799	0.02656	0.01683	0.04986	0.69539	0.05248	0.01767	0.00726	0.00363	0.00594
14	0.01099	0.00651	0.00972	0.00970	0.01023	0.00696	0.00696	0.01034	0.01013	0.01404	0.04264	0.02434	0.01600	0.03390	0.29570	0.46681	0.01056	0.00673	0.00342	0.00431
15	0.00845	0.00694	0.00743	0.00731	0.00946	0.00593	0.00548	0.01052	0.01645	0.02051	0.21527	0.06250	0.56688	0.01657	0.00808	0.00227	0.00341	0.01397	0.00662	0.00593
16	0.80789	0.01323	0.01006	0.00900	0.01323	0.01535	0.00741	0.02011	0.01164	0.03070	0.00953	0.01111	0.00741	0.00635	0.00423	0.00212	0.00529	0.00370	0.00423	0.00741
17	0.00848	0.00601	0.00790	0.00934	0.00971	0.00565	0.00616	0.00956	0.01282	0.01710	0.03629	0.69276	0.04346	0.08621	0.01102	0.00312	0.00420	0.01862	0.00616	0.00543
18	0.01419	0.01216	0.01419	0.01013	0.01621	0.00912	0.00811	0.01723	0.01419	0.02229	0.01216	0.01419	0.01013	0.00507	0.00507	0.00101	0.00507	0.00405	0.00405	0.80139
19	0.00994	0.00711	0.01020	0.01020	0.01112	0.00803	0.00756	0.01158	0.01067	0.01514	0.01851	0.02982	0.01822	0.18163	0.55707	0.06086	0.01535	0.00773	0.00371	0.00554
20	0.01188	0.00594	0.00891	0.00891	0.00891	0.00594	0.00594	0.00891	0.00891	0.01188	0.01188	0.02080	0.01188	0.02377	0.02674	0.80095	0.00594	0.00594	0.00297	0.00297
21	0.01169	0.00604	0.00897	0.00912	0.00921	0.00602	0.00620	0.00919	0.00942	0.01254	0.01416	0.05496	0.01464	0.02343	0.02513	0.72838	0.00587	0.03851	0.00328	0.00324
22	0.01897	0.04514	0.25831	0.02240	0.10828	0.20450	0.12608	0.02377	0.01639	0.07050	0.01304	0.01539	0.00984	0.00677	0.00716	0.00207	0.03270	0.00561	0.00361	0.00948
23	0.01574	0.01504	0.02562	0.24994	0.51824	0.01594	0.02040	0.01995	0.01501	0.02091	0.01266	0.01732	0.01033	0.00632	0.00679	0.00211	0.00842	0.00609	0.00328	0.00988
24	0.02562	0.04897	0.02081	0.01604	0.02107	0.18936	0.01301	0.51247	0.02849	0.03592	0.01480	0.01526	0.01087	0.00785	0.00660	0.00196	0.00866	0.00566	0.00592	0.01066
25	0.01449	0.01444	0.05386	0.04198	0.02189	0.01131	0.15245	0.01840	0.01459	0.02209	0.01279	0.01555	0.01028	0.00543	0.00582	0.00140	0.00677	0.00508	0.02535	0.54603
26	0.01530	0.01289	0.04506	0.01373	0.03570	0.06305	0.05876	0.06097	0.06903	0.10046	0.04624	0.14959	0.11578	0.01946	0.13402	0.02806	0.00851	0.01000	0.00549	0.00789
27	0.01659	0.01041	0.01258	0.01170	0.01472	0.01053	0.00938	0.04349	0.18883	0.17353	0.07400	0.08928	0.10541	0.03974	0.00882	0.00264	0.00539	0.16746	0.00695	0.00857
28	0.01757	0.01364	0.01459	0.01304	0.01678	0.01545	0.01017	0.03409	0.58608	0.07812	0.02723	0.02536	0.02026	0.00909	0.00674	0.00223	0.00522	0.00754	0.08635	0.01044
29	0.00917	0.00702	0.00869	0.00841	0.01019	0.00654	0.00635	0.01180	0.01692	0.02284	0.40242	0.05240	0.26968	0.02048	0.11302	0.00348	0.00549	0.01232	0.00659	0.00618
30	0.01159	0.00742	0.00858	0.00815	0.00977	0.00673	0.00558	0.01286	0.01364	0.08655	0.07811	0.11690	0.21570	0.30948	0.01838	0.00396	0.00505	0.01158	0.02656	0.04341
31	0.00832	0.00600	0.00789	0.00940	0.00989	0.00557	0.00630	0.00954	0.01322	0.01751	0.03920	0.72247	0.07691	0.02124	0.00870	0.00276	0.00395	0.01921	0.00635	0.00557
32	0.00901	0.00652	0.00858	0.00944	0.01043	0.00608	0.00682	0.01106	0.01540	0.02085	0.24341	0.43454	0.08559	0.01870	0.00857	0.00260	0.00396	0.08581	0.00670	0.00592
33	0.00839	0.00679	0.00745	0.00761	0.00951	0.00585	0.00558	0.01028	0.01583	0.01980	0.17061	0.17037	0.50319	0.01741	0.00818	0.00236	0.00350	0.01488	0.00655	0.00585
34	0.00910	0.00687	0.00802	0.00785	0.00939	0.00621	0.00561	0.01117	0.01618	0.02144	0.33904	0.08312	0.28971	0.14150	0.01262	0.00299	0.00392	0.01298	0.00649	0.00579
35	0.80789	0.01323	0.01006	0.00900	0.01323	0.01535	0.00741	0.02011	0.01164	0.03070	0.00953	0.01111	0.00741	0.00635	0.00423	0.00212	0.00529	0.00370	0.00423	0.00741
36	0.02313	0.02856	0.01975	0.01770	0.02042	0.56887	0.01362	0.02483	0.01734	0.01668	0.01021	0.01294	0.00885	0.00818	0.00991	0.00205	0.18097	0.00477	0.00340	0.00783
37	0.01188	0.00594	0.00891	0.00891	0.00891	0.00594	0.00594	0.00891	0.00891	0.01188	0.01188	0.02080	0.01188	0.02377	0.02674	0.80095	0.00594	0.00594	0.00297	0.00297
38	0.00831	0.00607	0.00782	0.00922	0.00984	0.00558	0.00622	0.00956	0.01339	0.01758	0.04139	0.67474	0.12323	0.02095	0.00866	0.00272	0.00391	0.01886	0.00635	0.00558
39	0.00947	0.00726	0.01039	0.01348	0.09777	0.00693	0.00809	0.01097	0.01328	0.01791	0.03398	0.63521	0.04016	0.04869	0.00952	0.00284	0.00459	0.01741	0.00589	0.00616
40	0.00928	0.00658	0.00806	0.00859	0.00982	0.00594	0.00601	0.01075	0.01462	0.03773	0.14594	0.36987	0.23768	0.05439	0.01033	0.03269	0.00397	0.01565	0.00635	0.00575
41	0.02556	0.03261	0.01939	0.01763	0.02115	0.73210	0.01322	0.02732	0.01939	0.01674	0.01058	0.01234	0.00881	0.00705	0.00617	0.00176	0.01234	0.00441	0.00353	0.00793
42	0.01007	0.00793	0.00920	0.00872	0.01084	0.00755	0.00659	0.01481	0.10336	0.02463	0.41589	0.05278	0.27309	0.01450	0.00794	0.00222	0.00358	0.01248	0.00707	0.00678
43	0.01470	0.00890	0.01013	0.00920	0.01173	0.00870	0.00706	0.09885	0.03724	0.10460	0.13292	0.12571	0.14949	0.01229	0.00688	0.00208	0.00423	0.01036	0.23737	0.00754
44	0.01000	0.00666	0.00778	0.00778	0.00787	0.00675	0.00454	0.01008	0.00999	0.01341	0.02097	0.04258	0.02383	0.68032	0.08699	0.03502	0.00749	0.00961	0.00407	0.00425
45	0.01623	0.01690	0.02052	0.01773	0.01831	0.09936	0.01458	0.01861	0.04432	0.01707	0.01005	0.01518	0.00953	0.01130	0.01992	0.00283	0.63074	0.00590	0.00324	0.00769
46	0.00980	0.00723	0.01047	0.01047	0.01150	0.00826	0.00789	0.01188	0.01084	0.01549	0.01881	0.02956	0.01827	0.15756	0.62780	0.01034	0.01657	0.00772	0.00374	0.00581
47	0.00978	0.00717	0.01014	0.01003	0.01116	0.00788	0.00752	0.01203	0.01247	0.01775	0.15329	0.03409	0.02738	0.14394	0.49389	0.00867	0.01375	0.00868	0.00448	0.00590
48	0.01189	0.00910	0.01347	0.01690	0.11697	0.00910	0.01248	0.01517	0.01572	0.02075	0.03281	0.06836	0.03520	0.01703	0.00906	0.00299	0.00657	0.57360	0.00587	0.00696
49	0.44424	0.01249	0.01278	0.01048	0.01521	0.01287	0.00865	0.02630	0.01536	0.35398	0.01770	0.01681	0.01187	0.00734	0.00547	0.00212	0.00554	0.00519	0.00621	0.00939
50	0.01551	0.00823	0.01086	0.00948	0.01210	0.00743	0.00736	0.01858	0.01922	0.21572	0.49919	0.04252	0.04974	0.01225	0.00761	0.00212	0.00393	0.01064	0.03966	0.00786
51	0.01706	0.01372	0.01417	0.03228	0.06414	0.10945	0.00998	0.07036	0.09815	0.12202	0.13340	0.03586	0.19710	0.01290	0.03653	0.00250	0.00657	0.00923	0.00614	0.00843
52	0.01501	0.01259	0.01374	0.01247	0.01572	0.01413	0.00963	0.02994	0.51695	0.02829	0.21550	0.03253	0.03284	0.01057	0.00726	0.00227	0.00482	0.00900	0.00712	0.00963
53	0.01838	0.05137	0.01776	0.01282	0.01792	0.04555	0.01050	0.21635	0.01933	0.02740	0.01317	0.01497	0.01053	0.00684	0.00724	0.00157	0.07630	0.00491	0.02460	0.40251
54	0.01944	0.01200	0.01472	0.01078	0.01661	0.00942	0.00873	0.02236	0.01590	0.24503	0.01688	0.01708	0.01230	0.00615	0.00564	0.00136	0.00531	0.00495	0.00546	0.54985
55	0.80789	0.01323	0.01006	0.00900	0.01323	0.01535	0.00741	0.02011	0.01164	0.03070	0.00953	0.01111	0.00741	0.00635	0.00423	0.00212	0.00529	0.00370	0.00423	0.00741
56	0.01180	0.01060	0.03132	0.01290	0.01462	0.03171	0.04606	0.03454	0.01318	0.01856	0.09892	0.05696	0.02216	0.07250	0.38507	0.00709	0.11285	0.00823	0.00422	0.00669
57	0.01434	0.01167	0.01379	0.01006	0.01571	0.00891	0.00802	0.01738	0.01484	0.04654	0.07643	0.01785	0.01531	0.00599	0.00540	0.00115	0.00493	0.00491	0.00452	0.70223
58	0.01522	0.01402	0.01466	0.01081	0.01666	0.07487	0.00857	0.01814	0.01466	0.02179	0.01202	0.01402	0.01001	0.00525	0.00517	0.00108	0.00573	0.00409	0.00401	0.72923
59	0.01465	0.02282	0.28737	0.02620	0.20346	0.01570	0.16323	0.02008	0.01470	0.02115	0.01484	0.08333	0.01293	0.00798	0.00822	0.00228	0.06077	0.00734	0.00346	0.00951
60	0.56428	0.04381	0.01433	0.01359	0.09205	0.01644	0.00972	0.10843	0.01481	0.03034	0.01114	0.01339	0.00889	0.02765	0.00572	0.00220	0.00602	0.00446	0.00443	0.00831
61	0.15394	0.02000	0.24593	0.01410	0.02027	0.01388	0.01458	0.09679	0.04215	0.17974	0.06888	0.02290	0.03490	0.00851	0.00652	0.00218	0.00708	0.03252	0.00548	0.00965

[dist]
# distance from previous block
# <min> <max>
0	2

[block]
# block no. 4 follows, 31 sequences, length 24
# corresponding to MSA columns:
# 166,171-193
name=unknown_E
#
# <colnr> <probs for GDERKNQSTAVLIFYWHMCP>
#	G	D	E	R	K	N	Q	S	T	A	V	L	I	F	Y	W	H	M	C	P
0	0.01258	0.00894	0.01010	0.00935	0.01186	0.00855	0.00716	0.08884	0.01717	0.08738	0.05134	0.17080	0.42476	0.01593	0.00859	0.00237	0.03754	0.01327	0.00646	0.00702
1	0.01397	0.01165	0.03846	0.01292	0.05003	0.01062	0.02898	0.03816	0.12718	0.05743	0.12207	0.06788	0.04199	0.09739	0.07847	0.00330	0.00681	0.00837	0.00539	0.17893
2	0.01518	0.03401	0.60327	0.01886	0.02778	0.11269	0.02298	0.02212	0.01529	0.02120	0.03682	0.01545	0.01066	0.00684	0.00651	0.00211	0.01017	0.00523	0.00314	0.00969
3	0.02729	0.01089	0.01479	0.01159	0.01629	0.00947	0.00947	0.03003	0.01955	0.60922	0.13811	0.02779	0.02465	0.00936	0.00707	0.00212	0.00540	0.00777	0.00832	0.01080
4	0.01269	0.00816	0.01126	0.09123	0.01526	0.00789	0.00831	0.01599	0.01876	0.11369	0.54847	0.04393	0.05236	0.01249	0.00778	0.00216	0.00421	0.01098	0.00715	0.00724
5	0.06412	0.01854	0.02082	0.01834	0.09864	0.02037	0.01362	0.58505	0.02928	0.04017	0.01568	0.01622	0.01133	0.00788	0.00671	0.00205	0.00748	0.00603	0.00633	0.01133
6	0.00845	0.00705	0.00743	0.00763	0.00985	0.00603	0.00591	0.01035	0.01561	0.01873	0.06524	0.06723	0.63111	0.01752	0.00825	0.00241	0.00381	0.09518	0.00635	0.00584
7	0.01275	0.00638	0.00638	0.00638	0.00797	0.00638	0.00478	0.01594	0.01435	0.02551	0.02232	0.02551	0.01754	0.00797	0.00478	0.00159	0.00319	0.00638	0.79755	0.00638
8	0.04860	0.01565	0.02563	0.07964	0.59119	0.01595	0.01946	0.02192	0.04633	0.04963	0.01391	0.01741	0.01128	0.00638	0.00669	0.00207	0.00786	0.00610	0.00376	0.01054
9	0.01693	0.01626	0.02777	0.04199	0.71689	0.01626	0.02100	0.02100	0.01558	0.02235	0.01287	0.01693	0.01084	0.00610	0.00677	0.00203	0.00813	0.00610	0.00339	0.01084
10	0.01275	0.00638	0.00638	0.00638	0.00797	0.00638	0.00478	0.01594	0.01435	0.02551	0.02232	0.02551	0.01754	0.00797	0.00478	0.00159	0.00319	0.00638	0.79755	0.00638
11	0.00888	0.00774	0.00859	0.00841	0.01028	0.00745	0.00640	0.01053	0.01479	0.01816	0.05957	0.12525	0.57206	0.01712	0.00975	0.00243	0.08670	0.01397	0.00598	0.00595
12	0.02210	0.01365	0.01808	0.01855	0.15747	0.01366	0.01234	0.21592	0.02164	0.24210	0.08714	0.10454	0.02185	0.00989	0.00717	0.00216	0.00632	0.00844	0.00666	0.01031
13	0.01419	0.01216	0.01419	0.01013	0.01621	0.00912	0.00811	0.01723	0.01419	0.02229	0.01216	0.01419	0.01013	0.00507	0.00507	0.00101	0.00507	0.00405	0.00405	0.80139
14	0.01693	0.01626	0.02777	0.04199	0.71689	0.01626	0.02100	0.02100	0.01558	0.02235	0.01287	0.01693	0.01084	0.00610	0.00677	0.00203	0.00813	0.00610	0.00339	0.01084
15	0.01603	0.01210	0.01438	0.01036	0.01635	0.00922	0.00832	0.01903	0.01479	0.10053	0.01382	0.01520	0.01089	0.00545	0.00527	0.00114	0.00515	0.00437	0.00455	0.71304
16	0.01419	0.01216	0.01419	0.01013	0.01621	0.00912	0.00811	0.01723	0.01419	0.02229	0.01216	0.01419	0.01013	0.00507	0.00507	0.00101	0.00507	0.00405	0.00405	0.80139
17	0.01292	0.01216	0.02052	0.74312	0.04712	0.01520	0.01900	0.01748	0.01368	0.01748	0.01216	0.01824	0.00912	0.00684	0.00684	0.00228	0.00912	0.00608	0.00304	0.00760
18	0.01820	0.01443	0.01551	0.01377	0.01776	0.01641	0.01076	0.03609	0.64506	0.08879	0.02777	0.02533	0.02054	0.00921	0.00695	0.00230	0.00545	0.00766	0.00709	0.01090
19	0.01497	0.01497	0.02095	0.01796	0.01796	0.02095	0.01497	0.01646	0.01048	0.01646	0.00898	0.01497	0.00898	0.01197	0.02245	0.00299	0.74704	0.00599	0.00299	0.00748
20	0.01497	0.01497	0.02095	0.01796	0.01796	0.02095	0.01497	0.01646	0.01048	0.01646	0.00898	0.01497	0.00898	0.01197	0.02245	0.00299	0.74704	0.00599	0.00299	0.00748
21	0.01275	0.00638	0.00638	0.00638	0.00797	0.00638	0.00478	0.01594	0.01435	0.02551	0.02232	0.02551	0.01754	0.00797	0.00478	0.00159	0.00319	0.00638	0.79755	0.00638
22	0.02601	0.01916	0.02053	0.01574	0.02122	0.02122	0.01300	0.69408	0.03217	0.04312	0.01643	0.01643	0.01163	0.00821	0.00684	0.00205	0.00753	0.00616	0.00684	0.01163
23	0.01004	0.00713	0.00873	0.00829	0.01022	0.00638	0.00623	0.01274	0.01807	0.05307	0.47450	0.07701	0.25232	0.01498	0.00805	0.00222	0.00343	0.01298	0.00719	0.00644

[dist]
# distance from previous block
# <min> <max>
0	41

[block]
# block no. 5 follows, 31 sequences, length 43
# corresponding to MSA columns:
# 242-284
name=unknown_F
#
# <colnr> <probs for GDERKNQSTAVLIFYWHMCP>
#	G	D	E	R	K	N	Q	S	T	A	V	L	I	F	Y	W	H	M	C	P
0	0.01767	0.01205	0.01454	0.01056	0.01648	0.00932	0.00852	0.02063	0.01533	0.17005	0.01529	0.01611	0.01157	0.00579	0.00545	0.00125	0.00523	0.00465	0.00499	0.63453
1	0.01173	0.00600	0.00879	0.00879	0.00879	0.00600	0.00579	0.00900	0.00900	0.01200	0.01267	0.02276	0.01294	0.08389	0.02740	0.73605	0.00600	0.00627	0.00307	0.00307
2	0.00834	0.00595	0.00794	0.00953	0.00992	0.00556	0.00635	0.00953	0.01310	0.01746	0.03771	0.75510	0.04525	0.02143	0.00873	0.00278	0.00397	0.01945	0.00635	0.00556
3	0.02556	0.03261	0.01939	0.01763	0.02115	0.73210	0.01322	0.02732	0.01939	0.01674	0.01058	0.01234	0.00881	0.00705	0.00617	0.00176	0.01234	0.00441	0.00353	0.00793
4	0.02479	0.03145	0.02110	0.01854	0.02234	0.67369	0.06868	0.02688	0.01912	0.01717	0.01084	0.01284	0.00894	0.00695	0.00632	0.00181	0.01227	0.00471	0.00352	0.00804
5	0.01275	0.00638	0.00638	0.00638	0.00797	0.00638	0.00478	0.01594	0.01435	0.02551	0.02232	0.02551	0.01754	0.00797	0.00478	0.00159	0.00319	0.00638	0.79755	0.00638
6	0.00950	0.00699	0.00889	0.00841	0.01011	0.00638	0.00631	0.01255	0.01893	0.02639	0.63805	0.05283	0.14043	0.01438	0.00807	0.00217	0.00326	0.01261	0.00739	0.00638
7	0.80789	0.01323	0.01006	0.00900	0.01323	0.01535	0.00741	0.02011	0.01164	0.03070	0.00953	0.01111	0.00741	0.00635	0.00423	0.00212	0.00529	0.00370	0.00423	0.00741
8	0.01203	0.01044	0.01447	0.01319	0.01362	0.01343	0.01032	0.01353	0.01054	0.01555	0.01505	0.02576	0.01536	0.19186	0.27390	0.00660	0.32727	0.00734	0.00348	0.00626
9	0.19040	0.01101	0.01365	0.05759	0.03860	0.03802	0.03869	0.01597	0.01221	0.03751	0.01646	0.06497	0.01552	0.08850	0.28702	0.00598	0.04985	0.00717	0.00401	0.00686
10	0.02556	0.03261	0.01939	0.01763	0.02115	0.73210	0.01322	0.02732	0.01939	0.01674	0.01058	0.01234	0.00881	0.00705	0.00617	0.00176	0.01234	0.00441	0.00353	0.00793
11	0.01626	0.01470	0.02054	0.01749	0.01792	0.02006	0.01457	0.01785	0.01122	0.07419	0.01045	0.01565	0.00963	0.01169	0.02118	0.00292	0.68637	0.00606	0.00344	0.00782
12	0.01292	0.01216	0.02052	0.74312	0.04712	0.01520	0.01900	0.01748	0.01368	0.01748	0.01216	0.01824	0.00912	0.00684	0.00684	0.00228	0.00912	0.00608	0.00304	0.00760
13	0.01068	0.00866	0.01273	0.01221	0.01322	0.01072	0.00967	0.01296	0.01090	0.01598	0.01669	0.02480	0.01569	0.04444	0.60848	0.00960	0.14557	0.00710	0.00355	0.00635
14	0.00995	0.00663	0.00746	0.00746	0.00746	0.00663	0.00415	0.00995	0.00995	0.01327	0.02156	0.04477	0.02487	0.75957	0.03482	0.00663	0.00663	0.00995	0.00415	0.00415
15	0.00993	0.00670	0.00782	0.00782	0.00795	0.00683	0.00460	0.01018	0.01006	0.01353	0.02123	0.04294	0.02408	0.68705	0.10625	0.00708	0.00783	0.00968	0.00410	0.00435
16	0.01077	0.00899	0.01449	0.01371	0.01567	0.00872	0.12174	0.01423	0.05464	0.01956	0.03282	0.43261	0.03666	0.01753	0.00869	0.00276	0.00585	0.16803	0.00589	0.00665
17	0.00977	0.00733	0.01100	0.01100	0.01222	0.00855	0.00855	0.01222	0.01100	0.01588	0.01833	0.02688	0.01710	0.05131	0.73245	0.01100	0.01833	0.00733	0.00367	0.00611
18	0.01128	0.00816	0.01121	0.01266	0.01433	0.00826	0.01102	0.01511	0.04482	0.02082	0.03587	0.07499	0.03859	0.01849	0.00934	0.00311	0.00626	0.64285	0.00633	0.00649
19	0.01338	0.00786	0.01022	0.00951	0.01165	0.00721	0.00716	0.01652	0.03789	0.15099	0.41339	0.17941	0.07885	0.01441	0.00795	0.00228	0.00391	0.01267	0.00741	0.00732
20	0.00995	0.00704	0.00980	0.00980	0.01057	0.00781	0.00706	0.01133	0.01055	0.01485	0.01893	0.03198	0.01917	0.26566	0.47848	0.05584	0.01404	0.00805	0.00377	0.00533
21	0.01396	0.01146	0.01301	0.01274	0.01563	0.01259	0.01033	0.02569	0.38693	0.02466	0.03504	0.04820	0.09733	0.01356	0.00797	0.00262	0.00554	0.24741	0.00666	0.00869
22	0.01374	0.00983	0.01126	0.01017	0.01275	0.01021	0.00784	0.06557	0.19346	0.05101	0.34696	0.03801	0.06151	0.01143	0.00718	0.00211	0.00416	0.00977	0.12500	0.00805
23	0.01170	0.00741	0.00934	0.00952	0.01125	0.00682	0.00698	0.01426	0.04091	0.10647	0.15404	0.36461	0.16698	0.01729	0.00824	0.00251	0.00414	0.04399	0.00683	0.00672
24	0.72918	0.01383	0.01111	0.00968	0.01403	0.01594	0.00797	0.08796	0.01371	0.03195	0.01022	0.01165	0.00783	0.00654	0.00450	0.00211	0.00552	0.00395	0.00450	0.00783
25	0.01126	0.00827	0.00959	0.00895	0.01109	0.00815	0.00680	0.03696	0.10670	0.02634	0.40819	0.04592	0.15933	0.01299	0.00747	0.00213	0.00368	0.01116	0.10797	0.00706
26	0.00990	0.00743	0.00881	0.00930	0.01052	0.00724	0.00645	0.03781	0.06572	0.01954	0.08294	0.41287	0.16012	0.11428	0.01175	0.00309	0.00442	0.01550	0.00621	0.00609
27	0.00995	0.00663	0.00746	0.00746	0.00746	0.00663	0.00415	0.00995	0.00995	0.01327	0.02156	0.04477	0.02487	0.75957	0.03482	0.00663	0.00663	0.00995	0.00415	0.00415
28	0.00838	0.00653	0.00762	0.00821	0.00964	0.00577	0.00583	0.01007	0.01502	0.01915	0.13428	0.34976	0.35811	0.01862	0.00835	0.00249	0.00365	0.01627	0.00649	0.00577
29	0.00900	0.00719	0.00820	0.00859	0.01065	0.00639	0.00687	0.01122	0.01590	0.01966	0.10587	0.06788	0.48485	0.01752	0.00846	0.00253	0.00422	0.19263	0.00642	0.00597
30	0.01053	0.00758	0.00868	0.00846	0.01049	0.00701	0.00630	0.03215	0.04566	0.04590	0.22655	0.16344	0.31336	0.01552	0.00782	0.00228	0.00374	0.01333	0.06468	0.00654
31	0.01216	0.00703	0.00803	0.00771	0.00840	0.00689	0.00475	0.01285	0.01143	0.07654	0.02214	0.04009	0.02311	0.58468	0.02801	0.00551	0.00606	0.00916	0.12031	0.00512
32	0.80789	0.01323	0.01006	0.00900	0.01323	0.01535	0.00741	0.02011	0.01164	0.03070	0.00953	0.01111	0.00741	0.00635	0.00423	0.00212	0.00529	0.00370	0.00423	0.00741
33	0.00931	0.00665	0.00777	0.00788	0.00878	0.00623	0.00519	0.01038	0.01342	0.01765	0.16324	0.14786	0.19563	0.32064	0.01973	0.03150	0.00487	0.01262	0.00555	0.00511
34	0.07937	0.13351	0.50882	0.04016	0.02748	0.01747	0.06021	0.02126	0.01421	0.02151	0.01175	0.01404	0.00869	0.00637	0.00612	0.00208	0.00938	0.00496	0.00304	0.00958
35	0.00816	0.00664	0.00723	0.00769	0.00944	0.00571	0.00554	0.00973	0.01486	0.01818	0.06005	0.26772	0.51821	0.01853	0.00828	0.00245	0.00361	0.01591	0.00635	0.00571
36	0.34724	0.01196	0.01303	0.01072	0.01529	0.01196	0.00876	0.02654	0.01596	0.39790	0.02047	0.06109	0.01469	0.00836	0.00591	0.00216	0.00550	0.00632	0.00661	0.00956
37	0.01013	0.00767	0.01133	0.01117	0.01224	0.00906	0.00864	0.01225	0.01086	0.01568	0.01773	0.02671	0.01678	0.07513	0.64400	0.03687	0.05682	0.00731	0.00362	0.00600
38	0.03923	0.04438	0.15203	0.07150	0.18071	0.08217	0.14271	0.04415	0.05970	0.04397	0.03122	0.01805	0.01232	0.00869	0.03744	0.00249	0.00952	0.00631	0.00392	0.00951
39	0.01385	0.04772	0.31065	0.01437	0.01999	0.01267	0.01553	0.04689	0.01632	0.06703	0.21128	0.02692	0.02616	0.01483	0.10293	0.00331	0.02858	0.00755	0.00482	0.00860
40	0.00896	0.00644	0.00790	0.00851	0.00941	0.00597	0.00578	0.01049	0.01423	0.01912	0.17384	0.36966	0.14673	0.14364	0.01280	0.00320	0.00417	0.01531	0.02828	0.00555
41	0.01083	0.00644	0.00868	0.00878	0.00918	0.00645	0.00596	0.00987	0.01035	0.01367	0.02127	0.03482	0.07620	0.21539	0.08622	0.41155	0.00699	0.04955	0.00383	0.00399
42	0.03709	0.00797	0.00958	0.00962	0.01141	0.00740	0.00684	0.05120	0.01478	0.02064	0.08031	0.46102	0.08367	0.04881	0.00901	0.00257	0.00440	0.01484	0.00599	0.11286

[dist]
# distance from previous block
# <min> <max>
3	27

[block]
# block no. 6 follows, 31 sequences, length 12
# corresponding to MSA columns:
# 333-344
name=unknown_G
#
# <colnr> <probs for GDERKNQSTAVLIFYWHMCP>
#	G	D	E	R	K	N	Q	S	T	A	V	L	I	F	Y	W	H	M	C	P
0	0.01509	0.10393	0.32360	0.01456	0.02199	0.01436	0.01606	0.05106	0.01527	0.04312	0.01519	0.04340	0.03146	0.00699	0.00598	0.00175	0.00754	0.00550	0.00384	0.25932
1	0.01523	0.16556	0.30326	0.05892	0.06080	0.05234	0.01705	0.02001	0.01434	0.01988	0.01210	0.01539	0.00989	0.04124	0.00715	0.00199	0.00835	0.00490	0.00326	0.16834
2	0.00870	0.00650	0.00824	0.00925	0.01027	0.00583	0.00633	0.01009	0.01348	0.01792	0.03988	0.61912	0.12576	0.01981	0.00840	0.00260	0.00398	0.01778	0.00619	0.05987
3	0.01311	0.11408	0.39046	0.01560	0.02224	0.01491	0.03547	0.01833	0.01422	0.02001	0.06310	0.02402	0.08446	0.04925	0.05818	0.00296	0.04053	0.00682	0.00367	0.00857
4	0.80789	0.01323	0.01006	0.00900	0.01323	0.01535	0.00741	0.02011	0.01164	0.03070	0.00953	0.01111	0.00741	0.00635	0.00423	0.00212	0.00529	0.00370	0.00423	0.00741
5	0.01651	0.01444	0.02160	0.01791	0.01924	0.01860	0.07858	0.01860	0.01207	0.09568	0.01205	0.01699	0.01052	0.01350	0.06457	0.00334	0.54772	0.00637	0.00369	0.00803
6	0.01409	0.01180	0.01379	0.01033	0.01575	0.00930	0.00814	0.04852	0.01492	0.02274	0.01521	0.09702	0.01413	0.00704	0.00556	0.00126	0.00506	0.00587	0.00444	0.67502
7	0.00968	0.00699	0.00914	0.00861	0.01022	0.00646	0.00646	0.01291	0.01937	0.02743	0.71328	0.05110	0.06455	0.01399	0.00807	0.00215	0.00323	0.01237	0.00753	0.00646
8	0.01426	0.01353	0.02294	0.50863	0.27112	0.01555	0.01967	0.01866	0.01431	0.01911	0.01240	0.01780	0.00969	0.00659	0.00682	0.00220	0.00879	0.00609	0.00316	0.00868
9	0.00935	0.00694	0.00832	0.00851	0.00971	0.00669	0.00609	0.01088	0.01339	0.01740	0.09838	0.08943	0.24209	0.25396	0.11986	0.00499	0.00686	0.07636	0.00538	0.00541
10	0.02456	0.03114	0.01868	0.01701	0.02047	0.69056	0.01276	0.02632	0.01917	0.01684	0.01393	0.01540	0.04915	0.00764	0.00628	0.00179	0.01183	0.00498	0.00369	0.00781
11	0.06754	0.06941	0.01810	0.03918	0.07990	0.26073	0.04789	0.02001	0.04135	0.01905	0.01999	0.24574	0.02083	0.01134	0.00693	0.00217	0.00816	0.00953	0.00451	0.00764

[dist]
# distance from previous block
# <min> <max>
1	2

[block]
# block no. 7 follows, 31 sequences, length 7
# corresponding to MSA columns:
# 347-353
name=unknown_H
#
# <colnr> <probs for GDERKNQSTAVLIFYWHMCP>
#	G	D	E	R	K	N	Q	S	T	A	V	L	I	F	Y	W	H	M	C	P
0	0.01384	0.01670	0.20444	0.01361	0.01773	0.01209	0.01354	0.01768	0.01552	0.09739	0.16716	0.03526	0.14852	0.01183	0.01032	0.00239	0.14697	0.04169	0.00525	0.00807
1	0.01011	0.00684	0.00830	0.00880	0.01033	0.00610	0.00638	0.01147	0.01443	0.06486	0.04802	0.34332	0.31050	0.01891	0.00952	0.05252	0.00415	0.05324	0.00628	0.00593
2	0.01181	0.00768	0.00856	0.00792	0.01063	0.00652	0.00609	0.01383	0.01660	0.13020	0.12658	0.05767	0.53972	0.01560	0.00789	0.00226	0.00381	0.01304	0.00680	0.00677
3	0.01357	0.01103	0.01301	0.01004	0.01483	0.00895	0.00793	0.01619	0.01439	0.05070	0.02336	0.07237	0.12368	0.00856	0.00667	0.00147	0.03935	0.00693	0.00471	0.55226
4	0.01098	0.00724	0.00939	0.00919	0.01096	0.00663	0.00698	0.01368	0.01769	0.07569	0.43028	0.16381	0.12268	0.01553	0.00821	0.00235	0.00383	0.07107	0.00718	0.00661
5	0.01664	0.04328	0.07138	0.01677	0.06299	0.01629	0.05430	0.04883	0.27100	0.05869	0.02171	0.02236	0.05476	0.00894	0.00921	0.00222	0.12322	0.00697	0.00521	0.08522
6	0.01699	0.14391	0.29100	0.01643	0.02234	0.13068	0.01714	0.07059	0.01642	0.02148	0.07990	0.01736	0.01443	0.00805	0.00835	0.00209	0.10447	0.00565	0.00375	0.00897

[dist]
# distance from previous block
# <min> <max>
9	30

[block]
# block no. 8 follows, 31 sequences, length 16
# corresponding to MSA columns:
# 386-401
name=unknown_I
#
# <colnr> <probs for GDERKNQSTAVLIFYWHMCP>
#	G	D	E	R	K	N	Q	S	T	A	V	L	I	F	Y	W	H	M	C	P
0	0.01721	0.04968	0.18868	0.03869	0.10648	0.01408	0.01521	0.09693	0.04154	0.09655	0.03149	0.03753	0.01451	0.00869	0.02226	0.00213	0.00752	0.03654	0.00471	0.16958
1	0.09298	0.00866	0.01049	0.01002	0.01169	0.00906	0.00731	0.03865	0.09464	0.06149	0.02217	0.12239	0.06308	0.01961	0.05542	0.34714	0.00612	0.00844	0.00475	0.00588
2	0.01425	0.01493	0.06668	0.38399	0.22087	0.03131	0.01820	0.01952	0.05458	0.02029	0.05510	0.02127	0.03506	0.00749	0.00690	0.00219	0.00827	0.00669	0.00372	0.00871
3	0.01346	0.01294	0.02252	0.45783	0.10259	0.01518	0.09872	0.01767	0.01363	0.01822	0.01292	0.01891	0.01034	0.01210	0.09139	0.00331	0.06069	0.00646	0.00319	0.00792
4	0.06749	0.01469	0.02143	0.48064	0.10380	0.06219	0.05805	0.04504	0.04357	0.02046	0.01286	0.01751	0.00981	0.00684	0.00670	0.00221	0.00891	0.00601	0.00351	0.00830
5	0.02113	0.00984	0.01264	0.01095	0.01434	0.00906	0.00857	0.07213	0.01795	0.36632	0.03025	0.22959	0.04650	0.01253	0.00728	0.00227	0.00510	0.02611	0.08835	0.00910
6	0.00842	0.00673	0.00754	0.00779	0.00956	0.00585	0.00567	0.01030	0.01573	0.01985	0.17689	0.21180	0.45454	0.01762	0.00822	0.00238	0.00353	0.01515	0.00656	0.00585
7	0.01193	0.00924	0.01006	0.00962	0.01170	0.03088	0.00721	0.09043	0.04633	0.02162	0.11238	0.14454	0.29483	0.01682	0.01064	0.11634	0.00480	0.03825	0.00598	0.00639
8	0.00982	0.00676	0.00831	0.00839	0.00870	0.00702	0.00529	0.01045	0.01036	0.01410	0.02170	0.07969	0.02419	0.55488	0.19501	0.00743	0.00919	0.00986	0.00416	0.00468
9	0.01617	0.00914	0.01226	0.01199	0.01466	0.00881	0.01010	0.02026	0.06188	0.19870	0.13264	0.05642	0.03621	0.01493	0.00844	0.00269	0.00567	0.36401	0.00707	0.00796
10	0.06187	0.01194	0.01560	0.01217	0.01731	0.01080	0.01000	0.03302	0.07088	0.64076	0.02633	0.02295	0.01684	0.00844	0.00678	0.00213	0.00577	0.00681	0.00818	0.01141
11	0.01017	0.00671	0.00851	0.00905	0.00988	0.00635	0.00618	0.01153	0.01369	0.05038	0.13209	0.35743	0.06253	0.22351	0.01579	0.00373	0.00481	0.05603	0.00601	0.00563
12	0.00985	0.00817	0.00879	0.00864	0.01097	0.00775	0.00654	0.01464	0.12848	0.02117	0.13324	0.10421	0.45811	0.01596	0.00799	0.00235	0.00389	0.03599	0.00659	0.00668
13	0.01812	0.01600	0.01225	0.01120	0.01387	0.24148	0.00850	0.06361	0.01773	0.06153	0.06120	0.05021	0.05813	0.00908	0.00600	0.00182	0.00661	0.00703	0.32819	0.00745
14	0.01216	0.00916	0.01072	0.01001	0.01221	0.00927	0.00756	0.08707	0.11513	0.02670	0.34756	0.15749	0.11219	0.01403	0.00778	0.00226	0.00413	0.01220	0.03499	0.00740
15	0.27410	0.01319	0.01451	0.01169	0.01656	0.01346	0.00960	0.10061	0.07136	0.37717	0.02041	0.01888	0.01367	0.00784	0.00605	0.00213	0.00581	0.00587	0.00684	0.01024

[dist]
# distance from previous block
# <min> <max>
0	13

[block]
# block no. 9 follows, 31 sequences, length 34
# corresponding to MSA columns:
# 415-448
name=unknown_J
#
# <colnr> <probs for GDERKNQSTAVLIFYWHMCP>
#	G	D	E	R	K	N	Q	S	T	A	V	L	I	F	Y	W	H	M	C	P
0	0.01476	0.01031	0.01221	0.01094	0.01379	0.01069	0.00845	0.02374	0.26686	0.10807	0.38642	0.03865	0.04328	0.01165	0.00753	0.00221	0.00432	0.01006	0.00743	0.00863
1	0.00912	0.00650	0.00778	0.00824	0.00891	0.00613	0.00535	0.01020	0.01308	0.01736	0.13016	0.28629	0.13063	0.30765	0.01872	0.00413	0.00484	0.01408	0.00566	0.00516
2	0.03495	0.00768	0.00930	0.00910	0.01086	0.00724	0.00666	0.01438	0.03320	0.09763	0.18964	0.17882	0.15592	0.15147	0.01291	0.00318	0.00465	0.05955	0.00640	0.00645
3	0.03038	0.01215	0.01619	0.01241	0.01772	0.01080	0.01025	0.07765	0.02043	0.67612	0.02628	0.02283	0.01658	0.00845	0.00688	0.00211	0.00594	0.00683	0.00836	0.01164
4	0.00834	0.00595	0.00794	0.00953	0.00992	0.00556	0.00635	0.00953	0.01310	0.01746	0.03771	0.75510	0.04525	0.02143	0.00873	0.00278	0.00397	0.01945	0.00635	0.00556
5	0.69626	0.01325	0.01085	0.00959	0.01386	0.01515	0.00785	0.02223	0.06732	0.07378	0.01208	0.01302	0.00908	0.00672	0.00462	0.00213	0.00534	0.00422	0.00472	0.00795
6	0.11890	0.01243	0.01432	0.01191	0.01579	0.01288	0.00947	0.14279	0.12998	0.24269	0.08209	0.02307	0.01899	0.01096	0.00949	0.11576	0.00578	0.00686	0.00655	0.00929
7	0.00834	0.00595	0.00794	0.00953	0.00992	0.00556	0.00635	0.00953	0.01310	0.01746	0.03771	0.75510	0.04525	0.02143	0.00873	0.00278	0.00397	0.01945	0.00635	0.00556
8	0.01999	0.01357	0.01521	0.01289	0.01684	0.01464	0.01036	0.21112	0.25164	0.13033	0.08695	0.02827	0.02260	0.00978	0.00697	0.00219	0.00570	0.04910	0.08178	0.01006
9	0.01543	0.00998	0.01173	0.01040	0.01296	0.01005	0.00799	0.16166	0.03827	0.08484	0.15574	0.09129	0.12995	0.03456	0.01089	0.11441	0.00509	0.02785	0.05953	0.00741
10	0.01272	0.00687	0.00975	0.00953	0.00995	0.00700	0.00664	0.05207	0.01072	0.01428	0.01341	0.02339	0.01327	0.02255	0.02461	0.71032	0.00606	0.03981	0.00338	0.00368
11	0.01497	0.01497	0.02095	0.01796	0.01796	0.02095	0.01497	0.01646	0.01048	0.01646	0.00898	0.01497	0.00898	0.01197	0.02245	0.00299	0.74704	0.00599	0.00299	0.00748
12	0.19157	0.01324	0.01528	0.01216	0.01699	0.01337	0.01001	0.16569	0.01993	0.38837	0.02055	0.01955	0.01385	0.01088	0.05554	0.00271	0.00691	0.00609	0.00692	0.01038
13	0.11996	0.01446	0.02164	0.13914	0.31749	0.01534	0.05318	0.06999	0.05503	0.02412	0.01819	0.04754	0.05916	0.00789	0.00670	0.00216	0.00743	0.00704	0.00422	0.00932
14	0.01051	0.00944	0.01150	0.01164	0.01296	0.07261	0.06151	0.01215	0.01407	0.01782	0.03532	0.58571	0.08102	0.01862	0.00841	0.00262	0.00530	0.01686	0.00586	0.00608
15	0.00809	0.00693	0.00693	0.00693	0.00924	0.00578	0.00520	0.00982	0.01559	0.01848	0.06931	0.06584	0.71411	0.01733	0.00809	0.00231	0.00347	0.01444	0.00635	0.00578
16	0.13488	0.01658	0.01607	0.01372	0.01796	0.06542	0.01090	0.21582	0.33898	0.03212	0.05201	0.02117	0.01752	0.00862	0.00653	0.00217	0.00635	0.00670	0.00633	0.01016
17	0.01321	0.01222	0.02034	0.55454	0.14728	0.01443	0.01785	0.01740	0.01416	0.01867	0.05658	0.02130	0.01357	0.04141	0.00818	0.00243	0.00848	0.00665	0.00343	0.00788
18	0.80789	0.01323	0.01006	0.00900	0.01323	0.01535	0.00741	0.02011	0.01164	0.03070	0.00953	0.01111	0.00741	0.00635	0.00423	0.00212	0.00529	0.00370	0.00423	0.00741
19	0.01372	0.03539	0.72412	0.01950	0.02961	0.01589	0.02528	0.02167	0.01444	0.02167	0.01228	0.01444	0.00867	0.00650	0.00650	0.00217	0.01011	0.00506	0.00289	0.01011
20	0.01818	0.01528	0.01613	0.01416	0.01823	0.01756	0.01111	0.12163	0.61735	0.03050	0.02636	0.02435	0.01968	0.00914	0.00695	0.00229	0.00569	0.00753	0.00695	0.01093
21	0.02601	0.01916	0.02053	0.01574	0.02122	0.02122	0.01300	0.69408	0.03217	0.04312	0.01643	0.01643	0.01163	0.00821	0.00684	0.00205	0.00753	0.00616	0.00684	0.01163
22	0.00843	0.00694	0.00741	0.00729	0.00945	0.00592	0.00547	0.01048	0.01640	0.02041	0.20773	0.06267	0.57449	0.01661	0.00808	0.00228	0.00341	0.01399	0.00661	0.00592
23	0.01372	0.03539	0.72412	0.01950	0.02961	0.01589	0.02528	0.02167	0.01444	0.02167	0.01228	0.01444	0.00867	0.00650	0.00650	0.00217	0.01011	0.00506	0.00289	0.01011
24	0.10638	0.01261	0.01581	0.01225	0.01745	0.01178	0.01011	0.10334	0.02016	0.58068	0.02414	0.02135	0.01543	0.00823	0.00662	0.00211	0.00595	0.00649	0.00788	0.01123
25	0.01644	0.01758	0.02013	0.12035	0.02241	0.15416	0.01490	0.01841	0.01271	0.01670	0.01076	0.04150	0.01027	0.01065	0.01667	0.00265	0.47677	0.00618	0.00322	0.00752
26	0.00809	0.00693	0.00693	0.00693	0.00924	0.00578	0.00520	0.00982	0.01559	0.01848	0.06931	0.06584	0.71411	0.01733	0.00809	0.00231	0.00347	0.01444	0.00635	0.00578
27	0.02556	0.03261	0.01939	0.01763	0.02115	0.73210	0.01322	0.02732	0.01939	0.01674	0.01058	0.01234	0.00881	0.00705	0.00617	0.00176	0.01234	0.00441	0.00353	0.00793
28	0.01890	0.05512	0.06378	0.07132	0.34828	0.01673	0.10506	0.09169	0.04083	0.09891	0.01513	0.01769	0.01153	0.00668	0.00683	0.00208	0.00829	0.00632	0.00435	0.01047
29	0.02380	0.01569	0.04356	0.05303	0.06630	0.01574	0.01280	0.22207	0.17921	0.26113	0.02194	0.02083	0.01522	0.00827	0.00687	0.00215	0.00669	0.00671	0.00685	0.01114
