[name]
unknown

[dist]
# distance from previous block
# <min> <max>
0	2007

[block]
# block no. 0 follows, 34 sequences, length 96
# corresponding to MSA columns:
# 3713-3808
name=unknown_A
#
# <colnr> <probs for GDERKNQSTAVLIFYWHMCP>
#	G	D	E	R	K	N	Q	S	T	A	V	L	I	F	Y	W	H	M	C	P
0	0.00889	0.00689	0.00808	0.00861	0.01027	0.00633	0.00661	0.03398	0.01477	0.01860	0.06562	0.24314	0.36927	0.01730	0.00802	0.00245	0.00408	0.15535	0.00603	0.00571
1	0.01327	0.00998	0.01136	0.01025	0.01299	0.01044	0.00791	0.04183	0.28675	0.06928	0.31319	0.03822	0.12513	0.01143	0.00712	0.00211	0.00413	0.00977	0.00680	0.00804
2	0.00940	0.00626	0.00705	0.00705	0.00705	0.00626	0.00392	0.00940	0.00940	0.01253	0.02036	0.04228	0.02349	0.77292	0.03289	0.00626	0.00626	0.00940	0.00392	0.00392
3	0.01340	0.01148	0.01340	0.00957	0.01531	0.00861	0.00766	0.01627	0.01340	0.02105	0.01148	0.01340	0.00957	0.00479	0.00479	0.00096	0.00479	0.00383	0.00383	0.81242
4	0.01479	0.01288	0.04216	0.01141	0.01602	0.01133	0.00953	0.11289	0.03489	0.03910	0.01654	0.06511	0.03645	0.00782	0.00710	0.00158	0.07392	0.02930	0.00451	0.45270
5	0.04792	0.70789	0.07039	0.01135	0.01703	0.02458	0.01158	0.01939	0.01307	0.01601	0.00912	0.01054	0.00824	0.00558	0.00425	0.00144	0.00698	0.00353	0.00281	0.00831
6	0.02483	0.01767	0.01913	0.01466	0.01982	0.01940	0.01211	0.67007	0.02966	0.08274	0.01611	0.01590	0.01129	0.00777	0.00647	0.00194	0.00701	0.00586	0.00656	0.01099
7	0.00893	0.00660	0.00834	0.00790	0.00952	0.00601	0.00593	0.01178	0.01778	0.02471	0.63469	0.05025	0.15623	0.01366	0.00762	0.00205	0.00308	0.01196	0.00695	0.00601
8	0.01296	0.03342	0.73944	0.01842	0.02797	0.01501	0.02387	0.02046	0.01364	0.02046	0.01160	0.01364	0.00818	0.00614	0.00614	0.00205	0.00955	0.00477	0.00273	0.00955
9	0.08023	0.01216	0.01529	0.01180	0.01676	0.01140	0.00975	0.13218	0.01978	0.58653	0.02292	0.02027	0.01466	0.00783	0.00633	0.00199	0.00571	0.00620	0.00751	0.01073
10	0.01382	0.01169	0.01259	0.01152	0.01461	0.01301	0.00893	0.02731	0.50807	0.02553	0.14361	0.03361	0.11284	0.01059	0.00692	0.00218	0.00458	0.02312	0.00658	0.00890
11	0.01484	0.01219	0.01465	0.01308	0.01631	0.01341	0.05170	0.05021	0.44703	0.04688	0.08339	0.10492	0.02582	0.01078	0.00708	0.00227	0.00531	0.06479	0.00635	0.00899
12	0.01345	0.01164	0.01405	0.01004	0.01580	0.00882	0.02619	0.01639	0.01345	0.02105	0.01153	0.01350	0.00958	0.00480	0.00486	0.00099	0.00495	0.00393	0.00381	0.79119
13	0.00868	0.00631	0.00817	0.00828	0.00951	0.00581	0.00599	0.01107	0.01633	0.02261	0.48332	0.26020	0.09868	0.01547	0.00781	0.00222	0.00327	0.01377	0.00671	0.00581
14	0.00842	0.00606	0.00791	0.00920	0.00980	0.00574	0.00631	0.02827	0.01302	0.01729	0.03580	0.70274	0.05982	0.01971	0.00821	0.00261	0.00391	0.04375	0.00601	0.00544
15	0.00954	0.00738	0.01097	0.01080	0.01188	0.00881	0.00846	0.01179	0.01035	0.01503	0.01675	0.02468	0.01567	0.04613	0.70180	0.00991	0.06394	0.00684	0.00342	0.00585
16	0.01442	0.01375	0.02338	0.33760	0.44697	0.01494	0.01905	0.01845	0.01397	0.01920	0.01188	0.01650	0.00956	0.00605	0.00642	0.00202	0.00807	0.00575	0.00306	0.00897
17	0.01240	0.01169	0.01974	0.71928	0.08104	0.01441	0.01804	0.01669	0.01302	0.01675	0.01152	0.01716	0.00870	0.00642	0.00646	0.00214	0.00856	0.00574	0.00289	0.00734
18	0.01419	0.01351	0.02296	0.38168	0.40471	0.01488	0.01893	0.01825	0.01386	0.01892	0.01183	0.01658	0.00946	0.00609	0.00643	0.00203	0.00812	0.00575	0.00304	0.00878
19	0.01308	0.01238	0.02097	0.59045	0.20455	0.01459	0.01838	0.01728	0.01334	0.01758	0.01164	0.01694	0.00899	0.00630	0.00645	0.00210	0.00840	0.00575	0.00295	0.00789
20	0.00824	0.00601	0.00782	0.00898	0.00978	0.00559	0.00639	0.00980	0.01343	0.01775	0.09969	0.55002	0.11856	0.01893	0.00820	0.00256	0.00388	0.09284	0.00609	0.00542
21	0.04350	0.01165	0.01264	0.01108	0.01446	0.01268	0.00877	0.09399	0.33295	0.12338	0.02348	0.02404	0.01768	0.00844	0.00602	0.00198	0.00485	0.02764	0.21167	0.00909
22	0.01396	0.01328	0.02256	0.42433	0.36382	0.01482	0.01882	0.01805	0.01375	0.01864	0.01179	0.01665	0.00937	0.00613	0.00643	0.00204	0.00818	0.00575	0.00302	0.00860
23	0.08248	0.01345	0.01459	0.01233	0.01606	0.06078	0.00981	0.09655	0.18780	0.25342	0.04360	0.08201	0.01820	0.00922	0.00731	0.00210	0.05129	0.00727	0.00630	0.02546
24	0.01706	0.74062	0.06820	0.01141	0.01714	0.02505	0.01168	0.01940	0.01315	0.01546	0.00911	0.01052	0.00829	0.00556	0.00424	0.00141	0.00704	0.00352	0.00276	0.00835
25	0.00881	0.00654	0.00821	0.00790	0.00948	0.00594	0.00588	0.01151	0.01735	0.02392	0.57571	0.08897	0.17759	0.01414	0.00766	0.00209	0.00312	0.01238	0.00686	0.00594
26	0.22943	0.01127	0.01227	0.01010	0.01412	0.01148	0.00821	0.08616	0.05836	0.31637	0.01955	0.01895	0.01354	0.00742	0.00548	0.00191	0.00503	0.00562	0.15575	0.00899
27	0.01426	0.01271	0.01736	0.01246	0.01829	0.01036	0.11136	0.05382	0.01457	0.02205	0.01193	0.01411	0.00968	0.00504	0.00529	0.00119	0.00581	0.00449	0.00389	0.65133
28	0.00939	0.00713	0.00871	0.00834	0.01007	0.00676	0.00623	0.01333	0.07526	0.02401	0.51741	0.09449	0.16692	0.01381	0.00758	0.00211	0.00330	0.01207	0.00681	0.00628
29	0.01548	0.46822	0.32675	0.01411	0.02131	0.02118	0.01638	0.01981	0.01334	0.01739	0.01007	0.01173	0.00825	0.00578	0.00497	0.00166	0.00801	0.00400	0.00275	0.00881
30	0.02425	0.01114	0.01451	0.01091	0.01613	0.00923	0.00894	0.02686	0.01694	0.51935	0.02123	0.01938	0.01404	0.00702	0.00598	0.00168	0.00528	0.00569	0.00673	0.25470
31	0.01122	0.00561	0.00842	0.00842	0.00842	0.00561	0.00561	0.00842	0.00842	0.01122	0.01122	0.01964	0.01122	0.02245	0.02525	0.81201	0.00561	0.00561	0.00281	0.00281
32	0.01220	0.01148	0.01938	0.75739	0.04450	0.01436	0.01794	0.01651	0.01292	0.01651	0.01148	0.01723	0.00861	0.00646	0.00646	0.00215	0.00861	0.00574	0.00287	0.00718
33	0.00795	0.00648	0.00706	0.00730	0.00915	0.00559	0.00546	0.00971	0.01472	0.01812	0.11325	0.15322	0.54712	0.01670	0.00779	0.00227	0.00347	0.05304	0.00609	0.00551
34	0.00962	0.00693	0.00874	0.00952	0.01069	0.00674	0.00752	0.01148	0.01323	0.01700	0.03565	0.06197	0.15569	0.24023	0.01576	0.00380	0.00557	0.36922	0.00536	0.00526
35	0.01041	0.00744	0.01041	0.01190	0.01339	0.00744	0.01041	0.01339	0.01487	0.01934	0.03421	0.07288	0.03719	0.01785	0.00892	0.00297	0.00595	0.68913	0.00595	0.00595
36	0.02444	0.01132	0.01391	0.01097	0.01525	0.01082	0.00896	0.16182	0.01976	0.44514	0.02257	0.02117	0.01513	0.00785	0.00606	0.00188	0.00528	0.00626	0.18150	0.00992
37	0.00817	0.00587	0.00782	0.00927	0.00984	0.00552	0.00650	0.00954	0.01275	0.01687	0.03637	0.66255	0.06342	0.01983	0.00831	0.00265	0.00400	0.09939	0.00599	0.00534
38	0.01258	0.01187	0.02006	0.68596	0.11299	0.01445	0.01813	0.01684	0.01310	0.01697	0.01155	0.01710	0.00877	0.00639	0.00645	0.00213	0.00852	0.00574	0.00290	0.00748
39	0.02456	0.01810	0.01939	0.01487	0.02004	0.02004	0.01228	0.71107	0.03038	0.04072	0.01551	0.01551	0.01099	0.00776	0.00646	0.00194	0.00711	0.00582	0.00646	0.01099
40	0.81856	0.01250	0.00950	0.00850	0.01250	0.01449	0.00700	0.01899	0.01100	0.02899	0.00900	0.01050	0.00700	0.00600	0.00400	0.00200	0.00500	0.00350	0.00400	0.00700
41	0.00836	0.00641	0.00953	0.01021	0.01099	0.00598	0.05260	0.00977	0.01256	0.01677	0.03412	0.71891	0.04055	0.01926	0.00821	0.00259	0.00422	0.01766	0.00582	0.00548
42	0.00787	0.00562	0.00750	0.00900	0.00937	0.00525	0.00600	0.00900	0.01237	0.01649	0.03561	0.76871	0.04274	0.02024	0.00825	0.00262	0.00375	0.01837	0.00600	0.00525
43	0.02241	0.01159	0.01423	0.01167	0.01573	0.01141	0.00942	0.13184	0.12651	0.37823	0.08276	0.06481	0.02161	0.00945	0.00670	0.00207	0.00532	0.02892	0.03549	0.00984
44	0.01296	0.03342	0.73944	0.01842	0.02797	0.01501	0.02387	0.02046	0.01364	0.02046	0.01160	0.01364	0.00818	0.00614	0.00614	0.00205	0.00955	0.00477	0.00273	0.00955
45	0.02088	0.01538	0.01636	0.01316	0.01746	0.01708	0.01067	0.46354	0.17239	0.03533	0.01862	0.01862	0.01366	0.00793	0.00619	0.00193	0.00607	0.00616	0.12851	0.01007
46	0.01513	0.01049	0.01105	0.01004	0.01286	0.01156	0.00778	0.04913	0.36068	0.05474	0.02362	0.02372	0.01789	0.00816	0.00567	0.00188	0.00428	0.00666	0.35621	0.00845
47	0.01079	0.00590	0.00884	0.00884	0.00909	0.00615	0.00615	0.00909	0.00884	0.01204	0.01254	0.02089	0.01229	0.02809	0.18197	0.63803	0.00815	0.00590	0.00295	0.00345
48	0.02884	0.01124	0.01514	0.01161	0.01661	0.00985	0.00959	0.05445	0.01890	0.71356	0.02515	0.02177	0.01583	0.00799	0.00650	0.00200	0.00555	0.00647	0.00795	0.01100
49	0.00786	0.00565	0.00747	0.00891	0.00935	0.00526	0.00596	0.00901	0.01245	0.01653	0.03661	0.74498	0.06581	0.02011	0.00823	0.00261	0.00373	0.01821	0.00600	0.00526
50	0.01727	0.77681	0.03386	0.01106	0.01658	0.02557	0.01106	0.01935	0.01313	0.01520	0.00898	0.01036	0.00829	0.00553	0.00415	0.00138	0.00691	0.00345	0.00276	0.00829
51	0.01009	0.00702	0.00899	0.00847	0.01022	0.00655	0.00643	0.01349	0.04169	0.05353	0.59586	0.06776	0.09819	0.01338	0.00760	0.00209	0.00334	0.03195	0.00700	0.00637
52	0.00787	0.00562	0.00750	0.00900	0.00937	0.00525	0.00600	0.00900	0.01237	0.01649	0.03561	0.76871	0.04274	0.02024	0.00825	0.00262	0.00375	0.01837	0.00600	0.00525
53	0.02415	0.03028	0.01835	0.01657	0.01998	0.71779	0.01248	0.05332	0.01880	0.01681	0.01021	0.01181	0.00843	0.00670	0.00585	0.00168	0.01147	0.00423	0.00346	0.00763
54	0.00828	0.00657	0.00744	0.00722	0.00912	0.00573	0.00542	0.01052	0.01625	0.02107	0.34907	0.05624	0.44412	0.01502	0.00763	0.00212	0.00318	0.01280	0.00648	0.00573
55	0.00787	0.00562	0.00750	0.00900	0.00937	0.00525	0.00600	0.00900	0.01237	0.01649	0.03561	0.76871	0.04274	0.02024	0.00825	0.00262	0.00375	0.01837	0.00600	0.00525
56	0.00787	0.00562	0.00750	0.00900	0.00937	0.00525	0.00600	0.00900	0.01237	0.01649	0.03561	0.76871	0.04274	0.02024	0.00825	0.00262	0.00375	0.01837	0.00600	0.00525
57	0.00939	0.00629	0.00716	0.00716	0.00720	0.00633	0.00406	0.00947	0.00943	0.01261	0.02025	0.04169	0.02323	0.74753	0.05792	0.00641	0.00665	0.00931	0.00390	0.00398
58	0.01727	0.77681	0.03386	0.01106	0.01658	0.02557	0.01106	0.01935	0.01313	0.01520	0.00898	0.01036	0.00829	0.00553	0.00415	0.00138	0.00691	0.00345	0.00276	0.00829
59	0.01727	0.77681	0.03386	0.01106	0.01658	0.02557	0.01106	0.01935	0.01313	0.01520	0.00898	0.01036	0.00829	0.00553	0.00415	0.00138	0.00691	0.00345	0.00276	0.00829
60	0.02292	0.01656	0.01796	0.01414	0.01892	0.01824	0.01155	0.53222	0.14339	0.08223	0.04219	0.01846	0.01445	0.00812	0.00652	0.00199	0.00654	0.00631	0.00660	0.01070
61	0.02140	0.01639	0.01747	0.01408	0.01866	0.01837	0.01141	0.46568	0.26429	0.03570	0.01930	0.01862	0.01408	0.00809	0.00646	0.00201	0.00634	0.00633	0.02470	0.01062
62	0.00891	0.00660	0.00831	0.00788	0.00951	0.00600	0.00591	0.01173	0.01773	0.02458	0.62444	0.05046	0.16657	0.01371	0.00762	0.00206	0.00308	0.01199	0.00694	0.00600
63	0.13481	0.01382	0.01832	0.01409	0.01887	0.01401	0.11333	0.18772	0.04628	0.22896	0.06007	0.01905	0.01485	0.00751	0.00667	0.00198	0.02701	0.00623	0.00585	0.06058
64	0.00925	0.00686	0.01008	0.01008	0.01112	0.00791	0.00769	0.01134	0.01029	0.01477	0.01759	0.02694	0.01683	0.11514	0.68156	0.01001	0.01629	0.00715	0.00350	0.00560
65	0.00940	0.00626	0.00705	0.00705	0.00705	0.00626	0.00392	0.00940	0.00940	0.01253	0.02036	0.04228	0.02349	0.77292	0.03289	0.00626	0.00626	0.00940	0.00392	0.00392
66	0.77574	0.01215	0.00931	0.00837	0.01223	0.01405	0.00687	0.01878	0.01113	0.02873	0.00964	0.01122	0.00751	0.00608	0.00403	0.00197	0.00489	0.00363	0.04673	0.00695
67	0.00786	0.00568	0.00744	0.00885	0.00933	0.00526	0.00593	0.00901	0.01252	0.01655	0.03745	0.72513	0.08512	0.02000	0.00821	0.00260	0.00372	0.01808	0.00600	0.00526
68	0.07291	0.01521	0.01562	0.01304	0.01703	0.12070	0.03367	0.13315	0.14589	0.23126	0.06572	0.07070	0.01862	0.00884	0.00647	0.00203	0.00646	0.00717	0.00621	0.00931
69	0.01559	0.01682	0.02285	0.01874	0.02032	0.11081	0.13686	0.01775	0.01190	0.01649	0.00948	0.01441	0.00870	0.00969	0.01686	0.00257	0.53397	0.00581	0.00297	0.00741
70	0.00871	0.00580	0.00794	0.00918	0.00959	0.00553	0.00636	0.00932	0.01192	0.01584	0.03116	0.56848	0.03662	0.02040	0.01132	0.14582	0.00429	0.08141	0.00543	0.00488
71	0.01393	0.01161	0.01379	0.01002	0.01544	0.00923	0.00806	0.01671	0.01337	0.04317	0.01176	0.01371	0.00971	0.00523	0.00571	0.00109	0.04497	0.00401	0.00391	0.74458
72	0.81856	0.01250	0.00950	0.00850	0.01250	0.01449	0.00700	0.01899	0.01100	0.02899	0.00900	0.01050	0.00700	0.00600	0.00400	0.00200	0.00500	0.00350	0.00400	0.00700
73	0.00787	0.00562	0.00750	0.00900	0.00937	0.00525	0.00600	0.00900	0.01237	0.01649	0.03561	0.76871	0.04274	0.02024	0.00825	0.00262	0.00375	0.01837	0.00600	0.00525
74	0.00803	0.00573	0.00768	0.00917	0.00962	0.00538	0.00627	0.00926	0.01252	0.01667	0.03553	0.72627	0.04240	0.02010	0.00829	0.00265	0.00388	0.05928	0.00599	0.00529
75	0.01807	0.55426	0.02871	0.01217	0.01710	0.12713	0.01113	0.02255	0.12152	0.01709	0.01176	0.01264	0.01003	0.00618	0.00476	0.00155	0.00731	0.00414	0.00342	0.00847
76	0.00853	0.00641	0.00793	0.00837	0.00959	0.00594	0.00596	0.01098	0.03921	0.02017	0.27136	0.36479	0.18336	0.01675	0.00786	0.00233	0.00347	0.01484	0.00639	0.00574
77	0.00787	0.00562	0.00750	0.00900	0.00937	0.00525	0.00600	0.00900	0.01237	0.01649	0.03561	0.76871	0.04274	0.02024	0.00825	0.00262	0.00375	0.01837	0.00600	0.00525
78	0.00793	0.00574	0.00753	0.00893	0.00945	0.00533	0.00606	0.00915	0.01259	0.01664	0.03744	0.70369	0.08551	0.01993	0.00823	0.00261	0.00378	0.03819	0.00600	0.00528
79	0.01345	0.11798	0.65919	0.01758	0.02667	0.01621	0.02242	0.02034	0.01358	0.01986	0.01130	0.01327	0.00820	0.00607	0.00591	0.00197	0.00925	0.00462	0.00273	0.00941
80	0.01414	0.01414	0.01979	0.01696	0.01696	0.01979	0.01414	0.01555	0.00990	0.01555	0.00848	0.01414	0.00848	0.01131	0.02120	0.00283	0.76110	0.00565	0.00283	0.00707
81	0.00948	0.00632	0.00745	0.00768	0.00785	0.00630	0.00473	0.00974	0.01006	0.01337	0.02223	0.08310	0.02544	0.63139	0.02893	0.03411	0.00608	0.07739	0.00419	0.00415
82	0.01700	0.01595	0.02711	0.15422	0.18741	0.01677	0.24493	0.18014	0.01803	0.02451	0.01297	0.01650	0.00991	0.00647	0.00742	0.00209	0.03903	0.00638	0.00391	0.00925
83	0.01411	0.01338	0.02251	0.33269	0.39725	0.01474	0.01833	0.01802	0.01395	0.01921	0.03938	0.01768	0.01146	0.00652	0.00698	0.00205	0.03384	0.00598	0.00320	0.00871
84	0.02560	0.01890	0.01805	0.01437	0.01912	0.16652	0.01161	0.39757	0.02488	0.21277	0.01692	0.01637	0.01171	0.00759	0.00634	0.00190	0.00763	0.00565	0.00621	0.01027
85	0.00787	0.00562	0.00750	0.00900	0.00937	0.00525	0.00600	0.00900	0.01237	0.01649	0.03561	0.76871	0.04274	0.02024	0.00825	0.00262	0.00375	0.01837	0.00600	0.00525
86	0.05056	0.04102	0.04320	0.01364	0.01856	0.01542	0.03805	0.30877	0.08411	0.23895	0.01959	0.02035	0.01404	0.00803	0.00640	0.00201	0.00646	0.03347	0.02715	0.01023
87	0.01685	0.60874	0.16819	0.01248	0.01876	0.02300	0.01345	0.01997	0.01341	0.04060	0.01004	0.01138	0.00853	0.00573	0.00461	0.00153	0.00737	0.00381	0.00293	0.00862
88	0.01056	0.00773	0.01040	0.01150	0.01315	0.00779	0.00988	0.01442	0.05773	0.02023	0.08721	0.06771	0.06220	0.01690	0.00864	0.00283	0.00559	0.57326	0.00608	0.00620
89	0.00919	0.00620	0.00720	0.00741	0.00749	0.00618	0.00432	0.00941	0.00982	0.01313	0.02231	0.13912	0.02586	0.65098	0.05040	0.00590	0.00625	0.01053	0.00418	0.00415
90	0.04790	0.34692	0.34578	0.01546	0.04587	0.03834	0.01697	0.04151	0.01399	0.01910	0.01048	0.01221	0.00834	0.00592	0.00522	0.00175	0.00816	0.00421	0.00294	0.00893
91	0.13536	0.08438	0.06201	0.01406	0.06429	0.01596	0.01129	0.20685	0.11939	0.07291	0.01528	0.01632	0.01166	0.02770	0.00638	0.00193	0.00625	0.00528	0.00501	0.11770
92	0.03705	0.04603	0.08811	0.05986	0.06469	0.03902	0.01187	0.14152	0.05405	0.04854	0.01540	0.04632	0.01275	0.00720	0.00582	0.00170	0.00638	0.02769	0.04115	0.24486
93	0.12657	0.10495	0.05811	0.01174	0.03295	0.01407	0.00966	0.14556	0.06228	0.02466	0.11731	0.06390	0.02100	0.09572	0.03539	0.00275	0.02881	0.00720	0.02967	0.00770
94	0.06520	0.09490	0.11429	0.09645	0.02117	0.16612	0.03612	0.03669	0.06548	0.02015	0.05858	0.03404	0.05707	0.00758	0.00593	0.00181	0.00757	0.00596	0.00399	0.10089
95	0.06846	0.16529	0.18994	0.08853	0.12739	0.07317	0.04021	0.04428	0.03876	0.06239	0.01237	0.01438	0.00953	0.00621	0.00572	0.00185	0.00797	0.00492	0.00357	0.03505

[dist]
# distance from previous block
# <min> <max>
0	138

[block]
# block no. 1 follows, 34 sequences, length 9
# corresponding to MSA columns:
# 3951-3959
name=unknown_B
#
# <colnr> <probs for GDERKNQSTAVLIFYWHMCP>
#	G	D	E	R	K	N	Q	S	T	A	V	L	I	F	Y	W	H	M	C	P
0	0.12708	0.16825	0.13883	0.01398	0.06262	0.04991	0.01235	0.07512	0.06016	0.05022	0.09449	0.02090	0.06519	0.00798	0.00617	0.00191	0.02596	0.00607	0.00442	0.00838
1	0.06842	0.04803	0.14615	0.01552	0.08801	0.01448	0.01301	0.14551	0.12321	0.08858	0.05520	0.01844	0.01459	0.00721	0.00597	0.00186	0.00638	0.00577	0.03585	0.09779
2	0.08894	0.06083	0.38914	0.01477	0.02121	0.04805	0.01644	0.05103	0.04759	0.02142	0.01585	0.13413	0.01433	0.00851	0.00614	0.00204	0.00765	0.00686	0.00380	0.04125
3	0.01054	0.00913	0.04594	0.00902	0.01144	0.00784	0.00734	0.08796	0.01805	0.02439	0.39342	0.09285	0.23035	0.01355	0.00746	0.00210	0.00392	0.01165	0.00645	0.00658
4	0.01727	0.77681	0.03386	0.01106	0.01658	0.02557	0.01106	0.01935	0.01313	0.01520	0.00898	0.01036	0.00829	0.00553	0.00415	0.00138	0.00691	0.00345	0.00276	0.00829
5	0.00785	0.00572	0.00739	0.00873	0.00930	0.00527	0.00588	0.00903	0.01263	0.01660	0.03887	0.69153	0.11780	0.01982	0.00818	0.00258	0.00370	0.01785	0.00600	0.00527
6	0.81856	0.01250	0.00950	0.00850	0.01250	0.01449	0.00700	0.01899	0.01100	0.02899	0.00900	0.01050	0.00700	0.00600	0.00400	0.00200	0.00500	0.00350	0.00400	0.00700
7	0.12522	0.01392	0.06280	0.01333	0.01831	0.01254	0.09277	0.13102	0.01813	0.32965	0.01899	0.01868	0.01290	0.00723	0.00606	0.00196	0.00630	0.00598	0.09462	0.00957
8	0.01024	0.00729	0.00914	0.00823	0.01042	0.00642	0.00626	0.01308	0.01735	0.05449	0.54261	0.04523	0.13631	0.01250	0.00728	0.00194	0.00336	0.01089	0.00667	0.09030

[dist]
# distance from previous block
# <min> <max>
13	16

[block]
# block no. 2 follows, 34 sequences, length 19
# corresponding to MSA columns:
# 3976-3994
name=unknown_C
#
# <colnr> <probs for GDERKNQSTAVLIFYWHMCP>
#	G	D	E	R	K	N	Q	S	T	A	V	L	I	F	Y	W	H	M	C	P
0	0.10773	0.01376	0.01443	0.01244	0.01621	0.01549	0.00991	0.19986	0.36523	0.03034	0.10292	0.02463	0.02136	0.00898	0.00645	0.00211	0.00539	0.02702	0.00630	0.00945
1	0.05658	0.01489	0.07432	0.01187	0.01694	0.03434	0.01028	0.16140	0.07529	0.08019	0.04062	0.01865	0.03841	0.00897	0.04121	0.00203	0.00644	0.00555	0.00498	0.29703
2	0.02263	0.19648	0.02182	0.01532	0.01922	0.55521	0.01216	0.05362	0.01767	0.01674	0.01000	0.01153	0.00843	0.00645	0.00548	0.00161	0.01040	0.00407	0.00334	0.00782
3	0.00930	0.00695	0.01039	0.01048	0.01165	0.00804	0.00822	0.01165	0.01066	0.01527	0.01836	0.02835	0.01747	0.04655	0.70116	0.00992	0.01660	0.04957	0.00362	0.00578
4	0.01745	0.01456	0.01538	0.01343	0.01733	0.01671	0.01056	0.14399	0.60904	0.02925	0.02455	0.02271	0.01831	0.00860	0.00656	0.00215	0.00544	0.00706	0.00656	0.01035
5	0.01012	0.00732	0.00955	0.01019	0.01112	0.00757	0.00775	0.04172	0.01314	0.01752	0.02871	0.26174	0.03222	0.18540	0.06421	0.00404	0.03290	0.24395	0.00526	0.00555
6	0.01124	0.00989	0.01399	0.14013	0.01919	0.03799	0.07822	0.03776	0.03373	0.02018	0.16336	0.20671	0.10565	0.01316	0.00757	0.00230	0.00579	0.08122	0.00533	0.00659
7	0.02269	0.01717	0.01834	0.01449	0.01932	0.01916	0.01183	0.56171	0.18279	0.03770	0.01789	0.01741	0.01292	0.00798	0.00649	0.00199	0.00667	0.00615	0.00649	0.01082
8	0.01198	0.01114	0.01861	0.70379	0.04201	0.01376	0.01710	0.01620	0.01330	0.01718	0.06283	0.01945	0.01236	0.00694	0.00654	0.00214	0.00822	0.00617	0.00317	0.00710
9	0.01480	0.01413	0.02407	0.26599	0.51563	0.01504	0.01924	0.01878	0.01415	0.01966	0.01194	0.01638	0.00972	0.00598	0.00642	0.00199	0.00797	0.00575	0.00310	0.00927
10	0.77066	0.01360	0.01003	0.00899	0.01295	0.05867	0.00733	0.01940	0.01144	0.02820	0.00906	0.01057	0.00708	0.00604	0.00411	0.00198	0.00540	0.00354	0.00396	0.00703
11	0.01370	0.07580	0.08091	0.16979	0.12834	0.01416	0.01413	0.01692	0.01341	0.05488	0.08152	0.08220	0.01745	0.01029	0.03125	0.00241	0.14272	0.00716	0.03522	0.00775
12	0.01465	0.01203	0.01532	0.01216	0.04766	0.00997	0.04401	0.04128	0.04953	0.05646	0.04791	0.01642	0.01296	0.00572	0.00536	0.00126	0.00526	0.00485	0.00435	0.59284
13	0.00901	0.00660	0.00845	0.00799	0.00957	0.00604	0.00599	0.01194	0.01798	0.02517	0.67119	0.04948	0.11945	0.01349	0.00762	0.00205	0.00307	0.01186	0.00702	0.00604
14	0.01528	0.01381	0.02115	0.09896	0.42399	0.01449	0.01602	0.06385	0.12403	0.02291	0.06696	0.05775	0.01686	0.00768	0.00662	0.00203	0.00681	0.00706	0.00431	0.00944
15	0.00926	0.00713	0.00831	0.00856	0.01021	0.00669	0.00635	0.05992	0.01514	0.01939	0.09166	0.29767	0.33197	0.01803	0.03255	0.00263	0.00434	0.05830	0.00602	0.00587
16	0.01083	0.01037	0.05006	0.01214	0.01512	0.00911	0.13198	0.01503	0.05203	0.02304	0.36355	0.03973	0.14990	0.01137	0.00767	0.00208	0.02469	0.01021	0.05424	0.00686
17	0.01744	0.14846	0.04265	0.01181	0.01718	0.10723	0.01008	0.09902	0.03505	0.05233	0.01232	0.01355	0.00985	0.00578	0.00517	0.00135	0.00649	0.00427	0.00410	0.39586
18	0.06762	0.09648	0.02000	0.37829	0.06515	0.01564	0.01452	0.11242	0.01611	0.13296	0.01381	0.01651	0.01002	0.00671	0.00606	0.00200	0.00747	0.00548	0.00423	0.00854

[dist]
# distance from previous block
# <min> <max>
0	1

[block]
# block no. 3 follows, 34 sequences, length 15
# corresponding to MSA columns:
# 3996-4010
name=unknown_D
#
# <colnr> <probs for GDERKNQSTAVLIFYWHMCP>
#	G	D	E	R	K	N	Q	S	T	A	V	L	I	F	Y	W	H	M	C	P
0	0.01836	0.36169	0.13734	0.01405	0.01937	0.11664	0.01363	0.12892	0.03939	0.02051	0.01107	0.01258	0.00909	0.00667	0.00643	0.00175	0.06579	0.00442	0.00354	0.00877
1	0.01722	0.68514	0.09027	0.01189	0.01765	0.05521	0.01215	0.01971	0.01339	0.01565	0.00924	0.01068	0.00828	0.00563	0.00438	0.00145	0.00732	0.00359	0.00278	0.00836
2	0.00815	0.00659	0.00733	0.00737	0.00927	0.00565	0.00541	0.00995	0.01475	0.01868	0.15584	0.19211	0.46977	0.01614	0.00763	0.00219	0.00339	0.01383	0.00607	0.03988
3	0.00940	0.00626	0.00705	0.00705	0.00705	0.00626	0.00392	0.00940	0.00940	0.01253	0.02036	0.04228	0.02349	0.77292	0.03289	0.00626	0.00626	0.00940	0.00392	0.00392
4	0.00876	0.00659	0.00810	0.00772	0.00941	0.00593	0.00579	0.01144	0.01737	0.02373	0.55838	0.05185	0.23315	0.01402	0.00762	0.00207	0.00311	0.01219	0.00683	0.00593
5	0.01236	0.09364	0.01680	0.06175	0.01740	0.01181	0.09670	0.06505	0.08477	0.01998	0.02705	0.31505	0.05640	0.01344	0.00735	0.00233	0.00589	0.07994	0.00518	0.00712
6	0.01772	0.63273	0.07947	0.01242	0.01811	0.06517	0.03528	0.02026	0.01372	0.04083	0.00992	0.01130	0.00860	0.00572	0.00457	0.00149	0.00744	0.00383	0.00299	0.00844
7	0.10884	0.07260	0.01946	0.08671	0.02089	0.11631	0.04076	0.18388	0.08207	0.04636	0.01306	0.01503	0.01020	0.00778	0.00871	0.00209	0.14688	0.00536	0.00440	0.00862
8	0.01308	0.01286	0.02313	0.33168	0.13677	0.01415	0.17345	0.01705	0.01378	0.01863	0.05646	0.07585	0.01484	0.00792	0.00796	0.00220	0.06144	0.00748	0.00350	0.00776
9	0.01365	0.01296	0.02199	0.48327	0.30732	0.01474	0.01866	0.01778	0.01360	0.01827	0.01174	0.01675	0.00923	0.00619	0.00644	0.00206	0.00826	0.00575	0.00300	0.00835
10	0.01870	0.19865	0.07582	0.01282	0.01803	0.04158	0.03393	0.14336	0.06682	0.11904	0.03895	0.01830	0.01365	0.00714	0.00573	0.00172	0.00657	0.02720	0.02163	0.13036
11	0.01122	0.00561	0.00842	0.00842	0.00842	0.00561	0.00561	0.00842	0.00842	0.01122	0.01122	0.01964	0.01122	0.02245	0.02525	0.81201	0.00561	0.00561	0.00281	0.00281
12	0.01727	0.77681	0.03386	0.01106	0.01658	0.02557	0.01106	0.01935	0.01313	0.01520	0.00898	0.01036	0.00829	0.00553	0.00415	0.00138	0.00691	0.00345	0.00276	0.00829
13	0.01505	0.01466	0.07328	0.07857	0.08369	0.04380	0.02718	0.09239	0.08393	0.05231	0.10630	0.02527	0.08624	0.02565	0.00972	0.00223	0.13495	0.00732	0.00473	0.03273
14	0.04359	0.16326	0.19731	0.08678	0.05220	0.03487	0.11006	0.02069	0.08680	0.03757	0.06021	0.03361	0.01422	0.00795	0.02228	0.00214	0.00803	0.00607	0.00380	0.00856

[dist]
# distance from previous block
# <min> <max>
8	38

[block]
# block no. 4 follows, 34 sequences, length 33
# corresponding to MSA columns:
# 4049-4081
name=unknown_E
#
# <colnr> <probs for GDERKNQSTAVLIFYWHMCP>
#	G	D	E	R	K	N	Q	S	T	A	V	L	I	F	Y	W	H	M	C	P
0	0.01947	0.09312	0.01750	0.06060	0.01868	0.04643	0.01057	0.16196	0.13018	0.15755	0.01936	0.02049	0.03570	0.00768	0.00604	0.00180	0.00620	0.02880	0.00551	0.15236
1	0.07735	0.01305	0.01459	0.01254	0.01589	0.03965	0.03343	0.11461	0.22614	0.10548	0.02732	0.07031	0.11908	0.01037	0.00791	0.00220	0.06887	0.02670	0.00585	0.00867
2	0.01707	0.26309	0.08749	0.08017	0.29870	0.08582	0.01616	0.02044	0.01444	0.04376	0.01131	0.01389	0.00934	0.00593	0.00561	0.00175	0.00795	0.00481	0.00318	0.00909
3	0.13870	0.00910	0.01193	0.01127	0.01267	0.01120	0.00899	0.01344	0.01039	0.01732	0.01440	0.02100	0.01332	0.03504	0.49874	0.00769	0.14900	0.00615	0.00343	0.00620
4	0.00764	0.00655	0.00655	0.00655	0.00873	0.00545	0.00491	0.00927	0.01473	0.01745	0.06546	0.06218	0.73000	0.01636	0.00764	0.00218	0.00327	0.01364	0.00600	0.00545
5	0.00867	0.00652	0.00809	0.00835	0.00985	0.00595	0.00633	0.01097	0.01577	0.02098	0.32605	0.18491	0.24077	0.01598	0.00791	0.00231	0.00363	0.10476	0.00645	0.00575
6	0.01660	0.22100	0.05979	0.01209	0.01736	0.01700	0.01075	0.11443	0.19969	0.02361	0.01520	0.01566	0.01198	0.00649	0.00538	0.00158	0.00601	0.00495	0.00455	0.23587
7	0.01339	0.00864	0.00941	0.00848	0.01097	0.00878	0.00654	0.04431	0.15134	0.04473	0.13375	0.02671	0.02345	0.00847	0.00555	0.00171	0.00378	0.00700	0.41178	0.07121
8	0.00940	0.00626	0.00705	0.00705	0.00705	0.00626	0.00392	0.00940	0.00940	0.01253	0.02036	0.04228	0.02349	0.77292	0.03289	0.00626	0.00626	0.00940	0.00392	0.00392
9	0.01471	0.01609	0.06807	0.15873	0.27229	0.01516	0.28650	0.01942	0.01450	0.02022	0.01272	0.01696	0.00992	0.00585	0.00679	0.00205	0.00900	0.00644	0.03565	0.00890
10	0.12342	0.01452	0.01639	0.01271	0.01767	0.01506	0.01050	0.34914	0.02316	0.32348	0.01879	0.01754	0.01254	0.00764	0.00618	0.00197	0.00619	0.00581	0.00679	0.01050
11	0.01296	0.03342	0.73944	0.01842	0.02797	0.01501	0.02387	0.02046	0.01364	0.02046	0.01160	0.01364	0.00818	0.00614	0.00614	0.00205	0.00955	0.00477	0.00273	0.00955
12	0.00890	0.00642	0.00737	0.00736	0.00820	0.00612	0.00482	0.00992	0.01218	0.01595	0.13145	0.06555	0.20327	0.41507	0.05413	0.00470	0.00550	0.02338	0.00495	0.00475
13	0.31429	0.03066	0.04256	0.00953	0.01299	0.03364	0.00801	0.08112	0.01540	0.06279	0.14137	0.05049	0.06996	0.00892	0.00559	0.00196	0.00495	0.00687	0.09161	0.00730
14	0.01780	0.06899	0.01862	0.09463	0.06764	0.22694	0.01271	0.08904	0.11016	0.02053	0.03351	0.03890	0.03513	0.00869	0.00818	0.00205	0.10223	0.03186	0.00425	0.00813
15	0.05322	0.00696	0.00760	0.00736	0.00943	0.00624	0.00555	0.01122	0.01567	0.03630	0.27573	0.07928	0.43317	0.01473	0.00743	0.00214	0.00336	0.01246	0.00629	0.00586
16	0.01442	0.01213	0.01394	0.01016	0.01576	0.00987	0.00815	0.07321	0.04652	0.02291	0.01247	0.01405	0.01014	0.00520	0.00500	0.00109	0.00499	0.00414	0.00416	0.71168
17	0.00940	0.00626	0.00705	0.00705	0.00705	0.00626	0.00392	0.00940	0.00940	0.01253	0.02036	0.04228	0.02349	0.77292	0.03289	0.00626	0.00626	0.00940	0.00392	0.00392
18	0.02102	0.01141	0.01468	0.01206	0.01549	0.01184	0.00978	0.06786	0.10842	0.35857	0.15966	0.02584	0.02383	0.00958	0.00887	0.00215	0.11535	0.00745	0.00679	0.00937
19	0.01333	0.01191	0.01892	0.60760	0.06261	0.01438	0.01690	0.08045	0.01474	0.01911	0.01363	0.02132	0.01109	0.00744	0.00665	0.00219	0.00824	0.05850	0.00345	0.00754
20	0.01084	0.00913	0.01377	0.11806	0.04173	0.01011	0.05291	0.01392	0.04119	0.01770	0.05502	0.18796	0.04904	0.06927	0.11972	0.00386	0.07767	0.07452	0.02719	0.00639
21	0.00791	0.00602	0.00717	0.00797	0.00902	0.00541	0.00549	0.00922	0.01326	0.01693	0.06849	0.44908	0.29116	0.06003	0.00936	0.00264	0.00369	0.01594	0.00592	0.00528
22	0.05959	0.01614	0.06514	0.19259	0.25191	0.07164	0.03712	0.04120	0.04311	0.02086	0.01222	0.01544	0.00970	0.00605	0.00602	0.00184	0.00770	0.00527	0.00349	0.13296
23	0.10830	0.21257	0.11860	0.01335	0.01858	0.06699	0.01246	0.15065	0.19161	0.02512	0.01489	0.01526	0.01146	0.00695	0.00554	0.00186	0.00696	0.00507	0.00456	0.00924
24	0.01666	0.07082	0.16036	0.05023	0.30054	0.01603	0.01693	0.16175	0.01761	0.02473	0.03847	0.01643	0.01181	0.00654	0.00613	0.00187	0.00747	0.00557	0.03098	0.03906
25	0.04476	0.04249	0.04146	0.07573	0.34993	0.03709	0.05348	0.06432	0.01592	0.06979	0.06974	0.02069	0.04564	0.00854	0.03090	0.00223	0.00756	0.00650	0.00414	0.00908
26	0.01555	0.01456	0.06432	0.07224	0.35089	0.01317	0.01532	0.07449	0.01555	0.04877	0.01492	0.05903	0.01294	0.00711	0.00623	0.00183	0.00681	0.02715	0.02458	0.15451
27	0.03545	0.07915	0.09494	0.01158	0.01595	0.03749	0.01035	0.11675	0.05699	0.05989	0.09267	0.06308	0.04968	0.01189	0.06815	0.00249	0.00681	0.00690	0.03193	0.14784
28	0.03873	0.04589	0.09988	0.05870	0.15843	0.03870	0.08393	0.07276	0.03771	0.04571	0.07631	0.12359	0.04527	0.00920	0.00666	0.00206	0.00686	0.00820	0.03310	0.00831
29	0.03777	0.04069	0.06385	0.01752	0.12833	0.08473	0.05576	0.07077	0.11187	0.06634	0.04285	0.19393	0.02119	0.01043	0.00682	0.00214	0.00667	0.02493	0.00502	0.00839
30	0.01560	0.06781	0.21759	0.07638	0.10655	0.04010	0.15424	0.04016	0.03968	0.07285	0.01740	0.01943	0.06518	0.00718	0.00698	0.00204	0.03176	0.00637	0.00380	0.00891
31	0.04263	0.01704	0.17245	0.04139	0.17855	0.03341	0.04243	0.04502	0.05657	0.04597	0.06487	0.05383	0.03821	0.00777	0.00624	0.00192	0.00678	0.00671	0.07360	0.06460
32	0.05336	0.08995	0.18695	0.04210	0.15732	0.08268	0.01545	0.04520	0.04374	0.10087	0.03548	0.01606	0.01172	0.00675	0.00645	0.00188	0.03440	0.00527	0.00402	0.06035

[dist]
# distance from previous block
# <min> <max>
31	274

[block]
# block no. 5 follows, 34 sequences, length 22
# corresponding to MSA columns:
# 4390-4411
name=unknown_F
#
# <colnr> <probs for GDERKNQSTAVLIFYWHMCP>
#	G	D	E	R	K	N	Q	S	T	A	V	L	I	F	Y	W	H	M	C	P
0	0.01558	0.07162	0.22913	0.01660	0.07141	0.08477	0.04631	0.07782	0.06674	0.03592	0.03743	0.08209	0.01520	0.00807	0.00629	0.00192	0.00759	0.02642	0.00416	0.09494
1	0.01624	0.09126	0.09920	0.02118	0.23049	0.05358	0.04583	0.07197	0.08105	0.05469	0.01845	0.06616	0.04613	0.00787	0.00623	0.00193	0.00698	0.00678	0.06498	0.00899
2	0.04051	0.06585	0.14373	0.04244	0.15949	0.05116	0.01463	0.14699	0.05496	0.06674	0.06132	0.01962	0.04657	0.00761	0.00661	0.00194	0.02642	0.00611	0.00455	0.03276
3	0.01389	0.09670	0.26068	0.01532	0.06158	0.08835	0.03437	0.01787	0.03536	0.01730	0.01418	0.02201	0.01323	0.22882	0.01410	0.00316	0.02744	0.00614	0.00333	0.02617
4	0.15765	0.24062	0.03945	0.09277	0.05626	0.08058	0.04347	0.06887	0.03803	0.04335	0.04133	0.01729	0.01242	0.00701	0.00549	0.00185	0.00716	0.03428	0.00394	0.00817
5	0.01304	0.01089	0.01363	0.01235	0.06832	0.00971	0.02547	0.06509	0.06396	0.02238	0.10114	0.09328	0.07215	0.03949	0.00720	0.00179	0.00499	0.00762	0.00488	0.36260
6	0.10249	0.01451	0.04184	0.13068	0.26528	0.06521	0.01451	0.03890	0.05334	0.05920	0.01466	0.01899	0.01197	0.01081	0.07641	0.00279	0.00828	0.02776	0.03382	0.00856
7	0.01349	0.01104	0.05093	0.01195	0.01484	0.00998	0.06138	0.12984	0.04861	0.06308	0.02770	0.37112	0.05544	0.01360	0.00725	0.00224	0.00530	0.01212	0.04639	0.04371
8	0.01584	0.01564	0.02004	0.15839	0.16835	0.09921	0.07525	0.02481	0.27300	0.02158	0.01804	0.05110	0.01454	0.00769	0.00660	0.00209	0.00749	0.00684	0.00451	0.00900
9	0.00991	0.00690	0.00814	0.00765	0.00973	0.00605	0.00580	0.01227	0.01667	0.07430	0.37288	0.05272	0.36469	0.01427	0.00755	0.00210	0.00333	0.01220	0.00667	0.00616
10	0.01345	0.01308	0.02288	0.41383	0.21160	0.01478	0.10154	0.01747	0.01345	0.01811	0.01270	0.04905	0.01062	0.00704	0.00754	0.00216	0.05305	0.00651	0.00313	0.00804
11	0.01727	0.77681	0.03386	0.01106	0.01658	0.02557	0.01106	0.01935	0.01313	0.01520	0.00898	0.01036	0.00829	0.00553	0.00415	0.00138	0.00691	0.00345	0.00276	0.00829
12	0.01437	0.03447	0.04706	0.01017	0.01568	0.00960	0.00857	0.01790	0.04006	0.06698	0.03269	0.01600	0.01204	0.02609	0.00584	0.00130	0.00512	0.00453	0.00421	0.62734
13	0.02633	0.01294	0.06141	0.01252	0.01770	0.01070	0.03184	0.08087	0.01898	0.58539	0.05523	0.02202	0.01696	0.00802	0.00656	0.00200	0.00593	0.00661	0.00736	0.01061
14	0.50424	0.01243	0.01366	0.08635	0.07447	0.01398	0.05229	0.01924	0.05666	0.02569	0.01262	0.05136	0.01054	0.00694	0.00505	0.00204	0.00580	0.00523	0.03396	0.00746
15	0.01365	0.01060	0.01210	0.04437	0.01491	0.01154	0.00868	0.02422	0.36740	0.05599	0.23795	0.03325	0.07441	0.01035	0.00683	0.00210	0.00444	0.00883	0.05003	0.00837
16	0.00795	0.00568	0.00757	0.00894	0.00939	0.00530	0.00600	0.00920	0.01274	0.01709	0.07933	0.72330	0.04388	0.01980	0.00821	0.00259	0.00370	0.01795	0.00607	0.00530
17	0.01596	0.01545	0.02698	0.08954	0.56402	0.01559	0.10779	0.04750	0.01528	0.02151	0.01236	0.01625	0.01009	0.00585	0.00656	0.00197	0.00813	0.00600	0.00331	0.00985
18	0.01220	0.01148	0.01938	0.75739	0.04450	0.01436	0.01794	0.01651	0.01292	0.01651	0.01148	0.01723	0.00861	0.00646	0.00646	0.00215	0.00861	0.00574	0.00287	0.00718
19	0.01254	0.01183	0.01998	0.69399	0.10528	0.01444	0.01811	0.01680	0.01308	0.01692	0.01154	0.01712	0.00876	0.00640	0.00645	0.00213	0.00853	0.00574	0.00290	0.00745
20	0.01249	0.01178	0.01990	0.70252	0.09711	0.01443	0.01809	0.01676	0.01306	0.01686	0.01154	0.01713	0.00874	0.00641	0.00646	0.00214	0.00854	0.00574	0.00290	0.00741
21	0.01170	0.06561	0.01159	0.00999	0.01237	0.00918	0.00829	0.07905	0.01614	0.04360	0.05684	0.11921	0.26220	0.01526	0.00774	0.00241	0.00497	0.25143	0.00587	0.00654

[dist]
# distance from previous block
# <min> <max>
0	1

[block]
# block no. 6 follows, 34 sequences, length 74
# corresponding to MSA columns:
# 4413-4486
name=unknown_G
#
# <colnr> <probs for GDERKNQSTAVLIFYWHMCP>
#	G	D	E	R	K	N	Q	S	T	A	V	L	I	F	Y	W	H	M	C	P
0	0.02269	0.01910	0.08904	0.01499	0.02040	0.01899	0.01316	0.60339	0.04827	0.03763	0.01604	0.03785	0.01191	0.00800	0.00649	0.00198	0.00719	0.00613	0.00609	0.01066
1	0.01816	0.64462	0.03113	0.01164	0.01704	0.02443	0.01118	0.10956	0.04688	0.01903	0.01060	0.01164	0.00915	0.00596	0.00455	0.00149	0.00686	0.00393	0.00341	0.00873
2	0.00937	0.00673	0.00965	0.00973	0.01084	0.00758	0.00743	0.01162	0.01110	0.01626	0.05062	0.07583	0.02016	0.06428	0.58211	0.00864	0.01425	0.00789	0.07020	0.00571
3	0.01296	0.03342	0.73944	0.01842	0.02797	0.01501	0.02387	0.02046	0.01364	0.02046	0.01160	0.01364	0.00818	0.00614	0.00614	0.00205	0.00955	0.00477	0.00273	0.00955
4	0.01708	0.74371	0.06528	0.01138	0.01709	0.02510	0.01163	0.01940	0.01315	0.01544	0.00910	0.01051	0.00829	0.00556	0.00423	0.00141	0.00703	0.00351	0.00276	0.00835
5	0.01296	0.03342	0.73944	0.01842	0.02797	0.01501	0.02387	0.02046	0.01364	0.02046	0.01160	0.01364	0.00818	0.00614	0.00614	0.00205	0.00955	0.00477	0.00273	0.00955
6	0.01800	0.01006	0.01101	0.00925	0.01228	0.01036	0.00738	0.20720	0.01888	0.13559	0.02022	0.02144	0.01496	0.00766	0.00534	0.00170	0.00450	0.00604	0.47000	0.00812
7	0.00924	0.00689	0.01023	0.01023	0.01133	0.00799	0.00789	0.01144	0.01034	0.01489	0.01745	0.02616	0.01649	0.08156	0.71467	0.01020	0.01680	0.00704	0.00348	0.00568
8	0.02050	0.01552	0.01669	0.01379	0.01818	0.01738	0.01107	0.32529	0.38186	0.07539	0.02161	0.02028	0.01574	0.00829	0.00652	0.00207	0.00600	0.00662	0.00661	0.01060
9	0.01238	0.01166	0.01969	0.72460	0.07594	0.01440	0.01803	0.01666	0.01300	0.01672	0.01151	0.01717	0.00869	0.00643	0.00646	0.00214	0.00857	0.00574	0.00289	0.00732
10	0.01727	0.77681	0.03386	0.01106	0.01658	0.02557	0.01106	0.01935	0.01313	0.01520	0.00898	0.01036	0.00829	0.00553	0.00415	0.00138	0.00691	0.00345	0.00276	0.00829
11	0.01296	0.03342	0.73944	0.01842	0.02797	0.01501	0.02387	0.02046	0.01364	0.02046	0.01160	0.01364	0.00818	0.00614	0.00614	0.00205	0.00955	0.00477	0.00273	0.00955
12	0.05816	0.01190	0.01531	0.01178	0.01676	0.01094	0.00973	0.11175	0.01962	0.62773	0.02369	0.02079	0.01506	0.00789	0.00640	0.00199	0.00567	0.00630	0.00766	0.01084
13	0.02456	0.01810	0.01939	0.01487	0.02004	0.02004	0.01228	0.71107	0.03038	0.04072	0.01551	0.01551	0.01099	0.00776	0.00646	0.00194	0.00711	0.00582	0.00646	0.01099
14	0.00792	0.00564	0.00748	0.00894	0.00931	0.00528	0.00594	0.00901	0.01229	0.01638	0.03518	0.74793	0.04218	0.04177	0.00895	0.00273	0.00382	0.01811	0.00594	0.00521
15	0.00967	0.00731	0.01039	0.01021	0.01127	0.00838	0.00789	0.01195	0.01190	0.01736	0.12525	0.09505	0.02466	0.03506	0.46427	0.00727	0.07535	0.00851	0.05235	0.00589
16	0.00799	0.00571	0.00763	0.00913	0.00956	0.00535	0.00620	0.00920	0.01249	0.01662	0.03555	0.73691	0.04248	0.02013	0.00828	0.00264	0.00385	0.04902	0.00600	0.00528
17	0.00978	0.00674	0.00846	0.00807	0.00981	0.00607	0.00603	0.01235	0.01707	0.06101	0.49940	0.11282	0.18982	0.01418	0.00762	0.00211	0.00328	0.01238	0.00684	0.00615
18	0.06120	0.01750	0.01571	0.01379	0.01762	0.14955	0.01076	0.13002	0.45551	0.02708	0.02085	0.01988	0.01571	0.00809	0.00629	0.00205	0.00659	0.00632	0.00583	0.00967
19	0.01344	0.11689	0.66022	0.01759	0.02669	0.01619	0.02243	0.02034	0.01358	0.01987	0.01130	0.01327	0.00820	0.00607	0.00591	0.00197	0.00925	0.00463	0.00273	0.00941
20	0.09419	0.01529	0.01609	0.01315	0.01754	0.01705	0.01063	0.35886	0.25364	0.07124	0.01923	0.01860	0.01400	0.00793	0.00619	0.00201	0.00599	0.00614	0.04208	0.01015
21	0.01518	0.01723	0.03699	0.02660	0.03273	0.01655	0.66616	0.02038	0.01492	0.02038	0.01279	0.01723	0.00972	0.00581	0.00847	0.00222	0.05729	0.00750	0.00324	0.00861
22	0.01685	0.70439	0.10259	0.01177	0.01769	0.02454	0.01230	0.01946	0.01318	0.01571	0.00924	0.01068	0.00828	0.00559	0.00434	0.00145	0.00717	0.00358	0.00276	0.00841
23	0.11052	0.01723	0.01562	0.01289	0.01707	0.19398	0.01025	0.17918	0.01968	0.27175	0.01687	0.01671	0.01181	0.00804	0.00685	0.03890	0.00725	0.00539	0.03083	0.00917
24	0.00802	0.00590	0.00752	0.00852	0.00932	0.00540	0.00585	0.00950	0.01357	0.01800	0.14025	0.56207	0.14501	0.01866	0.00807	0.00247	0.00358	0.01672	0.00616	0.00540
25	0.14728	0.01149	0.01434	0.01117	0.01603	0.01064	0.00923	0.05517	0.01782	0.60467	0.02264	0.02002	0.01446	0.00769	0.00612	0.00200	0.00548	0.00602	0.00734	0.01040
26	0.01283	0.01212	0.02051	0.63933	0.15770	0.01452	0.01825	0.01706	0.01321	0.01727	0.01159	0.01702	0.00888	0.00634	0.00645	0.00211	0.00846	0.00574	0.00292	0.00768
27	0.01220	0.01148	0.01938	0.75739	0.04450	0.01436	0.01794	0.01651	0.01292	0.01651	0.01148	0.01723	0.00861	0.00646	0.00646	0.00215	0.00861	0.00574	0.00287	0.00718
28	0.01204	0.00602	0.00602	0.00602	0.00753	0.00602	0.00452	0.01506	0.01355	0.02409	0.02108	0.02409	0.01656	0.00753	0.00452	0.00151	0.00301	0.00602	0.80879	0.00602
29	0.00837	0.00648	0.00763	0.00753	0.00923	0.00574	0.00558	0.01063	0.01618	0.02136	0.37636	0.12443	0.34674	0.01525	0.00769	0.00215	0.00321	0.01317	0.00653	0.00574
30	0.01467	0.00679	0.00741	0.00687	0.00892	0.00656	0.00529	0.01761	0.01432	0.13470	0.02176	0.02376	0.01647	0.00760	0.00482	0.00158	0.00340	0.00610	0.68456	0.00679
31	0.00787	0.00599	0.00724	0.00811	0.00917	0.00537	0.00563	0.00928	0.01352	0.01738	0.08722	0.48599	0.27692	0.01851	0.00800	0.00244	0.00355	0.01636	0.00607	0.00537
32	0.02483	0.01767	0.01913	0.01466	0.01983	0.01941	0.01211	0.67043	0.02967	0.08237	0.01611	0.01590	0.01129	0.00777	0.00647	0.00194	0.00701	0.00586	0.00656	0.01099
33	0.02066	0.02350	0.01671	0.01514	0.01861	0.43169	0.01151	0.02948	0.32140	0.02065	0.01702	0.01702	0.01324	0.00757	0.00615	0.00189	0.00883	0.00552	0.00473	0.00867
34	0.00778	0.00653	0.00653	0.00653	0.00869	0.00547	0.00490	0.00946	0.01469	0.01767	0.06400	0.06093	0.70662	0.01607	0.00753	0.00216	0.00326	0.01339	0.03230	0.00547
35	0.00812	0.00578	0.00737	0.00853	0.00893	0.00544	0.00558	0.00908	0.01198	0.01586	0.03454	0.60496	0.07573	0.15099	0.01250	0.00323	0.00416	0.01656	0.00564	0.00503
36	0.01220	0.01148	0.01938	0.75739	0.04450	0.01436	0.01794	0.01651	0.01292	0.01651	0.01148	0.01723	0.00861	0.00646	0.00646	0.00215	0.00861	0.00574	0.00287	0.00718
37	0.02423	0.02813	0.01854	0.01627	0.01999	0.59445	0.01244	0.16959	0.02084	0.02104	0.01115	0.01246	0.00888	0.00689	0.00596	0.00172	0.01070	0.00451	0.00399	0.00822
38	0.00787	0.00562	0.00750	0.00900	0.00937	0.00525	0.00600	0.00900	0.01237	0.01649	0.03561	0.76871	0.04274	0.02024	0.00825	0.00262	0.00375	0.01837	0.00600	0.00525
39	0.01759	0.01463	0.01547	0.01346	0.01738	0.01678	0.01059	0.15543	0.59738	0.02948	0.02437	0.02257	0.01816	0.00859	0.00655	0.00215	0.00547	0.00704	0.00655	0.01036
