[name]
unknown

[dist]
# distance from previous block
# <min> <max>
0	21

[block]
# block no. 0 follows, 30 sequences, length 12
# corresponding to MSA columns:
# 21-31,34
name=unknown_A
#
# <colnr> <probs for GDERKNQSTAVLIFYWHMCP>
#	G	D	E	R	K	N	Q	S	T	A	V	L	I	F	Y	W	H	M	C	P
0	0.01124	0.00803	0.01124	0.01285	0.01446	0.00803	0.01124	0.01446	0.01606	0.02088	0.03695	0.07871	0.04016	0.01928	0.00964	0.00321	0.00643	0.66426	0.00643	0.00643
1	0.02653	0.01955	0.02094	0.01606	0.02164	0.02164	0.01326	0.68796	0.03281	0.04398	0.01675	0.01675	0.01187	0.00838	0.00698	0.00209	0.00768	0.00628	0.00698	0.01187
2	0.01212	0.00606	0.00909	0.00909	0.00909	0.00606	0.00606	0.00909	0.00909	0.01212	0.01212	0.02121	0.01212	0.02424	0.02727	0.79697	0.00606	0.00606	0.00303	0.00303
3	0.00847	0.00621	0.00796	0.00936	0.01003	0.00570	0.00632	0.00976	0.01370	0.01795	0.04281	0.65810	0.13545	0.02130	0.00882	0.00277	0.00398	0.01915	0.00648	0.00570
4	0.00964	0.00655	0.00776	0.00826	0.00838	0.00643	0.00492	0.01002	0.01113	0.01484	0.02704	0.26163	0.03174	0.53010	0.02736	0.00556	0.00593	0.01312	0.00492	0.00467
5	0.80405	0.01350	0.01026	0.00918	0.01350	0.01565	0.00756	0.02051	0.01188	0.03131	0.00972	0.01134	0.00756	0.00648	0.00432	0.00216	0.00540	0.00378	0.00432	0.00756
6	0.01244	0.01049	0.01340	0.12083	0.01861	0.05251	0.01051	0.06298	0.01463	0.01956	0.06998	0.06627	0.05041	0.03381	0.40307	0.00718	0.01358	0.00836	0.00442	0.00696
7	0.12426	0.01803	0.02158	0.23030	0.16929	0.14650	0.05537	0.07992	0.01683	0.02303	0.01264	0.01647	0.01001	0.00874	0.03656	0.00251	0.00956	0.00575	0.00382	0.00886
8	0.04178	0.04074	0.02037	0.29181	0.11602	0.11629	0.01571	0.09801	0.04661	0.02204	0.01412	0.01838	0.01130	0.01310	0.10135	0.00333	0.01034	0.00606	0.00396	0.00867
9	0.01896	0.05727	0.02758	0.07016	0.13784	0.08953	0.22039	0.05606	0.06806	0.07604	0.01530	0.01784	0.01167	0.00667	0.00696	0.00203	0.00906	0.00648	0.00436	0.09775
10	0.01654	0.06469	0.03272	0.02428	0.07703	0.01616	0.41634	0.02188	0.03874	0.04580	0.05259	0.01983	0.01410	0.00648	0.00738	0.00207	0.00943	0.00740	0.00409	0.12244
11	0.01538	0.06673	0.02154	0.01510	0.02046	0.05075	0.14412	0.01883	0.01534	0.02188	0.06312	0.02002	0.01519	0.00704	0.00721	0.00165	0.05032	0.02885	0.00418	0.41231

[dist]
# distance from previous block
# <min> <max>
19	31

[block]
# block no. 1 follows, 30 sequences, length 192
# corresponding to MSA columns:
# 67-258
name=unknown_B
#
# <colnr> <probs for GDERKNQSTAVLIFYWHMCP>
#	G	D	E	R	K	N	Q	S	T	A	V	L	I	F	Y	W	H	M	C	P
0	0.04574	0.06468	0.02626	0.04958	0.07241	0.19675	0.19827	0.09683	0.01838	0.02328	0.01275	0.01551	0.01007	0.00647	0.00662	0.00190	0.00966	0.00578	0.00400	0.13506
1	0.07381	0.08513	0.01540	0.05798	0.01672	0.04415	0.03266	0.06388	0.01553	0.04911	0.02534	0.36768	0.02744	0.01396	0.00731	0.00231	0.00592	0.01216	0.00543	0.07808
2	0.01901	0.07577	0.04647	0.01766	0.08803	0.04223	0.04349	0.18866	0.22146	0.02883	0.01962	0.06208	0.01594	0.00854	0.00675	0.00206	0.00706	0.00711	0.00560	0.09363
3	0.05332	0.01749	0.02341	0.09022	0.37264	0.10718	0.03861	0.02117	0.01578	0.02199	0.01249	0.01600	0.01032	0.00620	0.00641	0.00186	0.00829	0.00553	0.00362	0.16747
4	0.02164	0.01152	0.01525	0.01421	0.07961	0.01042	0.01010	0.07191	0.01841	0.33342	0.05426	0.11413	0.07052	0.03636	0.00813	0.00227	0.00571	0.00896	0.00688	0.10629
5	0.04655	0.09796	0.35596	0.04773	0.08189	0.01747	0.01919	0.06133	0.13318	0.02413	0.01707	0.01840	0.03439	0.00749	0.00652	0.00216	0.00844	0.00594	0.00411	0.01010
6	0.04213	0.01447	0.02329	0.30791	0.34973	0.01574	0.01880	0.05029	0.01590	0.04354	0.01565	0.01977	0.03842	0.00715	0.00691	0.00219	0.00830	0.00650	0.00379	0.00951
7	0.02019	0.01722	0.02448	0.05772	0.39520	0.01802	0.01762	0.25061	0.04811	0.03013	0.01491	0.01738	0.01164	0.00707	0.00688	0.00206	0.00789	0.00622	0.00482	0.04183
8	0.02380	0.01521	0.02772	0.02243	0.09346	0.01393	0.29080	0.02795	0.01812	0.36122	0.02057	0.02108	0.01390	0.00726	0.00751	0.00223	0.00858	0.00744	0.00602	0.01078
9	0.01124	0.00803	0.01124	0.01285	0.01446	0.00803	0.01124	0.01446	0.01606	0.02088	0.03695	0.07871	0.04016	0.01928	0.00964	0.00321	0.00643	0.66426	0.00643	0.00643
10	0.01433	0.08780	0.66981	0.01932	0.02932	0.01702	0.02479	0.02201	0.01469	0.02169	0.01232	0.01448	0.00885	0.00658	0.00648	0.00216	0.01011	0.00505	0.00295	0.01022
11	0.03063	0.01190	0.01613	0.01233	0.01776	0.01022	0.01018	0.03335	0.01975	0.68829	0.02692	0.02338	0.01700	0.00850	0.00694	0.00211	0.00591	0.00690	0.00846	0.04334
12	0.00997	0.00748	0.01121	0.01121	0.01246	0.00872	0.00872	0.01246	0.01121	0.01620	0.01869	0.02741	0.01745	0.05234	0.72710	0.01121	0.01869	0.00748	0.00374	0.00623
13	0.01311	0.01226	0.02061	0.71387	0.04694	0.01526	0.01911	0.01772	0.01402	0.01793	0.01322	0.02060	0.01033	0.00739	0.00707	0.00236	0.00921	0.02809	0.00321	0.00771
14	0.01015	0.00677	0.00761	0.00761	0.00761	0.00677	0.00423	0.01015	0.01015	0.01353	0.02199	0.04567	0.02537	0.75476	0.03552	0.00677	0.00677	0.01015	0.00423	0.00423
15	0.01866	0.75896	0.03657	0.01194	0.01791	0.02761	0.01194	0.02090	0.01418	0.01642	0.00970	0.01119	0.00896	0.00597	0.00448	0.00149	0.00746	0.00373	0.00299	0.00896
16	0.02653	0.01955	0.02094	0.01606	0.02164	0.02164	0.01326	0.68796	0.03281	0.04398	0.01675	0.01675	0.01187	0.00838	0.00698	0.00209	0.00768	0.00628	0.00698	0.01187
17	0.02438	0.01789	0.01959	0.03779	0.02133	0.01976	0.01274	0.54135	0.09663	0.06312	0.05894	0.02005	0.01609	0.00880	0.00707	0.00214	0.00720	0.00684	0.00697	0.01135
18	0.05817	0.01193	0.01599	0.01230	0.01766	0.01044	0.01016	0.03354	0.01969	0.69226	0.02691	0.02332	0.01694	0.00856	0.00692	0.00216	0.00592	0.00690	0.00849	0.01173
19	0.00850	0.00607	0.00810	0.00972	0.01012	0.00567	0.00648	0.00972	0.01336	0.01781	0.03846	0.75020	0.04615	0.02186	0.00891	0.00283	0.00405	0.01984	0.00648	0.00567
20	0.01400	0.03610	0.71860	0.01989	0.03020	0.01621	0.02578	0.02210	0.01473	0.02210	0.01252	0.01473	0.00884	0.00663	0.00663	0.00221	0.01031	0.00516	0.00295	0.01031
21	0.01318	0.01240	0.02093	0.73798	0.04806	0.01550	0.01938	0.01783	0.01395	0.01783	0.01240	0.01860	0.00930	0.00698	0.00698	0.00233	0.00930	0.00620	0.00310	0.00775
22	0.03131	0.01188	0.01619	0.01242	0.01781	0.01026	0.01026	0.03401	0.01997	0.71606	0.02753	0.02375	0.01727	0.00864	0.00702	0.00216	0.00594	0.00702	0.00864	0.01188
23	0.03131	0.01188	0.01619	0.01242	0.01781	0.01026	0.01026	0.03401	0.01997	0.71606	0.02753	0.02375	0.01727	0.00864	0.00702	0.00216	0.00594	0.00702	0.00864	0.01188
24	0.02111	0.10640	0.16172	0.01939	0.05174	0.06233	0.16477	0.04809	0.06732	0.20176	0.01764	0.01842	0.01253	0.00719	0.00687	0.00212	0.00881	0.00639	0.00505	0.01035
25	0.03131	0.01188	0.01619	0.01242	0.01781	0.01026	0.01026	0.03401	0.01997	0.71606	0.02753	0.02375	0.01727	0.00864	0.00702	0.00216	0.00594	0.00702	0.00864	0.01188
26	0.03131	0.01188	0.01619	0.01242	0.01781	0.01026	0.01026	0.03401	0.01997	0.71606	0.02753	0.02375	0.01727	0.00864	0.00702	0.00216	0.00594	0.00702	0.00864	0.01188
27	0.01630	0.01559	0.02657	0.20753	0.55411	0.01633	0.02093	0.02057	0.01543	0.02162	0.01295	0.01759	0.01064	0.00640	0.00692	0.00213	0.00853	0.00621	0.00337	0.01027
28	0.01537	0.08520	0.44897	0.01797	0.02606	0.01745	0.04022	0.02622	0.20651	0.02366	0.01681	0.01775	0.01240	0.00735	0.00664	0.00220	0.00879	0.00590	0.00413	0.01039
29	0.00850	0.00607	0.00810	0.00972	0.01012	0.00567	0.00648	0.00972	0.01336	0.01781	0.03846	0.75020	0.04615	0.02186	0.00891	0.00283	0.00405	0.01984	0.00648	0.00567
30	0.01400	0.03610	0.71860	0.01989	0.03020	0.01621	0.02578	0.02210	0.01473	0.02210	0.01252	0.01473	0.00884	0.00663	0.00663	0.00221	0.01031	0.00516	0.00295	0.01031
31	0.01472	0.01372	0.02277	0.53694	0.21205	0.01601	0.01965	0.04478	0.01517	0.02008	0.01275	0.01820	0.00984	0.00684	0.00696	0.00225	0.00899	0.00621	0.00334	0.00873
32	0.02653	0.01955	0.02094	0.01606	0.02164	0.02164	0.01326	0.68796	0.03281	0.04398	0.01675	0.01675	0.01187	0.00838	0.00698	0.00209	0.00768	0.00628	0.00698	0.01187
33	0.01775	0.01470	0.02252	0.23790	0.29836	0.01554	0.01742	0.10898	0.01766	0.07353	0.01539	0.04722	0.01245	0.00745	0.00690	0.00211	0.00795	0.00668	0.00436	0.06513
34	0.01631	0.01700	0.02064	0.01785	0.01827	0.10213	0.01462	0.01780	0.01171	0.01670	0.00986	0.01618	0.00979	0.04138	0.02149	0.00306	0.62842	0.00608	0.00316	0.00755
35	0.03097	0.01243	0.01654	0.01268	0.01809	0.01107	0.01047	0.08102	0.02090	0.66774	0.02676	0.02325	0.01689	0.00862	0.00701	0.00215	0.00606	0.00696	0.00852	0.01188
36	0.05214	0.01479	0.02444	0.28839	0.41861	0.01593	0.01967	0.02053	0.01516	0.04551	0.01321	0.01770	0.01049	0.00658	0.00682	0.00217	0.00844	0.00613	0.00355	0.00974
37	0.01461	0.13061	0.62943	0.01885	0.02860	0.01770	0.02397	0.02194	0.01466	0.02136	0.01215	0.01427	0.00885	0.00654	0.00635	0.00212	0.00994	0.00497	0.00295	0.01014
38	0.02995	0.01159	0.01566	0.01210	0.01732	0.01000	0.00996	0.03259	0.01973	0.67487	0.03008	0.02632	0.05811	0.00917	0.00709	0.00217	0.00580	0.00747	0.00851	0.01152
39	0.00850	0.00607	0.00810	0.00972	0.01012	0.00567	0.00648	0.00972	0.01336	0.01781	0.03846	0.75020	0.04615	0.02186	0.00891	0.00283	0.00405	0.01984	0.00648	0.00567
40	0.01424	0.05934	0.67256	0.01996	0.03001	0.01663	0.04827	0.02207	0.01478	0.02192	0.01249	0.01476	0.00890	0.00658	0.00661	0.00219	0.01027	0.00522	0.00297	0.01024
41	0.00848	0.00615	0.00802	0.00952	0.01007	0.00568	0.00639	0.00974	0.01355	0.01789	0.04089	0.69871	0.09608	0.02155	0.00886	0.00280	0.00401	0.01945	0.00648	0.00568
42	0.02563	0.01910	0.02044	0.01587	0.02130	0.02122	0.01305	0.62416	0.09807	0.04253	0.01790	0.01766	0.01279	0.00848	0.00699	0.00212	0.00747	0.00644	0.00699	0.01179
43	0.01727	0.01658	0.02832	0.04283	0.71123	0.01658	0.02142	0.02142	0.01589	0.02280	0.01313	0.01727	0.01105	0.00622	0.00691	0.00207	0.00829	0.00622	0.00345	0.01105
44	0.01012	0.00782	0.01159	0.01223	0.01340	0.00776	0.04850	0.01227	0.01430	0.01903	0.03536	0.46212	0.04065	0.01970	0.00966	0.00294	0.03483	0.22535	0.00615	0.00621
45	0.01647	0.01882	0.04118	0.02941	0.03647	0.01765	0.68588	0.02235	0.01647	0.02235	0.01412	0.01882	0.01059	0.00588	0.00824	0.00235	0.01176	0.00824	0.00353	0.00941
46	0.01400	0.03610	0.71860	0.01989	0.03020	0.01621	0.02578	0.02210	0.01473	0.02210	0.01252	0.01473	0.00884	0.00663	0.00663	0.00221	0.01031	0.00516	0.00295	0.01031
47	0.04214	0.01391	0.01694	0.01477	0.04938	0.03283	0.03774	0.13239	0.16046	0.24281	0.10707	0.04915	0.04921	0.00987	0.00723	0.00222	0.00617	0.00829	0.00711	0.01031
48	0.01736	0.01499	0.01578	0.01420	0.01815	0.01736	0.01105	0.03708	0.69862	0.02919	0.02840	0.02604	0.02130	0.00947	0.00710	0.00237	0.00552	0.00789	0.00710	0.01105
49	0.01450	0.01376	0.02333	0.51274	0.26294	0.01585	0.02004	0.01899	0.01458	0.01944	0.01264	0.01817	0.00987	0.00673	0.00695	0.00224	0.00897	0.00621	0.00322	0.00882
50	0.01647	0.01882	0.04118	0.02941	0.03647	0.01765	0.68588	0.02235	0.01647	0.02235	0.01412	0.01882	0.01059	0.00588	0.00824	0.00235	0.01176	0.00824	0.00353	0.00941
51	0.01759	0.01537	0.02759	0.02076	0.02610	0.01494	0.34705	0.07321	0.09954	0.09946	0.11033	0.02826	0.04230	0.00878	0.00793	0.00233	0.00853	0.03496	0.00550	0.00946
52	0.01400	0.03610	0.71860	0.01989	0.03020	0.01621	0.02578	0.02210	0.01473	0.02210	0.01252	0.01473	0.00884	0.00663	0.00663	0.00221	0.01031	0.00516	0.00295	0.01031
53	0.01138	0.00981	0.01661	0.04353	0.01808	0.01046	0.12414	0.01451	0.01341	0.01851	0.04445	0.07989	0.04887	0.03255	0.36382	0.00689	0.03741	0.09442	0.00441	0.00686
54	0.05055	0.01493	0.02612	0.02064	0.02490	0.05341	0.33660	0.01878	0.01540	0.02095	0.02072	0.08025	0.02008	0.04290	0.05235	0.00326	0.03415	0.15171	0.00442	0.00790
55	0.02265	0.01308	0.01728	0.01619	0.08426	0.01306	0.03058	0.05601	0.20983	0.32006	0.06459	0.04906	0.02204	0.00974	0.00731	0.00228	0.00610	0.03783	0.00728	0.01076
56	0.01622	0.02172	0.21544	0.06367	0.50051	0.01644	0.02252	0.02146	0.01550	0.02241	0.01293	0.01663	0.01038	0.00636	0.00684	0.00212	0.00888	0.00593	0.00330	0.01072
57	0.01031	0.00730	0.00914	0.00936	0.01114	0.00666	0.00723	0.01282	0.01703	0.04937	0.27813	0.16921	0.23152	0.01709	0.00855	0.00253	0.00416	0.13505	0.00697	0.00643
58	0.01727	0.01658	0.02832	0.04283	0.71123	0.01658	0.02142	0.02142	0.01589	0.02280	0.01313	0.01727	0.01105	0.00622	0.00691	0.00207	0.00829	0.00622	0.00345	0.01105
59	0.01489	0.03080	0.53120	0.02612	0.21509	0.01631	0.02460	0.02191	0.01505	0.02229	0.01269	0.01542	0.00944	0.00652	0.00671	0.00217	0.00976	0.00544	0.00308	0.01051
60	0.00997	0.00748	0.01121	0.01121	0.01246	0.00872	0.00872	0.01246	0.01121	0.01620	0.01869	0.02741	0.01745	0.05234	0.72710	0.01121	0.01869	0.00748	0.00374	0.00623
61	0.01400	0.03610	0.71860	0.01989	0.03020	0.01621	0.02578	0.02210	0.01473	0.02210	0.01252	0.01473	0.00884	0.00663	0.00663	0.00221	0.01031	0.00516	0.00295	0.01031
62	0.03020	0.01217	0.01622	0.01250	0.01777	0.01081	0.01030	0.07327	0.02075	0.64870	0.05276	0.02440	0.01879	0.00884	0.00706	0.00216	0.00594	0.00719	0.00850	0.01167
63	0.06837	0.01627	0.01971	0.01637	0.01880	0.04301	0.01352	0.16894	0.03956	0.11218	0.01387	0.01669	0.01107	0.01031	0.01517	0.00261	0.39334	0.00612	0.00485	0.00923
64	0.00858	0.00716	0.00754	0.00767	0.00993	0.00612	0.00591	0.01053	0.01604	0.01932	0.08686	0.06780	0.62528	0.01772	0.00838	0.00243	0.00380	0.07645	0.00651	0.00596
65	0.01507	0.03460	0.67522	0.01943	0.02944	0.01584	0.02482	0.02283	0.01506	0.06496	0.01345	0.01529	0.00936	0.00675	0.00665	0.00221	0.01004	0.00527	0.00330	0.01041
66	0.01723	0.01830	0.03902	0.02804	0.03473	0.01739	0.62219	0.02277	0.01643	0.05995	0.01465	0.01895	0.01090	0.00629	0.00876	0.00237	0.04070	0.00808	0.00379	0.00947
67	0.02012	0.01160	0.01398	0.01272	0.01599	0.03907	0.01030	0.12020	0.01941	0.25210	0.03013	0.19115	0.02846	0.01423	0.00809	0.00256	0.00619	0.18763	0.00713	0.00893
68	0.01709	0.01658	0.02887	0.06494	0.64768	0.01661	0.06238	0.02136	0.01586	0.02261	0.01316	0.01741	0.01097	0.00622	0.00699	0.00210	0.00854	0.00634	0.00345	0.01084
69	0.06372	0.00856	0.01032	0.00932	0.01185	0.00803	0.00717	0.03836	0.01885	0.12303	0.41730	0.07393	0.15545	0.01363	0.00780	0.00223	0.00401	0.01168	0.00734	0.00742
70	0.01485	0.15288	0.58200	0.01896	0.02844	0.01811	0.04866	0.02191	0.01471	0.02119	0.01213	0.01431	0.00893	0.00649	0.00634	0.00210	0.00991	0.00504	0.00298	0.01006
71	0.01769	0.01821	0.03771	0.02721	0.03369	0.01756	0.57947	0.04722	0.01694	0.06566	0.01475	0.01884	0.01096	0.00652	0.00899	0.00237	0.05476	0.00796	0.00394	0.00955
72	0.01646	0.01574	0.02657	0.08749	0.62514	0.01588	0.02033	0.02050	0.01576	0.02223	0.01648	0.02031	0.05214	0.00695	0.00699	0.00211	0.00808	0.00672	0.00361	0.01053
73	0.01365	0.01289	0.02179	0.65735	0.12498	0.01563	0.01962	0.01825	0.01418	0.01841	0.01249	0.01845	0.00951	0.00689	0.00697	0.00230	0.00918	0.00620	0.00314	0.00813
74	0.01054	0.00740	0.00883	0.00831	0.01048	0.00653	0.00629	0.01317	0.01820	0.06677	0.40673	0.05648	0.32398	0.01530	0.00816	0.00226	0.00355	0.01313	0.00725	0.00663
75	0.06311	0.41295	0.31992	0.01510	0.02278	0.02214	0.01746	0.02138	0.01427	0.01967	0.01088	0.01268	0.00882	0.00628	0.00537	0.00183	0.00853	0.00433	0.00305	0.00944
76	0.32519	0.05765	0.01673	0.01332	0.01595	0.01759	0.01113	0.01979	0.01226	0.08736	0.01178	0.01512	0.00985	0.01206	0.06215	0.00310	0.29163	0.00524	0.00411	0.00798
77	0.01449	0.11223	0.64676	0.01905	0.02891	0.01741	0.02432	0.02197	0.01467	0.02150	0.01223	0.01436	0.00885	0.00656	0.00640	0.00213	0.01001	0.00501	0.00295	0.01017
78	0.01400	0.03610	0.71860	0.01989	0.03020	0.01621	0.02578	0.02210	0.01473	0.02210	0.01252	0.01473	0.00884	0.00663	0.00663	0.00221	0.01031	0.00516	0.00295	0.01031
79	0.01414	0.01338	0.02266	0.57495	0.20359	0.01576	0.01986	0.01867	0.01441	0.01899	0.01257	0.01829	0.00971	0.00680	0.00696	0.00227	0.00906	0.00621	0.00318	0.00853
80	0.01318	0.01240	0.02093	0.73798	0.04806	0.01550	0.01938	0.01783	0.01395	0.01783	0.01240	0.01860	0.00930	0.00698	0.00698	0.00233	0.00930	0.00620	0.00310	0.00775
81	0.01727	0.01658	0.02832	0.04283	0.71123	0.01658	0.02142	0.02142	0.01589	0.02280	0.01313	0.01727	0.01105	0.00622	0.00691	0.00207	0.00829	0.00622	0.00345	0.01105
82	0.01686	0.01486	0.01521	0.01386	0.01748	0.04462	0.01068	0.03406	0.60192	0.02796	0.05552	0.07126	0.02413	0.01033	0.00723	0.00237	0.00563	0.00868	0.00695	0.01042
83	0.00906	0.00657	0.00867	0.01008	0.01092	0.00618	0.00731	0.01079	0.01433	0.01888	0.06676	0.53957	0.09796	0.02074	0.00897	0.00284	0.00444	0.14355	0.00651	0.00587
84	0.01824	0.01506	0.02875	0.02122	0.02681	0.01400	0.38821	0.04830	0.01795	0.15901	0.08538	0.04855	0.07679	0.00875	0.00797	0.00231	0.00877	0.00921	0.00538	0.00932
85	0.01400	0.03610	0.71860	0.01989	0.03020	0.01621	0.02578	0.02210	0.01473	0.02210	0.01252	0.01473	0.00884	0.00663	0.00663	0.00221	0.01031	0.00516	0.00295	0.01031
86	0.01418	0.06505	0.69128	0.01957	0.02971	0.01666	0.02523	0.02205	0.01471	0.02187	0.01241	0.01459	0.00884	0.00660	0.00654	0.00218	0.01020	0.00510	0.00295	0.01026
87	0.01736	0.01499	0.01578	0.01420	0.01815	0.01736	0.01105	0.03708	0.69862	0.02919	0.02840	0.02604	0.02130	0.00947	0.00710	0.00237	0.00552	0.00789	0.00710	0.01105
88	0.01700	0.01631	0.02784	0.08863	0.66753	0.01651	0.02128	0.02118	0.01576	0.02247	0.01308	0.01736	0.01094	0.00627	0.00691	0.00209	0.00836	0.00622	0.00343	0.01084
89	0.01644	0.01873	0.04063	0.02911	0.03597	0.01775	0.66742	0.02220	0.01631	0.02220	0.01398	0.01873	0.01055	0.00606	0.00864	0.00237	0.03187	0.00818	0.00352	0.00936
90	0.01609	0.01654	0.02750	0.02167	0.02408	0.02023	0.22318	0.04540	0.01337	0.01961	0.01100	0.01643	0.00971	0.01010	0.01771	0.00280	0.48609	0.00677	0.00336	0.00835
91	0.01731	0.01843	0.03977	0.02846	0.03542	0.01723	0.64789	0.02301	0.01667	0.06137	0.01487	0.01910	0.01096	0.00604	0.00817	0.00234	0.01144	0.00817	0.00382	0.00955
92	0.01509	0.01209	0.02143	0.01792	0.02166	0.01158	0.23052	0.04308	0.01684	0.08891	0.02805	0.13814	0.02804	0.01382	0.00874	0.00274	0.00786	0.27974	0.00572	0.00803
93	0.01318	0.01240	0.02093	0.73798	0.04806	0.01550	0.01938	0.01783	0.01395	0.01783	0.01240	0.01860	0.00930	0.00698	0.00698	0.00233	0.00930	0.00620	0.00310	0.00775
94	0.03052	0.01298	0.04819	0.01276	0.01838	0.01053	0.01096	0.03347	0.01973	0.68445	0.02685	0.02334	0.01689	0.00855	0.00700	0.00216	0.00614	0.00693	0.00838	0.01180
95	0.01647	0.01882	0.04118	0.02941	0.03647	0.01765	0.68588	0.02235	0.01647	0.02235	0.01412	0.01882	0.01059	0.00588	0.00824	0.00235	0.01176	0.00824	0.00353	0.00941
96	0.00997	0.00748	0.01121	0.01121	0.01246	0.00872	0.00872	0.01246	0.01121	0.01620	0.01869	0.02741	0.01745	0.05234	0.72710	0.01121	0.01869	0.00748	0.00374	0.00623
97	0.01642	0.01866	0.04027	0.02891	0.03564	0.01782	0.65533	0.02210	0.01621	0.02210	0.01389	0.01866	0.01052	0.00617	0.00890	0.00238	0.04503	0.00814	0.00351	0.00933
98	0.01866	0.75896	0.03657	0.01194	0.01791	0.02761	0.01194	0.02090	0.01418	0.01642	0.00970	0.01119	0.00896	0.00597	0.00448	0.00149	0.00746	0.00373	0.00299	0.00896
99	0.01686	0.01885	0.04039	0.02889	0.03589	0.01780	0.65969	0.04827	0.01711	0.02320	0.01422	0.01874	0.01064	0.00598	0.00819	0.00234	0.01161	0.00816	0.00366	0.00951
100	0.00850	0.00607	0.00810	0.00972	0.01012	0.00567	0.00648	0.00972	0.01336	0.01781	0.03846	0.75020	0.04615	0.02186	0.00891	0.00283	0.00405	0.01984	0.00648	0.00567
101	0.03004	0.01391	0.01745	0.01338	0.01883	0.01327	0.01105	0.20734	0.02338	0.53792	0.02467	0.02190	0.01584	0.00857	0.00701	0.00214	0.00640	0.00682	0.00820	0.01187
102	0.01362	0.01285	0.02173	0.66307	0.11953	0.01562	0.01960	0.01822	0.01416	0.01836	0.01248	0.01846	0.00949	0.00689	0.00697	0.00230	0.00919	0.00620	0.00314	0.00811
103	0.01715	0.01639	0.02763	0.06292	0.66518	0.01658	0.02097	0.02189	0.04131	0.02289	0.01367	0.01764	0.01138	0.00636	0.00692	0.00209	0.00822	0.00628	0.00358	0.01095
104	0.01318	0.01240	0.02093	0.73798	0.04806	0.01550	0.01938	0.01783	0.01395	0.01783	0.01240	0.01860	0.00930	0.00698	0.00698	0.00233	0.00930	0.00620	0.00310	0.00775
105	0.00997	0.00748	0.01121	0.01121	0.01246	0.00872	0.00872	0.01246	0.01121	0.01620	0.01869	0.02741	0.01745	0.05234	0.72710	0.01121	0.01869	0.00748	0.00374	0.00623
106	0.01576	0.30921	0.46091	0.01689	0.02556	0.02052	0.02055	0.02164	0.01452	0.01995	0.01146	0.01340	0.00888	0.00638	0.00582	0.00194	0.00924	0.00462	0.00296	0.00980
107	0.01746	0.57334	0.21170	0.01398	0.02107	0.02468	0.01549	0.02120	0.01432	0.01788	0.01043	0.01210	0.00893	0.00614	0.00503	0.00168	0.00819	0.00410	0.00298	0.00930
108	0.01647	0.01882	0.04118	0.02941	0.03647	0.01765	0.68588	0.02235	0.01647	0.02235	0.01412	0.01882	0.01059	0.00588	0.00824	0.00235	0.01176	0.00824	0.00353	0.00941
109	0.00850	0.00607	0.00810	0.00972	0.01012	0.00567	0.00648	0.00972	0.01336	0.01781	0.03846	0.75020	0.04615	0.02186	0.00891	0.00283	0.00405	0.01984	0.00648	0.00567
110	0.04231	0.01161	0.01672	0.01368	0.01750	0.01115	0.10230	0.08624	0.03975	0.20563	0.16015	0.08312	0.07922	0.03625	0.00870	0.00249	0.00614	0.06143	0.00679	0.00883
111	0.01647	0.01882	0.04118	0.02941	0.03647	0.01765	0.68588	0.02235	0.01647	0.02235	0.01412	0.01882	0.01059	0.00588	0.00824	0.00235	0.01176	0.00824	0.00353	0.00941
112	0.01643	0.01869	0.04044	0.02900	0.03579	0.01779	0.66085	0.02215	0.01625	0.02215	0.01393	0.01869	0.01053	0.00612	0.00878	0.00238	0.03902	0.00816	0.00351	0.00935
113	0.01619	0.01802	0.03804	0.09813	0.03677	0.01742	0.58985	0.02258	0.04730	0.02222	0.01460	0.01913	0.01095	0.00615	0.00806	0.00235	0.01124	0.00802	0.00365	0.00932
114	0.01418	0.01352	0.02307	0.50184	0.21944	0.01549	0.04388	0.01863	0.01463	0.01933	0.01492	0.02015	0.03699	0.00715	0.00705	0.00226	0.00890	0.00661	0.00334	0.00860
115	0.01384	0.00959	0.01208	0.01180	0.01423	0.00965	0.00976	0.08889	0.05949	0.06495	0.23162	0.05752	0.07267	0.01538	0.00858	0.00265	0.00543	0.29723	0.00702	0.00761
116	0.02260	0.02804	0.02752	0.02211	0.02696	0.47028	0.25667	0.02587	0.01858	0.01899	0.01199	0.01484	0.00957	0.00672	0.00699	0.00200	0.01229	0.00585	0.00357	0.00857
117	0.01591	0.33319	0.43828	0.01662	0.02515	0.02089	0.02009	0.02160	0.01451	0.01976	0.01136	0.01328	0.00889	0.00636	0.00575	0.00192	0.00914	0.00457	0.00296	0.00975
118	0.01426	0.07761	0.67943	0.01943	0.02950	0.01686	0.02499	0.02203	0.01470	0.02177	0.01236	0.01453	0.00885	0.00659	0.00651	0.00217	0.01015	0.00507	0.00295	0.01024
119	0.02415	0.03044	0.01841	0.01680	0.02026	0.64906	0.01260	0.02594	0.01936	0.01727	0.01724	0.01847	0.08436	0.00832	0.00650	0.00186	0.01161	0.00560	0.00391	0.00785
120	0.00850	0.00607	0.00810	0.00972	0.01012	0.00567	0.00648	0.00972	0.01336	0.01781	0.03846	0.75020	0.04615	0.02186	0.00891	0.00283	0.00405	0.01984	0.00648	0.00567
121	0.01376	0.01300	0.02198	0.63925	0.14225	0.01566	0.01967	0.01834	0.01423	0.01854	0.01251	0.01842	0.00955	0.00687	0.00697	0.00229	0.00916	0.00620	0.00315	0.00822
122	0.01508	0.01434	0.02436	0.41580	0.35542	0.01600	0.02032	0.01949	0.01485	0.02013	0.01274	0.01799	0.01011	0.00662	0.00695	0.00221	0.00883	0.00621	0.00326	0.00928
123	0.01647	0.01882	0.04118	0.02941	0.03647	0.01765	0.68588	0.02235	0.01647	0.02235	0.01412	0.01882	0.01059	0.00588	0.00824	0.00235	0.01176	0.00824	0.00353	0.00941
124	0.01400	0.03610	0.71860	0.01989	0.03020	0.01621	0.02578	0.02210	0.01473	0.02210	0.01252	0.01473	0.00884	0.00663	0.00663	0.00221	0.01031	0.00516	0.00295	0.01031
125	0.01400	0.03610	0.71860	0.01989	0.03020	0.01621	0.02578	0.02210	0.01473	0.02210	0.01252	0.01473	0.00884	0.00663	0.00663	0.00221	0.01031	0.00516	0.00295	0.01031
126	0.02653	0.01955	0.02094	0.01606	0.02164	0.02164	0.01326	0.68796	0.03281	0.04398	0.01675	0.01675	0.01187	0.00838	0.00698	0.00209	0.00768	0.00628	0.00698	0.01187
127	0.00983	0.00713	0.00926	0.00873	0.01040	0.00656	0.00655	0.01307	0.01964	0.02771	0.68848	0.05258	0.08507	0.01437	0.00823	0.00220	0.00330	0.01268	0.00765	0.00656
128	0.03005	0.01247	0.01832	0.01386	0.01940	0.01088	0.06768	0.03302	0.01968	0.65710	0.02639	0.02333	0.01671	0.00840	0.00712	0.00218	0.00643	0.00712	0.00820	0.01167
129	0.01656	0.01586	0.02704	0.16349	0.59613	0.01639	0.02106	0.02079	0.01555	0.02194	0.01300	0.01750	0.01075	0.00635	0.00692	0.00212	0.00847	0.00621	0.00339	0.01048
130	0.01647	0.01882	0.04118	0.02941	0.03647	0.01765	0.68588	0.02235	0.01647	0.02235	0.01412	0.01882	0.01059	0.00588	0.00824	0.00235	0.01176	0.00824	0.00353	0.00941
131	0.01400	0.03610	0.71860	0.01989	0.03020	0.01621	0.02578	0.02210	0.01473	0.02210	0.01252	0.01473	0.00884	0.00663	0.00663	0.00221	0.01031	0.00516	0.00295	0.01031
132	0.03025	0.01258	0.01785	0.01356	0.01906	0.01114	0.05029	0.05874	0.02027	0.64894	0.02632	0.02319	0.01667	0.00846	0.00709	0.00217	0.00635	0.00706	0.00827	0.01173
133	0.01079	0.00771	0.01072	0.01233	0.01373	0.00764	0.01045	0.01367	0.01561	0.02037	0.03720	0.19075	0.04116	0.01971	0.00952	0.00315	0.00603	0.55674	0.00643	0.00630
134	0.01318	0.01240	0.02093	0.73798	0.04806	0.01550	0.01938	0.01783	0.01395	0.01783	0.01240	0.01860	0.00930	0.00698	0.00698	0.00233	0.00930	0.00620	0.00310	0.00775
135	0.01532	0.01459	0.02480	0.37442	0.39490	0.01607	0.02044	0.01971	0.01497	0.02043	0.01278	0.01791	0.01022	0.00658	0.00694	0.00219	0.00877	0.00621	0.00329	0.00948
136	0.02654	0.05813	0.02335	0.01763	0.05843	0.01380	0.14700	0.07010	0.01949	0.45762	0.02236	0.02125	0.01478	0.00778	0.00710	0.00215	0.00743	0.00698	0.00690	0.01116
137	0.01736	0.01499	0.01578	0.01420	0.01815	0.01736	0.01105	0.03708	0.69862	0.02919	0.02840	0.02604	0.02130	0.00947	0.00710	0.00237	0.00552	0.00789	0.00710	0.01105
138	0.00840	0.00704	0.00730	0.00731	0.00954	0.00594	0.00545	0.01027	0.01614	0.01959	0.12358	0.09100	0.62948	0.01754	0.00827	0.00236	0.00353	0.01474	0.00658	0.00594
139	0.01400	0.03610	0.71860	0.01989	0.03020	0.01621	0.02578	0.02210	0.01473	0.02210	0.01252	0.01473	0.00884	0.00663	0.00663	0.00221	0.01031	0.00516	0.00295	0.01031
140	0.01505	0.01487	0.02109	0.01902	0.04954	0.02041	0.01516	0.01675	0.01096	0.01703	0.00990	0.01608	0.00974	0.01431	0.06378	0.00349	0.66583	0.00619	0.00311	0.00771
141	0.01400	0.03610	0.71860	0.01989	0.03020	0.01621	0.02578	0.02210	0.01473	0.02210	0.01252	0.01473	0.00884	0.00663	0.00663	0.00221	0.01031	0.00516	0.00295	0.01031
142	0.01044	0.00766	0.01019	0.01152	0.01313	0.00741	0.00971	0.01319	0.01575	0.02021	0.04296	0.14697	0.15677	0.01927	0.00932	0.00302	0.00568	0.48409	0.00644	0.00625
143	0.01523	0.13262	0.56241	0.02004	0.06849	0.01796	0.02324	0.04360	0.01532	0.02208	0.01231	0.01447	0.00908	0.00657	0.00637	0.00210	0.00972	0.00506	0.00311	0.01022
144	0.00949	0.00695	0.00967	0.05355	0.01348	0.00686	0.00847	0.01142	0.01409	0.01861	0.03653	0.53374	0.04243	0.02032	0.00898	0.00290	0.00497	0.18529	0.00626	0.00599
145	0.01389	0.01313	0.02221	0.61733	0.16316	0.01569	0.01973	0.01845	0.01429	0.01869	0.01253	0.01837	0.00961	0.00684	0.00696	0.00228	0.00913	0.00620	0.00316	0.00832
146	0.01510	0.02537	0.35393	0.01898	0.02412	0.01892	0.02021	0.04542	0.01348	0.02038	0.01106	0.01507	0.00911	0.00940	0.01452	0.00261	0.36443	0.00566	0.00316	0.00908
147	0.01685	0.01774	0.06982	0.06827	0.59169	0.01660	0.07352	0.02139	0.01579	0.02252	0.01314	0.01730	0.01082	0.00625	0.00700	0.00211	0.00872	0.00631	0.00342	0.01075
148	0.02363	0.02942	0.01817	0.01674	0.01995	0.62331	0.01248	0.02546	0.01923	0.01778	0.05429	0.07720	0.01549	0.00885	0.00663	0.00191	0.01131	0.00627	0.00408	0.00780
149	0.01510	0.09651	0.36346	0.14937	0.19853	0.01727	0.02228	0.02108	0.01483	0.02098	0.01238	0.01569	0.00947	0.00653	0.00655	0.00213	0.00937	0.00546	0.00310	0.00992
150	0.01016	0.00726	0.01000	0.01161	0.01274	0.00709	0.00935	0.01258	0.01499	0.01967	0.03755	0.34506	0.04254	0.02030	0.00935	0.00306	0.00548	0.40865	0.00645	0.00613
151	0.01618	0.01547	0.02636	0.22772	0.53485	0.01629	0.02087	0.02046	0.01537	0.02148	0.01293	0.01763	0.01059	0.00642	0.00693	0.00214	0.00856	0.00621	0.00336	0.01018
152	0.01579	0.01253	0.02024	0.07661	0.37390	0.01244	0.01544	0.01890	0.01541	0.09562	0.02249	0.24538	0.02249	0.01138	0.00754	0.00234	0.00679	0.01053	0.00493	0.00925
153	0.00861	0.00629	0.00811	0.00934	0.01008	0.00579	0.00636	0.01010	0.01429	0.01896	0.11006	0.60552	0.11952	0.02064	0.00877	0.00272	0.00392	0.01855	0.00660	0.00579
154	0.01455	0.10308	0.62934	0.01999	0.05410	0.01729	0.02433	0.02196	0.01472	0.02159	0.01228	0.01449	0.00893	0.00655	0.00644	0.00214	0.00997	0.00506	0.00297	0.01021
155	0.02852	0.01246	0.01709	0.01344	0.01790	0.01219	0.01113	0.03102	0.01836	0.59469	0.02434	0.02228	0.01587	0.00926	0.00977	0.00231	0.13369	0.00686	0.00767	0.01114
156	0.01400	0.03610	0.71860	0.01989	0.03020	0.01621	0.02578	0.02210	0.01473	0.02210	0.01252	0.01473	0.00884	0.00663	0.00663	0.00221	0.01031	0.00516	0.00295	0.01031
157	0.01180	0.00730	0.00992	0.01087	0.01220	0.00688	0.00825	0.01383	0.01510	0.09434	0.06365	0.45176	0.04212	0.01939	0.00889	0.00284	0.00490	0.20262	0.00674	0.00659
158	0.01440	0.01452	0.04861	0.49435	0.22594	0.01606	0.02000	0.01892	0.01438	0.01929	0.01247	0.01797	0.00975	0.00697	0.00758	0.00228	0.03841	0.00616	0.00319	0.00874
159	0.02941	0.01146	0.01559	0.01209	0.01716	0.00993	0.00993	0.03216	0.01995	0.65511	0.08776	0.02626	0.02158	0.00914	0.00712	0.00216	0.00570	0.00751	0.00855	0.01141
160	0.01712	0.01642	0.02804	0.06930	0.68598	0.01654	0.02134	0.02128	0.01582	0.02261	0.01310	0.01732	0.01099	0.00625	0.00691	0.00208	0.00833	0.00622	0.00344	0.01093
161	0.03131	0.01188	0.01619	0.01242	0.01781	0.01026	0.01026	0.03401	0.01997	0.71606	0.02753	0.02375	0.01727	0.00864	0.00702	0.00216	0.00594	0.00702	0.00864	0.01188
162	0.01690	0.01630	0.02811	0.10148	0.63302	0.01652	0.04275	0.02114	0.01574	0.02236	0.01310	0.01743	0.01089	0.00627	0.00696	0.00210	0.00849	0.00628	0.00343	0.01072
163	0.01169	0.00762	0.00939	0.00865	0.01092	0.00677	0.00659	0.01446	0.01862	0.09937	0.44197	0.05361	0.25462	0.01469	0.00810	0.00224	0.00365	0.01265	0.00742	0.00695
164	0.01866	0.75896	0.03657	0.01194	0.01791	0.02761	0.01194	0.02090	0.01418	0.01642	0.00970	0.01119	0.00896	0.00597	0.00448	0.00149	0.00746	0.00373	0.00299	0.00896
165	0.01318	0.01240	0.02093	0.73798	0.04806	0.01550	0.01938	0.01783	0.01395	0.01783	0.01240	0.01860	0.00930	0.00698	0.00698	0.00233	0.00930	0.00620	0.00310	0.00775
166	0.01400	0.03610	0.71860	0.01989	0.03020	0.01621	0.02578	0.02210	0.01473	0.02210	0.01252	0.01473	0.00884	0.00663	0.00663	0.00221	0.01031	0.00516	0.00295	0.01031
167	0.02607	0.03326	0.01978	0.01798	0.02157	0.72674	0.01348	0.02787	0.01978	0.01708	0.01079	0.01258	0.00899	0.00719	0.00629	0.00180	0.01258	0.00449	0.00360	0.00809
168	0.01485	0.01563	0.03081	0.36892	0.04143	0.01674	0.34388	0.02000	0.01507	0.02000	0.01313	0.01860	0.00992	0.00662	0.00812	0.00236	0.03487	0.00719	0.00331	0.00856
169	0.01866	0.75896	0.03657	0.01194	0.01791	0.02761	0.01194	0.02090	0.01418	0.01642	0.00970	0.01119	0.00896	0.00597	0.00448	0.00149	0.00746	0.00373	0.00299	0.00896
170	0.00843	0.00635	0.00781	0.00897	0.00993	0.00573	0.00615	0.00980	0.01408	0.01811	0.04753	0.55805	0.23246	0.02068	0.00872	0.00270	0.00390	0.01840	0.00648	0.00573
171	0.02249	0.02594	0.01839	0.01662	0.02021	0.44239	0.01267	0.03077	0.26529	0.02145	0.01710	0.01756	0.01346	0.00821	0.00723	0.00205	0.03839	0.00579	0.00484	0.00914
172	0.00849	0.00611	0.00806	0.00961	0.01009	0.00568	0.00643	0.00973	0.01346	0.01786	0.03975	0.72284	0.07268	0.02169	0.00888	0.00281	0.00403	0.01963	0.00648	0.00568
173	0.01400	0.03610	0.71860	0.01989	0.03020	0.01621	0.02578	0.02210	0.01473	0.02210	0.01252	0.01473	0.00884	0.00663	0.00663	0.00221	0.01031	0.00516	0.00295	0.01031
174	0.01659	0.01849	0.03927	0.03140	0.13640	0.01749	0.58748	0.02221	0.01638	0.02242	0.01397	0.01859	0.01066	0.00593	0.00804	0.00231	0.01125	0.00794	0.00352	0.00965
175	0.00825	0.00707	0.00707	0.00707	0.00943	0.00589	0.00530	0.01001	0.01591	0.01885	0.07069	0.06716	0.70839	0.01767	0.00825	0.00236	0.00353	0.01473	0.00648	0.00589
176	0.01357	0.01281	0.02164	0.67097	0.11199	0.01561	0.01958	0.01818	0.01414	0.01831	0.01247	0.01848	0.00947	0.00690	0.00697	0.00230	0.00920	0.00620	0.00313	0.00807
177	0.00862	0.00616	0.00820	0.00964	0.01015	0.00575	0.00649	0.01001	0.01391	0.01868	0.09574	0.69044	0.04784	0.02121	0.00885	0.00278	0.00398	0.01922	0.00658	0.00575
178	0.01727	0.01658	0.02832	0.04283	0.71123	0.01658	0.02142	0.02142	0.01589	0.02280	0.01313	0.01727	0.01105	0.00622	0.00691	0.00207	0.00829	0.00622	0.00345	0.01105
179	0.03131	0.01188	0.01619	0.01242	0.01781	0.01026	0.01026	0.03401	0.01997	0.71606	0.02753	0.02375	0.01727	0.00864	0.00702	0.00216	0.00594	0.00702	0.00864	0.01188
180	0.02310	0.01911	0.10206	0.02023	0.06574	0.01704	0.16893	0.24959	0.04392	0.19096	0.01833	0.01895	0.01274	0.00758	0.00724	0.00219	0.00847	0.00682	0.00592	0.01106
181	0.01400	0.03610	0.71860	0.01989	0.03020	0.01621	0.02578	0.02210	0.01473	0.02210	0.01252	0.01473	0.00884	0.00663	0.00663	0.00221	0.01031	0.00516	0.00295	0.01031
182	0.02147	0.06806	0.02336	0.02249	0.14831	0.34521	0.03432	0.06089	0.01744	0.01970	0.01124	0.01435	0.00961	0.00803	0.00991	0.00213	0.16572	0.00532	0.00361	0.00884
183	0.01318	0.01240	0.02093	0.73798	0.04806	0.01550	0.01938	0.01783	0.01395	0.01783	0.01240	0.01860	0.00930	0.00698	0.00698	0.00233	0.00930	0.00620	0.00310	0.00775
184	0.01201	0.00989	0.01090	0.01016	0.01284	0.01017	0.00776	0.02063	0.25858	0.02553	0.26656	0.04764	0.25273	0.01364	0.00784	0.00231	0.00416	0.01161	0.00710	0.00794
185	0.01736	0.01499	0.01578	0.01420	0.01815	0.01736	0.01105	0.03708	0.69862	0.02919	0.02840	0.02604	0.02130	0.00947	0.00710	0.00237	0.00552	0.00789	0.00710	0.01105
186	0.01009	0.00768	0.01014	0.01056	0.05169	0.00708	0.00729	0.01323	0.01900	0.02643	0.57980	0.05211	0.15010	0.01425	0.00815	0.00221	0.00362	0.01253	0.00727	0.00675
187	0.00880	0.00629	0.00844	0.01006	0.01060	0.00593	0.00700	0.01024	0.01366	0.01815	0.03829	0.67615	0.04549	0.02158	0.00899	0.00288	0.00431	0.09090	0.00647	0.00575
188	0.01400	0.03610	0.71860	0.01989	0.03020	0.01621	0.02578	0.02210	0.01473	0.02210	0.01252	0.01473	0.00884	0.00663	0.00663	0.00221	0.01031	0.00516	0.00295	0.01031
189	0.18075	0.01835	0.01882	0.01469	0.02002	0.02045	0.01213	0.55557	0.02866	0.04147	0.01536	0.01568	0.01101	0.00800	0.00645	0.00211	0.00723	0.00579	0.00645	0.01101
190	0.00825	0.00707	0.00707	0.00707	0.00943	0.00589	0.00530	0.01001	0.01591	0.01885	0.07069	0.06716	0.70839	0.01767	0.00825	0.00236	0.00353	0.01473	0.00648	0.00589
191	0.01635	0.01574	0.02691	0.10061	0.58697	0.01590	0.04509	0.02047	0.01574	0.02212	0.01650	0.02039	0.05208	0.00695	0.00704	0.00212	0.00823	0.00679	0.00361	0.01040

[dist]
# distance from previous block
# <min> <max>
0	19

[block]
# block no. 2 follows, 30 sequences, length 81
# corresponding to MSA columns:
# 278-358
name=unknown_C
#
# <colnr> <probs for GDERKNQSTAVLIFYWHMCP>
#	G	D	E	R	K	N	Q	S	T	A	V	L	I	F	Y	W	H	M	C	P
0	0.01736	0.01499	0.01578	0.01420	0.01815	0.01736	0.01105	0.03708	0.69862	0.02919	0.02840	0.02604	0.02130	0.00947	0.00710	0.00237	0.00552	0.00789	0.00710	0.01105
1	0.03131	0.01188	0.01619	0.01242	0.01781	0.01026	0.01026	0.03401	0.01997	0.71606	0.02753	0.02375	0.01727	0.00864	0.00702	0.00216	0.00594	0.00702	0.00864	0.01188
2	0.80405	0.01350	0.01026	0.00918	0.01350	0.01565	0.00756	0.02051	0.01188	0.03131	0.00972	0.01134	0.00756	0.00648	0.00432	0.00216	0.00540	0.00378	0.00432	0.00756
3	0.02454	0.01830	0.01998	0.01577	0.02075	0.02056	0.01293	0.52152	0.13785	0.06239	0.01853	0.01839	0.01340	0.00879	0.00796	0.00220	0.05129	0.00655	0.00682	0.01148
4	0.00988	0.00713	0.00933	0.00878	0.01043	0.00658	0.00658	0.01317	0.01975	0.02798	0.70754	0.05213	0.06584	0.01427	0.00823	0.00219	0.00329	0.01262	0.00768	0.00658
5	0.00861	0.00649	0.00783	0.00871	0.00978	0.00586	0.00599	0.01006	0.01436	0.01853	0.09020	0.45238	0.25071	0.06401	0.01025	0.00288	0.00400	0.01722	0.00642	0.00571
6	0.80405	0.01350	0.01026	0.00918	0.01350	0.01565	0.00756	0.02051	0.01188	0.03131	0.00972	0.01134	0.00756	0.00648	0.00432	0.00216	0.00540	0.00378	0.00432	0.00756
7	0.02488	0.01705	0.02028	0.01598	0.02117	0.05925	0.07652	0.24882	0.17543	0.23253	0.02188	0.02081	0.01525	0.00839	0.00710	0.00218	0.00738	0.00694	0.00695	0.01122
8	0.80405	0.01350	0.01026	0.00918	0.01350	0.01565	0.00756	0.02051	0.01188	0.03131	0.00972	0.01134	0.00756	0.00648	0.00432	0.00216	0.00540	0.00378	0.00432	0.00756
9	0.02147	0.00954	0.01282	0.01092	0.01434	0.00845	0.00850	0.02391	0.01830	0.40562	0.17880	0.16858	0.03373	0.04089	0.00873	0.00247	0.00503	0.01080	0.00785	0.00924
10	0.01915	0.05267	0.16675	0.01984	0.07015	0.17540	0.06695	0.08491	0.14783	0.02356	0.01523	0.01700	0.01184	0.00796	0.00852	0.00221	0.08998	0.00599	0.00433	0.00973
11	0.03055	0.01224	0.01632	0.01260	0.01794	0.01091	0.01038	0.05399	0.05006	0.66560	0.02724	0.02364	0.01729	0.00867	0.00702	0.00217	0.00597	0.00703	0.00852	0.01184
12	0.00913	0.00649	0.00864	0.01014	0.01073	0.00619	0.00719	0.01062	0.01362	0.01806	0.03696	0.57387	0.04350	0.07591	0.01102	0.00320	0.00469	0.13804	0.00630	0.00570
13	0.00864	0.00618	0.00822	0.00962	0.01015	0.00576	0.00649	0.01006	0.01399	0.01882	0.10465	0.68115	0.04810	0.02111	0.00884	0.00277	0.00397	0.01912	0.00660	0.00576
14	0.01869	0.01774	0.04576	0.01854	0.04226	0.06000	0.14004	0.07242	0.38462	0.05719	0.02206	0.02208	0.01652	0.00848	0.00792	0.00232	0.03965	0.00739	0.00585	0.01047
15	0.01866	0.75896	0.03657	0.01194	0.01791	0.02761	0.01194	0.02090	0.01418	0.01642	0.00970	0.01119	0.00896	0.00597	0.00448	0.00149	0.00746	0.00373	0.00299	0.00896
16	0.01212	0.00606	0.00909	0.00909	0.00909	0.00606	0.00606	0.00909	0.00909	0.01212	0.01212	0.02121	0.01212	0.02424	0.02727	0.79697	0.00606	0.00606	0.00303	0.00303
17	0.01953	0.62104	0.03316	0.01285	0.01839	0.11640	0.01208	0.02277	0.05639	0.01728	0.01097	0.01227	0.00971	0.00634	0.00487	0.00158	0.00800	0.00408	0.00331	0.00897
18	0.01727	0.01658	0.02832	0.04283	0.71123	0.01658	0.02142	0.02142	0.01589	0.02280	0.01313	0.01727	0.01105	0.00622	0.00691	0.00207	0.00829	0.00622	0.00345	0.01105
19	0.01006	0.00789	0.00919	0.00873	0.01085	0.00741	0.00659	0.01445	0.08559	0.02498	0.42230	0.05469	0.28145	0.01496	0.00812	0.00227	0.00360	0.01287	0.00721	0.00679
20	0.01036	0.00695	0.00890	0.00982	0.01096	0.00648	0.00690	0.01249	0.03748	0.06343	0.06231	0.56185	0.11556	0.01982	0.00865	0.00271	0.00421	0.03810	0.00667	0.00632
21	0.02408	0.01350	0.01601	0.01329	0.01792	0.01391	0.01064	0.06334	0.33219	0.35155	0.04698	0.02531	0.02028	0.00917	0.00709	0.00225	0.00575	0.00755	0.00783	0.01134
22	0.02997	0.01218	0.01615	0.01259	0.01785	0.01094	0.01033	0.03430	0.08517	0.65008	0.02761	0.02397	0.01766	0.00872	0.00703	0.00218	0.00590	0.00710	0.00849	0.01180
23	0.02797	0.01114	0.01512	0.01185	0.01666	0.00968	0.00968	0.03076	0.01994	0.60872	0.13361	0.02818	0.02485	0.00952	0.00721	0.00216	0.00553	0.00789	0.00849	0.01105
24	0.74426	0.01337	0.01072	0.00943	0.01383	0.01524	0.00777	0.02156	0.01250	0.08429	0.01109	0.01230	0.00831	0.00664	0.00453	0.00216	0.00544	0.00403	0.00465	0.00789
25	0.80405	0.01350	0.01026	0.00918	0.01350	0.01565	0.00756	0.02051	0.01188	0.03131	0.00972	0.01134	0.00756	0.00648	0.00432	0.00216	0.00540	0.00378	0.00432	0.00756
26	0.00856	0.00615	0.00803	0.00951	0.00998	0.00573	0.00633	0.00975	0.01333	0.01767	0.03915	0.68958	0.07423	0.05365	0.01004	0.00298	0.00414	0.01919	0.00638	0.00561
27	0.02624	0.01940	0.02078	0.01600	0.02153	0.02150	0.01319	0.66724	0.05400	0.04351	0.01712	0.01705	0.01217	0.00841	0.00698	0.00210	0.00761	0.00633	0.00698	0.01184
28	0.00850	0.00607	0.00810	0.00972	0.01012	0.00567	0.00648	0.00972	0.01336	0.01781	0.03846	0.75020	0.04615	0.02186	0.00891	0.00283	0.00405	0.01984	0.00648	0.00567
29	0.00867	0.00624	0.00822	0.00951	0.01014	0.00579	0.00645	0.01016	0.01424	0.01912	0.12309	0.64025	0.07069	0.02077	0.00880	0.00274	0.00394	0.01877	0.00663	0.00579
30	0.03131	0.01188	0.01619	0.01242	0.01781	0.01026	0.01026	0.03401	0.01997	0.71606	0.02753	0.02375	0.01727	0.00864	0.00702	0.00216	0.00594	0.00702	0.00864	0.01188
31	0.00882	0.00621	0.00800	0.00931	0.00964	0.00588	0.00604	0.00980	0.01274	0.01698	0.03527	0.61387	0.04213	0.16369	0.01406	0.00359	0.00457	0.01796	0.00604	0.00539
32	0.80405	0.01350	0.01026	0.00918	0.01350	0.01565	0.00756	0.02051	0.01188	0.03131	0.00972	0.01134	0.00756	0.00648	0.00432	0.00216	0.00540	0.00378	0.00432	0.00756
33	0.00984	0.00711	0.00915	0.00865	0.01022	0.00657	0.00640	0.01288	0.01905	0.02681	0.64472	0.05225	0.08535	0.05876	0.00987	0.00247	0.00351	0.01254	0.00743	0.00642
34	0.00997	0.00748	0.01121	0.01121	0.01246	0.00872	0.00872	0.01246	0.01121	0.01620	0.01869	0.02741	0.01745	0.05234	0.72710	0.01121	0.01869	0.00748	0.00374	0.00623
35	0.02316	0.01690	0.01833	0.01493	0.01981	0.01875	0.01205	0.35310	0.30954	0.10267	0.02266	0.02130	0.01633	0.00886	0.00703	0.00221	0.00661	0.00702	0.00719	0.01153
