[name]
unknown

[dist]
# distance from previous block
# <min> <max>
0	240

[block]
# block no. 0 follows, 32 sequences, length 164
# corresponding to MSA columns:
# 241-404
name=unknown_A
#
# <colnr> <probs for GDERKNQSTAVLIFYWHMCP>
#	G	D	E	R	K	N	Q	S	T	A	V	L	I	F	Y	W	H	M	C	P
0	0.68525	0.01388	0.02881	0.03032	0.01467	0.04237	0.00849	0.01957	0.01211	0.02832	0.01127	0.01555	0.00949	0.00709	0.00469	0.00214	0.00575	0.04874	0.00419	0.00729
1	0.01632	0.01701	0.05001	0.03730	0.52874	0.01619	0.19240	0.02084	0.01539	0.02179	0.01285	0.01692	0.01046	0.00591	0.00696	0.00206	0.00887	0.00644	0.00333	0.01021
2	0.01056	0.00745	0.00959	0.00896	0.01090	0.00688	0.00688	0.01405	0.03614	0.04871	0.58558	0.04936	0.07741	0.01351	0.00783	0.00214	0.00358	0.05600	0.00715	0.03733
3	0.00793	0.00680	0.00680	0.00680	0.00906	0.00566	0.00510	0.00963	0.01529	0.01813	0.06797	0.06457	0.71961	0.01699	0.00793	0.00227	0.00340	0.01416	0.00623	0.00566
4	0.01786	0.01703	0.04338	0.02802	0.38044	0.06129	0.01622	0.12467	0.13818	0.02521	0.01758	0.02018	0.03481	0.03643	0.00774	0.00221	0.00754	0.00653	0.00455	0.01014
5	0.01279	0.00680	0.00685	0.00675	0.00846	0.00695	0.00509	0.01697	0.06056	0.02522	0.02225	0.02502	0.01742	0.00790	0.00483	0.00161	0.00327	0.00634	0.74837	0.00655
6	0.01493	0.01417	0.02418	0.19296	0.48808	0.01476	0.03738	0.01880	0.01466	0.02041	0.01479	0.08684	0.01342	0.00754	0.00687	0.00212	0.00789	0.00726	0.00352	0.00940
7	0.03010	0.01142	0.01557	0.01194	0.01713	0.00986	0.00986	0.03270	0.01920	0.72698	0.02647	0.02284	0.01661	0.00830	0.00675	0.00208	0.00571	0.00675	0.00830	0.01142
8	0.02945	0.01126	0.01530	0.01179	0.01681	0.00975	0.00967	0.03196	0.01890	0.70385	0.02630	0.02352	0.01686	0.03279	0.00764	0.00222	0.00574	0.00685	0.00817	0.01118
9	0.00950	0.00686	0.00897	0.00844	0.01002	0.00633	0.00633	0.01266	0.01899	0.02691	0.71879	0.05012	0.06331	0.01372	0.00791	0.00211	0.00317	0.01213	0.00739	0.00633
10	0.03010	0.01142	0.01557	0.01194	0.01713	0.00986	0.00986	0.03270	0.01920	0.72698	0.02647	0.02284	0.01661	0.00830	0.00675	0.00208	0.00571	0.00675	0.00830	0.01142
11	0.01166	0.00583	0.00874	0.00874	0.00874	0.00583	0.00583	0.00874	0.00874	0.01166	0.01166	0.02040	0.01166	0.02331	0.02622	0.80478	0.00583	0.00583	0.00291	0.00291
12	0.04533	0.02565	0.40732	0.02283	0.17872	0.01515	0.04360	0.04866	0.01569	0.11343	0.01414	0.01591	0.01014	0.00657	0.00647	0.00209	0.00873	0.00551	0.00386	0.01020
13	0.02463	0.01704	0.16917	0.01356	0.01985	0.01185	0.01311	0.08013	0.01857	0.45517	0.02118	0.01960	0.01383	0.00755	0.00649	0.00198	0.00667	0.00604	0.00659	0.08698
14	0.18333	0.01688	0.02281	0.03212	0.50637	0.08559	0.01707	0.02101	0.01483	0.02310	0.01172	0.01498	0.00973	0.00612	0.00607	0.00198	0.00779	0.00533	0.00351	0.00965
15	0.01649	0.02060	0.18935	0.03147	0.36649	0.01599	0.16962	0.04058	0.01576	0.04939	0.01333	0.01660	0.01030	0.00615	0.00687	0.00209	0.00904	0.00620	0.00351	0.01017
16	0.01413	0.03904	0.01504	0.01085	0.03541	0.00977	0.00842	0.01711	0.01394	0.02165	0.01185	0.01388	0.00991	0.00502	0.00499	0.00104	0.00513	0.00402	0.00392	0.75488
17	0.00818	0.00584	0.00779	0.00934	0.00973	0.00545	0.00623	0.00934	0.01285	0.01713	0.03698	0.75981	0.04438	0.02102	0.00856	0.00273	0.00389	0.01908	0.00623	0.00545
18	0.02048	0.01585	0.01854	0.01741	0.11027	0.01723	0.01243	0.40423	0.12455	0.03509	0.13157	0.02299	0.02105	0.00885	0.00692	0.00206	0.00648	0.00725	0.00640	0.01037
19	0.00822	0.00666	0.00726	0.00766	0.00945	0.00578	0.00565	0.00985	0.01467	0.01791	0.05855	0.19900	0.52538	0.03949	0.00890	0.00253	0.00376	0.05750	0.00616	0.00561
20	0.01346	0.03471	0.72942	0.01912	0.02904	0.01558	0.02479	0.02125	0.01417	0.02125	0.01204	0.01417	0.00850	0.00637	0.00637	0.00212	0.00992	0.00496	0.00283	0.00992
21	0.01458	0.10639	0.40469	0.01668	0.02395	0.01647	0.04280	0.02406	0.18333	0.02247	0.04006	0.02015	0.01447	0.00766	0.00648	0.00213	0.00818	0.03170	0.00411	0.00965
22	0.00833	0.00681	0.00735	0.00721	0.00931	0.00583	0.00541	0.01040	0.01623	0.02036	0.23320	0.06091	0.55300	0.01616	0.00793	0.00223	0.00334	0.01365	0.00652	0.00583
23	0.01435	0.08259	0.61449	0.01909	0.02829	0.04421	0.06364	0.02140	0.01442	0.02071	0.01189	0.01409	0.00861	0.00631	0.00632	0.00207	0.00990	0.00502	0.00289	0.00970
24	0.00941	0.00679	0.00889	0.00850	0.01000	0.00627	0.00632	0.01244	0.01858	0.02625	0.67326	0.09751	0.06205	0.01421	0.00796	0.00215	0.00321	0.01260	0.00731	0.00627
25	0.02548	0.09645	0.07887	0.01315	0.01861	0.01260	0.03313	0.04949	0.01819	0.49852	0.02325	0.02395	0.01615	0.00845	0.00665	0.00208	0.00649	0.05104	0.00690	0.01056
26	0.01391	0.01193	0.01391	0.00994	0.01590	0.00894	0.00795	0.01690	0.01391	0.02186	0.01193	0.01391	0.00994	0.00497	0.00497	0.00099	0.00497	0.00398	0.00398	0.80521
27	0.01391	0.01193	0.01391	0.00994	0.01590	0.00894	0.00795	0.01690	0.01391	0.02186	0.01193	0.01391	0.00994	0.00497	0.00497	0.00099	0.00497	0.00398	0.00398	0.80521
28	0.01649	0.01638	0.02803	0.05934	0.56989	0.03736	0.11168	0.02062	0.01541	0.02151	0.01325	0.01822	0.01117	0.00631	0.00687	0.00206	0.00853	0.02336	0.00340	0.01012
29	0.02826	0.01258	0.01722	0.01534	0.09171	0.01151	0.01126	0.09305	0.01993	0.58952	0.02406	0.02156	0.01550	0.00804	0.00673	0.00206	0.00610	0.00660	0.00763	0.01134
30	0.35449	0.01580	0.01584	0.01384	0.01598	0.09450	0.01135	0.01880	0.01169	0.02211	0.00920	0.01280	0.00814	0.00889	0.01273	0.00244	0.35580	0.00476	0.00351	0.00736
31	0.01346	0.03471	0.72942	0.01912	0.02904	0.01558	0.02479	0.02125	0.01417	0.02125	0.01204	0.01417	0.00850	0.00637	0.00637	0.00212	0.00992	0.00496	0.00283	0.00992
32	0.00950	0.00686	0.00897	0.00844	0.01002	0.00633	0.00633	0.01266	0.01899	0.02691	0.71879	0.05012	0.06331	0.01372	0.00791	0.00211	0.00317	0.01213	0.00739	0.00633
33	0.01237	0.01152	0.01930	0.69873	0.04378	0.01428	0.01781	0.01662	0.01338	0.01714	0.01360	0.06743	0.01131	0.00766	0.00683	0.00227	0.00861	0.00684	0.00320	0.00732
34	0.00842	0.00675	0.00751	0.00745	0.00939	0.00585	0.00554	0.01052	0.01624	0.02069	0.26096	0.10519	0.47933	0.01627	0.00797	0.00225	0.00336	0.01387	0.00658	0.00585
35	0.01628	0.01587	0.02787	0.08724	0.61572	0.01597	0.08104	0.02044	0.01520	0.02156	0.01266	0.01683	0.01048	0.00600	0.00676	0.00203	0.00834	0.00615	0.00331	0.01028
36	0.00817	0.00677	0.00715	0.00713	0.00923	0.00575	0.00532	0.01006	0.01574	0.01936	0.16083	0.08731	0.60074	0.01666	0.00795	0.00226	0.00338	0.01404	0.00640	0.00575
37	0.01271	0.01016	0.01164	0.01112	0.01305	0.03444	0.00844	0.01915	0.19437	0.04546	0.21520	0.17097	0.05491	0.06067	0.01033	0.00265	0.05464	0.05640	0.00631	0.00739
38	0.02636	0.01216	0.01561	0.01241	0.01672	0.03105	0.01011	0.06943	0.01836	0.53798	0.02338	0.02271	0.01588	0.04332	0.05921	0.00291	0.05813	0.00674	0.00720	0.01035
39	0.01695	0.01338	0.01456	0.01279	0.01636	0.01497	0.00997	0.10696	0.47603	0.05854	0.12975	0.02833	0.02586	0.03515	0.00790	0.00236	0.00528	0.00813	0.00687	0.00988
40	0.45124	0.01226	0.01249	0.01026	0.01489	0.01266	0.00846	0.02571	0.01501	0.35144	0.01724	0.01640	0.01157	0.00719	0.00535	0.00208	0.00543	0.00507	0.00607	0.00918
41	0.00893	0.00646	0.00843	0.00873	0.00987	0.00596	0.00624	0.01126	0.01647	0.02279	0.42994	0.32526	0.08125	0.01667	0.00817	0.00235	0.00346	0.01490	0.00689	0.00596
42	0.01251	0.00625	0.00625	0.00625	0.00782	0.00625	0.00469	0.01563	0.01407	0.02502	0.02189	0.02502	0.01720	0.00782	0.00469	0.00156	0.00313	0.00625	0.80144	0.00625
43	0.01468	0.01468	0.02055	0.01762	0.01762	0.02055	0.01468	0.01615	0.01028	0.01615	0.00881	0.01468	0.00881	0.01174	0.02202	0.00294	0.75191	0.00587	0.00294	0.00734
44	0.01669	0.01441	0.01517	0.01365	0.01745	0.01669	0.01062	0.03565	0.71021	0.02807	0.02731	0.02503	0.02048	0.00910	0.00683	0.00228	0.00531	0.00759	0.00683	0.01062
45	0.01794	0.76823	0.03516	0.01148	0.01722	0.02655	0.01148	0.02009	0.01363	0.01579	0.00933	0.01076	0.00861	0.00574	0.00431	0.00144	0.00718	0.00359	0.00287	0.00861
46	0.02830	0.01149	0.01526	0.01181	0.01678	0.01018	0.00972	0.06781	0.01973	0.63838	0.05089	0.02500	0.04499	0.00881	0.00683	0.00208	0.00563	0.00718	0.00811	0.01102
47	0.00960	0.00713	0.01050	0.01050	0.01160	0.00823	0.00803	0.01180	0.01070	0.01537	0.01823	0.02779	0.01740	0.10868	0.68009	0.01043	0.01704	0.00740	0.00363	0.00583
48	0.01655	0.01527	0.04535	0.01389	0.01794	0.01664	0.01122	0.03505	0.68080	0.02778	0.02666	0.02457	0.01998	0.00899	0.00681	0.00227	0.00550	0.00748	0.00666	0.01059
49	0.00829	0.00584	0.00782	0.00932	0.00970	0.00546	0.00622	0.00932	0.01271	0.01695	0.03614	0.73534	0.04330	0.02110	0.00915	0.02926	0.00396	0.01864	0.00612	0.00537
50	0.15886	0.25109	0.04252	0.01323	0.01857	0.04369	0.01175	0.33176	0.02164	0.03058	0.01254	0.01337	0.00966	0.00694	0.00549	0.00184	0.00716	0.00478	0.00487	0.00967
51	0.81159	0.01298	0.00986	0.00882	0.01298	0.01505	0.00727	0.01972	0.01142	0.03010	0.00934	0.01090	0.00727	0.00623	0.00415	0.00208	0.00519	0.00363	0.00415	0.00727
52	0.01449	0.01088	0.01613	0.01678	0.11797	0.01126	0.06130	0.05963	0.01493	0.10041	0.02629	0.27420	0.06600	0.07417	0.01158	0.00277	0.09682	0.01144	0.00529	0.00767
53	0.01794	0.76823	0.03516	0.01148	0.01722	0.02655	0.01148	0.02009	0.01363	0.01579	0.00933	0.01076	0.00861	0.00574	0.00431	0.00144	0.00718	0.00359	0.00287	0.00861
54	0.01507	0.01231	0.01432	0.01032	0.01622	0.00966	0.00829	0.05700	0.01509	0.04408	0.01260	0.01431	0.01022	0.00525	0.00512	0.00109	0.00513	0.00418	0.00426	0.73547
55	0.01346	0.03471	0.72942	0.01912	0.02904	0.01558	0.02479	0.02125	0.01417	0.02125	0.01204	0.01417	0.00850	0.00637	0.00637	0.00212	0.00992	0.00496	0.00283	0.00992
56	0.81159	0.01298	0.00986	0.00882	0.01298	0.01505	0.00727	0.01972	0.01142	0.03010	0.00934	0.01090	0.00727	0.00623	0.00415	0.00208	0.00519	0.00363	0.00415	0.00727
57	0.01165	0.00975	0.01140	0.01264	0.08370	0.06030	0.00831	0.01468	0.03925	0.04124	0.32603	0.18907	0.13783	0.01408	0.00772	0.00222	0.00462	0.01234	0.00630	0.00688
58	0.00976	0.00651	0.00732	0.00732	0.00732	0.00651	0.00407	0.00976	0.00976	0.01301	0.02114	0.04391	0.02439	0.76419	0.03415	0.00651	0.00651	0.00976	0.00407	0.00407
59	0.01391	0.01193	0.01391	0.00994	0.01590	0.00894	0.00795	0.01690	0.01391	0.02186	0.01193	0.01391	0.00994	0.00497	0.00497	0.00099	0.00497	0.00398	0.00398	0.80521
60	0.01396	0.00828	0.00957	0.00857	0.01083	0.00820	0.00663	0.09420	0.01841	0.07464	0.30358	0.03401	0.03516	0.01027	0.00636	0.00187	0.00380	0.00864	0.33579	0.00722
61	0.00862	0.00682	0.00776	0.00752	0.00949	0.00596	0.00564	0.01097	0.01693	0.02201	0.35556	0.05819	0.42960	0.01555	0.00792	0.00220	0.00330	0.01327	0.00674	0.00596
62	0.00818	0.00584	0.00779	0.00934	0.00973	0.00545	0.00623	0.00934	0.01285	0.01713	0.03698	0.75981	0.04438	0.02102	0.00856	0.00273	0.00389	0.01908	0.00623	0.00545
63	0.81159	0.01298	0.00986	0.00882	0.01298	0.01505	0.00727	0.01972	0.01142	0.03010	0.00934	0.01090	0.00727	0.00623	0.00415	0.00208	0.00519	0.00363	0.00415	0.00727
64	0.01468	0.01468	0.02055	0.01762	0.01762	0.02055	0.01468	0.01615	0.01028	0.01615	0.00881	0.01468	0.00881	0.01174	0.02202	0.00294	0.75191	0.00587	0.00294	0.00734
65	0.01346	0.03471	0.72942	0.01912	0.02904	0.01558	0.02479	0.02125	0.01417	0.02125	0.01204	0.01417	0.00850	0.00637	0.00637	0.00212	0.00992	0.00496	0.00283	0.00992
66	0.77837	0.01322	0.01030	0.00910	0.01331	0.01530	0.00750	0.04847	0.01227	0.03062	0.00963	0.01112	0.00744	0.00631	0.00426	0.00207	0.00528	0.00374	0.00426	0.00744
67	0.23550	0.01374	0.01524	0.01202	0.01698	0.01406	0.00992	0.20163	0.02033	0.36590	0.01927	0.01794	0.01280	0.00769	0.00605	0.00206	0.00600	0.00574	0.00680	0.01032
68	0.81159	0.01298	0.00986	0.00882	0.01298	0.01505	0.00727	0.01972	0.01142	0.03010	0.00934	0.01090	0.00727	0.00623	0.00415	0.00208	0.00519	0.00363	0.00415	0.00727
69	0.00837	0.00681	0.00741	0.00726	0.00934	0.00585	0.00545	0.01049	0.01634	0.02062	0.25264	0.06047	0.53338	0.01606	0.00793	0.00222	0.00333	0.01359	0.00656	0.00585
70	0.00950	0.00686	0.00897	0.00844	0.01002	0.00633	0.00633	0.01266	0.01899	0.02691	0.71879	0.05012	0.06331	0.01372	0.00791	0.00211	0.00317	0.01213	0.00739	0.00633
71	0.01346	0.03471	0.72942	0.01912	0.02904	0.01558	0.02479	0.02125	0.01417	0.02125	0.01204	0.01417	0.00850	0.00637	0.00637	0.00212	0.00992	0.00496	0.00283	0.00992
72	0.02581	0.01830	0.01983	0.01520	0.02056	0.02008	0.01256	0.65540	0.03072	0.08801	0.01680	0.01656	0.01176	0.00807	0.00671	0.00202	0.00727	0.00609	0.00682	0.01141
73	0.00929	0.00685	0.00868	0.00822	0.00990	0.00624	0.00617	0.01226	0.01850	0.02573	0.63181	0.05205	0.15103	0.01416	0.00792	0.00213	0.00320	0.01241	0.00723	0.00624
74	0.81159	0.01298	0.00986	0.00882	0.01298	0.01505	0.00727	0.01972	0.01142	0.03010	0.00934	0.01090	0.00727	0.00623	0.00415	0.00208	0.00519	0.00363	0.00415	0.00727
75	0.01360	0.05649	0.61860	0.01826	0.02746	0.01531	0.04365	0.02070	0.01432	0.02127	0.03137	0.01514	0.01015	0.00644	0.00630	0.00203	0.00936	0.00514	0.00305	0.06135
76	0.65161	0.11615	0.03789	0.00981	0.01435	0.04052	0.00862	0.02006	0.01206	0.02742	0.00947	0.01103	0.00754	0.00619	0.00431	0.00198	0.00585	0.00369	0.00391	0.00755
77	0.00950	0.00686	0.00897	0.00844	0.01002	0.00633	0.00633	0.01266	0.01899	0.02691	0.71879	0.05012	0.06331	0.01372	0.00791	0.00211	0.00317	0.01213	0.00739	0.00633
78	0.01710	0.03886	0.01594	0.01351	0.01740	0.01691	0.01064	0.08299	0.61123	0.02867	0.05255	0.02488	0.02108	0.00910	0.00678	0.00222	0.00544	0.00752	0.00671	0.01045
79	0.02048	0.02473	0.24445	0.02104	0.14417	0.12636	0.01770	0.21219	0.02035	0.08381	0.01419	0.01552	0.01036	0.00701	0.00650	0.00201	0.00886	0.00548	0.00454	0.01025
80	0.00966	0.00664	0.00794	0.00774	0.00833	0.00644	0.00491	0.01085	0.01322	0.01821	0.28239	0.04624	0.03897	0.48316	0.02433	0.00486	0.00525	0.01065	0.00531	0.00491
81	0.01729	0.01554	0.02799	0.05544	0.45668	0.01521	0.16972	0.02150	0.01585	0.08700	0.04128	0.01884	0.01306	0.00644	0.00699	0.00207	0.00835	0.00672	0.00394	0.01009
82	0.01714	0.01234	0.03588	0.01104	0.01654	0.00960	0.02775	0.03827	0.01584	0.16280	0.06250	0.01864	0.01507	0.00645	0.00568	0.00140	0.00532	0.00534	0.03092	0.50148
83	0.81159	0.01298	0.00986	0.00882	0.01298	0.01505	0.00727	0.01972	0.01142	0.03010	0.00934	0.01090	0.00727	0.00623	0.00415	0.00208	0.00519	0.00363	0.00415	0.00727
84	0.01794	0.76823	0.03516	0.01148	0.01722	0.02655	0.01148	0.02009	0.01363	0.01579	0.00933	0.01076	0.00861	0.00574	0.00431	0.00144	0.00718	0.00359	0.00287	0.00861
85	0.01468	0.01468	0.02055	0.01762	0.01762	0.02055	0.01468	0.01615	0.01028	0.01615	0.00881	0.01468	0.00881	0.01174	0.02202	0.00294	0.75191	0.00587	0.00294	0.00734
86	0.00950	0.00686	0.00897	0.00844	0.01002	0.00633	0.00633	0.01266	0.01899	0.02691	0.71879	0.05012	0.06331	0.01372	0.00791	0.00211	0.00317	0.01213	0.00739	0.00633
87	0.00831	0.00679	0.00734	0.00725	0.00931	0.00582	0.00542	0.01034	0.01610	0.02017	0.22064	0.07961	0.54691	0.01633	0.00794	0.00224	0.00336	0.01381	0.00650	0.00582
88	0.01505	0.01169	0.01385	0.01008	0.01580	0.00891	0.00805	0.01794	0.01431	0.07935	0.01393	0.03883	0.01160	0.00576	0.00523	0.00114	0.00499	0.00469	0.00440	0.71439
89	0.00870	0.00635	0.00824	0.00954	0.01017	0.00610	0.00647	0.01092	0.05128	0.01814	0.06526	0.68960	0.04387	0.02006	0.00844	0.00267	0.00394	0.01815	0.00631	0.00577
90	0.00959	0.00716	0.01064	0.01064	0.01178	0.00831	0.00820	0.01189	0.01074	0.01547	0.01811	0.02710	0.01710	0.08049	0.70788	0.01060	0.01749	0.00730	0.00361	0.00591
91	0.00987	0.00826	0.00876	0.00838	0.01082	0.00787	0.00636	0.01510	0.14797	0.02153	0.17279	0.05456	0.47328	0.01493	0.00772	0.00224	0.00372	0.01256	0.00654	0.00672
92	0.01391	0.01193	0.01391	0.00994	0.01590	0.00894	0.00795	0.01690	0.01391	0.02186	0.01193	0.01391	0.00994	0.00497	0.00497	0.00099	0.00497	0.00398	0.00398	0.80521
93	0.01568	0.01921	0.08566	0.02767	0.03467	0.01688	0.65301	0.02148	0.01573	0.02148	0.01347	0.01784	0.01007	0.00570	0.00782	0.00225	0.01122	0.00772	0.00336	0.00911
94	0.01251	0.00625	0.00625	0.00625	0.00782	0.00625	0.00469	0.01563	0.01407	0.02502	0.02189	0.02502	0.01720	0.00782	0.00469	0.00156	0.00313	0.00625	0.80144	0.00625
95	0.23514	0.05641	0.01827	0.17672	0.16696	0.13187	0.01333	0.01963	0.01385	0.02114	0.01178	0.01667	0.01012	0.07296	0.00817	0.00239	0.00791	0.00527	0.00354	0.00787
96	0.01586	0.20778	0.40739	0.01814	0.07098	0.04898	0.01932	0.04281	0.07002	0.02095	0.01269	0.01434	0.00971	0.00649	0.00593	0.00194	0.00878	0.00491	0.00333	0.00966
97	0.01251	0.00625	0.00625	0.00625	0.00782	0.00625	0.00469	0.01563	0.01407	0.02502	0.02189	0.02502	0.01720	0.00782	0.00469	0.00156	0.00313	0.00625	0.80144	0.00625
98	0.01632	0.01582	0.02753	0.08458	0.63905	0.01594	0.06092	0.02043	0.01520	0.02160	0.01263	0.01678	0.01050	0.00600	0.00672	0.00202	0.00823	0.00609	0.00330	0.01034
99	0.00974	0.00657	0.00762	0.00762	0.00773	0.00667	0.00444	0.00995	0.00985	0.01324	0.02086	0.04237	0.02373	0.70160	0.09583	0.00688	0.00751	0.00953	0.00402	0.00423
100	0.01251	0.00625	0.00625	0.00625	0.00782	0.00625	0.00469	0.01563	0.01407	0.02502	0.02189	0.02502	0.01720	0.00782	0.00469	0.00156	0.00313	0.00625	0.80144	0.00625
101	0.01502	0.04338	0.02254	0.05435	0.44338	0.05474	0.03436	0.01826	0.01493	0.02016	0.01905	0.15663	0.03726	0.00947	0.00702	0.00214	0.00736	0.02690	0.00400	0.00902
102	0.02515	0.02013	0.02002	0.01570	0.02071	0.09982	0.01283	0.60654	0.02957	0.03870	0.01527	0.01563	0.01103	0.00803	0.00707	0.00201	0.02878	0.00585	0.00625	0.01090
103	0.13342	0.01380	0.01488	0.01317	0.07993	0.05781	0.00938	0.01874	0.03050	0.02289	0.01187	0.01386	0.00977	0.00547	0.00511	0.00132	0.00574	0.00421	0.00398	0.54414
104	0.01684	0.01639	0.02700	0.04051	0.70266	0.03617	0.02038	0.02077	0.01538	0.02177	0.01256	0.01648	0.01057	0.00600	0.00663	0.00199	0.00809	0.00593	0.00333	0.01055
105	0.01669	0.01441	0.01517	0.01365	0.01745	0.01669	0.01062	0.03565	0.71021	0.02807	0.02731	0.02503	0.02048	0.00910	0.00683	0.00228	0.00531	0.00759	0.00683	0.01062
106	0.02506	0.03198	0.01901	0.01729	0.02074	0.73725	0.01296	0.02679	0.01901	0.01642	0.01037	0.01210	0.00864	0.00691	0.00605	0.00173	0.01210	0.00432	0.00346	0.00778
107	0.00822	0.00587	0.00783	0.00931	0.00974	0.00548	0.00623	0.00945	0.01305	0.01746	0.05979	0.73607	0.04501	0.02078	0.00854	0.00270	0.00387	0.01884	0.00627	0.00548
108	0.01251	0.00625	0.00625	0.00625	0.00782	0.00625	0.00469	0.01563	0.01407	0.02502	0.02189	0.02502	0.01720	0.00782	0.00469	0.00156	0.00313	0.00625	0.80144	0.00625
109	0.06347	0.01795	0.02868	0.02105	0.02705	0.04076	0.35364	0.24196	0.02064	0.02861	0.01392	0.01649	0.01035	0.00645	0.00700	0.00204	0.00916	0.00661	0.00457	0.07962
110	0.01751	0.01564	0.02646	0.03923	0.67524	0.01554	0.01988	0.02140	0.01554	0.06900	0.01355	0.01702	0.01103	0.00613	0.00665	0.00200	0.00782	0.00603	0.00365	0.01068
111	0.00820	0.00681	0.00718	0.00709	0.00923	0.00578	0.00531	0.01016	0.01594	0.01967	0.18203	0.06204	0.60460	0.01642	0.00793	0.00224	0.00336	0.01381	0.00643	0.00578
112	0.01267	0.01193	0.02013	0.74806	0.04621	0.01491	0.01863	0.01714	0.01342	0.01714	0.01193	0.01789	0.00894	0.00671	0.00671	0.00224	0.00894	0.00596	0.00298	0.00745
113	0.04166	0.03543	0.01278	0.01093	0.01404	0.02944	0.00856	0.06478	0.17482	0.13486	0.11158	0.13746	0.14899	0.01254	0.00726	0.00225	0.00499	0.03269	0.00661	0.00833
114	0.01660	0.01433	0.01513	0.01353	0.01740	0.01643	0.01053	0.03503	0.68717	0.02786	0.02680	0.02467	0.02013	0.00897	0.00677	0.00223	0.00530	0.00747	0.00673	0.03691
115	0.01584	0.01810	0.03959	0.02828	0.03507	0.01697	0.69796	0.02149	0.01584	0.02149	0.01357	0.01810	0.01018	0.00566	0.00792	0.00226	0.01131	0.00792	0.00339	0.00905
116	0.77782	0.01269	0.00971	0.00872	0.01276	0.01468	0.00716	0.01955	0.01153	0.02989	0.00987	0.01150	0.00769	0.00630	0.00418	0.00205	0.00510	0.00374	0.03784	0.00722
117	0.01697	0.01560	0.02867	0.07932	0.40501	0.01533	0.20969	0.02125	0.01556	0.07898	0.01477	0.04171	0.01198	0.00661	0.00708	0.00211	0.00866	0.00701	0.00382	0.00988
118	0.81159	0.01298	0.00986	0.00882	0.01298	0.01505	0.00727	0.01972	0.01142	0.03010	0.00934	0.01090	0.00727	0.00623	0.00415	0.00208	0.00519	0.00363	0.00415	0.00727
119	0.00908	0.00741	0.03279	0.00909	0.01052	0.00629	0.00687	0.01159	0.01637	0.02271	0.41447	0.31864	0.07623	0.01635	0.00811	0.00235	0.00368	0.01459	0.00675	0.00610
120	0.01051	0.00751	0.01047	0.01201	0.01343	0.00746	0.01029	0.01338	0.01515	0.01974	0.03569	0.15371	0.03927	0.01882	0.00919	0.00305	0.00592	0.60212	0.00618	0.00610
121	0.01391	0.01193	0.01391	0.00994	0.01590	0.00894	0.00795	0.01690	0.01391	0.02186	0.01193	0.01391	0.00994	0.00497	0.00497	0.00099	0.00497	0.00398	0.00398	0.80521
122	0.01803	0.72586	0.05388	0.01187	0.01765	0.04756	0.01189	0.02032	0.01381	0.01596	0.00943	0.01090	0.00861	0.00579	0.00441	0.00146	0.00740	0.00365	0.00289	0.00862
123	0.75555	0.04224	0.01117	0.00914	0.01339	0.01568	0.00761	0.04179	0.01216	0.02995	0.00956	0.01106	0.00745	0.00627	0.00424	0.00205	0.00534	0.00371	0.00419	0.00745
124	0.01718	0.01466	0.01545	0.01376	0.01764	0.01692	0.01074	0.07298	0.67208	0.02887	0.02668	0.02453	0.01997	0.00904	0.00682	0.00226	0.00543	0.00750	0.00682	0.01066
125	0.02186	0.01690	0.01906	0.05688	0.05896	0.01882	0.01282	0.45886	0.17428	0.03620	0.04317	0.01936	0.01502	0.00829	0.00678	0.00208	0.00691	0.00658	0.00637	0.01080
126	0.01267	0.01193	0.02013	0.74806	0.04621	0.01491	0.01863	0.01714	0.01342	0.01714	0.01193	0.01789	0.00894	0.00671	0.00671	0.00224	0.00894	0.00596	0.00298	0.00745
127	0.00967	0.00647	0.00735	0.00743	0.00746	0.00644	0.00419	0.00973	0.00994	0.01325	0.02205	0.08518	0.02555	0.72135	0.03268	0.00629	0.00635	0.01029	0.00419	0.00415
128	0.01788	0.01459	0.01680	0.09512	0.04781	0.01656	0.01200	0.20267	0.36212	0.02905	0.02201	0.02452	0.01734	0.05918	0.00868	0.00250	0.00646	0.02878	0.00604	0.00990
129	0.01278	0.00690	0.00766	0.00859	0.05553	0.00690	0.00575	0.01597	0.01415	0.02481	0.02127	0.02445	0.01676	0.00769	0.00482	0.00159	0.00345	0.00624	0.74814	0.00655
130	0.01802	0.06877	0.02621	0.03455	0.53829	0.13510	0.01855	0.02144	0.01563	0.02043	0.01191	0.01542	0.01011	0.00630	0.00687	0.00194	0.03169	0.00554	0.00330	0.00992
131	0.76666	0.03724	0.01089	0.00912	0.01331	0.03372	0.00754	0.01991	0.01168	0.02931	0.00937	0.01093	0.00734	0.00623	0.00421	0.00205	0.00543	0.00365	0.00409	0.00732
132	0.01586	0.01642	0.03156	0.05744	0.38468	0.01600	0.30746	0.02049	0.01546	0.02146	0.01487	0.01890	0.03434	0.00624	0.00723	0.00212	0.00927	0.00708	0.00344	0.00969
133	0.01616	0.01946	0.17345	0.02034	0.10659	0.01569	0.13249	0.08699	0.20268	0.02515	0.01773	0.02057	0.01382	0.00742	0.00680	0.00209	0.00783	0.03220	0.00466	0.08788
134	0.00830	0.00623	0.00769	0.00855	0.00960	0.00563	0.00595	0.00988	0.01435	0.01876	0.14060	0.47881	0.22338	0.01895	0.00831	0.00252	0.00366	0.01682	0.00639	0.00563
135	0.01345	0.00793	0.01054	0.00979	0.01114	0.00832	0.00707	0.01484	0.01181	0.13927	0.02044	0.03268	0.01965	0.34217	0.28555	0.00715	0.03927	0.00814	0.00459	0.00618
136	0.01468	0.01468	0.02055	0.01762	0.01762	0.02055	0.01468	0.01615	0.01028	0.01615	0.00881	0.01468	0.00881	0.01174	0.02202	0.00294	0.75191	0.00587	0.00294	0.00734
137	0.00975	0.00655	0.00755	0.00755	0.00763	0.00663	0.00435	0.00991	0.00983	0.01318	0.02093	0.04274	0.02389	0.71652	0.08113	0.00679	0.00727	0.00959	0.00403	0.00419
138	0.01081	0.00772	0.01081	0.01236	0.01390	0.00772	0.01081	0.01390	0.01545	0.02008	0.03553	0.07569	0.03862	0.01854	0.00927	0.00309	0.00618	0.67717	0.00618	0.00618
139	0.81159	0.01298	0.00986	0.00882	0.01298	0.01505	0.00727	0.01972	0.01142	0.03010	0.00934	0.01090	0.00727	0.00623	0.00415	0.00208	0.00519	0.00363	0.00415	0.00727
140	0.01383	0.00884	0.00908	0.00860	0.01087	0.00957	0.00657	0.02199	0.23497	0.02598	0.02361	0.02502	0.01824	0.00823	0.00537	0.00179	0.00382	0.00668	0.54930	0.00764
141	0.02551	0.01879	0.02014	0.01544	0.02081	0.02081	0.01275	0.69996	0.03155	0.04229	0.01611	0.01611	0.01141	0.00805	0.00671	0.00201	0.00738	0.00604	0.00671	0.01141
142	0.01660	0.01411	0.01498	0.01339	0.01711	0.01619	0.01043	0.06223	0.63669	0.02859	0.07170	0.02628	0.02288	0.00936	0.00689	0.00225	0.00526	0.00782	0.00686	0.01038
143	0.00976	0.00651	0.00732	0.00732	0.00732	0.00651	0.00407	0.00976	0.00976	0.01301	0.02114	0.04391	0.02439	0.76419	0.03415	0.00651	0.00651	0.00976	0.00407	0.00407
144	0.02591	0.01815	0.01974	0.01513	0.02049	0.01985	0.01250	0.64144	0.03047	0.10234	0.01702	0.01670	0.01187	0.00808	0.00672	0.00202	0.00724	0.00610	0.00685	0.01141
145	0.01365	0.03335	0.67305	0.01987	0.02953	0.01570	0.07981	0.02127	0.01430	0.02127	0.01217	0.01449	0.00864	0.00632	0.00650	0.00214	0.01003	0.00520	0.00288	0.00985
146	0.00959	0.00716	0.01065	0.01065	0.01180	0.00831	0.00822	0.01190	0.01074	0.01548	0.01809	0.02704	0.01707	0.07783	0.71049	0.01062	0.01753	0.00729	0.00361	0.00592
147	0.01669	0.01441	0.01517	0.01365	0.01745	0.01669	0.01062	0.03565	0.71021	0.02807	0.02731	0.02503	0.02048	0.00910	0.00683	0.00228	0.00531	0.00759	0.00683	0.01062
148	0.00950	0.00686	0.00897	0.00844	0.01002	0.00633	0.00633	0.01266	0.01899	0.02691	0.71879	0.05012	0.06331	0.01372	0.00791	0.00211	0.00317	0.01213	0.00739	0.00633
149	0.00945	0.00686	0.00890	0.00839	0.00999	0.00631	0.00629	0.01257	0.01888	0.02663	0.69855	0.05057	0.08372	0.01382	0.00791	0.00212	0.00317	0.01220	0.00735	0.00631
150	0.02576	0.01112	0.01458	0.01155	0.01615	0.00987	0.00934	0.06944	0.01874	0.53697	0.02586	0.10259	0.01891	0.00944	0.00676	0.00205	0.00548	0.00785	0.03393	0.06360
151	0.01596	0.43140	0.33174	0.01527	0.02283	0.02157	0.03878	0.02063	0.01393	0.01830	0.01062	0.01245	0.00861	0.00601	0.00530	0.00176	0.00848	0.00431	0.00287	0.00918
152	0.00798	0.00680	0.00686	0.00685	0.00909	0.00568	0.00514	0.00972	0.01541	0.01839	0.08754	0.06414	0.69988	0.01689	0.00793	0.00226	0.00339	0.01410	0.00627	0.00568
153	0.02566	0.01855	0.01998	0.01532	0.02069	0.02044	0.01266	0.67764	0.03113	0.06519	0.01646	0.01633	0.01158	0.00806	0.00671	0.00202	0.00733	0.00606	0.00677	0.01141
154	0.00839	0.00607	0.00793	0.00905	0.00974	0.00561	0.00618	0.00993	0.01404	0.01886	0.15558	0.59941	0.08526	0.01954	0.00842	0.00259	0.00374	0.01761	0.00643	0.00561
155	0.02046	0.00953	0.01165	0.00982	0.01324	0.00905	0.00781	0.02518	0.09675	0.33521	0.09121	0.02646	0.02173	0.00874	0.00615	0.00192	0.00452	0.00719	0.28433	0.00904
156	0.01661	0.01517	0.02560	0.03795	0.64959	0.01508	0.01926	0.02050	0.01567	0.04743	0.06027	0.01907	0.01436	0.00658	0.00673	0.00200	0.00757	0.00642	0.00377	0.01037
157	0.00879	0.00683	0.00798	0.00770	0.00959	0.00603	0.00577	0.01129	0.01732	0.02293	0.42386	0.05667	0.36072	0.01520	0.00792	0.00218	0.00327	0.01305	0.00686	0.00603
158	0.02298	0.29418	0.02441	0.01407	0.01885	0.26196	0.01188	0.11075	0.04106	0.12059	0.01355	0.01406	0.01049	0.00690	0.00562	0.00173	0.00859	0.00472	0.00445	0.00915
159	0.01480	0.10496	0.25902	0.01577	0.06759	0.03427	0.01524	0.04510	0.01498	0.02146	0.03589	0.01696	0.03835	0.00670	0.00628	0.00169	0.02888	0.00519	0.00368	0.26321
160	0.02019	0.01722	0.11053	0.04977	0.21474	0.03623	0.01532	0.10639	0.09039	0.19681	0.02099	0.02132	0.05384	0.00787	0.00672	0.00208	0.00722	0.00663	0.00541	0.01033
161	0.02946	0.01129	0.01532	0.01179	0.01690	0.00974	0.00972	0.03203	0.01909	0.70647	0.02767	0.02405	0.03695	0.00856	0.00678	0.00208	0.00564	0.00696	0.00824	0.01125
162	0.01405	0.04185	0.04028	0.01033	0.01642	0.00986	0.00869	0.01717	0.01391	0.02161	0.01183	0.01380	0.00984	0.00505	0.00499	0.00105	0.00523	0.00400	0.00389	0.74615
163	0.00837	0.00595	0.00785	0.00929	0.00969	0.00560	0.00621	0.00951	0.01270	0.01692	0.03579	0.68680	0.04275	0.07469	0.01044	0.00301	0.00415	0.03883	0.00607	0.00537

[dist]
# distance from previous block
# <min> <max>
0	3

[block]
# block no. 1 follows, 32 sequences, length 81
# corresponding to MSA columns:
# 408-472,486-501
name=unknown_B
#
# <colnr> <probs for GDERKNQSTAVLIFYWHMCP>
#	G	D	E	R	K	N	Q	S	T	A	V	L	I	F	Y	W	H	M	C	P
0	0.01757	0.40490	0.31508	0.01590	0.02307	0.04742	0.01753	0.02153	0.01478	0.01937	0.01191	0.01434	0.00994	0.00719	0.00642	0.00204	0.03312	0.00473	0.00338	0.00976
1	0.01636	0.01745	0.09111	0.03716	0.61045	0.01573	0.02022	0.04247	0.01584	0.02270	0.03760	0.01755	0.01232	0.00636	0.00667	0.00201	0.00796	0.00610	0.00353	0.01044
2	0.00918	0.00685	0.00853	0.00811	0.00983	0.00620	0.00608	0.01206	0.01825	0.02515	0.58857	0.05301	0.19463	0.01437	0.00792	0.00214	0.00321	0.01254	0.00716	0.00620
3	0.04747	0.00697	0.00689	0.00668	0.00849	0.00713	0.00508	0.03927	0.01456	0.02583	0.02115	0.02410	0.01657	0.00776	0.00474	0.00160	0.00336	0.00613	0.73975	0.00647
4	0.00818	0.00584	0.00779	0.00934	0.00973	0.00545	0.00623	0.00934	0.01285	0.01713	0.03698	0.75981	0.04438	0.02102	0.00856	0.00273	0.00389	0.01908	0.00623	0.00545
5	0.00818	0.00584	0.00779	0.00934	0.00973	0.00545	0.00623	0.00934	0.01285	0.01713	0.03698	0.75981	0.04438	0.02102	0.00856	0.00273	0.00389	0.01908	0.00623	0.00545
6	0.81159	0.01298	0.00986	0.00882	0.01298	0.01505	0.00727	0.01972	0.01142	0.03010	0.00934	0.01090	0.00727	0.00623	0.00415	0.00208	0.00519	0.00363	0.00415	0.00727
7	0.01251	0.00625	0.00625	0.00625	0.00782	0.00625	0.00469	0.01563	0.01407	0.02502	0.02189	0.02502	0.01720	0.00782	0.00469	0.00156	0.00313	0.00625	0.80144	0.00625
8	0.81159	0.01298	0.00986	0.00882	0.01298	0.01505	0.00727	0.01972	0.01142	0.03010	0.00934	0.01090	0.00727	0.00623	0.00415	0.00208	0.00519	0.00363	0.00415	0.00727
9	0.00878	0.00683	0.00797	0.00769	0.00958	0.00603	0.00577	0.01127	0.01730	0.02288	0.42029	0.05675	0.36432	0.01522	0.00792	0.00218	0.00327	0.01306	0.00686	0.00603
10	0.01809	0.01450	0.01613	0.01221	0.01771	0.01380	0.00986	0.24580	0.10280	0.02938	0.01515	0.01597	0.01168	0.00649	0.00577	0.00149	0.00581	0.00509	0.00522	0.44703
11	0.01669	0.01441	0.01517	0.01365	0.01745	0.01669	0.01062	0.03565	0.71021	0.02807	0.02731	0.02503	0.02048	0.00910	0.00683	0.00228	0.00531	0.00759	0.00683	0.01062
12	0.81159	0.01298	0.00986	0.00882	0.01298	0.01505	0.00727	0.01972	0.01142	0.03010	0.00934	0.01090	0.00727	0.00623	0.00415	0.00208	0.00519	0.00363	0.00415	0.00727
13	0.00970	0.00724	0.01079	0.01093	0.01216	0.00833	0.00861	0.01216	0.01121	0.01599	0.01959	0.03091	0.01879	0.04739	0.67044	0.01007	0.01689	0.06897	0.00383	0.00601
14	0.81159	0.01298	0.00986	0.00882	0.01298	0.01505	0.00727	0.01972	0.01142	0.03010	0.00934	0.01090	0.00727	0.00623	0.00415	0.00208	0.00519	0.00363	0.00415	0.00727
15	0.03010	0.01142	0.01557	0.01194	0.01713	0.00986	0.00986	0.03270	0.01920	0.72698	0.02647	0.02284	0.01661	0.00830	0.00675	0.00208	0.00571	0.00675	0.00830	0.01142
16	0.02587	0.01048	0.01422	0.01122	0.01567	0.00914	0.00914	0.02858	0.01916	0.58316	0.16869	0.02844	0.02620	0.00942	0.00699	0.00208	0.00519	0.00785	0.00812	0.01037
17	0.00880	0.00661	0.00937	0.01020	0.01112	0.00619	0.03415	0.01049	0.01374	0.01830	0.08472	0.58776	0.07297	0.01950	0.00853	0.00268	0.00433	0.07862	0.00619	0.00573
18	0.02506	0.03198	0.01901	0.01729	0.02074	0.73725	0.01296	0.02679	0.01901	0.01642	0.01037	0.01210	0.00864	0.00691	0.00605	0.00173	0.01210	0.00432	0.00346	0.00778
19	0.01669	0.01441	0.01517	0.01365	0.01745	0.01669	0.01062	0.03565	0.71021	0.02807	0.02731	0.02503	0.02048	0.00910	0.00683	0.00228	0.00531	0.00759	0.00683	0.01062
20	0.03010	0.01142	0.01557	0.01194	0.01713	0.00986	0.00986	0.03270	0.01920	0.72698	0.02647	0.02284	0.01661	0.00830	0.00675	0.00208	0.00571	0.00675	0.00830	0.01142
21	0.08080	0.01590	0.02637	0.03718	0.60764	0.01605	0.05851	0.03783	0.01541	0.02307	0.01250	0.01622	0.01035	0.00603	0.00652	0.00202	0.00793	0.00590	0.00348	0.01029
22	0.00950	0.00686	0.00897	0.00844	0.01002	0.00633	0.00633	0.01266	0.01899	0.02691	0.71879	0.05012	0.06331	0.01372	0.00791	0.00211	0.00317	0.01213	0.00739	0.00633
23	0.01408	0.07073	0.60773	0.02060	0.09202	0.01622	0.02330	0.02154	0.03437	0.02122	0.01239	0.01453	0.00905	0.00638	0.00630	0.00208	0.00946	0.00506	0.00300	0.00993
24	0.01701	0.01680	0.13851	0.01314	0.03895	0.03473	0.01183	0.04378	0.01553	0.12400	0.01416	0.01534	0.01068	0.00589	0.00561	0.00143	0.00633	0.00468	0.00446	0.47714
25	0.78462	0.01363	0.01018	0.00911	0.01324	0.03981	0.00746	0.01997	0.01168	0.02964	0.00938	0.01094	0.00731	0.00625	0.00422	0.00206	0.00543	0.00366	0.00413	0.00728
26	0.02451	0.08775	0.02135	0.01501	0.02036	0.02120	0.01256	0.61471	0.05295	0.03936	0.01586	0.01592	0.01146	0.00788	0.00649	0.00197	0.00729	0.00587	0.00636	0.01113
27	0.01998	0.01668	0.01618	0.01378	0.01781	0.10491	0.01087	0.21529	0.31155	0.07048	0.07951	0.02457	0.04993	0.00921	0.00683	0.00211	0.00649	0.00736	0.00649	0.00998
28	0.01188	0.00638	0.00682	0.00671	0.00828	0.00627	0.00503	0.01502	0.01510	0.02541	0.16686	0.03024	0.02679	0.00904	0.00536	0.00168	0.00313	0.00748	0.63626	0.00627
29	0.08951	0.01154	0.01514	0.01170	0.01681	0.01026	0.00966	0.03171	0.01861	0.67401	0.02517	0.02193	0.01590	0.00815	0.00655	0.00208	0.00567	0.00651	0.00799	0.01110
30	0.00834	0.00681	0.00737	0.00723	0.00932	0.00584	0.00542	0.01042	0.01626	0.02043	0.23858	0.06079	0.54757	0.01613	0.00793	0.00223	0.00334	0.01363	0.00653	0.00584
31	0.01123	0.00598	0.00842	0.00842	0.00842	0.00598	0.00543	0.00897	0.00897	0.01196	0.01379	0.02568	0.01452	0.18971	0.02800	0.62549	0.00598	0.00671	0.00317	0.00317
32	0.81159	0.01298	0.00986	0.00882	0.01298	0.01505	0.00727	0.01972	0.01142	0.03010	0.00934	0.01090	0.00727	0.00623	0.00415	0.00208	0.00519	0.00363	0.00415	0.00727
33	0.00818	0.00584	0.00779	0.00934	0.00973	0.00545	0.00623	0.00934	0.01285	0.01713	0.03698	0.75981	0.04438	0.02102	0.00856	0.00273	0.00389	0.01908	0.00623	0.00545
34	0.81159	0.01298	0.00986	0.00882	0.01298	0.01505	0.00727	0.01972	0.01142	0.03010	0.00934	0.01090	0.00727	0.00623	0.00415	0.00208	0.00519	0.00363	0.00415	0.00727
35	0.10217	0.01156	0.01504	0.01165	0.01675	0.01034	0.00962	0.03150	0.01849	0.66272	0.02489	0.02174	0.01575	0.00811	0.00651	0.00208	0.00566	0.00646	0.00792	0.01104
36	0.00935	0.00685	0.00877	0.00829	0.00994	0.00627	0.00622	0.01238	0.01865	0.02610	0.65878	0.05145	0.12383	0.01402	0.00792	0.00212	0.00319	0.01232	0.00728	0.00627
37	0.81159	0.01298	0.00986	0.00882	0.01298	0.01505	0.00727	0.01972	0.01142	0.03010	0.00934	0.01090	0.00727	0.00623	0.00415	0.00208	0.00519	0.00363	0.00415	0.00727
38	0.00826	0.00590	0.00789	0.00944	0.00987	0.00552	0.00638	0.00949	0.01293	0.01723	0.03693	0.73736	0.04419	0.02094	0.00859	0.00274	0.00397	0.04067	0.00623	0.00547
39	0.02968	0.01210	0.01599	0.01226	0.01747	0.01087	0.01013	0.09423	0.02034	0.66384	0.02552	0.02222	0.01613	0.00828	0.00674	0.00207	0.00586	0.00668	0.00816	0.01142
40	0.01469	0.00882	0.01116	0.00987	0.01249	0.00847	0.00764	0.01989	0.11337	0.16999	0.48308	0.04113	0.04793	0.01198	0.00753	0.00213	0.00398	0.01041	0.00750	0.00796
41	0.10109	0.01021	0.01253	0.01020	0.01438	0.00917	0.00826	0.02475	0.01749	0.44840	0.07472	0.03318	0.18599	0.01048	0.00684	0.00212	0.00496	0.00852	0.00735	0.00934
42	0.01083	0.00697	0.00909	0.00982	0.01103	0.00662	0.00731	0.01251	0.01373	0.07448	0.03585	0.34720	0.09936	0.12180	0.03575	0.00350	0.00537	0.17682	0.00600	0.00596
43	0.81159	0.01298	0.00986	0.00882	0.01298	0.01505	0.00727	0.01972	0.01142	0.03010	0.00934	0.01090	0.00727	0.00623	0.00415	0.00208	0.00519	0.00363	0.00415	0.00727
44	0.01413	0.00673	0.00711	0.00678	0.00868	0.00659	0.00517	0.01721	0.01454	0.08975	0.02231	0.02481	0.01714	0.00786	0.00488	0.00161	0.00337	0.00630	0.72830	0.00673
45	0.01620	0.01553	0.02651	0.11338	0.65328	0.01584	0.02039	0.02024	0.01509	0.02143	0.01255	0.01674	0.01046	0.00605	0.00665	0.00202	0.00807	0.00598	0.00329	0.01030
46	0.02001	0.07401	0.03793	0.02129	0.23949	0.01349	0.01368	0.02478	0.08295	0.25052	0.06752	0.02658	0.01939	0.00870	0.00683	0.00211	0.00648	0.06847	0.00576	0.01001
47	0.02888	0.01173	0.01559	0.01209	0.01709	0.01048	0.00992	0.08022	0.01984	0.64836	0.02615	0.05234	0.01736	0.00880	0.00682	0.00210	0.00576	0.00720	0.00810	0.01118
48	0.67427	0.01349	0.01286	0.01441	0.13550	0.01521	0.00957	0.01987	0.01209	0.02869	0.00991	0.01189	0.00785	0.00619	0.00458	0.00206	0.00567	0.00404	0.00401	0.00785
49	0.03010	0.01142	0.01557	0.01194	0.01713	0.00986	0.00986	0.03270	0.01920	0.72698	0.02647	0.02284	0.01661	0.00830	0.00675	0.00208	0.00571	0.00675	0.00830	0.01142
50	0.11439	0.01756	0.02010	0.02075	0.18888	0.05422	0.01378	0.35449	0.07587	0.05209	0.01532	0.01628	0.01143	0.00737	0.00637	0.00202	0.00730	0.00580	0.00548	0.01050
51	0.01399	0.01332	0.02233	0.50072	0.18344	0.01538	0.05770	0.01960	0.07005	0.01927	0.01340	0.01821	0.01029	0.00669	0.00677	0.00219	0.00859	0.00621	0.00339	0.00846
52	0.00800	0.00680	0.00689	0.00687	0.00910	0.00569	0.00515	0.00976	0.01545	0.01851	0.09608	0.06395	0.69126	0.01685	0.00793	0.00226	0.00339	0.01407	0.00628	0.00569
53	0.00822	0.00685	0.00743	0.00741	0.00951	0.00607	0.00560	0.01006	0.01479	0.01807	0.08305	0.05871	0.59857	0.02156	0.11045	0.00346	0.00544	0.01311	0.00590	0.00573
54	0.78594	0.01293	0.01005	0.00893	0.01311	0.01488	0.00735	0.02015	0.01167	0.05297	0.00990	0.01129	0.00757	0.00630	0.00424	0.00208	0.00521	0.00374	0.00429	0.00740
55	0.00843	0.00682	0.00750	0.00733	0.00937	0.00588	0.00549	0.01061	0.01648	0.02095	0.27749	0.05992	0.50833	0.01594	0.00792	0.00222	0.00332	0.01351	0.00660	0.00588
56	0.01794	0.76823	0.03516	0.01148	0.01722	0.02655	0.01148	0.02009	0.01363	0.01579	0.00933	0.01076	0.00861	0.00574	0.00431	0.00144	0.00718	0.00359	0.00287	0.00861
57	0.00871	0.00710	0.00776	0.00783	0.00979	0.00637	0.00577	0.01154	0.05568	0.01985	0.15760	0.16628	0.47855	0.01666	0.00796	0.00231	0.00355	0.01423	0.00644	0.00602
58	0.02506	0.03198	0.01901	0.01729	0.02074	0.73725	0.01296	0.02679	0.01901	0.01642	0.01037	0.01210	0.00864	0.00691	0.00605	0.00173	0.01210	0.00432	0.00346	0.00778
59	0.01566	0.01462	0.07194	0.01152	0.01733	0.02832	0.00994	0.04361	0.09578	0.06381	0.01597	0.01695	0.02793	0.00619	0.00555	0.00138	0.00567	0.00495	0.00460	0.53830
60	0.02273	0.22926	0.10451	0.01435	0.02014	0.08498	0.01332	0.26297	0.02142	0.14212	0.01493	0.01514	0.01090	0.00716	0.00595	0.00185	0.00777	0.00519	0.00516	0.01013
61	0.01661	0.01594	0.02724	0.04119	0.72233	0.01594	0.02059	0.02059	0.01528	0.02192	0.01262	0.01661	0.01063	0.00598	0.00664	0.00199	0.00797	0.00598	0.00332	0.01063
62	0.00965	0.00655	0.00776	0.00785	0.00801	0.00667	0.00471	0.01000	0.01006	0.01355	0.02168	0.08324	0.02464	0.63606	0.11656	0.00680	0.00772	0.00999	0.00413	0.00438
63	0.01440	0.09921	0.54792	0.02211	0.14394	0.01665	0.02286	0.02103	0.01430	0.02086	0.01189	0.01426	0.00887	0.00625	0.00623	0.00204	0.00934	0.00500	0.00292	0.00992
64	0.03695	0.00946	0.01370	0.01473	0.10264	0.00921	0.06674	0.01503	0.07308	0.02156	0.17201	0.26501	0.14480	0.01424	0.00775	0.00234	0.00497	0.01285	0.00584	0.00711
65	0.09995	0.01156	0.01506	0.01166	0.01676	0.01033	0.00963	0.03154	0.01851	0.66469	0.02494	0.02177	0.01577	0.00812	0.00652	0.00208	0.00566	0.00647	0.00793	0.01105
66	0.01589	0.01767	0.10519	0.10390	0.58238	0.01581	0.02088	0.02035	0.01498	0.02141	0.01249	0.01645	0.01023	0.00609	0.00662	0.00203	0.00828	0.00586	0.00324	0.01026
67	0.01692	0.01500	0.03938	0.07609	0.32959	0.03131	0.07673	0.07532	0.05016	0.07854	0.01904	0.11226	0.03211	0.00868	0.00704	0.00215	0.00750	0.00807	0.00457	0.00955
68	0.00952	0.00641	0.00739	0.00762	0.00768	0.00635	0.00439	0.00970	0.01022	0.01363	0.02352	0.15134	0.02739	0.65266	0.03031	0.00594	0.00611	0.01116	0.00439	0.00427
69	0.81159	0.01298	0.00986	0.00882	0.01298	0.01505	0.00727	0.01972	0.01142	0.03010	0.00934	0.01090	0.00727	0.00623	0.00415	0.00208	0.00519	0.00363	0.00415	0.00727
70	0.01559	0.00759	0.00915	0.00829	0.01044	0.00711	0.00620	0.01807	0.01546	0.19063	0.13837	0.07365	0.02717	0.11033	0.00986	0.00250	0.00424	0.00855	0.32962	0.00716
71	0.01752	0.01616	0.01555	0.01402	0.01778	0.08843	0.01085	0.03477	0.64139	0.02691	0.02562	0.02375	0.01930	0.00889	0.00675	0.00222	0.00599	0.00726	0.00649	0.01034
72	0.01556	0.26355	0.47092	0.01652	0.02486	0.01932	0.01993	0.06016	0.01501	0.02076	0.01143	0.01321	0.00870	0.00627	0.00575	0.00190	0.00891	0.00459	0.00307	0.00959
73	0.00975	0.00641	0.00730	0.00749	0.00764	0.00636	0.00436	0.01009	0.01041	0.01429	0.02307	0.12761	0.02629	0.62632	0.02918	0.00573	0.00597	0.01063	0.05670	0.00437
74	0.00878	0.00677	0.00802	0.00784	0.00962	0.00601	0.00583	0.01124	0.01712	0.02277	0.41461	0.09979	0.32640	0.01549	0.00796	0.00221	0.00330	0.01338	0.00685	0.00601
75	0.02506	0.03198	0.01901	0.01729	0.02074	0.73725	0.01296	0.02679	0.01901	0.01642	0.01037	0.01210	0.00864	0.00691	0.00605	0.00173	0.01210	0.00432	0.00346	0.00778
76	0.01391	0.01193	0.01391	0.00994	0.01590	0.00894	0.00795	0.01690	0.01391	0.02186	0.01193	0.01391	0.00994	0.00497	0.00497	0.00099	0.00497	0.00398	0.00398	0.80521
