[name]
unknown

[dist]
# distance from previous block
# <min> <max>
5	18

[block]
# block no. 0 follows, 27 sequences, length 10
# corresponding to MSA columns:
# 18-27
name=unknown_A
#
# <colnr> <probs for GDERKNQSTAVLIFYWHMCP>
#	G	D	E	R	K	N	Q	S	T	A	V	L	I	F	Y	W	H	M	C	P
0	0.04429	0.09149	0.12504	0.05051	0.08985	0.12755	0.01572	0.08952	0.10039	0.04095	0.08009	0.05310	0.01929	0.00932	0.00765	0.00226	0.03060	0.00734	0.00511	0.00994
1	0.13810	0.01312	0.01614	0.11767	0.14224	0.04496	0.01234	0.01938	0.03737	0.02546	0.11585	0.07553	0.05350	0.00999	0.00694	0.00221	0.00648	0.00842	0.08733	0.06698
2	0.01815	0.01762	0.06755	0.13343	0.02652	0.09060	0.10675	0.09033	0.05272	0.07959	0.06723	0.07322	0.09831	0.03406	0.00887	0.00255	0.00850	0.00933	0.00553	0.00916
3	0.01625	0.01447	0.05283	0.14115	0.11994	0.01291	0.01395	0.06808	0.01766	0.05547	0.07888	0.09299	0.02050	0.00916	0.00711	0.00201	0.00696	0.00797	0.00508	0.25663
4	0.03988	0.01539	0.08255	0.01601	0.06060	0.03833	0.04800	0.07974	0.07672	0.02451	0.05827	0.16973	0.02522	0.09941	0.06181	0.00361	0.00810	0.01033	0.00543	0.07636
5	0.01108	0.00886	0.00948	0.00898	0.01160	0.00812	0.00681	0.08078	0.01916	0.02407	0.14625	0.11368	0.48914	0.01762	0.00868	0.00249	0.00424	0.01483	0.00712	0.00702
6	0.02132	0.01611	0.02057	0.08170	0.05391	0.07030	0.07414	0.07285	0.01880	0.17253	0.01799	0.04047	0.01374	0.00758	0.00687	0.00188	0.00771	0.00650	0.00551	0.28953
7	0.69464	0.01409	0.01157	0.01034	0.01436	0.01655	0.00841	0.02094	0.01244	0.03119	0.01102	0.01438	0.00921	0.04800	0.00780	0.00264	0.05551	0.00457	0.00450	0.00785
8	0.01847	0.01433	0.01543	0.01372	0.01759	0.01607	0.01070	0.07350	0.47558	0.06139	0.09276	0.02967	0.02606	0.01031	0.00741	0.00239	0.00555	0.00858	0.08963	0.01087
9	0.01507	0.01407	0.02333	0.30443	0.32552	0.01524	0.01916	0.01920	0.01581	0.02135	0.02040	0.09821	0.05796	0.00947	0.00769	0.00242	0.00844	0.00872	0.00407	0.00943

[dist]
# distance from previous block
# <min> <max>
0	2

[block]
# block no. 1 follows, 27 sequences, length 6
# corresponding to MSA columns:
# 30-35
name=unknown_B
#
# <colnr> <probs for GDERKNQSTAVLIFYWHMCP>
#	G	D	E	R	K	N	Q	S	T	A	V	L	I	F	Y	W	H	M	C	P
0	0.01217	0.00983	0.01130	0.01020	0.01342	0.00872	0.00766	0.04179	0.06107	0.02371	0.11081	0.21407	0.21811	0.01510	0.00796	0.00224	0.00464	0.01301	0.00645	0.20773
1	0.01839	0.01757	0.02912	0.13913	0.22640	0.01948	0.15276	0.10814	0.01797	0.02502	0.01370	0.01842	0.01106	0.00831	0.01122	0.00253	0.15946	0.00704	0.00405	0.01020
2	0.02487	0.02841	0.02107	0.02062	0.08580	0.44353	0.01457	0.07808	0.16421	0.02364	0.01624	0.01729	0.01283	0.00817	0.00700	0.00209	0.01094	0.00588	0.00488	0.00988
3	0.20576	0.01892	0.01712	0.01418	0.01900	0.15717	0.01133	0.15043	0.02122	0.24589	0.01823	0.01822	0.01280	0.00914	0.00774	0.04229	0.00799	0.00592	0.00639	0.01026
4	0.01576	0.01737	0.03649	0.02670	0.03298	0.01619	0.53091	0.02106	0.01714	0.02291	0.02407	0.09357	0.08913	0.00925	0.00883	0.00255	0.01078	0.01069	0.00440	0.00922
5	0.01553	0.01233	0.07726	0.01174	0.01550	0.00939	0.00994	0.05248	0.01794	0.13732	0.10846	0.25328	0.13455	0.01506	0.00817	0.00243	0.00544	0.01304	0.00682	0.09332

[dist]
# distance from previous block
# <min> <max>
0	1

[block]
# block no. 2 follows, 27 sequences, length 12
# corresponding to MSA columns:
# 37-48
name=unknown_C
#
# <colnr> <probs for GDERKNQSTAVLIFYWHMCP>
#	G	D	E	R	K	N	Q	S	T	A	V	L	I	F	Y	W	H	M	C	P
0	0.01239	0.00984	0.01141	0.01071	0.01319	0.01002	0.00811	0.02038	0.20207	0.02821	0.38748	0.07998	0.14781	0.01466	0.00846	0.00244	0.00423	0.01270	0.00776	0.00816
1	0.02749	0.02043	0.02187	0.01693	0.02274	0.02268	0.01393	0.62113	0.08300	0.04561	0.01875	0.01856	0.01337	0.00900	0.00744	0.00225	0.00800	0.00681	0.00744	0.01256
2	0.02412	0.01850	0.01981	0.01610	0.02119	0.02067	0.01298	0.43524	0.23581	0.04034	0.02296	0.05986	0.01775	0.01006	0.00758	0.00236	0.00724	0.00800	0.00744	0.01199
3	0.79154	0.01436	0.01091	0.00976	0.01436	0.01665	0.00804	0.02182	0.01263	0.03331	0.01034	0.01206	0.00804	0.00689	0.00459	0.00230	0.00574	0.00402	0.00459	0.00804
4	0.01859	0.01841	0.01448	0.01295	0.01636	0.23440	0.00992	0.10436	0.02129	0.05074	0.12324	0.04194	0.27778	0.01309	0.00788	0.00225	0.00750	0.01039	0.00623	0.00819
5	0.01618	0.06199	0.06258	0.01233	0.01836	0.01271	0.01068	0.06711	0.01665	0.02499	0.01538	0.06008	0.01353	0.00738	0.00657	0.00151	0.03065	0.00581	0.03464	0.52087
6	0.02641	0.01928	0.02100	0.01637	0.02172	0.02133	0.01340	0.59541	0.03222	0.04325	0.01762	0.01867	0.01293	0.01224	0.04322	0.05078	0.00864	0.00673	0.00700	0.01175
7	0.00945	0.00663	0.00849	0.00981	0.01014	0.00630	0.00633	0.01044	0.01341	0.01788	0.03681	0.57370	0.04392	0.19088	0.01610	0.00399	0.00498	0.01869	0.00633	0.00567
8	0.02088	0.65072	0.03656	0.01354	0.01956	0.11852	0.01292	0.02320	0.01586	0.01756	0.01047	0.01210	0.00953	0.00652	0.00502	0.00163	0.00865	0.00408	0.00326	0.00941
9	0.01670	0.01501	0.01790	0.01551	0.01741	0.06162	0.03158	0.09811	0.08269	0.02362	0.08901	0.04881	0.02223	0.12852	0.05924	0.00397	0.24607	0.00860	0.00511	0.00828
10	0.01110	0.00816	0.00940	0.00909	0.01122	0.00750	0.00675	0.01441	0.05331	0.04904	0.26022	0.08262	0.32003	0.08912	0.01163	0.00296	0.00435	0.03503	0.00718	0.00687
11	0.00929	0.00715	0.00816	0.00865	0.01010	0.00638	0.00601	0.01088	0.01564	0.01986	0.11435	0.27579	0.34293	0.11509	0.01283	0.00327	0.00436	0.01653	0.00669	0.00603

[dist]
# distance from previous block
# <min> <max>
0	26

[block]
# block no. 3 follows, 27 sequences, length 13
# corresponding to MSA columns:
# 75-86,106
name=unknown_D
#
# <colnr> <probs for GDERKNQSTAVLIFYWHMCP>
#	G	D	E	R	K	N	Q	S	T	A	V	L	I	F	Y	W	H	M	C	P
0	0.66767	0.01653	0.01261	0.04979	0.01729	0.09029	0.00940	0.02250	0.01365	0.03091	0.01061	0.01263	0.00830	0.00700	0.00497	0.00227	0.00678	0.00424	0.00444	0.00811
1	0.67475	0.01396	0.01152	0.01032	0.01462	0.01615	0.00844	0.04949	0.01354	0.03219	0.01168	0.01413	0.00936	0.01217	0.07969	0.00332	0.00735	0.00456	0.00465	0.00809
2	0.79154	0.01436	0.01091	0.00976	0.01436	0.01665	0.00804	0.02182	0.01263	0.03331	0.01034	0.01206	0.00804	0.00689	0.00459	0.00230	0.00574	0.00402	0.00459	0.00804
3	0.00917	0.00665	0.00844	0.00981	0.01045	0.00616	0.00653	0.01041	0.01423	0.01868	0.04342	0.59605	0.12268	0.08545	0.01187	0.00332	0.00450	0.01956	0.00668	0.00592
4	0.01612	0.01666	0.11043	0.01250	0.01967	0.01096	0.01147	0.02013	0.01569	0.05393	0.01393	0.01587	0.01110	0.00588	0.00580	0.00133	0.00629	0.00468	0.00444	0.64313
5	0.01039	0.00796	0.00933	0.00940	0.01132	0.00731	0.00695	0.04418	0.01828	0.02389	0.23429	0.23036	0.30263	0.01847	0.00892	0.00260	0.00414	0.03555	0.00728	0.00675
6	0.68570	0.01727	0.01231	0.01106	0.01555	0.11263	0.00891	0.02291	0.01380	0.03121	0.01049	0.01224	0.00825	0.00700	0.00489	0.00224	0.00680	0.00413	0.00449	0.00812
7	0.02665	0.01888	0.02055	0.01624	0.02179	0.02075	0.01326	0.46501	0.17274	0.11262	0.02172	0.02075	0.01541	0.00919	0.00746	0.00230	0.00748	0.00714	0.00764	0.01244
8	0.00908	0.00727	0.00812	0.00846	0.01036	0.00631	0.00614	0.01104	0.01683	0.02114	0.15229	0.23138	0.44671	0.01939	0.00894	0.00261	0.00386	0.01669	0.00707	0.00631
9	0.01198	0.00839	0.00910	0.00894	0.01073	0.00823	0.00640	0.04188	0.06140	0.02268	0.07246	0.11133	0.21791	0.18006	0.01458	0.00346	0.00492	0.02806	0.17082	0.00667
10	0.05231	0.00748	0.00917	0.00992	0.01128	0.00707	0.00699	0.01352	0.01540	0.06593	0.08632	0.49174	0.09112	0.01932	0.00862	0.00273	0.00434	0.01715	0.07284	0.00673
11	0.00918	0.00736	0.00791	0.00808	0.01020	0.00634	0.00594	0.01122	0.01697	0.02126	0.13757	0.15686	0.51097	0.01863	0.00874	0.00253	0.00379	0.01584	0.03425	0.00634
12	0.16338	0.03380	0.56877	0.01898	0.02873	0.01713	0.02372	0.02319	0.01509	0.02538	0.01275	0.01498	0.00914	0.00702	0.00658	0.00234	0.00997	0.00521	0.00341	0.01041

[dist]
# distance from previous block
# <min> <max>
0	1

[block]
# block no. 4 follows, 27 sequences, length 52
# corresponding to MSA columns:
# 108-144,154-168
name=unknown_E
#
# <colnr> <probs for GDERKNQSTAVLIFYWHMCP>
#	G	D	E	R	K	N	Q	S	T	A	V	L	I	F	Y	W	H	M	C	P
0	0.01963	0.71194	0.06858	0.01308	0.01964	0.02883	0.01336	0.02229	0.01511	0.01774	0.01046	0.01208	0.00952	0.00638	0.00487	0.00162	0.00808	0.00404	0.00317	0.00959
1	0.01675	0.05321	0.02350	0.14547	0.26695	0.01521	0.05287	0.02174	0.05761	0.07064	0.10273	0.05544	0.06693	0.00962	0.00767	0.00233	0.00765	0.00876	0.00510	0.00983
2	0.01164	0.00855	0.01131	0.01111	0.01212	0.00949	0.00803	0.04776	0.01308	0.01819	0.02302	0.11919	0.02420	0.25897	0.35368	0.00854	0.03988	0.01030	0.00465	0.00628
3	0.50972	0.06161	0.01526	0.01184	0.01636	0.03773	0.04421	0.02225	0.01492	0.08002	0.07175	0.02114	0.01634	0.00847	0.00578	0.00231	0.00640	0.04024	0.00520	0.00845
4	0.01876	0.01616	0.01683	0.01717	0.08897	0.10685	0.01195	0.08793	0.19462	0.06448	0.08908	0.05343	0.06321	0.07243	0.01039	0.00283	0.00725	0.06171	0.00641	0.00955
5	0.01128	0.00888	0.01296	0.01257	0.01366	0.01073	0.00979	0.01364	0.01179	0.01712	0.01892	0.02891	0.01807	0.09519	0.58503	0.01060	0.10231	0.00797	0.00392	0.00667
6	0.11897	0.01698	0.01891	0.01479	0.02041	0.01787	0.01217	0.34134	0.06249	0.26785	0.02155	0.02024	0.01460	0.00883	0.00711	0.00228	0.00712	0.00673	0.00771	0.01204
7	0.01738	0.13395	0.06728	0.18785	0.38357	0.01941	0.02074	0.02173	0.01591	0.02174	0.01304	0.01743	0.01079	0.00698	0.00749	0.00221	0.03246	0.00612	0.00347	0.01046
8	0.01161	0.00782	0.00942	0.00910	0.01121	0.00694	0.00673	0.01403	0.01822	0.08041	0.29712	0.15316	0.28354	0.04488	0.00987	0.00267	0.00409	0.01470	0.00748	0.00698
9	0.00997	0.00722	0.00946	0.01085	0.01185	0.00685	0.00806	0.01191	0.01529	0.02005	0.06218	0.43263	0.10740	0.06027	0.01113	0.00328	0.00509	0.19350	0.00679	0.00622
10	0.05832	0.01162	0.01411	0.01288	0.01580	0.01203	0.03065	0.10165	0.13834	0.10261	0.07317	0.31019	0.03351	0.03812	0.00921	0.00278	0.00568	0.01334	0.00712	0.00888
11	0.01826	0.04289	0.02938	0.06906	0.60617	0.01805	0.02172	0.02355	0.05404	0.02419	0.01472	0.01873	0.01222	0.00683	0.00727	0.00221	0.00866	0.00662	0.00386	0.01154
12	0.01106	0.00871	0.01277	0.01260	0.01368	0.01042	0.00979	0.01345	0.01211	0.01749	0.02100	0.10271	0.02083	0.04752	0.55957	0.01002	0.09613	0.00919	0.00421	0.00673
13	0.01069	0.00720	0.00834	0.00844	0.00854	0.00725	0.00490	0.01091	0.01105	0.01481	0.02418	0.08608	0.02776	0.66036	0.07400	0.00723	0.00775	0.01122	0.00460	0.00470
14	0.00962	0.00715	0.00906	0.01015	0.01139	0.00660	0.00745	0.01163	0.01602	0.02091	0.11967	0.40963	0.19005	0.02095	0.00937	0.00289	0.00451	0.11961	0.00702	0.00632
15	0.03331	0.01263	0.01723	0.01321	0.01895	0.01091	0.01091	0.03618	0.02125	0.69794	0.02929	0.02527	0.01838	0.00919	0.00747	0.00230	0.00632	0.00747	0.00919	0.01263
16	0.01542	0.11338	0.63028	0.02026	0.03074	0.01853	0.02586	0.02337	0.01561	0.02287	0.01300	0.01527	0.00942	0.00698	0.00681	0.00227	0.01065	0.00532	0.00314	0.01082
17	0.74967	0.01471	0.01153	0.01016	0.01483	0.01700	0.00837	0.05727	0.01386	0.03405	0.01075	0.01238	0.00829	0.00700	0.00475	0.00229	0.00588	0.00417	0.00475	0.00829
18	0.01193	0.00929	0.04035	0.00938	0.01195	0.00750	0.00745	0.01454	0.01791	0.07993	0.27370	0.07689	0.29946	0.09294	0.01169	0.00294	0.00459	0.01339	0.00710	0.00707
19	0.01364	0.00902	0.01174	0.01077	0.01281	0.00897	0.00828	0.01638	0.01868	0.11174	0.37297	0.12573	0.14187	0.01559	0.01033	0.00253	0.08076	0.01310	0.00746	0.00763
20	0.02361	0.02185	0.01951	0.01643	0.02047	0.20083	0.01305	0.27569	0.09938	0.03178	0.03896	0.02102	0.03513	0.00961	0.00897	0.00226	0.08496	0.00684	0.05941	0.01024
21	0.18567	0.02257	0.08582	0.02380	0.20156	0.14040	0.01636	0.16520	0.02068	0.05083	0.01402	0.01600	0.01076	0.00748	0.00664	0.00219	0.00896	0.00568	0.00483	0.01056
22	0.01680	0.05638	0.02958	0.02247	0.02494	0.02197	0.20015	0.01978	0.01331	0.01952	0.01127	0.01708	0.01016	0.01073	0.01889	0.00295	0.48490	0.00700	0.00339	0.00873
23	0.04250	0.01643	0.05535	0.01545	0.03825	0.01612	0.01262	0.15918	0.06877	0.05234	0.01634	0.01987	0.01341	0.05049	0.04888	0.00289	0.12447	0.00629	0.00517	0.23517
24	0.01170	0.00980	0.01034	0.01052	0.01240	0.04737	0.00762	0.04342	0.06045	0.02276	0.13746	0.33726	0.22395	0.01852	0.00881	0.00265	0.00483	0.01613	0.00697	0.00704
25	0.01131	0.00729	0.00904	0.00942	0.01009	0.00706	0.00609	0.01226	0.01321	0.05393	0.05624	0.29266	0.05495	0.35765	0.06093	0.00538	0.00657	0.01439	0.00579	0.00575
26	0.00957	0.00709	0.00867	0.00919	0.01041	0.00647	0.00639	0.01146	0.01633	0.02168	0.22459	0.32572	0.19687	0.09615	0.01213	0.00316	0.00427	0.01668	0.00699	0.00619
27	0.16317	0.01293	0.01615	0.01262	0.01816	0.01189	0.01042	0.03372	0.01977	0.58410	0.02604	0.02301	0.01661	0.00879	0.00697	0.00230	0.00622	0.00688	0.00840	0.01185
28	0.02660	0.05890	0.02237	0.01640	0.02216	0.02253	0.01361	0.58053	0.06207	0.04350	0.02013	0.01996	0.03828	0.00920	0.00734	0.00222	0.00789	0.00695	0.00718	0.01218
29	0.01464	0.01251	0.02246	0.11248	0.08376	0.01243	0.18483	0.01821	0.01574	0.06606	0.02544	0.25358	0.02590	0.04118	0.04912	0.00335	0.00881	0.03595	0.00521	0.00833
30	0.06362	0.59320	0.08140	0.01360	0.02002	0.06443	0.01359	0.04275	0.01592	0.01972	0.01082	0.01244	0.00953	0.00658	0.00510	0.00172	0.00833	0.00420	0.00342	0.00959
31	0.02024	0.18683	0.11977	0.01520	0.02082	0.09476	0.01405	0.13696	0.14143	0.04682	0.04213	0.02355	0.05940	0.03700	0.00800	0.00233	0.00814	0.00697	0.00541	0.01019
32	0.01855	0.22136	0.13432	0.06074	0.11329	0.10276	0.07800	0.04309	0.05291	0.02185	0.01678	0.05768	0.03140	0.00826	0.00682	0.00214	0.00930	0.00685	0.00405	0.00984
33	0.04676	0.01392	0.01580	0.01198	0.01786	0.01228	0.00962	0.09596	0.07607	0.09082	0.01896	0.01974	0.03520	0.00721	0.00615	0.00157	0.00580	0.00572	0.02823	0.48035
34	0.01993	0.05797	0.09928	0.05569	0.10968	0.06382	0.03242	0.12501	0.06602	0.10273	0.04030	0.08650	0.01896	0.05235	0.03385	0.00293	0.00863	0.00829	0.00555	0.01009
35	0.01769	0.07945	0.12776	0.04190	0.09901	0.06034	0.20165	0.02567	0.13513	0.02382	0.01727	0.04105	0.01390	0.00790	0.00798	0.00230	0.03152	0.00737	0.00440	0.05389
36	0.01055	0.00808	0.00962	0.01039	0.01186	0.00786	0.00756	0.01422	0.08490	0.02049	0.04621	0.33861	0.20008	0.09198	0.01204	0.00331	0.00498	0.10389	0.00671	0.00665
37	0.01095	0.00818	0.01007	0.01045	0.01226	0.00775	0.00803	0.04791	0.01820	0.02397	0.20263	0.24083	0.20681	0.01891	0.00918	0.00277	0.00470	0.14235	0.00722	0.00684
38	0.01983	0.01949	0.09810	0.15839	0.19521	0.04347	0.03821	0.18777	0.02132	0.05487	0.03746	0.05976	0.01542	0.00873	0.00754	0.00233	0.00886	0.00756	0.00505	0.01062
39	0.04005	0.08904	0.32894	0.08294	0.15116	0.04279	0.07598	0.02398	0.05338	0.02331	0.01411	0.01703	0.01075	0.00706	0.00703	0.00227	0.01000	0.00602	0.00362	0.01056
40	0.00919	0.00679	0.00863	0.00993	0.01084	0.00622	0.00688	0.01079	0.01517	0.01987	0.08315	0.55799	0.15895	0.02194	0.00935	0.00291	0.00427	0.04401	0.00696	0.00616
41	0.01539	0.01319	0.01539	0.01100	0.01759	0.00990	0.00880	0.01869	0.01539	0.02419	0.01319	0.01539	0.01100	0.00550	0.00550	0.00110	0.00550	0.00440	0.00440	0.78449
42	0.02044	0.01270	0.01869	0.05631	0.07780	0.01262	0.06521	0.02664	0.12037	0.23711	0.08803	0.07343	0.02651	0.01383	0.04611	0.00303	0.00758	0.07649	0.00695	0.01014
43	0.01496	0.01161	0.01397	0.01065	0.01585	0.00914	0.00841	0.01829	0.01726	0.06042	0.20208	0.02705	0.02781	0.00838	0.00651	0.00151	0.00498	0.00707	0.00570	0.52837
44	0.01153	0.00956	0.01038	0.01014	0.01195	0.04634	0.00755	0.01460	0.03838	0.02410	0.28541	0.17299	0.20769	0.01638	0.00930	0.00249	0.04149	0.01392	0.05886	0.00694
45	0.01966	0.04444	0.13920	0.02011	0.09867	0.11385	0.03495	0.04991	0.24217	0.05055	0.01953	0.02013	0.01484	0.00803	0.00705	0.00217	0.00845	0.00654	0.00530	0.09445
46	0.01794	0.30021	0.13833	0.01415	0.01973	0.06528	0.01388	0.05493	0.03861	0.04740	0.13404	0.04368	0.02276	0.01167	0.04511	0.00257	0.00846	0.00707	0.00482	0.00934
47	0.06240	0.13537	0.09575	0.01739	0.02336	0.01949	0.12048	0.12565	0.18035	0.02910	0.07310	0.02208	0.01840	0.00843	0.00709	0.00223	0.00796	0.00720	0.00552	0.03866
48	0.06208	0.10117	0.20950	0.02016	0.12241	0.01786	0.01729	0.10858	0.07337	0.04970	0.05769	0.01951	0.01546	0.00782	0.00676	0.00211	0.00806	0.00625	0.00487	0.08933
49	0.04224	0.14022	0.13652	0.01460	0.02035	0.01804	0.01387	0.17762	0.08275	0.04995	0.07515	0.02629	0.03988	0.04882	0.00863	0.00244	0.00747	0.03187	0.00565	0.05764
50	0.01755	0.06756	0.14353	0.03872	0.04365	0.03709	0.08146	0.06070	0.12462	0.07120	0.07920	0.03284	0.04812	0.01049	0.00775	0.00243	0.00798	0.08549	0.02975	0.00983
51	0.01900	0.09364	0.07023	0.05972	0.09334	0.05369	0.03212	0.10447	0.09514	0.06496	0.03990	0.04833	0.03582	0.00940	0.00715	0.00218	0.00766	0.04297	0.03267	0.08758

[dist]
# distance from previous block
# <min> <max>
1	14

[block]
# block no. 5 follows, 27 sequences, length 22
# corresponding to MSA columns:
# 183-204
name=unknown_F
#
# <colnr> <probs for GDERKNQSTAVLIFYWHMCP>
#	G	D	E	R	K	N	Q	S	T	A	V	L	I	F	Y	W	H	M	C	P
0	0.06629	0.09332	0.02197	0.01668	0.04704	0.05789	0.09887	0.04517	0.13015	0.07449	0.02466	0.08036	0.07582	0.00994	0.00774	0.00222	0.03115	0.00839	0.00550	0.10235
1	0.02179	0.06849	0.05316	0.01595	0.04243	0.06668	0.03031	0.17349	0.09076	0.12545	0.08199	0.04820	0.02110	0.00960	0.00728	0.00216	0.00740	0.02801	0.00638	0.09937
2	0.02064	0.20670	0.11560	0.01953	0.09313	0.16221	0.03713	0.09384	0.04326	0.02367	0.01440	0.04121	0.01219	0.00768	0.00649	0.00196	0.00930	0.00589	0.00424	0.08093
3	0.01988	0.22681	0.33001	0.01821	0.02601	0.18601	0.01975	0.05327	0.01765	0.02164	0.01227	0.01421	0.00962	0.00709	0.00637	0.00204	0.01061	0.00496	0.00350	0.01009
4	0.14937	0.07172	0.16161	0.04574	0.12062	0.05076	0.16015	0.02366	0.04816	0.02494	0.01379	0.01673	0.01070	0.00681	0.00680	0.00220	0.00934	0.00608	0.00394	0.06685
5	0.01098	0.00784	0.01083	0.01254	0.01382	0.00769	0.01025	0.01368	0.01612	0.02111	0.03985	0.30369	0.04488	0.02144	0.00999	0.00328	0.00598	0.43261	0.00685	0.00656
6	0.01658	0.01667	0.05086	0.29734	0.35781	0.01729	0.04337	0.02255	0.06177	0.02268	0.01481	0.01951	0.01171	0.00716	0.00743	0.00234	0.00923	0.00676	0.00378	0.01034
7	0.00877	0.00752	0.00752	0.00752	0.01003	0.00627	0.00564	0.01065	0.01692	0.02005	0.07520	0.07144	0.68978	0.01880	0.00877	0.00251	0.00376	0.01567	0.00689	0.00627
8	0.03331	0.01263	0.01723	0.01321	0.01895	0.01091	0.01091	0.03618	0.02125	0.69794	0.02929	0.02527	0.01838	0.00919	0.00747	0.00230	0.00632	0.00747	0.00919	0.01263
9	0.01239	0.00663	0.00929	0.00929	0.00929	0.00663	0.00598	0.00994	0.00994	0.01326	0.01542	0.02883	0.01629	0.19762	0.03113	0.59689	0.00663	0.00749	0.00353	0.00353
10	0.01402	0.01319	0.02227	0.72126	0.05113	0.01649	0.02062	0.01897	0.01484	0.01897	0.01319	0.01979	0.00990	0.00742	0.00742	0.00247	0.00990	0.00660	0.00330	0.00825
11	0.01061	0.00795	0.01193	0.01193	0.01326	0.00928	0.00928	0.01326	0.01193	0.01723	0.01988	0.02916	0.01856	0.05568	0.70968	0.01193	0.01988	0.00795	0.00398	0.00663
12	0.02024	0.02740	0.15224	0.02566	0.03273	0.20383	0.35213	0.05183	0.01886	0.02318	0.01389	0.01739	0.01054	0.00688	0.00785	0.00231	0.01230	0.00703	0.00382	0.00991
13	0.08668	0.23418	0.02689	0.01814	0.05060	0.35960	0.04538	0.05938	0.01902	0.02121	0.01166	0.01362	0.00976	0.00717	0.00614	0.00191	0.01070	0.00486	0.00388	0.00924
14	0.01095	0.00863	0.01034	0.01187	0.01289	0.04327	0.00891	0.01296	0.01549	0.01996	0.03887	0.48705	0.04499	0.02156	0.00958	0.00309	0.00559	0.22084	0.00671	0.00642
15	0.08494	0.01532	0.02116	0.16686	0.14974	0.01543	0.04323	0.08753	0.04968	0.02654	0.01447	0.01762	0.01139	0.00683	0.00660	0.00194	0.00764	0.00585	0.00449	0.26273
16	0.01367	0.01167	0.01685	0.01583	0.06317	0.01131	0.08895	0.04702	0.09952	0.02598	0.19835	0.16702	0.09732	0.01382	0.00837	0.00244	0.00590	0.03459	0.00651	0.07170
17	0.01194	0.00856	0.01095	0.01124	0.04155	0.00806	0.00797	0.01592	0.05274	0.05359	0.41507	0.10899	0.15000	0.01544	0.00857	0.00243	0.00417	0.03214	0.03320	0.00748
18	0.02007	0.32890	0.19797	0.01842	0.02550	0.17325	0.09553	0.02435	0.01682	0.01986	0.01188	0.01413	0.00971	0.00680	0.00623	0.00196	0.01042	0.00510	0.00338	0.00974
19	0.02433	0.01859	0.02137	0.01771	0.04870	0.02007	0.03514	0.47367	0.07860	0.04015	0.02030	0.05253	0.01628	0.00981	0.00759	0.00228	0.00777	0.03958	0.00693	0.05860
20	0.02168	0.02394	0.22536	0.01849	0.05594	0.01849	0.01747	0.31896	0.04749	0.06892	0.06550	0.02262	0.04315	0.00912	0.00746	0.00230	0.00838	0.00724	0.00608	0.01142
21	0.01763	0.05348	0.05737	0.01870	0.04753	0.01503	0.18339	0.06802	0.01718	0.05388	0.01532	0.01989	0.01264	0.06612	0.00991	0.00229	0.03133	0.00654	0.00448	0.29924

[dist]
# distance from previous block
# <min> <max>
0	6

[block]
# block no. 6 follows, 27 sequences, length 18
# corresponding to MSA columns:
# 211-228
name=unknown_G
#
# <colnr> <probs for GDERKNQSTAVLIFYWHMCP>
#	G	D	E	R	K	N	Q	S	T	A	V	L	I	F	Y	W	H	M	C	P
0	0.02248	0.01755	0.02377	0.05798	0.02554	0.01901	0.12823	0.24623	0.19807	0.09973	0.02130	0.02201	0.01557	0.01045	0.03273	0.00274	0.03113	0.00761	0.00651	0.01134
1	0.02025	0.01831	0.02593	0.02340	0.12809	0.06421	0.16882	0.18799	0.04347	0.04850	0.06260	0.02551	0.07491	0.00917	0.00848	0.00231	0.03680	0.00823	0.00551	0.03749
2	0.01225	0.00986	0.00970	0.00943	0.01075	0.05252	0.00627	0.05306	0.01493	0.01862	0.03785	0.11757	0.20434	0.38427	0.02338	0.00489	0.00645	0.01247	0.00551	0.00589
3	0.63254	0.01570	0.01328	0.01129	0.01616	0.01798	0.00930	0.15643	0.01727	0.03612	0.01190	0.01326	0.00899	0.00731	0.00518	0.00228	0.00625	0.00457	0.00518	0.00899
4	0.01541	0.01514	0.02097	0.01809	0.01836	0.02071	0.01499	0.01717	0.01233	0.01876	0.05708	0.02219	0.05615	0.01350	0.02239	0.00314	0.63437	0.00751	0.00379	0.00793
5	0.01550	0.07418	0.01764	0.01423	0.01612	0.08738	0.01124	0.01964	0.09745	0.01904	0.02149	0.02858	0.06608	0.12980	0.15690	0.00516	0.19936	0.00797	0.00445	0.00776
6	0.01070	0.00759	0.01011	0.01011	0.01081	0.00829	0.00701	0.01209	0.01139	0.01588	0.02155	0.03839	0.02256	0.38036	0.39047	0.00968	0.01386	0.00930	0.00422	0.00562
7	0.02139	0.60481	0.03540	0.01396	0.01982	0.16260	0.01302	0.02368	0.01625	0.01760	0.01055	0.01220	0.00953	0.00661	0.00514	0.00165	0.00901	0.00413	0.00330	0.00935
8	0.00989	0.00722	0.00918	0.01051	0.01118	0.00705	0.00705	0.01253	0.06321	0.01947	0.03869	0.62566	0.04533	0.08101	0.01166	0.00332	0.00466	0.01932	0.00674	0.00633
9	0.08366	0.01537	0.01670	0.01477	0.01900	0.01710	0.01201	0.18388	0.30891	0.06514	0.02735	0.03491	0.02278	0.01154	0.00781	0.00260	0.00662	0.13189	0.00722	0.01073
10	0.01721	0.01999	0.13364	0.06629	0.45772	0.01673	0.06960	0.02236	0.01656	0.02416	0.01475	0.01890	0.01187	0.00686	0.00723	0.00222	0.00904	0.00662	0.06730	0.01096
11	0.01747	0.01569	0.02347	0.04509	0.21429	0.01714	0.07417	0.10025	0.07515	0.02535	0.04162	0.04479	0.01706	0.06713	0.04063	0.00320	0.12787	0.00794	0.00476	0.03692
12	0.01099	0.00806	0.01092	0.01209	0.01371	0.00799	0.01001	0.01388	0.01628	0.02131	0.07267	0.14633	0.12462	0.02478	0.09822	0.00428	0.00765	0.38301	0.00655	0.00666
13	0.01836	0.32873	0.23419	0.01609	0.02381	0.04399	0.03813	0.06172	0.01679	0.02233	0.01231	0.01425	0.00996	0.00663	0.00592	0.00182	0.00883	0.00484	0.00365	0.12765
14	0.01775	0.01766	0.07226	0.07133	0.20650	0.07125	0.03613	0.05913	0.01810	0.06093	0.07387	0.07446	0.05128	0.00959	0.00800	0.00221	0.03148	0.00824	0.00497	0.10488
15	0.01792	0.16013	0.35870	0.01937	0.06177	0.06594	0.02038	0.06964	0.01757	0.04280	0.01619	0.05005	0.01373	0.00863	0.00696	0.00226	0.00960	0.04398	0.00408	0.01030
16	0.01455	0.06606	0.03940	0.04922	0.06270	0.01280	0.03767	0.02089	0.13110	0.05269	0.12934	0.17161	0.05407	0.01430	0.00836	0.00262	0.00630	0.11129	0.00638	0.00864
17	0.00919	0.00696	0.00839	0.00923	0.01046	0.00626	0.00641	0.01087	0.01570	0.02033	0.12393	0.41776	0.25560	0.05029	0.01033	0.00295	0.00416	0.01808	0.00694	0.00615

[dist]
# distance from previous block
# <min> <max>
0	4

[block]
# block no. 7 follows, 27 sequences, length 10
# corresponding to MSA columns:
# 233-242
name=unknown_H
#
# <colnr> <probs for GDERKNQSTAVLIFYWHMCP>
#	G	D	E	R	K	N	Q	S	T	A	V	L	I	F	Y	W	H	M	C	P
0	0.02135	0.36366	0.03132	0.05094	0.12437	0.12452	0.03760	0.04846	0.05761	0.05591	0.01379	0.01560	0.01131	0.00709	0.00610	0.00192	0.00892	0.00532	0.00410	0.01010
1	0.01339	0.00910	0.01045	0.00979	0.01239	0.00872	0.00740	0.01827	0.10686	0.09200	0.17287	0.08698	0.28031	0.05014	0.03872	0.00304	0.00509	0.01264	0.05411	0.00775
2	0.01864	0.01650	0.01942	0.02211	0.18802	0.05922	0.01396	0.07241	0.32676	0.02882	0.04822	0.05130	0.02088	0.00954	0.00737	0.00233	0.00689	0.00815	0.06862	0.01084
3	0.01261	0.01148	0.04321	0.01488	0.03419	0.01097	0.09823	0.01760	0.07940	0.02187	0.08105	0.11616	0.06508	0.06406	0.23546	0.00576	0.01096	0.01051	0.05878	0.00774
4	0.01270	0.00663	0.00946	0.00946	0.00970	0.00671	0.00638	0.01065	0.01042	0.01459	0.01504	0.02515	0.01473	0.07326	0.06931	0.61478	0.00705	0.00687	0.07326	0.00385
5	0.02058	0.18906	0.02607	0.01796	0.05586	0.12849	0.05901	0.13197	0.04961	0.02452	0.01433	0.01716	0.01193	0.01259	0.07767	0.00302	0.07612	0.00589	0.00445	0.07370
6	0.25084	0.15648	0.04721	0.01429	0.06612	0.03853	0.03637	0.01887	0.01402	0.02300	0.01891	0.08715	0.04606	0.14003	0.01174	0.00310	0.00718	0.00774	0.00442	0.00793
7	0.03876	0.15231	0.09270	0.01834	0.08680	0.13293	0.03677	0.09495	0.03416	0.02441	0.01582	0.06003	0.01375	0.00988	0.03210	0.00234	0.00905	0.00646	0.04016	0.09825
8	0.02016	0.10078	0.16248	0.04356	0.06517	0.11911	0.05601	0.13917	0.06621	0.02684	0.01598	0.01909	0.01263	0.00787	0.00690	0.00211	0.00926	0.02412	0.03273	0.06981
9	0.05209	0.07673	0.07133	0.01925	0.10228	0.08672	0.09253	0.04977	0.04107	0.02325	0.02429	0.16925	0.06168	0.01308	0.03381	0.00271	0.00839	0.00995	0.05299	0.00883

[dist]
# distance from previous block
# <min> <max>
0	107

[block]
# block no. 8 follows, 27 sequences, length 11
# corresponding to MSA columns:
# 361-371
name=unknown_I
#
# <colnr> <probs for GDERKNQSTAVLIFYWHMCP>
#	G	D	E	R	K	N	Q	S	T	A	V	L	I	F	Y	W	H	M	C	P
0	0.05309	0.01827	0.04002	0.04298	0.02141	0.12724	0.03940	0.13559	0.02040	0.06585	0.02110	0.03009	0.03709	0.00994	0.00731	0.00216	0.00814	0.11896	0.00552	0.19544
1	0.02122	0.01612	0.04073	0.08208	0.09601	0.07587	0.01399	0.06914	0.03856	0.19179	0.10222	0.05447	0.02274	0.01040	0.00920	0.00238	0.07491	0.02889	0.00615	0.04313
2	0.01220	0.00900	0.01238	0.01192	0.01349	0.01025	0.00912	0.07120	0.01383	0.01951	0.02013	0.03054	0.01907	0.13548	0.56467	0.01049	0.01728	0.00819	0.00435	0.00690
3	0.08893	0.07677	0.10270	0.01722	0.04397	0.04306	0.07947	0.05949	0.09299	0.06257	0.04380	0.09308	0.04678	0.01190	0.02523	0.00269	0.05992	0.03471	0.00532	0.00943
4	0.04790	0.23879	0.05283	0.12033	0.06595	0.09828	0.01523	0.19890	0.02115	0.02702	0.01435	0.04116	0.01192	0.00802	0.00650	0.00207	0.00885	0.00602	0.00464	0.01010
5	0.00911	0.00666	0.00843	0.00980	0.01050	0.00613	0.00657	0.01041	0.01440	0.01884	0.04484	0.59768	0.14053	0.06504	0.01105	0.00319	0.00440	0.01971	0.00675	0.00597
6	0.00916	0.00668	0.00841	0.00973	0.01042	0.00617	0.00650	0.01042	0.01430	0.01871	0.04432	0.57732	0.13987	0.08629	0.01189	0.00331	0.00448	0.01940	0.00668	0.00593
7	0.01839	0.13850	0.06955	0.10095	0.21649	0.07187	0.05126	0.06213	0.03872	0.02350	0.01569	0.04753	0.01333	0.00804	0.00736	0.00217	0.03004	0.00676	0.06778	0.00994
8	0.01846	0.11945	0.16461	0.01586	0.04429	0.03189	0.01455	0.07316	0.16280	0.07957	0.02140	0.06422	0.01759	0.04197	0.03225	0.00278	0.00796	0.00754	0.06952	0.01012
9	0.00915	0.00734	0.00817	0.00837	0.01036	0.00636	0.00612	0.01123	0.01721	0.02170	0.18524	0.18703	0.45781	0.01891	0.00890	0.00257	0.00381	0.01622	0.00714	0.00636
10	0.04750	0.01869	0.09724	0.06656	0.09838	0.01677	0.30642	0.02285	0.03648	0.04186	0.01615	0.02023	0.01238	0.00741	0.00868	0.00239	0.05665	0.00747	0.10619	0.00969

[dist]
# distance from previous block
# <min> <max>
5	17

[block]
# block no. 9 follows, 27 sequences, length 19
# corresponding to MSA columns:
# 395-413
name=unknown_J
#
# <colnr> <probs for GDERKNQSTAVLIFYWHMCP>
#	G	D	E	R	K	N	Q	S	T	A	V	L	I	F	Y	W	H	M	C	P
0	0.05591	0.04032	0.02707	0.08715	0.42390	0.08308	0.03888	0.08207	0.01838	0.02531	0.01399	0.01791	0.01148	0.00875	0.03243	0.00255	0.00961	0.00636	0.00405	0.01080
1	0.01659	0.01604	0.02548	0.31714	0.30324	0.03853	0.04588	0.02162	0.03580	0.02207	0.01403	0.01888	0.01116	0.00697	0.00726	0.00223	0.00918	0.00649	0.00371	0.07770
2	0.02483	0.02910	0.05127	0.02359	0.12677	0.41294	0.05719	0.11331	0.04810	0.02399	0.01375	0.01582	0.01093	0.00764	0.00707	0.00208	0.01154	0.00574	0.00440	0.00993
3	0.00936	0.00725	0.00856	0.00905	0.01072	0.00645	0.00660	0.01146	0.01693	0.02182	0.18989	0.27558	0.33241	0.01952	0.00906	0.00267	0.00402	0.04514	0.00715	0.00637
4	0.00981	0.00664	0.00837	0.00963	0.01043	0.00622	0.00658	0.01155	0.01487	0.02080	0.07006	0.56315	0.07969	0.02049	0.00877	0.00277	0.00412	0.01836	0.12149	0.00622
5	0.01402	0.01319	0.02227	0.72126	0.05113	0.01649	0.02062	0.01897	0.01484	0.01897	0.01319	0.01979	0.00990	0.00742	0.00742	0.00247	0.00990	0.00660	0.00330	0.00825
6	0.00970	0.00792	0.00863	0.00856	0.01084	0.00709	0.00637	0.01295	0.05547	0.02253	0.19207	0.12350	0.47208	0.01797	0.00876	0.00252	0.00388	0.01528	0.00719	0.00671
7	0.07528	0.01122	0.01289	0.01073	0.01450	0.01105	0.00853	0.10720	0.01973	0.26212	0.04444	0.02648	0.01922	0.04831	0.00809	0.00234	0.00541	0.00729	0.29559	0.00958
8	0.00904	0.00723	0.00809	0.00851	0.01035	0.00628	0.00614	0.01094	0.01662	0.02082	0.13382	0.25581	0.44093	0.01965	0.00897	0.00263	0.00389	0.01695	0.00704	0.00628
9	0.02025	0.01887	0.02214	0.01970	0.05710	0.10960	0.04979	0.09530	0.11543	0.05617	0.01599	0.01901	0.01297	0.01033	0.01428	0.00264	0.30351	0.00677	0.04047	0.00967
10	0.06357	0.01946	0.02074	0.01605	0.02170	0.02143	0.01323	0.58066	0.03234	0.06756	0.01821	0.01834	0.01295	0.00881	0.00717	0.00221	0.00774	0.00660	0.04912	0.01210
11	0.00919	0.00678	0.00863	0.00993	0.01084	0.00622	0.00688	0.01079	0.01517	0.01988	0.08380	0.55852	0.15840	0.02194	0.00935	0.00291	0.00426	0.04339	0.00696	0.00616
12	0.71556	0.01418	0.01154	0.01011	0.01482	0.01608	0.00833	0.02326	0.01350	0.09991	0.01224	0.01338	0.00908	0.00712	0.00488	0.00230	0.00580	0.00437	0.00505	0.00850
13	0.02822	0.02079	0.02228	0.01708	0.02302	0.02302	0.01411	0.66804	0.03490	0.04679	0.01782	0.01782	0.01262	0.00891	0.00743	0.00223	0.00817	0.00668	0.00743	0.01262
14	0.01504	0.01319	0.01718	0.19591	0.02632	0.01161	0.01187	0.01876	0.01525	0.02283	0.01319	0.01654	0.01071	0.00600	0.00600	0.00146	0.00664	0.00497	0.00411	0.58240
15	0.01037	0.00768	0.01010	0.01111	0.01205	0.00767	0.00803	0.03321	0.01544	0.02069	0.07430	0.51799	0.07420	0.02326	0.04768	0.00346	0.03142	0.07818	0.00668	0.00650
16	0.01289	0.00645	0.00967	0.00967	0.00967	0.00645	0.00645	0.00967	0.00967	0.01289	0.01289	0.02257	0.01289	0.02579	0.02901	0.78401	0.00645	0.00645	0.00322	0.00322
17	0.01289	0.00982	0.01346	0.01274	0.01471	0.01038	0.04370	0.07992	0.05408	0.02268	0.05430	0.24024	0.03058	0.07914	0.22793	0.00589	0.01030	0.04074	0.02908	0.00741
18	0.10329	0.18925	0.12951	0.01472	0.02078	0.07534	0.01400	0.13353	0.07719	0.06408	0.01606	0.01704	0.01226	0.00767	0.00616	0.00203	0.00796	0.00555	0.06240	0.04116

[dist]
# distance from previous block
# <min> <max>
2	15

[block]
# block no. 10 follows, 27 sequences, length 29
# corresponding to MSA columns:
# 429-444,446-458
name=unknown_K
#
# <colnr> <probs for GDERKNQSTAVLIFYWHMCP>
#	G	D	E	R	K	N	Q	S	T	A	V	L	I	F	Y	W	H	M	C	P
0	0.00925	0.00674	0.00858	0.00997	0.01070	0.00625	0.00679	0.01063	0.01447	0.01894	0.04422	0.57380	0.13173	0.06901	0.01125	0.00324	0.00453	0.04713	0.00673	0.00600
1	0.01132	0.03835	0.01078	0.01012	0.01191	0.00833	0.00726	0.01427	0.06101	0.04276	0.07069	0.39395	0.17143	0.06964	0.01075	0.00299	0.00474	0.01628	0.00665	0.03679
2	0.01651	0.01545	0.02490	0.08550	0.45148	0.01619	0.01913	0.02131	0.05352	0.02314	0.02040	0.07758	0.04714	0.00969	0.00888	0.00244	0.05752	0.03449	0.00436	0.01037
3	0.01124	0.00776	0.00872	0.00869	0.00900	0.00792	0.00512	0.01275	0.05709	0.01577	0.02475	0.08182	0.02781	0.65261	0.03427	0.00666	0.00696	0.01115	0.00483	0.00508
4	0.00951	0.00688	0.00889	0.01021	0.01101	0.00643	0.00714	0.01111	0.01491	0.01970	0.07930	0.52623	0.10711	0.06788	0.01126	0.00324	0.00465	0.08166	0.00681	0.00609
5	0.01283	0.01018	0.01282	0.01247	0.01453	0.01155	0.00949	0.02082	0.21514	0.02196	0.05030	0.10633	0.02535	0.06508	0.36735	0.00756	0.01282	0.00982	0.00555	0.00805
6	0.01372	0.01031	0.01490	0.01275	0.01559	0.01012	0.11007	0.06817	0.01724	0.02492	0.05344	0.11019	0.12820	0.05632	0.05478	0.00321	0.00681	0.03738	0.24439	0.00751
7	0.00947	0.00664	0.00849	0.00979	0.01011	0.00632	0.00630	0.01045	0.01337	0.01783	0.03661	0.56585	0.04367	0.19908	0.01643	0.00404	0.00502	0.01857	0.00630	0.00565
8	0.01513	0.01419	0.02391	0.49149	0.23015	0.01638	0.02075	0.01985	0.01555	0.02064	0.01486	0.02293	0.01224	0.00792	0.00756	0.00245	0.00942	0.04183	0.00360	0.00916
9	0.05166	0.01456	0.01739	0.01384	0.01893	0.01460	0.01126	0.19775	0.09770	0.35045	0.10745	0.02692	0.02342	0.00988	0.00753	0.00231	0.00638	0.00799	0.00828	0.01169
10	0.01128	0.00808	0.00966	0.01015	0.01168	0.00764	0.00717	0.06399	0.01661	0.04044	0.04665	0.46016	0.20615	0.05103	0.01028	0.00298	0.00466	0.01775	0.00690	0.00674
11	0.01081	0.00767	0.00946	0.00981	0.01143	0.00711	0.00704	0.01377	0.04725	0.05093	0.21667	0.35330	0.18895	0.01900	0.00897	0.00268	0.00414	0.01678	0.00735	0.00687
12	0.01425	0.01351	0.02231	0.64951	0.04790	0.01713	0.02017	0.01885	0.01449	0.01885	0.01284	0.01943	0.00988	0.00799	0.00915	0.00255	0.08306	0.00659	0.00329	0.00823
13	0.02321	0.08899	0.07700	0.01763	0.02236	0.34333	0.03354	0.14237	0.02114	0.02379	0.01407	0.01685	0.01152	0.01497	0.11353	0.00352	0.01273	0.00571	0.00439	0.00935
14	0.02562	0.01913	0.01931	0.01564	0.02069	0.07957	0.01261	0.36860	0.15870	0.10816	0.02145	0.02097	0.01547	0.00904	0.00721	0.00223	0.00760	0.00696	0.06940	0.01164
15	0.01658	0.01520	0.01403	0.01316	0.01534	0.16970	0.00980	0.06301	0.03311	0.04291	0.06082	0.08547	0.02305	0.14153	0.25591	0.00638	0.01256	0.00896	0.00501	0.00746
16	0.02934	0.01449	0.01790	0.01397	0.01935	0.01409	0.01145	0.20128	0.05264	0.43933	0.08398	0.02604	0.02156	0.00968	0.00757	0.00229	0.00654	0.00782	0.00856	0.01210
17	0.01053	0.00751	0.00966	0.00921	0.01094	0.00694	0.00688	0.01389	0.02038	0.02892	0.61410	0.08101	0.08879	0.01534	0.00863	0.00234	0.00354	0.01352	0.04092	0.00694
18	0.09793	0.00993	0.01151	0.00979	0.01338	0.00945	0.00781	0.02500	0.01779	0.29169	0.05846	0.02660	0.02027	0.00902	0.00621	0.00204	0.00481	0.00718	0.36187	0.00928
19	0.01105	0.00759	0.00953	0.00984	0.01105	0.00726	0.00709	0.01293	0.01549	0.04080	0.17216	0.17432	0.11514	0.22484	0.04932	0.00445	0.00605	0.10851	0.00640	0.00617
20	0.00926	0.00735	0.00823	0.00838	0.01030	0.00642	0.00609	0.01132	0.01713	0.02173	0.19762	0.17516	0.43080	0.04436	0.00992	0.00272	0.00392	0.01591	0.00708	0.00632
21	0.01927	0.01635	0.01724	0.01527	0.01961	0.01884	0.01194	0.09115	0.62638	0.03235	0.02920	0.02689	0.02184	0.00998	0.00754	0.00249	0.00606	0.00825	0.00754	0.01182
22	0.01115	0.00832	0.01015	0.01048	0.01232	0.00808	0.00811	0.01541	0.07531	0.02412	0.22033	0.15920	0.17032	0.04324	0.00997	0.00287	0.00476	0.15755	0.04130	0.00701
23	0.01539	0.01319	0.01539	0.01100	0.01759	0.00990	0.00880	0.01869	0.01539	0.02419	0.01319	0.01539	0.01100	0.00550	0.00550	0.00110	0.00550	0.00440	0.00440	0.78449
24	0.01620	0.01327	0.04912	0.05338	0.01888	0.01297	0.01178	0.08879	0.18742	0.06988	0.12706	0.12867	0.05436	0.01406	0.00842	0.00265	0.00618	0.12062	0.00704	0.00923
25	0.01649	0.01934	0.09117	0.01999	0.02190	0.06239	0.06485	0.01915	0.01300	0.01895	0.01235	0.05676	0.01203	0.01216	0.01957	0.00301	0.51763	0.00728	0.00351	0.00846
26	0.01292	0.01159	0.01092	0.01145	0.01274	0.11342	0.00808	0.01510	0.03594	0.01982	0.03497	0.43011	0.08120	0.05883	0.01060	0.00292	0.02800	0.01550	0.07923	0.00668
27	0.01060	0.00786	0.00971	0.01073	0.04797	0.00764	0.00657	0.01180	0.01345	0.01775	0.07570	0.12370	0.16275	0.37572	0.08161	0.00563	0.00713	0.01256	0.00537	0.00576
28	0.02247	0.22559	0.07911	0.06347	0.02424	0.12846	0.05582	0.05337	0.05522	0.13873	0.01590	0.01728	0.01208	0.00804	0.00805	0.00216	0.06923	0.00587	0.00479	0.01012

[dist]
# distance from previous block
# <min> <max>
3	9

[block]
# block no. 11 follows, 27 sequences, length 19
# corresponding to MSA columns:
# 468-486
name=unknown_L
#
# <colnr> <probs for GDERKNQSTAVLIFYWHMCP>
#	G	D	E	R	K	N	Q	S	T	A	V	L	I	F	Y	W	H	M	C	P
0	0.01180	0.00881	0.01048	0.01000	0.01247	0.00815	0.00769	0.05468	0.01854	0.04040	0.21299	0.13965	0.26754	0.01882	0.04450	0.00298	0.00528	0.06562	0.00701	0.05258
1	0.04236	0.10634	0.09071	0.05002	0.14442	0.05728	0.07951	0.03255	0.01594	0.02181	0.01949	0.02404	0.07563	0.06818	0.01067	0.00257	0.05937	0.00716	0.00408	0.08789
2	0.01535	0.01471	0.02485	0.40571	0.22072	0.01702	0.05074	0.01974	0.01518	0.02053	0.01444	0.05189	0.01225	0.00840	0.00915	0.00250	0.07671	0.00736	0.00358	0.00917
3	0.01020	0.00714	0.00809	0.00856	0.01023	0.00649	0.00624	0.01247	0.01632	0.02243	0.11773	0.24310	0.28701	0.01757	0.00826	0.00250	0.00392	0.03590	0.16940	0.00643
4	0.01332	0.02206	0.29151	0.29531	0.03520	0.01469	0.02040	0.01907	0.01538	0.02092	0.02304	0.08327	0.09532	0.00996	0.00761	0.00247	0.00912	0.00845	0.00396	0.00892
5	0.01831	0.05689	0.02508	0.05227	0.04845	0.16635	0.10813	0.02108	0.01493	0.01896	0.01251	0.01785	0.01112	0.01554	0.10392	0.00381	0.28620	0.00652	0.00355	0.00852
6	0.01316	0.01035	0.01442	0.01330	0.01570	0.01019	0.07224	0.11274	0.01889	0.02516	0.10536	0.36970	0.10172	0.01794	0.00902	0.00276	0.00576	0.06721	0.00680	0.00761
7	0.01994	0.01324	0.01523	0.01255	0.01629	0.01365	0.00993	0.27124	0.02547	0.10765	0.26713	0.03686	0.06354	0.05785	0.00982	0.00259	0.00587	0.00987	0.03164	0.00962
8	0.01956	0.70231	0.07762	0.01320	0.01982	0.02866	0.01356	0.02230	0.01512	0.01782	0.01050	0.01213	0.00952	0.00639	0.00490	0.00163	0.00812	0.00406	0.00317	0.00961
9	0.01300	0.01059	0.01087	0.01049	0.01271	0.06604	0.00794	0.01654	0.05986	0.04236	0.10859	0.04750	0.23440	0.08083	0.14880	0.00465	0.00832	0.03998	0.06943	0.00710
10	0.06809	0.01487	0.01653	0.01328	0.01815	0.06947	0.01074	0.12338	0.02245	0.39670	0.10537	0.02632	0.02261	0.00960	0.00729	0.00223	0.00665	0.00765	0.04755	0.01108
11	0.01083	0.00780	0.00901	0.00886	0.01104	0.00690	0.00668	0.01312	0.01765	0.05714	0.21640	0.09498	0.38603	0.06333	0.01067	0.00284	0.00429	0.05858	0.00717	0.00669
12	0.06398	0.06604	0.12096	0.22784	0.07850	0.07433	0.01752	0.10517	0.05319	0.05956	0.01651	0.05490	0.01327	0.00847	0.00709	0.00231	0.00900	0.00687	0.00465	0.00984
13	0.00914	0.00665	0.00851	0.00989	0.01057	0.00614	0.00664	0.01050	0.01456	0.01918	0.06343	0.60809	0.11944	0.05644	0.01072	0.00314	0.00436	0.01978	0.00682	0.00601
14	0.01566	0.10254	0.56293	0.02153	0.03167	0.01856	0.09946	0.02342	0.01583	0.02297	0.01324	0.01582	0.00963	0.00690	0.00703	0.00230	0.01086	0.00572	0.00321	0.01073
15	0.02813	0.01951	0.02131	0.01649	0.02229	0.02130	0.01357	0.55088	0.07848	0.12104	0.02002	0.01938	0.01399	0.00902	0.00744	0.00226	0.00779	0.00689	0.00764	0.01256
16	0.01063	0.00713	0.00815	0.00831	0.00835	0.00709	0.00472	0.01075	0.01112	0.01482	0.02504	0.11300	0.02907	0.67184	0.03513	0.00680	0.00693	0.01176	0.00472	0.00464
17	0.02630	0.01561	0.04876	0.01378	0.01866	0.08192	0.01161	0.07411	0.02166	0.39611	0.14550	0.03155	0.02724	0.01058	0.00774	0.00232	0.00690	0.04088	0.00793	0.01083
18	0.53231	0.09512	0.01619	0.01226	0.01686	0.18028	0.01000	0.02370	0.01486	0.02811	0.01060	0.01236	0.00855	0.00701	0.00510	0.00213	0.00776	0.00419	0.00427	0.00833

[dist]
# distance from previous block
# <min> <max>
0	4

[block]
# block no. 12 follows, 27 sequences, length 61
# corresponding to MSA columns:
# 491-551
name=unknown_M
#
# <colnr> <probs for GDERKNQSTAVLIFYWHMCP>
#	G	D	E	R	K	N	Q	S	T	A	V	L	I	F	Y	W	H	M	C	P
0	0.04232	0.06671	0.51755	0.02138	0.03095	0.07542	0.09714	0.02394	0.01620	0.02315	0.01313	0.01569	0.00959	0.00698	0.00703	0.00230	0.01104	0.00568	0.00331	0.01050
1	0.01908	0.01621	0.01688	0.07232	0.02136	0.06980	0.01213	0.03433	0.46693	0.07625	0.06563	0.02890	0.04703	0.01021	0.00758	0.00244	0.00660	0.00845	0.00705	0.01082
2	0.02685	0.03391	0.02117	0.01915	0.02268	0.65637	0.01449	0.02874	0.02029	0.01815	0.01134	0.01361	0.00958	0.00806	0.00806	0.00202	0.06829	0.00491	0.00378	0.00857
3	0.01631	0.01542	0.08467	0.01472	0.07428	0.01103	0.01155	0.01991	0.01565	0.07102	0.01701	0.02056	0.03255	0.06280	0.00853	0.00191	0.00646	0.00573	0.00463	0.50524
