[name]
unknown

[dist]
# distance from previous block
# <min> <max>
2	26

[block]
# block no. 0 follows, 33 sequences, length 62
# corresponding to MSA columns:
# 30-91
name=unknown_A
#
# <colnr> <probs for GDERKNQSTAVLIFYWHMCP>
#	G	D	E	R	K	N	Q	S	T	A	V	L	I	F	Y	W	H	M	C	P
0	0.01693	0.04523	0.09152	0.01372	0.01815	0.03301	0.04330	0.10918	0.24798	0.09024	0.06515	0.06789	0.03582	0.01073	0.03149	0.00240	0.00667	0.02748	0.00578	0.03734
1	0.00975	0.00925	0.06806	0.04572	0.01321	0.00763	0.00831	0.01214	0.01361	0.01902	0.15465	0.28427	0.07657	0.08518	0.06543	0.00326	0.02231	0.01210	0.03932	0.05019
2	0.01616	0.17491	0.24584	0.03498	0.04597	0.01763	0.18257	0.08236	0.03125	0.04257	0.01326	0.01657	0.01045	0.04819	0.00777	0.00221	0.00881	0.00581	0.00359	0.00911
3	0.05518	0.01435	0.01558	0.01390	0.04030	0.08414	0.03940	0.22512	0.06596	0.09487	0.02367	0.20421	0.04836	0.03448	0.00779	0.00230	0.00646	0.00948	0.00585	0.00860
4	0.00832	0.00643	0.00744	0.00776	0.00913	0.00583	0.00549	0.00988	0.01397	0.01787	0.13052	0.23313	0.35440	0.10539	0.05134	0.00326	0.00457	0.01399	0.00586	0.00542
5	0.01272	0.01178	0.01955	0.50721	0.05205	0.01360	0.07831	0.05096	0.01464	0.01900	0.04470	0.06328	0.06800	0.00835	0.00693	0.00220	0.00798	0.00759	0.00374	0.00744
6	0.01616	0.01874	0.05789	0.08164	0.14972	0.08061	0.45424	0.02108	0.01549	0.02040	0.01271	0.01684	0.00978	0.00581	0.00726	0.00212	0.01040	0.00690	0.00327	0.00894
7	0.01585	0.31258	0.29246	0.07017	0.02348	0.01880	0.03227	0.04711	0.01466	0.05365	0.01468	0.01619	0.04840	0.00675	0.00565	0.00184	0.00801	0.00511	0.00341	0.00894
8	0.00798	0.00643	0.00699	0.00734	0.00898	0.00557	0.00525	0.00947	0.01423	0.01751	0.07473	0.23116	0.50368	0.05893	0.00935	0.00256	0.00361	0.01477	0.00603	0.00544
9	0.01270	0.00890	0.01063	0.00968	0.01206	0.00894	0.00748	0.01789	0.13824	0.10442	0.28614	0.07163	0.21745	0.01307	0.00824	0.00220	0.04532	0.01097	0.00668	0.00737
10	0.01771	0.17640	0.07984	0.02543	0.29836	0.08061	0.06571	0.07760	0.07634	0.02185	0.01306	0.01532	0.01055	0.00633	0.00608	0.00187	0.00811	0.00544	0.00371	0.00967
11	0.01833	0.02075	0.03653	0.01460	0.01727	0.34976	0.01146	0.05877	0.06220	0.01857	0.01528	0.07714	0.01393	0.01604	0.13658	0.00350	0.08445	0.00644	0.03091	0.00749
12	0.01959	0.07979	0.02053	0.01643	0.01898	0.34713	0.03375	0.05873	0.01568	0.01755	0.01170	0.01474	0.02842	0.00956	0.02818	0.00232	0.26059	0.00522	0.00343	0.00769
13	0.00833	0.00588	0.00766	0.00896	0.00932	0.00557	0.00593	0.00936	0.01223	0.01629	0.03392	0.63591	0.04044	0.13250	0.01218	0.00324	0.00427	0.03708	0.00579	0.00517
14	0.01691	0.01858	0.09093	0.05309	0.03161	0.01668	0.49686	0.10169	0.01715	0.05345	0.01387	0.01734	0.01019	0.00616	0.00769	0.00218	0.02539	0.00715	0.00385	0.00922
15	0.01207	0.00718	0.00917	0.00880	0.01069	0.00645	0.00650	0.01425	0.01623	0.13889	0.29904	0.23873	0.15623	0.03456	0.00841	0.00236	0.00383	0.01312	0.00682	0.00664
16	0.01650	0.01534	0.02252	0.06903	0.47278	0.05380	0.01695	0.02261	0.13365	0.04348	0.01640	0.05889	0.01388	0.00735	0.00663	0.00204	0.00736	0.00678	0.00414	0.00986
17	0.02801	0.01145	0.01520	0.01183	0.01668	0.01026	0.00970	0.08212	0.01942	0.64015	0.02577	0.06275	0.01741	0.00882	0.00672	0.00207	0.00563	0.00723	0.00792	0.01088
18	0.00849	0.00652	0.00766	0.00833	0.00963	0.00592	0.00587	0.03069	0.01431	0.01824	0.06887	0.44064	0.31415	0.01844	0.00808	0.00245	0.00371	0.01620	0.00616	0.00564
19	0.00788	0.00665	0.00670	0.00670	0.00880	0.00560	0.00495	0.00945	0.01471	0.01751	0.06416	0.06224	0.68631	0.05807	0.00920	0.00245	0.00350	0.01366	0.00600	0.00547
20	0.01532	0.01728	0.03732	0.02690	0.03321	0.01637	0.66102	0.02068	0.01540	0.02092	0.01406	0.01990	0.01105	0.00618	0.00813	0.00227	0.02761	0.03422	0.00343	0.00873
21	0.01760	0.77260	0.03450	0.01126	0.01690	0.02605	0.01126	0.01971	0.01338	0.01549	0.00915	0.01056	0.00845	0.00563	0.00422	0.00141	0.00704	0.00352	0.00282	0.00845
22	0.00779	0.00663	0.00671	0.00678	0.00892	0.00555	0.00505	0.00943	0.01489	0.01774	0.06529	0.09564	0.69352	0.01685	0.00781	0.00224	0.00336	0.01412	0.00611	0.00555
23	0.03756	0.01339	0.01972	0.01836	0.09271	0.06680	0.16934	0.07640	0.01535	0.02077	0.03337	0.25739	0.02207	0.01457	0.06427	0.00294	0.05237	0.01044	0.00459	0.00759
24	0.02039	0.02014	0.10523	0.01840	0.02365	0.16687	0.20795	0.04042	0.04426	0.18902	0.04857	0.01868	0.01373	0.00734	0.00754	0.00207	0.04529	0.00646	0.00478	0.00917
25	0.01241	0.00705	0.00757	0.00724	0.00879	0.00723	0.00533	0.05890	0.01437	0.02355	0.05486	0.02779	0.01964	0.11461	0.05456	0.00281	0.00470	0.00693	0.55550	0.00616
26	0.01595	0.01270	0.01765	0.29324	0.02799	0.01444	0.03761	0.09363	0.16441	0.08433	0.05090	0.02375	0.03749	0.00850	0.00747	0.00219	0.04148	0.02955	0.00500	0.03173
27	0.62400	0.04254	0.06017	0.00989	0.01432	0.01521	0.00876	0.03415	0.07158	0.02834	0.01134	0.01259	0.00873	0.00642	0.00451	0.00202	0.00547	0.00410	0.02815	0.00768
28	0.01886	0.01484	0.01643	0.01238	0.01783	0.01443	0.01006	0.32183	0.06945	0.03071	0.01455	0.01535	0.01110	0.00649	0.00576	0.00150	0.00594	0.00504	0.00528	0.40218
29	0.01006	0.00710	0.00933	0.01058	0.03051	0.00676	0.00766	0.01252	0.03872	0.04896	0.07000	0.41324	0.12502	0.01792	0.00826	0.00261	0.00446	0.16396	0.00618	0.00614
30	0.06873	0.06015	0.35302	0.07613	0.04298	0.01550	0.10778	0.03758	0.03538	0.10504	0.01384	0.01574	0.00991	0.00659	0.00662	0.00208	0.02422	0.00552	0.00380	0.00939
31	0.01259	0.10722	0.22368	0.01413	0.04466	0.01225	0.03383	0.01697	0.04039	0.04778	0.08763	0.21032	0.05712	0.01260	0.02699	0.00242	0.00676	0.03012	0.00470	0.00783
32	0.00802	0.00573	0.00764	0.00917	0.00955	0.00535	0.00611	0.00917	0.01260	0.01681	0.03628	0.76434	0.04354	0.02062	0.00840	0.00267	0.00382	0.01872	0.00611	0.00535
33	0.01974	0.06150	0.19489	0.01786	0.02290	0.41143	0.07201	0.02322	0.01628	0.01760	0.01093	0.01336	0.00882	0.00806	0.02927	0.00216	0.05377	0.00482	0.00319	0.00820
34	0.05782	0.12498	0.36983	0.01587	0.04372	0.03704	0.01712	0.02220	0.05635	0.11092	0.03107	0.05710	0.01320	0.00752	0.00609	0.00201	0.00787	0.00592	0.00408	0.00929
35	0.00815	0.00582	0.00778	0.00931	0.00975	0.00546	0.00633	0.00938	0.01273	0.01695	0.03622	0.73086	0.04327	0.02051	0.00844	0.00269	0.00393	0.05096	0.00611	0.00538
36	0.02459	0.03138	0.01866	0.01696	0.02035	0.74221	0.01272	0.02629	0.01866	0.01611	0.01018	0.01187	0.00848	0.00678	0.00594	0.00170	0.01187	0.00424	0.00339	0.00763
37	0.08080	0.04721	0.28782	0.01440	0.02109	0.01393	0.01527	0.09566	0.03538	0.27587	0.01884	0.01838	0.03119	0.00742	0.00624	0.00204	0.00727	0.00577	0.00537	0.01007
38	0.01954	0.08701	0.32933	0.01887	0.12455	0.01437	0.01766	0.02445	0.01568	0.26070	0.01645	0.01683	0.01134	0.00678	0.00624	0.00199	0.00783	0.00549	0.00467	0.01022
39	0.74973	0.01224	0.00953	0.00857	0.01246	0.01405	0.00701	0.01869	0.01168	0.02898	0.04411	0.01431	0.03482	0.00682	0.00437	0.00205	0.00494	0.00431	0.00429	0.00703
40	0.01243	0.01170	0.01975	0.75282	0.04534	0.01463	0.01828	0.01682	0.01316	0.01682	0.01170	0.01755	0.00878	0.00658	0.00658	0.00219	0.00878	0.00585	0.00293	0.00731
41	0.03957	0.04471	0.08677	0.01321	0.01821	0.01366	0.01182	0.15672	0.06560	0.35640	0.04577	0.02276	0.01659	0.00861	0.00718	0.00210	0.03597	0.03750	0.00660	0.01025
42	0.01640	0.01609	0.02674	0.06099	0.65757	0.03796	0.04694	0.02032	0.01507	0.02118	0.01233	0.01625	0.01030	0.00590	0.00655	0.00197	0.00810	0.00589	0.00326	0.01019
43	0.00789	0.00623	0.00712	0.00783	0.00920	0.00546	0.00552	0.00932	0.01389	0.01733	0.05250	0.39041	0.40700	0.01852	0.00807	0.00243	0.00356	0.01614	0.00611	0.00546
44	0.02489	0.04202	0.04262	0.04267	0.01959	0.04570	0.01163	0.22836	0.09837	0.34337	0.02076	0.01935	0.01403	0.00789	0.00649	0.00201	0.00663	0.00621	0.00675	0.01066
45	0.02061	0.03614	0.04595	0.01644	0.09095	0.01236	0.09032	0.07980	0.06156	0.29470	0.07789	0.07195	0.01978	0.00874	0.00678	0.00206	0.00634	0.00772	0.04023	0.00966
46	0.00805	0.00586	0.00758	0.00888	0.00949	0.00540	0.00600	0.00932	0.01308	0.01727	0.06550	0.66565	0.11378	0.01995	0.00831	0.00260	0.00374	0.01796	0.00615	0.00540
47	0.01289	0.01277	0.03760	0.64865	0.10380	0.01480	0.04249	0.01736	0.01342	0.01747	0.01182	0.01736	0.00895	0.00648	0.00661	0.00217	0.00880	0.00590	0.00296	0.00769
48	0.01837	0.07656	0.08267	0.05338	0.28761	0.07714	0.01616	0.19116	0.03785	0.02515	0.01402	0.03839	0.01153	0.00848	0.03109	0.00224	0.00829	0.00595	0.00420	0.00975
49	0.01708	0.01743	0.09922	0.04091	0.04036	0.11128	0.06700	0.18633	0.01819	0.02460	0.01622	0.05108	0.01375	0.06636	0.04444	0.00270	0.02973	0.00662	0.13849	0.00820
50	0.00793	0.00652	0.00700	0.00736	0.00920	0.00559	0.00543	0.00955	0.01455	0.01767	0.05962	0.19939	0.56745	0.01749	0.00795	0.00234	0.00353	0.03978	0.00611	0.00554
51	0.01526	0.24935	0.47066	0.01658	0.02472	0.03844	0.03391	0.04455	0.01450	0.01987	0.01116	0.01301	0.00851	0.00613	0.00569	0.00188	0.00894	0.00455	0.00295	0.00933
52	0.01656	0.01713	0.07225	0.22240	0.26198	0.07206	0.07119	0.06198	0.03582	0.04734	0.01300	0.01658	0.01011	0.00672	0.00735	0.00209	0.04682	0.00589	0.00362	0.00912
53	0.00841	0.00596	0.00783	0.00907	0.00949	0.00572	0.00609	0.00952	0.01218	0.01628	0.03316	0.60106	0.03928	0.12603	0.04754	0.00359	0.00493	0.04295	0.00569	0.00521
54	0.12181	0.18981	0.26855	0.01438	0.02078	0.04686	0.03548	0.05984	0.03130	0.07902	0.01447	0.01578	0.03164	0.00836	0.03361	0.00224	0.00818	0.00508	0.00387	0.00894
55	0.04012	0.28288	0.02053	0.01142	0.01507	0.05890	0.00962	0.14585	0.03731	0.02234	0.09593	0.13544	0.02129	0.02808	0.00761	0.04112	0.00622	0.00769	0.00475	0.00782
56	0.00911	0.00622	0.00816	0.00858	0.00945	0.00601	0.00603	0.00976	0.01225	0.01618	0.08898	0.25652	0.17189	0.05585	0.12212	0.18457	0.00625	0.01215	0.00500	0.00492
57	0.14740	0.01138	0.01422	0.01116	0.01593	0.01052	0.00919	0.04450	0.01795	0.57582	0.05707	0.02178	0.01702	0.00809	0.00629	0.00204	0.00544	0.00640	0.00745	0.01034
58	0.01530	0.01885	0.18087	0.25400	0.25784	0.04373	0.01910	0.04875	0.01496	0.04178	0.01276	0.01694	0.00998	0.02901	0.00726	0.00218	0.00857	0.00571	0.00336	0.00905
59	0.01512	0.27935	0.29348	0.08052	0.02397	0.01866	0.03698	0.03950	0.07319	0.01982	0.01399	0.01572	0.02830	0.00663	0.00568	0.00187	0.00798	0.00509	0.02520	0.00895
60	0.01630	0.02249	0.30033	0.06100	0.12927	0.05787	0.01778	0.04401	0.12886	0.07760	0.01670	0.01965	0.01279	0.00742	0.00648	0.00209	0.00804	0.03439	0.02734	0.00958
61	0.17484	0.07651	0.01855	0.09428	0.07316	0.10585	0.06393	0.04148	0.03135	0.08925	0.03527	0.04474	0.05485	0.00790	0.00645	0.00199	0.02938	0.00627	0.00440	0.03956

[dist]
# distance from previous block
# <min> <max>
0	4

[block]
# block no. 1 follows, 33 sequences, length 16
# corresponding to MSA columns:
# 96-111
name=unknown_B
#
# <colnr> <probs for GDERKNQSTAVLIFYWHMCP>
#	G	D	E	R	K	N	Q	S	T	A	V	L	I	F	Y	W	H	M	C	P
0	0.01752	0.29519	0.06720	0.11682	0.21922	0.14371	0.01564	0.02066	0.01473	0.01774	0.01071	0.01347	0.00904	0.00605	0.00557	0.00175	0.00846	0.00467	0.00305	0.00878
1	0.01770	0.01496	0.10067	0.01408	0.04360	0.01251	0.03112	0.08311	0.12233	0.16471	0.03646	0.06261	0.03760	0.00861	0.00714	0.00195	0.03996	0.02070	0.00549	0.17468
2	0.01552	0.10097	0.35568	0.06134	0.11231	0.01574	0.06411	0.03705	0.04089	0.07383	0.03037	0.03732	0.01206	0.00696	0.00634	0.00203	0.00841	0.00590	0.00372	0.00946
3	0.00828	0.00607	0.00795	0.00896	0.00969	0.00583	0.00619	0.00967	0.01270	0.01690	0.06049	0.53285	0.11832	0.05151	0.10792	0.00380	0.00569	0.01602	0.00572	0.00542
4	0.01285	0.06879	0.01510	0.01198	0.01444	0.01038	0.09078	0.06452	0.04630	0.06294	0.02844	0.33542	0.07062	0.08390	0.03308	0.00295	0.00599	0.01228	0.02228	0.00694
5	0.01752	0.01599	0.07643	0.02117	0.23035	0.05499	0.01391	0.14577	0.06930	0.08786	0.04792	0.09960	0.07149	0.00939	0.00684	0.00208	0.00678	0.00806	0.00518	0.00937
6	0.01535	0.14455	0.46225	0.01670	0.02459	0.03916	0.05605	0.02105	0.01452	0.07667	0.01599	0.01729	0.05382	0.00694	0.00613	0.00198	0.00872	0.00550	0.00347	0.00927
7	0.01213	0.00731	0.00933	0.00867	0.01076	0.00655	0.00655	0.01465	0.01728	0.13689	0.41241	0.13855	0.16529	0.01407	0.00767	0.00217	0.00364	0.01227	0.00705	0.00679
8	0.01668	0.32073	0.18891	0.01410	0.04441	0.05708	0.01382	0.05655	0.01599	0.06445	0.12963	0.01901	0.01801	0.00742	0.00573	0.00178	0.00722	0.00566	0.00412	0.00872
9	0.02160	0.07102	0.01987	0.01601	0.05125	0.16785	0.03588	0.30918	0.10369	0.05483	0.01775	0.05666	0.02828	0.00833	0.00646	0.00196	0.00779	0.00652	0.00544	0.00964
10	0.01404	0.01449	0.02206	0.08361	0.02274	0.07441	0.18037	0.01694	0.01258	0.01715	0.01311	0.04645	0.01194	0.01750	0.16557	0.00416	0.26539	0.00690	0.00329	0.00731
11	0.01335	0.01264	0.02141	0.58309	0.20788	0.01487	0.01874	0.01763	0.01360	0.01794	0.01186	0.01725	0.00917	0.00641	0.00657	0.00214	0.00855	0.00585	0.00300	0.00806
12	0.07113	0.08890	0.35143	0.01810	0.02478	0.01709	0.13005	0.06021	0.01442	0.02169	0.01173	0.01450	0.00898	0.00692	0.00821	0.00213	0.10945	0.00535	0.02600	0.00894
13	0.01458	0.01622	0.03486	0.02537	0.03123	0.01520	0.61454	0.01956	0.01516	0.02054	0.01625	0.11315	0.01428	0.00748	0.00785	0.00228	0.01017	0.00917	0.00369	0.00843
14	0.00923	0.00659	0.00857	0.00929	0.00993	0.00666	0.00635	0.03640	0.01235	0.01670	0.02905	0.46022	0.03349	0.16684	0.15148	0.00484	0.00704	0.01430	0.00524	0.00541
15	0.02061	0.01552	0.01666	0.01497	0.05809	0.06858	0.01116	0.23331	0.23996	0.12619	0.02045	0.02143	0.01552	0.05728	0.04756	0.00278	0.00725	0.00666	0.00609	0.00992

[dist]
# distance from previous block
# <min> <max>
1	9

[block]
# block no. 2 follows, 33 sequences, length 26
# corresponding to MSA columns:
# 125-150
name=unknown_C
#
# <colnr> <probs for GDERKNQSTAVLIFYWHMCP>
#	G	D	E	R	K	N	Q	S	T	A	V	L	I	F	Y	W	H	M	C	P
0	0.01929	0.01333	0.01495	0.01281	0.01665	0.01446	0.01009	0.16893	0.35036	0.15229	0.05509	0.10016	0.02182	0.00999	0.00688	0.00218	0.00546	0.00835	0.00689	0.01001
1	0.00849	0.00610	0.00814	0.00948	0.01011	0.00584	0.00672	0.00993	0.01284	0.01702	0.03571	0.58273	0.06461	0.04947	0.04318	0.00321	0.00485	0.11024	0.00591	0.00543
2	0.07517	0.07197	0.07087	0.02106	0.15467	0.01597	0.15624	0.11452	0.07311	0.11930	0.05045	0.01864	0.01401	0.00702	0.00652	0.00203	0.00756	0.00639	0.00483	0.00968
3	0.02466	0.09083	0.08538	0.01253	0.01778	0.01222	0.01142	0.04842	0.03868	0.49048	0.02338	0.02459	0.01650	0.00857	0.00655	0.00206	0.00622	0.06259	0.00683	0.01033
4	0.00957	0.00638	0.00718	0.00718	0.00718	0.00638	0.00399	0.00957	0.00957	0.01276	0.02074	0.04308	0.02393	0.76864	0.03351	0.00638	0.00638	0.00957	0.00399	0.00399
5	0.01367	0.01272	0.02138	0.49050	0.26311	0.01458	0.01829	0.01784	0.01378	0.01867	0.01235	0.01746	0.00967	0.00640	0.00647	0.00209	0.00822	0.00587	0.03866	0.00826
6	0.01643	0.04395	0.07611	0.03629	0.59038	0.04607	0.05441	0.02053	0.01504	0.02101	0.01219	0.01582	0.01011	0.00591	0.00646	0.00195	0.00826	0.00574	0.00322	0.01012
7	0.02954	0.01120	0.01528	0.01171	0.01681	0.00968	0.00968	0.03208	0.01884	0.73213	0.02597	0.02241	0.01630	0.00815	0.00662	0.00204	0.00560	0.00662	0.00815	0.01120
8	0.02459	0.03138	0.01866	0.01696	0.02035	0.74221	0.01272	0.02629	0.01866	0.01611	0.01018	0.01187	0.00848	0.00678	0.00594	0.00170	0.01187	0.00424	0.00339	0.00763
9	0.00847	0.00666	0.00765	0.00747	0.00933	0.00584	0.00558	0.01076	0.01653	0.02157	0.35725	0.08143	0.40721	0.01538	0.00780	0.00217	0.00325	0.01318	0.00662	0.00584
10	0.05822	0.01255	0.01460	0.01424	0.08828	0.03748	0.00997	0.18103	0.05791	0.13357	0.13870	0.09028	0.07942	0.04411	0.00808	0.00228	0.00569	0.00877	0.00616	0.00868
11	0.04572	0.01514	0.01639	0.01314	0.01761	0.01652	0.01068	0.39932	0.15353	0.11683	0.01951	0.01910	0.01400	0.00804	0.00630	0.00198	0.00611	0.00624	0.10351	0.01032
12	0.01585	0.00938	0.01405	0.03573	0.04781	0.00897	0.04820	0.01883	0.01596	0.20468	0.04951	0.10743	0.02982	0.01406	0.00810	0.00260	0.00611	0.34891	0.00628	0.00773
13	0.01002	0.00719	0.00774	0.00853	0.00934	0.04186	0.00580	0.01154	0.01292	0.01819	0.03060	0.44795	0.05341	0.10157	0.01020	0.00276	0.00431	0.01382	0.19675	0.00550
14	0.01817	0.01604	0.20138	0.05010	0.01934	0.01067	0.01298	0.02292	0.04422	0.28313	0.21932	0.02761	0.02696	0.00911	0.00685	0.00207	0.00612	0.00765	0.00617	0.00918
15	0.00778	0.00667	0.00667	0.00667	0.00889	0.00556	0.00500	0.00945	0.01501	0.01778	0.06669	0.06336	0.72490	0.01667	0.00778	0.00222	0.00333	0.01389	0.00611	0.00556
16	0.01461	0.27104	0.50990	0.01636	0.02477	0.01874	0.02013	0.02048	0.01373	0.01913	0.01096	0.01283	0.00837	0.00605	0.00560	0.00187	0.00887	0.00443	0.00279	0.00932
17	0.01598	0.01638	0.06121	0.06880	0.66502	0.01558	0.02033	0.02010	0.01486	0.02128	0.01233	0.01623	0.01026	0.00591	0.00651	0.00197	0.00795	0.00582	0.00322	0.01026
18	0.07465	0.01216	0.01594	0.03465	0.09036	0.03965	0.04872	0.09832	0.01761	0.19409	0.08159	0.12485	0.02398	0.01096	0.00713	0.00225	0.00623	0.10232	0.00596	0.00858
19	0.05336	0.05454	0.05319	0.01566	0.02059	0.19884	0.09728	0.11009	0.01897	0.25725	0.01742	0.01897	0.01267	0.00756	0.00646	0.00198	0.00833	0.03197	0.00542	0.00946
20	0.01463	0.01405	0.02420	0.34158	0.41383	0.01525	0.04393	0.01880	0.01424	0.01951	0.01213	0.01688	0.00971	0.00616	0.00659	0.00207	0.00834	0.00593	0.00312	0.00905
21	0.01502	0.15007	0.51057	0.01821	0.06606	0.01684	0.02059	0.02187	0.04958	0.05357	0.01284	0.01444	0.00944	0.00636	0.00598	0.00197	0.00876	0.00492	0.00326	0.00967
22	0.01373	0.09816	0.56660	0.01773	0.02597	0.03521	0.04148	0.02008	0.01382	0.01985	0.01279	0.05446	0.01033	0.00716	0.00677	0.00208	0.03598	0.00560	0.00300	0.00920
23	0.00802	0.00573	0.00764	0.00917	0.00955	0.00535	0.00611	0.00917	0.01260	0.01681	0.03628	0.76434	0.04354	0.02062	0.00840	0.00267	0.00382	0.01872	0.00611	0.00535
24	0.00884	0.00620	0.00801	0.00904	0.00949	0.00605	0.00617	0.00995	0.01198	0.01596	0.03089	0.44255	0.03609	0.23164	0.04930	0.00412	0.00545	0.09780	0.00539	0.00508
25	0.05941	0.01793	0.09002	0.02113	0.16803	0.05226	0.09659	0.16544	0.07221	0.13979	0.01613	0.01715	0.01173	0.00691	0.00648	0.00199	0.00769	0.00599	0.00502	0.03809

[dist]
# distance from previous block
# <min> <max>
12	26

[block]
# block no. 3 follows, 33 sequences, length 35
# corresponding to MSA columns:
# 184-218
name=unknown_D
#
# <colnr> <probs for GDERKNQSTAVLIFYWHMCP>
#	G	D	E	R	K	N	Q	S	T	A	V	L	I	F	Y	W	H	M	C	P
0	0.16600	0.09088	0.11476	0.07475	0.05031	0.01655	0.17494	0.11619	0.01659	0.07421	0.03562	0.01623	0.01128	0.00660	0.00616	0.00203	0.00794	0.00578	0.00423	0.00896
1	0.20696	0.02008	0.03486	0.01408	0.01837	0.20439	0.01153	0.26338	0.02063	0.08064	0.01303	0.01396	0.00970	0.00740	0.00674	0.00198	0.05328	0.00496	0.00498	0.00906
2	0.00948	0.00620	0.00815	0.00911	0.00982	0.00579	0.00620	0.01077	0.01312	0.05548	0.08293	0.58757	0.04134	0.09294	0.01075	0.00297	0.00417	0.03152	0.00609	0.00560
3	0.01645	0.00875	0.01119	0.00998	0.01276	0.00813	0.00768	0.02037	0.08341	0.26227	0.24428	0.17537	0.08619	0.01283	0.00740	0.00220	0.00430	0.01114	0.00720	0.00808
4	0.01915	0.07685	0.02390	0.02659	0.33835	0.13596	0.04264	0.15826	0.03362	0.02386	0.01320	0.01654	0.01095	0.04277	0.00760	0.00210	0.00831	0.00572	0.00402	0.00960
5	0.01577	0.01336	0.07025	0.01635	0.02057	0.01177	0.18740	0.02146	0.09932	0.13930	0.04919	0.03808	0.02293	0.03059	0.02818	0.00275	0.00764	0.21123	0.00548	0.00836
6	0.02222	0.01968	0.10429	0.01711	0.02303	0.01871	0.11006	0.47921	0.05087	0.06462	0.01582	0.01645	0.01123	0.00743	0.00672	0.00203	0.00793	0.00615	0.00576	0.01068
7	0.04348	0.02224	0.11871	0.01566	0.02114	0.13251	0.01393	0.44619	0.06640	0.03350	0.01484	0.01530	0.01079	0.00751	0.00638	0.00196	0.00814	0.00554	0.00549	0.01028
8	0.16204	0.07968	0.04318	0.07045	0.05368	0.12279	0.18096	0.16625	0.01807	0.02546	0.01212	0.01447	0.00928	0.00644	0.00613	0.00198	0.00865	0.00548	0.00407	0.00882
9	0.00975	0.00676	0.00859	0.00832	0.00995	0.00613	0.00617	0.01233	0.01722	0.05321	0.49740	0.15637	0.15357	0.01477	0.00781	0.00218	0.00335	0.01298	0.00695	0.00620
10	0.01705	0.01448	0.01526	0.01353	0.01737	0.01669	0.01058	0.08707	0.66249	0.02862	0.02594	0.02388	0.01940	0.00885	0.00669	0.00221	0.00537	0.00733	0.00669	0.01048
11	0.01595	0.39298	0.35582	0.01502	0.02242	0.05947	0.01735	0.02059	0.01390	0.01799	0.01043	0.01217	0.00840	0.00598	0.00525	0.00173	0.00854	0.00418	0.00283	0.00899
12	0.01544	0.01587	0.02815	0.16234	0.29251	0.03573	0.23165	0.02012	0.03522	0.02012	0.01262	0.01695	0.01008	0.00646	0.00809	0.00215	0.06770	0.00645	0.00330	0.00905
13	0.00868	0.00620	0.00839	0.00992	0.01059	0.00591	0.00726	0.01030	0.01325	0.01754	0.03592	0.58871	0.04210	0.02000	0.00858	0.00276	0.00439	0.18784	0.00610	0.00553
14	0.00841	0.00616	0.00824	0.04397	0.01119	0.00594	0.00665	0.00973	0.01264	0.01669	0.03552	0.62429	0.07286	0.06828	0.00994	0.00288	0.00428	0.04110	0.00582	0.00539
15	0.02408	0.05877	0.07040	0.01464	0.02016	0.01868	0.01280	0.49905	0.05403	0.13539	0.01703	0.01666	0.01191	0.00774	0.00644	0.00197	0.00710	0.00588	0.00634	0.01092
16	0.00783	0.00667	0.00674	0.00672	0.00892	0.00558	0.00504	0.00954	0.01512	0.01806	0.08804	0.06290	0.70338	0.01657	0.00778	0.00222	0.00333	0.01383	0.00615	0.00558
17	0.02519	0.01818	0.01960	0.01503	0.02029	0.02003	0.01241	0.68174	0.03052	0.06598	0.01617	0.01604	0.01138	0.00791	0.00659	0.00198	0.00719	0.00595	0.00664	0.01120
18	0.01297	0.01238	0.02135	0.64665	0.11386	0.01482	0.05069	0.01736	0.01346	0.01750	0.01185	0.01743	0.00900	0.00646	0.00663	0.00217	0.00879	0.00594	0.00298	0.00770
19	0.01595	0.01621	0.02405	0.01905	0.02218	0.08477	0.23289	0.06772	0.04389	0.02030	0.01368	0.04378	0.01181	0.01096	0.05131	0.00280	0.25855	0.00689	0.04519	0.00800
20	0.00802	0.00573	0.00764	0.00917	0.00955	0.00535	0.00611	0.00917	0.01260	0.01681	0.03628	0.76434	0.04354	0.02062	0.00840	0.00267	0.00382	0.01872	0.00611	0.00535
21	0.02794	0.01276	0.01638	0.01264	0.01753	0.01226	0.01045	0.16187	0.02077	0.56416	0.02318	0.02075	0.01494	0.00826	0.00733	0.00207	0.04167	0.00645	0.00759	0.01101
22	0.01518	0.25778	0.49333	0.01621	0.02451	0.01834	0.01978	0.02094	0.01393	0.04719	0.01156	0.01322	0.00869	0.00614	0.00565	0.00188	0.00875	0.00452	0.00300	0.00940
23	0.01731	0.01393	0.01491	0.01328	0.01710	0.01590	0.01037	0.03478	0.66628	0.07749	0.02674	0.02441	0.01983	0.00888	0.00669	0.00222	0.00524	0.00738	0.00680	0.01048
24	0.01776	0.01620	0.01551	0.01378	0.01752	0.09817	0.01072	0.08549	0.56333	0.02730	0.04464	0.02318	0.01934	0.00874	0.00664	0.00215	0.00606	0.00710	0.00633	0.01004
25	0.01542	0.01847	0.08563	0.02835	0.12823	0.01658	0.52939	0.02070	0.01509	0.02088	0.01286	0.01713	0.00987	0.00592	0.00814	0.00220	0.04559	0.00721	0.00326	0.00907
26	0.01372	0.01316	0.02291	0.41659	0.26943	0.01461	0.07268	0.01786	0.01393	0.01872	0.01343	0.05896	0.01137	0.00705	0.00676	0.00214	0.00837	0.00673	0.00325	0.00836
27	0.05021	0.01803	0.01918	0.01485	0.02000	0.02002	0.01223	0.64863	0.06577	0.04038	0.01616	0.01609	0.01152	0.00790	0.00651	0.00199	0.00707	0.00593	0.00651	0.01102
28	0.08376	0.01213	0.01728	0.01314	0.01832	0.01099	0.07689	0.04752	0.01829	0.59549	0.02329	0.02096	0.01490	0.00775	0.00655	0.00205	0.00614	0.00650	0.00735	0.01069
29	0.01706	0.28466	0.11545	0.01256	0.01733	0.11818	0.01189	0.02071	0.04837	0.08459	0.09978	0.02255	0.08476	0.00838	0.00627	0.00183	0.02665	0.00629	0.00440	0.00828
30	0.01706	0.01399	0.01491	0.01331	0.01710	0.01603	0.01038	0.03483	0.67959	0.06402	0.02675	0.02445	0.01990	0.00889	0.00669	0.00222	0.00523	0.00740	0.00677	0.01046
31	0.00807	0.00577	0.00768	0.00913	0.00956	0.00538	0.00611	0.00929	0.01283	0.01716	0.06158	0.73804	0.04422	0.02036	0.00838	0.00265	0.00379	0.01846	0.00615	0.00538
32	0.04258	0.53564	0.21208	0.01328	0.01983	0.04571	0.01451	0.02020	0.01361	0.01733	0.00987	0.01146	0.00838	0.00584	0.00479	0.00161	0.00782	0.00389	0.00287	0.00871
33	0.01853	0.01582	0.01524	0.01356	0.01725	0.11253	0.01062	0.06436	0.46793	0.08891	0.04999	0.02551	0.02016	0.00913	0.00674	0.00216	0.00620	0.03920	0.00637	0.00979
34	0.00802	0.00573	0.00764	0.00917	0.00955	0.00535	0.00611	0.00917	0.01260	0.01681	0.03628	0.76434	0.04354	0.02062	0.00840	0.00267	0.00382	0.01872	0.00611	0.00535

[dist]
# distance from previous block
# <min> <max>
0	57

[block]
# block no. 4 follows, 33 sequences, length 37
# corresponding to MSA columns:
# 276-309,317-319
name=unknown_E
#
# <colnr> <probs for GDERKNQSTAVLIFYWHMCP>
#	G	D	E	R	K	N	Q	S	T	A	V	L	I	F	Y	W	H	M	C	P
0	0.01188	0.00729	0.00918	0.00851	0.01064	0.00650	0.00645	0.01439	0.01729	0.12913	0.40829	0.11407	0.20297	0.01405	0.00766	0.00216	0.00360	0.01219	0.00702	0.00673
1	0.02148	0.01782	0.01656	0.01402	0.01812	0.18973	0.02979	0.12462	0.23677	0.16587	0.02391	0.02277	0.07166	0.00864	0.00660	0.00203	0.00719	0.00682	0.00603	0.00958
2	0.02414	0.01800	0.01926	0.01497	0.02008	0.02000	0.01230	0.63736	0.10065	0.04007	0.01692	0.01670	0.01210	0.00801	0.00660	0.00200	0.00704	0.00608	0.00660	0.01112
3	0.02503	0.01844	0.01976	0.01515	0.02042	0.02042	0.01251	0.70562	0.03095	0.04149	0.01581	0.01581	0.01120	0.00790	0.00659	0.00198	0.00724	0.00593	0.00659	0.01120
4	0.04906	0.33127	0.02694	0.01452	0.01974	0.02051	0.11102	0.10692	0.17409	0.06162	0.01544	0.01603	0.01200	0.00679	0.00570	0.00184	0.00709	0.00548	0.00456	0.00939
5	0.02011	0.03675	0.01989	0.02101	0.19994	0.13118	0.01363	0.14849	0.24005	0.07405	0.01804	0.01839	0.01366	0.00749	0.00644	0.00200	0.00736	0.00611	0.00528	0.01012
6	0.00932	0.00673	0.00880	0.00828	0.00984	0.00621	0.00621	0.01242	0.01863	0.02640	0.72410	0.04918	0.06212	0.01346	0.00776	0.00207	0.00311	0.01191	0.00725	0.00621
7	0.03645	0.05744	0.17303	0.01622	0.04706	0.01694	0.03172	0.14593	0.12957	0.02434	0.01858	0.04963	0.05670	0.00919	0.00949	0.00224	0.15510	0.00678	0.00454	0.00905
8	0.36226	0.01517	0.01503	0.01229	0.01684	0.05147	0.03624	0.19288	0.08311	0.13283	0.01508	0.01527	0.01084	0.00712	0.00554	0.00203	0.00627	0.00515	0.00547	0.00912
9	0.01669	0.01430	0.01506	0.01346	0.01724	0.01652	0.01050	0.05924	0.69091	0.02804	0.02640	0.02425	0.01977	0.00889	0.00669	0.00222	0.00528	0.00739	0.00669	0.01045
10	0.01737	0.01766	0.02522	0.25259	0.14811	0.12564	0.17788	0.11474	0.01730	0.02189	0.01253	0.01630	0.00962	0.00643	0.00675	0.00206	0.00942	0.00607	0.00365	0.00878
11	0.08020	0.34669	0.19156	0.01474	0.03736	0.05270	0.04067	0.05384	0.06876	0.03985	0.01218	0.01346	0.00967	0.00630	0.00532	0.00178	0.00773	0.00459	0.00358	0.00902
12	0.01320	0.03405	0.73453	0.01876	0.02849	0.01529	0.02432	0.02085	0.01390	0.02085	0.01181	0.01390	0.00834	0.00625	0.00625	0.00208	0.00973	0.00486	0.00278	0.00973
13	0.00816	0.00579	0.00760	0.00899	0.00934	0.00544	0.00592	0.00920	0.01234	0.01645	0.03492	0.70091	0.04182	0.08641	0.01061	0.00300	0.00404	0.01791	0.00592	0.00523
14	0.01457	0.02027	0.24817	0.07492	0.11180	0.01495	0.11358	0.08155	0.06252	0.02228	0.01665	0.09401	0.01461	0.00863	0.00767	0.00223	0.04529	0.03331	0.00400	0.00899
15	0.01776	0.10761	0.04905	0.01647	0.05634	0.26955	0.01294	0.02045	0.03974	0.01751	0.05884	0.01817	0.03876	0.02544	0.01104	0.00219	0.22105	0.00578	0.00363	0.00769
16	0.01562	0.01463	0.02156	0.01751	0.02190	0.01568	0.21449	0.02902	0.44799	0.02495	0.02354	0.02693	0.01869	0.00875	0.00722	0.00230	0.00702	0.06697	0.00565	0.00958
17	0.14416	0.01443	0.02253	0.04609	0.05184	0.01423	0.21466	0.10625	0.01777	0.27613	0.01735	0.01802	0.01190	0.00689	0.00656	0.00209	0.00755	0.00635	0.00552	0.00971
18	0.29959	0.01596	0.02152	0.01646	0.02162	0.01706	0.21392	0.21966	0.06346	0.03038	0.01344	0.01515	0.00998	0.00665	0.00606	0.00209	0.00749	0.00574	0.00475	0.00903
19	0.01430	0.01079	0.01289	0.01249	0.05234	0.01139	0.00897	0.08963	0.23483	0.05982	0.27783	0.09782	0.03592	0.04087	0.00825	0.00232	0.00474	0.00986	0.00661	0.00832
20	0.00789	0.00650	0.00685	0.00711	0.00894	0.00555	0.00515	0.00941	0.01439	0.01743	0.05984	0.17978	0.58398	0.04630	0.00888	0.00246	0.00353	0.01453	0.00603	0.00546
21	0.11947	0.01342	0.01695	0.01358	0.01742	0.01435	0.08549	0.21508	0.07278	0.09750	0.16655	0.02478	0.02289	0.03988	0.00857	0.00228	0.04688	0.00742	0.00590	0.00880
22	0.01525	0.01716	0.03718	0.02682	0.03318	0.01611	0.66275	0.02065	0.01552	0.02101	0.01459	0.02109	0.01164	0.00630	0.00785	0.00227	0.01080	0.04764	0.00349	0.00871
23	0.02503	0.01844	0.01976	0.01515	0.02042	0.02042	0.01251	0.70562	0.03095	0.04149	0.01581	0.01581	0.01120	0.00790	0.00659	0.00198	0.00724	0.00593	0.00659	0.01120
24	0.64257	0.01301	0.01185	0.11500	0.01794	0.01517	0.00911	0.06969	0.01294	0.02861	0.01002	0.01205	0.00766	0.00631	0.00462	0.00205	0.00578	0.00406	0.00410	0.00746
25	0.01627	0.01567	0.02676	0.03896	0.67574	0.01571	0.04598	0.02076	0.03999	0.02171	0.01293	0.01664	0.01076	0.00596	0.00657	0.00198	0.00785	0.00599	0.00338	0.01037
26	0.00802	0.00573	0.00764	0.00917	0.00955	0.00535	0.00611	0.00917	0.01260	0.01681	0.03628	0.76434	0.04354	0.02062	0.00840	0.00267	0.00382	0.01872	0.00611	0.00535
27	0.00802	0.00573	0.00764	0.00917	0.00955	0.00535	0.00611	0.00917	0.01260	0.01681	0.03628	0.76434	0.04354	0.02062	0.00840	0.00267	0.00382	0.01872	0.00611	0.00535
28	0.25527	0.01508	0.01761	0.01848	0.16905	0.07856	0.04923	0.02501	0.09341	0.19238	0.01612	0.01670	0.01173	0.00689	0.00586	0.00202	0.00674	0.00550	0.00506	0.00931
29	0.01629	0.01564	0.02672	0.04041	0.72757	0.01564	0.02020	0.02020	0.01499	0.02151	0.01238	0.01629	0.01043	0.00587	0.00652	0.00196	0.00782	0.00587	0.00326	0.01043
30	0.00941	0.00703	0.01045	0.01045	0.01158	0.00816	0.00806	0.01167	0.01054	0.01518	0.01775	0.02653	0.01675	0.07738	0.71495	0.01042	0.01720	0.00715	0.00354	0.00580
31	0.64641	0.01517	0.06814	0.01032	0.01500	0.01556	0.00920	0.11114	0.01405	0.03045	0.01026	0.01163	0.00777	0.00636	0.00458	0.00203	0.00575	0.00398	0.00431	0.00788
32	0.01249	0.01346	0.07607	0.69498	0.04401	0.01468	0.01876	0.01714	0.01322	0.01714	0.01171	0.01726	0.00874	0.00656	0.00656	0.00219	0.00885	0.00577	0.00291	0.00750
33	0.01207	0.01130	0.01872	0.69402	0.04247	0.01391	0.01724	0.01624	0.01331	0.01690	0.01603	0.02116	0.06520	0.00738	0.00668	0.00220	0.00835	0.00648	0.00318	0.00717
34	0.01332	0.07073	0.58418	0.01824	0.02686	0.01527	0.07603	0.02014	0.01437	0.02101	0.06791	0.01680	0.01271	0.00673	0.00638	0.00206	0.00917	0.00558	0.00318	0.00932
35	0.01032	0.00665	0.00761	0.00769	0.00873	0.00656	0.00526	0.01276	0.04804	0.01972	0.13381	0.14888	0.07411	0.22129	0.01459	0.02834	0.00431	0.01043	0.22541	0.00551
36	0.01606	0.01395	0.01527	0.07166	0.01934	0.01624	0.01104	0.03355	0.66033	0.02669	0.02561	0.02401	0.01920	0.00875	0.00669	0.00223	0.00549	0.00732	0.00640	0.01018

[dist]
# distance from previous block
# <min> <max>
0	7

[block]
# block no. 5 follows, 33 sequences, length 24
# corresponding to MSA columns:
# 327-350
name=unknown_F
#
# <colnr> <probs for GDERKNQSTAVLIFYWHMCP>
#	G	D	E	R	K	N	Q	S	T	A	V	L	I	F	Y	W	H	M	C	P
0	0.01760	0.77260	0.03450	0.01126	0.01690	0.02605	0.01126	0.01971	0.01338	0.01549	0.00915	0.01056	0.00845	0.00563	0.00422	0.00141	0.00704	0.00352	0.00282	0.00845
1	0.01557	0.01491	0.02542	0.17323	0.60037	0.01545	0.01985	0.01957	0.01465	0.02063	0.01226	0.01653	0.01012	0.00600	0.00653	0.00200	0.00800	0.00586	0.00320	0.00985
2	0.01230	0.00743	0.00949	0.00890	0.01098	0.00674	0.00685	0.01481	0.01696	0.13364	0.36877	0.08420	0.16039	0.05371	0.00910	0.00244	0.00402	0.07569	0.00686	0.00671
3	0.01122	0.00826	0.00983	0.00994	0.01151	0.00822	0.00717	0.13919	0.01657	0.02193	0.06542	0.50900	0.12128	0.01747	0.00796	0.00246	0.00437	0.01545	0.00625	0.00650
4	0.01103	0.00691	0.00921	0.00959	0.01103	0.00641	0.00722	0.01319	0.01543	0.09389	0.22853	0.35263	0.06540	0.01681	0.00814	0.00248	0.00416	0.12499	0.00663	0.00632
5	0.01071	0.00699	0.00865	0.00867	0.00968	0.00676	0.00605	0.01254	0.03002	0.05918	0.18015	0.14015	0.05359	0.33526	0.01885	0.00410	0.00515	0.09240	0.00558	0.00551
6	0.00869	0.00624	0.00722	0.00770	0.00831	0.00587	0.00488	0.00942	0.01171	0.01514	0.03564	0.27739	0.18183	0.36751	0.01994	0.00430	0.00491	0.01342	0.00513	0.00476
7	0.19023	0.01152	0.01413	0.01109	0.01597	0.01072	0.00916	0.02948	0.01728	0.58842	0.02253	0.02001	0.01442	0.00773	0.00610	0.00204	0.00550	0.00600	0.00731	0.01037
8	0.15961	0.00750	0.00769	0.00766	0.00846	0.00784	0.00479	0.01135	0.01019	0.01631	0.02019	0.11155	0.02283	0.54920	0.02543	0.00519	0.00588	0.00940	0.00422	0.00471
9	0.05974	0.01065	0.01272	0.01092	0.01442	0.01059	0.00860	0.04918	0.16844	0.29128	0.11369	0.08048	0.05734	0.04110	0.00792	0.00232	0.00500	0.02224	0.02434	0.00904
10	0.00924	0.00624	0.00728	0.00761	0.00769	0.00616	0.00445	0.00949	0.01023	0.01364	0.02411	0.19958	0.02819	0.60634	0.02806	0.00558	0.00583	0.01156	0.00445	0.00428
11	0.01033	0.00737	0.00839	0.00766	0.00875	0.00683	0.00470	0.01088	0.01033	0.01438	0.01906	0.03759	0.02129	0.62624	0.02817	0.00537	0.00610	0.00852	0.00397	0.15406
12	0.00918	0.01118	0.14316	0.01062	0.01289	0.00735	0.00930	0.01161	0.01316	0.01797	0.07957	0.48544	0.07230	0.07240	0.00978	0.00277	0.00504	0.01474	0.00541	0.00613
13	0.02393	0.01132	0.01632	0.01647	0.14810	0.01026	0.01098	0.02665	0.01761	0.48888	0.09528	0.02512	0.02034	0.04830	0.00813	0.00225	0.00580	0.00718	0.00692	0.01016
14	0.01319	0.00749	0.00791	0.00736	0.00928	0.00762	0.00564	0.08625	0.01623	0.02655	0.11640	0.02699	0.02244	0.00848	0.00524	0.00165	0.00350	0.00690	0.61423	0.00667
15	0.01017	0.01178	0.14382	0.01001	0.01312	0.00787	0.00942	0.01405	0.01724	0.02482	0.51074	0.04158	0.08119	0.01187	0.00727	0.00204	0.00435	0.01029	0.06154	0.00683
16	0.00944	0.00717	0.00975	0.14696	0.01538	0.00749	0.00759	0.01092	0.01209	0.01596	0.06445	0.30126	0.06493	0.27780	0.01674	0.00382	0.00557	0.01253	0.00484	0.00530
17	0.01034	0.00842	0.01237	0.01183	0.01279	0.01045	0.00938	0.01252	0.01049	0.01539	0.01596	0.02373	0.01500	0.04232	0.60813	0.00914	0.15541	0.00681	0.00341	0.00612
18	0.01200	0.00752	0.00849	0.00778	0.01046	0.00639	0.00600	0.01398	0.01610	0.15186	0.12701	0.05426	0.52432	0.01475	0.00756	0.00217	0.00373	0.01233	0.00661	0.00668
19	0.01170	0.00860	0.01028	0.00968	0.01163	0.00853	0.00724	0.14038	0.01872	0.02543	0.31669	0.26440	0.11112	0.01494	0.00774	0.00225	0.00412	0.01308	0.00666	0.00681
20	0.01574	0.01575	0.02934	0.16243	0.14311	0.01628	0.33574	0.09022	0.01615	0.02198	0.01312	0.01750	0.01019	0.00823	0.04040	0.00255	0.04205	0.00680	0.00357	0.00887
21	0.01517	0.01450	0.02470	0.24682	0.52990	0.01535	0.01965	0.01922	0.01446	0.02015	0.01219	0.01666	0.00995	0.00607	0.00654	0.00202	0.00810	0.00586	0.00316	0.00953
22	0.01243	0.01170	0.01975	0.75282	0.04534	0.01463	0.01828	0.01682	0.01316	0.01682	0.01170	0.01755	0.00878	0.00658	0.00658	0.00219	0.00878	0.00585	0.00293	0.00731
23	0.00828	0.00620	0.00772	0.00865	0.00970	0.00565	0.00616	0.00989	0.01402	0.01824	0.11365	0.46208	0.22044	0.01871	0.00823	0.00252	0.00378	0.06433	0.00622	0.00554

[dist]
# distance from previous block
# <min> <max>
0	33

# created by:
# /home/cegg/simao/soft/augustus-3.2.1/scripts/msa2prfl.pl ./align_prep/EOG090W0EON.fa
