[name]
unknown

[dist]
# distance from previous block
# <min> <max>
0	58

[block]
# block no. 0 follows, 34 sequences, length 23
# corresponding to MSA columns:
# 58-80
name=unknown_A
#
# <colnr> <probs for GDERKNQSTAVLIFYWHMCP>
#	G	D	E	R	K	N	Q	S	T	A	V	L	I	F	Y	W	H	M	C	P
0	0.00807	0.00588	0.00766	0.00900	0.00966	0.00547	0.00628	0.00942	0.01284	0.01685	0.03860	0.63272	0.11398	0.01962	0.00824	0.00261	0.00390	0.07787	0.00599	0.00533
1	0.00925	0.00639	0.00795	0.00805	0.00838	0.00667	0.00515	0.00993	0.00986	0.01344	0.02060	0.08728	0.02288	0.53222	0.21809	0.00709	0.00898	0.00936	0.00394	0.00449
2	0.07607	0.01257	0.04851	0.01161	0.01629	0.01126	0.00989	0.09368	0.07822	0.44978	0.06387	0.02298	0.03564	0.00832	0.00636	0.00200	0.00551	0.00669	0.03073	0.01003
3	0.01600	0.01514	0.02456	0.03586	0.63004	0.01546	0.01845	0.02191	0.11592	0.02196	0.01418	0.01715	0.01159	0.00619	0.00642	0.00196	0.00731	0.00598	0.00368	0.01023
4	0.01128	0.00760	0.01082	0.01028	0.01165	0.00847	0.00793	0.01343	0.01194	0.08070	0.10307	0.02874	0.02175	0.10547	0.48503	0.00782	0.05592	0.00761	0.00431	0.00618
5	0.02222	0.02444	0.02067	0.01875	0.07661	0.41495	0.07516	0.17387	0.07053	0.02286	0.01279	0.01423	0.01000	0.00687	0.00622	0.00183	0.00982	0.00518	0.00422	0.00877
6	0.01204	0.00602	0.00602	0.00602	0.00753	0.00602	0.00452	0.01506	0.01355	0.02409	0.02108	0.02409	0.01656	0.00753	0.00452	0.00151	0.00301	0.00602	0.80879	0.00602
7	0.01679	0.01539	0.01494	0.01346	0.01709	0.08145	0.01043	0.03357	0.65810	0.02603	0.02484	0.02299	0.01870	0.00858	0.00651	0.00214	0.00570	0.00702	0.00628	0.00998
8	0.01310	0.01312	0.01244	0.01201	0.01373	0.19996	0.00922	0.01524	0.01244	0.01521	0.01541	0.02182	0.01412	0.03760	0.55477	0.00812	0.01584	0.00621	0.00343	0.00622
9	0.01204	0.00602	0.00602	0.00602	0.00753	0.00602	0.00452	0.01506	0.01355	0.02409	0.02108	0.02409	0.01656	0.00753	0.00452	0.00151	0.00301	0.00602	0.80879	0.00602
10	0.01474	0.01736	0.06294	0.02586	0.03216	0.01566	0.64311	0.02002	0.01503	0.02045	0.01430	0.06011	0.01162	0.00632	0.00760	0.00220	0.01044	0.00813	0.00340	0.00855
11	0.01388	0.24708	0.48715	0.01567	0.02345	0.01743	0.01899	0.01939	0.01341	0.01868	0.01241	0.06197	0.01047	0.00688	0.00570	0.00189	0.00841	0.00528	0.00295	0.00890
12	0.01565	0.45291	0.28328	0.01384	0.02065	0.02107	0.01555	0.02091	0.06854	0.01800	0.01126	0.01260	0.00915	0.00600	0.00504	0.00168	0.00771	0.00422	0.00305	0.00889
13	0.00777	0.00655	0.00673	0.00669	0.00881	0.00551	0.00502	0.00953	0.01505	0.01821	0.12482	0.06094	0.67015	0.01608	0.00764	0.00217	0.00325	0.01346	0.00610	0.00551
14	0.02059	0.01887	0.01849	0.01511	0.01947	0.19695	0.07354	0.22006	0.16957	0.07070	0.01947	0.01950	0.05330	0.00785	0.00642	0.00192	0.00772	0.00627	0.00536	0.04883
15	0.76627	0.06238	0.01109	0.00866	0.01276	0.01522	0.00726	0.01902	0.01114	0.02809	0.00900	0.01049	0.00708	0.00597	0.00401	0.00196	0.00512	0.00350	0.00392	0.00708
16	0.00812	0.00622	0.00745	0.00787	0.00921	0.00555	0.00563	0.00994	0.01478	0.01931	0.22820	0.32144	0.29903	0.01698	0.00786	0.00231	0.00339	0.01489	0.00629	0.00555
17	0.01191	0.01109	0.01857	0.70648	0.04211	0.01374	0.01713	0.01600	0.01288	0.01651	0.01313	0.06835	0.01093	0.00740	0.00658	0.00219	0.00828	0.00660	0.00308	0.00705
18	0.00897	0.00660	0.00839	0.00795	0.00955	0.00602	0.00596	0.01185	0.01788	0.02493	0.65217	0.04988	0.13861	0.01358	0.00762	0.00205	0.00307	0.01191	0.00698	0.00602
19	0.01513	0.01515	0.02672	0.10561	0.39485	0.01625	0.15494	0.01889	0.01376	0.01955	0.01160	0.01606	0.00967	0.00678	0.00934	0.00216	0.14527	0.00611	0.00311	0.00905
20	0.01204	0.00602	0.00602	0.00602	0.00753	0.00602	0.00452	0.01506	0.01355	0.02409	0.02108	0.02409	0.01656	0.00753	0.00452	0.00151	0.00301	0.00602	0.80879	0.00602
21	0.01780	0.00924	0.01179	0.00996	0.01289	0.00896	0.00795	0.03758	0.03391	0.29436	0.21419	0.03286	0.10516	0.01050	0.00783	0.00204	0.06330	0.00853	0.10297	0.00817
22	0.01248	0.08468	0.52997	0.01566	0.02320	0.01392	0.01911	0.01862	0.01459	0.02122	0.16400	0.02075	0.01942	0.00760	0.00630	0.00199	0.00796	0.00614	0.00366	0.00872

[dist]
# distance from previous block
# <min> <max>
7	26

[block]
# block no. 1 follows, 34 sequences, length 25
# corresponding to MSA columns:
# 111-135
name=unknown_B
#
# <colnr> <probs for GDERKNQSTAVLIFYWHMCP>
#	G	D	E	R	K	N	Q	S	T	A	V	L	I	F	Y	W	H	M	C	P
0	0.00787	0.00562	0.00750	0.00900	0.00937	0.00525	0.00600	0.00900	0.01237	0.01649	0.03561	0.76871	0.04274	0.02024	0.00825	0.00262	0.00375	0.01837	0.00600	0.00525
1	0.01612	0.01807	0.08552	0.02543	0.03206	0.01573	0.60849	0.02149	0.01538	0.07459	0.01390	0.01751	0.01016	0.00569	0.00744	0.00216	0.01039	0.00734	0.00359	0.00894
2	0.01204	0.00602	0.00602	0.00602	0.00753	0.00602	0.00452	0.01506	0.01355	0.02409	0.02108	0.02409	0.01656	0.00753	0.00452	0.00151	0.00301	0.00602	0.80879	0.00602
3	0.00940	0.00626	0.00705	0.00705	0.00705	0.00626	0.00392	0.00940	0.00940	0.01253	0.02036	0.04228	0.02349	0.77292	0.03289	0.00626	0.00626	0.00940	0.00392	0.00392
4	0.02603	0.01574	0.01793	0.01375	0.01886	0.01654	0.01136	0.48547	0.02643	0.27190	0.01883	0.01766	0.01265	0.00784	0.00647	0.00196	0.00657	0.00604	0.00697	0.01099
5	0.02369	0.01272	0.01541	0.01233	0.01669	0.01279	0.01000	0.23778	0.07573	0.36434	0.04765	0.06915	0.01806	0.01076	0.03969	0.00241	0.00629	0.00731	0.00705	0.01016
6	0.81856	0.01250	0.00950	0.00850	0.01250	0.01449	0.00700	0.01899	0.01100	0.02899	0.00900	0.01050	0.00700	0.00600	0.00400	0.00200	0.00500	0.00350	0.00400	0.00700
7	0.02899	0.01100	0.01499	0.01150	0.01649	0.00950	0.00950	0.03149	0.01849	0.73709	0.02549	0.02199	0.01599	0.00800	0.00650	0.00200	0.00550	0.00650	0.00800	0.01100
8	0.01306	0.03275	0.70984	0.01879	0.02821	0.01506	0.05280	0.02047	0.01371	0.02047	0.01166	0.01380	0.00825	0.00611	0.00620	0.00205	0.00961	0.00489	0.00275	0.00951
9	0.00841	0.00698	0.00720	0.00714	0.00929	0.00609	0.00534	0.04055	0.01521	0.01841	0.06054	0.12380	0.63596	0.01633	0.00764	0.00221	0.00349	0.01371	0.00602	0.00568
10	0.81856	0.01250	0.00950	0.00850	0.01250	0.01449	0.00700	0.01899	0.01100	0.02899	0.00900	0.01050	0.00700	0.00600	0.00400	0.00200	0.00500	0.00350	0.00400	0.00700
11	0.01708	0.01353	0.01941	0.01500	0.03791	0.01240	0.14673	0.09512	0.09658	0.11037	0.01620	0.03492	0.01251	0.00647	0.00606	0.00163	0.00641	0.00590	0.00485	0.34092
12	0.01414	0.01414	0.01979	0.01696	0.01696	0.01979	0.01414	0.01555	0.00990	0.01555	0.00848	0.01414	0.00848	0.01131	0.02120	0.00283	0.76110	0.00565	0.00283	0.00707
13	0.01505	0.01460	0.02533	0.13745	0.52609	0.01513	0.07453	0.01889	0.01423	0.02005	0.01278	0.04183	0.01101	0.00655	0.00717	0.00203	0.03833	0.00633	0.00324	0.00939
14	0.02414	0.03079	0.01831	0.01665	0.01998	0.74698	0.01248	0.02580	0.01831	0.01581	0.00999	0.01165	0.00832	0.00666	0.00583	0.00166	0.01165	0.00416	0.00333	0.00749
15	0.01966	0.52201	0.02872	0.01273	0.01774	0.18015	0.01152	0.10665	0.01639	0.01850	0.01001	0.01128	0.00863	0.00605	0.00480	0.00151	0.00796	0.00390	0.00335	0.00845
16	0.01414	0.01414	0.01979	0.01696	0.01696	0.01979	0.01414	0.01555	0.00990	0.01555	0.00848	0.01414	0.00848	0.01131	0.02120	0.00283	0.76110	0.00565	0.00283	0.00707
17	0.02414	0.04528	0.01757	0.01276	0.01797	0.01493	0.01058	0.34539	0.02306	0.27723	0.01810	0.01723	0.01240	0.00731	0.00613	0.00179	0.00620	0.00566	0.00645	0.12982
18	0.00923	0.00692	0.01038	0.01038	0.01154	0.00808	0.00808	0.01154	0.01038	0.01500	0.01731	0.02538	0.01615	0.04846	0.74732	0.01038	0.01731	0.00692	0.00346	0.00577
19	0.01595	0.01682	0.03372	0.08080	0.11270	0.01642	0.51759	0.08254	0.01638	0.02224	0.01307	0.01708	0.00987	0.00576	0.00730	0.00213	0.01002	0.00711	0.00352	0.00898
20	0.00922	0.00619	0.00710	0.00727	0.00732	0.00615	0.00416	0.00935	0.00974	0.01299	0.02212	0.12625	0.02572	0.68592	0.03004	0.00584	0.00597	0.01043	0.00416	0.00407
21	0.01142	0.00954	0.01103	0.01206	0.03293	0.07396	0.00970	0.01427	0.01594	0.02047	0.18821	0.05989	0.06412	0.01541	0.00824	0.00259	0.00577	0.43235	0.00590	0.00622
22	0.01738	0.70681	0.06735	0.01167	0.01729	0.05790	0.01174	0.01970	0.01339	0.01548	0.00916	0.01058	0.00829	0.00561	0.00432	0.00143	0.00725	0.00355	0.00279	0.00832
23	0.01941	0.01516	0.01698	0.01358	0.01760	0.01689	0.01107	0.36662	0.13118	0.03126	0.01604	0.01697	0.01219	0.00801	0.00821	0.00194	0.11323	0.00578	0.06183	0.11606
24	0.56687	0.04169	0.04403	0.00954	0.01336	0.07974	0.00811	0.01881	0.01197	0.02560	0.01044	0.01245	0.00832	0.00699	0.00534	0.04116	0.00572	0.00395	0.07901	0.00691

[dist]
# distance from previous block
# <min> <max>
0	2

[block]
# block no. 2 follows, 34 sequences, length 78
# corresponding to MSA columns:
# 138-215
name=unknown_C
#
# <colnr> <probs for GDERKNQSTAVLIFYWHMCP>
#	G	D	E	R	K	N	Q	S	T	A	V	L	I	F	Y	W	H	M	C	P
0	0.02135	0.01124	0.01351	0.01117	0.01529	0.01096	0.00896	0.05522	0.20973	0.38300	0.03269	0.02973	0.14861	0.00974	0.00673	0.00208	0.00505	0.00801	0.00718	0.00976
1	0.01007	0.00746	0.01026	0.00936	0.01133	0.00674	0.05973	0.01220	0.01507	0.06086	0.23498	0.18119	0.25716	0.08204	0.00992	0.00257	0.00428	0.01272	0.00603	0.00603
2	0.19754	0.07574	0.05776	0.01326	0.01834	0.01871	0.01153	0.42411	0.06816	0.03418	0.01405	0.01446	0.01031	0.00717	0.00573	0.00193	0.00664	0.00516	0.00544	0.00977
3	0.00816	0.00649	0.00733	0.00741	0.00920	0.00567	0.00553	0.01016	0.01542	0.01965	0.23695	0.13492	0.45539	0.01600	0.00774	0.00222	0.00336	0.03649	0.00629	0.00562
4	0.00962	0.00654	0.00761	0.00762	0.00792	0.00672	0.00464	0.01057	0.03167	0.01376	0.02075	0.06366	0.02301	0.62152	0.10595	0.00629	0.00720	0.00926	0.03126	0.00442
5	0.14288	0.01377	0.01526	0.24018	0.07833	0.11775	0.01217	0.06639	0.01455	0.02036	0.01664	0.17648	0.01636	0.03302	0.00717	0.00225	0.00718	0.00797	0.00410	0.00719
6	0.69027	0.01340	0.01110	0.00953	0.01371	0.01539	0.00785	0.13082	0.01413	0.03089	0.01005	0.01131	0.00764	0.00628	0.00440	0.00199	0.00534	0.00387	0.00440	0.00764
7	0.01513	0.01512	0.02260	0.34166	0.37593	0.08180	0.01836	0.01897	0.01428	0.01868	0.01167	0.01612	0.00937	0.00614	0.00637	0.00200	0.00844	0.00560	0.00307	0.00869
8	0.63586	0.01371	0.01117	0.00981	0.01384	0.03967	0.00797	0.07571	0.09533	0.02925	0.01156	0.01251	0.00884	0.00648	0.00455	0.00201	0.00540	0.00415	0.00447	0.00771
9	0.23867	0.01775	0.01589	0.01436	0.05650	0.21005	0.03192	0.08541	0.04539	0.17672	0.03819	0.01602	0.01219	0.00708	0.00571	0.00191	0.00734	0.00520	0.00503	0.00867
10	0.01111	0.00565	0.00833	0.00833	0.00833	0.00565	0.00550	0.00848	0.00848	0.01131	0.01181	0.02109	0.01201	0.07058	0.02574	0.76033	0.00565	0.00585	0.00288	0.00288
11	0.01918	0.01542	0.01636	0.01378	0.01798	0.01752	0.01098	0.28174	0.46849	0.03203	0.02236	0.02097	0.01653	0.00840	0.00653	0.00210	0.00584	0.00676	0.00653	0.01051
12	0.15511	0.01124	0.01412	0.01102	0.01586	0.01030	0.00910	0.02949	0.01730	0.62399	0.02286	0.02016	0.01456	0.00768	0.00610	0.00200	0.00542	0.00602	0.00736	0.01036
13	0.04542	0.01319	0.01859	0.50316	0.12256	0.07867	0.01610	0.01715	0.01356	0.01754	0.01448	0.06584	0.03223	0.00755	0.00645	0.00211	0.00815	0.00656	0.00329	0.00740
14	0.01296	0.03342	0.73944	0.01842	0.02797	0.01501	0.02387	0.02046	0.01364	0.02046	0.01160	0.01364	0.00818	0.00614	0.00614	0.00205	0.00955	0.00477	0.00273	0.00955
15	0.01364	0.02817	0.51476	0.02076	0.02905	0.01559	0.21078	0.02030	0.01391	0.02030	0.01186	0.01470	0.00864	0.00619	0.00723	0.00212	0.04433	0.00559	0.00288	0.00921
16	0.00829	0.00625	0.00863	0.00940	0.01029	0.00579	0.02962	0.00984	0.01330	0.01766	0.09919	0.58997	0.10783	0.01868	0.00814	0.00253	0.00395	0.03917	0.00600	0.00548
17	0.01284	0.01356	0.06069	0.33058	0.11718	0.01453	0.09489	0.01652	0.01287	0.01760	0.01422	0.10882	0.01310	0.00875	0.00925	0.00229	0.13394	0.00744	0.00333	0.00760
18	0.00787	0.00562	0.00750	0.00900	0.00937	0.00525	0.00600	0.00900	0.01237	0.01649	0.03561	0.76871	0.04274	0.02024	0.00825	0.00262	0.00375	0.01837	0.00600	0.00525
19	0.00787	0.00562	0.00750	0.00900	0.00937	0.00525	0.00600	0.00900	0.01237	0.01649	0.03561	0.76871	0.04274	0.02024	0.00825	0.00262	0.00375	0.01837	0.00600	0.00525
20	0.01765	0.62854	0.03111	0.01344	0.06278	0.07982	0.01168	0.02070	0.05269	0.01628	0.01022	0.01158	0.00905	0.00581	0.00455	0.00148	0.00722	0.00387	0.00305	0.00846
21	0.13324	0.01119	0.01427	0.01110	0.01597	0.01016	0.00917	0.02984	0.01750	0.64360	0.02331	0.02047	0.01481	0.00773	0.00617	0.00200	0.00543	0.00610	0.00747	0.01047
22	0.00812	0.00659	0.00717	0.00712	0.00907	0.00569	0.00536	0.01007	0.01537	0.01924	0.20695	0.05910	0.53947	0.03465	0.00832	0.00228	0.00341	0.04026	0.00619	0.00558
23	0.01296	0.03342	0.73944	0.01842	0.02797	0.01501	0.02387	0.02046	0.01364	0.02046	0.01160	0.01364	0.00818	0.00614	0.00614	0.00205	0.00955	0.00477	0.00273	0.00955
24	0.07610	0.01483	0.02819	0.02120	0.02580	0.01494	0.43679	0.05001	0.01460	0.02104	0.01604	0.13797	0.01483	0.00860	0.00881	0.00229	0.08739	0.00876	0.00387	0.00796
25	0.00929	0.00669	0.00919	0.00919	0.00994	0.00743	0.00659	0.01077	0.01003	0.01412	0.01839	0.03141	0.01877	0.30665	0.49270	0.00892	0.01337	0.00780	0.00362	0.00511
26	0.81856	0.01250	0.00950	0.00850	0.01250	0.01449	0.00700	0.01899	0.01100	0.02899	0.00900	0.01050	0.00700	0.00600	0.00400	0.00200	0.00500	0.00350	0.00400	0.00700
27	0.00938	0.00634	0.00742	0.00742	0.00755	0.00647	0.00438	0.00964	0.00951	0.01281	0.02002	0.04039	0.02267	0.69172	0.11296	0.00673	0.00750	0.00912	0.00386	0.00412
28	0.77216	0.01244	0.01007	0.05159	0.01434	0.01449	0.00763	0.01885	0.01111	0.02827	0.00914	0.01088	0.00709	0.00602	0.00414	0.00201	0.00521	0.00363	0.00393	0.00701
29	0.02414	0.03079	0.01831	0.01665	0.01998	0.74698	0.01248	0.02580	0.01831	0.01581	0.00999	0.01165	0.00832	0.00666	0.00583	0.00166	0.01165	0.00416	0.00333	0.00749
30	0.01122	0.00561	0.00842	0.00842	0.00842	0.00561	0.00561	0.00842	0.00842	0.01122	0.01122	0.01964	0.01122	0.02245	0.02525	0.81201	0.00561	0.00561	0.00281	0.00281
31	0.01372	0.12249	0.59878	0.01915	0.08072	0.01632	0.02200	0.02028	0.01366	0.01987	0.01132	0.01342	0.00836	0.00604	0.00592	0.00196	0.00908	0.00469	0.00277	0.00945
32	0.01597	0.58959	0.02875	0.01239	0.05496	0.04311	0.01069	0.01793	0.01313	0.01559	0.01283	0.10264	0.01313	0.03818	0.00597	0.00176	0.00669	0.00562	0.00324	0.00784
33	0.00781	0.00655	0.00678	0.00673	0.00883	0.00553	0.00504	0.00960	0.01513	0.01842	0.14083	0.06060	0.65402	0.01601	0.00763	0.00216	0.00325	0.01342	0.00613	0.00553
34	0.02530	0.01692	0.01866	0.01431	0.01945	0.01829	0.01182	0.59853	0.02841	0.15604	0.01717	0.01659	0.01182	0.00780	0.00647	0.00195	0.00684	0.00593	0.00672	0.01099
35	0.01422	0.01544	0.08459	0.19223	0.41494	0.01440	0.06926	0.01839	0.01409	0.01966	0.01383	0.07401	0.01217	0.00703	0.00662	0.00205	0.00797	0.00678	0.00331	0.00901
36	0.01452	0.06328	0.02192	0.01874	0.07260	0.01968	0.04232	0.01633	0.01069	0.01616	0.00898	0.01417	0.00866	0.01028	0.01843	0.00264	0.62467	0.00560	0.00287	0.00746
37	0.00783	0.00648	0.00687	0.00692	0.00889	0.00552	0.00513	0.00960	0.01497	0.01839	0.14250	0.11481	0.59722	0.01628	0.00768	0.00220	0.00328	0.01377	0.00613	0.00552
38	0.01327	0.03159	0.66715	0.02057	0.09939	0.01504	0.02346	0.02040	0.01375	0.02053	0.01165	0.01388	0.00839	0.00610	0.00616	0.00203	0.00936	0.00487	0.00278	0.00962
39	0.01696	0.01532	0.01505	0.01347	0.01715	0.07236	0.01047	0.05547	0.64472	0.02661	0.02470	0.02287	0.01857	0.00857	0.00651	0.00214	0.00568	0.00702	0.00632	0.01004
40	0.01275	0.01204	0.02037	0.65362	0.14399	0.01450	0.01822	0.01699	0.01318	0.01717	0.01158	0.01705	0.00885	0.00636	0.00645	0.00212	0.00848	0.00574	0.00292	0.00762
41	0.01946	0.01599	0.01649	0.01390	0.01810	0.04172	0.01106	0.28262	0.44404	0.03169	0.02180	0.02054	0.01614	0.00833	0.00651	0.00208	0.00606	0.00665	0.00643	0.01042
42	0.01915	0.01166	0.01424	0.01048	0.01595	0.00949	0.00850	0.05686	0.01596	0.26016	0.01635	0.01636	0.01178	0.00601	0.00544	0.00135	0.00514	0.00482	0.00535	0.50495
43	0.01361	0.12988	0.62632	0.01808	0.04730	0.01639	0.02208	0.02030	0.01361	0.01980	0.01127	0.01328	0.00826	0.00605	0.00589	0.00196	0.00915	0.00463	0.00275	0.00941
44	0.01379	0.17654	0.60360	0.01700	0.02577	0.01704	0.02141	0.02025	0.01354	0.01945	0.01109	0.01301	0.00821	0.00602	0.00576	0.00192	0.00904	0.00452	0.00274	0.00931
45	0.02452	0.00991	0.01329	0.01054	0.01471	0.00869	0.00857	0.02714	0.01808	0.56871	0.13756	0.02635	0.02322	0.00879	0.00652	0.00197	0.00492	0.00729	0.06939	0.00983
46	0.01550	0.01486	0.02535	0.13191	0.64418	0.01522	0.01959	0.01940	0.01448	0.02052	0.01207	0.01615	0.01003	0.00585	0.00640	0.00195	0.00780	0.00576	0.00316	0.00984
47	0.01438	0.27736	0.50791	0.01600	0.02423	0.01847	0.01967	0.02010	0.01347	0.01874	0.01074	0.01257	0.00822	0.00594	0.00548	0.00183	0.00868	0.00434	0.00274	0.00914
48	0.01296	0.03342	0.73944	0.01842	0.02797	0.01501	0.02387	0.02046	0.01364	0.02046	0.01160	0.01364	0.00818	0.00614	0.00614	0.00205	0.00955	0.00477	0.00273	0.00955
49	0.00923	0.00692	0.01038	0.01038	0.01154	0.00808	0.00808	0.01154	0.01038	0.01500	0.01731	0.02538	0.01615	0.04846	0.74732	0.01038	0.01731	0.00692	0.00346	0.00577
50	0.00900	0.00730	0.00810	0.00803	0.01001	0.00681	0.00601	0.01279	0.09485	0.02030	0.20138	0.13777	0.40945	0.01531	0.00761	0.00222	0.00354	0.02710	0.00631	0.00612
51	0.02276	0.01647	0.01841	0.10212	0.04323	0.12468	0.04429	0.18953	0.10010	0.24424	0.01828	0.01819	0.01276	0.00746	0.00644	0.00198	0.00744	0.00602	0.00581	0.00981
52	0.01324	0.01242	0.02034	0.56075	0.17608	0.01468	0.01772	0.01852	0.06767	0.01821	0.01275	0.01752	0.00978	0.00650	0.00646	0.00211	0.00816	0.00587	0.00322	0.00801
53	0.00930	0.00664	0.00897	0.00897	0.00964	0.00731	0.00632	0.01063	0.00997	0.01395	0.01860	0.03254	0.01926	0.35513	0.44489	0.00864	0.01263	0.00797	0.00365	0.00498
54	0.00800	0.00582	0.00754	0.00868	0.00935	0.00536	0.00591	0.00939	0.01327	0.01767	0.11851	0.62245	0.10604	0.01908	0.00812	0.00252	0.00363	0.01717	0.00613	0.00536
55	0.04446	0.24650	0.30479	0.01571	0.02221	0.20957	0.03357	0.02149	0.01467	0.01802	0.01037	0.01216	0.00825	0.00608	0.00545	0.00176	0.00922	0.00426	0.00295	0.00854
56	0.81856	0.01250	0.00950	0.00850	0.01250	0.01449	0.00700	0.01899	0.01100	0.02899	0.00900	0.01050	0.00700	0.00600	0.00400	0.00200	0.00500	0.00350	0.00400	0.00700
57	0.02129	0.02186	0.01698	0.01490	0.01868	0.33741	0.01151	0.13370	0.28628	0.04527	0.01747	0.01727	0.01328	0.00766	0.00623	0.00192	0.00830	0.00567	0.00517	0.00916
58	0.00771	0.00655	0.00665	0.00662	0.00877	0.00549	0.00497	0.00941	0.01490	0.01786	0.09755	0.06151	0.69765	0.01621	0.00764	0.00217	0.00326	0.01354	0.00605	0.00549
59	0.81856	0.01250	0.00950	0.00850	0.01250	0.01449	0.00700	0.01899	0.01100	0.02899	0.00900	0.01050	0.00700	0.00600	0.00400	0.00200	0.00500	0.00350	0.00400	0.00700
60	0.01382	0.01310	0.02219	0.40387	0.36109	0.01455	0.01846	0.01782	0.01373	0.01863	0.01251	0.03896	0.01037	0.00654	0.00648	0.00206	0.00804	0.00612	0.00311	0.00853
61	0.01679	0.01027	0.01384	0.01210	0.01388	0.01162	0.00960	0.01849	0.01339	0.23718	0.02276	0.17031	0.04791	0.05687	0.01335	0.00264	0.26269	0.00900	0.04971	0.00760
62	0.01607	0.01388	0.01461	0.01315	0.01680	0.01607	0.01023	0.03433	0.72094	0.02703	0.02630	0.02411	0.01972	0.00877	0.00657	0.00219	0.00511	0.00731	0.00657	0.01023
63	0.01107	0.00561	0.00838	0.00844	0.00846	0.00559	0.00563	0.00844	0.00860	0.01147	0.01235	0.05423	0.01268	0.02234	0.02447	0.77464	0.00553	0.00620	0.00295	0.00292
64	0.13182	0.01290	0.01450	0.01268	0.06161	0.03617	0.02348	0.03769	0.12460	0.09349	0.01742	0.01799	0.04472	0.00664	0.00549	0.00159	0.00546	0.00530	0.00478	0.34168
65	0.04495	0.05239	0.07438	0.01298	0.01797	0.13415	0.03411	0.08669	0.06926	0.08705	0.01541	0.06325	0.01272	0.00716	0.00578	0.00164	0.00686	0.00568	0.00457	0.26301
66	0.01973	0.03820	0.09280	0.01187	0.01637	0.01155	0.01054	0.07507	0.12840	0.30659	0.11679	0.05186	0.07262	0.00950	0.00668	0.00205	0.00551	0.00786	0.00660	0.00941
67	0.05414	0.03350	0.19828	0.04436	0.02122	0.05934	0.09388	0.02174	0.03913	0.18475	0.08796	0.02251	0.05100	0.01012	0.04738	0.00249	0.00795	0.00672	0.00486	0.00869
68	0.04735	0.12941	0.12144	0.01441	0.01963	0.15241	0.01308	0.24236	0.07838	0.08094	0.01490	0.03164	0.01140	0.00733	0.00594	0.00187	0.00783	0.00541	0.00487	0.00943
69	0.01616	0.01419	0.02171	0.10473	0.06316	0.04382	0.18546	0.12123	0.07897	0.06342	0.01627	0.04216	0.01317	0.01489	0.14206	0.00362	0.03521	0.00694	0.00436	0.00847
70	0.01431	0.01297	0.02076	0.48350	0.15291	0.01497	0.04454	0.09640	0.02865	0.02074	0.03940	0.01813	0.01137	0.00675	0.00654	0.00209	0.00810	0.00608	0.00358	0.00819
71	0.01343	0.01230	0.05368	0.07647	0.01826	0.00929	0.00942	0.01656	0.01347	0.04402	0.01350	0.06248	0.01175	0.00611	0.00529	0.00126	0.00535	0.00507	0.00396	0.61834
72	0.01505	0.01539	0.01627	0.11298	0.02046	0.16838	0.05958	0.04263	0.09910	0.01960	0.04642	0.07280	0.10837	0.00980	0.00781	0.00206	0.06514	0.03478	0.00451	0.07888
73	0.00998	0.00748	0.00999	0.01187	0.06589	0.00734	0.00762	0.07215	0.01415	0.01900	0.03203	0.64401	0.03742	0.01802	0.00795	0.00251	0.00435	0.01629	0.00582	0.00614
74	0.01331	0.01112	0.01342	0.05290	0.01631	0.01198	0.04127	0.08861	0.28585	0.02390	0.07657	0.15488	0.14428	0.01204	0.00718	0.00224	0.00512	0.02489	0.00603	0.00808
75	0.01624	0.56139	0.11612	0.01292	0.01801	0.02334	0.01310	0.01885	0.01265	0.01589	0.00921	0.01138	0.00831	0.00656	0.00721	0.00170	0.13212	0.00398	0.00277	0.00824
76	0.01337	0.01428	0.07486	0.01694	0.04271	0.01520	0.12182	0.01727	0.05774	0.01913	0.05670	0.06142	0.03925	0.01008	0.01305	0.00240	0.33368	0.00735	0.07521	0.00752
77	0.06181	0.01327	0.01423	0.01231	0.01610	0.01474	0.00973	0.12599	0.43776	0.09158	0.07712	0.02548	0.05328	0.00908	0.00654	0.00212	0.00519	0.00743	0.00656	0.00970

[dist]
# distance from previous block
# <min> <max>
3	6

[block]
# block no. 3 follows, 34 sequences, length 11
# corresponding to MSA columns:
# 222-228,235-238
name=unknown_D
#
# <colnr> <probs for GDERKNQSTAVLIFYWHMCP>
#	G	D	E	R	K	N	Q	S	T	A	V	L	I	F	Y	W	H	M	C	P
0	0.01598	0.01301	0.01478	0.01079	0.01641	0.01125	0.00873	0.17693	0.01733	0.02560	0.01242	0.01389	0.00990	0.00547	0.00517	0.00118	0.00532	0.00429	0.00444	0.62710
1	0.01052	0.00655	0.00839	0.00877	0.01015	0.00590	0.00625	0.01215	0.01430	0.10344	0.13581	0.46484	0.15398	0.01718	0.00785	0.00240	0.00378	0.01526	0.00639	0.00608
2	0.27920	0.13955	0.01840	0.01207	0.01692	0.01877	0.01028	0.35101	0.02090	0.05800	0.01271	0.01329	0.00945	0.00684	0.00529	0.00187	0.00634	0.00471	0.00512	0.00926
3	0.01646	0.01698	0.13590	0.01732	0.11915	0.01310	0.05575	0.11778	0.05127	0.06770	0.01385	0.01540	0.01054	0.00599	0.00583	0.00161	0.00672	0.00510	0.00429	0.31925
4	0.01616	0.09192	0.04658	0.01391	0.01801	0.10778	0.09288	0.10528	0.06662	0.04656	0.01915	0.19842	0.01845	0.00976	0.00648	0.00193	0.00688	0.00845	0.00475	0.12004
5	0.01495	0.01118	0.01665	0.01375	0.01696	0.03459	0.14917	0.01968	0.09958	0.14631	0.17883	0.17654	0.05466	0.01146	0.00765	0.00220	0.02157	0.01047	0.00595	0.00784
6	0.01199	0.00972	0.01123	0.00991	0.01301	0.00925	0.00762	0.04049	0.16937	0.02308	0.18554	0.13098	0.09979	0.01130	0.00675	0.00191	0.00430	0.03309	0.00583	0.21485
7	0.04588	0.01902	0.13903	0.01690	0.02303	0.04356	0.16643	0.22262	0.01949	0.10874	0.01449	0.01576	0.01041	0.00650	0.00633	0.00187	0.00794	0.00571	0.00476	0.12153
8	0.01292	0.01197	0.01962	0.43488	0.22794	0.01363	0.01667	0.01741	0.04820	0.01829	0.01526	0.10636	0.01365	0.00802	0.00666	0.00215	0.00761	0.00732	0.00351	0.00794
9	0.00945	0.00696	0.00867	0.00958	0.01043	0.00700	0.00677	0.01268	0.09628	0.01749	0.03183	0.46528	0.03610	0.14108	0.01215	0.00321	0.00463	0.10895	0.00572	0.00572
10	0.01475	0.01201	0.01365	0.01084	0.01539	0.01100	0.00852	0.13079	0.11449	0.02440	0.01786	0.12978	0.01624	0.00817	0.00583	0.00154	0.00505	0.00684	0.00497	0.44789

[dist]
# distance from previous block
# <min> <max>
0	3

[block]
# block no. 4 follows, 34 sequences, length 24
# corresponding to MSA columns:
# 242-265
name=unknown_E
#
# <colnr> <probs for GDERKNQSTAVLIFYWHMCP>
#	G	D	E	R	K	N	Q	S	T	A	V	L	I	F	Y	W	H	M	C	P
0	0.03774	0.01106	0.01274	0.00933	0.01465	0.00853	0.00744	0.01584	0.01362	0.02136	0.04773	0.01721	0.04528	0.00576	0.00503	0.00110	0.00464	0.00464	0.00409	0.71223
1	0.00864	0.00850	0.07618	0.01007	0.01155	0.00644	0.00813	0.01061	0.01294	0.01727	0.03508	0.56994	0.08223	0.01839	0.00809	0.00258	0.00453	0.09739	0.00569	0.00575
2	0.01640	0.48911	0.11888	0.01144	0.01687	0.01960	0.01167	0.01923	0.01417	0.08398	0.06160	0.01910	0.07976	0.00733	0.00517	0.00164	0.00653	0.00538	0.00382	0.00830
3	0.01104	0.00695	0.00784	0.00735	0.00957	0.00613	0.00560	0.01333	0.01574	0.09800	0.20393	0.04810	0.37786	0.01322	0.00697	0.00201	0.00342	0.01111	0.14555	0.00630
4	0.01897	0.01692	0.01614	0.01397	0.01792	0.10763	0.01097	0.18434	0.47963	0.02869	0.02187	0.02064	0.01636	0.00828	0.00646	0.00207	0.00637	0.00658	0.00615	0.01006
5	0.01757	0.01410	0.01672	0.01295	0.01768	0.09152	0.07870	0.06408	0.01584	0.13883	0.01612	0.08337	0.01356	0.00739	0.00642	0.00160	0.03119	0.00618	0.00473	0.36143
6	0.01382	0.18200	0.59843	0.01695	0.02569	0.01712	0.02131	0.02024	0.01354	0.01941	0.01107	0.01299	0.00821	0.00602	0.00574	0.00191	0.00902	0.00451	0.00274	0.00930
7	0.01329	0.03022	0.60658	0.04346	0.02940	0.01519	0.13098	0.02037	0.01387	0.02037	0.01182	0.01435	0.00845	0.00604	0.00638	0.00207	0.00973	0.00525	0.00282	0.00934
8	0.02899	0.01100	0.01499	0.01150	0.01649	0.00950	0.00950	0.03149	0.01849	0.73709	0.02549	0.02199	0.01599	0.00800	0.00650	0.00200	0.00550	0.00650	0.00800	0.01100
9	0.09661	0.01252	0.06022	0.07319	0.01882	0.01143	0.03179	0.02526	0.12511	0.31832	0.04598	0.07174	0.01896	0.00919	0.00658	0.00215	0.00590	0.05084	0.00621	0.00917
10	0.01473	0.01551	0.07390	0.02148	0.02664	0.01369	0.44663	0.01907	0.01464	0.07684	0.01816	0.16317	0.01653	0.00879	0.00809	0.00227	0.03815	0.00936	0.00412	0.00821
11	0.00787	0.00562	0.00750	0.00900	0.00937	0.00525	0.00600	0.00900	0.01237	0.01649	0.03561	0.76871	0.04274	0.02024	0.00825	0.00262	0.00375	0.01837	0.00600	0.00525
12	0.81856	0.01250	0.00950	0.00850	0.01250	0.01449	0.00700	0.01899	0.01100	0.02899	0.00900	0.01050	0.00700	0.00600	0.00400	0.00200	0.00500	0.00350	0.00400	0.00700
13	0.00923	0.00692	0.01038	0.01038	0.01154	0.00808	0.00808	0.01154	0.01038	0.01500	0.01731	0.02538	0.01615	0.04846	0.74732	0.01038	0.01731	0.00692	0.00346	0.00577
14	0.01138	0.00865	0.01195	0.01398	0.06429	0.00887	0.01106	0.01598	0.08688	0.02025	0.03185	0.06391	0.03351	0.01607	0.00851	0.00282	0.00599	0.57155	0.00582	0.00669
15	0.01593	0.01237	0.01433	0.01043	0.01604	0.01026	0.00841	0.11375	0.01608	0.06899	0.01293	0.01423	0.01017	0.00540	0.00513	0.00116	0.00515	0.00427	0.00446	0.65049
16	0.01772	0.02026	0.02253	0.04430	0.02274	0.29427	0.19870	0.04338	0.01552	0.01791	0.01298	0.05794	0.01152	0.01165	0.07781	0.00285	0.11038	0.00646	0.00350	0.00758
17	0.01220	0.01148	0.01938	0.75739	0.04450	0.01436	0.01794	0.01651	0.01292	0.01651	0.01148	0.01723	0.00861	0.00646	0.00646	0.00215	0.00861	0.00574	0.00287	0.00718
18	0.04961	0.74597	0.03288	0.01095	0.01642	0.02512	0.01089	0.01933	0.01304	0.01576	0.00898	0.01037	0.00824	0.00555	0.00414	0.00141	0.00683	0.00346	0.00281	0.00824
19	0.04204	0.67146	0.03156	0.01139	0.01684	0.02463	0.01107	0.09454	0.01494	0.01839	0.00969	0.01093	0.00855	0.00578	0.00439	0.00146	0.00687	0.00371	0.00320	0.00855
20	0.00938	0.00634	0.00744	0.00744	0.00757	0.00648	0.00440	0.00965	0.00951	0.01282	0.02000	0.04031	0.02263	0.68833	0.11631	0.00675	0.00755	0.00911	0.00386	0.00413
21	0.01323	0.08035	0.69490	0.01795	0.02725	0.01567	0.02306	0.02039	0.01361	0.02013	0.01143	0.01343	0.00819	0.00610	0.00601	0.00200	0.00938	0.00469	0.00273	0.00947
22	0.01344	0.01232	0.01983	0.62332	0.10238	0.01486	0.01750	0.06123	0.03727	0.01878	0.01228	0.01723	0.00927	0.00656	0.00646	0.00212	0.00832	0.00580	0.00325	0.00779
23	0.01449	0.18025	0.56897	0.01666	0.02522	0.01688	0.02073	0.02070	0.01374	0.04932	0.01166	0.01334	0.00853	0.00609	0.00576	0.00191	0.00886	0.00458	0.00296	0.00936

[dist]
# distance from previous block
# <min> <max>
0	19

[block]
# block no. 5 follows, 34 sequences, length 14
# corresponding to MSA columns:
# 285-287,289-299
name=unknown_F
#
# <colnr> <probs for GDERKNQSTAVLIFYWHMCP>
#	G	D	E	R	K	N	Q	S	T	A	V	L	I	F	Y	W	H	M	C	P
0	0.00962	0.00732	0.01042	0.01022	0.01106	0.00858	0.00771	0.01141	0.01016	0.01456	0.01726	0.02784	0.01702	0.18620	0.55603	0.00904	0.06925	0.00731	0.00350	0.00550
1	0.01907	0.52639	0.02978	0.01353	0.01850	0.22543	0.05116	0.02122	0.01469	0.01568	0.00949	0.01112	0.00839	0.00584	0.00481	0.00151	0.00845	0.00389	0.00295	0.00809
2	0.01671	0.01814	0.01563	0.01390	0.01644	0.28358	0.01095	0.01870	0.01471	0.01752	0.04953	0.02425	0.01592	0.04666	0.01077	0.00221	0.16957	0.09945	0.00389	0.15147
3	0.04900	0.14122	0.26985	0.01472	0.02079	0.10189	0.01514	0.02496	0.21090	0.04513	0.01544	0.01595	0.01168	0.00685	0.00580	0.00190	0.00770	0.00518	0.00413	0.03176
4	0.02874	0.01140	0.01525	0.01169	0.01670	0.01010	0.00966	0.07017	0.01917	0.69745	0.02492	0.02162	0.01571	0.00798	0.00650	0.00200	0.00559	0.00646	0.00791	0.01100
5	0.01296	0.03342	0.73944	0.01842	0.02797	0.01501	0.02387	0.02046	0.01364	0.02046	0.01160	0.01364	0.00818	0.00614	0.00614	0.00205	0.00955	0.00477	0.00273	0.00955
6	0.01986	0.01700	0.02794	0.02056	0.02630	0.01721	0.35251	0.28408	0.06131	0.08260	0.01568	0.01743	0.01128	0.00670	0.00704	0.00208	0.00872	0.00684	0.00502	0.00983
7	0.00784	0.00573	0.00739	0.00871	0.00930	0.00527	0.00587	0.00903	0.01265	0.01661	0.03909	0.68635	0.12285	0.01979	0.00818	0.00257	0.00369	0.01782	0.00600	0.00527
8	0.00859	0.00658	0.00786	0.00754	0.00931	0.00586	0.00566	0.01111	0.01697	0.02278	0.48325	0.05342	0.30888	0.01438	0.00763	0.00209	0.00313	0.01241	0.00670	0.00586
9	0.02326	0.01733	0.01869	0.01425	0.01949	0.01871	0.01174	0.63008	0.02840	0.03843	0.01504	0.01527	0.01082	0.00741	0.00627	0.00182	0.00684	0.00559	0.00616	0.10441
10	0.01889	0.01700	0.01880	0.01624	0.05394	0.09519	0.05151	0.22510	0.22235	0.02728	0.01654	0.01735	0.01269	0.00784	0.00805	0.00201	0.09494	0.00597	0.00515	0.08316
11	0.00805	0.00586	0.00763	0.00897	0.00962	0.00544	0.00623	0.00937	0.01281	0.01682	0.03858	0.64146	0.11311	0.01966	0.00824	0.00261	0.00387	0.07037	0.00599	0.00532
12	0.01762	0.01473	0.01686	0.05595	0.01842	0.09904	0.08275	0.19884	0.07145	0.05919	0.01698	0.02337	0.01464	0.19596	0.01341	0.00304	0.03253	0.00684	0.05046	0.00791
13	0.00800	0.00600	0.00733	0.00816	0.00912	0.00543	0.00562	0.00940	0.01345	0.01749	0.11055	0.47296	0.23081	0.05290	0.00915	0.00261	0.00367	0.01602	0.00601	0.00533

[dist]
# distance from previous block
# <min> <max>
2	3

[block]
# block no. 6 follows, 34 sequences, length 46
# corresponding to MSA columns:
# 305-350
name=unknown_G
#
# <colnr> <probs for GDERKNQSTAVLIFYWHMCP>
#	G	D	E	R	K	N	Q	S	T	A	V	L	I	F	Y	W	H	M	C	P
0	0.01363	0.13516	0.59539	0.01730	0.02568	0.01678	0.02147	0.01999	0.01333	0.01942	0.01103	0.01322	0.00822	0.00639	0.00683	0.00200	0.05755	0.00465	0.00274	0.00922
1	0.01677	0.69020	0.11606	0.01191	0.01791	0.02434	0.01255	0.01948	0.01319	0.01581	0.00929	0.01075	0.00828	0.00560	0.00438	0.00146	0.00722	0.00361	0.00276	0.00844
2	0.05770	0.37185	0.21168	0.01322	0.01928	0.01995	0.01394	0.03986	0.13649	0.02027	0.03148	0.01472	0.01161	0.00653	0.00523	0.00176	0.00709	0.00474	0.00369	0.00890
3	0.05743	0.40422	0.32912	0.01417	0.02125	0.03977	0.01628	0.01997	0.01337	0.01815	0.01011	0.01179	0.00818	0.00584	0.00502	0.00170	0.00805	0.00403	0.00283	0.00873
4	0.00961	0.00649	0.00836	0.00888	0.01017	0.00599	0.00650	0.01146	0.01437	0.06209	0.16860	0.38580	0.15659	0.01840	0.03548	0.00272	0.00434	0.07206	0.00623	0.00587
5	0.01610	0.56429	0.20202	0.01309	0.01932	0.02278	0.01426	0.01944	0.01310	0.01648	0.00959	0.01132	0.00827	0.00594	0.00540	0.00161	0.04183	0.00387	0.00276	0.00854
6	0.01059	0.00813	0.00955	0.00896	0.01112	0.00795	0.00698	0.07814	0.05419	0.02351	0.31747	0.04891	0.26041	0.01596	0.05221	0.00266	0.00470	0.06565	0.00636	0.00654
7	0.02469	0.00999	0.01361	0.01117	0.01527	0.00875	0.00907	0.02703	0.01737	0.58432	0.02754	0.13069	0.02127	0.01043	0.00692	0.00216	0.00528	0.05704	0.00757	0.00983
8	0.00787	0.00562	0.00750	0.00900	0.00937	0.00525	0.00600	0.00900	0.01237	0.01649	0.03561	0.76871	0.04274	0.02024	0.00825	0.00262	0.00375	0.01837	0.00600	0.00525
9	0.01599	0.01535	0.02623	0.03966	0.73262	0.01535	0.01983	0.01983	0.01471	0.02111	0.01215	0.01599	0.01023	0.00576	0.00640	0.00192	0.00768	0.00576	0.00320	0.01023
10	0.00787	0.00562	0.00750	0.00900	0.00937	0.00525	0.00600	0.00900	0.01237	0.01649	0.03561	0.76871	0.04274	0.02024	0.00825	0.00262	0.00375	0.01837	0.00600	0.00525
11	0.02622	0.01192	0.01521	0.01181	0.01650	0.01117	0.00970	0.15861	0.02073	0.53593	0.09186	0.02331	0.01941	0.00846	0.00660	0.00199	0.00557	0.00687	0.00762	0.01052
12	0.01433	0.01533	0.02970	0.02247	0.02653	0.01636	0.42944	0.01830	0.01346	0.01886	0.01336	0.02058	0.01156	0.00993	0.04527	0.00279	0.22755	0.05294	0.00333	0.00792
13	0.00914	0.00660	0.00864	0.00813	0.00965	0.00610	0.00610	0.01219	0.01829	0.02591	0.72921	0.04827	0.06097	0.01321	0.00762	0.00203	0.00305	0.01169	0.00711	0.00610
14	0.05906	0.73695	0.03259	0.01092	0.01637	0.02499	0.01084	0.01933	0.01302	0.01592	0.00898	0.01037	0.00822	0.00555	0.00414	0.00141	0.00681	0.00346	0.00283	0.00822
15	0.00925	0.00703	0.00882	0.00974	0.01145	0.00660	0.00814	0.01165	0.01473	0.01851	0.04629	0.09290	0.30421	0.01736	0.00840	0.00266	0.00484	0.40570	0.00597	0.00573
16	0.00923	0.00692	0.01038	0.01038	0.01154	0.00808	0.00808	0.01154	0.01038	0.01500	0.01731	0.02538	0.01615	0.04846	0.74732	0.01038	0.01731	0.00692	0.00346	0.00577
17	0.01496	0.01368	0.01329	0.01224	0.01542	0.08223	0.00952	0.02764	0.47733	0.02413	0.06719	0.03249	0.11804	0.01041	0.00685	0.00218	0.00543	0.05198	0.00618	0.00883
18	0.01471	0.06505	0.05767	0.51826	0.03669	0.12672	0.01673	0.03314	0.01406	0.01701	0.01109	0.01561	0.00857	0.00660	0.00668	0.00204	0.03354	0.00530	0.00300	0.00750
19	0.01443	0.01514	0.02017	0.59096	0.03969	0.14145	0.05300	0.01834	0.01398	0.01661	0.01131	0.01627	0.00862	0.00644	0.00641	0.00207	0.00926	0.00557	0.00297	0.00731
20	0.00787	0.00562	0.00750	0.00900	0.00937	0.00525	0.00600	0.00900	0.01237	0.01649	0.03561	0.76871	0.04274	0.02024	0.00825	0.00262	0.00375	0.01837	0.00600	0.00525
21	0.01220	0.01148	0.01938	0.75739	0.04450	0.01436	0.01794	0.01651	0.01292	0.01651	0.01148	0.01723	0.00861	0.00646	0.00646	0.00215	0.00861	0.00574	0.00287	0.00718
22	0.01296	0.03342	0.73944	0.01842	0.02797	0.01501	0.02387	0.02046	0.01364	0.02046	0.01160	0.01364	0.00818	0.00614	0.00614	0.00205	0.00955	0.00477	0.00273	0.00955
23	0.01220	0.01148	0.01938	0.75739	0.04450	0.01436	0.01794	0.01651	0.01292	0.01651	0.01148	0.01723	0.00861	0.00646	0.00646	0.00215	0.00861	0.00574	0.00287	0.00718
24	0.02489	0.01133	0.01515	0.01300	0.05333	0.01056	0.00995	0.06373	0.07109	0.53033	0.06639	0.02327	0.01844	0.01035	0.04519	0.00245	0.00613	0.00682	0.00727	0.01033
25	0.01233	0.01162	0.01962	0.73246	0.06840	0.01439	0.01801	0.01662	0.01298	0.01667	0.01151	0.01718	0.00867	0.00644	0.00646	0.00215	0.00858	0.00574	0.00288	0.00728
26	0.01246	0.01164	0.01956	0.65113	0.10753	0.01409	0.01773	0.01666	0.01319	0.01709	0.01273	0.02001	0.01025	0.00699	0.00658	0.00217	0.00839	0.04134	0.00306	0.00740
27	0.01599	0.01535	0.02623	0.03966	0.73262	0.01535	0.01983	0.01983	0.01471	0.02111	0.01215	0.01599	0.01023	0.00576	0.00640	0.00192	0.00768	0.00576	0.00320	0.01023
28	0.01264	0.01193	0.02017	0.67441	0.12406	0.01447	0.01816	0.01689	0.01313	0.01704	0.01156	0.01708	0.00880	0.00638	0.00645	0.00213	0.00850	0.00574	0.00291	0.00753
29	0.00874	0.00646	0.00822	0.00843	0.00980	0.00594	0.00630	0.01113	0.01607	0.02182	0.40049	0.21283	0.16253	0.01573	0.00789	0.00228	0.00352	0.07945	0.00657	0.00579
30	0.06202	0.00818	0.01016	0.00894	0.01139	0.00775	0.00695	0.04235	0.01813	0.15975	0.49555	0.03877	0.04543	0.01134	0.00701	0.00200	0.00377	0.00975	0.04352	0.00725
31	0.01253	0.06074	0.02031	0.70936	0.04271	0.01508	0.01750	0.01669	0.01293	0.01642	0.01132	0.01678	0.00859	0.00640	0.00631	0.00210	0.00850	0.00559	0.00286	0.00725
32	0.01727	0.77681	0.03386	0.01106	0.01658	0.02557	0.01106	0.01935	0.01313	0.01520	0.00898	0.01036	0.00829	0.00553	0.00415	0.00138	0.00691	0.00345	0.00276	0.00829
33	0.00924	0.00690	0.01026	0.01026	0.01137	0.00801	0.00792	0.01146	0.01035	0.01491	0.01742	0.02601	0.01643	0.07541	0.72074	0.01023	0.01690	0.00701	0.00348	0.00570
34	0.01496	0.01687	0.03637	0.09583	0.03478	0.01615	0.64421	0.02030	0.01503	0.02030	0.01292	0.01741	0.00969	0.00554	0.00752	0.00218	0.01068	0.00745	0.00323	0.00857
35	0.00787	0.00562	0.00750	0.00900	0.00937	0.00525	0.00600	0.00900	0.01237	0.01649	0.03561	0.76871	0.04274	0.02024	0.00825	0.00262	0.00375	0.01837	0.00600	0.00525
36	0.00874	0.00659	0.00808	0.00771	0.00941	0.00593	0.00578	0.01141	0.01734	0.02365	0.55199	0.05198	0.23959	0.01405	0.00762	0.00207	0.00311	0.01221	0.00682	0.00593
37	0.05009	0.01557	0.01942	0.01474	0.01995	0.01611	0.07668	0.40495	0.02451	0.26339	0.01830	0.01763	0.01237	0.00756	0.00651	0.00198	0.00688	0.00613	0.00658	0.01065
38	0.01928	0.02116	0.08898	0.02259	0.20743	0.24674	0.08230	0.04975	0.03146	0.08870	0.06691	0.01767	0.01396	0.00696	0.00642	0.00190	0.00880	0.00589	0.00415	0.00894
39	0.00938	0.00632	0.00731	0.00731	0.00740	0.00641	0.00424	0.00956	0.00947	0.01272	0.02012	0.04096	0.02292	0.71634	0.08869	0.00659	0.00713	0.00920	0.00388	0.00406
40	0.00940	0.00626	0.00705	0.00705	0.00705	0.00626	0.00392	0.00940	0.00940	0.01253	0.02036	0.04228	0.02349	0.77292	0.03289	0.00626	0.00626	0.00940	0.00392	0.00392
41	0.04741	0.01600	0.01875	0.17427	0.09126	0.11427	0.03223	0.16236	0.05360	0.20120	0.01631	0.01731	0.01156	0.00713	0.00633	0.00198	0.00764	0.00579	0.00519	0.00940
42	0.08570	0.06891	0.01853	0.01612	0.08511	0.25539	0.01175	0.17406	0.05123	0.07876	0.01466	0.01546	0.02803	0.00700	0.00582	0.00177	0.00800	0.00511	0.00462	0.06397
43	0.04205	0.01498	0.01947	0.16145	0.02446	0.10005	0.14237	0.12513	0.08200	0.02205	0.01733	0.08508	0.01561	0.08033	0.00927	0.00253	0.00798	0.03559	0.00442	0.00784
44	0.01497	0.01599	0.08579	0.44691	0.03409	0.11054	0.01622	0.04164	0.03375	0.05309	0.01353	0.01869	0.01057	0.00918	0.04502	0.00252	0.00917	0.02708	0.00351	0.00772
45	0.01558	0.01722	0.06723	0.08112	0.38408	0.13731	0.01644	0.01898	0.01443	0.01879	0.01361	0.05565	0.01214	0.01237	0.10416	0.00306	0.00960	0.00623	0.00335	0.00866

[dist]
# distance from previous block
# <min> <max>
2	26

[block]
# block no. 7 follows, 34 sequences, length 48
# corresponding to MSA columns:
# 380-427
name=unknown_H
#
# <colnr> <probs for GDERKNQSTAVLIFYWHMCP>
#	G	D	E	R	K	N	Q	S	T	A	V	L	I	F	Y	W	H	M	C	P
0	0.07757	0.13745	0.58115	0.01658	0.02512	0.01647	0.02071	0.02019	0.01336	0.02039	0.01102	0.01293	0.00811	0.00604	0.00569	0.00195	0.00881	0.00449	0.00283	0.00917
1	0.00881	0.00605	0.00734	0.00786	0.00812	0.00587	0.00486	0.00946	0.01119	0.01504	0.08037	0.31500	0.03357	0.43264	0.02172	0.00458	0.00508	0.01293	0.00494	0.00458
2	0.01327	0.01563	0.11618	0.40003	0.03515	0.01501	0.13228	0.03119	0.06467	0.01889	0.01464	0.01866	0.03520	0.00709	0.00756	0.00218	0.05472	0.00632	0.00336	0.00796
3	0.01462	0.38621	0.34435	0.01415	0.02105	0.01927	0.01633	0.01902	0.01330	0.01764	0.01226	0.07206	0.01098	0.00697	0.00535	0.00177	0.00783	0.00522	0.00301	0.00861
4	0.04142	0.01472	0.02271	0.35219	0.17168	0.05350	0.10301	0.07335	0.01495	0.02016	0.01176	0.01615	0.00919	0.00664	0.00752	0.00211	0.06152	0.00582	0.00333	0.00827
5	0.00936	0.00668	0.00855	0.00954	0.01029	0.00662	0.00695	0.01148	0.04301	0.01679	0.03095	0.34882	0.03526	0.20885	0.01459	0.00363	0.00509	0.21275	0.00548	0.00533
6	0.01279	0.01209	0.02045	0.64550	0.15177	0.01451	0.01824	0.01703	0.01320	0.01723	0.01159	0.01703	0.00887	0.00635	0.00645	0.00212	0.00847	0.00574	0.00292	0.00765
7	0.01301	0.00987	0.01060	0.00951	0.01182	0.06633	0.00715	0.01649	0.07992	0.05898	0.29773	0.03268	0.03300	0.05309	0.01004	0.08927	0.00477	0.02185	0.06714	0.10674
8	0.01017	0.00726	0.00857	0.00867	0.00937	0.00757	0.00585	0.01275	0.08690	0.01533	0.02322	0.07339	0.02513	0.50543	0.07989	0.00555	0.00683	0.09853	0.00452	0.00506
9	0.02263	0.01257	0.01517	0.07099	0.01834	0.01296	0.01024	0.23310	0.07020	0.30273	0.02070	0.02015	0.01425	0.00778	0.00617	0.00193	0.00580	0.00621	0.13826	0.00982
10	0.01502	0.01697	0.03669	0.08316	0.03459	0.01619	0.65621	0.02038	0.01507	0.02038	0.01295	0.01741	0.00971	0.00552	0.00754	0.00218	0.01072	0.00748	0.00324	0.00860
11	0.00909	0.00614	0.00714	0.00744	0.00751	0.00606	0.00433	0.00932	0.00999	0.01333	0.02343	0.18835	0.02736	0.62157	0.02793	0.00553	0.00576	0.01120	0.00433	0.00418
