[name]
unknown

[dist]
# distance from previous block
# <min> <max>
0	42

[block]
# block no. 0 follows, 31 sequences, length 7
# corresponding to MSA columns:
# 42-48
name=unknown_A
#
# <colnr> <probs for GDERKNQSTAVLIFYWHMCP>
#	G	D	E	R	K	N	Q	S	T	A	V	L	I	F	Y	W	H	M	C	P
0	0.01538	0.01652	0.03174	0.02402	0.02823	0.01783	0.41602	0.01953	0.01422	0.01999	0.01385	0.02157	0.01203	0.00880	0.01298	0.00260	0.25700	0.05575	0.00351	0.00843
1	0.02601	0.01916	0.02053	0.01574	0.02122	0.02122	0.01300	0.69408	0.03217	0.04312	0.01643	0.01643	0.01163	0.00821	0.00684	0.00205	0.00753	0.00616	0.00684	0.01163
2	0.02084	0.01761	0.02136	0.01696	0.02175	0.05680	0.11949	0.34289	0.17901	0.03280	0.02015	0.08348	0.01632	0.00917	0.00719	0.00220	0.00763	0.00789	0.00611	0.01034
3	0.01501	0.01535	0.02883	0.02164	0.02637	0.01534	0.38420	0.05081	0.01574	0.02195	0.05406	0.10482	0.01722	0.00899	0.00992	0.00233	0.11626	0.00888	0.00416	0.07811
4	0.18690	0.01431	0.01790	0.14722	0.05421	0.04556	0.06796	0.10115	0.01659	0.09152	0.01556	0.07222	0.01286	0.00780	0.00625	0.00203	0.00712	0.00648	0.00474	0.12163
5	0.17003	0.01421	0.01867	0.01651	0.07994	0.04508	0.10375	0.04266	0.04666	0.17896	0.07733	0.02169	0.03789	0.00806	0.00718	0.00208	0.03984	0.00669	0.00543	0.07733
6	0.14557	0.04257	0.13933	0.01826	0.11867	0.09975	0.01450	0.09022	0.07662	0.05658	0.07998	0.01894	0.01580	0.00795	0.00714	0.00211	0.04598	0.00603	0.00469	0.00929

[dist]
# distance from previous block
# <min> <max>
25	92

[block]
# block no. 1 follows, 31 sequences, length 13
# corresponding to MSA columns:
# 151-163
name=unknown_B
#
# <colnr> <probs for GDERKNQSTAVLIFYWHMCP>
#	G	D	E	R	K	N	Q	S	T	A	V	L	I	F	Y	W	H	M	C	P
0	0.01344	0.07888	0.01819	0.22050	0.02517	0.01305	0.04755	0.01834	0.08239	0.02016	0.02094	0.09644	0.05586	0.00934	0.00669	0.00200	0.00668	0.05309	0.00443	0.20685
1	0.01921	0.05800	0.01793	0.01261	0.01833	0.05236	0.01032	0.25846	0.02083	0.02905	0.01344	0.01470	0.01052	0.00633	0.00572	0.00145	0.00645	0.00480	0.00495	0.43452
2	0.28476	0.01253	0.01694	0.49209	0.03553	0.01525	0.01504	0.01838	0.01298	0.02200	0.01126	0.01580	0.00853	0.00667	0.00595	0.00222	0.00781	0.00527	0.00345	0.00753
3	0.01924	0.01581	0.01519	0.01211	0.01664	0.10576	0.00963	0.24247	0.02085	0.02920	0.01567	0.01726	0.01214	0.00702	0.00573	0.00159	0.00639	0.00532	0.18494	0.25703
4	0.01613	0.01399	0.01356	0.01163	0.01535	0.08326	0.00908	0.13494	0.17765	0.02654	0.09232	0.03233	0.17275	0.01043	0.00683	0.00199	0.00565	0.00846	0.05336	0.11376
5	0.02601	0.01916	0.02053	0.01574	0.02122	0.02122	0.01300	0.69408	0.03217	0.04312	0.01643	0.01643	0.01163	0.00821	0.00684	0.00205	0.00753	0.00616	0.00684	0.01163
6	0.01419	0.01216	0.01419	0.01013	0.01621	0.00912	0.00811	0.01723	0.01419	0.02229	0.01216	0.01419	0.01013	0.00507	0.00507	0.00101	0.00507	0.00405	0.00405	0.80139
7	0.55959	0.01290	0.01135	0.00935	0.01416	0.01340	0.00763	0.01921	0.01244	0.02807	0.01035	0.01208	0.00826	0.00595	0.00449	0.00177	0.00522	0.00381	0.00418	0.25580
8	0.01553	0.00942	0.01203	0.01060	0.01404	0.00793	0.00817	0.01782	0.01516	0.17877	0.02691	0.28964	0.02698	0.01299	0.00719	0.00209	0.00495	0.07000	0.00608	0.26369
9	0.02601	0.01916	0.02053	0.01574	0.02122	0.02122	0.01300	0.69408	0.03217	0.04312	0.01643	0.01643	0.01163	0.00821	0.00684	0.00205	0.00753	0.00616	0.00684	0.01163
10	0.00917	0.00698	0.00847	0.00832	0.01011	0.00627	0.00630	0.01182	0.01764	0.02364	0.43159	0.08700	0.27799	0.01569	0.00818	0.00229	0.00352	0.05181	0.00702	0.00618
11	0.01275	0.00638	0.00638	0.00638	0.00797	0.00638	0.00478	0.01594	0.01435	0.02551	0.02232	0.02551	0.01754	0.00797	0.00478	0.00159	0.00319	0.00638	0.79755	0.00638
12	0.02601	0.01916	0.02053	0.01574	0.02122	0.02122	0.01300	0.69408	0.03217	0.04312	0.01643	0.01643	0.01163	0.00821	0.00684	0.00205	0.00753	0.00616	0.00684	0.01163

[dist]
# distance from previous block
# <min> <max>
0	2

[block]
# block no. 2 follows, 31 sequences, length 8
# corresponding to MSA columns:
# 166-173
name=unknown_C
#
# <colnr> <probs for GDERKNQSTAVLIFYWHMCP>
#	G	D	E	R	K	N	Q	S	T	A	V	L	I	F	Y	W	H	M	C	P
0	0.01776	0.67928	0.11561	0.01261	0.01896	0.02577	0.01328	0.02062	0.01396	0.01674	0.00983	0.01138	0.00877	0.00593	0.00463	0.00154	0.00764	0.00382	0.00292	0.00893
1	0.00834	0.00595	0.00794	0.00953	0.00992	0.00556	0.00635	0.00953	0.01310	0.01746	0.03771	0.75510	0.04525	0.02143	0.00873	0.00278	0.00397	0.01945	0.00635	0.00556
2	0.01419	0.01216	0.01419	0.01013	0.01621	0.00912	0.00811	0.01723	0.01419	0.02229	0.01216	0.01419	0.01013	0.00507	0.00507	0.00101	0.00507	0.00405	0.00405	0.80139
3	0.00977	0.00733	0.01100	0.01100	0.01222	0.00855	0.00855	0.01222	0.01100	0.01588	0.01833	0.02688	0.01710	0.05131	0.73245	0.01100	0.01833	0.00733	0.00367	0.00611
4	0.00844	0.00694	0.00742	0.00730	0.00946	0.00593	0.00548	0.01050	0.01643	0.02046	0.21136	0.06259	0.57082	0.01659	0.00808	0.00228	0.00341	0.01398	0.00661	0.00593
5	0.02601	0.01916	0.02053	0.01574	0.02122	0.02122	0.01300	0.69408	0.03217	0.04312	0.01643	0.01643	0.01163	0.00821	0.00684	0.00205	0.00753	0.00616	0.00684	0.01163
6	0.00977	0.00733	0.01100	0.01100	0.01222	0.00855	0.00855	0.01222	0.01100	0.01588	0.01833	0.02688	0.01710	0.05131	0.73245	0.01100	0.01833	0.00733	0.00367	0.00611
7	0.01702	0.01470	0.01547	0.01392	0.01779	0.01702	0.01083	0.03635	0.70453	0.02862	0.02785	0.02553	0.02088	0.00928	0.00696	0.00232	0.00541	0.00773	0.00696	0.01083

[dist]
# distance from previous block
# <min> <max>
5	7

[block]
# block no. 3 follows, 31 sequences, length 9
# corresponding to MSA columns:
# 181-189
name=unknown_D
#
# <colnr> <probs for GDERKNQSTAVLIFYWHMCP>
#	G	D	E	R	K	N	Q	S	T	A	V	L	I	F	Y	W	H	M	C	P
0	0.24256	0.55053	0.02852	0.01094	0.01633	0.02374	0.01049	0.02038	0.01326	0.02024	0.00952	0.01101	0.00839	0.00599	0.00435	0.00165	0.00674	0.00367	0.00330	0.00839
1	0.02343	0.01834	0.02259	0.02320	0.21881	0.01981	0.01527	0.50290	0.02745	0.03722	0.01542	0.01657	0.01141	0.00761	0.00682	0.00205	0.00770	0.00614	0.00586	0.01141
2	0.01245	0.01067	0.01213	0.00922	0.01423	0.00817	0.00728	0.01512	0.01459	0.02121	0.02839	0.02886	0.21008	0.00855	0.00592	0.00138	0.00461	0.00700	0.00471	0.57541
3	0.01579	0.01509	0.02571	0.24113	0.52666	0.01596	0.02043	0.02000	0.01504	0.02097	0.01267	0.01730	0.01035	0.00631	0.00679	0.00210	0.00841	0.00609	0.00329	0.00992
4	0.01139	0.00911	0.01086	0.01022	0.01308	0.00819	0.00794	0.01520	0.07719	0.02043	0.03347	0.19006	0.13761	0.05209	0.00891	0.00243	0.00496	0.14904	0.00563	0.23219
5	0.01932	0.01682	0.01853	0.12653	0.02364	0.08660	0.03886	0.26021	0.14503	0.02909	0.02035	0.05058	0.04961	0.00872	0.00684	0.00207	0.00746	0.00712	0.00554	0.07708
6	0.06131	0.02231	0.02043	0.01885	0.08878	0.25796	0.03362	0.26850	0.04933	0.02850	0.03437	0.01621	0.01215	0.00787	0.00743	0.00203	0.05004	0.00574	0.00498	0.00962
7	0.01531	0.01405	0.02051	0.08184	0.36317	0.04790	0.01532	0.05232	0.01746	0.02419	0.21178	0.02636	0.02587	0.00850	0.00704	0.00202	0.00684	0.00770	0.00475	0.04707
8	0.01468	0.01405	0.02302	0.01843	0.05552	0.01361	0.24421	0.09448	0.01711	0.02303	0.02925	0.03077	0.21029	0.00972	0.00855	0.00214	0.06307	0.00887	0.00471	0.11448

[dist]
# distance from previous block
# <min> <max>
10	48

[block]
# block no. 4 follows, 31 sequences, length 12
# corresponding to MSA columns:
# 239-250
name=unknown_E
#
# <colnr> <probs for GDERKNQSTAVLIFYWHMCP>
#	G	D	E	R	K	N	Q	S	T	A	V	L	I	F	Y	W	H	M	C	P
0	0.08160	0.01600	0.02070	0.16704	0.22568	0.05033	0.01550	0.15074	0.09825	0.05096	0.01523	0.01751	0.01163	0.00712	0.00652	0.00207	0.00765	0.00596	0.00467	0.04483
1	0.07708	0.01325	0.01587	0.01280	0.01727	0.01344	0.03296	0.17380	0.12308	0.25044	0.09899	0.04326	0.05439	0.00952	0.00691	0.00213	0.00583	0.00783	0.00703	0.03410
2	0.11814	0.01443	0.01948	0.09805	0.02061	0.01958	0.01443	0.01705	0.01099	0.01843	0.00941	0.01483	0.00879	0.01067	0.01833	0.00280	0.56762	0.00570	0.00316	0.00749
3	0.02412	0.07587	0.05445	0.01678	0.02115	0.48038	0.01353	0.15088	0.05971	0.02250	0.01265	0.01385	0.01001	0.00729	0.00624	0.00185	0.01063	0.00490	0.00427	0.00894
4	0.00826	0.00694	0.00718	0.00712	0.00935	0.00585	0.00534	0.01016	0.01601	0.01947	0.14066	0.06421	0.64214	0.01696	0.00808	0.00229	0.00344	0.01421	0.00648	0.00585
5	0.00948	0.00699	0.00886	0.00839	0.01010	0.00637	0.00629	0.01251	0.01888	0.02629	0.63064	0.05300	0.14791	0.01442	0.00807	0.00217	0.00326	0.01264	0.00738	0.00637
6	0.00935	0.00698	0.00868	0.00825	0.01001	0.00631	0.00619	0.01226	0.01857	0.02554	0.57708	0.05422	0.20193	0.01469	0.00807	0.00219	0.00328	0.01281	0.00728	0.00631
7	0.00968	0.00699	0.00914	0.00861	0.01022	0.00646	0.00646	0.01291	0.01937	0.02743	0.71328	0.05110	0.06455	0.01399	0.00807	0.00215	0.00323	0.01237	0.00753	0.00646
8	0.01644	0.01576	0.02688	0.12761	0.63510	0.01613	0.02075	0.02057	0.01535	0.02176	0.01278	0.01709	0.01063	0.00619	0.00678	0.00206	0.00825	0.00609	0.00334	0.01044
9	0.08529	0.01294	0.01551	0.01289	0.06128	0.01119	0.00962	0.07192	0.01647	0.16092	0.01520	0.01605	0.01139	0.00614	0.00559	0.00146	0.00561	0.00486	0.00510	0.47056
10	0.19291	0.01205	0.01442	0.01123	0.01641	0.01105	0.00924	0.02844	0.01720	0.48402	0.02136	0.01952	0.01403	0.00758	0.00608	0.00197	0.00561	0.00584	0.00699	0.11405
11	0.02143	0.01249	0.01695	0.01529	0.06924	0.01230	0.04815	0.07959	0.14643	0.29961	0.12418	0.05928	0.02515	0.00992	0.00727	0.00222	0.00593	0.02733	0.00712	0.01014

[dist]
# distance from previous block
# <min> <max>
0	4

[block]
# block no. 5 follows, 31 sequences, length 28
# corresponding to MSA columns:
# 255-282
name=unknown_F
#
# <colnr> <probs for GDERKNQSTAVLIFYWHMCP>
#	G	D	E	R	K	N	Q	S	T	A	V	L	I	F	Y	W	H	M	C	P
0	0.12827	0.13426	0.03639	0.01334	0.01744	0.15878	0.01109	0.06931	0.13033	0.06141	0.01627	0.05308	0.01350	0.00825	0.00685	0.00199	0.05196	0.00593	0.03754	0.04402
1	0.01696	0.08673	0.18046	0.01473	0.04758	0.05597	0.01356	0.02315	0.11634	0.13501	0.08407	0.04330	0.07761	0.01237	0.05959	0.00275	0.00781	0.00756	0.00529	0.00916
2	0.01595	0.35687	0.36245	0.01682	0.02478	0.02096	0.07439	0.02116	0.01434	0.01922	0.01118	0.01324	0.00886	0.00615	0.00569	0.00187	0.00899	0.00469	0.00295	0.00945
3	0.01431	0.01174	0.01836	0.09319	0.32043	0.01162	0.01402	0.01759	0.01611	0.07262	0.13906	0.09158	0.12972	0.01061	0.00736	0.00219	0.00620	0.00955	0.00510	0.00866
4	0.01764	0.65953	0.13427	0.01282	0.01928	0.02547	0.01365	0.02065	0.01398	0.01689	0.00991	0.01147	0.00876	0.00595	0.00469	0.00156	0.00772	0.00386	0.00292	0.00897
5	0.01425	0.05414	0.07369	0.01155	0.01710	0.01142	0.01011	0.01975	0.10628	0.02259	0.03310	0.05003	0.01550	0.00733	0.00583	0.00151	0.00562	0.03687	0.00457	0.49876
6	0.01704	0.58848	0.17067	0.01307	0.01952	0.02402	0.01407	0.02028	0.01384	0.01708	0.01056	0.01306	0.00942	0.03715	0.00607	0.00182	0.00784	0.00419	0.00297	0.00885
7	0.00829	0.00637	0.00760	0.00849	0.00967	0.00567	0.00591	0.00976	0.01429	0.01823	0.07487	0.46370	0.30346	0.01958	0.00846	0.00257	0.00375	0.01726	0.00640	0.00567
8	0.01353	0.01037	0.01661	0.07393	0.01918	0.01015	0.12961	0.01812	0.06711	0.09135	0.27567	0.13208	0.05455	0.01237	0.00793	0.00234	0.00586	0.04527	0.00624	0.00772
9	0.01436	0.01406	0.02513	0.46990	0.20892	0.01576	0.11573	0.01897	0.01450	0.01930	0.01257	0.01795	0.00972	0.00650	0.00700	0.00222	0.00922	0.00637	0.00318	0.00862
10	0.00834	0.00595	0.00794	0.00953	0.00992	0.00556	0.00635	0.00953	0.01310	0.01746	0.03771	0.75510	0.04525	0.02143	0.00873	0.00278	0.00397	0.01945	0.00635	0.00556
11	0.01524	0.01647	0.03380	0.23976	0.07860	0.01662	0.45510	0.02056	0.01539	0.02064	0.01329	0.01830	0.01004	0.00610	0.00764	0.00228	0.01063	0.00737	0.00333	0.00884
12	0.05248	0.05061	0.07875	0.01784	0.05574	0.30977	0.01435	0.25212	0.02221	0.02687	0.01266	0.01417	0.00982	0.00753	0.00714	0.00197	0.04671	0.00517	0.00457	0.00950
13	0.00828	0.00694	0.00720	0.00714	0.00936	0.00586	0.00535	0.01020	0.01605	0.01957	0.14784	0.06404	0.63490	0.01692	0.00808	0.00229	0.00344	0.01419	0.00650	0.00586
14	0.01419	0.01216	0.01419	0.01013	0.01621	0.00912	0.00811	0.01723	0.01419	0.02229	0.01216	0.01419	0.01013	0.00507	0.00507	0.00101	0.00507	0.00405	0.00405	0.80139
15	0.01334	0.01219	0.02180	0.01847	0.02213	0.01197	0.25251	0.01875	0.07284	0.02166	0.02759	0.05208	0.02756	0.01345	0.00876	0.00278	0.00808	0.38098	0.00535	0.00771
16	0.00995	0.00663	0.00746	0.00746	0.00746	0.00663	0.00415	0.00995	0.00995	0.01327	0.02156	0.04477	0.02487	0.75957	0.03482	0.00663	0.00663	0.00995	0.00415	0.00415
17	0.00856	0.00611	0.00819	0.00978	0.01027	0.00575	0.00674	0.00991	0.01332	0.01771	0.03758	0.69910	0.04476	0.02122	0.00879	0.00281	0.00416	0.07326	0.00635	0.00562
18	0.01419	0.01216	0.01419	0.01013	0.01621	0.00912	0.00811	0.01723	0.01419	0.02229	0.01216	0.01419	0.01013	0.00507	0.00507	0.00101	0.00507	0.00405	0.00405	0.80139
19	0.00874	0.00696	0.00783	0.00762	0.00964	0.00605	0.00571	0.01108	0.01713	0.02214	0.33221	0.05982	0.44893	0.01596	0.00808	0.00225	0.00337	0.01360	0.00683	0.00605
20	0.01007	0.00719	0.00993	0.01151	0.01267	0.00705	0.00937	0.01253	0.01481	0.01941	0.03675	0.31758	0.04146	0.01980	0.00920	0.00302	0.00547	0.43984	0.00632	0.00604
21	0.01292	0.01216	0.02052	0.74312	0.04712	0.01520	0.01900	0.01748	0.01368	0.01748	0.01216	0.01824	0.00912	0.00684	0.00684	0.00228	0.00912	0.00608	0.00304	0.00760
22	0.44593	0.17808	0.11537	0.01137	0.01688	0.01740	0.01109	0.02179	0.01335	0.09858	0.01173	0.01282	0.00888	0.00649	0.00486	0.00198	0.00645	0.00421	0.00421	0.00852
23	0.01966	0.01601	0.01696	0.01446	0.01880	0.01825	0.01147	0.22987	0.50670	0.03288	0.02449	0.02285	0.01816	0.00897	0.00693	0.00224	0.00604	0.00727	0.00693	0.01107
24	0.00836	0.00630	0.00774	0.00873	0.00975	0.00568	0.00603	0.00985	0.01426	0.01848	0.09578	0.50960	0.23517	0.01973	0.00850	0.00260	0.00377	0.01752	0.00644	0.00568
25	0.08874	0.02266	0.01782	0.01538	0.01944	0.31575	0.01202	0.15520	0.15589	0.08346	0.01631	0.01659	0.01229	0.00792	0.00685	0.00202	0.03132	0.00559	0.00528	0.00945
26	0.01395	0.01031	0.01204	0.01160	0.01368	0.01080	0.00855	0.20442	0.06880	0.02551	0.03099	0.49381	0.03400	0.01682	0.00807	0.00254	0.00508	0.01485	0.00653	0.00765
27	0.01937	0.01305	0.01545	0.01137	0.01719	0.01105	0.00922	0.11743	0.01790	0.17327	0.01591	0.01643	0.01179	0.00624	0.00570	0.00140	0.00558	0.00495	0.00539	0.52132

[dist]
# distance from previous block
# <min> <max>
1	23

[block]
# block no. 6 follows, 31 sequences, length 13
# corresponding to MSA columns:
# 306-318
name=unknown_G
#
# <colnr> <probs for GDERKNQSTAVLIFYWHMCP>
#	G	D	E	R	K	N	Q	S	T	A	V	L	I	F	Y	W	H	M	C	P
0	0.01997	0.01289	0.01432	0.01225	0.01613	0.05567	0.00968	0.02826	0.24641	0.24447	0.16766	0.03030	0.02793	0.00993	0.00709	0.00214	0.00552	0.02886	0.00716	0.05336
1	0.01348	0.01273	0.02153	0.64580	0.14009	0.01535	0.01928	0.01797	0.01394	0.01816	0.01226	0.01806	0.00936	0.00674	0.00683	0.00225	0.00898	0.00608	0.00309	0.00805
2	0.01829	0.76368	0.03585	0.01171	0.01756	0.02707	0.01171	0.02049	0.01390	0.01610	0.00951	0.01097	0.00878	0.00585	0.00439	0.00146	0.00732	0.00366	0.00293	0.00878
3	0.01684	0.01290	0.01616	0.01182	0.01773	0.01062	0.04575	0.05234	0.04854	0.10200	0.01486	0.01608	0.01149	0.00584	0.00561	0.00132	0.00564	0.00486	0.00479	0.59483
4	0.01372	0.03539	0.72412	0.01950	0.02961	0.01589	0.02528	0.02167	0.01444	0.02167	0.01228	0.01444	0.00867	0.00650	0.00650	0.00217	0.01011	0.00506	0.00289	0.01011
5	0.00899	0.00689	0.00823	0.00805	0.00983	0.00613	0.00598	0.01150	0.01749	0.02335	0.42251	0.10979	0.30489	0.01579	0.00813	0.00226	0.00337	0.01368	0.00700	0.00613
6	0.00843	0.00599	0.00791	0.00941	0.00978	0.00562	0.00622	0.00955	0.01292	0.01722	0.03677	0.71403	0.04407	0.06411	0.01024	0.00300	0.00412	0.01890	0.00622	0.00548
7	0.01404	0.08675	0.67558	0.01895	0.02876	0.01668	0.02432	0.02158	0.01441	0.02127	0.01208	0.01420	0.00867	0.00645	0.00635	0.00212	0.00991	0.00496	0.00289	0.01002
8	0.10841	0.01229	0.01926	0.65494	0.04305	0.01522	0.01761	0.01780	0.01344	0.01907	0.01184	0.01738	0.00891	0.00678	0.00653	0.00226	0.00866	0.00579	0.00318	0.00758
9	0.00834	0.00595	0.00794	0.00953	0.00992	0.00556	0.00635	0.00953	0.01310	0.01746	0.03771	0.75510	0.04525	0.02143	0.00873	0.00278	0.00397	0.01945	0.00635	0.00556
10	0.01853	0.51063	0.03314	0.01523	0.02041	0.10602	0.10178	0.02108	0.01450	0.01697	0.01015	0.01250	0.00901	0.00656	0.00679	0.00175	0.07871	0.00455	0.00307	0.00862
11	0.01624	0.01246	0.01427	0.01092	0.01601	0.01101	0.00877	0.14860	0.01801	0.06333	0.02249	0.02338	0.11403	0.01028	0.04732	0.00203	0.00611	0.00632	0.00515	0.44327
12	0.01628	0.01533	0.02436	0.06597	0.06456	0.05374	0.25857	0.06130	0.10365	0.05962	0.05369	0.04720	0.10970	0.00926	0.00759	0.00226	0.00819	0.02481	0.00503	0.00887

[dist]
# distance from previous block
# <min> <max>
0	1

[block]
# block no. 7 follows, 31 sequences, length 28
# corresponding to MSA columns:
# 320-347
name=unknown_H
#
# <colnr> <probs for GDERKNQSTAVLIFYWHMCP>
#	G	D	E	R	K	N	Q	S	T	A	V	L	I	F	Y	W	H	M	C	P
0	0.24704	0.09647	0.01718	0.01199	0.01616	0.01600	0.01007	0.05009	0.01377	0.06440	0.01149	0.01373	0.00941	0.00731	0.00857	0.00191	0.16061	0.00457	0.00414	0.23506
1	0.00937	0.00643	0.00846	0.00960	0.01011	0.00624	0.00651	0.01076	0.04111	0.01702	0.03274	0.55457	0.03824	0.07148	0.01283	0.10805	0.00456	0.04077	0.00578	0.00537
2	0.00987	0.00762	0.00989	0.05529	0.01278	0.00796	0.00746	0.01251	0.04804	0.01840	0.11449	0.24477	0.12389	0.14275	0.12754	0.00452	0.02811	0.01267	0.00544	0.00600
3	0.10958	0.02416	0.01943	0.11512	0.11912	0.41302	0.01420	0.02475	0.01727	0.06508	0.01205	0.01432	0.00951	0.00691	0.00617	0.00193	0.01013	0.00494	0.00384	0.00847
4	0.00873	0.00639	0.00829	0.00962	0.01047	0.00595	0.00689	0.01033	0.01397	0.01829	0.05817	0.54704	0.13300	0.02034	0.00874	0.00276	0.00423	0.11472	0.00637	0.00572
5	0.01395	0.00779	0.00793	0.00750	0.00950	0.00807	0.00573	0.06487	0.05788	0.02694	0.02224	0.02487	0.01733	0.00807	0.00506	0.00167	0.00363	0.00644	0.69352	0.00702
6	0.03559	0.01246	0.01582	0.01576	0.09320	0.01312	0.01111	0.15027	0.08982	0.15482	0.06643	0.17282	0.02440	0.01175	0.00832	0.00233	0.05406	0.03298	0.02571	0.00924
7	0.01384	0.01310	0.02219	0.58184	0.20119	0.01544	0.01946	0.01829	0.01412	0.01860	0.01232	0.01794	0.00951	0.00667	0.00682	0.00222	0.00889	0.00608	0.00312	0.00834
8	0.00988	0.00694	0.00963	0.01019	0.01132	0.00734	0.00779	0.01224	0.01308	0.01869	0.07479	0.21646	0.03043	0.03248	0.33050	0.00632	0.01053	0.09804	0.08729	0.00605
9	0.01582	0.02077	0.13372	0.02756	0.03492	0.01711	0.60101	0.02188	0.01592	0.02188	0.01363	0.01791	0.01015	0.00587	0.00786	0.00229	0.01134	0.00766	0.00338	0.00935
10	0.01983	0.04003	0.02224	0.03936	0.09364	0.09659	0.08601	0.07726	0.14970	0.11489	0.01677	0.01847	0.01285	0.00856	0.01027	0.00230	0.17024	0.00645	0.00493	0.00962
11	0.01385	0.01333	0.01882	0.01647	0.01673	0.01830	0.01359	0.01555	0.01059	0.01634	0.01098	0.01752	0.01072	0.02041	0.17463	0.00471	0.59086	0.00627	0.00314	0.00719
12	0.00874	0.00628	0.00818	0.00954	0.01016	0.00591	0.00662	0.01009	0.01331	0.01754	0.03835	0.58036	0.08660	0.07789	0.01078	0.00309	0.00440	0.09044	0.00617	0.00554
13	0.02544	0.02347	0.01841	0.01580	0.01979	0.37506	0.01233	0.10270	0.08271	0.18863	0.01661	0.01675	0.01217	0.00801	0.00743	0.00200	0.05229	0.00558	0.00535	0.00946
14	0.01697	0.01416	0.08683	0.01276	0.01655	0.03743	0.01090	0.06602	0.18637	0.15071	0.04403	0.20151	0.07057	0.01265	0.00749	0.00237	0.00588	0.04136	0.00648	0.00897
15	0.01732	0.01269	0.01053	0.00960	0.01208	0.14649	0.00735	0.07041	0.01698	0.06868	0.01992	0.02216	0.01538	0.00784	0.00533	0.00169	0.00543	0.00601	0.53668	0.00740
16	0.02837	0.01113	0.01513	0.01178	0.01666	0.00966	0.00966	0.03108	0.01956	0.64484	0.10290	0.02636	0.02220	0.00908	0.00701	0.00212	0.00553	0.00749	0.00836	0.01107
17	0.01968	0.02163	0.02512	0.02003	0.02455	0.24525	0.22950	0.07325	0.14856	0.02292	0.04334	0.01879	0.01404	0.00772	0.00805	0.00215	0.05507	0.00675	0.00452	0.00907
18	0.01256	0.01020	0.01480	0.01296	0.01562	0.01015	0.08854	0.04333	0.02740	0.02219	0.09426	0.17061	0.04119	0.01383	0.02480	0.00251	0.06609	0.12439	0.09303	0.11152
19	0.01160	0.00736	0.00941	0.00888	0.01084	0.00664	0.00666	0.01428	0.01802	0.10161	0.45508	0.14279	0.15095	0.01484	0.00803	0.00225	0.00365	0.01300	0.00731	0.00681
20	0.02795	0.01271	0.01613	0.01273	0.01779	0.01207	0.01040	0.08049	0.14127	0.55153	0.02640	0.02320	0.01726	0.00859	0.00689	0.00215	0.00587	0.00698	0.00809	0.01150
21	0.12047	0.01525	0.01990	0.01794	0.09706	0.01593	0.08374	0.16284	0.16986	0.19641	0.01992	0.01966	0.01418	0.00778	0.00668	0.00216	0.00687	0.00657	0.00619	0.01059
22	0.01613	0.20983	0.48102	0.01742	0.02578	0.09779	0.02069	0.02201	0.01486	0.01979	0.01143	0.01338	0.00871	0.00641	0.00596	0.00195	0.00969	0.00465	0.00297	0.00955
23	0.01583	0.02068	0.13033	0.02761	0.03495	0.01712	0.60431	0.02188	0.01592	0.02188	0.01364	0.01793	0.01016	0.00586	0.00787	0.00229	0.01135	0.00768	0.00339	0.00934
24	0.02151	0.02248	0.01862	0.01607	0.01956	0.37504	0.06403	0.07078	0.01875	0.08992	0.04517	0.08120	0.06463	0.00963	0.00780	0.00207	0.05230	0.00740	0.00480	0.00823
25	0.01854	0.01652	0.02556	0.01977	0.02409	0.06635	0.26290	0.09988	0.05140	0.10249	0.04325	0.08286	0.01646	0.00926	0.00995	0.00236	0.12611	0.00825	0.00492	0.00907
26	0.00920	0.00644	0.00801	0.00898	0.01006	0.00580	0.00621	0.01059	0.01400	0.04693	0.04528	0.54986	0.21379	0.01985	0.00849	0.00263	0.00392	0.01766	0.00644	0.00586
27	0.05223	0.01003	0.01128	0.01010	0.01318	0.01016	0.00786	0.02315	0.19653	0.15752	0.13678	0.06027	0.13191	0.01115	0.00687	0.00214	0.00444	0.00931	0.13664	0.00848

[dist]
# distance from previous block
# <min> <max>
0	3

[block]
# block no. 8 follows, 31 sequences, length 73
# corresponding to MSA columns:
# 352-424
name=unknown_I
#
# <colnr> <probs for GDERKNQSTAVLIFYWHMCP>
#	G	D	E	R	K	N	Q	S	T	A	V	L	I	F	Y	W	H	M	C	P
0	0.01621	0.01461	0.02291	0.17171	0.41185	0.01546	0.01777	0.03867	0.10843	0.04158	0.01870	0.02153	0.05547	0.00748	0.00690	0.00214	0.00759	0.00685	0.00421	0.00993
1	0.03706	0.02887	0.42458	0.01686	0.02393	0.15339	0.01885	0.03953	0.01667	0.02254	0.13388	0.02037	0.01846	0.00795	0.00666	0.00208	0.00915	0.00620	0.00396	0.00902
2	0.01192	0.00907	0.01017	0.00960	0.01196	0.02744	0.00737	0.01699	0.11919	0.06184	0.32392	0.06692	0.23329	0.01418	0.00789	0.00228	0.00418	0.04762	0.00697	0.00720
3	0.01882	0.50406	0.15619	0.01380	0.02035	0.02405	0.01436	0.13783	0.01717	0.02179	0.01121	0.01254	0.00926	0.00638	0.00519	0.00169	0.00785	0.00434	0.00360	0.00951
4	0.05517	0.01627	0.01670	0.01386	0.01792	0.13801	0.05518	0.08970	0.14893	0.17621	0.04145	0.02507	0.05557	0.07821	0.00935	0.00249	0.00724	0.00723	0.00594	0.03947
5	0.01698	0.05103	0.54149	0.01820	0.02711	0.01678	0.02188	0.13924	0.01781	0.06627	0.01379	0.01521	0.00967	0.00690	0.00652	0.00212	0.00933	0.00532	0.00390	0.01043
6	0.01042	0.00738	0.00866	0.00837	0.01040	0.00663	0.00622	0.01317	0.03862	0.06574	0.28223	0.13512	0.32949	0.03584	0.00876	0.00241	0.00374	0.01349	0.00685	0.00647
7	0.02106	0.01694	0.01748	0.01467	0.01874	0.12830	0.05250	0.13057	0.26801	0.12674	0.02106	0.02101	0.01559	0.00926	0.00798	0.05222	0.00716	0.00667	0.05428	0.00975
8	0.04038	0.01454	0.02140	0.23565	0.24956	0.01630	0.01671	0.06773	0.13573	0.06427	0.01599	0.01886	0.01228	0.00751	0.00772	0.00222	0.05267	0.00635	0.00444	0.00969
9	0.01121	0.00752	0.00925	0.00970	0.01151	0.00697	0.00735	0.01387	0.04655	0.08452	0.04580	0.32232	0.24795	0.01796	0.00840	0.00261	0.00446	0.12893	0.00657	0.00656
10	0.00978	0.00729	0.00944	0.00971	0.01055	0.00754	0.00704	0.01141	0.01333	0.01807	0.13233	0.21695	0.09087	0.20064	0.10481	0.00464	0.05309	0.08144	0.00545	0.00563
11	0.04250	0.06185	0.01802	0.01392	0.01837	0.16815	0.01119	0.17379	0.11169	0.21209	0.08161	0.02124	0.01815	0.00851	0.00663	0.00202	0.00737	0.00654	0.00635	0.01001
12	0.05820	0.01343	0.01849	0.05738	0.02026	0.01419	0.09139	0.18157	0.01973	0.16235	0.09054	0.09712	0.05251	0.01047	0.00873	0.00230	0.07749	0.00870	0.00604	0.00912
13	0.01686	0.00842	0.01089	0.01010	0.01239	0.00771	0.00737	0.01896	0.03525	0.26828	0.04818	0.30143	0.06195	0.14445	0.01251	0.00316	0.00509	0.01258	0.00677	0.00766
14	0.07977	0.01022	0.01129	0.01033	0.01290	0.03695	0.00790	0.01992	0.13926	0.09348	0.39475	0.08755	0.04408	0.01224	0.00741	0.00220	0.00443	0.01049	0.00701	0.00780
15	0.01555	0.28189	0.41273	0.01789	0.02619	0.01986	0.09538	0.02129	0.01445	0.01979	0.01151	0.01371	0.00890	0.00620	0.00596	0.00194	0.00932	0.00492	0.00297	0.00956
16	0.01338	0.01222	0.02030	0.47753	0.17376	0.01413	0.01801	0.01760	0.01441	0.01896	0.01648	0.02823	0.01472	0.00879	0.00728	0.00238	0.00843	0.12168	0.00368	0.00801
17	0.01585	0.01798	0.03914	0.02810	0.03477	0.01685	0.66595	0.02144	0.01603	0.02175	0.01475	0.04648	0.01171	0.00636	0.00810	0.00232	0.01125	0.00851	0.00357	0.00909
18	0.01603	0.01533	0.02613	0.20041	0.56556	0.01602	0.02055	0.02020	0.01515	0.02125	0.01271	0.01723	0.01045	0.00626	0.00679	0.00209	0.00835	0.00609	0.00331	0.01011
19	0.01674	0.01561	0.02075	0.14812	0.27302	0.06076	0.01583	0.06094	0.21492	0.02378	0.01876	0.06830	0.01564	0.00833	0.00693	0.00219	0.00747	0.00735	0.00475	0.00979
20	0.01161	0.00986	0.01006	0.00993	0.01082	0.09200	0.00682	0.01278	0.01193	0.01529	0.04656	0.07882	0.02329	0.37485	0.24893	0.00703	0.01070	0.00915	0.00418	0.00538
21	0.02799	0.01239	0.01595	0.01246	0.01746	0.01152	0.01021	0.10475	0.06640	0.55898	0.06767	0.02438	0.01951	0.00883	0.00695	0.00213	0.00582	0.00719	0.00813	0.01127
22	0.01835	0.01505	0.02345	0.24380	0.35030	0.01612	0.01821	0.12142	0.01785	0.08775	0.01448	0.01782	0.01100	0.00685	0.00681	0.00212	0.00812	0.00617	0.00426	0.01007
23	0.01131	0.01083	0.05707	0.01293	0.01456	0.01105	0.05645	0.01350	0.01126	0.01611	0.01742	0.04567	0.01747	0.21972	0.32690	0.00724	0.13255	0.00799	0.00368	0.00627
24	0.02902	0.01197	0.01582	0.01230	0.01740	0.01079	0.01010	0.05802	0.06175	0.63154	0.04847	0.02405	0.01849	0.00868	0.00692	0.00213	0.00578	0.00708	0.00828	0.01143
25	0.01416	0.10463	0.65868	0.01876	0.02846	0.01695	0.02399	0.02155	0.01439	0.02114	0.01201	0.01411	0.00868	0.00644	0.00630	0.00210	0.00985	0.00492	0.00289	0.00998
26	0.01674	0.01700	0.02888	0.17483	0.16500	0.04980	0.26659	0.06798	0.06216	0.02247	0.01401	0.01798	0.01085	0.00684	0.00808	0.00224	0.04856	0.00685	0.00380	0.00932
27	0.00885	0.00628	0.00792	0.00903	0.00951	0.00595	0.00599	0.00989	0.01263	0.01667	0.03567	0.50745	0.08077	0.19838	0.01500	0.00370	0.00470	0.05053	0.00582	0.00527
28	0.04538	0.01846	0.01856	0.01492	0.01980	0.15714	0.03332	0.24478	0.04314	0.28283	0.01978	0.02011	0.01395	0.00830	0.00678	0.00207	0.00784	0.02572	0.00659	0.01055
29	0.01636	0.01567	0.02673	0.14241	0.62096	0.01610	0.02071	0.02049	0.01531	0.02165	0.01277	0.01712	0.01059	0.00620	0.00678	0.00207	0.00827	0.00609	0.00334	0.01037
30	0.01061	0.00727	0.00903	0.00843	0.01044	0.00652	0.00638	0.01344	0.01847	0.06882	0.51447	0.05292	0.21867	0.01445	0.00800	0.00219	0.00345	0.01253	0.00730	0.00662
31	0.01559	0.01508	0.02205	0.25634	0.07144	0.05045	0.06551	0.01982	0.06066	0.03892	0.01250	0.01726	0.01028	0.00898	0.01309	0.00252	0.30150	0.00625	0.00352	0.00822
32	0.03674	0.11747	0.42754	0.01786	0.02564	0.01678	0.08409	0.05799	0.03937	0.02231	0.01507	0.08123	0.01268	0.00788	0.00657	0.00215	0.00892	0.00658	0.00366	0.00949
33	0.00837	0.00638	0.00770	0.00856	0.00972	0.00571	0.00597	0.00992	0.01449	0.01868	0.10706	0.45846	0.27557	0.01938	0.00845	0.00256	0.00373	0.01712	0.00645	0.00571
34	0.05416	0.01760	0.01914	0.01512	0.02001	0.01968	0.01240	0.49580	0.12598	0.08169	0.01806	0.01788	0.01299	0.00852	0.00761	0.00215	0.04711	0.00633	0.00665	0.01113
35	0.01576	0.06704	0.04337	0.17207	0.05397	0.04041	0.14173	0.01918	0.01399	0.05095	0.05458	0.01859	0.01306	0.00875	0.01212	0.00242	0.25351	0.00659	0.00364	0.00826
36	0.01557	0.01867	0.08392	0.02625	0.03246	0.01695	0.54550	0.02095	0.01551	0.02133	0.01467	0.02145	0.01191	0.00716	0.00931	0.00241	0.07545	0.04803	0.00355	0.00896
37	0.00831	0.00607	0.00782	0.00923	0.00984	0.00558	0.00622	0.00956	0.01338	0.01758	0.04133	0.67617	0.12184	0.02096	0.00866	0.00272	0.00391	0.01888	0.00635	0.00558
38	0.02315	0.02328	0.06717	0.01603	0.02081	0.25079	0.01328	0.24857	0.18158	0.06073	0.01736	0.01737	0.01289	0.00798	0.00663	0.00203	0.00871	0.00591	0.00559	0.01014
39	0.01453	0.01380	0.02343	0.46177	0.31589	0.01562	0.01980	0.01889	0.01444	0.01943	0.01244	0.01772	0.00981	0.00654	0.00681	0.00218	0.00872	0.00609	0.00318	0.00890
40	0.01358	0.00718	0.00726	0.00696	0.00880	0.00731	0.00530	0.05849	0.01547	0.02661	0.02195	0.02494	0.01717	0.00799	0.00491	0.00162	0.00346	0.00636	0.74794	0.00671
41	0.01782	0.01979	0.02044	0.11324	0.02274	0.22959	0.01498	0.01979	0.01352	0.01668	0.00987	0.01462	0.00895	0.00985	0.01560	0.00254	0.43366	0.00553	0.00316	0.00763
42	0.02101	0.06538	0.01885	0.01529	0.04508	0.03624	0.01224	0.39949	0.02510	0.05430	0.04302	0.06299	0.02017	0.01084	0.00730	0.00226	0.00707	0.13725	0.00631	0.00983
43	0.01143	0.01003	0.01606	0.01405	0.01659	0.00968	0.15800	0.04544	0.06251	0.02051	0.03466	0.42444	0.11613	0.01604	0.00830	0.00255	0.00584	0.01491	0.00578	0.00703
44	0.00834	0.00595	0.00794	0.00953	0.00992	0.00556	0.00635	0.00953	0.01310	0.01746	0.03771	0.75510	0.04525	0.02143	0.00873	0.00278	0.00397	0.01945	0.00635	0.00556
45	0.02307	0.08099	0.06492	0.01738	0.02106	0.55506	0.01408	0.02522	0.01765	0.01698	0.01042	0.01269	0.00882	0.00751	0.00798	0.00191	0.09823	0.00458	0.00338	0.00807
46	0.01649	0.06734	0.09252	0.02543	0.06241	0.01778	0.45606	0.02272	0.06293	0.04017	0.01440	0.01797	0.01097	0.00654	0.00841	0.00227	0.05519	0.00727	0.00372	0.00941
47	0.01938	0.01904	0.01652	0.01481	0.01860	0.18876	0.01142	0.07351	0.48055	0.02635	0.02326	0.04127	0.01807	0.00900	0.00681	0.00218	0.00717	0.00715	0.00611	0.01004
48	0.00828	0.00616	0.00772	0.00897	0.00978	0.00560	0.00610	0.00959	0.01363	0.01768	0.04446	0.60774	0.18825	0.02056	0.00859	0.00268	0.00386	0.01838	0.00635	0.00560
49	0.01682	0.08000	0.49240	0.01897	0.02771	0.01596	0.10007	0.02334	0.01536	0.12452	0.01444	0.01598	0.01009	0.00666	0.00659	0.00213	0.00945	0.00558	0.00378	0.01014
50	0.04603	0.10505	0.01996	0.01409	0.01879	0.06695	0.01163	0.43234	0.05692	0.03439	0.01724	0.06137	0.01386	0.00864	0.00641	0.00199	0.00715	0.00657	0.06045	0.01016
51	0.00888	0.00668	0.00833	0.00932	0.01057	0.00613	0.00694	0.01074	0.01475	0.01902	0.09289	0.37894	0.23595	0.01926	0.00864	0.00267	0.00423	0.14380	0.00642	0.00582
52	0.01416	0.07691	0.63674	0.01968	0.02933	0.01664	0.07034	0.02161	0.01453	0.02136	0.01222	0.01452	0.00879	0.00641	0.00648	0.00214	0.01004	0.00518	0.00293	0.00997
53	0.01711	0.01644	0.09906	0.01712	0.09837	0.03492	0.01326	0.04825	0.32969	0.08746	0.02561	0.02691	0.05998	0.01207	0.05516	0.00283	0.00734	0.03263	0.00583	0.00997
54	0.00829	0.00612	0.00776	0.00907	0.00980	0.00559	0.00615	0.00958	0.01353	0.01764	0.04320	0.63525	0.16156	0.02072	0.00862	0.00270	0.00388	0.01858	0.00635	0.00559
55	0.02556	0.03261	0.01939	0.01763	0.02115	0.73210	0.01322	0.02732	0.01939	0.01674	0.01058	0.01234	0.00881	0.00705	0.00617	0.00176	0.01234	0.00441	0.00353	0.00793
56	0.02483	0.05339	0.02101	0.01806	0.02184	0.67258	0.04996	0.02682	0.01905	0.01700	0.01072	0.01263	0.00890	0.00695	0.00622	0.00178	0.01215	0.00458	0.00350	0.00803
57	0.01370	0.00908	0.01130	0.01088	0.01266	0.00946	0.00797	0.07383	0.08434	0.09527	0.04440	0.30783	0.02982	0.12124	0.11501	0.00428	0.02345	0.01232	0.00595	0.00721
58	0.00834	0.00595	0.00794	0.00953	0.00992	0.00556	0.00635	0.00953	0.01310	0.01746	0.03771	0.75510	0.04525	0.02143	0.00873	0.00278	0.00397	0.01945	0.00635	0.00556
59	0.01587	0.19894	0.06479	0.01145	0.01769	0.01469	0.01037	0.05870	0.01521	0.02197	0.01177	0.01355	0.00980	0.00554	0.00510	0.00126	0.00609	0.00415	0.00387	0.50922
60	0.01176	0.07567	0.14430	0.01096	0.01499	0.01065	0.01048	0.05571	0.01722	0.02318	0.24487	0.08379	0.22143	0.01266	0.00735	0.00214	0.00527	0.01065	0.00575	0.03115
61	0.01668	0.20554	0.42368	0.01905	0.08444	0.05434	0.02018	0.02230	0.01496	0.06118	0.01245	0.01424	0.00937	0.00645	0.00603	0.00196	0.00914	0.00489	0.00330	0.00984
62	0.01615	0.39739	0.25344	0.01770	0.10286	0.02110	0.01694	0.02042	0.01409	0.01860	0.01132	0.01375	0.00949	0.00886	0.04967	0.00233	0.00897	0.00461	0.00301	0.00928
63	0.01292	0.01216	0.02052	0.74312	0.04712	0.01520	0.01900	0.01748	0.01368	0.01748	0.01216	0.01824	0.00912	0.00684	0.00684	0.00228	0.00912	0.00608	0.00304	0.00760
64	0.00834	0.00595	0.00794	0.00953	0.00992	0.00556	0.00635	0.00953	0.01310	0.01746	0.03771	0.75510	0.04525	0.02143	0.00873	0.00278	0.00397	0.01945	0.00635	0.00556
65	0.01385	0.03447	0.68706	0.02001	0.02994	0.01597	0.06141	0.02168	0.01454	0.02168	0.01236	0.01466	0.00876	0.00646	0.00659	0.00217	0.01019	0.00522	0.00292	0.01006
66	0.01419	0.01216	0.01419	0.01013	0.01621	0.00912	0.00811	0.01723	0.01419	0.02229	0.01216	0.01419	0.01013	0.00507	0.00507	0.00101	0.00507	0.00405	0.00405	0.80139
67	0.00995	0.00663	0.00746	0.00746	0.00746	0.00663	0.00415	0.00995	0.00995	0.01327	0.02156	0.04477	0.02487	0.75957	0.03482	0.00663	0.00663	0.00995	0.00415	0.00415
68	0.00963	0.00699	0.00907	0.00855	0.01019	0.00643	0.00641	0.01280	0.01923	0.02712	0.69083	0.05162	0.08719	0.01410	0.00807	0.00216	0.00324	0.01244	0.00749	0.00643
69	0.01188	0.00594	0.00891	0.00891	0.00891	0.00594	0.00594	0.00891	0.00891	0.01188	0.01188	0.02080	0.01188	0.02377	0.02674	0.80095	0.00594	0.00594	0.00297	0.00297
70	0.01824	0.01624	0.01765	0.14290	0.06965	0.09979	0.01315	0.03079	0.41145	0.07255	0.02205	0.02199	0.01649	0.00833	0.00683	0.00222	0.00708	0.00689	0.00574	0.00999
71	0.01663	0.01712	0.09834	0.01457	0.01917	0.01688	0.01252	0.03464	0.62383	0.02781	0.02603	0.02423	0.01946	0.00896	0.00691	0.00230	0.00596	0.00742	0.00649	0.01074
72	0.52567	0.14763	0.10723	0.01129	0.01653	0.05630	0.01078	0.02077	0.01282	0.02623	0.00994	0.01159	0.00789	0.00632	0.00466	0.00199	0.00665	0.00391	0.00379	0.00802

[dist]
# distance from previous block
# <min> <max>
0	34

# created by:
# /home/cegg/simao/soft/augustus-3.2.1/scripts/msa2prfl.pl ./align_prep/EOG090W0I97.fa
