[name]
unknown

[dist]
# distance from previous block
# <min> <max>
2	547

[block]
# block no. 0 follows, 30 sequences, length 22
# corresponding to MSA columns:
# 690-711
name=unknown_A
#
# <colnr> <probs for GDERKNQSTAVLIFYWHMCP>
#	G	D	E	R	K	N	Q	S	T	A	V	L	I	F	Y	W	H	M	C	P
0	0.01685	0.01618	0.02788	0.06515	0.63342	0.01624	0.04706	0.02105	0.01585	0.02253	0.01411	0.01988	0.01216	0.00676	0.00707	0.00214	0.00839	0.03304	0.00357	0.01069
1	0.01015	0.00677	0.00761	0.00761	0.00761	0.00677	0.00423	0.01015	0.01015	0.01353	0.02199	0.04567	0.02537	0.75476	0.03552	0.00677	0.00677	0.01015	0.00423	0.00423
2	0.01160	0.00729	0.00874	0.00858	0.01000	0.00670	0.00589	0.01300	0.01451	0.09205	0.13626	0.18684	0.18858	0.25873	0.01719	0.00385	0.00491	0.01310	0.00614	0.00604
3	0.01126	0.00918	0.01023	0.00981	0.01220	0.00925	0.00738	0.01838	0.20667	0.02412	0.23019	0.12620	0.26850	0.01491	0.00800	0.00237	0.00408	0.01280	0.00698	0.00749
4	0.00850	0.00607	0.00810	0.00972	0.01012	0.00567	0.00648	0.00972	0.01336	0.01781	0.03846	0.75020	0.04615	0.02186	0.00891	0.00283	0.00405	0.01984	0.00648	0.00567
5	0.01318	0.01240	0.02093	0.73798	0.04806	0.01550	0.01938	0.01783	0.01395	0.01783	0.01240	0.01860	0.00930	0.00698	0.00698	0.00233	0.00930	0.00620	0.00310	0.00775
6	0.01866	0.75896	0.03657	0.01194	0.01791	0.02761	0.01194	0.02090	0.01418	0.01642	0.00970	0.01119	0.00896	0.00597	0.00448	0.00149	0.00746	0.00373	0.00299	0.00896
7	0.31983	0.01473	0.01536	0.01227	0.01732	0.01562	0.01013	0.22083	0.02070	0.26195	0.01768	0.01704	0.01204	0.00775	0.00599	0.00214	0.00625	0.00559	0.00653	0.01025
8	0.00997	0.00748	0.01121	0.01121	0.01246	0.00872	0.00872	0.01246	0.01121	0.01620	0.01869	0.02741	0.01745	0.05234	0.72710	0.01121	0.01869	0.00748	0.00374	0.00623
9	0.80405	0.01350	0.01026	0.00918	0.01350	0.01565	0.00756	0.02051	0.01188	0.03131	0.00972	0.01134	0.00756	0.00648	0.00432	0.00216	0.00540	0.00378	0.00432	0.00756
10	0.01942	0.01646	0.06769	0.04169	0.05315	0.01590	0.09473	0.28455	0.04774	0.05386	0.06217	0.02470	0.01780	0.03802	0.00818	0.00234	0.00741	0.03578	0.09868	0.00975
11	0.01655	0.01401	0.01500	0.01359	0.01720	0.01599	0.01051	0.05423	0.58587	0.02885	0.07696	0.07348	0.02574	0.01056	0.00729	0.00238	0.00534	0.00893	0.00710	0.01041
12	0.01647	0.01882	0.04118	0.02941	0.03647	0.01765	0.68588	0.02235	0.01647	0.02235	0.01412	0.01882	0.01059	0.00588	0.00824	0.00235	0.01176	0.00824	0.00353	0.00941
13	0.01116	0.00707	0.00898	0.00910	0.01059	0.00653	0.00662	0.01349	0.01645	0.07197	0.28271	0.28345	0.09638	0.03992	0.00897	0.00254	0.00395	0.03322	0.08039	0.00651
14	0.00909	0.00698	0.00815	0.00873	0.01004	0.00646	0.00608	0.01139	0.04588	0.01911	0.10147	0.35819	0.27349	0.08845	0.01105	0.00297	0.00413	0.01603	0.00639	0.00593
15	0.00952	0.00702	0.00801	0.00817	0.00999	0.00614	0.00592	0.01134	0.01576	0.04746	0.14619	0.22718	0.40725	0.04626	0.00941	0.00261	0.00385	0.01519	0.00664	0.00611
16	0.01644	0.06216	0.04762	0.01317	0.04152	0.05786	0.01056	0.08068	0.05894	0.02398	0.01522	0.06238	0.01324	0.00708	0.00584	0.00149	0.00629	0.00568	0.00455	0.46530
17	0.01773	0.24569	0.31337	0.01589	0.02319	0.10339	0.01741	0.04584	0.01618	0.04544	0.03988	0.01530	0.01166	0.00685	0.00595	0.00187	0.00890	0.00500	0.00364	0.05680
18	0.01908	0.09917	0.23263	0.04709	0.15448	0.12155	0.01815	0.05376	0.01708	0.09405	0.04403	0.01735	0.01282	0.00738	0.00707	0.00207	0.03246	0.00575	0.00413	0.00988
19	0.04872	0.08745	0.06318	0.23148	0.09639	0.01444	0.01426	0.01978	0.08062	0.04670	0.13965	0.08611	0.02392	0.00961	0.00698	0.00222	0.00692	0.00827	0.00485	0.00844
20	0.05257	0.01587	0.03577	0.02201	0.22802	0.06690	0.01387	0.09627	0.13029	0.07078	0.04847	0.02569	0.06067	0.01024	0.02939	0.00244	0.00737	0.02876	0.04485	0.00978
21	0.17030	0.31572	0.09840	0.01723	0.11194	0.11754	0.01396	0.02243	0.01499	0.04516	0.01123	0.01303	0.00925	0.00643	0.00533	0.00184	0.00812	0.00444	0.00358	0.00909

[dist]
# distance from previous block
# <min> <max>
2	7

[block]
# block no. 1 follows, 30 sequences, length 44
# corresponding to MSA columns:
# 753-796
name=unknown_B
#
# <colnr> <probs for GDERKNQSTAVLIFYWHMCP>
#	G	D	E	R	K	N	Q	S	T	A	V	L	I	F	Y	W	H	M	C	P
0	0.25603	0.10742	0.01982	0.01454	0.01891	0.19187	0.05580	0.09914	0.07099	0.02567	0.01443	0.01584	0.03195	0.00763	0.00660	0.00206	0.04282	0.00531	0.00446	0.00869
1	0.00996	0.00711	0.00861	0.00914	0.01056	0.00656	0.00646	0.01238	0.04474	0.04853	0.11851	0.40780	0.22539	0.03899	0.00923	0.00269	0.00404	0.01635	0.00666	0.00628
2	0.01798	0.01403	0.01621	0.01350	0.04581	0.01349	0.01030	0.16292	0.13706	0.05364	0.01741	0.01850	0.01349	0.00911	0.04011	0.00208	0.00647	0.00569	0.03810	0.36409
3	0.00963	0.00697	0.00883	0.00917	0.01002	0.00691	0.00621	0.01084	0.01201	0.01626	0.02969	0.26067	0.08177	0.27765	0.18368	0.00600	0.00836	0.01265	0.00498	0.03770
4	0.01400	0.03610	0.71860	0.01989	0.03020	0.01621	0.02578	0.02210	0.01473	0.02210	0.01252	0.01473	0.00884	0.00663	0.00663	0.00221	0.01031	0.00516	0.00295	0.01031
5	0.02513	0.01885	0.02016	0.01577	0.02111	0.02099	0.01293	0.58900	0.13404	0.04173	0.01852	0.01817	0.01330	0.00854	0.00700	0.00214	0.00735	0.00653	0.00700	0.01174
6	0.00920	0.00711	0.00839	0.00807	0.01001	0.00630	0.00605	0.01185	0.01815	0.02418	0.44218	0.05839	0.33358	0.01569	0.00824	0.00226	0.00339	0.01350	0.00718	0.00630
7	0.00866	0.00660	0.00797	0.00865	0.00994	0.00591	0.00610	0.01044	0.01537	0.01999	0.16960	0.39309	0.27433	0.01908	0.00856	0.00256	0.00374	0.01681	0.00669	0.00591
8	0.01729	0.01714	0.09059	0.17108	0.16654	0.01638	0.06219	0.17189	0.07625	0.02670	0.01748	0.07867	0.01460	0.00850	0.00712	0.00224	0.00805	0.00753	0.02999	0.00978
9	0.01118	0.00749	0.00936	0.00868	0.01078	0.00672	0.00658	0.01409	0.01891	0.07955	0.51275	0.05326	0.20515	0.01459	0.00814	0.00223	0.00355	0.01265	0.00749	0.00684
10	0.01683	0.02096	0.18019	0.02225	0.17767	0.06034	0.03895	0.06151	0.22462	0.02555	0.06276	0.02276	0.03791	0.00831	0.00704	0.00220	0.00781	0.00710	0.00500	0.01025
11	0.80405	0.01350	0.01026	0.00918	0.01350	0.01565	0.00756	0.02051	0.01188	0.03131	0.00972	0.01134	0.00756	0.00648	0.00432	0.00216	0.00540	0.00378	0.00432	0.00756
12	0.01555	0.01488	0.05552	0.04190	0.13854	0.01510	0.01334	0.02819	0.39390	0.02548	0.02786	0.07532	0.05803	0.01057	0.00739	0.00239	0.00625	0.05383	0.00599	0.00997
13	0.00988	0.00713	0.00933	0.00878	0.01043	0.00658	0.00658	0.01317	0.01975	0.02798	0.70754	0.05213	0.06584	0.01427	0.00823	0.00219	0.00329	0.01262	0.00768	0.00658
14	0.01306	0.00994	0.01307	0.01252	0.04242	0.03185	0.05527	0.01610	0.04129	0.08076	0.15450	0.19063	0.17663	0.04464	0.00969	0.00255	0.03718	0.01239	0.04827	0.00724
15	0.06034	0.01445	0.05438	0.01749	0.13753	0.01260	0.01228	0.10987	0.01776	0.12499	0.01896	0.10403	0.01655	0.00882	0.00659	0.00192	0.00635	0.02820	0.00534	0.24155
16	0.01318	0.01240	0.02093	0.73798	0.04806	0.01550	0.01938	0.01783	0.01395	0.01783	0.01240	0.01860	0.00930	0.00698	0.00698	0.00233	0.00930	0.00620	0.00310	0.00775
17	0.01447	0.01240	0.01447	0.01034	0.01654	0.00930	0.00827	0.01757	0.01447	0.02274	0.01240	0.01447	0.01034	0.00517	0.00517	0.00103	0.00517	0.00413	0.00413	0.79742
18	0.04471	0.04998	0.19769	0.01934	0.12186	0.01407	0.06954	0.02299	0.05589	0.13893	0.02137	0.02238	0.07471	0.00908	0.02648	0.00231	0.00793	0.00675	0.00477	0.08921
19	0.35648	0.12988	0.01793	0.01282	0.03734	0.08573	0.01036	0.05165	0.01562	0.17045	0.01391	0.01460	0.01030	0.00724	0.00609	0.00206	0.03874	0.00480	0.00498	0.00901
20	0.01538	0.01579	0.03054	0.02331	0.02865	0.01542	0.43217	0.02277	0.12249	0.02300	0.02141	0.05260	0.01894	0.00946	0.00835	0.00253	0.00955	0.13393	0.00472	0.00899
21	0.01360	0.01635	0.17368	0.06110	0.07717	0.03370	0.03387	0.01772	0.01653	0.07139	0.14211	0.03849	0.20466	0.01142	0.00749	0.00225	0.00661	0.03431	0.02934	0.00820
22	0.02607	0.03326	0.01978	0.01798	0.02157	0.72674	0.01348	0.02787	0.01978	0.01708	0.01079	0.01258	0.00899	0.00719	0.00629	0.00180	0.01258	0.00449	0.00360	0.00809
23	0.03763	0.01720	0.08960	0.04751	0.20536	0.06871	0.01441	0.05543	0.01639	0.02335	0.05180	0.07462	0.01600	0.00782	0.00647	0.00183	0.00721	0.00668	0.00428	0.24770
24	0.04528	0.01897	0.05753	0.07282	0.36869	0.10340	0.06534	0.04556	0.08491	0.02348	0.01468	0.01770	0.01171	0.00684	0.00679	0.00210	0.00866	0.00619	0.02926	0.01010
25	0.01251	0.01067	0.01645	0.01566	0.01819	0.03593	0.12543	0.01601	0.01611	0.02081	0.03221	0.10594	0.03436	0.01672	0.00923	0.00299	0.00742	0.49058	0.00583	0.00695
26	0.04268	0.01510	0.02168	0.05647	0.20439	0.03657	0.09385	0.07070	0.07440	0.06959	0.01966	0.05242	0.05183	0.00796	0.00684	0.00200	0.00734	0.00720	0.00481	0.15452
27	0.01786	0.01524	0.01606	0.01430	0.01834	0.01759	0.01117	0.07289	0.66199	0.03000	0.02776	0.02552	0.02078	0.00941	0.00709	0.00235	0.00564	0.00780	0.00709	0.01109
28	0.80405	0.01350	0.01026	0.00918	0.01350	0.01565	0.00756	0.02051	0.01188	0.03131	0.00972	0.01134	0.00756	0.00648	0.00432	0.00216	0.00540	0.00378	0.00432	0.00756
29	0.04524	0.21770	0.23900	0.01812	0.05156	0.06492	0.06106	0.05753	0.01566	0.05392	0.01221	0.01453	0.00964	0.00733	0.00820	0.00210	0.10296	0.00521	0.00360	0.00951
30	0.00860	0.00708	0.00756	0.00744	0.00964	0.00604	0.00558	0.01069	0.01673	0.02082	0.20783	0.06392	0.57003	0.01694	0.00824	0.00232	0.00348	0.01427	0.00674	0.00604
31	0.01400	0.03610	0.71860	0.01989	0.03020	0.01621	0.02578	0.02210	0.01473	0.02210	0.01252	0.01473	0.00884	0.00663	0.00663	0.00221	0.01031	0.00516	0.00295	0.01031
32	0.00935	0.00711	0.00860	0.00823	0.01010	0.00636	0.00617	0.01215	0.01851	0.02503	0.50182	0.05698	0.27341	0.01537	0.00824	0.00225	0.00337	0.01330	0.00729	0.00636
33	0.01239	0.01549	0.16268	0.01628	0.08799	0.01148	0.03366	0.04470	0.01591	0.02202	0.12871	0.15042	0.12439	0.03653	0.03147	0.00282	0.05513	0.03490	0.00516	0.00788
34	0.01567	0.00847	0.01087	0.00989	0.01266	0.00754	0.00777	0.01828	0.01810	0.22178	0.25573	0.10714	0.19021	0.01449	0.00807	0.00237	0.00445	0.07118	0.00748	0.00786
35	0.06232	0.25607	0.18577	0.01933	0.12012	0.08464	0.03850	0.07308	0.01641	0.02194	0.01321	0.05435	0.01148	0.00735	0.00604	0.00195	0.00856	0.00572	0.00369	0.00947
36	0.05168	0.20590	0.02486	0.01755	0.09006	0.08219	0.01347	0.31277	0.04246	0.05128	0.01427	0.01528	0.01100	0.00754	0.00667	0.00196	0.03002	0.00545	0.00517	0.01042
37	0.00922	0.00657	0.00814	0.00871	0.00944	0.00618	0.00578	0.01059	0.01406	0.01889	0.17857	0.35055	0.10230	0.21989	0.01597	0.00373	0.00458	0.01522	0.00612	0.00549
38	0.01460	0.04249	0.28818	0.06147	0.15335	0.01518	0.05045	0.02216	0.10332	0.02340	0.09904	0.02485	0.01945	0.00847	0.00713	0.00225	0.00821	0.04196	0.00436	0.00967
39	0.00940	0.00705	0.00871	0.00843	0.01017	0.00636	0.00627	0.01220	0.01844	0.02517	0.51405	0.09975	0.21722	0.01555	0.00828	0.00227	0.00340	0.01358	0.00732	0.00636
40	0.00884	0.00667	0.00864	0.00975	0.01043	0.00647	0.00675	0.01022	0.01380	0.01828	0.06657	0.60229	0.12921	0.02059	0.00946	0.00276	0.03881	0.01827	0.00636	0.00582
41	0.06890	0.03144	0.01931	0.01739	0.02113	0.64996	0.01315	0.06272	0.02004	0.01930	0.01105	0.01274	0.00906	0.00722	0.00622	0.00183	0.01193	0.00455	0.00382	0.00826
42	0.01855	0.01632	0.12202	0.01906	0.13218	0.01260	0.06201	0.02403	0.07414	0.18944	0.08028	0.02602	0.04119	0.00856	0.00703	0.00208	0.00696	0.03398	0.00561	0.11796
43	0.02914	0.01202	0.01581	0.01226	0.01734	0.01081	0.01008	0.08358	0.02072	0.60079	0.05604	0.02454	0.01899	0.00884	0.00697	0.00213	0.00583	0.00718	0.04554	0.01139

[dist]
# distance from previous block
# <min> <max>
1	2

[block]
# block no. 2 follows, 30 sequences, length 49
# corresponding to MSA columns:
# 799-847
name=unknown_C
#
# <colnr> <probs for GDERKNQSTAVLIFYWHMCP>
#	G	D	E	R	K	N	Q	S	T	A	V	L	I	F	Y	W	H	M	C	P
0	0.02079	0.02356	0.02523	0.11554	0.10106	0.31582	0.15418	0.07158	0.01840	0.02098	0.01236	0.01560	0.00984	0.00698	0.00742	0.00205	0.03530	0.00584	0.00375	0.03373
1	0.00892	0.00648	0.00853	0.00982	0.01061	0.00599	0.00682	0.01044	0.01394	0.01864	0.06699	0.62895	0.06771	0.02071	0.00879	0.00276	0.00420	0.06298	0.00645	0.03027
2	0.01447	0.01240	0.01447	0.01034	0.01654	0.00930	0.00827	0.01757	0.01447	0.02274	0.01240	0.01447	0.01034	0.00517	0.00517	0.00103	0.00517	0.00413	0.00413	0.79742
3	0.00950	0.00677	0.00760	0.00776	0.00843	0.00643	0.00482	0.01018	0.01224	0.01582	0.06171	0.12935	0.19092	0.47030	0.02505	0.00511	0.00556	0.01240	0.00514	0.00487
4	0.01952	0.08595	0.15091	0.01654	0.02189	0.12583	0.06040	0.20750	0.06332	0.02643	0.01766	0.04618	0.03649	0.05397	0.00911	0.00241	0.03477	0.00683	0.00480	0.00949
5	0.00864	0.00704	0.00767	0.00778	0.00985	0.00607	0.00584	0.01065	0.01628	0.02021	0.16108	0.12064	0.53101	0.01758	0.00836	0.00241	0.00366	0.04261	0.00666	0.00600
6	0.01395	0.01333	0.02297	0.60009	0.14857	0.01576	0.04978	0.01858	0.01436	0.01879	0.01259	0.01841	0.00963	0.00681	0.00702	0.00229	0.00926	0.00630	0.00317	0.00833
7	0.01652	0.22654	0.27924	0.05726	0.11322	0.05287	0.09589	0.02161	0.01500	0.02006	0.01182	0.01467	0.00939	0.00653	0.00678	0.00203	0.03253	0.00531	0.00313	0.00962
8	0.01217	0.01035	0.01185	0.01113	0.01169	0.05921	0.00796	0.01320	0.01148	0.01546	0.04315	0.03417	0.02104	0.39330	0.16995	0.00645	0.14929	0.00854	0.00399	0.00563
9	0.02377	0.02951	0.02334	0.02125	0.07069	0.55616	0.10602	0.02628	0.01874	0.01818	0.01134	0.01385	0.00935	0.00712	0.00719	0.00194	0.03806	0.00518	0.00356	0.00846
10	0.01562	0.01480	0.02535	0.19803	0.45574	0.01543	0.04971	0.01986	0.01563	0.02170	0.03997	0.02312	0.01462	0.00756	0.00722	0.00223	0.00837	0.05157	0.00373	0.00974
11	0.02715	0.01257	0.01616	0.01222	0.01781	0.01089	0.01003	0.07932	0.01969	0.50927	0.02331	0.02113	0.01530	0.00783	0.00660	0.00190	0.00589	0.00631	0.00750	0.18909
12	0.12765	0.01816	0.02347	0.03212	0.45683	0.10851	0.01744	0.02367	0.08302	0.02387	0.01385	0.01670	0.01131	0.00670	0.00649	0.00208	0.00817	0.00582	0.00395	0.01018
13	0.01400	0.03610	0.71860	0.01989	0.03020	0.01621	0.02578	0.02210	0.01473	0.02210	0.01252	0.01473	0.00884	0.00663	0.00663	0.00221	0.01031	0.00516	0.00295	0.01031
14	0.02172	0.06893	0.02042	0.14178	0.02458	0.15869	0.04139	0.17570	0.02067	0.12775	0.05968	0.02047	0.01537	0.04164	0.00805	0.00224	0.00846	0.00644	0.00529	0.03074
15	0.01061	0.00861	0.01144	0.01142	0.01312	0.00857	0.04857	0.01559	0.13815	0.02060	0.06106	0.47831	0.11067	0.01794	0.00845	0.00265	0.00471	0.01618	0.00645	0.00692
16	0.01409	0.01418	0.02654	0.54167	0.04485	0.01610	0.20404	0.01908	0.01465	0.01908	0.01288	0.01867	0.00966	0.00667	0.00733	0.00233	0.00998	0.00677	0.00322	0.00821
17	0.01011	0.00736	0.00985	0.01128	0.01262	0.00710	0.00918	0.01258	0.01527	0.01976	0.04132	0.27044	0.11989	0.01983	0.00927	0.00300	0.00540	0.40315	0.00645	0.00615
18	0.01648	0.02043	0.15163	0.03097	0.30146	0.01693	0.21160	0.02398	0.11064	0.02343	0.01543	0.01849	0.01195	0.00664	0.00727	0.00222	0.00926	0.00684	0.00389	0.01045
19	0.01142	0.00950	0.01354	0.01272	0.01348	0.01191	0.00997	0.01336	0.01095	0.01605	0.01650	0.02623	0.01612	0.12214	0.45784	0.00850	0.21235	0.00741	0.00361	0.00638
20	0.01318	0.01240	0.02093	0.73798	0.04806	0.01550	0.01938	0.01783	0.01395	0.01783	0.01240	0.01860	0.00930	0.00698	0.00698	0.00233	0.00930	0.00620	0.00310	0.00775
21	0.00997	0.00748	0.01121	0.01121	0.01246	0.00872	0.00872	0.01246	0.01121	0.01620	0.01869	0.02741	0.01745	0.05234	0.72710	0.01121	0.01869	0.00748	0.00374	0.00623
22	0.00856	0.00641	0.00797	0.00919	0.01013	0.00583	0.00639	0.00999	0.01412	0.01821	0.04650	0.54977	0.21238	0.02070	0.00877	0.00273	0.00402	0.04611	0.00648	0.00576
23	0.02112	0.50127	0.02964	0.01237	0.01787	0.02259	0.01154	0.08575	0.01679	0.14674	0.01424	0.01512	0.01133	0.00986	0.05463	0.00234	0.00797	0.00483	0.00445	0.00958
24	0.00848	0.00615	0.00802	0.00951	0.01007	0.00569	0.00639	0.00974	0.01356	0.01790	0.04099	0.69670	0.09802	0.02153	0.00886	0.00280	0.00401	0.01944	0.00648	0.00569
25	0.01318	0.01240	0.02093	0.73798	0.04806	0.01550	0.01938	0.01783	0.01395	0.01783	0.01240	0.01860	0.00930	0.00698	0.00698	0.00233	0.00930	0.00620	0.00310	0.00775
26	0.01217	0.00929	0.01069	0.01019	0.01132	0.03997	0.00716	0.06996	0.01293	0.01734	0.01976	0.03461	0.02040	0.38352	0.30243	0.00789	0.01176	0.00853	0.00425	0.00583
27	0.01830	0.01471	0.01608	0.04343	0.01904	0.05851	0.01003	0.09773	0.06337	0.08884	0.01526	0.01642	0.01175	0.00635	0.00583	0.00145	0.00621	0.00501	0.00499	0.49667
28	0.01591	0.22492	0.28913	0.01794	0.05446	0.04126	0.06405	0.03895	0.01511	0.02045	0.03838	0.04279	0.01321	0.03494	0.00848	0.00225	0.05901	0.00608	0.00351	0.00918
29	0.01018	0.00731	0.00998	0.01145	0.01269	0.00711	0.00927	0.01268	0.01530	0.02006	0.06436	0.30177	0.06546	0.01990	0.00929	0.00302	0.00541	0.40210	0.00649	0.00616
30	0.01647	0.01882	0.04118	0.02941	0.03647	0.01765	0.68588	0.02235	0.01647	0.02235	0.01412	0.01882	0.01059	0.00588	0.00824	0.00235	0.01176	0.00824	0.00353	0.00941
31	0.01520	0.01455	0.02329	0.34036	0.17176	0.01770	0.04273	0.04250	0.01418	0.01964	0.01184	0.01732	0.00975	0.00833	0.01156	0.00248	0.21863	0.00625	0.00331	0.00859
32	0.02507	0.03097	0.01924	0.01755	0.02109	0.64891	0.01332	0.05377	0.02005	0.01843	0.01282	0.01728	0.01124	0.00807	0.00655	0.00191	0.01196	0.04972	0.00393	0.00813
33	0.00850	0.00607	0.00810	0.00972	0.01012	0.00567	0.00648	0.00972	0.01336	0.01781	0.03846	0.75020	0.04615	0.02186	0.00891	0.00283	0.00405	0.01984	0.00648	0.00567
34	0.01318	0.01240	0.02093	0.73798	0.04806	0.01550	0.01938	0.01783	0.01395	0.01783	0.01240	0.01860	0.00930	0.00698	0.00698	0.00233	0.00930	0.00620	0.00310	0.00775
35	0.00987	0.00807	0.02959	0.01039	0.01168	0.00735	0.00771	0.01330	0.07537	0.02019	0.11050	0.48551	0.06589	0.04590	0.00961	0.00286	0.00455	0.06877	0.00648	0.00640
36	0.01318	0.01240	0.02093	0.73798	0.04806	0.01550	0.01938	0.01783	0.01395	0.01783	0.01240	0.01860	0.00930	0.00698	0.00698	0.00233	0.00930	0.00620	0.00310	0.00775
37	0.02653	0.01955	0.02094	0.01606	0.02164	0.02164	0.01326	0.68796	0.03281	0.04398	0.01675	0.01675	0.01187	0.00838	0.00698	0.00209	0.00768	0.00628	0.00698	0.01187
38	0.01853	0.01888	0.09742	0.02624	0.14878	0.01669	0.30436	0.11356	0.03954	0.07404	0.01613	0.02024	0.01238	0.00762	0.00819	0.02728	0.00952	0.02606	0.00447	0.01006
39	0.00915	0.00686	0.00827	0.00852	0.00991	0.00624	0.00610	0.01117	0.01600	0.02116	0.26860	0.22018	0.24498	0.09432	0.01128	0.00290	0.00401	0.03779	0.00664	0.00592
40	0.00882	0.00691	0.00786	0.00842	0.00988	0.00625	0.00591	0.01088	0.03615	0.01874	0.07676	0.32917	0.35932	0.06936	0.01033	0.00284	0.00401	0.01611	0.00639	0.00588
41	0.01305	0.00990	0.01289	0.01357	0.01523	0.03585	0.01165	0.01598	0.01562	0.04988	0.03194	0.06530	0.03389	0.01864	0.03350	0.00335	0.08853	0.51843	0.00596	0.00685
42	0.01864	0.04512	0.02555	0.15944	0.42574	0.06955	0.01893	0.08540	0.01753	0.04819	0.01356	0.01712	0.01081	0.00671	0.00679	0.00208	0.00861	0.00603	0.00391	0.01028
43	0.01102	0.00796	0.01094	0.01242	0.01408	0.00787	0.01080	0.01413	0.01605	0.02073	0.03945	0.07786	0.08971	0.01916	0.00954	0.00315	0.00621	0.61610	0.00643	0.00639
44	0.01318	0.01240	0.02093	0.73798	0.04806	0.01550	0.01938	0.01783	0.01395	0.01783	0.01240	0.01860	0.00930	0.00698	0.00698	0.00233	0.00930	0.00620	0.00310	0.00775
45	0.01499	0.03261	0.57059	0.02080	0.07871	0.06128	0.02333	0.02254	0.04071	0.02178	0.01340	0.01634	0.01008	0.03404	0.00770	0.00235	0.01000	0.00548	0.00323	0.01003
46	0.01018	0.00710	0.00934	0.00934	0.01003	0.00772	0.00647	0.01155	0.01087	0.01539	0.02039	0.03581	0.02114	0.37588	0.37541	0.00874	0.01250	0.00867	0.03815	0.00531
47	0.00886	0.00633	0.00850	0.01012	0.01068	0.00597	0.00709	0.01033	0.01371	0.01821	0.03827	0.66354	0.04538	0.02153	0.00900	0.00288	0.00436	0.10300	0.00647	0.00577
48	0.01003	0.00729	0.00795	0.00778	0.01008	0.00624	0.00583	0.01201	0.01632	0.06439	0.12900	0.11589	0.52753	0.01682	0.00813	0.00235	0.00370	0.01420	0.02811	0.00634

[dist]
# distance from previous block
# <min> <max>
1	2

[block]
# block no. 3 follows, 30 sequences, length 104
# corresponding to MSA columns:
# 850-953
name=unknown_D
#
# <colnr> <probs for GDERKNQSTAVLIFYWHMCP>
#	G	D	E	R	K	N	Q	S	T	A	V	L	I	F	Y	W	H	M	C	P
0	0.01489	0.01118	0.01139	0.03848	0.01363	0.07498	0.00833	0.08871	0.01640	0.02428	0.02246	0.16038	0.02080	0.01227	0.02913	0.00234	0.06111	0.00882	0.37320	0.00719
1	0.39743	0.09242	0.04574	0.01371	0.04269	0.15120	0.01114	0.06593	0.01565	0.06679	0.01163	0.01312	0.00904	0.00699	0.00583	0.00205	0.03124	0.00448	0.00435	0.00857
2	0.01015	0.00677	0.00761	0.00761	0.00761	0.00677	0.00423	0.01015	0.01015	0.01353	0.02199	0.04567	0.02537	0.75476	0.03552	0.00677	0.00677	0.01015	0.00423	0.00423
3	0.00968	0.00707	0.00910	0.00871	0.01034	0.00648	0.00649	0.01275	0.01911	0.02675	0.62378	0.09393	0.10979	0.01495	0.00827	0.00224	0.00335	0.01319	0.00753	0.00648
4	0.01609	0.36010	0.41290	0.01633	0.02469	0.02132	0.01958	0.02156	0.01448	0.01955	0.01126	0.01315	0.00889	0.00633	0.00567	0.00189	0.00904	0.00452	0.00296	0.00970
5	0.00957	0.00712	0.00891	0.00846	0.01024	0.00646	0.00635	0.01258	0.01904	0.02628	0.58904	0.05492	0.18541	0.01490	0.00823	0.00222	0.00334	0.01301	0.00746	0.00646
6	0.01471	0.03510	0.68982	0.01958	0.02969	0.01596	0.02515	0.02259	0.01495	0.05053	0.01314	0.01510	0.00919	0.00671	0.00665	0.00221	0.01013	0.00523	0.00318	0.01038
7	0.01736	0.01499	0.01578	0.01420	0.01815	0.01736	0.01105	0.03708	0.69862	0.02919	0.02840	0.02604	0.02130	0.00947	0.00710	0.00237	0.00552	0.00789	0.00710	0.01105
8	0.01447	0.01240	0.01447	0.01034	0.01654	0.00930	0.00827	0.01757	0.01447	0.02274	0.01240	0.01447	0.01034	0.00517	0.00517	0.00103	0.00517	0.00413	0.00413	0.79742
9	0.01736	0.01499	0.01578	0.01420	0.01815	0.01736	0.01105	0.03708	0.69862	0.02919	0.02840	0.02604	0.02130	0.00947	0.00710	0.00237	0.00552	0.00789	0.00710	0.01105
10	0.00850	0.00607	0.00810	0.00972	0.01012	0.00567	0.00648	0.00972	0.01336	0.01781	0.03846	0.75020	0.04615	0.02186	0.00891	0.00283	0.00405	0.01984	0.00648	0.00567
11	0.01015	0.00677	0.00761	0.00761	0.00761	0.00677	0.00423	0.01015	0.01015	0.01353	0.02199	0.04567	0.02537	0.75476	0.03552	0.00677	0.00677	0.01015	0.00423	0.00423
12	0.04785	0.01374	0.02250	0.37700	0.31199	0.01534	0.01873	0.01929	0.01470	0.02096	0.01329	0.01826	0.01052	0.00673	0.00670	0.00217	0.00832	0.00613	0.05684	0.00899
13	0.01713	0.01513	0.02115	0.39374	0.18212	0.09071	0.01748	0.02106	0.01553	0.08812	0.01442	0.01870	0.01097	0.00838	0.02814	0.00244	0.00918	0.00615	0.03066	0.00882
14	0.01736	0.01499	0.01578	0.01420	0.01815	0.01736	0.01105	0.03708	0.69862	0.02919	0.02840	0.02604	0.02130	0.00947	0.00710	0.00237	0.00552	0.00789	0.00710	0.01105
15	0.01447	0.01240	0.01447	0.01034	0.01654	0.00930	0.00827	0.01757	0.01447	0.02274	0.01240	0.01447	0.01034	0.00517	0.00517	0.00103	0.00517	0.00413	0.00413	0.79742
16	0.76458	0.01462	0.04564	0.00971	0.01433	0.01568	0.00847	0.02059	0.01202	0.03085	0.00986	0.01151	0.00762	0.00649	0.00443	0.00216	0.00564	0.00385	0.00425	0.00770
17	0.80405	0.01350	0.01026	0.00918	0.01350	0.01565	0.00756	0.02051	0.01188	0.03131	0.00972	0.01134	0.00756	0.00648	0.00432	0.00216	0.00540	0.00378	0.00432	0.00756
18	0.03131	0.01188	0.01619	0.01242	0.01781	0.01026	0.01026	0.03401	0.01997	0.71606	0.02753	0.02375	0.01727	0.00864	0.00702	0.00216	0.00594	0.00702	0.00864	0.01188
19	0.01627	0.01837	0.03932	0.05938	0.03606	0.01774	0.62367	0.02188	0.01607	0.02188	0.01380	0.01864	0.01046	0.00625	0.00891	0.00239	0.04814	0.00804	0.00349	0.00925
20	0.01400	0.03610	0.71860	0.01989	0.03020	0.01621	0.02578	0.02210	0.01473	0.02210	0.01252	0.01473	0.00884	0.00663	0.00663	0.00221	0.01031	0.00516	0.00295	0.01031
21	0.01015	0.00677	0.00761	0.00761	0.00761	0.00677	0.00423	0.01015	0.01015	0.01353	0.02199	0.04567	0.02537	0.75476	0.03552	0.00677	0.00677	0.01015	0.00423	0.00423
22	0.00915	0.00710	0.00832	0.00801	0.00998	0.00627	0.00601	0.01176	0.01803	0.02390	0.42268	0.05885	0.35326	0.01579	0.00824	0.00227	0.00340	0.01356	0.00714	0.00627
23	0.00988	0.00713	0.00933	0.00878	0.01043	0.00658	0.00658	0.01317	0.01975	0.02798	0.70754	0.05213	0.06584	0.01427	0.00823	0.00219	0.00329	0.01262	0.00768	0.00658
24	0.01447	0.01240	0.01447	0.01034	0.01654	0.00930	0.00827	0.01757	0.01447	0.02274	0.01240	0.01447	0.01034	0.00517	0.00517	0.00103	0.00517	0.00413	0.00413	0.79742
25	0.01804	0.01533	0.01616	0.01434	0.01841	0.01768	0.01121	0.08544	0.64915	0.03029	0.02754	0.02535	0.02060	0.00939	0.00709	0.00235	0.00568	0.00777	0.00709	0.01111
26	0.01423	0.01482	0.05073	0.48103	0.10314	0.01651	0.10739	0.01881	0.01416	0.01894	0.01237	0.01803	0.00960	0.00728	0.00874	0.00238	0.08390	0.00642	0.00318	0.00836
27	0.01390	0.01318	0.02001	0.05846	0.21387	0.04068	0.08182	0.01668	0.01431	0.01942	0.05215	0.08970	0.08146	0.11326	0.04432	0.00336	0.10215	0.00914	0.00423	0.00791
28	0.01596	0.01174	0.01471	0.03983	0.04342	0.00952	0.00923	0.01894	0.01528	0.11005	0.04034	0.08409	0.01635	0.00754	0.00598	0.00147	0.00538	0.00637	0.00497	0.53882
29	0.68591	0.09999	0.01368	0.00974	0.01429	0.01725	0.00826	0.04393	0.01288	0.03003	0.00996	0.01151	0.00787	0.00649	0.00443	0.00208	0.00572	0.00386	0.00426	0.00787
30	0.01647	0.01784	0.06708	0.02708	0.22328	0.04004	0.13979	0.04543	0.01474	0.02097	0.01302	0.04810	0.01164	0.00910	0.01290	0.00251	0.27023	0.00702	0.00357	0.00920
31	0.01037	0.00674	0.00752	0.00752	0.00765	0.00674	0.00428	0.01063	0.01050	0.01452	0.02205	0.04411	0.02478	0.69581	0.03310	0.00636	0.00649	0.00986	0.06654	0.00441
32	0.00998	0.00744	0.01100	0.01100	0.01218	0.00861	0.00846	0.01233	0.01115	0.01604	0.01888	0.02848	0.01791	0.09334	0.68673	0.01096	0.01800	0.00763	0.00377	0.00611
33	0.02629	0.01908	0.02055	0.01585	0.02135	0.02106	0.01306	0.63646	0.06184	0.06664	0.01764	0.01741	0.01247	0.00843	0.00699	0.00211	0.00752	0.00638	0.00704	0.01183
34	0.00850	0.00607	0.00810	0.00972	0.01012	0.00567	0.00648	0.00972	0.01336	0.01781	0.03846	0.75020	0.04615	0.02186	0.00891	0.00283	0.00405	0.01984	0.00648	0.00567
35	0.01019	0.00746	0.00960	0.00901	0.01075	0.00703	0.00677	0.01417	0.04810	0.02803	0.67919	0.05104	0.06398	0.01407	0.00818	0.00220	0.00339	0.01242	0.00766	0.00677
36	0.01647	0.01882	0.04118	0.02941	0.03647	0.01765	0.68588	0.02235	0.01647	0.02235	0.01412	0.01882	0.01059	0.00588	0.00824	0.00235	0.01176	0.00824	0.00353	0.00941
37	0.02653	0.01955	0.02094	0.01606	0.02164	0.02164	0.01326	0.68796	0.03281	0.04398	0.01675	0.01675	0.01187	0.00838	0.00698	0.00209	0.00768	0.00628	0.00698	0.01187
38	0.01447	0.01240	0.01447	0.01034	0.01654	0.00930	0.00827	0.01757	0.01447	0.02274	0.01240	0.01447	0.01034	0.00517	0.00517	0.00103	0.00517	0.00413	0.00413	0.79742
39	0.01647	0.01882	0.04118	0.02941	0.03647	0.01765	0.68588	0.02235	0.01647	0.02235	0.01412	0.01882	0.01059	0.00588	0.00824	0.00235	0.01176	0.00824	0.00353	0.00941
40	0.01647	0.01882	0.04118	0.02941	0.03647	0.01765	0.68588	0.02235	0.01647	0.02235	0.01412	0.01882	0.01059	0.00588	0.00824	0.00235	0.01176	0.00824	0.00353	0.00941
41	0.01002	0.00671	0.00765	0.00778	0.00781	0.00668	0.00441	0.01011	0.01041	0.01387	0.02331	0.10230	0.02704	0.69584	0.03338	0.00645	0.00655	0.01093	0.00441	0.00434
42	0.01727	0.01658	0.02832	0.04283	0.71123	0.01658	0.02142	0.02142	0.01589	0.02280	0.01313	0.01727	0.01105	0.00622	0.00691	0.00207	0.00829	0.00622	0.00345	0.01105
43	0.01647	0.01882	0.04118	0.02941	0.03647	0.01765	0.68588	0.02235	0.01647	0.02235	0.01412	0.01882	0.01059	0.00588	0.00824	0.00235	0.01176	0.00824	0.00353	0.00941
44	0.00970	0.00693	0.00947	0.01109	0.01201	0.00670	0.00856	0.01179	0.01454	0.01915	0.03780	0.45707	0.04354	0.02073	0.00923	0.00300	0.00509	0.30116	0.00646	0.00600
45	0.00850	0.00607	0.00810	0.00972	0.01012	0.00567	0.00648	0.00972	0.01336	0.01781	0.03846	0.75020	0.04615	0.02186	0.00891	0.00283	0.00405	0.01984	0.00648	0.00567
46	0.01124	0.00803	0.01124	0.01285	0.01446	0.00803	0.01124	0.01446	0.01606	0.02088	0.03695	0.07871	0.04016	0.01928	0.00964	0.00321	0.00643	0.66426	0.00643	0.00643
47	0.01657	0.00987	0.01203	0.01028	0.01341	0.00934	0.00808	0.11031	0.02093	0.17887	0.35142	0.04370	0.16103	0.01282	0.00780	0.00220	0.00452	0.01089	0.00758	0.00835
48	0.80405	0.01350	0.01026	0.00918	0.01350	0.01565	0.00756	0.02051	0.01188	0.03131	0.00972	0.01134	0.00756	0.00648	0.00432	0.00216	0.00540	0.00378	0.00432	0.00756
49	0.47906	0.01333	0.01307	0.01078	0.01557	0.01415	0.00889	0.07029	0.01614	0.27368	0.01647	0.01608	0.01128	0.00737	0.00545	0.00215	0.00574	0.00509	0.00602	0.00937
50	0.00892	0.00700	0.00765	0.00782	0.00950	0.00622	0.00563	0.01051	0.01496	0.01859	0.10507	0.10985	0.44854	0.15496	0.01345	0.00325	0.00432	0.05198	0.00615	0.00565
51	0.01866	0.75896	0.03657	0.01194	0.01791	0.02761	0.01194	0.02090	0.01418	0.01642	0.00970	0.01119	0.00896	0.00597	0.00448	0.00149	0.00746	0.00373	0.00299	0.00896
52	0.01348	0.01271	0.02148	0.68635	0.09732	0.01558	0.01953	0.01810	0.01410	0.01820	0.01246	0.01851	0.00943	0.00692	0.00697	0.00231	0.00923	0.00620	0.00313	0.00800
53	0.00997	0.00748	0.01121	0.01121	0.01246	0.00872	0.00872	0.01246	0.01121	0.01620	0.01869	0.02741	0.01745	0.05234	0.72710	0.01121	0.01869	0.00748	0.00374	0.00623
54	0.01015	0.00677	0.00761	0.00761	0.00761	0.00677	0.00423	0.01015	0.01015	0.01353	0.02199	0.04567	0.02537	0.75476	0.03552	0.00677	0.00677	0.01015	0.00423	0.00423
55	0.01647	0.01882	0.04118	0.02941	0.03647	0.01765	0.68588	0.02235	0.01647	0.02235	0.01412	0.01882	0.01059	0.00588	0.00824	0.00235	0.01176	0.00824	0.00353	0.00941
56	0.00911	0.00714	0.00827	0.00808	0.01009	0.00629	0.00613	0.01163	0.01766	0.02309	0.35877	0.06080	0.38896	0.01619	0.00830	0.00232	0.00354	0.04038	0.00702	0.00623
57	0.03131	0.01188	0.01619	0.01242	0.01781	0.01026	0.01026	0.03401	0.01997	0.71606	0.02753	0.02375	0.01727	0.00864	0.00702	0.00216	0.00594	0.00702	0.00864	0.01188
58	0.01345	0.01281	0.02201	0.68532	0.07013	0.01563	0.04676	0.01814	0.01412	0.01818	0.01250	0.01857	0.00941	0.00691	0.00703	0.00232	0.00937	0.00629	0.00313	0.00793
59	0.01301	0.00650	0.00650	0.00650	0.00813	0.00650	0.00488	0.01626	0.01463	0.02602	0.02276	0.02602	0.01789	0.00813	0.00488	0.00163	0.00325	0.00650	0.79350	0.00650
60	0.00997	0.00748	0.01121	0.01121	0.01246	0.00872	0.00872	0.01246	0.01121	0.01620	0.01869	0.02741	0.01745	0.05234	0.72710	0.01121	0.01869	0.00748	0.00374	0.00623
61	0.01318	0.01240	0.02093	0.73798	0.04806	0.01550	0.01938	0.01783	0.01395	0.01783	0.01240	0.01860	0.00930	0.00698	0.00698	0.00233	0.00930	0.00620	0.00310	0.00775
62	0.01903	0.72270	0.03573	0.01224	0.01809	0.06254	0.01202	0.02124	0.01446	0.01645	0.00976	0.01126	0.00896	0.00603	0.00457	0.00151	0.00772	0.00377	0.00302	0.00891
63	0.01400	0.03610	0.71860	0.01989	0.03020	0.01621	0.02578	0.02210	0.01473	0.02210	0.01252	0.01473	0.00884	0.00663	0.00663	0.00221	0.01031	0.00516	0.00295	0.01031
64	0.25968	0.01453	0.01564	0.01385	0.05180	0.01551	0.01058	0.13780	0.15817	0.19630	0.01925	0.01863	0.01369	0.00786	0.00614	0.00214	0.00607	0.00595	0.00631	0.04009
65	0.02241	0.01297	0.01541	0.01281	0.01728	0.01307	0.01030	0.08540	0.24958	0.29882	0.07211	0.02891	0.04583	0.00980	0.00717	0.00222	0.00567	0.03261	0.00754	0.05008
66	0.01329	0.01263	0.02164	0.71317	0.04766	0.01558	0.04272	0.01799	0.01404	0.01799	0.01246	0.01861	0.00935	0.00694	0.00702	0.00233	0.00939	0.00627	0.00312	0.00781
67	0.01720	0.01515	0.01815	0.01408	0.01863	0.04144	0.03852	0.14391	0.01740	0.02512	0.01353	0.04217	0.01166	0.00792	0.00941	0.00179	0.15555	0.00570	0.00449	0.39817
68	0.01866	0.75896	0.03657	0.01194	0.01791	0.02761	0.01194	0.02090	0.01418	0.01642	0.00970	0.01119	0.00896	0.00597	0.00448	0.00149	0.00746	0.00373	0.00299	0.00896
69	0.01318	0.01240	0.02093	0.73798	0.04806	0.01550	0.01938	0.01783	0.01395	0.01783	0.01240	0.01860	0.00930	0.00698	0.00698	0.00233	0.00930	0.00620	0.00310	0.00775
70	0.01647	0.01882	0.04118	0.02941	0.03647	0.01765	0.68588	0.02235	0.01647	0.02235	0.01412	0.01882	0.01059	0.00588	0.00824	0.00235	0.01176	0.00824	0.00353	0.00941
71	0.01417	0.01209	0.01415	0.01030	0.01622	0.00912	0.00818	0.01718	0.01441	0.02249	0.01370	0.05123	0.01213	0.00600	0.00535	0.00112	0.00511	0.00492	0.00425	0.75786
72	0.01400	0.03610	0.71860	0.01989	0.03020	0.01621	0.02578	0.02210	0.01473	0.02210	0.01252	0.01473	0.00884	0.00663	0.00663	0.00221	0.01031	0.00516	0.00295	0.01031
73	0.01015	0.00677	0.00761	0.00761	0.00761	0.00677	0.00423	0.01015	0.01015	0.01353	0.02199	0.04567	0.02537	0.75476	0.03552	0.00677	0.00677	0.01015	0.00423	0.00423
74	0.01736	0.01499	0.01578	0.01420	0.01815	0.01736	0.01105	0.03708	0.69862	0.02919	0.02840	0.02604	0.02130	0.00947	0.00710	0.00237	0.00552	0.00789	0.00710	0.01105
75	0.01647	0.01882	0.04118	0.02941	0.03647	0.01765	0.68588	0.02235	0.01647	0.02235	0.01412	0.01882	0.01059	0.00588	0.00824	0.00235	0.01176	0.00824	0.00353	0.00941
76	0.00868	0.00621	0.00828	0.00978	0.01030	0.00581	0.00666	0.01009	0.01383	0.01852	0.07747	0.68480	0.04708	0.02132	0.00889	0.00281	0.00409	0.04307	0.00655	0.00575
77	0.01912	0.71579	0.03566	0.01218	0.01813	0.02726	0.01202	0.05984	0.01527	0.01803	0.01011	0.01152	0.00913	0.00611	0.00462	0.00153	0.00748	0.00388	0.00322	0.00913
78	0.00937	0.00777	0.00798	0.00774	0.01019	0.00682	0.00585	0.04968	0.01693	0.02056	0.08606	0.08662	0.62578	0.01717	0.00820	0.00235	0.00379	0.01434	0.00655	0.00625
79	0.01419	0.03496	0.67830	0.02123	0.06996	0.01623	0.02553	0.02206	0.01480	0.02214	0.01256	0.01488	0.00897	0.00661	0.00665	0.00220	0.01019	0.00522	0.00298	0.01036
80	0.00997	0.00719	0.00974	0.01126	0.01243	0.00696	0.00899	0.01230	0.01497	0.01954	0.03952	0.34698	0.08157	0.02022	0.00926	0.00301	0.00530	0.36824	0.00645	0.00609
81	0.02653	0.01955	0.02094	0.01606	0.02164	0.02164	0.01326	0.68796	0.03281	0.04398	0.01675	0.01675	0.01187	0.00838	0.00698	0.00209	0.00768	0.00628	0.00698	0.01187
82	0.01015	0.00677	0.00761	0.00761	0.00761	0.00677	0.00423	0.01015	0.01015	0.01353	0.02199	0.04567	0.02537	0.75476	0.03552	0.00677	0.00677	0.01015	0.00423	0.00423
83	0.01604	0.01276	0.01406	0.01242	0.01576	0.01407	0.00968	0.11819	0.36234	0.03072	0.24540	0.03316	0.03422	0.01081	0.00736	0.00225	0.00501	0.00914	0.03704	0.00955
84	0.02052	0.53335	0.03160	0.01420	0.03681	0.15290	0.01254	0.07315	0.03435	0.01912	0.01100	0.01241	0.00956	0.00647	0.00513	0.00163	0.00838	0.00423	0.00352	0.00913
85	0.01454	0.01200	0.01979	0.43214	0.03553	0.01361	0.08237	0.04410	0.01557	0.06119	0.04135	0.07731	0.01644	0.00888	0.00720	0.00231	0.00809	0.02912	0.07049	0.00797
86	0.01647	0.23808	0.36281	0.01912	0.07721	0.06563	0.01976	0.02159	0.01462	0.01973	0.01135	0.01383	0.00908	0.00696	0.00751	0.00205	0.07671	0.00488	0.00305	0.00959
87	0.37234	0.16931	0.02026	0.01362	0.03719	0.04225	0.03340	0.12006	0.01587	0.02766	0.01099	0.01297	0.00890	0.00723	0.00690	0.00210	0.08141	0.00462	0.00424	0.00868
88	0.00880	0.00705	0.00786	0.00775	0.00979	0.00611	0.00578	0.01104	0.01707	0.02182	0.27983	0.09242	0.46663	0.01673	0.00827	0.00232	0.00348	0.01426	0.00688	0.00611
89	0.01013	0.00750	0.00971	0.01088	0.01244	0.00716	0.00894	0.01262	0.01544	0.01972	0.04451	0.16476	0.19730	0.04709	0.01019	0.00310	0.00544	0.40061	0.00636	0.00612
90	0.04907	0.06914	0.04866	0.02051	0.08590	0.11343	0.16329	0.14934	0.08711	0.05710	0.01699	0.02068	0.01345	0.00783	0.00696	0.00215	0.00880	0.03924	0.03057	0.00980
91	0.00881	0.00629	0.00845	0.01007	0.01061	0.00593	0.00701	0.01025	0.01366	0.01816	0.03829	0.67504	0.04548	0.02157	0.00899	0.00288	0.00431	0.09197	0.00647	0.00575
92	0.01141	0.00871	0.00967	0.00903	0.01158	0.00827	0.00689	0.04491	0.09746	0.04920	0.23300	0.07411	0.37927	0.01517	0.00803	0.00231	0.00399	0.01285	0.00698	0.00716
93	0.01400	0.03610	0.71860	0.01989	0.03020	0.01621	0.02578	0.02210	0.01473	0.02210	0.01252	0.01473	0.00884	0.00663	0.00663	0.00221	0.01031	0.00516	0.00295	0.01031
94	0.10744	0.18269	0.22624	0.01735	0.02388	0.19877	0.08342	0.04647	0.01638	0.02146	0.01148	0.01354	0.00904	0.00660	0.00600	0.00196	0.00979	0.00488	0.00347	0.00912
95	0.00939	0.00699	0.00883	0.00974	0.01074	0.00672	0.00677	0.01239	0.06653	0.02045	0.15216	0.53781	0.08642	0.01940	0.00862	0.00266	0.00400	0.01742	0.00673	0.00624
96	0.00846	0.00622	0.00794	0.00932	0.01002	0.00570	0.00630	0.00976	0.01374	0.01797	0.04333	0.64708	0.14614	0.02123	0.00881	0.00276	0.00397	0.01907	0.00648	0.00570
97	0.04281	0.03905	0.04304	0.12600	0.06672	0.03715	0.04112	0.09641	0.03833	0.12580	0.10035	0.07473	0.02171	0.01183	0.03914	0.00268	0.05052	0.02821	0.00546	0.00894
98	0.01527	0.01696	0.09902	0.04568	0.03959	0.12431	0.01329	0.03719	0.01403	0.04153	0.01528	0.02134	0.01348	0.05081	0.30942	0.00615	0.11873	0.00649	0.00376	0.00770
99	0.02208	0.01521	0.01626	0.01307	0.01738	0.01662	0.01060	0.42260	0.08162	0.05897	0.01976	0.02037	0.01453	0.00840	0.00639	0.00199	0.00619	0.00650	0.23120	0.01027
100	0.01190	0.00609	0.00899	0.00905	0.00907	0.00608	0.00600	0.00916	0.00930	0.01240	0.01356	0.05043	0.01401	0.05561	0.02692	0.73226	0.00601	0.00677	0.00322	0.00318
101	0.01432	0.01228	0.01458	0.04269	0.01777	0.00979	0.00881	0.01813	0.04387	0.02262	0.01405	0.04216	0.01208	0.00605	0.00547	0.00121	0.00533	0.00496	0.00430	0.69953
102	0.01685	0.07383	0.25158	0.02523	0.22931	0.08193	0.05272	0.04384	0.04648	0.02251	0.03343	0.01727	0.01220	0.00821	0.02829	0.00233	0.00939	0.00588	0.00370	0.03501
103	0.04124	0.06134	0.23765	0.03727	0.06392	0.06459	0.06804	0.12653	0.03519	0.02414	0.01522	0.05053	0.01294	0.05903	0.03291	0.00280	0.04653	0.00668	0.00414	0.00930

[dist]
# distance from previous block
# <min> <max>
3	8

[block]
# block no. 4 follows, 30 sequences, length 38
# corresponding to MSA columns:
# 962-999
name=unknown_E
#
# <colnr> <probs for GDERKNQSTAVLIFYWHMCP>
#	G	D	E	R	K	N	Q	S	T	A	V	L	I	F	Y	W	H	M	C	P
0	0.01459	0.01280	0.01629	0.04364	0.04367	0.01016	0.03569	0.01791	0.01458	0.02251	0.01250	0.01492	0.01033	0.00531	0.00543	0.00118	0.00572	0.00446	0.00404	0.70428
1	0.01015	0.00677	0.00761	0.00761	0.00761	0.00677	0.00423	0.01015	0.01015	0.01353	0.02199	0.04567	0.02537	0.75476	0.03552	0.00677	0.00677	0.01015	0.00423	0.00423
2	0.01543	0.01671	0.08338	0.11269	0.22798	0.01417	0.12877	0.01991	0.01518	0.02204	0.01291	0.01655	0.01034	0.00594	0.00654	0.00182	0.00813	0.00577	0.00361	0.27215
3	0.01335	0.01261	0.02121	0.58073	0.07603	0.01534	0.04317	0.01765	0.01411	0.01852	0.03632	0.04700	0.01269	0.00803	0.00812	0.00237	0.05448	0.00700	0.00341	0.00785
4	0.00962	0.00733	0.00898	0.00987	0.01155	0.00680	0.00790	0.01184	0.01539	0.01934	0.05016	0.16136	0.31080	0.05099	0.01011	0.00297	0.00496	0.28768	0.00636	0.00601
5	0.04620	0.01507	0.01654	0.01580	0.06182	0.01709	0.01158	0.10713	0.51872	0.02991	0.02600	0.06319	0.02045	0.00970	0.00707	0.00234	0.00586	0.00810	0.00672	0.01072
6	0.00995	0.00729	0.01043	0.01050	0.01148	0.00825	0.00781	0.01193	0.01110	0.01577	0.02006	0.05863	0.02001	0.18000	0.57255	0.01008	0.01594	0.00844	0.00393	0.00584
7	0.04672	0.06039	0.29093	0.02068	0.10742	0.01680	0.06153	0.12085	0.01799	0.09649	0.01590	0.01993	0.01231	0.00789	0.00745	0.00223	0.03607	0.04370	0.00448	0.01024
8	0.01534	0.20435	0.48998	0.01898	0.02794	0.01903	0.08901	0.02184	0.01478	0.02079	0.01202	0.01431	0.00904	0.00640	0.00629	0.00206	0.00979	0.00513	0.00301	0.00990
9	0.02780	0.01227	0.01583	0.01235	0.01731	0.01126	0.01012	0.11810	0.02148	0.53627	0.08734	0.02719	0.05088	0.00949	0.00717	0.00216	0.00583	0.00774	0.00824	0.01115
10	0.01081	0.00780	0.01068	0.01206	0.01364	0.00767	0.01030	0.01382	0.01613	0.02104	0.08276	0.11794	0.08068	0.01902	0.00942	0.00307	0.00591	0.54437	0.00651	0.00636
11	0.01596	0.10466	0.43795	0.02101	0.07631	0.06658	0.08621	0.04248	0.01578	0.02176	0.01341	0.04230	0.01067	0.00712	0.00666	0.00213	0.00986	0.00592	0.00334	0.00986
12	0.01496	0.01442	0.01743	0.11386	0.16114	0.11060	0.02979	0.03895	0.07303	0.02064	0.02515	0.21463	0.06008	0.03498	0.00847	0.00251	0.00736	0.03894	0.00495	0.00810
13	0.00999	0.00740	0.01084	0.01084	0.01195	0.00852	0.00825	0.01222	0.01110	0.01592	0.01904	0.02932	0.01827	0.12577	0.65481	0.01075	0.01744	0.00776	0.00379	0.00602
14	0.80405	0.01350	0.01026	0.00918	0.01350	0.01565	0.00756	0.02051	0.01188	0.03131	0.00972	0.01134	0.00756	0.00648	0.00432	0.00216	0.00540	0.00378	0.00432	0.00756
15	0.02069	0.01708	0.01710	0.01444	0.01878	0.06359	0.01147	0.27279	0.34861	0.03326	0.02436	0.02338	0.04381	0.00917	0.00693	0.00219	0.00657	0.00728	0.04776	0.01072
16	0.01833	0.70863	0.08405	0.01249	0.01877	0.02682	0.01290	0.02098	0.01422	0.01681	0.00990	0.01144	0.00895	0.00602	0.00463	0.00154	0.00766	0.00383	0.00298	0.00905
17	0.01797	0.01708	0.03062	0.03742	0.49707	0.01684	0.17797	0.05184	0.01692	0.04726	0.01401	0.01784	0.01119	0.00632	0.00723	0.00214	0.00901	0.00673	0.00381	0.01073
