[name]
unknown

[dist]
# distance from previous block
# <min> <max>
0	11

[block]
# block no. 0 follows, 34 sequences, length 34
# corresponding to MSA columns:
# 47-80
name=unknown_A
#
# <colnr> <probs for GDERKNQSTAVLIFYWHMCP>
#	G	D	E	R	K	N	Q	S	T	A	V	L	I	F	Y	W	H	M	C	P
0	0.01041	0.00744	0.01041	0.01190	0.01339	0.00744	0.01041	0.01339	0.01487	0.01934	0.03421	0.07288	0.03719	0.01785	0.00892	0.00297	0.00595	0.68913	0.00595	0.00595
1	0.11656	0.01319	0.01438	0.01187	0.01608	0.01408	0.00958	0.18929	0.22030	0.21337	0.02266	0.02137	0.04231	0.00821	0.00613	0.00202	0.00547	0.00645	0.05690	0.00977
2	0.01522	0.23633	0.39649	0.01613	0.04254	0.10230	0.01778	0.02007	0.01406	0.01828	0.01301	0.03794	0.03013	0.00676	0.00567	0.00184	0.00865	0.00505	0.00302	0.00873
3	0.00866	0.00653	0.00833	0.00827	0.00974	0.00620	0.00617	0.01102	0.01534	0.02088	0.36590	0.13376	0.20437	0.02110	0.14039	0.00364	0.00574	0.01208	0.00607	0.00579
4	0.01571	0.01398	0.03801	0.06551	0.23799	0.03387	0.03358	0.12758	0.09159	0.04117	0.10274	0.02699	0.06293	0.04149	0.00791	0.00223	0.00663	0.03633	0.00493	0.00882
5	0.00893	0.00625	0.00712	0.00727	0.00774	0.00601	0.00445	0.00950	0.01109	0.01455	0.07165	0.13231	0.13497	0.52293	0.02461	0.00496	0.00532	0.01125	0.00467	0.00444
6	0.04404	0.09085	0.08551	0.01425	0.01948	0.04015	0.01262	0.43512	0.11803	0.03315	0.01576	0.01595	0.01159	0.00744	0.00609	0.00191	0.00702	0.00559	0.02527	0.01016
7	0.09822	0.04281	0.17037	0.01261	0.01836	0.01286	0.01216	0.05395	0.11706	0.19366	0.01738	0.03419	0.01279	0.00705	0.00579	0.00182	0.00620	0.00555	0.00513	0.17206
8	0.03381	0.01282	0.01967	0.42260	0.16036	0.03985	0.04267	0.01879	0.06125	0.03859	0.05127	0.04273	0.01367	0.00728	0.00654	0.00210	0.00779	0.00654	0.00370	0.00798
9	0.02899	0.01100	0.01499	0.01150	0.01649	0.00950	0.00950	0.03149	0.01849	0.73709	0.02549	0.02199	0.01599	0.00800	0.00650	0.00200	0.00550	0.00650	0.00800	0.01100
10	0.00924	0.00689	0.01024	0.01024	0.01135	0.00800	0.00790	0.01145	0.01034	0.01489	0.01744	0.02610	0.01647	0.07928	0.71693	0.01021	0.01684	0.00703	0.00348	0.00569
11	0.01737	0.00823	0.00953	0.00833	0.01113	0.00789	0.00655	0.02139	0.07312	0.24433	0.02533	0.02556	0.05624	0.00826	0.00547	0.00175	0.00397	0.00670	0.45099	0.00787
12	0.01599	0.01535	0.02623	0.03966	0.73262	0.01535	0.01983	0.01983	0.01471	0.02111	0.01215	0.01599	0.01023	0.00576	0.00640	0.00192	0.00768	0.00576	0.00320	0.01023
13	0.00851	0.00676	0.00780	0.00835	0.01021	0.00605	0.00668	0.01053	0.01463	0.01798	0.05394	0.10980	0.47296	0.01707	0.00807	0.00245	0.00413	0.22252	0.00598	0.00559
14	0.00812	0.00666	0.00722	0.00736	0.00939	0.00576	0.00570	0.01006	0.01509	0.01851	0.12646	0.06214	0.57967	0.01624	0.00779	0.00226	0.00358	0.09630	0.00610	0.00558
15	0.00823	0.00577	0.00739	0.00854	0.00883	0.00549	0.00551	0.00909	0.01167	0.01556	0.03203	0.59808	0.03821	0.19704	0.01403	0.00348	0.00434	0.01626	0.00551	0.00494
16	0.01414	0.01414	0.01979	0.01696	0.01696	0.01979	0.01414	0.01555	0.00990	0.01555	0.00848	0.01414	0.00848	0.01131	0.02120	0.00283	0.76110	0.00565	0.00283	0.00707
17	0.02791	0.01076	0.01465	0.01131	0.01612	0.00931	0.00931	0.03044	0.01848	0.69838	0.06379	0.02342	0.01844	0.00828	0.00656	0.00200	0.00536	0.00678	0.00795	0.01073
18	0.02751	0.01104	0.01480	0.01161	0.01640	0.00982	0.00958	0.03098	0.06075	0.66722	0.02587	0.02404	0.01702	0.00841	0.00659	0.00205	0.00549	0.03225	0.00783	0.01076
19	0.01644	0.01550	0.02587	0.03836	0.69531	0.01560	0.01943	0.05602	0.01553	0.02214	0.01233	0.01597	0.01027	0.00586	0.00640	0.00192	0.00765	0.00576	0.00337	0.01027
20	0.00923	0.00692	0.01038	0.01038	0.01154	0.00808	0.00808	0.01154	0.01038	0.01500	0.01731	0.02538	0.01615	0.04846	0.74732	0.01038	0.01731	0.00692	0.00346	0.00577
21	0.04556	0.01152	0.01324	0.00953	0.01520	0.00885	0.00763	0.01638	0.01330	0.02137	0.01138	0.01328	0.00947	0.00483	0.00475	0.00100	0.00479	0.00381	0.00383	0.78025
22	0.01377	0.01360	0.01910	0.01648	0.01656	0.01893	0.01369	0.01525	0.00993	0.01551	0.00913	0.01497	0.00905	0.01405	0.07484	0.00339	0.70616	0.00575	0.00287	0.00697
23	0.01301	0.00742	0.01006	0.00908	0.01112	0.00711	0.06864	0.01579	0.01391	0.08839	0.02390	0.18360	0.02154	0.01012	0.00578	0.00185	0.00411	0.00887	0.48915	0.00656
24	0.02746	0.01183	0.01536	0.01182	0.01681	0.01076	0.00973	0.09862	0.04593	0.61353	0.02399	0.02110	0.01539	0.00788	0.00643	0.00196	0.00562	0.00636	0.00763	0.04181
25	0.00864	0.00659	0.00794	0.00760	0.00935	0.00588	0.00570	0.01122	0.01711	0.02310	0.50878	0.05289	0.28315	0.01426	0.00763	0.00208	0.00312	0.01233	0.00674	0.00588
26	0.02339	0.02924	0.01797	0.01632	0.01968	0.67969	0.01228	0.02659	0.08300	0.01685	0.01149	0.01280	0.00937	0.00685	0.00589	0.00171	0.01105	0.00445	0.00363	0.00774
27	0.81856	0.01250	0.00950	0.00850	0.01250	0.01449	0.00700	0.01899	0.01100	0.02899	0.00900	0.01050	0.00700	0.00600	0.00400	0.00200	0.00500	0.00350	0.00400	0.00700
28	0.00825	0.00620	0.00764	0.00807	0.00930	0.00559	0.00575	0.01016	0.01500	0.01996	0.28068	0.33985	0.22631	0.01683	0.00788	0.00231	0.00339	0.01486	0.00638	0.00559
29	0.00796	0.00569	0.00760	0.00910	0.00951	0.00532	0.00615	0.00915	0.01246	0.01659	0.03556	0.74429	0.04254	0.02016	0.00827	0.00264	0.00383	0.04191	0.00600	0.00527
30	0.00787	0.00562	0.00750	0.00900	0.00937	0.00525	0.00600	0.00900	0.01237	0.01649	0.03561	0.76871	0.04274	0.02024	0.00825	0.00262	0.00375	0.01837	0.00600	0.00525
31	0.22386	0.01222	0.01416	0.01116	0.01593	0.01200	0.00921	0.11014	0.01807	0.47808	0.02021	0.01837	0.01317	0.00747	0.00588	0.00199	0.00557	0.00567	0.00682	0.01001
32	0.01650	0.17941	0.18827	0.05981	0.25712	0.01767	0.01722	0.08132	0.06299	0.04147	0.01294	0.01500	0.01014	0.00627	0.00589	0.00187	0.00771	0.00518	0.00363	0.00960
33	0.09101	0.04579	0.07913	0.02198	0.20768	0.04608	0.11747	0.06169	0.06702	0.08480	0.01517	0.05351	0.01234	0.00716	0.00670	0.00199	0.02863	0.00632	0.00424	0.04128

[dist]
# distance from previous block
# <min> <max>
1	10

[block]
# block no. 1 follows, 34 sequences, length 50
# corresponding to MSA columns:
# 91-118,130-138,143-155
name=unknown_B
#
# <colnr> <probs for GDERKNQSTAVLIFYWHMCP>
#	G	D	E	R	K	N	Q	S	T	A	V	L	I	F	Y	W	H	M	C	P
0	0.05858	0.20747	0.25265	0.01624	0.07277	0.01700	0.05228	0.05768	0.05983	0.02128	0.01286	0.02990	0.01036	0.00639	0.00556	0.00178	0.00745	0.00506	0.02668	0.07816
1	0.05851	0.00795	0.00996	0.00968	0.01139	0.00783	0.02901	0.07874	0.01588	0.02228	0.21661	0.37707	0.09935	0.01553	0.00758	0.00231	0.00415	0.01376	0.00613	0.00626
2	0.01427	0.08872	0.23896	0.04921	0.04534	0.07005	0.09795	0.02009	0.08295	0.01952	0.05094	0.02035	0.01430	0.03217	0.05555	0.00272	0.05508	0.02985	0.00366	0.00831
3	0.00805	0.00647	0.00679	0.00681	0.00850	0.00563	0.00483	0.00946	0.01388	0.01701	0.09482	0.08242	0.53817	0.15433	0.01226	0.00293	0.00382	0.01291	0.00568	0.00520
4	0.01134	0.01216	0.13982	0.01046	0.01374	0.00865	0.00971	0.01640	0.07456	0.05606	0.49269	0.03827	0.04494	0.01119	0.00713	0.00203	0.00448	0.00970	0.02940	0.00726
5	0.01727	0.77681	0.03386	0.01106	0.01658	0.02557	0.01106	0.01935	0.01313	0.01520	0.00898	0.01036	0.00829	0.00553	0.00415	0.00138	0.00691	0.00345	0.00276	0.00829
6	0.02549	0.01078	0.01412	0.01111	0.01554	0.00976	0.00907	0.06770	0.03875	0.56822	0.09438	0.02440	0.02030	0.00850	0.00650	0.00198	0.00520	0.00697	0.05101	0.01022
7	0.00856	0.00663	0.00783	0.00766	0.00947	0.00590	0.00583	0.01100	0.01655	0.02187	0.40188	0.05570	0.34941	0.01484	0.00770	0.00215	0.00331	0.05133	0.00656	0.00581
8	0.01340	0.01148	0.01340	0.00957	0.01531	0.00861	0.00766	0.01627	0.01340	0.02105	0.01148	0.01340	0.00957	0.00479	0.00479	0.00096	0.00479	0.00383	0.00383	0.81242
9	0.00787	0.00562	0.00750	0.00900	0.00937	0.00525	0.00600	0.00900	0.01237	0.01649	0.03561	0.76871	0.04274	0.02024	0.00825	0.00262	0.00375	0.01837	0.00600	0.00525
10	0.00940	0.00626	0.00705	0.00705	0.00705	0.00626	0.00392	0.00940	0.00940	0.01253	0.02036	0.04228	0.02349	0.77292	0.03289	0.00626	0.00626	0.00940	0.00392	0.00392
11	0.01414	0.01414	0.01979	0.01696	0.01696	0.01979	0.01414	0.01555	0.00990	0.01555	0.00848	0.01414	0.00848	0.01131	0.02120	0.00283	0.76110	0.00565	0.00283	0.00707
12	0.03926	0.01119	0.01913	0.01528	0.01844	0.01113	0.24451	0.01432	0.01405	0.01904	0.07017	0.14478	0.23818	0.01213	0.00918	0.00231	0.09448	0.01092	0.00470	0.00680
13	0.01531	0.00865	0.00913	0.00810	0.01051	0.00897	0.00633	0.13555	0.04129	0.06870	0.02057	0.02250	0.01569	0.00764	0.00504	0.00163	0.00393	0.00606	0.59711	0.00731
14	0.00868	0.00667	0.00900	0.00988	0.01027	0.00700	0.00695	0.00995	0.01242	0.01692	0.07217	0.63931	0.03978	0.01880	0.00972	0.00261	0.09216	0.01650	0.00569	0.00551
15	0.01555	0.01678	0.01776	0.01564	0.01700	0.20365	0.03651	0.01739	0.01236	0.01566	0.01118	0.01635	0.01035	0.01895	0.19351	0.00435	0.36132	0.00565	0.00313	0.00692
16	0.00867	0.00623	0.00821	0.00846	0.00955	0.00578	0.00606	0.01099	0.01606	0.02236	0.46783	0.31976	0.05410	0.01586	0.00786	0.00226	0.00331	0.01420	0.00669	0.00578
17	0.02091	0.01578	0.01696	0.01390	0.01836	0.01765	0.01119	0.36430	0.34616	0.07204	0.02099	0.01980	0.01526	0.00823	0.00652	0.00206	0.00611	0.00654	0.00660	0.01064
18	0.01340	0.01148	0.01340	0.00957	0.01531	0.00861	0.00766	0.01627	0.01340	0.02105	0.01148	0.01340	0.00957	0.00479	0.00479	0.00096	0.00479	0.00383	0.00383	0.81242
19	0.01041	0.00744	0.01041	0.01190	0.01339	0.00744	0.01041	0.01339	0.01487	0.01934	0.03421	0.07288	0.03719	0.01785	0.00892	0.00297	0.00595	0.68913	0.00595	0.00595
20	0.02706	0.01197	0.01537	0.01193	0.01677	0.01117	0.00980	0.12290	0.05801	0.58188	0.04669	0.02207	0.01696	0.00817	0.00653	0.00200	0.00562	0.00662	0.00768	0.01080
21	0.01296	0.03342	0.73944	0.01842	0.02797	0.01501	0.02387	0.02046	0.01364	0.02046	0.01160	0.01364	0.00818	0.00614	0.00614	0.00205	0.00955	0.00477	0.00273	0.00955
22	0.00803	0.00651	0.00713	0.00708	0.00900	0.00561	0.00527	0.01000	0.01552	0.01956	0.23333	0.09492	0.52395	0.01576	0.00766	0.00217	0.00324	0.01338	0.00628	0.00561
23	0.02899	0.01100	0.01499	0.01150	0.01649	0.00950	0.00950	0.03149	0.01849	0.73709	0.02549	0.02199	0.01599	0.00800	0.00650	0.00200	0.00550	0.00650	0.00800	0.01100
24	0.00796	0.00568	0.00760	0.00910	0.00951	0.00532	0.00615	0.00915	0.01246	0.01659	0.03557	0.74516	0.04255	0.02016	0.00827	0.00264	0.00382	0.04107	0.00600	0.00527
25	0.04450	0.01128	0.01231	0.01171	0.01462	0.01251	0.00929	0.02544	0.43414	0.02429	0.06222	0.05778	0.09940	0.01170	0.00713	0.00234	0.00495	0.13960	0.00630	0.00847
26	0.01394	0.01562	0.05304	0.02302	0.02840	0.01429	0.52394	0.01930	0.04666	0.02031	0.01781	0.12779	0.01617	0.00830	0.00768	0.00228	0.00934	0.04002	0.00391	0.00819
27	0.00837	0.00655	0.00758	0.00738	0.00919	0.00576	0.00551	0.01067	0.01638	0.02150	0.38429	0.07563	0.38817	0.01496	0.00765	0.00212	0.00318	0.01283	0.00654	0.00576
28	0.01606	0.56703	0.23297	0.01313	0.01980	0.02259	0.01467	0.01966	0.01327	0.01669	0.00972	0.01129	0.00826	0.00570	0.00471	0.00157	0.00765	0.00383	0.00275	0.00865
29	0.01934	0.01659	0.10762	0.01823	0.02345	0.01469	0.23086	0.04764	0.09159	0.23539	0.01751	0.01857	0.01240	0.00749	0.00874	0.00219	0.10657	0.00660	0.00502	0.00952
30	0.00958	0.00752	0.01059	0.05111	0.06653	0.00772	0.00830	0.01167	0.01316	0.01784	0.12684	0.23163	0.10293	0.08629	0.14615	0.00419	0.02334	0.06363	0.00506	0.00594
31	0.02807	0.01140	0.01505	0.01158	0.01648	0.01022	0.00955	0.08523	0.01928	0.65776	0.02455	0.02154	0.01561	0.00796	0.00643	0.00198	0.00554	0.00643	0.03450	0.01083
32	0.01932	0.01698	0.10317	0.01687	0.05727	0.05207	0.11250	0.16266	0.10084	0.16409	0.03464	0.05450	0.03206	0.00848	0.00680	0.00209	0.00729	0.03335	0.00552	0.00952
33	0.02053	0.01717	0.04918	0.12863	0.11117	0.06141	0.08529	0.28984	0.04151	0.10813	0.01520	0.01668	0.01097	0.00701	0.00653	0.00199	0.00792	0.00596	0.00505	0.00981
34	0.01582	0.05993	0.20607	0.02387	0.25085	0.06816	0.07024	0.09193	0.01593	0.02161	0.01433	0.07763	0.01265	0.03393	0.00735	0.00214	0.00822	0.00658	0.00367	0.00909
35	0.53286	0.04421	0.01328	0.01124	0.01490	0.21276	0.00900	0.02066	0.01298	0.02423	0.00924	0.01100	0.00748	0.00645	0.00543	0.00193	0.04767	0.00379	0.00371	0.00718
36	0.00969	0.00815	0.01353	0.09977	0.01724	0.00808	0.11233	0.01196	0.01299	0.01744	0.02896	0.52091	0.03287	0.01597	0.00787	0.00248	0.00545	0.04079	0.02746	0.00604
37	0.01108	0.03870	0.01372	0.04928	0.01496	0.00994	0.06743	0.01603	0.10398	0.02320	0.39746	0.04019	0.11469	0.01172	0.00793	0.00212	0.03763	0.02700	0.00600	0.00694
38	0.00805	0.00650	0.00718	0.00734	0.00919	0.00564	0.00550	0.00992	0.01505	0.01880	0.16699	0.13810	0.51167	0.01636	0.00777	0.00225	0.00343	0.04854	0.00618	0.00556
39	0.06987	0.01114	0.01413	0.01115	0.01566	0.01026	0.00911	0.09113	0.01878	0.54083	0.05684	0.04783	0.05571	0.00893	0.00652	0.00202	0.00534	0.00725	0.00742	0.01008
40	0.81856	0.01250	0.00950	0.00850	0.01250	0.01449	0.00700	0.01899	0.01100	0.02899	0.00900	0.01050	0.00700	0.00600	0.00400	0.00200	0.00500	0.00350	0.00400	0.00700
41	0.00923	0.00692	0.01038	0.01038	0.01154	0.00808	0.00808	0.01154	0.01038	0.01500	0.01731	0.02538	0.01615	0.04846	0.74732	0.01038	0.01731	0.00692	0.00346	0.00577
42	0.00923	0.00692	0.01038	0.01038	0.01154	0.00808	0.00808	0.01154	0.01038	0.01500	0.01731	0.02538	0.01615	0.04846	0.74732	0.01038	0.01731	0.00692	0.00346	0.00577
43	0.01564	0.00896	0.01220	0.01078	0.01352	0.00845	0.04534	0.01969	0.09326	0.22911	0.14670	0.24473	0.07218	0.01281	0.00726	0.00221	0.00462	0.01133	0.03337	0.00783
44	0.06236	0.01081	0.01439	0.01117	0.01593	0.00952	0.00919	0.02984	0.01815	0.66541	0.06508	0.02299	0.01818	0.00821	0.00645	0.00200	0.00534	0.00666	0.00777	0.01054
45	0.01903	0.01771	0.01432	0.01236	0.01558	0.28644	0.00948	0.03928	0.01585	0.10374	0.01517	0.03799	0.01262	0.04870	0.00807	0.00192	0.05687	0.00550	0.13340	0.14600
46	0.01321	0.07600	0.69903	0.01799	0.02731	0.01561	0.02314	0.02040	0.01361	0.02016	0.01145	0.01345	0.00819	0.00610	0.00602	0.00201	0.00940	0.00470	0.00273	0.00948
47	0.02334	0.02876	0.01786	0.01617	0.01949	0.66335	0.01217	0.06056	0.03574	0.01739	0.01165	0.04132	0.01006	0.00729	0.00597	0.00173	0.01096	0.00487	0.00367	0.00765
48	0.00855	0.00624	0.00727	0.00775	0.00857	0.00582	0.00518	0.00956	0.01224	0.01575	0.06016	0.25046	0.22144	0.29544	0.01715	0.00384	0.00464	0.04979	0.00527	0.00488
49	0.03786	0.01610	0.01709	0.16736	0.08956	0.18630	0.01301	0.09903	0.01551	0.01949	0.01302	0.01747	0.01097	0.01822	0.20793	0.00425	0.04997	0.00564	0.00362	0.00759

[dist]
# distance from previous block
# <min> <max>
0	1

[block]
# block no. 2 follows, 34 sequences, length 10
# corresponding to MSA columns:
# 157-166
name=unknown_C
#
# <colnr> <probs for GDERKNQSTAVLIFYWHMCP>
#	G	D	E	R	K	N	Q	S	T	A	V	L	I	F	Y	W	H	M	C	P
0	0.01651	0.64459	0.15936	0.01236	0.01861	0.02369	0.01334	0.01955	0.01322	0.01614	0.00945	0.01095	0.00827	0.00564	0.00450	0.00150	0.00738	0.00369	0.00276	0.00852
1	0.01645	0.06217	0.01415	0.01241	0.01488	0.32000	0.00956	0.03778	0.01621	0.01819	0.04556	0.15724	0.07393	0.01140	0.00664	0.00202	0.00752	0.09424	0.07289	0.00673
2	0.06495	0.01549	0.01809	0.04325	0.01979	0.01699	0.06273	0.41146	0.12921	0.03347	0.04992	0.02030	0.04279	0.00816	0.00646	0.00201	0.00657	0.00662	0.03201	0.00974
3	0.01108	0.00881	0.00933	0.00903	0.01066	0.04895	0.00647	0.01474	0.10253	0.04115	0.18421	0.13553	0.16174	0.17750	0.04664	0.00342	0.00533	0.01107	0.00566	0.00613
4	0.01504	0.39172	0.39936	0.01487	0.02248	0.02010	0.01770	0.01993	0.01339	0.01793	0.01034	0.01206	0.00824	0.00584	0.00518	0.00173	0.00828	0.00414	0.00275	0.00894
5	0.01494	0.01428	0.02432	0.23921	0.54130	0.01508	0.01931	0.01891	0.01421	0.01983	0.01197	0.01634	0.00978	0.00595	0.00641	0.00198	0.00794	0.00575	0.00311	0.00938
6	0.01806	0.01021	0.01242	0.00985	0.01403	0.00888	0.00784	0.05127	0.03925	0.24654	0.06274	0.06459	0.01811	0.00789	0.00579	0.00161	0.00468	0.00653	0.13129	0.27842
7	0.11841	0.01199	0.01318	0.01054	0.01490	0.04498	0.00845	0.06741	0.01535	0.16035	0.05517	0.01835	0.01431	0.01230	0.10697	0.00274	0.00705	0.00532	0.00495	0.30728
8	0.15571	0.01534	0.01754	0.01471	0.01722	0.10250	0.04340	0.02150	0.03985	0.16366	0.01305	0.01533	0.01020	0.00882	0.01232	0.00233	0.32871	0.00543	0.00429	0.00809
9	0.01499	0.01156	0.01913	0.39092	0.12033	0.01258	0.06394	0.01862	0.01430	0.13419	0.01936	0.07371	0.06217	0.00820	0.00675	0.00214	0.00744	0.00743	0.00421	0.00803

[dist]
# distance from previous block
# <min> <max>
0	1

[block]
# block no. 3 follows, 34 sequences, length 25
# corresponding to MSA columns:
# 168-191,196
name=unknown_D
#
# <colnr> <probs for GDERKNQSTAVLIFYWHMCP>
#	G	D	E	R	K	N	Q	S	T	A	V	L	I	F	Y	W	H	M	C	P
0	0.00780	0.00648	0.00681	0.00688	0.00886	0.00550	0.00510	0.00953	0.01489	0.01818	0.12540	0.11338	0.61628	0.01636	0.00768	0.00220	0.00329	0.01381	0.00610	0.00550
1	0.02776	0.01223	0.01567	0.01209	0.01706	0.01142	0.00996	0.13846	0.04913	0.59852	0.02396	0.02106	0.01536	0.00799	0.00650	0.00200	0.00574	0.00642	0.00770	0.01096
2	0.01554	0.47741	0.31804	0.01402	0.02117	0.02131	0.01622	0.01980	0.01334	0.01732	0.01004	0.01168	0.00825	0.00577	0.00495	0.00165	0.00797	0.00399	0.00275	0.00880
3	0.01599	0.01535	0.02623	0.03966	0.73262	0.01535	0.01983	0.01983	0.01471	0.02111	0.01215	0.01599	0.01023	0.00576	0.00640	0.00192	0.00768	0.00576	0.00320	0.01023
4	0.00777	0.00650	0.00676	0.00680	0.00883	0.00549	0.00506	0.00949	0.01489	0.01808	0.11660	0.09789	0.64106	0.01632	0.00767	0.00219	0.00328	0.01373	0.00609	0.00549
5	0.02253	0.01189	0.01626	0.01272	0.01710	0.04990	0.08293	0.02536	0.01763	0.44514	0.13562	0.05107	0.02273	0.00875	0.00673	0.00197	0.00592	0.00760	0.00681	0.05133
6	0.01519	0.09324	0.56415	0.01723	0.02573	0.01670	0.02093	0.13179	0.01630	0.02329	0.01201	0.01367	0.00865	0.00635	0.00602	0.00197	0.00893	0.00483	0.00333	0.00968
7	0.02107	0.02545	0.01634	0.01494	0.01793	0.56698	0.01118	0.04345	0.04231	0.01687	0.01541	0.04153	0.05052	0.04405	0.04227	0.00237	0.01060	0.00567	0.00380	0.00726
8	0.01163	0.00933	0.00892	0.00870	0.00965	0.09639	0.00593	0.01292	0.01174	0.01598	0.04422	0.03225	0.02034	0.37533	0.15955	0.00547	0.00831	0.00776	0.15039	0.00516
9	0.12585	0.01607	0.01635	0.01571	0.11762	0.12286	0.01084	0.11430	0.05509	0.04823	0.01284	0.01427	0.01009	0.00609	0.00545	0.00157	0.00661	0.00465	0.00433	0.29117
10	0.06480	0.02190	0.01801	0.01600	0.05785	0.32104	0.01196	0.23654	0.02074	0.04914	0.01241	0.01362	0.00958	0.00687	0.00625	0.00175	0.02728	0.00481	0.00453	0.09494
11	0.04797	0.01259	0.01566	0.01205	0.01706	0.01192	0.00992	0.16974	0.03891	0.51952	0.02230	0.01997	0.01449	0.00775	0.00634	0.00194	0.00577	0.00616	0.00732	0.05263
12	0.01112	0.00694	0.00831	0.00817	0.00970	0.00708	0.00620	0.04978	0.01488	0.02293	0.17741	0.10756	0.02933	0.01716	0.12767	0.00326	0.00575	0.03146	0.34911	0.00618
13	0.00876	0.00619	0.00773	0.00829	0.00894	0.00590	0.00562	0.01005	0.01285	0.01726	0.16185	0.31496	0.07766	0.25668	0.01594	0.00367	0.00455	0.06253	0.00554	0.00505
14	0.01351	0.00776	0.01002	0.00888	0.01126	0.00707	0.00686	0.01677	0.03854	0.17875	0.50398	0.04300	0.10333	0.01221	0.00735	0.00204	0.00366	0.01059	0.00720	0.00722
15	0.00898	0.00679	0.00832	0.00808	0.00975	0.00626	0.00606	0.01208	0.04045	0.02324	0.49187	0.09769	0.21201	0.01435	0.00766	0.00213	0.00328	0.02825	0.00674	0.00603
16	0.00860	0.00655	0.00790	0.00763	0.00934	0.00585	0.00570	0.01111	0.01690	0.02277	0.48457	0.07845	0.28209	0.01450	0.00765	0.00210	0.00315	0.01257	0.00670	0.00585
17	0.01774	0.64598	0.07900	0.01215	0.01771	0.10366	0.01206	0.02013	0.01373	0.01562	0.00927	0.01072	0.00829	0.00569	0.00446	0.00146	0.00760	0.00362	0.00282	0.00829
18	0.02323	0.02845	0.01925	0.01694	0.02056	0.62732	0.05053	0.06344	0.05715	0.01805	0.01135	0.01286	0.00917	0.00677	0.00600	0.00174	0.01101	0.00461	0.00367	0.00790
19	0.01429	0.01314	0.02113	0.27595	0.30614	0.01456	0.04111	0.01974	0.09096	0.02018	0.01407	0.01793	0.01115	0.00670	0.00697	0.00204	0.04009	0.00600	0.06917	0.00866
20	0.01616	0.03725	0.13308	0.06117	0.25451	0.05480	0.01599	0.11314	0.01622	0.04780	0.01583	0.12155	0.01445	0.00868	0.00756	0.00209	0.05938	0.00726	0.00409	0.00898
21	0.00964	0.00726	0.00901	0.00950	0.01090	0.00716	0.00718	0.01345	0.09170	0.02022	0.19016	0.26564	0.11706	0.05645	0.00931	0.00266	0.00429	0.15615	0.00619	0.00608
22	0.09171	0.01424	0.01501	0.04014	0.05345	0.04691	0.01065	0.14585	0.35053	0.02797	0.05404	0.02288	0.01800	0.00845	0.00629	0.00207	0.00581	0.02866	0.04807	0.00928
23	0.00955	0.00833	0.01053	0.01106	0.03483	0.03742	0.04027	0.01124	0.01348	0.01718	0.03951	0.40517	0.22729	0.01684	0.00861	0.00245	0.04471	0.05016	0.00550	0.00586
24	0.09168	0.09278	0.07304	0.04170	0.05180	0.17298	0.08955	0.05649	0.06550	0.03923	0.01206	0.01438	0.00966	0.00719	0.00827	0.00200	0.12765	0.00517	0.00372	0.03516

[dist]
# distance from previous block
# <min> <max>
0	1

[block]
# block no. 4 follows, 34 sequences, length 12
# corresponding to MSA columns:
# 198-209
name=unknown_E
#
# <colnr> <probs for GDERKNQSTAVLIFYWHMCP>
#	G	D	E	R	K	N	Q	S	T	A	V	L	I	F	Y	W	H	M	C	P
0	0.03402	0.00966	0.01487	0.01525	0.06492	0.01028	0.07789	0.01427	0.01394	0.01929	0.06278	0.15512	0.03010	0.01473	0.00994	0.00268	0.10550	0.33308	0.00510	0.00659
1	0.10243	0.18197	0.19599	0.07273	0.11216	0.09042	0.03499	0.05994	0.05470	0.02111	0.01176	0.01378	0.00924	0.00624	0.00560	0.00186	0.00806	0.00477	0.00344	0.00881
2	0.01762	0.01872	0.07564	0.11266	0.04147	0.16081	0.05850	0.16561	0.08505	0.02350	0.05394	0.01824	0.01367	0.01069	0.06228	0.00265	0.06001	0.00605	0.00437	0.00852
3	0.01765	0.01509	0.03827	0.03798	0.01756	0.09979	0.00999	0.14001	0.04945	0.09537	0.08970	0.01989	0.03448	0.00729	0.00592	0.00159	0.00617	0.00580	0.00509	0.30293
4	0.07807	0.01060	0.01344	0.01051	0.01511	0.00925	0.00854	0.02570	0.01668	0.48018	0.05347	0.04908	0.01730	0.00798	0.00607	0.00183	0.00507	0.00649	0.03677	0.14784
5	0.00780	0.00590	0.00721	0.00827	0.00918	0.00531	0.00567	0.00908	0.01307	0.01678	0.04450	0.55819	0.24752	0.01909	0.00807	0.00249	0.00361	0.01696	0.00600	0.00531
6	0.01387	0.01310	0.02214	0.18719	0.36330	0.01359	0.08189	0.01827	0.04155	0.02050	0.07370	0.02273	0.06508	0.00738	0.00667	0.00202	0.00729	0.00702	0.02404	0.00866
7	0.00872	0.00646	0.00816	0.00817	0.00961	0.00590	0.00607	0.01119	0.01650	0.02251	0.46209	0.17492	0.17445	0.01518	0.00779	0.00220	0.00334	0.04424	0.00667	0.00583
8	0.01844	0.01172	0.01444	0.01214	0.01487	0.01281	0.00957	0.24118	0.01800	0.15090	0.01756	0.05933	0.01485	0.07057	0.10832	0.11824	0.08696	0.00694	0.00524	0.00794
9	0.06617	0.01937	0.03100	0.02402	0.06523	0.14201	0.46032	0.07188	0.01660	0.02184	0.01243	0.01580	0.00949	0.00587	0.00695	0.00205	0.01022	0.00655	0.00355	0.00864
10	0.01197	0.00840	0.01005	0.00956	0.01100	0.02843	0.00714	0.08925	0.01319	0.01899	0.01828	0.05131	0.01711	0.13987	0.32648	0.06092	0.01046	0.00723	0.15441	0.00595
11	0.05389	0.01542	0.01612	0.04765	0.03816	0.11150	0.03663	0.23718	0.04601	0.05266	0.12815	0.02313	0.05710	0.00842	0.00636	0.00187	0.00657	0.00680	0.02857	0.07782

[dist]
# distance from previous block
# <min> <max>
0	3

[block]
# block no. 5 follows, 34 sequences, length 6
# corresponding to MSA columns:
# 218-223
name=unknown_F
#
# <colnr> <probs for GDERKNQSTAVLIFYWHMCP>
#	G	D	E	R	K	N	Q	S	T	A	V	L	I	F	Y	W	H	M	C	P
0	0.06636	0.44537	0.12353	0.01227	0.01794	0.02084	0.01231	0.11126	0.01557	0.07024	0.01181	0.01361	0.00971	0.03739	0.00605	0.00182	0.00705	0.00440	0.00373	0.00875
1	0.62223	0.01417	0.01140	0.00987	0.01399	0.07346	0.00803	0.06409	0.01358	0.10272	0.01121	0.01211	0.00829	0.00637	0.00456	0.00197	0.00572	0.00401	0.00452	0.00770
2	0.01490	0.01413	0.02111	0.33589	0.29745	0.05116	0.01709	0.05357	0.05460	0.02045	0.04748	0.01829	0.01249	0.00673	0.00647	0.00203	0.00787	0.00605	0.00361	0.00865
3	0.01076	0.00592	0.00887	0.00887	0.00914	0.00618	0.00618	0.00914	0.00887	0.01210	0.01264	0.02097	0.01237	0.02848	0.19285	0.62595	0.00833	0.00592	0.00296	0.00349
4	0.04131	0.01541	0.05305	0.14449	0.28056	0.01561	0.01588	0.17468	0.07484	0.07517	0.01539	0.01857	0.01191	0.00710	0.00644	0.00203	0.00730	0.02601	0.00456	0.00970
5	0.01408	0.01307	0.01980	0.07297	0.23880	0.02835	0.08970	0.04135	0.03017	0.02063	0.03466	0.04898	0.04824	0.03468	0.04057	0.00230	0.00731	0.00669	0.00391	0.20375

[dist]
# distance from previous block
# <min> <max>
9	15

[block]
# block no. 6 follows, 34 sequences, length 11
# corresponding to MSA columns:
# 239-249
name=unknown_G
#
# <colnr> <probs for GDERKNQSTAVLIFYWHMCP>
#	G	D	E	R	K	N	Q	S	T	A	V	L	I	F	Y	W	H	M	C	P
0	0.01113	0.00858	0.01200	0.04602	0.01442	0.00847	0.06902	0.01526	0.11057	0.06135	0.03522	0.37054	0.15212	0.04346	0.00859	0.00253	0.00491	0.01344	0.00573	0.00666
1	0.09857	0.26946	0.22489	0.04969	0.02205	0.14570	0.04253	0.04461	0.01463	0.01934	0.01039	0.01230	0.00830	0.00606	0.00531	0.00177	0.00852	0.00431	0.00313	0.00843
2	0.05258	0.00995	0.01225	0.01027	0.01394	0.00939	0.00818	0.02474	0.11433	0.37736	0.11769	0.06100	0.10657	0.01014	0.00667	0.00206	0.00468	0.00845	0.04073	0.00902
3	0.01364	0.00801	0.01074	0.00965	0.01205	0.00758	0.04499	0.01705	0.03941	0.13551	0.20892	0.07097	0.07377	0.01127	0.00672	0.00204	0.00429	0.08631	0.23004	0.00703
4	0.01821	0.01295	0.05725	0.01217	0.01596	0.01238	0.01026	0.23574	0.04858	0.16764	0.02390	0.09500	0.07226	0.01829	0.16454	0.00385	0.00840	0.00800	0.00583	0.00878
5	0.01889	0.01491	0.03232	0.01365	0.01741	0.04648	0.03977	0.30529	0.12763	0.07390	0.01967	0.09539	0.01665	0.05313	0.05220	0.00280	0.02947	0.00760	0.02374	0.00910
6	0.01007	0.00623	0.00829	0.00923	0.01006	0.00579	0.00637	0.01132	0.01288	0.08547	0.03376	0.63394	0.03894	0.05993	0.00944	0.00277	0.00413	0.03954	0.00607	0.00575
7	0.00816	0.00584	0.00781	0.00915	0.00970	0.00548	0.00634	0.00958	0.01302	0.01744	0.08946	0.65994	0.04373	0.01951	0.00825	0.00260	0.00386	0.06867	0.00608	0.00537
8	0.01545	0.02052	0.16805	0.10179	0.20074	0.08592	0.22352	0.02016	0.01450	0.01951	0.01180	0.01554	0.00924	0.00627	0.00764	0.00208	0.05936	0.00596	0.00308	0.00886
9	0.09429	0.01832	0.10724	0.21489	0.10596	0.14299	0.05478	0.02108	0.01467	0.10557	0.01330	0.03236	0.01025	0.00691	0.00662	0.00203	0.03100	0.00561	0.00379	0.00835
10	0.21953	0.01950	0.17641	0.09732	0.02419	0.06990	0.11505	0.08704	0.01536	0.07943	0.01240	0.01449	0.00906	0.00651	0.00628	0.00204	0.02779	0.00518	0.00396	0.00856

[dist]
# distance from previous block
# <min> <max>
0	1

[block]
# block no. 7 follows, 34 sequences, length 31
# corresponding to MSA columns:
# 251-281
name=unknown_H
#
# <colnr> <probs for GDERKNQSTAVLIFYWHMCP>
#	G	D	E	R	K	N	Q	S	T	A	V	L	I	F	Y	W	H	M	C	P
0	0.01215	0.06749	0.06243	0.01286	0.01556	0.01065	0.07025	0.01509	0.01282	0.05735	0.02093	0.03616	0.02041	0.06831	0.27900	0.00556	0.03037	0.19158	0.00428	0.00673
1	0.01519	0.07817	0.04704	0.27891	0.34268	0.03679	0.01761	0.04852	0.01468	0.01981	0.01198	0.01596	0.00961	0.00615	0.00615	0.00194	0.00795	0.00549	0.02651	0.00884
2	0.03332	0.21737	0.17276	0.01712	0.04201	0.13058	0.11699	0.05289	0.03749	0.01948	0.01286	0.01739	0.01093	0.00710	0.00662	0.00193	0.04116	0.05004	0.00346	0.00850
3	0.00801	0.00581	0.00757	0.00872	0.00936	0.00537	0.00594	0.00941	0.01325	0.01771	0.12227	0.63269	0.09176	0.01912	0.00813	0.00252	0.00363	0.01723	0.00613	0.00537
4	0.01023	0.00860	0.00970	0.00907	0.01077	0.04832	0.00690	0.01333	0.03855	0.02310	0.49796	0.04508	0.15984	0.01424	0.03189	0.00235	0.04653	0.01096	0.00635	0.00624
5	0.01727	0.77681	0.03386	0.01106	0.01658	0.02557	0.01106	0.01935	0.01313	0.01520	0.00898	0.01036	0.00829	0.00553	0.00415	0.00138	0.00691	0.00345	0.00276	0.00829
6	0.00939	0.00630	0.00723	0.00723	0.00730	0.00637	0.00415	0.00952	0.00945	0.01267	0.02019	0.04134	0.02308	0.73236	0.07289	0.00649	0.00688	0.00926	0.00389	0.00402
7	0.01727	0.77681	0.03386	0.01106	0.01658	0.02557	0.01106	0.01935	0.01313	0.01520	0.00898	0.01036	0.00829	0.00553	0.00415	0.00138	0.00691	0.00345	0.00276	0.00829
8	0.02414	0.03079	0.01831	0.01665	0.01998	0.74698	0.01248	0.02580	0.01831	0.01581	0.00999	0.01165	0.00832	0.00666	0.00583	0.00166	0.01165	0.00416	0.00333	0.00749
9	0.01291	0.01233	0.01744	0.01532	0.01560	0.01686	0.01262	0.01455	0.01002	0.01541	0.01069	0.01695	0.01040	0.02061	0.20304	0.00472	0.57483	0.00597	0.00299	0.00674
10	0.00787	0.00562	0.00750	0.00900	0.00937	0.00525	0.00600	0.00900	0.01237	0.01649	0.03561	0.76871	0.04274	0.02024	0.00825	0.00262	0.00375	0.01837	0.00600	0.00525
11	0.01727	0.77681	0.03386	0.01106	0.01658	0.02557	0.01106	0.01935	0.01313	0.01520	0.00898	0.01036	0.00829	0.00553	0.00415	0.00138	0.00691	0.00345	0.00276	0.00829
12	0.02098	0.31308	0.02366	0.01404	0.01812	0.43908	0.01158	0.02286	0.01612	0.01596	0.01011	0.01173	0.00869	0.00627	0.00513	0.00155	0.00946	0.00398	0.03989	0.00773
13	0.01071	0.00902	0.01070	0.00931	0.01233	0.00817	0.03021	0.01521	0.11583	0.02052	0.12459	0.09976	0.26560	0.04669	0.00803	0.00211	0.00429	0.01023	0.00554	0.19116
14	0.01964	0.06321	0.15216	0.05244	0.02267	0.01818	0.05341	0.34684	0.09746	0.05222	0.01523	0.01613	0.01112	0.00742	0.00702	0.00202	0.04196	0.00576	0.00511	0.01000
15	0.01561	0.01703	0.05004	0.01768	0.07358	0.20529	0.14666	0.01827	0.01493	0.05049	0.02030	0.27429	0.02095	0.01122	0.00759	0.00218	0.03205	0.01003	0.00440	0.00740
16	0.01813	0.68517	0.03201	0.01166	0.01700	0.08047	0.01122	0.05139	0.01431	0.01641	0.00936	0.01070	0.00842	0.00572	0.00438	0.00143	0.00728	0.00362	0.00298	0.00835
17	0.01122	0.00561	0.00842	0.00842	0.00842	0.00561	0.00561	0.00842	0.00842	0.01122	0.01122	0.01964	0.01122	0.02245	0.02525	0.81201	0.00561	0.00561	0.00281	0.00281
18	0.01535	0.05622	0.01982	0.12475	0.05366	0.01555	0.10132	0.08434	0.27922	0.02360	0.02065	0.02716	0.01727	0.00897	0.00721	0.00223	0.02415	0.10460	0.00507	0.00886
19	0.02414	0.03079	0.01831	0.01665	0.01998	0.74698	0.01248	0.02580	0.01831	0.01581	0.00999	0.01165	0.00832	0.00666	0.00583	0.00166	0.01165	0.00416	0.00333	0.00749
20	0.01290	0.09909	0.09250	0.03142	0.05003	0.03326	0.12240	0.01663	0.03428	0.01951	0.07644	0.19272	0.02165	0.00984	0.00687	0.00196	0.02238	0.00884	0.02415	0.12311
21	0.10028	0.01852	0.16362	0.01644	0.07660	0.11233	0.05321	0.01814	0.03326	0.01893	0.03349	0.03541	0.01359	0.12617	0.04425	0.00312	0.11535	0.00627	0.00354	0.00747
22	0.00876	0.00614	0.00789	0.00878	0.00976	0.00567	0.00620	0.01029	0.01348	0.04028	0.09708	0.51794	0.15292	0.01942	0.03100	0.00274	0.00419	0.04580	0.00607	0.00558
23	0.02296	0.03052	0.09543	0.01676	0.02083	0.63681	0.01369	0.05534	0.01834	0.01740	0.01040	0.01203	0.00843	0.00665	0.00589	0.00172	0.01123	0.00430	0.00340	0.00786
24	0.05955	0.06643	0.18114	0.06733	0.23886	0.01441	0.09800	0.01884	0.01363	0.04068	0.01335	0.01832	0.01115	0.08591	0.00889	0.00240	0.00791	0.00590	0.03871	0.00859
25	0.05002	0.17160	0.12246	0.01224	0.01674	0.04547	0.04270	0.05083	0.05279	0.06614	0.08443	0.11308	0.10179	0.00978	0.00626	0.00195	0.00622	0.00807	0.00474	0.03269
26	0.00781	0.00625	0.00700	0.00745	0.00900	0.00543	0.00534	0.00938	0.01419	0.01771	0.10004	0.29232	0.46053	0.01742	0.00784	0.00232	0.00341	0.01505	0.00607	0.00543
27	0.01812	0.22929	0.14592	0.04232	0.18949	0.07657	0.05693	0.05304	0.01549	0.09620	0.01263	0.01444	0.00978	0.00616	0.00578	0.00180	0.00806	0.00502	0.00367	0.00930
28	0.01705	0.13058	0.19552	0.05208	0.10458	0.01695	0.15887	0.11459	0.03213	0.07363	0.01359	0.01577	0.01020	0.00748	0.02713	0.00219	0.00869	0.00570	0.00389	0.00938
29	0.01246	0.00844	0.03328	0.00910	0.01151	0.00718	0.00708	0.01537	0.06020	0.15037	0.06829	0.26826	0.27397	0.03376	0.00812	0.00238	0.00422	0.01291	0.00629	0.00684
30	0.01147	0.01003	0.01188	0.01135	0.01327	0.08617	0.06218	0.01369	0.01480	0.03901	0.12705	0.24085	0.13014	0.04023	0.03627	0.00280	0.00601	0.13110	0.00554	0.00616

[dist]
# distance from previous block
# <min> <max>
0	22

# created by:
# /home/cegg/simao/soft/augustus-3.2.1/scripts/msa2prfl.pl ./align_prep/EOG090W0CBA.fa
